waveform-noise,Tuned_CWT,test,0,NANOSECONDS,PREDICTIONS, Generated by ClassifierExperiments.java on 2022-05-16 02:09:31.    SYSTEMPROPERTIES:{user.name:matth,os.arch:amd64,os.name:Windows 10},ENDSYSTEMPROPERTIES
No parameter info
0.8031968031968032,1688813600,1308470400,-1,66542840,3,,-1,-1
0,0,,0.496015,0.454972,0.049013,,2676600,,
0,0,,0.524839,0.412877,0.062284,,1995700,,
0,1,,0.451103,0.523172,0.025726,,1341700,,
0,1,,0.397773,0.542442,0.059785,,1342600,,
0,0,,0.684436,0.078546,0.237018,,1345700,,
0,2,,0.382792,0.03203,0.585178,,1344900,,
0,0,,0.528532,0.297111,0.174357,,1328100,,
0,0,,0.518303,0.400117,0.08158,,1339000,,
0,0,,0.566932,0.400624,0.032444,,1330900,,
0,0,,0.619615,0.176582,0.203803,,1321300,,
0,0,,0.421693,0.214545,0.363763,,1323300,,
0,0,,0.491134,0.036397,0.47247,,1340700,,
0,0,,0.454768,0.329551,0.215682,,1346600,,
0,1,,0.413279,0.550593,0.036128,,1299000,,
0,2,,0.45558,0.019957,0.524463,,1302700,,
0,1,,0.411441,0.576701,0.011858,,1295800,,
0,1,,0.411448,0.571574,0.016978,,1299700,,
0,2,,0.377934,0.122331,0.499735,,1297000,,
0,0,,0.440276,0.123916,0.435809,,1294900,,
0,0,,0.592657,0.306164,0.101179,,1291800,,
0,0,,0.475006,0.2101,0.314894,,1297200,,
0,2,,0.482489,0.017209,0.500302,,1295400,,
0,2,,0.223878,0.342348,0.433774,,1296200,,
0,0,,0.519169,0.05631,0.42452,,1321200,,
0,1,,0.310588,0.551909,0.137504,,1297300,,
0,0,,0.580285,0.266206,0.153509,,1288900,,
0,2,,0.365436,0.039848,0.594715,,1290900,,
0,1,,0.445656,0.49782,0.056524,,1290000,,
0,1,,0.37369,0.580273,0.046037,,1287200,,
0,1,,0.41446,0.572718,0.012822,,1294600,,
0,1,,0.427094,0.512408,0.060498,,1288800,,
0,0,,0.556746,0.274117,0.169137,,1288200,,
0,0,,0.638726,0.064307,0.296967,,1287000,,
0,0,,0.576227,0.114506,0.309266,,1294400,,
0,0,,0.522717,0.451666,0.025617,,1304600,,
0,2,,0.244727,0.040648,0.714625,,1297900,,
0,0,,0.439464,0.129108,0.431428,,1288600,,
0,2,,0.396621,0.028038,0.575341,,1290200,,
0,2,,0.397588,0.076613,0.525799,,1290500,,
0,0,,0.549247,0.363931,0.086822,,1290700,,
0,1,,0.381965,0.485734,0.132301,,1289400,,
0,0,,0.478352,0.084856,0.436792,,1291700,,
0,1,,0.419424,0.570927,0.009649,,1287500,,
0,0,,0.491885,0.212411,0.295704,,1291200,,
0,0,,0.497356,0.466159,0.036485,,1295100,,
0,1,,0.297575,0.673221,0.029204,,1293500,,
0,1,,0.410189,0.532359,0.057452,,1304900,,
0,2,,0.35896,0.061474,0.579566,,1292200,,
0,0,,0.592382,0.340252,0.067366,,1302200,,
0,0,,0.546662,0.41079,0.042548,,1288800,,
0,2,,0.384548,0.153383,0.46207,,1295400,,
0,2,,0.393271,0.051234,0.555495,,1286400,,
0,0,,0.49445,0.419574,0.085976,,1288500,,
0,2,,0.460255,0.011712,0.528033,,1288600,,
0,0,,0.526566,0.339319,0.134116,,1290400,,
0,0,,0.505436,0.269956,0.224608,,1287200,,
0,1,,0.45233,0.502586,0.045085,,1287400,,
0,1,,0.445476,0.466691,0.087833,,1312700,,
0,0,,0.679826,0.231975,0.088199,,1285800,,
0,1,,0.383057,0.529105,0.087838,,1298400,,
0,0,,0.528531,0.462942,0.008527,,1291700,,
0,2,,0.482657,0.03284,0.484503,,1291000,,
0,0,,0.688499,0.209399,0.102101,,1290500,,
0,0,,0.408433,0.406392,0.185175,,1293400,,
0,1,,0.335572,0.501,0.163428,,1297400,,
0,0,,0.50965,0.249713,0.240636,,1290900,,
0,0,,0.543052,0.368462,0.088485,,1294600,,
0,2,,0.195572,0.047198,0.757229,,1293800,,
0,0,,0.501886,0.479486,0.018628,,1291900,,
0,2,,0.345081,0.056383,0.598536,,1318200,,
0,1,,0.358825,0.556287,0.084887,,1289700,,
0,0,,0.548135,0.321486,0.130379,,1290600,,
0,1,,0.372287,0.599201,0.028512,,1290500,,
0,0,,0.566884,0.320383,0.112733,,1296100,,
0,1,,0.430434,0.542533,0.027033,,1288800,,
0,0,,0.52749,0.433555,0.038955,,1290600,,
0,2,,0.336449,0.050837,0.612713,,1289800,,
0,1,,0.367981,0.591873,0.040146,,1286500,,
0,0,,0.549567,0.192106,0.258327,,1290800,,
0,1,,0.470524,0.517619,0.011858,,1289400,,
0,0,,0.601846,0.291401,0.106753,,1289100,,
0,2,,0.361817,0.068767,0.569415,,1313800,,
0,0,,0.603825,0.198851,0.197323,,1288700,,
0,0,,0.375399,0.373881,0.250721,,1288400,,
0,0,,0.583309,0.159069,0.257622,,1290700,,
0,1,,0.369035,0.505075,0.12589,,1289600,,
0,0,,0.629388,0.249711,0.120901,,1288100,,
0,1,,0.412361,0.560608,0.027032,,1286900,,
0,0,,0.601972,0.354253,0.043775,,1295400,,
0,1,,0.365778,0.494257,0.139965,,1291600,,
0,2,,0.33795,0.138403,0.523647,,1293300,,
0,0,,0.744448,0.124839,0.130713,,1289000,,
0,0,,0.577334,0.349259,0.073406,,1310700,,
0,0,,0.595886,0.381061,0.023052,,1285700,,
0,1,,0.479622,0.48823,0.032149,,1292500,,
0,2,,0.381493,0.036861,0.581646,,1291700,,
0,1,,0.407756,0.530333,0.061911,,1293500,,
0,0,,0.545177,0.440522,0.014301,,1297400,,
0,1,,0.46293,0.510685,0.026386,,1293600,,
0,0,,0.519348,0.238209,0.242443,,1289400,,
0,1,,0.266972,0.693364,0.039664,,1294900,,
0,0,,0.615057,0.235573,0.14937,,1290900,,
0,1,,0.364843,0.621615,0.013543,,1290700,,
0,0,,0.487969,0.368414,0.143617,,1296400,,
0,0,,0.499967,0.477654,0.022379,,1315700,,
0,0,,0.605945,0.297044,0.097011,,1291300,,
0,2,,0.388976,0.155203,0.455821,,1291000,,
0,1,,0.279165,0.636045,0.08479,,1295600,,
0,2,,0.330408,0.153474,0.516118,,1298700,,
0,0,,0.681887,0.138016,0.180097,,1295000,,
0,1,,0.401291,0.568557,0.030151,,1291000,,
0,0,,0.51035,0.359371,0.130279,,1294100,,
0,0,,0.4821,0.099182,0.418718,,1294500,,
0,1,,0.384823,0.546743,0.068434,,1286700,,
0,0,,0.470577,0.104961,0.424461,,1303800,,
0,0,,0.69571,0.248684,0.055606,,1329500,,
0,0,,0.460501,0.404778,0.13472,,1301200,,
0,2,,0.372796,0.015202,0.612002,,1297500,,
0,0,,0.537612,0.420588,0.041801,,1301400,,
0,1,,0.427413,0.530606,0.041981,,1290000,,
0,2,,0.400626,0.083536,0.515838,,1290000,,
0,2,,0.426049,0.061632,0.512319,,1290200,,
0,2,,0.446729,0.097773,0.455498,,1292100,,
0,1,,0.394881,0.577731,0.027388,,1289400,,
0,0,,0.492055,0.076356,0.431588,,1291200,,
0,2,,0.409313,0.16922,0.421467,,1295300,,
0,0,,0.510551,0.17043,0.319019,,1290400,,
0,0,,0.662552,0.185707,0.151741,,1319700,,
0,0,,0.547415,0.375869,0.076716,,1290700,,
0,0,,0.494524,0.17902,0.326455,,1289100,,
0,0,,0.529682,0.456256,0.014063,,1288800,,
0,0,,0.49866,0.492655,0.008685,,1293100,,
0,0,,0.504483,0.445549,0.049968,,1297000,,
0,0,,0.473939,0.106949,0.419112,,1305800,,
0,1,,0.440028,0.520962,0.03901,,1303900,,
0,2,,0.41899,0.087756,0.493253,,1305800,,
0,0,,0.494784,0.02171,0.483506,,1293900,,
0,1,,0.440329,0.480357,0.079314,,1299000,,
0,0,,0.537122,0.059102,0.403776,,1309700,,
0,0,,0.463321,0.438541,0.098138,,1291800,,
0,0,,0.614182,0.232061,0.153757,,1291600,,
0,0,,0.571563,0.066236,0.362202,,1289100,,
0,2,,0.430773,0.019548,0.549679,,1290800,,
0,1,,0.340523,0.632935,0.026543,,1292000,,
0,0,,0.465763,0.286839,0.247398,,1290300,,
0,0,,0.59751,0.080221,0.322269,,1293200,,
0,0,,0.580383,0.252367,0.16725,,1302700,,
0,0,,0.456157,0.325012,0.218831,,1300800,,
0,0,,0.484764,0.086515,0.428721,,1302300,,
0,0,,0.566699,0.375903,0.057398,,1298900,,
0,0,,0.46577,0.137496,0.396734,,1292800,,
0,0,,0.500176,0.44711,0.052714,,1292100,,
0,0,,0.643417,0.067381,0.289202,,1304600,,
0,0,,0.381534,0.338524,0.279943,,1305400,,
0,0,,0.463835,0.259555,0.27661,,1307200,,
0,2,,0.473624,0.046209,0.480167,,1296500,,
0,0,,0.551093,0.210937,0.237971,,1291600,,
0,0,,0.481316,0.437442,0.081242,,1293600,,
0,0,,0.545254,0.401261,0.053485,,1304800,,
0,0,,0.511567,0.41243,0.076003,,1298200,,
0,1,,0.349003,0.602027,0.048971,,1293600,,
0,0,,0.593526,0.121141,0.285333,,1296600,,
0,0,,0.522755,0.28827,0.188975,,1325600,,
0,0,,0.472173,0.111832,0.415996,,1290600,,
0,0,,0.442042,0.395021,0.162937,,1293400,,
0,1,,0.371992,0.427431,0.200577,,1293800,,
0,0,,0.510652,0.453207,0.036141,,1300300,,
0,2,,0.375478,0.068155,0.556367,,1294300,,
0,0,,0.416352,0.409756,0.173892,,1303500,,
0,1,,0.392019,0.548198,0.059783,,1309900,,
0,0,,0.460363,0.359372,0.180265,,1287900,,
0,0,,0.604021,0.233045,0.162934,,1315800,,
0,2,,0.280714,0.19553,0.523756,,1307300,,
0,1,,0.383594,0.58312,0.033287,,1325600,,
0,0,,0.47989,0.20537,0.314739,,1304800,,
0,0,,0.499074,0.460232,0.040694,,1296900,,
0,2,,0.32795,0.123771,0.548279,,1315500,,
0,1,,0.461053,0.524185,0.014762,,1304600,,
0,0,,0.492538,0.175076,0.332386,,1305800,,
0,0,,0.397661,0.341901,0.260438,,1303200,,
0,1,,0.440206,0.519117,0.040677,,1300000,,
0,2,,0.321257,0.054504,0.624238,,1295900,,
0,0,,0.460195,0.420491,0.119314,,1297500,,
0,0,,0.604661,0.169331,0.226008,,1295900,,
0,2,,0.36699,0.116481,0.516529,,1290500,,
0,1,,0.372337,0.615085,0.012578,,1314300,,
0,0,,0.429449,0.179265,0.391286,,1302300,,
0,0,,0.432149,0.270478,0.297373,,1300400,,
0,0,,0.499731,0.443421,0.056847,,1305500,,
0,0,,0.492929,0.445691,0.061381,,1301400,,
0,0,,0.507373,0.02816,0.464467,,1298400,,
0,1,,0.25168,0.721665,0.026655,,1306300,,
0,1,,0.398537,0.524523,0.07694,,1314200,,
0,2,,0.379385,0.034417,0.586198,,1296500,,
0,1,,0.414848,0.526795,0.058356,,1303300,,
0,1,,0.30403,0.390639,0.30533,,1305200,,
0,1,,0.399031,0.584307,0.016662,,1322100,,
0,2,,0.366907,0.023104,0.609989,,1303500,,
0,0,,0.631969,0.340487,0.027544,,1308700,,
0,2,,0.345369,0.076914,0.577717,,1292000,,
0,2,,0.400618,0.059838,0.539544,,1302600,,
0,0,,0.473792,0.090693,0.435516,,1305300,,
0,1,,0.478383,0.507602,0.014015,,1303800,,
0,1,,0.451954,0.53595,0.012096,,1290700,,
0,1,,0.427792,0.553962,0.018246,,1289000,,
0,0,,0.60801,0.105454,0.286536,,1303900,,
0,0,,0.436421,0.36335,0.200229,,1306600,,
0,0,,0.42912,0.394757,0.176123,,1297000,,
0,2,,0.425028,0.036726,0.538246,,1322400,,
0,2,,0.330928,0.089256,0.579816,,1303900,,
0,0,,0.644987,0.271204,0.083809,,1292200,,
0,1,,0.459337,0.481209,0.059455,,1293500,,
0,0,,0.547932,0.199088,0.25298,,1290000,,
0,1,,0.409609,0.524787,0.065604,,1289800,,
0,0,,0.623813,0.095366,0.280822,,1300200,,
0,2,,0.447753,0.101808,0.450439,,1292800,,
0,1,,0.425679,0.547874,0.026447,,1303000,,
0,0,,0.63244,0.143247,0.224313,,1310400,,
0,0,,0.51948,0.283483,0.197036,,1293200,,
0,1,,0.468129,0.506303,0.025567,,1301100,,
0,2,,0.288935,0.041545,0.66952,,1304500,,
0,1,,0.448288,0.52469,0.027022,,1303700,,
0,0,,0.510302,0.470806,0.018892,,1299500,,
0,0,,0.465328,0.305826,0.228846,,1301600,,
0,0,,0.628327,0.173792,0.19788,,1289500,,
0,0,,0.456521,0.196324,0.347155,,1297400,,
0,0,,0.590377,0.135106,0.274517,,1290100,,
0,1,,0.395254,0.498202,0.106543,,1306900,,
0,1,,0.430244,0.557177,0.012578,,1302900,,
0,1,,0.448661,0.520329,0.03101,,1299000,,
0,0,,0.614172,0.048482,0.337346,,1297900,,
0,0,,0.51307,0.054069,0.432861,,1323400,,
0,2,,0.437874,0.088034,0.474092,,1302300,,
0,0,,0.504626,0.464414,0.03096,,1300400,,
0,0,,0.499779,0.389581,0.11064,,1301800,,
0,0,,0.500021,0.469492,0.030488,,1304000,,
0,0,,0.38234,0.27925,0.33841,,1309400,,
0,0,,0.596901,0.178254,0.224845,,1296000,,
0,0,,0.546796,0.360356,0.092849,,1303900,,
0,1,,0.405275,0.582385,0.01234,,1298500,,
0,0,,0.567552,0.184265,0.248183,,1322000,,
0,2,,0.315231,0.048173,0.636595,,1325600,,
0,2,,0.307637,0.143608,0.548756,,1312700,,
0,1,,0.299343,0.589398,0.111259,,1318100,,
0,0,,0.661775,0.277356,0.060869,,1320500,,
0,0,,0.493341,0.287845,0.218814,,1312200,,
0,2,,0.358078,0.046436,0.595486,,1316100,,
0,0,,0.442992,0.35346,0.203548,,1313500,,
0,0,,0.437716,0.359996,0.202288,,1303900,,
0,0,,0.729981,0.104443,0.165576,,1303100,,
0,1,,0.468259,0.501408,0.030333,,1300900,,
0,1,,0.466423,0.521238,0.012339,,1307600,,
0,0,,0.539432,0.092169,0.368399,,1302500,,
0,0,,0.46631,0.155412,0.378278,,1302100,,
0,0,,0.543776,0.305519,0.150706,,1329900,,
0,2,,0.398503,0.073059,0.528438,,1301400,,
0,1,,0.473033,0.475949,0.051018,,1300800,,
0,0,,0.507429,0.45217,0.040401,,1305000,,
0,0,,0.56055,0.120425,0.319025,,1296700,,
0,0,,0.492405,0.470051,0.037545,,1297400,,
0,0,,0.61233,0.305085,0.082585,,1300800,,
0,0,,0.453756,0.253468,0.292776,,1296200,,
0,2,,0.387648,0.033199,0.579153,,1301900,,
0,1,,0.422114,0.519068,0.058818,,1299400,,
0,1,,0.373468,0.608454,0.018079,,1301800,,
0,0,,0.55665,0.432758,0.010591,,1312800,,
0,1,,0.467984,0.484535,0.047481,,1315000,,
0,1,,0.364011,0.622845,0.013144,,1304600,,
0,2,,0.450667,0.070452,0.478881,,1295700,,
0,0,,0.554884,0.123228,0.321888,,1292300,,
0,2,,0.352121,0.172959,0.474921,,1294600,,
0,0,,0.536412,0.10887,0.354718,,1304300,,
0,2,,0.362114,0.060353,0.577533,,1303400,,
0,2,,0.402349,0.042074,0.555577,,1306800,,
0,0,,0.468218,0.427239,0.104543,,1308400,,
0,0,,0.349353,0.331157,0.319491,,1306500,,
0,0,,0.533052,0.134723,0.332225,,1300900,,
0,2,,0.46477,0.025202,0.510028,,1304500,,
0,2,,0.410412,0.051274,0.538314,,1305700,,
0,2,,0.336347,0.09507,0.568583,,1292300,,
0,0,,0.506269,0.279526,0.214205,,1297000,,
0,1,,0.369215,0.563379,0.067406,,1297600,,
0,2,,0.360768,0.056982,0.58225,,1290500,,
0,2,,0.377265,0.101798,0.520937,,1292900,,
0,1,,0.365282,0.61671,0.018008,,1299200,,
0,0,,0.498088,0.086562,0.41535,,1293600,,
0,1,,0.439022,0.485025,0.075954,,1300600,,
0,1,,0.451388,0.538972,0.00964,,1307500,,
0,1,,0.481269,0.509803,0.008928,,1320300,,
0,0,,0.362506,0.288069,0.349425,,1310100,,
0,0,,0.549252,0.08026,0.370488,,1295300,,
0,0,,0.572686,0.39297,0.034344,,1296300,,
0,2,,0.36374,0.077084,0.559176,,1300400,,
0,0,,0.61501,0.144934,0.240056,,1296800,,
0,2,,0.336574,0.245052,0.418374,,1303800,,
0,0,,0.525099,0.011553,0.463349,,1309000,,
0,2,,0.371658,0.013146,0.615195,,1293200,,
0,2,,0.45105,0.020708,0.528243,,1292000,,
0,2,,0.342277,0.012214,0.645509,,1289600,,
0,1,,0.442501,0.549052,0.008447,,1290700,,
0,0,,0.458136,0.132234,0.409629,,1315100,,
0,2,,0.459585,0.049942,0.490473,,1299000,,
0,0,,0.520462,0.034885,0.444653,,1294500,,
0,2,,0.464276,0.031409,0.504315,,1297300,,
0,1,,0.387223,0.553006,0.059771,,1304800,,
0,0,,0.538409,0.085871,0.37572,,1300000,,
0,0,,0.496435,0.04572,0.457845,,1298700,,
0,0,,0.620729,0.252678,0.126593,,1308200,,
0,0,,0.5337,0.348329,0.11797,,1302300,,
0,0,,0.510381,0.212397,0.277222,,1295800,,
0,0,,0.502224,0.353837,0.143939,,1312700,,
0,0,,0.494534,0.124401,0.381065,,1311400,,
0,0,,0.515892,0.062734,0.421374,,1295700,,
0,0,,0.551922,0.432597,0.015481,,1290400,,
0,1,,0.387087,0.584318,0.028595,,1295300,,
0,0,,0.512501,0.475192,0.012306,,1297500,,
0,0,,0.473167,0.40609,0.120743,,1297300,,
0,0,,0.594516,0.216004,0.18948,,1299700,,
0,0,,0.519103,0.460907,0.01999,,1300500,,
0,1,,0.430128,0.561188,0.008685,,1296100,,
0,2,,0.374654,0.117179,0.508168,,1307200,,
0,0,,0.554847,0.328761,0.116392,,1299200,,
0,0,,0.649397,0.277856,0.072746,,1302200,,
0,0,,0.531534,0.358062,0.110405,,1322800,,
0,1,,0.352652,0.625282,0.022066,,1298100,,
0,0,,0.47646,0.051964,0.471576,,1295400,,
0,1,,0.412728,0.4839,0.103373,,1301900,,
0,0,,0.520971,0.149154,0.329875,,1300300,,
0,2,,0.399252,0.088633,0.512116,,1301900,,
0,1,,0.444703,0.484321,0.070976,,1292500,,
0,1,,0.364319,0.560474,0.075207,,1295100,,
0,0,,0.444973,0.142031,0.412996,,1288900,,
0,0,,0.583102,0.402432,0.014465,,1288100,,
0,0,,0.538241,0.295692,0.166066,,1299500,,
0,2,,0.479797,0.010249,0.509954,,1319600,,
0,1,,0.340573,0.437421,0.222005,,1291700,,
0,0,,0.637222,0.326723,0.036054,,1287200,,
0,0,,0.575894,0.252578,0.171528,,1307400,,
0,0,,0.673081,0.231607,0.095312,,1295800,,
1,1,,0.182626,0.710194,0.107179,,1303400,,
1,1,,0.059505,0.496851,0.443644,,1309000,,
1,1,,0.315291,0.664641,0.020068,,1299700,,
1,1,,0.315693,0.656643,0.027664,,1298500,,
1,1,,0.161271,0.735317,0.103412,,1303600,,
1,1,,0.292293,0.611666,0.09604,,1297300,,
1,1,,0.170031,0.585235,0.244734,,1296000,,
1,1,,0.184953,0.656007,0.159039,,1311300,,
1,1,,0.093624,0.669685,0.236691,,1305200,,
1,1,,0.351078,0.627179,0.021744,,1294500,,
1,1,,0.282517,0.653527,0.063956,,1300600,,
1,1,,0.330039,0.63731,0.032651,,1308300,,
1,2,,0.06428,0.41857,0.51715,,1305200,,
1,1,,0.118694,0.504527,0.376778,,1300000,,
1,1,,0.259005,0.651054,0.089942,,1290800,,
1,1,,0.153421,0.769594,0.076985,,1311400,,
1,1,,0.409602,0.580749,0.009649,,1305300,,
1,1,,0.313361,0.663693,0.022946,,1297600,,
1,1,,0.099527,0.609681,0.290793,,1321900,,
1,1,,0.464942,0.508002,0.027055,,1304500,,
1,1,,0.336035,0.62598,0.037985,,1293300,,
1,1,,0.198287,0.461978,0.339735,,1292900,,
1,1,,0.060481,0.483409,0.456111,,1307100,,
1,1,,0.20175,0.628808,0.169441,,1299400,,
1,1,,0.080065,0.631032,0.288903,,1304300,,
1,1,,0.088778,0.626087,0.285135,,1304200,,
1,1,,0.083771,0.744397,0.171832,,1298100,,
1,1,,0.376391,0.536764,0.086844,,1297900,,
1,1,,0.179482,0.737059,0.083458,,1304600,,
1,1,,0.056103,0.506994,0.436903,,1303400,,
1,1,,0.37712,0.547254,0.075625,,1330500,,
1,1,,0.139138,0.709193,0.151669,,1312100,,
1,1,,0.231415,0.692574,0.076012,,1301600,,
1,1,,0.221099,0.606899,0.172003,,1310700,,
1,1,,0.125611,0.675517,0.198872,,1306400,,
1,1,,0.293085,0.643808,0.063107,,1306000,,
1,1,,0.269017,0.689232,0.041751,,1375600,,
1,1,,0.324508,0.636999,0.038493,,1327100,,
1,1,,0.212705,0.671638,0.115657,,1300200,,
1,1,,0.173296,0.698153,0.12855,,1298800,,
1,1,,0.131478,0.738958,0.129564,,1290400,,
1,1,,0.097201,0.674655,0.228143,,1293200,,
1,1,,0.170415,0.700183,0.129402,,1295800,,
1,1,,0.281058,0.545634,0.173308,,1308400,,
1,1,,0.08169,0.729281,0.189029,,1303800,,
1,1,,0.150252,0.622134,0.227613,,1317900,,
1,2,,0.156801,0.38976,0.453439,,1312900,,
1,1,,0.17941,0.742479,0.078111,,1299900,,
1,1,,0.307306,0.661941,0.030753,,1298900,,
1,1,,0.165211,0.542374,0.292415,,1293700,,
1,1,,0.389286,0.597331,0.013383,,1292700,,
1,1,,0.143765,0.719408,0.136827,,1303100,,
1,1,,0.138681,0.609517,0.251802,,1306000,,
1,1,,0.275808,0.678212,0.045981,,1337900,,
1,1,,0.072905,0.586186,0.340908,,1302200,,
1,1,,0.26994,0.599849,0.13021,,1289800,,
1,1,,0.157484,0.676393,0.166123,,1295900,,
1,1,,0.205593,0.582755,0.211652,,1295800,,
1,1,,0.402675,0.55696,0.040365,,1314600,,
1,1,,0.193788,0.583666,0.222545,,1303900,,
1,1,,0.355948,0.613537,0.030515,,1310700,,
1,1,,0.377665,0.607329,0.015007,,1304500,,
1,1,,0.232277,0.557334,0.210389,,1307100,,
1,1,,0.319793,0.600066,0.080141,,1304900,,
1,2,,0.106901,0.354552,0.538547,,1336500,,
1,2,,0.094272,0.36408,0.541648,,1299200,,
1,1,,0.129937,0.603404,0.266659,,1300900,,
1,1,,0.435257,0.513791,0.050952,,1302300,,
1,1,,0.147109,0.774581,0.07831,,1291700,,
1,1,,0.213704,0.74457,0.041726,,1300800,,
1,1,,0.286769,0.659479,0.053752,,1298900,,
1,1,,0.226708,0.725284,0.048008,,1306400,,
1,1,,0.158208,0.584637,0.257156,,1297200,,
1,2,,0.041363,0.322553,0.636084,,1306700,,
1,1,,0.127967,0.742826,0.129207,,1304500,,
1,1,,0.20594,0.665672,0.128389,,1303800,,
1,2,,0.143619,0.405992,0.450389,,1326900,,
1,1,,0.066264,0.636156,0.29758,,1298100,,
1,1,,0.156664,0.636446,0.20689,,1290700,,
1,1,,0.070235,0.653734,0.276032,,1292300,,
1,1,,0.208831,0.708008,0.083161,,1293300,,
1,1,,0.120786,0.674934,0.204279,,1290900,,
1,2,,0.108466,0.431952,0.459582,,1292000,,
1,1,,0.124534,0.734064,0.141402,,1298200,,
1,1,,0.290201,0.599461,0.110338,,1293400,,
1,1,,0.177028,0.687448,0.135524,,1297800,,
1,1,,0.276758,0.552893,0.170349,,1295200,,
1,1,,0.293355,0.606823,0.099822,,1314900,,
1,1,,0.33585,0.632053,0.032097,,1292700,,
1,1,,0.299135,0.667817,0.033049,,1293600,,
1,1,,0.169811,0.73826,0.091929,,1291400,,
1,1,,0.193423,0.680668,0.125909,,1295400,,
1,1,,0.407182,0.580961,0.011858,,1287800,,
1,1,,0.133085,0.520938,0.345977,,1296400,,
1,1,,0.172992,0.692721,0.134287,,1287800,,
1,1,,0.405985,0.495337,0.098678,,1293200,,
1,1,,0.294872,0.597598,0.10753,,1292900,,
1,1,,0.118568,0.732296,0.149136,,1294800,,
1,1,,0.298617,0.520192,0.181192,,1299400,,
1,1,,0.486583,0.50497,0.008447,,1326900,,
1,1,,0.249927,0.590329,0.159743,,1292300,,
1,1,,0.417596,0.54858,0.033824,,1291800,,
1,1,,0.104092,0.541231,0.354677,,1295400,,
1,1,,0.257522,0.556493,0.185985,,1298100,,
1,1,,0.29398,0.641117,0.064903,,1301300,,
1,1,,0.114623,0.507727,0.377649,,1299100,,
1,1,,0.391639,0.592032,0.016328,,1293600,,
1,1,,0.147356,0.599373,0.253271,,1296400,,
1,1,,0.311431,0.608704,0.079864,,1291900,,
1,2,,0.067638,0.373322,0.55904,,1297600,,
1,0,,0.474343,0.460068,0.065588,,1317500,,
1,1,,0.108532,0.634645,0.256823,,1294300,,
1,1,,0.309827,0.549405,0.140768,,1291900,,
1,1,,0.186137,0.631075,0.182788,,1292500,,
1,1,,0.161812,0.498244,0.339944,,1296200,,
1,1,,0.134888,0.737686,0.127426,,1291700,,
1,1,,0.181103,0.716934,0.101963,,1292800,,
1,1,,0.094326,0.681851,0.223823,,1293900,,
1,1,,0.342595,0.62203,0.035375,,1292200,,
1,1,,0.367176,0.619281,0.013543,,1297100,,
1,1,,0.163851,0.527639,0.30851,,1293400,,
1,1,,0.340619,0.618868,0.040513,,1292600,,
1,0,,0.480983,0.480196,0.038821,,1314800,,
1,1,,0.375238,0.54498,0.079781,,1302700,,
1,1,,0.173326,0.709105,0.117569,,1302900,,
1,1,,0.394622,0.581655,0.023723,,1291100,,
1,1,,0.341717,0.573507,0.084775,,1289500,,
1,1,,0.25537,0.686158,0.058473,,1295900,,
1,1,,0.109969,0.533916,0.356115,,1293200,,
1,1,,0.370515,0.55114,0.078345,,1291900,,
1,2,,0.069149,0.387432,0.543419,,1296200,,
1,1,,0.207804,0.615215,0.17698,,1290900,,
1,1,,0.230305,0.638185,0.13151,,1293100,,
1,1,,0.102039,0.602267,0.295694,,1296300,,
1,2,,0.045039,0.38031,0.574651,,1332300,,
1,1,,0.246347,0.639369,0.114285,,1294600,,
1,1,,0.360986,0.620869,0.018144,,1299400,,
1,1,,0.158059,0.722296,0.119645,,1299500,,
1,1,,0.133858,0.512105,0.354037,,1295900,,
1,1,,0.132079,0.563967,0.303953,,1293100,,
1,1,,0.082692,0.51213,0.405178,,1295200,,
1,1,,0.466969,0.520954,0.012078,,1292700,,
1,1,,0.155253,0.754215,0.090532,,1292400,,
1,1,,0.310309,0.570272,0.119419,,1289900,,
1,1,,0.14167,0.711186,0.147144,,1295100,,
1,1,,0.07242,0.518156,0.409424,,1319300,,
1,1,,0.170232,0.472118,0.35765,,1291800,,
1,1,,0.459057,0.52071,0.020233,,1302000,,
1,0,,0.496374,0.482695,0.020931,,1321100,,
1,1,,0.193862,0.627821,0.178317,,1308800,,
1,1,,0.272493,0.621476,0.106031,,1302800,,
1,1,,0.173782,0.551941,0.274277,,1295700,,
1,1,,0.2097,0.704888,0.085413,,1302600,,
1,0,,0.462437,0.438064,0.099499,,1295700,,
1,1,,0.234852,0.692574,0.072574,,1295800,,
1,1,,0.073602,0.76922,0.157178,,1296300,,
1,2,,0.041582,0.453714,0.504704,,1296600,,
1,1,,0.240889,0.614059,0.145052,,1322500,,
1,1,,0.344576,0.641326,0.014098,,1295900,,
1,1,,0.297451,0.572058,0.130491,,1309700,,
1,1,,0.439609,0.523641,0.03675,,1305200,,
1,1,,0.456293,0.518144,0.025563,,1303100,,
1,1,,0.32888,0.637301,0.033818,,1299200,,
1,1,,0.355556,0.6254,0.019043,,1311400,,
1,1,,0.335729,0.634014,0.030257,,1300600,,
1,1,,0.133057,0.490938,0.376005,,1307500,,
1,1,,0.202374,0.706722,0.090905,,1294000,,
1,1,,0.293682,0.68969,0.016628,,1292900,,
1,1,,0.390248,0.597037,0.012715,,1317900,,
1,1,,0.14095,0.545903,0.313147,,1292900,,
1,1,,0.274742,0.673653,0.051605,,1291900,,
1,1,,0.120122,0.633455,0.246423,,1293400,,
1,1,,0.3397,0.526264,0.134036,,1293300,,
1,1,,0.284972,0.606013,0.109015,,1292100,,
1,2,,0.081683,0.405993,0.512324,,1293500,,
1,1,,0.373765,0.454614,0.171622,,1292600,,
1,1,,0.397155,0.589944,0.012901,,1291200,,
1,1,,0.31021,0.653824,0.035966,,1293200,,
1,1,,0.368001,0.619177,0.012822,,1290400,,
1,1,,0.236477,0.72924,0.034283,,1290100,,
1,1,,0.416731,0.55284,0.030429,,1310700,,
1,1,,0.110609,0.716094,0.173296,,1290200,,
1,1,,0.089217,0.622554,0.288229,,1300100,,
1,1,,0.074106,0.574821,0.351073,,1299900,,
1,1,,0.066458,0.498588,0.434954,,1294700,,
1,1,,0.409199,0.569058,0.021744,,1293000,,
1,1,,0.374683,0.59925,0.026067,,1294200,,
1,1,,0.132141,0.654674,0.213185,,1295600,,
1,1,,0.269514,0.626697,0.103789,,1291700,,
1,1,,0.410176,0.563376,0.026447,,1289600,,
1,1,,0.397142,0.561546,0.041312,,1293700,,
1,1,,0.105417,0.529292,0.365291,,1314100,,
1,1,,0.192142,0.765748,0.042111,,1288300,,
1,1,,0.136427,0.603692,0.259881,,1297900,,
1,1,,0.142345,0.648897,0.208758,,1296300,,
1,1,,0.171688,0.630073,0.198239,,1295100,,
1,1,,0.304611,0.622659,0.07273,,1290400,,
1,1,,0.068361,0.514055,0.417584,,1296700,,
1,1,,0.328178,0.625611,0.046211,,1291900,,
1,1,,0.188735,0.714685,0.096579,,1292600,,
1,1,,0.090767,0.472818,0.436415,,1292600,,
1,1,,0.328921,0.649368,0.021711,,1293800,,
1,1,,0.135944,0.476351,0.387705,,1296400,,
1,1,,0.209219,0.6426,0.148181,,1311300,,
1,1,,0.339769,0.630926,0.029304,,1292200,,
1,1,,0.288289,0.653943,0.057768,,1294300,,
1,1,,0.12736,0.639667,0.232973,,1292000,,
1,1,,0.333787,0.629167,0.037047,,1296500,,
1,1,,0.404281,0.582897,0.012822,,1292400,,
1,1,,0.329422,0.619386,0.051192,,1290800,,
1,1,,0.084074,0.588355,0.327571,,1292600,,
1,1,,0.314502,0.603562,0.081936,,1294700,,
1,1,,0.430656,0.538061,0.031283,,1291000,,
1,1,,0.096406,0.473564,0.43003,,1293800,,
1,1,,0.109325,0.543265,0.34741,,1312700,,
1,1,,0.116723,0.526659,0.356618,,1291500,,
1,1,,0.250563,0.690334,0.059103,,1298400,,
1,1,,0.155871,0.578877,0.265252,,1292700,,
1,1,,0.16685,0.757361,0.075789,,1291500,,
1,1,,0.416162,0.571742,0.012096,,1290400,,
1,1,,0.268493,0.683057,0.048449,,1291200,,
1,1,,0.233771,0.680986,0.085242,,1293700,,
1,1,,0.189955,0.531117,0.278928,,1295600,,
1,1,,0.100634,0.755239,0.144127,,1290800,,
1,1,,0.127239,0.646173,0.226588,,1292700,,
1,1,,0.239965,0.631778,0.128257,,1289500,,
1,1,,0.41425,0.573893,0.011858,,1310100,,
1,1,,0.323147,0.589272,0.087581,,1293000,,
1,2,,0.121001,0.375294,0.503705,,1296300,,
1,1,,0.449052,0.542501,0.008447,,1293600,,
1,1,,0.164698,0.449867,0.385436,,1296000,,
1,1,,0.396634,0.587539,0.015827,,1396800,,
1,1,,0.322921,0.584655,0.092424,,1302700,,
1,1,,0.298542,0.668329,0.03313,,1312100,,
1,1,,0.067664,0.675318,0.257018,,1305300,,
1,1,,0.046206,0.56843,0.385363,,1291300,,
1,2,,0.056488,0.437222,0.50629,,1289800,,
1,1,,0.215667,0.751426,0.032906,,1320300,,
1,1,,0.252003,0.65945,0.088547,,1297700,,
1,2,,0.047544,0.451871,0.500586,,1297400,,
1,1,,0.184446,0.738813,0.076741,,1295200,,
1,1,,0.336448,0.631085,0.032467,,1293100,,
1,1,,0.136167,0.696843,0.16699,,1294800,,
1,1,,0.478277,0.494054,0.027669,,1292400,,
1,1,,0.068713,0.636675,0.294612,,1299800,,
1,2,,0.087075,0.393819,0.519105,,1296400,,
1,1,,0.260438,0.663905,0.075657,,1296200,,
1,1,,0.132217,0.633711,0.234072,,1300600,,
1,2,,0.073733,0.434308,0.491959,,1295000,,
1,1,,0.255506,0.703628,0.040866,,1330900,,
1,1,,0.132362,0.706096,0.161543,,1295100,,
1,1,,0.250534,0.629855,0.11961,,1292600,,
1,1,,0.074759,0.549478,0.375763,,1300500,,
1,1,,0.138272,0.579682,0.282046,,1294500,,
1,1,,0.384918,0.602022,0.01306,,1298800,,
1,1,,0.163436,0.754521,0.082043,,1294900,,
1,2,,0.08274,0.439151,0.478109,,1296700,,
1,1,,0.063869,0.525363,0.410767,,1300100,,
1,1,,0.210625,0.613917,0.175458,,1295300,,
1,1,,0.1981,0.70717,0.09473,,1299900,,
1,1,,0.132802,0.723997,0.143201,,1303300,,
1,1,,0.280542,0.647928,0.07153,,1314700,,
1,1,,0.195215,0.685927,0.118858,,1293400,,
1,1,,0.42202,0.544805,0.033175,,1291800,,
1,1,,0.22563,0.648556,0.125814,,1297700,,
1,1,,0.067241,0.613968,0.318791,,1304400,,
1,2,,0.118043,0.314807,0.567149,,1300000,,
1,1,,0.14459,0.698978,0.156433,,1292900,,
1,2,,0.086691,0.376291,0.537018,,1299800,,
1,1,,0.334316,0.589509,0.076175,,1299700,,
1,1,,0.37205,0.524262,0.103688,,1310500,,
1,1,,0.311843,0.61826,0.069897,,1302400,,
1,1,,0.142465,0.683107,0.174428,,1323600,,
1,1,,0.133491,0.65574,0.210769,,1310800,,
1,1,,0.182226,0.672287,0.145487,,1304800,,
1,1,,0.273789,0.614536,0.111675,,1298500,,
1,1,,0.355426,0.570261,0.074313,,1297000,,
1,1,,0.26069,0.713381,0.025929,,1305500,,
1,2,,0.073624,0.376546,0.54983,,1304300,,
1,1,,0.12148,0.456666,0.421853,,1301700,,
1,1,,0.26452,0.692665,0.042815,,1302300,,
1,1,,0.402571,0.547086,0.050343,,1304200,,
1,1,,0.125775,0.755231,0.118994,,1301700,,
1,1,,0.178919,0.628128,0.192953,,1303500,,
1,1,,0.346154,0.535473,0.118373,,1295800,,
1,1,,0.371982,0.560621,0.067397,,1296700,,
1,1,,0.27301,0.661782,0.065208,,1297800,,
1,1,,0.301168,0.591971,0.106862,,1300500,,
1,1,,0.452296,0.524092,0.023611,,1299600,,
1,1,,0.080454,0.54251,0.377036,,1298700,,
1,1,,0.423959,0.564183,0.011858,,1299600,,
1,1,,0.110905,0.583734,0.305361,,1299700,,
1,1,,0.149836,0.616287,0.233876,,1302200,,
1,1,,0.32932,0.629832,0.040848,,1300900,,
1,1,,0.336394,0.643825,0.019781,,1307700,,
1,1,,0.382706,0.571812,0.045483,,1324900,,
1,1,,0.455227,0.516903,0.02787,,1306900,,
1,1,,0.15457,0.712744,0.132685,,1392500,,
1,1,,0.063524,0.657432,0.279044,,1338000,,
1,1,,0.179753,0.664116,0.156131,,1308700,,
1,1,,0.395834,0.571844,0.032322,,1303700,,
1,1,,0.36487,0.621583,0.013547,,1292100,,
1,1,,0.143132,0.582532,0.274336,,1296400,,
1,1,,0.305102,0.54382,0.151077,,1295300,,
1,1,,0.104992,0.647962,0.247046,,1303500,,
1,1,,0.085777,0.695289,0.218934,,1298100,,
1,1,,0.279636,0.692243,0.028121,,1299300,,
1,1,,0.398375,0.542381,0.059244,,1325800,,
1,2,,0.089312,0.410572,0.500115,,1302400,,
1,1,,0.470643,0.520911,0.008447,,1298300,,
1,1,,0.373086,0.512647,0.114268,,1301100,,
1,1,,0.331563,0.646684,0.021752,,1306000,,
1,1,,0.393522,0.523214,0.083264,,1296400,,
1,1,,0.292138,0.61916,0.088702,,1301900,,
1,1,,0.081839,0.651214,0.266946,,1300300,,
1,1,,0.301588,0.654627,0.043786,,1298600,,
1,1,,0.267881,0.616177,0.115942,,1326100,,
1,1,,0.186932,0.665878,0.14719,,1302300,,
1,1,,0.384639,0.602782,0.012578,,1304400,,
1,1,,0.247756,0.713891,0.038353,,1301200,,
1,1,,0.076108,0.47805,0.445842,,1307500,,
1,1,,0.114127,0.612751,0.273123,,1303400,,
1,1,,0.463896,0.523044,0.01306,,1298600,,
1,1,,0.089454,0.480398,0.430148,,1310700,,
1,1,,0.428986,0.559156,0.011858,,1301900,,
1,1,,0.070518,0.540486,0.388996,,1299000,,
1,1,,0.097203,0.659092,0.243705,,1310600,,
1,1,,0.434013,0.55413,0.011858,,1297500,,
1,1,,0.252244,0.639018,0.108738,,1300900,,
1,1,,0.231047,0.685346,0.083607,,1327600,,
1,1,,0.099351,0.478739,0.42191,,1304100,,
2,2,,0.328842,0.039332,0.631825,,1305200,,
2,2,,0.404018,0.108116,0.487865,,1305600,,
2,2,,0.164019,0.160249,0.675732,,1305200,,
2,2,,0.356286,0.012907,0.630807,,1298600,,
2,2,,0.153768,0.112756,0.733477,,1301400,,
2,2,,0.24613,0.194576,0.559295,,1305200,,
2,2,,0.325099,0.058258,0.616643,,1301500,,
2,2,,0.179342,0.072909,0.747748,,1301500,,
2,2,,0.333851,0.072941,0.593208,,1303200,,
2,2,,0.338097,0.102308,0.559594,,1307200,,
2,2,,0.207845,0.070492,0.721664,,1303200,,
2,2,,0.220184,0.162269,0.617547,,1304000,,
2,2,,0.211467,0.122228,0.666304,,1297200,,
2,2,,0.427161,0.080619,0.492219,,1296100,,
2,1,,0.05846,0.50402,0.43752,,1299300,,
2,2,,0.151071,0.329419,0.519511,,1292200,,
2,2,,0.424977,0.015427,0.559596,,1304100,,
2,2,,0.288509,0.071048,0.640443,,1300200,,
2,2,,0.193819,0.083094,0.723088,,1297500,,
2,2,,0.136103,0.231072,0.632825,,1295200,,
2,2,,0.260843,0.224012,0.515145,,1292900,,
2,2,,0.055043,0.317454,0.627503,,1314700,,
2,2,,0.372606,0.045397,0.581997,,1303400,,
2,2,,0.35388,0.080186,0.565934,,1302600,,
2,2,,0.2885,0.020994,0.690506,,1307600,,
2,2,,0.332617,0.040019,0.627364,,1301200,,
2,2,,0.115809,0.221868,0.662322,,1303800,,
2,2,,0.2407,0.080992,0.678309,,1293400,,
2,2,,0.166353,0.285791,0.547856,,1297800,,
2,2,,0.154446,0.201784,0.64377,,1292500,,
2,2,,0.110621,0.334719,0.554659,,1293100,,
2,2,,0.25461,0.088211,0.657179,,1304400,,
2,2,,0.345369,0.036108,0.618524,,1301600,,
2,2,,0.270916,0.123319,0.605765,,1333000,,
2,2,,0.331605,0.045036,0.623359,,1300800,,
2,2,,0.189564,0.175613,0.634822,,1306800,,
2,2,,0.360368,0.047973,0.591659,,1300000,,
2,2,,0.287841,0.138412,0.573748,,1295000,,
2,2,,0.363963,0.09501,0.541027,,1293400,,
2,2,,0.240442,0.117154,0.642404,,1302100,,
2,2,,0.179993,0.168339,0.651667,,1300200,,
2,2,,0.239899,0.078234,0.681867,,1299800,,
2,2,,0.104592,0.410469,0.484939,,1293500,,
2,2,,0.407816,0.090746,0.501438,,1291800,,
2,2,,0.06329,0.288779,0.64793,,1312200,,
2,2,,0.128034,0.287545,0.584421,,1298900,,
2,2,,0.274071,0.075463,0.650466,,1309300,,
2,0,,0.49524,0.016836,0.487924,,1301400,,
2,2,,0.092207,0.212087,0.695706,,1306500,,
2,2,,0.286224,0.044981,0.668794,,1300600,,
2,2,,0.265914,0.088993,0.645093,,1298800,,
2,0,,0.500472,0.06935,0.430178,,1305800,,
2,2,,0.179106,0.127234,0.693661,,1300200,,
2,2,,0.07614,0.341599,0.582261,,1305500,,
2,2,,0.270679,0.092419,0.636903,,1307900,,
2,1,,0.067129,0.541536,0.391335,,1317900,,
2,2,,0.079773,0.286402,0.633825,,1294000,,
2,2,,0.167183,0.24291,0.589907,,1303800,,
2,2,,0.081187,0.301483,0.61733,,1310400,,
2,2,,0.137753,0.380675,0.481572,,1305200,,
2,2,,0.161259,0.138133,0.700608,,1299800,,
2,2,,0.244028,0.12006,0.635912,,1301000,,
2,2,,0.041434,0.412862,0.545704,,1292500,,
2,2,,0.06531,0.45887,0.475821,,1303800,,
2,2,,0.353163,0.019154,0.627682,,1299600,,
2,2,,0.103265,0.316901,0.579834,,1304500,,
2,2,,0.410473,0.011955,0.577572,,1289100,,
2,2,,0.373011,0.052608,0.574381,,1313700,,
2,2,,0.352402,0.034956,0.612642,,1293000,,
2,2,,0.180323,0.142701,0.676976,,1293200,,
2,2,,0.162013,0.088906,0.749082,,1291000,,
2,2,,0.06831,0.293429,0.638261,,1300000,,
2,2,,0.129104,0.199935,0.670961,,1298200,,
2,2,,0.394909,0.092946,0.512145,,1297400,,
2,2,,0.307022,0.121805,0.571173,,3154600,,
2,2,,0.071326,0.407111,0.521563,,2622800,,
2,2,,0.313612,0.109361,0.577028,,2097900,,
2,2,,0.125713,0.313121,0.561166,,1290900,,
2,2,,0.142995,0.264993,0.592012,,1304700,,
2,2,,0.115844,0.116652,0.767504,,1375300,,
2,2,,0.17806,0.063883,0.758057,,1330300,,
2,2,,0.215902,0.261854,0.522244,,1316900,,
2,2,,0.388333,0.022821,0.588846,,1291000,,
2,2,,0.103395,0.419398,0.477208,,1279700,,
2,2,,0.111397,0.410706,0.477896,,1392000,,
2,2,,0.388979,0.018525,0.592497,,1294700,,
2,2,,0.129247,0.310186,0.560567,,1279800,,
2,2,,0.103302,0.336237,0.56046,,1332200,,
2,2,,0.114025,0.145016,0.740959,,1275100,,
2,2,,0.169748,0.28431,0.545942,,1273900,,
2,2,,0.316151,0.04132,0.642529,,1385100,,
2,2,,0.178922,0.113753,0.707325,,1272200,,
2,2,,0.419131,0.035736,0.545133,,1298400,,
2,2,,0.055788,0.326921,0.617292,,1298100,,
2,2,,0.117325,0.382212,0.500463,,1303000,,
2,2,,0.164369,0.16348,0.672151,,1326600,,
2,2,,0.170444,0.158187,0.671369,,1279300,,
2,2,,0.306123,0.093797,0.60008,,1295600,,
2,2,,0.37762,0.127887,0.494494,,1311900,,
2,2,,0.096163,0.382988,0.520849,,1281200,,
2,2,,0.157829,0.275858,0.566313,,1342100,,
2,2,,0.158897,0.127516,0.713587,,1275900,,
2,2,,0.327466,0.061872,0.610662,,1272900,,
2,2,,0.072057,0.382503,0.54544,,1283900,,
2,2,,0.104454,0.253603,0.641943,,1295800,,
2,2,,0.19849,0.1662,0.63531,,1283300,,
2,2,,0.339614,0.101567,0.55882,,1351200,,
2,2,,0.364407,0.088395,0.547198,,1271800,,
2,2,,0.092592,0.20562,0.701788,,1270300,,
2,2,,0.161682,0.274412,0.563905,,1281300,,
2,2,,0.157589,0.086277,0.756134,,1299000,,
2,1,,0.199938,0.418363,0.381699,,1322700,,
2,2,,0.113199,0.240744,0.646057,,1284700,,
2,2,,0.13039,0.271189,0.598421,,1284000,,
2,2,,0.397063,0.182243,0.420695,,1275300,,
2,2,,0.12216,0.118703,0.759137,,1274600,,
2,2,,0.11632,0.331782,0.551898,,1274000,,
2,2,,0.256231,0.163264,0.580505,,1361300,,
2,1,,0.225579,0.470723,0.303698,,1282600,,
2,2,,0.12354,0.414007,0.462454,,1275800,,
2,2,,0.11521,0.198154,0.686636,,1278900,,
2,2,,0.242328,0.192592,0.565081,,1292800,,
2,2,,0.430372,0.020257,0.549372,,1326100,,
2,2,,0.148056,0.163104,0.68884,,1271600,,
2,2,,0.169159,0.073738,0.757104,,1290300,,
2,2,,0.13682,0.228336,0.634844,,1283600,,
2,2,,0.315279,0.101256,0.583465,,1288900,,
2,2,,0.333522,0.033176,0.633302,,1321300,,
2,2,,0.243673,0.14519,0.611137,,1290100,,
2,2,,0.164233,0.120596,0.715171,,1278200,,
2,2,,0.215896,0.05444,0.729664,,1277400,,
2,2,,0.219641,0.046304,0.734054,,1296700,,
2,2,,0.257824,0.141157,0.601019,,1270900,,
2,2,,0.128276,0.245262,0.626462,,1344000,,
2,2,,0.277696,0.156757,0.565548,,1288300,,
2,2,,0.268084,0.126436,0.60548,,1280900,,
2,2,,0.05186,0.20914,0.739,,1272400,,
2,1,,0.090414,0.466229,0.443357,,1279300,,
2,1,,0.222914,0.446588,0.330498,,1324500,,
2,2,,0.116335,0.192237,0.691427,,1286300,,
2,2,,0.146448,0.108087,0.745465,,1293200,,
2,2,,0.126394,0.080138,0.793468,,1277500,,
2,2,,0.146077,0.362715,0.491209,,1315900,,
2,2,,0.09949,0.263122,0.637388,,1345900,,
2,2,,0.369885,0.025054,0.605061,,1314300,,
2,2,,0.432277,0.012679,0.555044,,1308700,,
2,2,,0.297377,0.088565,0.614058,,1302200,,
2,2,,0.284324,0.057532,0.658144,,1304300,,
2,2,,0.412429,0.158183,0.429388,,1289500,,
2,2,,0.099131,0.278156,0.622713,,1357600,,
2,0,,0.514992,0.056675,0.428333,,1366200,,
2,2,,0.386224,0.02458,0.589197,,1299200,,
2,2,,0.247223,0.242889,0.509888,,1307900,,
2,2,,0.258885,0.121834,0.619281,,1294500,,
2,2,,0.291378,0.061172,0.64745,,1375100,,
2,2,,0.365958,0.021362,0.612681,,1301000,,
2,2,,0.333272,0.072114,0.594613,,1321600,,
2,2,,0.37548,0.124648,0.499872,,1285700,,
2,2,,0.15858,0.264312,0.577108,,1286700,,
2,2,,0.222002,0.320641,0.457358,,1340100,,
2,2,,0.348344,0.047389,0.604267,,1295000,,
2,2,,0.276876,0.038903,0.684222,,1279500,,
2,2,,0.285437,0.030368,0.684195,,1277700,,
2,2,,0.14591,0.243681,0.61041,,1280000,,
2,2,,0.242309,0.214307,0.543384,,1310800,,
2,2,,0.28751,0.019858,0.692632,,1319500,,
2,2,,0.081655,0.22426,0.694085,,1299900,,
2,2,,0.115583,0.341141,0.543276,,1331300,,
2,2,,0.148778,0.330072,0.52115,,1283500,,
2,2,,0.303016,0.096075,0.600909,,1288800,,
2,2,,0.17246,0.122478,0.705062,,1356100,,
2,2,,0.351777,0.058548,0.589675,,1281800,,
2,2,,0.235018,0.228842,0.53614,,1276400,,
2,2,,0.313021,0.037085,0.649894,,1280500,,
2,2,,0.366975,0.038693,0.594332,,1296800,,
2,2,,0.196807,0.220578,0.582615,,1330900,,
2,2,,0.196543,0.197269,0.606188,,1282600,,
2,2,,0.163132,0.178823,0.658045,,1285400,,
2,2,,0.130584,0.181545,0.68787,,1299300,,
2,2,,0.292803,0.070573,0.636625,,1311500,,
2,2,,0.263082,0.108196,0.628722,,1294300,,
2,2,,0.228534,0.268802,0.502665,,1325500,,
2,2,,0.392017,0.018317,0.589666,,1276800,,
2,2,,0.377821,0.097664,0.524515,,1295600,,
2,2,,0.32305,0.098068,0.578882,,1279000,,
2,2,,0.111289,0.138245,0.750467,,1279800,,
2,2,,0.20935,0.190525,0.600125,,1342000,,
2,2,,0.105782,0.342651,0.551567,,1278800,,
2,2,,0.104751,0.213767,0.681482,,1278400,,
2,2,,0.137233,0.236681,0.626086,,1286500,,
2,2,,0.401939,0.020638,0.577424,,1290300,,
2,2,,0.115483,0.213121,0.671395,,1606500,,
2,2,,0.200155,0.16835,0.631495,,1315600,,
2,2,,0.164605,0.128901,0.706494,,1294600,,
2,2,,0.371559,0.042632,0.585809,,1289900,,
2,2,,0.401912,0.019509,0.578579,,1296400,,
2,2,,0.345982,0.049112,0.604906,,1334500,,
2,2,,0.126063,0.253521,0.620415,,1294900,,
2,2,,0.363757,0.039311,0.596933,,1297400,,
2,2,,0.10244,0.39766,0.4999,,1297700,,
2,2,,0.104908,0.387458,0.507635,,1303400,,
2,2,,0.103273,0.370614,0.526113,,1294800,,
2,2,,0.365733,0.114408,0.519858,,1352600,,
2,2,,0.228265,0.155745,0.61599,,1293800,,
2,2,,0.340262,0.052812,0.606926,,1291100,,
2,2,,0.289025,0.086085,0.624889,,1290800,,
2,2,,0.372979,0.060734,0.566288,,1280500,,
2,2,,0.140706,0.384035,0.475259,,1344300,,
2,2,,0.101562,0.261201,0.637237,,1316700,,
2,2,,0.356928,0.041974,0.601099,,1280800,,
2,2,,0.053261,0.290668,0.656071,,1296500,,
2,0,,0.475319,0.050619,0.474063,,1272200,,
2,1,,0.13434,0.459448,0.406211,,1321000,,
2,2,,0.121684,0.320015,0.558301,,1368900,,
2,2,,0.078952,0.458977,0.462071,,1295300,,
2,2,,0.336679,0.179131,0.48419,,1311600,,
2,2,,0.308553,0.155402,0.536045,,1289200,,
2,2,,0.153098,0.195571,0.651331,,1284800,,
2,2,,0.287601,0.04846,0.663938,,1342400,,
2,2,,0.309869,0.095375,0.594756,,1289300,,
2,2,,0.289504,0.082286,0.628211,,1283700,,
2,1,,0.039949,0.497709,0.462342,,1272700,,
2,2,,0.305338,0.189158,0.505504,,1299000,,
2,2,,0.086887,0.338322,0.574791,,1345600,,
2,2,,0.057923,0.242933,0.699144,,1282600,,
2,2,,0.123897,0.322553,0.553549,,1308800,,
2,2,,0.129948,0.128166,0.741887,,1294100,,
2,2,,0.147105,0.278438,0.574458,,1287200,,
2,2,,0.311699,0.121988,0.566313,,1331900,,
2,2,,0.392206,0.044636,0.563157,,1305400,,
2,2,,0.099363,0.396353,0.504284,,1281000,,
2,2,,0.238406,0.142568,0.619027,,1274800,,
2,2,,0.164115,0.214581,0.621304,,1286000,,
2,2,,0.326783,0.033934,0.639282,,1277300,,
2,2,,0.069484,0.428988,0.501528,,1337700,,
2,2,,0.253695,0.160799,0.585506,,1300400,,
2,2,,0.222226,0.155783,0.621991,,1304100,,
2,2,,0.210169,0.21257,0.577261,,1272600,,
2,2,,0.24602,0.161841,0.592139,,1293500,,
2,2,,0.318425,0.077648,0.603927,,1366200,,
2,2,,0.299753,0.040854,0.659393,,1294700,,
2,2,,0.334984,0.145357,0.519659,,1294300,,
2,2,,0.114558,0.206798,0.678644,,1292000,,
2,2,,0.333319,0.046791,0.619889,,1285000,,
2,2,,0.050311,0.335457,0.614232,,1331300,,
2,2,,0.352218,0.136933,0.510849,,1285000,,
2,2,,0.273984,0.109483,0.616532,,1270600,,
2,2,,0.100955,0.341597,0.557448,,1285800,,
2,2,,0.148904,0.183464,0.667632,,1300500,,
2,2,,0.352308,0.058036,0.589656,,1281100,,
2,2,,0.358631,0.031927,0.609442,,1334600,,
2,2,,0.412009,0.026886,0.561105,,1283600,,
2,2,,0.12291,0.389102,0.487988,,1332200,,
2,2,,0.197283,0.089808,0.712909,,1299600,,
2,2,,0.225334,0.153432,0.621234,,1297800,,
2,2,,0.163367,0.28254,0.554093,,1324100,,
2,2,,0.279235,0.04493,0.675835,,1318900,,
2,2,,0.083863,0.358824,0.557312,,1274500,,
2,2,,0.348939,0.048393,0.602668,,1293400,,
2,2,,0.208472,0.086604,0.704923,,1296500,,
