waveform-noise,Tuned_CWT,test,3,NANOSECONDS,PREDICTIONS, Generated by ClassifierExperiments.java on 2022-05-16 02:15:26.    SYSTEMPROPERTIES:{user.name:matth,os.arch:amd64,os.name:Windows 10},ENDSYSTEMPROPERTIES
No parameter info
0.7662337662337663,1531442900,1319537200,-1,67909040,3,,-1,-1
0,1,,0.419251,0.555329,0.025419,,1482300,,
0,2,,0.438736,0.105414,0.45585,,1352300,,
0,2,,0.255505,0.114023,0.630471,,1333800,,
0,0,,0.56581,0.308629,0.125562,,1324100,,
0,0,,0.463146,0.075728,0.461127,,1325700,,
0,2,,0.382279,0.06482,0.552901,,1320200,,
0,2,,0.356824,0.067476,0.5757,,1323300,,
0,2,,0.316024,0.1159,0.568075,,1322100,,
0,2,,0.388807,0.046226,0.564967,,1323700,,
0,2,,0.393469,0.20149,0.405041,,1360100,,
0,1,,0.364422,0.586902,0.048676,,1354200,,
0,0,,0.515491,0.447816,0.036693,,1360400,,
0,1,,0.450696,0.47994,0.069364,,1387100,,
0,1,,0.379339,0.600215,0.020446,,1340200,,
0,2,,0.402342,0.089431,0.508227,,1354900,,
0,0,,0.45057,0.420349,0.129082,,1323000,,
0,2,,0.303129,0.102988,0.593883,,1325400,,
0,1,,0.414202,0.497301,0.088497,,1324000,,
0,0,,0.538316,0.222684,0.239,,1320600,,
0,1,,0.370765,0.569751,0.059484,,1322400,,
0,0,,0.545008,0.428763,0.026229,,1358100,,
0,0,,0.530579,0.151222,0.318199,,1312000,,
0,2,,0.399311,0.079604,0.521085,,1306900,,
0,0,,0.488833,0.42319,0.087977,,1307500,,
0,0,,0.512272,0.133201,0.354527,,1308700,,
0,1,,0.384117,0.499785,0.116098,,1301300,,
0,1,,0.393862,0.58381,0.022328,,1301700,,
0,2,,0.42669,0.049042,0.524268,,1307200,,
0,2,,0.449703,0.02655,0.523747,,1305100,,
0,0,,0.532303,0.405683,0.062014,,1311400,,
0,2,,0.378123,0.189034,0.432844,,1308800,,
0,0,,0.485458,0.122234,0.392308,,1331200,,
0,1,,0.395912,0.513101,0.090988,,1315800,,
0,2,,0.369429,0.092141,0.53843,,1308100,,
0,2,,0.375012,0.098705,0.526283,,1308200,,
0,0,,0.53691,0.360785,0.102304,,1302500,,
0,0,,0.484315,0.470159,0.045525,,1299400,,
0,2,,0.366338,0.065435,0.568227,,1300100,,
0,2,,0.285946,0.083376,0.630678,,1299700,,
0,0,,0.468035,0.225204,0.306762,,1300200,,
0,0,,0.641901,0.199288,0.15881,,1301300,,
0,1,,0.449565,0.493629,0.056806,,1298400,,
0,1,,0.41755,0.475644,0.106806,,1301300,,
0,1,,0.471861,0.479547,0.048592,,1327000,,
0,0,,0.468798,0.08798,0.443223,,1310600,,
0,0,,0.550618,0.256584,0.192798,,1306500,,
0,0,,0.58157,0.265045,0.153385,,1299900,,
0,2,,0.387827,0.050139,0.562034,,1302000,,
0,1,,0.384986,0.593914,0.021099,,1302000,,
0,0,,0.468473,0.156287,0.37524,,1303600,,
0,2,,0.365268,0.048051,0.586681,,1302500,,
0,2,,0.447308,0.067388,0.485304,,1299900,,
0,2,,0.390795,0.105795,0.50341,,1300900,,
0,2,,0.442948,0.078519,0.478533,,1298700,,
0,1,,0.466502,0.514562,0.018935,,1324200,,
0,0,,0.511202,0.311546,0.177252,,1301500,,
0,2,,0.318191,0.027734,0.654075,,1303200,,
0,0,,0.460671,0.38296,0.15637,,1300300,,
0,0,,0.424201,0.156851,0.418948,,1303600,,
0,1,,0.244364,0.573738,0.181899,,1299100,,
0,0,,0.540347,0.416159,0.043493,,1304500,,
0,1,,0.394355,0.508823,0.096823,,1297800,,
0,0,,0.434303,0.418581,0.147116,,1299500,,
0,0,,0.52837,0.29628,0.17535,,1302400,,
0,1,,0.459942,0.494708,0.04535,,1301000,,
0,1,,0.444922,0.493171,0.061907,,1296900,,
0,2,,0.303613,0.07723,0.619157,,1301100,,
0,0,,0.544985,0.11181,0.343205,,1297600,,
0,1,,0.419067,0.451499,0.129434,,1299000,,
0,1,,0.431445,0.515794,0.052761,,1301600,,
0,0,,0.558728,0.179384,0.261888,,1299700,,
0,1,,0.332022,0.585531,0.082447,,1298300,,
0,0,,0.438392,0.429855,0.131753,,1301900,,
0,0,,0.585261,0.129874,0.284865,,1302500,,
0,0,,0.491134,0.348463,0.160403,,1301200,,
0,2,,0.40604,0.053402,0.540558,,1300300,,
0,0,,0.475468,0.427421,0.097111,,1301100,,
0,0,,0.586451,0.157389,0.25616,,1322200,,
0,2,,0.367732,0.122953,0.509315,,1299900,,
0,2,,0.315923,0.047734,0.636343,,1301500,,
0,0,,0.529357,0.41867,0.051972,,1297700,,
0,0,,0.638719,0.198819,0.162462,,1297900,,
0,0,,0.486197,0.054627,0.459175,,1318700,,
0,0,,0.50875,0.038988,0.452262,,1297400,,
0,0,,0.492456,0.11283,0.394714,,1297700,,
0,2,,0.370877,0.09788,0.531244,,1298100,,
0,0,,0.538512,0.351168,0.11032,,1297500,,
0,0,,0.590634,0.208736,0.20063,,1296200,,
0,1,,0.430048,0.522092,0.04786,,1299200,,
0,0,,0.475426,0.128146,0.396427,,1335300,,
0,2,,0.340624,0.071176,0.588199,,1293900,,
0,0,,0.570099,0.154195,0.275706,,1294400,,
0,0,,0.471233,0.198608,0.330158,,1296800,,
0,1,,0.394939,0.578765,0.026296,,1297100,,
0,2,,0.381201,0.172038,0.446761,,1298800,,
0,0,,0.446704,0.113733,0.439563,,1295800,,
0,0,,0.381765,0.301014,0.317222,,1296500,,
0,0,,0.428965,0.370922,0.200113,,1298500,,
0,0,,0.445243,0.435075,0.119682,,1301200,,
0,2,,0.279003,0.048602,0.672395,,1296700,,
0,1,,0.404892,0.51752,0.077588,,1315800,,
0,0,,0.520956,0.414463,0.064581,,1295100,,
0,0,,0.550226,0.370998,0.078777,,1296900,,
0,0,,0.475199,0.351409,0.173393,,1296400,,
0,0,,0.464022,0.080718,0.455259,,1295700,,
0,1,,0.354448,0.566532,0.07902,,1295300,,
0,1,,0.4271,0.48174,0.09116,,1298600,,
0,0,,0.54633,0.368693,0.084978,,1297800,,
0,1,,0.419823,0.428053,0.152125,,1295200,,
0,2,,0.268511,0.058368,0.673121,,1300200,,
0,0,,0.558332,0.403401,0.038267,,1292700,,
0,0,,0.507404,0.197443,0.295153,,1293600,,
0,0,,0.537332,0.35595,0.106718,,1316400,,
0,1,,0.473654,0.481547,0.044799,,1297900,,
0,2,,0.359162,0.276343,0.364495,,1297100,,
0,1,,0.37263,0.526852,0.100518,,1296900,,
0,0,,0.388317,0.294978,0.316705,,1300600,,
0,0,,0.540654,0.369128,0.090217,,1301200,,
0,1,,0.447146,0.473936,0.078918,,1295100,,
0,0,,0.617289,0.085733,0.296978,,1298800,,
0,1,,0.473203,0.495566,0.031231,,1294100,,
0,0,,0.384286,0.27843,0.337284,,1293500,,
0,0,,0.449168,0.318088,0.232744,,1295300,,
0,2,,0.427593,0.024557,0.547851,,1319200,,
0,1,,0.459754,0.477105,0.063141,,1297200,,
0,0,,0.504533,0.164902,0.330565,,1294400,,
0,0,,0.454207,0.153347,0.392447,,1296400,,
0,2,,0.364583,0.190006,0.445412,,1296900,,
0,0,,0.661314,0.264542,0.074143,,1295200,,
0,2,,0.465382,0.05425,0.480368,,1293500,,
0,2,,0.390188,0.110114,0.499699,,1300100,,
0,2,,0.380302,0.0615,0.558198,,1338200,,
0,1,,0.394134,0.51073,0.095136,,1309400,,
0,1,,0.366665,0.563835,0.0695,,1299400,,
0,0,,0.535012,0.196665,0.268323,,1294900,,
0,0,,0.503903,0.308276,0.187821,,1301200,,
0,2,,0.4318,0.074787,0.493413,,1297600,,
0,0,,0.554866,0.377023,0.06811,,1296900,,
0,0,,0.589854,0.19855,0.211596,,1300100,,
0,1,,0.389031,0.567117,0.043851,,1295900,,
0,1,,0.357207,0.410971,0.231822,,1297800,,
0,2,,0.413881,0.049427,0.536692,,1296500,,
0,1,,0.428796,0.508072,0.063131,,1295900,,
0,0,,0.510161,0.42926,0.06058,,1296100,,
0,1,,0.422644,0.557389,0.019967,,1304400,,
0,0,,0.385,0.233374,0.381625,,1309000,,
0,0,,0.630074,0.175674,0.194252,,1335100,,
0,2,,0.271984,0.117057,0.610959,,1309600,,
0,0,,0.548094,0.238786,0.213119,,1302300,,
0,0,,0.589429,0.224736,0.185835,,1302000,,
0,0,,0.578745,0.365652,0.055603,,1308600,,
0,0,,0.532845,0.231897,0.235258,,1304400,,
0,0,,0.535947,0.315616,0.148437,,1312200,,
0,2,,0.412422,0.032524,0.555054,,1306700,,
0,0,,0.472569,0.167981,0.359451,,1307200,,
0,1,,0.459125,0.516939,0.023935,,1298700,,
0,0,,0.515085,0.327002,0.157913,,1310300,,
0,0,,0.486555,0.471455,0.041991,,1304200,,
0,0,,0.467576,0.098263,0.434161,,1330800,,
0,2,,0.323849,0.06656,0.609591,,1300700,,
0,0,,0.5449,0.105769,0.349331,,1297800,,
0,2,,0.388739,0.071485,0.539776,,1306200,,
0,0,,0.523669,0.296836,0.179495,,1297200,,
0,1,,0.246887,0.589877,0.163236,,1299800,,
0,0,,0.502549,0.191672,0.305779,,1298700,,
0,0,,0.553051,0.311745,0.135204,,1294900,,
0,2,,0.385758,0.046697,0.567545,,1300000,,
0,2,,0.435835,0.071345,0.492821,,1298300,,
0,1,,0.303269,0.615428,0.081303,,1300000,,
0,1,,0.423477,0.492544,0.083979,,1320200,,
0,0,,0.506075,0.137133,0.356792,,1299600,,
0,2,,0.363052,0.207303,0.429644,,1299300,,
0,2,,0.39746,0.063792,0.538748,,1301000,,
0,2,,0.308596,0.066211,0.625193,,1298900,,
0,2,,0.340353,0.086697,0.57295,,1298900,,
0,0,,0.564338,0.137517,0.298145,,1295700,,
0,0,,0.477247,0.15081,0.371943,,1305300,,
0,2,,0.350202,0.051344,0.598454,,1294400,,
0,0,,0.58805,0.219228,0.192723,,1297800,,
0,2,,0.32019,0.047734,0.632076,,1299100,,
0,1,,0.407,0.551271,0.041728,,1298100,,
0,0,,0.526174,0.334234,0.139592,,1316300,,
0,2,,0.316292,0.026624,0.657084,,1300100,,
0,0,,0.410289,0.318771,0.27094,,1299900,,
0,1,,0.396214,0.403399,0.200387,,1301200,,
0,2,,0.42466,0.043454,0.531886,,1297600,,
0,0,,0.588643,0.253311,0.158047,,1294000,,
0,0,,0.521801,0.425109,0.05309,,1302400,,
0,0,,0.548353,0.248224,0.203424,,1301000,,
0,1,,0.382964,0.567835,0.049201,,1305000,,
0,0,,0.494456,0.077347,0.428197,,1309100,,
0,1,,0.400701,0.464791,0.134508,,1305500,,
0,1,,0.332772,0.517712,0.149516,,1328000,,
0,0,,0.471339,0.284109,0.244552,,1298200,,
0,0,,0.493347,0.052597,0.454056,,1299100,,
0,0,,0.442859,0.365259,0.191882,,1302400,,
0,2,,0.374302,0.046226,0.579472,,1299900,,
0,1,,0.449369,0.512657,0.037974,,1297600,,
0,0,,0.503166,0.15896,0.337874,,1301500,,
0,1,,0.334036,0.624023,0.041941,,1303400,,
0,1,,0.385462,0.566887,0.047651,,1296500,,
0,2,,0.424574,0.028047,0.54738,,1299300,,
0,0,,0.498084,0.327867,0.174049,,1297200,,
0,0,,0.488169,0.465366,0.046465,,1295400,,
0,0,,0.530035,0.387857,0.082109,,1323800,,
0,0,,0.555703,0.258359,0.185938,,1315900,,
0,1,,0.297625,0.356004,0.346372,,1308400,,
0,0,,0.533592,0.265427,0.200982,,1301900,,
0,0,,0.485456,0.104771,0.409773,,1306500,,
0,2,,0.309205,0.073105,0.61769,,1304400,,
0,0,,0.46796,0.21895,0.313091,,1306500,,
0,0,,0.424442,0.326045,0.249513,,1305800,,
0,0,,0.546172,0.241206,0.212623,,1310600,,
0,1,,0.36116,0.572102,0.066738,,1297600,,
0,0,,0.531867,0.155252,0.312881,,1297700,,
0,0,,0.432915,0.330675,0.236411,,1317900,,
0,1,,0.394305,0.562437,0.043257,,1307600,,
0,0,,0.474553,0.435291,0.090156,,1311300,,
0,2,,0.468059,0.032524,0.499416,,1305900,,
0,0,,0.444108,0.122206,0.433686,,1305500,,
0,0,,0.535718,0.083526,0.380756,,1306600,,
0,2,,0.366975,0.059307,0.573718,,1305200,,
0,0,,0.524215,0.292474,0.183311,,1311300,,
0,0,,0.438615,0.281929,0.279456,,1310900,,
0,2,,0.339677,0.051826,0.608497,,1306900,,
0,1,,0.467961,0.485542,0.046497,,1309300,,
0,0,,0.423533,0.392007,0.18446,,1305300,,
0,2,,0.380656,0.056507,0.562836,,1326900,,
0,2,,0.430103,0.065032,0.504865,,1308600,,
0,2,,0.274427,0.077885,0.647688,,1300700,,
0,2,,0.43848,0.026624,0.534896,,1299600,,
0,1,,0.41651,0.46921,0.11428,,1299700,,
0,2,,0.403582,0.167093,0.429325,,1310500,,
0,1,,0.339965,0.629212,0.030824,,1305200,,
0,2,,0.375494,0.082806,0.5417,,1309800,,
0,1,,0.305416,0.643873,0.050712,,1312300,,
0,0,,0.450583,0.208457,0.34096,,1308600,,
0,0,,0.622657,0.168733,0.20861,,1303900,,
0,0,,0.507929,0.13136,0.360711,,1335200,,
0,2,,0.306814,0.07304,0.620146,,1298700,,
0,0,,0.562492,0.244849,0.192659,,1296300,,
0,0,,0.595347,0.183758,0.220895,,1298700,,
0,1,,0.452999,0.47973,0.067271,,1306400,,
0,0,,0.463499,0.08566,0.450841,,1304900,,
0,2,,0.465446,0.05779,0.476764,,1305800,,
0,0,,0.436239,0.332095,0.231666,,1303900,,
0,1,,0.450107,0.483831,0.066061,,1298000,,
0,2,,0.315073,0.068214,0.616713,,1314300,,
0,0,,0.430509,0.156285,0.413206,,1305700,,
0,2,,0.346443,0.077067,0.57649,,1311700,,
0,0,,0.490991,0.336985,0.172024,,1315300,,
0,0,,0.534838,0.330968,0.134194,,1296700,,
0,1,,0.442672,0.449714,0.107614,,1312400,,
0,0,,0.457349,0.376697,0.165953,,1310700,,
0,0,,0.50799,0.125917,0.366093,,1298000,,
0,2,,0.291228,0.084575,0.624197,,1298400,,
0,0,,0.51381,0.301499,0.184691,,1296700,,
0,2,,0.443685,0.025052,0.531263,,1296800,,
0,0,,0.492695,0.237207,0.270099,,1303900,,
0,1,,0.371429,0.403707,0.224865,,1299100,,
0,2,,0.388097,0.036978,0.574925,,1300000,,
0,2,,0.391114,0.105012,0.503874,,1318500,,
0,0,,0.499244,0.464946,0.03581,,1296400,,
0,0,,0.567678,0.177046,0.255276,,1304400,,
0,0,,0.552432,0.198136,0.249431,,1311300,,
0,0,,0.482759,0.439885,0.077356,,1307700,,
0,1,,0.476405,0.485324,0.038271,,1298400,,
0,0,,0.549116,0.299114,0.15177,,1302400,,
0,2,,0.279607,0.092227,0.628166,,1303600,,
0,0,,0.546399,0.419552,0.034049,,1306500,,
0,2,,0.270519,0.150591,0.57889,,1302600,,
0,0,,0.399216,0.252812,0.347972,,1298800,,
0,0,,0.531099,0.390917,0.077984,,1301400,,
0,2,,0.428939,0.065523,0.505538,,1325700,,
0,1,,0.442677,0.53831,0.019013,,1303000,,
0,0,,0.485227,0.183292,0.331481,,1305600,,
0,2,,0.346858,0.096251,0.556891,,1299300,,
0,1,,0.411197,0.479761,0.109041,,1315300,,
0,2,,0.293126,0.048598,0.658277,,1319600,,
0,2,,0.376709,0.086697,0.536594,,1317100,,
0,2,,0.466616,0.065582,0.467802,,1312200,,
0,0,,0.510767,0.023777,0.465456,,1311600,,
0,0,,0.598221,0.145952,0.255827,,1312200,,
0,0,,0.502077,0.095614,0.40231,,1311700,,
0,0,,0.493134,0.129814,0.377052,,1321700,,
0,0,,0.647549,0.255477,0.096974,,1308000,,
0,1,,0.355408,0.62206,0.022532,,1298600,,
0,2,,0.320024,0.159411,0.520565,,1301300,,
0,0,,0.568162,0.182538,0.2493,,1297600,,
0,0,,0.54096,0.35455,0.10449,,1297100,,
0,0,,0.516901,0.442648,0.04045,,1305800,,
0,0,,0.438497,0.239035,0.322468,,1297000,,
0,1,,0.393816,0.465385,0.140799,,1298200,,
0,2,,0.300048,0.107426,0.592526,,1302600,,
0,0,,0.48472,0.170172,0.345109,,1298500,,
0,2,,0.378145,0.216099,0.405756,,1304400,,
0,0,,0.452074,0.245206,0.302721,,1317400,,
0,0,,0.449324,0.408887,0.141789,,1298700,,
0,0,,0.619045,0.187878,0.193078,,1295300,,
0,2,,0.343715,0.113332,0.542953,,1297700,,
0,1,,0.330923,0.61008,0.058997,,1301400,,
0,1,,0.401817,0.546014,0.052169,,1304400,,
0,2,,0.358777,0.033753,0.60747,,1307600,,
0,0,,0.535067,0.391496,0.073437,,1299500,,
0,0,,0.501084,0.454352,0.044564,,1296800,,
0,1,,0.419066,0.55439,0.026544,,1295600,,
0,2,,0.432684,0.101905,0.465411,,1301000,,
0,0,,0.49959,0.438044,0.062366,,1317000,,
0,0,,0.601552,0.349177,0.049271,,1299800,,
0,1,,0.371885,0.510688,0.117427,,1300000,,
0,0,,0.432133,0.250388,0.317479,,1302100,,
0,0,,0.506408,0.466608,0.026984,,1297700,,
0,0,,0.432192,0.391836,0.175972,,1300900,,
0,0,,0.548215,0.082993,0.368793,,1299000,,
0,0,,0.536247,0.058269,0.405484,,1294900,,
0,0,,0.460721,0.442478,0.096801,,1298700,,
0,2,,0.347006,0.066226,0.586768,,1298400,,
0,2,,0.376899,0.082384,0.540716,,1309700,,
0,2,,0.453433,0.066226,0.480341,,1298600,,
0,1,,0.45613,0.471405,0.072465,,1316200,,
0,1,,0.366439,0.553538,0.080023,,1299600,,
0,2,,0.324595,0.065594,0.609811,,1300900,,
0,2,,0.44512,0.052443,0.502436,,1305300,,
0,2,,0.320298,0.077067,0.602634,,1304200,,
0,1,,0.334144,0.456159,0.209698,,1297700,,
0,0,,0.618351,0.335967,0.045683,,1298300,,
0,2,,0.336061,0.092318,0.571621,,1300500,,
0,0,,0.392801,0.290057,0.317142,,1306000,,
0,0,,0.510031,0.062587,0.427381,,1297300,,
0,2,,0.248312,0.108668,0.64302,,1301100,,
0,2,,0.441964,0.083454,0.474582,,1331000,,
0,1,,0.353427,0.589499,0.057074,,1299500,,
0,1,,0.385854,0.505364,0.108782,,1297600,,
0,0,,0.475881,0.078545,0.445574,,1304200,,
0,0,,0.489581,0.44339,0.067028,,1296100,,
0,2,,0.374858,0.080578,0.544565,,1307900,,
0,0,,0.61654,0.221551,0.161909,,1302500,,
0,2,,0.396656,0.074391,0.528954,,1316600,,
0,0,,0.499116,0.425046,0.075837,,1314800,,
1,1,,0.202308,0.45969,0.338002,,1311100,,
1,1,,0.39813,0.579543,0.022328,,1309900,,
1,2,,0.093845,0.380561,0.525594,,1310900,,
1,1,,0.107862,0.455523,0.436615,,1320800,,
1,1,,0.272892,0.475264,0.251843,,1303400,,
1,1,,0.233817,0.685185,0.080998,,1306700,,
1,1,,0.339699,0.617378,0.042923,,1300200,,
1,1,,0.179838,0.577032,0.24313,,1299800,,
1,1,,0.310187,0.629668,0.060145,,1301400,,
1,1,,0.258866,0.705861,0.035273,,1301200,,
1,0,,0.400212,0.352577,0.247211,,1302700,,
1,1,,0.167381,0.619632,0.212987,,1302100,,
1,1,,0.251514,0.660155,0.088331,,1311500,,
1,2,,0.162208,0.323834,0.513958,,1309500,,
1,1,,0.115175,0.464602,0.420223,,1312900,,
1,1,,0.263214,0.666028,0.070758,,1313500,,
1,1,,0.221364,0.706868,0.071768,,1298900,,
1,1,,0.165132,0.583837,0.251031,,1301300,,
1,1,,0.177297,0.438203,0.384499,,1301200,,
1,1,,0.181667,0.551933,0.2664,,1299600,,
1,1,,0.345661,0.605978,0.048361,,1308700,,
1,2,,0.075539,0.367491,0.55697,,1297900,,
1,1,,0.270845,0.627444,0.101712,,1295300,,
1,1,,0.152081,0.648567,0.199351,,1300400,,
1,1,,0.152195,0.430954,0.416851,,1309100,,
1,1,,0.104382,0.6472,0.248418,,1305600,,
1,1,,0.348282,0.627957,0.02376,,1323600,,
1,1,,0.337007,0.532469,0.130524,,1300500,,
1,1,,0.335941,0.568096,0.095963,,1301900,,
1,1,,0.142354,0.523968,0.333678,,1300600,,
1,1,,0.278876,0.683819,0.037305,,1299300,,
1,1,,0.198992,0.698219,0.10279,,1307200,,
1,1,,0.149874,0.500137,0.349988,,1300100,,
1,2,,0.095549,0.351297,0.553154,,1303300,,
1,1,,0.397088,0.536621,0.06629,,1301400,,
1,0,,0.491557,0.489507,0.018935,,1297700,,
1,1,,0.34147,0.617117,0.041413,,1314100,,
1,1,,0.213696,0.66582,0.120485,,1322500,,
1,1,,0.347984,0.540799,0.111217,,1300900,,
1,1,,0.151538,0.61676,0.231702,,1301900,,
1,1,,0.1126,0.451503,0.435897,,1301800,,
1,1,,0.38773,0.549866,0.062404,,1299800,,
1,1,,0.230248,0.635163,0.134589,,1309300,,
1,1,,0.40893,0.563341,0.027729,,1301300,,
1,1,,0.289647,0.618241,0.092112,,1295900,,
1,1,,0.332086,0.489069,0.178846,,1301800,,
1,0,,0.475624,0.473467,0.050908,,1299000,,
1,1,,0.365253,0.604023,0.030723,,1306600,,
1,1,,0.284695,0.636616,0.078689,,1295800,,
1,1,,0.284497,0.495433,0.22007,,1322800,,
1,1,,0.253258,0.585135,0.161607,,1297700,,
1,1,,0.402815,0.548074,0.049111,,1316300,,
1,1,,0.218558,0.480136,0.301307,,1304500,,
1,1,,0.452376,0.528611,0.019013,,1301200,,
1,1,,0.163557,0.533488,0.302955,,1299100,,
1,1,,0.367346,0.512104,0.12055,,1301400,,
1,1,,0.266076,0.578459,0.155465,,1296300,,
1,1,,0.407711,0.56199,0.030299,,1303500,,
1,1,,0.161974,0.636505,0.201522,,1314000,,
1,1,,0.321188,0.589627,0.089185,,1309300,,
1,1,,0.223849,0.562771,0.21338,,1306200,,
1,2,,0.118523,0.435532,0.445945,,1309900,,
1,1,,0.161483,0.603859,0.234658,,1298700,,
1,1,,0.157551,0.630137,0.212312,,1307200,,
1,1,,0.168452,0.519132,0.312416,,1300000,,
1,1,,0.370888,0.605352,0.02376,,1298900,,
1,2,,0.136715,0.265888,0.597396,,1300200,,
1,1,,0.133341,0.460065,0.406594,,1299700,,
1,1,,0.393446,0.547051,0.059503,,1305900,,
1,1,,0.336015,0.562889,0.101096,,1296500,,
1,1,,0.440577,0.537369,0.022054,,1302300,,
1,1,,0.159236,0.642002,0.198761,,1296400,,
1,1,,0.404124,0.573344,0.022532,,1317100,,
1,1,,0.186928,0.645454,0.167618,,1303900,,
1,1,,0.102593,0.600458,0.296949,,1305000,,
1,2,,0.160428,0.37426,0.465312,,1298800,,
1,1,,0.181337,0.580314,0.238349,,1300300,,
1,1,,0.407007,0.52355,0.069443,,1298800,,
1,1,,0.374914,0.50988,0.115206,,1299600,,
1,1,,0.308779,0.541435,0.149785,,1311300,,
1,1,,0.20721,0.47504,0.31775,,1302800,,
1,1,,0.143864,0.537492,0.318644,,1303300,,
1,1,,0.164238,0.548956,0.286806,,1302200,,
1,1,,0.13826,0.700664,0.161076,,1306000,,
1,2,,0.183544,0.353478,0.462978,,1307200,,
1,1,,0.425898,0.553736,0.020366,,1307100,,
1,0,,0.491602,0.444616,0.063782,,1310100,,
1,1,,0.442438,0.481489,0.076073,,1298500,,
1,1,,0.295918,0.598779,0.105304,,1301300,,
1,1,,0.338879,0.554868,0.106253,,1309700,,
1,1,,0.204883,0.518334,0.276783,,1301800,,
1,1,,0.337717,0.504055,0.158228,,1299600,,
1,1,,0.392647,0.574717,0.032636,,1300400,,
1,1,,0.464495,0.508007,0.027498,,1305000,,
1,1,,0.374894,0.525583,0.099523,,1298800,,
1,1,,0.375082,0.60259,0.022328,,1328400,,
1,1,,0.119866,0.542924,0.33721,,1302300,,
1,1,,0.172924,0.506148,0.320928,,1300800,,
1,1,,0.151312,0.492009,0.35668,,1301800,,
1,1,,0.366946,0.585949,0.047104,,1304900,,
1,1,,0.407846,0.568075,0.024079,,1307200,,
1,1,,0.199046,0.556267,0.244687,,1324000,,
1,2,,0.09898,0.410704,0.490316,,1303900,,
1,1,,0.314728,0.552867,0.132406,,1301300,,
1,1,,0.314031,0.663436,0.022532,,1302900,,
1,2,,0.163359,0.30489,0.531751,,1315500,,
1,1,,0.150363,0.472004,0.377633,,1342100,,
1,1,,0.208391,0.630472,0.161136,,1301300,,
1,1,,0.396194,0.575176,0.02863,,1307200,,
1,1,,0.136369,0.495375,0.368256,,1303700,,
1,1,,0.152748,0.666017,0.181235,,1303200,,
1,1,,0.180992,0.616166,0.202842,,1307500,,
1,1,,0.397106,0.579408,0.023486,,1300800,,
1,1,,0.228224,0.564831,0.206945,,1301100,,
1,0,,0.472068,0.405043,0.122889,,1299200,,
1,1,,0.389866,0.589034,0.021099,,1299800,,
1,1,,0.310677,0.541858,0.147465,,1312500,,
1,2,,0.100645,0.317155,0.5822,,1301600,,
1,1,,0.37499,0.400567,0.224443,,1319500,,
1,1,,0.393798,0.575378,0.030824,,1299600,,
1,1,,0.160758,0.63153,0.207712,,1301800,,
1,1,,0.226666,0.671345,0.10199,,1303600,,
1,1,,0.331321,0.642103,0.026576,,1299800,,
1,1,,0.338914,0.587104,0.073982,,1299400,,
1,1,,0.305288,0.660173,0.034539,,1300300,,
1,1,,0.408928,0.509184,0.081889,,1306300,,
1,1,,0.381917,0.48735,0.130733,,1302400,,
1,1,,0.331815,0.573368,0.094817,,1304800,,
1,2,,0.08923,0.325396,0.585374,,1300300,,
1,1,,0.158955,0.631515,0.20953,,1324700,,
1,1,,0.262403,0.536482,0.201115,,1305900,,
1,1,,0.430973,0.546574,0.022452,,1300800,,
1,1,,0.372179,0.598225,0.029596,,1320000,,
1,1,,0.380174,0.564365,0.055461,,1308400,,
1,1,,0.308766,0.555588,0.135646,,1309700,,
1,1,,0.441559,0.524868,0.033573,,1301000,,
1,1,,0.26582,0.663858,0.070322,,1305100,,
1,1,,0.205686,0.609978,0.184336,,1306900,,
1,1,,0.247911,0.507716,0.244373,,1306600,,
1,1,,0.125892,0.438691,0.435417,,1301900,,
1,1,,0.261461,0.630139,0.1084,,1299600,,
1,1,,0.161123,0.490439,0.348438,,1325400,,
1,1,,0.221937,0.711292,0.066771,,1308200,,
1,1,,0.243385,0.522809,0.233806,,1309300,,
1,1,,0.227971,0.56149,0.210539,,1303500,,
1,1,,0.182722,0.505416,0.311862,,1313100,,
1,1,,0.224086,0.555356,0.220559,,1300500,,
1,1,,0.194979,0.660088,0.144933,,1305900,,
1,1,,0.239824,0.581826,0.17835,,1310000,,
1,1,,0.269476,0.652172,0.078352,,1303100,,
1,1,,0.185151,0.583223,0.231626,,1301800,,
1,1,,0.138349,0.514383,0.347268,,1306500,,
1,2,,0.135405,0.307601,0.556995,,1308200,,
1,1,,0.316571,0.605312,0.078116,,1306700,,
1,1,,0.293674,0.568335,0.137991,,1302000,,
1,1,,0.31643,0.607862,0.075708,,1303200,,
1,1,,0.333793,0.624929,0.041278,,1302300,,
1,1,,0.210114,0.639905,0.149981,,1301400,,
1,1,,0.220997,0.584777,0.194226,,1304400,,
1,1,,0.330423,0.600768,0.068809,,1309300,,
1,1,,0.361864,0.530401,0.107735,,1305200,,
1,2,,0.164275,0.392662,0.443064,,1304000,,
1,2,,0.176007,0.368565,0.455427,,1303300,,
1,1,,0.14847,0.74424,0.10729,,1300000,,
1,1,,0.348582,0.612023,0.039396,,1333500,,
1,2,,0.088421,0.376453,0.535126,,1303500,,
1,1,,0.411072,0.553517,0.035411,,1301500,,
1,1,,0.367546,0.532841,0.099612,,1299900,,
1,1,,0.267175,0.679081,0.053744,,1303800,,
1,1,,0.161942,0.714299,0.123759,,1309400,,
1,1,,0.19614,0.606807,0.197052,,1299600,,
1,2,,0.172483,0.398072,0.429445,,1303500,,
1,1,,0.321677,0.544442,0.133881,,1300900,,
1,0,,0.429674,0.425105,0.145221,,1300900,,
1,1,,0.372381,0.605292,0.022328,,1304700,,
1,1,,0.323754,0.617661,0.058585,,1322700,,
1,1,,0.346917,0.560126,0.092957,,1303400,,
1,1,,0.411546,0.559383,0.029071,,1301000,,
1,1,,0.221244,0.677023,0.101734,,1300800,,
1,1,,0.428609,0.508877,0.062514,,1300000,,
1,1,,0.216231,0.583747,0.200022,,1301900,,
1,1,,0.140694,0.469872,0.389434,,1381500,,
1,1,,0.293307,0.671112,0.035581,,1314800,,
1,1,,0.207216,0.57544,0.217344,,1301900,,
1,1,,0.369174,0.595207,0.035619,,1303900,,
1,1,,0.114417,0.604984,0.280599,,1313000,,
1,1,,0.144011,0.605484,0.250505,,1305300,,
1,2,,0.122796,0.343049,0.534155,,1329900,,
1,1,,0.344339,0.562803,0.092858,,1302400,,
1,1,,0.167158,0.470453,0.362389,,1308300,,
1,1,,0.154098,0.62006,0.225842,,1311100,,
1,1,,0.182085,0.410838,0.407077,,1303700,,
1,1,,0.362517,0.488025,0.149458,,1303900,,
1,1,,0.200583,0.63676,0.162657,,1304800,,
1,1,,0.384179,0.586225,0.029596,,1309400,,
1,1,,0.171261,0.531435,0.297303,,1304500,,
1,1,,0.348825,0.47766,0.173515,,1313300,,
1,1,,0.359101,0.511388,0.12951,,1304400,,
1,1,,0.185977,0.482312,0.331711,,1325000,,
1,1,,0.274184,0.590873,0.134943,,1304400,,
1,1,,0.09902,0.541087,0.359893,,1307700,,
1,1,,0.391256,0.416876,0.191868,,1310700,,
1,1,,0.165731,0.559452,0.274817,,1305100,,
1,1,,0.273188,0.550176,0.176636,,1304800,,
1,1,,0.164011,0.474768,0.361221,,1305800,,
1,1,,0.115785,0.530529,0.353686,,1307200,,
1,1,,0.242329,0.727463,0.030208,,1310000,,
1,1,,0.311075,0.592844,0.096081,,1304100,,
1,1,,0.339199,0.606499,0.054303,,1300100,,
1,2,,0.225884,0.314665,0.459451,,1304000,,
1,1,,0.356456,0.501977,0.141567,,1322500,,
1,1,,0.274865,0.502824,0.222311,,1299500,,
1,1,,0.309332,0.651551,0.039117,,1310800,,
1,1,,0.122491,0.522191,0.355317,,1302300,,
1,1,,0.358339,0.586821,0.05484,,1300900,,
1,2,,0.10159,0.332264,0.566147,,1300400,,
1,1,,0.224981,0.589142,0.185877,,1299800,,
1,1,,0.176173,0.687799,0.136028,,1305500,,
1,1,,0.157302,0.492334,0.350364,,1317900,,
1,1,,0.342062,0.577741,0.080197,,1305000,,
1,1,,0.303474,0.63501,0.061515,,1302800,,
1,1,,0.089064,0.50155,0.409386,,1334900,,
1,1,,0.279788,0.687504,0.032708,,1312400,,
1,1,,0.166245,0.561433,0.272322,,1302400,,
1,1,,0.354737,0.538648,0.106615,,1301600,,
1,1,,0.251074,0.575841,0.173086,,1301700,,
1,1,,0.118739,0.626615,0.254646,,1302500,,
1,1,,0.293058,0.545723,0.161219,,1302900,,
1,1,,0.371562,0.594574,0.033864,,1310100,,
1,1,,0.232643,0.521224,0.246134,,1303900,,
1,1,,0.294418,0.661822,0.04376,,1308700,,
1,1,,0.34125,0.596372,0.062378,,1311900,,
1,1,,0.245114,0.659763,0.095123,,1309600,,
1,1,,0.218608,0.539493,0.241898,,1318400,,
1,1,,0.320208,0.631287,0.048506,,1301300,,
1,1,,0.195699,0.614782,0.189518,,1305500,,
1,1,,0.46221,0.469599,0.068191,,1304100,,
1,1,,0.295658,0.583129,0.121214,,1301100,,
1,1,,0.289669,0.647357,0.062974,,1312300,,
1,1,,0.417716,0.526725,0.055559,,1305800,,
1,1,,0.155124,0.469092,0.375785,,1308200,,
1,1,,0.399553,0.54029,0.060157,,1305000,,
1,2,,0.076804,0.421147,0.502049,,1324400,,
1,2,,0.167233,0.299293,0.533473,,1310900,,
1,1,,0.429076,0.548786,0.022138,,1340700,,
1,1,,0.379369,0.598304,0.022328,,1297500,,
1,2,,0.099331,0.444787,0.455882,,1306600,,
1,2,,0.151024,0.386517,0.462458,,1303800,,
1,2,,0.144022,0.336665,0.519314,,1312500,,
1,1,,0.142773,0.606194,0.251033,,1316900,,
1,1,,0.196269,0.626093,0.177639,,1304200,,
1,1,,0.37898,0.578017,0.043003,,1306700,,
1,1,,0.359763,0.503576,0.136661,,1306800,,
1,1,,0.240225,0.604955,0.15482,,1375500,,
1,1,,0.210335,0.615314,0.174351,,1306100,,
1,2,,0.150028,0.297692,0.55228,,1328600,,
1,1,,0.233281,0.571003,0.195716,,1305800,,
1,2,,0.110379,0.42398,0.465641,,1307100,,
1,1,,0.354646,0.553841,0.091512,,1307200,,
1,1,,0.362782,0.553801,0.083416,,1316800,,
1,1,,0.392821,0.569359,0.03782,,1304600,,
1,1,,0.354018,0.545736,0.100247,,1304600,,
1,1,,0.156213,0.694554,0.149234,,1316200,,
1,1,,0.285699,0.631704,0.082597,,1312700,,
1,1,,0.281034,0.579051,0.139915,,1304000,,
1,1,,0.206369,0.69762,0.096011,,1310100,,
1,1,,0.157892,0.570778,0.27133,,1303100,,
1,1,,0.117799,0.535032,0.347169,,1330300,,
1,1,,0.307978,0.668262,0.02376,,1304200,,
1,1,,0.178363,0.45111,0.370527,,1302500,,
1,1,,0.201943,0.497974,0.300082,,1309400,,
1,1,,0.198735,0.570153,0.231112,,1303200,,
1,1,,0.145615,0.578453,0.275932,,1303400,,
1,1,,0.373663,0.603055,0.023282,,1314000,,
1,1,,0.197935,0.707513,0.094552,,1311400,,
1,2,,0.110175,0.444691,0.445134,,1316900,,
1,2,,0.112083,0.443121,0.444796,,1305000,,
1,1,,0.411602,0.453469,0.134929,,1309600,,
1,1,,0.064408,0.492616,0.442976,,1315600,,
1,1,,0.155951,0.71795,0.126099,,1322400,,
1,2,,0.110295,0.337331,0.552374,,1318900,,
1,1,,0.4778,0.503187,0.019013,,1312300,,
1,1,,0.085749,0.542399,0.371851,,1318200,,
1,1,,0.36678,0.562549,0.070671,,1301800,,
1,1,,0.146252,0.595864,0.257884,,1302300,,
1,1,,0.179625,0.428771,0.391604,,1304300,,
1,1,,0.365346,0.538197,0.096457,,1305600,,
1,1,,0.194764,0.719056,0.086179,,1300200,,
1,1,,0.3614,0.533139,0.105461,,1308300,,
1,1,,0.119428,0.521373,0.359199,,1310000,,
1,1,,0.453641,0.509423,0.036937,,1347000,,
1,1,,0.193383,0.635287,0.171329,,1311600,,
1,2,,0.08536,0.370649,0.54399,,1313000,,
1,2,,0.100995,0.320054,0.578952,,1299800,,
1,1,,0.222379,0.647772,0.129849,,1305400,,
1,1,,0.239872,0.66063,0.099498,,1300800,,
1,1,,0.365734,0.611734,0.022532,,1306100,,
1,1,,0.173641,0.626201,0.200158,,1317500,,
1,1,,0.354803,0.602741,0.042455,,1304100,,
1,1,,0.132639,0.478375,0.388986,,1304300,,
1,2,,0.140606,0.36686,0.492534,,1306600,,
1,1,,0.120128,0.567119,0.312754,,1311300,,
1,2,,0.174639,0.377067,0.448295,,1308300,,
1,1,,0.167107,0.629027,0.203866,,1305900,,
1,1,,0.123795,0.597664,0.278541,,1307300,,
1,1,,0.207795,0.63845,0.153755,,1302800,,
1,2,,0.106349,0.440701,0.45295,,1307600,,
1,1,,0.345297,0.5804,0.074303,,1318200,,
1,1,,0.379377,0.600177,0.020446,,1303400,,
1,1,,0.198157,0.632618,0.169225,,1302800,,
1,2,,0.135309,0.388447,0.476244,,1302300,,
1,2,,0.088914,0.396331,0.514755,,1303900,,
1,1,,0.118209,0.615428,0.266364,,1301800,,
1,1,,0.16342,0.5766,0.25998,,1326800,,
1,1,,0.399813,0.559821,0.040366,,1299600,,
1,1,,0.288167,0.432167,0.279666,,1302500,,
1,1,,0.176104,0.626127,0.197768,,1301400,,
1,1,,0.245955,0.629307,0.124738,,1305100,,
1,2,,0.154731,0.297356,0.547913,,1310600,,
1,1,,0.165269,0.606685,0.228046,,1303000,,
1,1,,0.311712,0.566071,0.122218,,1303600,,
1,1,,0.240359,0.678044,0.081597,,1304200,,
1,1,,0.214204,0.640279,0.145517,,1300400,,
1,1,,0.290705,0.587453,0.121842,,1312000,,
1,1,,0.29752,0.490276,0.212204,,1326800,,
1,1,,0.273168,0.66262,0.064212,,1302600,,
1,1,,0.226909,0.657268,0.115823,,1337700,,
1,1,,0.127864,0.516562,0.355574,,1310900,,
1,1,,0.341868,0.531743,0.126389,,1317300,,
1,1,,0.446544,0.532849,0.020607,,1308600,,
1,1,,0.349331,0.546235,0.104434,,1306000,,
2,2,,0.31088,0.08234,0.606781,,1301200,,
2,2,,0.35447,0.069742,0.575789,,1301900,,
2,2,,0.130562,0.199393,0.670045,,1304600,,
2,2,,0.160431,0.178611,0.660957,,1311600,,
2,2,,0.135748,0.26252,0.601732,,1302000,,
2,2,,0.07894,0.383086,0.537974,,1343400,,
2,2,,0.082529,0.362389,0.555082,,1302300,,
2,2,,0.356231,0.028214,0.615556,,1315900,,
2,2,,0.101056,0.397106,0.501838,,1316400,,
2,2,,0.16634,0.132802,0.700858,,1305600,,
2,2,,0.312773,0.082501,0.604726,,1304500,,
2,2,,0.28095,0.080658,0.638392,,1312800,,
2,2,,0.328577,0.098826,0.572597,,1309700,,
2,2,,0.411153,0.047342,0.541505,,1312300,,
2,2,,0.411332,0.026226,0.562442,,1306200,,
2,2,,0.396918,0.068866,0.534216,,1306900,,
2,2,,0.285548,0.121994,0.592458,,1322700,,
2,2,,0.241488,0.103531,0.654981,,1303400,,
2,2,,0.256971,0.11716,0.625868,,1304700,,
2,2,,0.354468,0.047429,0.598104,,1312600,,
2,2,,0.356563,0.029248,0.614189,,1323100,,
2,2,,0.413188,0.046143,0.540669,,1313000,,
2,2,,0.390886,0.048214,0.5609,,1309200,,
2,2,,0.373809,0.081457,0.544734,,1314200,,
2,2,,0.179659,0.136855,0.683487,,1317100,,
2,2,,0.230383,0.073218,0.696399,,1314900,,
2,2,,0.148698,0.141189,0.710113,,1303500,,
2,2,,0.215983,0.126171,0.657846,,1338300,,
2,2,,0.297672,0.071322,0.631006,,1311400,,
2,2,,0.122722,0.166068,0.71121,,1327900,,
2,2,,0.124718,0.282937,0.592344,,1313700,,
2,2,,0.157119,0.370457,0.472424,,1312200,,
2,2,,0.10098,0.318156,0.580863,,1313600,,
2,2,,0.410501,0.026226,0.563272,,1314700,,
2,2,,0.250953,0.057917,0.69113,,1324700,,
2,2,,0.138968,0.373285,0.487747,,1305000,,
2,2,,0.104709,0.334926,0.560366,,1301200,,
2,2,,0.354338,0.068009,0.577653,,1304300,,
2,2,,0.091262,0.249291,0.659448,,1308300,,
2,2,,0.141453,0.325886,0.532661,,1313800,,
2,2,,0.246031,0.135685,0.618284,,1323600,,
2,2,,0.155379,0.126204,0.718417,,1303400,,
2,2,,0.132736,0.154735,0.712529,,1301600,,
2,2,,0.130876,0.299673,0.569451,,1316500,,
2,2,,0.294254,0.10347,0.602276,,1309600,,
2,2,,0.130251,0.304361,0.565388,,1318800,,
2,2,,0.437068,0.046226,0.516706,,1311400,,
2,2,,0.138239,0.17895,0.682811,,1304500,,
2,2,,0.181389,0.257348,0.561263,,1303300,,
2,2,,0.304555,0.078248,0.617197,,1305100,,
2,2,,0.166939,0.154667,0.678395,,1340000,,
2,2,,0.254741,0.086661,0.658598,,1308600,,
2,2,,0.236972,0.100239,0.662789,,1300100,,
2,2,,0.279072,0.086963,0.633965,,1301800,,
2,2,,0.166493,0.2708,0.562706,,1299600,,
2,2,,0.199892,0.16439,0.635718,,1306500,,
2,2,,0.229428,0.058709,0.711862,,1304600,,
2,2,,0.242279,0.100086,0.657635,,1304800,,
2,2,,0.290578,0.068051,0.64137,,1301000,,
2,2,,0.087915,0.369092,0.542993,,1304500,,
2,2,,0.295263,0.130384,0.574353,,1302400,,
2,2,,0.108063,0.364497,0.527439,,1309500,,
2,2,,0.123212,0.254515,0.622273,,1327200,,
2,2,,0.104126,0.411403,0.484471,,1303600,,
2,2,,0.298109,0.103202,0.59869,,1307700,,
2,2,,0.228448,0.112428,0.659124,,1301300,,
2,2,,0.234152,0.161841,0.604007,,1310800,,
2,2,,0.347848,0.082685,0.569467,,1321100,,
2,2,,0.357261,0.031824,0.610916,,1311800,,
2,2,,0.100705,0.353116,0.54618,,2708600,,
2,2,,0.224285,0.076798,0.698917,,2529600,,
2,2,,0.286668,0.048602,0.66473,,2295200,,
2,2,,0.339907,0.064567,0.595527,,1292900,,
2,2,,0.191367,0.219777,0.588856,,1301100,,
2,2,,0.162556,0.248369,0.589075,,1291700,,
2,2,,0.138856,0.297019,0.564125,,1291300,,
2,2,,0.319048,0.043541,0.637411,,1312900,,
2,2,,0.194798,0.162275,0.642927,,1301000,,
2,2,,0.239432,0.119052,0.641516,,1300000,,
2,2,,0.307021,0.083825,0.609154,,1301100,,
2,2,,0.338918,0.066226,0.594856,,1303200,,
2,2,,0.194821,0.291985,0.513194,,1298200,,
2,2,,0.395565,0.023454,0.580982,,1316500,,
2,2,,0.283531,0.0702,0.646269,,1302400,,
2,2,,0.337783,0.066685,0.595532,,1302000,,
2,2,,0.114395,0.370811,0.514794,,1298600,,
2,2,,0.120499,0.354827,0.524674,,1307300,,
2,2,,0.356505,0.047175,0.59632,,1306000,,
2,2,,0.313922,0.088598,0.59748,,1300500,,
2,2,,0.306261,0.174073,0.519667,,1312700,,
2,2,,0.216829,0.129446,0.653725,,1300500,,
2,2,,0.39881,0.046697,0.554493,,1296000,,
2,2,,0.352433,0.036964,0.610602,,1300300,,
2,2,,0.399373,0.064711,0.535916,,1322800,,
2,1,,0.178692,0.478283,0.343025,,1303500,,
2,2,,0.284031,0.048051,0.667918,,1300800,,
2,2,,0.413701,0.057527,0.528773,,1302500,,
2,2,,0.097807,0.22265,0.679543,,1301500,,
2,2,,0.255865,0.076116,0.668019,,1300400,,
2,1,,0.13248,0.483945,0.383575,,1308600,,
2,2,,0.321059,0.06839,0.610552,,1300700,,
2,2,,0.211343,0.08313,0.705528,,1414500,,
2,2,,0.277342,0.090244,0.632414,,1327400,,
2,2,,0.396878,0.046226,0.556896,,1311300,,
2,2,,0.255256,0.058678,0.686065,,1365500,,
2,2,,0.232069,0.117709,0.650222,,1329600,,
2,2,,0.336899,0.081457,0.581643,,1300300,,
2,2,,0.142579,0.366896,0.490525,,1323400,,
2,2,,0.163108,0.164373,0.672519,,1306000,,
2,2,,0.243322,0.084389,0.672289,,1297900,,
2,2,,0.131217,0.212666,0.656117,,1298300,,
2,2,,0.138404,0.356668,0.504928,,1311300,,
2,2,,0.141957,0.158734,0.699309,,1312500,,
2,2,,0.177632,0.187258,0.63511,,1329900,,
2,2,,0.125154,0.30842,0.566425,,1309200,,
2,1,,0.123222,0.597394,0.279384,,1316700,,
2,2,,0.20235,0.092498,0.705152,,1317000,,
2,1,,0.143665,0.515852,0.340483,,1313100,,
2,2,,0.130192,0.375403,0.494406,,1305400,,
2,2,,0.098183,0.363476,0.538341,,1298900,,
2,2,,0.109523,0.434276,0.456201,,1301200,,
2,2,,0.145649,0.28898,0.565371,,1307500,,
2,2,,0.348843,0.080204,0.570954,,1300200,,
2,2,,0.114015,0.442565,0.44342,,1298500,,
2,2,,0.180701,0.109842,0.709457,,1297600,,
2,2,,0.087959,0.250066,0.661975,,1326000,,
2,2,,0.169659,0.126542,0.703799,,1326200,,
2,2,,0.169424,0.143154,0.687422,,1300900,,
2,2,,0.103282,0.352725,0.543994,,1347100,,
2,2,,0.141446,0.173661,0.684893,,1324500,,
2,2,,0.368273,0.131269,0.500458,,1307100,,
2,0,,0.475701,0.049599,0.4747,,1311300,,
2,2,,0.164611,0.194706,0.640683,,1312000,,
2,2,,0.35545,0.078522,0.566029,,1304800,,
2,2,,0.136045,0.356333,0.507623,,1311500,,
2,2,,0.15238,0.261081,0.586539,,1299500,,
2,2,,0.203362,0.108368,0.68827,,1306900,,
2,2,,0.351508,0.044567,0.603925,,1352600,,
2,2,,0.086219,0.344194,0.569587,,1306500,,
2,2,,0.136823,0.196075,0.667101,,1313600,,
2,2,,0.105701,0.357579,0.536721,,1308500,,
2,2,,0.203783,0.118868,0.677349,,1305000,,
2,2,,0.235649,0.174483,0.589868,,1307300,,
2,2,,0.099334,0.286354,0.614312,,1313200,,
2,2,,0.358434,0.047729,0.593837,,1313800,,
2,2,,0.100982,0.371183,0.527836,,1316000,,
2,2,,0.285047,0.138975,0.575978,,1296900,,
2,2,,0.151003,0.148237,0.70076,,1302600,,
2,2,,0.275061,0.049248,0.675691,,1310000,,
2,2,,0.326366,0.046226,0.627407,,1325400,,
2,2,,0.232384,0.103642,0.663974,,1333200,,
2,2,,0.087058,0.413239,0.499703,,1309500,,
2,2,,0.162601,0.138819,0.698579,,1302300,,
2,1,,0.195063,0.406158,0.39878,,1303500,,
2,2,,0.142312,0.150646,0.707041,,1297700,,
2,2,,0.220999,0.107735,0.671266,,1305500,,
2,2,,0.296063,0.077048,0.626889,,1308300,,
2,2,,0.161419,0.354459,0.484122,,1311000,,
2,2,,0.12878,0.114443,0.756777,,1306300,,
2,2,,0.370788,0.029902,0.59931,,1306800,,
2,1,,0.181752,0.456513,0.361735,,1304900,,
2,2,,0.331488,0.048051,0.620461,,1300200,,
2,2,,0.242165,0.100498,0.657336,,1318200,,
2,2,,0.174529,0.125386,0.700084,,1303500,,
2,2,,0.267667,0.103504,0.628829,,1296700,,
2,2,,0.170516,0.185313,0.644171,,1315700,,
2,2,,0.273876,0.077851,0.648273,,1314300,,
2,2,,0.303686,0.112485,0.583829,,1299400,,
2,2,,0.215656,0.088837,0.695508,,1299200,,
2,2,,0.135146,0.149862,0.714993,,1307000,,
2,2,,0.291722,0.047729,0.660549,,1311900,,
2,2,,0.117657,0.251783,0.63056,,1317200,,
2,2,,0.412704,0.040302,0.546994,,1302100,,
2,2,,0.148243,0.211843,0.639913,,1382800,,
2,2,,0.263354,0.093499,0.643147,,1322800,,
2,2,,0.211137,0.223551,0.565313,,1298000,,
2,2,,0.333691,0.068214,0.598095,,1298900,,
2,2,,0.262212,0.069459,0.668329,,1296400,,
2,2,,0.207283,0.076534,0.716183,,1300500,,
2,2,,0.157352,0.113932,0.728716,,1312300,,
2,2,,0.154169,0.359463,0.486368,,1306900,,
2,2,,0.147389,0.356029,0.496581,,1302200,,
2,1,,0.117314,0.497138,0.385549,,1309600,,
2,2,,0.220014,0.116426,0.66356,,1307400,,
2,2,,0.199861,0.120355,0.679784,,1306200,,
2,2,,0.160109,0.111268,0.728623,,2276300,,
2,2,,0.241217,0.089002,0.669781,,2501400,,
2,2,,0.238493,0.091553,0.669955,,2485200,,
2,2,,0.12317,0.199144,0.677685,,2488500,,
2,2,,0.21452,0.212987,0.572493,,2479100,,
2,2,,0.236275,0.094905,0.66882,,2483800,,
2,1,,0.08439,0.492903,0.422707,,2380600,,
2,2,,0.371883,0.076978,0.551139,,1290000,,
2,2,,0.126859,0.301043,0.572098,,1285800,,
2,2,,0.086056,0.357281,0.556663,,1286700,,
2,2,,0.145632,0.296006,0.558362,,1286000,,
2,2,,0.177318,0.202187,0.620495,,1290100,,
2,2,,0.117939,0.303553,0.578508,,1283800,,
2,2,,0.315372,0.122534,0.562094,,1300900,,
2,2,,0.078881,0.33008,0.59104,,1297700,,
2,2,,0.325103,0.045518,0.629379,,1297500,,
2,2,,0.163353,0.305742,0.530905,,1299200,,
2,2,,0.15833,0.076866,0.764804,,1298200,,
2,2,,0.098541,0.35883,0.542628,,1325000,,
2,2,,0.290626,0.114816,0.594558,,1300900,,
2,2,,0.183482,0.16682,0.649699,,1297200,,
2,2,,0.167253,0.151283,0.681464,,1304800,,
2,2,,0.184191,0.153028,0.662781,,1305400,,
2,2,,0.129506,0.200164,0.67033,,1307500,,
2,2,,0.177932,0.141894,0.680174,,1289000,,
2,2,,0.197637,0.124218,0.678145,,1289400,,
2,2,,0.19916,0.241917,0.558923,,1296600,,
2,2,,0.375125,0.046697,0.578179,,1292700,,
2,2,,0.145875,0.132845,0.72128,,1317600,,
2,2,,0.17632,0.16026,0.66342,,1294000,,
2,2,,0.121736,0.205808,0.672456,,1300900,,
2,2,,0.110584,0.195236,0.69418,,1315500,,
2,2,,0.14313,0.145578,0.711292,,1307600,,
2,2,,0.138128,0.177041,0.684831,,1308000,,
2,2,,0.111723,0.256371,0.631905,,1306100,,
2,2,,0.100062,0.260482,0.639455,,1296100,,
2,2,,0.274584,0.037048,0.688368,,1295000,,
2,2,,0.154162,0.418388,0.427451,,1298700,,
2,2,,0.282562,0.068367,0.649071,,1297600,,
2,2,,0.384677,0.066697,0.548627,,1302600,,
2,2,,0.194484,0.194824,0.610692,,1327900,,
2,2,,0.30816,0.091598,0.600242,,1306000,,
2,2,,0.132922,0.111175,0.755903,,1320800,,
2,2,,0.141635,0.118829,0.739536,,1321800,,
2,2,,0.393551,0.043218,0.563232,,1309800,,
2,2,,0.247711,0.080236,0.672052,,1300300,,
2,2,,0.241558,0.08901,0.669432,,1289600,,
2,2,,0.401862,0.025518,0.57262,,1308200,,
2,2,,0.200597,0.096719,0.702684,,1309000,,
2,2,,0.124819,0.195178,0.680004,,1305800,,
2,2,,0.142637,0.156973,0.70039,,1303600,,
2,2,,0.26078,0.128536,0.610684,,1341200,,
2,2,,0.092568,0.417775,0.489656,,1306300,,
2,2,,0.426884,0.063454,0.509662,,1304400,,
2,2,,0.113122,0.251989,0.634889,,1314800,,
2,2,,0.098744,0.338482,0.562775,,1298200,,
2,2,,0.316814,0.184063,0.499124,,1302000,,
2,2,,0.166405,0.371163,0.462432,,1305900,,
2,2,,0.442911,0.099231,0.457858,,1302200,,
2,2,,0.116427,0.317915,0.565658,,1302800,,
2,2,,0.365323,0.062983,0.571694,,1304900,,
2,2,,0.109838,0.298001,0.592162,,1293400,,
2,2,,0.384666,0.047175,0.568159,,1289200,,
2,1,,0.118641,0.537456,0.343903,,1313500,,
2,2,,0.311702,0.054202,0.634097,,1299000,,
2,1,,0.120915,0.451235,0.42785,,1301100,,
2,1,,0.176234,0.470109,0.353657,,1311000,,
2,2,,0.276171,0.08097,0.642858,,1300700,,
2,2,,0.1286,0.133333,0.738068,,1299200,,
2,2,,0.09903,0.211436,0.689534,,1298400,,
2,1,,0.173401,0.427924,0.398675,,1296500,,
2,2,,0.094682,0.369313,0.536004,,1299000,,
2,2,,0.358889,0.049822,0.591289,,1298900,,
2,2,,0.214162,0.105281,0.680557,,1299000,,
2,2,,0.182332,0.146683,0.670985,,1316800,,
