waveform-noise,Tuned_CWT,test,2,NANOSECONDS,PREDICTIONS, Generated by ClassifierExperiments.java on 2022-05-16 02:13:27.    SYSTEMPROPERTIES:{user.name:matth,os.arch:amd64,os.name:Windows 10},ENDSYSTEMPROPERTIES
No parameter info
0.7642357642357642,1417220900,1316483000,-1,67936904,3,,-1,-1
0,0,,0.568708,0.40321,0.028082,,2649800,,
0,1,,0.479722,0.496108,0.02417,,1435300,,
0,1,,0.365283,0.609809,0.024908,,1340500,,
0,0,,0.500886,0.440679,0.058434,,1339000,,
0,0,,0.49774,0.142645,0.359615,,1314300,,
0,0,,0.413715,0.317694,0.268591,,1316100,,
0,0,,0.384028,0.303565,0.312408,,1331400,,
0,1,,0.450696,0.52694,0.022363,,1330900,,
0,0,,0.523375,0.425353,0.051272,,1328700,,
0,2,,0.415486,0.045476,0.539038,,1313100,,
0,0,,0.390912,0.283979,0.325108,,1302400,,
0,2,,0.408689,0.028958,0.562353,,1335400,,
0,1,,0.341053,0.487554,0.171393,,1318400,,
0,2,,0.373691,0.038268,0.588041,,1292900,,
0,1,,0.421061,0.544007,0.034931,,1295800,,
0,2,,0.32885,0.104066,0.567085,,1301000,,
0,2,,0.410129,0.163065,0.426806,,1295200,,
0,0,,0.52564,0.157931,0.316429,,1302900,,
0,1,,0.415697,0.5591,0.025203,,1294900,,
0,2,,0.398638,0.035833,0.565529,,1295100,,
0,1,,0.37433,0.600467,0.025203,,1294600,,
0,0,,0.586874,0.339675,0.073451,,1296100,,
0,1,,0.464561,0.47418,0.061259,,1292800,,
0,0,,0.425018,0.39849,0.176492,,1312800,,
0,2,,0.446713,0.025804,0.527483,,1292600,,
0,0,,0.588799,0.289705,0.121496,,1293000,,
0,0,,0.598258,0.136375,0.265367,,1290300,,
0,0,,0.614215,0.181113,0.204672,,1293100,,
0,2,,0.312368,0.030928,0.656704,,1290300,,
0,2,,0.39674,0.056306,0.546954,,1296600,,
0,2,,0.430203,0.023162,0.546635,,1300400,,
0,1,,0.457328,0.498595,0.044077,,1297900,,
0,1,,0.437185,0.491826,0.070989,,1296700,,
0,0,,0.556669,0.331212,0.112119,,1297800,,
0,0,,0.449224,0.423625,0.127151,,1319800,,
0,0,,0.583506,0.192905,0.223588,,1304600,,
0,1,,0.441131,0.527411,0.031458,,1306600,,
0,2,,0.369926,0.031493,0.598581,,1301800,,
0,2,,0.431203,0.030883,0.537914,,1294300,,
0,0,,0.636361,0.212056,0.151583,,1305100,,
0,0,,0.568568,0.045942,0.38549,,1300500,,
0,1,,0.375593,0.587867,0.03654,,1306800,,
0,1,,0.365461,0.610327,0.024212,,1318000,,
0,0,,0.548922,0.426029,0.025049,,1302200,,
0,0,,0.492918,0.482114,0.024968,,1298000,,
0,0,,0.59803,0.272618,0.129352,,1308400,,
0,1,,0.474395,0.487201,0.038404,,1333500,,
0,2,,0.43517,0.023322,0.541508,,1312000,,
0,0,,0.470768,0.102666,0.426567,,1305900,,
0,0,,0.540159,0.276672,0.183169,,1310300,,
0,0,,0.471444,0.401739,0.126818,,1313900,,
0,2,,0.396148,0.026046,0.577806,,1305500,,
0,1,,0.463929,0.491165,0.044906,,1302300,,
0,0,,0.584556,0.154936,0.260508,,1316500,,
0,2,,0.393655,0.079594,0.526751,,1304500,,
0,2,,0.385085,0.040012,0.574904,,1303600,,
0,0,,0.500894,0.190232,0.308875,,1305200,,
0,1,,0.376585,0.599232,0.024182,,1321700,,
0,0,,0.538168,0.132006,0.329826,,1302500,,
0,1,,0.414484,0.549421,0.036095,,1301300,,
0,0,,0.536633,0.298359,0.165008,,1299500,,
0,2,,0.31367,0.158321,0.528009,,1298900,,
0,1,,0.338504,0.621461,0.040035,,1310100,,
0,2,,0.361235,0.033563,0.605202,,1301100,,
0,0,,0.569976,0.309655,0.12037,,1303100,,
0,0,,0.436928,0.307967,0.255105,,1300900,,
0,0,,0.498112,0.294858,0.20703,,1324000,,
0,0,,0.517498,0.04505,0.437452,,1312600,,
0,2,,0.430189,0.026046,0.543765,,1393000,,
0,0,,0.545671,0.413164,0.041165,,1324200,,
0,2,,0.413083,0.025968,0.560949,,1300200,,
0,1,,0.347152,0.608338,0.044511,,1304100,,
0,1,,0.471131,0.504518,0.024352,,1305600,,
0,1,,0.403768,0.574251,0.021981,,1301100,,
0,2,,0.343529,0.032055,0.624416,,1306300,,
0,2,,0.345234,0.031551,0.623216,,1306800,,
0,0,,0.484257,0.316125,0.199617,,1303300,,
0,1,,0.413225,0.531659,0.055117,,1304900,,
0,1,,0.326833,0.633649,0.039517,,1318800,,
0,2,,0.323949,0.024698,0.651353,,1302800,,
0,1,,0.399138,0.552125,0.048737,,1320300,,
0,1,,0.436851,0.53987,0.02328,,1302100,,
0,1,,0.458836,0.498201,0.042962,,1301800,,
0,2,,0.371495,0.031147,0.597357,,1294600,,
0,2,,0.419457,0.031909,0.548633,,1298300,,
0,0,,0.51086,0.465755,0.023384,,1294900,,
0,2,,0.402661,0.02483,0.572509,,1298600,,
0,0,,0.662074,0.197903,0.140023,,1302900,,
0,0,,0.604498,0.237431,0.158071,,1301300,,
0,0,,0.510349,0.087012,0.402639,,1293800,,
0,2,,0.201395,0.100766,0.697839,,1316400,,
0,0,,0.485889,0.056443,0.457668,,1299100,,
0,2,,0.374521,0.026126,0.599353,,1299900,,
0,0,,0.503153,0.026255,0.470592,,1304300,,
0,0,,0.576851,0.259906,0.163243,,1296300,,
0,2,,0.433051,0.04308,0.523869,,1295900,,
0,0,,0.503178,0.44261,0.054211,,1301400,,
0,0,,0.580306,0.335828,0.083866,,1294500,,
0,1,,0.438423,0.539214,0.022363,,1294100,,
0,2,,0.420735,0.023244,0.556022,,1292200,,
0,0,,0.483883,0.454366,0.061752,,1293400,,
0,0,,0.491475,0.312961,0.195564,,1296400,,
0,0,,0.495789,0.437396,0.066815,,1312500,,
0,0,,0.552579,0.222029,0.225392,,1314200,,
0,0,,0.559356,0.302122,0.138523,,1291500,,
0,0,,0.538735,0.124499,0.336765,,1296100,,
0,2,,0.298398,0.028647,0.672955,,1296200,,
0,0,,0.619957,0.222848,0.157195,,1293500,,
0,1,,0.397767,0.556008,0.046225,,1298000,,
0,2,,0.33112,0.028568,0.640312,,1296200,,
0,0,,0.535128,0.325772,0.1391,,1293100,,
0,2,,0.436086,0.029093,0.534822,,1293700,,
0,1,,0.421875,0.552724,0.025401,,1293400,,
0,2,,0.394769,0.178566,0.426665,,1298200,,
0,2,,0.433276,0.02483,0.541894,,1290400,,
0,2,,0.385711,0.03794,0.576349,,1313700,,
0,0,,0.540453,0.193792,0.265754,,1290100,,
0,2,,0.345655,0.026126,0.628219,,1292800,,
0,1,,0.448615,0.500868,0.050517,,1296900,,
0,2,,0.283688,0.04339,0.672922,,1298100,,
0,0,,0.500649,0.175207,0.324144,,1295600,,
0,1,,0.398606,0.564235,0.037159,,1292900,,
0,0,,0.529446,0.357294,0.11326,,1293500,,
0,1,,0.457512,0.517986,0.024502,,1292300,,
0,2,,0.417968,0.10522,0.476813,,1304000,,
0,0,,0.561405,0.407218,0.031376,,1293600,,
0,1,,0.371147,0.577632,0.051221,,1308200,,
0,1,,0.37058,0.604217,0.025203,,1337300,,
0,0,,0.593419,0.079476,0.327105,,1291100,,
0,2,,0.379471,0.054683,0.565846,,1297400,,
0,0,,0.527766,0.179272,0.292961,,1295400,,
0,0,,0.621275,0.072255,0.30647,,1290400,,
0,0,,0.577155,0.226279,0.196566,,1295700,,
0,2,,0.446235,0.024413,0.529351,,1292500,,
0,1,,0.413593,0.551355,0.035052,,1296500,,
0,0,,0.602926,0.149014,0.24806,,1292100,,
0,1,,0.431595,0.543669,0.024737,,1296100,,
0,1,,0.389982,0.543307,0.066711,,1293600,,
0,1,,0.283434,0.659132,0.057434,,1309400,,
0,2,,0.358925,0.028568,0.612508,,1301400,,
0,0,,0.604289,0.207926,0.187785,,1302900,,
0,0,,0.494092,0.239366,0.266542,,1296300,,
0,0,,0.606847,0.18536,0.207793,,1294400,,
0,0,,0.528432,0.40092,0.070648,,1295900,,
0,0,,0.597615,0.304684,0.097701,,1295900,,
0,2,,0.315346,0.066549,0.618105,,1296800,,
0,2,,0.369009,0.064368,0.566623,,1296600,,
0,1,,0.487152,0.490647,0.022202,,1298500,,
0,2,,0.353115,0.136692,0.510192,,1297100,,
0,1,,0.477452,0.497827,0.024722,,1315400,,
0,0,,0.560069,0.05618,0.383752,,1295500,,
0,1,,0.446636,0.531001,0.022363,,1295600,,
0,2,,0.331982,0.029457,0.638562,,1321400,,
0,1,,0.337061,0.617736,0.045203,,1305300,,
0,0,,0.559787,0.062241,0.377972,,1297800,,
0,2,,0.395747,0.025968,0.578285,,1301700,,
0,0,,0.498596,0.072568,0.428837,,1300000,,
0,1,,0.447466,0.460732,0.091802,,1300100,,
0,1,,0.358709,0.597771,0.04352,,1295900,,
0,0,,0.519803,0.18719,0.293007,,1295000,,
0,0,,0.540155,0.269635,0.190211,,1295100,,
0,0,,0.641985,0.314306,0.043709,,1303400,,
0,2,,0.476914,0.025968,0.497118,,1298100,,
0,0,,0.450222,0.406838,0.142939,,1297800,,
0,0,,0.603837,0.179834,0.216329,,1307900,,
0,0,,0.587559,0.275331,0.137109,,1305900,,
0,0,,0.557488,0.287761,0.154751,,1309000,,
0,0,,0.470557,0.312811,0.216632,,1300700,,
0,0,,0.589607,0.340184,0.070209,,1292500,,
0,0,,0.524854,0.16033,0.314816,,1297600,,
0,0,,0.471982,0.379697,0.148321,,1293900,,
0,0,,0.470706,0.162182,0.367112,,1308700,,
0,1,,0.445691,0.512436,0.041873,,1318500,,
0,1,,0.448663,0.510663,0.040674,,1291800,,
0,2,,0.419606,0.025884,0.55451,,1296800,,
0,1,,0.43582,0.458451,0.105729,,1294900,,
0,2,,0.368539,0.024618,0.606843,,1317300,,
0,0,,0.617616,0.17462,0.207763,,1304900,,
0,0,,0.506611,0.025727,0.467662,,1303200,,
0,0,,0.563217,0.35195,0.084833,,1304200,,
0,0,,0.513837,0.037494,0.448669,,1304800,,
0,0,,0.615108,0.071168,0.313724,,1304000,,
0,2,,0.325237,0.027218,0.647545,,1295500,,
0,0,,0.593391,0.283578,0.123031,,1304200,,
0,2,,0.263227,0.042678,0.694095,,1326900,,
0,0,,0.605386,0.268675,0.125939,,1296700,,
0,0,,0.609846,0.144621,0.245533,,1293500,,
0,1,,0.469319,0.480591,0.05009,,1302500,,
0,0,,0.509142,0.083243,0.407615,,1308600,,
0,2,,0.364496,0.025872,0.609633,,1314300,,
0,0,,0.590996,0.316678,0.092326,,1307300,,
0,2,,0.21128,0.044342,0.744378,,1295400,,
0,1,,0.387921,0.569285,0.042794,,1295600,,
0,2,,0.433852,0.027608,0.538539,,1304400,,
0,0,,0.671146,0.253198,0.075657,,1300100,,
0,1,,0.3697,0.607315,0.022984,,1322000,,
0,2,,0.485411,0.024588,0.490002,,1292200,,
0,1,,0.384223,0.592197,0.02358,,1302600,,
0,0,,0.500567,0.026748,0.472685,,1304000,,
0,0,,0.492411,0.235819,0.27177,,1302900,,
0,0,,0.601544,0.188831,0.209625,,1294200,,
0,1,,0.483141,0.492274,0.024585,,1305200,,
0,0,,0.498012,0.433278,0.068709,,1298000,,
0,0,,0.679721,0.267095,0.053184,,1292800,,
0,2,,0.421904,0.062152,0.515944,,1301800,,
0,0,,0.599271,0.208947,0.191782,,1302400,,
0,0,,0.490575,0.059399,0.450025,,1299600,,
0,0,,0.475743,0.066251,0.458006,,1310100,,
0,0,,0.512636,0.219761,0.267603,,1298100,,
0,0,,0.506646,0.094194,0.39916,,1294500,,
0,2,,0.389978,0.024698,0.585323,,1295800,,
0,0,,0.45015,0.173843,0.376007,,1292400,,
0,0,,0.49922,0.463512,0.037268,,1294500,,
0,1,,0.462561,0.515473,0.021966,,1294800,,
0,1,,0.318752,0.59786,0.083387,,1299900,,
0,0,,0.471907,0.467163,0.06093,,1295900,,
0,0,,0.514712,0.129201,0.356087,,1291700,,
0,1,,0.37377,0.579646,0.046584,,1296800,,
0,1,,0.436845,0.512481,0.050673,,1327200,,
0,0,,0.564649,0.189348,0.246004,,1306400,,
0,2,,0.316764,0.09818,0.585056,,1304700,,
0,0,,0.582387,0.206269,0.211344,,1303100,,
0,1,,0.362761,0.604405,0.032834,,1295700,,
0,1,,0.45669,0.521344,0.021966,,1290000,,
0,1,,0.356074,0.586232,0.057693,,1294800,,
0,1,,0.409442,0.562855,0.027703,,1319400,,
0,1,,0.469891,0.504816,0.025293,,1301800,,
0,0,,0.459566,0.085463,0.45497,,1305900,,
0,0,,0.509936,0.268046,0.222018,,1290500,,
0,1,,0.392543,0.543581,0.063876,,1290500,,
0,1,,0.420726,0.557374,0.0219,,1293600,,
0,2,,0.461798,0.025225,0.512977,,1302900,,
0,0,,0.455561,0.097585,0.446854,,1300000,,
0,0,,0.499638,0.455379,0.044983,,1311000,,
0,0,,0.530585,0.443029,0.026387,,1292600,,
0,0,,0.517273,0.429633,0.053094,,1295200,,
0,0,,0.54733,0.307903,0.144767,,1293100,,
0,1,,0.388941,0.587304,0.023755,,1293400,,
0,0,,0.624232,0.309595,0.066172,,1328600,,
0,0,,0.622401,0.218998,0.158601,,1303100,,
0,0,,0.585969,0.294991,0.119039,,1302000,,
0,0,,0.512334,0.145178,0.342487,,1296500,,
0,0,,0.597277,0.261767,0.140956,,1294800,,
0,0,,0.478193,0.398314,0.123493,,1295800,,
0,1,,0.47028,0.486336,0.043384,,1290900,,
0,1,,0.456319,0.492009,0.051672,,1294500,,
0,1,,0.447005,0.531122,0.021873,,1295300,,
0,2,,0.300826,0.024696,0.674478,,1305000,,
0,0,,0.606221,0.251157,0.142622,,1299700,,
0,0,,0.46927,0.089901,0.440829,,1308800,,
0,0,,0.425412,0.394259,0.180329,,1306000,,
0,2,,0.386418,0.027812,0.585769,,1296000,,
0,2,,0.438102,0.029554,0.532344,,1291700,,
0,2,,0.42971,0.072575,0.497715,,1297800,,
0,0,,0.484248,0.451992,0.06376,,1295700,,
0,0,,0.463798,0.36677,0.169432,,1293300,,
0,0,,0.534275,0.38169,0.084036,,1297200,,
0,2,,0.394126,0.181483,0.424391,,1297400,,
0,0,,0.516094,0.143033,0.340873,,1308500,,
0,0,,0.556572,0.120177,0.323252,,1302500,,
0,0,,0.581659,0.128597,0.289745,,1297700,,
0,0,,0.561472,0.330373,0.108155,,1290600,,
0,1,,0.398695,0.579325,0.021981,,1306000,,
0,0,,0.562006,0.370182,0.067811,,1301800,,
0,1,,0.418621,0.535541,0.045838,,1302000,,
0,1,,0.420455,0.53236,0.047186,,1330000,,
0,0,,0.523896,0.454138,0.021966,,1298300,,
0,2,,0.445932,0.024296,0.529772,,1293400,,
0,2,,0.443407,0.069605,0.486989,,1306800,,
0,0,,0.672149,0.173261,0.15459,,1300400,,
0,1,,0.433856,0.525235,0.040909,,1299700,,
0,1,,0.449879,0.528976,0.021145,,1301600,,
0,0,,0.52696,0.065688,0.407352,,1304000,,
0,1,,0.289763,0.672504,0.037733,,1313200,,
0,2,,0.347019,0.028484,0.624497,,1303700,,
0,0,,0.52722,0.147545,0.325236,,1307500,,
0,0,,0.559576,0.322667,0.117757,,1312100,,
0,2,,0.285871,0.062633,0.651496,,1296300,,
0,0,,0.63801,0.226821,0.135169,,1299000,,
0,0,,0.53947,0.419015,0.041515,,1291400,,
0,2,,0.372321,0.05819,0.569489,,1300200,,
0,0,,0.524732,0.329691,0.145577,,1294400,,
0,1,,0.412703,0.524051,0.063246,,1299200,,
0,2,,0.451671,0.076965,0.471364,,1294900,,
0,1,,0.424502,0.52839,0.047108,,1297600,,
0,0,,0.429068,0.224242,0.34669,,1294700,,
0,1,,0.422665,0.552189,0.025147,,1299700,,
0,1,,0.176022,0.764268,0.05971,,1297200,,
0,2,,0.422369,0.04467,0.532961,,1316300,,
0,1,,0.257867,0.683616,0.058517,,1293600,,
0,0,,0.511106,0.038323,0.45057,,1292300,,
0,0,,0.489492,0.484916,0.025593,,1292600,,
0,1,,0.435288,0.534802,0.02991,,1294400,,
0,1,,0.404718,0.543508,0.051774,,1295000,,
0,2,,0.336071,0.027218,0.636711,,1294900,,
0,1,,0.438208,0.519892,0.0419,,1298400,,
0,2,,0.43624,0.024296,0.539464,,1306400,,
0,2,,0.454372,0.038149,0.507479,,1293800,,
0,2,,0.36964,0.061524,0.568837,,1295100,,
0,2,,0.445717,0.084675,0.469608,,1311200,,
0,1,,0.386341,0.557697,0.055961,,1294900,,
0,2,,0.40342,0.062305,0.534275,,1297400,,
0,0,,0.519522,0.371603,0.108874,,1294000,,
0,0,,0.472969,0.441583,0.085448,,1293300,,
0,1,,0.426787,0.548706,0.024507,,1293900,,
0,1,,0.468248,0.480162,0.051591,,1294300,,
0,0,,0.552562,0.214085,0.233353,,1291400,,
0,1,,0.437853,0.536555,0.025593,,1294100,,
0,2,,0.274902,0.112824,0.612274,,1296400,,
0,1,,0.465167,0.483454,0.051379,,1292200,,
0,1,,0.375258,0.553915,0.070827,,1294600,,
0,2,,0.405264,0.02551,0.569226,,1299900,,
0,1,,0.425659,0.470969,0.103372,,1298000,,
0,1,,0.458343,0.473754,0.067903,,1298900,,
0,2,,0.405935,0.025968,0.568098,,1293100,,
0,0,,0.569335,0.363013,0.067653,,1293600,,
0,0,,0.496612,0.061743,0.441645,,1294000,,
0,2,,0.458739,0.036652,0.504609,,1291400,,
0,0,,0.58675,0.362538,0.050712,,1295000,,
0,1,,0.353142,0.600466,0.046392,,1295200,,
0,1,,0.414494,0.547309,0.038197,,1294200,,
0,1,,0.484759,0.493132,0.022108,,1292800,,
0,0,,0.43396,0.172205,0.393835,,1332700,,
0,2,,0.360833,0.024698,0.614468,,1299500,,
0,0,,0.44286,0.434012,0.123128,,1298100,,
0,1,,0.34222,0.611208,0.046572,,1293800,,
0,2,,0.42291,0.025968,0.551122,,1294600,,
0,0,,0.542357,0.413956,0.043687,,1303000,,
0,0,,0.589507,0.294956,0.115537,,1294200,,
0,1,,0.405872,0.464674,0.129454,,1297600,,
0,0,,0.639049,0.1765,0.184451,,1293200,,
0,0,,0.485168,0.40383,0.111002,,1291700,,
0,1,,0.465593,0.4803,0.054107,,1298400,,
0,1,,0.389259,0.525949,0.084792,,1296400,,
0,2,,0.298464,0.1074,0.594136,,1312100,,
0,0,,0.538983,0.431292,0.029726,,1323500,,
0,1,,0.439224,0.514301,0.046475,,1292600,,
0,2,,0.423035,0.029459,0.547505,,1292700,,
0,2,,0.383396,0.054932,0.561672,,1290800,,
1,1,,0.233618,0.614153,0.152228,,1298900,,
1,1,,0.147243,0.458759,0.393998,,1293500,,
1,1,,0.286206,0.415414,0.29838,,1290500,,
1,1,,0.140553,0.543926,0.31552,,1293300,,
1,1,,0.349271,0.609445,0.041284,,1298300,,
1,1,,0.155274,0.747536,0.09719,,1291800,,
1,1,,0.289746,0.676782,0.033472,,1290400,,
1,1,,0.243657,0.686215,0.070127,,1309800,,
1,1,,0.126043,0.485905,0.388052,,1311000,,
1,1,,0.357186,0.620051,0.022763,,1292500,,
1,1,,0.415884,0.559394,0.024722,,1294900,,
1,1,,0.315778,0.661428,0.022794,,1289500,,
1,1,,0.289008,0.622422,0.08857,,1289000,,
1,1,,0.272262,0.679606,0.048132,,1292300,,
1,1,,0.481355,0.494374,0.024271,,1291800,,
1,1,,0.250019,0.626973,0.123008,,1293700,,
1,2,,0.08107,0.395522,0.523408,,1295000,,
1,1,,0.144917,0.48073,0.374352,,1294900,,
1,1,,0.434202,0.520362,0.045437,,1309400,,
1,1,,0.105083,0.52944,0.365477,,1300600,,
1,1,,0.396078,0.577766,0.026156,,1296900,,
1,1,,0.27061,0.520892,0.208498,,1296100,,
1,1,,0.161707,0.750291,0.088003,,1293200,,
1,1,,0.227536,0.706977,0.065487,,1294300,,
1,1,,0.425575,0.552289,0.022135,,1296200,,
1,1,,0.22893,0.668844,0.102226,,1292300,,
1,1,,0.115292,0.761995,0.122712,,1293800,,
1,1,,0.423742,0.553895,0.022363,,1293400,,
1,1,,0.416635,0.559966,0.023399,,1289500,,
1,1,,0.235559,0.687773,0.076669,,1294300,,
1,0,,0.495675,0.440797,0.063527,,1295500,,
1,1,,0.461477,0.480002,0.05852,,1294000,,
1,1,,0.129673,0.750564,0.119763,,1295100,,
1,1,,0.356065,0.584578,0.059356,,1325900,,
1,1,,0.284336,0.658362,0.057301,,1300700,,
1,1,,0.148832,0.667031,0.184138,,1302600,,
1,1,,0.392788,0.565246,0.041966,,1294400,,
1,1,,0.358224,0.589108,0.052667,,1295000,,
1,1,,0.260424,0.660152,0.079425,,1293500,,
1,1,,0.200037,0.717306,0.082657,,1291300,,
1,1,,0.324498,0.629513,0.045989,,1293400,,
1,1,,0.219615,0.706723,0.073662,,1300600,,
1,1,,0.365177,0.586078,0.048745,,1298700,,
1,1,,0.2494,0.66405,0.08655,,1294400,,
1,1,,0.090143,0.482574,0.427284,,1298700,,
1,1,,0.277917,0.66765,0.054433,,1304800,,
1,1,,0.149877,0.720272,0.129851,,1297400,,
1,2,,0.10451,0.37721,0.51828,,1300100,,
1,1,,0.115518,0.588372,0.296111,,1293200,,
1,1,,0.440282,0.535062,0.024656,,1294600,,
1,2,,0.128704,0.376052,0.495245,,1302200,,
1,2,,0.083513,0.383227,0.53326,,1294300,,
1,1,,0.170392,0.649293,0.180316,,1293900,,
1,1,,0.271895,0.627383,0.100722,,1334100,,
1,1,,0.139442,0.75769,0.102868,,1295600,,
1,1,,0.282042,0.66408,0.053877,,1292400,,
1,1,,0.325944,0.650271,0.023785,,1293500,,
1,1,,0.158533,0.751221,0.090245,,1311000,,
1,1,,0.168195,0.69273,0.139075,,1292300,,
1,1,,0.325727,0.639495,0.034778,,1290500,,
1,1,,0.239921,0.674397,0.085682,,1292100,,
1,1,,0.187188,0.664829,0.147984,,1291400,,
1,1,,0.273752,0.626656,0.099591,,1294300,,
1,1,,0.093527,0.470959,0.435514,,1295700,,
1,1,,0.231512,0.710433,0.058055,,1311500,,
1,1,,0.282114,0.652271,0.065615,,1294800,,
1,1,,0.403923,0.552046,0.044031,,1294800,,
1,1,,0.14142,0.756298,0.102282,,1293200,,
1,1,,0.444991,0.533864,0.021145,,1292600,,
1,1,,0.343589,0.618092,0.038319,,1291500,,
1,1,,0.4215,0.482354,0.096145,,1301300,,
1,1,,0.324104,0.616576,0.05932,,1293300,,
1,1,,0.339303,0.627637,0.033061,,1294600,,
1,1,,0.426963,0.54178,0.031257,,1295300,,
1,2,,0.113782,0.291811,0.594407,,1303400,,
1,1,,0.317526,0.634945,0.047529,,1296300,,
1,1,,0.130204,0.638904,0.230892,,1302600,,
1,2,,0.110047,0.285021,0.604932,,1309900,,
1,2,,0.118799,0.422345,0.458855,,1300400,,
1,1,,0.332194,0.506703,0.161103,,1304300,,
1,1,,0.300664,0.609155,0.090181,,1318100,,
1,1,,0.233005,0.680617,0.086378,,1295900,,
1,1,,0.466844,0.506921,0.026235,,1313600,,
1,1,,0.124114,0.496644,0.379242,,1310500,,
1,1,,0.275528,0.618647,0.105825,,1310400,,
1,1,,0.283562,0.683209,0.033229,,1305600,,
1,1,,0.301039,0.609212,0.089749,,1308100,,
1,1,,0.223784,0.682499,0.093717,,1319400,,
1,1,,0.192633,0.416855,0.390512,,1297000,,
1,2,,0.138763,0.41348,0.447757,,1298400,,
1,1,,0.308614,0.633333,0.058054,,1312300,,
1,1,,0.454304,0.522157,0.023539,,1299000,,
1,1,,0.35808,0.618729,0.023191,,1303300,,
1,1,,0.30598,0.617073,0.076947,,1305100,,
1,1,,0.45044,0.527594,0.021966,,1315000,,
1,1,,0.474889,0.4833,0.041811,,1307900,,
1,2,,0.104403,0.431655,0.463942,,1319400,,
1,1,,0.150009,0.626784,0.223208,,1310000,,
1,2,,0.092521,0.392174,0.515305,,1294800,,
1,2,,0.106183,0.356878,0.536939,,1296700,,
1,1,,0.326051,0.606341,0.067608,,1307400,,
1,1,,0.105153,0.520641,0.374206,,1308300,,
1,1,,0.157273,0.577764,0.264963,,1306400,,
1,1,,0.398071,0.56072,0.041208,,1307200,,
1,1,,0.09648,0.467601,0.435919,,1296600,,
1,1,,0.298496,0.407841,0.293663,,1308700,,
1,1,,0.283528,0.640496,0.075976,,1316900,,
1,1,,0.461406,0.516393,0.022202,,1308200,,
1,1,,0.249287,0.468528,0.282184,,1308100,,
1,2,,0.115635,0.382161,0.502203,,1313400,,
1,1,,0.400924,0.576779,0.022297,,1302900,,
1,1,,0.121425,0.666507,0.212068,,1313800,,
1,1,,0.278274,0.527843,0.193882,,1305900,,
1,1,,0.170464,0.755465,0.074072,,1311300,,
1,1,,0.157554,0.750341,0.092105,,1299400,,
1,1,,0.16781,0.588941,0.243249,,1303500,,
1,1,,0.389643,0.564754,0.045604,,1314800,,
1,2,,0.07962,0.441177,0.479203,,1305500,,
1,1,,0.352794,0.59344,0.053766,,1302700,,
1,1,,0.4004,0.556763,0.042837,,1295800,,
1,1,,0.235285,0.683301,0.081414,,1295600,,
1,1,,0.292527,0.623707,0.083765,,1309700,,
1,1,,0.13975,0.499416,0.360834,,1328300,,
1,1,,0.409433,0.546396,0.04417,,1303500,,
1,1,,0.24111,0.656265,0.102625,,1303000,,
1,1,,0.278677,0.647108,0.074215,,1292800,,
1,1,,0.134883,0.658738,0.206379,,1304600,,
1,1,,0.315614,0.62328,0.061105,,1304800,,
1,1,,0.150724,0.64691,0.202366,,1308400,,
1,1,,0.110644,0.551761,0.337595,,1303100,,
1,1,,0.184884,0.764661,0.050455,,1294700,,
1,1,,0.371761,0.568644,0.059595,,1310500,,
1,1,,0.253048,0.711063,0.035889,,1311000,,
1,1,,0.356439,0.611235,0.032326,,1310500,,
1,0,,0.483702,0.474418,0.041881,,1296100,,
1,1,,0.372074,0.576909,0.051017,,1298600,,
1,1,,0.100194,0.645629,0.254177,,1298100,,
1,1,,0.420602,0.551053,0.028346,,1294100,,
1,1,,0.108986,0.661583,0.229431,,1293600,,
1,1,,0.172105,0.754962,0.072933,,1294100,,
1,1,,0.399768,0.578251,0.021981,,1296900,,
1,1,,0.12907,0.602064,0.268866,,1295400,,
1,1,,0.301337,0.521897,0.176766,,1295300,,
1,1,,0.356627,0.595882,0.047491,,1317800,,
1,1,,0.393834,0.552049,0.054117,,1320600,,
1,0,,0.486913,0.486315,0.026772,,1326500,,
1,1,,0.187375,0.67241,0.140215,,1303500,,
1,1,,0.315601,0.607374,0.077025,,1294400,,
1,1,,0.264529,0.578493,0.156978,,1297700,,
1,1,,0.140299,0.605436,0.254265,,1298100,,
1,1,,0.233374,0.675892,0.090734,,1295000,,
1,1,,0.305911,0.650691,0.043398,,1295600,,
1,1,,0.275814,0.587515,0.136671,,1297100,,
1,1,,0.254028,0.617232,0.12874,,1298300,,
1,2,,0.141596,0.382245,0.476159,,1302000,,
1,1,,0.301206,0.390724,0.308069,,1294000,,
1,1,,0.228078,0.620594,0.151329,,1319200,,
1,1,,0.433238,0.543925,0.022837,,1298200,,
1,1,,0.258206,0.685064,0.056731,,1298400,,
1,1,,0.123546,0.492347,0.384107,,1301200,,
1,1,,0.224847,0.692584,0.082569,,1297900,,
1,2,,0.104618,0.305546,0.589836,,1299800,,
1,1,,0.198594,0.648993,0.152413,,1291200,,
1,1,,0.29079,0.57823,0.130979,,1292500,,
1,1,,0.184329,0.646638,0.169033,,1296100,,
1,1,,0.33013,0.646085,0.023785,,1292900,,
1,1,,0.093586,0.522615,0.383799,,1300100,,
1,1,,0.121491,0.757696,0.120813,,1296200,,
1,2,,0.095148,0.436954,0.467898,,1300200,,
1,2,,0.114099,0.355706,0.530195,,1298300,,
1,1,,0.250717,0.677701,0.071583,,1297600,,
1,1,,0.15378,0.706815,0.139405,,1293200,,
1,1,,0.396649,0.553624,0.049727,,1295100,,
1,1,,0.140319,0.669128,0.190553,,1290700,,
1,2,,0.132172,0.280219,0.587608,,1293800,,
1,1,,0.315451,0.649783,0.034766,,1296500,,
1,2,,0.098015,0.401943,0.500042,,1292900,,
1,1,,0.119228,0.496614,0.384158,,1290700,,
1,1,,0.148388,0.65129,0.200322,,1296500,,
1,1,,0.325496,0.630322,0.044182,,1311800,,
1,1,,0.097434,0.607581,0.294984,,1302800,,
1,1,,0.168562,0.513586,0.317851,,1294600,,
1,1,,0.311849,0.647332,0.040819,,1295700,,
1,2,,0.107356,0.428218,0.464427,,1294300,,
1,1,,0.34324,0.528472,0.128289,,1292100,,
1,2,,0.087043,0.366484,0.546474,,1293300,,
1,1,,0.304402,0.613369,0.082228,,1292200,,
1,1,,0.111236,0.733478,0.155287,,1296500,,
1,1,,0.180698,0.674198,0.145104,,1295400,,
1,1,,0.408284,0.567931,0.023785,,1297300,,
1,1,,0.306437,0.573615,0.119949,,1293900,,
1,1,,0.409234,0.567662,0.023104,,1302400,,
1,1,,0.106631,0.592843,0.300526,,1296400,,
1,1,,0.164128,0.571036,0.264836,,1353000,,
1,1,,0.106961,0.665838,0.227201,,1295800,,
1,1,,0.377558,0.585023,0.037418,,1294300,,
1,1,,0.214831,0.630143,0.155026,,1297500,,
1,1,,0.121703,0.603326,0.274971,,1293200,,
1,1,,0.384156,0.588351,0.027493,,1293900,,
1,1,,0.153908,0.526762,0.31933,,1295800,,
1,1,,0.332049,0.634423,0.033529,,1297600,,
1,1,,0.300729,0.484724,0.214547,,1293700,,
1,1,,0.334163,0.623845,0.041991,,1293100,,
1,1,,0.328528,0.628678,0.042794,,1315400,,
1,1,,0.234232,0.493208,0.272559,,1294200,,
1,2,,0.116255,0.362343,0.521402,,1306300,,
1,1,,0.39768,0.516172,0.086148,,1304500,,
1,1,,0.340274,0.566341,0.093385,,1296700,,
1,1,,0.214289,0.63194,0.153771,,1296700,,
1,1,,0.128533,0.442276,0.429191,,1298700,,
1,1,,0.223692,0.726216,0.050092,,1293900,,
1,2,,0.143611,0.363469,0.492921,,1295800,,
1,1,,0.366898,0.562519,0.070582,,1295400,,
1,1,,0.221921,0.665596,0.112483,,1292800,,
1,2,,0.086614,0.360624,0.552762,,1295700,,
1,1,,0.246486,0.695526,0.057988,,1296400,,
1,1,,0.385442,0.592577,0.021981,,1297000,,
1,2,,0.129122,0.229441,0.641437,,1305300,,
1,1,,0.195968,0.601135,0.202897,,1296800,,
1,2,,0.1712,0.328573,0.500226,,1298000,,
1,1,,0.119681,0.466649,0.41367,,1294400,,
1,2,,0.111531,0.374841,0.513628,,1291000,,
1,1,,0.437644,0.518186,0.04417,,1299800,,
1,1,,0.134179,0.744012,0.121809,,1297300,,
1,1,,0.136107,0.765925,0.097969,,1296400,,
1,1,,0.276759,0.665148,0.058093,,1295100,,
1,1,,0.318966,0.556425,0.124608,,1315800,,
1,1,,0.274743,0.589387,0.13587,,1293600,,
1,1,,0.395271,0.553223,0.051506,,1294600,,
1,1,,0.121757,0.636504,0.241739,,1294700,,
1,1,,0.260015,0.692508,0.047477,,1373900,,
1,1,,0.138774,0.566703,0.294523,,1297700,,
1,1,,0.377933,0.557113,0.064954,,1294200,,
1,1,,0.461727,0.491988,0.046285,,1295900,,
1,1,,0.242308,0.467899,0.289793,,1294200,,
1,1,,0.122306,0.528156,0.349538,,1295700,,
1,1,,0.154166,0.604783,0.241051,,1296400,,
1,1,,0.160602,0.640222,0.199176,,1299600,,
1,1,,0.179962,0.744854,0.075184,,1300600,,
1,1,,0.189818,0.631551,0.178632,,1296900,,
1,1,,0.161656,0.649569,0.188775,,1296100,,
1,1,,0.351747,0.607499,0.040754,,1295500,,
1,1,,0.430733,0.509469,0.059799,,1303300,,
1,1,,0.435704,0.516009,0.048286,,1294600,,
1,1,,0.159602,0.692498,0.147899,,1296500,,
1,1,,0.146295,0.435155,0.41855,,1294200,,
1,1,,0.117382,0.552516,0.330102,,1298000,,
1,1,,0.350461,0.579696,0.069843,,1293600,,
1,1,,0.118603,0.536719,0.344677,,1296700,,
1,1,,0.364856,0.609581,0.025563,,1319400,,
1,1,,0.097238,0.52674,0.376022,,1299900,,
1,1,,0.336989,0.605792,0.057219,,1298300,,
1,1,,0.136433,0.60694,0.256627,,1301200,,
1,1,,0.152284,0.693884,0.153833,,1299500,,
1,1,,0.178704,0.598959,0.222338,,1312900,,
1,1,,0.256734,0.499638,0.243628,,1333000,,
1,1,,0.416808,0.555332,0.02786,,1308500,,
1,1,,0.247628,0.607866,0.144506,,1300000,,
1,1,,0.127011,0.700565,0.172424,,1302200,,
1,1,,0.131642,0.536086,0.332272,,1299700,,
1,1,,0.115147,0.501502,0.383351,,1303200,,
1,1,,0.418144,0.556735,0.025121,,1298400,,
1,1,,0.128245,0.556668,0.315087,,1299200,,
1,1,,0.281986,0.588624,0.12939,,1299000,,
1,1,,0.375582,0.601712,0.022707,,1296800,,
1,1,,0.293006,0.649545,0.057449,,1299000,,
1,1,,0.341115,0.614703,0.044182,,1300400,,
1,1,,0.121445,0.60825,0.270304,,1297900,,
1,1,,0.129783,0.549627,0.32059,,1300100,,
1,1,,0.199606,0.655711,0.144683,,1307000,,
1,1,,0.406259,0.566475,0.027266,,1298800,,
1,1,,0.143599,0.74571,0.11069,,1295400,,
1,1,,0.271788,0.592508,0.135704,,1320400,,
1,1,,0.160833,0.725729,0.113438,,1294600,,
1,1,,0.253349,0.680584,0.066067,,1293600,,
1,1,,0.238674,0.692833,0.068493,,1294200,,
1,1,,0.335528,0.605348,0.059123,,1299800,,
1,1,,0.391935,0.477266,0.1308,,1297100,,
1,1,,0.273929,0.629702,0.096369,,1298000,,
1,1,,0.439833,0.53348,0.026687,,1314800,,
1,1,,0.324788,0.605743,0.069469,,1289400,,
1,1,,0.140052,0.629868,0.230081,,1295300,,
1,1,,0.253951,0.652198,0.093851,,1291800,,
1,1,,0.397659,0.569184,0.033157,,1295200,,
1,2,,0.123554,0.346927,0.529519,,1302400,,
1,1,,0.182662,0.468499,0.34884,,1292700,,
1,1,,0.180191,0.7514,0.068409,,1291900,,
1,1,,0.430493,0.530862,0.038645,,1291600,,
1,1,,0.124394,0.609832,0.265775,,1292000,,
1,1,,0.408404,0.568197,0.023399,,1290500,,
1,1,,0.087095,0.488997,0.423908,,1291000,,
1,1,,0.377594,0.586677,0.035728,,1299600,,
1,1,,0.394373,0.58333,0.022297,,1289200,,
1,1,,0.13625,0.546103,0.317647,,1295800,,
1,2,,0.10182,0.443092,0.455087,,1289600,,
1,1,,0.121601,0.54325,0.335149,,1293900,,
1,1,,0.121651,0.546345,0.332004,,1290100,,
1,1,,0.346682,0.58903,0.064288,,1291300,,
1,1,,0.108621,0.597417,0.293962,,1291500,,
1,2,,0.136589,0.294056,0.569354,,1293000,,
1,1,,0.15241,0.685369,0.16222,,1302800,,
1,1,,0.097408,0.514924,0.387668,,1292500,,
1,1,,0.265319,0.600239,0.134442,,1291500,,
1,1,,0.24509,0.644292,0.110618,,1299300,,
1,1,,0.115277,0.635461,0.249262,,1291200,,
1,1,,0.250457,0.712822,0.036721,,1291200,,
1,2,,0.127513,0.276508,0.595979,,1313000,,
1,1,,0.326162,0.649655,0.024182,,1291300,,
1,1,,0.113968,0.676341,0.209691,,1289600,,
1,2,,0.086639,0.315352,0.59801,,1292800,,
1,1,,0.394612,0.564998,0.04039,,1294200,,
1,1,,0.236979,0.680574,0.082447,,1294300,,
1,1,,0.410291,0.563359,0.02635,,1288400,,
1,1,,0.441552,0.533244,0.025203,,1292700,,
1,1,,0.110901,0.629393,0.259705,,1287600,,
1,1,,0.095708,0.648054,0.256237,,1294300,,
1,1,,0.242034,0.499872,0.258094,,1319400,,
1,1,,0.149518,0.754709,0.095773,,1291900,,
1,1,,0.152368,0.4341,0.413532,,1318800,,
1,1,,0.422466,0.55076,0.026774,,1293700,,
1,1,,0.104725,0.511962,0.383313,,1293900,,
1,2,,0.123432,0.332811,0.543757,,1293300,,
1,1,,0.099402,0.630755,0.269843,,1292900,,
1,1,,0.122912,0.479195,0.397893,,1297600,,
1,1,,0.324923,0.629648,0.045429,,1296300,,
1,1,,0.300102,0.620742,0.079155,,1296300,,
1,1,,0.132604,0.515023,0.352374,,1305900,,
1,1,,0.315261,0.609545,0.075194,,1303600,,
1,1,,0.113957,0.568808,0.317236,,1319800,,
1,1,,0.181192,0.734846,0.083962,,1297700,,
1,1,,0.384401,0.5239,0.091699,,1299900,,
2,2,,0.344768,0.041867,0.613365,,1326700,,
2,2,,0.281695,0.039826,0.678479,,1296800,,
2,2,,0.330005,0.038496,0.631499,,1293500,,
2,2,,0.112613,0.143527,0.74386,,1299700,,
2,2,,0.118682,0.08808,0.793238,,1298900,,
2,2,,0.366691,0.034021,0.599289,,1303300,,
2,2,,0.314611,0.038231,0.647158,,1306200,,
2,2,,0.179084,0.150552,0.670364,,1294600,,
2,2,,0.333718,0.02714,0.639142,,1294000,,
2,2,,0.0807,0.278723,0.640577,,1305300,,
2,2,,0.099534,0.285077,0.615389,,1315800,,
2,2,,0.39217,0.023322,0.584508,,1294100,,
2,2,,0.217571,0.086178,0.696251,,1293600,,
2,2,,0.101229,0.358126,0.540645,,1294400,,
2,2,,0.41664,0.036816,0.546544,,1292600,,
2,2,,0.210262,0.054418,0.73532,,1302500,,
2,2,,0.158447,0.306479,0.535074,,1305900,,
2,2,,0.108887,0.403232,0.487881,,1309600,,
2,2,,0.201665,0.045831,0.752504,,1295800,,
2,2,,0.113214,0.103681,0.783105,,1304500,,
2,2,,0.236865,0.05144,0.711695,,1300000,,
2,2,,0.287865,0.040727,0.671409,,1303700,,
2,1,,0.107113,0.510557,0.382331,,1327400,,
2,2,,0.22908,0.086759,0.68416,,1294200,,
2,2,,0.338758,0.066973,0.594268,,1295800,,
2,2,,0.107879,0.174568,0.717554,,1297500,,
2,2,,0.209904,0.195548,0.594549,,1291700,,
2,2,,0.143214,0.201896,0.65489,,1289300,,
2,2,,0.122088,0.418945,0.458967,,1291500,,
2,2,,0.133722,0.272439,0.593839,,1293800,,
2,2,,0.28684,0.110687,0.602474,,1291800,,
2,2,,0.199463,0.150254,0.650283,,1301700,,
2,2,,0.111849,0.193024,0.695127,,1292600,,
2,2,,0.340086,0.026284,0.63363,,1306800,,
2,2,,0.285595,0.03163,0.682776,,1310600,,
2,2,,0.309483,0.055805,0.634711,,1303600,,
2,2,,0.108203,0.185587,0.70621,,1301200,,
2,2,,0.204532,0.058986,0.736482,,1295300,,
2,2,,0.094874,0.287937,0.61719,,1297200,,
2,2,,0.344187,0.114258,0.541555,,1301400,,
2,2,,0.342539,0.046629,0.610832,,1293900,,
2,2,,0.385297,0.02563,0.589073,,1296300,,
2,2,,0.177832,0.109939,0.712229,,1306000,,
2,2,,0.381028,0.02446,0.594512,,1292900,,
2,2,,0.122407,0.190617,0.686976,,1297400,,
2,2,,0.330329,0.02647,0.643201,,1297600,,
2,2,,0.11908,0.263754,0.617165,,1308000,,
2,2,,0.11518,0.41003,0.47479,,1304300,,
2,2,,0.077645,0.362346,0.56001,,1294800,,
2,2,,0.329783,0.052725,0.617492,,1299900,,
2,1,,0.135142,0.436618,0.42824,,1297200,,
2,2,,0.140041,0.371991,0.487968,,1291100,,
2,2,,0.160917,0.093419,0.745664,,1297400,,
2,2,,0.156049,0.126078,0.717873,,1291500,,
2,1,,0.247494,0.485433,0.267073,,1294100,,
2,2,,0.103495,0.393522,0.502983,,1293800,,
2,2,,0.349013,0.032846,0.618141,,1299800,,
2,2,,0.315858,0.030059,0.654083,,1293700,,
2,2,,0.227518,0.135431,0.63705,,1296300,,
2,2,,0.296482,0.056659,0.646859,,1310200,,
2,2,,0.131673,0.388317,0.48001,,1299800,,
2,2,,0.15698,0.175164,0.667855,,1295000,,
2,2,,0.306913,0.040585,0.652502,,1301300,,
2,2,,0.18907,0.147433,0.663497,,1295600,,
2,2,,0.237502,0.226207,0.53629,,1298200,,
2,2,,0.186933,0.063626,0.749441,,1293300,,
2,2,,0.432379,0.043307,0.524314,,1296100,,
2,2,,0.255214,0.046129,0.698657,,1291500,,
2,2,,0.107942,0.327645,0.564412,,1302300,,
2,2,,0.178583,0.150508,0.670909,,1295600,,
2,2,,0.286902,0.042988,0.67011,,1290400,,
2,2,,0.081652,0.445954,0.472395,,1312100,,
2,2,,0.428512,0.02446,0.547028,,1294500,,
2,2,,0.266369,0.075371,0.65826,,1295400,,
2,2,,0.212966,0.061597,0.725436,,1293800,,
2,2,,0.147465,0.075937,0.776598,,1290900,,
2,2,,0.182445,0.164204,0.653351,,1293500,,
2,2,,0.27008,0.071914,0.658006,,1293200,,
2,2,,0.113675,0.241029,0.645296,,1299700,,
2,2,,0.123316,0.275709,0.600976,,1315600,,
2,2,,0.30044,0.027082,0.672478,,1292700,,
2,1,,0.139236,0.441981,0.418783,,1297400,,
2,2,,0.069874,0.376189,0.553937,,1292400,,
2,2,,0.303117,0.026204,0.670679,,1292700,,
2,2,,0.271714,0.062545,0.665741,,1293900,,
2,2,,0.335174,0.044309,0.620517,,1294400,,
2,2,,0.137824,0.35994,0.502236,,1299300,,
2,2,,0.189455,0.405219,0.405326,,1296100,,
2,2,,0.320894,0.034098,0.645007,,1293000,,
2,2,,0.193146,0.065516,0.741339,,1295900,,
2,2,,0.332932,0.031122,0.635946,,1291900,,
2,2,,0.414014,0.031433,0.554553,,1296500,,
2,2,,0.365619,0.187762,0.446619,,1295400,,
2,2,,0.106598,0.191723,0.701679,,1297600,,
2,2,,0.114294,0.221841,0.663865,,1295400,,
2,2,,0.226554,0.079206,0.69424,,1308700,,
2,2,,0.298562,0.12849,0.572948,,1378900,,
2,2,,0.140332,0.14083,0.718838,,1306100,,
2,2,,0.105985,0.442494,0.451521,,1308800,,
2,2,,0.128059,0.412339,0.459602,,1302100,,
2,2,,0.260784,0.123599,0.615617,,1301500,,
2,2,,0.185903,0.200223,0.613874,,1298400,,
2,2,,0.140468,0.240898,0.618634,,1326500,,
2,2,,0.25126,0.056308,0.692432,,1295500,,
2,2,,0.075538,0.404679,0.519783,,1292000,,
2,2,,0.166417,0.098606,0.734976,,1298000,,
2,2,,0.289974,0.050149,0.659877,,1303500,,
2,1,,0.136351,0.472691,0.390957,,1310400,,
2,2,,0.235194,0.2117,0.553105,,1308700,,
2,2,,0.330046,0.025672,0.644282,,1313200,,
2,2,,0.263992,0.084507,0.651502,,1309900,,
2,2,,0.385313,0.02446,0.590227,,1303400,,
2,2,,0.149135,0.09689,0.753974,,1302300,,
2,2,,0.168604,0.162383,0.669013,,1304000,,
2,2,,0.108166,0.374767,0.517067,,3106700,,
2,2,,0.178759,0.063351,0.757889,,2496000,,
2,1,,0.250842,0.499553,0.249606,,2597300,,
2,2,,0.401553,0.036894,0.561553,,2693700,,
2,1,,0.122572,0.608925,0.268504,,2519600,,
2,2,,0.138621,0.346956,0.514423,,2597600,,
2,2,,0.086399,0.249355,0.664246,,1917500,,
2,1,,0.077258,0.489056,0.433686,,1278200,,
2,2,,0.328783,0.320055,0.351162,,1283000,,
2,2,,0.142317,0.219485,0.638199,,1277700,,
2,2,,0.198654,0.046783,0.754562,,1301100,,
2,2,,0.197847,0.05875,0.743403,,1355800,,
2,2,,0.275324,0.037911,0.686765,,1280300,,
2,2,,0.162372,0.140371,0.697256,,1302700,,
2,2,,0.305654,0.027218,0.667128,,1277200,,
2,2,,0.109531,0.386362,0.504107,,1278000,,
2,2,,0.135358,0.176151,0.688491,,1401500,,
2,2,,0.365233,0.241141,0.393626,,1282900,,
2,2,,0.245021,0.282274,0.472705,,1267600,,
2,2,,0.306349,0.029108,0.664543,,1283500,,
2,2,,0.326961,0.035805,0.637233,,1261600,,
2,2,,0.10384,0.414282,0.481878,,1265000,,
2,2,,0.275424,0.051782,0.672794,,1385400,,
2,2,,0.317939,0.076066,0.605995,,1258200,,
2,2,,0.296422,0.034306,0.669272,,1269400,,
2,2,,0.0867,0.33003,0.58327,,1309500,,
2,2,,0.086831,0.345109,0.568059,,1260800,,
2,2,,0.17165,0.208099,0.620252,,1346800,,
2,2,,0.286469,0.034718,0.678812,,1351500,,
2,1,,0.109221,0.513835,0.376944,,1276500,,
2,1,,0.092228,0.483638,0.424134,,1262200,,
2,2,,0.359012,0.028484,0.612504,,1284600,,
2,2,,0.39974,0.025793,0.574467,,1361400,,
2,2,,0.130042,0.151684,0.718273,,1415000,,
2,2,,0.115058,0.230357,0.654585,,1295900,,
2,2,,0.123337,0.152543,0.72412,,1271400,,
2,2,,0.370545,0.029623,0.599832,,1268800,,
2,2,,0.3598,0.029014,0.611185,,1301600,,
2,2,,0.20799,0.068499,0.723511,,1379700,,
2,2,,0.352208,0.029096,0.618696,,1287500,,
2,2,,0.416745,0.023322,0.559933,,1286200,,
2,2,,0.171385,0.084528,0.744087,,1266000,,
2,2,,0.086503,0.274323,0.639174,,1317000,,
2,2,,0.077785,0.378948,0.543267,,1421200,,
2,2,,0.251101,0.070037,0.678862,,1273200,,
2,2,,0.394743,0.029036,0.576221,,1274500,,
2,1,,0.160536,0.449935,0.389529,,1333700,,
2,1,,0.092755,0.590928,0.316317,,1274000,,
2,2,,0.122212,0.251745,0.626043,,1364800,,
2,2,,0.441326,0.026046,0.532628,,1302800,,
2,2,,0.349675,0.073208,0.577117,,1282900,,
2,2,,0.319629,0.0372,0.643172,,1296000,,
2,2,,0.162427,0.127145,0.710428,,1302400,,
2,2,,0.115089,0.324128,0.560782,,1380800,,
2,2,,0.411203,0.115723,0.473075,,1293800,,
2,2,,0.212639,0.071258,0.716102,,1301900,,
2,2,,0.372565,0.073489,0.553946,,1293600,,
2,2,,0.219122,0.273487,0.507391,,1283600,,
2,2,,0.156498,0.174225,0.669277,,1284100,,
2,1,,0.106508,0.494503,0.398989,,1400300,,
2,2,,0.118334,0.423986,0.45768,,1285500,,
2,2,,0.163917,0.194274,0.641809,,1297100,,
2,2,,0.188842,0.380816,0.430342,,1331600,,
2,2,,0.152714,0.391763,0.455522,,1277600,,
2,2,,0.215312,0.278177,0.506511,,1357600,,
2,2,,0.247418,0.076035,0.676547,,1301100,,
2,2,,0.414834,0.02467,0.560497,,1268700,,
2,2,,0.189142,0.088642,0.722215,,1268600,,
2,2,,0.171248,0.071893,0.756859,,1289000,,
2,2,,0.158531,0.182078,0.659391,,1354400,,
2,2,,0.357136,0.028489,0.614374,,1276700,,
2,2,,0.183359,0.272516,0.544125,,1292500,,
2,2,,0.191821,0.082674,0.725505,,1270600,,
2,2,,0.351713,0.024538,0.623748,,1279000,,
2,2,,0.178094,0.062499,0.759407,,1314100,,
2,2,,0.362654,0.098139,0.539207,,1419500,,
2,2,,0.380161,0.024751,0.595088,,1272300,,
2,2,,0.331003,0.02714,0.641857,,1300300,,
2,2,,0.278559,0.029048,0.692393,,1277000,,
2,2,,0.299165,0.076493,0.624342,,1268800,,
2,2,,0.150478,0.105413,0.74411,,1384600,,
2,2,,0.410238,0.027812,0.56195,,1499000,,
2,2,,0.358133,0.031682,0.610185,,1276400,,
2,2,,0.105195,0.217941,0.676863,,1292900,,
2,2,,0.165898,0.065115,0.768987,,1263800,,
2,2,,0.319099,0.02714,0.653762,,1369500,,
2,2,,0.145125,0.099222,0.755653,,1312500,,
2,2,,0.377453,0.023244,0.599304,,1268900,,
2,1,,0.121762,0.722935,0.155303,,1277400,,
2,2,,0.393161,0.054109,0.552729,,1290400,,
2,2,,0.150844,0.347382,0.501775,,1278600,,
2,2,,0.398601,0.034558,0.566841,,1358700,,
2,2,,0.242469,0.147919,0.609612,,1293600,,
2,2,,0.290141,0.040137,0.669722,,1267700,,
2,2,,0.238187,0.100528,0.661285,,1277600,,
2,2,,0.300552,0.068323,0.631125,,1288700,,
2,2,,0.089657,0.306333,0.60401,,1363700,,
2,2,,0.376468,0.050641,0.572891,,1301000,,
2,2,,0.156506,0.154819,0.688675,,1293900,,
2,2,,0.322293,0.024777,0.65293,,1280100,,
2,2,,0.318261,0.047011,0.634728,,1272000,,
2,2,,0.160821,0.356075,0.483104,,1377700,,
2,2,,0.128468,0.13301,0.738522,,1276300,,
2,2,,0.129226,0.18683,0.683943,,1270600,,
2,2,,0.182974,0.068837,0.748189,,1283800,,
2,2,,0.096395,0.280595,0.623009,,1273600,,
2,2,,0.114626,0.173719,0.711655,,1270400,,
2,2,,0.084781,0.246572,0.668647,,1356000,,
2,2,,0.205463,0.072469,0.722068,,1297300,,
2,2,,0.169787,0.154753,0.67546,,1272800,,
2,2,,0.216649,0.068484,0.714867,,1278700,,
2,2,,0.115079,0.438502,0.446418,,1293700,,
2,2,,0.153302,0.259085,0.587613,,1361600,,
2,2,,0.317211,0.02714,0.65565,,1268200,,
2,2,,0.253387,0.038316,0.708297,,1290600,,
2,2,,0.443651,0.023244,0.533105,,1269900,,
2,2,,0.230621,0.060252,0.709127,,1273800,,
2,2,,0.184763,0.057711,0.757526,,1371100,,
2,2,,0.187439,0.072658,0.739903,,1277600,,
2,2,,0.105915,0.130077,0.764008,,1268600,,
2,2,,0.154588,0.276436,0.568976,,1303100,,
2,2,,0.149279,0.318459,0.532262,,1261800,,
2,2,,0.224077,0.125356,0.650567,,1264700,,
2,2,,0.103235,0.163971,0.732794,,1396200,,
2,2,,0.328881,0.026206,0.644913,,1273900,,
2,2,,0.20801,0.094458,0.697531,,1273800,,
2,2,,0.357124,0.026976,0.6159,,1289400,,
2,2,,0.317868,0.042215,0.639917,,1276300,,
2,2,,0.45564,0.043307,0.501054,,1348900,,
2,2,,0.327924,0.043309,0.628767,,1293300,,
2,2,,0.309082,0.046694,0.644224,,1269900,,
2,2,,0.105555,0.379325,0.51512,,1298600,,
2,2,,0.395927,0.02446,0.579613,,1286700,,
2,1,,0.114783,0.471216,0.414001,,1362400,,
2,2,,0.12683,0.199155,0.674016,,1278500,,
2,2,,0.43798,0.034696,0.527323,,1295200,,
2,2,,0.298495,0.040137,0.661368,,1284900,,
2,2,,0.372944,0.083165,0.543892,,1270400,,
2,2,,0.439401,0.029756,0.530843,,1292600,,
2,2,,0.101399,0.157976,0.740625,,1410400,,
2,2,,0.201628,0.198197,0.600175,,1278900,,
2,2,,0.255722,0.134928,0.60935,,1298100,,
2,2,,0.215166,0.066518,0.718316,,1274100,,
2,1,,0.13078,0.472059,0.397162,,1288100,,
2,2,,0.411503,0.023322,0.565175,,1374900,,
