waveform-noise,Tuned_CWT,test,1,NANOSECONDS,PREDICTIONS, Generated by ClassifierExperiments.java on 2022-05-16 02:11:31.    SYSTEMPROPERTIES:{user.name:matth,os.arch:amd64,os.name:Windows 10},ENDSYSTEMPROPERTIES
No parameter info
0.7702297702297702,1635802000,1323016000,-1,67609480,3,,-1,-1
0,1,,0.363286,0.613498,0.023215,,1515800,,
0,1,,0.406748,0.554223,0.039029,,1362200,,
0,0,,0.650054,0.135486,0.21446,,1360900,,
0,0,,0.54014,0.255959,0.203902,,1352800,,
0,2,,0.295741,0.270305,0.433955,,1352200,,
0,1,,0.318208,0.599265,0.082527,,1347000,,
0,2,,0.458685,0.047023,0.494291,,1348700,,
0,0,,0.569239,0.325381,0.10538,,1354400,,
0,2,,0.321623,0.267174,0.411202,,1356800,,
0,0,,0.522274,0.428116,0.049609,,1348800,,
0,1,,0.452892,0.497421,0.049687,,1381000,,
0,0,,0.490379,0.443792,0.065829,,1345800,,
0,0,,0.555512,0.275163,0.169325,,1345700,,
0,2,,0.306995,0.024142,0.668863,,1350700,,
0,1,,0.333931,0.600289,0.06578,,1353900,,
0,0,,0.535758,0.151603,0.312639,,1355600,,
0,0,,0.655436,0.164794,0.17977,,1364300,,
0,2,,0.338814,0.013183,0.648002,,1355300,,
0,1,,0.385168,0.415392,0.199441,,1355900,,
0,0,,0.530087,0.230399,0.239514,,1349700,,
0,1,,0.253745,0.643909,0.102346,,1345500,,
0,0,,0.435175,0.426482,0.138343,,1377300,,
0,2,,0.413775,0.087547,0.498679,,1324600,,
0,0,,0.462089,0.096265,0.441645,,1327600,,
0,2,,0.355574,0.199375,0.445051,,1325900,,
0,1,,0.22433,0.738725,0.036945,,1333900,,
0,0,,0.487849,0.148718,0.363433,,1301700,,
0,0,,0.525943,0.035788,0.438269,,1308600,,
0,0,,0.492438,0.389816,0.117746,,1310400,,
0,1,,0.317037,0.656249,0.026714,,1313800,,
0,0,,0.647274,0.085016,0.26771,,1307800,,
0,2,,0.414855,0.033804,0.551341,,1308900,,
0,2,,0.351327,0.012789,0.635884,,1331400,,
0,0,,0.494068,0.444773,0.061159,,1305100,,
0,1,,0.367981,0.483641,0.148379,,1307900,,
0,0,,0.4859,0.384114,0.129985,,1306000,,
0,1,,0.333557,0.616571,0.049872,,1310200,,
0,0,,0.474658,0.453562,0.07178,,1315700,,
0,0,,0.536086,0.239275,0.224639,,1318600,,
0,2,,0.36211,0.01634,0.62155,,1314500,,
0,0,,0.504753,0.039404,0.455843,,1312400,,
0,1,,0.446294,0.517272,0.036434,,1319100,,
0,0,,0.48612,0.438863,0.075018,,1312200,,
0,2,,0.231781,0.180432,0.587787,,1345600,,
0,1,,0.251512,0.69065,0.057838,,1315000,,
0,2,,0.460863,0.070494,0.468643,,1308900,,
0,0,,0.544679,0.176952,0.278369,,1300300,,
0,1,,0.461562,0.51828,0.020159,,1296000,,
0,0,,0.506235,0.130864,0.362901,,1298500,,
0,1,,0.453688,0.479208,0.067104,,1299400,,
0,1,,0.392061,0.402055,0.205885,,1294900,,
0,1,,0.344078,0.602729,0.053194,,1697400,,
0,2,,0.389289,0.091936,0.518775,,2010600,,
0,2,,0.322097,0.065805,0.612098,,1340500,,
0,1,,0.33859,0.57823,0.08318,,1325100,,
0,0,,0.482286,0.406132,0.111582,,1307300,,
0,0,,0.570018,0.314499,0.115483,,1303500,,
0,0,,0.468017,0.374505,0.157479,,1299400,,
0,1,,0.430801,0.541484,0.027714,,1299300,,
0,0,,0.536549,0.225117,0.238334,,1302300,,
0,2,,0.390505,0.146708,0.462787,,1294800,,
0,2,,0.291229,0.033104,0.675667,,1298300,,
0,0,,0.624098,0.075281,0.300621,,1296900,,
0,1,,0.40938,0.445733,0.144887,,1299200,,
0,1,,0.420558,0.52372,0.055722,,1298500,,
0,1,,0.40124,0.569662,0.029097,,1306100,,
0,1,,0.388565,0.559936,0.051498,,1331200,,
0,0,,0.504042,0.371682,0.124277,,1309800,,
0,0,,0.523572,0.266823,0.209605,,1300700,,
0,2,,0.356107,0.065807,0.578086,,1299300,,
0,2,,0.34402,0.096701,0.55928,,1296400,,
0,1,,0.398853,0.585204,0.015944,,1294900,,
0,1,,0.39906,0.583436,0.017504,,1303900,,
0,0,,0.692133,0.080882,0.226985,,1310600,,
0,1,,0.4447,0.535268,0.020032,,1303600,,
0,2,,0.456097,0.065913,0.47799,,1304500,,
0,1,,0.158382,0.811116,0.030502,,1312800,,
0,1,,0.379861,0.562439,0.0577,,1322000,,
0,1,,0.415328,0.473555,0.111117,,1304500,,
0,0,,0.572871,0.345767,0.081362,,1295700,,
0,0,,0.520944,0.016283,0.462774,,1296100,,
0,0,,0.598555,0.285986,0.115459,,1298500,,
0,1,,0.422079,0.455088,0.122833,,1300400,,
0,1,,0.388056,0.527027,0.084917,,1305600,,
0,0,,0.533774,0.110798,0.355429,,1302700,,
0,2,,0.377146,0.013277,0.609577,,1308400,,
0,2,,0.190163,0.174932,0.634905,,1296300,,
0,1,,0.464403,0.471517,0.064079,,1294700,,
0,0,,0.391999,0.256161,0.35184,,1301400,,
0,0,,0.685574,0.105457,0.208969,,1335800,,
0,1,,0.434338,0.543712,0.02195,,1295000,,
0,0,,0.465914,0.281382,0.252704,,1297900,,
0,0,,0.601071,0.191384,0.207545,,1296400,,
0,2,,0.4064,0.11883,0.47477,,1296600,,
0,0,,0.63487,0.163304,0.201826,,1300700,,
0,1,,0.369472,0.538224,0.092304,,1299500,,
0,2,,0.393122,0.017085,0.589794,,1295100,,
0,0,,0.677489,0.235085,0.087426,,1298700,,
0,0,,0.579775,0.350677,0.069548,,1293800,,
0,1,,0.304057,0.615747,0.080197,,1319700,,
0,0,,0.592699,0.293626,0.113674,,1325000,,
0,2,,0.428324,0.01802,0.553656,,1297000,,
0,0,,0.614055,0.22181,0.164135,,1298400,,
0,0,,0.497659,0.03878,0.463561,,1299900,,
0,2,,0.314953,0.013108,0.671939,,1301400,,
0,1,,0.275696,0.660707,0.063597,,1300400,,
0,0,,0.471024,0.069613,0.459363,,1294900,,
0,2,,0.420626,0.032632,0.546742,,1299100,,
0,1,,0.467485,0.49653,0.035985,,1292300,,
0,1,,0.450408,0.463611,0.085981,,1295700,,
0,2,,0.420537,0.085594,0.493869,,1293200,,
0,2,,0.277416,0.175108,0.547476,,1297000,,
0,1,,0.333352,0.612888,0.053759,,1300300,,
0,2,,0.280735,0.034601,0.684664,,1296000,,
0,2,,0.375374,0.062271,0.562355,,1295100,,
0,2,,0.442501,0.040947,0.516552,,1295100,,
0,0,,0.528792,0.381326,0.089882,,1291700,,
0,0,,0.673203,0.086157,0.24064,,1295400,,
0,0,,0.527799,0.425267,0.046935,,1299300,,
0,0,,0.516455,0.204223,0.279322,,1300600,,
0,0,,0.497979,0.438629,0.063392,,1307600,,
0,1,,0.401835,0.581822,0.016344,,1303200,,
0,2,,0.468928,0.059747,0.471325,,1305400,,
0,1,,0.457352,0.471137,0.071511,,1299200,,
0,2,,0.351581,0.123614,0.524805,,1314000,,
0,1,,0.315927,0.666206,0.017867,,1303100,,
0,0,,0.564704,0.107479,0.327817,,1299000,,
0,1,,0.45599,0.488015,0.055995,,1296400,,
0,2,,0.378214,0.169628,0.452158,,1308700,,
0,0,,0.514896,0.407509,0.077594,,1305700,,
0,0,,0.541796,0.434043,0.024161,,1304000,,
0,2,,0.370339,0.128205,0.501456,,1299200,,
0,2,,0.404893,0.07336,0.521747,,1303500,,
0,1,,0.337185,0.623484,0.03933,,1300200,,
0,2,,0.401037,0.032389,0.566574,,1304700,,
0,0,,0.514956,0.345446,0.139598,,1332700,,
0,0,,0.543261,0.331411,0.125328,,1298200,,
0,0,,0.583721,0.03643,0.379848,,1301200,,
0,1,,0.316409,0.558337,0.125254,,1298600,,
0,0,,0.542851,0.39547,0.061679,,1295300,,
0,2,,0.357731,0.012401,0.629868,,1297800,,
0,0,,0.523113,0.045746,0.431141,,1296100,,
0,0,,0.513279,0.418761,0.067961,,1296800,,
0,1,,0.358113,0.566075,0.075812,,1303100,,
0,0,,0.52858,0.401646,0.069774,,1308300,,
0,0,,0.543611,0.181987,0.274402,,1307500,,
0,0,,0.52676,0.404366,0.068874,,1327500,,
0,1,,0.349506,0.63415,0.016343,,1303300,,
0,1,,0.289633,0.628473,0.081893,,1299000,,
0,1,,0.403045,0.558765,0.03819,,1297900,,
0,2,,0.441286,0.043579,0.515135,,1299100,,
0,0,,0.534371,0.423182,0.042447,,1300100,,
0,0,,0.693694,0.16121,0.145097,,1300100,,
0,2,,0.367954,0.172881,0.459165,,1303500,,
0,1,,0.390441,0.399298,0.210261,,1297400,,
0,1,,0.295004,0.687787,0.017209,,1298600,,
0,0,,0.546744,0.260421,0.192836,,1300900,,
0,1,,0.369418,0.614932,0.01565,,1295900,,
0,0,,0.547468,0.140603,0.311929,,1320000,,
0,0,,0.635091,0.08009,0.284818,,1306800,,
0,0,,0.531075,0.070352,0.398574,,1314400,,
0,2,,0.369569,0.012634,0.617798,,1318600,,
0,0,,0.631926,0.085165,0.282908,,1328700,,
0,0,,0.531322,0.448328,0.02035,,1304200,,
0,0,,0.440903,0.413807,0.14529,,1297500,,
0,1,,0.331009,0.392042,0.276949,,1319300,,
0,2,,0.420563,0.027698,0.551739,,1310300,,
0,0,,0.405639,0.353397,0.240964,,1308100,,
0,2,,0.460183,0.02875,0.511066,,1306600,,
0,1,,0.35367,0.577731,0.068599,,1304100,,
0,1,,0.352751,0.632016,0.015233,,1303300,,
0,1,,0.442345,0.46551,0.092145,,1307300,,
0,0,,0.440659,0.179909,0.379432,,1308100,,
0,1,,0.247068,0.51353,0.239402,,1308900,,
0,0,,0.521115,0.083982,0.394903,,1308500,,
0,1,,0.470365,0.484178,0.045457,,1306300,,
0,0,,0.522601,0.460975,0.016424,,1303100,,
0,0,,0.50541,0.137486,0.357104,,1312400,,
0,2,,0.403026,0.080769,0.516205,,1305400,,
0,2,,0.388939,0.03684,0.574221,,1303700,,
0,2,,0.163757,0.157069,0.679174,,1307200,,
0,1,,0.447938,0.465846,0.086216,,1307100,,
0,0,,0.500135,0.485022,0.014842,,1306100,,
0,0,,0.595747,0.268326,0.135927,,1318600,,
0,1,,0.340447,0.637024,0.022529,,1303500,,
0,2,,0.435646,0.045818,0.518537,,1304400,,
0,0,,0.46958,0.437907,0.092513,,1305700,,
0,0,,0.566543,0.333526,0.099931,,1303700,,
0,2,,0.431165,0.130349,0.438487,,1304900,,
0,0,,0.524879,0.360877,0.114244,,1301800,,
0,2,,0.336379,0.296139,0.367482,,1304300,,
0,0,,0.445177,0.332997,0.221826,,1306600,,
0,0,,0.525095,0.169668,0.305236,,1328100,,
0,0,,0.538514,0.285871,0.175615,,1304200,,
0,0,,0.491959,0.069326,0.438716,,1304500,,
0,0,,0.485788,0.476831,0.037381,,1301600,,
0,0,,0.582082,0.242307,0.175611,,1306900,,
0,1,,0.375198,0.579568,0.045234,,1306300,,
0,0,,0.425641,0.357346,0.217013,,1307000,,
0,1,,0.451839,0.533961,0.0142,,1306900,,
0,0,,0.62228,0.148224,0.229496,,1305300,,
0,2,,0.315824,0.012634,0.671542,,1306500,,
0,1,,0.458166,0.466669,0.075165,,1305500,,
0,0,,0.492827,0.409902,0.097272,,1323700,,
0,1,,0.407673,0.57805,0.014277,,1306700,,
0,0,,0.41671,0.288075,0.295214,,1298800,,
0,0,,0.546071,0.434255,0.019674,,1297400,,
0,1,,0.459994,0.493924,0.046082,,1296500,,
0,0,,0.491311,0.419048,0.089641,,1296400,,
0,1,,0.409075,0.549391,0.041534,,1297400,,
0,0,,0.605541,0.26605,0.12841,,1307200,,
0,2,,0.412495,0.056275,0.53123,,1308000,,
0,2,,0.372156,0.034779,0.593065,,1305000,,
0,2,,0.467574,0.035045,0.497381,,1301200,,
0,0,,0.570816,0.160851,0.268333,,1298000,,
0,0,,0.559008,0.287402,0.15359,,1316100,,
0,1,,0.369118,0.583844,0.047038,,1296300,,
0,0,,0.60495,0.297522,0.097528,,1302500,,
0,2,,0.326163,0.19163,0.482207,,1301900,,
0,0,,0.387306,0.386197,0.226496,,1301200,,
0,0,,0.60973,0.097308,0.292962,,1303700,,
0,0,,0.671986,0.166421,0.161593,,1308700,,
0,0,,0.600546,0.20039,0.199064,,1296300,,
0,0,,0.571311,0.2123,0.216389,,1301300,,
0,2,,0.315317,0.042649,0.642034,,1297500,,
0,2,,0.341277,0.087843,0.57088,,1301200,,
0,0,,0.554151,0.372328,0.073521,,1323600,,
0,1,,0.375497,0.604485,0.020018,,1307400,,
0,2,,0.323542,0.054321,0.622137,,1297900,,
0,0,,0.511308,0.413049,0.075643,,1308100,,
0,2,,0.451596,0.012639,0.535765,,1307500,,
0,1,,0.305691,0.624605,0.069704,,1308600,,
0,1,,0.429233,0.552709,0.018058,,1297500,,
0,0,,0.654502,0.020323,0.325175,,1303200,,
0,2,,0.407802,0.086311,0.505887,,1304800,,
0,1,,0.395452,0.540485,0.064062,,1301400,,
0,0,,0.587313,0.265728,0.146959,,1313800,,
0,0,,0.524538,0.324561,0.150901,,1331300,,
0,0,,0.498104,0.39442,0.107476,,1308500,,
0,0,,0.610084,0.077505,0.312411,,1307100,,
0,0,,0.474299,0.154636,0.371065,,1309000,,
0,2,,0.378538,0.035352,0.58611,,1315900,,
0,0,,0.557262,0.029128,0.41361,,1305100,,
0,0,,0.380605,0.358666,0.260728,,1306200,,
0,0,,0.622959,0.145428,0.231613,,1305900,,
0,1,,0.354421,0.580901,0.064678,,1330500,,
0,0,,0.553907,0.234704,0.211389,,1311600,,
0,0,,0.692999,0.140544,0.166457,,1301400,,
0,2,,0.320478,0.083421,0.596101,,1307600,,
0,1,,0.295152,0.603674,0.101175,,1329900,,
0,0,,0.541151,0.385385,0.073465,,1302000,,
0,0,,0.493081,0.128451,0.378468,,1306800,,
0,0,,0.54764,0.288054,0.164306,,1300300,,
0,1,,0.385892,0.572734,0.041374,,1295600,,
0,1,,0.342411,0.520103,0.137487,,1292700,,
0,2,,0.327496,0.019989,0.652515,,1303900,,
0,0,,0.447345,0.299233,0.253422,,1302300,,
0,0,,0.509954,0.0246,0.465446,,1304600,,
0,2,,0.412118,0.139356,0.448526,,1300900,,
0,0,,0.5387,0.311587,0.149713,,1296300,,
0,1,,0.421374,0.558444,0.020182,,1325500,,
0,1,,0.433895,0.526237,0.039867,,1304600,,
0,2,,0.351053,0.028166,0.620781,,1303900,,
0,2,,0.384392,0.096469,0.51914,,1308800,,
0,0,,0.47723,0.054923,0.467847,,1302600,,
0,0,,0.585998,0.168171,0.245832,,1307900,,
0,2,,0.401785,0.098334,0.499881,,1309800,,
0,0,,0.484785,0.055904,0.459311,,1295500,,
0,0,,0.369773,0.344526,0.285701,,1306800,,
0,1,,0.386682,0.55074,0.062577,,1303500,,
0,0,,0.474531,0.301991,0.223478,,1304700,,
0,0,,0.558238,0.362152,0.079609,,1297900,,
0,1,,0.352335,0.516355,0.13131,,1317700,,
0,0,,0.552003,0.156685,0.291312,,1293900,,
0,1,,0.394785,0.477769,0.127446,,1299300,,
0,0,,0.520018,0.448272,0.031709,,1304800,,
0,0,,0.592541,0.088806,0.318653,,1306800,,
0,1,,0.309061,0.652355,0.038584,,1301800,,
0,1,,0.369024,0.610347,0.020628,,1298200,,
0,0,,0.467605,0.435809,0.096586,,1300700,,
0,1,,0.292036,0.566833,0.141131,,1305000,,
0,1,,0.251562,0.688101,0.060337,,1311700,,
0,1,,0.443318,0.460735,0.095947,,1299000,,
0,0,,0.469932,0.145623,0.384445,,1311800,,
0,0,,0.539698,0.342976,0.117327,,1297800,,
0,1,,0.370034,0.593463,0.036504,,1298100,,
0,2,,0.288964,0.044283,0.666752,,1300400,,
0,2,,0.30974,0.044142,0.646118,,1303500,,
0,2,,0.347431,0.181156,0.471413,,1304800,,
0,1,,0.371925,0.546279,0.081795,,1300700,,
0,2,,0.427986,0.079191,0.492822,,1303700,,
0,2,,0.309332,0.145281,0.545387,,1296500,,
0,0,,0.494804,0.344343,0.160853,,1307400,,
0,0,,0.533306,0.091248,0.375446,,1304600,,
0,0,,0.525157,0.244236,0.230607,,1309300,,
0,1,,0.352351,0.567295,0.080355,,1319900,,
0,0,,0.5845,0.305156,0.110344,,1293800,,
0,2,,0.398399,0.03272,0.568881,,1297900,,
0,0,,0.626499,0.12683,0.246671,,1305500,,
0,1,,0.395888,0.536761,0.067351,,1306000,,
0,1,,0.363799,0.555533,0.080668,,1305900,,
0,0,,0.54298,0.267602,0.189419,,1300100,,
0,0,,0.483866,0.31179,0.204344,,1296500,,
0,0,,0.556995,0.338987,0.104018,,1298400,,
0,1,,0.239528,0.739385,0.021088,,1296400,,
0,0,,0.553972,0.063966,0.382063,,1300100,,
0,0,,0.455668,0.092989,0.451343,,1304800,,
0,1,,0.354439,0.584653,0.060909,,1311200,,
0,1,,0.376902,0.545386,0.077712,,1303600,,
0,2,,0.405692,0.055295,0.539013,,1307300,,
0,2,,0.400617,0.160092,0.439292,,1308300,,
0,2,,0.355017,0.02391,0.621074,,1308400,,
0,2,,0.124545,0.047295,0.82816,,1303400,,
0,0,,0.529128,0.112242,0.35863,,1295100,,
0,0,,0.50347,0.177404,0.319126,,1293400,,
0,0,,0.604857,0.189018,0.206125,,1303500,,
0,0,,0.541473,0.412993,0.045534,,1308200,,
0,0,,0.551764,0.243725,0.204511,,1304300,,
0,2,,0.321376,0.042187,0.636436,,1340900,,
0,0,,0.497278,0.190693,0.312029,,1313400,,
0,0,,0.4784,0.076216,0.445383,,1307300,,
0,0,,0.482347,0.379584,0.138069,,1306000,,
0,1,,0.411141,0.566093,0.022766,,1304300,,
0,0,,0.472681,0.240531,0.286788,,1306700,,
0,1,,0.350086,0.555049,0.094866,,1314200,,
0,0,,0.563954,0.043817,0.392229,,1306100,,
0,1,,0.357586,0.617057,0.025357,,1297400,,
0,0,,0.528972,0.230546,0.240482,,1315000,,
0,2,,0.415269,0.018188,0.566542,,1308700,,
0,2,,0.367989,0.076949,0.555062,,1314400,,
0,2,,0.356407,0.033657,0.609936,,1322400,,
0,2,,0.414036,0.02701,0.558953,,1317600,,
0,0,,0.553615,0.318788,0.127597,,1311600,,
0,0,,0.45926,0.447421,0.093319,,1309800,,
0,2,,0.470904,0.042423,0.486673,,1309500,,
0,0,,0.521365,0.414555,0.064079,,1309500,,
0,1,,0.336463,0.600973,0.062564,,1308900,,
0,0,,0.538361,0.260335,0.201304,,1308600,,
0,1,,0.196909,0.769781,0.03331,,1308800,,
1,1,,0.15871,0.688442,0.152849,,1312800,,
1,1,,0.169806,0.675347,0.154848,,1304700,,
1,1,,0.368006,0.531541,0.100453,,1333200,,
1,1,,0.186839,0.732633,0.080527,,1306600,,
1,1,,0.174193,0.672036,0.153771,,1308000,,
1,1,,0.125391,0.745316,0.129293,,1319600,,
1,1,,0.094515,0.517536,0.387949,,1311100,,
1,1,,0.134803,0.719007,0.14619,,1315900,,
1,2,,0.090284,0.289249,0.620467,,1311000,,
1,1,,0.231685,0.744377,0.023938,,1307500,,
1,1,,0.348514,0.635219,0.016266,,1301700,,
1,2,,0.069076,0.455904,0.47502,,1306400,,
1,1,,0.063571,0.548328,0.388101,,1316300,,
1,1,,0.403171,0.54681,0.050019,,1337800,,
1,1,,0.09042,0.637045,0.272535,,1309700,,
1,1,,0.085622,0.727476,0.186902,,1315000,,
1,1,,0.057178,0.721168,0.221655,,1307400,,
1,1,,0.076955,0.520235,0.40281,,1306600,,
1,1,,0.095034,0.691991,0.212976,,1307500,,
1,1,,0.253007,0.730576,0.016417,,1306500,,
1,1,,0.070801,0.606601,0.322598,,1304800,,
1,1,,0.086974,0.491723,0.421304,,1307600,,
1,1,,0.057363,0.502679,0.439958,,1306100,,
1,1,,0.182576,0.616875,0.200549,,1307500,,
1,1,,0.210545,0.663488,0.125968,,1332900,,
1,1,,0.080944,0.491384,0.427671,,1306800,,
1,1,,0.187578,0.703026,0.109396,,1298200,,
1,1,,0.085279,0.605696,0.309024,,1311700,,
1,1,,0.052934,0.546885,0.400181,,1307700,,
1,1,,0.38723,0.565731,0.047039,,1307000,,
1,1,,0.121321,0.513923,0.364756,,1313600,,
1,1,,0.263936,0.685788,0.050276,,1311200,,
1,1,,0.355567,0.629684,0.014749,,1303100,,
1,1,,0.174069,0.740675,0.085256,,1309800,,
1,1,,0.290462,0.681677,0.027861,,1310800,,
1,1,,0.083171,0.77517,0.141659,,1303100,,
1,1,,0.196429,0.661465,0.142106,,1326700,,
1,1,,0.368491,0.562471,0.069038,,1304800,,
1,1,,0.097946,0.62768,0.274375,,1292100,,
1,1,,0.167756,0.478643,0.353601,,1298000,,
1,1,,0.264608,0.705897,0.029495,,1298000,,
1,1,,0.145459,0.575792,0.278748,,1296800,,
1,2,,0.073044,0.379708,0.547248,,1308000,,
1,1,,0.29176,0.58044,0.1278,,1307700,,
1,1,,0.269242,0.677679,0.053079,,1308200,,
1,1,,0.073022,0.61117,0.315808,,1306500,,
1,1,,0.343343,0.621421,0.035235,,1309600,,
1,1,,0.134834,0.812821,0.052346,,1323100,,
1,1,,0.293233,0.616558,0.090209,,1305000,,
1,2,,0.068557,0.450688,0.480755,,1300400,,
1,1,,0.315529,0.61413,0.070342,,1303900,,
1,1,,0.295882,0.664747,0.039371,,1300500,,
1,1,,0.231225,0.731498,0.037276,,1299500,,
1,1,,0.130696,0.622997,0.246307,,1313100,,
1,2,,0.066696,0.385724,0.54758,,1310000,,
1,1,,0.355927,0.389236,0.254837,,1303200,,
1,1,,0.208321,0.642659,0.14902,,1313800,,
1,1,,0.076017,0.673493,0.250489,,1297000,,
1,1,,0.342081,0.604885,0.053035,,1300000,,
1,1,,0.404382,0.549923,0.045695,,1330900,,
1,1,,0.212778,0.626082,0.16114,,1307300,,
1,1,,0.046067,0.609463,0.34447,,1304900,,
1,1,,0.160472,0.785306,0.054222,,1300100,,
1,1,,0.099871,0.576809,0.323321,,1302900,,
1,1,,0.397162,0.555123,0.047714,,1295400,,
1,1,,0.119268,0.57887,0.301862,,1301700,,
1,1,,0.325236,0.582261,0.092503,,1298000,,
1,1,,0.271863,0.621589,0.106548,,1307200,,
1,1,,0.109803,0.696422,0.193775,,1306800,,
1,1,,0.058081,0.521674,0.420246,,1307600,,
1,1,,0.128622,0.759131,0.112247,,1307800,,
1,1,,0.382704,0.601432,0.015863,,1305300,,
1,1,,0.061538,0.687357,0.251105,,1299600,,
1,1,,0.052002,0.5212,0.426798,,1300100,,
1,1,,0.355352,0.600174,0.044474,,1311800,,
1,1,,0.124885,0.660517,0.214598,,1317700,,
1,1,,0.1167,0.789079,0.094221,,1310100,,
1,1,,0.210457,0.56446,0.225083,,1361000,,
1,1,,0.200517,0.731804,0.067679,,1310900,,
1,1,,0.092776,0.70257,0.204654,,1314500,,
1,1,,0.101443,0.772536,0.126022,,1299500,,
1,1,,0.20051,0.752912,0.046579,,1301500,,
1,1,,0.329766,0.644841,0.025393,,1326600,,
1,1,,0.330542,0.650277,0.019182,,1312200,,
1,1,,0.083768,0.611975,0.304256,,1307100,,
1,1,,0.36057,0.621256,0.018174,,1307800,,
1,1,,0.078697,0.707081,0.214222,,1306500,,
1,1,,0.349843,0.630039,0.020118,,1305700,,
1,1,,0.252611,0.680328,0.067061,,1303800,,
1,1,,0.171205,0.708141,0.120653,,1312300,,
1,1,,0.167845,0.628938,0.203217,,1303400,,
1,1,,0.120599,0.480082,0.399318,,1307000,,
1,1,,0.110813,0.603024,0.286163,,1309100,,
1,1,,0.209558,0.666001,0.124441,,1326100,,
1,1,,0.252044,0.612667,0.135288,,1305100,,
1,1,,0.399103,0.549139,0.051757,,1297800,,
1,1,,0.077097,0.504399,0.418505,,1297700,,
1,1,,0.09851,0.511784,0.389705,,1299400,,
1,1,,0.162216,0.627979,0.209805,,1310900,,
1,1,,0.394214,0.560962,0.044823,,1308400,,
1,1,,0.257691,0.705374,0.036936,,1438200,,
1,1,,0.123304,0.743485,0.133211,,1537600,,
1,1,,0.080026,0.646761,0.273213,,1545600,,
1,1,,0.229724,0.51147,0.258806,,1547300,,
1,1,,0.351577,0.574744,0.073678,,1564400,,
1,1,,0.348507,0.587206,0.064287,,1532100,,
1,1,,0.226349,0.70043,0.073221,,1521200,,
1,1,,0.35057,0.631975,0.017454,,1525600,,
1,1,,0.203629,0.670145,0.126226,,1514800,,
1,1,,0.054163,0.532911,0.412926,,1526100,,
1,2,,0.075176,0.444004,0.48082,,1532800,,
1,1,,0.326816,0.648997,0.024186,,1550700,,
1,1,,0.087988,0.510727,0.401284,,1541900,,
1,1,,0.135806,0.730994,0.1332,,1535700,,
1,2,,0.070432,0.431961,0.497607,,1572000,,
1,1,,0.064579,0.673821,0.2616,,1542700,,
1,1,,0.223271,0.671183,0.105546,,1547800,,
1,1,,0.43073,0.53911,0.03016,,1531100,,
1,1,,0.077396,0.693944,0.228659,,1533400,,
1,1,,0.263366,0.689336,0.047298,,1538600,,
1,1,,0.0639,0.693931,0.24217,,1550100,,
1,1,,0.115324,0.782594,0.102082,,1546600,,
1,1,,0.371719,0.603816,0.024465,,1548800,,
1,1,,0.415371,0.568592,0.016037,,1579400,,
1,1,,0.310048,0.593764,0.096188,,1535200,,
1,1,,0.10467,0.712806,0.182524,,1532900,,
1,1,,0.193544,0.473837,0.33262,,1533600,,
1,1,,0.216273,0.537408,0.246319,,1533100,,
1,1,,0.283656,0.647483,0.068861,,1526000,,
1,2,,0.07831,0.406827,0.514863,,1529200,,
1,1,,0.117717,0.698532,0.183751,,1535200,,
1,1,,0.076583,0.634268,0.289149,,1535400,,
1,1,,0.361756,0.622221,0.016022,,1529900,,
1,2,,0.10905,0.426829,0.46412,,1569900,,
1,1,,0.274544,0.648331,0.077125,,1532700,,
1,1,,0.253021,0.643473,0.103506,,1381400,,
1,1,,0.266625,0.714795,0.01858,,1301900,,
1,1,,0.133197,0.634009,0.232793,,1301800,,
1,1,,0.194531,0.432479,0.37299,,1301600,,
1,1,,0.250386,0.601179,0.148435,,1300000,,
1,1,,0.109053,0.789241,0.101706,,1298400,,
1,2,,0.088406,0.435415,0.476178,,1308500,,
1,1,,0.328603,0.655374,0.016024,,1290300,,
1,1,,0.143388,0.824187,0.032426,,1290500,,
1,2,,0.069311,0.367414,0.563275,,1330600,,
1,1,,0.168921,0.707528,0.123551,,1305800,,
1,1,,0.395545,0.587166,0.017289,,1303400,,
1,0,,0.511628,0.438527,0.049845,,1309200,,
1,1,,0.254987,0.632705,0.112308,,1323800,,
1,1,,0.304309,0.657924,0.037768,,1317200,,
1,1,,0.04353,0.684601,0.271869,,1316500,,
1,1,,0.26801,0.7027,0.02929,,1305000,,
1,1,,0.184873,0.530145,0.284982,,1302000,,
1,1,,0.245951,0.667306,0.086743,,1307300,,
1,1,,0.316715,0.662821,0.020464,,1308000,,
1,2,,0.048388,0.395232,0.55638,,1315500,,
1,1,,0.335208,0.639959,0.024833,,1336400,,
1,1,,0.177568,0.766467,0.055965,,1307200,,
1,1,,0.209819,0.736289,0.053892,,1307100,,
1,1,,0.088106,0.574202,0.337692,,1313200,,
1,1,,0.124066,0.647829,0.228106,,1310200,,
1,1,,0.070159,0.496555,0.433286,,1312400,,
1,1,,0.279317,0.681976,0.038708,,1304700,,
1,1,,0.083764,0.563853,0.352383,,1310800,,
1,1,,0.120823,0.452167,0.42701,,1304000,,
1,1,,0.414701,0.535672,0.049627,,1309000,,
1,1,,0.07782,0.639139,0.283041,,1310200,,
1,1,,0.326671,0.626789,0.04654,,1307600,,
1,1,,0.437603,0.540694,0.021703,,1309400,,
1,1,,0.092764,0.700888,0.206349,,1298400,,
1,1,,0.342353,0.641231,0.016416,,1298700,,
1,1,,0.0574,0.51977,0.422829,,1307100,,
1,1,,0.163046,0.740604,0.09635,,1302000,,
1,1,,0.184121,0.696287,0.119592,,1308600,,
1,1,,0.190756,0.650284,0.15896,,1296000,,
1,1,,0.141019,0.825063,0.033918,,1308500,,
1,1,,0.144966,0.724977,0.130057,,1301100,,
1,1,,0.096177,0.753292,0.150532,,1302400,,
1,1,,0.284837,0.622817,0.092346,,1307200,,
1,1,,0.135036,0.770789,0.094175,,1322900,,
1,1,,0.122977,0.754941,0.122082,,1307900,,
1,2,,0.083965,0.446995,0.46904,,1304400,,
1,1,,0.34302,0.618095,0.038885,,1306500,,
1,1,,0.389425,0.483683,0.126892,,1313200,,
1,1,,0.255674,0.663768,0.080558,,1303800,,
1,1,,0.118739,0.676854,0.204407,,1306600,,
1,1,,0.115215,0.704954,0.17983,,1311100,,
1,1,,0.253155,0.726986,0.019859,,1300400,,
1,1,,0.094253,0.559162,0.346584,,1298400,,
1,1,,0.099324,0.735322,0.165354,,1311300,,
1,1,,0.134808,0.737969,0.127223,,1331700,,
1,1,,0.307934,0.675798,0.016268,,1303400,,
1,1,,0.147564,0.688741,0.163695,,1314100,,
1,2,,0.062326,0.393146,0.544528,,1311800,,
1,1,,0.072631,0.704267,0.223102,,1306000,,
1,1,,0.093676,0.557861,0.348463,,1306800,,
1,1,,0.126267,0.77602,0.097713,,1299900,,
1,1,,0.100625,0.766143,0.133232,,1304500,,
1,1,,0.183059,0.736826,0.080115,,1303700,,
1,1,,0.135716,0.765518,0.098766,,1306800,,
1,1,,0.417346,0.562239,0.020415,,1306200,,
1,1,,0.091721,0.694898,0.213381,,1309000,,
1,1,,0.066991,0.650795,0.282214,,1312200,,
1,1,,0.128301,0.687854,0.183845,,1298200,,
1,1,,0.109278,0.741233,0.14949,,1306800,,
1,1,,0.273707,0.705285,0.021008,,1309700,,
1,1,,0.131729,0.63899,0.22928,,1302500,,
1,1,,0.331535,0.556032,0.112434,,1318100,,
1,1,,0.156506,0.742491,0.101004,,1307800,,
1,1,,0.087286,0.595473,0.317241,,1305400,,
1,1,,0.069443,0.664028,0.266529,,1304300,,
1,1,,0.09627,0.618406,0.285324,,1310800,,
1,1,,0.144649,0.778489,0.076863,,1309600,,
1,1,,0.285561,0.607123,0.107316,,1332000,,
1,1,,0.140739,0.768749,0.090511,,1309900,,
1,1,,0.141538,0.617452,0.241011,,1306800,,
1,1,,0.335484,0.560471,0.104045,,1310300,,
1,1,,0.386466,0.595023,0.018512,,1324300,,
1,1,,0.259759,0.683218,0.057023,,1319300,,
1,1,,0.083493,0.727377,0.18913,,1305500,,
1,1,,0.078601,0.686808,0.234591,,1302900,,
1,1,,0.283628,0.667653,0.048719,,1295900,,
1,1,,0.080178,0.703307,0.216515,,1304100,,
1,1,,0.08811,0.653074,0.258816,,1312700,,
1,1,,0.05178,0.655782,0.292438,,1310300,,
1,1,,0.072529,0.506803,0.420669,,1337500,,
1,1,,0.116335,0.743003,0.140662,,1307300,,
1,1,,0.353511,0.593538,0.052951,,1305100,,
1,1,,0.354639,0.629417,0.015944,,1310700,,
1,1,,0.055279,0.473348,0.471373,,1309200,,
1,1,,0.270639,0.689586,0.039775,,1308000,,
1,1,,0.310096,0.673167,0.016737,,1303800,,
1,1,,0.116955,0.714802,0.168243,,1303700,,
1,2,,0.076464,0.431261,0.492275,,1309200,,
1,1,,0.44118,0.51758,0.041239,,1307600,,
1,1,,0.316747,0.592999,0.090254,,1307700,,
1,1,,0.081546,0.732058,0.186397,,1334100,,
1,1,,0.444682,0.53634,0.018978,,1301400,,
1,1,,0.110619,0.724792,0.164588,,1303300,,
1,2,,0.083639,0.336847,0.579514,,1294400,,
1,1,,0.172225,0.776976,0.050799,,1288000,,
1,1,,0.144404,0.79042,0.065176,,1305000,,
1,1,,0.085228,0.717987,0.196785,,1308400,,
1,1,,0.3395,0.625182,0.035318,,1303300,,
1,1,,0.058646,0.647631,0.293723,,1306600,,
1,1,,0.234164,0.650585,0.115251,,1313000,,
1,1,,0.083369,0.70803,0.208601,,1306300,,
1,1,,0.140556,0.735543,0.123901,,1316600,,
1,1,,0.104712,0.678057,0.217231,,1300700,,
1,1,,0.139809,0.741763,0.118428,,1303100,,
1,1,,0.079236,0.594879,0.325885,,1303800,,
1,1,,0.092807,0.65002,0.257172,,1314500,,
1,1,,0.098324,0.687638,0.214038,,1305300,,
1,1,,0.247106,0.722781,0.030114,,1305200,,
1,1,,0.154892,0.760706,0.084402,,1303300,,
1,1,,0.335883,0.59904,0.065077,,1301700,,
1,1,,0.113689,0.731856,0.154456,,1302800,,
1,1,,0.155923,0.65507,0.189007,,1310300,,
1,1,,0.086464,0.742957,0.170579,,1296700,,
1,1,,0.196864,0.704457,0.098679,,1301200,,
1,1,,0.357039,0.605688,0.037274,,1311400,,
1,1,,0.069668,0.692137,0.238195,,1304200,,
1,1,,0.084494,0.737293,0.178213,,1305700,,
1,1,,0.150486,0.713068,0.136446,,1308900,,
1,2,,0.093129,0.318802,0.588068,,1311400,,
1,2,,0.047399,0.317212,0.635389,,1319100,,
1,1,,0.284859,0.670068,0.045073,,1316200,,
1,1,,0.051029,0.574547,0.374423,,1324900,,
1,1,,0.378266,0.597405,0.024329,,1317600,,
1,1,,0.148426,0.71281,0.138764,,1324500,,
1,2,,0.065248,0.413809,0.520943,,1347000,,
1,1,,0.225258,0.691509,0.083233,,1305600,,
1,1,,0.084405,0.658091,0.257504,,1305000,,
1,1,,0.144536,0.802584,0.05288,,1306400,,
1,1,,0.069196,0.494651,0.436153,,1297300,,
1,1,,0.128266,0.780693,0.091041,,1305600,,
1,1,,0.246145,0.595188,0.158666,,1305100,,
1,1,,0.127419,0.808893,0.063688,,1309600,,
1,1,,0.153314,0.81426,0.032426,,1299700,,
1,1,,0.041793,0.492416,0.465791,,1305700,,
1,1,,0.392329,0.593312,0.014359,,1305100,,
1,1,,0.304712,0.625255,0.070033,,1309700,,
1,1,,0.404012,0.560756,0.035233,,1324000,,
1,1,,0.140806,0.660768,0.198426,,1302700,,
1,1,,0.251367,0.600943,0.14769,,1307700,,
1,1,,0.05515,0.477565,0.467285,,1306300,,
1,1,,0.221897,0.685676,0.092427,,1307900,,
1,1,,0.091659,0.67303,0.235311,,1309700,,
1,1,,0.097378,0.814561,0.088061,,1306400,,
1,1,,0.303968,0.639738,0.056295,,1304100,,
1,1,,0.361289,0.587943,0.050768,,1347000,,
1,1,,0.060956,0.531156,0.407888,,1310700,,
1,1,,0.251209,0.66274,0.086051,,1305400,,
1,1,,0.043512,0.614147,0.342341,,1316500,,
1,1,,0.09735,0.672733,0.229917,,1301900,,
1,1,,0.131015,0.651458,0.217527,,1304000,,
1,1,,0.083874,0.61874,0.297386,,1311100,,
1,1,,0.147992,0.655903,0.196105,,1305800,,
1,1,,0.089046,0.722119,0.188835,,1306600,,
1,1,,0.153961,0.707657,0.138382,,1302100,,
1,1,,0.239722,0.58557,0.174708,,1311500,,
1,1,,0.162358,0.729024,0.108618,,1304800,,
1,1,,0.101847,0.514235,0.383918,,1308600,,
1,1,,0.130496,0.688472,0.181031,,1312400,,
1,1,,0.073839,0.610092,0.316069,,1305700,,
1,1,,0.250201,0.579922,0.169877,,1324100,,
1,1,,0.182042,0.693356,0.124603,,1304100,,
1,2,,0.087841,0.365848,0.546311,,1308100,,
1,1,,0.176753,0.613888,0.209359,,1306500,,
1,1,,0.14373,0.760413,0.095857,,1311000,,
1,1,,0.072926,0.528872,0.398202,,1306500,,
1,1,,0.148687,0.66805,0.183264,,1308700,,
1,1,,0.102216,0.653554,0.244229,,1311300,,
1,1,,0.331021,0.610582,0.058397,,1306200,,
1,1,,0.102846,0.574858,0.322295,,1300800,,
1,1,,0.070738,0.65204,0.277222,,1304800,,
1,1,,0.112369,0.788199,0.099431,,1316400,,
1,1,,0.084455,0.505186,0.410358,,1306600,,
1,1,,0.340681,0.581592,0.077727,,1315700,,
1,1,,0.326936,0.612663,0.060401,,1305300,,
1,1,,0.146137,0.79075,0.063113,,1315300,,
1,1,,0.14723,0.676133,0.176637,,1301600,,
1,1,,0.150513,0.758966,0.090521,,1311000,,
1,1,,0.084755,0.478442,0.436803,,1308600,,
1,1,,0.157671,0.711577,0.130753,,1309200,,
1,1,,0.104169,0.831386,0.064444,,1317000,,
1,1,,0.123571,0.747734,0.128695,,1315700,,
1,1,,0.273406,0.645246,0.081348,,1314100,,
1,2,,0.051839,0.426554,0.521607,,1348100,,
1,1,,0.2807,0.592249,0.127051,,1312900,,
1,1,,0.160209,0.624598,0.215194,,1313400,,
2,2,,0.099492,0.319544,0.580964,,1313000,,
2,2,,0.335901,0.055792,0.608307,,1316600,,
2,2,,0.083399,0.445081,0.47152,,1309100,,
2,2,,0.135486,0.28016,0.584355,,1313800,,
2,2,,0.166142,0.234768,0.59909,,1320500,,
2,2,,0.247891,0.142531,0.609578,,1312600,,
2,2,,0.180424,0.145109,0.674467,,1312200,,
2,2,,0.449824,0.0535,0.496676,,1306600,,
2,1,,0.057536,0.562564,0.3799,,1327500,,
2,2,,0.102085,0.176749,0.721166,,1309600,,
2,2,,0.192741,0.141083,0.666176,,1304300,,
2,2,,0.166009,0.209333,0.624658,,1322300,,
2,1,,0.064892,0.535298,0.39981,,1315600,,
2,2,,0.217315,0.135579,0.647107,,1311100,,
2,1,,0.078527,0.551027,0.370447,,1323500,,
2,2,,0.354953,0.045774,0.599273,,1322100,,
2,2,,0.072304,0.266164,0.661532,,1315600,,
2,2,,0.357064,0.017634,0.625302,,1318300,,
2,2,,0.086316,0.163017,0.750668,,1315600,,
2,2,,0.469393,0.018812,0.511795,,1314900,,
2,2,,0.104405,0.297134,0.598462,,1311900,,
2,2,,0.104702,0.105292,0.790006,,1319300,,
2,2,,0.078538,0.418801,0.502661,,1315200,,
2,2,,0.318501,0.095796,0.585702,,1312100,,
2,2,,0.184423,0.038882,0.776695,,1316600,,
2,1,,0.095401,0.695389,0.209211,,1318200,,
2,2,,0.099069,0.334821,0.56611,,1314400,,
2,2,,0.216611,0.08802,0.695369,,1312900,,
2,2,,0.472645,0.038073,0.489282,,1309500,,
2,2,,0.134628,0.39093,0.474442,,1307600,,
2,2,,0.348036,0.012627,0.639338,,1319600,,
2,2,,0.085712,0.408244,0.506044,,1344400,,
2,2,,0.156883,0.15427,0.688847,,1313400,,
2,2,,0.298489,0.024153,0.677359,,1309900,,
2,2,,0.136965,0.292696,0.570339,,1309200,,
2,2,,0.17834,0.127086,0.694574,,1314100,,
2,2,,0.072082,0.348223,0.579695,,1317200,,
2,2,,0.168184,0.239174,0.592642,,1312700,,
2,2,,0.219279,0.265437,0.515284,,1312000,,
2,2,,0.111436,0.073694,0.81487,,1324700,,
2,2,,0.080102,0.402347,0.517551,,1308700,,
2,2,,0.406904,0.015789,0.577307,,1315600,,
2,2,,0.203314,0.078146,0.718539,,1344700,,
2,2,,0.11284,0.434882,0.452278,,1311500,,
2,2,,0.093965,0.277656,0.628379,,1310800,,
2,2,,0.336026,0.033266,0.630708,,1316200,,
2,2,,0.1057,0.313199,0.581101,,1307900,,
2,2,,0.289935,0.063919,0.646146,,1305500,,
2,2,,0.08471,0.350453,0.564838,,1313800,,
2,1,,0.073881,0.598348,0.327771,,1308900,,
2,2,,0.143704,0.082586,0.77371,,1306300,,
2,1,,0.066036,0.478189,0.455775,,1308600,,
2,2,,0.406968,0.013894,0.579138,,1304100,,
2,2,,0.340694,0.082759,0.576548,,1308700,,
2,2,,0.300308,0.07499,0.624702,,1331200,,
2,2,,0.114863,0.375864,0.509273,,1316600,,
2,2,,0.099915,0.141921,0.758165,,1293700,,
2,2,,0.168139,0.167665,0.664197,,1308400,,
2,0,,0.552958,0.037292,0.409749,,1313400,,
2,2,,0.355656,0.22207,0.422275,,1307300,,
2,2,,0.28028,0.138582,0.581138,,1315800,,
2,2,,0.270471,0.13102,0.598509,,1309900,,
2,2,,0.251123,0.176099,0.572778,,1318300,,
2,2,,0.137492,0.216987,0.645521,,1317200,,
2,0,,0.511305,0.034482,0.454213,,1310600,,
2,2,,0.057136,0.447589,0.495275,,1337500,,
2,2,,0.238897,0.066391,0.694712,,1313600,,
2,0,,0.518107,0.019434,0.46246,,1308500,,
2,2,,0.261313,0.013266,0.725421,,1303400,,
2,2,,0.087205,0.244232,0.668562,,1305000,,
2,2,,0.225463,0.092116,0.682422,,1298200,,
2,2,,0.359786,0.015087,0.625128,,1310200,,
2,2,,0.11577,0.215006,0.669224,,2307000,,
2,2,,0.355114,0.078096,0.56679,,1954700,,
2,2,,0.107347,0.129622,0.763031,,1896800,,
2,2,,0.441872,0.076666,0.481462,,1898500,,
2,2,,0.367193,0.073857,0.55895,,1372200,,
2,2,,0.142909,0.225288,0.631803,,1306600,,
2,2,,0.234542,0.023192,0.742266,,1304000,,
2,2,,0.124942,0.323071,0.551986,,1309700,,
2,1,,0.071651,0.53193,0.396419,,1312800,,
2,0,,0.487741,0.037452,0.474808,,1306900,,
2,1,,0.056507,0.544519,0.398974,,1306200,,
2,2,,0.140393,0.153021,0.706586,,1311800,,
2,2,,0.231359,0.321772,0.446868,,1309200,,
2,2,,0.129962,0.307815,0.562224,,1307400,,
2,2,,0.314456,0.299631,0.385913,,1332000,,
2,1,,0.077132,0.504904,0.417964,,1320300,,
2,2,,0.070443,0.432512,0.497045,,1308500,,
2,2,,0.100344,0.236705,0.662951,,1311400,,
2,2,,0.452212,0.035258,0.51253,,1308700,,
2,1,,0.03778,0.525126,0.437094,,1309500,,
2,2,,0.332456,0.044142,0.623403,,1304200,,
2,2,,0.267593,0.086519,0.645888,,1306100,,
2,2,,0.146834,0.152612,0.700553,,1305100,,
2,2,,0.091742,0.340332,0.567926,,1304800,,
2,2,,0.363565,0.03319,0.603245,,1308100,,
2,2,,0.25913,0.022099,0.718771,,1309300,,
2,2,,0.131204,0.189984,0.678812,,1305600,,
2,2,,0.129832,0.200773,0.669394,,1303700,,
2,2,,0.221215,0.06433,0.714455,,1315500,,
2,2,,0.353299,0.099388,0.547313,,1311400,,
2,2,,0.230221,0.081928,0.687851,,1316300,,
2,2,,0.149754,0.194515,0.655731,,1308900,,
2,2,,0.114932,0.09002,0.795048,,1307300,,
2,2,,0.298559,0.025642,0.675799,,1307700,,
2,2,,0.273646,0.10682,0.619533,,1303300,,
2,2,,0.181524,0.218827,0.599649,,1310800,,
2,2,,0.229745,0.157341,0.612914,,1309400,,
2,2,,0.128819,0.135045,0.736136,,1331700,,
2,2,,0.105738,0.133083,0.761179,,1309000,,
2,2,,0.400173,0.120876,0.478951,,1302700,,
2,2,,0.424705,0.013266,0.562029,,1313800,,
2,2,,0.291657,0.068858,0.639485,,1304600,,
2,2,,0.084555,0.308709,0.606735,,1308200,,
2,2,,0.085658,0.433822,0.480519,,1309900,,
2,2,,0.097581,0.083887,0.818532,,1308800,,
2,2,,0.079713,0.342234,0.578053,,1308800,,
2,2,,0.093091,0.16257,0.74434,,1303500,,
2,2,,0.311982,0.135618,0.5524,,1308300,,
2,2,,0.202925,0.118191,0.678884,,1327700,,
2,2,,0.206618,0.139074,0.654308,,1303600,,
2,2,,0.149754,0.297096,0.55315,,1305500,,
2,2,,0.386875,0.013424,0.5997,,1306400,,
2,2,,0.398823,0.031948,0.569229,,1303500,,
2,2,,0.175502,0.180822,0.643675,,1305100,,
2,2,,0.110728,0.074406,0.814866,,1305800,,
2,2,,0.088799,0.369634,0.541567,,1304700,,
2,2,,0.086649,0.324731,0.588621,,1302600,,
2,2,,0.143949,0.148448,0.707603,,1308900,,
2,2,,0.084606,0.228196,0.687197,,1305300,,
2,2,,0.188072,0.03724,0.774688,,1303400,,
2,1,,0.098121,0.480661,0.421217,,1329600,,
2,2,,0.197082,0.12712,0.675798,,1303400,,
2,2,,0.112354,0.162909,0.724738,,1304300,,
2,2,,0.119632,0.249347,0.631021,,1305400,,
2,2,,0.178357,0.086208,0.735435,,1303500,,
2,2,,0.388777,0.027639,0.583585,,1304700,,
2,2,,0.075321,0.292748,0.631931,,1306500,,
2,2,,0.375911,0.041147,0.582941,,1303000,,
2,2,,0.073599,0.216281,0.71012,,1316800,,
2,2,,0.179678,0.105838,0.714484,,1310600,,
2,2,,0.169856,0.165177,0.664966,,1320200,,
2,1,,0.04285,0.498065,0.459085,,1325500,,
2,2,,0.315921,0.172511,0.511568,,1305000,,
2,2,,0.26717,0.032585,0.700245,,1304500,,
2,2,,0.223367,0.148872,0.627762,,1305000,,
2,2,,0.249974,0.12875,0.621276,,1308200,,
2,2,,0.245648,0.038324,0.716028,,1356800,,
2,2,,0.357507,0.090794,0.551699,,1308000,,
2,2,,0.196961,0.12992,0.673119,,1302300,,
2,2,,0.139687,0.385696,0.474617,,1306200,,
2,1,,0.100521,0.546401,0.353078,,1304500,,
2,2,,0.08505,0.246376,0.668574,,1303500,,
2,2,,0.359571,0.033826,0.606603,,1308700,,
2,2,,0.409392,0.08382,0.506788,,1303200,,
2,2,,0.131141,0.181739,0.68712,,1303500,,
2,2,,0.28174,0.132871,0.585389,,1298900,,
2,2,,0.332772,0.012786,0.654442,,1306200,,
2,2,,0.152187,0.086811,0.761002,,1302100,,
2,2,,0.320472,0.013266,0.666262,,1299600,,
2,2,,0.432332,0.046055,0.521613,,1303500,,
2,2,,0.342712,0.055686,0.601602,,1306500,,
2,2,,0.105514,0.21945,0.675036,,1298600,,
2,2,,0.396141,0.087388,0.51647,,1303200,,
2,2,,0.377851,0.112131,0.510017,,1299500,,
2,2,,0.307824,0.089094,0.603082,,1322600,,
2,2,,0.242038,0.150724,0.607238,,1300800,,
2,2,,0.183125,0.103711,0.713164,,1301900,,
2,2,,0.11555,0.399109,0.485341,,1304500,,
2,2,,0.250121,0.041888,0.707991,,1299900,,
2,1,,0.062091,0.47901,0.458899,,1306600,,
2,2,,0.152731,0.396136,0.451133,,1304400,,
2,2,,0.419331,0.034699,0.54597,,1302300,,
2,2,,0.404231,0.013412,0.582357,,1303800,,
2,2,,0.320863,0.041039,0.638098,,1304000,,
2,2,,0.082678,0.279891,0.637431,,1304500,,
2,2,,0.157383,0.253971,0.588646,,1324400,,
2,2,,0.276432,0.02891,0.694658,,1304800,,
2,2,,0.371203,0.042126,0.586672,,1304000,,
2,2,,0.283505,0.075223,0.641272,,1302200,,
2,2,,0.347695,0.014931,0.637373,,1304600,,
2,2,,0.287204,0.106497,0.606298,,1303500,,
2,2,,0.169747,0.249041,0.581212,,1303200,,
2,2,,0.077834,0.373038,0.549128,,1306000,,
2,2,,0.132303,0.292624,0.575073,,1304500,,
2,2,,0.071194,0.399971,0.528836,,1307200,,
2,1,,0.148782,0.549651,0.301567,,1304000,,
2,2,,0.069153,0.402991,0.527855,,1305100,,
2,2,,0.113023,0.338564,0.548413,,1323800,,
2,2,,0.084928,0.365141,0.549931,,1303900,,
2,2,,0.064265,0.274057,0.661679,,1303000,,
2,2,,0.160558,0.067749,0.771692,,1304700,,
2,2,,0.177824,0.045873,0.776303,,1305000,,
2,1,,0.067241,0.478693,0.454066,,1304400,,
2,2,,0.344893,0.09334,0.561766,,1301400,,
2,2,,0.078935,0.311729,0.609336,,1303200,,
2,2,,0.292044,0.047134,0.660822,,1304100,,
2,2,,0.082899,0.434677,0.482424,,1301100,,
2,2,,0.112362,0.34793,0.539708,,1302600,,
2,2,,0.428192,0.070508,0.5013,,1322900,,
2,2,,0.125599,0.226267,0.648135,,1303100,,
2,2,,0.048804,0.429476,0.521721,,1301600,,
2,2,,0.041177,0.30373,0.655093,,1310600,,
2,2,,0.27938,0.249788,0.470833,,1301800,,
2,2,,0.202338,0.084451,0.713212,,1305400,,
2,2,,0.172746,0.260606,0.566648,,1300500,,
2,2,,0.236032,0.081244,0.682724,,1307300,,
2,1,,0.075889,0.598485,0.325626,,1309700,,
2,2,,0.096865,0.369579,0.533556,,1304800,,
2,2,,0.287969,0.086055,0.625977,,1315700,,
2,2,,0.114329,0.300816,0.584855,,1311400,,
2,2,,0.339542,0.114847,0.545611,,1330400,,
2,2,,0.167478,0.13359,0.698933,,1321500,,
2,2,,0.132668,0.195511,0.671821,,1314300,,
2,2,,0.290406,0.02398,0.685614,,1310800,,
2,2,,0.176254,0.145569,0.678177,,1309100,,
2,2,,0.363356,0.01586,0.620784,,1317600,,
2,2,,0.072426,0.333721,0.593853,,1318200,,
2,2,,0.384068,0.030095,0.585836,,1322700,,
2,1,,0.079646,0.48634,0.434015,,1307600,,
2,2,,0.451601,0.034134,0.514265,,1309200,,
2,2,,0.464547,0.022108,0.513345,,1419100,,
2,1,,0.056799,0.535546,0.407655,,1348500,,
2,2,,0.053752,0.350639,0.595609,,1313300,,
2,1,,0.073379,0.516727,0.409894,,1308900,,
2,1,,0.089644,0.47235,0.438006,,1305500,,
2,2,,0.179425,0.128246,0.692329,,1305800,,
2,1,,0.080268,0.495058,0.424674,,1306200,,
2,2,,0.213517,0.041554,0.74493,,1316500,,
2,2,,0.11349,0.045682,0.840828,,1304000,,
2,2,,0.442842,0.04954,0.507618,,1305900,,
2,2,,0.115309,0.044432,0.84026,,1302900,,
2,2,,0.121132,0.217909,0.66096,,1300900,,
2,2,,0.204625,0.295022,0.500353,,1312700,,
2,2,,0.3449,0.032709,0.622391,,1334600,,
2,2,,0.126478,0.229037,0.644485,,1302700,,
2,2,,0.317338,0.038618,0.644044,,1305900,,
2,2,,0.26693,0.029207,0.703863,,1301000,,
2,2,,0.184829,0.231221,0.58395,,1304100,,
2,2,,0.181234,0.075928,0.742838,,1305100,,
2,2,,0.284404,0.034776,0.680821,,1301200,,
2,2,,0.2314,0.062912,0.705688,,1306000,,
2,2,,0.236997,0.187335,0.575668,,1302500,,
2,2,,0.412513,0.158603,0.428884,,1304900,,
2,2,,0.099027,0.174155,0.726818,,1311600,,
2,2,,0.097265,0.329367,0.573368,,1312900,,
2,2,,0.114461,0.150572,0.734967,,1304300,,
2,2,,0.297704,0.033104,0.669192,,1308900,,
2,2,,0.116646,0.22309,0.660264,,1311800,,
2,2,,0.391531,0.012644,0.595825,,1313300,,
2,2,,0.088404,0.227352,0.684244,,1321600,,
2,2,,0.443652,0.053788,0.50256,,1307000,,
2,2,,0.260361,0.063218,0.676421,,1307500,,
2,2,,0.122993,0.299635,0.577372,,1306100,,
2,2,,0.087727,0.44681,0.465464,,1313300,,
2,2,,0.059159,0.348904,0.591937,,1314100,,
2,2,,0.124662,0.254035,0.621303,,1303600,,
2,2,,0.088464,0.437617,0.473918,,1340400,,
2,2,,0.074422,0.244732,0.680847,,1310900,,
