waveform-noise,Tuned_CWT,test,4,NANOSECONDS,PREDICTIONS, Generated by ClassifierExperiments.java on 2022-05-16 02:17:25.    SYSTEMPROPERTIES:{user.name:matth,os.arch:amd64,os.name:Windows 10},ENDSYSTEMPROPERTIES
No parameter info
0.7722277722277723,1726822100,1297701400,-1,68230128,3,,-1,-1
0,2,,0.374835,0.043011,0.582154,,1463700,,
0,2,,0.381374,0.025582,0.593044,,1339000,,
0,0,,0.668076,0.274134,0.05779,,1337000,,
0,2,,0.448843,0.03249,0.518667,,1326200,,
0,0,,0.511826,0.389134,0.09904,,1330700,,
0,0,,0.585683,0.337965,0.076352,,1321200,,
0,1,,0.470435,0.507894,0.021671,,1324400,,
0,1,,0.424579,0.4796,0.095821,,1326900,,
0,2,,0.25594,0.042484,0.701576,,1333000,,
0,0,,0.484903,0.428216,0.08688,,1390900,,
0,1,,0.300266,0.606185,0.093548,,1328800,,
0,1,,0.364215,0.571422,0.064363,,1323000,,
0,1,,0.437603,0.462938,0.099459,,1323800,,
0,1,,0.443089,0.49822,0.058691,,1322600,,
0,0,,0.581321,0.364785,0.053894,,1330400,,
0,0,,0.44896,0.210881,0.340159,,1318600,,
0,0,,0.557931,0.362257,0.079812,,1320900,,
0,0,,0.399671,0.336351,0.263978,,1322800,,
0,0,,0.563793,0.205607,0.230601,,1323000,,
0,0,,0.502978,0.471958,0.025064,,1323700,,
0,1,,0.446595,0.490239,0.063166,,1327000,,
0,2,,0.397949,0.041971,0.56008,,1322800,,
0,1,,0.352279,0.575239,0.072482,,1284900,,
0,0,,0.614084,0.239484,0.146432,,1280400,,
0,0,,0.490639,0.41339,0.095971,,1295200,,
0,0,,0.597462,0.125402,0.277137,,1289900,,
0,1,,0.34863,0.4681,0.18327,,1294100,,
0,2,,0.450941,0.080315,0.468744,,1291400,,
0,0,,0.516661,0.375659,0.10768,,1299600,,
0,0,,0.489927,0.099713,0.41036,,1296000,,
0,2,,0.411048,0.080698,0.508254,,1291600,,
0,1,,0.424968,0.544005,0.031026,,1281800,,
0,1,,0.379259,0.542656,0.078085,,1300800,,
0,2,,0.480518,0.037573,0.481909,,1304400,,
0,1,,0.457177,0.466083,0.076741,,1288300,,
0,2,,0.340649,0.024287,0.635064,,1293700,,
0,1,,0.377419,0.591555,0.031026,,1294500,,
0,1,,0.376295,0.591307,0.032397,,1292400,,
0,2,,0.423765,0.055689,0.520546,,1292600,,
0,0,,0.485921,0.479759,0.03432,,1297000,,
0,1,,0.412661,0.556312,0.031026,,1292300,,
0,2,,0.408915,0.020829,0.570256,,1295700,,
0,1,,0.289877,0.696835,0.013288,,1292100,,
0,0,,0.631247,0.165856,0.202897,,1303700,,
0,1,,0.416245,0.541131,0.042624,,1290800,,
0,1,,0.348495,0.63975,0.011755,,1291700,,
0,1,,0.385135,0.603839,0.011026,,1353200,,
0,1,,0.415615,0.540614,0.043771,,1290600,,
0,2,,0.422194,0.010551,0.567255,,1293500,,
0,2,,0.407984,0.025778,0.566238,,1286500,,
0,0,,0.493387,0.07938,0.427233,,1299700,,
0,0,,0.529187,0.20371,0.267103,,1296600,,
0,0,,0.618048,0.03363,0.348322,,1283400,,
0,2,,0.405537,0.060135,0.534328,,1289200,,
0,1,,0.384865,0.475353,0.139782,,1286400,,
0,2,,0.350772,0.013051,0.636177,,1312200,,
0,1,,0.359708,0.627771,0.01252,,1296300,,
0,0,,0.469882,0.46437,0.065749,,1291900,,
0,0,,0.5848,0.072995,0.342205,,1322500,,
0,1,,0.408417,0.577343,0.014241,,1281500,,
0,0,,0.551356,0.212558,0.236087,,1288300,,
0,0,,0.628592,0.222779,0.148629,,1291200,,
0,1,,0.451056,0.474013,0.074931,,1290700,,
0,1,,0.416418,0.571827,0.011755,,1281800,,
0,2,,0.412842,0.014301,0.572856,,1282200,,
0,0,,0.497073,0.022195,0.480732,,1279600,,
0,2,,0.326849,0.081865,0.591286,,1303700,,
0,1,,0.317215,0.593567,0.089217,,1283300,,
0,1,,0.428413,0.554248,0.017338,,1277200,,
0,0,,0.560326,0.218212,0.221462,,1288600,,
0,1,,0.370397,0.584265,0.045338,,1299100,,
0,0,,0.546369,0.234137,0.219494,,1282700,,
0,0,,0.57044,0.16297,0.26659,,1286100,,
0,1,,0.272321,0.570834,0.156845,,1295200,,
0,2,,0.444106,0.017922,0.537972,,1288900,,
0,0,,0.491291,0.034583,0.474126,,1280400,,
0,2,,0.424489,0.138212,0.437299,,1280300,,
0,2,,0.381518,0.0216,0.596882,,1282300,,
0,0,,0.519196,0.13203,0.348774,,1317000,,
0,0,,0.500811,0.475195,0.023995,,1279400,,
0,0,,0.642267,0.072781,0.284951,,1284000,,
0,0,,0.445788,0.398075,0.156137,,1283800,,
0,1,,0.14891,0.766419,0.08467,,1285100,,
0,2,,0.407947,0.019099,0.572954,,1293200,,
0,0,,0.537911,0.217919,0.24417,,1283200,,
0,2,,0.339932,0.115755,0.544313,,1282100,,
0,1,,0.270947,0.699621,0.029432,,1283200,,
0,2,,0.364013,0.174865,0.461122,,1289200,,
0,1,,0.427349,0.483306,0.089345,,1281800,,
0,1,,0.441152,0.520234,0.038614,,1280300,,
0,0,,0.67623,0.101679,0.222091,,1311000,,
0,1,,0.355173,0.571228,0.073599,,1291500,,
0,0,,0.561643,0.25048,0.187877,,1284700,,
0,2,,0.329491,0.036838,0.633672,,1291300,,
0,0,,0.480621,0.060479,0.4589,,1294200,,
0,1,,0.422431,0.496044,0.081525,,1327900,,
0,2,,0.436705,0.056016,0.507279,,1291100,,
0,2,,0.442232,0.020633,0.537135,,1292600,,
0,0,,0.499235,0.47677,0.023995,,1289300,,
0,0,,0.436424,0.43082,0.132756,,1283300,,
0,0,,0.60022,0.349344,0.050436,,1283400,,
0,0,,0.400542,0.369591,0.229866,,1291000,,
0,1,,0.408377,0.469372,0.122252,,1286400,,
0,1,,0.43251,0.490345,0.077145,,1282900,,
0,1,,0.440997,0.490583,0.068419,,1284600,,
0,0,,0.605279,0.23874,0.155981,,1284700,,
0,1,,0.357003,0.606481,0.036517,,1302800,,
0,0,,0.626,0.215804,0.158196,,1281400,,
0,0,,0.511909,0.18792,0.300171,,1305400,,
0,0,,0.495405,0.493569,0.011026,,1303200,,
0,2,,0.435486,0.063754,0.50076,,1296900,,
0,0,,0.54738,0.296789,0.155831,,1296700,,
0,0,,0.583745,0.27054,0.145715,,1284700,,
0,2,,0.338027,0.021657,0.640316,,1292500,,
0,1,,0.363647,0.475906,0.160447,,1294800,,
0,2,,0.379649,0.028886,0.591465,,1293800,,
0,2,,0.406021,0.063753,0.530226,,1295800,,
0,0,,0.585632,0.353631,0.060737,,1295900,,
0,1,,0.432951,0.531288,0.03576,,1291900,,
0,2,,0.443004,0.020955,0.536041,,1302500,,
0,1,,0.362624,0.593472,0.043904,,1314700,,
0,0,,0.548927,0.282544,0.168529,,1297100,,
0,0,,0.491229,0.142817,0.365954,,1292100,,
0,2,,0.385419,0.012281,0.602301,,1294100,,
0,1,,0.469066,0.51611,0.014824,,1291200,,
0,1,,0.432522,0.507477,0.060001,,1313700,,
0,0,,0.559129,0.017237,0.423633,,1295400,,
0,0,,0.691197,0.169977,0.138826,,1291900,,
0,0,,0.590974,0.293856,0.11517,,1298500,,
0,1,,0.357331,0.57553,0.067139,,1281200,,
0,1,,0.322922,0.662463,0.014615,,1290400,,
0,0,,0.493807,0.319021,0.187172,,1297200,,
0,1,,0.334856,0.585361,0.079782,,1300300,,
0,2,,0.427148,0.11861,0.454243,,1293200,,
0,0,,0.398961,0.317318,0.283721,,1292200,,
0,2,,0.406355,0.033051,0.560594,,1292600,,
0,0,,0.55193,0.376656,0.071415,,1318000,,
0,0,,0.600807,0.320019,0.079175,,1295700,,
0,0,,0.663362,0.19699,0.139648,,1295800,,
0,1,,0.368077,0.531772,0.100151,,1291600,,
0,2,,0.324642,0.163307,0.512051,,1296200,,
0,1,,0.219552,0.673021,0.107426,,1293500,,
0,0,,0.521495,0.046711,0.431793,,1291500,,
0,0,,0.60112,0.194214,0.204667,,1288500,,
0,1,,0.405621,0.551113,0.043267,,1293800,,
0,0,,0.654334,0.226557,0.119109,,1306000,,
0,0,,0.486124,0.052648,0.461228,,1296300,,
0,0,,0.635066,0.118589,0.246345,,1294300,,
0,2,,0.425382,0.010551,0.564068,,1316600,,
0,1,,0.366576,0.615056,0.018368,,1287500,,
0,1,,0.388659,0.54271,0.068631,,1282800,,
0,1,,0.398437,0.536291,0.065271,,1282300,,
0,2,,0.346764,0.015908,0.637327,,1286600,,
0,0,,0.50047,0.295964,0.203565,,1283200,,
0,1,,0.37187,0.594033,0.034097,,1286000,,
0,0,,0.469462,0.416859,0.113679,,1286100,,
0,0,,0.510488,0.198402,0.29111,,1283400,,
0,0,,0.45877,0.396051,0.145178,,1304100,,
0,2,,0.451406,0.081488,0.467106,,1292000,,
0,0,,0.603428,0.339929,0.056642,,1296000,,
0,2,,0.44336,0.042727,0.513913,,1288800,,
0,1,,0.369558,0.579167,0.051275,,1291000,,
0,1,,0.337606,0.648783,0.013611,,1296600,,
0,0,,0.651746,0.258055,0.090198,,1294100,,
0,2,,0.150348,0.076648,0.773004,,1296400,,
0,1,,0.381701,0.605195,0.013104,,1294300,,
0,1,,0.449575,0.519076,0.031349,,1280300,,
0,2,,0.37886,0.095076,0.526064,,1282600,,
0,1,,0.409686,0.515941,0.074373,,1296000,,
0,0,,0.517554,0.044748,0.437698,,1301300,,
0,2,,0.437358,0.045505,0.517137,,1292100,,
0,0,,0.501621,0.108881,0.389498,,1310700,,
0,2,,0.345907,0.02208,0.632013,,1295100,,
0,0,,0.469491,0.441092,0.089417,,1286800,,
0,0,,0.630554,0.267438,0.102009,,1285000,,
0,1,,0.367827,0.548158,0.084015,,1283400,,
0,1,,0.334976,0.627358,0.037665,,1285200,,
0,2,,0.393901,0.0216,0.5845,,1281500,,
0,2,,0.307338,0.040951,0.651711,,1296300,,
0,0,,0.441819,0.261131,0.29705,,1296000,,
0,2,,0.435591,0.037833,0.526576,,1281700,,
0,2,,0.37862,0.02312,0.598259,,1285800,,
0,0,,0.49355,0.449149,0.057301,,1317000,,
0,0,,0.477523,0.235694,0.286782,,1289600,,
0,2,,0.342549,0.033051,0.6244,,1280500,,
0,2,,0.406935,0.0216,0.571466,,1282700,,
0,2,,0.35274,0.032359,0.614901,,1285400,,
0,0,,0.589097,0.143068,0.267835,,1285000,,
0,2,,0.441979,0.0216,0.536421,,1282600,,
0,0,,0.549699,0.241507,0.208795,,1289500,,
0,1,,0.405775,0.583198,0.011026,,1283000,,
0,0,,0.526169,0.343733,0.130098,,1280500,,
0,2,,0.340084,0.027312,0.632604,,1285100,,
0,2,,0.460412,0.013524,0.526064,,1280900,,
0,0,,0.448225,0.209107,0.342668,,1304900,,
0,1,,0.343872,0.642839,0.013288,,1280000,,
0,2,,0.419101,0.026067,0.554832,,1279600,,
0,0,,0.51452,0.214982,0.270498,,1285800,,
0,0,,0.462363,0.416666,0.120971,,1281200,,
0,1,,0.2788,0.672574,0.048626,,1282400,,
0,1,,0.385442,0.570793,0.043765,,1283700,,
0,2,,0.317032,0.021657,0.661311,,1278100,,
0,0,,0.415715,0.320029,0.264256,,1282600,,
0,0,,0.416486,0.222026,0.361489,,1287300,,
0,1,,0.434522,0.521604,0.043874,,1283900,,
0,0,,0.50554,0.093489,0.400971,,1282600,,
0,1,,0.315445,0.610821,0.073734,,1301800,,
0,0,,0.537836,0.407183,0.054981,,1295700,,
0,1,,0.371585,0.553698,0.074717,,1287100,,
0,0,,0.501522,0.372365,0.126113,,1287500,,
0,2,,0.412445,0.033117,0.554437,,1285000,,
0,0,,0.523425,0.374756,0.101819,,1286000,,
0,2,,0.449074,0.013051,0.537874,,1282000,,
0,0,,0.439515,0.151638,0.408847,,1288000,,
0,2,,0.357022,0.206908,0.43607,,1282400,,
0,1,,0.344476,0.640746,0.014777,,1284000,,
0,0,,0.498134,0.448016,0.05385,,1292200,,
0,0,,0.51938,0.273712,0.206908,,1288100,,
0,1,,0.436044,0.474298,0.089658,,1330300,,
0,2,,0.325792,0.0216,0.652608,,1294700,,
0,0,,0.507356,0.386656,0.105988,,1290300,,
0,0,,0.503118,0.095651,0.401232,,1291200,,
0,0,,0.553409,0.241991,0.2046,,1286700,,
0,0,,0.535,0.371494,0.093506,,1283200,,
0,1,,0.452802,0.473761,0.073437,,1281700,,
0,0,,0.471879,0.389198,0.138923,,1284100,,
0,1,,0.37388,0.570246,0.055874,,1286200,,
0,2,,0.387643,0.013051,0.599306,,1290600,,
0,0,,0.521689,0.437228,0.041083,,1287600,,
0,2,,0.416046,0.052733,0.531221,,1308500,,
0,0,,0.52141,0.166491,0.312099,,1285700,,
0,0,,0.541198,0.222574,0.236228,,1293700,,
0,2,,0.434355,0.049297,0.516349,,1285100,,
0,2,,0.348407,0.013051,0.638542,,1287200,,
0,0,,0.536946,0.208694,0.25436,,1282700,,
0,2,,0.365009,0.081492,0.553499,,1284900,,
0,1,,0.374478,0.553612,0.07191,,1285900,,
0,0,,0.518023,0.077285,0.404692,,1287900,,
0,2,,0.412538,0.123114,0.464347,,1283200,,
0,2,,0.350109,0.0216,0.628291,,1285300,,
0,1,,0.422655,0.514721,0.062624,,1282800,,
0,2,,0.402207,0.118728,0.479064,,1305400,,
0,2,,0.370216,0.02285,0.606934,,1286000,,
0,1,,0.378824,0.567888,0.053288,,1287100,,
0,0,,0.629474,0.165081,0.205446,,1299900,,
0,0,,0.526788,0.032507,0.440705,,1288600,,
0,0,,0.560958,0.314426,0.124616,,1287700,,
0,2,,0.37272,0.084622,0.542659,,1292400,,
0,0,,0.695791,0.202452,0.101757,,1292800,,
0,0,,0.727447,0.106455,0.166097,,1290800,,
0,0,,0.53556,0.21463,0.24981,,1285900,,
0,2,,0.384984,0.024764,0.590252,,1285200,,
0,2,,0.327674,0.070253,0.602073,,1291000,,
0,0,,0.463562,0.441486,0.094952,,1286600,,
0,0,,0.498425,0.05532,0.446255,,1297000,,
0,0,,0.623441,0.235831,0.140728,,1292700,,
0,0,,0.491751,0.47374,0.034509,,1303400,,
0,0,,0.522532,0.281636,0.195831,,1296400,,
0,0,,0.605087,0.306477,0.088436,,1295800,,
0,2,,0.426439,0.040349,0.533212,,1295800,,
0,0,,0.513749,0.042454,0.443798,,1292500,,
0,1,,0.458893,0.53008,0.011026,,1292800,,
0,2,,0.412303,0.072406,0.515291,,1293200,,
0,1,,0.425092,0.552439,0.022469,,1291900,,
0,1,,0.249979,0.716772,0.033249,,1297200,,
0,0,,0.494732,0.209178,0.296089,,1293500,,
0,2,,0.349003,0.020511,0.630486,,1291300,,
0,2,,0.384459,0.025632,0.589909,,1289300,,
0,0,,0.577429,0.244721,0.177849,,1288900,,
0,2,,0.474345,0.019099,0.506556,,1297800,,
0,0,,0.558153,0.244933,0.196914,,1292200,,
0,0,,0.639792,0.23115,0.129058,,1294600,,
0,1,,0.440784,0.506112,0.053104,,1297200,,
0,2,,0.337244,0.066675,0.596081,,1293400,,
0,0,,0.47455,0.451718,0.073732,,1291600,,
0,1,,0.312695,0.648628,0.038677,,1290800,,
0,1,,0.435621,0.492711,0.071667,,1319100,,
0,2,,0.447702,0.033051,0.519247,,1293300,,
0,1,,0.401085,0.57977,0.019145,,1285100,,
0,0,,0.689934,0.148601,0.161466,,1288700,,
0,1,,0.426641,0.519266,0.054094,,1281300,,
0,0,,0.448592,0.13815,0.413258,,1293500,,
0,1,,0.414579,0.554394,0.031026,,1283300,,
0,0,,0.4647,0.160088,0.375212,,1285600,,
0,1,,0.44845,0.467378,0.084173,,1294600,,
0,1,,0.453505,0.491371,0.055124,,1291900,,
0,2,,0.376146,0.200959,0.422895,,1301200,,
0,0,,0.539978,0.078547,0.381474,,1288500,,
0,1,,0.459014,0.505747,0.035239,,1285600,,
0,1,,0.360522,0.603009,0.036469,,1286600,,
0,0,,0.540611,0.364693,0.094696,,1283200,,
0,2,,0.416,0.010551,0.573449,,1296500,,
0,2,,0.43902,0.010551,0.55043,,1289800,,
0,0,,0.593379,0.068893,0.337728,,1312000,,
0,0,,0.62573,0.186684,0.187586,,1292300,,
0,2,,0.43485,0.067435,0.497716,,1299500,,
0,1,,0.435071,0.50261,0.062319,,1292100,,
0,0,,0.496992,0.142497,0.36051,,1290700,,
0,0,,0.721222,0.189064,0.089714,,1288800,,
0,0,,0.48986,0.069119,0.441021,,1312100,,
0,0,,0.681523,0.218108,0.100369,,1294500,,
0,1,,0.451099,0.482906,0.065995,,1289900,,
0,0,,0.576927,0.146707,0.276366,,1297600,,
0,0,,0.526223,0.451742,0.022035,,1293800,,
0,2,,0.470723,0.047131,0.482146,,1289900,,
0,1,,0.286478,0.656575,0.056946,,1286500,,
0,1,,0.474155,0.51409,0.011755,,1296400,,
0,1,,0.422832,0.533816,0.043352,,1293900,,
0,1,,0.354239,0.585138,0.060623,,1293500,,
0,0,,0.497408,0.220367,0.282225,,1294700,,
0,2,,0.366817,0.027666,0.605517,,1310300,,
0,0,,0.370377,0.35815,0.271473,,1293500,,
0,1,,0.369143,0.597569,0.033288,,1283200,,
0,0,,0.582955,0.347357,0.069688,,1284600,,
0,2,,0.449535,0.011157,0.539308,,1285000,,
0,2,,0.460206,0.049059,0.490735,,1282700,,
0,2,,0.429707,0.029492,0.540801,,1283000,,
0,1,,0.414553,0.429387,0.156059,,1285800,,
0,0,,0.50659,0.268001,0.225409,,1287800,,
0,2,,0.409205,0.013051,0.577744,,1278900,,
0,0,,0.495973,0.444365,0.059662,,1303800,,
0,2,,0.479234,0.02518,0.495586,,1280400,,
0,1,,0.331131,0.518806,0.150063,,1297200,,
0,0,,0.651776,0.181171,0.167053,,1284200,,
0,0,,0.408993,0.252216,0.338791,,1289700,,
0,0,,0.574733,0.185585,0.239682,,1286800,,
0,0,,0.495023,0.014583,0.490393,,1285100,,
0,1,,0.318942,0.635119,0.045939,,1289700,,
0,0,,0.435687,0.38886,0.175453,,1291800,,
0,0,,0.450874,0.435109,0.114016,,1285300,,
0,0,,0.359176,0.307255,0.333569,,1325900,,
0,0,,0.539629,0.413091,0.04728,,1313700,,
0,0,,0.48503,0.41927,0.0957,,1288300,,
0,1,,0.459775,0.484132,0.056093,,1286900,,
0,1,,0.46058,0.508394,0.031026,,1292100,,
0,1,,0.315245,0.646815,0.03794,,1307800,,
0,0,,0.377076,0.283523,0.339401,,1296400,,
0,0,,0.502604,0.068455,0.42894,,1294600,,
0,1,,0.239967,0.739094,0.020939,,1292600,,
1,1,,0.064992,0.600753,0.334255,,1299300,,
1,1,,0.170182,0.681943,0.147875,,1298500,,
1,2,,0.095675,0.451785,0.45254,,1300300,,
1,1,,0.125203,0.722911,0.151886,,1300200,,
1,1,,0.205812,0.743051,0.051137,,1316400,,
1,1,,0.33507,0.575076,0.089854,,1294900,,
1,1,,0.378082,0.578029,0.043889,,1314300,,
1,1,,0.193267,0.716253,0.090479,,1291000,,
1,1,,0.144132,0.754679,0.101189,,1312100,,
1,1,,0.038166,0.626184,0.33565,,1296500,,
1,1,,0.2068,0.728748,0.064452,,1294600,,
1,1,,0.349965,0.493988,0.156047,,1313600,,
1,1,,0.186035,0.652326,0.161639,,1296200,,
1,1,,0.12896,0.773645,0.097394,,1290200,,
1,1,,0.086496,0.596347,0.317157,,1289500,,
1,1,,0.0977,0.731918,0.170383,,1302400,,
1,1,,0.068212,0.527835,0.403953,,1303600,,
1,1,,0.137233,0.580609,0.282159,,1301400,,
1,1,,0.144457,0.733077,0.122466,,1309900,,
1,1,,0.180447,0.784189,0.035363,,1285500,,
1,1,,0.406447,0.554425,0.039128,,1285300,,
1,1,,0.370801,0.554058,0.075141,,1297400,,
1,1,,0.116399,0.637769,0.245832,,1305000,,
1,1,,0.150281,0.628532,0.221187,,1288100,,
1,1,,0.214517,0.597786,0.187696,,1294000,,
1,1,,0.152859,0.76361,0.083531,,1309600,,
1,1,,0.413371,0.555603,0.031026,,1298200,,
1,1,,0.223523,0.661614,0.114863,,1299700,,
1,1,,0.453224,0.516966,0.02981,,1300700,,
1,1,,0.206794,0.719093,0.074114,,1315200,,
1,1,,0.282326,0.573425,0.144249,,1288500,,
1,1,,0.126872,0.675626,0.197502,,1288000,,
1,1,,0.269347,0.66239,0.068263,,1303000,,
1,1,,0.214419,0.65303,0.132551,,1296600,,
1,1,,0.308723,0.663084,0.028193,,1285700,,
1,1,,0.331411,0.60841,0.060179,,1309200,,
1,1,,0.361749,0.573345,0.064906,,1280500,,
1,1,,0.144624,0.614427,0.240949,,1299200,,
1,1,,0.317491,0.592425,0.090084,,1293700,,
1,1,,0.058075,0.644789,0.297136,,1306300,,
1,1,,0.053589,0.489316,0.457095,,1291800,,
1,1,,0.142952,0.717843,0.139205,,1319900,,
1,1,,0.112457,0.548309,0.339234,,1291100,,
1,1,,0.394156,0.594817,0.011026,,1298100,,
1,1,,0.085878,0.62443,0.289692,,1293800,,
1,1,,0.112886,0.566048,0.321066,,1301200,,
1,1,,0.257416,0.725528,0.017056,,1287000,,
1,1,,0.141206,0.635366,0.223428,,1285100,,
1,1,,0.293838,0.639498,0.066664,,1296600,,
1,1,,0.42617,0.536853,0.036977,,1293300,,
1,1,,0.364108,0.582648,0.053244,,1282100,,
1,1,,0.246299,0.599004,0.154697,,1296100,,
1,2,,0.0629,0.4429,0.4942,,1319300,,
1,2,,0.099658,0.360977,0.539365,,1306100,,
1,1,,0.370869,0.616299,0.012833,,1290000,,
1,1,,0.076729,0.61741,0.305861,,1284600,,
1,1,,0.224943,0.72187,0.053187,,1285400,,
1,1,,0.076018,0.588047,0.335935,,1288700,,
1,1,,0.200389,0.683248,0.116363,,1283200,,
1,1,,0.415933,0.548279,0.035788,,1287900,,
1,1,,0.160284,0.738765,0.100952,,1287300,,
1,1,,0.103431,0.540083,0.356486,,1285500,,
1,1,,0.235614,0.589893,0.174493,,1282500,,
1,1,,0.171846,0.476514,0.35164,,1284400,,
1,1,,0.090721,0.589567,0.319712,,1298500,,
1,1,,0.190555,0.718864,0.090582,,1284500,,
1,1,,0.244206,0.671281,0.084513,,1295800,,
1,1,,0.085003,0.662093,0.252904,,1282700,,
1,1,,0.136572,0.590111,0.273318,,1290100,,
1,1,,0.424963,0.524419,0.050618,,1287900,,
1,1,,0.246891,0.659373,0.093736,,1284200,,
1,1,,0.224927,0.625794,0.149279,,1283300,,
1,1,,0.180974,0.641051,0.177975,,1284500,,
1,1,,0.240702,0.730925,0.028373,,1286600,,
1,1,,0.091158,0.612931,0.295911,,1285700,,
1,1,,0.365548,0.617082,0.017371,,1281400,,
1,1,,0.222875,0.693393,0.083732,,1290500,,
1,1,,0.116504,0.512831,0.370664,,1286300,,
1,1,,0.049772,0.611524,0.338704,,1305500,,
1,1,,0.196734,0.642897,0.160368,,1284000,,
1,1,,0.451409,0.537564,0.011026,,1281000,,
1,1,,0.30825,0.658457,0.033293,,1282400,,
1,1,,0.321395,0.665351,0.013254,,1292200,,
1,1,,0.159337,0.710059,0.130604,,1299000,,
1,1,,0.26185,0.639816,0.098334,,1289100,,
1,1,,0.36202,0.625048,0.012931,,1280400,,
1,1,,0.228037,0.678259,0.093704,,1281000,,
1,1,,0.153881,0.753681,0.092437,,1286100,,
1,1,,0.145875,0.764967,0.089158,,1281200,,
1,1,,0.102272,0.616014,0.281714,,1282000,,
1,1,,0.217442,0.692971,0.089587,,1291500,,
1,1,,0.317745,0.591991,0.090265,,1287200,,
1,1,,0.358545,0.624272,0.017183,,1282400,,
1,1,,0.09933,0.757439,0.14323,,1283400,,
1,1,,0.231132,0.718475,0.050392,,1285300,,
1,1,,0.131339,0.777528,0.091133,,1282300,,
1,1,,0.330234,0.593038,0.076729,,1282200,,
1,1,,0.239871,0.65882,0.101309,,1281800,,
1,1,,0.160859,0.642519,0.196621,,1286100,,
1,1,,0.374806,0.53198,0.093214,,1287500,,
1,1,,0.157851,0.678543,0.163606,,1280000,,
1,1,,0.333398,0.652674,0.013928,,1282700,,
1,1,,0.062823,0.633583,0.303594,,1280100,,
1,1,,0.383857,0.574472,0.041671,,1294800,,
1,1,,0.14124,0.714646,0.144113,,1288300,,
1,1,,0.126979,0.732713,0.140307,,1279600,,
1,1,,0.244504,0.707489,0.048007,,1284100,,
1,1,,0.215791,0.706044,0.078165,,1282500,,
1,1,,0.101944,0.696287,0.201769,,1289600,,
1,1,,0.222647,0.651379,0.125973,,1279100,,
1,1,,0.227898,0.724562,0.04754,,1283600,,
1,1,,0.229424,0.712949,0.057626,,1285500,,
1,1,,0.159164,0.765536,0.075301,,1283200,,
1,1,,0.314968,0.592227,0.092805,,1281400,,
1,1,,0.144703,0.594782,0.260515,,1290800,,
1,1,,0.214287,0.666721,0.118992,,1296200,,
1,1,,0.093371,0.769089,0.13754,,1299600,,
1,1,,0.210237,0.699609,0.090154,,1289300,,
1,1,,0.241268,0.552676,0.206056,,1293500,,
1,1,,0.164573,0.694667,0.14076,,1293700,,
1,1,,0.285738,0.619282,0.094979,,1280900,,
1,1,,0.247797,0.731269,0.020934,,1278900,,
1,1,,0.20906,0.744053,0.046887,,1302300,,
1,1,,0.130969,0.754265,0.114767,,1294000,,
1,1,,0.115809,0.703205,0.180985,,1290800,,
1,1,,0.072965,0.5773,0.349735,,1281100,,
1,1,,0.112645,0.808429,0.078926,,1296000,,
1,1,,0.384985,0.597738,0.017277,,1292000,,
1,1,,0.301554,0.646828,0.051619,,1289400,,
1,1,,0.325473,0.584041,0.090487,,1290700,,
1,1,,0.39479,0.547616,0.057595,,1295900,,
1,2,,0.048591,0.439615,0.511794,,1286500,,
1,1,,0.338895,0.617875,0.04323,,1284500,,
1,1,,0.276636,0.682017,0.041347,,1296600,,
1,1,,0.375181,0.602419,0.0224,,1283600,,
1,1,,0.117968,0.443011,0.439021,,1290300,,
1,1,,0.231454,0.690071,0.078475,,1284600,,
1,1,,0.242179,0.656035,0.101787,,1282700,,
1,1,,0.211133,0.551701,0.237167,,1291700,,
1,1,,0.383998,0.568174,0.047829,,1290900,,
1,1,,0.325784,0.655622,0.018594,,1293700,,
1,1,,0.139022,0.708968,0.15201,,1291700,,
1,1,,0.398732,0.570242,0.031026,,1282600,,
1,1,,0.160694,0.75306,0.086247,,1283300,,
1,1,,0.286335,0.684518,0.029147,,1290900,,
1,1,,0.214075,0.652107,0.133818,,1290600,,
1,1,,0.239129,0.664137,0.096734,,1299100,,
1,1,,0.407313,0.521724,0.070962,,1281300,,
1,1,,0.356733,0.582404,0.060863,,1280900,,
1,1,,0.305106,0.619741,0.075153,,1282500,,
1,1,,0.137907,0.647726,0.214367,,1285600,,
1,1,,0.414286,0.572265,0.013448,,1283900,,
1,1,,0.150092,0.740807,0.109101,,1278900,,
1,1,,0.117313,0.480717,0.401969,,1299100,,
1,1,,0.175258,0.64931,0.175432,,1282900,,
1,1,,0.098381,0.52754,0.374079,,1285400,,
1,1,,0.078522,0.552854,0.368624,,1292300,,
1,1,,0.284074,0.666345,0.049581,,1299000,,
1,1,,0.097937,0.649561,0.252502,,1277900,,
1,1,,0.142808,0.692639,0.164552,,1286000,,
1,1,,0.272283,0.687681,0.040035,,1286300,,
1,1,,0.247588,0.706155,0.046257,,1279900,,
1,1,,0.154766,0.590677,0.254557,,1285900,,
1,1,,0.282852,0.702683,0.014465,,1286600,,
1,1,,0.097674,0.479149,0.423177,,1290000,,
1,1,,0.15668,0.714651,0.128669,,1291700,,
1,1,,0.30785,0.652611,0.039539,,1284200,,
1,1,,0.338412,0.642565,0.019023,,1291500,,
1,1,,0.353167,0.608083,0.038751,,1288300,,
1,1,,0.389392,0.566131,0.044477,,1305600,,
1,1,,0.259863,0.678071,0.062065,,1289300,,
1,1,,0.305622,0.676554,0.017823,,1284900,,
1,1,,0.390733,0.589008,0.020258,,1288100,,
1,1,,0.077309,0.700835,0.221856,,1291200,,
1,1,,0.182426,0.703269,0.114305,,1290200,,
1,1,,0.185637,0.716706,0.097657,,1288100,,
1,1,,0.417939,0.563072,0.018989,,1288300,,
1,1,,0.04813,0.662584,0.289286,,1295000,,
1,1,,0.316793,0.66843,0.014777,,1284500,,
1,1,,0.312268,0.596356,0.091377,,1285400,,
1,1,,0.339543,0.647168,0.013288,,1284300,,
1,1,,0.065418,0.658619,0.275963,,1294700,,
1,1,,0.305085,0.676238,0.018677,,1286300,,
1,1,,0.304507,0.592377,0.103116,,1287900,,
1,1,,0.234712,0.720565,0.044723,,1287500,,
1,1,,0.146615,0.437477,0.415908,,1295500,,
1,1,,0.299621,0.607344,0.093035,,1288600,,
1,1,,0.232915,0.68035,0.086735,,1284700,,
1,1,,0.1065,0.742817,0.150683,,1287000,,
1,1,,0.32371,0.664087,0.012203,,1288100,,
1,1,,0.095056,0.669613,0.235331,,1306000,,
1,2,,0.106901,0.391485,0.501613,,1285600,,
1,1,,0.391745,0.597228,0.011026,,1303000,,
1,1,,0.402481,0.552765,0.044754,,1279800,,
1,1,,0.338712,0.649533,0.011755,,1281000,,
1,1,,0.337747,0.607094,0.055159,,1283700,,
1,1,,0.111787,0.595667,0.292546,,1284300,,
1,1,,0.250334,0.719685,0.02998,,1281000,,
1,1,,0.081168,0.698588,0.220244,,1281100,,
1,1,,0.255169,0.663675,0.081156,,1280500,,
1,2,,0.147536,0.216221,0.636243,,1291900,,
1,1,,0.226401,0.666243,0.107356,,1284800,,
1,2,,0.087053,0.390216,0.522732,,1300000,,
1,2,,0.091201,0.367121,0.541678,,1283100,,
1,1,,0.310473,0.614442,0.075085,,1301900,,
1,1,,0.282248,0.471554,0.246198,,1287700,,
1,1,,0.272867,0.687986,0.039147,,1285700,,
1,1,,0.064635,0.587533,0.347833,,1281900,,
1,1,,0.324489,0.654021,0.02149,,1285000,,
1,2,,0.098766,0.444699,0.456535,,1289100,,
1,1,,0.111969,0.706297,0.181734,,1283400,,
1,1,,0.241308,0.610825,0.147866,,1287500,,
1,1,,0.046188,0.538071,0.41574,,1282400,,
1,1,,0.115142,0.577176,0.307682,,1281400,,
1,2,,0.083569,0.451605,0.464826,,1289400,,
1,1,,0.141458,0.813514,0.045028,,1355900,,
1,1,,0.251577,0.608987,0.139436,,1300200,,
1,1,,0.283911,0.693067,0.023022,,1284400,,
1,1,,0.097765,0.570473,0.331762,,1288400,,
1,1,,0.138844,0.540828,0.320327,,1284100,,
1,1,,0.103376,0.571406,0.325218,,1282500,,
1,1,,0.082552,0.734286,0.183162,,1283400,,
1,1,,0.089821,0.682975,0.227204,,1281300,,
1,1,,0.222905,0.639008,0.138087,,1282100,,
1,1,,0.0744,0.76627,0.15933,,1285200,,
1,1,,0.359423,0.602612,0.037964,,1284400,,
1,1,,0.281228,0.627995,0.090777,,1286400,,
1,1,,0.227678,0.718351,0.053971,,1313500,,
1,1,,0.216713,0.627955,0.155332,,1286200,,
1,1,,0.309903,0.667141,0.022956,,1296900,,
1,1,,0.285045,0.686751,0.028204,,1279600,,
1,1,,0.278,0.549131,0.172868,,1282800,,
1,1,,0.389309,0.592561,0.01813,,1289800,,
1,1,,0.094435,0.59731,0.308254,,1290000,,
1,1,,0.073543,0.524948,0.401509,,1286800,,
1,1,,0.358757,0.629488,0.011755,,1282500,,
1,1,,0.103765,0.754578,0.141657,,1285900,,
1,1,,0.258347,0.718493,0.02316,,1283400,,
1,1,,0.355681,0.568425,0.075894,,1282600,,
1,1,,0.1376,0.662669,0.199731,,1318500,,
1,1,,0.308171,0.608415,0.083414,,1301200,,
1,1,,0.096407,0.755877,0.147716,,1286200,,
1,1,,0.181686,0.538057,0.280257,,1288900,,
1,1,,0.324955,0.661757,0.013288,,1289000,,
1,1,,0.160823,0.704922,0.134255,,1284300,,
1,1,,0.084648,0.718998,0.196354,,1282100,,
1,1,,0.061129,0.561616,0.377255,,1286100,,
1,1,,0.376472,0.560657,0.062872,,1283300,,
1,1,,0.208576,0.560276,0.231148,,1283700,,
1,1,,0.082838,0.595749,0.321413,,1282800,,
1,1,,0.167977,0.760961,0.071062,,1288500,,
1,1,,0.167717,0.670202,0.16208,,1283500,,
1,1,,0.175273,0.672212,0.152515,,2079600,,
1,1,,0.396842,0.591404,0.011755,,2349100,,
1,1,,0.205628,0.638881,0.155492,,2365000,,
1,1,,0.379657,0.539603,0.08074,,2396800,,
1,1,,0.084853,0.560621,0.354526,,2343400,,
1,1,,0.272545,0.649548,0.077907,,2383100,,
1,1,,0.373973,0.561537,0.06449,,1752300,,
1,1,,0.381061,0.560119,0.058821,,1340300,,
1,1,,0.185339,0.70365,0.111012,,1286400,,
1,1,,0.304488,0.640691,0.05482,,1273800,,
1,1,,0.102107,0.607239,0.290654,,1287000,,
1,1,,0.07256,0.65676,0.27068,,1283800,,
1,1,,0.343517,0.611528,0.044955,,1325600,,
1,1,,0.349468,0.631067,0.019465,,1316200,,
1,1,,0.079409,0.543636,0.376955,,1280500,,
1,1,,0.090209,0.62447,0.285321,,1277600,,
1,1,,0.048517,0.725162,0.226321,,1284600,,
1,1,,0.066063,0.556261,0.377677,,1340100,,
1,1,,0.073846,0.59976,0.326394,,1306300,,
1,1,,0.054356,0.69655,0.249094,,1285300,,
1,1,,0.3053,0.610089,0.084612,,1277300,,
1,1,,0.060436,0.571626,0.367939,,1252200,,
1,1,,0.327923,0.640724,0.031353,,1251100,,
1,1,,0.24605,0.707111,0.046839,,1328700,,
1,1,,0.325351,0.661043,0.013606,,1251400,,
1,1,,0.279262,0.705643,0.015095,,1252300,,
1,1,,0.193315,0.693137,0.113548,,1268300,,
1,1,,0.143638,0.524931,0.331432,,1253700,,
1,1,,0.259795,0.688185,0.05202,,1315600,,
1,1,,0.409256,0.483078,0.107666,,1269300,,
1,1,,0.101995,0.5876,0.310405,,1254800,,
1,1,,0.317083,0.64813,0.034787,,1253900,,
1,1,,0.102112,0.664957,0.232931,,1258200,,
1,1,,0.247583,0.540865,0.211553,,1258400,,
1,1,,0.113309,0.701606,0.185085,,1310300,,
1,1,,0.210462,0.755215,0.034323,,1269700,,
1,1,,0.470711,0.514751,0.014538,,1262800,,
1,1,,0.20296,0.675883,0.121158,,1257100,,
1,1,,0.276286,0.659051,0.064663,,1265800,,
1,1,,0.309983,0.619727,0.07029,,1308600,,
1,1,,0.203961,0.657816,0.138222,,1278300,,
1,1,,0.143862,0.704391,0.151747,,1251900,,
1,1,,0.324581,0.580105,0.095314,,1268200,,
1,1,,0.370869,0.616299,0.012833,,1252600,,
1,1,,0.085361,0.649219,0.265421,,1254100,,
1,1,,0.112175,0.745785,0.142039,,1338700,,
1,1,,0.283186,0.674722,0.042091,,1257500,,
1,1,,0.214496,0.696927,0.088577,,1252400,,
1,1,,0.067474,0.548365,0.384161,,1270200,,
1,1,,0.35013,0.625748,0.024122,,1253600,,
1,1,,0.07171,0.641805,0.286485,,1304300,,
1,1,,0.086616,0.766838,0.146546,,1271300,,
1,2,,0.0912,0.35764,0.55116,,1272700,,
1,1,,0.341333,0.624107,0.03456,,1262900,,
1,1,,0.261315,0.687101,0.051584,,1269900,,
1,1,,0.109911,0.6458,0.244289,,1293000,,
1,1,,0.23522,0.48209,0.282691,,1300500,,
1,1,,0.34141,0.583458,0.075132,,1267200,,
1,1,,0.09805,0.681216,0.220734,,1276200,,
1,1,,0.362729,0.624339,0.012931,,1256200,,
1,1,,0.079054,0.643887,0.277058,,1262300,,
1,1,,0.205263,0.692097,0.10264,,1315300,,
1,1,,0.133869,0.68611,0.180022,,1252800,,
1,1,,0.061935,0.760229,0.177836,,1265500,,
1,1,,0.142914,0.633366,0.22372,,1283200,,
1,1,,0.312604,0.672669,0.014727,,1259000,,
1,1,,0.349436,0.602874,0.04769,,1309900,,
1,1,,0.234876,0.722551,0.042573,,1290200,,
1,1,,0.3838,0.585174,0.031026,,1270900,,
1,1,,0.17371,0.629174,0.197116,,1275000,,
1,1,,0.3954,0.591039,0.013561,,1294400,,
1,1,,0.220078,0.727773,0.052149,,1284000,,
1,1,,0.27536,0.704018,0.020621,,1345400,,
1,1,,0.17918,0.568285,0.252535,,1301600,,
1,1,,0.269266,0.660493,0.07024,,1259000,,
1,1,,0.403916,0.559668,0.036415,,1271200,,
1,1,,0.365445,0.613542,0.021013,,1285500,,
1,1,,0.070852,0.791298,0.13785,,1326200,,
1,1,,0.256755,0.697681,0.045564,,1370400,,
2,2,,0.159682,0.219097,0.621221,,1280500,,
2,2,,0.269843,0.02249,0.707667,,1264200,,
2,2,,0.378907,0.019099,0.601994,,1267000,,
2,2,,0.361999,0.04041,0.597591,,1321000,,
2,2,,0.07156,0.375232,0.553208,,1285700,,
2,2,,0.12607,0.200573,0.673356,,1262300,,
2,2,,0.383835,0.036633,0.579532,,1272100,,
2,2,,0.093865,0.35954,0.546596,,1274600,,
2,2,,0.169554,0.094167,0.736279,,1280800,,
2,2,,0.255558,0.086238,0.658204,,1328100,,
2,2,,0.403978,0.033051,0.562971,,1265200,,
2,2,,0.128061,0.214789,0.65715,,1258200,,
2,2,,0.254718,0.085929,0.659353,,1271000,,
2,2,,0.202243,0.049825,0.747931,,1269700,,
2,2,,0.082683,0.443475,0.473842,,1319000,,
2,2,,0.068463,0.295957,0.635579,,1266000,,
2,2,,0.177327,0.266509,0.556164,,1294400,,
2,2,,0.335955,0.014781,0.649263,,1262700,,
2,2,,0.398536,0.083986,0.517478,,1257400,,
2,2,,0.310883,0.068242,0.620875,,1273800,,
2,2,,0.132772,0.170453,0.696775,,1338600,,
2,2,,0.130251,0.333041,0.536708,,1258600,,
2,2,,0.091304,0.303807,0.604889,,1275800,,
2,2,,0.127591,0.360885,0.511525,,1260700,,
2,2,,0.256004,0.131692,0.612304,,1262400,,
2,2,,0.401053,0.04637,0.552576,,1322200,,
2,1,,0.04835,0.545788,0.405861,,1264300,,
2,2,,0.360217,0.01313,0.626653,,1259400,,
2,2,,0.099031,0.323207,0.577762,,1265000,,
2,2,,0.204305,0.144044,0.651651,,1255700,,
2,1,,0.092774,0.48105,0.426176,,1258900,,
2,2,,0.122189,0.127094,0.750717,,1335600,,
2,2,,0.454326,0.041845,0.50383,,1269400,,
2,2,,0.089182,0.380393,0.530425,,1259600,,
2,2,,0.279998,0.068535,0.651467,,1268200,,
2,2,,0.433351,0.022014,0.544636,,1267900,,
2,2,,0.240743,0.081763,0.677494,,1308400,,
2,2,,0.247609,0.16375,0.588641,,1265800,,
2,2,,0.237257,0.052366,0.710377,,1270100,,
2,2,,0.370123,0.030924,0.598953,,1257300,,
2,2,,0.049786,0.437377,0.512838,,1258000,,
2,2,,0.18015,0.141697,0.678153,,1289400,,
2,2,,0.252865,0.060652,0.686483,,1321100,,
2,2,,0.224585,0.225921,0.549495,,1271400,,
2,2,,0.393635,0.013051,0.593314,,1272600,,
2,2,,0.058692,0.298172,0.643136,,1261000,,
2,2,,0.267498,0.049107,0.683395,,1257900,,
2,2,,0.141388,0.404005,0.454607,,1324200,,
2,1,,0.087269,0.488435,0.424296,,1262100,,
2,2,,0.221101,0.100043,0.678856,,1258600,,
2,2,,0.122175,0.397137,0.480687,,1267400,,
2,2,,0.368967,0.029946,0.601086,,1263500,,
2,2,,0.282765,0.02414,0.693095,,1303700,,
2,2,,0.139076,0.224104,0.63682,,1275300,,
2,2,,0.291729,0.023812,0.684459,,1264500,,
2,2,,0.09416,0.408832,0.497008,,1268600,,
2,2,,0.211125,0.314448,0.474427,,1272600,,
2,2,,0.137864,0.106491,0.755644,,1269500,,
2,2,,0.385395,0.010551,0.604054,,1337300,,
2,2,,0.117688,0.266331,0.615982,,1290800,,
2,2,,0.157478,0.070625,0.771897,,1281500,,
2,2,,0.120658,0.383343,0.495998,,1272300,,
2,2,,0.176847,0.363345,0.459808,,1268000,,
2,2,,0.229936,0.194438,0.575626,,1345500,,
2,2,,0.262704,0.050109,0.687187,,1277000,,
2,2,,0.306195,0.047395,0.64641,,1267500,,
2,2,,0.192005,0.044538,0.763457,,1292400,,
2,2,,0.233407,0.212587,0.554006,,1261700,,
2,1,,0.062102,0.490505,0.447393,,1261800,,
2,2,,0.326786,0.032588,0.640626,,1333500,,
2,2,,0.243346,0.184868,0.571786,,1267900,,
2,1,,0.112277,0.530213,0.357509,,2182300,,
2,2,,0.076209,0.453581,0.47021,,1267500,,
2,2,,0.230749,0.159797,0.609454,,1317500,,
2,2,,0.366927,0.020518,0.612556,,1277200,,
2,2,,0.185577,0.190894,0.62353,,1293700,,
2,1,,0.129278,0.461449,0.409273,,1270000,,
2,2,,0.2491,0.108368,0.642532,,1276100,,
2,2,,0.275371,0.033039,0.69159,,1285200,,
2,2,,0.387271,0.010551,0.602178,,1343400,,
2,2,,0.206733,0.168606,0.624661,,1292100,,
2,2,,0.315782,0.021657,0.662561,,1278900,,
2,2,,0.052389,0.339895,0.607716,,1277000,,
2,2,,0.277814,0.082649,0.639537,,1275300,,
2,2,,0.133779,0.256135,0.610086,,1344900,,
2,1,,0.056256,0.510003,0.43374,,1283000,,
2,2,,0.42267,0.030678,0.546652,,1282600,,
2,2,,0.077008,0.366004,0.556987,,1299200,,
2,2,,0.304544,0.118257,0.5772,,1276500,,
2,2,,0.326344,0.080398,0.593258,,1329900,,
2,2,,0.340575,0.021657,0.637768,,1318500,,
2,2,,0.160913,0.260845,0.578242,,1265700,,
2,2,,0.105266,0.406515,0.488219,,1260500,,
2,2,,0.186359,0.033068,0.780573,,1275000,,
2,2,,0.266257,0.051168,0.682575,,1263400,,
2,2,,0.257254,0.266759,0.475987,,1333900,,
2,2,,0.122503,0.357781,0.519716,,1288000,,
2,2,,0.329639,0.023018,0.647342,,1268300,,
2,2,,0.16124,0.201354,0.637406,,1261900,,
2,2,,0.10336,0.399288,0.497352,,1266200,,
2,2,,0.122532,0.297964,0.579505,,1325600,,
2,2,,0.136822,0.117599,0.745579,,1273000,,
2,2,,0.106548,0.401356,0.492096,,1274100,,
2,2,,0.151585,0.098,0.750415,,1277200,,
2,2,,0.16112,0.137688,0.701191,,1279100,,
2,0,,0.501028,0.017769,0.481203,,1270500,,
2,2,,0.117256,0.294146,0.588599,,1344100,,
2,1,,0.119356,0.466929,0.413715,,1270300,,
2,2,,0.204617,0.09273,0.702653,,1272600,,
2,2,,0.11139,0.357904,0.530706,,1267000,,
2,1,,0.174316,0.533357,0.292327,,1263400,,
2,2,,0.297077,0.052792,0.650131,,1312000,,
2,2,,0.356376,0.021657,0.621967,,1379200,,
2,2,,0.095813,0.350041,0.554147,,1281700,,
2,2,,0.374437,0.060349,0.565214,,1275000,,
2,2,,0.405794,0.053175,0.541031,,1308900,,
2,2,,0.138338,0.403337,0.458326,,1329000,,
2,2,,0.26663,0.034516,0.698854,,1286300,,
2,2,,0.400341,0.012281,0.587378,,1294100,,
2,2,,0.079467,0.433335,0.487198,,1276200,,
2,2,,0.306975,0.02414,0.668885,,1268600,,
2,2,,0.102105,0.300481,0.597413,,1287800,,
2,2,,0.131343,0.186295,0.682362,,1332600,,
2,2,,0.186843,0.261157,0.551999,,1272900,,
2,2,,0.079229,0.269292,0.651479,,1292700,,
2,2,,0.215726,0.073601,0.710674,,1256500,,
2,2,,0.254142,0.105984,0.639875,,1266100,,
2,2,,0.272681,0.03959,0.687729,,1319300,,
2,2,,0.129073,0.352529,0.518399,,1269400,,
2,2,,0.230588,0.040711,0.7287,,1257100,,
2,2,,0.307771,0.03486,0.65737,,1271300,,
2,2,,0.211005,0.107742,0.681253,,1259600,,
2,2,,0.133675,0.381385,0.48494,,1257300,,
2,2,,0.449424,0.063901,0.486675,,1329000,,
2,2,,0.060461,0.392108,0.547431,,1270300,,
2,2,,0.283886,0.059773,0.656341,,1259900,,
2,2,,0.300642,0.098027,0.601331,,1298200,,
2,2,,0.348398,0.041657,0.609945,,1260300,,
2,2,,0.386386,0.023011,0.590602,,1308700,,
2,2,,0.091447,0.283365,0.625188,,1265200,,
2,2,,0.374327,0.027705,0.597968,,1285000,,
2,2,,0.431632,0.0216,0.546768,,1262000,,
2,2,,0.115458,0.384812,0.49973,,1264900,,
2,1,,0.066665,0.571415,0.361921,,1334900,,
2,2,,0.14599,0.222656,0.631355,,1267700,,
2,2,,0.1423,0.410697,0.447003,,1270900,,
2,2,,0.179755,0.054538,0.765708,,1280900,,
2,2,,0.379033,0.010551,0.610416,,1267900,,
2,2,,0.248303,0.03221,0.719487,,1259800,,
2,2,,0.357059,0.013051,0.62989,,1329100,,
2,2,,0.336705,0.030722,0.632574,,1265600,,
2,2,,0.277264,0.135313,0.587424,,1267300,,
2,2,,0.382387,0.019099,0.598514,,1286200,,
2,2,,0.152534,0.261676,0.58579,,1273500,,
2,2,,0.369357,0.059725,0.570918,,1313400,,
2,2,,0.278084,0.102101,0.619815,,1283500,,
2,2,,0.26045,0.059212,0.680338,,1263800,,
2,2,,0.26568,0.037723,0.696597,,1263700,,
2,2,,0.120575,0.228301,0.651124,,1271400,,
2,2,,0.11076,0.323032,0.566208,,1272000,,
2,2,,0.269689,0.048406,0.681905,,1321100,,
2,2,,0.17919,0.13466,0.68615,,1266800,,
2,2,,0.288264,0.052688,0.659048,,1264500,,
2,2,,0.224891,0.176156,0.598953,,1260000,,
2,2,,0.11954,0.329574,0.550886,,1263900,,
2,1,,0.1262,0.590177,0.283623,,1328400,,
2,2,,0.421694,0.072363,0.505942,,1264400,,
2,2,,0.231967,0.042649,0.725384,,1261700,,
2,2,,0.14186,0.284047,0.574093,,1274300,,
2,2,,0.330487,0.023811,0.645702,,1259900,,
2,2,,0.056781,0.40074,0.542479,,1264600,,
2,2,,0.335466,0.052972,0.611563,,1340000,,
2,2,,0.154956,0.262479,0.582566,,1262300,,
2,1,,0.114125,0.701095,0.184779,,1261100,,
2,2,,0.299325,0.030205,0.670469,,1280400,,
2,2,,0.258404,0.205927,0.53567,,1258100,,
2,2,,0.112136,0.241815,0.646049,,1316200,,
2,2,,0.383774,0.037907,0.578319,,1278900,,
2,2,,0.169832,0.115081,0.715087,,1271200,,
2,2,,0.207973,0.046845,0.745182,,1275600,,
2,2,,0.264267,0.145077,0.590656,,1272200,,
2,2,,0.486222,0.016302,0.497476,,1319600,,
2,2,,0.268954,0.2609,0.470147,,1267600,,
2,2,,0.164587,0.121104,0.714308,,1297900,,
2,2,,0.296257,0.072746,0.630997,,1266500,,
2,2,,0.239433,0.047526,0.713041,,1261900,,
2,1,,0.092279,0.495274,0.412446,,1278100,,
2,2,,0.192546,0.084835,0.722619,,1322700,,
2,2,,0.135007,0.146162,0.718831,,1264900,,
2,2,,0.280631,0.051869,0.667499,,1274000,,
2,2,,0.189695,0.125169,0.685136,,1281200,,
2,2,,0.237562,0.219736,0.542702,,1264600,,
2,2,,0.351554,0.050766,0.59768,,1307100,,
2,1,,0.096627,0.481718,0.421655,,1285300,,
2,1,,0.068029,0.622002,0.30997,,1287200,,
2,2,,0.226947,0.053032,0.720022,,1269200,,
2,2,,0.399205,0.013051,0.587744,,1277000,,
2,2,,0.136626,0.343224,0.52015,,1263500,,
2,2,,0.267757,0.043819,0.688424,,1328800,,
2,2,,0.121498,0.237499,0.641003,,1279000,,
2,2,,0.052521,0.378022,0.569457,,1260500,,
2,2,,0.259891,0.033548,0.706561,,1287400,,
2,2,,0.350629,0.021657,0.627714,,1275900,,
2,2,,0.379849,0.0216,0.598551,,1324500,,
2,2,,0.134992,0.169812,0.695196,,1275900,,
2,2,,0.238091,0.114105,0.647804,,1275700,,
2,2,,0.281637,0.037728,0.680635,,1283400,,
2,2,,0.418989,0.036631,0.544379,,1262700,,
2,2,,0.367173,0.037706,0.595121,,1277900,,
2,2,,0.268142,0.170567,0.561291,,1315400,,
2,2,,0.285839,0.024943,0.689219,,1266900,,
2,2,,0.16346,0.079975,0.756565,,1274400,,
2,2,,0.14681,0.272241,0.580949,,1266100,,
2,2,,0.183968,0.171847,0.644185,,1274900,,
2,2,,0.211192,0.101873,0.686935,,1351400,,
2,2,,0.155281,0.100349,0.74437,,1268100,,
2,2,,0.149335,0.176354,0.674311,,1261300,,
2,2,,0.206252,0.072198,0.72155,,1264300,,
2,2,,0.20013,0.047777,0.752093,,1297000,,
2,2,,0.206605,0.086456,0.70694,,1314300,,
2,2,,0.306928,0.091267,0.601805,,1290800,,
2,2,,0.085238,0.444499,0.470263,,1285100,,
2,2,,0.288075,0.050026,0.661899,,1264100,,
2,2,,0.424306,0.065773,0.509921,,1264000,,
2,2,,0.104725,0.351934,0.543341,,1276600,,
2,2,,0.113157,0.426254,0.460589,,1326700,,
2,2,,0.361746,0.035756,0.602498,,1360000,,
2,1,,0.101137,0.531609,0.367254,,1286100,,
2,2,,0.055584,0.433066,0.51135,,1265300,,
2,2,,0.284531,0.031719,0.68375,,1281700,,
2,2,,0.342674,0.05142,0.605906,,1331500,,
2,2,,0.098731,0.235944,0.665325,,1275500,,
2,2,,0.203035,0.355616,0.441349,,1263300,,
2,1,,0.106872,0.579243,0.313885,,1274000,,
2,1,,0.091336,0.506833,0.401832,,1273800,,
2,2,,0.19423,0.141892,0.663878,,1328700,,
2,2,,0.080456,0.309312,0.610233,,1283200,,
2,2,,0.360536,0.164977,0.474487,,1269700,,
2,2,,0.28405,0.112735,0.603214,,1267000,,
2,2,,0.153791,0.195071,0.651138,,1277600,,
2,2,,0.317313,0.148992,0.533695,,1270700,,
2,2,,0.297901,0.066042,0.636057,,1325600,,
2,2,,0.330209,0.030205,0.639586,,1272300,,
2,2,,0.11422,0.334791,0.55099,,1275100,,
2,2,,0.439096,0.036838,0.524066,,1264700,,
2,2,,0.365694,0.053186,0.58112,,1262900,,
2,2,,0.383236,0.054285,0.562478,,1330200,,
2,2,,0.21408,0.200138,0.585782,,1264900,,
2,2,,0.129387,0.238535,0.632079,,1264500,,
2,2,,0.121524,0.33395,0.544526,,1292300,,
2,2,,0.254827,0.054423,0.69075,,1271600,,
2,2,,0.355202,0.067323,0.577475,,1272600,,
2,2,,0.231549,0.11532,0.653131,,1343600,,
2,2,,0.256514,0.094235,0.649251,,1299100,,
2,2,,0.105635,0.417636,0.476729,,1266800,,
2,2,,0.155008,0.088796,0.756196,,1278600,,
2,2,,0.206569,0.11741,0.676021,,1264900,,
2,1,,0.122633,0.547628,0.329739,,1317600,,
2,2,,0.392585,0.023011,0.584404,,1279100,,
2,2,,0.283122,0.043943,0.672936,,1270500,,
2,2,,0.347831,0.014301,0.637868,,1262700,,
