image-segmentation,Tuned_CWT,test,4,NANOSECONDS,PREDICTIONS, Generated by ClassifierExperiments.java on 2022-05-16 02:15:31.    SYSTEMPROPERTIES:{user.name:matth,os.arch:amd64,os.name:Windows 10},ENDSYSTEMPROPERTIES
No parameter info
0.2662337662337662,290447700,291668400,-1,34241456,7,,-1,-1
0,5,,0.087254,0.152316,0.210059,0.088184,0.101497,0.273631,0.08706,,729300,,
0,5,,0.106777,0.141642,0.190273,0.08695,0.102704,0.28313,0.088524,,645700,,
0,5,,0.08833,0.13701,0.189223,0.082794,0.132243,0.279747,0.090652,,644300,,
0,5,,0.087254,0.152316,0.210059,0.088184,0.101497,0.27501,0.08568,,647300,,
0,5,,0.12886,0.112132,0.197812,0.070201,0.152071,0.22228,0.116644,,657700,,
0,5,,0.087254,0.152316,0.210059,0.088184,0.101497,0.27501,0.08568,,646300,,
0,5,,0.12886,0.112132,0.177812,0.070201,0.172071,0.22228,0.116644,,652700,,
0,5,,0.08833,0.13701,0.189223,0.082794,0.132243,0.278368,0.092031,,640100,,
0,5,,0.087254,0.152316,0.210059,0.088184,0.101497,0.273631,0.08706,,643400,,
0,5,,0.087254,0.152316,0.210059,0.088184,0.101497,0.27501,0.08568,,648400,,
0,5,,0.087254,0.152316,0.210059,0.088184,0.101497,0.27501,0.08568,,667400,,
0,2,,0.128692,0.112132,0.223537,0.070201,0.126515,0.22228,0.116644,,639500,,
0,5,,0.103384,0.112261,0.193373,0.073655,0.149729,0.252734,0.114864,,639600,,
0,5,,0.114079,0.112261,0.171634,0.07537,0.145598,0.263165,0.117893,,646900,,
0,5,,0.08833,0.13701,0.189223,0.082794,0.132243,0.279747,0.090652,,638900,,
0,5,,0.088429,0.132391,0.193998,0.078824,0.136628,0.274997,0.094733,,644600,,
0,5,,0.087254,0.152316,0.210059,0.088184,0.101497,0.273631,0.08706,,644300,,
0,5,,0.08833,0.13701,0.189223,0.082794,0.132243,0.278368,0.092031,,638600,,
0,5,,0.12886,0.112132,0.177812,0.070201,0.172071,0.22228,0.116644,,637900,,
0,5,,0.113905,0.112261,0.178436,0.07537,0.13897,0.263165,0.117893,,635800,,
0,5,,0.08833,0.13701,0.189223,0.082794,0.132243,0.278368,0.092031,,634400,,
0,5,,0.103384,0.112261,0.193373,0.073655,0.149729,0.252734,0.114864,,637900,,
0,5,,0.087254,0.152316,0.210059,0.088184,0.101497,0.27501,0.08568,,637900,,
0,5,,0.087428,0.152316,0.203257,0.088184,0.108126,0.27501,0.08568,,636600,,
0,5,,0.12886,0.112132,0.177812,0.070201,0.172071,0.22228,0.116644,,648400,,
0,5,,0.08833,0.13701,0.189223,0.082794,0.132243,0.278368,0.092031,,639200,,
0,5,,0.106945,0.141642,0.164548,0.08695,0.12826,0.28313,0.088524,,652300,,
0,5,,0.087254,0.152316,0.210059,0.088184,0.101497,0.27501,0.08568,,644700,,
0,5,,0.08833,0.13701,0.189223,0.082794,0.132243,0.278368,0.092031,,634900,,
0,2,,0.215729,0.057819,0.232051,0.054105,0.16051,0.095834,0.183952,,642300,,
0,5,,0.094079,0.112261,0.191634,0.07537,0.145598,0.263165,0.117893,,634700,,
0,6,,0.133745,0.116868,0.163205,0.135468,0.124409,0.148248,0.178058,,639700,,
0,2,,0.110788,0.153393,0.189197,0.141349,0.127854,0.133694,0.143725,,639800,,
0,5,,0.086945,0.141642,0.184548,0.08695,0.12826,0.284509,0.087145,,638900,,
0,2,,0.193762,0.066461,0.206921,0.079599,0.197585,0.095834,0.15984,,646500,,
0,5,,0.087254,0.152316,0.210059,0.088184,0.101497,0.27501,0.08568,,649700,,
0,5,,0.087254,0.152316,0.210059,0.088184,0.101497,0.27501,0.08568,,643800,,
0,5,,0.087428,0.152316,0.203257,0.088184,0.108126,0.273631,0.08706,,629400,,
0,5,,0.087254,0.152316,0.210059,0.088184,0.101497,0.27501,0.08568,,630000,,
0,5,,0.088429,0.112391,0.193998,0.078824,0.136628,0.273618,0.116113,,633600,,
0,5,,0.087254,0.152316,0.210059,0.088184,0.101497,0.27501,0.08568,,626700,,
0,5,,0.087254,0.152316,0.210059,0.088184,0.101497,0.27501,0.08568,,625500,,
0,5,,0.123384,0.112261,0.173373,0.073655,0.149729,0.252734,0.114864,,626300,,
0,5,,0.087254,0.152316,0.190059,0.088184,0.121497,0.27501,0.08568,,624800,,
0,5,,0.12886,0.112132,0.177812,0.070201,0.172071,0.22228,0.116644,,622100,,
0,5,,0.12886,0.112132,0.177812,0.070201,0.172071,0.22228,0.116644,,626600,,
0,5,,0.128686,0.112132,0.204614,0.070201,0.145443,0.22228,0.116644,,627200,,
0,5,,0.109741,0.112875,0.205038,0.065695,0.176609,0.212828,0.117214,,626900,,
0,5,,0.087254,0.152316,0.210059,0.088184,0.101497,0.27501,0.08568,,625900,,
0,5,,0.087254,0.152316,0.210059,0.088184,0.101497,0.27501,0.08568,,623400,,
0,5,,0.08833,0.13701,0.189223,0.082794,0.132243,0.279747,0.090652,,625700,,
0,5,,0.087254,0.152316,0.210059,0.088184,0.101497,0.27501,0.08568,,627000,,
0,5,,0.087422,0.152316,0.184334,0.088184,0.127054,0.27501,0.08568,,626700,,
0,2,,0.128692,0.112132,0.223537,0.070201,0.126515,0.22228,0.116644,,627100,,
0,5,,0.12886,0.112132,0.197812,0.070201,0.152071,0.22228,0.116644,,625700,,
0,5,,0.128686,0.112132,0.204614,0.070201,0.145443,0.22228,0.116644,,624600,,
0,5,,0.12886,0.112132,0.197812,0.070201,0.152071,0.22228,0.116644,,645900,,
0,2,,0.146657,0.123219,0.200431,0.136742,0.115268,0.133957,0.143725,,630600,,
0,5,,0.113905,0.112261,0.198436,0.07537,0.13897,0.243165,0.117893,,653400,,
0,5,,0.087422,0.152316,0.184334,0.088184,0.127054,0.27501,0.08568,,628100,,
0,5,,0.086777,0.141642,0.210273,0.08695,0.102704,0.284509,0.087145,,634500,,
0,5,,0.123384,0.112261,0.173373,0.073655,0.149729,0.252734,0.114864,,623100,,
0,5,,0.087254,0.152316,0.210059,0.088184,0.101497,0.27501,0.08568,,623300,,
0,6,,0.113139,0.116738,0.168115,0.152565,0.126896,0.148248,0.174299,,622000,,
0,5,,0.086777,0.141642,0.210273,0.08695,0.102704,0.284509,0.087145,,622700,,
0,5,,0.086777,0.141642,0.210273,0.08695,0.102704,0.284509,0.087145,,621900,,
1,5,,0.049157,0.247549,0.141378,0.113072,0.069635,0.318397,0.060813,,625400,,
1,5,,0.049157,0.247549,0.141378,0.113072,0.069635,0.317018,0.062192,,627000,,
1,5,,0.049157,0.247549,0.141378,0.113072,0.069635,0.317018,0.062192,,622100,,
1,5,,0.049157,0.247549,0.141378,0.113072,0.069635,0.318397,0.060813,,622900,,
1,5,,0.069157,0.247549,0.121378,0.113072,0.069635,0.317018,0.062192,,627200,,
1,5,,0.049157,0.247549,0.141378,0.113072,0.069635,0.317018,0.062192,,622000,,
1,5,,0.049157,0.247549,0.141378,0.113072,0.069635,0.317018,0.062192,,625700,,
1,5,,0.049157,0.247549,0.121378,0.113072,0.069635,0.338397,0.060813,,623300,,
1,5,,0.060283,0.197549,0.179053,0.106063,0.087854,0.301113,0.068085,,624900,,
1,5,,0.049157,0.247549,0.121378,0.113072,0.069635,0.337018,0.062192,,625600,,
1,5,,0.049157,0.247549,0.121378,0.113072,0.069635,0.337018,0.062192,,622300,,
1,5,,0.049157,0.247549,0.141378,0.113072,0.069635,0.318397,0.060813,,624200,,
1,5,,0.049157,0.247549,0.141378,0.113072,0.069635,0.317018,0.062192,,628700,,
1,5,,0.049157,0.247549,0.141378,0.113072,0.069635,0.317018,0.062192,,625800,,
1,5,,0.049157,0.247549,0.141378,0.113072,0.069635,0.317018,0.062192,,623000,,
1,5,,0.054633,0.247419,0.145816,0.109618,0.071977,0.306564,0.063972,,623000,,
1,5,,0.04868,0.236875,0.141592,0.111839,0.070841,0.326517,0.063657,,636500,,
1,5,,0.049157,0.247549,0.141378,0.113072,0.069635,0.317018,0.062192,,625900,,
1,5,,0.049157,0.247549,0.141378,0.113072,0.069635,0.317018,0.062192,,624200,,
1,5,,0.049157,0.247549,0.141378,0.113072,0.069635,0.317018,0.062192,,625900,,
1,5,,0.049157,0.247549,0.141378,0.113072,0.069635,0.318397,0.060813,,626700,,
1,5,,0.049157,0.247549,0.141378,0.113072,0.069635,0.317018,0.062192,,621600,,
1,5,,0.049157,0.247549,0.141378,0.113072,0.069635,0.317018,0.062192,,626900,,
1,5,,0.049157,0.247549,0.141378,0.113072,0.069635,0.318397,0.060813,,624100,,
1,5,,0.0863,0.170276,0.208582,0.085717,0.095944,0.272542,0.080639,,625800,,
1,5,,0.049157,0.247549,0.141378,0.113072,0.069635,0.317018,0.062192,,625800,,
1,5,,0.054633,0.247419,0.145816,0.109618,0.071977,0.306564,0.063972,,626300,,
1,5,,0.060109,0.237549,0.150775,0.106063,0.076306,0.301113,0.068085,,626600,,
1,5,,0.049157,0.247549,0.141378,0.113072,0.069635,0.318397,0.060813,,625300,,
1,5,,0.049157,0.247549,0.141378,0.113072,0.069635,0.317018,0.062192,,627000,,
1,1,,0.027827,0.543615,0.038925,0.129789,0.042947,0.146609,0.070288,,627100,,
1,5,,0.069157,0.247549,0.121378,0.113072,0.069635,0.317018,0.062192,,624300,,
1,1,,0.027827,0.523615,0.058925,0.109789,0.042947,0.166609,0.070288,,624300,,
1,5,,0.049157,0.247549,0.141378,0.113072,0.069635,0.317018,0.062192,,624600,,
1,5,,0.060109,0.217549,0.168096,0.106063,0.078984,0.301113,0.068085,,622200,,
1,1,,0.027827,0.543615,0.038925,0.109789,0.042947,0.166609,0.070288,,624500,,
1,5,,0.049157,0.247549,0.141378,0.113072,0.069635,0.317018,0.062192,,624600,,
1,5,,0.049157,0.247549,0.141378,0.113072,0.069635,0.318397,0.060813,,622100,,
1,5,,0.049157,0.247549,0.121378,0.113072,0.069635,0.338397,0.060813,,628800,,
1,5,,0.049157,0.247549,0.141378,0.113072,0.069635,0.317018,0.062192,,624600,,
1,5,,0.049157,0.247549,0.141378,0.113072,0.069635,0.318397,0.060813,,637700,,
1,5,,0.049157,0.247549,0.141378,0.113072,0.069635,0.318397,0.060813,,637200,,
1,5,,0.049157,0.247549,0.141378,0.113072,0.069635,0.317018,0.062192,,621800,,
1,5,,0.049157,0.247549,0.141378,0.113072,0.069635,0.317018,0.062192,,623300,,
1,5,,0.049157,0.247549,0.121378,0.113072,0.069635,0.338397,0.060813,,626400,,
1,5,,0.049157,0.247549,0.141378,0.113072,0.069635,0.317018,0.062192,,625100,,
1,5,,0.049157,0.247549,0.141378,0.113072,0.069635,0.318397,0.060813,,623400,,
1,5,,0.049157,0.247549,0.141378,0.113072,0.069635,0.317018,0.062192,,623800,,
1,5,,0.049157,0.247549,0.141378,0.113072,0.069635,0.317018,0.062192,,624400,,
1,1,,0.027827,0.503615,0.058925,0.109789,0.042947,0.186609,0.070288,,625000,,
1,5,,0.049157,0.247549,0.141378,0.113072,0.069635,0.317018,0.062192,,623000,,
1,5,,0.049157,0.247549,0.141378,0.113072,0.069635,0.317018,0.062192,,625100,,
1,5,,0.049157,0.247549,0.141378,0.113072,0.069635,0.317018,0.062192,,625400,,
1,5,,0.049157,0.247549,0.141378,0.113072,0.069635,0.318397,0.060813,,624500,,
1,5,,0.049157,0.247549,0.141378,0.113072,0.069635,0.317018,0.062192,,625100,,
1,5,,0.049157,0.247549,0.141378,0.113072,0.069635,0.318397,0.060813,,623000,,
1,5,,0.049157,0.247549,0.121378,0.113072,0.069635,0.337018,0.062192,,623600,,
1,1,,0.032182,0.4434,0.102934,0.102422,0.066414,0.171523,0.081125,,625200,,
1,5,,0.049157,0.247549,0.141378,0.113072,0.069635,0.317018,0.062192,,623900,,
1,5,,0.049157,0.247549,0.141378,0.113072,0.069635,0.317018,0.062192,,622800,,
1,5,,0.049157,0.247549,0.121378,0.113072,0.069635,0.337018,0.062192,,626600,,
1,5,,0.049157,0.247549,0.141378,0.113072,0.069635,0.318397,0.060813,,625000,,
1,5,,0.069157,0.247549,0.121378,0.113072,0.069635,0.317018,0.062192,,624200,,
1,5,,0.049157,0.247549,0.121378,0.113072,0.069635,0.337018,0.062192,,626400,,
1,5,,0.049157,0.247549,0.141378,0.113072,0.069635,0.318397,0.060813,,626000,,
1,5,,0.060109,0.237549,0.150775,0.106063,0.076306,0.301113,0.068085,,623900,,
2,2,,0.120257,0.093219,0.257426,0.070201,0.121713,0.224616,0.112569,,625600,,
2,2,,0.101138,0.093962,0.264652,0.065695,0.126251,0.213784,0.134518,,632700,,
2,2,,0.121138,0.093962,0.264652,0.065695,0.126251,0.213784,0.114518,,625100,,
2,5,,0.119214,0.132132,0.2286,0.071916,0.115755,0.232711,0.099673,,621600,,
2,2,,0.119691,0.142806,0.228386,0.07315,0.114549,0.224591,0.096828,,626100,,
2,5,,0.119214,0.112132,0.2286,0.071916,0.115755,0.23409,0.118293,,623700,,
2,2,,0.121138,0.093962,0.264652,0.065695,0.126251,0.213784,0.114518,,623900,,
2,2,,0.141376,0.057819,0.316779,0.053071,0.1844,0.096097,0.150458,,627000,,
2,2,,0.121376,0.037819,0.296779,0.053071,0.2644,0.096097,0.130458,,627000,,
2,5,,0.119214,0.112132,0.2286,0.071916,0.115755,0.23409,0.118293,,624400,,
2,2,,0.121312,0.093962,0.23785,0.065695,0.152879,0.193784,0.134518,,632400,,
2,2,,0.140908,0.103893,0.23041,0.071434,0.127135,0.213737,0.112483,,630900,,
2,2,,0.119691,0.122806,0.228386,0.07315,0.114549,0.224591,0.116828,,628400,,
2,5,,0.118207,0.152057,0.218936,0.081276,0.106181,0.234103,0.08924,,628900,,
2,2,,0.119691,0.102806,0.248386,0.07315,0.114549,0.224591,0.116828,,634000,,
2,2,,0.120257,0.093219,0.257426,0.070201,0.121713,0.203237,0.133948,,624700,,
2,2,,0.119691,0.122806,0.228386,0.07315,0.114549,0.224591,0.116828,,622400,,
2,5,,0.088738,0.143064,0.219508,0.080057,0.109865,0.245498,0.113268,,625600,,
2,2,,0.121138,0.093962,0.264652,0.065695,0.126251,0.193784,0.134518,,626600,,
2,2,,0.121312,0.093962,0.23785,0.065695,0.132879,0.195164,0.153139,,625000,,
2,2,,0.119691,0.102806,0.248386,0.07315,0.114549,0.224591,0.116828,,629500,,
2,2,,0.120734,0.103893,0.257212,0.071434,0.120506,0.213737,0.112483,,626900,,
2,4,,0.141376,0.037819,0.256779,0.053071,0.2644,0.116097,0.130458,,634200,,
2,2,,0.120257,0.093219,0.257426,0.070201,0.121713,0.223237,0.113948,,630900,,
2,5,,0.119214,0.132132,0.2286,0.071916,0.115755,0.232711,0.099673,,628000,,
2,2,,0.120734,0.103893,0.257212,0.071434,0.120506,0.215117,0.111104,,628600,,
2,2,,0.119691,0.122806,0.228386,0.09315,0.114549,0.224591,0.096828,,634400,,
2,2,,0.121138,0.093962,0.264652,0.065695,0.126251,0.213784,0.114518,,631300,,
2,5,,0.117828,0.136764,0.223925,0.076072,0.111772,0.238852,0.094787,,622600,,
2,5,,0.086777,0.141642,0.210273,0.08695,0.102704,0.284509,0.087145,,630000,,
2,2,,0.121376,0.057819,0.316779,0.053071,0.2044,0.096097,0.150458,,632600,,
2,2,,0.101312,0.093962,0.25785,0.065695,0.152879,0.213784,0.114518,,622300,,
2,2,,0.119691,0.122806,0.228386,0.09315,0.114549,0.224591,0.096828,,629400,,
2,5,,0.119214,0.132132,0.2286,0.071916,0.115755,0.23409,0.098293,,626500,,
2,2,,0.119691,0.122806,0.228386,0.09315,0.114549,0.224591,0.096828,,625900,,
2,2,,0.120431,0.093219,0.250624,0.070201,0.128341,0.224616,0.112569,,624800,,
2,2,,0.119691,0.142806,0.228386,0.07315,0.114549,0.224591,0.096828,,629700,,
2,2,,0.121138,0.093962,0.264652,0.065695,0.126251,0.213784,0.114518,,627400,,
2,2,,0.119691,0.142806,0.228386,0.07315,0.114549,0.224591,0.096828,,626500,,
2,2,,0.119691,0.102806,0.248386,0.07315,0.114549,0.224591,0.116828,,627700,,
2,2,,0.120257,0.093219,0.257426,0.070201,0.121713,0.203237,0.133948,,627800,,
2,2,,0.120908,0.103893,0.25041,0.071434,0.127135,0.213737,0.112483,,623200,,
2,5,,0.119214,0.132132,0.2286,0.071916,0.115755,0.23409,0.098293,,624500,,
2,2,,0.121312,0.113962,0.23785,0.065695,0.152879,0.155164,0.153139,,625500,,
2,2,,0.120734,0.103893,0.257212,0.071434,0.120506,0.215117,0.111104,,625800,,
2,5,,0.119865,0.122806,0.221584,0.09315,0.121177,0.223212,0.098208,,635800,,
2,2,,0.120257,0.093219,0.277426,0.070201,0.101713,0.203237,0.133948,,629400,,
2,5,,0.119214,0.132132,0.2286,0.071916,0.115755,0.23409,0.098293,,629800,,
2,2,,0.121312,0.113962,0.23785,0.065695,0.152879,0.173784,0.134518,,629600,,
2,2,,0.121138,0.093962,0.264652,0.065695,0.126251,0.213784,0.114518,,629100,,
2,2,,0.121312,0.093962,0.25785,0.065695,0.132879,0.213784,0.114518,,641900,,
2,5,,0.117729,0.141384,0.21915,0.080042,0.107387,0.243602,0.090705,,630000,,
2,2,,0.141376,0.037819,0.316779,0.053071,0.1844,0.116097,0.150458,,633900,,
2,5,,0.119214,0.132132,0.2286,0.071916,0.115755,0.23409,0.098293,,628700,,
2,5,,0.086777,0.121642,0.210273,0.08695,0.102704,0.304509,0.087145,,627800,,
2,2,,0.120908,0.103893,0.25041,0.071434,0.127135,0.213737,0.112483,,633000,,
2,2,,0.119691,0.122806,0.228386,0.07315,0.114549,0.224591,0.116828,,630000,,
2,2,,0.119691,0.142806,0.228386,0.07315,0.114549,0.224591,0.096828,,627200,,
2,5,,0.118305,0.147438,0.223711,0.077305,0.110566,0.229353,0.093322,,627900,,
2,2,,0.119691,0.102806,0.248386,0.07315,0.114549,0.224591,0.116828,,629000,,
2,5,,0.087254,0.152316,0.210059,0.088184,0.101497,0.27501,0.08568,,630100,,
2,2,,0.121138,0.093962,0.264652,0.065695,0.126251,0.193784,0.134518,,628300,,
2,5,,0.09273,0.132187,0.214498,0.095841,0.103839,0.273445,0.08746,,627900,,
2,2,,0.101312,0.093962,0.23785,0.065695,0.152879,0.213784,0.134518,,631500,,
2,2,,0.090185,0.09422,0.255774,0.072603,0.101567,0.254692,0.130958,,629400,,
2,5,,0.062071,0.139663,0.196995,0.09917,0.096352,0.303569,0.102179,,625000,,
3,5,,0.05511,0.218785,0.147507,0.110852,0.078736,0.318531,0.070479,,625200,,
3,1,,0.028367,0.443615,0.107573,0.109969,0.053398,0.186609,0.070468,,625100,,
3,5,,0.050111,0.229588,0.142855,0.115539,0.075188,0.319485,0.067234,,625600,,
3,5,,0.086777,0.141642,0.210273,0.08695,0.102704,0.284509,0.087145,,649700,,
3,5,,0.049634,0.218914,0.143069,0.114306,0.076394,0.328985,0.068699,,624900,,
3,2,,0.104234,0.095629,0.206448,0.087081,0.164592,0.160947,0.181068,,624400,,
3,5,,0.05511,0.218785,0.147507,0.110852,0.078736,0.318531,0.070479,,634400,,
3,5,,0.060586,0.208915,0.152465,0.107297,0.083065,0.311701,0.07597,,628000,,
3,5,,0.050111,0.229588,0.142855,0.115539,0.075188,0.319485,0.067234,,632800,,
3,5,,0.060109,0.217549,0.168096,0.106063,0.078984,0.302493,0.066705,,645300,,
3,5,,0.054633,0.247419,0.145816,0.109618,0.071977,0.306564,0.063972,,640100,,
3,5,,0.060109,0.237549,0.150775,0.106063,0.076306,0.302493,0.066705,,623100,,
3,5,,0.04868,0.236875,0.141592,0.111839,0.070841,0.327896,0.062278,,622300,,
3,5,,0.060586,0.208915,0.152465,0.107297,0.083065,0.31308,0.074591,,624100,,
3,5,,0.055714,0.193455,0.113634,0.200381,0.075844,0.234717,0.126257,,624800,,
3,5,,0.060109,0.197549,0.185855,0.106063,0.081226,0.302493,0.066705,,626000,,
3,5,,0.04868,0.236875,0.141592,0.111839,0.070841,0.327896,0.062278,,621200,,
3,5,,0.086876,0.137023,0.215047,0.08298,0.107088,0.27838,0.092606,,630400,,
3,5,,0.060586,0.208915,0.152465,0.107297,0.083065,0.31308,0.074591,,630600,,
3,5,,0.070681,0.145582,0.061536,0.128151,0.118916,0.262292,0.212841,,623300,,
3,5,,0.061064,0.219589,0.152252,0.10853,0.081859,0.303581,0.073126,,628400,,
3,5,,0.050111,0.229588,0.142855,0.115539,0.075188,0.319485,0.067234,,628000,,
3,5,,0.049157,0.247549,0.141378,0.113072,0.069635,0.318397,0.060813,,627100,,
3,5,,0.050111,0.229588,0.142855,0.115539,0.075188,0.319485,0.067234,,631900,,
3,5,,0.060586,0.208915,0.152465,0.107297,0.083065,0.31308,0.074591,,625600,,
3,5,,0.060109,0.217549,0.168096,0.106063,0.078984,0.302493,0.066705,,624900,,
3,5,,0.060108,0.197871,0.169046,0.105956,0.082961,0.312685,0.071374,,620400,,
3,5,,0.060586,0.168915,0.187546,0.107297,0.087985,0.31308,0.074591,,641400,,
3,5,,0.050111,0.229588,0.142855,0.115539,0.075188,0.318106,0.068613,,621000,,
3,5,,0.04868,0.236875,0.141592,0.111839,0.070841,0.327896,0.062278,,622900,,
3,5,,0.049634,0.218914,0.143069,0.114306,0.076394,0.328985,0.068699,,632800,,
3,5,,0.054633,0.247419,0.145816,0.109618,0.071977,0.307943,0.062593,,626900,,
3,5,,0.04868,0.236875,0.141592,0.111839,0.070841,0.327896,0.062278,,627900,,
3,5,,0.054633,0.247419,0.145816,0.109618,0.071977,0.307943,0.062593,,629800,,
3,5,,0.060586,0.168915,0.187546,0.107297,0.087985,0.31308,0.074591,,629200,,
3,5,,0.050111,0.229588,0.142855,0.115539,0.075188,0.319485,0.067234,,628000,,
3,5,,0.054633,0.247419,0.145816,0.109618,0.071977,0.306564,0.063972,,640600,,
3,5,,0.060109,0.237549,0.150775,0.106063,0.076306,0.302493,0.066705,,628500,,
3,1,,0.028367,0.483615,0.067573,0.129969,0.053398,0.146609,0.090468,,628400,,
3,1,,0.027247,0.413313,0.086668,0.126004,0.072536,0.19704,0.077193,,625100,,
3,5,,0.049634,0.218914,0.143069,0.114306,0.076394,0.328985,0.068699,,631300,,
3,5,,0.060109,0.237549,0.150775,0.106063,0.076306,0.302493,0.066705,,629000,,
3,5,,0.050111,0.229588,0.142855,0.115539,0.075188,0.319485,0.067234,,628300,,
3,5,,0.04868,0.236875,0.141592,0.111839,0.070841,0.327896,0.062278,,626500,,
3,5,,0.089034,0.192095,0.129254,0.181841,0.087119,0.199523,0.121134,,629000,,
3,5,,0.059632,0.206876,0.16831,0.10483,0.08019,0.311992,0.06817,,629200,,
3,2,,0.111937,0.132654,0.204311,0.126849,0.116081,0.184312,0.123855,,628500,,
3,5,,0.088261,0.112391,0.219722,0.078824,0.111071,0.273618,0.116113,,631900,,
3,5,,0.059632,0.226876,0.150989,0.10483,0.077512,0.311992,0.06817,,627400,,
3,5,,0.049634,0.218914,0.143069,0.114306,0.076394,0.328985,0.068699,,630400,,
3,5,,0.050111,0.229588,0.142855,0.115539,0.075188,0.319485,0.067234,,626600,,
3,5,,0.049634,0.218914,0.143069,0.114306,0.076394,0.328985,0.068699,,634600,,
3,5,,0.060109,0.197549,0.185855,0.106063,0.081226,0.302493,0.066705,,619400,,
3,5,,0.060109,0.237549,0.150775,0.106063,0.076306,0.301113,0.068085,,622200,,
3,5,,0.050111,0.229588,0.142855,0.115539,0.075188,0.319485,0.067234,,622800,,
3,5,,0.060586,0.208915,0.152465,0.107297,0.083065,0.31308,0.074591,,627900,,
3,5,,0.04868,0.236875,0.141592,0.111839,0.070841,0.327896,0.062278,,626200,,
3,5,,0.079632,0.226876,0.130989,0.10483,0.077512,0.310613,0.06955,,628000,,
3,5,,0.086777,0.141642,0.210273,0.08695,0.102704,0.284509,0.087145,,627200,,
3,5,,0.060586,0.188915,0.152465,0.127297,0.083065,0.31308,0.074591,,648600,,
3,5,,0.050111,0.229588,0.142855,0.115539,0.075188,0.318106,0.068613,,634100,,
3,5,,0.050111,0.229588,0.142855,0.115539,0.075188,0.319485,0.067234,,624600,,
3,5,,0.059632,0.226876,0.150989,0.10483,0.077512,0.311992,0.06817,,629800,,
3,5,,0.060108,0.197871,0.169046,0.105956,0.082961,0.312685,0.071374,,629400,,
3,5,,0.049634,0.218914,0.143069,0.114306,0.076394,0.328985,0.068699,,628100,,
3,5,,0.060109,0.237549,0.150775,0.106063,0.076306,0.301113,0.068085,,627000,,
4,5,,0.060586,0.188915,0.169787,0.107297,0.085744,0.311701,0.07597,,632900,,
4,2,,0.119691,0.122806,0.228386,0.07315,0.114549,0.223212,0.118208,,624800,,
4,5,,0.088435,0.132391,0.21292,0.078824,0.117699,0.273618,0.096113,,633400,,
4,5,,0.119214,0.112132,0.2286,0.071916,0.115755,0.23409,0.118293,,627500,,
4,5,,0.078449,0.121493,0.154098,0.100759,0.132703,0.219096,0.193404,,630200,,
4,5,,0.060586,0.208915,0.152465,0.107297,0.083065,0.311701,0.07597,,629500,,
4,5,,0.078449,0.121493,0.154098,0.100759,0.132703,0.219096,0.193404,,628900,,
4,5,,0.093911,0.132261,0.217359,0.07537,0.120041,0.264544,0.096513,,632000,,
4,2,,0.101312,0.113962,0.25785,0.065695,0.152879,0.193784,0.114518,,630300,,
4,2,,0.113951,0.112917,0.204362,0.132669,0.134754,0.144163,0.157185,,662400,,
4,5,,0.05352,0.202166,0.148356,0.101192,0.094051,0.291047,0.109668,,629700,,
4,5,,0.054869,0.141493,0.151269,0.106837,0.104043,0.267053,0.174437,,628800,,
4,2,,0.190681,0.077819,0.25155,0.053942,0.215758,0.076097,0.134154,,630100,,
4,2,,0.120257,0.113219,0.237426,0.070201,0.121713,0.223237,0.113948,,629300,,
4,5,,0.087254,0.152316,0.210059,0.088184,0.101497,0.273631,0.08706,,631200,,
4,5,,0.088912,0.143064,0.212706,0.080057,0.116493,0.264119,0.094648,,624500,,
4,5,,0.140431,0.113219,0.210624,0.070201,0.128341,0.223237,0.113948,,630700,,
4,2,,0.121138,0.093962,0.264652,0.065695,0.126251,0.213784,0.114518,,629700,,
4,2,,0.119691,0.142806,0.228386,0.07315,0.114549,0.223212,0.098208,,632100,,
4,2,,0.137442,0.055103,0.267572,0.063707,0.217847,0.096097,0.162233,,633100,,
4,5,,0.087353,0.147696,0.214833,0.084213,0.105882,0.268881,0.091141,,630400,,
4,5,,0.05352,0.202166,0.128356,0.101192,0.114051,0.291047,0.109668,,630300,,
4,5,,0.094215,0.142935,0.223947,0.076603,0.112207,0.255045,0.095048,,636600,,
4,5,,0.088261,0.112391,0.219722,0.078824,0.111071,0.274997,0.114733,,628700,,
4,2,,0.119691,0.122806,0.228386,0.07315,0.114549,0.223212,0.118208,,628100,,
4,5,,0.106951,0.141642,0.183471,0.08695,0.109332,0.28313,0.088524,,633200,,
4,5,,0.088738,0.143064,0.219508,0.080057,0.109865,0.265498,0.093268,,624600,,
4,5,,0.078449,0.121493,0.154098,0.100759,0.132703,0.219096,0.193404,,630700,,
4,5,,0.058519,0.165624,0.173183,0.10207,0.097599,0.290093,0.112912,,628900,,
4,5,,0.086777,0.141642,0.210273,0.08695,0.102704,0.284509,0.087145,,631300,,
4,2,,0.121138,0.113962,0.244652,0.065695,0.126251,0.215164,0.113139,,631800,,
4,5,,0.092904,0.152187,0.207696,0.08473,0.110468,0.263177,0.08884,,631200,,
4,6,,0.114263,0.12538,0.16241,0.145217,0.126305,0.151105,0.175319,,652600,,
4,5,,0.062071,0.199663,0.161915,0.09917,0.091432,0.303569,0.082179,,632700,,
4,5,,0.060586,0.188915,0.169787,0.107297,0.085744,0.311701,0.07597,,628500,,
4,5,,0.122547,0.112132,0.2286,0.07525,0.129088,0.23409,0.098293,,627600,,
4,2,,0.121312,0.113962,0.23785,0.065695,0.152879,0.173784,0.134518,,630000,,
4,5,,0.099387,0.112132,0.221798,0.091916,0.142383,0.232711,0.099673,,628200,,
4,2,,0.121312,0.113962,0.23785,0.065695,0.152879,0.173784,0.134518,,634200,,
4,2,,0.140431,0.093219,0.230624,0.070201,0.128341,0.223237,0.113948,,624900,,
4,2,,0.099691,0.142806,0.228386,0.07315,0.134549,0.223212,0.098208,,635300,,
4,5,,0.099865,0.122806,0.221584,0.09315,0.141177,0.223212,0.098208,,631900,,
4,2,,0.126657,0.143219,0.200431,0.136742,0.135268,0.113957,0.143725,,626100,,
4,5,,0.064603,0.161212,0.123034,0.164758,0.106101,0.243323,0.13697,,644700,,
4,5,,0.119387,0.112132,0.221798,0.091916,0.122383,0.23409,0.098293,,648800,,
4,2,,0.099691,0.122806,0.228386,0.07315,0.134549,0.223212,0.118208,,629100,,
4,2,,0.119691,0.122806,0.228386,0.07315,0.114549,0.224591,0.116828,,629000,,
4,2,,0.119691,0.122806,0.228386,0.09315,0.114549,0.223212,0.098208,,628500,,
4,5,,0.088261,0.132391,0.219722,0.078824,0.111071,0.273618,0.096113,,632900,,
4,5,,0.094215,0.122935,0.223947,0.076603,0.112207,0.255045,0.115048,,629300,,
4,5,,0.087254,0.152316,0.210059,0.088184,0.101497,0.273631,0.08706,,629700,,
4,5,,0.05313,0.155753,0.188834,0.109967,0.076043,0.28514,0.131132,,631100,,
4,5,,0.088261,0.112391,0.219722,0.078824,0.111071,0.273618,0.116113,,627300,,
4,5,,0.056608,0.141493,0.173878,0.109098,0.112043,0.22914,0.177741,,626500,,
4,5,,0.078449,0.121493,0.154098,0.100759,0.132703,0.219096,0.193404,,624200,,
4,5,,0.060586,0.208915,0.152465,0.107297,0.083065,0.31308,0.074591,,624000,,
4,2,,0.101138,0.093962,0.264652,0.065695,0.146251,0.213784,0.114518,,630200,,
4,2,,0.101312,0.093962,0.25785,0.065695,0.152879,0.213784,0.114518,,626900,,
4,5,,0.078449,0.121493,0.154098,0.100759,0.132703,0.219096,0.193404,,624000,,
4,2,,0.090185,0.09422,0.255774,0.072603,0.101567,0.236071,0.149579,,627300,,
4,5,,0.078449,0.121493,0.154098,0.100759,0.132703,0.219096,0.193404,,624800,,
4,2,,0.120257,0.093219,0.257426,0.070201,0.121713,0.223237,0.113948,,626500,,
4,5,,0.078449,0.121493,0.154098,0.100759,0.132703,0.219096,0.193404,,632500,,
4,5,,0.135662,0.114091,0.220213,0.069149,0.123909,0.224238,0.112738,,631100,,
4,2,,0.120431,0.093219,0.230624,0.070201,0.148341,0.223237,0.113948,,635300,,
4,5,,0.060586,0.208915,0.152465,0.107297,0.083065,0.311701,0.07597,,631400,,
5,5,,0.046309,0.196167,0.121231,0.131158,0.071614,0.295773,0.137748,,631000,,
5,5,,0.059632,0.226876,0.150989,0.10483,0.077512,0.311992,0.06817,,630300,,
5,5,,0.049634,0.218914,0.143069,0.114306,0.076394,0.328985,0.068699,,632400,,
5,5,,0.026141,0.236167,0.105265,0.130653,0.068589,0.275773,0.157412,,634500,,
5,5,,0.059632,0.226876,0.150989,0.10483,0.077512,0.311992,0.06817,,634500,,
5,5,,0.054156,0.236746,0.14603,0.108385,0.073183,0.317443,0.064058,,627800,,
5,5,,0.05511,0.218785,0.147507,0.110852,0.078736,0.318531,0.070479,,629900,,
5,5,,0.059632,0.226876,0.150989,0.10483,0.077512,0.311992,0.06817,,630700,,
5,5,,0.04815,0.196167,0.121451,0.122818,0.072274,0.285729,0.153411,,632600,,
5,5,,0.049634,0.218914,0.143069,0.114306,0.076394,0.328985,0.068699,,633700,,
5,5,,0.04868,0.236875,0.141592,0.111839,0.070841,0.327896,0.062278,,628800,,
5,5,,0.054156,0.236746,0.14603,0.108385,0.073183,0.317443,0.064058,,629400,,
5,5,,0.05511,0.218785,0.147507,0.110852,0.078736,0.318531,0.070479,,632900,,
5,5,,0.047982,0.196167,0.105484,0.122314,0.069249,0.285729,0.173074,,624500,,
5,5,,0.059632,0.226876,0.150989,0.10483,0.077512,0.311992,0.06817,,649800,,
5,5,,0.05511,0.218785,0.147507,0.110852,0.078736,0.318531,0.070479,,628600,,
5,5,,0.049634,0.218914,0.143069,0.114306,0.076394,0.328985,0.068699,,631700,,
5,5,,0.059632,0.226876,0.150989,0.10483,0.077512,0.311992,0.06817,,631800,,
5,5,,0.054156,0.236746,0.14603,0.108385,0.073183,0.317443,0.064058,,629900,,
5,5,,0.054156,0.236746,0.14603,0.108385,0.073183,0.317443,0.064058,,627900,,
5,5,,0.060108,0.217871,0.151724,0.105956,0.080282,0.312685,0.071374,,631200,,
5,5,,0.059632,0.226876,0.150989,0.10483,0.077512,0.311992,0.06817,,624300,,
5,5,,0.049634,0.218914,0.143069,0.114306,0.076394,0.328985,0.068699,,636000,,
5,5,,0.059632,0.226876,0.150989,0.10483,0.077512,0.311992,0.06817,,632100,,
5,5,,0.028592,0.256254,0.09352,0.118293,0.086583,0.321663,0.095096,,623800,,
5,5,,0.049634,0.218914,0.143069,0.114306,0.076394,0.328985,0.068699,,635500,,
5,5,,0.059632,0.226876,0.150989,0.10483,0.077512,0.311992,0.06817,,628400,,
5,5,,0.060586,0.208915,0.152465,0.107297,0.083065,0.311701,0.07597,,626800,,
5,5,,0.059632,0.226876,0.150989,0.10483,0.077512,0.311992,0.06817,,629500,,
5,5,,0.060586,0.208915,0.152465,0.107297,0.083065,0.31308,0.074591,,628900,,
5,5,,0.060586,0.168915,0.187546,0.107297,0.087985,0.31308,0.074591,,629100,,
5,5,,0.049634,0.218914,0.143069,0.114306,0.076394,0.328985,0.068699,,626500,,
5,5,,0.059632,0.226876,0.150989,0.10483,0.077512,0.311992,0.06817,,628300,,
5,5,,0.060586,0.208915,0.152465,0.107297,0.083065,0.31308,0.074591,,627700,,
5,5,,0.060586,0.208915,0.152465,0.107297,0.083065,0.31308,0.074591,,632100,,
5,5,,0.04868,0.236875,0.141592,0.111839,0.070841,0.327896,0.062278,,625800,,
5,5,,0.059632,0.226876,0.150989,0.10483,0.077512,0.311992,0.06817,,634100,,
5,5,,0.059632,0.226876,0.150989,0.10483,0.077512,0.311992,0.06817,,628800,,
5,5,,0.060586,0.208915,0.152465,0.107297,0.083065,0.31308,0.074591,,641800,,
5,5,,0.07207,0.129622,0.113625,0.111835,0.085992,0.266151,0.220704,,633700,,
5,5,,0.059632,0.226876,0.150989,0.10483,0.077512,0.311992,0.06817,,624000,,
5,5,,0.059632,0.226876,0.150989,0.10483,0.077512,0.311992,0.06817,,623000,,
5,5,,0.059632,0.226876,0.150989,0.10483,0.077512,0.311992,0.06817,,627800,,
5,5,,0.059632,0.226876,0.150989,0.10483,0.077512,0.311992,0.06817,,620500,,
5,5,,0.059632,0.226876,0.150989,0.10483,0.077512,0.311992,0.06817,,621300,,
5,5,,0.049634,0.218914,0.143069,0.114306,0.076394,0.328985,0.068699,,619100,,
5,5,,0.05511,0.218785,0.147507,0.110852,0.078736,0.317152,0.071858,,621500,,
5,5,,0.054156,0.236746,0.14603,0.108385,0.073183,0.317443,0.064058,,631100,,
5,5,,0.049634,0.218914,0.143069,0.114306,0.076394,0.328985,0.068699,,631200,,
5,5,,0.022576,0.286167,0.079957,0.121514,0.071803,0.30718,0.110803,,626900,,
5,5,,0.059632,0.226876,0.150989,0.10483,0.077512,0.311992,0.06817,,629100,,
5,5,,0.060586,0.208915,0.152465,0.107297,0.083065,0.31308,0.074591,,626600,,
5,5,,0.059632,0.226876,0.150989,0.10483,0.077512,0.311992,0.06817,,625100,,
5,5,,0.05511,0.218785,0.147507,0.110852,0.078736,0.317152,0.071858,,628000,,
5,5,,0.060586,0.208915,0.152465,0.107297,0.083065,0.31308,0.074591,,634000,,
5,5,,0.060586,0.208915,0.152465,0.107297,0.083065,0.31308,0.074591,,624900,,
5,5,,0.054156,0.236746,0.14603,0.108385,0.073183,0.317443,0.064058,,622900,,
5,5,,0.059632,0.226876,0.150989,0.10483,0.077512,0.311992,0.06817,,631900,,
5,5,,0.054156,0.236746,0.14603,0.108385,0.073183,0.317443,0.064058,,630200,,
5,5,,0.060586,0.208915,0.152465,0.107297,0.083065,0.31308,0.074591,,627800,,
5,5,,0.059632,0.226876,0.150989,0.10483,0.077512,0.311992,0.06817,,632800,,
5,5,,0.022576,0.266167,0.079957,0.141514,0.071803,0.30718,0.110803,,633500,,
5,5,,0.060586,0.208915,0.152465,0.107297,0.083065,0.31308,0.074591,,627100,,
5,5,,0.059632,0.226876,0.150989,0.10483,0.077512,0.311992,0.06817,,633000,,
5,5,,0.04868,0.236875,0.141592,0.111839,0.070841,0.327896,0.062278,,633400,,
5,5,,0.05511,0.218785,0.147507,0.110852,0.078736,0.318531,0.070479,,626500,,
6,2,,0.085385,0.107336,0.254265,0.076379,0.089502,0.23102,0.156113,,634200,,
6,2,,0.084,0.131968,0.24959,0.080534,0.08552,0.237161,0.131227,,629300,,
6,2,,0.085385,0.107336,0.254265,0.076379,0.089502,0.232399,0.154733,,629700,,
6,2,,0.085385,0.107336,0.254265,0.076379,0.089502,0.232399,0.154733,,629900,,
6,2,,0.083901,0.136588,0.244815,0.084505,0.081135,0.241911,0.127145,,628300,,
6,5,,0.057711,0.183861,0.204329,0.104851,0.064175,0.269103,0.11597,,628300,,
6,2,,0.096338,0.107078,0.283142,0.069471,0.094186,0.191492,0.158293,,629500,,
6,2,,0.085385,0.107336,0.254265,0.076379,0.089502,0.23102,0.156113,,629300,,
6,2,,0.085385,0.107336,0.254265,0.076379,0.089502,0.232399,0.154733,,630300,,
6,5,,0.059195,0.134609,0.231538,0.096725,0.074784,0.260971,0.142179,,626600,,
6,5,,0.059195,0.154609,0.213779,0.096725,0.072542,0.259592,0.143559,,627800,,
6,2,,0.083901,0.136588,0.244815,0.084505,0.081135,0.240532,0.128524,,633700,,
6,2,,0.085385,0.107336,0.254265,0.076379,0.089502,0.232399,0.154733,,623500,,
6,2,,0.085385,0.107336,0.254265,0.076379,0.089502,0.232399,0.154733,,633600,,
6,2,,0.090862,0.107207,0.258704,0.072925,0.091844,0.220567,0.157893,,622400,,
6,2,,0.085385,0.107336,0.254265,0.076379,0.089502,0.232399,0.154733,,626300,,
6,2,,0.090862,0.107207,0.258704,0.072925,0.091844,0.221946,0.156513,,624200,,
6,2,,0.083901,0.136588,0.244815,0.084505,0.081135,0.241911,0.127145,,624600,,
6,2,,0.111951,0.053023,0.235872,0.057889,0.199193,0.122337,0.219734,,627100,,
6,5,,0.057711,0.203861,0.187008,0.104851,0.061496,0.270482,0.114591,,631900,,
6,5,,0.059195,0.154609,0.231538,0.096725,0.074784,0.259592,0.123559,,631300,,
6,2,,0.090862,0.107207,0.258704,0.072925,0.091844,0.221946,0.156513,,632000,,
6,5,,0.057711,0.183861,0.204329,0.104851,0.064175,0.270482,0.114591,,627400,,
6,2,,0.085385,0.107336,0.254265,0.076379,0.089502,0.23102,0.156113,,628200,,
6,2,,0.085385,0.107336,0.254265,0.076379,0.089502,0.232399,0.154733,,632900,,
6,5,,0.062071,0.199663,0.161915,0.09917,0.091432,0.28219,0.103559,,623900,,
6,5,,0.046758,0.21386,0.157611,0.11186,0.074825,0.286387,0.108699,,634400,,
6,2,,0.085385,0.107336,0.254265,0.076379,0.089502,0.232399,0.154733,,628300,,
6,2,,0.085385,0.107336,0.254265,0.076379,0.089502,0.232399,0.154733,,628400,,
6,5,,0.046758,0.21386,0.177611,0.11186,0.054825,0.286387,0.108699,,628600,,
6,2,,0.085385,0.107336,0.254265,0.076379,0.089502,0.23102,0.156113,,632000,,
6,2,,0.085385,0.107336,0.254265,0.076379,0.089502,0.232399,0.154733,,625300,,
6,2,,0.084,0.131968,0.24959,0.080534,0.08552,0.235782,0.132606,,631700,,
6,5,,0.057711,0.163861,0.222088,0.104851,0.066416,0.270482,0.114591,,630200,,
6,6,,0.054327,0.110615,0.175599,0.092748,0.15774,0.180531,0.228441,,630300,,
6,2,,0.085385,0.107336,0.254265,0.076379,0.089502,0.23102,0.156113,,632700,,
6,2,,0.085385,0.107336,0.254265,0.076379,0.089502,0.232399,0.154733,,625200,,
6,6,,0.068827,0.090574,0.168448,0.090286,0.201311,0.170077,0.210475,,633300,,
6,5,,0.059195,0.174609,0.196458,0.096725,0.069864,0.260971,0.142179,,628000,,
6,2,,0.090862,0.107207,0.258704,0.072925,0.091844,0.221946,0.156513,,643000,,
6,2,,0.085385,0.107336,0.254265,0.076379,0.089502,0.232399,0.154733,,629500,,
6,5,,0.059096,0.139229,0.226763,0.100695,0.070399,0.26572,0.138098,,634900,,
6,5,,0.059195,0.154609,0.213779,0.096725,0.072542,0.260971,0.142179,,625000,,
6,2,,0.085385,0.107336,0.254265,0.076379,0.089502,0.232399,0.154733,,636000,,
6,5,,0.057711,0.163861,0.222088,0.104851,0.066416,0.270482,0.114591,,627300,,
6,5,,0.059195,0.174609,0.213779,0.096725,0.072542,0.260971,0.122179,,631600,,
6,6,,0.077134,0.080206,0.156111,0.085576,0.182412,0.165099,0.253463,,635000,,
6,2,,0.083901,0.136588,0.244815,0.084505,0.081135,0.240532,0.128524,,623700,,
6,6,,0.05014,0.085433,0.097796,0.111312,0.149816,0.202796,0.302707,,636300,,
6,5,,0.059195,0.154609,0.231538,0.096725,0.074784,0.259592,0.123559,,627600,,
6,2,,0.085385,0.107336,0.254265,0.076379,0.089502,0.232399,0.154733,,628100,,
6,6,,0.057685,0.090614,0.133363,0.100205,0.143128,0.194067,0.280938,,632000,,
6,5,,0.057711,0.163861,0.222088,0.104851,0.066416,0.269103,0.11597,,628500,,
6,5,,0.059195,0.174609,0.196458,0.096725,0.069864,0.259592,0.143559,,634900,,
6,2,,0.085559,0.127336,0.247463,0.076379,0.09613,0.23102,0.136113,,629700,,
6,2,,0.085385,0.127336,0.254265,0.076379,0.089502,0.23102,0.136113,,628300,,
6,2,,0.085385,0.107336,0.254265,0.076379,0.089502,0.232399,0.154733,,631900,,
6,2,,0.085385,0.127336,0.254265,0.076379,0.089502,0.232399,0.134733,,629600,,
6,5,,0.059195,0.174609,0.196458,0.096725,0.069864,0.260971,0.142179,,630800,,
6,2,,0.085385,0.107336,0.254265,0.076379,0.089502,0.23102,0.156113,,629900,,
6,6,,0.052749,0.110658,0.138273,0.099737,0.155336,0.194067,0.24918,,628200,,
6,2,,0.085385,0.107336,0.254265,0.076379,0.089502,0.232399,0.154733,,630400,,
6,2,,0.085385,0.107336,0.254265,0.076379,0.089502,0.232399,0.154733,,634600,,
6,2,,0.083901,0.136588,0.244815,0.084505,0.081135,0.241911,0.127145,,623700,,
6,5,,0.059195,0.134609,0.231538,0.096725,0.074784,0.260971,0.142179,,888800,,
6,2,,0.085385,0.107336,0.254265,0.076379,0.089502,0.232399,0.154733,,943100,,