image-segmentation,Tuned_CWT,test,2,NANOSECONDS,PREDICTIONS, Generated by ClassifierExperiments.java on 2022-05-16 02:11:36.    SYSTEMPROPERTIES:{user.name:matth,os.arch:amd64,os.name:Windows 10},ENDSYSTEMPROPERTIES
No parameter info
0.24025974025974026,252695700,298333500,-1,22061088,7,,-1,-1
0,5,,0.091422,0.1492,0.2006,0.100987,0.074933,0.291037,0.091821,,702600,,
0,5,,0.111422,0.1492,0.1806,0.100987,0.074933,0.291037,0.091821,,631400,,
0,5,,0.119387,0.113205,0.206834,0.091689,0.083981,0.280615,0.104288,,628300,,
0,5,,0.091422,0.1492,0.2006,0.100987,0.074933,0.291037,0.091821,,623600,,
0,5,,0.110383,0.128074,0.180687,0.098822,0.077444,0.310085,0.094505,,633500,,
0,5,,0.110383,0.128074,0.180687,0.098822,0.077444,0.310085,0.094505,,650300,,
0,5,,0.091422,0.1492,0.2006,0.100987,0.074933,0.291037,0.091821,,623400,,
0,5,,0.091422,0.1492,0.2006,0.100987,0.074933,0.291037,0.091821,,627500,,
0,5,,0.111422,0.1492,0.1806,0.100987,0.074933,0.291037,0.091821,,631000,,
0,5,,0.119387,0.113205,0.206834,0.091689,0.083981,0.280615,0.104288,,629700,,
0,5,,0.091422,0.1492,0.2006,0.100987,0.074933,0.291037,0.091821,,628500,,
0,5,,0.091422,0.1492,0.2006,0.100987,0.074933,0.291037,0.091821,,628600,,
0,2,,0.098142,0.135628,0.243195,0.15785,0.159867,0.08621,0.119108,,635500,,
0,5,,0.091422,0.1492,0.2006,0.100987,0.074933,0.291037,0.091821,,631500,,
0,5,,0.119387,0.113205,0.206834,0.091689,0.083981,0.280615,0.104288,,628300,,
0,5,,0.119387,0.113205,0.206834,0.091689,0.083981,0.280615,0.104288,,632000,,
0,5,,0.091422,0.1492,0.2006,0.100987,0.074933,0.291037,0.091821,,656900,,
0,5,,0.091422,0.1492,0.2006,0.100987,0.074933,0.291037,0.091821,,626900,,
0,4,,0.167168,0.06078,0.234299,0.063173,0.246548,0.053797,0.174236,,631900,,
0,5,,0.124842,0.113032,0.211618,0.088031,0.086167,0.270139,0.106172,,636500,,
0,5,,0.091422,0.1492,0.2006,0.100987,0.074933,0.291037,0.091821,,636900,,
0,5,,0.091422,0.1492,0.2006,0.100987,0.074933,0.291037,0.091821,,636700,,
0,5,,0.090383,0.128074,0.200687,0.098822,0.077444,0.310085,0.094505,,629100,,
0,5,,0.091422,0.1492,0.2006,0.100987,0.074933,0.291037,0.091821,,633000,,
0,5,,0.090383,0.128074,0.200687,0.098822,0.077444,0.310085,0.094505,,631500,,
0,5,,0.119387,0.113205,0.206834,0.091689,0.083981,0.280615,0.104288,,633800,,
0,5,,0.119387,0.113205,0.206834,0.091689,0.083981,0.280615,0.104288,,634300,,
0,5,,0.110383,0.128074,0.180687,0.098822,0.077444,0.310085,0.094505,,636000,,
0,5,,0.119387,0.113205,0.206834,0.091689,0.083981,0.280615,0.104288,,631500,,
0,5,,0.110383,0.128074,0.180687,0.098822,0.077444,0.310085,0.094505,,634800,,
0,5,,0.111422,0.1492,0.1806,0.100987,0.074933,0.291037,0.091821,,630700,,
0,5,,0.091422,0.1492,0.2006,0.100987,0.074933,0.291037,0.091821,,671400,,
0,5,,0.110383,0.128074,0.180687,0.098822,0.077444,0.310085,0.094505,,633200,,
0,5,,0.119387,0.113205,0.206834,0.091689,0.083981,0.280615,0.104288,,631900,,
0,5,,0.119387,0.113205,0.206834,0.091689,0.083981,0.280615,0.104288,,633600,,
0,5,,0.119387,0.113205,0.206834,0.091689,0.083981,0.280615,0.104288,,635700,,
0,5,,0.110383,0.128074,0.180687,0.098822,0.077444,0.310085,0.094505,,632800,,
0,5,,0.091422,0.1492,0.2006,0.100987,0.074933,0.291037,0.091821,,636500,,
0,5,,0.090383,0.128074,0.200687,0.098822,0.077444,0.310085,0.094505,,634600,,
0,5,,0.119387,0.113205,0.206834,0.091689,0.083981,0.280615,0.104288,,630500,,
0,5,,0.124842,0.113032,0.211618,0.088031,0.086167,0.270139,0.106172,,644000,,
0,5,,0.119387,0.113205,0.206834,0.091689,0.083981,0.280615,0.104288,,628900,,
0,5,,0.119387,0.113205,0.206834,0.091689,0.083981,0.280615,0.104288,,634300,,
0,5,,0.119387,0.113205,0.206834,0.091689,0.083981,0.280615,0.104288,,636200,,
0,5,,0.091422,0.1492,0.2006,0.100987,0.074933,0.291037,0.091821,,635400,,
0,5,,0.091422,0.1492,0.2006,0.100987,0.074933,0.291037,0.091821,,630300,,
0,5,,0.119387,0.113205,0.206834,0.091689,0.083981,0.280615,0.104288,,633200,,
0,2,,0.163834,0.06078,0.234299,0.063173,0.233215,0.053797,0.190902,,628800,,
0,5,,0.119387,0.113205,0.206834,0.091689,0.083981,0.280615,0.104288,,632400,,
0,5,,0.119387,0.113205,0.206834,0.091689,0.083981,0.280615,0.104288,,626000,,
0,5,,0.091422,0.1492,0.2006,0.100987,0.074933,0.291037,0.091821,,631100,,
0,5,,0.110383,0.128074,0.180687,0.098822,0.077444,0.310085,0.094505,,634300,,
0,5,,0.091422,0.1492,0.2006,0.100987,0.074933,0.291037,0.091821,,629500,,
0,5,,0.121218,0.104249,0.22854,0.085588,0.095246,0.26205,0.103109,,631000,,
0,5,,0.119387,0.113205,0.206834,0.091689,0.083981,0.280615,0.104288,,629500,,
0,2,,0.093142,0.135628,0.275695,0.15035,0.139867,0.08621,0.119108,,627700,,
0,5,,0.091422,0.1492,0.2006,0.100987,0.074933,0.291037,0.091821,,655700,,
0,5,,0.119387,0.113205,0.206834,0.091689,0.083981,0.280615,0.104288,,630400,,
0,5,,0.091422,0.1492,0.2006,0.100987,0.074933,0.291037,0.091821,,628300,,
0,5,,0.119387,0.113205,0.206834,0.091689,0.083981,0.280615,0.104288,,636500,,
0,5,,0.119387,0.113205,0.206834,0.091689,0.083981,0.280615,0.104288,,637100,,
0,5,,0.119387,0.113205,0.206834,0.091689,0.083981,0.280615,0.104288,,637100,,
0,5,,0.124916,0.102729,0.207741,0.087921,0.086875,0.275594,0.114224,,636900,,
0,5,,0.091422,0.1492,0.2006,0.100987,0.074933,0.291037,0.091821,,634600,,
0,5,,0.091422,0.1492,0.2006,0.100987,0.074933,0.291037,0.091821,,644300,,
0,5,,0.119387,0.113205,0.206834,0.091689,0.083981,0.280615,0.104288,,634000,,
1,5,,0.049343,0.222076,0.121594,0.133476,0.049516,0.355774,0.068221,,636400,,
1,1,,0.037808,0.550349,0.066512,0.142747,0.06819,0.10806,0.026334,,642600,,
1,5,,0.049343,0.222076,0.121594,0.133476,0.049516,0.355774,0.068221,,636100,,
1,5,,0.049343,0.202076,0.161594,0.133476,0.049516,0.335774,0.068221,,633700,,
1,5,,0.049343,0.202076,0.161594,0.133476,0.049516,0.335774,0.068221,,636300,,
1,5,,0.049343,0.222076,0.141594,0.133476,0.049516,0.335774,0.068221,,634000,,
1,5,,0.049343,0.222076,0.121594,0.133476,0.049516,0.355774,0.068221,,636500,,
1,5,,0.049343,0.222076,0.121594,0.133476,0.049516,0.355774,0.068221,,636000,,
1,5,,0.049343,0.222076,0.121594,0.133476,0.049516,0.355774,0.068221,,632400,,
1,5,,0.049343,0.202076,0.161594,0.133476,0.049516,0.335774,0.068221,,637600,,
1,1,,0.037808,0.530349,0.066512,0.142747,0.06819,0.12806,0.026334,,651200,,
1,5,,0.049343,0.222076,0.121594,0.133476,0.049516,0.355774,0.068221,,632600,,
1,5,,0.049343,0.222076,0.121594,0.133476,0.049516,0.355774,0.068221,,638200,,
1,5,,0.049343,0.222076,0.121594,0.133476,0.049516,0.355774,0.068221,,638700,,
1,5,,0.049343,0.222076,0.121594,0.133476,0.049516,0.355774,0.068221,,635700,,
1,5,,0.049343,0.222076,0.141594,0.133476,0.049516,0.335774,0.068221,,667600,,
1,5,,0.049343,0.222076,0.121594,0.133476,0.049516,0.355774,0.068221,,641300,,
1,5,,0.049213,0.21766,0.126356,0.129623,0.051853,0.351359,0.073935,,638900,,
1,5,,0.049343,0.222076,0.121594,0.133476,0.049516,0.355774,0.068221,,639700,,
1,5,,0.049343,0.222076,0.121594,0.133476,0.049516,0.355774,0.068221,,633600,,
1,5,,0.049343,0.222076,0.121594,0.133476,0.049516,0.355774,0.068221,,635800,,
1,5,,0.049343,0.222076,0.121594,0.133476,0.049516,0.355774,0.068221,,666200,,
1,5,,0.049343,0.222076,0.121594,0.133476,0.049516,0.355774,0.068221,,630700,,
1,5,,0.049343,0.222076,0.121594,0.133476,0.049516,0.355774,0.068221,,634300,,
1,5,,0.049343,0.222076,0.121594,0.133476,0.049516,0.355774,0.068221,,634600,,
1,5,,0.049343,0.222076,0.121594,0.133476,0.049516,0.355774,0.068221,,636000,,
1,5,,0.049343,0.202076,0.161594,0.133476,0.049516,0.335774,0.068221,,640900,,
1,1,,0.034429,0.479461,0.092094,0.130858,0.071737,0.156611,0.03481,,637500,,
1,5,,0.049343,0.202076,0.161594,0.133476,0.049516,0.335774,0.068221,,633300,,
1,5,,0.049343,0.222076,0.121594,0.133476,0.049516,0.355774,0.068221,,637400,,
1,1,,0.037808,0.530349,0.066512,0.142747,0.06819,0.12806,0.026334,,633300,,
1,1,,0.037808,0.530349,0.066512,0.142747,0.06819,0.12806,0.026334,,637900,,
1,5,,0.048304,0.18095,0.16168,0.131312,0.052027,0.354822,0.070905,,640100,,
1,5,,0.049343,0.222076,0.121594,0.133476,0.049516,0.355774,0.068221,,631400,,
1,1,,0.037808,0.550349,0.066512,0.142747,0.06819,0.10806,0.026334,,635100,,
1,1,,0.037808,0.530349,0.066512,0.142747,0.06819,0.12806,0.026334,,633300,,
1,5,,0.049343,0.202076,0.161594,0.133476,0.049516,0.335774,0.068221,,640400,,
1,5,,0.049343,0.202076,0.161594,0.133476,0.049516,0.335774,0.068221,,639600,,
1,5,,0.049343,0.222076,0.121594,0.133476,0.049516,0.355774,0.068221,,637600,,
1,5,,0.049343,0.222076,0.121594,0.133476,0.049516,0.355774,0.068221,,634100,,
1,5,,0.049343,0.202076,0.161594,0.133476,0.049516,0.335774,0.068221,,660700,,
1,5,,0.049343,0.222076,0.121594,0.133476,0.049516,0.355774,0.068221,,638000,,
1,5,,0.049343,0.222076,0.121594,0.133476,0.049516,0.355774,0.068221,,631300,,
1,5,,0.049343,0.222076,0.121594,0.133476,0.049516,0.355774,0.068221,,640500,,
1,1,,0.034429,0.479461,0.092094,0.130858,0.071737,0.156611,0.03481,,634300,,
1,5,,0.049343,0.222076,0.141594,0.133476,0.049516,0.335774,0.068221,,648700,,
1,5,,0.049343,0.222076,0.121594,0.133476,0.049516,0.355774,0.068221,,636800,,
1,5,,0.048304,0.20095,0.12168,0.131312,0.052027,0.374822,0.070905,,629700,,
1,5,,0.049343,0.222076,0.121594,0.133476,0.049516,0.355774,0.068221,,641200,,
1,5,,0.049343,0.222076,0.121594,0.133476,0.049516,0.355774,0.068221,,640900,,
1,5,,0.049343,0.202076,0.161594,0.133476,0.049516,0.335774,0.068221,,634100,,
1,5,,0.049343,0.202076,0.161594,0.133476,0.049516,0.335774,0.068221,,640900,,
1,5,,0.049343,0.202076,0.161594,0.133476,0.049516,0.335774,0.068221,,637200,,
1,5,,0.049343,0.222076,0.121594,0.133476,0.069516,0.335774,0.068221,,633200,,
1,5,,0.049343,0.222076,0.141594,0.133476,0.049516,0.335774,0.068221,,634800,,
1,5,,0.049343,0.222076,0.121594,0.133476,0.049516,0.355774,0.068221,,631700,,
1,5,,0.049343,0.202076,0.161594,0.133476,0.049516,0.335774,0.068221,,635200,,
1,5,,0.090901,0.15844,0.200035,0.099883,0.072027,0.29006,0.088654,,639400,,
1,5,,0.049343,0.222076,0.121594,0.133476,0.049516,0.355774,0.068221,,634200,,
1,5,,0.049343,0.222076,0.121594,0.133476,0.049516,0.355774,0.068221,,636900,,
1,5,,0.049213,0.21766,0.126356,0.129623,0.051853,0.351359,0.073935,,634100,,
1,5,,0.049343,0.222076,0.141594,0.133476,0.049516,0.335774,0.068221,,637600,,
1,5,,0.049343,0.222076,0.121594,0.133476,0.049516,0.355774,0.068221,,636600,,
1,5,,0.049343,0.222076,0.121594,0.133476,0.049516,0.355774,0.068221,,638700,,
1,5,,0.049343,0.222076,0.121594,0.133476,0.049516,0.355774,0.068221,,632300,,
1,5,,0.049343,0.222076,0.121594,0.133476,0.049516,0.355774,0.068221,,662800,,
2,2,,0.13194,0.054272,0.301913,0.055964,0.276759,0.03458,0.144572,,640800,,
2,2,,0.161163,0.06091,0.311605,0.0619,0.222649,0.036167,0.145606,,636700,,
2,2,,0.098448,0.085203,0.277731,0.081219,0.116218,0.23943,0.10175,,652200,,
2,2,,0.098448,0.085203,0.257731,0.081219,0.136218,0.23943,0.10175,,634700,,
2,5,,0.099917,0.113748,0.239992,0.08878,0.089302,0.266149,0.102111,,638800,,
2,2,,0.1036,0.085247,0.265956,0.081781,0.141976,0.220021,0.101419,,638500,,
2,2,,0.098448,0.085203,0.257731,0.081219,0.136218,0.23943,0.10175,,630400,,
2,2,,0.102257,0.125374,0.248453,0.087753,0.092735,0.243002,0.100425,,638100,,
2,2,,0.101218,0.104249,0.259189,0.085588,0.104596,0.24393,0.101228,,638500,,
2,5,,0.090253,0.123658,0.205449,0.09497,0.079782,0.305669,0.100219,,632300,,
2,5,,0.090253,0.123658,0.205449,0.09497,0.079782,0.305669,0.100219,,635900,,
2,5,,0.095837,0.127901,0.20547,0.095164,0.07963,0.299609,0.096388,,632200,,
2,2,,0.101218,0.104249,0.259189,0.085588,0.104596,0.24393,0.101228,,634900,,
2,6,,0.065804,0.101326,0.164867,0.115073,0.187261,0.14119,0.22448,,638700,,
2,2,,0.098104,0.085203,0.283421,0.081219,0.110874,0.23943,0.10175,,630900,,
2,2,,0.101218,0.104249,0.259189,0.085588,0.104596,0.24393,0.101228,,636700,,
2,5,,0.091422,0.1492,0.2006,0.100987,0.074933,0.291037,0.091821,,644900,,
2,5,,0.113621,0.085203,0.256047,0.082598,0.10135,0.25755,0.10363,,655900,,
2,5,,0.045985,0.139277,0.1813,0.119556,0.093056,0.282993,0.137833,,651100,,
2,5,,0.045985,0.139277,0.1813,0.119556,0.093056,0.282993,0.137833,,682000,,
2,2,,0.102257,0.125374,0.248453,0.087753,0.092735,0.243002,0.100425,,640000,,
2,2,,0.098448,0.085203,0.277731,0.081219,0.116218,0.23943,0.10175,,652400,,
2,5,,0.101218,0.104249,0.24854,0.085588,0.095246,0.26205,0.103109,,634000,,
2,5,,0.101218,0.104249,0.24854,0.085588,0.095246,0.26205,0.103109,,631600,,
2,5,,0.091292,0.144784,0.205362,0.097134,0.077271,0.286622,0.097535,,649800,,
2,2,,0.141163,0.06091,0.311605,0.0619,0.202649,0.036167,0.185606,,663200,,
2,2,,0.098145,0.08542,0.281173,0.085439,0.11979,0.230497,0.099536,,634900,,
2,5,,0.095837,0.127901,0.20547,0.095164,0.07963,0.299609,0.096388,,637300,,
2,2,,0.098448,0.085203,0.277731,0.081219,0.116218,0.23943,0.10175,,634300,,
2,5,,0.091292,0.144784,0.205362,0.097134,0.077271,0.286622,0.097535,,637600,,
2,5,,0.05144,0.139104,0.186083,0.115898,0.095242,0.272516,0.139717,,637700,,
2,2,,0.098448,0.085203,0.277731,0.081219,0.116218,0.23943,0.10175,,633100,,
2,2,,0.101218,0.104249,0.259189,0.085588,0.104596,0.24393,0.101228,,636500,,
2,5,,0.101218,0.104249,0.24854,0.085588,0.095246,0.26205,0.103109,,634900,,
2,2,,0.098448,0.085203,0.277731,0.081219,0.116218,0.23943,0.10175,,633300,,
2,5,,0.101218,0.104249,0.24854,0.085588,0.095246,0.26205,0.103109,,635800,,
2,2,,0.101391,0.084249,0.276086,0.085588,0.107527,0.24393,0.101228,,638200,,
2,5,,0.099917,0.113748,0.239992,0.08878,0.089302,0.266149,0.102111,,631700,,
2,5,,0.05607,0.149056,0.231524,0.119032,0.089003,0.276211,0.079103,,634900,,
2,2,,0.097931,0.105203,0.266524,0.081219,0.107943,0.23943,0.10175,,634500,,
2,5,,0.090383,0.128074,0.200687,0.098822,0.077444,0.310085,0.094505,,638400,,
2,5,,0.095837,0.127901,0.20547,0.095164,0.07963,0.299609,0.096388,,632700,,
2,5,,0.101218,0.104249,0.24854,0.085588,0.095246,0.26205,0.103109,,630200,,
2,5,,0.090383,0.128074,0.200687,0.098822,0.077444,0.310085,0.094505,,633700,,
2,5,,0.05144,0.139104,0.186083,0.115898,0.095242,0.272516,0.139717,,635700,,
2,5,,0.095837,0.127901,0.20547,0.095164,0.07963,0.299609,0.096388,,633800,,
2,5,,0.091422,0.1492,0.2006,0.100987,0.074933,0.291037,0.091821,,640000,,
2,5,,0.090253,0.123658,0.205449,0.09497,0.079782,0.305669,0.100219,,635800,,
2,5,,0.090253,0.123658,0.205449,0.09497,0.079782,0.305669,0.100219,,629200,,
2,2,,0.102257,0.125374,0.248453,0.087753,0.092735,0.243002,0.100425,,670000,,
2,2,,0.1036,0.074816,0.265784,0.077471,0.142409,0.214935,0.120986,,631000,,
2,5,,0.101218,0.104249,0.24854,0.085588,0.095246,0.26205,0.103109,,636300,,
2,2,,0.161163,0.06091,0.291605,0.0619,0.222649,0.036167,0.165606,,637600,,
2,5,,0.091292,0.144784,0.205362,0.097134,0.077271,0.286622,0.097535,,637000,,
2,2,,0.102257,0.125374,0.248453,0.087753,0.092735,0.243002,0.100425,,633400,,
2,2,,0.141163,0.06091,0.311605,0.0619,0.222649,0.036167,0.165606,,629600,,
2,5,,0.101218,0.104249,0.24854,0.085588,0.095246,0.26205,0.103109,,627700,,
2,2,,0.098448,0.085203,0.277731,0.081219,0.116218,0.23943,0.10175,,635300,,
2,2,,0.098448,0.085203,0.277731,0.081219,0.116218,0.23943,0.10175,,630500,,
2,2,,0.098448,0.085203,0.257731,0.081219,0.136218,0.23943,0.10175,,626700,,
2,5,,0.090383,0.128074,0.200687,0.098822,0.077444,0.310085,0.094505,,631200,,
2,5,,0.101218,0.104249,0.24854,0.085588,0.095246,0.26205,0.103109,,627500,,
2,5,,0.096747,0.144611,0.230146,0.093476,0.079457,0.256145,0.099418,,630300,,
2,5,,0.090383,0.128074,0.200687,0.098822,0.077444,0.310085,0.094505,,630300,,
2,2,,0.101736,0.084249,0.270396,0.085588,0.112872,0.24393,0.101228,,625900,,
2,2,,0.102257,0.125374,0.248453,0.087753,0.092735,0.243002,0.100425,,628100,,
3,5,,0.048824,0.17171,0.162245,0.132415,0.054933,0.355799,0.074072,,629400,,
3,5,,0.049343,0.202076,0.161594,0.133476,0.049516,0.335774,0.068221,,628200,,
3,5,,0.049863,0.192836,0.162159,0.13458,0.052423,0.336752,0.071388,,630500,,
3,1,,0.029972,0.419313,0.05675,0.167844,0.092424,0.150773,0.082924,,636600,,
3,5,,0.049343,0.202076,0.161594,0.133476,0.049516,0.335774,0.068221,,635700,,
3,5,,0.049343,0.202076,0.161594,0.133476,0.049516,0.335774,0.068221,,633700,,
3,5,,0.090383,0.128074,0.200687,0.098822,0.077444,0.310085,0.094505,,639100,,
3,5,,0.048304,0.18095,0.16168,0.131312,0.052027,0.354822,0.070905,,652200,,
3,5,,0.049343,0.202076,0.161594,0.133476,0.049516,0.335774,0.068221,,635000,,
3,5,,0.090383,0.128074,0.200687,0.098822,0.077444,0.310085,0.094505,,628700,,
3,5,,0.048304,0.18095,0.16168,0.131312,0.052027,0.354822,0.070905,,630700,,
3,5,,0.049863,0.212836,0.122159,0.13458,0.052423,0.356752,0.071388,,635100,,
3,5,,0.049343,0.202076,0.161594,0.133476,0.049516,0.335774,0.068221,,626300,,
3,5,,0.048304,0.18095,0.16168,0.131312,0.052027,0.354822,0.070905,,630800,,
3,1,,0.044256,0.449962,0.105133,0.136726,0.086932,0.123331,0.053661,,628700,,
3,5,,0.048824,0.17171,0.162245,0.132415,0.054933,0.355799,0.074072,,630600,,
3,5,,0.048824,0.17171,0.162245,0.132415,0.054933,0.355799,0.074072,,630400,,
3,5,,0.048304,0.18095,0.16168,0.131312,0.052027,0.354822,0.070905,,627200,,
3,5,,0.048824,0.19171,0.142245,0.132415,0.054933,0.355799,0.074072,,635200,,
3,5,,0.049343,0.202076,0.161594,0.133476,0.049516,0.335774,0.068221,,633400,,
3,5,,0.090383,0.128074,0.200687,0.098822,0.077444,0.310085,0.094505,,627700,,
3,5,,0.091422,0.1492,0.2006,0.100987,0.074933,0.291037,0.091821,,632000,,
3,5,,0.049863,0.192836,0.162159,0.13458,0.052423,0.336752,0.071388,,626900,,
3,5,,0.101218,0.104249,0.24854,0.085588,0.095246,0.26205,0.103109,,630600,,
3,5,,0.048304,0.20095,0.12168,0.131312,0.052027,0.374822,0.070905,,632200,,
3,5,,0.048824,0.17171,0.162245,0.132415,0.054933,0.355799,0.074072,,628800,,
3,5,,0.048824,0.17171,0.162245,0.132415,0.054933,0.355799,0.074072,,633100,,
3,5,,0.049863,0.192836,0.162159,0.13458,0.052423,0.336752,0.071388,,632200,,
3,5,,0.090383,0.128074,0.200687,0.098822,0.077444,0.310085,0.094505,,626700,,
3,2,,0.067328,0.137189,0.216028,0.113991,0.189307,0.158027,0.11813,,633600,,
3,5,,0.049343,0.202076,0.161594,0.133476,0.049516,0.335774,0.068221,,639300,,
3,5,,0.049863,0.192836,0.162159,0.13458,0.052423,0.336752,0.071388,,625300,,
3,5,,0.048824,0.17171,0.162245,0.132415,0.054933,0.355799,0.074072,,635200,,
3,4,,0.109359,0.10059,0.179647,0.095092,0.224807,0.113768,0.176736,,629100,,
3,5,,0.048304,0.18095,0.16168,0.131312,0.052027,0.354822,0.070905,,641100,,
3,5,,0.048824,0.17171,0.162245,0.132415,0.054933,0.355799,0.074072,,634300,,
3,5,,0.048304,0.18095,0.16168,0.131312,0.052027,0.354822,0.070905,,627200,,
3,5,,0.048824,0.17171,0.162245,0.132415,0.054933,0.355799,0.074072,,630600,,
3,5,,0.048304,0.18095,0.16168,0.131312,0.052027,0.354822,0.070905,,631700,,
3,5,,0.048824,0.17171,0.162245,0.132415,0.054933,0.355799,0.074072,,628700,,
3,5,,0.049863,0.212836,0.122159,0.13458,0.052423,0.356752,0.071388,,630300,,
3,5,,0.048304,0.20095,0.12168,0.131312,0.052027,0.374822,0.070905,,628900,,
3,5,,0.049863,0.192836,0.162159,0.13458,0.052423,0.336752,0.071388,,632800,,
3,5,,0.049863,0.192836,0.162159,0.13458,0.052423,0.336752,0.071388,,633500,,
3,5,,0.049343,0.202076,0.161594,0.133476,0.049516,0.335774,0.068221,,626900,,
3,5,,0.049343,0.202076,0.161594,0.133476,0.049516,0.335774,0.068221,,628500,,
3,5,,0.048824,0.17171,0.162245,0.132415,0.054933,0.355799,0.074072,,631800,,
3,5,,0.024037,0.246984,0.054928,0.169479,0.09666,0.303683,0.10423,,628400,,
3,5,,0.048304,0.18095,0.16168,0.131312,0.052027,0.354822,0.070905,,630400,,
3,5,,0.048304,0.20095,0.14168,0.131312,0.052027,0.354822,0.070905,,633700,,
3,5,,0.048824,0.17171,0.162245,0.132415,0.054933,0.355799,0.074072,,626800,,
3,5,,0.048304,0.18095,0.16168,0.131312,0.052027,0.354822,0.070905,,633800,,
3,5,,0.048824,0.17171,0.162245,0.132415,0.054933,0.355799,0.074072,,628500,,
3,5,,0.049863,0.212836,0.122159,0.13458,0.052423,0.356752,0.071388,,631000,,
3,5,,0.049343,0.202076,0.161594,0.133476,0.049516,0.335774,0.068221,,653500,,
3,5,,0.049863,0.192836,0.162159,0.13458,0.052423,0.336752,0.071388,,629700,,
3,5,,0.048824,0.17171,0.162245,0.132415,0.054933,0.355799,0.074072,,630800,,
3,5,,0.049343,0.202076,0.161594,0.133476,0.049516,0.335774,0.068221,,637300,,
3,5,,0.049863,0.192836,0.162159,0.13458,0.052423,0.336752,0.071388,,628800,,
3,5,,0.049863,0.192836,0.162159,0.13458,0.052423,0.336752,0.071388,,1145700,,
3,5,,0.048304,0.18095,0.16168,0.131312,0.052027,0.354822,0.070905,,1255300,,
3,5,,0.048824,0.17171,0.162245,0.132415,0.054933,0.355799,0.074072,,1248900,,
3,5,,0.090383,0.128074,0.200687,0.098822,0.077444,0.310085,0.094505,,1241500,,
3,5,,0.049343,0.202076,0.161594,0.133476,0.049516,0.335774,0.068221,,1237500,,
3,5,,0.048304,0.18095,0.16168,0.131312,0.052027,0.354822,0.070905,,1237900,,
3,5,,0.048824,0.17171,0.162245,0.132415,0.054933,0.355799,0.074072,,1239500,,
4,5,,0.090383,0.128074,0.200687,0.098822,0.077444,0.310085,0.094505,,1235300,,
4,5,,0.090383,0.128074,0.200687,0.098822,0.077444,0.310085,0.094505,,1242500,,
4,5,,0.045985,0.139277,0.1813,0.119556,0.093056,0.282993,0.137833,,1263800,,
4,5,,0.091422,0.1492,0.2006,0.100987,0.074933,0.291037,0.091821,,947600,,
4,5,,0.051957,0.190138,0.172563,0.120634,0.071384,0.314693,0.07863,,624300,,
4,5,,0.091422,0.1492,0.2006,0.100987,0.074933,0.291037,0.091821,,626700,,
4,5,,0.090383,0.128074,0.200687,0.098822,0.077444,0.310085,0.094505,,625200,,
4,5,,0.05144,0.139104,0.186083,0.115898,0.095242,0.272516,0.139717,,625200,,
4,2,,0.112375,0.067605,0.334782,0.058617,0.222149,0.06323,0.141242,,633000,,
4,5,,0.091422,0.1492,0.2006,0.100987,0.074933,0.291037,0.091821,,626300,,
4,5,,0.090383,0.128074,0.200687,0.098822,0.077444,0.310085,0.094505,,625700,,
4,5,,0.091422,0.1492,0.2006,0.100987,0.074933,0.291037,0.091821,,625900,,
4,5,,0.045985,0.139277,0.1813,0.119556,0.093056,0.282993,0.137833,,623500,,
4,4,,0.060407,0.098514,0.129784,0.112789,0.263284,0.135777,0.199445,,627100,,
4,5,,0.090383,0.128074,0.200687,0.098822,0.077444,0.310085,0.094505,,625000,,
4,5,,0.101218,0.104249,0.24854,0.085588,0.095246,0.26205,0.103109,,625700,,
4,5,,0.092477,0.105377,0.231091,0.084877,0.116406,0.268026,0.101747,,623900,,
4,2,,0.137337,0.057084,0.276996,0.058248,0.240736,0.039993,0.189606,,633400,,
4,5,,0.090383,0.128074,0.200687,0.098822,0.077444,0.310085,0.094505,,624200,,
4,5,,0.095764,0.104422,0.243756,0.089246,0.09306,0.272526,0.101226,,625900,,
4,5,,0.056587,0.129056,0.232082,0.119032,0.087928,0.294331,0.080983,,624300,,
4,5,,0.05144,0.139104,0.186083,0.115898,0.095242,0.272516,0.139717,,624500,,
4,5,,0.101218,0.104249,0.24854,0.085588,0.095246,0.26205,0.103109,,624400,,
4,5,,0.045985,0.139277,0.1813,0.119556,0.093056,0.282993,0.137833,,625000,,
4,2,,0.102257,0.125374,0.248453,0.087753,0.092735,0.243002,0.100425,,624500,,
4,5,,0.091422,0.1492,0.2006,0.100987,0.074933,0.291037,0.091821,,622700,,
4,5,,0.101736,0.084249,0.259747,0.085588,0.103522,0.26205,0.103109,,637500,,
4,2,,0.164496,0.06091,0.271605,0.0619,0.235983,0.036167,0.16894,,625900,,
4,5,,0.05144,0.139104,0.186083,0.115898,0.095242,0.272516,0.139717,,623800,,
4,5,,0.051957,0.190138,0.172563,0.120634,0.071817,0.295283,0.097607,,625300,,
4,2,,0.146708,0.054142,0.25827,0.060259,0.244831,0.063163,0.172628,,625400,,
4,5,,0.101218,0.104249,0.24854,0.085588,0.095246,0.26205,0.103109,,626200,,
4,5,,0.091422,0.1492,0.2006,0.100987,0.074933,0.291037,0.091821,,624000,,
4,5,,0.050918,0.169013,0.17265,0.11847,0.073895,0.33374,0.081314,,624400,,
4,2,,0.098448,0.085203,0.257731,0.081219,0.136218,0.23943,0.10175,,629700,,
4,2,,0.103255,0.085247,0.291646,0.081781,0.116631,0.220021,0.101419,,626600,,
4,5,,0.116908,0.084249,0.248712,0.086968,0.098004,0.26205,0.103109,,623300,,
4,2,,0.099487,0.106329,0.277645,0.083383,0.113708,0.220382,0.099066,,625400,,
4,5,,0.045985,0.139277,0.1813,0.119556,0.093056,0.282993,0.137833,,623600,,
4,5,,0.045985,0.139277,0.1813,0.119556,0.093056,0.282993,0.137833,,626100,,
4,5,,0.045985,0.139277,0.1813,0.119556,0.093056,0.282993,0.137833,,624500,,
4,5,,0.101218,0.104249,0.24854,0.085588,0.095246,0.26205,0.103109,,623800,,
4,5,,0.045985,0.139277,0.1813,0.119556,0.093056,0.282993,0.137833,,630800,,
4,5,,0.091422,0.1492,0.2006,0.100987,0.074933,0.291037,0.091821,,626800,,
4,5,,0.101218,0.104249,0.24854,0.085588,0.095246,0.26205,0.103109,,622700,,
4,2,,0.098448,0.085203,0.277731,0.081219,0.116218,0.23943,0.10175,,624800,,
4,2,,0.088118,0.13487,0.293874,0.102315,0.138738,0.114761,0.127325,,623600,,
4,5,,0.045985,0.139277,0.1813,0.119556,0.093056,0.282993,0.137833,,623600,,
4,5,,0.096747,0.144611,0.230146,0.093476,0.079457,0.256145,0.099418,,623400,,
4,5,,0.096747,0.144611,0.230146,0.093476,0.079457,0.256145,0.099418,,623600,,
4,5,,0.090253,0.123658,0.225449,0.09497,0.079782,0.285669,0.100219,,628000,,
4,5,,0.045985,0.139277,0.1813,0.119556,0.093056,0.282993,0.137833,,625400,,
4,5,,0.113621,0.085203,0.256047,0.082598,0.10135,0.25755,0.10363,,626200,,
4,5,,0.091422,0.1492,0.2006,0.100987,0.074933,0.291037,0.091821,,625200,,
4,5,,0.095708,0.123485,0.210232,0.091312,0.081968,0.295193,0.102102,,624500,,
4,5,,0.090383,0.128074,0.200687,0.098822,0.077444,0.310085,0.094505,,623700,,
4,5,,0.101218,0.104249,0.24854,0.085588,0.095246,0.26205,0.103109,,622200,,
4,5,,0.05144,0.139104,0.186083,0.115898,0.095242,0.272516,0.139717,,624600,,
4,2,,0.077683,0.148203,0.218765,0.122764,0.192448,0.11542,0.124716,,628100,,
4,2,,0.098448,0.085203,0.277731,0.081219,0.116218,0.23943,0.10175,,635300,,
4,2,,0.098448,0.085203,0.277731,0.081219,0.116218,0.23943,0.10175,,626000,,
4,2,,0.133771,0.057212,0.30712,0.0585,0.258012,0.03626,0.149125,,629400,,
4,5,,0.113621,0.085203,0.236047,0.082598,0.12135,0.25755,0.10363,,625800,,
4,2,,0.108751,0.074859,0.274009,0.078034,0.147734,0.214935,0.101679,,626700,,
4,5,,0.090253,0.123658,0.205449,0.09497,0.079782,0.305669,0.100219,,628000,,
4,5,,0.091292,0.144784,0.225362,0.097134,0.077271,0.266622,0.097535,,624900,,
5,5,,0.048824,0.17171,0.162245,0.132415,0.054933,0.355799,0.074072,,629000,,
5,5,,0.048304,0.18095,0.16168,0.131312,0.052027,0.354822,0.070905,,627500,,
5,5,,0.048824,0.17171,0.162245,0.132415,0.054933,0.355799,0.074072,,632000,,
5,5,,0.048824,0.17171,0.162245,0.132415,0.054933,0.355799,0.074072,,626200,,
5,5,,0.048824,0.17171,0.162245,0.132415,0.054933,0.355799,0.074072,,624800,,
5,5,,0.048304,0.18095,0.16168,0.131312,0.052027,0.354822,0.070905,,623500,,
5,5,,0.048304,0.18095,0.16168,0.131312,0.052027,0.354822,0.070905,,623100,,
5,5,,0.048304,0.18095,0.16168,0.131312,0.052027,0.354822,0.070905,,622300,,
5,5,,0.048304,0.18095,0.16168,0.131312,0.052027,0.354822,0.070905,,629900,,
5,5,,0.048304,0.18095,0.16168,0.131312,0.052027,0.354822,0.070905,,622300,,
5,5,,0.048304,0.18095,0.16168,0.131312,0.052027,0.354822,0.070905,,623500,,
5,5,,0.048304,0.18095,0.16168,0.131312,0.052027,0.354822,0.070905,,625800,,
5,5,,0.048304,0.18095,0.16168,0.131312,0.052027,0.354822,0.070905,,624700,,
5,5,,0.048304,0.18095,0.16168,0.131312,0.052027,0.354822,0.070905,,625600,,
5,5,,0.048304,0.18095,0.16168,0.131312,0.052027,0.354822,0.070905,,625900,,
5,5,,0.019752,0.171182,0.096992,0.159968,0.097536,0.331088,0.123483,,623500,,
5,5,,0.048304,0.18095,0.16168,0.131312,0.052027,0.354822,0.070905,,623900,,
5,5,,0.048824,0.17171,0.162245,0.132415,0.054933,0.355799,0.074072,,625000,,
5,5,,0.048824,0.17171,0.162245,0.132415,0.054933,0.355799,0.074072,,622400,,
5,5,,0.048304,0.18095,0.16168,0.131312,0.052027,0.354822,0.070905,,639200,,
5,5,,0.048824,0.17171,0.162245,0.132415,0.054933,0.355799,0.074072,,626100,,
5,5,,0.048304,0.18095,0.16168,0.131312,0.052027,0.354822,0.070905,,624200,,
5,5,,0.048304,0.18095,0.16168,0.131312,0.052027,0.354822,0.070905,,624700,,
5,5,,0.048824,0.17171,0.162245,0.132415,0.054933,0.355799,0.074072,,623200,,
5,5,,0.048824,0.17171,0.162245,0.132415,0.054933,0.355799,0.074072,,624300,,
5,5,,0.048304,0.18095,0.16168,0.131312,0.052027,0.354822,0.070905,,627400,,
5,5,,0.048304,0.18095,0.16168,0.131312,0.052027,0.354822,0.070905,,623600,,
5,5,,0.048304,0.18095,0.16168,0.131312,0.052027,0.354822,0.070905,,630700,,
5,5,,0.019747,0.17066,0.125243,0.138229,0.094682,0.349697,0.101744,,626300,,
5,5,,0.024899,0.170703,0.122819,0.138791,0.090656,0.367816,0.084317,,625300,,
5,5,,0.048824,0.17171,0.162245,0.132415,0.054933,0.355799,0.074072,,627100,,
5,5,,0.020443,0.17066,0.104159,0.158576,0.086896,0.353523,0.105744,,625100,,
5,5,,0.019747,0.210326,0.104076,0.136062,0.094682,0.333363,0.101744,,643200,,
5,5,,0.048304,0.18095,0.16168,0.131312,0.052027,0.354822,0.070905,,626300,,
5,5,,0.019752,0.210848,0.055826,0.157801,0.097536,0.354755,0.103483,,624700,,
5,5,,0.048304,0.18095,0.16168,0.131312,0.052027,0.354822,0.070905,,628800,,
5,5,,0.048304,0.18095,0.16168,0.131312,0.052027,0.354822,0.070905,,629400,,
5,5,,0.048304,0.18095,0.16168,0.131312,0.052027,0.354822,0.070905,,620600,,
5,5,,0.048824,0.17171,0.162245,0.132415,0.054933,0.355799,0.074072,,622600,,
5,5,,0.048304,0.18095,0.16168,0.131312,0.052027,0.354822,0.070905,,619500,,
5,5,,0.048304,0.18095,0.16168,0.131312,0.052027,0.354822,0.070905,,619500,,
5,5,,0.048304,0.18095,0.16168,0.131312,0.052027,0.354822,0.070905,,632600,,
5,5,,0.048824,0.17171,0.162245,0.132415,0.054933,0.355799,0.074072,,625600,,
5,5,,0.048304,0.18095,0.16168,0.131312,0.052027,0.354822,0.070905,,625900,,
5,5,,0.048304,0.18095,0.16168,0.131312,0.052027,0.354822,0.070905,,645900,,
5,5,,0.048824,0.17171,0.162245,0.132415,0.054933,0.355799,0.074072,,632600,,
5,5,,0.048304,0.18095,0.16168,0.131312,0.052027,0.354822,0.070905,,625700,,
5,5,,0.048304,0.18095,0.16168,0.131312,0.052027,0.354822,0.070905,,626600,,
5,5,,0.048695,0.167295,0.167007,0.128563,0.057271,0.351384,0.079786,,626200,,
5,5,,0.048304,0.18095,0.16168,0.131312,0.052027,0.354822,0.070905,,625500,,
5,5,,0.048304,0.18095,0.16168,0.131312,0.052027,0.354822,0.070905,,622900,,
5,5,,0.048304,0.18095,0.16168,0.131312,0.052027,0.354822,0.070905,,625300,,
5,5,,0.048824,0.17171,0.162245,0.132415,0.054933,0.355799,0.074072,,625800,,
5,5,,0.048304,0.18095,0.16168,0.131312,0.052027,0.354822,0.070905,,628400,,
5,5,,0.048824,0.17171,0.162245,0.132415,0.054933,0.355799,0.074072,,625200,,
5,5,,0.048824,0.17171,0.162245,0.132415,0.054933,0.355799,0.074072,,621800,,
5,5,,0.048824,0.17171,0.162245,0.132415,0.054933,0.355799,0.074072,,637700,,
5,5,,0.048304,0.18095,0.16168,0.131312,0.052027,0.354822,0.070905,,626100,,
5,5,,0.048824,0.17171,0.162245,0.132415,0.054933,0.355799,0.074072,,623600,,
5,5,,0.048304,0.18095,0.16168,0.131312,0.052027,0.354822,0.070905,,626900,,
5,5,,0.048824,0.17171,0.162245,0.132415,0.054933,0.355799,0.074072,,626400,,
5,5,,0.048304,0.18095,0.16168,0.131312,0.052027,0.354822,0.070905,,624800,,
5,5,,0.048824,0.17171,0.162245,0.132415,0.054933,0.355799,0.074072,,625300,,
5,5,,0.048304,0.18095,0.16168,0.131312,0.052027,0.354822,0.070905,,623400,,
5,5,,0.019747,0.190326,0.104076,0.136062,0.094682,0.353363,0.101744,,624800,,
5,5,,0.019752,0.171182,0.076992,0.159968,0.097536,0.371088,0.103483,,624500,,
6,5,,0.090253,0.123658,0.222949,0.09747,0.079782,0.285669,0.100219,,625400,,
6,5,,0.094462,0.113921,0.232709,0.094938,0.087116,0.276626,0.100228,,626100,,
6,5,,0.090253,0.123658,0.222949,0.09747,0.079782,0.285669,0.100219,,625500,,
6,5,,0.095782,0.113182,0.223855,0.093702,0.082676,0.280648,0.110154,,623800,,
6,5,,0.090253,0.123658,0.222949,0.09747,0.079782,0.285669,0.100219,,633800,,
6,6,,0.069312,0.14468,0.157068,0.108979,0.166821,0.141025,0.212116,,624500,,
6,5,,0.091175,0.114876,0.240044,0.090568,0.090462,0.272126,0.100749,,625300,,
6,5,,0.090253,0.123658,0.222949,0.09747,0.079782,0.285669,0.100219,,625900,,
6,5,,0.048695,0.167295,0.184507,0.131063,0.057271,0.331384,0.079786,,623500,,
6,5,,0.090253,0.123658,0.222949,0.09747,0.079782,0.285669,0.100219,,626700,,
6,5,,0.090253,0.123658,0.222949,0.09747,0.079782,0.285669,0.100219,,624400,,
6,5,,0.090253,0.123658,0.222949,0.09747,0.079782,0.285669,0.100219,,622600,,
6,5,,0.090253,0.123658,0.222949,0.09747,0.079782,0.285669,0.100219,,625200,,
6,5,,0.090253,0.123658,0.222949,0.09747,0.079782,0.285669,0.100219,,628400,,
6,5,,0.090253,0.123658,0.222949,0.09747,0.079782,0.285669,0.100219,,628700,,
6,5,,0.090253,0.123658,0.222949,0.09747,0.079782,0.285669,0.100219,,626600,,
6,5,,0.090253,0.123658,0.222949,0.09747,0.079782,0.285669,0.100219,,624700,,
6,5,,0.090253,0.123658,0.222949,0.09747,0.079782,0.285669,0.100219,,625100,,
6,5,,0.048695,0.167295,0.184507,0.131063,0.057271,0.331384,0.079786,,625300,,
6,5,,0.048695,0.167295,0.184507,0.131063,0.057271,0.331384,0.079786,,624500,,
6,6,,0.051637,0.112083,0.12564,0.130723,0.129934,0.219318,0.230665,,626700,,
6,5,,0.094462,0.113921,0.232709,0.094938,0.087116,0.276626,0.100228,,623800,,
6,5,,0.090253,0.123658,0.222949,0.09747,0.079782,0.285669,0.100219,,624100,,
6,5,,0.090253,0.123658,0.205449,0.09497,0.079782,0.305669,0.100219,,622000,,
6,5,,0.090253,0.123658,0.222949,0.09747,0.079782,0.285669,0.100219,,623200,,
6,5,,0.090253,0.123658,0.222949,0.09747,0.079782,0.285669,0.100219,,624400,,
6,5,,0.048695,0.167295,0.184507,0.131063,0.057271,0.331384,0.079786,,629800,,
6,5,,0.090253,0.123658,0.222949,0.09747,0.079782,0.285669,0.100219,,625800,,
6,5,,0.090253,0.123658,0.222949,0.09747,0.079782,0.285669,0.100219,,624400,,
6,5,,0.048695,0.167295,0.167007,0.128563,0.057271,0.351384,0.079786,,624600,,
6,5,,0.048695,0.167295,0.184507,0.131063,0.057271,0.331384,0.079786,,626100,,
6,5,,0.048695,0.167295,0.184507,0.131063,0.057271,0.331384,0.079786,,627100,,
6,5,,0.048695,0.187295,0.164507,0.131063,0.057271,0.331384,0.079786,,624900,,
6,5,,0.090253,0.123658,0.222949,0.09747,0.079782,0.285669,0.100219,,625800,,
6,5,,0.090253,0.123658,0.222949,0.09747,0.079782,0.285669,0.100219,,624800,,
6,5,,0.090253,0.123658,0.222949,0.09747,0.079782,0.285669,0.100219,,625100,,
6,5,,0.090253,0.123658,0.222949,0.09747,0.079782,0.285669,0.100219,,626300,,
6,4,,0.123418,0.054445,0.228605,0.067596,0.253499,0.078693,0.193742,,628300,,
6,5,,0.090253,0.123658,0.222949,0.09747,0.079782,0.285669,0.100219,,632200,,
6,5,,0.090253,0.123658,0.222949,0.09747,0.079782,0.285669,0.100219,,625400,,
6,4,,0.122422,0.054445,0.238389,0.062532,0.261551,0.073282,0.187379,,626200,,
6,5,,0.090253,0.123658,0.222949,0.09747,0.079782,0.285669,0.100219,,626600,,
6,5,,0.090253,0.123658,0.222949,0.09747,0.079782,0.285669,0.100219,,627500,,
6,5,,0.048695,0.167295,0.167007,0.128563,0.057271,0.351384,0.079786,,625200,,
6,2,,0.131153,0.057257,0.253471,0.064815,0.218862,0.078695,0.195747,,626500,,
6,5,,0.090253,0.123658,0.222949,0.09747,0.079782,0.285669,0.100219,,628700,,
6,6,,0.042812,0.142431,0.132128,0.124104,0.168896,0.182222,0.207408,,628200,,
6,5,,0.048695,0.167295,0.167007,0.128563,0.057271,0.351384,0.079786,,626900,,
6,5,,0.048695,0.167295,0.184507,0.131063,0.057271,0.331384,0.079786,,632800,,
6,5,,0.048695,0.167295,0.184507,0.131063,0.057271,0.331384,0.079786,,626400,,
6,5,,0.090253,0.123658,0.222949,0.09747,0.079782,0.285669,0.100219,,627400,,
6,5,,0.090253,0.123658,0.222949,0.09747,0.079782,0.285669,0.100219,,627400,,
6,5,,0.090253,0.123658,0.222949,0.09747,0.079782,0.285669,0.100219,,639700,,
6,5,,0.048695,0.167295,0.167007,0.128563,0.057271,0.351384,0.079786,,631600,,
6,5,,0.048695,0.167295,0.184507,0.131063,0.057271,0.331384,0.079786,,666300,,
6,5,,0.090253,0.123658,0.222949,0.09747,0.079782,0.285669,0.100219,,689100,,
6,5,,0.091175,0.114876,0.240044,0.090568,0.090462,0.272126,0.100749,,626300,,
6,5,,0.048695,0.167295,0.184507,0.131063,0.057271,0.331384,0.079786,,624800,,
6,5,,0.048695,0.167295,0.184507,0.131063,0.057271,0.331384,0.079786,,624400,,
6,5,,0.090253,0.123658,0.222949,0.09747,0.079782,0.285669,0.100219,,626900,,
6,5,,0.048695,0.167295,0.167007,0.128563,0.057271,0.351384,0.079786,,626800,,
6,5,,0.048695,0.167295,0.184507,0.131063,0.057271,0.331384,0.079786,,644700,,
6,5,,0.090253,0.123658,0.222949,0.09747,0.079782,0.285669,0.100219,,625800,,
6,6,,0.048961,0.129401,0.130689,0.125927,0.168573,0.191682,0.204767,,637400,,
6,5,,0.090253,0.123658,0.222949,0.09747,0.079782,0.285669,0.100219,,636200,,
6,6,,0.051637,0.132083,0.14564,0.130723,0.129934,0.199318,0.210665,,628700,,