image-segmentation,Tuned_CWT,test,1,NANOSECONDS,PREDICTIONS, Generated by ClassifierExperiments.java on 2022-05-16 02:09:36.    SYSTEMPROPERTIES:{user.name:matth,os.arch:amd64,os.name:Windows 10},ENDSYSTEMPROPERTIES
No parameter info
0.24891774891774893,231100200,291822300,-1,21532392,7,,-1,-1
0,2,,0.160549,0.128478,0.206318,0.105119,0.128242,0.200902,0.070391,,708700,,
0,2,,0.160549,0.128478,0.206318,0.105119,0.128242,0.200902,0.070391,,626100,,
0,5,,0.10409,0.192929,0.196022,0.135713,0.094341,0.225946,0.05096,,634800,,
0,5,,0.151195,0.128478,0.204378,0.106911,0.124362,0.211223,0.073451,,635400,,
0,5,,0.111988,0.179418,0.207296,0.124194,0.105071,0.211895,0.060138,,627000,,
0,5,,0.113725,0.183603,0.20557,0.128292,0.103456,0.216533,0.04882,,624200,,
0,2,,0.161833,0.093822,0.300023,0.079002,0.18538,0.088747,0.091192,,625100,,
0,5,,0.132072,0.153569,0.191881,0.117789,0.111118,0.225829,0.067743,,628400,,
0,2,,0.160549,0.128478,0.206318,0.105119,0.128242,0.200902,0.070391,,627200,,
0,5,,0.132072,0.153569,0.191881,0.117789,0.111118,0.225829,0.067743,,624900,,
0,5,,0.113725,0.183603,0.20557,0.128292,0.103456,0.216533,0.04882,,662300,,
0,5,,0.11086,0.158244,0.207812,0.122074,0.107915,0.230547,0.062549,,628200,,
0,2,,0.161833,0.093822,0.300023,0.079002,0.18538,0.088747,0.091192,,627900,,
0,5,,0.113725,0.183603,0.20557,0.128292,0.103456,0.216533,0.04882,,649400,,
0,2,,0.160549,0.128478,0.206318,0.105119,0.128242,0.200902,0.070391,,650600,,
0,5,,0.133725,0.183603,0.18557,0.128292,0.103456,0.216533,0.04882,,637600,,
0,5,,0.151195,0.128478,0.204378,0.106911,0.124362,0.211223,0.073451,,642500,,
0,5,,0.10409,0.192929,0.196022,0.135713,0.094341,0.225946,0.05096,,635000,,
0,2,,0.160549,0.128478,0.206318,0.105119,0.128242,0.200902,0.070391,,634100,,
0,2,,0.148798,0.160529,0.206175,0.120714,0.143277,0.136984,0.083523,,648300,,
0,5,,0.111988,0.179418,0.207296,0.124194,0.105071,0.211895,0.060138,,647800,,
0,5,,0.111988,0.179418,0.207296,0.124194,0.105071,0.211895,0.060138,,645300,,
0,5,,0.151195,0.128478,0.204378,0.106911,0.124362,0.211223,0.073451,,653800,,
0,2,,0.160549,0.128478,0.206318,0.105119,0.128242,0.200902,0.070391,,631100,,
0,5,,0.113725,0.183603,0.20557,0.128292,0.103456,0.216533,0.04882,,630400,,
0,5,,0.131988,0.179418,0.187296,0.124194,0.105071,0.211895,0.060138,,630600,,
0,5,,0.132072,0.153569,0.191881,0.117789,0.111118,0.225829,0.067743,,633200,,
0,5,,0.132072,0.153569,0.191881,0.117789,0.111118,0.225829,0.067743,,647700,,
0,5,,0.1332,0.174743,0.191365,0.119908,0.108275,0.207176,0.065333,,647400,,
0,5,,0.10409,0.192929,0.196022,0.135713,0.094341,0.225946,0.05096,,647700,,
0,5,,0.111988,0.179418,0.207296,0.124194,0.105071,0.211895,0.060138,,648800,,
0,5,,0.10409,0.192929,0.196022,0.135713,0.094341,0.225946,0.05096,,639000,,
0,5,,0.151195,0.128478,0.204378,0.106911,0.124362,0.211223,0.073451,,638500,,
0,5,,0.10409,0.192929,0.196022,0.135713,0.094341,0.225946,0.05096,,665100,,
0,5,,0.10409,0.192929,0.196022,0.135713,0.094341,0.225946,0.05096,,634500,,
0,2,,0.160549,0.128478,0.206318,0.105119,0.128242,0.200902,0.070391,,647400,,
0,5,,0.112597,0.162429,0.206086,0.126172,0.1063,0.235186,0.051231,,632300,,
0,5,,0.113725,0.183603,0.20557,0.128292,0.103456,0.216533,0.04882,,630800,,
0,2,,0.160549,0.128478,0.206318,0.105119,0.128242,0.200902,0.070391,,640900,,
0,5,,0.132072,0.153569,0.191881,0.117789,0.111118,0.225829,0.067743,,637700,,
0,5,,0.113725,0.183603,0.20557,0.128292,0.103456,0.216533,0.04882,,634700,,
0,2,,0.160549,0.128478,0.206318,0.105119,0.128242,0.200902,0.070391,,638900,,
0,2,,0.160549,0.128478,0.206318,0.105119,0.128242,0.200902,0.070391,,632700,,
0,5,,0.10409,0.192929,0.196022,0.135713,0.094341,0.225946,0.05096,,638100,,
0,2,,0.160549,0.128478,0.206318,0.105119,0.128242,0.200902,0.070391,,636100,,
0,5,,0.112597,0.162429,0.206086,0.126172,0.1063,0.235186,0.051231,,634600,,
0,5,,0.10409,0.192929,0.196022,0.135713,0.094341,0.225946,0.05096,,637100,,
0,5,,0.112597,0.162429,0.206086,0.126172,0.1063,0.235186,0.051231,,643000,,
0,2,,0.161833,0.093822,0.300023,0.079002,0.18538,0.088747,0.091192,,633300,,
0,5,,0.112597,0.162429,0.206086,0.126172,0.1063,0.235186,0.051231,,633800,,
0,5,,0.113725,0.183603,0.20557,0.128292,0.103456,0.216533,0.04882,,631600,,
0,5,,0.113725,0.183603,0.20557,0.128292,0.103456,0.216533,0.04882,,637000,,
0,2,,0.160549,0.128478,0.206318,0.105119,0.128242,0.200902,0.070391,,639600,,
0,5,,0.132072,0.153569,0.191881,0.117789,0.111118,0.225829,0.067743,,633900,,
0,5,,0.113725,0.183603,0.20557,0.128292,0.103456,0.216533,0.04882,,637300,,
0,2,,0.160549,0.128478,0.206318,0.105119,0.128242,0.200902,0.070391,,633300,,
0,5,,0.132072,0.153569,0.191881,0.117789,0.111118,0.225829,0.067743,,634800,,
0,5,,0.13086,0.158244,0.187812,0.122074,0.107915,0.230547,0.062549,,664500,,
0,2,,0.160549,0.128478,0.206318,0.105119,0.128242,0.200902,0.070391,,642600,,
0,5,,0.113725,0.183603,0.20557,0.128292,0.103456,0.216533,0.04882,,628000,,
0,5,,0.111988,0.179418,0.207296,0.124194,0.105071,0.211895,0.060138,,627100,,
0,5,,0.113725,0.183603,0.20557,0.128292,0.103456,0.216533,0.04882,,629400,,
0,5,,0.13086,0.158244,0.187812,0.122074,0.107915,0.230547,0.062549,,627700,,
0,2,,0.160549,0.128478,0.206318,0.105119,0.128242,0.200902,0.070391,,626400,,
0,5,,0.113725,0.183603,0.20557,0.128292,0.103456,0.216533,0.04882,,627100,,
0,2,,0.161833,0.093822,0.300023,0.079002,0.18538,0.088747,0.091192,,627900,,
1,5,,0.074263,0.24044,0.162817,0.155406,0.075245,0.254939,0.03689,,628400,,
1,5,,0.072526,0.236255,0.164543,0.151308,0.07686,0.2503,0.048208,,628500,,
1,5,,0.072526,0.236255,0.164543,0.151308,0.07686,0.2503,0.048208,,629000,,
1,5,,0.077204,0.209136,0.17277,0.149087,0.08337,0.268223,0.04021,,626200,,
1,5,,0.072526,0.236255,0.164543,0.151308,0.07686,0.2503,0.048208,,624700,,
1,5,,0.072526,0.236255,0.164543,0.151308,0.07686,0.2503,0.048208,,627200,,
1,5,,0.072526,0.236255,0.164543,0.151308,0.07686,0.2503,0.048208,,626100,,
1,5,,0.072526,0.236255,0.164543,0.151308,0.07686,0.2503,0.048208,,625400,,
1,5,,0.072526,0.236255,0.164543,0.151308,0.07686,0.2503,0.048208,,629600,,
1,5,,0.074263,0.24044,0.162817,0.155406,0.075245,0.254939,0.03689,,627100,,
1,1,,0.055275,0.446504,0.076804,0.138194,0.068769,0.168475,0.045979,,632600,,
1,5,,0.072526,0.236255,0.164543,0.151308,0.07686,0.2503,0.048208,,628600,,
1,5,,0.074263,0.24044,0.162817,0.155406,0.075245,0.254939,0.03689,,629000,,
1,5,,0.078332,0.23031,0.172255,0.151207,0.080527,0.249571,0.037799,,630000,,
1,1,,0.084291,0.338308,0.120462,0.145254,0.090551,0.173164,0.047971,,625400,,
1,5,,0.074263,0.24044,0.162817,0.155406,0.075245,0.254939,0.03689,,646400,,
1,1,,0.0599,0.397089,0.093974,0.142483,0.078299,0.172988,0.055267,,629800,,
1,5,,0.072526,0.236255,0.164543,0.151308,0.07686,0.2503,0.048208,,627700,,
1,5,,0.072526,0.236255,0.164543,0.151308,0.07686,0.2503,0.048208,,631000,,
1,1,,0.055275,0.436396,0.076761,0.142614,0.069813,0.172988,0.046152,,644700,,
1,5,,0.078332,0.23031,0.172255,0.151207,0.080527,0.249571,0.037799,,628000,,
1,5,,0.072526,0.236255,0.164543,0.151308,0.07686,0.2503,0.048208,,629400,,
1,5,,0.074263,0.24044,0.162817,0.155406,0.075245,0.254939,0.03689,,629500,,
1,5,,0.078332,0.23031,0.172255,0.151207,0.080527,0.249571,0.037799,,627500,,
1,5,,0.074263,0.24044,0.162817,0.155406,0.075245,0.254939,0.03689,,628800,,
1,1,,0.055275,0.446504,0.076804,0.138194,0.068769,0.168475,0.045979,,628300,,
1,5,,0.072526,0.236255,0.164543,0.151308,0.07686,0.2503,0.048208,,630100,,
1,5,,0.074263,0.24044,0.162817,0.155406,0.075245,0.254939,0.03689,,627000,,
1,5,,0.074263,0.24044,0.162817,0.155406,0.075245,0.254939,0.03689,,629100,,
1,5,,0.074263,0.24044,0.162817,0.155406,0.075245,0.254939,0.03689,,632500,,
1,5,,0.078332,0.23031,0.172255,0.151207,0.080527,0.249571,0.037799,,629000,,
1,5,,0.078332,0.23031,0.172255,0.151207,0.080527,0.249571,0.037799,,626700,,
1,5,,0.072526,0.236255,0.164543,0.151308,0.07686,0.2503,0.048208,,627700,,
1,5,,0.076595,0.226125,0.173981,0.147109,0.082141,0.244932,0.049117,,625400,,
1,5,,0.078332,0.23031,0.172255,0.151207,0.080527,0.249571,0.037799,,629900,,
1,5,,0.074263,0.24044,0.162817,0.155406,0.075245,0.254939,0.03689,,629100,,
1,5,,0.072526,0.236255,0.164543,0.151308,0.07686,0.2503,0.048208,,631300,,
1,5,,0.074263,0.24044,0.162817,0.155406,0.075245,0.254939,0.03689,,629700,,
1,5,,0.08158,0.23031,0.161784,0.155312,0.083638,0.249913,0.037463,,647500,,
1,5,,0.074263,0.24044,0.162817,0.155406,0.075245,0.254939,0.03689,,627300,,
1,5,,0.078332,0.23031,0.172255,0.151207,0.080527,0.249571,0.037799,,628000,,
1,5,,0.072693,0.231876,0.169126,0.147189,0.079321,0.245879,0.053916,,626800,,
1,5,,0.074263,0.24044,0.162817,0.155406,0.075245,0.254939,0.03689,,629400,,
1,5,,0.072526,0.236255,0.164543,0.151308,0.07686,0.2503,0.048208,,626800,,
1,5,,0.072526,0.236255,0.164543,0.151308,0.07686,0.2503,0.048208,,626500,,
1,5,,0.076595,0.226125,0.173981,0.147109,0.082141,0.244932,0.049117,,627200,,
1,5,,0.074263,0.24044,0.162817,0.155406,0.075245,0.254939,0.03689,,626800,,
1,1,,0.055275,0.446504,0.076804,0.138194,0.068769,0.168475,0.045979,,627800,,
1,5,,0.072526,0.236255,0.164543,0.151308,0.07686,0.2503,0.048208,,629100,,
1,5,,0.074263,0.24044,0.162817,0.155406,0.075245,0.254939,0.03689,,626900,,
1,5,,0.072526,0.236255,0.164543,0.151308,0.07686,0.2503,0.048208,,627700,,
1,5,,0.072526,0.236255,0.164543,0.151308,0.07686,0.2503,0.048208,,627800,,
1,5,,0.074263,0.24044,0.162817,0.155406,0.075245,0.254939,0.03689,,627600,,
1,5,,0.072526,0.236255,0.164543,0.151308,0.07686,0.2503,0.048208,,629300,,
1,5,,0.072526,0.236255,0.164543,0.151308,0.07686,0.2503,0.048208,,628000,,
1,5,,0.10409,0.203037,0.196064,0.131294,0.093297,0.221432,0.050786,,629900,,
1,5,,0.072526,0.236255,0.164543,0.151308,0.07686,0.2503,0.048208,,629100,,
1,5,,0.074263,0.24044,0.162817,0.155406,0.075245,0.254939,0.03689,,628000,,
1,5,,0.10409,0.203037,0.196064,0.131294,0.093297,0.221432,0.050786,,624900,,
1,5,,0.072526,0.236255,0.164543,0.151308,0.07686,0.2503,0.048208,,627500,,
1,5,,0.071398,0.215081,0.165059,0.149188,0.079703,0.268953,0.050618,,627500,,
1,5,,0.078332,0.23031,0.172255,0.151207,0.080527,0.249571,0.037799,,629600,,
1,5,,0.078332,0.23031,0.172255,0.151207,0.080527,0.249571,0.037799,,631500,,
1,5,,0.074263,0.24044,0.162817,0.155406,0.075245,0.254939,0.03689,,625200,,
1,5,,0.072526,0.236255,0.164543,0.151308,0.07686,0.2503,0.048208,,629500,,
1,5,,0.072526,0.236255,0.164543,0.151308,0.07686,0.2503,0.048208,,628300,,
2,5,,0.112239,0.14919,0.216463,0.11367,0.113579,0.221407,0.073451,,626800,,
2,2,,0.133336,0.12023,0.241454,0.101697,0.13681,0.197824,0.068649,,627700,,
2,2,,0.133336,0.12023,0.241454,0.101697,0.13681,0.197824,0.068649,,626200,,
2,2,,0.139809,0.130365,0.258421,0.099708,0.181435,0.113394,0.076867,,630100,,
2,2,,0.133336,0.12023,0.241454,0.101697,0.13681,0.197824,0.068649,,627700,,
2,2,,0.142814,0.099777,0.245369,0.122634,0.163245,0.157338,0.068823,,629200,,
2,2,,0.142814,0.109885,0.245412,0.118214,0.162201,0.152824,0.068649,,627200,,
2,5,,0.11086,0.158244,0.207812,0.122074,0.107915,0.230547,0.062549,,628600,,
2,5,,0.09596,0.166118,0.196611,0.130101,0.1062,0.244545,0.060464,,624800,,
2,2,,0.121717,0.138846,0.220421,0.110187,0.118971,0.216407,0.073451,,628900,,
2,2,,0.133415,0.140356,0.232336,0.105596,0.127807,0.188489,0.072001,,626800,,
2,2,,0.134464,0.141404,0.240939,0.103816,0.133966,0.179172,0.066238,,627100,,
2,5,,0.10252,0.194474,0.202373,0.123077,0.097373,0.212372,0.067812,,627800,,
2,5,,0.076762,0.221746,0.178563,0.14299,0.084603,0.240511,0.054825,,626700,,
2,2,,0.133415,0.140356,0.232336,0.105596,0.127807,0.188489,0.072001,,627300,,
2,2,,0.11357,0.119703,0.252266,0.098707,0.133045,0.197649,0.085059,,627100,,
2,2,,0.142814,0.109885,0.245412,0.098214,0.142201,0.192824,0.068649,,627700,,
2,2,,0.142814,0.109885,0.245412,0.118214,0.162201,0.152824,0.068649,,629200,,
2,2,,0.142814,0.109885,0.245412,0.098214,0.142201,0.192824,0.068649,,632600,,
2,2,,0.168691,0.074085,0.323734,0.071311,0.190443,0.078922,0.092813,,631800,,
2,2,,0.134464,0.141404,0.240939,0.103816,0.133966,0.179172,0.066238,,668700,,
2,2,,0.133415,0.140356,0.232336,0.105596,0.127807,0.188489,0.072001,,636300,,
2,2,,0.134464,0.141404,0.240939,0.103816,0.133966,0.179172,0.066238,,631500,,
2,2,,0.133336,0.12023,0.241454,0.101697,0.13681,0.197824,0.068649,,628600,,
2,2,,0.142814,0.099777,0.245369,0.122634,0.163245,0.137338,0.088823,,627400,,
2,2,,0.133336,0.12023,0.241454,0.101697,0.13681,0.197824,0.068649,,629000,,
2,5,,0.076762,0.221746,0.178563,0.14299,0.084603,0.240511,0.054825,,631100,,
2,2,,0.132287,0.119182,0.232852,0.103476,0.13065,0.207141,0.074412,,628600,,
2,2,,0.133336,0.12023,0.241454,0.101697,0.13681,0.197824,0.068649,,633300,,
2,2,,0.142814,0.109885,0.245412,0.118214,0.162201,0.152824,0.068649,,629300,,
2,2,,0.133336,0.12023,0.241454,0.101697,0.13681,0.197824,0.068649,,644200,,
2,5,,0.10252,0.184366,0.20233,0.127497,0.098417,0.216886,0.067986,,632200,,
2,5,,0.101225,0.177678,0.198306,0.125076,0.097755,0.235446,0.064514,,629300,,
2,5,,0.11086,0.158244,0.207812,0.122074,0.107915,0.230547,0.062549,,630600,,
2,2,,0.133336,0.12023,0.241454,0.101697,0.13681,0.197824,0.068649,,632700,,
2,2,,0.113367,0.170364,0.215948,0.11579,0.110736,0.202754,0.071041,,629300,,
2,2,,0.132287,0.119182,0.232852,0.103476,0.13065,0.207141,0.074412,,631500,,
2,2,,0.133336,0.12023,0.241454,0.101697,0.13681,0.197824,0.068649,,632300,,
2,2,,0.142814,0.109885,0.245412,0.098214,0.162201,0.172824,0.068649,,629600,,
2,2,,0.142814,0.099777,0.245369,0.122634,0.163245,0.137338,0.088823,,631500,,
2,2,,0.142814,0.109885,0.265412,0.118214,0.142201,0.152824,0.068649,,629400,,
2,2,,0.172272,0.074085,0.322436,0.071842,0.189425,0.078922,0.091018,,632100,,
2,2,,0.142814,0.109885,0.245412,0.098214,0.142201,0.192824,0.068649,,627200,,
2,2,,0.132287,0.119182,0.232852,0.103476,0.13065,0.207141,0.074412,,627700,,
2,2,,0.083743,0.146998,0.218977,0.12724,0.116036,0.215669,0.091337,,658400,,
2,5,,0.112597,0.162429,0.206086,0.126172,0.1063,0.235186,0.051231,,627700,,
2,2,,0.142814,0.109885,0.265412,0.098214,0.142201,0.172824,0.068649,,633800,,
2,5,,0.112239,0.14919,0.216463,0.11367,0.113579,0.221407,0.073451,,628300,,
2,2,,0.142814,0.109885,0.265412,0.098214,0.142201,0.172824,0.068649,,630700,,
2,2,,0.133336,0.12023,0.241454,0.101697,0.13681,0.197824,0.068649,,626500,,
2,2,,0.132287,0.119182,0.232852,0.103476,0.13065,0.207141,0.074412,,629800,,
2,2,,0.142814,0.109885,0.265412,0.098214,0.142201,0.172824,0.068649,,629000,,
2,5,,0.112239,0.14919,0.216463,0.11367,0.113579,0.221407,0.073451,,631900,,
2,5,,0.11086,0.158244,0.207812,0.122074,0.107915,0.230547,0.062549,,629200,,
2,2,,0.132287,0.119182,0.232852,0.103476,0.13065,0.207141,0.074412,,627100,,
2,2,,0.142814,0.099777,0.245369,0.122634,0.163245,0.157338,0.068823,,627300,,
2,2,,0.133336,0.12023,0.241454,0.101697,0.13681,0.197824,0.068649,,629100,,
2,2,,0.172272,0.074085,0.309103,0.071842,0.202758,0.078922,0.091018,,628100,,
2,2,,0.121717,0.138846,0.220421,0.110187,0.118971,0.216407,0.073451,,629700,,
2,5,,0.10252,0.184366,0.20233,0.127497,0.098417,0.216886,0.067986,,629700,,
2,2,,0.133415,0.140356,0.232336,0.105596,0.127807,0.188489,0.072001,,630000,,
2,2,,0.132287,0.119182,0.232852,0.103476,0.13065,0.207141,0.074412,,627700,,
2,2,,0.133415,0.140356,0.232336,0.105596,0.127807,0.188489,0.072001,,627000,,
2,2,,0.134464,0.141404,0.240939,0.103816,0.133966,0.179172,0.066238,,629500,,
2,1,,0.069934,0.30709,0.165751,0.138869,0.086896,0.167988,0.063472,,632200,,
2,5,,0.102962,0.181863,0.19658,0.129174,0.096141,0.240085,0.053197,,626900,,
3,5,,0.072526,0.236255,0.164543,0.151308,0.07686,0.2503,0.048208,,630100,,
3,5,,0.074263,0.24044,0.162817,0.155406,0.075245,0.254939,0.03689,,627900,,
3,5,,0.076595,0.226125,0.173981,0.147109,0.082141,0.244932,0.049117,,653700,,
3,5,,0.078332,0.23031,0.172255,0.151207,0.080527,0.249571,0.037799,,628000,,
3,5,,0.075467,0.204951,0.174496,0.144989,0.084985,0.263585,0.051527,,629400,,
3,5,,0.077204,0.209136,0.17277,0.149087,0.08337,0.268223,0.04021,,630000,,
3,5,,0.078332,0.23031,0.172255,0.151207,0.080527,0.249571,0.037799,,632500,,
3,1,,0.095658,0.360354,0.101566,0.123743,0.096062,0.147848,0.074768,,628500,,
3,5,,0.072526,0.236255,0.164543,0.151308,0.07686,0.2503,0.048208,,629700,,
3,5,,0.078332,0.23031,0.172255,0.151207,0.080527,0.249571,0.037799,,632900,,
3,5,,0.076595,0.226125,0.173981,0.147109,0.082141,0.244932,0.049117,,629500,,
3,5,,0.078332,0.23031,0.172255,0.151207,0.080527,0.249571,0.037799,,628800,,
3,5,,0.077204,0.209136,0.17277,0.149087,0.08337,0.268223,0.04021,,627300,,
3,5,,0.112239,0.14919,0.216463,0.11367,0.113579,0.221407,0.073451,,631300,,
3,5,,0.078332,0.23031,0.172255,0.151207,0.080527,0.249571,0.037799,,664600,,
3,5,,0.077204,0.209136,0.17277,0.149087,0.08337,0.268223,0.04021,,626600,,
3,5,,0.073135,0.219266,0.163333,0.153286,0.078089,0.273591,0.039301,,629600,,
3,5,,0.071398,0.215081,0.165059,0.149188,0.079703,0.268953,0.050618,,628300,,
3,5,,0.102962,0.181863,0.19658,0.129174,0.096141,0.240085,0.053197,,629800,,
3,5,,0.075467,0.204951,0.174496,0.144989,0.084985,0.263585,0.051527,,627800,,
3,5,,0.101225,0.16757,0.198263,0.129495,0.098799,0.23996,0.064688,,627600,,
3,1,,0.099261,0.367007,0.092526,0.140495,0.085573,0.168076,0.047062,,630100,,
3,2,,0.122452,0.157375,0.227588,0.118424,0.146246,0.14168,0.086235,,630400,,
3,5,,0.078332,0.23031,0.172255,0.151207,0.080527,0.249571,0.037799,,629400,,
3,5,,0.077204,0.209136,0.17277,0.149087,0.08337,0.268223,0.04021,,627200,,
3,5,,0.075467,0.204951,0.174496,0.144989,0.084985,0.263585,0.051527,,649500,,
3,5,,0.078332,0.23031,0.172255,0.151207,0.080527,0.249571,0.037799,,627900,,
3,1,,0.069783,0.397352,0.088568,0.143977,0.080182,0.173076,0.047062,,629500,,
3,5,,0.071398,0.215081,0.165059,0.149188,0.079703,0.268953,0.050618,,628100,,
3,5,,0.076595,0.226125,0.173981,0.147109,0.082141,0.244932,0.049117,,626700,,
3,1,,0.080222,0.377962,0.090982,0.14534,0.08527,0.173164,0.047062,,631400,,
3,5,,0.078332,0.23031,0.172255,0.151207,0.080527,0.249571,0.037799,,631100,,
3,5,,0.077204,0.209136,0.17277,0.149087,0.08337,0.268223,0.04021,,628200,,
3,5,,0.11086,0.158244,0.207812,0.122074,0.107915,0.230547,0.062549,,628900,,
3,5,,0.072526,0.236255,0.164543,0.151308,0.07686,0.2503,0.048208,,626900,,
3,5,,0.077204,0.209136,0.17277,0.149087,0.08337,0.268223,0.04021,,626900,,
3,5,,0.076595,0.226125,0.173981,0.147109,0.082141,0.244932,0.049117,,628200,,
3,5,,0.077204,0.209136,0.17277,0.149087,0.08337,0.268223,0.04021,,628600,,
3,5,,0.075467,0.204951,0.174496,0.144989,0.084985,0.263585,0.051527,,630300,,
3,5,,0.075467,0.204951,0.174496,0.144989,0.084985,0.263585,0.051527,,626700,,
3,5,,0.077204,0.209136,0.17277,0.149087,0.08337,0.268223,0.04021,,628200,,
3,5,,0.075467,0.204951,0.174496,0.144989,0.084985,0.263585,0.051527,,628500,,
3,1,,0.1097,0.328265,0.095458,0.145918,0.09295,0.178488,0.049221,,628100,,
3,5,,0.077204,0.209136,0.17277,0.149087,0.08337,0.268223,0.04021,,630700,,
3,5,,0.077204,0.209136,0.17277,0.149087,0.08337,0.268223,0.04021,,629400,,
3,5,,0.072526,0.236255,0.164543,0.151308,0.07686,0.2503,0.048208,,629000,,
3,5,,0.078332,0.23031,0.172255,0.151207,0.080527,0.249571,0.037799,,629300,,
3,5,,0.071398,0.215081,0.165059,0.149188,0.079703,0.268953,0.050618,,627100,,
3,5,,0.072693,0.221768,0.169083,0.151609,0.080365,0.250392,0.05409,,627100,,
3,1,,0.064753,0.426051,0.080719,0.139132,0.075204,0.167988,0.046152,,646600,,
3,5,,0.076595,0.226125,0.173981,0.147109,0.082141,0.244932,0.049117,,628600,,
3,5,,0.077204,0.209136,0.17277,0.149087,0.08337,0.268223,0.04021,,629200,,
3,5,,0.112239,0.14919,0.216463,0.11367,0.113579,0.221407,0.073451,,630000,,
3,5,,0.073135,0.219266,0.163333,0.153286,0.078089,0.273591,0.039301,,628400,,
3,5,,0.101225,0.16757,0.198263,0.129495,0.098799,0.23996,0.064688,,630800,,
3,5,,0.075467,0.204951,0.174496,0.144989,0.084985,0.263585,0.051527,,630200,,
3,5,,0.077204,0.209136,0.17277,0.149087,0.08337,0.268223,0.04021,,628100,,
3,5,,0.076595,0.226125,0.173981,0.147109,0.082141,0.244932,0.049117,,630800,,
3,5,,0.078332,0.23031,0.172255,0.151207,0.080527,0.249571,0.037799,,627800,,
3,5,,0.075467,0.204951,0.174496,0.144989,0.084985,0.263585,0.051527,,628000,,
3,5,,0.092526,0.236255,0.144543,0.151308,0.07686,0.2503,0.048208,,632300,,
3,5,,0.077204,0.209136,0.17277,0.149087,0.08337,0.268223,0.04021,,624300,,
3,5,,0.077204,0.209136,0.17277,0.149087,0.08337,0.268223,0.04021,,624700,,
3,5,,0.071398,0.215081,0.165059,0.149188,0.079703,0.268953,0.050618,,625600,,
3,5,,0.108784,0.178556,0.092848,0.163694,0.142644,0.202476,0.110997,,626100,,
3,5,,0.077204,0.209136,0.17277,0.149087,0.08337,0.268223,0.04021,,634200,,
4,2,,0.122845,0.16002,0.219906,0.112307,0.116127,0.197754,0.071041,,631200,,
4,2,,0.122678,0.164398,0.215323,0.116426,0.113666,0.202176,0.065333,,630400,,
4,5,,0.101225,0.177678,0.198306,0.125076,0.097755,0.235446,0.064514,,630500,,
4,2,,0.131195,0.128478,0.224378,0.106911,0.124362,0.211223,0.073451,,631300,,
4,5,,0.101225,0.16757,0.198263,0.129495,0.098799,0.23996,0.064688,,627000,,
4,2,,0.133336,0.12023,0.241454,0.101697,0.13681,0.197824,0.068649,,627700,,
4,5,,0.11086,0.158244,0.207812,0.122074,0.107915,0.230547,0.062549,,627500,,
4,2,,0.1132,0.174743,0.211365,0.119908,0.108275,0.207176,0.065333,,630500,,
4,5,,0.075467,0.194843,0.174453,0.149409,0.086028,0.268098,0.051701,,635000,,
4,5,,0.111988,0.179418,0.207296,0.124194,0.105071,0.211895,0.060138,,629700,,
4,2,,0.132156,0.154031,0.21928,0.11315,0.119057,0.196993,0.065333,,631000,,
4,2,,0.133336,0.12023,0.241454,0.101697,0.13681,0.197824,0.068649,,628800,,
4,2,,0.133336,0.12023,0.241454,0.101697,0.13681,0.197824,0.068649,,630900,,
4,2,,0.133336,0.12023,0.241454,0.101697,0.13681,0.197824,0.068649,,630900,,
4,5,,0.111988,0.179418,0.207296,0.124194,0.105071,0.211895,0.060138,,629500,,
4,2,,0.133336,0.12023,0.241454,0.101697,0.13681,0.197824,0.068649,,628700,,
4,2,,0.133336,0.12023,0.241454,0.101697,0.13681,0.197824,0.068649,,630500,,
4,2,,0.113367,0.170364,0.215948,0.11579,0.110736,0.202754,0.071041,,631100,,
4,2,,0.132323,0.149652,0.223863,0.109031,0.121518,0.192571,0.071041,,629000,,
4,2,,0.134115,0.158353,0.191607,0.128866,0.122349,0.172192,0.092516,,629300,,
4,5,,0.112072,0.153569,0.211881,0.117789,0.111118,0.225829,0.067743,,629300,,
4,2,,0.133336,0.12023,0.241454,0.101697,0.13681,0.197824,0.068649,,628900,,
4,2,,0.095574,0.126523,0.223275,0.119856,0.162839,0.165536,0.106396,,628000,,
4,5,,0.111988,0.179418,0.207296,0.124194,0.105071,0.211895,0.060138,,628400,,
4,2,,0.142814,0.109885,0.245412,0.118214,0.142201,0.152824,0.088649,,645100,,
4,2,,0.142814,0.109885,0.245412,0.098214,0.142201,0.192824,0.068649,,629600,,
4,5,,0.101225,0.16757,0.198263,0.129495,0.098799,0.23996,0.064688,,629500,,
4,2,,0.095574,0.126523,0.223275,0.119856,0.162839,0.165536,0.106396,,631300,,
4,2,,0.132323,0.149652,0.223863,0.109031,0.121518,0.192571,0.071041,,629100,,
4,2,,0.132323,0.149652,0.223863,0.109031,0.121518,0.192571,0.071041,,628900,,
4,5,,0.101225,0.16757,0.198263,0.129495,0.098799,0.23996,0.064688,,626800,,
4,2,,0.121717,0.138846,0.220421,0.110187,0.118971,0.216407,0.073451,,633700,,
4,2,,0.1132,0.174743,0.211365,0.119908,0.108275,0.207176,0.065333,,628000,,
4,2,,0.156633,0.099011,0.272019,0.08378,0.201761,0.093477,0.09332,,628800,,
4,2,,0.179747,0.112911,0.204885,0.095424,0.123808,0.196216,0.087008,,628800,,
4,2,,0.133336,0.12023,0.241454,0.101697,0.13681,0.197824,0.068649,,634100,,
4,5,,0.111988,0.179418,0.207296,0.124194,0.105071,0.211895,0.060138,,625600,,
4,2,,0.141677,0.149652,0.225803,0.107239,0.125399,0.18225,0.067981,,623700,,
4,2,,0.142814,0.109885,0.245412,0.118214,0.162201,0.152824,0.068649,,623900,,
4,5,,0.083743,0.157106,0.21902,0.12282,0.114993,0.231156,0.071163,,633300,,
4,2,,0.142814,0.109885,0.265412,0.118214,0.142201,0.152824,0.068649,,629000,,
4,5,,0.101225,0.177678,0.198306,0.125076,0.097755,0.235446,0.064514,,628200,,
4,2,,0.095574,0.126523,0.223275,0.119856,0.162839,0.165536,0.106396,,637400,,
4,2,,0.095574,0.126523,0.223275,0.119856,0.162839,0.165536,0.106396,,630700,,
4,5,,0.110348,0.127758,0.118369,0.154115,0.160577,0.190242,0.138592,,627500,,
4,2,,0.1132,0.174743,0.211365,0.119908,0.108275,0.207176,0.065333,,631300,,
4,5,,0.111988,0.179418,0.207296,0.124194,0.105071,0.211895,0.060138,,628900,,
4,5,,0.09596,0.166118,0.196611,0.130101,0.1062,0.244545,0.060464,,629300,,
4,2,,0.095574,0.126523,0.223275,0.119856,0.162839,0.165536,0.106396,,631100,,
4,2,,0.1132,0.174743,0.211365,0.119908,0.108275,0.207176,0.065333,,628600,,
4,2,,0.142814,0.109885,0.245412,0.118214,0.162201,0.152824,0.068649,,631900,,
4,5,,0.11086,0.158244,0.207812,0.122074,0.107915,0.230547,0.062549,,628600,,
4,2,,0.096702,0.147697,0.22276,0.121975,0.159996,0.146884,0.103985,,629400,,
4,2,,0.095574,0.126523,0.223275,0.119856,0.162839,0.165536,0.106396,,631200,,
4,5,,0.11086,0.158244,0.207812,0.122074,0.107915,0.230547,0.062549,,644300,,
4,2,,0.133336,0.12023,0.241454,0.101697,0.13681,0.197824,0.068649,,624200,,
4,2,,0.132931,0.099514,0.250775,0.101139,0.181362,0.13725,0.097028,,625000,,
4,5,,0.111027,0.153866,0.212394,0.117955,0.110376,0.226125,0.068257,,628000,,
4,5,,0.101225,0.16757,0.198263,0.129495,0.098799,0.23996,0.064688,,637100,,
4,2,,0.118519,0.160266,0.168544,0.14272,0.15897,0.154447,0.096533,,630200,,
4,2,,0.121717,0.138846,0.220421,0.110187,0.118971,0.216407,0.073451,,628800,,
4,5,,0.12155,0.143224,0.215838,0.114306,0.116509,0.220829,0.067743,,630400,,
4,2,,0.122845,0.16002,0.219906,0.112307,0.116127,0.197754,0.071041,,633900,,
4,2,,0.142814,0.109885,0.245412,0.098214,0.142201,0.172824,0.088649,,632200,,
4,2,,0.133336,0.12023,0.241454,0.101697,0.13681,0.197824,0.068649,,632200,,
4,2,,0.121717,0.138846,0.220421,0.110187,0.118971,0.216407,0.073451,,631200,,
5,5,,0.077204,0.209136,0.17277,0.149087,0.08337,0.268223,0.04021,,630900,,
5,5,,0.075467,0.204951,0.174496,0.144989,0.084985,0.263585,0.051527,,629700,,
5,5,,0.077204,0.209136,0.17277,0.149087,0.08337,0.268223,0.04021,,631900,,
5,5,,0.077204,0.209136,0.17277,0.149087,0.08337,0.268223,0.04021,,630100,,
5,5,,0.077204,0.209136,0.17277,0.149087,0.08337,0.268223,0.04021,,630700,,
5,5,,0.077204,0.209136,0.17277,0.149087,0.08337,0.268223,0.04021,,628000,,
5,5,,0.075467,0.204951,0.174496,0.144989,0.084985,0.263585,0.051527,,629500,,
5,5,,0.077204,0.209136,0.17277,0.149087,0.08337,0.268223,0.04021,,630300,,
5,5,,0.077204,0.209136,0.17277,0.149087,0.08337,0.268223,0.04021,,627700,,
5,5,,0.077204,0.209136,0.17277,0.149087,0.08337,0.268223,0.04021,,632400,,
5,5,,0.075467,0.204951,0.174496,0.144989,0.084985,0.263585,0.051527,,624600,,
5,1,,0.093769,0.24926,0.12537,0.149978,0.120521,0.208812,0.05229,,624200,,
5,5,,0.077204,0.209136,0.17277,0.149087,0.08337,0.268223,0.04021,,649400,,
5,5,,0.077204,0.209136,0.17277,0.149087,0.08337,0.268223,0.04021,,628100,,
5,5,,0.077204,0.209136,0.17277,0.149087,0.08337,0.268223,0.04021,,627600,,
5,5,,0.075467,0.194843,0.174453,0.149409,0.086028,0.268098,0.051701,,630000,,
5,5,,0.075467,0.194843,0.174453,0.149409,0.086028,0.268098,0.051701,,629100,,
5,5,,0.077204,0.209136,0.17277,0.149087,0.08337,0.268223,0.04021,,628500,,
5,5,,0.077204,0.209136,0.17277,0.149087,0.08337,0.268223,0.04021,,629900,,
5,5,,0.077204,0.209136,0.17277,0.149087,0.08337,0.268223,0.04021,,630000,,
5,5,,0.077204,0.209136,0.17277,0.149087,0.08337,0.268223,0.04021,,630100,,
5,5,,0.077204,0.209136,0.17277,0.149087,0.08337,0.268223,0.04021,,628800,,
5,5,,0.075467,0.204951,0.174496,0.144989,0.084985,0.263585,0.051527,,630200,,
5,1,,0.093769,0.24926,0.12537,0.169978,0.120521,0.188812,0.05229,,629800,,
5,5,,0.077204,0.209136,0.17277,0.149087,0.08337,0.268223,0.04021,,629200,,
5,5,,0.075467,0.204951,0.174496,0.144989,0.084985,0.263585,0.051527,,629500,,
5,5,,0.077204,0.209136,0.17277,0.149087,0.08337,0.268223,0.04021,,630300,,
5,5,,0.077204,0.209136,0.17277,0.149087,0.08337,0.268223,0.04021,,631200,,
5,5,,0.077204,0.209136,0.17277,0.149087,0.08337,0.268223,0.04021,,630200,,
5,5,,0.077204,0.209136,0.17277,0.149087,0.08337,0.268223,0.04021,,628500,,
5,5,,0.077204,0.209136,0.17277,0.149087,0.08337,0.268223,0.04021,,628800,,
5,5,,0.077204,0.209136,0.17277,0.149087,0.08337,0.268223,0.04021,,629700,,
5,5,,0.075467,0.204951,0.174496,0.144989,0.084985,0.263585,0.051527,,626400,,
5,5,,0.075467,0.194843,0.174453,0.149409,0.086028,0.268098,0.051701,,628300,,
5,5,,0.077204,0.209136,0.17277,0.149087,0.08337,0.268223,0.04021,,646700,,
5,5,,0.077204,0.209136,0.17277,0.149087,0.08337,0.268223,0.04021,,627300,,
5,5,,0.075467,0.204951,0.174496,0.144989,0.084985,0.263585,0.051527,,645100,,
5,5,,0.077204,0.209136,0.17277,0.149087,0.08337,0.268223,0.04021,,626000,,
5,5,,0.077204,0.209136,0.17277,0.149087,0.08337,0.268223,0.04021,,626400,,
5,5,,0.077204,0.209136,0.17277,0.149087,0.08337,0.268223,0.04021,,627800,,
5,5,,0.077204,0.209136,0.17277,0.149087,0.08337,0.268223,0.04021,,625300,,
5,5,,0.077204,0.209136,0.17277,0.149087,0.08337,0.268223,0.04021,,628600,,
5,5,,0.077204,0.209136,0.17277,0.149087,0.08337,0.268223,0.04021,,628300,,
5,1,,0.093769,0.24926,0.12537,0.169978,0.120521,0.188812,0.05229,,625400,,
5,5,,0.075467,0.204951,0.174496,0.144989,0.084985,0.263585,0.051527,,627000,,
5,5,,0.077204,0.209136,0.17277,0.149087,0.08337,0.268223,0.04021,,627700,,
5,5,,0.077204,0.209136,0.17277,0.149087,0.08337,0.268223,0.04021,,624500,,
5,1,,0.0897,0.269563,0.096407,0.154124,0.137529,0.199136,0.053541,,630600,,
5,5,,0.075467,0.204951,0.174496,0.144989,0.084985,0.263585,0.051527,,628700,,
5,5,,0.077204,0.209136,0.17277,0.149087,0.08337,0.268223,0.04021,,628400,,
5,5,,0.075467,0.204951,0.174496,0.144989,0.084985,0.263585,0.051527,,625400,,
5,5,,0.075467,0.204951,0.174496,0.144989,0.084985,0.263585,0.051527,,625500,,
5,5,,0.077204,0.209136,0.17277,0.149087,0.08337,0.268223,0.04021,,626400,,
5,5,,0.077204,0.209136,0.17277,0.149087,0.08337,0.268223,0.04021,,634400,,
5,5,,0.077204,0.209136,0.17277,0.149087,0.08337,0.268223,0.04021,,627000,,
5,5,,0.077204,0.209136,0.17277,0.149087,0.08337,0.268223,0.04021,,628700,,
5,1,,0.0897,0.269563,0.096407,0.154124,0.097529,0.239136,0.053541,,624200,,
5,5,,0.077204,0.209136,0.17277,0.149087,0.08337,0.268223,0.04021,,627000,,
5,5,,0.077204,0.209136,0.17277,0.149087,0.08337,0.268223,0.04021,,627000,,
5,1,,0.0897,0.249563,0.116407,0.174124,0.097529,0.199136,0.073541,,627800,,
5,5,,0.077204,0.209136,0.17277,0.149087,0.08337,0.268223,0.04021,,875700,,
5,5,,0.077204,0.209136,0.17277,0.149087,0.08337,0.268223,0.04021,,635600,,
5,1,,0.0897,0.249563,0.116407,0.154124,0.097529,0.239136,0.053541,,628500,,
5,5,,0.077204,0.209136,0.17277,0.149087,0.08337,0.268223,0.04021,,629700,,
5,5,,0.075467,0.204951,0.174496,0.144989,0.084985,0.263585,0.051527,,627300,,
5,5,,0.077204,0.209136,0.17277,0.149087,0.08337,0.268223,0.04021,,626600,,
6,2,,0.079167,0.13345,0.222248,0.096746,0.099227,0.205454,0.163709,,629000,,
6,2,,0.088802,0.124124,0.231796,0.089325,0.108342,0.196042,0.161569,,627600,,
6,2,,0.088802,0.124124,0.231796,0.089325,0.108342,0.196042,0.161569,,624500,,
6,5,,0.063044,0.151397,0.207987,0.109238,0.095572,0.22418,0.148582,,626900,,
6,2,,0.079167,0.13345,0.222248,0.096746,0.099227,0.205454,0.163709,,627400,,
6,5,,0.062205,0.166703,0.204628,0.121577,0.097033,0.239661,0.108192,,623700,,
6,2,,0.079167,0.13345,0.222248,0.096746,0.099227,0.205454,0.163709,,625400,,
6,2,,0.088802,0.124124,0.231796,0.089325,0.108342,0.196042,0.161569,,626000,,
6,2,,0.088802,0.124124,0.231796,0.089325,0.108342,0.196042,0.161569,,630400,,
6,2,,0.153182,0.084589,0.27283,0.07444,0.199801,0.084043,0.131116,,629800,,
6,2,,0.088802,0.124124,0.231796,0.089325,0.108342,0.196042,0.161569,,627800,,
6,5,,0.053409,0.160722,0.198438,0.11666,0.086456,0.233593,0.150722,,629300,,
6,2,,0.118476,0.137724,0.20832,0.105514,0.168832,0.132581,0.128552,,636200,,
6,2,,0.079167,0.13345,0.222248,0.096746,0.099227,0.205454,0.163709,,625600,,
6,2,,0.088802,0.124124,0.231796,0.089325,0.108342,0.196042,0.161569,,628400,,
6,2,,0.079167,0.13345,0.222248,0.096746,0.099227,0.205454,0.163709,,626400,,
6,2,,0.079167,0.13345,0.222248,0.096746,0.099227,0.205454,0.163709,,629400,,
6,5,,0.078327,0.148756,0.218889,0.109085,0.100688,0.220935,0.123319,,654400,,
6,2,,0.088802,0.124124,0.231796,0.089325,0.108342,0.196042,0.161569,,625700,,
6,5,,0.053409,0.160722,0.198438,0.11666,0.086456,0.233593,0.150722,,693100,,
6,5,,0.058975,0.161526,0.198549,0.113438,0.09029,0.229548,0.147673,,626800,,
6,2,,0.079167,0.13345,0.222248,0.096746,0.099227,0.205454,0.163709,,627500,,
6,2,,0.116714,0.117422,0.226669,0.100986,0.164368,0.122387,0.151454,,627200,,
6,5,,0.052197,0.165398,0.194369,0.120945,0.083253,0.238312,0.145527,,626600,,
6,2,,0.088802,0.124124,0.231796,0.089325,0.108342,0.196042,0.161569,,625800,,
6,5,,0.078327,0.148756,0.218889,0.109085,0.100688,0.220935,0.123319,,626000,,
6,5,,0.05257,0.176029,0.19508,0.128998,0.087917,0.249073,0.110332,,625300,,
6,2,,0.153182,0.084589,0.27283,0.07444,0.199801,0.084043,0.131116,,637300,,
6,2,,0.079167,0.13345,0.222248,0.096746,0.099227,0.205454,0.163709,,635800,,
6,2,,0.088802,0.124124,0.231796,0.089325,0.108342,0.196042,0.161569,,634800,,
6,2,,0.079167,0.13345,0.222248,0.096746,0.099227,0.205454,0.163709,,635600,,
6,2,,0.088802,0.124124,0.231796,0.089325,0.108342,0.196042,0.161569,,634800,,
6,2,,0.079167,0.13345,0.222248,0.096746,0.099227,0.205454,0.163709,,629000,,
6,5,,0.053409,0.160722,0.198438,0.11666,0.086456,0.233593,0.150722,,627400,,
6,2,,0.088802,0.124124,0.231796,0.089325,0.108342,0.196042,0.161569,,624500,,
6,2,,0.087162,0.139517,0.237216,0.090876,0.170863,0.11144,0.162925,,627800,,
6,2,,0.088802,0.124124,0.231796,0.089325,0.108342,0.196042,0.161569,,627300,,
6,2,,0.118476,0.137724,0.216451,0.097077,0.167157,0.12284,0.140275,,628400,,
6,2,,0.079167,0.13345,0.222248,0.096746,0.099227,0.205454,0.163709,,633300,,
6,2,,0.079167,0.13345,0.222248,0.096746,0.099227,0.205454,0.163709,,628000,,
6,5,,0.053409,0.160722,0.198438,0.11666,0.086456,0.233593,0.150722,,625500,,
6,2,,0.079167,0.13345,0.222248,0.096746,0.099227,0.205454,0.163709,,650700,,
6,2,,0.088802,0.124124,0.231796,0.089325,0.108342,0.196042,0.161569,,627500,,
6,2,,0.088802,0.124124,0.231796,0.089325,0.108342,0.196042,0.161569,,627300,,
6,2,,0.079167,0.13345,0.222248,0.096746,0.099227,0.205454,0.163709,,627700,,
6,2,,0.079167,0.13345,0.222248,0.096746,0.099227,0.205454,0.163709,,626900,,
6,2,,0.088802,0.124124,0.231796,0.089325,0.108342,0.196042,0.161569,,628500,,
6,5,,0.05257,0.176029,0.19508,0.128998,0.087917,0.249073,0.110332,,628200,,
6,2,,0.079167,0.13345,0.222248,0.096746,0.099227,0.205454,0.163709,,627600,,
6,2,,0.088802,0.124124,0.231796,0.089325,0.108342,0.196042,0.161569,,626200,,
6,2,,0.079167,0.13345,0.222248,0.096746,0.099227,0.205454,0.163709,,628900,,
6,2,,0.079167,0.13345,0.222248,0.096746,0.099227,0.205454,0.163709,,626400,,
6,2,,0.153182,0.084589,0.27283,0.07444,0.199801,0.084043,0.131116,,627600,,
6,2,,0.079167,0.13345,0.222248,0.096746,0.099227,0.205454,0.163709,,625700,,
6,5,,0.053409,0.160722,0.198438,0.11666,0.086456,0.233593,0.150722,,628000,,
6,2,,0.088802,0.124124,0.231796,0.089325,0.108342,0.196042,0.161569,,627900,,
6,2,,0.079167,0.13345,0.222248,0.096746,0.099227,0.205454,0.163709,,626700,,
6,5,,0.052197,0.165398,0.194369,0.120945,0.083253,0.238312,0.145527,,628200,,
6,2,,0.088802,0.124124,0.231796,0.089325,0.108342,0.196042,0.161569,,628300,,
6,2,,0.088802,0.124124,0.231796,0.089325,0.108342,0.196042,0.161569,,626400,,
6,2,,0.088802,0.124124,0.231796,0.089325,0.108342,0.196042,0.161569,,626300,,
6,5,,0.077115,0.153432,0.21482,0.113371,0.097484,0.225654,0.118124,,627000,,
6,2,,0.088802,0.124124,0.231796,0.089325,0.108342,0.196042,0.161569,,628400,,
6,2,,0.079167,0.13345,0.222248,0.096746,0.099227,0.205454,0.163709,,629800,,
6,2,,0.079167,0.13345,0.222248,0.096746,0.099227,0.205454,0.163709,,626500,,
6,2,,0.153182,0.064589,0.27283,0.07444,0.199801,0.084043,0.151116,,644400,,