steel-plates,Tuned_CWT,test,1,NANOSECONDS,PREDICTIONS, Generated by ClassifierExperiments.java on 2022-05-16 02:11:22.    SYSTEMPROPERTIES:{user.name:matth,os.arch:amd64,os.name:Windows 10},ENDSYSTEMPROPERTIES
No parameter info
0.5089514066496164,366033100,294521200,-1,41955976,7,,-1,-1
0,6,,0.143868,0.028987,0.0797,0.011641,0.092638,0.209086,0.43408,,841300,,
0,6,,0.13022,0.029028,0.127539,0.039529,0.060411,0.244878,0.368395,,756800,,
0,6,,0.163868,0.028987,0.0797,0.011641,0.072638,0.209086,0.43408,,755400,,
0,6,,0.067496,0.140096,0.153062,0.024047,0.042024,0.213862,0.359413,,752800,,
0,6,,0.128478,0.026523,0.146507,0.056474,0.105681,0.198607,0.33773,,751800,,
0,6,,0.076705,0.037276,0.148592,0.088175,0.048782,0.217259,0.383211,,748200,,
0,6,,0.13794,0.036042,0.085033,0.005713,0.054012,0.290911,0.39035,,780300,,
0,6,,0.101015,0.092288,0.213562,0.017373,0.047935,0.130775,0.397052,,757000,,
0,6,,0.104392,0.062691,0.114491,0.010188,0.100793,0.258097,0.349348,,767800,,
0,6,,0.120234,0.044643,0.155071,0.017391,0.079841,0.232103,0.350717,,776900,,
0,6,,0.137493,0.043133,0.082003,0.008016,0.063162,0.239969,0.426224,,771900,,
0,6,,0.117535,0.042256,0.292634,0.026806,0.068636,0.116702,0.335431,,775500,,
0,6,,0.143418,0.054174,0.074917,0.001889,0.076328,0.21486,0.434413,,775900,,
0,6,,0.071418,0.029447,0.179193,0.023867,0.021302,0.291395,0.383377,,776800,,
0,6,,0.15253,0.120242,0.102279,0.022048,0.077589,0.168948,0.356364,,772600,,
0,6,,0.117401,0.11613,0.109567,0.012994,0.047494,0.243052,0.353362,,771500,,
0,6,,0.166869,0.047276,0.249264,0.030204,0.076259,0.129362,0.300766,,772200,,
0,6,,0.16695,0.034491,0.191604,0.038903,0.073518,0.150868,0.343665,,770300,,
0,6,,0.097325,0.162122,0.064365,0.01541,0.083201,0.150022,0.427553,,776300,,
0,6,,0.166295,0.043501,0.148084,0.015712,0.051891,0.207606,0.366911,,774700,,
0,6,,0.126914,0.055368,0.03692,0.004386,0.063869,0.232278,0.480265,,776000,,
0,6,,0.131123,0.031436,0.188867,0.04254,0.059065,0.233395,0.313574,,776700,,
0,6,,0.130677,0.062501,0.102959,0.011789,0.059668,0.259097,0.373309,,756800,,
0,6,,0.174519,0.030335,0.194308,0.049476,0.039374,0.190925,0.321063,,770700,,
0,6,,0.13794,0.036042,0.085033,0.005713,0.054012,0.310911,0.37035,,764000,,
0,6,,0.133431,0.032573,0.135468,0.003905,0.07539,0.186216,0.433016,,784800,,
0,6,,0.116037,0.040443,0.089424,0.004092,0.055936,0.196927,0.49714,,773200,,
0,6,,0.136037,0.040443,0.089424,0.004092,0.055936,0.196927,0.47714,,775700,,
0,6,,0.136546,0.029211,0.12418,0.034091,0.06062,0.219309,0.396043,,763800,,
0,6,,0.115345,0.032573,0.098487,0.00437,0.055855,0.207378,0.485992,,753500,,
0,6,,0.142242,0.028093,0.081598,0.032045,0.049153,0.23737,0.429498,,751400,,
0,6,,0.140773,0.02285,0.116325,0.022635,0.075804,0.258426,0.363187,,755500,,
1,2,,0.053198,0.033075,0.353435,0.049534,0.035621,0.153669,0.321468,,756700,,
1,6,,0.089309,0.143357,0.183281,0.014956,0.021442,0.193706,0.35395,,752300,,
1,6,,0.069452,0.15706,0.165136,0.014956,0.021627,0.194818,0.376951,,749000,,
1,6,,0.065657,0.141297,0.188649,0.02752,0.042375,0.162677,0.371825,,752300,,
1,6,,0.071827,0.117513,0.204542,0.015136,0.061201,0.195851,0.333931,,750600,,
1,6,,0.07759,0.110312,0.209719,0.026609,0.037641,0.206342,0.331787,,760600,,
1,6,,0.058412,0.129116,0.213273,0.014012,0.038437,0.192805,0.353945,,755700,,
1,6,,0.070385,0.141297,0.203641,0.016217,0.061561,0.169364,0.337535,,754000,,
1,2,,0.03529,0.034368,0.471609,0.032643,0.012051,0.109039,0.304999,,756400,,
1,6,,0.046581,0.111468,0.216808,0.025528,0.039754,0.181434,0.378428,,755800,,
1,6,,0.109791,0.129381,0.183281,0.014956,0.041201,0.183956,0.337435,,763500,,
1,6,,0.069309,0.143357,0.183281,0.014956,0.041442,0.208706,0.33895,,752100,,
1,6,,0.069309,0.143357,0.163281,0.014956,0.061442,0.208706,0.33895,,752300,,
1,6,,0.069702,0.123682,0.185136,0.014956,0.041313,0.201141,0.36407,,777000,,
1,6,,0.072591,0.122818,0.133127,0.014956,0.041852,0.243612,0.371044,,752200,,
1,6,,0.06189,0.122105,0.237315,0.013927,0.040625,0.160748,0.36339,,760000,,
1,6,,0.106248,0.109922,0.269176,0.013076,0.020689,0.176288,0.304601,,758000,,
1,6,,0.066777,0.127178,0.168694,0.027463,0.042818,0.211696,0.355375,,753500,,
1,6,,0.069934,0.143084,0.165136,0.014956,0.061386,0.170781,0.374722,,746300,,
1,6,,0.069309,0.143357,0.203281,0.014956,0.041442,0.168706,0.35895,,747000,,
1,6,,0.091441,0.133552,0.051746,0.042085,0.054652,0.207234,0.41929,,747200,,
1,6,,0.112196,0.121488,0.185182,0.014898,0.041643,0.20567,0.318922,,745000,,
1,6,,0.071053,0.148965,0.165182,0.014898,0.041828,0.2198,0.338272,,747800,,
1,6,,0.04688,0.108482,0.236509,0.025826,0.037963,0.185016,0.359324,,744400,,
1,6,,0.068486,0.12348,0.185136,0.014956,0.041072,0.195124,0.371747,,752400,,
1,6,,0.06607,0.141297,0.206793,0.02752,0.062375,0.182677,0.313268,,752100,,
1,2,,0.036681,0.040113,0.376227,0.036711,0.012225,0.137235,0.360807,,749500,,
1,6,,0.064765,0.135395,0.188649,0.02752,0.042246,0.188131,0.353294,,752200,,
1,6,,0.069378,0.129381,0.165136,0.014956,0.041201,0.20967,0.370278,,750300,,
1,6,,0.099408,0.134755,0.048535,0.026929,0.081075,0.200041,0.409256,,749000,,
1,6,,0.053425,0.108465,0.213358,0.014395,0.036315,0.214337,0.359706,,751700,,
1,6,,0.070385,0.141297,0.183641,0.016217,0.061561,0.169364,0.357535,,754900,,
1,6,,0.050897,0.111468,0.233656,0.014225,0.03894,0.168121,0.382694,,751400,,
1,6,,0.088559,0.151159,0.165136,0.014956,0.041498,0.195271,0.34342,,776200,,
1,6,,0.067344,0.100464,0.17634,0.013928,0.042131,0.250318,0.349476,,748000,,
1,6,,0.090184,0.129706,0.185136,0.014956,0.041072,0.222105,0.316841,,748600,,
1,6,,0.091321,0.135139,0.187327,0.014898,0.022013,0.201272,0.348031,,747600,,
1,6,,0.066206,0.111612,0.18955,0.026439,0.041886,0.194617,0.369691,,749800,,
2,2,,0.035256,0.032245,0.495121,0.011395,0.011288,0.126407,0.288287,,749600,,
2,2,,0.035256,0.032245,0.495121,0.011395,0.011288,0.126407,0.288287,,749900,,
2,2,,0.039151,0.032895,0.517559,0.01131,0.03341,0.100545,0.265129,,750600,,
2,2,,0.03952,0.029989,0.433096,0.011188,0.011698,0.140624,0.333885,,749600,,
2,2,,0.067767,0.034195,0.49739,0.011141,0.017655,0.10882,0.263032,,745600,,
2,2,,0.067767,0.034195,0.49739,0.011141,0.017655,0.10882,0.263032,,744700,,
2,2,,0.059151,0.032895,0.497559,0.01131,0.01341,0.120545,0.265129,,745700,,
2,2,,0.067767,0.034195,0.49739,0.011141,0.017655,0.10882,0.263032,,745500,,
2,2,,0.035256,0.032245,0.515121,0.011395,0.011288,0.106407,0.288287,,746300,,
2,2,,0.077287,0.014325,0.459571,0.013945,0.020235,0.134182,0.280455,,743500,,
2,2,,0.033244,0.040463,0.495076,0.011452,0.010716,0.122842,0.286207,,745800,,
2,6,,0.085039,0.030117,0.201351,0.085041,0.056033,0.218696,0.323723,,749100,,
2,2,,0.035256,0.032245,0.495121,0.011395,0.011288,0.126407,0.288287,,748300,,
2,2,,0.07951,0.014325,0.458904,0.013945,0.020235,0.151959,0.261121,,746200,,
2,2,,0.033244,0.040463,0.495076,0.011452,0.010716,0.122842,0.286207,,745800,,
2,2,,0.039151,0.032895,0.517559,0.01131,0.03341,0.100545,0.265129,,766900,,
2,2,,0.067767,0.034195,0.51739,0.011141,0.017655,0.08882,0.263032,,747200,,
2,6,,0.105039,0.030117,0.201351,0.085041,0.056033,0.198696,0.323723,,746900,,
2,2,,0.033244,0.040463,0.495076,0.011452,0.010716,0.122842,0.286207,,749000,,
2,2,,0.033244,0.040463,0.495076,0.011452,0.010716,0.102842,0.306207,,748900,,
2,2,,0.035256,0.032245,0.495121,0.011395,0.011288,0.106407,0.308287,,748900,,
2,2,,0.067767,0.034195,0.49739,0.011141,0.017655,0.10882,0.263032,,745500,,
2,2,,0.035256,0.032245,0.495121,0.011395,0.011288,0.126407,0.288287,,745600,,
2,2,,0.067767,0.034195,0.51739,0.011141,0.017655,0.08882,0.263032,,746900,,
2,2,,0.039151,0.032895,0.496892,0.01131,0.01341,0.120545,0.285796,,749800,,
2,2,,0.035256,0.032245,0.495121,0.011395,0.011288,0.126407,0.288287,,742600,,
2,2,,0.035256,0.032245,0.495121,0.011395,0.011288,0.126407,0.288287,,746900,,
2,2,,0.035256,0.032245,0.495121,0.011395,0.011288,0.106407,0.308287,,749400,,
2,2,,0.035256,0.032245,0.495121,0.011395,0.011288,0.106407,0.308287,,747300,,
2,6,,0.097772,0.02975,0.203109,0.090975,0.051996,0.2225,0.303897,,744000,,
2,2,,0.047957,0.036527,0.50396,0.020664,0.037655,0.090655,0.262582,,748200,,
2,6,,0.139471,0.029742,0.208172,0.040178,0.047097,0.178933,0.356407,,756500,,
2,6,,0.105039,0.030117,0.201351,0.085041,0.056033,0.218696,0.303723,,749500,,
2,2,,0.033244,0.040463,0.515076,0.011452,0.010716,0.102842,0.286207,,744500,,
2,2,,0.067767,0.034195,0.51739,0.011141,0.017655,0.08882,0.263032,,748300,,
2,6,,0.085039,0.030117,0.201351,0.085041,0.056033,0.218696,0.323723,,751800,,
2,2,,0.126636,0.054214,0.391941,0.01529,0.024057,0.131779,0.256083,,749700,,
2,2,,0.047801,0.036318,0.493211,0.032388,0.038419,0.091452,0.260411,,745700,,
2,2,,0.035256,0.032245,0.495121,0.011395,0.011288,0.126407,0.288287,,749100,,
2,2,,0.067767,0.034195,0.49739,0.011141,0.017655,0.10882,0.263032,,747700,,
2,2,,0.035256,0.032245,0.495121,0.011395,0.011288,0.126407,0.288287,,747500,,
2,2,,0.035256,0.032245,0.495121,0.011395,0.011288,0.126407,0.288287,,747000,,
2,2,,0.033244,0.040463,0.495076,0.011452,0.010716,0.122842,0.286207,,751600,,
2,2,,0.054843,0.032245,0.476977,0.011395,0.011288,0.126407,0.286844,,752400,,
2,2,,0.033244,0.040463,0.495076,0.011452,0.010716,0.122842,0.286207,,750600,,
2,2,,0.03823,0.030806,0.483599,0.011395,0.011698,0.131583,0.29269,,748400,,
2,2,,0.067767,0.034195,0.49739,0.011141,0.017655,0.12882,0.243032,,750300,,
2,2,,0.035256,0.032245,0.495121,0.011395,0.011288,0.106407,0.308287,,751700,,
2,2,,0.044776,0.012375,0.437303,0.014199,0.013867,0.156769,0.32071,,749600,,
2,2,,0.035256,0.032245,0.495121,0.011395,0.011288,0.106407,0.308287,,752700,,
2,2,,0.035256,0.032245,0.495121,0.011395,0.011288,0.126407,0.288287,,751800,,
2,2,,0.067767,0.034195,0.51739,0.011141,0.017655,0.08882,0.263032,,751800,,
2,6,,0.097772,0.02975,0.203109,0.090975,0.051996,0.2225,0.303897,,748900,,
2,2,,0.035256,0.032245,0.495121,0.011395,0.011288,0.126407,0.288287,,750400,,
2,2,,0.067767,0.034195,0.49739,0.011141,0.017655,0.10882,0.263032,,749500,,
2,2,,0.067767,0.034195,0.49739,0.011141,0.017655,0.10882,0.263032,,755200,,
2,2,,0.035256,0.032245,0.515121,0.011395,0.011288,0.106407,0.288287,,750200,,
2,2,,0.067767,0.034195,0.51739,0.011141,0.017655,0.08882,0.263032,,756100,,
2,2,,0.032831,0.040463,0.496931,0.011452,0.010716,0.122842,0.284763,,753900,,
2,2,,0.077083,0.039302,0.352174,0.04024,0.046549,0.11512,0.329532,,750400,,
2,2,,0.067767,0.034195,0.51739,0.011141,0.017655,0.08882,0.263032,,748100,,
2,2,,0.033244,0.040463,0.495076,0.011452,0.010716,0.122842,0.286207,,768000,,
2,2,,0.077287,0.014325,0.459571,0.013945,0.020235,0.154182,0.260455,,769100,,
2,2,,0.047957,0.036527,0.50396,0.020664,0.037655,0.090655,0.262582,,763100,,
2,2,,0.067767,0.034195,0.51739,0.011141,0.017655,0.08882,0.263032,,750100,,
2,2,,0.037645,0.032579,0.484394,0.011395,0.011288,0.125265,0.297435,,749000,,
2,2,,0.054843,0.032245,0.476977,0.011395,0.011288,0.106407,0.306844,,750300,,
2,2,,0.039151,0.032895,0.517559,0.01131,0.03341,0.100545,0.265129,,750000,,
2,2,,0.067767,0.034195,0.51739,0.011141,0.017655,0.08882,0.263032,,746500,,
2,2,,0.033244,0.040463,0.495076,0.011452,0.010716,0.122842,0.286207,,747700,,
2,2,,0.067767,0.034195,0.51739,0.011141,0.017655,0.08882,0.263032,,749600,,
2,2,,0.035256,0.032245,0.515121,0.011395,0.011288,0.106407,0.288287,,748800,,
2,6,,0.111105,0.030427,0.198494,0.082278,0.058697,0.218089,0.300909,,749000,,
2,2,,0.067767,0.034195,0.49739,0.011141,0.017655,0.10882,0.263032,,748900,,
2,2,,0.035256,0.032245,0.495121,0.011395,0.011288,0.126407,0.288287,,749500,,
2,2,,0.035256,0.032245,0.495121,0.011395,0.011288,0.106407,0.308287,,752100,,
2,2,,0.067767,0.034195,0.49739,0.011141,0.017655,0.10882,0.263032,,755200,,
2,2,,0.047801,0.042063,0.4547,0.03324,0.038419,0.094431,0.289347,,753600,,
2,2,,0.035256,0.032245,0.495121,0.011395,0.011288,0.106407,0.308287,,756600,,
3,6,,0.069318,0.066751,0.210006,0.091875,0.048082,0.191132,0.322836,,757100,,
3,6,,0.069318,0.066751,0.198895,0.091875,0.048082,0.197799,0.32728,,757300,,
3,6,,0.069318,0.066751,0.198895,0.091875,0.048082,0.197799,0.32728,,752100,,
3,6,,0.09831,0.047201,0.1967,0.079445,0.051076,0.195523,0.331744,,753500,,
3,6,,0.063158,0.043811,0.151272,0.10016,0.044761,0.261611,0.335227,,754600,,
3,6,,0.070377,0.065494,0.151698,0.099536,0.049025,0.227006,0.336864,,755900,,
3,6,,0.056033,0.044758,0.181326,0.095262,0.041154,0.25301,0.328457,,750300,,
3,6,,0.064112,0.036849,0.209626,0.092442,0.04439,0.229302,0.323279,,755300,,
3,6,,0.115692,0.047193,0.220694,0.080393,0.047244,0.186141,0.302643,,753000,,
3,6,,0.060965,0.048984,0.222225,0.084861,0.040677,0.214866,0.327423,,752900,,
3,6,,0.107306,0.054968,0.178849,0.091933,0.047511,0.214234,0.305199,,751900,,
3,6,,0.061478,0.048039,0.229629,0.062928,0.039336,0.217507,0.341084,,753100,,
3,6,,0.060349,0.044758,0.189286,0.083959,0.04034,0.21303,0.368278,,750500,,
3,6,,0.056033,0.044758,0.201326,0.095262,0.041154,0.23301,0.328457,,752900,,
3,6,,0.049572,0.056117,0.251416,0.053205,0.038704,0.175827,0.37516,,754700,,
4,6,,0.110841,0.127457,0.156158,0.015173,0.078528,0.144402,0.367442,,757200,,
4,6,,0.1173,0.129748,0.10797,0.023613,0.067041,0.140294,0.414035,,756700,,
4,6,,0.113724,0.039313,0.164262,0.062222,0.116458,0.178389,0.325632,,754200,,
4,6,,0.10184,0.128039,0.136899,0.015449,0.107069,0.144953,0.36575,,752600,,
4,6,,0.095139,0.126448,0.142633,0.043607,0.057346,0.189117,0.34571,,752800,,
4,6,,0.12184,0.128039,0.136899,0.015449,0.087069,0.144953,0.36575,,757200,,
4,6,,0.12184,0.128039,0.136899,0.015449,0.087069,0.144953,0.36575,,753300,,
4,6,,0.12184,0.108039,0.136899,0.015449,0.107069,0.144953,0.36575,,751500,,
4,6,,0.12184,0.128039,0.136899,0.015449,0.087069,0.144953,0.36575,,752900,,
4,6,,0.100519,0.061151,0.245305,0.013476,0.024632,0.195908,0.35901,,757000,,
4,6,,0.118865,0.030762,0.145564,0.061781,0.129363,0.183133,0.330534,,753600,,
5,6,,0.108407,0.037681,0.134348,0.033025,0.052729,0.299989,0.333822,,752500,,
5,6,,0.113508,0.17194,0.075469,0.011197,0.042479,0.189616,0.395791,,751800,,
5,6,,0.134494,0.009618,0.177493,0.036076,0.076172,0.222376,0.343772,,753800,,
5,6,,0.110786,0.057685,0.114555,0.01466,0.052483,0.27264,0.377191,,752000,,
5,6,,0.085014,0.038875,0.206999,0.047157,0.049604,0.206541,0.36581,,753400,,
5,6,,0.13794,0.036222,0.085213,0.005713,0.053831,0.287307,0.393774,,748600,,
5,6,,0.088187,0.007613,0.194005,0.050156,0.055366,0.243981,0.360694,,752300,,
5,6,,0.117571,0.144534,0.059003,0.014227,0.081173,0.152396,0.431096,,755200,,
5,6,,0.11552,0.163722,0.095515,0.01114,0.04305,0.173181,0.397872,,754900,,
5,6,,0.120758,0.029823,0.208363,0.042779,0.071338,0.215108,0.311831,,750000,,
5,6,,0.115815,0.02975,0.178435,0.079114,0.050706,0.205736,0.340444,,780200,,
5,6,,0.077742,0.163722,0.095515,0.01114,0.02305,0.270959,0.357872,,755700,,
5,6,,0.091666,0.054774,0.114455,0.008923,0.05062,0.313571,0.365992,,753800,,
5,6,,0.110139,0.028861,0.149458,0.073387,0.055887,0.217892,0.364375,,757400,,
5,6,,0.089566,0.052591,0.077467,0.020566,0.048879,0.292226,0.418707,,749800,,
5,6,,0.153322,0.037502,0.114762,0.008795,0.051459,0.279139,0.355021,,753100,,
5,6,,0.082202,0.066887,0.176851,0.074237,0.081742,0.190406,0.327674,,759600,,
5,6,,0.106449,0.037409,0.112681,0.00887,0.048442,0.300922,0.385228,,745400,,
5,6,,0.100466,0.074529,0.221339,0.040021,0.053728,0.129109,0.380808,,758800,,
5,6,,0.075863,0.037129,0.114862,0.016949,0.048269,0.250525,0.456404,,755900,,
5,6,,0.115102,0.037505,0.111223,0.003357,0.051849,0.302931,0.378034,,756900,,
5,6,,0.138448,0.124247,0.086094,0.032265,0.049712,0.22746,0.341775,,754300,,
5,6,,0.101871,0.098346,0.082942,0.020961,0.048769,0.239601,0.407511,,751900,,
5,6,,0.079898,0.038669,0.180049,0.085483,0.063128,0.233951,0.318822,,757500,,
5,6,,0.109669,0.016758,0.145656,0.030237,0.045268,0.220526,0.431886,,755700,,
5,6,,0.13607,0.058258,0.277216,0.029624,0.044007,0.136074,0.318751,,752800,,
5,6,,0.045674,0.028238,0.25965,0.04685,0.022788,0.195246,0.401554,,753400,,
5,6,,0.076826,0.098159,0.084881,0.026896,0.044552,0.25758,0.411107,,753700,,
5,6,,0.110279,0.0354,0.090631,0.017506,0.048955,0.336738,0.36049,,757300,,
5,6,,0.087535,0.049435,0.175086,0.002685,0.046246,0.22269,0.416322,,751500,,
5,6,,0.086098,0.028861,0.154154,0.092701,0.056975,0.247903,0.333308,,772900,,
5,6,,0.048109,0.107491,0.185682,0.025491,0.017408,0.181833,0.433984,,758400,,
5,6,,0.068225,0.146782,0.188694,0.027463,0.063132,0.187353,0.31835,,749200,,
5,6,,0.106055,0.036955,0.11634,0.014729,0.047603,0.286548,0.39177,,747300,,
5,6,,0.068385,0.121255,0.072075,0.058995,0.044366,0.228687,0.406236,,750000,,
5,6,,0.112723,0.017681,0.131196,0.021722,0.051914,0.306676,0.358088,,748900,,
5,6,,0.053832,0.099502,0.251655,0.017649,0.038758,0.139039,0.399565,,750300,,
5,6,,0.086504,0.115955,0.110276,0.024042,0.042237,0.245867,0.375119,,747200,,
5,6,,0.051237,0.100873,0.194048,0.024829,0.018762,0.187238,0.423013,,749700,,
5,6,,0.104474,0.067608,0.166221,0.005012,0.045094,0.234643,0.376948,,750100,,
5,6,,0.111762,0.124859,0.083291,0.023038,0.04578,0.229517,0.381754,,747400,,
5,6,,0.110413,0.028861,0.151002,0.081398,0.056161,0.23459,0.337574,,747200,,
5,6,,0.079103,0.068915,0.208904,0.016423,0.044562,0.24221,0.339883,,748800,,
5,6,,0.079919,0.059758,0.184862,0.003142,0.047026,0.21803,0.407264,,748200,,
5,6,,0.080091,0.053757,0.116298,0.014941,0.044461,0.303238,0.387214,,748700,,
5,6,,0.128623,0.053033,0.090684,0.017634,0.047756,0.323962,0.338308,,749600,,
5,6,,0.129436,0.046136,0.128969,0.006043,0.046485,0.292593,0.350337,,749000,,
5,6,,0.063574,0.09894,0.11062,0.016547,0.042785,0.223335,0.4442,,748800,,
5,6,,0.088277,0.084921,0.175321,0.025613,0.048823,0.235942,0.341102,,749200,,
5,6,,0.114164,0.118423,0.083164,0.022739,0.045843,0.238587,0.377078,,748700,,
5,6,,0.109081,0.030117,0.187766,0.065727,0.074945,0.202018,0.330346,,766900,,
5,6,,0.051092,0.068199,0.309821,0.042148,0.044018,0.124587,0.360135,,747000,,
5,6,,0.086851,0.086247,0.135165,0.005319,0.044665,0.283179,0.358573,,746700,,
5,6,,0.087835,0.057138,0.112981,0.009291,0.047812,0.286736,0.398207,,744000,,
5,6,,0.156788,0.116038,0.110047,0.013415,0.046684,0.223263,0.333765,,751100,,
5,6,,0.092828,0.104342,0.083164,0.022867,0.066806,0.230499,0.399493,,748600,,
5,6,,0.093665,0.017419,0.118159,0.024654,0.052857,0.311336,0.38191,,749200,,
5,6,,0.112111,0.094695,0.125858,0.014467,0.053923,0.144091,0.454855,,746300,,
5,6,,0.141085,0.056194,0.181391,0.02909,0.056245,0.18911,0.346884,,752000,,
5,6,,0.07646,0.134873,0.08237,0.020655,0.048436,0.25026,0.386946,,749000,,
5,6,,0.120269,0.035689,0.072477,0.009066,0.054144,0.332066,0.376289,,748100,,
5,6,,0.117546,0.035947,0.089053,0.011572,0.052812,0.289329,0.40374,,746400,,
5,6,,0.094048,0.018906,0.156995,0.019873,0.053074,0.305163,0.351941,,747000,,
5,6,,0.122031,0.027428,0.158573,0.024879,0.04653,0.292865,0.327695,,751400,,
5,6,,0.124191,0.048975,0.138624,0.016495,0.046319,0.262061,0.363335,,748500,,
5,6,,0.153322,0.037321,0.114582,0.008795,0.05164,0.282743,0.351597,,751400,,
5,6,,0.109587,0.122765,0.067405,0.045424,0.054354,0.195819,0.404646,,753100,,
5,6,,0.114604,0.097979,0.0847,0.026896,0.044732,0.243405,0.387684,,751600,,
5,6,,0.103406,0.064397,0.076172,0.003655,0.053149,0.21703,0.482191,,751600,,
5,6,,0.091666,0.054774,0.114455,0.008923,0.05062,0.313571,0.365992,,750200,,
5,6,,0.127846,0.055753,0.150605,0.002264,0.047056,0.223461,0.393014,,755500,,
5,6,,0.085017,0.055279,0.169825,0.002505,0.046487,0.251546,0.389341,,748300,,
5,6,,0.126797,0.065335,0.116347,0.010922,0.059338,0.216842,0.40442,,751700,,
5,6,,0.070312,0.043284,0.207528,0.00301,0.02453,0.212635,0.438701,,748900,,
5,6,,0.105965,0.038978,0.177192,0.08272,0.065793,0.213345,0.316008,,746400,,
5,6,,0.124399,0.054407,0.116213,0.014857,0.046584,0.277376,0.366165,,751200,,
5,6,,0.049507,0.099885,0.253032,0.013723,0.0163,0.138316,0.429237,,749800,,
5,6,,0.106656,0.029667,0.204985,0.04293,0.052076,0.198054,0.365632,,750900,,
5,6,,0.075158,0.068343,0.22663,0.043282,0.070368,0.185686,0.330532,,747500,,
5,6,,0.076229,0.045131,0.192957,0.026645,0.045016,0.242009,0.372014,,748700,,
5,6,,0.069038,0.036417,0.2029,0.063884,0.067471,0.211136,0.349154,,749100,,
6,6,,0.098947,0.141192,0.121067,0.01321,0.049854,0.136751,0.43898,,746300,,
6,6,,0.135102,0.037685,0.111403,0.003357,0.051669,0.299327,0.361457,,748800,,
6,6,,0.057594,0.028213,0.253607,0.06103,0.046694,0.184015,0.368846,,749500,,
6,6,,0.046732,0.029464,0.232067,0.053861,0.043242,0.199594,0.39504,,750500,,
6,6,,0.129777,0.050683,0.106496,0.004114,0.052827,0.235535,0.420569,,745600,,
6,6,,0.084765,0.030117,0.179807,0.05703,0.075759,0.221997,0.350524,,751400,,
6,6,,0.087582,0.144016,0.086231,0.013913,0.05248,0.143392,0.472387,,747500,,
6,6,,0.069934,0.143084,0.165136,0.014956,0.061386,0.190781,0.354722,,751300,,
6,6,,0.086227,0.136237,0.144934,0.016732,0.055396,0.148119,0.412355,,748600,,
6,6,,0.087726,0.113099,0.213502,0.01254,0.022585,0.203083,0.347466,,753500,,
6,2,,0.056501,0.027347,0.324983,0.032122,0.044988,0.192176,0.321883,,753200,,
6,6,,0.043116,0.030053,0.283037,0.047189,0.019266,0.161462,0.415877,,750100,,
6,6,,0.067862,0.159402,0.11493,0.017257,0.041261,0.25015,0.349138,,749600,,
6,2,,0.144702,0.05624,0.29541,0.029105,0.068395,0.125884,0.280265,,752600,,
6,6,,0.131715,0.047967,0.210154,0.038999,0.079327,0.147377,0.344461,,749000,,
6,6,,0.129641,0.051902,0.111312,0.003357,0.047878,0.310297,0.345614,,748600,,
6,6,,0.101555,0.029868,0.14431,0.050882,0.105063,0.213105,0.355218,,749700,,
6,6,,0.086184,0.161115,0.051058,0.045927,0.054299,0.171508,0.429909,,749800,,
6,6,,0.060042,0.127377,0.109011,0.03072,0.017988,0.189505,0.465356,,753600,,
6,6,,0.043095,0.03589,0.261708,0.046927,0.021273,0.194515,0.396592,,750700,,
6,6,,0.111282,0.0293,0.220635,0.062964,0.068749,0.203904,0.303166,,751100,,
6,6,,0.07178,0.040911,0.346569,0.02721,0.042177,0.118088,0.353264,,747300,,
6,6,,0.133322,0.037321,0.114582,0.008795,0.05164,0.302743,0.351597,,748700,,
6,6,,0.083431,0.115788,0.158029,0.01594,0.052252,0.121253,0.453307,,748400,,
6,6,,0.053566,0.035313,0.308835,0.050599,0.0367,0.132007,0.382979,,750300,,
6,6,,0.08036,0.079199,0.187877,0.017576,0.066398,0.215215,0.353376,,758300,,
6,6,,0.068692,0.173879,0.041885,0.015947,0.022148,0.222459,0.454991,,763600,,
6,6,,0.122622,0.035587,0.067629,0.00602,0.035061,0.245819,0.487262,,756300,,
6,6,,0.066624,0.024713,0.243167,0.04957,0.047945,0.201195,0.366786,,780800,,
6,6,,0.143994,0.056262,0.035022,0.003982,0.067354,0.228084,0.465301,,750600,,
6,6,,0.110672,0.047797,0.088208,0.019586,0.083253,0.260352,0.390133,,754200,,
6,6,,0.101099,0.156359,0.036822,0.012106,0.04751,0.250758,0.395346,,755200,,
6,2,,0.073681,0.041362,0.350651,0.038514,0.045965,0.133299,0.316529,,763400,,
6,6,,0.107644,0.0454,0.177357,0.009791,0.051207,0.182909,0.425691,,747200,,
6,6,,0.07172,0.205377,0.04346,0.011197,0.04313,0.220225,0.404891,,759500,,
6,6,,0.086055,0.036955,0.11634,0.014729,0.047603,0.306548,0.39177,,755500,,
6,6,,0.082354,0.032781,0.317924,0.044559,0.037174,0.163808,0.3214,,756600,,
6,6,,0.057032,0.117237,0.248266,0.014377,0.041686,0.114967,0.406435,,747700,,
6,6,,0.15765,0.039318,0.211516,0.038743,0.049842,0.16466,0.338271,,749400,,
6,6,,0.104048,0.122696,0.141519,0.014357,0.051116,0.144539,0.421726,,757800,,
6,6,,0.098472,0.035218,0.085334,0.009087,0.029984,0.284821,0.457084,,752100,,
6,2,,0.046324,0.041803,0.35824,0.044704,0.037292,0.130387,0.34125,,751500,,
6,6,,0.060996,0.14594,0.023099,0.019151,0.041745,0.226999,0.482069,,755000,,
6,6,,0.100227,0.167146,0.022707,0.016777,0.048082,0.243252,0.401808,,745700,,
6,6,,0.065589,0.026178,0.169948,0.025192,0.047122,0.202139,0.463832,,757200,,
6,6,,0.04941,0.139415,0.182617,0.013628,0.016478,0.152851,0.445602,,754100,,
6,6,,0.1327,0.050236,0.118416,0.002264,0.047646,0.280703,0.368034,,755700,,
6,6,,0.133573,0.045741,0.054075,0.003508,0.060073,0.205051,0.497978,,756700,,
6,6,,0.051571,0.072455,0.16739,0.033812,0.039947,0.223952,0.410873,,778300,,
6,6,,0.114403,0.008063,0.154935,0.050156,0.078339,0.245879,0.348226,,747800,,
6,6,,0.0817,0.096622,0.115401,0.031909,0.041693,0.227253,0.405422,,761000,,
6,6,,0.083472,0.126655,0.082416,0.020598,0.049007,0.237158,0.400694,,755500,,
6,6,,0.069041,0.137183,0.165136,0.014956,0.041257,0.236235,0.336191,,747400,,
6,6,,0.138488,0.035506,0.075836,0.014504,0.053935,0.291878,0.389853,,749600,,
6,6,,0.115139,0.090892,0.122633,0.043607,0.057346,0.204672,0.36571,,750600,,
6,6,,0.083923,0.02841,0.168528,0.053387,0.072914,0.235994,0.356843,,750100,,
6,6,,0.106322,0.08118,0.187969,0.002505,0.046616,0.206092,0.369316,,750000,,
6,6,,0.066191,0.118851,0.232359,0.012408,0.043988,0.138335,0.387868,,747900,,
6,6,,0.073839,0.125288,0.13657,0.013259,0.046845,0.185045,0.419153,,768400,,
6,6,,0.120174,0.030561,0.196979,0.056626,0.056271,0.216815,0.322574,,759500,,
6,6,,0.045927,0.052982,0.284975,0.037679,0.037869,0.141999,0.398569,,750700,,
6,6,,0.133023,0.031887,0.172949,0.053843,0.082852,0.175273,0.350173,,751200,,
6,6,,0.064183,0.028391,0.226424,0.052675,0.046513,0.20346,0.378354,,753800,,
6,6,,0.080825,0.100682,0.214816,0.028272,0.072234,0.125804,0.377368,,754600,,
6,6,,0.044625,0.02962,0.244704,0.050914,0.042609,0.167916,0.419612,,750300,,
6,6,,0.101099,0.176359,0.036822,0.012106,0.04751,0.256472,0.369632,,745800,,
6,6,,0.116037,0.040443,0.109424,0.004092,0.075936,0.196927,0.45714,,754700,,
6,2,,0.044493,0.033317,0.371282,0.038707,0.0357,0.11823,0.35827,,756000,,
6,6,,0.116037,0.040443,0.109424,0.004092,0.055936,0.196927,0.47714,,762900,,
6,6,,0.129843,0.048808,0.118416,0.002264,0.047646,0.274989,0.378034,,745300,,
6,6,,0.136257,0.055502,0.056949,0.006745,0.061717,0.227701,0.455129,,746800,,
6,6,,0.087701,0.019076,0.129949,0.022969,0.048971,0.231557,0.459778,,747400,,
6,6,,0.131088,0.048222,0.122318,0.016803,0.083888,0.208346,0.389335,,746100,,
6,6,,0.123988,0.04116,0.088782,0.0125,0.075814,0.29976,0.357997,,747200,,
6,6,,0.12247,0.143671,0.064654,0.019232,0.086741,0.155597,0.407634,,749700,,
6,6,,0.114292,0.048957,0.242644,0.048123,0.052749,0.179406,0.313829,,748800,,
6,6,,0.042343,0.032656,0.340067,0.032835,0.016411,0.155264,0.380424,,749800,,
6,6,,0.116829,0.049066,0.099248,0.025451,0.112301,0.204218,0.392888,,750000,,
6,6,,0.146683,0.046446,0.124577,0.033763,0.057851,0.205558,0.385122,,750000,,
6,6,,0.062674,0.035955,0.150969,0.021659,0.046651,0.239596,0.442497,,749300,,
6,6,,0.126122,0.017353,0.13121,0.024709,0.048004,0.310744,0.341859,,752300,,
6,6,,0.140094,0.041822,0.297307,0.029509,0.04515,0.123205,0.322912,,748000,,
6,6,,0.098488,0.035506,0.075836,0.014504,0.033935,0.322593,0.419139,,749100,,
6,6,,0.106111,0.028031,0.100583,0.007582,0.05774,0.229283,0.47067,,748900,,
6,6,,0.055972,0.028014,0.211061,0.076258,0.0415,0.21479,0.372406,,752200,,
6,6,,0.104765,0.030117,0.179807,0.07703,0.055759,0.221997,0.330524,,749900,,
6,6,,0.128092,0.04467,0.162676,0.004304,0.056344,0.184095,0.419818,,747200,,
6,6,,0.073425,0.028906,0.240412,0.049727,0.048737,0.192434,0.366359,,748000,,
6,6,,0.085956,0.143122,0.088129,0.014317,0.048995,0.146676,0.472806,,783400,,
6,6,,0.101814,0.04975,0.178414,0.071661,0.050908,0.23249,0.314964,,749000,,
6,6,,0.05792,0.108668,0.221188,0.025637,0.037838,0.143087,0.405662,,749900,,
6,6,,0.087024,0.037721,0.149995,0.090381,0.086735,0.222552,0.325592,,750400,,
6,6,,0.118272,0.017172,0.131105,0.02265,0.054607,0.278957,0.377237,,749300,,
6,6,,0.125444,0.045291,0.090127,0.003043,0.056635,0.207704,0.471757,,748700,,
6,6,,0.139265,0.037267,0.110832,0.003864,0.055171,0.289398,0.364203,,748700,,
6,6,,0.090281,0.038978,0.19404,0.071417,0.064978,0.220032,0.320274,,748000,,
6,6,,0.074898,0.03525,0.210312,0.024779,0.045317,0.214674,0.39477,,750700,,
6,6,,0.102928,0.092288,0.21658,0.017838,0.0484,0.131938,0.390028,,752900,,
6,6,,0.130438,0.046215,0.179064,0.006881,0.075844,0.173361,0.388197,,746100,,
6,6,,0.093002,0.035322,0.074235,0.015,0.050107,0.301586,0.430749,,750500,,
6,6,,0.121504,0.115837,0.06544,0.014136,0.0601,0.161613,0.46137,,748600,,
6,6,,0.137785,0.055425,0.056329,0.007875,0.051254,0.266854,0.424479,,758700,,
6,6,,0.068225,0.038688,0.226931,0.055882,0.047566,0.208728,0.353979,,754300,,
6,6,,0.098488,0.035506,0.075836,0.014504,0.033935,0.322593,0.419139,,751000,,
6,6,,0.095084,0.168999,0.044495,0.011434,0.042498,0.233122,0.404368,,750300,,
6,2,,0.040815,0.035018,0.40259,0.043632,0.034348,0.11707,0.326527,,749800,,
6,6,,0.097953,0.043295,0.248544,0.015162,0.044016,0.201405,0.349625,,750100,,
6,6,,0.071708,0.173595,0.043414,0.011254,0.022558,0.22366,0.45381,,749500,,
6,6,,0.087994,0.04974,0.127888,0.007125,0.047026,0.28971,0.390517,,775800,,
6,6,,0.113495,0.102002,0.094897,0.025558,0.059407,0.178069,0.426571,,748800,,
6,6,,0.15206,0.035583,0.087272,0.012068,0.049165,0.296926,0.366927,,747400,,
6,6,,0.090139,0.028861,0.149458,0.053387,0.075887,0.237892,0.364375,,750000,,
6,6,,0.100094,0.041822,0.297307,0.029509,0.04515,0.143205,0.342912,,749000,,
6,6,,0.110279,0.0554,0.090631,0.017506,0.048955,0.296738,0.38049,,750100,,
6,2,,0.044731,0.039062,0.35552,0.047415,0.0357,0.125884,0.351687,,745900,,
6,6,,0.087342,0.038335,0.178154,0.073795,0.054647,0.241818,0.325909,,749800,,
6,6,,0.066596,0.027972,0.310103,0.032006,0.045659,0.187586,0.330077,,747400,,
6,6,,0.094312,0.040078,0.163382,0.002356,0.052483,0.20389,0.443499,,746500,,
6,6,,0.051065,0.087684,0.158182,0.026837,0.039318,0.210237,0.426677,,750000,,
6,6,,0.106715,0.061506,0.169825,0.002505,0.046487,0.218527,0.394436,,748800,,
6,6,,0.118582,0.165098,0.081074,0.022328,0.057973,0.15842,0.396525,,757700,,
6,6,,0.118951,0.163016,0.042468,0.015006,0.066686,0.146738,0.447135,,750200,,
6,6,,0.10568,0.131438,0.08646,0.022111,0.049945,0.180301,0.424065,,749400,,
6,6,,0.09578,0.034744,0.089057,0.019811,0.047679,0.290181,0.422748,,751300,,
6,6,,0.096767,0.083053,0.096136,0.029059,0.060686,0.264833,0.369466,,749700,,
6,6,,0.070921,0.082573,0.163979,0.013149,0.045098,0.221897,0.402383,,750100,,
6,6,,0.112731,0.031321,0.196596,0.061874,0.082183,0.174805,0.34049,,748700,,
6,6,,0.060032,0.126644,0.20153,0.012648,0.041731,0.176507,0.380908,,747700,,
6,6,,0.157064,0.040899,0.041443,0.006266,0.045386,0.268063,0.440879,,776200,,
6,6,,0.106322,0.08118,0.187969,0.002505,0.066616,0.206092,0.349316,,750600,,
6,6,,0.116302,0.035059,0.039777,0.027149,0.061205,0.246261,0.474248,,745600,,
6,6,,0.115563,0.135695,0.083505,0.01417,0.079687,0.159174,0.412206,,750200,,
6,6,,0.11794,0.036222,0.085213,0.005713,0.053831,0.307307,0.393774,,748000,,
6,6,,0.120797,0.03747,0.085033,0.005713,0.054012,0.296625,0.40035,,747700,,
6,6,,0.116205,0.106288,0.084174,0.026532,0.044971,0.240963,0.380867,,746100,,