steel-plates,Tuned_CWT,test,3,NANOSECONDS,PREDICTIONS, Generated by ClassifierExperiments.java on 2022-05-16 02:15:17.    SYSTEMPROPERTIES:{user.name:matth,os.arch:amd64,os.name:Windows 10},ENDSYSTEMPROPERTIES
No parameter info
0.5089514066496164,346978900,295522100,-1,31767864,7,,-1,-1
0,6,,0.151183,0.052319,0.081788,0.020105,0.05694,0.279188,0.358477,,1604400,,
0,6,,0.177949,0.040032,0.077682,0.007178,0.080427,0.154161,0.462571,,1487800,,
0,6,,0.102094,0.191885,0.104988,0.023102,0.023263,0.225972,0.328697,,1480800,,
0,5,,0.10157,0.044242,0.090531,0.034443,0.035569,0.358735,0.334909,,1471900,,
0,6,,0.195334,0.026765,0.111277,0.022978,0.061847,0.167028,0.414772,,748500,,
0,6,,0.072809,0.195141,0.105828,0.032966,0.025605,0.221061,0.34659,,746600,,
0,5,,0.120756,0.043745,0.104587,0.041482,0.053156,0.330262,0.306011,,748000,,
0,6,,0.108116,0.038078,0.067713,0.0224,0.039104,0.282733,0.441857,,748700,,
0,6,,0.130802,0.048324,0.145815,0.065116,0.083931,0.181661,0.344351,,745500,,
0,6,,0.166575,0.056753,0.0824,0.053725,0.065999,0.184095,0.390454,,746900,,
0,6,,0.148514,0.031059,0.17889,0.067597,0.077984,0.183177,0.312779,,745600,,
0,6,,0.161535,0.034448,0.249468,0.039278,0.045562,0.160988,0.308721,,748500,,
0,6,,0.102849,0.123878,0.082127,0.010039,0.03676,0.255735,0.388612,,747000,,
0,6,,0.083677,0.183775,0.091652,0.032966,0.025698,0.229052,0.353179,,745600,,
0,6,,0.135098,0.042018,0.191389,0.05465,0.041378,0.165472,0.369994,,747400,,
0,6,,0.12274,0.104433,0.101051,0.026855,0.040837,0.159769,0.444317,,746600,,
0,6,,0.157996,0.040362,0.185886,0.047315,0.050826,0.172147,0.345469,,742800,,
0,6,,0.127102,0.0377,0.068485,0.025409,0.034502,0.313202,0.3936,,744800,,
0,6,,0.140171,0.030868,0.189605,0.064521,0.078245,0.181305,0.315285,,753200,,
0,6,,0.18348,0.030498,0.104604,0.063405,0.072417,0.180115,0.365482,,745800,,
0,6,,0.099626,0.052883,0.068693,0.025192,0.036216,0.321653,0.395737,,743700,,
0,6,,0.129613,0.114243,0.050983,0.029888,0.040222,0.23238,0.402671,,745600,,
0,6,,0.230628,0.026162,0.086699,0.028729,0.077212,0.172101,0.378469,,772600,,
0,6,,0.119857,0.053258,0.158166,0.105306,0.074836,0.168367,0.32021,,751700,,
0,6,,0.116906,0.038242,0.086,0.010125,0.038612,0.268045,0.44207,,737200,,
0,6,,0.08311,0.218972,0.07921,0.033088,0.024835,0.226707,0.334078,,742200,,
0,6,,0.17449,0.015947,0.141572,0.071081,0.076444,0.165128,0.355338,,740300,,
0,6,,0.059949,0.059246,0.102627,0.04849,0.020844,0.281561,0.427283,,738600,,
0,6,,0.172286,0.026816,0.106168,0.029065,0.062404,0.168266,0.434994,,739000,,
0,6,,0.166779,0.0327,0.189063,0.045636,0.058113,0.196421,0.311289,,740900,,
0,6,,0.133892,0.031574,0.147965,0.070944,0.083995,0.167153,0.364477,,741300,,
0,6,,0.104655,0.081737,0.080155,0.019999,0.057163,0.263857,0.392434,,740100,,
1,6,,0.050408,0.212824,0.134912,0.035073,0.017253,0.201788,0.347742,,741600,,
1,6,,0.079973,0.219983,0.111285,0.045255,0.021395,0.21778,0.304329,,739900,,
1,6,,0.067113,0.238933,0.132831,0.023102,0.023002,0.197373,0.317647,,740700,,
1,6,,0.069822,0.198536,0.134545,0.03588,0.022641,0.239726,0.298851,,738500,,
1,6,,0.069664,0.243496,0.119112,0.022031,0.021822,0.197178,0.326696,,739300,,
1,6,,0.063069,0.225812,0.108544,0.035005,0.022424,0.208793,0.336353,,742500,,
1,6,,0.060857,0.21074,0.179341,0.021358,0.020202,0.210343,0.29716,,739900,,
1,6,,0.094541,0.20504,0.080765,0.03481,0.042515,0.225513,0.316815,,742000,,
1,6,,0.08157,0.123145,0.066665,0.040642,0.056111,0.246874,0.384992,,740400,,
1,6,,0.076095,0.2065,0.143805,0.035015,0.020049,0.22315,0.295386,,741500,,
1,6,,0.072094,0.251885,0.104988,0.023102,0.023263,0.200972,0.323697,,756400,,
1,6,,0.092835,0.173721,0.195425,0.001303,0.022818,0.156324,0.357574,,739800,,
1,6,,0.067886,0.195961,0.171258,0.015271,0.021109,0.191626,0.336891,,739800,,
1,6,,0.094167,0.194311,0.145686,0.025257,0.04599,0.210246,0.284342,,743000,,
1,6,,0.080539,0.205758,0.080638,0.035944,0.032648,0.228582,0.335891,,742600,,
1,6,,0.068068,0.275121,0.091793,0.025894,0.021718,0.228971,0.288435,,739100,,
1,6,,0.062218,0.253536,0.133811,0.025894,0.021364,0.222381,0.280796,,741600,,
1,6,,0.072094,0.251885,0.104988,0.023102,0.023263,0.200972,0.323697,,742100,,
1,6,,0.048052,0.209972,0.12963,0.035364,0.016585,0.218141,0.342256,,740100,,
1,6,,0.144428,0.080604,0.054739,0.018242,0.120082,0.171481,0.410424,,740900,,
1,6,,0.067113,0.253933,0.132831,0.023102,0.023002,0.217373,0.282647,,743100,,
1,6,,0.078068,0.255121,0.091793,0.025894,0.021718,0.235813,0.291593,,742100,,
1,2,,0.032192,0.031428,0.372019,0.073385,0.012905,0.121776,0.356296,,743200,,
1,6,,0.062936,0.202918,0.120565,0.03589,0.02207,0.210344,0.345277,,738900,,
1,6,,0.099002,0.174719,0.107302,0.03303,0.046067,0.227542,0.312338,,745000,,
1,6,,0.065329,0.216792,0.133918,0.025772,0.02243,0.211967,0.323791,,744600,,
1,6,,0.084126,0.21166,0.10754,0.025716,0.023635,0.245911,0.301412,,743800,,
1,6,,0.072963,0.260518,0.090813,0.023102,0.023356,0.203962,0.325286,,742500,,
1,6,,0.096507,0.200142,0.107614,0.025772,0.043536,0.2364,0.29003,,740100,,
1,6,,0.055085,0.193143,0.180428,0.02416,0.017681,0.208012,0.321491,,741500,,
1,6,,0.096497,0.194059,0.11345,0.032414,0.029282,0.194117,0.34018,,745300,,
1,6,,0.089325,0.210758,0.17089,0.016341,0.022599,0.212555,0.27753,,765300,,
1,6,,0.069345,0.178694,0.17232,0.022307,0.024002,0.20072,0.332613,,745300,,
1,6,,0.072436,0.159014,0.170997,0.01622,0.023665,0.200299,0.357368,,744800,,
1,6,,0.087624,0.172928,0.184813,0.014331,0.020847,0.188956,0.330499,,742800,,
1,6,,0.072963,0.260518,0.090813,0.023102,0.023356,0.203962,0.325286,,742600,,
1,2,,0.028704,0.047757,0.498844,0.066084,0.011868,0.106951,0.23979,,748100,,
1,6,,0.055379,0.249659,0.106861,0.036608,0.017956,0.208397,0.32514,,745200,,
2,2,,0.024663,0.033987,0.671329,0.007958,0.009391,0.058606,0.194066,,740000,,
2,2,,0.030912,0.026497,0.691373,0.00777,0.01203,0.058341,0.173076,,742200,,
2,2,,0.030912,0.026497,0.671373,0.00777,0.01203,0.058341,0.193076,,743700,,
2,2,,0.026937,0.025584,0.655373,0.008033,0.008133,0.068491,0.207449,,740300,,
2,2,,0.026062,0.026471,0.592345,0.021466,0.009477,0.072795,0.251385,,745100,,
2,2,,0.030912,0.026497,0.671373,0.00777,0.01203,0.058341,0.193076,,740500,,
2,2,,0.026925,0.026041,0.671373,0.007901,0.010082,0.061416,0.196262,,742800,,
2,2,,0.022937,0.025584,0.671373,0.008033,0.008133,0.064491,0.199449,,740000,,
2,2,,0.026925,0.026041,0.671373,0.007901,0.010082,0.061416,0.196262,,739600,,
2,6,,0.079568,0.032378,0.253513,0.106777,0.031588,0.154715,0.34146,,744600,,
2,2,,0.030912,0.026497,0.671373,0.00777,0.01203,0.058341,0.193076,,740200,,
2,2,,0.026925,0.026041,0.671373,0.007901,0.010082,0.061416,0.196262,,743000,,
2,2,,0.030912,0.026497,0.671373,0.00777,0.01203,0.058341,0.193076,,740100,,
2,2,,0.025448,0.048902,0.455595,0.067449,0.010353,0.133728,0.258525,,767000,,
2,2,,0.030912,0.026497,0.671373,0.00777,0.01203,0.058341,0.193076,,742800,,
2,2,,0.033366,0.051801,0.500855,0.049198,0.014634,0.101609,0.248537,,742800,,
2,6,,0.103618,0.026525,0.241208,0.076757,0.056692,0.208234,0.286966,,743000,,
2,6,,0.101733,0.048382,0.178816,0.105483,0.068382,0.191057,0.306147,,742600,,
2,2,,0.02862,0.025879,0.657132,0.008553,0.009974,0.070231,0.199611,,742000,,
2,2,,0.024663,0.033987,0.671329,0.007958,0.009391,0.058606,0.194066,,742500,,
2,2,,0.026925,0.026041,0.671373,0.007901,0.010082,0.061416,0.196262,,739300,,
2,2,,0.030912,0.026497,0.671373,0.00777,0.01203,0.058341,0.193076,,742500,,
2,2,,0.030912,0.026497,0.671373,0.00777,0.01203,0.058341,0.193076,,750700,,
2,2,,0.040811,0.028002,0.526947,0.036862,0.015878,0.096145,0.255355,,752200,,
2,2,,0.022937,0.025584,0.671373,0.008033,0.008133,0.064491,0.199449,,743700,,
2,2,,0.030912,0.026497,0.671373,0.00777,0.01203,0.058341,0.193076,,746500,,
2,2,,0.020675,0.03353,0.671329,0.008089,0.007442,0.061681,0.197253,,748600,,
2,2,,0.031998,0.053157,0.363791,0.071271,0.013389,0.119855,0.346538,,741700,,
2,2,,0.026925,0.026041,0.671373,0.007901,0.010082,0.061416,0.196262,,741900,,
2,2,,0.026925,0.026041,0.671373,0.007901,0.010082,0.061416,0.196262,,741300,,
2,6,,0.092668,0.047599,0.178424,0.114423,0.061814,0.187495,0.317577,,743200,,
2,2,,0.030912,0.026497,0.671373,0.00777,0.01203,0.058341,0.193076,,742200,,
2,2,,0.024663,0.033987,0.671329,0.007958,0.009391,0.058606,0.194066,,738800,,
2,2,,0.040811,0.048002,0.526947,0.036862,0.015878,0.096145,0.235355,,758100,,
2,2,,0.022937,0.025584,0.671373,0.008033,0.008133,0.064491,0.199449,,750200,,
2,2,,0.022937,0.025584,0.671373,0.008033,0.008133,0.064491,0.199449,,743200,,
2,2,,0.026925,0.026041,0.671373,0.007901,0.010082,0.061416,0.196262,,743600,,
2,2,,0.030912,0.026497,0.671373,0.00777,0.01203,0.058341,0.193076,,756900,,
2,2,,0.022937,0.025584,0.671373,0.008033,0.008133,0.064491,0.199449,,752200,,
2,2,,0.030912,0.026497,0.671373,0.00777,0.01203,0.058341,0.193076,,743400,,
2,2,,0.023042,0.024366,0.660181,0.013161,0.008082,0.066146,0.205022,,741100,,
2,6,,0.100819,0.048705,0.192203,0.102472,0.067576,0.186433,0.301792,,744800,,
2,2,,0.030912,0.026497,0.671373,0.00777,0.01203,0.058341,0.193076,,749200,,
2,2,,0.026925,0.026041,0.671373,0.007901,0.010082,0.061416,0.196262,,745600,,
2,2,,0.030912,0.026497,0.671373,0.00777,0.01203,0.058341,0.193076,,744000,,
2,2,,0.022937,0.025584,0.671373,0.008033,0.008133,0.064491,0.199449,,748000,,
2,2,,0.022937,0.025584,0.671373,0.008033,0.008133,0.064491,0.199449,,744300,,
2,2,,0.026925,0.026041,0.671373,0.007901,0.010082,0.061416,0.196262,,741700,,
2,2,,0.026925,0.026041,0.671373,0.007901,0.010082,0.061416,0.196262,,742400,,
2,6,,0.132026,0.031845,0.202461,0.041846,0.082631,0.197291,0.3119,,756300,,
2,2,,0.022937,0.025584,0.671373,0.008033,0.008133,0.064491,0.199449,,747200,,
2,6,,0.100819,0.048705,0.192203,0.102472,0.067576,0.186433,0.301792,,747100,,
2,6,,0.038105,0.035308,0.313791,0.08183,0.01607,0.124886,0.390009,,750100,,
2,2,,0.020675,0.03353,0.671329,0.008089,0.007442,0.061681,0.197253,,754800,,
2,2,,0.02862,0.025879,0.657132,0.008553,0.009974,0.070231,0.199611,,745200,,
2,2,,0.030912,0.026497,0.671373,0.00777,0.01203,0.058341,0.193076,,742200,,
2,2,,0.030912,0.026497,0.671373,0.00777,0.01203,0.058341,0.193076,,742300,,
2,2,,0.026925,0.026041,0.671373,0.007901,0.010082,0.061416,0.196262,,744000,,
2,6,,0.04453,0.056286,0.330588,0.081493,0.018981,0.113291,0.354831,,743800,,
2,2,,0.022937,0.025584,0.671373,0.008033,0.008133,0.064491,0.199449,,740700,,
2,2,,0.030912,0.026497,0.671373,0.00777,0.01203,0.058341,0.193076,,740400,,
2,2,,0.030912,0.026497,0.671373,0.00777,0.01203,0.058341,0.193076,,741000,,
2,2,,0.030912,0.026497,0.671373,0.00777,0.01203,0.058341,0.193076,,741900,,
2,2,,0.139197,0.02719,0.306728,0.029467,0.067045,0.126706,0.303667,,742100,,
2,2,,0.024663,0.033987,0.671329,0.007958,0.009391,0.058606,0.194066,,750600,,
2,2,,0.030912,0.026497,0.671373,0.00777,0.01203,0.058341,0.193076,,749400,,
2,2,,0.030925,0.026041,0.655373,0.007901,0.010082,0.065416,0.204262,,747800,,
2,2,,0.026937,0.025584,0.655373,0.008033,0.008133,0.068491,0.207449,,746800,,
2,2,,0.031925,0.034199,0.626494,0.008038,0.012322,0.07198,0.215041,,746000,,
2,2,,0.026925,0.026041,0.671373,0.007901,0.010082,0.061416,0.196262,,745900,,
2,2,,0.020675,0.03353,0.671329,0.008089,0.007442,0.061681,0.197253,,746400,,
2,2,,0.030912,0.026497,0.671373,0.00777,0.01203,0.058341,0.193076,,744200,,
2,2,,0.030925,0.026041,0.655373,0.007901,0.010082,0.065416,0.204262,,748200,,
2,6,,0.100819,0.048705,0.192203,0.102472,0.067576,0.186433,0.301792,,760600,,
2,2,,0.022937,0.025584,0.671373,0.008033,0.008133,0.064491,0.199449,,741400,,
2,2,,0.024663,0.033987,0.671329,0.007958,0.009391,0.058606,0.194066,,738500,,
2,2,,0.020675,0.03353,0.671329,0.008089,0.007442,0.061681,0.197253,,738700,,
2,2,,0.022937,0.025584,0.671373,0.008033,0.008133,0.064491,0.199449,,741800,,
2,2,,0.026925,0.026041,0.671373,0.007901,0.010082,0.061416,0.196262,,743400,,
3,6,,0.051333,0.063084,0.215043,0.111401,0.01947,0.156394,0.383275,,753700,,
3,6,,0.048853,0.039808,0.195606,0.20274,0.021749,0.160231,0.331012,,748600,,
3,6,,0.060655,0.030987,0.172298,0.177204,0.0263,0.189594,0.342962,,747800,,
3,6,,0.066939,0.034359,0.171315,0.192296,0.031225,0.158145,0.34572,,746600,,
3,6,,0.061684,0.023641,0.133485,0.170443,0.026139,0.172915,0.411692,,747500,,
3,6,,0.063397,0.025403,0.173722,0.177368,0.028481,0.161607,0.370022,,746000,,
3,6,,0.044808,0.044046,0.161799,0.157649,0.024744,0.157101,0.409853,,749000,,
3,6,,0.079051,0.035603,0.140747,0.212625,0.037601,0.172179,0.322194,,747800,,
3,6,,0.063688,0.026866,0.19312,0.195523,0.025163,0.190805,0.304835,,745400,,
3,6,,0.062917,0.023041,0.172343,0.197147,0.026991,0.192404,0.325158,,744700,,
3,6,,0.061569,0.033998,0.145578,0.200215,0.027106,0.174218,0.357317,,745700,,
3,6,,0.075874,0.043872,0.17409,0.20967,0.036104,0.164746,0.295644,,745200,,
3,6,,0.061569,0.030664,0.178911,0.220215,0.027106,0.174218,0.307317,,744700,,
3,6,,0.083681,0.033783,0.153346,0.165929,0.05878,0.167589,0.336891,,746500,,
3,6,,0.074595,0.02697,0.19654,0.194686,0.034051,0.171018,0.302141,,770700,,
4,6,,0.067527,0.030169,0.091356,0.073441,0.043298,0.273032,0.421178,,744300,,
4,6,,0.119361,0.042179,0.134851,0.108014,0.102133,0.154351,0.339111,,746500,,
4,6,,0.119583,0.036536,0.123532,0.118426,0.103027,0.158923,0.339974,,743600,,
4,6,,0.142321,0.073531,0.089834,0.020911,0.068577,0.167062,0.437765,,752100,,
4,6,,0.141194,0.049161,0.088572,0.030005,0.1681,0.15573,0.367236,,752000,,
4,6,,0.058729,0.030529,0.087747,0.064659,0.042833,0.280428,0.435074,,746800,,
4,6,,0.148402,0.090165,0.054223,0.001387,0.031904,0.249288,0.42463,,758600,,
4,6,,0.137256,0.049262,0.095332,0.030005,0.146856,0.154028,0.38726,,752100,,
4,6,,0.131383,0.048587,0.098863,0.057032,0.144409,0.15569,0.364035,,742700,,
4,6,,0.132046,0.072118,0.101663,0.027602,0.059682,0.171669,0.43522,,741300,,
4,6,,0.144285,0.049482,0.107249,0.023918,0.147763,0.17531,0.351992,,743700,,
5,6,,0.072892,0.113652,0.067718,0.0335,0.028165,0.25573,0.428343,,743800,,
5,6,,0.114205,0.047,0.128148,0.110032,0.097759,0.155605,0.347251,,740900,,
5,6,,0.08534,0.046485,0.166868,0.162439,0.059659,0.16866,0.31055,,741400,,
5,5,,0.113393,0.059783,0.104707,0.034161,0.048482,0.348461,0.291013,,755100,,
5,6,,0.111836,0.112635,0.066019,0.030542,0.073708,0.268888,0.336373,,745700,,
5,6,,0.094283,0.051981,0.095708,0.022897,0.032588,0.302122,0.40042,,748300,,
5,6,,0.117983,0.03833,0.14311,0.084667,0.116122,0.174375,0.325413,,745600,,
5,6,,0.049176,0.161792,0.143336,0.034378,0.016132,0.2291,0.366085,,749900,,
5,6,,0.092668,0.047599,0.178424,0.114423,0.061814,0.167495,0.337577,,769500,,
5,6,,0.083479,0.174128,0.031223,0.008578,0.033535,0.255091,0.413967,,742300,,
5,6,,0.082391,0.091201,0.129271,0.054196,0.030511,0.288737,0.323694,,739800,,
5,6,,0.056994,0.063189,0.278988,0.0011,0.01747,0.206825,0.375434,,753400,,
5,6,,0.066919,0.113169,0.067516,0.033588,0.02517,0.283218,0.410421,,746000,,
5,6,,0.160948,0.035518,0.157088,0.061998,0.042642,0.181211,0.360596,,748700,,
5,6,,0.093825,0.038474,0.093718,0.019757,0.033392,0.297066,0.423768,,750400,,
5,6,,0.108494,0.079904,0.086952,0.042804,0.033072,0.276543,0.372231,,750700,,
5,6,,0.1121,0.037816,0.068465,0.023052,0.03813,0.280006,0.44043,,745700,,
5,6,,0.117321,0.044483,0.143487,0.118483,0.102336,0.156113,0.317778,,744700,,
5,6,,0.115084,0.059545,0.087037,0.032337,0.049672,0.317321,0.339003,,743300,,
5,6,,0.142115,0.059051,0.146781,0.056411,0.074658,0.18506,0.335925,,743800,,
5,5,,0.109215,0.050651,0.069235,0.026352,0.029509,0.374447,0.340591,,743800,,
5,6,,0.101733,0.048382,0.158816,0.085483,0.068382,0.211057,0.326147,,743400,,
5,6,,0.151605,0.040184,0.142026,0.046309,0.098269,0.160735,0.360871,,744400,,
5,6,,0.117547,0.10764,0.123206,0.02338,0.023497,0.259971,0.344759,,742100,,
5,6,,0.160293,0.030893,0.085136,0.026013,0.057704,0.282517,0.357444,,742600,,
5,6,,0.110293,0.03775,0.069193,0.025844,0.055242,0.289906,0.411772,,742800,,
5,2,,0.053027,0.04859,0.37363,0.101286,0.021918,0.141196,0.260354,,754800,,
5,6,,0.099182,0.03775,0.069193,0.025844,0.055242,0.285462,0.427327,,748600,,
5,6,,0.146832,0.101409,0.081635,0.023443,0.033301,0.27103,0.342349,,782500,,
5,6,,0.083125,0.045753,0.10852,0.044603,0.050197,0.331663,0.336139,,743300,,
5,6,,0.083169,0.092146,0.068348,0.039662,0.07219,0.282416,0.362069,,750900,,
5,6,,0.064523,0.093169,0.068249,0.043574,0.026446,0.275563,0.428476,,746200,,
5,6,,0.126368,0.077332,0.094195,0.016748,0.031368,0.292837,0.361154,,742100,,
5,6,,0.053203,0.138049,0.103206,0.039235,0.01886,0.243654,0.403794,,742700,,
5,6,,0.089882,0.046917,0.223245,0.104258,0.032727,0.162964,0.340006,,755200,,
5,6,,0.130293,0.03775,0.069193,0.025844,0.035242,0.309906,0.391772,,747000,,
5,6,,0.088926,0.048841,0.134287,0.075748,0.035402,0.166762,0.450035,,750600,,
5,6,,0.139326,0.032431,0.129903,0.065003,0.085313,0.17128,0.376743,,747500,,
5,6,,0.085406,0.074163,0.070191,0.090309,0.033612,0.169837,0.476483,,746800,,
5,5,,0.115576,0.043228,0.091448,0.037299,0.049798,0.36146,0.301192,,747200,,
5,6,,0.093079,0.029047,0.091512,0.037235,0.032681,0.337655,0.37879,,748500,,
5,6,,0.117257,0.080684,0.081147,0.030574,0.048824,0.277872,0.363643,,747700,,
5,6,,0.1385,0.031376,0.272586,0.042281,0.052745,0.167285,0.295227,,747600,,
5,6,,0.130613,0.052259,0.067649,0.022464,0.07622,0.286538,0.364258,,748100,,
5,6,,0.095868,0.032253,0.083249,0.052883,0.035329,0.296988,0.403429,,752100,,
5,5,,0.107287,0.051201,0.108538,0.04421,0.046734,0.336392,0.305639,,741800,,
5,6,,0.072485,0.174243,0.132982,0.022924,0.024759,0.227926,0.344681,,743900,,
5,6,,0.130582,0.031897,0.162085,0.057919,0.104465,0.194875,0.318178,,745500,,
5,6,,0.142173,0.053395,0.035551,0.000904,0.058357,0.301282,0.408338,,764700,,
5,6,,0.120663,0.108101,0.059284,0.04839,0.042459,0.161341,0.459762,,751400,,
5,6,,0.09744,0.068618,0.081889,0.022118,0.054517,0.292459,0.38296,,746300,,
5,6,,0.137222,0.118925,0.065723,0.026615,0.036739,0.270768,0.344009,,748800,,
5,6,,0.078138,0.026187,0.181484,0.143325,0.055963,0.165769,0.349134,,754900,,
5,6,,0.045137,0.039591,0.182519,0.095634,0.018639,0.165199,0.453281,,744700,,
5,6,,0.086158,0.02801,0.179314,0.131109,0.03607,0.19222,0.34712,,743700,,
5,6,,0.125714,0.049102,0.171222,0.09968,0.069214,0.161425,0.323644,,745200,,
5,6,,0.159124,0.052533,0.110624,0.028045,0.056435,0.170888,0.422351,,748000,,
5,6,,0.089034,0.044138,0.175167,0.114258,0.06621,0.157843,0.353351,,744400,,
5,6,,0.14899,0.034252,0.117639,0.091694,0.077662,0.173589,0.356174,,744500,,
5,6,,0.110145,0.088701,0.086889,0.04287,0.050197,0.291609,0.329589,,743600,,
5,6,,0.114285,0.038193,0.145575,0.092338,0.074615,0.173279,0.361714,,752100,,
5,6,,0.107589,0.082139,0.108432,0.033366,0.024831,0.295516,0.348127,,748400,,
5,6,,0.116782,0.031931,0.069862,0.035894,0.056136,0.321611,0.367784,,750500,,
5,6,,0.126924,0.040923,0.068819,0.053167,0.056149,0.277757,0.376261,,751800,,
5,6,,0.072789,0.111069,0.068844,0.033705,0.028576,0.274878,0.41014,,747900,,
5,6,,0.112825,0.155564,0.017201,0.005476,0.040342,0.262685,0.405907,,748100,,
5,6,,0.125998,0.029113,0.090784,0.034443,0.035569,0.3122,0.371893,,746500,,
5,6,,0.109339,0.118455,0.066083,0.030478,0.056592,0.263241,0.355813,,743300,,
5,6,,0.059583,0.091746,0.156604,0.034642,0.02153,0.249318,0.386576,,768700,,
5,6,,0.115868,0.052253,0.083249,0.032883,0.035329,0.316988,0.363429,,745000,,
5,6,,0.064577,0.024801,0.103693,0.040508,0.040831,0.306403,0.419186,,744900,,
5,6,,0.059981,0.044005,0.108184,0.05289,0.023306,0.319355,0.392279,,757300,,
5,6,,0.121883,0.039977,0.103727,0.031369,0.05137,0.309541,0.342132,,752300,,
5,6,,0.132697,0.016025,0.240469,0.036955,0.048562,0.179443,0.345849,,748200,,
5,6,,0.092416,0.126931,0.064559,0.04709,0.058512,0.271614,0.338879,,749100,,
5,6,,0.087115,0.058766,0.074383,0.045466,0.032306,0.297364,0.404599,,752200,,
5,6,,0.060888,0.024103,0.267364,0.140774,0.028682,0.159505,0.318684,,746600,,
5,6,,0.118783,0.037945,0.068212,0.023052,0.05813,0.270986,0.422891,,747100,,
5,6,,0.119445,0.051096,0.292341,0.049713,0.049406,0.122621,0.315378,,749100,,
5,6,,0.102927,0.125067,0.060825,0.012573,0.055535,0.273264,0.369809,,750600,,
5,6,,0.118221,0.081409,0.081635,0.023443,0.050801,0.306586,0.337905,,743900,,
6,6,,0.075464,0.112498,0.09965,0.033581,0.024418,0.28348,0.370909,,741300,,
6,2,,0.030211,0.022872,0.411967,0.070904,0.010287,0.139915,0.313844,,744000,,
6,2,,0.020675,0.03353,0.671329,0.008089,0.007442,0.061681,0.197253,,746000,,
6,6,,0.026557,0.020296,0.323527,0.088894,0.014079,0.129963,0.396685,,745400,,
6,2,,0.071597,0.01525,0.393215,0.040027,0.030047,0.119289,0.330576,,739600,,
6,6,,0.150285,0.02533,0.050331,0.023518,0.053483,0.183546,0.513507,,746400,,
6,6,,0.05873,0.089088,0.156846,0.04492,0.019835,0.174577,0.456005,,743500,,
6,6,,0.121159,0.030061,0.169767,0.087621,0.07762,0.181808,0.331964,,758900,,
6,6,,0.127199,0.052581,0.081036,0.019453,0.037914,0.281914,0.399903,,743300,,
6,6,,0.04763,0.157902,0.126451,0.038279,0.015968,0.22928,0.38449,,751400,,
6,6,,0.09792,0.041591,0.067794,0.046132,0.053928,0.278867,0.413769,,751100,,
6,6,,0.148978,0.031897,0.177352,0.047933,0.063188,0.17853,0.352122,,747900,,
6,6,,0.162171,0.033184,0.087003,0.006842,0.058517,0.164348,0.487935,,747600,,
6,6,,0.079994,0.23827,0.077134,0.025722,0.026822,0.217373,0.334685,,750200,,
6,6,,0.04478,0.056661,0.163584,0.118499,0.019386,0.15804,0.439051,,745500,,
6,6,,0.103743,0.053517,0.036454,0.009103,0.025981,0.296002,0.475199,,742800,,
6,6,,0.127496,0.031574,0.184698,0.08093,0.085271,0.175498,0.314532,,742600,,
6,6,,0.07011,0.034437,0.230109,0.126115,0.03174,0.160737,0.346752,,751600,,
6,6,,0.093679,0.090841,0.125342,0.013827,0.027554,0.25409,0.394668,,748200,,
6,6,,0.028448,0.048039,0.357116,0.068582,0.012164,0.124152,0.3615,,748000,,
6,6,,0.089339,0.103455,0.066083,0.030478,0.056592,0.263241,0.390813,,748600,,
6,6,,0.125623,0.030899,0.132228,0.107957,0.082824,0.161161,0.359307,,743600,,
6,6,,0.045466,0.102063,0.171289,0.008605,0.037254,0.225628,0.409696,,746100,,
6,6,,0.073177,0.037135,0.296295,0.057554,0.057897,0.148646,0.329296,,744500,,
6,6,,0.065955,0.071699,0.12641,0.076484,0.024038,0.177878,0.457537,,748400,,
6,6,,0.067627,0.034961,0.216082,0.137498,0.033104,0.154654,0.356074,,743500,,
6,6,,0.119336,0.039508,0.18229,0.063322,0.057099,0.150743,0.387701,,742400,,
6,6,,0.118264,0.052253,0.082516,0.022897,0.054053,0.324643,0.345374,,761000,,
6,6,,0.122458,0.044508,0.217128,0.056965,0.063293,0.138864,0.356784,,744200,,
6,6,,0.080826,0.053861,0.264985,0.060714,0.056923,0.150105,0.332587,,743500,,
6,6,,0.14706,0.034715,0.138594,0.007798,0.059821,0.150261,0.461751,,744000,,
6,6,,0.060507,0.023519,0.129116,0.106605,0.023551,0.196471,0.460231,,744900,,
6,6,,0.074788,0.049187,0.08886,0.046375,0.02599,0.306896,0.407904,,754500,,
6,6,,0.046508,0.024719,0.184851,0.150829,0.020947,0.160042,0.412105,,746500,,
6,6,,0.057811,0.034917,0.267825,0.063445,0.023259,0.130947,0.421796,,749400,,
6,6,,0.134285,0.058193,0.165575,0.092338,0.074615,0.153279,0.321714,,747200,,
6,6,,0.121876,0.066342,0.073671,0.031493,0.033114,0.316138,0.357367,,745800,,
6,6,,0.113861,0.085088,0.183196,0.00832,0.051919,0.127458,0.430158,,747500,,
6,6,,0.060687,0.057834,0.253173,0.10411,0.023359,0.141983,0.358855,,747700,,
6,6,,0.096033,0.028523,0.188682,0.09524,0.061337,0.188067,0.342118,,749500,,
6,6,,0.177949,0.040032,0.077682,0.007178,0.080427,0.154161,0.462571,,758800,,
6,6,,0.062717,0.030986,0.087747,0.064528,0.044782,0.277353,0.431887,,753200,,
6,6,,0.121118,0.030893,0.16532,0.063386,0.122292,0.175811,0.321179,,753000,,
6,6,,0.16061,0.056227,0.217099,0.040401,0.069155,0.154639,0.30187,,753100,,
6,6,,0.138783,0.037945,0.068212,0.023052,0.03813,0.290986,0.402891,,750500,,
6,6,,0.045749,0.127595,0.216853,0.005718,0.013693,0.186656,0.403735,,752900,,
6,6,,0.186018,0.037005,0.053741,0.014205,0.078849,0.155873,0.47431,,750900,,
6,6,,0.082758,0.119839,0.10727,0.039255,0.033911,0.259873,0.357094,,755600,,
6,6,,0.097591,0.06046,0.199332,0.072034,0.0363,0.148446,0.385836,,749800,,
6,6,,0.112268,0.06698,0.087705,0.042131,0.050814,0.306225,0.333876,,751600,,
6,6,,0.142022,0.013928,0.167163,0.083074,0.058495,0.207148,0.32817,,751100,,
6,6,,0.093679,0.090841,0.125342,0.013827,0.027554,0.25409,0.394668,,750800,,
6,6,,0.093998,0.160998,0.113615,0.024709,0.030174,0.227785,0.348721,,748200,,
6,6,,0.091424,0.083332,0.164322,0.04264,0.064799,0.135715,0.417767,,749700,,
6,6,,0.071141,0.027565,0.243307,0.115402,0.032622,0.153537,0.356426,,750000,,
6,6,,0.085707,0.086207,0.15262,0.013827,0.025779,0.250834,0.385025,,757600,,
6,6,,0.152728,0.082617,0.054779,0.011334,0.072334,0.166773,0.459435,,758200,,
6,6,,0.103174,0.036536,0.255255,0.049496,0.032313,0.17313,0.350095,,757900,,
6,6,,0.08944,0.092635,0.066752,0.060528,0.074985,0.281233,0.334428,,759800,,
6,6,,0.091795,0.027479,0.142629,0.111863,0.060782,0.189989,0.375463,,759800,,
6,6,,0.069577,0.208257,0.085119,0.04545,0.026103,0.209073,0.35642,,761500,,
6,6,,0.126698,0.071756,0.099474,0.035521,0.055129,0.167216,0.444206,,768000,,
6,6,,0.074017,0.066873,0.241288,0.030402,0.032426,0.126314,0.42868,,762800,,
6,6,,0.114562,0.056898,0.123868,0.02442,0.075992,0.164946,0.439313,,764000,,
6,6,,0.070804,0.10839,0.158859,0.036458,0.022507,0.250459,0.352523,,757500,,
6,6,,0.092637,0.083935,0.104971,0.019172,0.034191,0.155062,0.510031,,760500,,
6,6,,0.099182,0.03775,0.069193,0.025844,0.035242,0.285462,0.447327,,759800,,
6,6,,0.098841,0.180254,0.01705,0.005654,0.076085,0.227687,0.394428,,786500,,
6,6,,0.063561,0.031221,0.086519,0.064454,0.064137,0.278316,0.411793,,759400,,
6,6,,0.120833,0.071106,0.107387,0.035875,0.04939,0.145891,0.469517,,760100,,
6,6,,0.135579,0.013811,0.150725,0.102356,0.035137,0.194921,0.367471,,762900,,
6,6,,0.104837,0.063155,0.11058,0.056416,0.068353,0.171647,0.425013,,758800,,
6,6,,0.091074,0.012811,0.189637,0.138489,0.055816,0.173149,0.339024,,761500,,
6,6,,0.112447,0.127744,0.098733,0.019914,0.027933,0.240365,0.372863,,757100,,
6,2,,0.039417,0.020343,0.432718,0.047507,0.016579,0.11538,0.328056,,763400,,
6,2,,0.103801,0.029744,0.372401,0.034221,0.048414,0.128099,0.28332,,760400,,
6,6,,0.066316,0.038558,0.2277,0.068588,0.052875,0.164061,0.381902,,759100,,
6,6,,0.064214,0.024619,0.168659,0.048848,0.021154,0.172341,0.500165,,759800,,
6,6,,0.120384,0.0327,0.225796,0.055622,0.059389,0.144766,0.361344,,759000,,
6,6,,0.107927,0.043226,0.225196,0.072034,0.035693,0.163104,0.352819,,762000,,
6,6,,0.115684,0.029959,0.042345,0.017232,0.050927,0.291784,0.452069,,753400,,
6,6,,0.051324,0.019835,0.262985,0.09711,0.019207,0.152836,0.396703,,748800,,
6,6,,0.101741,0.082373,0.197667,0.009159,0.066798,0.127051,0.41521,,752800,,
6,2,,0.036666,0.030406,0.469534,0.06698,0.014431,0.109354,0.272628,,755800,,
6,6,,0.091839,0.161425,0.018265,0.008583,0.056574,0.233731,0.429583,,748400,,
6,6,,0.116547,0.030247,0.14562,0.072282,0.075306,0.196089,0.36391,,746100,,
6,6,,0.174978,0.046612,0.098907,0.019818,0.074164,0.16128,0.424242,,752500,,
6,5,,0.103242,0.117265,0.134862,0.031979,0.023974,0.294435,0.294244,,773600,,
6,6,,0.027471,0.019973,0.31014,0.091905,0.014885,0.134586,0.40104,,750900,,
6,6,,0.146596,0.033877,0.140132,0.007462,0.054617,0.154908,0.462407,,747100,,
6,6,,0.115528,0.032902,0.170789,0.011228,0.041523,0.152522,0.475507,,749700,,
6,6,,0.17272,0.039159,0.097572,0.05314,0.049937,0.172257,0.415214,,749300,,
6,6,,0.119623,0.052064,0.068629,0.025256,0.035832,0.325457,0.373139,,748100,,
6,6,,0.119841,0.031141,0.129422,0.075213,0.117258,0.186217,0.340908,,745100,,
6,6,,0.062143,0.056577,0.311845,0.054692,0.046319,0.155876,0.312547,,752200,,
6,6,,0.070798,0.0201,0.216136,0.04644,0.023161,0.165243,0.458122,,753600,,
6,6,,0.091839,0.161425,0.018265,0.008583,0.056574,0.233731,0.429583,,748900,,
6,6,,0.170791,0.032541,0.036531,0.003828,0.037271,0.289365,0.429673,,749500,,
6,6,,0.063502,0.028022,0.231747,0.118149,0.050894,0.145978,0.361707,,750200,,
6,6,,0.133068,0.056753,0.103133,0.063711,0.087275,0.171996,0.384064,,760500,,
6,6,,0.064959,0.094573,0.134126,0.038938,0.022775,0.149331,0.495297,,750000,,
6,6,,0.134596,0.031997,0.068401,0.023116,0.055247,0.303811,0.382832,,747400,,
6,6,,0.105136,0.035271,0.250398,0.057169,0.033975,0.176128,0.341922,,754400,,
6,2,,0.029641,0.030808,0.422473,0.07224,0.011891,0.13355,0.299397,,749200,,
6,6,,0.118447,0.039168,0.141571,0.085003,0.121326,0.169728,0.324757,,749100,,
6,6,,0.143555,0.030061,0.149034,0.077635,0.096343,0.189463,0.313909,,746200,,
6,6,,0.165588,0.083532,0.108501,0.030878,0.050825,0.144672,0.416004,,748200,,
6,6,,0.101662,0.055359,0.154829,0.041247,0.0714,0.142803,0.4327,,754500,,
6,6,,0.069407,0.110365,0.121808,0.023931,0.022035,0.245614,0.406841,,749800,,
6,6,,0.146792,0.066109,0.170025,0.043086,0.072246,0.143116,0.358626,,746600,,
6,6,,0.037762,0.045185,0.367142,0.032875,0.01502,0.113883,0.388134,,748600,,
6,6,,0.209751,0.034874,0.054356,0.007059,0.083202,0.16718,0.443578,,750500,,
6,6,,0.067699,0.067587,0.199188,0.03431,0.027376,0.144124,0.459716,,748400,,
6,6,,0.107672,0.037945,0.068212,0.023052,0.03813,0.266542,0.458447,,748600,,
6,6,,0.132173,0.064619,0.094247,0.02325,0.050899,0.290593,0.344219,,749100,,
6,6,,0.072585,0.26613,0.046346,0.007085,0.024501,0.222987,0.360365,,748000,,
6,6,,0.063144,0.130056,0.019235,0.009482,0.022697,0.302361,0.453024,,750600,,
6,6,,0.193858,0.037728,0.071909,0.006842,0.05884,0.159827,0.470998,,751000,,
6,6,,0.105608,0.05658,0.036761,0.008885,0.027935,0.301839,0.462392,,742900,,
6,6,,0.091383,0.10504,0.142794,0.031979,0.023931,0.25358,0.351293,,743500,,
6,6,,0.120433,0.030871,0.246066,0.065463,0.078944,0.138229,0.319995,,745300,,
6,6,,0.128348,0.083175,0.109821,0.011203,0.080043,0.155349,0.432062,,742500,,
6,6,,0.126582,0.031897,0.178085,0.077919,0.084465,0.170875,0.330178,,744300,,
6,6,,0.185139,0.025626,0.105357,0.062731,0.072723,0.162297,0.386126,,744500,,
6,6,,0.110827,0.227751,0.045516,0.003852,0.031793,0.187208,0.393053,,743300,,
6,6,,0.197783,0.02552,0.127208,0.04481,0.065502,0.188523,0.350654,,758800,,
6,2,,0.028956,0.030774,0.387946,0.055766,0.011837,0.124534,0.360187,,750200,,
6,6,,0.027328,0.024121,0.344304,0.08727,0.012251,0.128364,0.376362,,775500,,
6,6,,0.075023,0.129618,0.085273,0.032234,0.021369,0.285661,0.370822,,744400,,
6,6,,0.090475,0.057397,0.272802,0.056248,0.038689,0.136644,0.347745,,741800,,
6,6,,0.11628,0.084088,0.151927,0.011203,0.052449,0.134461,0.449592,,745800,,
6,6,,0.105428,0.059495,0.258777,0.06484,0.032779,0.182434,0.296246,,750700,,
6,6,,0.109827,0.145432,0.068195,0.023535,0.057028,0.249893,0.346089,,749000,,
6,6,,0.126706,0.071782,0.103856,0.028848,0.051837,0.144229,0.472742,,745000,,
6,6,,0.173749,0.035722,0.142129,0.046309,0.08136,0.160931,0.359799,,746700,,