steel-plates,Tuned_CWT,test,0,NANOSECONDS,PREDICTIONS, Generated by ClassifierExperiments.java on 2022-05-16 02:09:23.    SYSTEMPROPERTIES:{user.name:matth,os.arch:amd64,os.name:Windows 10},ENDSYSTEMPROPERTIES
No parameter info
0.5166240409207161,344076300,293850900,-1,42646656,7,,-1,-1
0,6,,0.152505,0.074583,0.063869,0.021758,0.031053,0.289894,0.366338,,865000,,
0,6,,0.176367,0.102029,0.060307,0.025978,0.043261,0.205824,0.386234,,781300,,
0,6,,0.143067,0.033352,0.294849,0.047843,0.030513,0.153137,0.29724,,770800,,
0,6,,0.079355,0.148088,0.019192,0.008835,0.043496,0.31364,0.387395,,774800,,
0,6,,0.133509,0.102029,0.080307,0.025978,0.043261,0.200109,0.414806,,767800,,
0,6,,0.178934,0.050003,0.140682,0.050899,0.03905,0.245863,0.294569,,769500,,
0,6,,0.136583,0.094061,0.10409,0.028582,0.035289,0.23595,0.365444,,768300,,
0,6,,0.093547,0.09184,0.072334,0.093445,0.022191,0.248219,0.378423,,765900,,
0,6,,0.133509,0.102029,0.060307,0.025978,0.063261,0.217609,0.397306,,767100,,
0,6,,0.132523,0.093684,0.081176,0.024542,0.020387,0.262871,0.384817,,770200,,
0,6,,0.123989,0.118214,0.04481,0.023437,0.039169,0.185707,0.464675,,768200,,
0,6,,0.095856,0.134867,0.018086,0.025279,0.030247,0.300465,0.395199,,768400,,
0,6,,0.152701,0.082752,0.058593,0.06592,0.081191,0.182583,0.376259,,766100,,
0,6,,0.148471,0.060958,0.20547,0.050065,0.029841,0.204776,0.300419,,767700,,
0,6,,0.112887,0.031912,0.141544,0.09015,0.104171,0.18939,0.329947,,771400,,
0,6,,0.123271,0.141638,0.019805,0.003334,0.045467,0.270343,0.396141,,758300,,
0,2,,0.109995,0.043378,0.367851,0.041963,0.047591,0.135024,0.254197,,770600,,
0,6,,0.134847,0.11138,0.020119,0.004447,0.054036,0.270127,0.405044,,756900,,
0,6,,0.131009,0.094529,0.060307,0.025978,0.083261,0.190109,0.414806,,776800,,
0,6,,0.150362,0.041167,0.276857,0.043181,0.029514,0.165232,0.293688,,767400,,
0,6,,0.108982,0.093882,0.096172,0.071585,0.022574,0.270427,0.336377,,758900,,
0,6,,0.205562,0.079404,0.067483,0.038135,0.042515,0.245169,0.32173,,758300,,
0,6,,0.193509,0.102029,0.080307,0.025978,0.063261,0.180109,0.354806,,771100,,
0,6,,0.11976,0.110627,0.022352,0.008727,0.023766,0.33916,0.375607,,768300,,
0,6,,0.123989,0.118214,0.02481,0.023437,0.059169,0.165707,0.484675,,769600,,
0,6,,0.148389,0.028859,0.143232,0.060893,0.081329,0.200489,0.33681,,756900,,
0,6,,0.123451,0.079834,0.056219,0.046129,0.063645,0.230922,0.399799,,756700,,
0,6,,0.130974,0.104943,0.046837,0.024485,0.040922,0.204383,0.447457,,767900,,
0,6,,0.154957,0.028223,0.155813,0.052791,0.037266,0.234875,0.336075,,767700,,
0,5,,0.091048,0.075539,0.082492,0.106634,0.024376,0.330146,0.289765,,773700,,
0,6,,0.148422,0.074583,0.068141,0.030383,0.050843,0.28355,0.344078,,757500,,
0,6,,0.129224,0.040958,0.223422,0.047441,0.028949,0.218687,0.31132,,756500,,
1,6,,0.121636,0.217399,0.026981,0.015492,0.024485,0.266277,0.32773,,755700,,
1,6,,0.122467,0.179014,0.026981,0.015492,0.02472,0.279689,0.351637,,755600,,
1,6,,0.120901,0.237399,0.031253,0.024117,0.024276,0.24912,0.312934,,754300,,
1,6,,0.087703,0.199014,0.033443,0.043908,0.0264,0.265946,0.343585,,808100,,
1,6,,0.093589,0.222847,0.18423,0.004022,0.021815,0.167918,0.305579,,766300,,
1,6,,0.115056,0.209452,0.059797,0.023182,0.044394,0.2437,0.304419,,774100,,
1,6,,0.085208,0.211066,0.061987,0.042973,0.046519,0.229713,0.322534,,742800,,
1,6,,0.075101,0.204266,0.150562,0.022026,0.017192,0.21737,0.313483,,745200,,
1,6,,0.12458,0.189658,0.062784,0.03339,0.047099,0.197296,0.345193,,744900,,
1,6,,0.0758,0.133756,0.064159,0.058007,0.042497,0.27681,0.348971,,745700,,
1,6,,0.053983,0.206654,0.179687,0.019055,0.016392,0.19177,0.332458,,742300,,
1,6,,0.122933,0.113296,0.022791,0.024485,0.067247,0.192619,0.45663,,747500,,
1,6,,0.113992,0.11262,0.093654,0.024485,0.062378,0.171521,0.421352,,752500,,
1,6,,0.091032,0.164461,0.164981,0.01423,0.023523,0.195389,0.346384,,748900,,
1,6,,0.113992,0.11262,0.093654,0.024485,0.062378,0.171521,0.421352,,747100,,
1,6,,0.09774,0.218983,0.028201,0.018291,0.023159,0.304572,0.309053,,747000,,
1,6,,0.121733,0.199014,0.031253,0.024117,0.024511,0.262532,0.336841,,747600,,
1,6,,0.117035,0.209452,0.055525,0.014557,0.024603,0.197412,0.381416,,748500,,
1,6,,0.111092,0.179014,0.032919,0.0337,0.044928,0.271887,0.32646,,747300,,
1,6,,0.051093,0.16336,0.164678,0.032234,0.018716,0.184317,0.385602,,747300,,
1,6,,0.067552,0.196353,0.03742,0.060848,0.020456,0.227085,0.390286,,746700,,
1,6,,0.081686,0.221476,0.034637,0.03732,0.043011,0.280407,0.301462,,748300,,
1,6,,0.119972,0.171066,0.075525,0.014557,0.024839,0.263456,0.330586,,747200,,
1,2,,0.019665,0.035135,0.574698,0.054486,0.028379,0.069957,0.21768,,774700,,
1,6,,0.072841,0.201704,0.035615,0.058941,0.022379,0.23567,0.372851,,748200,,
1,6,,0.058275,0.188002,0.169281,0.030327,0.020352,0.199234,0.334529,,751600,,
1,5,,0.093062,0.201476,0.028698,0.019111,0.022804,0.328209,0.306639,,755800,,
1,6,,0.115056,0.209452,0.059797,0.023182,0.044394,0.2437,0.304419,,741100,,
1,6,,0.099972,0.191066,0.055525,0.014557,0.024839,0.223456,0.390586,,739900,,
1,6,,0.126491,0.171066,0.061464,0.032765,0.025046,0.203022,0.380146,,741300,,
1,6,,0.106283,0.212183,0.069994,0.015362,0.025276,0.238681,0.332222,,778600,,
1,2,,0.025409,0.055698,0.467509,0.08764,0.033256,0.09721,0.23328,,753500,,
1,6,,0.118383,0.199014,0.031253,0.024117,0.044511,0.253345,0.329377,,743600,,
1,6,,0.074656,0.189611,0.064092,0.041175,0.040191,0.254953,0.335322,,745900,,
1,6,,0.094421,0.185313,0.146585,0.005086,0.022901,0.202819,0.342876,,744600,,
1,6,,0.078298,0.201476,0.03516,0.047528,0.044484,0.274466,0.318587,,745800,,
1,6,,0.125208,0.171066,0.061987,0.042973,0.046519,0.209713,0.342534,,743900,,
1,6,,0.115056,0.209452,0.059797,0.023182,0.044394,0.2437,0.304419,,746300,,
2,6,,0.093308,0.031235,0.150104,0.146321,0.031866,0.22688,0.320286,,747500,,
2,2,,0.020765,0.032802,0.659834,0.011103,0.009111,0.060367,0.206019,,748000,,
2,2,,0.020247,0.032802,0.641213,0.011103,0.009111,0.060367,0.225156,,745100,,
2,2,,0.020247,0.032802,0.641213,0.011103,0.009111,0.060367,0.225156,,743600,,
2,2,,0.020247,0.032802,0.641213,0.011103,0.009111,0.060367,0.225156,,744900,,
2,2,,0.020765,0.032802,0.659834,0.011103,0.009111,0.060367,0.206019,,765900,,
2,2,,0.020247,0.032802,0.641213,0.011103,0.009111,0.060367,0.225156,,746300,,
2,2,,0.020247,0.032802,0.641213,0.011103,0.009111,0.060367,0.225156,,743900,,
2,2,,0.020247,0.032802,0.641213,0.011103,0.009111,0.060367,0.225156,,743100,,
2,2,,0.020247,0.032802,0.641213,0.011103,0.009111,0.060367,0.225156,,742700,,
2,2,,0.020247,0.032802,0.641213,0.011103,0.009111,0.060367,0.225156,,744200,,
2,2,,0.020247,0.032802,0.641213,0.011103,0.009111,0.060367,0.225156,,744200,,
2,2,,0.020247,0.032802,0.641213,0.011103,0.009111,0.060367,0.225156,,746400,,
2,2,,0.020247,0.032802,0.641213,0.011103,0.009111,0.060367,0.225156,,744700,,
2,2,,0.020765,0.032802,0.659834,0.011103,0.009111,0.060367,0.206019,,749900,,
2,2,,0.020247,0.032802,0.641213,0.011103,0.009111,0.060367,0.225156,,749000,,
2,2,,0.020765,0.032802,0.659834,0.011103,0.009111,0.060367,0.206019,,749400,,
2,6,,0.08638,0.033552,0.221199,0.094093,0.026481,0.257048,0.281247,,753600,,
2,2,,0.020765,0.032802,0.659834,0.011103,0.009111,0.060367,0.206019,,749300,,
2,2,,0.020247,0.032802,0.641213,0.011103,0.009111,0.060367,0.225156,,744700,,
2,2,,0.028766,0.060865,0.484707,0.047205,0.035604,0.108372,0.234481,,743800,,
2,2,,0.020765,0.032802,0.659834,0.011103,0.009111,0.060367,0.206019,,744700,,
2,2,,0.020247,0.032802,0.641213,0.011103,0.009111,0.060367,0.225156,,744100,,
2,2,,0.020247,0.032802,0.641213,0.011103,0.009111,0.060367,0.225156,,743800,,
2,2,,0.020247,0.032802,0.641213,0.011103,0.009111,0.060367,0.225156,,745800,,
2,2,,0.057049,0.03128,0.449877,0.04182,0.015823,0.145238,0.258913,,763500,,
2,2,,0.020765,0.032802,0.659834,0.011103,0.009111,0.060367,0.206019,,744800,,
2,2,,0.034913,0.033883,0.578942,0.031785,0.014415,0.09152,0.214542,,745100,,
2,2,,0.020765,0.032802,0.659834,0.011103,0.009111,0.060367,0.206019,,745200,,
2,2,,0.020765,0.032802,0.659834,0.011103,0.009111,0.060367,0.206019,,745900,,
2,2,,0.020765,0.032802,0.659834,0.011103,0.009111,0.060367,0.206019,,744300,,
2,6,,0.130599,0.110773,0.038553,0.007014,0.027229,0.311108,0.374724,,746200,,
2,2,,0.020247,0.032802,0.621213,0.011103,0.009111,0.060367,0.245156,,743900,,
2,2,,0.020765,0.032802,0.659834,0.011103,0.009111,0.060367,0.206019,,746600,,
2,2,,0.020765,0.032802,0.659834,0.011103,0.009111,0.060367,0.206019,,743900,,
2,2,,0.020247,0.032802,0.641213,0.011103,0.009111,0.060367,0.225156,,743500,,
2,2,,0.020247,0.032802,0.641213,0.011103,0.009111,0.060367,0.225156,,746200,,
2,2,,0.020247,0.032802,0.641213,0.011103,0.009111,0.060367,0.225156,,742900,,
2,2,,0.020765,0.032802,0.659834,0.011103,0.009111,0.060367,0.206019,,741300,,
2,2,,0.020867,0.033707,0.627621,0.011103,0.009059,0.090337,0.207305,,743500,,
2,2,,0.019929,0.035724,0.523585,0.066287,0.03081,0.073031,0.250634,,744300,,
2,2,,0.020765,0.032802,0.659834,0.011103,0.009111,0.060367,0.206019,,743200,,
2,2,,0.020247,0.032802,0.641213,0.011103,0.009111,0.060367,0.225156,,747100,,
2,2,,0.020247,0.032802,0.641213,0.011103,0.009111,0.060367,0.225156,,747100,,
2,2,,0.020247,0.032802,0.641213,0.011103,0.009111,0.060367,0.225156,,743400,,
2,2,,0.020765,0.032802,0.659834,0.011103,0.009111,0.060367,0.206019,,744600,,
2,6,,0.098105,0.028347,0.1487,0.143522,0.057771,0.225437,0.298119,,768600,,
2,2,,0.020765,0.032802,0.679834,0.011103,0.009111,0.060367,0.186019,,744900,,
2,2,,0.020247,0.032802,0.641213,0.011103,0.009111,0.060367,0.225156,,745500,,
2,2,,0.02461,0.033355,0.613448,0.034584,0.011217,0.074263,0.208522,,744800,,
2,2,,0.020867,0.033707,0.627621,0.011103,0.009059,0.090337,0.207305,,748400,,
2,2,,0.020247,0.032802,0.641213,0.011103,0.009111,0.060367,0.225156,,744700,,
2,2,,0.020247,0.032802,0.681213,0.011103,0.009111,0.060367,0.185156,,747000,,
2,2,,0.020765,0.032802,0.659834,0.011103,0.009111,0.060367,0.206019,,744700,,
2,2,,0.020247,0.032802,0.641213,0.011103,0.009111,0.060367,0.225156,,745100,,
2,6,,0.066729,0.025918,0.180343,0.190098,0.023209,0.219257,0.294447,,748400,,
2,2,,0.020247,0.032802,0.641213,0.011103,0.009111,0.060367,0.225156,,746900,,
2,2,,0.020247,0.032802,0.661213,0.011103,0.009111,0.060367,0.205156,,746900,,
2,2,,0.020247,0.032802,0.641213,0.011103,0.009111,0.080367,0.205156,,745700,,
2,2,,0.020247,0.032802,0.641213,0.011103,0.009111,0.060367,0.225156,,744900,,
2,2,,0.020765,0.032802,0.659834,0.011103,0.009111,0.060367,0.206019,,757000,,
2,2,,0.020247,0.032802,0.621213,0.011103,0.009111,0.060367,0.245156,,750300,,
2,2,,0.020765,0.032802,0.659834,0.011103,0.009111,0.060367,0.206019,,749500,,
2,2,,0.020867,0.033707,0.627621,0.011103,0.009059,0.090337,0.207305,,748700,,
2,2,,0.020765,0.032802,0.659834,0.011103,0.009111,0.060367,0.206019,,750500,,
2,2,,0.020247,0.032802,0.641213,0.011103,0.009111,0.060367,0.225156,,748800,,
2,2,,0.020247,0.032802,0.641213,0.011103,0.009111,0.060367,0.225156,,763900,,
2,2,,0.020247,0.032802,0.641213,0.011103,0.009111,0.060367,0.225156,,751800,,
2,2,,0.020247,0.032802,0.641213,0.011103,0.009111,0.067034,0.21849,,749500,,
2,2,,0.047869,0.037024,0.555367,0.045321,0.013472,0.081106,0.219842,,752900,,
2,2,,0.020247,0.032802,0.641213,0.011103,0.009111,0.060367,0.225156,,747300,,
2,2,,0.020765,0.032802,0.659834,0.011103,0.009111,0.060367,0.206019,,747300,,
2,5,,0.117741,0.02649,0.204916,0.066427,0.022593,0.291501,0.270332,,750300,,
2,2,,0.020247,0.032802,0.681213,0.011103,0.009111,0.060367,0.185156,,748200,,
2,2,,0.020247,0.032802,0.641213,0.011103,0.009111,0.060367,0.225156,,749400,,
2,2,,0.020765,0.032802,0.659834,0.011103,0.009111,0.060367,0.206019,,747900,,
2,2,,0.020247,0.032802,0.641213,0.011103,0.009111,0.060367,0.225156,,747600,,
2,2,,0.020247,0.032802,0.641213,0.011103,0.009111,0.060367,0.225156,,746700,,
2,2,,0.020247,0.032802,0.641213,0.011103,0.009111,0.060367,0.225156,,771400,,
3,6,,0.030191,0.049594,0.334916,0.096697,0.015811,0.136945,0.335846,,746600,,
3,6,,0.056237,0.061621,0.217483,0.123905,0.047774,0.157449,0.33553,,758200,,
3,6,,0.055294,0.049023,0.130975,0.213825,0.045537,0.210859,0.294487,,752400,,
3,6,,0.061619,0.045948,0.124889,0.205347,0.025102,0.240223,0.296873,,743000,,
3,6,,0.059792,0.058737,0.129531,0.191969,0.025638,0.19972,0.334613,,745100,,
3,6,,0.053868,0.045912,0.127379,0.211217,0.027322,0.19289,0.341413,,755100,,
3,2,,0.03417,0.049242,0.327018,0.150587,0.017071,0.143663,0.278248,,771000,,
3,6,,0.054796,0.053167,0.128864,0.211918,0.025537,0.193861,0.331858,,744500,,
3,6,,0.054201,0.046454,0.142311,0.198233,0.025795,0.19491,0.338096,,747400,,
3,6,,0.075675,0.043532,0.13802,0.198057,0.02611,0.214785,0.303821,,744500,,
3,6,,0.078451,0.06532,0.124666,0.131975,0.030629,0.205651,0.363308,,752500,,
3,6,,0.075219,0.044197,0.113064,0.159141,0.031738,0.27317,0.303472,,744300,,
3,6,,0.056164,0.048805,0.124889,0.205347,0.025102,0.22412,0.315574,,743900,,
3,6,,0.046162,0.045288,0.213447,0.165684,0.023796,0.19364,0.311981,,745700,,
3,6,,0.070216,0.059302,0.11791,0.167926,0.031932,0.239773,0.312942,,744100,,
4,6,,0.1143,0.16904,0.016029,0.002081,0.026172,0.260656,0.411721,,745500,,
4,6,,0.137388,0.104948,0.097915,0.025306,0.101611,0.170234,0.362598,,744900,,
4,6,,0.121142,0.105377,0.037404,0.02661,0.083243,0.220136,0.406089,,745600,,
4,6,,0.137388,0.104948,0.057915,0.025306,0.101611,0.187734,0.385098,,744200,,
4,6,,0.12902,0.106671,0.084464,0.025675,0.120358,0.181074,0.352737,,743600,,
4,6,,0.138963,0.09823,0.057732,0.024699,0.064508,0.181997,0.433871,,747400,,
4,6,,0.11298,0.029057,0.150703,0.09015,0.086692,0.20336,0.327059,,746600,,
4,6,,0.137388,0.104948,0.057915,0.025306,0.101611,0.187734,0.385098,,752800,,
4,6,,0.126142,0.107877,0.037404,0.02661,0.065743,0.220136,0.416089,,753500,,
4,6,,0.11298,0.029057,0.150703,0.09015,0.126692,0.18586,0.304559,,746100,,
4,6,,0.055361,0.075187,0.177166,0.031753,0.044732,0.18521,0.430591,,756000,,
5,6,,0.071974,0.172323,0.020699,0.022167,0.040562,0.30508,0.367195,,752600,,
5,6,,0.062199,0.121166,0.186714,0.001637,0.019073,0.202542,0.40667,,769100,,
5,6,,0.083994,0.089386,0.129232,0.009392,0.019258,0.271221,0.397518,,752400,,
5,6,,0.075566,0.087673,0.048458,0.026378,0.023018,0.364885,0.374022,,748700,,
5,6,,0.112507,0.154867,0.018086,0.025279,0.050247,0.275723,0.363291,,750200,,
5,6,,0.09903,0.105751,0.104474,0.044143,0.03774,0.18577,0.423093,,745900,,
5,6,,0.098879,0.060649,0.223037,0.068611,0.024602,0.238503,0.285719,,749900,,
5,2,,0.110379,0.04316,0.330406,0.043679,0.022946,0.173849,0.27558,,750300,,
5,6,,0.141576,0.071904,0.071755,0.046761,0.062306,0.244929,0.360769,,749600,,
5,6,,0.080211,0.121476,0.058936,0.046896,0.022991,0.305408,0.364081,,747800,,
5,6,,0.055981,0.078949,0.163574,0.031753,0.04468,0.260894,0.364169,,748700,,
5,5,,0.077198,0.087957,0.033671,0.024024,0.022003,0.383497,0.371649,,753800,,
5,6,,0.063803,0.132485,0.04746,0.026073,0.021386,0.254937,0.453858,,747200,,
5,6,,0.099197,0.151646,0.030773,0.004039,0.075741,0.254936,0.383669,,749700,,
5,6,,0.112439,0.113684,0.105448,0.033167,0.020178,0.289861,0.325224,,743800,,
5,6,,0.074977,0.026618,0.218578,0.158278,0.024516,0.215434,0.281599,,758800,,
5,6,,0.120164,0.053296,0.103883,0.110548,0.042749,0.229095,0.340265,,751700,,
5,6,,0.072089,0.039361,0.18782,0.154336,0.04188,0.22133,0.283183,,748200,,
5,6,,0.092763,0.133084,0.020084,0.021825,0.021115,0.35016,0.360968,,749100,,
5,5,,0.099384,0.113422,0.067518,0.025071,0.02023,0.371346,0.303029,,748800,,
5,6,,0.106623,0.103559,0.051011,0.041891,0.026626,0.23546,0.434831,,770700,,
5,6,,0.069696,0.154154,0.035946,0.023516,0.043071,0.299222,0.374394,,749200,,
5,5,,0.070212,0.093363,0.042493,0.070723,0.043207,0.357988,0.322015,,750300,,
5,5,,0.078627,0.094915,0.048359,0.020413,0.041323,0.367811,0.348552,,752500,,
5,6,,0.117741,0.074583,0.070331,0.050174,0.052733,0.276151,0.358286,,743100,,
5,6,,0.106834,0.179231,0.03953,0.052386,0.066835,0.212685,0.342498,,743200,,
5,6,,0.076378,0.088407,0.123684,0.025324,0.017538,0.314646,0.354023,,745200,,
5,2,,0.027743,0.031048,0.476555,0.042085,0.013155,0.100734,0.30868,,755700,,
5,5,,0.12831,0.063164,0.067832,0.026183,0.028799,0.346982,0.33873,,751000,,
5,6,,0.089872,0.161011,0.022513,0.012918,0.044261,0.324238,0.345187,,751500,,
5,5,,0.076862,0.121476,0.038936,0.046896,0.042991,0.364889,0.30795,,741800,,
5,6,,0.152505,0.074583,0.063869,0.021758,0.031053,0.289894,0.366338,,745200,,
5,6,,0.077718,0.064673,0.084309,0.116218,0.024152,0.309056,0.323874,,743900,,
5,5,,0.093963,0.081121,0.08435,0.031134,0.018273,0.364821,0.326339,,750100,,
5,6,,0.119654,0.125818,0.022967,0.009101,0.02173,0.305896,0.394833,,745300,,
5,6,,0.057125,0.118987,0.212878,0.047192,0.037953,0.173868,0.351995,,749900,,
5,5,,0.100805,0.063164,0.081361,0.085826,0.052726,0.321179,0.294939,,741500,,
5,6,,0.071039,0.126528,0.061845,0.021311,0.023436,0.244315,0.451527,,745000,,
5,6,,0.069151,0.133606,0.036303,0.026909,0.023873,0.275157,0.435001,,746100,,
5,5,,0.140652,0.088003,0.033314,0.021306,0.021111,0.370524,0.325091,,744700,,
5,6,,0.091431,0.1252,0.050381,0.022147,0.024235,0.278873,0.407733,,761200,,
5,5,,0.078145,0.145591,0.020245,0.010558,0.043223,0.351697,0.350541,,744300,,
5,5,,0.074067,0.135933,0.019031,0.02126,0.04088,0.357967,0.350862,,743400,,
5,6,,0.182607,0.088756,0.03107,0.015972,0.051797,0.267894,0.361903,,743900,,
5,6,,0.082056,0.032312,0.191078,0.136907,0.028546,0.244055,0.285046,,753400,,
5,5,,0.100652,0.088003,0.033314,0.021306,0.021111,0.385191,0.350425,,749100,,
5,5,,0.075229,0.093422,0.081047,0.104714,0.024157,0.314729,0.306703,,750500,,
5,5,,0.070999,0.106451,0.038725,0.060285,0.042377,0.36311,0.318053,,747800,,
5,6,,0.096304,0.138983,0.031977,0.017659,0.021666,0.346328,0.347083,,752400,,
5,5,,0.065823,0.095884,0.082765,0.108333,0.022241,0.331915,0.293038,,744200,,
5,6,,0.111702,0.232445,0.00282,0.00464,0.025058,0.278348,0.344987,,747400,,
5,6,,0.096976,0.101567,0.059526,0.025181,0.028553,0.272895,0.415302,,746100,,
5,6,,0.110119,0.151158,0.017474,0.024,0.026392,0.287978,0.382878,,743700,,
5,6,,0.098784,0.163473,0.022575,0.008007,0.021511,0.335181,0.350468,,743300,,
5,5,,0.081325,0.08617,0.08421,0.110189,0.02214,0.314387,0.301579,,746700,,
5,6,,0.093288,0.031973,0.18852,0.095673,0.099316,0.162662,0.32857,,747500,,
5,6,,0.105796,0.144518,0.01838,0.0066,0.024863,0.290022,0.409821,,757000,,
5,6,,0.091197,0.041727,0.196105,0.086776,0.098704,0.201585,0.283906,,750500,,
5,6,,0.163633,0.13138,0.016343,0.005078,0.035529,0.257558,0.390478,,748100,,
5,6,,0.071045,0.154201,0.035588,0.020798,0.042178,0.304951,0.37124,,749300,,
5,6,,0.057125,0.098987,0.192878,0.047192,0.017953,0.173868,0.411995,,743900,,
5,2,,0.029707,0.030709,0.523033,0.019797,0.034885,0.07999,0.28188,,763600,,
5,6,,0.097501,0.060793,0.196311,0.090266,0.030151,0.208299,0.316679,,745200,,
5,5,,0.080673,0.161476,0.036757,0.028158,0.040685,0.34855,0.3037,,746400,,
5,6,,0.087836,0.033744,0.152486,0.102386,0.022022,0.284543,0.316983,,744300,,
5,6,,0.105079,0.051737,0.138611,0.114265,0.024876,0.232095,0.333337,,758300,,
5,6,,0.142285,0.045161,0.150882,0.052348,0.026681,0.271431,0.311213,,757900,,
5,6,,0.076709,0.125591,0.02402,0.009926,0.04173,0.357897,0.364126,,758800,,
5,6,,0.064826,0.133163,0.034921,0.026898,0.041334,0.330316,0.368542,,757800,,
5,6,,0.069543,0.144813,0.150061,0.004486,0.020041,0.208754,0.402302,,759700,,
5,6,,0.141608,0.147697,0.001914,0.003213,0.054953,0.266214,0.384401,,760800,,
5,6,,0.116429,0.212476,0.0016,0.001841,0.026619,0.253465,0.38757,,756400,,
5,6,,0.109991,0.109515,0.036921,0.044325,0.028642,0.275361,0.395246,,759200,,
5,6,,0.091673,0.12997,0.134873,0.061576,0.021371,0.203161,0.357376,,753900,,
5,6,,0.139654,0.125818,0.022967,0.009101,0.02173,0.325896,0.354833,,756200,,
5,5,,0.072756,0.088003,0.039765,0.068669,0.043207,0.363185,0.324414,,762400,,
5,6,,0.068277,0.031048,0.218976,0.114921,0.028489,0.224321,0.313969,,763700,,
5,5,,0.080249,0.116146,0.082905,0.029214,0.018054,0.359654,0.313778,,759600,,
5,6,,0.062643,0.092477,0.162839,0.052907,0.043832,0.15145,0.433852,,761300,,
5,6,,0.154945,0.102029,0.056532,0.02661,0.064754,0.239187,0.355943,,761000,,
5,6,,0.071408,0.154646,0.05458,0.017509,0.040775,0.323101,0.33798,,773000,,
6,6,,0.123989,0.118214,0.043272,0.023437,0.039169,0.168564,0.483357,,757000,,
6,6,,0.111135,0.088508,0.033668,0.019579,0.024009,0.328334,0.394767,,757300,,
6,5,,0.095301,0.113422,0.07179,0.053696,0.020021,0.325002,0.320769,,756300,,
6,6,,0.097273,0.095551,0.081454,0.045169,0.058881,0.207581,0.41409,,756400,,
6,6,,0.120032,0.10532,0.069106,0.045292,0.03537,0.201431,0.42345,,765300,,
6,6,,0.054269,0.182651,0.150562,0.022026,0.016956,0.203958,0.369577,,765700,,
6,6,,0.107759,0.142505,0.097829,0.027792,0.029578,0.201713,0.392824,,755500,,
6,6,,0.066861,0.043013,0.208467,0.125285,0.02878,0.23749,0.290104,,758400,,
6,6,,0.078784,0.143473,0.022575,0.008007,0.021511,0.329848,0.395801,,751900,,
6,6,,0.085553,0.131142,0.176489,0.023178,0.027919,0.171569,0.384151,,748400,,
6,6,,0.069563,0.11122,0.11921,0.003461,0.043435,0.203646,0.449465,,747500,,
6,2,,0.100238,0.043085,0.271197,0.085858,0.034888,0.197621,0.267113,,746500,,
6,2,,0.032496,0.0406,0.491313,0.06694,0.016635,0.113594,0.238421,,754500,,
6,2,,0.091968,0.062135,0.289549,0.050999,0.021548,0.233286,0.250514,,748800,,
6,6,,0.071872,0.10506,0.13887,0.079563,0.021593,0.18141,0.401632,,751700,,
6,6,,0.087514,0.178185,0.043507,0.069326,0.021126,0.227236,0.373106,,752000,,
6,6,,0.172844,0.072134,0.13904,0.036567,0.041742,0.171922,0.365751,,752900,,
6,6,,0.07983,0.155526,0.047344,0.007703,0.023123,0.304491,0.381984,,748000,,
6,6,,0.123989,0.118214,0.04481,0.023437,0.039169,0.165707,0.484675,,747800,,
6,6,,0.067834,0.119394,0.032576,0.013813,0.022492,0.273272,0.47062,,762300,,
6,6,,0.114679,0.112857,0.023405,0.00978,0.021727,0.351192,0.366361,,745600,,
6,6,,0.07276,0.129384,0.069592,0.047868,0.023109,0.307212,0.350075,,744300,,
6,6,,0.053009,0.103133,0.187999,0.020188,0.039328,0.178047,0.418296,,744400,,
6,6,,0.091283,0.079623,0.119154,0.085689,0.05387,0.206399,0.363983,,747700,,
6,6,,0.162705,0.079404,0.087483,0.038135,0.042515,0.239455,0.350302,,745000,,
6,6,,0.1075,0.119243,0.135903,0.023541,0.036071,0.180762,0.396981,,745800,,
6,6,,0.138668,0.153063,0.049391,0.002399,0.023962,0.229463,0.403053,,746400,,
6,6,,0.09693,0.109711,0.132474,0.028545,0.024847,0.195445,0.412048,,753100,,
6,2,,0.054796,0.065018,0.292377,0.144194,0.022857,0.175645,0.245113,,751000,,
6,6,,0.152954,0.119243,0.055903,0.023541,0.056071,0.20008,0.392208,,748300,,
6,6,,0.089497,0.099037,0.103197,0.045371,0.033599,0.197433,0.431867,,749900,,
6,2,,0.022161,0.034992,0.439986,0.09322,0.013146,0.086601,0.309895,,753400,,
6,6,,0.116667,0.112866,0.042102,0.024485,0.064414,0.190731,0.448735,,744000,,
6,6,,0.157025,0.105366,0.042102,0.024485,0.044414,0.191445,0.435163,,746500,,
6,6,,0.07278,0.062634,0.259648,0.108259,0.026037,0.199164,0.271478,,745900,,
6,6,,0.112887,0.031912,0.141544,0.09015,0.084171,0.204033,0.335304,,745700,,
6,6,,0.086347,0.080443,0.099794,0.079968,0.052326,0.24673,0.354391,,744900,,
6,6,,0.075795,0.027249,0.196225,0.150203,0.025148,0.221329,0.304051,,747800,,
6,6,,0.130373,0.234938,0.003317,0.00546,0.024703,0.231171,0.370036,,744400,,
6,6,,0.079729,0.110227,0.022352,0.008955,0.021727,0.368775,0.388235,,772300,,
6,6,,0.137389,0.027333,0.220659,0.051176,0.026534,0.237903,0.299005,,743700,,
6,6,,0.122617,0.0298,0.268031,0.0474,0.062553,0.162276,0.307322,,745700,,
6,6,,0.103429,0.090401,0.180763,0.004582,0.02942,0.201329,0.390076,,747000,,
6,6,,0.07689,0.079921,0.179702,0.027799,0.022894,0.192072,0.420722,,744800,,
6,6,,0.134167,0.105366,0.062102,0.024485,0.044414,0.185731,0.443735,,741600,,
6,6,,0.126013,0.109444,0.022544,0.024485,0.06512,0.184617,0.467776,,745700,,
6,6,,0.124699,0.072969,0.106393,0.046353,0.037941,0.242107,0.369537,,741100,,
6,6,,0.1275,0.119243,0.095903,0.023541,0.036071,0.180762,0.416981,,746400,,
6,6,,0.076048,0.232037,0.02091,0.028843,0.041497,0.268664,0.332001,,743800,,
6,6,,0.089516,0.111738,0.064881,0.050181,0.028424,0.230654,0.424606,,744900,,
6,6,,0.079463,0.089359,0.124367,0.025967,0.045476,0.209877,0.42549,,745100,,
6,6,,0.10317,0.032287,0.166298,0.102242,0.038015,0.240946,0.317043,,745100,,
6,6,,0.088866,0.031547,0.190198,0.09015,0.059515,0.197674,0.342051,,744400,,
6,6,,0.119779,0.232476,0.0016,0.001841,0.026619,0.222651,0.395034,,745400,,
6,6,,0.059463,0.089359,0.144367,0.025967,0.045476,0.189877,0.44549,,744300,,
6,2,,0.033473,0.040284,0.404185,0.051242,0.016874,0.143194,0.310747,,747200,,
6,6,,0.128512,0.042572,0.208664,0.069124,0.032275,0.202816,0.316036,,744000,,
6,6,,0.114949,0.029482,0.16494,0.061549,0.062459,0.227345,0.339276,,744000,,
6,6,,0.062643,0.092477,0.162839,0.052907,0.023832,0.15145,0.453852,,741200,,
6,6,,0.077017,0.124039,0.153883,0.009981,0.017804,0.213957,0.40332,,752100,,
6,6,,0.070811,0.124294,0.063973,0.022147,0.024287,0.233348,0.46114,,745100,,
6,6,,0.143989,0.118214,0.06481,0.023437,0.039169,0.165707,0.444675,,744000,,
6,6,,0.100129,0.169182,0.017432,0.005792,0.04257,0.308254,0.356641,,745800,,
6,2,,0.02038,0.034544,0.510079,0.057447,0.010123,0.101054,0.266373,,756700,,
6,2,,0.029253,0.040101,0.513415,0.064115,0.033477,0.103396,0.216243,,756500,,
6,6,,0.104251,0.029102,0.236679,0.086155,0.043437,0.165094,0.335282,,745600,,
6,2,,0.020247,0.032802,0.641213,0.011103,0.009111,0.060367,0.225156,,746000,,
6,5,,0.08025,0.161476,0.038412,0.036688,0.041518,0.322162,0.319492,,754800,,
6,6,,0.103419,0.11899,0.086718,0.024706,0.030441,0.198496,0.43723,,751400,,
6,5,,0.076371,0.088508,0.04013,0.067995,0.045689,0.357924,0.323382,,746300,,
6,2,,0.033565,0.029688,0.36684,0.077872,0.035656,0.13676,0.319619,,746000,,
6,2,,0.020829,0.032597,0.521159,0.023797,0.010111,0.096923,0.294585,,743900,,
6,6,,0.121949,0.147712,0.004762,0.007607,0.02288,0.290175,0.404915,,749100,,
6,6,,0.115764,0.138327,0.127992,0.026873,0.028249,0.188981,0.373814,,748900,,
6,2,,0.050492,0.037609,0.337974,0.05719,0.046275,0.144472,0.325988,,750700,,
6,2,,0.050056,0.060443,0.317693,0.146101,0.039926,0.156143,0.229639,,756300,,
6,6,,0.076366,0.133928,0.018577,0.02898,0.041774,0.329893,0.370483,,755600,,
6,2,,0.023318,0.035724,0.543061,0.056079,0.009337,0.098972,0.233509,,750600,,
6,6,,0.07838,0.143701,0.021523,0.007181,0.041511,0.351518,0.356187,,749600,,
6,6,,0.072912,0.136739,0.018934,0.011699,0.042667,0.337247,0.379802,,764400,,
6,6,,0.112067,0.030588,0.169799,0.058199,0.024672,0.29487,0.309805,,748500,,
6,6,,0.077943,0.107802,0.221855,0.023178,0.025527,0.170012,0.373682,,744700,,
6,6,,0.074202,0.100077,0.192702,0.027596,0.044141,0.173658,0.387624,,751900,,
6,2,,0.022153,0.029589,0.390792,0.077742,0.034533,0.102609,0.342581,,761500,,
6,6,,0.080372,0.093188,0.140495,0.022013,0.04369,0.20677,0.413472,,751800,,
6,6,,0.111702,0.192445,0.02282,0.00464,0.045058,0.258348,0.364987,,755200,,
6,6,,0.102304,0.122648,0.097221,0.024308,0.051312,0.197694,0.404513,,749500,,
6,6,,0.091811,0.114156,0.023877,0.008053,0.02489,0.345557,0.391656,,753400,,
6,6,,0.056668,0.146715,0.151393,0.032234,0.040352,0.22487,0.347769,,750700,,
6,6,,0.070326,0.040618,0.221147,0.133662,0.026968,0.213291,0.29399,,752700,,
6,6,,0.13084,0.13638,0.017159,0.003865,0.026744,0.249418,0.435593,,751900,,
6,6,,0.17274,0.110753,0.021161,0.004447,0.032413,0.278813,0.379674,,754000,,
6,6,,0.082755,0.080944,0.141875,0.079694,0.018157,0.259582,0.336994,,746700,,
6,6,,0.107044,0.025981,0.187494,0.098365,0.016925,0.279016,0.285177,,747100,,
6,6,,0.094318,0.12244,0.021661,0.013147,0.023235,0.266099,0.459099,,750400,,
6,6,,0.082877,0.110896,0.18804,0.023178,0.045882,0.149859,0.399267,,744400,,
6,6,,0.069937,0.033336,0.238384,0.107594,0.052897,0.203195,0.294657,,743500,,
6,6,,0.068804,0.102821,0.133525,0.040407,0.025385,0.162595,0.466463,,745700,,
6,6,,0.136267,0.02843,0.160434,0.071108,0.060406,0.21872,0.324636,,745900,,
6,2,,0.023666,0.035841,0.455187,0.087374,0.032599,0.110262,0.25507,,763100,,
6,6,,0.091817,0.153112,0.020404,0.03566,0.045791,0.303182,0.350033,,746500,,
6,6,,0.055338,0.206388,0.149281,0.030327,0.020117,0.176047,0.362502,,746200,,
6,6,,0.086623,0.103559,0.051011,0.061891,0.026626,0.23546,0.434831,,747700,,
6,6,,0.061627,0.207775,0.148826,0.018913,0.042458,0.225399,0.295003,,750000,,
6,6,,0.065647,0.043111,0.221644,0.134482,0.026613,0.196928,0.311575,,748900,,
6,2,,0.073592,0.045425,0.347765,0.109778,0.023079,0.153805,0.246556,,745700,,
6,6,,0.116412,0.1091,0.065451,0.024627,0.079456,0.17699,0.427965,,755000,,
6,2,,0.044242,0.074904,0.379655,0.004756,0.015948,0.10615,0.374345,,748400,,
6,6,,0.104624,0.041362,0.246399,0.084168,0.034049,0.194062,0.295337,,751600,,
6,6,,0.122197,0.11138,0.020119,0.004447,0.034036,0.31598,0.391841,,750400,,
6,6,,0.06979,0.111448,0.11921,0.003689,0.043435,0.207055,0.445374,,751900,,
6,6,,0.140819,0.084323,0.109164,0.035783,0.035637,0.180212,0.414063,,747800,,
6,2,,0.033077,0.030453,0.378131,0.080962,0.017783,0.161736,0.297857,,745100,,
6,6,,0.112954,0.119243,0.080903,0.023541,0.036071,0.18758,0.439708,,749500,,
6,2,,0.030151,0.031619,0.377772,0.102578,0.03892,0.102024,0.316935,,754000,,
6,2,,0.031883,0.040077,0.449901,0.068293,0.037445,0.115632,0.256769,,751300,,
6,6,,0.069902,0.153323,0.047845,0.026102,0.026073,0.242169,0.434586,,751100,,
6,6,,0.143899,0.044492,0.144815,0.050806,0.037911,0.227729,0.350347,,752100,,
6,6,,0.096475,0.089421,0.066729,0.027238,0.02037,0.334311,0.365457,,754300,,
6,6,,0.055361,0.075187,0.157166,0.031753,0.044732,0.20521,0.430591,,762600,,
6,6,,0.091739,0.060649,0.248472,0.088168,0.025516,0.204195,0.28126,,756900,,
6,6,,0.062666,0.108427,0.197156,0.034692,0.019558,0.155043,0.422458,,753300,,
6,6,,0.19874,0.110753,0.021161,0.004447,0.032413,0.252146,0.380341,,757500,,
6,6,,0.12552,0.089021,0.0455,0.014933,0.032009,0.287792,0.405224,,749400,,
6,6,,0.095689,0.121485,0.033369,0.009051,0.02449,0.244144,0.471772,,749000,,
6,6,,0.128971,0.165621,0.00463,0.00656,0.027665,0.276249,0.390303,,749300,,
6,6,,0.098904,0.031048,0.142797,0.135043,0.032992,0.255258,0.303957,,753300,,
6,6,,0.105048,0.120423,0.055805,0.028221,0.031623,0.210142,0.448738,,750800,,
6,6,,0.061912,0.106985,0.208362,0.031965,0.019558,0.154562,0.416657,,750800,,
6,6,,0.063141,0.057045,0.215868,0.112283,0.028372,0.208408,0.314884,,751200,,
6,2,,0.041439,0.060014,0.332369,0.051653,0.020301,0.17639,0.317834,,752100,,
6,6,,0.100231,0.028021,0.187892,0.054378,0.029506,0.240378,0.359595,,756000,,
6,6,,0.152451,0.086046,0.135713,0.036152,0.034384,0.173551,0.381702,,749800,,
6,6,,0.093271,0.141638,0.019805,0.003334,0.045467,0.323677,0.372808,,751200,,
6,6,,0.062516,0.115854,0.166714,0.001701,0.019394,0.196345,0.437477,,750400,,