pendigits,DStump,test,2,NANOSECONDS,PREDICTIONS, Generated by ClassifierExperiments.java on 2022-05-16 13:48:02.    SYSTEMPROPERTIES:{user.name:matth,os.arch:amd64,os.name:Windows 10},ENDSYSTEMPROPERTIES
No parameter info
0.7919127669241254,288273400,4400500,-1,62174936,10,,-1,-1
0,0,,0.665958,0.022699,0.009302,0.082829,0.039059,0.14358,0,0.004651,0.029648,0.002273,,9300,,
0,6,,0.147305,0.014184,0.040306,0.032624,0.179263,0.10919,0.242628,0.020507,0.2069,0.007092,,5700,,
0,0,,0.742518,0,0,0,0.094167,0.066578,0,0,0.096738,0,,7100,,
0,0,,0.636099,0,0,0.1,0.005882,0.137908,0.04281,0,0.044947,0.032353,,4500,,
0,0,,0.535747,0.011111,0.018519,0.002469,0.203704,0.041093,0.01875,0.011111,0.157496,0,,3600,,
0,0,,0.607183,0,0,0,0.1,0.073651,0.122222,0,0.096944,0,,4500,,
0,0,,0.738974,0,0,0,0.1,0.038333,0,0,0.122692,0,,3400,,
0,0,,0.267067,0.023171,0.027373,0.081493,0.062359,0.088498,0.220585,0.08814,0.056115,0.085199,,5100,,
0,0,,0.257391,0.029337,0.038346,0.012112,0.06032,0.033273,0.235594,0.029551,0.176627,0.12745,,4800,,
0,0,,0.723698,0.017128,0,0.008475,0.044211,0.111842,0.022034,0.006958,0.035192,0.030464,,4200,,
0,0,,0.614665,0.038781,0.040506,0,0.057013,0.059485,0.047772,0.033033,0.066596,0.042149,,4600,,
0,0,,0.254312,0.002158,0.014388,0.044099,0.08352,0.189606,0.128137,0.009547,0.245259,0.028975,,4600,,
0,0,,0.610965,0.021252,0,0.012321,0.145252,0.015981,0.034257,0.009159,0.125652,0.025162,,3800,,
0,8,,0.196544,0.030926,0.047641,0.019444,0.074645,0.064121,0.184824,0.110762,0.245537,0.025556,,4400,,
0,0,,0.497812,0.11,0.011308,0.011111,0.010229,0.090928,0.146036,0.027778,0.071093,0.023704,,4200,,
0,0,,0.672065,0.010294,0.014057,0.001471,0.012381,0.0157,0.140887,0.067375,0.056417,0.009353,,3300,,
0,0,,0.55483,0.010769,0.041538,0.014634,0.010075,0.078259,0.073168,0.004615,0.210891,0.00122,,4400,,
0,0,,0.571093,0.10271,0.023729,0,0.016279,0.057839,0.048634,0.0669,0.10584,0.006977,,2900,,
0,0,,0.753495,0,0,0,0.012903,0.035484,0.008333,0,0.083333,0.106452,,3700,,
0,0,,0.699827,0.015796,0.023529,0.016185,0,0.01716,0.072267,0.023815,0.121793,0.009628,,3100,,
0,4,,0.058298,0.07357,0.093625,0.026951,0.194158,0.032882,0.166021,0.14462,0.182602,0.027273,,4300,,
0,0,,0.494978,0.029524,0,0.192381,0.02,0.116667,0,0.03,0.111688,0.004762,,4600,,
0,0,,0.207436,0.112293,0.06951,0,0.179173,0.019178,0.100495,0.161061,0.120351,0.030502,,4500,,
0,0,,0.623374,0.119557,0,0.01809,0.009615,0,0.145111,0.005541,0.066163,0.012549,,3200,,
0,0,,0.353746,0.02814,0.029574,0.1,0.044909,0.039599,0.186967,0.038696,0.072692,0.105676,,3300,,
0,0,,0.718041,0.001639,0.021311,0.006557,0.102007,0.092532,0,0.003704,0.046516,0.007692,,3700,,
0,0,,0.481366,0.08319,0,0.001149,0.060086,0.085769,0.042261,0.018094,0.193306,0.03478,,3400,,
0,0,,0.653304,0.006306,0.015315,0.009009,0.042453,0.095352,0,0.007207,0.164932,0.006122,,3200,,
0,0,,0.311767,0.005952,0,0.015179,0.054048,0.240173,0.218233,0.005448,0.134675,0.014524,,4500,,
0,0,,0.703692,0.053327,0,0,0.043605,0.020133,0.037389,0.036843,0.074684,0.030328,,2300,,
0,0,,0.56253,0.010256,0.00566,0.00641,0.042978,0.104469,0.089156,0.069061,0.08539,0.02409,,2300,,
0,0,,0.570138,0.009333,0,0.039,0.057569,0.056162,0.122017,0.003667,0.125428,0.016686,,3600,,
0,0,,0.599561,0.103448,0,0,0.027586,0.017884,0.1,0.003448,0.129682,0.018391,,2800,,
0,8,,0.08678,0.079832,0.049733,0.130265,0.093917,0.086892,0.021277,0.054571,0.256714,0.14002,,4500,,
0,0,,0.511145,0.019941,0.021241,0.009271,0.03249,0.03038,0.278863,0.012648,0.078686,0.005335,,2900,,
0,0,,0.634448,0.012855,0,0.016185,0.092377,0.023785,0.097027,0.004389,0.097677,0.021256,,2000,,
0,8,,0.152408,0.00411,0.112329,0,0.219102,0.032143,0.101712,0.048506,0.329691,0,,4900,,
0,0,,0.336472,0.103226,0.018055,0.017204,0.1,0.134617,0.167409,0.031195,0.069241,0.022581,,4500,,
0,0,,0.735955,0.002941,0.023529,0,0.1,0.012231,0.020588,0.020588,0.084167,0,,2800,,
0,0,,0.614435,0.164764,0.043333,0.001149,0.059438,0.02728,0.012261,0.016335,0.024096,0.036909,,3700,,
0,0,,0.418208,0.015361,0.021805,0,0.068407,0.015313,0.148113,0.104975,0.155891,0.051927,,3800,,
0,0,,0.470477,0.005505,0.02844,0.110631,0.043294,0.075504,0.021277,0.011927,0.226516,0.006429,,3700,,
0,0,,0.675202,0.02658,0.035,0.009187,0.038372,0.052107,0.039921,0.017599,0.092603,0.013429,,2700,,
0,0,,0.66444,0.010256,0,0.10641,0.037907,0.028205,0.025758,0.066667,0.032286,0.028071,,1900,,
0,0,,0.504595,0.028788,0.009697,0,0.211237,0.096939,0.026531,0.050433,0.041497,0.030284,,3400,,
0,0,,0.624603,0.020635,0.02877,0.05377,0.019544,0.042857,0.128571,0.007639,0.053571,0.02004,,2500,,
0,0,,0.515315,0.008333,0.002778,0,0.141756,0.065221,0.011111,0.111111,0.135593,0.008781,,1600,,
0,0,,0.397484,0.221796,0.020779,0.009196,0.055405,0.020885,0.032432,0.071693,0.118498,0.051831,,3000,,
0,0,,0.407844,0.018716,0,0.010468,0.04636,0.109398,0.195741,0.040598,0.143482,0.027391,,3300,,
0,0,,0.777096,0.010227,0,0,0.042727,0.070202,0,0,0.091793,0.007955,,2400,,
0,0,,0.68611,0.012855,0,0.016185,0.088889,0.044831,0.051678,0.003227,0.086598,0.009628,,1200,,
0,0,,0.553368,0,0.066667,0.025,0.103783,0.169048,0.021277,0,0.056603,0.004255,,2800,,
0,0,,0.420166,0,0.033813,0.02,0.004444,0.086611,0.038358,0.048244,0.332809,0.015556,,3600,,
0,0,,0.685497,0.029337,0,0.012112,0.13553,0.023529,0.008338,0.02045,0.054531,0.030676,,2600,,
0,0,,0.656056,0,0,0.008511,0.067571,0.081827,0.053034,0.002128,0.105272,0.025602,,2600,,
0,3,,0.071411,0.092827,0.156262,0.215279,0.081352,0.042897,0.122525,0.095787,0.099365,0.022295,,3500,,
0,0,,0.639412,0,0.02,0.155556,0.016667,0.017624,0,0.007778,0.142965,0,,2200,,
0,0,,0.356987,0.01894,0.005714,0.043738,0.067305,0.066726,0.180496,0.012061,0.240432,0.007601,,2000,,
0,0,,0.647034,0.013559,0,0.008475,0.201695,0.001695,0.091949,0.00339,0.023729,0.008475,,2100,,
0,4,,0.206389,0.020742,0.106869,0.144821,0.303484,0.053798,0.020192,0.074576,0.012926,0.056204,,5200,,
0,0,,0.433655,0.015617,0.027553,0.04226,0.076697,0.091502,0.186618,0.031985,0.041768,0.052345,,3000,,
0,0,,0.718471,0.009804,0,0,0.107843,0.03125,0.035662,0.011765,0.075401,0.009804,,2100,,
0,8,,0.096997,0.003226,0.005376,0.017204,0.2,0.18159,0.123295,0.010753,0.338978,0.022581,,2600,,
0,0,,0.726289,0.003333,0.0625,0.001667,0.005,0.044444,0.02,0.00537,0.128063,0.003333,,1600,,
0,0,,0.293064,0.045885,0.046253,0.073166,0.108342,0.044119,0.122816,0.044957,0.067621,0.153777,,4500,,
0,0,,0.372323,0.02,0,0,0.186667,0.114634,0.041667,0.043333,0.204709,0.016667,,2200,,
0,0,,0.766654,0,0,0,0.080645,0.046028,0,0,0.070113,0.036559,,2100,,
0,0,,0.334502,0.016364,0.017277,0.016364,0.015464,0.013292,0.262126,0.039101,0.276419,0.009091,,4100,,
0,0,,0.69614,0.041858,0.05,0.007463,0.038021,0.040806,0.068059,0.010467,0.026464,0.020723,,2900,,
0,0,,0.660207,0.012658,0.040506,0,0,0.002941,0.172257,0.01519,0.09624,0,,2600,,
0,0,,0.49333,0.033584,0.040506,0,0.150856,0.021687,0.022257,0.03415,0.179089,0.02454,,2200,,
0,0,,0.705566,0.011321,0.08,0.007547,0.021987,0.055102,0.020755,0.00566,0.084052,0.008009,,2000,,
0,0,,0.406849,0.035197,0.001316,0.055757,0.040414,0.197419,0.033873,0.03198,0.151636,0.045559,,3800,,
0,0,,0.710623,0.008621,0,0.001724,0.120115,0.038761,0.041379,0.001724,0.064345,0.012708,,1900,,
0,0,,0.612506,0.011321,0,0.107547,0.111216,0.016667,0.037996,0.067729,0.026235,0.008783,,2100,,
0,0,,0.532302,0.019048,0.002222,0,0.112488,0.0525,0.041816,0.019048,0.203361,0.017216,,3300,,
0,0,,0.282708,0.015394,0.014645,0.107586,0.04623,0.215255,0.082732,0.023131,0.183623,0.028696,,3000,,
0,0,,0.597168,0.105556,0,0,0.039116,0.056082,0.041642,0.008333,0.138385,0.013719,,2200,,
0,0,,0.384618,0.045433,0.036464,0.059936,0.086866,0.081582,0.149629,0.05034,0.04744,0.057692,,2500,,
0,0,,0.712682,0,0,0.014634,0.151203,0.019164,0.030488,0,0.06561,0.00622,,2300,,
0,0,,0.757866,0.006,0,0.004,0.106,0.034615,0.01,0.002,0.073518,0.006,,2000,,
0,0,,0.627662,0,0,0,0,0.08381,0,0,0.288528,0,,2700,,
0,0,,0.570432,0.018895,0.1,0,0.038525,0.111364,0.037745,0.012901,0.088971,0.021168,,2600,,
0,0,,0.630931,0.009091,0,0.126959,0.012903,0.083737,0.005263,0.004545,0.092845,0.033724,,1800,,
0,0,,0.784286,0.007619,0.005714,0.03619,0.03619,0.027143,0,0.010952,0.08619,0.005714,,2700,,
0,7,,0.248691,0.05622,0.019097,0.08,0.02901,0.042463,0.093229,0.317939,0.035945,0.077406,,2400,,
0,0,,0.630541,0.017734,0,0.001786,0.070099,0.027808,0.035338,0.006957,0.171954,0.037783,,3000,,
0,0,,0.687084,0.019743,0.018519,0.006469,0.038651,0.026494,0.01,0.013111,0.162087,0.017842,,2000,,
0,0,,0.738344,0,0,0.089634,0.008537,0.037136,0.030488,0,0.094642,0.00122,,1900,,
0,0,,0.514231,0.009195,0.024138,0.047368,0.108046,0.074839,0.117241,0.006897,0.055939,0.042105,,2500,,
0,6,,0.107747,0.109267,0.027935,0,0.136757,0.003462,0.236781,0.051646,0.225945,0.10046,,4400,,
0,0,,0.242556,0.05356,0.060468,0.025199,0.061458,0.025993,0.176935,0.232948,0.053013,0.06787,,3100,,
0,0,,0.465699,0.01383,0,0.053488,0.070622,0.129639,0.107692,0.011702,0.124592,0.022736,,2200,,
0,0,,0.538163,0.016069,0.035,0.00125,0.059985,0.09752,0.005,0.01125,0.22492,0.010843,,2400,,
0,0,,0.365356,0.02381,0.014966,0.047321,0.157726,0.040136,0.172338,0.013504,0.141035,0.02381,,2100,,
0,0,,0.631618,0,0.002222,0,0.004722,0.0525,0.230278,0,0.078659,0,,1800,,
0,0,,0.652898,0.012984,0,0,0.036693,0.05,0.002722,0.030168,0.20155,0.012984,,2500,,
0,4,,0.112755,0.018265,0.037018,0,0.308014,0.01701,0.179528,0.115461,0.191175,0.020772,,3000,,
0,0,,0.331114,0.05855,0.0593,0.025,0.057027,0.060588,0.136628,0.042938,0.072568,0.156287,,1900,,
0,0,,0.552512,0.020962,0.001818,0.111455,0.016879,0.061382,0.114752,0.011295,0.079863,0.029081,,1900,,
0,0,,0.605998,0,0,0.106884,0,0.115217,0.004167,0,0.163386,0.004348,,3000,,
0,7,,0.255224,0.012854,0.012329,0.06,0.034359,0.023203,0.033379,0.3129,0.036442,0.21931,,3300,,
0,0,,0.61217,0.014679,0.011838,0.040621,0.074871,0.080063,0.06907,0.002128,0.077672,0.016888,,2600,,
0,0,,0.47896,0.002083,0.002083,0.0125,0.025,0.175739,0.101735,0.060976,0.114361,0.026562,,3200,,
0,0,,0.706337,0.002941,0,0.011765,0.029968,0.046641,0.038235,0.002941,0.142769,0.018402,,2300,,
0,6,,0.239946,0.007692,0.003846,0,0.056936,0.051754,0.410338,0.018893,0.192713,0.017881,,3400,,
0,8,,0.166883,0.044,0,0,0.172,0.057021,0.162974,0.028,0.341122,0.028,,2600,,
0,6,,0.275251,0.04693,0.010179,0,0.070795,0.133077,0.297644,0.043392,0.101783,0.020949,,1900,,
0,0,,0.593255,0.009524,0,0.106926,0.030226,0.069599,0.038983,0,0.122212,0.029275,,2600,,
0,0,,0.287837,0.00844,0.001786,0.14938,0.037622,0.119635,0.167949,0.056534,0.119072,0.051746,,2100,,
0,0,,0.679006,0,0,0.012727,0,0.042674,0.153275,0.040187,0.070312,0.001818,,2400,,
0,0,,0.692341,0.007,0,0,0.08,0.048529,0.016667,0.001,0.143463,0.011,,2200,,
0,0,,0.400917,0.045703,0.035999,0.005769,0.065984,0.138696,0.120851,0.014269,0.124303,0.047507,,2100,,
0,0,,0.70176,0.013363,0.009302,0.024179,0.018605,0.02208,0.02381,0.006238,0.174314,0.006349,,1400,,
0,0,,0.297191,0.036611,0.036289,0.070389,0.048742,0.054421,0.188625,0.076735,0.11972,0.071278,,2100,,
0,0,,0.352057,0.039634,0.046047,0.055556,0.131497,0.033826,0.137551,0.114361,0.08024,0.009231,,3400,,
0,0,,0.587815,0.008929,0,0.014683,0.036844,0.010714,0.058664,0.041349,0.221041,0.019962,,1800,,
0,0,,0.651099,0.02284,0.019753,0.001852,0.050265,0.030952,0.048765,0.002469,0.162746,0.009259,,2300,,
0,7,,0.134531,0.029205,0.083443,0,0.146388,0.00339,0.135459,0.194794,0.152593,0.120198,,4300,,
0,0,,0.328838,0.008861,0.046167,0,0.106454,0.029283,0.170999,0.141805,0.028353,0.139241,,1800,,
0,0,,0.715128,0.00641,0,0,0.078205,0.052821,0.007692,0.008974,0.111538,0.019231,,1800,,
0,0,,0.640743,0.01201,0,0.007463,0.029408,0.155379,0.034328,0.001493,0.117685,0.001493,,1400,,
0,0,,0.772059,0.024658,0.041538,0.005556,0.009872,0.043746,0.016923,0.029615,0.050478,0.005556,,2400,,
0,6,,0.199244,0.009804,0.015185,0.05,0.195986,0.035516,0.309872,0.032054,0.132423,0.019916,,3300,,
0,0,,0.641431,0.010256,0.033333,0.025329,0.033611,0.030908,0.035586,0.008108,0.144432,0.037006,,1700,,
0,8,,0.176266,0.000855,0.037374,0.023932,0.130572,0.030004,0.174617,0.045881,0.368534,0.011966,,1600,,
0,0,,0.514879,0.019836,0,0.029275,0.180424,0,0.029275,0.018126,0.161993,0.046192,,2100,,
0,0,,0.664914,0.015512,0.008661,0.047244,0.131276,0.019188,0.1,0,0.012417,0.000787,,2300,,
0,0,,0.724955,0.001724,0.1,0.008621,0.018833,0.005172,0.052918,0.005172,0.074913,0.007692,,2000,,
0,0,,0.520425,0.013549,0.035,0.00125,0.052669,0.027845,0.1013,0.041327,0.164192,0.042443,,2500,,
0,0,,0.637265,0.009091,0,0.104545,0.053488,0.018949,0.058392,0.001163,0.078205,0.038901,,3100,,
0,6,,0.218156,0.023214,0.154563,0.003968,0.076319,0.015686,0.253922,0.075992,0.04916,0.12902,,3100,,
0,0,,0.527118,0.0125,0,0.045833,0.011616,0.156061,0.056172,0.069307,0.076392,0.045,,2300,,
0,6,,0.045556,0.016667,0.308333,0,0.022222,0.01,0.4,0.038889,0.155556,0.002778,,7800,,
0,0,,0.653758,0.022993,0.036986,0.009407,0.014637,0.071751,0.078535,0.01751,0.085484,0.00894,,1400,,
0,4,,0.209784,0.072431,0.045699,0.067965,0.298317,0.03713,0.055995,0.018654,0.04922,0.144805,,3700,,
0,0,,0.615508,0.012855,0,0.016185,0.029562,0.085337,0.097267,0.003227,0.116957,0.023103,,1900,,
0,7,,0.123634,0.063028,0.070451,0.069828,0.08594,0.026067,0.107112,0.243352,0.081031,0.129558,,3100,,
0,0,,0.571261,0.008295,0,0.018182,0.031032,0.099327,0.100095,0.00368,0.127222,0.040907,,2900,,
0,0,,0.506446,0.104918,0.039334,0.003279,0.01884,0.014676,0.165174,0.095626,0.051707,0,,2400,,
0,0,,0.442054,0.025517,0.000239,0.200359,0.001887,0.082873,0.100559,0.000319,0.13577,0.010422,,2300,,
0,0,,0.4899,0.006306,0.015315,0.009009,0.126126,0.216975,0,0.007207,0.129161,0,,2300,,
0,0,,0.505048,0,0,0.191765,0.040525,0.029267,0.045349,0.001163,0.159622,0.027261,,2400,,
0,0,,0.690119,0.041341,0.019753,0.002941,0.088198,0.023932,0.050508,0.026149,0.029004,0.028054,,1800,,
0,0,,0.837837,0.006941,0,0.021765,0.002941,0.018412,0.070235,0.006941,0.016633,0.018294,,2000,,
0,0,,0.366306,0.004623,0,0.115867,0.032663,0.021496,0.194853,0.068691,0.184258,0.011244,,1700,,
0,0,,0.631112,0.072602,0.039759,0,0.160368,0.018072,0.007994,0.031861,0.028525,0.009707,,2100,,
0,0,,0.534293,0.005426,0.009302,0.090243,0.018605,0.064301,0,0.004651,0.268178,0.005,,1900,,
0,0,,0.534219,0.016318,0,0,0.068915,0.068667,0.006326,0.031279,0.255737,0.01854,,1900,,
0,0,,0.46685,0.019605,0.108547,0.023932,0.06685,0.056838,0.084516,0.026469,0.128178,0.018216,,2200,,
0,0,,0.615763,0.068508,0.018883,0.063842,0.028,0.035682,0.012491,0.008319,0.138342,0.010169,,1900,,
0,0,,0.503799,0.045545,0.022368,0,0.059081,0.08988,0.042969,0.052104,0.156343,0.02791,,1400,,
0,0,,0.738055,0.004918,0,0.009836,0.021538,0.035827,0.027869,0.001639,0.147807,0.012509,,2300,,
0,0,,0.517014,0,0,0.113542,0.022857,0.082529,0.044959,0,0.2191,0,,1900,,
0,0,,0.647594,0.092424,0,0,0.036564,0.129991,0.037255,0.001136,0.027986,0.02705,,2300,,
0,0,,0.566315,0,0,0,0.028288,0.035484,0.040385,0,0.313462,0.016067,,900,,
0,0,,0.641726,0.028888,0.021311,0.01575,0.119951,0.025865,0.017989,0.004545,0.103802,0.020172,,1800,,
0,0,,0.67047,0.022993,0,0.009407,0.010528,0.019422,0.071685,0.00929,0.177265,0.00894,,1400,,
0,0,,0.525914,0.038344,0.025581,0.016844,0.026112,0.045004,0.152709,0.065657,0.07363,0.030205,,1800,,
0,4,,0.071381,0.029828,0.144067,0.000767,0.307143,0.004545,0.234916,0.051643,0.0556,0.10011,,3500,,
0,0,,0.545191,0.044972,0.043333,0,0.04728,0.091913,0.061154,0.030189,0.097702,0.038266,,1700,,
0,0,,0.402492,0.014743,0.009943,0.159552,0.060415,0.107277,0.03961,0.025962,0.150245,0.029762,,2000,,
0,0,,0.520441,0.016981,0,0.095388,0.078431,0.032733,0.072004,0.027778,0.138889,0.017355,,3200,,
0,0,,0.770401,0.010769,0.041538,0,0.082184,0.042913,0.016923,0.004615,0.02743,0.003226,,1400,,
0,0,,0.694189,0.005952,0.020377,0.049141,0.036332,0.025269,0.081333,0.025005,0.052878,0.009524,,2700,,
0,0,,0.504398,0.009333,0.01,0.005667,0.111,0.113011,0.046452,0.026785,0.164022,0.009333,,1500,,
0,0,,0.720022,0,0,0.031818,0.026515,0.016667,0,0.004545,0.200433,0,,2800,,
0,0,,0.872867,0.013559,0,0.008475,0.021695,0.008362,0.016949,0.01339,0.036229,0.008475,,1700,,
0,0,,0.628474,0.001299,0.004,0.003896,0.062597,0.105195,0.07826,0.055299,0.048591,0.01239,,2100,,
0,0,,0.612048,0.015663,0.1,0,0.119277,0.021687,0,0.008434,0.103614,0.019277,,1700,,
0,0,,0.414425,0.001418,0.021277,0.032624,0.029611,0.008354,0.344484,0.012886,0.120219,0.014701,,3000,,
0,0,,0.668518,0.020051,0.014943,0.004598,0.029588,0.121272,0.093767,0.004598,0.032634,0.010033,,1200,,
0,0,,0.500862,0.033333,0.066667,0.001724,0.027586,0,0.031034,0,0.230172,0.108621,,2600,,
0,0,,0.778423,0.005952,0,0.015179,0.055229,0.028732,0.070144,0,0.027587,0.018755,,1800,,
0,0,,0.452545,0.010294,0,0.133824,0.078571,0.067318,0.064477,0.053333,0.09503,0.044608,,1900,,
0,8,,0.133995,0.021342,0.001818,0.060866,0.034675,0.073029,0.149754,0.16713,0.28475,0.072641,,1800,,
0,0,,0.610869,0.038729,0.036145,0,0.10203,0.037089,0.040031,0.040551,0.049148,0.045408,,2000,,
0,0,,0.649331,0.028927,0,0.029275,0.091106,0.081364,0.029672,0.019262,0.046841,0.024223,,1000,,
0,0,,0.456227,0.019578,0.1,0.029969,0.025039,0.057569,0.027067,0.013062,0.231683,0.039805,,2100,,
0,0,,0.290285,0.034939,0.027389,0.037876,0.034139,0.161421,0.138326,0.084179,0.167104,0.024342,,2100,,
0,0,,0.450523,0.062963,0,0,0.068519,0.148551,0.069444,0.022222,0.171296,0.006481,,2300,,
0,0,,0.637705,0.1,0,0,0,0.122951,0,0,0.139344,0,,1900,,
0,0,,0.507743,0,0,0.118056,0.030366,0.092519,0.077581,0.096415,0.037563,0.039757,,1900,,
0,0,,0.688122,0.005505,0.02844,0.016514,0.056464,0.03898,0,0.016093,0.149882,0,,1700,,
0,0,,0.758183,0.00303,0,0.011541,0.130532,0.006383,0.050677,0.002128,0.027917,0.009609,,1600,,
0,0,,0.599741,0.013102,0.035,0.006806,0.059583,0.184502,0.027222,0.013102,0.051683,0.009259,,1700,,
0,0,,0.641709,0.005505,0.02844,0.08318,0.122774,0.026896,0.034967,0.011927,0.01617,0.028431,,1300,,
0,0,,0.555071,0,0.1,0.046154,0.033333,0.025874,0,0.02408,0.198096,0.017391,,2300,,
0,0,,0.522867,0.008376,0.023529,0.003261,0.206522,0.041752,0.022762,0.047762,0.098169,0.025,,1900,,
0,1,,0.114457,0.230154,0.057156,0.098226,0.067554,0.121705,0.125937,0.04486,0.053258,0.086691,,3700,,
0,0,,0.498715,0.012855,0.000082,0.016185,0,0.056747,0.153056,0.003717,0.144017,0.114628,,1600,,
0,0,,0.546577,0.005699,0.030178,0.098076,0.063138,0.068924,0.022802,0.046022,0.08963,0.028954,,2000,,
0,0,,0.638679,0,0,0.034708,0.113826,0.019351,0.057515,0.011617,0.09391,0.030394,,1800,,
0,0,,0.577456,0.008046,0.01954,0,0.231897,0.059248,0.006897,0.011494,0.085423,0,,2300,,
0,0,,0.428272,0.010606,0.001538,0.037059,0.126968,0.100745,0.115049,0.02681,0.115812,0.03714,,2000,,
0,9,,0.112907,0.074963,0.079606,0.087823,0.098962,0.011769,0.093263,0.11086,0.153735,0.176112,,3100,,
0,0,,0.710856,0.04573,0.019753,0.002381,0.082157,0.028216,0.019533,0.020138,0.054381,0.016855,,1800,,
0,0,,0.39481,0.004762,0,0.122186,0.043287,0.128925,0.053005,0.005409,0.218391,0.029226,,2300,,
0,6,,0.255997,0.055203,0.094326,0.027502,0.08241,0.033903,0.259387,0.078037,0.050181,0.063054,,2000,,
0,0,,0.604544,0.016477,0.002083,0,0.060227,0.120202,0,0.008333,0.165595,0.022538,,1900,,
0,0,,0.737933,0.007611,0,0.005172,0.147151,0,0.012489,0.010765,0.042347,0.036531,,1600,,
0,0,,0.623626,0.033863,0.028571,0.002941,0.011288,0.064245,0.14503,0.038423,0.029675,0.022337,,2000,,
0,0,,0.630751,0,0.1,0,0.159038,0.023077,0.000397,0.004545,0.07296,0.009231,,1400,,
0,0,,0.697549,0,0,0.1,0.158333,0.002941,0,0,0.041176,0,,1700,,
0,0,,0.576562,0.027886,0.036145,0,0.070903,0.064598,0.007145,0.046274,0.133818,0.036669,,1800,,
0,0,,0.541726,0.020789,0.024348,0.007407,0.02037,0.095208,0.027182,0.011304,0.23685,0.014815,,1900,,
0,0,,0.595124,0.001818,0.001818,0.010329,0.030342,0.051954,0.065222,0.007582,0.214883,0.020928,,1600,,
0,1,,0.077266,0.207099,0.096491,0.069643,0.098022,0.009524,0.120909,0.111611,0.062412,0.147024,,3000,,
0,8,,0.229945,0.1,0,0.15,0.007692,0.139744,0,0,0.372619,0,,2500,,
0,0,,0.679835,0.051129,0.032558,0.019444,0.060632,0.014168,0.042377,0.028907,0.041711,0.02924,,1000,,
0,0,,0.775,0,0.025,0,0,0,0,0,0.1,0.1,,1900,,
0,0,,0.643695,0.038148,0.040506,0,0.112549,0.014286,0.035353,0.054602,0.051254,0.009608,,2200,,
0,0,,0.654573,0,0,0.034708,0.027386,0.030353,0.096498,0.011617,0.099217,0.045648,,1200,,
0,0,,0.669194,0.063684,0,0,0.046767,0.044394,0.02,0.016466,0.103931,0.035564,,2000,,
0,0,,0.295542,0.034364,0.006452,0.005636,0.020894,0.07849,0.228199,0.023994,0.294901,0.011528,,1900,,
0,0,,0.514496,0.019003,0.04986,0.046875,0.042891,0.058634,0.117774,0.045047,0.043756,0.061664,,2000,,
0,0,,0.460921,0.046945,0,0.007937,0.020983,0.081896,0.23629,0.011829,0.124764,0.008437,,2200,,
0,0,,0.569383,0.015275,0.014943,0.013108,0.067597,0.052017,0.059764,0.006725,0.176633,0.024554,,1600,,
0,0,,0.627865,0.010294,0,0.051471,0.012987,0.014209,0.071976,0.002941,0.184003,0.024254,,1600,,
0,0,,0.624924,0.016781,0.039759,0.011905,0.044538,0.070072,0.008819,0.0144,0.066419,0.102381,,2000,,
0,0,,0.395497,0.005952,0,0.015179,0.01369,0.031999,0.231368,0.003226,0.293564,0.009524,,2800,,
0,0,,0.648752,0.062195,0,0.009756,0.034146,0.044205,0.004878,0.002439,0.091189,0.102439,,2200,,
0,0,,0.768074,0.016216,0.1,0.002703,0.005405,0.002703,0.032432,0,0.064358,0.008108,,1700,,
0,8,,0.185005,0.046637,0.020127,0.038,0.216973,0.015028,0.11955,0.052934,0.269267,0.03648,,2100,,
0,0,,0.692747,0.021054,0.035,0.00125,0.034093,0.055,0.034412,0.023015,0.0913,0.01213,,1500,,
0,0,,0.593567,0.008952,0.008214,0.04819,0.070718,0.05731,0.086556,0.010498,0.099391,0.016603,,1600,,
0,0,,0.411938,0.005748,0,0.09108,0.017237,0.155317,0.044069,0.00136,0.231159,0.04209,,2200,,
0,0,,0.678498,0.0225,0,0,0.120192,0.014286,0.01,0.0125,0.034524,0.1075,,2000,,
0,0,,0.726005,0.027249,0,0.009193,0.043585,0.09,0.040212,0,0.043585,0.020172,,1600,,
1,2,,0.010614,0.094304,0.406854,0.084028,0.147868,0.14671,0.028728,0.04692,0.022862,0.011111,,4100,,
1,1,,0.022222,0.662115,0.1,0,0.02,0,0.011111,0.054444,0.013333,0.116774,,5100,,
1,2,,0.029808,0.030844,0.413907,0.107245,0.127203,0.061295,0.109185,0.072707,0.025492,0.022313,,4000,,
1,1,,0,0.561667,0,0,0.1,0,0,0.275,0,0.063333,,3500,,
1,1,,0.000175,0.704966,0.019048,0.000701,0.043333,0.009699,0,0.10469,0.016037,0.101352,,2700,,
1,1,,0.02345,0.333783,0.328338,0.066667,0.002469,0.016485,0.01,0.163653,0.018264,0.036892,,4900,,
1,1,,0.013498,0.441854,0.02993,0.035092,0.04153,0.009647,0.001639,0.116428,0.091421,0.21896,,3700,,
1,9,,0.025981,0.22531,0,0.003704,0.04461,0.027896,0.007407,0.123797,0.047641,0.493653,,4100,,
1,1,,0.014286,0.547411,0,0.011905,0.047222,0.002778,0,0.163153,0.12619,0.087055,,3200,,
1,2,,0.004339,0.156215,0.344726,0.131199,0.105309,0.042661,0.017301,0.123711,0.058247,0.016293,,4600,,
1,1,,0.028515,0.284462,0.107895,0.023676,0.147565,0.082689,0,0.036264,0.012526,0.276407,,4600,,
1,2,,0.007778,0.140687,0.550691,0.073996,0.056889,0.043109,0.039689,0.054799,0.018622,0.013741,,2700,,
1,1,,0.011111,0.718519,0,0,0.043519,0.002778,0,0.049074,0.103704,0.071296,,2600,,
1,1,,0.039617,0.431176,0.022093,0.014907,0.014815,0.012791,0.111506,0.224463,0.033531,0.095101,,1700,,
1,1,,0.00099,0.867111,0.013861,0.033663,0,0.009901,0,0.013922,0.006931,0.05362,,3600,,
1,2,,0,0.317915,0.361068,0.230659,0,0.005036,0.028424,0.033036,0.008036,0.015827,,4200,,
1,1,,0.1,0.740923,0,0.106557,0,0.010686,0,0,0.003279,0.038555,,3900,,
1,9,,0.016667,0.1875,0,0.185833,0.026667,0.065833,0,0.02,0.013333,0.484167,,4700,,
1,1,,0.026242,0.717432,0,0,0.089973,0,0.04065,0.044176,0.026829,0.054697,,3000,,
1,2,,0,0.273065,0.349139,0.111684,0.010186,0.217454,0.005932,0.008124,0.002031,0.022386,,3700,,
1,2,,0.133369,0.267307,0.327803,0.158746,0.008923,0.033478,0.005775,0.018896,0.01633,0.029374,,4000,,
1,1,,0.055034,0.3922,0,0.03568,0.004839,0.269906,0.001613,0.039626,0.038016,0.163085,,3200,,
1,1,,0.014286,0.810476,0,0.011905,0.033333,0,0,0.029762,0.02619,0.074048,,1400,,
1,1,,0.02603,0.654969,0,0.000546,0.087059,0.006011,0.04229,0.024153,0.029562,0.129381,,2400,,
1,1,,0.041311,0.318446,0.042035,0.106998,0.032653,0.178851,0.055696,0.025865,0.135858,0.062287,,3500,,
1,1,,0.066252,0.634016,0,0.014429,0.030326,0.015068,0.042722,0.10938,0.03309,0.054717,,2200,,
1,1,,0.02152,0.730635,0,0,0.052515,0.008421,0,0.064035,0.004211,0.118663,,2600,,
1,1,,0.03714,0.481394,0,0.029418,0.049858,0.004918,0.021111,0.027745,0.043889,0.304527,,4200,,
1,1,,0.061606,0.306404,0,0.074587,0.011288,0.20672,0.020111,0.036249,0.024807,0.258228,,2700,,
1,2,,0.025926,0.269187,0.291294,0.211689,0.009023,0.120475,0,0.01643,0.012004,0.043972,,3600,,
1,1,,0.008571,0.658176,0.032857,0,0.041304,0.018571,0.013602,0.038718,0.013665,0.174534,,3200,,
1,1,,0.018603,0.568602,0.00566,0.089568,0.008197,0.009972,0.001639,0.106153,0.032072,0.159533,,2300,,
1,2,,0.010667,0.324541,0.358409,0.005711,0.038088,0.033794,0.164549,0.042716,0.013525,0.008,,4000,,
1,1,,0.059667,0.37841,0.021111,0.022852,0,0.025766,0.051678,0.23656,0.14655,0.057406,,2200,,
1,3,,0.03933,0.124201,0.036019,0.333386,0.11218,0.030238,0.015556,0.047744,0.03601,0.225336,,4700,,
1,2,,0.000794,0.170416,0.417371,0.170843,0,0.080556,0.028869,0.054464,0.049702,0.026984,,3900,,
1,2,,0.0042,0.208469,0.263276,0.226872,0.028468,0.037223,0.016495,0.160411,0.023698,0.030887,,4400,,
1,3,,0.020413,0.031786,0.090529,0.370076,0.049354,0.121005,0.012,0.064293,0.133526,0.107017,,3800,,
1,1,,0.006757,0.695678,0.035135,0.001537,0,0.014865,0.001351,0.118926,0.011915,0.113837,,2100,,
1,1,,0,0.376645,0.159814,0.23125,0.002083,0.105208,0.104167,0.001042,0.003125,0.016667,,2400,,
1,2,,0.006977,0.130049,0.65234,0.002326,0.037709,0.006977,0.09103,0.028772,0.025216,0.018605,,2800,,
1,1,,0.013636,0.503007,0,0.055556,0.009091,0.004545,0,0.09641,0.021111,0.296643,,3300,,
1,1,,0.034558,0.452041,0,0.003363,0.027586,0.000363,0.031034,0.051363,0.00955,0.390141,,3000,,
1,3,,0.027445,0.186053,0.021761,0.47409,0.011136,0.034219,0.006838,0.017094,0.029518,0.191847,,1800,,
1,2,,0.021387,0.041529,0.419202,0.071537,0.012288,0.042355,0.016566,0.332067,0.015665,0.027403,,3400,,
1,2,,0.00339,0.104741,0.42142,0,0.1,0.020339,0.024687,0.051977,0.273446,0,,2800,,
1,3,,0.022346,0.203728,0.077504,0.386061,0.074982,0.041792,0.001087,0.141757,0.011057,0.039687,,3700,,
1,2,,0.014679,0.176399,0.562059,0.002738,0.084038,0.036917,0.050495,0.043425,0.029249,0,,3400,,
1,1,,0.021135,0.325286,0.145895,0.203254,0.034036,0.119139,0,0.108693,0.006632,0.035931,,2900,,
1,2,,0.003793,0.13723,0.271299,0.066667,0.078204,0,0.224815,0.123777,0.060883,0.033333,,2600,,
1,9,,0.054699,0.268492,0.013699,0.022171,0.023587,0.019662,0.059705,0.204539,0.040668,0.292778,,3500,,
1,1,,0.061265,0.447615,0.024545,0.019593,0.038146,0.032149,0.035166,0.12575,0.175197,0.040572,,2400,,
1,1,,0,0.707229,0.009639,0.007229,0.1,0.022892,0,0.137349,0.006024,0.009639,,2600,,
1,1,,0.025862,0.391379,0,0.001724,0.127586,0,0.031034,0.201724,0.005172,0.215517,,1100,,
1,1,,0.008,0.502186,0,0.011882,0,0.282843,0,0.011804,0.009843,0.173441,,2100,,
1,6,,0.052378,0.03267,0.263423,0.053101,0.038784,0.017495,0.415616,0.069367,0.041765,0.015401,,3400,,
1,1,,0.021558,0.396572,0.092932,0.138112,0.016883,0.043538,0.011429,0.023802,0.139728,0.115446,,3200,,
1,1,,0.013662,0.44358,0.222626,0.113244,0.016074,0.037852,0.099001,0.014611,0.002112,0.037238,,3000,,
1,4,,0.012663,0.277077,0,0.045635,0.361438,0.020833,0.002778,0.055801,0.006944,0.21683,,3800,,
1,1,,0.021722,0.629596,0,0.10303,0.06504,0.008421,0.006061,0.025045,0.019362,0.121722,,2800,,
1,1,,0.110667,0.735436,0.086797,0.000633,0.015808,0.029333,0,0.005515,0.003616,0.012195,,2200,,
1,1,,0.009302,0.301312,0.257268,0.115099,0.05293,0.036152,0.023409,0.113506,0.054232,0.03679,,1900,,
1,2,,0,0.285744,0.364013,0.233333,0,0,0.006383,0,0.110526,0,,3400,,
1,1,,0.012658,0.359211,0.26668,0.004935,0.078744,0.024415,0.033676,0.07117,0.138922,0.009589,,1900,,
1,1,,0.002306,0.294032,0.273019,0.100898,0.027395,0.047971,0.012879,0.070552,0.036231,0.134716,,2300,,
1,1,,0.016514,0.268374,0.175487,0.079526,0.056833,0.185085,0.00119,0.119048,0.035205,0.062737,,3400,,
1,1,,0.012728,0.691557,0.019149,0.017107,0.031801,0.016648,0,0.086121,0.015438,0.109451,,2300,,
1,5,,0.013088,0.209096,0.044972,0.226156,0.023505,0.300152,0.00511,0.107645,0.007517,0.062756,,2800,,
1,1,,0,0.571217,0,0,0,0,0,0.105556,0.066667,0.256561,,2800,,
1,1,,0.036503,0.632031,0,0,0.106938,0.011842,0.025,0.026096,0.044408,0.117182,,2300,,
1,7,,0.003478,0.236873,0.232708,0.163458,0.003478,0.026158,0.013913,0.288458,0.003279,0.028197,,2500,,
1,1,,0.042904,0.776584,0,0.013771,0.015661,0.007706,0.035896,0.018539,0.05489,0.034048,,2100,,
1,1,,0.007407,0.315086,0.030312,0.125853,0.016825,0.117775,0,0.210789,0.003614,0.172338,,3600,,
1,1,,0.12727,0.583867,0.035135,0.000633,0.028205,0.014865,0.00648,0.020138,0.020665,0.162742,,2000,,
1,1,,0.012611,0.625813,0,0,0.101478,0,0.006305,0.015468,0.111429,0.126897,,2800,,
1,1,,0.002469,0.556047,0.011111,0.116611,0,0.013759,0,0.225338,0.019372,0.055294,,2200,,
1,2,,0.008942,0.024707,0.222828,0.160928,0.116422,0.008701,0.154339,0.199872,0.08295,0.020309,,3300,,
1,1,,0.016514,0.297797,0.144294,0.268345,0.033239,0.054979,0,0.007895,0.110888,0.06605,,3300,,
1,3,,0.025,0.091447,0.197642,0.237538,0.072411,0.01941,0.160258,0.03903,0.116,0.041264,,2700,,
1,1,,0.006191,0.526828,0.129531,0.188068,0.009156,0.015085,0.000901,0.010696,0,0.113545,,3500,,
1,1,,0.055064,0.441656,0,0.017621,0.060162,0.052231,0.070165,0.013296,0.025885,0.263919,,2100,,
1,1,,0.000225,0.34383,0.310833,0.205,0.035225,0.031742,0.040225,0,0.000225,0.032697,,2400,,
1,1,,0.016315,0.39117,0.007427,0.057237,0.138824,0.038341,0.011244,0.172721,0.02893,0.137792,,2900,,
1,1,,0.012562,0.458436,0.003614,0.037639,0.016901,0.271792,0,0.004225,0.104687,0.090143,,2000,,
1,2,,0.047363,0.135339,0.306022,0.00303,0.142703,0.009211,0.109531,0.168532,0.064633,0.013636,,3100,,
1,1,,0.034478,0.35085,0.218116,0.059757,0.063286,0.065403,0.005379,0.112368,0.052755,0.037608,,2000,,
1,1,,0.009697,0.328788,0.146061,0.063636,0.088788,0.1,0,0.190909,0,0.072121,,2300,,
1,1,,0.021752,0.780708,0,0.010508,0.025171,0.002401,0.023077,0.01712,0.044029,0.075234,,1900,,
1,2,,0.033473,0.252606,0.291659,0.2173,0.022727,0.028832,0.097107,0.014455,0.01077,0.031073,,2000,,
1,1,,0.004348,0.63718,0,0,0.063949,0.1,0,0.110996,0.042391,0.041136,,3100,,
1,7,,0.004831,0.026104,0.162964,0.047886,0.038462,0.018305,0.20587,0.43082,0.047242,0.017517,,2600,,
1,1,,0.022222,0.34002,0.03559,0.05905,0.136111,0.020313,0.012674,0.018924,0.03192,0.323177,,2500,,
1,9,,0.07673,0.26096,0.083333,0.0099,0.078415,0.029868,0,0.141338,0.047837,0.271619,,2300,,
1,1,,0.004108,0.72329,0.011111,0.015361,0.108197,0.019591,0.001639,0.070279,0.016312,0.03011,,1400,,
1,1,,0.006,0.618,0,0.002,0.006,0.104,0.034,0.202,0.028,0,,1200,,
1,9,,0.039723,0.221003,0.005808,0.052174,0,0.31838,0,0.011324,0.007143,0.344445,,3500,,
1,2,,0,0.298679,0.327726,0.201819,0.009319,0.014227,0.004317,0.009319,0.003128,0.131466,,2100,,
1,1,,0.005714,0.532814,0.002273,0,0.142857,0.091414,0.002857,0.038874,0.013701,0.169495,,3100,,
1,2,,0.001951,0.017049,0.477451,0.043333,0.128571,0.068618,0.150411,0.084911,0.027703,0,,4300,,
1,1,,0,0.898504,0,0,0.013889,0.002778,0,0.016667,0,0.068162,,1400,,
1,1,,0.013142,0.618722,0.104545,0,0.009663,0.039394,0.009091,0.029871,0.013636,0.161936,,2200,,
1,1,,0,0.372375,0.347561,0,0,0,0.175897,0,0.104167,0,,3100,,
1,1,,0.013699,0.474503,0.010345,0.037931,0.017808,0.068224,0.00137,0.057778,0.158443,0.1599,,3500,,
1,1,,0.006505,0.312754,0.185061,0.237044,0.041234,0.013772,0.049947,0.13353,0.011022,0.009132,,3100,,
1,1,,0.029412,0.661985,0.011475,0.017695,0.12605,0.018033,0,0.068749,0.053196,0.013404,,1800,,
1,9,,0.001639,0.365574,0,0.000546,0.008197,0.006011,0.001639,0.205464,0.002732,0.408197,,1700,,
1,1,,0,0.880392,0,0,0,0,0,0,0.066667,0.052941,,1400,,
1,1,,0.034778,0.564481,0.009639,0.095548,0.026211,0.02307,0.035849,0.072241,0.019363,0.11882,,2500,,
1,1,,0.042777,0.494523,0.019149,0.013659,0.098912,0.019945,0,0.104743,0.042927,0.163366,,1500,,
1,1,,0.00733,0.494751,0,0.056494,0.027898,0.075884,0,0.166589,0.013738,0.157317,,2000,,
1,1,,0.042515,0.623657,0.02875,0.014204,0.007464,0.029195,0.036757,0.023257,0.059101,0.135101,,1100,,
1,1,,0.017308,0.607692,0,0.009615,0.009615,0,0.023077,0.203846,0.023077,0.105769,,2600,,
1,1,,0.017857,0.880665,0,0.001786,0.023214,0,0.014286,0.026724,0.023214,0.012254,,1400,,
1,2,,0,0.20769,0.543584,0.107065,0.055882,0.005003,0.016495,0.053093,0.008247,0.002941,,2900,,
1,3,,0.109552,0.03745,0.041587,0.381764,0.002752,0.080678,0.010092,0.026252,0.020179,0.289693,,4600,,
1,1,,0.015385,0.582692,0.003846,0,0.126923,0,0,0.215385,0.026923,0.028846,,1800,,
1,1,,0.061606,0.489419,0,0.002941,0.025177,0.002778,0.020111,0.303219,0.019634,0.075115,,1600,,
1,5,,0.015642,0.148618,0.031698,0.161819,0.026682,0.349776,0.01875,0.044484,0.028333,0.174198,,3800,,
1,2,,0.013261,0.068146,0.687902,0.00303,0.017722,0.020339,0.121432,0.045955,0.022212,0,,2900,,
1,1,,0,0.398389,0.118853,0.075853,0.071094,0.026529,0,0.041559,0.103614,0.164109,,2100,,
1,4,,0.041852,0.075527,0.015385,0.03255,0.539209,0.008654,0.107407,0.028946,0.114444,0.036026,,2100,,
1,1,,0.011696,0.454828,0.282194,0.078125,0.004167,0.035238,0.015974,0.08995,0.008185,0.019643,,3400,,
1,1,,0.02439,0.575741,0,0,0.099617,0.001887,0.04065,0.069864,0.026829,0.161022,,1200,,
1,2,,0.020298,0.228287,0.327818,0.231243,0.012088,0.03925,0.040377,0.037734,0.021107,0.041797,,3500,,
1,7,,0.031884,0.168499,0.004878,0.180853,0.007777,0.241701,0.036232,0.276449,0.016337,0.03539,,2600,,
1,9,,0.012828,0.150428,0.109773,0.10875,0.085859,0.089104,0,0.152078,0.04562,0.24556,,3300,,
1,1,,0.011759,0.369498,0.241032,0.160311,0.014,0.034338,0.1,0.028475,0.011888,0.028699,,2700,,
1,7,,0.005855,0.166024,0.278361,0.006383,0.0216,0.001064,0.171164,0.326638,0.020783,0.002128,,3100,,
1,1,,0.008699,0.677336,0.033803,0.005634,0.044118,0.015617,0,0.022379,0.020464,0.171951,,2800,,
1,1,,0.015,0.43368,0,0.01,0.033382,0.105263,0.005,0.082587,0.03636,0.278728,,2400,,
1,9,,0.154148,0.188899,0.004545,0.032976,0.087157,0.039569,0.016498,0.20485,0.029832,0.241526,,2400,,
1,1,,0.0125,0.640028,0.022093,0.015795,0.016667,0.012791,0,0.028295,0.032481,0.219352,,2600,,
1,1,,0,0.439577,0.181428,0.064142,0.030839,0.215057,0,0.034164,0.015663,0.019131,,3200,,
1,2,,0.05,0.216974,0.28657,0.067767,0.028637,0.118744,0.1,0.112533,0.005374,0.013402,,2400,,
1,1,,0.046634,0.548526,0.001818,0,0.115512,0.023071,0.007273,0.079177,0.065422,0.112567,,2100,,
1,1,,0.006383,0.796099,0.002128,0,0.055319,0,0,0.01964,0.014894,0.105537,,1800,,
1,9,,0.004167,0.226051,0,0,0.058333,0.002083,0,0.174243,0.037459,0.497663,,3300,,
1,1,,0.004918,0.458852,0.016823,0.02069,0.211475,0.049476,0,0.084658,0.025287,0.12782,,3100,,
1,9,,0.04,0.264491,0,0,0.023913,0.006083,0.002174,0.278635,0.03244,0.352265,,2600,,
1,1,,0.002326,0.727563,0,0,0.155814,0.002326,0,0.011343,0.002326,0.098303,,1800,,
1,1,,0.029412,0.670728,0,0.002941,0.02605,0,0,0.112465,0.046639,0.111765,,1600,,
1,1,,0.041293,0.547857,0.023529,0.009327,0.035694,0.03357,0.016216,0.126262,0.038532,0.127718,,1300,,
1,1,,0.078412,0.521857,0.011111,0.026356,0.042665,0.019963,0.050677,0.023609,0.041498,0.183852,,1400,,
1,1,,0.022222,0.693056,0,0.0125,0.011111,0,0,0.1,0.069444,0.091667,,2500,,
1,1,,0.073333,0.778046,0,0,0,0,0,0.041724,0,0.106897,,2000,,
1,2,,0.016216,0.292336,0.406786,0.146509,0.028626,0.024212,0,0.007207,0.008108,0.07,,2500,,
1,1,,0.005376,0.430382,0.169687,0.152151,0.002151,0.162903,0.008534,0.049462,0.007527,0.011828,,2400,,
1,1,,0.016393,0.661475,0,0.004918,0.006557,0.1,0.006557,0.164754,0.037705,0.001639,,2000,,
1,1,,0.03378,0.262118,0.013603,0.014754,0.158059,0.204877,0,0.089319,0.027333,0.196156,,2400,,
1,1,,0,0.96144,0,0,0,0,0,0.022233,0,0.016327,,1600,,
1,1,,0.025974,0.349762,0.01875,0.053361,0.002597,0.161125,0.04026,0.154126,0.032519,0.161524,,2400,,
1,1,,0,0.79788,0,0.172332,0,0,0,0.022694,0.001506,0.005588,,2500,,
1,2,,0.014706,0.07547,0.345183,0.056219,0.060293,0.034259,0.035063,0.341986,0.032211,0.004612,,3100,,
1,1,,0.031927,0.656207,0.020792,0.00198,0.057878,0.020792,0,0.049359,0.034374,0.12669,,1600,,
1,1,,0.021546,0.719836,0,0.029275,0.040424,0,0.029275,0.018126,0.028659,0.112859,,1200,,
1,1,,0.005882,0.811765,0,0,0.144118,0.002941,0,0,0.017647,0.017647,,1600,,
1,1,,0.023193,0.698193,0.125,0.014454,0.075294,0,0,0.011597,0.037815,0.014454,,2500,,
1,3,,0.042735,0.095757,0.127652,0.415544,0.036422,0.073602,0.016036,0.139545,0.015592,0.037114,,3500,,
1,1,,0.031051,0.687966,0,0.004121,0.034247,0.006011,0.001639,0.061518,0.05032,0.123126,,1000,,
1,1,,0.009302,0.383592,0.058996,0.298269,0.070487,0.026251,0.001087,0.12048,0.004403,0.027135,,1600,,
1,2,,0.001111,0.281046,0.400918,0.129767,0,0.006925,0.034444,0.127339,0.006822,0.011628,,2700,,
1,1,,0,0.621439,0.006897,0,0.131034,0,0,0.018268,0.12069,0.101672,,2300,,
1,1,,0.02435,0.611878,0,0.058833,0.009091,0.004733,0,0.067375,0.023679,0.20006,,2000,,
1,1,,0.0125,0.703397,0.022093,0.015795,0.016667,0.012791,0,0.028295,0.022481,0.165983,,1100,,
1,1,,0.009458,0.349349,0.17133,0.163781,0.016438,0.053615,0.052222,0.011,0.02031,0.152497,,2700,,
1,1,,0,0.641794,0.003813,0.025512,0.1,0.022015,0,0,0.1072,0.099666,,2100,,
1,1,,0,0.983333,0,0,0,0,0,0,0.016667,0,,1600,,
1,1,,0.03136,0.622374,0,0.01074,0.011111,0.101639,0.027869,0.128037,0.022817,0.044052,,1400,,
1,1,,0.066252,0.550683,0,0.014429,0.030326,0.015068,0.042722,0.10938,0.13309,0.038051,,1200,,
1,2,,0.019648,0.13115,0.352176,0.196652,0.142571,0.037157,0.027931,0.05759,0.019719,0.015407,,2100,,
1,1,,0.010139,0.605726,0.02875,0.00125,0.217778,0.0275,0.0025,0.017917,0.0075,0.08094,,1500,,
1,2,,0.03074,0.257694,0.452987,0.109223,0.024235,0.032714,0.019886,0.012411,0.034321,0.02579,,2500,,
1,1,,0.007692,0.826923,0,0,0.138462,0,0,0.007692,0.003846,0.015385,,1500,,
1,1,,0.02005,0.501253,0,0.1,0.101378,0,0.015288,0.015288,0.015038,0.231704,,3000,,
1,1,,0.032583,0.283292,0.007439,0.045506,0.0305,0.079606,0.034333,0.130201,0.1275,0.22904,,3000,,
1,6,,0.001379,0.057442,0.328348,0.045421,0.02188,0.023901,0.338234,0.148136,0.021431,0.013828,,3800,,
1,1,,0.009639,0.35408,0.328981,0.098619,0.011106,0.048286,0.030489,0.027856,0.030317,0.060628,,3100,,
1,1,,0.032222,0.629101,0,0,0.1325,0,0.021111,0.0225,0.038333,0.124232,,1300,,
1,9,,0.018962,0.290389,0,0,0.017808,0.114466,0.00137,0.034674,0.082618,0.439714,,3100,,
1,1,,0.006,0.730405,0,0.000633,0.028,0,0.006,0.110848,0.014949,0.103165,,2100,,
1,1,,0.003891,0.613312,0,0.000938,0.011111,0.003891,0,0.161076,0.002627,0.203153,,1200,,
1,1,,0.009118,0.760074,0.016298,0.044936,0.007753,0.045018,0.057535,0.032487,0.007316,0.019465,,2800,,
1,2,,0.021381,0.066548,0.450086,0.021622,0.20625,0.031713,0.148728,0.014469,0.017455,0.021748,,3200,,
1,1,,0.00283,0.60987,0.10489,0.061114,0.004914,0.034011,0.006673,0.015458,0.118131,0.042109,,1400,,
1,1,,0.013561,0.378623,0.244624,0.116054,0.027121,0.040886,0.029557,0.098233,0.022022,0.029318,,2200,,
1,1,,0.05,0.738889,0,0.019444,0.019444,0,0.038889,0.066667,0.011111,0.055556,,1700,,
1,1,,0.064613,0.685072,0,0.012979,0.036018,0.011835,0.041083,0.054167,0.028852,0.065383,,2000,,
1,3,,0.024151,0.042264,0.2575,0.316779,0.030106,0.067207,0.030748,0.101183,0.054423,0.075639,,2500,,
1,1,,0.016393,0.703108,0.021111,0.011585,0.081557,0.017778,0.031557,0.039017,0.045483,0.03241,,1100,,
1,1,,0.01715,0.328163,0.002632,0.065,0.045332,0.141745,0,0.11833,0.017622,0.264026,,3200,,
1,1,,0.01,0.428571,0.004762,0.130952,0.014286,0.107143,0.01,0.2,0,0.094286,,2600,,
1,1,,0,0.475352,0.278996,0.033913,0.026087,0.005217,0.087681,0.083188,0.001739,0.007826,,2400,,
1,9,,0.021665,0.164495,0,0.05679,0.023821,0.058076,0.004938,0.109103,0.054957,0.506155,,2200,,
1,1,,0.024288,0.498926,0,0.010345,0.102999,0,0.011244,0.06994,0.015592,0.266667,,2200,,
1,1,,0.015436,0.59159,0.006155,0.042857,0.089026,0,0,0.039784,0.012121,0.20303,,1700,,
1,9,,0.088889,0.047778,0.232274,0.036667,0.05,0.006667,0.069524,0.124869,0.062778,0.280556,,2800,,
1,5,,0.018483,0.053078,0.06823,0.144707,0.026682,0.368892,0,0.044199,0.048877,0.226851,,2200,,
1,1,,0.021456,0.750198,0.005466,0.023159,0.046871,0.01688,0,0.031545,0.017497,0.086928,,1200,,
1,1,,0,0.625,0,0,0,0,0,0.175,0,0.2,,1700,,
