cardiotocography-10clases,Tuned_CWT,test,1,NANOSECONDS,PREDICTIONS, Generated by ClassifierExperiments.java on 2022-05-16 01:18:10.    SYSTEMPROPERTIES:{user.name:matth,os.arch:amd64,os.name:Windows 10},ENDSYSTEMPROPERTIES
No parameter info
0.4069767441860465,542967500,454249800,-1,20092368,10,,-1,-1
0,0,,0.312799,0.024645,0.03404,0,0.043186,0.008454,0.169877,0.065754,0.051551,0.289694,,1129300,,
0,1,,0.066767,0.38067,0.003806,0.055866,0.008646,0.286564,0.017787,0.013441,0.007191,0.159261,,1029300,,
0,0,,0.360444,0.011331,0.030189,0,0.04022,0.007165,0.144248,0.05573,0.058442,0.292232,,1033700,,
0,9,,0.280444,0.011331,0.030189,0,0.04022,0.007165,0.144248,0.05573,0.138442,0.292232,,1025400,,
0,9,,0.267111,0.017997,0.030189,0,0.04022,0.007165,0.144248,0.05573,0.138442,0.298898,,1019700,,
0,9,,0.259466,0.011312,0.03404,0,0.083186,0.008454,0.169877,0.065754,0.068218,0.299694,,1021500,,
0,9,,0.260444,0.011331,0.030189,0,0.10022,0.007165,0.144248,0.05573,0.078442,0.312232,,1022100,,
0,9,,0.269968,0.011331,0.030189,0,0.04022,0.007165,0.144248,0.05573,0.148918,0.292232,,1403100,,
0,9,,0.263777,0.011331,0.030189,0,0.04022,0.007165,0.144248,0.05573,0.155109,0.292232,,1730900,,
0,0,,0.259466,0.011312,0.03404,0,0.044436,0.008454,0.169877,0.065754,0.199468,0.207194,,1390100,,
0,0,,0.312799,0.024645,0.03404,0,0.043186,0.008454,0.169877,0.065754,0.051551,0.289694,,1031500,,
0,9,,0.300444,0.011331,0.030189,0,0.04022,0.007165,0.144248,0.05573,0.098442,0.312232,,1019400,,
0,0,,0.277111,0.044664,0.030189,0,0.04022,0.007165,0.144248,0.05573,0.135109,0.265565,,1021800,,
0,0,,0.390322,0.010432,0.030189,0,0.04193,0.007165,0.144248,0.05573,0.146034,0.173951,,1027800,,
0,9,,0.283777,0.011331,0.030189,0,0.04022,0.007165,0.144248,0.05573,0.135109,0.292232,,1037000,,
0,1,,0.046767,0.46067,0.003806,0.055866,0.008646,0.226564,0.017787,0.013441,0.007191,0.159261,,1017400,,
0,0,,0.353777,0.017997,0.030189,0,0.04022,0.007165,0.144248,0.05573,0.151775,0.198898,,1020800,,
0,0,,0.263777,0.011331,0.030189,0,0.04022,0.007165,0.144248,0.05573,0.255109,0.192232,,1021900,,
0,0,,0.300444,0.011331,0.030189,0,0.04022,0.007165,0.144248,0.05573,0.218442,0.192232,,1016600,,
0,0,,0.239466,0.011312,0.03404,0,0.043186,0.008454,0.229877,0.065754,0.191551,0.176361,,1060100,,
0,0,,0.270444,0.017997,0.030189,0,0.04022,0.007165,0.144248,0.05573,0.235109,0.198898,,1060500,,
0,0,,0.260444,0.011331,0.030189,0,0.04022,0.007165,0.144248,0.05573,0.238442,0.212232,,1020400,,
0,0,,0.441751,0.013289,0.033046,0,0.04193,0.007165,0.147105,0.05573,0.086034,0.173951,,1014800,,
0,0,,0.307111,0.037997,0.030189,0,0.04022,0.007165,0.144248,0.05573,0.118442,0.258898,,1007300,,
0,9,,0.267111,0.011331,0.030189,0,0.04022,0.007165,0.144248,0.05573,0.151775,0.292232,,1010400,,
0,0,,0.347111,0.017997,0.030189,0,0.04022,0.007165,0.144248,0.05573,0.058442,0.298898,,1007900,,
0,9,,0.262799,0.037978,0.09404,0,0.043186,0.008454,0.169877,0.065754,0.051551,0.266361,,1011900,,
0,9,,0.242799,0.011312,0.03404,0,0.044436,0.008454,0.169877,0.065754,0.079468,0.343861,,1012800,,
0,0,,0.300444,0.011331,0.030189,0,0.04022,0.007165,0.144248,0.05573,0.218442,0.192232,,1022100,,
0,0,,0.360444,0.011331,0.030189,0,0.04022,0.007165,0.144248,0.05573,0.058442,0.292232,,1011300,,
0,1,,0.063741,0.453855,0.007374,0.050284,0.009791,0.197865,0.018224,0.011419,0.007191,0.180257,,1029400,,
0,0,,0.290444,0.037997,0.030189,0,0.04022,0.007165,0.144248,0.05573,0.135109,0.258898,,1015300,,
0,0,,0.339466,0.011312,0.03404,0,0.043186,0.008454,0.169877,0.065754,0.051551,0.276361,,1025200,,
0,0,,0.309466,0.037978,0.03404,0,0.043186,0.008454,0.169877,0.065754,0.068218,0.263027,,1022600,,
0,1,,0.086767,0.36067,0.003806,0.055866,0.008646,0.286564,0.017787,0.013441,0.007191,0.159261,,1017000,,
0,0,,0.312799,0.024645,0.03404,0,0.043186,0.008454,0.169877,0.065754,0.051551,0.289694,,1015900,,
0,9,,0.260444,0.011331,0.030189,0,0.04147,0.007165,0.144248,0.05573,0.149692,0.299732,,1014300,,
0,9,,0.246132,0.011312,0.03404,0,0.043186,0.008454,0.169877,0.065754,0.144885,0.276361,,1053400,,
0,0,,0.322799,0.017978,0.03404,0,0.043186,0.008454,0.169877,0.065754,0.051551,0.286361,,1013300,,
0,0,,0.242799,0.011312,0.03404,0,0.043186,0.008454,0.229877,0.065754,0.188218,0.176361,,1078400,,
0,9,,0.267111,0.011331,0.030189,0,0.04022,0.007165,0.144248,0.05573,0.151775,0.292232,,1047700,,
0,0,,0.280444,0.051331,0.030189,0,0.04022,0.007165,0.144248,0.05573,0.118442,0.272232,,1014600,,
0,0,,0.333777,0.024664,0.030189,0,0.04022,0.007165,0.144248,0.05573,0.058442,0.305565,,1023800,,
0,9,,0.246132,0.011312,0.03404,0,0.043186,0.008454,0.169877,0.065754,0.124885,0.296361,,1018200,,
0,9,,0.267111,0.011331,0.030189,0,0.04022,0.007165,0.144248,0.05573,0.151775,0.292232,,1015300,,
0,0,,0.360444,0.031331,0.030189,0,0.04022,0.007165,0.144248,0.05573,0.058442,0.272232,,1019100,,
0,0,,0.290444,0.037997,0.030189,0,0.04022,0.007165,0.144248,0.05573,0.135109,0.258898,,1018300,,
0,0,,0.242799,0.011312,0.03404,0,0.043186,0.008454,0.229877,0.065754,0.168218,0.196361,,1040500,,
0,0,,0.239466,0.011312,0.03404,0,0.043186,0.008454,0.229877,0.065754,0.191551,0.176361,,1020400,,
0,9,,0.273777,0.024664,0.030189,0,0.04022,0.007165,0.144248,0.05573,0.118442,0.305565,,1019400,,
0,1,,0.062312,0.497665,0.004517,0.050284,0.009791,0.197865,0.015367,0.011419,0.023858,0.126923,,1019500,,
0,1,,0.053434,0.387337,0.003806,0.115866,0.008646,0.226564,0.017787,0.013441,0.007191,0.165928,,1021600,,
0,9,,0.246132,0.037978,0.03404,0,0.043186,0.008454,0.169877,0.065754,0.051551,0.343027,,1019800,,
0,0,,0.292799,0.024645,0.03404,0,0.063186,0.008454,0.169877,0.065754,0.051551,0.289694,,1024900,,
0,0,,0.260444,0.011331,0.030189,0,0.04022,0.007165,0.144248,0.05573,0.238442,0.212232,,1020800,,
0,0,,0.263301,0.011331,0.030189,0,0.04022,0.007165,0.144248,0.05573,0.235585,0.212232,,1018000,,
0,0,,0.347111,0.017997,0.030189,0,0.04022,0.007165,0.144248,0.05573,0.058442,0.298898,,1022800,,
0,9,,0.270444,0.037997,0.030189,0,0.04022,0.007165,0.144248,0.05573,0.135109,0.278898,,1010900,,
0,9,,0.267111,0.011331,0.030189,0,0.04022,0.007165,0.144248,0.05573,0.151775,0.292232,,1011900,,
0,1,,0.072312,0.470998,0.004517,0.050284,0.009791,0.197865,0.015367,0.011419,0.107191,0.060257,,1021200,,
0,9,,0.267111,0.017997,0.030189,0,0.04022,0.007165,0.144248,0.05573,0.118442,0.318898,,1015100,,
0,1,,0.053434,0.42067,0.003806,0.055866,0.008646,0.226564,0.017787,0.013441,0.040524,0.159261,,1013100,,
0,0,,0.267111,0.037997,0.030189,0,0.04022,0.007165,0.144248,0.05573,0.158442,0.258898,,1015400,,
0,1,,0.072312,0.470998,0.004517,0.050284,0.009791,0.197865,0.015367,0.011419,0.007191,0.160257,,1017700,,
0,0,,0.287111,0.037997,0.030189,0,0.04022,0.007165,0.144248,0.05573,0.138442,0.258898,,1015700,,
0,9,,0.273777,0.044664,0.030189,0,0.04022,0.007165,0.144248,0.05573,0.118442,0.285565,,1016600,,
0,0,,0.312799,0.044645,0.03404,0,0.043186,0.008454,0.169877,0.065754,0.051551,0.269694,,1069100,,
0,0,,0.356036,0.010432,0.030189,0,0.04193,0.007165,0.144248,0.05573,0.180319,0.173951,,1042000,,
0,0,,0.390322,0.010432,0.030189,0,0.04193,0.007165,0.144248,0.05573,0.146034,0.173951,,1053300,,
0,0,,0.484124,0.022568,0.042325,0,0.039321,0.007165,0.156384,0.05573,0.051251,0.141131,,1014900,,
0,0,,0.390322,0.010432,0.030189,0,0.04193,0.007165,0.144248,0.05573,0.146034,0.173951,,1024800,,
0,9,,0.277111,0.011331,0.030189,0,0.04022,0.007165,0.144248,0.05573,0.138442,0.295565,,1017500,,
0,0,,0.279466,0.011312,0.03404,0,0.043186,0.008454,0.169877,0.065754,0.191551,0.196361,,1015500,,
0,0,,0.260444,0.011331,0.030189,0,0.04022,0.007165,0.144248,0.05573,0.258442,0.192232,,1006200,,
0,1,,0.18219,0.450099,0.004517,0.050284,0.011501,0.197865,0.015367,0.011419,0.034783,0.041976,,1018400,,
0,0,,0.366132,0.011312,0.03404,0,0.083186,0.008454,0.169877,0.065754,0.051551,0.209694,,1014900,,
0,9,,0.280444,0.011331,0.030189,0,0.04022,0.007165,0.144248,0.05573,0.138442,0.292232,,1015200,,
1,1,,0.046767,0.40067,0.003806,0.115866,0.008646,0.226564,0.017787,0.013441,0.007191,0.159261,,1019100,,
1,1,,0.046767,0.48067,0.003806,0.115866,0.008646,0.226564,0.017787,0.013441,0.007191,0.079261,,1011800,,
1,1,,0.066767,0.40067,0.003806,0.115866,0.008646,0.226564,0.017787,0.013441,0.007191,0.139261,,1016900,,
1,1,,0.046767,0.54067,0.003806,0.055866,0.008646,0.226564,0.017787,0.013441,0.007191,0.079261,,1081100,,
1,1,,0.046767,0.37567,0.003806,0.055866,0.008646,0.311564,0.017787,0.013441,0.007191,0.159261,,1026500,,
1,1,,0.030481,0.578979,0.003806,0.115866,0.007747,0.226564,0.017787,0.013441,0,0.005329,,1017400,,
1,1,,0.046767,0.40067,0.003806,0.115866,0.008646,0.226564,0.017787,0.013441,0.007191,0.159261,,1027200,,
1,1,,0.030481,0.538979,0.003806,0.075866,0.007747,0.306564,0.017787,0.013441,0,0.005329,,1031200,,
1,1,,0.084344,0.46753,0.071565,0.055866,0.038954,0.226564,0.017787,0.013441,0.002069,0.02188,,1025400,,
1,1,,0.030481,0.578979,0.003806,0.055866,0.007747,0.286564,0.017787,0.013441,0,0.005329,,1020600,,
1,1,,0.046767,0.42067,0.003806,0.095866,0.008646,0.226564,0.017787,0.013441,0.007191,0.159261,,1022700,,
1,1,,0.058979,0.517665,0.004517,0.050284,0.009791,0.197865,0.015367,0.011419,0.007191,0.126923,,1021100,,
1,1,,0.100101,0.42067,0.003806,0.055866,0.008646,0.226564,0.017787,0.013441,0.047191,0.105928,,1024400,,
1,1,,0.046767,0.42067,0.003806,0.115866,0.008646,0.226564,0.017787,0.013441,0.007191,0.139261,,1014900,,
1,1,,0.046767,0.40067,0.003806,0.055866,0.008646,0.286564,0.017787,0.013441,0.007191,0.159261,,1019200,,
1,1,,0.030481,0.578979,0.003806,0.055866,0.007747,0.286564,0.017787,0.013441,0,0.005329,,1017400,,
1,1,,0.046767,0.46067,0.003806,0.055866,0.008646,0.226564,0.017787,0.013441,0.007191,0.159261,,1018100,,
1,1,,0.053434,0.487337,0.003806,0.115866,0.008646,0.226564,0.017787,0.013441,0.007191,0.065928,,1024900,,
1,1,,0.052312,0.490998,0.004517,0.050284,0.009791,0.197865,0.015367,0.011419,0.007191,0.160257,,1013100,,
1,1,,0.120101,0.46067,0.003806,0.055866,0.008646,0.226564,0.017787,0.013441,0.007191,0.085928,,1024000,,
1,1,,0.046767,0.40067,0.003806,0.115866,0.008646,0.226564,0.017787,0.013441,0.007191,0.159261,,1014200,,
1,1,,0.030481,0.638979,0.003806,0.055866,0.007747,0.226564,0.017787,0.013441,0,0.005329,,1044100,,
1,1,,0.142601,0.36317,0.006306,0.055866,0.021146,0.306564,0.017787,0.013441,0.007191,0.065928,,1021600,,
1,1,,0.046767,0.46067,0.003806,0.055866,0.008646,0.226564,0.017787,0.013441,0.007191,0.159261,,1011400,,
1,1,,0.058979,0.477665,0.004517,0.050284,0.009791,0.197865,0.015367,0.011419,0.007191,0.166923,,1012600,,
1,1,,0.063434,0.38067,0.003806,0.115866,0.008646,0.226564,0.017787,0.013441,0.007191,0.162595,,1017700,,
1,1,,0.046767,0.387337,0.003806,0.129199,0.008646,0.226564,0.017787,0.013441,0.007191,0.159261,,1018200,,
1,1,,0.030481,0.578979,0.003806,0.115866,0.007747,0.226564,0.017787,0.013441,0,0.005329,,1014200,,
1,1,,0.030481,0.513979,0.003806,0.155866,0.007747,0.251564,0.017787,0.013441,0,0.005329,,1020100,,
1,1,,0.143434,0.40067,0.003806,0.115866,0.008646,0.226564,0.017787,0.013441,0.007191,0.062595,,1016100,,
1,1,,0.046767,0.40067,0.003806,0.115866,0.008646,0.226564,0.017787,0.013441,0.007191,0.159261,,1012500,,
1,1,,0.030481,0.578979,0.003806,0.115866,0.007747,0.226564,0.017787,0.013441,0,0.005329,,1018400,,
1,1,,0.030481,0.578979,0.003806,0.115866,0.007747,0.226564,0.017787,0.013441,0,0.005329,,1012400,,
1,1,,0.046767,0.40067,0.003806,0.115866,0.008646,0.226564,0.017787,0.013441,0.007191,0.159261,,1011700,,
1,1,,0.046767,0.40067,0.003806,0.115866,0.008646,0.226564,0.017787,0.013441,0.007191,0.159261,,1032500,,
1,1,,0.053434,0.38067,0.003806,0.115866,0.008646,0.226564,0.017787,0.013441,0.040524,0.139261,,1031400,,
1,1,,0.053434,0.387337,0.003806,0.115866,0.008646,0.226564,0.017787,0.013441,0.007191,0.165928,,1023600,,
1,1,,0.029689,0.493328,0.003806,0.15834,0.007747,0.268059,0.017787,0.015915,0,0.005329,,1032100,,
1,1,,0.053434,0.387337,0.003806,0.115866,0.008646,0.226564,0.017787,0.013441,0.007191,0.165928,,1021100,,
1,1,,0.030481,0.578979,0.003806,0.115866,0.007747,0.226564,0.017787,0.013441,0,0.005329,,1017900,,
1,1,,0.046767,0.42067,0.003806,0.095866,0.008646,0.226564,0.017787,0.013441,0.007191,0.159261,,1021400,,
1,1,,0.18759,0.466193,0.010228,0.055866,0.007747,0.226564,0.024209,0.013441,0,0.008161,,1020700,,
1,1,,0.056645,0.479771,0.003806,0.055866,0.010356,0.286564,0.017787,0.013441,0.034783,0.040981,,1014200,,
1,1,,0.058979,0.517665,0.004517,0.050284,0.009791,0.197865,0.015367,0.011419,0.007191,0.126923,,1013500,,
1,1,,0.030481,0.578979,0.003806,0.115866,0.007747,0.226564,0.017787,0.013441,0,0.005329,,1739100,,
1,1,,0.030481,0.578979,0.003806,0.115866,0.007747,0.226564,0.017787,0.013441,0,0.005329,,1373300,,
1,1,,0.053434,0.427337,0.003806,0.115866,0.008646,0.226564,0.017787,0.013441,0.007191,0.125928,,1022400,,
1,1,,0.030481,0.578979,0.003806,0.115866,0.007747,0.226564,0.017787,0.013441,0,0.005329,,1013600,,
1,1,,0.046767,0.42067,0.003806,0.055866,0.008646,0.286564,0.017787,0.013441,0.007191,0.139261,,1017100,,
1,1,,0.046767,0.40067,0.003806,0.115866,0.008646,0.226564,0.017787,0.013441,0.007191,0.159261,,1022700,,
1,1,,0.030481,0.578979,0.003806,0.115866,0.007747,0.226564,0.017787,0.013441,0,0.005329,,1039500,,
1,1,,0.046767,0.40067,0.003806,0.115866,0.008646,0.226564,0.017787,0.013441,0.007191,0.159261,,1029300,,
1,1,,0.046767,0.40067,0.003806,0.115866,0.008646,0.226564,0.017787,0.013441,0.007191,0.159261,,1015700,,
1,1,,0.052312,0.470998,0.004517,0.050284,0.009791,0.197865,0.015367,0.011419,0.127191,0.060257,,1024700,,
1,1,,0.030481,0.578979,0.003806,0.055866,0.007747,0.286564,0.017787,0.013441,0,0.005329,,1019900,,
1,1,,0.046767,0.40067,0.003806,0.115866,0.008646,0.226564,0.017787,0.013441,0.007191,0.159261,,1021200,,
1,1,,0.046767,0.48067,0.003806,0.055866,0.008646,0.226564,0.017787,0.013441,0.007191,0.139261,,1015400,,
1,1,,0.053434,0.427337,0.003806,0.115866,0.008646,0.226564,0.017787,0.013441,0.007191,0.125928,,1015000,,
1,1,,0.046767,0.46067,0.003806,0.055866,0.008646,0.226564,0.017787,0.013441,0.007191,0.159261,,1013600,,
1,1,,0.030481,0.578979,0.003806,0.055866,0.007747,0.286564,0.017787,0.013441,0,0.005329,,1019600,,
1,1,,0.046767,0.40067,0.003806,0.115866,0.008646,0.226564,0.017787,0.013441,0.007191,0.159261,,1013600,,
1,1,,0.030481,0.578979,0.003806,0.115866,0.007747,0.226564,0.017787,0.013441,0,0.005329,,1017400,,
1,1,,0.063434,0.46067,0.003806,0.135866,0.008646,0.226564,0.017787,0.013441,0.007191,0.062595,,1017000,,
1,1,,0.046767,0.40067,0.003806,0.115866,0.008646,0.226564,0.017787,0.013441,0.007191,0.159261,,1028200,,
1,1,,0.192034,0.366193,0.010228,0.055866,0.007747,0.286564,0.024209,0.013441,0.013333,0.030383,,1027200,,
1,1,,0.120101,0.40067,0.003806,0.055866,0.008646,0.286564,0.017787,0.013441,0.007191,0.085928,,1019800,,
1,1,,0.050101,0.42067,0.003806,0.055866,0.008646,0.226564,0.017787,0.013441,0.043858,0.159261,,1049200,,
1,1,,0.053434,0.38067,0.010473,0.115866,0.008646,0.226564,0.017787,0.020108,0.007191,0.159261,,1023400,,
1,1,,0.030481,0.558979,0.003806,0.135866,0.007747,0.226564,0.017787,0.013441,0,0.005329,,1020900,,
1,1,,0.046767,0.40067,0.003806,0.115866,0.008646,0.226564,0.017787,0.013441,0.007191,0.159261,,1023000,,
1,1,,0.030481,0.578979,0.003806,0.115866,0.007747,0.226564,0.017787,0.013441,0,0.005329,,1395100,,
1,1,,0.030481,0.578979,0.003806,0.115866,0.007747,0.226564,0.017787,0.013441,0,0.005329,,1020600,,
1,1,,0.046767,0.40067,0.003806,0.115866,0.008646,0.226564,0.017787,0.013441,0.007191,0.159261,,1013000,,
1,1,,0.120101,0.40067,0.003806,0.115866,0.008646,0.226564,0.017787,0.013441,0.007191,0.085928,,1016400,,
1,1,,0.046767,0.40067,0.003806,0.055866,0.008646,0.286564,0.017787,0.013441,0.007191,0.159261,,1014000,,
1,1,,0.030481,0.558979,0.003806,0.135866,0.007747,0.226564,0.017787,0.013441,0,0.005329,,1011300,,
1,1,,0.050101,0.40067,0.003806,0.115866,0.008646,0.226564,0.017787,0.013441,0.023858,0.139261,,1011800,,
1,1,,0.046767,0.40067,0.003806,0.055866,0.008646,0.286564,0.017787,0.013441,0.007191,0.159261,,1028500,,
1,1,,0.072312,0.450998,0.004517,0.050284,0.009791,0.197865,0.015367,0.011419,0.127191,0.060257,,1012800,,
1,1,,0.046767,0.54067,0.003806,0.055866,0.008646,0.226564,0.017787,0.013441,0.007191,0.079261,,1010100,,
1,1,,0.046767,0.46067,0.003806,0.055866,0.008646,0.226564,0.017787,0.013441,0.007191,0.159261,,1013100,,
1,1,,0.046767,0.40067,0.003806,0.055866,0.008646,0.286564,0.017787,0.013441,0.007191,0.159261,,1012100,,
1,1,,0.120101,0.40067,0.003806,0.115866,0.008646,0.226564,0.017787,0.013441,0.007191,0.085928,,1094400,,
1,1,,0.030481,0.578979,0.003806,0.115866,0.007747,0.226564,0.017787,0.013441,0,0.005329,,1318300,,
1,1,,0.053434,0.427337,0.003806,0.115866,0.008646,0.226564,0.017787,0.013441,0.007191,0.125928,,1210700,,
1,1,,0.030481,0.578979,0.003806,0.055866,0.007747,0.286564,0.017787,0.013441,0,0.005329,,1034700,,
1,1,,0.053434,0.447337,0.003806,0.055866,0.008646,0.226564,0.017787,0.013441,0.007191,0.165928,,1014800,,
1,1,,0.046767,0.46067,0.003806,0.135866,0.008646,0.226564,0.017787,0.013441,0.007191,0.079261,,1036200,,
1,1,,0.030481,0.578979,0.003806,0.115866,0.007747,0.226564,0.017787,0.013441,0,0.005329,,1016900,,
1,1,,0.063434,0.48067,0.003806,0.115866,0.008646,0.226564,0.017787,0.013441,0.007191,0.062595,,1017100,,
1,1,,0.050101,0.42067,0.003806,0.095866,0.008646,0.226564,0.017787,0.013441,0.023858,0.139261,,1015100,,
1,1,,0.030481,0.578979,0.003806,0.115866,0.007747,0.226564,0.017787,0.013441,0,0.005329,,1023400,,
1,1,,0.030481,0.578979,0.003806,0.115866,0.007747,0.226564,0.017787,0.013441,0,0.005329,,1012000,,
1,1,,0.046767,0.46067,0.003806,0.055866,0.008646,0.226564,0.017787,0.013441,0.007191,0.159261,,1014500,,
1,1,,0.058979,0.517665,0.004517,0.050284,0.009791,0.197865,0.015367,0.011419,0.007191,0.126923,,1014300,,
1,1,,0.046767,0.40067,0.003806,0.115866,0.008646,0.226564,0.017787,0.013441,0.007191,0.159261,,1018400,,
1,1,,0.030481,0.638979,0.003806,0.055866,0.007747,0.226564,0.017787,0.013441,0,0.005329,,1017000,,
1,1,,0.046767,0.40067,0.003806,0.115866,0.008646,0.226564,0.017787,0.013441,0.007191,0.159261,,1034200,,
1,1,,0.030481,0.578979,0.003806,0.115866,0.007747,0.226564,0.017787,0.013441,0,0.005329,,1026500,,
1,1,,0.050101,0.38067,0.003806,0.115866,0.008646,0.226564,0.017787,0.013441,0.023858,0.159261,,1017100,,
1,1,,0.036026,0.669307,0.004517,0.050284,0.008892,0.197865,0.015367,0.011419,0,0.006324,,1017500,,
1,1,,0.030481,0.578979,0.003806,0.115866,0.007747,0.226564,0.017787,0.013441,0,0.005329,,1015700,,
1,1,,0.046767,0.46067,0.003806,0.055866,0.008646,0.226564,0.017787,0.013441,0.007191,0.159261,,1017200,,
1,1,,0.046767,0.40067,0.003806,0.115866,0.008646,0.226564,0.017787,0.013441,0.007191,0.159261,,1404400,,
1,1,,0.072312,0.450998,0.004517,0.050284,0.009791,0.197865,0.015367,0.011419,0.027191,0.160257,,1019200,,
1,1,,0.046767,0.40067,0.003806,0.115866,0.008646,0.226564,0.017787,0.013441,0.007191,0.159261,,1024900,,
1,1,,0.030481,0.558979,0.003806,0.055866,0.007747,0.306564,0.017787,0.013441,0,0.005329,,1019200,,
1,1,,0.046767,0.48067,0.003806,0.055866,0.008646,0.286564,0.017787,0.013441,0.007191,0.079261,,1016900,,
1,1,,0.053434,0.427337,0.003806,0.115866,0.008646,0.226564,0.017787,0.013441,0.007191,0.125928,,1016400,,
1,1,,0.124733,0.451193,0.004514,0.13658,0.007747,0.235136,0.018495,0.013441,0,0.008161,,1016900,,
1,1,,0.046767,0.46067,0.003806,0.055866,0.008646,0.226564,0.017787,0.013441,0.007191,0.159261,,1019900,,
1,1,,0.126767,0.46067,0.003806,0.055866,0.008646,0.226564,0.017787,0.013441,0.007191,0.079261,,1016800,,
1,1,,0.079579,0.362409,0.045784,0.055866,0.009506,0.289202,0.043941,0.103991,0.003516,0.006208,,1031500,,
1,1,,0.030481,0.538979,0.003806,0.095866,0.007747,0.286564,0.017787,0.013441,0,0.005329,,1024400,,
1,1,,0.030481,0.578979,0.003806,0.115866,0.007747,0.226564,0.017787,0.013441,0,0.005329,,1019000,,
1,1,,0.046767,0.40067,0.003806,0.115866,0.008646,0.226564,0.017787,0.013441,0.007191,0.159261,,1016900,,
2,0,,0.333777,0.044664,0.030189,0,0.04022,0.007165,0.144248,0.05573,0.058442,0.285565,,1036300,,
2,9,,0.248632,0.040478,0.03654,0,0.055686,0.008454,0.169877,0.065754,0.051551,0.323027,,1039600,,
2,9,,0.250855,0.038256,0.03654,0,0.060131,0.008454,0.229877,0.065754,0.051551,0.258583,,1020700,,
2,9,,0.263777,0.031331,0.030189,0,0.04147,0.007165,0.144248,0.05573,0.146359,0.279732,,1022800,,
2,1,,0.086767,0.44067,0.003806,0.055866,0.008646,0.226564,0.017787,0.013441,0.007191,0.139261,,1017500,,
2,0,,0.319466,0.031312,0.03404,0,0.063186,0.008454,0.169877,0.065754,0.051551,0.256361,,1016100,,
2,1,,0.063434,0.38067,0.003806,0.115866,0.009896,0.226564,0.017787,0.013441,0.018441,0.150095,,1013600,,
2,0,,0.339466,0.031312,0.03404,0,0.043186,0.008454,0.169877,0.065754,0.051551,0.256361,,1018100,,
2,1,,0.086767,0.38067,0.003806,0.055866,0.008646,0.286564,0.017787,0.013441,0.007191,0.139261,,1011800,,
2,9,,0.239466,0.031312,0.05404,0,0.045686,0.008454,0.169877,0.085754,0.094051,0.271361,,1019200,,
2,0,,0.339466,0.031312,0.03404,0,0.043186,0.008454,0.169877,0.065754,0.051551,0.256361,,1017400,,
3,1,,0.030481,0.578979,0.003806,0.115866,0.007747,0.226564,0.017787,0.013441,0,0.005329,,1025900,,
3,1,,0.030481,0.578979,0.003806,0.115866,0.007747,0.226564,0.017787,0.013441,0,0.005329,,1030400,,
3,1,,0.029689,0.396694,0.003806,0.292789,0.008517,0.231949,0.017787,0.013441,0,0.005329,,1022400,,
3,1,,0.059579,0.373123,0.025784,0.16158,0.009506,0.297773,0.033941,0.028991,0.003516,0.006208,,1021400,,
3,1,,0.029689,0.424042,0.003806,0.184054,0.007747,0.311631,0.017787,0.015915,0,0.005329,,1026900,,
3,1,,0.030481,0.578979,0.003806,0.115866,0.007747,0.226564,0.017787,0.013441,0,0.005329,,1018700,,
3,1,,0.053434,0.487337,0.003806,0.115866,0.008646,0.226564,0.017787,0.013441,0.007191,0.065928,,1027700,,
3,1,,0.029689,0.438328,0.003806,0.13834,0.007747,0.343059,0.017787,0.015915,0,0.005329,,1016300,,
3,1,,0.053434,0.407337,0.003806,0.135866,0.008646,0.226564,0.017787,0.013441,0.007191,0.125928,,1019600,,
3,1,,0.030481,0.538979,0.003806,0.155866,0.007747,0.226564,0.017787,0.013441,0,0.005329,,1035700,,
3,1,,0.030481,0.578979,0.003806,0.115866,0.007747,0.226564,0.017787,0.013441,0,0.005329,,1037600,,
3,1,,0.030481,0.578979,0.003806,0.115866,0.007747,0.226564,0.017787,0.013441,0,0.005329,,1077000,,
3,1,,0.030481,0.578979,0.003806,0.115866,0.007747,0.226564,0.017787,0.013441,0,0.005329,,1072500,,
3,1,,0.030481,0.538979,0.003806,0.155866,0.007747,0.226564,0.017787,0.013441,0,0.005329,,1028900,,
3,1,,0.046767,0.48067,0.003806,0.115866,0.008646,0.226564,0.017787,0.013441,0.007191,0.079261,,1018600,,
3,1,,0.046767,0.44067,0.003806,0.155866,0.008646,0.226564,0.017787,0.013441,0.007191,0.079261,,1022000,,
3,1,,0.120101,0.36067,0.003806,0.095866,0.008646,0.286564,0.017787,0.013441,0.007191,0.085928,,1075100,,
4,0,,0.302799,0.011312,0.03404,0,0.044436,0.008454,0.169877,0.065754,0.079468,0.283861,,1032100,,
4,0,,0.307111,0.017997,0.030189,0,0.04022,0.007165,0.144248,0.05573,0.198442,0.198898,,1028100,,
4,0,,0.269466,0.037978,0.03404,0,0.103186,0.008454,0.169877,0.065754,0.068218,0.243027,,1017400,,
4,1,,0.078979,0.497665,0.004517,0.050284,0.009791,0.197865,0.015367,0.011419,0.007191,0.126923,,1031700,,
4,9,,0.265021,0.015756,0.03404,0,0.047631,0.008454,0.229877,0.065754,0.051551,0.281916,,1011800,,
4,0,,0.269466,0.037978,0.03404,0,0.103186,0.008454,0.169877,0.065754,0.068218,0.243027,,1005200,,
4,9,,0.290444,0.044664,0.030189,0,0.04022,0.007165,0.144248,0.05573,0.058442,0.328898,,1021500,,
4,9,,0.252799,0.024645,0.03404,0,0.103186,0.008454,0.169877,0.065754,0.051551,0.289694,,1008600,,
4,9,,0.249466,0.017978,0.03404,0,0.083186,0.008454,0.169877,0.065754,0.068218,0.303027,,1006600,,
4,0,,0.270444,0.017997,0.030189,0,0.04022,0.007165,0.144248,0.05573,0.235109,0.198898,,1006400,,
4,1,,0.143434,0.36067,0.003806,0.115866,0.009896,0.226564,0.017787,0.013441,0.035108,0.073428,,1009500,,
4,9,,0.239466,0.011312,0.03404,0,0.045686,0.008454,0.169877,0.065754,0.114051,0.311361,,1007300,,
4,0,,0.246132,0.011312,0.03404,0,0.083186,0.008454,0.169877,0.065754,0.184885,0.196361,,1041600,,
4,0,,0.260444,0.011331,0.030189,0,0.04022,0.007165,0.144248,0.05573,0.258442,0.192232,,1470600,,
4,1,,0.100101,0.42067,0.003806,0.055866,0.008646,0.226564,0.017787,0.013441,0.047191,0.105928,,1209100,,
5,1,,0.09101,0.36753,0.058232,0.055866,0.058954,0.286564,0.017787,0.040108,0.002069,0.02188,,1117700,,
5,1,,0.046767,0.43067,0.003806,0.055866,0.008646,0.286564,0.057787,0.043441,0.007191,0.059261,,1027700,,
5,1,,0.046767,0.38067,0.003806,0.055866,0.008646,0.306564,0.017787,0.013441,0.007191,0.159261,,1019800,,
5,1,,0.046767,0.38067,0.003806,0.055866,0.008646,0.286564,0.017787,0.013441,0.027191,0.159261,,1022500,,
5,1,,0.059579,0.438123,0.025784,0.06158,0.009506,0.317773,0.043941,0.033991,0.003516,0.006208,,1121500,,
5,1,,0.046767,0.38067,0.003806,0.055866,0.008646,0.306564,0.017787,0.013441,0.007191,0.159261,,1041500,,
5,1,,0.118196,0.363527,0.006663,0.055866,0.008646,0.306564,0.020644,0.033441,0.007191,0.079261,,1084900,,
5,1,,0.124733,0.360479,0.004514,0.055866,0.007747,0.326564,0.018495,0.093441,0,0.008161,,1112200,,
5,1,,0.046767,0.36067,0.003806,0.055866,0.008646,0.286564,0.05112,0.020108,0.007191,0.159261,,1029300,,
5,1,,0.030372,0.360455,0.003806,0.055866,0.007747,0.326564,0.144111,0.065749,0,0.005329,,1037100,,
5,1,,0.120101,0.36067,0.003806,0.055866,0.008646,0.286564,0.017787,0.053441,0.007191,0.085928,,1057400,,
5,1,,0.029689,0.474042,0.003806,0.144054,0.007747,0.301631,0.017787,0.015915,0,0.005329,,1194100,,
5,1,,0.030372,0.360455,0.003806,0.055866,0.007747,0.326564,0.144111,0.065749,0,0.005329,,1066200,,
5,1,,0.18759,0.406193,0.010228,0.055866,0.007747,0.286564,0.024209,0.013441,0,0.008161,,1032000,,
5,1,,0.030372,0.360455,0.003806,0.055866,0.007747,0.306564,0.130778,0.099082,0,0.005329,,1016500,,
5,1,,0.059579,0.432409,0.025784,0.055866,0.009506,0.289202,0.063941,0.053991,0.003516,0.006208,,1103900,,
5,1,,0.046767,0.38067,0.003806,0.055866,0.008646,0.306564,0.017787,0.013441,0.007191,0.159261,,1073600,,
5,1,,0.18759,0.366193,0.010228,0.055866,0.007747,0.326564,0.024209,0.013441,0,0.008161,,1108100,,
5,1,,0.046767,0.36067,0.003806,0.055866,0.008646,0.306564,0.03112,0.020108,0.007191,0.159261,,1020500,,
5,1,,0.046767,0.40067,0.003806,0.055866,0.008646,0.286564,0.017787,0.013441,0.007191,0.159261,,1055000,,
5,1,,0.058196,0.363527,0.006663,0.055866,0.008646,0.286564,0.020644,0.033441,0.007191,0.159261,,1015600,,
5,1,,0.059579,0.412409,0.025784,0.055866,0.009506,0.269202,0.063941,0.093991,0.003516,0.006208,,1017100,,
5,1,,0.030481,0.538979,0.003806,0.055866,0.007747,0.326564,0.017787,0.013441,0,0.005329,,1067600,,
5,1,,0.046767,0.38067,0.003806,0.055866,0.008646,0.306564,0.017787,0.013441,0.007191,0.159261,,1225500,,
5,1,,0.120101,0.36067,0.003806,0.055866,0.008646,0.286564,0.017787,0.053441,0.007191,0.085928,,1048300,,
5,1,,0.046767,0.36067,0.003806,0.055866,0.008646,0.306564,0.017787,0.033441,0.007191,0.159261,,1032100,,
5,1,,0.084344,0.36753,0.031565,0.055866,0.078954,0.286564,0.017787,0.053441,0.002069,0.02188,,1095000,,
5,1,,0.046767,0.48067,0.003806,0.055866,0.008646,0.286564,0.017787,0.013441,0.007191,0.079261,,1009700,,
5,1,,0.046767,0.36067,0.003806,0.055866,0.008646,0.306564,0.037787,0.013441,0.007191,0.159261,,1036700,,
5,1,,0.059579,0.432409,0.025784,0.055866,0.009506,0.289202,0.063941,0.053991,0.003516,0.006208,,1016900,,
5,1,,0.100101,0.36067,0.003806,0.055866,0.008646,0.326564,0.017787,0.013441,0.007191,0.105928,,1150400,,
5,1,,0.046767,0.38067,0.003806,0.055866,0.008646,0.306564,0.017787,0.013441,0.007191,0.159261,,1014300,,
5,1,,0.046767,0.44067,0.003806,0.055866,0.008646,0.326564,0.017787,0.013441,0.007191,0.079261,,1049200,,
5,1,,0.072912,0.362409,0.039118,0.055866,0.009506,0.329202,0.023941,0.097324,0.003516,0.006208,,1014800,,
5,1,,0.030372,0.360455,0.003806,0.055866,0.007747,0.326564,0.144111,0.065749,0,0.005329,,1061000,,
5,1,,0.049624,0.36067,0.003806,0.055866,0.008646,0.286564,0.037787,0.013441,0.024334,0.159261,,1028900,,
5,1,,0.046767,0.38067,0.003806,0.055866,0.008646,0.306564,0.017787,0.033441,0.007191,0.139261,,1094800,,
5,1,,0.100101,0.36067,0.003806,0.055866,0.008646,0.326564,0.017787,0.013441,0.007191,0.105928,,1790600,,
5,1,,0.063434,0.36067,0.003806,0.055866,0.008646,0.326564,0.09112,0.020108,0.007191,0.062595,,1092200,,
5,1,,0.046767,0.36067,0.003806,0.055866,0.008646,0.286564,0.037787,0.033441,0.007191,0.159261,,1093900,,
5,1,,0.046767,0.38067,0.003806,0.055866,0.008646,0.306564,0.017787,0.013441,0.007191,0.159261,,1126400,,
5,1,,0.046767,0.38067,0.003806,0.055866,0.008646,0.306564,0.017787,0.013441,0.007191,0.159261,,1011700,,
5,1,,0.030372,0.360455,0.003806,0.055866,0.007747,0.326564,0.144111,0.065749,0,0.005329,,1213800,,
5,1,,0.046767,0.44067,0.003806,0.055866,0.008646,0.326564,0.017787,0.013441,0.007191,0.079261,,1043100,,
5,1,,0.046767,0.40067,0.003806,0.055866,0.008646,0.286564,0.017787,0.013441,0.007191,0.159261,,1023700,,
5,5,,0.030372,0.360455,0.003806,0.055866,0.007747,0.406564,0.070778,0.059082,0,0.005329,,1009100,,
5,1,,0.046767,0.36067,0.003806,0.055866,0.008646,0.326564,0.017787,0.013441,0.007191,0.159261,,1010600,,
5,1,,0.046767,0.46067,0.003806,0.055866,0.008646,0.306564,0.017787,0.013441,0.007191,0.079261,,1008900,,
5,1,,0.030372,0.360455,0.003806,0.055866,0.007747,0.326564,0.144111,0.065749,0,0.005329,,1001200,,
5,1,,0.053434,0.36067,0.010473,0.055866,0.008646,0.286564,0.037787,0.020108,0.007191,0.159261,,1026500,,
5,1,,0.046767,0.36067,0.003806,0.055866,0.008646,0.266564,0.017787,0.073441,0.007191,0.159261,,1017300,,
5,1,,0.046767,0.44067,0.003806,0.055866,0.008646,0.326564,0.017787,0.013441,0.007191,0.079261,,1009000,,
5,1,,0.049624,0.36067,0.003806,0.055866,0.008646,0.286564,0.037787,0.013441,0.024334,0.159261,,1020800,,
5,1,,0.030481,0.538979,0.003806,0.055866,0.007747,0.326564,0.017787,0.013441,0,0.005329,,1017200,,
5,1,,0.046767,0.38067,0.003806,0.055866,0.008646,0.306564,0.017787,0.013441,0.007191,0.159261,,1005500,,
5,1,,0.046767,0.36067,0.003806,0.055866,0.008646,0.306564,0.03112,0.020108,0.007191,0.159261,,1011100,,
5,1,,0.086767,0.36067,0.003806,0.055866,0.008646,0.286564,0.017787,0.013441,0.007191,0.159261,,1011400,,
5,1,,0.210447,0.371908,0.015943,0.055866,0.007747,0.286564,0.029923,0.013441,0,0.008161,,1009400,,
5,5,,0.029689,0.359771,0.003806,0.055866,0.007747,0.451564,0.022787,0.063441,0,0.005329,,1023000,,
5,1,,0.046767,0.36067,0.003806,0.055866,0.008646,0.326564,0.017787,0.013441,0.007191,0.159261,,1011600,,
5,1,,0.18759,0.386193,0.010228,0.055866,0.007747,0.306564,0.024209,0.013441,0,0.008161,,1009000,,
5,1,,0.046767,0.44067,0.003806,0.055866,0.008646,0.326564,0.017787,0.013441,0.007191,0.079261,,1010700,,
5,1,,0.066767,0.40067,0.003806,0.055866,0.008646,0.286564,0.017787,0.013441,0.007191,0.139261,,1009900,,
5,1,,0.046767,0.36067,0.003806,0.055866,0.008646,0.286564,0.05112,0.020108,0.007191,0.159261,,1009700,,
5,1,,0.046767,0.38067,0.003806,0.055866,0.008646,0.306564,0.017787,0.013441,0.007191,0.159261,,1013500,,
5,1,,0.129624,0.366384,0.009521,0.055866,0.008646,0.306564,0.043501,0.013441,0.007191,0.059261,,1011900,,
5,1,,0.120101,0.36067,0.003806,0.055866,0.008646,0.286564,0.037787,0.033441,0.007191,0.085928,,1008600,,
6,0,,0.391717,0.019692,0.043319,0,0.042287,0.008454,0.19249,0.13242,0.04436,0.12526,,1022200,,
6,0,,0.380288,0.016835,0.040462,0,0.042287,0.008454,0.176299,0.165754,0.04436,0.12526,,1012700,,
6,9,,0.239466,0.011312,0.03404,0,0.043186,0.008454,0.249877,0.085754,0.051551,0.276361,,1286800,,
6,1,,0.140101,0.36067,0.003806,0.055866,0.008646,0.286564,0.017787,0.013441,0.007191,0.105928,,1030800,,
6,0,,0.34518,0.02274,0.045468,0,0.043186,0.008454,0.181306,0.125754,0.051551,0.176361,,1012500,,
6,0,,0.391717,0.019692,0.043319,0,0.042287,0.008454,0.25249,0.07242,0.04436,0.12526,,1012500,,
6,1,,0.058196,0.363527,0.006663,0.055866,0.008646,0.286564,0.040644,0.013441,0.007191,0.159261,,1008500,,
6,9,,0.266132,0.017978,0.03404,0,0.043186,0.008454,0.229877,0.065754,0.051551,0.283027,,1008000,,
6,0,,0.266132,0.037978,0.03404,0,0.043186,0.008454,0.229877,0.065754,0.051551,0.263027,,1007500,,
6,9,,0.239466,0.031312,0.03404,0,0.043186,0.008454,0.229877,0.105754,0.051551,0.256361,,2738100,,
6,9,,0.252799,0.024645,0.03404,0,0.043186,0.008454,0.169877,0.125754,0.051551,0.289694,,1083800,,
6,9,,0.24391,0.011312,0.03404,0,0.043186,0.008454,0.169877,0.125754,0.064885,0.298583,,1108000,,
6,9,,0.246132,0.017978,0.03404,0,0.043186,0.008454,0.229877,0.065754,0.051551,0.303027,,1041800,,
6,6,,0.223071,0.011097,0.03404,0,0.042287,0.008454,0.309535,0.204728,0.04436,0.122428,,1035300,,
6,0,,0.391717,0.019692,0.043319,0,0.042287,0.008454,0.25249,0.07242,0.04436,0.12526,,1114900,,
6,9,,0.239466,0.011312,0.03404,0,0.043186,0.008454,0.169877,0.165754,0.051551,0.276361,,1016900,,
6,9,,0.259466,0.011312,0.03404,0,0.043186,0.008454,0.169877,0.145754,0.051551,0.276361,,1083100,,
6,0,,0.277042,0.018171,0.061798,0,0.113494,0.008454,0.169877,0.165754,0.046429,0.13898,,1012400,,
6,9,,0.256132,0.011312,0.03404,0,0.043186,0.008454,0.229877,0.065754,0.071551,0.279694,,1113900,,
6,6,,0.260849,0.06805,0.056018,0,0.046903,0.011091,0.288888,0.091303,0.047877,0.129022,,1044300,,
6,6,,0.223071,0.011097,0.03404,0,0.042287,0.008454,0.309535,0.204728,0.04436,0.122428,,1071100,,
6,0,,0.279466,0.011312,0.03404,0,0.043186,0.008454,0.169877,0.125754,0.051551,0.276361,,1132100,,
6,9,,0.239466,0.011312,0.03404,0,0.043186,0.008454,0.169877,0.165754,0.051551,0.276361,,1110400,,
6,9,,0.239466,0.011312,0.03404,0,0.043186,0.008454,0.169877,0.165754,0.051551,0.276361,,1030200,,
6,0,,0.242323,0.011312,0.03404,0,0.043186,0.008454,0.229877,0.065754,0.168694,0.196361,,1017000,,
6,0,,0.279542,0.020671,0.084298,0,0.105994,0.008454,0.169877,0.145754,0.046429,0.13898,,1008200,,
6,6,,0.223071,0.011097,0.03404,0,0.042287,0.008454,0.389535,0.124728,0.04436,0.122428,,1067700,,
6,9,,0.239466,0.031312,0.03404,0,0.043186,0.008454,0.169877,0.165754,0.051551,0.256361,,1126500,,
6,9,,0.239466,0.031312,0.03404,0,0.043186,0.008454,0.249877,0.085754,0.051551,0.256361,,1002900,,
6,9,,0.244466,0.036312,0.03904,0,0.068186,0.008454,0.229877,0.065754,0.051551,0.256361,,1051100,,
6,0,,0.279466,0.011312,0.03404,0,0.043186,0.008454,0.169877,0.125754,0.051551,0.276361,,1016800,,
6,6,,0.223071,0.011097,0.03404,0,0.042287,0.008454,0.322868,0.191395,0.04436,0.122428,,1021500,,
6,0,,0.279466,0.011312,0.03404,0,0.043186,0.008454,0.169877,0.125754,0.051551,0.276361,,1006800,,
6,0,,0.252277,0.06305,0.056018,0,0.044046,0.011091,0.216031,0.186303,0.047877,0.123307,,1152700,,
6,6,,0.223071,0.011097,0.03404,0,0.042287,0.008454,0.309535,0.204728,0.04436,0.122428,,1081900,,
6,0,,0.317431,0.011121,0.034747,0,0.042287,0.008454,0.170585,0.245754,0.04436,0.12526,,1007300,,
6,9,,0.239466,0.011312,0.07404,0,0.043186,0.008454,0.169877,0.085754,0.071551,0.296361,,1030300,,
6,6,,0.223071,0.011097,0.03404,0,0.042287,0.008454,0.322868,0.191395,0.04436,0.122428,,1042500,,
6,0,,0.239466,0.031312,0.03404,0,0.043186,0.008454,0.169877,0.185754,0.051551,0.236361,,1006100,,
6,9,,0.239466,0.011312,0.03404,0,0.043186,0.008454,0.229877,0.105754,0.051551,0.276361,,1009100,,
6,6,,0.223071,0.011097,0.03404,0,0.042287,0.008454,0.322868,0.191395,0.04436,0.122428,,1076200,,
6,9,,0.239466,0.011312,0.03404,0,0.043186,0.008454,0.169877,0.165754,0.051551,0.276361,,1143300,,
6,0,,0.259466,0.031312,0.03404,0,0.043186,0.008454,0.169877,0.145754,0.051551,0.256361,,1042800,,
6,9,,0.239466,0.011312,0.03404,0,0.043186,0.008454,0.169877,0.165754,0.051551,0.276361,,1002300,,
6,9,,0.246132,0.017978,0.03404,0,0.043186,0.008454,0.249877,0.065754,0.051551,0.283027,,1009700,,
6,9,,0.239466,0.011312,0.03404,0,0.043186,0.008454,0.249877,0.085754,0.051551,0.276361,,1039500,,
6,0,,0.279466,0.011312,0.03404,0,0.043186,0.008454,0.169877,0.125754,0.051551,0.276361,,1010100,,
6,0,,0.279466,0.011312,0.03404,0,0.043186,0.008454,0.169877,0.125754,0.051551,0.276361,,1067700,,
6,9,,0.239466,0.031312,0.03404,0,0.043186,0.008454,0.229877,0.105754,0.051551,0.256361,,1091600,,
6,9,,0.253116,0.014169,0.036897,0,0.043186,0.008454,0.232734,0.065754,0.058218,0.287472,,1053600,,
6,9,,0.239466,0.011312,0.03404,0,0.043186,0.008454,0.18321,0.13242,0.051551,0.296361,,1075600,,
7,0,,0.380288,0.026835,0.040462,0,0.042287,0.008454,0.196299,0.135754,0.04436,0.12526,,1029400,,
7,6,,0.223071,0.011097,0.03404,0,0.042287,0.008454,0.296202,0.218061,0.04436,0.122428,,1047400,,
7,0,,0.239466,0.076312,0.03404,0,0.043186,0.008454,0.179877,0.170754,0.051551,0.196361,,1116600,,
7,0,,0.252277,0.06305,0.056018,0,0.044046,0.011091,0.216031,0.186303,0.047877,0.123307,,1107800,,
7,6,,0.223071,0.011097,0.03404,0,0.042287,0.008454,0.282868,0.231395,0.04436,0.122428,,1012800,,
7,6,,0.223071,0.011097,0.03404,0,0.042287,0.008454,0.282868,0.231395,0.04436,0.122428,,1042100,,
7,6,,0.223071,0.011097,0.03404,0,0.042287,0.008454,0.296202,0.218061,0.04436,0.122428,,1001900,,
7,0,,0.281209,0.015671,0.039298,0,0.060994,0.008454,0.169877,0.125754,0.126429,0.172313,,1047800,,
7,0,,0.252277,0.09305,0.056018,0,0.044046,0.011091,0.216031,0.156303,0.047877,0.123307,,1006300,,
7,0,,0.252277,0.04805,0.056018,0,0.044046,0.011091,0.219364,0.19797,0.047877,0.123307,,1201700,,
7,1,,0.084066,0.36503,0.009065,0.055866,0.026454,0.226564,0.017787,0.113441,0.068736,0.032992,,1040400,,
7,0,,0.278944,0.08305,0.079351,0,0.044046,0.011091,0.196031,0.13297,0.05121,0.123307,,1038400,,
7,1,,0.118384,0.363336,0.007371,0.055866,0.007747,0.226564,0.021352,0.113441,0.066667,0.019272,,1044300,,
7,6,,0.239466,0.011312,0.03404,0,0.043186,0.008454,0.24321,0.17242,0.051551,0.196361,,1129200,,
7,1,,0.030372,0.360455,0.003806,0.055866,0.007747,0.226564,0.144111,0.165749,0,0.005329,,1068000,,
7,0,,0.380288,0.016835,0.040462,0,0.042287,0.008454,0.176299,0.165754,0.04436,0.12526,,1074700,,
7,0,,0.342323,0.017026,0.039754,0,0.043186,0.008454,0.175591,0.125754,0.051551,0.196361,,1097000,,
7,0,,0.403146,0.022549,0.046176,0,0.042287,0.008454,0.182014,0.125754,0.04436,0.12526,,1005100,,
7,0,,0.292799,0.011312,0.03404,0,0.043186,0.008454,0.169877,0.165754,0.051551,0.223027,,1024000,,
7,0,,0.403146,0.022549,0.046176,0,0.042287,0.008454,0.182014,0.125754,0.04436,0.12526,,1059200,,
7,1,,0.059579,0.497409,0.025784,0.055866,0.009506,0.229202,0.073941,0.038991,0.003516,0.006208,,1035300,,
7,0,,0.278987,0.015671,0.059298,0,0.100994,0.008454,0.169877,0.145754,0.059763,0.161202,,1004000,,
8,0,,0.270322,0.010432,0.030189,0,0.04193,0.007165,0.144248,0.05573,0.266034,0.173951,,1072400,,
8,0,,0.273179,0.010432,0.030189,0,0.04193,0.007165,0.144248,0.05573,0.263177,0.173951,,1077400,,
8,0,,0.298893,0.010432,0.030189,0,0.04193,0.007165,0.144248,0.05573,0.237462,0.173951,,1043900,,
8,0,,0.252277,0.07305,0.056018,0,0.044046,0.011091,0.236031,0.156303,0.047877,0.123307,,1025700,,
8,0,,0.390322,0.010432,0.030189,0,0.04193,0.007165,0.144248,0.05573,0.146034,0.173951,,1013800,,
8,0,,0.390322,0.010432,0.030189,0,0.04193,0.007165,0.144248,0.05573,0.146034,0.173951,,1009200,,
8,0,,0.370322,0.010432,0.030189,0,0.04193,0.007165,0.144248,0.05573,0.166034,0.173951,,1124700,,
8,0,,0.390322,0.010432,0.030189,0,0.04193,0.007165,0.144248,0.05573,0.146034,0.173951,,1346700,,
8,0,,0.390322,0.010432,0.030189,0,0.04193,0.007165,0.144248,0.05573,0.146034,0.173951,,1100300,,
8,0,,0.370322,0.010432,0.030189,0,0.04193,0.007165,0.144248,0.05573,0.166034,0.173951,,1066700,,
8,0,,0.373655,0.010432,0.030189,0,0.04193,0.007165,0.144248,0.05573,0.1627,0.173951,,1051800,,
8,0,,0.278867,0.010413,0.03404,0,0.044896,0.008454,0.169877,0.065754,0.229619,0.15808,,1040900,,
8,0,,0.273179,0.010432,0.030189,0,0.04193,0.007165,0.144248,0.05573,0.263177,0.173951,,1009600,,
8,0,,0.280444,0.011331,0.030189,0,0.04022,0.007165,0.144248,0.05573,0.238442,0.192232,,1149800,,
9,0,,0.370322,0.010432,0.030189,0,0.04193,0.007165,0.144248,0.05573,0.166034,0.173951,,1051300,,
9,0,,0.380444,0.011331,0.030189,0,0.04022,0.007165,0.144248,0.05573,0.138442,0.192232,,1068600,,
9,0,,0.245021,0.011312,0.03404,0,0.043186,0.008454,0.229877,0.065754,0.174885,0.187472,,1068400,,
