cardiotocography-10clases,CWE,test,1,NANOSECONDS,PREDICTIONS, Generated by ClassifierExperiments.java on 2022-05-16 21:39:28.    SYSTEMPROPERTIES:{user.name:matth,os.arch:amd64,os.name:Windows 10},ENDSYSTEMPROPERTIES
No parameter info
0.49767441860465117,516968300,437687400,-1,0,10,,-1,-1
0,0,,0.3406,0.017815,0.035567,0,0.04436,0.028884,0.178469,0.069095,0.048147,0.237063,,1148200,,
0,1,,0.058228,0.365704,0.003806,0.058248,0.008242,0.357126,0.018641,0.014115,0.003596,0.112295,,1047100,,
0,0,,0.381905,0.011174,0.030433,0,0.040405,0.027165,0.144296,0.05573,0.057334,0.251558,,1038200,,
0,0,,0.261905,0.011174,0.030433,0,0.040405,0.027165,0.144296,0.05573,0.177334,0.251558,,1037600,,
0,0,,0.268571,0.017841,0.030433,0,0.040405,0.027165,0.144296,0.05573,0.157334,0.258225,,1036000,,
0,9,,0.2506,0.011149,0.035567,0,0.06436,0.028884,0.218469,0.069095,0.048147,0.27373,,1044600,,
0,9,,0.261905,0.011174,0.030433,0,0.140405,0.027165,0.144296,0.05573,0.057334,0.271558,,1039300,,
0,9,,0.265238,0.011174,0.030433,0,0.040405,0.027165,0.144296,0.05573,0.154001,0.271558,,1040300,,
0,0,,0.261905,0.011174,0.030433,0,0.040405,0.027165,0.144296,0.05573,0.177334,0.251558,,1035900,,
0,0,,0.253933,0.011149,0.035567,0,0.04436,0.028884,0.178469,0.069095,0.204814,0.17373,,1037100,,
0,0,,0.3406,0.017815,0.035567,0,0.04436,0.028884,0.178469,0.069095,0.048147,0.237063,,1033400,,
0,0,,0.281905,0.011174,0.030433,0,0.040405,0.027165,0.144296,0.05573,0.137334,0.271558,,1058200,,
0,0,,0.275238,0.024507,0.030433,0,0.040405,0.027165,0.144296,0.05573,0.157334,0.244891,,1088500,,
0,0,,0.356844,0.010724,0.030433,0,0.04126,0.027165,0.144296,0.05573,0.17113,0.162418,,1043000,,
0,0,,0.281905,0.011174,0.030433,0,0.040405,0.027165,0.144296,0.05573,0.157334,0.251558,,1036000,,
0,1,,0.038228,0.485704,0.003806,0.058248,0.008242,0.257126,0.018641,0.014115,0.003596,0.112295,,1036700,,
0,0,,0.331905,0.017841,0.030433,0,0.040405,0.027165,0.144296,0.05573,0.174001,0.178225,,1032700,,
0,0,,0.261905,0.011174,0.030433,0,0.040405,0.027165,0.144296,0.05573,0.237334,0.191558,,1040700,,
0,0,,0.281905,0.011174,0.030433,0,0.040405,0.027165,0.144296,0.05573,0.237334,0.171558,,1035300,,
0,6,,0.233933,0.011149,0.035567,0,0.04436,0.028884,0.278469,0.069095,0.148147,0.150397,,1035400,,
0,0,,0.268571,0.017841,0.030433,0,0.040405,0.027165,0.144296,0.05573,0.237334,0.178225,,1035000,,
0,0,,0.261905,0.011174,0.030433,0,0.040405,0.027165,0.144296,0.05573,0.237334,0.191558,,1033900,,
0,0,,0.416844,0.030724,0.030433,0,0.04126,0.027165,0.164296,0.05573,0.07113,0.162418,,1036000,,
0,0,,0.288571,0.017841,0.030433,0,0.040405,0.027165,0.144296,0.05573,0.157334,0.238225,,1033400,,
0,0,,0.265238,0.011174,0.030433,0,0.040405,0.027165,0.144296,0.05573,0.174001,0.251558,,1032500,,
0,0,,0.368571,0.017841,0.030433,0,0.040405,0.027165,0.144296,0.05573,0.057334,0.258225,,1069300,,
0,0,,0.2406,0.037815,0.095567,0,0.08436,0.008884,0.178469,0.089095,0.048147,0.217063,,1037100,,
0,9,,0.237267,0.011149,0.035567,0,0.04436,0.028884,0.178469,0.069095,0.084814,0.310397,,1030000,,
0,0,,0.281905,0.011174,0.030433,0,0.040405,0.007165,0.144296,0.07573,0.237334,0.171558,,1000300,,
0,0,,0.381905,0.011174,0.030433,0,0.040405,0.027165,0.144296,0.05573,0.057334,0.251558,,1003200,,
0,1,,0.045621,0.506141,0.004754,0.050805,0.009768,0.21886,0.015414,0.011419,0.003596,0.133622,,1002600,,
0,0,,0.308571,0.017841,0.030433,0,0.040405,0.027165,0.144296,0.05573,0.157334,0.218225,,1000200,,
0,0,,0.353933,0.011149,0.035567,0,0.04436,0.028884,0.178469,0.069095,0.048147,0.230397,,1012800,,
0,0,,0.3406,0.037815,0.035567,0,0.04436,0.028884,0.178469,0.069095,0.048147,0.217063,,1009300,,
0,1,,0.058228,0.365704,0.003806,0.058248,0.008242,0.357126,0.018641,0.014115,0.003596,0.112295,,1013900,,
0,0,,0.3406,0.017815,0.035567,0,0.04436,0.028884,0.178469,0.069095,0.048147,0.237063,,1007500,,
0,9,,0.261905,0.011174,0.030433,0,0.040405,0.027165,0.144296,0.05573,0.157334,0.271558,,1007500,,
0,0,,0.237267,0.011149,0.035567,0,0.04436,0.028884,0.178469,0.069095,0.164814,0.230397,,1011400,,
0,0,,0.3406,0.017815,0.035567,0,0.04436,0.028884,0.178469,0.069095,0.048147,0.237063,,1007300,,
0,6,,0.233933,0.011149,0.035567,0,0.04436,0.028884,0.278469,0.069095,0.148147,0.150397,,1011500,,
0,0,,0.265238,0.011174,0.030433,0,0.040405,0.027165,0.144296,0.05573,0.174001,0.251558,,1032900,,
0,0,,0.295238,0.024507,0.030433,0,0.040405,0.027165,0.144296,0.05573,0.157334,0.224891,,1008000,,
0,0,,0.368571,0.017841,0.030433,0,0.040405,0.027165,0.144296,0.05573,0.057334,0.258225,,1052100,,
0,9,,0.237267,0.011149,0.035567,0,0.04436,0.028884,0.178469,0.069095,0.144814,0.250397,,1005900,,
0,0,,0.265238,0.011174,0.030433,0,0.040405,0.027165,0.144296,0.05573,0.174001,0.251558,,1003000,,
0,0,,0.381905,0.031174,0.030433,0,0.040405,0.027165,0.144296,0.05573,0.057334,0.231558,,1002200,,
0,0,,0.288571,0.017841,0.030433,0,0.040405,0.027165,0.144296,0.05573,0.157334,0.238225,,1007900,,
0,6,,0.233933,0.011149,0.035567,0,0.04436,0.028884,0.278469,0.069095,0.128147,0.170397,,1006700,,
0,6,,0.233933,0.011149,0.035567,0,0.04436,0.028884,0.278469,0.069095,0.148147,0.150397,,1003800,,
0,9,,0.268571,0.017841,0.030433,0,0.040405,0.027165,0.144296,0.05573,0.137334,0.278225,,1003800,,
0,1,,0.055621,0.512808,0.004754,0.050805,0.009768,0.21886,0.015414,0.011419,0.020262,0.100289,,1007100,,
0,1,,0.064895,0.37237,0.003806,0.158248,0.008242,0.257126,0.018641,0.014115,0.003596,0.098962,,1015000,,
0,9,,0.2406,0.037815,0.035567,0,0.10436,0.028884,0.178469,0.069095,0.048147,0.257063,,1011900,,
0,0,,0.3406,0.017815,0.035567,0,0.04436,0.028884,0.178469,0.069095,0.048147,0.237063,,1005500,,
0,0,,0.261905,0.011174,0.030433,0,0.040405,0.027165,0.144296,0.05573,0.217334,0.211558,,1005600,,
0,0,,0.261905,0.011174,0.030433,0,0.040405,0.027165,0.144296,0.05573,0.197334,0.231558,,1020500,,
0,0,,0.368571,0.017841,0.030433,0,0.040405,0.027165,0.144296,0.05573,0.057334,0.258225,,1007100,,
0,0,,0.288571,0.017841,0.030433,0,0.040405,0.027165,0.144296,0.05573,0.157334,0.238225,,1003800,,
0,0,,0.265238,0.011174,0.030433,0,0.040405,0.027165,0.144296,0.05573,0.174001,0.251558,,1031200,,
0,1,,0.065621,0.506141,0.004754,0.050805,0.009768,0.19886,0.015414,0.031419,0.083596,0.033622,,1002400,,
0,0,,0.268571,0.017841,0.030433,0,0.040405,0.027165,0.144296,0.05573,0.157334,0.258225,,1009300,,
0,1,,0.041561,0.465704,0.003806,0.058248,0.008242,0.257126,0.018641,0.014115,0.020262,0.112295,,1005600,,
0,0,,0.268571,0.017841,0.030433,0,0.040405,0.027165,0.144296,0.05573,0.177334,0.238225,,1001900,,
0,1,,0.065621,0.506141,0.004754,0.050805,0.009768,0.21886,0.015414,0.011419,0.003596,0.113622,,1007400,,
0,0,,0.288571,0.017841,0.030433,0,0.040405,0.027165,0.144296,0.05573,0.177334,0.218225,,1021400,,
0,0,,0.288571,0.017841,0.030433,0,0.040405,0.027165,0.144296,0.05573,0.157334,0.238225,,1013100,,
0,0,,0.3406,0.037815,0.035567,0,0.04436,0.028884,0.178469,0.069095,0.048147,0.217063,,1021400,,
0,0,,0.396844,0.010724,0.030433,0,0.04126,0.027165,0.144296,0.05573,0.13113,0.162418,,1010900,,
0,0,,0.356844,0.010724,0.030433,0,0.04126,0.027165,0.144296,0.05573,0.17113,0.162418,,1045000,,
0,0,,0.473745,0.016793,0.036501,0,0.039955,0.007165,0.150365,0.07573,0.053739,0.146008,,1007900,,
0,0,,0.356844,0.010724,0.030433,0,0.04126,0.027165,0.144296,0.05573,0.17113,0.162418,,1005800,,
0,0,,0.278571,0.011174,0.030433,0,0.040405,0.027165,0.144296,0.05573,0.137334,0.274891,,1015500,,
0,0,,0.253933,0.011149,0.035567,0,0.04436,0.008884,0.178469,0.089095,0.208147,0.170397,,1016200,,
0,0,,0.261905,0.011174,0.030433,0,0.040405,0.027165,0.144296,0.05573,0.257334,0.171558,,1012100,,
0,1,,0.14056,0.505691,0.004754,0.050805,0.010623,0.21886,0.015414,0.011419,0.017391,0.024482,,1022700,,
0,0,,0.327267,0.011149,0.035567,0,0.06436,0.028884,0.218469,0.069095,0.048147,0.197063,,1022300,,
0,0,,0.281905,0.011174,0.030433,0,0.040405,0.027165,0.144296,0.05573,0.137334,0.271558,,1014100,,
1,1,,0.038228,0.385704,0.003806,0.158248,0.008242,0.257126,0.018641,0.014115,0.003596,0.112295,,1016600,,
1,1,,0.038228,0.445704,0.003806,0.158248,0.008242,0.257126,0.018641,0.014115,0.003596,0.052295,,1014900,,
1,1,,0.058228,0.385704,0.003806,0.158248,0.008242,0.257126,0.018641,0.014115,0.003596,0.092295,,1013400,,
1,1,,0.038228,0.545704,0.003806,0.058248,0.008242,0.257126,0.018641,0.014115,0.003596,0.052295,,1009200,,
1,1,,0.038228,0.385704,0.003806,0.058248,0.008242,0.357126,0.018641,0.014115,0.003596,0.112295,,1009200,,
1,1,,0.030085,0.504858,0.003806,0.158248,0.007792,0.257126,0.018641,0.014115,0,0.005329,,1012600,,
1,1,,0.038228,0.385704,0.003806,0.158248,0.008242,0.257126,0.018641,0.014115,0.003596,0.112295,,1010300,,
1,1,,0.030085,0.484858,0.003806,0.078248,0.007792,0.357126,0.018641,0.014115,0,0.005329,,1030600,,
1,1,,0.057016,0.489134,0.067686,0.058248,0.023396,0.257126,0.018641,0.014115,0.001034,0.013605,,1018400,,
1,1,,0.030085,0.504858,0.003806,0.058248,0.007792,0.357126,0.018641,0.014115,0,0.005329,,1017000,,
1,1,,0.038228,0.425704,0.003806,0.118248,0.008242,0.257126,0.018641,0.014115,0.003596,0.112295,,1014000,,
1,1,,0.052288,0.532808,0.004754,0.050805,0.009768,0.21886,0.015414,0.011419,0.003596,0.100289,,1019200,,
1,1,,0.094895,0.465704,0.003806,0.058248,0.008242,0.257126,0.018641,0.014115,0.023596,0.055628,,1020300,,
1,1,,0.038228,0.405704,0.003806,0.158248,0.008242,0.257126,0.018641,0.014115,0.003596,0.092295,,1012400,,
1,1,,0.038228,0.385704,0.003806,0.058248,0.008242,0.357126,0.018641,0.014115,0.003596,0.112295,,1010500,,
1,1,,0.030085,0.504858,0.003806,0.058248,0.007792,0.357126,0.018641,0.014115,0,0.005329,,1007700,,
1,1,,0.038228,0.485704,0.003806,0.058248,0.008242,0.237126,0.018641,0.034115,0.003596,0.112295,,1012300,,
1,1,,0.044895,0.45237,0.003806,0.158248,0.008242,0.237126,0.018641,0.034115,0.003596,0.038962,,1013100,,
1,1,,0.045621,0.526141,0.004754,0.050805,0.009768,0.21886,0.015414,0.011419,0.003596,0.113622,,1009200,,
1,1,,0.094895,0.485704,0.003806,0.058248,0.008242,0.257126,0.018641,0.014115,0.003596,0.055628,,1015200,,
1,1,,0.038228,0.385704,0.003806,0.158248,0.008242,0.257126,0.018641,0.014115,0.003596,0.112295,,1015000,,
1,1,,0.030085,0.604858,0.003806,0.058248,0.007792,0.257126,0.018641,0.014115,0,0.005329,,1013800,,
1,1,,0.117395,0.368204,0.006306,0.058248,0.020742,0.357126,0.018641,0.014115,0.003596,0.035628,,1021500,,
1,1,,0.038228,0.485704,0.003806,0.058248,0.008242,0.257126,0.018641,0.014115,0.003596,0.112295,,1017500,,
1,1,,0.052288,0.512808,0.004754,0.050805,0.009768,0.21886,0.015414,0.011419,0.003596,0.120289,,1014000,,
1,1,,0.054895,0.365704,0.003806,0.158248,0.008242,0.257126,0.018641,0.014115,0.003596,0.115628,,1014800,,
1,1,,0.038228,0.385704,0.003806,0.158248,0.008242,0.257126,0.018641,0.014115,0.003596,0.112295,,1017800,,
1,1,,0.030085,0.504858,0.003806,0.158248,0.007792,0.257126,0.018641,0.014115,0,0.005329,,1010400,,
1,1,,0.030085,0.484858,0.003806,0.178248,0.007792,0.257126,0.018641,0.014115,0,0.005329,,1014100,,
1,1,,0.114895,0.385704,0.003806,0.158248,0.008242,0.257126,0.018641,0.014115,0.003596,0.035628,,1012700,,
1,1,,0.038228,0.385704,0.003806,0.158248,0.008242,0.257126,0.018641,0.014115,0.003596,0.112295,,1010700,,
1,1,,0.030085,0.504858,0.003806,0.158248,0.007792,0.257126,0.018641,0.014115,0,0.005329,,1010500,,
1,1,,0.030085,0.504858,0.003806,0.158248,0.007792,0.257126,0.018641,0.014115,0,0.005329,,1011400,,
1,1,,0.038228,0.385704,0.003806,0.158248,0.008242,0.257126,0.018641,0.014115,0.003596,0.112295,,1023200,,
1,1,,0.038228,0.385704,0.003806,0.158248,0.008242,0.237126,0.018641,0.034115,0.003596,0.112295,,1017900,,
1,1,,0.041561,0.385704,0.003806,0.158248,0.008242,0.257126,0.018641,0.014115,0.020262,0.092295,,1017900,,
1,1,,0.044895,0.37237,0.003806,0.158248,0.008242,0.257126,0.018641,0.014115,0.003596,0.118962,,1014200,,
1,1,,0.029689,0.469533,0.003806,0.179485,0.007792,0.270374,0.018641,0.015352,0,0.005329,,1024900,,
1,1,,0.044895,0.37237,0.003806,0.158248,0.008242,0.257126,0.018641,0.014115,0.003596,0.118962,,1008900,,
1,1,,0.030085,0.504858,0.003806,0.158248,0.007792,0.257126,0.018641,0.014115,0,0.005329,,1011000,,
1,1,,0.038228,0.425704,0.003806,0.118248,0.008242,0.257126,0.018641,0.014115,0.003596,0.112295,,1010500,,
1,1,,0.138639,0.488466,0.007017,0.058248,0.007792,0.257126,0.021852,0.014115,0,0.006745,,1014600,,
1,1,,0.053167,0.445254,0.003806,0.058248,0.009097,0.357126,0.018641,0.014115,0.017391,0.023155,,1012900,,
1,1,,0.052288,0.532808,0.004754,0.050805,0.009768,0.21886,0.015414,0.011419,0.003596,0.100289,,1009400,,
1,1,,0.030085,0.504858,0.003806,0.158248,0.007792,0.237126,0.018641,0.034115,0,0.005329,,1025100,,
1,1,,0.030085,0.504858,0.003806,0.158248,0.007792,0.257126,0.018641,0.014115,0,0.005329,,1014500,,
1,1,,0.044895,0.39237,0.003806,0.158248,0.008242,0.257126,0.018641,0.014115,0.003596,0.098962,,1011900,,
1,1,,0.030085,0.504858,0.003806,0.158248,0.007792,0.257126,0.018641,0.014115,0,0.005329,,1011200,,
1,1,,0.038228,0.405704,0.003806,0.058248,0.008242,0.357126,0.018641,0.014115,0.003596,0.092295,,1013600,,
1,1,,0.038228,0.385704,0.003806,0.158248,0.008242,0.237126,0.018641,0.034115,0.003596,0.112295,,1012300,,
1,1,,0.030085,0.504858,0.003806,0.158248,0.007792,0.257126,0.018641,0.014115,0,0.005329,,1011000,,
1,1,,0.038228,0.385704,0.003806,0.158248,0.008242,0.257126,0.018641,0.014115,0.003596,0.112295,,1014900,,
1,1,,0.038228,0.385704,0.003806,0.158248,0.008242,0.257126,0.018641,0.014115,0.003596,0.112295,,1019800,,
1,1,,0.045621,0.506141,0.004754,0.050805,0.009768,0.21886,0.015414,0.011419,0.103596,0.033622,,1022700,,
1,1,,0.030085,0.504858,0.003806,0.058248,0.007792,0.357126,0.018641,0.014115,0,0.005329,,1014000,,
1,1,,0.038228,0.385704,0.003806,0.158248,0.008242,0.257126,0.018641,0.014115,0.003596,0.112295,,1010400,,
1,1,,0.058228,0.485704,0.003806,0.058248,0.008242,0.237126,0.018641,0.034115,0.003596,0.092295,,1010800,,
1,1,,0.044895,0.39237,0.003806,0.158248,0.008242,0.257126,0.018641,0.014115,0.003596,0.098962,,1013400,,
1,1,,0.038228,0.485704,0.003806,0.058248,0.008242,0.257126,0.018641,0.014115,0.003596,0.112295,,1008300,,
1,1,,0.030085,0.504858,0.003806,0.058248,0.007792,0.357126,0.018641,0.014115,0,0.005329,,1018000,,
1,1,,0.038228,0.385704,0.003806,0.158248,0.008242,0.257126,0.018641,0.014115,0.003596,0.112295,,1021500,,
1,1,,0.030085,0.504858,0.003806,0.158248,0.007792,0.257126,0.018641,0.014115,0,0.005329,,1019700,,
1,1,,0.054895,0.445704,0.003806,0.158248,0.008242,0.257126,0.018641,0.014115,0.003596,0.035628,,1016200,,
1,1,,0.038228,0.385704,0.003806,0.158248,0.008242,0.257126,0.018641,0.014115,0.003596,0.112295,,1011800,,
1,1,,0.140861,0.368466,0.007017,0.058248,0.007792,0.357126,0.021852,0.014115,0.006667,0.017856,,1016400,,
1,1,,0.114895,0.385704,0.003806,0.058248,0.008242,0.357126,0.018641,0.014115,0.003596,0.035628,,1012900,,
1,1,,0.038228,0.465704,0.003806,0.058248,0.008242,0.257126,0.018641,0.014115,0.023596,0.112295,,1014900,,
1,1,,0.044895,0.365704,0.010473,0.158248,0.008242,0.237126,0.018641,0.040782,0.003596,0.112295,,1044900,,
1,1,,0.030085,0.504858,0.003806,0.158248,0.007792,0.257126,0.018641,0.014115,0,0.005329,,1020400,,
1,1,,0.038228,0.385704,0.003806,0.158248,0.008242,0.257126,0.018641,0.014115,0.003596,0.112295,,1021000,,
1,1,,0.030085,0.504858,0.003806,0.158248,0.007792,0.257126,0.018641,0.014115,0,0.005329,,1015800,,
1,1,,0.030085,0.504858,0.003806,0.158248,0.007792,0.257126,0.018641,0.014115,0,0.005329,,1016500,,
1,1,,0.038228,0.385704,0.003806,0.158248,0.008242,0.257126,0.018641,0.014115,0.003596,0.112295,,1017600,,
1,1,,0.094895,0.385704,0.003806,0.158248,0.008242,0.257126,0.018641,0.014115,0.003596,0.055628,,1018500,,
1,1,,0.038228,0.385704,0.003806,0.058248,0.008242,0.357126,0.018641,0.014115,0.003596,0.112295,,1021800,,
1,1,,0.030085,0.504858,0.003806,0.158248,0.007792,0.257126,0.018641,0.014115,0,0.005329,,1027500,,
1,1,,0.041561,0.385704,0.003806,0.158248,0.008242,0.257126,0.018641,0.014115,0.020262,0.092295,,1018800,,
1,1,,0.038228,0.385704,0.003806,0.058248,0.008242,0.357126,0.018641,0.014115,0.003596,0.112295,,1016400,,
1,1,,0.045621,0.506141,0.004754,0.050805,0.009768,0.21886,0.015414,0.011419,0.103596,0.033622,,1022100,,
1,1,,0.038228,0.545704,0.003806,0.058248,0.008242,0.237126,0.018641,0.034115,0.003596,0.052295,,1020000,,
1,1,,0.038228,0.485704,0.003806,0.058248,0.008242,0.257126,0.018641,0.014115,0.003596,0.112295,,1016100,,
1,1,,0.038228,0.385704,0.003806,0.058248,0.008242,0.357126,0.018641,0.014115,0.003596,0.112295,,1022900,,
1,1,,0.094895,0.385704,0.003806,0.158248,0.008242,0.257126,0.018641,0.014115,0.003596,0.055628,,1018600,,
1,1,,0.030085,0.504858,0.003806,0.158248,0.007792,0.257126,0.018641,0.014115,0,0.005329,,1015200,,
1,1,,0.044895,0.39237,0.003806,0.158248,0.008242,0.257126,0.018641,0.014115,0.003596,0.098962,,1017400,,
1,1,,0.030085,0.504858,0.003806,0.058248,0.007792,0.357126,0.018641,0.014115,0,0.005329,,1020200,,
1,1,,0.044895,0.47237,0.003806,0.058248,0.008242,0.257126,0.018641,0.014115,0.003596,0.118962,,1019300,,
1,1,,0.038228,0.445704,0.003806,0.158248,0.008242,0.257126,0.018641,0.014115,0.003596,0.052295,,1022500,,
1,1,,0.030085,0.504858,0.003806,0.158248,0.007792,0.257126,0.018641,0.014115,0,0.005329,,1018500,,
1,1,,0.054895,0.445704,0.003806,0.158248,0.008242,0.257126,0.018641,0.014115,0.003596,0.035628,,1017300,,
1,1,,0.041561,0.425704,0.003806,0.118248,0.008242,0.257126,0.018641,0.014115,0.020262,0.092295,,1019100,,
1,1,,0.030085,0.504858,0.003806,0.158248,0.007792,0.257126,0.018641,0.014115,0,0.005329,,1015300,,
1,1,,0.030085,0.504858,0.003806,0.158248,0.007792,0.257126,0.018641,0.014115,0,0.005329,,1018800,,
1,1,,0.038228,0.485704,0.003806,0.058248,0.008242,0.257126,0.018641,0.014115,0.003596,0.112295,,1018300,,
1,1,,0.052288,0.532808,0.004754,0.050805,0.009768,0.21886,0.015414,0.011419,0.003596,0.100289,,1018800,,
1,1,,0.038228,0.385704,0.003806,0.158248,0.008242,0.257126,0.018641,0.014115,0.003596,0.112295,,1029200,,
1,1,,0.030085,0.604858,0.003806,0.058248,0.007792,0.257126,0.018641,0.014115,0,0.005329,,1058100,,
1,1,,0.038228,0.385704,0.003806,0.158248,0.008242,0.257126,0.018641,0.014115,0.003596,0.112295,,1029700,,
1,1,,0.030085,0.504858,0.003806,0.158248,0.007792,0.257126,0.018641,0.014115,0,0.005329,,1013800,,
1,1,,0.041561,0.365704,0.003806,0.158248,0.008242,0.257126,0.018641,0.014115,0.020262,0.112295,,1024700,,
1,1,,0.037478,0.645295,0.004754,0.050805,0.009319,0.21886,0.015414,0.011419,0,0.006656,,1019000,,
1,1,,0.030085,0.504858,0.003806,0.158248,0.007792,0.257126,0.018641,0.014115,0,0.005329,,1014300,,
1,1,,0.038228,0.485704,0.003806,0.058248,0.008242,0.257126,0.018641,0.014115,0.003596,0.112295,,1011800,,
1,1,,0.038228,0.385704,0.003806,0.158248,0.008242,0.257126,0.018641,0.014115,0.003596,0.112295,,1012600,,
1,1,,0.045621,0.506141,0.004754,0.050805,0.009768,0.21886,0.015414,0.011419,0.023596,0.113622,,1011800,,
1,1,,0.038228,0.385704,0.003806,0.158248,0.008242,0.257126,0.018641,0.014115,0.003596,0.112295,,1013600,,
1,1,,0.030085,0.504858,0.003806,0.058248,0.007792,0.357126,0.018641,0.014115,0,0.005329,,1012100,,
1,1,,0.038228,0.445704,0.003806,0.058248,0.008242,0.357126,0.018641,0.014115,0.003596,0.052295,,1028300,,
1,1,,0.064895,0.39237,0.003806,0.158248,0.008242,0.237126,0.018641,0.034115,0.003596,0.078962,,1010400,,
1,1,,0.087211,0.431323,0.00416,0.163962,0.007792,0.265698,0.018995,0.014115,0,0.006745,,1007900,,
1,1,,0.038228,0.485704,0.003806,0.058248,0.008242,0.257126,0.018641,0.014115,0.003596,0.112295,,1010500,,
1,1,,0.098228,0.485704,0.003806,0.058248,0.008242,0.257126,0.018641,0.014115,0.003596,0.052295,,1031900,,
1,1,,0.057967,0.366573,0.048129,0.058248,0.008671,0.358445,0.021718,0.072723,0.001758,0.005768,,1020600,,
1,1,,0.030085,0.484858,0.003806,0.078248,0.007792,0.357126,0.018641,0.014115,0,0.005329,,1010100,,
1,1,,0.030085,0.504858,0.003806,0.158248,0.007792,0.257126,0.018641,0.014115,0,0.005329,,1004700,,
1,1,,0.038228,0.385704,0.003806,0.158248,0.008242,0.257126,0.018641,0.014115,0.003596,0.112295,,1011500,,
2,0,,0.368571,0.037841,0.030433,0,0.040405,0.027165,0.144296,0.05573,0.057334,0.238225,,1016200,,
2,9,,0.2406,0.037815,0.035567,0,0.10436,0.028884,0.178469,0.069095,0.048147,0.257063,,1013400,,
2,6,,0.236433,0.033649,0.038067,0,0.05686,0.028884,0.278469,0.069095,0.048147,0.210397,,1020200,,
2,9,,0.265238,0.031174,0.030433,0,0.040405,0.027165,0.144296,0.05573,0.134001,0.271558,,1024300,,
2,1,,0.058228,0.485704,0.003806,0.058248,0.008242,0.257126,0.018641,0.014115,0.003596,0.092295,,1015500,,
2,0,,0.353933,0.031149,0.035567,0,0.04436,0.028884,0.178469,0.069095,0.048147,0.210397,,1016800,,
2,1,,0.054895,0.385704,0.003806,0.158248,0.008242,0.257126,0.018641,0.014115,0.003596,0.095628,,1054500,,
2,0,,0.353933,0.031149,0.035567,0,0.04436,0.028884,0.178469,0.069095,0.048147,0.210397,,1034900,,
2,1,,0.058228,0.385704,0.003806,0.058248,0.008242,0.357126,0.018641,0.014115,0.003596,0.092295,,1001300,,
2,0,,0.233933,0.031149,0.115567,0,0.04561,0.028884,0.178469,0.089095,0.059397,0.217897,,1035600,,
2,0,,0.353933,0.031149,0.035567,0,0.04436,0.028884,0.178469,0.069095,0.048147,0.210397,,1004700,,
3,1,,0.030085,0.504858,0.003806,0.158248,0.007792,0.257126,0.018641,0.014115,0,0.005329,,1002500,,
3,1,,0.030085,0.504858,0.003806,0.158248,0.007792,0.257126,0.018641,0.014115,0,0.005329,,1006400,,
3,1,,0.029689,0.383716,0.003806,0.276709,0.008177,0.259818,0.018641,0.014115,0,0.005329,,1006600,,
3,1,,0.044634,0.371573,0.014795,0.178248,0.008671,0.318445,0.031718,0.02439,0.001758,0.005768,,1005400,,
3,1,,0.029689,0.400247,0.003806,0.145199,0.007792,0.373945,0.018641,0.015352,0,0.005329,,1002600,,
3,1,,0.030085,0.504858,0.003806,0.158248,0.007792,0.257126,0.018641,0.014115,0,0.005329,,1000900,,
3,1,,0.044895,0.45237,0.003806,0.158248,0.008242,0.257126,0.018641,0.014115,0.003596,0.038962,,1002200,,
3,1,,0.029689,0.414533,0.003806,0.119485,0.007792,0.385374,0.018641,0.015352,0,0.005329,,1008000,,
3,1,,0.044895,0.39237,0.003806,0.158248,0.008242,0.257126,0.018641,0.014115,0.003596,0.098962,,1010400,,
3,1,,0.030085,0.484858,0.003806,0.178248,0.007792,0.257126,0.018641,0.014115,0,0.005329,,1000200,,
3,1,,0.030085,0.504858,0.003806,0.158248,0.007792,0.257126,0.018641,0.014115,0,0.005329,,1002900,,
3,1,,0.030085,0.504858,0.003806,0.158248,0.007792,0.257126,0.018641,0.014115,0,0.005329,,1008600,,
3,1,,0.030085,0.504858,0.003806,0.158248,0.007792,0.257126,0.018641,0.014115,0,0.005329,,1008800,,
3,1,,0.030085,0.484858,0.003806,0.178248,0.007792,0.257126,0.018641,0.014115,0,0.005329,,1023700,,
3,1,,0.038228,0.445704,0.003806,0.158248,0.008242,0.257126,0.018641,0.014115,0.003596,0.052295,,1010300,,
3,1,,0.038228,0.425704,0.003806,0.178248,0.008242,0.257126,0.018641,0.014115,0.003596,0.052295,,1010300,,
3,1,,0.094895,0.365704,0.003806,0.078248,0.008242,0.357126,0.018641,0.014115,0.003596,0.055628,,1014000,,
4,0,,0.317267,0.011149,0.035567,0,0.06436,0.028884,0.178469,0.069095,0.064814,0.230397,,1015500,,
4,0,,0.288571,0.017841,0.030433,0,0.040405,0.027165,0.144296,0.05573,0.217334,0.178225,,1016000,,
4,0,,0.2606,0.017815,0.035567,0,0.14436,0.028884,0.178469,0.069095,0.048147,0.217063,,1012200,,
4,1,,0.072288,0.512808,0.004754,0.050805,0.009768,0.21886,0.015414,0.011419,0.003596,0.100289,,1015000,,
4,6,,0.2506,0.011149,0.035567,0,0.04436,0.028884,0.278469,0.069095,0.048147,0.23373,,1012700,,
4,0,,0.2806,0.017815,0.035567,0,0.14436,0.008884,0.178469,0.089095,0.048147,0.197063,,1012900,,
4,9,,0.275238,0.024507,0.030433,0,0.040405,0.027165,0.144296,0.05573,0.057334,0.344891,,1012100,,
4,0,,0.2406,0.017815,0.035567,0,0.14436,0.028884,0.178469,0.069095,0.048147,0.237063,,1015700,,
4,9,,0.2406,0.017815,0.035567,0,0.10436,0.028884,0.198469,0.069095,0.048147,0.257063,,1015000,,
4,0,,0.268571,0.017841,0.030433,0,0.040405,0.027165,0.144296,0.05573,0.237334,0.178225,,1011800,,
4,1,,0.118228,0.365704,0.003806,0.158248,0.008242,0.257126,0.018641,0.014115,0.020262,0.035628,,1013600,,
4,9,,0.233933,0.011149,0.035567,0,0.04561,0.028884,0.178469,0.069095,0.139397,0.257897,,1028600,,
4,0,,0.237267,0.011149,0.035567,0,0.06436,0.028884,0.218469,0.069095,0.144814,0.190397,,1013400,,
4,0,,0.261905,0.011174,0.030433,0,0.040405,0.027165,0.144296,0.05573,0.237334,0.191558,,1005300,,
4,1,,0.094895,0.465704,0.003806,0.058248,0.008242,0.257126,0.018641,0.014115,0.023596,0.055628,,1005100,,
5,1,,0.063683,0.369134,0.074352,0.058248,0.023396,0.357126,0.018641,0.020782,0.001034,0.013605,,1008700,,
5,1,,0.038228,0.370704,0.003806,0.058248,0.008242,0.357126,0.028641,0.099115,0.003596,0.032295,,1007300,,
5,1,,0.038228,0.385704,0.003806,0.058248,0.008242,0.357126,0.018641,0.014115,0.003596,0.112295,,1006300,,
5,1,,0.038228,0.365704,0.003806,0.058248,0.008242,0.357126,0.018641,0.014115,0.023596,0.112295,,1003900,,
5,1,,0.044634,0.377287,0.014795,0.063962,0.008671,0.367016,0.031718,0.08439,0.001758,0.005768,,1009000,,
5,1,,0.038228,0.385704,0.003806,0.058248,0.008242,0.357126,0.018641,0.014115,0.003596,0.112295,,1006000,,
5,1,,0.098228,0.365704,0.003806,0.058248,0.008242,0.357126,0.018641,0.034115,0.003596,0.052295,,1006200,,
5,5,,0.087211,0.365608,0.00416,0.058248,0.007792,0.377126,0.018995,0.074115,0,0.006745,,1005100,,
5,1,,0.038228,0.365704,0.003806,0.058248,0.008242,0.357126,0.031974,0.020782,0.003596,0.112295,,1007000,,
5,5,,0.03003,0.365596,0.003806,0.058248,0.007792,0.377126,0.111803,0.040269,0,0.005329,,1015600,,
5,1,,0.094895,0.365704,0.003806,0.058248,0.008242,0.357126,0.018641,0.034115,0.003596,0.055628,,1013400,,
5,1,,0.029689,0.455247,0.003806,0.165199,0.007792,0.298945,0.018641,0.015352,0,0.005329,,1031100,,
5,5,,0.03003,0.365596,0.003806,0.058248,0.007792,0.377126,0.111803,0.040269,0,0.005329,,1005300,,
5,1,,0.138639,0.388466,0.007017,0.058248,0.007792,0.357126,0.021852,0.014115,0,0.006745,,1009200,,
5,1,,0.03003,0.365596,0.003806,0.058248,0.007792,0.357126,0.111803,0.060269,0,0.005329,,1007400,,
5,1,,0.044634,0.371573,0.014795,0.058248,0.008671,0.358445,0.031718,0.10439,0.001758,0.005768,,1004500,,
5,1,,0.038228,0.385704,0.003806,0.058248,0.008242,0.357126,0.018641,0.014115,0.003596,0.112295,,1012800,,
5,5,,0.138639,0.368466,0.007017,0.058248,0.007792,0.377126,0.021852,0.014115,0,0.006745,,1006200,,
5,1,,0.038228,0.365704,0.003806,0.058248,0.008242,0.357126,0.031974,0.020782,0.003596,0.112295,,1006000,,
5,1,,0.038228,0.385704,0.003806,0.058248,0.008242,0.357126,0.018641,0.014115,0.003596,0.112295,,1001900,,
5,1,,0.049656,0.368561,0.006663,0.058248,0.008242,0.357126,0.021498,0.014115,0.003596,0.112295,,1005200,,
5,1,,0.044634,0.371573,0.014795,0.058248,0.008671,0.258445,0.031718,0.20439,0.001758,0.005768,,1008500,,
5,1,,0.030085,0.484858,0.003806,0.058248,0.007792,0.377126,0.018641,0.014115,0,0.005329,,1007900,,
5,1,,0.038228,0.385704,0.003806,0.058248,0.008242,0.357126,0.018641,0.014115,0.003596,0.112295,,1010100,,
5,1,,0.094895,0.365704,0.003806,0.058248,0.008242,0.357126,0.018641,0.034115,0.003596,0.055628,,1005100,,
5,1,,0.038228,0.365704,0.003806,0.058248,0.008242,0.357126,0.018641,0.034115,0.003596,0.112295,,1005800,,
5,1,,0.057016,0.369134,0.027686,0.058248,0.063396,0.357126,0.018641,0.034115,0.001034,0.013605,,1047000,,
5,1,,0.038228,0.445704,0.003806,0.058248,0.008242,0.357126,0.018641,0.014115,0.003596,0.052295,,1022100,,
5,1,,0.038228,0.365704,0.003806,0.058248,0.008242,0.357126,0.038641,0.014115,0.003596,0.112295,,1013700,,
5,1,,0.044634,0.371573,0.014795,0.058248,0.008671,0.358445,0.031718,0.10439,0.001758,0.005768,,1017300,,
5,5,,0.094895,0.365704,0.003806,0.058248,0.008242,0.377126,0.018641,0.014115,0.003596,0.055628,,1020100,,
5,1,,0.038228,0.385704,0.003806,0.058248,0.008242,0.357126,0.018641,0.014115,0.003596,0.112295,,1016300,,
5,1,,0.038228,0.425704,0.003806,0.058248,0.008242,0.377126,0.018641,0.014115,0.003596,0.052295,,1011800,,
5,5,,0.0513,0.366573,0.041462,0.058248,0.008671,0.378445,0.021718,0.066057,0.001758,0.005768,,1006800,,
5,5,,0.03003,0.365596,0.003806,0.058248,0.007792,0.377126,0.111803,0.040269,0,0.005329,,1019000,,
5,1,,0.038228,0.365704,0.003806,0.058248,0.008242,0.357126,0.018641,0.014115,0.023596,0.112295,,1011000,,
5,1,,0.038228,0.385704,0.003806,0.058248,0.008242,0.357126,0.018641,0.034115,0.003596,0.092295,,1011500,,
5,5,,0.094895,0.365704,0.003806,0.058248,0.008242,0.377126,0.018641,0.014115,0.003596,0.055628,,1011000,,
5,5,,0.054895,0.365704,0.003806,0.058248,0.008242,0.377126,0.078641,0.014115,0.003596,0.035628,,1010400,,
5,1,,0.038228,0.365704,0.003806,0.058248,0.008242,0.357126,0.018641,0.034115,0.003596,0.112295,,1005200,,
5,1,,0.038228,0.385704,0.003806,0.058248,0.008242,0.357126,0.018641,0.014115,0.003596,0.112295,,1016800,,
5,1,,0.038228,0.385704,0.003806,0.058248,0.008242,0.357126,0.018641,0.014115,0.003596,0.112295,,1027600,,
5,5,,0.03003,0.365596,0.003806,0.058248,0.007792,0.377126,0.111803,0.040269,0,0.005329,,1012000,,
5,1,,0.038228,0.425704,0.003806,0.058248,0.008242,0.377126,0.018641,0.014115,0.003596,0.052295,,1045500,,
5,1,,0.038228,0.385704,0.003806,0.058248,0.008242,0.357126,0.018641,0.014115,0.003596,0.112295,,1017100,,
5,5,,0.03003,0.365596,0.003806,0.058248,0.007792,0.437126,0.051803,0.040269,0,0.005329,,1016200,,
5,5,,0.038228,0.365704,0.003806,0.058248,0.008242,0.377126,0.018641,0.014115,0.003596,0.112295,,1016200,,
5,1,,0.038228,0.445704,0.003806,0.058248,0.008242,0.357126,0.018641,0.014115,0.003596,0.052295,,1016200,,
5,5,,0.03003,0.365596,0.003806,0.058248,0.007792,0.377126,0.111803,0.040269,0,0.005329,,1008100,,
5,1,,0.044895,0.365704,0.010473,0.058248,0.008242,0.357126,0.018641,0.020782,0.003596,0.112295,,1008000,,
5,1,,0.038228,0.365704,0.003806,0.058248,0.008242,0.257126,0.018641,0.134115,0.003596,0.112295,,1015500,,
5,1,,0.038228,0.425704,0.003806,0.058248,0.008242,0.377126,0.018641,0.014115,0.003596,0.052295,,1012300,,
5,1,,0.038228,0.365704,0.003806,0.058248,0.008242,0.357126,0.018641,0.014115,0.023596,0.112295,,1020500,,
5,1,,0.030085,0.484858,0.003806,0.058248,0.007792,0.377126,0.018641,0.014115,0,0.005329,,1018400,,
5,1,,0.038228,0.380704,0.003806,0.058248,0.008242,0.362126,0.018641,0.014115,0.003596,0.112295,,1014700,,
5,1,,0.038228,0.365704,0.003806,0.058248,0.008242,0.357126,0.031974,0.020782,0.003596,0.112295,,1037000,,
5,1,,0.058228,0.365704,0.003806,0.058248,0.008242,0.357126,0.018641,0.014115,0.003596,0.112295,,1009600,,
5,1,,0.150068,0.371323,0.009874,0.058248,0.007792,0.357126,0.024709,0.014115,0,0.006745,,1008500,,
5,5,,0.029689,0.365254,0.003806,0.058248,0.007792,0.469626,0.021141,0.039115,0,0.005329,,1023300,,
5,5,,0.038228,0.365704,0.003806,0.058248,0.008242,0.377126,0.018641,0.014115,0.003596,0.112295,,1012900,,
5,1,,0.138639,0.388466,0.007017,0.058248,0.007792,0.357126,0.021852,0.014115,0,0.006745,,1013600,,
5,1,,0.038228,0.425704,0.003806,0.058248,0.008242,0.377126,0.018641,0.014115,0.003596,0.052295,,1015600,,
5,1,,0.058228,0.385704,0.003806,0.058248,0.008242,0.357126,0.018641,0.014115,0.003596,0.092295,,1013600,,
5,1,,0.038228,0.365704,0.003806,0.058248,0.008242,0.357126,0.031974,0.020782,0.003596,0.112295,,1013700,,
5,1,,0.038228,0.385704,0.003806,0.058248,0.008242,0.357126,0.018641,0.014115,0.003596,0.112295,,1011800,,
5,1,,0.109656,0.368561,0.006663,0.058248,0.008242,0.357126,0.041498,0.014115,0.003596,0.032295,,1010800,,
5,1,,0.094895,0.365704,0.003806,0.058248,0.008242,0.357126,0.018641,0.034115,0.003596,0.055628,,1013800,,
6,0,,0.345773,0.016768,0.041635,0,0.04391,0.028884,0.184537,0.169095,0.044551,0.124846,,1022200,,
6,0,,0.334345,0.01391,0.038778,0,0.04391,0.028884,0.18168,0.189095,0.044551,0.124846,,1008700,,
6,6,,0.233933,0.011149,0.035567,0,0.04436,0.028884,0.278469,0.089095,0.048147,0.230397,,1020400,,
6,1,,0.114895,0.365704,0.003806,0.058248,0.008242,0.357126,0.018641,0.014115,0.003596,0.055628,,1038900,,
6,0,,0.316791,0.016863,0.041281,0,0.04436,0.028884,0.184183,0.169095,0.048147,0.150397,,1016300,,
6,0,,0.345773,0.016768,0.041635,0,0.04391,0.028884,0.284537,0.069095,0.044551,0.124846,,1020900,,
6,1,,0.049656,0.368561,0.006663,0.058248,0.008242,0.357126,0.021498,0.014115,0.003596,0.112295,,1020600,,
6,6,,0.2406,0.017815,0.035567,0,0.04436,0.028884,0.278469,0.069095,0.048147,0.237063,,1045000,,
6,6,,0.2406,0.037815,0.035567,0,0.04436,0.028884,0.278469,0.069095,0.048147,0.217063,,1018100,,
6,6,,0.233933,0.031149,0.035567,0,0.04436,0.028884,0.278469,0.089095,0.048147,0.210397,,1017500,,
6,0,,0.2406,0.017815,0.035567,0,0.04436,0.028884,0.178469,0.169095,0.048147,0.237063,,1016600,,
6,9,,0.236156,0.011149,0.035567,0,0.04436,0.028884,0.178469,0.169095,0.054814,0.241508,,1016000,,
6,6,,0.233933,0.011149,0.035567,0,0.04436,0.028884,0.278469,0.069095,0.048147,0.250397,,1016600,,
6,6,,0.225736,0.011041,0.035567,0,0.04391,0.028884,0.284965,0.201915,0.044551,0.123431,,1015100,,
6,0,,0.345773,0.016768,0.041635,0,0.04391,0.028884,0.284537,0.069095,0.044551,0.124846,,1019700,,
6,0,,0.233933,0.011149,0.035567,0,0.04436,0.028884,0.178469,0.189095,0.048147,0.230397,,1013100,,
6,0,,0.253933,0.011149,0.035567,0,0.04436,0.028884,0.178469,0.169095,0.048147,0.230397,,1018200,,
6,0,,0.252722,0.014579,0.059446,0,0.099514,0.008884,0.178469,0.209095,0.045586,0.131706,,1024600,,
6,6,,0.2506,0.011149,0.035567,0,0.04436,0.028884,0.278469,0.069095,0.048147,0.23373,,1031500,,
6,6,,0.240339,0.022018,0.046556,0,0.044789,0.030202,0.301546,0.14437,0.04631,0.12387,,1018700,,
6,6,,0.225736,0.011041,0.035567,0,0.04391,0.028884,0.318298,0.168582,0.044551,0.123431,,1016200,,
6,0,,0.253933,0.011149,0.035567,0,0.04436,0.028884,0.178469,0.169095,0.048147,0.230397,,1011800,,
6,0,,0.233933,0.011149,0.035567,0,0.04436,0.028884,0.178469,0.189095,0.048147,0.230397,,1007800,,
6,0,,0.233933,0.011149,0.035567,0,0.04436,0.028884,0.178469,0.189095,0.048147,0.230397,,1027100,,
6,6,,0.233933,0.011149,0.035567,0,0.04436,0.028884,0.278469,0.069095,0.128147,0.170397,,1023500,,
6,0,,0.255222,0.017079,0.101946,0,0.072014,0.028884,0.178469,0.169095,0.045586,0.131706,,1019900,,
6,6,,0.225736,0.011041,0.035567,0,0.04391,0.028884,0.384965,0.101915,0.044551,0.123431,,1025400,,
6,0,,0.233933,0.031149,0.035567,0,0.04436,0.028884,0.178469,0.189095,0.048147,0.210397,,1015700,,
6,6,,0.233933,0.031149,0.035567,0,0.04436,0.028884,0.278469,0.089095,0.048147,0.210397,,1013100,,
6,6,,0.236433,0.033649,0.038067,0,0.05686,0.028884,0.278469,0.069095,0.048147,0.210397,,1016400,,
6,0,,0.253933,0.011149,0.035567,0,0.04436,0.028884,0.178469,0.169095,0.048147,0.230397,,1027300,,
6,6,,0.225736,0.011041,0.035567,0,0.04391,0.028884,0.284965,0.201915,0.044551,0.123431,,1018400,,
6,0,,0.253933,0.011149,0.035567,0,0.04436,0.028884,0.178469,0.169095,0.048147,0.230397,,1023700,,
6,7,,0.240339,0.017018,0.046556,0,0.044789,0.030202,0.191546,0.25937,0.04631,0.12387,,1018100,,
6,6,,0.225736,0.011041,0.035567,0,0.04391,0.028884,0.284965,0.201915,0.044551,0.123431,,1024500,,
6,0,,0.282916,0.011053,0.035921,0,0.04391,0.028884,0.178823,0.249095,0.044551,0.124846,,1015800,,
6,9,,0.233933,0.011149,0.115567,0,0.04436,0.028884,0.178469,0.089095,0.048147,0.250397,,1022300,,
6,6,,0.225736,0.011041,0.035567,0,0.04391,0.028884,0.284965,0.201915,0.044551,0.123431,,1018200,,
6,0,,0.233933,0.031149,0.035567,0,0.04436,0.028884,0.178469,0.189095,0.048147,0.210397,,1075600,,
6,6,,0.233933,0.011149,0.035567,0,0.04436,0.028884,0.278469,0.089095,0.048147,0.230397,,1016200,,
6,6,,0.225736,0.011041,0.035567,0,0.04391,0.028884,0.284965,0.201915,0.044551,0.123431,,1020600,,
6,0,,0.233933,0.011149,0.035567,0,0.04436,0.028884,0.178469,0.189095,0.048147,0.230397,,1015700,,
6,0,,0.253933,0.031149,0.035567,0,0.04436,0.028884,0.178469,0.169095,0.048147,0.210397,,1015000,,
6,0,,0.233933,0.011149,0.035567,0,0.04436,0.028884,0.178469,0.189095,0.048147,0.230397,,1014600,,
6,6,,0.2406,0.017815,0.035567,0,0.04436,0.028884,0.278469,0.069095,0.048147,0.237063,,1015100,,
6,6,,0.233933,0.011149,0.035567,0,0.04436,0.028884,0.278469,0.089095,0.048147,0.230397,,1016900,,
6,0,,0.253933,0.011149,0.035567,0,0.04436,0.028884,0.178469,0.169095,0.048147,0.230397,,1017100,,
6,0,,0.253933,0.011149,0.035567,0,0.04436,0.028884,0.178469,0.169095,0.048147,0.230397,,1035000,,
6,6,,0.233933,0.031149,0.035567,0,0.04436,0.028884,0.278469,0.089095,0.048147,0.210397,,1013600,,
6,6,,0.245362,0.014006,0.038424,0,0.04436,0.028884,0.281326,0.069095,0.048147,0.230397,,1018100,,
6,9,,0.233933,0.011149,0.035567,0,0.04436,0.028884,0.178469,0.169095,0.048147,0.250397,,1017600,,
7,0,,0.334345,0.01891,0.038778,0,0.04391,0.028884,0.19168,0.174095,0.044551,0.124846,,1020400,,
7,6,,0.225736,0.011041,0.035567,0,0.04391,0.028884,0.271631,0.215249,0.044551,0.123431,,1023400,,
7,7,,0.233933,0.011149,0.035567,0,0.04436,0.028884,0.178469,0.249095,0.048147,0.170397,,1012000,,
7,7,,0.240339,0.017018,0.046556,0,0.044789,0.030202,0.191546,0.25937,0.04631,0.12387,,1033800,,
7,6,,0.225736,0.011041,0.035567,0,0.04391,0.008884,0.271631,0.235249,0.044551,0.123431,,1018100,,
7,6,,0.225736,0.011041,0.035567,0,0.04391,0.008884,0.271631,0.235249,0.044551,0.123431,,1015500,,
7,6,,0.225736,0.011041,0.035567,0,0.04391,0.028884,0.271631,0.215249,0.044551,0.123431,,1015900,,
7,0,,0.254944,0.014579,0.039446,0,0.059514,0.008884,0.178469,0.189095,0.112253,0.142818,,1018000,,
7,7,,0.240339,0.022018,0.046556,0,0.044789,0.030202,0.201546,0.24437,0.04631,0.12387,,1015500,,
7,7,,0.240339,0.022018,0.046556,0,0.044789,0.010202,0.201546,0.26437,0.04631,0.12387,,1020300,,
7,1,,0.057016,0.369134,0.007686,0.058248,0.023396,0.237126,0.018641,0.154115,0.061034,0.013605,,1010800,,
7,0,,0.240339,0.017018,0.063223,0,0.044789,0.030202,0.191546,0.21937,0.069643,0.12387,,1028400,,
7,1,,0.078639,0.368466,0.007017,0.058248,0.007792,0.237126,0.021852,0.154115,0.06,0.006745,,1019800,,
7,6,,0.233933,0.011149,0.035567,0,0.04436,0.028884,0.238469,0.189095,0.048147,0.170397,,1011600,,
7,1,,0.03003,0.365596,0.003806,0.058248,0.007792,0.237126,0.111803,0.180269,0,0.005329,,1026200,,
7,0,,0.334345,0.01391,0.038778,0,0.04391,0.028884,0.18168,0.189095,0.044551,0.124846,,1017800,,
7,0,,0.305362,0.014006,0.038424,0,0.04436,0.028884,0.181326,0.169095,0.048147,0.170397,,1020200,,
7,0,,0.345773,0.016768,0.041635,0,0.04391,0.028884,0.184537,0.169095,0.044551,0.124846,,1019800,,
7,0,,0.2906,0.011149,0.035567,0,0.04436,0.028884,0.178469,0.189095,0.048147,0.17373,,1007500,,
7,0,,0.345773,0.016768,0.041635,0,0.04391,0.028884,0.184537,0.169095,0.044551,0.124846,,1020300,,
7,1,,0.044634,0.476573,0.014795,0.058248,0.008671,0.238445,0.041718,0.10939,0.001758,0.005768,,1027100,,
7,0,,0.254944,0.014579,0.059446,0,0.099514,0.028884,0.178469,0.169095,0.052253,0.142818,,1019400,,
8,0,,0.276844,0.010724,0.030433,0,0.04126,0.027165,0.144296,0.05573,0.25113,0.162418,,1018500,,
8,0,,0.276844,0.010724,0.030433,0,0.04126,0.027165,0.144296,0.05573,0.25113,0.162418,,1015600,,
8,0,,0.299701,0.010724,0.030433,0,0.04126,0.027165,0.144296,0.05573,0.228273,0.162418,,1015800,,
8,6,,0.240339,0.042018,0.046556,0,0.044789,0.030202,0.241546,0.18437,0.04631,0.12387,,1024500,,
8,0,,0.356844,0.010724,0.030433,0,0.04126,0.027165,0.144296,0.05573,0.17113,0.162418,,1040400,,
8,0,,0.356844,0.010724,0.030433,0,0.04126,0.007165,0.144296,0.07573,0.17113,0.162418,,1018600,,
8,0,,0.356844,0.010724,0.030433,0,0.04126,0.027165,0.144296,0.05573,0.17113,0.162418,,1020500,,
8,0,,0.356844,0.010724,0.030433,0,0.04126,0.027165,0.144296,0.05573,0.17113,0.162418,,1016600,,
8,0,,0.356844,0.010724,0.030433,0,0.04126,0.027165,0.144296,0.05573,0.17113,0.162418,,1017700,,
8,0,,0.356844,0.010724,0.030433,0,0.04126,0.027165,0.144296,0.05573,0.17113,0.162418,,1016400,,
8,0,,0.356844,0.010724,0.030433,0,0.04126,0.027165,0.144296,0.05573,0.17113,0.162418,,1015100,,
8,0,,0.272206,0.010699,0.035567,0,0.045215,0.028884,0.178469,0.069095,0.218609,0.141257,,1059400,,
8,0,,0.276844,0.010724,0.030433,0,0.04126,0.027165,0.144296,0.05573,0.25113,0.162418,,1023100,,
8,0,,0.261905,0.011174,0.030433,0,0.040405,0.027165,0.144296,0.05573,0.257334,0.171558,,1018300,,
9,0,,0.356844,0.010724,0.030433,0,0.04126,0.027165,0.144296,0.05573,0.17113,0.162418,,1019000,,
9,0,,0.341905,0.011174,0.030433,0,0.040405,0.027165,0.144296,0.05573,0.177334,0.171558,,1009700,,
9,6,,0.237267,0.011149,0.035567,0,0.04436,0.028884,0.278469,0.069095,0.144814,0.150397,,1032700,,
