wine-quality-white,Tuned_CWT,test,0,NANOSECONDS,PREDICTIONS, Generated by ClassifierExperiments.java on 2022-05-16 02:09:33.    SYSTEMPROPERTIES:{user.name:matth,os.arch:amd64,os.name:Windows 10},ENDSYSTEMPROPERTIES
No parameter info
0.4271151885830785,509353400,799502400,-1,25935064,7,,-1,-1
0,2,,0.004738,0.058661,0.481728,0.349879,0.086207,0.017682,0.001105,,948300,,
0,3,,0.005529,0.071265,0.346373,0.404842,0.146374,0.024467,0.001151,,841900,,
0,3,,0.005358,0.029935,0.368959,0.461268,0.112708,0.021382,0.000389,,849300,,
0,2,,0.004736,0.074337,0.48478,0.354786,0.067313,0.013963,0.000085,,842500,,
1,3,,0.005062,0.07142,0.38875,0.394368,0.117512,0.021801,0.001086,,837700,,
1,2,,0.004805,0.05382,0.485371,0.356021,0.066079,0.033781,0.000123,,834800,,
1,3,,0.004721,0.055859,0.339201,0.412433,0.153363,0.033288,0.001136,,834600,,
1,2,,0.004753,0.050414,0.432207,0.39935,0.094726,0.018254,0.000296,,836600,,
1,2,,0.005428,0.079797,0.489738,0.349091,0.062843,0.012867,0.000236,,855200,,
1,2,,0.004629,0.090121,0.407753,0.368379,0.107772,0.020422,0.000924,,824400,,
1,2,,0.004155,0.075505,0.455466,0.362636,0.08348,0.018466,0.000292,,825100,,
1,2,,0.005279,0.096044,0.444993,0.359367,0.079945,0.013808,0.000565,,823400,,
1,2,,0.004691,0.049445,0.452854,0.403331,0.075593,0.013962,0.000123,,824700,,
1,2,,0.006525,0.060607,0.445824,0.374677,0.091718,0.019191,0.001458,,826200,,
1,2,,0.00497,0.055567,0.511505,0.352152,0.062009,0.013636,0.000161,,826400,,
1,2,,0.004653,0.081835,0.493272,0.331707,0.075477,0.012611,0.000446,,829000,,
1,2,,0.003949,0.092908,0.458606,0.353084,0.078279,0.012609,0.000565,,823500,,
1,3,,0.004663,0.032975,0.378775,0.419052,0.137598,0.026615,0.000322,,825600,,
1,3,,0.003265,0.097196,0.263039,0.345756,0.243471,0.045561,0.001713,,825800,,
1,2,,0.004772,0.054658,0.494754,0.370053,0.062494,0.013108,0.000161,,825700,,
1,3,,0.005567,0.025476,0.230189,0.444403,0.248654,0.043557,0.002154,,825200,,
1,2,,0.005348,0.05833,0.41826,0.404678,0.095357,0.01792,0.000107,,822200,,
1,2,,0.006362,0.045791,0.461419,0.388331,0.079955,0.017336,0.000806,,826600,,
1,3,,0.007321,0.077372,0.30242,0.393979,0.184687,0.032571,0.00165,,845000,,
1,2,,0.005285,0.074507,0.471419,0.353958,0.081173,0.01307,0.000588,,835500,,
1,2,,0.005428,0.079797,0.489738,0.349091,0.062843,0.012867,0.000236,,835400,,
1,2,,0.005068,0.054011,0.479014,0.37903,0.068293,0.014423,0.000161,,862300,,
1,2,,0.005672,0.051478,0.488529,0.367824,0.073203,0.013009,0.000285,,836900,,
1,2,,0.004895,0.074766,0.44293,0.380265,0.082953,0.013662,0.000529,,815500,,
1,2,,0.005245,0.074314,0.49091,0.335945,0.080115,0.012904,0.000566,,810900,,
1,2,,0.005039,0.055373,0.489794,0.375101,0.061476,0.013055,0.000161,,814300,,
1,2,,0.004975,0.054476,0.505128,0.351266,0.06892,0.015075,0.000161,,810400,,
1,2,,0.004653,0.050724,0.403673,0.387402,0.132178,0.02114,0.000231,,808900,,
1,2,,0.005033,0.096373,0.391964,0.384414,0.10745,0.014049,0.000716,,810200,,
1,2,,0.004558,0.073305,0.509774,0.340094,0.061101,0.011081,0.000085,,808500,,
1,2,,0.004829,0.050558,0.453915,0.395369,0.078942,0.016265,0.000123,,810100,,
1,2,,0.008307,0.04985,0.352807,0.342177,0.197067,0.045837,0.003955,,811000,,
2,2,,0.005237,0.058624,0.493588,0.370222,0.060457,0.011635,0.000236,,808100,,
2,2,,0.004693,0.054861,0.48419,0.374303,0.067664,0.014041,0.000248,,809600,,
2,2,,0.004675,0.053464,0.487639,0.380669,0.062008,0.011385,0.000161,,810000,,
2,2,,0.004729,0.051511,0.465752,0.393971,0.070835,0.013079,0.000123,,810300,,
2,2,,0.004974,0.076374,0.506813,0.336602,0.063133,0.011944,0.00016,,809700,,
2,3,,0.005341,0.068179,0.318739,0.431379,0.146838,0.0288,0.000723,,812300,,
2,2,,0.005406,0.059182,0.508282,0.349075,0.064742,0.013152,0.00016,,809800,,
2,2,,0.006531,0.061832,0.420025,0.400643,0.090866,0.018453,0.001651,,820000,,
2,2,,0.004418,0.065424,0.415685,0.378737,0.114679,0.020546,0.000511,,841500,,
2,3,,0.00404,0.031093,0.36285,0.414761,0.160974,0.026195,0.000086,,817500,,
2,2,,0.004906,0.057797,0.508766,0.352868,0.062936,0.012566,0.000161,,810300,,
2,2,,0.00557,0.058987,0.482518,0.346931,0.091477,0.013911,0.000607,,810000,,
2,3,,0.004775,0.065702,0.362972,0.420423,0.122039,0.023736,0.000354,,812500,,
2,2,,0.005053,0.053829,0.483189,0.373986,0.068769,0.015014,0.000161,,807900,,
2,2,,0.004758,0.054768,0.479628,0.377172,0.069771,0.013698,0.000206,,810300,,
2,2,,0.005129,0.062168,0.431595,0.392603,0.091622,0.016237,0.000646,,810900,,
2,3,,0.004587,0.057337,0.371431,0.37486,0.156828,0.033773,0.001183,,813800,,
2,2,,0.00491,0.055606,0.452561,0.376531,0.089949,0.020068,0.000374,,810900,,
2,2,,0.00466,0.051705,0.467463,0.391022,0.071368,0.01366,0.000123,,811700,,
2,2,,0.00547,0.071984,0.444927,0.360077,0.0983,0.018518,0.000724,,808900,,
2,2,,0.02574,0.038604,0.533283,0.325779,0.062395,0.01364,0.00056,,809100,,
2,2,,0.005382,0.066754,0.468291,0.370976,0.074956,0.012875,0.000767,,811100,,
2,2,,0.004762,0.086761,0.445868,0.368536,0.079724,0.013784,0.000564,,811000,,
2,2,,0.005109,0.05751,0.454166,0.384379,0.081869,0.01668,0.000287,,808900,,
2,3,,0.004681,0.04539,0.343111,0.404903,0.162731,0.036746,0.002438,,813900,,
2,2,,0.004846,0.05291,0.483839,0.378999,0.065953,0.013292,0.000161,,807800,,
2,3,,0.004873,0.039906,0.259186,0.431234,0.2221,0.041997,0.000703,,828900,,
2,2,,0.004954,0.051013,0.471004,0.381114,0.076002,0.015706,0.000207,,809800,,
2,2,,0.004657,0.054217,0.476518,0.377321,0.071781,0.015295,0.00021,,812000,,
2,2,,0.00847,0.062643,0.442361,0.345692,0.119543,0.019431,0.00186,,811000,,
2,3,,0.003863,0.073638,0.321948,0.387872,0.176561,0.034627,0.001491,,810400,,
2,2,,0.006141,0.063717,0.438923,0.394026,0.079971,0.016399,0.000823,,810800,,
2,2,,0.005114,0.033065,0.491219,0.374882,0.078153,0.017324,0.000245,,809700,,
2,2,,0.026179,0.065142,0.481868,0.347792,0.065243,0.013258,0.000518,,812400,,
2,2,,0.005205,0.074025,0.463275,0.355179,0.086806,0.015159,0.000351,,807900,,
2,2,,0.004908,0.051959,0.478799,0.385263,0.066142,0.012806,0.000123,,808800,,
2,2,,0.005387,0.087218,0.480008,0.337707,0.074024,0.015457,0.000199,,809600,,
2,2,,0.00466,0.051705,0.467463,0.391022,0.071368,0.01366,0.000123,,809700,,
2,2,,0.004815,0.07036,0.411827,0.382999,0.108353,0.021122,0.000524,,809200,,
2,3,,0.003353,0.022571,0.32416,0.446715,0.170135,0.032694,0.000373,,808500,,
2,2,,0.005101,0.076399,0.461971,0.338544,0.103486,0.013967,0.000532,,810700,,
2,2,,0.00444,0.058725,0.390978,0.385031,0.131595,0.028539,0.000692,,810500,,
2,2,,0.005265,0.054443,0.508458,0.351336,0.065364,0.014972,0.000161,,812300,,
2,2,,0.004908,0.051959,0.478799,0.385263,0.066142,0.012806,0.000123,,811600,,
2,2,,0.005179,0.072219,0.439876,0.359848,0.104701,0.017091,0.001086,,809100,,
2,3,,0.004599,0.048215,0.36412,0.404304,0.14858,0.029201,0.000981,,816500,,
2,2,,0.005574,0.066912,0.467813,0.359514,0.082172,0.017774,0.000241,,814400,,
2,3,,0.003816,0.048187,0.355987,0.401494,0.154062,0.035565,0.000889,,812900,,
2,2,,0.007959,0.063188,0.468178,0.346677,0.092621,0.019557,0.001819,,814100,,
2,2,,0.004601,0.048726,0.425315,0.414026,0.089694,0.017553,0.000086,,812300,,
2,3,,0.003849,0.054365,0.412676,0.438675,0.075312,0.014879,0.000242,,809900,,
2,2,,0.00497,0.055382,0.484897,0.374522,0.066366,0.013657,0.000206,,812700,,
2,2,,0.004565,0.053554,0.488797,0.377436,0.064035,0.011407,0.000206,,809700,,
2,2,,0.004787,0.05484,0.510579,0.355097,0.062018,0.012518,0.000161,,810200,,
2,2,,0.004787,0.05484,0.510579,0.355097,0.062018,0.012518,0.000161,,811900,,
2,2,,0.004908,0.051959,0.478799,0.385263,0.066142,0.012806,0.000123,,815200,,
2,2,,0.005027,0.054092,0.485068,0.376377,0.06543,0.013844,0.000161,,809900,,
2,2,,0.004732,0.056197,0.458437,0.372929,0.087225,0.019966,0.000512,,811000,,
2,2,,0.005426,0.04737,0.390595,0.379784,0.142837,0.031652,0.002336,,812900,,
2,2,,0.005461,0.056295,0.510599,0.348293,0.06435,0.014819,0.000183,,813400,,
2,2,,0.00412,0.05106,0.402265,0.378549,0.136009,0.027507,0.00049,,812100,,
2,2,,0.00482,0.058402,0.453591,0.3699,0.092346,0.02053,0.000412,,810600,,
2,2,,0.005151,0.060681,0.408814,0.373633,0.122731,0.028429,0.00056,,814300,,
2,2,,0.004658,0.052675,0.417416,0.395092,0.107578,0.022291,0.000289,,836100,,
2,2,,0.004969,0.050764,0.460241,0.39525,0.074247,0.014405,0.000123,,813500,,
2,3,,0.004764,0.067638,0.361209,0.402728,0.136124,0.027225,0.000312,,813900,,
2,2,,0.004787,0.05484,0.510579,0.355097,0.062018,0.012518,0.000161,,809300,,
2,2,,0.004781,0.065469,0.398179,0.397755,0.111662,0.021202,0.000953,,811200,,
2,3,,0.004849,0.045588,0.364234,0.416199,0.13806,0.030698,0.000372,,812800,,
2,2,,0.005468,0.04785,0.456213,0.338311,0.125583,0.024725,0.00185,,810800,,
2,2,,0.005027,0.054092,0.505068,0.356377,0.06543,0.013844,0.000161,,812600,,
2,2,,0.005022,0.054522,0.464036,0.382916,0.077867,0.015469,0.000168,,808000,,
2,2,,0.005024,0.05349,0.485013,0.372134,0.06881,0.015367,0.000161,,813300,,
2,2,,0.004772,0.054658,0.494754,0.370053,0.062494,0.013108,0.000161,,812600,,
2,3,,0.005365,0.057281,0.297526,0.395486,0.19376,0.049267,0.001315,,811100,,
2,2,,0.005935,0.085443,0.371343,0.345744,0.159751,0.030651,0.001132,,812600,,
2,3,,0.003981,0.026399,0.265867,0.439847,0.217006,0.046144,0.000755,,810900,,
2,2,,0.005179,0.072219,0.439876,0.359848,0.104701,0.017091,0.001086,,812200,,
2,2,,0.004772,0.054658,0.514754,0.350053,0.062494,0.013108,0.000161,,812000,,
2,2,,0.004735,0.05383,0.480474,0.375442,0.070969,0.014383,0.000168,,812000,,
2,2,,0.004469,0.072283,0.449551,0.381767,0.077932,0.01374,0.000258,,810300,,
2,2,,0.005219,0.035047,0.470121,0.392439,0.080924,0.01605,0.0002,,830700,,
2,3,,0.00467,0.041072,0.338464,0.439943,0.143453,0.031736,0.000662,,809800,,
2,3,,0.006745,0.02751,0.342152,0.461217,0.134958,0.026135,0.001282,,813000,,
2,2,,0.004106,0.057245,0.431469,0.380295,0.105754,0.020627,0.000504,,817100,,
2,3,,0.004442,0.048565,0.363369,0.408944,0.143553,0.030851,0.000276,,816300,,
2,2,,0.004787,0.05484,0.490579,0.375097,0.062018,0.012518,0.000161,,811500,,
2,2,,0.00475,0.054011,0.476299,0.360486,0.070493,0.033792,0.000168,,811500,,
2,2,,0.005093,0.052022,0.457148,0.391803,0.077312,0.016477,0.000145,,811200,,
2,2,,0.004726,0.054023,0.474807,0.380271,0.071249,0.014714,0.00021,,811700,,
2,2,,0.004772,0.074658,0.494754,0.350053,0.062494,0.013108,0.000161,,812300,,
2,2,,0.004844,0.05074,0.44974,0.400413,0.078466,0.015674,0.000123,,811100,,
2,3,,0.005755,0.030797,0.283453,0.415725,0.217367,0.044318,0.002585,,811700,,
2,3,,0.005719,0.049038,0.332491,0.423399,0.161533,0.026699,0.001121,,810500,,
2,2,,0.004729,0.051511,0.465752,0.393971,0.070835,0.013079,0.000123,,810500,,
2,2,,0.005607,0.067374,0.461776,0.381959,0.070221,0.012479,0.000584,,814500,,
2,3,,0.005968,0.037095,0.196912,0.374793,0.314479,0.067218,0.003536,,813300,,
2,2,,0.003787,0.080142,0.435825,0.377023,0.088276,0.014734,0.000213,,812500,,
2,2,,0.004876,0.071161,0.483699,0.335861,0.086418,0.017033,0.000952,,809800,,
2,3,,0.005014,0.0373,0.30017,0.462971,0.162297,0.031589,0.000658,,813300,,
2,2,,0.005068,0.054011,0.479014,0.37903,0.068293,0.014423,0.000161,,831800,,
2,2,,0.004565,0.073554,0.488797,0.357436,0.064035,0.011407,0.000206,,811200,,
2,2,,0.004748,0.078157,0.437703,0.374753,0.08617,0.018156,0.000312,,810700,,
2,2,,0.004717,0.054849,0.505683,0.354518,0.066908,0.013119,0.000206,,811000,,
2,2,,0.004917,0.078248,0.444021,0.377177,0.081298,0.01414,0.0002,,808200,,
2,2,,0.004827,0.05549,0.455943,0.378653,0.085291,0.019321,0.000475,,810500,,
2,2,,0.004939,0.052876,0.427893,0.408174,0.088903,0.017128,0.000086,,812500,,
2,2,,0.005516,0.076601,0.392023,0.368014,0.134576,0.022352,0.000917,,811700,,
2,2,,0.004787,0.05484,0.490579,0.375097,0.062018,0.012518,0.000161,,809700,,
2,3,,0.004754,0.074889,0.308301,0.41496,0.164769,0.0316,0.000727,,809600,,
2,2,,0.004901,0.055576,0.486609,0.371573,0.066899,0.014237,0.000206,,811200,,
2,2,,0.004804,0.05477,0.483032,0.377535,0.065637,0.014019,0.000203,,811600,,
2,2,,0.004924,0.05268,0.471624,0.37987,0.075028,0.015629,0.000245,,810600,,
2,2,,0.004772,0.054658,0.494754,0.370053,0.062494,0.013108,0.000161,,808700,,
2,2,,0.004807,0.05585,0.488031,0.378463,0.061345,0.011342,0.000161,,810100,,
2,2,,0.00455,0.053372,0.492972,0.352392,0.084511,0.011997,0.000206,,811000,,
2,2,,0.005022,0.048159,0.421229,0.393478,0.108935,0.022046,0.001131,,814100,,
2,2,,0.00504,0.054345,0.479191,0.383057,0.06548,0.012763,0.000123,,810100,,
2,2,,0.005512,0.074089,0.468362,0.357382,0.079944,0.014146,0.000565,,814800,,
2,2,,0.005709,0.058968,0.492311,0.368089,0.061696,0.012709,0.000518,,808900,,
2,3,,0.003615,0.019118,0.252066,0.415025,0.250936,0.058079,0.001161,,812200,,
2,2,,0.005012,0.05391,0.489243,0.371333,0.065906,0.014435,0.000161,,812000,,
2,2,,0.004812,0.054577,0.4887,0.372707,0.065357,0.013687,0.000161,,811400,,
2,2,,0.005147,0.053753,0.497219,0.354536,0.073641,0.015396,0.000308,,816800,,
2,2,,0.004788,0.052041,0.473556,0.379458,0.074986,0.014559,0.000611,,811700,,
2,2,,0.004818,0.058031,0.469723,0.368625,0.081697,0.016841,0.000267,,811300,,
2,2,,0.004657,0.054217,0.476518,0.377321,0.071781,0.015295,0.00021,,811400,,
2,2,,0.00515,0.055016,0.443969,0.393189,0.085307,0.017024,0.000344,,810600,,
2,2,,0.004635,0.073545,0.493694,0.358015,0.059145,0.010806,0.000161,,813300,,
2,2,,0.004812,0.054577,0.4887,0.372707,0.065357,0.013687,0.000161,,811100,,
2,2,,0.004667,0.052707,0.48431,0.383983,0.06273,0.011479,0.000123,,811100,,
2,2,,0.0052,0.058817,0.482036,0.369067,0.071081,0.013519,0.000281,,811200,,
2,2,,0.00513,0.049046,0.436434,0.397544,0.091738,0.019901,0.000207,,810600,,
2,2,,0.004546,0.048228,0.429564,0.404039,0.095458,0.017736,0.00043,,811200,,
2,2,,0.024772,0.054658,0.494754,0.350053,0.062494,0.013108,0.000161,,811000,,
2,2,,0.007182,0.055943,0.369582,0.358992,0.167414,0.037497,0.003392,,811900,,
2,3,,0.004496,0.023556,0.386541,0.446218,0.119402,0.01968,0.000108,,810900,,
2,2,,0.005694,0.038601,0.509878,0.345416,0.06653,0.033319,0.000562,,813700,,
2,3,,0.005045,0.026704,0.364761,0.447035,0.133663,0.02258,0.000212,,813300,,
2,2,,0.005012,0.05391,0.489243,0.371333,0.065906,0.014435,0.000161,,810100,,
2,2,,0.004743,0.074586,0.483803,0.352128,0.070247,0.014288,0.000206,,809600,,
2,2,,0.005084,0.056921,0.488169,0.373313,0.06302,0.01331,0.000183,,810000,,
2,2,,0.005045,0.029821,0.486912,0.376433,0.08311,0.018513,0.000166,,811800,,
2,2,,0.004752,0.052067,0.434632,0.393317,0.096328,0.01844,0.000464,,811800,,
2,2,,0.005441,0.074098,0.454763,0.356195,0.092388,0.016213,0.000902,,811300,,
2,2,,0.024671,0.077114,0.465543,0.329169,0.084143,0.019215,0.000144,,810900,,
2,2,,0.005009,0.069557,0.415973,0.363692,0.121216,0.023271,0.001283,,811200,,
2,2,,0.00595,0.05822,0.5068,0.349369,0.065109,0.014035,0.000518,,819200,,
2,2,,0.004829,0.050558,0.453915,0.375369,0.078942,0.036265,0.000123,,809900,,
2,2,,0.005557,0.059505,0.415073,0.397248,0.10212,0.020046,0.000451,,812800,,
2,3,,0.004456,0.036038,0.282013,0.404011,0.228313,0.04442,0.00075,,809700,,
2,2,,0.005709,0.058968,0.492311,0.368089,0.061696,0.012709,0.000518,,811700,,
2,2,,0.004718,0.057515,0.396566,0.380043,0.130992,0.029564,0.000602,,808300,,
2,2,,0.004929,0.053412,0.483766,0.375537,0.067932,0.014262,0.000161,,810000,,
2,2,,0.00475,0.055406,0.486464,0.37503,0.065032,0.013158,0.000161,,812700,,
2,2,,0.005039,0.055373,0.489794,0.375101,0.061476,0.013055,0.000161,,832800,,
2,2,,0.005183,0.059,0.491125,0.352317,0.080514,0.011626,0.000236,,813300,,
2,3,,0.004496,0.023556,0.386541,0.446218,0.119402,0.01968,0.000108,,810600,,
2,2,,0.004941,0.055346,0.484919,0.373993,0.066558,0.014016,0.000227,,809400,,
2,2,,0.005564,0.045254,0.378012,0.370644,0.166008,0.032456,0.002063,,811600,,
2,2,,0.00467,0.054465,0.466819,0.380125,0.078853,0.014734,0.000334,,812300,,
2,3,,0.004385,0.044158,0.269979,0.43987,0.194311,0.046875,0.000422,,810500,,
2,2,,0.004702,0.054667,0.489858,0.369474,0.067384,0.013709,0.000206,,808600,,
2,2,,0.004468,0.07298,0.472241,0.359031,0.077361,0.013661,0.000258,,826900,,
2,2,,0.004678,0.076263,0.487961,0.357865,0.062019,0.01113,0.000085,,812400,,
2,2,,0.004875,0.038416,0.520126,0.331805,0.085773,0.018464,0.000541,,811300,,
2,2,,0.00462,0.074275,0.469127,0.356113,0.080234,0.015373,0.000258,,811300,,
2,2,,0.004635,0.053545,0.493694,0.378015,0.059145,0.010806,0.000161,,812800,,
2,2,,0.004772,0.054658,0.494754,0.370053,0.062494,0.013108,0.000161,,808400,,
2,2,,0.004714,0.071329,0.469927,0.368927,0.071311,0.013669,0.000123,,812200,,
2,2,,0.006141,0.063717,0.438923,0.394026,0.079971,0.016399,0.000823,,813700,,
2,2,,0.004581,0.053485,0.48125,0.379874,0.067654,0.012908,0.000248,,811300,,
2,2,,0.004729,0.050426,0.430714,0.399135,0.095482,0.019176,0.000338,,810700,,
2,3,,0.007169,0.0407,0.25008,0.3712,0.269683,0.058264,0.002905,,808100,,
2,3,,0.004525,0.043592,0.386519,0.446747,0.09921,0.01932,0.000086,,831200,,
2,2,,0.005782,0.054252,0.473603,0.374942,0.0746,0.015988,0.000832,,810900,,
2,2,,0.005258,0.087421,0.469405,0.340313,0.080716,0.016723,0.000165,,809500,,
2,2,,0.005039,0.055373,0.489794,0.375101,0.061476,0.013055,0.000161,,810000,,
2,2,,0.005528,0.06071,0.489437,0.370303,0.060995,0.01279,0.000236,,813400,,
2,2,,0.004635,0.053545,0.513694,0.358015,0.059145,0.010806,0.000161,,811200,,
2,2,,0.004503,0.05192,0.429981,0.405991,0.091321,0.016134,0.000149,,810900,,
2,2,,0.005045,0.029821,0.486912,0.376433,0.08311,0.018513,0.000166,,810700,,
2,3,,0.004534,0.072418,0.398509,0.413008,0.094536,0.01692,0.000076,,813800,,
2,2,,0.004776,0.073141,0.459713,0.378558,0.070398,0.013284,0.00013,,810900,,
2,2,,0.005183,0.058161,0.379717,0.372514,0.148639,0.034736,0.00105,,810600,,
2,2,,0.005012,0.05391,0.489243,0.371333,0.065906,0.014435,0.000161,,811000,,
2,3,,0.004233,0.042316,0.37984,0.448507,0.106118,0.01881,0.000175,,812600,,
2,2,,0.004745,0.050713,0.444864,0.399305,0.083548,0.016635,0.000189,,810200,,
2,2,,0.005053,0.053829,0.483189,0.373986,0.068769,0.015014,0.000161,,810600,,
2,2,,0.00496,0.037567,0.483008,0.375431,0.082027,0.016662,0.000344,,809800,,
2,3,,0.004343,0.03672,0.337276,0.454285,0.14151,0.02533,0.000536,,811900,,
2,3,,0.004873,0.039906,0.259186,0.431234,0.2221,0.041997,0.000703,,811000,,
2,2,,0.005406,0.072913,0.443488,0.382639,0.080634,0.014548,0.000372,,831500,,
2,2,,0.005461,0.056295,0.510599,0.348293,0.06435,0.014819,0.000183,,811100,,
2,2,,0.004908,0.051959,0.478799,0.385263,0.066142,0.012806,0.000123,,809000,,
2,2,,0.024767,0.055931,0.494086,0.35581,0.058482,0.010763,0.000161,,810500,,
2,2,,0.004704,0.050758,0.439947,0.399255,0.088247,0.016877,0.000212,,811700,,
2,2,,0.004571,0.033287,0.463746,0.380474,0.082007,0.035694,0.00022,,811400,,
2,3,,0.004214,0.044698,0.305923,0.432545,0.181429,0.030636,0.000555,,812700,,
2,2,,0.005257,0.054317,0.468329,0.379884,0.075916,0.015821,0.000476,,811500,,
2,2,,0.00475,0.052365,0.382014,0.379071,0.147875,0.0324,0.001524,,807900,,
2,3,,0.004911,0.050733,0.388017,0.409793,0.121358,0.024603,0.000586,,809700,,
2,2,,0.004605,0.053473,0.482742,0.38009,0.066898,0.011986,0.000206,,812900,,
2,2,,0.004609,0.070434,0.445166,0.359831,0.10019,0.018954,0.000815,,813700,,
2,2,,0.005139,0.088042,0.446782,0.341727,0.099636,0.017993,0.000682,,811600,,
2,2,,0.004645,0.056385,0.482255,0.375626,0.068573,0.012289,0.000227,,810800,,
2,3,,0.00375,0.070568,0.345884,0.38445,0.159488,0.034766,0.001094,,810700,,
2,4,,0.003592,0.046805,0.197943,0.337169,0.347463,0.064224,0.002805,,813700,,
2,2,,0.004787,0.05484,0.490579,0.375097,0.062018,0.012518,0.000161,,812700,,
2,2,,0.004964,0.051056,0.434158,0.400688,0.090979,0.017673,0.000482,,809700,,
2,2,,0.005021,0.080515,0.456735,0.35244,0.089428,0.015269,0.000592,,808800,,
2,2,,0.004774,0.050749,0.444843,0.399834,0.083356,0.016275,0.000168,,827100,,
2,2,,0.005567,0.072582,0.48585,0.35646,0.067755,0.011624,0.000161,,812700,,
2,2,,0.004965,0.060218,0.396936,0.373598,0.135718,0.026918,0.001647,,808600,,
2,3,,0.004431,0.04528,0.385131,0.437619,0.106523,0.020843,0.000173,,810300,,
2,2,,0.00475,0.078474,0.468252,0.353305,0.080853,0.014034,0.000333,,811800,,
2,2,,0.004394,0.054829,0.454458,0.375609,0.090946,0.018786,0.000979,,808700,,
2,2,,0.005649,0.058278,0.495749,0.344716,0.078655,0.01622,0.000733,,809800,,
2,2,,0.00462,0.074275,0.469127,0.356113,0.080234,0.015373,0.000258,,808600,,
2,2,,0.004979,0.050607,0.461491,0.379355,0.084476,0.018546,0.000546,,810800,,
2,2,,0.004941,0.054693,0.488492,0.374262,0.063978,0.013473,0.000161,,813700,,
2,2,,0.005027,0.054092,0.485068,0.356377,0.08543,0.013844,0.000161,,809600,,
2,2,,0.005628,0.038884,0.427941,0.412272,0.096018,0.019029,0.000228,,813900,,
2,2,,0.004498,0.072489,0.474002,0.365268,0.070332,0.013278,0.000134,,813700,,
2,2,,0.004827,0.07658,0.476805,0.354519,0.07271,0.014251,0.000308,,811100,,
2,2,,0.00468,0.053867,0.479377,0.372422,0.073895,0.015357,0.000402,,813100,,
2,2,,0.004644,0.04852,0.43867,0.398388,0.091098,0.018386,0.000294,,808800,,
2,2,,0.004911,0.055083,0.383907,0.378815,0.142784,0.03354,0.000961,,813400,,
2,2,,0.004626,0.074428,0.485938,0.351553,0.06934,0.013985,0.00013,,810300,,
2,2,,0.005027,0.054092,0.505068,0.356377,0.06543,0.013844,0.000161,,813500,,
2,2,,0.004621,0.049454,0.447957,0.402752,0.080483,0.014564,0.000168,,811300,,
2,2,,0.004581,0.053485,0.48125,0.379874,0.067654,0.012908,0.000248,,814100,,
2,2,,0.004812,0.054577,0.4887,0.372707,0.065357,0.013687,0.000161,,809300,,
2,3,,0.005479,0.052493,0.381632,0.384931,0.139489,0.033832,0.002143,,810000,,
2,3,,0.023769,0.049911,0.385876,0.388019,0.109346,0.042106,0.000972,,811700,,
2,2,,0.004531,0.048735,0.420418,0.413447,0.094584,0.018154,0.000131,,812900,,
2,2,,0.004644,0.04744,0.426724,0.41439,0.088997,0.017659,0.000147,,809600,,
2,2,,0.004716,0.055191,0.411968,0.382576,0.119004,0.025124,0.001422,,812600,,
2,3,,0.005021,0.051121,0.347438,0.455449,0.119237,0.021347,0.000387,,814700,,
2,2,,0.005039,0.053672,0.480838,0.357178,0.088334,0.014777,0.000161,,820700,,
2,2,,0.004954,0.031013,0.491004,0.381114,0.076002,0.015706,0.000207,,812900,,
2,3,,0.004641,0.021258,0.347982,0.453536,0.14713,0.025202,0.000252,,810500,,
2,2,,0.004489,0.073315,0.464878,0.379515,0.065992,0.011682,0.00013,,812600,,
2,3,,0.004302,0.041404,0.259941,0.403842,0.226161,0.061672,0.002679,,812300,,
2,2,,0.005073,0.053146,0.497273,0.352228,0.07529,0.016745,0.000245,,813200,,
2,2,,0.004696,0.074418,0.490835,0.352132,0.06445,0.013384,0.000085,,812000,,
2,3,,0.005105,0.061011,0.392166,0.429551,0.094248,0.017887,0.000031,,814600,,
2,2,,0.00486,0.052615,0.492358,0.374251,0.063033,0.012723,0.000161,,838400,,
2,2,,0.005428,0.079797,0.489738,0.329091,0.082843,0.012867,0.000236,,812000,,
2,2,,0.005103,0.06722,0.402323,0.371483,0.128242,0.024155,0.001474,,813700,,
2,2,,0.006008,0.065437,0.501332,0.347279,0.066325,0.01294,0.00068,,812200,,
2,3,,0.005172,0.05907,0.319381,0.440064,0.144026,0.030155,0.002131,,812600,,
2,2,,0.00475,0.054011,0.476299,0.380486,0.070493,0.013792,0.000168,,811100,,
2,2,,0.005205,0.074025,0.463275,0.355179,0.086806,0.015159,0.000351,,810600,,
2,3,,0.00497,0.052009,0.270777,0.449811,0.180058,0.040547,0.001827,,813500,,
2,2,,0.005373,0.067787,0.478053,0.357815,0.075139,0.015613,0.00022,,811000,,
2,2,,0.005204,0.084748,0.474898,0.335916,0.084157,0.014583,0.000495,,811500,,
2,2,,0.004572,0.074803,0.463475,0.373648,0.069397,0.013975,0.00013,,809900,,
2,2,,0.005024,0.055191,0.493969,0.370057,0.061952,0.013646,0.000161,,810700,,
2,2,,0.00657,0.0623,0.406685,0.396003,0.107035,0.020271,0.001135,,809100,,
2,2,,0.005007,0.055183,0.488575,0.377089,0.061895,0.01209,0.000161,,811700,,
2,2,,0.004538,0.052812,0.400398,0.399519,0.119585,0.0222,0.000947,,813600,,
2,2,,0.004831,0.04867,0.433766,0.402894,0.091641,0.017716,0.000482,,811900,,
2,3,,0.00554,0.048905,0.269666,0.469662,0.171569,0.033842,0.000815,,812200,,
2,3,,0.007049,0.061107,0.353802,0.365407,0.17409,0.035723,0.002822,,809700,,
2,3,,0.004525,0.053138,0.316214,0.438125,0.156761,0.030708,0.000529,,810100,,
2,2,,0.005869,0.074619,0.439178,0.365028,0.095436,0.019125,0.000744,,829600,,
2,2,,0.004681,0.054332,0.477221,0.36899,0.078754,0.015688,0.000334,,811700,,
2,2,,0.005642,0.056085,0.478459,0.373698,0.069116,0.016566,0.000434,,813300,,
2,2,,0.004665,0.055842,0.462679,0.374668,0.082991,0.018827,0.000328,,810200,,
2,2,,0.0037,0.049365,0.440744,0.412037,0.079213,0.014797,0.000144,,815900,,
2,2,,0.004442,0.069332,0.411375,0.392013,0.103689,0.018868,0.00028,,809200,,
2,3,,0.003572,0.027584,0.346311,0.437702,0.156996,0.027576,0.000259,,814500,,
2,2,,0.005263,0.067604,0.472647,0.339222,0.078972,0.036048,0.000244,,809000,,
2,2,,0.004674,0.073772,0.47238,0.362565,0.07245,0.014068,0.000092,,812400,,
2,2,,0.004758,0.054952,0.486236,0.374802,0.065414,0.013678,0.000161,,810100,,
2,2,,0.005147,0.05494,0.47259,0.353162,0.096746,0.016962,0.000453,,811700,,
2,2,,0.005147,0.06596,0.484772,0.370713,0.062771,0.010401,0.000236,,811900,,
2,2,,0.004587,0.075938,0.450428,0.376801,0.078279,0.013709,0.000258,,814200,,
2,2,,0.00462,0.053363,0.497868,0.372971,0.059621,0.011396,0.000161,,810600,,
2,2,,0.004714,0.053495,0.467837,0.354958,0.082339,0.036361,0.000296,,809600,,
2,2,,0.005326,0.060821,0.439175,0.394634,0.08421,0.015548,0.000285,,810200,,
2,3,,0.00492,0.069489,0.33879,0.376055,0.170892,0.03708,0.002775,,811400,,
2,3,,0.005165,0.025641,0.377435,0.441009,0.128359,0.022074,0.000317,,811000,,
2,2,,0.005334,0.06766,0.473324,0.358234,0.07876,0.016447,0.000241,,815900,,
2,2,,0.004646,0.075705,0.421918,0.350928,0.119264,0.026745,0.000793,,811100,,
2,3,,0.005058,0.045706,0.386351,0.438867,0.103623,0.020309,0.000086,,813800,,
2,2,,0.005225,0.082231,0.483813,0.346278,0.069193,0.012979,0.000281,,810900,,
2,2,,0.004898,0.052599,0.472097,0.380124,0.074955,0.015082,0.000245,,811900,,
2,3,,0.007271,0.060931,0.358355,0.371561,0.164875,0.034816,0.002192,,812000,,
2,2,,0.004999,0.074426,0.501495,0.336219,0.068381,0.014395,0.000085,,810700,,
2,2,,0.004531,0.048735,0.420418,0.413447,0.094584,0.018154,0.000131,,809700,,
3,3,,0.004748,0.046463,0.386965,0.437009,0.105101,0.019583,0.000131,,811100,,
3,3,,0.003748,0.046762,0.330086,0.357682,0.196776,0.062303,0.002643,,812700,,
3,3,,0.004888,0.049234,0.389805,0.40798,0.124473,0.023105,0.000516,,813900,,
3,2,,0.004936,0.052033,0.476213,0.380191,0.071941,0.014442,0.000245,,809700,,
3,2,,0.004997,0.047281,0.446927,0.378026,0.100888,0.020757,0.001124,,811600,,
3,3,,0.00388,0.037286,0.275994,0.430179,0.204799,0.046401,0.00146,,813600,,
3,2,,0.00505,0.056614,0.490732,0.374523,0.061177,0.011668,0.000236,,810100,,
3,3,,0.004476,0.05006,0.409334,0.413783,0.103533,0.018534,0.00028,,811400,,
3,3,,0.003611,0.035133,0.283412,0.401058,0.236656,0.039664,0.000466,,812700,,
3,2,,0.004709,0.055696,0.451434,0.374073,0.093235,0.020273,0.00058,,816300,,
3,3,,0.003846,0.049555,0.307723,0.438968,0.167122,0.032077,0.000709,,812300,,
3,2,,0.004683,0.09094,0.381552,0.363298,0.132503,0.026172,0.000853,,830600,,
3,2,,0.005179,0.054598,0.470706,0.374664,0.077524,0.016809,0.00052,,814000,,
3,2,,0.005039,0.055373,0.489794,0.375101,0.061476,0.013055,0.000161,,809600,,
3,3,,0.004577,0.047093,0.348842,0.38402,0.173255,0.04075,0.001464,,811300,,
3,2,,0.005012,0.05391,0.489243,0.371333,0.065906,0.014435,0.000161,,810200,,
3,2,,0.005013,0.075819,0.435989,0.379376,0.086763,0.016538,0.000501,,810500,,
3,3,,0.004888,0.049234,0.389805,0.40798,0.124473,0.023105,0.000516,,812000,,
3,3,,0.004391,0.025474,0.202447,0.388613,0.311553,0.062343,0.00518,,816700,,
3,3,,0.004461,0.044465,0.414222,0.421886,0.096342,0.018516,0.000108,,811800,,
3,3,,0.003779,0.040385,0.241967,0.471805,0.197776,0.042955,0.001333,,811700,,
3,3,,0.004761,0.043299,0.34378,0.441809,0.137014,0.028401,0.000937,,812500,,
3,2,,0.004532,0.04892,0.427026,0.411077,0.090226,0.018134,0.000086,,810100,,
3,2,,0.004816,0.055843,0.422808,0.42042,0.080471,0.015229,0.000413,,812700,,
3,2,,0.005039,0.055373,0.509794,0.355101,0.061476,0.013055,0.000161,,810600,,
3,2,,0.004992,0.04876,0.434558,0.337982,0.128704,0.043475,0.00153,,811800,,
3,3,,0.007668,0.030403,0.265342,0.346132,0.289295,0.057435,0.003725,,813400,,
3,2,,0.004494,0.027291,0.427146,0.413503,0.106469,0.020882,0.000214,,812500,,
3,2,,0.004625,0.052597,0.448594,0.392956,0.083823,0.017201,0.000204,,812400,,
3,2,,0.004805,0.05382,0.485371,0.376021,0.066079,0.013781,0.000123,,833200,,
3,3,,0.003587,0.020054,0.251326,0.375979,0.281504,0.064996,0.002554,,809800,,
3,3,,0.004886,0.027405,0.254318,0.414228,0.252779,0.044965,0.00142,,811400,,
3,2,,0.005027,0.054092,0.485068,0.376377,0.06543,0.013844,0.000161,,811700,,
3,2,,0.005104,0.055677,0.463083,0.381315,0.079599,0.015054,0.000168,,813800,,
3,2,,0.004727,0.052643,0.457019,0.364851,0.083964,0.036583,0.000212,,811200,,
3,3,,0.003981,0.025934,0.245002,0.464241,0.218578,0.041713,0.000551,,812800,,
3,2,,0.00499,0.053019,0.422727,0.364996,0.10908,0.044471,0.000716,,810800,,
3,2,,0.00458,0.049471,0.430613,0.410408,0.087702,0.017122,0.000104,,811600,,
3,3,,0.004123,0.027513,0.391777,0.411074,0.136377,0.028791,0.000346,,812200,,
3,2,,0.004973,0.05545,0.452926,0.374209,0.090638,0.021293,0.000512,,815700,,
3,3,,0.005508,0.031437,0.253811,0.345382,0.308256,0.053139,0.002466,,812200,,
3,3,,0.006001,0.018634,0.207426,0.387598,0.288637,0.088875,0.002829,,820000,,
3,2,,0.00425,0.047704,0.38893,0.380355,0.146989,0.030909,0.000863,,810200,,
3,2,,0.004805,0.048541,0.429277,0.406644,0.09159,0.019039,0.000104,,812000,,
3,2,,0.004531,0.048735,0.420418,0.413447,0.094584,0.018154,0.000131,,812100,,
3,2,,0.003753,0.048369,0.372551,0.36968,0.172669,0.031868,0.00111,,812300,,
3,2,,0.00586,0.053396,0.454066,0.376039,0.091253,0.017959,0.001429,,811900,,
3,2,,0.004758,0.054768,0.479628,0.377172,0.069771,0.013698,0.000206,,809900,,
3,2,,0.004575,0.048221,0.456954,0.378888,0.092878,0.018054,0.00043,,827200,,
3,2,,0.005438,0.067855,0.425211,0.41101,0.076094,0.013929,0.000464,,819500,,
3,2,,0.004772,0.034658,0.514754,0.370053,0.062494,0.013108,0.000161,,812100,,
3,3,,0.004593,0.056034,0.37465,0.378912,0.150684,0.034131,0.000995,,811500,,
3,3,,0.004824,0.029055,0.370172,0.449672,0.125675,0.020429,0.000173,,811900,,
3,2,,0.004275,0.04687,0.375586,0.370924,0.163075,0.035836,0.003433,,813200,,
3,2,,0.004804,0.053822,0.471833,0.353024,0.079631,0.036598,0.000289,,812300,,
3,2,,0.005296,0.0491,0.424463,0.377942,0.118354,0.023497,0.001348,,811000,,
3,2,,0.005013,0.075819,0.435989,0.359376,0.106763,0.016538,0.000501,,812500,,
3,2,,0.004778,0.051953,0.437311,0.398979,0.087834,0.018962,0.000183,,812500,,
3,2,,0.004797,0.052634,0.461916,0.38543,0.079074,0.015982,0.000168,,817900,,
3,2,,0.004776,0.052299,0.449279,0.384945,0.090444,0.017961,0.000296,,811300,,
3,3,,0.004768,0.051713,0.333944,0.398035,0.174759,0.035375,0.001406,,810700,,
3,3,,0.00506,0.058525,0.37665,0.389792,0.139343,0.029643,0.000987,,812200,,
3,2,,0.005133,0.052242,0.466031,0.374495,0.083392,0.017566,0.001141,,812900,,
3,3,,0.007399,0.033755,0.235216,0.413705,0.258627,0.048166,0.003132,,813500,,
3,3,,0.004373,0.023288,0.382754,0.448002,0.121769,0.019728,0.000086,,811600,,
3,3,,0.003312,0.024664,0.236291,0.467209,0.22641,0.041544,0.00057,,815900,,
3,3,,0.00446,0.048399,0.361088,0.381672,0.16502,0.038003,0.00136,,833900,,
3,3,,0.004401,0.043293,0.381069,0.441543,0.108196,0.021346,0.000152,,822800,,
3,2,,0.005021,0.063264,0.486747,0.3651,0.067726,0.01196,0.000182,,817500,,
3,2,,0.004805,0.048541,0.429277,0.406644,0.09159,0.019039,0.000104,,809100,,
3,2,,0.004355,0.047452,0.42204,0.416149,0.092467,0.017364,0.000173,,815900,,
3,3,,0.004861,0.047948,0.369248,0.392087,0.151301,0.033461,0.001093,,810000,,
3,2,,0.005252,0.051156,0.461091,0.379048,0.084069,0.018445,0.000939,,813400,,
3,2,,0.00566,0.051388,0.409684,0.354173,0.148072,0.029055,0.001969,,814300,,
3,3,,0.004235,0.040423,0.310219,0.436973,0.169297,0.036224,0.002629,,813600,,
3,2,,0.004683,0.09094,0.381552,0.363298,0.132503,0.026172,0.000853,,820100,,
3,2,,0.005024,0.055191,0.513969,0.350057,0.061952,0.013646,0.000161,,811600,,
3,3,,0.007682,0.053499,0.322693,0.37145,0.202794,0.039582,0.002299,,812700,,
3,3,,0.003933,0.02218,0.232799,0.428298,0.256989,0.054843,0.000958,,816200,,
3,2,,0.004755,0.063754,0.461647,0.34681,0.10207,0.020062,0.000903,,812800,,
3,2,,0.004598,0.052717,0.479413,0.383404,0.06762,0.01208,0.000168,,808600,,
3,2,,0.006335,0.054149,0.487691,0.352961,0.080143,0.017424,0.001296,,810700,,
3,2,,0.005027,0.054092,0.485068,0.376377,0.06543,0.013844,0.000161,,811300,,
3,3,,0.004239,0.046716,0.415537,0.418421,0.097173,0.017783,0.000131,,818900,,
3,3,,0.004684,0.020756,0.35546,0.451625,0.142386,0.024605,0.000484,,831600,,
3,2,,0.004516,0.048553,0.424593,0.408403,0.09506,0.018744,0.000131,,811000,,
3,2,,0.005039,0.049132,0.427358,0.406445,0.092595,0.019203,0.000228,,812300,,
3,2,,0.004558,0.047153,0.394936,0.37121,0.146836,0.033739,0.001568,,811800,,
3,3,,0.00465,0.048163,0.360211,0.399816,0.151357,0.035051,0.000751,,809800,,
3,2,,0.004887,0.054078,0.492908,0.378019,0.058603,0.011343,0.000161,,809200,,
3,2,,0.004691,0.049445,0.452854,0.403331,0.075593,0.013962,0.000123,,812700,,
3,2,,0.004569,0.050862,0.377712,0.367796,0.16601,0.032101,0.00095,,813300,,
3,2,,0.005428,0.043704,0.521118,0.348443,0.067347,0.013795,0.000166,,818900,,
3,2,,0.004815,0.053679,0.461671,0.378569,0.083488,0.017258,0.00052,,809100,,
3,2,,0.004793,0.065732,0.424247,0.361899,0.120313,0.021941,0.001076,,811300,,
3,3,,0.004501,0.043604,0.385027,0.446531,0.099966,0.020242,0.000128,,810300,,
3,2,,0.004609,0.074903,0.441863,0.332942,0.118672,0.026316,0.000696,,811600,,
3,2,,0.004913,0.074906,0.45629,0.338164,0.108612,0.016615,0.000501,,811500,,
3,2,,0.004508,0.072899,0.466187,0.361685,0.080224,0.01424,0.000258,,813400,,
3,2,,0.005174,0.056936,0.494381,0.351524,0.07653,0.015122,0.000334,,811000,,
3,2,,0.005012,0.05391,0.489243,0.371333,0.065906,0.014435,0.000161,,818000,,
3,2,,0.005237,0.053308,0.470877,0.376518,0.076588,0.016997,0.000476,,813800,,
3,2,,0.004615,0.05146,0.431351,0.375762,0.095762,0.040823,0.000227,,810800,,
3,3,,0.006423,0.029219,0.200214,0.353923,0.347584,0.059193,0.003443,,832000,,
3,3,,0.00477,0.051954,0.275341,0.382941,0.226149,0.054879,0.003967,,812600,,
3,2,,0.005428,0.059797,0.489738,0.369091,0.062843,0.012867,0.000236,,811700,,
3,3,,0.004427,0.023566,0.381644,0.445639,0.124292,0.020281,0.000152,,810000,,
3,2,,0.004683,0.030328,0.465099,0.396869,0.085788,0.017141,0.000092,,814600,,
3,2,,0.005572,0.055037,0.487795,0.374801,0.063442,0.012836,0.000518,,819900,,
3,3,,0.005223,0.028799,0.266857,0.383946,0.248237,0.065245,0.001693,,822300,,
3,2,,0.004565,0.053554,0.488797,0.377436,0.064035,0.011407,0.000206,,811100,,
3,2,,0.005019,0.053146,0.478742,0.37481,0.072225,0.015723,0.000336,,811700,,
3,3,,0.003931,0.042794,0.26073,0.401553,0.228117,0.060151,0.002723,,809200,,
3,3,,0.004342,0.034163,0.275599,0.387672,0.238699,0.056676,0.002848,,809000,,
3,2,,0.004737,0.054433,0.466991,0.376688,0.081141,0.015676,0.000334,,813100,,
3,2,,0.005722,0.059138,0.47512,0.371984,0.071813,0.015443,0.00078,,815100,,
3,3,,0.006306,0.053759,0.371839,0.377718,0.154294,0.034075,0.002009,,813200,,
3,3,,0.023067,0.051826,0.258055,0.345381,0.264598,0.055497,0.001576,,818400,,
3,3,,0.00356,0.041438,0.249428,0.420555,0.231225,0.050795,0.002998,,808600,,
3,2,,0.00458,0.049471,0.430613,0.410408,0.087702,0.017122,0.000104,,810300,,
3,2,,0.004805,0.050569,0.472422,0.375154,0.079697,0.017187,0.000166,,812300,,
3,3,,0.003919,0.063775,0.298693,0.388259,0.200822,0.04325,0.001282,,834500,,
3,2,,0.005821,0.068237,0.47784,0.367141,0.067841,0.012441,0.00068,,811100,,
3,2,,0.004818,0.052708,0.433491,0.403344,0.08876,0.016774,0.000104,,809900,,
3,2,,0.004626,0.065605,0.46012,0.345953,0.108416,0.014707,0.000574,,813000,,
3,3,,0.004623,0.047233,0.366497,0.405135,0.145891,0.029477,0.001144,,814100,,
3,2,,0.005734,0.059225,0.460159,0.371847,0.083766,0.018245,0.001024,,824300,,
3,2,,0.004357,0.076746,0.4303,0.360649,0.105435,0.022187,0.000326,,812400,,
3,2,,0.004774,0.050749,0.444843,0.399834,0.083356,0.016275,0.000168,,811300,,
3,3,,0.006084,0.024269,0.208089,0.373464,0.318669,0.065349,0.004075,,813600,,
3,2,,0.003882,0.076441,0.449639,0.38373,0.072914,0.013146,0.000249,,810400,,
3,3,,0.003701,0.051787,0.259264,0.404599,0.236167,0.043759,0.000723,,810700,,
3,2,,0.004667,0.052707,0.48431,0.383983,0.06273,0.011479,0.000123,,814100,,
3,2,,0.004423,0.072932,0.458462,0.383788,0.067278,0.01299,0.000127,,808400,,
3,2,,0.005049,0.050901,0.45191,0.397361,0.078818,0.015837,0.000123,,818700,,
3,2,,0.005053,0.053829,0.483189,0.373986,0.068769,0.015014,0.000161,,811300,,
3,3,,0.004946,0.059639,0.360309,0.374721,0.164017,0.034888,0.001481,,813200,,
3,3,,0.002943,0.045591,0.2754,0.396767,0.223785,0.054393,0.00112,,812300,,
3,3,,0.002994,0.065582,0.284346,0.391108,0.209204,0.045697,0.00107,,810400,,
3,3,,0.004645,0.044309,0.304507,0.459108,0.153261,0.032242,0.001929,,810400,,
3,3,,0.003619,0.026497,0.205985,0.414818,0.299793,0.046071,0.003216,,817300,,
3,2,,0.005152,0.047538,0.417762,0.392613,0.11233,0.023101,0.001503,,811700,,
3,2,,0.004927,0.054065,0.471491,0.37466,0.078066,0.016271,0.00052,,811700,,
3,2,,0.004758,0.054768,0.479628,0.377172,0.069771,0.013698,0.000206,,819700,,
3,2,,0.004985,0.050218,0.360837,0.357543,0.181063,0.043653,0.001702,,812400,,
3,3,,0.004084,0.029674,0.359442,0.40915,0.164747,0.032142,0.000762,,810400,,
3,2,,0.004471,0.050051,0.440359,0.386375,0.098974,0.019516,0.000253,,817600,,
3,2,,0.00482,0.049803,0.437048,0.395686,0.093216,0.019176,0.000252,,818000,,
3,2,,0.004772,0.054658,0.494754,0.370053,0.062494,0.013108,0.000161,,813600,,
3,2,,0.006506,0.074244,0.445052,0.354667,0.09946,0.019181,0.00089,,817300,,
3,3,,0.003794,0.069211,0.378009,0.382259,0.136595,0.029244,0.000889,,816300,,
3,2,,0.006891,0.046026,0.395866,0.393011,0.128545,0.028406,0.001254,,824500,,
3,2,,0.00482,0.054002,0.481196,0.381065,0.065603,0.013191,0.000123,,816100,,
3,3,,0.006498,0.060831,0.318281,0.371128,0.194441,0.044082,0.004739,,817900,,
3,2,,0.004618,0.049162,0.388504,0.382872,0.139877,0.034095,0.000872,,819000,,
3,2,,0.005342,0.052744,0.468669,0.361508,0.090494,0.020512,0.00073,,812600,,
3,2,,0.004662,0.049408,0.452875,0.402802,0.075785,0.014322,0.000145,,811500,,
3,2,,0.005005,0.056282,0.497476,0.370769,0.058416,0.011891,0.000161,,810400,,
3,3,,0.00446,0.05004,0.254769,0.378958,0.25841,0.051007,0.002357,,837400,,
3,2,,0.005218,0.07322,0.376168,0.35232,0.142995,0.049024,0.001055,,812700,,
3,2,,0.005839,0.064976,0.48768,0.345301,0.083679,0.012008,0.000518,,819600,,
3,2,,0.005312,0.04789,0.416855,0.363684,0.137951,0.026494,0.001814,,812300,,
3,2,,0.005104,0.056754,0.480024,0.349061,0.09394,0.014691,0.000425,,816700,,
3,3,,0.003825,0.039398,0.290444,0.432576,0.197914,0.035043,0.000799,,812300,,
3,3,,0.004728,0.021401,0.367737,0.448082,0.134508,0.023374,0.00017,,810400,,
3,2,,0.005806,0.059095,0.485348,0.347428,0.087585,0.014175,0.000562,,813300,,
3,2,,0.004882,0.051724,0.475659,0.375566,0.076037,0.015867,0.000266,,816900,,
3,2,,0.005144,0.051124,0.447839,0.387968,0.087735,0.01994,0.000249,,812200,,
3,2,,0.005064,0.051083,0.447736,0.402405,0.078343,0.015247,0.000123,,819000,,
3,2,,0.004334,0.048197,0.427338,0.412532,0.090475,0.016933,0.000191,,813600,,
3,2,,0.005915,0.054324,0.476815,0.350568,0.091545,0.019358,0.001474,,812400,,
3,3,,0.004801,0.057421,0.365215,0.375459,0.159921,0.035737,0.001446,,810500,,
3,2,,0.00483,0.052866,0.438537,0.398549,0.088014,0.016961,0.000244,,813100,,
3,2,,0.00495,0.052049,0.415668,0.385475,0.117088,0.023918,0.00085,,812700,,
3,2,,0.004702,0.034667,0.529858,0.349474,0.067384,0.013709,0.000206,,812300,,
3,2,,0.004759,0.050567,0.449018,0.39479,0.083832,0.016866,0.000168,,811500,,
3,2,,0.005806,0.056717,0.433059,0.389124,0.094892,0.018773,0.001628,,830000,,
3,2,,0.004717,0.054849,0.485683,0.374518,0.066908,0.013119,0.000206,,817100,,
3,3,,0.003292,0.030041,0.261705,0.398894,0.258514,0.046684,0.00087,,813500,,
3,2,,0.004876,0.073857,0.474837,0.357932,0.072852,0.015295,0.00035,,811600,,
3,3,,0.005,0.045941,0.327004,0.373661,0.204191,0.040084,0.004118,,812000,,
3,2,,0.004486,0.05814,0.47186,0.369849,0.079062,0.016238,0.000365,,811700,,
3,2,,0.004844,0.05074,0.44974,0.400413,0.078466,0.015674,0.000123,,808200,,
3,3,,0.004103,0.067014,0.298802,0.424247,0.170275,0.034907,0.000651,,814000,,
