wine-quality-white,Tuned_CWT,test,3,NANOSECONDS,PREDICTIONS, Generated by ClassifierExperiments.java on 2022-05-16 02:15:27.    SYSTEMPROPERTIES:{user.name:matth,os.arch:amd64,os.name:Windows 10},ENDSYSTEMPROPERTIES
No parameter info
0.4954128440366973,339770100,813879800,-1,24958936,7,,-1,-1
0,3,,0.004768,0.040982,0.324179,0.457447,0.142839,0.029187,0.000597,,1445000,,
0,2,,0.003981,0.060982,0.444752,0.398801,0.076643,0.014704,0.000136,,842700,,
0,2,,0.00485,0.042721,0.445332,0.415612,0.076643,0.014704,0.000136,,856500,,
0,3,,0.003649,0.0278,0.336489,0.472278,0.13276,0.026637,0.000388,,829100,,
1,3,,0.005564,0.039635,0.38185,0.426535,0.12086,0.025055,0.0005,,826200,,
1,2,,0.004158,0.060088,0.431381,0.399847,0.086581,0.01768,0.000264,,923200,,
1,2,,0.00485,0.042721,0.465332,0.395612,0.076643,0.014704,0.000136,,835600,,
1,3,,0.006184,0.053135,0.407522,0.412927,0.100709,0.01926,0.000264,,854700,,
1,3,,0.004742,0.037686,0.418307,0.432694,0.089352,0.017083,0.000136,,843300,,
1,2,,0.004782,0.039796,0.439297,0.422125,0.078802,0.015062,0.000136,,828100,,
1,3,,0.00347,0.030988,0.390091,0.448826,0.105784,0.020722,0.000119,,827400,,
1,3,,0.004536,0.052884,0.290472,0.4271,0.181822,0.042269,0.000918,,825900,,
1,2,,0.004184,0.042238,0.455637,0.401131,0.0812,0.015512,0.000098,,833200,,
1,3,,0.003666,0.030089,0.345814,0.457371,0.132178,0.030475,0.000407,,918200,,
1,3,,0.004111,0.032449,0.161966,0.491347,0.25853,0.050363,0.001233,,836800,,
1,3,,0.00964,0.050162,0.319884,0.423588,0.164229,0.031782,0.000715,,844700,,
1,2,,0.006452,0.059119,0.428695,0.401555,0.087087,0.016573,0.000519,,881800,,
1,2,,0.004698,0.04618,0.436194,0.418688,0.079804,0.014229,0.000208,,839400,,
1,3,,0.004143,0.028817,0.239112,0.443377,0.237836,0.045135,0.00158,,821100,,
1,2,,0.003982,0.040463,0.43819,0.420084,0.080595,0.016549,0.000136,,797600,,
1,3,,0.003724,0.051911,0.378061,0.416751,0.125898,0.023435,0.00022,,798700,,
1,3,,0.004179,0.039975,0.360111,0.432031,0.133998,0.029429,0.000277,,893800,,
1,2,,0.004256,0.040748,0.426813,0.414057,0.095656,0.018372,0.000097,,800800,,
1,3,,0.008376,0.064001,0.226983,0.43792,0.218235,0.043414,0.001071,,799900,,
1,3,,0.004701,0.035281,0.394652,0.427098,0.115121,0.022723,0.000424,,794000,,
1,3,,0.003338,0.053654,0.346876,0.456972,0.115165,0.023894,0.0001,,798500,,
1,2,,0.004916,0.040441,0.436316,0.420644,0.082507,0.015039,0.000136,,819100,,
1,2,,0.004866,0.042401,0.441332,0.41554,0.080406,0.01532,0.000136,,799300,,
1,3,,0.004544,0.059374,0.354325,0.40957,0.140338,0.031224,0.000625,,797700,,
1,3,,0.005632,0.054093,0.257623,0.420828,0.213844,0.046807,0.001173,,794600,,
1,3,,0.004787,0.0518,0.245396,0.415544,0.230281,0.050987,0.001204,,881700,,
1,3,,0.004044,0.03791,0.332967,0.422762,0.165886,0.0356,0.000831,,817400,,
1,3,,0.005094,0.047508,0.19062,0.411474,0.282976,0.060433,0.001895,,803300,,
1,2,,0.003981,0.040982,0.444752,0.418801,0.076643,0.014704,0.000136,,799700,,
1,2,,0.009402,0.051528,0.422512,0.412428,0.086468,0.017157,0.000505,,825000,,
1,3,,0.004297,0.038112,0.233161,0.480928,0.204319,0.038302,0.000881,,802600,,
1,3,,0.009765,0.053399,0.409046,0.418056,0.090388,0.018898,0.000448,,819800,,
2,3,,0.003531,0.030326,0.36775,0.465199,0.113386,0.019689,0.000119,,796600,,
2,2,,0.004133,0.062302,0.42965,0.403755,0.084131,0.015823,0.000208,,886600,,
2,3,,0.005094,0.037578,0.339154,0.459358,0.131604,0.026257,0.000955,,801600,,
2,3,,0.003544,0.031239,0.379194,0.464973,0.101698,0.019233,0.000119,,790100,,
2,2,,0.003973,0.039732,0.439719,0.419334,0.079869,0.017236,0.000136,,810400,,
2,2,,0.004834,0.036634,0.429821,0.397942,0.10885,0.021533,0.000386,,796700,,
2,3,,0.003259,0.053816,0.364862,0.448474,0.107092,0.022319,0.000178,,790700,,
2,3,,0.004235,0.043749,0.417803,0.425384,0.091463,0.01723,0.000136,,792900,,
2,3,,0.010371,0.049165,0.291206,0.430357,0.178558,0.039746,0.000597,,798000,,
2,3,,0.003535,0.030806,0.373947,0.4582,0.112187,0.021206,0.000119,,809000,,
2,3,,0.003529,0.031857,0.375604,0.467711,0.101277,0.019903,0.000119,,875100,,
2,3,,0.012012,0.0471,0.299278,0.419748,0.183799,0.037264,0.000799,,801600,,
2,2,,0.004777,0.038926,0.437362,0.418687,0.0828,0.017031,0.000416,,796700,,
2,3,,0.004115,0.036677,0.316811,0.448342,0.159598,0.033772,0.000687,,800400,,
2,2,,0.004944,0.04154,0.437796,0.421332,0.079587,0.014665,0.000136,,813500,,
2,3,,0.003529,0.031857,0.376418,0.459023,0.109151,0.019903,0.000119,,801900,,
2,3,,0.004721,0.037856,0.414098,0.417543,0.105446,0.019912,0.000424,,806800,,
2,3,,0.003523,0.029595,0.374618,0.468521,0.103248,0.020376,0.000119,,790800,,
2,2,,0.004961,0.043812,0.442719,0.419133,0.075049,0.01419,0.000136,,794700,,
2,3,,0.005352,0.035251,0.379056,0.436447,0.119056,0.024415,0.000424,,915900,,
2,3,,0.003391,0.026075,0.297708,0.472046,0.163643,0.036586,0.000551,,798800,,
2,2,,0.005005,0.038717,0.452921,0.397238,0.087009,0.0184,0.00071,,791800,,
2,3,,0.003959,0.037948,0.416702,0.43742,0.087306,0.016528,0.000136,,796800,,
2,3,,0.003654,0.029846,0.397358,0.444577,0.10283,0.021321,0.000413,,801700,,
2,3,,0.004965,0.03815,0.40345,0.405667,0.12348,0.023903,0.000386,,810400,,
2,3,,0.004191,0.050394,0.185291,0.448656,0.252267,0.057507,0.001694,,812400,,
2,3,,0.003448,0.028545,0.352889,0.483201,0.109419,0.022398,0.0001,,798400,,
2,3,,0.002945,0.025236,0.219124,0.484057,0.225588,0.042378,0.000673,,880300,,
2,3,,0.003744,0.030038,0.373344,0.458572,0.112935,0.020954,0.000413,,827700,,
2,3,,0.003818,0.033316,0.342577,0.477409,0.121832,0.020897,0.000151,,804900,,
2,3,,0.005169,0.043863,0.351277,0.431608,0.136169,0.030899,0.001015,,799400,,
2,3,,0.007032,0.024811,0.163992,0.459901,0.268049,0.072805,0.00341,,802000,,
2,3,,0.004278,0.03032,0.347986,0.455939,0.134211,0.026841,0.000424,,797600,,
2,2,,0.004766,0.040443,0.445386,0.418091,0.076674,0.014505,0.000136,,818500,,
2,3,,0.004742,0.037686,0.418307,0.432694,0.089352,0.017083,0.000136,,817500,,
2,3,,0.003323,0.026663,0.287869,0.464081,0.178887,0.038214,0.000964,,800400,,
2,3,,0.003544,0.037963,0.338911,0.450772,0.142907,0.02563,0.000274,,886800,,
2,2,,0.004805,0.039918,0.433431,0.419567,0.085183,0.016679,0.000416,,805600,,
2,3,,0.005821,0.050507,0.41018,0.414887,0.098048,0.020306,0.000252,,823800,,
2,3,,0.004026,0.038813,0.336986,0.461005,0.133557,0.025432,0.00018,,801800,,
2,2,,0.005761,0.051894,0.424346,0.4082,0.089554,0.019941,0.000302,,802600,,
2,2,,0.004766,0.060443,0.445386,0.398091,0.076674,0.014505,0.000136,,797700,,
2,2,,0.004475,0.052284,0.409611,0.399476,0.111593,0.022179,0.000381,,795900,,
2,2,,0.00485,0.040848,0.431033,0.419841,0.086788,0.016503,0.000136,,812200,,
2,3,,0.004736,0.037536,0.410097,0.41747,0.109209,0.020528,0.000424,,888400,,
2,2,,0.003981,0.060982,0.444752,0.398801,0.076643,0.014704,0.000136,,846500,,
2,3,,0.004922,0.037924,0.399052,0.410961,0.123504,0.02325,0.000386,,797600,,
2,3,,0.003516,0.030646,0.369398,0.463704,0.106878,0.02574,0.000119,,796100,,
2,3,,0.004779,0.039116,0.424294,0.428882,0.08626,0.016533,0.000136,,816300,,
2,3,,0.005276,0.040841,0.322511,0.479318,0.127715,0.023344,0.000995,,798000,,
2,2,,0.00485,0.040848,0.431033,0.419841,0.086788,0.016503,0.000136,,799800,,
2,3,,0.003452,0.0336,0.369177,0.465648,0.106006,0.021996,0.000119,,797500,,
2,2,,0.004012,0.040015,0.434663,0.422762,0.082534,0.015877,0.000136,,804900,,
2,3,,0.003544,0.031537,0.371603,0.467638,0.10504,0.020519,0.000119,,899400,,
2,3,,0.005859,0.043469,0.322389,0.440507,0.158179,0.029172,0.000426,,944800,,
2,3,,0.003509,0.031189,0.40524,0.445005,0.096289,0.01865,0.000119,,804600,,
2,3,,0.009436,0.045109,0.386028,0.413318,0.118536,0.026916,0.000657,,802000,,
2,3,,0.003744,0.030038,0.378684,0.462644,0.103523,0.020954,0.000413,,803100,,
2,3,,0.003387,0.028803,0.344377,0.474641,0.119856,0.028835,0.0001,,819600,,
2,3,,0.003826,0.040272,0.36484,0.427262,0.133587,0.029631,0.000582,,804200,,
2,3,,0.004581,0.05882,0.370417,0.418825,0.122861,0.024219,0.000277,,796300,,
2,3,,0.009436,0.045109,0.386028,0.413318,0.118536,0.026916,0.000657,,897000,,
2,3,,0.003495,0.03167,0.379103,0.461328,0.102849,0.021419,0.000136,,807900,,
2,3,,0.003884,0.036212,0.316637,0.466344,0.148631,0.028051,0.00024,,823400,,
2,2,,0.004918,0.03837,0.447066,0.404073,0.086952,0.018242,0.000378,,802900,,
2,3,,0.004109,0.028743,0.333409,0.48349,0.126624,0.023251,0.000374,,795900,,
2,3,,0.004482,0.032662,0.312585,0.471491,0.145027,0.033394,0.00036,,798600,,
2,3,,0.003706,0.033489,0.374245,0.460733,0.109262,0.018375,0.00019,,796000,,
2,3,,0.004739,0.054765,0.348739,0.431626,0.130464,0.028972,0.000695,,821400,,
2,2,,0.004766,0.060443,0.445386,0.398091,0.076674,0.014505,0.000136,,880000,,
2,3,,0.005511,0.037821,0.337668,0.447469,0.141524,0.02896,0.001047,,974300,,
2,3,,0.003289,0.049443,0.307108,0.43612,0.167135,0.036358,0.000548,,828600,,
2,3,,0.005041,0.056525,0.279573,0.432336,0.18617,0.039592,0.000762,,817000,,
2,3,,0.003697,0.021473,0.133079,0.477523,0.30285,0.059554,0.001824,,807100,,
2,3,,0.003471,0.031259,0.37694,0.455009,0.105027,0.028158,0.000136,,810300,,
2,3,,0.004184,0.042524,0.270352,0.460829,0.182698,0.037983,0.001428,,796600,,
2,3,,0.004554,0.054094,0.221521,0.445862,0.226468,0.046651,0.00085,,799000,,
2,2,,0.004855,0.039298,0.411784,0.401142,0.119378,0.023157,0.000386,,813800,,
2,2,,0.00439,0.059779,0.423713,0.414734,0.081994,0.015181,0.00021,,893800,,
2,2,,0.003973,0.039732,0.439719,0.419334,0.079869,0.017236,0.000136,,807700,,
2,3,,0.003605,0.026419,0.319269,0.425241,0.184082,0.040328,0.001056,,798700,,
2,3,,0.003529,0.03156,0.37704,0.469662,0.099473,0.018618,0.000119,,797700,,
2,2,,0.00418,0.041656,0.454039,0.400929,0.083306,0.015792,0.000098,,816600,,
2,3,,0.003558,0.032543,0.378792,0.464793,0.100397,0.019781,0.000136,,798800,,
2,3,,0.003483,0.030974,0.310129,0.44766,0.174527,0.032558,0.000669,,803600,,
2,3,,0.003793,0.037021,0.335452,0.460851,0.138764,0.023868,0.000251,,799700,,
2,2,,0.004773,0.059391,0.442914,0.397267,0.07971,0.015808,0.000136,,882300,,
2,3,,0.003437,0.050391,0.369196,0.451694,0.103782,0.021381,0.000119,,820200,,
2,3,,0.003506,0.048998,0.336792,0.464309,0.123519,0.022797,0.00008,,800500,,
2,3,,0.003753,0.030769,0.377155,0.463395,0.104249,0.020266,0.000413,,822500,,
2,3,,0.005017,0.036208,0.309548,0.433961,0.176336,0.03811,0.00082,,798200,,
2,2,,0.003996,0.040662,0.440752,0.418728,0.080406,0.01532,0.000136,,800700,,
2,3,,0.005569,0.039888,0.324412,0.460717,0.140857,0.027473,0.001084,,818600,,
2,2,,0.004866,0.040677,0.435656,0.423521,0.078547,0.016364,0.000369,,813100,,
2,3,,0.004758,0.039678,0.401245,0.415861,0.115237,0.022517,0.000704,,810300,,
2,2,,0.004184,0.042238,0.455637,0.401131,0.0812,0.015512,0.000098,,883700,,
2,3,,0.003795,0.038243,0.415468,0.424907,0.097303,0.020014,0.00027,,803700,,
2,3,,0.005822,0.053211,0.295492,0.423809,0.180744,0.04024,0.000682,,820600,,
2,3,,0.004712,0.034884,0.38843,0.431882,0.116583,0.023084,0.000424,,804600,,
2,3,,0.007046,0.033603,0.275358,0.456921,0.17697,0.048372,0.001728,,797000,,
2,2,,0.004855,0.041313,0.444549,0.41871,0.075821,0.014617,0.000136,,803500,,
2,3,,0.003946,0.02116,0.175784,0.453681,0.286393,0.056714,0.00232,,797500,,
2,3,,0.003744,0.030038,0.37253,0.46726,0.105061,0.020954,0.000413,,819200,,
2,3,,0.003446,0.054648,0.320759,0.443783,0.140112,0.037073,0.00018,,883100,,
2,2,,0.004782,0.040122,0.441385,0.418018,0.080437,0.01512,0.000136,,798000,,
2,3,,0.003452,0.033303,0.370614,0.467599,0.104202,0.020711,0.000119,,799900,,
2,2,,0.004936,0.040703,0.433914,0.420773,0.084164,0.015375,0.000136,,804900,,
2,3,,0.003972,0.060873,0.342105,0.42245,0.143575,0.02653,0.000495,,833300,,
2,3,,0.00425,0.028145,0.32355,0.45925,0.155794,0.028521,0.00049,,797700,,
2,3,,0.003549,0.031436,0.269683,0.470191,0.18987,0.03464,0.000632,,798600,,
2,3,,0.004349,0.033781,0.353104,0.459203,0.12691,0.022327,0.000327,,793300,,
2,3,,0.003443,0.029818,0.334311,0.473413,0.127389,0.031466,0.000159,,830700,,
2,3,,0.003574,0.032222,0.373253,0.454464,0.109288,0.027063,0.000136,,890200,,
2,2,,0.004834,0.059357,0.439225,0.399427,0.079909,0.017037,0.000211,,808200,,
2,3,,0.004707,0.039631,0.420008,0.424952,0.09251,0.017977,0.000216,,796300,,
2,3,,0.005817,0.046483,0.35824,0.429749,0.131378,0.028036,0.000297,,808600,,
2,3,,0.00325,0.027254,0.227304,0.483079,0.217662,0.040859,0.000593,,812100,,
2,2,,0.004818,0.036954,0.433822,0.398015,0.105087,0.020918,0.000386,,809300,,
2,3,,0.005248,0.037231,0.39471,0.423157,0.113383,0.025614,0.000657,,805400,,
2,2,,0.005724,0.047294,0.430396,0.419221,0.080605,0.016549,0.000211,,863700,,
2,3,,0.003564,0.027574,0.331558,0.492161,0.121007,0.024036,0.0001,,879200,,
2,3,,0.003641,0.030635,0.397481,0.443495,0.103143,0.021524,0.000081,,817800,,
2,3,,0.004733,0.023063,0.18285,0.452208,0.271325,0.06267,0.00315,,803500,,
2,2,,0.004782,0.040122,0.441385,0.418018,0.080437,0.01512,0.000136,,801100,,
2,3,,0.003873,0.036312,0.358429,0.441689,0.131264,0.028084,0.000349,,798000,,
2,3,,0.004329,0.057576,0.370573,0.40906,0.130537,0.027687,0.000239,,1236900,,
2,2,,0.004791,0.038444,0.410601,0.395908,0.124264,0.025242,0.000749,,832700,,
2,3,,0.006755,0.035606,0.263544,0.465055,0.190918,0.03738,0.000743,,797100,,
2,2,,0.004866,0.042401,0.441332,0.41554,0.080406,0.01532,0.000136,,883600,,
2,3,,0.003696,0.057401,0.360505,0.420874,0.130916,0.026331,0.000277,,800500,,
2,3,,0.00474,0.035805,0.272684,0.457293,0.189932,0.038742,0.000803,,818300,,
2,2,,0.004766,0.040443,0.445386,0.418091,0.076674,0.014505,0.000136,,810600,,
2,2,,0.004924,0.041278,0.440199,0.421203,0.07793,0.014329,0.000136,,806100,,
2,3,,0.004342,0.053417,0.315596,0.438911,0.159027,0.02823,0.000477,,797100,,
2,3,,0.004005,0.056587,0.347864,0.439178,0.129123,0.022954,0.000289,,794000,,
2,2,,0.00429,0.045568,0.442712,0.418702,0.0748,0.013721,0.000207,,822500,,
2,3,,0.004498,0.039159,0.320457,0.437035,0.16792,0.03037,0.000561,,804100,,
2,2,,0.004782,0.040122,0.441385,0.418018,0.080437,0.01512,0.000136,,878700,,
2,3,,0.003468,0.032054,0.405364,0.443753,0.096362,0.018863,0.000136,,806200,,
2,3,,0.005123,0.031879,0.347054,0.461234,0.128469,0.025298,0.000942,,797700,,
2,3,,0.004597,0.034301,0.374818,0.431228,0.128979,0.025572,0.000504,,814000,,
2,2,,0.005826,0.050188,0.436763,0.402234,0.088068,0.016639,0.000282,,802600,,
2,3,,0.005066,0.032814,0.259818,0.48207,0.182438,0.036673,0.00112,,795200,,
2,3,,0.004264,0.045783,0.210413,0.444412,0.248641,0.045742,0.000744,,797400,,
2,3,,0.003804,0.025833,0.309796,0.479914,0.145423,0.034569,0.000662,,813400,,
2,2,,0.00485,0.042721,0.445332,0.415612,0.076643,0.014704,0.000136,,905300,,
2,2,,0.004058,0.042147,0.439845,0.41978,0.079175,0.014859,0.000136,,808600,,
2,3,,0.003916,0.054432,0.345031,0.44075,0.131037,0.024565,0.000269,,801100,,
2,3,,0.003268,0.028448,0.336247,0.478142,0.128508,0.025207,0.000179,,801200,,
2,2,,0.003861,0.056449,0.429361,0.410906,0.082586,0.0167,0.000136,,801300,,
2,2,,0.004798,0.039476,0.435297,0.422052,0.082564,0.015677,0.000136,,814500,,
2,2,,0.005005,0.038717,0.432921,0.417238,0.087009,0.0184,0.00071,,833200,,
2,3,,0.003531,0.050623,0.366313,0.443249,0.11519,0.020974,0.000119,,811900,,
2,3,,0.004264,0.057603,0.332411,0.440772,0.137839,0.026712,0.000399,,802500,,
2,3,,0.003544,0.031537,0.377757,0.463023,0.103502,0.020519,0.000119,,883300,,
2,3,,0.004378,0.038622,0.353772,0.430856,0.140359,0.031281,0.000731,,822500,,
2,2,,0.003996,0.060662,0.440752,0.398728,0.080406,0.01532,0.000136,,803900,,
2,3,,0.00904,0.0437,0.2437,0.42746,0.225957,0.048604,0.00154,,802100,,
2,3,,0.004874,0.039238,0.423343,0.431094,0.085382,0.015932,0.000136,,799000,,
2,3,,0.009829,0.052188,0.340804,0.417325,0.150279,0.028861,0.000715,,805100,,
2,3,,0.006781,0.020021,0.136979,0.491574,0.275922,0.065722,0.003001,,817700,,
2,3,,0.004175,0.050497,0.269213,0.44532,0.189342,0.040569,0.000884,,800500,,
2,3,,0.004447,0.033109,0.336051,0.462311,0.132789,0.03087,0.000424,,895700,,
2,3,,0.003397,0.031873,0.319333,0.443135,0.160323,0.041255,0.000685,,812200,,
2,3,,0.005391,0.037688,0.402134,0.421771,0.110141,0.022452,0.000424,,807500,,
2,2,,0.004078,0.042408,0.437442,0.419909,0.080833,0.015194,0.000136,,825000,,
2,3,,0.009273,0.065317,0.293771,0.428936,0.170092,0.031866,0.000744,,808900,,
2,3,,0.004132,0.05464,0.405254,0.422413,0.095203,0.018149,0.000211,,804200,,
2,2,,0.004631,0.037767,0.410238,0.409049,0.115462,0.022546,0.000307,,798100,,
2,3,,0.003465,0.034595,0.354783,0.453771,0.124093,0.028817,0.000475,,844000,,
2,3,,0.004748,0.03495,0.271074,0.443084,0.202321,0.043172,0.000649,,846100,,
2,3,,0.004861,0.040212,0.412536,0.427706,0.096237,0.018232,0.000216,,910800,,
2,2,,0.004086,0.048041,0.432989,0.423366,0.076425,0.014882,0.000211,,814200,,
2,2,,0.004364,0.056952,0.440339,0.395814,0.086119,0.01624,0.000173,,874800,,
2,3,,0.004635,0.05358,0.293506,0.423804,0.185166,0.038462,0.000847,,827300,,
2,3,,0.003665,0.029486,0.369149,0.458227,0.110417,0.028643,0.000413,,809000,,
2,2,,0.003991,0.041728,0.441839,0.416905,0.079945,0.015456,0.000136,,804800,,
2,2,,0.004916,0.040441,0.436316,0.420644,0.082507,0.015039,0.000136,,804100,,
2,2,,0.00556,0.049919,0.436494,0.406546,0.082456,0.018723,0.000302,,802800,,
2,3,,0.004115,0.040166,0.417894,0.427038,0.092568,0.018083,0.000136,,915000,,
2,2,,0.004074,0.041826,0.435844,0.419707,0.082938,0.015474,0.000136,,811700,,
2,3,,0.003523,0.049892,0.367842,0.442498,0.114464,0.021662,0.000119,,807700,,
2,2,,0.008974,0.048027,0.434579,0.414781,0.076741,0.016686,0.000211,,804000,,
2,3,,0.005363,0.032165,0.331029,0.443713,0.155441,0.031018,0.001271,,807300,,
2,3,,0.008996,0.033812,0.274022,0.451376,0.187195,0.042739,0.00186,,819200,,
2,2,,0.005928,0.048549,0.441281,0.401551,0.085161,0.017357,0.000173,,804400,,
2,2,,0.004074,0.041826,0.435844,0.419707,0.082938,0.015474,0.000136,,801300,,
2,2,,0.004857,0.04167,0.44286,0.414789,0.07968,0.016007,0.000136,,881800,,
2,3,,0.006154,0.053706,0.267124,0.43756,0.191005,0.043761,0.000689,,801800,,
2,2,,0.004234,0.056711,0.427673,0.413914,0.081263,0.015994,0.000211,,825800,,
2,3,,0.004566,0.039348,0.369197,0.43728,0.126154,0.023178,0.000277,,819000,,
2,3,,0.00696,0.039518,0.284855,0.450754,0.18302,0.034149,0.000743,,820600,,
2,2,,0.004657,0.061081,0.413314,0.404968,0.097848,0.017888,0.000243,,802100,,
2,3,,0.004214,0.034396,0.331246,0.466854,0.136849,0.026132,0.000308,,808500,,
2,2,,0.00485,0.040848,0.431033,0.419841,0.086788,0.016503,0.000136,,824000,,
2,3,,0.006441,0.046134,0.295263,0.425164,0.190213,0.036057,0.000727,,817000,,
2,3,,0.003562,0.030083,0.391024,0.447795,0.104909,0.022546,0.000081,,886000,,
2,2,,0.004782,0.060122,0.441385,0.398018,0.080437,0.01512,0.000136,,803900,,
2,3,,0.009657,0.050525,0.401966,0.411736,0.105357,0.02034,0.000419,,813700,,
2,3,,0.005169,0.043863,0.351277,0.431608,0.136169,0.030899,0.001015,,834100,,
2,2,,0.004805,0.039918,0.433431,0.419567,0.085183,0.016679,0.000416,,805800,,
2,2,,0.005005,0.038717,0.452921,0.397238,0.087009,0.0184,0.00071,,805300,,
2,3,,0.004728,0.036804,0.411626,0.41672,0.108483,0.021215,0.000424,,803500,,
2,3,,0.003573,0.032031,0.387793,0.461864,0.095514,0.019089,0.000136,,823100,,
2,3,,0.005734,0.026593,0.249044,0.459089,0.211441,0.045921,0.002178,,896800,,
2,3,,0.005114,0.038903,0.317087,0.465994,0.142962,0.028688,0.001252,,809400,,
2,3,,0.004408,0.041675,0.299765,0.452387,0.169634,0.031432,0.0007,,818200,,
2,3,,0.010746,0.050265,0.359634,0.423118,0.127976,0.027842,0.000418,,804900,,
2,3,,0.003531,0.030326,0.36775,0.465199,0.113386,0.019689,0.000119,,827800,,
2,3,,0.004088,0.038043,0.366627,0.430584,0.131723,0.028657,0.000278,,830600,,
2,3,,0.003549,0.031436,0.269683,0.470191,0.18987,0.03464,0.000632,,821000,,
2,2,,0.004763,0.043272,0.473077,0.380296,0.082929,0.015234,0.00043,,813800,,
2,3,,0.003633,0.041896,0.353575,0.447881,0.128157,0.024582,0.000277,,801900,,
2,3,,0.008401,0.060848,0.218469,0.448545,0.219082,0.043747,0.000908,,910900,,
2,3,,0.004226,0.041082,0.40749,0.433638,0.095299,0.018054,0.00021,,856700,,
2,2,,0.004782,0.060122,0.441385,0.398018,0.080437,0.01512,0.000136,,804200,,
2,2,,0.005005,0.038717,0.432921,0.417238,0.087009,0.0184,0.00071,,821200,,
2,2,,0.004475,0.052284,0.409611,0.399476,0.111593,0.022179,0.000381,,806600,,
2,2,,0.00512,0.037543,0.417938,0.399188,0.117167,0.022363,0.00068,,819400,,
2,3,,0.005836,0.047745,0.403177,0.433416,0.092251,0.017366,0.00021,,806700,,
2,2,,0.004102,0.042925,0.437324,0.420395,0.080018,0.0151,0.000136,,804400,,
2,3,,0.004102,0.060556,0.370313,0.422417,0.120125,0.022217,0.000269,,890500,,
2,2,,0.004142,0.042905,0.426711,0.424478,0.085168,0.01646,0.000136,,804600,,
2,2,,0.004842,0.04016,0.435774,0.423035,0.079362,0.016458,0.000369,,956800,,
2,2,,0.004782,0.040122,0.441385,0.418018,0.080437,0.01512,0.000136,,810800,,
2,3,,0.004495,0.037374,0.368315,0.43838,0.126904,0.024234,0.000297,,795000,,
2,3,,0.004701,0.055281,0.394652,0.407098,0.115121,0.022723,0.000424,,803700,,
2,3,,0.011598,0.055398,0.369171,0.405556,0.129518,0.027947,0.000811,,803100,,
2,2,,0.003981,0.040982,0.464752,0.398801,0.076643,0.014704,0.000136,,827500,,
2,3,,0.004013,0.056552,0.329697,0.433869,0.144227,0.031324,0.000319,,896600,,
2,3,,0.003527,0.034221,0.333514,0.48963,0.114859,0.02391,0.000337,,806300,,
2,3,,0.003661,0.032833,0.368575,0.466021,0.106754,0.021744,0.000413,,799800,,
2,3,,0.003694,0.033679,0.38377,0.449046,0.108695,0.020997,0.000119,,829800,,
2,3,,0.00336,0.026855,0.345524,0.474257,0.125132,0.024398,0.000474,,811400,,
2,2,,0.003996,0.060662,0.440752,0.398728,0.080406,0.01532,0.000136,,807500,,
2,3,,0.006119,0.031248,0.293502,0.458945,0.163509,0.045142,0.001535,,818700,,
2,3,,0.003544,0.031537,0.371603,0.467638,0.10504,0.020519,0.000119,,816700,,
2,3,,0.004318,0.039055,0.327443,0.459302,0.140517,0.028985,0.00038,,825600,,
2,3,,0.009267,0.047975,0.334007,0.430662,0.148399,0.029155,0.000535,,901600,,
2,3,,0.003641,0.047191,0.333156,0.447802,0.136881,0.030839,0.00049,,807600,,
2,3,,0.003948,0.039457,0.373997,0.441335,0.119147,0.021918,0.000197,,809600,,
2,3,,0.003733,0.030399,0.3992,0.443354,0.102603,0.020299,0.000413,,803000,,
2,3,,0.004367,0.0467,0.220026,0.440511,0.243095,0.044557,0.000744,,830100,,
2,2,,0.004766,0.040443,0.445386,0.418091,0.076674,0.014505,0.000136,,810200,,
2,2,,0.00937,0.053159,0.429642,0.411986,0.080601,0.014959,0.000282,,810200,,
2,2,,0.003973,0.039732,0.439719,0.419334,0.079869,0.017236,0.000136,,807100,,
2,3,,0.004783,0.03865,0.418742,0.430302,0.08935,0.017757,0.000416,,891000,,
2,3,,0.004736,0.037536,0.410097,0.41747,0.109209,0.020528,0.000424,,830800,,
2,3,,0.00345,0.051305,0.3753,0.447396,0.101505,0.020926,0.000119,,868100,,
2,3,,0.010014,0.048236,0.35614,0.430797,0.126098,0.027987,0.000728,,818900,,
2,2,,0.004782,0.040122,0.441385,0.418018,0.080437,0.01512,0.000136,,806300,,
2,3,,0.003259,0.053816,0.364862,0.448474,0.107092,0.022319,0.000178,,806700,,
2,2,,0.004766,0.040443,0.445386,0.418091,0.076674,0.014505,0.000136,,825500,,
2,3,,0.003949,0.039676,0.414423,0.426325,0.096785,0.018705,0.000136,,813600,,
2,2,,0.003928,0.057959,0.433158,0.408308,0.080928,0.015583,0.000136,,809700,,
2,3,,0.00462,0.043909,0.319956,0.444828,0.156286,0.029704,0.000698,,892700,,
2,3,,0.00352,0.031126,0.375594,0.456704,0.105679,0.027258,0.000119,,812500,,
2,3,,0.004129,0.057225,0.415053,0.41702,0.089008,0.017355,0.000211,,829300,,
2,3,,0.007032,0.024811,0.163992,0.459901,0.268049,0.072805,0.00341,,809200,,
2,3,,0.009446,0.048882,0.398186,0.412983,0.108187,0.021897,0.000419,,804400,,
2,3,,0.003465,0.050985,0.370576,0.440174,0.113141,0.021541,0.000119,,804900,,
2,3,,0.003589,0.034623,0.370218,0.447869,0.119958,0.023663,0.000081,,830300,,
2,3,,0.003464,0.027927,0.348787,0.474822,0.116506,0.028395,0.0001,,816100,,
2,2,,0.004766,0.060443,0.445386,0.398091,0.076674,0.014505,0.000136,,891900,,
2,3,,0.00335,0.032436,0.332175,0.473021,0.132955,0.025804,0.000259,,807300,,
2,2,,0.003981,0.040982,0.444752,0.418801,0.076643,0.014704,0.000136,,805600,,
2,3,,0.005184,0.035527,0.364127,0.377879,0.177689,0.039124,0.00047,,830500,,
2,3,,0.004649,0.061453,0.366782,0.408555,0.13083,0.027144,0.000586,,832100,,
2,3,,0.004799,0.052286,0.392655,0.402473,0.123742,0.023644,0.0004,,822000,,
2,2,,0.00479,0.040959,0.445268,0.418577,0.075859,0.01441,0.000136,,806100,,
2,3,,0.003574,0.032222,0.373253,0.454464,0.109288,0.027063,0.000136,,806200,,
2,3,,0.00452,0.036761,0.337909,0.436732,0.154926,0.028586,0.000565,,925800,,
2,3,,0.003375,0.032847,0.32616,0.467301,0.140116,0.029942,0.000259,,811000,,
2,2,,0.004773,0.039391,0.442914,0.417267,0.07971,0.015808,0.000136,,802700,,
2,2,,0.004857,0.04167,0.44286,0.414789,0.07968,0.016007,0.000136,,803400,,
2,2,,0.003972,0.040251,0.446281,0.41805,0.075917,0.015392,0.000136,,793400,,
2,3,,0.004183,0.040177,0.41707,0.417624,0.101526,0.019323,0.000097,,815500,,
2,3,,0.003802,0.030634,0.266853,0.469129,0.193838,0.034866,0.000879,,809600,,
2,2,,0.004857,0.04167,0.44286,0.414789,0.07968,0.016007,0.000136,,801200,,
2,3,,0.004755,0.038599,0.424411,0.428396,0.087075,0.016628,0.000136,,802700,,
2,2,,0.004944,0.04154,0.437796,0.421332,0.079587,0.014665,0.000136,,889700,,
2,3,,0.004338,0.032191,0.349169,0.456913,0.130986,0.025764,0.000639,,826700,,
2,3,,0.008793,0.045486,0.340944,0.443425,0.135422,0.025692,0.000238,,806300,,
2,2,,0.005496,0.035317,0.41265,0.402399,0.11677,0.02637,0.000998,,801100,,
2,2,,0.00492,0.041023,0.437914,0.420845,0.080401,0.01476,0.000136,,799300,,
2,2,,0.00492,0.038882,0.424655,0.406259,0.103168,0.021639,0.000477,,803000,,
2,3,,0.004129,0.057225,0.415053,0.41702,0.089008,0.017355,0.000211,,820400,,
2,3,,0.004176,0.030305,0.32831,0.472078,0.133145,0.031698,0.000288,,829600,,
2,3,,0.003544,0.031239,0.37304,0.469589,0.103236,0.019233,0.000119,,882400,,
2,3,,0.00553,0.033033,0.28516,0.457971,0.176931,0.040464,0.000909,,818200,,
2,2,,0.004916,0.040441,0.436316,0.420644,0.082507,0.015039,0.000136,,804500,,
2,2,,0.004782,0.040122,0.441385,0.418018,0.080437,0.01512,0.000136,,825100,,
3,3,,0.003871,0.029146,0.318069,0.428873,0.179009,0.039976,0.001056,,806900,,
3,3,,0.003337,0.032085,0.313279,0.472392,0.14857,0.029699,0.000638,,799500,,
3,3,,0.01031,0.049157,0.142641,0.421926,0.281658,0.091689,0.002618,,811500,,
3,2,,0.004766,0.040443,0.445386,0.418091,0.076674,0.014505,0.000136,,804900,,
3,3,,0.003236,0.027551,0.297993,0.460737,0.171889,0.038064,0.000529,,825700,,
3,3,,0.003731,0.029125,0.36724,0.46287,0.115212,0.021409,0.000413,,884800,,
3,2,,0.004119,0.042715,0.445261,0.418147,0.075611,0.013941,0.000208,,809900,,
3,3,,0.004093,0.037002,0.415043,0.432207,0.092386,0.018838,0.00043,,799600,,
3,3,,0.005818,0.031969,0.27159,0.463662,0.187532,0.038101,0.001327,,822600,,
3,3,,0.005165,0.035543,0.384467,0.428008,0.121966,0.024344,0.000508,,812100,,
3,3,,0.00349,0.02762,0.342728,0.459431,0.134605,0.031636,0.00049,,800900,,
3,2,,0.005453,0.044079,0.439135,0.41921,0.077887,0.0141,0.000136,,802400,,
3,3,,0.004242,0.027608,0.183891,0.495332,0.23377,0.052776,0.002383,,803200,,
3,3,,0.003459,0.030289,0.365937,0.468131,0.112476,0.019609,0.0001,,908300,,
3,3,,0.00277,0.023119,0.173866,0.477869,0.270724,0.050671,0.000981,,817300,,
3,2,,0.00488,0.05927,0.409157,0.408753,0.098321,0.019483,0.000136,,828400,,
3,3,,0.003721,0.052998,0.361714,0.437341,0.111839,0.032268,0.000119,,803800,,
3,3,,0.005206,0.024096,0.152326,0.487009,0.271362,0.057907,0.002094,,797600,,
3,2,,0.004879,0.039221,0.461109,0.39849,0.080078,0.016125,0.000098,,822100,,
3,3,,0.006049,0.040593,0.319601,0.433237,0.162069,0.037303,0.001147,,804900,,
3,3,,0.004579,0.034566,0.354476,0.432765,0.142127,0.030971,0.000517,,803200,,
3,3,,0.003489,0.033088,0.351296,0.448659,0.131984,0.031017,0.000467,,807500,,
3,3,,0.003574,0.031925,0.376228,0.466671,0.102356,0.019111,0.000136,,883900,,
3,3,,0.003263,0.030029,0.378833,0.457034,0.109669,0.020994,0.000178,,828200,,
3,2,,0.005181,0.040627,0.448501,0.397338,0.087534,0.020147,0.000672,,805300,,
3,3,,0.003565,0.031491,0.374781,0.453713,0.108562,0.027751,0.000136,,799900,,
3,3,,0.003213,0.030216,0.252798,0.414566,0.241692,0.0558,0.001715,,811900,,
3,3,,0.004823,0.024679,0.21026,0.460597,0.244122,0.053362,0.002156,,801600,,
3,3,,0.003493,0.028633,0.370265,0.461504,0.113557,0.022486,0.000062,,819700,,
3,3,,0.004877,0.038005,0.413238,0.43532,0.091422,0.017003,0.000136,,805900,,
3,3,,0.003547,0.026474,0.321806,0.472639,0.142675,0.032471,0.000388,,886600,,
3,3,,0.00344,0.027708,0.347468,0.472385,0.119125,0.029775,0.0001,,807500,,
3,3,,0.003022,0.030138,0.32943,0.464296,0.143133,0.029721,0.00026,,796900,,
3,3,,0.00298,0.025019,0.258469,0.455016,0.205321,0.051043,0.002151,,818400,,
3,3,,0.010539,0.024904,0.140465,0.441364,0.298014,0.080983,0.003729,,810300,,
3,3,,0.004737,0.030958,0.34864,0.460735,0.12953,0.025073,0.000327,,804100,,
3,3,,0.004172,0.027647,0.237333,0.465216,0.217201,0.047471,0.00096,,814500,,
3,3,,0.004755,0.038599,0.424411,0.428396,0.087075,0.016628,0.000136,,804700,,
3,3,,0.006781,0.048914,0.232139,0.404058,0.249095,0.056857,0.002155,,820400,,
3,2,,0.004328,0.039975,0.430041,0.422795,0.085119,0.017605,0.000136,,885300,,
3,3,,0.002699,0.025731,0.238439,0.496063,0.195318,0.041325,0.000425,,802800,,
3,3,,0.009413,0.048021,0.401372,0.41253,0.106598,0.021647,0.000419,,805200,,
3,3,,0.003957,0.030077,0.192171,0.426629,0.283485,0.062133,0.001549,,802200,,
3,3,,0.003292,0.027708,0.180793,0.494086,0.244346,0.048576,0.001198,,830200,,
3,3,,0.003657,0.027671,0.34769,0.475076,0.123344,0.022168,0.000394,,799600,,
3,3,,0.004688,0.034368,0.388548,0.431396,0.117398,0.023179,0.000424,,805600,,
3,3,,0.00354,0.027958,0.321122,0.492414,0.129415,0.025098,0.000453,,806200,,
3,3,,0.010217,0.049409,0.164638,0.419346,0.281857,0.071875,0.002659,,905000,,
3,3,,0.003389,0.030114,0.359056,0.467127,0.118862,0.021352,0.0001,,807200,,
3,3,,0.003311,0.02805,0.31362,0.465284,0.155699,0.033569,0.000467,,804100,,
3,3,,0.004612,0.021965,0.189526,0.474977,0.248934,0.058124,0.001863,,796500,,
3,3,,0.010561,0.03986,0.231066,0.43331,0.235395,0.0485,0.001308,,796700,,
3,3,,0.00374,0.029856,0.363358,0.462052,0.113193,0.027388,0.000413,,834100,,
3,3,,0.003753,0.039682,0.353461,0.459034,0.119789,0.024163,0.000118,,813200,,
3,3,,0.005694,0.025584,0.162768,0.49103,0.258409,0.054853,0.001662,,798000,,
3,3,,0.003635,0.025839,0.336213,0.491908,0.118169,0.023841,0.000394,,798600,,
3,3,,0.004673,0.05175,0.198713,0.439681,0.248471,0.055537,0.001175,,891900,,
3,3,,0.009869,0.046661,0.313159,0.439988,0.160069,0.029737,0.000518,,819100,,
3,2,,0.004094,0.042088,0.433441,0.419836,0.084595,0.01581,0.000136,,867600,,
3,3,,0.003636,0.028336,0.339746,0.462705,0.138735,0.026436,0.000407,,808000,,
3,3,,0.004736,0.037536,0.410097,0.41747,0.109209,0.020528,0.000424,,803500,,
3,3,,0.004664,0.038532,0.410682,0.428228,0.098656,0.019022,0.000216,,801000,,
3,3,,0.00439,0.028888,0.19454,0.463919,0.258747,0.048435,0.001081,,823100,,
3,3,,0.003363,0.028287,0.346034,0.484411,0.115543,0.022263,0.0001,,815100,,
3,2,,0.004094,0.042088,0.433441,0.419836,0.084595,0.01581,0.000136,,932100,,
3,3,,0.003748,0.049756,0.352409,0.433514,0.134624,0.025524,0.000424,,810700,,
3,3,,0.003131,0.025753,0.33029,0.488702,0.122222,0.029743,0.000159,,813300,,
3,3,,0.003563,0.027258,0.370817,0.447733,0.125433,0.02478,0.000415,,818300,,
3,2,,0.004109,0.043426,0.427322,0.41875,0.088912,0.017326,0.000156,,805100,,
3,3,,0.00484,0.036255,0.385833,0.435331,0.115617,0.0217,0.000424,,797600,,
3,3,,0.009566,0.049703,0.318559,0.42701,0.16285,0.031596,0.000715,,816300,,
3,3,,0.003973,0.030512,0.278677,0.474915,0.175786,0.035663,0.000474,,812900,,
3,3,,0.003194,0.036576,0.256903,0.482713,0.181765,0.03784,0.00101,,832400,,
3,2,,0.004275,0.045704,0.448306,0.402001,0.083675,0.015833,0.000207,,908900,,
3,3,,0.005248,0.037231,0.39471,0.423157,0.113383,0.025614,0.000657,,804500,,
3,3,,0.004207,0.029703,0.274201,0.441194,0.201418,0.047934,0.001343,,811400,,
3,3,,0.009232,0.021172,0.138622,0.451074,0.303408,0.072703,0.003788,,806500,,
3,3,,0.003393,0.030382,0.363016,0.472859,0.10817,0.022062,0.000119,,829300,,
3,3,,0.004353,0.03798,0.404057,0.422879,0.10859,0.021796,0.000345,,806400,,
3,3,,0.004092,0.039881,0.31043,0.463726,0.15205,0.029402,0.00042,,805600,,
3,2,,0.004292,0.044353,0.427857,0.415293,0.090804,0.017191,0.00021,,804600,,
3,3,,0.004209,0.038502,0.34019,0.441514,0.143119,0.031823,0.000642,,903100,,
3,3,,0.004755,0.038599,0.424411,0.428396,0.087075,0.016628,0.000136,,817400,,
3,3,,0.00568,0.023473,0.193252,0.473549,0.243455,0.058307,0.002284,,809400,,
3,3,,0.004467,0.02682,0.238767,0.437735,0.234232,0.056472,0.001508,,807300,,
3,3,,0.006297,0.046414,0.390788,0.417451,0.114385,0.023952,0.000713,,804400,,
3,3,,0.00352,0.051126,0.377947,0.438273,0.108425,0.020591,0.000119,,831900,,
3,3,,0.003562,0.027272,0.328554,0.459961,0.14465,0.035511,0.00049,,811100,,
3,3,,0.004647,0.027184,0.141679,0.470268,0.289852,0.063486,0.002884,,806300,,
3,3,,0.00352,0.031126,0.377947,0.458273,0.108425,0.020591,0.000119,,915700,,
3,3,,0.003433,0.048759,0.349939,0.453209,0.116088,0.028472,0.0001,,810600,,
3,3,,0.004558,0.039312,0.356816,0.432831,0.137173,0.028922,0.00039,,839000,,
3,3,,0.003459,0.031385,0.370974,0.459969,0.113733,0.020361,0.000119,,813300,,
3,3,,0.006969,0.028481,0.243836,0.452067,0.208414,0.057974,0.002259,,807000,,
3,3,,0.003474,0.033748,0.350344,0.454753,0.126995,0.030391,0.000294,,807300,,
3,3,,0.0035,0.047553,0.168083,0.476054,0.254204,0.049448,0.001159,,813800,,
3,3,,0.003412,0.026524,0.337655,0.485063,0.125032,0.022214,0.0001,,821100,,
3,3,,0.004063,0.048343,0.211939,0.450406,0.238507,0.045436,0.001306,,819700,,
3,3,,0.004367,0.023366,0.205547,0.479266,0.236393,0.04908,0.001982,,890100,,
3,3,,0.003303,0.027888,0.281716,0.476376,0.178256,0.031953,0.000509,,860100,,
3,3,,0.002955,0.043454,0.205061,0.451096,0.249638,0.047046,0.00075,,810500,,
3,3,,0.004537,0.039508,0.381852,0.428003,0.121908,0.023847,0.000345,,824300,,
3,3,,0.009223,0.045992,0.394569,0.430573,0.09754,0.021301,0.000802,,808900,,
3,2,,0.004118,0.042278,0.431236,0.424429,0.082146,0.015657,0.000136,,813000,,
3,2,,0.004805,0.040024,0.438842,0.419376,0.07988,0.016657,0.000416,,806200,,
3,3,,0.007112,0.053789,0.184515,0.439174,0.255843,0.058228,0.00134,,807900,,
3,3,,0.003346,0.026954,0.279762,0.48382,0.17401,0.031599,0.000509,,907400,,
3,3,,0.003906,0.038358,0.364671,0.444611,0.125294,0.022963,0.000197,,894100,,
3,3,,0.005397,0.032059,0.222128,0.473725,0.220007,0.045271,0.001413,,945000,,
3,3,,0.004101,0.053228,0.380129,0.42163,0.115858,0.024616,0.00044,,809600,,
3,3,,0.003553,0.046059,0.29691,0.423406,0.187601,0.041624,0.000847,,839100,,
3,3,,0.003526,0.036778,0.377077,0.464328,0.099334,0.018839,0.000119,,811700,,
3,3,,0.004708,0.048219,0.163449,0.437783,0.282668,0.061934,0.001239,,808000,,
3,3,,0.0036,0.024252,0.207758,0.448417,0.260991,0.053659,0.001323,,808200,,
3,3,,0.004496,0.024515,0.193362,0.455974,0.262686,0.055929,0.003039,,902400,,
3,3,,0.005491,0.028751,0.291096,0.456004,0.172963,0.043763,0.001932,,829900,,
3,3,,0.003363,0.028287,0.346848,0.475723,0.123416,0.022263,0.0001,,907900,,
3,2,,0.004934,0.03638,0.432762,0.412494,0.093347,0.019373,0.00071,,811100,,
3,3,,0.009395,0.038011,0.282151,0.432939,0.192637,0.043862,0.001004,,811300,,
3,3,,0.003484,0.038136,0.337165,0.454586,0.139199,0.026932,0.000498,,804600,,
3,3,,0.004747,0.038117,0.402426,0.412625,0.115425,0.026152,0.000508,,825400,,
3,3,,0.005641,0.029582,0.278892,0.459985,0.189414,0.035855,0.000631,,809900,,
3,3,,0.003393,0.030382,0.363016,0.472859,0.10817,0.022062,0.000119,,813800,,
3,3,,0.003172,0.052331,0.323374,0.449376,0.140476,0.030952,0.000319,,893800,,
3,3,,0.005502,0.030938,0.208493,0.476393,0.229054,0.048234,0.001385,,814100,,
3,3,,0.004312,0.028076,0.242834,0.485976,0.193607,0.042726,0.002469,,829300,,
3,3,,0.003753,0.030769,0.371815,0.459322,0.113661,0.020266,0.000413,,806000,,
3,3,,0.004427,0.034038,0.231495,0.46719,0.219512,0.042424,0.000915,,825600,,
3,3,,0.00375,0.031887,0.32402,0.45952,0.143431,0.037081,0.00031,,818800,,
3,3,,0.005563,0.027134,0.238186,0.484737,0.199037,0.043774,0.001568,,805800,,
3,3,,0.003309,0.036181,0.237827,0.465603,0.214154,0.041904,0.001021,,837200,,
3,3,,0.005578,0.042179,0.317385,0.447719,0.151666,0.033554,0.001919,,896500,,
3,3,,0.00562,0.03117,0.310401,0.375548,0.220432,0.054297,0.002532,,815000,,
3,3,,0.00471,0.036012,0.393123,0.427848,0.115847,0.022036,0.000424,,805700,,
3,3,,0.006225,0.034232,0.23576,0.484049,0.193332,0.044487,0.001915,,832500,,
3,3,,0.004813,0.036927,0.398397,0.426521,0.110262,0.022423,0.000657,,818600,,
3,2,,0.005927,0.073257,0.429411,0.398495,0.077558,0.015142,0.00021,,818700,,
3,3,,0.003424,0.030114,0.219646,0.487004,0.217401,0.04122,0.001192,,811100,,
3,3,,0.003619,0.026947,0.299269,0.488201,0.147874,0.033405,0.000685,,805700,,
3,3,,0.004736,0.037536,0.410097,0.41747,0.109209,0.020528,0.000424,,903000,,
3,3,,0.003183,0.027152,0.333344,0.480222,0.129796,0.026123,0.000179,,816000,,
3,3,,0.004268,0.048708,0.258553,0.404397,0.233263,0.049818,0.000993,,809100,,
3,3,,0.003387,0.028803,0.344377,0.474641,0.119856,0.028835,0.0001,,805800,,
3,2,,0.004882,0.041755,0.435243,0.419574,0.082534,0.015877,0.000136,,833600,,
3,3,,0.003393,0.030382,0.363016,0.472859,0.10817,0.022062,0.000119,,824500,,
3,3,,0.004466,0.055502,0.393088,0.394571,0.126981,0.024927,0.000465,,827800,,
3,3,,0.004098,0.049289,0.217948,0.460697,0.221968,0.045152,0.000849,,818900,,
3,3,,0.0047,0.034189,0.306127,0.449069,0.16844,0.036919,0.000557,,807000,,
3,3,,0.009058,0.040819,0.290859,0.44193,0.177017,0.039471,0.000847,,887500,,
3,3,,0.00374,0.029856,0.364897,0.472308,0.108065,0.020722,0.000413,,830700,,
3,3,,0.004619,0.034884,0.388257,0.427837,0.119522,0.024177,0.000704,,809900,,
3,3,,0.003584,0.036109,0.334528,0.479927,0.122053,0.02372,0.00008,,811100,,
3,3,,0.003413,0.03063,0.356586,0.466044,0.115302,0.027925,0.0001,,818000,,
3,3,,0.004185,0.02861,0.247905,0.47779,0.198289,0.041901,0.001321,,806100,,
3,2,,0.004005,0.041499,0.444635,0.419287,0.075829,0.01461,0.000136,,823200,,
3,3,,0.003579,0.031451,0.363676,0.454473,0.122185,0.024514,0.000121,,812400,,
3,3,,0.008213,0.03012,0.151493,0.48476,0.261546,0.061263,0.002605,,897700,,
3,3,,0.00532,0.039635,0.397786,0.417764,0.116639,0.022349,0.000508,,815300,,
3,3,,0.006263,0.050144,0.327151,0.41523,0.163398,0.036418,0.001396,,814100,,
3,3,,0.004894,0.044876,0.174073,0.427906,0.287629,0.059081,0.00154,,833500,,
3,3,,0.003955,0.051386,0.278548,0.445045,0.183005,0.036805,0.001256,,811600,,
3,3,,0.003464,0.050792,0.358455,0.424249,0.134283,0.028517,0.00024,,836200,,
3,3,,0.00476,0.038052,0.40998,0.417957,0.108394,0.020433,0.000424,,803900,,
3,3,,0.004341,0.036347,0.337126,0.44505,0.14783,0.028901,0.000406,,829700,,
3,3,,0.003986,0.034067,0.202973,0.466643,0.242197,0.048612,0.001523,,815400,,
3,3,,0.004963,0.03136,0.228336,0.47396,0.215176,0.044619,0.001587,,898600,,
3,3,,0.003529,0.051857,0.376418,0.439023,0.109151,0.019903,0.000119,,803700,,
3,3,,0.004449,0.038843,0.36107,0.430898,0.13474,0.029428,0.000571,,805700,,
3,3,,0.006575,0.038513,0.171716,0.480159,0.247408,0.053327,0.002302,,825000,,
3,2,,0.004742,0.057686,0.418307,0.412694,0.089352,0.017083,0.000136,,810300,,
3,3,,0.007696,0.029257,0.150606,0.484375,0.26282,0.062353,0.002894,,816100,,
3,3,,0.003531,0.030623,0.371653,0.467321,0.105779,0.020974,0.000119,,804300,,
3,2,,0.004782,0.040122,0.441385,0.418018,0.080437,0.01512,0.000136,,805200,,
3,3,,0.004898,0.059458,0.392056,0.403148,0.117734,0.022284,0.000423,,906400,,
3,3,,0.003987,0.029005,0.265663,0.417241,0.229856,0.052852,0.001395,,816800,,
3,2,,0.004012,0.040015,0.434663,0.422762,0.082534,0.015877,0.000136,,809500,,
3,3,,0.004044,0.039777,0.364988,0.445766,0.122509,0.022647,0.000269,,813700,,
3,3,,0.008828,0.049172,0.149757,0.425883,0.297192,0.067194,0.001974,,804300,,
3,3,,0.003849,0.030788,0.324484,0.477313,0.136374,0.026825,0.000368,,823100,,
3,3,,0.007351,0.046452,0.168881,0.428641,0.28308,0.063672,0.001924,,832000,,
3,3,,0.003387,0.028803,0.344377,0.474641,0.119856,0.028835,0.0001,,809800,,
3,2,,0.003996,0.040662,0.440752,0.418728,0.080406,0.01532,0.000136,,883300,,
3,3,,0.003395,0.029714,0.357358,0.469622,0.113069,0.026743,0.0001,,810200,,
3,3,,0.003465,0.030985,0.3913,0.447323,0.105268,0.021541,0.000119,,820100,,
3,2,,0.00492,0.041023,0.437914,0.420845,0.080401,0.01476,0.000136,,862000,,
