wine-quality-white,Tuned_CWT,test,4,NANOSECONDS,PREDICTIONS, Generated by ClassifierExperiments.java on 2022-05-16 02:17:26.    SYSTEMPROPERTIES:{user.name:matth,os.arch:amd64,os.name:Windows 10},ENDSYSTEMPROPERTIES
No parameter info
0.47196738022426094,494819200,808221800,-1,27088208,7,,-1,-1
0,3,,0.005157,0.036427,0.405026,0.446881,0.092728,0.013502,0.000278,,1100900,,
0,2,,0.004865,0.049201,0.419282,0.383505,0.115161,0.026799,0.001188,,849000,,
0,3,,0.006067,0.050527,0.427238,0.43721,0.067941,0.010849,0.000167,,856100,,
0,2,,0.024945,0.045094,0.456009,0.382278,0.082464,0.009102,0.000107,,840700,,
1,2,,0.005651,0.058041,0.470046,0.388576,0.066581,0.010978,0.000127,,843200,,
1,3,,0.006657,0.049683,0.368924,0.403372,0.138515,0.031703,0.001145,,848900,,
1,2,,0.005366,0.041564,0.46842,0.407825,0.067421,0.009256,0.000148,,848300,,
1,3,,0.009733,0.061401,0.212507,0.422462,0.223993,0.068537,0.001367,,847600,,
1,2,,0.005928,0.072528,0.398205,0.396794,0.105291,0.020859,0.000395,,838000,,
1,2,,0.005759,0.049462,0.454124,0.410501,0.06799,0.011974,0.000189,,838600,,
1,3,,0.004351,0.035901,0.336504,0.495607,0.110957,0.016589,0.000091,,838000,,
1,2,,0.004798,0.051076,0.476807,0.389037,0.067374,0.010719,0.000189,,835900,,
1,3,,0.007703,0.060861,0.248212,0.4552,0.188344,0.038982,0.000699,,835100,,
1,2,,0.005366,0.061564,0.451753,0.403381,0.068532,0.009256,0.000148,,836300,,
1,2,,0.005257,0.060599,0.433368,0.404231,0.082759,0.01349,0.000296,,840300,,
1,2,,0.005477,0.049328,0.442915,0.425918,0.06667,0.009525,0.000167,,849500,,
1,2,,0.04513,0.044713,0.389116,0.36588,0.131482,0.023035,0.000644,,833500,,
1,2,,0.004866,0.042548,0.452475,0.426509,0.064731,0.008704,0.000167,,829400,,
1,2,,0.006012,0.047247,0.449952,0.42213,0.065142,0.009191,0.000326,,831900,,
1,3,,0.00981,0.065802,0.233074,0.418571,0.206314,0.065045,0.001384,,827900,,
1,3,,0.004909,0.042832,0.428189,0.450567,0.064742,0.008593,0.000167,,833800,,
1,2,,0.005257,0.060599,0.433368,0.404231,0.082759,0.01349,0.000296,,847800,,
1,3,,0.006676,0.048258,0.392784,0.400874,0.124478,0.026351,0.000579,,827800,,
1,2,,0.00431,0.048704,0.457227,0.410498,0.066939,0.011754,0.000567,,831500,,
1,3,,0.007945,0.038124,0.231754,0.410031,0.250078,0.059687,0.00238,,842700,,
1,2,,0.004905,0.041289,0.47119,0.407457,0.066288,0.008703,0.000167,,838500,,
1,3,,0.006812,0.042109,0.297069,0.427635,0.18406,0.040839,0.001474,,831800,,
1,2,,0.005586,0.05164,0.479689,0.377558,0.07016,0.015058,0.00031,,835500,,
1,2,,0.006393,0.049105,0.431457,0.395025,0.099719,0.017985,0.000317,,823400,,
1,2,,0.00526,0.077475,0.433924,0.404174,0.068196,0.010722,0.000249,,824400,,
1,3,,0.024124,0.030877,0.350727,0.45822,0.117494,0.018265,0.000293,,837300,,
1,3,,0.006879,0.079853,0.298797,0.439294,0.142259,0.031266,0.001653,,837000,,
1,2,,0.005926,0.048227,0.408137,0.400012,0.113053,0.023651,0.000995,,824400,,
1,3,,0.00562,0.052699,0.414877,0.425196,0.086747,0.014608,0.000253,,850800,,
1,2,,0.006051,0.050274,0.447239,0.421649,0.06527,0.009191,0.000326,,833000,,
1,2,,0.004858,0.055331,0.460865,0.401605,0.065671,0.011543,0.000127,,834400,,
1,2,,0.004506,0.050392,0.438876,0.40503,0.088786,0.011941,0.000469,,818500,,
2,3,,0.004758,0.074396,0.37005,0.445431,0.093156,0.011916,0.000293,,818500,,
2,2,,0.004977,0.034109,0.417812,0.409374,0.098736,0.034493,0.000499,,815800,,
2,3,,0.005181,0.042388,0.403423,0.414135,0.111357,0.023135,0.000381,,815300,,
2,2,,0.004905,0.041289,0.45119,0.407457,0.086288,0.008703,0.000167,,814900,,
2,2,,0.024669,0.055557,0.427575,0.400305,0.081061,0.010503,0.00033,,824000,,
2,3,,0.024631,0.033714,0.386806,0.430326,0.091837,0.032295,0.000392,,831400,,
2,3,,0.004939,0.039712,0.418865,0.458723,0.06867,0.008942,0.00015,,822100,,
2,2,,0.005094,0.042356,0.43876,0.434528,0.068991,0.010103,0.000167,,820000,,
2,2,,0.005368,0.060418,0.433733,0.403272,0.083457,0.013475,0.000277,,826200,,
2,3,,0.003854,0.031778,0.284319,0.460344,0.179257,0.039402,0.001046,,816800,,
2,3,,0.004631,0.049516,0.432711,0.433833,0.068858,0.010201,0.000249,,815300,,
2,2,,0.006029,0.048475,0.428068,0.423526,0.08119,0.012461,0.000251,,818800,,
2,3,,0.006045,0.04915,0.310136,0.462209,0.145362,0.026755,0.000342,,820900,,
2,3,,0.004909,0.042832,0.428189,0.450567,0.064742,0.008593,0.000167,,815700,,
2,2,,0.005153,0.059812,0.435121,0.389798,0.092526,0.017226,0.000365,,823700,,
2,2,,0.005366,0.081564,0.451753,0.383381,0.068532,0.009256,0.000148,,839400,,
2,3,,0.005173,0.037925,0.422486,0.43004,0.090354,0.013546,0.000475,,821100,,
2,3,,0.025126,0.053546,0.404743,0.406136,0.092075,0.017814,0.000561,,821600,,
2,2,,0.005466,0.050659,0.419215,0.404404,0.100117,0.019559,0.00058,,820400,,
2,2,,0.005633,0.052898,0.451696,0.384709,0.089802,0.015027,0.000235,,821200,,
2,2,,0.004939,0.059712,0.442198,0.414278,0.069781,0.008942,0.00015,,820100,,
2,3,,0.00573,0.040659,0.359665,0.466454,0.109198,0.017898,0.000395,,824800,,
2,3,,0.024674,0.043367,0.195352,0.400366,0.246988,0.086963,0.00229,,826900,,
2,3,,0.023711,0.046992,0.243627,0.447495,0.192981,0.044291,0.000904,,839600,,
2,3,,0.004914,0.036361,0.306059,0.448797,0.166506,0.036362,0.001,,820500,,
2,2,,0.005254,0.041745,0.451388,0.42434,0.067834,0.009272,0.000167,,826400,,
2,2,,0.005052,0.043207,0.438203,0.389792,0.103253,0.020199,0.000294,,820400,,
2,2,,0.004627,0.042259,0.461109,0.39104,0.090404,0.010312,0.000249,,821200,,
2,2,,0.005366,0.061564,0.451753,0.403381,0.068532,0.009256,0.000148,,822100,,
2,2,,0.005254,0.041745,0.448055,0.428784,0.066723,0.009272,0.000167,,823700,,
2,2,,0.004962,0.037268,0.414513,0.412028,0.095785,0.03523,0.000212,,825100,,
2,3,,0.004813,0.04014,0.407739,0.449213,0.083115,0.01452,0.000461,,822600,,
2,2,,0.004835,0.040734,0.462139,0.411457,0.070322,0.010302,0.000212,,819700,,
2,3,,0.004905,0.041289,0.427857,0.431901,0.085177,0.008703,0.000167,,840100,,
2,2,,0.005184,0.061189,0.44567,0.403895,0.072979,0.01087,0.000212,,822700,,
2,3,,0.003548,0.033346,0.251141,0.446474,0.219343,0.045413,0.000735,,826600,,
2,2,,0.007094,0.046821,0.442715,0.393003,0.093332,0.016481,0.000554,,823200,,
2,3,,0.00487,0.035617,0.382611,0.460527,0.105458,0.010767,0.00015,,822800,,
2,2,,0.005399,0.079987,0.442761,0.390202,0.072026,0.009495,0.000131,,818400,,
2,3,,0.026635,0.030536,0.328766,0.433916,0.153003,0.026067,0.001077,,818800,,
2,3,,0.005534,0.040316,0.367718,0.422565,0.134667,0.02847,0.00073,,816100,,
2,3,,0.003436,0.025712,0.233815,0.517064,0.182934,0.036155,0.000882,,815800,,
2,3,,0.003682,0.025384,0.322076,0.491284,0.141527,0.015834,0.000213,,820000,,
2,2,,0.004848,0.045544,0.434728,0.400805,0.096117,0.01764,0.000319,,815100,,
2,2,,0.005607,0.065597,0.457947,0.378951,0.077717,0.013991,0.00019,,815800,,
2,2,,0.004939,0.039712,0.462198,0.394278,0.089781,0.008942,0.00015,,816500,,
2,3,,0.004866,0.042548,0.429141,0.450953,0.06362,0.008704,0.000167,,827300,,
2,2,,0.004908,0.060144,0.433171,0.407348,0.081212,0.012922,0.000296,,821700,,
2,3,,0.003849,0.04612,0.237335,0.475214,0.193281,0.043169,0.001031,,818700,,
2,2,,0.004813,0.04014,0.431072,0.424768,0.084226,0.01452,0.000461,,819900,,
2,2,,0.005366,0.081564,0.451753,0.383381,0.068532,0.009256,0.000148,,822100,,
2,3,,0.003409,0.033005,0.318509,0.492037,0.132196,0.020483,0.000361,,836900,,
2,2,,0.00516,0.063767,0.45925,0.387126,0.072927,0.01168,0.000089,,823200,,
2,3,,0.004922,0.037021,0.29601,0.42587,0.195896,0.039483,0.000799,,816900,,
2,3,,0.003593,0.066962,0.220554,0.480529,0.187241,0.040338,0.000783,,821100,,
2,2,,0.004481,0.039005,0.420671,0.411246,0.10391,0.019721,0.000966,,816500,,
2,2,,0.004905,0.041289,0.47119,0.407457,0.066288,0.008703,0.000167,,825500,,
2,2,,0.004905,0.041289,0.45119,0.427457,0.066288,0.008703,0.000167,,822000,,
2,2,,0.005053,0.058386,0.424543,0.41321,0.085404,0.013145,0.000259,,826100,,
2,3,,0.009514,0.051526,0.35511,0.432191,0.125126,0.026,0.000533,,814400,,
2,2,,0.004905,0.041289,0.45119,0.407457,0.086288,0.008703,0.000167,,815400,,
2,3,,0.004905,0.041289,0.427857,0.451901,0.065177,0.008703,0.000167,,816300,,
2,3,,0.004738,0.044391,0.415585,0.416651,0.098294,0.020005,0.000334,,828100,,
2,2,,0.005151,0.061057,0.425064,0.413293,0.08178,0.013224,0.000432,,826700,,
2,3,,0.005099,0.04145,0.384907,0.437193,0.109715,0.021345,0.000292,,819800,,
2,3,,0.006576,0.093779,0.299784,0.427336,0.144091,0.027646,0.000788,,822800,,
2,2,,0.004905,0.041289,0.47119,0.407457,0.066288,0.008703,0.000167,,826100,,
2,2,,0.004835,0.040734,0.445473,0.427012,0.071433,0.010302,0.000212,,816500,,
2,3,,0.004733,0.064956,0.360178,0.459551,0.09511,0.015379,0.000092,,816800,,
2,2,,0.005773,0.04681,0.440492,0.422403,0.072394,0.011719,0.000408,,834400,,
2,2,,0.004762,0.058478,0.430418,0.371583,0.111322,0.023078,0.00036,,816500,,
2,2,,0.006208,0.051168,0.446768,0.398221,0.081097,0.015802,0.000736,,815500,,
2,3,,0.005254,0.041745,0.428055,0.448784,0.066723,0.009272,0.000167,,819200,,
2,3,,0.004424,0.063131,0.326426,0.455051,0.131189,0.019539,0.00024,,819700,,
2,3,,0.023258,0.063835,0.231937,0.43049,0.202611,0.046749,0.001121,,816600,,
2,2,,0.005127,0.065344,0.468242,0.380304,0.069434,0.011442,0.000107,,816200,,
2,2,,0.004845,0.070195,0.416112,0.385828,0.105389,0.017283,0.000348,,814900,,
2,3,,0.005527,0.041561,0.394268,0.438554,0.099894,0.019321,0.000874,,816500,,
2,3,,0.004891,0.053442,0.368683,0.467837,0.093472,0.011564,0.000112,,814800,,
2,2,,0.004909,0.044261,0.464221,0.411679,0.06617,0.008593,0.000167,,815900,,
2,2,,0.004835,0.040734,0.445473,0.427012,0.071433,0.010302,0.000212,,816100,,
2,2,,0.004776,0.044249,0.437752,0.402215,0.091218,0.01907,0.00072,,833700,,
2,3,,0.004908,0.040144,0.429837,0.431793,0.080101,0.012922,0.000296,,817600,,
2,2,,0.004889,0.048023,0.449895,0.415909,0.070391,0.010484,0.000409,,826100,,
2,3,,0.005375,0.046003,0.413953,0.440145,0.080615,0.013477,0.000432,,830800,,
2,3,,0.005546,0.042321,0.419359,0.430094,0.087043,0.015387,0.000251,,822200,,
2,2,,0.004905,0.061289,0.45119,0.407457,0.066288,0.008703,0.000167,,815400,,
2,3,,0.004866,0.042548,0.429141,0.450953,0.06362,0.008704,0.000167,,814200,,
2,2,,0.025288,0.040168,0.459063,0.395606,0.070217,0.00951,0.00015,,833900,,
2,2,,0.004905,0.041289,0.45119,0.427457,0.066288,0.008703,0.000167,,815800,,
2,3,,0.024794,0.057211,0.346817,0.380884,0.153097,0.035288,0.001909,,817800,,
2,2,,0.005319,0.042806,0.41461,0.403611,0.109435,0.023409,0.000809,,814600,,
2,2,,0.005453,0.05219,0.409058,0.405066,0.107573,0.020388,0.000273,,816700,,
2,2,,0.005366,0.081564,0.451753,0.383381,0.068532,0.009256,0.000148,,816400,,
2,3,,0.004643,0.053649,0.199385,0.423705,0.247269,0.069912,0.001437,,819700,,
2,3,,0.004643,0.093871,0.352532,0.407194,0.121255,0.020109,0.000397,,814600,,
2,2,,0.02549,0.076043,0.405852,0.393087,0.083679,0.01568,0.000169,,815900,,
2,3,,0.025307,0.042582,0.367512,0.430421,0.111396,0.022488,0.000294,,816200,,
2,3,,0.005314,0.059884,0.370953,0.414468,0.124059,0.024921,0.000401,,814900,,
2,2,,0.004813,0.04014,0.431072,0.424768,0.084226,0.01452,0.000461,,813200,,
2,2,,0.004905,0.061289,0.47119,0.387457,0.066288,0.008703,0.000167,,815900,,
2,3,,0.004905,0.041289,0.427857,0.451901,0.065177,0.008703,0.000167,,816300,,
2,3,,0.005086,0.051175,0.39282,0.42595,0.105746,0.018968,0.000256,,816000,,
2,2,,0.005402,0.058841,0.421408,0.414538,0.085839,0.013713,0.000259,,815300,,
2,3,,0.009859,0.04121,0.252794,0.426501,0.213594,0.053777,0.002265,,817500,,
2,3,,0.004522,0.052327,0.391335,0.391917,0.139545,0.019975,0.000379,,815200,,
2,2,,0.005238,0.04833,0.456284,0.402821,0.073517,0.013401,0.000409,,834300,,
2,2,,0.005254,0.056123,0.419775,0.405839,0.09648,0.016269,0.000259,,815100,,
2,3,,0.00407,0.023872,0.321438,0.487201,0.145804,0.017242,0.000373,,817200,,
2,2,,0.004905,0.041289,0.447857,0.431901,0.065177,0.008703,0.000167,,816500,,
2,2,,0.024682,0.048542,0.408732,0.404735,0.094677,0.018138,0.000494,,816800,,
2,3,,0.024912,0.06835,0.366971,0.410845,0.108966,0.019716,0.000238,,815600,,
2,2,,0.005016,0.061109,0.451555,0.386497,0.086986,0.008688,0.000148,,815200,,
2,2,,0.00493,0.057174,0.478369,0.37997,0.06736,0.012009,0.000189,,816800,,
2,2,,0.004918,0.080878,0.446104,0.390107,0.068636,0.009048,0.000308,,817500,,
2,2,,0.004905,0.041289,0.447857,0.431901,0.065177,0.008703,0.000167,,817800,,
2,3,,0.003866,0.028544,0.276822,0.498738,0.157664,0.03345,0.000915,,818600,,
2,3,,0.005242,0.040215,0.40895,0.448568,0.084451,0.012244,0.00033,,814800,,
2,3,,0.003352,0.03616,0.243905,0.433963,0.227441,0.053428,0.001751,,816400,,
2,2,,0.005037,0.051513,0.486267,0.388763,0.060122,0.008191,0.000107,,815600,,
2,2,,0.00519,0.05165,0.470113,0.389997,0.071322,0.01164,0.000088,,814600,,
2,3,,0.004972,0.041153,0.41826,0.420231,0.097069,0.01798,0.000334,,827600,,
2,2,,0.024906,0.035948,0.428369,0.410082,0.087666,0.01275,0.000278,,817400,,
2,2,,0.005254,0.061745,0.451388,0.40434,0.067834,0.009272,0.000167,,814800,,
2,2,,0.006208,0.051168,0.446768,0.398221,0.081097,0.015802,0.000736,,852600,,
2,2,,0.005126,0.080837,0.465836,0.365321,0.072008,0.010563,0.000308,,825400,,
2,3,,0.00467,0.045059,0.427332,0.4424,0.070009,0.01012,0.000409,,814000,,
2,3,,0.004866,0.042548,0.429141,0.430953,0.08362,0.008704,0.000167,,814300,,
2,3,,0.024616,0.035111,0.308972,0.408131,0.185639,0.036214,0.001316,,815500,,
2,3,,0.005038,0.036437,0.414553,0.445353,0.085632,0.012595,0.000392,,815000,,
2,2,,0.005366,0.081564,0.451753,0.383381,0.068532,0.009256,0.000148,,815200,,
2,2,,0.005472,0.047213,0.419889,0.389323,0.11869,0.018792,0.000621,,815000,,
2,2,,0.006037,0.05146,0.475425,0.397658,0.061122,0.008191,0.000107,,816800,,
2,3,,0.010218,0.069154,0.294034,0.442735,0.148215,0.034179,0.001465,,817600,,
2,2,,0.005128,0.040778,0.453101,0.396905,0.093596,0.010342,0.00015,,825300,,
2,2,,0.004946,0.060553,0.445838,0.406053,0.072131,0.010286,0.000193,,821200,,
2,2,,0.00578,0.04998,0.45265,0.411045,0.068689,0.011608,0.000249,,818300,,
2,2,,0.004493,0.042398,0.441324,0.427942,0.072384,0.011194,0.000264,,823200,,
2,2,,0.005455,0.044929,0.436965,0.429918,0.071067,0.011337,0.000327,,814400,,
2,2,,0.005074,0.044573,0.474813,0.392608,0.071059,0.011766,0.000107,,817300,,
2,3,,0.004905,0.041289,0.427857,0.451901,0.065177,0.008703,0.000167,,821900,,
2,3,,0.005258,0.043288,0.428387,0.447451,0.066288,0.009161,0.000167,,815700,,
2,3,,0.006139,0.071911,0.379473,0.415695,0.107649,0.018877,0.000257,,817200,,
2,2,,0.025094,0.051404,0.459425,0.379162,0.07301,0.011579,0.000328,,831200,,
2,2,,0.004905,0.041289,0.45119,0.427457,0.066288,0.008703,0.000167,,816900,,
2,3,,0.005254,0.041745,0.428055,0.448784,0.066723,0.009272,0.000167,,818500,,
2,3,,0.005853,0.04327,0.374795,0.401057,0.142321,0.031813,0.000891,,815300,,
2,3,,0.00486,0.044845,0.390332,0.41828,0.115893,0.025318,0.000471,,817400,,
2,2,,0.02513,0.056736,0.436359,0.384603,0.084885,0.011976,0.000311,,815900,,
2,2,,0.005368,0.060418,0.453733,0.383272,0.083457,0.013475,0.000277,,817400,,
2,2,,0.02505,0.039532,0.45923,0.397763,0.069368,0.008926,0.000131,,815100,,
2,3,,0.005254,0.041745,0.428055,0.448784,0.066723,0.009272,0.000167,,814900,,
2,2,,0.005025,0.044583,0.475769,0.40178,0.063635,0.009102,0.000107,,815400,,
2,2,,0.005481,0.044726,0.400725,0.399494,0.108181,0.041137,0.000255,,814300,,
2,3,,0.006173,0.040976,0.409028,0.421132,0.099893,0.021626,0.001172,,819000,,
2,3,,0.005918,0.075781,0.40875,0.409018,0.086426,0.013954,0.000152,,814900,,
2,2,,0.005232,0.060714,0.437818,0.404125,0.079373,0.012443,0.000296,,815800,,
2,3,,0.005261,0.039648,0.318308,0.462189,0.14432,0.029525,0.000749,,815200,,
2,3,,0.004905,0.041289,0.427857,0.451901,0.065177,0.008703,0.000167,,815700,,
2,3,,0.005534,0.040316,0.387718,0.402565,0.134667,0.02847,0.00073,,814900,,
2,2,,0.005254,0.041745,0.451388,0.42434,0.067834,0.009272,0.000167,,824600,,
2,3,,0.023652,0.027607,0.296141,0.432542,0.177442,0.041695,0.00092,,831800,,
2,3,,0.004989,0.040315,0.335853,0.421052,0.163141,0.03377,0.000879,,816300,,
2,2,,0.005288,0.040168,0.462396,0.391161,0.091328,0.00951,0.00015,,816400,,
2,3,,0.005032,0.039386,0.41474,0.426841,0.097068,0.016488,0.000445,,815600,,
2,3,,0.004602,0.055133,0.335895,0.473528,0.113063,0.017561,0.000218,,814800,,
2,2,,0.044881,0.050945,0.426035,0.379022,0.082439,0.016568,0.00011,,818400,,
2,3,,0.005237,0.062151,0.395644,0.411435,0.105125,0.020133,0.000274,,816000,,
2,2,,0.005254,0.041745,0.471388,0.38434,0.087834,0.009272,0.000167,,817600,,
2,2,,0.004846,0.038563,0.44208,0.41159,0.08772,0.014758,0.000443,,816200,,
2,2,,0.005865,0.055411,0.432184,0.399594,0.087228,0.019371,0.000348,,816500,,
2,3,,0.023598,0.024296,0.247227,0.41315,0.232587,0.056881,0.002262,,820700,,
2,2,,0.004813,0.04014,0.431072,0.424768,0.084226,0.01452,0.000461,,818100,,
2,2,,0.005366,0.061564,0.451753,0.403381,0.068532,0.009256,0.000148,,814800,,
2,2,,0.00537,0.064536,0.444783,0.407602,0.068415,0.009146,0.000148,,817600,,
2,2,,0.004905,0.041289,0.45119,0.427457,0.066288,0.008703,0.000167,,813600,,
2,2,,0.006985,0.042416,0.422692,0.387882,0.118385,0.020548,0.001092,,821800,,
2,3,,0.005955,0.050992,0.406686,0.433389,0.086667,0.016058,0.000252,,813200,,
2,2,,0.006059,0.052605,0.467289,0.388095,0.070643,0.014699,0.000608,,815900,,
2,3,,0.024875,0.046836,0.395249,0.426425,0.090661,0.01564,0.000315,,822900,,
2,2,,0.004939,0.039712,0.462198,0.414278,0.069781,0.008942,0.00015,,831300,,
2,2,,0.006147,0.052174,0.457866,0.395582,0.074251,0.013472,0.000508,,823100,,
2,2,,0.006147,0.047949,0.453486,0.406419,0.072267,0.013382,0.000349,,820700,,
2,3,,0.003202,0.040175,0.151,0.493488,0.248538,0.061813,0.001784,,821400,,
2,3,,0.005277,0.037434,0.42547,0.442736,0.078784,0.010148,0.00015,,815600,,
2,2,,0.005288,0.040168,0.462396,0.391161,0.091328,0.00951,0.00015,,823800,,
2,3,,0.024966,0.038766,0.321139,0.400954,0.158101,0.055191,0.000881,,828600,,
2,2,,0.004946,0.060553,0.445838,0.406053,0.072131,0.010286,0.000193,,813900,,
2,2,,0.005254,0.061745,0.451388,0.40434,0.067834,0.009272,0.000167,,813400,,
2,3,,0.004995,0.042027,0.431278,0.436839,0.073326,0.011368,0.000167,,815800,,
2,3,,0.004813,0.04014,0.427739,0.429213,0.083115,0.01452,0.000461,,818400,,
2,2,,0.005254,0.041745,0.468055,0.408784,0.066723,0.009272,0.000167,,820800,,
2,2,,0.005366,0.081564,0.471753,0.363381,0.068532,0.009256,0.000148,,816200,,
2,2,,0.004866,0.062548,0.452475,0.406509,0.064731,0.008704,0.000167,,815200,,
2,3,,0.006806,0.045423,0.432405,0.435913,0.06929,0.010014,0.000148,,816000,,
2,2,,0.004905,0.061289,0.45119,0.407457,0.066288,0.008703,0.000167,,815600,,
2,2,,0.0049,0.044664,0.43308,0.395997,0.105439,0.01573,0.00019,,823600,,
2,2,,0.004905,0.041289,0.47119,0.407457,0.066288,0.008703,0.000167,,819300,,
2,3,,0.005253,0.038014,0.34524,0.483616,0.110555,0.017025,0.000296,,840500,,
2,2,,0.006048,0.044211,0.400709,0.396789,0.125206,0.026391,0.000646,,837000,,
2,3,,0.004234,0.028269,0.227296,0.477455,0.2218,0.039648,0.001298,,826900,,
2,3,,0.003306,0.034816,0.338626,0.487171,0.117934,0.017934,0.000213,,821300,,
2,2,,0.006614,0.050107,0.438881,0.393831,0.091796,0.018108,0.000663,,820100,,
2,2,,0.005366,0.081564,0.451753,0.383381,0.068532,0.009256,0.000148,,822300,,
2,2,,0.004905,0.041289,0.45119,0.427457,0.066288,0.008703,0.000167,,820000,,
2,3,,0.006387,0.04981,0.386536,0.43424,0.104695,0.018077,0.000255,,822200,,
2,2,,0.004909,0.042832,0.451523,0.406123,0.085853,0.008593,0.000167,,828100,,
2,2,,0.024906,0.035948,0.428369,0.410082,0.087666,0.01275,0.000278,,824000,,
2,3,,0.005952,0.079862,0.312275,0.420668,0.146689,0.033743,0.000811,,823900,,
2,2,,0.005015,0.040747,0.434262,0.428395,0.079453,0.011719,0.000409,,821100,,
2,2,,0.005254,0.041745,0.451388,0.42434,0.067834,0.009272,0.000167,,823100,,
2,3,,0.008513,0.031653,0.187747,0.41168,0.295061,0.062438,0.002908,,823300,,
2,2,,0.004908,0.060144,0.453171,0.387348,0.081212,0.012922,0.000296,,819500,,
2,2,,0.02505,0.039532,0.45923,0.397763,0.069368,0.008926,0.000131,,820600,,
2,3,,0.006039,0.048378,0.344137,0.427988,0.140887,0.031924,0.000648,,823600,,
2,3,,0.006297,0.094145,0.351424,0.389194,0.129797,0.028192,0.000951,,824700,,
2,3,,0.004137,0.03022,0.333354,0.487255,0.126277,0.018398,0.000357,,843000,,
2,2,,0.004939,0.039712,0.462198,0.414278,0.069781,0.008942,0.00015,,821500,,
2,2,,0.005366,0.081564,0.451753,0.383381,0.068532,0.009256,0.000148,,827300,,
2,3,,0.004866,0.036205,0.382351,0.478358,0.087079,0.011009,0.000131,,822500,,
2,2,,0.004905,0.041289,0.45119,0.427457,0.066288,0.008703,0.000167,,820100,,
2,2,,0.004905,0.041289,0.47119,0.387457,0.086288,0.008703,0.000167,,821300,,
2,3,,0.008352,0.063399,0.278237,0.416377,0.194184,0.038754,0.000699,,820700,,
2,3,,0.00501,0.036138,0.404993,0.422898,0.115832,0.014608,0.00052,,823300,,
2,3,,0.004982,0.035816,0.336887,0.416999,0.169829,0.033868,0.001618,,823400,,
2,2,,0.004905,0.041289,0.47119,0.407457,0.066288,0.008703,0.000167,,822400,,
2,3,,0.00491,0.044907,0.395833,0.412284,0.117658,0.02387,0.000538,,820800,,
2,2,,0.004846,0.038563,0.44208,0.41159,0.08772,0.014758,0.000443,,821400,,
2,2,,0.006855,0.049605,0.410781,0.391464,0.117146,0.023024,0.001124,,821500,,
2,2,,0.025254,0.041745,0.468055,0.388784,0.066723,0.009272,0.000167,,820800,,
2,3,,0.006198,0.048884,0.423682,0.438971,0.070138,0.011798,0.000329,,822600,,
2,2,,0.005052,0.043158,0.417756,0.410586,0.102951,0.020205,0.000292,,822600,,
2,3,,0.004558,0.038746,0.385945,0.434905,0.114802,0.02059,0.000454,,822100,,
2,3,,0.004757,0.040591,0.427635,0.444879,0.071277,0.010532,0.000329,,822700,,
2,2,,0.004892,0.052165,0.470384,0.383371,0.07514,0.013859,0.000189,,838000,,
2,3,,0.043237,0.023892,0.215058,0.46732,0.202142,0.047133,0.001218,,821900,,
2,2,,0.024613,0.058004,0.433511,0.37355,0.093331,0.016715,0.000277,,818300,,
2,2,,0.004845,0.070195,0.416112,0.385828,0.105389,0.017283,0.000348,,827000,,
2,2,,0.004995,0.041227,0.435703,0.428604,0.078008,0.011115,0.000348,,828200,,
2,2,,0.00533,0.059254,0.43621,0.415375,0.073954,0.009727,0.00015,,821800,,
2,3,,0.005908,0.054996,0.391752,0.417824,0.108856,0.020328,0.000336,,822600,,
2,2,,0.004909,0.042832,0.471523,0.406123,0.065853,0.008593,0.000167,,820900,,
2,2,,0.005417,0.059603,0.428032,0.411834,0.080203,0.014722,0.000188,,819100,,
2,2,,0.004905,0.041289,0.47119,0.407457,0.066288,0.008703,0.000167,,819700,,
2,2,,0.005254,0.041745,0.451388,0.42434,0.067834,0.009272,0.000167,,819900,,
2,2,,0.005254,0.061745,0.451388,0.40434,0.067834,0.009272,0.000167,,819900,,
2,2,,0.004723,0.069668,0.436423,0.408825,0.06969,0.010502,0.000169,,820700,,
2,2,,0.005366,0.041564,0.44842,0.427825,0.067421,0.009256,0.000148,,819300,,
2,2,,0.006147,0.047949,0.453486,0.406419,0.072267,0.013382,0.000349,,820700,,
2,3,,0.003938,0.023384,0.318587,0.487486,0.128949,0.037397,0.00026,,824600,,
2,2,,0.024837,0.045259,0.411832,0.408405,0.092376,0.017015,0.000275,,819900,,
2,3,,0.004846,0.038563,0.42208,0.43159,0.08772,0.014758,0.000443,,822400,,
2,3,,0.004916,0.038681,0.428628,0.434064,0.08132,0.012113,0.000278,,836000,,
2,3,,0.004581,0.035053,0.302287,0.500425,0.132255,0.024791,0.000608,,823700,,
2,2,,0.004905,0.061289,0.47119,0.387457,0.066288,0.008703,0.000167,,815300,,
2,2,,0.005288,0.040168,0.462396,0.391161,0.091328,0.00951,0.00015,,815000,,
2,3,,0.005979,0.046404,0.399216,0.436558,0.093495,0.01772,0.000628,,816700,,
2,2,,0.007037,0.049592,0.451458,0.373518,0.097666,0.020089,0.00064,,828700,,
2,3,,0.02407,0.022054,0.328328,0.467584,0.14035,0.017242,0.000373,,818400,,
2,2,,0.004835,0.040734,0.445473,0.427012,0.071433,0.010302,0.000212,,819300,,
2,2,,0.004607,0.042591,0.444456,0.426991,0.070539,0.010628,0.000188,,815400,,
2,2,,0.005128,0.040778,0.453101,0.396905,0.093596,0.010342,0.00015,,818000,,
2,2,,0.004905,0.041289,0.47119,0.407457,0.066288,0.008703,0.000167,,815000,,
2,2,,0.004939,0.039712,0.438865,0.418723,0.08867,0.008942,0.00015,,814200,,
2,3,,0.009645,0.047229,0.342802,0.41271,0.151171,0.035088,0.001355,,814900,,
2,2,,0.004905,0.041289,0.45119,0.407457,0.086288,0.008703,0.000167,,812900,,
2,3,,0.008513,0.031653,0.187747,0.41168,0.295061,0.062438,0.002908,,819100,,
2,2,,0.004905,0.041289,0.45119,0.427457,0.066288,0.008703,0.000167,,819600,,
2,2,,0.005067,0.050456,0.451174,0.413249,0.068734,0.01107,0.000249,,815500,,
2,3,,0.004905,0.041289,0.427857,0.451901,0.065177,0.008703,0.000167,,814300,,
2,3,,0.005415,0.03823,0.403204,0.428778,0.10503,0.018769,0.000574,,830900,,
2,2,,0.004222,0.070206,0.417902,0.395147,0.096861,0.015397,0.000264,,814100,,
2,2,,0.005366,0.081564,0.451753,0.383381,0.068532,0.009256,0.000148,,826700,,
2,2,,0.005085,0.059249,0.423474,0.402658,0.091489,0.017795,0.000251,,820700,,
2,2,,0.005254,0.041745,0.448055,0.428784,0.066723,0.009272,0.000167,,821500,,
2,2,,0.00487,0.04552,0.465505,0.410731,0.064614,0.008593,0.000167,,821700,,
2,2,,0.02477,0.049153,0.433039,0.402757,0.076395,0.013336,0.00055,,820300,,
2,2,,0.004973,0.050329,0.467987,0.368838,0.091858,0.015546,0.00047,,829400,,
2,2,,0.005232,0.060714,0.437818,0.404125,0.079373,0.012443,0.000296,,822500,,
2,3,,0.004863,0.030364,0.315483,0.459481,0.1455,0.043736,0.000573,,822800,,
2,3,,0.006,0.051779,0.237272,0.462225,0.197997,0.043258,0.001469,,820600,,
2,2,,0.006215,0.056425,0.418094,0.403498,0.095246,0.020189,0.000334,,822100,,
2,3,,0.009109,0.038139,0.312277,0.399432,0.192238,0.046652,0.002153,,820700,,
2,3,,0.025238,0.054881,0.387848,0.411489,0.100235,0.019972,0.000338,,821800,,
2,3,,0.006127,0.038513,0.389787,0.41311,0.108303,0.043071,0.001089,,822000,,
2,2,,0.005254,0.041745,0.468055,0.408784,0.066723,0.009272,0.000167,,822400,,
2,2,,0.005016,0.061109,0.451555,0.406497,0.066986,0.008688,0.000148,,823400,,
2,2,,0.004866,0.042548,0.449141,0.430953,0.06362,0.008704,0.000167,,815700,,
2,2,,0.004835,0.040734,0.445473,0.427012,0.071433,0.010302,0.000212,,825900,,
2,3,,0.005281,0.046454,0.34347,0.486452,0.101855,0.016336,0.000152,,837000,,
2,2,,0.004835,0.040734,0.462139,0.411457,0.070322,0.010302,0.000212,,819500,,
2,2,,0.004767,0.040017,0.432176,0.407432,0.096757,0.018259,0.000592,,819700,,
3,3,,0.005967,0.035759,0.324129,0.439656,0.15276,0.039269,0.00246,,820400,,
3,3,,0.005328,0.046019,0.322614,0.386213,0.197831,0.040579,0.001418,,820300,,
3,3,,0.0254,0.04754,0.28973,0.416447,0.181469,0.038473,0.000939,,821200,,
3,2,,0.004905,0.041289,0.47119,0.407457,0.066288,0.008703,0.000167,,822800,,
3,2,,0.004905,0.041289,0.467857,0.411901,0.065177,0.008703,0.000167,,821600,,
3,2,,0.004866,0.042548,0.452475,0.426509,0.064731,0.008704,0.000167,,816300,,
3,2,,0.005333,0.058109,0.418191,0.415266,0.088878,0.013946,0.000278,,824200,,
3,3,,0.003305,0.029894,0.348348,0.488948,0.112191,0.017102,0.000212,,825300,,
3,3,,0.004765,0.034036,0.278311,0.460134,0.179486,0.040947,0.002321,,820600,,
3,3,,0.004856,0.035231,0.335596,0.449615,0.144108,0.029631,0.000962,,820800,,
3,3,,0.004866,0.042548,0.429141,0.450953,0.06362,0.008704,0.000167,,820500,,
3,3,,0.024334,0.038343,0.390322,0.411362,0.113181,0.022105,0.000354,,818200,,
3,3,,0.024793,0.024722,0.334492,0.4655,0.129571,0.020726,0.000196,,820100,,
3,3,,0.004905,0.041289,0.427857,0.451901,0.065177,0.008703,0.000167,,819100,,
3,2,,0.005288,0.040168,0.442396,0.431161,0.071328,0.00951,0.00015,,816100,,
3,3,,0.005506,0.040319,0.346978,0.407893,0.166148,0.032034,0.001121,,843600,,
3,2,,0.004909,0.044261,0.444221,0.411679,0.08617,0.008593,0.000167,,823600,,
3,2,,0.005161,0.040089,0.456928,0.414122,0.073144,0.010405,0.00015,,817900,,
3,2,,0.0052,0.061307,0.392488,0.386211,0.127151,0.027015,0.000628,,820000,,
3,3,,0.00484,0.02394,0.201028,0.465667,0.233814,0.069189,0.001524,,821700,,
3,3,,0.005889,0.044778,0.409707,0.422138,0.096684,0.019865,0.000939,,822400,,
3,3,,0.005951,0.062183,0.414861,0.41739,0.086203,0.013198,0.000214,,816400,,
3,3,,0.005026,0.057708,0.280299,0.45857,0.166508,0.030974,0.000915,,814200,,
3,3,,0.024407,0.056103,0.274858,0.405926,0.192395,0.045296,0.001015,,815000,,
3,2,,0.004728,0.061276,0.41346,0.406484,0.095201,0.01826,0.000592,,836300,,
3,3,,0.026462,0.043063,0.389045,0.391486,0.122784,0.025729,0.001431,,823900,,
3,3,,0.009993,0.046545,0.288232,0.427185,0.185382,0.04149,0.001174,,824100,,
3,2,,0.006302,0.051656,0.456018,0.378912,0.087846,0.018674,0.000591,,819300,,
3,3,,0.005285,0.060344,0.376776,0.408032,0.125665,0.02352,0.000378,,821200,,
3,3,,0.005012,0.042354,0.382792,0.409927,0.131529,0.027927,0.00046,,820800,,
3,2,,0.00491,0.053764,0.486049,0.386341,0.061203,0.007626,0.000107,,820400,,
3,3,,0.009094,0.059147,0.175324,0.496563,0.211716,0.04739,0.000768,,819200,,
3,3,,0.003667,0.034739,0.258003,0.500005,0.171542,0.031293,0.000752,,817800,,
3,3,,0.006205,0.049872,0.307805,0.399422,0.191904,0.04244,0.002353,,830600,,
3,3,,0.004293,0.044276,0.299062,0.489687,0.142319,0.019922,0.000441,,816600,,
3,2,,0.004905,0.041289,0.447857,0.431901,0.065177,0.008703,0.000167,,826200,,
3,3,,0.004366,0.028526,0.278097,0.417705,0.215696,0.054143,0.001467,,828800,,
3,3,,0.00393,0.026737,0.183394,0.50852,0.231413,0.044957,0.001049,,822700,,
3,2,,0.004928,0.036979,0.445272,0.425853,0.077238,0.009579,0.00015,,819500,,
3,3,,0.004646,0.04092,0.405364,0.450096,0.088999,0.009627,0.000348,,821600,,
3,3,,0.005074,0.034095,0.278518,0.433031,0.203725,0.044688,0.000868,,818800,,
3,3,,0.004597,0.037036,0.349168,0.401165,0.164595,0.040709,0.00273,,821700,,
3,2,,0.004905,0.041289,0.47119,0.407457,0.066288,0.008703,0.000167,,814200,,
3,3,,0.004851,0.039301,0.355317,0.41389,0.148084,0.036118,0.002439,,830700,,
3,2,,0.025254,0.041745,0.471388,0.36434,0.087834,0.009272,0.000167,,821600,,
3,3,,0.005391,0.034383,0.339623,0.481278,0.119224,0.019496,0.000605,,821700,,
3,3,,0.024576,0.054497,0.348609,0.382485,0.138999,0.050254,0.000581,,821800,,
3,2,,0.005023,0.069551,0.399776,0.396507,0.107355,0.021315,0.000474,,819300,,
3,3,,0.004877,0.03994,0.429912,0.433116,0.079764,0.012113,0.000278,,821700,,
3,2,,0.005399,0.059987,0.442761,0.410202,0.072026,0.009495,0.000131,,820600,,
3,2,,0.005258,0.043288,0.448387,0.427451,0.066288,0.009161,0.000167,,827100,,
3,3,,0.004813,0.04014,0.407739,0.449213,0.083115,0.01452,0.000461,,830300,,
3,3,,0.004928,0.036979,0.425272,0.445853,0.077238,0.009579,0.00015,,825200,,
3,2,,0.004813,0.04014,0.451072,0.404768,0.084226,0.01452,0.000461,,821700,,
3,2,,0.004819,0.038144,0.434373,0.424352,0.083924,0.013858,0.000528,,827300,,
3,3,,0.005238,0.038105,0.416092,0.432686,0.091892,0.015543,0.000443,,821200,,
3,3,,0.005265,0.039137,0.428826,0.430947,0.082866,0.012681,0.000278,,820100,,
3,2,,0.005392,0.048773,0.415634,0.391541,0.113691,0.024078,0.000891,,819100,,
3,3,,0.009622,0.034182,0.175966,0.416171,0.293626,0.067694,0.00274,,821600,,
3,3,,0.004319,0.034463,0.298156,0.486218,0.146663,0.029177,0.001004,,820000,,
3,3,,0.004267,0.025018,0.351746,0.493385,0.110876,0.014577,0.000131,,822700,,
3,3,,0.003702,0.027282,0.319963,0.501079,0.12776,0.019998,0.000216,,825900,,
3,3,,0.026318,0.055704,0.339768,0.39957,0.148253,0.029363,0.001024,,821800,,
3,3,,0.005207,0.056879,0.419753,0.422291,0.083929,0.011746,0.000195,,817700,,
3,3,,0.00489,0.035292,0.383703,0.43957,0.114483,0.02123,0.000833,,824500,,
3,2,,0.024624,0.039889,0.422905,0.41877,0.080538,0.012798,0.000476,,815500,,
3,3,,0.004817,0.02698,0.247823,0.498571,0.185518,0.035448,0.000843,,814900,,
3,3,,0.005024,0.040533,0.324776,0.451871,0.151009,0.026387,0.0004,,822200,,
3,3,,0.005331,0.055891,0.406507,0.432007,0.088814,0.01132,0.000131,,827600,,
3,3,,0.003214,0.022589,0.192327,0.50185,0.229746,0.048627,0.001647,,821100,,
3,2,,0.00504,0.076799,0.425637,0.404893,0.077936,0.009564,0.000131,,842700,,
3,3,,0.008416,0.030398,0.217703,0.445117,0.220656,0.076274,0.001437,,825100,,
3,3,,0.004616,0.035661,0.393934,0.423146,0.121331,0.020895,0.000416,,815700,,
3,2,,0.004722,0.044746,0.441816,0.407343,0.084927,0.015879,0.000568,,816200,,
3,3,,0.004669,0.036609,0.399446,0.468492,0.07995,0.010503,0.00033,,814300,,
3,3,,0.004455,0.022048,0.243543,0.412403,0.231908,0.082634,0.003009,,826100,,
3,2,,0.005399,0.057336,0.450972,0.379826,0.087197,0.018894,0.000376,,826400,,
3,2,,0.005094,0.042356,0.43876,0.434528,0.068991,0.010103,0.000167,,821700,,
3,3,,0.004596,0.03437,0.291457,0.420792,0.198962,0.047997,0.001825,,827000,,
3,3,,0.004545,0.03727,0.377554,0.428426,0.125204,0.026125,0.000876,,815600,,
3,3,,0.004154,0.050547,0.403573,0.41286,0.106398,0.022089,0.000379,,815200,,
3,3,,0.006946,0.034671,0.249744,0.462225,0.198311,0.046876,0.001226,,842300,,
3,2,,0.005254,0.041745,0.451388,0.42434,0.067834,0.009272,0.000167,,822500,,
3,2,,0.005258,0.043288,0.448387,0.427451,0.066288,0.009161,0.000167,,821800,,
3,3,,0.005018,0.037717,0.408693,0.45079,0.085387,0.012244,0.00015,,821200,,
3,3,,0.004871,0.041051,0.306222,0.491867,0.130515,0.024966,0.000507,,817900,,
3,3,,0.004403,0.034814,0.288993,0.467116,0.167338,0.036245,0.00109,,818000,,
3,2,,0.004868,0.065388,0.460223,0.380787,0.075241,0.013366,0.000127,,822300,,
3,3,,0.005506,0.040319,0.346978,0.407893,0.166148,0.032034,0.001121,,844200,,
3,2,,0.005456,0.045623,0.423576,0.384539,0.119514,0.02104,0.000253,,814600,,
3,2,,0.005134,0.040737,0.450944,0.408485,0.081778,0.012626,0.000296,,814800,,
3,2,,0.005277,0.037434,0.44547,0.402736,0.098784,0.010148,0.00015,,812800,,
3,2,,0.006026,0.050979,0.433679,0.405764,0.092166,0.011198,0.000189,,815000,,
3,3,,0.003626,0.029446,0.353881,0.482955,0.114144,0.015795,0.000152,,815800,,
3,3,,0.004531,0.034687,0.334332,0.463496,0.134477,0.027087,0.00139,,822400,,
3,3,,0.00404,0.019558,0.172194,0.414991,0.282568,0.103517,0.003132,,821400,,
3,2,,0.005379,0.043624,0.453692,0.417916,0.069539,0.0097,0.00015,,820500,,
3,2,,0.005337,0.042017,0.468747,0.405873,0.068177,0.00968,0.000167,,822700,,
3,2,,0.005734,0.041997,0.441092,0.422986,0.076118,0.011821,0.000251,,820200,,
3,3,,0.004309,0.024104,0.345561,0.477598,0.133502,0.014794,0.000131,,823000,,
3,3,,0.004666,0.036729,0.292749,0.410233,0.209589,0.044557,0.001479,,830500,,
3,3,,0.00465,0.039624,0.373951,0.438887,0.124896,0.01784,0.000152,,822600,,
3,3,,0.005292,0.077561,0.340056,0.415005,0.133839,0.027659,0.000588,,822700,,
3,3,,0.005277,0.037434,0.42547,0.442736,0.078784,0.010148,0.00015,,823000,,
3,2,,0.005368,0.080418,0.433733,0.383272,0.083457,0.013475,0.000277,,821100,,
3,2,,0.00504,0.056799,0.425637,0.424893,0.077936,0.009564,0.000131,,821200,,
3,2,,0.004774,0.041398,0.452357,0.40382,0.08267,0.01452,0.000461,,834900,,
3,3,,0.007786,0.046162,0.340598,0.402201,0.150436,0.051166,0.00165,,822100,,
3,3,,0.004262,0.029489,0.245656,0.508286,0.178122,0.033246,0.000939,,823800,,
3,3,,0.00491,0.044778,0.406481,0.42754,0.097912,0.01784,0.000538,,823300,,
3,2,,0.004939,0.039712,0.438865,0.438723,0.06867,0.008942,0.00015,,822200,,
3,2,,0.00516,0.074812,0.476284,0.369318,0.065269,0.009069,0.000088,,821100,,
3,3,,0.009714,0.034271,0.191338,0.420729,0.277454,0.064108,0.002387,,820400,,
3,3,,0.028986,0.028702,0.205128,0.430615,0.228622,0.076402,0.001545,,821800,,
3,3,,0.005845,0.035469,0.285778,0.43615,0.191867,0.043518,0.001373,,818300,,
3,2,,0.004905,0.041289,0.45119,0.427457,0.066288,0.008703,0.000167,,819900,,
3,2,,0.005258,0.063288,0.45172,0.403006,0.067399,0.009161,0.000167,,820600,,
3,2,,0.004909,0.044261,0.444221,0.411679,0.08617,0.008593,0.000167,,820600,,
3,3,,0.005987,0.041309,0.161106,0.453182,0.270159,0.065602,0.002655,,824000,,
3,3,,0.046155,0.058556,0.335931,0.391364,0.136198,0.030073,0.001723,,822500,,
3,2,,0.005399,0.079987,0.442761,0.390202,0.072026,0.009495,0.000131,,821500,,
3,2,,0.025697,0.037495,0.423412,0.369594,0.124143,0.019233,0.000427,,821000,,
3,3,,0.004619,0.035573,0.392288,0.467839,0.08654,0.012705,0.000436,,824300,,
3,3,,0.006879,0.044702,0.395249,0.423347,0.113941,0.01555,0.000332,,823400,,
3,3,,0.003781,0.028187,0.337346,0.505943,0.111293,0.013379,0.000071,,831600,,
3,3,,0.00446,0.06192,0.335526,0.419084,0.15123,0.027324,0.000456,,819200,,
3,3,,0.006485,0.055517,0.336757,0.370463,0.173746,0.05523,0.001802,,822200,,
3,3,,0.004619,0.035573,0.392288,0.467839,0.08654,0.012705,0.000436,,820800,,
3,2,,0.004939,0.039712,0.438865,0.438723,0.06867,0.008942,0.00015,,824100,,
3,2,,0.004826,0.040578,0.440965,0.435302,0.068272,0.009668,0.000389,,820700,,
3,2,,0.005399,0.079987,0.442761,0.390202,0.072026,0.009495,0.000131,,819800,,
3,3,,0.004742,0.038101,0.415569,0.448872,0.081076,0.011488,0.000151,,819700,,
3,3,,0.005277,0.037434,0.42547,0.442736,0.078784,0.010148,0.00015,,820700,,
3,3,,0.004049,0.037833,0.344319,0.46051,0.136655,0.016201,0.000434,,821300,,
3,2,,0.004905,0.041289,0.47119,0.407457,0.066288,0.008703,0.000167,,819700,,
3,2,,0.005963,0.0505,0.456049,0.402615,0.071758,0.012766,0.000348,,820700,,
3,3,,0.007818,0.036719,0.259056,0.417383,0.221328,0.055962,0.001734,,819100,,
3,2,,0.00485,0.045828,0.459065,0.413369,0.067296,0.009424,0.000167,,819800,,
3,2,,0.005128,0.044587,0.444146,0.410463,0.086552,0.008956,0.000167,,822000,,
3,3,,0.005139,0.082481,0.391651,0.392701,0.10718,0.020574,0.000274,,820300,,
3,3,,0.004676,0.034979,0.293804,0.455107,0.172972,0.037462,0.001,,822300,,
3,3,,0.004858,0.052262,0.353605,0.45637,0.116608,0.016187,0.000112,,821200,,
3,3,,0.004905,0.041289,0.427857,0.451901,0.065177,0.008703,0.000167,,821500,,
3,2,,0.004905,0.041289,0.45119,0.407457,0.086288,0.008703,0.000167,,823800,,
3,3,,0.004539,0.056978,0.294897,0.427571,0.179184,0.035794,0.001037,,820300,,
3,3,,0.003865,0.023131,0.205112,0.475275,0.233556,0.05777,0.001292,,819700,,
3,3,,0.005378,0.029569,0.279592,0.494626,0.162534,0.027929,0.000372,,819800,,
3,3,,0.005961,0.041955,0.381037,0.418336,0.122727,0.02883,0.001155,,819100,,
3,3,,0.003434,0.022207,0.177835,0.532016,0.217239,0.045849,0.001421,,820700,,
3,2,,0.025398,0.038685,0.426265,0.3725,0.117417,0.019291,0.000445,,820100,,
3,2,,0.005109,0.052886,0.431787,0.389117,0.099672,0.020805,0.000624,,819500,,
3,3,,0.004144,0.033582,0.291636,0.469164,0.167396,0.033163,0.000915,,821000,,
3,3,,0.003387,0.049222,0.300482,0.476802,0.145152,0.024655,0.000301,,823900,,
3,3,,0.005219,0.036072,0.406142,0.452966,0.088116,0.011336,0.00015,,818900,,
3,3,,0.004859,0.035189,0.345266,0.415989,0.159556,0.036572,0.002569,,822100,,
3,2,,0.00503,0.042617,0.43281,0.412328,0.090808,0.016155,0.000253,,825400,,
3,3,,0.005042,0.042454,0.384838,0.445064,0.109534,0.012979,0.000089,,824900,,
3,3,,0.003304,0.042427,0.153515,0.505625,0.243638,0.050352,0.00114,,827200,,
3,2,,0.005369,0.048275,0.439599,0.414556,0.078675,0.013033,0.000493,,825600,,
3,3,,0.005535,0.040635,0.395274,0.443934,0.096735,0.017341,0.000547,,821000,,
3,3,,0.005587,0.045211,0.410307,0.420461,0.103879,0.014301,0.000254,,822100,,
3,3,,0.003583,0.066449,0.226189,0.436527,0.219311,0.047068,0.000873,,824000,,
3,3,,0.004195,0.034093,0.258686,0.48569,0.178413,0.037938,0.000985,,828100,,
3,2,,0.004529,0.058537,0.404868,0.394419,0.114814,0.022389,0.000443,,817900,,
3,2,,0.004244,0.076608,0.416678,0.380705,0.102209,0.019298,0.000259,,826900,,
3,3,,0.044957,0.037119,0.36311,0.388297,0.141955,0.024197,0.000365,,820900,,
3,3,,0.005238,0.038105,0.416092,0.432686,0.091892,0.015543,0.000443,,827100,,
3,2,,0.005403,0.042959,0.435791,0.434424,0.071908,0.009384,0.000131,,816300,,
3,3,,0.005116,0.040473,0.412374,0.424315,0.098304,0.018827,0.000592,,817200,,
3,3,,0.003991,0.034006,0.204444,0.456154,0.242878,0.0573,0.001227,,817100,,
3,3,,0.003696,0.045784,0.203382,0.509425,0.195049,0.041905,0.000759,,822800,,
3,3,,0.029305,0.068247,0.353964,0.390276,0.130907,0.026893,0.000408,,822900,,
3,3,,0.025658,0.034898,0.335835,0.376214,0.170382,0.055425,0.001588,,822700,,
3,3,,0.005589,0.061031,0.266721,0.436098,0.190878,0.039003,0.000681,,823200,,
3,3,,0.004741,0.035124,0.291521,0.504302,0.138159,0.025767,0.000386,,823400,,
3,3,,0.005117,0.035032,0.344707,0.470437,0.12146,0.022526,0.000721,,819600,,
3,2,,0.025492,0.035573,0.419051,0.374811,0.125004,0.019643,0.000427,,820800,,
3,3,,0.004906,0.034947,0.381067,0.479306,0.088635,0.011008,0.000131,,834500,,
3,3,,0.003593,0.020438,0.15605,0.4598,0.290596,0.067421,0.002101,,827100,,
3,3,,0.004697,0.040999,0.392981,0.400324,0.132738,0.027771,0.000491,,841000,,
3,2,,0.025187,0.054186,0.423455,0.386885,0.095268,0.014761,0.000259,,822900,,
3,2,,0.005067,0.038665,0.425163,0.384727,0.125543,0.019831,0.001004,,822800,,
3,3,,0.003319,0.023404,0.255033,0.445214,0.203657,0.06787,0.001503,,828100,,
3,3,,0.004852,0.037185,0.409783,0.43124,0.100229,0.016416,0.000296,,823800,,
