wine-quality-white,Tuned_CWT,test,1,NANOSECONDS,PREDICTIONS, Generated by ClassifierExperiments.java on 2022-05-16 02:11:32.    SYSTEMPROPERTIES:{user.name:matth,os.arch:amd64,os.name:Windows 10},ENDSYSTEMPROPERTIES
No parameter info
0.4892966360856269,364354600,809392900,-1,24955656,7,,-1,-1
0,3,,0.003409,0.026523,0.365017,0.427202,0.145583,0.031548,0.000718,,914500,,
0,3,,0.004077,0.037312,0.255805,0.425212,0.222771,0.051906,0.002916,,816700,,
0,3,,0.003974,0.031352,0.380686,0.457772,0.105065,0.020904,0.000246,,857300,,
0,3,,0.004647,0.044643,0.362302,0.417755,0.143664,0.026407,0.000582,,842100,,
1,2,,0.004476,0.047873,0.413592,0.388177,0.121243,0.024092,0.000547,,850000,,
1,3,,0.005417,0.052399,0.410346,0.417434,0.093886,0.01991,0.000608,,847600,,
1,2,,0.004834,0.042199,0.443751,0.411503,0.083382,0.013988,0.000344,,847200,,
1,2,,0.004582,0.03552,0.435756,0.432575,0.076622,0.014561,0.000384,,842700,,
1,3,,0.005026,0.041136,0.384795,0.441359,0.108003,0.019238,0.000443,,844500,,
1,3,,0.006887,0.050608,0.314409,0.395477,0.185281,0.045554,0.001783,,845800,,
1,3,,0.005949,0.056532,0.373694,0.406738,0.132534,0.023935,0.000618,,845400,,
1,2,,0.004476,0.047873,0.413592,0.388177,0.121243,0.024092,0.000547,,846300,,
1,3,,0.003487,0.02644,0.324407,0.470538,0.143706,0.030868,0.000553,,845900,,
1,3,,0.004718,0.049261,0.379048,0.433582,0.112058,0.020718,0.000616,,845800,,
1,3,,0.006835,0.04696,0.234134,0.431817,0.219764,0.057036,0.003455,,844200,,
1,2,,0.00441,0.037017,0.434786,0.429694,0.078525,0.015323,0.000246,,845700,,
1,3,,0.003992,0.031019,0.379094,0.450417,0.111051,0.024098,0.000329,,845600,,
1,3,,0.005854,0.055879,0.334445,0.420096,0.150455,0.031786,0.001485,,848000,,
1,2,,0.005102,0.0397,0.445115,0.407555,0.085639,0.016545,0.000344,,844000,,
1,3,,0.006301,0.044525,0.398665,0.417698,0.111706,0.020295,0.000811,,847000,,
1,3,,0.005995,0.059078,0.407428,0.412981,0.096948,0.016776,0.000793,,880000,,
1,2,,0.005847,0.048125,0.446174,0.39026,0.093905,0.015238,0.000451,,838800,,
1,3,,0.004709,0.041019,0.385736,0.41478,0.127909,0.025321,0.000526,,824800,,
1,3,,0.004207,0.039004,0.4107,0.420869,0.10382,0.020723,0.000677,,820200,,
1,2,,0.005039,0.059476,0.399639,0.389582,0.121086,0.024322,0.000855,,831000,,
1,3,,0.005008,0.054105,0.338813,0.435498,0.138646,0.02722,0.00071,,830800,,
1,3,,0.006469,0.039386,0.253925,0.407094,0.241075,0.050293,0.001758,,825800,,
1,3,,0.00298,0.021708,0.224457,0.413691,0.275972,0.058668,0.002525,,826100,,
1,2,,0.005534,0.063054,0.43591,0.388665,0.090237,0.01593,0.00067,,826100,,
1,3,,0.004777,0.045951,0.418199,0.42953,0.085594,0.015444,0.000503,,827300,,
1,3,,0.006526,0.049783,0.30614,0.397167,0.186959,0.050364,0.003062,,829800,,
1,3,,0.005109,0.045396,0.362581,0.403737,0.151391,0.030436,0.001349,,825800,,
1,3,,0.004779,0.054913,0.359078,0.383755,0.163008,0.032636,0.001831,,823500,,
1,3,,0.004057,0.045686,0.350416,0.458209,0.120489,0.020798,0.000345,,822100,,
1,3,,0.005137,0.051344,0.331956,0.407005,0.167341,0.035785,0.001431,,827300,,
1,3,,0.005071,0.03565,0.316149,0.429954,0.171467,0.039086,0.002623,,828300,,
1,3,,0.003161,0.026109,0.398006,0.434487,0.116089,0.022066,0.000081,,820600,,
2,2,,0.004568,0.037124,0.433205,0.427224,0.081053,0.016579,0.000246,,820600,,
2,3,,0.003588,0.029439,0.383599,0.443476,0.114808,0.024921,0.000169,,837000,,
2,2,,0.004373,0.034063,0.442795,0.406245,0.093881,0.018396,0.000246,,825600,,
2,3,,0.003684,0.032515,0.379434,0.441103,0.120208,0.022474,0.000581,,827500,,
2,2,,0.004228,0.033831,0.437283,0.418314,0.087791,0.018184,0.00037,,823700,,
2,3,,0.00365,0.031846,0.403024,0.43076,0.109748,0.02039,0.000581,,822400,,
2,3,,0.005651,0.05045,0.392667,0.41076,0.119179,0.020668,0.000625,,827100,,
2,3,,0.004029,0.034886,0.412441,0.431962,0.099163,0.017273,0.000246,,827400,,
2,2,,0.003672,0.034345,0.441297,0.410891,0.092017,0.017381,0.000398,,826700,,
2,3,,0.003426,0.033938,0.322579,0.399121,0.190966,0.046392,0.003578,,827000,,
2,2,,0.004518,0.036867,0.435184,0.42872,0.0796,0.014864,0.000246,,824800,,
2,3,,0.003143,0.026752,0.295113,0.477275,0.163665,0.03334,0.000711,,822100,,
2,3,,0.00403,0.030351,0.414443,0.424963,0.104952,0.021015,0.000246,,825300,,
2,3,,0.004679,0.047723,0.394282,0.435454,0.098997,0.01845,0.000415,,824000,,
2,3,,0.00582,0.037071,0.261654,0.442593,0.205873,0.045404,0.001585,,824300,,
2,3,,0.003519,0.032138,0.341634,0.450709,0.142393,0.029216,0.00039,,826900,,
2,3,,0.003339,0.032951,0.325051,0.453321,0.151865,0.032511,0.000962,,824900,,
2,2,,0.005737,0.046947,0.424287,0.416819,0.086583,0.019208,0.000419,,824700,,
2,3,,0.004575,0.040283,0.330374,0.445813,0.151397,0.02669,0.000869,,824400,,
2,3,,0.003615,0.028842,0.364681,0.472933,0.109873,0.019886,0.000169,,853800,,
2,3,,0.005913,0.042674,0.399667,0.42294,0.109175,0.01901,0.000621,,827400,,
2,2,,0.006833,0.052028,0.426691,0.375539,0.114895,0.023128,0.000886,,818700,,
2,3,,0.004415,0.043086,0.317291,0.438957,0.160305,0.034625,0.001321,,820500,,
2,2,,0.004733,0.035973,0.447361,0.413441,0.082015,0.01623,0.000246,,821100,,
2,3,,0.003945,0.039994,0.398784,0.4378,0.098997,0.02011,0.00037,,829500,,
2,3,,0.003805,0.032422,0.381661,0.436968,0.118729,0.025545,0.000869,,822700,,
2,2,,0.003913,0.036778,0.438719,0.418928,0.084292,0.016863,0.000508,,819200,,
2,3,,0.005017,0.049915,0.384974,0.411708,0.123388,0.024138,0.00086,,819300,,
2,3,,0.003855,0.027217,0.352604,0.445481,0.140032,0.030186,0.000625,,818800,,
2,3,,0.004194,0.043869,0.299279,0.442084,0.178427,0.031589,0.000557,,820300,,
2,3,,0.00348,0.026324,0.22472,0.437333,0.246201,0.060368,0.001575,,818500,,
2,2,,0.003913,0.036778,0.438719,0.418928,0.084292,0.016863,0.000508,,820000,,
2,3,,0.003974,0.031352,0.380686,0.457772,0.105065,0.020904,0.000246,,818700,,
2,3,,0.00339,0.028868,0.362996,0.472973,0.110759,0.020845,0.000169,,820100,,
2,3,,0.003917,0.032216,0.41318,0.424558,0.103391,0.022117,0.000622,,818900,,
2,3,,0.004981,0.042936,0.293205,0.424668,0.18981,0.040618,0.003781,,819700,,
2,3,,0.005034,0.050135,0.31931,0.432314,0.161983,0.029898,0.001326,,820500,,
2,3,,0.004177,0.036491,0.264164,0.463682,0.189511,0.03874,0.003234,,839600,,
2,3,,0.004025,0.039961,0.380863,0.424733,0.124437,0.025221,0.00076,,819800,,
2,3,,0.008939,0.043836,0.21628,0.421228,0.241965,0.063236,0.004516,,821900,,
2,2,,0.004676,0.036974,0.433604,0.426251,0.082129,0.01612,0.000246,,820500,,
2,3,,0.006565,0.048421,0.277575,0.423579,0.202036,0.039944,0.001879,,818800,,
2,3,,0.005627,0.038867,0.270364,0.453213,0.19107,0.039508,0.001352,,818800,,
2,3,,0.004536,0.035281,0.274512,0.454904,0.184607,0.04357,0.002591,,819600,,
2,3,,0.003277,0.029871,0.250243,0.439029,0.218297,0.057132,0.002151,,819200,,
2,3,,0.004344,0.034682,0.414179,0.441997,0.088694,0.015858,0.000246,,818600,,
2,2,,0.005085,0.037629,0.435066,0.418926,0.086259,0.01665,0.000385,,819100,,
2,3,,0.003326,0.027378,0.347617,0.476626,0.120755,0.024047,0.000252,,820300,,
2,3,,0.003692,0.038418,0.363666,0.459288,0.113783,0.020943,0.00021,,821400,,
2,3,,0.005149,0.043536,0.406858,0.42884,0.09549,0.019675,0.000452,,818900,,
2,3,,0.004925,0.039176,0.408609,0.438626,0.091078,0.017201,0.000385,,821200,,
2,3,,0.004142,0.033851,0.341786,0.450486,0.138564,0.030334,0.000836,,819600,,
2,3,,0.004568,0.041017,0.317276,0.419897,0.173585,0.040389,0.003268,,820100,,
2,3,,0.003398,0.027302,0.34813,0.480356,0.117735,0.022928,0.00015,,820700,,
2,3,,0.005572,0.043392,0.336254,0.437847,0.144321,0.031306,0.001308,,825400,,
2,3,,0.004352,0.036205,0.381337,0.448097,0.10703,0.022712,0.000267,,838400,,
2,2,,0.003538,0.038608,0.414784,0.399807,0.120224,0.02264,0.000398,,825400,,
2,2,,0.004963,0.039078,0.437604,0.411448,0.088861,0.01766,0.000385,,825200,,
2,2,,0.005237,0.050793,0.419642,0.41736,0.089219,0.017227,0.000522,,826200,,
2,2,,0.004908,0.037463,0.430411,0.428407,0.08242,0.016068,0.000323,,828100,,
2,3,,0.003664,0.031041,0.376168,0.425186,0.136475,0.026756,0.00071,,819400,,
2,3,,0.003625,0.034828,0.318712,0.443806,0.161701,0.036696,0.000633,,823800,,
2,3,,0.004061,0.032449,0.386935,0.453123,0.102788,0.020398,0.000246,,821500,,
2,3,,0.00438,0.037511,0.32527,0.465246,0.140105,0.026697,0.000792,,827200,,
2,3,,0.005102,0.0397,0.425115,0.427555,0.085639,0.016545,0.000344,,824300,,
2,3,,0.003979,0.032006,0.39852,0.44232,0.100838,0.021578,0.00076,,824800,,
2,3,,0.004787,0.036167,0.428807,0.43153,0.081029,0.017296,0.000384,,823500,,
2,3,,0.003113,0.025683,0.362515,0.410434,0.162963,0.034538,0.000754,,825600,,
2,3,,0.003792,0.029391,0.368687,0.463006,0.112204,0.022668,0.000252,,824900,,
2,3,,0.005914,0.058656,0.376588,0.386507,0.141752,0.029028,0.001555,,824500,,
2,3,,0.004302,0.031817,0.399253,0.437054,0.104329,0.022485,0.00076,,828100,,
2,2,,0.00657,0.050403,0.413591,0.410897,0.099341,0.018671,0.000526,,819800,,
2,3,,0.003693,0.030713,0.394719,0.424519,0.119915,0.025531,0.000911,,820600,,
2,3,,0.003648,0.027635,0.29628,0.438001,0.191757,0.041653,0.001026,,826800,,
2,3,,0.005007,0.039128,0.370214,0.41645,0.142056,0.026742,0.000404,,842200,,
2,3,,0.003913,0.034924,0.351047,0.454327,0.13183,0.023557,0.000401,,824400,,
2,3,,0.00434,0.038195,0.354574,0.396013,0.168462,0.037157,0.001259,,825800,,
2,3,,0.003459,0.02921,0.419168,0.420068,0.107773,0.020152,0.000169,,824200,,
2,3,,0.004127,0.034942,0.426795,0.427877,0.087536,0.018354,0.00037,,824400,,
2,2,,0.004631,0.037085,0.436873,0.423004,0.081761,0.0164,0.000246,,824700,,
2,3,,0.004173,0.033461,0.404972,0.441642,0.096519,0.018904,0.000329,,823100,,
2,3,,0.003673,0.028527,0.357377,0.470558,0.118402,0.021362,0.000102,,826100,,
2,3,,0.004173,0.032757,0.352856,0.470988,0.116498,0.02256,0.000169,,824800,,
2,3,,0.003969,0.040871,0.351017,0.465664,0.117317,0.020889,0.000275,,827500,,
2,3,,0.003602,0.022102,0.248153,0.442616,0.233411,0.046617,0.003499,,819900,,
2,2,,0.004268,0.040968,0.465636,0.391465,0.082874,0.014473,0.000316,,826400,,
2,2,,0.004765,0.038063,0.426735,0.426733,0.086435,0.017001,0.000267,,821000,,
2,2,,0.00571,0.054676,0.421602,0.408816,0.092592,0.016163,0.00044,,828500,,
2,3,,0.003443,0.022197,0.286767,0.438557,0.202878,0.044042,0.002115,,824800,,
2,3,,0.003594,0.025516,0.364553,0.436138,0.139456,0.030279,0.000463,,824200,,
2,3,,0.003115,0.027454,0.323243,0.466637,0.149861,0.029182,0.000508,,825100,,
2,3,,0.003372,0.028132,0.390025,0.445963,0.112051,0.020228,0.000228,,824700,,
2,3,,0.004566,0.053245,0.369644,0.428648,0.121029,0.02233,0.000539,,828100,,
2,3,,0.004082,0.032775,0.403651,0.432748,0.104353,0.021768,0.000622,,823900,,
2,3,,0.002921,0.031106,0.369983,0.457283,0.117304,0.021116,0.000287,,823100,,
2,3,,0.003495,0.02762,0.35223,0.471505,0.119142,0.025859,0.00015,,824100,,
2,3,,0.005091,0.038033,0.372043,0.428478,0.132648,0.023285,0.000423,,832000,,
2,3,,0.004731,0.038682,0.366469,0.44745,0.117451,0.024633,0.000584,,818600,,
2,3,,0.004787,0.036167,0.428807,0.43153,0.081029,0.017296,0.000384,,819600,,
2,3,,0.004825,0.037428,0.427721,0.428455,0.08475,0.016574,0.000246,,819300,,
2,2,,0.004631,0.03623,0.448715,0.412017,0.081761,0.0164,0.000246,,820600,,
2,3,,0.003917,0.032216,0.41318,0.424558,0.103391,0.022117,0.000622,,819600,,
2,3,,0.003636,0.026115,0.351938,0.453607,0.136337,0.027904,0.000463,,818200,,
2,2,,0.006624,0.049732,0.41908,0.405843,0.099468,0.018619,0.000634,,821300,,
2,2,,0.005004,0.03712,0.437527,0.418801,0.084498,0.016686,0.000365,,819400,,
2,3,,0.003521,0.042627,0.375874,0.419106,0.135174,0.023298,0.0004,,820300,,
2,2,,0.004733,0.035973,0.447361,0.413441,0.082015,0.01623,0.000246,,821800,,
2,3,,0.005337,0.051233,0.293321,0.428344,0.182525,0.037719,0.00152,,825600,,
2,3,,0.003895,0.034274,0.422427,0.432458,0.088128,0.018408,0.000411,,825200,,
2,2,,0.004733,0.035973,0.447361,0.413441,0.082015,0.01623,0.000246,,823800,,
2,3,,0.0042,0.032073,0.400607,0.43563,0.104074,0.022655,0.00076,,840900,,
2,3,,0.003447,0.027736,0.368504,0.460733,0.116495,0.022857,0.000228,,824600,,
2,3,,0.00281,0.024563,0.325634,0.4097,0.198406,0.038325,0.000563,,822900,,
2,3,,0.004176,0.054302,0.355874,0.431371,0.128069,0.02551,0.000699,,825600,,
2,3,,0.004867,0.037807,0.425381,0.428157,0.08669,0.016831,0.000267,,823100,,
2,3,,0.004824,0.040694,0.413875,0.434885,0.087961,0.017182,0.00058,,824900,,
2,3,,0.005673,0.044203,0.352667,0.412897,0.154845,0.028374,0.001341,,829600,,
2,3,,0.006884,0.050125,0.350315,0.397442,0.161284,0.031815,0.002135,,828200,,
2,3,,0.004894,0.048002,0.415534,0.418018,0.094539,0.018389,0.000625,,819000,,
2,2,,0.004964,0.036462,0.464168,0.395597,0.082306,0.016178,0.000323,,816800,,
2,3,,0.004173,0.032757,0.352856,0.470988,0.116498,0.02256,0.000169,,818500,,
2,3,,0.004228,0.034686,0.425441,0.429301,0.087791,0.018184,0.00037,,828200,,
2,3,,0.003902,0.034481,0.344411,0.451392,0.139938,0.025512,0.000364,,868400,,
2,3,,0.004752,0.049364,0.399767,0.431924,0.093848,0.019923,0.000422,,824000,,
2,2,,0.004464,0.045485,0.445335,0.39814,0.089867,0.016363,0.000346,,823000,,
2,3,,0.005048,0.048219,0.302277,0.436079,0.168225,0.03867,0.001481,,821700,,
2,3,,0.003679,0.031987,0.359327,0.451561,0.127714,0.025542,0.00019,,823600,,
2,3,,0.00558,0.047805,0.377474,0.427405,0.119614,0.021495,0.000627,,822700,,
2,3,,0.003737,0.034166,0.424007,0.434927,0.085599,0.017152,0.000411,,840500,,
2,3,,0.00369,0.046581,0.322641,0.462596,0.138584,0.025511,0.000396,,821400,,
2,3,,0.004312,0.031035,0.386202,0.454087,0.103952,0.020166,0.000246,,823600,,
2,3,,0.004768,0.031846,0.406171,0.412007,0.116968,0.02664,0.001601,,824000,,
2,3,,0.003289,0.026338,0.342438,0.477894,0.123124,0.026835,0.000081,,823600,,
2,3,,0.003768,0.028878,0.331922,0.443785,0.158149,0.031939,0.001559,,824700,,
2,2,,0.004568,0.036269,0.445048,0.416237,0.081053,0.016579,0.000246,,824200,,
2,3,,0.004063,0.041624,0.398398,0.433086,0.10255,0.020089,0.00019,,825600,,
2,3,,0.005505,0.060133,0.318373,0.392728,0.173961,0.046235,0.003065,,824800,,
2,2,,0.004473,0.036977,0.438454,0.425473,0.079232,0.015144,0.000246,,821900,,
2,2,,0.005164,0.047412,0.426338,0.396313,0.106933,0.017376,0.000464,,824100,,
2,2,,0.004557,0.041641,0.442652,0.412837,0.083605,0.014323,0.000385,,824900,,
2,2,,0.004204,0.039985,0.454947,0.407352,0.079362,0.013903,0.000246,,823700,,
2,2,,0.004952,0.035871,0.431121,0.428734,0.081991,0.016947,0.000384,,860700,,
2,3,,0.004692,0.038999,0.254129,0.422997,0.226243,0.05011,0.00283,,818100,,
2,3,,0.010461,0.042608,0.265859,0.421397,0.215016,0.042697,0.001961,,818200,,
2,3,,0.004331,0.042408,0.367365,0.439046,0.121461,0.024762,0.000627,,818900,,
2,3,,0.003783,0.026852,0.326442,0.4588,0.150257,0.032596,0.001271,,827300,,
2,2,,0.00407,0.035088,0.444879,0.4097,0.08765,0.018244,0.00037,,833100,,
2,2,,0.004311,0.034313,0.443129,0.405795,0.09231,0.019896,0.000246,,829100,,
2,3,,0.006624,0.051697,0.376549,0.408862,0.129749,0.025319,0.001201,,824300,,
2,2,,0.004854,0.040022,0.440596,0.410441,0.087203,0.016495,0.000389,,825700,,
2,3,,0.002564,0.023517,0.294417,0.405702,0.227372,0.045312,0.001115,,820200,,
2,3,,0.003997,0.036639,0.396851,0.436423,0.108152,0.017719,0.000218,,821700,,
2,2,,0.004952,0.035871,0.431121,0.428734,0.081991,0.016947,0.000384,,821100,,
2,3,,0.003418,0.027335,0.33552,0.473709,0.131522,0.028166,0.00033,,818500,,
2,3,,0.003558,0.0279,0.30951,0.471001,0.15585,0.030473,0.001707,,819500,,
2,3,,0.003461,0.027023,0.367009,0.464166,0.115565,0.022608,0.000169,,820400,,
2,3,,0.004067,0.028259,0.382377,0.452553,0.110383,0.022109,0.000252,,819900,,
2,3,,0.003892,0.03023,0.354415,0.439555,0.142484,0.02893,0.000493,,818100,,
2,3,,0.003861,0.03226,0.394423,0.438459,0.10868,0.02166,0.000658,,822400,,
2,3,,0.003892,0.03023,0.354415,0.439555,0.142484,0.02893,0.000493,,819200,,
2,3,,0.004836,0.033822,0.345015,0.466133,0.126663,0.023408,0.000123,,819100,,
2,3,,0.004044,0.032944,0.419171,0.42369,0.098315,0.021507,0.000329,,830300,,
2,3,,0.003736,0.036737,0.361841,0.431923,0.139803,0.025469,0.000491,,827400,,
2,2,,0.005916,0.049721,0.426092,0.413063,0.089421,0.01518,0.000606,,827200,,
2,3,,0.003548,0.028975,0.361416,0.470503,0.113288,0.022101,0.000169,,852700,,
2,2,,0.004952,0.035871,0.431121,0.428734,0.081991,0.016947,0.000384,,818500,,
2,3,,0.004127,0.03152,0.386643,0.448944,0.105861,0.022659,0.000246,,830500,,
2,3,,0.004787,0.036167,0.428807,0.43153,0.081029,0.017296,0.000384,,825200,,
2,3,,0.003548,0.028975,0.361416,0.470503,0.113288,0.022101,0.000169,,824500,,
2,3,,0.003495,0.034998,0.305604,0.4762,0.149768,0.029583,0.000351,,825900,,
2,3,,0.003799,0.032959,0.392947,0.434532,0.111531,0.023447,0.000784,,825000,,
2,3,,0.003743,0.031563,0.383618,0.441496,0.116621,0.022771,0.00019,,822100,,
2,3,,0.003225,0.024651,0.257459,0.46605,0.203843,0.042665,0.002108,,824400,,
2,3,,0.006664,0.049631,0.387487,0.416113,0.115661,0.023685,0.000758,,826000,,
2,3,,0.005851,0.044323,0.354183,0.421191,0.145565,0.027894,0.000994,,826700,,
2,3,,0.003731,0.041815,0.336157,0.457062,0.135179,0.025741,0.000314,,827400,,
2,3,,0.003973,0.031927,0.39517,0.455102,0.096419,0.017162,0.000246,,824300,,
2,3,,0.005859,0.065274,0.320716,0.427673,0.147575,0.031418,0.001485,,832100,,
2,2,,0.004455,0.038402,0.422929,0.418621,0.096517,0.018691,0.000384,,828300,,
2,2,,0.004501,0.03616,0.431151,0.429009,0.082607,0.016284,0.000287,,824800,,
2,3,,0.005194,0.052456,0.383026,0.417554,0.117032,0.023809,0.00093,,826200,,
2,3,,0.003422,0.032145,0.388677,0.44553,0.109692,0.020282,0.000252,,823300,,
2,3,,0.003793,0.047803,0.402512,0.412577,0.114104,0.018615,0.000596,,849400,,
2,3,,0.004117,0.032303,0.388851,0.4513,0.102675,0.020508,0.000246,,823700,,
2,3,,0.004644,0.037794,0.426445,0.4283,0.084372,0.01804,0.000406,,825600,,
2,3,,0.00521,0.045767,0.353468,0.443381,0.129314,0.022463,0.000396,,819000,,
2,3,,0.004645,0.035827,0.388227,0.43524,0.11162,0.023499,0.000942,,821500,,
2,3,,0.004119,0.051468,0.39314,0.396839,0.12807,0.025621,0.000743,,820000,,
2,2,,0.004268,0.040968,0.465636,0.391465,0.082874,0.014473,0.000316,,820200,,
2,3,,0.005539,0.041913,0.248979,0.401596,0.233931,0.063778,0.004264,,820400,,
2,3,,0.003333,0.029013,0.361081,0.474796,0.110873,0.020735,0.000169,,821700,,
2,3,,0.003863,0.026052,0.174469,0.414839,0.297457,0.0782,0.00512,,819300,,
2,2,,0.003429,0.037647,0.42363,0.416668,0.098999,0.019073,0.000554,,819600,,
2,3,,0.005315,0.043728,0.344938,0.440979,0.140216,0.024511,0.000314,,822000,,
2,3,,0.004677,0.038978,0.351416,0.433468,0.139836,0.02977,0.001854,,820500,,
2,3,,0.00398,0.032176,0.416847,0.420338,0.104098,0.021938,0.000622,,818900,,
2,3,,0.007349,0.054129,0.299647,0.419925,0.183246,0.034127,0.001577,,829000,,
2,3,,0.004237,0.037033,0.235301,0.439495,0.232614,0.048687,0.002633,,827300,,
2,3,,0.004163,0.050202,0.352512,0.438187,0.129526,0.024761,0.000649,,821500,,
2,3,,0.004082,0.032775,0.403651,0.432748,0.104353,0.021768,0.000622,,816500,,
2,3,,0.003895,0.030706,0.375052,0.457422,0.110142,0.022454,0.000329,,818900,,
2,3,,0.003711,0.028281,0.366367,0.430276,0.13897,0.031562,0.000833,,839900,,
2,3,,0.003916,0.041536,0.376825,0.437065,0.117903,0.022563,0.000192,,822000,,
2,3,,0.004008,0.035127,0.421211,0.43392,0.086942,0.018422,0.00037,,819800,,
2,3,,0.003402,0.031948,0.404171,0.417333,0.120298,0.022336,0.000512,,821500,,
2,3,,0.004398,0.043719,0.388066,0.442603,0.101576,0.019216,0.000422,,820800,,
2,3,,0.005583,0.039945,0.386182,0.409111,0.134835,0.023832,0.000513,,820800,,
2,2,,0.004733,0.036829,0.435519,0.424428,0.082015,0.01623,0.000246,,824400,,
2,3,,0.003627,0.03211,0.349374,0.416507,0.161313,0.035903,0.001168,,819900,,
2,3,,0.004638,0.035374,0.358049,0.45122,0.124995,0.02514,0.000584,,819200,,
2,3,,0.003588,0.029439,0.363599,0.463476,0.114808,0.024921,0.000169,,820400,,
2,3,,0.004185,0.03217,0.392116,0.45373,0.09926,0.018293,0.000246,,816600,,
2,3,,0.004235,0.031599,0.378278,0.459832,0.105298,0.020491,0.000267,,818800,,
2,3,,0.003747,0.034692,0.367932,0.459175,0.111962,0.02203,0.000463,,821200,,
2,2,,0.004512,0.03727,0.43129,0.429047,0.081167,0.016468,0.000246,,819000,,
2,3,,0.004911,0.036567,0.322117,0.454552,0.152084,0.029455,0.000314,,818400,,
2,3,,0.003925,0.029244,0.373644,0.440626,0.124516,0.027464,0.000581,,822000,,
2,2,,0.005356,0.053205,0.415959,0.408616,0.097454,0.018755,0.000654,,820200,,
2,3,,0.003883,0.039415,0.392298,0.419785,0.121368,0.022783,0.000467,,821100,,
2,3,,0.004003,0.027729,0.360767,0.448282,0.131643,0.027028,0.000548,,823700,,
2,3,,0.007003,0.056038,0.324601,0.408926,0.166605,0.034719,0.002107,,821400,,
2,3,,0.005517,0.05475,0.293652,0.425279,0.183607,0.035542,0.001653,,821800,,
2,3,,0.00543,0.051802,0.361435,0.431052,0.123427,0.025775,0.001079,,818600,,
2,3,,0.003733,0.035582,0.404584,0.43535,0.102216,0.018268,0.000267,,819100,,
2,3,,0.003414,0.028455,0.246924,0.444698,0.225,0.048328,0.00318,,822300,,
2,3,,0.003495,0.034998,0.305604,0.4762,0.149768,0.029583,0.000351,,820700,,
2,2,,0.004223,0.036715,0.426545,0.424063,0.091344,0.016726,0.000384,,821900,,
2,2,,0.003429,0.037647,0.42363,0.416668,0.098999,0.019073,0.000554,,820200,,
2,2,,0.006503,0.045435,0.434212,0.401441,0.09503,0.016821,0.000558,,819700,,
2,3,,0.004228,0.034686,0.425441,0.429301,0.087791,0.018184,0.00037,,819800,,
2,3,,0.00527,0.036547,0.355321,0.456058,0.123449,0.023146,0.00021,,822600,,
2,2,,0.004733,0.035973,0.447361,0.413441,0.082015,0.01623,0.000246,,818800,,
2,3,,0.003405,0.028024,0.353251,0.476976,0.115678,0.022497,0.000169,,819600,,
2,3,,0.005782,0.04782,0.282865,0.429625,0.182716,0.048144,0.003048,,819800,,
2,3,,0.003772,0.034574,0.360677,0.437495,0.13558,0.027358,0.000543,,820800,,
2,3,,0.004142,0.033851,0.341786,0.450486,0.138564,0.030334,0.000836,,819400,,
2,3,,0.005422,0.053963,0.302898,0.42716,0.175177,0.033651,0.00173,,823400,,
2,3,,0.00541,0.0438,0.317593,0.436069,0.162007,0.033642,0.001479,,854200,,
2,2,,0.004733,0.035973,0.447361,0.413441,0.082015,0.01623,0.000246,,824700,,
2,3,,0.003773,0.02895,0.3631,0.470464,0.112401,0.021142,0.000169,,820800,,
2,2,,0.004733,0.036829,0.435519,0.424428,0.082015,0.01623,0.000246,,817700,,
2,3,,0.003723,0.027207,0.33813,0.470803,0.133562,0.026111,0.000463,,819300,,
2,3,,0.004347,0.03998,0.364938,0.440149,0.124144,0.025874,0.000567,,821800,,
2,3,,0.005804,0.054473,0.399478,0.417809,0.102751,0.019089,0.000596,,821000,,
2,3,,0.003121,0.031875,0.37949,0.454851,0.110889,0.019604,0.000169,,822500,,
2,3,,0.003908,0.029108,0.296482,0.432517,0.196885,0.039972,0.001128,,820200,,
2,3,,0.004777,0.035057,0.428668,0.431492,0.082469,0.017112,0.000425,,818100,,
2,3,,0.004853,0.061404,0.354881,0.381823,0.161926,0.033483,0.00163,,823400,,
2,3,,0.003705,0.024867,0.335651,0.459828,0.145707,0.029607,0.000636,,820500,,
2,3,,0.003696,0.028077,0.339208,0.46508,0.135607,0.027708,0.000625,,820200,,
2,3,,0.002898,0.022218,0.251889,0.451741,0.219441,0.050236,0.001577,,817900,,
2,3,,0.004703,0.023526,0.298758,0.420483,0.208693,0.042114,0.001722,,819900,,
2,3,,0.00399,0.038878,0.389989,0.425548,0.116525,0.024859,0.00021,,821200,,
2,3,,0.004153,0.029866,0.377921,0.461493,0.106128,0.02027,0.000169,,819600,,
2,3,,0.003908,0.047685,0.3085,0.448133,0.15683,0.03454,0.000404,,822400,,
2,3,,0.005276,0.03861,0.339806,0.449738,0.141679,0.024334,0.000557,,836700,,
2,2,,0.003541,0.037839,0.419771,0.417648,0.102465,0.018539,0.000198,,819000,,
2,2,,0.004557,0.036015,0.433067,0.427186,0.082494,0.016394,0.000287,,818200,,
2,2,,0.006807,0.050307,0.400138,0.396862,0.123069,0.022089,0.000729,,822600,,
2,3,,0.004025,0.034412,0.284676,0.471738,0.171358,0.032876,0.000915,,819400,,
2,3,,0.005034,0.051301,0.391136,0.407899,0.119607,0.024476,0.000547,,820300,,
2,3,,0.004525,0.035784,0.418941,0.426241,0.094024,0.020239,0.000246,,819500,,
2,2,,0.00448,0.035776,0.43711,0.431151,0.076367,0.014731,0.000384,,819100,,
2,2,,0.00571,0.054676,0.421602,0.408816,0.092592,0.016163,0.00044,,820900,,
2,3,,0.003312,0.029142,0.339141,0.479216,0.124706,0.024173,0.000309,,818900,,
2,2,,0.004568,0.037124,0.433205,0.427224,0.081053,0.016579,0.000246,,818500,,
2,3,,0.00366,0.03767,0.363769,0.37853,0.179722,0.03585,0.0008,,820500,,
2,3,,0.00698,0.044605,0.35744,0.391529,0.163726,0.034184,0.001536,,818000,,
2,3,,0.00521,0.045767,0.353468,0.443381,0.129314,0.022463,0.000396,,825100,,
2,2,,0.00704,0.05042,0.421994,0.407555,0.093873,0.018595,0.000522,,822200,,
2,3,,0.004686,0.045444,0.390308,0.407003,0.126165,0.025827,0.000567,,820500,,
2,3,,0.003278,0.033833,0.340193,0.397762,0.182447,0.040626,0.001862,,820400,,
2,3,,0.005987,0.046125,0.331097,0.424094,0.158635,0.032893,0.001169,,820600,,
2,3,,0.005628,0.048399,0.412637,0.423742,0.089812,0.019359,0.000423,,819200,,
2,2,,0.005158,0.0387,0.458872,0.394745,0.085526,0.016656,0.000344,,839100,,
2,3,,0.004159,0.034957,0.410618,0.441525,0.091466,0.017029,0.000246,,822100,,
2,3,,0.003478,0.044916,0.332194,0.448844,0.143434,0.026908,0.000226,,820900,,
2,3,,0.006129,0.039135,0.269579,0.453189,0.195081,0.035798,0.001089,,823300,,
2,2,,0.006018,0.049206,0.424811,0.414436,0.089898,0.015108,0.000524,,818900,,
2,2,,0.004733,0.036829,0.435519,0.424428,0.082015,0.01623,0.000246,,820000,,
2,2,,0.00697,0.046692,0.437703,0.397179,0.095285,0.015806,0.000364,,818900,,
2,2,,0.004994,0.045027,0.440669,0.40465,0.090654,0.013489,0.000517,,820000,,
2,2,,0.004733,0.035973,0.467361,0.393441,0.082015,0.01623,0.000246,,820200,,
2,3,,0.005014,0.039085,0.425824,0.429826,0.083058,0.01687,0.000323,,816800,,
2,3,,0.003978,0.032177,0.39936,0.441676,0.101326,0.020723,0.00076,,820100,,
2,3,,0.004679,0.044127,0.31908,0.430046,0.168695,0.032349,0.001024,,820300,,
2,3,,0.005605,0.061485,0.370903,0.415604,0.121769,0.023549,0.001085,,823100,,
2,3,,0.003552,0.033178,0.339514,0.448705,0.146488,0.02819,0.000372,,821800,,
2,3,,0.00377,0.038061,0.366141,0.435654,0.130008,0.025706,0.00066,,822500,,
2,3,,0.004857,0.04047,0.423391,0.42766,0.086667,0.016566,0.000389,,820500,,
2,3,,0.003548,0.028975,0.361416,0.470503,0.113288,0.022101,0.000169,,816500,,
2,3,,0.007066,0.039395,0.285419,0.432427,0.188765,0.042273,0.004656,,819800,,
3,3,,0.003389,0.027864,0.348792,0.472729,0.122605,0.024374,0.000246,,827500,,
3,3,,0.002776,0.020233,0.230829,0.450678,0.233323,0.059012,0.003149,,819700,,
3,3,,0.003374,0.026924,0.299215,0.45601,0.172911,0.04101,0.000556,,822700,,
3,2,,0.004643,0.0562,0.4154,0.412771,0.092876,0.017367,0.000743,,820300,,
3,3,,0.005725,0.029621,0.375549,0.406566,0.153811,0.028152,0.000576,,820600,,
3,3,,0.003026,0.027962,0.376353,0.445212,0.12378,0.023505,0.000164,,821600,,
3,3,,0.005266,0.03011,0.201143,0.41143,0.281661,0.066259,0.00413,,820900,,
3,3,,0.00537,0.043904,0.397448,0.424034,0.104607,0.023944,0.000693,,823300,,
3,3,,0.004593,0.033961,0.406555,0.441538,0.093856,0.019113,0.000384,,817700,,
3,3,,0.003501,0.025727,0.329117,0.471867,0.139692,0.029652,0.000444,,819000,,
3,3,,0.00325,0.028687,0.325861,0.469115,0.144286,0.028313,0.000489,,820000,,
3,3,,0.00431,0.040631,0.290418,0.455899,0.173359,0.034186,0.001197,,821100,,
3,3,,0.003891,0.03732,0.417433,0.427946,0.095976,0.01707,0.000364,,820800,,
3,3,,0.00487,0.039001,0.266064,0.454587,0.195381,0.038528,0.001569,,825300,,
3,3,,0.003316,0.02193,0.284044,0.454894,0.192399,0.041136,0.002281,,827100,,
3,3,,0.003416,0.029597,0.344607,0.483789,0.117382,0.021017,0.000192,,827800,,
3,3,,0.003238,0.029704,0.345005,0.479766,0.120211,0.021807,0.000268,,820600,,
3,3,,0.004172,0.040407,0.317686,0.452926,0.153711,0.029605,0.001493,,818800,,
3,3,,0.003958,0.033211,0.224793,0.47168,0.211772,0.05187,0.002716,,842300,,
3,3,,0.003457,0.032854,0.319202,0.478061,0.139754,0.026377,0.000294,,820600,,
3,3,,0.00447,0.03766,0.226955,0.416016,0.25729,0.05542,0.002189,,820500,,
3,2,,0.005221,0.048884,0.421663,0.393155,0.109208,0.021132,0.000737,,821800,,
3,2,,0.005141,0.0545,0.41638,0.40903,0.096555,0.017737,0.000658,,818900,,
3,2,,0.004952,0.035871,0.431121,0.428734,0.081991,0.016947,0.000384,,820300,,
3,3,,0.003114,0.025374,0.332705,0.486395,0.126794,0.025454,0.000164,,818300,,
3,2,,0.004582,0.03552,0.435756,0.432575,0.076622,0.014561,0.000384,,821600,,
3,3,,0.003525,0.030355,0.379687,0.461264,0.104773,0.020067,0.000329,,820300,,
3,3,,0.004969,0.035862,0.283818,0.427759,0.202978,0.041191,0.003423,,821800,,
3,3,,0.005791,0.0517,0.334841,0.383338,0.183109,0.040361,0.000861,,822600,,
3,3,,0.003447,0.029106,0.346586,0.41376,0.16789,0.03795,0.001261,,821000,,
3,3,,0.005352,0.036598,0.368237,0.450876,0.117648,0.02108,0.00021,,820900,,
3,3,,0.004336,0.032885,0.26859,0.446207,0.201834,0.044558,0.00159,,817300,,
3,3,,0.010349,0.040404,0.221822,0.411741,0.253498,0.057842,0.004345,,822100,,
3,3,,0.003382,0.027233,0.349533,0.474803,0.120642,0.024157,0.000252,,821000,,
3,3,,0.004372,0.030427,0.326098,0.452016,0.156114,0.029915,0.001057,,827600,,
3,3,,0.005822,0.043855,0.394477,0.410211,0.122794,0.02193,0.00091,,819300,,
3,3,,0.00271,0.024782,0.28355,0.462964,0.184232,0.041025,0.000736,,838600,,
3,3,,0.003346,0.021429,0.236958,0.446539,0.240677,0.049362,0.001691,,819500,,
3,3,,0.003831,0.031321,0.385869,0.458972,0.100788,0.01889,0.000329,,829100,,
3,3,,0.003843,0.027594,0.32439,0.457921,0.152784,0.031927,0.00154,,820400,,
3,3,,0.003777,0.03411,0.368475,0.457952,0.114029,0.021468,0.00019,,820400,,
3,3,,0.006914,0.054633,0.306947,0.415078,0.178009,0.035837,0.002583,,820800,,
3,3,,0.005708,0.037371,0.350105,0.446993,0.134664,0.024494,0.000666,,831500,,
3,3,,0.008578,0.037792,0.21336,0.417567,0.259606,0.059972,0.003124,,823600,,
3,3,,0.005162,0.043016,0.410426,0.432749,0.089977,0.018252,0.000419,,820100,,
3,3,,0.010206,0.040679,0.221915,0.420035,0.249247,0.054814,0.003105,,823200,,
3,3,,0.002758,0.020068,0.202404,0.467313,0.242896,0.061792,0.002768,,822800,,
3,3,,0.003842,0.030259,0.326714,0.447584,0.156093,0.034608,0.000901,,828100,,
3,3,,0.003473,0.035165,0.355314,0.436848,0.141535,0.027199,0.000467,,818700,,
3,3,,0.004574,0.036915,0.402508,0.439203,0.097648,0.018886,0.000267,,821500,,
3,3,,0.003398,0.027302,0.34813,0.480356,0.117735,0.022928,0.00015,,820300,,
3,3,,0.00354,0.031028,0.372615,0.434388,0.128763,0.028639,0.001027,,818000,,
3,3,,0.003659,0.0297,0.332417,0.455927,0.148675,0.02935,0.000272,,821000,,
3,3,,0.003895,0.030706,0.375052,0.457422,0.110142,0.022454,0.000329,,821200,,
3,3,,0.004285,0.034792,0.410771,0.430336,0.098294,0.0212,0.000323,,821800,,
3,3,,0.003375,0.026511,0.344413,0.478182,0.122698,0.024588,0.000233,,827600,,
3,3,,0.005346,0.031982,0.265024,0.456365,0.195399,0.044633,0.001251,,835900,,
3,3,,0.00303,0.023762,0.241893,0.441268,0.240393,0.048074,0.00158,,825600,,
3,3,,0.004367,0.033275,0.254631,0.470661,0.196943,0.038869,0.001254,,830500,,
3,3,,0.003277,0.028241,0.2959,0.451582,0.179334,0.040416,0.001251,,825900,,
3,3,,0.004118,0.030721,0.377139,0.4471,0.115716,0.024486,0.000719,,826100,,
3,3,,0.006217,0.045752,0.387272,0.423597,0.113714,0.022715,0.000734,,829500,,
3,3,,0.005095,0.035186,0.317156,0.45246,0.1584,0.031218,0.000486,,832200,,
3,3,,0.003832,0.034313,0.418759,0.436678,0.08742,0.018586,0.000411,,833700,,
3,3,,0.003872,0.036689,0.367235,0.4348,0.132525,0.024429,0.000449,,826800,,
3,3,,0.003622,0.036601,0.364771,0.451104,0.121281,0.022499,0.000122,,826400,,
3,3,,0.00379,0.027579,0.369108,0.43792,0.132956,0.027364,0.001283,,823000,,
3,3,,0.004593,0.033961,0.406555,0.441538,0.093856,0.019113,0.000384,,824200,,
3,3,,0.003594,0.026879,0.364375,0.439997,0.134819,0.029784,0.000551,,827800,,
3,3,,0.004346,0.033436,0.345214,0.457244,0.1324,0.026718,0.00064,,822700,,
3,3,,0.004967,0.03144,0.267531,0.434772,0.206747,0.051575,0.002968,,833300,,
3,3,,0.005601,0.030921,0.21297,0.435459,0.258158,0.054334,0.002558,,833500,,
3,3,,0.003507,0.025782,0.358126,0.444646,0.137096,0.030291,0.000551,,824400,,
3,3,,0.003132,0.028107,0.318119,0.481929,0.141486,0.026666,0.000562,,845600,,
3,3,,0.005476,0.034935,0.192094,0.442639,0.256143,0.064419,0.004293,,825800,,
3,3,,0.004278,0.030595,0.279382,0.459461,0.185085,0.038362,0.002838,,826500,,
3,3,,0.005692,0.050257,0.31625,0.432334,0.159899,0.034219,0.001349,,825300,,
3,3,,0.004042,0.026725,0.216795,0.449338,0.243609,0.054545,0.004946,,823300,,
3,3,,0.004096,0.031216,0.388255,0.405921,0.141659,0.028451,0.000401,,825800,,
3,3,,0.004783,0.037327,0.326959,0.459754,0.144309,0.026553,0.000315,,826400,,
3,3,,0.00537,0.043904,0.397448,0.424034,0.104607,0.023944,0.000693,,833300,,
3,3,,0.003782,0.029283,0.354351,0.447836,0.135505,0.028645,0.000598,,834200,,
3,3,,0.003638,0.030483,0.362436,0.45488,0.124944,0.02343,0.00019,,830900,,
3,3,,0.004978,0.037759,0.298444,0.467534,0.160521,0.030366,0.000399,,824800,,
3,3,,0.004075,0.031856,0.390464,0.437015,0.111393,0.024275,0.000922,,825400,,
3,3,,0.003895,0.03094,0.396779,0.418347,0.121868,0.026703,0.001468,,825700,,
3,3,,0.003513,0.026044,0.229487,0.446968,0.233207,0.057952,0.00283,,824100,,
3,3,,0.003296,0.032027,0.318207,0.465901,0.152017,0.028327,0.000226,,826000,,
3,3,,0.005292,0.033873,0.362706,0.42914,0.14159,0.026997,0.000403,,831800,,
3,3,,0.008477,0.026828,0.231201,0.428717,0.238911,0.061239,0.004627,,824500,,
3,3,,0.002955,0.027028,0.352253,0.480467,0.115386,0.02166,0.000252,,825100,,
3,3,,0.006042,0.047363,0.410275,0.418676,0.099787,0.017386,0.000472,,844000,,
3,3,,0.00481,0.036673,0.372962,0.442462,0.118468,0.024177,0.000447,,830000,,
3,3,,0.003405,0.028024,0.353251,0.476976,0.115678,0.022497,0.000169,,818100,,
3,3,,0.003114,0.025374,0.332705,0.486395,0.126794,0.025454,0.000164,,825700,,
3,3,,0.004751,0.041643,0.222478,0.426375,0.236574,0.063194,0.004984,,821000,,
3,3,,0.004422,0.030572,0.377435,0.434431,0.124471,0.027027,0.001642,,821600,,
3,3,,0.002811,0.025543,0.297646,0.430573,0.203485,0.039379,0.000563,,826800,,
3,3,,0.00383,0.029429,0.247321,0.457201,0.216422,0.044783,0.001014,,820800,,
3,3,,0.003673,0.034601,0.287883,0.429001,0.193358,0.04939,0.002095,,829300,,
3,3,,0.003853,0.034127,0.2949,0.474578,0.160171,0.03191,0.000461,,827600,,
3,3,,0.00477,0.036909,0.256852,0.407422,0.239029,0.051123,0.003895,,817600,,
3,3,,0.004201,0.033147,0.30063,0.469715,0.160124,0.0312,0.000984,,821900,,
3,3,,0.003975,0.029624,0.247742,0.466264,0.203472,0.04751,0.001414,,820400,,
3,3,,0.003349,0.031294,0.324242,0.463292,0.146831,0.030427,0.000565,,820200,,
3,3,,0.003883,0.031251,0.24371,0.435988,0.226443,0.056201,0.002525,,827800,,
3,3,,0.004304,0.036594,0.296137,0.46092,0.161925,0.037762,0.002357,,825000,,
3,3,,0.003557,0.027337,0.37105,0.457161,0.116474,0.024252,0.000169,,823500,,
3,3,,0.003659,0.032881,0.329458,0.457161,0.148147,0.028399,0.000294,,821100,,
3,3,,0.004723,0.046156,0.388617,0.431137,0.107487,0.021441,0.00044,,837600,,
3,3,,0.003416,0.03331,0.26801,0.47298,0.181807,0.03988,0.000597,,819700,,
3,3,,0.003925,0.02931,0.305262,0.431567,0.183387,0.044921,0.001627,,820300,,
3,3,,0.004173,0.029937,0.22486,0.462981,0.220129,0.05493,0.00299,,818600,,
3,3,,0.003971,0.047106,0.321841,0.420624,0.167507,0.0366,0.002352,,821200,,
3,3,,0.004665,0.0377,0.390157,0.399848,0.138931,0.027092,0.001607,,828900,,
3,3,,0.003659,0.0297,0.332417,0.455927,0.148675,0.02935,0.000272,,820700,,
3,3,,0.003513,0.024629,0.343472,0.448065,0.147172,0.03253,0.000618,,821600,,
3,3,,0.00382,0.028294,0.34935,0.463695,0.128289,0.026088,0.000463,,820900,,
3,3,,0.003025,0.022282,0.291526,0.444803,0.196842,0.040136,0.001385,,823800,,
3,3,,0.003995,0.034723,0.299907,0.459973,0.164771,0.036172,0.000459,,822300,,
3,3,,0.003629,0.02863,0.370797,0.459642,0.115048,0.022065,0.00019,,819400,,
3,3,,0.00403,0.030351,0.394443,0.444963,0.104952,0.021015,0.000246,,819800,,
3,3,,0.003644,0.029293,0.365515,0.461652,0.114694,0.025032,0.000169,,828100,,
3,3,,0.005041,0.039926,0.28263,0.417375,0.199688,0.051825,0.003514,,821700,,
3,3,,0.004225,0.043787,0.347572,0.440299,0.134603,0.028752,0.000763,,819500,,
3,3,,0.004768,0.035404,0.424367,0.436165,0.082562,0.01631,0.000425,,821100,,
3,3,,0.003616,0.031916,0.336917,0.474254,0.125947,0.027227,0.000123,,821000,,
3,3,,0.005051,0.042193,0.331917,0.452584,0.142458,0.025311,0.000486,,850100,,
3,3,,0.004388,0.035469,0.293236,0.411114,0.205115,0.048663,0.002016,,821300,,
3,3,,0.004064,0.034982,0.423127,0.432097,0.086828,0.018532,0.00037,,819900,,
3,2,,0.003965,0.036164,0.460325,0.398309,0.084401,0.01632,0.000516,,828200,,
3,3,,0.003684,0.026645,0.236865,0.475492,0.208371,0.047536,0.001407,,828000,,
3,3,,0.004458,0.034095,0.341279,0.378943,0.189714,0.048122,0.003389,,817100,,
3,3,,0.003411,0.025326,0.276275,0.43999,0.207711,0.045845,0.001442,,821800,,
3,3,,0.003,0.029664,0.284291,0.434057,0.204099,0.043005,0.001885,,820100,,
3,3,,0.00397,0.033165,0.37404,0.444651,0.120886,0.023117,0.000171,,819600,,
3,3,,0.005253,0.031769,0.345086,0.432295,0.154871,0.029001,0.001725,,822600,,
3,3,,0.003747,0.030254,0.388765,0.427988,0.123205,0.025131,0.000911,,820400,,
3,3,,0.003143,0.027299,0.27452,0.44228,0.209425,0.04264,0.000694,,831400,,
3,3,,0.003966,0.040429,0.299233,0.447106,0.173775,0.034472,0.00102,,826200,,
3,3,,0.00405,0.030208,0.256469,0.409715,0.238736,0.056906,0.003915,,818200,,
3,3,,0.005668,0.041042,0.24908,0.425653,0.220072,0.055793,0.002692,,821100,,
3,3,,0.00297,0.019236,0.214349,0.460985,0.241711,0.057981,0.002768,,822400,,
3,3,,0.004009,0.033247,0.404801,0.446509,0.09317,0.017937,0.000329,,827800,,
3,3,,0.003717,0.032446,0.294256,0.460832,0.169654,0.038298,0.000796,,820700,,
3,2,,0.004582,0.038625,0.451111,0.411258,0.079479,0.014561,0.000384,,834800,,
3,3,,0.004175,0.035517,0.2162,0.437351,0.240549,0.062227,0.003981,,819100,,
3,3,,0.00832,0.034161,0.220642,0.429528,0.247546,0.055832,0.003972,,819200,,
3,3,,0.004373,0.034063,0.422795,0.426245,0.093881,0.018396,0.000246,,829000,,
3,3,,0.003279,0.022102,0.229016,0.444393,0.246511,0.050996,0.003702,,818600,,
3,3,,0.004137,0.030958,0.263405,0.419201,0.229183,0.050367,0.002748,,821300,,
3,2,,0.004568,0.036269,0.445048,0.416237,0.081053,0.016579,0.000246,,820900,,
3,3,,0.004798,0.032388,0.346723,0.437257,0.142942,0.03402,0.001871,,818600,,
3,3,,0.004076,0.028922,0.393515,0.418297,0.127022,0.027628,0.00054,,821700,,
3,2,,0.004588,0.041985,0.463898,0.394174,0.080659,0.014373,0.000323,,820900,,
3,3,,0.0045,0.032914,0.260468,0.445909,0.21384,0.0412,0.001169,,822400,,
3,3,,0.004388,0.04232,0.338723,0.427789,0.154297,0.031811,0.000671,,826600,,
3,3,,0.004193,0.031221,0.380618,0.46013,0.103358,0.020234,0.000246,,822000,,
3,3,,0.003331,0.028231,0.261397,0.432502,0.21782,0.054223,0.002496,,821100,,
3,3,,0.002806,0.022627,0.282094,0.458676,0.190482,0.04226,0.001055,,820900,,
3,3,,0.003941,0.028245,0.354999,0.464406,0.124679,0.023518,0.000212,,824000,,
3,3,,0.00794,0.029784,0.217002,0.43669,0.248797,0.055874,0.003913,,822700,,
3,3,,0.004473,0.034565,0.371194,0.438968,0.124095,0.025644,0.001062,,818900,,
3,3,,0.003383,0.03624,0.408243,0.415163,0.11511,0.02139,0.00047,,821000,,
3,3,,0.004785,0.050162,0.335507,0.395113,0.171229,0.040182,0.003021,,831100,,
3,3,,0.005329,0.035777,0.332469,0.45726,0.141246,0.027415,0.000504,,819500,,
3,3,,0.004175,0.035517,0.2162,0.437351,0.240549,0.062227,0.003981,,821100,,
3,3,,0.003398,0.027302,0.34813,0.480356,0.117735,0.022928,0.00015,,826000,,
3,3,,0.00297,0.019236,0.214349,0.460985,0.241711,0.057981,0.002768,,819600,,
3,3,,0.00466,0.037724,0.425407,0.431251,0.083788,0.016923,0.000246,,820600,,
3,3,,0.002954,0.023406,0.285632,0.453158,0.189658,0.044294,0.000899,,821000,,
3,3,,0.003752,0.040399,0.325693,0.397067,0.191897,0.040255,0.000937,,822700,,
3,3,,0.004794,0.040441,0.35811,0.424889,0.142632,0.028536,0.000597,,821700,,
3,3,,0.00365,0.034909,0.354552,0.461532,0.124521,0.020665,0.000171,,830400,,
3,3,,0.003803,0.031846,0.33626,0.436225,0.155925,0.035232,0.000709,,819800,,
3,3,,0.003483,0.027757,0.332189,0.472368,0.136502,0.027217,0.000484,,819600,,
3,3,,0.004029,0.035378,0.323916,0.459763,0.148708,0.027823,0.000383,,818900,,
3,3,,0.004455,0.0416,0.386315,0.408295,0.131776,0.027062,0.000497,,821600,,
3,3,,0.003469,0.027474,0.367624,0.459167,0.118365,0.02365,0.000252,,821200,,
3,3,,0.00401,0.028687,0.216533,0.45148,0.245647,0.050576,0.003068,,826600,,
3,3,,0.004089,0.031818,0.396476,0.446411,0.099631,0.021066,0.000508,,819400,,
3,3,,0.003891,0.04351,0.265697,0.41878,0.217362,0.048775,0.001986,,829200,,
3,3,,0.004458,0.033172,0.287682,0.417205,0.209239,0.045175,0.003068,,836000,,
3,3,,0.003152,0.029197,0.34867,0.453914,0.137963,0.026523,0.000581,,820700,,
3,3,,0.004301,0.045471,0.318818,0.439217,0.15615,0.035359,0.000684,,820400,,
