steel-plates,Tuned_CWT,test,1,NANOSECONDS,PREDICTIONS, Generated by ClassifierExperiments.java on 2022-05-16 01:21:22.    SYSTEMPROPERTIES:{user.name:matth,os.arch:amd64,os.name:Windows 10},ENDSYSTEMPROPERTIES
No parameter info
0.28388746803069054,561688900,483423400,-1,29055440,7,,-1,-1
0,2,,0.035235,0.052509,0.406112,0.014064,0.018943,0.112768,0.360369,,1477100,,
0,2,,0.034693,0.05331,0.415974,0.019583,0.018234,0.102391,0.355815,,1345000,,
0,2,,0.035235,0.052509,0.406112,0.014064,0.018943,0.112768,0.360369,,1340900,,
0,2,,0.029826,0.077163,0.405975,0.012236,0.017229,0.102227,0.355345,,1338000,,
0,2,,0.023677,0.00892,0.508849,0.03887,0.015949,0.099174,0.304562,,1347300,,
0,2,,0.022768,0.02892,0.508849,0.03887,0.01504,0.138265,0.24729,,1345600,,
0,2,,0.035235,0.052509,0.406112,0.014064,0.018943,0.112768,0.360369,,1338000,,
0,2,,0.034693,0.05331,0.415974,0.019583,0.018234,0.102391,0.355815,,1330800,,
0,2,,0.034282,0.052235,0.411458,0.019583,0.018234,0.113714,0.350495,,1341000,,
0,2,,0.024305,0.00892,0.508849,0.03687,0.015949,0.099328,0.30578,,1425700,,
0,2,,0.036594,0.052627,0.406112,0.012182,0.019531,0.101526,0.371428,,1341000,,
0,2,,0.022866,0.00892,0.527796,0.03687,0.015949,0.086285,0.301314,,1359300,,
0,2,,0.036594,0.052627,0.406112,0.012182,0.019531,0.101526,0.371428,,1327800,,
0,2,,0.023396,0.02892,0.508849,0.03687,0.01504,0.088419,0.298507,,1330800,,
0,2,,0.029198,0.077163,0.405975,0.014236,0.017229,0.102072,0.354127,,1341500,,
0,2,,0.029826,0.077163,0.405975,0.012236,0.017229,0.102227,0.355345,,1348800,,
0,2,,0.022866,0.00892,0.527796,0.03687,0.015949,0.086285,0.301314,,1344700,,
0,2,,0.022866,0.00892,0.527796,0.03687,0.015949,0.086285,0.301314,,1347900,,
0,6,,0.056231,0.302596,0.000305,0.002199,0.020095,0.154622,0.46395,,1329700,,
0,2,,0.034693,0.05331,0.415974,0.019583,0.018234,0.102391,0.355815,,1334300,,
0,6,,0.118608,0.047841,0.001724,0.000423,0.037812,0.26514,0.528453,,1337300,,
0,2,,0.022866,0.00892,0.527796,0.03687,0.015949,0.086285,0.301314,,1329500,,
0,2,,0.035235,0.052509,0.406112,0.014064,0.018943,0.112768,0.360369,,1330200,,
0,2,,0.023677,0.00892,0.508849,0.03887,0.015949,0.099174,0.304562,,1343100,,
0,2,,0.035235,0.052509,0.406112,0.014064,0.018943,0.112768,0.360369,,1330800,,
0,6,,0.118608,0.047841,0.001724,0.000423,0.037812,0.26514,0.528453,,1335100,,
0,6,,0.118608,0.047841,0.001724,0.000423,0.037812,0.26514,0.528453,,1343300,,
0,6,,0.118608,0.047841,0.001724,0.000423,0.037812,0.26514,0.528453,,1329900,,
0,2,,0.036274,0.053584,0.410628,0.012064,0.018943,0.101599,0.366907,,1330200,,
0,6,,0.118608,0.047841,0.001724,0.000423,0.037812,0.26514,0.528453,,1330900,,
0,2,,0.037659,0.052509,0.406112,0.014064,0.018034,0.110192,0.36143,,1338100,,
0,2,,0.137768,0.00892,0.508849,0.03887,0.01504,0.093265,0.19729,,1339300,,
1,2,,0.023807,0.012495,0.513365,0.03687,0.01504,0.099596,0.298827,,1342100,,
1,2,,0.035268,0.052235,0.430405,0.019583,0.017325,0.098094,0.34709,,1331000,,
1,2,,0.036706,0.052235,0.411458,0.019583,0.017325,0.111138,0.351556,,1332200,,
1,2,,0.032844,0.052235,0.430405,0.019583,0.018234,0.10067,0.346029,,1294800,,
1,2,,0.032844,0.052235,0.430405,0.019583,0.018234,0.10067,0.346029,,1193600,,
1,2,,0.033373,0.072235,0.411458,0.019583,0.017325,0.102805,0.343222,,1185800,,
1,2,,0.026167,0.055522,0.449439,0.013324,0.016075,0.106983,0.33249,,1185500,,
1,2,,0.032844,0.052235,0.430405,0.019583,0.018234,0.10067,0.346029,,1193100,,
1,2,,0.014751,0.009707,0.565778,0.03061,0.013791,0.057054,0.308309,,1185000,,
1,2,,0.026167,0.055522,0.449439,0.013324,0.016075,0.106983,0.33249,,1769400,,
1,2,,0.035268,0.052235,0.430405,0.019583,0.017325,0.098094,0.34709,,1788900,,
1,2,,0.032844,0.052235,0.430405,0.019583,0.018234,0.10067,0.346029,,1224400,,
1,2,,0.032844,0.052235,0.430405,0.019583,0.018234,0.10067,0.346029,,1199700,,
1,2,,0.148373,0.052235,0.411458,0.019583,0.017325,0.107805,0.243222,,1192900,,
1,2,,0.034282,0.052235,0.411458,0.019583,0.018234,0.113714,0.350495,,1175800,,
1,2,,0.025637,0.053022,0.468387,0.013324,0.016985,0.082349,0.340297,,1201200,,
1,2,,0.028062,0.053022,0.468387,0.013324,0.016075,0.079773,0.341358,,1178100,,
1,2,,0.033373,0.054735,0.411458,0.019583,0.017325,0.125305,0.338222,,1175200,,
1,2,,0.034282,0.052235,0.411458,0.019583,0.018234,0.113714,0.350495,,1177900,,
1,2,,0.032844,0.052235,0.430405,0.019583,0.018234,0.10067,0.346029,,1181400,,
1,6,,0.056231,0.302596,0.000305,0.002199,0.020095,0.154622,0.46395,,1176000,,
1,2,,0.148373,0.052235,0.411458,0.019583,0.017325,0.107805,0.243222,,1217200,,
1,2,,0.033373,0.054735,0.411458,0.019583,0.017325,0.125305,0.338222,,1181100,,
1,2,,0.026167,0.055522,0.449439,0.013324,0.016075,0.106983,0.33249,,1184700,,
1,2,,0.034282,0.052235,0.411458,0.019583,0.018234,0.113714,0.350495,,1183900,,
1,2,,0.032844,0.052235,0.430405,0.019583,0.018234,0.10067,0.346029,,1181200,,
1,2,,0.016601,0.010782,0.551346,0.03061,0.013791,0.058774,0.318095,,1187200,,
1,2,,0.033373,0.054735,0.411458,0.019583,0.017325,0.125305,0.338222,,1181400,,
1,2,,0.034282,0.052235,0.411458,0.019583,0.018234,0.113714,0.350495,,1192000,,
1,6,,0.056231,0.302596,0.000305,0.002199,0.020095,0.154622,0.46395,,1180200,,
1,2,,0.026167,0.055522,0.449439,0.013324,0.016075,0.106983,0.33249,,1185300,,
1,2,,0.032844,0.052235,0.430405,0.019583,0.018234,0.10067,0.346029,,1179800,,
1,2,,0.026167,0.053022,0.449439,0.013324,0.016075,0.084483,0.35749,,1178400,,
1,2,,0.148373,0.052235,0.411458,0.019583,0.017325,0.107805,0.243222,,1180400,,
1,2,,0.024728,0.055522,0.468387,0.013324,0.016075,0.09394,0.328025,,1186700,,
1,2,,0.148373,0.052235,0.411458,0.019583,0.017325,0.107805,0.243222,,1185300,,
1,2,,0.035268,0.052235,0.430405,0.019583,0.017325,0.098094,0.34709,,1187000,,
1,2,,0.034282,0.052235,0.411458,0.019583,0.018234,0.113714,0.350495,,1217500,,
2,2,,0.014751,0.009707,0.565778,0.03061,0.013791,0.057054,0.308309,,1193600,,
2,2,,0.014751,0.009707,0.565778,0.03061,0.013791,0.057054,0.308309,,1203300,,
2,2,,0.014751,0.009707,0.565778,0.03061,0.013791,0.057054,0.308309,,1188300,,
2,2,,0.014751,0.009707,0.565778,0.03061,0.013791,0.057054,0.308309,,1186900,,
2,2,,0.015879,0.011136,0.56683,0.03061,0.013791,0.06134,0.300415,,1209800,,
2,2,,0.01445,0.012207,0.56683,0.03061,0.013791,0.079554,0.282557,,1629200,,
2,2,,0.014751,0.009707,0.565778,0.03061,0.013791,0.057054,0.308309,,1306100,,
2,2,,0.01445,0.012207,0.56683,0.03061,0.013791,0.079554,0.282557,,1196200,,
2,2,,0.014751,0.009707,0.565778,0.03061,0.013791,0.057054,0.308309,,1215600,,
2,2,,0.01445,0.012207,0.56683,0.03061,0.013791,0.079554,0.282557,,1184800,,
2,2,,0.014751,0.009707,0.565778,0.03061,0.013791,0.057054,0.308309,,1202200,,
2,2,,0.024716,0.009995,0.513365,0.03687,0.015949,0.088005,0.3111,,1204600,,
2,2,,0.014751,0.009707,0.565778,0.03061,0.013791,0.057054,0.308309,,1185100,,
2,2,,0.015879,0.011136,0.56683,0.03061,0.013791,0.06134,0.300415,,1215600,,
2,2,,0.014751,0.009707,0.565778,0.03061,0.013791,0.057054,0.308309,,1186600,,
2,2,,0.014751,0.009707,0.565778,0.03061,0.013791,0.057054,0.308309,,1188800,,
2,2,,0.015879,0.011136,0.56683,0.03061,0.013791,0.06134,0.300415,,1177500,,
2,2,,0.024716,0.009995,0.513365,0.03687,0.015949,0.088005,0.3111,,1204300,,
2,2,,0.014751,0.009707,0.565778,0.03061,0.013791,0.057054,0.308309,,1181700,,
2,2,,0.014751,0.009707,0.565778,0.03061,0.013791,0.057054,0.308309,,1185000,,
2,2,,0.014751,0.009707,0.565778,0.03061,0.013791,0.057054,0.308309,,1178700,,
2,2,,0.015879,0.011136,0.56683,0.03061,0.013791,0.06134,0.300415,,1180500,,
2,2,,0.014751,0.009707,0.565778,0.03061,0.013791,0.057054,0.308309,,1182100,,
2,2,,0.015879,0.011136,0.56683,0.03061,0.013791,0.06134,0.300415,,1178700,,
2,2,,0.014751,0.009707,0.565778,0.03061,0.013791,0.057054,0.308309,,1192300,,
2,2,,0.014751,0.009707,0.565778,0.03061,0.013791,0.057054,0.308309,,1187000,,
2,2,,0.014751,0.009707,0.565778,0.03061,0.013791,0.057054,0.308309,,1184800,,
2,2,,0.014751,0.009707,0.565778,0.03061,0.013791,0.057054,0.308309,,1193900,,
2,2,,0.014751,0.009707,0.565778,0.03061,0.013791,0.057054,0.308309,,1187600,,
2,2,,0.024716,0.009995,0.513365,0.03687,0.015949,0.088005,0.3111,,1184500,,
2,2,,0.01445,0.012207,0.56683,0.03061,0.013791,0.079554,0.282557,,1185100,,
2,2,,0.024716,0.009995,0.513365,0.03687,0.015949,0.088005,0.3111,,1178800,,
2,2,,0.024716,0.009995,0.513365,0.03687,0.015949,0.088005,0.3111,,1174500,,
2,2,,0.014751,0.009707,0.565778,0.03061,0.013791,0.057054,0.308309,,1179600,,
2,2,,0.015879,0.011136,0.56683,0.03061,0.013791,0.06134,0.300415,,1181000,,
2,2,,0.024716,0.009995,0.513365,0.03687,0.015949,0.088005,0.3111,,1182500,,
2,2,,0.022866,0.00892,0.527796,0.03687,0.015949,0.086285,0.301314,,1185000,,
2,2,,0.01566,0.009707,0.565778,0.03061,0.0147,0.067963,0.295582,,1184500,,
2,2,,0.014751,0.009707,0.565778,0.03061,0.013791,0.057054,0.308309,,1183400,,
2,2,,0.01445,0.012207,0.56683,0.03061,0.013791,0.079554,0.282557,,1195900,,
2,2,,0.014751,0.009707,0.565778,0.03061,0.013791,0.057054,0.308309,,1270000,,
2,2,,0.014751,0.009707,0.565778,0.03061,0.013791,0.057054,0.308309,,1188000,,
2,2,,0.014751,0.009707,0.565778,0.03061,0.013791,0.057054,0.308309,,1188400,,
2,2,,0.014751,0.009707,0.565778,0.03061,0.013791,0.057054,0.308309,,1228300,,
2,2,,0.014751,0.009707,0.565778,0.03061,0.013791,0.057054,0.308309,,1183700,,
2,2,,0.014751,0.009707,0.565778,0.03061,0.013791,0.057054,0.308309,,1188200,,
2,2,,0.015879,0.011136,0.56683,0.03061,0.013791,0.06134,0.300415,,1182400,,
2,2,,0.014751,0.009707,0.565778,0.03061,0.013791,0.057054,0.308309,,1182900,,
2,2,,0.014751,0.009707,0.565778,0.03061,0.013791,0.057054,0.308309,,1185900,,
2,2,,0.014751,0.009707,0.565778,0.03061,0.013791,0.057054,0.308309,,1178700,,
2,2,,0.014751,0.009707,0.565778,0.03061,0.013791,0.057054,0.308309,,1178200,,
2,2,,0.015879,0.011136,0.56683,0.03061,0.013791,0.06134,0.300415,,1198100,,
2,2,,0.024716,0.009995,0.513365,0.03687,0.015949,0.088005,0.3111,,1194500,,
2,2,,0.014751,0.009707,0.565778,0.03061,0.013791,0.057054,0.308309,,1196800,,
2,2,,0.01445,0.012207,0.56683,0.03061,0.013791,0.079554,0.282557,,1200900,,
2,2,,0.015879,0.011136,0.56683,0.03061,0.013791,0.06134,0.300415,,1196700,,
2,2,,0.014751,0.009707,0.565778,0.03061,0.013791,0.057054,0.308309,,1185400,,
2,2,,0.015879,0.011136,0.56683,0.03061,0.013791,0.06134,0.300415,,1187600,,
2,2,,0.014751,0.009707,0.565778,0.03061,0.013791,0.057054,0.308309,,1182100,,
2,2,,0.024716,0.009995,0.513365,0.03687,0.015949,0.088005,0.3111,,1186500,,
2,2,,0.015879,0.011136,0.56683,0.03061,0.013791,0.06134,0.300415,,1185100,,
2,2,,0.014751,0.009707,0.565778,0.03061,0.013791,0.057054,0.308309,,1177200,,
2,2,,0.015879,0.011136,0.56683,0.03061,0.013791,0.06134,0.300415,,1180200,,
2,2,,0.015879,0.011136,0.56683,0.03061,0.013791,0.06134,0.300415,,1205000,,
2,2,,0.015879,0.011136,0.56683,0.03061,0.013791,0.06134,0.300415,,1183400,,
2,2,,0.014751,0.009707,0.565778,0.03061,0.013791,0.057054,0.308309,,1188500,,
2,2,,0.014751,0.009707,0.565778,0.03061,0.013791,0.057054,0.308309,,1183700,,
2,2,,0.014751,0.009707,0.565778,0.03061,0.013791,0.057054,0.308309,,1180200,,
2,2,,0.01445,0.012207,0.56683,0.03061,0.013791,0.079554,0.282557,,1185100,,
2,2,,0.014751,0.009707,0.565778,0.03061,0.013791,0.057054,0.308309,,1972500,,
2,2,,0.015879,0.011136,0.56683,0.03061,0.013791,0.06134,0.300415,,1225700,,
2,2,,0.014751,0.009707,0.565778,0.03061,0.013791,0.057054,0.308309,,1177900,,
2,2,,0.024716,0.009995,0.513365,0.03687,0.015949,0.088005,0.3111,,1188000,,
2,2,,0.015879,0.011136,0.56683,0.03061,0.013791,0.06134,0.300415,,1177100,,
2,2,,0.014751,0.009707,0.565778,0.03061,0.013791,0.057054,0.308309,,1181400,,
2,2,,0.014751,0.009707,0.565778,0.03061,0.013791,0.057054,0.308309,,1174600,,
2,2,,0.01445,0.012207,0.56683,0.03061,0.013791,0.079554,0.282557,,1175500,,
2,2,,0.01566,0.009707,0.565778,0.03061,0.0147,0.067963,0.295582,,1175500,,
2,2,,0.014751,0.009707,0.565778,0.03061,0.013791,0.057054,0.308309,,1176100,,
3,2,,0.023807,0.029995,0.513365,0.03687,0.01504,0.127096,0.253827,,1196400,,
3,2,,0.023807,0.029995,0.513365,0.03687,0.01504,0.127096,0.253827,,1180900,,
3,2,,0.023807,0.029995,0.513365,0.03687,0.01504,0.127096,0.253827,,1217000,,
3,2,,0.024716,0.009995,0.513365,0.03687,0.015949,0.088005,0.3111,,1203100,,
3,2,,0.022768,0.00892,0.508849,0.03887,0.01504,0.108265,0.29729,,1187100,,
3,2,,0.021657,0.02892,0.513024,0.047199,0.016579,0.126475,0.246147,,1186900,,
3,2,,0.023807,0.009995,0.513365,0.03687,0.01504,0.147096,0.253827,,1200800,,
3,2,,0.023807,0.009995,0.513365,0.03687,0.01504,0.097096,0.303827,,1191700,,
3,2,,0.023807,0.009995,0.513365,0.03687,0.01504,0.147096,0.253827,,1188900,,
3,2,,0.023807,0.029995,0.513365,0.03687,0.01504,0.127096,0.253827,,1193800,,
3,2,,0.023807,0.009995,0.513365,0.03687,0.01504,0.147096,0.253827,,1186900,,
3,2,,0.023807,0.009995,0.513365,0.03687,0.01504,0.097096,0.303827,,1185700,,
3,2,,0.023807,0.029995,0.513365,0.03687,0.01504,0.127096,0.253827,,1179800,,
3,2,,0.023807,0.009995,0.513365,0.03687,0.01504,0.147096,0.253827,,1184800,,
3,2,,0.016601,0.030782,0.551346,0.03061,0.013791,0.108774,0.248095,,1184800,,
4,2,,0.028388,0.077163,0.424922,0.012236,0.017229,0.089183,0.350879,,1193000,,
4,2,,0.029198,0.077163,0.405975,0.014236,0.017229,0.102072,0.354127,,1190600,,
4,2,,0.023677,0.00892,0.508849,0.03887,0.015949,0.099174,0.304562,,1192000,,
4,2,,0.030238,0.078238,0.410491,0.012236,0.017229,0.090904,0.360665,,1206600,,
4,2,,0.030238,0.078238,0.410491,0.012236,0.017229,0.090904,0.360665,,1197900,,
4,2,,0.028388,0.077163,0.424922,0.012236,0.017229,0.089183,0.350879,,1204300,,
4,2,,0.028388,0.077163,0.424922,0.012236,0.017229,0.089183,0.350879,,1188700,,
4,2,,0.030238,0.078238,0.410491,0.012236,0.017229,0.090904,0.360665,,1183700,,
4,2,,0.028388,0.077163,0.424922,0.012236,0.017229,0.089183,0.350879,,1187400,,
4,2,,0.022866,0.00892,0.527796,0.03687,0.015949,0.086285,0.301314,,1596300,,
4,2,,0.023677,0.00892,0.508849,0.03887,0.015949,0.099174,0.304562,,1591800,,
5,2,,0.023677,0.00892,0.508849,0.03887,0.015949,0.099174,0.304562,,1188500,,
5,6,,0.056568,0.303531,0.000305,0.002082,0.021963,0.158004,0.457546,,1198300,,
5,2,,0.024716,0.009995,0.513365,0.03687,0.015949,0.088005,0.3111,,1195200,,
5,2,,0.035863,0.052509,0.406112,0.012064,0.018943,0.112922,0.361587,,1216300,,
5,2,,0.024716,0.009995,0.513365,0.03687,0.015949,0.088005,0.3111,,1212600,,
5,2,,0.035235,0.052509,0.406112,0.014064,0.018943,0.112768,0.360369,,1192600,,
5,2,,0.023677,0.00892,0.508849,0.03887,0.015949,0.099174,0.304562,,1186100,,
5,6,,0.056231,0.302596,0.000305,0.002199,0.020095,0.154622,0.46395,,1179000,,
5,6,,0.056568,0.303531,0.000305,0.002082,0.021963,0.158004,0.457546,,1177200,,
5,2,,0.024716,0.009995,0.513365,0.03687,0.015949,0.088005,0.3111,,1180800,,
5,2,,0.023807,0.012495,0.513365,0.03687,0.01504,0.099596,0.298827,,1200900,,
5,6,,0.058992,0.303531,0.000305,0.002082,0.021054,0.155429,0.458607,,1197500,,
5,2,,0.034282,0.052235,0.411458,0.019583,0.018234,0.113714,0.350495,,1211400,,
5,2,,0.023677,0.00892,0.508849,0.03887,0.015949,0.099174,0.304562,,1192000,,
5,2,,0.032745,0.054735,0.411458,0.021583,0.017325,0.12515,0.337005,,1218700,,
5,2,,0.034282,0.052235,0.411458,0.019583,0.018234,0.113714,0.350495,,1260200,,
5,2,,0.024716,0.009995,0.513365,0.03687,0.015949,0.088005,0.3111,,1228600,,
5,2,,0.034954,0.075009,0.406112,0.012064,0.018034,0.144513,0.309314,,1190400,,
5,2,,0.024716,0.009995,0.513365,0.03687,0.015949,0.088005,0.3111,,1182500,,
5,2,,0.033515,0.055009,0.425059,0.012064,0.018034,0.11147,0.344849,,1182400,,
5,2,,0.035863,0.052509,0.406112,0.012064,0.018943,0.112922,0.361587,,1232400,,
5,2,,0.029198,0.077163,0.405975,0.014236,0.017229,0.102072,0.354127,,1201300,,
5,2,,0.143289,0.077163,0.405975,0.014236,0.01632,0.096163,0.246855,,1194000,,
5,2,,0.024716,0.009995,0.513365,0.03687,0.015949,0.088005,0.3111,,1190200,,
5,2,,0.01445,0.012207,0.551006,0.04094,0.015329,0.080653,0.285415,,1198700,,
5,2,,0.024716,0.009995,0.513365,0.03687,0.015949,0.088005,0.3111,,1182400,,
5,2,,0.015561,0.009707,0.54683,0.03261,0.013791,0.069943,0.311557,,1180400,,
5,2,,0.029198,0.077163,0.405975,0.014236,0.017229,0.102072,0.354127,,1206700,,
5,2,,0.033654,0.052235,0.411458,0.021583,0.018234,0.113559,0.349278,,1192600,,
5,2,,0.033215,0.055009,0.426112,0.012064,0.018034,0.11147,0.344097,,1213300,,
5,2,,0.023677,0.00892,0.508849,0.03887,0.015949,0.099174,0.304562,,1191400,,
5,2,,0.028917,0.077163,0.405975,0.012236,0.01632,0.091318,0.368072,,1186700,,
5,2,,0.034282,0.052235,0.411458,0.019583,0.018234,0.113714,0.350495,,1510000,,
5,2,,0.033373,0.054735,0.411458,0.019583,0.017325,0.125305,0.338222,,1534500,,
5,6,,0.055322,0.305096,0.000305,0.002199,0.019186,0.166213,0.451677,,2628000,,
5,2,,0.023677,0.00892,0.508849,0.03887,0.015949,0.099174,0.304562,,2576100,,
5,2,,0.029329,0.080738,0.410491,0.012236,0.01632,0.102495,0.348392,,2314200,,
5,2,,0.028917,0.119663,0.405975,0.012236,0.01632,0.113818,0.303072,,1871900,,
5,2,,0.027479,0.077163,0.424922,0.012236,0.01632,0.078274,0.363606,,1408800,,
5,2,,0.034282,0.052235,0.411458,0.019583,0.018234,0.113714,0.350495,,1184400,,
5,2,,0.029198,0.077163,0.405975,0.014236,0.017229,0.102072,0.354127,,1183200,,
5,2,,0.023677,0.00892,0.508849,0.03887,0.015949,0.099174,0.304562,,1178300,,
5,2,,0.023396,0.01142,0.508849,0.03687,0.01504,0.110919,0.293507,,1183100,,
5,2,,0.034425,0.052509,0.425059,0.012064,0.018943,0.099879,0.357121,,1184600,,
5,2,,0.033373,0.094735,0.411458,0.019583,0.017325,0.125305,0.298222,,1180100,,
5,2,,0.033654,0.052235,0.411458,0.021583,0.018234,0.113559,0.349278,,1179400,,
5,2,,0.034282,0.052235,0.411458,0.019583,0.018234,0.113714,0.350495,,1175900,,
5,2,,0.028917,0.079663,0.405975,0.012236,0.01632,0.093818,0.363072,,1190200,,
5,2,,0.024305,0.00892,0.508849,0.03687,0.015949,0.099328,0.30578,,1199100,,
5,2,,0.028289,0.079663,0.405975,0.014236,0.01632,0.113663,0.341855,,1184600,,
5,2,,0.024716,0.009995,0.513365,0.03687,0.015949,0.088005,0.3111,,1186500,,
5,2,,0.01618,0.011136,0.565778,0.03061,0.013791,0.06134,0.301166,,1196600,,
5,2,,0.034282,0.052235,0.411458,0.019583,0.018234,0.113714,0.350495,,1200200,,
5,2,,0.034954,0.055009,0.406112,0.012064,0.018034,0.124513,0.349314,,1185300,,
5,2,,0.029826,0.077163,0.405975,0.012236,0.017229,0.102227,0.355345,,1181000,,
5,2,,0.028289,0.079663,0.405975,0.014236,0.01632,0.113663,0.341855,,1183400,,
5,2,,0.023677,0.00892,0.508849,0.03887,0.015949,0.099174,0.304562,,1184900,,
5,2,,0.030238,0.078238,0.410491,0.012236,0.017229,0.090904,0.360665,,1195500,,
5,2,,0.024716,0.009995,0.513365,0.03687,0.015949,0.088005,0.3111,,1182700,,
5,2,,0.029198,0.077163,0.405975,0.014236,0.017229,0.102072,0.354127,,1185700,,
5,2,,0.149326,0.052509,0.406112,0.014064,0.018034,0.106858,0.253097,,1181200,,
5,2,,0.033654,0.052235,0.411458,0.021583,0.018234,0.113559,0.349278,,1179700,,
5,2,,0.024305,0.00892,0.508849,0.03687,0.015949,0.099328,0.30578,,1244300,,
5,2,,0.024305,0.00892,0.508849,0.03687,0.015949,0.099328,0.30578,,1233000,,
5,2,,0.034282,0.052235,0.411458,0.019583,0.018234,0.113714,0.350495,,1180200,,
5,2,,0.034282,0.052235,0.411458,0.019583,0.018234,0.113714,0.350495,,1186200,,
5,6,,0.056231,0.302596,0.000305,0.002199,0.020095,0.154622,0.46395,,1187200,,
5,2,,0.028289,0.079663,0.405975,0.014236,0.01632,0.113663,0.341855,,1181800,,
5,6,,0.118608,0.047841,0.001724,0.000423,0.037812,0.26514,0.528453,,1189600,,
5,2,,0.034282,0.052235,0.411458,0.019583,0.018234,0.113714,0.350495,,1235300,,
5,2,,0.035863,0.052509,0.406112,0.012064,0.018943,0.112922,0.361587,,1194000,,
5,2,,0.035863,0.052509,0.406112,0.012064,0.018943,0.112922,0.361587,,1189400,,
5,2,,0.035235,0.052509,0.406112,0.014064,0.018943,0.112768,0.360369,,1188800,,
5,2,,0.033515,0.052509,0.425059,0.012064,0.018034,0.08897,0.369849,,1184400,,
5,2,,0.024716,0.009995,0.513365,0.03687,0.015949,0.088005,0.3111,,1202300,,
5,2,,0.033373,0.094735,0.411458,0.019583,0.017325,0.125305,0.298222,,1194500,,
5,2,,0.027479,0.077163,0.424922,0.012236,0.01632,0.078274,0.363606,,1178000,,
5,2,,0.024716,0.009995,0.513365,0.03687,0.015949,0.088005,0.3111,,1179700,,
5,2,,0.022866,0.00892,0.527796,0.03687,0.015949,0.086285,0.301314,,1179200,,
5,2,,0.024305,0.00892,0.508849,0.03687,0.015949,0.099328,0.30578,,1181000,,
5,2,,0.022768,0.01142,0.508849,0.03887,0.01504,0.110765,0.29229,,1186000,,
6,6,,0.056231,0.302596,0.000305,0.002199,0.020095,0.154622,0.46395,,1195800,,
6,2,,0.035863,0.052509,0.406112,0.012064,0.018943,0.112922,0.361587,,1191900,,
6,2,,0.01647,0.009707,0.54683,0.03261,0.0147,0.080852,0.29883,,1196500,,
6,2,,0.01445,0.009707,0.551006,0.04094,0.015329,0.058153,0.310415,,1191200,,
6,6,,0.118608,0.047841,0.001724,0.000423,0.037812,0.26514,0.528453,,1192200,,
6,2,,0.024716,0.009995,0.513365,0.03687,0.015949,0.088005,0.3111,,1184400,,
6,6,,0.056231,0.302596,0.000305,0.002199,0.020095,0.154622,0.46395,,1180200,,
6,2,,0.034282,0.052235,0.411458,0.019583,0.018234,0.113714,0.350495,,1179800,,
6,2,,0.030238,0.078238,0.410491,0.012236,0.017229,0.090904,0.360665,,1194500,,
6,2,,0.024427,0.055522,0.469439,0.013324,0.016075,0.09394,0.327273,,1184200,,
6,2,,0.015359,0.009707,0.56683,0.03061,0.0147,0.067963,0.29483,,1185800,,
6,2,,0.016601,0.010782,0.551346,0.03061,0.013791,0.058774,0.318095,,1347400,,
6,2,,0.028917,0.119663,0.405975,0.012236,0.01632,0.113818,0.303072,,1195600,,
6,2,,0.022866,0.00892,0.527796,0.03687,0.015949,0.086285,0.301314,,1206700,,
6,2,,0.024716,0.009995,0.513365,0.03687,0.015949,0.088005,0.3111,,1181000,,
6,2,,0.035863,0.052509,0.406112,0.012064,0.018943,0.112922,0.361587,,1184600,,
6,2,,0.023677,0.00892,0.508849,0.03887,0.015949,0.099174,0.304562,,1209000,,
6,6,,0.056231,0.302596,0.000305,0.002199,0.020095,0.154622,0.46395,,1250000,,
6,6,,0.055322,0.302596,0.000305,0.002199,0.019186,0.163713,0.456677,,1192900,,
6,2,,0.015561,0.009707,0.54683,0.03261,0.013791,0.069943,0.311557,,1188200,,
6,2,,0.024716,0.009995,0.513365,0.03687,0.015949,0.088005,0.3111,,1188800,,
6,2,,0.024716,0.009995,0.513365,0.03687,0.015949,0.088005,0.3111,,1193600,,
6,2,,0.034282,0.052235,0.411458,0.019583,0.018234,0.113714,0.350495,,1239700,,
6,2,,0.030238,0.078238,0.410491,0.012236,0.017229,0.090904,0.360665,,1187500,,
6,2,,0.023807,0.012495,0.513365,0.03687,0.01504,0.099596,0.298827,,1191000,,
6,2,,0.032844,0.052235,0.430405,0.019583,0.018234,0.10067,0.346029,,1188200,,
6,6,,0.055322,0.305096,0.000305,0.002199,0.019186,0.166213,0.451677,,1186700,,
6,2,,0.035685,0.052627,0.406112,0.012182,0.018622,0.110617,0.364156,,1188400,,
6,2,,0.015561,0.012207,0.54683,0.03261,0.013791,0.092443,0.286557,,1201800,,
6,6,,0.118608,0.047841,0.001724,0.000423,0.037812,0.26514,0.528453,,1186800,,
6,2,,0.033654,0.052235,0.411458,0.021583,0.018234,0.113559,0.349278,,1179800,,
6,6,,0.058992,0.303531,0.000305,0.002082,0.021054,0.155429,0.458607,,1182900,,
6,2,,0.024716,0.009995,0.513365,0.03687,0.015949,0.088005,0.3111,,1180700,,
6,2,,0.034693,0.05331,0.415974,0.019583,0.018234,0.102391,0.355815,,1184000,,
6,6,,0.056231,0.302596,0.000305,0.002199,0.020095,0.154622,0.46395,,1201200,,
6,2,,0.033373,0.072235,0.411458,0.019583,0.017325,0.152805,0.293222,,1181100,,
6,2,,0.016601,0.010782,0.551346,0.03061,0.013791,0.058774,0.318095,,1181800,,
6,2,,0.030757,0.079667,0.410491,0.012236,0.01632,0.084281,0.366249,,1192900,,
6,2,,0.01751,0.010782,0.551346,0.03061,0.0147,0.069684,0.305368,,1182200,,
6,6,,0.056231,0.302596,0.000305,0.002199,0.020095,0.154622,0.46395,,1178200,,
6,2,,0.034326,0.072509,0.406112,0.014064,0.018034,0.101858,0.353097,,1187900,,
6,2,,0.016601,0.013282,0.551346,0.03061,0.013791,0.081274,0.293095,,1194200,,
6,6,,0.055322,0.305096,0.000305,0.002199,0.019186,0.166213,0.451677,,1188100,,
6,6,,0.056231,0.302596,0.000305,0.002199,0.020095,0.154622,0.46395,,1182900,,
6,2,,0.025539,0.053022,0.449439,0.015324,0.016075,0.084328,0.356273,,1196400,,
6,6,,0.055322,0.322596,0.000305,0.002199,0.019186,0.143713,0.456677,,1509600,,
6,2,,0.035863,0.052509,0.406112,0.012064,0.018943,0.112922,0.361587,,1887800,,
6,6,,0.232699,0.047841,0.001724,0.000423,0.036902,0.25923,0.42118,,1309500,,
6,2,,0.016189,0.012207,0.54683,0.03061,0.013791,0.092598,0.287775,,1202500,,
6,2,,0.023677,0.00892,0.508849,0.03887,0.015949,0.099174,0.304562,,1176200,,
6,2,,0.028289,0.097163,0.405975,0.014236,0.01632,0.091163,0.346855,,1184000,,
6,2,,0.029198,0.077163,0.405975,0.014236,0.017229,0.102072,0.354127,,1179200,,
6,2,,0.033373,0.054735,0.411458,0.019583,0.017325,0.125305,0.338222,,1179700,,
6,2,,0.147745,0.052235,0.411458,0.021583,0.017325,0.10765,0.242005,,1183800,,
6,2,,0.030238,0.078238,0.410491,0.012236,0.017229,0.090904,0.360665,,1179800,,
6,2,,0.023677,0.00892,0.508849,0.03887,0.015949,0.099174,0.304562,,1180000,,
6,2,,0.148515,0.052509,0.425059,0.012064,0.018034,0.09397,0.249849,,1210500,,
6,6,,0.056231,0.302596,0.000305,0.002199,0.020095,0.154622,0.46395,,1188700,,
6,6,,0.170322,0.302596,0.000305,0.002199,0.019186,0.148713,0.356677,,1191300,,
6,2,,0.024716,0.009995,0.513365,0.03687,0.015949,0.088005,0.3111,,1184700,,
6,2,,0.016601,0.010782,0.551346,0.03061,0.013791,0.058774,0.318095,,1204800,,
6,2,,0.023677,0.00892,0.508849,0.03887,0.015949,0.099174,0.304562,,1188800,,
6,2,,0.015561,0.012207,0.54683,0.03261,0.013791,0.092443,0.286557,,1192500,,
6,2,,0.034693,0.05331,0.415974,0.019583,0.018234,0.102391,0.355815,,1188100,,
6,2,,0.016601,0.030782,0.551346,0.03061,0.013791,0.058774,0.298095,,1184700,,
6,6,,0.056568,0.303531,0.000305,0.002082,0.021963,0.158004,0.457546,,1178100,,
6,6,,0.118608,0.047841,0.001724,0.000423,0.037812,0.26514,0.528453,,1178800,,
6,2,,0.014751,0.012207,0.565778,0.03061,0.013791,0.079554,0.283309,,1176100,,
6,6,,0.118608,0.047841,0.001724,0.000423,0.037812,0.26514,0.528453,,1182800,,
6,2,,0.035863,0.052509,0.406112,0.012064,0.018943,0.112922,0.361587,,1185500,,
6,6,,0.118608,0.047841,0.001724,0.000423,0.037812,0.26514,0.528453,,1178100,,
6,2,,0.015561,0.009707,0.54683,0.03261,0.013791,0.069943,0.311557,,1177700,,
6,2,,0.033654,0.052235,0.411458,0.021583,0.018234,0.113559,0.349278,,1180300,,
6,2,,0.033654,0.052235,0.411458,0.021583,0.018234,0.113559,0.349278,,1189200,,
6,6,,0.056231,0.302596,0.000305,0.002199,0.020095,0.154622,0.46395,,1217700,,
6,2,,0.01751,0.010782,0.551346,0.03061,0.0147,0.069684,0.305368,,1176400,,
6,2,,0.014751,0.009707,0.565778,0.03061,0.013791,0.057054,0.308309,,1178000,,
6,2,,0.033654,0.052235,0.411458,0.021583,0.018234,0.113559,0.349278,,1179600,,
6,2,,0.036274,0.053584,0.410628,0.012064,0.018943,0.101599,0.366907,,1181000,,
6,2,,0.026167,0.053022,0.449439,0.013324,0.016075,0.084483,0.35749,,1199300,,
6,2,,0.023677,0.00892,0.508849,0.03887,0.015949,0.099174,0.304562,,1731900,,
6,2,,0.024716,0.009995,0.513365,0.03687,0.015949,0.088005,0.3111,,1216100,,
6,2,,0.036078,0.052235,0.411458,0.021583,0.017325,0.110983,0.350338,,1204200,,
6,2,,0.150685,0.052627,0.406112,0.012182,0.018622,0.095617,0.264156,,1189000,,
6,2,,0.015561,0.012207,0.54683,0.03261,0.013791,0.092443,0.286557,,1185100,,
6,2,,0.022566,0.00892,0.513024,0.047199,0.017488,0.087384,0.303419,,1257600,,
6,6,,0.118608,0.047841,0.001724,0.000423,0.037812,0.26514,0.528453,,1232000,,
6,2,,0.01647,0.009707,0.54683,0.03261,0.0147,0.080852,0.29883,,1196800,,
6,6,,0.056231,0.302596,0.000305,0.002199,0.020095,0.154622,0.46395,,1189700,,
6,2,,0.024716,0.009995,0.513365,0.03687,0.015949,0.088005,0.3111,,1175100,,
6,2,,0.029329,0.080738,0.410491,0.012236,0.01632,0.102495,0.348392,,1179900,,
6,2,,0.022566,0.00892,0.513024,0.047199,0.017488,0.087384,0.303419,,1200300,,
6,2,,0.023677,0.00892,0.508849,0.03887,0.015949,0.099174,0.304562,,1181200,,
6,6,,0.118608,0.047841,0.001724,0.000423,0.037812,0.26514,0.528453,,1177900,,
6,2,,0.149954,0.052509,0.406112,0.012064,0.018034,0.107013,0.254314,,1175400,,
6,2,,0.024716,0.009995,0.513365,0.03687,0.015949,0.088005,0.3111,,1180500,,
6,2,,0.021657,0.01142,0.528849,0.03687,0.01504,0.097876,0.28829,,1188400,,
6,2,,0.034693,0.05331,0.415974,0.019583,0.018234,0.102391,0.355815,,1184400,,
6,2,,0.036274,0.053584,0.410628,0.012064,0.018943,0.101599,0.366907,,1184100,,
6,2,,0.034326,0.055009,0.406112,0.014064,0.018034,0.124358,0.348097,,1189200,,
6,6,,0.170322,0.302596,0.000305,0.002199,0.019186,0.148713,0.356677,,1232900,,
6,2,,0.035685,0.055127,0.406112,0.012182,0.018622,0.113117,0.359156,,1182000,,
6,2,,0.021657,0.01142,0.528849,0.03687,0.01504,0.097876,0.28829,,1183200,,
6,2,,0.036078,0.052235,0.411458,0.021583,0.017325,0.110983,0.350338,,1190900,,
6,6,,0.055659,0.306031,0.000305,0.002082,0.021054,0.169595,0.445274,,1186400,,
6,2,,0.014751,0.012207,0.565778,0.03061,0.013791,0.079554,0.283309,,1184600,,
6,2,,0.138396,0.00892,0.508849,0.03687,0.01504,0.093419,0.198507,,1188100,,
6,6,,0.058655,0.302596,0.000305,0.002199,0.019186,0.152046,0.465011,,1184300,,
6,2,,0.033373,0.054735,0.411458,0.019583,0.017325,0.125305,0.338222,,1198800,,
6,2,,0.029198,0.077163,0.405975,0.014236,0.017229,0.102072,0.354127,,1202300,,
6,2,,0.034326,0.095009,0.406112,0.014064,0.018034,0.124358,0.308097,,1190200,,
6,2,,0.023677,0.00892,0.508849,0.03887,0.015949,0.099174,0.304562,,1187600,,
6,2,,0.024716,0.009995,0.513365,0.03687,0.015949,0.088005,0.3111,,1185400,,
6,2,,0.032745,0.054735,0.411458,0.021583,0.017325,0.12515,0.337005,,1463800,,
6,2,,0.016601,0.013282,0.551346,0.03061,0.013791,0.081274,0.293095,,1406200,,
6,2,,0.024716,0.009995,0.513365,0.03687,0.015949,0.088005,0.3111,,1283500,,
6,2,,0.015359,0.009707,0.56683,0.03061,0.0147,0.067963,0.29483,,1278300,,
6,6,,0.232699,0.047841,0.001724,0.000423,0.036902,0.25923,0.42118,,1248000,,
6,2,,0.026167,0.053022,0.449439,0.013324,0.016075,0.084483,0.35749,,1259500,,
6,2,,0.038287,0.052509,0.406112,0.012064,0.018034,0.110346,0.362647,,1236400,,
6,2,,0.029198,0.077163,0.405975,0.014236,0.017229,0.102072,0.354127,,1237800,,
6,6,,0.056231,0.302596,0.000305,0.002199,0.020095,0.154622,0.46395,,1244700,,
6,2,,0.030558,0.077281,0.405975,0.012353,0.017817,0.090831,0.365186,,1249500,,
6,2,,0.034326,0.095009,0.406112,0.014064,0.018034,0.124358,0.308097,,1257000,,
6,2,,0.147745,0.052235,0.411458,0.021583,0.017325,0.10765,0.242005,,1245400,,
6,2,,0.034954,0.055009,0.406112,0.012064,0.018034,0.124513,0.349314,,1285000,,
6,2,,0.024716,0.009995,0.513365,0.03687,0.015949,0.088005,0.3111,,1252300,,
6,2,,0.027178,0.079663,0.425975,0.012236,0.01632,0.100774,0.337855,,1244900,,
6,6,,0.121032,0.047841,0.001724,0.000423,0.036902,0.262564,0.529514,,1238000,,
6,2,,0.148515,0.052509,0.425059,0.012064,0.018034,0.09397,0.249849,,1243300,,
6,6,,0.232699,0.047841,0.001724,0.000423,0.036902,0.25923,0.42118,,1251500,,
6,6,,0.056231,0.302596,0.000305,0.002199,0.020095,0.154622,0.46395,,1240100,,
6,2,,0.035235,0.052509,0.406112,0.014064,0.018943,0.112768,0.360369,,1239000,,
6,2,,0.035235,0.052509,0.406112,0.014064,0.018943,0.112768,0.360369,,1232700,,
6,2,,0.028289,0.119663,0.405975,0.014236,0.01632,0.113663,0.301855,,1233500,,