steel-plates,Tuned_CWT,test,4,NANOSECONDS,PREDICTIONS, Generated by ClassifierExperiments.java on 2022-05-16 01:31:38.    SYSTEMPROPERTIES:{user.name:matth,os.arch:amd64,os.name:Windows 10},ENDSYSTEMPROPERTIES
No parameter info
0.3375959079283887,596427000,450085400,-1,51619256,7,,-1,-1
0,2,,0.068105,0.030274,0.43013,0.004627,0.016915,0.201657,0.248292,,1423100,,
0,6,,0.160176,0.038088,0.000723,0.000617,0.073902,0.218781,0.507713,,1319700,,
0,6,,0.143804,0.025195,0.21558,0.052954,0.028767,0.226859,0.306841,,1309500,,
0,6,,0.123804,0.025195,0.21558,0.052954,0.028767,0.226859,0.326841,,1303000,,
0,2,,0.059471,0.011905,0.591931,0.01418,0.006138,0.144471,0.171905,,1306300,,
0,6,,0.143804,0.025195,0.21558,0.052954,0.028767,0.226859,0.306841,,1308400,,
0,2,,0.026879,0.011905,0.629705,0.01418,0.006138,0.153915,0.157278,,1312000,,
0,2,,0.048105,0.030274,0.43013,0.004627,0.016915,0.201657,0.268292,,1302800,,
0,6,,0.067663,0.024592,0.002774,0.002668,0.019489,0.305135,0.577678,,1304700,,
0,6,,0.123804,0.025195,0.21558,0.052954,0.028767,0.246859,0.306841,,1330100,,
0,2,,0.06518,0.030274,0.429759,0.005547,0.016915,0.208975,0.243349,,1306800,,
0,2,,0.068066,0.029953,0.431887,0.007231,0.016438,0.202529,0.243895,,1307900,,
0,2,,0.068105,0.030274,0.43013,0.004627,0.016915,0.201657,0.248292,,1299600,,
0,2,,0.048105,0.030274,0.43013,0.004627,0.016915,0.201657,0.268292,,1299600,,
0,6,,0.053159,0.065373,0.002551,0.002958,0.016329,0.327404,0.532225,,1304300,,
0,2,,0.048105,0.030274,0.43013,0.004627,0.016915,0.201657,0.268292,,1307800,,
0,2,,0.058066,0.029953,0.431887,0.007231,0.016438,0.207529,0.248895,,1304600,,
0,2,,0.048105,0.030274,0.43013,0.004627,0.016915,0.181657,0.288292,,1304200,,
0,6,,0.120292,0.007279,0.258349,0.062839,0.02688,0.228144,0.296217,,1307500,,
0,2,,0.056192,0.009365,0.522615,0.037884,0.012063,0.172857,0.189024,,1303300,,
0,2,,0.068066,0.029953,0.431887,0.007231,0.016438,0.202529,0.243895,,1304800,,
0,2,,0.039471,0.011905,0.591931,0.01418,0.006138,0.124471,0.211905,,1338900,,
0,6,,0.123804,0.025195,0.21558,0.052954,0.028767,0.234132,0.319569,,1294100,,
0,6,,0.162843,0.038088,0.000723,0.000617,0.073902,0.218781,0.505046,,1275000,,
0,6,,0.120292,0.007279,0.258349,0.062839,0.02688,0.228144,0.296217,,1272100,,
0,2,,0.064592,0.012359,0.472899,0.014513,0.015028,0.15567,0.26494,,1272000,,
0,2,,0.068105,0.030274,0.43013,0.004627,0.016915,0.201657,0.248292,,1268800,,
0,6,,0.123804,0.025195,0.21558,0.052954,0.028767,0.234132,0.319569,,1271700,,
0,6,,0.143804,0.025195,0.21558,0.052954,0.028767,0.226859,0.306841,,1273000,,
0,6,,0.058493,0.065373,0.002551,0.002958,0.016329,0.328737,0.525559,,1273100,,
0,6,,0.140292,0.007279,0.258349,0.062839,0.02688,0.180871,0.323489,,1247000,,
0,6,,0.133228,0.025312,0.21558,0.052152,0.029351,0.21719,0.327187,,1146000,,
1,2,,0.068066,0.029953,0.431887,0.007231,0.016438,0.202529,0.243895,,1142100,,
1,6,,0.159005,0.078869,0.0005,0.000907,0.070742,0.203717,0.48626,,1160500,,
1,2,,0.068066,0.029953,0.431887,0.007231,0.016438,0.202529,0.243895,,1126200,,
1,2,,0.041453,0.030165,0.444374,0.004903,0.115909,0.131048,0.232149,,1132100,,
1,2,,0.043992,0.032135,0.43879,0.007231,0.016438,0.218428,0.242986,,1131200,,
1,2,,0.045142,0.029953,0.431517,0.008151,0.016438,0.189847,0.278952,,1131900,,
1,2,,0.048066,0.029953,0.431887,0.007231,0.016438,0.222529,0.243895,,1128600,,
1,2,,0.068066,0.029953,0.431887,0.007231,0.016438,0.202529,0.243895,,1126300,,
1,2,,0.041453,0.030165,0.444374,0.004903,0.115909,0.091048,0.272149,,1130200,,
1,2,,0.022857,0.014298,0.611691,0.011852,0.005608,0.129444,0.20425,,1133200,,
1,2,,0.068066,0.029953,0.431887,0.007231,0.016438,0.202529,0.243895,,1142500,,
1,2,,0.048066,0.029953,0.431887,0.007231,0.016438,0.182529,0.283895,,1138200,,
1,6,,0.050493,0.065373,0.002551,0.002958,0.016329,0.327404,0.534892,,1147500,,
1,2,,0.048066,0.029953,0.431887,0.007231,0.016438,0.182529,0.283895,,1143000,,
1,2,,0.045527,0.030165,0.444744,0.004903,0.015909,0.216603,0.242149,,1126900,,
1,2,,0.048066,0.029953,0.431887,0.007231,0.016438,0.182529,0.283895,,1133400,,
1,2,,0.068066,0.029953,0.431887,0.007231,0.016438,0.162529,0.283895,,1134900,,
1,2,,0.044258,0.030274,0.446078,0.016445,0.018051,0.156784,0.28811,,1140000,,
1,2,,0.043992,0.029953,0.431517,0.007231,0.056438,0.196974,0.233895,,1130300,,
1,2,,0.043992,0.029953,0.431517,0.007231,0.116438,0.136974,0.233895,,1124200,,
1,2,,0.048066,0.029953,0.431887,0.007231,0.016438,0.222529,0.243895,,1136300,,
1,2,,0.045527,0.030165,0.444744,0.004903,0.015909,0.176603,0.282149,,1138900,,
1,2,,0.048066,0.029953,0.431887,0.007231,0.016438,0.222529,0.243895,,1134500,,
1,2,,0.041453,0.030165,0.444374,0.004903,0.115909,0.131048,0.232149,,1131500,,
1,2,,0.068066,0.029953,0.431887,0.007231,0.016438,0.202529,0.243895,,1133100,,
1,2,,0.048066,0.029953,0.431887,0.007231,0.016438,0.222529,0.243895,,1140200,,
1,2,,0.068066,0.029953,0.431887,0.007231,0.016438,0.202529,0.243895,,1135600,,
1,2,,0.043992,0.029953,0.431517,0.007231,0.116438,0.136974,0.233895,,1128500,,
1,2,,0.02434,0.012116,0.642562,0.011852,0.065608,0.047989,0.195532,,1127200,,
1,2,,0.043992,0.029953,0.431517,0.007231,0.116438,0.136974,0.233895,,1126400,,
1,6,,0.143766,0.024874,0.217337,0.055558,0.02829,0.187731,0.342444,,1127100,,
1,2,,0.068066,0.029953,0.431887,0.007231,0.016438,0.202529,0.243895,,1129800,,
1,2,,0.048066,0.029953,0.431887,0.007231,0.016438,0.222529,0.243895,,1134500,,
1,2,,0.048066,0.029953,0.431887,0.007231,0.016438,0.182529,0.283895,,1133100,,
1,2,,0.045527,0.030165,0.444744,0.004903,0.015909,0.176603,0.282149,,1133400,,
1,2,,0.043992,0.029953,0.431517,0.007231,0.116438,0.136974,0.233895,,1135400,,
1,2,,0.068066,0.029953,0.431887,0.007231,0.016438,0.202529,0.243895,,1126500,,
1,2,,0.048066,0.029953,0.431887,0.007231,0.016438,0.222529,0.243895,,1129800,,
2,2,,0.023006,0.012116,0.643896,0.011852,0.065608,0.047989,0.195532,,1143500,,
2,2,,0.023006,0.012116,0.643896,0.011852,0.065608,0.047989,0.195532,,1139300,,
2,2,,0.023006,0.012116,0.643896,0.011852,0.065608,0.047989,0.195532,,1143900,,
2,2,,0.023006,0.012116,0.643896,0.011852,0.065608,0.087989,0.155532,,1158300,,
2,2,,0.023006,0.012116,0.643896,0.011852,0.065608,0.047989,0.195532,,1150800,,
2,2,,0.023006,0.012116,0.643896,0.011852,0.065608,0.047989,0.195532,,1139300,,
2,2,,0.023006,0.012116,0.643896,0.011852,0.065608,0.047989,0.195532,,1141800,,
2,2,,0.023006,0.012116,0.643896,0.011852,0.065608,0.047989,0.195532,,1143700,,
2,2,,0.023006,0.012116,0.643896,0.011852,0.065608,0.047989,0.195532,,1141200,,
2,2,,0.023006,0.012116,0.643896,0.011852,0.065608,0.047989,0.195532,,1146500,,
2,2,,0.023006,0.012116,0.643896,0.011852,0.065608,0.047989,0.195532,,1141400,,
2,2,,0.023006,0.012116,0.643896,0.011852,0.065608,0.047989,0.195532,,1137600,,
2,2,,0.023006,0.012116,0.643896,0.011852,0.065608,0.047989,0.195532,,1133200,,
2,2,,0.023006,0.012116,0.643896,0.011852,0.065608,0.047989,0.195532,,1132400,,
2,2,,0.023006,0.012116,0.643896,0.011852,0.065608,0.047989,0.195532,,1134600,,
2,2,,0.023006,0.012116,0.643896,0.011852,0.065608,0.047989,0.195532,,1136200,,
2,2,,0.023006,0.012116,0.643896,0.011852,0.065608,0.047989,0.195532,,1144000,,
2,2,,0.023006,0.012116,0.643896,0.011852,0.065608,0.047989,0.195532,,1141400,,
2,2,,0.023006,0.012116,0.643896,0.011852,0.065608,0.047989,0.195532,,1144600,,
2,2,,0.025397,0.014087,0.598834,0.01418,0.006138,0.15537,0.185996,,1145100,,
2,2,,0.023006,0.012116,0.643896,0.011852,0.065608,0.047989,0.195532,,1141700,,
2,2,,0.023006,0.012116,0.643896,0.011852,0.065608,0.047989,0.195532,,1132200,,
2,2,,0.023006,0.012116,0.643896,0.011852,0.065608,0.047989,0.195532,,1135600,,
2,2,,0.023006,0.012116,0.643896,0.011852,0.065608,0.047989,0.195532,,1132200,,
2,2,,0.032397,0.009577,0.501646,0.047374,0.012671,0.147613,0.248723,,1139200,,
2,2,,0.023006,0.012116,0.643896,0.011852,0.065608,0.047989,0.195532,,1133700,,
2,2,,0.034709,0.011547,0.491744,0.037884,0.012063,0.154312,0.257742,,1130600,,
2,2,,0.023006,0.012116,0.643896,0.011852,0.065608,0.047989,0.195532,,1132400,,
2,2,,0.025397,0.014087,0.598834,0.01418,0.006138,0.11537,0.225996,,1133900,,
2,2,,0.023006,0.012116,0.643896,0.011852,0.065608,0.047989,0.195532,,1152600,,
2,2,,0.034709,0.011547,0.491744,0.037884,0.012063,0.154312,0.257742,,1130800,,
2,2,,0.034709,0.011547,0.491744,0.037884,0.012063,0.194312,0.217742,,1140100,,
2,2,,0.023006,0.012116,0.643896,0.011852,0.065608,0.047989,0.195532,,1131000,,
2,2,,0.023006,0.012116,0.643896,0.011852,0.065608,0.047989,0.195532,,1132600,,
2,2,,0.036192,0.009365,0.522615,0.037884,0.072063,0.132857,0.189024,,1133200,,
2,2,,0.023006,0.012116,0.643896,0.011852,0.065608,0.047989,0.195532,,1146600,,
2,2,,0.023006,0.012116,0.643896,0.011852,0.065608,0.047989,0.195532,,1141100,,
2,2,,0.023006,0.012116,0.643896,0.011852,0.065608,0.047989,0.195532,,1144800,,
2,2,,0.023006,0.012116,0.643896,0.011852,0.065608,0.047989,0.195532,,1133900,,
2,2,,0.023006,0.012116,0.643896,0.011852,0.065608,0.047989,0.195532,,1144600,,
2,2,,0.023006,0.012116,0.642229,0.011852,0.065608,0.047989,0.197199,,1145300,,
2,2,,0.023006,0.012116,0.643896,0.011852,0.065608,0.047989,0.195532,,1139300,,
2,2,,0.023006,0.012116,0.642229,0.011852,0.065608,0.047989,0.197199,,1156200,,
2,2,,0.023006,0.012116,0.643896,0.011852,0.065608,0.047989,0.195532,,1132400,,
2,2,,0.023006,0.012116,0.643896,0.011852,0.065608,0.047989,0.195532,,1131200,,
2,2,,0.023006,0.012116,0.643896,0.011852,0.065608,0.047989,0.195532,,1140400,,
2,2,,0.023006,0.012116,0.643896,0.011852,0.065608,0.047989,0.195532,,1132000,,
2,2,,0.023006,0.012116,0.643896,0.011852,0.065608,0.047989,0.195532,,1132200,,
2,2,,0.023006,0.012116,0.643896,0.011852,0.065608,0.047989,0.195532,,1133000,,
2,2,,0.034936,0.009365,0.488789,0.049702,0.0132,0.113539,0.290469,,1130300,,
2,2,,0.023006,0.012116,0.643896,0.011852,0.065608,0.047989,0.195532,,1131700,,
2,2,,0.023006,0.012116,0.643896,0.011852,0.065608,0.047989,0.195532,,1134100,,
2,2,,0.034709,0.011547,0.491744,0.037884,0.012063,0.174312,0.237742,,1131200,,
2,2,,0.023006,0.012116,0.643896,0.011852,0.065608,0.047989,0.195532,,1135200,,
2,2,,0.023006,0.012116,0.643896,0.011852,0.065608,0.047989,0.195532,,1132800,,
2,2,,0.023006,0.012116,0.643896,0.011852,0.065608,0.047989,0.195532,,1144000,,
2,2,,0.023006,0.012116,0.643896,0.011852,0.065608,0.047989,0.195532,,1132500,,
2,2,,0.023006,0.012116,0.643896,0.011852,0.065608,0.047989,0.195532,,1137000,,
2,2,,0.034709,0.011547,0.491744,0.037884,0.012063,0.154312,0.257742,,1131400,,
2,2,,0.023006,0.012116,0.643896,0.011852,0.065608,0.047989,0.195532,,1149400,,
2,2,,0.023006,0.012116,0.643896,0.011852,0.065608,0.047989,0.195532,,1144400,,
2,2,,0.023006,0.012116,0.643896,0.011852,0.065608,0.047989,0.195532,,1142500,,
2,2,,0.023006,0.012116,0.643896,0.011852,0.065608,0.047989,0.195532,,1133000,,
2,2,,0.023006,0.012116,0.643896,0.011852,0.065608,0.047989,0.195532,,1132700,,
2,2,,0.038783,0.009365,0.484841,0.037884,0.012063,0.218413,0.198651,,1137400,,
2,2,,0.023006,0.012116,0.643896,0.011852,0.065608,0.047989,0.195532,,1136000,,
2,2,,0.023006,0.012116,0.643896,0.011852,0.065608,0.047989,0.195532,,1135400,,
2,2,,0.023006,0.012116,0.643896,0.011852,0.065608,0.047989,0.195532,,1140400,,
2,2,,0.023006,0.012116,0.643896,0.011852,0.065608,0.047989,0.195532,,1140500,,
2,2,,0.034709,0.011547,0.491744,0.037884,0.012063,0.154312,0.257742,,1141100,,
2,2,,0.023006,0.012116,0.643896,0.011852,0.065608,0.047989,0.195532,,1135600,,
2,2,,0.023006,0.012116,0.643896,0.011852,0.065608,0.047989,0.195532,,1135800,,
2,2,,0.023006,0.012116,0.643896,0.011852,0.065608,0.047989,0.195532,,1135600,,
2,2,,0.023006,0.012116,0.643896,0.011852,0.065608,0.047989,0.195532,,1140100,,
2,2,,0.023006,0.012116,0.643896,0.011852,0.065608,0.047989,0.195532,,1141800,,
2,2,,0.023006,0.012116,0.643896,0.011852,0.065608,0.047989,0.195532,,1141100,,
2,2,,0.023006,0.012116,0.643896,0.011852,0.065608,0.047989,0.195532,,1143800,,
2,2,,0.023006,0.012116,0.643896,0.011852,0.065608,0.047989,0.195532,,1134700,,
2,2,,0.023006,0.012116,0.643896,0.011852,0.065608,0.047989,0.195532,,1135500,,
3,2,,0.040518,0.014541,0.479801,0.014513,0.015028,0.151569,0.284031,,1136200,,
3,6,,0.119369,0.007279,0.262667,0.073738,0.028016,0.16868,0.34025,,1134700,,
3,2,,0.044592,0.012359,0.472899,0.014513,0.015028,0.17567,0.26494,,1133700,,
3,2,,0.042052,0.01257,0.485756,0.012184,0.014499,0.169744,0.263194,,1135000,,
3,2,,0.040745,0.012359,0.476847,0.026331,0.016165,0.150796,0.276758,,1147400,,
3,2,,0.037978,0.014752,0.492658,0.012184,0.014499,0.145643,0.282285,,1144300,,
3,2,,0.044592,0.012359,0.472899,0.014513,0.015028,0.21567,0.22494,,1144600,,
3,2,,0.044592,0.012359,0.472899,0.014513,0.015028,0.17567,0.26494,,1142600,,
3,2,,0.040518,0.014541,0.479801,0.014513,0.015028,0.131569,0.304031,,1142200,,
3,2,,0.040518,0.014541,0.479801,0.014513,0.015028,0.171569,0.264031,,1149100,,
3,6,,0.060292,0.007279,0.258349,0.062839,0.02688,0.248144,0.336217,,1140800,,
3,2,,0.040518,0.014541,0.479801,0.014513,0.015028,0.151569,0.284031,,1130900,,
3,2,,0.040518,0.014541,0.479801,0.014513,0.015028,0.151569,0.284031,,1134200,,
3,2,,0.040745,0.012359,0.476847,0.026331,0.016165,0.150796,0.276758,,1136300,,
3,2,,0.039128,0.01257,0.485386,0.013104,0.014499,0.157062,0.278251,,1132600,,
4,2,,0.045513,0.030274,0.467904,0.004627,0.076915,0.136102,0.238665,,1136900,,
4,2,,0.042,0.012359,0.510673,0.014513,0.075028,0.130114,0.215313,,1141200,,
4,2,,0.045513,0.030274,0.467904,0.004627,0.076915,0.136102,0.238665,,1138800,,
4,6,,0.123804,0.025195,0.21558,0.052954,0.028767,0.234132,0.319569,,1139900,,
4,2,,0.058105,0.030274,0.43013,0.004627,0.016915,0.166657,0.293292,,1138500,,
4,6,,0.11683,0.007491,0.295524,0.07141,0.027487,0.162754,0.318504,,1130800,,
4,2,,0.058105,0.030274,0.43013,0.004627,0.016915,0.206657,0.253292,,1131800,,
4,2,,0.058105,0.030274,0.43013,0.004627,0.016915,0.166657,0.293292,,1148200,,
4,6,,0.113561,0.004286,0.274609,0.097109,0.025052,0.171423,0.313961,,1138000,,
4,6,,0.114483,0.004286,0.270291,0.086211,0.023915,0.183614,0.3172,,1134400,,
4,6,,0.11683,0.007491,0.295524,0.07141,0.027487,0.162754,0.318504,,1135400,,
5,2,,0.058783,0.009365,0.484841,0.037884,0.012063,0.198413,0.198651,,1130200,,
5,5,,0.063804,0.025195,0.21558,0.052954,0.028767,0.306859,0.306841,,1137700,,
5,2,,0.045142,0.029953,0.431517,0.008151,0.016438,0.229847,0.238952,,1138600,,
5,2,,0.044258,0.030274,0.434078,0.016445,0.018051,0.156784,0.30011,,1152400,,
5,2,,0.068105,0.030274,0.43013,0.004627,0.016915,0.201657,0.248292,,1129900,,
5,2,,0.064592,0.012359,0.472899,0.014513,0.015028,0.19567,0.22494,,1131200,,
5,2,,0.044592,0.012359,0.472899,0.014513,0.015028,0.17567,0.26494,,1135800,,
5,2,,0.048783,0.009365,0.484841,0.037884,0.012063,0.203413,0.203651,,1133600,,
5,2,,0.114483,0.004286,0.270291,0.086211,0.023915,0.230887,0.269928,,1147100,,
5,2,,0.068066,0.029953,0.431887,0.007231,0.016438,0.202529,0.243895,,1141800,,
5,2,,0.048066,0.029953,0.431887,0.007231,0.016438,0.222529,0.243895,,1152100,,
5,2,,0.044592,0.012359,0.482899,0.014513,0.015028,0.19567,0.23494,,1139700,,
5,6,,0.11683,0.007491,0.287524,0.07141,0.027487,0.162754,0.326504,,1135200,,
5,2,,0.026879,0.011905,0.629705,0.01418,0.006138,0.153915,0.157278,,1136600,,
5,2,,0.044031,0.030274,0.429759,0.004627,0.056915,0.156102,0.278292,,1133500,,
5,2,,0.038783,0.009365,0.484841,0.037884,0.012063,0.218413,0.198651,,1138600,,
5,2,,0.068066,0.029953,0.431887,0.007231,0.016438,0.202529,0.243895,,1144200,,
5,6,,0.140292,0.007279,0.258349,0.062839,0.02688,0.180871,0.323489,,1133500,,
5,5,,0.063766,0.024874,0.217337,0.055558,0.02829,0.307731,0.302444,,1134900,,
5,2,,0.044031,0.032456,0.437032,0.004627,0.016915,0.177556,0.287383,,1143600,,
5,6,,0.063804,0.025195,0.21558,0.052954,0.028767,0.286859,0.326841,,1135900,,
5,2,,0.044592,0.012359,0.472899,0.014513,0.015028,0.21567,0.22494,,1137700,,
5,2,,0.048105,0.030274,0.43013,0.004627,0.016915,0.181657,0.288292,,1139400,,
5,2,,0.040518,0.012359,0.472528,0.014513,0.115028,0.090114,0.25494,,1134500,,
5,2,,0.048105,0.030274,0.43013,0.004627,0.016915,0.181657,0.288292,,1156500,,
5,2,,0.038783,0.009365,0.484841,0.037884,0.012063,0.218413,0.198651,,1136700,,
5,2,,0.038783,0.009365,0.484841,0.037884,0.012063,0.218413,0.198651,,1134600,,
5,2,,0.055858,0.009365,0.484471,0.038803,0.012063,0.153003,0.246436,,1137400,,
5,2,,0.064592,0.012359,0.472899,0.014513,0.015028,0.15567,0.26494,,1132200,,
5,5,,0.063804,0.025195,0.21558,0.052954,0.028767,0.306859,0.306841,,1136100,,
5,2,,0.045142,0.029953,0.431517,0.008151,0.016438,0.189847,0.278952,,1129100,,
5,2,,0.044031,0.032456,0.437032,0.004627,0.016915,0.177556,0.287383,,1130700,,
5,2,,0.06518,0.030274,0.429759,0.005547,0.076915,0.108975,0.283349,,1133400,,
5,2,,0.04927,0.030391,0.429759,0.004744,0.017499,0.197973,0.270362,,1144800,,
5,6,,0.143766,0.024874,0.217337,0.055558,0.02829,0.227731,0.302444,,1135400,,
5,2,,0.064592,0.012359,0.472899,0.014513,0.015028,0.15567,0.26494,,1134700,,
5,2,,0.04518,0.030274,0.429759,0.005547,0.016915,0.188975,0.283349,,1136400,,
5,2,,0.068105,0.030274,0.43013,0.004627,0.016915,0.201657,0.248292,,1136100,,
5,2,,0.04518,0.030274,0.429759,0.005547,0.016915,0.188975,0.283349,,1192600,,
5,6,,0.06233,0.024592,0.002774,0.002668,0.019489,0.343802,0.544344,,1140000,,
5,2,,0.044031,0.032456,0.437032,0.004627,0.016915,0.217556,0.247383,,1144700,,
5,2,,0.064592,0.012359,0.472899,0.014513,0.015028,0.15567,0.26494,,1123600,,
5,5,,0.060292,0.007279,0.258349,0.062839,0.02688,0.300871,0.283489,,1137600,,
5,2,,0.036243,0.009577,0.497698,0.035556,0.011534,0.172487,0.236905,,1139400,,
5,2,,0.06518,0.030274,0.429759,0.005547,0.016915,0.168975,0.283349,,1131700,,
5,6,,0.143804,0.025195,0.21558,0.052954,0.028767,0.226859,0.306841,,1134700,,
5,2,,0.08518,0.030274,0.429759,0.005547,0.016915,0.188975,0.243349,,1133500,,
5,2,,0.045142,0.029953,0.431517,0.008151,0.016438,0.189847,0.278952,,1156300,,
5,2,,0.055858,0.009365,0.484471,0.038803,0.012063,0.153003,0.246436,,1141600,,
5,2,,0.068105,0.030274,0.43013,0.004627,0.016915,0.161657,0.288292,,1145200,,
5,2,,0.029471,0.011905,0.591931,0.01418,0.006138,0.179471,0.166905,,1134600,,
5,2,,0.061667,0.012359,0.472528,0.015432,0.015028,0.202988,0.219997,,1132900,,
5,2,,0.048105,0.030274,0.43013,0.004627,0.016915,0.181657,0.288292,,1149500,,
5,2,,0.04518,0.030274,0.429759,0.005547,0.016915,0.188975,0.283349,,1142800,,
5,2,,0.038783,0.009365,0.484841,0.037884,0.012063,0.218413,0.198651,,1141500,,
5,2,,0.06518,0.030274,0.429759,0.005547,0.016915,0.168975,0.283349,,1134000,,
5,2,,0.068066,0.029953,0.431887,0.007231,0.016438,0.202529,0.243895,,1150500,,
5,2,,0.044031,0.032456,0.437032,0.004627,0.016915,0.177556,0.287383,,1142900,,
5,2,,0.044031,0.032456,0.437032,0.004627,0.016915,0.177556,0.287383,,1137900,,
5,6,,0.114483,0.004286,0.270291,0.086211,0.023915,0.223614,0.2772,,1140100,,
5,2,,0.068105,0.030274,0.43013,0.004627,0.016915,0.201657,0.248292,,1131400,,
5,6,,0.123766,0.024874,0.217337,0.055558,0.02829,0.247731,0.302444,,1134600,,
5,2,,0.044592,0.012359,0.472899,0.014513,0.015028,0.17567,0.26494,,1133300,,
5,2,,0.088066,0.029953,0.431887,0.007231,0.016438,0.182529,0.243895,,1132100,,
5,2,,0.048066,0.029953,0.431887,0.007231,0.016438,0.222529,0.243895,,1133000,,
5,2,,0.044031,0.030274,0.429759,0.004627,0.116915,0.136102,0.238292,,1131100,,
5,2,,0.064592,0.012359,0.472899,0.014513,0.015028,0.19567,0.22494,,1135100,,
5,2,,0.058783,0.009365,0.484841,0.037884,0.012063,0.158413,0.238651,,1131100,,
5,2,,0.064592,0.012359,0.472899,0.014513,0.015028,0.15567,0.26494,,1129200,,
5,2,,0.044031,0.030274,0.429759,0.004627,0.116915,0.096102,0.278292,,1134100,,
5,6,,0.140292,0.007279,0.258349,0.062839,0.02688,0.220871,0.283489,,1136400,,
5,2,,0.055858,0.009365,0.484471,0.038803,0.012063,0.153003,0.246436,,1137400,,
5,2,,0.044258,0.030274,0.454078,0.016445,0.018051,0.156784,0.28011,,1133000,,
5,6,,0.057401,0.067621,0.002551,0.002841,0.018434,0.340328,0.510824,,1134900,,
5,2,,0.044031,0.030274,0.429759,0.004627,0.056915,0.196102,0.238292,,1137500,,
5,2,,0.058783,0.009365,0.484841,0.037884,0.012063,0.198413,0.198651,,1139600,,
5,2,,0.064592,0.012359,0.472899,0.014513,0.015028,0.15567,0.26494,,1135700,,
5,2,,0.038783,0.009365,0.484841,0.037884,0.012063,0.218413,0.198651,,1134400,,
5,6,,0.143804,0.025195,0.21558,0.052954,0.028767,0.186859,0.346841,,1139500,,
5,2,,0.044031,0.032456,0.437032,0.004627,0.016915,0.157556,0.307383,,1132500,,
5,2,,0.058105,0.030274,0.43013,0.004627,0.016915,0.206657,0.253292,,1179600,,
6,2,,0.037978,0.014752,0.492658,0.012184,0.014499,0.205643,0.222285,,1137100,,
6,2,,0.034709,0.011547,0.491744,0.037884,0.012063,0.214312,0.197742,,1141500,,
6,6,,0.06233,0.024592,0.002774,0.002668,0.019489,0.343802,0.544344,,1128500,,
6,6,,0.143804,0.025195,0.21558,0.052954,0.028767,0.226859,0.306841,,1128500,,
6,2,,0.032169,0.011759,0.504601,0.035556,0.011534,0.208386,0.195996,,1134100,,
6,6,,0.114483,0.004286,0.270291,0.086211,0.023915,0.223614,0.2772,,1130200,,
6,2,,0.04518,0.030274,0.429759,0.005547,0.016915,0.228975,0.243349,,1136500,,
6,2,,0.044031,0.032456,0.437032,0.004627,0.016915,0.217556,0.247383,,1142300,,
6,6,,0.057401,0.067621,0.002551,0.002841,0.018434,0.340328,0.510824,,1138800,,
6,6,,0.050493,0.065373,0.002551,0.002958,0.016329,0.327404,0.534892,,1135100,,
6,6,,0.050493,0.065373,0.002551,0.002958,0.016329,0.327404,0.534892,,1138700,,
6,2,,0.048066,0.029953,0.431887,0.007231,0.016438,0.222529,0.243895,,1142300,,
6,2,,0.044592,0.012359,0.482899,0.014513,0.015028,0.15567,0.27494,,1135400,,
6,6,,0.151005,0.078869,0.0005,0.000907,0.070742,0.202384,0.495594,,1145400,,
6,2,,0.044592,0.012359,0.472899,0.014513,0.015028,0.21567,0.22494,,1149000,,
6,2,,0.044031,0.030274,0.429759,0.004627,0.116915,0.136102,0.238292,,1136600,,
6,6,,0.059663,0.024592,0.002774,0.002668,0.019489,0.343802,0.547011,,1135800,,
6,6,,0.062882,0.025195,0.219898,0.063853,0.029903,0.234667,0.363602,,1136400,,
6,2,,0.044031,0.030274,0.429759,0.004627,0.116915,0.136102,0.238292,,1134700,,
6,6,,0.114483,0.004286,0.270291,0.086211,0.023915,0.190887,0.309928,,1144200,,
6,2,,0.044031,0.030274,0.429759,0.004627,0.116915,0.136102,0.238292,,1141000,,
6,6,,0.050493,0.065373,0.002551,0.002958,0.016329,0.327404,0.534892,,1132600,,
6,2,,0.044031,0.030274,0.429759,0.004627,0.116915,0.096102,0.278292,,1138000,,
6,2,,0.065527,0.030165,0.444744,0.004903,0.015909,0.156603,0.282149,,1136500,,
6,2,,0.032319,0.009577,0.536806,0.035556,0.071534,0.086931,0.227278,,1129200,,
6,2,,0.032169,0.011759,0.504601,0.035556,0.011534,0.168386,0.235996,,1149500,,
6,2,,0.061667,0.012359,0.472528,0.015432,0.015028,0.202988,0.219997,,1134100,,
6,2,,0.045527,0.030165,0.444744,0.004903,0.015909,0.176603,0.282149,,1150200,,
6,2,,0.046604,0.030391,0.429759,0.004744,0.017499,0.197973,0.273029,,1147700,,
6,2,,0.064592,0.012359,0.472899,0.014513,0.015028,0.19567,0.22494,,1141300,,
6,2,,0.044031,0.032456,0.437032,0.004627,0.016915,0.217556,0.247383,,1140300,,
6,2,,0.045142,0.029953,0.431517,0.018151,0.076438,0.159847,0.238952,,1140400,,
6,6,,0.153672,0.078869,0.0005,0.000907,0.070742,0.202384,0.492927,,1132900,,
6,6,,0.143804,0.025195,0.21558,0.052954,0.028767,0.226859,0.306841,,1132600,,
6,6,,0.059663,0.024592,0.002774,0.002668,0.019489,0.343802,0.547011,,1140600,,
6,2,,0.032169,0.011759,0.504601,0.035556,0.011534,0.148386,0.255996,,1126100,,
6,6,,0.059663,0.024592,0.002774,0.002668,0.019489,0.343802,0.547011,,1137600,,
6,2,,0.034709,0.011547,0.491744,0.037884,0.012063,0.214312,0.197742,,1146000,,
6,2,,0.06518,0.030274,0.429759,0.005547,0.076915,0.148975,0.243349,,1136500,,
6,2,,0.034936,0.009365,0.488789,0.049702,0.0132,0.213539,0.190469,,1142200,,
6,6,,0.059663,0.024592,0.002774,0.002668,0.019489,0.343802,0.547011,,1146800,,
6,2,,0.048066,0.029953,0.431887,0.007231,0.016438,0.202529,0.263895,,1140100,,
6,2,,0.051943,0.004497,0.283148,0.083883,0.023386,0.277688,0.275454,,1143200,,
6,2,,0.04518,0.030274,0.429759,0.005547,0.016915,0.228975,0.243349,,1136000,,
6,2,,0.022857,0.014298,0.611691,0.011852,0.005608,0.129444,0.20425,,1136600,,
6,2,,0.044709,0.011547,0.491744,0.037884,0.012063,0.199312,0.202742,,1134100,,
6,2,,0.043992,0.029953,0.431517,0.007231,0.116438,0.096974,0.273895,,1138100,,
6,2,,0.04518,0.030274,0.429759,0.005547,0.016915,0.216248,0.256077,,1136400,,
6,2,,0.06518,0.030274,0.429759,0.005547,0.016915,0.208975,0.243349,,1132500,,
6,2,,0.04518,0.030274,0.429759,0.005547,0.016915,0.228975,0.243349,,1139600,,
6,6,,0.059663,0.024592,0.002774,0.002668,0.019489,0.303802,0.587011,,1136100,,
6,2,,0.045527,0.030165,0.444744,0.004903,0.015909,0.176603,0.282149,,1128600,,
6,2,,0.048105,0.030274,0.44013,0.004627,0.016915,0.201657,0.258292,,1137300,,
6,2,,0.034936,0.009365,0.488789,0.049702,0.0132,0.193539,0.210469,,1141900,,
6,2,,0.029471,0.011905,0.591931,0.01418,0.006138,0.139471,0.206905,,1144900,,
6,2,,0.068066,0.029953,0.431887,0.007231,0.016438,0.162529,0.283895,,1132900,,
6,6,,0.050493,0.065373,0.002551,0.002958,0.016329,0.327404,0.534892,,1142500,,
6,2,,0.06518,0.030274,0.429759,0.005547,0.016915,0.168975,0.283349,,1142500,,
6,2,,0.033319,0.009577,0.497328,0.036475,0.011534,0.159805,0.251962,,1129400,,
6,6,,0.120292,0.007279,0.258349,0.062839,0.02688,0.188144,0.336217,,1135900,,
6,6,,0.11683,0.007491,0.287524,0.07141,0.027487,0.162754,0.326504,,1139400,,
6,6,,0.067663,0.024592,0.002774,0.002668,0.019489,0.345135,0.537678,,1135700,,
6,2,,0.037978,0.014752,0.492658,0.012184,0.014499,0.145643,0.282285,,1140500,,
6,6,,0.054483,0.004286,0.270291,0.086211,0.023915,0.243614,0.3172,,1134300,,
6,6,,0.059663,0.024592,0.002774,0.002668,0.019489,0.343802,0.547011,,1145000,,
6,2,,0.043992,0.029953,0.431517,0.007231,0.056438,0.196974,0.233895,,1129200,,
6,6,,0.137752,0.007491,0.271206,0.060511,0.026351,0.174945,0.321743,,1123900,,
6,6,,0.050493,0.065373,0.002551,0.002958,0.016329,0.327404,0.534892,,1152000,,
6,2,,0.032169,0.011759,0.504601,0.035556,0.011534,0.168386,0.235996,,1136600,,
6,2,,0.044031,0.030274,0.429759,0.004627,0.116915,0.096102,0.278292,,1142100,,
6,2,,0.058066,0.029953,0.431887,0.007231,0.016438,0.167529,0.288895,,1134100,,
6,2,,0.044031,0.030274,0.429759,0.004627,0.116915,0.096102,0.278292,,1132500,,
6,2,,0.044031,0.030274,0.429759,0.004627,0.116915,0.096102,0.278292,,1140700,,
6,6,,0.153672,0.078869,0.0005,0.000907,0.070742,0.202384,0.492927,,1135600,,
6,2,,0.029471,0.011905,0.591931,0.01418,0.006138,0.179471,0.166905,,1135900,,
6,2,,0.048105,0.030274,0.43013,0.004627,0.016915,0.201657,0.268292,,1140200,,
6,6,,0.143766,0.024874,0.217337,0.055558,0.02829,0.227731,0.302444,,1138100,,
6,2,,0.048105,0.030274,0.43013,0.004627,0.016915,0.181657,0.288292,,1135200,,
6,2,,0.048783,0.009365,0.484841,0.037884,0.012063,0.203413,0.203651,,1135600,,
6,2,,0.058783,0.009365,0.484841,0.037884,0.012063,0.198413,0.198651,,1135500,,
6,2,,0.035858,0.009365,0.484471,0.038803,0.012063,0.213003,0.206436,,1139500,,
6,2,,0.041667,0.012359,0.472528,0.015432,0.015028,0.202988,0.239997,,1139700,,
6,2,,0.025397,0.014087,0.598834,0.01418,0.006138,0.17537,0.165996,,1145400,,
6,2,,0.025397,0.014087,0.598834,0.01418,0.006138,0.13537,0.205996,,1132700,,
6,2,,0.026879,0.011905,0.629705,0.01418,0.066138,0.093915,0.157278,,1153900,,
6,6,,0.143766,0.024874,0.217337,0.055558,0.02829,0.227731,0.302444,,1138800,,
6,6,,0.050493,0.065373,0.002551,0.002958,0.016329,0.287404,0.574892,,1139900,,
6,6,,0.059663,0.024592,0.002774,0.002668,0.019489,0.343802,0.547011,,1137300,,
6,2,,0.022857,0.014298,0.611691,0.011852,0.005608,0.109444,0.22425,,1134200,,
6,6,,0.06233,0.024592,0.002774,0.002668,0.019489,0.343802,0.544344,,1138700,,
6,2,,0.06518,0.030274,0.429759,0.005547,0.016915,0.168975,0.283349,,1139700,,
6,2,,0.040745,0.012359,0.476847,0.026331,0.016165,0.150796,0.276758,,1139500,,
6,6,,0.162843,0.038088,0.000723,0.000617,0.073902,0.218781,0.505046,,1144900,,
6,2,,0.044031,0.032456,0.437032,0.004627,0.016915,0.217556,0.247383,,1139800,,
6,6,,0.151005,0.078869,0.0005,0.000907,0.070742,0.202384,0.495594,,1134700,,
6,6,,0.059663,0.024592,0.002774,0.002668,0.019489,0.343802,0.547011,,1146300,,
6,6,,0.097752,0.007491,0.271206,0.060511,0.026351,0.234945,0.301743,,1139700,,
6,2,,0.044031,0.030274,0.429759,0.004627,0.116915,0.096102,0.278292,,1130700,,
6,2,,0.048105,0.030274,0.43013,0.004627,0.016915,0.201657,0.268292,,1144900,,
6,2,,0.045527,0.030165,0.444744,0.004903,0.015909,0.176603,0.282149,,1143100,,
6,2,,0.033652,0.009577,0.535472,0.035556,0.071534,0.086931,0.227278,,1133700,,
6,2,,0.033319,0.009577,0.497328,0.036475,0.071534,0.139805,0.211962,,1127600,,
6,2,,0.033319,0.009577,0.497328,0.036475,0.011534,0.199805,0.211962,,1131200,,
6,6,,0.053159,0.065373,0.002551,0.002958,0.016329,0.327404,0.532225,,1140100,,
6,6,,0.050493,0.065373,0.002551,0.002958,0.016329,0.287404,0.574892,,1142000,,
6,2,,0.022857,0.014298,0.611691,0.011852,0.005608,0.129444,0.20425,,1137000,,
6,6,,0.143766,0.024874,0.217337,0.055558,0.02829,0.227731,0.302444,,1152500,,
6,6,,0.143766,0.024874,0.217337,0.055558,0.02829,0.227731,0.302444,,1133900,,
6,2,,0.044031,0.032456,0.437032,0.004627,0.016915,0.217556,0.247383,,1134000,,
6,6,,0.058493,0.065373,0.002551,0.002958,0.016329,0.288737,0.565559,,1137700,,
6,2,,0.029471,0.011905,0.591931,0.01418,0.006138,0.179471,0.166905,,1135400,,
6,6,,0.123766,0.024874,0.217337,0.055558,0.02829,0.227731,0.322444,,1144300,,
6,2,,0.044031,0.030274,0.429759,0.004627,0.116915,0.136102,0.238292,,1158100,,
6,2,,0.054709,0.011547,0.491744,0.037884,0.012063,0.154312,0.237742,,1145500,,
6,2,,0.035858,0.009365,0.484471,0.038803,0.012063,0.165731,0.253708,,1139700,,
6,2,,0.045142,0.029953,0.431517,0.008151,0.016438,0.209847,0.258952,,1137000,,
6,2,,0.032169,0.011759,0.504601,0.035556,0.011534,0.168386,0.235996,,1138100,,
6,2,,0.064592,0.012359,0.472899,0.014513,0.015028,0.19567,0.22494,,1142500,,
6,6,,0.123766,0.024874,0.217337,0.055558,0.02829,0.227731,0.322444,,1133100,,
6,6,,0.123766,0.024874,0.217337,0.055558,0.02829,0.227731,0.322444,,1142200,,
6,2,,0.068783,0.009365,0.484841,0.037884,0.012063,0.183413,0.203651,,1138500,,
6,2,,0.044592,0.012359,0.482899,0.014513,0.015028,0.19567,0.23494,,1137000,,
6,6,,0.120292,0.007279,0.258349,0.062839,0.02688,0.228144,0.296217,,1173700,,
6,2,,0.035858,0.009365,0.484471,0.038803,0.012063,0.213003,0.206436,,1140900,,
6,2,,0.02434,0.012116,0.642562,0.011852,0.005608,0.107989,0.195532,,1143000,,
6,2,,0.064592,0.012359,0.472899,0.014513,0.015028,0.15567,0.26494,,1134500,,
6,2,,0.068105,0.030274,0.43013,0.004627,0.016915,0.161657,0.288292,,1150000,,
6,6,,0.153672,0.078869,0.0005,0.000907,0.070742,0.202384,0.492927,,1153000,,
6,2,,0.044031,0.030274,0.429759,0.004627,0.116915,0.096102,0.278292,,1139300,,
6,6,,0.151005,0.078869,0.0005,0.000907,0.070742,0.202384,0.495594,,1125800,,
6,6,,0.053159,0.065373,0.002551,0.002958,0.016329,0.327404,0.532225,,1131300,,
6,6,,0.162843,0.038088,0.000723,0.000617,0.073902,0.218781,0.505046,,1137700,,
6,2,,0.044031,0.030274,0.429759,0.004627,0.116915,0.136102,0.238292,,1136400,,
6,2,,0.044031,0.032456,0.437032,0.004627,0.016915,0.177556,0.287383,,1154100,,
6,6,,0.151005,0.078869,0.0005,0.000907,0.070742,0.202384,0.495594,,1126600,,