pendigits,CWE,test,2,NANOSECONDS,PREDICTIONS, Generated by ClassifierExperiments.java on 2022-05-17 03:05:02.    SYSTEMPROPERTIES:{user.name:matth,os.arch:amd64,os.name:Windows 10},ENDSYSTEMPROPERTIES
No parameter info
0.5715583825533849,1322791300,3429292800,-1,0,10,,-1,-1
0,0,,0.395163,0.017486,0.018166,0.005426,0.087871,0.131996,0.076473,0.063979,0.173838,0.029602,,2177000,,
0,0,,0.244181,0.047835,0.025475,0.036847,0.058549,0.147978,0.18848,0.069153,0.14477,0.036732,,1882600,,
0,0,,0.348389,0.015754,0.013905,0.001271,0.101586,0.137496,0.091458,0.058463,0.194455,0.037224,,1890000,,
0,0,,0.381797,0.01738,0.018573,0.00113,0.089858,0.133584,0.081514,0.081806,0.164794,0.029564,,1879700,,
0,0,,0.432465,0.013906,0.013325,0.001109,0.084888,0.151528,0.089056,0.037036,0.148768,0.027919,,1927400,,
0,0,,0.333749,0.048653,0.016779,0.002327,0.08646,0.108015,0.130652,0.059983,0.177982,0.035401,,1931400,,
0,0,,0.388947,0.029772,0.018166,0.005426,0.07796,0.136,0.056473,0.064301,0.184426,0.03853,,1936300,,
0,0,,0.414509,0.040857,0.018161,0.012456,0.064747,0.139622,0.047951,0.067829,0.151871,0.041996,,1926800,,
0,0,,0.288338,0.011468,0.026199,0.00048,0.086328,0.126897,0.154385,0.06058,0.21422,0.031106,,1915000,,
0,0,,0.394,0.014697,0.023826,0.001109,0.084665,0.132363,0.092222,0.060687,0.168301,0.028131,,1926800,,
0,0,,0.393875,0.014225,0.013676,0.001109,0.085758,0.151557,0.121834,0.038552,0.151495,0.027919,,1909600,,
0,0,,0.395163,0.01696,0.018166,0.005426,0.087871,0.157257,0.056473,0.045077,0.185505,0.032102,,1941300,,
0,0,,0.348933,0.016017,0.024333,0.001271,0.099072,0.135035,0.083444,0.06192,0.192969,0.037005,,1915500,,
0,0,,0.283086,0.046998,0.025523,0.001704,0.112874,0.146506,0.139172,0.059258,0.153059,0.03182,,1851000,,
0,0,,0.410318,0.031692,0.023414,0.001148,0.086802,0.159174,0.048301,0.048828,0.151289,0.039034,,1862800,,
0,0,,0.406931,0.061983,0.024415,0.015636,0.062705,0.139098,0.042419,0.055152,0.151183,0.040478,,1843400,,
0,0,,0.328809,0.016072,0.014183,0.001271,0.100165,0.1348,0.12258,0.058687,0.18664,0.036794,,1855800,,
0,0,,0.377831,0.030125,0.025158,0.000489,0.071694,0.108957,0.111547,0.060376,0.192993,0.02083,,1896600,,
0,0,,0.439434,0.014778,0.012834,0.001136,0.084082,0.15803,0.061483,0.038559,0.15751,0.032154,,1873200,,
0,0,,0.328809,0.016072,0.014183,0.001271,0.100165,0.1348,0.12258,0.058687,0.18664,0.036794,,1881900,,
0,0,,0.191726,0.095152,0.141306,0.051715,0.051828,0.108299,0.116476,0.053926,0.137634,0.051939,,1634000,,
0,0,,0.408947,0.029772,0.018166,0.005426,0.07796,0.130167,0.076473,0.064301,0.152759,0.03603,,1534900,,
0,0,,0.364237,0.110098,0.023327,0.018276,0.066643,0.111917,0.038609,0.054767,0.143034,0.069091,,1527600,,
0,0,,0.346277,0.016935,0.01556,0.001281,0.091285,0.133816,0.130153,0.058971,0.168966,0.036757,,1519100,,
0,0,,0.396222,0.053431,0.017128,0.020863,0.062487,0.137927,0.04241,0.067957,0.152435,0.04914,,1519300,,
0,0,,0.428916,0.013955,0.011948,0.001121,0.099831,0.132375,0.081505,0.055696,0.145449,0.029204,,1517600,,
0,0,,0.346277,0.016935,0.01556,0.001281,0.091285,0.133816,0.130153,0.058971,0.168966,0.036757,,1529600,,
0,0,,0.428916,0.013429,0.011948,0.001121,0.099831,0.151803,0.081505,0.036794,0.145449,0.029204,,1517800,,
0,0,,0.398304,0.033903,0.025676,0.001172,0.062173,0.158584,0.055852,0.050878,0.17401,0.039447,,1519800,,
0,0,,0.346277,0.016935,0.01556,0.001281,0.091285,0.133816,0.130153,0.058971,0.168966,0.036757,,1519200,,
0,0,,0.407786,0.032555,0.02479,0.001157,0.077922,0.15819,0.055873,0.049112,0.153616,0.038998,,1529200,,
0,0,,0.404521,0.021618,0.025676,0.001172,0.072084,0.160413,0.055852,0.050556,0.155089,0.05302,,1516100,,
0,0,,0.348809,0.016072,0.014183,0.001271,0.100165,0.1348,0.113056,0.058687,0.176163,0.036794,,1532200,,
0,0,,0.226004,0.143942,0.033555,0.039582,0.038727,0.150561,0.023866,0.078211,0.194938,0.070612,,1531700,,
0,0,,0.371977,0.058903,0.026162,0.008156,0.055813,0.139075,0.055533,0.053477,0.173439,0.057465,,1514100,,
0,0,,0.398304,0.033903,0.025676,0.001172,0.062173,0.15275,0.075852,0.050878,0.162343,0.036947,,1517500,,
0,0,,0.259005,0.058403,0.072672,0.002862,0.091664,0.128439,0.118941,0.062969,0.169838,0.035209,,1536800,,
0,0,,0.315165,0.030951,0.026535,0.00048,0.08286,0.128209,0.129595,0.060661,0.204861,0.020684,,1530400,,
0,0,,0.371455,0.014341,0.013676,0.00109,0.079073,0.131269,0.132945,0.057719,0.172574,0.025859,,1534500,,
0,0,,0.356069,0.014697,0.023826,0.001109,0.104665,0.133152,0.083408,0.060924,0.193976,0.028174,,1536700,,
0,0,,0.382994,0.085912,0.016038,0.027164,0.060806,0.120048,0.039522,0.047695,0.149169,0.070654,,1534000,,
0,0,,0.388916,0.013955,0.011948,0.001121,0.099831,0.138208,0.061505,0.075696,0.177116,0.031704,,1527300,,
0,0,,0.412465,0.013906,0.013325,0.001109,0.084888,0.151528,0.089056,0.037036,0.168768,0.027919,,1525700,,
0,0,,0.425681,0.018835,0.019052,0.005442,0.072122,0.138222,0.056451,0.065745,0.165899,0.032551,,1526800,,
0,0,,0.376069,0.01417,0.023826,0.001109,0.084665,0.152581,0.083408,0.042022,0.193976,0.028174,,1532700,,
0,0,,0.376222,0.053431,0.017128,0.020863,0.062487,0.137927,0.04241,0.087957,0.152435,0.04914,,1527000,,
0,0,,0.375945,0.014751,0.013676,0.001109,0.085758,0.132917,0.11302,0.057691,0.17717,0.027963,,1525400,,
0,0,,0.381663,0.080681,0.033856,0.031413,0.045855,0.13403,0.027612,0.086211,0.139582,0.039097,,1549800,,
0,0,,0.407786,0.032555,0.02479,0.001157,0.077922,0.15819,0.055873,0.049112,0.153616,0.038998,,1532200,,
0,0,,0.412465,0.014433,0.013325,0.001109,0.084888,0.132099,0.089056,0.055938,0.168768,0.027919,,1552100,,
0,0,,0.394002,0.020269,0.02479,0.001157,0.087833,0.160019,0.055873,0.048791,0.174695,0.03257,,1536300,,
0,0,,0.392465,0.014433,0.013325,0.001109,0.084888,0.132099,0.089056,0.075938,0.168768,0.027919,,1542000,,
0,0,,0.307003,0.043134,0.017604,0.001544,0.085813,0.123821,0.158829,0.058412,0.18262,0.021219,,1539600,,
0,0,,0.376069,0.014697,0.023826,0.001109,0.084665,0.133152,0.092932,0.060924,0.184452,0.028174,,1554000,,
0,0,,0.408916,0.013429,0.011948,0.001121,0.099831,0.157637,0.061505,0.036794,0.177116,0.031704,,1543400,,
0,2,,0.160587,0.128128,0.191189,0.075896,0.045179,0.083038,0.103936,0.040948,0.107598,0.063502,,1539600,,
0,0,,0.401797,0.01738,0.018573,0.00113,0.089858,0.133584,0.081514,0.061806,0.164794,0.029564,,1538800,,
0,0,,0.412316,0.018203,0.019458,0.001145,0.074109,0.159239,0.061493,0.044669,0.176855,0.032513,,1544700,,
0,0,,0.375945,0.014751,0.013676,0.001109,0.085758,0.132917,0.122544,0.057691,0.167647,0.027963,,1551400,,
0,0,,0.284412,0.142533,0.028317,0.101613,0.039206,0.104492,0.021073,0.078838,0.106882,0.092634,,1533000,,
0,0,,0.396222,0.053431,0.017128,0.020863,0.062487,0.137927,0.04241,0.067957,0.152435,0.04914,,1533000,,
0,0,,0.375543,0.014576,0.013398,0.001109,0.08795,0.135431,0.106067,0.057111,0.180635,0.028182,,1523200,,
0,0,,0.327003,0.043134,0.017604,0.001544,0.085813,0.103821,0.158829,0.058412,0.18262,0.021219,,1529600,,
0,0,,0.432465,0.013906,0.013325,0.001109,0.084888,0.151528,0.089056,0.037036,0.148768,0.027919,,1513600,,
0,0,,0.351593,0.110195,0.02548,0.042922,0.036597,0.138285,0.024715,0.059369,0.141629,0.069216,,1516200,,
0,0,,0.322533,0.043629,0.016734,0.001716,0.089055,0.106451,0.151293,0.059123,0.17927,0.030197,,1520700,,
0,0,,0.375945,0.014751,0.013676,0.001109,0.085758,0.132917,0.11302,0.057691,0.17717,0.027963,,1522100,,
0,0,,0.406471,0.070168,0.026005,0.009211,0.066553,0.135334,0.047583,0.054748,0.145678,0.038249,,1530800,,
0,0,,0.328933,0.016017,0.024333,0.001271,0.099072,0.135035,0.092968,0.06192,0.203445,0.037005,,1540900,,
0,0,,0.348809,0.016072,0.014183,0.001271,0.100165,0.1348,0.113056,0.058687,0.176163,0.036794,,1521000,,
0,0,,0.375945,0.014751,0.013676,0.001109,0.085758,0.132917,0.11302,0.057691,0.17717,0.027963,,1521000,,
0,0,,0.408916,0.013955,0.011948,0.001121,0.099831,0.132375,0.081505,0.055696,0.165449,0.029204,,1523700,,
0,0,,0.397383,0.047831,0.017128,0.020822,0.062471,0.135601,0.043019,0.06908,0.162487,0.044178,,1522500,,
0,0,,0.412465,0.013906,0.013325,0.001109,0.084888,0.151528,0.089056,0.037036,0.168768,0.027919,,1520200,,
0,0,,0.428916,0.013955,0.011948,0.001121,0.099831,0.138208,0.061505,0.055696,0.157116,0.031704,,1521500,,
0,0,,0.295041,0.031005,0.016385,0.00048,0.083953,0.127974,0.159207,0.057428,0.208055,0.020473,,1528600,,
0,0,,0.393138,0.03612,0.019538,0.012425,0.055851,0.136313,0.056132,0.069237,0.184249,0.036997,,1523100,,
0,0,,0.346401,0.016354,0.02571,0.001281,0.090192,0.15348,0.100541,0.043302,0.185772,0.036969,,1525100,,
0,0,,0.400836,0.035858,0.017675,0.005473,0.071107,0.139702,0.048271,0.064658,0.172442,0.043978,,1535700,,
0,0,,0.408916,0.013955,0.011948,0.001121,0.099831,0.138208,0.061505,0.055696,0.177116,0.031704,,1521000,,
0,0,,0.348809,0.016072,0.014183,0.001271,0.100165,0.1348,0.12258,0.058687,0.16664,0.036794,,1525900,,
0,0,,0.393456,0.014433,0.013398,0.001109,0.087178,0.134824,0.090712,0.057231,0.179311,0.028349,,1525500,,
0,0,,0.366863,0.016017,0.024333,0.001271,0.099072,0.134246,0.092258,0.061683,0.167294,0.036962,,1525300,,
0,0,,0.439434,0.015304,0.012834,0.001136,0.084082,0.138601,0.061483,0.057462,0.15751,0.032154,,1523400,,
0,0,,0.407786,0.032555,0.02479,0.001157,0.077922,0.15819,0.055873,0.049112,0.153616,0.038998,,1521400,,
0,0,,0.380863,0.063772,0.027232,0.035722,0.045909,0.139427,0.027603,0.081374,0.152007,0.046091,,1525600,,
0,0,,0.393456,0.013906,0.013398,0.001109,0.087178,0.154253,0.090712,0.038329,0.179311,0.028349,,1519500,,
0,0,,0.412465,0.013906,0.013325,0.001109,0.084888,0.151528,0.089056,0.057036,0.148768,0.027919,,1530100,,
0,0,,0.408916,0.013429,0.011948,0.001121,0.099831,0.151803,0.081505,0.036794,0.165449,0.029204,,1574700,,
0,0,,0.385328,0.015754,0.013832,0.001271,0.099295,0.133982,0.089092,0.056934,0.167761,0.03675,,1521400,,
0,0,,0.276661,0.039617,0.025127,0.001756,0.088542,0.121373,0.13224,0.060296,0.215913,0.038475,,1535300,,
0,0,,0.364247,0.084906,0.023219,0.024835,0.06234,0.115025,0.039153,0.071729,0.14347,0.071075,,1523600,,
0,0,,0.412465,0.014433,0.013325,0.001109,0.084888,0.132099,0.089056,0.055938,0.168768,0.027919,,1520500,,
0,0,,0.348389,0.015754,0.013905,0.001271,0.101586,0.137496,0.091458,0.058463,0.194455,0.037224,,1517800,,
0,0,,0.371977,0.058903,0.026162,0.008156,0.055813,0.139075,0.055533,0.053477,0.173439,0.057465,,1537200,,
0,0,,0.412316,0.018203,0.019458,0.001145,0.074109,0.159239,0.061493,0.044669,0.176855,0.032513,,1528400,,
0,0,,0.355165,0.010951,0.026535,0.00048,0.08286,0.128209,0.109595,0.060661,0.204861,0.020684,,1523000,,
0,0,,0.230428,0.054636,0.112588,0.006479,0.066881,0.13843,0.163326,0.059871,0.133296,0.034065,,1525500,,
0,0,,0.396222,0.053431,0.017128,0.020863,0.062487,0.137927,0.04241,0.067957,0.152435,0.04914,,1562800,,
0,0,,0.398304,0.033903,0.025676,0.001172,0.062173,0.158584,0.055852,0.050878,0.17401,0.039447,,1521400,,
0,0,,0.402619,0.034771,0.018652,0.01241,0.0716,0.13592,0.056153,0.067472,0.163855,0.036548,,1523700,,
0,0,,0.336926,0.084883,0.02548,0.06294,0.043956,0.140242,0.024715,0.059851,0.149234,0.071772,,1527100,,
0,0,,0.411977,0.038903,0.026162,0.008156,0.055813,0.158503,0.055533,0.054049,0.153439,0.037465,,1519400,,
0,0,,0.401459,0.037554,0.025277,0.00814,0.071562,0.15811,0.055554,0.052283,0.153045,0.037016,,1530600,,
0,0,,0.404521,0.021618,0.025676,0.001172,0.072084,0.154579,0.075852,0.050556,0.163422,0.03052,,1529300,,
0,0,,0.259396,0.043629,0.043505,0.016263,0.068546,0.138,0.155628,0.058841,0.16759,0.048602,,1534700,,
0,0,,0.289704,0.046865,0.017604,0.022966,0.085749,0.123091,0.170301,0.057034,0.154706,0.031978,,1521500,,
0,0,,0.269718,0.034436,0.032374,0.001133,0.06179,0.146189,0.143689,0.06574,0.212343,0.032588,,1547800,,
0,0,,0.375163,0.017486,0.018166,0.005426,0.087871,0.131996,0.076473,0.083979,0.173838,0.029602,,1553300,,
0,0,,0.421797,0.01738,0.018573,0.00113,0.089858,0.139417,0.061514,0.061806,0.156461,0.032064,,1533000,,
0,0,,0.422088,0.033946,0.011612,0.001121,0.103299,0.136324,0.056771,0.036713,0.155999,0.042127,,1527600,,
0,0,,0.348406,0.015896,0.013905,0.001271,0.102357,0.137313,0.106103,0.058107,0.179628,0.037013,,1521800,,
0,0,,0.39369,0.052003,0.025129,0.016562,0.053553,0.13738,0.049992,0.073079,0.154004,0.04461,,1523600,,
0,0,,0.394002,0.020269,0.02479,0.001157,0.087833,0.154186,0.075873,0.048791,0.163028,0.03007,,1532000,,
0,0,,0.372285,0.054542,0.015375,0.02808,0.060534,0.15817,0.039522,0.047006,0.149663,0.074822,,1529400,,
0,0,,0.356926,0.084883,0.02548,0.04294,0.043956,0.140242,0.024715,0.059851,0.149234,0.071772,,1529100,,
0,0,,0.398304,0.033903,0.025676,0.001172,0.062173,0.158584,0.055852,0.070878,0.15401,0.039447,,1520600,,
0,0,,0.373473,0.014576,0.013398,0.001109,0.08795,0.134642,0.105357,0.056875,0.184483,0.028138,,1573000,,
0,0,,0.220986,0.058206,0.115759,0.016903,0.06246,0.148634,0.121118,0.073673,0.152175,0.030086,,1546200,,
0,0,,0.372285,0.072251,0.022,0.02377,0.060481,0.139178,0.039531,0.051271,0.148905,0.070328,,1550700,,
0,0,,0.376069,0.014697,0.023826,0.001109,0.084665,0.133152,0.092932,0.060924,0.184452,0.028174,,1534900,,
0,0,,0.408916,0.013429,0.011948,0.001121,0.099831,0.151803,0.081505,0.036794,0.165449,0.029204,,1530800,,
0,0,,0.376069,0.014697,0.023826,0.001109,0.084665,0.133152,0.092932,0.060924,0.184452,0.028174,,1522800,,
0,0,,0.432316,0.018203,0.019458,0.001145,0.074109,0.159239,0.061493,0.044669,0.156855,0.032513,,1530800,,
0,0,,0.415163,0.01696,0.018166,0.005426,0.087871,0.157257,0.056473,0.045077,0.165505,0.032102,,1531100,,
0,0,,0.275189,0.037758,0.038573,0.001142,0.05956,0.148109,0.127203,0.071628,0.215473,0.025366,,1535200,,
0,0,,0.389907,0.013429,0.012021,0.001121,0.102122,0.154528,0.083161,0.038087,0.175991,0.029634,,1553700,,
0,0,,0.428916,0.013955,0.011948,0.001121,0.099831,0.138208,0.061505,0.055696,0.157116,0.031704,,1543500,,
0,0,,0.408916,0.013429,0.011948,0.001121,0.099831,0.151803,0.081505,0.036794,0.165449,0.029204,,1523800,,
0,0,,0.335543,0.014576,0.013398,0.001109,0.10795,0.135431,0.106067,0.057111,0.200635,0.028182,,1541600,,
0,0,,0.388947,0.029772,0.018166,0.005426,0.07796,0.136,0.056473,0.064301,0.184426,0.03853,,1534600,,
0,0,,0.209656,0.068038,0.147491,0.039121,0.06471,0.118495,0.131997,0.064791,0.111657,0.044045,,1534500,,
0,0,,0.407786,0.035372,0.018166,0.005467,0.077976,0.138325,0.055864,0.063178,0.154374,0.043492,,1538200,,
0,0,,0.22818,0.053664,0.095538,0.019994,0.060008,0.156232,0.151535,0.07611,0.13282,0.025921,,1552700,,
0,0,,0.353875,0.014751,0.013676,0.001109,0.105758,0.132128,0.121834,0.057455,0.171495,0.027919,,1533400,,
0,0,,0.242148,0.055936,0.032483,0.045507,0.083342,0.151567,0.10338,0.065609,0.162436,0.057591,,1533900,,
0,0,,0.394002,0.020269,0.02479,0.001157,0.087833,0.154186,0.075873,0.048791,0.163028,0.03007,,1543300,,
0,0,,0.343555,0.142324,0.026699,0.043986,0.038457,0.114132,0.024337,0.060353,0.136195,0.069963,,1567700,,
0,0,,0.387786,0.032555,0.02479,0.001157,0.077922,0.15819,0.055873,0.049112,0.173616,0.038998,,1542200,,
0,0,,0.414509,0.03804,0.024785,0.008146,0.064693,0.159487,0.04796,0.053764,0.151113,0.037502,,1564800,,
0,0,,0.431396,0.047433,0.014053,0.002201,0.085941,0.114448,0.061106,0.058446,0.152075,0.032901,,1528600,,
0,0,,0.371976,0.013955,0.012021,0.001121,0.102122,0.135888,0.083871,0.057226,0.192143,0.029678,,1550500,,
0,0,,0.388947,0.029772,0.018166,0.005426,0.07796,0.136,0.056473,0.064301,0.184426,0.03853,,1521700,,
0,0,,0.375945,0.014751,0.013676,0.001109,0.085758,0.132917,0.11302,0.057691,0.17717,0.027963,,1604500,,
0,0,,0.408916,0.013429,0.011948,0.001121,0.099831,0.151803,0.081505,0.036794,0.165449,0.029204,,1533700,,
0,0,,0.407786,0.032555,0.02479,0.001157,0.077922,0.15819,0.055873,0.049112,0.153616,0.038998,,1528200,,
0,0,,0.376069,0.01417,0.023826,0.001109,0.084665,0.152581,0.083408,0.042022,0.193976,0.028174,,1557800,,
0,0,,0.401797,0.01738,0.018573,0.00113,0.089858,0.139417,0.061514,0.081806,0.156461,0.032064,,1534400,,
0,0,,0.382494,0.015304,0.012907,0.001136,0.086372,0.136282,0.08385,0.058991,0.192537,0.030127,,1545100,,
0,0,,0.3203,0.043597,0.027418,0.001544,0.088188,0.102744,0.124483,0.061564,0.198309,0.031853,,1551500,,
0,0,,0.364519,0.069004,0.02601,0.019206,0.080221,0.132425,0.059125,0.049095,0.13601,0.064386,,1537700,,
0,0,,0.346277,0.016935,0.01556,0.001281,0.091285,0.133816,0.130153,0.058971,0.168966,0.036757,,1546600,,
0,0,,0.412465,0.014433,0.013325,0.001109,0.084888,0.132099,0.089056,0.055938,0.168768,0.027919,,1541200,,
0,0,,0.405681,0.018835,0.019052,0.005442,0.072122,0.138222,0.056451,0.065745,0.185899,0.032551,,1541200,,
0,0,,0.348951,0.017595,0.030451,0.001117,0.074692,0.15379,0.092941,0.068131,0.183797,0.028534,,1534600,,
0,0,,0.408916,0.013955,0.011948,0.001121,0.099831,0.138208,0.061505,0.055696,0.177116,0.031704,,1531600,,
0,0,,0.439434,0.034778,0.012834,0.001136,0.084082,0.132768,0.081483,0.037988,0.145843,0.029654,,1551800,,
0,0,,0.355543,0.014576,0.013398,0.001109,0.08795,0.135431,0.106067,0.057111,0.200635,0.028182,,1559300,,
0,0,,0.377022,0.112105,0.017128,0.020863,0.062487,0.112093,0.04241,0.048484,0.140769,0.06664,,1538800,,
0,2,,0.176603,0.096273,0.178162,0.060473,0.054773,0.083052,0.116179,0.068586,0.120747,0.045151,,1555900,,
0,0,,0.348933,0.016017,0.024333,0.001271,0.099072,0.135035,0.092968,0.06192,0.183445,0.037005,,1549400,,
0,0,,0.40556,0.040063,0.019167,0.019915,0.053862,0.135924,0.050591,0.070625,0.16432,0.039973,,1538500,,
0,0,,0.408916,0.013955,0.011948,0.001121,0.099831,0.138208,0.061505,0.075696,0.157116,0.031704,,1539700,,
0,0,,0.348809,0.016072,0.014183,0.001271,0.100165,0.1348,0.12258,0.058687,0.16664,0.036794,,1539100,,
0,0,,0.398304,0.033903,0.025676,0.001172,0.062173,0.15275,0.075852,0.050878,0.162343,0.036947,,1544000,,
0,0,,0.407786,0.033081,0.02479,0.001157,0.077922,0.138762,0.055873,0.068015,0.153616,0.038998,,1538100,,
0,0,,0.407786,0.032555,0.02479,0.001157,0.077922,0.15819,0.055873,0.049112,0.153616,0.038998,,1543500,,
0,0,,0.411335,0.033032,0.026167,0.001145,0.062979,0.152082,0.083424,0.049354,0.145269,0.035213,,1555900,,
0,0,,0.418304,0.033903,0.025676,0.001172,0.062173,0.158584,0.055852,0.050878,0.15401,0.039447,,1571700,,
0,0,,0.371579,0.014287,0.023826,0.00109,0.07798,0.131504,0.093809,0.060951,0.198903,0.02607,,1588600,,
0,0,,0.240154,0.040845,0.037215,0.036307,0.058563,0.148049,0.15255,0.072389,0.169356,0.044571,,1556800,,
0,0,,0.374002,0.020269,0.02479,0.001157,0.087833,0.154186,0.075873,0.068791,0.163028,0.03007,,1554700,,
0,0,,0.432465,0.013906,0.013325,0.001109,0.084888,0.151528,0.089056,0.037036,0.148768,0.027919,,1555400,,
0,0,,0.412465,0.014433,0.013325,0.001109,0.084888,0.132099,0.089056,0.055938,0.168768,0.027919,,1555000,,
0,0,,0.421797,0.01738,0.018573,0.00113,0.089858,0.139417,0.061514,0.061806,0.156461,0.032064,,1554500,,
0,0,,0.40399,0.039509,0.017275,0.012441,0.080496,0.139229,0.047973,0.066064,0.151477,0.041546,,1582800,,
0,0,,0.411335,0.033032,0.026167,0.001145,0.062979,0.152082,0.083424,0.049354,0.145269,0.035213,,1554800,,
0,0,,0.376069,0.014697,0.023826,0.001109,0.084665,0.133152,0.092932,0.060924,0.184452,0.028174,,1551000,,
0,0,,0.328809,0.016072,0.014183,0.001271,0.100165,0.1348,0.12258,0.058687,0.18664,0.036794,,1559700,,
0,0,,0.407786,0.032555,0.02479,0.001157,0.077922,0.15819,0.055873,0.049112,0.153616,0.038998,,1572500,,
0,0,,0.344319,0.035662,0.014183,0.001253,0.09348,0.113151,0.123457,0.058714,0.18109,0.03469,,1552300,,
0,0,,0.439434,0.014778,0.012834,0.001136,0.084082,0.152197,0.081483,0.038559,0.145843,0.029654,,1583900,,
0,0,,0.404574,0.019183,0.019052,0.001431,0.072941,0.143861,0.056057,0.063421,0.154718,0.064763,,1557300,,
0,0,,0.428916,0.013955,0.011948,0.001121,0.099831,0.138208,0.061505,0.055696,0.157116,0.031704,,1561400,,
0,0,,0.375945,0.014751,0.013676,0.001109,0.085758,0.132917,0.122544,0.057691,0.167647,0.027963,,1570500,,
0,0,,0.412465,0.013906,0.013325,0.001109,0.084888,0.151528,0.089056,0.037036,0.168768,0.027919,,1583500,,
0,0,,0.388916,0.013955,0.011948,0.001121,0.099831,0.138208,0.061505,0.075696,0.177116,0.031704,,1543800,,
0,0,,0.408947,0.029772,0.018166,0.005426,0.07796,0.136,0.056473,0.064301,0.164426,0.03853,,1517900,,
0,0,,0.343542,0.046415,0.025046,0.002155,0.07984,0.107351,0.113431,0.061936,0.193468,0.026817,,1539100,,
0,0,,0.238406,0.087014,0.02901,0.033298,0.112626,0.110001,0.074367,0.034865,0.165209,0.115203,,1518300,,
0,0,,0.289704,0.046865,0.017604,0.022966,0.085749,0.103091,0.179825,0.057034,0.165183,0.031978,,1530800,,
0,0,,0.408947,0.029772,0.018166,0.005426,0.07796,0.136,0.056473,0.064301,0.164426,0.03853,,1532600,,
0,0,,0.408916,0.013955,0.011948,0.001121,0.099831,0.132375,0.081505,0.055696,0.165449,0.029204,,1518500,,
0,0,,0.375945,0.014751,0.013676,0.001109,0.085758,0.132917,0.122544,0.057691,0.167647,0.027963,,1522400,,
0,0,,0.407786,0.032555,0.02479,0.001157,0.077922,0.15819,0.055873,0.049112,0.153616,0.038998,,1534100,,
0,0,,0.32342,0.161076,0.033317,0.036533,0.038421,0.115798,0.024274,0.064634,0.13544,0.067086,,1538500,,
0,0,,0.432465,0.014433,0.013325,0.001109,0.084888,0.132099,0.089056,0.055938,0.148768,0.027919,,1513900,,
0,0,,0.408947,0.029772,0.018166,0.005426,0.07796,0.136,0.056473,0.064301,0.164426,0.03853,,1537400,,
0,0,,0.374956,0.075749,0.023882,0.023918,0.062612,0.13576,0.039153,0.054087,0.142976,0.066907,,1543900,,
0,0,,0.375525,0.013906,0.013398,0.001109,0.087178,0.155042,0.091422,0.038565,0.195462,0.028393,,1527500,,
0,0,,0.376069,0.014697,0.023826,0.001109,0.084665,0.133152,0.092932,0.060924,0.184452,0.028174,,1535500,,
0,0,,0.368923,0.015204,0.015053,0.0011,0.070193,0.130285,0.140517,0.058003,0.1749,0.025823,,1515600,,
0,0,,0.439434,0.015304,0.012834,0.001136,0.084082,0.132768,0.081483,0.057462,0.145843,0.029654,,1514200,,
0,0,,0.388947,0.029772,0.018166,0.005426,0.07796,0.136,0.056473,0.064301,0.184426,0.03853,,1523100,,
0,0,,0.376069,0.014697,0.023826,0.001109,0.084665,0.133152,0.092932,0.060924,0.184452,0.028174,,1525200,,
0,0,,0.373413,0.015614,0.015053,0.001118,0.076878,0.131933,0.130116,0.057976,0.169973,0.027927,,1543500,,
0,0,,0.411335,0.033032,0.026167,0.001145,0.062979,0.152082,0.083424,0.049354,0.145269,0.035213,,1522200,,
0,0,,0.286481,0.141076,0.033354,0.036533,0.038234,0.132228,0.026603,0.067739,0.170411,0.067341,,1540200,,
0,0,,0.354851,0.048693,0.018504,0.020831,0.053591,0.134618,0.050591,0.089365,0.184814,0.044142,,1519400,,
0,0,,0.376069,0.014697,0.023826,0.001109,0.084665,0.133152,0.092932,0.060924,0.184452,0.028174,,1542200,,
0,0,,0.374,0.014697,0.023826,0.001109,0.084665,0.132363,0.092222,0.060687,0.188301,0.028131,,1521000,,
0,0,,0.363542,0.046415,0.025046,0.002155,0.07984,0.107351,0.102955,0.061936,0.183944,0.026817,,1529900,,
0,0,,0.375163,0.01696,0.018166,0.005426,0.087871,0.151424,0.076473,0.065077,0.173838,0.029602,,1538700,,
0,0,,0.348923,0.015204,0.015053,0.0011,0.090193,0.130285,0.140517,0.058003,0.1749,0.025823,,1520000,,
0,0,,0.287436,0.031744,0.027108,0.001097,0.062724,0.124979,0.16993,0.059915,0.210714,0.024354,,1547300,,
0,0,,0.376222,0.053431,0.017128,0.020863,0.062487,0.137927,0.04241,0.087957,0.152435,0.04914,,1524900,,
0,0,,0.326277,0.016935,0.01556,0.001281,0.091285,0.133816,0.130153,0.058971,0.188966,0.036757,,1528000,,
0,0,,0.394002,0.020269,0.02479,0.001157,0.087833,0.154186,0.075873,0.048791,0.163028,0.03007,,1524000,,
0,0,,0.387786,0.032555,0.02479,0.001157,0.077922,0.15819,0.055873,0.069112,0.153616,0.038998,,1532400,,
0,0,,0.376069,0.014697,0.023826,0.001109,0.084665,0.133152,0.092932,0.060924,0.184452,0.028174,,1524200,,
0,0,,0.401797,0.016854,0.018573,0.00113,0.089858,0.158846,0.061514,0.042903,0.176461,0.032064,,1530000,,
0,0,,0.335165,0.030951,0.026535,0.00048,0.08286,0.108209,0.139119,0.060661,0.195337,0.020684,,1522500,,
0,0,,0.408916,0.013955,0.011948,0.001121,0.099831,0.132375,0.081505,0.055696,0.165449,0.029204,,1526500,,
0,0,,0.241645,0.04604,0.030393,0.023214,0.067544,0.141853,0.157471,0.064744,0.169628,0.057468,,1526200,,
0,0,,0.393456,0.014433,0.013398,0.001109,0.087178,0.134824,0.090712,0.057231,0.179311,0.028349,,1549500,,
0,0,,0.412316,0.018203,0.019458,0.001145,0.074109,0.159239,0.061493,0.044669,0.176855,0.032513,,1527700,,
0,0,,0.308389,0.015754,0.013905,0.001271,0.081586,0.157496,0.111458,0.058463,0.214455,0.037224,,1523500,,
0,0,,0.394,0.014697,0.023826,0.001109,0.084665,0.132363,0.092222,0.060687,0.168301,0.028131,,1523100,,
0,0,,0.373537,0.015559,0.025203,0.001118,0.075785,0.132169,0.100504,0.061209,0.186779,0.028138,,1545100,,
1,2,,0.094614,0.181352,0.256658,0.057943,0.047119,0.05666,0.077214,0.092629,0.071836,0.063975,,1524800,,
1,0,,0.173047,0.154066,0.035409,0.125579,0.044826,0.112503,0.042654,0.070012,0.088414,0.153489,,1525400,,
1,2,,0.114885,0.160258,0.255664,0.045674,0.045471,0.080908,0.08442,0.084147,0.088012,0.040561,,1520500,,
1,1,,0.146813,0.16868,0.068766,0.136918,0.026819,0.111573,0.034467,0.073567,0.0904,0.141997,,1520600,,
1,1,,0.154147,0.203602,0.080786,0.102259,0.039992,0.112685,0.016592,0.082215,0.083681,0.124041,,1524800,,
1,2,,0.095839,0.230656,0.242481,0.063733,0.026472,0.071975,0.052859,0.076717,0.065697,0.073573,,1555500,,
1,1,,0.14595,0.248326,0.071977,0.124743,0.029767,0.103323,0.016316,0.089087,0.077726,0.092785,,1525100,,
1,1,,0.126782,0.175839,0.111449,0.1282,0.023551,0.114289,0.049529,0.090384,0.097622,0.082355,,1524800,,
1,1,,0.15411,0.188707,0.08843,0.109542,0.031643,0.093371,0.034509,0.076249,0.09254,0.1309,,1525100,,
1,2,,0.094966,0.200464,0.27149,0.066571,0.031019,0.06546,0.067233,0.076644,0.068963,0.05719,,1529700,,
1,1,,0.12534,0.239546,0.076153,0.133101,0.029729,0.100819,0.014894,0.115529,0.084187,0.080702,,1533600,,
1,2,,0.094885,0.173043,0.273923,0.071574,0.018867,0.085522,0.049836,0.106864,0.064697,0.060789,,1521800,,
1,1,,0.149248,0.166262,0.060397,0.155919,0.032609,0.108587,0.020709,0.094923,0.080115,0.131233,,1527200,,
1,1,,0.16306,0.170768,0.051969,0.128051,0.030435,0.097312,0.038515,0.079776,0.104133,0.135981,,1530800,,
1,1,,0.14598,0.184125,0.076632,0.152669,0.02986,0.110602,0.023884,0.083037,0.091978,0.101233,,1523800,,
1,2,,0.08093,0.223061,0.283331,0.078866,0.023455,0.061468,0.045356,0.104355,0.04542,0.053758,,1544900,,
1,1,,0.098124,0.164736,0.123329,0.133625,0.019155,0.137604,0.051845,0.095691,0.092644,0.083246,,1525500,,
1,1,,0.081445,0.237487,0.105893,0.144117,0.029108,0.102525,0.046607,0.095905,0.057958,0.098955,,1521400,,
1,1,,0.146028,0.15652,0.068766,0.150652,0.026712,0.113836,0.034592,0.075669,0.090975,0.136251,,1551700,,
1,2,,0.079867,0.256937,0.258359,0.070928,0.027871,0.071293,0.05155,0.07026,0.062301,0.050634,,1534100,,
1,1,,0.094473,0.233624,0.210065,0.122843,0.02143,0.068693,0.043475,0.094824,0.056087,0.054486,,1533300,,
1,3,,0.117951,0.145169,0.101997,0.157026,0.01973,0.115727,0.049122,0.087825,0.072121,0.133331,,1530400,,
1,3,,0.149248,0.158252,0.058265,0.162269,0.029387,0.111723,0.022801,0.072389,0.080118,0.155548,,1525800,,
1,0,,0.162041,0.157748,0.060877,0.145886,0.034654,0.116825,0.026684,0.086562,0.087549,0.121174,,1529800,,
1,5,,0.10883,0.122201,0.086739,0.07536,0.053778,0.163605,0.143587,0.08182,0.076009,0.088071,,1528900,,
1,1,,0.146028,0.15652,0.068766,0.150652,0.026712,0.113836,0.034592,0.075669,0.090975,0.136251,,1540600,,
1,1,,0.150034,0.190412,0.058265,0.148534,0.029494,0.089461,0.022676,0.070286,0.079543,0.161295,,1522800,,
1,1,,0.125979,0.167047,0.108729,0.138905,0.024011,0.114364,0.046808,0.095799,0.076607,0.10175,,1539800,,
1,1,,0.125459,0.16501,0.082899,0.15875,0.026601,0.112978,0.046811,0.093409,0.075042,0.113041,,1523700,,
1,2,,0.103349,0.187744,0.272961,0.060029,0.016869,0.072523,0.049219,0.103264,0.06806,0.065981,,1524700,,
1,0,,0.188406,0.172356,0.027437,0.071233,0.085129,0.108165,0.055441,0.059907,0.08884,0.143088,,1544000,,
1,1,,0.146719,0.174787,0.096664,0.144461,0.019823,0.116163,0.030842,0.073288,0.083449,0.113805,,1546900,,
1,2,,0.110153,0.155317,0.277084,0.045505,0.036681,0.065049,0.07389,0.089496,0.088149,0.058676,,1530300,,
1,1,,0.146824,0.182404,0.068658,0.152175,0.022516,0.092711,0.026386,0.070944,0.090427,0.146954,,1530700,,
1,1,,0.081445,0.244971,0.108025,0.137767,0.03233,0.099389,0.044515,0.098966,0.057954,0.094639,,1559500,,
1,2,,0.097744,0.230546,0.236957,0.065003,0.030323,0.080574,0.049844,0.069755,0.068458,0.070795,,1537600,,
1,1,,0.08015,0.268996,0.136061,0.124381,0.02816,0.088548,0.03709,0.101153,0.057772,0.07769,,1536500,,
1,1,,0.083006,0.233153,0.223853,0.088303,0.020428,0.091886,0.034302,0.099832,0.060392,0.064845,,1539700,,
1,0,,0.167996,0.151751,0.055454,0.137112,0.046498,0.116311,0.047193,0.057899,0.074685,0.145101,,1543400,,
1,2,,0.087637,0.234966,0.260337,0.071114,0.026884,0.064234,0.052225,0.077142,0.060032,0.06543,,1536200,,
1,2,,0.124016,0.144718,0.264267,0.024379,0.049078,0.08372,0.10525,0.079416,0.093923,0.031233,,1563000,,
1,1,,0.125861,0.186393,0.0651,0.163813,0.02256,0.116964,0.032331,0.066187,0.07444,0.146352,,1547000,,
1,0,,0.188406,0.127015,0.025305,0.077583,0.081907,0.11073,0.041105,0.066704,0.093843,0.187403,,1542900,,
1,9,,0.065289,0.154773,0.076772,0.182187,0.024223,0.106863,0.051921,0.084646,0.047801,0.205525,,1541800,,
1,2,,0.0971,0.214872,0.234979,0.079282,0.026814,0.091298,0.046463,0.092596,0.055609,0.060986,,1555300,,
1,2,,0.102715,0.165162,0.295121,0.066553,0.02154,0.084608,0.057472,0.089202,0.070063,0.047564,,1598000,,
1,5,,0.112654,0.114372,0.085973,0.115222,0.020904,0.180814,0.108611,0.083293,0.075523,0.102634,,1558600,,
1,2,,0.102724,0.165666,0.292616,0.064046,0.0208,0.087004,0.05605,0.087759,0.070165,0.05317,,1544600,,
1,5,,0.112339,0.115236,0.088582,0.108138,0.020952,0.180811,0.108611,0.087959,0.076814,0.100558,,1558100,,
1,2,,0.102715,0.145162,0.315121,0.086553,0.02154,0.084608,0.057472,0.089202,0.070063,0.027564,,1550600,,
1,3,,0.125131,0.155078,0.077057,0.164814,0.022446,0.118273,0.032413,0.095473,0.073034,0.136281,,1568200,,
1,1,,0.169826,0.175066,0.04591,0.109525,0.042654,0.092944,0.029464,0.082718,0.103862,0.14803,,1556400,,
1,1,,0.162492,0.224643,0.047283,0.123375,0.039309,0.100575,0.018409,0.092991,0.094004,0.096919,,1551900,,
1,3,,0.145121,0.140796,0.077165,0.158256,0.026749,0.115164,0.031869,0.097984,0.072598,0.134297,,1552500,,
1,1,,0.126062,0.142861,0.11005,0.12438,0.019241,0.137833,0.050138,0.088012,0.078168,0.123256,,1574900,,
1,2,,0.11075,0.134075,0.291769,0.053369,0.020973,0.118108,0.054221,0.10747,0.08205,0.027216,,1574000,,
1,1,,0.105951,0.252763,0.17435,0.067707,0.04399,0.086958,0.056829,0.05237,0.075793,0.083289,,1593500,,
1,2,,0.122716,0.132694,0.286489,0.032506,0.03454,0.071377,0.089182,0.090904,0.091349,0.048243,,1572100,,
1,2,,0.098452,0.11006,0.145431,0.053307,0.089645,0.110232,0.119719,0.050322,0.113034,0.109797,,1568900,,
1,1,,0.146813,0.188123,0.068766,0.145616,0.026819,0.089603,0.025842,0.073455,0.089991,0.144971,,1580600,,
1,1,,0.169505,0.231118,0.070682,0.067399,0.07657,0.091756,0.047827,0.058941,0.07911,0.10709,,1574700,,
1,2,,0.099013,0.184783,0.274605,0.043384,0.043409,0.060946,0.072372,0.078189,0.08003,0.063268,,1566300,,
1,2,,0.094876,0.176185,0.297106,0.064211,0.020763,0.085643,0.058786,0.079124,0.064315,0.058991,,1566100,,
1,2,,0.118065,0.134074,0.263981,0.04433,0.040014,0.083769,0.10123,0.095613,0.07011,0.048815,,1612900,,
1,2,,0.110679,0.141952,0.283306,0.049421,0.034293,0.069436,0.063604,0.089857,0.08293,0.074523,,1579700,,
1,2,,0.107986,0.129936,0.277307,0.061234,0.019355,0.117773,0.03691,0.115777,0.06987,0.063853,,1574900,,
1,1,,0.16305,0.203413,0.054209,0.123841,0.03796,0.089097,0.027254,0.085236,0.103285,0.112656,,1577200,,
1,5,,0.104161,0.104334,0.085566,0.13815,0.020988,0.18187,0.112048,0.080242,0.066593,0.106048,,1580900,,
1,1,,0.150034,0.195753,0.060397,0.142184,0.032716,0.106324,0.037012,0.064061,0.07454,0.136979,,1577300,,
1,1,,0.166271,0.177222,0.041575,0.119974,0.037915,0.09239,0.04268,0.069972,0.08784,0.16416,,1608000,,
1,1,,0.07605,0.265961,0.208962,0.097033,0.037564,0.064607,0.039107,0.096484,0.044082,0.070151,,1594200,,
1,1,,0.146324,0.172536,0.103396,0.132767,0.024146,0.117551,0.031801,0.080344,0.076226,0.114908,,1576300,,
1,5,,0.112115,0.116681,0.103018,0.117646,0.021923,0.183135,0.069388,0.089299,0.089181,0.097614,,1600100,,
1,0,,0.167468,0.164714,0.044634,0.139361,0.050801,0.111195,0.037654,0.0613,0.077081,0.145791,,1599700,,
1,1,,0.150034,0.217896,0.060397,0.142184,0.032716,0.086324,0.020583,0.073347,0.07954,0.136979,,1578900,,
1,1,,0.146824,0.182962,0.068658,0.143476,0.022516,0.094682,0.035011,0.071056,0.090836,0.14398,,1570000,,
1,3,,0.112681,0.13262,0.0782,0.18717,0.029475,0.104214,0.063835,0.082702,0.083203,0.1259,,1577400,,
1,1,,0.092244,0.253199,0.125997,0.133943,0.031849,0.092078,0.031996,0.101275,0.056317,0.081102,,1576300,,
1,3,,0.096366,0.148913,0.093821,0.166529,0.025488,0.135483,0.078316,0.082469,0.059368,0.113246,,1565800,,
1,5,,0.104302,0.116785,0.088582,0.115392,0.02092,0.179502,0.11039,0.087332,0.071134,0.105661,,1589300,,
1,1,,0.124941,0.174397,0.071972,0.167557,0.026601,0.11097,0.021388,0.103585,0.082874,0.115714,,1576200,,
1,5,,0.112555,0.111756,0.079319,0.12892,0.020904,0.18017,0.108691,0.079825,0.074608,0.103252,,1567200,,
1,1,,0.124941,0.201881,0.074103,0.161207,0.029823,0.107834,0.019296,0.106645,0.082871,0.091398,,1650200,,
1,1,,0.118086,0.166417,0.095378,0.16448,0.019766,0.114061,0.049185,0.083543,0.072876,0.116207,,1570100,,
1,2,,0.104408,0.148205,0.272307,0.025685,0.050151,0.103559,0.091515,0.073357,0.093185,0.037629,,1573000,,
1,2,,0.074965,0.219293,0.280724,0.079918,0.026965,0.063704,0.044359,0.084903,0.053359,0.07181,,1605000,,
1,1,,0.148115,0.168444,0.114008,0.139921,0.03161,0.098285,0.019514,0.125515,0.066301,0.088286,,1583800,,
1,1,,0.146813,0.188123,0.068766,0.145616,0.026819,0.089603,0.025842,0.073455,0.089991,0.144971,,1569800,,
1,2,,0.123178,0.177452,0.278678,0.038913,0.034586,0.070788,0.071525,0.064608,0.091568,0.048704,,1565800,,
1,1,,0.149248,0.185736,0.060397,0.155919,0.032609,0.108587,0.020709,0.075449,0.080115,0.131233,,1581100,,
1,2,,0.119011,0.133234,0.275806,0.059318,0.019248,0.121918,0.053759,0.10818,0.082209,0.027317,,1579100,,
1,1,,0.147468,0.171208,0.041994,0.133418,0.070801,0.111934,0.044559,0.050952,0.077698,0.149968,,1573200,,
1,1,,0.146271,0.224706,0.043707,0.113623,0.041137,0.089254,0.040588,0.073032,0.087837,0.139844,,1598300,,
1,1,,0.145334,0.204548,0.063037,0.155402,0.030031,0.109148,0.020709,0.077485,0.076074,0.118232,,1566400,,
1,1,,0.16305,0.176487,0.052077,0.121493,0.034738,0.094204,0.037971,0.082287,0.103697,0.133998,,1584200,,
1,3,,0.089393,0.184156,0.076167,0.204125,0.022288,0.113032,0.050904,0.065335,0.064876,0.129724,,1600800,,
1,1,,0.079546,0.254929,0.22104,0.095206,0.028226,0.086593,0.049709,0.073276,0.04761,0.063866,,1735700,,
1,1,,0.125459,0.192494,0.085031,0.1524,0.029823,0.109841,0.044719,0.09647,0.075039,0.088725,,1571000,,
1,3,,0.142362,0.137381,0.067744,0.18778,0.027103,0.105513,0.060027,0.078812,0.082383,0.110893,,1597200,,
1,1,,0.150034,0.195753,0.060397,0.142184,0.032716,0.106324,0.037012,0.064061,0.07454,0.136979,,1578200,,
1,1,,0.169505,0.211118,0.070682,0.067399,0.07657,0.111756,0.047827,0.058941,0.07911,0.10709,,1728900,,
1,2,,0.079264,0.212439,0.267798,0.080166,0.028645,0.057499,0.053457,0.106218,0.051789,0.062724,,1606200,,
1,3,,0.125084,0.155757,0.082791,0.164482,0.022372,0.120146,0.032422,0.099892,0.074449,0.122605,,1743500,,
1,2,,0.086966,0.200692,0.259392,0.059223,0.033548,0.062199,0.075761,0.104292,0.062681,0.055247,,1580000,,
1,1,,0.145851,0.16982,0.071832,0.152945,0.026809,0.114292,0.031796,0.073535,0.073246,0.139874,,1612500,,
1,3,,0.145814,0.145307,0.077458,0.159171,0.022433,0.119273,0.032348,0.094916,0.075097,0.128182,,1606300,,
1,1,,0.14681,0.230005,0.091139,0.123597,0.031099,0.097243,0.03185,0.070751,0.07672,0.100786,,1589900,,
1,1,,0.16358,0.175096,0.071175,0.112515,0.027899,0.098262,0.038503,0.077329,0.106456,0.129185,,1657700,,
1,1,,0.166271,0.206849,0.043707,0.113623,0.041137,0.089254,0.024159,0.082318,0.092837,0.139844,,1597600,,
1,1,,0.146823,0.185253,0.062034,0.147786,0.02257,0.094245,0.035002,0.066219,0.091594,0.148474,,1568900,,
1,1,,0.152627,0.167811,0.065666,0.145414,0.034223,0.114703,0.031841,0.073827,0.07382,0.140068,,1601500,,
1,1,,0.146813,0.18868,0.068766,0.136918,0.026819,0.091573,0.034467,0.073567,0.0904,0.141997,,1601800,,
1,1,,0.16305,0.175929,0.052077,0.130191,0.034738,0.092234,0.029346,0.082175,0.103288,0.136972,,1577300,,
1,2,,0.103034,0.198596,0.28336,0.06041,0.025278,0.069303,0.053344,0.074688,0.074653,0.057334,,1573800,,
1,3,,0.08202,0.152515,0.095828,0.195985,0.02058,0.111165,0.050542,0.082927,0.061637,0.146802,,1602800,,
1,1,,0.149448,0.180359,0.061075,0.140784,0.032609,0.10788,0.020709,0.096879,0.080993,0.129263,,1599000,,
1,1,,0.15681,0.168403,0.052098,0.141004,0.036907,0.109872,0.022721,0.070578,0.080118,0.161488,,1586000,,
1,5,,0.106013,0.126162,0.126547,0.108378,0.019041,0.176414,0.053004,0.093227,0.094506,0.096709,,1611600,,
1,2,,0.099749,0.148873,0.28193,0.031868,0.042762,0.104938,0.08211,0.064454,0.109815,0.033501,,1592300,,
1,2,,0.132035,0.131407,0.171646,0.119594,0.031084,0.119817,0.04863,0.116736,0.069888,0.059163,,1578000,,
1,5,,0.089734,0.11065,0.080576,0.061651,0.098395,0.171972,0.170011,0.030675,0.070924,0.115412,,1612500,,
1,1,,0.119081,0.200084,0.19572,0.08992,0.033834,0.074375,0.063084,0.060093,0.085891,0.077918,,1581600,,
1,1,,0.15681,0.168403,0.052098,0.141004,0.036907,0.109872,0.022721,0.070578,0.080118,0.161488,,1577800,,
1,1,,0.097699,0.246757,0.168938,0.094431,0.02653,0.087893,0.045322,0.110615,0.06066,0.061156,,1586200,,
1,5,,0.112424,0.103054,0.108996,0.112888,0.019873,0.184494,0.080586,0.092406,0.089235,0.096044,,1581100,,
1,1,,0.089392,0.259224,0.112297,0.133179,0.0311,0.091953,0.015259,0.11372,0.073009,0.080869,,1578700,,
1,5,,0.108184,0.113635,0.084597,0.128947,0.019766,0.18223,0.101164,0.085432,0.072692,0.103352,,1572200,,
1,2,,0.103009,0.16295,0.267114,0.086553,0.022585,0.093499,0.055096,0.110725,0.070923,0.027545,,1809200,,
1,1,,0.150034,0.215753,0.060397,0.142184,0.032716,0.086324,0.037012,0.064061,0.07454,0.136979,,1579900,,
1,1,,0.125074,0.161475,0.082899,0.157924,0.026675,0.117038,0.031878,0.102403,0.074013,0.120622,,1579100,,
1,0,,0.188406,0.164872,0.025305,0.077583,0.081907,0.091301,0.057533,0.056847,0.088843,0.167403,,1568400,,
1,3,,0.149248,0.138778,0.058265,0.162269,0.029387,0.111723,0.022801,0.111862,0.080118,0.135548,,1568500,,
1,2,,0.08733,0.237156,0.266567,0.064296,0.018347,0.066473,0.048375,0.103526,0.056601,0.051329,,1574000,,
1,2,,0.135149,0.162,0.279127,0.043165,0.035431,0.069201,0.071103,0.064618,0.086009,0.054197,,1617300,,
1,0,,0.18762,0.160196,0.027437,0.084967,0.085022,0.110427,0.055566,0.06201,0.089414,0.137342,,1573200,,
1,3,,0.144604,0.155524,0.06837,0.160713,0.029971,0.110021,0.020782,0.121935,0.075427,0.112655,,1576500,,
1,1,,0.125074,0.188401,0.085031,0.160273,0.029897,0.111931,0.021161,0.105352,0.073601,0.09928,,1560000,,
1,3,,0.124948,0.154509,0.089409,0.157029,0.022336,0.121812,0.032359,0.104174,0.073695,0.119729,,1626900,,
1,1,,0.146271,0.224706,0.043707,0.113623,0.041137,0.089254,0.040588,0.073032,0.087837,0.139844,,1566600,,
1,1,,0.144556,0.176203,0.074103,0.160381,0.029897,0.111894,0.020791,0.106353,0.076842,0.098979,,1561800,,
1,1,,0.145851,0.16982,0.071832,0.152945,0.026809,0.114292,0.031796,0.073535,0.073246,0.139874,,1586100,,
1,0,,0.162265,0.144916,0.052077,0.13079,0.035133,0.114795,0.029544,0.084529,0.103862,0.14209,,1637900,,
1,1,,0.150034,0.190412,0.058265,0.148534,0.029494,0.089461,0.022676,0.070286,0.079543,0.161295,,1587500,,
1,0,,0.173047,0.156209,0.035409,0.125579,0.044826,0.112503,0.026226,0.079298,0.093414,0.153489,,1585400,,
1,1,,0.146813,0.16868,0.068766,0.136918,0.026819,0.111573,0.034467,0.073567,0.0904,0.141997,,1578500,,
1,2,,0.095627,0.210102,0.259072,0.071098,0.026252,0.069238,0.052647,0.084457,0.065932,0.065574,,1586200,,
1,2,,0.095839,0.210656,0.254373,0.063733,0.026472,0.072516,0.052859,0.084285,0.065697,0.073573,,1597800,,
1,0,,0.16305,0.156487,0.052077,0.121493,0.034738,0.114204,0.037971,0.082287,0.103697,0.133998,,1591100,,
1,1,,0.166271,0.206849,0.043707,0.113623,0.041137,0.089254,0.024159,0.082318,0.092837,0.139844,,1596000,,
