pendigits,CWE,test,1,NANOSECONDS,PREDICTIONS, Generated by ClassifierExperiments.java on 2022-05-17 03:02:48.    SYSTEMPROPERTIES:{user.name:matth,os.arch:amd64,os.name:Windows 10},ENDSYSTEMPROPERTIES
No parameter info
0.6415265788278055,1281615400,3453687400,-1,0,10,,-1,-1
0,0,,0.358989,0.03007,0.014296,0.003688,0.198216,0.110389,0.070477,0.030089,0.125758,0.058028,,1801700,,
0,0,,0.186938,0.04521,0.078259,0.03574,0.073775,0.132672,0.10862,0.123113,0.171475,0.044198,,1940400,,
0,0,,0.333206,0.025773,0.021387,0.002651,0.150986,0.113569,0.116904,0.052887,0.131262,0.051376,,1689400,,
0,0,,0.335687,0.041668,0.02329,0.010707,0.181621,0.128785,0.055536,0.046209,0.112961,0.063536,,1627700,,
0,0,,0.307971,0.079715,0.026733,0.027753,0.113448,0.117264,0.043059,0.075985,0.134782,0.07329,,1693400,,
0,0,,0.356565,0.054173,0.004981,0.004394,0.172161,0.126431,0.055484,0.02869,0.114952,0.082169,,1575200,,
0,0,,0.254589,0.09244,0.028081,0.050028,0.103354,0.116733,0.029108,0.094018,0.134151,0.097497,,1836900,,
0,0,,0.323394,0.088463,0.012346,0.043509,0.126408,0.105907,0.055132,0.04407,0.119007,0.081764,,1602300,,
0,0,,0.358989,0.03007,0.014296,0.003688,0.178216,0.110389,0.070477,0.050089,0.125758,0.058028,,1583800,,
0,0,,0.342651,0.063854,0.025101,0.005673,0.155942,0.113351,0.052201,0.053755,0.116251,0.071223,,1677400,,
0,0,,0.344113,0.024871,0.017596,0.002901,0.152508,0.109192,0.095632,0.05143,0.149522,0.052234,,1666400,,
0,0,,0.356479,0.051089,0.018279,0.005047,0.181694,0.107955,0.055487,0.041168,0.113638,0.069164,,1570500,,
0,0,,0.356434,0.029871,0.016074,0.003424,0.190833,0.110945,0.077334,0.032181,0.12666,0.056243,,1586700,,
0,0,,0.319384,0.035215,0.04814,0.015285,0.12011,0.121571,0.078518,0.088007,0.125764,0.048007,,1682600,,
0,0,,0.380553,0.029643,0.004999,0.003742,0.208016,0.110371,0.055937,0.028917,0.118842,0.05898,,1732000,,
0,0,,0.294173,0.100702,0.013979,0.043563,0.11331,0.113366,0.043724,0.071632,0.119736,0.085816,,1620500,,
0,0,,0.320743,0.033191,0.018835,0.032634,0.161001,0.108604,0.076933,0.042583,0.141899,0.063577,,1585900,,
0,0,,0.365436,0.024822,0.016011,0.022822,0.173682,0.1094,0.078179,0.031597,0.127091,0.05096,,1765300,,
0,0,,0.365436,0.024822,0.016011,0.022822,0.173682,0.1094,0.078179,0.031597,0.127091,0.05096,,1578900,,
0,0,,0.27944,0.081016,0.020455,0.038816,0.14634,0.110511,0.043122,0.070582,0.130097,0.07962,,1573200,,
0,0,,0.380553,0.029643,0.004999,0.003742,0.188016,0.130371,0.055937,0.028917,0.118842,0.05898,,1576700,,
0,0,,0.29944,0.081016,0.020455,0.038816,0.14634,0.110511,0.043122,0.070582,0.110097,0.07962,,1576600,,
0,0,,0.358989,0.03007,0.014296,0.003688,0.198216,0.110389,0.070477,0.030089,0.125758,0.058028,,1573600,,
0,0,,0.346355,0.029755,0.018061,0.003237,0.169755,0.115567,0.080879,0.053373,0.125451,0.057567,,1567200,,
0,0,,0.31174,0.038241,0.018898,0.013236,0.158153,0.110149,0.076088,0.063167,0.141468,0.06886,,1586000,,
0,0,,0.33606,0.063669,0.025101,0.01724,0.149568,0.114069,0.0519,0.054233,0.117223,0.070937,,1562000,,
0,0,,0.310664,0.033075,0.020822,0.032447,0.159923,0.113226,0.080478,0.043774,0.140689,0.064901,,1579900,,
0,0,,0.271733,0.036875,0.045155,0.012319,0.109373,0.104852,0.129403,0.086238,0.152538,0.051514,,1582000,,
0,0,,0.342651,0.063854,0.025101,0.005673,0.155942,0.113351,0.052201,0.053755,0.116251,0.071223,,1571600,,
0,0,,0.378989,0.026912,0.014296,0.003688,0.198216,0.110389,0.05574,0.030089,0.123653,0.058028,,1577700,,
0,0,,0.358989,0.026912,0.014296,0.003688,0.178216,0.130389,0.05574,0.050089,0.123653,0.058028,,1589500,,
0,0,,0.347318,0.051612,0.018477,0.005587,0.194532,0.103826,0.055559,0.04115,0.109245,0.072695,,1572500,,
0,0,,0.380553,0.029643,0.004999,0.003742,0.188016,0.130371,0.055937,0.028917,0.118842,0.05898,,1589000,,
0,8,,0.164127,0.042656,0.080247,0.027882,0.077878,0.139769,0.131762,0.124579,0.169561,0.041539,,1588900,,
0,0,,0.333206,0.025773,0.021387,0.002651,0.150986,0.113569,0.116904,0.052887,0.131262,0.051376,,1572700,,
0,0,,0.375475,0.031773,0.014278,0.00429,0.198487,0.107478,0.055308,0.02979,0.119827,0.063294,,1568500,,
0,0,,0.33412,0.065155,0.018822,0.016736,0.168834,0.106599,0.052264,0.048352,0.111566,0.077553,,1580000,,
0,0,,0.29944,0.081016,0.020455,0.038816,0.14634,0.110511,0.043122,0.070582,0.110097,0.07962,,1579000,,
0,0,,0.292905,0.034333,0.024932,0.012683,0.12045,0.105002,0.108345,0.075518,0.170043,0.055789,,1577600,,
0,0,,0.335358,0.024706,0.017998,0.022635,0.172603,0.114021,0.081724,0.032789,0.145882,0.052284,,1590400,,
0,0,,0.222218,0.042742,0.06312,0.029359,0.083101,0.129469,0.118674,0.106078,0.160459,0.044782,,1580500,,
0,0,,0.365089,0.064381,0.012148,0.020942,0.126281,0.109656,0.055714,0.043199,0.123318,0.079272,,1574400,,
0,0,,0.375124,0.029863,0.006986,0.003455,0.192967,0.135007,0.049682,0.030553,0.118623,0.057739,,1579200,,
0,0,,0.347318,0.051612,0.018477,0.005587,0.194532,0.103826,0.055559,0.04115,0.109245,0.072695,,1634800,,
0,0,,0.376565,0.034173,0.004981,0.004394,0.172161,0.126431,0.055484,0.02869,0.114952,0.082169,,1570200,,
0,0,,0.345089,0.064381,0.012148,0.020942,0.146281,0.109656,0.055714,0.043199,0.123318,0.079272,,1575600,,
0,0,,0.377039,0.034503,0.004981,0.004344,0.188288,0.12746,0.055505,0.028618,0.115016,0.064245,,1576600,,
0,0,,0.30039,0.032131,0.021895,0.00294,0.16547,0.109613,0.109323,0.059657,0.143588,0.054992,,1568700,,
0,0,,0.316093,0.032855,0.018835,0.032734,0.154972,0.108589,0.086734,0.042137,0.140908,0.066143,,1574000,,
0,0,,0.279198,0.038185,0.028501,0.029977,0.143833,0.132233,0.054231,0.07256,0.157405,0.063877,,1582300,,
0,0,,0.378287,0.050838,0.011803,0.009793,0.151979,0.106883,0.05901,0.035997,0.120996,0.074414,,1578900,,
0,0,,0.329879,0.025387,0.019802,0.002672,0.166131,0.113761,0.109252,0.052609,0.12784,0.052667,,1576500,,
0,0,,0.343281,0.064633,0.018624,0.016196,0.155996,0.110728,0.052192,0.04837,0.11596,0.074021,,1592900,,
0,0,,0.355358,0.024706,0.017998,0.002635,0.172603,0.114021,0.081724,0.032789,0.145882,0.052284,,1603800,,
0,0,,0.279556,0.035834,0.043346,0.012187,0.116238,0.10487,0.130756,0.072832,0.152639,0.051741,,1573500,,
0,0,,0.199162,0.104333,0.035981,0.062763,0.093206,0.140959,0.023137,0.096366,0.134994,0.109099,,1580300,,
0,0,,0.158234,0.052085,0.092043,0.05685,0.080152,0.12901,0.111123,0.108474,0.154167,0.057862,,1574900,,
0,0,,0.331442,0.028118,0.010505,0.002726,0.175932,0.113743,0.089449,0.051437,0.143029,0.053619,,1573600,,
0,0,,0.320956,0.087936,0.025298,0.02824,0.136069,0.109602,0.051618,0.054626,0.111939,0.073716,,1577100,,
0,0,,0.357039,0.034503,0.004981,0.004344,0.208288,0.12746,0.055505,0.028618,0.115016,0.064245,,1579900,,
0,0,,0.210247,0.072737,0.050017,0.020366,0.155112,0.136362,0.065751,0.051047,0.142135,0.096225,,1572300,,
0,0,,0.307529,0.06497,0.018822,0.028303,0.162461,0.107317,0.051963,0.04883,0.132539,0.077266,,1575600,,
0,0,,0.358989,0.026912,0.014296,0.003688,0.198216,0.130389,0.05574,0.030089,0.123653,0.058028,,1869800,,
0,0,,0.334565,0.049607,0.020284,0.004158,0.186372,0.115502,0.064401,0.043103,0.11935,0.062658,,1723700,,
0,0,,0.326898,0.064191,0.025298,0.017781,0.162406,0.10994,0.051973,0.054215,0.11283,0.074468,,2179200,,
0,0,,0.340243,0.051549,0.018477,0.005587,0.191217,0.107752,0.052639,0.047372,0.111524,0.073641,,2148100,,
0,0,,0.288512,0.030984,0.024211,0.012463,0.138306,0.112773,0.120922,0.063872,0.143964,0.063993,,2140300,,
0,0,,0.31174,0.038241,0.018898,0.013236,0.158153,0.110149,0.076088,0.063167,0.141468,0.06886,,2159600,,
0,0,,0.33412,0.065155,0.018822,0.016736,0.168834,0.106599,0.052264,0.048352,0.111566,0.077553,,2136100,,
0,0,,0.356479,0.051089,0.018279,0.005047,0.181694,0.107955,0.055487,0.041168,0.113638,0.069164,,2088700,,
0,0,,0.301586,0.068715,0.018822,0.038762,0.156123,0.106979,0.051609,0.049242,0.131648,0.076514,,1541900,,
0,0,,0.322831,0.053992,0.024755,0.004983,0.171987,0.134167,0.052222,0.053185,0.115318,0.066559,,1538700,,
0,0,,0.380553,0.029643,0.004999,0.003742,0.188016,0.130371,0.055937,0.028917,0.118842,0.05898,,1536700,,
0,8,,0.166934,0.066478,0.072078,0.023248,0.075433,0.136037,0.102815,0.102424,0.192339,0.062215,,1573300,,
0,0,,0.28982,0.034194,0.026915,0.012301,0.125793,0.109396,0.130971,0.063568,0.151884,0.055158,,1549900,,
0,0,,0.326898,0.084191,0.025298,0.017781,0.142406,0.10994,0.051973,0.054215,0.11283,0.074468,,1551200,,
0,0,,0.359993,0.046229,0.018297,0.004445,0.181422,0.110865,0.055919,0.041467,0.117464,0.063899,,1574800,,
0,0,,0.376479,0.051089,0.018279,0.005047,0.161694,0.107955,0.055487,0.041168,0.113638,0.069164,,1546900,,
0,0,,0.310664,0.033075,0.020822,0.012447,0.159923,0.113226,0.080478,0.063774,0.140689,0.064901,,1577800,,
0,0,,0.355475,0.031773,0.014278,0.00429,0.198487,0.107478,0.055308,0.02979,0.119827,0.083294,,1567500,,
0,0,,0.32082,0.035982,0.026111,0.010662,0.179189,0.107772,0.055366,0.041613,0.1384,0.084085,,1563600,,
0,0,,0.356434,0.026714,0.016074,0.023424,0.170833,0.110945,0.082597,0.032181,0.124555,0.056243,,1566300,,
0,0,,0.356434,0.029871,0.016074,0.003424,0.170833,0.110945,0.077334,0.052181,0.12666,0.056243,,1575400,,
0,0,,0.351784,0.026377,0.016074,0.003524,0.164805,0.11093,0.092398,0.051736,0.123564,0.058808,,1558500,,
0,0,,0.358906,0.031342,0.028116,0.009773,0.163868,0.135319,0.049543,0.043548,0.122007,0.057578,,1554500,,
0,0,,0.342651,0.063854,0.025101,0.005673,0.155942,0.113351,0.052201,0.053755,0.116251,0.071223,,1570700,,
0,0,,0.313991,0.033461,0.022407,0.012426,0.144778,0.113033,0.088131,0.064052,0.144111,0.06361,,1555900,,
0,0,,0.360801,0.035963,0.005215,0.005065,0.220893,0.101742,0.055613,0.0286,0.109539,0.07657,,1562400,,
0,0,,0.31669,0.064448,0.018624,0.027763,0.149622,0.111446,0.051891,0.048849,0.136932,0.073735,,1583100,,
0,0,,0.383176,0.048133,0.011803,0.005056,0.169063,0.106925,0.055514,0.0354,0.114266,0.070664,,1558000,,
0,0,,0.356434,0.026714,0.016074,0.003424,0.170833,0.130945,0.062597,0.052181,0.124555,0.056243,,1551600,,
0,0,,0.327529,0.06497,0.018822,0.028303,0.162461,0.107317,0.051963,0.04883,0.112539,0.077266,,1558200,,
0,0,,0.27944,0.081016,0.020455,0.038816,0.14634,0.110511,0.043122,0.070582,0.130097,0.07962,,1554800,,
0,0,,0.334015,0.048655,0.012,0.005596,0.201902,0.122795,0.055586,0.035382,0.109872,0.074196,,1551100,,
0,0,,0.338498,0.064196,0.012148,0.032509,0.139907,0.110374,0.055414,0.043678,0.124291,0.078985,,1546200,,
0,0,,0.339993,0.049386,0.018297,0.004445,0.181422,0.110865,0.070656,0.041467,0.119569,0.063899,,1546500,,
0,0,,0.320956,0.067936,0.025298,0.02824,0.156069,0.109602,0.051618,0.054626,0.111939,0.073716,,1556000,,
0,0,,0.359993,0.046229,0.018297,0.004445,0.181422,0.110865,0.055919,0.041467,0.117464,0.063899,,1548800,,
0,0,,0.355358,0.024706,0.017998,0.002635,0.172603,0.114021,0.081724,0.052789,0.125882,0.052284,,1589500,,
0,2,,0.127097,0.081512,0.155571,0.042511,0.055404,0.128079,0.102944,0.122195,0.146848,0.037838,,1560500,,
0,0,,0.360553,0.032801,0.004999,0.003742,0.208016,0.110371,0.070674,0.028917,0.120947,0.05898,,1555600,,
0,0,,0.358989,0.026912,0.014296,0.003688,0.178216,0.130389,0.05574,0.050089,0.123653,0.058028,,1573400,,
0,0,,0.397039,0.034503,0.004981,0.004344,0.188288,0.10746,0.055505,0.028618,0.115016,0.064245,,1557000,,
0,0,,0.244351,0.037174,0.038119,0.012279,0.106669,0.142536,0.124969,0.080552,0.169975,0.043376,,1558100,,
0,0,,0.346355,0.029755,0.018061,0.003237,0.189755,0.115567,0.080879,0.033373,0.125451,0.057567,,1554000,,
0,0,,0.33412,0.065155,0.018822,0.016736,0.168834,0.106599,0.052264,0.048352,0.111566,0.077553,,1550200,,
0,0,,0.355358,0.024706,0.017998,0.002635,0.192603,0.114021,0.081724,0.032789,0.125882,0.052284,,1554600,,
0,0,,0.36669,0.043272,0.011821,0.004454,0.168792,0.129835,0.055946,0.035699,0.118091,0.065399,,1582500,,
0,0,,0.333489,0.064376,0.025298,0.006214,0.16878,0.109222,0.052273,0.053736,0.111857,0.074755,,1562200,,
0,0,,0.252235,0.074997,0.034318,0.020282,0.177902,0.134983,0.042213,0.061286,0.127178,0.074607,,1570700,,
0,0,,0.365089,0.064381,0.012148,0.020942,0.126281,0.109656,0.055714,0.043199,0.123318,0.079272,,1565900,,
0,0,,0.327529,0.06497,0.018822,0.028303,0.162461,0.107317,0.051963,0.04883,0.112539,0.077266,,1561700,,
0,0,,0.301586,0.068715,0.018822,0.038762,0.156123,0.106979,0.051609,0.049242,0.131648,0.076514,,1561900,,
0,0,,0.315897,0.055027,0.023635,0.033423,0.149549,0.112276,0.051941,0.05389,0.136256,0.068107,,1566300,,
0,0,,0.358989,0.03007,0.014296,0.003688,0.178216,0.110389,0.070477,0.050089,0.125758,0.058028,,1559900,,
0,0,,0.338989,0.03007,0.014296,0.003688,0.198216,0.110389,0.070477,0.030089,0.145758,0.058028,,1567800,,
0,0,,0.288512,0.034142,0.024211,0.012463,0.138306,0.112773,0.115659,0.063872,0.146069,0.063993,,1559500,,
0,0,,0.31836,0.031359,0.022088,0.022618,0.165346,0.114516,0.085944,0.041538,0.145333,0.052898,,1597200,,
0,0,,0.380553,0.029643,0.004999,0.003742,0.188016,0.130371,0.055937,0.028917,0.118842,0.05898,,1560400,,
0,0,,0.340294,0.051702,0.039409,0.01128,0.146068,0.114198,0.052052,0.059968,0.120385,0.064644,,1571900,,
0,0,,0.351784,0.029535,0.016074,0.023524,0.164805,0.11093,0.087135,0.031736,0.12567,0.058808,,1568700,,
0,0,,0.277123,0.038683,0.055861,0.018805,0.093185,0.100221,0.110835,0.103592,0.151471,0.050224,,1560900,,
0,0,,0.340743,0.033191,0.018835,0.032634,0.161001,0.108604,0.076933,0.042583,0.121899,0.063577,,1569900,,
0,0,,0.346355,0.029755,0.018061,0.003237,0.169755,0.115567,0.080879,0.053373,0.125451,0.057567,,1563600,,
0,0,,0.335927,0.064904,0.012346,0.021483,0.159119,0.105527,0.055786,0.043181,0.118925,0.082803,,1570600,,
0,0,,0.360786,0.024485,0.016011,0.002922,0.167653,0.109385,0.087979,0.051152,0.126101,0.053525,,1567900,,
0,0,,0.346164,0.058993,0.025119,0.005071,0.15567,0.116261,0.052633,0.054053,0.120076,0.065958,,1587700,,
0,0,,0.338685,0.025092,0.019583,0.022614,0.157458,0.113829,0.109377,0.033067,0.129303,0.050993,,1569200,,
0,0,,0.346844,0.051281,0.018477,0.005637,0.178405,0.102797,0.055538,0.041221,0.109181,0.090619,,1556800,,
0,0,,0.26032,0.107925,0.034013,0.039514,0.110615,0.11829,0.029045,0.092491,0.132176,0.07561,,1578600,,
0,0,,0.326898,0.064191,0.025298,0.017781,0.162406,0.10994,0.051973,0.054215,0.11283,0.074468,,1600400,,
0,0,,0.327529,0.06497,0.018822,0.028303,0.162461,0.107317,0.051963,0.04883,0.112539,0.077266,,1561900,,
0,0,,0.274732,0.031109,0.024141,0.026488,0.116911,0.11122,0.139747,0.063042,0.147823,0.064788,,1562500,,
0,0,,0.31669,0.064448,0.018624,0.027763,0.149622,0.111446,0.051891,0.048849,0.136932,0.073735,,1576000,,
0,0,,0.313991,0.033461,0.022407,0.032426,0.144778,0.113033,0.088131,0.044052,0.144111,0.06361,,1558200,,
0,0,,0.380553,0.029643,0.004999,0.003742,0.188016,0.130371,0.055937,0.028917,0.118842,0.05898,,1563700,,
0,0,,0.31412,0.065155,0.018822,0.016736,0.168834,0.106599,0.052264,0.048352,0.131566,0.077553,,1587300,,
0,0,,0.355358,0.024706,0.017998,0.002635,0.172603,0.114021,0.081724,0.052789,0.125882,0.052284,,1574000,,
0,0,,0.336093,0.032855,0.018835,0.012734,0.154972,0.108589,0.086734,0.062137,0.120908,0.066143,,1567800,,
0,0,,0.292905,0.033474,0.023138,0.0228,0.120082,0.108864,0.109412,0.062634,0.169526,0.057166,,1583700,,
0,0,,0.231514,0.037765,0.0327,0.033893,0.106429,0.117549,0.129487,0.080733,0.171134,0.058797,,1581100,,
0,0,,0.316093,0.032855,0.018835,0.032734,0.154972,0.108589,0.086734,0.042137,0.140908,0.066143,,1572500,,
0,0,,0.377748,0.048353,0.01379,0.004769,0.174013,0.111561,0.049259,0.037037,0.114047,0.069423,,1567200,,
0,0,,0.31669,0.064448,0.018624,0.027763,0.149622,0.111446,0.051891,0.048849,0.136932,0.073735,,1569800,,
0,0,,0.318498,0.064196,0.012148,0.032509,0.139907,0.110374,0.055414,0.043678,0.144291,0.078985,,1576900,,
0,0,,0.34669,0.04643,0.011821,0.004454,0.188792,0.109835,0.070683,0.035699,0.120197,0.065399,,1606000,,
0,0,,0.358989,0.026912,0.014296,0.003688,0.198216,0.130389,0.05574,0.030089,0.123653,0.058028,,1590000,,
0,0,,0.31669,0.064448,0.018624,0.027763,0.149622,0.111446,0.051891,0.048849,0.136932,0.073735,,1563700,,
0,0,,0.380553,0.029643,0.004999,0.003742,0.188016,0.130371,0.055937,0.028917,0.118842,0.05898,,1565900,,
0,0,,0.346131,0.028694,0.027844,0.009294,0.148355,0.109678,0.088037,0.062976,0.124674,0.054317,,1593300,,
0,0,,0.333489,0.064376,0.025298,0.006214,0.16878,0.109222,0.052273,0.053736,0.111857,0.074755,,1566700,,
0,0,,0.35596,0.029541,0.016074,0.003474,0.174706,0.109916,0.077313,0.032253,0.126597,0.074166,,1579000,,
0,0,,0.354123,0.038938,0.032587,0.010653,0.17182,0.108803,0.055339,0.047381,0.117772,0.062584,,1571500,,
0,0,,0.377997,0.032602,0.006777,0.003478,0.180634,0.110927,0.077532,0.03101,0.121849,0.057195,,1580500,,
0,0,,0.323281,0.064633,0.018624,0.016196,0.155996,0.110728,0.052192,0.04837,0.13596,0.074021,,1569300,,
0,0,,0.322294,0.036279,0.018167,0.003792,0.164144,0.106783,0.087206,0.058784,0.141417,0.061134,,1592700,,
0,0,,0.301662,0.038125,0.020885,0.013049,0.157074,0.114771,0.079634,0.064358,0.140258,0.070184,,1565900,,
0,0,,0.290664,0.033075,0.020822,0.012447,0.159923,0.113226,0.100478,0.063774,0.140689,0.064901,,1576100,,
0,0,,0.358989,0.03007,0.014296,0.003688,0.178216,0.110389,0.070477,0.050089,0.125758,0.058028,,1565800,,
0,0,,0.301586,0.068715,0.018822,0.038762,0.156123,0.106979,0.051609,0.049242,0.131648,0.076514,,1585400,,
0,0,,0.387,0.027553,0.006714,0.002876,0.183482,0.109382,0.078376,0.030426,0.12228,0.051912,,1567600,,
0,0,,0.342651,0.063854,0.025101,0.005673,0.155942,0.113351,0.052201,0.053755,0.116251,0.071223,,1569900,,
0,0,,0.207569,0.118745,0.028081,0.050028,0.100112,0.140798,0.026243,0.093775,0.155222,0.079427,,1568000,,
0,0,,0.268666,0.034646,0.049412,0.015142,0.105673,0.107219,0.138355,0.076454,0.155888,0.048546,,1570800,,
0,0,,0.333489,0.064376,0.025298,0.006214,0.16878,0.109222,0.052273,0.053736,0.111857,0.074755,,1575200,,
0,0,,0.21804,0.035649,0.055861,0.026898,0.093782,0.106867,0.137021,0.103653,0.169114,0.053117,,1572500,,
0,0,,0.384298,0.044907,0.011803,0.008782,0.159256,0.10845,0.058916,0.035534,0.11598,0.072074,,1571400,,
0,0,,0.335475,0.031773,0.014278,0.00429,0.198487,0.127478,0.055308,0.02979,0.139827,0.063294,,1569700,,
0,0,,0.377997,0.032602,0.006777,0.003478,0.180634,0.110927,0.077532,0.03101,0.121849,0.057195,,1593600,,
0,0,,0.370206,0.037846,0.026902,0.010929,0.143494,0.109657,0.055345,0.04316,0.119308,0.083153,,1575100,,
0,0,,0.29944,0.081016,0.020455,0.038816,0.14634,0.110511,0.043122,0.070582,0.110097,0.07962,,1603700,,
0,0,,0.31292,0.034232,0.020644,0.012766,0.154136,0.108586,0.07558,0.075989,0.141798,0.063349,,1590300,,
0,0,,0.380553,0.029643,0.004999,0.003742,0.208016,0.110371,0.055937,0.028917,0.118842,0.05898,,1571300,,
0,0,,0.327529,0.06497,0.018822,0.028303,0.162461,0.107317,0.051963,0.04883,0.112539,0.077266,,1611300,,
0,0,,0.375124,0.033021,0.006986,0.003455,0.192967,0.115007,0.064419,0.030553,0.120728,0.057739,,1603300,,
0,0,,0.31174,0.038241,0.018898,0.013236,0.158153,0.110149,0.076088,0.063167,0.141468,0.06886,,1580100,,
0,0,,0.360553,0.029643,0.004999,0.003742,0.208016,0.130371,0.055937,0.028917,0.118842,0.05898,,1582300,,
0,0,,0.342651,0.063854,0.025101,0.005673,0.155942,0.113351,0.052201,0.053755,0.116251,0.071223,,1573600,,
0,0,,0.244849,0.078904,0.034799,0.0149,0.151406,0.125049,0.057973,0.059176,0.143934,0.089009,,1623700,,
0,2,,0.100972,0.099462,0.172265,0.036933,0.059075,0.125233,0.105594,0.114398,0.13411,0.051958,,1607200,,
0,0,,0.348603,0.059521,0.012166,0.02034,0.126009,0.112566,0.056146,0.043498,0.147144,0.074007,,1587000,,
0,0,,0.39816,0.031277,0.004981,0.008071,0.17848,0.108986,0.058907,0.028752,0.116731,0.065655,,1610500,,
0,0,,0.326898,0.064191,0.025298,0.017781,0.162406,0.10994,0.051973,0.054215,0.11283,0.074468,,1644900,,
0,0,,0.267966,0.036704,0.053088,0.015016,0.106854,0.106723,0.129413,0.077192,0.162913,0.044131,,1831700,,
0,0,,0.183215,0.05048,0.101523,0.035314,0.070132,0.131173,0.103786,0.114209,0.170791,0.039376,,1612200,,
0,0,,0.31412,0.065155,0.018822,0.016736,0.168834,0.106599,0.052264,0.048352,0.131566,0.077553,,1583000,,
0,0,,0.296175,0.034737,0.047414,0.015428,0.112269,0.102577,0.134206,0.074752,0.132184,0.050258,,1568500,,
0,0,,0.359201,0.036808,0.023308,0.010105,0.181349,0.111695,0.055968,0.046508,0.116787,0.058271,,1581100,,
0,0,,0.364334,0.031121,0.026129,0.01006,0.178918,0.110682,0.055798,0.041912,0.122226,0.05882,,2478000,,
0,0,,0.356479,0.051089,0.018279,0.005047,0.181694,0.107955,0.055487,0.041168,0.113638,0.069164,,1581400,,
0,0,,0.360786,0.024485,0.016011,0.002922,0.167653,0.109385,0.087979,0.051152,0.126101,0.053525,,1608100,,
0,0,,0.320743,0.033191,0.018835,0.032634,0.161001,0.108604,0.076933,0.042583,0.141899,0.063577,,1583700,,
0,0,,0.355475,0.031773,0.014278,0.00429,0.198487,0.127478,0.055308,0.02979,0.119827,0.063294,,1640500,,
0,0,,0.323716,0.032517,0.02348,0.002919,0.150325,0.109421,0.116976,0.059935,0.12701,0.053701,,1630000,,
0,0,,0.342831,0.053992,0.024755,0.004983,0.171987,0.114167,0.052222,0.053185,0.115318,0.066559,,1576700,,
0,0,,0.343176,0.048133,0.011803,0.005056,0.189063,0.126925,0.055514,0.0354,0.114266,0.070664,,1576200,,
0,0,,0.26032,0.087925,0.034013,0.039514,0.130615,0.11829,0.029045,0.092491,0.132176,0.07561,,1596400,,
0,0,,0.360553,0.032801,0.004999,0.003742,0.208016,0.110371,0.070674,0.028917,0.120947,0.05898,,1616900,,
0,0,,0.358989,0.03007,0.014296,0.003688,0.178216,0.110389,0.070477,0.050089,0.125758,0.058028,,1572100,,
0,0,,0.31942,0.030082,0.02042,0.012712,0.139828,0.108397,0.099649,0.062415,0.142224,0.064852,,1644200,,
0,0,,0.380553,0.029643,0.004999,0.003742,0.188016,0.130371,0.055937,0.028917,0.118842,0.05898,,1651300,,
0,0,,0.380553,0.029643,0.004999,0.003742,0.188016,0.130371,0.055937,0.028917,0.118842,0.05898,,1615700,,
0,0,,0.335927,0.064904,0.012346,0.021483,0.159119,0.105527,0.055786,0.043181,0.118925,0.082803,,1579200,,
0,0,,0.385436,0.024822,0.016011,0.002822,0.173682,0.1094,0.078179,0.031597,0.127091,0.05096,,1576000,,
0,0,,0.363176,0.048133,0.011803,0.005056,0.189063,0.106925,0.055514,0.0354,0.114266,0.070664,,1599100,,
0,0,,0.320177,0.044636,0.043129,0.009624,0.140183,0.120741,0.078469,0.062966,0.12644,0.053635,,1579700,,
0,0,,0.287426,0.035014,0.026736,0.01272,0.113978,0.104741,0.135873,0.075338,0.152002,0.056171,,1570800,,
0,0,,0.314296,0.038439,0.01712,0.0135,0.165535,0.109593,0.069231,0.061074,0.140565,0.070646,,1604700,,
0,0,,0.31669,0.064448,0.018624,0.027763,0.149622,0.111446,0.051891,0.048849,0.136932,0.073735,,1585700,,
0,0,,0.318498,0.064196,0.012148,0.032509,0.139907,0.110374,0.055414,0.043678,0.144291,0.078985,,1585600,,
0,0,,0.310664,0.033075,0.020822,0.012447,0.159923,0.113226,0.080478,0.063774,0.140689,0.064901,,1581600,,
0,0,,0.280842,0.035686,0.05122,0.015274,0.098809,0.107201,0.117002,0.08986,0.155787,0.048319,,1611000,,
0,0,,0.32174,0.047055,0.028475,0.003307,0.149976,0.131044,0.078658,0.056184,0.12922,0.054341,,1572300,,
0,0,,0.358989,0.03007,0.014296,0.003688,0.178216,0.110389,0.070477,0.050089,0.125758,0.058028,,1617100,,
0,0,,0.341262,0.046651,0.013808,0.004167,0.193742,0.114471,0.064428,0.037335,0.119978,0.064158,,1587100,,
0,0,,0.360553,0.032801,0.004999,0.003742,0.208016,0.110371,0.070674,0.028917,0.120947,0.05898,,1586200,,
0,0,,0.346164,0.058993,0.025119,0.005071,0.15567,0.116261,0.052633,0.054053,0.120076,0.065958,,1577900,,
0,0,,0.335245,0.029494,0.012349,0.002562,0.181507,0.113507,0.077326,0.052154,0.147035,0.048821,,1607900,,
0,0,,0.333489,0.064376,0.025298,0.006214,0.16878,0.109222,0.052273,0.053736,0.111857,0.074755,,2069500,,
0,0,,0.314296,0.035282,0.01712,0.0135,0.165535,0.129593,0.054494,0.061074,0.13846,0.070646,,1587800,,
0,0,,0.26095,0.088704,0.027537,0.050037,0.130669,0.115666,0.029036,0.087107,0.131885,0.078408,,1596400,,
0,0,,0.23804,0.035649,0.055861,0.026898,0.093782,0.106867,0.137021,0.103653,0.149114,0.053117,,1584500,,
0,0,,0.373561,0.030291,0.016283,0.003401,0.183166,0.115025,0.064221,0.031725,0.125539,0.056787,,1619800,,
0,0,,0.339993,0.046229,0.018297,0.004445,0.181422,0.130865,0.055919,0.041467,0.117464,0.063899,,1569000,,
0,0,,0.217753,0.044286,0.066732,0.029277,0.080101,0.132417,0.118723,0.10621,0.16364,0.040862,,1570000,,
0,0,,0.338989,0.03007,0.014296,0.023688,0.178216,0.110389,0.070477,0.030089,0.145758,0.058028,,1571500,,
0,0,,0.363281,0.064633,0.018624,0.016196,0.135996,0.110728,0.052192,0.04837,0.11596,0.074021,,1957700,,
0,0,,0.33412,0.065155,0.018822,0.016736,0.168834,0.106599,0.052264,0.048352,0.111566,0.077553,,1584900,,
0,0,,0.376921,0.027436,0.008701,0.002689,0.182404,0.114003,0.081922,0.031617,0.121071,0.053236,,1604900,,
1,1,,0.0732,0.180258,0.159368,0.112801,0.032605,0.102541,0.015563,0.135888,0.083246,0.104529,,1580000,,
1,2,,0.023199,0.157355,0.263716,0.119463,0.013704,0.093504,0.018592,0.182471,0.075598,0.052398,,1577400,,
1,0,,0.168321,0.161357,0.085976,0.081778,0.06672,0.108388,0.01486,0.106835,0.06954,0.136224,,1577200,,
1,2,,0.024864,0.179465,0.199034,0.142572,0.017595,0.107827,0.036325,0.138404,0.074687,0.079228,,1569800,,
1,1,,0.077339,0.192125,0.124699,0.09513,0.042861,0.098277,0.016184,0.097798,0.100207,0.15538,,1566500,,
1,2,,0.04635,0.153602,0.256272,0.0764,0.028943,0.086792,0.066622,0.120197,0.115693,0.049126,,1567300,,
1,2,,0.02891,0.160504,0.281604,0.106505,0.013908,0.081681,0.042159,0.151007,0.08898,0.044741,,1645900,,
1,2,,0.048793,0.129051,0.260945,0.053979,0.047342,0.088533,0.080941,0.115297,0.118746,0.056373,,1581200,,
1,1,,0.073107,0.202983,0.157085,0.112801,0.032184,0.108466,0.010413,0.117854,0.080614,0.104493,,1575000,,
1,2,,0.072166,0.130511,0.171279,0.145572,0.036758,0.106698,0.016466,0.122778,0.05766,0.140113,,1580400,,
1,1,,0.056302,0.220184,0.115628,0.112509,0.047116,0.102934,0.016655,0.098545,0.078836,0.151291,,1619200,,
1,0,,0.170464,0.163162,0.075154,0.062812,0.066653,0.109903,0.016467,0.107231,0.098295,0.129858,,1578700,,
1,3,,0.074269,0.152175,0.126893,0.158197,0.032534,0.108443,0.012521,0.102421,0.081989,0.150558,,1599500,,
1,2,,0.037849,0.189456,0.243058,0.083185,0.027253,0.086453,0.056316,0.130148,0.082826,0.063457,,1569200,,
1,1,,0.052851,0.18483,0.134129,0.133159,0.037295,0.106483,0.016556,0.11249,0.082125,0.140082,,1570600,,
1,3,,0.023989,0.112378,0.109187,0.277584,0.026163,0.11983,0.033015,0.092491,0.064436,0.140927,,1595800,,
1,2,,0.02421,0.15302,0.277936,0.111634,0.013186,0.097955,0.01896,0.173446,0.080435,0.049217,,1590800,,
1,3,,0.068938,0.1418,0.136172,0.178467,0.028691,0.131015,0.012928,0.103571,0.086503,0.111915,,1573400,,
1,2,,0.046502,0.143397,0.247965,0.054,0.044519,0.088028,0.083357,0.121471,0.114054,0.056706,,1568200,,
1,1,,0.056302,0.200184,0.115628,0.112509,0.047116,0.102934,0.016655,0.098545,0.078836,0.171291,,1831800,,
1,2,,0.052757,0.147556,0.171846,0.133159,0.036873,0.112408,0.011406,0.114456,0.079493,0.140046,,1579700,,
1,1,,0.071422,0.203528,0.153339,0.11302,0.031647,0.124999,0.010323,0.128257,0.07771,0.085754,,1575400,,
1,2,,0.051456,0.113187,0.163605,0.146291,0.038134,0.106698,0.016569,0.147471,0.075316,0.141273,,1558500,,
1,2,,0.025508,0.165366,0.283461,0.102756,0.013607,0.082986,0.041437,0.130652,0.106325,0.047901,,1558600,,
1,1,,0.073993,0.209679,0.154357,0.107141,0.032679,0.101712,0.015514,0.110847,0.083923,0.110156,,1558100,,
1,1,,0.108701,0.206335,0.128327,0.080486,0.048264,0.101225,0.018661,0.088655,0.089701,0.129644,,1552200,,
1,2,,0.023424,0.177468,0.258755,0.118323,0.012036,0.08213,0.030636,0.17149,0.074725,0.051013,,1645100,,
1,1,,0.053643,0.194251,0.129118,0.127498,0.037368,0.105654,0.016507,0.107449,0.082802,0.145709,,1584600,,
1,1,,0.108898,0.180714,0.109296,0.103781,0.048493,0.098482,0.019245,0.078271,0.090609,0.162212,,1597100,,
1,2,,0.026021,0.177667,0.287195,0.101478,0.014915,0.103465,0.045168,0.120354,0.063168,0.060568,,1588100,,
1,2,,0.025987,0.194297,0.25847,0.094137,0.014378,0.107772,0.045078,0.137003,0.063903,0.058974,,1578900,,
1,3,,0.072951,0.142793,0.126893,0.16501,0.032442,0.109421,0.012575,0.101339,0.103777,0.132799,,1580900,,
1,3,,0.034264,0.138688,0.152042,0.194764,0.018302,0.10434,0.046666,0.107659,0.075549,0.127726,,1585400,,
1,1,,0.088352,0.190908,0.103088,0.100843,0.052954,0.105168,0.019654,0.125257,0.08858,0.125197,,1577600,,
1,2,,0.038385,0.135905,0.289921,0.07648,0.029262,0.082434,0.069117,0.120272,0.109207,0.049017,,1588700,,
1,1,,0.077545,0.187602,0.111647,0.125687,0.042865,0.095115,0.016786,0.085991,0.101385,0.155377,,1589300,,
1,1,,0.072634,0.173153,0.122139,0.120237,0.037592,0.106072,0.016488,0.128873,0.082532,0.14028,,1594500,,
1,5,,0.066799,0.141827,0.155263,0.122771,0.028443,0.175053,0.012284,0.11332,0.079348,0.104891,,1551600,,
1,3,,0.041558,0.131418,0.132517,0.181323,0.028432,0.157565,0.033669,0.100302,0.080993,0.112223,,1586500,,
1,1,,0.052073,0.166721,0.1291,0.133378,0.036336,0.11239,0.011316,0.144859,0.07452,0.139307,,1522900,,
1,2,,0.024547,0.180005,0.268856,0.11183,0.012997,0.080836,0.037681,0.153492,0.073758,0.055999,,1510000,,
1,3,,0.072951,0.144172,0.126893,0.18501,0.032442,0.125973,0.012575,0.101339,0.08221,0.116435,,1511000,,
1,1,,0.143228,0.170104,0.095451,0.091967,0.055045,0.102683,0.014982,0.079438,0.091735,0.155367,,1504300,,
1,1,,0.084246,0.181553,0.11526,0.112716,0.049951,0.094991,0.018148,0.071087,0.10116,0.170888,,1507800,,
1,2,,0.023988,0.207245,0.238154,0.116785,0.012918,0.121088,0.034837,0.130519,0.053725,0.060741,,1503500,,
1,1,,0.141625,0.164563,0.097934,0.096573,0.059127,0.107461,0.01486,0.085184,0.089165,0.143509,,1505800,,
1,1,,0.094678,0.169186,0.09944,0.100871,0.059879,0.105679,0.014449,0.125165,0.083606,0.147046,,1518500,,
1,1,,0.044895,0.186503,0.134138,0.140346,0.038856,0.103979,0.017496,0.112034,0.076389,0.145363,,1519200,,
1,1,,0.150788,0.174804,0.123677,0.072343,0.061577,0.100815,0.01522,0.087791,0.090954,0.122031,,1508700,,
1,9,,0.105315,0.144656,0.103123,0.119094,0.043484,0.105683,0.019478,0.110201,0.091984,0.156983,,1506700,,
1,1,,0.105241,0.149884,0.140849,0.093875,0.038667,0.105193,0.018544,0.144024,0.09272,0.111004,,1506200,,
1,2,,0.024417,0.148434,0.275839,0.111592,0.014199,0.082758,0.041732,0.166124,0.085484,0.049421,,1508400,,
1,2,,0.042599,0.149111,0.256902,0.050303,0.045133,0.084362,0.086147,0.121435,0.111203,0.052805,,1505800,,
1,1,,0.031405,0.194175,0.173781,0.129467,0.015076,0.137034,0.014968,0.149801,0.079746,0.07455,,1511000,,
1,2,,0.038249,0.162386,0.259282,0.061634,0.0437,0.09903,0.080232,0.114278,0.083682,0.057526,,1519200,,
1,5,,0.038866,0.105494,0.134434,0.145064,0.033004,0.171389,0.099522,0.094193,0.098071,0.079962,,1510500,,
1,2,,0.026084,0.166475,0.285265,0.10282,0.014504,0.07891,0.048983,0.124454,0.103221,0.049284,,1505200,,
1,2,,0.024864,0.17692,0.27037,0.111305,0.012031,0.08904,0.030166,0.147808,0.083306,0.05419,,1535200,,
1,1,,0.073415,0.157787,0.146813,0.124466,0.032816,0.101364,0.016103,0.110822,0.102582,0.133833,,1509600,,
1,2,,0.032813,0.154789,0.272668,0.110202,0.013294,0.085348,0.039368,0.151044,0.091831,0.048643,,1517200,,
1,1,,0.077062,0.187519,0.10928,0.12711,0.042865,0.095071,0.016786,0.066493,0.100202,0.177611,,1506700,,
1,2,,0.040103,0.203917,0.251065,0.062645,0.047069,0.082133,0.079698,0.08436,0.086235,0.062775,,1504700,,
1,3,,0.07526,0.130501,0.12036,0.202536,0.032453,0.126985,0.016584,0.096034,0.081137,0.11815,,1502600,,
1,1,,0.049638,0.203514,0.14119,0.036652,0.063116,0.120054,0.092925,0.102306,0.075819,0.114786,,1503800,,
1,3,,0.021086,0.107724,0.132443,0.236179,0.022276,0.114205,0.031836,0.12111,0.08053,0.13261,,1503500,,
1,1,,0.073388,0.153538,0.134358,0.128835,0.033058,0.100215,0.016129,0.106928,0.103885,0.149667,,1500000,,
1,3,,0.071963,0.13183,0.142539,0.174419,0.032388,0.112,0.012896,0.106869,0.085867,0.12923,,1498800,,
1,1,,0.044723,0.226288,0.159678,0.112466,0.034729,0.102191,0.033624,0.115476,0.079685,0.091141,,1515200,,
1,2,,0.037985,0.175282,0.268498,0.077794,0.028134,0.084742,0.064978,0.125764,0.082118,0.054705,,1499100,,
1,2,,0.027257,0.164816,0.267515,0.115424,0.014618,0.114637,0.024876,0.16811,0.05654,0.046207,,1511000,,
1,2,,0.044361,0.127971,0.287026,0.040818,0.047974,0.103303,0.087184,0.103355,0.109653,0.048357,,1502200,,
1,2,,0.046429,0.153425,0.238458,0.055027,0.043928,0.11031,0.079619,0.116706,0.093737,0.062362,,1500500,,
1,3,,0.072951,0.144172,0.126893,0.16501,0.032442,0.125973,0.012575,0.101339,0.08221,0.136435,,1504400,,
1,3,,0.039757,0.128114,0.134628,0.179241,0.022686,0.124496,0.057731,0.098488,0.084674,0.130185,,1510900,,
1,2,,0.067258,0.17269,0.18773,0.111648,0.028341,0.131082,0.01082,0.118502,0.089947,0.081981,,1509300,,
1,1,,0.143859,0.170883,0.088975,0.102489,0.055099,0.10006,0.014973,0.074054,0.091444,0.158165,,1505800,,
1,2,,0.044152,0.17255,0.19599,0.132183,0.033744,0.122746,0.011354,0.117281,0.077455,0.092544,,1505800,,
1,2,,0.072422,0.144321,0.15508,0.152309,0.032304,0.110395,0.012474,0.112149,0.100602,0.107945,,1536400,,
1,3,,0.072963,0.13183,0.143539,0.174419,0.032388,0.112,0.012896,0.106869,0.082231,0.130867,,1498800,,
1,2,,0.051757,0.15407,0.170742,0.145353,0.036873,0.113331,0.012096,0.11434,0.098621,0.102816,,1489100,,
1,0,,0.142003,0.122812,0.09557,0.088101,0.070621,0.108709,0.051141,0.111173,0.092464,0.117406,,1497500,,
1,2,,0.032778,0.157534,0.260191,0.104068,0.013699,0.089784,0.038014,0.139244,0.110777,0.053911,,1515000,,
1,1,,0.053237,0.196464,0.130518,0.133712,0.036851,0.10515,0.011315,0.112027,0.078597,0.142129,,1587900,,
1,3,,0.035362,0.113149,0.140197,0.173488,0.019151,0.126573,0.067056,0.099566,0.102811,0.122648,,1492900,,
1,2,,0.073107,0.149498,0.196981,0.124996,0.032184,0.108698,0.010413,0.117738,0.081122,0.105263,,1497500,,
1,1,,0.044276,0.195935,0.18763,0.118496,0.033744,0.122514,0.011666,0.11704,0.079929,0.08877,,1497500,,
1,1,,0.074207,0.167208,0.141802,0.118805,0.032889,0.100535,0.016054,0.10578,0.103259,0.139461,,1510000,,
1,1,,0.076857,0.192042,0.122333,0.096554,0.042861,0.098233,0.016184,0.0783,0.099024,0.177613,,1522900,,
1,3,,0.073281,0.142592,0.142539,0.167605,0.03248,0.127574,0.012842,0.107951,0.082511,0.110625,,1498500,,
1,1,,0.044245,0.205089,0.158377,0.119989,0.034166,0.100037,0.03124,0.135431,0.079616,0.09181,,1511200,,
1,2,,0.045045,0.128805,0.289772,0.040599,0.048511,0.103321,0.087274,0.092952,0.114626,0.049095,,1508000,,
1,1,,0.084684,0.143877,0.1096,0.108571,0.06343,0.108306,0.019487,0.135585,0.092275,0.134185,,1506900,,
1,3,,0.03114,0.089556,0.104925,0.230941,0.024372,0.114861,0.10148,0.114217,0.076892,0.111616,,1508900,,
1,1,,0.052757,0.187556,0.131846,0.133159,0.036873,0.112408,0.011406,0.114456,0.079493,0.140046,,1510000,,
1,1,,0.079897,0.177052,0.14741,0.098007,0.040199,0.103468,0.015563,0.137539,0.083622,0.117244,,1507900,,
1,3,,0.07339,0.151696,0.146827,0.173802,0.032725,0.10378,0.016622,0.11054,0.081632,0.108985,,1501100,,
1,2,,0.023111,0.174909,0.273016,0.118911,0.012008,0.097556,0.029651,0.159252,0.056747,0.05484,,1499700,,
1,1,,0.052237,0.196464,0.129518,0.133712,0.036851,0.10515,0.011315,0.112027,0.078597,0.144129,,1500600,,
1,2,,0.022476,0.126751,0.203274,0.156954,0.018526,0.086782,0.030762,0.20314,0.068183,0.08315,,1529200,,
1,2,,0.037461,0.152275,0.243016,0.079306,0.029807,0.106534,0.06804,0.144874,0.081576,0.057111,,1505400,,
1,3,,0.044817,0.081719,0.102218,0.16384,0.055183,0.143325,0.139303,0.090016,0.073943,0.105637,,1503300,,
1,2,,0.023014,0.15456,0.265532,0.12061,0.013571,0.080787,0.038012,0.175321,0.072322,0.05627,,1497700,,
1,3,,0.071856,0.132455,0.139169,0.186359,0.032738,0.110627,0.012161,0.125311,0.097323,0.092001,,1494800,,
1,1,,0.084736,0.144084,0.119056,0.124368,0.037869,0.109428,0.014455,0.124401,0.107103,0.134501,,1492300,,
1,0,,0.137068,0.125888,0.086406,0.07817,0.096867,0.110172,0.046299,0.106059,0.093725,0.119345,,1494100,,
1,1,,0.071079,0.161537,0.090636,0.071703,0.099863,0.106724,0.056755,0.120183,0.084774,0.136745,,1491400,,
1,2,,0.064216,0.121234,0.158739,0.133907,0.042596,0.108932,0.019464,0.12949,0.087403,0.134019,,1506400,,
1,3,,0.03869,0.091977,0.136036,0.155429,0.039591,0.140132,0.121576,0.106358,0.076491,0.09372,,1531800,,
1,5,,0.046089,0.130033,0.168665,0.142448,0.028437,0.17532,0.012354,0.115139,0.079562,0.101954,,1497000,,
1,1,,0.123189,0.17752,0.111618,0.08788,0.054647,0.102342,0.014407,0.083516,0.109622,0.13526,,1496400,,
1,1,,0.088352,0.190908,0.103088,0.100843,0.052954,0.105168,0.019654,0.125257,0.08858,0.125197,,1499900,,
1,2,,0.0532,0.146773,0.199264,0.124996,0.032605,0.102773,0.015563,0.115772,0.083754,0.125299,,1506200,,
1,3,,0.074069,0.146158,0.130162,0.155673,0.032954,0.10108,0.017206,0.099655,0.103724,0.13932,,1505300,,
1,0,,0.145878,0.132953,0.086912,0.108432,0.057182,0.109931,0.015251,0.110673,0.092841,0.139947,,1513800,,
1,0,,0.156311,0.15083,0.056114,0.036499,0.109694,0.129582,0.030571,0.097179,0.10286,0.13036,,1503700,,
1,1,,0.076432,0.18674,0.115756,0.116588,0.042811,0.097694,0.016796,0.071877,0.100493,0.174813,,1497900,,
1,1,,0.073297,0.154422,0.144544,0.153802,0.032304,0.109705,0.011472,0.112506,0.079,0.128949,,1494100,,
1,2,,0.038901,0.15985,0.253303,0.054074,0.0437,0.083355,0.080232,0.120524,0.10939,0.05667,,1534600,,
1,1,,0.073107,0.202983,0.157085,0.112801,0.032184,0.108466,0.010413,0.117854,0.080614,0.104493,,1505200,,
1,2,,0.072851,0.14483,0.174129,0.133159,0.037295,0.106483,0.016556,0.11249,0.082125,0.120082,,1501800,,
1,1,,0.07339,0.151696,0.146827,0.133802,0.032725,0.10378,0.016622,0.11054,0.101632,0.128985,,1495100,,
1,2,,0.046064,0.149905,0.216517,0.141895,0.02151,0.116333,0.015962,0.128307,0.075845,0.087661,,1501300,,
1,2,,0.033236,0.165139,0.258736,0.103164,0.01327,0.087236,0.038923,0.164429,0.086269,0.049597,,1506400,,
1,2,,0.072759,0.151776,0.195098,0.113164,0.033039,0.102541,0.015563,0.128808,0.082441,0.10481,,1502100,,
1,1,,0.101625,0.164563,0.097934,0.096573,0.059127,0.107461,0.01486,0.085184,0.109165,0.163509,,1510500,,
1,1,,0.141615,0.163465,0.091955,0.089311,0.05935,0.107879,0.014842,0.106608,0.088895,0.136079,,1505100,,
1,2,,0.026266,0.17355,0.281109,0.102818,0.013936,0.098752,0.046173,0.123943,0.084132,0.049321,,1509500,,
1,2,,0.038901,0.15985,0.253303,0.054074,0.0437,0.083355,0.080232,0.120524,0.10939,0.05667,,1506700,,
1,1,,0.058548,0.161624,0.121171,0.118364,0.064888,0.10741,0.016556,0.134141,0.082501,0.134797,,1506800,,
1,2,,0.073107,0.149498,0.196981,0.124996,0.032184,0.108698,0.010413,0.117738,0.081122,0.105263,,1509300,,
1,0,,0.165788,0.155035,0.064606,0.045048,0.095449,0.106238,0.065165,0.097991,0.068447,0.136232,,1508500,,
1,2,,0.041264,0.111977,0.282074,0.073528,0.03208,0.090009,0.080069,0.129917,0.113924,0.045156,,1510800,,
1,1,,0.044152,0.226035,0.156094,0.119989,0.033744,0.122514,0.011354,0.117397,0.076947,0.091774,,1506900,,
1,2,,0.024605,0.149906,0.267651,0.111802,0.01413,0.08269,0.03903,0.175419,0.084231,0.050535,,1513200,,
1,2,,0.040358,0.160964,0.256417,0.061616,0.047092,0.079693,0.080626,0.108615,0.107463,0.057156,,1511200,,
1,1,,0.083348,0.212405,0.128909,0.077357,0.07002,0.099918,0.015663,0.103594,0.060333,0.148454,,1507300,,
1,1,,0.059867,0.18259,0.156056,0.096322,0.060538,0.105247,0.032702,0.135657,0.087249,0.083772,,1504600,,
1,5,,0.047543,0.106226,0.13927,0.112846,0.047207,0.167594,0.110458,0.088304,0.096851,0.083701,,1540900,,
1,1,,0.055293,0.199086,0.108649,0.105247,0.04734,0.103352,0.016637,0.099969,0.078567,0.185862,,1523100,,
1,1,,0.073984,0.18858,0.148378,0.099879,0.032902,0.10213,0.015496,0.132271,0.083653,0.122727,,1517800,,
1,3,,0.038429,0.117412,0.128704,0.166864,0.032099,0.166381,0.066141,0.096516,0.078513,0.108942,,1533700,,
1,2,,0.037531,0.161432,0.185872,0.152378,0.028585,0.101953,0.013163,0.121017,0.096571,0.101499,,1522000,,
1,1,,0.076848,0.18999,0.121835,0.115446,0.042655,0.096248,0.016247,0.091559,0.100866,0.148306,,1524700,,
1,2,,0.041009,0.138429,0.270438,0.054056,0.047092,0.084018,0.080626,0.114861,0.113171,0.056301,,1521600,,
1,3,,0.073912,0.143371,0.136063,0.158127,0.032534,0.124951,0.012833,0.102567,0.08222,0.133423,,1522300,,
1,0,,0.170464,0.163162,0.075154,0.062812,0.066653,0.109903,0.016467,0.107231,0.098295,0.129858,,1517700,,
1,2,,0.037498,0.158724,0.278183,0.0916,0.026861,0.077681,0.060149,0.11415,0.103712,0.051441,,1519500,,
1,2,,0.0732,0.160258,0.199368,0.112801,0.032605,0.102541,0.015563,0.115888,0.083246,0.104529,,1527500,,
1,1,,0.053643,0.194251,0.129118,0.127498,0.037368,0.105654,0.016507,0.107449,0.082802,0.145709,,1514300,,
