pendigits,CWE,test,3,NANOSECONDS,PREDICTIONS, Generated by ClassifierExperiments.java on 2022-05-17 03:07:21.    SYSTEMPROPERTIES:{user.name:matth,os.arch:amd64,os.name:Windows 10},ENDSYSTEMPROPERTIES
No parameter info
0.7174011812812358,1384445000,3584909300,-1,0,10,,-1,-1
0,0,,0.373753,0.067284,0.017191,0.04927,0.102208,0.089882,0.061474,0.039583,0.117037,0.082319,,1804900,,
0,0,,0.374466,0.020611,0.016788,0.007373,0.149827,0.093847,0.077758,0.033729,0.139954,0.085648,,1581200,,
0,0,,0.393343,0.029025,0.018764,0.011017,0.162038,0.093267,0.068879,0.037604,0.114359,0.071704,,1602300,,
0,0,,0.285524,0.132355,0.02733,0.04367,0.066079,0.094902,0.034877,0.086479,0.108948,0.119836,,1588300,,
0,0,,0.325076,0.034078,0.031834,0.007599,0.101494,0.084769,0.131882,0.042352,0.162913,0.078004,,1593000,,
0,0,,0.356867,0.019981,0.019206,0.007308,0.146474,0.090204,0.105714,0.032178,0.137276,0.084792,,1581900,,
0,0,,0.364167,0.020848,0.016788,0.007344,0.181492,0.093727,0.077801,0.03319,0.138079,0.066564,,1591700,,
0,0,,0.36054,0.020362,0.020612,0.007295,0.131426,0.089954,0.113302,0.032442,0.140612,0.083456,,1635800,,
0,0,,0.36286,0.064295,0.038955,0.01374,0.113057,0.107794,0.055121,0.050567,0.113757,0.079854,,1601600,,
0,0,,0.346343,0.080823,0.017001,0.025813,0.102915,0.098303,0.053746,0.046765,0.117489,0.110803,,1598200,,
0,0,,0.394785,0.020181,0.014914,0.007948,0.138001,0.112298,0.084171,0.030519,0.117718,0.079464,,1590600,,
0,0,,0.386055,0.029722,0.021577,0.01161,0.106582,0.111685,0.0841,0.037275,0.139239,0.072155,,1586000,,
0,0,,0.399165,0.021631,0.018657,0.007954,0.139568,0.115577,0.068938,0.035934,0.113659,0.078916,,1604700,,
0,0,,0.359094,0.060199,0.018764,0.049794,0.098224,0.097148,0.065503,0.040531,0.121247,0.089497,,1622500,,
0,0,,0.374785,0.020181,0.014914,0.007948,0.138001,0.112298,0.084171,0.030519,0.137718,0.079464,,1624600,,
0,0,,0.390287,0.018382,0.012102,0.007977,0.124045,0.113922,0.068907,0.030489,0.135193,0.098697,,1643500,,
0,0,,0.379822,0.053828,0.016977,0.032239,0.108696,0.09402,0.061828,0.038738,0.12214,0.091712,,1968900,,
0,0,,0.358829,0.025578,0.028039,0.007332,0.12183,0.092275,0.086603,0.035014,0.161045,0.083456,,1652100,,
0,0,,0.431652,0.021303,0.018657,0.008213,0.140398,0.092337,0.068901,0.036157,0.114513,0.06787,,1620300,,
0,0,,0.187923,0.064821,0.047378,0.029862,0.092889,0.100822,0.146307,0.059768,0.153203,0.117026,,1634200,,
0,0,,0.344167,0.020848,0.016788,0.007344,0.181492,0.093727,0.077801,0.03319,0.138079,0.086564,,1787300,,
0,0,,0.399165,0.021631,0.018657,0.007954,0.139568,0.115577,0.068938,0.035934,0.113659,0.078916,,1693700,,
0,0,,0.365814,0.067331,0.018978,0.049298,0.101322,0.08922,0.06839,0.041642,0.115947,0.082058,,1718700,,
0,0,,0.296264,0.04939,0.033449,0.004942,0.110786,0.079044,0.128002,0.062101,0.156119,0.079902,,1647500,,
0,0,,0.420062,0.030829,0.011929,0.00896,0.156346,0.090296,0.061606,0.027765,0.10926,0.082948,,1649400,,
0,0,,0.379165,0.021631,0.018657,0.007954,0.139568,0.115577,0.068938,0.035934,0.133659,0.078916,,1654400,,
0,0,,0.399988,0.018619,0.012102,0.007948,0.15571,0.113802,0.06895,0.02995,0.113319,0.079613,,1617300,,
0,0,,0.36054,0.020362,0.020612,0.007295,0.131426,0.089954,0.113302,0.032442,0.140612,0.083456,,1586800,,
0,0,,0.273922,0.10655,0.025501,0.043126,0.066471,0.102807,0.035305,0.085748,0.138437,0.122133,,1606900,,
0,0,,0.293835,0.088341,0.039571,0.016268,0.113517,0.080717,0.067934,0.050095,0.124893,0.124828,,1637000,,
0,0,,0.31705,0.067195,0.042154,0.012232,0.094571,0.126059,0.077686,0.054178,0.137876,0.070999,,1611800,,
0,0,,0.329359,0.020718,0.014914,0.007613,0.176577,0.089135,0.084134,0.031641,0.158091,0.087818,,1589400,,
0,0,,0.266093,0.104833,0.034326,0.055363,0.053779,0.105939,0.038218,0.072621,0.163691,0.105138,,1971700,,
0,0,,0.379165,0.021631,0.018657,0.007954,0.139568,0.115577,0.068938,0.035934,0.133659,0.078916,,2076200,,
0,0,,0.209045,0.051855,0.044228,0.004153,0.090114,0.094809,0.173561,0.072868,0.184137,0.075228,,1675100,,
0,0,,0.224488,0.095737,0.068185,0.019613,0.068267,0.104165,0.080881,0.058252,0.160625,0.119787,,1592200,,
0,0,,0.348536,0.023731,0.02147,0.007618,0.160435,0.09091,0.084122,0.037625,0.158432,0.067121,,1579100,,
0,0,,0.365814,0.067331,0.018978,0.049298,0.101322,0.08922,0.06839,0.041642,0.115947,0.082058,,1659000,,
0,0,,0.324167,0.020848,0.016788,0.007344,0.181492,0.093727,0.077801,0.03319,0.158079,0.086564,,1609700,,
0,0,,0.379822,0.053828,0.016977,0.032239,0.108696,0.09402,0.061828,0.038738,0.12214,0.091712,,1590200,,
0,2,,0.095888,0.129255,0.188209,0.051834,0.04542,0.07975,0.10316,0.075029,0.121052,0.110401,,1590700,,
0,0,,0.394785,0.020181,0.014914,0.007948,0.138001,0.112298,0.084171,0.030519,0.117718,0.079464,,1589400,,
0,0,,0.326911,0.088706,0.017198,0.038692,0.102719,0.092323,0.053746,0.046878,0.132136,0.100692,,1625000,,
0,0,,0.371883,0.053875,0.018764,0.032267,0.107811,0.093357,0.068744,0.040797,0.12105,0.091451,,1652600,,
0,0,,0.388397,0.053448,0.018764,0.030452,0.109722,0.089549,0.068852,0.04037,0.116111,0.084333,,1616000,,
0,0,,0.354475,0.084491,0.016728,0.038674,0.105969,0.090997,0.05658,0.039867,0.112681,0.099537,,1620100,,
0,0,,0.336867,0.019981,0.019206,0.007308,0.146474,0.090204,0.105714,0.032178,0.157276,0.084792,,1618200,,
0,0,,0.36054,0.020362,0.020612,0.007295,0.131426,0.089954,0.113302,0.032442,0.140612,0.083456,,1628800,,
0,0,,0.368397,0.053448,0.018764,0.030452,0.109722,0.109549,0.068852,0.04037,0.116111,0.084333,,1579700,,
0,0,,0.217869,0.049771,0.042357,0.014931,0.087008,0.084871,0.15112,0.068592,0.17887,0.104611,,1754800,,
0,0,,0.359933,0.076877,0.018129,0.022683,0.115449,0.086774,0.059392,0.039151,0.111676,0.109935,,1963500,,
0,0,,0.354286,0.053736,0.016977,0.049766,0.10235,0.093619,0.061474,0.038726,0.141376,0.08769,,1941800,,
0,0,,0.399165,0.021631,0.018657,0.007954,0.139568,0.115577,0.068938,0.035934,0.113659,0.078916,,2083000,,
0,0,,0.359468,0.064366,0.017446,0.049784,0.095858,0.099137,0.055754,0.045483,0.121791,0.090913,,1977500,,
0,0,,0.180181,0.07059,0.063551,0.022778,0.069766,0.09962,0.157042,0.06921,0.158909,0.108353,,1603700,,
0,0,,0.387252,0.023432,0.02189,0.007308,0.137761,0.095062,0.079713,0.033794,0.148995,0.064792,,1612400,,
0,0,,0.364167,0.020848,0.016788,0.007344,0.181492,0.093727,0.077801,0.03319,0.138079,0.066564,,1664100,,
0,0,,0.374785,0.020181,0.014914,0.007948,0.138001,0.112298,0.084171,0.030519,0.137718,0.079464,,1684300,,
0,0,,0.347292,0.037454,0.028247,0.008384,0.136629,0.088357,0.078586,0.034625,0.15256,0.087866,,1596100,,
0,0,,0.348141,0.030587,0.021577,0.011016,0.144329,0.111763,0.0841,0.038174,0.138759,0.071555,,1591900,,
0,0,,0.352675,0.032619,0.022227,0.008335,0.131176,0.085785,0.112874,0.032316,0.135463,0.086529,,1616600,,
0,0,,0.349003,0.032238,0.020821,0.008347,0.146224,0.086036,0.105285,0.032053,0.132127,0.087866,,1631400,,
0,0,,0.39877,0.028488,0.018764,0.011351,0.123462,0.11643,0.068916,0.036483,0.113986,0.08335,,1599800,,
0,0,,0.354785,0.020181,0.014914,0.007948,0.138001,0.112298,0.084171,0.030519,0.137718,0.099464,,1577500,,
0,0,,0.364167,0.020848,0.016788,0.007344,0.181492,0.093727,0.077801,0.03319,0.138079,0.066564,,1610500,,
0,0,,0.399988,0.018619,0.012102,0.007948,0.15571,0.113802,0.06895,0.02995,0.113319,0.079613,,1609200,,
0,0,,0.37135,0.067423,0.018978,0.031772,0.107668,0.08962,0.068744,0.041653,0.116711,0.08608,,1599300,,
0,0,,0.324167,0.020848,0.016788,0.007344,0.181492,0.093727,0.077801,0.03319,0.158079,0.086564,,1604700,,
0,0,,0.344167,0.020848,0.016788,0.007344,0.181492,0.093727,0.077801,0.03319,0.138079,0.086564,,1629500,,
0,0,,0.374286,0.053736,0.016977,0.049766,0.10235,0.093619,0.061474,0.038726,0.121376,0.08769,,1586100,,
0,0,,0.373963,0.023194,0.02147,0.007953,0.121859,0.114073,0.084158,0.036504,0.138059,0.078767,,1687400,,
0,0,,0.364167,0.020848,0.016788,0.007344,0.181492,0.093727,0.077801,0.03319,0.138079,0.066564,,1596800,,
0,0,,0.350964,0.037835,0.029654,0.008372,0.121581,0.088106,0.086175,0.034888,0.155896,0.086529,,1589800,,
0,0,,0.374785,0.020181,0.014914,0.007948,0.138001,0.112298,0.084171,0.030519,0.137718,0.079464,,1585900,,
0,0,,0.307815,0.0448,0.030057,0.008783,0.110024,0.076459,0.1175,0.062559,0.153461,0.088542,,1638000,,
0,0,,0.214346,0.047869,0.045995,0.008011,0.081055,0.089732,0.158985,0.072182,0.185618,0.096206,,1596300,,
0,0,,0.39877,0.028488,0.018764,0.011351,0.123462,0.09643,0.068916,0.036483,0.133986,0.08335,,1604700,,
0,0,,0.213399,0.050925,0.045995,0.004315,0.090598,0.088176,0.155533,0.072056,0.183974,0.09503,,1585900,,
0,0,,0.343163,0.074615,0.029124,0.031542,0.098752,0.106647,0.058631,0.045047,0.139111,0.073368,,1638700,,
0,0,,0.358829,0.025578,0.028039,0.007332,0.12183,0.092275,0.086603,0.035014,0.161045,0.083456,,1659400,,
0,0,,0.344167,0.020848,0.016788,0.007344,0.181492,0.093727,0.077801,0.03319,0.138079,0.086564,,1629800,,
0,0,,0.350964,0.037835,0.029654,0.008372,0.121581,0.088106,0.086175,0.034888,0.155896,0.086529,,1584600,,
0,0,,0.387272,0.019853,0.014914,0.008207,0.138831,0.089057,0.084134,0.030742,0.138572,0.088418,,1626700,,
0,0,,0.334785,0.020181,0.014914,0.007948,0.138001,0.112298,0.084171,0.030519,0.157718,0.099464,,1850900,,
0,0,,0.374785,0.020181,0.014914,0.007948,0.138001,0.112298,0.084171,0.030519,0.117718,0.099464,,1595900,,
0,0,,0.366499,0.0737,0.017191,0.04927,0.098966,0.094074,0.058587,0.039328,0.117997,0.084388,,1584900,,
0,0,,0.394785,0.020181,0.014914,0.007948,0.138001,0.092298,0.084171,0.030519,0.137718,0.079464,,1586100,,
0,0,,0.344167,0.020848,0.016788,0.007344,0.181492,0.093727,0.077801,0.03319,0.138079,0.086564,,1613400,,
0,0,,0.364167,0.020848,0.016788,0.007344,0.181492,0.093727,0.077801,0.03319,0.138079,0.066564,,1618400,,
0,0,,0.27736,0.035724,0.040627,0.007509,0.094357,0.084741,0.130639,0.068944,0.163424,0.096674,,1604000,,
0,0,,0.330905,0.040745,0.020379,0.012391,0.123212,0.112261,0.068488,0.036357,0.148838,0.106424,,1604600,,
0,0,,0.354286,0.053736,0.016977,0.049766,0.10235,0.093619,0.061474,0.038726,0.141376,0.08769,,1619400,,
0,0,,0.301537,0.129163,0.051879,0.040018,0.07059,0.097108,0.032058,0.076679,0.107283,0.093684,,1627800,,
0,0,,0.264992,0.110498,0.034344,0.041988,0.053832,0.108181,0.038218,0.073363,0.164705,0.109878,,1584400,,
0,0,,0.352982,0.022426,0.019951,0.00765,0.132407,0.105402,0.087005,0.0321,0.154031,0.086046,,1569900,,
0,0,,0.25533,0.041947,0.022462,0.034829,0.083491,0.086522,0.161638,0.051884,0.154188,0.107708,,1590300,,
0,0,,0.366499,0.0737,0.017191,0.04927,0.098966,0.094074,0.058587,0.039328,0.117997,0.084388,,1596200,,
0,2,,0.091148,0.13118,0.205351,0.036924,0.038942,0.082461,0.100361,0.088722,0.11509,0.109822,,1577700,,
0,0,,0.387252,0.023432,0.02189,0.007308,0.137761,0.095062,0.079713,0.033794,0.148995,0.064792,,1768400,,
0,0,,0.365814,0.067331,0.018978,0.049298,0.101322,0.08922,0.06839,0.041642,0.115947,0.082058,,1617100,,
0,0,,0.379165,0.021631,0.018657,0.007954,0.139568,0.115577,0.068938,0.035934,0.133659,0.078916,,1583600,,
0,0,,0.317326,0.115395,0.027318,0.041004,0.066333,0.099315,0.038809,0.067846,0.117089,0.109565,,1598100,,
0,0,,0.324167,0.020848,0.016788,0.007344,0.181492,0.113727,0.077801,0.03319,0.158079,0.066564,,1586500,,
0,0,,0.419239,0.033841,0.018485,0.008965,0.140203,0.092072,0.061593,0.03375,0.1096,0.082251,,1563100,,
0,0,,0.322072,0.034153,0.025619,0.008191,0.122395,0.089928,0.126828,0.031984,0.159765,0.079065,,1563800,,
0,0,,0.394785,0.020181,0.014914,0.007948,0.138001,0.112298,0.084171,0.030519,0.117718,0.079464,,1571400,,
0,0,,0.394785,0.020181,0.014914,0.007948,0.138001,0.112298,0.084171,0.030519,0.117718,0.079464,,1566500,,
0,0,,0.394785,0.020181,0.014914,0.007948,0.138001,0.112298,0.084171,0.030519,0.117718,0.079464,,1571000,,
0,0,,0.340924,0.050143,0.035384,0.010923,0.104006,0.124768,0.077812,0.047397,0.137943,0.070701,,1603400,,
0,0,,0.356867,0.019981,0.019206,0.007308,0.146474,0.090204,0.105714,0.032178,0.137276,0.084792,,1669500,,
0,0,,0.367032,0.060152,0.016977,0.049766,0.099109,0.097811,0.058587,0.038472,0.122336,0.089758,,1594600,,
0,0,,0.374785,0.020181,0.014914,0.007948,0.138001,0.112298,0.084171,0.030519,0.137718,0.079464,,1582900,,
0,0,,0.269302,0.04662,0.033449,0.025259,0.094,0.082128,0.130183,0.062186,0.156716,0.100155,,1581500,,
0,0,,0.322072,0.034153,0.025619,0.008191,0.122395,0.089928,0.126828,0.031984,0.159765,0.079065,,1602900,,
0,0,,0.374286,0.053736,0.016977,0.049766,0.10235,0.093619,0.061474,0.038726,0.121376,0.08769,,1565700,,
0,0,,0.366499,0.0737,0.017191,0.04927,0.098966,0.094074,0.058587,0.039328,0.117997,0.084388,,1568200,,
0,0,,0.374785,0.020181,0.014914,0.007948,0.138001,0.092298,0.084171,0.030519,0.137718,0.099464,,1564500,,
0,0,,0.355008,0.070943,0.016514,0.03917,0.106112,0.094733,0.05658,0.039011,0.117021,0.104908,,1594300,,
0,0,,0.322775,0.053518,0.040066,0.012997,0.089798,0.125204,0.084018,0.051773,0.142227,0.077624,,1610300,,
0,0,,0.368397,0.053448,0.018764,0.030452,0.109722,0.109549,0.068852,0.04037,0.116111,0.084333,,1580500,,
0,0,,0.324167,0.020848,0.016788,0.007344,0.181492,0.093727,0.077801,0.03319,0.158079,0.086564,,1585500,,
0,0,,0.38645,0.022865,0.02147,0.008213,0.122689,0.110833,0.084122,0.036726,0.138912,0.067721,,1570100,,
0,0,,0.3563,0.075079,0.044109,0.012141,0.103578,0.114682,0.052317,0.05682,0.114988,0.069987,,1600400,,
0,0,,0.281707,0.02787,0.017455,0.017313,0.099765,0.105021,0.149383,0.052383,0.156082,0.093021,,1565500,,
0,0,,0.366422,0.065993,0.018592,0.050806,0.1021,0.089451,0.061046,0.038601,0.116227,0.090763,,1562900,,
0,0,,0.34054,0.020362,0.020612,0.007295,0.131426,0.089954,0.113302,0.032442,0.160612,0.083456,,1560300,,
0,0,,0.249251,0.131119,0.034991,0.048399,0.052738,0.102954,0.03115,0.091602,0.133847,0.123949,,1577000,,
0,0,,0.347032,0.060152,0.016977,0.049766,0.099109,0.097811,0.058587,0.038472,0.142336,0.089758,,1590100,,
0,0,,0.314008,0.111331,0.017228,0.027983,0.102518,0.090153,0.049814,0.066253,0.105008,0.115703,,1577100,,
0,0,,0.364167,0.020848,0.016788,0.007344,0.181492,0.093727,0.077801,0.03319,0.138079,0.066564,,1576300,,
0,0,,0.373567,0.03005,0.021577,0.011351,0.105752,0.114926,0.084137,0.037053,0.138386,0.083201,,1618100,,
0,0,,0.392123,0.030876,0.013717,0.008988,0.155461,0.109633,0.068522,0.029824,0.10817,0.082686,,1578200,,
0,0,,0.427926,0.018572,0.010314,0.00792,0.156596,0.094465,0.062034,0.027891,0.114409,0.079874,,1578500,,
0,0,,0.345814,0.067331,0.018978,0.049298,0.101322,0.10922,0.06839,0.041642,0.115947,0.082058,,1574100,,
0,2,,0.128684,0.089641,0.177516,0.036871,0.04762,0.089579,0.091836,0.094136,0.145296,0.09882,,1576900,,
0,0,,0.345814,0.067331,0.018978,0.049298,0.101322,0.10922,0.06839,0.041642,0.115947,0.082058,,1618900,,
0,0,,0.332675,0.032619,0.022227,0.008335,0.131176,0.085785,0.112874,0.032316,0.155463,0.086529,,1572500,,
0,0,,0.295629,0.113228,0.051621,0.052511,0.090373,0.092034,0.032022,0.069032,0.121626,0.081924,,1565000,,
0,0,,0.158016,0.083778,0.139254,0.021734,0.06696,0.089433,0.130482,0.068533,0.128214,0.113597,,1558100,,
0,0,,0.354785,0.020181,0.014914,0.007948,0.138001,0.112298,0.084171,0.030519,0.137718,0.099464,,1731600,,
0,0,,0.345745,0.034534,0.027025,0.008178,0.107347,0.089677,0.154416,0.032247,0.123102,0.077729,,1580700,,
0,0,,0.191037,0.059258,0.054491,0.015473,0.077507,0.102142,0.168531,0.054644,0.18862,0.088294,,1568300,,
0,0,,0.374785,0.020181,0.014914,0.007948,0.138001,0.112298,0.084171,0.030519,0.137718,0.079464,,1570600,,
0,0,,0.364167,0.020848,0.016788,0.007344,0.181492,0.093727,0.077801,0.03319,0.138079,0.066564,,1556300,,
0,0,,0.347032,0.060152,0.016977,0.049766,0.099109,0.097811,0.058587,0.038472,0.142336,0.089758,,1572100,,
0,0,,0.31153,0.064413,0.019234,0.049812,0.094973,0.098474,0.06267,0.047542,0.160701,0.090652,,1569300,,
0,0,,0.340798,0.032109,0.016529,0.008617,0.13109,0.078807,0.142267,0.030394,0.130271,0.089119,,1565100,,
0,0,,0.354785,0.020181,0.014914,0.007948,0.138001,0.112298,0.084171,0.030519,0.137718,0.099464,,1557300,,
0,0,,0.325745,0.034534,0.027025,0.008178,0.107347,0.089677,0.134416,0.032247,0.163102,0.077729,,1566900,,
0,0,,0.363344,0.02386,0.023344,0.007349,0.16535,0.095502,0.077789,0.039174,0.13842,0.065867,,1643600,,
0,0,,0.347815,0.0448,0.030057,0.008783,0.110024,0.076459,0.1175,0.042559,0.133461,0.088542,,1572300,,
0,0,,0.334785,0.020181,0.014914,0.007948,0.138001,0.112298,0.084171,0.030519,0.157718,0.099464,,1567500,,
0,0,,0.366601,0.032868,0.018403,0.008413,0.149577,0.089678,0.07733,0.033603,0.134805,0.088722,,1612400,,
0,0,,0.343344,0.02386,0.023344,0.007349,0.16535,0.115502,0.077789,0.039174,0.13842,0.065867,,1590800,,
0,0,,0.374785,0.020181,0.014914,0.007948,0.138001,0.112298,0.084171,0.030519,0.137718,0.079464,,1575000,,
0,0,,0.344167,0.020848,0.016788,0.007344,0.181492,0.093727,0.077801,0.03319,0.138079,0.086564,,1556900,,
0,0,,0.229045,0.051855,0.044228,0.004153,0.090114,0.094809,0.173561,0.052868,0.184137,0.075228,,1556300,,
0,0,,0.314008,0.111331,0.017228,0.027983,0.102518,0.090153,0.049814,0.066253,0.105008,0.115703,,1565000,,
0,0,,0.293849,0.090331,0.042538,0.016268,0.094138,0.088584,0.068074,0.052476,0.129361,0.124382,,1598700,,
0,0,,0.356649,0.024967,0.025282,0.007163,0.128981,0.099204,0.093667,0.033462,0.153298,0.077327,,1789800,,
0,0,,0.356347,0.033,0.023633,0.008323,0.116127,0.085535,0.120463,0.032579,0.138799,0.085193,,1578000,,
0,0,,0.364167,0.020848,0.016788,0.007344,0.181492,0.093727,0.077801,0.03319,0.138079,0.066564,,1583200,,
0,0,,0.385347,0.020282,0.014914,0.007926,0.122406,0.11356,0.084149,0.031008,0.139657,0.08075,,2643100,,
0,0,,0.364167,0.020848,0.016788,0.007344,0.181492,0.093727,0.077801,0.03319,0.138079,0.066564,,4349300,,
0,0,,0.387252,0.023432,0.02189,0.007308,0.137761,0.095062,0.079713,0.033794,0.148995,0.064792,,2290900,,
0,0,,0.354785,0.020181,0.014914,0.007948,0.138001,0.112298,0.084171,0.030519,0.137718,0.099464,,2801900,,
0,0,,0.342072,0.034153,0.025619,0.008191,0.122395,0.089928,0.126828,0.031984,0.139765,0.079065,,7319600,,
0,0,,0.316264,0.04939,0.033449,0.004942,0.110786,0.079044,0.128002,0.062101,0.136119,0.079902,,4329600,,
0,0,,0.374654,0.047537,0.018764,0.02892,0.117014,0.109108,0.068879,0.039559,0.112441,0.083124,,1641100,,
0,0,,0.343195,0.055011,0.021577,0.030452,0.092013,0.108045,0.084073,0.04094,0.140511,0.084184,,2140500,,
0,0,,0.229251,0.151119,0.034991,0.048399,0.052738,0.102954,0.03115,0.071602,0.133847,0.143949,,2916100,,
0,0,,0.334785,0.020181,0.014914,0.007948,0.138001,0.112298,0.084171,0.030519,0.157718,0.099464,,2473200,,
0,0,,0.356867,0.019981,0.019206,0.007308,0.146474,0.090204,0.105714,0.032178,0.137276,0.084792,,2543800,,
0,0,,0.364167,0.020848,0.016788,0.007344,0.181492,0.093727,0.077801,0.03319,0.138079,0.066564,,2293800,,
0,0,,0.364167,0.020848,0.016788,0.007344,0.181492,0.093727,0.077801,0.03319,0.138079,0.066564,,1956600,,
0,0,,0.344167,0.020848,0.016788,0.007344,0.181492,0.093727,0.077801,0.03319,0.158079,0.066564,,2015700,,
0,0,,0.363344,0.02386,0.023344,0.007349,0.16535,0.095502,0.077789,0.039174,0.13842,0.065867,,1967800,,
0,0,,0.364167,0.020848,0.016788,0.007344,0.181492,0.113727,0.077801,0.03319,0.118079,0.066564,,2066600,,
0,0,,0.335783,0.110844,0.033347,0.026142,0.102204,0.086988,0.053318,0.050218,0.107691,0.093463,,1948100,,
0,0,,0.352675,0.032619,0.022227,0.008335,0.131176,0.085785,0.112874,0.032316,0.135463,0.086529,,1931600,,
0,0,,0.366499,0.0737,0.017191,0.04927,0.098966,0.094074,0.058587,0.039328,0.117997,0.084388,,1933900,,
0,8,,0.155542,0.06493,0.081293,0.025878,0.072496,0.098332,0.167142,0.055606,0.169208,0.109574,,1931000,,
0,0,,0.252657,0.141006,0.034571,0.044158,0.053436,0.100032,0.034285,0.092852,0.132224,0.114779,,1950500,,
0,0,,0.324167,0.020848,0.016788,0.007344,0.181492,0.093727,0.077801,0.03319,0.158079,0.086564,,1943200,,
0,0,,0.373753,0.067284,0.017191,0.04927,0.102208,0.089882,0.061474,0.039583,0.117037,0.082319,,1923800,,
0,0,,0.329937,0.021897,0.024004,0.007151,0.122645,0.094096,0.127256,0.032109,0.164914,0.075991,,1922500,,
0,0,,0.339299,0.051658,0.039127,0.010913,0.114334,0.127492,0.062573,0.052325,0.132877,0.069401,,1928000,,
0,0,,0.347032,0.060152,0.016977,0.049766,0.099109,0.097811,0.058587,0.038472,0.142336,0.089758,,1938300,,
0,0,,0.276264,0.04939,0.033449,0.004942,0.110786,0.079044,0.148002,0.062101,0.156119,0.079902,,1929900,,
0,0,,0.215896,0.063179,0.057445,0.019237,0.073709,0.105283,0.145023,0.060274,0.161991,0.097963,,1924100,,
0,0,,0.374785,0.020181,0.014914,0.007948,0.138001,0.112298,0.084171,0.030519,0.137718,0.079464,,1960600,,
0,0,,0.348536,0.023731,0.02147,0.007618,0.160435,0.11091,0.084122,0.037625,0.138432,0.067121,,1923700,,
0,0,,0.364167,0.020848,0.016788,0.007344,0.181492,0.093727,0.077801,0.03319,0.138079,0.066564,,1926600,,
0,0,,0.374785,0.020181,0.014914,0.007948,0.138001,0.112298,0.084171,0.030519,0.137718,0.079464,,1924300,,
0,0,,0.382113,0.039125,0.024911,0.004639,0.132005,0.089087,0.083422,0.033807,0.145538,0.065353,,1922900,,
0,0,,0.311951,0.085912,0.026846,0.053993,0.086258,0.097978,0.038773,0.059342,0.135772,0.103175,,1924000,,
0,0,,0.348141,0.030587,0.021577,0.011016,0.144329,0.111763,0.0841,0.038174,0.138759,0.071555,,1927000,,
0,0,,0.374785,0.020181,0.014914,0.007948,0.138001,0.112298,0.084171,0.030519,0.137718,0.079464,,1941200,,
0,0,,0.339468,0.064366,0.017446,0.049784,0.095858,0.099137,0.055754,0.045483,0.141791,0.090913,,1956200,,
0,0,,0.344167,0.020848,0.016788,0.007344,0.181492,0.093727,0.077801,0.03319,0.138079,0.086564,,1670000,,
0,0,,0.322072,0.034153,0.025619,0.008191,0.122395,0.089928,0.126828,0.031984,0.159765,0.079065,,1570100,,
0,0,,0.269496,0.04798,0.042242,0.008549,0.094107,0.080573,0.150211,0.068818,0.138276,0.099748,,1574900,,
0,0,,0.38645,0.022865,0.02147,0.008213,0.122689,0.110833,0.084122,0.036726,0.138912,0.067721,,1559100,,
0,0,,0.172371,0.076936,0.058782,0.056633,0.065788,0.083386,0.068275,0.139444,0.147191,0.131195,,1574500,,
0,0,,0.426708,0.028441,0.016977,0.011323,0.124347,0.097093,0.062,0.034424,0.115076,0.083611,,1565400,,
0,0,,0.358935,0.077914,0.01766,0.049288,0.095716,0.0954,0.055754,0.046339,0.117451,0.085542,,1570900,,
0,0,,0.367032,0.060152,0.016977,0.049766,0.099109,0.097811,0.058587,0.038472,0.122336,0.089758,,1563600,,
0,0,,0.393567,0.03005,0.021577,0.011351,0.105752,0.114926,0.084137,0.037053,0.118386,0.083201,,1606800,,
0,0,,0.373753,0.067284,0.017191,0.04927,0.102208,0.089882,0.061474,0.039583,0.117037,0.082319,,1574300,,
0,0,,0.368547,0.022298,0.020531,0.007349,0.183059,0.097006,0.062568,0.038604,0.13402,0.066016,,1573600,,
0,0,,0.186904,0.067363,0.061849,0.019111,0.07268,0.104622,0.135311,0.068282,0.165853,0.118025,,1579100,,
0,0,,0.363195,0.055011,0.021577,0.030452,0.092013,0.108045,0.084073,0.04094,0.120511,0.084184,,1569700,,
0,0,,0.385703,0.042307,0.023192,0.012391,0.105503,0.110757,0.083708,0.036927,0.113237,0.086275,,1566000,,
0,0,,0.322072,0.034153,0.025619,0.008191,0.122395,0.089928,0.126828,0.031984,0.159765,0.079065,,1576700,,
0,0,,0.326348,0.053783,0.018764,0.049794,0.101465,0.112956,0.06839,0.040785,0.140286,0.087428,,1572100,,
0,0,,0.334785,0.020181,0.014914,0.007948,0.138001,0.112298,0.084171,0.030519,0.157718,0.099464,,1571300,,
0,0,,0.344167,0.020848,0.016788,0.007344,0.181492,0.093727,0.077801,0.03319,0.138079,0.086564,,1570100,,
0,0,,0.35569,0.08092,0.045724,0.013181,0.106569,0.106322,0.054775,0.056949,0.108879,0.070992,,1596200,,
0,0,,0.322072,0.034153,0.025619,0.008191,0.122395,0.089928,0.126828,0.031984,0.159765,0.079065,,1578500,,
0,0,,0.324167,0.020848,0.016788,0.007344,0.181492,0.093727,0.077801,0.03319,0.158079,0.086564,,1573400,,
0,0,,0.344167,0.020848,0.016788,0.007344,0.181492,0.093727,0.077801,0.03319,0.138079,0.086564,,1571800,,
0,0,,0.344167,0.020848,0.016788,0.007344,0.181492,0.093727,0.077801,0.03319,0.138079,0.086564,,1569100,,
0,0,,0.309797,0.043243,0.019812,0.017139,0.151943,0.096381,0.07,0.031744,0.122845,0.137095,,1572600,,
0,0,,0.229731,0.035999,0.038035,0.009256,0.14761,0.142261,0.076021,0.043338,0.15336,0.124388,,1582100,,
0,0,,0.399988,0.018619,0.012102,0.007948,0.15571,0.113802,0.06895,0.02995,0.113319,0.079613,,1572100,,
0,0,,0.336867,0.019981,0.019206,0.007308,0.146474,0.090204,0.105714,0.032178,0.157276,0.084792,,1573400,,
0,0,,0.374286,0.053736,0.016977,0.049766,0.10235,0.093619,0.061474,0.038726,0.121376,0.08769,,1595700,,
0,0,,0.344167,0.020848,0.016788,0.007344,0.181492,0.113727,0.077801,0.03319,0.138079,0.066564,,1570100,,
0,0,,0.363344,0.02386,0.023344,0.007349,0.16535,0.095502,0.077789,0.039174,0.13842,0.065867,,1569200,,
1,1,,0.036449,0.249267,0.14267,0.125912,0.018871,0.068957,0.006228,0.134021,0.074227,0.143399,,1575100,,
1,2,,0.044115,0.226625,0.295152,0.027312,0.04073,0.049069,0.065173,0.110487,0.054728,0.086607,,1573200,,
1,1,,0.067195,0.231236,0.085479,0.111853,0.019765,0.083385,0.016515,0.134502,0.093256,0.156813,,1571400,,
1,9,,0.05971,0.160218,0.144275,0.138724,0.010703,0.100282,0.019793,0.082003,0.059956,0.224337,,1576600,,
1,2,,0.007342,0.218832,0.281386,0.088323,0.014391,0.059433,0.024557,0.12546,0.085241,0.095036,,1572600,,
1,2,,0.039497,0.210647,0.266578,0.061938,0.032404,0.059569,0.055161,0.092205,0.092331,0.08967,,1568500,,
1,1,,0.080046,0.196876,0.103156,0.095493,0.034062,0.075644,0.011786,0.17551,0.059394,0.168033,,1569500,,
1,1,,0.08396,0.202361,0.086633,0.087232,0.047155,0.074637,0.023557,0.153957,0.090676,0.149832,,1574900,,
1,1,,0.015003,0.251545,0.139455,0.148721,0.031814,0.055377,0.009083,0.126566,0.075109,0.147327,,1573800,,
1,1,,0.095743,0.208777,0.099622,0.073713,0.050762,0.070727,0.025917,0.146564,0.060528,0.167645,,1568100,,
1,2,,0.039306,0.210355,0.248676,0.054843,0.037746,0.064562,0.059392,0.104266,0.089164,0.091689,,1586000,,
1,1,,0.036449,0.221833,0.138957,0.131625,0.020213,0.070071,0.007677,0.151294,0.073984,0.147898,,1579600,,
1,1,,0.030247,0.228886,0.227921,0.045712,0.042497,0.048811,0.043499,0.133287,0.081436,0.117703,,1578000,,
1,1,,0.066987,0.237192,0.087781,0.0938,0.018249,0.089627,0.015067,0.142788,0.095474,0.153034,,1572400,,
1,1,,0.038864,0.239683,0.13092,0.139098,0.027399,0.065324,0.007984,0.126113,0.072331,0.152284,,1569100,,
1,1,,0.00754,0.300066,0.140491,0.15921,0.017817,0.061639,0.015367,0.09517,0.053209,0.14949,,1578700,,
1,7,,0.048054,0.180472,0.119938,0.116504,0.014691,0.083027,0.014659,0.181832,0.082732,0.158091,,1606200,,
1,1,,0.060609,0.20707,0.107256,0.112843,0.025945,0.080941,0.013739,0.148122,0.078488,0.164987,,1574400,,
1,1,,0.039606,0.206775,0.122329,0.15608,0.014487,0.073003,0.014248,0.138917,0.073485,0.16107,,1568200,,
1,9,,0.065054,0.146531,0.123666,0.121323,0.022335,0.103988,0.046808,0.06529,0.08858,0.216425,,1575100,,
1,1,,0.035463,0.201796,0.147514,0.145953,0.017218,0.063924,0.007749,0.186122,0.068188,0.126074,,1575000,,
1,1,,0.038219,0.189088,0.14973,0.135273,0.012602,0.075944,0.015519,0.16653,0.068799,0.148295,,1572700,,
1,9,,0.040634,0.154647,0.132808,0.150547,0.012688,0.099777,0.019134,0.066366,0.079759,0.24364,,1574000,,
1,1,,0.056157,0.208972,0.117589,0.116735,0.02051,0.080166,0.013069,0.151906,0.08956,0.145336,,1568500,,
1,1,,0.091526,0.24568,0.079434,0.094546,0.031312,0.082705,0.02508,0.119645,0.097502,0.13257,,1571100,,
1,1,,0.05027,0.241998,0.064036,0.111424,0.013414,0.10288,0.013935,0.087623,0.090999,0.223422,,1569600,,
1,9,,0.09527,0.174438,0.072111,0.096236,0.04751,0.084201,0.028721,0.150697,0.058875,0.191942,,1576900,,
1,1,,0.039101,0.211001,0.130304,0.145507,0.012926,0.077675,0.01271,0.140127,0.072797,0.157852,,1574100,,
1,9,,0.048181,0.175236,0.110182,0.141083,0.011046,0.099298,0.017422,0.132369,0.082411,0.182772,,1569600,,
1,1,,0.005058,0.298892,0.22703,0.088815,0.010748,0.062364,0.009276,0.132391,0.082873,0.082552,,1573900,,
1,1,,0.047593,0.252219,0.112957,0.111834,0.016713,0.074482,0.011175,0.141306,0.077861,0.153859,,1570700,,
1,1,,0.047446,0.211171,0.132056,0.111977,0.016567,0.074356,0.011203,0.167697,0.078622,0.148905,,1583800,,
1,2,,0.036605,0.233057,0.297214,0.029845,0.043309,0.046436,0.065184,0.124797,0.057873,0.06568,,1588300,,
1,1,,0.039273,0.245407,0.22903,0.045405,0.039514,0.047173,0.058684,0.108776,0.088184,0.098555,,1584500,,
1,1,,0.015711,0.247714,0.206916,0.09685,0.016999,0.071706,0.060072,0.117115,0.07035,0.096567,,1576400,,
1,1,,0.071082,0.240435,0.101658,0.094673,0.041404,0.070956,0.008959,0.135227,0.081597,0.15401,,1599200,,
1,1,,0.047593,0.255617,0.102926,0.106833,0.027776,0.07372,0.008421,0.138336,0.08152,0.157257,,1570100,,
1,1,,0.059629,0.210632,0.120518,0.106477,0.040337,0.065909,0.008923,0.158599,0.072907,0.156069,,1571100,,
1,1,,0.066689,0.235461,0.093454,0.10128,0.018204,0.088058,0.014977,0.135713,0.092568,0.153596,,1577000,,
1,2,,0.039737,0.189517,0.233255,0.044285,0.036942,0.079281,0.061103,0.132183,0.09187,0.091828,,1570500,,
1,9,,0.041092,0.199504,0.098242,0.130935,0.013038,0.10317,0.017383,0.078367,0.082491,0.235778,,1575700,,
1,1,,0.040001,0.245959,0.198893,0.037763,0.04327,0.081694,0.059919,0.098915,0.090888,0.102697,,1584300,,
1,9,,0.058734,0.160643,0.143931,0.133366,0.010803,0.118098,0.017152,0.130384,0.057315,0.169577,,1587800,,
1,2,,0.039273,0.225407,0.22903,0.045405,0.039514,0.047173,0.058684,0.108776,0.088184,0.118555,,1569900,,
1,1,,0.069229,0.195542,0.112964,0.114985,0.034592,0.07315,0.014268,0.14718,0.086472,0.151617,,1588300,,
1,2,,0.039176,0.223417,0.24514,0.051966,0.032218,0.065353,0.055283,0.110146,0.088584,0.088715,,1612500,,
1,1,,0.060511,0.247814,0.065592,0.119845,0.021913,0.09673,0.019385,0.088084,0.090169,0.189956,,1577900,,
1,1,,0.039606,0.233973,0.124591,0.149769,0.017759,0.06988,0.012278,0.121865,0.073543,0.156735,,1575700,,
1,1,,0.055844,0.22959,0.106172,0.105587,0.017192,0.087446,0.014977,0.138895,0.08829,0.156008,,1572500,,
1,1,,0.04054,0.217498,0.093038,0.135422,0.013111,0.099323,0.013684,0.088857,0.081116,0.217412,,1569400,,
1,9,,0.039745,0.181276,0.130983,0.133308,0.01264,0.099762,0.01656,0.092024,0.075356,0.218346,,1633500,,
1,2,,0.037749,0.164429,0.17944,0.036743,0.054407,0.080795,0.129024,0.100219,0.097844,0.119349,,1634800,,
1,2,,0.032995,0.202033,0.263534,0.035844,0.045448,0.060004,0.060735,0.088976,0.107215,0.103217,,1601600,,
1,2,,0.00404,0.228403,0.286993,0.101281,0.010778,0.044828,0.00959,0.188621,0.032156,0.093311,,1599800,,
1,9,,0.096156,0.177642,0.072155,0.068699,0.054213,0.08601,0.03485,0.133741,0.062052,0.214481,,1618200,,
1,2,,0.031696,0.232975,0.238142,0.043935,0.037955,0.044239,0.060271,0.157567,0.063724,0.089496,,1599000,,
1,2,,0.040701,0.215165,0.238998,0.037627,0.046153,0.062075,0.060628,0.101084,0.11071,0.086858,,1595000,,
1,2,,0.039747,0.254563,0.278947,0.045848,0.030809,0.043233,0.056499,0.13543,0.05066,0.064265,,1587300,,
1,1,,0.084258,0.223038,0.08096,0.080292,0.0472,0.076206,0.023647,0.16052,0.093582,0.130297,,1582700,,
1,2,,0.038734,0.203111,0.24241,0.054543,0.037746,0.065003,0.059392,0.139916,0.069361,0.089784,,1579200,,
1,9,,0.095521,0.179772,0.080529,0.089877,0.047659,0.080791,0.02873,0.156967,0.058187,0.181969,,1593300,,
1,1,,0.012005,0.24917,0.247024,0.09688,0.010001,0.046913,0.010018,0.204276,0.037918,0.085796,,1609200,,
1,1,,0.055593,0.221761,0.104292,0.10773,0.016989,0.091278,0.014977,0.137419,0.088188,0.161771,,1757200,,
1,9,,0.067572,0.163743,0.135183,0.113104,0.022416,0.099383,0.035165,0.072462,0.068206,0.222766,,2138800,,
1,1,,0.055933,0.200803,0.093986,0.105498,0.017192,0.087446,0.014977,0.17675,0.088512,0.158903,,1606200,,
1,1,,0.066689,0.208028,0.089741,0.106993,0.019546,0.089171,0.016426,0.152986,0.092325,0.158095,,1598800,,
1,1,,0.06683,0.21019,0.122958,0.127012,0.027611,0.067895,0.008556,0.15918,0.059284,0.150483,,1583500,,
1,1,,0.066708,0.213072,0.095328,0.094415,0.025833,0.085032,0.020427,0.156355,0.092022,0.150807,,1599100,,
1,2,,0.03601,0.133119,0.210048,0.098787,0.01596,0.105543,0.060727,0.114447,0.081379,0.143981,,1611900,,
1,1,,0.047076,0.221955,0.127552,0.140883,0.013102,0.081511,0.013138,0.118931,0.078335,0.157517,,1630800,,
1,9,,0.065143,0.153458,0.136915,0.128242,0.014724,0.101505,0.041285,0.072186,0.067311,0.219231,,1688100,,
1,1,,0.048112,0.196342,0.129663,0.149006,0.012905,0.105379,0.016903,0.085265,0.084546,0.17188,,1598500,,
1,1,,0.046896,0.240472,0.121255,0.11442,0.027721,0.069286,0.008385,0.140671,0.076885,0.154008,,2159300,,
1,1,,0.059629,0.230632,0.120518,0.106477,0.040337,0.065909,0.008923,0.138599,0.072907,0.156069,,1686200,,
1,1,,0.083017,0.208764,0.098505,0.073561,0.054562,0.06825,0.022211,0.150013,0.079261,0.161855,,1590600,,
1,2,,0.028018,0.237652,0.26369,0.079942,0.008632,0.072915,0.011979,0.187902,0.048867,0.060403,,1586900,,
1,2,,0.005326,0.245668,0.2711,0.09585,0.010407,0.045745,0.010645,0.170308,0.039227,0.105724,,1605100,,
1,2,,0.029554,0.197806,0.276903,0.0689,0.026941,0.095611,0.048694,0.14114,0.0517,0.06275,,1590700,,
1,2,,0.011341,0.223707,0.256703,0.112668,0.010074,0.067385,0.00931,0.159894,0.05762,0.091297,,1619400,,
1,1,,0.14078,0.174621,0.059669,0.050245,0.097646,0.072537,0.037655,0.11773,0.093902,0.155215,,1668200,,
1,2,,0.015275,0.24926,0.261244,0.074783,0.01538,0.063688,0.024277,0.109975,0.089826,0.096292,,1598800,,
1,1,,0.038619,0.19502,0.155401,0.114914,0.020935,0.081791,0.023915,0.124605,0.074176,0.170623,,1648900,,
1,1,,0.047581,0.224927,0.121839,0.145145,0.017936,0.073716,0.012706,0.120668,0.079081,0.1564,,1586100,,
1,2,,0.038665,0.19954,0.222484,0.109763,0.010083,0.098277,0.015985,0.131269,0.058839,0.115096,,1577300,,
1,9,,0.095015,0.174692,0.082225,0.089988,0.052674,0.076725,0.033365,0.157514,0.053544,0.184258,,1571000,,
1,1,,0.012206,0.256597,0.25473,0.096821,0.0098,0.062762,0.00975,0.16819,0.060556,0.068587,,1603700,,
1,2,,0.042709,0.200617,0.277345,0.047917,0.032986,0.064791,0.059126,0.139574,0.052078,0.082856,,1591500,,
1,1,,0.048112,0.23774,0.116739,0.110736,0.013495,0.082039,0.013182,0.140314,0.081992,0.155652,,1587900,,
1,1,,0.039043,0.206762,0.111295,0.160765,0.014238,0.080992,0.014185,0.127378,0.072172,0.173171,,1575900,,
1,9,,0.062897,0.158185,0.122637,0.122009,0.018491,0.099467,0.03219,0.079534,0.085739,0.21885,,1591800,,
1,1,,0.079185,0.234303,0.093333,0.086928,0.045293,0.072331,0.010789,0.139626,0.088123,0.150088,,1590200,,
1,2,,0.059185,0.218789,0.231352,0.03393,0.037218,0.072724,0.064488,0.139284,0.062546,0.080483,,1614700,,
1,2,,0.039444,0.250374,0.259799,0.044577,0.037215,0.043904,0.060663,0.103887,0.068934,0.091204,,1573800,,
1,2,,0.038988,0.174624,0.175605,0.027862,0.057733,0.078094,0.132633,0.095987,0.099843,0.11863,,1613100,,
1,1,,0.038311,0.224953,0.159374,0.120406,0.015945,0.06621,0.009916,0.158866,0.071195,0.134824,,1593900,,
1,1,,0.006821,0.246248,0.150531,0.165266,0.032322,0.053552,0.009022,0.109077,0.032092,0.195071,,1585600,,
1,1,,0.036671,0.20823,0.201904,0.123338,0.011504,0.087386,0.009316,0.102945,0.078285,0.140421,,1579600,,
1,2,,0.012046,0.24061,0.260733,0.087671,0.011768,0.068179,0.00931,0.177787,0.037221,0.094676,,1572600,,
1,1,,0.047504,0.233573,0.121431,0.117636,0.018055,0.075595,0.012624,0.140724,0.077395,0.155463,,1591200,,
1,1,,0.132684,0.177937,0.064864,0.053078,0.095435,0.071525,0.040966,0.11733,0.090076,0.156104,,1580300,,
1,1,,0.069376,0.21659,0.093865,0.094842,0.034738,0.073275,0.014241,0.160789,0.085712,0.156572,,1600100,,
1,9,,0.060712,0.132707,0.098306,0.085583,0.048734,0.105811,0.066493,0.047556,0.108624,0.245474,,1575500,,
1,3,,0.03414,0.18788,0.069055,0.290226,0.014242,0.092155,0.022784,0.057196,0.045812,0.186511,,1580200,,
1,9,,0.040102,0.162676,0.122342,0.070119,0.060077,0.071202,0.067694,0.109363,0.037782,0.258643,,1591500,,
1,1,,0.058586,0.261593,0.101779,0.109024,0.014315,0.086683,0.013147,0.111314,0.086042,0.157518,,1577700,,
1,1,,0.004041,0.257154,0.164809,0.161558,0.022229,0.049606,0.008664,0.147286,0.047855,0.136799,,1572000,,
1,2,,0.047613,0.196905,0.293967,0.036639,0.038857,0.052773,0.066705,0.126194,0.077398,0.06295,,1589900,,
1,9,,0.057839,0.189414,0.055925,0.123183,0.017161,0.100518,0.015765,0.152878,0.093185,0.19413,,1627100,,
1,1,,0.002755,0.277589,0.210876,0.118756,0.014548,0.04571,0.006198,0.194503,0.032498,0.096567,,1584700,,
1,1,,0.060492,0.230204,0.063719,0.12671,0.014284,0.099755,0.013935,0.107442,0.090715,0.192744,,1575200,,
1,1,,0.058809,0.250598,0.120872,0.092861,0.017418,0.076619,0.010335,0.14091,0.088383,0.143194,,1600100,,
1,9,,0.016732,0.214999,0.06304,0.213519,0.016808,0.08983,0.019328,0.079986,0.065486,0.220272,,1590400,,
1,1,,0.071082,0.240435,0.101658,0.094673,0.041404,0.070956,0.008959,0.135227,0.081597,0.15401,,1586300,,
1,2,,0.03963,0.173804,0.246037,0.052496,0.034098,0.080363,0.055161,0.130098,0.091932,0.096382,,1572800,,
1,1,,0.047504,0.264404,0.115112,0.106922,0.027776,0.07372,0.008421,0.120481,0.081297,0.154362,,1574800,,
1,1,,0.061068,0.220302,0.097312,0.110159,0.026138,0.076909,0.013774,0.151795,0.078939,0.163604,,1577400,,
1,1,,0.10675,0.187867,0.074079,0.081391,0.055275,0.078853,0.034885,0.139378,0.061997,0.179525,,1586400,,
1,1,,0.047579,0.239105,0.100431,0.115386,0.0131,0.089903,0.013147,0.130875,0.081885,0.168589,,1577400,,
1,1,,0.039878,0.237172,0.236734,0.036926,0.041244,0.043491,0.061458,0.14138,0.068899,0.092817,,1576200,,
1,9,,0.093227,0.12003,0.099006,0.047244,0.137045,0.081955,0.059346,0.094592,0.053632,0.213923,,1585900,,
1,1,,0.048163,0.209043,0.105701,0.147725,0.012905,0.101201,0.016903,0.087783,0.081316,0.18926,,1593100,,
1,1,,0.048201,0.268953,0.104552,0.110647,0.013495,0.082039,0.013182,0.118168,0.082215,0.158547,,1586100,,
1,1,,0.064173,0.247483,0.095602,0.094853,0.025518,0.0787,0.009998,0.142578,0.094457,0.146638,,1578500,,
1,9,,0.047873,0.165928,0.131164,0.116469,0.022434,0.101089,0.035165,0.063393,0.088021,0.228464,,1576600,,
1,1,,0.036449,0.241833,0.138957,0.131625,0.020213,0.070071,0.007677,0.131294,0.073984,0.147898,,1587700,,
1,1,,0.103624,0.186207,0.068491,0.087846,0.05289,0.083279,0.032009,0.138639,0.06447,0.182546,,1586700,,
1,2,,0.033311,0.238562,0.261073,0.078781,0.011536,0.066382,0.009732,0.127611,0.068614,0.104397,,1583200,,
1,1,,0.047447,0.214569,0.122025,0.126976,0.02763,0.073595,0.008449,0.144727,0.08228,0.152302,,1572900,,
1,9,,0.065035,0.148921,0.121793,0.128187,0.014706,0.107014,0.041358,0.064647,0.089126,0.219213,,1576400,,
1,1,,0.012907,0.247257,0.139528,0.148667,0.021444,0.070753,0.00927,0.126242,0.077846,0.146086,,1597100,,
1,2,,0.054198,0.209597,0.261172,0.021373,0.061346,0.055779,0.091767,0.097865,0.0678,0.079103,,1580900,,
1,3,,0.0399,0.143008,0.069955,0.32614,0.015406,0.081887,0.032497,0.063391,0.048568,0.179247,,1579600,,
1,1,,0.088802,0.223774,0.103191,0.094655,0.034245,0.073948,0.008706,0.156107,0.063953,0.152621,,1578800,,
1,9,,0.069912,0.144166,0.119154,0.125957,0.011982,0.122887,0.01806,0.081596,0.082799,0.223487,,1591000,,
1,1,,0.047797,0.274874,0.119286,0.104859,0.01681,0.071482,0.010334,0.12568,0.078293,0.150585,,1588900,,
1,1,,0.039905,0.203298,0.126668,0.142341,0.010852,0.120041,0.016994,0.082122,0.079344,0.178435,,1588700,,
1,1,,0.070474,0.216503,0.107801,0.102171,0.041349,0.066521,0.008923,0.155417,0.077185,0.153657,,1579300,,
1,1,,0.14078,0.174621,0.059669,0.050245,0.097646,0.072537,0.037655,0.11773,0.093902,0.155215,,1654000,,
1,1,,0.038592,0.209474,0.176271,0.060944,0.042807,0.090781,0.065066,0.185996,0.053076,0.076992,,1719600,,
1,1,,0.038921,0.249518,0.124007,0.119044,0.027545,0.06545,0.007957,0.141867,0.071347,0.154344,,1593600,,
1,1,,0.059868,0.210145,0.176967,0.081329,0.038477,0.066688,0.055681,0.080294,0.086691,0.143861,,1581800,,
1,1,,0.038864,0.219683,0.13092,0.139098,0.027399,0.065324,0.007984,0.146113,0.072331,0.152284,,1581500,,
1,9,,0.080591,0.136245,0.100879,0.099835,0.036036,0.108466,0.056372,0.046556,0.089401,0.245619,,1595600,,
1,9,,0.049736,0.195546,0.06425,0.130928,0.013272,0.099143,0.013935,0.148479,0.086659,0.198052,,1577700,,
1,2,,0.031505,0.193006,0.196711,0.044927,0.043548,0.06743,0.084675,0.151488,0.087707,0.099003,,1585500,,
1,1,,0.032922,0.188135,0.181188,0.120097,0.01823,0.076628,0.034083,0.144257,0.07424,0.130221,,1584300,,
1,1,,0.040188,0.198089,0.108453,0.152349,0.012729,0.097365,0.016474,0.108979,0.075778,0.189596,,1597400,,
1,9,,0.108183,0.163041,0.041937,0.103344,0.04864,0.094475,0.029518,0.132059,0.066915,0.211888,,1602400,,
1,1,,0.061068,0.240302,0.097312,0.110159,0.026138,0.076909,0.013774,0.131795,0.078939,0.163604,,1575700,,
