pendigits,CWE,test,0,NANOSECONDS,PREDICTIONS, Generated by ClassifierExperiments.java on 2022-05-17 03:00:35.    SYSTEMPROPERTIES:{user.name:matth,os.arch:amd64,os.name:Windows 10},ENDSYSTEMPROPERTIES
No parameter info
0.7619263970922308,1218257000,3438703300,-1,81935032,10,,-1,-1
0,0,,0.317913,0.105915,0.013027,0.020601,0.106402,0.118225,0.069628,0.051476,0.127423,0.06939,,2352900,,
0,0,,0.305767,0.04477,0.018237,0.009811,0.176723,0.081165,0.094636,0.084406,0.123184,0.061302,,2183500,,
0,0,,0.298372,0.018645,0.028238,0.009012,0.175334,0.086993,0.114335,0.082697,0.154608,0.031765,,1859800,,
0,0,,0.31701,0.06722,0.015344,0.011042,0.146704,0.122821,0.059552,0.074183,0.119161,0.066965,,2102800,,
0,0,,0.323373,0.067256,0.015344,0.011006,0.134181,0.124859,0.058605,0.054384,0.145208,0.065783,,2169600,,
0,0,,0.322026,0.0965,0.012306,0.014009,0.126041,0.122472,0.043326,0.050443,0.114359,0.098519,,1787900,,
0,0,,0.325566,0.062088,0.01529,0.010524,0.169571,0.121331,0.060134,0.053247,0.120615,0.061633,,1523700,,
0,0,,0.290786,0.0192,0.030839,0.009097,0.168979,0.086975,0.113101,0.095051,0.153861,0.032112,,1540100,,
0,0,,0.312658,0.055621,0.01529,0.010524,0.152746,0.097714,0.063048,0.092848,0.120111,0.07944,,1549800,,
0,0,,0.32343,0.050526,0.015206,0.01003,0.174659,0.094873,0.065989,0.091926,0.116749,0.056613,,1533900,,
0,0,,0.301396,0.057595,0.018921,0.009811,0.167505,0.095063,0.085905,0.091887,0.126831,0.045086,,1542200,,
0,0,,0.284933,0.101351,0.013592,0.011079,0.134519,0.12235,0.050985,0.049115,0.158368,0.073707,,1553400,,
0,0,,0.259201,0.023357,0.028395,0.002562,0.182351,0.111046,0.117004,0.083238,0.156864,0.035982,,1537100,,
0,0,,0.335345,0.031202,0.013014,0.003976,0.168046,0.094247,0.060917,0.083224,0.119704,0.090325,,1533600,,
0,0,,0.304833,0.023321,0.028175,0.002562,0.186173,0.077928,0.107908,0.081136,0.132057,0.055908,,1545700,,
0,0,,0.314714,0.062124,0.015362,0.010488,0.151254,0.1249,0.05926,0.073558,0.127888,0.060452,,1534500,,
0,0,,0.304833,0.023321,0.028175,0.002562,0.186173,0.077928,0.107908,0.081136,0.132057,0.055908,,1531300,,
0,0,,0.281716,0.023312,0.023212,0.009232,0.145038,0.0765,0.164386,0.075091,0.169724,0.031789,,1541800,,
0,0,,0.297247,0.023875,0.030776,0.002647,0.179817,0.07791,0.106674,0.093491,0.15131,0.036254,,1529300,,
0,0,,0.31651,0.050267,0.020749,0.010159,0.142688,0.080702,0.106866,0.084963,0.132114,0.054983,,1531900,,
0,0,,0.249263,0.017203,0.039173,0.018204,0.150454,0.095747,0.14105,0.102792,0.157,0.029114,,1529600,,
0,0,,0.342148,0.081351,0.01352,0.011079,0.120314,0.12082,0.050912,0.069006,0.117143,0.073707,,1552700,,
0,0,,0.332856,0.022144,0.02016,0.002562,0.168982,0.077964,0.1109,0.08007,0.128453,0.055908,,1532200,,
0,0,,0.266717,0.109569,0.011807,0.035544,0.090605,0.117622,0.044066,0.081912,0.170388,0.071769,,1533100,,
0,0,,0.293967,0.017951,0.022707,0.002129,0.160232,0.07653,0.11027,0.07149,0.193801,0.050923,,1544900,,
0,0,,0.259095,0.025805,0.055255,0.009047,0.140931,0.09755,0.111511,0.102801,0.152633,0.045371,,1481100,,
0,0,,0.286249,0.125208,0.014634,0.042467,0.08288,0.125172,0.037425,0.071771,0.128503,0.08569,,1481400,,
0,0,,0.335785,0.101315,0.01352,0.011115,0.132836,0.118781,0.051859,0.048805,0.111095,0.074889,,1473800,,
0,0,,0.317913,0.105915,0.013027,0.020601,0.106402,0.118225,0.069628,0.051476,0.127423,0.06939,,1481100,,
0,0,,0.249971,0.019298,0.047353,0.011208,0.150626,0.094176,0.134126,0.107874,0.158574,0.026795,,1482500,,
0,0,,0.327727,0.054693,0.014075,0.010593,0.152473,0.124412,0.054242,0.079188,0.115145,0.067452,,1484800,,
0,0,,0.304833,0.023321,0.028175,0.002562,0.186173,0.077928,0.107908,0.081136,0.152057,0.035908,,1489800,,
0,0,,0.342615,0.067055,0.01413,0.011079,0.120242,0.126512,0.05102,0.074567,0.122424,0.070356,,1539000,,
0,0,,0.297832,0.032637,0.020822,0.010123,0.193193,0.124234,0.102962,0.044903,0.134874,0.03842,,1485100,,
0,0,,0.204606,0.147539,0.030527,0.046274,0.063606,0.186058,0.024669,0.086713,0.115422,0.094586,,1494900,,
0,0,,0.257767,0.019751,0.033223,0.01172,0.152989,0.097695,0.124565,0.097874,0.172323,0.032093,,1492000,,
0,0,,0.274969,0.019565,0.03106,0.01172,0.158502,0.087213,0.133983,0.096946,0.153839,0.032204,,1484300,,
0,0,,0.304833,0.023321,0.028175,0.002562,0.166173,0.077928,0.107908,0.081136,0.152057,0.055908,,1482900,,
0,0,,0.228318,0.017326,0.063406,0.017831,0.094013,0.107571,0.134268,0.105401,0.17332,0.058547,,1490500,,
0,0,,0.306101,0.022144,0.020233,0.002562,0.200342,0.079458,0.107944,0.080143,0.125166,0.055908,,1491700,,
0,0,,0.321801,0.021742,0.017732,0.002708,0.19826,0.081232,0.0927,0.080398,0.118372,0.065054,,1503700,,
0,0,,0.247886,0.028982,0.064426,0.016682,0.11467,0.101644,0.121485,0.110693,0.149566,0.043966,,1486600,,
0,0,,0.290786,0.0192,0.030839,0.009097,0.168979,0.086975,0.113101,0.095051,0.153861,0.032112,,1517700,,
0,0,,0.313249,0.060789,0.015417,0.011006,0.131561,0.122772,0.061592,0.074094,0.125929,0.08359,,1481200,,
0,0,,0.345566,0.062088,0.01529,0.010524,0.149571,0.121331,0.060134,0.053247,0.120615,0.061633,,1506200,,
0,0,,0.342148,0.081351,0.01352,0.011079,0.120314,0.12082,0.050912,0.069006,0.117143,0.073707,,1502000,,
0,0,,0.327169,0.052198,0.018321,0.010305,0.163633,0.10397,0.088665,0.044958,0.122033,0.068748,,1493100,,
0,0,,0.272739,0.018682,0.028459,0.009012,0.171513,0.100111,0.123431,0.064798,0.179415,0.031839,,1500500,,
0,0,,0.315328,0.027239,0.020317,0.003056,0.19843,0.082299,0.105003,0.081065,0.128528,0.038735,,1498300,,
0,0,,0.287806,0.046804,0.01996,0.009829,0.190662,0.08585,0.088908,0.105878,0.123168,0.041135,,1488700,,
0,0,,0.280408,0.019566,0.030731,0.009152,0.132516,0.078055,0.153687,0.093022,0.158197,0.044668,,1474500,,
0,0,,0.317904,0.026271,0.014247,0.003385,0.216213,0.092599,0.066128,0.062179,0.120655,0.08042,,1476200,,
0,0,,0.312546,0.028014,0.025831,0.003202,0.176383,0.084074,0.089795,0.082424,0.129851,0.067882,,1484700,,
0,0,,0.31353,0.018573,0.02812,0.002045,0.163778,0.076512,0.108512,0.080202,0.158151,0.050576,,1525400,,
0,0,,0.307353,0.069821,0.019005,0.010269,0.130402,0.111566,0.084985,0.072684,0.131166,0.06275,,1499400,,
0,0,,0.280896,0.112383,0.01401,0.035409,0.090702,0.126051,0.069281,0.072555,0.135881,0.062833,,1492600,,
0,0,,0.309123,0.032753,0.020922,0.01039,0.140121,0.083988,0.090461,0.097349,0.145799,0.069095,,1484300,,
0,0,,0.304833,0.023321,0.028175,0.002562,0.186173,0.077928,0.107908,0.081136,0.152057,0.035908,,1484000,,
0,0,,0.30337,0.018207,0.028229,0.00199,0.188241,0.085432,0.107926,0.062231,0.173815,0.030558,,1483200,,
0,0,,0.285944,0.019128,0.030721,0.002129,0.157423,0.076494,0.147278,0.072556,0.177404,0.030923,,1495600,,
0,0,,0.291814,0.039977,0.021403,0.009093,0.174783,0.110886,0.104063,0.07229,0.149083,0.026607,,1491900,,
0,0,,0.32282,0.081351,0.013594,0.011079,0.120388,0.138144,0.050949,0.070307,0.117661,0.073707,,1498400,,
0,0,,0.327062,0.072984,0.01238,0.011152,0.126115,0.139796,0.043363,0.075156,0.114877,0.077114,,1479500,,
0,0,,0.28386,0.028379,0.028259,0.003056,0.173415,0.080769,0.107157,0.082058,0.154312,0.058735,,1493500,,
0,0,,0.275784,0.018762,0.03083,0.002074,0.181885,0.085414,0.126692,0.074586,0.173068,0.030905,,1532200,,
0,0,,0.230041,0.036353,0.095447,0.023936,0.094072,0.090978,0.120447,0.104509,0.144736,0.059482,,1492800,,
0,0,,0.294044,0.031632,0.014752,0.010488,0.223498,0.132495,0.065035,0.045816,0.120953,0.061286,,1496600,,
0,0,,0.296714,0.106459,0.011813,0.021064,0.112128,0.122604,0.043804,0.051658,0.144367,0.089389,,1569600,,
0,0,,0.304933,0.101351,0.013592,0.011079,0.134519,0.12235,0.050985,0.069115,0.118368,0.073707,,1547000,,
0,0,,0.230571,0.019298,0.067353,0.011208,0.138626,0.086436,0.134802,0.105843,0.166495,0.039368,,1544800,,
0,0,,0.302397,0.023265,0.028313,0.002484,0.175483,0.088273,0.107175,0.063153,0.17607,0.033386,,1548200,,
0,0,,0.313249,0.060789,0.015417,0.011006,0.131561,0.122772,0.061592,0.074094,0.125929,0.08359,,1540600,,
0,0,,0.306101,0.022144,0.020233,0.002562,0.200342,0.079458,0.107944,0.080143,0.145166,0.035908,,1540100,,
0,0,,0.28949,0.044087,0.015279,0.01003,0.20302,0.091643,0.066117,0.092108,0.113404,0.074823,,1537700,,
0,0,,0.299639,0.017469,0.020296,0.009012,0.189504,0.088523,0.114371,0.061703,0.167717,0.031765,,1679900,,
0,0,,0.251189,0.019484,0.049516,0.011208,0.133186,0.091652,0.124707,0.0867,0.173101,0.059258,,1545400,,
0,0,,0.277274,0.131313,0.02662,0.035127,0.083837,0.128404,0.036475,0.078387,0.10684,0.095723,,1555900,,
0,0,,0.310003,0.05153,0.021349,0.009665,0.158558,0.088142,0.10399,0.071123,0.151894,0.033746,,1546700,,
0,0,,0.226785,0.054932,0.024954,0.009768,0.106426,0.092997,0.170795,0.118637,0.160143,0.034564,,1536800,,
0,0,,0.29353,0.018573,0.02812,0.002045,0.163778,0.076512,0.148512,0.080202,0.158151,0.030576,,1540200,,
0,0,,0.308869,0.050222,0.021433,0.010123,0.13828,0.108261,0.100156,0.072319,0.156734,0.033603,,1539800,,
0,0,,0.334116,0.055457,0.014046,0.010621,0.157852,0.118015,0.057822,0.073044,0.11251,0.066517,,1548600,,
0,0,,0.284833,0.023321,0.028175,0.002562,0.186173,0.077928,0.107908,0.081136,0.152057,0.055908,,1538100,,
0,0,,0.272739,0.018682,0.028459,0.009012,0.171513,0.100111,0.123431,0.064798,0.179415,0.031839,,1551600,,
0,0,,0.284833,0.023321,0.028175,0.002562,0.186173,0.077928,0.107908,0.081136,0.172057,0.035908,,1544300,,
0,0,,0.336317,0.032235,0.018394,0.010269,0.145315,0.107538,0.087791,0.065268,0.129305,0.067567,,1567100,,
0,0,,0.322098,0.101895,0.012306,0.011542,0.126405,0.125309,0.043326,0.049189,0.114225,0.093706,,1532300,,
0,0,,0.278158,0.08722,0.015344,0.011042,0.147069,0.122931,0.077791,0.054183,0.139298,0.066965,,1540700,,
0,0,,0.304933,0.081351,0.013592,0.011079,0.134519,0.12235,0.050985,0.069115,0.138368,0.073707,,1538500,,
0,0,,0.323316,0.022144,0.02016,0.002562,0.186137,0.077928,0.107871,0.080033,0.12394,0.055908,,1532800,,
0,0,,0.299259,0.046348,0.02868,0.009665,0.161791,0.097824,0.106815,0.085107,0.132355,0.032155,,1539300,,
0,0,,0.215358,0.135053,0.029523,0.034326,0.072489,0.188027,0.031066,0.086728,0.120662,0.086767,,1538000,,
0,0,,0.290358,0.129733,0.012186,0.040525,0.088126,0.122885,0.041159,0.069469,0.130303,0.075258,,1542300,,
0,0,,0.307782,0.082125,0.01526,0.010548,0.148616,0.119979,0.062494,0.053261,0.115798,0.084137,,1541500,,
0,0,,0.273877,0.018682,0.028459,0.009012,0.171513,0.09237,0.124107,0.082768,0.167336,0.031875,,1523200,,
0,0,,0.300987,0.019237,0.030839,0.009097,0.159824,0.086975,0.110911,0.095051,0.154968,0.032112,,1497800,,
0,0,,0.297039,0.058015,0.021487,0.009551,0.123016,0.144143,0.097206,0.07374,0.143567,0.032236,,1485600,,
0,0,,0.278372,0.018645,0.028238,0.009012,0.175334,0.086993,0.114335,0.082697,0.174608,0.031765,,1479100,,
0,0,,0.306101,0.022144,0.020233,0.002562,0.200342,0.099458,0.107944,0.080143,0.125166,0.035908,,1476100,,
0,0,,0.314714,0.062124,0.015362,0.010488,0.131254,0.1249,0.05926,0.073558,0.127888,0.080452,,1484700,,
0,0,,0.299123,0.056993,0.015279,0.01003,0.185689,0.12002,0.063148,0.072435,0.118479,0.058806,,1487200,,
0,0,,0.298372,0.018645,0.028238,0.009012,0.175334,0.086993,0.114335,0.062697,0.174608,0.031765,,1478900,,
0,0,,0.307746,0.049784,0.018932,0.010305,0.151564,0.088034,0.088889,0.09241,0.128406,0.063931,,1484600,,
0,0,,0.298158,0.06722,0.015344,0.011042,0.147069,0.102931,0.077791,0.094183,0.119298,0.066965,,1492800,,
0,0,,0.330465,0.060789,0.015344,0.011006,0.137356,0.121242,0.061519,0.053985,0.124703,0.08359,,1484300,,
0,0,,0.312289,0.046201,0.016245,0.010048,0.157485,0.089313,0.069108,0.106353,0.118103,0.074854,,1513000,,
0,0,,0.266291,0.019237,0.03106,0.009097,0.165157,0.092352,0.122873,0.075123,0.186589,0.032222,,1481900,,
0,0,,0.292025,0.074884,0.013592,0.011079,0.157694,0.118733,0.053898,0.068716,0.117864,0.091515,,1476400,,
0,0,,0.349026,0.056264,0.015169,0.011097,0.123399,0.097298,0.054023,0.108558,0.118761,0.066405,,1486800,,
0,0,,0.277637,0.133613,0.011103,0.053586,0.080675,0.125406,0.030894,0.066664,0.122719,0.097704,,1480000,,
0,0,,0.30343,0.050526,0.015206,0.01003,0.194659,0.114873,0.065989,0.051926,0.116749,0.076613,,1480200,,
0,0,,0.2339,0.030992,0.074942,0.016833,0.086786,0.091082,0.12154,0.120872,0.164437,0.058616,,1495900,,
0,0,,0.323318,0.022919,0.025747,0.002708,0.198295,0.081232,0.092737,0.081501,0.126489,0.045054,,1492000,,
0,0,,0.185989,0.107233,0.029564,0.032936,0.120475,0.173073,0.063949,0.070847,0.122633,0.093302,,1505500,,
0,0,,0.291762,0.044689,0.018921,0.009811,0.184837,0.086686,0.088874,0.07156,0.141756,0.061104,,1493300,,
0,0,,0.297134,0.130189,0.011666,0.037659,0.091661,0.12168,0.043974,0.061313,0.130799,0.073927,,1494600,,
0,0,,0.307806,0.046804,0.01996,0.009829,0.170662,0.08585,0.088908,0.105878,0.123168,0.041135,,1514100,,
0,0,,0.33424,0.066718,0.01352,0.011079,0.123155,0.117203,0.053826,0.073274,0.116638,0.090348,,1488100,,
0,0,,0.265942,0.122798,0.02772,0.027503,0.08279,0.148651,0.037334,0.080523,0.126864,0.079876,,1509900,,
0,0,,0.313813,0.026837,0.017889,0.003202,0.190553,0.105604,0.089832,0.06143,0.122959,0.067882,,1488400,,
0,0,,0.286101,0.022144,0.020233,0.002562,0.200342,0.099458,0.107944,0.080143,0.145166,0.035908,,1498800,,
0,0,,0.31154,0.026235,0.014247,0.003421,0.208736,0.09056,0.067075,0.061978,0.134607,0.081602,,1490100,,
0,0,,0.264465,0.022144,0.02016,0.002562,0.186503,0.078038,0.12611,0.080033,0.164078,0.055908,,1494100,,
0,0,,0.213214,0.024721,0.065561,0.024952,0.063877,0.103506,0.131079,0.108408,0.184812,0.07987,,1499300,,
0,0,,0.31067,0.03133,0.014303,0.003939,0.200892,0.107843,0.068648,0.084105,0.111338,0.066933,,1483500,,
0,0,,0.279037,0.067019,0.014203,0.011115,0.18697,0.126003,0.05204,0.074475,0.117602,0.071538,,1496200,,
0,0,,0.347148,0.093185,0.01352,0.011079,0.11998,0.12082,0.050912,0.053673,0.117143,0.072541,,1527800,,
0,0,,0.305566,0.062088,0.01529,0.010524,0.169571,0.121331,0.060134,0.053247,0.120615,0.081633,,1483700,,
0,0,,0.310465,0.060789,0.015344,0.011006,0.157356,0.121242,0.061519,0.053985,0.124703,0.08359,,1479000,,
0,0,,0.335785,0.081315,0.01352,0.011115,0.132836,0.118781,0.051859,0.068805,0.111095,0.074889,,1491700,,
0,0,,0.264826,0.13162,0.015089,0.04418,0.076738,0.141005,0.037532,0.080606,0.138448,0.069954,,1485200,,
0,0,,0.264833,0.023321,0.028175,0.002562,0.186173,0.077928,0.107908,0.081136,0.172057,0.055908,,1487300,,
0,0,,0.294061,0.028416,0.028259,0.003056,0.14426,0.080769,0.104967,0.082058,0.175419,0.058735,,1480800,,
0,0,,0.316565,0.033813,0.028764,0.010123,0.159023,0.082704,0.102926,0.085897,0.141765,0.03842,,1500200,,
0,0,,0.321045,0.022316,0.022105,0.002927,0.196478,0.086189,0.06998,0.082049,0.118136,0.078774,,1480900,,
0,0,,0.311341,0.021742,0.017732,0.002708,0.201104,0.081269,0.095729,0.080435,0.122885,0.065054,,1489500,,
0,0,,0.298372,0.018645,0.028238,0.009012,0.175334,0.086993,0.114335,0.082697,0.154608,0.031765,,1487100,,
0,0,,0.311065,0.060041,0.01238,0.011188,0.17597,0.12938,0.047279,0.074629,0.103755,0.074314,,1516800,,
0,0,,0.327024,0.061924,0.014046,0.010621,0.154677,0.121632,0.054908,0.073443,0.113014,0.06871,,1485400,,
0,0,,0.298372,0.018645,0.028238,0.009012,0.175334,0.086993,0.114335,0.062697,0.174608,0.031765,,1489400,,
0,0,,0.277738,0.018244,0.02845,0.00199,0.184419,0.09855,0.117023,0.064333,0.178623,0.030632,,1524900,,
0,0,,0.264465,0.022144,0.02016,0.002562,0.186503,0.078038,0.14611,0.060033,0.184078,0.035908,,1516600,,
0,0,,0.33374,0.05435,0.015344,0.011006,0.151513,0.096482,0.061574,0.074058,0.140133,0.061801,,1501900,,
0,0,,0.289809,0.061924,0.014119,0.010621,0.188882,0.123162,0.054981,0.073552,0.11424,0.06871,,1526200,,
0,0,,0.313813,0.026837,0.017889,0.003202,0.190553,0.085604,0.089832,0.08143,0.122959,0.067882,,1493800,,
0,0,,0.327024,0.081924,0.014046,0.010621,0.154677,0.121632,0.054908,0.053443,0.113014,0.06871,,1529200,,
0,0,,0.19297,0.104602,0.017244,0.032919,0.132713,0.154431,0.054685,0.072294,0.143677,0.094465,,1491400,,
0,0,,0.296242,0.062694,0.015244,0.011133,0.152821,0.1162,0.052093,0.110057,0.113736,0.06978,,1522500,,
0,0,,0.250188,0.140368,0.013541,0.03548,0.081177,0.120249,0.048744,0.068412,0.171436,0.070404,,1497200,,
0,0,,0.328997,0.027505,0.020666,0.009665,0.156267,0.07786,0.109807,0.083707,0.128752,0.056774,,1511900,,
0,0,,0.288054,0.048382,0.03033,0.009683,0.14437,0.081015,0.104043,0.086507,0.155627,0.051988,,1510600,,
0,0,,0.30337,0.018207,0.028229,0.00199,0.188241,0.085432,0.107926,0.062231,0.173815,0.030558,,1505600,,
0,0,,0.290496,0.017797,0.020296,0.011635,0.182778,0.088651,0.126157,0.083598,0.146845,0.031747,,1499600,,
0,0,,0.300987,0.019237,0.030839,0.009097,0.159824,0.086975,0.110911,0.095051,0.154968,0.032112,,1511200,,
0,0,,0.306705,0.044087,0.015206,0.01003,0.188815,0.090112,0.066044,0.091999,0.112178,0.074823,,1496200,,
0,0,,0.277247,0.023875,0.030776,0.002647,0.179817,0.07791,0.126674,0.093491,0.15131,0.036254,,1516900,,
0,0,,0.305703,0.051129,0.018848,0.009811,0.156475,0.089916,0.088746,0.091378,0.125101,0.062893,,1517300,,
0,0,,0.250571,0.019298,0.047353,0.011208,0.138626,0.086436,0.134802,0.085843,0.166495,0.059368,,1530500,,
0,0,,0.315328,0.027239,0.020317,0.003056,0.19843,0.102299,0.105003,0.061065,0.128528,0.038735,,1551600,,
0,0,,0.314061,0.028416,0.028259,0.003056,0.16426,0.080769,0.104967,0.082058,0.135419,0.058735,,1525100,,
0,0,,0.264297,0.027757,0.022845,0.00314,0.169868,0.080788,0.108915,0.073346,0.209961,0.039082,,1529800,,
0,0,,0.342148,0.101351,0.01352,0.011079,0.120314,0.12082,0.050912,0.049006,0.117143,0.073707,,1518500,,
0,0,,0.357392,0.026874,0.017816,0.003166,0.143825,0.106112,0.088812,0.061522,0.127782,0.0667,,1525900,,
0,0,,0.305584,0.101278,0.01352,0.011115,0.161991,0.118781,0.054049,0.048805,0.109988,0.074889,,1528600,,
0,0,,0.304833,0.023321,0.028175,0.002562,0.186173,0.077928,0.107908,0.081136,0.132057,0.055908,,1541700,,
0,0,,0.285614,0.142767,0.014776,0.03929,0.083107,0.122335,0.037425,0.071936,0.128503,0.074246,,1538200,,
0,0,,0.186155,0.07792,0.114847,0.032301,0.048343,0.067115,0.107599,0.129729,0.14329,0.0927,,1543600,,
0,0,,0.229518,0.027857,0.024706,0.024951,0.210002,0.08166,0.094095,0.092557,0.140362,0.074291,,1534400,,
0,0,,0.266291,0.019237,0.03106,0.009097,0.165157,0.092352,0.122873,0.095123,0.166589,0.032222,,1589500,,
0,0,,0.320734,0.1066,0.012447,0.011259,0.138488,0.120434,0.044273,0.055072,0.108177,0.082516,,1553200,,
0,0,,0.313813,0.026837,0.017889,0.003202,0.190553,0.105604,0.089832,0.06143,0.122959,0.067882,,1536700,,
0,0,,0.320734,0.0866,0.012447,0.011259,0.138488,0.120434,0.044273,0.075072,0.108177,0.082516,,1544200,,
0,0,,0.284833,0.023321,0.028175,0.002562,0.186173,0.077928,0.107908,0.081136,0.172057,0.035908,,1535100,,
0,0,,0.305012,0.023857,0.030914,0.002568,0.159973,0.088255,0.103751,0.095508,0.156431,0.033732,,1552300,,
0,0,,0.298372,0.018645,0.028238,0.009012,0.175334,0.086993,0.114335,0.082697,0.154608,0.031765,,1539000,,
0,0,,0.28768,0.031596,0.014752,0.010524,0.236021,0.130456,0.065982,0.045615,0.114906,0.062468,,1538900,,
0,0,,0.286101,0.022144,0.020233,0.002562,0.200342,0.099458,0.107944,0.080143,0.145166,0.035908,,1532200,,
0,0,,0.231109,0.019298,0.067353,0.011208,0.150626,0.086436,0.134802,0.105843,0.166495,0.02683,,1534200,,
0,0,,0.282911,0.057997,0.021349,0.009665,0.155383,0.091759,0.101076,0.071522,0.152399,0.055939,,1574400,,
0,0,,0.285038,0.017951,0.022707,0.002129,0.145753,0.076604,0.16548,0.071453,0.169425,0.043461,,1548800,,
0,0,,0.304833,0.023321,0.028175,0.002562,0.186173,0.077928,0.107908,0.081136,0.132057,0.055908,,1541300,,
0,0,,0.306158,0.087256,0.015417,0.011006,0.128386,0.126389,0.058678,0.074493,0.126433,0.065783,,1538400,,
0,0,,0.264465,0.022144,0.02016,0.002562,0.186503,0.078038,0.14611,0.080033,0.164078,0.035908,,1558200,,
0,0,,0.290623,0.06269,0.019005,0.010305,0.145593,0.117905,0.082964,0.072809,0.130193,0.067914,,1542200,,
0,0,,0.287492,0.057599,0.015086,0.010639,0.155024,0.096145,0.073236,0.107834,0.109993,0.086952,,1564400,,
0,0,,0.300726,0.027103,0.01831,0.009811,0.19975,0.082658,0.09168,0.084145,0.119896,0.065921,,1538700,,
0,0,,0.284587,0.054085,0.016328,0.013395,0.166759,0.097274,0.080156,0.109983,0.114908,0.062526,,1548100,,
0,2,,0.1173,0.122149,0.178187,0.029671,0.057796,0.045924,0.095348,0.123821,0.129127,0.100678,,1542400,,
0,0,,0.277487,0.056993,0.015206,0.01003,0.171849,0.0986,0.081314,0.072325,0.137391,0.078806,,1560000,,
0,0,,0.347025,0.028489,0.028259,0.00302,0.117746,0.084494,0.104057,0.082406,0.167277,0.037227,,1543400,,
0,0,,0.323494,0.044168,0.014595,0.01003,0.194906,0.086121,0.071879,0.084953,0.114831,0.055021,,1547200,,
0,0,,0.330465,0.060789,0.015344,0.011006,0.117356,0.121242,0.061519,0.073985,0.124703,0.08359,,1547300,,
0,0,,0.341007,0.077548,0.011813,0.020674,0.111765,0.119767,0.043804,0.076325,0.124502,0.072796,,1553300,,
0,0,,0.296901,0.055457,0.014119,0.010621,0.192057,0.119545,0.057895,0.073153,0.113735,0.066517,,1531900,,
0,0,,0.298569,0.081315,0.013592,0.011115,0.167041,0.120311,0.051932,0.068914,0.112321,0.074889,,1540300,,
0,0,,0.322783,0.0967,0.01352,0.013936,0.13998,0.12082,0.050912,0.05026,0.117143,0.073946,,1541200,,
0,0,,0.261045,0.022316,0.022105,0.002927,0.216478,0.086189,0.06998,0.082049,0.158136,0.078774,,1534300,,
0,0,,0.208044,0.045537,0.116701,0.017791,0.112924,0.066706,0.145333,0.105522,0.122063,0.059378,,1541000,,
0,0,,0.308573,0.018682,0.028238,0.009012,0.16618,0.086993,0.112145,0.082697,0.155715,0.031765,,1633400,,
0,0,,0.300726,0.027103,0.01831,0.009811,0.21975,0.082658,0.09168,0.064145,0.119896,0.065921,,1543100,,
0,0,,0.286101,0.022144,0.020233,0.002562,0.220342,0.099458,0.107944,0.080143,0.125166,0.035908,,1564200,,
0,0,,0.342615,0.067055,0.01413,0.011079,0.120242,0.126512,0.05102,0.074567,0.122424,0.070356,,1534000,,
0,0,,0.298372,0.018645,0.028238,0.009012,0.175334,0.086993,0.114335,0.082697,0.154608,0.031765,,1555900,,
0,0,,0.274061,0.028416,0.028259,0.003056,0.18426,0.100769,0.104967,0.082058,0.155419,0.038735,,1534800,,
0,0,,0.324082,0.052892,0.025,0.010226,0.086388,0.085914,0.101913,0.118918,0.140686,0.053981,,1592100,,
0,0,,0.287098,0.086636,0.012447,0.011223,0.125965,0.162472,0.043326,0.075274,0.114225,0.081334,,1538500,,
0,0,,0.277247,0.023875,0.030776,0.002647,0.179817,0.07791,0.126674,0.093491,0.15131,0.036254,,1547700,,
0,0,,0.357392,0.046874,0.017816,0.003166,0.143825,0.106112,0.088812,0.041522,0.127782,0.0667,,1550200,,
0,0,,0.306101,0.022144,0.020233,0.002562,0.180342,0.079458,0.107944,0.080143,0.145166,0.055908,,1581200,,
0,0,,0.273813,0.046837,0.017889,0.003202,0.210553,0.125604,0.089832,0.04143,0.142959,0.047882,,1542700,,
0,0,,0.308249,0.0578,0.0163,0.010566,0.148963,0.094493,0.080822,0.107651,0.112778,0.062379,,1545500,,
0,0,,0.311051,0.058815,0.01413,0.011115,0.161586,0.104473,0.054157,0.099032,0.115269,0.070371,,1547400,,
0,0,,0.270567,0.062125,0.015333,0.010548,0.222821,0.121509,0.062566,0.05337,0.117024,0.064137,,1528000,,
0,0,,0.308931,0.062125,0.01526,0.010548,0.148981,0.100089,0.080732,0.093261,0.115936,0.064137,,1572100,,
0,0,,0.304833,0.023321,0.028175,0.002562,0.186173,0.077928,0.107908,0.081136,0.152057,0.035908,,1537000,,
0,0,,0.299794,0.06722,0.015417,0.011042,0.160909,0.124351,0.059625,0.074292,0.120386,0.066965,,1540300,,
0,0,,0.306101,0.022144,0.020233,0.002562,0.200342,0.079458,0.107944,0.080143,0.125166,0.055908,,1526600,,
0,0,,0.288306,0.058366,0.019971,0.010323,0.131735,0.090888,0.101219,0.10709,0.125947,0.066155,,1530600,,
0,0,,0.304933,0.081351,0.013592,0.011079,0.134519,0.12235,0.050985,0.069115,0.138368,0.073707,,1527200,,
0,0,,0.322098,0.101895,0.012306,0.011542,0.126405,0.125309,0.043326,0.049189,0.114225,0.093706,,1578900,,
0,0,,0.265127,0.027202,0.020317,0.003056,0.207585,0.102299,0.107193,0.081065,0.14742,0.038735,,1537600,,
0,0,,0.275784,0.018762,0.03083,0.002074,0.181885,0.085414,0.126692,0.094586,0.153068,0.030905,,1574000,,
0,0,,0.232779,0.051576,0.043957,0.025063,0.067907,0.107653,0.124162,0.101588,0.149364,0.095949,,1543100,,
0,0,,0.241139,0.02662,0.07254,0.023166,0.106694,0.097171,0.128551,0.094438,0.14877,0.060913,,1537700,,
0,0,,0.302856,0.102096,0.01352,0.011469,0.120344,0.123657,0.050912,0.049006,0.137009,0.089133,,1537000,,
0,0,,0.264615,0.019237,0.03106,0.009097,0.153157,0.100093,0.122197,0.077153,0.158668,0.064724,,1532100,,
0,0,,0.277247,0.023875,0.030776,0.002647,0.179817,0.09791,0.106674,0.093491,0.15131,0.036254,,1546700,,
0,0,,0.313813,0.046837,0.017889,0.003202,0.210553,0.105604,0.089832,0.04143,0.122959,0.047882,,1536800,,
0,0,,0.328287,0.058889,0.014204,0.011079,0.119983,0.143835,0.051057,0.080534,0.122942,0.06919,,1534400,,
1,1,,0.077775,0.227451,0.098127,0.130044,0.029728,0.120664,0.017142,0.121097,0.050244,0.127727,,1599500,,
1,1,,0.043394,0.267125,0.124189,0.054386,0.077527,0.071738,0.075075,0.12748,0.054741,0.104346,,1565600,,
1,1,,0.082855,0.261178,0.07716,0.109331,0.067866,0.068184,0.015552,0.120805,0.063824,0.133245,,1596900,,
1,1,,0.032055,0.258212,0.253278,0.092802,0.031848,0.044115,0.031742,0.15064,0.043856,0.061452,,1539300,,
1,1,,0.08542,0.237818,0.043501,0.075131,0.10906,0.1009,0.026683,0.068738,0.0645,0.188249,,1536600,,
1,2,,0.040649,0.244176,0.269211,0.079724,0.032836,0.0441,0.047525,0.142531,0.049282,0.049967,,1526300,,
1,2,,0.051001,0.148553,0.298953,0.076457,0.023103,0.052141,0.048199,0.209395,0.054771,0.037427,,1544200,,
1,2,,0.033425,0.168022,0.348798,0.084728,0.017456,0.041412,0.034694,0.170388,0.036748,0.06433,,1535700,,
1,1,,0.107779,0.221485,0.066039,0.145233,0.052871,0.082477,0.023119,0.087829,0.053053,0.160117,,1541200,,
1,1,,0.08791,0.183602,0.110834,0.165343,0.039104,0.074533,0.024512,0.142664,0.058468,0.11303,,1533700,,
1,1,,0.08322,0.226185,0.050729,0.111108,0.065474,0.086676,0.022556,0.112735,0.082516,0.158799,,1575700,,
1,1,,0.064143,0.21092,0.101254,0.172373,0.0335,0.071497,0.023476,0.142113,0.058105,0.12262,,1574800,,
1,1,,0.027222,0.239445,0.199193,0.124716,0.034819,0.044457,0.021593,0.173598,0.035613,0.099344,,1538100,,
1,7,,0.041663,0.164184,0.165175,0.146113,0.026947,0.074202,0.031083,0.188937,0.041969,0.119727,,1541300,,
1,3,,0.026207,0.13835,0.100503,0.229418,0.022542,0.067123,0.035967,0.161682,0.030119,0.18809,,1537100,,
1,1,,0.047946,0.23398,0.123979,0.142952,0.061958,0.060734,0.01553,0.127576,0.057844,0.127502,,1540500,,
1,2,,0.038813,0.192528,0.307064,0.069098,0.026702,0.039715,0.048961,0.181015,0.044166,0.05194,,1538600,,
1,1,,0.063793,0.267182,0.083742,0.123709,0.053536,0.099426,0.018976,0.06849,0.070829,0.150316,,1544000,,
1,3,,0.026668,0.196687,0.144743,0.204975,0.032261,0.054698,0.025932,0.145074,0.032473,0.136488,,1535300,,
1,2,,0.04404,0.205815,0.212779,0.118402,0.031041,0.070896,0.024074,0.153474,0.042293,0.097185,,1648100,,
1,1,,0.119888,0.245703,0.066808,0.115465,0.049297,0.085743,0.021158,0.095714,0.064931,0.135293,,1556900,,
1,1,,0.071932,0.28002,0.083277,0.123832,0.060978,0.060702,0.01497,0.120345,0.059803,0.124141,,1550200,,
1,1,,0.044303,0.175418,0.169544,0.140463,0.031061,0.077162,0.028629,0.16952,0.034268,0.129632,,1543000,,
1,2,,0.025306,0.176913,0.299684,0.124665,0.017423,0.042778,0.019427,0.200132,0.031219,0.062452,,1543800,,
1,1,,0.039672,0.262435,0.246284,0.080943,0.033377,0.042751,0.045008,0.142655,0.050835,0.05604,,1539400,,
1,2,,0.041172,0.181519,0.331041,0.083705,0.020782,0.043349,0.039922,0.172527,0.042236,0.043746,,1545200,,
1,2,,0.02649,0.216448,0.277178,0.098872,0.027727,0.044788,0.022472,0.164203,0.04092,0.080901,,1547100,,
1,2,,0.038037,0.197431,0.295049,0.065855,0.026156,0.039899,0.048892,0.194175,0.045019,0.049487,,1530600,,
1,1,,0.076309,0.24812,0.122048,0.117164,0.05294,0.064492,0.015246,0.127412,0.065427,0.110842,,1542700,,
1,2,,0.041649,0.186978,0.342863,0.077237,0.019543,0.042948,0.041054,0.165006,0.042849,0.039872,,1539000,,
1,1,,0.051717,0.180772,0.119727,0.079956,0.081864,0.122174,0.072743,0.094415,0.067455,0.129176,,1577300,,
1,1,,0.045802,0.245182,0.151633,0.129574,0.050192,0.058998,0.016338,0.134783,0.045076,0.122422,,1547300,,
1,1,,0.052644,0.226904,0.170127,0.100567,0.063427,0.062296,0.014939,0.143367,0.065361,0.100368,,1535500,,
1,1,,0.05702,0.207268,0.093242,0.152476,0.031506,0.117856,0.017225,0.14356,0.066049,0.113798,,1544300,,
1,1,,0.140134,0.210944,0.067705,0.120455,0.050167,0.08113,0.021247,0.130978,0.063424,0.113815,,1544800,,
1,1,,0.120195,0.236093,0.051732,0.137045,0.050907,0.084362,0.022723,0.084508,0.066593,0.145842,,1539100,,
1,2,,0.059193,0.175781,0.287525,0.061478,0.044225,0.035289,0.071964,0.132059,0.073255,0.059232,,1540200,,
1,3,,0.072879,0.134246,0.075516,0.183639,0.027129,0.083186,0.087504,0.139467,0.090598,0.105836,,1538000,,
1,1,,0.038175,0.229772,0.133654,0.060716,0.079905,0.070853,0.075226,0.148962,0.051821,0.110917,,1542300,,
1,1,,0.100013,0.229908,0.094816,0.097808,0.069877,0.067822,0.019901,0.132445,0.082136,0.105273,,1549500,,
1,1,,0.098815,0.197422,0.0981,0.13521,0.040605,0.076447,0.016698,0.153408,0.063668,0.119627,,1558500,,
1,1,,0.035144,0.2508,0.138705,0.154549,0.05166,0.05512,0.015602,0.132631,0.034237,0.131552,,1559000,,
1,1,,0.042173,0.256358,0.126049,0.046371,0.067221,0.062666,0.132984,0.098415,0.06861,0.099152,,1552600,,
1,1,,0.099339,0.204326,0.10066,0.11176,0.055885,0.07528,0.022404,0.138179,0.081345,0.110822,,1539800,,
1,2,,0.026077,0.201744,0.207978,0.122483,0.039078,0.041406,0.022562,0.15545,0.038412,0.144809,,1546700,,
1,1,,0.033395,0.281362,0.143543,0.139881,0.038933,0.040445,0.028927,0.140709,0.039443,0.113362,,1534600,,
1,1,,0.096352,0.249546,0.030863,0.077304,0.068113,0.116177,0.02537,0.083693,0.098918,0.153665,,1529000,,
1,1,,0.08635,0.236692,0.066322,0.111898,0.065587,0.077542,0.02683,0.115639,0.062932,0.150208,,1547300,,
1,2,,0.044691,0.230094,0.26609,0.072093,0.035361,0.045494,0.050291,0.157864,0.049882,0.048139,,1541200,,
1,1,,0.044962,0.21935,0.115997,0.169307,0.042787,0.066798,0.01775,0.135241,0.057501,0.130308,,1541400,,
1,1,,0.099339,0.204326,0.10066,0.11176,0.055885,0.07528,0.022404,0.138179,0.081345,0.110822,,1799300,,
1,1,,0.043953,0.207491,0.121699,0.173727,0.04068,0.067757,0.025111,0.142061,0.05613,0.121392,,1661300,,
1,2,,0.033951,0.221665,0.311381,0.084344,0.021883,0.041178,0.035714,0.163808,0.038016,0.04806,,1569200,,
1,1,,0.0682,0.2184,0.117222,0.153525,0.041781,0.070912,0.017872,0.124595,0.059131,0.128362,,1555000,,
1,1,,0.044734,0.240786,0.127027,0.143608,0.054896,0.058221,0.015311,0.144477,0.058166,0.112774,,1558300,,
1,1,,0.080049,0.255471,0.089469,0.134958,0.039947,0.083114,0.017838,0.102084,0.050979,0.146092,,1830900,,
1,2,,0.033425,0.185689,0.348798,0.084728,0.017789,0.041412,0.034694,0.170721,0.036748,0.045997,,1549900,,
1,2,,0.033741,0.164463,0.191462,0.146863,0.025668,0.072184,0.034036,0.176003,0.036145,0.119435,,1541000,,
1,2,,0.036432,0.151944,0.330077,0.091401,0.019474,0.046218,0.031961,0.187302,0.040467,0.064725,,1526400,,
1,1,,0.079444,0.231485,0.095469,0.137928,0.048364,0.074526,0.019111,0.118589,0.067375,0.12771,,1539900,,
1,1,,0.047495,0.213564,0.123421,0.164344,0.047438,0.067951,0.025967,0.12457,0.060116,0.125134,,1598400,,
1,1,,0.136889,0.211318,0.080234,0.12272,0.042016,0.079896,0.021247,0.133964,0.061915,0.109801,,1540500,,
1,1,,0.045148,0.212993,0.12758,0.060002,0.0581,0.081815,0.121436,0.121945,0.06565,0.105332,,1527400,,
1,2,,0.027472,0.22874,0.270528,0.10145,0.032408,0.043508,0.025092,0.173495,0.032732,0.064576,,1539400,,
1,1,,0.045081,0.174748,0.109622,0.173627,0.03224,0.076388,0.024618,0.173374,0.039194,0.151108,,1546200,,
1,1,,0.067673,0.183133,0.138746,0.175006,0.03986,0.072874,0.02388,0.14245,0.037801,0.118578,,1551500,,
1,1,,0.087396,0.196181,0.106425,0.169532,0.042239,0.070365,0.025041,0.130261,0.03961,0.13295,,1541100,,
1,1,,0.07623,0.222328,0.113482,0.142275,0.040832,0.073205,0.017776,0.122247,0.064951,0.126674,,1533600,,
1,2,,0.025906,0.240115,0.249884,0.108149,0.029648,0.056587,0.022463,0.164598,0.039041,0.063609,,1725300,,
1,2,,0.057562,0.107296,0.189805,0.072293,0.138591,0.082647,0.097271,0.081463,0.063809,0.109263,,1578900,,
1,1,,0.067171,0.236669,0.093828,0.150946,0.048866,0.068755,0.024659,0.121622,0.057517,0.129968,,1546300,,
1,1,,0.04648,0.183135,0.153842,0.129567,0.026574,0.080143,0.051714,0.164866,0.047896,0.115782,,1534000,,
1,1,,0.037323,0.158717,0.105062,0.100891,0.073801,0.136014,0.081592,0.11314,0.060252,0.133208,,1538600,,
1,2,,0.030836,0.231646,0.247871,0.091214,0.02885,0.041956,0.030039,0.175284,0.043829,0.078476,,1542100,,
1,1,,0.089262,0.265072,0.044887,0.09662,0.055997,0.110995,0.02125,0.079099,0.097586,0.139233,,1536300,,
1,1,,0.076109,0.262089,0.082813,0.103989,0.077806,0.060158,0.025027,0.123288,0.062878,0.125843,,1531200,,
1,1,,0.036119,0.250107,0.171123,0.129472,0.047835,0.052967,0.016883,0.135791,0.042338,0.117364,,1541400,,
1,1,,0.02068,0.276702,0.16359,0.06973,0.034161,0.068855,0.042956,0.159308,0.058587,0.105431,,1586000,,
1,1,,0.080269,0.217032,0.09523,0.132117,0.03918,0.119431,0.01856,0.119517,0.048597,0.130067,,2168200,,
1,7,,0.024935,0.159336,0.217327,0.158275,0.023276,0.043336,0.020936,0.224582,0.032883,0.095114,,1544500,,
1,3,,0.03075,0.181658,0.173492,0.205785,0.036499,0.046808,0.028636,0.146724,0.027485,0.122162,,1527200,,
1,1,,0.099401,0.216711,0.106325,0.15644,0.041335,0.075066,0.018158,0.11024,0.046887,0.129437,,1528400,,
1,1,,0.060171,0.256419,0.077592,0.138465,0.04778,0.078916,0.017595,0.10118,0.067777,0.154106,,1532600,,
1,1,,0.07942,0.214075,0.127341,0.104415,0.077982,0.063009,0.024791,0.120622,0.062751,0.125593,,1528300,,
1,1,,0.063793,0.267182,0.083742,0.123709,0.053536,0.099426,0.018976,0.06849,0.070829,0.150316,,1542400,,
1,1,,0.043634,0.170471,0.169617,0.146609,0.031044,0.075341,0.028866,0.170043,0.039317,0.125059,,1538900,,
1,2,,0.057212,0.151346,0.3013,0.076018,0.021343,0.056134,0.046641,0.193572,0.056907,0.039527,,1541300,,
1,1,,0.047121,0.191951,0.14832,0.129952,0.026896,0.07709,0.037662,0.174225,0.048323,0.118459,,1539100,,
1,1,,0.076031,0.239222,0.118747,0.117513,0.053819,0.064492,0.015351,0.139375,0.06387,0.111581,,1558200,,
1,1,,0.09997,0.236581,0.059135,0.118459,0.057533,0.082751,0.022341,0.11587,0.0845,0.12286,,1534600,,
1,2,,0.02464,0.179289,0.353203,0.091334,0.015603,0.041408,0.022009,0.187875,0.031957,0.052683,,1530300,,
1,1,,0.039259,0.264647,0.218051,0.075638,0.035201,0.041068,0.043023,0.167107,0.052162,0.063844,,1553900,,
1,3,,0.041413,0.1408,0.076694,0.224024,0.023077,0.066668,0.072929,0.13725,0.071028,0.146118,,1534700,,
1,2,,0.049083,0.183861,0.311164,0.084173,0.022732,0.047442,0.04702,0.147476,0.047985,0.059063,,1531000,,
1,2,,0.02864,0.177031,0.289388,0.114103,0.019874,0.044248,0.022946,0.191341,0.034228,0.078201,,1522400,,
1,1,,0.080891,0.278652,0.05402,0.097263,0.065687,0.098038,0.020705,0.081659,0.087953,0.135132,,1699500,,
1,1,,0.076543,0.257223,0.078385,0.142904,0.040633,0.073069,0.017685,0.116217,0.064776,0.132566,,1525800,,
1,2,,0.03082,0.215674,0.277202,0.084635,0.027537,0.041815,0.03196,0.171603,0.046147,0.072608,,1545500,,
1,1,,0.052566,0.217768,0.127465,0.133858,0.067641,0.063916,0.017009,0.140035,0.045443,0.1343,,1540600,,
1,2,,0.0809,0.135902,0.302772,0.042457,0.039724,0.043048,0.102442,0.145961,0.070795,0.036,,1525400,,
1,1,,0.03117,0.232458,0.214641,0.125698,0.03496,0.043562,0.029477,0.154342,0.039984,0.093708,,1534100,,
1,1,,0.079531,0.228113,0.117898,0.108823,0.068089,0.065333,0.015788,0.127389,0.063921,0.125114,,1530400,,
1,1,,0.106615,0.239329,0.110042,0.098369,0.056239,0.074777,0.021234,0.132705,0.046143,0.114549,,1531000,,
1,1,,0.08322,0.246185,0.050729,0.111108,0.065474,0.086676,0.022556,0.092735,0.082516,0.158799,,1524600,,
1,2,,0.030009,0.227744,0.271906,0.090031,0.029335,0.040515,0.034914,0.176636,0.043827,0.055085,,1541800,,
1,2,,0.02675,0.197532,0.212984,0.15633,0.016488,0.058323,0.033531,0.151932,0.042351,0.10378,,1534100,,
1,1,,0.079238,0.250348,0.088946,0.131221,0.045932,0.071581,0.017749,0.125602,0.064827,0.124556,,1529300,,
1,1,,0.07997,0.256581,0.059135,0.118459,0.057533,0.102751,0.022341,0.07587,0.0845,0.14286,,1532000,,
1,1,,0.057739,0.206844,0.098127,0.146055,0.029586,0.120409,0.017142,0.141482,0.07012,0.112494,,1531000,,
1,1,,0.050086,0.181359,0.127936,0.122,0.033758,0.101321,0.051696,0.165157,0.048159,0.118528,,1534200,,
1,1,,0.043896,0.184882,0.093847,0.180402,0.04251,0.069632,0.025137,0.176101,0.056111,0.127481,,1540200,,
1,1,,0.120791,0.235338,0.068549,0.118396,0.049366,0.106813,0.022493,0.073956,0.067512,0.136786,,1546900,,
1,3,,0.026609,0.198848,0.153125,0.204952,0.043564,0.048728,0.023165,0.15142,0.025652,0.123936,,1530500,,
1,2,,0.037926,0.198391,0.299468,0.073412,0.021068,0.039543,0.044211,0.193867,0.045238,0.046875,,1524600,,
1,1,,0.030901,0.282465,0.202202,0.094707,0.029087,0.041639,0.029653,0.156747,0.044043,0.088555,,1528800,,
1,1,,0.047526,0.217136,0.119188,0.150372,0.058782,0.0638,0.016448,0.138106,0.055954,0.132688,,1538800,,
1,2,,0.048359,0.203346,0.305486,0.069566,0.020703,0.047801,0.049783,0.163474,0.053438,0.038045,,1524300,,
1,1,,0.107464,0.213575,0.045749,0.084501,0.074973,0.08691,0.031176,0.132847,0.086807,0.136,,1534300,,
1,1,,0.044943,0.205476,0.11286,0.152589,0.048961,0.060055,0.016561,0.190007,0.03837,0.130179,,1538900,,
1,3,,0.067345,0.188163,0.089991,0.194219,0.042135,0.071492,0.025414,0.132131,0.059605,0.129505,,1525200,,
1,3,,0.032859,0.156828,0.099724,0.22966,0.039313,0.065493,0.02568,0.174374,0.033235,0.142833,,1525000,,
1,2,,0.0391,0.238774,0.248795,0.066419,0.040158,0.043383,0.049825,0.163278,0.050376,0.059891,,1528900,,
1,1,,0.05008,0.183727,0.140711,0.121639,0.033851,0.098484,0.051696,0.168534,0.048145,0.103132,,1528700,,
1,2,,0.081566,0.106674,0.16169,0.072714,0.161183,0.081504,0.085691,0.106863,0.042012,0.100102,,1530500,,
1,2,,0.029705,0.201344,0.317155,0.102143,0.017197,0.040089,0.030433,0.169561,0.036527,0.055846,,1527800,,
1,1,,0.071926,0.26948,0.095911,0.12379,0.061177,0.060702,0.01497,0.122304,0.059789,0.119951,,1529300,,
1,1,,0.044994,0.191707,0.163363,0.153392,0.032209,0.0717,0.024512,0.146303,0.058734,0.113086,,1530800,,
1,2,,0.039625,0.195868,0.317401,0.073431,0.025791,0.044828,0.048676,0.157013,0.047806,0.04956,,1535800,,
1,2,,0.031276,0.20419,0.312455,0.09887,0.016689,0.045598,0.031525,0.161082,0.044922,0.053394,,1538700,,
1,2,,0.047446,0.168515,0.27973,0.079384,0.037137,0.05869,0.017547,0.177312,0.063628,0.070612,,1531300,,
1,1,,0.07623,0.242328,0.093482,0.142275,0.040832,0.073205,0.017776,0.122247,0.064951,0.126674,,1537000,,
1,1,,0.051785,0.261535,0.09442,0.150862,0.057123,0.063768,0.015782,0.120872,0.059456,0.124397,,1527800,,
1,1,,0.10377,0.218647,0.036341,0.088327,0.070579,0.11465,0.024123,0.078269,0.099041,0.166256,,1561100,,
1,1,,0.046621,0.182883,0.145857,0.129952,0.027453,0.079959,0.051783,0.170452,0.047044,0.117996,,1536900,,
1,1,,0.027915,0.254143,0.088007,0.164294,0.046854,0.072477,0.024543,0.111232,0.040708,0.169828,,1528700,,
1,1,,0.1392,0.210839,0.080481,0.115442,0.049479,0.080146,0.021247,0.132063,0.061758,0.109344,,1531700,,
1,1,,0.102538,0.221861,0.051768,0.111126,0.065456,0.08108,0.022646,0.127126,0.079358,0.137041,,1527600,,
1,1,,0.030836,0.249313,0.247871,0.091214,0.029183,0.041956,0.030039,0.175617,0.043829,0.060143,,1568000,,
1,2,,0.029755,0.167171,0.350819,0.092439,0.015481,0.041261,0.032929,0.159918,0.042095,0.068133,,1525800,,
1,1,,0.033301,0.184336,0.150272,0.117116,0.037712,0.118117,0.058181,0.122006,0.064019,0.11494,,1535200,,
1,1,,0.087139,0.225535,0.044363,0.09246,0.075358,0.086838,0.031396,0.111866,0.082623,0.162422,,1530400,,
1,1,,0.039716,0.259397,0.166802,0.122921,0.0535,0.050499,0.015408,0.13266,0.042492,0.116605,,1538700,,
1,1,,0.044143,0.23092,0.121254,0.172373,0.0335,0.071497,0.023476,0.122113,0.038105,0.14262,,1535700,,
1,1,,0.045012,0.249685,0.130327,0.143259,0.054017,0.058221,0.015206,0.132514,0.059724,0.112035,,1544300,,
1,1,,0.02652,0.196768,0.168103,0.188469,0.016846,0.056268,0.031496,0.150519,0.042055,0.122957,,1531800,,
1,1,,0.067041,0.238108,0.064781,0.119233,0.06494,0.082898,0.026315,0.099084,0.065912,0.171686,,1531300,,
1,1,,0.052624,0.262205,0.210932,0.064843,0.043738,0.038827,0.07161,0.135132,0.057834,0.062254,,1529000,,
1,1,,0.096753,0.223823,0.088379,0.158511,0.032028,0.078779,0.016592,0.120353,0.065273,0.119508,,1536900,,
1,3,,0.034449,0.193478,0.065533,0.219121,0.032656,0.074763,0.026851,0.119964,0.054249,0.178936,,1534800,,
