pendigits,CWE,test,4,NANOSECONDS,PREDICTIONS, Generated by ClassifierExperiments.java on 2022-05-17 03:09:46.    SYSTEMPROPERTIES:{user.name:matth,os.arch:amd64,os.name:Windows 10},ENDSYSTEMPROPERTIES
No parameter info
0.773284870513403,1695315700,3421965900,-1,83836592,10,,-1,-1
0,0,,0.421528,0.02976,0.007213,0.002004,0.108943,0.090919,0.058749,0.045139,0.172,0.063746,,1745000,,
0,0,,0.478329,0.021436,0.008968,0.001162,0.160703,0.078965,0.08322,0.02715,0.106966,0.033101,,1545300,,
0,0,,0.417001,0.013666,0.019879,0.009214,0.120589,0.080356,0.080596,0.024325,0.130672,0.103702,,1554400,,
0,0,,0.433068,0.012195,0.019643,0.000913,0.185559,0.075904,0.092114,0.022429,0.11303,0.045145,,1529900,,
0,0,,0.459767,0.00883,0.008373,0.001347,0.193905,0.078135,0.052766,0.019793,0.120623,0.056461,,1526500,,
0,0,,0.403782,0.032557,0.008073,0.002414,0.11531,0.11012,0.042289,0.067404,0.168734,0.049317,,1526000,,
0,0,,0.419578,0.021224,0.021746,0.008975,0.103304,0.0989,0.128978,0.029106,0.113549,0.054641,,1552000,,
0,0,,0.461708,0.011059,0.014144,0.000987,0.158746,0.081702,0.088713,0.023148,0.111746,0.048047,,1535700,,
0,0,,0.437101,0.023048,0.025193,0.009104,0.089287,0.08024,0.130392,0.029408,0.118173,0.058053,,1525800,,
0,0,,0.436119,0.018844,0.016656,0.001143,0.164276,0.075833,0.107617,0.025316,0.106873,0.047323,,1524900,,
0,0,,0.33137,0.026697,0.045657,0.008816,0.097918,0.12215,0.14136,0.035418,0.136915,0.0537,,1533900,,
0,0,,0.194524,0.029722,0.111537,0.042404,0.049493,0.161582,0.148579,0.079763,0.149349,0.033045,,1533500,,
0,0,,0.364276,0.056863,0.011011,0.009238,0.094013,0.085477,0.071378,0.048652,0.192175,0.066917,,1537600,,
0,0,,0.491373,0.00923,0.008968,0.001181,0.179431,0.076552,0.083184,0.02062,0.10275,0.02671,,1534600,,
0,0,,0.472286,0.009453,0.01028,0.001347,0.159179,0.076876,0.074322,0.019549,0.122351,0.054357,,1528900,,
0,0,,0.474993,0.008641,0.008775,0.001338,0.168112,0.077883,0.066743,0.019267,0.119854,0.054394,,1543900,,
0,0,,0.444977,0.012267,0.017637,0.001171,0.17069,0.071379,0.103614,0.020756,0.110732,0.046776,,1565700,,
0,0,,0.406763,0.041748,0.008968,0.001162,0.145574,0.082045,0.080233,0.033269,0.162523,0.037716,,1530300,,
0,0,,0.303732,0.074326,0.013994,0.027926,0.062331,0.110336,0.022003,0.076742,0.186419,0.12219,,1543300,,
0,0,,0.474815,0.009526,0.009129,0.001245,0.183113,0.078951,0.0695,0.02091,0.122951,0.02986,,1540600,,
0,0,,0.378168,0.03126,0.008596,0.002096,0.116068,0.108014,0.049868,0.045832,0.171145,0.088954,,1537500,,
0,0,,0.443516,0.035103,0.00785,0.00172,0.154535,0.085916,0.042236,0.034196,0.144882,0.050045,,1537600,,
0,0,,0.449149,0.020373,0.02288,0.001136,0.109725,0.074492,0.137872,0.024075,0.117208,0.043089,,1538200,,
0,0,,0.439714,0.019729,0.019093,0.001339,0.142249,0.070019,0.110742,0.022673,0.13002,0.044422,,1547100,,
0,0,,0.381878,0.013762,0.02029,0.008808,0.171745,0.08026,0.106295,0.027189,0.112779,0.076995,,1544000,,
0,0,,0.422895,0.011523,0.011856,0.001264,0.199918,0.072882,0.081882,0.021596,0.124412,0.051773,,1542300,,
0,0,,0.394923,0.013835,0.018284,0.009066,0.15779,0.075736,0.099184,0.025516,0.107517,0.09815,,1565700,,
0,0,,0.418095,0.01564,0.026859,0.028915,0.091376,0.092321,0.130935,0.024543,0.124526,0.04679,,1537200,,
0,0,,0.453169,0.022624,0.008444,0.001254,0.165139,0.080399,0.049797,0.034205,0.13994,0.045028,,1534700,,
0,0,,0.445728,0.010729,0.010351,0.001273,0.208842,0.073647,0.074303,0.021313,0.121894,0.031918,,1537400,,
0,0,,0.460164,0.022313,0.008444,0.001254,0.184839,0.077319,0.052784,0.028086,0.124383,0.040413,,1544200,,
0,0,,0.255752,0.131245,0.025242,0.024007,0.050034,0.119827,0.021203,0.079043,0.147537,0.146107,,1543200,,
0,0,,0.472286,0.009453,0.01028,0.001347,0.159179,0.076876,0.074322,0.019549,0.122351,0.054357,,1551700,,
0,0,,0.344794,0.050936,0.008026,0.009693,0.104647,0.129791,0.034665,0.072264,0.151905,0.093278,,1541400,,
0,0,,0.461948,0.020847,0.008775,0.00132,0.149384,0.080296,0.066778,0.025797,0.124071,0.060784,,1537000,,
0,0,,0.447746,0.01764,0.014579,0.001476,0.140658,0.074537,0.088024,0.021879,0.122068,0.071393,,1560900,,
0,0,,0.436119,0.018844,0.016656,0.001143,0.164276,0.075833,0.107617,0.025316,0.106873,0.047323,,1537000,,
0,0,,0.337462,0.060836,0.008207,0.020448,0.077381,0.093879,0.035134,0.055975,0.187529,0.123149,,1541800,,
0,0,,0.342629,0.069142,0.00922,0.020466,0.070552,0.096431,0.029486,0.070002,0.166677,0.125397,,1536600,,
0,0,,0.454815,0.009526,0.009129,0.001245,0.203113,0.078951,0.0695,0.02091,0.122951,0.02986,,1543200,,
0,0,,0.473209,0.010106,0.008444,0.001272,0.203568,0.074906,0.052748,0.021556,0.120167,0.034023,,1534600,,
0,0,,0.422598,0.022332,0.023412,0.009049,0.095766,0.080291,0.122872,0.029678,0.116247,0.077754,,1546600,,
0,0,,0.41087,0.018844,0.016656,0.001143,0.186562,0.075833,0.092061,0.025316,0.125392,0.047323,,1524100,,
0,0,,0.375148,0.030152,0.00693,0.002022,0.123605,0.106623,0.055974,0.045259,0.168447,0.08584,,1538300,,
0,0,,0.473209,0.010106,0.008444,0.001272,0.203568,0.074906,0.052748,0.021556,0.120167,0.034023,,1539600,,
0,0,,0.417535,0.013762,0.02029,0.008808,0.153124,0.08026,0.090739,0.027189,0.111298,0.076995,,1564200,,
0,0,,0.301613,0.038933,0.014764,0.002903,0.117584,0.120568,0.03447,0.054457,0.162895,0.151812,,1552800,,
0,0,,0.460164,0.022313,0.008444,0.001254,0.184839,0.077319,0.052784,0.028086,0.124383,0.040413,,1543900,,
0,0,,0.42611,0.022435,0.008846,0.001245,0.161631,0.080148,0.063774,0.033679,0.159171,0.04296,,1535500,,
0,0,,0.426834,0.050868,0.008878,0.002078,0.11912,0.09231,0.052643,0.045711,0.154698,0.046859,,1535600,,
0,0,,0.411168,0.021038,0.008373,0.001183,0.136087,0.085612,0.049833,0.038846,0.185989,0.061871,,1537800,,
0,0,,0.432749,0.010342,0.012196,0.000931,0.200504,0.076016,0.092043,0.022696,0.105494,0.047028,,1545000,,
0,0,,0.247772,0.164701,0.014613,0.02737,0.053275,0.118669,0.020358,0.076231,0.133585,0.143426,,1551500,,
0,0,,0.368921,0.045956,0.007517,0.002551,0.134261,0.111069,0.034711,0.069201,0.152603,0.073211,,1535600,,
0,0,,0.428397,0.010322,0.010208,0.014826,0.166351,0.076167,0.088095,0.02978,0.126572,0.049282,,1537600,,
0,0,,0.326212,0.060836,0.008207,0.020448,0.077381,0.127004,0.035134,0.055975,0.167529,0.121274,,1564300,,
0,0,,0.400454,0.05126,0.008596,0.002096,0.133782,0.088014,0.049868,0.045832,0.171145,0.048954,,1539300,,
0,0,,0.354042,0.03624,0.009104,0.009238,0.106454,0.126736,0.049823,0.048895,0.170447,0.089021,,1537400,,
0,0,,0.455472,0.013008,0.024086,0.000851,0.116573,0.074614,0.130405,0.021459,0.12292,0.040613,,1541100,,
0,0,,0.380454,0.03126,0.008596,0.002096,0.133782,0.108014,0.049868,0.065832,0.171145,0.048954,,1540800,,
0,0,,0.444322,0.008897,0.008409,0.028637,0.158654,0.084213,0.052837,0.03092,0.105746,0.077366,,1534000,,
0,0,,0.419874,0.010415,0.01019,0.00119,0.187456,0.071491,0.087988,0.021023,0.121714,0.068659,,1541900,,
0,0,,0.421528,0.02976,0.007213,0.002004,0.108943,0.090919,0.058749,0.045139,0.172,0.063746,,1538300,,
0,0,,0.494258,0.007533,0.007109,0.001264,0.173364,0.076492,0.072849,0.018694,0.097156,0.05128,,1536900,,
0,0,,0.474815,0.009526,0.009129,0.001245,0.183113,0.078951,0.0695,0.02091,0.122951,0.02986,,1549800,,
0,0,,0.372996,0.026582,0.048123,0.008653,0.087114,0.098635,0.156481,0.034843,0.122817,0.043758,,1552700,,
0,0,,0.435262,0.019953,0.018321,0.001217,0.177653,0.077224,0.085955,0.025888,0.10809,0.050436,,1538900,,
0,0,,0.432079,0.025549,0.035923,0.008988,0.076181,0.07233,0.145257,0.033179,0.122402,0.048111,,1537900,,
0,0,,0.396016,0.02769,0.049789,0.008727,0.079576,0.080026,0.150375,0.035415,0.125515,0.046872,,1534400,,
0,0,,0.446834,0.030868,0.008878,0.002078,0.09912,0.09231,0.052643,0.045711,0.154698,0.066859,,1540300,,
0,0,,0.436945,0.012195,0.019643,0.000913,0.164645,0.075904,0.107669,0.022429,0.114512,0.045145,,1536000,,
0,0,,0.402456,0.045956,0.007517,0.002551,0.111975,0.097944,0.034711,0.049201,0.132603,0.115086,,1547500,,
0,0,,0.479589,0.009715,0.008727,0.001254,0.188906,0.079202,0.055523,0.021436,0.12372,0.031928,,1543400,,
0,0,,0.336852,0.022987,0.019512,0.009274,0.15805,0.083582,0.100173,0.031644,0.106963,0.130963,,1539300,,
0,0,,0.377794,0.022987,0.019512,0.009274,0.137585,0.083582,0.100173,0.031644,0.106963,0.110486,,1563300,,
0,0,,0.479767,0.00883,0.008373,0.001347,0.173905,0.078135,0.052766,0.019793,0.120623,0.056461,,1536100,,
0,0,,0.331379,0.069142,0.00922,0.020466,0.070552,0.109556,0.029486,0.090002,0.166677,0.103522,,1538300,,
0,0,,0.485987,0.019928,0.006707,0.001255,0.160428,0.079156,0.058908,0.025751,0.102141,0.059738,,1537000,,
0,0,,0.355545,0.049996,0.008582,0.009629,0.107799,0.109025,0.042244,0.050649,0.154933,0.1116,,1534300,,
0,0,,0.458822,0.011404,0.007921,0.001591,0.20281,0.077013,0.045169,0.023128,0.137756,0.034386,,1535300,,
0,0,,0.285882,0.048647,0.058029,0.009162,0.086252,0.103373,0.148711,0.055471,0.147878,0.056597,,1543800,,
0,0,,0.426655,0.051568,0.010342,0.002013,0.098135,0.084599,0.085108,0.045299,0.152692,0.04359,,1534900,,
0,0,,0.431292,0.020052,0.018425,0.008949,0.149627,0.07958,0.1001,0.029652,0.108714,0.053609,,1539500,,
0,0,,0.449149,0.020373,0.02288,0.001136,0.109725,0.074492,0.137872,0.024075,0.117208,0.043089,,1542300,,
0,0,,0.461695,0.010415,0.01019,0.00119,0.205635,0.071491,0.087988,0.021023,0.101714,0.028659,,1550500,,
0,0,,0.437442,0.021347,0.008373,0.001329,0.137762,0.083628,0.049815,0.032442,0.160396,0.067467,,1664600,,
0,0,,0.479767,0.00883,0.008373,0.001347,0.173905,0.078135,0.052766,0.019793,0.120623,0.056461,,1547300,,
0,0,,0.476568,0.008607,0.007061,0.00118,0.196443,0.077811,0.061629,0.020863,0.121022,0.028815,,1544400,,
0,0,,0.403901,0.015683,0.026399,0.008819,0.096135,0.100361,0.122925,0.026791,0.123886,0.0751,,1549500,,
0,0,,0.409083,0.020484,0.015297,0.009296,0.17742,0.075666,0.102187,0.028403,0.10136,0.060804,,1543700,,
0,0,,0.317462,0.060836,0.008207,0.020448,0.077381,0.113879,0.035134,0.055975,0.187529,0.123149,,1557600,,
0,0,,0.423708,0.024662,0.036243,0.008653,0.088645,0.075417,0.145072,0.034258,0.119401,0.043942,,1555200,,
0,0,,0.497409,0.010084,0.01016,0.001264,0.161398,0.076273,0.067153,0.021328,0.103387,0.051542,,1539900,,
0,0,,0.202618,0.038366,0.110492,0.02653,0.076723,0.131839,0.19391,0.034765,0.12761,0.057146,,1542800,,
0,0,,0.401679,0.021109,0.024212,0.008813,0.092499,0.095384,0.144099,0.04853,0.119451,0.044223,,1571600,,
0,0,,0.453353,0.022595,0.010473,0.001153,0.137833,0.077302,0.090691,0.027361,0.142683,0.036557,,1541500,,
0,0,,0.437149,0.011451,0.013862,0.001005,0.171588,0.077407,0.085938,0.023268,0.128192,0.050141,,1541500,,
0,2,,0.110511,0.125248,0.204486,0.05879,0.03891,0.073652,0.112576,0.072136,0.136764,0.066927,,1546400,,
0,0,,0.442895,0.011523,0.011856,0.001264,0.199918,0.072882,0.081882,0.021596,0.124412,0.031773,,1540200,,
0,0,,0.335169,0.037466,0.010751,0.00117,0.188975,0.106652,0.04791,0.029492,0.107476,0.134939,,1541800,,
0,0,,0.366406,0.071213,0.009215,0.011563,0.099016,0.085462,0.049924,0.049764,0.163672,0.093764,,1538900,,
0,0,,0.437442,0.021347,0.008373,0.001329,0.137762,0.083628,0.049815,0.032442,0.160396,0.067467,,1539600,,
0,0,,0.436945,0.012195,0.019643,0.000913,0.164645,0.075904,0.107669,0.022429,0.114512,0.045145,,1539100,,
0,0,,0.391756,0.05624,0.009104,0.009238,0.108739,0.086736,0.049823,0.048895,0.170447,0.069021,,1559100,,
0,0,,0.419874,0.010415,0.01019,0.00119,0.207456,0.071491,0.087988,0.021023,0.121714,0.048659,,1543400,,
0,0,,0.282427,0.133566,0.019856,0.014729,0.070425,0.115588,0.029358,0.070584,0.139956,0.123511,,1543700,,
0,0,,0.424243,0.045016,0.008073,0.002487,0.132842,0.090303,0.042289,0.067586,0.115631,0.071532,,1539900,,
0,0,,0.32908,0.049996,0.008582,0.009629,0.105513,0.1159,0.042244,0.050649,0.194933,0.093475,,1540000,,
0,0,,0.42243,0.011523,0.011856,0.001264,0.200383,0.072882,0.081882,0.021596,0.124412,0.051773,,1536200,,
0,0,,0.473209,0.010106,0.008444,0.001272,0.223568,0.074906,0.052748,0.021556,0.100167,0.034023,,1545000,,
0,0,,0.43568,0.051071,0.008998,0.002087,0.107989,0.087763,0.063845,0.045306,0.150376,0.046886,,1550000,,
0,0,,0.466687,0.022286,0.008727,0.001236,0.153945,0.080717,0.055451,0.027894,0.141136,0.04192,,1537300,,
0,0,,0.262727,0.031515,0.071941,0.008762,0.094878,0.118874,0.160619,0.064641,0.141999,0.044045,,1547500,,
0,0,,0.420195,0.02152,0.018969,0.009112,0.164752,0.081581,0.084581,0.030648,0.106357,0.062286,,1565900,,
0,0,,0.346912,0.023283,0.02766,0.00896,0.073382,0.099047,0.178863,0.068832,0.12491,0.048151,,1542400,,
0,0,,0.407932,0.010322,0.010208,0.014826,0.186817,0.076167,0.088095,0.02978,0.126572,0.049282,,1536100,,
0,0,,0.499898,0.010273,0.009758,0.001272,0.169477,0.076525,0.053177,0.021855,0.104156,0.05361,,1541200,,
0,0,,0.457676,0.022124,0.008846,0.001245,0.196761,0.077067,0.06676,0.02756,0.103614,0.038345,,1535500,,
0,0,,0.454993,0.008641,0.008775,0.001338,0.168112,0.077883,0.066743,0.019267,0.119854,0.074394,,1541800,,
0,0,,0.442895,0.011523,0.011856,0.001264,0.199918,0.072882,0.081882,0.021596,0.124412,0.031773,,1537600,,
0,0,,0.454829,0.019829,0.019197,0.009071,0.115137,0.072375,0.124886,0.026437,0.110644,0.047596,,1540500,,
0,0,,0.370233,0.053451,0.008136,0.011945,0.097392,0.09521,0.034767,0.052951,0.158233,0.117681,,1539600,,
0,0,,0.438858,0.020125,0.01642,0.009207,0.156137,0.075056,0.096044,0.027979,0.104934,0.055241,,1553800,,
0,0,,0.47123,0.009528,0.008703,0.014835,0.175275,0.076932,0.080516,0.029497,0.104054,0.029428,,1550800,,
0,0,,0.440508,0.009951,0.012479,0.000913,0.184463,0.080311,0.094819,0.022575,0.129047,0.024933,,1538000,,
0,0,,0.443738,0.021897,0.023988,0.009126,0.092065,0.070809,0.147563,0.026587,0.117597,0.046629,,1538400,,
0,0,,0.394042,0.05624,0.009104,0.009238,0.106454,0.086736,0.049823,0.048895,0.170447,0.069021,,1563000,,
0,0,,0.251826,0.027391,0.061078,0.008863,0.093147,0.100277,0.168399,0.075266,0.164526,0.049226,,1545000,,
0,0,,0.372123,0.024493,0.042591,0.009069,0.073119,0.093513,0.18607,0.032081,0.11955,0.047392,,1538600,,
0,0,,0.465728,0.010729,0.010351,0.001273,0.188842,0.073647,0.074303,0.021313,0.121894,0.031918,,1552100,,
0,0,,0.283326,0.068944,0.014277,0.024431,0.062314,0.137087,0.022038,0.081937,0.18907,0.116577,,1541600,,
0,0,,0.348231,0.038755,0.009215,0.01149,0.099199,0.10528,0.049924,0.069582,0.196775,0.071549,,1539600,,
0,0,,0.41568,0.051071,0.008998,0.002087,0.107989,0.087763,0.063845,0.045306,0.150376,0.066886,,1538400,,
0,0,,0.479767,0.00883,0.008373,0.001347,0.173905,0.078135,0.052766,0.019793,0.120623,0.056461,,1544000,,
0,0,,0.388921,0.045956,0.007517,0.002551,0.114261,0.111069,0.034711,0.069201,0.152603,0.073211,,1532700,,
0,0,,0.420519,0.021224,0.021746,0.008975,0.102838,0.0989,0.128978,0.029106,0.113549,0.054165,,1543100,,
0,0,,0.261579,0.139412,0.015595,0.013278,0.070441,0.119121,0.028981,0.07268,0.129426,0.149488,,1552600,,
0,0,,0.395699,0.020315,0.016892,0.009444,0.12022,0.080285,0.080543,0.027212,0.123033,0.126356,,1543300,,
0,0,,0.315954,0.08682,0.014606,0.029744,0.050161,0.099048,0.021331,0.078461,0.174258,0.129615,,1538500,,
0,0,,0.403868,0.029679,0.015573,0.034696,0.097306,0.090003,0.0853,0.055024,0.1398,0.04875,,1536500,,
0,0,,0.453209,0.010106,0.008444,0.001272,0.223568,0.074906,0.052748,0.021556,0.120167,0.034023,,1543500,,
0,0,,0.401878,0.013762,0.02029,0.008808,0.151745,0.08026,0.106295,0.027189,0.112779,0.076995,,1538800,,
0,0,,0.42854,0.010023,0.010473,0.001171,0.190508,0.075787,0.090763,0.020903,0.125267,0.046565,,1555200,,
0,0,,0.324794,0.050936,0.008026,0.009693,0.104647,0.129791,0.034665,0.052264,0.171905,0.113278,,1539800,,
0,0,,0.413394,0.051071,0.008998,0.002087,0.130275,0.087763,0.063845,0.045306,0.150376,0.046886,,1539200,,
0,0,,0.416344,0.043718,0.008596,0.002169,0.115885,0.088196,0.049868,0.046014,0.158042,0.071168,,1537400,,
0,0,,0.275015,0.141351,0.013884,0.025719,0.062258,0.117099,0.021856,0.075711,0.13954,0.127567,,1544800,,
0,0,,0.378168,0.03126,0.008596,0.002096,0.116068,0.088014,0.049868,0.045832,0.191145,0.088954,,1539600,,
0,0,,0.449275,0.011131,0.012139,0.001245,0.185256,0.077178,0.084657,0.021475,0.127965,0.029678,,1538100,,
0,0,,0.434863,0.011451,0.013862,0.001005,0.193873,0.077407,0.085938,0.023268,0.128192,0.030141,,1551300,,
0,0,,0.318983,0.053451,0.008136,0.011945,0.097392,0.128335,0.034767,0.072951,0.178233,0.095806,,1539600,,
0,0,,0.185083,0.099842,0.018163,0.066796,0.047603,0.106763,0.088569,0.098833,0.183079,0.105269,,1544000,,
0,0,,0.406655,0.051568,0.010342,0.002013,0.118135,0.084599,0.085108,0.045299,0.152692,0.04359,,1585300,,
0,0,,0.351021,0.035132,0.007439,0.009164,0.113991,0.125345,0.055929,0.068323,0.167749,0.065908,,1539100,,
0,0,,0.466865,0.021401,0.008373,0.001329,0.138945,0.07965,0.052694,0.026251,0.138039,0.066453,,1538200,,
0,0,,0.361453,0.065957,0.009285,0.015003,0.089206,0.085758,0.049924,0.050147,0.196251,0.077017,,1539000,,
0,0,,0.430622,0.01956,0.018437,0.001198,0.157797,0.075782,0.115136,0.025045,0.108799,0.047621,,1530000,,
0,0,,0.425973,0.041661,0.01028,0.001183,0.139076,0.084353,0.071388,0.038603,0.147717,0.039767,,1570500,,
0,0,,0.420454,0.05126,0.008596,0.002096,0.113782,0.088014,0.049868,0.045832,0.171145,0.048954,,1540400,,
0,0,,0.229512,0.044722,0.055832,0.036378,0.060649,0.130423,0.161275,0.096624,0.152032,0.032553,,1543700,,
0,0,,0.294059,0.033299,0.068492,0.036452,0.049879,0.130965,0.133624,0.066489,0.147974,0.038767,,1541700,,
0,0,,0.431777,0.018844,0.016656,0.001143,0.185655,0.075833,0.092061,0.025316,0.105392,0.047323,,1542500,,
0,0,,0.399203,0.022933,0.02766,0.008941,0.078483,0.096724,0.145513,0.048832,0.124075,0.047635,,1549500,,
0,0,,0.45785,0.020937,0.020863,0.009145,0.107599,0.073766,0.11878,0.027009,0.113342,0.050709,,1554400,,
0,0,,0.445181,0.011523,0.011856,0.001264,0.197632,0.072882,0.081882,0.021596,0.124412,0.031773,,1539800,,
0,0,,0.474993,0.008641,0.008775,0.001338,0.168112,0.077883,0.066743,0.019267,0.119854,0.054394,,1534200,,
0,0,,0.423028,0.020726,0.017464,0.009121,0.173676,0.082346,0.077002,0.030365,0.10384,0.062432,,1547700,,
0,0,,0.434863,0.011451,0.013862,0.001005,0.193873,0.077407,0.085938,0.023268,0.128192,0.030141,,1547900,,
0,0,,0.422343,0.013762,0.02029,0.008808,0.15128,0.08026,0.106295,0.027189,0.112779,0.056995,,1538200,,
0,0,,0.412079,0.025549,0.035923,0.008988,0.076181,0.09233,0.145257,0.033179,0.122402,0.048111,,1536100,,
0,0,,0.386678,0.020412,0.017303,0.009038,0.17966,0.080815,0.090687,0.030076,0.106159,0.079173,,1537000,,
0,0,,0.439966,0.013303,0.021308,0.000987,0.157108,0.077295,0.101564,0.023001,0.11721,0.048258,,1564900,,
0,0,,0.403708,0.024662,0.036243,0.008653,0.088645,0.095417,0.145072,0.034258,0.119401,0.043942,,1542000,,
0,0,,0.326619,0.038478,0.008026,0.00962,0.104829,0.149609,0.034665,0.072082,0.185008,0.071063,,1538500,,
0,0,,0.429132,0.01143,0.011874,0.014899,0.1611,0.077558,0.081989,0.030352,0.12927,0.052395,,1539100,,
0,0,,0.462707,0.009621,0.008686,0.001199,0.196379,0.072256,0.080409,0.020741,0.119196,0.028805,,1536500,,
0,0,,0.473209,0.010106,0.008444,0.001272,0.203568,0.074906,0.052748,0.021556,0.120167,0.034023,,1535400,,
0,0,,0.295954,0.08682,0.014606,0.029744,0.050161,0.099048,0.021331,0.078461,0.194258,0.129615,,1544200,,
0,0,,0.435262,0.019953,0.018321,0.001217,0.177653,0.077224,0.085955,0.025888,0.10809,0.050436,,1537500,,
0,0,,0.396182,0.021825,0.025994,0.008868,0.08602,0.095333,0.151619,0.04826,0.121377,0.044522,,1540300,,
0,0,,0.474815,0.009526,0.009129,0.001245,0.203113,0.078951,0.0695,0.02091,0.102951,0.02986,,1534500,,
0,0,,0.275954,0.08682,0.014606,0.029744,0.050161,0.119048,0.021331,0.078461,0.194258,0.129615,,1583600,,
0,0,,0.442707,0.009621,0.008686,0.001199,0.216379,0.072256,0.080409,0.020741,0.119196,0.028805,,1539400,,
0,0,,0.476568,0.008607,0.007061,0.00118,0.196443,0.077811,0.061629,0.020863,0.121022,0.028815,,1540200,,
0,0,,0.415141,0.009549,0.010691,0.000941,0.209869,0.076781,0.084465,0.022413,0.122977,0.047174,,1541000,,
0,0,,0.318346,0.026361,0.057427,0.008914,0.082188,0.114156,0.171104,0.05357,0.14312,0.024814,,1556700,,
0,0,,0.399578,0.021224,0.021746,0.008975,0.103304,0.0989,0.128978,0.029106,0.113549,0.074641,,1571900,,
0,0,,0.420454,0.05126,0.008596,0.002096,0.113782,0.088014,0.049868,0.045832,0.171145,0.048954,,1550800,,
0,0,,0.41568,0.051071,0.008998,0.002087,0.127989,0.087763,0.063845,0.045306,0.150376,0.046886,,1553200,,
0,0,,0.411896,0.008263,0.012162,0.034705,0.123242,0.092027,0.056166,0.054985,0.155555,0.051,,1546000,,
0,0,,0.37862,0.016338,0.022499,0.009044,0.137954,0.083652,0.100225,0.028758,0.114602,0.108308,,1544500,,
0,0,,0.353844,0.040052,0.008692,0.011808,0.098441,0.127386,0.042346,0.051154,0.174364,0.091913,,1569200,,
0,0,,0.462212,0.019729,0.019093,0.001339,0.122714,0.070019,0.126297,0.022673,0.111501,0.044422,,1533900,,
0,0,,0.412741,0.02455,0.007365,0.001636,0.183215,0.100192,0.037626,0.031273,0.158944,0.042456,,1536800,,
0,0,,0.412162,0.012195,0.019643,0.000913,0.186466,0.075904,0.092114,0.022429,0.13303,0.045145,,1541200,,
0,0,,0.459874,0.010415,0.01019,0.00119,0.187456,0.071491,0.087988,0.021023,0.121714,0.028659,,1536900,,
0,0,,0.44761,0.021296,0.019741,0.009234,0.109348,0.074375,0.124923,0.027433,0.109769,0.056272,,1539700,,
0,0,,0.321832,0.027469,0.059093,0.008988,0.074185,0.095547,0.144999,0.074142,0.145819,0.047927,,1616800,,
0,0,,0.475124,0.010084,0.01016,0.001264,0.183684,0.076273,0.067153,0.021328,0.103387,0.051542,,1542200,,
0,0,,0.346406,0.051213,0.009215,0.011563,0.099016,0.085462,0.049924,0.049764,0.183672,0.113764,,1547600,,
0,0,,0.453453,0.041038,0.008373,0.001183,0.133802,0.085612,0.049833,0.038846,0.145989,0.041871,,1550800,,
0,0,,0.300264,0.0259,0.035923,0.009006,0.07108,0.114653,0.197227,0.073869,0.143927,0.028151,,1556900,,
0,0,,0.352058,0.040993,0.008136,0.011872,0.097574,0.095028,0.034767,0.052769,0.211336,0.095467,,1549300,,
0,0,,0.41568,0.051071,0.008998,0.002087,0.127989,0.087763,0.063845,0.045306,0.150376,0.046886,,1545300,,
0,0,,0.481373,0.00825,0.009058,0.00132,0.15345,0.082179,0.069518,0.019146,0.123408,0.052299,,1546500,,
0,0,,0.354042,0.03624,0.009104,0.009238,0.106454,0.086736,0.049823,0.048895,0.210447,0.089021,,1540700,,
0,0,,0.372019,0.052511,0.008692,0.011881,0.098258,0.107568,0.042346,0.071336,0.161261,0.074128,,1548400,,
0,6,,0.151707,0.042133,0.16711,0.046238,0.051113,0.129213,0.176294,0.071847,0.132004,0.032343,,1560400,,
0,0,,0.317462,0.060836,0.008207,0.020448,0.077381,0.113879,0.035134,0.055975,0.167529,0.143149,,1551500,,
0,0,,0.428271,0.018944,0.01676,0.008875,0.157164,0.078189,0.106206,0.029079,0.106016,0.050496,,1545400,,
0,0,,0.440454,0.03126,0.008596,0.002096,0.113782,0.088014,0.049868,0.045832,0.151145,0.068954,,1548200,,
0,0,,0.479589,0.009715,0.008727,0.001254,0.188906,0.079202,0.055523,0.021436,0.12372,0.031928,,1541300,,
0,0,,0.322629,0.109142,0.00922,0.020466,0.070552,0.096431,0.029486,0.070002,0.146677,0.125397,,1544300,,
0,0,,0.372209,0.020177,0.014426,0.009607,0.134575,0.084059,0.065422,0.027643,0.117144,0.154739,,1551000,,
0,0,,0.374042,0.05624,0.009104,0.009238,0.106454,0.086736,0.049823,0.048895,0.190447,0.069021,,1551400,,
0,0,,0.468435,0.009918,0.008846,0.001264,0.197775,0.074655,0.066725,0.02103,0.119398,0.031955,,1541500,,
0,0,,0.442895,0.011523,0.011856,0.001264,0.199918,0.072882,0.081882,0.021596,0.124412,0.031773,,1540000,,
0,0,,0.354611,0.038364,0.009498,0.011472,0.084537,0.109575,0.0527,0.049461,0.200328,0.089454,,1554300,,
0,0,,0.427674,0.007885,0.003769,0.001217,0.234053,0.096509,0.043733,0.020491,0.091036,0.073633,,1537300,,
0,9,,0.178956,0.063592,0.016411,0.02981,0.154311,0.074798,0.071273,0.029019,0.099057,0.282772,,1550100,,
0,0,,0.254905,0.159485,0.014514,0.026733,0.050123,0.121429,0.020817,0.076154,0.1377,0.138139,,1554100,,
0,0,,0.438021,0.022678,0.008444,0.001254,0.170893,0.076421,0.052676,0.028015,0.137583,0.064015,,1551400,,
0,0,,0.494258,0.007533,0.007109,0.001264,0.173364,0.076492,0.072849,0.018694,0.097156,0.05128,,1551000,,
0,0,,0.276204,0.024998,0.045149,0.03608,0.064777,0.126478,0.171085,0.065023,0.161925,0.028282,,1548500,,
0,0,,0.486865,0.021401,0.008373,0.001329,0.138945,0.07965,0.052694,0.026251,0.118039,0.066453,,1541700,,
0,0,,0.468014,0.010729,0.010351,0.001273,0.206556,0.073647,0.074303,0.021313,0.101894,0.031918,,1540100,,
0,0,,0.305459,0.023744,0.049163,0.008868,0.084024,0.118551,0.171361,0.069222,0.144793,0.024814,,1557800,,
0,0,,0.44216,0.010415,0.01019,0.00119,0.18517,0.071491,0.087988,0.021023,0.121714,0.048659,,1549700,,
0,0,,0.436945,0.012195,0.019643,0.000913,0.164645,0.075904,0.107669,0.022429,0.114512,0.045145,,1552200,,
1,1,,0.03093,0.247251,0.049307,0.142588,0.017767,0.100134,0.009067,0.091189,0.120825,0.19094,,1552100,,
1,1,,0.075727,0.209423,0.04726,0.136215,0.029006,0.092193,0.024996,0.124306,0.111455,0.14942,,1554500,,
1,3,,0.031422,0.116358,0.144997,0.175016,0.013805,0.143931,0.02522,0.114315,0.090258,0.144678,,1545000,,
1,2,,0.042588,0.157592,0.315842,0.069814,0.025639,0.047473,0.083944,0.129353,0.062426,0.065329,,1544900,,
1,1,,0.055495,0.248496,0.058527,0.127523,0.018424,0.085356,0.009658,0.103621,0.134919,0.15798,,1540800,,
1,2,,0.048665,0.222813,0.234606,0.076219,0.010935,0.057632,0.043211,0.167275,0.080574,0.05807,,1539100,,
1,2,,0.048031,0.136068,0.23627,0.074335,0.012052,0.057647,0.048722,0.215127,0.098569,0.073178,,1546600,,
1,9,,0.070415,0.213093,0.037829,0.131706,0.040503,0.08267,0.012547,0.084163,0.113727,0.213346,,1540300,,
1,1,,0.014582,0.310793,0.174438,0.159083,0.007212,0.050958,0.02055,0.135039,0.039529,0.087817,,1532900,,
1,1,,0.056922,0.273134,0.213557,0.059797,0.028572,0.06868,0.058478,0.116536,0.083634,0.04069,,1539700,,
1,1,,0.060262,0.233945,0.19718,0.054925,0.023452,0.062057,0.058721,0.155882,0.093109,0.060467,,1568300,,
1,9,,0.064809,0.205979,0.110725,0.06123,0.015602,0.115842,0.018674,0.066994,0.0883,0.251844,,1553500,,
1,9,,0.032318,0.175601,0.101908,0.135523,0.014044,0.120801,0.021246,0.081289,0.09285,0.22442,,1536000,,
1,2,,0.051027,0.147633,0.260213,0.058834,0.010869,0.065859,0.043269,0.188731,0.101341,0.072225,,1541600,,
1,1,,0.05138,0.208529,0.097849,0.126717,0.014425,0.102621,0.008748,0.114722,0.123091,0.151918,,1542800,,
1,1,,0.076414,0.224317,0.061798,0.109171,0.023791,0.082011,0.009423,0.099126,0.13082,0.183129,,1551500,,
1,2,,0.049364,0.161821,0.212444,0.075314,0.019239,0.066786,0.054855,0.164122,0.122864,0.073191,,1552000,,
1,1,,0.038018,0.262701,0.112451,0.056995,0.064691,0.050915,0.072251,0.11857,0.0555,0.167909,,1546700,,
1,1,,0.057988,0.257369,0.057538,0.124981,0.020156,0.083707,0.02245,0.105455,0.123804,0.146553,,1543200,,
1,1,,0.056652,0.273723,0.069227,0.107993,0.014902,0.100353,0.007069,0.099765,0.1172,0.153116,,1541100,,
1,1,,0.056027,0.206077,0.088398,0.132505,0.014769,0.105767,0.007686,0.149714,0.116295,0.122762,,1543700,,
1,9,,0.032318,0.176531,0.110746,0.135523,0.014044,0.11918,0.021246,0.082219,0.102152,0.206042,,1548400,,
1,9,,0.041776,0.159149,0.130153,0.127975,0.012727,0.118079,0.007361,0.104866,0.112105,0.185808,,1546400,,
1,2,,0.032172,0.234807,0.286059,0.087895,0.011869,0.063625,0.042767,0.134006,0.044225,0.062575,,1556400,,
1,1,,0.055495,0.248496,0.058527,0.127523,0.018424,0.085356,0.009658,0.123621,0.114919,0.15798,,1551800,,
1,1,,0.030763,0.218625,0.057131,0.162313,0.014051,0.113287,0.00861,0.124034,0.112124,0.159062,,1538700,,
1,1,,0.069592,0.242222,0.038006,0.101347,0.028444,0.077797,0.017174,0.087505,0.130345,0.207568,,1537500,,
1,1,,0.050477,0.272327,0.097313,0.076486,0.015087,0.115003,0.018038,0.085125,0.087891,0.182252,,1533300,,
1,1,,0.068573,0.217731,0.061816,0.12385,0.016618,0.105713,0.008651,0.122009,0.131348,0.143691,,1541100,,
1,1,,0.031613,0.284717,0.088837,0.131535,0.015593,0.081715,0.019301,0.13702,0.102007,0.107661,,1539700,,
1,1,,0.098146,0.249679,0.085037,0.074021,0.030251,0.082242,0.008894,0.096035,0.106335,0.169361,,1546200,,
1,9,,0.085906,0.106642,0.091524,0.036219,0.154448,0.127444,0.11186,0.065299,0.052556,0.168101,,1549900,,
1,1,,0.04904,0.2231,0.175381,0.058337,0.012045,0.063924,0.045912,0.180663,0.138952,0.052647,,1538100,,
1,9,,0.09036,0.196071,0.049392,0.10185,0.040624,0.07664,0.015161,0.086336,0.104068,0.239497,,1543700,,
1,1,,0.084607,0.254836,0.0701,0.059642,0.025491,0.094895,0.015241,0.083977,0.112972,0.19824,,1543100,,
1,9,,0.014461,0.188077,0.132927,0.1988,0.007121,0.099292,0.030988,0.057897,0.052318,0.218119,,1545500,,
1,1,,0.055935,0.244541,0.179802,0.044445,0.034803,0.055001,0.065024,0.149187,0.087613,0.083649,,1553700,,
1,1,,0.084606,0.252441,0.056567,0.075466,0.025418,0.095204,0.01525,0.088962,0.112279,0.193807,,1550900,,
1,9,,0.111302,0.221505,0.035543,0.068017,0.045545,0.080109,0.031586,0.086052,0.092929,0.227412,,1540300,,
1,1,,0.032483,0.284935,0.2231,0.11515,0.011665,0.047923,0.042382,0.127565,0.048165,0.066631,,1547100,,
1,2,,0.046125,0.100326,0.158203,0.121899,0.010684,0.143651,0.079812,0.136441,0.105622,0.097236,,1544200,,
1,1,,0.041583,0.237955,0.054849,0.142496,0.019315,0.088496,0.010447,0.102018,0.143524,0.159317,,1538200,,
1,1,,0.098707,0.224022,0.030786,0.094212,0.053676,0.081592,0.03914,0.081538,0.093829,0.202499,,1542500,,
1,1,,0.056767,0.250414,0.136769,0.048103,0.042561,0.053511,0.080592,0.136947,0.082186,0.112151,,1542000,,
1,1,,0.05433,0.148553,0.102735,0.075095,0.078259,0.070862,0.087178,0.147399,0.092432,0.143158,,1537300,,
1,2,,0.060564,0.152176,0.251174,0.035931,0.041209,0.066926,0.099905,0.123761,0.104851,0.063501,,1539100,,
1,2,,0.066138,0.180096,0.196503,0.037411,0.040473,0.059396,0.087598,0.143673,0.097174,0.091537,,1548300,,
1,1,,0.057286,0.256707,0.062741,0.109177,0.014996,0.097793,0.007134,0.094343,0.102841,0.196982,,1545400,,
1,1,,0.028888,0.277229,0.265538,0.081618,0.004117,0.061673,0.010223,0.13307,0.078521,0.059123,,1545800,,
1,1,,0.068199,0.240954,0.047192,0.117867,0.020211,0.089476,0.011005,0.098914,0.124455,0.181728,,1541500,,
1,3,,0.058398,0.096506,0.037587,0.225665,0.034991,0.107287,0.108546,0.068584,0.1124,0.150035,,1613900,,
1,1,,0.051638,0.314888,0.108213,0.09901,0.015908,0.079588,0.029059,0.127191,0.09054,0.083965,,1551900,,
1,9,,0.032335,0.166672,0.101795,0.139353,0.014216,0.123158,0.021246,0.084406,0.09174,0.225077,,1540700,,
1,1,,0.056009,0.258339,0.088511,0.127841,0.014597,0.083411,0.007686,0.12493,0.116571,0.122106,,1539000,,
1,2,,0.050257,0.081281,0.297186,0.048422,0.019012,0.093212,0.075091,0.150606,0.133313,0.05162,,1539000,,
1,1,,0.032002,0.229082,0.106325,0.131778,0.015518,0.105299,0.020954,0.126811,0.10609,0.12614,,1917000,,
1,1,,0.013916,0.285143,0.116541,0.184112,0.014594,0.061946,0.021048,0.120294,0.056245,0.126161,,1550900,,
1,9,,0.089793,0.207931,0.033628,0.120408,0.036291,0.081844,0.017918,0.086289,0.109401,0.216497,,1545100,,
1,1,,0.032318,0.195478,0.110746,0.135523,0.014044,0.11918,0.021246,0.082219,0.102678,0.186568,,1547200,,
1,1,,0.050606,0.270174,0.066846,0.138461,0.018234,0.084883,0.007947,0.134153,0.110914,0.117782,,1567100,,
1,1,,0.056105,0.260751,0.062072,0.124963,0.018584,0.082354,0.008575,0.106405,0.133676,0.146516,,1580100,,
1,1,,0.069513,0.214583,0.046673,0.119625,0.041699,0.081406,0.017127,0.1107,0.113022,0.185653,,1564100,,
1,1,,0.030687,0.211399,0.08557,0.156489,0.012715,0.123092,0.007393,0.077921,0.101989,0.192745,,1538500,,
1,1,,0.066179,0.270765,0.055281,0.092459,0.032131,0.081443,0.010038,0.094484,0.115714,0.181506,,1536700,,
1,9,,0.032105,0.169007,0.042152,0.194421,0.019045,0.107356,0.025173,0.069957,0.093012,0.247771,,1544800,,
1,9,,0.07851,0.205625,0.048949,0.110091,0.045129,0.077728,0.01749,0.078623,0.115668,0.222186,,1537500,,
1,1,,0.072611,0.269369,0.062706,0.079748,0.023704,0.090244,0.013854,0.088612,0.103342,0.195811,,1534000,,
1,1,,0.058129,0.216631,0.187167,0.067642,0.030542,0.064957,0.065088,0.150838,0.0949,0.064106,,1542000,,
1,1,,0.059649,0.245371,0.203368,0.058697,0.023279,0.055485,0.058694,0.146507,0.088454,0.060494,,1561400,,
1,2,,0.035376,0.245813,0.257551,0.066104,0.008231,0.064638,0.027401,0.155365,0.08173,0.057793,,1544000,,
1,2,,0.060564,0.125564,0.28395,0.031772,0.041191,0.067638,0.099905,0.124189,0.105356,0.059871,,1538600,,
1,1,,0.031378,0.260501,0.08047,0.113703,0.012634,0.117777,0.007272,0.087487,0.103529,0.18525,,1540100,,
1,1,,0.045536,0.301225,0.17759,0.114311,0.0083,0.05958,0.040191,0.106784,0.084837,0.061645,,1536900,,
1,1,,0.032164,0.19775,0.092413,0.119929,0.014252,0.129018,0.021263,0.175926,0.094759,0.122527,,1541900,,
1,1,,0.040641,0.242565,0.072237,0.141973,0.018043,0.087133,0.007956,0.141583,0.129168,0.118701,,1540400,,
1,2,,0.067816,0.194364,0.212502,0.04486,0.036566,0.054106,0.089146,0.126007,0.113676,0.060958,,1538500,,
1,1,,0.066343,0.1726,0.145035,0.032704,0.045089,0.065081,0.097286,0.150259,0.14495,0.080652,,1547300,,
1,1,,0.084607,0.236711,0.0701,0.059642,0.025491,0.094895,0.015241,0.083977,0.112972,0.216365,,1544600,,
1,1,,0.029681,0.229783,0.056143,0.16419,0.017755,0.097099,0.008976,0.135853,0.124076,0.136444,,1551100,,
1,2,,0.068033,0.142368,0.272437,0.031934,0.036578,0.06016,0.089324,0.111194,0.125257,0.062717,,1540200,,
1,3,,0.037558,0.103794,0.141443,0.160968,0.014124,0.143758,0.037828,0.107316,0.104491,0.148721,,1539900,,
1,1,,0.082527,0.269311,0.074788,0.070423,0.053384,0.074684,0.028842,0.081814,0.085629,0.178599,,1538600,,
1,1,,0.065127,0.27063,0.062741,0.108079,0.022151,0.096209,0.007978,0.093719,0.12248,0.150886,,1544700,,
1,1,,0.068573,0.214664,0.075331,0.094446,0.016709,0.103286,0.008571,0.094764,0.131873,0.191783,,1538100,,
1,2,,0.070094,0.11739,0.25713,0.024148,0.043801,0.070613,0.100407,0.114915,0.122835,0.078667,,1538800,,
1,1,,0.042028,0.223905,0.088955,0.127501,0.014103,0.101229,0.006698,0.120357,0.121578,0.153645,,1535300,,
1,1,,0.032183,0.228152,0.132497,0.111941,0.01405,0.148278,0.024127,0.102158,0.097515,0.1091,,1542500,,
1,2,,0.050555,0.136824,0.220294,0.060108,0.019239,0.075217,0.054908,0.176638,0.134392,0.071824,,1550100,,
1,1,,0.031166,0.261538,0.072924,0.13211,0.019206,0.08376,0.02177,0.113559,0.120156,0.143812,,1554200,,
1,1,,0.029366,0.229993,0.091433,0.150395,0.017574,0.08698,0.008462,0.137735,0.128887,0.119174,,1537000,,
1,1,,0.030435,0.214277,0.107031,0.137269,0.012471,0.117827,0.007371,0.082239,0.104486,0.186593,,1585800,,
1,2,,0.050586,0.085436,0.302021,0.053231,0.019203,0.082936,0.075091,0.143392,0.133451,0.054653,,1571700,,
1,2,,0.053041,0.121371,0.140307,0.10057,0.020625,0.13676,0.087481,0.117101,0.120789,0.101956,,1545600,,
1,2,,0.064279,0.149529,0.280333,0.039986,0.038204,0.050425,0.100151,0.107811,0.10877,0.060512,,1548300,,
1,3,,0.046795,0.127049,0.128684,0.139102,0.011744,0.127514,0.053387,0.114879,0.120894,0.129952,,1548300,,
1,1,,0.082079,0.253469,0.038893,0.084579,0.056978,0.078846,0.031382,0.080613,0.083946,0.209215,,1547400,,
1,2,,0.060459,0.163439,0.228762,0.029645,0.034323,0.06505,0.074069,0.164538,0.119272,0.060442,,1546200,,
1,5,,0.053041,0.122626,0.150319,0.066946,0.020607,0.174582,0.08744,0.122924,0.120254,0.081261,,1573200,,
1,2,,0.06084,0.197085,0.236664,0.028634,0.032875,0.064732,0.068136,0.14875,0.101248,0.061037,,1536800,,
1,1,,0.030222,0.21522,0.046098,0.172638,0.017473,0.106003,0.011297,0.110908,0.12112,0.169022,,1538100,,
1,5,,0.053359,0.124452,0.110114,0.120873,0.020642,0.131994,0.087504,0.111803,0.116429,0.122828,,1543400,,
1,1,,0.056577,0.206604,0.103204,0.099822,0.013384,0.10044,0.007929,0.114496,0.103262,0.194281,,1555000,,
1,2,,0.043419,0.18198,0.292721,0.058089,0.033717,0.064551,0.067211,0.12971,0.061599,0.067003,,1536800,,
1,1,,0.030669,0.241045,0.070417,0.147388,0.014081,0.098931,0.006647,0.119707,0.122078,0.149037,,1534900,,
1,1,,0.029788,0.263812,0.138532,0.14157,0.004519,0.077706,0.007516,0.168912,0.083696,0.083949,,1537200,,
1,9,,0.03237,0.241189,0.082439,0.085111,0.013387,0.116336,0.012029,0.064049,0.086138,0.26695,,1536000,,
1,2,,0.053799,0.095642,0.173342,0.060932,0.021471,0.158806,0.128981,0.106576,0.11397,0.086481,,1544200,,
1,3,,0.069797,0.114387,0.059062,0.248154,0.02379,0.096516,0.074098,0.065215,0.109315,0.139666,,1587700,,
1,1,,0.064809,0.244104,0.110725,0.06123,0.015602,0.115842,0.018674,0.086994,0.0883,0.193719,,1545800,,
1,1,,0.03165,0.26157,0.081695,0.146864,0.013734,0.084244,0.022044,0.140089,0.104531,0.113579,,1538000,,
1,1,,0.06546,0.258466,0.055299,0.106113,0.032041,0.083707,0.01011,0.09671,0.116356,0.175738,,1537300,,
1,9,,0.072611,0.221261,0.074283,0.070842,0.023501,0.093153,0.015964,0.061014,0.104066,0.263305,,1538900,,
1,9,,0.031134,0.147599,0.097309,0.158638,0.014133,0.146804,0.021294,0.121176,0.085466,0.176445,,1539100,,
1,9,,0.069698,0.192592,0.038139,0.104641,0.05136,0.082425,0.02651,0.091336,0.112587,0.23071,,1549600,,
1,1,,0.066751,0.217462,0.194314,0.028508,0.034063,0.062935,0.075701,0.153774,0.102595,0.063898,,1548500,,
1,1,,0.057988,0.257369,0.057538,0.124981,0.020156,0.083707,0.02245,0.105455,0.123804,0.146553,,1539000,,
1,1,,0.031249,0.206611,0.086899,0.150414,0.019146,0.088333,0.022338,0.156785,0.119015,0.119211,,1538500,,
1,5,,0.054094,0.103598,0.131596,0.060478,0.027052,0.170842,0.107852,0.10244,0.138052,0.103995,,1554700,,
1,1,,0.086042,0.233218,0.036137,0.08964,0.030584,0.08072,0.031666,0.08681,0.100724,0.22446,,1563300,,
1,2,,0.049857,0.202531,0.230212,0.060473,0.010935,0.066063,0.043264,0.17964,0.101404,0.055622,,1548700,,
1,1,,0.05138,0.2493,0.066254,0.122041,0.014647,0.097594,0.006567,0.12006,0.122198,0.149959,,1537800,,
1,1,,0.067343,0.255083,0.050765,0.106131,0.033614,0.08506,0.023985,0.09576,0.086484,0.195774,,1539800,,
1,1,,0.032484,0.206358,0.172455,0.107543,0.013842,0.114622,0.024027,0.111211,0.092103,0.125355,,1542800,,
1,1,,0.046409,0.229928,0.167065,0.130654,0.009325,0.062468,0.047746,0.161754,0.083492,0.061157,,1537900,,
1,2,,0.060245,0.216897,0.22754,0.035696,0.032875,0.060516,0.06811,0.141999,0.095484,0.060639,,1537200,,
1,1,,0.056105,0.280751,0.062072,0.124963,0.018584,0.082354,0.008575,0.126405,0.113676,0.126516,,1537500,,
1,1,,0.042011,0.252944,0.065273,0.126277,0.014355,0.097065,0.006567,0.099143,0.121991,0.174374,,1554800,,
1,1,,0.056577,0.242049,0.111645,0.102309,0.013568,0.099647,0.005891,0.124353,0.122706,0.121254,,1544500,,
1,1,,0.070811,0.258244,0.053313,0.106374,0.027115,0.079229,0.0164,0.09506,0.11666,0.176794,,1537900,,
1,1,,0.085407,0.250234,0.042623,0.088456,0.030491,0.083279,0.031601,0.092232,0.095084,0.200594,,1535300,,
1,1,,0.071589,0.230309,0.046914,0.126004,0.042206,0.081954,0.024363,0.095866,0.102532,0.178262,,1535200,,
1,3,,0.042087,0.106907,0.132033,0.15289,0.017144,0.149683,0.062828,0.119177,0.108276,0.108974,,1553700,,
1,1,,0.042053,0.217812,0.09368,0.128485,0.01275,0.125215,0.007354,0.079264,0.106198,0.187189,,1548200,,
1,1,,0.031984,0.25801,0.086438,0.147948,0.015346,0.082942,0.020954,0.123693,0.1072,0.125484,,1548400,,
1,1,,0.056577,0.237338,0.099514,0.105646,0.01472,0.101545,0.009293,0.111802,0.122967,0.140598,,1537300,,
1,1,,0.071893,0.25707,0.062724,0.093402,0.023614,0.092507,0.013925,0.090839,0.103983,0.190043,,1533600,,
1,1,,0.032318,0.210764,0.10299,0.136064,0.014044,0.11918,0.021246,0.08237,0.093376,0.187649,,1570200,,
1,1,,0.042011,0.272944,0.085273,0.106277,0.014355,0.097065,0.006567,0.119143,0.121991,0.134374,,1541100,,
1,1,,0.03364,0.287198,0.195648,0.102399,0.008371,0.056367,0.024525,0.159506,0.073347,0.058998,,1548900,,
1,1,,0.030829,0.215272,0.099624,0.132111,0.014039,0.110477,0.006998,0.12948,0.1112,0.14997,,1545200,,
1,1,,0.030435,0.198983,0.126442,0.135505,0.012471,0.117827,0.007371,0.082239,0.102722,0.186005,,1539000,,
1,2,,0.021688,0.214171,0.259017,0.092064,0.011706,0.068408,0.040009,0.158605,0.076898,0.057435,,1543000,,
1,1,,0.056188,0.185823,0.076047,0.143267,0.018524,0.086927,0.009143,0.169631,0.132535,0.121915,,1540300,,
1,1,,0.055495,0.235833,0.058545,0.141104,0.018405,0.087474,0.00973,0.12588,0.135087,0.132445,,1540100,,
1,1,,0.072611,0.269369,0.062706,0.079748,0.023704,0.090244,0.013854,0.088612,0.103342,0.195811,,1538100,,
1,1,,0.031232,0.250833,0.087601,0.148348,0.018973,0.085977,0.022338,0.133667,0.101889,0.119143,,1550600,,
1,9,,0.032335,0.18562,0.101795,0.139353,0.014216,0.123158,0.021246,0.084406,0.092267,0.205603,,1557800,,
1,2,,0.050776,0.168546,0.267348,0.070657,0.024337,0.049258,0.063705,0.172475,0.075475,0.057424,,1544100,,
1,2,,0.031937,0.158925,0.268454,0.102454,0.011729,0.067856,0.042385,0.183706,0.052925,0.079629,,1542100,,
