optical,Tuned_CWT,test,0,NANOSECONDS,PREDICTIONS, Generated by ClassifierExperiments.java on 2022-05-16 01:15:47.    SYSTEMPROPERTIES:{user.name:matth,os.arch:amd64,os.name:Windows 10},ENDSYSTEMPROPERTIES
No parameter info
0.7945084145261293,3943981600,3207939700,-1,156468432,10,,-1,-1
0,0,,0.462947,0.021908,0.031071,0.003292,0.15904,0.018085,0.216904,0.02949,0.055452,0.00181,,2954500,,
0,0,,0.469614,0.021908,0.031071,0.003292,0.152373,0.018085,0.216904,0.02949,0.055452,0.00181,,2773000,,
0,0,,0.469614,0.021908,0.031071,0.003292,0.152373,0.018085,0.216904,0.02949,0.055452,0.00181,,4376000,,
0,0,,0.469614,0.021908,0.031071,0.003292,0.152373,0.018085,0.216904,0.02949,0.055452,0.00181,,2753100,,
0,0,,0.435357,0.025514,0.034301,0.005611,0.146534,0.03075,0.204236,0.029696,0.055375,0.032626,,2972000,,
0,0,,0.467261,0.021908,0.031071,0.003292,0.152373,0.018085,0.216904,0.02949,0.057805,0.00181,,2722600,,
0,0,,0.469614,0.021908,0.031071,0.003292,0.152373,0.018085,0.216904,0.02949,0.055452,0.00181,,3214200,,
0,0,,0.469614,0.021908,0.031071,0.003292,0.152373,0.018085,0.216904,0.02949,0.055452,0.00181,,2700400,,
0,0,,0.350357,0.025516,0.034228,0.004602,0.146461,0.074655,0.229236,0.029843,0.090089,0.015014,,2715500,,
0,0,,0.469614,0.021908,0.031071,0.003292,0.152373,0.018085,0.216904,0.02949,0.055452,0.00181,,2713900,,
0,4,,0.260359,0.021908,0.031295,0.003292,0.36022,0.018096,0.216979,0.030758,0.055208,0.001884,,2737200,,
0,0,,0.460359,0.021908,0.031295,0.003292,0.16022,0.018096,0.216979,0.030758,0.055208,0.001884,,2759300,,
0,0,,0.250724,0.022266,0.032218,0.003292,0.161915,0.215746,0.223141,0.033772,0.055116,0.00181,,2753700,,
0,0,,0.469614,0.021908,0.031071,0.003292,0.152373,0.018085,0.216904,0.02949,0.055452,0.00181,,2713700,,
0,0,,0.469614,0.021908,0.031071,0.003292,0.152373,0.018085,0.216904,0.02949,0.055452,0.00181,,2712000,,
0,0,,0.469614,0.021908,0.031071,0.003292,0.152373,0.018085,0.216904,0.02949,0.055452,0.00181,,2696200,,
0,0,,0.469614,0.021908,0.031071,0.003292,0.152373,0.018085,0.216904,0.02949,0.055452,0.00181,,3490100,,
0,0,,0.469614,0.021908,0.031071,0.003292,0.152373,0.018085,0.216904,0.02949,0.055452,0.00181,,2785700,,
0,0,,0.450724,0.022266,0.032218,0.003292,0.161915,0.019957,0.223141,0.029561,0.055116,0.00181,,2795600,,
0,0,,0.469614,0.021908,0.031071,0.003292,0.152373,0.018085,0.216904,0.02949,0.055452,0.00181,,2764100,,
0,0,,0.469614,0.021908,0.031071,0.003292,0.152373,0.018085,0.216904,0.02949,0.055452,0.00181,,2718500,,
0,0,,0.469614,0.021908,0.031071,0.003292,0.152373,0.018085,0.216904,0.02949,0.055452,0.00181,,2768600,,
0,0,,0.469614,0.021908,0.031071,0.003292,0.152373,0.018085,0.216904,0.02949,0.055452,0.00181,,2719200,,
0,0,,0.469614,0.021908,0.031071,0.003292,0.152373,0.018085,0.216904,0.02949,0.055452,0.00181,,2746600,,
0,0,,0.469614,0.021908,0.031071,0.003292,0.152373,0.018085,0.216904,0.02949,0.055452,0.00181,,2746000,,
0,0,,0.469614,0.021908,0.031071,0.003292,0.152373,0.018085,0.216904,0.02949,0.055452,0.00181,,2700800,,
0,0,,0.469614,0.021908,0.031071,0.003292,0.152373,0.018085,0.216904,0.02949,0.055452,0.00181,,2749300,,
0,0,,0.469614,0.021908,0.031071,0.003292,0.152373,0.018085,0.216904,0.02949,0.055452,0.00181,,2754000,,
0,0,,0.469614,0.021908,0.031071,0.003292,0.152373,0.018085,0.216904,0.02949,0.055452,0.00181,,2743300,,
0,0,,0.469614,0.021908,0.031071,0.003292,0.152373,0.018085,0.216904,0.02949,0.055452,0.00181,,2747000,,
0,0,,0.469614,0.021908,0.031071,0.003292,0.152373,0.018085,0.216904,0.02949,0.055452,0.00181,,2742900,,
0,0,,0.469614,0.021908,0.031071,0.003292,0.152373,0.018085,0.216904,0.02949,0.055452,0.00181,,2962300,,
0,0,,0.469614,0.021908,0.031071,0.003292,0.152373,0.018085,0.216904,0.02949,0.055452,0.00181,,2718900,,
0,0,,0.469614,0.021908,0.031071,0.003292,0.152373,0.018085,0.216904,0.02949,0.055452,0.00181,,2765800,,
0,0,,0.460359,0.021908,0.031295,0.003292,0.16022,0.018096,0.216979,0.030758,0.055208,0.001884,,2791100,,
0,0,,0.469614,0.021908,0.031071,0.003292,0.152373,0.018085,0.216904,0.02949,0.055452,0.00181,,2734700,,
0,0,,0.460359,0.021908,0.031295,0.003292,0.16022,0.018096,0.216979,0.030758,0.055208,0.001884,,2823400,,
0,0,,0.469614,0.021908,0.031071,0.003292,0.152373,0.018085,0.216904,0.02949,0.055452,0.00181,,2717900,,
0,0,,0.469614,0.021908,0.031071,0.003292,0.152373,0.018085,0.216904,0.02949,0.055452,0.00181,,2735600,,
0,0,,0.250724,0.022266,0.032218,0.003292,0.161915,0.215746,0.223141,0.033772,0.055116,0.00181,,2758900,,
0,0,,0.469614,0.021908,0.031071,0.003292,0.152373,0.018085,0.216904,0.02949,0.055452,0.00181,,2715600,,
0,0,,0.469614,0.021908,0.031071,0.003292,0.152373,0.018085,0.216904,0.02949,0.055452,0.00181,,2743000,,
0,0,,0.469614,0.021908,0.031071,0.003292,0.152373,0.018085,0.216904,0.02949,0.055452,0.00181,,2766000,,
0,0,,0.469614,0.021908,0.031071,0.003292,0.152373,0.018085,0.216904,0.02949,0.055452,0.00181,,2744500,,
0,0,,0.469614,0.021908,0.031071,0.003292,0.152373,0.018085,0.216904,0.02949,0.055452,0.00181,,2730000,,
0,0,,0.460359,0.021908,0.031295,0.003292,0.16022,0.018096,0.216979,0.030758,0.055208,0.001884,,2733600,,
0,0,,0.460359,0.021908,0.031295,0.003292,0.16022,0.018096,0.216979,0.030758,0.055208,0.001884,,3536000,,
0,0,,0.469614,0.021908,0.031071,0.003292,0.152373,0.018085,0.216904,0.02949,0.055452,0.00181,,2790100,,
0,0,,0.460359,0.021908,0.031295,0.003292,0.16022,0.018096,0.216979,0.030758,0.055208,0.001884,,2804000,,
0,0,,0.460359,0.021908,0.031295,0.003292,0.16022,0.018096,0.216979,0.030758,0.055208,0.001884,,2764800,,
0,0,,0.469614,0.021908,0.031071,0.003292,0.152373,0.018085,0.216904,0.02949,0.055452,0.00181,,2724500,,
0,0,,0.469614,0.021908,0.031071,0.003292,0.152373,0.018085,0.216904,0.02949,0.055452,0.00181,,2745600,,
0,0,,0.469614,0.021908,0.031071,0.003292,0.152373,0.018085,0.216904,0.02949,0.055452,0.00181,,2722500,,
0,0,,0.469614,0.021908,0.031071,0.003292,0.152373,0.018085,0.216904,0.02949,0.055452,0.00181,,2777500,,
0,0,,0.469614,0.021908,0.031071,0.003292,0.152373,0.018085,0.216904,0.02949,0.055452,0.00181,,2765700,,
0,0,,0.469614,0.021908,0.031071,0.003292,0.152373,0.018085,0.216904,0.02949,0.055452,0.00181,,2721000,,
0,0,,0.460359,0.021908,0.031295,0.003292,0.16022,0.018096,0.216979,0.030758,0.055208,0.001884,,2927300,,
0,0,,0.469614,0.021908,0.031071,0.003292,0.152373,0.018085,0.216904,0.02949,0.055452,0.00181,,2723700,,
0,0,,0.469614,0.021908,0.031071,0.003292,0.152373,0.018085,0.216904,0.02949,0.055452,0.00181,,3349600,,
0,0,,0.469614,0.021908,0.031071,0.003292,0.152373,0.018085,0.216904,0.02949,0.055452,0.00181,,2976500,,
0,0,,0.460359,0.021908,0.031295,0.003292,0.16022,0.018096,0.216979,0.030758,0.055208,0.001884,,2788600,,
0,0,,0.460359,0.021908,0.031295,0.003292,0.16022,0.018096,0.216979,0.030758,0.055208,0.001884,,2790900,,
0,0,,0.469614,0.021908,0.031071,0.003292,0.152373,0.018085,0.216904,0.02949,0.055452,0.00181,,2682800,,
0,0,,0.469614,0.021908,0.031071,0.003292,0.152373,0.018085,0.216904,0.02949,0.055452,0.00181,,2713900,,
0,0,,0.469614,0.021908,0.031071,0.003292,0.152373,0.018085,0.216904,0.02949,0.055452,0.00181,,2690200,,
0,0,,0.462947,0.021908,0.031071,0.003292,0.15904,0.018085,0.216904,0.02949,0.055452,0.00181,,2766100,,
0,0,,0.460359,0.021908,0.031295,0.003292,0.16022,0.018096,0.216979,0.030758,0.055208,0.001884,,2739300,,
0,0,,0.469614,0.021908,0.031071,0.003292,0.152373,0.018085,0.216904,0.02949,0.055452,0.00181,,2712600,,
0,0,,0.469614,0.021908,0.031071,0.003292,0.152373,0.018085,0.216904,0.02949,0.055452,0.00181,,2750400,,
0,0,,0.469614,0.021908,0.031071,0.003292,0.152373,0.018085,0.216904,0.02949,0.055452,0.00181,,2730300,,
0,0,,0.469614,0.021908,0.031071,0.003292,0.152373,0.018085,0.216904,0.02949,0.055452,0.00181,,2783600,,
0,0,,0.469614,0.021908,0.031071,0.003292,0.152373,0.018085,0.216904,0.02949,0.055452,0.00181,,2805100,,
0,0,,0.469614,0.021908,0.031071,0.003292,0.152373,0.018085,0.216904,0.02949,0.055452,0.00181,,2755000,,
0,0,,0.469614,0.021908,0.031071,0.003292,0.152373,0.018085,0.216904,0.02949,0.055452,0.00181,,3874300,,
0,0,,0.469614,0.021908,0.031071,0.003292,0.152373,0.018085,0.216904,0.02949,0.055452,0.00181,,4110500,,
0,0,,0.469614,0.021908,0.031071,0.003292,0.152373,0.018085,0.216904,0.02949,0.055452,0.00181,,2981400,,
0,0,,0.460359,0.021908,0.031295,0.003292,0.16022,0.018096,0.216979,0.030758,0.055208,0.001884,,2776500,,
0,0,,0.469614,0.021908,0.031071,0.003292,0.152373,0.018085,0.216904,0.02949,0.055452,0.00181,,2809000,,
0,0,,0.469614,0.021908,0.031071,0.003292,0.152373,0.018085,0.216904,0.02949,0.055452,0.00181,,2740200,,
0,0,,0.469614,0.021908,0.031071,0.003292,0.152373,0.018085,0.216904,0.02949,0.055452,0.00181,,2698700,,
0,0,,0.469614,0.021908,0.031071,0.003292,0.152373,0.018085,0.216904,0.02949,0.055452,0.00181,,2767800,,
0,0,,0.460359,0.021908,0.031295,0.003292,0.16022,0.018096,0.216979,0.030758,0.055208,0.001884,,2720800,,
0,0,,0.469614,0.021908,0.031071,0.003292,0.152373,0.018085,0.216904,0.02949,0.055452,0.00181,,2796500,,
0,0,,0.469614,0.021908,0.031071,0.003292,0.152373,0.018085,0.216904,0.02949,0.055452,0.00181,,2730700,,
0,0,,0.469614,0.021908,0.031071,0.003292,0.152373,0.018085,0.216904,0.02949,0.055452,0.00181,,2698100,,
0,0,,0.469614,0.021908,0.031071,0.003292,0.152373,0.018085,0.216904,0.02949,0.055452,0.00181,,2743400,,
0,0,,0.345724,0.022266,0.032218,0.003292,0.161915,0.044957,0.248141,0.029561,0.110116,0.00181,,2693700,,
0,0,,0.469614,0.021908,0.031071,0.003292,0.152373,0.018085,0.216904,0.02949,0.055452,0.00181,,2865800,,
0,0,,0.469614,0.021908,0.031071,0.003292,0.152373,0.018085,0.216904,0.02949,0.055452,0.00181,,2759100,,
0,0,,0.469614,0.021908,0.031071,0.003292,0.152373,0.018085,0.216904,0.02949,0.055452,0.00181,,2772500,,
0,0,,0.469614,0.021908,0.031071,0.003292,0.152373,0.018085,0.216904,0.02949,0.055452,0.00181,,2770800,,
0,0,,0.469614,0.021908,0.031071,0.003292,0.152373,0.018085,0.216904,0.02949,0.055452,0.00181,,2690000,,
0,0,,0.469614,0.021908,0.031071,0.003292,0.152373,0.018085,0.216904,0.02949,0.055452,0.00181,,2716400,,
0,0,,0.460359,0.021908,0.031295,0.003292,0.16022,0.018096,0.216979,0.030758,0.055208,0.001884,,2713300,,
0,0,,0.450724,0.022266,0.032218,0.003292,0.161915,0.019957,0.223141,0.029561,0.055116,0.00181,,2777000,,
0,0,,0.469614,0.021908,0.031071,0.003292,0.152373,0.018085,0.216904,0.02949,0.055452,0.00181,,2803900,,
0,0,,0.467261,0.021908,0.031071,0.003292,0.152373,0.018085,0.216904,0.02949,0.057805,0.00181,,2724000,,
0,0,,0.460359,0.021908,0.031295,0.003292,0.16022,0.018096,0.216979,0.030758,0.055208,0.001884,,2728300,,
0,0,,0.469614,0.021908,0.031071,0.003292,0.152373,0.018085,0.216904,0.02949,0.055452,0.00181,,2708800,,
0,0,,0.454426,0.028009,0.035443,0.018075,0.144591,0.01828,0.204236,0.037366,0.054699,0.004875,,2724300,,
0,0,,0.460359,0.021908,0.031295,0.003292,0.16022,0.018096,0.216979,0.030758,0.055208,0.001884,,2811900,,
0,4,,0.260359,0.021908,0.031295,0.003292,0.36022,0.018096,0.216979,0.030758,0.055208,0.001884,,2737000,,
0,0,,0.450509,0.021908,0.031283,0.003292,0.152521,0.018021,0.236268,0.02949,0.054898,0.00181,,2873600,,
0,0,,0.469614,0.021908,0.031071,0.003292,0.152373,0.018085,0.216904,0.02949,0.055452,0.00181,,2729100,,
0,6,,0.250509,0.021908,0.031283,0.003292,0.152521,0.018021,0.436268,0.02949,0.054898,0.00181,,2707700,,
0,0,,0.469614,0.021908,0.031071,0.003292,0.152373,0.018085,0.216904,0.02949,0.055452,0.00181,,2821900,,
0,0,,0.469614,0.021908,0.031071,0.003292,0.152373,0.018085,0.216904,0.02949,0.055452,0.00181,,2750100,,
0,0,,0.469614,0.021908,0.031071,0.003292,0.152373,0.018085,0.216904,0.02949,0.055452,0.00181,,2742100,,
0,0,,0.250724,0.022266,0.032218,0.003292,0.161915,0.215746,0.223141,0.033772,0.055116,0.00181,,2695800,,
0,0,,0.460359,0.021908,0.031295,0.003292,0.16022,0.018096,0.216979,0.030758,0.055208,0.001884,,2722000,,
0,0,,0.469614,0.021908,0.031071,0.003292,0.152373,0.018085,0.216904,0.02949,0.055452,0.00181,,2710800,,
1,1,,0.046208,0.392663,0.059536,0.021358,0.05244,0.007905,0.054552,0.055021,0.30326,0.007058,,2901800,,
1,1,,0.000343,0.300544,0.089499,0.169451,0.033677,0.140127,0,0.094235,0.013943,0.158182,,2782400,,
1,1,,0.046477,0.386891,0.060411,0.007651,0.055583,0.007132,0.057375,0.052767,0.321353,0.004361,,2806000,,
1,1,,0.000343,0.300544,0.089499,0.169451,0.033677,0.140127,0,0.094235,0.013943,0.158182,,2700800,,
1,1,,0.000343,0.300544,0.089499,0.169451,0.033677,0.140127,0,0.094235,0.013943,0.158182,,4651800,,
1,6,,0.250724,0.162266,0.037218,0.003292,0.171915,0.024957,0.253141,0.029561,0.065116,0.00181,,2773000,,
1,9,,0.000343,0.101036,0.092003,0.165297,0.040179,0.139958,0,0.095038,0.019643,0.346502,,2878800,,
1,7,,0.049226,0.26154,0.042462,0.0104,0.178198,0.016847,0.057468,0.271971,0.107435,0.004454,,2742700,,
1,1,,0.000343,0.301036,0.092003,0.161087,0.035968,0.139958,0,0.095038,0.015433,0.159134,,2744500,,
1,1,,0.046477,0.388913,0.060411,0.007651,0.055583,0.007132,0.057375,0.052767,0.319331,0.004361,,2673900,,
1,8,,0.045737,0.09257,0.08433,0.111987,0.064483,0.111666,0.045881,0.080772,0.228188,0.134386,,2683900,,
1,1,,0.046477,0.388913,0.060411,0.007651,0.055583,0.007132,0.057375,0.052767,0.319331,0.004361,,2807300,,
1,1,,0.000343,0.304206,0.098037,0.163176,0.033359,0.140041,0,0.09377,0.014312,0.152757,,2715400,,
1,1,,0.000379,0.294997,0.087597,0.147046,0.034924,0.171184,0,0.086025,0.015099,0.162748,,2746200,,
1,1,,0.000343,0.26349,0.088889,0.213212,0.03299,0.140822,0,0.093548,0.013943,0.152763,,2694000,,
1,1,,0.000454,0.298283,0.092224,0.147719,0.037238,0.159899,0,0.085878,0.015326,0.162979,,2714500,,
1,1,,0.046477,0.344184,0.060411,0.007651,0.079794,0.007132,0.081586,0.052767,0.315638,0.004361,,2746500,,
1,9,,0.000454,0.198283,0.092224,0.147719,0.077238,0.169899,0,0.085878,0.015326,0.212979,,2719700,,
1,1,,0.045701,0.294169,0.091578,0.119202,0.059938,0.099431,0.045881,0.087174,0.051321,0.105605,,2852100,,
1,1,,0.046477,0.392605,0.060411,0.007651,0.055583,0.007132,0.057375,0.052767,0.315638,0.004361,,2792300,,
1,1,,0.046477,0.392605,0.060411,0.007651,0.055583,0.007132,0.057375,0.052767,0.315638,0.004361,,2703300,,
1,2,,0.000454,0.098283,0.290002,0.147719,0.03946,0.159899,0,0.085878,0.015326,0.162979,,2771900,,
1,1,,0.000343,0.300544,0.089499,0.169451,0.033677,0.140127,0,0.094235,0.013943,0.158182,,2715600,,
1,5,,0.000379,0.094997,0.087597,0.147046,0.034924,0.371184,0,0.086025,0.015099,0.162748,,2713100,,
1,1,,0.046477,0.392605,0.060411,0.007651,0.055583,0.007132,0.057375,0.052767,0.315638,0.004361,,2720400,,
1,1,,0.052765,0.332451,0.04421,0.058079,0.072201,0.011869,0.159499,0.046047,0.205301,0.017579,,2733600,,
1,3,,0.000343,0.103823,0.088889,0.362212,0.03299,0.151489,0,0.093548,0.013943,0.152763,,2710100,,
1,1,,0.046477,0.392605,0.060411,0.007651,0.055583,0.007132,0.057375,0.052767,0.315638,0.004361,,2722100,,
1,1,,0.046477,0.392605,0.060411,0.007651,0.055583,0.007132,0.057375,0.052767,0.315638,0.004361,,2731100,,
1,1,,0.000343,0.304206,0.098037,0.163176,0.033359,0.140041,0,0.09377,0.014312,0.152757,,2696500,,
1,1,,0.046477,0.392605,0.060411,0.007651,0.055583,0.007132,0.057375,0.052767,0.315638,0.004361,,2703200,,
1,9,,0.000343,0.108965,0.089499,0.169451,0.033677,0.148548,0,0.094235,0.018154,0.337129,,2793600,,
1,4,,0.058098,0.138165,0.04421,0.058079,0.250867,0.011869,0.175499,0.046047,0.199586,0.017579,,2705600,,
1,1,,0.000418,0.300923,0.093439,0.161266,0.035303,0.147581,0,0.093548,0.014316,0.153206,,2701200,,
1,1,,0.000343,0.304206,0.098037,0.163176,0.033359,0.140041,0,0.09377,0.014312,0.152757,,3764800,,
1,1,,0.046477,0.386891,0.060411,0.007651,0.055583,0.007132,0.057375,0.052767,0.321353,0.004361,,2724900,,
1,1,,0.000343,0.300544,0.089499,0.169451,0.033677,0.140127,0,0.094235,0.013943,0.158182,,2819100,,
1,1,,0.052699,0.33333,0.052709,0.060142,0.071513,0.012164,0.159169,0.045344,0.195533,0.017397,,2757500,,
1,1,,0.053034,0.334415,0.045085,0.044372,0.075344,0.011096,0.162323,0.043792,0.215657,0.014882,,2760000,,
1,1,,0.046477,0.392605,0.060411,0.007651,0.055583,0.007132,0.057375,0.052767,0.315638,0.004361,,2731300,,
1,1,,0.046142,0.387827,0.068035,0.02342,0.051753,0.0082,0.054222,0.054318,0.299207,0.006876,,2685000,,
1,5,,0.000379,0.094997,0.087597,0.147046,0.034924,0.371184,0,0.086025,0.015099,0.162748,,2710600,,
1,1,,0.000343,0.29915,0.088887,0.161123,0.033443,0.140425,0,0.109624,0.014019,0.152986,,2702100,,
1,1,,0.000343,0.300544,0.089499,0.169451,0.033677,0.140127,0,0.094235,0.013943,0.158182,,2737900,,
1,1,,0.053034,0.338107,0.045085,0.044372,0.075344,0.011096,0.162323,0.043792,0.211965,0.014882,,2715300,,
1,9,,0.000379,0.103416,0.08767,0.148056,0.034997,0.160701,0,0.085878,0.019597,0.359307,,2696400,,
1,7,,0.000343,0.09915,0.088887,0.161123,0.033443,0.140425,0,0.309624,0.014019,0.152986,,2721700,,
1,1,,0.046477,0.392605,0.060411,0.007651,0.055583,0.007132,0.057375,0.052767,0.315638,0.004361,,2677500,,
1,1,,0.046477,0.392605,0.060411,0.007651,0.055583,0.007132,0.057375,0.052767,0.315638,0.004361,,2897900,,
1,1,,0.000343,0.304206,0.098037,0.163176,0.033359,0.140041,0,0.09377,0.014312,0.152757,,3333900,,
1,3,,0.000343,0.189157,0.088889,0.223545,0.03299,0.204822,0,0.093548,0.013943,0.152763,,2730600,,
1,1,,0.000343,0.29915,0.088887,0.161123,0.033443,0.140425,0,0.109624,0.014019,0.152986,,2859300,,
1,1,,0.046477,0.392605,0.060411,0.007651,0.055583,0.007132,0.057375,0.052767,0.315638,0.004361,,2699800,,
1,1,,0.045701,0.290506,0.08304,0.125477,0.060256,0.099517,0.045881,0.08764,0.050952,0.11103,,2698300,,
1,1,,0.046208,0.392663,0.059536,0.021358,0.05244,0.007905,0.054552,0.055021,0.30326,0.007058,,2713600,,
1,1,,0.045701,0.290506,0.08304,0.125477,0.060256,0.099517,0.045881,0.08764,0.050952,0.11103,,2755400,,
1,1,,0.000379,0.298397,0.090789,0.147541,0.037903,0.152276,0,0.087367,0.016442,0.168906,,2733400,,
1,1,,0.000454,0.298283,0.092224,0.147719,0.037238,0.159899,0,0.085878,0.015326,0.162979,,2722700,,
1,1,,0.000343,0.29915,0.088887,0.161123,0.033443,0.140425,0,0.109624,0.014019,0.152986,,2706000,,
1,1,,0.000343,0.300544,0.089499,0.169451,0.033677,0.140127,0,0.094235,0.013943,0.158182,,2698100,,
1,7,,0.000343,0.09915,0.088887,0.161123,0.033443,0.140425,0,0.309624,0.014019,0.152986,,2724700,,
1,1,,0.046142,0.382772,0.058885,0.021367,0.051837,0.008584,0.054222,0.070173,0.298913,0.007105,,4346100,,
1,4,,0.058367,0.138107,0.045085,0.044372,0.25401,0.011096,0.178323,0.043792,0.211965,0.014882,,2887000,,
1,1,,0.046477,0.392605,0.060411,0.007651,0.055583,0.007132,0.057375,0.052767,0.315638,0.004361,,2874100,,
1,1,,0.046142,0.376397,0.058887,0.038456,0.051384,0.008982,0.054222,0.054097,0.304552,0.006882,,2703000,,
1,1,,0.046477,0.392605,0.060411,0.007651,0.055583,0.007132,0.057375,0.052767,0.315638,0.004361,,2870000,,
1,1,,0.000379,0.294995,0.08767,0.148056,0.034997,0.15228,0,0.085878,0.015386,0.18036,,2818400,,
1,1,,0.053034,0.332393,0.045085,0.044372,0.075344,0.011096,0.162323,0.043792,0.217679,0.014882,,2717700,,
1,1,,0.046477,0.392605,0.060411,0.007651,0.055583,0.007132,0.057375,0.052767,0.315638,0.004361,,2771900,,
1,7,,0.045701,0.089113,0.082428,0.117149,0.060022,0.099815,0.045881,0.303029,0.051028,0.105834,,2687300,,
1,1,,0.000454,0.298283,0.092224,0.147719,0.037238,0.159899,0,0.085878,0.015326,0.162979,,2710700,,
1,1,,0.000343,0.300544,0.089499,0.169451,0.033677,0.140127,0,0.094235,0.013943,0.158182,,2734800,,
1,1,,0.053034,0.332393,0.045085,0.044372,0.075344,0.011096,0.162323,0.043792,0.217679,0.014882,,2731800,,
1,1,,0.046477,0.388913,0.060411,0.007651,0.055583,0.007132,0.057375,0.052767,0.319331,0.004361,,2748400,,
1,1,,0.000343,0.300544,0.089499,0.169451,0.033677,0.140127,0,0.094235,0.013943,0.158182,,2732300,,
1,1,,0.000454,0.298283,0.092224,0.147719,0.037238,0.159899,0,0.085878,0.015326,0.162979,,2849000,,
1,1,,0.000454,0.298283,0.092224,0.147719,0.037238,0.159899,0,0.085878,0.015326,0.162979,,2723800,,
1,1,,0.000343,0.209157,0.088889,0.203545,0.03299,0.204822,0,0.093548,0.013943,0.152763,,2710100,,
1,1,,0.046477,0.392605,0.060411,0.007651,0.055583,0.007132,0.057375,0.052767,0.315638,0.004361,,2855600,,
1,6,,0.250724,0.088933,0.032218,0.003292,0.161915,0.019957,0.356474,0.029561,0.055116,0.00181,,2792100,,
1,1,,0.046477,0.392605,0.060411,0.007651,0.055583,0.007132,0.057375,0.052767,0.315638,0.004361,,2757900,,
1,1,,0.000379,0.298397,0.090789,0.147541,0.037903,0.152276,0,0.087367,0.016442,0.168906,,2746700,,
1,9,,0.000343,0.09849,0.088889,0.182422,0.0372,0.140822,0,0.093548,0.018154,0.340131,,2731200,,
1,1,,0.000343,0.26349,0.088889,0.213212,0.03299,0.140822,0,0.093548,0.013943,0.152763,,2767200,,
1,1,,0.046477,0.392605,0.060411,0.007651,0.055583,0.007132,0.057375,0.052767,0.315638,0.004361,,2752600,,
1,1,,0.046477,0.392605,0.060411,0.007651,0.055583,0.007132,0.057375,0.052767,0.315638,0.004361,,2785400,,
1,1,,0.046477,0.392605,0.060411,0.007651,0.055583,0.007132,0.057375,0.052767,0.315638,0.004361,,2724100,,
1,1,,0.045701,0.289113,0.082428,0.117149,0.060022,0.099815,0.045881,0.103029,0.051028,0.105834,,2724800,,
1,1,,0.000343,0.304206,0.098037,0.163176,0.033359,0.140041,0,0.09377,0.014312,0.152757,,2745100,,
1,1,,0.000343,0.304206,0.098037,0.163176,0.033359,0.140041,0,0.09377,0.014312,0.152757,,2740100,,
1,1,,0.000343,0.29849,0.088889,0.178212,0.03299,0.140822,0,0.093548,0.013943,0.152763,,3088900,,
1,1,,0.046477,0.392605,0.060411,0.007651,0.055583,0.007132,0.057375,0.052767,0.315638,0.004361,,2733000,,
1,1,,0.053034,0.338107,0.045085,0.044372,0.075344,0.011096,0.162323,0.043792,0.211965,0.014882,,2701900,,
1,2,,0.000454,0.098283,0.270002,0.147719,0.05946,0.159899,0,0.085878,0.015326,0.162979,,2782900,,
1,1,,0.000343,0.300544,0.089499,0.169451,0.033677,0.140127,0,0.094235,0.013943,0.158182,,2699900,,
1,1,,0.046477,0.324184,0.060411,0.007651,0.119794,0.007132,0.061586,0.052767,0.315638,0.004361,,2773100,,
1,5,,0.000379,0.094997,0.087597,0.147046,0.034924,0.371184,0,0.086025,0.015099,0.162748,,2801000,,
1,1,,0.000379,0.294997,0.087597,0.147046,0.034924,0.171184,0,0.086025,0.015099,0.162748,,2755500,,
1,1,,0.000379,0.298397,0.090789,0.147541,0.037903,0.152276,0,0.087367,0.016442,0.168906,,2766900,,
1,2,,0.000454,0.098283,0.290002,0.147719,0.03946,0.159899,0,0.085878,0.015326,0.162979,,2708600,,
1,9,,0.000343,0.09915,0.088887,0.165334,0.037653,0.140425,0,0.109624,0.018229,0.340355,,2717200,,
1,1,,0.000454,0.198283,0.092224,0.147719,0.097238,0.169899,0,0.085878,0.015326,0.192979,,2747600,,
1,1,,0.000343,0.300544,0.089499,0.169451,0.033677,0.140127,0,0.094235,0.013943,0.158182,,2781400,,
1,2,,0.000343,0.18992,0.212323,0.163176,0.033359,0.140041,0,0.09377,0.014312,0.152757,,2775400,,
1,1,,0.046477,0.392605,0.060411,0.007651,0.055583,0.007132,0.057375,0.052767,0.315638,0.004361,,2727400,,
1,1,,0.000343,0.301036,0.092003,0.161087,0.035968,0.139958,0,0.095038,0.015433,0.159134,,3296600,,
1,1,,0.000343,0.300544,0.089499,0.169451,0.033677,0.140127,0,0.094235,0.013943,0.158182,,3625800,,
1,7,,0.048891,0.249685,0.040937,0.024116,0.174451,0.018299,0.054314,0.289377,0.092732,0.007198,,2937300,,
1,1,,0.000343,0.304206,0.098037,0.163176,0.033359,0.140041,0,0.09377,0.014312,0.152757,,2861200,,
1,1,,0.000343,0.29915,0.088887,0.161123,0.033443,0.140425,0,0.109624,0.014019,0.152986,,2729400,,
1,4,,0.250724,0.022266,0.032218,0.003292,0.361915,0.019957,0.223141,0.029561,0.055116,0.00181,,2747200,,
1,1,,0.000343,0.300544,0.089499,0.169451,0.033677,0.140127,0,0.094235,0.013943,0.158182,,2713300,,
1,1,,0.046477,0.388913,0.060411,0.007651,0.055583,0.007132,0.057375,0.052767,0.319331,0.004361,,2722600,,
1,1,,0.046477,0.392605,0.060411,0.007651,0.055583,0.007132,0.057375,0.052767,0.315638,0.004361,,2805900,,
1,1,,0.046477,0.392605,0.060411,0.007651,0.055583,0.007132,0.057375,0.052767,0.315638,0.004361,,2758800,,
2,2,,0.000454,0.098283,0.292224,0.147719,0.037238,0.159899,0,0.085878,0.015326,0.162979,,2745100,,
2,7,,0.000343,0.09915,0.152697,0.184933,0.033443,0.140425,0,0.218195,0.014019,0.156796,,2699200,,
2,8,,0.061396,0.186562,0.055164,0.057242,0.060223,0.00771,0.06722,0.047144,0.388013,0.069326,,3335000,,
2,2,,0.000343,0.104206,0.258037,0.183176,0.033359,0.140041,0,0.09377,0.024312,0.162757,,3014000,,
2,6,,0.250509,0.021908,0.050783,0.003292,0.208021,0.018021,0.305768,0.02949,0.110398,0.00181,,2809900,,
2,6,,0.250724,0.022266,0.032218,0.003292,0.161915,0.019957,0.423141,0.029561,0.055116,0.00181,,2855500,,
2,2,,0.000343,0.104206,0.298037,0.163176,0.033359,0.140041,0,0.09377,0.014312,0.152757,,2727700,,
2,2,,0.000379,0.098397,0.290789,0.147541,0.037903,0.152276,0,0.087367,0.016442,0.168906,,2745700,,
2,2,,0.000343,0.104206,0.298037,0.163176,0.033359,0.140041,0,0.09377,0.014312,0.152757,,2698000,,
2,2,,0.000454,0.098283,0.292224,0.147719,0.037238,0.159899,0,0.085878,0.015326,0.162979,,2753800,,
2,1,,0.046142,0.344135,0.068035,0.02342,0.051753,0.0082,0.054222,0.054318,0.342899,0.006876,,2770000,,
2,2,,0.045812,0.088246,0.285765,0.103745,0.063818,0.119289,0.045881,0.079283,0.052335,0.115827,,2720200,,
2,6,,0.250724,0.022266,0.032218,0.003292,0.161915,0.019957,0.423141,0.029561,0.055116,0.00181,,2747900,,
2,8,,0.046477,0.251736,0.060411,0.007651,0.055583,0.007132,0.057375,0.052767,0.456508,0.004361,,2724700,,
2,6,,0.250509,0.021908,0.031283,0.003292,0.152521,0.018021,0.436268,0.02949,0.054898,0.00181,,2762400,,
2,2,,0.04816,0.044478,0.483008,0.010887,0.055731,0.006049,0.059301,0.061308,0.226712,0.004366,,2726600,,
2,2,,0.000343,0.104206,0.298037,0.163176,0.033359,0.140041,0,0.09377,0.014312,0.152757,,2750500,,
2,6,,0.250509,0.021908,0.031283,0.003292,0.172521,0.018021,0.416268,0.02949,0.054898,0.00181,,2941400,,
2,1,,0.046742,0.377693,0.069751,0.00805,0.055322,0.007331,0.059164,0.051843,0.319875,0.00423,,2747000,,
2,2,,0.000343,0.100544,0.289499,0.169451,0.033677,0.140127,0,0.094235,0.013943,0.158182,,2700300,,
2,3,,0.000343,0.100544,0.162832,0.282784,0.033677,0.140127,0,0.094235,0.013943,0.171515,,2827200,,
2,2,,0.000454,0.098283,0.292224,0.147719,0.037238,0.159899,0,0.085878,0.015326,0.162979,,2734700,,
2,2,,0.047968,0.044147,0.406554,0.010033,0.060581,0.006129,0.057251,0.139612,0.223418,0.004307,,2838200,,
2,2,,0.04816,0.044478,0.483008,0.010887,0.055731,0.006049,0.059301,0.061308,0.226712,0.004366,,2770200,,
2,0,,0.325359,0.021908,0.056295,0.003292,0.18022,0.018096,0.216979,0.100758,0.075208,0.001884,,2721000,,
2,1,,0.045701,0.248454,0.091578,0.164916,0.059938,0.099431,0.045881,0.087174,0.051321,0.105605,,2789600,,
2,2,,0.000343,0.104206,0.298037,0.163176,0.033359,0.140041,0,0.09377,0.014312,0.152757,,2865700,,
2,2,,0.04816,0.044478,0.483008,0.010887,0.055731,0.006049,0.059301,0.061308,0.226712,0.004366,,2741200,,
2,2,,0.045701,0.094169,0.291578,0.119202,0.059938,0.099431,0.045881,0.087174,0.051321,0.105605,,2721500,,
2,2,,0.04816,0.044478,0.483008,0.010887,0.055731,0.006049,0.059301,0.061308,0.226712,0.004366,,2738300,,
2,3,,0.000343,0.100544,0.089499,0.349451,0.033677,0.140127,0,0.094235,0.013943,0.178182,,2694800,,
2,2,,0.000343,0.104206,0.298037,0.163176,0.033359,0.140041,0,0.09377,0.014312,0.152757,,2703900,,
2,2,,0.000454,0.098283,0.292224,0.147719,0.037238,0.159899,0,0.085878,0.015326,0.162979,,4322200,,
2,1,,0.046477,0.388913,0.060411,0.007651,0.055583,0.007132,0.057375,0.052767,0.319331,0.004361,,3225700,,
2,3,,0.000379,0.094995,0.154942,0.280783,0.034997,0.15228,0,0.085878,0.015386,0.18036,,3344800,,
2,7,,0.000343,0.09915,0.088887,0.161123,0.033443,0.140425,0,0.309624,0.014019,0.152986,,3161600,,
2,2,,0.000343,0.104206,0.298037,0.163176,0.033359,0.140041,0,0.09377,0.014312,0.152757,,3182300,,
2,6,,0.250509,0.021908,0.070783,0.003292,0.208021,0.018021,0.305768,0.02949,0.090398,0.00181,,3128600,,
2,3,,0.000454,0.098283,0.119497,0.320447,0.037238,0.159899,0,0.085878,0.015326,0.162979,,3157400,,
2,2,,0.000454,0.098283,0.292224,0.147719,0.037238,0.159899,0,0.085878,0.015326,0.162979,,3146600,,
2,2,,0.000454,0.098283,0.292224,0.147719,0.037238,0.159899,0,0.085878,0.015326,0.162979,,3170600,,
2,2,,0.000454,0.098283,0.28778,0.147719,0.041682,0.159899,0,0.085878,0.015326,0.162979,,3180000,,
2,3,,0.000343,0.100544,0.122832,0.322784,0.033677,0.140127,0,0.094235,0.013943,0.171515,,2916300,,
2,2,,0.000343,0.104206,0.298037,0.163176,0.033359,0.140041,0,0.09377,0.014312,0.152757,,2713300,,
2,2,,0.000454,0.098283,0.292224,0.147719,0.037238,0.159899,0,0.085878,0.015326,0.162979,,2707900,,
2,2,,0.000343,0.100544,0.289499,0.169451,0.033677,0.140127,0,0.094235,0.013943,0.158182,,3079400,,
2,2,,0.000343,0.104206,0.298037,0.163176,0.033359,0.140041,0,0.09377,0.014312,0.152757,,3163100,,
2,3,,0.045701,0.094169,0.118851,0.291929,0.059938,0.099431,0.045881,0.087174,0.051321,0.105605,,2773000,,
2,2,,0.047928,0.041896,0.480918,0.011048,0.054523,0.019139,0.056477,0.055892,0.215343,0.016836,,2826000,,
2,2,,0.045812,0.088246,0.285765,0.103745,0.063818,0.119289,0.045881,0.079283,0.052335,0.115827,,2701900,,
2,8,,0.046477,0.251736,0.060411,0.007651,0.055583,0.007132,0.057375,0.052767,0.456508,0.004361,,2770400,,
2,2,,0.04756,0.044205,0.468068,0.027811,0.052005,0.006623,0.073722,0.063562,0.209579,0.006864,,2752500,,
2,2,,0.000454,0.098283,0.292224,0.147719,0.037238,0.159899,0,0.085878,0.015326,0.162979,,2738800,,
2,2,,0.000379,0.098397,0.290789,0.147541,0.037903,0.152276,0,0.087367,0.016442,0.168906,,2727900,,
2,8,,0.04655,0.297362,0.059964,0.007196,0.060172,0.007411,0.057115,0.06348,0.396581,0.004171,,2688200,,
2,2,,0.000379,0.098397,0.250789,0.167541,0.037903,0.152276,0,0.087367,0.026442,0.178906,,2713600,,
2,6,,0.250509,0.021908,0.050783,0.003292,0.208021,0.018021,0.305768,0.02949,0.110398,0.00181,,2738700,,
2,2,,0.000379,0.098397,0.290789,0.147541,0.037903,0.152276,0,0.087367,0.016442,0.168906,,2722600,,
2,2,,0.04816,0.044478,0.483008,0.010887,0.055731,0.006049,0.059301,0.061308,0.226712,0.004366,,3770400,,
2,2,,0.000454,0.098283,0.292224,0.147719,0.037238,0.159899,0,0.085878,0.015326,0.162979,,2740300,,
2,2,,0.000454,0.098283,0.292224,0.147719,0.037238,0.159899,0,0.085878,0.015326,0.162979,,2940000,,
2,2,,0.000343,0.104206,0.298037,0.163176,0.033359,0.140041,0,0.09377,0.014312,0.152757,,2722900,,
2,6,,0.235432,0.028802,0.038855,0.005275,0.148775,0.03837,0.404236,0.029696,0.055315,0.015245,,2820400,,
2,2,,0.000343,0.104206,0.298037,0.163176,0.033359,0.140041,0,0.09377,0.014312,0.152757,,2724800,,
2,6,,0.250724,0.022266,0.032218,0.003292,0.161915,0.019957,0.423141,0.029561,0.055116,0.00181,,2716800,,
2,2,,0.000343,0.104206,0.298037,0.163176,0.033359,0.140041,0,0.09377,0.014312,0.152757,,2735900,,
2,2,,0.000343,0.100544,0.289499,0.169451,0.033677,0.140127,0,0.094235,0.013943,0.158182,,2710100,,
2,1,,0.000343,0.258492,0.098037,0.208891,0.033359,0.140041,0,0.09377,0.014312,0.152757,,2716500,,
2,2,,0.045812,0.088246,0.285765,0.103745,0.063818,0.119289,0.045881,0.079283,0.052335,0.115827,,2708200,,
2,8,,0.046477,0.251736,0.060411,0.007651,0.055583,0.007132,0.057375,0.052767,0.456508,0.004361,,2726200,,
2,2,,0.045701,0.094169,0.291578,0.119202,0.059938,0.099431,0.045881,0.087174,0.051321,0.105605,,2713000,,
2,2,,0.047891,0.044536,0.482133,0.024594,0.052588,0.006822,0.056477,0.063562,0.214334,0.007063,,2688500,,
2,2,,0.04816,0.044478,0.483008,0.010887,0.055731,0.006049,0.059301,0.061308,0.226712,0.004366,,3089800,,
2,1,,0.046477,0.324184,0.060411,0.007651,0.079794,0.007132,0.101586,0.052767,0.315638,0.004361,,4491100,,
2,8,,0.061396,0.186562,0.102223,0.15481,0.060223,0.00771,0.06722,0.047144,0.308719,0.003993,,4983800,,
2,2,,0.04816,0.044478,0.483008,0.010887,0.055731,0.006049,0.059301,0.061308,0.226712,0.004366,,3158200,,
2,2,,0.04816,0.200786,0.323008,0.010887,0.055731,0.006049,0.059301,0.061308,0.230404,0.004366,,2763400,,
2,3,,0.000343,0.100544,0.122832,0.322784,0.033677,0.140127,0,0.094235,0.013943,0.171515,,2687600,,
2,2,,0.000343,0.104206,0.298037,0.163176,0.033359,0.140041,0,0.09377,0.014312,0.152757,,2733900,,
2,2,,0.000454,0.098283,0.292224,0.147719,0.037238,0.159899,0,0.085878,0.015326,0.162979,,2801700,,
2,2,,0.000343,0.104206,0.298037,0.163176,0.033359,0.140041,0,0.09377,0.014312,0.152757,,3363900,,
2,2,,0.000343,0.104206,0.298037,0.163176,0.033359,0.140041,0,0.09377,0.014312,0.152757,,2742800,,
2,8,,0.061545,0.234499,0.055585,0.005981,0.068773,0.009645,0.073127,0.046292,0.440891,0.003663,,2702400,,
2,8,,0.046477,0.308913,0.060411,0.007651,0.055583,0.007132,0.057375,0.052767,0.399331,0.004361,,2684900,,
2,2,,0.04816,0.044478,0.483008,0.010887,0.055731,0.006049,0.059301,0.061308,0.226712,0.004366,,2708500,,
2,2,,0.04756,0.050921,0.481292,0.026257,0.052162,0.006918,0.054358,0.063784,0.209736,0.007012,,2764100,,
2,9,,0.000379,0.094995,0.08767,0.148056,0.034997,0.15228,0,0.085878,0.015386,0.38036,,2786100,,
2,8,,0.046477,0.348913,0.060411,0.007651,0.055583,0.007132,0.057375,0.052767,0.359331,0.004361,,2712300,,
2,2,,0.000343,0.104206,0.298037,0.163176,0.033359,0.140041,0,0.09377,0.014312,0.152757,,2769200,,
2,2,,0.000454,0.098283,0.292224,0.147719,0.037238,0.159899,0,0.085878,0.015326,0.162979,,2727600,,
2,6,,0.250509,0.021908,0.038783,0.003292,0.221926,0.018021,0.329959,0.02949,0.084302,0.00181,,2729700,,
2,2,,0.04816,0.200786,0.323008,0.010887,0.055731,0.006049,0.059301,0.061308,0.230404,0.004366,,2878200,,
2,2,,0.000343,0.09915,0.288887,0.161123,0.033443,0.140425,0,0.109624,0.014019,0.152986,,2702300,,
2,2,,0.000343,0.10992,0.292323,0.163176,0.033359,0.140041,0,0.09377,0.014312,0.152757,,2746800,,
2,2,,0.04816,0.044478,0.483008,0.010887,0.055731,0.006049,0.059301,0.061308,0.226712,0.004366,,2704300,,
2,2,,0.000343,0.104206,0.298037,0.163176,0.033359,0.140041,0,0.09377,0.014312,0.152757,,2687200,,
2,2,,0.000379,0.098397,0.290789,0.147541,0.037903,0.152276,0,0.087367,0.016442,0.168906,,2772400,,
2,2,,0.000343,0.104206,0.298037,0.163176,0.033359,0.140041,0,0.09377,0.014312,0.152757,,2783300,,
2,2,,0.000454,0.098283,0.292224,0.147719,0.037238,0.159899,0,0.085878,0.015326,0.162979,,2723400,,
2,2,,0.000343,0.104206,0.298037,0.163176,0.033359,0.140041,0,0.09377,0.014312,0.152757,,2706600,,
2,2,,0.000379,0.098397,0.290789,0.147541,0.037903,0.152276,0,0.087367,0.016442,0.168906,,2703000,,
2,2,,0.000418,0.100923,0.293439,0.161266,0.035303,0.147581,0,0.093548,0.014316,0.153206,,2788100,,
2,6,,0.250509,0.021908,0.031283,0.003292,0.152521,0.018021,0.436268,0.02949,0.054898,0.00181,,2860300,,
2,2,,0.000343,0.104206,0.298037,0.163176,0.033359,0.140041,0,0.09377,0.014312,0.152757,,2776400,,
2,2,,0.000343,0.104206,0.298037,0.163176,0.033359,0.140041,0,0.09377,0.014312,0.152757,,2738800,,
2,3,,0.000379,0.094995,0.094942,0.340783,0.034997,0.15228,0,0.085878,0.015386,0.18036,,2698100,,
2,1,,0.046253,0.378212,0.062222,0.007964,0.055632,0.028058,0.054222,0.046427,0.303913,0.017098,,2722000,,
2,6,,0.250509,0.021908,0.031283,0.003292,0.152521,0.018021,0.436268,0.02949,0.054898,0.00181,,2673000,,
2,2,,0.000343,0.104206,0.298037,0.163176,0.033359,0.140041,0,0.09377,0.014312,0.152757,,2743300,,
2,2,,0.000343,0.100544,0.289499,0.169451,0.033677,0.140127,0,0.094235,0.013943,0.158182,,2750200,,
2,8,,0.046477,0.351736,0.060411,0.007651,0.055583,0.007132,0.057375,0.052767,0.356508,0.004361,,2706600,,
2,8,,0.046253,0.298212,0.062222,0.007964,0.055632,0.028058,0.054222,0.046427,0.383913,0.017098,,2702500,,
3,8,,0.046477,0.192605,0.060411,0.007651,0.055583,0.007132,0.057375,0.107767,0.460638,0.004361,,2678300,,
3,3,,0.000343,0.09849,0.088889,0.378212,0.03299,0.140822,0,0.093548,0.013943,0.152763,,2757800,,
3,3,,0.000343,0.09849,0.088889,0.378212,0.03299,0.140822,0,0.093548,0.013943,0.152763,,4289600,,
3,3,,0.000343,0.09849,0.088889,0.378212,0.03299,0.140822,0,0.093548,0.013943,0.152763,,2862400,,
3,8,,0.052968,0.126892,0.045164,0.044181,0.074757,0.011499,0.16508,0.043204,0.421569,0.014687,,2774500,,
3,3,,0.000343,0.09849,0.088889,0.378212,0.03299,0.140822,0,0.093548,0.013943,0.152763,,2690600,,
3,3,,0.000343,0.09849,0.088889,0.378212,0.03299,0.140822,0,0.093548,0.013943,0.152763,,2723500,,
3,9,,0.000343,0.106056,0.088884,0.161602,0.033062,0.148383,0,0.093548,0.018587,0.349535,,2705200,,
3,3,,0.000343,0.100544,0.089499,0.369451,0.033677,0.140127,0,0.094235,0.013943,0.158182,,2889400,,
3,9,,0.000454,0.098283,0.092224,0.165497,0.037238,0.168788,0,0.085878,0.033104,0.318534,,2900300,,
3,9,,0.045737,0.084958,0.081211,0.104082,0.061576,0.11167,0.045881,0.079283,0.052395,0.333208,,2683500,,
3,3,,0.000343,0.09849,0.088889,0.378212,0.03299,0.140822,0,0.093548,0.013943,0.152763,,2716600,,
3,2,,0.000454,0.098283,0.290002,0.147719,0.03946,0.159899,0,0.085878,0.015326,0.162979,,2724700,,
3,3,,0.000343,0.09849,0.088889,0.378212,0.03299,0.140822,0,0.093548,0.013943,0.152763,,2697100,,
3,5,,0.000343,0.09849,0.088889,0.178212,0.03299,0.340822,0,0.093548,0.013943,0.152763,,2707400,,
3,3,,0.000343,0.09849,0.088889,0.378212,0.03299,0.140822,0,0.093548,0.013943,0.152763,,2712000,,
3,3,,0.000343,0.100544,0.089499,0.369451,0.033677,0.140127,0,0.094235,0.013943,0.158182,,3436000,,
3,3,,0.000343,0.100544,0.096166,0.336117,0.033677,0.140127,0,0.094235,0.013943,0.184848,,2836800,,
3,3,,0.000343,0.09849,0.088889,0.378212,0.03299,0.140822,0,0.093548,0.013943,0.152763,,2832400,,
3,3,,0.000343,0.100544,0.109499,0.349451,0.033677,0.140127,0,0.094235,0.013943,0.158182,,2759800,,
3,3,,0.000343,0.09849,0.088889,0.378212,0.03299,0.140822,0,0.093548,0.013943,0.152763,,2716200,,
3,3,,0.000343,0.09849,0.088889,0.378212,0.03299,0.140822,0,0.093548,0.013943,0.152763,,2728100,,
3,3,,0.000343,0.09849,0.088889,0.351545,0.03299,0.140822,0,0.093548,0.013943,0.17943,,2702800,,
3,3,,0.000343,0.100544,0.089499,0.349451,0.033677,0.140127,0,0.094235,0.013943,0.178182,,2732800,,
3,3,,0.000343,0.100544,0.089499,0.291673,0.033677,0.140127,0,0.172013,0.013943,0.158182,,2681900,,
3,3,,0.000343,0.100544,0.096166,0.356117,0.033677,0.140127,0,0.094235,0.013943,0.164848,,2689700,,
3,3,,0.000343,0.100544,0.096166,0.336117,0.033677,0.140127,0,0.094235,0.013943,0.184848,,2796600,,
3,9,,0.000343,0.09849,0.088889,0.184878,0.059656,0.140822,0,0.093548,0.047277,0.286096,,2720000,,
3,3,,0.000343,0.100544,0.089499,0.369451,0.033677,0.140127,0,0.094235,0.013943,0.158182,,2733100,,
3,3,,0.000343,0.09849,0.088889,0.378212,0.03299,0.140822,0,0.093548,0.013943,0.152763,,2741600,,
3,3,,0.000343,0.09849,0.088889,0.351545,0.03299,0.140822,0,0.093548,0.013943,0.17943,,2683900,,
3,3,,0.000343,0.09849,0.088889,0.378212,0.03299,0.140822,0,0.093548,0.013943,0.152763,,2738200,,
3,7,,0.045701,0.089113,0.126238,0.140959,0.060022,0.099815,0.045881,0.2116,0.051028,0.129644,,2734400,,
3,7,,0.000379,0.102841,0.090789,0.147541,0.042348,0.152276,0,0.274034,0.016442,0.173351,,2762100,,
3,3,,0.000343,0.100544,0.094832,0.358784,0.033677,0.140127,0,0.094235,0.013943,0.163515,,2741500,,
3,3,,0.000343,0.09849,0.088889,0.378212,0.03299,0.140822,0,0.093548,0.013943,0.152763,,2716300,,
3,3,,0.000343,0.09849,0.088889,0.351545,0.03299,0.140822,0,0.093548,0.013943,0.17943,,2707500,,
3,3,,0.000343,0.09849,0.088889,0.378212,0.03299,0.140822,0,0.093548,0.013943,0.152763,,2691000,,
3,8,,0.052699,0.127614,0.043561,0.075177,0.071144,0.012946,0.159169,0.045123,0.395164,0.017403,,2732800,,
3,3,,0.000343,0.09849,0.088889,0.351545,0.03299,0.140822,0,0.093548,0.013943,0.17943,,2811200,,
3,3,,0.000343,0.100544,0.102832,0.322784,0.033677,0.140127,0,0.094235,0.013943,0.191515,,2749100,,
3,3,,0.000343,0.100544,0.096166,0.336117,0.033677,0.140127,0,0.094235,0.013943,0.184848,,2751100,,
3,3,,0.000343,0.100544,0.096166,0.336117,0.033677,0.140127,0,0.094235,0.013943,0.184848,,2693400,,
3,3,,0.000343,0.100544,0.089499,0.369451,0.033677,0.140127,0,0.094235,0.013943,0.158182,,2679200,,
3,3,,0.000343,0.09849,0.088889,0.378212,0.03299,0.140822,0,0.093548,0.013943,0.152763,,2738200,,
3,3,,0.000343,0.100544,0.096166,0.336117,0.033677,0.140127,0,0.094235,0.013943,0.184848,,2771900,,
3,3,,0.000343,0.100544,0.096166,0.356117,0.033677,0.140127,0,0.094235,0.013943,0.164848,,3442900,,
3,8,,0.057299,0.126887,0.054425,0.088771,0.079082,0.019295,0.164112,0.042868,0.220509,0.146751,,3021200,,
3,3,,0.000343,0.09849,0.088889,0.331545,0.03299,0.140822,0,0.093548,0.013943,0.19943,,2772100,,
3,3,,0.000343,0.09849,0.088889,0.378212,0.03299,0.140822,0,0.093548,0.013943,0.152763,,2776700,,
3,3,,0.000343,0.09849,0.088889,0.378212,0.03299,0.140822,0,0.093548,0.013943,0.152763,,2706000,,
