optical,Tuned_CWT,test,1,NANOSECONDS,PREDICTIONS, Generated by ClassifierExperiments.java on 2022-05-16 01:18:51.    SYSTEMPROPERTIES:{user.name:matth,os.arch:amd64,os.name:Windows 10},ENDSYSTEMPROPERTIES
No parameter info
0.8007085916740478,4669891500,3198831000,-1,152522864,10,,-1,-1
0,0,,0.517208,0.011904,0.021999,0.016011,0.146131,0.020726,0.212393,0.021297,0.031857,0.000474,,3022300,,
0,0,,0.517208,0.011904,0.021999,0.016011,0.146131,0.020726,0.212393,0.021297,0.031857,0.000474,,2782200,,
0,0,,0.509502,0.011904,0.022413,0.001466,0.165777,0.017089,0.2126,0.02341,0.035366,0.000474,,2780800,,
0,0,,0.509512,0.01482,0.024221,0.023282,0.142308,0.020855,0.206161,0.025269,0.031512,0.002061,,2767200,,
0,0,,0.517208,0.011904,0.021999,0.021466,0.146131,0.017089,0.212393,0.019479,0.031857,0.000474,,2784000,,
0,0,,0.537208,0.011904,0.021999,0.001466,0.146131,0.017089,0.212393,0.019479,0.031857,0.000474,,2881800,,
0,0,,0.517208,0.030475,0.021999,0.002894,0.146131,0.017089,0.212393,0.019479,0.031857,0.000474,,2736900,,
0,0,,0.537208,0.011904,0.021999,0.001466,0.146131,0.017089,0.212393,0.019479,0.031857,0.000474,,2729900,,
0,0,,0.517208,0.011904,0.021999,0.017021,0.146131,0.017089,0.212393,0.019479,0.031857,0.004919,,2729900,,
0,0,,0.517208,0.011904,0.038363,0.005102,0.146131,0.017089,0.212393,0.019479,0.031857,0.000474,,2758900,,
0,6,,0.25893,0.013194,0.02587,0.001466,0.176022,0.022896,0.448952,0.019694,0.032502,0.000474,,2782100,,
0,0,,0.517208,0.011904,0.021999,0.001466,0.146131,0.017089,0.232393,0.019479,0.031857,0.000474,,2816900,,
0,0,,0.517208,0.011904,0.029499,0.001466,0.152381,0.017089,0.218643,0.019479,0.031857,0.000474,,3999800,,
0,0,,0.517208,0.011904,0.021999,0.003966,0.146131,0.019589,0.212393,0.019479,0.031857,0.015474,,3274600,,
0,0,,0.537208,0.011904,0.021999,0.001466,0.146131,0.017089,0.212393,0.019479,0.031857,0.000474,,2854800,,
0,0,,0.517208,0.011904,0.021999,0.001466,0.146131,0.017089,0.232393,0.019479,0.031857,0.000474,,2835600,,
0,0,,0.537208,0.011904,0.021999,0.001466,0.146131,0.017089,0.212393,0.019479,0.031857,0.000474,,2830600,,
0,0,,0.537208,0.011904,0.021999,0.001466,0.146131,0.017089,0.212393,0.019479,0.031857,0.000474,,2808800,,
0,0,,0.537208,0.011904,0.021999,0.001466,0.146131,0.017089,0.212393,0.019479,0.031857,0.000474,,2735000,,
0,0,,0.537208,0.011904,0.021999,0.001466,0.146131,0.017089,0.212393,0.019479,0.031857,0.000474,,2760900,,
0,0,,0.537208,0.011904,0.021999,0.001466,0.146131,0.017089,0.212393,0.019479,0.031857,0.000474,,2728400,,
0,0,,0.523875,0.011904,0.021999,0.001466,0.152797,0.017089,0.212393,0.019479,0.038524,0.000474,,2759700,,
0,0,,0.517208,0.015237,0.021999,0.001466,0.162797,0.017089,0.212393,0.019479,0.031857,0.000474,,2827400,,
0,0,,0.517208,0.011904,0.021999,0.001466,0.166131,0.017089,0.212393,0.019479,0.031857,0.000474,,2739200,,
0,0,,0.517208,0.011904,0.021999,0.016011,0.146131,0.020726,0.212393,0.021297,0.031857,0.000474,,2740900,,
0,0,,0.537208,0.011904,0.021999,0.001466,0.146131,0.017089,0.212393,0.019479,0.031857,0.000474,,2776900,,
0,0,,0.537208,0.011904,0.021999,0.001466,0.146131,0.017089,0.212393,0.019479,0.031857,0.000474,,2711200,,
0,0,,0.517208,0.011904,0.029499,0.001466,0.152381,0.017089,0.218643,0.019479,0.031857,0.000474,,3484000,,
0,0,,0.537208,0.011904,0.021999,0.001466,0.146131,0.017089,0.212393,0.019479,0.031857,0.000474,,2776900,,
0,0,,0.537208,0.011904,0.021999,0.001466,0.146131,0.017089,0.212393,0.019479,0.031857,0.000474,,2779700,,
0,0,,0.537208,0.011904,0.021999,0.001466,0.146131,0.017089,0.212393,0.019479,0.031857,0.000474,,2726100,,
0,0,,0.517208,0.015237,0.021999,0.001466,0.162797,0.017089,0.212393,0.019479,0.031857,0.000474,,2727900,,
0,0,,0.537208,0.011904,0.021999,0.001466,0.146131,0.017089,0.212393,0.019479,0.031857,0.000474,,2734700,,
0,0,,0.537208,0.011904,0.021999,0.001466,0.146131,0.017089,0.212393,0.019479,0.031857,0.000474,,2816200,,
0,0,,0.537208,0.011904,0.021999,0.001466,0.146131,0.017089,0.212393,0.019479,0.031857,0.000474,,2807300,,
0,0,,0.537208,0.011904,0.021999,0.001466,0.146131,0.017089,0.212393,0.019479,0.031857,0.000474,,2733300,,
0,6,,0.25893,0.018528,0.035204,0.001466,0.176022,0.025563,0.428952,0.019694,0.035168,0.000474,,2764700,,
0,0,,0.517208,0.011904,0.021999,0.021466,0.146131,0.017089,0.212393,0.019479,0.031857,0.000474,,2743800,,
0,0,,0.517208,0.011904,0.021999,0.017021,0.146131,0.017089,0.212393,0.019479,0.031857,0.004919,,2763800,,
0,0,,0.537208,0.011904,0.021999,0.001466,0.146131,0.017089,0.212393,0.019479,0.031857,0.000474,,2791300,,
0,0,,0.517208,0.011904,0.021999,0.001466,0.166131,0.017089,0.212393,0.019479,0.031857,0.000474,,2772100,,
0,0,,0.45893,0.016528,0.02587,0.001466,0.192689,0.022896,0.228952,0.019694,0.032502,0.000474,,2927800,,
0,0,,0.497208,0.011904,0.021999,0.001466,0.146131,0.017089,0.212393,0.019479,0.071857,0.000474,,2764600,,
0,0,,0.517208,0.015237,0.021999,0.001466,0.162797,0.017089,0.212393,0.019479,0.031857,0.000474,,2787200,,
0,0,,0.537208,0.011904,0.021999,0.001466,0.146131,0.017089,0.212393,0.019479,0.031857,0.000474,,2927800,,
0,0,,0.537208,0.011904,0.021999,0.001466,0.146131,0.017089,0.212393,0.019479,0.031857,0.000474,,2771100,,
0,0,,0.537208,0.011904,0.021999,0.001466,0.146131,0.017089,0.212393,0.019479,0.031857,0.000474,,2807200,,
0,0,,0.517208,0.011904,0.021999,0.001466,0.166131,0.017089,0.212393,0.019479,0.031857,0.000474,,2740600,,
0,0,,0.537208,0.011904,0.021999,0.001466,0.146131,0.017089,0.212393,0.019479,0.031857,0.000474,,2698000,,
0,0,,0.517208,0.015237,0.021999,0.001466,0.162797,0.017089,0.212393,0.019479,0.031857,0.000474,,2717700,,
0,0,,0.537208,0.011904,0.021999,0.001466,0.146131,0.017089,0.212393,0.019479,0.031857,0.000474,,2765900,,
0,0,,0.517208,0.011904,0.021999,0.003966,0.146131,0.019589,0.212393,0.019479,0.031857,0.015474,,2759700,,
0,0,,0.537208,0.011904,0.021999,0.001466,0.146131,0.017089,0.212393,0.019479,0.031857,0.000474,,2754300,,
0,0,,0.517208,0.013722,0.021999,0.001466,0.147949,0.017089,0.212393,0.019479,0.031857,0.016838,,2701200,,
0,0,,0.537208,0.011904,0.021999,0.001466,0.146131,0.017089,0.212393,0.019479,0.031857,0.000474,,3502600,,
0,0,,0.517208,0.011904,0.029499,0.001466,0.152381,0.017089,0.218643,0.019479,0.031857,0.000474,,2711000,,
0,0,,0.537208,0.011904,0.021999,0.001466,0.146131,0.017089,0.212393,0.019479,0.031857,0.000474,,2824400,,
0,0,,0.517208,0.011904,0.021999,0.001466,0.146131,0.017089,0.232393,0.019479,0.031857,0.000474,,2749000,,
0,0,,0.537208,0.011904,0.021999,0.001466,0.146131,0.017089,0.212393,0.019479,0.031857,0.000474,,2742100,,
0,8,,0.040507,0.128332,0.167608,0.008705,0.03212,0.004098,0.040935,0.046019,0.527984,0.003691,,2788100,,
0,0,,0.537208,0.011904,0.021999,0.001466,0.146131,0.017089,0.212393,0.019479,0.031857,0.000474,,2704000,,
0,0,,0.517208,0.011904,0.021999,0.003966,0.146131,0.019589,0.212393,0.019479,0.031857,0.015474,,2753000,,
0,0,,0.517208,0.011904,0.029499,0.001466,0.152381,0.017089,0.218643,0.019479,0.031857,0.000474,,2723500,,
0,0,,0.517208,0.011904,0.021999,0.017021,0.146131,0.017089,0.212393,0.019479,0.031857,0.004919,,2744400,,
0,0,,0.517208,0.015237,0.021999,0.001466,0.162797,0.017089,0.212393,0.019479,0.031857,0.000474,,2767900,,
0,0,,0.517208,0.011904,0.038363,0.005102,0.146131,0.017089,0.212393,0.019479,0.031857,0.000474,,2739400,,
0,0,,0.537208,0.011904,0.021999,0.001466,0.146131,0.017089,0.212393,0.019479,0.031857,0.000474,,2730800,,
0,0,,0.517208,0.011904,0.021999,0.001466,0.146131,0.017089,0.232393,0.019479,0.031857,0.000474,,2739500,,
0,6,,0.25893,0.018528,0.035204,0.001466,0.176022,0.025563,0.428952,0.019694,0.035168,0.000474,,2739400,,
0,0,,0.517208,0.013722,0.021999,0.001466,0.147949,0.017089,0.212393,0.019479,0.031857,0.016838,,2782000,,
0,0,,0.517208,0.015237,0.021999,0.001466,0.162797,0.017089,0.212393,0.019479,0.031857,0.000474,,2753400,,
0,0,,0.537208,0.011904,0.021999,0.001466,0.146131,0.017089,0.212393,0.019479,0.031857,0.000474,,3191400,,
0,0,,0.517208,0.011904,0.021999,0.001466,0.146131,0.017089,0.232393,0.019479,0.031857,0.000474,,2772000,,
0,0,,0.537208,0.011904,0.021999,0.001466,0.146131,0.017089,0.212393,0.019479,0.031857,0.000474,,2721900,,
0,0,,0.45893,0.016528,0.02587,0.001466,0.192689,0.022896,0.228952,0.019694,0.032502,0.000474,,2840700,,
0,0,,0.517208,0.017237,0.031333,0.001466,0.146131,0.019756,0.212393,0.019479,0.034524,0.000474,,2721900,,
0,0,,0.537208,0.011904,0.021999,0.001466,0.146131,0.017089,0.212393,0.019479,0.031857,0.000474,,2830800,,
0,0,,0.537208,0.011904,0.021999,0.001466,0.146131,0.017089,0.212393,0.019479,0.031857,0.000474,,2732300,,
0,0,,0.517208,0.011904,0.021999,0.001466,0.166131,0.017089,0.212393,0.019479,0.031857,0.000474,,2711400,,
0,0,,0.537208,0.011904,0.021999,0.001466,0.146131,0.017089,0.212393,0.019479,0.031857,0.000474,,2753100,,
0,0,,0.537208,0.011904,0.021999,0.001466,0.146131,0.017089,0.212393,0.019479,0.031857,0.000474,,2712100,,
0,6,,0.260106,0.015547,0.02587,0.001466,0.176022,0.022896,0.445422,0.019694,0.032502,0.000474,,2786100,,
0,0,,0.517208,0.011904,0.021999,0.001466,0.146131,0.017089,0.212393,0.019479,0.031857,0.020474,,2770600,,
0,0,,0.517208,0.015237,0.021999,0.001466,0.162797,0.017089,0.212393,0.019479,0.031857,0.000474,,2709300,,
0,0,,0.517208,0.015237,0.021999,0.001466,0.162797,0.017089,0.212393,0.019479,0.031857,0.000474,,3856000,,
0,0,,0.45893,0.013194,0.02587,0.001466,0.176022,0.022896,0.248952,0.019694,0.032502,0.000474,,3012700,,
0,0,,0.537208,0.011904,0.021999,0.001466,0.146131,0.017089,0.212393,0.019479,0.031857,0.000474,,2903400,,
0,0,,0.45764,0.011904,0.023048,0.001466,0.146334,0.017299,0.290085,0.019479,0.032271,0.000474,,2757900,,
0,0,,0.523875,0.011904,0.021999,0.001466,0.152797,0.017089,0.212393,0.019479,0.038524,0.000474,,2749000,,
0,6,,0.25764,0.011904,0.023048,0.001466,0.146334,0.017299,0.490085,0.019479,0.032271,0.000474,,2720600,,
0,0,,0.537208,0.011904,0.021999,0.001466,0.146131,0.017089,0.212393,0.019479,0.031857,0.000474,,2711100,,
0,0,,0.537208,0.011904,0.021999,0.001466,0.146131,0.017089,0.212393,0.019479,0.031857,0.000474,,2731400,,
0,0,,0.537208,0.011904,0.021999,0.001466,0.146131,0.017089,0.212393,0.019479,0.031857,0.000474,,2738000,,
0,0,,0.517208,0.011904,0.029499,0.001466,0.152381,0.017089,0.218643,0.019479,0.031857,0.000474,,2802300,,
0,0,,0.523875,0.011904,0.021999,0.001466,0.152797,0.017089,0.212393,0.019479,0.038524,0.000474,,2709500,,
0,0,,0.517208,0.011904,0.021999,0.001466,0.146131,0.017089,0.232393,0.019479,0.031857,0.000474,,2696300,,
0,0,,0.517208,0.011904,0.021999,0.017021,0.146131,0.017089,0.212393,0.019479,0.031857,0.004919,,2737300,,
0,0,,0.537208,0.011904,0.021999,0.001466,0.146131,0.017089,0.212393,0.019479,0.031857,0.000474,,2709100,,
0,0,,0.537208,0.011904,0.021999,0.001466,0.146131,0.017089,0.212393,0.019479,0.031857,0.000474,,2895000,,
0,6,,0.25893,0.016528,0.02587,0.001466,0.192689,0.022896,0.428952,0.019694,0.032502,0.000474,,2764700,,
0,0,,0.537208,0.011904,0.021999,0.001466,0.146131,0.017089,0.212393,0.019479,0.031857,0.000474,,2710400,,
0,0,,0.449961,0.014163,0.024406,0.005128,0.143596,0.04435,0.206161,0.019788,0.032627,0.05982,,2790500,,
0,0,,0.537208,0.011904,0.021999,0.001466,0.146131,0.017089,0.212393,0.019479,0.031857,0.000474,,2727500,,
0,0,,0.537208,0.011904,0.021999,0.001466,0.146131,0.017089,0.212393,0.019479,0.031857,0.000474,,2760400,,
0,0,,0.517208,0.017237,0.031333,0.001466,0.146131,0.019756,0.212393,0.019479,0.034524,0.000474,,2738800,,
0,0,,0.45893,0.013194,0.042234,0.005102,0.176022,0.022896,0.228952,0.019694,0.032502,0.000474,,2756600,,
0,0,,0.517208,0.015237,0.021999,0.001466,0.162797,0.017089,0.212393,0.019479,0.031857,0.000474,,2749000,,
0,0,,0.517208,0.011904,0.021999,0.001466,0.146131,0.037089,0.212393,0.019479,0.031857,0.000474,,2750000,,
0,0,,0.537208,0.011904,0.021999,0.001466,0.146131,0.017089,0.212393,0.019479,0.031857,0.000474,,2761800,,
0,0,,0.537208,0.011904,0.021999,0.001466,0.146131,0.017089,0.212393,0.019479,0.031857,0.000474,,2718300,,
0,0,,0.537208,0.011904,0.021999,0.001466,0.146131,0.017089,0.212393,0.019479,0.031857,0.000474,,2736900,,
1,9,,0.000322,0.126141,0.084144,0.1448,0.056609,0.133261,0,0.216905,0.012916,0.224901,,2814100,,
1,1,,0.020507,0.381313,0.167486,0.010606,0.03262,0.003274,0.032519,0.047513,0.300109,0.004053,,2730500,,
1,1,,0.000322,0.311373,0.085923,0.171095,0.035391,0.13277,0,0.08823,0.012688,0.162207,,2897900,,
1,1,,0.000322,0.305638,0.112592,0.170719,0.03471,0.132091,0,0.086664,0.013791,0.143473,,2737400,,
1,1,,0.000322,0.311373,0.085923,0.171095,0.035391,0.13277,0,0.08823,0.012688,0.162207,,2710700,,
1,1,,0.000322,0.306141,0.084144,0.1448,0.036609,0.133261,0,0.136905,0.012916,0.144901,,2793100,,
1,7,,0.019328,0.0865,0.080855,0.126782,0.045817,0.116374,0.019224,0.352563,0.028534,0.124023,,2742000,,
1,1,,0.000322,0.311825,0.093258,0.145736,0.044195,0.132039,0,0.090582,0.017048,0.164994,,2812100,,
1,1,,0.000322,0.29404,0.085923,0.191095,0.035391,0.13277,0,0.08823,0.012688,0.15954,,2744300,,
1,1,,0.000569,0.300325,0.106727,0.13981,0.041301,0.162756,0,0.082347,0.017204,0.148961,,2697900,,
1,1,,0.019328,0.318937,0.109304,0.1327,0.046271,0.115203,0.019224,0.084675,0.029408,0.124949,,2722700,,
1,1,,0.000322,0.289671,0.084144,0.1448,0.035432,0.133261,0,0.155728,0.012916,0.143724,,2730300,,
1,1,,0.024593,0.38313,0.032353,0.053263,0.047644,0.011497,0.176354,0.030014,0.224464,0.01669,,2762100,,
1,1,,0.019328,0.290869,0.082635,0.168632,0.045776,0.115882,0.019224,0.085065,0.028306,0.144284,,2754300,,
1,1,,0.000569,0.313563,0.097394,0.141238,0.041301,0.160089,0,0.082347,0.014537,0.148961,,2688400,,
1,9,,0.000322,0.09404,0.087923,0.247095,0.035391,0.13477,0,0.08823,0.012688,0.29954,,2733000,,
1,1,,0.000322,0.311373,0.085923,0.171095,0.035391,0.13277,0,0.08823,0.012688,0.162207,,2701900,,
1,9,,0.000322,0.094492,0.093258,0.165736,0.044195,0.132039,0,0.090582,0.017048,0.362327,,2720200,,
1,1,,0.000322,0.311373,0.085923,0.171095,0.035391,0.13277,0,0.08823,0.012688,0.162207,,4161900,,
1,1,,0.000322,0.29404,0.085923,0.191095,0.035391,0.13277,0,0.08823,0.012688,0.15954,,2766300,,
1,1,,0.000569,0.314992,0.097394,0.13981,0.041301,0.160089,0,0.082347,0.014537,0.148961,,2760600,,
1,1,,0.000322,0.306141,0.084144,0.1448,0.036609,0.133261,0,0.136905,0.012916,0.144901,,2712600,,
1,1,,0.000551,0.316287,0.09806,0.146397,0.040223,0.154022,0,0.086223,0.014057,0.14418,,2743100,,
1,1,,0.022959,0.304775,0.027251,0.01731,0.191326,0.017283,0.030106,0.296645,0.085712,0.006634,,2754400,,
1,9,,0.00034,0.113197,0.095925,0.139148,0.118607,0.141439,0,0.126707,0.017528,0.247108,,2769300,,
1,1,,0.020507,0.361513,0.167486,0.010606,0.03262,0.003274,0.032519,0.067513,0.299909,0.004053,,2755700,,
1,1,,0.020507,0.379113,0.167486,0.010606,0.03302,0.003274,0.032919,0.047513,0.301509,0.004053,,2719200,,
1,1,,0.000322,0.322971,0.112592,0.150719,0.03471,0.132091,0,0.086664,0.013791,0.14614,,2740500,,
1,1,,0.000322,0.306141,0.084144,0.1448,0.036609,0.133261,0,0.136905,0.012916,0.144901,,2723800,,
1,1,,0.024491,0.356678,0.058746,0.077212,0.044157,0.012592,0.173441,0.030796,0.20508,0.016807,,2756400,,
1,5,,0.00034,0.084917,0.083249,0.137504,0.034685,0.414038,0,0.082995,0.0136,0.148671,,3583700,,
1,1,,0.000322,0.288623,0.084151,0.216601,0.033607,0.134267,0,0.086458,0.012688,0.143282,,2737600,,
1,4,,0.250189,0.124247,0.037699,0.004887,0.269787,0.046099,0.206161,0.019575,0.033145,0.00821,,2795400,,
1,1,,0.019328,0.308202,0.082635,0.153076,0.045776,0.115882,0.019224,0.085065,0.028306,0.142506,,2715300,,
1,1,,0.020507,0.361513,0.167486,0.010606,0.03262,0.003274,0.032519,0.067513,0.299909,0.004053,,2756500,,
1,1,,0.000322,0.306141,0.084144,0.1448,0.036609,0.133261,0,0.136905,0.012916,0.144901,,2787000,,
1,1,,0.020507,0.381513,0.167486,0.010606,0.03262,0.003274,0.032519,0.047513,0.299909,0.004053,,2790800,,
1,1,,0.020406,0.361266,0.167318,0.017304,0.031129,0.003678,0.030952,0.068839,0.293654,0.005454,,2765500,,
1,4,,0.000569,0.101658,0.097394,0.144254,0.247968,0.160089,0,0.082347,0.014537,0.151183,,2734200,,
1,1,,0.024491,0.368149,0.058746,0.064712,0.045333,0.012592,0.173441,0.029473,0.20508,0.017983,,2734200,,
1,8,,0.029393,0.284833,0.166852,0.007725,0.063136,0.009163,0.072396,0.062774,0.300629,0.003099,,2755800,,
1,1,,0.020507,0.379113,0.167486,0.010606,0.03302,0.003274,0.032919,0.047513,0.301509,0.004053,,2783600,,
1,1,,0.000322,0.289671,0.084144,0.1448,0.035432,0.133261,0,0.155728,0.012916,0.143724,,2839300,,
1,1,,0.020507,0.381313,0.167486,0.010606,0.03262,0.003274,0.032519,0.047513,0.300109,0.004053,,2748200,,
1,1,,0.000322,0.311373,0.085923,0.171095,0.035391,0.13277,0,0.08823,0.012688,0.162207,,2878400,,
1,1,,0.00034,0.293197,0.092592,0.159148,0.045274,0.138106,0,0.086707,0.017528,0.167108,,2785300,,
1,1,,0.00034,0.28726,0.0841,0.140051,0.036287,0.140692,0,0.08256,0.015196,0.213512,,2827400,,
1,1,,0.020507,0.381313,0.167486,0.010606,0.03262,0.003274,0.032519,0.047513,0.300109,0.004053,,2853500,,
1,9,,0.000569,0.121658,0.097394,0.144254,0.047968,0.180089,0,0.082347,0.014537,0.311183,,2769700,,
1,1,,0.020507,0.381513,0.167486,0.010606,0.03262,0.003274,0.032519,0.047513,0.299909,0.004053,,2761100,,
1,1,,0.000322,0.325638,0.112592,0.150719,0.03471,0.132091,0,0.086664,0.013791,0.143473,,2742600,,
1,1,,0.000322,0.29404,0.085923,0.191095,0.035391,0.13277,0,0.08823,0.012688,0.15954,,2712800,,
1,1,,0.00034,0.293197,0.092592,0.139148,0.045274,0.158106,0,0.086707,0.017528,0.167108,,2811900,,
1,1,,0.000569,0.313563,0.097394,0.141238,0.041301,0.160089,0,0.082347,0.014537,0.148961,,2762900,,
1,1,,0.000322,0.289671,0.084144,0.1648,0.035432,0.133261,0,0.135728,0.012916,0.143724,,2779800,,
1,1,,0.000322,0.305638,0.112592,0.170719,0.03471,0.132091,0,0.086664,0.013791,0.143473,,2714900,,
1,1,,0.000322,0.307004,0.084144,0.1448,0.035432,0.133261,0,0.135728,0.012916,0.146391,,2706500,,
1,1,,0.00034,0.293197,0.092592,0.139148,0.045274,0.158106,0,0.086707,0.017528,0.167108,,2743000,,
1,1,,0.020507,0.361513,0.167486,0.010606,0.03262,0.003274,0.032519,0.067513,0.299909,0.004053,,2743000,,
1,1,,0.020507,0.381313,0.167486,0.010606,0.03262,0.003274,0.032519,0.047513,0.300109,0.004053,,3025300,,
1,1,,0.00034,0.293197,0.092592,0.159148,0.045274,0.138106,0,0.086707,0.017528,0.167108,,3224300,,
1,1,,0.020507,0.381313,0.167486,0.010606,0.03262,0.003274,0.032519,0.047513,0.300109,0.004053,,2739200,,
1,1,,0.00034,0.293197,0.092592,0.159148,0.045274,0.138106,0,0.086707,0.017528,0.167108,,2794800,,
1,1,,0.000322,0.311373,0.085923,0.171095,0.035391,0.13277,0,0.08823,0.012688,0.162207,,2727400,,
1,7,,0.022977,0.277599,0.033811,0.010491,0.20107,0.023989,0.02876,0.294822,0.076321,0.03016,,2773800,,
1,1,,0.02306,0.308351,0.027418,0.010612,0.19164,0.016879,0.031673,0.294143,0.092167,0.004056,,2745900,,
1,1,,0.020507,0.381313,0.167486,0.010606,0.03262,0.003274,0.032519,0.047513,0.300109,0.004053,,2766300,,
1,1,,0.000322,0.325638,0.112592,0.150719,0.03471,0.132091,0,0.086664,0.013791,0.143473,,2752400,,
1,1,,0.022977,0.30348,0.026584,0.010722,0.192405,0.023351,0.030106,0.29277,0.086192,0.011414,,2729600,,
1,1,,0.000322,0.305638,0.112592,0.150719,0.03471,0.132091,0,0.106664,0.013791,0.143473,,2759800,,
1,1,,0.020507,0.381313,0.167486,0.010606,0.03262,0.003274,0.032519,0.047513,0.300109,0.004053,,2730500,,
1,1,,0.00034,0.29555,0.092592,0.139148,0.04645,0.140459,0,0.086707,0.018705,0.180049,,2772900,,
1,1,,0.000322,0.306141,0.084144,0.1448,0.036609,0.133261,0,0.136905,0.012916,0.144901,,2792400,,
1,1,,0.024491,0.368149,0.058746,0.064712,0.045333,0.012592,0.173441,0.029473,0.20508,0.017983,,2724300,,
1,1,,0.000569,0.313563,0.097394,0.141238,0.041301,0.160089,0,0.082347,0.014537,0.148961,,3423800,,
1,1,,0.020507,0.381313,0.167486,0.010606,0.03262,0.003274,0.032519,0.047513,0.300109,0.004053,,2773300,,
1,1,,0.024593,0.38313,0.032353,0.053263,0.047644,0.011497,0.176354,0.030014,0.224464,0.01669,,2758000,,
1,1,,0.000322,0.289671,0.084144,0.1648,0.035432,0.133261,0,0.135728,0.012916,0.143724,,2853600,,
1,1,,0.024593,0.386459,0.032353,0.053263,0.046467,0.011497,0.176354,0.028837,0.224664,0.015513,,2778700,,
1,1,,0.000322,0.322108,0.112592,0.150719,0.035887,0.132091,0,0.08784,0.013791,0.14465,,2778400,,
1,8,,0.020507,0.144803,0.167608,0.008705,0.113297,0.004098,0.160935,0.047195,0.327984,0.004867,,2727500,,
1,1,,0.000322,0.311373,0.085923,0.171095,0.035391,0.13277,0,0.08823,0.012688,0.162207,,2717900,,
1,1,,0.028102,0.35835,0.172597,0.010033,0.041201,0.003549,0.043433,0.044867,0.293999,0.003868,,2769800,,
1,1,,0.00034,0.302241,0.0841,0.140051,0.035111,0.138339,0,0.08256,0.014019,0.203238,,2742300,,
1,1,,0.000322,0.29404,0.085923,0.191095,0.035391,0.13277,0,0.08823,0.012688,0.15954,,2751300,,
1,1,,0.000569,0.221658,0.097394,0.144254,0.127968,0.160089,0,0.082347,0.014537,0.151183,,2756800,,
1,8,,0.020507,0.304846,0.167486,0.010606,0.049286,0.003274,0.032519,0.047513,0.359909,0.004053,,2772800,,
1,1,,0.024491,0.386412,0.032185,0.059961,0.044977,0.011902,0.174787,0.030163,0.218208,0.016914,,4020300,,
1,5,,0.000322,0.105638,0.112592,0.170719,0.03471,0.332091,0,0.086664,0.013791,0.143473,,2801200,,
1,1,,0.000322,0.311373,0.085923,0.171095,0.035391,0.13277,0,0.08823,0.012688,0.162207,,3014100,,
1,1,,0.000322,0.322971,0.112592,0.150719,0.03471,0.132091,0,0.086664,0.013791,0.14614,,2777100,,
1,1,,0.020507,0.379113,0.167486,0.010606,0.03302,0.003274,0.032919,0.047513,0.301509,0.004053,,2778900,,
1,1,,0.00034,0.31053,0.092592,0.139148,0.045274,0.138106,0,0.086707,0.017528,0.169774,,2735800,,
1,1,,0.000322,0.29404,0.085923,0.191095,0.035391,0.13277,0,0.08823,0.012688,0.15954,,2749300,,
1,1,,0.000322,0.306141,0.084144,0.1448,0.036609,0.133261,0,0.136905,0.012916,0.144901,,2760900,,
1,1,,0.000322,0.306141,0.084144,0.1448,0.036609,0.133261,0,0.136905,0.012916,0.144901,,2809600,,
1,1,,0.000322,0.325638,0.112592,0.150719,0.03471,0.132091,0,0.086664,0.013791,0.143473,,2766300,,
1,4,,0.251251,0.114815,0.027426,0.002149,0.273278,0.029092,0.222721,0.039791,0.032636,0.006841,,2738100,,
1,1,,0.000569,0.313563,0.097394,0.141238,0.041301,0.160089,0,0.082347,0.014537,0.148961,,2751700,,
1,1,,0.020507,0.361513,0.174986,0.010606,0.03887,0.003274,0.038769,0.047513,0.299909,0.004053,,2763400,,
1,1,,0.000322,0.322108,0.112592,0.150719,0.035887,0.132091,0,0.08784,0.013791,0.14465,,2783800,,
1,1,,0.020507,0.363735,0.179708,0.010606,0.03262,0.003274,0.032519,0.048624,0.304354,0.004053,,3200700,,
1,1,,0.020507,0.381313,0.167486,0.010606,0.03262,0.003274,0.032519,0.047513,0.300109,0.004053,,2747000,,
1,1,,0.000322,0.25404,0.085923,0.191095,0.035391,0.13277,0,0.08823,0.012688,0.19954,,2759900,,
1,2,,0.000569,0.099992,0.297394,0.14106,0.048801,0.166339,0,0.082347,0.014537,0.148961,,2798500,,
1,1,,0.000322,0.305638,0.112592,0.170719,0.03471,0.132091,0,0.086664,0.013791,0.143473,,2752800,,
1,1,,0.00034,0.31053,0.092592,0.139148,0.045274,0.138106,0,0.086707,0.017528,0.169774,,2873800,,
1,1,,0.000569,0.313563,0.097394,0.141238,0.041301,0.160089,0,0.082347,0.014537,0.148961,,2830300,,
1,8,,0.020507,0.284846,0.167486,0.010606,0.049286,0.003274,0.032519,0.047513,0.379909,0.004053,,2765200,,
1,1,,0.019328,0.322467,0.109304,0.1327,0.045095,0.115203,0.019224,0.083499,0.029408,0.123773,,2763600,,
1,1,,0.00034,0.284917,0.083249,0.157504,0.034685,0.194038,0,0.082995,0.0136,0.148671,,2734300,,
1,1,,0.000322,0.305638,0.112592,0.170719,0.03471,0.132091,0,0.086664,0.013791,0.143473,,2770100,,
1,1,,0.000322,0.306141,0.084144,0.1448,0.036609,0.133261,0,0.136905,0.012916,0.144901,,2796600,,
1,1,,0.020507,0.381313,0.167486,0.010606,0.03262,0.003274,0.032519,0.047513,0.300109,0.004053,,2792000,,
1,1,,0.020406,0.377736,0.167318,0.017304,0.032305,0.003678,0.030952,0.050015,0.293654,0.006631,,2742100,,
2,2,,0.020406,0.146532,0.41388,0.022055,0.030309,0.004368,0.029606,0.046972,0.280526,0.005347,,2722700,,
2,2,,0.000569,0.094992,0.299394,0.15581,0.041301,0.162089,0,0.082347,0.014537,0.148961,,2897400,,
2,2,,0.000569,0.094992,0.299394,0.15581,0.041301,0.162089,0,0.082347,0.014537,0.148961,,2725800,,
2,2,,0.000569,0.113563,0.297394,0.141238,0.041301,0.160089,0,0.082347,0.014537,0.148961,,2884000,,
2,2,,0.000322,0.105638,0.312592,0.150719,0.03471,0.132091,0,0.106664,0.013791,0.143473,,2834500,,
2,1,,0.020406,0.346532,0.21388,0.022055,0.030309,0.004368,0.029606,0.046972,0.280526,0.005347,,2737100,,
2,9,,0.000322,0.09404,0.087923,0.227095,0.035391,0.13477,0,0.08823,0.012688,0.31954,,2779000,,
2,2,,0.000322,0.105638,0.312592,0.170719,0.03471,0.132091,0,0.086664,0.013791,0.143473,,2720300,,
2,2,,0.000322,0.105638,0.332592,0.150719,0.03471,0.132091,0,0.086664,0.013791,0.143473,,2733500,,
2,2,,0.019574,0.091821,0.314105,0.121791,0.051686,0.143202,0.019224,0.079182,0.030155,0.12926,,2768600,,
2,2,,0.000322,0.105638,0.314592,0.166719,0.03471,0.134091,0,0.086664,0.013791,0.143473,,2773900,,
2,2,,0.000569,0.094992,0.297394,0.15981,0.041301,0.160089,0,0.082347,0.014537,0.148961,,2798400,,
2,2,,0.000322,0.105638,0.315449,0.165004,0.03471,0.132091,0,0.086664,0.013791,0.146331,,2736200,,
2,2,,0.000322,0.105638,0.332592,0.150719,0.03471,0.132091,0,0.086664,0.013791,0.143473,,2743400,,
2,8,,0.028102,0.161683,0.305097,0.010033,0.051618,0.003549,0.037183,0.084867,0.313999,0.003868,,2769400,,
2,2,,0.000322,0.105638,0.332592,0.150719,0.03471,0.132091,0,0.086664,0.013791,0.143473,,2756000,,
2,8,,0.021329,0.127733,0.334343,0.011997,0.051929,0.003492,0.038981,0.065205,0.34109,0.0039,,3903500,,
2,2,,0.000322,0.105638,0.332592,0.150719,0.03471,0.132091,0,0.086664,0.013791,0.143473,,2743000,,
2,2,,0.019328,0.102467,0.309304,0.1327,0.045095,0.115203,0.019224,0.098499,0.029408,0.128773,,2809500,,
2,2,,0.021329,0.127733,0.414343,0.011997,0.031929,0.003492,0.038981,0.045205,0.30109,0.0039,,2770300,,
2,2,,0.020841,0.125163,0.366912,0.012826,0.048826,0.014595,0.029606,0.084406,0.285612,0.011216,,2756100,,
2,2,,0.000322,0.105638,0.314592,0.166719,0.03471,0.134091,0,0.086664,0.013791,0.143473,,2808200,,
2,2,,0.250189,0.024247,0.257699,0.004887,0.149787,0.046099,0.206161,0.019575,0.033145,0.00821,,2729300,,
2,8,,0.020507,0.181513,0.167486,0.010606,0.09262,0.003274,0.052519,0.047513,0.419909,0.004053,,2760200,,
2,2,,0.000569,0.094992,0.299394,0.15581,0.041301,0.162089,0,0.082347,0.014537,0.148961,,2719900,,
2,2,,0.000322,0.105638,0.312592,0.170719,0.03471,0.132091,0,0.086664,0.013791,0.143473,,2721100,,
2,2,,0.00034,0.093197,0.312592,0.139148,0.045274,0.138106,0,0.086707,0.017528,0.167108,,2730300,,
2,8,,0.020507,0.181513,0.167486,0.010606,0.07262,0.003274,0.032519,0.067513,0.439909,0.004053,,2751400,,
2,3,,0.000569,0.094992,0.197394,0.23981,0.041301,0.160089,0,0.102347,0.014537,0.148961,,3240800,,
2,8,,0.029393,0.268166,0.166852,0.007725,0.079802,0.009163,0.052396,0.042774,0.340629,0.003099,,2734400,,
2,2,,0.021329,0.127733,0.414343,0.011997,0.031929,0.003492,0.038981,0.045205,0.30109,0.0039,,2760300,,
2,2,,0.000569,0.094992,0.317394,0.13981,0.041301,0.160089,0,0.082347,0.014537,0.148961,,2809400,,
2,2,,0.020406,0.146532,0.41388,0.022055,0.030309,0.004368,0.029606,0.046972,0.280526,0.005347,,3493400,,
2,1,,0.020406,0.346532,0.195213,0.026055,0.030309,0.008368,0.029606,0.054972,0.281859,0.00668,,2941200,,
2,2,,0.000569,0.094992,0.298727,0.14381,0.041301,0.164089,0,0.090347,0.015871,0.150294,,2771900,,
2,2,,0.249943,0.039893,0.252898,0.017045,0.150695,0.024351,0.206161,0.023892,0.032399,0.002722,,2817200,,
2,0,,0.25893,0.013194,0.155101,0.007619,0.177561,0.042896,0.228952,0.019694,0.095579,0.000474,,2731900,,
2,5,,0.000322,0.09404,0.1671,0.174624,0.035391,0.175122,0,0.174112,0.012688,0.166599,,2732400,,
2,2,,0.000322,0.105638,0.332592,0.150719,0.03471,0.132091,0,0.086664,0.013791,0.143473,,2766700,,
2,6,,0.25764,0.011904,0.023048,0.001466,0.166334,0.017299,0.470085,0.019479,0.032271,0.000474,,2796100,,
2,2,,0.020924,0.126705,0.308413,0.084715,0.049238,0.006123,0.031173,0.078955,0.290054,0.003701,,2745400,,
2,4,,0.00034,0.093197,0.132592,0.139148,0.205274,0.138106,0,0.106707,0.017528,0.167108,,2749800,,
2,2,,0.020507,0.128332,0.375108,0.008705,0.03837,0.004098,0.047185,0.046019,0.327984,0.003691,,2721100,,
2,2,,0.021329,0.127733,0.414343,0.011997,0.031929,0.003492,0.038981,0.045205,0.30109,0.0039,,2914400,,
2,2,,0.021329,0.127733,0.395677,0.015997,0.031929,0.007492,0.038981,0.053205,0.302423,0.005234,,2795900,,
2,2,,0.000322,0.105638,0.332592,0.150719,0.03471,0.132091,0,0.086664,0.013791,0.143473,,3015200,,
2,2,,0.00034,0.093197,0.312592,0.139148,0.045274,0.138106,0,0.086707,0.017528,0.167108,,2718100,,
2,2,,0.020406,0.146532,0.41388,0.022055,0.030309,0.004368,0.029606,0.046972,0.280526,0.005347,,2759800,,
2,2,,0.028102,0.15835,0.310979,0.010033,0.037304,0.004725,0.044242,0.104867,0.297529,0.003868,,2758100,,
2,2,,0.021329,0.127733,0.396343,0.027997,0.031929,0.005492,0.038981,0.045205,0.30109,0.0039,,2696700,,
2,0,,0.25893,0.013194,0.23337,0.001466,0.182272,0.022896,0.235202,0.019694,0.032502,0.000474,,2745500,,
2,2,,0.000322,0.105638,0.315449,0.165004,0.03471,0.132091,0,0.086664,0.013791,0.146331,,2749600,,
2,3,,0.000322,0.09404,0.0871,0.374624,0.035391,0.135122,0,0.094112,0.012688,0.166599,,2748000,,
2,2,,0.00034,0.095015,0.292592,0.139148,0.047092,0.138106,0,0.086707,0.017528,0.183471,,2728300,,
2,2,,0.020507,0.161513,0.327486,0.010606,0.03262,0.003274,0.032519,0.107513,0.299909,0.004053,,2697600,,
2,2,,0.019328,0.102467,0.310637,0.1367,0.045095,0.119203,0.019224,0.091499,0.030742,0.125106,,2707800,,
2,8,,0.020507,0.301513,0.167486,0.010606,0.03262,0.003274,0.052519,0.047513,0.359909,0.004053,,2740300,,
2,2,,0.000569,0.094992,0.298727,0.14381,0.041301,0.164089,0,0.090347,0.015871,0.150294,,2760600,,
2,2,,0.021329,0.127733,0.394343,0.011997,0.049429,0.003492,0.038981,0.046455,0.30234,0.0039,,3809500,,
2,2,,0.021329,0.127733,0.397501,0.014102,0.031929,0.003492,0.038981,0.046258,0.314774,0.0039,,2819800,,
2,7,,0.019328,0.0865,0.080855,0.126782,0.045817,0.116374,0.019224,0.352563,0.028534,0.124023,,3021800,,
2,2,,0.000322,0.105638,0.312592,0.170719,0.03471,0.132091,0,0.086664,0.013791,0.143473,,2797700,,
2,2,,0.000322,0.105638,0.314592,0.166719,0.03471,0.134091,0,0.086664,0.013791,0.143473,,3120200,,
2,8,,0.020652,0.275885,0.198681,0.011147,0.0369,0.032367,0.029606,0.042656,0.341272,0.010834,,2860100,,
2,2,,0.021329,0.127733,0.414343,0.011997,0.031929,0.003492,0.038981,0.045205,0.30109,0.0039,,2833000,,
2,2,,0.000569,0.094992,0.317394,0.13981,0.041301,0.160089,0,0.082347,0.014537,0.148961,,2783100,,
2,1,,0.020652,0.335885,0.198681,0.011147,0.0369,0.032367,0.029606,0.042656,0.281272,0.010834,,2749700,,
2,2,,0.000322,0.124209,0.312592,0.152147,0.03471,0.132091,0,0.086664,0.013791,0.143473,,2840700,,
2,2,,0.00034,0.093197,0.292592,0.139148,0.045274,0.138106,0,0.106707,0.017528,0.167108,,2830000,,
2,1,,0.020652,0.335885,0.198681,0.011147,0.0369,0.032367,0.029606,0.042656,0.281272,0.010834,,2867600,,
2,2,,0.000551,0.096287,0.31806,0.146397,0.040223,0.154022,0,0.086223,0.014057,0.14418,,2812100,,
2,2,,0.021246,0.12619,0.413509,0.012108,0.031517,0.009964,0.037414,0.042656,0.295314,0.010082,,2713500,,
2,2,,0.000569,0.094992,0.317394,0.13981,0.041301,0.160089,0,0.082347,0.014537,0.148961,,3434800,,
2,8,,0.020924,0.146705,0.167746,0.012715,0.089238,0.008123,0.031173,0.086955,0.431387,0.005034,,2821200,,
2,3,,0.000322,0.095858,0.085923,0.351095,0.03721,0.13277,0,0.08823,0.012688,0.195904,,2896300,,
2,2,,0.000322,0.105638,0.312592,0.166274,0.03471,0.132091,0,0.086664,0.013791,0.147918,,2911000,,
2,2,,0.000322,0.105638,0.312592,0.150719,0.03471,0.132091,0,0.101664,0.013791,0.148473,,2812900,,
2,1,,0.020507,0.361513,0.174986,0.010606,0.03887,0.003274,0.038769,0.047513,0.299909,0.004053,,2880300,,
2,2,,0.052268,0.14503,0.365617,0.016425,0.049068,0.003486,0.029813,0.050462,0.283147,0.004685,,2732800,,
2,2,,0.021329,0.127733,0.395677,0.015997,0.031929,0.007492,0.038981,0.053205,0.302423,0.005234,,2889600,,
2,2,,0.000569,0.094992,0.298727,0.14381,0.041301,0.164089,0,0.090347,0.015871,0.150294,,2816800,,
2,2,,0.000569,0.094992,0.317394,0.13981,0.041301,0.160089,0,0.082347,0.014537,0.148961,,2834700,,
2,7,,0.000322,0.108242,0.084144,0.146229,0.035432,0.133261,0,0.335728,0.012916,0.143724,,2771400,,
2,8,,0.020924,0.130038,0.166413,0.008715,0.165905,0.004123,0.031173,0.078955,0.390054,0.003701,,2731500,,
2,2,,0.000322,0.107456,0.312592,0.150719,0.036528,0.132091,0,0.086664,0.013791,0.159837,,3807200,,
2,1,,0.020507,0.361513,0.187486,0.010606,0.03262,0.003274,0.032519,0.047513,0.299909,0.004053,,2867900,,
2,2,,0.000569,0.094992,0.317394,0.13981,0.041301,0.160089,0,0.082347,0.014537,0.148961,,2997900,,
2,6,,0.25764,0.011904,0.230548,0.001466,0.152584,0.017299,0.276335,0.019479,0.032271,0.000474,,2886000,,
2,1,,0.028102,0.326876,0.16403,0.007725,0.050114,0.003566,0.093529,0.042559,0.280398,0.003099,,2824800,,
2,6,,0.25764,0.011904,0.225048,0.017466,0.146334,0.019299,0.270085,0.019479,0.032271,0.000474,,2867600,,
2,2,,0.000322,0.105638,0.312592,0.170719,0.03471,0.132091,0,0.086664,0.013791,0.143473,,2818000,,
2,8,,0.020406,0.286532,0.21388,0.022055,0.030309,0.004368,0.029606,0.046972,0.340526,0.005347,,2852400,,
2,6,,0.25764,0.011904,0.228931,0.001466,0.148687,0.018476,0.277144,0.019479,0.0358,0.000474,,2842200,,
2,2,,0.00034,0.093197,0.292592,0.159148,0.045274,0.138106,0,0.086707,0.017528,0.167108,,2832700,,
2,8,,0.020507,0.181513,0.173369,0.010606,0.054972,0.00445,0.039578,0.047513,0.463439,0.004053,,2868100,,
2,0,,0.469502,0.011904,0.022413,0.001466,0.165777,0.017089,0.2126,0.02341,0.075366,0.000474,,2744000,,
2,2,,0.000322,0.105638,0.332592,0.150719,0.03471,0.132091,0,0.086664,0.013791,0.143473,,2886200,,
2,3,,0.000322,0.095858,0.145923,0.311095,0.03721,0.13277,0,0.08823,0.012688,0.175904,,2911800,,
2,6,,0.25764,0.011904,0.230548,0.001466,0.152584,0.017299,0.276335,0.019479,0.032271,0.000474,,2918000,,
2,2,,0.000322,0.105638,0.312592,0.170719,0.03471,0.132091,0,0.086664,0.013791,0.143473,,2776800,,
2,0,,0.349502,0.011904,0.182413,0.001466,0.165777,0.017089,0.2126,0.02341,0.035366,0.000474,,2759700,,
2,2,,0.021329,0.127733,0.394343,0.011997,0.031929,0.003492,0.038981,0.065205,0.30109,0.0039,,3057700,,
2,8,,0.028102,0.29835,0.185097,0.010033,0.034951,0.003549,0.037183,0.044867,0.353999,0.003868,,2846400,,
2,8,,0.020507,0.128332,0.187608,0.008705,0.03212,0.004098,0.040935,0.046019,0.527984,0.003691,,3074600,,
2,2,,0.019574,0.091821,0.294105,0.121791,0.051686,0.143202,0.019224,0.094182,0.030155,0.13426,,2854100,,
2,2,,0.000322,0.105638,0.314592,0.166719,0.03471,0.134091,0,0.086664,0.013791,0.143473,,2821200,,
2,2,,0.021329,0.127733,0.396343,0.027997,0.031929,0.005492,0.038981,0.045205,0.30109,0.0039,,2846000,,
2,2,,0.021329,0.127733,0.414343,0.011997,0.031929,0.003492,0.038981,0.045205,0.30109,0.0039,,2764300,,
2,8,,0.020507,0.181513,0.187486,0.010606,0.07262,0.003274,0.032519,0.047513,0.439909,0.004053,,2950600,,
2,2,,0.000569,0.113563,0.297394,0.141238,0.041301,0.160089,0,0.082347,0.014537,0.148961,,2840600,,
2,8,,0.029393,0.124833,0.168852,0.023725,0.103136,0.011163,0.052396,0.042774,0.440629,0.003099,,2979800,,
2,2,,0.000322,0.09404,0.287923,0.187095,0.035391,0.13477,0,0.08823,0.012688,0.15954,,2799400,,
3,3,,0.000322,0.088623,0.084151,0.416601,0.033607,0.134267,0,0.086458,0.012688,0.143282,,2717600,,
3,3,,0.000322,0.09404,0.08878,0.38538,0.035391,0.13277,0,0.08823,0.012688,0.162397,,2958500,,
3,7,,0.02306,0.088551,0.027418,0.025157,0.19164,0.020516,0.031673,0.295961,0.291967,0.004056,,2896900,,
3,9,,0.019328,0.090869,0.082635,0.153076,0.045776,0.115882,0.019224,0.085065,0.028306,0.359839,,2915700,,
3,3,,0.000322,0.088623,0.086151,0.412601,0.033607,0.136267,0,0.086458,0.012688,0.143282,,2785900,,
3,3,,0.000322,0.09404,0.085923,0.391095,0.035391,0.13277,0,0.08823,0.012688,0.15954,,2825300,,
3,3,,0.000322,0.095858,0.105923,0.351095,0.03721,0.13277,0,0.08823,0.012688,0.175904,,2878900,,
3,3,,0.000322,0.088623,0.084151,0.412157,0.033607,0.134267,0,0.086458,0.012688,0.147727,,2740200,,
3,3,,0.000322,0.088623,0.084151,0.416601,0.033607,0.134267,0,0.086458,0.012688,0.143282,,2906700,,
3,3,,0.000322,0.148623,0.106151,0.332601,0.033607,0.136267,0,0.086458,0.012688,0.143282,,2838900,,
3,3,,0.000322,0.088623,0.084151,0.416601,0.033607,0.134267,0,0.086458,0.012688,0.143282,,2820500,,
3,9,,0.00034,0.164908,0.0841,0.142551,0.035111,0.140839,0,0.08256,0.014019,0.335571,,2784600,,
3,3,,0.000322,0.09404,0.087923,0.387095,0.035391,0.13477,0,0.08823,0.012688,0.15954,,2721300,,
3,3,,0.000322,0.088623,0.086151,0.412601,0.033607,0.136267,0,0.086458,0.012688,0.143282,,2917100,,
3,8,,0.024491,0.132243,0.03092,0.080632,0.043479,0.012773,0.173441,0.028068,0.404828,0.069124,,2841400,,
3,3,,0.000322,0.088623,0.086151,0.412601,0.033607,0.136267,0,0.086458,0.012688,0.143282,,3874200,,
3,3,,0.000322,0.09404,0.105923,0.371095,0.035391,0.13277,0,0.08823,0.012688,0.15954,,2889000,,
3,3,,0.000322,0.09404,0.105923,0.371095,0.035391,0.13277,0,0.08823,0.012688,0.15954,,2855300,,
3,3,,0.000322,0.088623,0.086151,0.412601,0.033607,0.136267,0,0.086458,0.012688,0.143282,,2893400,,
3,3,,0.000322,0.088623,0.086151,0.412601,0.033607,0.136267,0,0.086458,0.012688,0.143282,,2827300,,
3,4,,0.000322,0.088623,0.084151,0.211146,0.233607,0.137903,0,0.088276,0.012688,0.143282,,3164200,,
3,3,,0.000322,0.09404,0.105923,0.371095,0.035391,0.13277,0,0.08823,0.012688,0.15954,,2800300,,
3,3,,0.000322,0.088623,0.086151,0.312601,0.033607,0.216267,0,0.106458,0.012688,0.143282,,2874000,,
3,8,,0.032081,0.132879,0.05921,0.154654,0.112444,0.011716,0.182816,0.026529,0.232311,0.055361,,2740500,,
3,5,,0.000322,0.088623,0.086151,0.272601,0.033607,0.276267,0,0.086458,0.012688,0.143282,,2758000,,
3,3,,0.000322,0.09404,0.085923,0.391095,0.035391,0.13277,0,0.08823,0.012688,0.15954,,2797000,,
3,3,,0.000322,0.088623,0.106151,0.392601,0.033607,0.136267,0,0.086458,0.012688,0.143282,,2753700,,
3,3,,0.000322,0.088623,0.084151,0.412157,0.033607,0.134267,0,0.086458,0.012688,0.147727,,3274900,,
3,2,,0.025414,0.132879,0.25921,0.054654,0.045777,0.031716,0.182816,0.026529,0.225644,0.015361,,2757700,,
3,3,,0.044491,0.132243,0.03092,0.260632,0.043479,0.012773,0.173441,0.028068,0.204828,0.069124,,2766400,,
3,3,,0.000322,0.09404,0.085923,0.391095,0.035391,0.13277,0,0.08823,0.012688,0.15954,,2842800,,
3,3,,0.000551,0.114858,0.17806,0.267826,0.040223,0.154022,0,0.086223,0.014057,0.14418,,2751900,,
3,3,,0.000322,0.089671,0.086144,0.2808,0.035432,0.155261,0,0.135728,0.012916,0.203724,,2763500,,
3,3,,0.000322,0.088623,0.084151,0.371146,0.033607,0.177903,0,0.088276,0.012688,0.143282,,2728200,,
3,3,,0.000322,0.088623,0.084151,0.416601,0.033607,0.134267,0,0.086458,0.012688,0.143282,,2728200,,
3,3,,0.000322,0.088623,0.084151,0.416601,0.033607,0.134267,0,0.086458,0.012688,0.143282,,2718900,,
3,3,,0.000322,0.09404,0.125923,0.351095,0.035391,0.13277,0,0.08823,0.012688,0.15954,,2733700,,
3,3,,0.000322,0.112612,0.125923,0.332523,0.035391,0.13277,0,0.08823,0.012688,0.15954,,2799600,,
3,9,,0.000551,0.154858,0.09806,0.167826,0.040223,0.194022,0,0.086223,0.014057,0.24418,,2733800,,
3,3,,0.000322,0.088623,0.144151,0.356601,0.033607,0.134267,0,0.086458,0.012688,0.143282,,2766900,,
3,3,,0.000322,0.088623,0.084151,0.416601,0.033607,0.134267,0,0.086458,0.012688,0.143282,,2791800,,
3,3,,0.000322,0.09404,0.10878,0.36538,0.035391,0.13277,0,0.08823,0.012688,0.162397,,2720900,,
3,9,,0.00034,0.084908,0.0841,0.160051,0.035111,0.138339,0,0.08256,0.014019,0.400571,,2815500,,
3,3,,0.000322,0.088623,0.084151,0.416601,0.033607,0.134267,0,0.086458,0.012688,0.143282,,2755800,,
3,3,,0.000322,0.088623,0.104151,0.391146,0.033607,0.137903,0,0.088276,0.012688,0.143282,,2750300,,
3,3,,0.000322,0.095858,0.105923,0.351095,0.03721,0.13277,0,0.08823,0.012688,0.175904,,2799400,,
3,3,,0.000322,0.088623,0.084151,0.412157,0.033607,0.134267,0,0.086458,0.012688,0.147727,,2706100,,
3,3,,0.000569,0.094992,0.159394,0.29581,0.041301,0.162089,0,0.082347,0.014537,0.148961,,2737500,,
3,3,,0.000322,0.088623,0.106151,0.392601,0.033607,0.136267,0,0.086458,0.012688,0.143282,,2722600,,
3,3,,0.000322,0.088623,0.086151,0.412601,0.033607,0.136267,0,0.086458,0.012688,0.143282,,2750000,,
3,3,,0.000322,0.088623,0.084151,0.416601,0.033607,0.134267,0,0.086458,0.012688,0.143282,,2777100,,
