optical,Tuned_CWT,test,4,NANOSECONDS,PREDICTIONS, Generated by ClassifierExperiments.java on 2022-05-16 01:29:51.    SYSTEMPROPERTIES:{user.name:matth,os.arch:amd64,os.name:Windows 10},ENDSYSTEMPROPERTIES
No parameter info
0.8104517271922055,4496772500,3022357100,-1,154888184,10,,-1,-1
0,0,,0.546152,0.009748,0.022754,0.001291,0.146726,0.017673,0.206789,0.018433,0.029917,0.000516,,2923100,,
0,0,,0.546152,0.009748,0.022754,0.001291,0.146726,0.017673,0.206789,0.018433,0.029917,0.000516,,2746200,,
0,0,,0.546152,0.009748,0.022754,0.001291,0.146726,0.017673,0.206789,0.018433,0.029917,0.000516,,2745500,,
0,0,,0.546152,0.009748,0.022754,0.001291,0.146726,0.017673,0.206789,0.018433,0.029917,0.000516,,2735900,,
0,0,,0.538589,0.011394,0.024237,0.001894,0.143766,0.023962,0.200536,0.018521,0.030137,0.006964,,2736600,,
0,0,,0.546152,0.009748,0.022754,0.001291,0.146726,0.017673,0.206789,0.018433,0.029917,0.000516,,2739400,,
0,0,,0.546152,0.009748,0.022754,0.001291,0.146726,0.017673,0.206789,0.018433,0.029917,0.000516,,2757000,,
0,0,,0.546152,0.009748,0.022754,0.001291,0.146726,0.017673,0.206789,0.018433,0.029917,0.000516,,2695800,,
0,0,,0.546152,0.009748,0.022754,0.001291,0.146726,0.017673,0.206789,0.018433,0.029917,0.000516,,2693300,,
0,0,,0.546152,0.009748,0.022754,0.001291,0.146726,0.017673,0.206789,0.018433,0.029917,0.000516,,2644600,,
0,0,,0.4473,0.010176,0.025469,0.001291,0.166295,0.021671,0.277932,0.018576,0.030774,0.000516,,2639400,,
0,0,,0.546152,0.009748,0.022754,0.001291,0.146726,0.017673,0.206789,0.018433,0.029917,0.000516,,2650300,,
0,0,,0.546152,0.009748,0.022754,0.001291,0.146726,0.017673,0.206789,0.018433,0.029917,0.000516,,2643000,,
0,0,,0.546152,0.009748,0.022754,0.001291,0.146726,0.017673,0.206789,0.018433,0.029917,0.000516,,2671200,,
0,0,,0.546152,0.009748,0.022754,0.001291,0.146726,0.017673,0.206789,0.018433,0.029917,0.000516,,2635600,,
0,0,,0.546152,0.009748,0.022754,0.001291,0.146726,0.017673,0.206789,0.018433,0.029917,0.000516,,2628200,,
0,0,,0.546152,0.009748,0.022754,0.001291,0.146726,0.017673,0.206789,0.018433,0.029917,0.000516,,2630000,,
0,0,,0.546152,0.009748,0.022754,0.001291,0.146726,0.017673,0.206789,0.018433,0.029917,0.000516,,2621900,,
0,6,,0.2473,0.010176,0.025469,0.001291,0.166295,0.021671,0.477932,0.018576,0.030774,0.000516,,2664000,,
0,0,,0.546152,0.009748,0.022754,0.001291,0.146726,0.017673,0.206789,0.018433,0.029917,0.000516,,2628200,,
0,0,,0.546152,0.009748,0.022754,0.001291,0.146726,0.017673,0.206789,0.018433,0.029917,0.000516,,2652700,,
0,0,,0.546152,0.009748,0.022754,0.001291,0.146726,0.017673,0.206789,0.018433,0.029917,0.000516,,2623500,,
0,0,,0.546152,0.009748,0.022754,0.001291,0.146726,0.017673,0.206789,0.018433,0.029917,0.000516,,2623200,,
0,0,,0.546152,0.009748,0.022754,0.001291,0.146726,0.017673,0.206789,0.018433,0.029917,0.000516,,2628300,,
0,0,,0.546152,0.009748,0.022754,0.001291,0.146726,0.017673,0.206789,0.018433,0.029917,0.000516,,2608500,,
0,0,,0.546152,0.009748,0.022754,0.001291,0.146726,0.017673,0.206789,0.018433,0.029917,0.000516,,2622800,,
0,0,,0.546152,0.009748,0.022754,0.001291,0.146726,0.017673,0.206789,0.018433,0.029917,0.000516,,2613500,,
0,0,,0.546152,0.009748,0.022754,0.001291,0.146726,0.017673,0.206789,0.018433,0.029917,0.000516,,2606300,,
0,0,,0.546152,0.009748,0.022754,0.001291,0.146726,0.017673,0.206789,0.018433,0.029917,0.000516,,2638800,,
0,0,,0.546152,0.009748,0.022754,0.001291,0.146726,0.017673,0.206789,0.018433,0.029917,0.000516,,2629300,,
0,0,,0.546152,0.009748,0.022754,0.001291,0.146726,0.017673,0.206789,0.018433,0.029917,0.000516,,2605400,,
0,0,,0.546152,0.009748,0.022754,0.001291,0.146726,0.017673,0.206789,0.018433,0.029917,0.000516,,2622700,,
0,0,,0.546152,0.009748,0.022754,0.001291,0.146726,0.017673,0.206789,0.018433,0.029917,0.000516,,2620100,,
0,0,,0.546152,0.009748,0.022754,0.001291,0.146726,0.017673,0.206789,0.018433,0.029917,0.000516,,2613700,,
0,0,,0.546152,0.009748,0.022754,0.001291,0.146726,0.017673,0.206789,0.018433,0.029917,0.000516,,2618700,,
0,0,,0.546152,0.009748,0.022754,0.001291,0.146726,0.017673,0.206789,0.018433,0.029917,0.000516,,2625100,,
0,0,,0.546152,0.009748,0.022754,0.001291,0.146726,0.017673,0.206789,0.018433,0.029917,0.000516,,2624600,,
0,0,,0.546152,0.009748,0.022754,0.001291,0.146726,0.017673,0.206789,0.018433,0.029917,0.000516,,2638200,,
0,0,,0.546152,0.009748,0.022754,0.001291,0.146726,0.017673,0.206789,0.018433,0.029917,0.000516,,2626800,,
0,0,,0.546152,0.009748,0.022754,0.001291,0.146726,0.017673,0.206789,0.018433,0.029917,0.000516,,2629800,,
0,0,,0.546152,0.009748,0.022754,0.001291,0.146726,0.017673,0.206789,0.018433,0.029917,0.000516,,2617800,,
0,0,,0.546152,0.009748,0.022754,0.001291,0.146726,0.017673,0.206789,0.018433,0.029917,0.000516,,2628300,,
0,0,,0.546152,0.009748,0.022754,0.001291,0.146726,0.017673,0.206789,0.018433,0.029917,0.000516,,2624500,,
0,0,,0.546152,0.009748,0.022754,0.001291,0.146726,0.017673,0.206789,0.018433,0.029917,0.000516,,2629400,,
0,0,,0.546152,0.009748,0.022754,0.001291,0.146726,0.017673,0.206789,0.018433,0.029917,0.000516,,2624500,,
0,0,,0.546152,0.009748,0.022754,0.001291,0.146726,0.017673,0.206789,0.018433,0.029917,0.000516,,2613600,,
0,0,,0.546152,0.009748,0.022754,0.001291,0.146726,0.017673,0.206789,0.018433,0.029917,0.000516,,2627100,,
0,0,,0.546152,0.009748,0.022754,0.001291,0.146726,0.017673,0.206789,0.018433,0.029917,0.000516,,2629100,,
0,0,,0.546152,0.009748,0.022754,0.001291,0.146726,0.017673,0.206789,0.018433,0.029917,0.000516,,2606500,,
0,0,,0.546152,0.009748,0.022754,0.001291,0.146726,0.017673,0.206789,0.018433,0.029917,0.000516,,2677700,,
0,0,,0.546152,0.009748,0.022754,0.001291,0.146726,0.017673,0.206789,0.018433,0.029917,0.000516,,2633700,,
0,0,,0.546152,0.009748,0.022754,0.001291,0.146726,0.017673,0.206789,0.018433,0.029917,0.000516,,2623300,,
0,0,,0.546152,0.009748,0.022754,0.001291,0.146726,0.017673,0.206789,0.018433,0.029917,0.000516,,2645100,,
0,0,,0.546152,0.009748,0.022754,0.001291,0.146726,0.017673,0.206789,0.018433,0.029917,0.000516,,2634400,,
0,0,,0.546152,0.009748,0.022754,0.001291,0.146726,0.017673,0.206789,0.018433,0.029917,0.000516,,2640800,,
0,0,,0.546152,0.009748,0.022754,0.001291,0.146726,0.017673,0.206789,0.018433,0.029917,0.000516,,2647200,,
0,0,,0.546152,0.009748,0.022754,0.001291,0.146726,0.017673,0.206789,0.018433,0.029917,0.000516,,2662700,,
0,0,,0.546152,0.009748,0.022754,0.001291,0.146726,0.017673,0.206789,0.018433,0.029917,0.000516,,2644300,,
0,0,,0.546152,0.009748,0.022754,0.001291,0.146726,0.017673,0.206789,0.018433,0.029917,0.000516,,2653400,,
0,0,,0.546152,0.009748,0.022754,0.001291,0.146726,0.017673,0.206789,0.018433,0.029917,0.000516,,2637700,,
0,0,,0.546152,0.009748,0.022754,0.001291,0.146726,0.017673,0.206789,0.018433,0.029917,0.000516,,2635500,,
0,0,,0.546152,0.009748,0.022754,0.001291,0.146726,0.017673,0.206789,0.018433,0.029917,0.000516,,2666600,,
0,0,,0.546152,0.009748,0.022754,0.001291,0.146726,0.017673,0.206789,0.018433,0.029917,0.000516,,2640900,,
0,0,,0.546152,0.009748,0.022754,0.001291,0.146726,0.017673,0.206789,0.018433,0.029917,0.000516,,2651200,,
0,0,,0.546152,0.009748,0.022754,0.001291,0.146726,0.017673,0.206789,0.018433,0.029917,0.000516,,2637700,,
0,0,,0.546152,0.009748,0.022754,0.001291,0.146726,0.017673,0.206789,0.018433,0.029917,0.000516,,2636200,,
0,0,,0.546152,0.009748,0.022754,0.001291,0.146726,0.017673,0.206789,0.018433,0.029917,0.000516,,2667800,,
0,0,,0.546152,0.009748,0.022754,0.001291,0.146726,0.017673,0.206789,0.018433,0.029917,0.000516,,2645500,,
0,0,,0.546152,0.009748,0.022754,0.001291,0.146726,0.017673,0.206789,0.018433,0.029917,0.000516,,2644800,,
0,0,,0.546152,0.009748,0.022754,0.001291,0.146726,0.017673,0.206789,0.018433,0.029917,0.000516,,2644300,,
0,0,,0.546152,0.009748,0.022754,0.001291,0.146726,0.017673,0.206789,0.018433,0.029917,0.000516,,2644300,,
0,0,,0.546152,0.009748,0.022754,0.001291,0.146726,0.017673,0.206789,0.018433,0.029917,0.000516,,2640300,,
0,0,,0.546152,0.009748,0.022754,0.001291,0.146726,0.017673,0.206789,0.018433,0.029917,0.000516,,2655200,,
0,0,,0.546152,0.009748,0.022754,0.001291,0.146726,0.017673,0.206789,0.018433,0.029917,0.000516,,2652900,,
0,0,,0.546152,0.009748,0.022754,0.001291,0.146726,0.017673,0.206789,0.018433,0.029917,0.000516,,2639200,,
0,0,,0.546152,0.009748,0.022754,0.001291,0.146726,0.017673,0.206789,0.018433,0.029917,0.000516,,2659800,,
0,0,,0.546152,0.009748,0.022754,0.001291,0.146726,0.017673,0.206789,0.018433,0.029917,0.000516,,2645300,,
0,0,,0.546152,0.009748,0.022754,0.001291,0.146726,0.017673,0.206789,0.018433,0.029917,0.000516,,2637000,,
0,0,,0.546152,0.009748,0.022754,0.001291,0.146726,0.017673,0.206789,0.018433,0.029917,0.000516,,2666800,,
0,0,,0.546152,0.009748,0.022754,0.001291,0.146726,0.017673,0.206789,0.018433,0.029917,0.000516,,2649300,,
0,0,,0.546152,0.009748,0.022754,0.001291,0.146726,0.017673,0.206789,0.018433,0.029917,0.000516,,2650400,,
0,0,,0.546152,0.009748,0.022754,0.001291,0.146726,0.017673,0.206789,0.018433,0.029917,0.000516,,2642300,,
0,0,,0.546152,0.009748,0.022754,0.001291,0.146726,0.017673,0.206789,0.018433,0.029917,0.000516,,2640300,,
0,0,,0.546152,0.009748,0.022754,0.001291,0.146726,0.017673,0.206789,0.018433,0.029917,0.000516,,2643300,,
0,0,,0.546152,0.009748,0.022754,0.001291,0.146726,0.017673,0.206789,0.018433,0.029917,0.000516,,2662800,,
0,0,,0.546152,0.009748,0.022754,0.001291,0.146726,0.017673,0.206789,0.018433,0.029917,0.000516,,2656700,,
0,0,,0.546152,0.009748,0.022754,0.001291,0.146726,0.017673,0.206789,0.018433,0.029917,0.000516,,2671000,,
0,0,,0.546152,0.009748,0.022754,0.001291,0.146726,0.017673,0.206789,0.018433,0.029917,0.000516,,2643900,,
0,4,,0.2473,0.010176,0.025469,0.001291,0.426295,0.021671,0.217932,0.018576,0.030774,0.000516,,2645100,,
0,0,,0.446443,0.009748,0.023312,0.001291,0.146999,0.017528,0.305814,0.018433,0.029917,0.000516,,2643800,,
0,0,,0.546152,0.009748,0.022754,0.001291,0.146726,0.017673,0.206789,0.018433,0.029917,0.000516,,2648400,,
0,0,,0.546152,0.009748,0.022754,0.001291,0.146726,0.017673,0.206789,0.018433,0.029917,0.000516,,2639600,,
0,0,,0.546152,0.009748,0.022754,0.001291,0.146726,0.017673,0.206789,0.018433,0.029917,0.000516,,2643700,,
0,0,,0.546152,0.009748,0.022754,0.001291,0.146726,0.017673,0.206789,0.018433,0.029917,0.000516,,2633700,,
0,0,,0.546152,0.009748,0.022754,0.001291,0.146726,0.017673,0.206789,0.018433,0.029917,0.000516,,2637200,,
0,0,,0.546152,0.009748,0.022754,0.001291,0.146726,0.017673,0.206789,0.018433,0.029917,0.000516,,2638300,,
0,0,,0.546152,0.009748,0.022754,0.001291,0.146726,0.017673,0.206789,0.018433,0.029917,0.000516,,2645400,,
0,0,,0.546152,0.009748,0.022754,0.001291,0.146726,0.017673,0.206789,0.018433,0.029917,0.000516,,2660700,,
0,0,,0.402737,0.011822,0.026951,0.001894,0.212335,0.027959,0.259679,0.018664,0.030994,0.006964,,2647300,,
0,0,,0.546152,0.009748,0.022754,0.001291,0.146726,0.017673,0.206789,0.018433,0.029917,0.000516,,2644800,,
0,0,,0.546152,0.009748,0.022754,0.001291,0.146726,0.017673,0.206789,0.018433,0.029917,0.000516,,2640400,,
0,0,,0.546152,0.009748,0.022754,0.001291,0.146726,0.017673,0.206789,0.018433,0.029917,0.000516,,2645000,,
0,0,,0.546152,0.009748,0.022754,0.001291,0.146726,0.017673,0.206789,0.018433,0.029917,0.000516,,2642000,,
0,0,,0.4503,0.010176,0.025469,0.001291,0.175295,0.021671,0.265932,0.018576,0.030774,0.000516,,2663800,,
0,0,,0.546152,0.009748,0.022754,0.001291,0.146726,0.017673,0.206789,0.018433,0.029917,0.000516,,2645800,,
0,0,,0.546152,0.009748,0.022754,0.001291,0.146726,0.017673,0.206789,0.018433,0.029917,0.000516,,2648300,,
0,0,,0.546152,0.009748,0.022754,0.001291,0.146726,0.017673,0.206789,0.018433,0.029917,0.000516,,2654000,,
0,0,,0.43888,0.01245,0.025294,0.002497,0.143922,0.024571,0.200536,0.018521,0.030137,0.10319,,2643800,,
0,0,,0.546152,0.009748,0.022754,0.001291,0.146726,0.017673,0.206789,0.018433,0.029917,0.000516,,2646500,,
0,0,,0.538571,0.012923,0.024857,0.008642,0.142639,0.017728,0.200536,0.02243,0.029591,0.002084,,2676300,,
0,0,,0.546152,0.009748,0.022754,0.001291,0.146726,0.017673,0.206789,0.018433,0.029917,0.000516,,2662400,,
1,1,,0.000314,0.289705,0.079756,0.142846,0.029901,0.128105,0,0.177279,0.012796,0.139298,,2661000,,
1,6,,0.2473,0.077235,0.090174,0.001291,0.213354,0.0252,0.29205,0.018576,0.034304,0.000516,,2660500,,
1,1,,0.019287,0.293106,0.077056,0.131932,0.059982,0.111269,0.019191,0.132738,0.02829,0.127149,,2656900,,
1,1,,0.000465,0.353188,0.089266,0.142701,0.033678,0.143051,0,0.084347,0.0134,0.139904,,2659900,,
1,1,,0.000483,0.351659,0.088646,0.135953,0.034804,0.149285,0,0.080439,0.013946,0.144785,,2691000,,
1,1,,0.000332,0.316225,0.079891,0.135198,0.030578,0.134342,0,0.080439,0.013191,0.209804,,2648300,,
1,1,,0.000314,0.299013,0.085066,0.214993,0.029149,0.129696,0,0.089958,0.012645,0.139166,,2646200,,
1,1,,0.000332,0.331555,0.083747,0.137121,0.039749,0.133727,0,0.083386,0.03263,0.157753,,2651900,,
1,1,,0.000314,0.361243,0.097637,0.146142,0.029731,0.127935,0,0.084783,0.013227,0.138988,,2648200,,
1,1,,0.000314,0.353098,0.08091,0.159379,0.030022,0.128371,0,0.085656,0.012645,0.149606,,2647200,,
1,1,,0.020473,0.399125,0.174291,0.006605,0.028851,0.002547,0.026538,0.040077,0.296965,0.004527,,2689600,,
1,1,,0.027919,0.389755,0.171828,0.006096,0.031318,0.002867,0.032549,0.037389,0.295955,0.004324,,2655100,,
1,1,,0.023216,0.328311,0.019087,0.007511,0.191748,0.017191,0.030193,0.302683,0.076457,0.003603,,2663200,,
1,5,,0.000483,0.151659,0.088646,0.135953,0.034804,0.349285,0,0.080439,0.013946,0.144785,,2666600,,
1,7,,0.019287,0.085606,0.077056,0.124432,0.041232,0.111269,0.019191,0.365988,0.02829,0.127649,,2663800,,
1,2,,0.000314,0.226243,0.232637,0.146142,0.029731,0.127935,0,0.084783,0.013227,0.138988,,2664900,,
1,1,,0.000314,0.316104,0.079611,0.176811,0.029149,0.161696,0,0.084503,0.012645,0.139166,,2689200,,
1,1,,0.020473,0.399125,0.174291,0.006605,0.028851,0.002547,0.026538,0.040077,0.296965,0.004527,,2675900,,
1,1,,0.000314,0.349705,0.079756,0.142846,0.029901,0.128105,0,0.117279,0.012796,0.139298,,2661900,,
1,1,,0.020473,0.399125,0.174291,0.006605,0.028851,0.002547,0.026538,0.040077,0.296965,0.004527,,2669000,,
1,1,,0.000314,0.349705,0.079756,0.142846,0.029901,0.128105,0,0.117279,0.012796,0.139298,,2663100,,
1,1,,0.020473,0.392875,0.174291,0.006605,0.028851,0.002547,0.027788,0.040077,0.301965,0.004527,,2665500,,
1,1,,0.000332,0.331555,0.083747,0.137121,0.039749,0.133727,0,0.083386,0.03263,0.157753,,2686200,,
1,7,,0.000314,0.109705,0.079756,0.142846,0.029901,0.128105,0,0.317279,0.012796,0.179298,,2674200,,
1,1,,0.000314,0.353098,0.08091,0.159379,0.030022,0.128371,0,0.085656,0.012645,0.149606,,2658800,,
1,1,,0.028677,0.412131,0.026385,0.049458,0.048881,0.009844,0.176121,0.018955,0.213182,0.016367,,2666100,,
1,1,,0.029092,0.344167,0.044211,0.063624,0.053145,0.010226,0.177949,0.018844,0.241247,0.017493,,2680100,,
1,1,,0.000314,0.349705,0.079756,0.142846,0.029901,0.128105,0,0.117279,0.012796,0.139298,,2662100,,
1,1,,0.020473,0.399125,0.174291,0.006605,0.028851,0.002547,0.026538,0.040077,0.296965,0.004527,,2691500,,
1,1,,0.020209,0.347256,0.17241,0.047883,0.025166,0.037136,0.024013,0.040123,0.280088,0.005714,,2646300,,
1,1,,0.000314,0.361243,0.097637,0.146142,0.029731,0.127935,0,0.084783,0.013227,0.138988,,2669900,,
1,1,,0.028677,0.404809,0.026385,0.049458,0.054596,0.009844,0.178978,0.018955,0.211932,0.016367,,2632000,,
1,8,,0.028647,0.235103,0.172865,0.005064,0.056968,0.010881,0.089409,0.036113,0.361271,0.003679,,2654800,,
1,1,,0.028677,0.404809,0.026385,0.049458,0.054596,0.009844,0.178978,0.018955,0.211932,0.016367,,2635600,,
1,1,,0.020473,0.399125,0.174291,0.006605,0.028851,0.002547,0.026538,0.040077,0.296965,0.004527,,2655100,,
1,1,,0.000332,0.293836,0.083747,0.137121,0.043258,0.133727,0,0.083386,0.020174,0.204419,,2645300,,
1,1,,0.020473,0.399125,0.174291,0.006605,0.028851,0.002547,0.026538,0.040077,0.296965,0.004527,,2629400,,
1,1,,0.000483,0.351659,0.088646,0.135953,0.034804,0.149285,0,0.080439,0.013946,0.144785,,2654100,,
1,1,,0.020338,0.39918,0.173931,0.013447,0.027231,0.002922,0.025046,0.041386,0.290629,0.005891,,2665400,,
1,9,,0.000483,0.091659,0.095313,0.149286,0.034804,0.169285,0,0.080439,0.013946,0.364785,,2671800,,
1,1,,0.023099,0.326837,0.018107,0.007605,0.191254,0.0238,0.0287,0.300084,0.070667,0.009847,,2673000,,
1,1,,0.000483,0.351659,0.088646,0.135953,0.034804,0.149285,0,0.080439,0.013946,0.144785,,2663800,,
1,2,,0.000483,0.091659,0.341587,0.135953,0.041863,0.149285,0,0.080439,0.013946,0.144785,,2668500,,
1,7,,0.022951,0.250043,0.017351,0.014824,0.188815,0.018189,0.027668,0.395505,0.059731,0.004923,,2679800,,
1,1,,0.000483,0.351659,0.088646,0.135953,0.034804,0.149285,0,0.080439,0.013946,0.144785,,2662300,,
1,1,,0.020209,0.320857,0.172555,0.013918,0.025918,0.003545,0.024013,0.124899,0.280239,0.013847,,2758400,,
1,1,,0.020473,0.379125,0.174291,0.006605,0.028851,0.002547,0.026538,0.040077,0.316965,0.004527,,2672000,,
1,1,,0.000332,0.350502,0.083747,0.137121,0.036592,0.133727,0,0.083386,0.01684,0.157753,,2683500,,
1,1,,0.023216,0.328311,0.019087,0.007511,0.191748,0.017191,0.030193,0.302683,0.076457,0.003603,,2680300,,
1,1,,0.023216,0.328311,0.019087,0.007511,0.191748,0.017191,0.030193,0.302683,0.076457,0.003603,,2662900,,
1,1,,0.000314,0.361243,0.097637,0.146142,0.029731,0.127935,0,0.084783,0.013227,0.138988,,2702300,,
1,2,,0.000483,0.091659,0.341587,0.135953,0.041863,0.149285,0,0.080439,0.013946,0.144785,,2682500,,
1,1,,0.020473,0.399125,0.174291,0.006605,0.028851,0.002547,0.026538,0.040077,0.296965,0.004527,,2675900,,
1,1,,0.028647,0.315103,0.172865,0.005064,0.056968,0.010881,0.089409,0.036113,0.281271,0.003679,,2672400,,
1,1,,0.020473,0.399125,0.174291,0.006605,0.028851,0.002547,0.026538,0.040077,0.296965,0.004527,,2694900,,
1,1,,0.000483,0.351659,0.088646,0.135953,0.034804,0.149285,0,0.080439,0.013946,0.144785,,2648500,,
1,1,,0.020473,0.399125,0.174291,0.006605,0.028851,0.002547,0.026538,0.040077,0.296965,0.004527,,2650600,,
1,1,,0.020473,0.399125,0.174291,0.006605,0.028851,0.002547,0.026538,0.040077,0.296965,0.004527,,2682500,,
1,1,,0.000483,0.351659,0.088646,0.135953,0.034804,0.149285,0,0.080439,0.013946,0.144785,,2663500,,
1,1,,0.000314,0.316104,0.079611,0.176811,0.029149,0.161696,0,0.084503,0.012645,0.139166,,2673500,,
1,6,,0.239031,0.077884,0.034048,0.003252,0.228149,0.059515,0.300536,0.018521,0.030892,0.008171,,2658800,,
1,1,,0.000314,0.316104,0.079611,0.176811,0.029149,0.161696,0,0.084503,0.012645,0.139166,,2646600,,
1,1,,0.000314,0.293098,0.08091,0.159379,0.030022,0.128371,0,0.085656,0.012645,0.209606,,2665500,,
1,1,,0.020473,0.359125,0.174291,0.006605,0.028851,0.002547,0.026538,0.040077,0.336965,0.004527,,2702300,,
1,7,,0.000314,0.097205,0.079756,0.150346,0.048651,0.128105,0,0.336029,0.012796,0.146798,,2658400,,
1,2,,0.000483,0.091659,0.341587,0.135953,0.041863,0.149285,0,0.080439,0.013946,0.144785,,2649700,,
1,1,,0.000483,0.351659,0.088646,0.135953,0.034804,0.149285,0,0.080439,0.013946,0.144785,,2650800,,
1,1,,0.000314,0.349705,0.079756,0.142846,0.029901,0.128105,0,0.117279,0.012796,0.139298,,2655000,,
1,1,,0.000332,0.350502,0.083747,0.137121,0.036592,0.133727,0,0.083386,0.01684,0.157753,,2663100,,
1,1,,0.000314,0.353098,0.08091,0.159379,0.030022,0.128371,0,0.085656,0.012645,0.149606,,2674000,,
1,2,,0.000483,0.091659,0.341587,0.135953,0.041863,0.149285,0,0.080439,0.013946,0.144785,,2645100,,
1,1,,0.000314,0.349705,0.079756,0.142846,0.029901,0.128105,0,0.117279,0.012796,0.139298,,2663500,,
1,1,,0.000314,0.353098,0.08091,0.159379,0.030022,0.128371,0,0.085656,0.012645,0.149606,,2689200,,
1,1,,0.020473,0.399125,0.174291,0.006605,0.028851,0.002547,0.026538,0.040077,0.296965,0.004527,,2667900,,
1,1,,0.020473,0.399125,0.174291,0.006605,0.028851,0.002547,0.026538,0.040077,0.296965,0.004527,,2651100,,
1,1,,0.020473,0.399125,0.174291,0.006605,0.028851,0.002547,0.026538,0.040077,0.296965,0.004527,,2642100,,
1,7,,0.019287,0.088764,0.077056,0.124432,0.041232,0.111269,0.019191,0.370831,0.02829,0.119649,,2630000,,
1,1,,0.020473,0.399125,0.174291,0.006605,0.028851,0.002547,0.026538,0.040077,0.296965,0.004527,,2659000,,
1,1,,0.020473,0.399125,0.174291,0.006605,0.028851,0.002547,0.026538,0.040077,0.296965,0.004527,,2636300,,
1,1,,0.020473,0.399125,0.174291,0.006605,0.028851,0.002547,0.026538,0.040077,0.296965,0.004527,,2676700,,
1,1,,0.000314,0.361243,0.097637,0.146142,0.029731,0.127935,0,0.084783,0.013227,0.138988,,2655200,,
1,1,,0.020473,0.399125,0.174291,0.006605,0.028851,0.002547,0.026538,0.040077,0.296965,0.004527,,2693900,,
1,2,,0.000483,0.091659,0.341587,0.135953,0.041863,0.149285,0,0.080439,0.013946,0.144785,,2660800,,
1,8,,0.020473,0.292875,0.174291,0.006605,0.028851,0.002547,0.027788,0.040077,0.401965,0.004527,,2637500,,
1,5,,0.000314,0.161243,0.097637,0.146142,0.029731,0.327935,0,0.084783,0.013227,0.138988,,2640500,,
1,1,,0.019305,0.327455,0.081047,0.118707,0.051081,0.116891,0.019191,0.080095,0.048125,0.138103,,2649500,,
1,1,,0.000332,0.350502,0.083747,0.137121,0.036592,0.133727,0,0.083386,0.01684,0.157753,,2660500,,
1,1,,0.000483,0.309659,0.088646,0.135953,0.052804,0.161285,0,0.080439,0.013946,0.156785,,2673400,,
1,1,,0.000332,0.290502,0.083747,0.14065,0.036592,0.133727,0,0.083386,0.02037,0.210694,,2666200,,
1,1,,0.019305,0.289736,0.081047,0.118707,0.054589,0.116891,0.019191,0.080095,0.035669,0.184769,,2636800,,
1,8,,0.020344,0.269984,0.251456,0.00611,0.027726,0.003358,0.031815,0.039195,0.345862,0.004151,,2655800,,
1,1,,0.000314,0.333084,0.084367,0.143869,0.038623,0.127493,0,0.087294,0.032084,0.152872,,2652800,,
1,1,,0.020473,0.399125,0.174291,0.006605,0.028851,0.002547,0.026538,0.040077,0.296965,0.004527,,2657600,,
1,1,,0.000314,0.361243,0.097637,0.146142,0.029731,0.127935,0,0.084783,0.013227,0.138988,,2690800,,
1,1,,0.000314,0.344677,0.08091,0.161484,0.030022,0.128371,0,0.085656,0.012645,0.155922,,2662800,,
1,1,,0.000483,0.351659,0.088646,0.135953,0.034804,0.149285,0,0.080439,0.013946,0.144785,,2655600,,
1,1,,0.000314,0.353098,0.08091,0.159379,0.030022,0.128371,0,0.085656,0.012645,0.149606,,2654600,,
1,1,,0.019287,0.348998,0.07821,0.140965,0.041353,0.111535,0.019191,0.082365,0.02814,0.129956,,2651500,,
1,1,,0.023216,0.328311,0.019087,0.007511,0.191748,0.017191,0.030193,0.302683,0.076457,0.003603,,2672800,,
1,1,,0.028647,0.322162,0.197571,0.005064,0.056027,0.010411,0.055527,0.036113,0.284801,0.003679,,2677700,,
1,1,,0.000314,0.355529,0.097637,0.151857,0.029731,0.127935,0,0.084783,0.013227,0.138988,,2670700,,
1,7,,0.023121,0.251997,0.079182,0.007931,0.200777,0.039369,0.027668,0.298665,0.060881,0.010409,,2677900,,
1,6,,0.2473,0.010176,0.025469,0.001291,0.254295,0.045671,0.365932,0.018576,0.030774,0.000516,,2675800,,
1,1,,0.020473,0.399125,0.174291,0.006605,0.028851,0.002547,0.026538,0.040077,0.296965,0.004527,,2670100,,
1,1,,0.020338,0.39918,0.173931,0.013447,0.027231,0.002922,0.025046,0.041386,0.290629,0.005891,,2657800,,
1,1,,0.000332,0.331555,0.083747,0.137121,0.039749,0.133727,0,0.083386,0.03263,0.157753,,2731200,,
1,1,,0.000314,0.301243,0.104304,0.192809,0.029731,0.127935,0,0.09145,0.013227,0.138988,,2678700,,
1,1,,0.000314,0.352031,0.084367,0.143869,0.035465,0.127493,0,0.087294,0.016294,0.152872,,2678400,,
1,2,,0.000483,0.151659,0.288646,0.135953,0.034804,0.149285,0,0.080439,0.013946,0.144785,,2676800,,
1,1,,0.020473,0.399125,0.174291,0.006605,0.028851,0.002547,0.026538,0.040077,0.296965,0.004527,,2683900,,
1,1,,0.000314,0.349705,0.079756,0.142846,0.029901,0.128105,0,0.117279,0.012796,0.139298,,2701200,,
1,1,,0.000332,0.331555,0.083747,0.137121,0.039749,0.133727,0,0.083386,0.03263,0.157753,,2708100,,
1,5,,0.000314,0.161243,0.097637,0.146142,0.029731,0.327935,0,0.084783,0.013227,0.138988,,2645300,,
1,1,,0.020473,0.391803,0.174291,0.006605,0.034565,0.002547,0.029396,0.040077,0.295715,0.004527,,2688000,,
1,6,,0.2473,0.010176,0.025469,0.001291,0.254295,0.045671,0.365932,0.018576,0.030774,0.000516,,2669400,,
2,8,,0.020209,0.152395,0.310436,0.017215,0.025748,0.003375,0.024013,0.040403,0.40067,0.005537,,2677200,,
2,9,,0.000332,0.090502,0.083747,0.137121,0.036592,0.133727,0,0.083386,0.01684,0.417753,,2706600,,
2,2,,0.000314,0.101243,0.357637,0.146142,0.029731,0.127935,0,0.084783,0.013227,0.138988,,2687100,,
2,2,,0.021025,0.118474,0.452478,0.007614,0.028419,0.002554,0.02986,0.038658,0.296628,0.00429,,2696100,,
2,8,,0.020473,0.212875,0.174291,0.006605,0.028851,0.002547,0.027788,0.040077,0.481965,0.004527,,2676700,,
2,2,,0.000314,0.101243,0.357637,0.146142,0.029731,0.127935,0,0.084783,0.013227,0.138988,,2660200,,
2,2,,0.000314,0.101243,0.357637,0.146142,0.029731,0.127935,0,0.084783,0.013227,0.138988,,2693300,,
2,2,,0.021025,0.118474,0.452478,0.007614,0.028419,0.002554,0.02986,0.038658,0.296628,0.00429,,2670700,,
2,2,,0.021025,0.118474,0.452478,0.007614,0.028419,0.002554,0.02986,0.038658,0.296628,0.00429,,2687100,,
2,2,,0.021025,0.118474,0.452478,0.007614,0.028419,0.002554,0.02986,0.038658,0.296628,0.00429,,2677000,,
2,2,,0.000314,0.101243,0.357637,0.146142,0.029731,0.127935,0,0.084783,0.013227,0.138988,,2693100,,
2,0,,0.2473,0.037235,0.170174,0.001291,0.193354,0.0252,0.23205,0.018576,0.074304,0.000516,,2681400,,
2,8,,0.020633,0.117794,0.335692,0.013506,0.037906,0.002851,0.025651,0.102196,0.339601,0.004171,,2698900,,
2,2,,0.000483,0.091659,0.341587,0.135953,0.041863,0.149285,0,0.080439,0.013946,0.144785,,2663800,,
2,2,,0.000483,0.091659,0.341587,0.135953,0.041863,0.149285,0,0.080439,0.013946,0.144785,,2681300,,
2,6,,0.2473,0.017235,0.210174,0.001291,0.193354,0.0252,0.25205,0.018576,0.034304,0.000516,,2667100,,
2,2,,0.000483,0.091659,0.341587,0.135953,0.041863,0.149285,0,0.080439,0.013946,0.144785,,2661800,,
2,2,,0.000314,0.101243,0.357637,0.146142,0.029731,0.127935,0,0.084783,0.013227,0.138988,,2662100,,
2,2,,0.000314,0.093098,0.299857,0.162537,0.042654,0.128371,0,0.104603,0.012645,0.155922,,2686400,,
2,2,,0.000483,0.091659,0.341587,0.135953,0.041863,0.149285,0,0.080439,0.013946,0.144785,,2666600,,
2,2,,0.019287,0.097144,0.354937,0.127729,0.041062,0.111098,0.019191,0.081493,0.028722,0.119338,,2694700,,
2,9,,0.000332,0.090502,0.170414,0.137121,0.066592,0.137061,0,0.090053,0.020174,0.287753,,2675100,,
2,2,,0.021025,0.118474,0.380478,0.079614,0.028419,0.002554,0.02986,0.038658,0.296628,0.00429,,2679200,,
2,2,,0.000314,0.101243,0.357637,0.146142,0.029731,0.127935,0,0.084783,0.013227,0.138988,,2671400,,
2,1,,0.020473,0.399125,0.174291,0.006605,0.028851,0.002547,0.026538,0.040077,0.296965,0.004527,,2665500,,
2,2,,0.000483,0.091659,0.341587,0.135953,0.041863,0.149285,0,0.080439,0.013946,0.144785,,2666100,,
2,8,,0.020473,0.212875,0.174291,0.006605,0.028851,0.002547,0.027788,0.040077,0.481965,0.004527,,2706200,,
2,1,,0.020473,0.399125,0.174291,0.006605,0.028851,0.002547,0.026538,0.040077,0.296965,0.004527,,2666900,,
2,2,,0.020907,0.117001,0.451498,0.007707,0.027926,0.009163,0.028367,0.036058,0.290838,0.010534,,2669800,,
2,7,,0.000314,0.089705,0.079756,0.142846,0.029901,0.128105,0,0.297279,0.012796,0.219298,,2684900,,
2,2,,0.000332,0.120343,0.284597,0.138728,0.030578,0.134342,0,0.080439,0.013191,0.197451,,2677300,,
2,2,,0.000314,0.093098,0.299857,0.162537,0.042654,0.128371,0,0.104603,0.012645,0.155922,,2661200,,
2,0,,0.238862,0.087468,0.150312,0.03526,0.16853,0.038164,0.200536,0.022866,0.055628,0.002374,,2676700,,
2,2,,0.019287,0.097144,0.354937,0.127729,0.041062,0.111098,0.019191,0.081493,0.028722,0.119338,,2674000,,
2,2,,0.000483,0.091659,0.341587,0.135953,0.041863,0.149285,0,0.080439,0.013946,0.144785,,2690700,,
2,2,,0.000483,0.091659,0.341587,0.135953,0.041863,0.149285,0,0.080439,0.013946,0.144785,,2663400,,
2,2,,0.000314,0.101243,0.357637,0.146142,0.029731,0.127935,0,0.084783,0.013227,0.138988,,2648300,,
2,2,,0.000314,0.221243,0.237637,0.146142,0.029731,0.127935,0,0.084783,0.013227,0.138988,,2671300,,
2,2,,0.000314,0.111243,0.322637,0.156142,0.044731,0.127935,0,0.084783,0.013227,0.138988,,2695200,,
2,8,,0.021025,0.138474,0.252478,0.007614,0.028419,0.002554,0.02986,0.038658,0.476628,0.00429,,2663500,,
2,1,,0.020473,0.392875,0.174291,0.006605,0.028851,0.002547,0.027788,0.040077,0.301965,0.004527,,2695100,,
2,2,,0.000483,0.091659,0.341587,0.135953,0.041863,0.149285,0,0.080439,0.013946,0.144785,,2669600,,
2,2,,0.000483,0.091659,0.341587,0.135953,0.041863,0.149285,0,0.080439,0.013946,0.144785,,2677900,,
2,2,,0.000483,0.091659,0.341587,0.135953,0.041863,0.149285,0,0.080439,0.013946,0.144785,,2677500,,
2,2,,0.000465,0.093188,0.342208,0.142701,0.040736,0.143051,0,0.084347,0.0134,0.139904,,2672900,,
2,2,,0.000314,0.101243,0.357637,0.146142,0.029731,0.127935,0,0.084783,0.013227,0.138988,,2679500,,
2,8,,0.020473,0.212875,0.174291,0.006605,0.028851,0.002547,0.027788,0.040077,0.481965,0.004527,,2695000,,
2,2,,0.000314,0.101243,0.357637,0.146142,0.029731,0.127935,0,0.084783,0.013227,0.138988,,2675900,,
2,2,,0.000314,0.101243,0.357637,0.146142,0.029731,0.127935,0,0.084783,0.013227,0.138988,,2666500,,
2,2,,0.02779,0.114674,0.360708,0.025064,0.037172,0.002738,0.111791,0.03597,0.280414,0.003679,,2669200,,
2,9,,0.000332,0.086225,0.079891,0.135198,0.040578,0.139342,0,0.080439,0.013191,0.424804,,2701300,,
2,2,,0.000314,0.101243,0.357637,0.146142,0.029731,0.127935,0,0.084783,0.013227,0.138988,,2710400,,
2,8,,0.020473,0.180375,0.174291,0.006605,0.028851,0.002547,0.026538,0.070077,0.485715,0.004527,,2662600,,
2,2,,0.000314,0.101243,0.357637,0.146142,0.029731,0.127935,0,0.084783,0.013227,0.138988,,2668800,,
2,1,,0.027919,0.389755,0.171828,0.006096,0.031318,0.002867,0.032549,0.037389,0.295955,0.004324,,2672700,,
2,1,,0.020473,0.399125,0.174291,0.006605,0.028851,0.002547,0.026538,0.040077,0.296965,0.004527,,3565000,,
2,8,,0.020473,0.212875,0.174291,0.006605,0.028851,0.002547,0.027788,0.040077,0.481965,0.004527,,2704700,,
2,1,,0.000314,0.344677,0.08091,0.161484,0.030022,0.128371,0,0.085656,0.012645,0.155922,,2665200,,
2,2,,0.238862,0.037468,0.248039,0.023442,0.158076,0.018164,0.220536,0.022866,0.030173,0.002374,,2669600,,
2,2,,0.021025,0.118474,0.452478,0.007614,0.028419,0.002554,0.02986,0.038658,0.296628,0.00429,,2667200,,
2,2,,0.000314,0.106243,0.352637,0.146142,0.029731,0.127935,0,0.084783,0.013227,0.138988,,2673100,,
2,2,,0.020209,0.132395,0.397102,0.063881,0.025748,0.003375,0.024013,0.04707,0.28067,0.005537,,2806800,,
2,2,,0.000483,0.091659,0.341587,0.135953,0.041863,0.149285,0,0.080439,0.013946,0.144785,,2702600,,
2,2,,0.019438,0.089089,0.339508,0.124287,0.052067,0.126215,0.019191,0.081056,0.028895,0.120255,,2675000,,
2,2,,0.000332,0.100343,0.304597,0.138728,0.030578,0.134342,0,0.080439,0.013191,0.197451,,2657300,,
2,8,,0.020633,0.177794,0.195692,0.013506,0.037906,0.002851,0.025651,0.062196,0.459601,0.004171,,2694300,,
2,2,,0.000314,0.101243,0.357637,0.146142,0.029731,0.127935,0,0.084783,0.013227,0.138988,,2676000,,
2,6,,0.246443,0.009748,0.218312,0.001291,0.158249,0.017528,0.299564,0.018433,0.029917,0.000516,,2665500,,
2,2,,0.019456,0.08756,0.338887,0.117539,0.053194,0.132449,0.019191,0.077148,0.029441,0.125135,,2661500,,
2,7,,0.000314,0.109705,0.079756,0.142846,0.029901,0.128105,0,0.317279,0.012796,0.179298,,2657000,,
2,0,,0.2473,0.037235,0.170174,0.001291,0.173354,0.0252,0.23205,0.018576,0.094304,0.000516,,2662300,,
2,6,,0.246443,0.009748,0.218312,0.001291,0.178249,0.017528,0.279564,0.018433,0.029917,0.000516,,2688900,,
2,2,,0.000332,0.090502,0.343747,0.137121,0.036592,0.133727,0,0.083386,0.01684,0.157753,,2676500,,
2,2,,0.019287,0.217144,0.234937,0.127729,0.041062,0.111098,0.019191,0.081493,0.028722,0.119338,,2696100,,
2,1,,0.020473,0.392875,0.174291,0.006605,0.028851,0.002547,0.027788,0.040077,0.301965,0.004527,,2682000,,
2,2,,0.019287,0.107144,0.319937,0.137729,0.056062,0.111098,0.019191,0.081493,0.028722,0.119338,,2646000,,
2,8,,0.021025,0.138474,0.252478,0.007614,0.028419,0.002554,0.02986,0.038658,0.476628,0.00429,,2657100,,
2,2,,0.000332,0.120343,0.284597,0.138728,0.030578,0.134342,0,0.080439,0.013191,0.197451,,2660100,,
2,2,,0.000314,0.101243,0.357637,0.146142,0.029731,0.127935,0,0.084783,0.013227,0.138988,,2677300,,
2,2,,0.021025,0.118474,0.380478,0.079614,0.028419,0.002554,0.02986,0.038658,0.296628,0.00429,,2733000,,
2,2,,0.021025,0.118474,0.452478,0.007614,0.028419,0.002554,0.02986,0.038658,0.296628,0.00429,,2655500,,
2,2,,0.000314,0.101243,0.357637,0.146142,0.029731,0.127935,0,0.084783,0.013227,0.138988,,2650600,,
2,6,,0.246443,0.009748,0.218312,0.001291,0.158249,0.017528,0.299564,0.018433,0.029917,0.000516,,2645600,,
2,2,,0.000314,0.144677,0.28091,0.161484,0.030022,0.128371,0,0.085656,0.012645,0.155922,,2661800,,
2,2,,0.021025,0.118474,0.452478,0.007614,0.028419,0.002554,0.02986,0.038658,0.296628,0.00429,,2685400,,
2,1,,0.02779,0.314674,0.185708,0.005064,0.040922,0.002738,0.103041,0.03597,0.280414,0.003679,,2693700,,
2,2,,0.000483,0.091659,0.341587,0.135953,0.041863,0.149285,0,0.080439,0.013946,0.144785,,2666700,,
2,2,,0.021025,0.118474,0.452478,0.007614,0.028419,0.002554,0.02986,0.038658,0.296628,0.00429,,2637700,,
2,2,,0.000483,0.091659,0.341587,0.135953,0.041863,0.149285,0,0.080439,0.013946,0.144785,,2633100,,
2,2,,0.000314,0.101243,0.357637,0.146142,0.029731,0.127935,0,0.084783,0.013227,0.138988,,2647900,,
2,9,,0.000332,0.100343,0.104597,0.138728,0.030578,0.134342,0,0.080439,0.013191,0.397451,,2648800,,
2,6,,0.2473,0.017235,0.190174,0.001291,0.173354,0.0252,0.29205,0.018576,0.034304,0.000516,,2671000,,
2,2,,0.000314,0.101243,0.357637,0.146142,0.029731,0.127935,0,0.084783,0.013227,0.138988,,2620600,,
2,2,,0.000483,0.091659,0.341587,0.135953,0.041863,0.149285,0,0.080439,0.013946,0.144785,,2626200,,
2,2,,0.000314,0.101243,0.357637,0.146142,0.029731,0.127935,0,0.084783,0.013227,0.138988,,2630900,,
2,2,,0.000483,0.091659,0.341587,0.135953,0.041863,0.149285,0,0.080439,0.013946,0.144785,,2635500,,
2,2,,0.021025,0.118474,0.452478,0.007614,0.028419,0.002554,0.02986,0.038658,0.296628,0.00429,,2646900,,
2,8,,0.027919,0.137255,0.171828,0.006096,0.039889,0.002867,0.03987,0.037389,0.532562,0.004324,,2658600,,
2,8,,0.020473,0.212875,0.174291,0.006605,0.028851,0.002547,0.027788,0.040077,0.481965,0.004527,,2643900,,
2,1,,0.020473,0.392875,0.174291,0.006605,0.028851,0.002547,0.027788,0.040077,0.301965,0.004527,,2640900,,
2,2,,0.000483,0.091659,0.341587,0.135953,0.041863,0.149285,0,0.080439,0.013946,0.144785,,2638000,,
2,7,,0.000314,0.092863,0.079756,0.142846,0.029901,0.128105,0,0.374121,0.012796,0.139298,,2645900,,
2,2,,0.020344,0.129984,0.411456,0.00611,0.027726,0.003358,0.031815,0.039195,0.325862,0.004151,,2647900,,
2,2,,0.000314,0.093098,0.299857,0.162537,0.042654,0.128371,0,0.104603,0.012645,0.155922,,2672800,,
2,2,,0.000483,0.091659,0.295313,0.149286,0.034804,0.169285,0,0.080439,0.013946,0.164785,,2651700,,
2,2,,0.000314,0.104007,0.286364,0.197561,0.030022,0.128371,0,0.09111,0.012645,0.149606,,2627300,,
2,2,,0.000314,0.101243,0.357637,0.146142,0.029731,0.127935,0,0.084783,0.013227,0.138988,,2655400,,
2,1,,0.020209,0.38778,0.195051,0.017215,0.025748,0.003375,0.024013,0.040403,0.28067,0.005537,,2692200,,
2,2,,0.000314,0.101243,0.357637,0.146142,0.029731,0.127935,0,0.084783,0.013227,0.138988,,2627000,,
2,2,,0.019287,0.087932,0.341667,0.125455,0.046796,0.110657,0.019191,0.084004,0.031789,0.133222,,2659700,,
2,2,,0.000314,0.101243,0.357637,0.146142,0.029731,0.127935,0,0.084783,0.013227,0.138988,,2665200,,
2,2,,0.021025,0.118474,0.452478,0.007614,0.028419,0.002554,0.02986,0.038658,0.296628,0.00429,,2636000,,
3,8,,0.028412,0.132262,0.024503,0.150736,0.045197,0.012434,0.173596,0.019,0.396306,0.017554,,2650200,,
3,3,,0.000314,0.088104,0.079611,0.436811,0.029149,0.129696,0,0.084503,0.012645,0.139166,,2669300,,
3,3,,0.028412,0.137256,0.065802,0.289971,0.04607,0.011108,0.173596,0.020153,0.196306,0.031328,,2653800,,
3,8,,0.028541,0.153436,0.026025,0.0563,0.047261,0.010219,0.174628,0.070263,0.415596,0.01773,,2687200,,
3,3,,0.000314,0.088104,0.079611,0.436811,0.029149,0.129696,0,0.084503,0.012645,0.139166,,2687400,,
3,3,,0.000314,0.088104,0.079611,0.436811,0.029149,0.129696,0,0.084503,0.012645,0.139166,,2651700,,
3,3,,0.000314,0.093098,0.08091,0.419379,0.030022,0.128371,0,0.085656,0.012645,0.149606,,2660900,,
3,3,,0.000314,0.088104,0.079611,0.436811,0.029149,0.129696,0,0.084503,0.012645,0.139166,,2652300,,
3,3,,0.000314,0.088104,0.079611,0.436811,0.029149,0.129696,0,0.084503,0.012645,0.139166,,2638600,,
3,3,,0.000314,0.088104,0.079611,0.436811,0.029149,0.129696,0,0.084503,0.012645,0.139166,,2687800,,
3,3,,0.000314,0.088104,0.079611,0.436811,0.029149,0.129696,0,0.084503,0.012645,0.139166,,2642900,,
3,3,,0.000314,0.093098,0.08091,0.416045,0.030022,0.128371,0,0.085656,0.012645,0.152939,,2658900,,
3,9,,0.000314,0.188104,0.079611,0.236811,0.029149,0.129696,0,0.084503,0.012645,0.239166,,2673000,,
3,9,,0.000314,0.128104,0.079611,0.236811,0.029149,0.129696,0,0.144503,0.012645,0.239166,,2639000,,
3,7,,0.000314,0.089705,0.079756,0.214846,0.029901,0.200105,0,0.233279,0.012796,0.139298,,2628400,,
3,8,,0.020209,0.120857,0.172555,0.025918,0.025918,0.015545,0.024013,0.128899,0.460239,0.005847,,2660400,,
3,3,,0.000314,0.099013,0.085066,0.414993,0.029149,0.129696,0,0.089958,0.012645,0.139166,,2650700,,
3,9,,0.000314,0.093098,0.08091,0.169967,0.030022,0.128371,0,0.085656,0.012645,0.399018,,2653100,,
3,2,,0.000314,0.093098,0.259857,0.202537,0.042654,0.128371,0,0.104603,0.012645,0.155922,,2679800,,
3,2,,0.000483,0.091659,0.295313,0.149286,0.034804,0.169285,0,0.080439,0.013946,0.164785,,2664900,,
3,3,,0.000314,0.088104,0.079611,0.436811,0.029149,0.129696,0,0.084503,0.012645,0.139166,,2649300,,
3,3,,0.000314,0.088104,0.079611,0.436811,0.029149,0.129696,0,0.084503,0.012645,0.139166,,2669900,,
3,8,,0.029092,0.144167,0.044211,0.123624,0.053145,0.010226,0.177949,0.018844,0.381247,0.017493,,2694100,,
3,8,,0.023099,0.068087,0.018107,0.007605,0.191254,0.0238,0.0287,0.300084,0.329417,0.009847,,2658600,,
3,3,,0.000314,0.088104,0.079611,0.436811,0.029149,0.129696,0,0.084503,0.012645,0.139166,,2657000,,
3,3,,0.000314,0.088104,0.079611,0.436811,0.029149,0.129696,0,0.084503,0.012645,0.139166,,2644000,,
3,3,,0.028412,0.137256,0.065802,0.237054,0.04607,0.014858,0.173596,0.020153,0.196306,0.080494,,2661800,,
3,1,,0.000332,0.278002,0.083747,0.189621,0.041592,0.133727,0,0.088386,0.01684,0.167753,,2685500,,
3,1,,0.000314,0.275781,0.084367,0.210119,0.037965,0.127493,0,0.089794,0.016294,0.157872,,2656500,,
3,9,,0.019305,0.082126,0.077191,0.116784,0.041909,0.117506,0.019191,0.077148,0.028686,0.420154,,2668600,,
3,1,,0.000314,0.288104,0.079611,0.236811,0.029149,0.129696,0,0.084503,0.012645,0.139166,,2663200,,
3,3,,0.000314,0.088104,0.079611,0.436811,0.029149,0.129696,0,0.084503,0.012645,0.139166,,2668000,,
3,3,,0.000314,0.088104,0.079611,0.436811,0.029149,0.129696,0,0.084503,0.012645,0.139166,,2644200,,
3,3,,0.000314,0.088104,0.079611,0.436811,0.029149,0.129696,0,0.084503,0.012645,0.139166,,2679100,,
3,3,,0.000314,0.088104,0.079611,0.436811,0.029149,0.129696,0,0.084503,0.012645,0.139166,,2663300,,
3,3,,0.000314,0.233098,0.08091,0.276045,0.030022,0.128371,0,0.085656,0.012645,0.152939,,2660700,,
3,2,,0.000483,0.091659,0.341587,0.135953,0.041863,0.149285,0,0.080439,0.013946,0.144785,,2655300,,
3,3,,0.000314,0.088104,0.079611,0.436811,0.029149,0.129696,0,0.084503,0.012645,0.139166,,2645300,,
3,9,,0.000314,0.093098,0.08091,0.169967,0.030022,0.128371,0,0.085656,0.012645,0.399018,,2645500,,
3,9,,0.000314,0.093098,0.08091,0.216045,0.030022,0.168371,0,0.085656,0.012645,0.312939,,2679000,,
3,3,,0.000314,0.148104,0.159611,0.296811,0.029149,0.129696,0,0.084503,0.012645,0.139166,,2676000,,
3,9,,0.000332,0.090502,0.083747,0.137121,0.036592,0.133727,0,0.083386,0.01684,0.417753,,2656300,,
3,8,,0.028563,0.137346,0.040825,0.069959,0.049725,0.045788,0.273596,0.018844,0.297061,0.038293,,2669300,,
3,3,,0.000314,0.088104,0.079611,0.436811,0.029149,0.129696,0,0.084503,0.012645,0.139166,,2667400,,
3,3,,0.000314,0.088104,0.079611,0.436811,0.029149,0.129696,0,0.084503,0.012645,0.139166,,2688400,,
3,3,,0.000314,0.179013,0.145066,0.234993,0.029149,0.129696,0,0.129958,0.012645,0.139166,,2651700,,
3,3,,0.000314,0.088104,0.079611,0.436811,0.029149,0.129696,0,0.084503,0.012645,0.139166,,2665900,,
3,9,,0.000332,0.090502,0.083747,0.14065,0.036592,0.133727,0,0.083386,0.02037,0.410694,,2662400,,
