optical,Tuned_CWT,test,2,NANOSECONDS,PREDICTIONS, Generated by ClassifierExperiments.java on 2022-05-16 01:22:24.    SYSTEMPROPERTIES:{user.name:matth,os.arch:amd64,os.name:Windows 10},ENDSYSTEMPROPERTIES
No parameter info
0.466784765279008,4417190500,3403584900,-1,155023720,10,,-1,-1
0,0,,0.402174,0.135159,0.023024,0.001928,0.148415,0.012322,0.218746,0.018811,0.038737,0.000684,,2902000,,
0,0,,0.306919,0.141052,0.030125,0.003568,0.164887,0.036176,0.23322,0.019685,0.045112,0.019256,,2868200,,
0,0,,0.302174,0.235159,0.023024,0.001928,0.148415,0.012322,0.218746,0.018811,0.038737,0.000684,,2733900,,
0,0,,0.402174,0.135159,0.023024,0.001928,0.148415,0.012322,0.218746,0.018811,0.038737,0.000684,,2694600,,
0,0,,0.402174,0.135159,0.023024,0.001928,0.148415,0.012322,0.218746,0.018811,0.038737,0.000684,,2760900,,
0,0,,0.402174,0.135159,0.023024,0.001928,0.148415,0.012322,0.218746,0.018811,0.038737,0.000684,,2751700,,
0,0,,0.402174,0.135159,0.023024,0.001928,0.148415,0.012322,0.218746,0.018811,0.038737,0.000684,,3624300,,
0,6,,0.263332,0.136192,0.048242,0.001928,0.168205,0.017546,0.30543,0.018959,0.039481,0.000684,,3166800,,
0,0,,0.402174,0.135159,0.023024,0.001928,0.148415,0.012322,0.218746,0.018811,0.038737,0.000684,,2780600,,
0,0,,0.402174,0.135159,0.023024,0.001928,0.148415,0.012322,0.218746,0.018811,0.038737,0.000684,,2752900,,
0,0,,0.402174,0.135159,0.023024,0.001928,0.148415,0.012322,0.218746,0.018811,0.038737,0.000684,,2725100,,
0,0,,0.402174,0.135159,0.023024,0.001928,0.148415,0.012322,0.218746,0.018811,0.038737,0.000684,,3515100,,
0,0,,0.402174,0.135159,0.023024,0.001928,0.148415,0.012322,0.218746,0.018811,0.038737,0.000684,,2782600,,
0,0,,0.402174,0.135159,0.023024,0.001928,0.148415,0.012322,0.218746,0.018811,0.038737,0.000684,,2849700,,
0,0,,0.402174,0.135159,0.023024,0.001928,0.148415,0.012322,0.218746,0.018811,0.038737,0.000684,,2728500,,
0,0,,0.402174,0.135159,0.023024,0.001928,0.148415,0.012322,0.218746,0.018811,0.038737,0.000684,,2777200,,
0,0,,0.402174,0.135159,0.023024,0.001928,0.148415,0.012322,0.218746,0.018811,0.038737,0.000684,,2776600,,
0,0,,0.402174,0.135159,0.023024,0.001928,0.148415,0.012322,0.218746,0.018811,0.038737,0.000684,,2780600,,
0,0,,0.402174,0.135159,0.023024,0.001928,0.148415,0.012322,0.218746,0.018811,0.038737,0.000684,,2985900,,
0,0,,0.402174,0.135159,0.023024,0.001928,0.148415,0.012322,0.218746,0.018811,0.038737,0.000684,,2756100,,
0,0,,0.402174,0.135159,0.023024,0.001928,0.148415,0.012322,0.218746,0.018811,0.038737,0.000684,,2744400,,
0,0,,0.402174,0.135159,0.023024,0.001928,0.148415,0.012322,0.218746,0.018811,0.038737,0.000684,,2780900,,
0,0,,0.402174,0.135159,0.023024,0.001928,0.148415,0.012322,0.218746,0.018811,0.038737,0.000684,,2698300,,
0,0,,0.363332,0.136192,0.025385,0.001928,0.168205,0.014689,0.231145,0.018959,0.039481,0.000684,,3661900,,
0,0,,0.363332,0.136192,0.025385,0.001928,0.168205,0.014689,0.231145,0.018959,0.039481,0.000684,,2766000,,
0,0,,0.402174,0.135159,0.023024,0.001928,0.148415,0.012322,0.218746,0.018811,0.038737,0.000684,,2847600,,
0,0,,0.362742,0.135159,0.023314,0.001928,0.148277,0.01218,0.257873,0.018811,0.039032,0.000684,,2761600,,
0,0,,0.402174,0.135159,0.023024,0.001928,0.148415,0.012322,0.218746,0.018811,0.038737,0.000684,,2731000,,
0,0,,0.402174,0.135159,0.023024,0.001928,0.148415,0.012322,0.218746,0.018811,0.038737,0.000684,,2751300,,
0,0,,0.402174,0.135159,0.023024,0.001928,0.148415,0.012322,0.218746,0.018811,0.038737,0.000684,,2739600,,
0,0,,0.402174,0.135159,0.023024,0.001928,0.148415,0.012322,0.218746,0.018811,0.038737,0.000684,,3651000,,
0,0,,0.305508,0.135159,0.063024,0.045261,0.148415,0.012322,0.218746,0.018811,0.042071,0.010684,,2841600,,
0,0,,0.402174,0.135159,0.023024,0.001928,0.148415,0.012322,0.218746,0.018811,0.038737,0.000684,,2849500,,
0,0,,0.402174,0.135159,0.023024,0.001928,0.148415,0.012322,0.218746,0.018811,0.038737,0.000684,,2772200,,
0,0,,0.402174,0.135159,0.023024,0.001928,0.148415,0.012322,0.218746,0.018811,0.038737,0.000684,,2731300,,
0,0,,0.402174,0.135159,0.023024,0.001928,0.148415,0.012322,0.218746,0.018811,0.038737,0.000684,,3872700,,
0,0,,0.402174,0.135159,0.023024,0.001928,0.148415,0.012322,0.218746,0.018811,0.038737,0.000684,,2828600,,
0,0,,0.402174,0.135159,0.023024,0.001928,0.148415,0.012322,0.218746,0.018811,0.038737,0.000684,,2901700,,
0,0,,0.402174,0.135159,0.023024,0.001928,0.148415,0.012322,0.218746,0.018811,0.038737,0.000684,,2711600,,
0,0,,0.402174,0.135159,0.023024,0.001928,0.148415,0.012322,0.218746,0.018811,0.038737,0.000684,,2758900,,
0,0,,0.402174,0.135159,0.023024,0.001928,0.148415,0.012322,0.218746,0.018811,0.038737,0.000684,,2766300,,
0,0,,0.402174,0.135159,0.023024,0.001928,0.148415,0.012322,0.218746,0.018811,0.038737,0.000684,,2737200,,
0,0,,0.402174,0.135159,0.023024,0.001928,0.148415,0.012322,0.218746,0.018811,0.038737,0.000684,,2817700,,
0,0,,0.402174,0.135159,0.023024,0.001928,0.148415,0.012322,0.218746,0.018811,0.038737,0.000684,,2720500,,
0,0,,0.402174,0.135159,0.023024,0.001928,0.148415,0.012322,0.218746,0.018811,0.038737,0.000684,,2714300,,
0,0,,0.402174,0.135159,0.023024,0.001928,0.148415,0.012322,0.218746,0.018811,0.038737,0.000684,,2708000,,
0,0,,0.402174,0.135159,0.023024,0.001928,0.148415,0.012322,0.218746,0.018811,0.038737,0.000684,,2725000,,
0,0,,0.402174,0.135159,0.023024,0.001928,0.148415,0.012322,0.218746,0.018811,0.038737,0.000684,,2884200,,
0,0,,0.402174,0.135159,0.023024,0.001928,0.148415,0.012322,0.218746,0.018811,0.038737,0.000684,,2722800,,
0,0,,0.402174,0.135159,0.023024,0.001928,0.148415,0.012322,0.218746,0.018811,0.038737,0.000684,,2729600,,
0,0,,0.362742,0.135159,0.023314,0.001928,0.148277,0.01218,0.257873,0.018811,0.039032,0.000684,,2764100,,
0,0,,0.402174,0.135159,0.023024,0.001928,0.148415,0.012322,0.218746,0.018811,0.038737,0.000684,,2731100,,
0,0,,0.29986,0.141052,0.030125,0.003568,0.160181,0.033823,0.252044,0.019685,0.040406,0.019256,,4054400,,
0,0,,0.402174,0.135159,0.023024,0.001928,0.148415,0.012322,0.218746,0.018811,0.038737,0.000684,,2973200,,
0,0,,0.402174,0.135159,0.023024,0.001928,0.148415,0.012322,0.218746,0.018811,0.038737,0.000684,,2850600,,
0,0,,0.378702,0.140019,0.027763,0.003568,0.140391,0.031455,0.199645,0.019537,0.039663,0.019256,,2711400,,
0,0,,0.342174,0.195159,0.023024,0.001928,0.148415,0.012322,0.218746,0.018811,0.038737,0.000684,,2726800,,
0,0,,0.402174,0.135159,0.023024,0.001928,0.148415,0.012322,0.218746,0.018811,0.038737,0.000684,,2722400,,
0,0,,0.402174,0.135159,0.023024,0.001928,0.148415,0.012322,0.218746,0.018811,0.038737,0.000684,,2734800,,
0,0,,0.402174,0.135159,0.023024,0.001928,0.148415,0.012322,0.218746,0.018811,0.038737,0.000684,,3628400,,
0,0,,0.402174,0.135159,0.023024,0.001928,0.148415,0.012322,0.218746,0.018811,0.038737,0.000684,,2722100,,
0,0,,0.363332,0.136192,0.025385,0.001928,0.168205,0.014689,0.231145,0.018959,0.039481,0.000684,,2748300,,
0,0,,0.363332,0.136192,0.025385,0.001928,0.168205,0.014689,0.231145,0.018959,0.039481,0.000684,,2752000,,
0,0,,0.402174,0.135159,0.023024,0.001928,0.148415,0.012322,0.218746,0.018811,0.038737,0.000684,,2760400,,
0,0,,0.402174,0.135159,0.023024,0.001928,0.148415,0.012322,0.218746,0.018811,0.038737,0.000684,,2983400,,
0,0,,0.402174,0.135159,0.023024,0.001928,0.148415,0.012322,0.218746,0.018811,0.038737,0.000684,,2781000,,
0,0,,0.402174,0.135159,0.023024,0.001928,0.148415,0.012322,0.218746,0.018811,0.038737,0.000684,,2741200,,
0,0,,0.402174,0.135159,0.023024,0.001928,0.148415,0.012322,0.218746,0.018811,0.038737,0.000684,,2738300,,
0,0,,0.402174,0.135159,0.023024,0.001928,0.148415,0.012322,0.218746,0.018811,0.038737,0.000684,,2718200,,
0,0,,0.402174,0.135159,0.023024,0.001928,0.148415,0.012322,0.218746,0.018811,0.038737,0.000684,,3658700,,
0,0,,0.402174,0.135159,0.023024,0.001928,0.148415,0.012322,0.218746,0.018811,0.038737,0.000684,,2773500,,
0,0,,0.402174,0.135159,0.023024,0.001928,0.148415,0.012322,0.218746,0.018811,0.038737,0.000684,,2817700,,
0,0,,0.402174,0.135159,0.023024,0.001928,0.148415,0.012322,0.218746,0.018811,0.038737,0.000684,,2717300,,
0,0,,0.402174,0.135159,0.023024,0.001928,0.148415,0.012322,0.218746,0.018811,0.038737,0.000684,,2740100,,
0,0,,0.402174,0.135159,0.023024,0.001928,0.148415,0.012322,0.218746,0.018811,0.038737,0.000684,,2724300,,
0,0,,0.402174,0.135159,0.023024,0.001928,0.148415,0.012322,0.218746,0.018811,0.038737,0.000684,,2722900,,
0,0,,0.402174,0.135159,0.023024,0.001928,0.148415,0.012322,0.218746,0.018811,0.038737,0.000684,,4292400,,
0,0,,0.402174,0.135159,0.023024,0.001928,0.148415,0.012322,0.218746,0.018811,0.038737,0.000684,,2875100,,
0,0,,0.402174,0.135159,0.023024,0.001928,0.148415,0.012322,0.218746,0.018811,0.038737,0.000684,,2875300,,
0,0,,0.402174,0.135159,0.023024,0.001928,0.148415,0.012322,0.218746,0.018811,0.038737,0.000684,,2767400,,
0,0,,0.402174,0.135159,0.023024,0.001928,0.148415,0.012322,0.218746,0.018811,0.038737,0.000684,,3079200,,
0,0,,0.402174,0.135159,0.023024,0.001928,0.148415,0.012322,0.218746,0.018811,0.038737,0.000684,,4942700,,
0,0,,0.402174,0.135159,0.023024,0.001928,0.148415,0.012322,0.218746,0.018811,0.038737,0.000684,,3087900,,
0,0,,0.402174,0.135159,0.023024,0.001928,0.148415,0.012322,0.218746,0.018811,0.038737,0.000684,,2761000,,
0,0,,0.378702,0.140019,0.027763,0.003568,0.140391,0.031455,0.199645,0.019537,0.039663,0.019256,,2756600,,
0,0,,0.402174,0.135159,0.023024,0.001928,0.148415,0.012322,0.218746,0.018811,0.038737,0.000684,,2755600,,
0,0,,0.402174,0.135159,0.023024,0.001928,0.148415,0.012322,0.218746,0.018811,0.038737,0.000684,,2819000,,
0,0,,0.363332,0.136192,0.025385,0.001928,0.168205,0.014689,0.231145,0.018959,0.039481,0.000684,,2932400,,
0,0,,0.402174,0.135159,0.023024,0.001928,0.148415,0.012322,0.218746,0.018811,0.038737,0.000684,,2732000,,
0,0,,0.402174,0.135159,0.023024,0.001928,0.148415,0.012322,0.218746,0.018811,0.038737,0.000684,,2748700,,
0,0,,0.363332,0.136192,0.025385,0.001928,0.168205,0.014689,0.231145,0.018959,0.039481,0.000684,,2756500,,
0,0,,0.402174,0.135159,0.023024,0.001928,0.148415,0.012322,0.218746,0.018811,0.038737,0.000684,,2809800,,
0,0,,0.402174,0.135159,0.023024,0.001928,0.148415,0.012322,0.218746,0.018811,0.038737,0.000684,,2957300,,
0,0,,0.402174,0.135159,0.023024,0.001928,0.148415,0.012322,0.218746,0.018811,0.038737,0.000684,,2725400,,
0,0,,0.402174,0.135159,0.023024,0.001928,0.148415,0.012322,0.218746,0.018811,0.038737,0.000684,,2732100,,
0,0,,0.363332,0.136192,0.025385,0.001928,0.168205,0.014689,0.231145,0.018959,0.039481,0.000684,,2750800,,
0,0,,0.402174,0.135159,0.023024,0.001928,0.148415,0.012322,0.218746,0.018811,0.038737,0.000684,,2699100,,
0,0,,0.402174,0.135159,0.023024,0.001928,0.148415,0.012322,0.218746,0.018811,0.038737,0.000684,,4265700,,
0,0,,0.402174,0.135159,0.023024,0.001928,0.148415,0.012322,0.218746,0.018811,0.038737,0.000684,,2895200,,
0,0,,0.402174,0.135159,0.023024,0.001928,0.148415,0.012322,0.218746,0.018811,0.038737,0.000684,,2846700,,
0,0,,0.402174,0.135159,0.023024,0.001928,0.148415,0.012322,0.218746,0.018811,0.038737,0.000684,,2715300,,
0,0,,0.402174,0.135159,0.023024,0.001928,0.148415,0.012322,0.218746,0.018811,0.038737,0.000684,,2728000,,
0,0,,0.402174,0.135159,0.023024,0.001928,0.148415,0.012322,0.218746,0.018811,0.038737,0.000684,,2728800,,
0,0,,0.402174,0.135159,0.023024,0.001928,0.148415,0.012322,0.218746,0.018811,0.038737,0.000684,,2717000,,
0,0,,0.402174,0.135159,0.023024,0.001928,0.148415,0.012322,0.218746,0.018811,0.038737,0.000684,,3774300,,
0,0,,0.402174,0.135159,0.023024,0.001928,0.148415,0.012322,0.218746,0.018811,0.038737,0.000684,,3196000,,
0,0,,0.402174,0.135159,0.023024,0.001928,0.148415,0.012322,0.218746,0.018811,0.038737,0.000684,,3223800,,
0,0,,0.402174,0.135159,0.023024,0.001928,0.148415,0.012322,0.218746,0.018811,0.038737,0.000684,,3187600,,
0,0,,0.378649,0.14422,0.029811,0.023357,0.136983,0.013141,0.199645,0.031238,0.037552,0.005404,,3118900,,
0,0,,0.402174,0.135159,0.023024,0.001928,0.148415,0.012322,0.218746,0.018811,0.038737,0.000684,,2756400,,
0,0,,0.402174,0.135159,0.023024,0.001928,0.148415,0.012322,0.218746,0.018811,0.038737,0.000684,,2796700,,
1,1,,0.000304,0.258029,0.087653,0.16875,0.087801,0.128827,0.008,0.097165,0.014788,0.148684,,2841800,,
1,1,,0.052132,0.33265,0.157238,0.006994,0.068258,0.006516,0.068878,0.038545,0.264794,0.003994,,2737500,,
1,1,,0.000304,0.313387,0.086089,0.185788,0.034944,0.131115,0,0.095601,0.014788,0.137985,,2800800,,
1,1,,0.000304,0.323237,0.107729,0.155179,0.036087,0.128398,0,0.095736,0.01536,0.13797,,2721500,,
1,1,,0.028468,0.362672,0.164162,0.009438,0.043626,0.003614,0.043307,0.048331,0.290998,0.005385,,3182200,,
1,1,,0.000356,0.313987,0.088646,0.133199,0.045765,0.146141,0,0.087106,0.021515,0.163284,,3049300,,
1,1,,0.000304,0.271479,0.086224,0.158131,0.037153,0.142589,0.000923,0.148022,0.016635,0.138541,,2760300,,
1,1,,0.000304,0.315172,0.086224,0.151464,0.03623,0.129255,0,0.128022,0.014788,0.138541,,2825800,,
1,1,,0.028468,0.362672,0.164162,0.009438,0.043626,0.003614,0.043307,0.048331,0.290998,0.005385,,2745500,,
1,1,,0.028468,0.362672,0.164162,0.009438,0.043626,0.003614,0.043307,0.048331,0.290998,0.005385,,3509100,,
1,1,,0.028017,0.343535,0.16195,0.029137,0.038037,0.006255,0.037379,0.083396,0.262722,0.009571,,2773400,,
1,1,,0.000502,0.214828,0.093818,0.132421,0.04317,0.200885,0,0.083749,0.077921,0.152704,,2760200,,
1,1,,0.000304,0.258029,0.087653,0.16875,0.087801,0.128827,0.008,0.097165,0.014788,0.148684,,2792800,,
1,1,,0.000356,0.265108,0.083891,0.131099,0.039413,0.223942,0.000923,0.084024,0.019021,0.152223,,2769800,,
1,1,,0.028468,0.362672,0.164162,0.009438,0.043626,0.003614,0.043307,0.048331,0.290998,0.005385,,4373600,,
1,1,,0.000356,0.248961,0.085163,0.131527,0.038494,0.146848,0,0.084032,0.077182,0.187437,,4125900,,
1,1,,0.000304,0.258029,0.087653,0.16875,0.087801,0.128827,0.008,0.097165,0.014788,0.148684,,3151200,,
1,1,,0.000502,0.271136,0.093818,0.132421,0.044093,0.200885,0.000923,0.083749,0.019768,0.152704,,2858700,,
1,1,,0.028468,0.360211,0.164162,0.009438,0.044241,0.003614,0.043922,0.048331,0.292228,0.005385,,3097400,,
1,1,,0.031207,0.323738,0.039732,0.047514,0.115332,0.010222,0.118156,0.159575,0.141231,0.013292,,2994200,,
1,1,,0.000304,0.258029,0.087653,0.16875,0.087801,0.128827,0.008,0.097165,0.014788,0.148684,,3269700,,
1,1,,0.000502,0.247328,0.093818,0.132421,0.04567,0.165885,0.06,0.083749,0.017921,0.152704,,2908500,,
1,1,,0.028017,0.343535,0.16195,0.029137,0.038037,0.006255,0.037379,0.083396,0.262722,0.009571,,2932200,,
1,1,,0.028152,0.36284,0.163286,0.029234,0.039184,0.004826,0.03846,0.052717,0.271776,0.009525,,2896800,,
1,1,,0.000304,0.258029,0.087653,0.16875,0.035801,0.128827,0,0.097165,0.074788,0.148684,,2963800,,
1,1,,0.029996,0.30528,0.037554,0.007857,0.170179,0.012065,0.057298,0.271301,0.105431,0.00304,,3312400,,
1,1,,0.028468,0.362672,0.164162,0.009438,0.043626,0.003614,0.043307,0.048331,0.290998,0.005385,,2895900,,
1,1,,0.028468,0.362672,0.164162,0.009438,0.043626,0.003614,0.043307,0.048331,0.290998,0.005385,,3894100,,
1,1,,0.000304,0.322622,0.104653,0.155179,0.03701,0.128398,0.000923,0.095736,0.017206,0.13797,,3006500,,
1,1,,0.000304,0.322622,0.104653,0.155179,0.03701,0.128398,0.000923,0.095736,0.017206,0.13797,,3438900,,
1,1,,0.028468,0.362672,0.164162,0.009438,0.043626,0.003614,0.043307,0.048331,0.290998,0.005385,,3005100,,
1,1,,0.000502,0.309803,0.093818,0.132421,0.044093,0.162219,0.000923,0.083749,0.019768,0.152704,,4996700,,
1,1,,0.028468,0.362672,0.164162,0.009438,0.043626,0.003614,0.043307,0.048331,0.290998,0.005385,,4745800,,
1,1,,0.000304,0.249172,0.116081,0.155179,0.036087,0.128398,0.06,0.095736,0.01536,0.143684,,3617400,,
1,1,,0.028468,0.362672,0.164162,0.009438,0.043626,0.003614,0.043307,0.048331,0.290998,0.005385,,4664800,,
1,1,,0.000304,0.271479,0.086224,0.158131,0.037153,0.142589,0.000923,0.148022,0.016635,0.138541,,4305500,,
1,1,,0.000356,0.310295,0.088646,0.133199,0.046688,0.146141,0.000923,0.087106,0.023361,0.163284,,3789600,,
1,1,,0.000356,0.313987,0.088646,0.133199,0.045765,0.146141,0,0.087106,0.021515,0.163284,,3465500,,
1,9,,0.00369,0.213961,0.085163,0.17486,0.038494,0.146848,0,0.084032,0.020515,0.232437,,3472200,,
1,1,,0.000304,0.258029,0.087653,0.16875,0.087801,0.128827,0.008,0.097165,0.014788,0.148684,,3433100,,
1,1,,0.028468,0.362672,0.164162,0.009438,0.043626,0.003614,0.043307,0.048331,0.290998,0.005385,,3380700,,
1,1,,0.028468,0.362672,0.164162,0.009438,0.043626,0.003614,0.043307,0.048331,0.290998,0.005385,,3317900,,
1,1,,0.028468,0.362672,0.164162,0.009438,0.043626,0.003614,0.043307,0.048331,0.290998,0.005385,,3281600,,
1,1,,0.028468,0.362672,0.164162,0.009438,0.043626,0.003614,0.043307,0.048331,0.290998,0.005385,,3291100,,
1,1,,0.000304,0.31472,0.086089,0.185788,0.034944,0.129782,0,0.095601,0.014788,0.137985,,4154600,,
1,1,,0.000502,0.247328,0.093818,0.132421,0.04567,0.165885,0.06,0.083749,0.017921,0.152704,,3271700,,
1,1,,0.00369,0.253987,0.088646,0.176533,0.045765,0.146141,0,0.087106,0.024848,0.173284,,3254800,,
1,1,,0.000304,0.271479,0.086224,0.158131,0.037153,0.142589,0.000923,0.148022,0.016635,0.138541,,3187100,,
1,1,,0.000502,0.253495,0.093818,0.132421,0.04317,0.162219,0.06,0.083749,0.017921,0.152704,,3967000,,
1,1,,0.028468,0.362672,0.164162,0.009438,0.043626,0.003614,0.043307,0.048331,0.290998,0.005385,,2760500,,
1,1,,0.000304,0.326314,0.104653,0.155179,0.036087,0.128398,0,0.095736,0.01536,0.13797,,2793200,,
1,1,,0.000304,0.258189,0.090694,0.152988,0.042357,0.127827,0,0.098807,0.079404,0.149432,,2707900,,
1,1,,0.000304,0.275172,0.086224,0.155675,0.042546,0.129255,0,0.128022,0.021104,0.161699,,2748200,,
1,1,,0.029996,0.30528,0.037554,0.007857,0.170179,0.012065,0.057298,0.271301,0.105431,0.00304,,2724000,,
1,1,,0.000304,0.258029,0.087653,0.16875,0.087801,0.128827,0.008,0.097165,0.014788,0.148684,,2731800,,
1,1,,0.000356,0.253987,0.088646,0.133199,0.045765,0.146141,0,0.087106,0.081515,0.163284,,4692500,,
1,1,,0.000356,0.253987,0.088646,0.133199,0.045765,0.146141,0,0.087106,0.081515,0.163284,,2990700,,
1,1,,0.034486,0.33018,0.039018,0.02881,0.116588,0.01646,0.098661,0.152719,0.174051,0.009027,,2828000,,
1,1,,0.000502,0.309803,0.093818,0.132421,0.044093,0.162219,0.000923,0.083749,0.019768,0.152704,,2760000,,
1,1,,0.028468,0.362672,0.164162,0.009438,0.043626,0.003614,0.043307,0.048331,0.290998,0.005385,,2898600,,
1,1,,0.000304,0.315172,0.086224,0.151464,0.03623,0.129255,0,0.128022,0.014788,0.138541,,2734200,,
1,1,,0.000304,0.271479,0.086224,0.158131,0.037153,0.142589,0.000923,0.148022,0.016635,0.138541,,2746700,,
1,1,,0.000356,0.270295,0.088646,0.13741,0.053004,0.146141,0.000923,0.087106,0.029677,0.186442,,2757600,,
1,0,,0.263332,0.236192,0.025385,0.001928,0.168205,0.014689,0.231145,0.018959,0.039481,0.000684,,2717100,,
1,1,,0.035562,0.346631,0.05829,0.072084,0.058913,0.015188,0.1569,0.039388,0.198292,0.018753,,2871900,,
1,1,,0.000304,0.311479,0.086224,0.151464,0.037153,0.129255,0.000923,0.128022,0.016635,0.138541,,2795000,,
1,1,,0.000304,0.258029,0.087653,0.16875,0.035801,0.128827,0,0.097165,0.074788,0.148684,,2797300,,
1,1,,0.000502,0.309803,0.093818,0.132421,0.044093,0.162219,0.000923,0.083749,0.019768,0.152704,,2795700,,
1,1,,0.000304,0.271479,0.086224,0.151464,0.037153,0.169255,0.000923,0.128022,0.016635,0.138541,,2724200,,
1,1,,0.028163,0.347393,0.171591,0.029883,0.041569,0.019571,0.037379,0.050825,0.263744,0.009882,,2754400,,
1,1,,0.000304,0.258029,0.087653,0.16875,0.087801,0.128827,0.008,0.097165,0.014788,0.148684,,2714500,,
1,1,,0.028468,0.362672,0.164162,0.009438,0.043626,0.003614,0.043307,0.048331,0.290998,0.005385,,2935500,,
1,1,,0.000502,0.247328,0.093818,0.132421,0.04567,0.165885,0.06,0.083749,0.017921,0.152704,,3962700,,
1,1,,0.000304,0.31271,0.086224,0.151464,0.036845,0.129255,0.000615,0.128022,0.016019,0.138541,,2782800,,
1,1,,0.000304,0.258029,0.087653,0.16875,0.087801,0.128827,0.008,0.097165,0.014788,0.148684,,2811500,,
1,1,,0.028468,0.362672,0.164162,0.009438,0.043626,0.003614,0.043307,0.048331,0.290998,0.005385,,2722300,,
1,1,,0.000304,0.326314,0.104653,0.155179,0.036087,0.128398,0,0.095736,0.01536,0.13797,,3543700,,
1,1,,0.000304,0.258029,0.087653,0.16875,0.087801,0.128827,0.008,0.097165,0.014788,0.148684,,2822400,,
1,1,,0.000304,0.258029,0.087653,0.16875,0.087801,0.128827,0.008,0.097165,0.014788,0.148684,,2824400,,
1,1,,0.000304,0.258029,0.087653,0.16875,0.035801,0.128827,0,0.097165,0.074788,0.148684,,2755100,,
1,1,,0.028468,0.362672,0.164162,0.009438,0.043626,0.003614,0.043307,0.048331,0.290998,0.005385,,2714800,,
1,1,,0.000304,0.258029,0.087653,0.16875,0.035801,0.128827,0,0.097165,0.074788,0.148684,,2739400,,
1,1,,0.028468,0.362672,0.164162,0.009438,0.043626,0.003614,0.043307,0.048331,0.290998,0.005385,,2726100,,
1,1,,0.000304,0.27472,0.086089,0.214359,0.034944,0.14121,0,0.095601,0.014788,0.137985,,2844100,,
1,1,,0.000304,0.314336,0.087653,0.16875,0.036724,0.128827,0.000923,0.097165,0.016635,0.148684,,2740500,,
1,1,,0.000304,0.326314,0.104653,0.155179,0.036087,0.128398,0,0.095736,0.01536,0.13797,,2725200,,
1,1,,0.000356,0.310295,0.088646,0.133199,0.046688,0.146141,0.000923,0.087106,0.023361,0.163284,,2791800,,
1,1,,0.028468,0.362672,0.164162,0.009438,0.043626,0.003614,0.043307,0.048331,0.290998,0.005385,,2718200,,
1,1,,0.000304,0.278189,0.130694,0.152988,0.042357,0.127827,0,0.098807,0.019404,0.149432,,3357400,,
1,1,,0.000502,0.253495,0.093818,0.132421,0.04317,0.162219,0.06,0.083749,0.017921,0.152704,,2810700,,
1,1,,0.028468,0.362672,0.164162,0.009438,0.043626,0.003614,0.043307,0.048331,0.290998,0.005385,,2744900,,
1,1,,0.028468,0.362672,0.164162,0.009438,0.043626,0.003614,0.043307,0.048331,0.290998,0.005385,,2816500,,
1,1,,0.000304,0.271479,0.086224,0.158131,0.037153,0.142589,0.000923,0.148022,0.016635,0.138541,,2709100,,
1,1,,0.028468,0.362672,0.164162,0.009438,0.043626,0.003614,0.043307,0.048331,0.290998,0.005385,,3612100,,
1,1,,0.000304,0.274336,0.087653,0.18875,0.036724,0.131049,0.000923,0.097165,0.016635,0.166462,,2839100,,
1,1,,0.000304,0.258029,0.087653,0.16875,0.087801,0.128827,0.008,0.097165,0.014788,0.148684,,2815600,,
1,1,,0.036013,0.354625,0.042074,0.048671,0.064644,0.013404,0.162828,0.036608,0.225996,0.015138,,2881100,,
1,1,,0.000304,0.326314,0.104653,0.155179,0.036087,0.128398,0,0.095736,0.01536,0.13797,,2752900,,
1,1,,0.000304,0.258029,0.087653,0.16875,0.087801,0.128827,0.008,0.097165,0.014788,0.148684,,2758000,,
1,1,,0.036013,0.294625,0.042074,0.048671,0.116644,0.013404,0.170828,0.036608,0.225996,0.015138,,2758000,,
1,1,,0.000304,0.271479,0.086224,0.151464,0.037153,0.129255,0.000923,0.168022,0.016635,0.138541,,3777100,,
1,1,,0.028468,0.362672,0.164162,0.009438,0.043626,0.003614,0.043307,0.048331,0.290998,0.005385,,3484100,,
1,1,,0.000356,0.253987,0.088646,0.133199,0.045765,0.146141,0,0.087106,0.081515,0.163284,,2902500,,
1,1,,0.028468,0.362672,0.164162,0.009438,0.043626,0.003614,0.043307,0.048331,0.290998,0.005385,,2729900,,
1,1,,0.028468,0.362672,0.164162,0.009438,0.043626,0.003614,0.043307,0.048331,0.290998,0.005385,,2948900,,
1,1,,0.036013,0.354625,0.042074,0.048671,0.064644,0.013404,0.162828,0.036608,0.225996,0.015138,,2854600,,
1,1,,0.000502,0.253495,0.093818,0.132421,0.04317,0.162219,0.06,0.083749,0.017921,0.152704,,2785900,,
1,1,,0.000304,0.258029,0.087653,0.16875,0.087801,0.128827,0.008,0.097165,0.014788,0.148684,,2803000,,
1,1,,0.000304,0.322622,0.104653,0.155179,0.03701,0.128398,0.000923,0.095736,0.017206,0.13797,,2719800,,
1,1,,0.00369,0.248961,0.085163,0.17486,0.038494,0.146848,0,0.084032,0.020515,0.197437,,2737000,,
1,1,,0.034034,0.311044,0.036806,0.048509,0.111,0.0191,0.092734,0.187784,0.145776,0.013213,,2747700,,
1,1,,0.035562,0.346631,0.05829,0.072084,0.058913,0.015188,0.1569,0.039388,0.198292,0.018753,,2762500,,
1,1,,0.000304,0.271479,0.086224,0.158131,0.037153,0.142589,0.000923,0.148022,0.016635,0.138541,,3035700,,
1,1,,0.034486,0.33018,0.039018,0.02881,0.116588,0.01646,0.098661,0.152719,0.174051,0.009027,,2722400,,
1,1,,0.028468,0.362672,0.164162,0.009438,0.043626,0.003614,0.043307,0.048331,0.290998,0.005385,,2742500,,
2,6,,0.262742,0.135159,0.023314,0.001928,0.148277,0.01218,0.357873,0.018811,0.039032,0.000684,,2781000,,
2,6,,0.262742,0.142217,0.05155,0.001928,0.15063,0.01218,0.317873,0.018811,0.041385,0.000684,,2716800,,
2,8,,0.028017,0.240678,0.161955,0.028423,0.036897,0.004826,0.176506,0.050825,0.263159,0.008714,,4093200,,
2,1,,0.000304,0.218029,0.187653,0.16875,0.035801,0.128827,0,0.097165,0.014788,0.148684,,3291000,,
2,1,,0.000356,0.213987,0.188646,0.133199,0.045765,0.146141,0,0.087106,0.021515,0.163284,,2859700,,
2,1,,0.000304,0.226314,0.204653,0.155179,0.036087,0.128398,0,0.095736,0.01536,0.13797,,2727100,,
2,8,,0.028316,0.240678,0.262413,0.028722,0.048437,0.005575,0.037679,0.073147,0.266168,0.008864,,3463800,,
2,1,,0.053895,0.291616,0.176344,0.014053,0.048329,0.004007,0.095607,0.038398,0.273756,0.003994,,2866800,,
2,1,,0.000356,0.270295,0.128646,0.133199,0.046688,0.146141,0.000923,0.087106,0.023361,0.163284,,2807500,,
2,0,,0.239217,0.147077,0.130097,0.024071,0.137985,0.014428,0.199645,0.06381,0.03741,0.006261,,2804400,,
2,1,,0.000304,0.321289,0.104653,0.155179,0.03701,0.129731,0.000923,0.095736,0.017206,0.13797,,2709000,,
2,1,,0.000304,0.226314,0.204653,0.155179,0.036087,0.128398,0,0.095736,0.01536,0.13797,,2741100,,
2,8,,0.028632,0.30051,0.175512,0.011149,0.052879,0.004363,0.042525,0.078761,0.300945,0.004724,,2719200,,
2,1,,0.000356,0.272648,0.093352,0.135552,0.046688,0.146141,0.000923,0.096518,0.03042,0.177402,,2826400,,
2,1,,0.028205,0.352485,0.161238,0.009445,0.044131,0.02314,0.039999,0.041015,0.276964,0.023377,,2809100,,
2,1,,0.028017,0.352217,0.180378,0.032851,0.03851,0.005398,0.037994,0.05111,0.264525,0.009,,2694100,,
2,1,,0.000304,0.226314,0.204653,0.155179,0.036087,0.128398,0,0.095736,0.01536,0.13797,,2807100,,
2,1,,0.000502,0.214828,0.145818,0.136421,0.04317,0.168885,0.032,0.083749,0.021921,0.152704,,2699900,,
2,1,,0.000356,0.265269,0.125163,0.131527,0.039417,0.146848,0.000923,0.084032,0.019028,0.187437,,2780900,,
2,1,,0.000502,0.214828,0.193818,0.132421,0.04317,0.160885,0,0.083749,0.017921,0.152704,,3634600,,
2,1,,0.000304,0.305479,0.116081,0.155179,0.03701,0.128398,0.000923,0.095736,0.017206,0.143684,,2755800,,
2,1,,0.000502,0.214828,0.193818,0.132421,0.04317,0.160885,0,0.083749,0.017921,0.152704,,2845200,,
2,1,,0.028761,0.301367,0.222255,0.011199,0.04205,0.003899,0.047511,0.046439,0.291515,0.005003,,2717700,,
2,1,,0.051542,0.329155,0.155168,0.006994,0.048945,0.004007,0.096222,0.038398,0.265575,0.003994,,2747700,,
2,1,,0.02793,0.209148,0.189448,0.107725,0.057565,0.136876,0.027739,0.078069,0.039488,0.126013,,2747900,,
2,1,,0.003461,0.226314,0.160442,0.161494,0.048719,0.128398,0.003158,0.095736,0.034307,0.13797,,2755000,,
2,1,,0.000356,0.213987,0.188646,0.133199,0.045765,0.146141,0,0.087106,0.021515,0.163284,,3718100,,
2,1,,0.02793,0.265455,0.129448,0.107725,0.058488,0.136876,0.028662,0.078069,0.041334,0.126013,,2783000,,
2,1,,0.027731,0.220634,0.200283,0.130482,0.050482,0.104389,0.027739,0.090056,0.036927,0.111279,,2852700,,
2,1,,0.000304,0.226314,0.204653,0.155179,0.036087,0.128398,0,0.095736,0.01536,0.13797,,2743900,,
2,1,,0.028761,0.304734,0.21049,0.011199,0.045326,0.003899,0.048434,0.046439,0.295714,0.005003,,3602500,,
2,1,,0.000304,0.226314,0.204653,0.155179,0.036087,0.128398,0,0.095736,0.01536,0.13797,,4414300,,
2,1,,0.000502,0.271136,0.133818,0.132421,0.044093,0.160885,0.000923,0.083749,0.019768,0.152704,,3851100,,
2,6,,0.263332,0.143251,0.05362,0.001928,0.170558,0.014689,0.291145,0.018959,0.041834,0.000684,,2875600,,
2,1,,0.000356,0.310295,0.088646,0.133199,0.046688,0.146141,0.000923,0.087106,0.023361,0.163284,,2898700,,
2,1,,0.000304,0.271479,0.126224,0.151464,0.037153,0.129255,0.000923,0.128022,0.016635,0.138541,,2752300,,
2,1,,0.003461,0.218189,0.146483,0.159304,0.054988,0.127827,0.003158,0.098807,0.038351,0.149432,,2785500,,
2,1,,0.02793,0.302994,0.089448,0.107725,0.059104,0.136876,0.029277,0.078069,0.042565,0.126013,,2773400,,
2,1,,0.030889,0.220634,0.156072,0.136797,0.063114,0.104389,0.030897,0.090056,0.055874,0.111279,,2731600,,
2,1,,0.00045,0.21903,0.195865,0.15221,0.039762,0.142571,0,0.09545,0.01581,0.138852,,2752500,,
2,1,,0.000304,0.226314,0.204653,0.155179,0.036087,0.128398,0,0.095736,0.01536,0.13797,,2736400,,
2,1,,0.003461,0.226314,0.160442,0.161494,0.048719,0.128398,0.003158,0.095736,0.034307,0.13797,,2783500,,
2,1,,0.000304,0.226314,0.204653,0.155179,0.036087,0.128398,0,0.095736,0.01536,0.13797,,3790300,,
2,1,,0.003461,0.226314,0.160442,0.161494,0.048719,0.128398,0.003158,0.095736,0.034307,0.13797,,2725100,,
2,2,,0.028017,0.254678,0.280378,0.032851,0.037895,0.005398,0.037379,0.05111,0.263294,0.009,,2907600,,
2,1,,0.000304,0.226314,0.204653,0.155179,0.036087,0.128398,0,0.095736,0.01536,0.13797,,2712300,,
2,6,,0.262742,0.135159,0.023314,0.001928,0.148277,0.01218,0.357873,0.018811,0.039032,0.000684,,3746300,,
2,8,,0.031919,0.241367,0.238045,0.017515,0.054682,0.003899,0.050669,0.046439,0.310462,0.005003,,3269600,,
2,1,,0.000502,0.214828,0.145818,0.136421,0.04317,0.168885,0.032,0.083749,0.021921,0.152704,,2861400,,
2,1,,0.000304,0.215172,0.138224,0.155464,0.03623,0.137255,0.032,0.128022,0.018788,0.138541,,2777700,,
2,1,,0.027731,0.268815,0.126324,0.128291,0.057675,0.103817,0.028662,0.093127,0.042817,0.122741,,2709000,,
2,1,,0.028468,0.362672,0.164162,0.009438,0.043626,0.003614,0.043307,0.048331,0.290998,0.005385,,2738800,,
2,8,,0.028761,0.241367,0.282255,0.011199,0.04205,0.003899,0.047511,0.046439,0.291515,0.005003,,2756300,,
2,8,,0.057424,0.231616,0.208109,0.024641,0.048329,0.004007,0.095607,0.038398,0.287874,0.003994,,3614500,,
2,1,,0.027731,0.276941,0.140283,0.130482,0.051405,0.104389,0.028662,0.090056,0.038773,0.111279,,2792900,,
2,1,,0.000304,0.258814,0.104653,0.155179,0.038587,0.133398,0.06,0.095736,0.01536,0.13797,,2735700,,
2,1,,0.000502,0.214828,0.193818,0.132421,0.04317,0.160885,0,0.083749,0.017921,0.152704,,2742900,,
2,1,,0.000502,0.271136,0.133818,0.132421,0.044093,0.160885,0.000923,0.083749,0.019768,0.152704,,2723300,,
2,1,,0.000502,0.214828,0.193818,0.132421,0.04317,0.160885,0,0.083749,0.017921,0.152704,,3052100,,
2,1,,0.000502,0.271136,0.133818,0.132421,0.044093,0.160885,0.000923,0.083749,0.019768,0.152704,,2718700,,
2,1,,0.000502,0.271136,0.133818,0.132421,0.044093,0.160885,0.000923,0.083749,0.019768,0.152704,,2768000,,
2,6,,0.262742,0.195159,0.023314,0.001928,0.148277,0.01218,0.297873,0.018811,0.039032,0.000684,,2724500,,
2,1,,0.000502,0.214828,0.193818,0.132421,0.04317,0.160885,0,0.083749,0.017921,0.152704,,2710600,,
2,1,,0.000502,0.313495,0.093818,0.132421,0.04317,0.162219,0,0.083749,0.017921,0.152704,,3463800,,
2,1,,0.028333,0.338859,0.164162,0.009303,0.042619,0.004289,0.048922,0.04698,0.311823,0.004709,,2782900,,
2,1,,0.00369,0.208961,0.125163,0.17486,0.038494,0.146848,0,0.084032,0.020515,0.197437,,2820600,,
2,0,,0.262742,0.202217,0.05155,0.001928,0.15063,0.01218,0.257873,0.018811,0.041385,0.000684,,2731900,,
2,1,,0.000304,0.226314,0.204653,0.155179,0.036087,0.128398,0,0.095736,0.01536,0.13797,,2708100,,
2,8,,0.028316,0.240678,0.222413,0.042056,0.048437,0.005575,0.037679,0.099814,0.266168,0.008864,,2718500,,
2,1,,0.000304,0.226314,0.204653,0.155179,0.036087,0.128398,0,0.095736,0.01536,0.13797,,2707800,,
2,1,,0.000304,0.226314,0.204653,0.155179,0.036087,0.128398,0,0.095736,0.01536,0.13797,,3449100,,
2,1,,0.000304,0.226314,0.204653,0.155179,0.036087,0.128398,0,0.095736,0.01536,0.13797,,2972000,,
2,1,,0.000356,0.253987,0.148646,0.133199,0.045765,0.146141,0,0.087106,0.021515,0.163284,,2762200,,
2,8,,0.028333,0.301321,0.164162,0.009303,0.042004,0.004289,0.048307,0.04698,0.350592,0.004709,,2756600,,
2,1,,0.000356,0.270295,0.128646,0.133199,0.046688,0.146141,0.000923,0.087106,0.023361,0.163284,,2719500,,
2,1,,0.000304,0.226314,0.204653,0.155179,0.036087,0.128398,0,0.095736,0.01536,0.13797,,4208200,,
2,1,,0.000304,0.226314,0.204653,0.155179,0.036087,0.128398,0,0.095736,0.01536,0.13797,,2935600,,
2,1,,0.000304,0.226314,0.204653,0.155179,0.036087,0.128398,0,0.095736,0.01536,0.13797,,2876900,,
2,6,,0.262742,0.135159,0.023314,0.001928,0.148277,0.01218,0.357873,0.018811,0.039032,0.000684,,2709400,,
2,1,,0.000304,0.282622,0.144653,0.155179,0.03701,0.128398,0.000923,0.095736,0.017206,0.13797,,2735100,,
2,1,,0.000304,0.226314,0.204653,0.155179,0.036087,0.128398,0,0.095736,0.01536,0.13797,,2748200,,
2,8,,0.028369,0.236477,0.260366,0.008934,0.051845,0.023889,0.037679,0.061446,0.268279,0.022716,,2735800,,
2,1,,0.000502,0.214828,0.193818,0.132421,0.04317,0.160885,0,0.083749,0.017921,0.152704,,3266300,,
2,1,,0.051542,0.299486,0.184734,0.00767,0.051348,0.004682,0.062561,0.038938,0.29491,0.00413,,3138300,,
2,1,,0.060304,0.218029,0.095653,0.17075,0.035801,0.128827,0,0.111165,0.014788,0.164684,,3190300,,
2,1,,0.000304,0.218189,0.190694,0.152988,0.042357,0.127827,0,0.098807,0.019404,0.149432,,3155000,,
2,1,,0.000304,0.226314,0.104653,0.155179,0.036087,0.128398,0.1,0.095736,0.01536,0.13797,,3332400,,
2,1,,0.028468,0.360211,0.164162,0.009438,0.044241,0.003614,0.043922,0.048331,0.292228,0.005385,,3179600,,
2,1,,0.051542,0.331616,0.155168,0.006994,0.048329,0.004007,0.095607,0.038398,0.264345,0.003994,,3176400,,
2,1,,0.000356,0.273269,0.106496,0.131527,0.039417,0.146848,0.000923,0.089365,0.019028,0.19277,,3143800,,
2,8,,0.028761,0.241367,0.282255,0.011199,0.04205,0.003899,0.047511,0.046439,0.291515,0.005003,,3676600,,
2,1,,0.000304,0.282622,0.104653,0.155179,0.03701,0.128398,0.040923,0.095736,0.017206,0.13797,,4186700,,
2,1,,0.028761,0.301367,0.222255,0.011199,0.04205,0.003899,0.047511,0.046439,0.291515,0.005003,,3256100,,
2,6,,0.262742,0.195159,0.023314,0.001928,0.148277,0.01218,0.297873,0.018811,0.039032,0.000684,,3188300,,
2,1,,0.003461,0.21472,0.109878,0.194103,0.047576,0.129782,0.003158,0.109601,0.033736,0.153985,,3185200,,
2,1,,0.000502,0.214828,0.133818,0.132421,0.04317,0.160885,0.06,0.083749,0.017921,0.152704,,3148800,,
2,1,,0.003514,0.213987,0.144436,0.139515,0.058397,0.146141,0.003158,0.087106,0.040462,0.163284,,3187300,,
2,1,,0.028468,0.356518,0.164162,0.009438,0.045164,0.003614,0.044845,0.048331,0.294075,0.005385,,3580400,,
2,1,,0.000304,0.226314,0.204653,0.155179,0.036087,0.128398,0,0.095736,0.01536,0.13797,,2708000,,
2,1,,0.000304,0.226314,0.204653,0.155179,0.036087,0.128398,0,0.095736,0.01536,0.13797,,2820700,,
2,1,,0.000304,0.282622,0.144653,0.155179,0.03701,0.128398,0.000923,0.095736,0.017206,0.13797,,2711900,,
2,1,,0.000502,0.274828,0.133818,0.132421,0.04317,0.160885,0,0.083749,0.017921,0.152704,,2962000,,
2,1,,0.000304,0.226314,0.204653,0.155179,0.036087,0.128398,0,0.095736,0.01536,0.13797,,2775100,,
2,8,,0.028632,0.24051,0.22329,0.02226,0.052879,0.004363,0.042525,0.095428,0.285389,0.004724,,2712600,,
2,6,,0.262742,0.135159,0.023314,0.001928,0.148277,0.01218,0.357873,0.018811,0.039032,0.000684,,2774700,,
2,8,,0.02807,0.242351,0.264372,0.010872,0.047573,0.02314,0.037379,0.04248,0.269449,0.034314,,2712600,,
2,1,,0.027731,0.220634,0.100283,0.130482,0.050482,0.104389,0.127739,0.090056,0.036927,0.111279,,2721200,,
2,1,,0.003514,0.208961,0.140952,0.137843,0.051125,0.146848,0.003158,0.084032,0.03613,0.187437,,2714200,,
2,1,,0.000356,0.213987,0.188646,0.133199,0.045765,0.146141,0,0.087106,0.021515,0.163284,,2720400,,
2,1,,0.051677,0.351317,0.156498,0.007805,0.051232,0.004007,0.058176,0.040289,0.274193,0.004805,,3725500,,
2,1,,0.000304,0.282622,0.144653,0.155179,0.03701,0.128398,0.000923,0.095736,0.017206,0.13797,,2693200,,
2,1,,0.028216,0.337038,0.169544,0.010094,0.046516,0.037885,0.038918,0.039124,0.268932,0.023734,,2794200,,
3,1,,0.000304,0.27472,0.086089,0.185788,0.034944,0.169782,0,0.095601,0.014788,0.137985,,2771400,,
3,1,,0.000304,0.27472,0.086089,0.214359,0.034944,0.14121,0,0.095601,0.014788,0.137985,,2770700,,
3,1,,0.000304,0.271028,0.086089,0.225788,0.035867,0.129782,0.000923,0.095601,0.016635,0.137985,,4071900,,
3,1,,0.003514,0.213987,0.144436,0.139515,0.058397,0.146141,0.003158,0.087106,0.040462,0.163284,,2770100,,
3,3,,0.003833,0.21472,0.117853,0.236376,0.034944,0.129782,0,0.095601,0.028906,0.137985,,2788900,,
3,3,,0.003833,0.21472,0.117853,0.236376,0.034944,0.129782,0,0.095601,0.028906,0.137985,,2686500,,
3,1,,0.00369,0.223987,0.088646,0.184033,0.045765,0.146141,0,0.087106,0.027348,0.193284,,4132300,,
3,1,,0.002657,0.271028,0.107265,0.192846,0.035867,0.129782,0.000923,0.095601,0.026046,0.137985,,3624000,,
3,1,,0.000304,0.274336,0.087653,0.16875,0.036724,0.128827,0.000923,0.097165,0.016635,0.188684,,2911000,,
3,1,,0.000304,0.21472,0.086089,0.185788,0.034944,0.129782,0,0.095601,0.074788,0.177985,,2723000,,
3,1,,0.000304,0.220874,0.089166,0.188865,0.034944,0.157474,0.06,0.095601,0.014788,0.137985,,2813400,,
3,1,,0.000304,0.218029,0.087653,0.16875,0.035801,0.128827,0,0.097165,0.074788,0.188684,,2807500,,
3,3,,0.003637,0.218029,0.087653,0.232083,0.035801,0.131049,0,0.097165,0.018122,0.176462,,2787800,,
3,1,,0.038366,0.314625,0.06325,0.05573,0.064644,0.013404,0.162828,0.036608,0.235408,0.015138,,2951800,,
3,1,,0.000304,0.274336,0.087653,0.170855,0.036724,0.133037,0.000923,0.097165,0.016635,0.182368,,2716300,,
3,1,,0.041742,0.233488,0.091054,0.109704,0.058627,0.014902,0.162186,0.039102,0.223632,0.025562,,2759500,,
3,3,,0.003833,0.21472,0.117853,0.224947,0.034944,0.14121,0,0.095601,0.028906,0.137985,,2757900,,
3,3,,0.003833,0.21472,0.117853,0.216376,0.034944,0.132004,0,0.095601,0.028906,0.155763,,2709500,,
3,1,,0.003514,0.223987,0.104436,0.147015,0.058397,0.146141,0.003158,0.087106,0.042962,0.183284,,3113600,,
3,1,,0.000304,0.274496,0.090694,0.157198,0.049596,0.127827,0.000923,0.098807,0.027566,0.17259,,2704000,,
3,3,,0.000304,0.21472,0.086089,0.225788,0.034944,0.129782,0,0.095601,0.074788,0.137985,,2773900,,
3,1,,0.000304,0.271028,0.086089,0.225788,0.035867,0.129782,0.000923,0.095601,0.016635,0.137985,,2749400,,
3,3,,0.003637,0.218029,0.087653,0.232083,0.035801,0.131049,0,0.097165,0.018122,0.176462,,2680400,,
3,3,,0.003637,0.21472,0.094089,0.257121,0.036944,0.129782,0,0.095601,0.018122,0.149985,,2745000,,
3,1,,0.000304,0.271028,0.086089,0.205788,0.035867,0.132004,0.000923,0.095601,0.016635,0.155763,,2724400,,
3,1,,0.000356,0.208961,0.085163,0.131527,0.038494,0.146848,0,0.084032,0.117182,0.187437,,3731900,,
3,1,,0.000304,0.271028,0.086089,0.214359,0.035867,0.14121,0.000923,0.095601,0.016635,0.137985,,3095900,,
3,1,,0.000502,0.214828,0.133818,0.132421,0.04317,0.160885,0,0.083749,0.077921,0.152704,,2839900,,
3,1,,0.000304,0.27447,0.08721,0.151315,0.036009,0.128533,0.000923,0.095733,0.016917,0.208585,,2757700,,
3,1,,0.000304,0.21472,0.088755,0.196454,0.034944,0.129782,0,0.095601,0.085455,0.153985,,2722500,,
3,1,,0.000304,0.218029,0.087653,0.18875,0.035801,0.131049,0,0.097165,0.074788,0.166462,,3544700,,
3,1,,0.000304,0.274336,0.087653,0.16875,0.036724,0.128827,0.000923,0.097165,0.016635,0.188684,,2742200,,
3,1,,0.000304,0.274336,0.087653,0.172961,0.036724,0.147774,0.000923,0.097165,0.01874,0.163421,,2808900,,
3,1,,0.000304,0.271028,0.086089,0.225788,0.035867,0.129782,0.000923,0.095601,0.016635,0.137985,,2696700,,
3,3,,0.003637,0.21472,0.094089,0.257121,0.036944,0.129782,0,0.095601,0.018122,0.149985,,2865000,,
3,3,,0.003833,0.21472,0.117853,0.236376,0.034944,0.129782,0,0.095601,0.028906,0.137985,,2773900,,
3,1,,0.000304,0.21472,0.086089,0.214359,0.034944,0.14121,0.06,0.095601,0.014788,0.137985,,2732500,,
3,1,,0.035697,0.311101,0.041197,0.068466,0.061125,0.014616,0.158904,0.040994,0.248621,0.019278,,2838800,,
3,1,,0.039917,0.210592,0.089611,0.100479,0.109714,0.019627,0.092734,0.155363,0.169306,0.012657,,2776200,,
3,1,,0.003833,0.218029,0.119417,0.179338,0.035801,0.128827,0,0.097165,0.028906,0.188684,,2729000,,
3,1,,0.000304,0.274336,0.087653,0.170855,0.036724,0.133037,0.000923,0.097165,0.016635,0.182368,,2714600,,
3,1,,0.000304,0.271028,0.088755,0.196454,0.035867,0.129782,0.000923,0.095601,0.027301,0.153985,,2704900,,
3,3,,0.000304,0.21472,0.086089,0.225788,0.034944,0.129782,0,0.095601,0.074788,0.137985,,3599700,,
3,1,,0.003833,0.21472,0.117853,0.203042,0.034944,0.134226,0,0.095601,0.028906,0.166874,,2798100,,
3,1,,0.035562,0.291345,0.039726,0.102693,0.058693,0.016571,0.157823,0.039252,0.239567,0.018768,,2770400,,
