contraceptive-method,NBayes,test,3,NANOSECONDS,PREDICTIONS, Generated by ClassifierExperiments.java on 2022-05-16 15:32:38.    SYSTEMPROPERTIES:{user.name:matth,os.arch:amd64,os.name:Windows 10},ENDSYSTEMPROPERTIES
No parameter info
0.543918918918919,1390064100,27607400,-1,63890104,3,,-1,-1
0,0,,0.766404,0.1,0.133596,,258700,,
0,0,,0.992063,0.001587,0.006349,,141400,,
0,0,,0.879784,0.00428,0.115935,,129600,,
0,0,,0.562463,0,0.437537,,158500,,
0,0,,0.789103,0.019136,0.19176,,145000,,
0,0,,0.77177,0.11,0.11823,,144300,,
0,0,,0.494853,0.18848,0.316667,,145500,,
0,0,,0.979728,0.00247,0.017802,,132700,,
0,2,,0.367206,0.254265,0.378529,,138000,,
0,0,,0.578172,0.014141,0.407686,,131100,,
0,0,,0.888575,0.00247,0.108956,,135700,,
0,2,,0.374077,0.010266,0.615657,,131200,,
0,0,,0.859596,0.015404,0.125,,127100,,
0,0,,0.869242,0.06413,0.066627,,137900,,
0,2,,0.340501,0.013462,0.646037,,137600,,
0,0,,0.435083,0.346658,0.218259,,131500,,
0,0,,0.888575,0.00247,0.108956,,124400,,
0,0,,0.779097,0.114662,0.106242,,126400,,
0,0,,0.636117,0.236502,0.127381,,131200,,
0,2,,0.199363,0.11451,0.686127,,137200,,
0,0,,0.789103,0.019136,0.19176,,124000,,
0,0,,0.599185,0.263793,0.137022,,128900,,
0,0,,0.982853,0.00872,0.008427,,125300,,
0,0,,0.979728,0.00247,0.017802,,125500,,
0,0,,0.949658,0.007121,0.043221,,128000,,
0,0,,0.798467,0.001587,0.199946,,137900,,
0,1,,0.308705,0.470531,0.220764,,138600,,
0,0,,0.499048,0.249365,0.251587,,133200,,
0,1,,0.065405,0.636225,0.29837,,132500,,
0,0,,0.585714,0.157143,0.257143,,130200,,
0,2,,0.470449,0.022692,0.506859,,132500,,
0,0,,0.960668,0.007121,0.032212,,123100,,
0,0,,0.468333,0.1025,0.429167,,133700,,
0,0,,0.949129,0.007121,0.04375,,166000,,
0,1,,0.103175,0.887734,0.009091,,129700,,
0,0,,0.481048,0.30144,0.217512,,132300,,
0,1,,0.287063,0.443492,0.269444,,161800,,
0,0,,0.792337,0.105754,0.101909,,161800,,
0,0,,0.494737,0.3,0.205263,,160000,,
0,0,,0.848964,0.12744,0.023596,,131400,,
0,0,,0.605852,0.006818,0.38733,,97000,,
0,0,,0.823096,0.16156,0.015344,,81800,,
0,0,,0.874592,0.008354,0.117054,,87500,,
0,0,,0.477315,0.212317,0.310369,,90000,,
0,0,,0.752354,0.155968,0.091679,,88300,,
0,0,,0.637961,0.009643,0.352396,,90300,,
0,0,,0.41461,0.322273,0.263117,,88100,,
0,0,,0.732505,0.037179,0.230315,,87700,,
0,2,,0.066647,0.08006,0.853294,,91000,,
0,2,,0.2,0.333571,0.466429,,88300,,
0,2,,0.23213,0.354565,0.413305,,89600,,
0,2,,0.12625,0.25815,0.6156,,84000,,
0,2,,0.449889,0.038462,0.511649,,85600,,
0,0,,0.928901,0.064849,0.00625,,78900,,
0,0,,0.438106,0.373561,0.188333,,84400,,
0,2,,0.14963,0.381059,0.469312,,85400,,
0,0,,0.932807,0.024552,0.042641,,83000,,
0,0,,0.590455,0.186818,0.222727,,82100,,
0,1,,0.16084,0.495252,0.343908,,85600,,
0,2,,0.005405,0.157733,0.836862,,85600,,
0,2,,0.359848,0.153333,0.486818,,89100,,
0,0,,0.630282,0.130385,0.239334,,85500,,
0,0,,0.471703,0.080952,0.447344,,93000,,
0,0,,0.452458,0.299831,0.247711,,91600,,
0,0,,0.541912,0.125267,0.332821,,92100,,
0,2,,0.356298,0.200654,0.443048,,95100,,
0,1,,0.236222,0.575769,0.188009,,84900,,
0,0,,0.374056,0.350907,0.275036,,84900,,
0,0,,0.771635,0.125962,0.102404,,84900,,
0,2,,0.183523,0.109091,0.707386,,84500,,
0,1,,0.039286,0.69317,0.267544,,84800,,
0,0,,0.868575,0.010803,0.120622,,79100,,
0,2,,0.1225,0.151667,0.725833,,83000,,
0,0,,0.514667,0.076667,0.408667,,85000,,
0,0,,0.641601,0.105556,0.252843,,85600,,
0,0,,0.850385,0.031451,0.118164,,81100,,
0,0,,0.985194,0.005754,0.009052,,77600,,
0,0,,0.641517,0.141937,0.216545,,86100,,
0,2,,0.201171,0.011111,0.787718,,84700,,
0,1,,0.386668,0.452946,0.160387,,79800,,
0,0,,0.659208,0.016933,0.323859,,82900,,
0,0,,0.949658,0.007121,0.043221,,80700,,
0,0,,0.67219,0.1,0.22781,,80800,,
0,0,,0.61268,0.151347,0.235973,,84500,,
0,0,,0.789103,0.019136,0.19176,,82700,,
0,0,,0.581944,0.279167,0.138889,,82200,,
0,0,,0.663511,0.048118,0.288371,,83400,,
0,0,,0.964103,0.00247,0.033427,,80900,,
0,0,,0.499528,0.383443,0.117029,,82700,,
0,0,,0.985194,0.005754,0.009052,,77900,,
0,2,,0.302096,0.086587,0.611317,,82400,,
0,0,,0.948587,0.014578,0.036835,,80300,,
0,1,,0.053841,0.69823,0.24793,,86900,,
0,0,,0.949658,0.007121,0.043221,,76400,,
0,0,,0.48,0.080256,0.439744,,83700,,
0,0,,0.598045,0.099583,0.302372,,83200,,
0,0,,0.531932,0.071502,0.396566,,84000,,
0,1,,0.0125,0.672039,0.315461,,84900,,
0,1,,0.035507,0.547787,0.416706,,82800,,
0,1,,0.373157,0.491646,0.135197,,85400,,
0,0,,0.841277,0.05247,0.106253,,78600,,
0,0,,0.538333,0.125,0.336667,,84800,,
0,2,,0.232246,0.117587,0.650168,,83000,,
0,0,,0.834299,0.117773,0.047928,,80000,,
0,0,,0.867547,0.005754,0.126699,,83600,,
0,0,,0.635,0.025,0.34,,92400,,
0,2,,0.224089,0.008333,0.767577,,84500,,
0,0,,0.965,0.026667,0.008333,,79700,,
0,0,,0.532693,0.249682,0.217625,,83300,,
0,0,,0.845641,0.027692,0.126667,,77600,,
0,0,,0.3625,0.34,0.2975,,85900,,
0,0,,0.430952,0.392381,0.176667,,82500,,
0,0,,0.641446,0.347443,0.011111,,82600,,
0,0,,0.409921,0.25464,0.33544,,82400,,
0,0,,0.584352,0.104915,0.310732,,88400,,
0,1,,0.135,0.44881,0.41619,,102800,,
0,2,,0.330953,0.174567,0.49448,,99300,,
0,0,,0.524716,0.015789,0.459495,,98500,,
0,2,,0.243571,0.045,0.711429,,86100,,
0,0,,0.789103,0.00247,0.208427,,78700,,
0,0,,0.977997,0.008405,0.013597,,80400,,
0,0,,0.558479,0.034295,0.407226,,83300,,
0,2,,0.327692,0.020833,0.651474,,84900,,
0,0,,0.929806,0.005556,0.064638,,83700,,
0,2,,0.342271,0.017791,0.639938,,82300,,
0,0,,0.647393,0.058913,0.293694,,83800,,
1,0,,0.805579,0.174831,0.01959,,82800,,
1,1,,0.190428,0.529453,0.280119,,85600,,
1,1,,0.264916,0.593131,0.141953,,78900,,
1,2,,0.243611,0.07,0.686389,,85900,,
1,1,,0.1425,0.620833,0.236667,,84100,,
1,2,,0.446707,0.013462,0.539831,,86600,,
1,2,,0.241667,0.35,0.408333,,80400,,
1,2,,0.04783,0.120431,0.831739,,82800,,
1,1,,0.022138,0.956818,0.021044,,83300,,
1,1,,0.11183,0.600359,0.287811,,82800,,
1,0,,0.70731,0.173382,0.119308,,79900,,
1,1,,0.097619,0.690476,0.211905,,82800,,
1,2,,0.263016,0.123182,0.613802,,82800,,
1,2,,0.260167,0.147415,0.592417,,83500,,
1,0,,0.884524,0.015652,0.099825,,84400,,
1,0,,0.57873,0.101753,0.319517,,81600,,
1,1,,0.448559,0.493369,0.058072,,87000,,
1,0,,0.503409,0.212897,0.283694,,80500,,
1,1,,0.058127,0.60517,0.336703,,83100,,
1,2,,0.263016,0.123182,0.613802,,81800,,
1,2,,0.114286,0.363107,0.522607,,82200,,
1,2,,0.266667,0.3,0.433333,,81000,,
1,1,,0.281517,0.470511,0.247973,,82800,,
1,2,,0.055123,0.378102,0.566775,,84000,,
1,2,,0.014286,0.451462,0.534252,,82500,,
1,1,,0.014211,0.791881,0.193908,,82900,,
1,2,,0.043119,0.04,0.916881,,82300,,
1,2,,0.339048,0.289286,0.371667,,85100,,
1,1,,0.316667,0.3875,0.295833,,81700,,
1,2,,0.136899,0.061098,0.802002,,83800,,
1,2,,0.278938,0.020238,0.700824,,81600,,
1,1,,0.169071,0.721728,0.109201,,83100,,
1,0,,0.69369,0.13349,0.172821,,84300,,
1,2,,0.079167,0,0.920833,,85500,,
1,2,,0.234359,0.020513,0.745128,,82600,,
1,1,,0.05625,0.760417,0.183333,,83500,,
1,2,,0.094286,0.445696,0.460018,,85800,,
1,1,,0.266667,0.508333,0.225,,79800,,
1,0,,0.467657,0.454203,0.07814,,83400,,
1,0,,0.461667,0.402619,0.135714,,84500,,
1,1,,0.032888,0.632454,0.334658,,84200,,
1,1,,0.036014,0.917231,0.046756,,81600,,
1,0,,0.481169,0.273939,0.244892,,81700,,
1,0,,0.484002,0.239046,0.276951,,78800,,
1,2,,0.34876,0.132429,0.518811,,113800,,
1,0,,0.538524,0.2,0.261476,,100500,,
1,1,,0.275714,0.363684,0.360602,,97000,,
1,1,,0.065667,0.716083,0.21825,,111400,,
1,0,,0.450664,0.221053,0.328283,,115700,,
1,1,,0.039286,0.52609,0.434624,,102100,,
1,1,,0.17194,0.782774,0.045286,,94800,,
1,0,,0.545789,0.252079,0.202132,,98000,,
1,0,,0.374499,0.298247,0.327254,,97900,,
1,2,,0.131389,0.362771,0.50584,,89200,,
1,1,,0.033841,0.692304,0.273856,,97400,,
1,1,,0.224728,0.562926,0.212346,,91000,,
1,2,,0.284722,0.120833,0.594444,,90400,,
1,2,,0.201365,0.173894,0.624741,,87000,,
1,1,,0.252093,0.526318,0.221589,,90500,,
1,1,,0.010507,0.700313,0.28918,,102600,,
1,2,,0.254,0.164,0.582,,122400,,
1,0,,0.988964,0,0.011036,,81500,,
1,1,,0.009091,0.605301,0.385608,,84900,,
1,1,,0.034211,0.626597,0.339192,,82600,,
1,0,,0.480952,0.24916,0.269888,,85000,,
1,1,,0.063797,0.652011,0.284192,,82700,,
1,1,,0.348852,0.350921,0.300226,,84800,,
2,2,,0.304199,0.248301,0.4475,,89600,,
2,2,,0.061142,0.014359,0.924499,,116400,,
2,0,,0.952423,0.007692,0.039885,,110700,,
2,0,,0.482784,0.038796,0.47842,,99900,,
2,2,,0.028377,0.016234,0.95539,,98300,,
2,0,,0.399644,0.375758,0.224598,,84000,,
2,2,,0.341537,0.023333,0.63513,,92300,,
2,2,,0.19254,0.241703,0.565758,,92000,,
2,2,,0.489056,0.005128,0.505816,,115500,,
2,0,,0.54065,0.313889,0.145461,,82800,,
2,2,,0.44902,0.057179,0.4938,,81400,,
2,1,,0.237637,0.451464,0.310899,,87100,,
2,2,,0.266558,0.322727,0.410714,,87300,,
2,0,,0.449267,0.264025,0.286708,,85100,,
2,1,,0.139856,0.683599,0.176545,,82400,,
2,1,,0.033835,0.81982,0.146345,,83800,,
2,0,,0.830706,0.067151,0.102143,,83700,,
2,1,,0.287507,0.48049,0.232003,,82200,,
2,2,,0.142326,0.32,0.537674,,87000,,
2,1,,0.264825,0.6827,0.052475,,84700,,
2,0,,0.683677,0.008333,0.30799,,88400,,
2,0,,0.408462,0.203846,0.387692,,83200,,
2,2,,0.242842,0.034286,0.722872,,81700,,
2,0,,0.6868,0.101587,0.211612,,83100,,
2,0,,0.543611,0.08,0.376389,,86200,,
2,2,,0.029563,0.276587,0.693849,,89500,,
2,1,,0.289176,0.470989,0.239835,,91000,,
2,2,,0.05381,0.219167,0.727024,,84000,,
2,1,,0.021618,0.718415,0.259967,,80500,,
2,0,,0.448994,0.116534,0.434472,,82200,,
2,1,,0.248571,0.585714,0.165714,,81400,,
2,1,,0.062294,0.612254,0.325453,,84100,,
2,2,,0.235507,0.12,0.644493,,82700,,
2,2,,0.299737,0.1,0.600263,,81700,,
2,0,,0.725,0.1,0.175,,82600,,
2,0,,0.353095,0.33,0.316905,,80800,,
2,2,,0.26435,0.090556,0.645095,,82300,,
2,1,,0.189286,0.664018,0.146696,,80500,,
2,2,,0.278355,0.194242,0.527403,,84100,,
2,1,,0.060551,0.560132,0.379317,,82500,,
2,0,,0.461667,0.402619,0.135714,,82400,,
2,0,,0.651518,0.023118,0.325364,,82300,,
2,2,,0.284103,0.303846,0.412051,,80500,,
2,2,,0.335704,0.094929,0.569367,,82800,,
2,0,,0.484081,0.453017,0.062902,,82600,,
2,2,,0.392083,0.206389,0.401528,,83100,,
2,1,,0.0375,0.922917,0.039583,,82200,,
2,2,,0.231404,0.105596,0.663,,81800,,
2,0,,0.384382,0.292392,0.323226,,77100,,
2,1,,0.2,0.416667,0.383333,,83400,,
2,2,,0.260133,0.289464,0.450403,,81300,,
2,0,,0.3925,0.331623,0.275877,,83200,,
2,2,,0.39296,0.147552,0.459487,,80500,,
2,0,,0.386675,0.323844,0.289481,,83200,,
2,1,,0.217696,0.746974,0.03533,,82000,,
2,0,,0.511111,0.1875,0.301389,,83900,,
2,0,,0.677575,0.034402,0.288023,,85800,,
2,0,,0.800753,0.06158,0.137667,,83700,,
2,0,,0.572735,0.038796,0.388469,,81500,,
2,2,,0.293962,0.277984,0.428054,,84900,,
2,2,,0.256638,0.003571,0.739791,,81800,,
2,2,,0.328162,0.038462,0.633376,,83900,,
2,1,,0.05625,0.760417,0.183333,,81200,,
2,1,,0.074627,0.89395,0.031423,,79300,,
2,2,,0.309762,0.028077,0.662161,,81200,,
2,2,,0.379524,0.028333,0.592143,,82000,,
2,0,,0.75177,0.01,0.23823,,81900,,
2,1,,0.120182,0.588378,0.291439,,82100,,
2,1,,0.323565,0.454624,0.221811,,82600,,
2,1,,0.359656,0.538889,0.101455,,84100,,
2,2,,0.165278,0.2625,0.572222,,85600,,
2,0,,0.586404,0.2,0.213596,,78900,,
2,2,,0.060966,0.074848,0.864186,,84200,,
2,1,,0.21283,0.5012,0.28597,,80800,,
2,2,,0.339167,0.221667,0.439167,,82300,,
2,1,,0.166667,0.7,0.133333,,80200,,
2,2,,0.294737,0.285256,0.420007,,84500,,
2,1,,0.270642,0.585215,0.144143,,78900,,
2,2,,0.056647,0.025131,0.918222,,82300,,
2,2,,0.390196,0.12451,0.485294,,81900,,
2,1,,0.194055,0.722752,0.083193,,83400,,
2,2,,0.124359,0.058333,0.817308,,84100,,
2,2,,0.252862,0.208497,0.53864,,88200,,
2,2,,0.02963,0.439815,0.530556,,96600,,
2,0,,0.605,0.105,0.29,,94500,,
2,0,,0.659999,0.172707,0.167294,,99600,,
2,2,,0.044444,0.338365,0.617191,,99100,,
2,0,,0.504444,0.176667,0.318889,,101500,,
2,0,,0.50557,0.027747,0.466683,,101300,,
2,0,,0.506875,0.120833,0.372292,,94500,,
2,2,,0.034583,0.454583,0.510833,,95900,,
2,0,,0.59263,0.181481,0.225889,,96400,,
2,2,,0.466743,0.062807,0.470449,,89900,,
2,2,,0.447543,0.034457,0.518,,87200,,
2,2,,0.377389,0.102831,0.51978,,84600,,
2,1,,0.060088,0.585716,0.354196,,84100,,
2,1,,0.144237,0.778245,0.077518,,82400,,
2,1,,0.065667,0.716083,0.21825,,83500,,
2,1,,0.012795,0.586616,0.400589,,87500,,
2,2,,0.486429,0.009677,0.503894,,84900,,
2,2,,0.048094,0.169794,0.782112,,82700,,
2,2,,0.167619,0.275,0.557381,,84300,,
2,1,,0.400302,0.504352,0.095345,,92300,,