steel-plates,CWE,test,1,NANOSECONDS,PREDICTIONS, Generated by ClassifierExperiments.java on 2022-05-17 03:04:20.    SYSTEMPROPERTIES:{user.name:matth,os.arch:amd64,os.name:Windows 10},ENDSYSTEMPROPERTIES
No parameter info
0.5089514066496164,579838000,328324700,-1,0,7,,-1,-1
0,6,,0.109103,0.0231,0.08877,0.03855,0.068726,0.178753,0.492997,,1378200,,
0,6,,0.11069,0.021623,0.121879,0.049571,0.084654,0.210613,0.40097,,1055600,,
0,6,,0.139103,0.0231,0.08877,0.03855,0.048726,0.196372,0.465378,,819000,,
0,6,,0.083336,0.117468,0.120988,0.007625,0.02773,0.219775,0.423078,,805200,,
0,6,,0.11334,0.019629,0.088398,0.083743,0.083497,0.195073,0.416321,,802700,,
0,6,,0.069828,0.021996,0.15132,0.109878,0.025522,0.225534,0.395921,,796100,,
0,6,,0.085923,0.030047,0.058941,0.012017,0.027954,0.330746,0.454371,,797500,,
0,6,,0.129748,0.061064,0.166426,0.02451,0.037225,0.198993,0.382034,,796300,,
0,6,,0.09709,0.031,0.064513,0.02196,0.07211,0.29296,0.420367,,796700,,
0,6,,0.139205,0.032652,0.090666,0.020469,0.066977,0.263768,0.386263,,798100,,
0,6,,0.142306,0.023563,0.055357,0.03536,0.088814,0.18478,0.469821,,798100,,
0,6,,0.150792,0.039692,0.157444,0.025984,0.067998,0.202424,0.355666,,796400,,
0,6,,0.131444,0.045601,0.056597,0.002495,0.076611,0.223592,0.463659,,799300,,
0,6,,0.056026,0.037264,0.124861,0.048515,0.018376,0.30939,0.405568,,800900,,
0,6,,0.121577,0.092189,0.034098,0.035753,0.096201,0.199903,0.420279,,810600,,
0,6,,0.132561,0.067969,0.069264,0.017767,0.030296,0.278345,0.403798,,799600,,
0,6,,0.142465,0.03689,0.142201,0.026506,0.091525,0.189005,0.371408,,811600,,
0,6,,0.168951,0.035683,0.118709,0.031848,0.077091,0.194249,0.373469,,820500,,
0,6,,0.136039,0.051721,0.065766,0.007827,0.078382,0.1537,0.506565,,809400,,
0,6,,0.117274,0.023019,0.14624,0.03288,0.073834,0.217721,0.389033,,814400,,
0,6,,0.126096,0.024672,0.062976,0.009713,0.048915,0.181877,0.54575,,822500,,
0,6,,0.109429,0.02206,0.109834,0.038736,0.090199,0.21455,0.415193,,806800,,
0,6,,0.131596,0.022525,0.088647,0.038467,0.064695,0.211088,0.442983,,811300,,
0,6,,0.139502,0.025741,0.129451,0.059021,0.081508,0.159808,0.40497,,810400,,
0,6,,0.081062,0.028007,0.060637,0.032017,0.022219,0.33818,0.437877,,811200,,
0,6,,0.142359,0.038861,0.117966,0.005906,0.070083,0.15083,0.473995,,801500,,
0,6,,0.121979,0.038002,0.101474,0.009068,0.047446,0.171733,0.510299,,802100,,
0,6,,0.127927,0.038174,0.120079,0.009151,0.048786,0.174031,0.48185,,810100,,
0,6,,0.127862,0.023047,0.127854,0.016696,0.063652,0.208386,0.432502,,807900,,
0,6,,0.119784,0.035564,0.097851,0.012395,0.042968,0.179022,0.512416,,802500,,
0,6,,0.130495,0.022416,0.089311,0.038028,0.063556,0.178346,0.477847,,805200,,
0,6,,0.125777,0.040486,0.06638,0.042112,0.030422,0.274553,0.420271,,803500,,
1,6,,0.055413,0.04897,0.29261,0.0415,0.023633,0.214737,0.323136,,810800,,
1,6,,0.099602,0.112959,0.108887,0.02,0.043719,0.23704,0.377794,,803700,,
1,6,,0.099608,0.108533,0.108133,0.017485,0.046121,0.225654,0.394467,,804300,,
1,6,,0.06552,0.124619,0.162259,0.02033,0.020686,0.200924,0.40566,,802700,,
1,6,,0.10417,0.120494,0.141547,0.017913,0.043303,0.196084,0.376489,,804500,,
1,6,,0.064517,0.106877,0.151475,0.038016,0.0207,0.243323,0.375091,,809600,,
1,6,,0.051543,0.108109,0.247062,0.011997,0.018737,0.207626,0.354927,,822700,,
1,6,,0.112133,0.115805,0.148133,0.017485,0.045454,0.184139,0.376851,,871000,,
1,2,,0.026818,0.030981,0.501791,0.027928,0.016707,0.092872,0.302903,,812200,,
1,6,,0.045663,0.100436,0.240963,0.012204,0.018641,0.167834,0.414258,,809900,,
1,6,,0.105163,0.108533,0.108133,0.017485,0.045454,0.198987,0.416245,,817500,,
1,6,,0.092822,0.113814,0.115393,0.018932,0.023897,0.204391,0.430751,,833600,,
1,6,,0.090882,0.109954,0.11632,0.021432,0.044639,0.221942,0.394832,,798900,,
1,6,,0.09144,0.107437,0.088734,0.025835,0.022718,0.213041,0.450794,,793900,,
1,6,,0.058913,0.094492,0.098244,0.034426,0.015824,0.24652,0.451581,,789200,,
1,6,,0.085663,0.100436,0.220963,0.012204,0.018641,0.167834,0.394258,,787800,,
1,6,,0.098752,0.098109,0.225188,0.00411,0.039033,0.137899,0.396909,,791600,,
1,6,,0.066324,0.112491,0.125557,0.033116,0.020628,0.220911,0.420974,,820800,,
1,6,,0.108021,0.108533,0.108133,0.017485,0.065454,0.218987,0.373388,,794600,,
1,6,,0.0872,0.113221,0.141547,0.017913,0.02397,0.190932,0.425216,,793600,,
1,6,,0.092026,0.053893,0.079414,0.018223,0.061417,0.197433,0.497593,,800600,,
1,6,,0.11652,0.108032,0.088216,0.017402,0.024453,0.25245,0.392928,,797500,,
1,6,,0.065269,0.119434,0.184371,0.030011,0.020284,0.206496,0.374135,,812000,,
1,6,,0.044316,0.093756,0.214809,0.013222,0.018569,0.176141,0.439187,,832300,,
1,6,,0.086514,0.112458,0.12897,0.019917,0.022718,0.223836,0.405587,,817300,,
1,6,,0.090786,0.109125,0.121979,0.018503,0.045382,0.212446,0.40178,,874500,,
1,2,,0.029258,0.049312,0.353492,0.037401,0.017699,0.174586,0.338253,,939400,,
1,6,,0.063922,0.112754,0.138217,0.031029,0.020211,0.214803,0.419064,,921100,,
1,6,,0.082801,0.10695,0.096133,0.021412,0.020227,0.249433,0.423045,,821400,,
1,6,,0.108229,0.053842,0.070977,0.015876,0.066533,0.176188,0.508355,,835700,,
1,6,,0.064379,0.090439,0.160935,0.013079,0.018278,0.219467,0.433423,,819000,,
1,6,,0.095798,0.118838,0.122796,0.020955,0.044696,0.206294,0.390623,,812100,,
1,6,,0.065663,0.100436,0.220963,0.012204,0.018641,0.167834,0.414258,,808200,,
1,6,,0.11144,0.107437,0.088734,0.025835,0.022718,0.213041,0.430794,,801800,,
1,6,,0.047495,0.079409,0.154432,0.017404,0.020174,0.233771,0.447316,,797500,,
1,6,,0.11652,0.108032,0.088216,0.017402,0.044453,0.23245,0.392928,,807200,,
1,6,,0.105163,0.108533,0.108133,0.017485,0.045454,0.238987,0.376245,,819500,,
1,6,,0.071076,0.119731,0.149393,0.030445,0.024192,0.221774,0.383388,,806900,,
2,2,,0.028324,0.023949,0.52367,0.011387,0.010341,0.088406,0.313923,,811400,,
2,2,,0.026753,0.024106,0.537702,0.010968,0.010393,0.099977,0.290101,,813600,,
2,2,,0.030425,0.025644,0.574285,0.01109,0.016425,0.076706,0.265426,,810600,,
2,2,,0.029553,0.021388,0.582843,0.010826,0.011422,0.070075,0.273892,,827800,,
2,2,,0.030528,0.020411,0.627003,0.008575,0.032527,0.056057,0.224899,,806600,,
2,2,,0.031164,0.019523,0.608192,0.008368,0.032618,0.066608,0.233526,,802400,,
2,2,,0.031164,0.019523,0.585335,0.008368,0.012618,0.089465,0.253526,,818000,,
2,2,,0.031164,0.019523,0.605335,0.008368,0.032618,0.069465,0.233526,,823900,,
2,2,,0.029277,0.024577,0.524778,0.014549,0.01099,0.102781,0.293048,,796900,,
2,2,,0.030565,0.017174,0.514259,0.009323,0.037473,0.116339,0.274867,,800800,,
2,2,,0.026753,0.024106,0.537702,0.010968,0.010393,0.099977,0.290101,,792800,,
2,6,,0.071048,0.01438,0.164317,0.117046,0.054693,0.225047,0.353469,,795700,,
2,2,,0.026753,0.024106,0.537702,0.010968,0.010393,0.099977,0.290101,,794900,,
2,2,,0.032135,0.017017,0.440015,0.009742,0.013421,0.12456,0.36311,,798000,,
2,2,,0.027707,0.024734,0.539022,0.01413,0.011043,0.09456,0.288805,,792700,,
2,2,,0.033585,0.025227,0.544906,0.014464,0.017113,0.113127,0.251579,,798600,,
2,2,,0.030528,0.020411,0.622003,0.008575,0.032527,0.076057,0.209899,,796000,,
2,6,,0.076127,0.014975,0.163798,0.108612,0.036428,0.253548,0.346511,,798900,,
2,2,,0.026753,0.024106,0.537702,0.010968,0.010393,0.079977,0.310101,,801400,,
2,2,,0.027688,0.023131,0.524427,0.01376,0.011267,0.07982,0.319907,,795100,,
2,2,,0.029277,0.025454,0.494368,0.0149,0.015166,0.139604,0.28123,,795500,,
2,2,,0.031164,0.019523,0.608192,0.008368,0.032618,0.066608,0.233526,,801600,,
2,2,,0.026753,0.024106,0.537702,0.010968,0.010393,0.099977,0.290101,,799500,,
2,2,,0.030528,0.020411,0.587003,0.008575,0.032527,0.056057,0.264899,,825000,,
2,2,,0.026753,0.024106,0.537702,0.010968,0.010393,0.099977,0.290101,,828500,,
2,2,,0.026753,0.024106,0.537702,0.010968,0.010393,0.099977,0.290101,,785100,,
2,2,,0.026753,0.024106,0.537702,0.010968,0.010393,0.099977,0.290101,,868400,,
2,2,,0.029277,0.025454,0.494368,0.0149,0.015166,0.139604,0.28123,,858700,,
2,2,,0.029225,0.030981,0.501368,0.0174,0.015233,0.120085,0.285709,,805000,,
2,6,,0.068921,0.01286,0.16413,0.10193,0.048899,0.236728,0.366532,,824300,,
2,2,,0.031995,0.026364,0.526774,0.01186,0.036548,0.128608,0.237851,,812400,,
2,6,,0.117912,0.025436,0.139535,0.05049,0.033043,0.254503,0.379081,,832000,,
2,6,,0.071048,0.01438,0.164317,0.117046,0.054693,0.234138,0.344378,,792400,,
2,2,,0.029277,0.024577,0.52499,0.014549,0.01099,0.102989,0.292627,,788300,,
2,2,,0.030528,0.020411,0.584146,0.008575,0.036527,0.058914,0.260899,,793100,,
2,6,,0.071048,0.01438,0.150032,0.097046,0.058693,0.239852,0.368949,,792000,,
2,2,,0.13012,0.041066,0.34632,0.021656,0.049143,0.120206,0.291488,,792800,,
2,2,,0.031995,0.026364,0.506774,0.01186,0.036548,0.128608,0.257851,,790600,,
2,2,,0.026117,0.024994,0.551513,0.011175,0.010302,0.069425,0.306474,,790200,,
2,2,,0.031164,0.019523,0.610335,0.008368,0.032618,0.069465,0.228526,,786800,,
2,2,,0.026117,0.024994,0.551513,0.011175,0.010302,0.069425,0.306474,,798200,,
2,2,,0.026753,0.024106,0.537702,0.010968,0.010393,0.099977,0.290101,,787400,,
2,2,,0.026753,0.024106,0.537702,0.010968,0.010393,0.099977,0.290101,,792300,,
2,2,,0.034225,0.035981,0.486368,0.0174,0.011233,0.140085,0.274709,,794000,,
2,2,,0.028324,0.023949,0.523458,0.011387,0.010341,0.108198,0.294344,,796300,,
2,2,,0.026856,0.018873,0.58542,0.008453,0.010496,0.075328,0.274574,,885900,,
2,2,,0.031164,0.019523,0.590335,0.008368,0.032618,0.069465,0.248526,,1511400,,
2,2,,0.029225,0.030981,0.501368,0.0174,0.015233,0.120085,0.285709,,853600,,
2,2,,0.029732,0.016119,0.443978,0.013133,0.016805,0.141306,0.338926,,937800,,
2,2,,0.029225,0.030981,0.501368,0.0174,0.015233,0.120085,0.285709,,842400,,
2,2,,0.026117,0.024994,0.551513,0.011175,0.010302,0.089425,0.286474,,824300,,
2,2,,0.030528,0.020411,0.607003,0.008575,0.032527,0.056057,0.244899,,814500,,
2,6,,0.068921,0.01286,0.14413,0.10193,0.048899,0.236728,0.386532,,924100,,
2,2,,0.026753,0.024106,0.537702,0.010968,0.010393,0.099977,0.290101,,809400,,
2,2,,0.031164,0.019523,0.585335,0.008368,0.012618,0.069465,0.273526,,811600,,
2,2,,0.030528,0.020411,0.622003,0.008575,0.032527,0.056057,0.229899,,806300,,
2,2,,0.029277,0.024577,0.52499,0.014549,0.01499,0.118989,0.272627,,858300,,
2,2,,0.030528,0.020411,0.627003,0.008575,0.032527,0.056057,0.224899,,842200,,
2,2,,0.026753,0.024106,0.537489,0.010968,0.010393,0.099768,0.290522,,869000,,
2,6,,0.073545,0.038315,0.235224,0.058152,0.030804,0.193531,0.370429,,854800,,
2,2,,0.030528,0.020411,0.584146,0.008575,0.032527,0.058914,0.264899,,833600,,
2,2,,0.026753,0.024106,0.537702,0.010968,0.010393,0.099977,0.290101,,817900,,
2,2,,0.030565,0.017174,0.514259,0.009323,0.037473,0.116339,0.274867,,908000,,
2,2,,0.031995,0.026364,0.506774,0.01186,0.032548,0.128608,0.261851,,868700,,
2,2,,0.030528,0.020411,0.587003,0.008575,0.036527,0.056057,0.260899,,895000,,
2,2,,0.029277,0.025799,0.469531,0.0149,0.015166,0.157487,0.28784,,879800,,
2,2,,0.034277,0.030454,0.499368,0.0149,0.011166,0.139604,0.27023,,922400,,
2,2,,0.027707,0.024734,0.559022,0.01413,0.011043,0.09456,0.268805,,906900,,
2,2,,0.030528,0.020411,0.627003,0.008575,0.032527,0.056057,0.224899,,872900,,
2,2,,0.026753,0.024106,0.537702,0.010968,0.010393,0.099977,0.290101,,839800,,
2,2,,0.030528,0.020411,0.607003,0.008575,0.032527,0.056057,0.244899,,864500,,
2,2,,0.029277,0.025454,0.494368,0.0149,0.015166,0.139604,0.28123,,911800,,
2,6,,0.085876,0.016263,0.161018,0.076961,0.064846,0.229471,0.365565,,869400,,
2,2,,0.031164,0.019523,0.610335,0.008368,0.032618,0.069465,0.228526,,836800,,
2,2,,0.027707,0.024734,0.539022,0.01413,0.011043,0.09456,0.288805,,814400,,
2,2,,0.034225,0.035981,0.486368,0.0174,0.011233,0.140085,0.274709,,810300,,
2,2,,0.031164,0.019523,0.610335,0.008368,0.032618,0.069465,0.228526,,978100,,
2,2,,0.031301,0.032157,0.466481,0.031177,0.059004,0.105119,0.27476,,807800,,
2,2,,0.034862,0.035094,0.472557,0.017193,0.011324,0.150636,0.278335,,808000,,
3,6,,0.067622,0.028427,0.193801,0.085922,0.047339,0.228007,0.348882,,828600,,
3,6,,0.067622,0.028427,0.193801,0.105922,0.043339,0.228007,0.332882,,928300,,
3,6,,0.067622,0.028427,0.193801,0.105922,0.043339,0.228007,0.332882,,849000,,
3,6,,0.075813,0.029562,0.152801,0.113233,0.05024,0.228351,0.350001,,871000,,
3,6,,0.065702,0.022286,0.186855,0.087899,0.029972,0.250745,0.356541,,846000,,
3,6,,0.060256,0.039196,0.191306,0.105245,0.044933,0.206214,0.352849,,818600,,
3,6,,0.062521,0.020892,0.181188,0.119382,0.027755,0.256726,0.331535,,849900,,
3,6,,0.057913,0.033062,0.21183,0.069204,0.028693,0.230272,0.369027,,817600,,
3,6,,0.069798,0.032914,0.176862,0.064927,0.052083,0.236761,0.366654,,808200,,
3,6,,0.061462,0.032472,0.196447,0.075456,0.030813,0.238505,0.364845,,902000,,
3,6,,0.06845,0.021335,0.162026,0.099382,0.054499,0.238678,0.355629,,877900,,
3,6,,0.060533,0.035311,0.20295,0.094604,0.025832,0.243751,0.337019,,948100,,
3,6,,0.083986,0.021154,0.173801,0.105922,0.025339,0.230189,0.359609,,849000,,
3,6,,0.067507,0.021597,0.175063,0.11645,0.029556,0.254019,0.335808,,801500,,
3,6,,0.036598,0.044474,0.305366,0.039204,0.021175,0.140675,0.412508,,830900,,
4,6,,0.13667,0.04118,0.123742,0.013591,0.111084,0.165695,0.408038,,857900,,
4,6,,0.150295,0.050323,0.060597,0.035022,0.053987,0.163992,0.485783,,814400,,
4,6,,0.116075,0.01784,0.126188,0.062789,0.121904,0.190063,0.365142,,884700,,
4,6,,0.129288,0.04093,0.126632,0.016837,0.112495,0.18835,0.385467,,1445800,,
4,6,,0.116715,0.039919,0.148953,0.021557,0.086107,0.205423,0.381325,,1323100,,
4,6,,0.162609,0.041617,0.084519,0.013591,0.113792,0.16753,0.416343,,815800,,
4,6,,0.162609,0.041617,0.084519,0.013591,0.113792,0.16753,0.416343,,811900,,
4,6,,0.129288,0.04093,0.126632,0.016837,0.112495,0.18835,0.385467,,812200,,
4,6,,0.162609,0.041617,0.084519,0.013591,0.113792,0.16753,0.416343,,810600,,
4,6,,0.117267,0.063895,0.161485,0.018535,0.043747,0.259291,0.335779,,847800,,
4,6,,0.112004,0.018283,0.107026,0.082789,0.125314,0.192015,0.362569,,918300,,
5,6,,0.079332,0.024477,0.095231,0.061024,0.025062,0.284885,0.429989,,873900,,
5,6,,0.127936,0.113752,0.061276,0.002944,0.029785,0.251683,0.412624,,836600,,
5,6,,0.113915,0.01741,0.127158,0.061915,0.050986,0.257375,0.371242,,889500,,
5,6,,0.07583,0.028547,0.092654,0.020459,0.027925,0.300456,0.454128,,818700,,
5,6,,0.069185,0.027243,0.181247,0.062876,0.059786,0.23394,0.365724,,878000,,
5,6,,0.085923,0.032905,0.078941,0.012017,0.027954,0.299317,0.462942,,812500,,
5,6,,0.094857,0.017148,0.128407,0.064847,0.051928,0.236321,0.406492,,823300,,
5,6,,0.113608,0.051034,0.067878,0.011072,0.077086,0.158615,0.520706,,916400,,
5,6,,0.105656,0.126421,0.102403,0.001862,0.034244,0.223175,0.406239,,812500,,
5,6,,0.06756,0.025781,0.160153,0.048564,0.055745,0.245297,0.3969,,810900,,
5,6,,0.068386,0.013122,0.154744,0.091803,0.060483,0.255282,0.356182,,806700,,
5,6,,0.088024,0.12233,0.08376,0.012895,0.022938,0.223956,0.446096,,841500,,
5,6,,0.073193,0.026343,0.067782,0.041877,0.02461,0.342545,0.42365,,859200,,
5,6,,0.082004,0.020456,0.131465,0.090893,0.051002,0.209615,0.414564,,826700,,
5,6,,0.092769,0.036752,0.060092,0.085421,0.022044,0.313789,0.389133,,836500,,
5,6,,0.078917,0.026605,0.080818,0.038945,0.023668,0.357885,0.393161,,860800,,
5,6,,0.074522,0.023193,0.127044,0.078141,0.068383,0.265577,0.363141,,928700,,
5,6,,0.091939,0.027818,0.06052,0.01549,0.027198,0.328491,0.448542,,822500,,
5,6,,0.108894,0.047115,0.173149,0.03573,0.073637,0.212681,0.348793,,813300,,
5,6,,0.063395,0.031753,0.104077,0.007139,0.02713,0.279655,0.486852,,807600,,
5,6,,0.074395,0.028007,0.060637,0.012017,0.026219,0.35818,0.440544,,809700,,
5,6,,0.092583,0.092747,0.074752,0.015194,0.045206,0.25946,0.420058,,831300,,
5,6,,0.115054,0.086182,0.04889,0.038184,0.031693,0.260805,0.419192,,872800,,
5,6,,0.071455,0.01438,0.161894,0.086518,0.067219,0.244017,0.354516,,855800,,
5,6,,0.058416,0.030614,0.150105,0.063346,0.022491,0.261317,0.41371,,866200,,
5,6,,0.13161,0.047225,0.190493,0.044463,0.061442,0.205451,0.319316,,797500,,
5,6,,0.032496,0.022386,0.33454,0.037477,0.020192,0.154917,0.397992,,870000,,
5,6,,0.066297,0.065592,0.056559,0.034017,0.019709,0.266185,0.49164,,801900,,
5,6,,0.07986,0.026343,0.067782,0.04521,0.02061,0.335878,0.424317,,1080300,,
5,6,,0.081491,0.059586,0.1247,0.007152,0.024409,0.277791,0.424872,,1131200,,
5,6,,0.071455,0.01438,0.141894,0.086518,0.067219,0.244017,0.374516,,1192200,,
5,6,,0.05397,0.090903,0.12315,0.011734,0.021097,0.198598,0.500548,,1079800,,
5,6,,0.100837,0.115805,0.128556,0.028013,0.047595,0.220259,0.358935,,845600,,
5,6,,0.090737,0.026155,0.067665,0.06535,0.021589,0.335355,0.393148,,854900,,
5,6,,0.063832,0.041858,0.07556,0.040403,0.048509,0.190557,0.53928,,850100,,
5,6,,0.082156,0.02108,0.063637,0.063111,0.02483,0.306825,0.438361,,813000,,
5,6,,0.050323,0.05342,0.265547,0.030999,0.025976,0.151704,0.42203,,819300,,
5,6,,0.066535,0.072938,0.069479,0.034558,0.023746,0.276155,0.45659,,813400,,
5,6,,0.04978,0.079036,0.12433,0.024775,0.024413,0.203734,0.493933,,916700,,
5,6,,0.081116,0.063377,0.156844,0.017466,0.0188,0.288679,0.373717,,888300,,
5,6,,0.08425,0.087747,0.069752,0.015194,0.045206,0.256126,0.441725,,833700,,
5,6,,0.090787,0.026126,0.121903,0.064144,0.069995,0.235045,0.391999,,826900,,
5,6,,0.075285,0.054768,0.15996,0.018906,0.02261,0.28748,0.380991,,859700,,
5,6,,0.06757,0.049362,0.103317,0.006239,0.025206,0.282284,0.466023,,812200,,
5,6,,0.070737,0.026155,0.067665,0.04535,0.025589,0.365355,0.399148,,835700,,
5,6,,0.081892,0.03694,0.060209,0.065281,0.021065,0.294312,0.440301,,821100,,
5,6,,0.081808,0.028923,0.078947,0.038945,0.02532,0.351222,0.394835,,805100,,
5,6,,0.075088,0.079027,0.082485,0.017286,0.023448,0.261717,0.460949,,853300,,
5,6,,0.088821,0.08149,0.092585,0.030865,0.024455,0.272491,0.409294,,852300,,
5,6,,0.064112,0.086038,0.069448,0.020218,0.040391,0.284861,0.434932,,939900,,
5,6,,0.080592,0.020237,0.125126,0.075152,0.064012,0.264482,0.370399,,819800,,
5,6,,0.036492,0.029204,0.347787,0.022181,0.025777,0.159953,0.378606,,798300,,
5,6,,0.074708,0.040581,0.087029,0.018094,0.022669,0.301569,0.455351,,803400,,
5,6,,0.076552,0.030937,0.073557,0.012559,0.022256,0.311569,0.472569,,844000,,
5,6,,0.09206,0.074385,0.056746,0.029133,0.029503,0.305413,0.412759,,798200,,
5,6,,0.056031,0.078766,0.069448,0.020218,0.040391,0.236376,0.498771,,852600,,
5,6,,0.101849,0.038222,0.067092,0.062029,0.027668,0.271047,0.432093,,818700,,
5,6,,0.151561,0.056868,0.111376,0.01236,0.062797,0.175038,0.43,,815900,,
5,6,,0.124164,0.041434,0.114289,0.064725,0.054399,0.232215,0.368774,,821900,,
5,6,,0.077579,0.093455,0.06889,0.038184,0.031693,0.21929,0.470909,,796800,,
5,6,,0.119861,0.043217,0.052898,0.030728,0.028819,0.305618,0.418858,,800200,,
5,6,,0.078748,0.026343,0.067782,0.041877,0.02061,0.359211,0.405428,,798400,,
5,6,,0.082084,0.026815,0.072506,0.043318,0.027889,0.306476,0.440911,,847300,,
5,6,,0.078086,0.022996,0.108934,0.040386,0.019478,0.316686,0.413435,,872200,,
5,6,,0.073396,0.037851,0.105717,0.018548,0.018341,0.326116,0.420031,,807100,,
5,6,,0.078917,0.026605,0.080818,0.038945,0.023668,0.357885,0.393161,,895000,,
5,6,,0.104417,0.048329,0.092753,0.018249,0.063787,0.186356,0.486108,,800300,,
5,6,,0.065957,0.078545,0.074338,0.026151,0.040272,0.265589,0.449148,,801500,,
5,6,,0.102746,0.024514,0.094455,0.009234,0.038682,0.175399,0.55497,,885800,,
5,6,,0.09669,0.031781,0.078056,0.038945,0.026051,0.314618,0.41386,,841200,,
5,6,,0.07863,0.059914,0.126011,0.027152,0.020737,0.268696,0.41886,,820300,,
5,6,,0.077519,0.059914,0.126011,0.027152,0.020737,0.265363,0.423304,,820600,,
5,6,,0.116585,0.01881,0.072743,0.016769,0.070394,0.217634,0.487065,,922400,,
5,6,,0.077943,0.052535,0.129555,0.005305,0.023156,0.251268,0.460238,,881000,,
5,6,,0.087704,0.017306,0.156126,0.064061,0.07816,0.227074,0.369568,,857300,,
5,6,,0.070737,0.026155,0.067665,0.06535,0.021589,0.345355,0.403148,,808200,,
5,6,,0.046718,0.041973,0.238388,0.031162,0.024577,0.154461,0.46272,,810200,,
5,6,,0.079719,0.020237,0.136189,0.050348,0.063662,0.245483,0.404361,,859500,,
5,6,,0.073649,0.023193,0.143821,0.053338,0.048033,0.25805,0.399916,,799500,,
5,6,,0.074511,0.053374,0.13387,0.019861,0.01892,0.291583,0.407881,,836900,,
5,6,,0.063786,0.012167,0.146461,0.089815,0.028392,0.279949,0.37943,,863100,,
6,6,,0.093587,0.070942,0.147249,0.012361,0.039786,0.1297,0.506375,,933500,,
6,6,,0.124981,0.030309,0.071978,0.029085,0.023012,0.326086,0.394549,,949300,,
6,6,,0.03839,0.026122,0.344052,0.040702,0.017254,0.150442,0.383038,,832900,,
6,6,,0.035264,0.028892,0.286539,0.076327,0.018894,0.145875,0.408209,,854700,,
6,6,,0.121845,0.026677,0.076631,0.032395,0.078635,0.175542,0.488275,,807800,,
6,6,,0.1066,0.020412,0.12393,0.07328,0.067312,0.237736,0.37073,,837600,,
6,6,,0.113479,0.073077,0.102433,0.014211,0.045569,0.153565,0.497665,,806400,,
6,6,,0.083244,0.115805,0.128133,0.017485,0.066121,0.227472,0.36174,,860200,,
6,6,,0.095572,0.057883,0.133919,0.029171,0.04338,0.181691,0.458384,,894900,,
6,6,,0.050254,0.083994,0.213936,0.010719,0.019126,0.22793,0.394042,,819600,,
6,2,,0.037016,0.020438,0.367646,0.02269,0.036932,0.14864,0.366639,,821900,,
6,2,,0.028858,0.024867,0.392415,0.041069,0.020899,0.119472,0.37242,,801800,,
6,6,,0.066636,0.098144,0.078204,0.032572,0.02185,0.272619,0.429976,,937000,,
6,6,,0.122476,0.046769,0.167994,0.025551,0.108858,0.15968,0.368672,,801300,,
6,6,,0.15935,0.031366,0.134461,0.03237,0.096743,0.19261,0.3531,,796200,,
6,6,,0.12301,0.030586,0.071802,0.029085,0.022929,0.309358,0.413229,,885200,,
6,6,,0.107346,0.026989,0.121606,0.068736,0.065596,0.178538,0.43119,,799200,,
6,6,,0.082092,0.052221,0.101395,0.029721,0.035162,0.185621,0.513787,,802400,,
6,6,,0.071907,0.072961,0.135839,0.046884,0.027852,0.18737,0.457188,,798400,,
6,6,,0.03407,0.017701,0.359084,0.036135,0.018889,0.137483,0.396638,,801600,,
6,6,,0.087197,0.019546,0.167715,0.099772,0.046133,0.230399,0.349237,,834500,,
6,6,,0.062565,0.044442,0.292237,0.044217,0.042197,0.179463,0.334879,,852600,,
6,6,,0.07986,0.026343,0.067782,0.041877,0.02461,0.362545,0.396983,,795200,,
6,6,,0.099769,0.068548,0.167202,0.028654,0.039376,0.164922,0.431528,,799200,,
6,6,,0.05384,0.039017,0.24661,0.042455,0.023938,0.206266,0.387874,,859600,,
6,6,,0.085413,0.061004,0.161659,0.015008,0.046434,0.237413,0.393067,,826400,,
6,6,,0.067333,0.101839,0.059856,0.017725,0.022195,0.227467,0.503586,,805000,,
6,6,,0.091405,0.02907,0.05288,0.003741,0.028009,0.303431,0.491465,,808300,,
6,6,,0.041426,0.01185,0.322173,0.031758,0.039145,0.162304,0.391343,,811700,,
6,6,,0.09988,0.021049,0.065533,0.015188,0.03771,0.185395,0.575245,,823800,,
6,6,,0.097596,0.017889,0.098263,0.053717,0.054004,0.22044,0.458091,,839700,,
6,6,,0.134239,0.08528,0.055595,0.012088,0.068764,0.253996,0.390038,,804600,,
6,6,,0.078536,0.043773,0.230591,0.036901,0.061689,0.198515,0.349996,,901900,,
6,6,,0.082882,0.018245,0.151893,0.036097,0.067682,0.236076,0.407125,,815300,,
6,6,,0.062969,0.111969,0.059856,0.017725,0.018195,0.216356,0.51293,,824700,,
6,6,,0.069794,0.029274,0.080701,0.042418,0.024647,0.329267,0.423898,,799000,,
6,6,,0.053669,0.051671,0.340808,0.051373,0.015497,0.118391,0.36859,,826200,,
6,6,,0.052524,0.05302,0.279449,0.031206,0.023881,0.146397,0.413523,,827500,,
6,6,,0.067098,0.029783,0.271571,0.032241,0.055365,0.192933,0.351009,,810300,,
6,6,,0.1056,0.062724,0.147295,0.012304,0.040357,0.116598,0.515123,,888100,,
6,6,,0.063158,0.029187,0.078864,0.029949,0.02636,0.275656,0.496827,,894700,,
6,6,,0.035243,0.039416,0.373947,0.031189,0.019338,0.126671,0.374196,,996800,,
6,6,,0.062305,0.087569,0.051241,0.013777,0.02421,0.241433,0.519465,,803700,,
6,6,,0.104838,0.092574,0.050831,0.006169,0.032764,0.243943,0.468882,,809600,,
6,6,,0.049601,0.014163,0.225199,0.06641,0.024315,0.150252,0.47006,,848500,,
6,6,,0.058728,0.061812,0.193882,0.01713,0.02281,0.163699,0.481939,,807100,,
6,6,,0.07722,0.031384,0.080002,0.008234,0.020214,0.352947,0.43,,802800,,
6,6,,0.119721,0.027612,0.074827,0.009584,0.046951,0.148948,0.572357,,797800,,
6,6,,0.059656,0.074618,0.182041,0.042344,0.021049,0.203863,0.416429,,818800,,
6,6,,0.114857,0.017148,0.134121,0.064847,0.051928,0.242035,0.375064,,887200,,
6,6,,0.061985,0.064436,0.0772,0.056698,0.021159,0.266143,0.452378,,898900,,
6,6,,0.114541,0.098659,0.042838,0.027392,0.034953,0.238712,0.442904,,807300,,
6,6,,0.083743,0.105484,0.125385,0.038971,0.02101,0.237427,0.387981,,794300,,
6,6,,0.103103,0.041554,0.060043,0.060588,0.02721,0.316649,0.390853,,789300,,
6,6,,0.102723,0.040094,0.133471,0.019686,0.069407,0.207725,0.426893,,817800,,
6,6,,0.102067,0.026245,0.131952,0.068608,0.066061,0.206932,0.398135,,792400,,
6,6,,0.114301,0.064168,0.101225,0.007235,0.04888,0.232792,0.431399,,794600,,
6,6,,0.082207,0.049143,0.242411,0.007681,0.028839,0.122578,0.467141,,848300,,
6,6,,0.062755,0.045132,0.148707,0.017775,0.029121,0.151597,0.544913,,815700,,
6,6,,0.062274,0.025411,0.169213,0.058105,0.067522,0.204281,0.413194,,793500,,
6,6,,0.031709,0.035095,0.3019,0.069793,0.016193,0.160662,0.384647,,819900,,
6,6,,0.097189,0.017817,0.133887,0.039257,0.102881,0.211602,0.397366,,849800,,
6,6,,0.038502,0.025172,0.306891,0.085188,0.041254,0.134722,0.36827,,875700,,
6,6,,0.0819,0.071773,0.207213,0.028399,0.054928,0.165103,0.390684,,849800,,
6,6,,0.02915,0.025031,0.302486,0.070815,0.022127,0.120537,0.429855,,809800,,
6,6,,0.14232,0.092553,0.055595,0.012088,0.048764,0.242481,0.406199,,865400,,
6,6,,0.137927,0.038174,0.100079,0.009151,0.06812,0.154031,0.492517,,808700,,
6,2,,0.035208,0.029088,0.389353,0.030678,0.021666,0.151957,0.34205,,799200,,
6,6,,0.121979,0.038002,0.121474,0.009068,0.047446,0.171733,0.490299,,837900,,
6,6,,0.078364,0.041428,0.098612,0.018762,0.027486,0.293985,0.441362,,826600,,
6,6,,0.112368,0.022979,0.065529,0.01217,0.042004,0.186926,0.558025,,836400,,
6,6,,0.055888,0.033756,0.151658,0.054277,0.025944,0.217929,0.460549,,826300,,
6,6,,0.099974,0.018692,0.133923,0.046387,0.056608,0.189407,0.45501,,828400,,
6,6,,0.09271,0.028771,0.052129,0.06167,0.02849,0.313154,0.423075,,825500,,
6,6,,0.136039,0.051721,0.065766,0.007827,0.078382,0.159414,0.500851,,851700,,
6,6,,0.053037,0.03022,0.252348,0.032241,0.058073,0.174768,0.399314,,811400,,
6,2,,0.030336,0.027358,0.41615,0.026385,0.018444,0.115473,0.365854,,807400,,
6,6,,0.11511,0.021697,0.122085,0.029571,0.107016,0.202694,0.401826,,833800,,
6,6,,0.11462,0.022718,0.094479,0.018469,0.079546,0.216296,0.453873,,874500,,
6,6,,0.048321,0.027315,0.163045,0.061722,0.0218,0.214287,0.463511,,831000,,
6,6,,0.084028,0.027734,0.080898,0.046651,0.02042,0.354679,0.38559,,822400,,
6,6,,0.093952,0.038315,0.232801,0.047623,0.059331,0.212502,0.315476,,854600,,
6,6,,0.103103,0.038697,0.060043,0.060588,0.02721,0.348078,0.362281,,882600,,
6,6,,0.087766,0.017815,0.077438,0.016633,0.029629,0.230434,0.540285,,808500,,
6,6,,0.044589,0.024118,0.212223,0.069407,0.02443,0.192054,0.433179,,913100,,
6,6,,0.063629,0.02019,0.152325,0.088842,0.063752,0.21102,0.400241,,791400,,
6,6,,0.134359,0.038861,0.117966,0.005906,0.050083,0.12683,0.525995,,825100,,
6,6,,0.040629,0.025924,0.287891,0.057,0.047049,0.130268,0.41124,,838700,,
6,6,,0.085527,0.068351,0.108453,0.036754,0.028716,0.199938,0.472262,,798900,,
6,6,,0.073386,0.018122,0.125458,0.091803,0.056483,0.260996,0.373753,,807400,,
6,6,,0.067281,0.051617,0.208722,0.075039,0.024527,0.190284,0.38253,,848800,,
6,6,,0.08465,0.017656,0.165108,0.076006,0.074536,0.228035,0.354009,,794200,,
6,6,,0.125212,0.028018,0.060245,0.063111,0.0283,0.260527,0.434587,,819600,,
6,6,,0.094175,0.026806,0.101423,0.010545,0.044627,0.146265,0.57616,,809000,,
6,6,,0.124118,0.032088,0.057246,0.012017,0.029689,0.300811,0.444032,,790700,,
6,6,,0.085341,0.016525,0.171631,0.063501,0.07243,0.2256,0.364973,,796400,,
6,6,,0.072178,0.045092,0.132894,0.019861,0.023563,0.271272,0.435139,,812100,,
6,6,,0.151219,0.062193,0.105151,0.021265,0.061264,0.161078,0.437829,,826200,,
6,6,,0.122957,0.036617,0.140098,0.014973,0.063952,0.209487,0.411916,,803100,,
6,6,,0.092544,0.040988,0.054477,0.030868,0.028063,0.29253,0.460529,,863700,,
6,6,,0.105713,0.04068,0.075962,0.013969,0.052223,0.144127,0.567325,,808500,,
6,6,,0.096068,0.031801,0.053952,0.003573,0.027821,0.28034,0.506444,,859500,,
6,6,,0.058154,0.031923,0.187661,0.049913,0.04911,0.211416,0.411823,,850800,,
6,6,,0.098242,0.036656,0.061739,0.060588,0.025475,0.355513,0.361787,,796700,,
6,6,,0.087969,0.114111,0.064856,0.017725,0.018195,0.237785,0.459359,,794600,,
6,2,,0.040756,0.039915,0.365177,0.02905,0.020237,0.163529,0.341336,,794300,,
6,6,,0.139179,0.058395,0.116568,0.018452,0.026079,0.262754,0.378573,,796200,,
6,6,,0.069659,0.096782,0.057398,0.019896,0.022479,0.232812,0.500973,,864400,,
6,6,,0.065401,0.029677,0.079214,0.022873,0.024237,0.324824,0.453773,,819600,,
6,6,,0.090308,0.042076,0.071445,0.021756,0.040158,0.194334,0.539923,,802300,,
6,6,,0.071939,0.027818,0.06052,0.01549,0.027198,0.340991,0.456042,,798400,,
6,6,,0.112123,0.018093,0.127954,0.060674,0.07542,0.238604,0.367132,,808000,,
6,6,,0.093427,0.045439,0.228273,0.032036,0.060923,0.183682,0.35622,,850900,,
6,6,,0.080532,0.027358,0.075404,0.06181,0.026,0.296072,0.432824,,836300,,
6,6,,0.036775,0.029962,0.319601,0.040533,0.022016,0.167845,0.383268,,814900,,
6,6,,0.101204,0.015668,0.139113,0.074867,0.071637,0.239941,0.35757,,794600,,
6,2,,0.03703,0.013933,0.373448,0.023097,0.041968,0.149783,0.360741,,840600,,
6,6,,0.063484,0.023417,0.183407,0.005981,0.029953,0.154581,0.539177,,851800,,
6,6,,0.039898,0.075584,0.175613,0.04714,0.022119,0.1818,0.457845,,812300,,
6,6,,0.130301,0.064168,0.081225,0.007235,0.02888,0.212792,0.475399,,821500,,
6,6,,0.115738,0.103159,0.055868,0.012336,0.055958,0.236361,0.420581,,821100,,
6,6,,0.121954,0.055294,0.068007,0.016606,0.052143,0.149725,0.536272,,844800,,
6,6,,0.103089,0.06093,0.099069,0.017539,0.057296,0.200939,0.461138,,853600,,
6,6,,0.067466,0.029837,0.078779,0.029864,0.028483,0.269794,0.495778,,817600,,
6,6,,0.077738,0.03466,0.113887,0.058896,0.037342,0.200062,0.477415,,962100,,
6,6,,0.064633,0.077425,0.157132,0.011588,0.018925,0.204357,0.46594,,981700,,
6,6,,0.099827,0.018005,0.152432,0.036325,0.059576,0.238862,0.394974,,885900,,
6,6,,0.064399,0.108612,0.108212,0.011502,0.037934,0.237146,0.432194,,796400,,
6,6,,0.117027,0.046143,0.046078,0.002058,0.055354,0.245208,0.488131,,794900,,
6,6,,0.114301,0.064168,0.101225,0.007235,0.04888,0.232792,0.431399,,794400,,
6,6,,0.100216,0.019809,0.071932,0.02019,0.035228,0.207538,0.545086,,792900,,
6,6,,0.109774,0.040244,0.095185,0.013969,0.069516,0.15134,0.519973,,812700,,
6,6,,0.094395,0.028007,0.060637,0.012017,0.026219,0.33818,0.440544,,855000,,
6,6,,0.105923,0.030047,0.078941,0.012017,0.027954,0.330746,0.414371,,841400,,
6,6,,0.071744,0.086351,0.057447,0.024882,0.024546,0.283155,0.451875,,795000,,