steel-plates,CWE,test,3,NANOSECONDS,PREDICTIONS, Generated by ClassifierExperiments.java on 2022-05-17 03:09:03.    SYSTEMPROPERTIES:{user.name:matth,os.arch:amd64,os.name:Windows 10},ENDSYSTEMPROPERTIES
No parameter info
0.4782608695652174,337609400,312206900,-1,49675336,7,,-1,-1
0,6,,0.154676,0.081587,0.090883,0.017321,0.042433,0.245735,0.367364,,974900,,
0,6,,0.17534,0.05392,0.124269,0.008479,0.076865,0.142494,0.418634,,814400,,
0,6,,0.119601,0.185303,0.120792,0.024191,0.024585,0.177276,0.348253,,796700,,
0,6,,0.101923,0.052218,0.133394,0.037455,0.046009,0.292626,0.336376,,796100,,
0,6,,0.150608,0.036555,0.167803,0.016399,0.049646,0.156142,0.422846,,792900,,
0,6,,0.115256,0.183864,0.124011,0.024044,0.022883,0.193845,0.336097,,789600,,
0,6,,0.096765,0.072658,0.155732,0.051283,0.02217,0.294175,0.307216,,789800,,
0,6,,0.122785,0.071906,0.075201,0.013959,0.031446,0.293036,0.391667,,791300,,
0,6,,0.130396,0.042292,0.216741,0.051358,0.065045,0.156938,0.337229,,794600,,
0,6,,0.177674,0.061279,0.175833,0.025406,0.046783,0.156122,0.356904,,795500,,
0,2,,0.138194,0.040768,0.272757,0.061236,0.090992,0.131748,0.264306,,785700,,
0,6,,0.13427,0.054761,0.282149,0.039245,0.039665,0.14296,0.30695,,791600,,
0,6,,0.118666,0.200309,0.106265,0.007789,0.023863,0.201846,0.341261,,792100,,
0,6,,0.100449,0.176505,0.120855,0.024126,0.02496,0.18221,0.370895,,790900,,
0,6,,0.126691,0.047621,0.253711,0.046385,0.035462,0.177059,0.313072,,816700,,
0,6,,0.118084,0.086151,0.161849,0.048412,0.037189,0.171475,0.37684,,801100,,
0,6,,0.167154,0.050441,0.244294,0.041105,0.043056,0.152154,0.301795,,798500,,
0,6,,0.11896,0.05214,0.074058,0.013314,0.030586,0.325955,0.384987,,795800,,
0,6,,0.144693,0.036739,0.275466,0.031265,0.058576,0.138429,0.314832,,803800,,
0,6,,0.159737,0.044017,0.16515,0.032551,0.04137,0.181801,0.375374,,798000,,
0,6,,0.11896,0.05214,0.074058,0.013314,0.030586,0.325955,0.384987,,806800,,
0,6,,0.11831,0.144231,0.085771,0.012366,0.062219,0.228061,0.349041,,801200,,
0,6,,0.189491,0.036653,0.147109,0.017715,0.053402,0.159364,0.396265,,795300,,
0,6,,0.114053,0.03475,0.236839,0.047313,0.039633,0.182622,0.344791,,796200,,
0,6,,0.125734,0.073359,0.09848,0.011265,0.029148,0.236326,0.425687,,794400,,
0,6,,0.106732,0.190916,0.102569,0.014693,0.026213,0.187091,0.371786,,793200,,
0,6,,0.154337,0.014346,0.20896,0.043819,0.089008,0.179083,0.310448,,791900,,
0,6,,0.085868,0.072266,0.136963,0.049719,0.037135,0.288165,0.329884,,812800,,
0,6,,0.159773,0.036653,0.146701,0.018405,0.054347,0.16049,0.423631,,803400,,
0,6,,0.126905,0.041773,0.269504,0.039245,0.079972,0.147947,0.294655,,795500,,
0,6,,0.160289,0.034276,0.247818,0.040072,0.039781,0.159148,0.318618,,796500,,
0,6,,0.156576,0.107129,0.087118,0.009743,0.063617,0.226218,0.3496,,793000,,
1,6,,0.050927,0.192245,0.190962,0.031163,0.016361,0.188275,0.330067,,795000,,
1,6,,0.095259,0.212449,0.118203,0.016024,0.022296,0.219974,0.315795,,843200,,
1,6,,0.063167,0.230847,0.149282,0.013717,0.020082,0.195515,0.327389,,799900,,
1,6,,0.081369,0.183138,0.178367,0.020933,0.018682,0.188665,0.328846,,791100,,
1,6,,0.068192,0.258026,0.121651,0.015496,0.021275,0.203951,0.31141,,792700,,
1,6,,0.056888,0.194523,0.17819,0.03129,0.0159,0.206248,0.316962,,802800,,
1,6,,0.046659,0.215893,0.183998,0.008197,0.016003,0.177419,0.351832,,792100,,
1,6,,0.069217,0.201397,0.126847,0.034467,0.019655,0.219792,0.328625,,796500,,
1,6,,0.071827,0.143496,0.115196,0.047156,0.021853,0.271322,0.32915,,806900,,
1,6,,0.052466,0.187245,0.174039,0.031163,0.016361,0.201453,0.337274,,796100,,
1,6,,0.086803,0.232868,0.115047,0.016106,0.024187,0.184015,0.340975,,795900,,
1,6,,0.056166,0.229966,0.182596,0.002192,0.017558,0.153603,0.35792,,794300,,
1,6,,0.062256,0.244902,0.17003,0.007885,0.020091,0.162596,0.332241,,789300,,
1,6,,0.07489,0.226914,0.157386,0.007885,0.020397,0.17153,0.340999,,789900,,
1,6,,0.090736,0.195716,0.108414,0.01606,0.022642,0.24275,0.323683,,794300,,
1,6,,0.09372,0.232449,0.115126,0.016024,0.022296,0.20741,0.312975,,797300,,
1,6,,0.080085,0.230429,0.149361,0.013635,0.018191,0.202244,0.306056,,795600,,
1,6,,0.07372,0.232449,0.115126,0.016024,0.022296,0.20741,0.332975,,796100,,
1,6,,0.054031,0.214523,0.17819,0.01129,0.0159,0.206152,0.319914,,791700,,
1,6,,0.132123,0.090355,0.114066,0.019965,0.049466,0.172616,0.421409,,797900,,
1,6,,0.085613,0.224852,0.142836,0.014164,0.019211,0.205703,0.30762,,846200,,
1,6,,0.091412,0.23168,0.115126,0.016024,0.022039,0.209974,0.313744,,797300,,
1,2,,0.029738,0.042752,0.412475,0.101859,0.013793,0.107353,0.292029,,800700,,
1,6,,0.068446,0.233543,0.127459,0.043516,0.021863,0.193975,0.311199,,793300,,
1,6,,0.067569,0.199268,0.145657,0.020995,0.018667,0.206075,0.341768,,796900,,
1,6,,0.086462,0.216055,0.142899,0.014099,0.019586,0.210637,0.310262,,803600,,
1,6,,0.094569,0.218651,0.115189,0.015959,0.022671,0.216292,0.316669,,845700,,
1,6,,0.099661,0.231315,0.101142,0.016024,0.022486,0.208407,0.320965,,792800,,
1,6,,0.062899,0.236271,0.146565,0.012254,0.018201,0.20607,0.31774,,796400,,
1,6,,0.047507,0.207095,0.204061,0.008132,0.016378,0.185686,0.33114,,794500,,
1,6,,0.087961,0.200616,0.131176,0.012756,0.022685,0.184008,0.360796,,795600,,
1,6,,0.072877,0.206314,0.149207,0.005353,0.021371,0.170619,0.374258,,789200,,
1,6,,0.065335,0.230528,0.162504,0.009837,0.02021,0.178223,0.333363,,790800,,
1,6,,0.069457,0.234498,0.162306,0.002322,0.021389,0.16803,0.341998,,787500,,
1,6,,0.06308,0.215539,0.168768,0.001859,0.019994,0.159636,0.371125,,790200,,
1,6,,0.112743,0.231733,0.101063,0.016106,0.024377,0.185012,0.328965,,792800,,
1,2,,0.022617,0.063964,0.472031,0.054811,0.011345,0.090284,0.284946,,797400,,
1,6,,0.068448,0.242128,0.121651,0.015496,0.021275,0.200104,0.330897,,791900,,
2,2,,0.021315,0.040625,0.655585,0.011658,0.009311,0.090574,0.170932,,788100,,
2,2,,0.027604,0.041071,0.678273,0.011463,0.012225,0.066127,0.163237,,828500,,
2,2,,0.027604,0.041071,0.677819,0.011463,0.012225,0.066127,0.163691,,799700,,
2,2,,0.023315,0.040973,0.646802,0.015658,0.010111,0.074904,0.188237,,795400,,
2,2,,0.023315,0.04206,0.629208,0.016528,0.01098,0.076418,0.201491,,795300,,
2,2,,0.027604,0.041071,0.677819,0.011463,0.012225,0.066127,0.163691,,793300,,
2,2,,0.023315,0.040973,0.626802,0.015658,0.010111,0.094904,0.188237,,812600,,
2,2,,0.021315,0.040625,0.655585,0.011658,0.009311,0.090574,0.170932,,793600,,
2,2,,0.023315,0.040973,0.626802,0.015658,0.010111,0.094904,0.188237,,789900,,
2,6,,0.073946,0.039866,0.299921,0.073268,0.025816,0.167795,0.319389,,789000,,
2,2,,0.027604,0.041071,0.677819,0.011463,0.012225,0.066127,0.163691,,795600,,
2,2,,0.021315,0.040625,0.655585,0.011658,0.009311,0.090574,0.170932,,787700,,
2,2,,0.027604,0.041071,0.677819,0.011463,0.012225,0.066127,0.163691,,788700,,
2,2,,0.025829,0.043835,0.481255,0.057154,0.01282,0.091979,0.287128,,791400,,
2,2,,0.027604,0.041071,0.677819,0.011463,0.012225,0.066127,0.163691,,794000,,
2,2,,0.036052,0.04413,0.502553,0.074051,0.016929,0.087035,0.23925,,796000,,
2,2,,0.087248,0.041313,0.317277,0.073861,0.027128,0.163188,0.289984,,792600,,
2,6,,0.088568,0.034282,0.234332,0.072632,0.037919,0.168657,0.363611,,794400,,
2,2,,0.023315,0.040973,0.626802,0.015658,0.010111,0.094904,0.188237,,787700,,
2,2,,0.021315,0.040625,0.655585,0.011658,0.009311,0.090574,0.170932,,788500,,
2,2,,0.021315,0.040625,0.655585,0.011658,0.009311,0.090574,0.170932,,823300,,
2,2,,0.027604,0.041071,0.677819,0.011463,0.012225,0.066127,0.163691,,793700,,
2,2,,0.027604,0.041071,0.677819,0.011463,0.012225,0.066127,0.163691,,792800,,
2,2,,0.035932,0.063493,0.5496,0.024752,0.014248,0.083405,0.22857,,791900,,
2,2,,0.023315,0.040973,0.646802,0.015658,0.010111,0.074904,0.188237,,790500,,
2,2,,0.027604,0.041071,0.677819,0.011463,0.012225,0.066127,0.163691,,792000,,
2,2,,0.021315,0.040625,0.655585,0.011658,0.009311,0.090574,0.170932,,808500,,
2,2,,0.027483,0.044931,0.421378,0.09635,0.013443,0.101951,0.294465,,796200,,
2,2,,0.021315,0.040625,0.655585,0.011658,0.009311,0.090574,0.170932,,792000,,
2,2,,0.029604,0.041071,0.637757,0.015463,0.013025,0.0895,0.173581,,792400,,
2,6,,0.08568,0.042552,0.237708,0.078727,0.032587,0.174523,0.348223,,801700,,
2,2,,0.027604,0.041071,0.678273,0.011463,0.012225,0.066127,0.163237,,794400,,
2,2,,0.021315,0.040625,0.655585,0.011658,0.009311,0.090574,0.170932,,799300,,
2,2,,0.035932,0.063493,0.5496,0.024752,0.014248,0.083405,0.22857,,793900,,
2,2,,0.021315,0.040625,0.655585,0.011658,0.009311,0.090574,0.170932,,789100,,
2,2,,0.023315,0.040973,0.646802,0.015658,0.010111,0.074904,0.188237,,793600,,
2,2,,0.021315,0.040625,0.675585,0.011658,0.009311,0.070574,0.170932,,794700,,
2,2,,0.027604,0.041071,0.677819,0.011463,0.012225,0.066127,0.163691,,792500,,
2,2,,0.023315,0.040973,0.646802,0.015658,0.010111,0.074904,0.188237,,817100,,
2,2,,0.027604,0.041071,0.677819,0.011463,0.012225,0.066127,0.163691,,793200,,
2,2,,0.021315,0.040625,0.67371,0.011658,0.009311,0.073907,0.169474,,794300,,
2,6,,0.090482,0.043016,0.235502,0.078285,0.036049,0.1707,0.345966,,766700,,
2,2,,0.027604,0.041071,0.677819,0.011463,0.012225,0.066127,0.163691,,762300,,
2,2,,0.021315,0.040625,0.655585,0.011658,0.009311,0.090574,0.170932,,761700,,
2,2,,0.027604,0.041071,0.677819,0.011463,0.012225,0.066127,0.163691,,764300,,
2,2,,0.023315,0.040973,0.646802,0.015658,0.010111,0.074904,0.188237,,770200,,
2,2,,0.021315,0.040625,0.655585,0.011658,0.009311,0.090574,0.170932,,763900,,
2,2,,0.021315,0.040625,0.655585,0.011658,0.009311,0.090574,0.170932,,766600,,
2,2,,0.027604,0.041071,0.675498,0.011463,0.012225,0.0663,0.165839,,763800,,
2,6,,0.142878,0.040769,0.277608,0.041207,0.072216,0.134174,0.291148,,767000,,
2,2,,0.021315,0.040625,0.655585,0.011658,0.009311,0.090574,0.170932,,769800,,
2,6,,0.08568,0.042552,0.237708,0.078727,0.032587,0.174523,0.348223,,779900,,
2,2,,0.038861,0.044068,0.40746,0.124677,0.017223,0.101862,0.265848,,771000,,
2,2,,0.021315,0.040625,0.655585,0.011658,0.009311,0.090574,0.170932,,765900,,
2,2,,0.023315,0.040973,0.646802,0.015658,0.010111,0.074904,0.188237,,762200,,
2,2,,0.027604,0.041071,0.677819,0.011463,0.012225,0.066127,0.163691,,763200,,
2,2,,0.027604,0.041071,0.677819,0.011463,0.012225,0.066127,0.163691,,766400,,
2,2,,0.023315,0.040625,0.637843,0.015658,0.010111,0.093774,0.178674,,761000,,
2,2,,0.033584,0.044068,0.44017,0.116155,0.016171,0.095434,0.254419,,784800,,
2,2,,0.021315,0.040625,0.655585,0.011658,0.009311,0.090574,0.170932,,792500,,
2,2,,0.027604,0.041071,0.677819,0.011463,0.012225,0.066127,0.163691,,775000,,
2,2,,0.027604,0.041071,0.677819,0.011463,0.012225,0.066127,0.163691,,776100,,
2,2,,0.027604,0.041071,0.677819,0.011463,0.012225,0.066127,0.163691,,779300,,
2,2,,0.10445,0.040855,0.358426,0.031564,0.04754,0.127371,0.289794,,774800,,
2,2,,0.021315,0.040625,0.655585,0.011658,0.009311,0.090574,0.170932,,783400,,
2,2,,0.027604,0.041071,0.677819,0.011463,0.012225,0.066127,0.163691,,772400,,
2,2,,0.023315,0.040973,0.626802,0.015658,0.010111,0.094904,0.188237,,782300,,
2,2,,0.023315,0.040973,0.646802,0.015658,0.010111,0.074904,0.188237,,778200,,
2,2,,0.028288,0.048989,0.642104,0.01152,0.0124,0.088445,0.168254,,772900,,
2,2,,0.021315,0.040625,0.655585,0.011658,0.009311,0.090574,0.170932,,778700,,
2,2,,0.021315,0.040625,0.655585,0.011658,0.009311,0.090574,0.170932,,781500,,
2,2,,0.027604,0.041071,0.677819,0.011463,0.012225,0.066127,0.163691,,773100,,
2,2,,0.023315,0.040973,0.626802,0.015658,0.010111,0.094904,0.188237,,774800,,
2,6,,0.090482,0.043016,0.235502,0.078285,0.036049,0.1707,0.345966,,782200,,
2,2,,0.021315,0.040625,0.655585,0.011658,0.009311,0.090574,0.170932,,773600,,
2,2,,0.021315,0.040625,0.655585,0.011658,0.009311,0.090574,0.170932,,765800,,
2,2,,0.021315,0.040625,0.655585,0.011658,0.009311,0.090574,0.170932,,766300,,
2,2,,0.021315,0.040625,0.655585,0.011658,0.009311,0.090574,0.170932,,817900,,
2,2,,0.021315,0.040625,0.655585,0.011658,0.009311,0.090574,0.170932,,765900,,
3,6,,0.053973,0.064879,0.244959,0.156851,0.020046,0.184692,0.274602,,770100,,
3,6,,0.052413,0.041233,0.228603,0.154646,0.024551,0.184194,0.314361,,764500,,
3,6,,0.061727,0.048157,0.207242,0.152661,0.02463,0.194924,0.310658,,777400,,
3,6,,0.058191,0.049311,0.212595,0.175164,0.024461,0.190604,0.289673,,795400,,
3,6,,0.057946,0.049944,0.220573,0.16088,0.025084,0.186674,0.298899,,794400,,
3,6,,0.05836,0.049311,0.209622,0.16819,0.025084,0.189422,0.300011,,820200,,
3,6,,0.051983,0.039232,0.217541,0.14704,0.043491,0.174505,0.326208,,798100,,
3,6,,0.061722,0.047434,0.229844,0.137148,0.024868,0.195606,0.303378,,796900,,
3,6,,0.060813,0.04848,0.240629,0.129651,0.023824,0.1903,0.306303,,798500,,
3,6,,0.061727,0.048157,0.207242,0.152661,0.02463,0.194924,0.310658,,793300,,
3,6,,0.062269,0.044766,0.200291,0.150369,0.043909,0.183142,0.315253,,800700,,
3,6,,0.061727,0.048157,0.227242,0.132661,0.02463,0.18159,0.323992,,804000,,
3,6,,0.061891,0.047434,0.226871,0.130174,0.02549,0.18109,0.327049,,795300,,
3,6,,0.073789,0.041768,0.226765,0.139075,0.03101,0.174134,0.313459,,802500,,
3,6,,0.061727,0.048157,0.227242,0.132661,0.02463,0.194924,0.310658,,798700,,
4,6,,0.080247,0.023751,0.13953,0.05402,0.042244,0.294895,0.365313,,801200,,
4,6,,0.110255,0.03667,0.237339,0.058697,0.0706,0.143679,0.342761,,803600,,
4,6,,0.10853,0.036932,0.23752,0.063556,0.069736,0.149322,0.334405,,833900,,
4,6,,0.138268,0.073592,0.158344,0.017245,0.071781,0.139744,0.401025,,793900,,
4,6,,0.139544,0.077943,0.159162,0.0211,0.085084,0.135069,0.382096,,791400,,
4,6,,0.057426,0.034832,0.170446,0.041062,0.043433,0.21564,0.437162,,794300,,
4,6,,0.114651,0.092711,0.084772,0.003817,0.026418,0.258264,0.419367,,796200,,
4,6,,0.139544,0.077943,0.159162,0.0211,0.085084,0.135069,0.382096,,793200,,
4,6,,0.139544,0.077943,0.159162,0.0211,0.085084,0.135069,0.382096,,851200,,
4,6,,0.157884,0.07088,0.181037,0.01704,0.045893,0.153094,0.374172,,797200,,
4,6,,0.132679,0.077122,0.173147,0.0211,0.082,0.134454,0.379498,,788600,,
5,6,,0.057837,0.142768,0.127295,0.010613,0.038061,0.260412,0.363014,,794200,,
5,6,,0.099747,0.0516,0.218744,0.090186,0.060757,0.146488,0.332478,,790600,,
5,2,,0.07212,0.040898,0.289302,0.107445,0.049023,0.173578,0.267633,,793300,,
5,6,,0.094837,0.089213,0.168992,0.048145,0.020855,0.281304,0.296654,,795600,,
5,6,,0.076512,0.142814,0.101271,0.015369,0.021284,0.293212,0.349538,,792800,,
5,6,,0.098454,0.091961,0.124378,0.012896,0.021863,0.270477,0.379971,,803600,,
5,6,,0.118366,0.042974,0.240337,0.067832,0.046424,0.164723,0.319343,,790000,,
5,6,,0.049461,0.174908,0.161554,0.008399,0.035522,0.186913,0.383243,,794700,,
5,6,,0.074336,0.041731,0.268266,0.10491,0.049117,0.177868,0.283772,,792500,,
5,6,,0.073544,0.208334,0.058568,0.004692,0.022963,0.259753,0.372146,,793500,,
5,6,,0.094837,0.089213,0.170325,0.048145,0.020855,0.273304,0.303321,,833800,,
5,6,,0.082278,0.09598,0.234386,0.00191,0.018057,0.214726,0.352664,,798700,,
5,6,,0.058032,0.141844,0.115395,0.014541,0.020614,0.256174,0.393399,,791800,,
5,6,,0.097555,0.024135,0.212238,0.063814,0.03427,0.192803,0.375185,,790200,,
5,6,,0.064177,0.056572,0.152771,0.014108,0.021964,0.297275,0.393132,,791000,,
5,6,,0.082385,0.088821,0.110092,0.022375,0.024663,0.285582,0.38608,,793300,,
5,6,,0.152525,0.074008,0.076047,0.016423,0.034129,0.240333,0.406536,,800900,,
5,6,,0.107987,0.034636,0.231775,0.056161,0.064006,0.160436,0.344999,,808500,,
5,6,,0.109161,0.097272,0.096136,0.025262,0.025229,0.305132,0.341807,,815600,,
5,6,,0.118651,0.04918,0.223157,0.053022,0.037938,0.183255,0.334797,,800500,,
5,6,,0.110306,0.049673,0.104879,0.017239,0.022874,0.334229,0.3608,,797200,,
5,6,,0.081365,0.041829,0.233911,0.102423,0.033062,0.177983,0.329428,,800700,,
5,6,,0.130362,0.050441,0.256765,0.051019,0.059723,0.156577,0.295113,,794300,,
5,6,,0.100476,0.119154,0.128407,0.01256,0.023739,0.26929,0.346373,,800700,,
5,6,,0.141577,0.05561,0.119315,0.02825,0.030093,0.255561,0.369594,,795200,,
5,6,,0.110738,0.050608,0.090726,0.016986,0.028145,0.317331,0.385466,,800200,,
5,2,,0.05314,0.05817,0.382224,0.097079,0.020847,0.131243,0.257298,,793400,,
5,6,,0.10187,0.051349,0.089836,0.016341,0.027285,0.334699,0.37862,,795800,,
5,6,,0.106141,0.108344,0.102975,0.012688,0.023841,0.291158,0.354854,,790300,,
5,6,,0.074652,0.072894,0.156512,0.042669,0.021194,0.302036,0.330043,,816600,,
5,6,,0.064592,0.124627,0.11432,0.033393,0.041982,0.286921,0.334165,,791800,,
5,6,,0.056031,0.121842,0.12837,0.031514,0.040018,0.23119,0.391035,,794200,,
5,6,,0.072411,0.139944,0.123933,0.012707,0.020412,0.268054,0.36254,,791800,,
5,6,,0.073401,0.161382,0.127229,0.030547,0.017791,0.202939,0.386712,,789800,,
5,6,,0.090017,0.047876,0.248999,0.08102,0.032913,0.168355,0.33082,,798200,,
5,6,,0.114054,0.051298,0.077442,0.020765,0.02915,0.333976,0.373315,,794200,,
5,6,,0.074499,0.106465,0.181804,0.092182,0.028946,0.164938,0.351166,,792500,,
5,6,,0.169608,0.03478,0.212315,0.040698,0.083693,0.167892,0.291014,,810400,,
5,6,,0.091076,0.087674,0.120278,0.108146,0.034356,0.177908,0.380562,,793100,,
5,6,,0.101581,0.031413,0.151316,0.043843,0.022818,0.305917,0.343111,,788300,,
5,5,,0.097955,0.032634,0.125766,0.03612,0.023999,0.356059,0.327468,,794500,,
5,6,,0.094715,0.119292,0.091236,0.012941,0.047386,0.27204,0.36239,,791500,,
5,2,,0.084689,0.042568,0.335373,0.047534,0.052761,0.153281,0.283794,,788800,,
5,6,,0.119037,0.050281,0.102637,0.010433,0.025171,0.293288,0.399153,,790600,,
5,6,,0.093909,0.057361,0.094228,0.029448,0.026624,0.326758,0.371672,,787400,,
5,6,,0.074837,0.089213,0.168992,0.048145,0.040855,0.281304,0.296654,,798900,,
5,6,,0.085081,0.196557,0.137707,0.011369,0.020685,0.207693,0.340908,,786600,,
5,6,,0.104666,0.0402,0.252142,0.062552,0.092818,0.138388,0.309233,,831600,,
5,6,,0.108393,0.0568,0.070262,0.003691,0.026516,0.305148,0.42919,,790800,,
5,6,,0.137267,0.093078,0.098282,0.036163,0.044592,0.177023,0.413594,,793200,,
5,6,,0.110726,0.121701,0.100989,0.009468,0.023609,0.280056,0.353451,,791500,,
5,6,,0.073883,0.154075,0.114575,0.014438,0.053939,0.234812,0.354278,,795100,,
5,2,,0.057772,0.041297,0.304393,0.11655,0.044012,0.171016,0.26496,,797200,,
5,6,,0.058999,0.078409,0.199598,0.070799,0.026188,0.139718,0.42629,,794600,,
5,6,,0.076285,0.04148,0.232271,0.121113,0.047713,0.187549,0.29359,,790700,,
5,6,,0.10567,0.043016,0.251743,0.078135,0.054996,0.167993,0.298447,,793300,,
5,6,,0.128855,0.077157,0.187337,0.018803,0.066839,0.131425,0.389585,,791200,,
5,6,,0.076509,0.051544,0.232707,0.107264,0.033032,0.17509,0.323854,,796600,,
5,6,,0.114737,0.042668,0.221986,0.047369,0.059808,0.184767,0.328664,,796500,,
5,6,,0.080747,0.142032,0.109396,0.022124,0.023913,0.26812,0.353667,,792900,,
5,6,,0.118366,0.042974,0.220337,0.087832,0.046424,0.164723,0.319343,,792500,,
5,6,,0.089297,0.139606,0.103881,0.012941,0.046824,0.269617,0.337835,,793100,,
5,6,,0.108092,0.041149,0.10583,0.018527,0.025352,0.306983,0.394068,,789200,,
5,6,,0.092409,0.059778,0.097465,0.026742,0.027899,0.286666,0.409041,,796800,,
5,6,,0.060605,0.141948,0.11432,0.013524,0.040034,0.27444,0.35513,,796400,,
5,6,,0.09666,0.195887,0.058569,0.004566,0.023099,0.25656,0.364659,,799400,,
5,6,,0.126955,0.042757,0.145784,0.033926,0.024194,0.295523,0.33086,,822800,,
5,6,,0.08094,0.13073,0.109251,0.015274,0.025998,0.273427,0.36438,,791600,,
5,6,,0.065981,0.129866,0.154617,0.00782,0.019759,0.233477,0.38848,,798900,,
5,6,,0.111443,0.113567,0.090517,0.017047,0.025766,0.297675,0.343986,,799800,,
5,6,,0.088251,0.074116,0.159605,0.022797,0.038623,0.283388,0.33322,,793800,,
5,6,,0.060254,0.045947,0.200363,0.03818,0.018776,0.256359,0.380121,,794300,,
5,6,,0.117996,0.089769,0.163247,0.04006,0.040898,0.269803,0.278225,,792000,,
5,2,,0.102746,0.016056,0.315429,0.026921,0.040848,0.187977,0.310023,,793300,,
5,6,,0.081597,0.123965,0.092991,0.013347,0.029798,0.279396,0.378906,,794700,,
5,6,,0.109161,0.097272,0.096136,0.025262,0.025229,0.305132,0.341807,,801500,,
5,6,,0.0756,0.040572,0.276664,0.124702,0.023609,0.153865,0.304987,,825700,,
5,6,,0.115028,0.051115,0.090979,0.016986,0.028145,0.292447,0.4053,,800000,,
5,6,,0.088744,0.049941,0.31519,0.047899,0.033814,0.137934,0.326478,,801700,,
5,6,,0.098025,0.093872,0.088273,0.010436,0.046938,0.278349,0.384107,,800000,,
5,6,,0.115103,0.107846,0.103969,0.014101,0.024643,0.288375,0.345963,,792300,,
6,6,,0.101346,0.108637,0.086366,0.010046,0.022401,0.307618,0.363586,,797400,,
6,6,,0.029445,0.043812,0.347845,0.09232,0.014981,0.10714,0.364458,,797200,,
6,2,,0.021315,0.040625,0.655585,0.011658,0.009311,0.090574,0.170932,,800500,,
6,6,,0.033819,0.043489,0.329987,0.085417,0.015787,0.119339,0.372161,,788800,,
6,2,,0.050084,0.022448,0.452493,0.02389,0.019521,0.105886,0.325679,,839900,,
6,6,,0.148757,0.042773,0.099398,0.022073,0.04835,0.1912,0.447448,,796500,,
6,6,,0.074933,0.097292,0.173489,0.078199,0.030885,0.153634,0.391568,,795200,,
6,6,,0.099299,0.041525,0.254122,0.062973,0.109706,0.143623,0.288752,,798200,,
6,6,,0.146245,0.090681,0.087324,0.009788,0.027652,0.267105,0.371205,,795600,,
6,6,,0.051066,0.136458,0.17098,0.057954,0.015345,0.213892,0.354305,,794800,,
6,6,,0.067302,0.055582,0.114846,0.028016,0.020786,0.331007,0.382462,,799500,,
6,6,,0.13231,0.039987,0.241927,0.044553,0.072606,0.157028,0.311589,,796100,,
6,6,,0.172444,0.054576,0.139607,0.008287,0.053894,0.145133,0.42606,,793600,,
6,6,,0.113592,0.222936,0.101125,0.016041,0.024752,0.189946,0.331608,,794400,,
6,6,,0.058999,0.078409,0.181106,0.076513,0.026188,0.141059,0.437727,,865200,,
6,6,,0.097604,0.078167,0.090518,0.02341,0.019157,0.29553,0.395614,,794300,,
6,2,,0.118136,0.042837,0.28227,0.050782,0.111321,0.131058,0.263596,,792200,,
6,6,,0.054076,0.051601,0.273532,0.137843,0.021527,0.18277,0.278651,,792800,,
6,6,,0.105468,0.133163,0.100346,0.012835,0.030414,0.210339,0.407436,,790300,,
6,2,,0.02981,0.051979,0.434879,0.07721,0.013489,0.101354,0.291279,,793800,,
6,6,,0.106474,0.115235,0.090148,0.021014,0.028534,0.275141,0.363455,,792100,,
6,6,,0.151935,0.032725,0.227123,0.041388,0.090643,0.162988,0.293199,,788900,,
6,6,,0.049368,0.117166,0.18299,0.005177,0.017625,0.200229,0.427445,,847800,,
6,2,,0.063355,0.036738,0.400779,0.038334,0.041891,0.102997,0.315906,,828100,,
6,6,,0.080342,0.075285,0.142732,0.076828,0.035296,0.201593,0.387924,,806000,,
6,6,,0.054343,0.062113,0.269832,0.133698,0.021416,0.182573,0.276026,,795800,,
6,6,,0.109511,0.050654,0.262509,0.059104,0.059936,0.145514,0.312773,,792100,,
6,6,,0.099457,0.092104,0.103482,0.013004,0.023902,0.300812,0.36724,,811000,,
6,6,,0.096439,0.048968,0.277911,0.064384,0.035484,0.157422,0.319392,,798000,,
6,2,,0.066277,0.044849,0.364946,0.086131,0.028352,0.140381,0.269064,,796800,,
6,6,,0.140588,0.055066,0.173965,0.006442,0.04948,0.139431,0.435029,,819500,,
6,6,,0.062959,0.051696,0.186194,0.097243,0.024838,0.170094,0.406976,,795600,,
6,6,,0.089753,0.092105,0.076454,0.025325,0.023175,0.317158,0.376032,,794400,,
6,6,,0.06941,0.044195,0.260572,0.1339,0.0212,0.171969,0.298754,,813300,,
6,2,,0.041755,0.04352,0.401807,0.088073,0.017284,0.109463,0.298098,,797700,,
6,6,,0.11199,0.043697,0.228558,0.077298,0.038642,0.172692,0.327123,,795000,,
6,6,,0.100923,0.108366,0.067197,0.009661,0.026886,0.289422,0.397546,,802500,,
6,6,,0.117426,0.089636,0.185625,0.016207,0.048007,0.120679,0.422421,,797200,,
6,2,,0.053323,0.052547,0.321461,0.129257,0.021821,0.157424,0.264167,,800600,,
6,6,,0.064684,0.052094,0.24978,0.115333,0.026392,0.166704,0.325014,,794600,,
6,6,,0.17534,0.05392,0.124269,0.008479,0.056865,0.142494,0.438634,,790400,,
6,6,,0.056745,0.034713,0.164084,0.047099,0.043585,0.239159,0.414614,,796000,,
6,2,,0.086847,0.04217,0.279008,0.086422,0.113548,0.130046,0.26196,,822900,,
6,6,,0.13571,0.049024,0.262439,0.041105,0.039417,0.156667,0.315638,,791400,,
6,6,,0.114372,0.051877,0.083266,0.016714,0.031748,0.288149,0.413874,,804000,,
6,6,,0.048734,0.125282,0.183381,0.005113,0.01737,0.196041,0.424078,,793000,,
6,6,,0.181281,0.052786,0.110284,0.008479,0.057055,0.143491,0.446624,,802400,,
6,6,,0.081723,0.124401,0.173695,0.034973,0.018752,0.267531,0.298925,,802300,,
6,6,,0.08474,0.048163,0.270786,0.066073,0.031385,0.17354,0.325313,,800600,,
6,6,,0.115166,0.107737,0.096326,0.025197,0.025662,0.281935,0.347977,,797300,,
6,6,,0.076708,0.033866,0.263479,0.096695,0.047815,0.205725,0.275713,,794200,,
6,6,,0.105468,0.133163,0.100346,0.012835,0.030414,0.210339,0.407436,,798500,,
6,6,,0.077851,0.208338,0.127229,0.010431,0.038982,0.211658,0.325511,,800000,,
6,6,,0.122126,0.070561,0.228888,0.056533,0.03949,0.124659,0.357742,,811100,,
6,2,,0.039942,0.036116,0.32531,0.128553,0.01946,0.146664,0.303955,,809300,,
6,6,,0.084817,0.140093,0.140239,0.00471,0.025109,0.201505,0.403527,,802400,,
6,6,,0.158826,0.088456,0.125792,0.014635,0.074367,0.136478,0.401447,,810400,,
6,2,,0.065144,0.043181,0.337716,0.071969,0.023063,0.157806,0.301122,,801000,,
6,6,,0.069985,0.123783,0.121841,0.025902,0.02079,0.281259,0.35644,,817500,,
6,6,,0.067782,0.043608,0.259996,0.119763,0.02761,0.164275,0.316966,,792700,,
6,6,,0.095458,0.22405,0.087376,0.01487,0.021656,0.219555,0.337035,,826400,,
6,6,,0.130237,0.087515,0.162308,0.025522,0.04906,0.141274,0.404084,,793700,,
6,6,,0.070615,0.079738,0.264526,0.050531,0.030635,0.122688,0.381268,,794800,,
6,6,,0.118883,0.063813,0.209276,0.022042,0.078937,0.136429,0.37062,,793700,,
6,6,,0.066435,0.098851,0.170108,0.049503,0.021238,0.270745,0.323121,,835100,,
6,6,,0.096519,0.087668,0.141742,0.085111,0.036417,0.161417,0.391125,,1273200,,
6,6,,0.113588,0.050558,0.078333,0.02141,0.03001,0.325941,0.380161,,812500,,
6,6,,0.105828,0.206184,0.051797,0.005947,0.023395,0.248454,0.358394,,802700,,
6,6,,0.060341,0.034511,0.144084,0.047099,0.044835,0.232549,0.43658,,805600,,
6,6,,0.117667,0.087032,0.178542,0.045849,0.046232,0.12511,0.399569,,800400,,
6,6,,0.112868,0.021298,0.187613,0.097216,0.030471,0.209549,0.340985,,842500,,
6,6,,0.09442,0.071716,0.17236,0.067942,0.059118,0.160601,0.373844,,816000,,
6,6,,0.100458,0.022946,0.207857,0.132876,0.026307,0.186298,0.323258,,821000,,
6,6,,0.118075,0.118696,0.086361,0.012835,0.030604,0.211336,0.422093,,802200,,
6,2,,0.043955,0.041002,0.462127,0.033412,0.016976,0.140753,0.261775,,800800,,
6,2,,0.099045,0.04407,0.383106,0.03197,0.03193,0.116654,0.293225,,798200,,
6,2,,0.038935,0.03394,0.339183,0.124005,0.019952,0.124576,0.319409,,791900,,
6,6,,0.081213,0.052191,0.155147,0.03489,0.028556,0.158951,0.489052,,787100,,
6,2,,0.117134,0.041339,0.329866,0.045473,0.068518,0.121263,0.276408,,819500,,
6,6,,0.076878,0.048189,0.296635,0.074687,0.028971,0.160077,0.314564,,792000,,
6,6,,0.117967,0.052124,0.055303,0.003605,0.023486,0.34761,0.399905,,798900,,
6,6,,0.069742,0.040891,0.272501,0.039184,0.024488,0.142987,0.410208,,806500,,
6,6,,0.106276,0.080623,0.204474,0.020959,0.043101,0.124717,0.419851,,796600,,
6,2,,0.033842,0.044019,0.520988,0.0721,0.016598,0.082062,0.230391,,797600,,
6,6,,0.107438,0.138178,0.044712,0.005612,0.024395,0.294729,0.384936,,804100,,
6,6,,0.098366,0.042974,0.227004,0.087832,0.038424,0.164723,0.340676,,800500,,
6,6,,0.165239,0.045667,0.144386,0.02689,0.045876,0.184891,0.387051,,797600,,
6,6,,0.103137,0.099846,0.161016,0.0304,0.021243,0.273561,0.310798,,795200,,
6,6,,0.030522,0.042766,0.314087,0.092843,0.016647,0.111263,0.39187,,808400,,
6,6,,0.122957,0.053107,0.175964,0.006863,0.046198,0.160619,0.434293,,805000,,
6,6,,0.097527,0.07297,0.191791,0.014853,0.036006,0.16053,0.426323,,832900,,
6,6,,0.130321,0.034466,0.136807,0.038945,0.06182,0.203572,0.394069,,796100,,
6,6,,0.116688,0.052098,0.087889,0.009977,0.027203,0.333665,0.372481,,812900,,
6,6,,0.123654,0.05557,0.233393,0.046573,0.061484,0.159335,0.31999,,803600,,
6,2,,0.056963,0.043269,0.338565,0.128946,0.041728,0.13664,0.253889,,796400,,
6,6,,0.076871,0.061765,0.204051,0.025566,0.031258,0.196999,0.403491,,802100,,
6,6,,0.091294,0.151227,0.044527,0.00548,0.026343,0.283626,0.397501,,811800,,
6,6,,0.114138,0.049242,0.069666,0.003794,0.023206,0.341085,0.398869,,824200,,
6,6,,0.036567,0.034924,0.324706,0.125198,0.020546,0.123509,0.33455,,796500,,
6,6,,0.123734,0.070291,0.183343,0.027255,0.078435,0.149504,0.36744,,795600,,
6,6,,0.070966,0.087989,0.181875,0.102384,0.028279,0.146458,0.382049,,799200,,
6,6,,0.14091,0.063826,0.090976,0.017882,0.028195,0.28751,0.370702,,795100,,
6,2,,0.065215,0.061304,0.339435,0.083867,0.04347,0.155231,0.251478,,796600,,
6,2,,0.028939,0.042752,0.46861,0.077154,0.013127,0.096966,0.272452,,793400,,
6,6,,0.109807,0.041282,0.218338,0.067411,0.08304,0.144646,0.335476,,809300,,
6,6,,0.103728,0.033651,0.255294,0.057227,0.036548,0.179986,0.333566,,796500,,
6,6,,0.133209,0.075615,0.175179,0.025123,0.045938,0.141461,0.403475,,804800,,
6,6,,0.106179,0.071485,0.243651,0.027924,0.07573,0.134252,0.34078,,792400,,
6,6,,0.059819,0.100215,0.159935,0.028131,0.016282,0.232997,0.402621,,801200,,
6,6,,0.154984,0.04789,0.240454,0.041105,0.042941,0.145664,0.326962,,794600,,
6,6,,0.048963,0.06795,0.351738,0.017548,0.020137,0.120094,0.373569,,797400,,
6,6,,0.150762,0.045127,0.144079,0.008701,0.06685,0.207407,0.377075,,805500,,
6,6,,0.07274,0.077729,0.227558,0.077148,0.027287,0.141176,0.376362,,794500,,
6,6,,0.121894,0.071935,0.076995,0.016986,0.03123,0.293062,0.387899,,816800,,
6,6,,0.069074,0.126,0.114226,0.008013,0.019985,0.280588,0.382114,,791300,,
6,6,,0.066727,0.233941,0.079222,0.001936,0.017927,0.219699,0.380547,,800900,,
6,6,,0.073344,0.137397,0.060025,0.00547,0.022264,0.279125,0.422376,,824600,,
6,6,,0.185117,0.052837,0.111624,0.008479,0.057171,0.147481,0.437291,,802800,,
6,6,,0.075187,0.064787,0.097228,0.022093,0.018487,0.301313,0.420905,,803300,,
6,6,,0.095658,0.10098,0.171923,0.0304,0.021053,0.28,0.299987,,799400,,
6,2,,0.101454,0.035088,0.308441,0.028238,0.083753,0.154064,0.288963,,799900,,
6,6,,0.126813,0.080572,0.158834,0.018448,0.064165,0.132933,0.418234,,796800,,
6,6,,0.111531,0.041021,0.238157,0.062552,0.115903,0.139004,0.291832,,800100,,
6,6,,0.140418,0.044417,0.152984,0.038695,0.081727,0.186299,0.355461,,796200,,
6,6,,0.099519,0.215199,0.06605,0.003584,0.021942,0.231471,0.362235,,808600,,
6,6,,0.162339,0.025512,0.220434,0.050354,0.040847,0.17151,0.329004,,791400,,
6,6,,0.036116,0.023763,0.357194,0.070583,0.012736,0.117394,0.382213,,790500,,
6,6,,0.02998,0.064026,0.357377,0.061865,0.015141,0.105736,0.365875,,784800,,
6,6,,0.087773,0.108036,0.086366,0.010046,0.025398,0.278421,0.40396,,796800,,
6,2,,0.065635,0.043858,0.325726,0.089526,0.026738,0.135343,0.313176,,793600,,
6,6,,0.119688,0.08169,0.165669,0.01615,0.048698,0.123488,0.444616,,813300,,
6,6,,0.103884,0.047961,0.284073,0.076601,0.024533,0.174773,0.288176,,793800,,
6,6,,0.081104,0.181156,0.104828,0.013325,0.039152,0.213466,0.366969,,792000,,
6,6,,0.119333,0.089532,0.181042,0.045849,0.046232,0.12761,0.390402,,817100,,
6,6,,0.128261,0.041131,0.249329,0.041542,0.081551,0.16502,0.293166,,820000,,