yeast,Tuned_CWT,test,0,NANOSECONDS,PREDICTIONS, Generated by ClassifierExperiments.java on 2022-05-16 02:09:33.    SYSTEMPROPERTIES:{user.name:matth,os.arch:amd64,os.name:Windows 10},ENDSYSTEMPROPERTIES
No parameter info
0.38127090301003347,93416200,119028600,-1,23569512,10,,-1,-1
0,2,,0.143656,0.15134,0.206238,0.053309,0.151289,0.180664,0.078052,0.014638,0.009336,0.011478,,672000,,
0,1,,0.273445,0.283197,0.160129,0.077742,0.087953,0.073748,0.013559,0.015205,0.010572,0.004451,,578300,,
0,0,,0.274667,0.245059,0.198389,0.058224,0.102796,0.06997,0.022777,0.010633,0.010254,0.007231,,575900,,
0,0,,0.2569,0.251644,0.139347,0.057001,0.116822,0.108455,0.033376,0.017945,0.009896,0.008614,,574100,,
0,1,,0.309748,0.316634,0.204333,0.064529,0.059547,0.007106,0.017405,0.009079,0.010391,0.001228,,576200,,
0,1,,0.275904,0.29799,0.151017,0.0777,0.086079,0.065885,0.016538,0.016513,0.010461,0.001914,,573600,,
0,1,,0.24881,0.25208,0.161188,0.066961,0.108218,0.097843,0.03033,0.015962,0.010507,0.008102,,579500,,
0,1,,0.248969,0.251366,0.151333,0.058571,0.112443,0.106732,0.035736,0.016236,0.009702,0.008912,,572200,,
0,0,,0.254655,0.208757,0.199522,0.040149,0.124877,0.097303,0.041669,0.011464,0.010095,0.011511,,574600,,
0,0,,0.291942,0.2864,0.133298,0.071846,0.093125,0.077773,0.014577,0.016251,0.009678,0.005109,,575000,,
0,1,,0.282145,0.302429,0.211335,0.062485,0.062856,0.033526,0.023184,0.009543,0.01031,0.002187,,572200,,
0,1,,0.264439,0.287797,0.146704,0.061038,0.108746,0.055345,0.043421,0.018116,0.010244,0.00415,,577400,,
0,0,,0.238774,0.232391,0.151925,0.04467,0.127347,0.122726,0.0438,0.017189,0.009922,0.011255,,570900,,
0,1,,0.189304,0.198121,0.184741,0.036493,0.141087,0.151252,0.058811,0.015629,0.009848,0.014714,,619600,,
0,1,,0.295829,0.332442,0.15112,0.091714,0.064501,0.026089,0.011526,0.01522,0.009691,0.001869,,573100,,
0,0,,0.217124,0.20001,0.199473,0.056207,0.131493,0.113037,0.052279,0.01144,0.009866,0.009072,,576000,,
0,1,,0.236061,0.238901,0.152992,0.044417,0.130249,0.101758,0.061085,0.016057,0.009956,0.008524,,485200,,
0,0,,0.278123,0.276856,0.217914,0.061432,0.083785,0.044479,0.015184,0.009518,0.010523,0.002187,,401700,,
0,0,,0.241441,0.224913,0.21066,0.0565,0.107396,0.098002,0.030273,0.011795,0.010653,0.008367,,400800,,
0,0,,0.288701,0.269903,0.215835,0.062485,0.08249,0.043582,0.014546,0.009789,0.01037,0.002299,,402000,,
0,1,,0.315992,0.343363,0.142362,0.078033,0.0565,0.033227,0.007257,0.012879,0.009812,0.000575,,398700,,
0,0,,0.219148,0.215714,0.154893,0.060199,0.133077,0.13064,0.045883,0.018661,0.010036,0.011748,,400200,,
0,2,,0.167458,0.163889,0.222799,0.029416,0.143095,0.173999,0.059946,0.014296,0.010129,0.014972,,404400,,
0,0,,0.242681,0.235104,0.145449,0.066357,0.123138,0.114966,0.035734,0.016679,0.00973,0.010162,,398800,,
0,1,,0.258765,0.264242,0.160367,0.057501,0.105656,0.094253,0.027585,0.013824,0.010014,0.007792,,402700,,
0,2,,0.181787,0.193753,0.226728,0.040512,0.125385,0.136545,0.064201,0.012599,0.01032,0.008169,,399500,,
0,0,,0.273057,0.270646,0.148515,0.07486,0.097323,0.083346,0.01856,0.017596,0.010413,0.005684,,398700,,
0,2,,0.164493,0.167887,0.224082,0.02817,0.140998,0.168026,0.069271,0.012911,0.010163,0.014,,397800,,
0,2,,0.198024,0.18212,0.212466,0.048997,0.135803,0.135703,0.051378,0.012629,0.009999,0.012882,,397700,,
0,0,,0.259679,0.258331,0.217414,0.061432,0.088918,0.074535,0.014546,0.009764,0.010583,0.004799,,398600,,
0,1,,0.285343,0.306931,0.134747,0.072837,0.094225,0.059042,0.01664,0.015591,0.009468,0.005177,,395000,,
0,1,,0.223021,0.235024,0.174794,0.049114,0.125018,0.117101,0.042618,0.011883,0.010027,0.011401,,397900,,
0,1,,0.282145,0.302429,0.211335,0.062485,0.062856,0.033526,0.023184,0.009543,0.01031,0.002187,,399500,,
0,1,,0.27746,0.279464,0.150517,0.0777,0.091213,0.075941,0.0159,0.016759,0.010522,0.004526,,401500,,
0,2,,0.113523,0.137871,0.214031,0.061669,0.172699,0.199351,0.060761,0.01583,0.00935,0.014914,,396200,,
0,1,,0.240192,0.246231,0.159376,0.053139,0.11614,0.109842,0.03919,0.016482,0.010339,0.009068,,394100,,
0,1,,0.254645,0.263414,0.145978,0.051573,0.119518,0.091622,0.034338,0.019526,0.010161,0.009225,,416500,,
0,1,,0.25096,0.255591,0.161652,0.074738,0.103539,0.092543,0.027082,0.016266,0.010556,0.007071,,395800,,
0,2,,0.188,0.166406,0.209355,0.047433,0.14135,0.153192,0.055933,0.014309,0.00959,0.014431,,397400,,
0,1,,0.260697,0.30885,0.189394,0.068052,0.065267,0.066816,0.015792,0.012377,0.010151,0.002605,,398100,,
0,0,,0.222875,0.205625,0.214003,0.037635,0.12913,0.108843,0.0524,0.010335,0.010185,0.008967,,397800,,
0,0,,0.246444,0.210247,0.211361,0.037849,0.127581,0.086663,0.050851,0.009996,0.010228,0.00878,,398600,,
0,1,,0.227685,0.228358,0.159717,0.043421,0.129815,0.125151,0.047393,0.01676,0.010289,0.011412,,400500,,
0,2,,0.169992,0.172905,0.213308,0.030218,0.143695,0.157698,0.077374,0.013246,0.010063,0.0115,,402700,,
0,0,,0.279048,0.261894,0.200102,0.057836,0.0986,0.051315,0.02856,0.009183,0.010007,0.003452,,393300,,
0,0,,0.214773,0.194772,0.205449,0.03452,0.132835,0.130854,0.051706,0.012196,0.010119,0.012777,,391800,,
0,1,,0.237729,0.248875,0.165476,0.056308,0.112849,0.108031,0.037115,0.014766,0.009675,0.009177,,394000,,
0,2,,0.21358,0.205404,0.217042,0.042004,0.120976,0.111217,0.060412,0.011843,0.010001,0.007523,,392900,,
0,0,,0.237906,0.196104,0.206538,0.054626,0.127844,0.102152,0.041341,0.011898,0.009975,0.011616,,390300,,
0,1,,0.220312,0.225004,0.168308,0.042035,0.130708,0.126793,0.048842,0.016053,0.010268,0.011676,,427300,,
0,1,,0.257186,0.259623,0.154463,0.067957,0.105152,0.09445,0.028021,0.015259,0.010174,0.007714,,392300,,
0,1,,0.263021,0.270958,0.139252,0.052569,0.116453,0.088229,0.03203,0.018823,0.009828,0.008837,,395300,,
0,1,,0.240593,0.243823,0.158058,0.057575,0.115508,0.110125,0.038045,0.016938,0.010035,0.009299,,393400,,
0,1,,0.255901,0.272154,0.14188,0.077815,0.108508,0.080835,0.025911,0.020018,0.009991,0.006987,,396200,,
0,1,,0.277288,0.313181,0.165695,0.077489,0.062489,0.062836,0.014207,0.014318,0.010666,0.001832,,382500,,
0,1,,0.264286,0.265011,0.145,0.068632,0.104987,0.093463,0.026407,0.014872,0.009807,0.007536,,380900,,
0,1,,0.328843,0.338358,0.123422,0.084177,0.058724,0.035101,0.005417,0.016004,0.009334,0.000621,,379600,,
0,1,,0.242238,0.256764,0.142787,0.067845,0.121718,0.095231,0.034761,0.019408,0.010036,0.009211,,382700,,
0,1,,0.296447,0.336451,0.135473,0.08187,0.063082,0.043631,0.013394,0.017828,0.010068,0.001757,,380700,,
0,0,,0.238296,0.232661,0.214891,0.051433,0.110533,0.087362,0.039195,0.009912,0.010081,0.005636,,391100,,
0,1,,0.270068,0.283154,0.171854,0.076746,0.086018,0.06714,0.015867,0.015908,0.010906,0.002339,,382600,,
0,0,,0.257201,0.252467,0.232099,0.064237,0.0855,0.067627,0.015707,0.011405,0.011152,0.002605,,386000,,
0,0,,0.242904,0.242722,0.15831,0.053392,0.116738,0.11081,0.037905,0.017615,0.010305,0.009299,,387500,,
0,0,,0.241662,0.223112,0.209955,0.047819,0.111505,0.102322,0.033362,0.010851,0.010244,0.009168,,385100,,
0,0,,0.253488,0.245898,0.146544,0.05132,0.119054,0.11071,0.034986,0.018639,0.010255,0.009106,,384800,,
0,0,,0.246567,0.233986,0.21526,0.054779,0.102485,0.091836,0.026602,0.011094,0.010063,0.007328,,385800,,
0,0,,0.257141,0.256924,0.140243,0.104619,0.109939,0.06645,0.035968,0.014222,0.009455,0.005039,,386800,,
0,2,,0.161707,0.158274,0.208268,0.047988,0.145458,0.178193,0.059825,0.015401,0.00981,0.015077,,383600,,
0,0,,0.237617,0.234875,0.152492,0.044417,0.126883,0.121814,0.044447,0.016302,0.010016,0.011136,,384700,,
0,0,,0.204749,0.179058,0.202339,0.032956,0.138383,0.148343,0.056261,0.013875,0.00971,0.014326,,383500,,
0,1,,0.243845,0.244393,0.158864,0.048194,0.120769,0.111119,0.038693,0.014071,0.009962,0.010091,,385300,,
0,1,,0.269654,0.318856,0.15226,0.094224,0.068744,0.050406,0.016313,0.017282,0.010242,0.002019,,385100,,
0,0,,0.291334,0.286866,0.211074,0.063732,0.06408,0.045119,0.014002,0.010986,0.01039,0.002418,,386200,,
0,0,,0.238789,0.232737,0.223935,0.057292,0.104455,0.080868,0.036147,0.010377,0.010802,0.004597,,390600,,
0,2,,0.119022,0.14139,0.203258,0.063716,0.172396,0.199023,0.060864,0.016166,0.009251,0.014914,,384500,,
0,1,,0.265105,0.288424,0.132572,0.094053,0.098994,0.067127,0.019433,0.018364,0.01026,0.00567,,385700,,
0,0,,0.21593,0.192289,0.204883,0.034772,0.1333,0.131765,0.051058,0.013083,0.010025,0.012896,,385200,,
0,1,,0.288455,0.309089,0.159712,0.090328,0.065394,0.047731,0.012975,0.014513,0.00967,0.002134,,384200,,
0,2,,0.167458,0.163889,0.222799,0.029416,0.143095,0.173999,0.059946,0.014296,0.010129,0.014972,,385000,,
0,0,,0.246444,0.210247,0.211361,0.037849,0.127581,0.086663,0.050851,0.009996,0.010228,0.00878,,384200,,
0,1,,0.227685,0.229858,0.159717,0.043421,0.132815,0.115151,0.055393,0.01676,0.010289,0.008912,,385400,,
0,0,,0.264126,0.263212,0.148613,0.063734,0.105569,0.09445,0.027896,0.014956,0.009729,0.007714,,384300,,
0,0,,0.254645,0.243414,0.145978,0.051573,0.119518,0.111622,0.034338,0.019526,0.010161,0.009225,,384600,,
0,0,,0.249156,0.205238,0.210295,0.038101,0.125179,0.097631,0.041565,0.011129,0.010194,0.011511,,387500,,
0,0,,0.238774,0.232391,0.151925,0.04467,0.127347,0.122726,0.0438,0.017189,0.009922,0.011255,,383700,,
0,1,,0.268358,0.290853,0.174786,0.076103,0.083248,0.064422,0.016293,0.013365,0.010585,0.001985,,386900,,
0,0,,0.25128,0.250265,0.151585,0.054388,0.113673,0.107417,0.035597,0.016912,0.009972,0.008912,,383300,,
0,0,,0.253931,0.244238,0.149206,0.049833,0.120473,0.110444,0.035959,0.01591,0.009949,0.010057,,386900,,
0,1,,0.236061,0.238901,0.152992,0.044417,0.130249,0.101758,0.061085,0.016057,0.009956,0.008524,,410000,,
0,0,,0.231086,0.204135,0.202164,0.039935,0.126426,0.119483,0.043218,0.011803,0.010052,0.011698,,382900,,
0,1,,0.259164,0.266964,0.155129,0.062309,0.104449,0.093,0.028443,0.013023,0.009845,0.007673,,385700,,
0,1,,0.277288,0.313181,0.165695,0.077489,0.062489,0.062836,0.014207,0.014318,0.010666,0.001832,,382100,,
0,1,,0.241313,0.255108,0.180487,0.05681,0.107452,0.097518,0.030389,0.012543,0.010013,0.008367,,389900,,
1,0,,0.24811,0.239933,0.21781,0.069153,0.091248,0.08507,0.021073,0.012787,0.010772,0.004043,,383300,,
1,0,,0.254645,0.243414,0.145978,0.051573,0.119518,0.111622,0.034338,0.019526,0.010161,0.009225,,384900,,
1,0,,0.219148,0.215714,0.154893,0.060199,0.133077,0.13064,0.045883,0.018661,0.010036,0.011748,,382800,,
1,1,,0.267356,0.306663,0.17292,0.076493,0.065421,0.066172,0.017153,0.014775,0.010939,0.002108,,381500,,
1,0,,0.2314,0.229038,0.160517,0.043284,0.12824,0.124369,0.045249,0.016482,0.009901,0.01152,,381500,,
1,1,,0.265821,0.270503,0.144212,0.065404,0.104035,0.09227,0.026212,0.014505,0.009511,0.007527,,382900,,
1,0,,0.247363,0.240801,0.201475,0.053694,0.108681,0.084853,0.037749,0.009908,0.010025,0.005449,,382800,,
1,0,,0.270006,0.266733,0.146224,0.059764,0.10525,0.092955,0.026207,0.015293,0.010042,0.007527,,380600,,
1,0,,0.238296,0.232661,0.214891,0.051433,0.110533,0.087362,0.039195,0.009912,0.010081,0.005636,,384300,,
1,1,,0.241436,0.248726,0.16978,0.065575,0.109111,0.099485,0.031779,0.015255,0.010486,0.008367,,382600,,
1,0,,0.289672,0.287426,0.146686,0.091461,0.089036,0.055177,0.012173,0.014333,0.009785,0.00425,,382100,,
1,1,,0.328278,0.337909,0.112328,0.081151,0.082757,0.023907,0.005357,0.015825,0.009376,0.003112,,385000,,
1,0,,0.230398,0.224848,0.158651,0.043674,0.130413,0.126119,0.046108,0.017892,0.010256,0.011643,,382200,,
1,0,,0.230398,0.224848,0.158651,0.043674,0.130413,0.126119,0.046108,0.017892,0.010256,0.011643,,383500,,
1,1,,0.272366,0.295347,0.151193,0.094477,0.069342,0.071374,0.015028,0.018415,0.010208,0.00225,,387500,,
1,0,,0.230398,0.224848,0.158651,0.043674,0.130413,0.126119,0.046108,0.017892,0.010256,0.011643,,386000,,
1,1,,0.227685,0.231358,0.159717,0.043421,0.133315,0.105151,0.063393,0.01676,0.010289,0.008912,,397900,,
1,0,,0.290496,0.258292,0.130134,0.07447,0.110694,0.078288,0.022416,0.017974,0.009679,0.007557,,402800,,
1,1,,0.257201,0.272467,0.232099,0.064237,0.0655,0.067627,0.015707,0.011405,0.011152,0.002605,,416600,,
1,1,,0.20519,0.22546,0.188171,0.047588,0.120511,0.123854,0.054428,0.014178,0.010099,0.010523,,395300,,
1,0,,0.242904,0.242722,0.15831,0.053392,0.116738,0.11081,0.037905,0.017615,0.010305,0.009299,,388100,,
1,0,,0.2314,0.229038,0.160517,0.043284,0.12824,0.124369,0.045249,0.016482,0.009901,0.01152,,387900,,
1,1,,0.233833,0.282968,0.14494,0.125354,0.107434,0.0675,0.011422,0.015125,0.009836,0.001588,,387200,,
1,0,,0.283568,0.230544,0.187006,0.042993,0.119541,0.068963,0.037176,0.009892,0.009996,0.010322,,383700,,
1,1,,0.279034,0.292435,0.134957,0.057692,0.110432,0.062798,0.031926,0.016072,0.009932,0.004721,,383600,,
1,2,,0.172346,0.181606,0.222254,0.05803,0.126683,0.156127,0.047299,0.013867,0.010161,0.011627,,382700,,
1,1,,0.311102,0.325649,0.148298,0.076242,0.060407,0.040615,0.01175,0.014476,0.009697,0.001764,,385600,,
1,1,,0.239437,0.246307,0.158624,0.057323,0.115044,0.109213,0.038692,0.016051,0.010129,0.00918,,382700,,
1,0,,0.280594,0.266267,0.14214,0.051504,0.114615,0.081622,0.030728,0.013538,0.009933,0.009058,,385900,,
1,1,,0.267194,0.301563,0.161371,0.094266,0.065618,0.06827,0.013335,0.015974,0.010353,0.002056,,383300,,
1,0,,0.234419,0.222877,0.202119,0.068549,0.10988,0.101556,0.031208,0.011128,0.010023,0.008241,,382200,,
1,0,,0.24602,0.239237,0.229555,0.062421,0.090583,0.084205,0.02091,0.012197,0.010837,0.004035,,383000,,
1,0,,0.234655,0.208757,0.199522,0.040149,0.124877,0.117303,0.041669,0.011464,0.010095,0.011511,,391000,,
1,1,,0.241485,0.293359,0.195741,0.067755,0.067822,0.07742,0.03058,0.012199,0.010575,0.003063,,408300,,
1,1,,0.227685,0.231358,0.159717,0.043421,0.133315,0.105151,0.063393,0.01676,0.010289,0.008912,,388600,,
1,0,,0.297953,0.278616,0.198723,0.064532,0.0811,0.043254,0.013562,0.009907,0.010271,0.002081,,387300,,
1,0,,0.318284,0.304524,0.116986,0.081084,0.08937,0.051594,0.008725,0.015955,0.009319,0.00416,,384200,,
1,1,,0.270068,0.283154,0.171854,0.076746,0.086018,0.06714,0.015867,0.015908,0.010906,0.002339,,387600,,
1,1,,0.28351,0.296954,0.157519,0.074975,0.083385,0.063748,0.013299,0.01479,0.009867,0.001951,,386500,,
1,2,,0.199181,0.179636,0.211899,0.04925,0.136267,0.136615,0.050731,0.013516,0.009905,0.013001,,386500,,
1,0,,0.238094,0.21849,0.212597,0.047605,0.113054,0.104503,0.034911,0.011191,0.010201,0.009355,,384600,,
1,2,,0.169548,0.164585,0.211054,0.036148,0.14376,0.174864,0.060109,0.014886,0.010064,0.014981,,387100,,
1,1,,0.332252,0.341181,0.124393,0.079492,0.057757,0.033907,0.005357,0.015749,0.0093,0.000612,,383000,,
1,1,,0.311095,0.343664,0.124959,0.07924,0.077293,0.032995,0.006004,0.014862,0.009394,0.000493,,384900,,
1,1,,0.292139,0.330024,0.140607,0.092514,0.062474,0.044168,0.012811,0.014112,0.009511,0.001638,,384000,,
1,0,,0.352252,0.341181,0.124393,0.079492,0.057757,0.013907,0.005357,0.015749,0.0093,0.000612,,385800,,
1,1,,0.260309,0.274467,0.140319,0.052316,0.115855,0.087261,0.033315,0.017691,0.009862,0.008606,,387000,,
1,1,,0.265821,0.270503,0.144212,0.065404,0.104035,0.09227,0.026212,0.014505,0.009511,0.007527,,382500,,
1,1,,0.193976,0.203439,0.161238,0.065127,0.138301,0.149759,0.04952,0.017444,0.009541,0.011655,,381900,,
1,2,,0.167458,0.163889,0.222799,0.029416,0.143095,0.173999,0.059946,0.014296,0.010129,0.014972,,384000,,
1,1,,0.292215,0.308187,0.120876,0.060789,0.102828,0.065482,0.01751,0.015878,0.00986,0.006375,,382600,,
1,2,,0.184753,0.188256,0.225445,0.041758,0.124483,0.152517,0.046876,0.013985,0.010286,0.011641,,382400,,
1,1,,0.280904,0.32799,0.156017,0.0777,0.066079,0.045885,0.016538,0.016513,0.010461,0.001914,,385500,,
1,0,,0.230398,0.224848,0.158651,0.043674,0.130413,0.126119,0.046108,0.017892,0.010256,0.011643,,388300,,
1,1,,0.257186,0.259623,0.154463,0.067957,0.105152,0.09445,0.028021,0.015259,0.010174,0.007714,,384100,,
1,0,,0.21593,0.192289,0.204883,0.034772,0.1333,0.131765,0.051058,0.013083,0.010025,0.012896,,385100,,
1,0,,0.25128,0.250265,0.151585,0.054388,0.113673,0.107417,0.035597,0.016912,0.009972,0.008912,,382700,,
1,2,,0.211756,0.193413,0.212772,0.040626,0.125011,0.133362,0.047954,0.013262,0.009859,0.011983,,384200,,
1,1,,0.291339,0.302311,0.208361,0.069213,0.060014,0.0383,0.009465,0.009334,0.010425,0.001237,,383100,,
1,1,,0.304367,0.325086,0.155944,0.074936,0.061238,0.040599,0.013035,0.013318,0.009944,0.001533,,383100,,
1,1,,0.27243,0.316262,0.16805,0.077611,0.063209,0.064059,0.013189,0.013237,0.009917,0.002038,,382300,,
1,1,,0.277288,0.313181,0.165695,0.077489,0.062489,0.062836,0.014207,0.014318,0.010666,0.001832,,382000,,
1,1,,0.271104,0.310304,0.154328,0.091248,0.065585,0.067358,0.013722,0.014672,0.009741,0.001937,,386300,,
1,0,,0.25128,0.250265,0.151585,0.054388,0.113673,0.107417,0.035597,0.016912,0.009972,0.008912,,384100,,
1,1,,0.296303,0.324108,0.208833,0.064529,0.05918,0.017162,0.008768,0.009325,0.010451,0.00134,,390400,,
1,0,,0.246444,0.210247,0.211361,0.037849,0.127581,0.086663,0.050851,0.009996,0.010228,0.00878,,387200,,
1,2,,0.156496,0.162752,0.206889,0.064977,0.163205,0.157446,0.05177,0.014281,0.009346,0.012838,,386000,,
1,1,,0.240192,0.249231,0.159376,0.053139,0.11964,0.089842,0.05519,0.016482,0.010339,0.006568,,385500,,
1,0,,0.352252,0.341181,0.124393,0.079492,0.057757,0.013907,0.005357,0.015749,0.0093,0.000612,,382500,,
1,1,,0.189304,0.198121,0.184741,0.036493,0.141087,0.151252,0.058811,0.015629,0.009848,0.014714,,383500,,
1,2,,0.179964,0.181763,0.222458,0.039134,0.129421,0.15869,0.051743,0.014019,0.010179,0.012629,,386700,,
1,2,,0.214228,0.227587,0.239241,0.060929,0.094993,0.109533,0.024698,0.012954,0.011157,0.004681,,387200,,
1,0,,0.29138,0.276837,0.145647,0.068497,0.098389,0.065776,0.022905,0.014555,0.009526,0.006488,,409200,,
1,0,,0.225723,0.215172,0.205609,0.044237,0.122027,0.105489,0.052141,0.011673,0.010108,0.007821,,387800,,
1,0,,0.296202,0.250551,0.197601,0.054996,0.101844,0.048777,0.022582,0.010266,0.009959,0.007222,,384100,,
1,1,,0.318704,0.319854,0.141296,0.078286,0.077098,0.034195,0.005972,0.014011,0.009778,0.000806,,387500,,
1,1,,0.269548,0.31133,0.154828,0.091248,0.065452,0.067302,0.01436,0.014427,0.009681,0.001825,,391400,,
1,0,,0.229241,0.227332,0.159217,0.043421,0.129948,0.125207,0.046755,0.017005,0.01035,0.011524,,385100,,
1,1,,0.289377,0.313769,0.134217,0.09292,0.06516,0.065801,0.010911,0.016958,0.009213,0.001675,,383800,,
1,1,,0.254474,0.263133,0.155529,0.067704,0.104554,0.093482,0.029307,0.014127,0.010207,0.007483,,384200,,
1,1,,0.253488,0.265898,0.146544,0.05132,0.119054,0.09071,0.034986,0.018639,0.010255,0.009106,,383900,,
1,0,,0.315131,0.304846,0.119688,0.074103,0.093527,0.035852,0.030641,0.014814,0.009238,0.002161,,382500,,
1,0,,0.261864,0.237283,0.212249,0.051647,0.108984,0.065181,0.037646,0.009573,0.010124,0.005449,,382000,,
1,1,,0.267766,0.282244,0.213716,0.063518,0.065629,0.067299,0.015551,0.011326,0.010347,0.002605,,387000,,
1,0,,0.29763,0.247391,0.186166,0.05271,0.106,0.05371,0.028335,0.00986,0.010106,0.008091,,383000,,
1,1,,0.28351,0.316954,0.157519,0.074975,0.063385,0.063748,0.013299,0.01479,0.009867,0.001951,,383800,,
2,2,,0.164049,0.161067,0.221827,0.034101,0.144062,0.175192,0.060006,0.014551,0.010163,0.014981,,381500,,
2,2,,0.167458,0.163889,0.222799,0.029416,0.143095,0.173999,0.059946,0.014296,0.010129,0.014972,,384000,,
2,1,,0.189636,0.206375,0.205646,0.100395,0.133714,0.104263,0.029716,0.011831,0.010234,0.008191,,384100,,
2,0,,0.222875,0.204125,0.214003,0.037635,0.12613,0.118843,0.0444,0.010335,0.010185,0.011467,,381800,,
2,2,,0.210347,0.196385,0.213555,0.03938,0.123047,0.127445,0.056642,0.012122,0.009953,0.011123,,388800,,
2,2,,0.113523,0.137871,0.214031,0.061669,0.172699,0.199351,0.060761,0.01583,0.00935,0.014914,,387100,,
2,1,,0.175306,0.201314,0.150449,0.075674,0.159552,0.150559,0.04757,0.018539,0.009571,0.011466,,383800,,
2,2,,0.167458,0.163889,0.222799,0.029416,0.143095,0.173999,0.059946,0.014296,0.010129,0.014972,,382600,,
2,2,,0.155051,0.157239,0.219608,0.045689,0.145296,0.177608,0.060369,0.014179,0.010003,0.014958,,383900,,
2,0,,0.219148,0.215714,0.154893,0.060199,0.133077,0.13064,0.045883,0.018661,0.010036,0.011748,,382600,,
2,2,,0.162639,0.164038,0.22261,0.032855,0.142098,0.169276,0.068693,0.013411,0.010257,0.014121,,384000,,
2,5,,0.162821,0.16886,0.12702,0.111493,0.165937,0.175613,0.047516,0.019879,0.009223,0.011637,,385100,,
2,2,,0.168714,0.172629,0.218701,0.055659,0.132086,0.163212,0.051519,0.014788,0.009959,0.012734,,382600,,
2,1,,0.251445,0.290666,0.176688,0.091884,0.069576,0.073305,0.017092,0.01597,0.010665,0.002709,,382000,,
2,2,,0.184753,0.188256,0.225445,0.041758,0.124483,0.152517,0.046876,0.013985,0.010286,0.011641,,382700,,
2,1,,0.20135,0.206792,0.152646,0.066513,0.137408,0.148116,0.048071,0.018151,0.009562,0.01139,,385500,,
2,5,,0.099881,0.107901,0.191168,0.077236,0.19862,0.223493,0.061354,0.016283,0.009096,0.014967,,384200,,
2,2,,0.167458,0.163889,0.222799,0.029416,0.143095,0.173999,0.059946,0.014296,0.010129,0.014972,,390800,,
2,2,,0.167458,0.163889,0.222799,0.029416,0.143095,0.173999,0.059946,0.014296,0.010129,0.014972,,387200,,
2,2,,0.198528,0.202848,0.230011,0.054237,0.111546,0.133742,0.035853,0.013058,0.010773,0.009404,,384700,,
2,2,,0.168714,0.172629,0.218701,0.055659,0.132086,0.163212,0.051519,0.014788,0.009959,0.012734,,386000,,
2,1,,0.264679,0.265831,0.222414,0.061432,0.083918,0.064535,0.014546,0.009764,0.010583,0.002299,,381900,,
2,2,,0.156208,0.154755,0.219041,0.045941,0.14576,0.17852,0.059722,0.015066,0.009909,0.015077,,384000,,
2,2,,0.164493,0.167887,0.224082,0.02817,0.140998,0.168026,0.069271,0.012911,0.010163,0.014,,383600,,
2,2,,0.183596,0.19074,0.226011,0.041506,0.124018,0.151605,0.047523,0.013098,0.01038,0.011522,,383300,,
2,2,,0.164493,0.169387,0.224082,0.02817,0.143998,0.158026,0.077271,0.012911,0.010163,0.0115,,402600,,
2,2,,0.173503,0.179122,0.221688,0.058283,0.127147,0.157039,0.046651,0.014754,0.010067,0.011746,,383700,,
2,2,,0.155051,0.157239,0.219608,0.045689,0.145296,0.177608,0.060369,0.014179,0.010003,0.014958,,380600,,
2,2,,0.112113,0.143843,0.214814,0.060422,0.174235,0.173435,0.085448,0.014691,0.009444,0.011555,,389500,,
2,2,,0.166301,0.166373,0.223365,0.029164,0.142631,0.173087,0.060594,0.01341,0.010223,0.014853,,382300,,
2,0,,0.321802,0.307627,0.198059,0.066576,0.058878,0.016835,0.008871,0.00966,0.010352,0.00134,,384500,,
2,1,,0.250363,0.26524,0.219347,0.064215,0.069816,0.082965,0.021661,0.011646,0.010832,0.003916,,382600,,
2,0,,0.222937,0.206643,0.215316,0.042443,0.119928,0.116785,0.042752,0.01247,0.010174,0.010553,,383400,,
2,2,,0.210431,0.18877,0.215657,0.032725,0.133602,0.132093,0.050955,0.012747,0.010124,0.012896,,386200,,
2,1,,0.252662,0.269003,0.163663,0.093018,0.093219,0.08075,0.01629,0.01579,0.01078,0.004825,,384000,,
2,2,,0.112113,0.140843,0.214814,0.060422,0.170735,0.193435,0.069448,0.014691,0.009444,0.014055,,386200,,
2,0,,0.25008,0.243075,0.145573,0.056005,0.120021,0.111903,0.035046,0.018894,0.01029,0.009114,,386000,,
2,2,,0.173503,0.179122,0.221688,0.058283,0.127147,0.157039,0.046651,0.014754,0.010067,0.011746,,384000,,
2,2,,0.169548,0.164585,0.211054,0.036148,0.14376,0.174864,0.060109,0.014886,0.010064,0.014981,,384400,,
2,2,,0.113523,0.137871,0.214031,0.061669,0.172699,0.199351,0.060761,0.01583,0.00935,0.014914,,384900,,
2,2,,0.156208,0.154755,0.219041,0.045941,0.14576,0.17852,0.059722,0.015066,0.009909,0.015077,,383800,,
2,2,,0.166301,0.166373,0.223365,0.029164,0.142631,0.173087,0.060594,0.01341,0.010223,0.014853,,390700,,
2,0,,0.21593,0.192289,0.204883,0.034772,0.1333,0.131765,0.051058,0.013083,0.010025,0.012896,,382000,,
2,0,,0.222937,0.206643,0.215316,0.042443,0.119928,0.116785,0.042752,0.01247,0.010174,0.010553,,384400,,
2,2,,0.154798,0.157727,0.219824,0.044695,0.143796,0.172604,0.068409,0.013926,0.010003,0.014217,,385300,,
2,2,,0.167458,0.163889,0.222799,0.029416,0.143095,0.173999,0.059946,0.014296,0.010129,0.014972,,384700,,
2,1,,0.217991,0.218198,0.15546,0.059946,0.132613,0.129728,0.046531,0.017774,0.01013,0.011629,,384200,,
2,2,,0.166301,0.166373,0.223365,0.029164,0.142631,0.173087,0.060594,0.01341,0.010223,0.014853,,383500,,
2,1,,0.241436,0.248726,0.16978,0.065575,0.109111,0.099485,0.031779,0.015255,0.010486,0.008367,,385300,,
3,1,,0.208198,0.242181,0.120534,0.157612,0.1039,0.119676,0.016376,0.020147,0.009141,0.002236,,387700,,
3,0,,0.225597,0.225359,0.139974,0.074412,0.126514,0.133619,0.036301,0.019785,0.009467,0.008972,,385300,,
3,1,,0.187277,0.217501,0.146029,0.135019,0.144134,0.121606,0.01844,0.017702,0.009598,0.002695,,384600,,
3,4,,0.162821,0.16886,0.12702,0.091493,0.185937,0.175613,0.047516,0.019879,0.009223,0.011637,,383000,,
3,1,,0.230156,0.244922,0.120737,0.15268,0.134982,0.076573,0.012532,0.016297,0.009,0.002121,,384400,,
3,1,,0.192966,0.212945,0.110384,0.14152,0.157237,0.125673,0.026327,0.016258,0.00919,0.007499,,387000,,
3,1,,0.18965,0.213354,0.132437,0.136405,0.148241,0.129963,0.016991,0.018409,0.009619,0.00493,,383800,,
3,1,,0.210868,0.274709,0.133498,0.145561,0.078478,0.113243,0.014967,0.017192,0.00954,0.001946,,383300,,
3,1,,0.214449,0.249226,0.136033,0.114113,0.129618,0.098203,0.026018,0.015291,0.009698,0.00735,,384300,,
3,1,,0.223525,0.253446,0.141749,0.129952,0.100816,0.101293,0.016715,0.018293,0.009743,0.004468,,382400,,
3,1,,0.204008,0.244308,0.125024,0.106494,0.128127,0.116233,0.03625,0.021058,0.00945,0.009048,,385400,,
3,1,,0.187523,0.212492,0.111267,0.162763,0.141801,0.117854,0.035741,0.016486,0.008886,0.005186,,382500,,
3,1,,0.176463,0.19883,0.149883,0.075926,0.160016,0.151471,0.046923,0.019426,0.009477,0.011585,,386100,,
3,1,,0.176463,0.19883,0.149883,0.075926,0.160016,0.151471,0.046923,0.019426,0.009477,0.011585,,382100,,
3,1,,0.186354,0.208249,0.117575,0.097652,0.155998,0.159939,0.037367,0.017897,0.008917,0.010052,,384100,,
3,1,,0.213507,0.264203,0.118724,0.173014,0.095517,0.095883,0.011083,0.016979,0.009234,0.001856,,415400,,
3,2,,0.15215,0.195117,0.196837,0.110795,0.130215,0.1587,0.02621,0.015276,0.010024,0.004676,,385500,,
3,1,,0.251445,0.290666,0.176688,0.091884,0.069576,0.073305,0.017092,0.01597,0.010665,0.002709,,384500,,
3,5,,0.1404,0.173138,0.138619,0.087414,0.171427,0.193489,0.054097,0.019202,0.008881,0.013333,,383700,,
3,0,,0.258755,0.257599,0.142466,0.076289,0.107915,0.097476,0.025982,0.016062,0.009822,0.007632,,384000,,
3,1,,0.187068,0.227426,0.114347,0.119392,0.135043,0.141116,0.035746,0.021513,0.009129,0.00922,,383000,,
3,1,,0.169089,0.195476,0.158475,0.07454,0.160909,0.153114,0.048372,0.018719,0.009456,0.01185,,386100,,
3,1,,0.238154,0.270546,0.109889,0.197059,0.089982,0.056423,0.009292,0.017473,0.009327,0.001856,,381900,,
3,1,,0.195118,0.283812,0.148815,0.123179,0.102436,0.098278,0.018724,0.017188,0.009852,0.002599,,383300,,
3,1,,0.21235,0.266687,0.119291,0.152761,0.115053,0.094971,0.01173,0.016092,0.009328,0.001737,,381100,,
3,1,,0.266615,0.318762,0.130792,0.148703,0.063161,0.04104,0.004996,0.015573,0.00961,0.000749,,384500,,
3,1,,0.216133,0.277136,0.163086,0.128998,0.075622,0.092493,0.016682,0.017442,0.010127,0.002281,,383900,,
3,1,,0.167932,0.19796,0.159041,0.074288,0.160445,0.152202,0.049019,0.017832,0.00955,0.011731,,383400,,
3,5,,0.10397,0.135891,0.181178,0.078037,0.179354,0.207249,0.078145,0.015479,0.009091,0.011607,,384800,,
3,2,,0.159635,0.200071,0.215266,0.094976,0.12883,0.143645,0.026264,0.013936,0.010372,0.007004,,385200,,
3,1,,0.180836,0.202924,0.181893,0.120764,0.134469,0.122824,0.026219,0.013108,0.009641,0.007323,,383500,,
3,1,,0.150993,0.217601,0.197403,0.110543,0.109751,0.157788,0.026857,0.014389,0.010118,0.004556,,386700,,
3,1,,0.186834,0.203582,0.112437,0.14485,0.142806,0.147273,0.028885,0.017346,0.008182,0.007805,,383000,,
4,2,,0.119022,0.14139,0.203258,0.063716,0.172396,0.199023,0.060864,0.016166,0.009251,0.014914,,383700,,
4,2,,0.167458,0.163889,0.222799,0.029416,0.143095,0.173999,0.059946,0.014296,0.010129,0.014972,,383200,,
4,1,,0.282589,0.304938,0.146071,0.116446,0.065888,0.046025,0.010637,0.01587,0.009793,0.001742,,382100,,
4,1,,0.224681,0.250962,0.141183,0.130204,0.101281,0.102205,0.016067,0.019179,0.009649,0.004587,,383600,,
4,0,,0.299852,0.296515,0.144541,0.092766,0.083072,0.045136,0.011526,0.015245,0.009477,0.001869,,383800,,
4,2,,0.113523,0.137871,0.214031,0.061669,0.172699,0.199351,0.060761,0.01583,0.00935,0.014914,,384500,,
4,1,,0.209086,0.22494,0.130485,0.104821,0.126056,0.133582,0.032845,0.020357,0.009049,0.008779,,382900,,
4,1,,0.169089,0.195476,0.158475,0.07454,0.160909,0.153114,0.048372,0.018719,0.009456,0.01185,,383500,,
4,4,,0.09063,0.107562,0.189165,0.08783,0.201854,0.200905,0.085757,0.015658,0.008936,0.011704,,385600,,
4,1,,0.162821,0.18886,0.12702,0.091493,0.165937,0.175613,0.047516,0.019879,0.009223,0.011637,,386400,,
4,1,,0.193878,0.227832,0.143131,0.090571,0.141582,0.131173,0.037199,0.016882,0.009017,0.008735,,382800,,
5,2,,0.119022,0.14139,0.203258,0.063716,0.172396,0.199023,0.060864,0.016166,0.009251,0.014914,,386000,,
5,5,,0.10397,0.135891,0.181178,0.078037,0.179354,0.207249,0.078145,0.015479,0.009091,0.011607,,383300,,
5,2,,0.161707,0.158274,0.208268,0.047988,0.145458,0.178193,0.059825,0.015401,0.00981,0.015077,,384400,,
5,1,,0.162821,0.18886,0.12702,0.091493,0.165937,0.175613,0.047516,0.019879,0.009223,0.011637,,382900,,
5,2,,0.113523,0.137871,0.214031,0.061669,0.172699,0.199351,0.060761,0.01583,0.00935,0.014914,,385700,,
5,0,,0.219148,0.215714,0.154893,0.060199,0.133077,0.13064,0.045883,0.018661,0.010036,0.011748,,383800,,
5,2,,0.117612,0.144362,0.204041,0.06247,0.170432,0.193107,0.069552,0.015026,0.009345,0.014055,,383700,,
5,5,,0.132559,0.146827,0.135833,0.099254,0.193125,0.196817,0.053812,0.019716,0.008627,0.013429,,392000,,
5,5,,0.09204,0.10159,0.188382,0.089076,0.200318,0.226822,0.06107,0.016797,0.008842,0.015063,,387100,,
6,2,,0.169992,0.174405,0.213308,0.030218,0.144195,0.147698,0.085374,0.013246,0.010063,0.0115,,383500,,
6,2,,0.161707,0.158274,0.208268,0.047988,0.145458,0.178193,0.059825,0.015401,0.00981,0.015077,,401600,,
6,0,,0.243395,0.23428,0.14222,0.068098,0.122183,0.116143,0.034114,0.020295,0.009942,0.00933,,383600,,
6,2,,0.153243,0.160253,0.220324,0.044695,0.146663,0.162548,0.077047,0.01368,0.009943,0.011605,,384600,,
6,1,,0.154042,0.183109,0.161482,0.071847,0.165506,0.169347,0.053504,0.018749,0.009135,0.01328,,383400,,
6,2,,0.141122,0.142324,0.215728,0.052508,0.150689,0.196964,0.060624,0.015688,0.009402,0.01495,,382900,,
6,2,,0.154798,0.157727,0.219824,0.044695,0.143796,0.172604,0.068409,0.013926,0.010003,0.014217,,386800,,
7,2,,0.172957,0.167408,0.212025,0.031464,0.142793,0.173671,0.060049,0.014632,0.010029,0.014972,,383500,,
7,0,,0.315627,0.295403,0.132974,0.076395,0.087495,0.051279,0.011135,0.016189,0.009432,0.00407,,383400,,
7,1,,0.217807,0.219464,0.109494,0.166322,0.132071,0.100092,0.022237,0.017083,0.008851,0.006579,,393700,,
7,2,,0.172957,0.167408,0.212025,0.031464,0.142793,0.173671,0.060049,0.014632,0.010029,0.014972,,386600,,
7,1,,0.203449,0.227915,0.100946,0.155304,0.142796,0.109351,0.02417,0.019185,0.009273,0.007612,,383100,,
7,0,,0.305922,0.30406,0.155444,0.074936,0.081372,0.040655,0.012398,0.013564,0.010004,0.001645,,387900,,
8,1,,0.262356,0.296663,0.16792,0.076493,0.085421,0.066172,0.017153,0.014775,0.010939,0.002108,,381000,,
8,0,,0.219148,0.215714,0.154893,0.060199,0.133077,0.13064,0.045883,0.018661,0.010036,0.011748,,384300,,
8,0,,0.254645,0.243414,0.145978,0.051573,0.119518,0.111622,0.034338,0.019526,0.010161,0.009225,,384600,,
8,0,,0.243593,0.222008,0.201823,0.049653,0.112751,0.104175,0.035015,0.011526,0.010101,0.009355,,384600,,
9,2,,0.161707,0.158274,0.208268,0.047988,0.145458,0.178193,0.059825,0.015401,0.00981,0.015077,,382600,,