yeast,Tuned_CWT,test,1,NANOSECONDS,PREDICTIONS, Generated by ClassifierExperiments.java on 2022-05-16 02:11:32.    SYSTEMPROPERTIES:{user.name:matth,os.arch:amd64,os.name:Windows 10},ENDSYSTEMPROPERTIES
No parameter info
0.3779264214046823,73302900,120725600,-1,22238920,10,,-1,-1
0,0,,0.23872,0.226968,0.180509,0.024284,0.057669,0.128071,0.069179,0.026468,0.011263,0.03687,,842900,,
0,0,,0.295827,0.262041,0.160595,0.034603,0.047034,0.08991,0.045395,0.023037,0.010664,0.030894,,753900,,
0,0,,0.378567,0.317766,0.109507,0.044925,0.035892,0.026901,0.026458,0.021561,0.011793,0.026631,,756200,,
0,0,,0.310899,0.277376,0.143605,0.036478,0.041462,0.089486,0.03941,0.021456,0.01105,0.028778,,757700,,
0,0,,0.296441,0.282956,0.160853,0.051648,0.029438,0.062535,0.054029,0.022541,0.013223,0.026336,,754800,,
0,0,,0.255891,0.21708,0.154208,0.027686,0.065202,0.138529,0.065383,0.028191,0.011936,0.035895,,756200,,
0,0,,0.331484,0.318375,0.152515,0.068876,0.020828,0.022528,0.026566,0.021004,0.01138,0.026444,,751900,,
0,0,,0.361057,0.327276,0.108902,0.041056,0.031301,0.031566,0.035924,0.022743,0.011914,0.02826,,752000,,
0,0,,0.281883,0.265254,0.147025,0.03182,0.045222,0.100391,0.059812,0.023644,0.010966,0.033984,,754900,,
0,0,,0.288733,0.265011,0.147614,0.040301,0.04169,0.096489,0.048154,0.027043,0.013394,0.03157,,754300,,
0,0,,0.307819,0.286517,0.116872,0.037217,0.04575,0.08969,0.050419,0.022576,0.012064,0.031076,,753300,,
0,0,,0.27869,0.244952,0.141242,0.07774,0.053226,0.094687,0.043486,0.024614,0.010791,0.030572,,753100,,
0,0,,0.273073,0.240882,0.159516,0.02839,0.05571,0.11282,0.061756,0.022964,0.010513,0.034377,,754800,,
0,0,,0.310237,0.291679,0.152478,0.041499,0.034059,0.06812,0.037628,0.023625,0.011451,0.029224,,797900,,
0,0,,0.217079,0.193375,0.124666,0.139569,0.078072,0.131101,0.049321,0.025438,0.009201,0.03218,,754900,,
0,0,,0.27338,0.241491,0.160613,0.027242,0.055137,0.112472,0.062306,0.02262,0.010487,0.034252,,613400,,
0,0,,0.278974,0.258953,0.152408,0.040791,0.0435,0.092988,0.063918,0.025037,0.013038,0.030392,,382900,,
0,0,,0.231813,0.200299,0.17695,0.017067,0.071709,0.14941,0.077014,0.026547,0.010903,0.038287,,383100,,
0,0,,0.361057,0.327276,0.108902,0.041056,0.031301,0.031566,0.035924,0.022743,0.011914,0.02826,,379900,,
0,0,,0.284273,0.271416,0.168265,0.035323,0.040737,0.084097,0.050107,0.022779,0.011179,0.031824,,379700,,
0,0,,0.295796,0.286372,0.131905,0.116888,0.029391,0.052843,0.026109,0.022809,0.011702,0.026183,,381500,,
0,0,,0.255573,0.216273,0.136096,0.073939,0.062983,0.125382,0.055474,0.028363,0.012733,0.033184,,380000,,
0,0,,0.27677,0.261837,0.151035,0.048372,0.04532,0.094309,0.05516,0.023392,0.011193,0.032613,,383500,,
0,0,,0.228841,0.201596,0.158115,0.018991,0.070243,0.142891,0.109568,0.022657,0.010903,0.036194,,380100,,
0,0,,0.273073,0.240882,0.159516,0.02839,0.05571,0.11282,0.061756,0.022964,0.010513,0.034377,,380700,,
0,0,,0.37721,0.345744,0.122974,0.048814,0.018478,0.00807,0.022178,0.019845,0.011107,0.025578,,382000,,
0,0,,0.240779,0.203757,0.132865,0.091303,0.068481,0.133163,0.055513,0.028589,0.012168,0.033382,,381000,,
0,0,,0.303552,0.263044,0.13696,0.035807,0.048648,0.096718,0.048348,0.024098,0.011297,0.031528,,382400,,
0,0,,0.358138,0.34237,0.122829,0.048876,0.020583,0.022403,0.025573,0.021267,0.011765,0.026195,,382800,,
0,0,,0.28152,0.237734,0.142958,0.034232,0.056302,0.118176,0.05544,0.027466,0.01306,0.033113,,380600,,
0,0,,0.34019,0.321555,0.139991,0.049253,0.021174,0.042577,0.025644,0.021582,0.011838,0.026195,,382100,,
0,0,,0.207145,0.181909,0.172695,0.052987,0.076208,0.157869,0.076213,0.026469,0.010258,0.038249,,390000,,
0,0,,0.338445,0.322978,0.143926,0.047728,0.02001,0.042055,0.026124,0.020923,0.01174,0.02607,,381600,,
0,0,,0.28744,0.277496,0.112908,0.039687,0.043604,0.107788,0.054529,0.030792,0.013036,0.032722,,391500,,
0,0,,0.231997,0.207966,0.151749,0.079071,0.067833,0.131385,0.062453,0.023442,0.009301,0.034803,,381800,,
0,0,,0.259644,0.221187,0.151573,0.029048,0.063214,0.136203,0.063857,0.027835,0.011809,0.035629,,382500,,
0,0,,0.260905,0.245925,0.134917,0.033429,0.047861,0.125622,0.082845,0.02403,0.011986,0.03248,,384800,,
0,0,,0.333147,0.311006,0.140145,0.043839,0.02767,0.05101,0.031396,0.022376,0.01204,0.027372,,378300,,
0,0,,0.28152,0.237734,0.142958,0.034232,0.056302,0.118176,0.05544,0.027466,0.01306,0.033113,,382500,,
0,0,,0.282821,0.262247,0.121014,0.056799,0.043134,0.085198,0.080731,0.023805,0.012908,0.031342,,388300,,
0,0,,0.288087,0.254678,0.159137,0.032377,0.049382,0.099272,0.051284,0.023155,0.010459,0.032171,,385600,,
0,0,,0.296897,0.25905,0.146646,0.035807,0.048893,0.096843,0.049341,0.023835,0.010912,0.031777,,389800,,
0,0,,0.265032,0.262847,0.174709,0.115052,0.034019,0.057993,0.026845,0.023662,0.011731,0.028112,,382200,,
0,1,,0.197073,0.206261,0.168271,0.135976,0.058811,0.117838,0.046599,0.026197,0.010507,0.032467,,383700,,
0,0,,0.274584,0.257607,0.096608,0.144819,0.060725,0.065949,0.036898,0.024083,0.009817,0.028912,,381500,,
0,0,,0.299107,0.28105,0.15859,0.070872,0.031477,0.059402,0.030926,0.026774,0.013248,0.028555,,381200,,
0,0,,0.255891,0.21708,0.154208,0.027686,0.065202,0.138529,0.065383,0.028191,0.011936,0.035895,,390400,,
0,0,,0.259644,0.221187,0.151573,0.029048,0.063214,0.136203,0.063857,0.027835,0.011809,0.035629,,383200,,
0,1,,0.286317,0.290949,0.128596,0.117919,0.033945,0.037491,0.042603,0.022766,0.013748,0.025667,,387100,,
0,0,,0.229055,0.200096,0.176544,0.01942,0.071101,0.139106,0.093282,0.023586,0.010903,0.036908,,384100,,
0,0,,0.330592,0.296767,0.142508,0.037626,0.042035,0.049834,0.03886,0.0218,0.011075,0.028903,,381000,,
0,0,,0.319402,0.301139,0.150017,0.041056,0.031546,0.057405,0.036917,0.02248,0.011528,0.02851,,412900,,
0,0,,0.274891,0.238215,0.097705,0.143671,0.070152,0.075601,0.037448,0.023739,0.009792,0.028787,,382500,,
0,0,,0.232594,0.225703,0.155481,0.020354,0.058256,0.140566,0.098042,0.022301,0.010776,0.035928,,384500,,
0,0,,0.24708,0.212708,0.166699,0.024256,0.06569,0.140958,0.067326,0.027511,0.011483,0.036289,,387600,,
0,0,,0.315665,0.31108,0.175203,0.075728,0.018911,0.024627,0.023251,0.018206,0.011061,0.026269,,381000,,
0,0,,0.28152,0.237734,0.142958,0.034232,0.056302,0.118176,0.05544,0.027466,0.01306,0.033113,,382500,,
0,0,,0.255891,0.21708,0.154208,0.027686,0.065202,0.138529,0.065383,0.028191,0.011936,0.035895,,381100,,
0,0,,0.210093,0.182839,0.153972,0.08269,0.075882,0.153619,0.065873,0.028277,0.010464,0.036292,,381800,,
0,0,,0.31646,0.274775,0.137231,0.039989,0.04317,0.080205,0.043577,0.022706,0.011962,0.029925,,379100,,
0,0,,0.294912,0.254785,0.136601,0.033035,0.051228,0.106203,0.05519,0.023967,0.0114,0.032679,,379100,,
0,0,,0.3884,0.321372,0.135465,0.045385,0.018966,0.0105,0.024121,0.019165,0.010654,0.025972,,381900,,
0,0,,0.232594,0.225703,0.155481,0.020354,0.058256,0.140566,0.098042,0.022301,0.010776,0.035928,,387800,,
0,0,,0.268612,0.226003,0.142686,0.030049,0.06178,0.13469,0.06021,0.028858,0.012395,0.034716,,381900,,
0,0,,0.229943,0.195619,0.147346,0.067393,0.071882,0.145735,0.065418,0.029088,0.01161,0.035967,,390200,,
0,0,,0.248483,0.2104,0.136282,0.071156,0.066614,0.131652,0.060002,0.02873,0.012608,0.034073,,382800,,
0,0,,0.187765,0.168679,0.150348,0.069673,0.082366,0.161457,0.110266,0.023136,0.009692,0.036619,,388700,,
0,0,,0.24679,0.240481,0.154979,0.061707,0.052334,0.113604,0.062415,0.023217,0.009866,0.034605,,382300,,
0,0,,0.324507,0.322747,0.119786,0.041067,0.03025,0.060495,0.038238,0.022245,0.012142,0.028523,,383400,,
0,0,,0.304525,0.2865,0.1369,0.053854,0.02904,0.06868,0.057571,0.02276,0.013834,0.026336,,384700,,
0,0,,0.322434,0.322323,0.11978,0.056924,0.030255,0.05429,0.032568,0.022216,0.011933,0.027277,,387000,,
0,0,,0.246484,0.229799,0.153028,0.044523,0.056233,0.129832,0.064543,0.028043,0.011856,0.03566,,380800,,
0,0,,0.269851,0.242249,0.157155,0.066772,0.053086,0.100347,0.046605,0.022947,0.009992,0.030997,,379900,,
0,0,,0.247125,0.219421,0.152654,0.068097,0.062391,0.120026,0.06179,0.023861,0.010186,0.034449,,383600,,
0,0,,0.3684,0.341372,0.135465,0.045385,0.018966,0.0105,0.024121,0.019165,0.010654,0.025972,,381700,,
0,0,,0.27338,0.241491,0.160613,0.027242,0.055137,0.112472,0.062306,0.02262,0.010487,0.034252,,381000,,
0,0,,0.335356,0.3294,0.117315,0.078179,0.022367,0.025806,0.026644,0.025849,0.012888,0.026195,,379600,,
0,0,,0.327407,0.279172,0.098624,0.10091,0.049849,0.050283,0.031469,0.023498,0.011148,0.027641,,380500,,
0,0,,0.299879,0.268084,0.162143,0.050712,0.044619,0.073115,0.040032,0.02164,0.010968,0.028808,,382400,,
0,0,,0.248693,0.234719,0.16698,0.026859,0.053564,0.128632,0.065865,0.02718,0.011484,0.036023,,382200,,
0,0,,0.242419,0.208194,0.153437,0.043125,0.067178,0.131505,0.082822,0.025069,0.01183,0.034421,,379100,,
0,0,,0.300423,0.260035,0.13596,0.035583,0.049953,0.096309,0.054397,0.023286,0.011964,0.03209,,379800,,
0,0,,0.232332,0.206906,0.149424,0.085461,0.067889,0.127807,0.061828,0.024086,0.009621,0.034646,,380400,,
0,0,,0.262359,0.232199,0.159151,0.041476,0.058295,0.1161,0.062927,0.022804,0.010406,0.034283,,380100,,
0,0,,0.285113,0.253358,0.16023,0.047688,0.049619,0.093191,0.046567,0.022877,0.010557,0.030799,,379100,,
0,0,,0.354402,0.303282,0.118588,0.041056,0.041546,0.041691,0.036917,0.02248,0.011528,0.02851,,383200,,
0,0,,0.273073,0.240882,0.159516,0.02839,0.05571,0.11282,0.061756,0.022964,0.010513,0.034377,,380700,,
0,0,,0.345899,0.319519,0.132176,0.036478,0.031462,0.033772,0.03941,0.021456,0.01105,0.028778,,380200,,
0,0,,0.295919,0.26415,0.143263,0.033026,0.045604,0.093348,0.062231,0.021765,0.010639,0.030054,,382200,,
0,0,,0.306977,0.286094,0.156208,0.072649,0.030221,0.049333,0.030753,0.026065,0.013859,0.027841,,381100,,
0,0,,0.333147,0.311006,0.140145,0.043839,0.02767,0.05101,0.031396,0.022376,0.01204,0.027372,,401600,,
0,0,,0.273073,0.240882,0.159516,0.02839,0.05571,0.11282,0.061756,0.022964,0.010513,0.034377,,379500,,
0,1,,0.257186,0.258284,0.116378,0.076541,0.050857,0.113056,0.054013,0.028032,0.012734,0.032918,,381000,,
1,0,,0.283313,0.260986,0.150526,0.058001,0.042361,0.090756,0.042952,0.027134,0.013646,0.030324,,381100,,
1,1,,0.346791,0.361127,0.122184,0.047728,0.020256,0.016465,0.027116,0.02066,0.011354,0.026319,,382400,,
1,0,,0.267774,0.248419,0.143659,0.033857,0.048473,0.111712,0.075567,0.025222,0.012371,0.032945,,384500,,
1,0,,0.268919,0.226611,0.143783,0.028901,0.061208,0.134341,0.06076,0.028514,0.01237,0.034591,,381700,,
1,0,,0.295827,0.282041,0.160595,0.034603,0.037034,0.07991,0.045395,0.023037,0.010664,0.030894,,382000,,
1,5,,0.151353,0.135075,0.156197,0.115587,0.101404,0.187595,0.07707,0.02785,0.008897,0.038971,,382700,,
1,0,,0.273165,0.262991,0.142185,0.026813,0.04428,0.116257,0.068591,0.021692,0.010487,0.033538,,380800,,
1,0,,0.356319,0.324136,0.132966,0.037565,0.029684,0.025377,0.034472,0.020641,0.010803,0.028037,,380800,,
1,0,,0.270226,0.248014,0.142968,0.032652,0.049654,0.122364,0.058749,0.028527,0.012396,0.03445,,381000,,
1,1,,0.363558,0.36913,0.112191,0.049962,0.018805,0.008294,0.020635,0.020452,0.011518,0.025454,,380600,,
1,0,,0.380902,0.320212,0.104604,0.097701,0.018643,0.008664,0.014926,0.019158,0.011136,0.024054,,381800,,
1,1,,0.367671,0.38732,0.108088,0.055217,0.012246,0.001632,0.014962,0.017961,0.010919,0.023982,,380100,,
1,0,,0.302261,0.294527,0.176235,0.065462,0.02696,0.039509,0.034483,0.020868,0.011339,0.028357,,381200,,
1,0,,0.267774,0.248419,0.143659,0.033857,0.048473,0.111712,0.075567,0.025222,0.012371,0.032945,,383100,,
1,0,,0.336843,0.317954,0.142909,0.051096,0.02184,0.043049,0.026112,0.021703,0.012299,0.026195,,381300,,
1,0,,0.295827,0.282041,0.160595,0.034603,0.037034,0.07991,0.045395,0.023037,0.010664,0.030894,,384000,,
1,0,,0.295919,0.26415,0.143263,0.033026,0.045604,0.093348,0.062231,0.021765,0.010639,0.030054,,383100,,
1,0,,0.224546,0.215114,0.172853,0.032663,0.062879,0.140713,0.07611,0.026375,0.010695,0.038052,,383400,,
1,0,,0.367547,0.328474,0.108045,0.059159,0.02905,0.020529,0.02708,0.021744,0.011711,0.026661,,384900,,
1,0,,0.232304,0.208574,0.152846,0.077923,0.06726,0.131037,0.063003,0.023099,0.009276,0.034677,,383100,,
1,0,,0.356012,0.323527,0.131869,0.038713,0.030257,0.025725,0.033922,0.020985,0.010828,0.028162,,383500,,
1,0,,0.24708,0.212708,0.166699,0.024256,0.06569,0.140958,0.067326,0.027511,0.011483,0.036289,,383400,,
1,0,,0.264448,0.257443,0.189937,0.056649,0.041544,0.074122,0.047665,0.024438,0.011628,0.032126,,382400,,
1,0,,0.273165,0.262991,0.142185,0.026813,0.04428,0.116257,0.068591,0.021692,0.010487,0.033538,,386700,,
1,0,,0.271978,0.232267,0.123835,0.032654,0.058752,0.123794,0.086785,0.024528,0.012909,0.032497,,383700,,
1,0,,0.208977,0.183396,0.168681,0.052894,0.076919,0.158217,0.075598,0.026788,0.010155,0.038374,,384200,,
1,0,,0.368454,0.333757,0.109814,0.042691,0.027097,0.024948,0.031947,0.022032,0.012014,0.027246,,383300,,
1,0,,0.343689,0.294598,0.118223,0.054142,0.044131,0.044971,0.038089,0.02232,0.011422,0.028415,,383400,,
1,0,,0.305716,0.291405,0.14298,0.092738,0.028475,0.050377,0.027229,0.022402,0.012536,0.026142,,385000,,
1,0,,0.354709,0.30389,0.119685,0.039908,0.040974,0.041343,0.037467,0.022136,0.011503,0.028384,,383800,,
1,0,,0.224886,0.215354,0.157203,0.065326,0.060383,0.135838,0.065835,0.028051,0.01103,0.036095,,381200,,
1,0,,0.361057,0.327276,0.108902,0.041056,0.031301,0.031566,0.035924,0.022743,0.011914,0.02826,,383300,,
1,0,,0.259506,0.222414,0.153064,0.031254,0.060844,0.124162,0.078021,0.02529,0.011984,0.03346,,383200,,
1,0,,0.271852,0.255296,0.168304,0.041894,0.044435,0.087466,0.063267,0.024278,0.012912,0.030295,,384200,,
1,0,,0.224094,0.220322,0.143847,0.153008,0.052531,0.087027,0.053176,0.02535,0.012824,0.027821,,390000,,
1,0,,0.248381,0.237221,0.164755,0.026824,0.052522,0.11798,0.082618,0.02385,0.011331,0.034518,,382400,,
1,0,,0.23025,0.196227,0.148443,0.066245,0.07131,0.145386,0.065968,0.028744,0.011584,0.035842,,402300,,
1,0,,0.310899,0.297376,0.163605,0.036478,0.031462,0.059486,0.03941,0.021456,0.01105,0.028778,,384100,,
1,0,,0.273073,0.240882,0.159516,0.02839,0.05571,0.11282,0.061756,0.022964,0.010513,0.034377,,382800,,
1,0,,0.319402,0.301139,0.150017,0.041056,0.031546,0.057405,0.036917,0.02248,0.011528,0.02851,,382000,,
1,0,,0.27338,0.261491,0.160613,0.027242,0.045137,0.102472,0.062306,0.02262,0.010487,0.034252,,382200,,
1,0,,0.288043,0.272291,0.127858,0.032606,0.040616,0.100114,0.072468,0.022776,0.011014,0.032214,,385100,,
1,0,,0.300729,0.260644,0.137058,0.034435,0.049381,0.09596,0.054947,0.022943,0.011939,0.031965,,382200,,
1,0,,0.333454,0.291614,0.121242,0.042691,0.037097,0.070662,0.041947,0.022032,0.012014,0.027246,,381600,,
1,0,,0.182139,0.156333,0.130392,0.133812,0.091204,0.169072,0.061184,0.030198,0.010298,0.035367,,385800,,
1,0,,0.333454,0.311614,0.141242,0.042691,0.027097,0.050662,0.031947,0.022032,0.012014,0.027246,,381300,,
1,0,,0.310899,0.277376,0.143605,0.036478,0.041462,0.079486,0.04941,0.021456,0.01105,0.028778,,383400,,
1,0,,0.256198,0.217688,0.155305,0.026538,0.064629,0.138181,0.065933,0.027847,0.011911,0.03577,,381100,,
1,0,,0.183139,0.18013,0.128665,0.146283,0.075023,0.151903,0.059097,0.030194,0.01062,0.034945,,382100,,
1,0,,0.353595,0.338107,0.138958,0.079519,0.013126,0.007695,0.014412,0.01892,0.01156,0.024107,,383100,,
1,0,,0.233427,0.22231,0.177231,0.01967,0.059583,0.137084,0.075553,0.026216,0.010904,0.038021,,380900,,
1,0,,0.231506,0.19969,0.175852,0.018215,0.072282,0.149758,0.076464,0.026891,0.010928,0.038412,,381500,,
1,1,,0.275764,0.295626,0.15327,0.07835,0.032727,0.064079,0.041428,0.020192,0.010692,0.027871,,381600,,
1,0,,0.30431,0.276366,0.137971,0.070943,0.048659,0.060619,0.03952,0.022053,0.010429,0.029131,,382300,,
1,0,,0.256978,0.223093,0.133836,0.029825,0.061176,0.129337,0.09696,0.023601,0.011784,0.033411,,384500,,
1,0,,0.296134,0.28265,0.161692,0.033455,0.036461,0.079562,0.045945,0.022694,0.010639,0.030769,,379400,,
1,0,,0.259292,0.223914,0.134635,0.030826,0.059987,0.127948,0.094307,0.024361,0.011984,0.032746,,380900,,
1,0,,0.281029,0.264633,0.149347,0.112356,0.036902,0.056538,0.030788,0.026962,0.013533,0.027912,,383000,,
1,0,,0.290129,0.286185,0.140414,0.135816,0.028952,0.032671,0.026014,0.022454,0.010808,0.026557,,379900,,
1,0,,0.183752,0.158344,0.130674,0.136415,0.089078,0.166746,0.059722,0.029867,0.0103,0.035102,,381800,,
1,0,,0.326057,0.305133,0.120331,0.041056,0.041301,0.067281,0.035924,0.022743,0.011914,0.02826,,379500,,
1,0,,0.266161,0.226409,0.143378,0.031254,0.060599,0.124037,0.077028,0.025553,0.01237,0.033211,,380200,,
1,0,,0.231506,0.19969,0.175852,0.018215,0.072282,0.149758,0.076464,0.026891,0.010928,0.038412,,382900,,
1,0,,0.241868,0.23264,0.185575,0.028956,0.054002,0.108057,0.080173,0.02307,0.011571,0.034089,,389000,,
1,0,,0.228841,0.201596,0.158115,0.018991,0.070243,0.142891,0.109568,0.022657,0.010903,0.036194,,383600,,
1,0,,0.303333,0.292058,0.139526,0.107878,0.029204,0.039975,0.026869,0.022965,0.011336,0.026856,,384700,,
1,0,,0.378874,0.338375,0.110604,0.043777,0.02532,0.016553,0.027008,0.021217,0.011767,0.026506,,383700,,
1,0,,0.330899,0.297376,0.143605,0.036478,0.041462,0.049486,0.03941,0.021456,0.01105,0.028778,,384700,,
1,0,,0.371784,0.332502,0.110789,0.040995,0.028951,0.022823,0.031536,0.021584,0.011642,0.027394,,383000,,
1,0,,0.304925,0.286909,0.159047,0.052272,0.02963,0.069159,0.030683,0.02575,0.013787,0.027841,,382900,,
1,1,,0.317929,0.323052,0.135868,0.08412,0.020992,0.023798,0.036339,0.020098,0.013556,0.024249,,387800,,
1,1,,0.246671,0.251294,0.186879,0.103825,0.039373,0.059719,0.053426,0.019093,0.010831,0.028887,,380800,,
1,0,,0.291191,0.282366,0.155047,0.110962,0.029976,0.040571,0.028394,0.022848,0.011539,0.027105,,381700,,
1,0,,0.326364,0.285742,0.141428,0.039908,0.040728,0.066933,0.036474,0.022399,0.011889,0.028135,,380200,,
1,0,,0.317417,0.276875,0.139972,0.038284,0.043881,0.076766,0.042766,0.022612,0.012016,0.029412,,381200,,
1,0,,0.296655,0.281456,0.159281,0.072077,0.030296,0.048749,0.047744,0.023469,0.013223,0.02705,,405200,,
1,0,,0.241868,0.23264,0.185575,0.028956,0.054002,0.108057,0.080173,0.02307,0.011571,0.034089,,379900,,
1,0,,0.207246,0.202395,0.137686,0.157399,0.064572,0.116666,0.042679,0.028618,0.011951,0.030789,,379200,,
1,0,,0.29699,0.281158,0.129314,0.03423,0.037464,0.090281,0.066176,0.022563,0.010887,0.030938,,381400,,
1,1,,0.317929,0.323052,0.135868,0.06412,0.020992,0.043798,0.036339,0.020098,0.013556,0.024249,,380700,,
1,0,,0.300579,0.261724,0.138053,0.051118,0.048885,0.090637,0.04363,0.02382,0.011396,0.030157,,381400,,
1,0,,0.331663,0.312866,0.149841,0.053032,0.021794,0.043172,0.027194,0.021506,0.012863,0.02607,,380100,,
1,0,,0.281029,0.264633,0.149347,0.092356,0.036902,0.076538,0.030788,0.026962,0.013533,0.027912,,380400,,
1,0,,0.259326,0.22038,0.133461,0.075301,0.060996,0.123056,0.053948,0.028007,0.012606,0.032918,,382700,,
1,0,,0.231506,0.19969,0.175852,0.018215,0.072282,0.149758,0.076464,0.026891,0.010928,0.038412,,380100,,
1,0,,0.257192,0.221593,0.152265,0.030253,0.062033,0.125551,0.080675,0.02453,0.011784,0.034125,,380300,,
2,0,,0.23312,0.201701,0.176134,0.020818,0.070156,0.147433,0.075003,0.02656,0.01093,0.038147,,388100,,
2,0,,0.273073,0.240882,0.159516,0.02839,0.05571,0.11282,0.061756,0.022964,0.010513,0.034377,,382000,,
2,0,,0.206838,0.2013,0.171598,0.054135,0.06678,0.148217,0.075663,0.026813,0.010283,0.038374,,383800,,
2,0,,0.268612,0.226003,0.142686,0.030049,0.06178,0.13469,0.06021,0.028858,0.012395,0.034716,,384300,,
2,0,,0.23312,0.221701,0.176134,0.020818,0.060156,0.137433,0.075003,0.02656,0.01093,0.038147,,388300,,
2,0,,0.23312,0.221701,0.176134,0.020818,0.060156,0.137433,0.075003,0.02656,0.01093,0.038147,,386500,,
2,0,,0.273073,0.240882,0.159516,0.02839,0.05571,0.11282,0.061756,0.022964,0.010513,0.034377,,382500,,
2,5,,0.144347,0.128635,0.155181,0.121837,0.104809,0.192407,0.077318,0.027786,0.008615,0.039064,,384400,,
2,0,,0.240779,0.203757,0.132865,0.091303,0.068481,0.133163,0.055513,0.028589,0.012168,0.033382,,386700,,
2,0,,0.296134,0.26265,0.161692,0.033455,0.046461,0.089562,0.045945,0.022694,0.010639,0.030769,,380600,,
2,0,,0.192044,0.188784,0.168367,0.071499,0.072278,0.155998,0.075701,0.027038,0.009718,0.038572,,383900,,
2,5,,0.110944,0.102288,0.149847,0.14198,0.124842,0.220077,0.07763,0.026004,0.007068,0.03932,,382000,,
2,0,,0.244627,0.232843,0.18598,0.026603,0.05461,0.118361,0.063905,0.026032,0.011571,0.035468,,382100,,
2,5,,0.151353,0.135075,0.156197,0.115587,0.101404,0.187595,0.07707,0.02785,0.008897,0.038971,,388900,,
2,0,,0.273073,0.260882,0.159516,0.02839,0.04571,0.10282,0.061756,0.022964,0.010513,0.034377,,387000,,
2,0,,0.273073,0.240882,0.159516,0.02839,0.05571,0.11282,0.061756,0.022964,0.010513,0.034377,,384600,,
2,0,,0.206838,0.2013,0.171598,0.054135,0.06678,0.148217,0.075663,0.026813,0.010283,0.038374,,387400,,
2,0,,0.32298,0.314612,0.166103,0.044298,0.020744,0.044609,0.02906,0.01998,0.010901,0.026713,,383000,,
2,0,,0.334879,0.310227,0.130714,0.050712,0.034619,0.0374,0.040032,0.02164,0.010968,0.028808,,385200,,
2,0,,0.229055,0.200096,0.176544,0.01942,0.071101,0.139106,0.093282,0.023586,0.010903,0.036908,,383800,,
2,5,,0.075057,0.109512,0.144481,0.167646,0.127465,0.226014,0.07721,0.026584,0.006502,0.039528,,387300,,
2,0,,0.231506,0.19969,0.175852,0.018215,0.072282,0.149758,0.076464,0.026891,0.010928,0.038412,,385100,,
2,0,,0.229055,0.200096,0.176544,0.01942,0.071101,0.139106,0.093282,0.023586,0.010903,0.036908,,381200,,
2,0,,0.231997,0.207966,0.151749,0.079071,0.067833,0.131385,0.062453,0.023442,0.009301,0.034803,,390900,,
2,0,,0.310899,0.277376,0.163605,0.036478,0.041462,0.069486,0.03941,0.021456,0.01105,0.028778,,380600,,
2,0,,0.28458,0.272024,0.169362,0.034175,0.040164,0.083748,0.050657,0.022436,0.011154,0.031699,,384900,,
2,0,,0.205224,0.179289,0.171316,0.051532,0.078906,0.160542,0.077124,0.027144,0.010282,0.03864,,382100,,
2,0,,0.190431,0.166774,0.168085,0.068896,0.084404,0.168323,0.077162,0.027369,0.009717,0.038838,,380600,,
2,0,,0.206838,0.2013,0.171598,0.054135,0.06678,0.148217,0.075663,0.026813,0.010283,0.038374,,411700,,
2,0,,0.205224,0.179289,0.171316,0.051532,0.078906,0.160542,0.077124,0.027144,0.010282,0.03864,,387800,,
2,0,,0.229055,0.200096,0.176544,0.01942,0.071101,0.139106,0.093282,0.023586,0.010903,0.036908,,387200,,
2,0,,0.232808,0.204203,0.173909,0.020782,0.069113,0.13678,0.091756,0.02323,0.010776,0.036642,,385800,,
2,0,,0.266161,0.226409,0.143378,0.031254,0.060599,0.124037,0.077028,0.025553,0.01237,0.033211,,381700,,
2,0,,0.23312,0.221701,0.176134,0.020818,0.060156,0.137433,0.075003,0.02656,0.01093,0.038147,,385100,,
2,0,,0.28219,0.245862,0.148122,0.030672,0.054649,0.110043,0.060362,0.0233,0.010941,0.033859,,383100,,
2,5,,0.1503,0.138992,0.138742,0.118967,0.09724,0.178402,0.108712,0.023285,0.008873,0.036486,,388400,,
2,0,,0.206838,0.2013,0.171598,0.054135,0.06678,0.148217,0.075663,0.026813,0.010283,0.038374,,384300,,
2,1,,0.215059,0.219212,0.138931,0.141844,0.062101,0.112903,0.045376,0.024324,0.008953,0.031296,,387900,,
2,0,,0.230668,0.222107,0.176826,0.022023,0.058975,0.12678,0.091821,0.023255,0.010904,0.036642,,381600,,
2,0,,0.262052,0.251591,0.158054,0.042623,0.048867,0.106448,0.062377,0.023147,0.010431,0.034408,,382000,,
2,0,,0.27338,0.261491,0.160613,0.027242,0.045137,0.102472,0.062306,0.02262,0.010487,0.034252,,382500,,
2,0,,0.231506,0.19969,0.175852,0.018215,0.072282,0.149758,0.076464,0.026891,0.010928,0.038412,,389100,,
2,0,,0.187957,0.162192,0.130849,0.135212,0.089357,0.158829,0.060941,0.029173,0.010837,0.034653,,389700,,
2,0,,0.228841,0.201596,0.158115,0.018991,0.070243,0.142891,0.109568,0.022657,0.010903,0.036194,,386600,,
2,0,,0.307819,0.266517,0.136872,0.037217,0.04575,0.08969,0.050419,0.022576,0.012064,0.031076,,382400,,
2,0,,0.231506,0.19969,0.175852,0.018215,0.072282,0.149758,0.076464,0.026891,0.010928,0.038412,,384200,,
2,0,,0.229055,0.200096,0.176544,0.01942,0.071101,0.139106,0.093282,0.023586,0.010903,0.036908,,388700,,
2,0,,0.248167,0.238721,0.146327,0.026395,0.051664,0.131766,0.088904,0.022921,0.011331,0.033804,,383700,,
2,0,,0.191431,0.190571,0.166358,0.081368,0.068223,0.151154,0.075076,0.027366,0.010038,0.038416,,384400,,
3,3,,0.147337,0.168604,0.158282,0.216767,0.080598,0.121862,0.041468,0.024012,0.009121,0.03195,,386900,,
3,1,,0.180251,0.191692,0.136955,0.171703,0.083053,0.136024,0.040112,0.022386,0.007457,0.030369,,384800,,
3,5,,0.128466,0.116257,0.13865,0.157014,0.11618,0.205372,0.066406,0.026937,0.007943,0.036774,,388100,,
3,5,,0.108278,0.104194,0.13211,0.142756,0.122804,0.22321,0.100734,0.021771,0.007042,0.037101,,383000,,
3,0,,0.193226,0.176876,0.140958,0.124614,0.08426,0.150308,0.062911,0.023579,0.008456,0.034811,,383900,,
3,1,,0.235478,0.243511,0.133902,0.184623,0.040309,0.073092,0.026465,0.024537,0.011114,0.026967,,382300,,
3,3,,0.139598,0.162694,0.159724,0.192409,0.082373,0.150257,0.046471,0.024903,0.00888,0.032691,,386900,,
3,0,,0.199194,0.197534,0.134003,0.155137,0.065878,0.115375,0.065321,0.025405,0.011592,0.030561,,382100,,
3,5,,0.095057,0.089512,0.144481,0.167646,0.127465,0.226014,0.07721,0.026584,0.006502,0.039528,,388000,,
3,0,,0.199939,0.19593,0.141789,0.156683,0.067564,0.123818,0.041625,0.029918,0.01162,0.031116,,384100,,
3,3,,0.21975,0.250852,0.07432,0.311411,0.038391,0.036326,0.013007,0.022427,0.009145,0.024371,,387200,,
3,1,,0.228165,0.236462,0.131789,0.192021,0.044287,0.078252,0.026163,0.024817,0.010857,0.027186,,384700,,
3,0,,0.193226,0.176876,0.140958,0.124614,0.08426,0.150308,0.062911,0.023579,0.008456,0.034811,,385200,,
3,3,,0.154034,0.197713,0.093952,0.203975,0.082453,0.164724,0.04754,0.020157,0.007845,0.027607,,391500,,
3,0,,0.250527,0.238493,0.140579,0.111913,0.046146,0.086618,0.058596,0.025096,0.013131,0.028902,,382600,,
3,0,,0.185589,0.16203,0.130339,0.145449,0.08795,0.146718,0.073479,0.025437,0.010655,0.032353,,387400,,
3,0,,0.208268,0.189003,0.137156,0.136139,0.07856,0.13353,0.051265,0.024758,0.008747,0.032573,,384600,,
3,3,,0.156636,0.173272,0.125637,0.235059,0.074935,0.137672,0.0301,0.027806,0.009588,0.029295,,386600,,
3,0,,0.16481,0.147439,0.14541,0.129224,0.093687,0.164563,0.084125,0.025809,0.009746,0.035187,,413900,,
3,1,,0.246584,0.27917,0.121896,0.196876,0.035787,0.039519,0.022852,0.021056,0.010198,0.026062,,386300,,
3,1,,0.172474,0.193043,0.144405,0.171802,0.060441,0.115721,0.079198,0.022426,0.010274,0.030216,,385400,,
3,3,,0.141759,0.163972,0.139963,0.229266,0.0786,0.143816,0.036223,0.026722,0.009061,0.030618,,382200,,
3,1,,0.208341,0.217145,0.140961,0.205446,0.047554,0.0686,0.046842,0.025792,0.012086,0.027233,,381700,,
3,1,,0.192919,0.196267,0.139861,0.125762,0.074832,0.140656,0.062361,0.023923,0.008481,0.034936,,389900,,
3,3,,0.1704,0.226592,0.116886,0.236616,0.064448,0.100971,0.025965,0.022441,0.00887,0.02681,,385000,,
3,1,,0.19666,0.210075,0.110945,0.140597,0.0736,0.140233,0.054952,0.028475,0.010964,0.033499,,382200,,
3,0,,0.19171,0.186299,0.128214,0.136574,0.07737,0.146503,0.059415,0.028817,0.01071,0.034387,,380300,,
3,3,,0.15284,0.176558,0.130509,0.205616,0.073799,0.141012,0.059811,0.021933,0.009729,0.028192,,380400,,
3,0,,0.224318,0.222094,0.134324,0.158214,0.05971,0.098005,0.037516,0.025702,0.010648,0.02947,,386900,,
3,5,,0.167262,0.147033,0.144719,0.128019,0.094869,0.175216,0.067307,0.029114,0.009771,0.036691,,382900,,
3,0,,0.266772,0.231931,0.125683,0.095437,0.058501,0.105025,0.049942,0.024041,0.011198,0.03147,,382200,,
3,1,,0.157497,0.170533,0.135876,0.16549,0.091729,0.158933,0.056472,0.022313,0.007305,0.033852,,383300,,
3,1,,0.220025,0.230876,0.094952,0.229726,0.063819,0.07704,0.027305,0.0213,0.007755,0.027203,,388900,,
4,0,,0.24679,0.220481,0.154979,0.061707,0.062334,0.123604,0.062415,0.023217,0.009866,0.034605,,386300,,
4,5,,0.151353,0.135075,0.156197,0.115587,0.101404,0.187595,0.07707,0.02785,0.008897,0.038971,,385400,,
4,5,,0.072392,0.111418,0.126744,0.168423,0.125427,0.219147,0.110314,0.022351,0.006477,0.037309,,382900,,
4,5,,0.151353,0.135075,0.156197,0.115587,0.101404,0.187595,0.07707,0.02785,0.008897,0.038971,,384900,,
4,0,,0.231506,0.19969,0.175852,0.018215,0.072282,0.149758,0.076464,0.026891,0.010928,0.038412,,382200,,
4,0,,0.231506,0.19969,0.175852,0.018215,0.072282,0.149758,0.076464,0.026891,0.010928,0.038412,,383100,,
4,5,,0.072392,0.111418,0.126744,0.168423,0.125427,0.219147,0.110314,0.022351,0.006477,0.037309,,383600,,
4,5,,0.110944,0.102288,0.149847,0.14198,0.124842,0.220077,0.07763,0.026004,0.007068,0.03932,,387600,,
4,0,,0.222138,0.217371,0.125402,0.127735,0.062278,0.120961,0.055667,0.025436,0.009868,0.033144,,384200,,
4,5,,0.154638,0.135277,0.124313,0.164386,0.109164,0.185041,0.056974,0.026961,0.009133,0.034113,,382400,,
4,5,,0.095057,0.089512,0.144481,0.167646,0.127465,0.226014,0.07721,0.026584,0.006502,0.039528,,382900,,
5,0,,0.233559,0.200953,0.146202,0.070961,0.067525,0.131367,0.078056,0.026187,0.011658,0.033532,,391700,,
5,5,,0.108278,0.104194,0.13211,0.142756,0.122804,0.22321,0.100734,0.021771,0.007042,0.037101,,379900,,
5,5,,0.072606,0.109918,0.145172,0.168851,0.126284,0.215361,0.094028,0.023279,0.006477,0.038023,,382900,,
5,5,,0.162601,0.147736,0.157984,0.10773,0.09185,0.167317,0.093391,0.024674,0.009437,0.03728,,380500,,
5,5,,0.110944,0.102288,0.149847,0.14198,0.124842,0.220077,0.07763,0.026004,0.007068,0.03932,,380900,,
5,5,,0.110944,0.102288,0.149847,0.14198,0.124842,0.220077,0.07763,0.026004,0.007068,0.03932,,382000,,
5,5,,0.092392,0.091418,0.126744,0.168423,0.125427,0.219147,0.110314,0.022351,0.006477,0.037309,,380900,,
5,5,,0.119777,0.105841,0.120511,0.183508,0.120441,0.211206,0.065504,0.028528,0.00783,0.036855,,382800,,
5,5,,0.095057,0.089512,0.144481,0.167646,0.127465,0.226014,0.07721,0.026584,0.006502,0.039528,,386300,,
6,0,,0.231813,0.200299,0.17695,0.017067,0.071709,0.14941,0.077014,0.026547,0.010903,0.038287,,382300,,
6,5,,0.151353,0.135075,0.156197,0.115587,0.101404,0.187595,0.07707,0.02785,0.008897,0.038971,,384900,,
6,0,,0.218035,0.190804,0.175082,0.033654,0.074258,0.142734,0.093904,0.023769,0.010822,0.036938,,384600,,
6,0,,0.228841,0.201596,0.158115,0.018991,0.070243,0.142891,0.109568,0.022657,0.010903,0.036194,,382800,,
6,0,,0.220793,0.191007,0.175488,0.031301,0.074867,0.153038,0.077636,0.026731,0.010822,0.038318,,389600,,
6,0,,0.244628,0.213114,0.16739,0.025461,0.064509,0.130306,0.084144,0.024206,0.011458,0.034784,,382700,,
6,0,,0.202773,0.179695,0.172007,0.052737,0.077725,0.14989,0.093942,0.023839,0.010257,0.037136,,383900,,
7,0,,0.255936,0.223793,0.140163,0.071527,0.061902,0.117596,0.059847,0.02454,0.01064,0.034056,,383900,,
7,5,,0.154638,0.135277,0.124313,0.164386,0.109164,0.185041,0.056974,0.026961,0.009133,0.034113,,381200,,
7,0,,0.280682,0.26015,0.143931,0.03804,0.042995,0.095198,0.070796,0.02383,0.013036,0.031342,,385300,,
7,5,,0.138751,0.122501,0.118947,0.190053,0.111787,0.190978,0.056553,0.02754,0.008568,0.034321,,386100,,
7,0,,0.268658,0.232716,0.128642,0.07389,0.058481,0.113757,0.054674,0.025208,0.011099,0.032876,,383100,,
7,3,,0.182675,0.191687,0.114311,0.206746,0.082731,0.125239,0.036413,0.023144,0.007742,0.029313,,387800,,
8,0,,0.275731,0.236374,0.1412,0.034016,0.056765,0.111469,0.075259,0.024172,0.012782,0.032231,,388600,,
8,0,,0.248693,0.234719,0.16698,0.026859,0.053564,0.128632,0.065865,0.02718,0.011484,0.036023,,383900,,
8,5,,0.162386,0.149236,0.139556,0.107301,0.090993,0.171103,0.109677,0.023745,0.009437,0.036565,,382700,,
8,1,,0.284617,0.296975,0.139068,0.069795,0.038086,0.070271,0.04007,0.021709,0.010403,0.029006,,381100,,
9,0,,0.205224,0.179289,0.171316,0.051532,0.078906,0.160542,0.077124,0.027144,0.010282,0.03864,,383000,,