yeast,CWE,test,0,NANOSECONDS,PREDICTIONS, Generated by ClassifierExperiments.java on 2022-05-16 22:38:23.    SYSTEMPROPERTIES:{user.name:matth,os.arch:amd64,os.name:Windows 10},ENDSYSTEMPROPERTIES
No parameter info
0.36789297658862874,76469600,123610000,-1,0,10,,-1,-1
0,5,,0.167913,0.143489,0.171562,0.067936,0.141772,0.18732,0.079858,0.016998,0.009681,0.01347,,495700,,
0,1,,0.325326,0.326573,0.18238,0.054438,0.033697,0.034011,0.015423,0.01466,0.011591,0.001902,,408000,,
0,0,,0.283791,0.271365,0.188825,0.056499,0.072346,0.064633,0.032712,0.012241,0.010052,0.007538,,406400,,
0,0,,0.322069,0.244331,0.139234,0.072279,0.07932,0.070906,0.034606,0.020155,0.011306,0.005795,,439200,,
0,1,,0.331328,0.347434,0.197317,0.048398,0.010931,0.018513,0.022343,0.011121,0.011006,0.001609,,406100,,
0,1,,0.339841,0.344374,0.148397,0.055896,0.017157,0.040654,0.023466,0.017343,0.010969,0.001902,,484400,,
0,0,,0.290825,0.27826,0.173322,0.033259,0.066137,0.079215,0.043717,0.015265,0.011209,0.008791,,404500,,
0,0,,0.284525,0.270328,0.168517,0.028997,0.069264,0.088864,0.052481,0.017034,0.010953,0.009037,,407500,,
0,0,,0.298965,0.22727,0.195167,0.032934,0.097405,0.074891,0.042455,0.011471,0.010253,0.009189,,405300,,
0,0,,0.337592,0.314825,0.146592,0.047359,0.048669,0.049786,0.023275,0.017015,0.010768,0.00412,,404300,,
0,1,,0.321678,0.342614,0.196181,0.047248,0.013492,0.02642,0.027459,0.011362,0.011238,0.002307,,409100,,
0,0,,0.322324,0.299374,0.145644,0.041174,0.054758,0.056164,0.044811,0.018811,0.011117,0.005824,,404800,,
0,0,,0.304525,0.230328,0.168517,0.028997,0.089264,0.088864,0.052481,0.017034,0.010953,0.009037,,404800,,
0,0,,0.255739,0.212117,0.190125,0.022209,0.097218,0.123644,0.061064,0.014752,0.011323,0.011809,,404400,,
0,1,,0.291956,0.324406,0.142726,0.147279,0.018562,0.037408,0.008835,0.016626,0.011022,0.00118,,405200,,
0,0,,0.233311,0.187962,0.1842,0.073491,0.13436,0.10263,0.048844,0.01442,0.01027,0.010513,,407800,,
0,0,,0.304525,0.230328,0.168517,0.028997,0.089264,0.078864,0.062481,0.017034,0.010953,0.009037,,403200,,
0,1,,0.311036,0.334789,0.200235,0.058562,0.015614,0.037341,0.017015,0.011662,0.011503,0.002243,,452600,,
0,0,,0.284494,0.271736,0.199535,0.027515,0.065068,0.075973,0.044155,0.012329,0.011207,0.007988,,407600,,
0,1,,0.321678,0.342614,0.196181,0.047248,0.013492,0.03642,0.017459,0.011362,0.011238,0.002307,,406000,,
0,1,,0.340459,0.3633,0.16846,0.057824,0.009244,0.025089,0.009754,0.014014,0.010776,0.001079,,405200,,
0,0,,0.24104,0.195845,0.13426,0.103782,0.103469,0.129349,0.05244,0.019709,0.010674,0.009431,,405100,,
0,0,,0.24874,0.192533,0.19182,0.013889,0.101867,0.139693,0.072546,0.013159,0.011218,0.014536,,408300,,
0,0,,0.2708,0.206748,0.139538,0.103782,0.107965,0.093033,0.041387,0.017604,0.010148,0.008995,,475700,,
0,0,,0.286393,0.283532,0.192988,0.027648,0.071859,0.068438,0.038306,0.012536,0.010034,0.008265,,405600,,
0,0,,0.259898,0.244795,0.193371,0.018436,0.074403,0.106854,0.065527,0.013407,0.011094,0.012215,,407400,,
0,0,,0.328624,0.307306,0.150449,0.045436,0.051631,0.056515,0.026047,0.017041,0.011373,0.005578,,403900,,
0,0,,0.247407,0.192866,0.188264,0.015667,0.100867,0.139138,0.078101,0.013714,0.010774,0.013202,,409900,,
0,0,,0.223551,0.17706,0.178922,0.073491,0.129864,0.118946,0.059896,0.016525,0.010796,0.010949,,405400,,
0,1,,0.317656,0.318542,0.20276,0.046196,0.03492,0.037373,0.017459,0.011337,0.011451,0.002307,,413900,,
0,0,,0.334993,0.313075,0.149013,0.047359,0.049106,0.049848,0.023895,0.017324,0.011141,0.004245,,405500,,
0,0,,0.279947,0.221661,0.184923,0.056891,0.099427,0.080341,0.043466,0.01417,0.010197,0.008976,,407200,,
0,1,,0.321678,0.342614,0.196181,0.047248,0.013492,0.02642,0.027459,0.011362,0.011238,0.002307,,405800,,
0,0,,0.339841,0.324374,0.148397,0.055896,0.037157,0.040654,0.023466,0.017343,0.010969,0.001902,,405800,,
0,5,,0.142824,0.124427,0.166271,0.1028,0.150828,0.197489,0.07344,0.017286,0.009843,0.014793,,412100,,
0,0,,0.276822,0.264892,0.166397,0.028851,0.070789,0.094975,0.060188,0.017307,0.010741,0.009037,,401400,,
0,0,,0.315954,0.253605,0.147079,0.03925,0.077283,0.092831,0.036962,0.018528,0.01135,0.007157,,409400,,
0,0,,0.282197,0.277488,0.169284,0.063964,0.058995,0.077906,0.036272,0.016341,0.011133,0.006419,,405400,,
0,0,,0.210273,0.164678,0.177479,0.07512,0.136215,0.133168,0.063916,0.016632,0.010725,0.011794,,405200,,
0,1,,0.311243,0.342047,0.199918,0.051228,0.014802,0.037061,0.017665,0.012557,0.011172,0.002307,,440300,,
0,0,,0.296796,0.222445,0.198457,0.018706,0.100155,0.082146,0.048885,0.011744,0.010549,0.010118,,499200,,
0,0,,0.305585,0.231023,0.197691,0.020568,0.096712,0.074923,0.0429,0.011146,0.010201,0.009252,,408600,,
0,0,,0.276822,0.224892,0.166397,0.028851,0.090789,0.114975,0.060188,0.017307,0.010741,0.009037,,404900,,
0,0,,0.25511,0.198302,0.190384,0.015812,0.099341,0.133027,0.070394,0.013441,0.010986,0.013202,,404100,,
0,0,,0.319506,0.305942,0.19483,0.040262,0.044162,0.044586,0.024917,0.011261,0.010454,0.004081,,407000,,
0,0,,0.287036,0.211543,0.193179,0.018706,0.095659,0.098461,0.059937,0.013849,0.011076,0.010554,,404300,,
0,0,,0.267845,0.264052,0.188476,0.025786,0.070806,0.091977,0.055344,0.015239,0.010908,0.009567,,408600,,
0,0,,0.266089,0.25187,0.196379,0.019675,0.074607,0.097289,0.058638,0.013611,0.011366,0.010476,,407500,,
0,0,,0.2421,0.19654,0.183434,0.075353,0.130917,0.095407,0.042858,0.013821,0.009922,0.009647,,408800,,
0,0,,0.255455,0.214433,0.181055,0.038446,0.093269,0.118229,0.062642,0.016218,0.010751,0.009503,,408500,,
0,0,,0.297195,0.284029,0.171887,0.035182,0.063612,0.072548,0.041566,0.015547,0.010977,0.007458,,405100,,
0,0,,0.342324,0.259374,0.145644,0.041174,0.074758,0.066164,0.034811,0.018811,0.011117,0.005824,,418300,,
0,0,,0.283282,0.272044,0.171665,0.036543,0.068601,0.088437,0.044169,0.015576,0.010955,0.008728,,405400,,
0,0,,0.272021,0.259442,0.113143,0.119107,0.066943,0.093451,0.03664,0.021217,0.010779,0.007257,,406300,,
0,1,,0.329935,0.351845,0.184799,0.058916,0.010906,0.026104,0.010605,0.014028,0.011657,0.001204,,450900,,
0,0,,0.282819,0.274765,0.166619,0.061964,0.074878,0.070068,0.035239,0.015675,0.010268,0.007706,,402900,,
0,1,,0.33999,0.348983,0.135035,0.091108,0.015537,0.030364,0.009818,0.017564,0.010551,0.00105,,407000,,
0,0,,0.270213,0.216992,0.110135,0.106731,0.09226,0.122013,0.043372,0.021745,0.010321,0.006218,,404200,,
0,1,,0.351998,0.354238,0.137764,0.058963,0.015102,0.034715,0.016208,0.017956,0.011154,0.001902,,478900,,
0,0,,0.284494,0.271736,0.199535,0.027515,0.065068,0.075973,0.044155,0.012329,0.011207,0.007988,,407100,,
0,1,,0.318956,0.340804,0.183815,0.052515,0.016222,0.040677,0.017575,0.014377,0.011823,0.003235,,404100,,
0,1,,0.312625,0.334281,0.210028,0.046771,0.015154,0.037435,0.018012,0.011441,0.011821,0.002432,,407900,,
0,0,,0.284525,0.270328,0.168517,0.028997,0.069264,0.088864,0.052481,0.017034,0.010953,0.009037,,403000,,
0,0,,0.284183,0.270688,0.199022,0.02133,0.074779,0.07591,0.043396,0.011402,0.010284,0.009005,,404400,,
0,0,,0.314621,0.253939,0.143524,0.041028,0.076283,0.092275,0.042518,0.019083,0.010905,0.005824,,404500,,
0,0,,0.299643,0.290222,0.198617,0.036198,0.051157,0.060605,0.035397,0.011766,0.010874,0.00552,,403700,,
0,1,,0.245749,0.252789,0.144915,0.14396,0.07739,0.071054,0.031119,0.016054,0.009429,0.00754,,413100,,
0,0,,0.185255,0.15805,0.177563,0.068674,0.136072,0.160178,0.072505,0.015834,0.010939,0.01493,,408300,,
0,0,,0.304525,0.230328,0.168517,0.028997,0.089264,0.088864,0.052481,0.017034,0.010953,0.009037,,413200,,
0,0,,0.2813,0.205377,0.193392,0.017051,0.099545,0.103461,0.063506,0.013645,0.011258,0.011463,,402100,,
0,0,,0.299537,0.234523,0.190978,0.026225,0.095546,0.075833,0.044327,0.013515,0.010385,0.00913,,415200,,
0,1,,0.309144,0.323383,0.118132,0.149458,0.02073,0.038003,0.009724,0.019141,0.010981,0.001305,,411600,,
0,1,,0.317656,0.338542,0.20276,0.046196,0.01492,0.037373,0.017459,0.011337,0.011451,0.002307,,411600,,
0,0,,0.297045,0.288472,0.201039,0.036198,0.051594,0.060668,0.036018,0.012075,0.011247,0.005645,,403100,,
0,5,,0.142824,0.124427,0.166271,0.1028,0.150828,0.197489,0.07344,0.017286,0.009843,0.014793,,404100,,
0,0,,0.296438,0.285802,0.101456,0.139219,0.056465,0.061386,0.023127,0.020912,0.010848,0.004345,,481500,,
0,0,,0.280416,0.20779,0.190654,0.031072,0.096352,0.09843,0.059493,0.014174,0.011127,0.010491,,408800,,
0,1,,0.272599,0.312427,0.15749,0.14003,0.023139,0.0486,0.016551,0.015844,0.010914,0.002407,,404900,,
0,0,,0.24874,0.192533,0.19182,0.013889,0.101867,0.139693,0.072546,0.013159,0.011218,0.014536,,406500,,
0,0,,0.305585,0.231023,0.197691,0.020568,0.096712,0.074923,0.0429,0.011146,0.010201,0.009252,,405600,,
0,0,,0.276822,0.224892,0.166397,0.028851,0.090789,0.114975,0.060188,0.017307,0.010741,0.009037,,408900,,
0,0,,0.296883,0.28298,0.171374,0.028997,0.073322,0.072486,0.040807,0.01462,0.010054,0.008476,,404300,,
0,0,,0.315954,0.253605,0.147079,0.03925,0.077283,0.092831,0.036962,0.018528,0.01135,0.007157,,406300,,
0,0,,0.305585,0.231023,0.197691,0.020568,0.096712,0.074923,0.0429,0.011146,0.010201,0.009252,,425900,,
0,0,,0.304525,0.230328,0.168517,0.028997,0.089264,0.088864,0.052481,0.017034,0.010953,0.009037,,405200,,
0,1,,0.310578,0.339866,0.199563,0.051666,0.015483,0.037296,0.018321,0.013246,0.011549,0.002432,,405000,,
0,0,,0.284525,0.270328,0.168517,0.028997,0.069264,0.088864,0.052481,0.017034,0.010953,0.009037,,404500,,
0,0,,0.314285,0.24123,0.173795,0.028997,0.09376,0.072548,0.041428,0.014929,0.010427,0.008601,,410700,,
0,0,,0.304525,0.230328,0.168517,0.028997,0.089264,0.078864,0.062481,0.017034,0.010953,0.009037,,406100,,
0,0,,0.296796,0.222445,0.198457,0.018706,0.100155,0.082146,0.048885,0.011744,0.010549,0.010118,,403800,,
0,0,,0.288327,0.283101,0.190212,0.028086,0.072103,0.06861,0.038342,0.012917,0.010037,0.008265,,465000,,
0,1,,0.325326,0.346573,0.18238,0.054438,0.013697,0.034011,0.015423,0.01466,0.011591,0.001902,,402800,,
0,1,,0.270984,0.271202,0.19123,0.038152,0.075996,0.07563,0.043847,0.013459,0.010433,0.009067,,405200,,
1,1,,0.286634,0.313071,0.203832,0.076222,0.023602,0.047177,0.021376,0.012581,0.012192,0.003312,,404200,,
1,0,,0.315954,0.253605,0.147079,0.03925,0.077283,0.092831,0.036962,0.018528,0.01135,0.007157,,404000,,
1,0,,0.233748,0.187613,0.136563,0.092776,0.107765,0.145269,0.055487,0.019413,0.010601,0.010765,,438000,,
1,1,,0.322232,0.34641,0.182679,0.058771,0.012432,0.032215,0.018312,0.014301,0.011445,0.001204,,405600,,
1,0,,0.289778,0.223621,0.1857,0.026225,0.09105,0.092149,0.055379,0.01562,0.010911,0.009567,,485000,,
1,0,,0.305984,0.292607,0.17112,0.037044,0.060168,0.065325,0.035581,0.014949,0.010629,0.006592,,404700,,
1,0,,0.286664,0.276562,0.196244,0.041744,0.062319,0.068718,0.037725,0.012055,0.01091,0.007058,,406700,,
1,0,,0.303074,0.289808,0.173029,0.030859,0.070317,0.065325,0.035443,0.014331,0.010079,0.007735,,404700,,
1,0,,0.287093,0.273486,0.197114,0.027515,0.064631,0.07591,0.043534,0.01202,0.010834,0.007863,,408100,,
1,0,,0.269458,0.2678,0.18798,0.042853,0.068617,0.082468,0.046171,0.014176,0.011219,0.009257,,406300,,
1,1,,0.287347,0.299134,0.140306,0.142802,0.041353,0.045315,0.013653,0.017258,0.010956,0.001877,,403800,,
1,0,,0.364841,0.364681,0.135588,0.059903,0.031205,0.005621,0.010022,0.016622,0.010438,0.001079,,406100,,
1,0,,0.284525,0.230328,0.168517,0.028997,0.089264,0.108864,0.052481,0.017034,0.010953,0.009037,,407200,,
1,0,,0.278155,0.224559,0.169952,0.027074,0.091789,0.115531,0.054633,0.016751,0.011186,0.01037,,409500,,
1,1,,0.297241,0.309878,0.118016,0.133975,0.027817,0.061831,0.017589,0.019476,0.010843,0.003336,,421500,,
1,0,,0.278155,0.224559,0.169952,0.027074,0.091789,0.115531,0.054633,0.016751,0.011186,0.01037,,414700,,
1,0,,0.276822,0.224892,0.166397,0.028851,0.090789,0.104975,0.070188,0.017307,0.010741,0.009037,,416800,,
1,0,,0.311197,0.237544,0.114243,0.115959,0.093022,0.07027,0.023096,0.019072,0.009939,0.005657,,405800,,
1,1,,0.312625,0.334281,0.210028,0.046771,0.015154,0.037435,0.018012,0.011441,0.011821,0.002432,,406800,,
1,0,,0.274778,0.271587,0.192059,0.030317,0.069041,0.080661,0.047997,0.013548,0.011114,0.008897,,443200,,
1,0,,0.278155,0.264559,0.169952,0.027074,0.071789,0.095531,0.054633,0.016751,0.011186,0.01037,,404100,,
1,0,,0.289778,0.223621,0.1857,0.026225,0.09105,0.092149,0.055379,0.01562,0.010911,0.009567,,409200,,
1,1,,0.245086,0.291151,0.128831,0.204176,0.031234,0.054927,0.012523,0.019059,0.011148,0.001865,,401100,,
1,0,,0.319257,0.239915,0.192248,0.02277,0.092722,0.066063,0.037783,0.01093,0.009756,0.008555,,404000,,
1,0,,0.354682,0.272027,0.148501,0.041174,0.078817,0.049786,0.023137,0.016397,0.010218,0.005263,,484300,,
1,1,,0.188262,0.205196,0.177314,0.078147,0.105588,0.133586,0.072912,0.016369,0.010311,0.012315,,403100,,
1,1,,0.334379,0.354907,0.168532,0.054915,0.012035,0.032996,0.01487,0.014581,0.011008,0.001777,,420500,,
1,0,,0.289492,0.278593,0.169766,0.035037,0.065137,0.078659,0.049273,0.01582,0.010765,0.007458,,399700,,
1,0,,0.321999,0.251993,0.184769,0.030289,0.088113,0.059751,0.033225,0.012701,0.009592,0.007567,,401800,,
1,1,,0.282316,0.314873,0.147575,0.143377,0.021586,0.045378,0.014206,0.017362,0.011325,0.002002,,401900,,
1,1,,0.214865,0.236284,0.182206,0.108821,0.093651,0.087308,0.042493,0.015356,0.010993,0.008024,,400200,,
1,1,,0.306889,0.328115,0.210242,0.045117,0.019041,0.042435,0.02158,0.011237,0.012003,0.003341,,401700,,
1,0,,0.305585,0.231023,0.197691,0.020568,0.096712,0.074923,0.0429,0.011146,0.010201,0.009252,,401600,,
1,1,,0.302909,0.334131,0.202552,0.049574,0.019127,0.042124,0.021854,0.012661,0.011728,0.003341,,401700,,
1,0,,0.276822,0.224892,0.166397,0.028851,0.090789,0.104975,0.070188,0.017307,0.010741,0.009037,,399900,,
1,1,,0.331328,0.347434,0.197317,0.048398,0.010931,0.028513,0.012343,0.011121,0.011006,0.001609,,399400,,
1,0,,0.331009,0.308673,0.134739,0.080666,0.049241,0.045669,0.017954,0.018144,0.010511,0.003393,,481500,,
1,1,,0.325326,0.346573,0.18238,0.054438,0.013697,0.034011,0.015423,0.01466,0.011591,0.001902,,408400,,
1,1,,0.318706,0.342821,0.179855,0.066805,0.014391,0.033979,0.014979,0.014985,0.011642,0.001839,,407400,,
1,0,,0.216008,0.170844,0.177265,0.076774,0.132329,0.128168,0.060347,0.016836,0.010542,0.010885,,405800,,
1,0,,0.274964,0.265186,0.198919,0.033696,0.07591,0.075941,0.043573,0.012035,0.010708,0.009067,,406700,,
1,0,,0.228485,0.177489,0.18541,0.044994,0.106428,0.144436,0.072341,0.014503,0.011407,0.014507,,407200,,
1,1,,0.360246,0.364026,0.141445,0.060003,0.010975,0.025621,0.010022,0.01622,0.010363,0.001079,,403500,,
1,0,,0.363815,0.360452,0.142653,0.058243,0.011205,0.025621,0.010022,0.016546,0.010363,0.001079,,408000,,
1,1,,0.297449,0.3316,0.133656,0.146763,0.017133,0.036456,0.008536,0.016716,0.01051,0.00118,,399300,,
1,0,,0.357195,0.3567,0.140128,0.07061,0.011899,0.02559,0.009577,0.016871,0.010414,0.001016,,401300,,
1,0,,0.342324,0.259374,0.145644,0.041174,0.074758,0.066164,0.034811,0.018811,0.011117,0.005824,,402000,,
1,0,,0.305984,0.292607,0.17112,0.037044,0.060168,0.065325,0.035581,0.014949,0.010629,0.006592,,504300,,
1,0,,0.211207,0.176707,0.14813,0.107577,0.110184,0.151078,0.05624,0.018918,0.010124,0.009834,,404000,,
1,0,,0.24874,0.192533,0.19182,0.013889,0.101867,0.139693,0.072546,0.013159,0.011218,0.014536,,402600,,
1,0,,0.368355,0.280919,0.143058,0.043376,0.074828,0.040926,0.018021,0.016181,0.009772,0.004565,,406000,,
1,0,,0.266198,0.252727,0.198176,0.022699,0.071276,0.097205,0.056763,0.011638,0.01135,0.011969,,413300,,
1,1,,0.34445,0.349647,0.150816,0.060374,0.014367,0.032747,0.018648,0.016711,0.011035,0.001204,,404500,,
1,0,,0.278155,0.224559,0.169952,0.027074,0.091789,0.115531,0.054633,0.016751,0.011186,0.01037,,402500,,
1,0,,0.297195,0.284029,0.171887,0.035182,0.063612,0.072548,0.041566,0.015547,0.010977,0.007458,,399500,,
1,0,,0.287036,0.211543,0.193179,0.018706,0.095659,0.098461,0.059937,0.013849,0.011076,0.010554,,407500,,
1,0,,0.284525,0.270328,0.168517,0.028997,0.069264,0.088864,0.052481,0.017034,0.010953,0.009037,,402200,,
1,0,,0.266089,0.25187,0.196379,0.019675,0.074607,0.097289,0.058638,0.013611,0.011366,0.010476,,401300,,
1,1,,0.311073,0.33239,0.190907,0.079503,0.015493,0.033255,0.012138,0.012466,0.011194,0.00158,,401200,,
1,1,,0.330356,0.350834,0.175111,0.053863,0.013464,0.033948,0.01487,0.014556,0.011221,0.001777,,400700,,
1,1,,0.29803,0.334787,0.19108,0.086235,0.016777,0.033896,0.012711,0.013473,0.011431,0.00158,,402900,,
1,1,,0.329935,0.351845,0.184799,0.058916,0.010906,0.026104,0.010605,0.014028,0.011657,0.001204,,400700,,
1,1,,0.289524,0.321895,0.147573,0.147855,0.018358,0.037408,0.008767,0.016422,0.011018,0.00118,,403200,,
1,0,,0.284525,0.270328,0.168517,0.028997,0.069264,0.088864,0.052481,0.017034,0.010953,0.009037,,401100,,
1,1,,0.327759,0.371008,0.196109,0.050157,0.010701,0.008513,0.012343,0.010795,0.011006,0.001609,,405200,,
1,0,,0.305585,0.231023,0.197691,0.020568,0.096712,0.074923,0.0429,0.011146,0.010201,0.009252,,489400,,
1,0,,0.182044,0.1459,0.166762,0.116699,0.142849,0.147003,0.059936,0.01799,0.010005,0.010812,,402900,,
1,0,,0.284525,0.270328,0.168517,0.028997,0.069264,0.078864,0.062481,0.017034,0.010953,0.009037,,405500,,
1,0,,0.363815,0.360452,0.142653,0.058243,0.011205,0.025621,0.010022,0.016546,0.010363,0.001079,,400200,,
1,0,,0.255739,0.212117,0.190125,0.022209,0.097218,0.123644,0.061064,0.014752,0.011323,0.011809,,401400,,
1,0,,0.253528,0.239026,0.194806,0.016513,0.076928,0.11352,0.067678,0.013124,0.011326,0.013548,,403700,,
1,1,,0.294329,0.315271,0.208669,0.041955,0.021362,0.058667,0.03062,0.01075,0.011963,0.006413,,402100,,
1,0,,0.318534,0.309342,0.172624,0.045726,0.046694,0.05002,0.027444,0.014695,0.010669,0.004249,,428000,,
1,0,,0.271825,0.258036,0.196166,0.02133,0.07072,0.092289,0.05507,0.013815,0.011183,0.009567,,403000,,
1,0,,0.306956,0.289207,0.193326,0.031579,0.057636,0.05989,0.033053,0.011515,0.010413,0.006424,,425200,,
1,1,,0.344029,0.359726,0.169668,0.056065,0.009474,0.025089,0.009754,0.01434,0.010776,0.001079,,439100,,
1,1,,0.284914,0.316623,0.145154,0.143377,0.021148,0.045315,0.013585,0.017054,0.010952,0.001877,,401100,,
1,0,,0.276822,0.224892,0.166397,0.028851,0.090789,0.114975,0.060188,0.017307,0.010741,0.009037,,406000,,
1,1,,0.311742,0.325133,0.11571,0.149458,0.020293,0.037941,0.009103,0.018832,0.010609,0.00118,,402400,,
1,0,,0.297195,0.284029,0.171887,0.035182,0.063612,0.072548,0.041566,0.015547,0.010977,0.007458,,401400,,
1,0,,0.308001,0.250186,0.140999,0.053395,0.076977,0.092243,0.042073,0.019408,0.010957,0.00576,,402700,,
1,0,,0.351265,0.323717,0.141149,0.049561,0.044679,0.030926,0.028158,0.0168,0.010322,0.003422,,402300,,
1,0,,0.293284,0.280314,0.198769,0.029377,0.061625,0.06875,0.03817,0.01173,0.010859,0.007122,,410400,,
1,1,,0.312625,0.334281,0.210028,0.046771,0.015154,0.037435,0.018012,0.011441,0.011821,0.002432,,404200,,
1,0,,0.304046,0.286408,0.195235,0.025394,0.067784,0.05989,0.032916,0.010896,0.009864,0.007567,,404900,,
1,1,,0.325326,0.346573,0.18238,0.054438,0.013697,0.034011,0.015423,0.01466,0.011591,0.001902,,491000,,
2,0,,0.227562,0.175026,0.186278,0.035911,0.108199,0.153689,0.073237,0.014489,0.011102,0.014507,,410200,,
2,0,,0.24874,0.192533,0.19182,0.013889,0.101867,0.139693,0.072546,0.013159,0.011218,0.014536,,406000,,
2,1,,0.178912,0.211005,0.172742,0.151643,0.112549,0.09689,0.041049,0.015905,0.010211,0.009094,,414000,,
2,0,,0.299394,0.224195,0.196036,0.018706,0.099717,0.082083,0.048264,0.011436,0.010176,0.009993,,409100,,
2,0,,0.266089,0.25187,0.196379,0.019675,0.074607,0.097289,0.058638,0.013611,0.011366,0.010476,,402700,,
2,5,,0.142824,0.124427,0.166271,0.1028,0.150828,0.197489,0.07344,0.017286,0.009843,0.014793,,436100,,
2,0,,0.190907,0.156787,0.120848,0.137762,0.11975,0.172771,0.061083,0.021434,0.009366,0.009294,,408500,,
2,0,,0.24874,0.192533,0.19182,0.013889,0.101867,0.139693,0.072546,0.013159,0.011218,0.014536,,406100,,
2,0,,0.182999,0.15592,0.174875,0.061369,0.136843,0.168876,0.078956,0.016376,0.010189,0.013597,,407800,,
2,0,,0.233748,0.187613,0.136563,0.092776,0.107765,0.145269,0.055487,0.019413,0.010601,0.010765,,403400,,
2,0,,0.226228,0.175359,0.182723,0.037689,0.107199,0.153134,0.078792,0.015045,0.010657,0.013173,,410200,,
2,5,,0.169607,0.137205,0.118815,0.142551,0.131927,0.200856,0.057161,0.021803,0.009342,0.010731,,401600,,
2,1,,0.190519,0.207326,0.180002,0.085452,0.104817,0.124887,0.066461,0.015827,0.01106,0.013648,,399800,,
2,1,,0.267568,0.308166,0.164758,0.140605,0.023372,0.048663,0.017104,0.015949,0.011283,0.002532,,428000,,
2,0,,0.266198,0.252727,0.198176,0.022699,0.071276,0.097205,0.056763,0.011638,0.01135,0.011969,,401500,,
2,0,,0.217329,0.175515,0.129695,0.101121,0.111694,0.163158,0.061945,0.020591,0.009649,0.009304,,403500,,
2,5,,0.120192,0.105179,0.160682,0.109367,0.162005,0.225019,0.075074,0.018211,0.009375,0.014897,,401700,,
2,0,,0.24874,0.192533,0.19182,0.013889,0.101867,0.139693,0.072546,0.013159,0.011218,0.014536,,473700,,
2,0,,0.24874,0.192533,0.19182,0.013889,0.101867,0.139693,0.072546,0.013159,0.011218,0.014536,,410600,,
2,0,,0.278748,0.269462,0.19968,0.031381,0.057802,0.0819,0.048627,0.011384,0.01139,0.009626,,401600,,
2,1,,0.182053,0.198647,0.179213,0.079653,0.109052,0.143363,0.067807,0.016125,0.010501,0.013585,,405100,,
2,1,,0.317656,0.338542,0.20276,0.046196,0.01492,0.037373,0.017459,0.011337,0.011451,0.002307,,404500,,
2,0,,0.184332,0.155587,0.178431,0.059591,0.137843,0.169432,0.0734,0.01582,0.010634,0.01493,,422100,,
2,0,,0.247407,0.192866,0.188264,0.015667,0.100867,0.139138,0.078101,0.013714,0.010774,0.013202,,414100,,
2,0,,0.252195,0.23936,0.191251,0.018291,0.075928,0.112965,0.073234,0.01368,0.010882,0.012215,,401000,,
2,0,,0.247407,0.192866,0.188264,0.015667,0.100867,0.139138,0.078101,0.013714,0.010774,0.013202,,402000,,
2,1,,0.189596,0.204863,0.18087,0.076369,0.106588,0.134141,0.067356,0.015813,0.010755,0.013648,,401500,,
2,0,,0.191625,0.163819,0.176127,0.070597,0.133547,0.153511,0.070353,0.016117,0.010707,0.013597,,403200,,
2,5,,0.141491,0.124761,0.162715,0.104577,0.149828,0.186933,0.088996,0.017841,0.009398,0.01346,,402300,,
2,0,,0.247407,0.192866,0.188264,0.015667,0.100867,0.139138,0.078101,0.013714,0.010774,0.013202,,400400,,
2,1,,0.327759,0.371008,0.196109,0.050157,0.010701,0.008513,0.012343,0.010795,0.011006,0.001609,,402800,,
2,1,,0.306889,0.328115,0.210242,0.045117,0.019041,0.042435,0.02158,0.011237,0.012003,0.003341,,400400,,
2,0,,0.271825,0.258036,0.196166,0.02133,0.07072,0.092289,0.05507,0.013815,0.011183,0.009567,,401500,,
2,0,,0.287036,0.211543,0.193179,0.018706,0.095659,0.098461,0.059937,0.013849,0.011076,0.010554,,401200,,
2,1,,0.27369,0.286974,0.146323,0.134149,0.044882,0.060742,0.022808,0.017622,0.010808,0.002002,,399600,,
2,5,,0.141491,0.124761,0.162715,0.104577,0.149828,0.196933,0.078996,0.017841,0.009398,0.01346,,478500,,
2,0,,0.293443,0.236432,0.137982,0.063051,0.082616,0.106271,0.043209,0.020414,0.010789,0.005795,,400600,,
2,1,,0.189596,0.204863,0.18087,0.076369,0.106588,0.134141,0.067356,0.015813,0.010755,0.013648,,403600,,
2,0,,0.227562,0.175026,0.186278,0.035911,0.108199,0.153689,0.073237,0.014489,0.011102,0.014507,,410400,,
2,5,,0.142824,0.124427,0.166271,0.1028,0.150828,0.197489,0.07344,0.017286,0.009843,0.014793,,402600,,
2,0,,0.184332,0.155587,0.178431,0.059591,0.137843,0.169432,0.0734,0.01582,0.010634,0.01493,,402000,,
2,0,,0.25511,0.198302,0.190384,0.015812,0.099341,0.133027,0.070394,0.013441,0.010986,0.013202,,402400,,
2,0,,0.287036,0.211543,0.193179,0.018706,0.095659,0.098461,0.059937,0.013849,0.011076,0.010554,,410900,,
2,0,,0.271825,0.258036,0.196166,0.02133,0.07072,0.092289,0.05507,0.013815,0.011183,0.009567,,402600,,
2,0,,0.191625,0.163819,0.176127,0.070597,0.133547,0.153511,0.070353,0.016117,0.010707,0.013597,,406300,,
2,0,,0.24874,0.192533,0.19182,0.013889,0.101867,0.139693,0.072546,0.013159,0.011218,0.014536,,408700,,
2,0,,0.232414,0.187946,0.133008,0.094554,0.106765,0.144714,0.061043,0.019969,0.010157,0.009431,,400900,,
2,0,,0.247407,0.192866,0.188264,0.015667,0.100867,0.139138,0.078101,0.013714,0.010774,0.013202,,404200,,
2,0,,0.282448,0.277321,0.18907,0.03241,0.065398,0.075833,0.044464,0.014134,0.010935,0.007988,,401000,,
3,1,,0.193896,0.248446,0.091702,0.238359,0.068707,0.109928,0.01261,0.023845,0.009409,0.003097,,403200,,
3,0,,0.255127,0.204561,0.106822,0.113298,0.097188,0.140457,0.044274,0.022368,0.009813,0.006091,,403100,,
3,1,,0.179138,0.238678,0.136573,0.226359,0.05337,0.113785,0.01812,0.020923,0.00977,0.003285,,400700,,
3,5,,0.169607,0.137205,0.118815,0.142551,0.131927,0.200856,0.057161,0.021803,0.009342,0.010731,,401900,,
3,1,,0.187438,0.250189,0.12341,0.245001,0.048604,0.094325,0.016397,0.021179,0.010171,0.003285,,401900,,
3,3,,0.167601,0.187768,0.10716,0.22804,0.097957,0.13053,0.039573,0.023251,0.009809,0.008311,,514900,,
3,3,,0.193885,0.225386,0.11939,0.229131,0.071584,0.1105,0.015222,0.022336,0.009812,0.002755,,401500,,
3,1,,0.22326,0.27252,0.131698,0.211784,0.03664,0.08394,0.009886,0.019148,0.010146,0.000977,,403700,,
3,1,,0.217803,0.230125,0.126749,0.181172,0.088087,0.086305,0.033096,0.018834,0.010006,0.007823,,420700,,
3,1,,0.255323,0.261515,0.101432,0.188044,0.058031,0.080079,0.022289,0.021511,0.009912,0.001865,,403300,,
3,0,,0.241786,0.198159,0.086473,0.162088,0.101419,0.134877,0.035259,0.023837,0.01002,0.006081,,471200,,
3,3,,0.147601,0.187768,0.10716,0.22804,0.117957,0.13053,0.039573,0.023251,0.009809,0.008311,,409300,,
3,0,,0.19224,0.156453,0.124403,0.135984,0.12075,0.173326,0.055527,0.020878,0.00981,0.010627,,432200,,
3,0,,0.19224,0.156453,0.124403,0.135984,0.12075,0.173326,0.055527,0.020878,0.00981,0.010627,,403600,,
3,0,,0.207582,0.158803,0.120921,0.16264,0.130357,0.139366,0.042166,0.020008,0.009194,0.008962,,406200,,
3,1,,0.202773,0.258096,0.115225,0.251198,0.045456,0.084085,0.008681,0.021936,0.010492,0.002057,,411300,,
3,1,,0.178633,0.246988,0.176552,0.181224,0.06178,0.10193,0.022931,0.015521,0.010286,0.004155,,401700,,
3,1,,0.260026,0.30195,0.163102,0.143889,0.025836,0.057885,0.017555,0.01626,0.011029,0.002469,,401700,,
3,5,,0.147191,0.124763,0.138987,0.137687,0.137356,0.208969,0.063593,0.019805,0.009479,0.01217,,400800,,
3,1,,0.247254,0.247528,0.134044,0.130302,0.081905,0.083821,0.039145,0.017648,0.00984,0.008513,,400200,,
3,0,,0.207406,0.166251,0.095941,0.154728,0.117421,0.178156,0.039491,0.02358,0.009506,0.007518,,399400,,
3,0,,0.177493,0.149746,0.141586,0.133212,0.122536,0.176611,0.058425,0.019465,0.009768,0.011157,,400700,,
3,3,,0.213681,0.266642,0.105627,0.267089,0.040716,0.064625,0.006591,0.022379,0.010591,0.002057,,400400,,
3,1,,0.20122,0.257581,0.151185,0.198006,0.042722,0.103145,0.015831,0.017438,0.010031,0.00284,,577600,,
3,3,,0.180816,0.258367,0.119525,0.265928,0.058935,0.074968,0.007436,0.021759,0.010502,0.001763,,441100,,
3,1,,0.255189,0.303617,0.12218,0.208137,0.027014,0.046068,0.007406,0.018518,0.010703,0.001168,,410300,,
3,1,,0.238125,0.280753,0.140138,0.180058,0.036076,0.081448,0.012475,0.0179,0.010527,0.002501,,401800,,
3,0,,0.176159,0.150079,0.138031,0.13499,0.121536,0.176056,0.063981,0.02002,0.009324,0.009824,,413100,,
3,5,,0.118858,0.105512,0.157127,0.111145,0.161005,0.224463,0.08063,0.018766,0.00893,0.013563,,413900,,
3,1,,0.187555,0.230281,0.179017,0.146797,0.083006,0.106789,0.035894,0.01546,0.010157,0.005043,,415700,,
3,1,,0.17174,0.211291,0.166749,0.173078,0.100104,0.109114,0.034684,0.017195,0.010333,0.005712,,406600,,
3,1,,0.178633,0.246988,0.176552,0.181224,0.06178,0.10193,0.022931,0.015521,0.010286,0.004155,,417700,,
3,3,,0.166678,0.185305,0.108028,0.218958,0.099727,0.139784,0.040469,0.023237,0.009504,0.008311,,453000,,
4,5,,0.142824,0.124427,0.166271,0.1028,0.150828,0.197489,0.07344,0.017286,0.009843,0.014793,,416600,,
4,0,,0.24874,0.192533,0.19182,0.013889,0.101867,0.139693,0.072546,0.013159,0.011218,0.014536,,419200,,
4,1,,0.274107,0.311629,0.135257,0.167535,0.02274,0.045252,0.012764,0.017908,0.011059,0.00175,,424000,,
4,1,,0.255734,0.258718,0.105856,0.177183,0.060802,0.089888,0.017629,0.020942,0.010051,0.003199,,408300,,
4,1,,0.284749,0.319454,0.131203,0.156221,0.020618,0.044331,0.013208,0.017608,0.010794,0.001814,,431800,,
4,5,,0.142824,0.124427,0.166271,0.1028,0.150828,0.197489,0.07344,0.017286,0.009843,0.014793,,407100,,
4,0,,0.257331,0.193732,0.099226,0.159167,0.101949,0.114706,0.03481,0.022951,0.010047,0.006081,,406100,,
4,0,,0.177493,0.149746,0.141586,0.133212,0.122536,0.176611,0.058425,0.019465,0.009768,0.011157,,405900,,
4,5,,0.094569,0.086433,0.14669,0.147123,0.16684,0.223998,0.089972,0.02135,0.008676,0.01435,,419000,,
4,5,,0.169607,0.137205,0.118815,0.142551,0.131927,0.200856,0.057161,0.021803,0.009342,0.010731,,403400,,
4,1,,0.200008,0.207469,0.121552,0.161144,0.090137,0.128288,0.051304,0.021202,0.009896,0.009,,511000,,
5,5,,0.142824,0.124427,0.166271,0.1028,0.150828,0.197489,0.07344,0.017286,0.009843,0.014793,,406600,,
5,5,,0.118858,0.105512,0.157127,0.111145,0.161005,0.224463,0.08063,0.018766,0.00893,0.013563,,405600,,
5,0,,0.184332,0.155587,0.178431,0.059591,0.137843,0.169432,0.0734,0.01582,0.010634,0.01493,,407500,,
5,5,,0.169607,0.137205,0.118815,0.142551,0.131927,0.200856,0.057161,0.021803,0.009342,0.010731,,406100,,
5,5,,0.142824,0.124427,0.166271,0.1028,0.150828,0.197489,0.07344,0.017286,0.009843,0.014793,,459600,,
5,0,,0.233748,0.187613,0.136563,0.092776,0.107765,0.145269,0.055487,0.019413,0.010601,0.010765,,407000,,
5,5,,0.141491,0.124761,0.162715,0.104577,0.149828,0.196933,0.078996,0.017841,0.009398,0.01346,,408600,,
5,5,,0.122901,0.105684,0.128551,0.173665,0.143192,0.218504,0.062934,0.022388,0.009225,0.012956,,407100,,
5,5,,0.095902,0.0861,0.150245,0.145345,0.16784,0.234554,0.074416,0.020794,0.009121,0.015683,,404700,,
6,0,,0.239864,0.186651,0.186608,0.01895,0.103331,0.13836,0.088552,0.014025,0.01052,0.013139,,410500,,
6,0,,0.184332,0.155587,0.178431,0.059591,0.137843,0.169432,0.0734,0.01582,0.010634,0.01493,,403900,,
6,0,,0.271546,0.216659,0.11369,0.104953,0.09326,0.122569,0.037817,0.02119,0.010765,0.007552,,405300,,
6,0,,0.182999,0.15592,0.174875,0.061369,0.136843,0.168876,0.078956,0.016376,0.010189,0.013597,,402100,,
6,5,,0.169823,0.144011,0.144576,0.131119,0.126179,0.181439,0.061959,0.01888,0.009947,0.012066,,408700,,
6,5,,0.169247,0.143156,0.175118,0.066158,0.142772,0.187876,0.074302,0.016443,0.010126,0.014803,,405100,,
6,0,,0.182999,0.15592,0.174875,0.061369,0.136843,0.168876,0.078956,0.016376,0.010189,0.013597,,403700,,
7,0,,0.24874,0.192533,0.19182,0.013889,0.101867,0.139693,0.072546,0.013159,0.011218,0.014536,,458100,,
7,0,,0.350143,0.33156,0.148096,0.056041,0.035195,0.034481,0.015138,0.016762,0.010808,0.001777,,437400,,
7,3,,0.186341,0.211331,0.110319,0.238585,0.081477,0.108065,0.026073,0.022707,0.009874,0.005227,,405700,,
7,0,,0.24874,0.192533,0.19182,0.013889,0.101867,0.139693,0.072546,0.013159,0.011218,0.014536,,404400,,
7,0,,0.222014,0.171233,0.086743,0.219878,0.119917,0.116948,0.022942,0.024382,0.009409,0.006535,,404100,,
7,1,,0.330356,0.350834,0.175111,0.053863,0.013464,0.033948,0.01487,0.014556,0.011221,0.001777,,410300,,
8,1,,0.317622,0.341137,0.18026,0.054293,0.015222,0.040122,0.02313,0.014933,0.011379,0.001902,,404900,,
8,0,,0.227128,0.183861,0.134039,0.105142,0.108459,0.145237,0.055043,0.019738,0.010653,0.010701,,407700,,
8,0,,0.308411,0.24739,0.145423,0.042534,0.079748,0.102053,0.037413,0.018839,0.011096,0.007094,,410600,,
8,0,,0.281584,0.268938,0.201444,0.02133,0.075217,0.075973,0.044017,0.01171,0.010657,0.00913,,400700,,
9,0,,0.184332,0.155587,0.178431,0.059591,0.137843,0.169432,0.0734,0.01582,0.010634,0.01493,,403200,,