statlog-image,CWE,test,0,NANOSECONDS,PREDICTIONS, Generated by ClassifierExperiments.java on 2022-05-17 03:00:43.    SYSTEMPROPERTIES:{user.name:matth,os.arch:amd64,os.name:Windows 10},ENDSYSTEMPROPERTIES
No parameter info
0.49783549783549785,197430700,300906100,-1,43638688,7,,-1,-1
0,0,,0.21465,0.046001,0.182404,0.048235,0.18375,0.171516,0.153444,,743700,,
0,1,,0.186758,0.235083,0.166045,0.105898,0.126021,0.082572,0.097622,,658100,,
0,6,,0.197863,0.000237,0.23017,0.028545,0.229303,0.051379,0.262502,,657400,,
0,6,,0.199127,0.000237,0.22549,0.034057,0.224926,0.058233,0.25793,,656800,,
0,6,,0.195736,0.000237,0.220164,0.033405,0.219643,0.077552,0.253263,,660300,,
0,6,,0.199127,0.000237,0.22549,0.034057,0.224926,0.058233,0.25793,,655800,,
0,6,,0.195736,0.000237,0.220164,0.033405,0.219643,0.077552,0.253263,,652400,,
0,0,,0.21465,0.046001,0.182404,0.048235,0.18375,0.171516,0.153444,,657300,,
0,6,,0.199127,0.000237,0.22549,0.034057,0.224926,0.058233,0.25793,,656800,,
0,6,,0.195736,0.000237,0.220164,0.033405,0.219643,0.077552,0.253263,,660100,,
0,1,,0.161985,0.263204,0.153118,0.118008,0.125294,0.092805,0.085587,,653200,,
0,5,,0.161696,0.117319,0.14716,0.08495,0.163562,0.21598,0.109333,,653600,,
0,0,,0.21485,0.051691,0.172807,0.058138,0.174543,0.184059,0.143912,,1004200,,
0,2,,0.19465,0.046001,0.202404,0.048235,0.18375,0.171516,0.153444,,1025600,,
0,0,,0.23485,0.051691,0.152807,0.058138,0.174543,0.184059,0.143912,,668200,,
0,0,,0.21485,0.051691,0.172807,0.058138,0.174543,0.184059,0.143912,,664200,,
0,6,,0.195736,0.000237,0.220164,0.033405,0.219643,0.077552,0.253263,,655500,,
0,6,,0.197863,0.000237,0.23017,0.028545,0.229303,0.051379,0.262502,,683000,,
0,0,,0.207893,0.132491,0.20643,0.06452,0.183677,0.058108,0.14688,,659700,,
0,6,,0.195736,0.000237,0.220164,0.033405,0.219643,0.077552,0.253263,,654300,,
0,1,,0.172842,0.215083,0.166882,0.105898,0.1391,0.102572,0.097622,,657200,,
0,6,,0.199127,0.000237,0.22549,0.034057,0.224926,0.058233,0.25793,,656600,,
0,0,,0.21485,0.051691,0.172807,0.058138,0.174543,0.184059,0.143912,,653000,,
0,0,,0.207893,0.152491,0.20643,0.06452,0.183677,0.038108,0.14688,,656100,,
0,6,,0.195736,0.000237,0.220164,0.033405,0.219643,0.077552,0.253263,,660600,,
0,0,,0.21485,0.051691,0.172807,0.058138,0.174543,0.184059,0.143912,,661700,,
0,1,,0.167399,0.260767,0.162133,0.110196,0.134307,0.068255,0.096942,,661400,,
0,0,,0.207893,0.172491,0.20643,0.06452,0.183677,0.018108,0.14688,,659800,,
0,0,,0.207893,0.152491,0.20643,0.06452,0.183677,0.038108,0.14688,,663300,,
0,6,,0.199127,0.000237,0.22549,0.034057,0.224926,0.058233,0.25793,,663500,,
0,6,,0.199127,0.000237,0.22549,0.034057,0.224926,0.058233,0.25793,,660000,,
0,0,,0.213511,0.21243,0.150823,0.103477,0.151316,0.064899,0.103544,,661000,,
0,0,,0.21465,0.046001,0.182404,0.048235,0.18375,0.171516,0.153444,,659500,,
0,1,,0.188855,0.243809,0.150349,0.101235,0.150411,0.062572,0.102769,,662400,,
0,2,,0.203177,0.090437,0.205132,0.060093,0.184019,0.109487,0.147655,,659500,,
0,0,,0.23485,0.051691,0.152807,0.058138,0.174543,0.184059,0.143912,,731700,,
0,1,,0.172842,0.255083,0.146882,0.105898,0.1591,0.062572,0.097622,,665900,,
0,0,,0.207893,0.172491,0.20643,0.06452,0.183677,0.018108,0.14688,,656200,,
0,6,,0.195736,0.000237,0.220164,0.033405,0.219643,0.077552,0.253263,,653400,,
0,6,,0.195736,0.000237,0.220164,0.033405,0.219643,0.077552,0.253263,,685400,,
0,1,,0.184775,0.204135,0.165571,0.106243,0.126927,0.113951,0.098398,,654800,,
0,0,,0.21465,0.046001,0.182404,0.048235,0.18375,0.171516,0.153444,,658300,,
0,6,,0.195736,0.000237,0.220164,0.033405,0.219643,0.077552,0.253263,,657500,,
0,6,,0.186839,0.000237,0.236557,0.027499,0.228682,0.051379,0.268806,,662500,,
0,6,,0.195736,0.000237,0.220164,0.033405,0.219643,0.077552,0.253263,,657600,,
0,6,,0.195736,0.000237,0.220164,0.033405,0.219643,0.077552,0.253263,,657500,,
0,0,,0.200902,0.073961,0.194278,0.067781,0.175107,0.14474,0.143231,,656600,,
0,6,,0.199127,0.000237,0.22549,0.034057,0.224926,0.058233,0.25793,,656300,,
0,2,,0.19465,0.046001,0.202404,0.048235,0.18375,0.171516,0.153444,,656600,,
0,1,,0.155814,0.305808,0.144001,0.126143,0.116116,0.077354,0.074764,,658400,,
0,1,,0.161985,0.243204,0.153118,0.118008,0.125294,0.112805,0.085587,,660000,,
0,6,,0.199127,0.000237,0.22549,0.034057,0.224926,0.058233,0.25793,,653200,,
0,2,,0.19465,0.046001,0.202404,0.048235,0.18375,0.171516,0.153444,,654800,,
0,6,,0.199127,0.000237,0.22549,0.034057,0.224926,0.058233,0.25793,,653300,,
0,6,,0.195736,0.000237,0.220164,0.033405,0.219643,0.077552,0.253263,,655100,,
0,6,,0.199127,0.000237,0.22549,0.034057,0.224926,0.058233,0.25793,,657900,,
0,5,,0.215813,0.08594,0.126586,0.089208,0.153868,0.218308,0.110277,,655000,,
0,0,,0.23485,0.051691,0.152807,0.058138,0.174543,0.184059,0.143912,,656300,,
0,6,,0.199127,0.000237,0.22549,0.034057,0.224926,0.058233,0.25793,,659000,,
0,6,,0.195736,0.000237,0.220164,0.033405,0.219643,0.077552,0.253263,,654800,,
0,6,,0.199127,0.000237,0.22549,0.034057,0.224926,0.058233,0.25793,,654400,,
0,1,,0.151159,0.305808,0.142449,0.126143,0.102323,0.097354,0.074764,,658600,,
0,0,,0.21485,0.051691,0.172807,0.058138,0.174543,0.184059,0.143912,,659000,,
0,1,,0.186873,0.192861,0.149875,0.10158,0.151316,0.113951,0.103544,,656600,,
0,6,,0.195736,0.000237,0.220164,0.033405,0.219643,0.077552,0.253263,,657500,,
0,6,,0.199127,0.000237,0.22549,0.034057,0.224926,0.058233,0.25793,,650000,,
1,1,,0.048112,0.588109,0.021183,0.20058,0.017528,0.121279,0.00321,,640100,,
1,1,,0.048718,0.494591,0.02462,0.190338,0.021041,0.212658,0.008034,,647700,,
1,1,,0.048112,0.588109,0.021183,0.20058,0.017528,0.121279,0.00321,,639700,,
1,1,,0.048112,0.568109,0.021183,0.20058,0.017528,0.141279,0.00321,,637500,,
1,1,,0.048112,0.588109,0.021183,0.20058,0.017528,0.121279,0.00321,,637400,,
1,1,,0.048112,0.588109,0.021183,0.20058,0.017528,0.121279,0.00321,,637300,,
1,1,,0.048112,0.588109,0.021183,0.20058,0.017528,0.121279,0.00321,,650400,,
1,1,,0.048112,0.588109,0.021183,0.20058,0.017528,0.121279,0.00321,,655600,,
1,1,,0.048112,0.588109,0.021183,0.20058,0.017528,0.121279,0.00321,,644800,,
1,1,,0.048112,0.588109,0.021183,0.20058,0.017528,0.121279,0.00321,,646200,,
1,1,,0.048112,0.588109,0.021183,0.20058,0.017528,0.121279,0.00321,,644300,,
1,1,,0.048112,0.588109,0.021183,0.20058,0.017528,0.121279,0.00321,,643600,,
1,1,,0.048112,0.588109,0.021183,0.20058,0.017528,0.121279,0.00321,,645700,,
1,1,,0.048112,0.588109,0.021183,0.20058,0.017528,0.121279,0.00321,,646200,,
1,1,,0.048112,0.588109,0.021183,0.20058,0.017528,0.121279,0.00321,,651100,,
1,1,,0.048112,0.568109,0.021183,0.20058,0.017528,0.141279,0.00321,,642600,,
1,1,,0.048112,0.548109,0.021183,0.20058,0.017528,0.161279,0.00321,,641300,,
1,1,,0.048112,0.588109,0.021183,0.20058,0.017528,0.121279,0.00321,,637900,,
1,1,,0.048112,0.588109,0.021183,0.20058,0.017528,0.121279,0.00321,,639200,,
1,1,,0.048112,0.588109,0.021183,0.20058,0.017528,0.121279,0.00321,,648500,,
1,1,,0.048112,0.588109,0.021183,0.20058,0.017528,0.121279,0.00321,,641900,,
1,1,,0.048112,0.588109,0.021183,0.20058,0.017528,0.121279,0.00321,,645000,,
1,1,,0.048112,0.588109,0.021183,0.20058,0.017528,0.121279,0.00321,,639600,,
1,1,,0.048112,0.568109,0.021183,0.20058,0.017528,0.141279,0.00321,,643300,,
1,1,,0.048112,0.588109,0.021183,0.20058,0.017528,0.121279,0.00321,,640800,,
1,1,,0.048112,0.588109,0.021183,0.20058,0.017528,0.121279,0.00321,,638000,,
1,1,,0.048112,0.588109,0.021183,0.20058,0.017528,0.121279,0.00321,,641400,,
1,1,,0.048112,0.548109,0.021183,0.20058,0.017528,0.161279,0.00321,,641800,,
1,1,,0.048112,0.588109,0.021183,0.20058,0.017528,0.121279,0.00321,,639000,,
1,1,,0.048112,0.588109,0.021183,0.20058,0.017528,0.121279,0.00321,,642900,,
1,1,,0.034868,0.461619,0.017156,0.184295,0.0176,0.274687,0.009775,,642300,,
1,1,,0.027725,0.376738,0.015846,0.176729,0.01878,0.368776,0.015407,,638700,,
1,1,,0.048112,0.588109,0.021183,0.20058,0.017528,0.121279,0.00321,,643000,,
1,1,,0.048112,0.588109,0.021183,0.20058,0.017528,0.121279,0.00321,,642300,,
1,1,,0.048112,0.588109,0.021183,0.20058,0.017528,0.121279,0.00321,,638100,,
1,1,,0.048112,0.588109,0.021183,0.20058,0.017528,0.121279,0.00321,,647400,,
1,1,,0.040191,0.450156,0.021892,0.17848,0.020772,0.274687,0.013822,,652100,,
1,1,,0.048112,0.588109,0.021183,0.20058,0.017528,0.121279,0.00321,,646600,,
1,1,,0.048112,0.588109,0.021183,0.20058,0.017528,0.121279,0.00321,,643800,,
1,1,,0.048112,0.588109,0.021183,0.20058,0.017528,0.121279,0.00321,,647800,,
1,1,,0.048112,0.588109,0.021183,0.20058,0.017528,0.121279,0.00321,,646700,,
1,1,,0.048112,0.588109,0.021183,0.20058,0.017528,0.121279,0.00321,,650000,,
1,1,,0.048112,0.548109,0.021183,0.20058,0.017528,0.161279,0.00321,,639100,,
1,1,,0.048112,0.588109,0.021183,0.20058,0.017528,0.121279,0.00321,,666200,,
1,1,,0.053434,0.576646,0.025919,0.194765,0.0207,0.121279,0.007258,,639700,,
1,1,,0.048112,0.588109,0.021183,0.20058,0.017528,0.121279,0.00321,,643700,,
1,1,,0.048112,0.588109,0.021183,0.20058,0.017528,0.121279,0.00321,,643600,,
1,1,,0.048112,0.588109,0.021183,0.20058,0.017528,0.121279,0.00321,,644400,,
1,1,,0.034868,0.461619,0.017156,0.184295,0.0176,0.274687,0.009775,,642100,,
1,1,,0.048112,0.588109,0.021183,0.20058,0.017528,0.121279,0.00321,,643300,,
1,1,,0.048112,0.588109,0.021183,0.20058,0.017528,0.121279,0.00321,,638900,,
1,1,,0.048112,0.588109,0.021183,0.20058,0.017528,0.121279,0.00321,,651800,,
1,1,,0.048112,0.588109,0.021183,0.20058,0.017528,0.121279,0.00321,,645200,,
1,1,,0.048112,0.588109,0.021183,0.20058,0.017528,0.121279,0.00321,,642400,,
1,1,,0.040921,0.483889,0.018627,0.193938,0.018164,0.235368,0.009094,,643300,,
1,1,,0.048112,0.588109,0.021183,0.20058,0.017528,0.121279,0.00321,,643500,,
1,1,,0.048112,0.588109,0.021183,0.20058,0.017528,0.121279,0.00321,,642400,,
1,1,,0.048112,0.588109,0.021183,0.20058,0.017528,0.121279,0.00321,,643400,,
1,1,,0.048112,0.588109,0.021183,0.20058,0.017528,0.121279,0.00321,,644000,,
1,1,,0.043396,0.506054,0.019884,0.196153,0.017869,0.212658,0.003986,,654700,,
1,1,,0.040921,0.483889,0.018627,0.193938,0.018164,0.235368,0.009094,,652800,,
1,1,,0.048112,0.568109,0.021183,0.20058,0.017528,0.141279,0.00321,,653200,,
1,1,,0.027725,0.376738,0.015846,0.176729,0.01878,0.368776,0.015407,,650500,,
1,1,,0.048112,0.588109,0.021183,0.20058,0.017528,0.121279,0.00321,,650000,,
1,1,,0.048112,0.588109,0.021183,0.20058,0.017528,0.121279,0.00321,,647000,,
1,1,,0.048112,0.588109,0.021183,0.20058,0.017528,0.121279,0.00321,,657800,,
2,2,,0.171717,0.000022,0.269687,0.022006,0.245952,0.04,0.250616,,651700,,
2,6,,0.173312,0.000022,0.238761,0.020541,0.226355,0.02,0.321011,,642800,,
2,6,,0.148445,0.046001,0.213402,0.047841,0.167698,0.152197,0.224415,,640600,,
2,1,,0.089123,0.352225,0.080725,0.147734,0.063002,0.223137,0.044055,,644600,,
2,2,,0.188101,0.000022,0.276709,0.023749,0.223216,0.04,0.248203,,649700,,
2,5,,0.141496,0.08025,0.195678,0.077289,0.139882,0.205765,0.159641,,646500,,
2,6,,0.171717,0.000022,0.245454,0.021839,0.230352,0.04,0.290616,,645700,,
2,6,,0.171717,0.000022,0.245454,0.021839,0.230352,0.02,0.310616,,644700,,
2,1,,0.037666,0.442391,0.019208,0.184027,0.015838,0.29101,0.00986,,648300,,
2,6,,0.171717,0.000022,0.265454,0.021839,0.210352,0.04,0.290616,,647100,,
2,2,,0.188101,0.000022,0.276709,0.023749,0.223216,0.04,0.248203,,643100,,
2,5,,0.145882,0.08025,0.202345,0.080622,0.145496,0.205765,0.139641,,647900,,
2,6,,0.173312,0.000022,0.238761,0.020541,0.226355,0.02,0.321011,,648500,,
2,6,,0.171717,0.000022,0.245454,0.021839,0.230352,0.02,0.310616,,645500,,
2,6,,0.171717,0.000022,0.245454,0.021839,0.230352,0.02,0.310616,,650800,,
2,6,,0.167727,0,0.214059,0.022894,0.223721,0.03133,0.340268,,647600,,
2,6,,0.173312,0.000022,0.238761,0.020541,0.226355,0.02,0.321011,,655400,,
2,6,,0.167727,0,0.214059,0.022894,0.223721,0.03133,0.340268,,648400,,
2,6,,0.171717,0.000022,0.245454,0.021839,0.230352,0.04,0.290616,,649300,,
2,1,,0.037666,0.442391,0.019208,0.184027,0.015838,0.29101,0.00986,,657500,,
2,6,,0.156078,0.046001,0.201689,0.048235,0.163036,0.171516,0.213444,,646800,,
2,6,,0.167727,0,0.214059,0.022894,0.223721,0.03133,0.340268,,645200,,
2,6,,0.199125,0.000022,0.258656,0.024628,0.215671,0.04,0.261899,,647800,,
2,2,,0.178283,0.000582,0.244047,0.032537,0.198578,0.102759,0.243215,,652000,,
2,2,,0.18676,0.011128,0.285073,0.028088,0.226425,0.04,0.222526,,639500,,
2,6,,0.173312,0.000022,0.238761,0.020541,0.226355,0.02,0.321011,,654100,,
2,2,,0.188101,0.000022,0.289275,0.023749,0.23065,0.04,0.228203,,651700,,
2,2,,0.188101,0.000022,0.289275,0.023749,0.23065,0.04,0.228203,,648800,,
2,6,,0.171717,0.000022,0.245454,0.021839,0.230352,0.02,0.310616,,651900,,
2,6,,0.188101,0.000022,0.245042,0.023582,0.23505,0.02,0.288203,,650500,,
2,6,,0.173312,0.000022,0.250427,0.020707,0.234521,0.02,0.301011,,655800,,
2,2,,0.179544,0.000366,0.252532,0.02862,0.204945,0.091379,0.242613,,645000,,
2,6,,0.171717,0.000022,0.245454,0.021839,0.230352,0.02,0.310616,,650100,,
2,6,,0.173312,0.000022,0.238761,0.020541,0.226355,0.02,0.321011,,645100,,
2,2,,0.188101,0.000022,0.256709,0.023749,0.243216,0.04,0.248203,,646300,,
2,6,,0.167727,0,0.214059,0.022894,0.223721,0.03133,0.340268,,649400,,
2,2,,0.188101,0.000022,0.289275,0.023749,0.23065,0.04,0.228203,,644900,,
2,6,,0.173312,0.000022,0.238761,0.020541,0.226355,0.02,0.321011,,646700,,
2,2,,0.171717,0.000022,0.289687,0.022006,0.225952,0.04,0.250616,,643100,,
2,6,,0.145054,0.046001,0.208076,0.047189,0.162415,0.171516,0.219748,,644100,,
2,6,,0.188101,0.000022,0.245042,0.023582,0.23505,0.02,0.288203,,645500,,
2,2,,0.199125,0.000022,0.282889,0.024795,0.231271,0.04,0.221899,,639800,,
2,6,,0.171717,0.000022,0.245454,0.021839,0.230352,0.02,0.310616,,648800,,
2,6,,0.171717,0.000022,0.245454,0.021839,0.230352,0.02,0.310616,,651700,,
2,2,,0.153609,0.000022,0.269579,0.035603,0.208681,0.085052,0.247455,,641000,,
2,5,,0.160282,0.080379,0.198495,0.085619,0.142423,0.217144,0.115658,,643100,,
2,5,,0.09991,0.154119,0.150595,0.121768,0.095572,0.303865,0.074171,,674500,,
2,6,,0.171717,0.000022,0.245454,0.021839,0.230352,0.02,0.310616,,645300,,
2,2,,0.157732,0.011937,0.248511,0.043447,0.194797,0.14556,0.198016,,648000,,
2,2,,0.188101,0.000022,0.289275,0.023749,0.23065,0.04,0.228203,,645800,,
2,2,,0.131081,0.128204,0.197685,0.090368,0.135949,0.172129,0.144584,,643500,,
2,2,,0.184027,0.000022,0.284248,0.023315,0.225861,0.06,0.222526,,644700,,
2,2,,0.152139,0.023292,0.243438,0.046664,0.189531,0.150119,0.194817,,645600,,
2,6,,0.171717,0.000022,0.245454,0.021839,0.230352,0.02,0.310616,,646500,,
2,6,,0.188101,0.000022,0.265042,0.023582,0.21505,0.04,0.268203,,665100,,
2,6,,0.171717,0.000022,0.245454,0.021839,0.230352,0.02,0.310616,,645900,,
2,1,,0.104739,0.371074,0.094596,0.15185,0.074453,0.144537,0.058752,,648300,,
2,6,,0.171717,0.000022,0.265454,0.021839,0.210352,0.04,0.290616,,650600,,
2,2,,0.168756,0.011937,0.242124,0.044493,0.195418,0.14556,0.191712,,650800,,
2,5,,0.105201,0.154119,0.155019,0.116504,0.099888,0.296953,0.072316,,657200,,
2,6,,0.173312,0.000022,0.262994,0.020707,0.241955,0.02,0.281011,,642800,,
2,6,,0.173312,0.000022,0.262994,0.020707,0.241955,0.02,0.281011,,643800,,
2,2,,0.157732,0.011937,0.235944,0.043447,0.187364,0.14556,0.218016,,646800,,
2,6,,0.173312,0.000022,0.238761,0.020541,0.226355,0.02,0.321011,,647400,,
2,5,,0.160282,0.080379,0.198495,0.085619,0.142423,0.217144,0.115658,,643400,,
2,2,,0.184027,0.000022,0.284248,0.023315,0.225861,0.06,0.222526,,644400,,
3,5,,0.141496,0.08025,0.195678,0.077289,0.139882,0.205765,0.159641,,644100,,
3,1,,0.034868,0.461619,0.017156,0.184295,0.0176,0.274687,0.009775,,645100,,
3,1,,0.090992,0.467908,0.078544,0.160192,0.059194,0.109047,0.034123,,645700,,
3,1,,0.048112,0.568109,0.021183,0.20058,0.017528,0.141279,0.00321,,675900,,
3,1,,0.135528,0.286547,0.111342,0.130868,0.094225,0.173197,0.068293,,645500,,
3,5,,0.068272,0.245263,0.05243,0.131243,0.079927,0.375461,0.047403,,645000,,
3,5,,0.068272,0.245263,0.07243,0.131243,0.059927,0.375461,0.047403,,665600,,
3,1,,0.040921,0.483889,0.018627,0.193938,0.018164,0.235368,0.009094,,643700,,
3,1,,0.048923,0.577196,0.022285,0.202658,0.017022,0.128706,0.003209,,642900,,
3,1,,0.048112,0.588109,0.021183,0.20058,0.017528,0.121279,0.00321,,639500,,
3,5,,0.111904,0.145922,0.138643,0.107318,0.119036,0.293521,0.083656,,643500,,
3,5,,0.068272,0.245263,0.07243,0.131243,0.059927,0.375461,0.047403,,650300,,
3,1,,0.090992,0.427908,0.078544,0.160192,0.059194,0.149047,0.034123,,644800,,
3,1,,0.090992,0.427908,0.058544,0.160192,0.079194,0.149047,0.034123,,646000,,
3,1,,0.090992,0.447908,0.058544,0.160192,0.079194,0.129047,0.034123,,646900,,
3,1,,0.05894,0.503162,0.059255,0.184933,0.035555,0.132237,0.025919,,644700,,
3,1,,0.090992,0.467908,0.078544,0.160192,0.059194,0.109047,0.034123,,645500,,
3,1,,0.090992,0.447908,0.058544,0.160192,0.079194,0.129047,0.034123,,643100,,
3,1,,0.090992,0.447908,0.078544,0.160192,0.059194,0.129047,0.034123,,644100,,
3,1,,0.0838,0.363688,0.075989,0.153549,0.05983,0.223137,0.040007,,642700,,
3,5,,0.089606,0.179914,0.114646,0.122564,0.095327,0.332997,0.064946,,648800,,
3,1,,0.048112,0.588109,0.021183,0.20058,0.017528,0.121279,0.00321,,644200,,
3,5,,0.161496,0.08025,0.195678,0.077289,0.139882,0.205765,0.139641,,638300,,
3,1,,0.077748,0.341418,0.054518,0.143906,0.079266,0.262456,0.040688,,641900,,
3,6,,0.165745,0.034647,0.191789,0.045451,0.193091,0.146957,0.22232,,639800,,
3,1,,0.048112,0.588109,0.021183,0.20058,0.017528,0.121279,0.00321,,638700,,
3,1,,0.059313,0.321596,0.068986,0.15208,0.050946,0.305165,0.041914,,644700,,
3,1,,0.048112,0.568109,0.021183,0.20058,0.017528,0.141279,0.00321,,678200,,
3,1,,0.090992,0.467908,0.078544,0.160192,0.059194,0.109047,0.034123,,646600,,
3,5,,0.14171,0.080379,0.197781,0.085619,0.141709,0.217144,0.135658,,646200,,
3,5,,0.138586,0.17707,0.138412,0.103231,0.120315,0.226127,0.096259,,647200,,
3,5,,0.068272,0.245263,0.07243,0.131243,0.059927,0.375461,0.047403,,649600,,
3,1,,0.048112,0.568109,0.021183,0.20058,0.017528,0.141279,0.00321,,645400,,
3,5,,0.052173,0.26807,0.067124,0.142545,0.050466,0.375461,0.044161,,647300,,
3,1,,0.045697,0.396672,0.055228,0.168648,0.035627,0.265645,0.032483,,650300,,
3,5,,0.038207,0.292201,0.05409,0.153638,0.035032,0.387547,0.039285,,643900,,
3,5,,0.068272,0.245263,0.07243,0.131243,0.059927,0.375461,0.047403,,652100,,
3,1,,0.090992,0.467908,0.078544,0.160192,0.059194,0.109047,0.034123,,648300,,
3,1,,0.044913,0.396672,0.051413,0.174838,0.0327,0.272572,0.026893,,653200,,
3,5,,0.079459,0.222553,0.082576,0.124808,0.07046,0.366343,0.053802,,650100,,
3,5,,0.161496,0.08025,0.195678,0.077289,0.139882,0.205765,0.139641,,646900,,
3,5,,0.092183,0.2761,0.089139,0.13199,0.073574,0.284717,0.052297,,646200,,
3,1,,0.073443,0.502039,0.068754,0.176006,0.044749,0.109047,0.025962,,649600,,
3,1,,0.0602,0.375549,0.044727,0.159721,0.064821,0.262456,0.032526,,662400,,
3,1,,0.032532,0.398989,0.01693,0.181167,0.018741,0.337397,0.014243,,652700,,
3,5,,0.068272,0.245263,0.07243,0.131243,0.059927,0.375461,0.047403,,658800,,
3,5,,0.025393,0.365463,0.015068,0.171632,0.018261,0.387693,0.01649,,662800,,
3,1,,0.042435,0.397163,0.051476,0.174223,0.030333,0.277565,0.026805,,646000,,
3,1,,0.048112,0.588109,0.021183,0.20058,0.017528,0.121279,0.00321,,678100,,
3,1,,0.077486,0.329933,0.074552,0.140445,0.059805,0.273786,0.043992,,649100,,
3,5,,0.075412,0.298788,0.074292,0.140779,0.060407,0.305165,0.045156,,676300,,
3,1,,0.077748,0.341418,0.074518,0.143906,0.059266,0.262456,0.040688,,654100,,
3,1,,0.048923,0.577196,0.022285,0.202658,0.017022,0.128706,0.003209,,658000,,
3,5,,0.073857,0.245284,0.077131,0.12889,0.062561,0.364131,0.048146,,657500,,
3,1,,0.126455,0.283943,0.105143,0.123076,0.127698,0.128562,0.105123,,656500,,
3,1,,0.046129,0.51716,0.020708,0.200925,0.018433,0.192658,0.003986,,656000,,
3,5,,0.068272,0.245263,0.07243,0.131243,0.059927,0.375461,0.047403,,654500,,
3,5,,0.035437,0.300516,0.049325,0.162174,0.033361,0.385577,0.033608,,656500,,
3,5,,0.025393,0.365463,0.015068,0.171632,0.018261,0.387693,0.01649,,653800,,
3,1,,0.03568,0.450706,0.018258,0.186373,0.017095,0.282115,0.009773,,654700,,
3,5,,0.161496,0.08025,0.195678,0.077289,0.139882,0.205765,0.139641,,655000,,
3,5,,0.068272,0.245263,0.07243,0.131243,0.059927,0.375461,0.047403,,654800,,
3,1,,0.048112,0.568109,0.021183,0.20058,0.017528,0.141279,0.00321,,653200,,
3,1,,0.034868,0.461619,0.017156,0.184295,0.0176,0.274687,0.009775,,656800,,
3,1,,0.048112,0.588109,0.021183,0.20058,0.017528,0.121279,0.00321,,656500,,
3,5,,0.068272,0.245263,0.07243,0.131243,0.059927,0.375461,0.047403,,661300,,
4,6,,0.188101,0.000022,0.245042,0.023582,0.23505,0.02,0.288203,,657300,,
4,2,,0.156078,0.046001,0.201689,0.048235,0.183036,0.171516,0.193444,,655000,,
4,2,,0.194855,0.104504,0.259252,0.041513,0.209504,0,0.190372,,652100,,
4,2,,0.194855,0.104504,0.259252,0.041513,0.209504,0,0.190372,,655900,,
4,6,,0.188101,0.000022,0.245042,0.023582,0.23505,0.04,0.268203,,648500,,
4,2,,0.176078,0.046001,0.234256,0.048235,0.170469,0.171516,0.153444,,656500,,
4,2,,0.156078,0.046001,0.201689,0.048235,0.183036,0.171516,0.193444,,659100,,
4,2,,0.173312,0.020022,0.282994,0.020707,0.241955,0,0.261011,,657100,,
4,6,,0.188101,0.000022,0.245042,0.023582,0.23505,0.04,0.268203,,654500,,
4,6,,0.173312,0.000022,0.238761,0.020541,0.226355,0.02,0.321011,,654000,,
4,2,,0.156078,0.046001,0.245922,0.048402,0.178636,0.171516,0.153444,,654800,,
4,6,,0.167727,0,0.214059,0.022894,0.223721,0.03133,0.340268,,654000,,
4,6,,0.150494,0.04598,0.188655,0.050755,0.168569,0.182846,0.212701,,652800,,
4,6,,0.167727,0,0.214059,0.022894,0.223721,0.03133,0.340268,,655800,,
4,6,,0.167727,0,0.214059,0.022894,0.223721,0.03133,0.340268,,655100,,
4,6,,0.188101,0.000022,0.245042,0.023582,0.23505,0.04,0.268203,,652200,,
4,6,,0.173312,0.000022,0.238761,0.020541,0.226355,0.02,0.321011,,652700,,
4,5,,0.161496,0.08025,0.175678,0.077289,0.139882,0.205765,0.159641,,654500,,
4,2,,0.16213,0.068272,0.227393,0.058045,0.1792,0.132197,0.172763,,651900,,
4,6,,0.188101,0.000022,0.245042,0.023582,0.23505,0.04,0.268203,,656600,,
4,2,,0.196195,0.073398,0.283455,0.037174,0.213729,0,0.196049,,653000,,
4,2,,0.156078,0.046001,0.213356,0.048402,0.171203,0.171516,0.193444,,654700,,
4,6,,0.184712,0.000237,0.226551,0.032358,0.219022,0.097552,0.239567,,653300,,
4,6,,0.188101,0.000022,0.245042,0.023582,0.23505,0.04,0.268203,,654100,,
4,2,,0.156078,0.046001,0.213356,0.048402,0.171203,0.171516,0.193444,,652600,,
4,6,,0.167727,0,0.214059,0.022894,0.223721,0.03133,0.340268,,654000,,
4,2,,0.156078,0.046001,0.245922,0.048402,0.178636,0.171516,0.153444,,654100,,
4,6,,0.171717,0.000022,0.245454,0.021839,0.230352,0.02,0.310616,,650500,,
4,6,,0.167727,0,0.214059,0.022894,0.223721,0.03133,0.340268,,659800,,
4,6,,0.188101,0.000022,0.245042,0.023582,0.23505,0.04,0.268203,,693700,,
4,6,,0.167727,0,0.214059,0.022894,0.223721,0.03133,0.340268,,653600,,
4,6,,0.199125,0.000022,0.238656,0.024628,0.235671,0.04,0.261899,,650800,,
4,5,,0.144923,0.091524,0.194491,0.083517,0.165286,0.205765,0.114494,,653900,,
4,6,,0.167727,0,0.214059,0.022894,0.223721,0.03133,0.340268,,652800,,
4,6,,0.188101,0.000022,0.245042,0.023582,0.23505,0.04,0.268203,,655800,,
4,6,,0.167727,0,0.214059,0.022894,0.223721,0.03133,0.340268,,655900,,
4,6,,0.188101,0.000022,0.245042,0.023582,0.23505,0.02,0.288203,,652700,,
4,5,,0.090767,0.202518,0.113209,0.124169,0.078895,0.331633,0.058809,,656700,,
4,5,,0.104664,0.199482,0.108388,0.115883,0.095098,0.277936,0.09855,,654800,,
4,6,,0.156078,0.046001,0.201689,0.048235,0.163036,0.171516,0.213444,,654400,,
4,6,,0.167727,0,0.214059,0.022894,0.223721,0.03133,0.340268,,654200,,
4,6,,0.173312,0.000022,0.238761,0.020541,0.226355,0.02,0.321011,,653100,,
4,5,,0.141496,0.08025,0.187345,0.077456,0.148049,0.205765,0.159641,,654600,,
4,2,,0.156078,0.046001,0.213356,0.048402,0.171203,0.171516,0.193444,,654600,,
4,2,,0.176078,0.046001,0.221689,0.048235,0.163036,0.171516,0.173444,,652400,,
4,5,,0.135911,0.080228,0.150977,0.079642,0.137248,0.217095,0.198898,,653700,,
4,6,,0.167727,0,0.214059,0.022894,0.223721,0.03133,0.340268,,653800,,
4,2,,0.161496,0.08025,0.208245,0.077289,0.147315,0.205765,0.119641,,652200,,
4,2,,0.156078,0.046001,0.245922,0.048402,0.178636,0.171516,0.153444,,656600,,
4,6,,0.173312,0.000022,0.238761,0.020541,0.226355,0.02,0.321011,,653500,,
4,6,,0.173312,0.000022,0.238761,0.020541,0.226355,0.02,0.321011,,647600,,
4,5,,0.141496,0.08025,0.199911,0.077456,0.155482,0.205765,0.139641,,655000,,
4,2,,0.198506,0.062292,0.290674,0.032706,0.219773,0,0.196049,,682800,,
4,6,,0.173312,0.000022,0.238761,0.020541,0.226355,0.02,0.321011,,652400,,
4,6,,0.167727,0,0.214059,0.022894,0.223721,0.03133,0.340268,,651600,,
4,6,,0.173312,0.000022,0.238761,0.020541,0.226355,0.02,0.321011,,655200,,
4,2,,0.189307,0.000582,0.261893,0.03375,0.214799,0.082759,0.216911,,640300,,
4,6,,0.167727,0,0.214059,0.022894,0.223721,0.03133,0.340268,,651200,,
4,6,,0.188101,0.000022,0.245042,0.023582,0.23505,0.02,0.288203,,644800,,
4,6,,0.167727,0,0.214059,0.022894,0.223721,0.03133,0.340268,,636700,,
4,6,,0.167727,0,0.214059,0.022894,0.223721,0.03133,0.340268,,639700,,
4,6,,0.167727,0,0.214059,0.022894,0.223721,0.03133,0.340268,,636800,,
4,6,,0.167727,0,0.214059,0.022894,0.223721,0.03133,0.340268,,646400,,
4,6,,0.167727,0,0.214059,0.022894,0.223721,0.03133,0.340268,,644600,,
4,6,,0.173312,0.000022,0.238761,0.020541,0.226355,0.02,0.321011,,645400,,
4,6,,0.188101,0.000022,0.245042,0.023582,0.23505,0.04,0.268203,,646000,,
5,5,,0.016632,0.28912,0.010695,0.150531,0.016136,0.488901,0.027986,,643800,,
5,5,,0.068272,0.245263,0.07243,0.131243,0.059927,0.375461,0.047403,,644300,,
5,5,,0.016632,0.28912,0.010695,0.150531,0.016136,0.488901,0.027986,,648200,,
5,5,,0.016632,0.28912,0.010695,0.150531,0.016136,0.488901,0.027986,,648000,,
5,5,,0.017443,0.278207,0.011797,0.152609,0.01563,0.496328,0.027985,,643200,,
5,5,,0.017443,0.278207,0.011797,0.152609,0.01563,0.496328,0.027985,,648600,,
5,5,,0.016632,0.28912,0.010695,0.150531,0.016136,0.488901,0.027986,,652500,,
5,5,,0.068272,0.245263,0.07243,0.131243,0.059927,0.375461,0.047403,,645100,,
5,5,,0.032955,0.255473,0.047703,0.152696,0.031858,0.434213,0.045103,,647100,,
5,5,,0.068272,0.245263,0.07243,0.131243,0.059927,0.375461,0.047403,,651600,,
5,5,,0.068272,0.245263,0.07243,0.131243,0.059927,0.375461,0.047403,,645000,,
5,5,,0.068272,0.245263,0.07243,0.131243,0.059927,0.375461,0.047403,,647400,,
5,5,,0.068272,0.245263,0.07243,0.131243,0.059927,0.375461,0.047403,,648000,,
5,5,,0.016632,0.28912,0.010695,0.150531,0.016136,0.488901,0.027986,,643900,,
5,5,,0.068272,0.245263,0.07243,0.131243,0.059927,0.375461,0.047403,,644700,,
5,5,,0.037065,0.266385,0.055638,0.145035,0.040405,0.401312,0.05416,,647100,,
5,5,,0.016632,0.28912,0.010695,0.150531,0.016136,0.488901,0.027986,,646100,,
5,5,,0.016632,0.28912,0.010695,0.150531,0.016136,0.488901,0.027986,,649600,,
5,5,,0.083889,0.211222,0.087442,0.121337,0.075368,0.361794,0.058948,,643700,,
5,5,,0.032143,0.266385,0.046601,0.150618,0.032364,0.426785,0.045104,,646700,,
5,5,,0.068272,0.245263,0.07243,0.131243,0.059927,0.375461,0.047403,,646300,,
5,5,,0.068272,0.245263,0.07243,0.131243,0.059927,0.375461,0.047403,,648600,,
5,5,,0.068272,0.245263,0.07243,0.131243,0.059927,0.375461,0.047403,,641600,,
5,5,,0.068272,0.245263,0.07243,0.131243,0.059927,0.375461,0.047403,,645900,,
5,5,,0.016632,0.28912,0.010695,0.150531,0.016136,0.488901,0.027986,,643500,,
5,5,,0.08728,0.179892,0.092597,0.137954,0.080651,0.35733,0.064296,,646100,,
5,5,,0.119857,0.157231,0.107303,0.111444,0.095136,0.329315,0.079714,,641300,,
5,5,,0.068272,0.245263,0.07243,0.131243,0.059927,0.375461,0.047403,,641900,,
5,5,,0.068272,0.245263,0.07243,0.131243,0.059927,0.375461,0.047403,,644000,,
5,5,,0.016632,0.28912,0.010695,0.150531,0.016136,0.488901,0.027986,,640800,,
5,5,,0.068272,0.245263,0.07243,0.131243,0.059927,0.375461,0.047403,,641900,,
5,5,,0.017443,0.278207,0.011797,0.152609,0.01563,0.496328,0.027985,,642900,,
5,5,,0.108102,0.145771,0.11668,0.102975,0.103712,0.313386,0.109374,,642800,,
5,5,,0.016632,0.28912,0.010695,0.150531,0.016136,0.488901,0.027986,,670600,,
5,5,,0.068272,0.245263,0.07243,0.131243,0.059927,0.375461,0.047403,,646500,,
5,5,,0.032143,0.266385,0.046601,0.150618,0.032364,0.426785,0.045104,,648300,,
5,5,,0.068272,0.245263,0.07243,0.131243,0.059927,0.375461,0.047403,,648100,,
5,5,,0.037065,0.266385,0.055638,0.145035,0.040405,0.401312,0.05416,,646000,,
5,5,,0.068272,0.245263,0.07243,0.131243,0.059927,0.375461,0.047403,,644500,,
5,5,,0.032143,0.266385,0.046601,0.150618,0.032364,0.426785,0.045104,,646200,,
5,5,,0.032143,0.266385,0.046601,0.150618,0.032364,0.426785,0.045104,,646200,,
5,5,,0.017443,0.278207,0.011797,0.152609,0.01563,0.496328,0.027985,,647200,,
5,5,,0.017443,0.278207,0.011797,0.152609,0.01563,0.496328,0.027985,,643200,,
5,5,,0.051568,0.245263,0.065137,0.136108,0.049598,0.398122,0.054204,,645800,,
5,5,,0.068272,0.245263,0.07243,0.131243,0.059927,0.375461,0.047403,,641400,,
5,5,,0.051568,0.245263,0.065137,0.136108,0.049598,0.398122,0.054204,,646100,,
5,5,,0.068272,0.245263,0.07243,0.131243,0.059927,0.375461,0.047403,,640800,,
5,5,,0.068272,0.245263,0.07243,0.131243,0.059927,0.375461,0.047403,,644300,,
5,5,,0.095021,0.168561,0.09864,0.14115,0.087432,0.340749,0.068446,,644200,,
5,5,,0.016632,0.28912,0.010695,0.150531,0.016136,0.488901,0.027986,,642800,,
5,5,,0.09163,0.199892,0.093486,0.124532,0.082149,0.345212,0.063099,,647100,,
5,5,,0.068272,0.245263,0.07243,0.131243,0.059927,0.375461,0.047403,,644200,,
5,5,,0.016632,0.28912,0.010695,0.150531,0.016136,0.488901,0.027986,,642900,,
5,5,,0.051568,0.245263,0.065137,0.136108,0.049598,0.398122,0.054204,,645800,,
5,5,,0.068272,0.245263,0.07243,0.131243,0.059927,0.375461,0.047403,,646400,,
5,5,,0.017443,0.278207,0.011797,0.152609,0.01563,0.496328,0.027985,,644900,,
5,5,,0.016632,0.28912,0.010695,0.150531,0.016136,0.488901,0.027986,,648400,,
5,5,,0.068272,0.245263,0.07243,0.131243,0.059927,0.375461,0.047403,,645400,,
5,5,,0.068272,0.245263,0.07243,0.131243,0.059927,0.375461,0.047403,,645200,,
5,5,,0.068272,0.245263,0.07243,0.131243,0.059927,0.375461,0.047403,,647200,,
5,5,,0.016632,0.28912,0.010695,0.150531,0.016136,0.488901,0.027986,,642200,,
5,5,,0.016632,0.28912,0.010695,0.150531,0.016136,0.488901,0.027986,,642000,,
5,5,,0.068272,0.245263,0.07243,0.131243,0.059927,0.375461,0.047403,,642200,,
5,5,,0.032143,0.266385,0.046601,0.150618,0.032364,0.426785,0.045104,,640100,,
5,5,,0.068272,0.245263,0.07243,0.131243,0.059927,0.375461,0.047403,,644600,,
5,5,,0.068272,0.245263,0.07243,0.131243,0.059927,0.375461,0.047403,,643400,,
6,5,,0.117938,0.051685,0.199314,0.055009,0.148608,0.224111,0.203336,,641900,,
6,6,,0.123086,0.04598,0.183786,0.0478,0.155084,0.182846,0.261418,,641700,,
6,6,,0.117938,0.051685,0.199314,0.055009,0.148608,0.204111,0.223336,,640700,,
6,6,,0.123228,0.051685,0.203738,0.049744,0.152924,0.197199,0.221481,,642500,,
6,6,,0.117644,0.051663,0.179036,0.052098,0.150291,0.18853,0.260738,,641100,,
6,5,,0.107355,0.051685,0.190462,0.065771,0.139972,0.237732,0.207024,,654600,,
6,6,,0.117938,0.051685,0.199314,0.055009,0.148608,0.204111,0.223336,,641400,,
6,6,,0.147056,0.000237,0.212434,0.044735,0.202394,0.103242,0.289902,,642600,,
6,6,,0.147056,0.000237,0.212434,0.044735,0.202394,0.103242,0.289902,,641900,,
6,5,,0.117938,0.051685,0.199314,0.055009,0.148608,0.224111,0.203336,,639500,,
6,6,,0.117644,0.051663,0.159036,0.052098,0.170291,0.18853,0.260738,,640800,,
6,5,,0.112353,0.051663,0.174612,0.057363,0.145975,0.235441,0.222593,,636800,,
6,6,,0.135294,0.045657,0.214984,0.040665,0.164194,0.140137,0.25907,,642200,,
6,6,,0.123228,0.051685,0.203738,0.049744,0.152924,0.177199,0.241481,,647500,,
6,6,,0.123228,0.051685,0.203738,0.049744,0.152924,0.197199,0.221481,,640800,,
6,6,,0.123086,0.04598,0.183786,0.0478,0.155084,0.182846,0.261418,,641100,,
6,6,,0.117938,0.051685,0.199314,0.055009,0.148608,0.204111,0.223336,,640300,,
6,6,,0.123228,0.051685,0.203738,0.049744,0.152924,0.177199,0.241481,,640000,,
6,6,,0.128671,0.046001,0.208487,0.045446,0.157717,0.171516,0.242161,,638600,,
6,5,,0.112353,0.051663,0.174612,0.057363,0.145975,0.235441,0.222593,,642400,,
6,6,,0.123228,0.051685,0.203738,0.049744,0.152924,0.177199,0.241481,,639400,,
6,6,,0.117938,0.051685,0.199314,0.055009,0.148608,0.204111,0.223336,,643700,,
6,6,,0.128671,0.046001,0.208487,0.045446,0.157717,0.171516,0.242161,,643100,,
6,6,,0.117938,0.051685,0.199314,0.055009,0.148608,0.204111,0.223336,,639800,,
6,6,,0.139368,0.045657,0.220011,0.041099,0.168982,0.120137,0.264747,,642700,,
6,6,,0.132744,0.046001,0.213514,0.04588,0.162506,0.151516,0.247838,,641100,,
6,6,,0.135294,0.045657,0.214984,0.040665,0.164194,0.140137,0.25907,,641200,,
6,6,,0.117938,0.051685,0.199314,0.055009,0.148608,0.204111,0.223336,,642400,,
6,6,,0.117938,0.051685,0.199314,0.055009,0.148608,0.204111,0.223336,,641900,,
6,6,,0.123228,0.051685,0.203738,0.049744,0.152924,0.197199,0.221481,,640100,,
6,6,,0.139368,0.045657,0.220011,0.041099,0.168982,0.120137,0.264747,,641200,,
6,6,,0.12971,0.045635,0.170283,0.043019,0.18156,0.151467,0.278327,,639900,,
6,6,,0.147056,0.000237,0.212434,0.044735,0.202394,0.083242,0.309902,,640400,,
6,6,,0.143061,0.034302,0.205984,0.043914,0.195213,0.103069,0.274457,,641800,,
6,6,,0.117938,0.051685,0.199314,0.055009,0.148608,0.204111,0.223336,,639500,,
6,6,,0.123228,0.051685,0.203738,0.049744,0.152924,0.177199,0.241481,,641200,,
6,6,,0.112353,0.051663,0.174612,0.057363,0.145975,0.215441,0.242593,,641000,,
6,6,,0.134085,0.03428,0.175957,0.045616,0.187297,0.133718,0.289047,,666100,,
6,6,,0.117938,0.051685,0.199314,0.055009,0.148608,0.204111,0.223336,,642100,,
6,6,,0.123228,0.051685,0.203738,0.049744,0.152924,0.177199,0.241481,,648600,,
6,5,,0.117938,0.051685,0.199314,0.055009,0.148608,0.224111,0.203336,,648200,,
6,6,,0.132744,0.046001,0.213514,0.04588,0.162506,0.151516,0.247838,,647600,,
6,6,,0.146755,0.011592,0.231787,0.042571,0.181446,0.100991,0.284859,,653600,,
6,6,,0.142759,0.045657,0.225337,0.041751,0.174265,0.100817,0.269414,,647200,,
6,6,,0.143061,0.034302,0.225984,0.043914,0.175213,0.103069,0.274457,,645600,,
6,6,,0.139368,0.045657,0.220011,0.041099,0.168982,0.120137,0.264747,,644900,,
6,6,,0.117938,0.051685,0.199314,0.055009,0.148608,0.204111,0.223336,,645800,,
6,6,,0.128671,0.046001,0.208487,0.045446,0.157717,0.171516,0.242161,,648400,,
6,6,,0.128671,0.046001,0.208487,0.045446,0.157717,0.171516,0.242161,,643800,,
6,6,,0.117644,0.051663,0.179036,0.052098,0.150291,0.20853,0.240738,,647900,,
6,6,,0.143061,0.034302,0.205984,0.043914,0.195213,0.103069,0.274457,,649000,,
6,5,,0.117938,0.051685,0.199314,0.055009,0.148608,0.224111,0.203336,,646800,,
6,6,,0.117938,0.051685,0.199314,0.055009,0.148608,0.204111,0.223336,,646600,,
6,6,,0.139368,0.045657,0.220011,0.041099,0.168982,0.120137,0.264747,,644200,,
6,6,,0.147056,0.000237,0.212434,0.044735,0.202394,0.103242,0.289902,,644100,,
6,6,,0.117938,0.051685,0.199314,0.055009,0.148608,0.204111,0.223336,,644500,,
6,5,,0.117844,0.057353,0.14944,0.062,0.161083,0.241073,0.211206,,645400,,
6,6,,0.123086,0.04598,0.163786,0.0478,0.175084,0.182846,0.261418,,648900,,
6,6,,0.146755,0.011592,0.211787,0.042571,0.201446,0.100991,0.284859,,643400,,
6,6,,0.128671,0.046001,0.208487,0.045446,0.157717,0.171516,0.242161,,646300,,
6,6,,0.123086,0.04598,0.163786,0.0478,0.175084,0.182846,0.261418,,672500,,
6,6,,0.117938,0.051685,0.199314,0.055009,0.148608,0.204111,0.223336,,647900,,
6,6,,0.147056,0.000237,0.212434,0.044735,0.202394,0.083242,0.309902,,651500,,
6,6,,0.117938,0.051685,0.199314,0.055009,0.148608,0.204111,0.223336,,650200,,
6,6,,0.123228,0.051685,0.203738,0.049744,0.152924,0.177199,0.241481,,649100,,
6,6,,0.128671,0.046001,0.208487,0.045446,0.157717,0.171516,0.242161,,649000,,