libras,LADTree,test,2,NANOSECONDS,PREDICTIONS, Generated by ClassifierExperiments.java on 2022-05-17 03:22:33.    SYSTEMPROPERTIES:{user.name:matth,os.arch:amd64,os.name:Windows 10},ENDSYSTEMPROPERTIES
No parameter info
0.6,479507400,79200,-1,0,15,,-1,-1
0,0,,0.534473,0.165525,0.000448,0.002204,0.065537,0.074784,0.005953,0.000963,0.005287,0.120589,0.000547,0.00041,0.000784,0.021143,0.001355,,4500,,
0,7,,0.041855,0.00554,0.043198,0.000266,0.000358,0.012781,0.030351,0.521572,0.006475,0.002203,0.017738,0.003858,0.023927,0.007967,0.28191,,1400,,
0,0,,0.273734,0.019396,0.024408,0.0144,0.037216,0.087853,0.01623,0.097284,0.017487,0.082439,0.116665,0.006265,0.164002,0.020178,0.022444,,1100,,
0,0,,0.246487,0.036639,0.00054,0.203966,0.008753,0.011275,0.032592,0.035689,0.03343,0.045999,0.002648,0.101839,0.0124,0.005501,0.222242,,1200,,
0,0,,0.919737,0.026535,0.000098,0.000275,0.009994,0.006679,0.013427,0.001728,0.000898,0.014529,0.000058,0.000024,0.000065,0.002176,0.003777,,1100,,
1,8,,0.004802,0.083392,0.00198,0.019371,0.000583,0.048746,0.008673,0.004426,0.230306,0.145979,0.098738,0.008271,0.030421,0.177606,0.136704,,1100,,
1,11,,0.006254,0.131924,0.002347,0.069509,0.002073,0.03032,0.121408,0.006996,0.141519,0.161425,0.018149,0.259762,0.030256,0.005948,0.01211,,1100,,
1,1,,0.019489,0.638039,0.0606,0.016844,0.043334,0.140686,0.009813,0.002819,0.034766,0.014588,0.005619,0.000339,0.006726,0.001732,0.004604,,1100,,
1,0,,0.534473,0.165525,0.000448,0.002204,0.065537,0.074784,0.005953,0.000963,0.005287,0.120589,0.000547,0.00041,0.000784,0.021143,0.001355,,1000,,
1,1,,0.025964,0.845757,0.001099,0.000608,0.003208,0.020518,0.017325,0.003693,0.036291,0.025619,0.007106,0.000332,0.008506,0.001808,0.002166,,1100,,
2,2,,0.001409,0.002012,0.837121,0.004562,0.002446,0.075733,0.000588,0.017131,0.00282,0.000804,0.010196,0.005168,0.017701,0.005722,0.016585,,1000,,
2,2,,0.001409,0.002012,0.837121,0.004562,0.002446,0.075733,0.000588,0.017131,0.00282,0.000804,0.010196,0.005168,0.017701,0.005722,0.016585,,1000,,
2,2,,0.001409,0.002012,0.837121,0.004562,0.002446,0.075733,0.000588,0.017131,0.00282,0.000804,0.010196,0.005168,0.017701,0.005722,0.016585,,1000,,
2,2,,0.001409,0.002012,0.837121,0.004562,0.002446,0.075733,0.000588,0.017131,0.00282,0.000804,0.010196,0.005168,0.017701,0.005722,0.016585,,900,,
2,2,,0.001409,0.002012,0.837121,0.004562,0.002446,0.075733,0.000588,0.017131,0.00282,0.000804,0.010196,0.005168,0.017701,0.005722,0.016585,,1000,,
3,3,,0.077375,0.010026,0.010539,0.711578,0.014547,0.056955,0.000426,0.009148,0.030212,0.000304,0.000914,0.000456,0.003027,0.000911,0.073582,,1000,,
3,3,,0.02503,0.004375,0.011566,0.544121,0.04359,0.345748,0.000338,0.00029,0.011539,0.003106,0.000298,0.000889,0.000422,0.007136,0.001553,,900,,
3,3,,0.02503,0.004375,0.011566,0.544121,0.04359,0.345748,0.000338,0.00029,0.011539,0.003106,0.000298,0.000889,0.000422,0.007136,0.001553,,900,,
3,3,,0.02503,0.004375,0.011566,0.544121,0.04359,0.345748,0.000338,0.00029,0.011539,0.003106,0.000298,0.000889,0.000422,0.007136,0.001553,,1000,,
3,3,,0.077375,0.010026,0.010539,0.711578,0.014547,0.056955,0.000426,0.009148,0.030212,0.000304,0.000914,0.000456,0.003027,0.000911,0.073582,,1000,,
4,4,,0.007916,0.001383,0.03633,0.024873,0.86693,0.033966,0.002854,0.000431,0.009085,0.003476,0.000091,0.000259,0.000129,0.010431,0.001846,,1000,,
4,4,,0.04709,0.0061,0.063704,0.062593,0.556735,0.010767,0.006928,0.0262,0.045774,0.000654,0.000536,0.000256,0.001776,0.002564,0.168322,,1000,,
4,4,,0.059728,0.021435,0.004343,0.030156,0.448082,0.043335,0.009101,0.000136,0.000334,0.368785,0.000062,0.005935,0.000125,0.007292,0.001151,,1100,,
4,14,,0.018876,0.002322,0.003336,0.209137,0.004421,0.016516,0.000175,0.002291,0.006925,0.003147,0.001514,0.00044,0.00131,0.02091,0.70868,,1100,,
4,4,,0.04709,0.0061,0.063704,0.062593,0.556735,0.010767,0.006928,0.0262,0.045774,0.000654,0.000536,0.000256,0.001776,0.002564,0.168322,,1000,,
5,3,,0.02503,0.004375,0.011566,0.544121,0.04359,0.345748,0.000338,0.00029,0.011539,0.003106,0.000298,0.000889,0.000422,0.007136,0.001553,,1000,,
5,5,,0.002707,0.009488,0.113418,0.098184,0.003345,0.685417,0.000341,0.001054,0.03063,0.000839,0.00052,0.011331,0.000907,0.033309,0.008512,,1000,,
5,3,,0.02503,0.004375,0.011566,0.544121,0.04359,0.345748,0.000338,0.00029,0.011539,0.003106,0.000298,0.000889,0.000422,0.007136,0.001553,,900,,
5,5,,0.023999,0.149795,0.133974,0.006092,0.03758,0.562364,0.001882,0.00148,0.007437,0.010254,0.000417,0.00295,0.000738,0.052306,0.008732,,1000,,
5,5,,0.236335,0.041107,0.001486,0.139282,0.022869,0.357378,0.004224,0.002689,0.085372,0.038662,0.002674,0.006174,0.003779,0.052791,0.005177,,900,,
6,11,,0.002723,0.01095,0.001834,0.008888,0.000636,0.042848,0.008232,0.001298,0.010703,0.040118,0.000476,0.79851,0.001174,0.063492,0.008119,,900,,
6,9,,0.054898,0.004485,0.005782,0.009585,0.025373,0.010001,0.059013,0.024305,0.001555,0.596457,0.022425,0.119701,0.044549,0.009786,0.012086,,1200,,
6,6,,0.001284,0.02707,0.004785,0.002062,0.026755,0.001933,0.666192,0.006757,0.072311,0.117227,0.003593,0.049061,0.005987,0.005643,0.009342,,1000,,
6,6,,0.001284,0.02707,0.004785,0.002062,0.026755,0.001933,0.666192,0.006757,0.072311,0.117227,0.003593,0.049061,0.005987,0.005643,0.009342,,1000,,
6,11,,0.001766,0.007101,0.011819,0.000833,0.025925,0.008634,0.142758,0.003963,0.017284,0.092077,0.000298,0.476644,0.000734,0.190369,0.019795,,1000,,
7,7,,0.018143,0.012596,0.01043,0.000393,0.00022,0.001707,0.084473,0.530438,0.016156,0.001673,0.127656,0.000237,0.116387,0.000141,0.079351,,1000,,
7,7,,0.018143,0.012596,0.01043,0.000393,0.00022,0.001707,0.084473,0.530438,0.016156,0.001673,0.127656,0.000237,0.116387,0.000141,0.079351,,1000,,
7,12,,0.003244,0.024179,0.014613,0.00097,0.000444,0.005881,0.011524,0.090979,0.029286,0.004273,0.370003,0.001239,0.434187,0.000421,0.008756,,1000,,
7,0,,0.581661,0.003839,0.00662,0.002219,0.007008,0.009688,0.045204,0.215526,0.003666,0.012265,0.015295,0.000455,0.016705,0.002565,0.077285,,900,,
7,7,,0.018143,0.012596,0.01043,0.000393,0.00022,0.001707,0.084473,0.530438,0.016156,0.001673,0.127656,0.000237,0.116387,0.000141,0.079351,,900,,
8,2,,0.001637,0.030091,0.379502,0.029224,0.180631,0.03967,0.035357,0.007036,0.265479,0.003143,0.005036,0.000893,0.005938,0.003798,0.012565,,1000,,
8,8,,0.004867,0.089019,0.015358,0.002356,0.029841,0.012912,0.139318,0.020566,0.618476,0.012321,0.014214,0.001953,0.016761,0.008848,0.013192,,1200,,
8,8,,0.004867,0.089019,0.015358,0.002356,0.029841,0.012912,0.139318,0.020566,0.618476,0.012321,0.014214,0.001953,0.016761,0.008848,0.013192,,1200,,
8,11,,0.006254,0.131924,0.002347,0.069509,0.002073,0.03032,0.121408,0.006996,0.141519,0.161425,0.018149,0.259762,0.030256,0.005948,0.01211,,1000,,
8,5,,0.017244,0.060147,0.009835,0.016959,0.001184,0.478055,0.002875,0.006599,0.152908,0.007043,0.003145,0.053082,0.005489,0.166285,0.01915,,1000,,
9,13,,0.030107,0.004971,0.000246,0.021377,0.003629,0.054117,0.000908,0.000352,0.010219,0.209288,0.002314,0.003107,0.000854,0.632472,0.026039,,1000,,
9,0,,0.431393,0.008059,0.000409,0.061193,0.012575,0.019218,0.183219,0.006376,0.006815,0.178255,0.000289,0.036694,0.000448,0.013938,0.04112,,1000,,
9,0,,0.468577,0.012833,0.000065,0.000169,0.006343,0.004045,0.01154,0.000904,0.00043,0.314537,0.000201,0.000049,0.000058,0.104272,0.075977,,1100,,
9,9,,0.054898,0.004485,0.005782,0.009585,0.025373,0.010001,0.059013,0.024305,0.001555,0.596457,0.022425,0.119701,0.044549,0.009786,0.012086,,900,,
9,0,,0.431393,0.008059,0.000409,0.061193,0.012575,0.019218,0.183219,0.006376,0.006815,0.178255,0.000289,0.036694,0.000448,0.013938,0.04112,,900,,
10,7,,0.018143,0.012596,0.01043,0.000393,0.00022,0.001707,0.084473,0.530438,0.016156,0.001673,0.127656,0.000237,0.116387,0.000141,0.079351,,1000,,
10,12,,0.003244,0.024179,0.014613,0.00097,0.000444,0.005881,0.011524,0.090979,0.029286,0.004273,0.370003,0.001239,0.434187,0.000421,0.008756,,1000,,
10,12,,0.003244,0.024179,0.014613,0.00097,0.000444,0.005881,0.011524,0.090979,0.029286,0.004273,0.370003,0.001239,0.434187,0.000421,0.008756,,1000,,
10,7,,0.12613,0.006624,0.003315,0.002807,0.001851,0.002157,0.003052,0.457856,0.006824,0.001201,0.053253,0.000479,0.175538,0.000384,0.158527,,900,,
10,12,,0.003244,0.024179,0.014613,0.00097,0.000444,0.005881,0.011524,0.090979,0.029286,0.004273,0.370003,0.001239,0.434187,0.000421,0.008756,,900,,
11,11,,0.002722,0.004459,0.025997,0.000793,0.000893,0.00909,0.027298,0.040524,0.001892,0.073824,0.017918,0.699311,0.043963,0.020944,0.030373,,1000,,
11,11,,0.001766,0.007101,0.011819,0.000833,0.025925,0.008634,0.142758,0.003963,0.017284,0.092077,0.000298,0.476644,0.000734,0.190369,0.019795,,1000,,
11,11,,0.002723,0.01095,0.001834,0.008888,0.000636,0.042848,0.008232,0.001298,0.010703,0.040118,0.000476,0.79851,0.001174,0.063492,0.008119,,1100,,
11,11,,0.002722,0.004459,0.025997,0.000793,0.000893,0.00909,0.027298,0.040524,0.001892,0.073824,0.017918,0.699311,0.043963,0.020944,0.030373,,1000,,
11,9,,0.017373,0.003483,0.001282,0.004912,0.359391,0.004632,0.1505,0.001159,0.006926,0.362791,0.000182,0.039787,0.000363,0.043377,0.003841,,900,,
12,12,,0.001989,0.017091,0.010582,0.001973,0.000926,0.002046,0.128093,0.069483,0.007959,0.094507,0.217407,0.072377,0.360529,0.000624,0.014413,,1000,,
12,12,,0.003244,0.024179,0.014613,0.00097,0.000444,0.005881,0.011524,0.090979,0.029286,0.004273,0.370003,0.001239,0.434187,0.000421,0.008756,,1000,,
12,7,,0.018143,0.012596,0.01043,0.000393,0.00022,0.001707,0.084473,0.530438,0.016156,0.001673,0.127656,0.000237,0.116387,0.000141,0.079351,,1000,,
12,12,,0.001989,0.017091,0.010582,0.001973,0.000926,0.002046,0.128093,0.069483,0.007959,0.094507,0.217407,0.072377,0.360529,0.000624,0.014413,,1000,,
12,12,,0.001989,0.017091,0.010582,0.001973,0.000926,0.002046,0.128093,0.069483,0.007959,0.094507,0.217407,0.072377,0.360529,0.000624,0.014413,,900,,
13,13,,0.004981,0.029366,0.000491,0.000041,0.00054,0.015188,0.000873,0.00031,0.001137,0.119223,0.000558,0.001779,0.000258,0.799991,0.025264,,1000,,
13,13,,0.004981,0.029366,0.000491,0.000041,0.00054,0.015188,0.000873,0.00031,0.001137,0.119223,0.000558,0.001779,0.000258,0.799991,0.025264,,1000,,
13,11,,0.001766,0.007101,0.011819,0.000833,0.025925,0.008634,0.142758,0.003963,0.017284,0.092077,0.000298,0.476644,0.000734,0.190369,0.019795,,1000,,
13,1,,0.025964,0.845757,0.001099,0.000608,0.003208,0.020518,0.017325,0.003693,0.036291,0.025619,0.007106,0.000332,0.008506,0.001808,0.002166,,1000,,
13,13,,0.004981,0.029366,0.000491,0.000041,0.00054,0.015188,0.000873,0.00031,0.001137,0.119223,0.000558,0.001779,0.000258,0.799991,0.025264,,1000,,
14,4,,0.016108,0.002406,0.025741,0.071066,0.647401,0.002091,0.042968,0.011165,0.006941,0.008068,0.000176,0.008329,0.000823,0.002121,0.154596,,1000,,
14,14,,0.153447,0.033607,0.003613,0.011897,0.045542,0.012423,0.000888,0.00295,0.001542,0.035288,0.001112,0.000105,0.000977,0.030103,0.666505,,1000,,
14,14,,0.060762,0.007436,0.000146,0.018251,0.000791,0.00582,0.000748,0.00725,0.017468,0.013356,0.004625,0.001041,0.004003,0.05274,0.805561,,1000,,
14,14,,0.016493,0.000822,0.000563,0.000442,0.000302,0.000335,0.000673,0.061466,0.000839,0.006674,0.047293,0.000248,0.040716,0.004724,0.81841,,1000,,
14,7,,0.079446,0.004811,0.002467,0.005868,0.003964,0.000771,0.034852,0.359268,0.001906,0.027294,0.032149,0.028759,0.149757,0.000585,0.268103,,900,,