yeast,CWE,test,0,NANOSECONDS,PREDICTIONS, Generated by ClassifierExperiments.java on 2022-05-17 03:02:17.    SYSTEMPROPERTIES:{user.name:matth,os.arch:amd64,os.name:Windows 10},ENDSYSTEMPROPERTIES
No parameter info
0.41471571906354515,67702900,117802300,-1,0,10,,-1,-1
0,5,,0.132108,0.137869,0.184484,0.058428,0.089639,0.231401,0.114036,0.018761,0.009706,0.02357,,458100,,
0,0,,0.295566,0.273904,0.193667,0.057439,0.026977,0.081739,0.032235,0.014548,0.011671,0.012252,,396100,,
0,1,,0.285969,0.318389,0.207195,0.076127,0.028597,0.036561,0.013572,0.012563,0.011537,0.00949,,398900,,
0,0,,0.2861,0.259966,0.145641,0.072046,0.044501,0.09897,0.048724,0.019111,0.011411,0.013529,,388700,,
0,0,,0.348689,0.31952,0.191176,0.058937,0.014052,0.026846,0.010423,0.010888,0.011667,0.007802,,390200,,
0,0,,0.309553,0.303616,0.153286,0.060691,0.028745,0.063002,0.040354,0.017867,0.011709,0.011177,,397900,,
0,0,,0.267834,0.243179,0.172571,0.043932,0.04794,0.119198,0.059553,0.017248,0.011908,0.016637,,390100,,
0,0,,0.267083,0.241358,0.166403,0.041503,0.048723,0.125095,0.063472,0.017522,0.011674,0.017168,,393700,,
0,1,,0.2713,0.28729,0.205145,0.050538,0.051643,0.062137,0.03489,0.012317,0.010611,0.014129,,387300,,
0,0,,0.339828,0.322947,0.149401,0.062735,0.026087,0.041976,0.018566,0.017594,0.011281,0.009586,,384900,,
0,0,,0.34484,0.310509,0.19184,0.056893,0.016274,0.033266,0.015114,0.011135,0.011586,0.008543,,390100,,
0,0,,0.316103,0.268337,0.132032,0.054505,0.057651,0.077715,0.049862,0.018866,0.011798,0.01313,,388000,,
0,0,,0.260938,0.235812,0.173713,0.036644,0.055151,0.126315,0.064905,0.017301,0.011229,0.017991,,388500,,
0,0,,0.213583,0.197729,0.185062,0.026023,0.069873,0.163523,0.092909,0.017602,0.011566,0.022131,,392300,,
0,0,,0.332431,0.293872,0.163595,0.095602,0.023661,0.040743,0.013663,0.016828,0.011133,0.008473,,390900,,
0,1,,0.208513,0.21135,0.193619,0.059904,0.07177,0.135394,0.075791,0.014313,0.010385,0.018961,,393400,,
0,0,,0.281543,0.240258,0.145365,0.039061,0.053225,0.124896,0.070261,0.017575,0.011277,0.016538,,388900,,
0,0,,0.31822,0.306757,0.209316,0.069259,0.016968,0.033234,0.01467,0.01146,0.011637,0.008479,,388100,,
0,1,,0.245391,0.249326,0.206315,0.041102,0.043164,0.115885,0.057606,0.013024,0.011813,0.016373,,390900,,
0,1,,0.30207,0.331174,0.210899,0.059171,0.016274,0.033266,0.015114,0.011648,0.011842,0.008543,,390300,,
0,0,,0.358272,0.320497,0.171083,0.062431,0.01635,0.027835,0.010088,0.014337,0.011423,0.007683,,441000,,
0,0,,0.229196,0.209623,0.168304,0.069556,0.059272,0.142418,0.071361,0.020171,0.011581,0.018518,,393500,,
0,2,,0.187872,0.178001,0.201093,0.018384,0.075448,0.180936,0.105881,0.016006,0.011273,0.025107,,389700,,
0,0,,0.250209,0.232278,0.168149,0.072575,0.059503,0.117421,0.054079,0.017863,0.010842,0.017082,,392600,,
0,1,,0.315344,0.319503,0.185311,0.054525,0.029922,0.041158,0.018856,0.014181,0.010923,0.010277,,389300,,
0,1,,0.210756,0.218406,0.211293,0.037413,0.049966,0.142715,0.08424,0.014617,0.011695,0.018899,,401300,,
0,0,,0.305829,0.272285,0.157315,0.055181,0.056588,0.070917,0.038341,0.017948,0.011922,0.013674,,393600,,
0,2,,0.184481,0.180904,0.197495,0.020801,0.073685,0.179576,0.111945,0.01618,0.011161,0.023773,,390400,,
0,1,,0.196527,0.199506,0.194544,0.058049,0.072744,0.150527,0.080453,0.015057,0.011339,0.021253,,401200,,
0,1,,0.30207,0.311174,0.210899,0.059171,0.016274,0.053266,0.015114,0.011648,0.011842,0.008543,,394800,,
0,0,,0.31658,0.288701,0.149973,0.058839,0.051125,0.061369,0.031877,0.017059,0.011925,0.01255,,397700,,
0,0,,0.257183,0.249554,0.177499,0.059499,0.059057,0.104514,0.050891,0.014996,0.010933,0.015873,,392500,,
0,0,,0.34484,0.310509,0.19184,0.056893,0.016274,0.033266,0.015114,0.011135,0.011586,0.008543,,391800,,
0,0,,0.310886,0.283283,0.156842,0.058913,0.029745,0.083557,0.034799,0.017311,0.012153,0.01251,,393900,,
0,5,,0.089395,0.100493,0.169162,0.110812,0.109596,0.259448,0.106897,0.019593,0.009314,0.025289,,394100,,
0,0,,0.258109,0.239231,0.167288,0.043256,0.049003,0.125997,0.071074,0.018165,0.011783,0.016093,,394400,,
0,0,,0.292465,0.255982,0.155551,0.04723,0.063432,0.088394,0.05005,0.019623,0.011889,0.015385,,393000,,
0,0,,0.260588,0.239747,0.168541,0.059678,0.046258,0.124252,0.056074,0.017813,0.011622,0.015427,,388600,,
0,2,,0.183247,0.179847,0.195003,0.053863,0.080182,0.166634,0.091319,0.016038,0.010926,0.022941,,395800,,
0,0,,0.287861,0.283308,0.230107,0.058633,0.022855,0.054456,0.027461,0.012517,0.011296,0.011506,,390300,,
0,0,,0.249792,0.227059,0.180872,0.026328,0.067445,0.129711,0.076399,0.012964,0.010519,0.01891,,402000,,
0,0,,0.298633,0.292947,0.188569,0.036532,0.050186,0.061364,0.035843,0.011098,0.010636,0.014193,,389300,,
0,0,,0.25108,0.229778,0.167209,0.038397,0.053021,0.135315,0.077326,0.019096,0.011762,0.017015,,389800,,
0,2,,0.184481,0.180904,0.197495,0.020801,0.073685,0.179576,0.111945,0.01618,0.011161,0.023773,,400200,,
0,1,,0.308689,0.33952,0.211176,0.058937,0.014052,0.026846,0.010423,0.010888,0.011667,0.007802,,390900,,
0,0,,0.217806,0.215215,0.201797,0.024473,0.068419,0.144844,0.081061,0.013708,0.011473,0.021203,,398600,,
0,0,,0.257287,0.241107,0.179481,0.040188,0.048155,0.124638,0.064074,0.016279,0.011504,0.017287,,391800,,
0,0,,0.242531,0.23051,0.189818,0.039317,0.048126,0.130888,0.075812,0.014352,0.011745,0.016901,,391400,,
0,1,,0.256641,0.275333,0.200416,0.071747,0.055275,0.067852,0.034726,0.013341,0.010426,0.014243,,397400,,
0,0,,0.240464,0.224482,0.169434,0.050764,0.053878,0.135343,0.077589,0.019321,0.011654,0.017071,,391200,,
0,0,,0.269422,0.246664,0.172838,0.044596,0.04606,0.116996,0.058723,0.016679,0.011525,0.016498,,390100,,
0,0,,0.302929,0.266462,0.153707,0.047893,0.063636,0.077974,0.042985,0.018102,0.011403,0.014909,,396700,,
0,0,,0.260291,0.236963,0.170915,0.047216,0.050405,0.12842,0.060004,0.017559,0.011654,0.016573,,391800,,
0,0,,0.277292,0.247262,0.149245,0.076581,0.06551,0.094012,0.044085,0.020027,0.011471,0.014513,,400900,,
0,0,,0.293509,0.276473,0.213625,0.058079,0.026214,0.060935,0.032744,0.014167,0.012003,0.012252,,391700,,
0,0,,0.311702,0.290355,0.167766,0.077577,0.033117,0.06397,0.017929,0.016259,0.011212,0.010112,,395600,,
0,0,,0.357354,0.310988,0.143839,0.089608,0.020412,0.031355,0.0095,0.017926,0.011381,0.007636,,400400,,
0,0,,0.268206,0.240379,0.149123,0.072362,0.068765,0.102527,0.050845,0.020577,0.011782,0.015435,,397100,,
0,0,,0.318527,0.305743,0.152401,0.058938,0.028464,0.0621,0.032752,0.017224,0.011599,0.012252,,460600,,
0,1,,0.25044,0.258288,0.202709,0.043596,0.039178,0.108106,0.058979,0.012952,0.011454,0.014299,,393100,,
0,0,,0.289982,0.268876,0.198151,0.056776,0.02902,0.084001,0.033774,0.015017,0.011893,0.01251,,391200,,
0,1,,0.265984,0.272927,0.253761,0.053945,0.024679,0.06075,0.03257,0.011099,0.011914,0.012371,,389500,,
0,0,,0.257503,0.234785,0.175636,0.040839,0.050929,0.127416,0.065719,0.017891,0.011736,0.017545,,390000,,
0,0,,0.261218,0.258478,0.199732,0.039651,0.050091,0.101613,0.049779,0.013203,0.01102,0.015216,,394900,,
0,0,,0.290408,0.258551,0.155508,0.047869,0.042669,0.10759,0.050558,0.019242,0.012221,0.015385,,389000,,
0,1,,0.259218,0.264134,0.204379,0.04655,0.034858,0.10291,0.048986,0.013031,0.011465,0.014469,,390500,,
0,1,,0.274098,0.289396,0.16053,0.137243,0.03699,0.046427,0.017083,0.017079,0.01108,0.010074,,394600,,
0,2,,0.166593,0.162292,0.193839,0.051959,0.079774,0.186619,0.105272,0.017355,0.011139,0.025157,,390600,,
0,0,,0.262877,0.239925,0.16892,0.037284,0.054225,0.125451,0.064705,0.01702,0.011721,0.017872,,393100,,
0,0,,0.204526,0.195556,0.202256,0.020287,0.075857,0.160951,0.091927,0.014689,0.01106,0.022891,,389100,,
0,0,,0.270867,0.250225,0.172746,0.039138,0.053414,0.110378,0.060751,0.016176,0.010607,0.015699,,388800,,
0,0,,0.288274,0.287907,0.146033,0.094267,0.03307,0.068685,0.039746,0.019216,0.011575,0.011227,,393300,,
0,0,,0.324127,0.308604,0.210941,0.058532,0.017037,0.03407,0.014606,0.012029,0.01151,0.008543,,390600,,
0,1,,0.247559,0.258562,0.204152,0.046612,0.035755,0.108032,0.060362,0.013248,0.011716,0.014001,,395900,,
0,5,,0.096942,0.10731,0.171438,0.110812,0.103348,0.250362,0.106165,0.01929,0.009274,0.025059,,390800,,
0,0,,0.284048,0.26124,0.148153,0.089396,0.059716,0.075734,0.037498,0.018611,0.012004,0.0136,,390800,,
0,0,,0.213244,0.208894,0.199315,0.0362,0.069876,0.145616,0.080109,0.014415,0.011193,0.021139,,395800,,
0,0,,0.328435,0.292328,0.168344,0.095602,0.023824,0.040803,0.014371,0.016727,0.010973,0.008593,,390500,,
0,2,,0.187872,0.178001,0.201093,0.018384,0.075448,0.180936,0.105881,0.016006,0.011273,0.025107,,398100,,
0,0,,0.298633,0.292947,0.188569,0.036532,0.050186,0.061364,0.035843,0.011098,0.010636,0.014193,,390600,,
0,0,,0.25108,0.229778,0.167209,0.038397,0.053021,0.135315,0.077326,0.019096,0.011762,0.017015,,398400,,
0,0,,0.276235,0.253738,0.170421,0.043858,0.048474,0.110514,0.053341,0.016327,0.010887,0.016203,,399100,,
0,0,,0.292465,0.255982,0.155551,0.04723,0.043432,0.108394,0.05005,0.019623,0.011889,0.015385,,390000,,
0,1,,0.27792,0.291042,0.207669,0.038171,0.050949,0.062168,0.035334,0.011992,0.01056,0.014193,,395400,,
0,0,,0.264934,0.237356,0.168963,0.036644,0.054988,0.126256,0.064197,0.017401,0.011389,0.017872,,386100,,
0,0,,0.28818,0.275263,0.194819,0.059856,0.025377,0.080439,0.039008,0.014622,0.011399,0.011038,,389700,,
0,0,,0.267083,0.241358,0.166403,0.041503,0.048723,0.125095,0.063472,0.017522,0.011674,0.017168,,397700,,
0,0,,0.271487,0.247987,0.175402,0.039,0.055177,0.111738,0.054687,0.016514,0.010976,0.017032,,391600,,
0,0,,0.281543,0.240258,0.145365,0.039061,0.053225,0.124896,0.070261,0.017575,0.011277,0.016538,,390500,,
0,0,,0.224743,0.218097,0.204479,0.023834,0.07143,0.13749,0.075027,0.013037,0.010878,0.020984,,394800,,
0,1,,0.319086,0.320778,0.17694,0.05648,0.02989,0.040871,0.01947,0.014943,0.011265,0.010277,,388100,,
0,0,,0.289513,0.274929,0.218375,0.058079,0.026377,0.060995,0.033452,0.014067,0.011843,0.012371,,394700,,
0,0,,0.255039,0.25071,0.185379,0.055063,0.04798,0.109684,0.053348,0.015072,0.01146,0.016265,,392200,,
1,2,,0.240967,0.250756,0.256213,0.074572,0.030771,0.071247,0.038188,0.012039,0.011975,0.013273,,391400,,
1,0,,0.292465,0.255982,0.155551,0.04723,0.043432,0.108394,0.05005,0.019623,0.011889,0.015385,,396000,,
1,0,,0.228273,0.207159,0.169172,0.060473,0.061043,0.151672,0.072257,0.020158,0.011275,0.018518,,391900,,
1,0,,0.286591,0.271778,0.214553,0.059192,0.027257,0.062641,0.039838,0.015191,0.011781,0.011177,,423500,,
1,0,,0.260938,0.235812,0.173713,0.036644,0.055151,0.126315,0.064905,0.017301,0.011229,0.017991,,387300,,
1,0,,0.326595,0.301153,0.171279,0.058934,0.025416,0.061615,0.018322,0.015734,0.011367,0.009586,,390100,,
1,1,,0.311105,0.318328,0.189747,0.066167,0.023048,0.03979,0.01872,0.011715,0.011738,0.009642,,430100,,
1,0,,0.321144,0.298209,0.176983,0.055841,0.030653,0.061675,0.018961,0.015325,0.010933,0.010277,,386100,,
1,1,,0.253039,0.260038,0.200288,0.043596,0.038741,0.108043,0.058358,0.012643,0.011081,0.014174,,394000,,
1,0,,0.258774,0.239977,0.17293,0.056299,0.048362,0.119164,0.059074,0.017167,0.011683,0.016568,,389600,,
1,1,,0.310373,0.316442,0.163552,0.096241,0.022898,0.039939,0.014171,0.016446,0.011465,0.008473,,385700,,
1,0,,0.370792,0.340386,0.148307,0.067872,0.017784,0.015667,0.009824,0.017091,0.011261,0.001016,,394200,,
1,0,,0.25447,0.226876,0.170807,0.035981,0.054784,0.136675,0.071262,0.018922,0.011874,0.018348,,391500,,
1,0,,0.250474,0.225332,0.175557,0.035981,0.054947,0.136735,0.07197,0.018822,0.011715,0.018468,,394000,,
1,0,,0.290742,0.282542,0.150499,0.082767,0.036604,0.079299,0.034577,0.019028,0.011382,0.012561,,384500,,
1,0,,0.250474,0.225332,0.175557,0.035981,0.054947,0.136735,0.07197,0.018822,0.011715,0.018468,,384800,,
1,0,,0.267084,0.228234,0.151959,0.038397,0.053184,0.135375,0.078034,0.018996,0.011602,0.017134,,389700,,
1,0,,0.334944,0.281837,0.145662,0.088359,0.041752,0.04882,0.018613,0.018512,0.010587,0.010912,,387700,,
1,1,,0.265984,0.272927,0.253761,0.053945,0.024679,0.06075,0.03257,0.011099,0.011914,0.012371,,388600,,
1,0,,0.238224,0.233905,0.199259,0.0423,0.04918,0.125736,0.066541,0.014983,0.012168,0.017704,,386400,,
1,0,,0.261499,0.236329,0.170886,0.040839,0.050766,0.127356,0.065011,0.017991,0.011896,0.017426,,388400,,
1,0,,0.260938,0.235812,0.173713,0.036644,0.055151,0.126315,0.064905,0.017301,0.011229,0.017991,,399200,,
1,1,,0.232884,0.243689,0.143966,0.212384,0.038586,0.077565,0.012214,0.01878,0.011253,0.008681,,389300,,
1,1,,0.282482,0.301957,0.207905,0.038576,0.047964,0.054945,0.031151,0.010851,0.010717,0.013452,,392200,,
1,0,,0.356936,0.299451,0.153814,0.053144,0.036664,0.042332,0.01973,0.016269,0.010797,0.010862,,396500,,
1,2,,0.189888,0.1999,0.208464,0.060129,0.057062,0.158208,0.078971,0.015397,0.0117,0.020283,,390200,,
1,0,,0.353709,0.309582,0.170848,0.062026,0.019335,0.035059,0.014271,0.015479,0.011267,0.008423,,393900,,
1,0,,0.265777,0.245748,0.172529,0.044571,0.047177,0.118394,0.060061,0.016866,0.01224,0.016637,,396400,,
1,1,,0.320787,0.325787,0.178836,0.053665,0.033933,0.035612,0.015503,0.014575,0.011061,0.010241,,390700,,
1,0,,0.270291,0.256651,0.211164,0.091015,0.031465,0.067482,0.032335,0.015797,0.011377,0.012422,,396800,,
1,1,,0.227606,0.240484,0.197322,0.077172,0.043939,0.113851,0.059113,0.014605,0.011436,0.014474,,388300,,
1,2,,0.254405,0.260154,0.26068,0.052836,0.028143,0.068892,0.038512,0.011204,0.011855,0.013319,,389200,,
1,1,,0.27792,0.291042,0.207669,0.038171,0.050949,0.062168,0.035334,0.011992,0.01056,0.014193,,384100,,
1,1,,0.264623,0.264963,0.2368,0.057585,0.027216,0.067721,0.044779,0.012839,0.011487,0.011986,,387600,,
1,0,,0.27108,0.229778,0.147209,0.038397,0.053021,0.135315,0.077326,0.019096,0.011762,0.017015,,388200,,
1,0,,0.32207,0.311174,0.210899,0.059171,0.016274,0.033266,0.015114,0.011648,0.011842,0.008543,,388800,,
1,0,,0.331795,0.324654,0.142404,0.086515,0.026057,0.037849,0.012808,0.017877,0.011366,0.008675,,393500,,
1,0,,0.285986,0.267331,0.222901,0.056776,0.029183,0.064061,0.034483,0.014917,0.011733,0.01263,,389100,,
1,0,,0.288946,0.270152,0.211143,0.069806,0.027671,0.061707,0.031791,0.014873,0.011722,0.012188,,388900,,
1,0,,0.198585,0.196937,0.194586,0.05741,0.073507,0.151332,0.079944,0.015439,0.011007,0.021253,,394600,,
1,1,,0.231853,0.235816,0.199688,0.047483,0.057021,0.121842,0.062879,0.013679,0.011499,0.01824,,388000,,
1,2,,0.174434,0.168603,0.196625,0.040119,0.078076,0.183291,0.105557,0.016841,0.011393,0.02506,,410200,,
1,0,,0.370792,0.320386,0.148307,0.067872,0.017784,0.029,0.009824,0.017091,0.011261,0.007683,,385000,,
1,0,,0.368734,0.322955,0.148264,0.068511,0.017021,0.028196,0.010333,0.01671,0.011593,0.007683,,389100,,
1,0,,0.333143,0.295777,0.164494,0.093963,0.022898,0.039939,0.014171,0.015933,0.011209,0.008473,,440300,,
1,0,,0.364172,0.316634,0.145782,0.080238,0.018478,0.028968,0.00938,0.017416,0.011313,0.007619,,396700,,
1,0,,0.299538,0.269364,0.150109,0.05031,0.061873,0.076614,0.049048,0.018276,0.011291,0.013575,,402500,,
1,0,,0.322599,0.319608,0.176029,0.058934,0.025578,0.041675,0.01903,0.015634,0.011207,0.009706,,393900,,
1,0,,0.195634,0.187663,0.15808,0.085108,0.067367,0.177947,0.079229,0.02159,0.010452,0.016931,,395900,,
1,2,,0.187872,0.178001,0.201093,0.018384,0.075448,0.180936,0.105881,0.016006,0.011273,0.025107,,409600,,
1,0,,0.358015,0.309125,0.152209,0.057466,0.034441,0.035913,0.015039,0.016535,0.011135,0.010121,,395800,,
1,1,,0.220482,0.222354,0.216576,0.038089,0.048903,0.135917,0.072718,0.013699,0.011819,0.019443,,398600,,
1,0,,0.309553,0.303616,0.153286,0.060691,0.028745,0.063002,0.040354,0.017867,0.011709,0.011177,,392000,,
1,0,,0.25447,0.226876,0.170807,0.035981,0.054784,0.136675,0.071262,0.018922,0.011874,0.018348,,394300,,
1,0,,0.274974,0.250303,0.166222,0.044596,0.045462,0.116875,0.057272,0.016474,0.01157,0.016254,,401300,,
1,0,,0.219864,0.212646,0.201839,0.023834,0.069182,0.145648,0.080553,0.01409,0.011141,0.021203,,395300,,
1,0,,0.263087,0.239814,0.171153,0.041503,0.048886,0.125154,0.06418,0.017422,0.011514,0.017287,,398700,,
1,0,,0.212586,0.210304,0.20094,0.029214,0.062976,0.151754,0.084915,0.01474,0.01162,0.020951,,391700,,
1,0,,0.315252,0.310122,0.206709,0.080673,0.016679,0.029201,0.010099,0.011723,0.011787,0.007756,,390600,,
1,0,,0.350426,0.309942,0.176497,0.060387,0.018735,0.034315,0.015488,0.014484,0.011183,0.008543,,397400,,
1,0,,0.330476,0.299933,0.179458,0.082447,0.021396,0.036958,0.01455,0.01507,0.011217,0.008496,,391600,,
1,0,,0.293509,0.276473,0.213625,0.058079,0.026214,0.060935,0.032744,0.014167,0.012003,0.012252,,399600,,
1,0,,0.280498,0.269238,0.203001,0.09401,0.02788,0.060136,0.026823,0.015473,0.011506,0.011436,,393000,,
1,0,,0.263087,0.239814,0.171153,0.041503,0.048886,0.125154,0.06418,0.017422,0.011514,0.017287,,396300,,
1,1,,0.325919,0.340184,0.210235,0.061215,0.014052,0.013513,0.010423,0.011401,0.011923,0.001135,,411700,,
1,0,,0.298633,0.292947,0.188569,0.036532,0.050186,0.061364,0.035843,0.011098,0.010636,0.014193,,396200,,
1,5,,0.122309,0.137602,0.169041,0.125346,0.101559,0.214906,0.080674,0.01769,0.009488,0.021385,,398900,,
1,0,,0.278109,0.239231,0.147288,0.043256,0.049003,0.125997,0.071074,0.018165,0.011783,0.016093,,389400,,
1,0,,0.370792,0.320386,0.148307,0.067872,0.017784,0.029,0.009824,0.017091,0.011261,0.007683,,402500,,
1,0,,0.213583,0.197729,0.185062,0.026023,0.069873,0.163523,0.092909,0.017602,0.011566,0.022131,,395000,,
1,2,,0.200812,0.1982,0.202415,0.027311,0.064815,0.163581,0.093343,0.015005,0.01157,0.022948,,393600,,
1,2,,0.24263,0.24805,0.262156,0.050933,0.029983,0.080719,0.046939,0.011469,0.011805,0.015317,,392500,,
1,0,,0.333709,0.329582,0.170848,0.062026,0.019335,0.035059,0.014271,0.015479,0.011267,0.008423,,403300,,
1,1,,0.224533,0.230296,0.196925,0.035178,0.054538,0.135091,0.079605,0.014315,0.011589,0.017929,,396000,,
1,1,,0.302417,0.331281,0.208842,0.057484,0.02046,0.034144,0.013223,0.011733,0.011576,0.008841,,400100,,
1,0,,0.357559,0.318592,0.170184,0.06407,0.017113,0.02864,0.00958,0.015232,0.011348,0.007683,,392200,,
1,0,,0.277939,0.267363,0.205136,0.093509,0.027042,0.05964,0.033086,0.015416,0.010645,0.010222,,392500,,
1,0,,0.248417,0.227901,0.175514,0.03662,0.054184,0.135931,0.072478,0.018441,0.012047,0.018468,,398000,,
1,0,,0.325663,0.295667,0.161717,0.099403,0.024332,0.041103,0.013907,0.018687,0.011046,0.008473,,395000,,
1,0,,0.270027,0.25111,0.16449,0.047013,0.044134,0.115577,0.064078,0.016953,0.011573,0.015045,,429000,,
1,0,,0.283788,0.254799,0.152984,0.060235,0.063363,0.087558,0.050114,0.019567,0.012272,0.015322,,397900,,
1,0,,0.382096,0.306947,0.128434,0.061096,0.024889,0.041109,0.018332,0.016395,0.011241,0.009462,,389900,,
1,1,,0.299281,0.324175,0.210405,0.0538,0.021919,0.039759,0.018422,0.011085,0.011571,0.009582,,395000,,
1,1,,0.265984,0.272927,0.253761,0.053945,0.024679,0.06075,0.03257,0.011099,0.011914,0.012371,,395200,,
1,1,,0.287772,0.317369,0.205647,0.049782,0.035083,0.045747,0.024139,0.011415,0.011534,0.011512,,429700,,
1,0,,0.301236,0.280628,0.212718,0.059795,0.024755,0.055319,0.027544,0.014814,0.01168,0.011511,,395100,,
2,2,,0.173511,0.16614,0.197494,0.031037,0.079846,0.192545,0.106452,0.016827,0.011088,0.02506,,390500,,
2,2,,0.187872,0.178001,0.201093,0.018384,0.075448,0.180936,0.105881,0.016006,0.011273,0.025107,,398000,,
2,1,,0.15213,0.189933,0.171872,0.178846,0.070983,0.140967,0.050636,0.016559,0.011563,0.016511,,390400,,
2,0,,0.232391,0.228809,0.198451,0.026328,0.067007,0.129648,0.075778,0.012656,0.010146,0.018785,,397800,,
2,1,,0.210529,0.212873,0.200898,0.029853,0.062213,0.15095,0.085424,0.014359,0.011952,0.020951,,391200,,
2,5,,0.089395,0.100493,0.169162,0.110812,0.109596,0.259448,0.106897,0.019593,0.009314,0.025289,,392000,,
2,5,,0.157487,0.15721,0.14586,0.129048,0.082083,0.205357,0.072763,0.021725,0.010047,0.01842,,390200,,
2,2,,0.187872,0.178001,0.201093,0.018384,0.075448,0.180936,0.105881,0.016006,0.011273,0.025107,,390900,,
2,5,,0.163613,0.162398,0.194665,0.043516,0.080781,0.195069,0.106676,0.01696,0.011166,0.025157,,389800,,
2,0,,0.228273,0.207159,0.169172,0.060473,0.061043,0.151672,0.072257,0.020158,0.011275,0.018518,,387600,,
2,2,,0.171454,0.168709,0.197451,0.031676,0.079083,0.191741,0.10696,0.016446,0.01142,0.02506,,391600,,
2,5,,0.122904,0.123017,0.114289,0.163847,0.10568,0.243224,0.074457,0.023962,0.009636,0.018985,,392800,,
2,2,,0.179533,0.182491,0.195162,0.060886,0.069141,0.169264,0.092734,0.016354,0.011436,0.022999,,390000,,
2,0,,0.264707,0.251622,0.215647,0.090351,0.033509,0.069744,0.033874,0.016266,0.011599,0.01268,,394600,,
2,1,,0.220482,0.222354,0.216576,0.038089,0.048903,0.135917,0.072718,0.013699,0.011819,0.019443,,398600,,
2,0,,0.194711,0.1852,0.158948,0.076025,0.069137,0.1872,0.080125,0.021577,0.010147,0.016931,,387900,,
2,5,,0.058917,0.074866,0.140209,0.143096,0.126668,0.292476,0.108701,0.020223,0.008886,0.025957,,392500,,
2,2,,0.187872,0.178001,0.201093,0.018384,0.075448,0.180936,0.105881,0.016006,0.011273,0.025107,,392600,,
2,2,,0.187872,0.178001,0.201093,0.018384,0.075448,0.180936,0.105881,0.016006,0.011273,0.025107,,392500,,
2,1,,0.227597,0.230783,0.216145,0.041182,0.042822,0.129361,0.068668,0.013444,0.011718,0.01828,,386000,,
2,2,,0.17861,0.180028,0.19603,0.051804,0.070911,0.178518,0.093629,0.01634,0.011131,0.022999,,390500,,
2,1,,0.30207,0.311174,0.230899,0.059171,0.016274,0.033266,0.015114,0.011648,0.011842,0.008543,,390800,,
2,5,,0.16567,0.159829,0.194708,0.042877,0.081544,0.195873,0.106168,0.017342,0.010834,0.025157,,397900,,
2,2,,0.184481,0.180904,0.197495,0.020801,0.073685,0.179576,0.111945,0.01618,0.011161,0.023773,,389600,,
2,1,,0.21209,0.218073,0.214849,0.035636,0.050966,0.14327,0.078684,0.014061,0.012139,0.020232,,390500,,
2,0,,0.204481,0.180904,0.177495,0.020801,0.073685,0.179576,0.111945,0.01618,0.011161,0.023773,,390600,,
2,2,,0.191945,0.197331,0.208506,0.059489,0.057825,0.159012,0.078463,0.015778,0.011368,0.020283,,398000,,
2,2,,0.164536,0.164861,0.193797,0.052599,0.079011,0.185815,0.10578,0.016974,0.011471,0.025157,,391100,,
2,5,,0.106004,0.103396,0.145564,0.113229,0.107833,0.258088,0.112961,0.019767,0.009202,0.023956,,391800,,
2,2,,0.185814,0.18057,0.20105,0.019023,0.074685,0.180132,0.106389,0.015625,0.011605,0.025107,,396600,,
2,1,,0.325919,0.340184,0.210235,0.061215,0.014052,0.013513,0.010423,0.011401,0.011923,0.001135,,389000,,
2,1,,0.252347,0.262723,0.260638,0.053475,0.02738,0.068088,0.03902,0.010823,0.012187,0.013319,,408900,,
2,0,,0.227924,0.227394,0.200523,0.032761,0.056301,0.136451,0.073541,0.014141,0.011702,0.019262,,389000,,
2,0,,0.219864,0.212646,0.201839,0.023834,0.069182,0.145648,0.080553,0.01409,0.011141,0.021203,,386000,,
2,0,,0.265723,0.253272,0.191723,0.081908,0.034353,0.098134,0.034569,0.015971,0.011786,0.012561,,386900,,
2,5,,0.086004,0.103396,0.165564,0.113229,0.107833,0.258088,0.112961,0.019767,0.009202,0.023956,,387100,,
2,0,,0.276047,0.24669,0.151909,0.060522,0.067067,0.099199,0.051129,0.020063,0.012036,0.015339,,389300,,
2,2,,0.191945,0.197331,0.208506,0.059489,0.057825,0.159012,0.078463,0.015778,0.011368,0.020283,,385800,,
2,2,,0.173511,0.16614,0.197494,0.031037,0.079846,0.192545,0.106452,0.016827,0.011088,0.02506,,387100,,
2,5,,0.089395,0.100493,0.169162,0.110812,0.109596,0.259448,0.106897,0.019593,0.009314,0.025289,,417700,,
2,5,,0.16567,0.159829,0.194708,0.042877,0.081544,0.195873,0.106168,0.017342,0.010834,0.025157,,387500,,
2,2,,0.185814,0.18057,0.20105,0.019023,0.074685,0.180132,0.106389,0.015625,0.011605,0.025107,,388700,,
2,0,,0.219864,0.212646,0.201839,0.023834,0.069182,0.145648,0.080553,0.01409,0.011141,0.021203,,389000,,
2,0,,0.227924,0.227394,0.200523,0.032761,0.056301,0.136451,0.073541,0.014141,0.011702,0.019262,,383500,,
2,2,,0.164536,0.164861,0.193797,0.052599,0.079011,0.185815,0.10578,0.016974,0.011471,0.025157,,390700,,
2,2,,0.187872,0.178001,0.201093,0.018384,0.075448,0.180936,0.105881,0.016006,0.011273,0.025107,,396200,,
2,0,,0.230211,0.211273,0.16438,0.061113,0.060117,0.150808,0.072057,0.019876,0.011767,0.018398,,397600,,
2,2,,0.185814,0.18057,0.20105,0.019023,0.074685,0.180132,0.106389,0.015625,0.011605,0.025107,,386000,,
2,0,,0.265394,0.24373,0.175455,0.043932,0.047668,0.119196,0.059519,0.016842,0.011632,0.016632,,393500,,
3,3,,0.181246,0.203109,0.100589,0.228602,0.062889,0.14362,0.034699,0.023119,0.009739,0.012389,,394400,,
3,0,,0.236702,0.21585,0.138942,0.087274,0.077622,0.138859,0.058205,0.022378,0.010321,0.013848,,395400,,
3,3,,0.156873,0.167347,0.162467,0.204725,0.072751,0.157292,0.035973,0.019479,0.009781,0.01331,,390700,,
3,5,,0.121519,0.122196,0.114673,0.160693,0.106167,0.248275,0.07479,0.023039,0.009328,0.019318,,390600,,
3,3,,0.221693,0.216156,0.114113,0.246307,0.056421,0.091398,0.013509,0.020305,0.010749,0.009348,,390500,,
3,3,,0.16884,0.182297,0.106562,0.222252,0.079644,0.154847,0.039958,0.021005,0.010952,0.013644,,392400,,
3,3,,0.156873,0.167347,0.142467,0.204725,0.072751,0.177292,0.035973,0.019479,0.009781,0.01331,,392200,,
3,3,,0.164792,0.178762,0.156504,0.23685,0.057587,0.131744,0.031748,0.019988,0.009894,0.01213,,385700,,
3,1,,0.222625,0.233837,0.143091,0.194323,0.055622,0.093176,0.016629,0.018906,0.011205,0.010585,,387600,,
3,0,,0.207831,0.205753,0.126719,0.165356,0.081233,0.12733,0.041593,0.022595,0.010319,0.01127,,384900,,
3,0,,0.190242,0.182783,0.127075,0.152534,0.094722,0.151856,0.051054,0.023665,0.010715,0.015354,,385800,,
3,3,,0.151515,0.165627,0.103622,0.22037,0.083955,0.169438,0.058104,0.021814,0.010614,0.01494,,385700,,
3,5,,0.151997,0.147824,0.143627,0.128409,0.089095,0.215247,0.072986,0.022409,0.009756,0.01865,,385600,,
3,5,,0.151997,0.147824,0.143627,0.128409,0.089095,0.215247,0.072986,0.022409,0.009756,0.01865,,397100,,
3,5,,0.137785,0.140591,0.1146,0.17044,0.106849,0.220444,0.061303,0.020479,0.008885,0.018623,,384700,,
3,3,,0.201693,0.216156,0.134113,0.246307,0.056421,0.091398,0.013509,0.020305,0.010749,0.009348,,392300,,
3,3,,0.114467,0.153632,0.200627,0.227189,0.060917,0.155715,0.046077,0.016086,0.00988,0.015409,,383400,,
3,0,,0.264707,0.251622,0.215647,0.090351,0.033509,0.069744,0.033874,0.016266,0.011599,0.01268,,386000,,
3,5,,0.100381,0.1064,0.123418,0.15583,0.112112,0.263062,0.086059,0.022495,0.009237,0.021006,,389500,,
3,0,,0.279099,0.256733,0.158359,0.081969,0.046838,0.09594,0.039101,0.017933,0.010858,0.013171,,387800,,
3,5,,0.160898,0.152123,0.119033,0.155096,0.114328,0.194943,0.053245,0.024663,0.00965,0.016022,,393300,,
3,5,,0.151997,0.147824,0.143627,0.128409,0.089095,0.215247,0.072986,0.022409,0.009756,0.01865,,403100,,
3,3,,0.224001,0.21944,0.11286,0.258543,0.054164,0.077093,0.012281,0.021241,0.011362,0.009015,,386300,,
3,3,,0.156901,0.17045,0.162241,0.22395,0.061888,0.14831,0.034516,0.01952,0.009503,0.012722,,387000,,
3,3,,0.190858,0.214247,0.152365,0.277556,0.042208,0.072359,0.011393,0.019161,0.011094,0.00876,,389100,,
3,0,,0.256021,0.250794,0.142403,0.216067,0.037127,0.05195,0.007014,0.019427,0.011258,0.00794,,383600,,
3,2,,0.186429,0.190511,0.192289,0.163358,0.057449,0.133517,0.035065,0.018835,0.009904,0.012643,,390000,,
3,5,,0.14994,0.150393,0.143584,0.129048,0.088332,0.214443,0.073495,0.022027,0.010088,0.01865,,392500,,
3,5,,0.055526,0.077768,0.136611,0.145513,0.124905,0.291117,0.114765,0.020397,0.008774,0.024624,,393600,,
3,2,,0.141015,0.173799,0.211502,0.158154,0.057486,0.169371,0.04803,0.015006,0.010307,0.01533,,388200,,
3,3,,0.130723,0.16947,0.143442,0.216676,0.078098,0.168306,0.048692,0.01793,0.011094,0.015568,,390000,,
3,3,,0.11241,0.156201,0.200585,0.227829,0.060154,0.154911,0.046585,0.015704,0.010212,0.015409,,413500,,
3,5,,0.14139,0.145992,0.111086,0.178391,0.095509,0.219283,0.060647,0.02091,0.009444,0.017348,,389900,,
4,5,,0.089395,0.100493,0.169162,0.110812,0.109596,0.259448,0.106897,0.019593,0.009314,0.025289,,396100,,
4,2,,0.187872,0.178001,0.201093,0.018384,0.075448,0.180936,0.105881,0.016006,0.011273,0.025107,,392000,,
4,0,,0.301955,0.277319,0.158246,0.145068,0.026599,0.040676,0.012593,0.018027,0.011178,0.008339,,390700,,
4,0,,0.210774,0.20317,0.130638,0.16801,0.05845,0.148826,0.035248,0.022434,0.010139,0.012309,,396500,,
4,0,,0.328435,0.292328,0.168344,0.095602,0.023824,0.040803,0.014371,0.016727,0.010973,0.008593,,392000,,
4,5,,0.089395,0.100493,0.169162,0.110812,0.109596,0.259448,0.106897,0.019593,0.009314,0.025289,,395700,,
4,0,,0.202763,0.190694,0.125273,0.152559,0.07569,0.162241,0.04348,0.022525,0.009898,0.014878,,390300,,
4,5,,0.151997,0.147824,0.143627,0.128409,0.089095,0.215247,0.072986,0.022409,0.009756,0.01865,,393800,,
4,5,,0.055526,0.077768,0.136611,0.145513,0.124905,0.291117,0.114765,0.020397,0.008774,0.024624,,396600,,
4,5,,0.121519,0.122196,0.114673,0.160693,0.106167,0.248275,0.07479,0.023039,0.009328,0.019318,,392200,,
4,5,,0.16969,0.174488,0.137032,0.145432,0.073252,0.183967,0.069633,0.020894,0.009708,0.015906,,396100,,
5,5,,0.089395,0.100493,0.169162,0.110812,0.109596,0.259448,0.106897,0.019593,0.009314,0.025289,,390900,,
5,5,,0.055526,0.077768,0.136611,0.145513,0.124905,0.291117,0.114765,0.020397,0.008774,0.024624,,396200,,
5,5,,0.16567,0.159829,0.194708,0.042877,0.081544,0.195873,0.106168,0.017342,0.010834,0.025157,,398200,,
5,5,,0.121519,0.122196,0.114673,0.160693,0.106167,0.248275,0.07479,0.023039,0.009328,0.019318,,391800,,
5,5,,0.096942,0.10731,0.171438,0.110812,0.103348,0.250362,0.106165,0.01929,0.009274,0.025059,,394400,,
5,0,,0.232269,0.208704,0.164422,0.060473,0.06088,0.151612,0.071549,0.020258,0.011435,0.018398,,385700,,
5,5,,0.094885,0.109879,0.171395,0.111452,0.102585,0.249558,0.106673,0.018909,0.009606,0.025059,,390600,,
5,5,,0.100381,0.1064,0.123418,0.15583,0.112112,0.263062,0.086059,0.022495,0.009237,0.021006,,395500,,
5,5,,0.058917,0.074866,0.140209,0.143096,0.126668,0.292476,0.108701,0.020223,0.008886,0.025957,,388900,,
6,0,,0.196938,0.174688,0.175838,0.024084,0.076149,0.188798,0.112396,0.016492,0.010907,0.02371,,390100,,
6,5,,0.16567,0.159829,0.194708,0.042877,0.081544,0.195873,0.106168,0.017342,0.010834,0.025157,,402100,,
6,0,,0.270263,0.23781,0.149166,0.071722,0.049528,0.123331,0.050337,0.020958,0.011449,0.015435,,399300,,
6,5,,0.182279,0.162731,0.17111,0.045293,0.079781,0.194513,0.112231,0.017516,0.010721,0.023823,,398900,,
6,5,,0.13086,0.132027,0.152371,0.123547,0.095039,0.230033,0.084255,0.021865,0.009664,0.020339,,394600,,
6,5,,0.135499,0.134966,0.188082,0.056011,0.091402,0.232761,0.107972,0.018587,0.009818,0.024903,,393600,,
6,5,,0.163613,0.162398,0.194665,0.043516,0.080781,0.195069,0.106676,0.01696,0.011166,0.025157,,409400,,
7,2,,0.187872,0.178001,0.201093,0.018384,0.075448,0.180936,0.105881,0.016006,0.011273,0.025107,,399000,,
7,0,,0.346942,0.331376,0.14897,0.065828,0.020006,0.03542,0.014516,0.017338,0.01118,0.008423,,392300,,
7,3,,0.202603,0.234194,0.114276,0.235307,0.062251,0.095464,0.014353,0.0212,0.011043,0.009309,,390100,,
7,2,,0.187872,0.178001,0.201093,0.018384,0.075448,0.180936,0.105881,0.016006,0.011273,0.025107,,390600,,
7,3,,0.184468,0.189663,0.094494,0.224168,0.104943,0.122873,0.031993,0.022042,0.01077,0.014586,,390800,,
7,0,,0.351652,0.312151,0.170805,0.062665,0.018572,0.034255,0.01478,0.015097,0.011599,0.008423,,390200,,
8,0,,0.282596,0.270234,0.219303,0.059192,0.02742,0.062701,0.040546,0.015091,0.011621,0.011297,,396000,,
8,0,,0.229196,0.209623,0.168304,0.069556,0.059272,0.142418,0.071361,0.020171,0.011581,0.018518,,393000,,
8,0,,0.284922,0.249766,0.153894,0.050513,0.065896,0.097616,0.050501,0.019934,0.011635,0.015322,,388600,,
8,1,,0.238473,0.239569,0.202213,0.035116,0.056327,0.121873,0.063324,0.013354,0.011448,0.018304,,398500,,
9,5,,0.16567,0.159829,0.194708,0.042877,0.081544,0.195873,0.106168,0.017342,0.010834,0.025157,,391700,,