yeast,CWE,test,4,NANOSECONDS,PREDICTIONS, Generated by ClassifierExperiments.java on 2022-05-17 03:11:31.    SYSTEMPROPERTIES:{user.name:matth,os.arch:amd64,os.name:Windows 10},ENDSYSTEMPROPERTIES
No parameter info
0.38461538461538464,86160300,118780700,-1,0,10,,-1,-1
0,0,,0.277105,0.251292,0.118347,0.101995,0.099103,0.063241,0.03961,0.031956,0.012302,0.00505,,463700,,
0,0,,0.264626,0.258821,0.165471,0.064521,0.095396,0.078806,0.034349,0.021581,0.011712,0.004717,,395100,,
0,1,,0.213839,0.218116,0.139687,0.108229,0.113017,0.111346,0.052482,0.025403,0.009739,0.008141,,403500,,
0,0,,0.283378,0.230109,0.124753,0.058186,0.126436,0.083693,0.048105,0.026638,0.012038,0.006666,,394100,,
0,0,,0.295291,0.262845,0.181115,0.031864,0.100771,0.056481,0.036359,0.0192,0.010675,0.0054,,394400,,
0,1,,0.284096,0.317947,0.168544,0.074655,0.07189,0.027773,0.019616,0.020057,0.012857,0.002564,,390500,,
0,1,,0.274091,0.318718,0.13562,0.128081,0.073585,0.024001,0.012128,0.020259,0.011357,0.002162,,390500,,
0,1,,0.309739,0.362221,0.167233,0.049818,0.062039,0.014727,0.009325,0.012359,0.011425,0.001115,,390100,,
0,0,,0.285006,0.237322,0.159138,0.035807,0.119732,0.076205,0.050232,0.020467,0.010025,0.006065,,390600,,
0,0,,0.258579,0.213678,0.166227,0.025624,0.115014,0.11526,0.06297,0.023468,0.010336,0.008844,,394700,,
0,0,,0.248571,0.211941,0.106579,0.056311,0.139046,0.098966,0.063198,0.035531,0.011287,0.028571,,392100,,
0,0,,0.254064,0.222282,0.142408,0.056626,0.129512,0.085906,0.058555,0.032291,0.010618,0.007738,,390000,,
0,0,,0.242403,0.200182,0.13441,0.097679,0.115561,0.11621,0.049054,0.026391,0.010454,0.007656,,389600,,
0,0,,0.329943,0.328035,0.141101,0.053346,0.077281,0.025159,0.011755,0.020136,0.011855,0.001388,,391400,,
0,0,,0.285997,0.231392,0.157606,0.035791,0.10275,0.097649,0.046761,0.024687,0.010524,0.006844,,389300,,
0,5,,0.155965,0.145828,0.159786,0.079804,0.141214,0.172345,0.076769,0.028087,0.008577,0.031626,,391100,,
0,0,,0.264622,0.223515,0.108256,0.037333,0.135107,0.094128,0.062369,0.035014,0.011395,0.028259,,390000,,
0,1,,0.275923,0.291711,0.168083,0.036568,0.097098,0.0573,0.037857,0.019182,0.011174,0.005103,,391300,,
0,0,,0.286672,0.271782,0.161076,0.042631,0.113065,0.054947,0.032215,0.02187,0.011026,0.004718,,393200,,
0,0,,0.308189,0.30721,0.158625,0.044464,0.087632,0.038105,0.021265,0.020137,0.011287,0.003086,,392200,,
0,0,,0.275101,0.223389,0.161483,0.031188,0.107845,0.105045,0.052858,0.024721,0.010822,0.007549,,391700,,
0,0,,0.331985,0.29367,0.126147,0.047458,0.08919,0.046933,0.026577,0.02216,0.01257,0.003311,,398900,,
0,5,,0.126229,0.124049,0.168782,0.075491,0.156318,0.195814,0.08444,0.027578,0.008586,0.032714,,394100,,
0,0,,0.259067,0.213707,0.181627,0.026165,0.110944,0.109513,0.057238,0.023292,0.009988,0.00846,,392800,,
0,0,,0.258882,0.214225,0.159685,0.050908,0.110723,0.108721,0.054057,0.024422,0.010701,0.007675,,394800,,
0,0,,0.262776,0.234605,0.15042,0.063403,0.103165,0.088737,0.049931,0.029127,0.011839,0.005996,,393600,,
0,0,,0.205522,0.184401,0.164191,0.018921,0.131951,0.137108,0.085553,0.031323,0.00959,0.03144,,391100,,
0,0,,0.264622,0.223515,0.108256,0.037333,0.135107,0.094128,0.062369,0.035014,0.011395,0.028259,,393500,,
0,0,,0.261747,0.214358,0.170675,0.028067,0.112033,0.111277,0.059289,0.023948,0.010009,0.008596,,394200,,
0,0,,0.274646,0.239888,0.112157,0.063298,0.123976,0.080126,0.054249,0.033133,0.011977,0.00655,,394200,,
0,0,,0.254064,0.222282,0.142408,0.056626,0.109512,0.105906,0.058555,0.032291,0.010618,0.007738,,396900,,
0,0,,0.22723,0.188695,0.138666,0.091654,0.123453,0.127112,0.058592,0.025819,0.009643,0.009137,,392400,,
0,0,,0.276722,0.270254,0.176011,0.040136,0.092241,0.075173,0.03296,0.020455,0.011197,0.004852,,394700,,
0,1,,0.22126,0.22547,0.13287,0.144248,0.105542,0.096969,0.033077,0.024711,0.010694,0.005159,,422400,,
0,0,,0.201773,0.17823,0.152001,0.065198,0.126078,0.145299,0.063633,0.028166,0.009811,0.029811,,396300,,
0,1,,0.290179,0.298906,0.099608,0.127808,0.088749,0.040457,0.016819,0.022867,0.012329,0.002278,,394900,,
0,1,,0.297371,0.302745,0.15793,0.043761,0.08978,0.046201,0.026265,0.02086,0.011287,0.003801,,396700,,
0,1,,0.245094,0.278041,0.161613,0.120738,0.078675,0.055834,0.026223,0.018422,0.011358,0.004003,,396900,,
0,1,,0.305913,0.345024,0.17487,0.049818,0.065778,0.015394,0.012276,0.017231,0.011914,0.001782,,393100,,
0,0,,0.295609,0.246189,0.164833,0.038769,0.097099,0.081181,0.038683,0.021089,0.011312,0.005236,,402600,,
0,1,,0.302793,0.336084,0.163192,0.065396,0.06455,0.022743,0.01604,0.014802,0.012815,0.001584,,414300,,
0,0,,0.326939,0.289908,0.12531,0.044484,0.102357,0.042979,0.033551,0.019363,0.011565,0.003543,,395200,,
0,0,,0.304522,0.283212,0.135572,0.051736,0.107886,0.049854,0.027528,0.023552,0.012421,0.003717,,398400,,
0,0,,0.271966,0.258072,0.159137,0.038765,0.117805,0.071137,0.042144,0.024228,0.010599,0.006146,,393400,,
0,0,,0.263013,0.214477,0.179224,0.024699,0.115841,0.10576,0.056793,0.021742,0.009982,0.008469,,393800,,
0,0,,0.221261,0.182014,0.137135,0.08868,0.128398,0.133623,0.063209,0.026277,0.009568,0.009835,,396900,,
0,1,,0.279467,0.296159,0.164578,0.066957,0.086126,0.046368,0.024674,0.020612,0.011781,0.003278,,396200,,
0,0,,0.218633,0.197217,0.152989,0.023695,0.135847,0.120931,0.083045,0.028398,0.00901,0.030234,,396100,,
0,1,,0.290844,0.302043,0.188267,0.039552,0.086443,0.038118,0.022008,0.01804,0.011465,0.003221,,394000,,
0,0,,0.207159,0.175129,0.149869,0.083922,0.131484,0.138357,0.069187,0.024981,0.009649,0.010263,,398400,,
0,0,,0.292819,0.241434,0.158851,0.036699,0.101715,0.086991,0.042563,0.021822,0.011307,0.0058,,396600,,
0,0,,0.20687,0.182624,0.163703,0.01846,0.132674,0.137795,0.084979,0.032004,0.009264,0.031627,,394800,,
0,0,,0.201773,0.17823,0.152001,0.065198,0.126078,0.145299,0.063633,0.028166,0.009811,0.029811,,395300,,
0,0,,0.303519,0.272397,0.155705,0.037829,0.09843,0.058245,0.036613,0.020812,0.011568,0.004883,,395900,,
0,0,,0.270416,0.235191,0.123003,0.062979,0.124625,0.079763,0.053122,0.033032,0.011006,0.006863,,393900,,
0,0,,0.317231,0.253015,0.126923,0.043337,0.118661,0.063169,0.03603,0.024593,0.011803,0.005238,,397500,,
0,0,,0.240211,0.211934,0.140184,0.030694,0.118162,0.117951,0.068902,0.032243,0.010899,0.02882,,397500,,
0,0,,0.207585,0.174865,0.155321,0.092935,0.126429,0.137694,0.060883,0.025629,0.009291,0.009369,,397800,,
0,1,,0.215425,0.227827,0.198507,0.112137,0.095669,0.075774,0.035736,0.02231,0.010967,0.005648,,397100,,
0,0,,0.281275,0.271429,0.098075,0.127088,0.112138,0.04953,0.020706,0.024554,0.011898,0.003306,,398700,,
0,0,,0.217709,0.194299,0.152295,0.023695,0.127625,0.131396,0.080688,0.031654,0.00994,0.030699,,398700,,
0,1,,0.305151,0.336839,0.16568,0.052782,0.066541,0.02247,0.020952,0.016125,0.011673,0.001786,,395900,,
0,0,,0.234053,0.198736,0.139912,0.092562,0.122418,0.116454,0.054393,0.022954,0.010426,0.008093,,392300,,
0,1,,0.305818,0.348213,0.089169,0.149111,0.049318,0.021404,0.008612,0.016309,0.011163,0.000882,,395900,,
0,0,,0.258478,0.221831,0.11994,0.03703,0.134515,0.092786,0.062356,0.033948,0.010856,0.028259,,395400,,
0,1,,0.316688,0.364699,0.118134,0.078635,0.066426,0.018829,0.009384,0.015163,0.011007,0.001033,,394800,,
0,1,,0.288872,0.31353,0.192752,0.044197,0.087714,0.022797,0.018638,0.016989,0.012328,0.002183,,396200,,
0,0,,0.23375,0.213527,0.174847,0.051925,0.109227,0.107286,0.060605,0.030317,0.010381,0.008135,,393400,,
0,0,,0.241559,0.210158,0.139696,0.030233,0.118885,0.118637,0.068328,0.032924,0.010573,0.029007,,394200,,
0,1,,0.295457,0.305757,0.158768,0.043777,0.088539,0.045222,0.027379,0.019895,0.011718,0.003487,,395300,,
0,0,,0.214351,0.194332,0.154552,0.104747,0.110697,0.123022,0.052907,0.027292,0.009982,0.008117,,400200,,
0,0,,0.239231,0.220178,0.160978,0.054358,0.108351,0.106521,0.06172,0.030035,0.010805,0.007822,,395100,,
0,1,,0.296192,0.32938,0.179084,0.050271,0.068736,0.02414,0.018226,0.01893,0.012343,0.002699,,395800,,
0,1,,0.258756,0.261692,0.175172,0.059131,0.094939,0.079032,0.034902,0.020006,0.011519,0.004851,,395700,,
0,0,,0.223176,0.206939,0.170759,0.047227,0.125591,0.107694,0.073809,0.026799,0.009167,0.008838,,395100,,
0,0,,0.272642,0.265855,0.181247,0.043031,0.091875,0.075173,0.033152,0.020614,0.011559,0.004852,,396200,,
0,1,,0.248054,0.271166,0.139915,0.125189,0.093166,0.055587,0.028764,0.022494,0.011579,0.004086,,395700,,
0,0,,0.207436,0.181388,0.163353,0.018905,0.133192,0.138087,0.084439,0.032287,0.009159,0.031753,,395200,,
0,0,,0.267138,0.257735,0.17039,0.035422,0.101624,0.087025,0.042694,0.021157,0.010482,0.006333,,405400,,
0,1,,0.28173,0.307321,0.194551,0.042591,0.097971,0.020578,0.026696,0.014767,0.011161,0.002635,,411100,,
0,5,,0.126229,0.124049,0.168782,0.075491,0.156318,0.195814,0.08444,0.027578,0.008586,0.032714,,400500,,
0,0,,0.261098,0.217489,0.180062,0.024715,0.1146,0.104782,0.057906,0.020777,0.010413,0.008156,,398800,,
0,1,,0.255137,0.255777,0.186363,0.064017,0.094484,0.058658,0.041384,0.027309,0.011603,0.005268,,393300,,
0,0,,0.308189,0.30721,0.158625,0.044464,0.087632,0.038105,0.021265,0.020137,0.011287,0.003086,,394500,,
0,0,,0.205827,0.187923,0.15437,0.068189,0.119892,0.137809,0.06013,0.026743,0.010317,0.0288,,392500,,
0,1,,0.232153,0.234817,0.140891,0.124618,0.101263,0.092441,0.034326,0.023593,0.010824,0.005073,,395400,,
0,0,,0.328771,0.324816,0.128373,0.051136,0.092096,0.022326,0.01696,0.020979,0.012646,0.001899,,394300,,
0,0,,0.294734,0.238421,0.158013,0.036682,0.102956,0.08797,0.041449,0.022786,0.010876,0.006113,,392700,,
0,0,,0.278847,0.224078,0.156682,0.032536,0.108034,0.104635,0.051581,0.025279,0.010788,0.007541,,398000,,
0,0,,0.226074,0.197347,0.137668,0.049656,0.123341,0.123767,0.068617,0.033724,0.01036,0.029446,,398500,,
0,1,,0.268109,0.279145,0.150977,0.0925,0.084838,0.043521,0.034913,0.029084,0.012445,0.004469,,409900,,
0,0,,0.219624,0.191286,0.151457,0.023679,0.128866,0.132375,0.079574,0.032618,0.009509,0.031012,,395500,,
0,1,,0.288872,0.31353,0.192752,0.044197,0.077714,0.032797,0.018638,0.016989,0.012328,0.002183,,392600,,
1,0,,0.20239,0.186892,0.134257,0.139909,0.138395,0.113025,0.04078,0.02713,0.010812,0.006411,,398200,,
1,1,,0.278443,0.297252,0.135039,0.126484,0.083407,0.03282,0.012755,0.020251,0.011834,0.001714,,394600,,
1,0,,0.250517,0.247038,0.16929,0.031573,0.105123,0.102237,0.053736,0.022551,0.010486,0.007449,,398000,,
1,1,,0.311747,0.342959,0.166291,0.053008,0.065363,0.014891,0.013382,0.018096,0.012793,0.001469,,394100,,
1,1,,0.297371,0.302745,0.15793,0.043761,0.08978,0.046201,0.026265,0.02086,0.011287,0.003801,,397500,,
1,1,,0.265634,0.308011,0.136221,0.129454,0.074972,0.031066,0.018455,0.021269,0.012287,0.002631,,398000,,
1,1,,0.273179,0.332244,0.123073,0.142904,0.068847,0.021622,0.009177,0.015842,0.012096,0.001016,,393700,,
1,1,,0.313949,0.349564,0.160772,0.052329,0.065361,0.014189,0.012645,0.017681,0.012174,0.001335,,399100,,
1,1,,0.27727,0.300643,0.131169,0.128985,0.083255,0.033299,0.011391,0.020534,0.011427,0.002027,,394700,,
1,0,,0.326016,0.28699,0.124616,0.044484,0.104135,0.043444,0.031193,0.022619,0.012495,0.004008,,396300,,
1,1,,0.299812,0.314978,0.158256,0.071291,0.080541,0.030006,0.01236,0.019162,0.011635,0.00196,,395100,,
1,0,,0.241135,0.214852,0.140878,0.030694,0.156384,0.077485,0.07126,0.028987,0.009969,0.028355,,396700,,
1,0,,0.336833,0.291455,0.12531,0.045187,0.091986,0.045349,0.026193,0.021896,0.012495,0.003294,,397400,,
1,1,,0.271268,0.312035,0.129872,0.142888,0.073828,0.023267,0.011014,0.021678,0.012154,0.001996,,399100,,
1,0,,0.240211,0.211934,0.140184,0.030694,0.118162,0.117951,0.068902,0.032243,0.010899,0.02882,,396600,,
1,0,,0.18533,0.163163,0.112847,0.093903,0.159474,0.152834,0.061256,0.031269,0.010391,0.029533,,423600,,
1,0,,0.316251,0.273849,0.155562,0.038515,0.097522,0.051129,0.030499,0.021054,0.011137,0.004482,,399600,,
1,1,,0.263847,0.281964,0.185093,0.06882,0.080615,0.040063,0.036134,0.026594,0.012316,0.004554,,398700,,
1,1,,0.270675,0.286838,0.170737,0.070793,0.080462,0.039985,0.036675,0.026993,0.012414,0.004428,,393900,,
1,0,,0.32793,0.283978,0.123778,0.044467,0.095376,0.054423,0.03008,0.023583,0.012064,0.004321,,398900,,
1,0,,0.263847,0.261964,0.185093,0.06882,0.090615,0.050063,0.036134,0.026594,0.012316,0.004554,,396200,,
1,1,,0.267412,0.269627,0.191556,0.037735,0.100636,0.06398,0.034072,0.018808,0.011635,0.004538,,393500,,
1,0,,0.33474,0.331496,0.129904,0.05411,0.07715,0.025814,0.012343,0.020521,0.012721,0.001201,,395400,,
1,0,,0.301263,0.27339,0.16085,0.036925,0.106982,0.048482,0.039707,0.017281,0.010567,0.004552,,480400,,
1,0,,0.233183,0.214763,0.175197,0.05148,0.108709,0.106994,0.061144,0.030034,0.010486,0.008009,,394900,,
1,0,,0.201773,0.17823,0.152001,0.065198,0.146078,0.125299,0.063633,0.028166,0.009811,0.029811,,411200,,
1,0,,0.216799,0.181899,0.148605,0.100091,0.128885,0.123113,0.057768,0.024042,0.009682,0.009116,,399400,,
1,0,,0.233183,0.214763,0.175197,0.05148,0.108709,0.106994,0.061144,0.030034,0.010486,0.008009,,397900,,
1,1,,0.292137,0.295635,0.156947,0.063442,0.09157,0.042943,0.022094,0.020653,0.011179,0.003399,,396300,,
1,2,,0.167083,0.150697,0.176008,0.053425,0.139867,0.164457,0.080284,0.027245,0.008502,0.032431,,399500,,
1,1,,0.274492,0.292768,0.201658,0.045399,0.081865,0.043864,0.024927,0.019404,0.011946,0.003677,,398400,,
1,0,,0.228864,0.202103,0.14365,0.051727,0.118725,0.117957,0.064737,0.032991,0.010364,0.028882,,396900,,
1,0,,0.33474,0.331496,0.129904,0.05411,0.07715,0.025814,0.012343,0.020521,0.012721,0.001201,,399300,,
1,1,,0.282246,0.283732,0.153493,0.083538,0.079659,0.037704,0.035198,0.027603,0.012985,0.003843,,393200,,
1,2,,0.165169,0.153709,0.176846,0.053442,0.138627,0.163478,0.081398,0.026281,0.008933,0.032118,,395100,,
1,1,,0.306275,0.310222,0.159463,0.04448,0.096391,0.027127,0.022379,0.019173,0.011718,0.002773,,395500,,
1,1,,0.266417,0.279375,0.13431,0.120233,0.094614,0.046938,0.021862,0.02175,0.0109,0.0036,,398100,,
1,0,,0.308189,0.30721,0.158625,0.044464,0.087632,0.038105,0.021265,0.020137,0.011287,0.003086,,400200,,
1,1,,0.288655,0.293163,0.16794,0.037255,0.09619,0.050184,0.031743,0.019424,0.010743,0.004702,,397800,,
1,0,,0.299712,0.251032,0.161077,0.039673,0.114992,0.060014,0.040303,0.018108,0.010452,0.004637,,396500,,
1,0,,0.333144,0.328635,0.138709,0.053315,0.076549,0.024951,0.010966,0.020443,0.011774,0.001514,,393900,,
1,0,,0.258478,0.221831,0.11994,0.03703,0.134515,0.092786,0.062356,0.033948,0.010856,0.028259,,397600,,
1,1,,0.304977,0.323356,0.176776,0.051417,0.07421,0.024416,0.01339,0.016956,0.013034,0.001469,,396200,,
1,0,,0.2943,0.268775,0.182647,0.03188,0.107752,0.045038,0.03983,0.01498,0.010176,0.004621,,395000,,
1,0,,0.26469,0.231593,0.149583,0.063387,0.124405,0.069715,0.048818,0.030092,0.011408,0.006309,,397300,,
1,0,,0.262314,0.213122,0.170324,0.028512,0.112551,0.111569,0.05875,0.024232,0.009904,0.008723,,398000,,
1,1,,0.257732,0.282785,0.145633,0.118658,0.09222,0.045484,0.022983,0.019646,0.011572,0.003287,,399400,,
1,0,,0.225593,0.197967,0.152988,0.026653,0.12392,0.125863,0.074957,0.03216,0.009584,0.030314,,403100,,
1,0,,0.302525,0.239305,0.124985,0.039472,0.123401,0.079359,0.045959,0.026952,0.011376,0.006667,,393700,,
1,1,,0.23344,0.277862,0.175732,0.119374,0.077185,0.055747,0.028651,0.016441,0.011615,0.003953,,396300,,
1,1,,0.30501,0.305285,0.163075,0.04356,0.087961,0.038807,0.022002,0.019862,0.011217,0.003221,,400500,,
1,1,,0.306275,0.310222,0.159463,0.04448,0.086391,0.037127,0.022379,0.019173,0.011718,0.002773,,398300,,
1,0,,0.283492,0.269857,0.165526,0.041727,0.093395,0.075648,0.032952,0.021595,0.010956,0.004852,,406500,,
1,1,,0.304977,0.343356,0.176776,0.051417,0.06421,0.014416,0.01339,0.016956,0.013034,0.001469,,394300,,
1,1,,0.263847,0.281964,0.185093,0.06882,0.080615,0.040063,0.036134,0.026594,0.012316,0.004554,,397700,,
1,1,,0.316274,0.323107,0.161353,0.053451,0.075757,0.024876,0.012071,0.019052,0.012538,0.001522,,397800,,
1,1,,0.28643,0.307147,0.174398,0.041283,0.095938,0.034983,0.030481,0.015225,0.010958,0.003156,,398400,,
1,1,,0.246679,0.300471,0.141588,0.158674,0.077096,0.028431,0.011787,0.020822,0.012228,0.002224,,396600,,
1,1,,0.306142,0.320908,0.164148,0.062765,0.069559,0.023914,0.017481,0.020345,0.012172,0.002565,,393900,,
1,1,,0.290198,0.327994,0.185157,0.053182,0.067128,0.023162,0.019532,0.018126,0.013136,0.002386,,395500,,
1,0,,0.207436,0.181388,0.163353,0.018905,0.133192,0.138087,0.084439,0.032287,0.009159,0.031753,,404500,,
1,1,,0.315863,0.346552,0.159934,0.052313,0.066602,0.015168,0.011531,0.018646,0.011743,0.001648,,393400,,
1,0,,0.30931,0.299258,0.137711,0.06443,0.083278,0.043816,0.023114,0.023228,0.012835,0.003019,,396100,,
1,0,,0.265565,0.259361,0.156402,0.065474,0.098549,0.062927,0.046051,0.028394,0.011843,0.005433,,398600,,
1,1,,0.246704,0.253996,0.132088,0.131866,0.096422,0.074023,0.027599,0.021963,0.011369,0.00397,,398500,,
1,1,,0.287482,0.303193,0.180353,0.045468,0.082605,0.042735,0.023476,0.019645,0.011629,0.003413,,411400,,
1,0,,0.239231,0.220178,0.160978,0.054358,0.108351,0.106521,0.06172,0.030035,0.010805,0.007822,,401800,,
1,1,,0.207869,0.253555,0.146534,0.173825,0.093112,0.063216,0.024448,0.022135,0.011826,0.003479,,400600,,
1,0,,0.264622,0.223515,0.108256,0.037333,0.135107,0.094128,0.062369,0.035014,0.011395,0.028259,,397200,,
1,0,,0.191758,0.175275,0.151382,0.068983,0.126936,0.153275,0.06553,0.027436,0.009959,0.029467,,397000,,
1,1,,0.289796,0.316448,0.193446,0.044197,0.085936,0.022332,0.020995,0.013733,0.011398,0.001718,,397400,,
1,1,,0.317954,0.320351,0.127678,0.050433,0.084244,0.040421,0.02196,0.021702,0.012646,0.002613,,398200,,
1,0,,0.256563,0.224843,0.120778,0.037047,0.133275,0.091807,0.06347,0.032984,0.011287,0.027945,,397900,,
1,0,,0.255914,0.246498,0.157459,0.057743,0.101743,0.095975,0.042973,0.024745,0.010491,0.006458,,395900,,
1,0,,0.273537,0.267545,0.154762,0.068735,0.093528,0.056299,0.040448,0.028318,0.012271,0.004558,,396500,,
1,0,,0.240211,0.211934,0.140184,0.030694,0.118162,0.117951,0.068902,0.032243,0.010899,0.02882,,396800,,
1,0,,0.259742,0.254097,0.185097,0.033005,0.101259,0.086811,0.042692,0.020474,0.01049,0.006333,,397400,,
1,0,,0.244157,0.196544,0.180689,0.020763,0.121823,0.123793,0.068232,0.024359,0.009479,0.010161,,398400,,
1,0,,0.291868,0.262018,0.165714,0.033578,0.103284,0.064791,0.04136,0.020605,0.010668,0.006114,,396500,,
1,0,,0.254064,0.222282,0.142408,0.056626,0.109512,0.105906,0.058555,0.032291,0.010618,0.007738,,395600,,
1,0,,0.253073,0.228213,0.143941,0.056643,0.126494,0.084462,0.062026,0.028071,0.010119,0.00696,,399200,,
1,0,,0.203572,0.179712,0.149779,0.042657,0.132804,0.137213,0.080403,0.033135,0.009401,0.031325,,396500,,
1,0,,0.225593,0.197967,0.152988,0.026653,0.12392,0.125863,0.074957,0.03216,0.009584,0.030314,,398700,,
1,1,,0.299689,0.312217,0.11302,0.091327,0.076062,0.03682,0.031682,0.023888,0.012252,0.003042,,396400,,
1,0,,0.28107,0.230069,0.163014,0.034162,0.1029,0.098533,0.048241,0.024262,0.010897,0.006852,,396000,,
1,1,,0.28415,0.322579,0.199376,0.050304,0.067486,0.023634,0.018956,0.018124,0.012817,0.002573,,395800,,
2,0,,0.194037,0.185577,0.186991,0.100045,0.110412,0.124402,0.054957,0.025319,0.009745,0.008515,,396400,,
2,5,,0.127577,0.122272,0.168294,0.07503,0.157041,0.196501,0.083866,0.028259,0.008259,0.032901,,407800,,
2,0,,0.212059,0.198526,0.179458,0.109223,0.105671,0.108426,0.045222,0.023802,0.010527,0.007086,,396000,,
2,0,,0.246657,0.214953,0.107416,0.056327,0.137805,0.097987,0.064312,0.034566,0.011718,0.028258,,396900,,
2,0,,0.217631,0.195564,0.168045,0.023792,0.123037,0.125358,0.075495,0.031194,0.009696,0.030188,,422900,,
2,0,,0.269326,0.266615,0.190718,0.037719,0.091876,0.074959,0.032958,0.019772,0.011204,0.004852,,395900,,
2,5,,0.127577,0.122272,0.168294,0.07503,0.157041,0.196501,0.083866,0.028259,0.008259,0.032901,,395100,,
2,0,,0.200406,0.167385,0.147926,0.087229,0.134306,0.147997,0.069396,0.025897,0.00904,0.010418,,396400,,
2,0,,0.205522,0.184401,0.164191,0.018921,0.131951,0.137108,0.085553,0.031323,0.00959,0.03144,,398100,,
2,0,,0.205522,0.184401,0.164191,0.018921,0.131951,0.137108,0.085553,0.031323,0.00959,0.03144,,395800,,
2,0,,0.205522,0.184401,0.164191,0.018921,0.131951,0.137108,0.085553,0.031323,0.00959,0.03144,,394500,,
2,0,,0.205522,0.184401,0.164191,0.018921,0.131951,0.137108,0.085553,0.031323,0.00959,0.03144,,400200,,
2,0,,0.205522,0.184401,0.164191,0.018921,0.131951,0.137108,0.085553,0.031323,0.00959,0.03144,,394700,,
2,0,,0.205522,0.184401,0.164191,0.018921,0.131951,0.137108,0.085553,0.031323,0.00959,0.03144,,398300,,
2,1,,0.297581,0.319717,0.191483,0.049,0.073845,0.024202,0.013388,0.016274,0.013042,0.001469,,413300,,
2,0,,0.191385,0.169814,0.161676,0.037883,0.13713,0.142925,0.085268,0.032803,0.009051,0.032065,,394400,,
2,2,,0.177844,0.163636,0.18035,0.058757,0.130231,0.15202,0.0708,0.026436,0.008934,0.030992,,393600,,
2,0,,0.271798,0.228452,0.176916,0.025845,0.111315,0.096036,0.051956,0.019768,0.010674,0.007239,,393700,,
2,0,,0.20687,0.182624,0.163703,0.01846,0.132674,0.137795,0.084979,0.032004,0.009264,0.031627,,403800,,
2,0,,0.273712,0.24544,0.176078,0.025829,0.112556,0.077014,0.050843,0.020732,0.010243,0.007552,,393800,,
2,0,,0.241559,0.210158,0.139696,0.030233,0.118885,0.118637,0.068328,0.032924,0.010573,0.029007,,392200,,
2,5,,0.138904,0.133976,0.172285,0.080806,0.147922,0.184356,0.073842,0.027733,0.008587,0.031589,,393700,,
2,0,,0.207436,0.181388,0.163353,0.018905,0.133192,0.138087,0.084439,0.032287,0.009159,0.031753,,393700,,
2,0,,0.262446,0.215713,0.179574,0.024254,0.115323,0.105468,0.057332,0.021458,0.010087,0.008343,,392400,,
2,5,,0.138904,0.133976,0.172285,0.080806,0.147922,0.184356,0.073842,0.027733,0.008587,0.031589,,394400,,
2,0,,0.270416,0.235191,0.123003,0.062979,0.124625,0.079763,0.053122,0.033032,0.011006,0.006863,,392500,,
2,0,,0.19491,0.164938,0.151817,0.08762,0.134825,0.149153,0.071481,0.025473,0.00929,0.010494,,392300,,
2,1,,0.243122,0.243399,0.183996,0.029156,0.104758,0.102023,0.053734,0.021869,0.010494,0.007449,,394600,,
2,1,,0.304227,0.31392,0.164986,0.052782,0.088319,0.022935,0.018595,0.019381,0.012603,0.002252,,392600,,
2,0,,0.23375,0.213527,0.174847,0.051925,0.109227,0.107286,0.060605,0.030317,0.010381,0.008135,,395500,,
2,0,,0.205522,0.184401,0.164191,0.018921,0.131951,0.137108,0.085553,0.031323,0.00959,0.03144,,392700,,
2,0,,0.245036,0.240387,0.183158,0.029139,0.105999,0.103001,0.052621,0.022833,0.010063,0.007762,,396000,,
2,5,,0.09847,0.101048,0.134749,0.09388,0.179719,0.251006,0.073852,0.02733,0.008437,0.031509,,393700,,
2,4,,0.162833,0.14857,0.143936,0.087247,0.16377,0.157635,0.066675,0.029463,0.009463,0.030408,,394200,,
2,0,,0.26468,0.263452,0.196304,0.040169,0.090992,0.074667,0.03369,0.019648,0.011671,0.004725,,392500,,
2,2,,0.177278,0.164872,0.1807,0.058312,0.129713,0.151728,0.07134,0.026152,0.009039,0.030866,,391300,,
2,0,,0.206446,0.187319,0.164886,0.018921,0.140173,0.126643,0.08791,0.028067,0.00866,0.030974,,389300,,
2,3,,0.195084,0.275461,0.067793,0.31701,0.06015,0.045071,0.007207,0.021742,0.009413,0.001069,,392900,,
2,0,,0.191385,0.169814,0.161676,0.037883,0.13713,0.142925,0.085268,0.032803,0.009051,0.032065,,393300,,
2,1,,0.193405,0.216672,0.192627,0.133727,0.099369,0.088187,0.03741,0.022163,0.011043,0.005397,,393700,,
2,0,,0.218197,0.194328,0.167695,0.024236,0.123555,0.125649,0.074955,0.031478,0.009592,0.030314,,389300,,
2,0,,0.294463,0.272666,0.128047,0.045421,0.11351,0.066336,0.036725,0.026035,0.011527,0.005272,,389000,,
2,0,,0.205522,0.184401,0.164191,0.018921,0.131951,0.137108,0.085553,0.031323,0.00959,0.03144,,399000,,
2,0,,0.218197,0.194328,0.167695,0.024236,0.123555,0.125649,0.074955,0.031478,0.009592,0.030314,,394200,,
2,1,,0.232538,0.270754,0.15728,0.127858,0.104904,0.043334,0.027605,0.020141,0.011617,0.00397,,396000,,
2,0,,0.251529,0.237929,0.133006,0.131153,0.09511,0.07454,0.034248,0.025477,0.012205,0.004803,,397300,,
2,0,,0.271859,0.230429,0.184404,0.030047,0.104964,0.092344,0.048423,0.019968,0.010846,0.006718,,395900,,
2,0,,0.245036,0.240387,0.183158,0.029139,0.105999,0.103001,0.052621,0.022833,0.010063,0.007762,,394700,,
2,0,,0.242462,0.22585,0.182859,0.058702,0.10288,0.090117,0.051981,0.027154,0.011601,0.006393,,394400,,
3,0,,0.20662,0.191588,0.12341,0.140228,0.137746,0.113388,0.041907,0.027232,0.011783,0.006097,,394800,,
3,1,,0.161116,0.201078,0.113018,0.199972,0.131214,0.128152,0.027928,0.022694,0.010202,0.004625,,396100,,
3,3,,0.134606,0.199141,0.1529,0.271042,0.090116,0.088368,0.028029,0.022108,0.009582,0.004109,,397300,,
3,1,,0.166646,0.23534,0.1162,0.193872,0.117675,0.110259,0.023415,0.021704,0.010845,0.004045,,413900,,
3,1,,0.171837,0.255462,0.120653,0.208932,0.111166,0.083066,0.015154,0.019305,0.011297,0.003128,,394900,,
3,0,,0.180895,0.155395,0.145309,0.111287,0.140779,0.159234,0.061632,0.026433,0.009303,0.009734,,396500,,
3,1,,0.200338,0.23484,0.076667,0.196103,0.126177,0.112436,0.016426,0.023119,0.011033,0.00286,,394700,,
3,5,,0.107618,0.109653,0.131829,0.097758,0.174444,0.243793,0.068498,0.027147,0.008582,0.030677,,399300,,
3,1,,0.179547,0.252909,0.107535,0.194322,0.114388,0.100811,0.016728,0.02028,0.010487,0.002994,,395300,,
3,0,,0.225633,0.210212,0.129181,0.127954,0.129772,0.09743,0.039595,0.023245,0.010303,0.006674,,400800,,
3,1,,0.17754,0.227593,0.115856,0.190918,0.124869,0.111034,0.018829,0.019722,0.010823,0.002815,,395000,,
3,0,,0.197908,0.179265,0.115398,0.133451,0.144094,0.130557,0.05053,0.030395,0.010562,0.007839,,394000,,
3,5,,0.162833,0.14857,0.143936,0.087247,0.14377,0.177635,0.066675,0.029463,0.009463,0.030408,,395700,,
3,1,,0.155917,0.204638,0.119163,0.184315,0.132046,0.137138,0.02928,0.022633,0.010245,0.004625,,397400,,
3,5,,0.12397,0.122562,0.112424,0.104111,0.189557,0.21765,0.063066,0.027888,0.00897,0.029802,,394100,,
3,5,,0.124776,0.112609,0.128358,0.125909,0.180097,0.219164,0.066467,0.023247,0.008662,0.010711,,395700,,
3,1,,0.167739,0.213252,0.110719,0.17549,0.153089,0.114008,0.028979,0.020886,0.010988,0.00485,,397000,,
3,3,,0.134606,0.199141,0.1529,0.271042,0.090116,0.088368,0.028029,0.022108,0.009582,0.004109,,398400,,
3,1,,0.183246,0.2103,0.175552,0.16382,0.101505,0.088838,0.036909,0.023411,0.011086,0.005334,,404400,,
3,3,,0.165365,0.231455,0.111595,0.293736,0.084134,0.063495,0.015278,0.022358,0.010466,0.002119,,395900,,
3,3,,0.12661,0.163527,0.159034,0.170864,0.137115,0.161986,0.041985,0.022542,0.009723,0.006614,,399200,,
3,3,,0.164344,0.202333,0.139618,0.272422,0.070365,0.087476,0.026715,0.023124,0.009756,0.003846,,395100,,
3,0,,0.18533,0.163163,0.112847,0.093903,0.159474,0.152834,0.061256,0.031269,0.010391,0.029533,,398100,,
3,0,,0.226375,0.225772,0.099,0.150622,0.133086,0.091087,0.030093,0.027155,0.011991,0.004819,,397600,,
3,2,,0.119215,0.159888,0.173741,0.168447,0.13675,0.161772,0.041983,0.021859,0.00973,0.006614,,398300,,
3,5,,0.06696,0.07544,0.154305,0.083011,0.193179,0.269462,0.089766,0.026685,0.007198,0.033994,,395500,,
3,1,,0.239427,0.277711,0.098696,0.199372,0.0827,0.045656,0.017024,0.024933,0.011671,0.00281,,393000,,
3,1,,0.167504,0.184817,0.146329,0.127861,0.130344,0.143468,0.055522,0.026018,0.0094,0.008738,,395200,,
3,4,,0.147161,0.175668,0.110537,0.157457,0.18059,0.148118,0.041511,0.022453,0.010158,0.006347,,395600,,
3,5,,0.149075,0.172655,0.109699,0.157441,0.151831,0.179097,0.040397,0.023417,0.009727,0.00666,,398000,,
3,1,,0.220958,0.229215,0.120192,0.151034,0.112926,0.097682,0.028007,0.024265,0.010944,0.004776,,395900,,
3,5,,0.114227,0.119075,0.13285,0.134332,0.164009,0.228027,0.062389,0.026732,0.008679,0.009681,,423700,,
3,1,,0.214431,0.248514,0.150529,0.146826,0.109589,0.069599,0.02375,0.021445,0.011122,0.004196,,396700,,
4,5,,0.140331,0.130934,0.156048,0.080249,0.153233,0.191081,0.078461,0.028873,0.008504,0.032286,,395000,,
4,5,,0.140331,0.130934,0.156048,0.080249,0.153233,0.191081,0.078461,0.028873,0.008504,0.032286,,395700,,
4,5,,0.065046,0.078452,0.155143,0.083027,0.211938,0.248484,0.09088,0.02572,0.007629,0.033681,,395500,,
4,5,,0.144345,0.134694,0.171332,0.075475,0.146058,0.178348,0.081095,0.028039,0.008123,0.032493,,395900,,
4,1,,0.271268,0.312035,0.129872,0.142888,0.073828,0.023267,0.011014,0.021678,0.012154,0.001996,,395500,,
4,5,,0.162833,0.14857,0.143936,0.087247,0.14377,0.177635,0.066675,0.029463,0.009463,0.030408,,396800,,
4,5,,0.140331,0.130934,0.156048,0.080249,0.153233,0.191081,0.078461,0.028873,0.008504,0.032286,,393400,,
4,5,,0.118001,0.115882,0.110893,0.101136,0.194502,0.224161,0.067683,0.028346,0.008895,0.0305,,394400,,
4,5,,0.160918,0.151582,0.144774,0.087264,0.142529,0.176657,0.067789,0.028498,0.009894,0.030094,,400000,,
4,5,,0.06696,0.07544,0.154305,0.083011,0.193179,0.269462,0.089766,0.026685,0.007198,0.033994,,399000,,
4,0,,0.207436,0.181388,0.163353,0.018905,0.133192,0.138087,0.084439,0.032287,0.009159,0.031753,,399600,,
5,5,,0.154617,0.147604,0.160273,0.080265,0.140491,0.171658,0.077343,0.027406,0.008903,0.031439,,397400,,
5,5,,0.065046,0.078452,0.155143,0.083027,0.201938,0.258484,0.09088,0.02572,0.007629,0.033681,,396900,,
5,5,,0.065046,0.078452,0.155143,0.083027,0.191938,0.268484,0.09088,0.02572,0.007629,0.033681,,397000,,
5,5,,0.144345,0.134694,0.171332,0.075475,0.146058,0.178348,0.081095,0.028039,0.008123,0.032493,,396200,,
5,5,,0.06696,0.07544,0.154305,0.083011,0.193179,0.269462,0.089766,0.026685,0.007198,0.033994,,401600,,
5,5,,0.128144,0.121036,0.167944,0.075475,0.157559,0.196793,0.083326,0.028542,0.008155,0.033027,,396300,,
5,0,,0.179271,0.160595,0.164112,0.058199,0.135541,0.158745,0.075419,0.027576,0.008851,0.03169,,395500,,
5,5,,0.079147,0.085337,0.142409,0.087785,0.188853,0.26375,0.084901,0.027016,0.007548,0.033253,,394900,,
5,2,,0.157993,0.15066,0.176084,0.05721,0.158948,0.151967,0.084538,0.023259,0.00772,0.031621,,393600,,
6,0,,0.218633,0.197217,0.152989,0.023695,0.145847,0.110931,0.083045,0.028398,0.00901,0.030234,,399800,,
6,2,,0.167083,0.150697,0.176008,0.053425,0.139867,0.164457,0.080284,0.027245,0.008502,0.032431,,397600,,
6,2,,0.165169,0.153709,0.176846,0.053442,0.138627,0.163478,0.081398,0.026281,0.008933,0.032118,,394400,,
6,2,,0.165169,0.153709,0.176846,0.053442,0.138627,0.163478,0.081398,0.026281,0.008933,0.032118,,398100,,
6,0,,0.285681,0.277712,0.162608,0.042647,0.100047,0.063503,0.035686,0.017649,0.010527,0.003939,,396700,,
6,0,,0.203005,0.180948,0.15013,0.042212,0.132286,0.136921,0.080942,0.032851,0.009506,0.031198,,393500,,
6,0,,0.237032,0.210009,0.144634,0.02979,0.118491,0.118652,0.069639,0.031968,0.010828,0.028954,,394600,,
7,1,,0.176562,0.214764,0.108779,0.162248,0.141452,0.135744,0.02483,0.021227,0.010063,0.004331,,396800,,
7,0,,0.33051,0.326799,0.140751,0.053791,0.077799,0.025451,0.011216,0.02042,0.01175,0.001514,,394600,,
7,0,,0.330686,0.321803,0.127535,0.051119,0.083336,0.033304,0.015846,0.021944,0.012215,0.002212,,397900,,
7,0,,0.193332,0.183248,0.170828,0.106231,0.112877,0.13357,0.055741,0.026235,0.009455,0.008483,,394600,,
7,0,,0.301179,0.24144,0.125246,0.062315,0.122599,0.068007,0.036859,0.025109,0.011695,0.005551,,393500,,
7,1,,0.269596,0.2813,0.12986,0.121136,0.094285,0.046236,0.021125,0.022025,0.010971,0.003466,,395000,,
8,0,,0.193672,0.172263,0.150545,0.068966,0.128177,0.154253,0.064416,0.0284,0.009528,0.02978,,395000,,
8,0,,0.267138,0.257735,0.17039,0.035422,0.101624,0.087025,0.042694,0.021157,0.010482,0.006333,,396100,,
8,0,,0.24618,0.218614,0.141715,0.033668,0.133216,0.091439,0.064285,0.031785,0.010974,0.028122,,393400,,
8,2,,0.158983,0.144729,0.174552,0.057193,0.141966,0.173411,0.081067,0.027479,0.008219,0.032399,,414500,,
9,0,,0.207436,0.181388,0.163353,0.018905,0.133192,0.138087,0.084439,0.032287,0.009159,0.031753,,395500,,