yeast,CWE,test,1,NANOSECONDS,PREDICTIONS, Generated by ClassifierExperiments.java on 2022-05-17 03:04:31.    SYSTEMPROPERTIES:{user.name:matth,os.arch:amd64,os.name:Windows 10},ENDSYSTEMPROPERTIES
No parameter info
0.3745819397993311,90158000,117332800,-1,0,10,,-1,-1
0,1,,0.207449,0.218678,0.182846,0.074915,0.076757,0.131839,0.036235,0.033853,0.007987,0.029441,,487000,,
0,0,,0.281368,0.26735,0.160793,0.070044,0.072516,0.063912,0.02548,0.025541,0.008027,0.024967,,394900,,
0,1,,0.303922,0.307146,0.139519,0.081983,0.068983,0.034888,0.011439,0.021908,0.00888,0.021332,,384600,,
0,0,,0.353206,0.27594,0.166983,0.036483,0.061013,0.033515,0.020591,0.019934,0.009479,0.022856,,387000,,
0,1,,0.271728,0.278773,0.133387,0.11008,0.045497,0.052297,0.052472,0.023029,0.010805,0.021932,,400800,,
0,0,,0.244241,0.237507,0.157024,0.029276,0.087171,0.12294,0.029362,0.035019,0.010171,0.047289,,387200,,
0,1,,0.303135,0.366877,0.118073,0.085052,0.038657,0.023613,0.011791,0.022527,0.008729,0.021547,,386900,,
0,1,,0.282084,0.344376,0.140551,0.083714,0.059421,0.023998,0.012491,0.022589,0.009113,0.021664,,390700,,
0,1,,0.27619,0.335698,0.148374,0.038705,0.063973,0.052321,0.022288,0.02869,0.009202,0.02456,,385800,,
0,1,,0.22258,0.244304,0.147251,0.093255,0.078525,0.115713,0.026221,0.035669,0.00944,0.02704,,397900,,
0,1,,0.314082,0.316186,0.134164,0.035929,0.052906,0.055594,0.032778,0.024443,0.00992,0.023998,,382600,,
0,1,,0.265563,0.269587,0.137366,0.104598,0.080091,0.062861,0.020637,0.026691,0.008594,0.024012,,382000,,
0,0,,0.291288,0.272554,0.172158,0.028149,0.07258,0.071476,0.028889,0.028246,0.008762,0.025897,,391100,,
0,1,,0.301726,0.361242,0.151988,0.049226,0.053544,0.017067,0.012718,0.021575,0.009513,0.021402,,384400,,
0,1,,0.202487,0.212156,0.12192,0.172534,0.102715,0.103125,0.02234,0.030546,0.006965,0.025212,,391800,,
0,0,,0.310377,0.254207,0.173541,0.028296,0.071696,0.070093,0.029301,0.027573,0.009018,0.025897,,387600,,
0,1,,0.249,0.273144,0.158912,0.064693,0.066724,0.06822,0.059237,0.025906,0.010409,0.023754,,384200,,
0,0,,0.223384,0.204978,0.18744,0.016259,0.089268,0.141604,0.043227,0.034666,0.008751,0.050423,,392800,,
0,1,,0.306005,0.365435,0.146155,0.046745,0.053822,0.017067,0.012588,0.021524,0.009257,0.021402,,385000,,
0,1,,0.262338,0.313177,0.170086,0.070272,0.057025,0.049928,0.020764,0.024119,0.008182,0.024108,,403600,,
0,1,,0.262662,0.299581,0.137287,0.142126,0.062524,0.030381,0.01257,0.022258,0.008889,0.021722,,385800,,
0,1,,0.202407,0.203269,0.144796,0.09465,0.096474,0.136083,0.028977,0.036495,0.00928,0.047568,,386900,,
0,1,,0.261388,0.289502,0.140212,0.091391,0.071082,0.061112,0.022525,0.029203,0.008849,0.024736,,389700,,
0,0,,0.252045,0.181032,0.163702,0.020081,0.085281,0.102565,0.116021,0.023034,0.009264,0.046975,,388700,,
0,0,,0.268083,0.255057,0.1664,0.060066,0.077359,0.0816,0.028717,0.028606,0.007914,0.026198,,388000,,
0,1,,0.342641,0.34601,0.138118,0.047038,0.050675,0.014071,0.0116,0.019338,0.009566,0.020942,,384800,,
0,1,,0.187614,0.190754,0.141565,0.112015,0.101973,0.143864,0.029015,0.036721,0.008715,0.047766,,388200,,
0,1,,0.273724,0.273797,0.142263,0.073943,0.080162,0.070313,0.022373,0.029714,0.008879,0.024833,,402400,,
0,1,,0.326005,0.385435,0.126155,0.046745,0.033822,0.017067,0.012588,0.021524,0.009257,0.021402,,390000,,
0,0,,0.244241,0.237507,0.157024,0.029276,0.087171,0.12294,0.029362,0.035019,0.010171,0.047289,,391600,,
0,1,,0.283135,0.386877,0.118073,0.085052,0.038657,0.023613,0.011791,0.022527,0.008729,0.021547,,394500,,
0,0,,0.183163,0.172752,0.175494,0.084235,0.096446,0.152421,0.04138,0.035811,0.00786,0.050436,,390500,,
0,1,,0.340183,0.34074,0.140921,0.047038,0.052054,0.014301,0.013413,0.020178,0.00977,0.021402,,394600,,
0,1,,0.246474,0.302017,0.135535,0.05361,0.054103,0.109494,0.02714,0.034529,0.010202,0.026895,,389000,,
0,0,,0.234661,0.225801,0.156699,0.110888,0.087382,0.0924,0.028542,0.029949,0.007305,0.026374,,387200,,
0,0,,0.260715,0.254961,0.155398,0.035091,0.081456,0.098546,0.026594,0.031141,0.010456,0.045644,,393300,,
0,1,,0.255134,0.258071,0.151797,0.057433,0.070116,0.070456,0.079934,0.022897,0.010715,0.023447,,390000,,
0,1,,0.28106,0.345221,0.14035,0.085052,0.059008,0.023671,0.012369,0.022726,0.008878,0.021664,,392000,,
0,0,,0.244241,0.237507,0.157024,0.029276,0.087171,0.12294,0.029362,0.035019,0.010171,0.047289,,387900,,
0,0,,0.292134,0.291218,0.112066,0.05656,0.048078,0.059811,0.08312,0.02247,0.010968,0.023575,,396700,,
0,0,,0.268083,0.255057,0.1664,0.060066,0.077359,0.0816,0.028717,0.028606,0.007914,0.026198,,398400,,
0,0,,0.296594,0.292354,0.150345,0.035636,0.075327,0.063767,0.02317,0.028711,0.009407,0.024688,,391000,,
0,1,,0.237913,0.266324,0.147668,0.129693,0.051938,0.088577,0.017152,0.026986,0.009753,0.023996,,396200,,
0,1,,0.194679,0.217145,0.151066,0.201448,0.057541,0.094211,0.024998,0.02552,0.008279,0.025114,,388700,,
0,1,,0.20808,0.278352,0.12451,0.180574,0.083274,0.057989,0.013683,0.023792,0.007455,0.022291,,393000,,
0,1,,0.261689,0.283772,0.13923,0.106258,0.048177,0.080519,0.017246,0.028817,0.010292,0.024001,,433300,,
0,0,,0.244241,0.237507,0.157024,0.029276,0.087171,0.12294,0.029362,0.035019,0.010171,0.047289,,392300,,
0,0,,0.260715,0.254961,0.155398,0.035091,0.081456,0.098546,0.026594,0.031141,0.010456,0.045644,,391900,,
0,1,,0.234384,0.286739,0.155739,0.138005,0.046986,0.04713,0.035308,0.022917,0.010724,0.022067,,388400,,
0,0,,0.193864,0.189948,0.182567,0.058388,0.09077,0.11452,0.08644,0.026959,0.008736,0.047809,,393000,,
0,0,,0.295823,0.283136,0.16646,0.068106,0.067559,0.046405,0.019595,0.021639,0.008118,0.023157,,397300,,
0,1,,0.304954,0.362933,0.148634,0.045407,0.054586,0.017452,0.013288,0.021586,0.009641,0.021519,,391300,,
0,0,,0.247169,0.220005,0.125893,0.180721,0.09239,0.066606,0.014095,0.023119,0.007711,0.022291,,388200,,
0,0,,0.256934,0.247875,0.183364,0.047679,0.065012,0.070911,0.071626,0.021276,0.00963,0.025692,,394800,,
0,1,,0.214224,0.215122,0.160039,0.065289,0.092264,0.130849,0.029771,0.035463,0.009224,0.047754,,388300,,
0,1,,0.336455,0.345765,0.167686,0.045436,0.024805,0.017105,0.013133,0.018271,0.009963,0.021381,,391400,,
0,0,,0.244241,0.237507,0.157024,0.029276,0.087171,0.12294,0.029362,0.035019,0.010171,0.047289,,389900,,
0,0,,0.244241,0.237507,0.157024,0.029276,0.087171,0.12294,0.029362,0.035019,0.010171,0.047289,,389800,,
0,1,,0.201151,0.206751,0.144103,0.116686,0.096421,0.120279,0.026894,0.032617,0.008848,0.046252,,422800,,
0,0,,0.296594,0.292354,0.150345,0.035636,0.075327,0.063767,0.02317,0.028711,0.009407,0.024688,,390500,,
0,1,,0.273724,0.273797,0.142263,0.073943,0.080162,0.070313,0.022373,0.029714,0.008879,0.024833,,400600,,
0,0,,0.343396,0.332052,0.162785,0.040619,0.044118,0.015662,0.012843,0.018054,0.009209,0.021262,,387400,,
0,0,,0.256934,0.247875,0.183364,0.047679,0.065012,0.070911,0.071626,0.021276,0.00963,0.025692,,387800,,
0,0,,0.221371,0.218949,0.148941,0.067583,0.092005,0.129486,0.028565,0.036022,0.009644,0.047434,,393300,,
0,1,,0.202407,0.203269,0.144796,0.09465,0.096474,0.136083,0.028977,0.036495,0.00928,0.047568,,390800,,
0,1,,0.202407,0.203269,0.144796,0.09465,0.096474,0.136083,0.028977,0.036495,0.00928,0.047568,,395600,,
0,0,,0.175417,0.154279,0.168244,0.10282,0.100084,0.123489,0.095673,0.024736,0.007807,0.047451,,388500,,
0,1,,0.235111,0.287503,0.160812,0.09766,0.06672,0.067054,0.023145,0.028882,0.007953,0.025159,,390200,,
0,1,,0.308157,0.370478,0.126728,0.042439,0.038197,0.036829,0.019975,0.024321,0.009388,0.023487,,398400,,
0,1,,0.251728,0.258773,0.153387,0.11008,0.065497,0.052297,0.052472,0.023029,0.010805,0.021932,,391800,,
0,1,,0.290152,0.356737,0.120472,0.098094,0.041695,0.026244,0.013524,0.0221,0.009288,0.021695,,398400,,
0,1,,0.21156,0.235012,0.145789,0.107488,0.081683,0.119342,0.026843,0.035853,0.009359,0.027071,,391400,,
0,0,,0.260257,0.249787,0.159179,0.097111,0.077344,0.070569,0.026356,0.026227,0.007949,0.025221,,391400,,
0,1,,0.247613,0.254289,0.149215,0.098716,0.08489,0.078274,0.023991,0.029629,0.008095,0.025287,,394000,,
0,0,,0.383396,0.330234,0.122785,0.040619,0.022664,0.012389,0.044843,0.012599,0.009209,0.021262,,391800,,
0,0,,0.310377,0.254207,0.173541,0.028296,0.071696,0.070093,0.029301,0.027573,0.009018,0.025897,,392300,,
0,1,,0.295299,0.375166,0.160352,0.051707,0.033625,0.017126,0.013312,0.021838,0.010054,0.021521,,388700,,
0,1,,0.267707,0.273681,0.134946,0.126414,0.08033,0.049496,0.013701,0.023447,0.008154,0.022124,,390900,,
0,0,,0.304227,0.254438,0.164056,0.088877,0.069889,0.045072,0.020004,0.021794,0.008613,0.023031,,403700,,
0,1,,0.238708,0.25569,0.168403,0.049585,0.075303,0.111978,0.029107,0.034129,0.009753,0.027343,,391500,,
0,1,,0.205301,0.211006,0.148253,0.085493,0.093366,0.106275,0.064,0.03109,0.009819,0.045396,,395800,,
0,1,,0.273724,0.273797,0.142263,0.073943,0.080162,0.070313,0.022373,0.029714,0.008879,0.024833,,391800,,
0,1,,0.23703,0.244144,0.13905,0.117231,0.090292,0.085501,0.023471,0.030186,0.007799,0.025296,,391600,,
0,0,,0.274645,0.24233,0.153281,0.086029,0.082695,0.073922,0.024613,0.028666,0.008634,0.025183,,395300,,
0,0,,0.286685,0.257337,0.151382,0.089764,0.076912,0.05843,0.022413,0.024284,0.008684,0.024109,,390600,,
0,0,,0.324335,0.320434,0.150405,0.043676,0.065528,0.028572,0.014048,0.021745,0.009611,0.021647,,392100,,
0,0,,0.291288,0.272554,0.172158,0.028149,0.07258,0.071476,0.028889,0.028246,0.008762,0.025897,,420900,,
0,0,,0.358863,0.305126,0.147865,0.040619,0.04585,0.015951,0.035233,0.019093,0.009561,0.021839,,391400,,
0,0,,0.332709,0.221299,0.139142,0.070337,0.070454,0.055798,0.055553,0.021485,0.008826,0.024397,,391100,,
0,1,,0.284559,0.302329,0.147312,0.067951,0.043342,0.073973,0.018043,0.027814,0.01082,0.023856,,387600,,
0,1,,0.306005,0.365435,0.146155,0.046745,0.053822,0.017067,0.012588,0.021524,0.009257,0.021402,,391500,,
0,0,,0.268418,0.253997,0.164075,0.066456,0.077415,0.078022,0.028092,0.02925,0.008234,0.026042,,399000,,
0,1,,0.20402,0.26528,0.125078,0.117253,0.064348,0.123757,0.027515,0.036164,0.009281,0.027303,,390800,,
1,1,,0.220158,0.283946,0.128593,0.113558,0.056513,0.105234,0.024248,0.032208,0.009544,0.025998,,398500,,
1,1,,0.326005,0.385435,0.126155,0.046745,0.033822,0.017067,0.012588,0.021524,0.009257,0.021402,,392800,,
1,1,,0.240401,0.26421,0.156108,0.058624,0.071894,0.082329,0.061832,0.029551,0.010224,0.024826,,394400,,
1,0,,0.244241,0.237507,0.157024,0.029276,0.087171,0.12294,0.029362,0.035019,0.010171,0.047289,,421500,,
1,1,,0.289896,0.335094,0.169758,0.035874,0.052518,0.039802,0.020919,0.023696,0.008637,0.023805,,389900,,
1,5,,0.129277,0.12478,0.159015,0.153157,0.116656,0.180961,0.042397,0.036501,0.006309,0.050947,,395600,,
1,0,,0.309124,0.2956,0.171682,0.030848,0.055284,0.041449,0.042684,0.020374,0.009327,0.023629,,390200,,
1,1,,0.327396,0.340052,0.170785,0.040619,0.044118,0.015662,0.012843,0.018054,0.009209,0.021262,,392300,,
1,1,,0.246474,0.262017,0.155535,0.05361,0.074103,0.109494,0.02714,0.034529,0.010202,0.026895,,401600,,
1,1,,0.328463,0.390704,0.123353,0.046745,0.032442,0.016837,0.010776,0.020684,0.009054,0.020942,,386600,,
1,1,,0.31966,0.329408,0.109978,0.112412,0.039979,0.027214,0.011193,0.020046,0.008889,0.021221,,397100,,
1,1,,0.326821,0.393549,0.12312,0.046745,0.032442,0.016837,0.010519,0.020228,0.008797,0.020942,,389300,,
1,1,,0.293184,0.34265,0.156936,0.083596,0.031903,0.025263,0.013758,0.021556,0.009168,0.021986,,392000,,
1,1,,0.217531,0.245653,0.148025,0.096931,0.076729,0.088874,0.061035,0.030554,0.009696,0.024971,,395800,,
1,1,,0.301726,0.361242,0.151988,0.049226,0.053544,0.017067,0.012718,0.021575,0.009513,0.021402,,384000,,
1,1,,0.289277,0.332595,0.171529,0.034143,0.053459,0.040922,0.021679,0.023855,0.008608,0.023933,,392400,,
1,0,,0.355579,0.238038,0.147225,0.032031,0.064164,0.04598,0.06835,0.015028,0.009353,0.024252,,386900,,
1,1,,0.211625,0.223769,0.177151,0.09875,0.076383,0.109819,0.034924,0.031134,0.008508,0.027936,,386700,,
1,1,,0.274572,0.342855,0.133808,0.099285,0.060435,0.027011,0.0106,0.021871,0.008445,0.021117,,390900,,
1,0,,0.234326,0.226861,0.159024,0.104498,0.087326,0.095978,0.029167,0.029305,0.006985,0.02653,,388600,,
1,1,,0.279469,0.347474,0.146569,0.08142,0.057949,0.025073,0.011307,0.020992,0.00834,0.021407,,393600,,
1,0,,0.237094,0.233679,0.168122,0.026983,0.08743,0.124303,0.030568,0.03446,0.009751,0.047609,,384900,,
1,1,,0.261754,0.272528,0.170592,0.09752,0.042877,0.070997,0.025327,0.024098,0.009442,0.024867,,388600,,
1,0,,0.309744,0.298099,0.169911,0.032579,0.054342,0.040329,0.041923,0.020215,0.009357,0.023501,,394100,,
1,0,,0.250031,0.193185,0.125203,0.071405,0.086564,0.087174,0.113359,0.018935,0.010156,0.043986,,395400,,
1,0,,0.197689,0.189255,0.175911,0.081057,0.092802,0.133931,0.040698,0.031621,0.007823,0.049213,,383900,,
1,1,,0.323019,0.345431,0.149816,0.046891,0.05329,0.015743,0.013578,0.02105,0.009663,0.021519,,390000,,
1,1,,0.290444,0.292585,0.14086,0.096216,0.07352,0.038746,0.013873,0.022931,0.009002,0.021823,,388100,,
1,1,,0.271642,0.344234,0.13089,0.117374,0.041161,0.027504,0.013751,0.021968,0.009675,0.021801,,406400,,
1,0,,0.343423,0.302087,0.151788,0.043823,0.064644,0.027189,0.01446,0.021072,0.009867,0.021647,,388000,,
1,1,,0.216564,0.241765,0.145563,0.121052,0.079982,0.101378,0.026095,0.032232,0.009443,0.025927,,389400,,
1,1,,0.304954,0.362933,0.148634,0.045407,0.054586,0.017452,0.013288,0.021586,0.009641,0.021519,,389600,,
1,0,,0.239192,0.238855,0.157798,0.032952,0.085374,0.096101,0.064176,0.029904,0.010428,0.04522,,389300,,
1,1,,0.25951,0.283678,0.168087,0.071627,0.061546,0.047134,0.052856,0.022699,0.011076,0.021787,,408700,,
1,1,,0.169565,0.249737,0.120478,0.213862,0.061044,0.076894,0.051731,0.025124,0.009386,0.022179,,393800,,
1,1,,0.251897,0.275184,0.165905,0.055851,0.069586,0.072254,0.045585,0.02827,0.010322,0.025146,,384600,,
1,1,,0.202407,0.203269,0.144796,0.09465,0.096474,0.136083,0.028977,0.036495,0.00928,0.047568,,390200,,
1,1,,0.293114,0.323854,0.154415,0.081713,0.057913,0.022596,0.014521,0.020685,0.009206,0.021984,,388000,,
1,0,,0.291288,0.272554,0.172158,0.028149,0.07258,0.071476,0.028889,0.028246,0.008762,0.025897,,394600,,
1,1,,0.303931,0.363778,0.148433,0.046745,0.054174,0.017125,0.013166,0.021723,0.009406,0.021519,,385100,,
1,1,,0.271228,0.288075,0.1711,0.064496,0.059774,0.055862,0.032967,0.023496,0.008509,0.024491,,385500,,
1,1,,0.286118,0.293499,0.137162,0.077304,0.065734,0.045284,0.039883,0.022503,0.009187,0.023326,,405000,,
1,0,,0.292813,0.25545,0.143645,0.074089,0.079278,0.06893,0.022785,0.029041,0.009135,0.024833,,388000,,
1,0,,0.335642,0.277182,0.137088,0.082276,0.068595,0.032352,0.014075,0.021402,0.009596,0.021792,,393000,,
1,3,,0.150134,0.157309,0.128598,0.166174,0.114559,0.162297,0.028532,0.036854,0.007729,0.047813,,395500,,
1,1,,0.322108,0.347084,0.151199,0.047038,0.052406,0.01436,0.01399,0.020377,0.009919,0.021519,,389800,,
1,0,,0.353206,0.27594,0.166983,0.036483,0.061013,0.033515,0.020591,0.019934,0.009479,0.022856,,393300,,
1,0,,0.244241,0.237507,0.157024,0.029276,0.087171,0.12294,0.029362,0.035019,0.010171,0.047289,,388100,,
1,3,,0.15073,0.18445,0.1249,0.201715,0.097024,0.143681,0.025563,0.036829,0.007846,0.027263,,391900,,
1,1,,0.304446,0.369782,0.119357,0.085052,0.037277,0.023383,0.009958,0.020918,0.00874,0.021087,,395800,,
1,1,,0.207449,0.218678,0.182846,0.074915,0.076757,0.131839,0.036235,0.033853,0.007987,0.029441,,390100,,
1,0,,0.223384,0.204978,0.18744,0.016259,0.089268,0.141604,0.043227,0.034666,0.008751,0.050423,,393800,,
1,0,,0.308062,0.303336,0.149881,0.104566,0.034548,0.032673,0.015619,0.02004,0.008997,0.022277,,389200,,
1,0,,0.277194,0.266397,0.15999,0.101563,0.072085,0.049423,0.019382,0.022757,0.008074,0.023135,,389900,,
1,0,,0.249264,0.23266,0.143983,0.074867,0.082913,0.076357,0.062323,0.023473,0.010441,0.04372,,396300,,
1,1,,0.285779,0.29925,0.165383,0.067938,0.056413,0.048544,0.021159,0.023382,0.008046,0.024106,,384100,,
1,0,,0.252902,0.233561,0.153286,0.033099,0.083184,0.083901,0.082156,0.023387,0.010684,0.043841,,391500,,
1,1,,0.242725,0.268092,0.135085,0.133324,0.052646,0.087116,0.017657,0.029291,0.009928,0.024136,,388500,,
1,1,,0.268764,0.340468,0.108688,0.139352,0.044569,0.033147,0.011616,0.023554,0.00812,0.021722,,383600,,
1,3,,0.151748,0.15932,0.12888,0.168777,0.112433,0.159972,0.027071,0.036522,0.007731,0.047547,,389400,,
1,0,,0.324335,0.320434,0.150405,0.043676,0.065528,0.028572,0.014048,0.021745,0.009611,0.021647,,385700,,
1,1,,0.214721,0.222477,0.152151,0.071405,0.088672,0.095856,0.072575,0.027312,0.010156,0.044675,,393600,,
1,0,,0.223384,0.204978,0.18744,0.016259,0.089268,0.141604,0.043227,0.034666,0.008751,0.050423,,385100,,
1,1,,0.234204,0.246458,0.192182,0.052744,0.065012,0.080766,0.068625,0.024733,0.009276,0.025998,,391800,,
1,0,,0.232045,0.201032,0.183702,0.020081,0.085281,0.102565,0.096021,0.023034,0.009264,0.046975,,390300,,
1,1,,0.29898,0.328658,0.121143,0.114746,0.041964,0.028827,0.012745,0.022378,0.008878,0.021681,,388600,,
1,1,,0.326641,0.35401,0.146118,0.047038,0.050675,0.014071,0.0116,0.019338,0.009566,0.020942,,385500,,
1,0,,0.373206,0.25594,0.146983,0.036483,0.061013,0.033515,0.040591,0.019934,0.009479,0.022856,,391200,,
1,1,,0.342641,0.34601,0.138118,0.047038,0.050675,0.014071,0.0116,0.019338,0.009566,0.020942,,385400,,
1,1,,0.284559,0.302329,0.147312,0.067951,0.043342,0.073973,0.018043,0.027814,0.01082,0.023856,,401000,,
1,1,,0.259911,0.308235,0.170754,0.071773,0.039283,0.045522,0.051435,0.020417,0.011343,0.021328,,389700,,
1,1,,0.223857,0.246719,0.172739,0.118661,0.047702,0.076172,0.060651,0.02075,0.008742,0.024008,,389500,,
1,1,,0.273465,0.340928,0.128124,0.117081,0.042929,0.030269,0.012927,0.023314,0.009162,0.021801,,395700,,
1,0,,0.320553,0.283529,0.143705,0.082129,0.069479,0.033735,0.013663,0.022075,0.00934,0.021792,,389800,,
1,0,,0.307397,0.303824,0.149594,0.039224,0.070787,0.049718,0.021023,0.025215,0.009485,0.023733,,421800,,
1,1,,0.278599,0.305331,0.14947,0.071773,0.040662,0.045752,0.053269,0.022026,0.011332,0.021787,,390700,,
1,1,,0.210422,0.229553,0.185482,0.091197,0.068963,0.085929,0.06824,0.025063,0.009005,0.026143,,386800,,
1,3,,0.157254,0.191727,0.109981,0.207784,0.092206,0.149632,0.023546,0.033383,0.00818,0.026308,,400300,,
1,0,,0.328989,0.292057,0.125244,0.038998,0.060899,0.038738,0.06068,0.0215,0.009715,0.023181,,391900,,
1,0,,0.335911,0.278417,0.122754,0.071773,0.037828,0.042249,0.063435,0.014962,0.011343,0.021328,,408800,,
1,0,,0.291684,0.259281,0.142815,0.092057,0.077012,0.057126,0.021672,0.025055,0.009389,0.023908,,388200,,
1,1,,0.291517,0.318261,0.153652,0.090161,0.057576,0.022289,0.012927,0.022168,0.009783,0.021666,,389600,,
1,1,,0.242725,0.268092,0.135085,0.133324,0.052646,0.087116,0.017657,0.029291,0.009928,0.024136,,392500,,
1,1,,0.218881,0.220723,0.14317,0.100464,0.09076,0.111688,0.026208,0.032618,0.009564,0.045923,,387500,,
1,0,,0.200514,0.186421,0.179357,0.054566,0.094103,0.14815,0.04243,0.035669,0.008223,0.050568,,397900,,
1,1,,0.256824,0.258691,0.159013,0.03656,0.078731,0.075219,0.054336,0.025392,0.010968,0.044265,,388300,,
2,0,,0.201792,0.189491,0.181964,0.050779,0.091921,0.149403,0.041593,0.034694,0.007904,0.050458,,385200,,
2,0,,0.291288,0.272554,0.172158,0.028149,0.07258,0.071476,0.028889,0.028246,0.008762,0.025897,,393300,,
2,1,,0.188486,0.202998,0.178701,0.101982,0.081226,0.138436,0.036646,0.034326,0.007623,0.029576,,388900,,
2,0,,0.244241,0.237507,0.157024,0.029276,0.087171,0.12294,0.029362,0.035019,0.010171,0.047289,,390100,,
2,1,,0.207449,0.218678,0.182846,0.074915,0.076757,0.131839,0.036235,0.033853,0.007987,0.029441,,388400,,
2,1,,0.230655,0.236175,0.188604,0.042999,0.071979,0.121714,0.036407,0.033494,0.008834,0.02914,,390600,,
2,0,,0.291288,0.272554,0.172158,0.028149,0.07258,0.071476,0.028889,0.028246,0.008762,0.025897,,392600,,
2,5,,0.129277,0.12478,0.139015,0.153157,0.116656,0.200961,0.042397,0.036501,0.006309,0.050947,,388200,,
2,1,,0.187614,0.190754,0.141565,0.112015,0.101973,0.143864,0.029015,0.036721,0.008715,0.047766,,390400,,
2,0,,0.323328,0.267561,0.170259,0.031884,0.066798,0.055984,0.026689,0.023864,0.008811,0.024822,,389700,,
2,1,,0.173692,0.190482,0.17547,0.119347,0.086725,0.146217,0.036684,0.034552,0.007058,0.029773,,390500,,
2,5,,0.110129,0.089375,0.114814,0.162518,0.130218,0.25961,0.042018,0.035062,0.005284,0.050973,,393300,,
2,1,,0.239253,0.245109,0.191408,0.049068,0.066809,0.107606,0.033812,0.029849,0.00902,0.028067,,388600,,
2,5,,0.129277,0.12478,0.159015,0.153157,0.116656,0.180961,0.042397,0.036501,0.006309,0.050947,,391100,,
2,1,,0.276945,0.32174,0.17304,0.032286,0.057416,0.053911,0.023531,0.027405,0.008844,0.02488,,399400,,
2,0,,0.291288,0.272554,0.172158,0.028149,0.07258,0.071476,0.028889,0.028246,0.008762,0.025897,,388300,,
2,1,,0.187866,0.200499,0.180472,0.100251,0.082168,0.139556,0.037407,0.034485,0.007593,0.029704,,404200,,
2,1,,0.322644,0.335632,0.146447,0.07239,0.03116,0.027399,0.014071,0.019926,0.008308,0.022023,,388900,,
2,1,,0.270795,0.321971,0.163555,0.092867,0.055609,0.02889,0.014233,0.021625,0.008439,0.022014,,386100,,
2,0,,0.218335,0.206327,0.188214,0.019935,0.087472,0.114765,0.07804,0.029551,0.009007,0.048354,,391200,,
2,5,,0.102186,0.082987,0.112131,0.175351,0.131529,0.262579,0.041808,0.035351,0.005002,0.051076,,388300,,
2,0,,0.200179,0.187481,0.181682,0.048176,0.094047,0.151729,0.043055,0.035025,0.007903,0.050724,,395800,,
2,0,,0.216734,0.208506,0.19065,0.020081,0.085935,0.107974,0.087236,0.025956,0.009264,0.047664,,386200,,
2,0,,0.234326,0.226861,0.159024,0.104498,0.087326,0.095978,0.029167,0.029305,0.006985,0.02653,,388500,,
2,0,,0.319029,0.300634,0.172217,0.03619,0.062781,0.036281,0.019767,0.02128,0.008966,0.022856,,392400,,
2,1,,0.285544,0.330674,0.175844,0.038356,0.052247,0.039803,0.020936,0.02376,0.009029,0.023807,,388400,,
2,0,,0.181215,0.171801,0.177537,0.075243,0.098516,0.158326,0.043466,0.035499,0.007539,0.050859,,396600,,
2,2,,0.166757,0.158225,0.171981,0.098997,0.104071,0.162528,0.042879,0.036368,0.007294,0.0509,,387000,,
2,1,,0.188486,0.202998,0.178701,0.101982,0.081226,0.138436,0.036646,0.034326,0.007623,0.029576,,389100,,
2,0,,0.181215,0.171801,0.177537,0.075243,0.098516,0.158326,0.043466,0.035499,0.007539,0.050859,,416200,,
2,0,,0.218335,0.206327,0.188214,0.019935,0.087472,0.114765,0.07804,0.029551,0.009007,0.048354,,387600,,
2,0,,0.235967,0.226163,0.189429,0.023543,0.080829,0.093883,0.0682,0.025039,0.009548,0.047398,,413900,,
2,0,,0.239192,0.238855,0.157798,0.032952,0.085374,0.096101,0.064176,0.029904,0.010428,0.04522,,388400,,
2,1,,0.230655,0.236175,0.188604,0.042999,0.071979,0.121714,0.036407,0.033494,0.008834,0.02914,,387400,,
2,0,,0.315683,0.274007,0.151728,0.035782,0.074443,0.062385,0.023582,0.028038,0.009663,0.024688,,394700,,
2,3,,0.143216,0.111905,0.141884,0.151192,0.110487,0.139176,0.114354,0.033894,0.006503,0.047389,,386200,,
2,1,,0.188486,0.202998,0.178701,0.101982,0.081226,0.138436,0.036646,0.034326,0.007623,0.029576,,386000,,
2,1,,0.192693,0.255859,0.14418,0.176251,0.076153,0.077954,0.020553,0.025427,0.006481,0.024449,,386600,,
2,1,,0.200799,0.222206,0.186056,0.078738,0.073424,0.098208,0.080245,0.025143,0.008499,0.026683,,384900,,
2,1,,0.2421,0.292452,0.167591,0.076705,0.066294,0.068784,0.024741,0.028107,0.007885,0.02534,,393800,,
2,1,,0.271228,0.288075,0.1711,0.064496,0.059774,0.055862,0.032967,0.023496,0.008509,0.024491,,384300,,
2,0,,0.223384,0.204978,0.18744,0.016259,0.089268,0.141604,0.043227,0.034666,0.008751,0.050423,,385200,,
2,5,,0.150134,0.157309,0.108598,0.166174,0.114559,0.182297,0.028532,0.036854,0.007729,0.047813,,391000,,
2,0,,0.228839,0.163535,0.157945,0.051998,0.09006,0.11269,0.115849,0.023393,0.008416,0.047276,,390300,,
2,1,,0.296594,0.332354,0.130345,0.035636,0.055327,0.063767,0.02317,0.028711,0.009407,0.024688,,393700,,
2,0,,0.223384,0.204978,0.18744,0.016259,0.089268,0.141604,0.043227,0.034666,0.008751,0.050423,,389800,,
2,0,,0.216734,0.208506,0.19065,0.020081,0.085935,0.107974,0.087236,0.025956,0.009264,0.047664,,386100,,
2,1,,0.265607,0.269889,0.161393,0.055997,0.067396,0.060055,0.063565,0.021753,0.010578,0.023767,,388500,,
2,1,,0.173079,0.192269,0.173461,0.129215,0.08267,0.141373,0.036059,0.03488,0.007378,0.029617,,386400,,
3,3,,0.168067,0.157399,0.124308,0.245209,0.071233,0.152828,0.024243,0.024344,0.007292,0.025076,,395000,,
3,1,,0.184055,0.250987,0.109154,0.192545,0.084536,0.115517,0.013794,0.020781,0.006123,0.022508,,392100,,
3,5,,0.125453,0.140087,0.095777,0.175844,0.126253,0.219984,0.027899,0.034525,0.006286,0.047893,,387400,,
3,5,,0.10279,0.113429,0.115076,0.16434,0.126231,0.196571,0.094812,0.033429,0.005797,0.047524,,394100,,
3,0,,0.196846,0.193416,0.126058,0.158657,0.099912,0.134412,0.028684,0.029437,0.006,0.026577,,390500,,
3,1,,0.236979,0.278537,0.11157,0.208489,0.052371,0.045472,0.012222,0.023853,0.008658,0.02185,,399300,,
3,3,,0.153206,0.161956,0.126216,0.241998,0.074821,0.154897,0.02555,0.027891,0.007009,0.026456,,386100,,
3,1,,0.145681,0.205799,0.105674,0.205391,0.075227,0.136842,0.060377,0.031713,0.008102,0.025194,,394800,,
3,5,,0.101851,0.084047,0.114456,0.168961,0.131473,0.266157,0.042433,0.034708,0.004682,0.051233,,391200,,
3,3,,0.167764,0.202261,0.119156,0.214717,0.087027,0.128546,0.017165,0.030175,0.008847,0.024341,,385900,,
3,3,,0.19692,0.249081,0.107849,0.263465,0.053122,0.068148,0.00893,0.023638,0.007479,0.021369,,384700,,
3,1,,0.19789,0.276884,0.110187,0.208343,0.073255,0.066855,0.01181,0.024526,0.008401,0.02185,,387800,,
3,0,,0.215935,0.175069,0.12744,0.158804,0.099028,0.133029,0.029096,0.028764,0.006256,0.026577,,385300,,
3,3,,0.182669,0.210796,0.070123,0.229547,0.095218,0.122228,0.027705,0.031938,0.006364,0.023412,,387700,,
3,1,,0.191759,0.228178,0.141445,0.1573,0.077471,0.0843,0.058264,0.027936,0.009273,0.024074,,384300,,
3,3,,0.143484,0.160837,0.111808,0.169997,0.111225,0.148667,0.072542,0.028143,0.008242,0.045055,,388500,,
3,1,,0.19955,0.210699,0.106084,0.17139,0.102878,0.123935,0.022988,0.030319,0.006814,0.025343,,401000,,
3,3,,0.154919,0.177697,0.088355,0.249992,0.094257,0.16325,0.014645,0.025807,0.008143,0.022935,,388500,,
3,3,,0.142148,0.1572,0.133536,0.168707,0.112925,0.136268,0.063993,0.031512,0.007835,0.045875,,397500,,
3,1,,0.245958,0.254024,0.126895,0.210718,0.046313,0.050642,0.01383,0.021824,0.007468,0.022326,,388500,,
3,3,,0.164013,0.196008,0.147072,0.215318,0.0756,0.092262,0.04358,0.032957,0.00883,0.024361,,389400,,
3,3,,0.171982,0.17624,0.092519,0.268849,0.074419,0.14406,0.015292,0.02558,0.007991,0.023067,,438700,,
3,3,,0.18119,0.207049,0.119304,0.248409,0.060292,0.07548,0.051766,0.024715,0.00968,0.022116,,385100,,
3,1,,0.182219,0.239043,0.126385,0.167453,0.085746,0.114389,0.023461,0.029399,0.006373,0.025532,,397700,,
3,1,,0.188976,0.238397,0.086069,0.23083,0.06636,0.125707,0.012045,0.022031,0.007607,0.02198,,387800,,
3,1,,0.151344,0.202664,0.106908,0.191846,0.081079,0.168525,0.026188,0.036501,0.007526,0.027419,,387800,,
3,1,,0.166204,0.198107,0.125,0.195057,0.09749,0.126456,0.024881,0.032955,0.007809,0.02604,,393100,,
3,3,,0.155918,0.186971,0.102402,0.252138,0.074525,0.111819,0.052716,0.03258,0.008469,0.022462,,389200,,
3,1,,0.198504,0.275097,0.132196,0.198474,0.07731,0.051699,0.012435,0.024199,0.008081,0.022006,,394600,,
3,5,,0.147198,0.155851,0.112762,0.165031,0.114721,0.183107,0.02918,0.036627,0.007578,0.047944,,386500,,
3,1,,0.239967,0.245601,0.134887,0.118374,0.090129,0.084691,0.022823,0.030413,0.00795,0.025165,,390300,,
3,1,,0.163077,0.227924,0.098405,0.188414,0.094311,0.147074,0.021697,0.028128,0.005697,0.025273,,391600,,
3,3,,0.191411,0.222109,0.085702,0.222236,0.087587,0.127397,0.013114,0.021235,0.00691,0.022299,,386200,,
4,0,,0.249454,0.238317,0.15993,0.093523,0.081884,0.084619,0.028504,0.029723,0.00787,0.026176,,385300,,
4,5,,0.129277,0.12478,0.139015,0.153157,0.116656,0.200961,0.042397,0.036501,0.006309,0.050947,,393200,,
4,5,,0.094511,0.088101,0.114718,0.190784,0.127486,0.203119,0.095227,0.033075,0.005194,0.047784,,387100,,
4,5,,0.129277,0.12478,0.139015,0.153157,0.116656,0.200961,0.042397,0.036501,0.006309,0.050947,,395200,,
4,0,,0.200179,0.187481,0.181682,0.048176,0.094047,0.151729,0.043055,0.035025,0.007903,0.050724,,388800,,
4,0,,0.223384,0.204978,0.18744,0.016259,0.089268,0.141604,0.043227,0.034666,0.008751,0.050423,,387800,,
4,5,,0.094511,0.088101,0.114718,0.190784,0.127486,0.203119,0.095227,0.033075,0.005194,0.047784,,389200,,
4,5,,0.109794,0.110435,0.117139,0.156128,0.130161,0.243189,0.042643,0.034418,0.004964,0.051129,,389900,,
4,1,,0.207444,0.244615,0.124515,0.170027,0.085166,0.079019,0.03094,0.026183,0.00779,0.024301,,398800,,
4,5,,0.130986,0.121904,0.084398,0.175535,0.12812,0.240946,0.028154,0.035414,0.006705,0.047839,,392200,,
4,5,,0.101851,0.084047,0.114456,0.168961,0.131473,0.266157,0.042433,0.034708,0.004682,0.051233,,390500,,
5,1,,0.197358,0.204618,0.14557,0.098326,0.094678,0.109244,0.06379,0.03138,0.009536,0.045499,,394900,,
5,5,,0.10279,0.113429,0.115076,0.16434,0.126231,0.196571,0.094812,0.033429,0.005797,0.047524,,390000,,
5,5,,0.096802,0.085396,0.11523,0.172637,0.129676,0.239318,0.077247,0.029592,0.004938,0.049164,,408400,,
5,2,,0.131078,0.132256,0.160337,0.152302,0.110673,0.14931,0.076962,0.03145,0.006848,0.048785,,389100,,
5,5,,0.109794,0.110435,0.117139,0.156128,0.130161,0.243189,0.042643,0.034418,0.004964,0.051129,,390300,,
5,5,,0.109794,0.090435,0.117139,0.156128,0.130161,0.263189,0.042643,0.034418,0.004964,0.051129,,393500,,
5,5,,0.094511,0.088101,0.114718,0.170784,0.127486,0.223119,0.095227,0.033075,0.005194,0.047784,,388800,,
5,5,,0.123043,0.115516,0.081715,0.188369,0.129431,0.243915,0.027943,0.035704,0.006422,0.047943,,392000,,
5,5,,0.101851,0.084047,0.114456,0.168961,0.131473,0.266157,0.042433,0.034708,0.004682,0.051233,,386600,,
6,0,,0.200514,0.186421,0.179357,0.054566,0.094103,0.14815,0.04243,0.035669,0.008223,0.050568,,388200,,
6,5,,0.129277,0.12478,0.159015,0.153157,0.116656,0.180961,0.042397,0.036501,0.006309,0.050947,,396900,,
6,0,,0.184445,0.178477,0.17867,0.072475,0.095464,0.124939,0.077865,0.030737,0.008398,0.048529,,388700,,
6,0,,0.229174,0.160657,0.15562,0.058388,0.088662,0.105838,0.127224,0.018582,0.008736,0.04712,,388800,,
6,0,,0.189494,0.177129,0.177895,0.068799,0.097261,0.151778,0.043051,0.035853,0.008142,0.050598,,392600,,
6,1,,0.236255,0.237398,0.161962,0.031809,0.085537,0.096911,0.064824,0.029677,0.010277,0.045351,,387300,,
6,2,,0.176166,0.173149,0.178311,0.078919,0.09672,0.131486,0.07828,0.030383,0.007796,0.04879,,423000,,
7,1,,0.25476,0.258117,0.138118,0.101009,0.084631,0.07691,0.022785,0.030188,0.008515,0.024967,,391800,,
7,5,,0.130986,0.141904,0.084398,0.175535,0.12812,0.220946,0.028154,0.035414,0.006705,0.047839,,385200,,
7,1,,0.240805,0.300866,0.13808,0.055555,0.053248,0.083775,0.062714,0.029572,0.010429,0.024954,,412800,,
7,5,,0.123043,0.115516,0.081715,0.188369,0.129431,0.243915,0.027943,0.035704,0.006422,0.047943,,386700,,
7,1,,0.25476,0.258117,0.138118,0.101009,0.084631,0.07691,0.022785,0.030188,0.008515,0.024967,,398300,,
7,1,,0.179971,0.24169,0.073646,0.215706,0.092738,0.133316,0.011587,0.022949,0.006262,0.022136,,386200,,
8,0,,0.258425,0.256512,0.156578,0.036414,0.080268,0.082011,0.04514,0.028987,0.010712,0.044954,,387600,,
8,1,,0.216457,0.239632,0.15855,0.089623,0.079197,0.117404,0.02755,0.034974,0.009255,0.02736,,397800,,
8,0,,0.148453,0.136022,0.14215,0.144058,0.108427,0.136689,0.095567,0.034289,0.006784,0.047561,,390500,,
8,1,,0.281605,0.298296,0.164579,0.099457,0.055981,0.034055,0.01506,0.020599,0.008093,0.022274,,397000,,
9,0,,0.18155,0.170741,0.175212,0.081633,0.098572,0.154747,0.042841,0.036143,0.007859,0.050702,,400200,,