optical,Tuned_CWT,test,4,NANOSECONDS,PREDICTIONS, Generated by ClassifierExperiments.java on 2022-05-16 02:15:49.    SYSTEMPROPERTIES:{user.name:matth,os.arch:amd64,os.name:Windows 10},ENDSYSTEMPROPERTIES
No parameter info
0.8945969884853853,2262697300,1935638600,-1,93557104,10,,-1,-1
0,0,,0.583579,0.050036,0.012099,0.032706,0.109386,0.010907,0.085528,0.049385,0.042797,0.023577,,1914700,,
0,0,,0.489876,0.023836,0.017282,0.062779,0.093099,0.036656,0.096695,0.069396,0.040407,0.069975,,1767600,,
0,0,,0.461064,0.052852,0.013858,0.041049,0.159266,0.018864,0.104321,0.062338,0.043855,0.042533,,1762900,,
0,0,,0.529301,0.026277,0.033912,0.068278,0.089101,0.016296,0.083469,0.045167,0.042242,0.065957,,1759300,,
0,0,,0.347121,0.04513,0.051761,0.100693,0.082592,0.099264,0.059209,0.055847,0.048021,0.110362,,1755000,,
0,0,,0.498391,0.024153,0.042462,0.036608,0.114847,0.028965,0.097779,0.048668,0.069648,0.038481,,1756600,,
0,0,,0.518546,0.021968,0.016291,0.03304,0.158344,0.018643,0.121914,0.050619,0.038177,0.022458,,1795300,,
0,0,,0.571258,0.019927,0.011654,0.065605,0.111485,0.033648,0.092316,0.045511,0.033788,0.014809,,1756700,,
0,0,,0.536618,0.028613,0.012169,0.032776,0.139515,0.010905,0.085164,0.072601,0.057992,0.023647,,1758900,,
0,0,,0.461623,0.032734,0.017056,0.049869,0.165998,0.04866,0.109835,0.049746,0.043141,0.021339,,1752000,,
0,0,,0.560955,0.018159,0.009287,0.027013,0.126829,0.080121,0.101486,0.038686,0.027118,0.010347,,1757800,,
0,0,,0.513425,0.023315,0.015681,0.032456,0.128747,0.036662,0.148101,0.041391,0.036862,0.023361,,1756000,,
0,0,,0.464082,0.025537,0.037816,0.050907,0.118037,0.035727,0.109399,0.061823,0.04306,0.053612,,1756500,,
0,0,,0.399645,0.02894,0.026883,0.110664,0.122263,0.018943,0.094051,0.068817,0.03988,0.089913,,1752100,,
0,0,,0.51119,0.027276,0.018531,0.050355,0.106638,0.062921,0.0892,0.043627,0.067406,0.022856,,1780000,,
0,0,,0.512629,0.025605,0.016496,0.050614,0.129234,0.05013,0.08048,0.047294,0.042172,0.045344,,1723700,,
0,0,,0.565253,0.028035,0.010038,0.031673,0.12199,0.038532,0.085975,0.061593,0.032785,0.024126,,1696800,,
0,0,,0.491791,0.032867,0.01513,0.03417,0.144052,0.049943,0.079634,0.044971,0.047719,0.059723,,1698600,,
0,0,,0.443849,0.034679,0.031082,0.044282,0.142953,0.088074,0.106928,0.051376,0.032204,0.024573,,1717300,,
0,0,,0.602993,0.021637,0.011888,0.03042,0.099822,0.023879,0.106821,0.047117,0.035912,0.019511,,1711600,,
0,0,,0.486673,0.030777,0.021309,0.056292,0.114916,0.050289,0.079008,0.059758,0.041886,0.059092,,1707700,,
0,0,,0.510582,0.02339,0.014822,0.061038,0.094222,0.060233,0.07927,0.069167,0.039446,0.04783,,1698300,,
0,0,,0.499083,0.022172,0.015967,0.03372,0.111012,0.032202,0.124734,0.041885,0.039963,0.079263,,1717700,,
0,0,,0.35835,0.034457,0.044591,0.042304,0.168979,0.024871,0.180194,0.046516,0.051455,0.048284,,1744100,,
0,0,,0.404487,0.041287,0.019956,0.055958,0.181168,0.019639,0.10483,0.050061,0.05279,0.069824,,1703000,,
0,0,,0.555453,0.030964,0.012245,0.033098,0.111493,0.019437,0.106696,0.045421,0.045222,0.039972,,1704600,,
0,0,,0.547865,0.044292,0.013397,0.032681,0.094524,0.031392,0.086374,0.068918,0.039778,0.040778,,1703900,,
0,0,,0.513973,0.030663,0.012829,0.033844,0.171184,0.019715,0.088235,0.046443,0.058863,0.024251,,1702300,,
0,0,,0.467199,0.024778,0.015459,0.039301,0.155466,0.044236,0.10439,0.066041,0.054718,0.028413,,1699400,,
0,0,,0.481277,0.030707,0.013123,0.033793,0.152832,0.018937,0.124321,0.06336,0.058233,0.023417,,1698200,,
0,0,,0.519729,0.045707,0.015755,0.049479,0.091341,0.018059,0.080449,0.053213,0.039079,0.087189,,1696400,,
0,0,,0.479077,0.022954,0.026327,0.058787,0.105604,0.05919,0.108819,0.049273,0.038759,0.051209,,1700600,,
0,0,,0.40845,0.03401,0.016003,0.043175,0.161353,0.017849,0.155067,0.047694,0.061362,0.055038,,1707600,,
0,0,,0.534713,0.033803,0.045429,0.033932,0.110774,0.039708,0.087791,0.050312,0.041032,0.022507,,1706800,,
0,0,,0.454982,0.029145,0.013694,0.036885,0.157262,0.060316,0.134175,0.048491,0.034027,0.031022,,1705100,,
0,0,,0.455073,0.027916,0.020661,0.040217,0.088347,0.033746,0.176972,0.057761,0.063641,0.035667,,1701300,,
0,0,,0.539427,0.030618,0.011979,0.034998,0.135275,0.019578,0.086696,0.044151,0.051453,0.045824,,1702800,,
0,0,,0.561307,0.027864,0.012099,0.032836,0.153913,0.010834,0.085164,0.048658,0.043683,0.023642,,1741000,,
0,0,,0.491592,0.028982,0.012973,0.03575,0.148426,0.029328,0.090461,0.044694,0.060224,0.057571,,1693700,,
0,0,,0.50822,0.021913,0.01651,0.098463,0.087915,0.036029,0.096645,0.064131,0.039213,0.030961,,1707000,,
0,0,,0.495615,0.026531,0.009217,0.029484,0.176202,0.055988,0.091874,0.045005,0.039506,0.030578,,1696400,,
0,0,,0.518997,0.023269,0.01169,0.032663,0.169283,0.018932,0.104321,0.04338,0.037183,0.040282,,1721700,,
0,0,,0.525445,0.035866,0.01314,0.051103,0.141657,0.010425,0.084823,0.065771,0.044203,0.027567,,1696000,,
0,0,,0.514915,0.024392,0.011547,0.032366,0.160457,0.051062,0.086038,0.042473,0.036877,0.039874,,1697600,,
0,0,,0.46267,0.039658,0.024896,0.039071,0.154322,0.068968,0.089189,0.04869,0.043327,0.02921,,1699700,,
0,0,,0.483979,0.03223,0.016895,0.031568,0.150781,0.052932,0.089182,0.054617,0.055166,0.03265,,1697200,,
0,0,,0.495139,0.047607,0.013082,0.04265,0.138542,0.012994,0.084902,0.045448,0.055861,0.063774,,1705200,,
0,0,,0.505636,0.025787,0.037896,0.036923,0.096038,0.07588,0.090028,0.049191,0.061792,0.020828,,1708200,,
0,0,,0.471519,0.036284,0.034907,0.038214,0.09276,0.033095,0.14621,0.045864,0.052781,0.048365,,1706200,,
0,0,,0.543609,0.021898,0.01323,0.038126,0.113145,0.037766,0.085522,0.050809,0.066123,0.029773,,1707800,,
0,0,,0.588388,0.019934,0.012723,0.032522,0.095863,0.013006,0.13254,0.045851,0.036623,0.022552,,1704600,,
0,0,,0.563955,0.027997,0.028286,0.035101,0.117811,0.012459,0.085238,0.045851,0.036421,0.04688,,1705700,,
0,0,,0.573164,0.02258,0.011466,0.032684,0.108189,0.037416,0.086186,0.067995,0.03761,0.02271,,1701200,,
0,0,,0.537517,0.025046,0.013075,0.04741,0.137197,0.052072,0.088012,0.044327,0.037972,0.017373,,1699200,,
0,0,,0.443411,0.032986,0.026408,0.06384,0.108767,0.084034,0.076671,0.052611,0.059265,0.052007,,1697900,,
0,0,,0.438416,0.039541,0.022299,0.040972,0.11252,0.021616,0.161216,0.046637,0.064685,0.052098,,1704400,,
0,0,,0.490744,0.050843,0.021309,0.071066,0.093321,0.014419,0.078931,0.076425,0.041287,0.061654,,1704300,,
0,0,,0.52527,0.031299,0.017202,0.034747,0.099525,0.015117,0.100769,0.055009,0.065713,0.055349,,1708800,,
0,0,,0.480326,0.025455,0.018703,0.075037,0.088008,0.056837,0.072869,0.083975,0.040672,0.058118,,1708200,,
0,0,,0.504902,0.030696,0.01513,0.0343,0.14858,0.031409,0.080809,0.044243,0.048604,0.061327,,1701000,,
0,0,,0.527793,0.031461,0.0138,0.03428,0.148827,0.015253,0.088637,0.068094,0.047493,0.024361,,1710200,,
0,0,,0.441074,0.029307,0.036816,0.064281,0.105726,0.021456,0.205432,0.039847,0.032099,0.023962,,1699100,,
0,0,,0.545241,0.038323,0.008763,0.028592,0.145909,0.033106,0.090016,0.042874,0.03014,0.037037,,1702200,,
0,0,,0.434542,0.043993,0.013733,0.039272,0.186385,0.020324,0.110259,0.071495,0.046966,0.033032,,1708800,,
0,0,,0.466612,0.026001,0.011047,0.035792,0.133715,0.118338,0.089173,0.048828,0.044166,0.026329,,1705100,,
0,0,,0.452922,0.044634,0.02788,0.066144,0.137013,0.011311,0.110912,0.080017,0.040357,0.028808,,1704200,,
0,0,,0.525329,0.017402,0.00894,0.0293,0.133344,0.063476,0.089652,0.06427,0.030542,0.037745,,1715700,,
0,0,,0.583579,0.030036,0.012099,0.032706,0.109386,0.010907,0.105528,0.049385,0.042797,0.023577,,1709900,,
0,0,,0.500667,0.030794,0.01268,0.035133,0.144844,0.020032,0.108959,0.062961,0.060431,0.023497,,1715700,,
0,0,,0.531971,0.02044,0.013777,0.032606,0.101088,0.015257,0.182657,0.044424,0.036174,0.021608,,1710000,,
0,0,,0.556213,0.040127,0.011249,0.032452,0.153389,0.012442,0.086703,0.046366,0.036273,0.024787,,1702200,,
0,0,,0.394768,0.03382,0.052154,0.04278,0.101926,0.075726,0.109198,0.04575,0.114739,0.029139,,1714500,,
0,0,,0.455073,0.056278,0.017323,0.055794,0.096558,0.027405,0.084736,0.078659,0.078133,0.05004,,1714000,,
0,0,,0.51847,0.042111,0.014811,0.037925,0.144832,0.012945,0.084052,0.066884,0.048638,0.029332,,1708500,,
0,0,,0.497531,0.021791,0.014589,0.032319,0.183693,0.014446,0.135503,0.041687,0.036663,0.021776,,1699100,,
0,0,,0.306339,0.094977,0.019911,0.044747,0.190112,0.055186,0.100876,0.0728,0.09233,0.022723,,1710200,,
0,0,,0.515783,0.027802,0.013445,0.032924,0.093488,0.033295,0.157839,0.042921,0.043633,0.038869,,1717400,,
0,0,,0.400201,0.035642,0.012794,0.038554,0.164286,0.021607,0.112739,0.056239,0.07613,0.081808,,1706800,,
0,0,,0.486073,0.024833,0.025573,0.050834,0.099167,0.038849,0.146232,0.049642,0.039384,0.039413,,1701300,,
0,0,,0.513852,0.036028,0.011703,0.034883,0.128297,0.013785,0.107022,0.048497,0.045639,0.060293,,1704800,,
0,0,,0.504376,0.02317,0.01292,0.031673,0.149078,0.076778,0.081767,0.040881,0.037776,0.04158,,1707700,,
0,0,,0.463123,0.028906,0.021786,0.035247,0.138002,0.035407,0.104435,0.068555,0.055786,0.048755,,1701000,,
0,0,,0.49185,0.054477,0.020593,0.044617,0.102363,0.043289,0.080927,0.07231,0.041137,0.048437,,1698800,,
0,0,,0.548816,0.022298,0.031249,0.032322,0.108861,0.030976,0.085528,0.067093,0.049673,0.023183,,1699300,,
0,0,,0.540238,0.019826,0.011833,0.043198,0.09308,0.032515,0.086703,0.073388,0.049914,0.049306,,1701000,,
0,0,,0.489341,0.030987,0.022157,0.031251,0.137001,0.060973,0.119037,0.040467,0.043892,0.024893,,1711500,,
0,0,,0.503556,0.024308,0.030346,0.03233,0.110786,0.031984,0.159237,0.045474,0.038207,0.023773,,1702500,,
0,0,,0.444651,0.02816,0.016271,0.038935,0.170334,0.027786,0.12673,0.05627,0.061135,0.029728,,1704800,,
0,0,,0.509921,0.017982,0.007385,0.026544,0.202417,0.044948,0.103822,0.054175,0.021808,0.010999,,1701500,,
0,0,,0.463895,0.027602,0.026669,0.032121,0.141218,0.049578,0.171568,0.035629,0.032108,0.019611,,1703900,,
0,0,,0.451741,0.02908,0.042112,0.03581,0.105219,0.071417,0.090429,0.047494,0.075851,0.050847,,1699900,,
0,0,,0.513302,0.031839,0.027619,0.042102,0.126063,0.024122,0.107439,0.064571,0.041085,0.021859,,1702400,,
0,0,,0.583051,0.020127,0.011249,0.032452,0.093389,0.010903,0.125164,0.046366,0.036273,0.041026,,1705100,,
0,0,,0.477481,0.028807,0.013294,0.033141,0.139472,0.019795,0.176399,0.044305,0.043683,0.023622,,1713500,,
0,0,,0.52705,0.016693,0.010462,0.046736,0.129927,0.070957,0.089652,0.046635,0.029922,0.031964,,1700800,,
0,0,,0.464607,0.032191,0.019694,0.034159,0.117665,0.077972,0.109686,0.049329,0.06025,0.034448,,1701000,,
0,0,,0.438511,0.038912,0.012172,0.034423,0.203101,0.014571,0.086875,0.069795,0.042139,0.059501,,1704200,,
0,0,,0.529819,0.084478,0.020793,0.039407,0.088913,0.019264,0.086607,0.045897,0.05803,0.026792,,1700200,,
0,0,,0.285025,0.058248,0.038338,0.066464,0.123698,0.227557,0.077081,0.033915,0.042136,0.047538,,1692600,,
0,0,,0.526243,0.026337,0.021768,0.046208,0.088199,0.016304,0.102455,0.056617,0.057034,0.058835,,1706100,,
0,0,,0.507898,0.049102,0.021995,0.052845,0.089546,0.033636,0.079122,0.046796,0.048297,0.070764,,1707200,,
0,0,,0.486764,0.038505,0.015685,0.039027,0.128336,0.048554,0.092313,0.071109,0.051517,0.028189,,1702800,,
0,0,,0.525718,0.046061,0.029612,0.028976,0.126433,0.033037,0.090016,0.065166,0.03755,0.01743,,1725000,,
0,0,,0.470451,0.021375,0.029433,0.027633,0.204409,0.06641,0.105628,0.03521,0.029014,0.010437,,1704000,,
0,0,,0.538023,0.040007,0.011911,0.079069,0.113196,0.012442,0.086703,0.054425,0.036273,0.027951,,1701600,,
0,0,,0.484452,0.031967,0.01242,0.035239,0.144759,0.043967,0.105269,0.062305,0.052063,0.02756,,1704100,,
0,0,,0.491405,0.03677,0.025124,0.065522,0.108193,0.03062,0.079137,0.084439,0.053908,0.024882,,1699800,,
0,0,,0.397601,0.042458,0.036892,0.085117,0.107066,0.088905,0.049346,0.063847,0.041596,0.087171,,1699700,,
0,0,,0.501039,0.019481,0.013479,0.049264,0.092685,0.014908,0.211539,0.040926,0.03583,0.020848,,1700700,,
0,0,,0.415193,0.045458,0.035773,0.118974,0.083506,0.065664,0.054062,0.091408,0.037911,0.052052,,1701600,,
0,0,,0.494659,0.042876,0.020803,0.036903,0.13526,0.036983,0.079634,0.056356,0.048022,0.048504,,1701500,,
1,1,,0.003858,0.288806,0.091125,0.103449,0.1573,0.086421,0.036831,0.089026,0.063535,0.079649,,1727500,,
1,1,,0.12881,0.248111,0.07705,0.028588,0.190732,0.074342,0.130927,0.030697,0.085201,0.005542,,1705700,,
1,1,,0.028766,0.332849,0.11092,0.105336,0.045123,0.050917,0.018387,0.123407,0.111835,0.07246,,1709000,,
1,1,,0.004986,0.231442,0.114565,0.154483,0.049296,0.164046,0.070187,0.063532,0.043684,0.10378,,1707500,,
1,3,,0.003633,0.197978,0.125832,0.228824,0.026139,0.119009,0.014275,0.059342,0.051263,0.173707,,1704300,,
1,9,,0.067162,0.213671,0.06861,0.168844,0.033905,0.118974,0.0038,0.07168,0.037237,0.216117,,1706100,,
1,1,,0.002689,0.204765,0.151643,0.188024,0.025159,0.13135,0.057725,0.076564,0.051914,0.110166,,1702700,,
1,1,,0.019049,0.314811,0.077778,0.132026,0.035272,0.092398,0.000967,0.08047,0.076383,0.170845,,1702100,,
1,1,,0.0113,0.298169,0.165608,0.154801,0.026722,0.079254,0.001323,0.089014,0.057452,0.116358,,1703800,,
1,1,,0.049557,0.32691,0.064998,0.138225,0.044629,0.081243,0.004491,0.107712,0.069223,0.113012,,1708800,,
1,1,,0.056059,0.356671,0.077189,0.04005,0.063866,0.00909,0.023375,0.083596,0.264113,0.025989,,1708300,,
1,1,,0.03562,0.334512,0.133164,0.046235,0.11151,0.04336,0.105771,0.038932,0.130777,0.020119,,1721300,,
1,1,,0.03746,0.336932,0.078912,0.053585,0.064663,0.007974,0.019168,0.171472,0.195609,0.034224,,1698300,,
1,1,,0.002191,0.327133,0.133232,0.122927,0.028024,0.118391,0.002275,0.089896,0.062838,0.113093,,1703000,,
1,1,,0.007527,0.276122,0.156773,0.097452,0.07437,0.068657,0.040447,0.134258,0.084764,0.05963,,1702300,,
1,1,,0.004153,0.215482,0.2153,0.16135,0.035688,0.085864,0.012012,0.113299,0.04392,0.112931,,1697700,,
1,2,,0.003864,0.1665,0.214434,0.196789,0.032809,0.137589,0.022689,0.081273,0.031779,0.112274,,1699300,,
1,1,,0.030056,0.349863,0.130339,0.069451,0.047944,0.02584,0.016984,0.112393,0.174139,0.042991,,1705500,,
1,1,,0.000593,0.320623,0.14965,0.146109,0.030759,0.09014,0.002422,0.115297,0.047059,0.097348,,1724500,,
1,1,,0.014388,0.333213,0.101948,0.031589,0.201188,0.030378,0.086553,0.041584,0.151488,0.00767,,1704700,,
1,1,,0.001394,0.31958,0.117762,0.127605,0.05739,0.093305,0.020572,0.123233,0.046903,0.092257,,1701800,,
1,1,,0.010964,0.35647,0.104199,0.032333,0.175615,0.027585,0.07525,0.045623,0.163051,0.00891,,1705300,,
1,1,,0.011901,0.293735,0.088489,0.140588,0.030972,0.098387,0.020916,0.076694,0.075957,0.162359,,1702200,,
1,1,,0.011231,0.247532,0.108811,0.144434,0.038635,0.08004,0.002469,0.198528,0.056521,0.111799,,1698800,,
1,1,,0.038301,0.33518,0.065203,0.139324,0.043817,0.081144,0.004491,0.104738,0.075881,0.111922,,1700200,,
1,1,,0.04051,0.381196,0.101467,0.047219,0.055479,0.012474,0.037914,0.086033,0.211175,0.026534,,1699900,,
1,1,,0.022782,0.194585,0.167781,0.140434,0.065145,0.032631,0.030674,0.13868,0.146226,0.061062,,1736700,,
1,1,,0.000885,0.347913,0.132297,0.130638,0.039439,0.074223,0.014726,0.113653,0.07208,0.074146,,1701000,,
1,1,,0.013499,0.342793,0.107924,0.037904,0.049651,0.022255,0.132999,0.041687,0.241517,0.009771,,1701400,,
1,6,,0.020269,0.224085,0.076516,0.095443,0.057273,0.098692,0.229686,0.050248,0.103576,0.044211,,1704800,,
1,1,,0.00318,0.345416,0.124561,0.102072,0.067637,0.068368,0.045807,0.092909,0.087402,0.062647,,1703200,,
1,1,,0.055718,0.347112,0.055503,0.044778,0.105411,0.012045,0.079556,0.055466,0.222465,0.021946,,1705900,,
1,1,,0.07005,0.337115,0.092909,0.030788,0.168214,0.042456,0.102896,0.034843,0.115074,0.005656,,1703200,,
1,1,,0.059837,0.315438,0.042856,0.058493,0.063126,0.036887,0.04823,0.083885,0.256743,0.034504,,1703100,,
1,1,,0.027401,0.325281,0.108023,0.036133,0.127457,0.036271,0.132186,0.059607,0.134041,0.013599,,1699100,,
1,1,,0.013188,0.253097,0.099004,0.122931,0.058041,0.077905,0.041918,0.089958,0.077967,0.16599,,1726200,,
1,1,,0.029079,0.354705,0.091792,0.033636,0.069702,0.03814,0.040591,0.080272,0.229415,0.032668,,1700500,,
1,3,,0.004293,0.20541,0.132774,0.214234,0.024892,0.139009,0.034006,0.052981,0.045252,0.147147,,1711400,,
1,1,,0.010537,0.324548,0.128612,0.068111,0.064293,0.064213,0.04822,0.074309,0.178631,0.038527,,1706300,,
1,9,,0.006895,0.143561,0.080995,0.206829,0.039127,0.157835,0.037755,0.065525,0.043754,0.217725,,1709200,,
1,1,,0.044267,0.337749,0.058175,0.058713,0.115646,0.034706,0.027281,0.091274,0.175597,0.056593,,1708000,,
1,5,,0.015451,0.158181,0.118568,0.112768,0.030944,0.260833,0.07065,0.057428,0.05915,0.116028,,1702500,,
1,2,,0.011782,0.129568,0.22731,0.139538,0.028461,0.161758,0.065424,0.062919,0.064346,0.108895,,1702200,,
1,1,,0.037304,0.29746,0.042848,0.126294,0.145757,0.047368,0.020266,0.099894,0.131724,0.051084,,1705200,,
1,5,,0.015451,0.121142,0.14257,0.133349,0.029234,0.263325,0.069221,0.057468,0.062435,0.105805,,1731400,,
1,1,,0.009994,0.31179,0.13119,0.074249,0.089801,0.059087,0.078944,0.103758,0.104954,0.036232,,1700900,,
1,1,,0.027676,0.365692,0.129875,0.043485,0.098244,0.021106,0.037924,0.061395,0.197922,0.016681,,1710700,,
1,1,,0.015623,0.289785,0.09842,0.160895,0.037691,0.098676,0.001271,0.077199,0.067256,0.153184,,1704100,,
1,1,,0.044367,0.349658,0.060695,0.040266,0.092988,0.009734,0.022365,0.121065,0.234385,0.024477,,1703400,,
1,1,,0.04491,0.374373,0.041365,0.042027,0.116524,0.012842,0.026977,0.104912,0.211333,0.024736,,1711600,,
1,1,,0.022495,0.318251,0.062117,0.150938,0.109839,0.094537,0.017107,0.078239,0.050531,0.095947,,1701300,,
1,2,,0.011042,0.128602,0.227739,0.123993,0.025265,0.193877,0.045451,0.0649,0.066688,0.112444,,1706600,,
1,1,,0.029087,0.349279,0.114162,0.039149,0.12785,0.036631,0.05485,0.049276,0.178329,0.021387,,1708400,,
1,1,,0.048713,0.293705,0.084403,0.030109,0.215047,0.030881,0.111124,0.047174,0.129902,0.008943,,1729300,,
1,1,,0.037404,0.324068,0.155405,0.054583,0.050516,0.006315,0.032929,0.087707,0.220187,0.030887,,1700100,,
1,5,,0.013431,0.159544,0.114613,0.107345,0.066772,0.257909,0.083537,0.063073,0.034127,0.099649,,1699700,,
1,1,,0.077891,0.313892,0.070253,0.039181,0.068411,0.032556,0.021617,0.096317,0.254753,0.025128,,1698900,,
1,1,,0.055792,0.38557,0.066388,0.040518,0.078686,0.009539,0.024528,0.079127,0.234485,0.025367,,1702300,,
1,1,,0.002311,0.290685,0.142731,0.137471,0.027574,0.114413,0.003506,0.089641,0.059011,0.132657,,1697000,,
1,3,,0.026204,0.13081,0.157761,0.210959,0.02708,0.161316,0.046938,0.074446,0.032302,0.132185,,1702000,,
1,1,,0.046105,0.249126,0.067618,0.061779,0.134013,0.140161,0.098491,0.058204,0.073249,0.071254,,1708800,,
1,3,,0.004289,0.168773,0.165359,0.20556,0.026316,0.134571,0.06277,0.074145,0.029189,0.129028,,1715800,,
1,3,,0.027662,0.204262,0.08574,0.219832,0.028534,0.086785,0.002558,0.078237,0.054418,0.211974,,1702100,,
1,1,,0.03002,0.362896,0.117073,0.036451,0.096894,0.016419,0.064011,0.079864,0.184968,0.011405,,1703600,,
1,1,,0.010941,0.22606,0.104449,0.138336,0.042624,0.080057,0.002324,0.224272,0.05465,0.116286,,1703100,,
1,5,,0.010389,0.110709,0.130139,0.143024,0.037155,0.280296,0.06517,0.065391,0.048555,0.109174,,1700400,,
1,1,,0.002106,0.32788,0.142134,0.123088,0.026195,0.118906,0.002858,0.067949,0.068977,0.119909,,1697800,,
1,1,,0.000584,0.332786,0.132132,0.129127,0.035374,0.086189,0.003545,0.135321,0.051769,0.093173,,1704700,,
1,9,,0.014051,0.205912,0.092683,0.155482,0.053756,0.119121,0.003969,0.076413,0.052402,0.226212,,1701600,,
1,1,,0.031496,0.326853,0.082576,0.14377,0.044255,0.083747,0.005626,0.106021,0.074382,0.101273,,1700500,,
1,5,,0.011704,0.090782,0.192077,0.113574,0.03197,0.241459,0.088877,0.057559,0.065159,0.10684,,1740800,,
1,1,,0.002335,0.374595,0.133033,0.102727,0.048357,0.061817,0.015978,0.108457,0.089306,0.063394,,1709100,,
1,1,,0.038374,0.328504,0.068218,0.156575,0.043613,0.080761,0.004491,0.093006,0.075484,0.110973,,1705800,,
1,1,,0.010838,0.372356,0.111051,0.033702,0.11475,0.027234,0.110767,0.04205,0.168871,0.008383,,1705000,,
1,1,,0.033166,0.352959,0.113842,0.032411,0.156841,0.023579,0.061927,0.054897,0.159224,0.011153,,1703500,,
1,1,,0.044271,0.3687,0.074411,0.048581,0.077275,0.008897,0.01961,0.115357,0.218377,0.024521,,1702400,,
1,1,,0.042345,0.334573,0.05805,0.094375,0.061941,0.053761,0.021255,0.129886,0.128092,0.075722,,1714800,,
1,1,,0.012197,0.344557,0.102519,0.03224,0.155704,0.033204,0.101991,0.043889,0.165344,0.008356,,1700900,,
1,1,,0.011579,0.353031,0.100035,0.032507,0.164803,0.027969,0.113555,0.038628,0.150241,0.007653,,1703200,,
1,1,,0.009563,0.288687,0.19565,0.060892,0.061273,0.067799,0.081558,0.055754,0.143641,0.035183,,1727700,,
1,1,,0.005341,0.220147,0.171709,0.203139,0.038315,0.088484,0.004663,0.078926,0.049932,0.139343,,1706900,,
1,1,,0.02283,0.362336,0.124003,0.063799,0.07877,0.038553,0.064001,0.088495,0.126049,0.031164,,1700500,,
1,5,,0.007789,0.116497,0.124425,0.15409,0.029821,0.286794,0.047599,0.068755,0.040405,0.123825,,1703800,,
1,1,,0.059044,0.346299,0.083811,0.03727,0.073392,0.022254,0.030069,0.072714,0.256746,0.0184,,1706800,,
1,1,,0.001545,0.337784,0.140729,0.162899,0.023427,0.099488,0.01244,0.071056,0.05309,0.097542,,1703000,,
1,1,,0.03617,0.339335,0.100354,0.101354,0.04905,0.0599,0.017671,0.072197,0.126724,0.097244,,1701400,,
1,9,,0.014164,0.211033,0.091929,0.16773,0.033205,0.097299,0.00532,0.074521,0.056735,0.248064,,1703200,,
1,1,,0.003831,0.21413,0.100716,0.21229,0.026186,0.126009,0.015382,0.057557,0.050709,0.19319,,1690200,,
1,1,,0.005646,0.289739,0.102652,0.154,0.026977,0.131762,0.022512,0.068379,0.057314,0.141018,,1726300,,
1,1,,0.042605,0.307576,0.074136,0.088123,0.075149,0.061418,0.039192,0.073901,0.136352,0.101548,,1705900,,
1,1,,0.017483,0.300595,0.126134,0.032857,0.152663,0.046613,0.080684,0.047421,0.185192,0.010359,,1704600,,
1,1,,0.034538,0.347403,0.076158,0.138267,0.044994,0.08327,0.005181,0.085992,0.080115,0.104081,,1708200,,
1,1,,0.010575,0.369917,0.103314,0.052622,0.10433,0.044466,0.095394,0.048713,0.142526,0.028141,,1703900,,
1,1,,0.037974,0.340183,0.066259,0.139563,0.046817,0.0831,0.004815,0.09263,0.07969,0.10897,,1726300,,
1,1,,0.012004,0.300708,0.102223,0.161159,0.028812,0.085227,0.021052,0.086968,0.059949,0.141898,,1764600,,
1,1,,0.004706,0.2526,0.143682,0.119233,0.044607,0.143189,0.027854,0.086773,0.053659,0.123699,,1707100,,
1,1,,0.042989,0.282962,0.068559,0.132023,0.056672,0.083042,0.005771,0.114642,0.086744,0.126597,,1702700,,
1,1,,0.042671,0.352906,0.056198,0.116239,0.056111,0.054358,0.021128,0.096037,0.129017,0.075335,,1708300,,
1,1,,0.044481,0.355705,0.041217,0.039739,0.103271,0.019781,0.022687,0.151036,0.197032,0.025051,,1707100,,
1,1,,0.049791,0.289149,0.097685,0.032201,0.132053,0.042941,0.155342,0.02924,0.163005,0.008593,,1702800,,
1,5,,0.005434,0.157694,0.138457,0.139288,0.055878,0.161385,0.148674,0.067722,0.036246,0.089222,,1699300,,
1,1,,0.030362,0.338789,0.087365,0.066587,0.132293,0.057973,0.037973,0.058056,0.140097,0.050504,,1704400,,
1,6,,0.09318,0.163952,0.076754,0.030973,0.140795,0.090823,0.226369,0.092333,0.075827,0.008995,,1705000,,
1,1,,0.044011,0.343822,0.079923,0.04298,0.056711,0.012576,0.032853,0.089973,0.250012,0.04714,,1705100,,
1,1,,0.029516,0.322607,0.125174,0.072601,0.072775,0.062457,0.04256,0.086339,0.145617,0.040354,,1719300,,
1,1,,0.03195,0.285492,0.081824,0.141328,0.039715,0.094013,0.000826,0.096829,0.074821,0.153203,,1708300,,
1,1,,0.038301,0.298937,0.080264,0.144057,0.055093,0.082675,0.005551,0.110837,0.073641,0.110644,,1707100,,
1,1,,0.038368,0.297651,0.084852,0.1469,0.046563,0.103265,0.004894,0.091851,0.077036,0.108622,,1712200,,
1,1,,0.002243,0.338675,0.158554,0.121972,0.024812,0.10177,0.00235,0.075409,0.068465,0.10575,,1704800,,
1,1,,0.010562,0.314565,0.192805,0.066365,0.037224,0.041033,0.024272,0.060154,0.195113,0.057907,,1701200,,
1,1,,0.000815,0.350036,0.127805,0.114362,0.037215,0.072351,0.006635,0.130372,0.082747,0.077663,,1702800,,
1,1,,0.012078,0.298569,0.104622,0.129716,0.041136,0.091432,0.002255,0.081086,0.073772,0.165333,,1704100,,
1,1,,0.023709,0.32874,0.084916,0.143742,0.061993,0.093499,0.027446,0.079608,0.056338,0.100009,,1699400,,
1,1,,0.055957,0.309882,0.073876,0.070398,0.061013,0.027727,0.027752,0.106201,0.209778,0.057415,,1707100,,
1,6,,0.103885,0.172271,0.044616,0.025937,0.212978,0.086706,0.213077,0.064528,0.067818,0.008185,,1732000,,
2,2,,0.009562,0.158777,0.307146,0.109629,0.037594,0.051598,0.077817,0.097944,0.104061,0.045871,,1707100,,
2,2,,0.038853,0.08999,0.225109,0.137615,0.033009,0.124171,0.010941,0.073156,0.053269,0.213886,,1701000,,
2,2,,0.001231,0.109243,0.376048,0.146718,0.0208,0.109984,0.002744,0.092858,0.043045,0.097329,,1703100,,
2,2,,0.049434,0.123819,0.265613,0.055159,0.049255,0.016177,0.024216,0.128517,0.256891,0.030918,,1703100,,
2,2,,0.033903,0.176871,0.281745,0.099496,0.028006,0.042768,0.082426,0.055082,0.184954,0.014749,,1703400,,
2,2,,0.035452,0.094497,0.29069,0.152298,0.029813,0.091738,0.005953,0.119165,0.046649,0.133744,,1706100,,
2,2,,0.036536,0.088994,0.28454,0.138737,0.062316,0.091779,0.01088,0.11391,0.051695,0.120613,,1706600,,
2,2,,0.020084,0.098307,0.341313,0.056174,0.03739,0.040205,0.051277,0.136842,0.190175,0.028233,,1731700,,
2,2,,0.006832,0.154933,0.357556,0.073018,0.040063,0.033434,0.051679,0.097386,0.139419,0.045681,,1710800,,
2,2,,0.011129,0.146502,0.40622,0.072854,0.029151,0.017979,0.09852,0.054753,0.150539,0.012353,,1702900,,
2,2,,0.002413,0.113796,0.349493,0.134181,0.028549,0.097767,0.041469,0.10175,0.03504,0.095542,,1702500,,
2,6,,0.071057,0.111817,0.20518,0.047137,0.069076,0.107554,0.214204,0.04817,0.1026,0.023204,,1702900,,
2,2,,0.019389,0.102644,0.3135,0.085813,0.022186,0.072475,0.054632,0.117574,0.172672,0.039116,,1707700,,
2,2,,0.002863,0.124287,0.353672,0.123477,0.024823,0.113391,0.021714,0.081239,0.043559,0.110976,,1703500,,
2,2,,0.003186,0.107011,0.352738,0.160654,0.027913,0.098559,0.021792,0.086194,0.036195,0.105757,,1708400,,
2,2,,0.078458,0.128638,0.269208,0.047277,0.058527,0.050007,0.20812,0.035027,0.116976,0.007761,,1703600,,
2,2,,0.004205,0.104514,0.29208,0.138893,0.045941,0.116694,0.025779,0.106363,0.062339,0.103192,,1721200,,
2,2,,0.004192,0.106968,0.417581,0.151477,0.023535,0.083867,0.003629,0.078591,0.035938,0.094222,,1708600,,
2,2,,0.039534,0.146707,0.175332,0.150078,0.072147,0.088453,0.011802,0.137348,0.057508,0.12109,,1701200,,
2,2,,0.002471,0.121584,0.364729,0.113913,0.037374,0.086614,0.017621,0.085485,0.079954,0.090255,,1717300,,
2,2,,0.007558,0.116606,0.373414,0.108529,0.038616,0.063423,0.06619,0.095893,0.067537,0.062235,,1728600,,
2,2,,0.006339,0.142218,0.222326,0.125182,0.063359,0.109097,0.019004,0.0995,0.102591,0.110385,,1733500,,
2,2,,0.030203,0.085802,0.305285,0.093293,0.035708,0.018162,0.051722,0.126851,0.216308,0.036666,,1732200,,
2,2,,0.017131,0.098333,0.229076,0.161449,0.034882,0.118394,0.010955,0.136286,0.056894,0.1366,,1715000,,
2,2,,0.009281,0.213087,0.313249,0.058058,0.041111,0.019237,0.082447,0.089904,0.160199,0.013428,,1712100,,
2,2,,0.002724,0.115837,0.365654,0.125278,0.037066,0.101404,0.021578,0.071133,0.046833,0.112495,,1730800,,
2,2,,0.027226,0.15579,0.407165,0.059877,0.025815,0.015346,0.096461,0.036357,0.163089,0.012874,,1706100,,
2,2,,0.009484,0.16837,0.378013,0.062081,0.027955,0.023562,0.116692,0.045803,0.15662,0.01142,,1705900,,
2,2,,0.01801,0.074998,0.337064,0.062228,0.048037,0.083689,0.050524,0.093837,0.161888,0.069726,,1705400,,
2,2,,0.018543,0.102553,0.222054,0.149318,0.056378,0.091456,0.009461,0.178266,0.056639,0.115333,,1705500,,
2,9,,0.039714,0.086265,0.193396,0.145854,0.037379,0.100699,0.01068,0.085645,0.052277,0.248091,,1694000,,
2,3,,0.033073,0.153239,0.185024,0.185386,0.051665,0.098011,0.00533,0.100485,0.069443,0.118343,,1703700,,
2,2,,0.041231,0.147727,0.284649,0.107164,0.041767,0.055071,0.105827,0.057843,0.122475,0.036247,,1704300,,
2,2,,0.021355,0.085432,0.311991,0.118692,0.039246,0.116459,0.057507,0.09914,0.087587,0.062589,,1707800,,
2,2,,0.037111,0.099486,0.269721,0.103289,0.032674,0.130955,0.111481,0.068988,0.055044,0.091252,,1733900,,
2,2,,0.006045,0.167834,0.275447,0.103439,0.039106,0.096933,0.034808,0.0673,0.110004,0.099084,,1712000,,
2,2,,0.001568,0.105461,0.385295,0.167651,0.021336,0.082768,0.023016,0.086889,0.032263,0.093751,,1704400,,
2,2,,0.002146,0.160844,0.332042,0.117661,0.037276,0.088682,0.05212,0.075077,0.058863,0.075289,,1707500,,
2,2,,0.052595,0.074561,0.273889,0.103715,0.040308,0.114293,0.12238,0.079704,0.05417,0.084387,,1707200,,
2,2,,0.041278,0.181605,0.296222,0.048394,0.02756,0.019101,0.044653,0.062607,0.232928,0.045652,,1708200,,
2,2,,0.017471,0.180818,0.295064,0.066863,0.051181,0.041472,0.092314,0.05831,0.177008,0.019499,,1710600,,
2,2,,0.005636,0.103893,0.366849,0.140474,0.025974,0.116013,0.003437,0.089309,0.041244,0.107172,,1715100,,
2,2,,0.002262,0.121505,0.366347,0.110487,0.03891,0.087255,0.028347,0.067948,0.070976,0.105964,,1733200,,
2,2,,0.008336,0.109332,0.267947,0.123203,0.027366,0.170101,0.058366,0.087465,0.041192,0.106691,,1698000,,
2,2,,0.004497,0.102247,0.311743,0.188873,0.039075,0.113287,0.023141,0.080121,0.033805,0.103211,,1797000,,
2,2,,0.001153,0.111617,0.409288,0.132797,0.034605,0.081181,0.004414,0.079386,0.045104,0.100455,,1712100,,
2,2,,0.048656,0.166571,0.282912,0.057958,0.089447,0.021635,0.086344,0.043775,0.190876,0.011827,,1711400,,
2,2,,0.001362,0.106432,0.40826,0.150429,0.019888,0.084735,0.004003,0.088268,0.044354,0.09227,,1704700,,
2,2,,0.001153,0.119951,0.397622,0.132797,0.036271,0.082847,0.004414,0.079386,0.045104,0.100455,,1714900,,
2,2,,0.058965,0.104764,0.239202,0.102654,0.099289,0.043105,0.180245,0.0232,0.137134,0.011442,,1706600,,
2,9,,0.023653,0.089962,0.064224,0.203235,0.03628,0.124362,0.007983,0.07391,0.03945,0.336939,,1708300,,
2,2,,0.004578,0.113422,0.385876,0.145904,0.027387,0.087504,0.00342,0.10162,0.035742,0.094549,,1743300,,
2,2,,0.041645,0.182658,0.303118,0.059137,0.045732,0.040975,0.104546,0.042221,0.170261,0.009708,,1705600,,
2,2,,0.001953,0.10636,0.381367,0.162078,0.025188,0.086405,0.021696,0.089918,0.030955,0.094079,,1702100,,
2,2,,0.03293,0.202061,0.300894,0.05514,0.062497,0.033395,0.081945,0.047223,0.156684,0.027231,,1699400,,
2,2,,0.009028,0.217534,0.320924,0.067765,0.038624,0.014224,0.108086,0.047851,0.16163,0.014334,,1709300,,
2,2,,0.019355,0.153637,0.387524,0.054788,0.035915,0.017688,0.142866,0.033981,0.145782,0.008465,,1700800,,
2,3,,0.008077,0.120734,0.196528,0.246368,0.031376,0.127697,0.022745,0.070713,0.039655,0.136108,,1710700,,
2,2,,0.068167,0.083376,0.24257,0.085767,0.055812,0.095755,0.194108,0.062956,0.072154,0.039335,,1703500,,
2,2,,0.007905,0.120525,0.325204,0.085549,0.027045,0.059195,0.034339,0.085473,0.188901,0.065864,,1709700,,
2,2,,0.001413,0.147803,0.355844,0.136307,0.033305,0.083086,0.034663,0.079487,0.039404,0.088688,,1733800,,
2,2,,0.018031,0.099485,0.282873,0.199225,0.02843,0.076019,0.046188,0.084436,0.118023,0.04729,,1704200,,
2,2,,0.002716,0.176023,0.285018,0.121396,0.038035,0.097522,0.037479,0.06758,0.049908,0.124323,,1703000,,
2,2,,0.007996,0.097741,0.396371,0.103911,0.035817,0.065666,0.066847,0.087126,0.073352,0.065173,,1702500,,
2,9,,0.01885,0.134057,0.125944,0.130844,0.040544,0.127273,0.00761,0.081717,0.075043,0.258117,,1702900,,
2,2,,0.016463,0.182004,0.245014,0.053672,0.08243,0.02629,0.111353,0.121016,0.154349,0.007407,,1707500,,
2,2,,0.001756,0.116106,0.365516,0.160127,0.037501,0.070737,0.048217,0.077012,0.049632,0.073398,,1701700,,
2,2,,0.09882,0.082496,0.289835,0.048193,0.067485,0.044377,0.257954,0.024388,0.076746,0.009705,,1703500,,
2,2,,0.008436,0.137409,0.324978,0.090558,0.041175,0.068031,0.078924,0.057073,0.121674,0.071742,,1708000,,
2,2,,0.009708,0.119985,0.240263,0.223967,0.02901,0.088982,0.003817,0.124708,0.043009,0.11655,,1711200,,
2,6,,0.108156,0.098549,0.197549,0.059312,0.107095,0.070222,0.204824,0.03593,0.1104,0.007962,,1700500,,
2,6,,0.133925,0.063043,0.169872,0.042267,0.100871,0.063282,0.334169,0.015216,0.071008,0.006348,,1711000,,
2,2,,0.020837,0.083486,0.262658,0.12747,0.049994,0.106987,0.024084,0.100655,0.066606,0.157224,,1702500,,
2,2,,0.006941,0.145314,0.302357,0.123953,0.037892,0.085882,0.07773,0.08189,0.07978,0.058261,,1705500,,
2,2,,0.008863,0.224616,0.305281,0.075162,0.049984,0.020462,0.069435,0.075797,0.153374,0.017025,,1702000,,
2,2,,0.007944,0.091894,0.333608,0.116958,0.041798,0.078605,0.119552,0.063516,0.082534,0.06359,,1707100,,
2,2,,0.01702,0.158282,0.383991,0.073769,0.031923,0.017326,0.10608,0.046735,0.153112,0.011761,,1702600,,
2,2,,0.017854,0.126803,0.195169,0.128067,0.048535,0.127729,0.008742,0.100386,0.063501,0.183214,,1705400,,
2,2,,0.001811,0.116022,0.38059,0.133621,0.035231,0.08299,0.021775,0.097065,0.039162,0.091735,,1729800,,
2,2,,0.04409,0.118167,0.270795,0.07308,0.051578,0.012842,0.037543,0.11517,0.240552,0.036183,,1702700,,
2,2,,0.067914,0.137063,0.278397,0.044708,0.06672,0.038187,0.092788,0.078655,0.166175,0.029391,,1709900,,
2,2,,0.002358,0.097157,0.43049,0.118694,0.034708,0.070578,0.05387,0.065994,0.051635,0.074514,,1704000,,
2,2,,0.0793,0.108194,0.296859,0.054203,0.056484,0.033436,0.221271,0.03742,0.102258,0.010574,,1713900,,
2,2,,0.04652,0.086291,0.278624,0.150527,0.032189,0.102457,0.04094,0.103043,0.056416,0.102994,,1705100,,
2,2,,0.0191,0.102273,0.381535,0.094805,0.025233,0.055909,0.066776,0.078481,0.161891,0.013996,,1700200,,
2,2,,0.059894,0.128313,0.335741,0.05411,0.083473,0.0194,0.158815,0.034064,0.113287,0.012903,,1705900,,
2,2,,0.005811,0.124504,0.325331,0.153596,0.024899,0.093563,0.00826,0.087079,0.05159,0.125368,,1705700,,
2,2,,0.01806,0.110198,0.340018,0.093848,0.034053,0.040577,0.041894,0.10499,0.185115,0.031248,,1705600,,
2,2,,0.002939,0.095186,0.388008,0.154105,0.021514,0.096652,0.021929,0.079926,0.035565,0.104176,,1698800,,
2,2,,0.001971,0.103914,0.401379,0.133893,0.037019,0.093288,0.022348,0.073666,0.041366,0.091156,,1703800,,
2,9,,0.012229,0.104155,0.166034,0.163337,0.048255,0.14279,0.010206,0.095265,0.048937,0.208793,,1706900,,
2,2,,0.074063,0.105283,0.24438,0.073271,0.088979,0.065118,0.164837,0.027829,0.144383,0.011857,,1708200,,
2,2,,0.004121,0.118792,0.399067,0.13359,0.036766,0.08403,0.004473,0.093979,0.035407,0.089775,,1711700,,
2,2,,0.002724,0.144284,0.335108,0.124346,0.024961,0.115072,0.040518,0.061131,0.047922,0.103934,,1708900,,
2,2,,0.015086,0.091787,0.285793,0.156524,0.038882,0.126682,0.003143,0.114052,0.050119,0.117934,,1712600,,
2,2,,0.002724,0.14217,0.328987,0.121278,0.038733,0.09707,0.026578,0.091133,0.046833,0.104495,,1729600,,
2,2,,0.027226,0.108267,0.396541,0.095557,0.044478,0.034522,0.097739,0.047183,0.13519,0.013296,,1702500,,
2,2,,0.060675,0.121333,0.300133,0.0773,0.046051,0.049167,0.137983,0.026101,0.164456,0.0168,,1711000,,
2,2,,0.051964,0.12596,0.323169,0.090105,0.038169,0.029211,0.116792,0.049204,0.156554,0.018872,,1707500,,
2,2,,0.034876,0.179617,0.268068,0.049534,0.055982,0.047965,0.126616,0.076415,0.15245,0.008477,,1705200,,
2,2,,0.004199,0.13037,0.34099,0.139499,0.030339,0.111362,0.025876,0.067559,0.043357,0.106451,,1704500,,
2,2,,0.017157,0.089721,0.236915,0.16154,0.051634,0.097987,0.010372,0.152726,0.048574,0.133373,,1707400,,
2,2,,0.016503,0.150849,0.410246,0.052614,0.029292,0.014159,0.128548,0.036979,0.149195,0.011615,,1708200,,
2,2,,0.051224,0.105577,0.234377,0.154893,0.032871,0.097592,0.009091,0.112386,0.046981,0.155008,,1709600,,
2,2,,0.002146,0.16046,0.254786,0.150591,0.023601,0.119417,0.032386,0.066112,0.074374,0.116128,,1734200,,
2,2,,0.045479,0.080366,0.309849,0.148744,0.024522,0.108787,0.040561,0.091411,0.037516,0.112765,,1706800,,
2,2,,0.001887,0.104071,0.41876,0.158451,0.020763,0.083091,0.021984,0.069057,0.030934,0.091002,,1705100,,
2,2,,0.026129,0.151685,0.344278,0.103871,0.026886,0.042992,0.087701,0.046247,0.134159,0.036053,,1700100,,
2,2,,0.003546,0.103891,0.33239,0.132517,0.034214,0.112677,0.075097,0.07932,0.034007,0.09234,,1699100,,
2,2,,0.00982,0.1311,0.361629,0.096823,0.038961,0.060312,0.024055,0.092062,0.101317,0.083922,,1703600,,
2,2,,0.045995,0.099589,0.320376,0.14047,0.033638,0.117303,0.021164,0.083818,0.034965,0.102681,,1721900,,
2,2,,0.062291,0.147709,0.253737,0.054559,0.046834,0.017187,0.058085,0.111516,0.218751,0.029332,,1721700,,
3,3,,0.037372,0.116439,0.087867,0.236163,0.044707,0.042168,0.068362,0.09554,0.178061,0.093322,,1708600,,
3,3,,0.00675,0.136952,0.066736,0.317811,0.044964,0.110434,0.008161,0.1292,0.038164,0.140826,,1727800,,
3,3,,0.043527,0.111162,0.075791,0.35852,0.047425,0.063704,0.065026,0.070351,0.07605,0.088443,,1706600,,
3,8,,0.037401,0.115321,0.102036,0.177003,0.061232,0.053412,0.042208,0.155217,0.216258,0.039911,,1702400,,
3,3,,0.002365,0.108341,0.108349,0.427505,0.02805,0.103546,0.004132,0.066549,0.03913,0.112033,,1703000,,
3,3,,0.002274,0.099614,0.090508,0.441579,0.020898,0.118584,0.001452,0.073674,0.03826,0.113157,,1707900,,
3,3,,0.026568,0.118748,0.085776,0.351486,0.0382,0.109905,0.007543,0.102614,0.043173,0.115985,,1700100,,
3,3,,0.013419,0.095672,0.095521,0.331943,0.029049,0.107267,0.012119,0.086781,0.048284,0.179945,,1708500,,
3,3,,0.00237,0.095985,0.091038,0.429669,0.025986,0.123682,0.000879,0.068528,0.037062,0.124803,,1700900,,
3,3,,0.021684,0.105747,0.100964,0.3022,0.066807,0.10568,0.016258,0.088279,0.089376,0.103004,,1706900,,
3,3,,0.014414,0.085701,0.074786,0.378798,0.033482,0.130158,0.005284,0.079854,0.065656,0.131868,,1703500,,
3,3,,0.012984,0.095386,0.100699,0.369443,0.03132,0.087474,0.025811,0.086127,0.042023,0.148732,,1703100,,
3,3,,0.012713,0.128284,0.1223,0.259427,0.031728,0.104802,0.004307,0.127774,0.050118,0.158547,,1701800,,
3,3,,0.012695,0.106422,0.084655,0.357076,0.027293,0.119824,0.003502,0.095517,0.054726,0.13829,,1702000,,
3,3,,0.045203,0.143318,0.101879,0.19433,0.058081,0.093321,0.007004,0.18302,0.070588,0.103256,,1704300,,
3,8,,0.065559,0.188365,0.114544,0.149885,0.037782,0.080903,0.01405,0.109632,0.189015,0.050265,,1701300,,
3,3,,0.002186,0.149073,0.121275,0.336512,0.020493,0.13299,0.001679,0.080511,0.044137,0.111144,,1707000,,
3,3,,0.007924,0.096103,0.06883,0.390894,0.027062,0.103759,0.003233,0.100565,0.033676,0.167954,,1721100,,
3,3,,0.017988,0.088753,0.087969,0.360796,0.035736,0.092751,0.005422,0.128831,0.041298,0.140455,,1731400,,
3,3,,0.0044,0.116218,0.105754,0.308588,0.05329,0.113615,0.045155,0.070126,0.037553,0.145301,,1711000,,
3,3,,0.009198,0.10095,0.094844,0.369979,0.039477,0.117915,0.043483,0.079196,0.043581,0.101378,,1706200,,
3,3,,0.012579,0.160494,0.095069,0.340553,0.02545,0.087121,0.000984,0.07839,0.050943,0.148417,,1711600,,
3,8,,0.06679,0.095576,0.097343,0.159109,0.060175,0.071459,0.076476,0.136113,0.176324,0.060636,,1708600,,
3,8,,0.05973,0.132293,0.060992,0.154328,0.049147,0.078065,0.056602,0.059074,0.215179,0.13459,,1706100,,
3,3,,0.006335,0.103527,0.085099,0.370569,0.028257,0.099133,0.006449,0.075092,0.044911,0.180629,,1699800,,
3,3,,0.012566,0.133028,0.095002,0.334266,0.029618,0.087475,0.001053,0.109286,0.053138,0.144567,,1699200,,
3,3,,0.116268,0.085313,0.086395,0.314996,0.036029,0.054488,0.038988,0.048513,0.082768,0.136241,,1729100,,
3,9,,0.017658,0.159658,0.145624,0.157958,0.064377,0.109019,0.005272,0.105227,0.066123,0.169086,,1738600,,
3,3,,0.026581,0.164611,0.106317,0.219931,0.03443,0.117028,0.001588,0.122253,0.051742,0.155518,,1702600,,
3,9,,0.112337,0.080529,0.056656,0.223981,0.036683,0.073289,0.018992,0.059942,0.071416,0.266175,,1701000,,
3,3,,0.012626,0.123499,0.089757,0.345911,0.024967,0.098204,0.000205,0.114972,0.049112,0.140747,,1699400,,
3,3,,0.028309,0.14416,0.101173,0.336338,0.030823,0.101758,0.001604,0.083614,0.061231,0.11099,,1702200,,
3,3,,0.025129,0.125971,0.109871,0.301719,0.033379,0.106902,0.032091,0.085744,0.055005,0.124189,,1703600,,
3,3,,0.002201,0.158031,0.109216,0.310617,0.042993,0.097337,0.006014,0.118287,0.04122,0.114084,,1696900,,
3,3,,0.00579,0.105885,0.103421,0.409431,0.023742,0.104049,0.013182,0.073805,0.038994,0.121701,,1706400,,
3,3,,0.014876,0.162252,0.080896,0.237208,0.042345,0.101529,0.004999,0.140641,0.055991,0.159262,,1698900,,
3,5,,0.010111,0.106169,0.091627,0.129291,0.078479,0.27868,0.043556,0.061675,0.038397,0.162014,,1719800,,
3,3,,0.002215,0.111951,0.141603,0.392334,0.02055,0.094115,0.001976,0.068457,0.056303,0.110497,,1696600,,
3,3,,0.003057,0.099924,0.0906,0.447853,0.022919,0.099876,0.001646,0.068517,0.033409,0.1322,,1709400,,
3,3,,0.013073,0.085545,0.086717,0.333399,0.039039,0.103184,0.024959,0.105717,0.04568,0.162688,,1706200,,
