optical,Tuned_CWT,test,3,NANOSECONDS,PREDICTIONS, Generated by ClassifierExperiments.java on 2022-05-16 02:13:50.    SYSTEMPROPERTIES:{user.name:matth,os.arch:amd64,os.name:Windows 10},ENDSYSTEMPROPERTIES
No parameter info
0.899911426040744,2032441300,1949285500,-1,91878680,10,,-1,-1
0,0,,0.395657,0.036183,0.019338,0.017833,0.195477,0.029345,0.098873,0.065714,0.059278,0.082303,,2681900,,
0,4,,0.171241,0.110322,0.052473,0.029481,0.217221,0.055211,0.118436,0.061117,0.13088,0.053619,,2398000,,
0,0,,0.379768,0.034551,0.024547,0.035217,0.119973,0.017186,0.209534,0.084133,0.07458,0.020511,,1762700,,
0,0,,0.391747,0.031156,0.028438,0.025704,0.122921,0.026102,0.163281,0.075079,0.063026,0.072545,,1768400,,
0,0,,0.44154,0.035172,0.02327,0.034431,0.143907,0.042805,0.100068,0.07241,0.058683,0.047715,,1759600,,
0,0,,0.415808,0.032015,0.02027,0.035323,0.146273,0.040037,0.103829,0.075675,0.063092,0.067678,,1759200,,
0,0,,0.419163,0.032182,0.01834,0.043361,0.13443,0.051236,0.094011,0.066953,0.063387,0.076935,,1762200,,
0,0,,0.302479,0.05255,0.022139,0.01889,0.15202,0.03687,0.212874,0.060074,0.066524,0.07558,,1756500,,
0,0,,0.294251,0.037143,0.073138,0.086049,0.096511,0.100904,0.08762,0.068539,0.058775,0.09707,,1745000,,
0,0,,0.423279,0.031067,0.01786,0.019173,0.188675,0.02258,0.119359,0.074961,0.068433,0.034611,,1770700,,
0,0,,0.358686,0.03739,0.034828,0.051286,0.124743,0.044439,0.130425,0.066221,0.059625,0.092357,,1723800,,
0,0,,0.393597,0.034764,0.021946,0.018143,0.146033,0.038895,0.087974,0.146918,0.091233,0.020496,,1720800,,
0,0,,0.277894,0.081511,0.052865,0.028044,0.130934,0.044773,0.090288,0.060635,0.194013,0.039043,,1711500,,
0,0,,0.421237,0.03041,0.02334,0.025897,0.177878,0.040435,0.105591,0.072461,0.055728,0.047023,,1703400,,
0,0,,0.283606,0.036244,0.021331,0.011375,0.251471,0.059575,0.124972,0.107481,0.063734,0.040211,,1725700,,
0,0,,0.341204,0.031806,0.023729,0.044025,0.114003,0.025344,0.203448,0.060041,0.063946,0.092454,,1710900,,
0,0,,0.419748,0.040789,0.021403,0.02076,0.153247,0.02921,0.110858,0.068448,0.071453,0.064086,,1700400,,
0,0,,0.436537,0.039326,0.027916,0.028713,0.129945,0.029436,0.080292,0.079933,0.094585,0.053316,,1694100,,
0,0,,0.432241,0.029935,0.020084,0.02626,0.173906,0.035926,0.093488,0.07597,0.062413,0.049778,,1728600,,
0,0,,0.426602,0.029376,0.020243,0.044133,0.127406,0.040352,0.106459,0.07535,0.062861,0.067218,,1697200,,
0,0,,0.456208,0.031267,0.019987,0.025905,0.137575,0.026351,0.101358,0.081362,0.06728,0.052707,,1694300,,
0,0,,0.2985,0.058493,0.033084,0.021427,0.161794,0.071774,0.105086,0.061688,0.12268,0.065473,,1702700,,
0,0,,0.417866,0.03376,0.029319,0.039475,0.103677,0.041624,0.074867,0.074117,0.0712,0.114095,,1703900,,
0,0,,0.440447,0.032574,0.020111,0.02945,0.152773,0.036944,0.090858,0.076295,0.062644,0.057905,,1699700,,
0,0,,0.449406,0.032476,0.019969,0.025622,0.166945,0.027379,0.083849,0.077895,0.064572,0.051887,,1702000,,
0,0,,0.385201,0.036109,0.035667,0.052627,0.124456,0.081675,0.10401,0.068646,0.059491,0.052118,,1697700,,
0,0,,0.4375,0.030433,0.020016,0.0316,0.11123,0.024866,0.139661,0.080743,0.071079,0.052873,,1698400,,
0,0,,0.375383,0.032838,0.025865,0.03777,0.120841,0.033207,0.111645,0.074185,0.071526,0.11674,,1728600,,
0,0,,0.371673,0.035217,0.017814,0.035838,0.189004,0.019799,0.126852,0.076489,0.073094,0.05422,,1693600,,
0,0,,0.380778,0.031191,0.018064,0.024988,0.175166,0.031974,0.156447,0.072364,0.0666,0.042429,,1701200,,
0,0,,0.398648,0.04118,0.015686,0.024698,0.158834,0.051009,0.082813,0.066097,0.085071,0.075964,,1697500,,
0,0,,0.426905,0.032599,0.020173,0.035437,0.133435,0.047439,0.120936,0.075298,0.062739,0.045038,,1695500,,
0,0,,0.442566,0.036503,0.023221,0.028032,0.133247,0.046353,0.090858,0.077539,0.068596,0.053086,,1685400,,
0,0,,0.316138,0.036289,0.040008,0.111769,0.107368,0.054023,0.082705,0.068516,0.059266,0.123918,,1701500,,
0,0,,0.419988,0.036977,0.023094,0.031191,0.130304,0.050057,0.105234,0.076326,0.064617,0.062212,,1701800,,
0,0,,0.421758,0.0326,0.018169,0.023123,0.117575,0.030351,0.081358,0.072271,0.06728,0.135514,,1720400,,
0,0,,0.426602,0.029376,0.020243,0.032133,0.167406,0.039019,0.106459,0.07535,0.062861,0.040551,,1694700,,
0,0,,0.424006,0.033224,0.020252,0.043041,0.135643,0.031732,0.10632,0.072207,0.065384,0.068191,,1700600,,
0,0,,0.379594,0.035826,0.024266,0.027688,0.215951,0.026563,0.098873,0.076049,0.062372,0.052817,,1696200,,
0,0,,0.32954,0.034542,0.050528,0.137296,0.098044,0.029687,0.075624,0.082469,0.062971,0.0993,,1695000,,
0,0,,0.356189,0.037023,0.026402,0.034152,0.179164,0.037634,0.100033,0.073569,0.058449,0.097384,,1699000,,
0,0,,0.431841,0.030683,0.020367,0.035678,0.142604,0.049612,0.115959,0.070282,0.058225,0.044748,,1695800,,
0,0,,0.420263,0.045833,0.032113,0.034074,0.106886,0.030659,0.078711,0.078489,0.070243,0.102729,,1699600,,
0,0,,0.425194,0.033191,0.02179,0.018759,0.138259,0.018581,0.14423,0.073658,0.071753,0.054585,,1695100,,
0,0,,0.38853,0.036949,0.021525,0.025464,0.147442,0.046946,0.08921,0.070853,0.077029,0.096052,,1720100,,
0,0,,0.262523,0.046874,0.04927,0.130563,0.071405,0.085122,0.051866,0.076303,0.054843,0.171231,,1702900,,
0,0,,0.324583,0.031623,0.022202,0.028927,0.175631,0.033753,0.179498,0.074805,0.060949,0.068029,,1695500,,
0,0,,0.436208,0.031267,0.019987,0.025905,0.157575,0.026351,0.081358,0.081362,0.06728,0.072707,,1701900,,
0,0,,0.374295,0.035114,0.020362,0.01374,0.162325,0.034604,0.173733,0.075967,0.06928,0.040579,,1700100,,
0,0,,0.470801,0.031197,0.019917,0.026577,0.137471,0.023924,0.091924,0.081362,0.069279,0.047548,,1699500,,
0,0,,0.219603,0.062628,0.058774,0.06431,0.142791,0.162875,0.116296,0.06073,0.04747,0.064522,,1701000,,
0,0,,0.437554,0.033434,0.018042,0.017481,0.179605,0.021532,0.081479,0.085604,0.067539,0.05773,,1702700,,
0,0,,0.309172,0.054704,0.045358,0.040832,0.142456,0.055228,0.093842,0.076937,0.1166,0.064868,,1704700,,
0,0,,0.444537,0.039326,0.027916,0.028713,0.129945,0.029436,0.080292,0.079933,0.086585,0.053316,,1719200,,
0,0,,0.364286,0.032909,0.033172,0.075221,0.141811,0.049537,0.09177,0.08341,0.064977,0.062907,,1698900,,
0,0,,0.407563,0.032522,0.019785,0.031905,0.118835,0.042399,0.164317,0.086847,0.071467,0.024358,,1710900,,
0,0,,0.28133,0.060494,0.052448,0.044798,0.096668,0.132833,0.114503,0.070703,0.102658,0.043565,,1687000,,
0,0,,0.456208,0.033489,0.019987,0.028127,0.137575,0.028573,0.081358,0.081362,0.06728,0.066041,,1700800,,
0,0,,0.409624,0.036444,0.018039,0.026316,0.130633,0.030842,0.101909,0.075827,0.095414,0.074953,,1704000,,
0,0,,0.192252,0.099193,0.070699,0.09541,0.090738,0.044472,0.051796,0.158965,0.061894,0.134581,,1701200,,
0,0,,0.386434,0.03048,0.029483,0.029418,0.128015,0.036684,0.171052,0.072895,0.057796,0.057742,,1697500,,
0,0,,0.324957,0.064393,0.021567,0.0143,0.15365,0.014244,0.164271,0.10985,0.079164,0.053604,,1709800,,
0,0,,0.326815,0.03857,0.054121,0.091245,0.092863,0.064773,0.077193,0.078597,0.068672,0.107153,,1732300,,
0,0,,0.390734,0.036154,0.028316,0.049725,0.118386,0.082075,0.090699,0.069648,0.077018,0.057244,,1702100,,
0,0,,0.400219,0.032356,0.030675,0.042286,0.146921,0.03015,0.078778,0.073441,0.067518,0.097655,,1700100,,
0,0,,0.375657,0.031897,0.019338,0.017833,0.175477,0.046488,0.118873,0.065714,0.056421,0.092303,,1704800,,
0,0,,0.376425,0.040313,0.028102,0.042215,0.121739,0.079605,0.093736,0.072155,0.070493,0.075215,,1698500,,
0,0,,0.381109,0.045604,0.04121,0.060986,0.110884,0.054976,0.088443,0.07196,0.069792,0.075037,,1699100,,
0,0,,0.42635,0.030544,0.027989,0.041517,0.132086,0.026509,0.081464,0.076336,0.064559,0.092645,,1701300,,
0,0,,0.391714,0.031005,0.024825,0.031125,0.183197,0.043496,0.147342,0.064968,0.048738,0.03359,,1701900,,
0,0,,0.385222,0.032504,0.018223,0.018849,0.172669,0.043851,0.101424,0.067204,0.072644,0.087411,,1704200,,
0,0,,0.231217,0.097062,0.079631,0.066641,0.061248,0.089094,0.064171,0.072384,0.163656,0.074895,,1713500,,
0,0,,0.452447,0.032574,0.020111,0.02545,0.152773,0.026277,0.090858,0.076295,0.070644,0.052571,,1708500,,
0,0,,0.462901,0.032926,0.01769,0.017371,0.137957,0.019135,0.086015,0.104071,0.067598,0.054337,,1701000,,
0,0,,0.433019,0.031468,0.023983,0.045052,0.118761,0.064209,0.107798,0.071517,0.058007,0.046187,,1697300,,
0,0,,0.381302,0.034027,0.034412,0.04941,0.118456,0.041586,0.104472,0.067685,0.063004,0.105646,,1702800,,
0,0,,0.44456,0.030817,0.02231,0.044506,0.104,0.048719,0.127214,0.066933,0.068461,0.04248,,1697600,,
0,0,,0.356383,0.032838,0.025865,0.03777,0.140841,0.033207,0.111645,0.074185,0.071526,0.11574,,1704400,,
0,0,,0.268952,0.067096,0.05916,0.039528,0.147347,0.086242,0.122549,0.069375,0.111838,0.027912,,1702200,,
0,0,,0.404301,0.027983,0.025061,0.031649,0.151445,0.044616,0.14496,0.066718,0.048757,0.05451,,1701300,,
0,0,,0.397475,0.031897,0.021156,0.025105,0.215477,0.026488,0.098873,0.074805,0.056421,0.052303,,1699300,,
0,0,,0.420447,0.032574,0.020111,0.02545,0.192773,0.026277,0.090858,0.076295,0.062644,0.052571,,1699500,,
0,0,,0.429485,0.03588,0.019124,0.023337,0.13177,0.046945,0.079711,0.074677,0.067713,0.091359,,1700800,,
0,0,,0.398629,0.032574,0.018292,0.018177,0.172773,0.046277,0.130858,0.067204,0.062644,0.052571,,1698400,,
0,0,,0.40299,0.035311,0.028554,0.03774,0.101174,0.065144,0.127214,0.07408,0.066175,0.061618,,1706600,,
0,0,,0.416509,0.053946,0.022529,0.021215,0.138049,0.046427,0.081358,0.073516,0.073231,0.073222,,1696100,,
0,0,,0.383966,0.039671,0.020366,0.01188,0.205281,0.034181,0.097807,0.102298,0.064463,0.040088,,1703900,,
0,0,,0.353411,0.027782,0.024894,0.035821,0.137168,0.076409,0.172865,0.06502,0.04886,0.05777,,1699900,,
0,0,,0.427508,0.031267,0.02214,0.025766,0.146151,0.023742,0.081358,0.09421,0.080509,0.06735,,1725600,,
0,0,,0.239108,0.079023,0.047418,0.034332,0.178841,0.046151,0.100005,0.084838,0.133021,0.057263,,1705500,,
0,0,,0.278974,0.052676,0.056327,0.130444,0.073925,0.075912,0.05536,0.07724,0.068488,0.130653,,1698100,,
0,0,,0.392049,0.035997,0.036024,0.056569,0.116821,0.058008,0.0881,0.071466,0.066299,0.078667,,1706100,,
0,0,,0.406434,0.03048,0.029483,0.025418,0.128015,0.026017,0.171052,0.072895,0.057796,0.052409,,1696900,,
0,0,,0.435054,0.033434,0.018042,0.039258,0.157105,0.032199,0.081479,0.087826,0.067539,0.048063,,1695600,,
0,0,,0.283749,0.042961,0.075272,0.127235,0.07839,0.075521,0.060593,0.07327,0.064447,0.118562,,1698000,,
0,0,,0.376645,0.03041,0.023668,0.025135,0.12845,0.025804,0.188958,0.072895,0.055698,0.072338,,1699100,,
0,0,,0.292273,0.065724,0.029693,0.033859,0.144123,0.024692,0.077379,0.143099,0.093015,0.096143,,1703400,,
0,0,,0.431569,0.030707,0.020146,0.035778,0.131075,0.040111,0.09433,0.080743,0.067727,0.067814,,1703800,,
0,0,,0.357952,0.034518,0.023514,0.014593,0.146105,0.013582,0.226163,0.070186,0.072542,0.040846,,1702800,,
0,0,,0.32017,0.058312,0.038282,0.044991,0.14758,0.051522,0.093647,0.066152,0.059299,0.120044,,1719300,,
0,0,,0.359262,0.036881,0.020496,0.013792,0.140407,0.014426,0.192278,0.101444,0.080617,0.040396,,1704300,,
0,0,,0.376913,0.033415,0.020631,0.025966,0.150218,0.048842,0.134035,0.074762,0.06479,0.070429,,1709600,,
0,0,,0.381389,0.039838,0.023404,0.011291,0.212539,0.026162,0.107047,0.116874,0.056717,0.024739,,1706700,,
0,0,,0.427602,0.030914,0.020243,0.041364,0.127406,0.043634,0.106459,0.07535,0.065938,0.061089,,1698200,,
0,0,,0.446379,0.032299,0.01998,0.025271,0.132927,0.021699,0.136188,0.076295,0.065996,0.042964,,1702500,,
0,0,,0.419315,0.036859,0.02398,0.025032,0.161897,0.02688,0.120033,0.074762,0.05894,0.052303,,1700900,,
0,0,,0.308486,0.04592,0.03681,0.046607,0.092308,0.112014,0.090404,0.06927,0.0935,0.10468,,1731000,,
0,0,,0.413599,0.037673,0.019893,0.035746,0.166472,0.024041,0.100479,0.086534,0.067121,0.048442,,1703800,,
0,0,,0.385572,0.03238,0.026403,0.031554,0.11729,0.021211,0.19838,0.076111,0.066842,0.044257,,1711500,,
0,0,,0.456208,0.031267,0.019987,0.029905,0.117575,0.037018,0.101358,0.081362,0.06728,0.058041,,1700500,,
0,0,,0.334999,0.027433,0.023138,0.01935,0.150466,0.051606,0.217574,0.051862,0.054009,0.069562,,1705400,,
1,1,,0.024306,0.313342,0.080087,0.095053,0.082798,0.094808,0.029921,0.080154,0.075756,0.123775,,1705800,,
1,1,,0.014593,0.31445,0.085685,0.095487,0.073299,0.128188,0.034716,0.079636,0.075257,0.098689,,1703700,,
1,1,,0.008073,0.278902,0.102351,0.1056,0.033959,0.107306,0.006283,0.080361,0.100352,0.176812,,1714500,,
1,1,,0.003337,0.304767,0.125157,0.100139,0.040153,0.158685,0.032469,0.06374,0.05693,0.114623,,1715300,,
1,9,,0.078858,0.160723,0.059835,0.117619,0.036485,0.103959,0.008442,0.076683,0.03857,0.318826,,1742300,,
1,1,,0.018422,0.268351,0.08349,0.115573,0.041214,0.104831,0.008472,0.08003,0.086386,0.193232,,1702400,,
1,1,,0.068374,0.305438,0.079483,0.030762,0.124433,0.025315,0.064298,0.067974,0.191505,0.04242,,1705100,,
1,1,,0.038405,0.245507,0.093003,0.053939,0.109221,0.113445,0.124043,0.051233,0.090533,0.08067,,1707200,,
1,1,,0.080819,0.270619,0.0745,0.029223,0.105634,0.014471,0.059015,0.118035,0.200553,0.04713,,1701300,,
1,1,,0.006848,0.288669,0.10988,0.109369,0.032538,0.128589,0.009789,0.079057,0.088156,0.147105,,1703800,,
1,1,,0.001827,0.278032,0.173026,0.109989,0.034282,0.124807,0.029714,0.121604,0.043619,0.0831,,1700800,,
1,1,,0.007467,0.252612,0.113674,0.088013,0.102321,0.186089,0.072485,0.05841,0.038034,0.080896,,1705100,,
1,1,,0.035332,0.293102,0.11475,0.129296,0.049198,0.042235,0.034472,0.079495,0.137243,0.084878,,1731900,,
1,1,,0.054128,0.247481,0.106128,0.01599,0.205582,0.070174,0.162884,0.03324,0.099038,0.005356,,1707700,,
1,1,,0.046631,0.286419,0.07416,0.106548,0.052515,0.095218,0.018815,0.093931,0.095905,0.129858,,1709800,,
1,1,,0.001827,0.271163,0.183161,0.111068,0.0292,0.127204,0.029714,0.08895,0.045828,0.111885,,1710200,,
1,1,,0.04211,0.251583,0.068352,0.117514,0.056793,0.113607,0.008419,0.079621,0.053147,0.208854,,1704500,,
1,1,,0.008034,0.229398,0.143205,0.135438,0.032724,0.08378,0.005885,0.108976,0.105743,0.146816,,1709800,,
1,1,,0.037646,0.284489,0.086024,0.053256,0.105323,0.073777,0.085313,0.08638,0.12571,0.062082,,1705400,,
1,1,,0.012761,0.278089,0.089343,0.088842,0.096962,0.148102,0.051354,0.064838,0.047865,0.121843,,1704700,,
1,1,,0.077456,0.293457,0.083731,0.061645,0.079244,0.039664,0.054075,0.072808,0.153647,0.084274,,1709400,,
1,1,,0.074459,0.255155,0.066269,0.033177,0.128672,0.016283,0.059117,0.120422,0.196231,0.050214,,1726100,,
1,1,,0.002053,0.259011,0.166787,0.115341,0.034836,0.108722,0.019847,0.125108,0.080164,0.088131,,1718100,,
1,1,,0.044848,0.276349,0.080319,0.119538,0.043522,0.085614,0.008851,0.108592,0.083301,0.149067,,1713500,,
1,1,,0.03231,0.282459,0.093251,0.049685,0.136112,0.109944,0.103718,0.049637,0.08603,0.056853,,1715600,,
1,1,,0.007905,0.263958,0.109147,0.139228,0.036355,0.13563,0.010127,0.064904,0.069854,0.162892,,1711700,,
1,0,,0.18462,0.147661,0.031986,0.06832,0.112567,0.053365,0.053924,0.098535,0.074247,0.174777,,1720300,,
1,1,,0.032323,0.251935,0.106782,0.186347,0.025985,0.105309,0.003111,0.080895,0.071865,0.135447,,1710000,,
1,1,,0.05877,0.310645,0.109402,0.02971,0.080842,0.032438,0.066565,0.070477,0.202739,0.038412,,1707600,,
1,1,,0.091129,0.294533,0.063763,0.040247,0.075814,0.039146,0.058538,0.060542,0.219492,0.056796,,1704600,,
1,9,,0.059938,0.182063,0.059382,0.124126,0.056466,0.100069,0.011101,0.082286,0.039898,0.284672,,1726300,,
1,1,,0.003562,0.3358,0.119649,0.096484,0.049958,0.166539,0.043114,0.057001,0.037691,0.090201,,1707300,,
1,1,,0.056968,0.259698,0.072939,0.109222,0.077239,0.090796,0.014203,0.099577,0.085265,0.134093,,1706700,,
1,9,,0.039127,0.223291,0.069364,0.117072,0.059845,0.093779,0.023549,0.085407,0.048908,0.239658,,1708100,,
1,1,,0.002833,0.305313,0.1229,0.105646,0.051219,0.162578,0.029879,0.066593,0.051474,0.101566,,1706500,,
1,1,,0.01569,0.229272,0.093886,0.109001,0.083243,0.159387,0.070217,0.053473,0.06038,0.125453,,1709100,,
1,1,,0.00539,0.237254,0.168041,0.156803,0.028796,0.08055,0.006032,0.114816,0.080386,0.121935,,1708400,,
1,1,,0.054351,0.277112,0.086106,0.017261,0.195515,0.071701,0.177715,0.031828,0.08234,0.006071,,1710200,,
1,1,,0.037693,0.290882,0.074133,0.097366,0.06254,0.101676,0.023702,0.086828,0.087942,0.137239,,1709100,,
1,1,,0.005965,0.240094,0.183724,0.1729,0.029256,0.129994,0.026862,0.062728,0.03164,0.116836,,1759000,,
1,1,,0.048973,0.297475,0.073248,0.105491,0.051269,0.093129,0.013843,0.080276,0.087757,0.148539,,1698900,,
1,2,,0.002131,0.1822,0.281411,0.12262,0.034455,0.131987,0.036885,0.066382,0.052665,0.089263,,1708500,,
1,1,,0.021734,0.269464,0.157087,0.062373,0.082379,0.081694,0.081586,0.115796,0.089465,0.038422,,1712000,,
1,1,,0.03003,0.285239,0.116428,0.060705,0.085208,0.091664,0.0757,0.056091,0.109219,0.089717,,1710300,,
1,1,,0.025272,0.249963,0.081278,0.110101,0.034602,0.11095,0.004292,0.075097,0.110519,0.197926,,1707700,,
1,1,,0.030026,0.206918,0.116773,0.189523,0.062958,0.080744,0.012426,0.104515,0.053641,0.142476,,1709900,,
1,1,,0.001929,0.251498,0.1856,0.1183,0.028717,0.119945,0.026531,0.105735,0.080474,0.081273,,1708900,,
1,1,,0.029555,0.308117,0.104071,0.055631,0.116006,0.094647,0.093548,0.070117,0.086135,0.042172,,1724700,,
1,1,,0.064362,0.272454,0.089547,0.047588,0.070855,0.016246,0.038895,0.12373,0.222788,0.053534,,1708700,,
1,1,,0.005067,0.206066,0.155138,0.205833,0.053387,0.088291,0.009491,0.085712,0.07631,0.114705,,1718400,,
1,1,,0.037495,0.276769,0.099053,0.017248,0.160623,0.064652,0.131897,0.043437,0.138964,0.029863,,1718600,,
1,1,,0.005622,0.193533,0.179942,0.161129,0.034712,0.165074,0.027242,0.056374,0.060492,0.11588,,1715800,,
1,1,,0.001902,0.280537,0.181081,0.112852,0.034146,0.118985,0.026425,0.091071,0.069439,0.083562,,1724300,,
1,1,,0.08185,0.284164,0.081733,0.027433,0.11253,0.021207,0.071412,0.075307,0.199054,0.045309,,1712100,,
1,1,,0.00762,0.230227,0.135967,0.223855,0.024717,0.133157,0.027584,0.060322,0.037783,0.118768,,1704700,,
1,1,,0.082144,0.25478,0.064084,0.028615,0.161478,0.015959,0.067649,0.074228,0.205611,0.045452,,1726100,,
1,1,,0.029603,0.310902,0.103374,0.015382,0.13335,0.068073,0.163614,0.043607,0.125819,0.006275,,1754800,,
1,9,,0.078987,0.166589,0.062784,0.140716,0.041964,0.101402,0.008767,0.098987,0.043096,0.256708,,1716400,,
1,1,,0.01326,0.270989,0.129564,0.130002,0.036136,0.069698,0.012074,0.12624,0.086358,0.125679,,1712900,,
1,2,,0.006266,0.162665,0.189505,0.187106,0.029469,0.180193,0.033811,0.05287,0.036313,0.121802,,1706900,,
1,1,,0.091129,0.30481,0.063763,0.040247,0.075814,0.019146,0.058538,0.060542,0.224214,0.061796,,1707700,,
1,1,,0.024752,0.230587,0.103616,0.11625,0.034367,0.107174,0.004371,0.077519,0.088036,0.213329,,1712500,,
1,1,,0.058617,0.292868,0.076335,0.026075,0.109798,0.03751,0.065615,0.087477,0.226154,0.01955,,1707200,,
1,1,,0.039874,0.312426,0.084971,0.115844,0.039859,0.087886,0.005045,0.078813,0.083422,0.151861,,1708100,,
1,1,,0.036459,0.278329,0.073789,0.097228,0.057973,0.078477,0.078232,0.086828,0.08378,0.128905,,1709100,,
1,1,,0.082554,0.303785,0.075701,0.029024,0.093615,0.015361,0.056898,0.066038,0.231761,0.045263,,1735900,,
1,1,,0.002093,0.296426,0.146246,0.109686,0.038896,0.126756,0.037345,0.119448,0.040539,0.082566,,1719700,,
1,1,,0.001827,0.310734,0.163161,0.111068,0.035073,0.130229,0.029714,0.086569,0.048564,0.083062,,1722100,,
1,1,,0.022349,0.281182,0.129153,0.053938,0.100816,0.108934,0.084769,0.04609,0.089708,0.083061,,1717800,,
1,9,,0.03295,0.140736,0.123104,0.196347,0.024309,0.086812,0.011591,0.079679,0.076748,0.227724,,1718000,,
1,1,,0.037064,0.29639,0.098266,0.015444,0.136006,0.068569,0.153468,0.088377,0.100108,0.006308,,1721400,,
1,1,,0.055285,0.277758,0.091256,0.102085,0.053816,0.093112,0.013843,0.08154,0.087824,0.143481,,1731700,,
1,1,,0.018131,0.209973,0.126368,0.156514,0.044925,0.074782,0.009777,0.159614,0.068898,0.131019,,1726200,,
1,9,,0.05282,0.22719,0.062705,0.11197,0.049449,0.101961,0.009375,0.083442,0.048832,0.252254,,1720000,,
1,1,,0.01369,0.218464,0.086721,0.156909,0.030545,0.107869,0.00275,0.102929,0.082583,0.197539,,1734900,,
1,8,,0.082802,0.235262,0.079699,0.029361,0.113995,0.015413,0.047274,0.124609,0.246691,0.024894,,1728400,,
1,1,,0.082344,0.308989,0.065098,0.028818,0.114967,0.016972,0.061089,0.065955,0.210998,0.04477,,1724200,,
1,9,,0.091023,0.069516,0.073509,0.185456,0.033266,0.093776,0.008222,0.077046,0.025193,0.342995,,1720000,,
1,1,,0.024752,0.235753,0.087616,0.11625,0.034367,0.107174,0.006371,0.077519,0.090536,0.219662,,1726700,,
1,1,,0.021152,0.300975,0.08113,0.094901,0.084106,0.100944,0.033938,0.075812,0.093328,0.113714,,1716000,,
1,1,,0.018941,0.292997,0.11387,0.076121,0.080677,0.130072,0.067289,0.057096,0.083923,0.079014,,1721600,,
1,1,,0.002908,0.305639,0.12082,0.10743,0.051403,0.157216,0.02659,0.067761,0.05699,0.103243,,1723700,,
1,1,,0.001827,0.301787,0.188504,0.110586,0.03245,0.124231,0.03026,0.079559,0.04905,0.081748,,1743900,,
1,1,,0.048692,0.236199,0.128122,0.116859,0.075291,0.040735,0.037283,0.098096,0.126136,0.092587,,1722300,,
1,1,,0.035903,0.269756,0.148613,0.084073,0.054098,0.041921,0.033281,0.102115,0.137319,0.092922,,1704100,,
1,1,,0.003767,0.237408,0.168515,0.177448,0.028303,0.130363,0.031042,0.067326,0.060932,0.094895,,1708200,,
1,1,,0.061795,0.307079,0.097314,0.04105,0.095772,0.025145,0.070352,0.090902,0.165355,0.045236,,1709700,,
1,1,,0.03129,0.248008,0.101374,0.01555,0.166502,0.07057,0.139975,0.045968,0.154003,0.026761,,1710700,,
1,1,,0.03972,0.2678,0.094238,0.034176,0.119646,0.051475,0.091555,0.079742,0.178183,0.043465,,1720800,,
1,1,,0.057086,0.266085,0.078316,0.116915,0.044149,0.102838,0.013843,0.103262,0.085466,0.132039,,1715400,,
1,1,,0.075163,0.299654,0.072741,0.056844,0.086195,0.035148,0.060507,0.086875,0.14989,0.076982,,1708600,,
1,1,,0.057528,0.261189,0.163389,0.050414,0.060277,0.013722,0.06581,0.078391,0.196288,0.052992,,1728100,,
1,1,,0.055807,0.32132,0.093882,0.025202,0.115306,0.031258,0.105772,0.05132,0.163582,0.036551,,1712600,,
1,1,,0.020611,0.284813,0.097011,0.131629,0.034981,0.160046,0.023971,0.059641,0.059694,0.127602,,1717200,,
1,1,,0.082859,0.306355,0.065103,0.028954,0.099865,0.015973,0.062439,0.065066,0.227956,0.04543,,1717000,,
1,1,,0.036146,0.294517,0.09176,0.021821,0.182507,0.056002,0.122935,0.060371,0.122687,0.011255,,1716200,,
1,9,,0.042005,0.212516,0.058897,0.142013,0.055881,0.097848,0.013461,0.09342,0.038405,0.245553,,1720100,,
1,1,,0.001895,0.284491,0.136882,0.168369,0.034839,0.092182,0.013507,0.083493,0.074171,0.110171,,1722600,,
1,1,,0.002155,0.283023,0.17811,0.114421,0.034032,0.099244,0.016664,0.092692,0.074895,0.104765,,1718600,,
1,1,,0.021372,0.262442,0.144479,0.122714,0.041735,0.062559,0.025738,0.118988,0.106402,0.093571,,1714300,,
1,1,,0.009199,0.252802,0.095591,0.086094,0.124477,0.154533,0.098225,0.060298,0.040032,0.07875,,1735000,,
1,1,,0.080576,0.295177,0.073131,0.028987,0.117906,0.013378,0.057528,0.086175,0.202653,0.044489,,1708700,,
1,1,,0.013116,0.276229,0.126498,0.129393,0.067208,0.081541,0.020038,0.088824,0.081755,0.115399,,1706900,,
1,1,,0.056154,0.261094,0.084133,0.014819,0.162687,0.069691,0.147177,0.041779,0.156032,0.006434,,1715700,,
1,1,,0.044283,0.216606,0.08658,0.058819,0.162901,0.102606,0.135474,0.050843,0.08305,0.058838,,1718000,,
1,1,,0.003645,0.260627,0.183729,0.118341,0.0342,0.126847,0.029714,0.098041,0.042971,0.101885,,1725800,,
1,1,,0.02932,0.282904,0.09618,0.017692,0.189039,0.068231,0.146991,0.058701,0.10384,0.007102,,1725900,,
1,1,,0.003116,0.280358,0.11945,0.096655,0.03935,0.168552,0.027166,0.063299,0.081123,0.12093,,1727800,,
1,1,,0.030786,0.290259,0.093148,0.019679,0.146117,0.068304,0.140104,0.049049,0.132299,0.030255,,1720500,,
1,1,,0.057462,0.261157,0.126335,0.050087,0.057987,0.014972,0.034993,0.147196,0.194813,0.054998,,1741900,,
1,1,,0.002347,0.286995,0.159526,0.104301,0.029267,0.129821,0.029645,0.095095,0.046347,0.116656,,1718100,,
1,1,,0.046062,0.249792,0.06844,0.099833,0.106668,0.085088,0.021019,0.093276,0.057572,0.172251,,1722800,,
1,1,,0.117748,0.226836,0.083283,0.072207,0.133781,0.023105,0.049542,0.114044,0.112621,0.066832,,1715500,,
1,1,,0.057692,0.288581,0.102928,0.058852,0.068911,0.01575,0.040429,0.124959,0.186669,0.055229,,1722700,,
1,1,,0.048483,0.278968,0.071238,0.101802,0.083185,0.094141,0.016334,0.078072,0.085116,0.142661,,1721500,,
2,2,,0.075192,0.155384,0.242371,0.049528,0.051352,0.015396,0.035362,0.118705,0.218597,0.038114,,1716400,,
2,2,,0.029473,0.118218,0.23904,0.157067,0.024661,0.101269,0.010015,0.082583,0.112182,0.125493,,1715300,,
2,2,,0.04188,0.171545,0.264137,0.048158,0.076127,0.069315,0.146507,0.073093,0.089292,0.019947,,1743600,,
2,2,,0.027725,0.184396,0.23053,0.106279,0.031772,0.163274,0.041739,0.07295,0.046803,0.094532,,1707400,,
2,2,,0.024708,0.191219,0.237409,0.060694,0.068458,0.062724,0.12708,0.0717,0.144321,0.011687,,1718500,,
2,2,,0.017218,0.148836,0.341263,0.089999,0.038371,0.094115,0.054593,0.086953,0.074627,0.054024,,1717600,,
2,2,,0.027508,0.101493,0.303792,0.134247,0.028136,0.083984,0.013548,0.120126,0.077348,0.109818,,1722500,,
2,2,,0.020529,0.144848,0.29423,0.089439,0.036344,0.100947,0.032703,0.093856,0.118102,0.069002,,1707700,,
2,2,,0.027508,0.162545,0.229963,0.157021,0.028004,0.078809,0.012927,0.108225,0.084429,0.110569,,1703700,,
2,2,,0.017809,0.152091,0.337142,0.081491,0.035912,0.099101,0.060337,0.090328,0.065867,0.059921,,1702500,,
2,2,,0.027677,0.177694,0.241065,0.058073,0.095619,0.067289,0.132051,0.070842,0.117088,0.012602,,1729700,,
2,2,,0.004121,0.197368,0.207367,0.144499,0.030392,0.166632,0.029666,0.08737,0.044797,0.087788,,2260400,,
2,2,,0.071293,0.125935,0.256415,0.044938,0.038325,0.024442,0.063199,0.098977,0.243849,0.032627,,2489600,,
2,2,,0.002157,0.157852,0.336967,0.119445,0.02769,0.122991,0.029959,0.074895,0.042187,0.085856,,2468700,,
2,2,,0.030631,0.151106,0.310056,0.080631,0.052996,0.086459,0.083502,0.069807,0.08842,0.046392,,2474100,,
2,2,,0.069539,0.150988,0.2549,0.069248,0.045565,0.037787,0.030315,0.094723,0.207325,0.039611,,2457100,,
2,2,,0.004001,0.150967,0.305544,0.136931,0.027211,0.119206,0.030101,0.082015,0.055412,0.08861,,2442900,,
2,2,,0.011479,0.125304,0.257813,0.178641,0.024321,0.084153,0.00285,0.094003,0.075346,0.146091,,2267900,,
2,2,,0.022701,0.178461,0.270878,0.102745,0.045564,0.098273,0.074705,0.073394,0.088293,0.044986,,1687500,,
2,2,,0.023398,0.127753,0.290773,0.105218,0.069621,0.089272,0.099372,0.071414,0.080711,0.042466,,1690100,,
2,2,,0.003638,0.144506,0.291686,0.140384,0.027963,0.144411,0.029958,0.09488,0.040387,0.082187,,1692200,,
2,2,,0.068974,0.146188,0.272672,0.061152,0.042469,0.046856,0.033751,0.086451,0.214413,0.027074,,1691200,,
2,2,,0.00569,0.121706,0.301443,0.148053,0.027265,0.074679,0.012773,0.104011,0.077288,0.127092,,1690300,,
2,2,,0.036479,0.167169,0.274539,0.089632,0.052773,0.10569,0.105158,0.05281,0.076081,0.039668,,1687500,,
2,2,,0.062288,0.139342,0.328342,0.06919,0.03956,0.035737,0.02764,0.084574,0.155162,0.058165,,1690100,,
2,2,,0.039766,0.138403,0.267417,0.051442,0.078511,0.079937,0.130574,0.048509,0.117872,0.047569,,1693800,,
2,2,,0.021576,0.100706,0.301489,0.132678,0.037449,0.05105,0.028818,0.107373,0.118629,0.100233,,1712100,,
2,2,,0.001593,0.141943,0.353423,0.133806,0.027491,0.118706,0.030105,0.07227,0.039479,0.081185,,1685800,,
2,2,,0.02329,0.175318,0.313092,0.065853,0.052325,0.082475,0.091282,0.068462,0.09211,0.035792,,1696200,,
2,2,,0.048971,0.139737,0.295581,0.061447,0.068622,0.058405,0.1697,0.04869,0.088975,0.019873,,1697500,,
2,2,,0.0274,0.185015,0.244701,0.151536,0.029351,0.129841,0.027421,0.072895,0.036523,0.095317,,1701800,,
2,2,,0.025652,0.191301,0.237137,0.170823,0.02726,0.073676,0.006283,0.086772,0.073271,0.107826,,1687700,,
2,2,,0.021603,0.134804,0.203062,0.126452,0.037375,0.08322,0.025109,0.142303,0.129615,0.096455,,1688100,,
2,2,,0.004013,0.233449,0.251182,0.114655,0.029138,0.116279,0.026781,0.084697,0.050033,0.089773,,1687300,,
2,2,,0.022068,0.150025,0.32007,0.07576,0.052815,0.080821,0.087658,0.073427,0.093752,0.043605,,1704500,,
2,2,,0.001593,0.150124,0.290527,0.154724,0.028,0.117704,0.030142,0.101383,0.043489,0.082315,,1699400,,
2,2,,0.030103,0.129117,0.317148,0.092769,0.045395,0.10841,0.083977,0.064436,0.078321,0.050323,,1704500,,
2,2,,0.003712,0.14325,0.32835,0.148215,0.028229,0.09583,0.016949,0.086033,0.06154,0.087893,,1700900,,
2,1,,0.057349,0.217971,0.215984,0.044377,0.071619,0.031563,0.053652,0.091889,0.193728,0.021868,,1694600,,
2,2,,0.036514,0.1477,0.336339,0.054913,0.063747,0.027312,0.084222,0.062016,0.159173,0.028065,,1688800,,
2,2,,0.00564,0.14534,0.272406,0.188449,0.025035,0.118326,0.024132,0.067691,0.041175,0.111807,,1698400,,
2,2,,0.004158,0.15489,0.286029,0.152837,0.029315,0.128466,0.029917,0.080713,0.047184,0.086492,,1698000,,
2,2,,0.001743,0.162596,0.333191,0.117374,0.02786,0.106553,0.023527,0.092106,0.050509,0.084539,,1703600,,
2,2,,0.004352,0.143929,0.32537,0.115638,0.028612,0.094753,0.013514,0.089827,0.069763,0.114242,,1718700,,
2,2,,0.030204,0.119966,0.254011,0.20213,0.024349,0.082625,0.006964,0.102689,0.06741,0.10965,,1702700,,
2,2,,0.011859,0.131347,0.218048,0.199188,0.02389,0.100684,0.006258,0.081466,0.06517,0.16209,,1706500,,
2,2,,0.002778,0.132174,0.193322,0.153916,0.049572,0.12082,0.013214,0.09935,0.104012,0.130841,,1704200,,
2,2,,0.04538,0.183136,0.265156,0.034736,0.06489,0.083326,0.130109,0.055452,0.112629,0.025186,,1699500,,
2,0,,0.247369,0.066295,0.104816,0.145183,0.104932,0.016313,0.095251,0.08453,0.083429,0.051881,,1706000,,
2,1,,0.03927,0.212936,0.171169,0.069643,0.127966,0.054299,0.106596,0.084495,0.120094,0.013533,,1699800,,
2,2,,0.050076,0.159089,0.255994,0.04891,0.106171,0.056637,0.1501,0.06581,0.094996,0.012217,,1700100,,
2,2,,0.032212,0.114236,0.246688,0.195851,0.025779,0.086106,0.009339,0.085589,0.070894,0.133304,,1696200,,
2,2,,0.023484,0.12614,0.362413,0.046022,0.054326,0.055199,0.1448,0.064534,0.104266,0.018817,,1719400,,
2,2,,0.023812,0.134258,0.262233,0.18679,0.029914,0.097467,0.01331,0.090625,0.062498,0.099094,,1697400,,
2,8,,0.094667,0.185654,0.130555,0.056267,0.057876,0.022771,0.108677,0.071413,0.216338,0.055783,,1698600,,
2,2,,0.001594,0.150301,0.333862,0.13565,0.027648,0.118359,0.036706,0.071551,0.043177,0.081152,,1700900,,
2,2,,0.021668,0.16227,0.312771,0.13559,0.027675,0.111915,0.026816,0.073438,0.044994,0.082862,,1701100,,
2,2,,0.002139,0.151529,0.304788,0.115102,0.027246,0.141979,0.030169,0.085377,0.058264,0.083408,,1696000,,
2,2,,0.026249,0.119917,0.191063,0.1499,0.02926,0.107997,0.005773,0.170991,0.07748,0.121371,,1700400,,
2,2,,0.022197,0.128318,0.331031,0.14311,0.028565,0.095713,0.013514,0.079928,0.068267,0.089358,,1703400,,
2,2,,0.042862,0.147601,0.290722,0.087825,0.058173,0.014877,0.07822,0.075387,0.171945,0.032387,,1710400,,
2,2,,0.021626,0.100361,0.354992,0.112361,0.034486,0.064621,0.02548,0.076343,0.114075,0.095656,,1718900,,
2,2,,0.008073,0.123309,0.258612,0.122214,0.029965,0.098965,0.012627,0.099478,0.121246,0.125513,,1702700,,
2,2,,0.004164,0.165758,0.275298,0.146401,0.027582,0.123632,0.029676,0.083545,0.03715,0.106793,,1700400,,
2,2,,0.023832,0.124553,0.347708,0.121786,0.028378,0.090977,0.013593,0.092249,0.067281,0.089644,,1699200,,
2,2,,0.028533,0.138377,0.250865,0.202751,0.023661,0.087339,0.012996,0.077918,0.063499,0.114062,,1710600,,
2,2,,0.007013,0.155812,0.310584,0.120153,0.026352,0.096171,0.009719,0.095572,0.082833,0.095793,,1705700,,
2,2,,0.001619,0.124699,0.35687,0.142024,0.026823,0.114955,0.030211,0.070387,0.04839,0.084024,,1696200,,
2,2,,0.031174,0.161843,0.294886,0.061262,0.062301,0.077923,0.11365,0.069079,0.096207,0.031675,,1698300,,
2,2,,0.017291,0.163252,0.306125,0.130563,0.035514,0.095946,0.067017,0.06283,0.067387,0.054076,,1701900,,
2,2,,0.062414,0.182559,0.185489,0.095108,0.041098,0.059296,0.030561,0.12154,0.173614,0.048321,,1725400,,
2,2,,0.025216,0.202581,0.256564,0.076032,0.036694,0.06918,0.034624,0.093788,0.152594,0.052729,,1707000,,
2,2,,0.003931,0.14132,0.352903,0.11493,0.027725,0.122482,0.030026,0.078939,0.041962,0.085783,,1697900,,
2,2,,0.023455,0.12292,0.336678,0.132866,0.027456,0.119215,0.030038,0.086408,0.039705,0.081259,,1698400,,
2,2,,0.003455,0.138016,0.358395,0.114405,0.027456,0.117786,0.030038,0.086408,0.041243,0.082798,,1697900,,
2,2,,0.00234,0.175728,0.202469,0.130768,0.049826,0.162628,0.029628,0.090218,0.069557,0.086837,,1703100,,
2,2,,0.090172,0.118013,0.279825,0.048579,0.043108,0.026909,0.036875,0.084826,0.228757,0.042937,,1701200,,
2,2,,0.003239,0.168961,0.299256,0.091437,0.039798,0.153363,0.043095,0.061183,0.055553,0.084115,,1703000,,
2,2,,0.069496,0.137649,0.284518,0.063312,0.042714,0.037094,0.03691,0.083799,0.211502,0.033006,,1700000,,
2,2,,0.001593,0.121943,0.353423,0.133806,0.027491,0.118706,0.030105,0.07227,0.039479,0.101185,,1718700,,
2,2,,0.006197,0.156838,0.256928,0.181188,0.024991,0.100057,0.010238,0.075566,0.058405,0.129593,,1697400,,
2,2,,0.001593,0.141943,0.354851,0.133806,0.027491,0.117277,0.030105,0.07227,0.039479,0.081185,,1699500,,
2,2,,0.025662,0.16105,0.234412,0.16508,0.027445,0.091335,0.009208,0.111029,0.070665,0.104113,,1711000,,
2,9,,0.013289,0.141779,0.196448,0.137144,0.036328,0.089308,0.003347,0.086592,0.089774,0.205992,,1701600,,
2,2,,0.00453,0.164014,0.274733,0.122484,0.030179,0.160102,0.030132,0.070104,0.053991,0.089731,,1697500,,
2,2,,0.027507,0.172792,0.198016,0.161541,0.029058,0.075261,0.00592,0.139317,0.082195,0.108392,,1695800,,
2,2,,0.032538,0.127831,0.18678,0.175419,0.027504,0.096815,0.021265,0.098412,0.073128,0.16031,,1702300,,
2,2,,0.027057,0.131321,0.263179,0.197463,0.025503,0.093903,0.010988,0.090372,0.06098,0.099234,,1723100,,
2,2,,0.028029,0.13705,0.245232,0.144703,0.03625,0.078158,0.012694,0.093224,0.086966,0.137695,,1695300,,
2,2,,0.00234,0.148479,0.272047,0.147438,0.029638,0.127995,0.029591,0.090306,0.065242,0.086922,,1700500,,
2,1,,0.007688,0.224386,0.200267,0.130435,0.033164,0.161957,0.027528,0.072581,0.043708,0.098285,,1704800,,
2,2,,0.028285,0.153865,0.30396,0.09349,0.045324,0.087145,0.084234,0.055274,0.104767,0.043656,,1702500,,
2,3,,0.071823,0.110284,0.139766,0.204176,0.033727,0.109775,0.008297,0.089834,0.030872,0.201445,,1703300,,
2,2,,0.025707,0.123599,0.341808,0.128686,0.027161,0.090862,0.009498,0.082954,0.071903,0.097823,,1697800,,
2,2,,0.028669,0.141042,0.217633,0.089145,0.044072,0.08848,0.050833,0.074985,0.211806,0.053336,,1700200,,
2,2,,0.001619,0.15163,0.313796,0.130941,0.027332,0.114048,0.030248,0.0995,0.052399,0.078487,,1703800,,
2,8,,0.069161,0.174588,0.17655,0.09819,0.043687,0.049554,0.032964,0.100969,0.222493,0.031843,,1721000,,
2,2,,0.005759,0.147953,0.322524,0.117748,0.026593,0.074861,0.006247,0.090307,0.098896,0.10911,,1701400,,
2,2,,0.001593,0.141943,0.353423,0.133806,0.027491,0.118706,0.030105,0.07227,0.039479,0.081185,,1696600,,
2,2,,0.036393,0.148554,0.231524,0.029669,0.094306,0.056543,0.200449,0.077788,0.114506,0.010268,,1705800,,
2,2,,0.122387,0.129969,0.233816,0.053965,0.05939,0.027387,0.060384,0.08524,0.194011,0.033451,,1700200,,
2,2,,0.040642,0.146638,0.312672,0.047019,0.0612,0.081654,0.142585,0.057979,0.090082,0.019528,,1699300,,
2,2,,0.025195,0.128165,0.249789,0.217324,0.025859,0.093855,0.011055,0.087935,0.060449,0.100374,,1702100,,
2,2,,0.003975,0.142296,0.33577,0.106718,0.02769,0.121562,0.029959,0.083986,0.042187,0.105856,,1702300,,
2,2,,0.023942,0.126635,0.287088,0.108743,0.034848,0.068914,0.025319,0.085388,0.139884,0.099239,,1696800,,
2,2,,0.001619,0.153809,0.341431,0.13202,0.027011,0.113588,0.030248,0.070299,0.052704,0.077272,,1742000,,
2,2,,0.021863,0.1239,0.348621,0.130946,0.028009,0.103129,0.020171,0.080822,0.05625,0.08629,,1697000,,
2,2,,0.028659,0.117014,0.183914,0.153407,0.039571,0.046653,0.027007,0.102818,0.161667,0.139289,,1700500,,
2,2,,0.038519,0.121374,0.325719,0.07059,0.063524,0.02762,0.084188,0.083903,0.154335,0.030228,,1700200,,
2,2,,0.020275,0.165579,0.28506,0.096046,0.041951,0.076455,0.042425,0.069764,0.142044,0.060401,,1697500,,
2,2,,0.017289,0.130948,0.34473,0.122715,0.035545,0.096164,0.060453,0.063461,0.068003,0.060691,,1694600,,
2,2,,0.025644,0.122346,0.338411,0.13673,0.027101,0.083127,0.009565,0.080982,0.071865,0.104229,,1696900,,
3,3,,0.012102,0.124073,0.096561,0.356004,0.024025,0.080709,0.002931,0.083449,0.071338,0.148808,,1698800,,
3,3,,0.011191,0.162053,0.142908,0.242481,0.026526,0.097706,0.003576,0.112689,0.083039,0.117831,,1703500,,
3,3,,0.011953,0.091261,0.098538,0.328337,0.026412,0.115186,0.002973,0.098828,0.074102,0.152411,,1722600,,
3,3,,0.009992,0.094519,0.124677,0.316994,0.025674,0.091292,0.002748,0.117376,0.066261,0.150467,,1699100,,
3,1,,0.084538,0.186036,0.07931,0.134743,0.079423,0.05741,0.037441,0.102035,0.158852,0.080212,,1696700,,
3,3,,0.02862,0.099878,0.117793,0.257538,0.041524,0.173736,0.030634,0.055918,0.037326,0.157032,,1703900,,
3,3,,0.022002,0.115709,0.092045,0.345561,0.031778,0.098372,0.010005,0.100364,0.050193,0.133973,,1698800,,
3,3,,0.021257,0.089285,0.08563,0.402503,0.032486,0.08299,0.007113,0.078976,0.048712,0.151049,,1699600,,
3,3,,0.044147,0.075601,0.120274,0.318672,0.031709,0.099457,0.009737,0.091739,0.035504,0.17316,,1692700,,
3,3,,0.048326,0.068177,0.117962,0.300301,0.031846,0.099423,0.009173,0.087863,0.02582,0.21111,,1702300,,
3,3,,0.021665,0.095804,0.118539,0.25245,0.035031,0.088915,0.014872,0.085184,0.06554,0.222001,,1715200,,
3,3,,0.053688,0.089484,0.119753,0.331765,0.030591,0.088238,0.008513,0.091973,0.043748,0.142247,,1725300,,
3,3,,0.01702,0.106864,0.100668,0.331899,0.033231,0.118456,0.014016,0.072822,0.07521,0.129816,,1695200,,
3,3,,0.043098,0.064785,0.069618,0.391281,0.031049,0.094175,0.0097,0.08072,0.023829,0.191745,,1688200,,
3,3,,0.037529,0.074778,0.124651,0.298884,0.031812,0.096205,0.009173,0.088285,0.024534,0.214149,,1702200,,
3,3,,0.043397,0.072119,0.115774,0.330531,0.031049,0.099453,0.009737,0.081476,0.029128,0.187335,,1699800,,
3,3,,0.038796,0.069663,0.078887,0.381203,0.032897,0.111638,0.017076,0.102307,0.020423,0.14711,,1699600,,
3,3,,0.032858,0.10696,0.067252,0.247144,0.053198,0.142442,0.060351,0.106732,0.027612,0.155452,,1705600,,
3,3,,0.031266,0.09651,0.087366,0.368971,0.031417,0.086762,0.006644,0.080201,0.056896,0.153966,,1706700,,
3,9,,0.010627,0.115604,0.154867,0.198918,0.026577,0.106466,0.009371,0.078897,0.097254,0.20142,,1708300,,
3,3,,0.007278,0.134084,0.148569,0.277207,0.034453,0.125298,0.055195,0.071168,0.039749,0.106999,,1701700,,
3,3,,0.00638,0.149039,0.139009,0.207429,0.026867,0.179412,0.020241,0.062314,0.05515,0.154159,,1698600,,
3,3,,0.011186,0.107928,0.15051,0.307562,0.023895,0.09663,0.006183,0.097807,0.05588,0.142419,,1700600,,
3,3,,0.09478,0.061269,0.065229,0.206799,0.069227,0.130043,0.061176,0.069305,0.069742,0.17243,,1702500,,
3,3,,0.011148,0.162158,0.126996,0.225297,0.032108,0.099671,0.00304,0.112974,0.075942,0.150666,,1699000,,
3,3,,0.00421,0.179139,0.143897,0.181829,0.030086,0.099062,0.013273,0.102462,0.113693,0.132349,,1703900,,
3,3,,0.029922,0.104252,0.119697,0.325804,0.031985,0.120554,0.020013,0.06954,0.030305,0.147928,,1700700,,
3,5,,0.019532,0.168497,0.135512,0.1179,0.037213,0.241935,0.035608,0.054349,0.038796,0.150658,,1698300,,
3,3,,0.029507,0.074185,0.103787,0.240367,0.062047,0.103096,0.030672,0.11862,0.03723,0.200488,,1730100,,
3,3,,0.031802,0.110655,0.07652,0.203276,0.053155,0.183699,0.069919,0.073861,0.062411,0.134701,,1700800,,
3,3,,0.141355,0.067613,0.095495,0.198164,0.066472,0.038145,0.064309,0.105939,0.100559,0.121949,,1701200,,
3,3,,0.029896,0.068791,0.073188,0.41981,0.032419,0.101187,0.013528,0.078778,0.023151,0.159252,,1702000,,
3,3,,0.011073,0.149201,0.139568,0.290039,0.02443,0.086866,0.003044,0.107339,0.073894,0.114546,,1699200,,
3,8,,0.084851,0.160853,0.083955,0.104525,0.069599,0.029614,0.047963,0.131979,0.230618,0.056044,,1695300,,
3,3,,0.03218,0.112529,0.10542,0.344889,0.025599,0.09069,0.002978,0.084993,0.07109,0.129632,,1701900,,
3,3,,0.011412,0.13609,0.112264,0.28822,0.024083,0.115269,0.00622,0.114688,0.060498,0.131255,,1697800,,
3,3,,0.041672,0.08746,0.091153,0.334089,0.031602,0.142567,0.019118,0.083824,0.02144,0.147075,,1697600,,
3,3,,0.045605,0.066249,0.091339,0.341242,0.033303,0.135221,0.013455,0.079327,0.01827,0.175988,,1718400,,
3,3,,0.009626,0.119277,0.125571,0.316181,0.024681,0.148003,0.027587,0.066883,0.037169,0.125022,,1698300,,
3,3,,0.045789,0.067021,0.075588,0.356763,0.0343,0.128182,0.012945,0.084346,0.018825,0.176241,,1704100,,
