optical,Tuned_CWT,test,2,NANOSECONDS,PREDICTIONS, Generated by ClassifierExperiments.java on 2022-05-16 02:11:54.    SYSTEMPROPERTIES:{user.name:matth,os.arch:amd64,os.name:Windows 10},ENDSYSTEMPROPERTIES
No parameter info
0.9131975199291408,2346529300,1962168700,-1,93242712,10,,-1,-1
0,0,,0.559192,0.019269,0.021516,0.0286,0.14,0.020554,0.083956,0.045119,0.038506,0.043287,,1974000,,
0,0,,0.320793,0.030504,0.019437,0.042579,0.172264,0.193852,0.08976,0.045936,0.033368,0.051508,,1792800,,
0,0,,0.453357,0.040028,0.027122,0.03622,0.122,0.023355,0.086701,0.062091,0.087613,0.061514,,1778800,,
0,0,,0.396837,0.027471,0.020296,0.028908,0.14244,0.021521,0.123704,0.039653,0.101716,0.097455,,1762200,,
0,0,,0.538956,0.019567,0.021883,0.028967,0.128465,0.026878,0.108816,0.04456,0.039249,0.042658,,1772700,,
0,0,,0.539192,0.019269,0.021516,0.0486,0.14,0.020554,0.083956,0.045119,0.038506,0.043287,,1803400,,
0,0,,0.482619,0.019693,0.024546,0.030204,0.123685,0.044647,0.136217,0.041844,0.040754,0.055791,,1767200,,
0,0,,0.309725,0.029209,0.018067,0.038701,0.165171,0.168116,0.141291,0.057651,0.031782,0.040285,,1785100,,
0,0,,0.499826,0.021919,0.025848,0.050988,0.11578,0.038106,0.095864,0.039558,0.039477,0.072633,,1794500,,
0,0,,0.491814,0.018143,0.021501,0.03941,0.118383,0.026699,0.165768,0.038148,0.039613,0.040522,,1793300,,
0,0,,0.451531,0.049803,0.015034,0.022769,0.206615,0.02472,0.076629,0.060304,0.053463,0.039132,,1755400,,
0,0,,0.476815,0.023511,0.02794,0.066341,0.115435,0.028247,0.082672,0.043362,0.042946,0.09273,,1767900,,
0,0,,0.549074,0.019418,0.0217,0.028784,0.134232,0.023716,0.096386,0.04484,0.038878,0.042973,,1772200,,
0,0,,0.355467,0.047774,0.023157,0.030382,0.123854,0.050697,0.160925,0.050473,0.082508,0.074763,,1796200,,
0,0,,0.498149,0.026756,0.017548,0.046978,0.121853,0.037748,0.075252,0.050457,0.04242,0.08284,,1716200,,
0,0,,0.524088,0.022448,0.021516,0.027973,0.154884,0.028568,0.082699,0.054253,0.038716,0.044856,,1715000,,
0,0,,0.476997,0.028076,0.014943,0.043215,0.136518,0.036029,0.080715,0.049045,0.084714,0.049748,,1714800,,
0,0,,0.429869,0.052662,0.021946,0.029324,0.162285,0.021328,0.103308,0.075031,0.063979,0.040269,,1731500,,
0,0,,0.501489,0.015854,0.020079,0.028413,0.117374,0.031071,0.178339,0.034994,0.03565,0.036738,,1718300,,
0,0,,0.460958,0.026226,0.020184,0.022605,0.209867,0.023898,0.076193,0.06467,0.05243,0.04297,,1714000,,
0,0,,0.487035,0.026155,0.020114,0.04218,0.151798,0.022564,0.074709,0.0646,0.067945,0.042899,,1717500,,
0,0,,0.420795,0.025671,0.014907,0.02244,0.253722,0.022658,0.075466,0.062538,0.038775,0.063028,,1721900,,
0,0,,0.498658,0.023494,0.016792,0.02342,0.126038,0.042478,0.104942,0.051355,0.072106,0.040714,,1746000,,
0,0,,0.471089,0.018338,0.023611,0.058195,0.138985,0.049557,0.111071,0.034138,0.032005,0.063011,,1725700,,
0,0,,0.369116,0.022217,0.021227,0.032462,0.163341,0.109771,0.133467,0.042006,0.047886,0.058505,,1706800,,
0,0,,0.52947,0.018776,0.012629,0.026395,0.151141,0.046859,0.103437,0.046135,0.03489,0.030267,,1719400,,
0,0,,0.495319,0.014944,0.02145,0.026654,0.129051,0.043288,0.178174,0.030891,0.030664,0.029565,,1734000,,
0,0,,0.520744,0.019248,0.021721,0.028642,0.130041,0.018472,0.127242,0.0417,0.039667,0.052523,,1726500,,
0,0,,0.514694,0.021982,0.02218,0.04862,0.120742,0.045362,0.095182,0.038206,0.035742,0.05729,,1724200,,
0,0,,0.538956,0.019567,0.021883,0.028967,0.128465,0.026878,0.108816,0.04456,0.039249,0.042658,,1722300,,
0,0,,0.507584,0.022573,0.015344,0.043435,0.135822,0.030228,0.102216,0.052986,0.040942,0.048869,,1734700,,
0,0,,0.428182,0.039308,0.030175,0.069998,0.103593,0.033973,0.09112,0.06436,0.075365,0.063925,,1725800,,
0,0,,0.540539,0.024292,0.019997,0.028851,0.133398,0.019648,0.096343,0.040461,0.052152,0.044318,,1719500,,
0,0,,0.497552,0.029682,0.018291,0.058274,0.122518,0.036795,0.075252,0.055677,0.042128,0.06383,,1725100,,
0,0,,0.450596,0.025943,0.01757,0.043902,0.15348,0.025232,0.075155,0.061127,0.039307,0.107689,,1719800,,
0,0,,0.359668,0.034876,0.013009,0.017396,0.167682,0.060701,0.121856,0.086123,0.055721,0.082967,,1722300,,
0,0,,0.517048,0.026383,0.017625,0.058701,0.121781,0.032901,0.07529,0.051283,0.042866,0.056122,,1720900,,
0,0,,0.464953,0.019619,0.024293,0.029821,0.169256,0.02629,0.094591,0.043358,0.040257,0.087563,,1727300,,
0,0,,0.491986,0.023879,0.019276,0.044733,0.134417,0.041609,0.089277,0.046049,0.038686,0.070088,,1727100,,
0,0,,0.50203,0.023737,0.026681,0.053146,0.11579,0.033877,0.083628,0.042678,0.042032,0.076399,,1731000,,
0,0,,0.526315,0.024664,0.020331,0.02913,0.127127,0.026903,0.108816,0.041548,0.052142,0.043023,,1728000,,
0,0,,0.445364,0.025248,0.027831,0.029181,0.147507,0.018188,0.126995,0.041114,0.062121,0.076452,,1722800,,
0,0,,0.453237,0.024761,0.022693,0.029842,0.123442,0.021224,0.124814,0.037065,0.053483,0.109439,,1722700,,
0,0,,0.520957,0.019473,0.02404,0.029236,0.161011,0.020186,0.085099,0.045625,0.039355,0.055019,,1720500,,
0,0,,0.51684,0.02279,0.015274,0.043435,0.135538,0.03038,0.101583,0.052844,0.040485,0.04083,,1714000,,
0,0,,0.526933,0.019419,0.021951,0.029144,0.117939,0.025015,0.13359,0.041267,0.040753,0.043989,,1735600,,
0,0,,0.514844,0.024565,0.016792,0.056543,0.121771,0.037129,0.087525,0.048164,0.040311,0.052357,,1721800,,
0,0,,0.529074,0.019418,0.0217,0.028784,0.154232,0.023716,0.096386,0.04484,0.038878,0.042973,,1721700,,
0,0,,0.499164,0.02316,0.024234,0.064234,0.114708,0.029398,0.082522,0.042999,0.04163,0.07795,,1745100,,
0,0,,0.490677,0.02582,0.01509,0.022624,0.187954,0.02582,0.087896,0.062258,0.039147,0.042713,,1728500,,
0,0,,0.396597,0.014662,0.021762,0.026689,0.124088,0.058332,0.267597,0.029871,0.031072,0.02933,,1712700,,
0,0,,0.499164,0.02316,0.024234,0.084234,0.114708,0.029398,0.082522,0.042999,0.04163,0.05795,,1722000,,
0,0,,0.313512,0.048165,0.020443,0.05513,0.148199,0.172472,0.124744,0.043237,0.03032,0.043778,,1723000,,
0,0,,0.441425,0.019767,0.025726,0.032561,0.112679,0.048624,0.16262,0.039643,0.045328,0.071628,,1719000,,
0,0,,0.363705,0.025553,0.023535,0.051251,0.185374,0.048418,0.130016,0.046795,0.058248,0.067104,,1733100,,
0,0,,0.45556,0.034214,0.024928,0.061721,0.113211,0.04876,0.055351,0.058062,0.04085,0.107342,,1718800,,
0,0,,0.390495,0.045474,0.021919,0.027259,0.167533,0.023844,0.142759,0.046624,0.080785,0.053309,,1741100,,
0,0,,0.526933,0.019419,0.021951,0.029144,0.117939,0.025015,0.13359,0.041267,0.040753,0.043989,,1725400,,
0,0,,0.466933,0.019419,0.021951,0.029144,0.177939,0.025015,0.13359,0.041267,0.040753,0.043989,,1722900,,
0,0,,0.530783,0.021627,0.022628,0.045533,0.12037,0.027293,0.096203,0.043297,0.041924,0.050342,,1723900,,
0,0,,0.44044,0.018084,0.023399,0.047988,0.117915,0.048995,0.155718,0.037686,0.039171,0.070603,,1714400,,
0,0,,0.455962,0.019945,0.024862,0.060127,0.13311,0.074726,0.109533,0.034944,0.032537,0.054253,,1716900,,
0,0,,0.335881,0.023472,0.022676,0.028962,0.152695,0.136754,0.172971,0.032292,0.053231,0.041064,,1718300,,
0,0,,0.429899,0.032476,0.020959,0.049734,0.147106,0.065842,0.128717,0.044935,0.046953,0.03338,,1735600,,
0,0,,0.51535,0.019933,0.022257,0.059882,0.126545,0.034411,0.096396,0.038227,0.03658,0.050419,,1723200,,
0,0,,0.52538,0.020755,0.014511,0.021277,0.135812,0.034457,0.114452,0.049867,0.038386,0.045104,,1756900,,
0,0,,0.476481,0.025945,0.017502,0.023501,0.199468,0.02229,0.078093,0.063114,0.038776,0.05483,,1721400,,
0,0,,0.523122,0.027792,0.015879,0.023867,0.149823,0.023714,0.077866,0.050898,0.053484,0.053556,,1729700,,
0,0,,0.457782,0.023514,0.024113,0.036199,0.132457,0.040738,0.08852,0.052138,0.045285,0.099255,,1709600,,
0,0,,0.483561,0.027631,0.0228,0.029285,0.133914,0.023303,0.097562,0.045427,0.061701,0.074817,,1711300,,
0,0,,0.532768,0.019396,0.021654,0.028465,0.140567,0.020335,0.102468,0.044993,0.038162,0.051192,,1710800,,
0,0,,0.435071,0.03947,0.024109,0.029637,0.175023,0.023128,0.082161,0.043637,0.039886,0.107877,,1707700,,
0,0,,0.538956,0.019567,0.021883,0.028967,0.128465,0.026878,0.108816,0.04456,0.039249,0.042658,,1709900,,
0,0,,0.452789,0.042306,0.015277,0.046075,0.173582,0.037136,0.089163,0.046328,0.035246,0.062097,,1740600,,
0,0,,0.491283,0.024076,0.020067,0.028851,0.173682,0.019496,0.096975,0.040603,0.052609,0.052357,,1749200,,
0,0,,0.475377,0.018192,0.023314,0.045526,0.135553,0.03205,0.134482,0.03874,0.038422,0.058345,,1723200,,
0,0,,0.433497,0.028281,0.021977,0.028817,0.137636,0.038931,0.152208,0.043153,0.072845,0.042655,,1723900,,
0,0,,0.495442,0.029294,0.029543,0.032106,0.137632,0.047796,0.097125,0.051898,0.035538,0.043626,,1724700,,
0,0,,0.513087,0.021942,0.014815,0.01953,0.132001,0.053595,0.11764,0.047389,0.046664,0.033337,,1720400,,
0,0,,0.397843,0.031992,0.016539,0.05611,0.150277,0.024376,0.116941,0.077077,0.0637,0.065144,,1713900,,
0,0,,0.507035,0.026155,0.020114,0.02218,0.171798,0.022564,0.074709,0.0646,0.047945,0.042899,,1712900,,
0,0,,0.512231,0.018448,0.021441,0.057689,0.126018,0.037045,0.11146,0.035072,0.033832,0.046762,,1727000,,
0,0,,0.481283,0.019119,0.021652,0.029177,0.143486,0.021633,0.125792,0.039839,0.040542,0.077477,,1736600,,
0,0,,0.516784,0.021998,0.023012,0.050317,0.119732,0.043429,0.085298,0.040073,0.038221,0.061136,,1739500,,
0,0,,0.257687,0.077286,0.049682,0.052075,0.128792,0.044058,0.058095,0.099519,0.096007,0.136798,,1726800,,
0,0,,0.390895,0.046352,0.041137,0.023274,0.155878,0.03672,0.082398,0.06024,0.12556,0.037545,,1722100,,
0,0,,0.559192,0.019269,0.021516,0.0286,0.14,0.020554,0.083956,0.045119,0.038506,0.043287,,1710300,,
0,0,,0.370158,0.026993,0.017405,0.044292,0.238164,0.074143,0.09805,0.047211,0.034323,0.049261,,1716700,,
0,0,,0.47132,0.030732,0.022687,0.048898,0.151065,0.018743,0.085359,0.054912,0.059515,0.05677,,1723100,,
0,0,,0.497048,0.046383,0.017625,0.058701,0.121781,0.032901,0.07529,0.051283,0.042866,0.056122,,1725900,,
0,0,,0.333716,0.028696,0.020958,0.017632,0.202387,0.142033,0.123147,0.05575,0.046936,0.028745,,1729200,,
0,0,,0.394338,0.02707,0.022291,0.040525,0.132018,0.036198,0.150661,0.060989,0.07975,0.056159,,1741400,,
0,0,,0.526933,0.019419,0.021951,0.029144,0.117939,0.025015,0.13359,0.041267,0.040753,0.043989,,1746900,,
0,0,,0.526933,0.019419,0.021951,0.029144,0.117939,0.025015,0.13359,0.041267,0.040753,0.043989,,1723700,,
0,0,,0.505949,0.02895,0.012522,0.040445,0.152373,0.026912,0.087702,0.056407,0.049113,0.039627,,1727600,,
0,0,,0.465859,0.018197,0.014481,0.017362,0.193517,0.071128,0.119212,0.043502,0.030332,0.026409,,1720200,,
0,0,,0.521318,0.024615,0.015997,0.044062,0.133125,0.028406,0.076526,0.053044,0.041253,0.061654,,1728600,,
0,0,,0.519164,0.02316,0.024234,0.064234,0.114708,0.029398,0.082522,0.042999,0.04163,0.05795,,1722700,,
0,0,,0.539819,0.019202,0.021769,0.028784,0.134516,0.023564,0.097019,0.044981,0.039335,0.051012,,1719500,,
0,0,,0.472566,0.02434,0.025193,0.035355,0.133617,0.036861,0.089161,0.048577,0.034321,0.100007,,1721300,,
0,0,,0.485477,0.024192,0.027142,0.077718,0.120625,0.026638,0.08446,0.04629,0.042588,0.064869,,1749700,,
0,0,,0.456283,0.019187,0.024934,0.052082,0.124112,0.04674,0.114509,0.037056,0.033392,0.091703,,1748500,,
0,0,,0.503063,0.019344,0.021733,0.028872,0.148969,0.022784,0.108773,0.043193,0.03963,0.063638,,1724800,,
0,0,,0.52738,0.017967,0.01386,0.016605,0.154133,0.049891,0.119988,0.043624,0.030512,0.026041,,1719800,,
0,0,,0.542997,0.019489,0.02177,0.029208,0.138967,0.023716,0.09787,0.04491,0.03803,0.043043,,1707900,,
0,0,,0.472793,0.022597,0.0217,0.028157,0.180881,0.022318,0.095129,0.053974,0.037911,0.064541,,1720300,,
0,0,,0.559192,0.019269,0.021516,0.0286,0.14,0.020554,0.083956,0.045119,0.038506,0.043287,,1719300,,
0,0,,0.519164,0.02316,0.024234,0.064234,0.114708,0.029398,0.082522,0.042999,0.04163,0.05795,,1722600,,
0,0,,0.47473,0.031841,0.022147,0.068985,0.115506,0.036705,0.068085,0.05781,0.042795,0.081397,,1712100,,
0,0,,0.499192,0.019269,0.021516,0.0286,0.18,0.020554,0.083956,0.065119,0.038506,0.043287,,1744200,,
0,0,,0.518062,0.021716,0.023324,0.050351,0.114769,0.038474,0.094721,0.039053,0.038628,0.060902,,1732200,,
1,1,,0.028578,0.300395,0.054957,0.084091,0.092925,0.059884,0.020817,0.147357,0.129449,0.081547,,1729300,,
1,1,,0.04928,0.315043,0.077408,0.019092,0.109863,0.073981,0.115858,0.057846,0.169122,0.012506,,1724500,,
1,1,,0.009909,0.208458,0.137287,0.137832,0.090147,0.118357,0.069379,0.063683,0.075268,0.089678,,1723500,,
1,1,,0.016285,0.195552,0.166012,0.089467,0.080792,0.082947,0.170288,0.07192,0.069292,0.057444,,1722900,,
1,1,,0.022631,0.342968,0.107649,0.019885,0.11315,0.060612,0.096628,0.098148,0.123782,0.014546,,1724200,,
1,1,,0.027318,0.224164,0.075557,0.097869,0.100161,0.094272,0.019821,0.11116,0.089084,0.160594,,1724700,,
1,1,,0.005357,0.289786,0.193917,0.081764,0.074803,0.094247,0.034553,0.104036,0.057777,0.06376,,1745500,,
1,1,,0.04825,0.301274,0.061283,0.059972,0.138991,0.055486,0.019898,0.131784,0.121838,0.061223,,1721600,,
1,1,,0.026836,0.292965,0.081869,0.023216,0.133288,0.042451,0.033933,0.13353,0.206457,0.025456,,1731900,,
1,1,,0.023107,0.307757,0.091695,0.019216,0.158347,0.063329,0.078177,0.094841,0.14731,0.016221,,1728600,,
1,1,,0.017553,0.312872,0.113328,0.044595,0.106593,0.074899,0.067358,0.115673,0.1135,0.033629,,1720400,,
1,1,,0.008361,0.333462,0.084519,0.084992,0.093464,0.129408,0.040692,0.067747,0.056574,0.100779,,1728600,,
1,1,,0.018688,0.319006,0.075262,0.077344,0.078777,0.057808,0.023427,0.141969,0.148193,0.059526,,1733800,,
1,1,,0.007597,0.291776,0.146919,0.082891,0.079881,0.135486,0.048541,0.06027,0.063029,0.083611,,1722300,,
1,1,,0.040325,0.320984,0.099255,0.024325,0.086983,0.04929,0.047276,0.126053,0.187884,0.017626,,1728600,,
1,9,,0.064365,0.150674,0.065069,0.136291,0.04791,0.093052,0.013257,0.09006,0.064736,0.274586,,1742100,,
1,1,,0.028047,0.278722,0.054913,0.071153,0.13573,0.081175,0.02227,0.131781,0.124932,0.071278,,1721600,,
1,1,,0.009876,0.244507,0.112004,0.118904,0.099195,0.104584,0.029877,0.058534,0.113435,0.109085,,1727000,,
1,1,,0.018592,0.247586,0.189365,0.067864,0.066232,0.053402,0.045832,0.100389,0.182442,0.028295,,1725600,,
1,1,,0.027683,0.320253,0.120564,0.073308,0.070459,0.041614,0.037929,0.115664,0.147874,0.044652,,1722900,,
1,1,,0.09583,0.207533,0.049055,0.145024,0.102741,0.076989,0.025641,0.102385,0.068275,0.126528,,1726300,,
1,6,,0.032797,0.189955,0.119406,0.061267,0.08647,0.115223,0.198735,0.051671,0.081374,0.063102,,1724300,,
1,1,,0.02496,0.298632,0.108959,0.04108,0.109794,0.071087,0.087228,0.11536,0.112994,0.029905,,1718600,,
1,1,,0.02022,0.345073,0.068642,0.046169,0.130865,0.061363,0.04195,0.113684,0.141264,0.030771,,1726700,,
1,1,,0.03628,0.301098,0.057372,0.100077,0.117175,0.075438,0.015528,0.089584,0.098664,0.108784,,1746200,,
1,1,,0.047943,0.332686,0.056979,0.023791,0.147722,0.043698,0.034254,0.101221,0.186694,0.025011,,1711700,,
1,1,,0.020329,0.333062,0.103418,0.023771,0.093361,0.05048,0.073423,0.119031,0.165389,0.017736,,1729200,,
1,1,,0.041364,0.28086,0.081633,0.029625,0.0868,0.032631,0.032152,0.168737,0.212916,0.033281,,1728200,,
1,1,,0.018635,0.307429,0.116635,0.081933,0.055956,0.067788,0.009994,0.137279,0.105491,0.09886,,1715900,,
1,1,,0.022721,0.304072,0.104978,0.147399,0.06527,0.070655,0.035642,0.079,0.065005,0.105257,,1709500,,
1,1,,0.030496,0.336653,0.115672,0.028259,0.085602,0.034888,0.033313,0.126225,0.179173,0.029718,,1725500,,
1,1,,0.031962,0.19536,0.141052,0.174361,0.068018,0.11891,0.054348,0.042368,0.048974,0.124647,,1727300,,
1,1,,0.022566,0.345708,0.065514,0.019523,0.122803,0.06146,0.061588,0.090543,0.194082,0.016212,,1742900,,
1,1,,0.028578,0.187367,0.151968,0.097696,0.0741,0.083615,0.174725,0.062356,0.067003,0.072592,,1727600,,
1,1,,0.020334,0.325992,0.114486,0.029812,0.086445,0.051638,0.03875,0.131563,0.17871,0.022271,,1723500,,
1,1,,0.005975,0.301383,0.165687,0.089833,0.074834,0.097607,0.034447,0.107967,0.060217,0.062049,,1762600,,
1,1,,0.018518,0.220783,0.092977,0.085576,0.106124,0.089334,0.00838,0.094208,0.099125,0.184975,,1722600,,
1,1,,0.039522,0.272966,0.04957,0.099746,0.121563,0.081952,0.029461,0.092401,0.078594,0.134226,,1725100,,
1,9,,0.100446,0.107481,0.057947,0.1294,0.057383,0.085151,0.015512,0.060388,0.034233,0.352057,,1727800,,
1,1,,0.026161,0.246756,0.059793,0.075465,0.116103,0.056758,0.020181,0.168245,0.163732,0.066806,,1725000,,
1,1,,0.016265,0.351435,0.066326,0.020368,0.126216,0.061003,0.081348,0.066647,0.1949,0.015492,,1726400,,
1,1,,0.071739,0.282762,0.06109,0.022421,0.137258,0.04746,0.042525,0.129408,0.182864,0.022473,,1714500,,
1,1,,0.015635,0.383363,0.072584,0.019143,0.126076,0.062723,0.07852,0.085966,0.140255,0.015733,,1727800,,
1,1,,0.044403,0.303867,0.096507,0.029692,0.114258,0.037977,0.141787,0.061073,0.153125,0.017312,,1724100,,
1,1,,0.00898,0.258092,0.181426,0.146929,0.063115,0.095775,0.047289,0.071515,0.049006,0.077875,,1720900,,
1,1,,0.020962,0.196022,0.103116,0.09583,0.085268,0.151209,0.113402,0.059981,0.068062,0.106149,,1722000,,
1,1,,0.057404,0.266032,0.070285,0.13667,0.053943,0.093086,0.013945,0.065804,0.061597,0.181234,,1732900,,
1,1,,0.004953,0.306934,0.165339,0.090108,0.071865,0.097566,0.026131,0.10385,0.059224,0.074029,,1730800,,
1,1,,0.019474,0.198306,0.18027,0.083285,0.073149,0.126952,0.077165,0.065596,0.076789,0.099013,,1720800,,
1,1,,0.041124,0.305772,0.13702,0.026128,0.108358,0.040791,0.061004,0.080323,0.18157,0.017911,,1725500,,
1,1,,0.012905,0.295041,0.088403,0.082801,0.083593,0.080378,0.031689,0.149278,0.102282,0.07363,,1741000,,
1,1,,0.04169,0.303658,0.053437,0.073407,0.0907,0.081171,0.016562,0.097945,0.10392,0.137509,,1722900,,
1,1,,0.011827,0.241076,0.12074,0.067631,0.101786,0.085064,0.027666,0.17044,0.095765,0.078005,,1715400,,
1,1,,0.054017,0.287687,0.089302,0.02873,0.108977,0.033089,0.033694,0.159447,0.171931,0.033126,,1764900,,
1,1,,0.024909,0.279766,0.05985,0.11271,0.072755,0.073175,0.012212,0.166919,0.097776,0.099928,,1727800,,
1,1,,0.057148,0.284099,0.056179,0.106502,0.068596,0.097627,0.016145,0.072676,0.071696,0.169332,,1722500,,
1,1,,0.049342,0.306917,0.062212,0.101202,0.069388,0.089901,0.026729,0.077832,0.076853,0.139626,,1716400,,
1,1,,0.038717,0.283791,0.065046,0.033735,0.119862,0.028784,0.051934,0.173889,0.168308,0.035934,,1727900,,
1,1,,0.00584,0.302973,0.120738,0.077123,0.081276,0.132823,0.03464,0.095104,0.066312,0.083171,,1759300,,
1,1,,0.034047,0.31414,0.075564,0.0294,0.121812,0.03445,0.033096,0.115699,0.187172,0.05462,,1722500,,
1,1,,0.023097,0.285902,0.077527,0.102544,0.119874,0.087695,0.01375,0.117024,0.082846,0.08974,,1734900,,
1,1,,0.004957,0.303882,0.176688,0.085363,0.071273,0.097413,0.026274,0.109465,0.057015,0.067671,,1724500,,
1,1,,0.018699,0.22934,0.1159,0.097072,0.065965,0.084309,0.012147,0.1375,0.089863,0.149206,,1717700,,
1,1,,0.052104,0.264088,0.058998,0.018063,0.152724,0.060828,0.128659,0.078101,0.170246,0.016189,,1753100,,
1,1,,0.078675,0.310287,0.067991,0.05562,0.098698,0.041232,0.037337,0.146224,0.108266,0.055669,,1731600,,
1,1,,0.013288,0.281388,0.170812,0.075704,0.071762,0.08888,0.030735,0.109819,0.100171,0.057439,,1731400,,
1,1,,0.026649,0.258673,0.054205,0.106936,0.122459,0.089103,0.015416,0.096642,0.086135,0.143781,,1724200,,
1,1,,0.007726,0.33932,0.110293,0.071585,0.09926,0.117432,0.035031,0.068395,0.066429,0.084528,,1741300,,
1,1,,0.005378,0.228037,0.20189,0.078831,0.065111,0.088688,0.016,0.10523,0.132748,0.078088,,1725000,,
1,1,,0.01483,0.321074,0.090103,0.042713,0.104287,0.081529,0.083593,0.109771,0.11967,0.032431,,1734200,,
1,1,,0.026276,0.315657,0.079152,0.15212,0.059684,0.100718,0.025519,0.059943,0.06097,0.11996,,1728500,,
1,1,,0.041977,0.338642,0.077162,0.023724,0.138502,0.054563,0.056497,0.08482,0.163423,0.020689,,1726300,,
1,2,,0.023607,0.176444,0.182606,0.079135,0.072532,0.14875,0.08278,0.059434,0.07706,0.097652,,1735600,,
1,1,,0.019891,0.296402,0.133801,0.057293,0.087198,0.080488,0.031325,0.122184,0.125744,0.045674,,1727900,,
1,1,,0.024526,0.294645,0.059411,0.129282,0.091705,0.089667,0.014639,0.111504,0.084028,0.100592,,1722900,,
1,1,,0.015219,0.348721,0.068903,0.019234,0.119165,0.081705,0.061995,0.088506,0.180388,0.016164,,1725700,,
1,1,,0.063756,0.212716,0.085527,0.095601,0.125835,0.044415,0.037587,0.152937,0.09246,0.089165,,1733000,,
1,1,,0.043627,0.234261,0.05579,0.12513,0.086059,0.077463,0.012695,0.117357,0.098801,0.148817,,1715100,,
1,1,,0.034155,0.297092,0.077249,0.124425,0.069347,0.076812,0.014078,0.132351,0.080376,0.094116,,1721000,,
1,1,,0.08812,0.200623,0.051983,0.178061,0.056434,0.078638,0.017668,0.08091,0.047891,0.199671,,1723300,,
1,1,,0.015915,0.376889,0.115379,0.021046,0.109558,0.052157,0.093117,0.059054,0.142769,0.014116,,1733800,,
1,1,,0.082803,0.212642,0.043189,0.147584,0.06642,0.10872,0.013614,0.082017,0.049228,0.193784,,1725000,,
1,1,,0.04284,0.341589,0.079706,0.031013,0.091991,0.052303,0.061324,0.10052,0.180125,0.018591,,1724000,,
1,1,,0.012487,0.329327,0.05757,0.101928,0.116712,0.098516,0.028228,0.081686,0.089875,0.083672,,1725600,,
1,1,,0.042406,0.251873,0.058438,0.133301,0.080232,0.095742,0.007765,0.083111,0.077808,0.169323,,1737600,,
1,1,,0.011871,0.32914,0.09785,0.083013,0.085758,0.08031,0.020911,0.129593,0.097547,0.064006,,1710400,,
1,1,,0.019618,0.295824,0.112877,0.072323,0.085089,0.079139,0.017511,0.088321,0.099275,0.130023,,1732400,,
1,1,,0.015969,0.319882,0.08926,0.019001,0.146829,0.062017,0.096463,0.084287,0.151388,0.014902,,1726500,,
1,1,,0.024903,0.264649,0.076267,0.099788,0.112258,0.074969,0.020404,0.093042,0.118493,0.115228,,1721600,,
1,2,,0.008957,0.169702,0.171845,0.108747,0.076209,0.131065,0.092809,0.079139,0.078373,0.083154,,1713800,,
1,1,,0.021598,0.341804,0.094063,0.024026,0.100109,0.059915,0.060647,0.137234,0.143988,0.016617,,1753200,,
1,1,,0.030797,0.296891,0.12646,0.026165,0.092138,0.044116,0.068648,0.114354,0.178273,0.022157,,1736900,,
1,1,,0.004848,0.335151,0.139678,0.086891,0.067316,0.097403,0.017889,0.106197,0.07051,0.074117,,1731300,,
1,1,,0.035387,0.302877,0.060843,0.039607,0.143014,0.034386,0.033277,0.119206,0.193904,0.037497,,1730800,,
1,3,,0.011928,0.15661,0.09112,0.265932,0.051956,0.098368,0.054715,0.043814,0.050079,0.175476,,1727400,,
1,1,,0.125178,0.232845,0.056421,0.110931,0.099412,0.066052,0.012757,0.11096,0.074308,0.111135,,1728800,,
1,1,,0.047004,0.362494,0.084527,0.027243,0.082943,0.040925,0.03371,0.115352,0.179991,0.025811,,1729900,,
1,1,,0.013914,0.294696,0.135984,0.084932,0.081694,0.081995,0.023019,0.109685,0.086624,0.087457,,1729900,,
1,9,,0.076331,0.187355,0.053489,0.153478,0.055732,0.109391,0.019986,0.107875,0.043542,0.192819,,1725800,,
1,1,,0.038141,0.258947,0.060486,0.037155,0.14025,0.03067,0.037606,0.146462,0.21407,0.036213,,1742400,,
1,1,,0.028848,0.26968,0.106084,0.101756,0.066181,0.064229,0.014355,0.148071,0.083373,0.117423,,1734700,,
1,1,,0.018347,0.239222,0.078745,0.016409,0.127119,0.092096,0.162299,0.10429,0.147363,0.01411,,1729800,,
1,1,,0.047421,0.234866,0.079341,0.125284,0.066679,0.072676,0.018811,0.090191,0.07582,0.188911,,1756300,,
1,1,,0.024408,0.308207,0.090197,0.019953,0.147729,0.063204,0.090358,0.096253,0.145434,0.014257,,1739500,,
1,1,,0.041393,0.309581,0.081633,0.030074,0.084714,0.031404,0.032549,0.119487,0.236177,0.032988,,1718500,,
1,1,,0.050525,0.286918,0.111149,0.02834,0.104599,0.034225,0.034071,0.114183,0.205777,0.030212,,1728700,,
1,2,,0.011302,0.195164,0.201765,0.0918,0.061378,0.12217,0.091527,0.055709,0.072186,0.096998,,1727600,,
1,1,,0.064951,0.253164,0.054987,0.095848,0.093862,0.069328,0.017102,0.143911,0.109921,0.096926,,1736300,,
1,1,,0.005776,0.282643,0.196995,0.073244,0.069524,0.072018,0.032666,0.089518,0.124733,0.052885,,1729500,,
1,9,,0.108267,0.181077,0.054385,0.166807,0.057085,0.092602,0.015565,0.060753,0.039618,0.223841,,1738200,,
1,1,,0.024385,0.240839,0.079627,0.063414,0.204863,0.060211,0.055364,0.113893,0.118446,0.038959,,1756700,,
1,1,,0.049637,0.297945,0.139313,0.074791,0.074582,0.044798,0.058575,0.084245,0.132574,0.043541,,1729500,,
1,1,,0.004957,0.303882,0.176688,0.085363,0.071273,0.097413,0.026274,0.109465,0.057015,0.067671,,1724300,,
1,1,,0.064652,0.234185,0.047741,0.024996,0.194339,0.034562,0.040208,0.144827,0.180412,0.034079,,1729100,,
1,1,,0.021544,0.368523,0.111853,0.02346,0.095285,0.040905,0.062212,0.068863,0.190722,0.016632,,1730100,,
2,6,,0.090998,0.067671,0.177584,0.045147,0.093859,0.056345,0.332771,0.026274,0.093577,0.015776,,1726800,,
2,2,,0.050948,0.079253,0.288087,0.056017,0.097158,0.075565,0.182024,0.059509,0.093005,0.018434,,1724700,,
2,2,,0.041963,0.111949,0.321185,0.060382,0.072463,0.041363,0.162475,0.047673,0.118177,0.02237,,1720800,,
2,2,,0.04367,0.085172,0.239429,0.186458,0.07848,0.084573,0.012471,0.078389,0.051484,0.139874,,1761200,,
2,2,,0.049778,0.085482,0.21391,0.09495,0.116786,0.083385,0.013151,0.096656,0.07287,0.173031,,1743200,,
2,2,,0.020234,0.128796,0.306304,0.119133,0.056687,0.086744,0.085632,0.059889,0.045948,0.090632,,1716700,,
2,2,,0.040953,0.091695,0.253821,0.076028,0.065807,0.045128,0.032101,0.169625,0.173999,0.050843,,1713500,,
2,2,,0.060085,0.073988,0.297342,0.115105,0.087676,0.049482,0.144555,0.047528,0.088897,0.035343,,1724400,,
2,1,,0.057541,0.153681,0.137085,0.094975,0.095018,0.080611,0.02627,0.090034,0.115922,0.148864,,1719900,,
2,2,,0.047673,0.118157,0.287319,0.058891,0.066945,0.047379,0.028086,0.161308,0.1313,0.052942,,1706900,,
2,2,,0.010478,0.094464,0.415145,0.091023,0.055978,0.071638,0.080616,0.059154,0.063925,0.05758,,1732800,,
2,2,,0.019942,0.112515,0.345068,0.117408,0.052415,0.069374,0.025393,0.075361,0.066392,0.116131,,1718000,,
2,2,,0.050886,0.092456,0.295146,0.071708,0.062705,0.064276,0.056469,0.10423,0.175435,0.02669,,1748200,,
2,2,,0.03454,0.118909,0.239918,0.110858,0.056324,0.083239,0.021381,0.099114,0.138081,0.097636,,1748800,,
2,2,,0.03675,0.199926,0.21857,0.041745,0.075553,0.07032,0.063104,0.073671,0.173207,0.047154,,1726100,,
2,2,,0.014654,0.161187,0.313006,0.061731,0.084795,0.069367,0.06291,0.104604,0.094613,0.033132,,1726500,,
2,2,,0.020284,0.095407,0.366612,0.113145,0.04883,0.073521,0.038531,0.074086,0.066437,0.103149,,1726900,,
2,2,,0.00765,0.088244,0.380323,0.102622,0.059406,0.094586,0.041663,0.069696,0.067255,0.088554,,1719100,,
2,2,,0.054024,0.12907,0.227505,0.09442,0.074829,0.081287,0.0198,0.059203,0.080234,0.179628,,1728900,,
2,2,,0.021852,0.094446,0.373679,0.081911,0.057183,0.088205,0.057246,0.060814,0.064763,0.099903,,1716800,,
2,2,,0.008425,0.100722,0.377671,0.087835,0.055108,0.073515,0.088366,0.087221,0.066597,0.054541,,1726200,,
2,2,,0.034408,0.109369,0.355177,0.096092,0.053588,0.089442,0.034751,0.063968,0.05966,0.103546,,1961500,,
2,2,,0.040017,0.107567,0.327088,0.060253,0.068557,0.030091,0.066012,0.092952,0.18603,0.021433,,3349600,,
2,2,,0.041153,0.115153,0.311932,0.042316,0.095095,0.044562,0.172344,0.056541,0.100924,0.019981,,3279200,,
2,2,,0.056886,0.123729,0.308678,0.059387,0.073986,0.067586,0.07798,0.069585,0.112619,0.049565,,3270100,,
2,2,,0.019677,0.112849,0.339547,0.14242,0.044943,0.082462,0.024781,0.083707,0.056086,0.093528,,3256300,,
2,2,,0.045653,0.083031,0.23289,0.086425,0.101461,0.095644,0.017193,0.092052,0.070507,0.175142,,3095100,,
2,2,,0.017305,0.10418,0.386293,0.059094,0.070639,0.066507,0.109055,0.047873,0.094117,0.044937,,1707700,,
2,2,,0.039885,0.099042,0.294921,0.137177,0.061858,0.067982,0.052368,0.097589,0.105449,0.043728,,1700800,,
2,2,,0.03449,0.094097,0.328055,0.101813,0.053565,0.09387,0.060088,0.096768,0.05342,0.083834,,1697000,,
2,2,,0.018902,0.121706,0.370467,0.041963,0.069842,0.038071,0.136235,0.056623,0.12852,0.017672,,1705700,,
2,2,,0.020251,0.095543,0.364122,0.102513,0.052207,0.077769,0.038498,0.072997,0.057079,0.119022,,1699100,,
2,2,,0.035926,0.119456,0.214915,0.124153,0.071239,0.110674,0.051089,0.0426,0.071474,0.158474,,1700800,,
2,2,,0.058211,0.13138,0.268535,0.027191,0.095828,0.068963,0.183022,0.052198,0.095659,0.019012,,1716100,,
2,2,,0.022563,0.101375,0.209775,0.11922,0.092958,0.086656,0.01279,0.09021,0.075736,0.188717,,1733500,,
2,2,,0.014491,0.11431,0.331227,0.136436,0.049744,0.077912,0.028476,0.101399,0.088447,0.057559,,1733700,,
2,2,,0.047648,0.109614,0.203299,0.1153,0.055943,0.077092,0.013017,0.129574,0.097024,0.151489,,1705600,,
2,2,,0.017556,0.111346,0.338187,0.059973,0.0647,0.090628,0.11646,0.055777,0.096171,0.049202,,1704700,,
2,2,,0.036682,0.095694,0.378972,0.080005,0.060859,0.052745,0.069938,0.072219,0.10758,0.045307,,1700800,,
2,2,,0.009091,0.093364,0.363722,0.135774,0.058719,0.085937,0.049508,0.065061,0.050385,0.08844,,1696100,,
2,2,,0.034977,0.093176,0.382781,0.099204,0.052912,0.074135,0.038498,0.07132,0.057569,0.095429,,1698700,,
2,2,,0.02417,0.128545,0.275891,0.140727,0.048308,0.075369,0.015068,0.095358,0.054291,0.142275,,1718600,,
2,2,,0.034549,0.110207,0.320827,0.110857,0.057102,0.080457,0.037346,0.072868,0.058541,0.117247,,1713200,,
2,2,,0.033099,0.157105,0.256364,0.107643,0.049405,0.065342,0.013273,0.114137,0.09423,0.109403,,1731600,,
2,2,,0.06526,0.11896,0.260723,0.108064,0.058131,0.051343,0.067567,0.080358,0.126728,0.062867,,1720400,,
2,2,,0.040362,0.103613,0.301833,0.102703,0.063086,0.125144,0.038324,0.081594,0.052835,0.090506,,1710200,,
2,6,,0.093045,0.083144,0.157615,0.041096,0.095342,0.076449,0.345718,0.017019,0.074626,0.015945,,1700100,,
2,2,,0.028747,0.118747,0.331927,0.066515,0.05903,0.043499,0.096305,0.088221,0.149179,0.017831,,1714900,,
2,2,,0.007442,0.099121,0.36552,0.11418,0.060279,0.096678,0.043218,0.061475,0.069419,0.082669,,1711400,,
2,2,,0.01161,0.121027,0.33847,0.093676,0.056615,0.077473,0.075233,0.086826,0.074313,0.064758,,1721800,,
2,2,,0.022602,0.106535,0.347259,0.069338,0.057784,0.046297,0.050432,0.075455,0.149829,0.074469,,1715300,,
2,2,,0.029423,0.086641,0.311253,0.096011,0.075364,0.049123,0.129163,0.051133,0.136101,0.035787,,1785600,,
2,2,,0.050288,0.102326,0.343637,0.060102,0.065532,0.039759,0.081872,0.060125,0.174566,0.021791,,1735900,,
2,2,,0.052739,0.066286,0.269132,0.1351,0.083839,0.049588,0.164685,0.046344,0.096988,0.035298,,1715300,,
2,2,,0.01749,0.109575,0.334254,0.0707,0.062406,0.058941,0.08242,0.06964,0.154843,0.039732,,1722200,,
2,2,,0.009808,0.089679,0.3407,0.094105,0.066626,0.108109,0.056016,0.085217,0.074496,0.075246,,1715200,,
2,2,,0.020324,0.092504,0.338441,0.104904,0.053289,0.098219,0.034418,0.068214,0.056394,0.133295,,1715300,,
2,2,,0.028931,0.092854,0.37734,0.081039,0.05127,0.077115,0.059865,0.054824,0.116475,0.060285,,1711800,,
2,2,,0.056345,0.144475,0.224883,0.098179,0.068465,0.093989,0.053537,0.067229,0.057123,0.135775,,1708200,,
2,2,,0.008626,0.084444,0.371707,0.081863,0.062316,0.094666,0.085419,0.076116,0.074262,0.060581,,1711500,,
2,2,,0.008378,0.088893,0.409824,0.087992,0.061277,0.085828,0.055626,0.056957,0.064431,0.080794,,1710600,,
2,2,,0.071178,0.112565,0.286848,0.033887,0.104122,0.051581,0.17146,0.072024,0.079144,0.01719,,1724000,,
2,2,,0.020464,0.091413,0.356359,0.086774,0.056405,0.087523,0.038892,0.067912,0.073111,0.121147,,1710600,,
2,2,,0.009843,0.203591,0.229929,0.076333,0.097216,0.100644,0.085019,0.062411,0.070227,0.064787,,1720900,,
2,2,,0.024898,0.105479,0.412892,0.04867,0.074848,0.03477,0.103985,0.05962,0.117848,0.016989,,1711100,,
2,9,,0.066581,0.074833,0.203336,0.121578,0.057912,0.091344,0.031939,0.061057,0.046678,0.244743,,1716100,,
2,2,,0.062069,0.077696,0.25806,0.108737,0.086298,0.078052,0.164898,0.045155,0.085789,0.033245,,1709700,,
2,2,,0.032926,0.151572,0.213447,0.092572,0.056903,0.085605,0.014875,0.150816,0.066204,0.135079,,1715400,,
2,2,,0.039876,0.127975,0.244986,0.057785,0.060215,0.044196,0.057688,0.164041,0.153704,0.049535,,1708600,,
2,2,,0.035894,0.074861,0.352067,0.150134,0.043544,0.075833,0.026681,0.076984,0.047912,0.116089,,1731000,,
2,2,,0.033063,0.087478,0.333582,0.108535,0.048116,0.063083,0.013299,0.119882,0.094095,0.098866,,1709800,,
2,2,,0.033035,0.092787,0.317562,0.09364,0.050854,0.057433,0.072235,0.08854,0.132732,0.061181,,1710300,,
2,2,,0.033177,0.091325,0.259628,0.108402,0.078168,0.090664,0.013378,0.111085,0.090767,0.123404,,1708100,,
2,2,,0.029453,0.094567,0.256341,0.118353,0.072085,0.031234,0.035385,0.088945,0.238438,0.0352,,1716000,,
2,2,,0.025588,0.136626,0.224025,0.086389,0.095504,0.079091,0.029186,0.085791,0.080659,0.15714,,1710500,,
2,2,,0.021022,0.099119,0.374236,0.097584,0.047952,0.067189,0.046001,0.096065,0.072714,0.078117,,1711200,,
2,2,,0.033764,0.092056,0.303582,0.104387,0.050025,0.065622,0.044876,0.101459,0.084107,0.120122,,1709200,,
2,2,,0.032159,0.100901,0.260819,0.096978,0.058677,0.052962,0.019719,0.157431,0.154815,0.06554,,1713000,,
2,2,,0.092905,0.059318,0.243431,0.060837,0.102212,0.083053,0.232116,0.032657,0.064851,0.028621,,1735400,,
2,2,,0.021999,0.098815,0.356568,0.092873,0.050544,0.060101,0.031067,0.108886,0.11248,0.066666,,1708700,,
2,2,,0.02034,0.098756,0.382909,0.098906,0.054254,0.074064,0.038531,0.074414,0.08265,0.075176,,1713100,,
2,1,,0.047726,0.205151,0.159249,0.035123,0.072054,0.065437,0.033114,0.13176,0.203167,0.047219,,1717100,,
2,2,,0.021858,0.136999,0.302211,0.074334,0.054498,0.080787,0.094896,0.05688,0.114272,0.063264,,1769100,,
2,2,,0.042553,0.119289,0.336813,0.034758,0.091271,0.042909,0.163353,0.051468,0.101534,0.016053,,1719200,,
2,9,,0.096302,0.070315,0.156732,0.188752,0.046882,0.085738,0.012752,0.079161,0.045257,0.218109,,1718100,,
2,2,,0.039287,0.137335,0.261139,0.115376,0.059968,0.083458,0.026421,0.115054,0.07885,0.083113,,1721900,,
2,2,,0.033877,0.080332,0.328083,0.072866,0.070193,0.062574,0.173025,0.073048,0.061436,0.044566,,1710800,,
2,2,,0.028627,0.078108,0.345928,0.092182,0.065425,0.050592,0.110046,0.054839,0.140954,0.033299,,1738200,,
2,2,,0.053211,0.13898,0.234044,0.058007,0.087927,0.048476,0.204361,0.046247,0.104533,0.024213,,1718000,,
2,9,,0.080134,0.078731,0.152787,0.092174,0.099847,0.092296,0.037325,0.065285,0.072622,0.2288,,1716700,,
2,2,,0.049255,0.101567,0.280763,0.039322,0.073206,0.031496,0.066634,0.113977,0.209878,0.033902,,1709200,,
2,2,,0.018139,0.108407,0.333518,0.088994,0.070128,0.093403,0.079859,0.083151,0.078208,0.046193,,1725200,,
2,2,,0.03642,0.145944,0.224673,0.062091,0.080348,0.035307,0.053168,0.125713,0.187098,0.049238,,1711200,,
2,6,,0.09197,0.104643,0.229537,0.045904,0.100015,0.047487,0.268616,0.026144,0.071082,0.014603,,1713400,,
2,2,,0.038024,0.125105,0.236951,0.207259,0.04659,0.088441,0.032267,0.065202,0.039891,0.120269,,1717200,,
2,2,,0.009616,0.153214,0.269239,0.090029,0.073232,0.108513,0.05583,0.058935,0.071911,0.109481,,1739800,,
2,2,,0.034096,0.173913,0.216968,0.074757,0.074361,0.073387,0.017628,0.099531,0.119176,0.116185,,1717000,,
2,2,,0.017809,0.16462,0.314345,0.044087,0.069042,0.044025,0.124591,0.065111,0.130199,0.026171,,1709500,,
2,2,,0.030375,0.129108,0.341064,0.103379,0.052757,0.064808,0.02576,0.082436,0.075205,0.095107,,1712500,,
2,2,,0.00787,0.107382,0.394735,0.132233,0.052172,0.072971,0.049375,0.063621,0.05663,0.063013,,1715900,,
2,2,,0.009197,0.094394,0.424006,0.096743,0.055162,0.068309,0.06838,0.061206,0.064842,0.05776,,1711700,,
2,2,,0.008381,0.140597,0.275446,0.08398,0.0608,0.11575,0.047872,0.063215,0.075234,0.128726,,1722800,,
2,2,,0.025604,0.12217,0.356505,0.077986,0.057721,0.064849,0.024496,0.089988,0.11975,0.060932,,1712900,,
2,2,,0.041817,0.10213,0.218746,0.101545,0.07322,0.053348,0.038107,0.160091,0.178446,0.03255,,1714000,,
2,6,,0.159785,0.024859,0.075311,0.031098,0.115348,0.100232,0.382281,0.02274,0.065234,0.023113,,1731400,,
2,2,,0.036168,0.138297,0.341293,0.064206,0.065494,0.050871,0.061809,0.068675,0.126388,0.0468,,1711100,,
2,2,,0.041581,0.090755,0.371392,0.066083,0.070737,0.058644,0.138038,0.05613,0.068117,0.038524,,1707200,,
2,2,,0.059003,0.096482,0.232306,0.134957,0.051678,0.085245,0.013617,0.06969,0.060959,0.196063,,1715900,,
2,2,,0.033865,0.110933,0.221797,0.104535,0.055821,0.077281,0.013043,0.125821,0.077809,0.179095,,1712800,,
2,2,,0.041246,0.092932,0.310004,0.08214,0.07855,0.041175,0.127463,0.061243,0.147045,0.018201,,1714800,,
2,2,,0.007526,0.108826,0.390945,0.121593,0.052733,0.07668,0.041096,0.065568,0.056081,0.078951,,1722800,,
2,1,,0.044007,0.228385,0.210629,0.068801,0.071467,0.067404,0.049974,0.064053,0.147893,0.047386,,1740200,,
3,3,,0.04295,0.086458,0.070631,0.258254,0.061259,0.145862,0.030404,0.06014,0.084438,0.159603,,1723800,,
3,3,,0.043091,0.076111,0.08018,0.326671,0.062468,0.113864,0.060004,0.090843,0.027791,0.118978,,1725800,,
3,3,,0.025493,0.095813,0.073141,0.375293,0.044039,0.080584,0.012601,0.065375,0.074824,0.152835,,1715800,,
3,9,,0.049089,0.080028,0.059469,0.215317,0.062326,0.087991,0.036402,0.072772,0.060923,0.275684,,1719800,,
3,3,,0.025769,0.067562,0.085966,0.396016,0.051954,0.084853,0.015165,0.068909,0.072859,0.130948,,1712000,,
3,3,,0.012943,0.079108,0.144311,0.342,0.05764,0.120284,0.046475,0.053501,0.043394,0.100343,,1713000,,
3,3,,0.069091,0.097416,0.060179,0.232647,0.061752,0.104926,0.015124,0.070837,0.069029,0.219,,1711300,,
3,3,,0.026241,0.092139,0.065955,0.36019,0.059903,0.083765,0.026473,0.070931,0.11871,0.095692,,1737000,,
3,3,,0.043759,0.068229,0.058809,0.334216,0.05129,0.078773,0.01647,0.06481,0.058127,0.225517,,1710300,,
3,3,,0.023549,0.081465,0.050944,0.314814,0.062912,0.092413,0.055911,0.065623,0.054635,0.197736,,1715700,,
3,3,,0.014414,0.098996,0.135846,0.274767,0.056896,0.127457,0.087791,0.045419,0.042594,0.115821,,1737600,,
3,3,,0.046047,0.07408,0.089028,0.249397,0.057362,0.075152,0.05024,0.071539,0.061023,0.226132,,1722000,,
3,3,,0.038705,0.0741,0.132102,0.322349,0.04488,0.085987,0.018543,0.059525,0.043436,0.180373,,1710000,,
3,3,,0.108968,0.055108,0.053147,0.281903,0.086384,0.087694,0.083517,0.056169,0.090128,0.096982,,1715000,,
3,3,,0.029363,0.064509,0.088235,0.271674,0.056215,0.090986,0.023477,0.091466,0.048672,0.235403,,1712200,,
3,8,,0.064399,0.112668,0.116733,0.110643,0.069892,0.038712,0.099219,0.122266,0.174576,0.090892,,1729200,,
3,3,,0.023018,0.061208,0.080288,0.422619,0.054996,0.089136,0.031758,0.071436,0.049028,0.116513,,1711800,,
3,3,,0.029496,0.066961,0.088819,0.321574,0.059856,0.110208,0.020352,0.064813,0.057129,0.180793,,1711900,,
3,3,,0.113743,0.104114,0.077746,0.233229,0.062689,0.089563,0.020628,0.072154,0.072758,0.153376,,1728500,,
3,9,,0.043998,0.099979,0.116571,0.176581,0.058264,0.107015,0.015687,0.106407,0.051693,0.223804,,1713400,,
3,3,,0.020123,0.098242,0.070454,0.312483,0.048645,0.090912,0.055539,0.063767,0.071844,0.167991,,1712400,,
3,3,,0.019854,0.100998,0.133715,0.18102,0.056336,0.095617,0.005432,0.173493,0.085406,0.148128,,1713900,,
3,3,,0.072664,0.082666,0.122935,0.27867,0.054181,0.074075,0.015235,0.073887,0.05675,0.168937,,1723800,,
3,3,,0.035934,0.080767,0.090159,0.355067,0.051816,0.088567,0.005414,0.076853,0.059865,0.155558,,1709400,,
3,3,,0.029678,0.112376,0.120505,0.306042,0.041494,0.089786,0.012718,0.077515,0.0606,0.149286,,1711500,,
3,9,,0.12203,0.056704,0.049979,0.198465,0.060383,0.072122,0.022852,0.056179,0.070451,0.290835,,1722600,,
3,3,,0.037203,0.070463,0.091613,0.387836,0.052765,0.108013,0.029723,0.052131,0.040743,0.12951,,1709300,,
3,1,,0.036055,0.15782,0.118615,0.10041,0.067851,0.119676,0.046145,0.061386,0.143799,0.148245,,1734500,,
3,9,,0.058454,0.076325,0.103847,0.179213,0.056373,0.100976,0.015812,0.101496,0.046662,0.260843,,1712400,,
3,3,,0.029478,0.070712,0.082345,0.276578,0.060621,0.115866,0.038384,0.089171,0.057291,0.179555,,1713600,,
3,3,,0.035851,0.093813,0.059204,0.313122,0.052209,0.080674,0.017753,0.087657,0.048339,0.211378,,1711100,,
3,3,,0.062899,0.065018,0.076145,0.309997,0.054176,0.081942,0.016135,0.064045,0.04504,0.224603,,1709800,,
3,3,,0.023671,0.060155,0.070414,0.301603,0.059825,0.112267,0.063049,0.063179,0.048112,0.197724,,1713400,,
3,3,,0.023004,0.075794,0.082967,0.390221,0.048732,0.098086,0.027196,0.054648,0.042787,0.156565,,1716800,,
3,3,,0.043306,0.072382,0.087617,0.381904,0.050277,0.092059,0.005183,0.070386,0.049171,0.147715,,1736300,,
3,3,,0.011572,0.129472,0.120256,0.323233,0.042459,0.112434,0.01664,0.055123,0.06694,0.12187,,1713300,,
3,3,,0.013757,0.094335,0.086253,0.371985,0.055671,0.121729,0.0486,0.043515,0.064504,0.099652,,1735500,,
3,3,,0.057623,0.059596,0.07175,0.307517,0.080863,0.080029,0.0897,0.091094,0.08544,0.076386,,1717200,,
3,3,,0.072495,0.063522,0.094309,0.32743,0.071308,0.090372,0.051698,0.059387,0.075717,0.093764,,1709400,,
3,3,,0.041476,0.075721,0.050862,0.28823,0.067423,0.064983,0.049896,0.117568,0.09434,0.149502,,1713400,,
