optical,Tuned_CWT,test,0,NANOSECONDS,PREDICTIONS, Generated by ClassifierExperiments.java on 2022-05-16 02:07:57.    SYSTEMPROPERTIES:{user.name:matth,os.arch:amd64,os.name:Windows 10},ENDSYSTEMPROPERTIES
No parameter info
0.8768821966341895,2025161100,1944191600,-1,92628456,10,,-1,-1
0,0,,0.407559,0.055235,0.039285,0.022011,0.147449,0.052375,0.149607,0.03029,0.067128,0.029061,,1946500,,
0,0,,0.480067,0.040494,0.018098,0.02249,0.123863,0.034464,0.158655,0.03241,0.04752,0.041938,,1787900,,
0,0,,0.3415,0.060173,0.037951,0.032964,0.123093,0.049095,0.244498,0.027919,0.0402,0.042607,,1801200,,
0,0,,0.389716,0.046896,0.019427,0.026647,0.102731,0.074057,0.166026,0.030921,0.038311,0.105269,,1766300,,
0,0,,0.30007,0.079121,0.037825,0.070141,0.083341,0.127066,0.06254,0.053096,0.034553,0.152245,,1766800,,
0,0,,0.415052,0.047459,0.020623,0.032108,0.114793,0.071636,0.113808,0.032748,0.040922,0.110849,,1781000,,
0,0,,0.459111,0.063507,0.030814,0.030367,0.097571,0.06406,0.117317,0.057146,0.031188,0.048921,,1764500,,
0,0,,0.445649,0.058315,0.021276,0.026318,0.128636,0.041683,0.134145,0.032046,0.038414,0.073518,,1758900,,
0,0,,0.219632,0.074359,0.081907,0.097268,0.079158,0.109266,0.058282,0.103448,0.035916,0.140764,,1767800,,
0,0,,0.417159,0.04625,0.022428,0.031623,0.130695,0.030953,0.177734,0.035097,0.041327,0.066732,,1766600,,
0,0,,0.298929,0.05761,0.035892,0.013653,0.214181,0.026556,0.153556,0.096985,0.06544,0.037199,,1762300,,
0,0,,0.443887,0.042244,0.045598,0.022153,0.131007,0.035263,0.141231,0.030455,0.035312,0.07285,,1775100,,
0,0,,0.345371,0.057501,0.023753,0.021572,0.188005,0.069071,0.190441,0.030535,0.036634,0.037118,,1775000,,
0,0,,0.496628,0.037499,0.03712,0.021469,0.132985,0.034007,0.138471,0.031837,0.031167,0.038817,,1769300,,
0,0,,0.516746,0.037818,0.019492,0.021956,0.113924,0.034331,0.138471,0.032325,0.03241,0.052527,,1762700,,
0,0,,0.500554,0.038603,0.01712,0.021469,0.116996,0.035103,0.138601,0.052162,0.032141,0.047251,,1763900,,
0,0,,0.431309,0.047364,0.039759,0.023486,0.114577,0.035322,0.158601,0.032628,0.056379,0.060575,,1763100,,
0,0,,0.443018,0.039504,0.019658,0.025513,0.125079,0.039458,0.136055,0.030045,0.051586,0.090084,,1765700,,
0,0,,0.382552,0.049126,0.039614,0.023739,0.129191,0.06894,0.197309,0.035786,0.037146,0.036597,,1764500,,
0,0,,0.462373,0.038603,0.01712,0.021469,0.156087,0.035103,0.138601,0.032162,0.031232,0.067251,,1770300,,
0,0,,0.382199,0.051817,0.049909,0.028164,0.133124,0.076476,0.140561,0.029627,0.059119,0.049005,,1779300,,
0,0,,0.466999,0.040117,0.017383,0.021655,0.131258,0.063051,0.114923,0.032492,0.052287,0.059835,,1795200,,
0,0,,0.426918,0.049673,0.023848,0.028725,0.10715,0.05598,0.136015,0.05565,0.056724,0.059317,,1712700,,
0,0,,0.47885,0.037499,0.01712,0.021469,0.132985,0.034007,0.138471,0.051837,0.048945,0.038817,,1691300,,
0,0,,0.476452,0.038461,0.021376,0.022725,0.133919,0.034681,0.138343,0.034264,0.033465,0.066314,,1696300,,
0,0,,0.384468,0.056759,0.029862,0.060171,0.096325,0.086047,0.119626,0.039121,0.056352,0.07127,,1702600,,
0,0,,0.427093,0.05225,0.019011,0.022265,0.119132,0.067656,0.122788,0.056229,0.040371,0.073206,,1697500,,
0,0,,0.501781,0.045346,0.037135,0.02155,0.116106,0.054216,0.119989,0.033082,0.032808,0.037987,,1696300,,
0,0,,0.390143,0.05395,0.037363,0.007115,0.149601,0.031775,0.217255,0.055568,0.044629,0.012602,,1698400,,
0,0,,0.439953,0.046688,0.018375,0.034947,0.120831,0.060597,0.132889,0.037882,0.050082,0.057755,,1752700,,
0,0,,0.36829,0.054944,0.057181,0.006799,0.142168,0.02148,0.214937,0.055682,0.060187,0.018331,,1700800,,
0,0,,0.441441,0.042096,0.02661,0.025108,0.10676,0.054784,0.146179,0.064942,0.03202,0.060062,,1692600,,
0,0,,0.429125,0.03742,0.037313,0.022116,0.107191,0.03811,0.22861,0.031486,0.031433,0.037198,,1695500,,
0,0,,0.516628,0.037499,0.01712,0.021469,0.112985,0.034007,0.118471,0.051837,0.051167,0.038817,,1699300,,
0,0,,0.41227,0.048062,0.042983,0.023952,0.110231,0.040671,0.192723,0.046761,0.04428,0.038067,,1698800,,
0,0,,0.46677,0.037608,0.017301,0.021686,0.147014,0.057298,0.130807,0.031486,0.031495,0.058535,,1704300,,
0,0,,0.501709,0.045346,0.017135,0.021623,0.118468,0.043364,0.127206,0.054587,0.03261,0.037952,,1696900,,
0,0,,0.365132,0.05916,0.027127,0.01144,0.187792,0.023706,0.151719,0.078288,0.057324,0.038313,,1690700,,
0,0,,0.464595,0.038603,0.03712,0.021469,0.116087,0.035103,0.158601,0.032162,0.04901,0.047251,,1738700,,
0,0,,0.314394,0.067401,0.035087,0.034268,0.114178,0.134703,0.131245,0.07845,0.04183,0.048444,,1697700,,
0,0,,0.502373,0.038603,0.01712,0.021469,0.116087,0.035103,0.138601,0.032162,0.051232,0.047251,,1694000,,
0,0,,0.46249,0.038922,0.039492,0.021956,0.117026,0.035427,0.158601,0.03265,0.032475,0.060961,,1693300,,
0,0,,0.446283,0.050479,0.018343,0.022193,0.105467,0.069741,0.147738,0.032912,0.039443,0.0674,,1697700,,
0,0,,0.44249,0.038922,0.039492,0.021956,0.177026,0.035427,0.118601,0.03265,0.032475,0.060961,,1694600,,
0,0,,0.463943,0.047164,0.017213,0.023368,0.118157,0.037475,0.138984,0.061981,0.052167,0.039549,,1697100,,
0,0,,0.318096,0.05741,0.037643,0.007466,0.192911,0.039946,0.234419,0.051939,0.050392,0.009779,,1704200,,
0,0,,0.480306,0.046121,0.01791,0.021705,0.128819,0.037863,0.144101,0.05289,0.032555,0.037731,,1695600,,
0,0,,0.516628,0.037499,0.03712,0.021469,0.112985,0.034007,0.138471,0.031837,0.031167,0.038817,,1702200,,
0,0,,0.434245,0.057668,0.017305,0.023151,0.122172,0.03766,0.198964,0.033045,0.03781,0.03798,,1702800,,
0,0,,0.410701,0.04346,0.017878,0.031094,0.163458,0.053794,0.165984,0.033845,0.033213,0.046572,,1691400,,
0,0,,0.462373,0.038603,0.01712,0.021469,0.136087,0.055103,0.138601,0.052162,0.031232,0.047251,,1689700,,
0,0,,0.363246,0.057359,0.038915,0.061545,0.103504,0.073056,0.157674,0.061014,0.032867,0.05082,,1691300,,
0,0,,0.45267,0.04623,0.018091,0.021922,0.122848,0.061154,0.136436,0.032538,0.05066,0.05745,,1688100,,
0,0,,0.495243,0.039286,0.025181,0.023863,0.104997,0.039561,0.147393,0.031486,0.033986,0.059005,,1690500,,
0,0,,0.464595,0.038603,0.01712,0.021469,0.116087,0.035103,0.158601,0.052162,0.04901,0.047251,,1685700,,
0,0,,0.458227,0.039061,0.017405,0.034494,0.165498,0.034547,0.115053,0.037505,0.030655,0.067556,,1686600,,
0,0,,0.396114,0.050848,0.017413,0.033248,0.127491,0.058089,0.200038,0.030573,0.035841,0.050346,,1697700,,
0,0,,0.430448,0.045455,0.037394,0.021767,0.110368,0.040766,0.21132,0.032538,0.032494,0.03745,,1712800,,
0,0,,0.4034,0.050094,0.047554,0.02413,0.097448,0.085015,0.133189,0.033465,0.074981,0.050725,,1694200,,
0,0,,0.454713,0.046269,0.025904,0.02327,0.108325,0.0835,0.113449,0.054582,0.041403,0.048586,,1696500,,
0,0,,0.390498,0.052392,0.057241,0.008452,0.143465,0.021085,0.216712,0.05559,0.042195,0.01237,,1690700,,
0,0,,0.423131,0.055579,0.018489,0.022587,0.118924,0.083681,0.114342,0.031008,0.036101,0.096158,,1688500,,
0,0,,0.359816,0.053341,0.031285,0.007396,0.200935,0.027043,0.167322,0.085391,0.054989,0.012481,,1687800,,
0,0,,0.462373,0.038603,0.01712,0.021469,0.156087,0.035103,0.158601,0.032162,0.031232,0.047251,,1693000,,
0,0,,0.457047,0.040308,0.029279,0.023946,0.124637,0.04517,0.108383,0.034574,0.043137,0.093517,,1690600,,
0,0,,0.431036,0.04442,0.026596,0.027283,0.173095,0.035577,0.148728,0.029987,0.037371,0.045906,,1694500,,
0,0,,0.437026,0.048739,0.018173,0.021891,0.158521,0.066906,0.120553,0.033544,0.035897,0.058749,,1723700,,
0,0,,0.437317,0.045072,0.020313,0.022396,0.125875,0.06674,0.138795,0.034884,0.049218,0.05939,,1689800,,
0,0,,0.451421,0.039658,0.019808,0.022651,0.145756,0.036105,0.13226,0.029789,0.032615,0.089936,,1692800,,
0,0,,0.490207,0.048717,0.043432,0.023137,0.109972,0.033515,0.144272,0.030782,0.039846,0.036119,,1693900,,
0,0,,0.464712,0.038922,0.019492,0.021956,0.137026,0.035427,0.118601,0.05265,0.050253,0.060961,,1705200,,
0,0,,0.440306,0.045346,0.017213,0.02155,0.116339,0.037475,0.198984,0.05289,0.032167,0.037731,,1684500,,
0,0,,0.449742,0.058503,0.018139,0.021739,0.13458,0.056659,0.115053,0.052911,0.033364,0.059309,,1692400,,
0,0,,0.40202,0.046693,0.020908,0.033481,0.156092,0.038782,0.160819,0.033078,0.037255,0.070873,,1698500,,
0,0,,0.440515,0.044389,0.01996,0.02263,0.137406,0.036687,0.158724,0.033106,0.064775,0.041808,,1700900,,
0,0,,0.469857,0.047964,0.017398,0.02181,0.116741,0.072408,0.123658,0.055242,0.035952,0.03897,,1693700,,
0,0,,0.371724,0.068697,0.038527,0.008855,0.188549,0.021941,0.170895,0.054793,0.061435,0.014584,,1720400,,
0,0,,0.450448,0.045455,0.017394,0.021767,0.110368,0.040766,0.19132,0.032538,0.032494,0.05745,,1703400,,
0,0,,0.44249,0.040489,0.020349,0.022146,0.13552,0.056822,0.115053,0.033399,0.051807,0.081924,,1699000,,
0,0,,0.493348,0.040117,0.017383,0.021655,0.142687,0.043051,0.114923,0.052492,0.03451,0.039835,,1696200,,
0,0,,0.464595,0.038603,0.01712,0.021469,0.136087,0.035103,0.138601,0.052162,0.04901,0.047251,,1700900,,
0,0,,0.404661,0.054222,0.023536,0.006978,0.214449,0.039066,0.137619,0.054609,0.044984,0.019876,,1690800,,
0,0,,0.414424,0.038996,0.017591,0.021971,0.116842,0.036343,0.230962,0.02706,0.031084,0.064728,,1706400,,
0,0,,0.466485,0.037973,0.026127,0.023498,0.119412,0.054079,0.136885,0.035146,0.0483,0.052094,,1699900,,
0,0,,0.479999,0.048073,0.017578,0.022027,0.11077,0.055699,0.135994,0.05489,0.03628,0.038689,,1691600,,
0,0,,0.445061,0.039468,0.019453,0.02191,0.134681,0.043884,0.153201,0.032148,0.032688,0.077506,,1747600,,
0,0,,0.390954,0.059502,0.028683,0.023057,0.108586,0.081011,0.148124,0.033814,0.040546,0.085722,,1711900,,
0,0,,0.420856,0.050375,0.017441,0.021957,0.136198,0.077874,0.144632,0.035261,0.036717,0.058689,,1701900,,
0,0,,0.377506,0.038545,0.01895,0.027418,0.096599,0.042982,0.244543,0.028697,0.037314,0.087445,,1707900,,
0,0,,0.466117,0.039898,0.03486,0.039188,0.123482,0.05452,0.11957,0.052204,0.031732,0.038429,,1706700,,
0,0,,0.377918,0.056275,0.057672,0.008944,0.125095,0.018585,0.208083,0.051747,0.047675,0.048006,,1705100,,
0,0,,0.469859,0.040489,0.020511,0.022226,0.11552,0.036983,0.135053,0.033399,0.034607,0.091353,,1722400,,
0,0,,0.352285,0.049071,0.021872,0.027376,0.188974,0.045847,0.153637,0.030071,0.063601,0.067266,,1699700,,
0,0,,0.412381,0.044813,0.0235,0.023022,0.10364,0.038692,0.208049,0.027767,0.033641,0.084496,,1700100,,
0,0,,0.375764,0.058455,0.016759,0.036411,0.155576,0.056314,0.152682,0.047955,0.041158,0.058927,,1704900,,
0,0,,0.460071,0.048073,0.017578,0.021953,0.108409,0.086551,0.128777,0.033385,0.036478,0.058724,,1729800,,
0,0,,0.338442,0.055995,0.025788,0.006878,0.198728,0.050907,0.151326,0.07365,0.053788,0.044499,,1714500,,
0,0,,0.316275,0.059083,0.041693,0.011752,0.176383,0.048907,0.16318,0.045705,0.074794,0.062227,,1717900,,
0,0,,0.484777,0.042974,0.017383,0.021655,0.111258,0.065908,0.114923,0.052492,0.03451,0.054121,,1706100,,
0,0,,0.325291,0.09241,0.046444,0.074044,0.095833,0.068058,0.065882,0.076769,0.030716,0.124552,,1717400,,
0,0,,0.413896,0.051615,0.034196,0.007302,0.144873,0.044003,0.14822,0.094283,0.046751,0.014861,,1739000,,
0,0,,0.447372,0.040737,0.021661,0.037569,0.15372,0.034124,0.114795,0.048698,0.032887,0.068438,,1712500,,
0,0,,0.40737,0.027425,0.025207,0.025014,0.120378,0.048351,0.202357,0.03138,0.055183,0.057336,,1701300,,
0,0,,0.405033,0.060758,0.039849,0.008448,0.157877,0.021677,0.190847,0.047216,0.050474,0.017822,,1709500,,
0,0,,0.346291,0.046918,0.019528,0.027817,0.147008,0.071033,0.199904,0.032699,0.048992,0.05981,,1723600,,
0,0,,0.488577,0.044188,0.017135,0.022097,0.120383,0.043395,0.127342,0.05471,0.042279,0.039893,,1702400,,
0,0,,0.487453,0.04645,0.037135,0.021623,0.12157,0.044461,0.127336,0.034912,0.032675,0.046386,,1700100,,
0,0,,0.398998,0.049656,0.019873,0.026692,0.137688,0.068068,0.142072,0.03012,0.039135,0.087698,,1712700,,
0,0,,0.276613,0.075616,0.038638,0.032198,0.1313,0.141975,0.139965,0.076856,0.046616,0.040224,,1714800,,
0,0,,0.458597,0.048073,0.037656,0.021953,0.128641,0.04981,0.147772,0.033193,0.035837,0.038468,,1719700,,
0,0,,0.382311,0.051598,0.051093,0.022756,0.13286,0.02243,0.188561,0.070943,0.05047,0.026979,,1750700,,
1,1,,0.030383,0.330028,0.086637,0.078483,0.064687,0.051845,0.037312,0.129143,0.119481,0.072002,,1761700,,
1,1,,0.031127,0.276337,0.085874,0.132126,0.046378,0.098318,0.007707,0.116175,0.068302,0.137654,,1708200,,
1,1,,0.032428,0.33677,0.105762,0.022636,0.116131,0.013789,0.08354,0.080471,0.195157,0.013317,,1707700,,
1,1,,0.056751,0.294761,0.060062,0.120417,0.053086,0.090145,0.008882,0.075172,0.051558,0.189165,,1699500,,
1,1,,0.044796,0.228414,0.106188,0.148855,0.045488,0.102607,0.011808,0.0785,0.068322,0.165022,,1708800,,
1,6,,0.112802,0.232756,0.084892,0.010642,0.12769,0.037382,0.264582,0.033337,0.090444,0.005473,,1708900,,
1,1,,0.016484,0.304501,0.07786,0.117122,0.078505,0.095214,0.019532,0.108108,0.050958,0.131716,,1732400,,
1,1,,0.031437,0.299177,0.047761,0.031157,0.120949,0.020845,0.048288,0.160329,0.201743,0.038315,,1708400,,
1,1,,0.014644,0.347134,0.087244,0.096684,0.067746,0.076538,0.043286,0.087487,0.062831,0.116407,,1709000,,
1,1,,0.031263,0.376257,0.049206,0.013632,0.117078,0.032927,0.068187,0.093826,0.203976,0.013648,,1703500,,
1,1,,0.018485,0.294123,0.16299,0.066514,0.074124,0.059258,0.056381,0.070723,0.096207,0.101195,,1700500,,
1,1,,0.032216,0.372381,0.07447,0.013313,0.121914,0.032302,0.072611,0.072368,0.198856,0.009569,,1716500,,
1,1,,0.014489,0.322108,0.101709,0.128089,0.059787,0.094471,0.041354,0.08605,0.047041,0.104904,,1711700,,
1,1,,0.02062,0.306406,0.09675,0.10611,0.037824,0.172427,0.014127,0.063016,0.046004,0.136716,,1703900,,
1,1,,0.01447,0.212496,0.087879,0.200342,0.049565,0.120022,0.060174,0.059764,0.034655,0.160632,,1705900,,
1,1,,0.006527,0.304963,0.074662,0.092483,0.105058,0.156387,0.037113,0.066141,0.041427,0.115239,,1734200,,
1,1,,0.030842,0.393483,0.092112,0.016826,0.078705,0.010836,0.075621,0.055516,0.213205,0.032854,,1704100,,
1,1,,0.017771,0.214308,0.13414,0.184573,0.041926,0.115152,0.029828,0.055519,0.03808,0.168702,,1701300,,
1,1,,0.029601,0.303352,0.128615,0.084585,0.074041,0.050143,0.05351,0.116375,0.084479,0.075299,,1703900,,
1,1,,0.022142,0.343177,0.110344,0.064218,0.066882,0.067758,0.095175,0.056346,0.113081,0.060878,,1699400,,
1,1,,0.032294,0.378957,0.086408,0.016681,0.102773,0.013721,0.08348,0.059898,0.192868,0.03292,,1742900,,
1,2,,0.004457,0.179588,0.195966,0.101147,0.056181,0.151004,0.069245,0.061846,0.073857,0.106709,,1708100,,
1,1,,0.031027,0.315479,0.073547,0.124403,0.046153,0.119201,0.016095,0.081692,0.05419,0.138213,,1705900,,
1,1,,0.016596,0.23801,0.091767,0.109386,0.06038,0.155877,0.01577,0.127419,0.066755,0.11804,,1694600,,
1,1,,0.031276,0.368477,0.057979,0.013942,0.123227,0.026174,0.061688,0.108748,0.198258,0.01023,,1725200,,
1,1,,0.030301,0.355265,0.076681,0.075219,0.09314,0.042835,0.062258,0.082983,0.10516,0.076159,,1712900,,
1,1,,0.032228,0.317979,0.074712,0.100702,0.041644,0.172448,0.025751,0.070267,0.040988,0.123282,,1710100,,
1,1,,0.030575,0.337508,0.066727,0.021413,0.077934,0.023548,0.042344,0.186518,0.19926,0.014175,,1708700,,
1,1,,0.031566,0.352699,0.08243,0.02054,0.129748,0.014139,0.063445,0.100752,0.193857,0.010824,,1708500,,
1,1,,0.004404,0.344756,0.115886,0.101976,0.054828,0.106487,0.036421,0.095391,0.054609,0.085242,,1722600,,
1,1,,0.030686,0.356472,0.071299,0.025029,0.099161,0.039779,0.052258,0.110557,0.171041,0.043717,,1715800,,
1,9,,0.08648,0.156694,0.053325,0.124752,0.04049,0.107057,0.007124,0.084379,0.02733,0.312369,,1717400,,
1,1,,0.123582,0.215954,0.040626,0.098296,0.079294,0.063044,0.034179,0.116107,0.077376,0.151541,,1716500,,
1,1,,0.014801,0.34105,0.103547,0.096036,0.067453,0.093692,0.046822,0.074104,0.053739,0.108756,,1728000,,
1,1,,0.003748,0.337374,0.13062,0.102518,0.056155,0.077067,0.057789,0.074864,0.063286,0.096578,,1712700,,
1,1,,0.039759,0.340472,0.0774,0.099293,0.064358,0.077962,0.049009,0.052997,0.120899,0.077852,,1703000,,
1,1,,0.037736,0.294252,0.077892,0.142085,0.057154,0.09441,0.010766,0.085896,0.061968,0.137842,,1706700,,
1,1,,0.029584,0.333477,0.118009,0.08305,0.078759,0.047938,0.062291,0.080447,0.089401,0.077045,,1708900,,
1,1,,0.032209,0.330078,0.059683,0.022213,0.131367,0.01653,0.06746,0.112809,0.209824,0.017829,,1727200,,
1,1,,0.030125,0.365355,0.071769,0.057742,0.07597,0.054455,0.033795,0.105262,0.138344,0.067184,,1709900,,
1,1,,0.028986,0.219921,0.088121,0.089664,0.080714,0.097358,0.184373,0.053359,0.0932,0.064304,,1709100,,
1,1,,0.005354,0.282875,0.104215,0.087824,0.0535,0.198183,0.028906,0.093874,0.051163,0.094106,,1742600,,
1,1,,0.004846,0.325356,0.108139,0.107413,0.057792,0.090699,0.039031,0.118164,0.042709,0.105852,,1705800,,
1,1,,0.030673,0.34266,0.063846,0.108608,0.066547,0.08796,0.025648,0.076628,0.070439,0.126991,,1713700,,
1,1,,0.031475,0.370336,0.080397,0.028329,0.093988,0.021789,0.08106,0.082428,0.165761,0.044439,,1702800,,
1,9,,0.106109,0.135041,0.057247,0.118899,0.03197,0.134557,0.013101,0.074555,0.030979,0.297544,,1707000,,
1,1,,0.006705,0.210326,0.133762,0.130341,0.068148,0.088591,0.012341,0.18665,0.050415,0.11272,,1700600,,
1,1,,0.029112,0.363989,0.057762,0.022632,0.085915,0.025805,0.039741,0.142295,0.188731,0.044018,,1707600,,
1,1,,0.03058,0.340006,0.057432,0.021407,0.124721,0.048588,0.052794,0.113113,0.168919,0.04244,,1723900,,
1,1,,0.018101,0.326872,0.072593,0.094362,0.082294,0.076373,0.033041,0.105751,0.065588,0.125025,,1720500,,
1,1,,0.013412,0.171178,0.140514,0.15167,0.04589,0.155846,0.05066,0.06685,0.0623,0.141681,,1729100,,
1,1,,0.005156,0.331899,0.099071,0.116052,0.058605,0.079432,0.033712,0.125109,0.056746,0.094218,,1703800,,
1,1,,0.032278,0.362788,0.095848,0.034571,0.100935,0.028784,0.091902,0.052205,0.171148,0.029541,,1707300,,
1,1,,0.040539,0.293885,0.077785,0.132526,0.064739,0.061641,0.028888,0.101763,0.099035,0.099199,,1718000,,
1,1,,0.030595,0.342959,0.074593,0.059688,0.098081,0.068671,0.03994,0.117022,0.099116,0.069336,,1704100,,
1,1,,0.049168,0.224327,0.08278,0.129769,0.058092,0.063244,0.021231,0.136528,0.101969,0.132893,,1702400,,
1,9,,0.118297,0.194316,0.050953,0.103228,0.049599,0.105496,0.006664,0.087391,0.028472,0.255584,,1707700,,
1,1,,0.006228,0.314488,0.114962,0.095235,0.057627,0.119512,0.077865,0.059376,0.043172,0.111535,,1726500,,
1,1,,0.014952,0.304004,0.097397,0.116146,0.057394,0.096543,0.037099,0.102466,0.069869,0.10413,,1707100,,
1,1,,0.05062,0.231365,0.094402,0.163474,0.044949,0.102189,0.011885,0.087538,0.072583,0.140995,,1713800,,
1,1,,0.004843,0.294603,0.102207,0.111353,0.080663,0.113649,0.033106,0.107734,0.046168,0.105673,,1694800,,
1,1,,0.031772,0.324408,0.075991,0.067829,0.095066,0.082475,0.05089,0.107144,0.092602,0.071824,,1711600,,
1,1,,0.060797,0.232141,0.095588,0.068126,0.121408,0.009809,0.080517,0.151159,0.164221,0.016235,,1710400,,
1,1,,0.0331,0.396404,0.060267,0.014754,0.087918,0.027836,0.062571,0.093261,0.193723,0.030166,,1709700,,
1,1,,0.037452,0.225392,0.061141,0.093702,0.08621,0.14517,0.136306,0.043425,0.077275,0.093926,,1707700,,
1,1,,0.030866,0.359844,0.074527,0.06035,0.093339,0.027638,0.046975,0.104777,0.155164,0.046519,,1712200,,
1,9,,0.033996,0.116231,0.121228,0.178603,0.0398,0.129258,0.019415,0.076092,0.052099,0.233277,,1726200,,
1,1,,0.051284,0.264381,0.080875,0.078409,0.068597,0.02154,0.047119,0.092704,0.229763,0.065329,,1708500,,
1,1,,0.030755,0.321459,0.07034,0.013096,0.117936,0.037139,0.059925,0.1365,0.181513,0.031337,,1718200,,
1,1,,0.020512,0.341898,0.091991,0.081683,0.085737,0.07248,0.04566,0.098239,0.088902,0.072896,,1713900,,
1,1,,0.006006,0.299779,0.074619,0.091818,0.126856,0.147606,0.033307,0.068174,0.042153,0.109681,,1706300,,
1,1,,0.047178,0.241769,0.05944,0.149144,0.051747,0.103626,0.013197,0.08228,0.047171,0.204449,,1702900,,
1,1,,0.033604,0.365377,0.073814,0.020248,0.134475,0.014126,0.089726,0.072789,0.161479,0.034362,,1708800,,
1,1,,0.033297,0.378807,0.07431,0.018334,0.074761,0.026424,0.059654,0.088518,0.213619,0.032276,,1702200,,
1,1,,0.030692,0.321195,0.070747,0.143019,0.051814,0.0919,0.02309,0.0886,0.05477,0.124173,,1699500,,
1,1,,0.00629,0.345095,0.100587,0.09261,0.067234,0.12511,0.028799,0.072719,0.051946,0.10961,,1704700,,
1,5,,0.042847,0.180845,0.11621,0.10181,0.053547,0.210831,0.06502,0.048531,0.059644,0.120717,,1748300,,
1,3,,0.013412,0.164875,0.152734,0.166224,0.046651,0.140943,0.04916,0.067837,0.071568,0.126595,,1707600,,
1,1,,0.030686,0.349552,0.048009,0.013988,0.107311,0.023751,0.042936,0.123556,0.246357,0.013854,,1709100,,
1,6,,0.137803,0.172321,0.055598,0.006907,0.196301,0.086941,0.219225,0.0386,0.060924,0.02538,,1706900,,
1,1,,0.032159,0.359219,0.059437,0.011662,0.161093,0.036471,0.088355,0.087369,0.15433,0.009905,,1708500,,
1,1,,0.013441,0.291834,0.104276,0.155182,0.03255,0.098834,0.005485,0.089175,0.051712,0.157511,,1699900,,
1,1,,0.032918,0.296386,0.074662,0.124312,0.043551,0.141866,0.019436,0.07468,0.051805,0.140383,,1692600,,
1,1,,0.014436,0.220633,0.096605,0.166435,0.049568,0.129315,0.072141,0.062951,0.059934,0.127983,,1700400,,
1,1,,0.032275,0.39493,0.096208,0.011641,0.073562,0.02883,0.089202,0.070378,0.195381,0.007592,,1711700,,
1,1,,0.03072,0.396874,0.085095,0.022958,0.070061,0.017834,0.078505,0.084009,0.195226,0.018719,,1788000,,
1,1,,0.030892,0.397991,0.097146,0.014873,0.080681,0.026732,0.098891,0.051152,0.171624,0.030017,,1704600,,
1,1,,0.030201,0.339476,0.082421,0.073696,0.081677,0.063814,0.040718,0.109252,0.101747,0.076999,,1710900,,
1,1,,0.017687,0.297373,0.143908,0.124831,0.055164,0.074158,0.038841,0.079481,0.05724,0.111317,,1700700,,
1,1,,0.01499,0.330455,0.09698,0.097665,0.060224,0.076714,0.031673,0.090485,0.064458,0.136356,,1707600,,
1,1,,0.030694,0.325044,0.063006,0.107328,0.055334,0.153416,0.036757,0.065214,0.03933,0.123877,,1709000,,
1,1,,0.046006,0.344192,0.061897,0.010546,0.131861,0.041757,0.056453,0.091675,0.205348,0.010266,,1710100,,
1,1,,0.031807,0.351717,0.05186,0.018448,0.13815,0.013542,0.064623,0.140488,0.173544,0.01582,,1698600,,
1,5,,0.008224,0.177656,0.155621,0.090085,0.064217,0.191601,0.084649,0.055622,0.068534,0.103791,,1731000,,
1,1,,0.031502,0.334998,0.060181,0.115421,0.05633,0.101631,0.022546,0.074381,0.061829,0.14118,,1725900,,
1,1,,0.030618,0.399553,0.077269,0.016289,0.076567,0.00995,0.087415,0.07213,0.218144,0.012065,,1710900,,
1,1,,0.004519,0.272621,0.133502,0.119372,0.048159,0.144472,0.053022,0.063409,0.053143,0.107781,,1706800,,
1,1,,0.021813,0.264316,0.105341,0.158348,0.035257,0.130522,0.0158,0.079013,0.042769,0.146821,,1715700,,
1,9,,0.060739,0.185384,0.07511,0.167542,0.036165,0.13664,0.007233,0.063191,0.031482,0.236513,,1706200,,
1,1,,0.005646,0.264072,0.131994,0.127751,0.054361,0.116815,0.02031,0.089192,0.054687,0.135172,,1707700,,
1,1,,0.018487,0.312786,0.072977,0.111804,0.072851,0.089049,0.024422,0.149837,0.051802,0.095985,,1708600,,
1,1,,0.018157,0.267066,0.100163,0.164759,0.044538,0.124053,0.013026,0.063992,0.060305,0.14394,,1709500,,
1,1,,0.014437,0.275542,0.074866,0.19903,0.0435,0.104279,0.018703,0.067657,0.03562,0.166365,,1728400,,
1,1,,0.004331,0.266067,0.224835,0.107152,0.047947,0.080138,0.030976,0.100783,0.052718,0.085055,,1705400,,
1,1,,0.031605,0.371099,0.097248,0.013456,0.081657,0.02923,0.137814,0.045472,0.164082,0.028337,,1757800,,
1,1,,0.033099,0.337216,0.060138,0.110987,0.058903,0.103697,0.016774,0.07896,0.060644,0.139583,,1714000,,
1,1,,0.063871,0.297041,0.060661,0.116667,0.047715,0.099689,0.012463,0.094089,0.061724,0.146081,,1698500,,
1,1,,0.029226,0.323288,0.056205,0.082164,0.140236,0.059525,0.033383,0.115421,0.083785,0.076767,,1712400,,
1,1,,0.006078,0.23776,0.114678,0.144729,0.060698,0.073618,0.033794,0.13741,0.064183,0.127052,,1698900,,
1,1,,0.016083,0.3026,0.078794,0.085791,0.090948,0.151424,0.037058,0.091844,0.042634,0.102825,,1714300,,
1,4,,0.132744,0.198179,0.055922,0.008479,0.213308,0.064532,0.188166,0.051548,0.081536,0.005587,,1706700,,
1,1,,0.021617,0.294674,0.068938,0.155106,0.041878,0.110653,0.012463,0.065622,0.052105,0.176944,,1722100,,
1,1,,0.033773,0.306818,0.077969,0.016408,0.134481,0.040644,0.065017,0.112241,0.198268,0.014381,,1704000,,
1,1,,0.029195,0.32954,0.076557,0.02888,0.0788,0.019807,0.049001,0.175081,0.175973,0.037165,,1748000,,
1,1,,0.031838,0.3865,0.058076,0.015436,0.114707,0.016434,0.058881,0.095304,0.211489,0.011337,,1716100,,
2,2,,0.004196,0.154427,0.330335,0.10508,0.044595,0.091134,0.033104,0.068017,0.060197,0.108915,,1711000,,
2,2,,0.003898,0.142025,0.238267,0.15352,0.050158,0.10046,0.022487,0.121714,0.072427,0.095042,,1699300,,
2,2,,0.095445,0.142726,0.279293,0.051291,0.079795,0.024957,0.174879,0.040873,0.093122,0.017619,,1711500,,
2,2,,0.00318,0.113718,0.181567,0.167544,0.04649,0.121066,0.037327,0.145625,0.065981,0.117501,,1719700,,
2,6,,0.132893,0.137346,0.132588,0.056449,0.089842,0.064657,0.188407,0.058885,0.107991,0.030944,,1724900,,
2,6,,0.096712,0.18432,0.151016,0.040446,0.096561,0.067558,0.185039,0.038086,0.09546,0.044802,,1706700,,
2,2,,0.002618,0.126193,0.23964,0.144746,0.056172,0.108581,0.040581,0.109298,0.06078,0.111392,,1705900,,
2,2,,0.005371,0.128245,0.255734,0.117627,0.059971,0.12008,0.043751,0.074758,0.069287,0.125177,,1717700,,
2,2,,0.003524,0.125571,0.312094,0.140205,0.045155,0.082547,0.050385,0.07882,0.053677,0.108023,,1707700,,
2,2,,0.002955,0.124779,0.307521,0.13255,0.042266,0.090184,0.036408,0.12357,0.05263,0.087136,,1700000,,
2,1,,0.021357,0.219391,0.178716,0.100215,0.055888,0.083235,0.100022,0.06658,0.082486,0.092111,,1712100,,
2,2,,0.019916,0.19808,0.224869,0.079543,0.052514,0.085864,0.060543,0.095158,0.084188,0.099327,,1709900,,
2,6,,0.133484,0.134429,0.151826,0.022425,0.113439,0.059512,0.230065,0.053483,0.094187,0.00715,,1704100,,
2,2,,0.045747,0.121647,0.330958,0.04453,0.056111,0.020524,0.119541,0.080043,0.149785,0.031114,,1723100,,
2,6,,0.135294,0.083766,0.159395,0.009195,0.11744,0.072191,0.29934,0.029022,0.089775,0.004583,,1713200,,
2,2,,0.034509,0.114981,0.305932,0.044548,0.075556,0.040544,0.104604,0.118705,0.150428,0.010192,,1711200,,
2,2,,0.002922,0.127744,0.332201,0.120205,0.046999,0.081872,0.040925,0.084099,0.054797,0.108237,,1706300,,
2,6,,0.145994,0.062593,0.138108,0.039546,0.146502,0.058476,0.222035,0.024637,0.131097,0.031012,,1738000,,
2,2,,0.049905,0.124096,0.329775,0.066068,0.057593,0.021197,0.119123,0.065706,0.13722,0.029316,,1703800,,
2,2,,0.012916,0.117431,0.258892,0.164636,0.044757,0.107602,0.02201,0.074814,0.078816,0.118124,,1721100,,
2,9,,0.073992,0.106197,0.158158,0.165048,0.025939,0.100815,0.026501,0.070768,0.033841,0.23874,,1698900,,
2,2,,0.013474,0.115534,0.300241,0.161979,0.032709,0.09869,0.024185,0.072776,0.050516,0.129897,,1695900,,
2,2,,0.018601,0.102914,0.331113,0.097766,0.06422,0.071482,0.054342,0.119003,0.098765,0.041794,,1740600,,
2,2,,0.034507,0.113891,0.379779,0.052307,0.053567,0.012004,0.072766,0.080885,0.187225,0.013069,,1715300,,
2,0,,0.248057,0.062711,0.110311,0.037411,0.130057,0.0243,0.154596,0.107405,0.061944,0.063206,,1706000,,
2,2,,0.01889,0.144241,0.219752,0.111614,0.051771,0.110516,0.115151,0.079127,0.098418,0.05052,,1704200,,
2,2,,0.002903,0.13496,0.310712,0.112327,0.046555,0.074452,0.041059,0.111008,0.065868,0.100155,,1722600,,
2,2,,0.018487,0.127524,0.307333,0.081094,0.059196,0.041545,0.057041,0.13779,0.127083,0.042908,,1716500,,
2,2,,0.018799,0.1162,0.34217,0.11283,0.048825,0.054571,0.058043,0.085514,0.092883,0.070164,,1700100,,
2,2,,0.034362,0.128026,0.35217,0.055036,0.056695,0.025611,0.068866,0.074516,0.165534,0.039184,,1704100,,
2,2,,0.040098,0.114133,0.173181,0.140014,0.059618,0.138079,0.03954,0.089331,0.055988,0.150019,,1707000,,
2,2,,0.002555,0.1239,0.314375,0.164575,0.04313,0.083289,0.027012,0.083127,0.054924,0.103111,,1731900,,
2,2,,0.004196,0.174427,0.310335,0.10508,0.044595,0.091134,0.033104,0.068017,0.060197,0.108915,,1705700,,
2,2,,0.046535,0.147356,0.277863,0.05966,0.057558,0.018539,0.059709,0.101297,0.186646,0.044837,,1711500,,
2,2,,0.005761,0.139794,0.152697,0.142511,0.051315,0.146961,0.052347,0.131511,0.061496,0.115607,,1705400,,
2,2,,0.002707,0.083159,0.23797,0.175016,0.045917,0.082625,0.015036,0.175143,0.088237,0.094189,,1736100,,
2,2,,0.002768,0.123051,0.347851,0.134709,0.043934,0.081791,0.032953,0.077508,0.053864,0.10157,,1719700,,
2,6,,0.143942,0.101893,0.097557,0.041307,0.12812,0.060103,0.270355,0.020086,0.10521,0.031429,,1703000,,
2,2,,0.005581,0.123348,0.278544,0.10978,0.058665,0.102457,0.02959,0.101101,0.069493,0.121441,,1707800,,
2,2,,0.018808,0.112577,0.289334,0.173962,0.033189,0.118424,0.009756,0.067696,0.045876,0.130378,,1711000,,
2,2,,0.004702,0.118689,0.298863,0.104775,0.065503,0.106177,0.048474,0.091553,0.062683,0.098581,,1703500,,
2,2,,0.023077,0.110915,0.22458,0.144941,0.055637,0.139719,0.067902,0.054378,0.056275,0.122575,,1695200,,
2,3,,0.034718,0.137228,0.160267,0.176291,0.049877,0.122953,0.019976,0.069429,0.062875,0.166385,,1705400,,
2,2,,0.002979,0.13646,0.319841,0.154341,0.042523,0.068414,0.030234,0.07368,0.074673,0.096853,,1701800,,
2,2,,0.003389,0.119559,0.327137,0.127936,0.043057,0.088625,0.042413,0.068393,0.053249,0.126242,,1703700,,
2,2,,0.046849,0.10844,0.213182,0.142823,0.055242,0.110693,0.031219,0.070739,0.058033,0.16278,,1732300,,
2,2,,0.002697,0.124141,0.310427,0.120127,0.056647,0.102061,0.037236,0.084175,0.054252,0.108237,,1697200,,
2,2,,0.018302,0.126922,0.33004,0.128359,0.055066,0.048208,0.053706,0.06961,0.097862,0.071925,,1714200,,
2,2,,0.018982,0.127061,0.319759,0.084077,0.051362,0.059627,0.082051,0.085962,0.100568,0.070552,,1736200,,
2,2,,0.01896,0.172669,0.288487,0.074571,0.062078,0.082281,0.062456,0.07971,0.099528,0.059261,,1715700,,
2,2,,0.075412,0.185295,0.249591,0.057177,0.03862,0.038287,0.072489,0.061747,0.189128,0.032253,,1718100,,
2,2,,0.01912,0.179774,0.205291,0.090694,0.062363,0.085066,0.10377,0.053221,0.153907,0.046793,,1710000,,
2,2,,0.002787,0.121732,0.361981,0.113199,0.044901,0.087949,0.032953,0.073673,0.054369,0.106456,,1702700,,
2,2,,0.031141,0.119542,0.225659,0.178573,0.034691,0.113081,0.017364,0.073124,0.06475,0.142075,,1703900,,
2,2,,0.067953,0.159409,0.224353,0.066043,0.088427,0.032407,0.051146,0.141348,0.156865,0.01205,,1726600,,
2,2,,0.022626,0.120483,0.184815,0.168443,0.047501,0.122748,0.049195,0.073044,0.077712,0.133432,,1708300,,
2,6,,0.151851,0.08919,0.129525,0.071954,0.112808,0.078772,0.211441,0.027997,0.094687,0.031774,,1706500,,
2,2,,0.014097,0.146961,0.209744,0.150115,0.048924,0.116781,0.029869,0.085396,0.065762,0.13235,,1738300,,
2,2,,0.074834,0.098481,0.276063,0.053174,0.055745,0.013318,0.057494,0.155682,0.187672,0.027536,,1720200,,
2,2,,0.003389,0.119559,0.361874,0.113199,0.043057,0.088625,0.042413,0.088393,0.053249,0.086242,,1711300,,
2,2,,0.002902,0.128819,0.346049,0.127268,0.044793,0.080595,0.033286,0.069271,0.068374,0.098643,,1702800,,
2,2,,0.003595,0.204517,0.271138,0.106877,0.045066,0.083127,0.050537,0.076174,0.048728,0.110241,,1707500,,
2,2,,0.027688,0.152909,0.207634,0.08656,0.070187,0.108602,0.091107,0.071444,0.127002,0.056867,,1698500,,
2,2,,0.003197,0.120092,0.240124,0.130968,0.054128,0.118824,0.053634,0.079587,0.052248,0.147199,,1768100,,
2,6,,0.110813,0.148944,0.159543,0.02885,0.103466,0.051232,0.238299,0.055271,0.092301,0.011281,,1706400,,
2,2,,0.003944,0.136473,0.314643,0.121151,0.046082,0.086329,0.028069,0.10948,0.051116,0.102712,,1696100,,
2,2,,0.013085,0.158397,0.218969,0.166854,0.045148,0.111509,0.010015,0.094474,0.070542,0.111008,,1720600,,
2,2,,0.003611,0.137725,0.238672,0.117429,0.055078,0.130679,0.067113,0.084624,0.090745,0.074324,,1730500,,
2,2,,0.020907,0.150247,0.250625,0.096973,0.064439,0.089883,0.102035,0.055382,0.093969,0.075542,,1711400,,
2,2,,0.045795,0.123297,0.311529,0.047437,0.060372,0.011459,0.072952,0.131376,0.18136,0.014421,,1707000,,
2,2,,0.01824,0.138124,0.298221,0.097137,0.072476,0.047842,0.053167,0.093452,0.101393,0.079948,,1703500,,
2,2,,0.036994,0.111045,0.225379,0.104409,0.052634,0.052813,0.058597,0.125617,0.12507,0.107442,,1713600,,
2,2,,0.034478,0.124864,0.321537,0.045144,0.05975,0.02377,0.08063,0.111221,0.16786,0.030748,,1715000,,
2,2,,0.1273,0.114534,0.167702,0.072002,0.062926,0.044347,0.154725,0.084884,0.115389,0.056191,,1751000,,
2,2,,0.094872,0.114936,0.281585,0.042323,0.081904,0.024518,0.156443,0.084119,0.109979,0.009322,,1741100,,
2,2,,0.034381,0.107133,0.352738,0.046065,0.091049,0.011888,0.097062,0.080382,0.167278,0.012024,,1712700,,
2,2,,0.067174,0.121746,0.25835,0.048805,0.057768,0.017461,0.045865,0.189578,0.178816,0.014436,,1709100,,
2,2,,0.031823,0.120074,0.192054,0.153612,0.045817,0.121398,0.007194,0.076082,0.074828,0.177119,,1706900,,
2,2,,0.003629,0.194942,0.254599,0.142856,0.041934,0.076347,0.042738,0.07004,0.075086,0.09783,,1699000,,
2,2,,0.004809,0.124263,0.342134,0.114436,0.046122,0.091036,0.050406,0.064145,0.056726,0.105923,,1710800,,
2,2,,0.003659,0.126004,0.223722,0.164992,0.045827,0.104337,0.042889,0.09746,0.080994,0.110116,,1714200,,
2,2,,0.021075,0.119057,0.224814,0.115657,0.044915,0.102539,0.029612,0.139012,0.064715,0.138603,,1698700,,
2,2,,0.106088,0.139663,0.219532,0.067538,0.078986,0.036149,0.13363,0.055823,0.092881,0.06971,,1727600,,
2,1,,0.035439,0.219988,0.191554,0.040883,0.058198,0.032996,0.058038,0.152814,0.196243,0.013847,,1715400,,
2,2,,0.018523,0.109731,0.412272,0.078691,0.050564,0.047545,0.052246,0.086191,0.103357,0.040882,,1708800,,
2,2,,0.018289,0.113661,0.313887,0.103875,0.063557,0.070963,0.049951,0.100906,0.092704,0.072208,,1716000,,
2,9,,0.095364,0.094549,0.073118,0.186739,0.026497,0.128826,0.008082,0.074484,0.02446,0.287881,,1697400,,
2,2,,0.048082,0.14769,0.28485,0.04809,0.06531,0.02118,0.092635,0.139707,0.141128,0.011328,,1715200,,
2,2,,0.002334,0.128272,0.308235,0.139323,0.043143,0.08335,0.026948,0.132685,0.053245,0.082464,,1706700,,
2,2,,0.002787,0.121732,0.347244,0.127936,0.044901,0.087949,0.032953,0.073673,0.054369,0.106456,,1717300,,
2,6,,0.157884,0.105832,0.108303,0.039598,0.125816,0.06967,0.242859,0.019647,0.099594,0.030797,,1706300,,
2,2,,0.048426,0.177757,0.271783,0.04571,0.081403,0.018105,0.068071,0.07933,0.193147,0.016267,,1724600,,
2,2,,0.002677,0.123537,0.291732,0.14893,0.050184,0.082958,0.024821,0.115311,0.063979,0.09587,,1741100,,
2,2,,0.004784,0.136203,0.236002,0.115994,0.072585,0.103987,0.036923,0.125102,0.062498,0.105922,,1697800,,
2,2,,0.073016,0.092887,0.259731,0.032183,0.060275,0.060671,0.103496,0.12155,0.167818,0.028372,,1709200,,
2,2,,0.002889,0.125879,0.289111,0.132008,0.059749,0.103483,0.051262,0.076662,0.057159,0.101798,,1714500,,
2,2,,0.021818,0.130023,0.244679,0.117205,0.047258,0.118504,0.044312,0.076727,0.067223,0.13225,,1707400,,
2,2,,0.002863,0.123304,0.360717,0.121582,0.044101,0.076301,0.029901,0.078554,0.059413,0.103263,,1705700,,
2,2,,0.004442,0.14047,0.264984,0.1257,0.057412,0.119133,0.061349,0.063843,0.054885,0.107781,,1706300,,
2,2,,0.00287,0.142708,0.297303,0.112691,0.043232,0.071345,0.040407,0.103365,0.069291,0.116789,,1702400,,
2,2,,0.014401,0.121375,0.213963,0.156907,0.049542,0.131313,0.02539,0.068095,0.062177,0.156838,,1710100,,
2,2,,0.002884,0.131805,0.311656,0.134041,0.043826,0.074437,0.033286,0.079773,0.067869,0.120424,,1741300,,
2,2,,0.106914,0.109822,0.20733,0.021088,0.117536,0.046189,0.191421,0.047909,0.143469,0.008321,,1720100,,
2,2,,0.002863,0.124971,0.345717,0.121582,0.044101,0.076301,0.029901,0.08522,0.059413,0.10993,,1700200,,
2,2,,0.003371,0.120879,0.327744,0.154709,0.042089,0.082466,0.042413,0.092228,0.052744,0.081356,,1717100,,
2,2,,0.005132,0.123833,0.204563,0.159696,0.050699,0.095336,0.013255,0.13216,0.091947,0.12338,,1705900,,
2,1,,0.033399,0.216653,0.140513,0.07842,0.065829,0.100756,0.051732,0.106215,0.127247,0.079235,,1710400,,
2,2,,0.119996,0.093692,0.22446,0.051694,0.099461,0.030615,0.217281,0.067185,0.078398,0.017217,,1716300,,
2,2,,0.003371,0.14397,0.306649,0.113524,0.054618,0.103164,0.046825,0.071231,0.073946,0.082702,,1719400,,
2,3,,0.036771,0.097378,0.149245,0.206742,0.036548,0.110076,0.033161,0.109062,0.047549,0.173468,,1731800,,
2,2,,0.019961,0.184771,0.225121,0.072781,0.056791,0.058894,0.083547,0.097226,0.118847,0.082061,,1738900,,
2,1,,0.020508,0.228524,0.209321,0.071361,0.061238,0.071228,0.045936,0.084211,0.130034,0.077638,,1703800,,
3,8,,0.09908,0.128372,0.131961,0.047331,0.052847,0.069682,0.069697,0.116033,0.233449,0.051548,,1717200,,
3,3,,0.037869,0.087389,0.081582,0.295561,0.034162,0.133682,0.021325,0.076492,0.044493,0.187444,,1710200,,
3,3,,0.017196,0.148006,0.119782,0.28793,0.042367,0.097985,0.011062,0.067904,0.045309,0.162459,,1702500,,
3,3,,0.025621,0.135464,0.12971,0.237101,0.04989,0.113112,0.010324,0.089276,0.080583,0.128917,,1711300,,
3,3,,0.082986,0.073139,0.071022,0.215136,0.058207,0.089594,0.055275,0.066439,0.164089,0.124113,,1718000,,
3,3,,0.016113,0.127618,0.123023,0.26796,0.036678,0.095028,0.006237,0.129516,0.063981,0.133846,,1723400,,
3,3,,0.018907,0.128046,0.141046,0.271584,0.031196,0.10055,0.025822,0.098197,0.056331,0.128322,,1719900,,
3,3,,0.045081,0.108655,0.069899,0.250382,0.032365,0.12017,0.008809,0.073876,0.055571,0.235191,,1727700,,
3,3,,0.02479,0.102747,0.112383,0.288575,0.037291,0.107271,0.011621,0.07888,0.031108,0.205334,,1718700,,
3,1,,0.028446,0.159978,0.15511,0.132244,0.047011,0.156066,0.037356,0.066659,0.081737,0.135393,,1718200,,
3,3,,0.052733,0.066577,0.06479,0.248046,0.041179,0.09587,0.032634,0.071673,0.10008,0.226419,,1716500,,
3,3,,0.018366,0.134518,0.092122,0.30033,0.036264,0.10055,0.052193,0.082788,0.050601,0.132267,,1713100,,
3,3,,0.026663,0.096988,0.108873,0.2841,0.049582,0.116703,0.019905,0.066892,0.036142,0.194152,,1725500,,
3,3,,0.023091,0.135017,0.142622,0.225618,0.031183,0.136941,0.004807,0.076684,0.05726,0.166777,,1699900,,
3,3,,0.024513,0.121008,0.171299,0.219768,0.035571,0.112955,0.032738,0.07091,0.033317,0.17792,,1720400,,
3,3,,0.036394,0.104241,0.090551,0.251172,0.048879,0.108052,0.00964,0.091107,0.069284,0.19068,,1727800,,
3,3,,0.033427,0.098596,0.076105,0.31207,0.034934,0.101911,0.010772,0.095636,0.033934,0.202613,,1710400,,
3,3,,0.036313,0.099873,0.105003,0.284618,0.036479,0.128177,0.018276,0.096619,0.048168,0.146476,,1724800,,
3,3,,0.01722,0.134756,0.126533,0.304367,0.042656,0.112068,0.00801,0.069436,0.048388,0.136566,,1706200,,
3,3,,0.023168,0.132618,0.173531,0.241881,0.031183,0.097139,0.004694,0.08609,0.056736,0.15296,,1716300,,
3,3,,0.01452,0.148533,0.112661,0.332319,0.031037,0.100396,0.005211,0.065721,0.046211,0.143391,,1733000,,
3,3,,0.018054,0.120055,0.11103,0.338312,0.049974,0.099652,0.006347,0.07059,0.042784,0.143202,,1712600,,
3,3,,0.025616,0.132048,0.128157,0.21061,0.035883,0.101497,0.006558,0.098889,0.075688,0.185054,,1718200,,
3,3,,0.014525,0.127436,0.139395,0.241902,0.046416,0.125189,0.005142,0.090016,0.048946,0.161033,,1698400,,
3,3,,0.012878,0.1154,0.188228,0.206869,0.034629,0.105181,0.01131,0.144774,0.058033,0.122699,,1722100,,
3,3,,0.055655,0.092661,0.119721,0.223604,0.024694,0.116256,0.031846,0.069497,0.043969,0.222097,,1724600,,
3,3,,0.019499,0.094381,0.094128,0.288214,0.048683,0.126523,0.019392,0.075139,0.059513,0.174529,,1712800,,
3,3,,0.018207,0.154521,0.100145,0.307179,0.034515,0.101074,0.006475,0.06716,0.061619,0.149105,,1700600,,
3,3,,0.014518,0.104185,0.138798,0.330402,0.030349,0.094523,0.00506,0.08585,0.048588,0.147727,,1712900,,
3,3,,0.024666,0.104572,0.086859,0.309576,0.050128,0.108756,0.008523,0.071593,0.0313,0.204027,,1716100,,
3,3,,0.026697,0.098892,0.113967,0.329587,0.03302,0.092754,0.005899,0.07387,0.050196,0.175118,,1699500,,
3,3,,0.016136,0.104254,0.096367,0.249956,0.049013,0.147466,0.023373,0.101085,0.047735,0.164615,,1714900,,
3,7,,0.017972,0.111885,0.135168,0.120721,0.056039,0.108218,0.046982,0.219515,0.1019,0.0816,,1744100,,
3,7,,0.039749,0.109459,0.089541,0.143316,0.067725,0.137368,0.014716,0.187402,0.06491,0.145813,,1706600,,
3,9,,0.037697,0.127325,0.073766,0.21895,0.050469,0.146756,0.016971,0.075435,0.027849,0.224781,,1703700,,
3,3,,0.019009,0.201956,0.075125,0.204913,0.046559,0.125899,0.023758,0.081964,0.071351,0.149467,,1719500,,
3,3,,0.024076,0.105235,0.136456,0.281567,0.034025,0.088681,0.00506,0.127656,0.053717,0.143527,,1717500,,
3,3,,0.024827,0.135782,0.077764,0.282433,0.050414,0.139747,0.010198,0.075492,0.029612,0.173732,,1706200,,
3,3,,0.062357,0.09336,0.102099,0.204789,0.039903,0.097641,0.048113,0.081889,0.10725,0.1626,,1715800,,
3,3,,0.020928,0.11817,0.109342,0.277248,0.038268,0.141397,0.014634,0.076171,0.041299,0.162543,,1703900,,
