waveform-noise,CWE,test,2,NANOSECONDS,PREDICTIONS, Generated by ClassifierExperiments.java on 2022-05-16 21:47:18.    SYSTEMPROPERTIES:{user.name:matth,os.arch:amd64,os.name:Windows 10},ENDSYSTEMPROPERTIES
No parameter info
0.6943056943056943,3133077300,2251033600,-1,103580808,3,,-1,-1
0,0,,0.55519,0.433325,0.011485,,2374300,,
0,1,,0.486144,0.502371,0.011485,,2164100,,
0,1,,0.470429,0.518086,0.011485,,2164900,,
0,0,,0.58319,0.405325,0.011485,,2114500,,
0,0,,0.734844,0.027582,0.237573,,2172100,,
0,0,,0.681283,0.293562,0.025155,,2125000,,
0,1,,0.276824,0.514327,0.208849,,2321300,,
0,1,,0.455135,0.53338,0.011485,,2330400,,
0,0,,0.49519,0.493325,0.011485,,2204900,,
0,2,,0.335133,0.023682,0.641185,,2241400,,
0,2,,0.098975,0.190047,0.710978,,2110900,,
0,2,,0.47426,0.02312,0.50262,,2158800,,
0,0,,0.710618,0.27066,0.018722,,2138600,,
0,2,,0.36845,0.02312,0.60843,,2437500,,
0,1,,0.486144,0.502371,0.011485,,2187800,,
0,2,,0.274346,0.056872,0.668782,,2277200,,
0,0,,0.636792,0.103026,0.260183,,2180700,,
0,0,,0.692344,0.153188,0.154468,,2107800,,
0,1,,0.410429,0.578086,0.011485,,2177400,,
0,0,,0.49426,0.02312,0.48262,,2073000,,
0,1,,0.430429,0.558086,0.011485,,2080700,,
0,0,,0.556938,0.431577,0.011485,,2121200,,
0,0,,0.526144,0.462371,0.011485,,2193400,,
0,0,,0.606403,0.382112,0.011485,,2176100,,
0,2,,0.47426,0.02312,0.50262,,2091000,,
0,0,,0.743237,0.233204,0.023559,,2086800,,
0,0,,0.499403,0.02312,0.477477,,2082000,,
0,0,,0.746272,0.153505,0.100223,,2128100,,
0,2,,0.331323,0.023682,0.644994,,2134600,,
0,0,,0.584375,0.02312,0.392505,,2158600,,
0,0,,0.49426,0.02312,0.48262,,2183900,,
0,1,,0.486144,0.502371,0.011485,,2168000,,
0,0,,0.48319,0.425325,0.091485,,2112800,,
0,0,,0.727084,0.255271,0.017645,,2157400,,
0,1,,0.466144,0.522371,0.011485,,2105900,,
0,0,,0.771311,0.201866,0.026823,,2097200,,
0,0,,0.526144,0.462371,0.011485,,2136400,,
0,2,,0.40976,0.02312,0.56712,,2131800,,
0,2,,0.46626,0.02312,0.51062,,2091700,,
0,0,,0.709547,0.270043,0.020409,,2086300,,
0,0,,0.676247,0.024821,0.298932,,2140300,,
0,0,,0.526144,0.462371,0.011485,,2095400,,
0,0,,0.506144,0.482371,0.011485,,2095200,,
0,0,,0.538905,0.44961,0.011485,,2113000,,
0,0,,0.533042,0.455473,0.011485,,2188100,,
0,0,,0.699855,0.27499,0.025155,,2134400,,
0,0,,0.526144,0.462371,0.011485,,2211700,,
0,0,,0.49426,0.02312,0.48262,,2200500,,
0,2,,0.476927,0.02312,0.499953,,2310800,,
0,0,,0.693283,0.273562,0.033155,,2087000,,
0,0,,0.57519,0.405325,0.019485,,2127900,,
0,2,,0.36626,0.02312,0.61062,,2162500,,
0,1,,0.446144,0.542371,0.011485,,2131200,,
0,0,,0.788344,0.173188,0.038468,,2156200,,
0,0,,0.592982,0.024821,0.382198,,2162300,,
0,2,,0.351323,0.023682,0.624994,,2115300,,
0,0,,0.575315,0.024821,0.399865,,2078200,,
0,1,,0.435763,0.552752,0.011485,,2215800,,
0,0,,0.733921,0.151761,0.114318,,2100700,,
0,1,,0.466144,0.522371,0.011485,,2182500,,
0,0,,0.608751,0.378792,0.012457,,3241200,,
0,2,,0.315133,0.023682,0.661185,,3375200,,
0,1,,0.410429,0.578086,0.011485,,2107100,,
0,2,,0.335133,0.023682,0.641185,,2126200,,
0,0,,0.668541,0.319974,0.011485,,2223700,,
0,2,,0.193315,0.22216,0.584524,,2100900,,
0,0,,0.628938,0.359577,0.011485,,2123700,,
0,0,,0.588648,0.024821,0.386531,,2105000,,
0,2,,0.43426,0.02312,0.54262,,2229500,,
0,0,,0.530429,0.458086,0.011485,,2208800,,
0,0,,0.49426,0.02312,0.48262,,2061400,,
0,1,,0.415763,0.572752,0.011485,,2124000,,
0,1,,0.486144,0.502371,0.011485,,2122700,,
0,1,,0.466144,0.522371,0.011485,,2075100,,
0,2,,0.328466,0.023682,0.647851,,2297600,,
0,2,,0.292944,0.023682,0.683373,,2307300,,
0,0,,0.612802,0.291441,0.095757,,2252600,,
0,0,,0.495763,0.472752,0.031485,,2108200,,
0,1,,0.435763,0.552752,0.011485,,2229500,,
0,2,,0.375133,0.023682,0.601185,,2090300,,
0,1,,0.435135,0.55338,0.011485,,2077900,,
0,1,,0.446144,0.542371,0.011485,,2087700,,
0,0,,0.502429,0.486086,0.011485,,2384500,,
0,2,,0.348466,0.023682,0.627851,,2184000,,
0,2,,0.45426,0.02312,0.52262,,2104700,,
0,1,,0.475135,0.51338,0.011485,,2084900,,
0,2,,0.45426,0.02312,0.52262,,2081500,,
0,0,,0.693835,0.268799,0.037366,,2086400,,
0,0,,0.674403,0.314112,0.011485,,2185700,,
0,0,,0.770687,0.027582,0.201731,,2093200,,
0,2,,0.196213,0.056872,0.746915,,2289100,,
0,2,,0.461982,0.024821,0.513198,,2248400,,
0,2,,0.41645,0.02312,0.56043,,2184300,,
0,2,,0.45426,0.02312,0.52262,,2128600,,
0,0,,0.813784,0.15477,0.031446,,2087800,,
0,2,,0.45426,0.02312,0.52262,,2126900,,
0,0,,0.664255,0.32426,0.011485,,2104100,,
0,0,,0.670117,0.318398,0.011485,,2123100,,
0,1,,0.466144,0.522371,0.011485,,2418900,,
0,2,,0.48626,0.02312,0.49062,,2547300,,
0,1,,0.442429,0.546086,0.011485,,2644900,,
0,0,,0.623324,0.280918,0.095757,,2404300,,
0,1,,0.296322,0.676881,0.026797,,2446900,,
0,0,,0.590736,0.227159,0.182105,,2461800,,
0,0,,0.674403,0.314112,0.011485,,2781100,,
0,2,,0.44226,0.02312,0.53462,,2709700,,
0,2,,0.370966,0.023682,0.605351,,2424700,,
0,0,,0.760169,0.122138,0.117693,,2413400,,
0,1,,0.415763,0.572752,0.011485,,2451000,,
0,2,,0.303466,0.023682,0.672851,,2455900,,
0,0,,0.699855,0.27499,0.025155,,2583700,,
0,2,,0.47426,0.02312,0.50262,,2556800,,
0,1,,0.446144,0.542371,0.011485,,2605700,,
0,2,,0.210213,0.161669,0.628118,,2424900,,
0,2,,0.45426,0.02312,0.52262,,2428100,,
0,2,,0.45426,0.02312,0.52262,,2394500,,
0,0,,0.773784,0.15477,0.071446,,2447500,,
0,2,,0.380466,0.023682,0.595851,,2501800,,
0,1,,0.486144,0.502371,0.011485,,2568100,,
0,2,,0.207053,0.056872,0.736075,,2559800,,
0,0,,0.501982,0.024821,0.473198,,2191700,,
0,1,,0.486144,0.502371,0.011485,,2165100,,
0,0,,0.650628,0.334737,0.014635,,2129800,,
0,0,,0.506144,0.482371,0.011485,,2150600,,
0,0,,0.492863,0.099611,0.407526,,2259900,,
0,0,,0.518905,0.46961,0.011485,,2110000,,
0,1,,0.466144,0.522371,0.011485,,2177300,,
0,1,,0.415763,0.572752,0.011485,,2101900,,
0,0,,0.770687,0.027582,0.201731,,2084100,,
0,2,,0.38626,0.02312,0.59062,,2092400,,
0,0,,0.597982,0.024821,0.377198,,2195600,,
0,0,,0.709067,0.045647,0.245287,,2126000,,
0,0,,0.809129,0.153505,0.037366,,2125900,,
0,2,,0.48626,0.02312,0.49062,,2170500,,
0,0,,0.506144,0.482371,0.011485,,2207400,,
0,0,,0.757312,0.122138,0.12055,,2102300,,
0,1,,0.446144,0.542371,0.011485,,2097100,,
0,1,,0.46319,0.525325,0.011485,,2145400,,
0,1,,0.200196,0.773006,0.026797,,2109100,,
0,2,,0.363466,0.023682,0.612851,,2109000,,
0,0,,0.793784,0.15477,0.051446,,2807400,,
0,1,,0.217299,0.42716,0.355541,,2175500,,
0,0,,0.813784,0.15477,0.031446,,2180900,,
0,0,,0.531778,0.455765,0.012457,,2088800,,
0,0,,0.576938,0.411577,0.011485,,2135100,,
0,2,,0.239053,0.056872,0.704075,,2247600,,
0,2,,0.227053,0.056872,0.716075,,2078100,,
0,1,,0.442429,0.546086,0.011485,,2171000,,
0,2,,0.360319,0.100173,0.539508,,2137300,,
0,1,,0.446144,0.542371,0.011485,,2144300,,
0,0,,0.714844,0.027582,0.257573,,2177500,,
0,0,,0.506144,0.482371,0.011485,,2246900,,
0,2,,0.352928,0.02312,0.623952,,2228600,,
0,0,,0.495763,0.492752,0.011485,,2074200,,
0,0,,0.49426,0.02312,0.48262,,2081400,,
0,2,,0.38626,0.02312,0.59062,,2112100,,
0,2,,0.439403,0.02312,0.537477,,2145400,,
0,0,,0.537356,0.451159,0.011485,,2226300,,
0,1,,0.470429,0.518086,0.011485,,2204500,,
0,2,,0.45426,0.02312,0.52262,,2121200,,
0,0,,0.65195,0.282895,0.065155,,2104300,,
0,0,,0.57519,0.413325,0.011485,,2092000,,
0,2,,0.47426,0.02312,0.50262,,2073000,,
0,0,,0.613642,0.374873,0.011485,,2102900,,
0,0,,0.770687,0.027582,0.201731,,2158500,,
0,0,,0.768106,0.111692,0.120202,,2251700,,
0,0,,0.674403,0.314112,0.011485,,2132700,,
0,0,,0.54279,0.444753,0.012457,,2328000,,
0,1,,0.486144,0.502371,0.011485,,2141600,,
0,0,,0.528648,0.024821,0.446531,,2081700,,
0,0,,0.528751,0.398792,0.072457,,2086500,,
0,0,,0.581043,0.242771,0.176187,,2140000,,
0,1,,0.466144,0.522371,0.011485,,2148900,,
0,0,,0.506144,0.482371,0.011485,,2108900,,
0,2,,0.360466,0.023682,0.615851,,2056000,,
0,0,,0.502429,0.486086,0.011485,,2098200,,
0,2,,0.47426,0.02312,0.50262,,2079300,,
0,0,,0.808344,0.153188,0.038468,,2112200,,
0,2,,0.459403,0.02312,0.517477,,2083700,,
0,0,,0.561642,0.426873,0.011485,,2579100,,
0,0,,0.589982,0.024821,0.385198,,3101000,,
0,0,,0.692089,0.024821,0.28309,,2430900,,
0,2,,0.288466,0.023682,0.687851,,2408500,,
0,0,,0.709335,0.251917,0.038747,,2414500,,
0,2,,0.242346,0.056872,0.700782,,2704100,,
0,0,,0.607787,0.267058,0.125155,,2487900,,
0,0,,0.770687,0.027582,0.201731,,2493400,,
0,1,,0.435135,0.55338,0.011485,,2467100,,
0,0,,0.576375,0.02312,0.400505,,2432800,,
0,2,,0.45426,0.02312,0.52262,,2401700,,
0,0,,0.687224,0.289208,0.023568,,2641100,,
0,2,,0.127053,0.056872,0.816075,,2486600,,
0,1,,0.486144,0.502371,0.011485,,2583500,,
0,2,,0.38626,0.02312,0.59062,,2144800,,
0,0,,0.654403,0.334112,0.011485,,2296600,,
0,1,,0.466144,0.522371,0.011485,,2302500,,
0,0,,0.49426,0.02312,0.48262,,2243900,,
0,0,,0.506144,0.482371,0.011485,,2132800,,
0,2,,0.47426,0.02312,0.50262,,2133200,,
0,0,,0.687179,0.048804,0.264017,,2360500,,
0,0,,0.77959,0.183981,0.036429,,2164300,,
0,1,,0.466144,0.522371,0.011485,,2238400,,
0,1,,0.475135,0.51338,0.011485,,2279300,,
0,0,,0.654403,0.334112,0.011485,,2152300,,
0,2,,0.36626,0.02312,0.61062,,2208700,,
0,0,,0.719261,0.250881,0.029859,,2156500,,
0,0,,0.588648,0.024821,0.386531,,2213600,,
0,2,,0.476927,0.02312,0.499953,,2209100,,
0,0,,0.752344,0.153188,0.094468,,2551700,,
0,0,,0.472863,0.099611,0.427526,,2185900,,
0,2,,0.363133,0.023682,0.613185,,2175400,,
0,0,,0.780344,0.153188,0.066468,,2091800,,
0,1,,0.466144,0.522371,0.011485,,2096700,,
0,1,,0.475135,0.51338,0.011485,,2271000,,
0,1,,0.303086,0.649156,0.047757,,2154500,,
0,0,,0.530429,0.458086,0.011485,,2154100,,
0,0,,0.739011,0.162521,0.098468,,2123500,,
0,0,,0.506144,0.482371,0.011485,,2095100,,
0,1,,0.293361,0.679842,0.026797,,2282600,,
0,0,,0.793803,0.175262,0.030935,,2095800,,
0,2,,0.457724,0.023682,0.518593,,2212800,,
0,0,,0.59195,0.342895,0.065155,,2091400,,
0,1,,0.466144,0.522371,0.011485,,2104200,,
0,1,,0.466144,0.522371,0.011485,,2149800,,
0,1,,0.482429,0.506086,0.011485,,2186500,,
0,0,,0.506144,0.482371,0.011485,,2303700,,
0,1,,0.486144,0.502371,0.011485,,2152800,,
0,0,,0.541982,0.024821,0.433198,,2187200,,
0,0,,0.770687,0.027582,0.201731,,2109100,,
0,0,,0.58319,0.405325,0.011485,,2143300,,
0,1,,0.466144,0.522371,0.011485,,2131100,,
0,2,,0.47426,0.02312,0.50262,,2221500,,
0,0,,0.537982,0.024821,0.437198,,2232000,,
0,0,,0.533042,0.455473,0.011485,,2155400,,
0,0,,0.527896,0.460619,0.011485,,2138100,,
0,0,,0.541642,0.446873,0.011485,,2266300,,
0,0,,0.773789,0.104073,0.122137,,2112400,,
0,1,,0.455763,0.532752,0.011485,,2243300,,
0,0,,0.586403,0.402112,0.011485,,2155600,,
0,0,,0.688513,0.250985,0.060502,,2132100,,
0,0,,0.669843,0.31442,0.015737,,2213700,,
0,0,,0.597982,0.024821,0.377198,,2158000,,
0,0,,0.714597,0.259657,0.025746,,2316300,,
0,0,,0.768106,0.131692,0.100202,,2177600,,
0,1,,0.486144,0.502371,0.011485,,2153000,,
0,0,,0.530429,0.458086,0.011485,,2560300,,
0,0,,0.506144,0.482371,0.011485,,2253900,,
0,2,,0.39645,0.02312,0.58043,,2133000,,
0,0,,0.641283,0.273562,0.085155,,2142700,,
0,0,,0.58857,0.024821,0.38661,,2419100,,
0,0,,0.518429,0.458086,0.023485,,2425600,,
0,2,,0.36626,0.02312,0.61062,,2480100,,
0,2,,0.47426,0.02312,0.50262,,2500700,,
0,0,,0.49426,0.02312,0.48262,,2826300,,
0,1,,0.493042,0.495473,0.011485,,2536900,,
0,0,,0.571642,0.416873,0.011485,,2456300,,
0,0,,0.634711,0.349683,0.015606,,2457200,,
0,2,,0.243055,0.135064,0.621881,,2460100,,
0,0,,0.737067,0.045647,0.217287,,2888100,,
0,0,,0.499403,0.02312,0.477477,,4187200,,
0,0,,0.482506,0.099611,0.417883,,3239700,,
0,0,,0.528751,0.458792,0.012457,,2450700,,
0,1,,0.466144,0.522371,0.011485,,2460100,,
0,1,,0.482429,0.506086,0.011485,,2210400,,
0,0,,0.506144,0.482371,0.011485,,2186900,,
0,1,,0.435763,0.552752,0.011485,,2114900,,
0,1,,0.455135,0.53338,0.011485,,2219000,,
0,2,,0.47426,0.02312,0.50262,,2317500,,
0,2,,0.40626,0.02312,0.57062,,2147600,,
0,0,,0.794569,0.155088,0.050343,,2137300,,
0,1,,0.466144,0.522371,0.011485,,2136400,,
0,1,,0.462429,0.526086,0.011485,,2110000,,
0,2,,0.48626,0.02312,0.49062,,2188500,,
0,1,,0.410429,0.578086,0.011485,,2329500,,
0,2,,0.375133,0.023682,0.601185,,2230800,,
0,2,,0.48226,0.02312,0.49462,,2170800,,
0,0,,0.51519,0.473325,0.011485,,2152000,,
0,2,,0.45426,0.02312,0.52262,,2131700,,
0,0,,0.806422,0.157806,0.035773,,2149700,,
0,1,,0.466144,0.522371,0.011485,,2235100,,
0,2,,0.32845,0.02312,0.64843,,2303400,,
0,1,,0.432081,0.541121,0.026797,,2229100,,
0,1,,0.468524,0.519991,0.011485,,2252000,,
0,0,,0.589982,0.024821,0.385198,,2155000,,
0,1,,0.466144,0.522371,0.011485,,2117400,,
0,0,,0.737067,0.045647,0.217287,,2126300,,
0,1,,0.466144,0.522371,0.011485,,2157900,,
0,1,,0.130103,0.841192,0.028706,,2236100,,
0,2,,0.40626,0.02312,0.57062,,2330100,,
0,1,,0.13448,0.839045,0.026475,,2308700,,
0,2,,0.47426,0.02312,0.50262,,2249600,,
0,1,,0.486144,0.502371,0.011485,,2158200,,
0,0,,0.506144,0.482371,0.011485,,2145600,,
0,1,,0.475135,0.51338,0.011485,,2100200,,
0,2,,0.335133,0.023682,0.641185,,2159000,,
0,1,,0.466144,0.522371,0.011485,,2154100,,
0,2,,0.42626,0.02312,0.55062,,2141900,,
0,2,,0.42626,0.02312,0.55062,,2109400,,
0,2,,0.363466,0.023682,0.612851,,2180100,,
0,2,,0.476927,0.02312,0.499953,,2189200,,
0,0,,0.488524,0.479991,0.031485,,2097900,,
0,2,,0.47426,0.02312,0.50262,,2119700,,
0,0,,0.60319,0.385325,0.011485,,2127300,,
0,1,,0.435135,0.55338,0.011485,,2183600,,
0,0,,0.506144,0.482371,0.011485,,2155500,,
0,1,,0.442429,0.546086,0.011485,,2115900,,
0,0,,0.653108,0.137676,0.209216,,2123400,,
0,1,,0.466144,0.522371,0.011485,,2117800,,
0,2,,0.227053,0.056872,0.716075,,2232000,,
0,1,,0.482429,0.506086,0.011485,,2134400,,
0,1,,0.492177,0.496338,0.011485,,2115700,,
0,2,,0.363133,0.023682,0.613185,,2214600,,
0,0,,0.513642,0.474873,0.011485,,2157900,,
0,0,,0.53519,0.453325,0.011485,,2139600,,
0,0,,0.49426,0.02312,0.48262,,2094800,,
0,0,,0.6478,0.331791,0.020409,,2298800,,
0,0,,0.597982,0.024821,0.377198,,2140800,,
0,2,,0.47426,0.02312,0.50262,,2134400,,
0,0,,0.614403,0.374112,0.011485,,2389000,,
0,1,,0.450429,0.538086,0.011485,,3359900,,
0,1,,0.475763,0.512752,0.011485,,2211600,,
0,1,,0.466144,0.522371,0.011485,,2093000,,
0,0,,0.496927,0.02312,0.479953,,2370400,,
0,2,,0.360466,0.023682,0.615851,,2090900,,
0,0,,0.693222,0.146995,0.159783,,2159200,,
0,1,,0.333002,0.655513,0.011485,,2264300,,
0,2,,0.38626,0.02312,0.59062,,2091900,,
0,0,,0.518905,0.46961,0.011485,,2137500,,
0,0,,0.773789,0.124073,0.102137,,2271100,,
0,0,,0.527891,0.460624,0.011485,,2432900,,
0,0,,0.790932,0.104073,0.104994,,2169200,,
0,0,,0.720169,0.142138,0.137693,,2130400,,
0,1,,0.455135,0.53338,0.011485,,2154900,,
0,1,,0.476882,0.511632,0.011485,,2163900,,
0,2,,0.068096,0.067428,0.864476,,2181500,,
0,0,,0.53519,0.453325,0.011485,,2091700,,
0,1,,0.426144,0.562371,0.011485,,2122300,,
0,2,,0.383466,0.023682,0.592851,,2171800,,
0,2,,0.436391,0.023682,0.539927,,2095800,,
1,1,,0.190353,0.780942,0.028706,,2154000,,
1,2,,0.056602,0.319326,0.624072,,2189000,,
1,2,,0.210006,0.245428,0.544566,,2181000,,
1,1,,0.098433,0.658967,0.2426,,2262200,,
1,0,,0.530429,0.458086,0.011485,,2195100,,
1,1,,0.106353,0.864942,0.028706,,2090800,,
1,1,,0.312767,0.675748,0.011485,,2089100,,
1,1,,0.410429,0.478086,0.111485,,2106000,,
1,2,,0.079705,0.37661,0.543686,,2164000,,
1,1,,0.406119,0.582396,0.011485,,2185100,,
1,0,,0.506144,0.482371,0.011485,,2150100,,
1,1,,0.486144,0.502371,0.011485,,2147100,,
1,0,,0.527763,0.458086,0.014152,,2153600,,
1,1,,0.169775,0.763751,0.066475,,2172300,,
1,1,,0.486144,0.502371,0.011485,,2135900,,
1,0,,0.490429,0.478086,0.031485,,2098900,,
1,2,,0.056602,0.31171,0.631688,,2246600,,
1,2,,0.098955,0.34952,0.551525,,2144400,,
1,1,,0.477328,0.511187,0.011485,,2264400,,
1,2,,0.056602,0.322377,0.621021,,2604200,,
1,1,,0.475763,0.512752,0.011485,,2711700,,
1,0,,0.757947,0.104073,0.137979,,2543700,,
1,1,,0.1245,0.762305,0.113195,,2501600,,
1,1,,0.179961,0.793241,0.026797,,2635100,,
1,1,,0.486144,0.502371,0.011485,,2402500,,
1,1,,0.415763,0.572752,0.011485,,2607000,,
1,1,,0.106353,0.864942,0.028706,,2729800,,
1,0,,0.506144,0.482371,0.011485,,2522000,,
1,1,,0.466144,0.522371,0.011485,,2501300,,
1,1,,0.410429,0.578086,0.011485,,2443800,,
1,0,,0.558905,0.40961,0.031485,,2986800,,
1,1,,0.486144,0.502371,0.011485,,2851600,,
1,1,,0.106353,0.864942,0.028706,,2136700,,
1,0,,0.510429,0.478086,0.011485,,2119800,,
1,1,,0.455763,0.532752,0.011485,,2115300,,
1,1,,0.204735,0.762071,0.033195,,2254400,,
1,1,,0.466144,0.522371,0.011485,,2192400,,
1,0,,0.497328,0.491187,0.011485,,2227000,,
1,1,,0.133525,0.840001,0.026475,,2472400,,
1,1,,0.126353,0.844942,0.028706,,2144000,,
1,1,,0.435763,0.552752,0.011485,,2175700,,
1,1,,0.109775,0.863751,0.026475,,2082100,,
1,1,,0.455763,0.532752,0.011485,,2085100,,
1,0,,0.475763,0.472752,0.051485,,2073100,,
1,2,,0.056602,0.347945,0.595453,,2153300,,
1,1,,0.210457,0.763705,0.025837,,2484800,,
1,1,,0.109775,0.823751,0.066475,,2127600,,
1,2,,0.056602,0.322377,0.621021,,2124200,,
1,2,,0.058325,0.426572,0.515103,,2082400,,
1,1,,0.486144,0.502371,0.011485,,2048500,,
1,2,,0.058325,0.43683,0.504844,,2094500,,
1,2,,0.056602,0.282377,0.661021,,2120800,,
1,1,,0.111899,0.858435,0.029666,,2223900,,
1,1,,0.208193,0.765969,0.025837,,2161900,,
1,1,,0.104429,0.745123,0.150448,,2134400,,
1,1,,0.410429,0.578086,0.011485,,2090200,,
1,1,,0.475763,0.512752,0.011485,,2076300,,
1,1,,0.166353,0.804942,0.028706,,2194100,,
1,1,,0.109775,0.863751,0.026475,,2109100,,
1,1,,0.284322,0.688881,0.026797,,2085400,,
1,1,,0.109775,0.863751,0.026475,,2276900,,
1,1,,0.189775,0.763751,0.046475,,2123900,,
1,1,,0.124735,0.762071,0.113195,,2379100,,
1,2,,0.058325,0.338235,0.60344,,2110400,,
1,1,,0.109775,0.863751,0.026475,,2083000,,
1,1,,0.260311,0.713851,0.025837,,2120200,,
1,1,,0.357288,0.631227,0.011485,,2090400,,
1,1,,0.106353,0.864942,0.028706,,2205200,,
1,1,,0.466144,0.522371,0.011485,,2317600,,
1,1,,0.160311,0.813851,0.025837,,2201500,,
1,0,,0.466144,0.462371,0.071485,,2088700,,
1,1,,0.284322,0.688881,0.026797,,2074700,,
1,1,,0.336038,0.632477,0.031485,,2123000,,
1,1,,0.442429,0.546086,0.011485,,2070000,,
1,2,,0.057715,0.25673,0.685555,,2232400,,
1,1,,0.450429,0.538086,0.011485,,2140600,,
1,1,,0.101313,0.775262,0.123426,,2231600,,
1,2,,0.098325,0.257453,0.644222,,2185200,,
1,1,,0.087698,0.641039,0.271263,,2317200,,
1,0,,0.751383,0.053266,0.195351,,2155500,,
1,1,,0.410429,0.478086,0.111485,,2145700,,
1,1,,0.430429,0.558086,0.011485,,2091400,,
1,0,,0.518905,0.46961,0.011485,,2258000,,
1,2,,0.080818,0.273221,0.645961,,2149900,,
1,1,,0.106353,0.864942,0.028706,,2354600,,
1,1,,0.435763,0.552752,0.011485,,2230000,,
1,1,,0.106163,0.859214,0.034623,,2115100,,
1,1,,0.209775,0.763751,0.026475,,2136800,,
1,2,,0.212934,0.024953,0.762114,,2144100,,
1,2,,0.056602,0.376202,0.567196,,2126200,,
1,1,,0.145489,0.828036,0.026475,,2075700,,
1,0,,0.506144,0.482371,0.011485,,2410100,,
1,1,,0.486144,0.502371,0.011485,,2207200,,
1,1,,0.410429,0.578086,0.011485,,2121100,,
1,1,,0.486144,0.502371,0.011485,,2222500,,
1,0,,0.578905,0.40961,0.011485,,2144600,,
1,2,,0.056602,0.309452,0.633946,,2077400,,
1,1,,0.106353,0.864942,0.028706,,2136600,,
1,2,,0.058325,0.438235,0.50344,,2130800,,
1,2,,0.060906,0.345512,0.593583,,2155300,,
1,0,,0.501679,0.466836,0.031485,,2109500,,
1,1,,0.098433,0.724459,0.177108,,2184500,,
1,2,,0.056602,0.336202,0.607196,,2113600,,
1,1,,0.446144,0.542371,0.011485,,2133800,,
1,2,,0.058325,0.34883,0.592844,,2126600,,
1,0,,0.734844,0.027582,0.237573,,2324200,,
1,1,,0.450429,0.478086,0.071485,,2204200,,
1,1,,0.455135,0.53338,0.011485,,2140400,,
1,0,,0.497982,0.024821,0.477198,,2130900,,
1,2,,0.060678,0.450641,0.488681,,2135900,,
1,1,,0.466144,0.522371,0.011485,,2102500,,
1,1,,0.101313,0.795262,0.103426,,2073200,,
1,1,,0.107781,0.767442,0.124777,,2104300,,
1,1,,0.126353,0.844942,0.028706,,2143400,,
1,1,,0.106353,0.864942,0.028706,,2335400,,
1,1,,0.103473,0.848313,0.048215,,2282500,,
1,1,,0.415135,0.57338,0.011485,,2187700,,
1,2,,0.056602,0.35846,0.584938,,3755400,,
1,0,,0.531642,0.456873,0.011485,,2167400,,
1,1,,0.486144,0.502371,0.011485,,2138900,,
1,1,,0.101113,0.820123,0.078764,,2106300,,
1,0,,0.551642,0.436873,0.011485,,2519400,,
1,2,,0.081428,0.434726,0.483846,,2390600,,
1,1,,0.446144,0.542371,0.011485,,2247900,,
1,1,,0.109775,0.863751,0.026475,,2192500,,
1,1,,0.411763,0.458086,0.130152,,2437100,,
1,1,,0.102741,0.800404,0.096854,,2115600,,
1,1,,0.410429,0.578086,0.011485,,2102800,,
1,1,,0.101313,0.795262,0.103426,,2357700,,
1,1,,0.098433,0.712459,0.189108,,2122100,,
1,1,,0.166353,0.804942,0.028706,,2091100,,
1,1,,0.267202,0.705041,0.027757,,4133800,,
1,1,,0.149775,0.823751,0.026475,,3907700,,
1,1,,0.466144,0.522371,0.011485,,2478700,,
1,0,,0.531642,0.456873,0.011485,,2216000,,
1,0,,0.506144,0.482371,0.011485,,2195100,,
1,1,,0.201313,0.763262,0.035426,,2178300,,
1,1,,0.486144,0.502371,0.011485,,2095800,,
1,1,,0.102741,0.860404,0.036854,,2096700,,
1,1,,0.10954,0.863985,0.026475,,2091000,,
1,1,,0.442429,0.546086,0.011485,,2097300,,
1,1,,0.058325,0.489798,0.451877,,2131300,,
1,0,,0.525923,0.384334,0.089743,,2164000,,
1,1,,0.210692,0.763471,0.025837,,2158100,,
1,1,,0.466144,0.522371,0.011485,,2122900,,
1,1,,0.466144,0.522371,0.011485,,2097500,,
1,1,,0.146353,0.824942,0.028706,,2124500,,
1,1,,0.430429,0.558086,0.011485,,2077400,,
1,1,,0.295803,0.358597,0.345601,,2077000,,
1,1,,0.079705,0.534833,0.385462,,2148400,,
1,1,,0.320036,0.613167,0.066797,,2179900,,
1,1,,0.109775,0.863751,0.026475,,2359000,,
1,1,,0.109775,0.863751,0.026475,,2152200,,
1,1,,0.104735,0.822071,0.073195,,2109500,,
1,2,,0.06565,0.167307,0.767043,,2088800,,
1,2,,0.38626,0.02312,0.59062,,2147000,,
1,0,,0.57751,0.411005,0.011485,,2091500,,
1,0,,0.506144,0.482371,0.011485,,2116400,,
1,1,,0.430429,0.558086,0.011485,,2165400,,
1,1,,0.099389,0.538587,0.362024,,2231000,,
1,1,,0.229775,0.743751,0.026475,,2218000,,
1,2,,0.061525,0.152603,0.785873,,2099200,,
1,1,,0.104735,0.815404,0.079861,,2099100,,
1,1,,0.430429,0.458086,0.111485,,2078700,,
1,1,,0.17635,0.788704,0.034946,,2132300,,
1,1,,0.410429,0.578086,0.011485,,2269400,,
1,2,,0.058325,0.40883,0.532844,,2324200,,
1,1,,0.104429,0.778457,0.117115,,2222000,,
1,2,,0.058325,0.339568,0.602106,,2138900,,
1,2,,0.096602,0.199326,0.704072,,2124200,,
1,1,,0.112441,0.861084,0.026475,,2089700,,
1,1,,0.100878,0.820358,0.078764,,2096600,,
1,1,,0.410429,0.578086,0.011485,,2198800,,
1,1,,0.106353,0.864942,0.028706,,2267400,,
1,2,,0.056602,0.283387,0.660011,,2250400,,
1,0,,0.501679,0.486836,0.011485,,2231000,,
1,2,,0.058325,0.410235,0.53144,,2114500,,
1,2,,0.058325,0.338235,0.60344,,2105800,,
1,1,,0.106353,0.858275,0.035373,,2083700,,
1,1,,0.475763,0.512752,0.011485,,2098400,,
1,2,,0.058325,0.414072,0.527603,,2294200,,
1,1,,0.086281,0.630954,0.282765,,2300400,,
1,1,,0.109775,0.863751,0.026475,,2169400,,
1,2,,0.060825,0.394509,0.544666,,2174200,,
1,0,,0.506144,0.462371,0.031485,,2108700,,
1,2,,0.058325,0.438235,0.50344,,2118400,,
1,0,,0.536426,0.327817,0.135757,,2091000,,
1,1,,0.106353,0.864942,0.028706,,2109800,,
1,1,,0.182067,0.749227,0.068706,,2213500,,
1,1,,0.490429,0.498086,0.011485,,2171200,,
1,1,,0.435135,0.55338,0.011485,,2144900,,
1,1,,0.442429,0.546086,0.011485,,2104800,,
1,1,,0.081428,0.494726,0.423846,,2120300,,
1,1,,0.104429,0.812815,0.082757,,2105500,,
1,1,,0.101313,0.863262,0.035426,,2073100,,
1,1,,0.354409,0.618794,0.026797,,2170600,,
1,1,,0.410429,0.478086,0.111485,,2191600,,
1,1,,0.102741,0.840404,0.056854,,2479600,,
1,1,,0.450429,0.538086,0.011485,,2139900,,
1,1,,0.081428,0.671936,0.246636,,2185400,,
1,1,,0.452177,0.536338,0.011485,,2113400,,
1,1,,0.192665,0.7599,0.047435,,2181100,,
1,1,,0.435763,0.552752,0.011485,,2105000,,
1,1,,0.466144,0.522371,0.011485,,4143100,,
1,2,,0.256703,0.120819,0.622478,,3232900,,
1,2,,0.062953,0.15979,0.777256,,2133000,,
1,0,,0.506144,0.482371,0.011485,,2109800,,
1,0,,0.56319,0.425325,0.011485,,2144200,,
1,1,,0.122741,0.840404,0.036854,,2106500,,
1,2,,0.058325,0.44883,0.492844,,2109900,,
1,1,,0.129775,0.843751,0.026475,,2225900,,
1,2,,0.061525,0.160603,0.777873,,2117800,,
1,1,,0.457328,0.531187,0.011485,,2212600,,
1,1,,0.237053,0.751462,0.011485,,2140700,,
1,2,,0.058325,0.398235,0.54344,,2287100,,
1,1,,0.132441,0.841084,0.026475,,3192900,,
1,1,,0.466144,0.522371,0.011485,,3880700,,
1,2,,0.061525,0.200603,0.737873,,2466500,,
1,1,,0.103473,0.768119,0.128408,,2505000,,
1,2,,0.059777,0.213727,0.726497,,2560400,,
1,2,,0.056602,0.29171,0.651688,,2176400,,
1,2,,0.156602,0.242377,0.601021,,2138300,,
1,1,,0.442429,0.546086,0.011485,,2099900,,
1,1,,0.107781,0.762084,0.130134,,2221400,,
1,1,,0.166353,0.764942,0.068706,,2133400,,
1,1,,0.129775,0.843751,0.026475,,2233500,,
1,1,,0.486144,0.502371,0.011485,,2283300,,
1,1,,0.101113,0.780123,0.118764,,2296300,,
1,1,,0.486144,0.502371,0.011485,,2465500,,
1,1,,0.101313,0.855262,0.043426,,2902500,,
1,1,,0.462429,0.526086,0.011485,,4072600,,
1,1,,0.106353,0.758781,0.134866,,2300700,,
1,1,,0.415763,0.572752,0.011485,,2193600,,
1,1,,0.466144,0.522371,0.011485,,2569700,,
1,2,,0.311569,0.100173,0.588258,,2217800,,
1,1,,0.081428,0.472468,0.446104,,2155200,,
1,1,,0.058325,0.557703,0.383972,,2141700,,
1,1,,0.123473,0.836076,0.040452,,2283100,,
1,1,,0.112441,0.861084,0.026475,,2459200,,
1,1,,0.126163,0.839214,0.034623,,2118500,,
1,1,,0.101313,0.863262,0.035426,,2127300,,
1,1,,0.435763,0.552752,0.011485,,2101500,,
1,0,,0.546144,0.442371,0.011485,,2101200,,
1,1,,0.441679,0.546836,0.011485,,2115900,,
1,1,,0.099389,0.766961,0.13365,,2139500,,
1,2,,0.063563,0.229796,0.706641,,2174200,,
1,1,,0.101313,0.863262,0.035426,,2132100,,
1,1,,0.475763,0.512752,0.011485,,2240300,,
1,1,,0.099389,0.628295,0.272317,,2147900,,
1,1,,0.435763,0.552752,0.011485,,2090600,,
1,2,,0.056602,0.29846,0.644938,,2097100,,
1,1,,0.320036,0.653167,0.026797,,2107600,,
1,1,,0.099861,0.769602,0.130537,,2134100,,
1,1,,0.096275,0.731676,0.17205,,2164200,,
1,1,,0.132041,0.732049,0.135909,,2333600,,
1,1,,0.124735,0.842071,0.033195,,2195500,,
1,1,,0.486144,0.502371,0.011485,,2154900,,
1,1,,0.104735,0.862071,0.033195,,2116200,,
1,1,,0.100878,0.700358,0.198764,,2081600,,
1,1,,0.084308,0.72728,0.188412,,2142200,,
1,2,,0.058325,0.395977,0.545698,,2174600,,
1,1,,0.397127,0.591387,0.011485,,2187600,,
1,1,,0.081428,0.502563,0.416009,,2277400,,
1,1,,0.204735,0.742071,0.053195,,2194200,,
1,1,,0.486144,0.502371,0.011485,,2099300,,
1,1,,0.129775,0.843751,0.026475,,2156700,,
1,1,,0.410429,0.578086,0.011485,,2235600,,
1,1,,0.100878,0.752358,0.146764,,2120400,,
1,1,,0.100878,0.812358,0.086764,,2147900,,
1,1,,0.107309,0.781283,0.111408,,2186500,,
1,1,,0.410429,0.578086,0.011485,,2367700,,
1,1,,0.126353,0.844942,0.028706,,2334400,,
1,1,,0.084543,0.715045,0.200412,,2380100,,
1,1,,0.100878,0.820358,0.078764,,2146600,,
1,1,,0.189775,0.763751,0.046475,,2327500,,
1,1,,0.109775,0.863751,0.026475,,2504300,,
1,0,,0.526144,0.462371,0.011485,,2391200,,
1,1,,0.203193,0.77001,0.026797,,2089400,,
1,1,,0.239282,0.727201,0.033517,,2551700,,
1,1,,0.410429,0.578086,0.011485,,2451500,,
1,1,,0.435763,0.552752,0.011485,,2319000,,
1,1,,0.122741,0.840404,0.036854,,2234000,,
1,1,,0.140196,0.773006,0.086797,,2531100,,
1,1,,0.455135,0.53338,0.011485,,2584700,,
1,2,,0.060906,0.254654,0.68444,,2269800,,
1,2,,0.056602,0.405687,0.537711,,2137100,,
1,1,,0.166353,0.804942,0.028706,,2276000,,
1,1,,0.466144,0.522371,0.011485,,2118300,,
1,1,,0.102741,0.820404,0.076854,,2157600,,
1,1,,0.466144,0.522371,0.011485,,2205300,,
1,2,,0.058325,0.438235,0.50344,,2155000,,
1,0,,0.515763,0.472752,0.011485,,2166200,,
1,0,,0.506144,0.482371,0.011485,,2280600,,
1,1,,0.058325,0.556886,0.384789,,2179600,,
1,2,,0.058325,0.438235,0.50344,,2160600,,
1,1,,0.171863,0.628617,0.19952,,2125900,,
1,2,,0.058325,0.45683,0.484844,,2156200,,
1,0,,0.490429,0.458086,0.051485,,2433100,,
1,2,,0.079705,0.348201,0.572094,,2303000,,
1,2,,0.060825,0.358346,0.580829,,2158500,,
1,1,,0.104429,0.746457,0.149115,,2159700,,
1,1,,0.101313,0.755262,0.143426,,2170300,,
1,1,,0.139961,0.833241,0.026797,,3006600,,
1,1,,0.204735,0.754071,0.041195,,2717100,,
1,1,,0.104429,0.74779,0.147781,,3284200,,
1,1,,0.194978,0.779185,0.025837,,2285400,,
1,2,,0.060906,0.262654,0.67644,,2141400,,
1,1,,0.450429,0.538086,0.011485,,2429600,,
1,1,,0.104429,0.778457,0.117115,,2155000,,
1,2,,0.056602,0.232424,0.710974,,2134700,,
1,0,,0.506144,0.462371,0.031485,,2238800,,
1,1,,0.189785,0.78374,0.026475,,2611900,,
1,1,,0.486144,0.502371,0.011485,,2187700,,
1,0,,0.501679,0.486836,0.011485,,2270000,,
1,1,,0.096275,0.647194,0.256531,,2123700,,
1,1,,0.101313,0.863262,0.035426,,2129500,,
1,1,,0.104735,0.814071,0.081195,,2114900,,
1,1,,0.106353,0.864942,0.028706,,2353000,,
1,1,,0.098761,0.523377,0.377862,,2271400,,
1,1,,0.46319,0.525325,0.011485,,2160500,,
1,1,,0.099389,0.708295,0.192317,,2239500,,
1,2,,0.090056,0.248046,0.661898,,2125900,,
1,1,,0.100878,0.753691,0.145431,,2117200,,
1,2,,0.058325,0.407906,0.533769,,2078200,,
1,0,,0.530429,0.458086,0.011485,,2097100,,
1,0,,0.527763,0.458086,0.014152,,2119000,,
1,2,,0.138325,0.378572,0.483103,,2158800,,
1,1,,0.317288,0.651227,0.031485,,2276800,,
1,1,,0.096275,0.61786,0.285865,,2153400,,
1,1,,0.106353,0.864942,0.028706,,2122800,,
1,1,,0.415763,0.572752,0.011485,,2105500,,
2,2,,0.39645,0.02312,0.58043,,2204800,,
2,2,,0.317216,0.023682,0.659101,,2098400,,
2,2,,0.47426,0.02312,0.50262,,2170600,,
2,2,,0.066763,0.067428,0.865809,,2157600,,
2,2,,0.066763,0.067428,0.865809,,2146700,,
2,2,,0.47426,0.02312,0.50262,,2119000,,
2,2,,0.45426,0.02312,0.52262,,2098500,,
2,2,,0.066763,0.135663,0.797574,,2143300,,
2,2,,0.335133,0.023682,0.641185,,2141500,,
2,2,,0.056602,0.259326,0.684072,,2111100,,
2,2,,0.058325,0.257453,0.684222,,2157300,,
2,2,,0.38626,0.02312,0.59062,,2274000,,
2,2,,0.282346,0.056872,0.660782,,2178900,,
2,2,,0.058325,0.330971,0.610704,,2278600,,
2,0,,0.49426,0.02312,0.48262,,2188900,,
2,2,,0.127053,0.056872,0.816075,,2139200,,
2,2,,0.127053,0.096872,0.776075,,2122400,,
2,2,,0.056602,0.300119,0.643279,,2213200,,
2,2,,0.207053,0.056872,0.736075,,2431300,,
2,2,,0.066763,0.067428,0.865809,,2321400,,
2,2,,0.246362,0.057435,0.696203,,2196800,,
2,2,,0.38626,0.02312,0.59062,,2126800,,
2,1,,0.099389,0.688295,0.212317,,2094200,,
2,2,,0.066763,0.127428,0.805809,,2126400,,
2,2,,0.47426,0.02312,0.50262,,2183900,,
2,2,,0.070763,0.107428,0.821809,,2225900,,
2,2,,0.090763,0.067428,0.841809,,2230200,,
2,2,,0.066763,0.127428,0.805809,,2200400,,
2,1,,0.080818,0.530237,0.388945,,2430900,,
2,2,,0.058325,0.350235,0.59144,,4809000,,
2,2,,0.323466,0.023682,0.652851,,4841200,,
2,2,,0.194246,0.023682,0.782072,,4464300,,
2,2,,0.059777,0.113727,0.826497,,3790800,,
2,2,,0.380466,0.023682,0.595851,,2576100,,
2,2,,0.336466,0.023682,0.639851,,2118800,,
2,2,,0.363466,0.023682,0.612851,,2142600,,
2,2,,0.061525,0.160603,0.777873,,2324900,,
2,2,,0.173719,0.056872,0.769408,,2189300,,
2,2,,0.056602,0.322377,0.621021,,2184400,,
2,2,,0.360319,0.100173,0.539508,,2134300,,
2,2,,0.45426,0.02312,0.52262,,2273600,,
2,2,,0.47426,0.02312,0.50262,,2086100,,
2,2,,0.104213,0.056872,0.838915,,2110500,,
2,2,,0.47426,0.02312,0.50262,,2126700,,
2,2,,0.082357,0.102114,0.815529,,2388900,,
2,2,,0.292466,0.023682,0.683851,,2180200,,
2,2,,0.080403,0.140999,0.778597,,2201300,,
2,2,,0.081428,0.373944,0.544628,,2199200,,
2,2,,0.056602,0.341043,0.602355,,2103000,,
2,2,,0.127053,0.056872,0.816075,,2079100,,
2,1,,0.099389,0.680711,0.2199,,2127600,,
2,2,,0.096602,0.215091,0.688307,,2218800,,
2,2,,0.062953,0.091555,0.845492,,2204200,,
2,2,,0.061067,0.10792,0.831013,,2177900,,
2,1,,0.209998,0.742567,0.047435,,2212700,,
2,2,,0.056602,0.322377,0.621021,,2295500,,
2,2,,0.45426,0.02312,0.52262,,2102200,,
2,2,,0.311323,0.023682,0.664994,,2107000,,
2,2,,0.47426,0.02312,0.50262,,2068300,,
2,2,,0.207053,0.056872,0.736075,,2106800,,
2,1,,0.101889,0.557072,0.341039,,2190400,,
2,2,,0.062357,0.164971,0.772672,,2203700,,
2,2,,0.194346,0.056872,0.748782,,2131600,,
2,2,,0.070763,0.067428,0.861809,,2132800,,
2,2,,0.0615,0.168088,0.770412,,2159700,,
2,2,,0.090763,0.067428,0.841809,,2110700,,
2,2,,0.46626,0.02312,0.51062,,2088300,,
2,2,,0.383466,0.023682,0.592851,,2175200,,
2,2,,0.056602,0.270166,0.673232,,2513700,,
2,2,,0.083648,0.096307,0.820045,,2312000,,
2,2,,0.331323,0.023682,0.644994,,2123900,,
2,2,,0.056602,0.243091,0.700307,,2245700,,
2,2,,0.47426,0.02312,0.50262,,2158900,,
2,2,,0.213719,0.056872,0.729408,,2088500,,
2,2,,0.207053,0.056872,0.736075,,2383900,,
2,2,,0.110879,0.056872,0.832248,,2222000,,
2,2,,0.12823,0.072241,0.799529,,2163300,,
2,2,,0.187053,0.056872,0.756075,,2103600,,
2,2,,0.060906,0.285512,0.653583,,2093000,,
2,2,,0.143269,0.191091,0.66564,,2105900,,
2,2,,0.32845,0.02312,0.64843,,2138700,,
2,2,,0.056602,0.261043,0.682355,,2196900,,
2,2,,0.056602,0.232424,0.710974,,2622100,,
2,2,,0.47426,0.02312,0.50262,,2308600,,
2,2,,0.300934,0.024953,0.674114,,2270700,,
2,2,,0.383466,0.023682,0.592851,,2180900,,
2,1,,0.163139,0.663211,0.17365,,2150400,,
2,1,,0.107309,0.644801,0.24789,,2136900,,
2,2,,0.335133,0.023682,0.641185,,2141400,,
2,2,,0.070763,0.067428,0.861809,,2376800,,
2,2,,0.371323,0.023682,0.604994,,2197200,,
2,2,,0.297216,0.023682,0.679101,,2125800,,
2,0,,0.572588,0.218441,0.208971,,2207700,,
2,2,,0.138325,0.306235,0.55544,,2190500,,
2,2,,0.056602,0.243091,0.700307,,2077800,,
2,2,,0.086763,0.067428,0.845809,,2097700,,
2,2,,0.336466,0.023682,0.639851,,2248500,,
2,2,,0.061525,0.100603,0.837873,,2136000,,
2,2,,0.058325,0.439568,0.502106,,2163500,,
2,2,,0.058325,0.370164,0.571511,,2222200,,
2,2,,0.193601,0.024328,0.782072,,2109500,,
2,2,,0.187053,0.056872,0.756075,,2161700,,
2,2,,0.123808,0.196612,0.679581,,2979300,,
2,2,,0.219053,0.056872,0.724075,,2490300,,
2,2,,0.058325,0.398235,0.54344,,2163700,,
2,2,,0.135803,0.056872,0.807325,,2131200,,
2,2,,0.335133,0.023682,0.641185,,2340900,,
2,1,,0.099389,0.758961,0.14165,,2200900,,
2,2,,0.323466,0.023682,0.652851,,2118500,,
2,2,,0.39645,0.02312,0.58043,,2115900,,
2,2,,0.061067,0.10792,0.831013,,2115400,,
2,0,,0.49426,0.02312,0.48262,,2172600,,
2,2,,0.110763,0.067428,0.821809,,2263200,,
2,2,,0.126763,0.067428,0.805809,,2235000,,
2,2,,0.081525,0.120603,0.797873,,2176200,,
2,2,,0.147053,0.056872,0.796075,,2424900,,
2,1,,0.224429,0.642598,0.132973,,2095600,,
2,2,,0.40626,0.02312,0.57062,,2063800,,
2,1,,0.156275,0.583429,0.260296,,2161400,,
2,2,,0.082205,0.413325,0.50447,,2151100,,
2,2,,0.056602,0.327623,0.615775,,2179400,,
2,2,,0.058325,0.318235,0.62344,,2125200,,
2,1,,0.325508,0.406123,0.268369,,2125600,,
2,2,,0.090763,0.067428,0.841809,,2112000,,
2,2,,0.127053,0.056872,0.816075,,2089800,,
2,2,,0.127053,0.056872,0.816075,,2103900,,
2,2,,0.276466,0.023682,0.699851,,2099100,,
2,2,,0.127053,0.076872,0.796075,,2201300,,
2,2,,0.335133,0.023682,0.641185,,2202400,,
2,2,,0.058325,0.407405,0.53427,,2167900,,
2,2,,0.062135,0.174844,0.763022,,2197900,,
2,0,,0.794259,0.152863,0.052878,,2093900,,
2,1,,0.377708,0.548775,0.073517,,2102500,,
2,2,,0.343466,0.023682,0.632851,,2126000,,
2,2,,0.288466,0.023682,0.687851,,2089100,,
2,2,,0.056602,0.327945,0.615453,,2126000,,
2,2,,0.300944,0.023682,0.675373,,2192600,,
2,2,,0.355133,0.023682,0.621185,,2241300,,
2,2,,0.235433,0.023682,0.740885,,2220900,,
2,2,,0.056602,0.259326,0.684072,,3229200,,
2,2,,0.058325,0.438235,0.50344,,2119300,,
2,2,,0.085299,0.416196,0.498505,,2129400,,
2,2,,0.297216,0.023682,0.679101,,2147800,,
2,1,,0.096275,0.647194,0.256531,,2121900,,
2,2,,0.058325,0.358235,0.58344,,2271100,,
2,2,,0.363466,0.023682,0.612851,,2168200,,
2,0,,0.496927,0.02312,0.479953,,2110100,,
2,2,,0.058325,0.257124,0.68455,,2092800,,
2,2,,0.062953,0.111555,0.825492,,2084400,,
2,2,,0.101067,0.10792,0.791013,,2142800,,
2,2,,0.383466,0.023682,0.592851,,2133700,,
2,2,,0.47426,0.02312,0.50262,,2159900,,
2,2,,0.143112,0.057435,0.799453,,2374900,,
2,2,,0.46626,0.02312,0.51062,,2082200,,
2,2,,0.45426,0.02312,0.52262,,2078500,,
2,2,,0.090763,0.067428,0.841809,,2124000,,
2,2,,0.100906,0.254654,0.64444,,2112100,,
2,2,,0.098325,0.318235,0.58344,,2118700,,
2,2,,0.161029,0.057435,0.781537,,2552500,,
2,2,,0.44626,0.02312,0.53062,,2529400,,
2,1,,0.119304,0.610384,0.270312,,2544600,,
2,1,,0.099389,0.758961,0.14165,,2448600,,
2,2,,0.066763,0.099428,0.833809,,2440000,,
2,0,,0.49426,0.02312,0.48262,,2410700,,
2,0,,0.50857,0.024821,0.46661,,2453200,,
2,2,,0.383594,0.02312,0.593286,,2631900,,
2,2,,0.066763,0.127428,0.805809,,2462200,,
2,2,,0.056602,0.242054,0.701344,,2409200,,
2,0,,0.747592,0.152863,0.099545,,2422000,,
2,2,,0.066763,0.067428,0.865809,,2405000,,
2,2,,0.330966,0.023682,0.645351,,2463900,,
2,2,,0.120287,0.091555,0.788158,,2588800,,
2,2,,0.127053,0.056872,0.816075,,2440800,,
2,1,,0.101313,0.775262,0.123426,,2565200,,
2,1,,0.109233,0.833102,0.057666,,2516800,,
2,2,,0.063648,0.136307,0.800045,,2412200,,
2,2,,0.150155,0.153363,0.696481,,2423200,,
2,2,,0.103764,0.417113,0.479123,,2574700,,
2,2,,0.233579,0.024307,0.742114,,2900600,,
2,2,,0.315133,0.023682,0.661185,,2234200,,
2,2,,0.47426,0.02312,0.50262,,2214000,,
2,2,,0.110763,0.067428,0.821809,,2176800,,
2,2,,0.159213,0.056872,0.783915,,2108800,,
2,2,,0.063648,0.196307,0.740045,,2240400,,
2,2,,0.348466,0.023682,0.627851,,2356500,,
2,2,,0.192934,0.024953,0.782114,,3040900,,
2,2,,0.088096,0.067428,0.844476,,2544100,,
2,2,,0.44626,0.02312,0.53062,,4099200,,
2,2,,0.066763,0.130285,0.802952,,2851200,,
2,2,,0.227053,0.056872,0.716075,,2454000,,
2,2,,0.45426,0.02312,0.52262,,2192700,,
2,2,,0.368466,0.023682,0.607851,,2408900,,
2,2,,0.343466,0.023682,0.632851,,2218400,,
2,2,,0.324944,0.023682,0.651373,,2917300,,
2,2,,0.126763,0.067428,0.805809,,2293900,,
2,2,,0.47426,0.02312,0.50262,,2218400,,
2,2,,0.40626,0.02312,0.57062,,2250700,,
2,2,,0.127053,0.125108,0.74784,,2161200,,
2,2,,0.090763,0.067428,0.841809,,2171600,,
2,2,,0.296466,0.023682,0.679851,,2250700,,
2,2,,0.168096,0.067428,0.764476,,2257700,,
2,0,,0.49426,0.02312,0.48262,,2118600,,
2,1,,0.096275,0.627194,0.276531,,2186800,,
2,0,,0.49426,0.02312,0.48262,,2242500,,
2,2,,0.076602,0.23971,0.683688,,2072500,,
2,2,,0.47426,0.02312,0.50262,,2084100,,
2,2,,0.383594,0.02312,0.593286,,2232000,,
2,2,,0.315133,0.023682,0.661185,,2135200,,
2,2,,0.14849,0.087307,0.764203,,2127500,,
2,2,,0.174346,0.056872,0.768782,,2340700,,
2,2,,0.06184,0.222684,0.715476,,2081700,,
2,2,,0.323466,0.023682,0.652851,,2093500,,
2,2,,0.109563,0.072241,0.818196,,2076300,,
2,2,,0.383466,0.023682,0.592851,,2127300,,
2,2,,0.219053,0.056872,0.724075,,2323700,,
2,2,,0.150155,0.193363,0.656481,,2203500,,
2,2,,0.127053,0.056872,0.816075,,2328800,,
2,2,,0.056602,0.224424,0.718974,,2158600,,
2,2,,0.167053,0.056872,0.776075,,2105400,,
2,2,,0.116602,0.199326,0.684072,,2152900,,
2,2,,0.126763,0.067428,0.805809,,2092400,,
2,2,,0.060906,0.282654,0.65644,,2419900,,
2,2,,0.227053,0.056872,0.716075,,2126800,,
2,2,,0.077715,0.12973,0.792555,,2460500,,
2,2,,0.161029,0.057435,0.781537,,2311100,,
2,2,,0.056602,0.302377,0.641021,,2125700,,
2,2,,0.061067,0.136155,0.802778,,2118300,,
2,2,,0.315133,0.023682,0.661185,,2121400,,
2,2,,0.315133,0.023682,0.661185,,2265700,,
2,2,,0.47426,0.02312,0.50262,,2190200,,
2,2,,0.222053,0.056872,0.721075,,2670900,,
2,2,,0.127053,0.056872,0.816075,,2124700,,
2,2,,0.348466,0.023682,0.627851,,2116800,,
2,2,,0.086763,0.067428,0.845809,,2090600,,
2,2,,0.127053,0.056872,0.816075,,2051300,,
2,2,,0.082953,0.15979,0.757256,,2087100,,
2,2,,0.086763,0.067428,0.845809,,2133600,,
2,2,,0.061067,0.10792,0.831013,,2420600,,
2,2,,0.383466,0.023682,0.592851,,2201300,,
2,2,,0.219053,0.056872,0.724075,,2143400,,
2,2,,0.343466,0.023682,0.632851,,2142300,,
2,2,,0.300944,0.023682,0.675373,,2112200,,
2,2,,0.45426,0.02312,0.52262,,2122200,,
2,2,,0.40626,0.02312,0.57062,,2140300,,
2,2,,0.231624,0.023682,0.744694,,2312600,,
2,2,,0.061525,0.100603,0.837873,,2369800,,
2,2,,0.45426,0.02312,0.52262,,2249000,,
2,1,,0.100933,0.642967,0.2561,,2061900,,
2,2,,0.127053,0.136872,0.736075,,2062300,,
2,2,,0.45426,0.02312,0.52262,,2043100,,
2,2,,0.295133,0.023682,0.681185,,2063100,,
2,2,,0.47426,0.02312,0.50262,,2356000,,
2,2,,0.46626,0.02312,0.51062,,2161100,,
2,2,,0.056602,0.279326,0.664072,,2153900,,
2,2,,0.460839,0.024821,0.514341,,2080500,,
2,2,,0.273601,0.024328,0.702072,,2089200,,
2,2,,0.227053,0.056872,0.716075,,2099200,,
2,2,,0.081428,0.43606,0.482513,,2082500,,
2,2,,0.42626,0.02312,0.55062,,2077300,,
2,2,,0.056602,0.307945,0.635453,,2428800,,
2,2,,0.079615,0.251318,0.669067,,2258400,,
2,2,,0.066953,0.171555,0.761492,,2252800,,
2,2,,0.058325,0.455977,0.485698,,2111400,,
