waveform-noise,CWE,test,1,NANOSECONDS,PREDICTIONS, Generated by ClassifierExperiments.java on 2022-05-16 21:42:18.    SYSTEMPROPERTIES:{user.name:matth,os.arch:amd64,os.name:Windows 10},ENDSYSTEMPROPERTIES
No parameter info
0.7182817182817183,2973542000,1981293100,-1,103642624,3,,-1,-1
0,1,,0.381618,0.606208,0.012174,,3912900,,
0,0,,0.526219,0.463341,0.01044,,3727300,,
0,0,,0.681002,0.137474,0.181524,,3768900,,
0,0,,0.632616,0.176042,0.191343,,2228500,,
0,2,,0.279207,0.245333,0.47546,,1948700,,
0,1,,0.461618,0.526208,0.012174,,1946400,,
0,0,,0.512651,0.018744,0.468605,,1936400,,
0,0,,0.635015,0.346418,0.018567,,1956000,,
0,0,,0.599118,0.259094,0.141788,,1964900,,
0,1,,0.484533,0.503547,0.01192,,1950800,,
0,1,,0.434517,0.555216,0.010268,,1974700,,
0,1,,0.425741,0.564948,0.009311,,1950000,,
0,0,,0.683544,0.298686,0.01777,,1952500,,
0,2,,0.22908,0.01697,0.75395,,1956300,,
0,0,,0.504626,0.483441,0.011934,,1956600,,
0,0,,0.734566,0.221021,0.044413,,1952200,,
0,0,,0.762783,0.201412,0.035805,,1949000,,
0,2,,0.211404,0.017131,0.771465,,1972500,,
0,1,,0.483853,0.50247,0.013676,,1947800,,
0,0,,0.636126,0.040635,0.323239,,1945300,,
0,1,,0.484517,0.505216,0.010268,,1952300,,
0,1,,0.454533,0.533547,0.01192,,1953100,,
0,2,,0.394201,0.076998,0.528802,,1944200,,
0,2,,0.444822,0.036486,0.518692,,1942100,,
0,0,,0.524098,0.039819,0.436083,,1957700,,
0,1,,0.422704,0.564721,0.012575,,1973200,,
0,2,,0.411522,0.036647,0.551831,,1957900,,
0,2,,0.40697,0.037131,0.555899,,1946900,,
0,0,,0.570121,0.418648,0.011232,,1962400,,
0,1,,0.404626,0.583441,0.011934,,1950800,,
0,0,,0.660099,0.136526,0.203375,,1955200,,
0,2,,0.283593,0.017131,0.699276,,1954500,,
0,2,,0.330579,0.017131,0.65229,,1960600,,
0,0,,0.564117,0.416099,0.019784,,1980100,,
0,0,,0.573133,0.412325,0.014543,,1962200,,
0,0,,0.533325,0.452282,0.014393,,1962000,,
0,0,,0.521618,0.466208,0.012174,,1953700,,
0,0,,0.565741,0.424948,0.009311,,1948400,,
0,0,,0.711362,0.080179,0.208459,,1955900,,
0,2,,0.404822,0.016486,0.578692,,1947100,,
0,2,,0.283593,0.037131,0.679276,,1963200,,
0,1,,0.414147,0.574713,0.011141,,1947300,,
0,1,,0.444517,0.545216,0.010268,,1959600,,
0,2,,0.096672,0.076035,0.827293,,1955600,,
0,1,,0.389259,0.598489,0.012253,,1960400,,
0,2,,0.206516,0.03822,0.755265,,1960600,,
0,0,,0.669991,0.08305,0.246959,,1956900,,
0,0,,0.497148,0.487666,0.015186,,1945800,,
0,0,,0.664722,0.041324,0.293954,,1985700,,
0,1,,0.484517,0.505216,0.010268,,1965800,,
0,0,,0.67438,0.238251,0.08737,,1998300,,
0,1,,0.372861,0.615205,0.011934,,1953300,,
0,2,,0.458411,0.027445,0.514145,,1940800,,
0,2,,0.387801,0.039354,0.572845,,1956900,,
0,0,,0.500664,0.48392,0.015416,,1959400,,
0,0,,0.577129,0.40597,0.016901,,1976100,,
0,0,,0.494949,0.274985,0.230066,,1945600,,
0,0,,0.524133,0.410009,0.065858,,1951300,,
0,0,,0.532752,0.456981,0.010268,,1943700,,
0,0,,0.677054,0.036486,0.286461,,1962600,,
0,2,,0.463135,0.036486,0.500379,,1964700,,
0,2,,0.223593,0.037131,0.739276,,1951500,,
0,0,,0.738462,0.136522,0.125016,,1957000,,
0,0,,0.500349,0.490099,0.009551,,1974900,,
0,1,,0.485741,0.504948,0.009311,,1952900,,
0,1,,0.388454,0.597555,0.013992,,1947900,,
0,1,,0.384626,0.603441,0.011934,,1945100,,
0,0,,0.579193,0.407952,0.012855,,1950400,,
0,0,,0.568948,0.325628,0.105425,,1951900,,
0,2,,0.249016,0.01697,0.734015,,1952500,,
0,2,,0.228839,0.038381,0.73278,,1952800,,
0,1,,0.392752,0.596981,0.010268,,1973000,,
0,1,,0.404517,0.585216,0.010268,,1947600,,
0,0,,0.838462,0.116522,0.045016,,1950800,,
0,1,,0.483048,0.501536,0.015416,,1968100,,
0,2,,0.384822,0.036486,0.578692,,1942300,,
0,1,,0.141172,0.837483,0.021345,,1947700,,
0,1,,0.374256,0.612937,0.012807,,1943200,,
0,0,,0.57515,0.411974,0.012876,,1946500,,
0,0,,0.599575,0.389433,0.010992,,1985100,,
0,0,,0.503135,0.016486,0.480379,,1955300,,
0,0,,0.71482,0.254663,0.030517,,1945100,,
0,1,,0.298052,0.653321,0.048626,,1942900,,
0,1,,0.339382,0.647184,0.013433,,1944600,,
0,0,,0.691138,0.19912,0.109742,,1941300,,
0,2,,0.427801,0.019354,0.552845,,1943300,,
0,2,,0.123102,0.081557,0.795341,,1972800,,
0,1,,0.457207,0.533242,0.009551,,1937600,,
0,0,,0.67855,0.100609,0.22084,,1943700,,
0,0,,0.728229,0.091149,0.180622,,1942400,,
0,1,,0.461618,0.526208,0.012174,,1942900,,
0,0,,0.49668,0.04326,0.460061,,1943100,,
0,0,,0.596935,0.156464,0.246602,,1951100,,
0,2,,0.426114,0.039354,0.534532,,1953300,,
0,0,,0.616815,0.196493,0.186692,,1956300,,
0,1,,0.342595,0.646496,0.010909,,1944800,,
0,2,,0.387801,0.019354,0.592845,,1942500,,
0,0,,0.774507,0.183139,0.042354,,1942200,,
0,0,,0.643808,0.335017,0.021176,,1944200,,
0,0,,0.509149,0.480264,0.010586,,2035500,,
0,0,,0.664248,0.323832,0.01192,,1943600,,
0,0,,0.559909,0.018582,0.421508,,1942700,,
0,0,,0.781002,0.137474,0.081524,,1966400,,
0,2,,0.416683,0.037131,0.546186,,1937800,,
0,2,,0.243658,0.017131,0.739211,,1941900,,
0,1,,0.484517,0.505216,0.010268,,1947100,,
0,2,,0.424822,0.036486,0.538692,,1953600,,
0,2,,0.391205,0.020635,0.58816,,1959700,,
0,0,,0.517207,0.473242,0.009551,,1944900,,
0,0,,0.533309,0.433815,0.032876,,1958100,,
0,0,,0.492209,0.053807,0.453983,,1937600,,
0,2,,0.191806,0.118349,0.689845,,1959400,,
0,1,,0.461618,0.526208,0.012174,,1956300,,
0,2,,0.32659,0.03697,0.63644,,1936300,,
0,2,,0.33918,0.04025,0.620569,,1944000,,
0,2,,0.453249,0.026961,0.51979,,1938300,,
0,0,,0.539887,0.447933,0.012179,,1938200,,
0,0,,0.747103,0.030635,0.222261,,1966300,,
0,0,,0.547255,0.440566,0.012179,,1940100,,
0,0,,0.619238,0.036486,0.344276,,1940000,,
0,0,,0.616191,0.354177,0.029632,,1938900,,
0,1,,0.390467,0.597518,0.012014,,1947100,,
0,2,,0.444822,0.036486,0.518692,,1940000,,
0,1,,0.425741,0.564948,0.009311,,1942800,,
0,2,,0.149109,0.108311,0.74258,,1950600,,
0,1,,0.364626,0.623441,0.011934,,1974500,,
0,0,,0.68079,0.02326,0.29595,,1955400,,
0,1,,0.446124,0.53402,0.019856,,1948900,,
0,2,,0.35837,0.037131,0.604499,,1957500,,
0,0,,0.534533,0.453547,0.01192,,1956200,,
0,0,,0.525741,0.464948,0.009311,,1946700,,
0,2,,0.404822,0.036486,0.558692,,1955300,,
0,2,,0.393209,0.036647,0.570144,,1965200,,
0,1,,0.382595,0.606496,0.010909,,1943000,,
0,2,,0.211404,0.037131,0.751465,,1952500,,
0,0,,0.583879,0.403328,0.012793,,1953300,,
0,0,,0.572676,0.408677,0.018647,,1951600,,
0,2,,0.443135,0.036486,0.520379,,1950600,,
0,1,,0.402378,0.585608,0.012014,,1962000,,
0,1,,0.456917,0.531299,0.011784,,1956900,,
0,2,,0.404822,0.016486,0.578692,,1983300,,
0,2,,0.443249,0.016961,0.53979,,1971100,,
0,1,,0.464164,0.523043,0.012793,,1963100,,
0,1,,0.481825,0.507588,0.010588,,1958500,,
0,0,,0.565741,0.424948,0.009311,,1961900,,
0,0,,0.794488,0.167467,0.038046,,1958500,,
0,0,,0.564533,0.423547,0.01192,,1945500,,
0,1,,0.384517,0.605216,0.010268,,1953600,,
0,1,,0.342704,0.644721,0.012575,,2047500,,
0,1,,0.404626,0.583441,0.011934,,1958500,,
0,0,,0.544822,0.016486,0.438692,,1956200,,
0,1,,0.447474,0.539872,0.012654,,1950200,,
0,0,,0.709088,0.24157,0.049342,,1956600,,
0,0,,0.491522,0.036647,0.471831,,1957100,,
0,0,,0.536748,0.442492,0.02076,,1948300,,
0,1,,0.364626,0.623441,0.011934,,1973100,,
0,0,,0.662156,0.303451,0.034393,,1959000,,
0,1,,0.39421,0.592936,0.012855,,1959700,,
0,0,,0.612587,0.040635,0.346778,,1972200,,
0,0,,0.598578,0.071149,0.330273,,1950000,,
0,0,,0.590877,0.037131,0.371992,,1957400,,
0,2,,0.268904,0.018381,0.712715,,1967400,,
0,0,,0.599238,0.036486,0.364276,,1960900,,
0,1,,0.435371,0.554444,0.010184,,1983100,,
0,1,,0.448659,0.530581,0.02076,,1969800,,
0,0,,0.581222,0.262311,0.156467,,1962800,,
0,2,,0.263593,0.037131,0.699276,,1962000,,
0,0,,0.53277,0.433861,0.033369,,1980700,,
0,2,,0.368256,0.01697,0.614775,,1983200,,
0,1,,0.342595,0.646496,0.010909,,1979700,,
0,1,,0.409149,0.580264,0.010586,,1948900,,
0,0,,0.619517,0.368563,0.01192,,1967100,,
0,0,,0.709164,0.206626,0.08421,,1966900,,
0,2,,0.158035,0.305267,0.536698,,1965900,,
0,0,,0.537974,0.036647,0.425379,,1956200,,
0,1,,0.472752,0.516981,0.010268,,1960600,,
0,1,,0.384517,0.605216,0.010268,,1951200,,
0,0,,0.522826,0.037445,0.439729,,1957400,,
0,2,,0.208839,0.038381,0.75278,,1987400,,
0,2,,0.450885,0.036486,0.512629,,1956200,,
0,2,,0.064787,0.076348,0.858865,,1957700,,
0,0,,0.500349,0.490099,0.009551,,1959500,,
0,0,,0.505741,0.484948,0.009311,,1953200,,
0,0,,0.662622,0.322852,0.014525,,1951400,,
0,0,,0.504517,0.485216,0.010268,,1950200,,
0,2,,0.427801,0.039354,0.532845,,1956400,,
0,1,,0.485741,0.504948,0.009311,,1951900,,
0,0,,0.646384,0.339223,0.014393,,1942000,,
0,0,,0.519587,0.026486,0.453928,,1956100,,
0,0,,0.713834,0.272083,0.014083,,1952600,,
0,2,,0.19491,0.229139,0.575951,,1960300,,
0,1,,0.446867,0.540279,0.012855,,1959900,,
0,2,,0.470272,0.039354,0.490374,,1961400,,
0,0,,0.719413,0.254972,0.025615,,1945800,,
0,0,,0.649748,0.04326,0.306992,,1971800,,
0,0,,0.766077,0.156199,0.077724,,1945400,,
0,0,,0.71868,0.093526,0.187794,,1944400,,
0,1,,0.476092,0.511734,0.012174,,1949100,,
0,0,,0.707569,0.263805,0.028626,,1958700,,
0,1,,0.433241,0.557448,0.009311,,1966500,,
0,0,,0.64355,0.184187,0.172263,,1962400,,
0,2,,0.356481,0.017131,0.626388,,1984800,,
0,1,,0.456917,0.531299,0.011784,,1955500,,
0,0,,0.587255,0.400566,0.012179,,1948000,,
0,1,,0.435741,0.554948,0.009311,,1960200,,
0,0,,0.549832,0.091149,0.359019,,1952900,,
0,1,,0.433976,0.556712,0.009311,,1960200,,
0,0,,0.575741,0.414948,0.009311,,1974000,,
0,1,,0.488246,0.500842,0.010911,,1948300,,
0,0,,0.524517,0.465216,0.010268,,1968300,,
0,0,,0.816156,0.157568,0.026276,,1951800,,
0,2,,0.384822,0.036486,0.578692,,1953100,,
0,2,,0.443945,0.04025,0.515804,,1961700,,
0,2,,0.261444,0.017445,0.721111,,1968300,,
0,0,,0.612587,0.040635,0.346778,,1972900,,
0,0,,0.610593,0.362689,0.026719,,1956000,,
0,1,,0.424626,0.563441,0.011934,,1979300,,
0,0,,0.742747,0.24157,0.015683,,1965500,,
0,2,,0.232546,0.202861,0.564593,,1952600,,
0,0,,0.522853,0.39138,0.085767,,1950700,,
0,0,,0.743436,0.0218,0.234765,,2726000,,
0,0,,0.706067,0.139379,0.154554,,3784900,,
0,0,,0.708229,0.091149,0.200622,,3733100,,
0,0,,0.682329,0.176042,0.141629,,1935300,,
0,2,,0.306364,0.017131,0.676505,,1934200,,
0,0,,0.491522,0.036647,0.471831,,1923200,,
0,0,,0.525741,0.464948,0.009311,,1936600,,
0,1,,0.472988,0.514115,0.012896,,1927800,,
0,2,,0.238209,0.068472,0.693319,,1944600,,
0,0,,0.540121,0.448648,0.011232,,1928800,,
0,2,,0.444822,0.016486,0.538692,,1937500,,
0,1,,0.364626,0.623441,0.011934,,1926300,,
0,1,,0.425741,0.564948,0.009311,,1924600,,
0,0,,0.539873,0.016486,0.443641,,1925200,,
0,2,,0.404822,0.023986,0.571192,,1926300,,
0,1,,0.444626,0.543441,0.011934,,1932800,,
0,0,,0.627902,0.264715,0.107383,,1933500,,
0,0,,0.720486,0.204007,0.075507,,1952100,,
0,1,,0.486778,0.497162,0.016059,,1928900,,
0,2,,0.468171,0.030635,0.501193,,1931300,,
0,0,,0.658829,0.13605,0.205121,,1929800,,
0,2,,0.344182,0.019354,0.636464,,1931400,,
0,2,,0.45837,0.017131,0.524499,,1930200,,
0,0,,0.720902,0.076998,0.2021,,1934000,,
0,0,,0.821002,0.137474,0.041524,,1938100,,
0,0,,0.655827,0.211516,0.132658,,1947900,,
0,0,,0.682783,0.221412,0.095805,,1929200,,
0,0,,0.730099,0.126526,0.143375,,1931800,,
0,2,,0.321209,0.046917,0.631874,,1927700,,
0,0,,0.538203,0.449385,0.012413,,1929300,,
0,1,,0.456917,0.531299,0.011784,,1921300,,
0,2,,0.450693,0.056688,0.492619,,1933900,,
0,0,,0.546374,0.441706,0.01192,,1944500,,
0,1,,0.349259,0.638489,0.012253,,1965900,,
0,0,,0.687687,0.173312,0.139001,,1937600,,
0,2,,0.292149,0.02025,0.6876,,1941600,,
0,0,,0.477484,0.083905,0.438611,,1934800,,
0,0,,0.504822,0.036486,0.458692,,1951100,,
0,0,,0.462426,0.089231,0.448344,,1939800,,
0,0,,0.612149,0.355931,0.03192,,1951700,,
0,0,,0.545741,0.444948,0.009311,,1936000,,
0,1,,0.384517,0.605216,0.010268,,1956700,,
0,2,,0.367801,0.019354,0.612845,,1942200,,
0,2,,0.387801,0.039354,0.572845,,1938400,,
0,2,,0.408411,0.037445,0.554145,,1942300,,
0,0,,0.642661,0.093526,0.263812,,1953200,,
0,2,,0.387801,0.039354,0.572845,,1942000,,
0,2,,0.331404,0.037131,0.631465,,1946500,,
0,2,,0.250556,0.297089,0.452356,,1954600,,
0,0,,0.524517,0.465216,0.010268,,1945900,,
0,1,,0.212216,0.454117,0.333666,,1947700,,
0,1,,0.423309,0.563815,0.012876,,1949700,,
0,1,,0.260612,0.717764,0.021625,,1929800,,
0,0,,0.559524,0.036486,0.40399,,1936100,,
0,0,,0.479125,0.410367,0.110508,,1939000,,
0,0,,0.719791,0.267687,0.012522,,1945600,,
0,0,,0.498171,0.040635,0.461193,,1941700,,
0,1,,0.444626,0.543441,0.011934,,1943800,,
0,1,,0.444626,0.543441,0.011934,,1939000,,
0,0,,0.505741,0.484948,0.009311,,1943700,,
0,1,,0.267717,0.692695,0.039588,,1945800,,
0,1,,0.322704,0.664721,0.012575,,1939300,,
0,0,,0.535741,0.454948,0.009311,,1944100,,
0,0,,0.506683,0.027131,0.466186,,1937900,,
0,0,,0.677129,0.30597,0.016901,,1943800,,
0,1,,0.364626,0.623441,0.011934,,1945100,,
0,2,,0.146874,0.049369,0.803757,,1949400,,
0,2,,0.344468,0.04025,0.615282,,1949400,,
0,2,,0.388028,0.037131,0.574841,,1942000,,
0,1,,0.468355,0.519067,0.012578,,1944300,,
0,2,,0.449199,0.036486,0.514316,,1945500,,
0,2,,0.226874,0.069369,0.703757,,1945600,,
0,0,,0.748977,0.104078,0.146944,,1969300,,
0,0,,0.549949,0.038896,0.411154,,1947800,,
0,0,,0.789866,0.175742,0.034392,,1951700,,
0,1,,0.425741,0.564948,0.009311,,1946200,,
0,0,,0.579517,0.408563,0.01192,,1930400,,
0,2,,0.35837,0.037131,0.604499,,1940300,,
0,0,,0.778462,0.136522,0.085016,,1944000,,
0,1,,0.464256,0.522937,0.012807,,1972000,,
0,1,,0.39421,0.592936,0.012855,,1938300,,
0,1,,0.481731,0.497508,0.02076,,1942400,,
0,0,,0.568557,0.305812,0.125631,,1952100,,
0,0,,0.560349,0.370099,0.069551,,1933900,,
0,1,,0.364626,0.623441,0.011934,,1947700,,
0,2,,0.45837,0.037131,0.504499,,1946300,,
0,2,,0.237756,0.037131,0.725113,,1947700,,
0,0,,0.518365,0.469591,0.012044,,1981900,,
0,0,,0.575371,0.414444,0.010184,,1948700,,
0,2,,0.370579,0.037131,0.59229,,1937800,,
0,2,,0.339009,0.046021,0.61497,,1931900,,
0,2,,0.486251,0.016486,0.497264,,1941700,,
0,2,,0.061655,0.057598,0.880747,,1957100,,
0,0,,0.751048,0.040635,0.208316,,1952900,,
0,0,,0.504822,0.036486,0.458692,,1957200,,
0,0,,0.686067,0.139379,0.174554,,1971900,,
0,1,,0.485371,0.504444,0.010184,,1933400,,
0,0,,0.636702,0.336903,0.026395,,1961300,,
0,2,,0.35918,0.04025,0.600569,,1954500,,
0,2,,0.478171,0.040635,0.481193,,2023100,,
0,2,,0.424822,0.036486,0.538692,,1933800,,
0,1,,0.47028,0.499362,0.030359,,1959900,,
0,1,,0.442595,0.506496,0.050909,,1973700,,
0,0,,0.639188,0.259557,0.101255,,1948700,,
0,1,,0.378365,0.609591,0.012044,,1944600,,
0,2,,0.393209,0.036647,0.570144,,1940300,,
0,0,,0.514626,0.473441,0.011934,,1945600,,
0,0,,0.756156,0.157568,0.086276,,1944900,,
0,2,,0.340976,0.017776,0.641248,,1949200,,
0,2,,0.463135,0.024631,0.512234,,1945300,,
0,2,,0.37837,0.024631,0.596999,,1958600,,
0,2,,0.334157,0.01697,0.648873,,1947500,,
0,0,,0.496917,0.491299,0.011784,,1926400,,
0,0,,0.500183,0.485424,0.014393,,3551500,,
0,2,,0.258944,0.018695,0.722361,,3572700,,
0,0,,0.502734,0.487715,0.009551,,3710700,,
0,1,,0.484626,0.503441,0.011934,,2242600,,
0,0,,0.672229,0.040635,0.287136,,1916500,,
0,1,,0.201172,0.777483,0.021345,,2044600,,
1,1,,0.137959,0.838171,0.02387,,1913600,,
1,1,,0.185858,0.582158,0.231983,,1946000,,
1,0,,0.709211,0.145953,0.144836,,2012100,,
1,1,,0.179566,0.797827,0.022608,,1944100,,
1,1,,0.358212,0.506779,0.135009,,1937700,,
1,1,,0.141479,0.828936,0.029584,,1899200,,
1,2,,0.03932,0.354622,0.606058,,2020400,,
1,1,,0.09273,0.855157,0.052113,,1937500,,
1,2,,0.03978,0.202361,0.757859,,1935800,,
1,1,,0.462704,0.524721,0.012575,,2016900,,
1,1,,0.392017,0.597716,0.010268,,2062600,,
1,2,,0.079788,0.336434,0.583779,,1932500,,
1,2,,0.041366,0.431743,0.526891,,1945900,,
1,0,,0.525741,0.464948,0.009311,,2148100,,
1,1,,0.072839,0.842849,0.084312,,1952100,,
1,1,,0.071736,0.594361,0.333902,,1913700,,
1,1,,0.072839,0.854441,0.072719,,2036200,,
1,1,,0.110034,0.529431,0.360535,,1920900,,
1,1,,0.074119,0.600704,0.325177,,1946500,,
1,1,,0.444626,0.543441,0.011934,,1935400,,
1,1,,0.070634,0.685771,0.243595,,2029400,,
1,2,,0.041543,0.460149,0.498308,,1911700,,
1,2,,0.039161,0.124476,0.836363,,2931700,,
1,1,,0.308278,0.629602,0.062121,,2044000,,
1,1,,0.114383,0.858414,0.027203,,1923100,,
1,2,,0.041366,0.229654,0.72898,,1926400,,
1,1,,0.18,0.799059,0.020941,,2029300,,
1,1,,0.071736,0.61185,0.316414,,1960500,,
1,2,,0.040137,0.420088,0.539775,,1932300,,
1,0,,0.49421,0.492936,0.012855,,1944200,,
1,2,,0.039462,0.242702,0.717836,,2044900,,
1,1,,0.260612,0.717764,0.021625,,1950700,,
1,0,,0.504517,0.485216,0.010268,,1931400,,
1,1,,0.141172,0.837483,0.021345,,2045000,,
1,1,,0.424626,0.563441,0.011934,,1927200,,
1,1,,0.072839,0.70622,0.220941,,1944100,,
1,1,,0.318212,0.646779,0.035009,,1924400,,
1,1,,0.364626,0.623441,0.011934,,2044300,,
1,1,,0.042646,0.601433,0.355921,,1945300,,
1,2,,0.039788,0.296434,0.663779,,1951500,,
1,1,,0.436222,0.542154,0.021625,,2037100,,
1,1,,0.058288,0.550411,0.391302,,1990700,,
1,2,,0.039462,0.239845,0.720693,,1931200,,
1,1,,0.354615,0.63281,0.012575,,1934600,,
1,1,,0.402595,0.586496,0.010909,,2050600,,
1,1,,0.061366,0.502803,0.435831,,1927700,,
1,0,,0.545741,0.444948,0.009311,,1947600,,
1,1,,0.141172,0.837483,0.021345,,2028900,,
1,1,,0.349259,0.638489,0.012253,,1962800,,
1,2,,0.041366,0.22222,0.736415,,1944400,,
1,0,,0.525741,0.464948,0.009311,,1930700,,
1,1,,0.444626,0.543441,0.011934,,2030600,,
1,0,,0.504626,0.483441,0.011934,,1937900,,
1,1,,0.072839,0.873381,0.053779,,1925900,,
1,2,,0.039462,0.322356,0.638181,,1951400,,
1,1,,0.475511,0.504705,0.019784,,2001200,,
1,1,,0.218503,0.757628,0.02387,,1942800,,
1,1,,0.070634,0.665771,0.263595,,1936200,,
1,1,,0.404626,0.583441,0.011934,,2035100,,
1,1,,0.425741,0.564948,0.009311,,1920100,,
1,0,,0.562397,0.415399,0.022203,,1942100,,
1,1,,0.070634,0.633271,0.296095,,1917900,,
1,1,,0.288997,0.691324,0.019679,,2039900,,
1,1,,0.072839,0.68622,0.240941,,1907000,,
1,1,,0.425741,0.564948,0.009311,,1948800,,
1,2,,0.039161,0.354,0.606839,,2114300,,
1,1,,0.342595,0.646496,0.010909,,1951700,,
1,1,,0.378872,0.60912,0.012009,,1930700,,
1,2,,0.216675,0.38614,0.397185,,1952400,,
1,1,,0.072839,0.64622,0.280941,,2024900,,
1,1,,0.240199,0.710307,0.049494,,1941600,,
1,0,,0.524517,0.465216,0.010268,,1910200,,
1,1,,0.075097,0.828602,0.0963,,2072100,,
1,2,,0.040137,0.320088,0.639775,,1936900,,
1,1,,0.384626,0.603441,0.011934,,1949600,,
1,1,,0.090525,0.607547,0.301929,,1905700,,
1,1,,0.137959,0.838171,0.02387,,2033000,,
1,0,,0.378679,0.366773,0.254549,,1906500,,
1,1,,0.277325,0.70133,0.021345,,1934400,,
1,1,,0.139708,0.768413,0.091879,,2042300,,
1,1,,0.176352,0.654154,0.169494,,2038300,,
1,1,,0.339492,0.645409,0.0151,,1925200,,
1,1,,0.404626,0.583441,0.011934,,1934100,,
1,1,,0.384517,0.605216,0.010268,,2009800,,
1,1,,0.054802,0.487669,0.457529,,1949300,,
1,1,,0.369149,0.620264,0.010586,,1925400,,
1,1,,0.070634,0.745771,0.183595,,2021800,,
1,1,,0.364626,0.623441,0.011934,,1951400,,
1,1,,0.322704,0.664721,0.012575,,1961600,,
1,1,,0.319492,0.665409,0.0151,,1929500,,
1,1,,0.042646,0.496233,0.461121,,2077100,,
1,1,,0.0773,0.496377,0.426323,,1944800,,
1,1,,0.091805,0.666176,0.242019,,1938800,,
1,1,,0.227717,0.732695,0.039588,,2023400,,
1,1,,0.439382,0.547184,0.013433,,1970100,,
1,0,,0.505741,0.484948,0.009311,,1946400,,
1,1,,0.070634,0.537207,0.39216,,1986100,,
1,1,,0.070634,0.665771,0.263595,,2050800,,
1,1,,0.206998,0.752279,0.040724,,1956900,,
1,1,,0.364626,0.623441,0.011934,,1929500,,
1,1,,0.464626,0.523441,0.011934,,2051800,,
1,1,,0.074119,0.792011,0.13387,,3484400,,
1,1,,0.056082,0.568309,0.375609,,2262900,,
1,0,,0.488508,0.288042,0.22345,,1946700,,
1,1,,0.425741,0.564948,0.009311,,1934900,,
1,0,,0.534533,0.453547,0.01192,,1950900,,
1,1,,0.342595,0.646496,0.010909,,2054600,,
1,1,,0.364626,0.623441,0.011934,,1969200,,
1,1,,0.161838,0.809919,0.028243,,1958800,,
1,2,,0.041366,0.24222,0.716415,,2012900,,
1,2,,0.166577,0.206328,0.627095,,1993500,,
1,1,,0.381618,0.606208,0.012174,,1953000,,
1,1,,0.070634,0.53014,0.399226,,1936800,,
1,1,,0.072839,0.873381,0.053779,,1932700,,
1,2,,0.056677,0.237359,0.705964,,1952700,,
1,1,,0.072839,0.873381,0.053779,,1942700,,
1,1,,0.078213,0.75311,0.168677,,1986100,,
1,0,,0.565741,0.424948,0.009311,,1937100,,
1,1,,0.092839,0.645893,0.261268,,1946400,,
1,1,,0.424626,0.563441,0.011934,,1949000,,
1,1,,0.072839,0.70622,0.220941,,1940000,,
1,1,,0.074119,0.892011,0.03387,,1942400,,
1,1,,0.362595,0.626496,0.010909,,1931500,,
1,0,,0.505741,0.484948,0.009311,,1945200,,
1,1,,0.441618,0.546208,0.012174,,1966200,,
1,1,,0.131736,0.715996,0.152268,,1952300,,
1,2,,0.389336,0.131777,0.478888,,1941500,,
1,0,,0.504659,0.460332,0.035009,,1941400,,
1,1,,0.464626,0.523441,0.011934,,1942500,,
1,2,,0.039462,0.239845,0.720693,,1947400,,
1,1,,0.138286,0.699197,0.162517,,1939700,,
1,1,,0.072839,0.64622,0.280941,,1944800,,
1,1,,0.425741,0.564948,0.009311,,1976700,,
1,2,,0.043023,0.37348,0.583496,,1936100,,
1,1,,0.404626,0.583441,0.011934,,1931000,,
1,1,,0.280612,0.697764,0.021625,,1946700,,
1,1,,0.382704,0.604721,0.012575,,1936000,,
1,1,,0.40662,0.558371,0.035009,,1932300,,
1,2,,0.173203,0.150738,0.676059,,1942400,,
1,1,,0.319492,0.665409,0.0151,,1963100,,
1,1,,0.139892,0.818853,0.041255,,1933400,,
1,2,,0.040263,0.344031,0.615707,,1938500,,
1,0,,0.504626,0.483441,0.011934,,1932200,,
1,1,,0.217325,0.76133,0.021345,,1929900,,
1,2,,0.040129,0.418883,0.540988,,1931500,,
1,1,,0.261715,0.71694,0.021345,,1934600,,
1,1,,0.404517,0.585216,0.010268,,1930500,,
1,0,,0.565741,0.424948,0.009311,,1949900,,
1,1,,0.245709,0.731762,0.022529,,1928800,,
1,1,,0.369149,0.620264,0.010586,,1928200,,
1,1,,0.072839,0.873381,0.053779,,1931100,,
1,1,,0.364626,0.623441,0.011934,,1929300,,
1,1,,0.337177,0.626735,0.036088,,1932000,,
1,1,,0.322704,0.664721,0.012575,,1931200,,
1,1,,0.444626,0.543441,0.011934,,1924900,,
1,2,,0.040129,0.278883,0.680988,,1941100,,
1,1,,0.384517,0.605216,0.010268,,1927200,,
1,1,,0.141172,0.837483,0.021345,,1935600,,
1,1,,0.322704,0.664721,0.012575,,1927200,,
1,1,,0.076388,0.875071,0.048541,,1939300,,
1,1,,0.139892,0.798853,0.061255,,1934000,,
1,2,,0.039462,0.339845,0.620693,,1951000,,
1,1,,0.484626,0.503441,0.011934,,1945000,,
1,1,,0.070634,0.644137,0.285229,,1955700,,
1,2,,0.061366,0.351743,0.586891,,1932700,,
1,1,,0.494147,0.494713,0.011141,,1927600,,
1,2,,0.042646,0.432885,0.52447,,1928500,,
1,1,,0.469149,0.520264,0.010586,,1939900,,
1,1,,0.445741,0.544948,0.009311,,1926400,,
1,1,,0.072839,0.829908,0.097253,,1935700,,
1,0,,0.508246,0.480842,0.010911,,1967600,,
1,2,,0.03916,0.337155,0.623685,,1945300,,
1,1,,0.137959,0.838171,0.02387,,1930100,,
1,1,,0.137959,0.838171,0.02387,,1944900,,
1,1,,0.21273,0.735157,0.052113,,1943300,,
1,1,,0.181172,0.797483,0.021345,,1934300,,
1,1,,0.2015,0.632672,0.165828,,1932500,,
1,1,,0.071914,0.784401,0.143686,,1941200,,
1,1,,0.422704,0.564721,0.012575,,1969700,,
1,1,,0.17401,0.793786,0.032203,,1928400,,
1,1,,0.074119,0.892011,0.03387,,1928700,,
1,2,,0.041043,0.262873,0.696083,,1939800,,
1,0,,0.545741,0.444948,0.009311,,1928000,,
1,0,,0.787401,0.057026,0.155573,,1931100,,
1,1,,0.244767,0.734419,0.020814,,1933600,,
1,1,,0.074119,0.746157,0.179724,,1931600,,
1,1,,0.0615,0.732672,0.205828,,1934500,,
1,1,,0.322704,0.664721,0.012575,,1946200,,
1,1,,0.109319,0.595127,0.295554,,1947600,,
1,1,,0.19514,0.704398,0.100462,,1925600,,
1,1,,0.139892,0.818853,0.041255,,1947400,,
1,0,,0.506219,0.483341,0.01044,,1948000,,
1,1,,0.418212,0.506779,0.075009,,1932500,,
1,2,,0.039161,0.25986,0.700979,,1943400,,
1,1,,0.090525,0.707547,0.201929,,1966100,,
1,2,,0.055905,0.36568,0.578416,,1938500,,
1,1,,0.260109,0.717284,0.022608,,1931900,,
1,1,,0.072839,0.873381,0.053779,,1929700,,
1,1,,0.161838,0.809919,0.028243,,1931700,,
1,1,,0.141172,0.837483,0.021345,,1925700,,
1,0,,0.533976,0.456712,0.009311,,1930400,,
1,1,,0.092839,0.793381,0.113779,,1967900,,
1,1,,0.276352,0.654154,0.069494,,1926100,,
1,1,,0.074119,0.74485,0.181031,,1955900,,
1,1,,0.074119,0.892011,0.03387,,1940300,,
1,1,,0.401098,0.585065,0.013837,,1927500,,
1,1,,0.141172,0.697483,0.161345,,1946700,,
1,1,,0.415983,0.57351,0.010508,,1937500,,
1,1,,0.139892,0.818853,0.041255,,1935600,,
1,1,,0.070634,0.765771,0.163595,,1963800,,
1,2,,0.041396,0.471055,0.487549,,1950100,,
1,2,,0.041366,0.471029,0.487605,,1943900,,
1,1,,0.137959,0.838171,0.02387,,1943100,,
1,1,,0.369149,0.620264,0.010586,,1947700,,
1,1,,0.074119,0.892011,0.03387,,1944200,,
1,1,,0.090571,0.883178,0.026251,,1942100,,
1,1,,0.39421,0.592936,0.012855,,1941900,,
1,1,,0.385552,0.601485,0.012963,,1972000,,
1,1,,0.296222,0.682154,0.021625,,1942900,,
1,1,,0.072839,0.854441,0.072719,,1940800,,
1,1,,0.092839,0.733381,0.173779,,1941000,,
1,1,,0.322704,0.664721,0.012575,,1937900,,
1,1,,0.041366,0.624217,0.334418,,1940300,,
1,1,,0.042646,0.722846,0.234508,,1945200,,
1,1,,0.041366,0.624217,0.334418,,1965300,,
1,2,,0.03916,0.411295,0.549545,,1948200,,
1,1,,0.074119,0.892011,0.03387,,1940300,,
1,1,,0.404517,0.585216,0.010268,,1939900,,
1,1,,0.364626,0.623441,0.011934,,1941700,,
1,2,,0.054802,0.464035,0.481163,,1937900,,
1,0,,0.504626,0.483441,0.011934,,1933600,,
1,1,,0.472879,0.515891,0.01123,,1940100,,
1,1,,0.177632,0.672784,0.149584,,1969800,,
1,2,,0.039785,0.409185,0.55103,,1943100,,
1,0,,0.565741,0.424948,0.009311,,1946200,,
1,0,,0.425741,0.424948,0.149311,,1940900,,
1,1,,0.072839,0.873381,0.053779,,1939200,,
1,1,,0.364626,0.623441,0.011934,,1940200,,
1,1,,0.152839,0.733381,0.113779,,1938800,,
1,2,,0.040263,0.255166,0.704571,,1947600,,
1,1,,0.141172,0.837483,0.021345,,1967600,,
1,1,,0.217959,0.758171,0.02387,,1942200,,
1,1,,0.139892,0.818853,0.041255,,1944700,,
1,1,,0.464517,0.525216,0.010268,,1943100,,
1,2,,0.040137,0.360088,0.599775,,1943900,,
1,1,,0.378212,0.586779,0.035009,,1942200,,
1,1,,0.072839,0.706238,0.220922,,1950400,,
1,1,,0.139892,0.818853,0.041255,,1939000,,
1,1,,0.058288,0.798614,0.143099,,1950600,,
1,1,,0.0615,0.772672,0.165828,,1946600,,
1,1,,0.072839,0.704586,0.222575,,1947300,,
1,1,,0.072839,0.78622,0.140941,,1943400,,
1,1,,0.109319,0.783675,0.107005,,1943700,,
1,1,,0.486867,0.500279,0.012855,,1947000,,
1,1,,0.181172,0.797483,0.021345,,1929200,,
1,1,,0.404517,0.585216,0.010268,,1968600,,
1,1,,0.156679,0.799541,0.043779,,1949700,,
1,1,,0.219279,0.745476,0.035245,,1938000,,
1,1,,0.072839,0.875762,0.051398,,1938800,,
1,1,,0.370467,0.617518,0.012014,,1940800,,
1,1,,0.384626,0.603441,0.011934,,1939700,,
1,1,,0.072839,0.873381,0.053779,,1943100,,
1,1,,0.134474,0.799092,0.066434,,1945200,,
1,1,,0.101479,0.868936,0.029584,,1962200,,
1,2,,0.039462,0.110321,0.850217,,1956400,,
1,2,,0.039479,0.173654,0.786867,,1938200,,
1,1,,0.339382,0.647184,0.013433,,1944100,,
1,1,,0.072839,0.650589,0.276572,,1950300,,
1,1,,0.384517,0.605216,0.010268,,1936000,,
1,1,,0.157959,0.818171,0.02387,,1941700,,
1,2,,0.039161,0.244131,0.716708,,1944400,,
1,1,,0.382704,0.604721,0.012575,,1965700,,
1,2,,0.057008,0.309162,0.63383,,1954000,,
1,1,,0.221172,0.757483,0.021345,,1935900,,
1,2,,0.039481,0.352042,0.608477,,1937600,,
1,1,,0.336045,0.6227,0.041255,,1936800,,
1,1,,0.454147,0.534713,0.011141,,1935300,,
1,1,,0.176679,0.779541,0.043779,,1939700,,
1,1,,0.197325,0.78133,0.021345,,1985900,,
1,2,,0.03932,0.248762,0.711918,,1945800,,
1,0,,0.545741,0.444948,0.009311,,1943600,,
1,1,,0.424626,0.563441,0.011934,,1942900,,
1,1,,0.458365,0.529591,0.012044,,1945400,,
1,1,,0.21273,0.627995,0.159274,,1948000,,
1,1,,0.355827,0.609163,0.035009,,1937800,,
1,2,,0.039479,0.218416,0.742105,,1947300,,
1,1,,0.268997,0.711324,0.019679,,1965200,,
1,1,,0.072839,0.813381,0.113779,,1945200,,
1,1,,0.074119,0.892011,0.03387,,1940300,,
1,1,,0.320612,0.657764,0.021625,,1952300,,
1,1,,0.280612,0.697764,0.021625,,1942900,,
1,2,,0.03916,0.357155,0.603685,,1944800,,
1,1,,0.382704,0.524721,0.092575,,1945900,,
1,2,,0.041366,0.377604,0.58103,,1943800,,
1,1,,0.070634,0.765771,0.163595,,1962000,,
1,1,,0.232907,0.636401,0.130692,,1939100,,
1,2,,0.057008,0.462257,0.480735,,1972300,,
1,1,,0.141172,0.837483,0.021345,,1951500,,
1,1,,0.139892,0.818853,0.041255,,1939700,,
1,1,,0.177523,0.794559,0.027918,,1940700,,
1,1,,0.317286,0.64496,0.037754,,1938800,,
1,1,,0.261172,0.697483,0.041345,,1943000,,
1,2,,0.039479,0.304238,0.656283,,1969900,,
1,1,,0.139892,0.758853,0.101255,,1945600,,
1,1,,0.070634,0.685771,0.243595,,1940600,,
1,1,,0.390467,0.477518,0.132014,,1939600,,
1,1,,0.246364,0.739799,0.013837,,1937900,,
1,2,,0.039462,0.239845,0.720693,,1953200,,
1,1,,0.139892,0.818853,0.041255,,1930600,,
1,1,,0.122023,0.848393,0.029584,,1965600,,
1,1,,0.070634,0.55014,0.379226,,1947900,,
1,1,,0.139892,0.718853,0.141255,,1939500,,
1,1,,0.042646,0.554298,0.403056,,1950400,,
1,1,,0.425741,0.564948,0.009311,,1937600,,
1,1,,0.075097,0.874456,0.050446,,1940100,,
1,1,,0.072839,0.827527,0.099634,,1940800,,
1,1,,0.074119,0.892011,0.03387,,1937300,,
1,2,,0.039462,0.363769,0.596768,,1963700,,
1,0,,0.548246,0.440842,0.010911,,1943600,,
1,1,,0.378872,0.60912,0.012009,,1937000,,
1,1,,0.268278,0.710908,0.020814,,1950300,,
1,1,,0.136679,0.819541,0.043779,,1946200,,
1,1,,0.113812,0.841617,0.044571,,1943100,,
1,2,,0.11916,0.209841,0.670999,,1946000,,
1,1,,0.137959,0.838171,0.02387,,1933700,,
1,1,,0.214119,0.733071,0.05281,,1963200,,
1,1,,0.139566,0.837827,0.022608,,1959800,,
1,1,,0.384517,0.605216,0.010268,,1938700,,
1,2,,0.039462,0.249975,0.710562,,1959600,,
1,1,,0.355897,0.611618,0.032485,,1951500,,
1,1,,0.139892,0.818853,0.041255,,1949600,,
2,2,,0.043613,0.123107,0.83328,,1943100,,
2,2,,0.446569,0.03697,0.516462,,1980100,,
2,2,,0.03916,0.201771,0.759069,,1950400,,
2,2,,0.063861,0.090815,0.845323,,1942500,,
2,2,,0.03978,0.124438,0.835782,,1946300,,
2,2,,0.126874,0.056869,0.816257,,1942300,,
2,2,,0.069025,0.068122,0.862852,,1950800,,
2,0,,0.483135,0.036486,0.480379,,1936900,,
2,2,,0.055905,0.44025,0.503845,,1951200,,
2,2,,0.07229,0.079136,0.848574,,1976200,,
2,2,,0.1883,0.046917,0.764783,,1939800,,
2,2,,0.266185,0.187482,0.546333,,1937600,,
2,1,,0.070634,0.625771,0.303595,,1946400,,
2,2,,0.082492,0.135083,0.782426,,1940700,,
2,1,,0.076388,0.735071,0.188541,,1967600,,
2,2,,0.346481,0.027131,0.626388,,1976700,,
2,2,,0.175763,0.152038,0.672198,,1967300,,
2,2,,0.22908,0.01697,0.75395,,1963400,,
2,2,,0.096672,0.076035,0.827293,,1971700,,
2,2,,0.356047,0.01697,0.626984,,1961600,,
2,2,,0.039941,0.134799,0.82526,,1959700,,
2,2,,0.061655,0.076973,0.861372,,1956400,,
2,2,,0.081967,0.426671,0.491363,,1964000,,
2,2,,0.18592,0.275895,0.538185,,1956000,,
2,2,,0.106874,0.049369,0.843757,,1987100,,
2,1,,0.074119,0.623215,0.302665,,1946600,,
2,2,,0.119479,0.114,0.766521,,1939700,,
2,2,,0.172575,0.017776,0.809649,,1948600,,
2,2,,0.432566,0.019354,0.54808,,1937300,,
2,2,,0.154797,0.07286,0.772343,,1938700,,
2,2,,0.379704,0.017131,0.603165,,1947600,,
2,2,,0.055427,0.262556,0.682017,,1965000,,
2,2,,0.03978,0.089663,0.870557,,1966900,,
2,2,,0.36923,0.019354,0.611416,,1935200,,
2,2,,0.049442,0.159306,0.791252,,1940300,,
2,2,,0.106874,0.069369,0.823757,,1943800,,
2,2,,0.039625,0.261069,0.699306,,1944700,,
2,2,,0.111694,0.228475,0.65983,,1940300,,
2,2,,0.174698,0.131899,0.693404,,1944700,,
2,2,,0.241255,0.046917,0.711828,,1939900,,
2,2,,0.043844,0.163869,0.792287,,1966800,,
2,2,,0.35837,0.017131,0.624499,,1939500,,
2,2,,0.183029,0.046917,0.770054,,1938800,,
2,2,,0.03978,0.087345,0.872875,,1942400,,
2,2,,0.042895,0.064468,0.892637,,1943400,,
2,2,,0.24404,0.03697,0.71899,,1944700,,
2,2,,0.044722,0.101749,0.853529,,1942100,,
2,2,,0.277968,0.037776,0.684256,,1937600,,
2,2,,0.047202,0.180512,0.772286,,1962000,,
2,2,,0.041366,0.357604,0.60103,,1939400,,
2,2,,0.096672,0.076035,0.827293,,1944500,,
2,2,,0.039161,0.124476,0.836363,,1935200,,
2,0,,0.504822,0.016486,0.478692,,1951900,,
2,2,,0.353203,0.079675,0.567121,,1938200,,
2,2,,0.21242,0.0415,0.74608,,1959000,,
2,2,,0.039161,0.124476,0.836363,,1965000,,
2,2,,0.064162,0.101857,0.833981,,4531800,,
2,2,,0.142492,0.07247,0.785039,,3569800,,
2,2,,0.404822,0.023986,0.571192,,3664400,,
2,2,,0.441827,0.105814,0.452359,,3623000,,
2,2,,0.348979,0.034417,0.616604,,2071300,,
2,2,,0.204468,0.04025,0.755282,,2114700,,
2,2,,0.208259,0.058038,0.733702,,1950300,,
2,2,,0.03978,0.111519,0.848701,,1952500,,
2,2,,0.43837,0.037131,0.524499,,1948200,,
2,1,,0.081967,0.547959,0.370074,,1947300,,
2,2,,0.308979,0.026917,0.664104,,1948200,,
2,2,,0.464822,0.023986,0.511192,,1959400,,
2,2,,0.204404,0.02025,0.775346,,1933400,,
2,2,,0.041655,0.079449,0.878896,,1954600,,
2,2,,0.189588,0.069369,0.741043,,1951900,,
2,2,,0.426251,0.016486,0.557264,,1948000,,
2,2,,0.040871,0.075641,0.883488,,1954700,,
2,2,,0.211339,0.024631,0.76403,,1950800,,
2,2,,0.03978,0.136716,0.823504,,1970000,,
2,2,,0.413209,0.036647,0.550144,,1949000,,
2,2,,0.35918,0.04025,0.600569,,1945400,,
2,2,,0.183744,0.222151,0.594105,,1954900,,
2,2,,0.209588,0.049369,0.741043,,1953800,,
2,2,,0.041043,0.268733,0.690223,,1944200,,
2,2,,0.041366,0.397604,0.56103,,1951400,,
2,2,,0.384822,0.036486,0.578692,,1943900,,
2,2,,0.040263,0.347379,0.612358,,1962200,,
2,2,,0.173993,0.187605,0.638402,,1942400,,
2,0,,0.439566,0.251438,0.308996,,1942600,,
2,2,,0.0773,0.431867,0.490833,,1945900,,
2,2,,0.294362,0.31367,0.391968,,1941500,,
2,2,,0.040584,0.282267,0.67715,,1960000,,
2,2,,0.039479,0.329384,0.631137,,1955400,,
2,2,,0.093672,0.101749,0.804579,,1945700,,
2,0,,0.492651,0.038744,0.468605,,1959800,,
2,2,,0.07916,0.353806,0.567034,,1945800,,
2,2,,0.221334,0.03697,0.741696,,1942500,,
2,2,,0.353921,0.048822,0.597257,,1938600,,
2,2,,0.041655,0.076973,0.881372,,1945800,,
2,2,,0.042905,0.096973,0.860122,,1945100,,
2,2,,0.444822,0.036486,0.518692,,1943000,,
2,2,,0.291339,0.037131,0.67153,,1969700,,
2,2,,0.096672,0.076035,0.827293,,2038100,,
2,2,,0.06103,0.098616,0.840354,,1948500,,
2,2,,0.267111,0.026917,0.705972,,1938900,,
2,2,,0.354794,0.037131,0.608075,,1941300,,
2,2,,0.258209,0.068472,0.673319,,1938800,,
2,2,,0.106874,0.069369,0.823757,,1942300,,
2,2,,0.042895,0.056343,0.900762,,1954600,,
2,2,,0.211339,0.017131,0.77153,,1974600,,
2,2,,0.368979,0.046917,0.584104,,1949700,,
2,2,,0.048083,0.244809,0.707108,,1942700,,
2,2,,0.181008,0.042281,0.776711,,1947200,,
2,2,,0.07229,0.079136,0.848574,,1941600,,
2,2,,0.096672,0.076035,0.827293,,1946400,,
2,2,,0.423945,0.04025,0.535804,,1952600,,
2,2,,0.453209,0.016647,0.530144,,1955600,,
2,2,,0.37918,0.04025,0.580569,,1958500,,
2,2,,0.096371,0.09019,0.813438,,1946700,,
2,2,,0.040129,0.298883,0.660988,,1945700,,
2,2,,0.06103,0.077285,0.861685,,1945600,,
2,2,,0.040129,0.175174,0.784697,,1945700,,
2,2,,0.03978,0.111519,0.848701,,1943300,,
2,2,,0.433209,0.024147,0.542644,,1940200,,
2,2,,0.306835,0.037131,0.656035,,1966200,,
2,2,,0.186874,0.069369,0.743757,,1949700,,
2,2,,0.101773,0.072702,0.825525,,1945000,,
2,2,,0.463135,0.016486,0.520379,,1942500,,
2,2,,0.218502,0.02025,0.761248,,1958600,,
2,2,,0.186874,0.069369,0.743757,,1956900,,
2,2,,0.068618,0.05904,0.872342,,1952200,,
2,2,,0.040104,0.183249,0.776647,,1955700,,
2,2,,0.04227,0.168776,0.788953,,1971800,,
2,2,,0.068262,0.076973,0.854766,,1946200,,
2,2,,0.042135,0.159911,0.797954,,1963600,,
2,2,,0.228007,0.055139,0.716854,,1959400,,
2,2,,0.1139,0.288924,0.597176,,1942700,,
2,2,,0.32182,0.046917,0.631263,,1945900,,
2,2,,0.040405,0.083548,0.876047,,1960200,,
2,2,,0.041991,0.200598,0.757411,,1962100,,
2,2,,0.106874,0.069369,0.823757,,1978000,,
2,2,,0.443135,0.016486,0.540379,,1954800,,
2,2,,0.042363,0.089706,0.86793,,1960900,,
2,2,,0.444822,0.036486,0.518692,,1941400,,
2,2,,0.04103,0.077285,0.881685,,1951500,,
2,2,,0.225293,0.075139,0.699568,,1959300,,
2,2,,0.237515,0.088122,0.674363,,1965000,,
2,1,,0.070634,0.504483,0.424884,,1982500,,
2,2,,0.343459,0.040635,0.615906,,1959600,,
2,2,,0.299303,0.023584,0.677114,,1957400,,
2,2,,0.328605,0.047562,0.623833,,1954500,,
2,2,,0.453904,0.057697,0.488399,,1960600,,
2,2,,0.192149,0.02775,0.7801,,1941900,,
2,2,,0.403249,0.024461,0.57229,,1961900,,
2,2,,0.205189,0.046917,0.747894,,1959800,,
2,1,,0.09644,0.468986,0.434574,,1975000,,
2,2,,0.054802,0.440238,0.50496,,2036800,,
2,2,,0.03916,0.337155,0.623685,,1962000,,
2,2,,0.281747,0.02447,0.693783,,1952200,,
2,2,,0.41837,0.037131,0.544499,,1949800,,
2,2,,0.161773,0.072702,0.765525,,1949300,,
2,2,,0.273562,0.066864,0.659574,,1958200,,
2,2,,0.271404,0.017131,0.711465,,1951300,,
2,2,,0.060405,0.078223,0.861372,,1980100,,
2,2,,0.295607,0.01697,0.687423,,1947500,,
2,2,,0.37837,0.037131,0.584499,,1946700,,
2,2,,0.39837,0.037131,0.564499,,1945000,,
2,2,,0.040405,0.109094,0.850501,,1950000,,
2,2,,0.404822,0.036486,0.558692,,1952800,,
2,2,,0.273634,0.037445,0.688922,,1951600,,
2,2,,0.417494,0.04025,0.542256,,1976400,,
2,2,,0.103037,0.106206,0.790757,,1953400,,
2,2,,0.126874,0.069369,0.803757,,1950000,,
2,2,,0.098258,0.31841,0.583332,,1957600,,
2,2,,0.296972,0.046917,0.656111,,1954100,,
2,2,,0.039621,0.364618,0.595761,,1961000,,
2,2,,0.058966,0.326459,0.614575,,1952400,,
2,2,,0.404822,0.036486,0.558692,,1949500,,
2,2,,0.478017,0.017131,0.504852,,1975900,,
2,2,,0.454638,0.016647,0.528715,,1946100,,
2,2,,0.03978,0.276869,0.683352,,1942700,,
2,2,,0.254759,0.169292,0.575949,,1942000,,
2,2,,0.252149,0.04025,0.7076,,1947200,,
2,2,,0.41837,0.037131,0.544499,,1940100,,
2,2,,0.200998,0.037131,0.761872,,1937100,,
2,2,,0.204404,0.04025,0.755346,,1934400,,
2,2,,0.404822,0.023986,0.571192,,1964200,,
2,2,,0.192323,0.159713,0.647965,,1941300,,
2,2,,0.039462,0.245705,0.714833,,1957600,,
2,2,,0.058602,0.112282,0.829116,,1960800,,
2,2,,0.039479,0.186381,0.77414,,1942500,,
2,1,,0.235426,0.671028,0.093546,,1940200,,
2,2,,0.039788,0.276434,0.683779,,1937000,,
2,2,,0.2283,0.324828,0.446872,,1989500,,
2,2,,0.0484,0.138949,0.812651,,1950400,,
2,2,,0.044863,0.117285,0.837851,,1939200,,
2,2,,0.087484,0.086288,0.826228,,1956200,,
2,2,,0.181773,0.072702,0.745525,,1952500,,
2,2,,0.040137,0.340088,0.619775,,2037200,,
2,2,,0.336394,0.063583,0.600023,,1958400,,
2,2,,0.11978,0.159499,0.720721,,1946100,,
2,2,,0.204468,0.04025,0.755282,,1962500,,
2,2,,0.039788,0.336434,0.623779,,1939500,,
2,2,,0.054802,0.381809,0.56339,,1941100,,
2,2,,0.414822,0.026486,0.558692,,1946000,,
2,2,,0.039621,0.125083,0.835296,,1941200,,
2,2,,0.039462,0.182702,0.777836,,1940200,,
2,2,,0.039621,0.164737,0.795642,,1955200,,
2,2,,0.20847,0.161346,0.630185,,1952700,,
2,2,,0.10103,0.082903,0.816067,,1963200,,
2,2,,0.103037,0.106206,0.790757,,1943300,,
2,2,,0.105408,0.095982,0.79861,,1935300,,
2,2,,0.054802,0.387669,0.557529,,1943300,,
2,2,,0.084681,0.444629,0.47069,,1944300,,
2,2,,0.386521,0.024945,0.588534,,1950500,,
2,2,,0.096052,0.177961,0.725986,,1954000,,
2,2,,0.340757,0.153294,0.505949,,1963300,,
2,2,,0.116672,0.076035,0.807293,,1941300,,
2,2,,0.188322,0.181856,0.629821,,1937900,,
2,2,,0.225087,0.017131,0.757783,,1951900,,
2,2,,0.197508,0.046917,0.755575,,1950100,,
2,2,,0.212673,0.017131,0.770196,,1954200,,
2,2,,0.040104,0.219354,0.740543,,1943900,,
2,2,,0.106874,0.049369,0.843757,,1939100,,
2,2,,0.054802,0.359374,0.585824,,1952300,,
2,2,,0.271404,0.017131,0.711465,,1962900,,
2,2,,0.333634,0.017445,0.648922,,1968500,,
2,2,,0.040263,0.341519,0.618218,,1957200,,
2,2,,0.041366,0.22222,0.736415,,1954200,,
2,2,,0.041366,0.431743,0.526891,,1952800,,
2,2,,0.054802,0.38432,0.560878,,1953600,,
2,2,,0.106874,0.069369,0.823757,,1949400,,
2,2,,0.03916,0.338642,0.622198,,1984100,,
2,2,,0.106874,0.069369,0.823757,,1962200,,
2,2,,0.066037,0.056348,0.877615,,1938400,,
2,2,,0.347801,0.019354,0.632845,,1958000,,
2,2,,0.198101,0.056035,0.745864,,1944800,,
2,2,,0.064787,0.14217,0.793043,,1950000,,
2,1,,0.151376,0.560381,0.288244,,1958500,,
2,2,,0.221339,0.027131,0.75153,,1978700,,
2,2,,0.03978,0.143015,0.817205,,1950300,,
2,2,,0.367801,0.039354,0.592845,,1956300,,
2,2,,0.28051,0.022688,0.696803,,1949400,,
2,2,,0.135352,0.084967,0.779682,,1940300,,
2,2,,0.186874,0.069369,0.743757,,1945400,,
2,2,,0.248194,0.017131,0.734675,,1948500,,
2,2,,0.243593,0.017131,0.739276,,1951800,,
2,2,,0.25034,0.169913,0.579748,,1974500,,
2,0,,0.454773,0.130189,0.415038,,1940200,,
2,2,,0.075907,0.056348,0.867745,,1940100,,
2,2,,0.042315,0.197529,0.760157,,1945900,,
2,2,,0.177443,0.046917,0.77564,,1935800,,
2,2,,0.243658,0.017131,0.739211,,1933800,,
2,2,,0.040871,0.088141,0.870988,,1955800,,
2,2,,0.413209,0.016647,0.570144,,1970600,,
2,2,,0.044883,0.087041,0.868076,,1987700,,
2,0,,0.602936,0.040635,0.356429,,1939100,,
2,2,,0.194581,0.037131,0.768289,,1944900,,
2,2,,0.039782,0.317887,0.642331,,1941600,,
2,2,,0.043233,0.275811,0.680956,,1945900,,
2,2,,0.040129,0.155174,0.804697,,1944900,,
2,2,,0.096672,0.116035,0.787293,,1947100,,
2,1,,0.072839,0.614026,0.313134,,1962800,,
2,2,,0.07229,0.079136,0.848574,,1967600,,
