waveform-noise,CWE,test,4,NANOSECONDS,PREDICTIONS, Generated by ClassifierExperiments.java on 2022-05-16 22:01:18.    SYSTEMPROPERTIES:{user.name:matth,os.arch:amd64,os.name:Windows 10},ENDSYSTEMPROPERTIES
No parameter info
0.6873126873126874,4320735700,2797020200,-1,103701624,3,,-1,-1
0,2,,0.363167,0.014543,0.62229,,2494700,,
0,2,,0.339,0.014543,0.646457,,2274000,,
0,0,,0.610631,0.381745,0.007624,,2478000,,
0,2,,0.264158,0.014378,0.721464,,2550600,,
0,1,,0.446464,0.545912,0.007624,,2517200,,
0,0,,0.823837,0.157977,0.018186,,2265400,,
0,1,,0.467205,0.526593,0.006201,,2437100,,
0,1,,0.432635,0.561164,0.006201,,2508800,,
0,2,,0.099348,0.044698,0.855955,,2300600,,
0,0,,0.669909,0.321356,0.008735,,2505400,,
0,1,,0.120544,0.855612,0.023844,,2380900,,
0,1,,0.235124,0.7287,0.036176,,2903000,,
0,1,,0.40396,0.589839,0.006201,,2822800,,
0,1,,0.411708,0.578266,0.010026,,2368400,,
0,0,,0.585968,0.407831,0.006201,,2287800,,
0,0,,0.786189,0.174865,0.038946,,3342800,,
0,1,,0.483964,0.508412,0.007624,,5416000,,
0,2,,0.386283,0.011977,0.60174,,3869900,,
0,2,,0.37545,0.011977,0.612573,,2770800,,
0,1,,0.472059,0.520316,0.007624,,3119300,,
0,1,,0.468393,0.523983,0.007624,,2602500,,
0,2,,0.375051,0.011503,0.613446,,2429600,,
0,1,,0.432218,0.561581,0.006201,,2678800,,
0,0,,0.839719,0.030739,0.129542,,2974700,,
0,1,,0.435028,0.557342,0.00763,,2345200,,
0,0,,0.856263,0.114178,0.029559,,4140200,,
0,1,,0.254455,0.717178,0.028367,,2755500,,
0,2,,0.37413,0.045414,0.580456,,2328800,,
0,0,,0.830652,0.160612,0.008735,,4222200,,
0,2,,0.372384,0.011503,0.616113,,5443700,,
0,2,,0.326958,0.027758,0.645284,,5011100,,
0,1,,0.468468,0.525331,0.006201,,2979100,,
0,1,,0.44546,0.548339,0.006201,,3531900,,
0,2,,0.443616,0.011977,0.544407,,3269000,,
0,0,,0.511306,0.470859,0.017835,,3369900,,
0,2,,0.165073,0.014543,0.820384,,3586100,,
0,1,,0.421801,0.571997,0.006201,,2719100,,
0,1,,0.421801,0.571997,0.006201,,3535400,,
0,2,,0.368208,0.027758,0.604034,,3282500,,
0,1,,0.447635,0.546164,0.006201,,2649600,,
0,1,,0.432635,0.561164,0.006201,,3126800,,
0,2,,0.325833,0.014543,0.659624,,2707300,,
0,1,,0.421742,0.572057,0.006201,,2682200,,
0,0,,0.848311,0.020897,0.130792,,3503800,,
0,1,,0.452635,0.541164,0.006201,,2621700,,
0,1,,0.426801,0.566997,0.006201,,3149500,,
0,1,,0.432635,0.561164,0.006201,,2687300,,
0,1,,0.463551,0.530247,0.006201,,3058500,,
0,2,,0.342718,0.011503,0.645779,,3121800,,
0,2,,0.355958,0.027758,0.616284,,3430100,,
0,0,,0.788394,0.092761,0.118845,,3206600,,
0,0,,0.646497,0.01312,0.340382,,3088100,,
0,0,,0.667926,0.01312,0.318954,,2673300,,
0,2,,0.111139,0.057913,0.830948,,2995200,,
0,1,,0.473131,0.519245,0.007624,,3579000,,
0,2,,0.361718,0.011503,0.626779,,3295900,,
0,1,,0.414793,0.579006,0.006201,,3625000,,
0,1,,0.483964,0.508412,0.007624,,3110200,,
0,0,,0.828666,0.09894,0.072394,,3391300,,
0,1,,0.411135,0.582664,0.006201,,3276600,,
0,1,,0.100925,0.589475,0.309599,,2845100,,
0,0,,0.841955,0.137024,0.021021,,2624000,,
0,1,,0.465822,0.52766,0.006519,,2993200,,
0,1,,0.422063,0.571735,0.006201,,2668200,,
0,2,,0.3405,0.014543,0.644957,,3527000,,
0,2,,0.405789,0.013235,0.580976,,2302000,,
0,2,,0.099348,0.044698,0.855955,,2212400,,
0,1,,0.432528,0.559842,0.00763,,2473400,,
0,1,,0.42198,0.571819,0.006201,,2985500,,
0,0,,0.813728,0.046519,0.139753,,2640900,,
0,1,,0.40965,0.584148,0.006201,,2625900,,
0,0,,0.805176,0.033821,0.161003,,2911400,,
0,0,,0.850317,0.109948,0.039736,,2689000,,
0,2,,0.206864,0.177024,0.616112,,3028400,,
0,2,,0.4342,0.011977,0.553823,,2906500,,
0,0,,0.574912,0.012972,0.412116,,3200800,,
0,2,,0.3742,0.011977,0.613823,,2764100,,
0,2,,0.378122,0.013235,0.608642,,2510400,,
0,0,,0.585935,0.028901,0.385164,,3096600,,
0,1,,0.486464,0.505912,0.007624,,2605400,,
0,0,,0.642356,0.047807,0.309837,,2498600,,
0,1,,0.334124,0.6297,0.036176,,2951900,,
0,1,,0.063318,0.876583,0.060099,,2552900,,
0,2,,0.363602,0.01183,0.624569,,2567100,,
0,0,,0.877309,0.100287,0.022405,,2694600,,
0,2,,0.148639,0.060413,0.790948,,2602800,,
0,1,,0.116796,0.863185,0.020019,,2768500,,
0,2,,0.224774,0.345748,0.429478,,3252700,,
0,1,,0.411708,0.578266,0.010026,,2677300,,
0,1,,0.413793,0.580006,0.006201,,3312200,,
0,0,,0.875412,0.09368,0.030909,,2750100,,
0,1,,0.250778,0.72468,0.024542,,2637800,,
0,0,,0.819176,0.155584,0.025239,,3041900,,
0,2,,0.347083,0.014543,0.638374,,2636100,,
0,2,,0.269202,0.015686,0.715112,,2608500,,
0,1,,0.409376,0.544422,0.046201,,3121700,,
0,2,,0.324134,0.011503,0.664363,,2469900,,
0,2,,0.361956,0.013235,0.624809,,2739900,,
0,1,,0.466464,0.525912,0.007624,,2513400,,
0,1,,0.424345,0.55782,0.017835,,2272600,,
0,0,,0.513968,0.479831,0.006201,,3314700,,
0,0,,0.699251,0.271803,0.028946,,2661100,,
0,0,,0.605798,0.204833,0.189369,,3056200,,
0,1,,0.432635,0.561164,0.006201,,2822000,,
0,0,,0.549797,0.442578,0.007624,,2847200,,
0,0,,0.879455,0.099524,0.021021,,2991600,,
0,1,,0.471322,0.52216,0.006519,,2631000,,
0,0,,0.85095,0.140314,0.008735,,2325400,,
0,0,,0.78022,0.177983,0.041797,,2799800,,
0,1,,0.421801,0.571997,0.006201,,2171600,,
0,2,,0.363051,0.011503,0.625446,,2261300,,
0,0,,0.822102,0.158952,0.018946,,2979000,,
0,0,,0.791871,0.161872,0.046257,,2954800,,
0,2,,0.344167,0.014543,0.64129,,2893000,,
0,0,,0.545973,0.416192,0.037835,,2880300,,
0,2,,0.342792,0.027758,0.62945,,2672400,,
0,2,,0.131139,0.057913,0.810948,,3006600,,
0,0,,0.565297,0.427078,0.007624,,2957300,,
0,1,,0.432635,0.561164,0.006201,,2984000,,
0,2,,0.304134,0.011503,0.684363,,2795000,,
0,1,,0.493376,0.500422,0.006201,,2588200,,
0,0,,0.519306,0.460192,0.020502,,2975900,,
0,2,,0.326985,0.01312,0.659895,,2923500,,
0,2,,0.275167,0.014543,0.71029,,3151400,,
0,1,,0.414626,0.579172,0.006201,,3337700,,
0,1,,0.419301,0.574497,0.006201,,3400800,,
0,2,,0.41545,0.011977,0.572573,,2499100,,
0,0,,0.881059,0.096537,0.022405,,2252900,,
0,0,,0.823837,0.157977,0.018186,,2214600,,
0,1,,0.411875,0.578099,0.010026,,2552700,,
0,1,,0.401293,0.592506,0.006201,,2644700,,
0,0,,0.54464,0.397526,0.057835,,2176100,,
0,1,,0.421555,0.572244,0.006201,,2762300,,
0,2,,0.378283,0.011977,0.60974,,2757000,,
0,0,,0.776565,0.204699,0.018735,,2551000,,
0,2,,0.370269,0.01183,0.617902,,3172500,,
0,1,,0.475714,0.516662,0.007624,,2519400,,
0,0,,0.83095,0.160314,0.008735,,3095400,,
0,0,,0.875288,0.097988,0.026725,,3260000,,
0,1,,0.253026,0.718607,0.028367,,2572800,,
0,2,,0.111139,0.057913,0.830948,,2807200,,
0,1,,0.160717,0.792444,0.046839,,2491400,,
0,2,,0.3262,0.011977,0.661823,,2555100,,
0,0,,0.872555,0.096537,0.030909,,3174900,,
0,1,,0.448793,0.545006,0.006201,,2644400,,
0,0,,0.599964,0.392412,0.007624,,2355300,,
0,0,,0.799353,0.023416,0.177231,,2607400,,
0,0,,0.840501,0.01804,0.141459,,2363900,,
0,2,,0.339167,0.014543,0.64629,,3020300,,
0,1,,0.441885,0.551914,0.006201,,2429000,,
0,1,,0.414626,0.579172,0.006201,,2209600,,
0,1,,0.442528,0.549842,0.00763,,3312500,,
0,2,,0.379935,0.01183,0.608235,,3318700,,
0,0,,0.805176,0.033821,0.161003,,2668600,,
0,1,,0.218611,0.756847,0.024542,,3109500,,
0,0,,0.536012,0.446153,0.017835,,2977600,,
0,0,,0.73338,0.037939,0.228682,,3091500,,
0,1,,0.442625,0.507349,0.050026,,2619200,,
0,2,,0.340384,0.011503,0.648113,,2666600,,
0,0,,0.543218,0.450581,0.006201,,3299600,,
0,2,,0.352292,0.027758,0.61995,,2534900,,
0,1,,0.433914,0.55606,0.010026,,2447600,,
0,1,,0.435968,0.557831,0.006201,,3152600,,
0,0,,0.594631,0.397745,0.007624,,2597200,,
0,2,,0.058918,0.059821,0.881261,,2804200,,
0,1,,0.428528,0.563842,0.00763,,2979900,,
0,1,,0.421293,0.572506,0.006201,,2311400,,
0,2,,0.384783,0.011977,0.60324,,2695000,,
0,1,,0.341791,0.622033,0.036176,,2991100,,
0,2,,0.414122,0.013235,0.572642,,2628300,,
0,2,,0.310958,0.027758,0.661284,,3065800,,
0,0,,0.570143,0.015686,0.414171,,2513400,,
0,2,,0.343167,0.014543,0.64229,,2699200,,
0,0,,0.803343,0.189027,0.00763,,3751000,,
0,0,,0.843641,0.148729,0.00763,,2494200,,
0,1,,0.451051,0.542747,0.006201,,3279700,,
0,1,,0.40915,0.584648,0.006201,,2804500,,
0,2,,0.325583,0.014543,0.659874,,2624200,,
0,2,,0.119348,0.044698,0.835955,,2720300,,
0,2,,0.378283,0.011977,0.60974,,2712900,,
0,2,,0.40095,0.011977,0.587073,,3874400,,
0,2,,0.229202,0.015686,0.755112,,3076900,,
0,1,,0.473131,0.519245,0.007624,,3088700,,
0,0,,0.596282,0.062338,0.341381,,3254100,,
0,2,,0.365833,0.014543,0.619624,,2503100,,
0,2,,0.349384,0.011503,0.639113,,2762700,,
0,2,,0.319167,0.014543,0.66629,,2619600,,
0,2,,0.35545,0.011977,0.632573,,2599500,,
0,2,,0.369384,0.011503,0.619113,,3202800,,
0,0,,0.810328,0.114222,0.07545,,2600400,,
0,1,,0.428468,0.565331,0.006201,,2703200,,
0,0,,0.843837,0.137977,0.018186,,2337400,,
0,2,,0.3885,0.014543,0.596957,,2319400,,
0,2,,0.403283,0.011977,0.58474,,2596900,,
0,0,,0.819719,0.030739,0.149542,,2339100,,
0,1,,0.411135,0.582664,0.006201,,2221100,,
0,2,,0.362718,0.011503,0.625779,,2825800,,
0,0,,0.853817,0.113567,0.032615,,2824300,,
0,0,,0.573973,0.408192,0.017835,,2999600,,
0,1,,0.417208,0.572766,0.010026,,2936300,,
0,1,,0.39654,0.59583,0.00763,,2938500,,
0,2,,0.344051,0.011503,0.644446,,3022500,,
0,0,,0.571306,0.410859,0.017835,,3183200,,
0,0,,0.495893,0.445264,0.058842,,2822600,,
0,1,,0.446464,0.545912,0.007624,,3114100,,
0,2,,0.3542,0.011977,0.633823,,2265900,,
0,1,,0.421873,0.570497,0.00763,,2610800,,
0,1,,0.469381,0.522995,0.007624,,3747000,,
0,1,,0.427155,0.566326,0.006519,,2809800,,
0,1,,0.229513,0.744516,0.025971,,2652000,,
0,2,,0.395783,0.011977,0.59224,,2661700,,
0,0,,0.783074,0.19798,0.018946,,2603700,,
0,2,,0.345833,0.014543,0.639624,,3467600,,
0,2,,0.181843,0.116707,0.70145,,3486800,,
0,2,,0.3085,0.014543,0.676957,,3010100,,
0,1,,0.468793,0.525006,0.006201,,2598600,,
0,1,,0.455218,0.538581,0.006201,,2632800,,
0,0,,0.850271,0.109959,0.03977,,3129100,,
0,1,,0.48714,0.495026,0.017835,,3166400,,
0,2,,0.351051,0.011503,0.637446,,2686000,,
0,1,,0.470539,0.52326,0.006201,,2844500,,
0,0,,0.743285,0.023334,0.23338,,2548600,,
0,0,,0.769569,0.05961,0.170821,,2839800,,
0,0,,0.499199,0.42916,0.071641,,2675800,,
0,1,,0.425875,0.564099,0.010026,,2505800,,
0,1,,0.460473,0.521692,0.017835,,2830500,,
0,1,,0.42396,0.569839,0.006201,,2636100,,
0,2,,0.3255,0.014543,0.659957,,2197100,,
0,1,,0.466872,0.526927,0.006201,,3094600,,
0,2,,0.3405,0.014543,0.644957,,2665500,,
0,0,,0.807403,0.108541,0.084056,,2454000,,
0,0,,0.858735,0.05764,0.083625,,2907800,,
0,2,,0.407935,0.01183,0.580235,,2171400,,
0,2,,0.371051,0.011503,0.617446,,2203900,,
0,0,,0.860924,0.09657,0.042506,,2369800,,
0,2,,0.3005,0.014543,0.684957,,2482600,,
0,1,,0.427385,0.554781,0.017835,,2281800,,
0,0,,0.80384,0.108054,0.088106,,2619500,,
0,2,,0.38895,0.011977,0.599073,,2485400,,
0,2,,0.381718,0.011503,0.606779,,2228000,,
0,1,,0.475968,0.517831,0.006201,,2497100,,
0,2,,0.111139,0.057913,0.830948,,2560800,,
0,2,,0.348417,0.014543,0.63704,,2404700,,
0,1,,0.416408,0.57739,0.006201,,2947200,,
0,0,,0.836308,0.134167,0.029525,,2632500,,
0,2,,0.392622,0.013235,0.594142,,2777500,,
0,0,,0.831303,0.130413,0.038285,,3444100,,
0,2,,0.317667,0.014543,0.66779,,2499000,,
0,0,,0.879176,0.095584,0.025239,,2798500,,
0,0,,0.875344,0.102251,0.022405,,2718600,,
0,0,,0.85095,0.140314,0.008735,,2198000,,
0,2,,0.324134,0.011503,0.664363,,2504600,,
0,2,,0.357625,0.027758,0.614617,,2322900,,
0,1,,0.485631,0.506745,0.007624,,2222400,,
0,2,,0.365956,0.013235,0.620809,,2527300,,
0,0,,0.836308,0.134167,0.029525,,2360100,,
0,1,,0.467126,0.526672,0.006201,,2193100,,
0,1,,0.452607,0.524478,0.022916,,3817500,,
0,0,,0.838123,0.143691,0.018186,,2671300,,
0,2,,0.404051,0.011503,0.584446,,2446700,,
0,0,,0.745792,0.049924,0.204285,,2673000,,
0,1,,0.432635,0.561164,0.006201,,2266400,,
0,2,,0.099348,0.044698,0.855955,,2369700,,
0,1,,0.417973,0.564192,0.017835,,2684400,,
0,1,,0.211611,0.78163,0.006759,,2339300,,
0,0,,0.605069,0.015977,0.378954,,2394800,,
0,2,,0.364167,0.014543,0.62129,,2451700,,
0,2,,0.428706,0.013235,0.558059,,2313800,,
0,0,,0.769144,0.089261,0.141595,,2505700,,
0,2,,0.343167,0.014543,0.64229,,3475400,,
0,0,,0.832537,0.138727,0.028735,,2352200,,
0,0,,0.860073,0.096072,0.043855,,3069600,,
0,1,,0.467528,0.524842,0.00763,,2663200,,
0,2,,0.3085,0.014543,0.676957,,2414200,,
0,1,,0.469381,0.522995,0.007624,,2745100,,
0,1,,0.215945,0.759513,0.024542,,2392600,,
0,1,,0.421801,0.571997,0.006201,,2369500,,
0,2,,0.351372,0.013235,0.635392,,2578300,,
0,1,,0.488793,0.505006,0.006201,,2445100,,
0,0,,0.789608,0.072338,0.138055,,2320100,,
0,1,,0.432635,0.561164,0.006201,,2502900,,
0,2,,0.420292,0.027758,0.55195,,2392800,,
0,1,,0.494301,0.499497,0.006201,,2306400,,
0,2,,0.33295,0.011977,0.655073,,2927700,,
0,0,,0.500631,0.491745,0.007624,,2503500,,
0,1,,0.439155,0.554326,0.006519,,2279900,,
0,2,,0.161139,0.057913,0.780948,,2701700,,
0,0,,0.765502,0.0259,0.208597,,2331400,,
0,1,,0.432635,0.561164,0.006201,,2467100,,
0,1,,0.433793,0.560006,0.006201,,2764100,,
0,1,,0.473131,0.519245,0.007624,,2947400,,
0,2,,0.385833,0.014543,0.599624,,3190100,,
0,2,,0.389384,0.011503,0.599113,,2603200,,
0,0,,0.811168,0.01804,0.170792,,2326000,,
0,0,,0.835344,0.102251,0.062405,,3154100,,
0,2,,0.322792,0.027758,0.64945,,2551900,,
0,0,,0.518611,0.408325,0.073064,,2527000,,
0,2,,0.403456,0.013235,0.583309,,3374000,,
0,0,,0.879176,0.095584,0.025239,,2892900,,
0,2,,0.398122,0.013235,0.588642,,2679100,,
0,0,,0.609202,0.383174,0.007624,,3340400,,
0,1,,0.431306,0.550859,0.017835,,2202600,,
0,0,,0.843185,0.111365,0.04545,,2845200,,
0,1,,0.461801,0.531997,0.006201,,2369700,,
0,2,,0.299167,0.014543,0.68629,,2374500,,
0,1,,0.407301,0.586497,0.006201,,2785400,,
0,1,,0.439705,0.554093,0.006201,,2752000,,
0,1,,0.435714,0.556662,0.007624,,2447700,,
0,1,,0.452635,0.541164,0.006201,,3215700,,
0,0,,0.834932,0.112351,0.052716,,2216400,,
0,2,,0.363935,0.01183,0.624235,,2525200,,
0,1,,0.087362,0.590074,0.322564,,2501000,,
0,1,,0.461293,0.532506,0.006201,,3357200,,
0,0,,0.503964,0.488412,0.007624,,2493700,,
0,2,,0.371372,0.013235,0.615392,,3020900,,
0,2,,0.3325,0.014543,0.652957,,2795800,,
0,2,,0.348208,0.027758,0.624034,,3275200,,
0,1,,0.452635,0.541164,0.006201,,2956000,,
0,0,,0.730727,0.260538,0.008735,,2846700,,
0,2,,0.382602,0.01183,0.605569,,3206100,,
0,1,,0.440043,0.553756,0.006201,,3073600,,
0,2,,0.348783,0.011977,0.63924,,3289500,,
0,1,,0.447528,0.544842,0.00763,,2828400,,
0,0,,0.854691,0.051795,0.093513,,2707000,,
0,1,,0.402393,0.481264,0.116342,,4078700,,
0,0,,0.837926,0.096834,0.065239,,2613900,,
0,2,,0.349384,0.011503,0.639113,,2693100,,
0,1,,0.132986,0.846994,0.020019,,2542300,,
0,0,,0.796388,0.10656,0.097052,,2791100,,
0,1,,0.476126,0.517672,0.006201,,3249100,,
0,0,,0.812064,0.148267,0.039669,,3789200,,
0,0,,0.525631,0.466745,0.007624,,2616900,,
0,1,,0.483964,0.508412,0.007624,,2555300,,
0,1,,0.42106,0.542764,0.036176,,2988800,,
0,1,,0.439155,0.554326,0.006519,,4389200,,
0,1,,0.40397,0.586004,0.010026,,3585800,,
0,0,,0.789243,0.109801,0.100956,,3022400,,
0,2,,0.3085,0.014543,0.676957,,2335200,,
0,1,,0.116796,0.863185,0.020019,,2531300,,
1,2,,0.028555,0.370504,0.600941,,2645500,,
1,1,,0.054553,0.893157,0.05229,,3041100,,
1,2,,0.040346,0.341424,0.61823,,3454000,,
1,1,,0.051206,0.898899,0.049894,,2626700,,
1,1,,0.157197,0.821355,0.021448,,3378100,,
1,1,,0.215945,0.759513,0.024542,,2616400,,
1,1,,0.221791,0.742033,0.036176,,3078100,,
1,1,,0.111959,0.866593,0.021448,,2715500,,
1,1,,0.051206,0.898899,0.049894,,2834700,,
1,2,,0.028718,0.45304,0.518242,,2938900,,
1,1,,0.117197,0.861355,0.021448,,2894800,,
1,1,,0.427973,0.529192,0.042835,,3014900,,
1,1,,0.116796,0.863185,0.020019,,3215400,,
1,1,,0.116796,0.863185,0.020019,,2346800,,
1,2,,0.028235,0.44374,0.528025,,2351800,,
1,1,,0.051206,0.898899,0.049894,,2973700,,
1,2,,0.028555,0.388209,0.583237,,2215500,,
1,1,,0.062622,0.762882,0.174497,,2627400,,
1,1,,0.051206,0.898899,0.049894,,2436800,,
1,1,,0.126022,0.837344,0.036634,,2522500,,
1,1,,0.400222,0.593577,0.006201,,2159000,,
1,1,,0.472988,0.520493,0.006519,,2455600,,
1,1,,0.051206,0.897566,0.051228,,2662200,,
1,1,,0.035735,0.583196,0.38107,,2872400,,
1,1,,0.207692,0.628489,0.163819,,3549500,,
1,1,,0.051206,0.898899,0.049894,,2525000,,
1,1,,0.440551,0.553247,0.006201,,2673200,,
1,0,,0.588759,0.287064,0.124177,,2269600,,
1,1,,0.411051,0.582747,0.006201,,2247800,,
1,1,,0.091206,0.858899,0.049894,,3239500,,
1,1,,0.408361,0.584009,0.00763,,2736200,,
1,1,,0.051206,0.898899,0.049894,,2530600,,
1,1,,0.113877,0.862279,0.023844,,2786300,,
1,1,,0.21536,0.774057,0.010584,,2711000,,
1,1,,0.417208,0.572766,0.010026,,2713600,,
1,1,,0.406793,0.587006,0.006201,,2849100,,
1,1,,0.450158,0.54364,0.006201,,2503200,,
1,1,,0.11396,0.475725,0.410315,,2645900,,
1,1,,0.422063,0.531735,0.046201,,3300800,,
1,2,,0.032547,0.431281,0.536172,,2572200,,
1,2,,0.032054,0.343431,0.624515,,4247700,,
1,1,,0.051206,0.898899,0.049894,,3240600,,
1,1,,0.032378,0.537274,0.430348,,2996400,,
1,1,,0.41123,0.582569,0.006201,,3271800,,
1,2,,0.031257,0.434499,0.534244,,3342700,,
1,2,,0.027911,0.329223,0.642867,,2542800,,
1,1,,0.402805,0.590994,0.006201,,2394100,,
1,1,,0.051206,0.898899,0.049894,,2329100,,
1,1,,0.426293,0.567506,0.006201,,2382600,,
1,1,,0.452635,0.541164,0.006201,,2252400,,
1,1,,0.440043,0.553756,0.006201,,2617200,,
1,1,,0.133877,0.842279,0.023844,,3012800,,
1,2,,0.029348,0.153963,0.816689,,2815800,,
1,2,,0.034635,0.183748,0.781617,,2888100,,
1,1,,0.414626,0.579172,0.006201,,3185500,,
1,1,,0.051206,0.856233,0.092561,,3267000,,
1,1,,0.124891,0.85509,0.020019,,3963700,,
1,1,,0.063318,0.83125,0.105432,,2511500,,
1,1,,0.122642,0.845705,0.031653,,3505400,,
1,1,,0.441084,0.552398,0.006519,,3164800,,
1,1,,0.187211,0.788945,0.023844,,2626900,,
1,1,,0.061193,0.636539,0.302268,,3499100,,
1,1,,0.426801,0.526997,0.046201,,2805100,,
1,2,,0.35618,0.087408,0.556412,,2607200,,
1,1,,0.061193,0.76431,0.174497,,4004800,,
1,1,,0.051206,0.897566,0.051228,,2521500,,
1,1,,0.430875,0.559099,0.010026,,2827900,,
1,2,,0.028235,0.40374,0.568025,,3272400,,
1,1,,0.047681,0.730073,0.222246,,2703600,,
1,1,,0.459155,0.534326,0.006519,,3522400,,
1,1,,0.190121,0.799295,0.010584,,2539800,,
1,1,,0.118583,0.857573,0.023844,,3354400,,
1,1,,0.051206,0.897566,0.051228,,3308200,,
1,1,,0.400528,0.591842,0.00763,,3811300,,
1,2,,0.027911,0.440241,0.531848,,2728600,,
1,1,,0.420043,0.573756,0.006201,,2499800,,
1,1,,0.110531,0.868021,0.021448,,2834700,,
1,2,,0.041451,0.383427,0.575122,,2771900,,
1,2,,0.027911,0.460241,0.511848,,2633700,,
1,1,,0.051206,0.898899,0.049894,,2982700,,
1,1,,0.421801,0.571997,0.006201,,2508700,,
1,1,,0.421885,0.571914,0.006201,,3293700,,
1,1,,0.420043,0.573756,0.006201,,2667000,,
1,1,,0.120544,0.855612,0.023844,,2751700,,
1,1,,0.113388,0.865164,0.021448,,3110900,,
1,1,,0.420222,0.573577,0.006201,,2823700,,
1,1,,0.110531,0.868021,0.021448,,2797000,,
1,1,,0.054553,0.893157,0.05229,,2592400,,
1,1,,0.051206,0.896233,0.052561,,3165900,,
1,1,,0.054553,0.893157,0.05229,,2603500,,
1,1,,0.144718,0.831438,0.023844,,2966800,,
1,1,,0.198278,0.794963,0.006759,,2550800,,
1,1,,0.421563,0.572235,0.006201,,2930800,,
1,1,,0.051206,0.898899,0.049894,,2930900,,
1,1,,0.140544,0.835612,0.023844,,3789400,,
1,1,,0.063318,0.876583,0.060099,,3162900,,
1,1,,0.448473,0.533692,0.017835,,2939300,,
1,1,,0.393861,0.598509,0.00763,,3394500,,
1,1,,0.037694,0.784662,0.177644,,2723300,,
1,1,,0.40396,0.589839,0.006201,,2596500,,
1,1,,0.069806,0.761012,0.169182,,2861000,,
1,1,,0.455968,0.537831,0.006201,,2564700,,
1,1,,0.054553,0.860657,0.08479,,3032000,,
1,1,,0.432635,0.561164,0.006201,,2600300,,
1,1,,0.054553,0.893157,0.05229,,2642300,,
1,1,,0.083318,0.856583,0.060099,,3066900,,
1,1,,0.126022,0.837344,0.036634,,3184400,,
1,1,,0.12525,0.850906,0.023844,,3150800,,
1,1,,0.054553,0.87049,0.074957,,3358700,,
1,1,,0.139462,0.840518,0.020019,,2325700,,
1,1,,0.156796,0.823185,0.020019,,2306400,,
1,1,,0.392528,0.599842,0.00763,,2688500,,
1,1,,0.111864,0.866688,0.021448,,2322600,,
1,1,,0.414718,0.579081,0.006201,,2770500,,
1,1,,0.138133,0.792361,0.069506,,2373000,,
1,1,,0.052967,0.664562,0.282471,,2295200,,
1,1,,0.051206,0.897566,0.051228,,2330100,,
1,1,,0.051206,0.898899,0.049894,,2732900,,
1,2,,0.39068,0.076741,0.532579,,2190100,,
1,1,,0.054553,0.893157,0.05229,,2325900,,
1,0,,0.617243,0.247738,0.135019,,2783500,,
1,1,,0.144891,0.83509,0.020019,,2373600,,
1,1,,0.117197,0.861355,0.021448,,2340800,,
1,1,,0.051206,0.898899,0.049894,,2675600,,
1,1,,0.054553,0.893157,0.05229,,3012000,,
1,1,,0.054553,0.840657,0.10479,,3085700,,
1,1,,0.051206,0.858899,0.089894,,2829700,,
1,1,,0.414626,0.579172,0.006201,,2547300,,
1,1,,0.409801,0.583997,0.006201,,2977100,,
1,0,,0.674605,0.238822,0.086573,,2484000,,
1,1,,0.42546,0.568339,0.006201,,2617800,,
1,2,,0.028555,0.348209,0.623237,,2898900,,
1,1,,0.418052,0.574318,0.00763,,2541600,,
1,1,,0.42965,0.564148,0.006201,,3070500,,
1,1,,0.435968,0.557831,0.006201,,2699800,,
1,2,,0.032054,0.383431,0.584515,,2549000,,
1,1,,0.133877,0.842279,0.023844,,3126500,,
1,1,,0.428778,0.523592,0.04763,,2542100,,
1,2,,0.249042,0.021766,0.729192,,2805400,,
1,1,,0.426801,0.566997,0.006201,,2821300,,
1,1,,0.283257,0.704032,0.012711,,2509100,,
1,1,,0.051206,0.898899,0.049894,,2592300,,
1,1,,0.421801,0.571997,0.006201,,3066000,,
1,1,,0.110531,0.848021,0.041448,,2700700,,
1,1,,0.462528,0.529842,0.00763,,3390000,,
1,1,,0.120544,0.855612,0.023844,,3259000,,
1,1,,0.163864,0.814688,0.021448,,2682900,,
1,1,,0.449208,0.540766,0.010026,,2809900,,
1,1,,0.403553,0.586421,0.010026,,2867400,,
1,1,,0.403875,0.586099,0.010026,,2592200,,
1,1,,0.054553,0.893157,0.05229,,2825400,,
1,1,,0.427218,0.566581,0.006201,,3169600,,
1,1,,0.054553,0.893157,0.05229,,2598200,,
1,2,,0.068789,0.156392,0.774819,,3137800,,
1,1,,0.122642,0.805705,0.071653,,2251700,,
1,2,,0.031257,0.466805,0.501937,,2765100,,
1,2,,0.040022,0.377925,0.582053,,2975500,,
1,1,,0.401957,0.590414,0.00763,,2246800,,
1,2,,0.027911,0.420241,0.551848,,2623400,,
1,1,,0.054553,0.853157,0.09229,,2290600,,
1,1,,0.211558,0.768423,0.020019,,2344600,,
1,1,,0.178626,0.799926,0.021448,,3881500,,
1,1,,0.063318,0.876583,0.060099,,2186200,,
1,1,,0.234468,0.758772,0.006759,,2289000,,
1,2,,0.047681,0.412658,0.53966,,2693800,,
1,1,,0.054553,0.893157,0.05229,,2353600,,
1,1,,0.4029,0.590898,0.006201,,2546800,,
1,1,,0.447301,0.546497,0.006201,,2871800,,
1,1,,0.468885,0.524914,0.006201,,2519900,,
1,1,,0.462072,0.53141,0.006519,,2838000,,
1,1,,0.165499,0.802848,0.031653,,2724500,,
1,1,,0.426801,0.566997,0.006201,,2515300,,
1,0,,0.515222,0.478577,0.006201,,2984500,,
1,1,,0.063318,0.876583,0.060099,,2283400,,
1,1,,0.113877,0.862279,0.023844,,2198300,,
1,1,,0.051206,0.898899,0.049894,,2451200,,
1,1,,0.273278,0.70218,0.024542,,2446000,,
1,1,,0.041041,0.757586,0.201373,,2264000,,
1,1,,0.446472,0.547327,0.006201,,2157600,,
1,1,,0.436718,0.555652,0.00763,,3233600,,
1,1,,0.430158,0.56364,0.006201,,2646800,,
1,2,,0.028235,0.42374,0.548025,,2502800,,
1,1,,0.213278,0.76218,0.024542,,2897100,,
1,1,,0.425445,0.566925,0.00763,,2662600,,
1,1,,0.143462,0.836518,0.020019,,2685200,,
1,2,,0.040819,0.199691,0.75949,,2923100,,
1,0,,0.498631,0.493745,0.007624,,2372800,,
1,1,,0.410875,0.579099,0.010026,,3270300,,
1,1,,0.051206,0.858899,0.089894,,2730200,,
1,1,,0.293427,0.695291,0.011282,,3072500,,
1,1,,0.085673,0.834879,0.079448,,2758900,,
1,2,,0.046066,0.207175,0.746759,,3113600,,
1,1,,0.421801,0.571997,0.006201,,2239000,,
1,1,,0.496655,0.496826,0.006519,,3089500,,
1,1,,0.431135,0.562664,0.006201,,2575400,,
1,0,,0.479032,0.447898,0.073069,,2217800,,
1,2,,0.028235,0.44374,0.528025,,2670200,,
1,1,,0.115293,0.863259,0.021448,,2318800,,
1,1,,0.035735,0.564446,0.39982,,2354500,,
1,1,,0.116796,0.863185,0.020019,,2249000,,
1,2,,0.099348,0.064698,0.835955,,2735600,,
1,1,,0.405445,0.546925,0.04763,,2176600,,
1,1,,0.061193,0.506896,0.431911,,2318500,,
1,2,,0.029028,0.253642,0.71733,,2934100,,
1,1,,0.420135,0.573664,0.006201,,2237900,,
1,1,,0.138329,0.827666,0.034006,,2325000,,
1,1,,0.224945,0.768296,0.006759,,2624500,,
1,1,,0.054553,0.840657,0.10479,,3210500,,
1,1,,0.401293,0.592506,0.006201,,3090500,,
1,2,,0.035968,0.163748,0.800283,,2345000,,
1,1,,0.069958,0.787736,0.142305,,2208900,,
1,1,,0.070803,0.702897,0.226299,,2452000,,
1,2,,0.032686,0.39307,0.574244,,2435500,,
1,1,,0.028235,0.550536,0.42123,,2200700,,
1,2,,0.028231,0.34471,0.627059,,2606100,,
1,1,,0.190531,0.788021,0.021448,,2654100,,
1,1,,0.145309,0.823038,0.031653,,2272700,,
1,1,,0.432528,0.559842,0.00763,,2445500,,
1,1,,0.069958,0.530322,0.39972,,2757200,,
1,1,,0.07374,0.741602,0.184658,,2525400,,
1,1,,0.069958,0.647298,0.282744,,3929600,,
1,1,,0.055982,0.891728,0.05229,,2470500,,
1,1,,0.054553,0.871823,0.073624,,2252300,,
1,1,,0.064993,0.755464,0.179543,,2258100,,
1,1,,0.054553,0.893157,0.05229,,2380100,,
1,1,,0.397695,0.594675,0.00763,,2340900,,
1,1,,0.39529,0.59708,0.00763,,2282400,,
1,1,,0.437208,0.552766,0.010026,,2327200,,
1,1,,0.051206,0.898899,0.049894,,2411700,,
1,1,,0.21304,0.780201,0.006759,,2366200,,
1,1,,0.425861,0.566509,0.00763,,2294200,,
1,1,,0.143318,0.796583,0.060099,,2651400,,
1,1,,0.245278,0.73018,0.024542,,2171000,,
1,2,,0.040022,0.309763,0.650214,,2277200,,
1,2,,0.027911,0.286365,0.685724,,2947800,,
1,1,,0.447126,0.546672,0.006201,,3434400,,
1,1,,0.051206,0.858899,0.089894,,2546500,,
1,1,,0.116796,0.863185,0.020019,,3206000,,
1,1,,0.448488,0.544993,0.006519,,3231300,,
1,1,,0.063318,0.854083,0.082599,,2819400,,
1,1,,0.448361,0.544009,0.00763,,2779500,,
1,1,,0.051206,0.898899,0.049894,,2396300,,
1,2,,0.289042,0.045766,0.665192,,2229000,,
1,1,,0.451492,0.542307,0.006201,,2319000,,
1,1,,0.392528,0.599842,0.00763,,3355200,,
1,1,,0.054553,0.873157,0.07229,,2734100,,
1,2,,0.027911,0.420241,0.551848,,2691800,,
1,1,,0.400623,0.591747,0.00763,,3285200,,
1,1,,0.122642,0.840372,0.036986,,2632800,,
1,2,,0.029028,0.229495,0.741478,,3033400,,
1,1,,0.051206,0.898899,0.049894,,2248800,,
1,1,,0.110531,0.846688,0.042781,,3401400,,
1,1,,0.438778,0.553592,0.00763,,2233700,,
1,1,,0.421801,0.571997,0.006201,,2336100,,
1,1,,0.103685,0.767117,0.129197,,2275700,,
1,1,,0.42546,0.568339,0.006201,,2938800,,
1,1,,0.061193,0.76431,0.174497,,2615200,,
1,1,,0.111959,0.866593,0.021448,,2857800,,
1,1,,0.455028,0.537342,0.00763,,2717600,,
1,1,,0.481309,0.511066,0.007624,,2965300,,
1,1,,0.157197,0.821355,0.021448,,3573300,,
1,1,,0.407111,0.585259,0.00763,,3700800,,
1,1,,0.061193,0.621039,0.317768,,3366800,,
1,1,,0.028395,0.583923,0.387682,,2477800,,
1,1,,0.436551,0.557247,0.006201,,2220400,,
1,1,,0.427195,0.565175,0.00763,,2508300,,
1,2,,0.030903,0.27537,0.693727,,3310800,,
1,2,,0.050693,0.41486,0.534447,,2797900,,
1,1,,0.028235,0.590696,0.38107,,2941100,,
1,2,,0.048231,0.36471,0.587059,,2210900,,
1,2,,0.027911,0.460241,0.511848,,3574000,,
1,2,,0.028235,0.446036,0.52573,,3159700,,
1,1,,0.213278,0.76218,0.024542,,2531500,,
1,2,,0.028235,0.441073,0.530692,,3248000,,
1,1,,0.427301,0.566497,0.006201,,2697200,,
1,1,,0.118224,0.861756,0.020019,,2800500,,
1,1,,0.441885,0.551914,0.006201,,3095100,,
1,1,,0.408222,0.585577,0.006201,,2623700,,
1,1,,0.066609,0.72959,0.203801,,3313700,,
1,2,,0.032378,0.35979,0.607832,,3839500,,
1,1,,0.436361,0.556009,0.00763,,5468800,,
1,1,,0.416385,0.577414,0.006201,,4228600,,
1,1,,0.063318,0.836583,0.100099,,3283100,,
1,1,,0.446472,0.547327,0.006201,,3215900,,
1,1,,0.054553,0.893157,0.05229,,2688400,,
1,1,,0.465988,0.484826,0.049186,,3338700,,
1,1,,0.051206,0.898899,0.049894,,2512800,,
1,1,,0.117197,0.861355,0.021448,,2807300,,
1,0,,0.513322,0.48016,0.006519,,3005600,,
1,1,,0.398778,0.593592,0.00763,,2637000,,
1,1,,0.403385,0.588985,0.00763,,3244000,,
1,1,,0.409233,0.584565,0.006201,,2499800,,
1,1,,0.419195,0.573175,0.00763,,2900200,,
1,1,,0.051206,0.898899,0.049894,,2716400,,
1,1,,0.429233,0.564565,0.006201,,2506300,,
1,1,,0.414626,0.579172,0.006201,,3430800,,
1,1,,0.054553,0.873157,0.07229,,2534300,,
1,1,,0.110531,0.828021,0.061448,,3687500,,
1,1,,0.402945,0.589425,0.00763,,3223900,,
1,1,,0.178721,0.789626,0.031653,,3185900,,
1,2,,0.027911,0.420241,0.551848,,2771400,,
1,1,,0.416385,0.577414,0.006201,,2525400,,
1,1,,0.063318,0.834083,0.102599,,2859800,,
1,1,,0.051206,0.898899,0.049894,,3344800,,
1,2,,0.041139,0.224678,0.734183,,2190400,,
1,1,,0.235945,0.739513,0.024542,,2543500,,
1,1,,0.143462,0.836518,0.020019,,2770600,,
1,1,,0.03271,0.548975,0.418315,,3098100,,
1,2,,0.336799,0.083301,0.579901,,2516500,,
1,1,,0.445041,0.544933,0.010026,,3404500,,
1,1,,0.054553,0.893157,0.05229,,2292500,,
1,1,,0.428793,0.565006,0.006201,,3214800,,
1,1,,0.051206,0.878899,0.069894,,2243200,,
1,1,,0.136796,0.843185,0.020019,,2759100,,
1,1,,0.063318,0.876583,0.060099,,3707700,,
1,1,,0.051206,0.897566,0.051228,,2709300,,
1,1,,0.03271,0.629983,0.337307,,3193400,,
1,1,,0.218611,0.756847,0.024542,,2706900,,
1,1,,0.414626,0.579172,0.006201,,2503300,,
1,1,,0.131959,0.846593,0.021448,,2921800,,
1,1,,0.432635,0.561164,0.006201,,2861100,,
1,1,,0.04631,0.48323,0.47046,,2296500,,
1,1,,0.468793,0.525006,0.006201,,3003500,,
1,1,,0.158626,0.819926,0.021448,,2718400,,
1,1,,0.118224,0.861756,0.020019,,2311000,,
1,1,,0.083318,0.856583,0.060099,,3024400,,
1,1,,0.399195,0.593175,0.00763,,2851500,,
1,1,,0.414626,0.579172,0.006201,,2680300,,
1,1,,0.421801,0.571997,0.006201,,3180900,,
1,1,,0.051206,0.898899,0.049894,,2837500,,
1,1,,0.118864,0.859688,0.021448,,2938000,,
2,2,,0.032492,0.198538,0.76897,,2865200,,
2,2,,0.099348,0.044698,0.855955,,3563200,,
2,2,,0.385833,0.014543,0.599624,,3295100,,
2,2,,0.375783,0.011977,0.61224,,2283200,,
2,1,,0.069958,0.505489,0.424553,,2210400,,
2,2,,0.119348,0.044698,0.835955,,2850600,,
2,2,,0.332051,0.011503,0.656446,,3448100,,
2,2,,0.028231,0.250834,0.720935,,2936700,,
2,2,,0.099348,0.044698,0.855955,,2378000,,
2,2,,0.131139,0.057913,0.810948,,2335900,,
2,2,,0.3405,0.014543,0.644957,,2660700,,
2,2,,0.039424,0.134913,0.825662,,3188000,,
2,2,,0.111139,0.057913,0.830948,,3240400,,
2,2,,0.037668,0.059821,0.902511,,3113500,,
2,2,,0.043492,0.202472,0.754035,,2916500,,
2,2,,0.032941,0.11396,0.853099,,3048600,,
2,2,,0.069028,0.184309,0.746664,,2662700,,
2,2,,0.361718,0.011503,0.626779,,3147700,,
2,2,,0.329551,0.011503,0.658946,,3203300,,
2,2,,0.119348,0.044698,0.835955,,2927300,,
2,2,,0.03432,0.09886,0.86682,,2742200,,
2,2,,0.052781,0.12004,0.827179,,2807400,,
2,2,,0.044733,0.147175,0.808092,,3697600,,
2,2,,0.034428,0.062038,0.903535,,3846300,,
2,2,,0.345833,0.014543,0.639624,,3691300,,
2,2,,0.269202,0.015686,0.715112,,2828400,,
2,2,,0.028555,0.353209,0.618237,,2681600,,
2,2,,0.316417,0.014543,0.66904,,3561400,,
2,2,,0.099348,0.044698,0.855955,,2733000,,
2,2,,0.037033,0.060143,0.902823,,3685000,,
2,2,,0.040022,0.377925,0.582053,,2739800,,
2,2,,0.033704,0.099194,0.867102,,2684800,,
2,2,,0.347083,0.014543,0.638374,,2962100,,
2,1,,0.072311,0.538116,0.389573,,2665800,,
2,2,,0.339167,0.014543,0.64629,,2764900,,
2,2,,0.365935,0.01183,0.622235,,3185500,,
2,2,,0.04013,0.059821,0.900049,,2565800,,
2,2,,0.229202,0.015686,0.755112,,3437000,,
2,2,,0.099348,0.044698,0.855955,,3045000,,
2,2,,0.328417,0.014543,0.65704,,3338400,,
2,2,,0.032054,0.270931,0.697015,,2769100,,
2,2,,0.035139,0.114913,0.849948,,2511900,,
2,2,,0.345833,0.014543,0.639624,,3537600,,
2,2,,0.111139,0.057913,0.830948,,3845400,,
2,2,,0.384051,0.011503,0.604446,,2392700,,
2,2,,0.035005,0.08236,0.882635,,2726300,,
2,2,,0.111139,0.057913,0.830948,,3019600,,
2,2,,0.028555,0.373209,0.598237,,3594600,,
2,2,,0.032054,0.323431,0.644515,,2359000,,
2,2,,0.122124,0.030956,0.84692,,2630800,,
2,2,,0.040346,0.426757,0.532897,,2465400,,
2,2,,0.388616,0.011977,0.599407,,2161700,,
2,2,,0.099348,0.044698,0.855955,,2738400,,
2,2,,0.031608,0.17396,0.794432,,2923900,,
2,2,,0.139348,0.044698,0.815955,,2916700,,
2,1,,0.072311,0.485264,0.442424,,2937400,,
2,2,,0.229202,0.015686,0.755112,,2971600,,
2,2,,0.099348,0.044698,0.855955,,2999100,,
2,2,,0.394602,0.01183,0.593569,,2571600,,
2,2,,0.047769,0.075586,0.876645,,2806400,,
2,2,,0.139348,0.044698,0.815955,,2922500,,
2,2,,0.028231,0.250834,0.720935,,2668800,,
2,2,,0.028235,0.36774,0.604025,,3220400,,
2,2,,0.123839,0.126644,0.749517,,3212800,,
2,2,,0.345833,0.014543,0.639624,,3139600,,
2,2,,0.352292,0.027758,0.61995,,2797900,,
2,2,,0.099348,0.044698,0.855955,,2703200,,
2,2,,0.240994,0.028901,0.730106,,2492900,,
2,2,,0.028231,0.36471,0.607059,,2877200,,
2,2,,0.41445,0.011977,0.573573,,2670500,,
2,2,,0.260994,0.031568,0.707439,,2506300,,
2,2,,0.031257,0.414499,0.554244,,3148900,,
2,2,,0.048047,0.115575,0.836378,,2501400,,
2,2,,0.186864,0.032758,0.780378,,2769800,,
2,2,,0.391051,0.011503,0.597446,,3287200,,
2,2,,0.057273,0.061423,0.881303,,2649700,,
2,2,,0.040022,0.357925,0.602053,,2907500,,
2,2,,0.118507,0.113885,0.767609,,2712200,,
2,2,,0.119348,0.044698,0.835955,,2698300,,
2,2,,0.324167,0.014543,0.66129,,3285100,,
2,2,,0.029351,0.252501,0.718148,,2549800,,
2,2,,0.364051,0.011503,0.624446,,4542400,,
2,2,,0.031608,0.13396,0.834432,,3317400,,
2,2,,0.119348,0.044698,0.835955,,2635000,,
2,2,,0.065977,0.074079,0.859944,,2875600,,
2,2,,0.029348,0.173963,0.796689,,2653700,,
2,2,,0.40095,0.011977,0.587073,,2885300,,
2,2,,0.028071,0.279771,0.692158,,3388200,,
2,2,,0.099348,0.044698,0.855955,,2645100,,
2,2,,0.299167,0.014543,0.68629,,2786600,,
2,2,,0.299167,0.014543,0.68629,,3508300,,
2,2,,0.074664,0.334856,0.59048,,3381200,,
2,2,,0.028555,0.368209,0.603237,,3137000,,
2,2,,0.099348,0.044698,0.855955,,2314600,,
2,2,,0.343167,0.014543,0.64229,,2906300,,
2,2,,0.372592,0.014834,0.612573,,2654700,,
2,2,,0.027911,0.440241,0.531848,,2699500,,
2,2,,0.389718,0.011503,0.598779,,3605200,,
2,2,,0.061634,0.123639,0.814727,,3304400,,
2,2,,0.029028,0.318642,0.65233,,3688100,,
2,2,,0.036015,0.06107,0.902915,,2839600,,
2,2,,0.038861,0.05981,0.901329,,3122600,,
2,1,,0.069958,0.480322,0.44972,,2886400,,
2,2,,0.043204,0.089821,0.866975,,2601200,,
2,2,,0.0634,0.127175,0.809426,,2836700,,
2,2,,0.329551,0.011503,0.658946,,3238300,,
2,2,,0.089525,0.109902,0.800574,,2631200,,
2,1,,0.051206,0.896233,0.052561,,3028600,,
2,2,,0.119348,0.044698,0.835955,,3617700,,
2,2,,0.040022,0.264049,0.695929,,3180500,,
2,1,,0.051206,0.898899,0.049894,,2537200,,
2,2,,0.407625,0.032758,0.559617,,3387800,,
2,2,,0.363602,0.01183,0.624569,,2514200,,
2,1,,0.069958,0.556822,0.37322,,2523100,,
2,2,,0.280994,0.028901,0.690106,,2914200,,
2,0,,0.736036,0.0638,0.200164,,2522000,,
2,1,,0.214664,0.657892,0.127444,,2318200,,
2,2,,0.149221,0.029978,0.820801,,2567700,,
2,2,,0.3205,0.014543,0.664957,,2224900,,
2,2,,0.027911,0.400241,0.571848,,2778400,,
2,2,,0.099348,0.044698,0.855955,,3321200,,
2,2,,0.03182,0.119516,0.848664,,2310300,,
2,2,,0.076015,0.06107,0.862915,,3337000,,
2,2,,0.311958,0.045258,0.642784,,3093400,,
2,2,,0.029348,0.153963,0.816689,,2741600,,
2,2,,0.099348,0.044698,0.855955,,3026600,,
2,2,,0.342958,0.027758,0.629284,,2262200,,
2,2,,0.3645,0.014543,0.620957,,2416500,,
2,2,,0.063611,0.112731,0.823658,,2579700,,
2,2,,0.119348,0.044698,0.835955,,2254800,,
2,2,,0.337718,0.011503,0.650779,,2383600,,
2,2,,0.099348,0.044698,0.855955,,2704200,,
2,2,,0.040022,0.291549,0.668429,,2511300,,
2,0,,0.72463,0.090856,0.184514,,2858400,,
2,2,,0.056446,0.466085,0.477469,,2829900,,
2,2,,0.111139,0.057913,0.830948,,3149100,,
2,2,,0.369718,0.011503,0.618779,,3202500,,
2,2,,0.3455,0.014543,0.639957,,2593400,,
2,2,,0.344051,0.011503,0.644446,,2643500,,
2,2,,0.049019,0.113035,0.837946,,2774800,,
2,2,,0.381718,0.011503,0.606779,,2593700,,
2,2,,0.339935,0.01183,0.648235,,3169900,,
2,2,,0.131139,0.097913,0.770948,,2626400,,
2,1,,0.054553,0.819323,0.126124,,2809300,,
2,2,,0.056311,0.221462,0.722227,,3253600,,
2,2,,0.056446,0.418585,0.524969,,2549400,,
2,2,,0.077227,0.064079,0.858694,,3009200,,
2,2,,0.364051,0.011503,0.624446,,2630900,,
2,2,,0.185073,0.014543,0.800384,,2238800,,
2,2,,0.362718,0.011503,0.625779,,2292700,,
2,2,,0.344384,0.011503,0.644113,,2275700,,
2,2,,0.051922,0.08988,0.858198,,2247200,,
2,2,,0.382602,0.01183,0.605569,,2599800,,
2,2,,0.028555,0.312209,0.659237,,2335900,,
2,2,,0.342625,0.027758,0.629617,,2261500,,
2,2,,0.269202,0.015686,0.715112,,2665400,,
2,2,,0.119348,0.044698,0.835955,,2527200,,
2,2,,0.099348,0.044698,0.855955,,2186400,,
2,2,,0.031608,0.11396,0.854432,,2423800,,
2,2,,0.028071,0.276914,0.695015,,2616800,,
2,2,,0.099348,0.044698,0.855955,,2257100,,
2,2,,0.040746,0.059488,0.899767,,2237400,,
2,2,,0.099348,0.044698,0.855955,,2616800,,
2,2,,0.099348,0.044698,0.855955,,2171600,,
2,2,,0.050263,0.158773,0.790963,,2424000,,
2,1,,0.10913,0.728968,0.161902,,2629600,,
2,0,,0.540143,0.015686,0.444171,,2248600,,
2,2,,0.099348,0.044698,0.855955,,2363000,,
2,2,,0.029351,0.208751,0.761898,,2848600,,
2,2,,0.349833,0.014543,0.635624,,2291600,,
2,2,,0.041139,0.167178,0.791683,,2339500,,
2,2,,0.388458,0.027758,0.583784,,2955300,,
2,2,,0.111139,0.057913,0.830948,,2205100,,
2,1,,0.051206,0.878899,0.069894,,2582100,,
2,2,,0.295167,0.014543,0.69029,,3856200,,
2,2,,0.310958,0.027758,0.661284,,2599600,,
2,2,,0.041139,0.111113,0.847748,,2391600,,
2,2,,0.36095,0.011977,0.627073,,2851900,,
2,2,,0.050652,0.076337,0.873011,,2191800,,
2,2,,0.038918,0.05981,0.901271,,2310100,,
2,2,,0.318283,0.011977,0.66974,,3502000,,
2,2,,0.3542,0.011977,0.633823,,2541500,,
2,2,,0.031608,0.17396,0.794432,,3620200,,
2,2,,0.04013,0.059821,0.900049,,2682800,,
2,2,,0.099348,0.044698,0.855955,,2356400,,
2,2,,0.365833,0.014543,0.619624,,3219600,,
2,2,,0.029028,0.269495,0.701478,,2246400,,
2,2,,0.099348,0.044698,0.855955,,2538300,,
2,2,,0.051608,0.11396,0.834432,,3131100,,
2,2,,0.315167,0.014543,0.67029,,2242300,,
2,2,,0.099348,0.044698,0.855955,,2538200,,
2,2,,0.3205,0.014543,0.664957,,2912000,,
2,2,,0.348384,0.011503,0.640113,,2299000,,
2,2,,0.028071,0.296914,0.675015,,2670700,,
2,1,,0.054553,0.85049,0.094957,,2687300,,
2,2,,0.099348,0.044698,0.855955,,2880700,,
2,2,,0.338602,0.01183,0.649569,,3028100,,
2,2,,0.052473,0.119183,0.828344,,2748800,,
2,2,,0.205073,0.014543,0.780384,,2182900,,
2,2,,0.031608,0.21396,0.754432,,2533700,,
2,2,,0.029028,0.293642,0.67733,,2298800,,
2,2,,0.099348,0.044698,0.855955,,2197800,,
2,2,,0.324167,0.014543,0.66129,,2533400,,
2,2,,0.344051,0.011503,0.644446,,3987500,,
2,2,,0.034339,0.09886,0.8668,,2177800,,
2,2,,0.099348,0.044698,0.855955,,2807200,,
2,2,,0.099348,0.044698,0.855955,,2365500,,
2,2,,0.3942,0.011977,0.593823,,2969700,,
2,2,,0.304134,0.011503,0.684363,,2811100,,
2,2,,0.360138,0.061195,0.578667,,2622800,,
2,2,,0.099348,0.044698,0.855955,,3039000,,
2,2,,0.031608,0.11396,0.854432,,2974400,,
2,2,,0.036658,0.061111,0.902231,,2819800,,
2,2,,0.031608,0.13396,0.834432,,3014700,,
2,2,,0.066599,0.147703,0.785698,,2499100,,
2,2,,0.071287,0.092703,0.83601,,2511000,,
2,2,,0.031608,0.11396,0.854432,,3698300,,
2,2,,0.058246,0.060789,0.880966,,2573900,,
2,2,,0.038246,0.060789,0.900966,,3206500,,
2,2,,0.037668,0.059821,0.902511,,2487400,,
2,2,,0.341833,0.014543,0.643624,,3032500,,
2,2,,0.03182,0.100161,0.868019,,3244000,,
2,2,,0.099348,0.044698,0.855955,,2944400,,
2,2,,0.343283,0.011977,0.64474,,2923100,,
2,2,,0.03307,0.099516,0.867414,,2192700,,
2,2,,0.028071,0.364578,0.607352,,2510100,,
2,2,,0.369718,0.011503,0.618779,,2950700,,
2,1,,0.069958,0.602822,0.32722,,2503000,,
2,2,,0.079958,0.304601,0.615441,,2656300,,
2,2,,0.363935,0.01183,0.624235,,3342200,,
2,2,,0.2855,0.014543,0.699957,,2983700,,
2,2,,0.099348,0.044698,0.855955,,2566100,,
2,2,,0.3365,0.014543,0.648957,,2202200,,
2,1,,0.049806,0.667679,0.282515,,2312000,,
2,2,,0.028555,0.388209,0.583237,,2943500,,
2,2,,0.099348,0.044698,0.855955,,2230100,,
2,2,,0.040819,0.286857,0.672324,,2269100,,
2,2,,0.331,0.014543,0.654457,,2486800,,
2,2,,0.1958,0.042548,0.761652,,2715400,,
2,2,,0.029351,0.270001,0.700648,,3802300,,
2,2,,0.119348,0.044698,0.835955,,2567200,,
2,2,,0.339167,0.014543,0.64629,,2265900,,
2,2,,0.304051,0.011503,0.684446,,2602400,,
2,2,,0.044861,0.112075,0.843063,,2275700,,
2,0,,0.594432,0.014378,0.39119,,2364100,,
2,2,,0.339167,0.014543,0.64629,,3612000,,
2,2,,0.327083,0.014543,0.658374,,2630300,,
2,2,,0.346027,0.044332,0.609642,,3183400,,
2,2,,0.040819,0.254357,0.704824,,2285200,,
2,2,,0.029564,0.273691,0.696745,,3448400,,
2,2,,0.099348,0.044698,0.855955,,3027400,,
2,2,,0.3565,0.014543,0.628957,,2459900,,
2,2,,0.391357,0.0174,0.591243,,3808500,,
2,2,,0.299167,0.014543,0.68629,,3274500,,
2,2,,0.040022,0.264049,0.695929,,3096100,,
2,2,,0.07538,0.061392,0.863227,,2894200,,
2,2,,0.352292,0.027758,0.61995,,3120400,,
2,1,,0.054553,0.853157,0.09229,,2886200,,
2,2,,0.323167,0.014543,0.66229,,2221900,,
2,2,,0.361718,0.011503,0.626779,,2591600,,
2,2,,0.339167,0.014543,0.64629,,2911200,,
