waveform-noise,CWE,test,3,NANOSECONDS,PREDICTIONS, Generated by ClassifierExperiments.java on 2022-05-16 21:52:58.    SYSTEMPROPERTIES:{user.name:matth,os.arch:amd64,os.name:Windows 10},ENDSYSTEMPROPERTIES
No parameter info
0.7182817182817183,3541949100,2299648700,-1,104248920,3,,-1,-1
0,1,,0.435475,0.538015,0.02651,,2734300,,
0,2,,0.482104,0.024603,0.493293,,2770800,,
0,2,,0.110707,0.124924,0.764368,,2491000,,
0,0,,0.62237,0.32292,0.05471,,2506300,,
0,2,,0.456546,0.012073,0.531381,,2612600,,
0,2,,0.352458,0.017619,0.629924,,2593200,,
0,0,,0.531577,0.019573,0.44885,,2498300,,
0,0,,0.532188,0.023033,0.444779,,2459300,,
0,2,,0.451974,0.012073,0.535952,,2614600,,
0,2,,0.382187,0.155661,0.462152,,2637300,,
0,1,,0.38585,0.58524,0.02891,,2544800,,
0,0,,0.499475,0.474015,0.02651,,2625800,,
0,0,,0.581957,0.370893,0.04715,,2513000,,
0,0,,0.579475,0.394015,0.02651,,2547100,,
0,2,,0.390327,0.012073,0.5976,,2612000,,
0,0,,0.642061,0.299069,0.05887,,2215000,,
0,2,,0.062693,0.069134,0.868172,,2130600,,
0,1,,0.466725,0.481765,0.05151,,2215500,,
0,0,,0.766355,0.11996,0.113685,,2338500,,
0,1,,0.36361,0.60732,0.02907,,2242400,,
0,1,,0.48137,0.48892,0.02971,,2110700,,
0,0,,0.727755,0.212346,0.059899,,2288300,,
0,0,,0.488288,0.026873,0.484839,,2182700,,
0,0,,0.561725,0.371765,0.06651,,2122700,,
0,0,,0.791695,0.12332,0.084985,,2093000,,
0,0,,0.48954,0.48331,0.02715,,2176100,,
0,1,,0.447975,0.525515,0.02651,,2186400,,
0,2,,0.142917,0.130764,0.726318,,2128900,,
0,2,,0.438288,0.016873,0.544839,,2103700,,
0,0,,0.62237,0.32292,0.05471,,2505500,,
0,2,,0.465788,0.026873,0.507339,,2415000,,
0,2,,0.46025,0.047929,0.491821,,2108900,,
0,0,,0.52361,0.44732,0.02907,,2137600,,
0,2,,0.399457,0.014603,0.58594,,3345200,,
0,2,,0.378578,0.076233,0.545189,,3004700,,
0,0,,0.53737,0.43292,0.02971,,2576600,,
0,0,,0.541725,0.431765,0.02651,,2182100,,
0,2,,0.334958,0.017619,0.647424,,2142400,,
0,2,,0.421458,0.027619,0.550924,,2122800,,
0,2,,0.39498,0.088441,0.516579,,2261100,,
0,0,,0.649135,0.317626,0.033239,,2470000,,
0,0,,0.497329,0.456161,0.04651,,2178500,,
0,1,,0.485039,0.485891,0.02907,,2098900,,
0,1,,0.482662,0.490828,0.02651,,2184300,,
0,0,,0.727389,0.016873,0.255738,,2149200,,
0,0,,0.75085,0.19444,0.05471,,2108200,,
0,0,,0.720834,0.127526,0.15164,,2121300,,
0,2,,0.437402,0.022716,0.539882,,2225800,,
0,1,,0.421725,0.551765,0.02651,,2176400,,
0,0,,0.767995,0.12852,0.103485,,2148700,,
0,2,,0.362471,0.060393,0.577136,,2103900,,
0,2,,0.440788,0.016873,0.542339,,2222500,,
0,2,,0.482104,0.024603,0.493293,,2135200,,
0,2,,0.417104,0.014603,0.568293,,2109100,,
0,1,,0.463475,0.510015,0.02651,,2176200,,
0,0,,0.63987,0.32542,0.03471,,2396800,,
0,2,,0.422471,0.060393,0.517136,,2119100,,
0,0,,0.53501,0.42612,0.03887,,2114600,,
0,0,,0.528476,0.086233,0.385291,,2124200,,
0,1,,0.151051,0.783042,0.065907,,2200100,,
0,0,,0.498662,0.474828,0.02651,,2129600,,
0,1,,0.44641,0.52556,0.02803,,2153900,,
0,1,,0.43141,0.53431,0.03428,,2118900,,
0,0,,0.82585,0.14444,0.02971,,2123000,,
0,0,,0.592412,0.381078,0.02651,,2121800,,
0,1,,0.455475,0.498015,0.04651,,2086900,,
0,2,,0.476124,0.027619,0.496257,,2094600,,
0,0,,0.673872,0.11397,0.212158,,2165500,,
0,1,,0.45261,0.51332,0.03407,,2289400,,
0,0,,0.537077,0.434893,0.02803,,2113300,,
0,0,,0.806355,0.11996,0.073685,,2627000,,
0,1,,0.43266,0.53931,0.02803,,2480500,,
0,0,,0.56329,0.38956,0.04715,,2264900,,
0,2,,0.47525,0.037929,0.486821,,2857500,,
0,0,,0.606957,0.340893,0.05215,,2239100,,
0,2,,0.460788,0.016873,0.522339,,2428000,,
0,0,,0.570427,0.399534,0.030039,,2551800,,
0,0,,0.814195,0.12332,0.062485,,2671800,,
0,2,,0.364828,0.086233,0.548939,,2459200,,
0,2,,0.461104,0.014603,0.524293,,2151800,,
0,0,,0.64237,0.32292,0.03471,,2722100,,
0,0,,0.8026,0.126586,0.070814,,2548300,,
0,2,,0.440788,0.016873,0.542339,,2284100,,
0,2,,0.483551,0.012716,0.503734,,2311100,,
0,0,,0.532188,0.023033,0.444779,,2185900,,
0,2,,0.437509,0.086233,0.476258,,2151500,,
0,1,,0.479475,0.492765,0.02776,,2150300,,
0,0,,0.734732,0.052441,0.212827,,2339300,,
0,0,,0.50862,0.47667,0.01471,,2287100,,
0,0,,0.678356,0.014603,0.307041,,2156100,,
0,2,,0.337104,0.014603,0.648293,,2122500,,
0,0,,0.822995,0.11852,0.058485,,2191800,,
0,2,,0.395327,0.022073,0.5826,,2190800,,
0,0,,0.500475,0.468015,0.03151,,2128500,,
0,2,,0.394541,0.023033,0.582426,,2122900,,
0,2,,0.417328,0.076233,0.506439,,2435600,,
0,0,,0.629673,0.265617,0.10471,,2160900,,
0,0,,0.51251,0.42862,0.05887,,2128300,,
0,0,,0.53141,0.43431,0.03428,,2122100,,
0,2,,0.350676,0.024603,0.624722,,2209400,,
0,1,,0.455475,0.518015,0.02651,,2187700,,
0,0,,0.53737,0.41292,0.04971,,2107700,,
0,0,,0.598662,0.374828,0.02651,,2159800,,
0,0,,0.561162,0.352328,0.08651,,2568500,,
0,2,,0.419688,0.023033,0.557279,,2199700,,
0,1,,0.47141,0.49556,0.03303,,2107800,,
0,0,,0.51737,0.45292,0.02971,,2334400,,
0,0,,0.57612,0.38917,0.03471,,2223900,,
0,1,,0.472412,0.496078,0.03151,,2097900,,
0,2,,0.372458,0.017619,0.609924,,2080300,,
0,0,,0.478662,0.474828,0.04651,,2466300,,
0,0,,0.540994,0.186426,0.27258,,2162400,,
0,0,,0.62329,0.32956,0.04715,,2105600,,
0,1,,0.435475,0.538015,0.02651,,2118900,,
0,2,,0.452188,0.023033,0.524779,,2234700,,
0,1,,0.41501,0.52612,0.05887,,2171100,,
0,0,,0.688605,0.1946,0.116795,,2158200,,
0,0,,0.78302,0.18733,0.02965,,2122600,,
0,1,,0.46362,0.48667,0.04971,,2228300,,
0,0,,0.692772,0.10013,0.207098,,2170100,,
0,0,,0.57487,0.41542,0.00971,,2129300,,
0,0,,0.592912,0.19333,0.213758,,2373000,,
0,0,,0.54237,0.42292,0.03471,,2351300,,
0,2,,0.422288,0.016873,0.560839,,2157300,,
0,1,,0.426142,0.527348,0.04651,,2113900,,
0,0,,0.564229,0.18172,0.254051,,2336200,,
0,0,,0.525976,0.096233,0.377791,,2161900,,
0,1,,0.100657,0.467216,0.432127,,2131900,,
0,0,,0.60237,0.34292,0.05471,,2096100,,
0,2,,0.460969,0.016873,0.522158,,2313200,,
0,0,,0.532188,0.023033,0.444779,,2187300,,
0,2,,0.402328,0.086233,0.511439,,2203100,,
0,0,,0.46585,0.46399,0.07016,,2136800,,
0,0,,0.49454,0.47331,0.03215,,2171400,,
0,2,,0.46025,0.067929,0.471821,,2147900,,
0,1,,0.41501,0.54487,0.04012,,2135600,,
0,2,,0.382104,0.024603,0.593293,,2131000,,
0,1,,0.485162,0.488328,0.02651,,2329400,,
0,0,,0.777555,0.12476,0.097685,,2169100,,
0,1,,0.48335,0.48774,0.02891,,2120200,,
0,1,,0.13067,0.678572,0.190758,,2155300,,
0,2,,0.390474,0.012073,0.597452,,2172400,,
0,0,,0.572412,0.401078,0.02651,,2125800,,
0,0,,0.54862,0.42167,0.02971,,2096600,,
0,1,,0.399475,0.574015,0.02651,,2369300,,
0,1,,0.38353,0.48946,0.12701,,2488100,,
0,0,,0.834195,0.12332,0.042485,,2528700,,
0,2,,0.083047,0.08215,0.834803,,2266100,,
0,0,,0.79085,0.17444,0.03471,,2572100,,
0,0,,0.61737,0.35292,0.02971,,2798400,,
0,0,,0.52137,0.42892,0.04971,,2589800,,
0,0,,0.668334,0.135026,0.19664,,2599000,,
0,0,,0.63487,0.33542,0.02971,,2179600,,
0,2,,0.431974,0.012073,0.555952,,2156000,,
0,0,,0.721289,0.023033,0.255678,,2161900,,
0,1,,0.445162,0.528328,0.02651,,2484000,,
0,0,,0.612412,0.361078,0.02651,,2371900,,
0,1,,0.439475,0.534015,0.02651,,2142300,,
0,0,,0.484828,0.086233,0.428939,,2237700,,
0,2,,0.337104,0.014603,0.648293,,2194800,,
0,2,,0.472188,0.023033,0.504779,,2178600,,
0,2,,0.354604,0.014603,0.630793,,2111300,,
0,0,,0.59644,0.113588,0.289972,,2322200,,
0,1,,0.136712,0.785214,0.078075,,2155600,,
0,0,,0.53501,0.38612,0.07887,,2109800,,
0,0,,0.73085,0.21444,0.05471,,2159100,,
0,2,,0.469541,0.013033,0.517426,,2223600,,
0,2,,0.434604,0.014603,0.550793,,2170800,,
0,1,,0.44641,0.52556,0.02803,,2111500,,
0,1,,0.38641,0.58431,0.02928,,2109900,,
0,0,,0.768725,0.12044,0.110835,,2187900,,
0,2,,0.472188,0.023033,0.504779,,2135900,,
0,0,,0.501546,0.022073,0.476381,,2100900,,
0,2,,0.055947,0.140844,0.803208,,2256400,,
0,2,,0.413902,0.012716,0.573382,,2334300,,
0,0,,0.584688,0.013033,0.402279,,2211300,,
0,0,,0.663336,0.013033,0.323631,,2110400,,
0,2,,0.445676,0.014603,0.539722,,2188000,,
0,0,,0.774195,0.18332,0.042485,,2170700,,
0,2,,0.358354,0.014603,0.627043,,2109400,,
0,1,,0.441725,0.531765,0.02651,,2184800,,
0,1,,0.46111,0.50732,0.03157,,2306000,,
0,2,,0.389474,0.012073,0.598452,,2168800,,
0,0,,0.53501,0.38612,0.07887,,2118500,,
0,1,,0.4371,0.53399,0.02891,,2130000,,
0,2,,0.489902,0.012716,0.497382,,2453100,,
0,0,,0.61737,0.33292,0.04971,,2494500,,
0,0,,0.512412,0.441078,0.04651,,2283800,,
0,0,,0.594293,0.355997,0.04971,,2255500,,
0,1,,0.421725,0.551765,0.02651,,2245200,,
0,0,,0.494604,0.014603,0.490793,,2159200,,
0,1,,0.124183,0.793807,0.08201,,2118900,,
0,1,,0.39085,0.55524,0.05391,,2172400,,
0,1,,0.274435,0.620026,0.105539,,2119700,,
0,0,,0.507188,0.013033,0.479779,,2132900,,
0,0,,0.479131,0.274178,0.246691,,2067500,,
0,2,,0.371577,0.012073,0.61635,,2170600,,
0,1,,0.441725,0.531765,0.02651,,2194200,,
0,0,,0.707755,0.232346,0.059899,,2102800,,
0,1,,0.458662,0.514828,0.02651,,2103000,,
0,0,,0.486725,0.441765,0.07151,,2252500,,
0,2,,0.370474,0.012073,0.617452,,2202000,,
0,0,,0.552412,0.401078,0.04651,,2116100,,
0,0,,0.521162,0.452328,0.02651,,2114800,,
0,0,,0.59487,0.35542,0.04971,,2181200,,
0,0,,0.61737,0.31292,0.06971,,2148000,,
0,1,,0.451975,0.45644,0.091585,,2102700,,
0,0,,0.60237,0.34292,0.05471,,2122000,,
0,0,,0.585017,0.019309,0.395674,,2244900,,
0,2,,0.442104,0.024603,0.533293,,2473300,,
0,0,,0.592912,0.17333,0.233758,,2255900,,
0,1,,0.216683,0.723807,0.05951,,3089200,,
0,0,,0.65737,0.31292,0.02971,,4159000,,
0,1,,0.45266,0.51931,0.02803,,2638300,,
0,0,,0.57525,0.037929,0.386821,,3613700,,
0,0,,0.77085,0.15444,0.07471,,2959100,,
0,1,,0.478662,0.494828,0.02651,,2483000,,
0,1,,0.44761,0.52332,0.02907,,2459400,,
0,0,,0.529688,0.013033,0.457279,,2439400,,
0,0,,0.532741,0.090939,0.37632,,2517200,,
0,0,,0.532188,0.023033,0.444779,,2503400,,
0,2,,0.462104,0.014603,0.523293,,2451000,,
0,0,,0.561775,0.400826,0.037399,,2458100,,
0,0,,0.723555,0.2094,0.067045,,2655700,,
0,2,,0.317104,0.014603,0.668293,,2461100,,
0,1,,0.44862,0.49667,0.05471,,2485200,,
0,1,,0.471933,0.489197,0.03887,,2526500,,
0,2,,0.490474,0.012073,0.497452,,2453300,,
0,0,,0.527188,0.013033,0.459779,,2420700,,
0,2,,0.452458,0.017619,0.529924,,2407600,,
0,2,,0.431577,0.012073,0.55635,,2284700,,
0,1,,0.48335,0.48774,0.02891,,2215000,,
0,0,,0.660925,0.19588,0.143195,,2143000,,
0,0,,0.49266,0.47931,0.02803,,2125200,,
0,2,,0.477796,0.012073,0.510131,,2368500,,
0,1,,0.171712,0.775214,0.053075,,2151500,,
0,2,,0.467188,0.013033,0.519779,,2112300,,
0,0,,0.797555,0.12476,0.077685,,2540300,,
0,0,,0.734889,0.026873,0.238238,,2193600,,
0,2,,0.357458,0.027619,0.614924,,2278700,,
0,0,,0.59737,0.35292,0.04971,,2156500,,
0,0,,0.798075,0.13284,0.069085,,2158700,,
0,0,,0.603662,0.364828,0.03151,,2148100,,
0,2,,0.412639,0.027619,0.559743,,2136400,,
0,2,,0.403288,0.016873,0.579839,,2131300,,
0,0,,0.55501,0.40612,0.03887,,2183500,,
0,1,,0.420475,0.548015,0.03151,,2210100,,
0,2,,0.357104,0.014603,0.628293,,2124100,,
0,2,,0.382328,0.086233,0.531439,,2123800,,
0,2,,0.389902,0.012716,0.597382,,2184400,,
0,0,,0.561775,0.400826,0.037399,,2126500,,
0,0,,0.50937,0.46092,0.02971,,2102000,,
0,1,,0.439475,0.514015,0.04651,,2123200,,
0,0,,0.50876,0.43237,0.05887,,2354000,,
0,0,,0.583336,0.013033,0.403631,,2223500,,
0,2,,0.346221,0.070393,0.583386,,2104400,,
0,0,,0.557412,0.391078,0.05151,,2132000,,
0,2,,0.393224,0.012073,0.594702,,2288200,,
0,0,,0.714732,0.052441,0.232827,,2157200,,
0,0,,0.59964,0.219559,0.1808,,2118600,,
0,2,,0.463141,0.016873,0.519986,,2189000,,
0,0,,0.507188,0.013033,0.479779,,2217300,,
0,1,,0.439475,0.514015,0.04651,,2167700,,
0,0,,0.797555,0.14476,0.057685,,2112700,,
0,0,,0.782995,0.11852,0.098485,,2234500,,
0,1,,0.470162,0.498328,0.03151,,2167100,,
0,0,,0.499475,0.474015,0.02651,,2114200,,
0,0,,0.65737,0.31292,0.02971,,2096600,,
0,2,,0.257753,0.069134,0.673113,,2136400,,
0,1,,0.459475,0.514015,0.02651,,2333600,,
0,2,,0.420788,0.016873,0.562339,,2118300,,
0,0,,0.587762,0.19578,0.216458,,2123400,,
0,0,,0.592412,0.381078,0.02651,,2286800,,
0,0,,0.549359,0.016873,0.433768,,2118200,,
0,1,,0.459225,0.514265,0.02651,,2118100,,
0,0,,0.70858,0.086233,0.205187,,2172300,,
0,2,,0.114458,0.07384,0.811702,,2734800,,
0,0,,0.578064,0.251096,0.17084,,2249200,,
0,2,,0.415474,0.022073,0.562452,,2290200,,
0,0,,0.546859,0.016873,0.436268,,2390700,,
0,2,,0.464688,0.013033,0.522279,,2353100,,
0,0,,0.509902,0.012716,0.477382,,2211400,,
0,0,,0.817555,0.14476,0.037685,,2271100,,
0,2,,0.457328,0.076233,0.466439,,2646300,,
0,0,,0.782995,0.11852,0.098485,,2309700,,
0,0,,0.78932,0.169466,0.041214,,2385000,,
0,1,,0.47266,0.49931,0.02803,,2360000,,
0,0,,0.535836,0.023033,0.441131,,2204400,,
0,0,,0.772085,0.14938,0.078535,,2121600,,
0,0,,0.50237,0.42292,0.07471,,2124400,,
0,0,,0.52137,0.44892,0.02971,,2380500,,
0,0,,0.695715,0.20604,0.098245,,2159500,,
0,1,,0.170959,0.767031,0.06201,,2152200,,
0,2,,0.389828,0.096233,0.513939,,2158000,,
0,0,,0.811355,0.12996,0.058685,,2184300,,
0,0,,0.484828,0.086233,0.428939,,2237600,,
0,0,,0.714142,0.111129,0.174729,,2176400,,
0,0,,0.51737,0.43292,0.04971,,2257100,,
0,0,,0.797555,0.12476,0.077685,,2524300,,
0,2,,0.465788,0.026873,0.507339,,2157100,,
0,1,,0.42641,0.54556,0.02803,,2128500,,
0,0,,0.50954,0.46331,0.02715,,2343200,,
0,2,,0.397402,0.012716,0.589882,,2487000,,
0,1,,0.46641,0.50556,0.02803,,2219500,,
0,1,,0.439475,0.534015,0.02651,,2162900,,
0,1,,0.445725,0.527765,0.02651,,2474200,,
0,2,,0.404828,0.086233,0.508939,,2194700,,
0,1,,0.478912,0.494578,0.02651,,2369000,,
0,0,,0.578662,0.394828,0.02651,,2295900,,
0,1,,0.475475,0.478015,0.04651,,2176100,,
0,0,,0.668334,0.155026,0.17664,,2189300,,
0,1,,0.445725,0.527765,0.02651,,2160900,,
0,1,,0.45501,0.48612,0.05887,,2529900,,
0,0,,0.532188,0.023033,0.444779,,2152500,,
0,0,,0.623336,0.013033,0.363631,,2137100,,
0,1,,0.479275,0.483326,0.037399,,2151300,,
0,2,,0.451974,0.012073,0.535952,,2419600,,
0,0,,0.464828,0.086233,0.448939,,2178400,,
0,0,,0.516546,0.012073,0.471381,,2294100,,
0,1,,0.44237,0.52292,0.03471,,2189100,,
0,0,,0.52835,0.43774,0.03391,,2440900,,
0,2,,0.415633,0.075099,0.509268,,2418300,,
0,2,,0.367974,0.012073,0.619952,,2110600,,
0,2,,0.451402,0.012716,0.535882,,2137800,,
0,1,,0.155491,0.753972,0.090537,,3282700,,
0,0,,0.52137,0.44892,0.02971,,2153200,,
0,0,,0.512188,0.023033,0.464779,,2173300,,
0,2,,0.128719,0.251581,0.6197,,2340500,,
0,0,,0.603336,0.013033,0.383631,,2118400,,
0,2,,0.123047,0.08215,0.794803,,2128600,,
0,2,,0.487188,0.013033,0.499779,,2152800,,
0,0,,0.52361,0.44732,0.02907,,2144300,,
0,0,,0.481725,0.451765,0.06651,,2167200,,
0,2,,0.449541,0.013033,0.537426,,2103600,,
0,1,,0.435475,0.518015,0.04651,,2148400,,
0,2,,0.416546,0.012073,0.571381,,2127900,,
0,0,,0.63737,0.31292,0.04971,,2102800,,
0,2,,0.414604,0.014603,0.570793,,2111800,,
0,0,,0.58237,0.38292,0.03471,,2176600,,
1,1,,0.063719,0.582112,0.354169,,2164100,,
1,1,,0.421725,0.531765,0.04651,,2119600,,
1,2,,0.094257,0.208551,0.697192,,2092300,,
1,2,,0.036359,0.361061,0.60258,,2299800,,
1,2,,0.248805,0.280194,0.471001,,2123900,,
1,1,,0.16567,0.648572,0.185758,,2089800,,
1,1,,0.433077,0.538893,0.02803,,2102300,,
1,1,,0.10567,0.720572,0.173758,,2224000,,
1,1,,0.135023,0.812927,0.05205,,2165900,,
1,1,,0.38361,0.58732,0.02907,,2099800,,
1,1,,0.43501,0.52612,0.03887,,2105700,,
1,1,,0.146315,0.787988,0.065697,,2176100,,
1,1,,0.23407,0.67476,0.09117,,2173900,,
1,2,,0.265477,0.255764,0.478759,,2212300,,
1,2,,0.076497,0.441175,0.482328,,2165600,,
1,1,,0.136712,0.805214,0.058075,,2225200,,
1,1,,0.089502,0.856383,0.054115,,2141900,,
1,1,,0.093379,0.806484,0.100137,,2115900,,
1,2,,0.087759,0.396111,0.51613,,2159700,,
1,1,,0.06567,0.63341,0.30092,,2112500,,
1,1,,0.39141,0.57556,0.03303,,2100300,,
1,2,,0.055657,0.380805,0.563538,,2100000,,
1,1,,0.120023,0.822927,0.05705,,2462000,,
1,1,,0.08567,0.65341,0.26092,,2150100,,
1,1,,0.071757,0.676964,0.251278,,2107900,,
1,1,,0.070314,0.874481,0.055205,,2074100,,
1,1,,0.41266,0.55931,0.02803,,2193700,,
1,1,,0.40361,0.56732,0.02907,,2131800,,
1,1,,0.38641,0.56556,0.04803,,2084400,,
1,1,,0.029257,0.548416,0.422327,,2111400,,
1,1,,0.211712,0.735214,0.053075,,2157500,,
1,1,,0.067754,0.877496,0.05475,,2157000,,
1,2,,0.036497,0.421175,0.542328,,2098300,,
1,2,,0.030537,0.315335,0.654128,,2089000,,
1,1,,0.38585,0.56399,0.05016,,2123600,,
1,1,,0.439475,0.514015,0.04651,,2242800,,
1,1,,0.415475,0.558015,0.02651,,2257300,,
1,1,,0.175578,0.750307,0.074115,,2133300,,
1,1,,0.46862,0.49667,0.03471,,2301600,,
1,1,,0.093555,0.815908,0.090537,,2149600,,
1,2,,0.048297,0.437415,0.514288,,2110200,,
1,0,,0.552412,0.416078,0.03151,,2359100,,
1,1,,0.111152,0.834894,0.053955,,2144400,,
1,1,,0.493077,0.498893,0.00803,,2103300,,
1,1,,0.38361,0.58732,0.02907,,2131400,,
1,1,,0.37165,0.55748,0.07087,,2115200,,
1,1,,0.481957,0.490893,0.02715,,3994500,,
1,1,,0.464912,0.508578,0.02651,,3892100,,
1,1,,0.138378,0.808547,0.053075,,2643500,,
1,0,,0.48861,0.45732,0.05407,,2127000,,
1,1,,0.40585,0.56524,0.02891,,2120800,,
1,0,,0.510277,0.460653,0.02907,,2110400,,
1,1,,0.112715,0.740206,0.147078,,2225300,,
1,1,,0.461725,0.511765,0.02651,,2665400,,
1,1,,0.06971,0.765641,0.164649,,2202900,,
1,1,,0.425162,0.528328,0.04651,,2124600,,
1,1,,0.39085,0.57524,0.03391,,2440400,,
1,0,,0.499475,0.474015,0.02651,,2171400,,
1,1,,0.086794,0.832051,0.081155,,2114600,,
1,1,,0.151712,0.795214,0.053075,,2137500,,
1,1,,0.08567,0.65216,0.26217,,2173100,,
1,1,,0.049257,0.528416,0.422327,,2158000,,
1,1,,0.08599,0.782073,0.131937,,2134400,,
1,1,,0.092754,0.807496,0.09975,,2217500,,
1,2,,0.059559,0.291081,0.64936,,2195400,,
1,1,,0.46641,0.50556,0.02803,,2149000,,
1,2,,0.040657,0.255434,0.703908,,2133200,,
1,1,,0.06567,0.614424,0.319906,,2168000,,
1,1,,0.36641,0.60556,0.02803,,2237500,,
1,0,,0.516037,0.454253,0.02971,,2187700,,
1,1,,0.484912,0.488578,0.02651,,2118600,,
1,1,,0.12695,0.797913,0.075137,,2275200,,
1,1,,0.413077,0.558893,0.02803,,2203900,,
1,1,,0.06791,0.65133,0.28076,,2110400,,
1,1,,0.037319,0.558151,0.40453,,2121900,,
1,2,,0.049257,0.418094,0.532649,,2213100,,
1,1,,0.140312,0.795774,0.063915,,2162800,,
1,1,,0.408333,0.558637,0.03303,,2156100,,
1,1,,0.41001,0.55612,0.03387,,2126900,,
1,1,,0.42641,0.54556,0.02803,,2442200,,
1,1,,0.048719,0.516951,0.43433,,2579200,,
1,1,,0.079474,0.816611,0.103915,,2259300,,
1,1,,0.09419,0.805833,0.099977,,2173300,,
1,1,,0.088074,0.857811,0.054115,,2127500,,
1,2,,0.100657,0.387055,0.512288,,2231700,,
1,1,,0.421725,0.551765,0.02651,,2094700,,
1,0,,0.52329,0.42956,0.04715,,2153000,,
1,0,,0.50329,0.46956,0.02715,,2158400,,
1,1,,0.389337,0.548653,0.06201,,2136500,,
1,1,,0.132783,0.815007,0.05221,,2118700,,
1,1,,0.071497,0.491175,0.437328,,2149200,,
1,0,,0.48585,0.44399,0.07016,,2177800,,
1,1,,0.470277,0.520653,0.00907,,2101900,,
1,1,,0.478912,0.494578,0.02651,,2096300,,
1,1,,0.421677,0.539453,0.03887,,2304300,,
1,1,,0.467975,0.505515,0.02651,,2177700,,
1,1,,0.071757,0.639464,0.288778,,2086900,,
1,1,,0.097982,0.678449,0.223569,,2109100,,
1,1,,0.07707,0.730281,0.192649,,2489700,,
1,1,,0.38641,0.58556,0.02803,,2153800,,
1,1,,0.478662,0.494828,0.02651,,2084700,,
1,1,,0.40361,0.54732,0.04907,,2203800,,
1,2,,0.032497,0.375495,0.592008,,2338100,,
1,1,,0.129749,0.815701,0.05455,,2183600,,
1,1,,0.45266,0.51931,0.02803,,2099900,,
1,2,,0.060657,0.387216,0.552127,,2345700,,
1,1,,0.07195,0.648652,0.279398,,2176500,,
1,1,,0.108555,0.805908,0.085537,,2108600,,
1,0,,0.521725,0.451765,0.02651,,2104100,,
1,2,,0.254077,0.300714,0.445209,,2317500,,
1,1,,0.092595,0.800068,0.107337,,2127500,,
1,1,,0.40585,0.52524,0.06891,,2089500,,
1,1,,0.43041,0.56156,0.00803,,2110000,,
1,1,,0.06567,0.67341,0.26092,,2448600,,
1,1,,0.404475,0.524015,0.07151,,2137900,,
1,0,,0.535475,0.438015,0.02651,,2135700,,
1,0,,0.518153,0.427937,0.05391,,2128200,,
1,2,,0.033287,0.29344,0.673273,,2223900,,
1,2,,0.42117,0.114569,0.464261,,2146700,,
1,1,,0.42585,0.54524,0.02891,,2124500,,
1,1,,0.06695,0.817913,0.115137,,2145100,,
1,1,,0.108912,0.836974,0.054115,,2625400,,
1,1,,0.25407,0.69351,0.05242,,2183200,,
1,1,,0.4396,0.53149,0.02891,,2184000,,
1,1,,0.425039,0.545891,0.02907,,2315400,,
1,1,,0.46835,0.49774,0.03391,,2674500,,
1,0,,0.596814,0.247346,0.15584,,2587700,,
1,0,,0.493077,0.458893,0.04803,,2211600,,
1,2,,0.033287,0.39344,0.573273,,2923100,,
1,1,,0.111315,0.817988,0.070697,,2455600,,
1,1,,0.39501,0.56612,0.03887,,2223700,,
1,0,,0.501725,0.471765,0.02651,,2716400,,
1,1,,0.42585,0.54524,0.02891,,2223400,,
1,0,,0.518662,0.434828,0.04651,,2153200,,
1,1,,0.441725,0.491765,0.06651,,2240000,,
1,1,,0.475475,0.498015,0.02651,,2174300,,
1,1,,0.172783,0.775007,0.05221,,2137200,,
1,1,,0.10695,0.797913,0.095137,,2120900,,
1,1,,0.41486,0.55357,0.03157,,2353000,,
1,2,,0.056497,0.401175,0.542328,,3578500,,
1,1,,0.131712,0.813964,0.054325,,2121300,,
1,2,,0.04782,0.462534,0.489646,,2241800,,
1,1,,0.171152,0.774894,0.053955,,2296500,,
1,0,,0.638827,0.302769,0.058403,,2138900,,
1,1,,0.117715,0.786788,0.095497,,2150600,,
1,1,,0.07835,0.796713,0.124937,,2140100,,
1,1,,0.069257,0.528416,0.402327,,2300800,,
1,1,,0.088074,0.837811,0.074115,,2136400,,
1,1,,0.09347,0.792295,0.114235,,2139500,,
1,1,,0.43141,0.53556,0.03303,,2172500,,
1,1,,0.110314,0.835731,0.053955,,2175400,,
1,1,,0.082319,0.484151,0.43353,,2180900,,
1,2,,0.333428,0.204933,0.461639,,2138500,,
1,1,,0.40361,0.56607,0.03032,,2359300,,
1,1,,0.395475,0.538015,0.06651,,2234300,,
1,1,,0.47085,0.49524,0.03391,,2212000,,
1,1,,0.46585,0.50524,0.02891,,2128100,,
1,1,,0.130314,0.815731,0.053955,,2197600,,
1,1,,0.40585,0.54524,0.04891,,2129100,,
1,1,,0.135023,0.811677,0.0533,,2099900,,
1,1,,0.461725,0.511765,0.02651,,2120000,,
1,2,,0.074257,0.388094,0.537649,,2425700,,
1,2,,0.028297,0.426165,0.545538,,2180600,,
1,1,,0.108074,0.837811,0.054115,,2122000,,
1,1,,0.410277,0.560653,0.02907,,2525200,,
1,2,,0.032497,0.295495,0.672008,,3626000,,
1,1,,0.401725,0.571765,0.02651,,2900400,,
1,0,,0.532975,0.438015,0.02901,,2261500,,
1,1,,0.088912,0.836974,0.074115,,2280100,,
1,1,,0.068074,0.877811,0.054115,,2115100,,
1,1,,0.146315,0.787988,0.065697,,2121600,,
1,1,,0.080657,0.472055,0.447288,,2164200,,
1,1,,0.154211,0.773579,0.07221,,2163500,,
1,1,,0.41001,0.55612,0.03387,,2182700,,
1,1,,0.427975,0.545515,0.02651,,2132300,,
1,1,,0.398077,0.568893,0.03303,,3807500,,
1,0,,0.51041,0.46156,0.02803,,2402500,,
1,0,,0.494225,0.479265,0.02651,,2145900,,
1,1,,0.128912,0.796974,0.074115,,2290100,,
1,0,,0.539475,0.434015,0.02651,,2179400,,
1,1,,0.133912,0.806974,0.059115,,2533800,,
1,1,,0.07739,0.735873,0.186737,,2690100,,
1,1,,0.38361,0.58732,0.02907,,2369200,,
1,1,,0.120312,0.815774,0.063915,,2174400,,
1,1,,0.42361,0.54607,0.03032,,2126700,,
1,1,,0.037319,0.569312,0.393369,,2357000,,
1,1,,0.086474,0.834649,0.078877,,2166000,,
1,2,,0.034697,0.444965,0.520338,,2105800,,
1,1,,0.38986,0.58107,0.02907,,2144200,,
1,1,,0.09739,0.758373,0.144237,,2545100,,
1,1,,0.07835,0.836713,0.084937,,2144200,,
1,0,,0.527816,0.08034,0.391844,,2119500,,
1,1,,0.415277,0.550653,0.03407,,2137600,,
1,1,,0.126315,0.787988,0.085697,,2329200,,
1,0,,0.52585,0.44524,0.02891,,2314800,,
1,1,,0.07207,0.717372,0.210558,,2128500,,
1,0,,0.541957,0.430893,0.02715,,3305600,,
1,1,,0.40361,0.54732,0.04907,,2333300,,
1,1,,0.081409,0.796581,0.12201,,2114000,,
1,1,,0.112783,0.813757,0.07346,,2199100,,
1,2,,0.029257,0.453255,0.517488,,2159800,,
1,1,,0.45501,0.52612,0.01887,,2107000,,
1,1,,0.08567,0.59341,0.32092,,2129400,,
1,1,,0.140023,0.782927,0.07705,,2731500,,
1,1,,0.034257,0.5939,0.371843,,2792100,,
1,1,,0.06791,0.59008,0.34201,,2477600,,
1,1,,0.138378,0.808547,0.053075,,2883500,,
1,1,,0.135583,0.813247,0.05117,,2484000,,
1,0,,0.521725,0.471765,0.00651,,2435600,,
1,2,,0.083217,0.169564,0.747218,,2887600,,
1,1,,0.179559,0.768231,0.05221,,2439000,,
1,1,,0.092057,0.526656,0.381287,,2127400,,
1,1,,0.179559,0.768231,0.05221,,2108200,,
1,1,,0.08724,0.778323,0.134437,,2180200,,
1,0,,0.495475,0.478015,0.02651,,2167300,,
1,2,,0.041248,0.191063,0.76769,,2202700,,
1,1,,0.186315,0.711245,0.10244,,2142000,,
1,1,,0.08919,0.815833,0.094977,,2165200,,
1,1,,0.073044,0.820801,0.106155,,2271100,,
1,1,,0.180583,0.761997,0.05742,,2107400,,
1,1,,0.175583,0.773247,0.05117,,2112500,,
1,2,,0.071497,0.451175,0.477328,,2168200,,
1,1,,0.133327,0.812963,0.05371,,2112100,,
1,1,,0.064559,0.581232,0.354209,,2113400,,
1,0,,0.53904,0.270999,0.18996,,2191500,,
1,1,,0.112767,0.812643,0.07459,,2369200,,
1,2,,0.247138,0.316861,0.436001,,2124800,,
1,1,,0.42361,0.54732,0.02907,,2113700,,
1,1,,0.40585,0.56524,0.02891,,2160000,,
1,1,,0.039559,0.556071,0.40437,,2223200,,
1,1,,0.41266,0.55931,0.02803,,2135400,,
1,1,,0.459743,0.512227,0.02803,,2121800,,
1,1,,0.152783,0.795007,0.05221,,2455100,,
1,1,,0.106315,0.756406,0.137278,,2363500,,
1,1,,0.41266,0.55931,0.02803,,2118200,,
1,1,,0.088074,0.837811,0.074115,,2382600,,
1,0,,0.49737,0.47292,0.02971,,2662800,,
1,1,,0.140583,0.783247,0.07617,,2590000,,
1,1,,0.36641,0.60556,0.02803,,2208900,,
1,0,,0.487412,0.486078,0.02651,,2556700,,
1,2,,0.091497,0.391175,0.517328,,2155200,,
1,1,,0.472412,0.501078,0.02651,,2110700,,
1,2,,0.035537,0.445335,0.519128,,2112200,,
1,2,,0.035657,0.355644,0.608699,,2126300,,
1,1,,0.439475,0.534015,0.02651,,2177900,,
1,1,,0.461725,0.511765,0.02651,,2129900,,
1,1,,0.07111,0.60137,0.32752,,2145800,,
1,2,,0.072497,0.356161,0.571341,,2252000,,
1,2,,0.079697,0.352215,0.568088,,2125400,,
1,1,,0.08567,0.736572,0.177758,,2119600,,
1,1,,0.132767,0.812643,0.05459,,2121300,,
1,1,,0.4571,0.51399,0.02891,,2256100,,
1,1,,0.46237,0.48292,0.05471,,2141600,,
1,1,,0.111712,0.835214,0.053075,,2099400,,
1,1,,0.128912,0.816974,0.054115,,2485700,,
1,2,,0.081156,0.122775,0.796069,,3581200,,
1,1,,0.133912,0.786974,0.079115,,2091800,,
1,2,,0.059849,0.345231,0.59492,,2154100,,
1,1,,0.37141,0.59556,0.03303,,2428700,,
1,0,,0.520475,0.448015,0.03151,,2200000,,
1,1,,0.478662,0.494828,0.02651,,2100000,,
1,1,,0.29351,0.65444,0.05205,,2308600,,
1,1,,0.094502,0.806383,0.099115,,2148600,,
1,1,,0.182249,0.766581,0.05117,,2112400,,
1,1,,0.190849,0.747141,0.06201,,2164600,,
1,1,,0.088912,0.836974,0.074115,,2334400,,
1,1,,0.056359,0.502311,0.44133,,2128100,,
1,1,,0.082319,0.508151,0.40953,,2112800,,
1,1,,0.38641,0.58556,0.02803,,2106500,,
1,1,,0.054257,0.518416,0.427327,,2157600,,
1,1,,0.079474,0.836611,0.083915,,2189300,,
1,1,,0.128074,0.777811,0.094115,,2159900,,
1,1,,0.08791,0.65133,0.26076,,2112700,,
1,0,,0.492412,0.481078,0.02651,,2222600,,
1,1,,0.11034,0.815545,0.074115,,2186200,,
1,1,,0.03282,0.496123,0.471057,,2117700,,
1,2,,0.053287,0.41219,0.534523,,2107000,,
1,1,,0.39085,0.53399,0.07516,,2246800,,
1,2,,0.029257,0.443921,0.526821,,2206000,,
1,1,,0.092754,0.847496,0.05975,,2113100,,
1,2,,0.027497,0.132624,0.839878,,2329900,,
1,1,,0.439475,0.534015,0.02651,,2387900,,
1,2,,0.031497,0.469925,0.498578,,2152200,,
1,1,,0.45266,0.51931,0.02803,,2117900,,
1,1,,0.041359,0.512311,0.44633,,2321300,,
1,1,,0.164444,0.719601,0.115955,,2187700,,
1,1,,0.40641,0.56556,0.02803,,2251100,,
1,1,,0.088074,0.857811,0.054115,,2149100,,
1,0,,0.466725,0.441765,0.09151,,2267900,,
1,1,,0.06567,0.619322,0.315008,,2165300,,
1,0,,0.536162,0.437328,0.02651,,2171100,,
1,1,,0.089994,0.814166,0.09584,,2249000,,
1,1,,0.035947,0.488876,0.475177,,2463100,,
1,2,,0.039697,0.436215,0.524088,,2255700,,
1,1,,0.218378,0.708547,0.073075,,2128900,,
1,1,,0.108912,0.836974,0.054115,,2218600,,
1,1,,0.433077,0.518893,0.04803,,2402200,,
1,1,,0.33127,0.59652,0.07221,,2112800,,
1,1,,0.155023,0.792927,0.05205,,2102400,,
1,1,,0.08971,0.698133,0.212157,,2318300,,
1,2,,0.074257,0.428094,0.497649,,2287500,,
1,1,,0.037319,0.668796,0.293885,,2105800,,
1,2,,0.029257,0.287884,0.682858,,2089400,,
1,1,,0.272699,0.675091,0.05221,,2285100,,
1,1,,0.110314,0.815731,0.073955,,2111800,,
1,1,,0.114474,0.826611,0.058915,,2114700,,
1,1,,0.049257,0.475755,0.474988,,2142700,,
1,1,,0.475475,0.498015,0.02651,,2366000,,
1,1,,0.39041,0.58156,0.02803,,2274700,,
1,1,,0.168912,0.776974,0.054115,,2295600,,
1,2,,0.040657,0.352055,0.607288,,3050000,,
1,1,,0.031497,0.506336,0.462167,,2161300,,
1,1,,0.070307,0.826653,0.10304,,2122500,,
1,1,,0.11364,0.755873,0.130487,,2112800,,
1,1,,0.455475,0.498015,0.04651,,2207400,,
1,0,,0.640644,0.111878,0.247478,,2130200,,
1,1,,0.057319,0.538151,0.40453,,2107300,,
1,1,,0.088912,0.836974,0.074115,,2133300,,
1,2,,0.084009,0.387361,0.52863,,2134900,,
1,1,,0.088074,0.837811,0.074115,,2107300,,
1,1,,0.480475,0.488015,0.03151,,2107500,,
1,1,,0.128912,0.816974,0.054115,,2216500,,
1,1,,0.090009,0.857781,0.05221,,2169300,,
1,1,,0.136927,0.803523,0.05955,,2134800,,
1,1,,0.41001,0.55487,0.03512,,2099500,,
1,1,,0.198378,0.747297,0.054325,,2101500,,
1,1,,0.111152,0.834894,0.053955,,2137600,,
1,1,,0.09739,0.755873,0.146737,,2108200,,
1,1,,0.44335,0.50774,0.04891,,2125100,,
1,0,,0.559475,0.414015,0.02651,,2278600,,
1,1,,0.44641,0.52431,0.02928,,2139500,,
2,2,,0.197753,0.069134,0.733113,,2101000,,
2,2,,0.430474,0.012073,0.557452,,2228100,,
2,2,,0.039697,0.179594,0.780708,,3270000,,
2,2,,0.078047,0.07215,0.849803,,3013000,,
2,2,,0.053287,0.33344,0.613273,,2298400,,
2,2,,0.068287,0.36344,0.568273,,2455500,,
2,2,,0.034257,0.37876,0.586983,,2147000,,
2,2,,0.417104,0.014603,0.568293,,2147300,,
2,2,,0.036497,0.358675,0.604828,,2159900,,
2,2,,0.095487,0.09215,0.812363,,2376900,,
2,2,,0.352458,0.017619,0.629924,,2114100,,
2,2,,0.083943,0.076634,0.839422,,2261300,,
2,2,,0.438354,0.014603,0.547043,,2318800,,
2,2,,0.450474,0.012073,0.537452,,2220300,,
2,2,,0.393224,0.012073,0.594702,,2175400,,
2,2,,0.419604,0.014603,0.565793,,2266200,,
2,0,,0.466368,0.070393,0.463239,,2146600,,
2,2,,0.392458,0.017619,0.589924,,2149700,,
2,2,,0.339958,0.027619,0.632424,,2219900,,
2,2,,0.320707,0.022103,0.65719,,2109400,,
2,2,,0.416458,0.017619,0.565924,,2125500,,
2,2,,0.484688,0.013033,0.502279,,2157900,,
2,2,,0.474604,0.014603,0.510793,,2115300,,
2,2,,0.380118,0.067893,0.551989,,2091600,,
2,2,,0.067693,0.079134,0.853172,,2187300,,
2,2,,0.218106,0.08215,0.699744,,2143000,,
2,2,,0.059757,0.151224,0.789018,,2116900,,
2,2,,0.258106,0.08215,0.659744,,2118500,,
2,2,,0.312458,0.017619,0.669924,,2171000,,
2,2,,0.055847,0.13095,0.813203,,2122600,,
2,2,,0.077257,0.183724,0.739018,,2109800,,
2,2,,0.051787,0.442835,0.505378,,2100900,,
2,2,,0.036317,0.143698,0.819985,,2201500,,
2,2,,0.436546,0.012073,0.551381,,2275000,,
2,2,,0.063943,0.076634,0.859422,,2114100,,
2,1,,0.07361,0.641032,0.285358,,2154400,,
2,2,,0.035947,0.197094,0.766958,,2142400,,
2,2,,0.366104,0.024603,0.609293,,2132100,,
2,2,,0.094697,0.183724,0.721578,,2114400,,
2,2,,0.095537,0.345335,0.559128,,2131300,,
2,2,,0.372458,0.017619,0.609924,,2177000,,
2,2,,0.035847,0.11095,0.853203,,2136500,,
2,2,,0.058047,0.07215,0.869803,,2104500,,
2,2,,0.080657,0.320805,0.598538,,2101400,,
2,2,,0.069457,0.124924,0.805618,,2142500,,
2,2,,0.029537,0.35094,0.619523,,2112100,,
2,2,,0.449541,0.013033,0.537426,,2122200,,
2,2,,0.063217,0.184564,0.752218,,2117300,,
2,2,,0.397458,0.027619,0.574924,,2192500,,
2,2,,0.438354,0.022103,0.539543,,2129300,,
2,2,,0.028287,0.09807,0.873643,,2148400,,
2,2,,0.447974,0.012073,0.539952,,2156000,,
2,2,,0.087693,0.079134,0.833172,,2135800,,
2,2,,0.080657,0.166684,0.752658,,2128200,,
2,2,,0.033287,0.27344,0.693273,,2087300,,
2,2,,0.049537,0.12557,0.824893,,2239900,,
2,2,,0.059297,0.07965,0.861053,,2164100,,
2,2,,0.098047,0.07215,0.829803,,2098000,,
2,2,,0.382354,0.022103,0.595543,,2077000,,
2,2,,0.028287,0.36594,0.605773,,2901100,,
2,2,,0.396458,0.017619,0.585924,,2162600,,
2,2,,0.034257,0.423255,0.542488,,2128100,,
2,2,,0.035847,0.11095,0.853203,,2175500,,
2,2,,0.041359,0.341061,0.61758,,2241000,,
2,2,,0.082693,0.069134,0.848172,,2207100,,
2,2,,0.372458,0.017619,0.609924,,2104300,,
2,2,,0.361468,0.081593,0.556939,,2166900,,
2,2,,0.417458,0.027619,0.554924,,2172500,,
2,2,,0.464604,0.014603,0.520793,,2106000,,
2,2,,0.03282,0.302373,0.664807,,2176600,,
2,2,,0.352458,0.017619,0.629924,,2153200,,
2,2,,0.458354,0.022103,0.519543,,2164700,,
2,2,,0.379604,0.014603,0.605793,,2115000,,
2,2,,0.061907,0.332055,0.606038,,2117100,,
2,2,,0.069457,0.184924,0.745618,,2208900,,
2,2,,0.062759,0.3097,0.627541,,2359000,,
2,2,,0.470474,0.012073,0.517452,,2215600,,
2,2,,0.040947,0.336215,0.622838,,2283700,,
2,2,,0.337458,0.027619,0.634924,,2529800,,
2,2,,0.384828,0.086233,0.528939,,2457100,,
2,2,,0.491188,0.013033,0.495779,,2425700,,
2,2,,0.098479,0.225661,0.67586,,2591600,,
2,2,,0.477402,0.012716,0.509882,,2503200,,
2,2,,0.062693,0.069134,0.868172,,2441700,,
2,2,,0.396458,0.017619,0.585924,,2483200,,
2,2,,0.04782,0.332706,0.619474,,2473500,,
2,2,,0.044009,0.393611,0.56238,,2459800,,
2,2,,0.451974,0.012073,0.535952,,2434800,,
2,2,,0.371577,0.019573,0.60885,,3597600,,
2,2,,0.41318,0.095289,0.491531,,3072600,,
2,2,,0.357458,0.027619,0.614924,,2773900,,
2,2,,0.397402,0.012716,0.589882,,2613400,,
2,2,,0.370474,0.012073,0.617452,,3693200,,
2,2,,0.438354,0.014603,0.547043,,3884400,,
2,1,,0.095485,0.792925,0.11159,,4792800,,
2,2,,0.336957,0.014603,0.64844,,4520500,,
2,2,,0.373708,0.025119,0.601174,,2234600,,
2,2,,0.067497,0.265495,0.667008,,2508900,,
2,2,,0.102693,0.069134,0.828172,,2329700,,
2,1,,0.06791,0.72083,0.21126,,2366100,,
2,2,,0.379958,0.027619,0.592424,,2144600,,
2,2,,0.352458,0.017619,0.629924,,2192300,,
2,2,,0.102693,0.069134,0.828172,,2251500,,
2,0,,0.531188,0.013033,0.455779,,2156000,,
2,2,,0.098047,0.07215,0.829803,,2139400,,
2,2,,0.372458,0.017619,0.609924,,2363000,,
2,2,,0.446104,0.024603,0.529293,,2672500,,
2,2,,0.054257,0.237884,0.707858,,2152400,,
2,2,,0.070707,0.164924,0.764368,,2169200,,
2,2,,0.083047,0.08215,0.834803,,2278800,,
2,2,,0.033287,0.118737,0.847976,,2179600,,
2,1,,0.07236,0.541134,0.386506,,2153700,,
2,2,,0.082245,0.101198,0.816557,,2174800,,
2,2,,0.032933,0.135054,0.832012,,2312500,,
2,2,,0.040657,0.352055,0.607288,,2173100,,
2,1,,0.07067,0.68341,0.24592,,2122100,,
2,2,,0.078047,0.07215,0.849803,,2159300,,
2,1,,0.07195,0.787913,0.140137,,2277400,,
2,2,,0.036497,0.198684,0.764818,,2135900,,
2,2,,0.04782,0.372373,0.579807,,2129200,,
2,1,,0.06596,0.600982,0.333058,,3106300,,
2,2,,0.028287,0.40344,0.568273,,3255700,,
2,2,,0.312458,0.017619,0.669924,,2220400,,
2,2,,0.039057,0.296184,0.664758,,2279700,,
2,2,,0.100487,0.10215,0.797363,,3059500,,
2,2,,0.033297,0.406165,0.560538,,2509500,,
2,2,,0.030847,0.10095,0.868203,,2669500,,
2,2,,0.078047,0.07215,0.849803,,2542300,,
2,2,,0.029257,0.435755,0.534988,,2459300,,
2,2,,0.055847,0.086289,0.857864,,2494300,,
2,2,,0.357328,0.0869,0.555772,,2503300,,
2,2,,0.452438,0.013033,0.534529,,2439600,,
2,2,,0.053287,0.238279,0.708434,,2586100,,
2,2,,0.464604,0.014603,0.520793,,3684800,,
2,2,,0.048719,0.260331,0.69095,,2279800,,
2,2,,0.049537,0.33344,0.617023,,2156700,,
2,2,,0.123047,0.08215,0.794803,,2422500,,
2,2,,0.359604,0.014603,0.625793,,2137100,,
2,2,,0.039697,0.371215,0.589088,,2118400,,
2,2,,0.053287,0.25344,0.693273,,3270300,,
2,2,,0.039697,0.356215,0.604088,,3681600,,
2,2,,0.377458,0.027619,0.594924,,2293100,,
2,2,,0.451668,0.032173,0.516159,,2166800,,
2,2,,0.034697,0.259594,0.705708,,2211600,,
2,0,,0.517009,0.013033,0.469958,,2127000,,
2,2,,0.031497,0.369925,0.598578,,2166600,,
2,2,,0.353708,0.025119,0.621174,,2169900,,
2,2,,0.053287,0.198279,0.748434,,2172100,,
2,2,,0.333708,0.025119,0.641174,,2114300,,
2,2,,0.410327,0.012073,0.5776,,2096000,,
2,2,,0.082693,0.069134,0.848172,,3424900,,
2,2,,0.029537,0.35094,0.619523,,3146100,,
2,2,,0.048555,0.083698,0.867747,,2907900,,
2,1,,0.119124,0.792199,0.088677,,2180800,,
2,2,,0.053287,0.10807,0.838643,,2112500,,
2,2,,0.103047,0.08215,0.814803,,2137800,,
2,2,,0.080193,0.069134,0.850672,,2458800,,
2,2,,0.098479,0.205661,0.69586,,2165600,,
2,2,,0.063047,0.10215,0.834803,,2113700,,
2,2,,0.414327,0.012073,0.5736,,2097800,,
2,1,,0.09323,0.707493,0.199277,,2559800,,
2,2,,0.398354,0.014603,0.587043,,2392800,,
2,2,,0.082693,0.069134,0.848172,,2104900,,
2,2,,0.047096,0.128141,0.824763,,2334600,,
2,2,,0.442104,0.024603,0.533293,,2389000,,
2,2,,0.048287,0.11807,0.833643,,2299400,,
2,2,,0.357458,0.027619,0.614924,,2356600,,
2,2,,0.412639,0.027619,0.559743,,2149400,,
2,2,,0.048394,0.072775,0.878831,,2380300,,
2,2,,0.083217,0.169564,0.747218,,2231100,,
2,2,,0.350474,0.012073,0.637452,,2267800,,
2,2,,0.053287,0.254774,0.691939,,2579600,,
2,0,,0.503919,0.014603,0.481478,,2489200,,
2,2,,0.048217,0.179564,0.772218,,2202800,,
2,2,,0.082693,0.087884,0.829422,,2231200,,
2,2,,0.204251,0.027619,0.76813,,2186600,,
2,2,,0.406104,0.024603,0.569293,,2160500,,
2,2,,0.469902,0.012716,0.517382,,2185700,,
2,2,,0.193106,0.07215,0.734744,,2423900,,
2,2,,0.118047,0.07215,0.809803,,2238000,,
2,1,,0.07111,0.573634,0.355256,,2132100,,
2,1,,0.07111,0.55512,0.37377,,2135400,,
2,1,,0.07611,0.63137,0.29252,,2256300,,
2,2,,0.443868,0.070393,0.485739,,2136300,,
2,2,,0.062693,0.069134,0.868172,,2122200,,
2,2,,0.055686,0.075366,0.868948,,2103100,,
2,2,,0.067693,0.079134,0.853172,,2383400,,
2,2,,0.375327,0.022073,0.6026,,2189800,,
2,2,,0.038507,0.151224,0.810268,,2124400,,
2,2,,0.331668,0.029673,0.638659,,2119500,,
2,2,,0.332458,0.017619,0.649924,,2142700,,
2,2,,0.029257,0.473255,0.497488,,2165000,,
2,2,,0.391974,0.012073,0.595952,,2126000,,
2,2,,0.060657,0.450805,0.488538,,2211700,,
2,2,,0.027497,0.412995,0.559508,,2289800,,
2,2,,0.054257,0.280384,0.665358,,2123000,,
2,2,,0.070417,0.140764,0.788818,,2124600,,
2,2,,0.039697,0.416215,0.544088,,2247600,,
2,2,,0.359604,0.014603,0.625793,,2134600,,
2,2,,0.033287,0.27344,0.693273,,2112700,,
2,2,,0.401104,0.014603,0.584293,,2138400,,
2,2,,0.055847,0.104354,0.839799,,2558600,,
2,2,,0.068394,0.072775,0.858831,,3074100,,
2,2,,0.031787,0.302835,0.665378,,2987500,,
2,2,,0.392458,0.017619,0.589924,,3202300,,
2,2,,0.035657,0.214184,0.750158,,2145600,,
2,2,,0.076737,0.11965,0.803613,,2103900,,
2,2,,0.193106,0.07215,0.734744,,2361400,,
2,2,,0.040657,0.312055,0.647288,,2194200,,
2,2,,0.060657,0.166684,0.772658,,2129000,,
2,2,,0.084397,0.142424,0.773178,,2115600,,
2,2,,0.381458,0.027619,0.590924,,2252500,,
2,2,,0.489359,0.016873,0.493768,,2171600,,
2,2,,0.065288,0.126473,0.80824,,2115200,,
2,2,,0.253106,0.07215,0.674744,,2107400,,
2,2,,0.035847,0.11095,0.853203,,2191100,,
2,2,,0.029537,0.14845,0.822013,,2142500,,
2,2,,0.072097,0.10845,0.819453,,2111900,,
2,2,,0.033287,0.16807,0.798643,,2113600,,
2,2,,0.072497,0.170791,0.756712,,2181600,,
2,2,,0.029537,0.37094,0.599523,,2134700,,
2,2,,0.062693,0.069134,0.868172,,2109000,,
2,1,,0.07707,0.738122,0.184808,,2224600,,
2,2,,0.440118,0.067893,0.491989,,2200300,,
2,2,,0.474688,0.013033,0.512279,,2120000,,
2,2,,0.063217,0.189564,0.747218,,2108800,,
2,2,,0.404604,0.024603,0.570793,,2178400,,
2,2,,0.032097,0.12845,0.839453,,2174500,,
2,2,,0.055847,0.11095,0.833203,,2150200,,
2,2,,0.459474,0.012073,0.528452,,2133800,,
2,2,,0.422104,0.024603,0.553293,,2542800,,
2,2,,0.103047,0.08215,0.814803,,4484900,,
2,2,,0.381104,0.014603,0.604293,,3511100,,
2,2,,0.352458,0.017619,0.629924,,2177600,,
2,2,,0.049537,0.10557,0.844893,,2200900,,
2,2,,0.043217,0.144904,0.811879,,2194600,,
2,2,,0.431724,0.019573,0.548702,,2691500,,
2,2,,0.047497,0.372995,0.579508,,2535900,,
2,2,,0.439902,0.012716,0.547382,,2506000,,
2,2,,0.035947,0.293715,0.670338,,2477000,,
2,1,,0.039697,0.511376,0.448927,,2981900,,
2,0,,0.493108,0.049673,0.457219,,3099900,,
2,2,,0.07963,0.345059,0.575311,,3098400,,
2,2,,0.44443,0.085289,0.470281,,3088800,,
2,2,,0.032497,0.411906,0.555597,,2983800,,
2,2,,0.351974,0.012073,0.635952,,3037300,,
2,2,,0.035947,0.207094,0.756958,,2959900,,
2,2,,0.393224,0.019573,0.587202,,2432200,,
2,1,,0.06567,0.729322,0.205008,,2592600,,
2,2,,0.473224,0.019573,0.507202,,2487200,,
2,2,,0.107759,0.369861,0.52238,,2453900,,
2,1,,0.08599,0.770823,0.143187,,2490900,,
2,2,,0.140417,0.130764,0.728818,,2487700,,
2,2,,0.029537,0.10557,0.864893,,2114500,,
2,2,,0.043217,0.169564,0.787218,,2115800,,
2,1,,0.11835,0.735463,0.146187,,2243400,,
2,2,,0.034257,0.368094,0.597649,,2164300,,
2,2,,0.456546,0.012073,0.531381,,2120300,,
2,2,,0.343868,0.070393,0.585739,,2133300,,
2,2,,0.075686,0.075366,0.848948,,2293200,,
2,2,,0.438899,0.012073,0.549028,,2151800,,
2,2,,0.234356,0.07965,0.685994,,2112700,,
2,2,,0.035947,0.150844,0.813208,,2148000,,
2,2,,0.031497,0.401841,0.566661,,2387300,,
2,2,,0.034697,0.346215,0.619088,,2212000,,
2,2,,0.028287,0.11807,0.853643,,2112300,,
2,0,,0.822995,0.11852,0.058485,,2403900,,
2,2,,0.070847,0.076289,0.852864,,2310600,,
2,2,,0.357458,0.027619,0.614924,,2321400,,
2,2,,0.028287,0.32344,0.648273,,2105700,,
2,2,,0.080193,0.069134,0.850672,,2280700,,
2,2,,0.417458,0.027619,0.554924,,2183800,,
2,2,,0.402402,0.022716,0.574882,,2139800,,
