synthetic-control,CWE,test,1,NANOSECONDS,PREDICTIONS, Generated by ClassifierExperiments.java on 2022-05-16 22:41:13.    SYSTEMPROPERTIES:{user.name:matth,os.arch:amd64,os.name:Windows 10},ENDSYSTEMPROPERTIES
No parameter info
0.38333333333333336,151650400,155691900,-1,0,6,,-1,-1
0,2,,0.12275,0.13725,0.354333,0.066667,0.232333,0.086667,,1386400,,
0,2,,0.126417,0.133583,0.414333,0.046667,0.252333,0.026667,,1462200,,
0,2,,0.148917,0.131083,0.374333,0.046667,0.252333,0.046667,,1234400,,
0,2,,0.12525,0.13475,0.381,0.08,0.219,0.06,,1222700,,
0,2,,0.116417,0.143583,0.394333,0.066667,0.232333,0.046667,,1225300,,
0,2,,0.13025,0.12975,0.361,0.08,0.199,0.1,,1290700,,
0,2,,0.148917,0.131083,0.374333,0.046667,0.232333,0.066667,,1216000,,
0,2,,0.154583,0.125417,0.361,0.08,0.199,0.08,,1464200,,
0,2,,0.13475,0.12525,0.367667,0.053333,0.245667,0.073333,,1390900,,
0,2,,0.127417,0.152583,0.407667,0.033333,0.245667,0.033333,,1392500,,
0,2,,0.140083,0.119917,0.374333,0.066667,0.252333,0.046667,,1402000,,
0,2,,0.15275,0.12725,0.367667,0.073333,0.205667,0.073333,,1373300,,
0,2,,0.115083,0.144917,0.387667,0.073333,0.225667,0.053333,,1368400,,
0,2,,0.13475,0.16525,0.367667,0.053333,0.225667,0.053333,,1566400,,
0,2,,0.135583,0.144417,0.401,0.04,0.239,0.04,,1376400,,
0,2,,0.132917,0.127083,0.367667,0.073333,0.225667,0.073333,,1375600,,
0,2,,0.130417,0.149583,0.347667,0.073333,0.225667,0.073333,,1372200,,
0,2,,0.15875,0.12125,0.381,0.04,0.259,0.04,,1369500,,
0,2,,0.139083,0.120917,0.401,0.06,0.239,0.04,,1468800,,
0,2,,0.138917,0.121083,0.401,0.06,0.239,0.04,,1368800,,
1,2,,0.161917,0.171417,0.263,0.093333,0.217,0.093333,,1422500,,
1,4,,0.114417,0.145583,0.278333,0.066667,0.348333,0.046667,,1373100,,
1,4,,0.13275,0.180583,0.255667,0.06,0.311,0.06,,1369100,,
1,2,,0.10425,0.21575,0.265,0.08,0.255,0.08,,1447400,,
1,2,,0.141583,0.185083,0.285,0.06,0.268333,0.06,,1387400,,
1,2,,0.10725,0.21275,0.327667,0.073333,0.205667,0.073333,,1382500,,
1,2,,0.111417,0.188583,0.361,0.06,0.219,0.06,,1401500,,
1,4,,0.117083,0.142917,0.291667,0.053333,0.361667,0.033333,,1371900,,
1,2,,0.14275,0.170583,0.269,0.093333,0.231,0.093333,,1369600,,
1,4,,0.11025,0.18275,0.219,0.094333,0.314333,0.079333,,1385200,,
1,4,,0.143083,0.11725,0.239333,0.105333,0.274,0.121,,1214600,,
1,4,,0.14475,0.168583,0.195667,0.1,0.291,0.1,,1267900,,
1,4,,0.102917,0.190083,0.192333,0.121,0.287667,0.106,,1230400,,
1,2,,0.184917,0.175417,0.238667,0.128,0.140667,0.132333,,1234100,,
1,2,,0.188583,0.17175,0.225333,0.141333,0.127333,0.145667,,1230300,,
1,2,,0.180917,0.145417,0.271333,0.128,0.142,0.132333,,1376700,,
1,4,,0.107083,0.172917,0.231667,0.093333,0.321667,0.073333,,1217500,,
1,2,,0.111417,0.188583,0.313667,0.06,0.266333,0.06,,1219100,,
1,2,,0.119417,0.140583,0.354333,0.106667,0.192333,0.086667,,1244700,,
1,2,,0.18975,0.14325,0.254667,0.121333,0.165333,0.125667,,1224600,,
2,2,,0.127083,0.132917,0.461,0,0.279,0,,1214000,,
2,2,,0.127083,0.132917,0.461,0,0.279,0,,1221100,,
2,2,,0.127083,0.132917,0.461,0,0.279,0,,1414600,,
2,2,,0.127083,0.132917,0.461,0,0.279,0,,1241400,,
2,2,,0.127083,0.132917,0.461,0,0.279,0,,1245600,,
2,2,,0.127083,0.132917,0.461,0,0.279,0,,1233100,,
2,2,,0.127083,0.132917,0.461,0,0.279,0,,1233400,,
2,2,,0.127083,0.132917,0.441,0,0.299,0,,1233800,,
2,2,,0.127083,0.132917,0.461,0,0.279,0,,1422500,,
2,2,,0.127083,0.132917,0.461,0,0.279,0,,1238700,,
2,2,,0.127083,0.132917,0.461,0,0.279,0,,1263300,,
2,2,,0.127083,0.132917,0.461,0,0.279,0,,1223000,,
2,2,,0.127083,0.132917,0.461,0,0.279,0,,1243800,,
2,2,,0.127083,0.132917,0.461,0,0.279,0,,1213900,,
2,2,,0.127083,0.132917,0.461,0,0.279,0,,1302200,,
2,2,,0.127083,0.132917,0.461,0,0.279,0,,1218000,,
2,2,,0.127083,0.132917,0.461,0,0.279,0,,1249800,,
2,2,,0.127083,0.132917,0.461,0,0.279,0,,1232100,,
2,2,,0.127083,0.132917,0.461,0,0.279,0,,1217700,,
2,2,,0.127083,0.132917,0.461,0,0.279,0,,1202900,,
3,5,,0.130917,0.131083,0.106667,0.299667,0.026667,0.305,,1291000,,
3,5,,0.132917,0.129083,0,0.366333,0,0.371667,,1284300,,
3,3,,0.150917,0.136417,0.097333,0.280333,0.095333,0.239667,,1239100,,
3,3,,0.158583,0.13475,0.213667,0.22,0.093,0.18,,1219100,,
3,5,,0.132917,0.12775,0,0.364333,0,0.375,,1226800,,
3,3,,0.12025,0.141417,0.085667,0.261,0.141,0.250667,,1210100,,
3,3,,0.152917,0.16775,0,0.384333,0,0.295,,1312700,,
3,3,,0.123917,0.14975,0.107667,0.268333,0.092333,0.258,,1257400,,
3,3,,0.152917,0.169083,0,0.346333,0.04,0.291667,,1223800,,
3,3,,0.130917,0.14975,0.086667,0.353,0.006667,0.273,,1234000,,
3,3,,0.132917,0.14775,0.02,0.384333,0.02,0.295,,1223800,,
3,3,,0.159417,0.13525,0.137333,0.291,0.035333,0.241667,,1223100,,
3,3,,0.119917,0.155083,0.161,0.254333,0.065667,0.244,,1239800,,
3,3,,0.152917,0.12775,0,0.384333,0.04,0.295,,1532000,,
3,3,,0.162417,0.123917,0.204667,0.234667,0.075333,0.199,,1433000,,
3,3,,0.152917,0.12775,0.02,0.384333,0.04,0.275,,1262700,,
3,3,,0.132917,0.20775,0,0.344333,0,0.315,,1259500,,
3,3,,0.123083,0.167917,0.181,0.252333,0.065667,0.21,,1268700,,
3,3,,0.149417,0.13725,0.178333,0.226667,0.121667,0.186667,,1237600,,
3,5,,0.13625,0.167417,0.187667,0.214333,0.072333,0.222,,1345500,,
4,2,,0.127083,0.132917,0.461,0,0.279,0,,1748000,,
4,2,,0.127083,0.132917,0.461,0,0.279,0,,1289700,,
4,2,,0.127083,0.132917,0.441,0,0.299,0,,1267400,,
4,2,,0.127083,0.132917,0.461,0,0.279,0,,1249300,,
4,2,,0.127083,0.132917,0.421,0,0.319,0,,1234900,,
4,2,,0.127083,0.132917,0.421,0,0.319,0,,1239200,,
4,2,,0.127083,0.132917,0.441,0,0.299,0,,1304300,,
4,2,,0.127083,0.132917,0.441,0,0.299,0,,1317200,,
4,2,,0.127083,0.132917,0.441,0,0.299,0,,1254800,,
4,2,,0.127083,0.132917,0.441,0,0.299,0,,1235600,,
4,2,,0.127083,0.132917,0.441,0,0.299,0,,1266000,,
4,2,,0.127083,0.132917,0.441,0,0.299,0,,1241900,,
4,2,,0.127083,0.132917,0.441,0,0.299,0,,1226700,,
4,2,,0.127083,0.132917,0.413667,0,0.326333,0,,1314800,,
4,2,,0.127083,0.132917,0.421,0,0.319,0,,1267000,,
4,2,,0.127083,0.132917,0.461,0,0.279,0,,1236300,,
4,2,,0.127083,0.132917,0.441,0,0.299,0,,1238800,,
4,2,,0.127083,0.132917,0.461,0,0.279,0,,1232900,,
4,2,,0.127083,0.132917,0.421,0,0.319,0,,1321200,,
4,2,,0.127083,0.132917,0.441,0,0.299,0,,1254400,,
5,5,,0.141417,0.15325,0.113333,0.262333,0.013333,0.316333,,1337200,,
5,2,,0.133917,0.139417,0.257,0.173333,0.123,0.173333,,1280100,,
5,3,,0.136083,0.205917,0.053333,0.313,0.013333,0.278333,,1279700,,
5,5,,0.141583,0.13875,0.135333,0.245333,0.038,0.301,,1251500,,
5,3,,0.14925,0.15275,0.093333,0.313,0.013333,0.278333,,1277100,,
5,5,,0.139083,0.141583,0.116667,0.284333,0.023333,0.295,,1252900,,
5,2,,0.13625,0.137083,0.250333,0.2,0.116333,0.16,,1246700,,
5,5,,0.13425,0.12775,0.086667,0.319667,0.006667,0.325,,1401000,,
5,5,,0.132917,0.129083,0.133333,0.273,0.013333,0.318333,,1269900,,
5,5,,0.132917,0.14775,0.04,0.319667,0,0.359667,,1250400,,
5,5,,0.168417,0.14625,0.106667,0.269,0.026667,0.283,,1433700,,
5,3,,0.136417,0.176917,0.126667,0.286333,0.026667,0.247,,1249000,,
5,3,,0.15475,0.185917,0.026667,0.313,0.006667,0.313,,1236900,,
5,2,,0.12575,0.15425,0.221,0.2,0.099,0.2,,1218800,,
5,3,,0.143417,0.13725,0.15,0.271,0.036667,0.261667,,1481100,,
5,5,,0.12925,0.16375,0.172333,0.241,0.047667,0.246,,1269100,,
5,5,,0.152917,0.169083,0.04,0.306333,0,0.331667,,1228200,,
5,3,,0.152583,0.205417,0.053333,0.311,0.013333,0.264333,,1229500,,
5,5,,0.15775,0.128583,0.198,0.221333,0.068667,0.225667,,1244600,,
5,2,,0.131583,0.161417,0.212333,0.201,0.087667,0.206,,1228400,,