synthetic-control,CWE,test,0,NANOSECONDS,PREDICTIONS, Generated by ClassifierExperiments.java on 2022-05-16 22:38:12.    SYSTEMPROPERTIES:{user.name:matth,os.arch:amd64,os.name:Windows 10},ENDSYSTEMPROPERTIES
No parameter info
0.375,183303200,152514500,-1,0,6,,-1,-1
0,2,,0.130167,0.117333,0.433167,0.073333,0.172667,0.073333,,1484900,,
0,2,,0.128833,0.098667,0.519833,0.006667,0.239333,0.006667,,1232700,,
0,2,,0.121833,0.105667,0.479833,0.026667,0.239333,0.026667,,1230600,,
0,2,,0.127833,0.099667,0.5265,0,0.246,0,,1239400,,
0,2,,0.118833,0.108667,0.4865,0.04,0.206,0.04,,1278400,,
0,2,,0.121333,0.106167,0.4665,0.04,0.226,0.04,,1219900,,
0,2,,0.112,0.1155,0.439833,0.066667,0.199333,0.066667,,1300000,,
0,2,,0.126333,0.101167,0.519833,0.006667,0.239333,0.006667,,1221900,,
0,2,,0.127833,0.099667,0.5265,0,0.246,0,,1236500,,
0,2,,0.126333,0.111167,0.489833,0.006667,0.259333,0.006667,,1221200,,
0,2,,0.118833,0.108667,0.4865,0.04,0.206,0.04,,1227800,,
0,2,,0.127833,0.099667,0.5065,0,0.266,0,,1298600,,
0,2,,0.122833,0.104667,0.5065,0.02,0.226,0.02,,1221500,,
0,2,,0.117833,0.129667,0.4665,0.04,0.206,0.04,,1226700,,
0,2,,0.126333,0.101167,0.519833,0.006667,0.239333,0.006667,,1225100,,
0,2,,0.112167,0.115333,0.459833,0.066667,0.179333,0.066667,,1218900,,
0,2,,0.121833,0.105667,0.499833,0.026667,0.219333,0.026667,,1281900,,
0,2,,0.118833,0.108667,0.4465,0.04,0.246,0.04,,1296700,,
0,2,,0.126333,0.101167,0.519833,0.006667,0.239333,0.006667,,1225600,,
0,2,,0.121167,0.106333,0.479833,0.026667,0.239333,0.026667,,1233100,,
1,2,,0.121833,0.115667,0.489833,0.026667,0.219333,0.026667,,1226600,,
1,2,,0.135833,0.153,0.4065,0.053333,0.198,0.053333,,1231800,,
1,2,,0.110333,0.182333,0.329667,0.134333,0.104,0.139333,,1297400,,
1,4,,0.115,0.226167,0.212833,0.074333,0.292667,0.079,,1218300,,
1,4,,0.1295,0.111,0.294167,0.073333,0.318667,0.073333,,1227000,,
1,2,,0.108,0.140167,0.2785,0.1,0.273333,0.1,,1233000,,
1,2,,0.108,0.173167,0.344167,0.107667,0.154667,0.112333,,1219300,,
1,4,,0.103667,0.1775,0.1795,0.127667,0.259333,0.152333,,1276700,,
1,2,,0.108,0.183167,0.334167,0.107667,0.154667,0.112333,,1226200,,
1,2,,0.0975,0.193833,0.284333,0.154333,0.110667,0.159333,,1259100,,
1,2,,0.118333,0.174167,0.320833,0.133333,0.14,0.113333,,1463800,,
1,2,,0.136833,0.136333,0.4075,0.053333,0.212667,0.053333,,1389300,,
1,4,,0.111333,0.156833,0.245167,0.073333,0.34,0.073333,,1484500,,
1,2,,0.131833,0.096333,0.4365,0.026667,0.282,0.026667,,1383000,,
1,2,,0.109167,0.139,0.4165,0.086667,0.162,0.086667,,1391800,,
1,2,,0.112833,0.167,0.3555,0.12,0.144667,0.1,,1390600,,
1,2,,0.113333,0.134833,0.329833,0.093333,0.255333,0.073333,,1518700,,
1,2,,0.100333,0.167167,0.3365,0.14,0.136,0.12,,1266700,,
1,2,,0.121167,0.117,0.4665,0.026667,0.242,0.026667,,1237400,,
1,2,,0.1345,0.153667,0.3965,0.046667,0.222,0.046667,,1273300,,
2,2,,0.127833,0.099667,0.5265,0,0.246,0,,1229500,,
2,2,,0.127833,0.099667,0.5265,0,0.246,0,,1257000,,
2,2,,0.127833,0.099667,0.5265,0,0.246,0,,1304100,,
2,2,,0.127833,0.099667,0.5265,0,0.246,0,,1226800,,
2,2,,0.127833,0.099667,0.5265,0,0.246,0,,1236300,,
2,2,,0.127833,0.099667,0.5265,0,0.246,0,,1229200,,
2,2,,0.127833,0.099667,0.5265,0,0.246,0,,1215900,,
2,2,,0.127833,0.099667,0.5265,0,0.246,0,,1295000,,
2,2,,0.127833,0.099667,0.5265,0,0.246,0,,1224400,,
2,2,,0.127833,0.099667,0.5265,0,0.246,0,,1226900,,
2,2,,0.127833,0.099667,0.5265,0,0.246,0,,1232100,,
2,2,,0.127833,0.099667,0.5265,0,0.246,0,,1237700,,
2,2,,0.127833,0.099667,0.5265,0,0.246,0,,1273900,,
2,2,,0.127833,0.099667,0.5265,0,0.246,0,,1233800,,
2,2,,0.127833,0.099667,0.5265,0,0.246,0,,1219400,,
2,2,,0.127833,0.099667,0.5265,0,0.246,0,,1266600,,
2,2,,0.127833,0.099667,0.5265,0,0.246,0,,1220800,,
2,2,,0.127833,0.099667,0.5265,0,0.246,0,,1282300,,
2,2,,0.127833,0.099667,0.5265,0,0.246,0,,1215400,,
2,2,,0.127833,0.099667,0.5265,0,0.246,0,,1217600,,
3,3,,0.184167,0.158167,0.001333,0.371333,0.023333,0.261667,,1233100,,
3,3,,0.121667,0.199667,0.087667,0.275667,0.077333,0.238,,1272000,,
3,3,,0.098833,0.1495,0,0.414,0,0.337667,,1230300,,
3,3,,0.155167,0.131167,0.101333,0.291333,0.059333,0.261667,,1317000,,
3,3,,0.130333,0.155333,0.030667,0.344667,0.044,0.295,,1234800,,
3,3,,0.111667,0.186333,0.087667,0.285667,0.088,0.240667,,1261400,,
3,5,,0.138833,0.1495,0.06,0.294667,0,0.357,,1229000,,
3,3,,0.105667,0.134333,0.193,0.272333,0.047333,0.247333,,1228000,,
3,3,,0.098833,0.1295,0,0.454,0,0.317667,,1337000,,
3,3,,0.098833,0.130833,0,0.447333,0,0.323,,1246300,,
3,3,,0.1535,0.150833,0.022667,0.331333,0.02,0.321667,,1225700,,
3,2,,0.12,0.1275,0.293167,0.193333,0.112667,0.153333,,1235600,,
3,2,,0.1035,0.124,0.2665,0.24,0.046,0.22,,1220000,,
3,3,,0.1095,0.163833,0.206333,0.254333,0.026667,0.239333,,1292300,,
3,3,,0.106667,0.153333,0.136333,0.279,0.070667,0.254,,1223700,,
3,3,,0.1435,0.2535,0.024,0.331333,0.006,0.241667,,1251600,,
3,5,,0.136667,0.136333,0.228,0.182,0.085333,0.231667,,1229400,,
3,3,,0.1215,0.2015,0,0.371333,0,0.305667,,1269000,,
3,2,,0.125333,0.121667,0.235333,0.231333,0.064667,0.221667,,1290900,,
3,2,,0.107667,0.132833,0.300833,0.214333,0.085333,0.159,,1227100,,
4,2,,0.127833,0.099667,0.5065,0,0.266,0,,1219000,,
4,2,,0.127833,0.099667,0.5265,0,0.246,0,,1220200,,
4,2,,0.127833,0.099667,0.5265,0,0.246,0,,1217300,,
4,2,,0.127833,0.099667,0.5265,0,0.246,0,,1362000,,
4,2,,0.127833,0.099667,0.5265,0,0.246,0,,1237200,,
4,2,,0.127833,0.099667,0.5065,0,0.266,0,,1219800,,
4,2,,0.127833,0.099667,0.5265,0,0.246,0,,1222400,,
4,2,,0.127833,0.099667,0.5265,0,0.246,0,,1236900,,
4,2,,0.127833,0.099667,0.5265,0,0.246,0,,1235300,,
4,2,,0.127833,0.099667,0.5265,0,0.246,0,,1281100,,
4,2,,0.127833,0.109667,0.5165,0,0.246,0,,1254100,,
4,2,,0.127833,0.099667,0.5065,0,0.266,0,,1235000,,
4,2,,0.127833,0.099667,0.5065,0,0.266,0,,1218900,,
4,2,,0.127833,0.099667,0.5265,0,0.246,0,,1240400,,
4,2,,0.127833,0.099667,0.4865,0,0.286,0,,1292000,,
4,2,,0.127833,0.099667,0.5065,0,0.266,0,,1231300,,
4,2,,0.127833,0.099667,0.5065,0,0.266,0,,1222900,,
4,2,,0.127833,0.099667,0.5065,0,0.266,0,,1223900,,
4,2,,0.127833,0.109667,0.5165,0,0.246,0,,1211800,,
4,2,,0.127833,0.099667,0.5265,0,0.246,0,,1409600,,
5,5,,0.118833,0.168167,0.121333,0.271333,0.018667,0.301667,,1387100,,
5,5,,0.111667,0.128333,0.196333,0.239,0.050667,0.274,,1413400,,
5,2,,0.11,0.1305,0.300833,0.194333,0.085333,0.179,,1409100,,
5,2,,0.116,0.1445,0.320833,0.134333,0.105333,0.179,,1381600,,
5,3,,0.1025,0.1575,0.221,0.254333,0.025333,0.239333,,1433000,,
5,5,,0.117833,0.194667,0.1155,0.234667,0.045333,0.292,,1390400,,
5,3,,0.138833,0.140667,0.209833,0.225667,0.084,0.201,,1399500,,
5,2,,0.127667,0.1255,0.274167,0.186667,0.119333,0.166667,,1378800,,
5,5,,0.116833,0.155833,0.216333,0.227667,0.030667,0.252667,,1419500,,
5,5,,0.135,0.181833,0.1425,0.219,0.027333,0.294333,,1219300,,
5,5,,0.098833,0.128167,0.175333,0.251333,0.024667,0.321667,,1242000,,
5,5,,0.1215,0.200167,0,0.294667,0,0.383667,,1228000,,
5,2,,0.1185,0.1545,0.315333,0.148667,0.104667,0.158333,,1224200,,
5,5,,0.098833,0.148167,0.08,0.272667,0,0.400333,,1244700,,
5,2,,0.1135,0.126,0.283167,0.212333,0.077333,0.187667,,1301300,,
5,5,,0.114,0.171667,0.122,0.264667,0.052667,0.275,,1228600,,
5,2,,0.114667,0.125833,0.3475,0.147667,0.152,0.112333,,1247100,,
5,5,,0.098333,0.148667,0.066667,0.288667,0.006667,0.391,,1229600,,
5,5,,0.106833,0.133667,0.2275,0.227667,0.032,0.272333,,1238600,,
5,2,,0.133333,0.114833,0.303167,0.16,0.128667,0.16,,1272800,,