waveform-noise,CWE,test,2,NANOSECONDS,PREDICTIONS, Generated by ClassifierExperiments.java on 2022-05-16 22:44:25.    SYSTEMPROPERTIES:{user.name:matth,os.arch:amd64,os.name:Windows 10},ENDSYSTEMPROPERTIES
No parameter info
0.7472527472527473,1475917300,1536179100,-1,70429480,3,,-1,-1
0,1,,0.468221,0.490938,0.040841,,1723200,,
0,1,,0.455764,0.505946,0.03829,,1457900,,
0,1,,0.367742,0.561004,0.071255,,1439000,,
0,1,,0.424426,0.479302,0.096271,,1460400,,
0,0,,0.567583,0.118523,0.313894,,1451500,,
0,0,,0.427942,0.270568,0.301491,,1509300,,
0,0,,0.378537,0.294761,0.326703,,1539900,,
0,1,,0.379876,0.574401,0.045723,,1459400,,
0,0,,0.495384,0.481043,0.023573,,1460700,,
0,2,,0.450291,0.05319,0.496519,,1443200,,
0,1,,0.276124,0.381655,0.342221,,1529800,,
0,2,,0.401069,0.023364,0.575567,,1430700,,
0,0,,0.424456,0.40547,0.170074,,1448000,,
0,2,,0.458156,0.059514,0.48233,,1462300,,
0,1,,0.450244,0.526857,0.022899,,1459400,,
0,2,,0.297835,0.109639,0.592526,,1435400,,
0,0,,0.49719,0.147432,0.355378,,1626700,,
0,0,,0.548653,0.144501,0.306846,,1447700,,
0,1,,0.427876,0.538973,0.033151,,1442200,,
0,2,,0.405584,0.036112,0.558304,,1451900,,
0,1,,0.451173,0.480645,0.068181,,1454400,,
0,0,,0.49546,0.449364,0.055177,,1538100,,
0,0,,0.494751,0.41803,0.087219,,1423800,,
0,0,,0.458394,0.374515,0.167091,,1438200,,
0,2,,0.453359,0.02094,0.525701,,1425500,,
0,0,,0.63089,0.260242,0.108867,,1430300,,
0,0,,0.514583,0.232681,0.252737,,1638700,,
0,0,,0.653211,0.159776,0.187012,,1498100,,
0,2,,0.367643,0.040867,0.59149,,1430800,,
0,2,,0.42181,0.039972,0.538219,,1474400,,
0,2,,0.410339,0.027531,0.56213,,1426000,,
0,0,,0.477333,0.476464,0.046204,,1500900,,
0,1,,0.432429,0.467757,0.099815,,1419300,,
0,0,,0.614499,0.27995,0.105551,,1462100,,
0,1,,0.380588,0.478189,0.141223,,1434700,,
0,0,,0.67446,0.160363,0.165177,,1439300,,
0,1,,0.398825,0.534988,0.066187,,2433700,,
0,2,,0.427288,0.024231,0.548481,,2916600,,
0,2,,0.421722,0.039835,0.538444,,1469800,,
0,0,,0.669901,0.19048,0.139619,,1464900,,
0,0,,0.587977,0.063753,0.34827,,1413400,,
0,1,,0.406466,0.541531,0.052003,,1490100,,
0,1,,0.413099,0.564083,0.022818,,1415700,,
0,1,,0.485563,0.490864,0.023573,,1428500,,
0,1,,0.411171,0.52987,0.058959,,1430600,,
0,0,,0.681433,0.177322,0.141245,,1425900,,
0,1,,0.472461,0.483653,0.043885,,1529300,,
0,2,,0.405326,0.040152,0.554522,,1459100,,
0,2,,0.362834,0.211966,0.4252,,1471700,,
0,0,,0.517819,0.259145,0.223036,,1437500,,
0,1,,0.411843,0.427592,0.160565,,1425600,,
0,2,,0.385399,0.020158,0.594442,,1414500,,
0,1,,0.432357,0.527075,0.040568,,1529100,,
0,0,,0.573059,0.17616,0.250781,,1416700,,
0,2,,0.424236,0.057149,0.518615,,1416200,,
0,2,,0.432116,0.047693,0.520192,,1412900,,
0,0,,0.461169,0.249345,0.289486,,1413400,,
0,1,,0.345976,0.631168,0.022856,,1531300,,
0,0,,0.574736,0.108425,0.316839,,1447500,,
0,1,,0.373269,0.587531,0.0392,,1480300,,
0,0,,0.510441,0.310412,0.179147,,1439100,,
0,2,,0.36217,0.082794,0.555036,,1441100,,
0,1,,0.357531,0.619692,0.022777,,1503800,,
0,2,,0.345498,0.036165,0.618338,,1430000,,
0,0,,0.604576,0.298188,0.097237,,1418100,,
0,1,,0.365119,0.371326,0.263555,,1433300,,
0,0,,0.477428,0.34221,0.180361,,1420800,,
0,0,,0.547852,0.052369,0.399779,,1498800,,
0,2,,0.356064,0.044639,0.599297,,1460800,,
0,0,,0.463618,0.450634,0.085748,,1419100,,
0,2,,0.43962,0.019835,0.540545,,1455400,,
0,1,,0.435838,0.486533,0.07763,,1429500,,
0,1,,0.414867,0.561764,0.023369,,1578500,,
0,1,,0.369236,0.607987,0.022777,,1435800,,
0,2,,0.362857,0.023444,0.613698,,1439400,,
0,2,,0.406174,0.029367,0.564459,,1451900,,
0,0,,0.523758,0.29445,0.181791,,1431100,,
0,1,,0.446735,0.460993,0.092272,,1450800,,
0,1,,0.323258,0.650638,0.026104,,1498300,,
0,2,,0.382899,0.039915,0.577186,,1447100,,
0,1,,0.443487,0.515983,0.040531,,1440500,,
0,1,,0.448399,0.528106,0.023495,,1487200,,
0,0,,0.479766,0.47455,0.045684,,1427500,,
0,2,,0.402099,0.041042,0.556859,,1588500,,
0,2,,0.382757,0.024872,0.592371,,1429100,,
0,1,,0.456044,0.511664,0.032293,,1435900,,
0,2,,0.402588,0.023364,0.574048,,1424400,,
0,0,,0.608817,0.162129,0.229053,,1462300,,
0,0,,0.594758,0.257571,0.147671,,1496000,,
0,0,,0.508075,0.093667,0.398259,,1430200,,
0,2,,0.233992,0.137161,0.628847,,1549100,,
0,2,,0.457754,0.059507,0.482739,,1499400,,
0,2,,0.42281,0.040391,0.536799,,1470000,,
0,2,,0.439462,0.023523,0.537016,,1476600,,
0,0,,0.649029,0.195422,0.155549,,1465600,,
0,2,,0.488494,0.020391,0.491115,,1583500,,
0,0,,0.519716,0.394641,0.085643,,1451200,,
0,0,,0.496068,0.366517,0.137415,,1441300,,
0,1,,0.381869,0.56916,0.048971,,1444600,,
0,2,,0.421397,0.035666,0.542937,,1434700,,
0,1,,0.425611,0.533902,0.040487,,1512700,,
0,0,,0.522345,0.354337,0.123318,,1541700,,
0,1,,0.337057,0.595159,0.067783,,1453600,,
0,0,,0.569648,0.216774,0.213578,,1433200,,
0,0,,0.497645,0.380939,0.121416,,1465900,,
0,0,,0.543696,0.097071,0.359233,,1443600,,
0,2,,0.39924,0.019915,0.580845,,1479100,,
0,0,,0.672968,0.162353,0.164679,,1522000,,
0,1,,0.380546,0.595605,0.023849,,1447400,,
0,2,,0.325943,0.021271,0.652786,,1531900,,
0,0,,0.539343,0.288022,0.172635,,1717400,,
0,2,,0.424895,0.02221,0.552895,,1496100,,
0,1,,0.367021,0.566426,0.066553,,1442700,,
0,2,,0.374581,0.22396,0.401459,,1515700,,
0,2,,0.424292,0.025889,0.549819,,1460700,,
0,2,,0.379559,0.045804,0.574636,,1464500,,
0,0,,0.565679,0.229119,0.205202,,1834800,,
0,2,,0.353186,0.021271,0.625543,,1508500,,
0,1,,0.39354,0.563474,0.042985,,1447000,,
0,2,,0.27495,0.069659,0.655391,,1432400,,
0,0,,0.494765,0.1687,0.336535,,1553600,,
0,1,,0.444478,0.532618,0.022904,,1474500,,
0,0,,0.599154,0.310107,0.090739,,1452300,,
0,1,,0.379333,0.597809,0.022858,,1456200,,
0,0,,0.478312,0.073311,0.448377,,1455800,,
0,0,,0.55233,0.362255,0.085415,,1515100,,
0,1,,0.36479,0.601087,0.034123,,1444600,,
0,1,,0.371278,0.601604,0.027119,,1446200,,
0,0,,0.635397,0.102148,0.262455,,1477500,,
0,0,,0.49606,0.052417,0.451522,,1442400,,
0,0,,0.438852,0.201265,0.359883,,1585800,,
0,0,,0.557183,0.100784,0.342033,,1440200,,
0,0,,0.572391,0.228903,0.198707,,1523700,,
0,0,,0.501382,0.02094,0.477678,,1444500,,
0,1,,0.356845,0.621563,0.021591,,1528600,,
0,0,,0.678496,0.106112,0.215393,,1448300,,
0,1,,0.354882,0.587257,0.057862,,1461200,,
0,0,,0.480491,0.472915,0.046594,,1456800,,
0,1,,0.234,0.722608,0.043392,,1467700,,
0,2,,0.37883,0.058737,0.562433,,1536200,,
0,0,,0.678171,0.124531,0.197299,,1479400,,
0,0,,0.423271,0.256633,0.320096,,1470300,,
0,0,,0.621184,0.156937,0.221879,,1714600,,
0,0,,0.531493,0.400619,0.067888,,1510800,,
0,0,,0.601223,0.276337,0.12244,,1456800,,
0,2,,0.317009,0.150285,0.532706,,1496000,,
0,2,,0.291006,0.095126,0.613868,,1436900,,
0,1,,0.456247,0.51213,0.031623,,1432000,,
0,2,,0.396622,0.203726,0.399652,,1628100,,
0,1,,0.37904,0.595014,0.025946,,1430700,,
0,0,,0.562443,0.05872,0.378837,,1452000,,
0,1,,0.373796,0.604337,0.021867,,1508600,,
0,2,,0.354947,0.037813,0.607239,,1420900,,
0,1,,0.396177,0.563335,0.040487,,1898600,,
0,0,,0.630462,0.074877,0.294661,,1500000,,
0,2,,0.453387,0.023921,0.522692,,1430000,,
0,0,,0.504461,0.114879,0.38066,,1618300,,
0,1,,0.437618,0.464008,0.098373,,1422600,,
0,1,,0.385171,0.593238,0.021591,,1436300,,
0,0,,0.455248,0.264096,0.280656,,1437600,,
0,0,,0.580137,0.198315,0.221548,,1475500,,
0,0,,0.557932,0.381333,0.060735,,1634800,,
0,2,,0.450715,0.040547,0.508738,,1449200,,
0,0,,0.493638,0.362707,0.143655,,1517600,,
0,0,,0.598945,0.183736,0.217319,,1475800,,
0,0,,0.59513,0.183295,0.221575,,1429300,,
0,0,,0.573367,0.293589,0.133044,,1491300,,
0,0,,0.516611,0.253575,0.229813,,1420200,,
0,0,,0.498551,0.436634,0.064815,,1420900,,
0,0,,0.50255,0.141607,0.355843,,1426200,,
0,0,,0.562142,0.272765,0.165093,,1426700,,
0,0,,0.51208,0.171644,0.316275,,1430600,,
0,0,,0.480644,0.474739,0.044616,,1499800,,
0,1,,0.419648,0.557893,0.022459,,1495700,,
0,2,,0.413868,0.023768,0.562364,,1430800,,
0,1,,0.419244,0.514008,0.066747,,1431100,,
0,2,,0.409508,0.019993,0.570499,,1429700,,
0,0,,0.594004,0.139919,0.266076,,1503500,,
0,0,,0.551176,0.023759,0.425065,,1421500,,
0,0,,0.495138,0.426861,0.078001,,1434000,,
0,0,,0.523734,0.026667,0.449599,,1423700,,
0,0,,0.640132,0.069336,0.290533,,1419700,,
0,2,,0.394111,0.034147,0.571742,,1570300,,
0,0,,0.602305,0.25766,0.140036,,1438800,,
0,2,,0.29103,0.05622,0.65275,,1503700,,
0,0,,0.637636,0.194267,0.168097,,1422400,,
0,0,,0.606096,0.19583,0.198074,,1413500,,
0,1,,0.446417,0.468874,0.084709,,1482300,,
0,0,,0.508422,0.084412,0.407166,,1409200,,
0,2,,0.402786,0.020787,0.576427,,1433600,,
0,0,,0.589797,0.296639,0.113564,,1442000,,
0,2,,0.2561,0.060151,0.683749,,1435600,,
0,1,,0.410367,0.566856,0.022777,,1490700,,
0,2,,0.398223,0.025864,0.575913,,1432200,,
0,0,,0.614715,0.272624,0.112661,,1469900,,
0,1,,0.325815,0.648081,0.026104,,1540800,,
0,0,,0.517802,0.03792,0.444279,,1460800,,
0,1,,0.32776,0.646135,0.026104,,1438600,,
0,0,,0.50546,0.029732,0.464808,,1496100,,
0,0,,0.555508,0.171665,0.272826,,1435700,,
0,0,,0.513948,0.229871,0.256181,,1456200,,
0,1,,0.440861,0.535369,0.02377,,1452600,,
0,0,,0.496442,0.395974,0.107583,,1441200,,
0,0,,0.610211,0.297739,0.09205,,1539400,,
0,2,,0.380264,0.082193,0.537543,,1440700,,
0,0,,0.641761,0.150944,0.207296,,1515900,,
0,0,,0.57294,0.0991,0.32796,,1455300,,
0,2,,0.452057,0.055234,0.492709,,1434300,,
0,0,,0.483663,0.212262,0.304075,,1505500,,
0,0,,0.502337,0.131281,0.366382,,1424800,,
0,2,,0.484427,0.027368,0.488205,,1444700,,
0,0,,0.460381,0.220348,0.319272,,1441600,,
0,1,,0.44878,0.514365,0.036855,,1454700,,
0,1,,0.411337,0.566395,0.022269,,1428000,,
0,1,,0.310956,0.592779,0.096265,,1536900,,
0,1,,0.443101,0.478338,0.078561,,1440000,,
0,0,,0.484515,0.142865,0.37262,,1516000,,
0,1,,0.437837,0.495569,0.066594,,1468600,,
0,1,,0.315509,0.627371,0.05712,,1455700,,
0,0,,0.642065,0.140986,0.216948,,1549500,,
0,2,,0.391846,0.122063,0.486091,,1463400,,
0,0,,0.443016,0.254789,0.302195,,1441500,,
0,1,,0.361381,0.615842,0.022777,,1533100,,
0,1,,0.398131,0.580002,0.021867,,1441900,,
0,1,,0.425038,0.529879,0.045083,,1440000,,
0,1,,0.383975,0.592575,0.023449,,1521900,,
0,1,,0.417713,0.551849,0.030438,,1429900,,
0,0,,0.466167,0.121432,0.412401,,1495100,,
0,0,,0.502135,0.291461,0.206404,,1445200,,
0,1,,0.404859,0.521765,0.073375,,1443100,,
0,1,,0.399971,0.567415,0.032614,,1514200,,
0,0,,0.504701,0.046736,0.448563,,1450100,,
0,2,,0.43905,0.077757,0.483193,,1457900,,
0,1,,0.429998,0.537904,0.032098,,1443200,,
0,1,,0.437387,0.540076,0.022536,,1446100,,
0,0,,0.485355,0.447709,0.066936,,1502400,,
0,0,,0.514039,0.326171,0.159791,,1445000,,
0,1,,0.382575,0.595833,0.021591,,1526700,,
0,0,,0.56075,0.348004,0.091245,,1503500,,
0,0,,0.623798,0.237493,0.138709,,1432400,,
0,0,,0.557287,0.306384,0.13633,,1506400,,
0,0,,0.471122,0.102955,0.425923,,1442800,,
0,0,,0.633718,0.264914,0.101368,,1447800,,
0,0,,0.423752,0.407939,0.168309,,1429300,,
0,1,,0.427562,0.539262,0.033175,,1416700,,
0,0,,0.484338,0.436156,0.079506,,1488700,,
0,0,,0.510027,0.458901,0.031072,,1431600,,
0,2,,0.347562,0.04166,0.610778,,1426400,,
0,0,,0.636145,0.217605,0.14625,,1482700,,
0,0,,0.550282,0.090696,0.359022,,1497800,,
0,1,,0.413641,0.458464,0.127895,,1417900,,
0,2,,0.347681,0.052147,0.600171,,1432000,,
0,2,,0.469319,0.019835,0.510846,,1428600,,
0,2,,0.433156,0.099688,0.467155,,1426500,,
0,1,,0.441134,0.536881,0.021986,,1494600,,
0,0,,0.462884,0.421055,0.116061,,1413700,,
0,0,,0.5292,0.36572,0.10508,,1416700,,
0,2,,0.37846,0.198678,0.422861,,1429800,,
0,0,,0.635615,0.130082,0.234303,,1496900,,
0,0,,0.469005,0.172561,0.358434,,1487200,,
0,0,,0.550247,0.121139,0.328615,,1420000,,
0,0,,0.550881,0.343265,0.105853,,1426100,,
0,1,,0.364305,0.597681,0.038014,,1428100,,
0,1,,0.424252,0.533384,0.042365,,1423300,,
0,1,,0.352202,0.621877,0.025921,,1512200,,
0,1,,0.376874,0.599679,0.023448,,1446100,,
0,1,,0.438352,0.540966,0.020681,,1433900,,
0,2,,0.472495,0.033292,0.494213,,1425500,,
0,2,,0.437603,0.052478,0.509919,,1415600,,
0,0,,0.730266,0.126787,0.142947,,1864000,,
0,1,,0.458036,0.475761,0.066204,,1435100,,
0,1,,0.434577,0.534986,0.030438,,1428500,,
0,0,,0.492311,0.105045,0.402644,,1422600,,
0,1,,0.348843,0.62055,0.030607,,1428200,,
0,2,,0.416391,0.020074,0.563536,,1596300,,
0,0,,0.475091,0.235613,0.289296,,1432100,,
0,0,,0.539278,0.370609,0.090113,,1458800,,
0,2,,0.35137,0.097877,0.550753,,1474600,,
0,0,,0.644639,0.187353,0.168008,,1479600,,
0,1,,0.441689,0.500958,0.057353,,1443900,,
0,2,,0.46633,0.047028,0.486642,,2108000,,
0,0,,0.461951,0.385321,0.152728,,1488600,,
0,1,,0.417082,0.558024,0.024894,,1444100,,
0,0,,0.502489,0.049876,0.447635,,1801300,,
0,1,,0.397534,0.55857,0.043895,,1493900,,
0,0,,0.516776,0.203575,0.279648,,1450500,,
0,1,,0.422703,0.54617,0.031126,,1428800,,
0,1,,0.208837,0.731477,0.059686,,1495600,,
0,2,,0.417357,0.045397,0.537247,,1443000,,
0,1,,0.276825,0.656758,0.066417,,1450500,,
0,0,,0.493845,0.061116,0.445039,,2104600,,
0,1,,0.387861,0.555187,0.056952,,2259500,,
0,1,,0.393544,0.58111,0.025347,,1681600,,
0,1,,0.411542,0.528698,0.05976,,1683700,,
0,2,,0.339823,0.019915,0.640262,,1680600,,
0,1,,0.411984,0.54098,0.047036,,1665200,,
0,2,,0.4679,0.020702,0.511398,,1610600,,
0,2,,0.466416,0.053524,0.48006,,1439900,,
0,2,,0.450175,0.028666,0.521158,,1438500,,
0,0,,0.470484,0.087242,0.442274,,1501500,,
0,1,,0.377767,0.511949,0.110283,,1521800,,
0,0,,0.443629,0.116221,0.44015,,1445400,,
0,0,,0.474287,0.40715,0.118563,,1434700,,
0,1,,0.437089,0.463047,0.099863,,1459200,,
0,1,,0.44858,0.529113,0.022307,,1440600,,
0,1,,0.397334,0.525715,0.076952,,1430500,,
0,0,,0.469163,0.309575,0.221263,,1510400,,
0,1,,0.387857,0.589684,0.022459,,1442000,,
0,2,,0.3061,0.105854,0.588046,,1462300,,
0,1,,0.418134,0.550767,0.031098,,1439800,,
0,1,,0.419175,0.532956,0.047869,,1521200,,
0,2,,0.436129,0.020782,0.543088,,1521000,,
0,1,,0.399908,0.506512,0.09358,,1454400,,
0,1,,0.431581,0.545113,0.023307,,1439800,,
0,2,,0.433235,0.023523,0.543243,,1440200,,
0,0,,0.479375,0.419671,0.100954,,1430300,,
0,0,,0.510543,0.143418,0.346039,,1533000,,
0,0,,0.485993,0.036907,0.477101,,1443300,,
0,0,,0.540283,0.414898,0.044819,,1446700,,
0,1,,0.436183,0.523286,0.040531,,1438000,,
0,1,,0.421003,0.555628,0.023369,,1507200,,
0,0,,0.479103,0.455804,0.065093,,1539400,,
0,0,,0.393431,0.26005,0.346519,,1452600,,
0,2,,0.420692,0.041232,0.538076,,1437300,,
0,0,,0.44643,0.446399,0.107171,,1501000,,
0,1,,0.346768,0.624628,0.028604,,1435900,,
0,2,,0.458459,0.034066,0.507474,,1510000,,
0,1,,0.438905,0.522136,0.038959,,1446500,,
0,0,,0.564796,0.3087,0.126504,,1427300,,
0,1,,0.412334,0.521218,0.066448,,1437200,,
0,0,,0.641997,0.181155,0.176848,,1418500,,
0,0,,0.446975,0.422567,0.130458,,1503900,,
0,1,,0.439638,0.499733,0.060629,,1454500,,
0,1,,0.407382,0.526855,0.065763,,1420600,,
0,2,,0.297417,0.094424,0.608159,,1437500,,
0,1,,0.445872,0.472099,0.082029,,1413800,,
0,1,,0.439998,0.513962,0.04604,,1496600,,
0,0,,0.490346,0.025186,0.484468,,1444900,,
0,2,,0.382762,0.033059,0.584179,,1462700,,
1,1,,0.233327,0.641739,0.124933,,1438400,,
1,1,,0.12195,0.462304,0.415745,,1509100,,
1,1,,0.215696,0.493937,0.290366,,1426000,,
1,1,,0.124517,0.518052,0.357431,,1461400,,
1,1,,0.399957,0.544441,0.055602,,1490700,,
1,1,,0.169881,0.726861,0.103258,,1440200,,
1,1,,0.2979,0.672863,0.029238,,1507900,,
1,1,,0.287776,0.583047,0.129178,,1426100,,
1,1,,0.140269,0.506929,0.352803,,1443800,,
1,1,,0.31414,0.658444,0.027417,,1450300,,
1,1,,0.404071,0.573471,0.022459,,1443800,,
1,1,,0.375975,0.601248,0.022777,,1584700,,
1,1,,0.344662,0.58223,0.073108,,1472700,,
1,1,,0.254527,0.648452,0.097021,,1451900,,
1,1,,0.401682,0.574869,0.023449,,1470100,,
1,1,,0.280392,0.584136,0.135471,,1452600,,
1,2,,0.112459,0.425762,0.46178,,1431800,,
1,2,,0.209485,0.375214,0.4153,,1528900,,
1,1,,0.405804,0.540925,0.053272,,1423500,,
1,1,,0.113274,0.494078,0.392648,,1472100,,
1,1,,0.414088,0.553379,0.032533,,1438000,,
1,1,,0.346861,0.493057,0.160082,,1436000,,
1,1,,0.193545,0.695085,0.11137,,1431500,,
1,1,,0.249766,0.682668,0.067566,,1636800,,
1,1,,0.430932,0.53764,0.031428,,1457900,,
1,1,,0.308791,0.628604,0.062605,,1721100,,
1,1,,0.187668,0.674859,0.137473,,1963700,,
1,1,,0.359892,0.618161,0.021946,,1457500,,
1,1,,0.394988,0.545221,0.059791,,1509100,,
1,1,,0.290842,0.638016,0.071143,,1442000,,
1,1,,0.421329,0.491703,0.086968,,1441900,,
1,1,,0.432834,0.521523,0.045644,,1498900,,
1,1,,0.161698,0.765337,0.072965,,1774800,,
1,1,,0.333165,0.559349,0.107486,,1453300,,
1,1,,0.348319,0.593939,0.057743,,1547100,,
1,1,,0.144042,0.674247,0.18171,,1659300,,
1,1,,0.458435,0.519138,0.022427,,1496700,,
1,1,,0.342458,0.60735,0.050192,,1474000,,
1,1,,0.265312,0.64272,0.091967,,1442800,,
1,1,,0.226633,0.67769,0.095676,,1433600,,
1,1,,0.378634,0.596024,0.025341,,1520500,,
1,1,,0.182522,0.686402,0.131075,,1414400,,
1,1,,0.37876,0.546782,0.074458,,1422200,,
1,1,,0.295232,0.605864,0.098904,,1427000,,
1,1,,0.078624,0.529624,0.391752,,1436100,,
1,1,,0.264313,0.694001,0.041686,,1894400,,
1,1,,0.230268,0.650331,0.119401,,1466600,,
1,2,,0.08096,0.440782,0.478258,,1452700,,
1,1,,0.125734,0.600107,0.274159,,1454900,,
1,1,,0.377168,0.568414,0.054418,,1453000,,
1,1,,0.166382,0.502363,0.331255,,1606700,,
1,2,,0.068163,0.421119,0.510718,,1460900,,
1,1,,0.182368,0.691235,0.126397,,1461100,,
1,1,,0.282477,0.61553,0.101993,,1475400,,
1,1,,0.145406,0.674437,0.180157,,1426100,,
1,1,,0.352433,0.60204,0.045526,,1509200,,
1,1,,0.372388,0.594958,0.032654,,1422300,,
1,1,,0.214191,0.71181,0.073999,,1432000,,
1,1,,0.185343,0.711235,0.103422,,1448700,,
1,1,,0.289195,0.658674,0.052132,,1422000,,
1,1,,0.243138,0.687107,0.069756,,1439400,,
1,1,,0.272987,0.602144,0.124869,,1518400,,
1,1,,0.224448,0.644226,0.131326,,1424400,,
1,1,,0.103301,0.54847,0.348228,,1419500,,
1,1,,0.23865,0.714889,0.046461,,1455600,,
1,1,,0.270153,0.623201,0.106646,,1422500,,
1,1,,0.361,0.590991,0.048009,,1612300,,
1,1,,0.186723,0.715919,0.097358,,1701200,,
1,1,,0.456022,0.512906,0.031072,,1676500,,
1,1,,0.272664,0.665599,0.061737,,1895100,,
1,1,,0.413506,0.484158,0.102337,,1711300,,
1,1,,0.271361,0.620238,0.108401,,1596100,,
1,1,,0.314068,0.580342,0.10559,,1497400,,
1,1,,0.420314,0.512201,0.067485,,1446800,,
1,2,,0.135061,0.361178,0.503762,,1458600,,
1,1,,0.336558,0.568014,0.095429,,1419700,,
1,1,,0.112264,0.704312,0.183424,,1579600,,
1,2,,0.125146,0.436517,0.438338,,1422200,,
1,1,,0.115914,0.50584,0.378246,,1443100,,
1,1,,0.369029,0.480843,0.150128,,1465300,,
1,1,,0.358159,0.551351,0.09049,,1429700,,
1,1,,0.267333,0.657258,0.075409,,1452000,,
1,1,,0.417223,0.560435,0.022341,,1513900,,
1,1,,0.112439,0.583364,0.304197,,1454200,,
1,1,,0.237715,0.634454,0.127831,,1441200,,
1,1,,0.381117,0.594641,0.024242,,1435900,,
1,1,,0.252944,0.607286,0.13977,,1431200,,
1,1,,0.288203,0.623131,0.088666,,1588300,,
1,1,,0.267424,0.44542,0.287156,,1437700,,
1,1,,0.110324,0.448337,0.441339,,1450200,,
1,1,,0.232159,0.718791,0.04905,,1477800,,
1,1,,0.383711,0.594342,0.021946,,1418000,,
1,1,,0.344167,0.632977,0.022856,,1408500,,
1,1,,0.308932,0.640733,0.050335,,1494200,,
1,1,,0.401757,0.576376,0.021867,,1414400,,
1,1,,0.383062,0.588658,0.02828,,1412500,,
1,2,,0.112676,0.415791,0.471533,,1447200,,
1,1,,0.129504,0.703259,0.167237,,2322900,,
1,1,,0.070352,0.530972,0.398676,,2898800,,
1,2,,0.08111,0.422065,0.496825,,2771700,,
1,1,,0.351716,0.570824,0.077461,,1474000,,
1,1,,0.115725,0.568051,0.316224,,1452800,,
1,1,,0.139036,0.551334,0.30963,,1420400,,
1,1,,0.391617,0.585014,0.023369,,1494100,,
1,1,,0.12191,0.508931,0.369158,,1419100,,
1,1,,0.351905,0.420976,0.227119,,1535100,,
1,1,,0.277639,0.616232,0.106128,,1440300,,
1,1,,0.441567,0.527995,0.030438,,1421100,,
1,1,,0.255049,0.452474,0.292478,,3296200,,
1,2,,0.10837,0.367617,0.524013,,4034400,,
1,1,,0.367328,0.609895,0.022777,,3038300,,
1,1,,0.141233,0.685345,0.173422,,3583800,,
1,1,,0.201954,0.582669,0.215377,,3390900,,
1,1,,0.1939,0.702208,0.103893,,3030400,,
1,1,,0.193067,0.714407,0.092527,,3874600,,
1,1,,0.193035,0.546259,0.260706,,3199000,,
1,1,,0.3763,0.600331,0.023369,,2976400,,
1,1,,0.118671,0.46886,0.412469,,3518100,,
1,1,,0.417229,0.516989,0.065782,,1832600,,
1,1,,0.43053,0.530484,0.038986,,1576300,,
1,1,,0.194106,0.673992,0.131902,,1451600,,
1,1,,0.333145,0.568098,0.098757,,1535600,,
1,1,,0.149908,0.564263,0.285829,,1462100,,
1,1,,0.414424,0.52659,0.058986,,1656000,,
1,1,,0.217657,0.671212,0.11113,,2296000,,
1,1,,0.297483,0.582414,0.120103,,1476800,,
1,1,,0.13635,0.658012,0.205638,,1450300,,
1,1,,0.364493,0.594347,0.041161,,1447100,,
1,1,,0.155701,0.664608,0.179691,,1560900,,
1,1,,0.091968,0.614371,0.29366,,1452500,,
1,1,,0.213028,0.728757,0.058215,,1453400,,
1,1,,0.317408,0.611105,0.071487,,1444200,,
1,1,,0.223038,0.734321,0.04264,,1498200,,
1,1,,0.366039,0.611103,0.022858,,1531500,,
1,1,,0.444858,0.513055,0.042087,,1450900,,
1,1,,0.369609,0.532145,0.098246,,1644600,,
1,1,,0.191334,0.647233,0.161433,,1498600,,
1,1,,0.419609,0.558524,0.021867,,1476500,,
1,1,,0.160547,0.659305,0.180148,,1465900,,
1,1,,0.172489,0.778292,0.049218,,1441700,,
1,1,,0.435059,0.542714,0.022226,,1689500,,
1,1,,0.170508,0.558732,0.270759,,1494600,,
1,1,,0.334585,0.511275,0.15414,,1464600,,
1,1,,0.278444,0.670064,0.051492,,1478800,,
1,1,,0.357756,0.582556,0.059688,,1496700,,
1,1,,0.396446,0.581687,0.021867,,1442200,,
1,1,,0.198307,0.720717,0.080976,,1438000,,
1,1,,0.366953,0.599449,0.033597,,1438100,,
1,1,,0.292136,0.531877,0.175987,,1463300,,
1,1,,0.173069,0.548557,0.278374,,1428700,,
1,1,,0.254175,0.655541,0.090284,,1511600,,
1,1,,0.251468,0.655308,0.093225,,1434400,,
1,1,,0.282313,0.555314,0.162373,,1456200,,
1,1,,0.223401,0.621549,0.15505,,1453700,,
1,2,,0.159077,0.395466,0.445458,,1584400,,
1,1,,0.295322,0.401446,0.303231,,1533400,,
1,1,,0.358667,0.542951,0.098382,,1440700,,
1,1,,0.435034,0.533119,0.031846,,1459800,,
1,1,,0.304803,0.645403,0.049795,,1477800,,
1,1,,0.155675,0.451928,0.392398,,1447700,,
1,1,,0.237922,0.654173,0.107904,,1570600,,
1,2,,0.131546,0.394909,0.473545,,1430500,,
1,1,,0.200606,0.601516,0.197877,,1449400,,
1,1,,0.273914,0.573073,0.153013,,1434700,,
1,1,,0.167483,0.717603,0.114914,,1425200,,
1,1,,0.411078,0.567331,0.021591,,1513100,,
1,1,,0.113621,0.522096,0.364282,,1445500,,
1,1,,0.128752,0.710518,0.160731,,1428500,,
1,2,,0.128873,0.427671,0.443456,,1435500,,
1,2,,0.134791,0.412458,0.452751,,1455800,,
1,1,,0.218714,0.718038,0.063248,,1429500,,
1,1,,0.14575,0.702618,0.151633,,1506900,,
1,1,,0.344645,0.58332,0.072035,,1442400,,
1,1,,0.161291,0.695504,0.143205,,1446400,,
1,2,,0.133938,0.250492,0.61557,,1456500,,
1,1,,0.32078,0.65206,0.02716,,1538700,,
1,2,,0.078914,0.452918,0.468168,,1432100,,
1,1,,0.108936,0.48706,0.404004,,1496000,,
1,1,,0.136104,0.678006,0.185889,,1432600,,
1,1,,0.350258,0.588661,0.061082,,1511500,,
1,1,,0.112078,0.572892,0.31503,,1445000,,
1,1,,0.181274,0.500225,0.318501,,1436300,,
1,1,,0.258491,0.643784,0.097725,,1519800,,
1,2,,0.10069,0.387635,0.511675,,1420500,,
1,1,,0.306105,0.550001,0.143895,,1468900,,
1,1,,0.107359,0.504593,0.388048,,1435600,,
1,1,,0.317247,0.561047,0.121706,,1502200,,
1,1,,0.139427,0.736616,0.123957,,1436500,,
1,1,,0.227463,0.650276,0.122261,,1502700,,
1,1,,0.35115,0.626073,0.022777,,1488400,,
1,1,,0.350068,0.568897,0.081034,,1474200,,
1,1,,0.375315,0.601748,0.022937,,1442900,,
1,1,,0.109457,0.612795,0.277748,,1414700,,
1,1,,0.158363,0.577292,0.264344,,1554200,,
1,1,,0.121351,0.64648,0.232169,,1420500,,
1,1,,0.291417,0.666126,0.042457,,1412500,,
1,1,,0.253388,0.601531,0.14508,,1431000,,
1,1,,0.126927,0.612051,0.261022,,1526500,,
1,1,,0.36744,0.609192,0.023369,,1436200,,
1,1,,0.169949,0.606471,0.22358,,1635200,,
1,1,,0.416107,0.547398,0.036495,,1442200,,
1,1,,0.269436,0.599005,0.131558,,1433900,,
1,1,,0.329384,0.64776,0.022856,,1448100,,
1,1,,0.3771,0.557533,0.065368,,1450700,,
1,1,,0.257154,0.518034,0.224811,,1512400,,
1,2,,0.09852,0.435418,0.466062,,1437300,,
1,1,,0.352641,0.583826,0.063533,,1429100,,
1,1,,0.384025,0.548813,0.067162,,1445600,,
1,1,,0.193573,0.719704,0.086723,,1472400,,
1,1,,0.108687,0.54801,0.343303,,1423500,,
1,1,,0.187845,0.717612,0.094543,,1742600,,
1,1,,0.137209,0.442235,0.420556,,1679100,,
1,1,,0.354841,0.607034,0.038126,,1679700,,
1,1,,0.226507,0.667608,0.105885,,1692800,,
1,1,,0.065173,0.527475,0.407352,,1746500,,
1,1,,0.214228,0.717762,0.06801,,1703200,,
1,1,,0.373551,0.603672,0.022777,,1687900,,
1,2,,0.158213,0.351107,0.49068,,1765600,,
1,1,,0.234842,0.540616,0.224541,,1732000,,
1,2,,0.111538,0.325668,0.562794,,1687000,,
1,1,,0.142573,0.463559,0.393868,,1618800,,
1,2,,0.15084,0.395449,0.453711,,1433100,,
1,1,,0.398143,0.581176,0.020681,,1427400,,
1,1,,0.148221,0.7144,0.137379,,1425800,,
1,1,,0.166173,0.730037,0.10379,,1420200,,
1,1,,0.228038,0.729321,0.04264,,1512200,,
1,1,,0.338742,0.567498,0.09376,,1419900,,
1,1,,0.19312,0.627368,0.179512,,1453500,,
1,1,,0.367797,0.582703,0.0495,,1465600,,
1,1,,0.130697,0.70266,0.166644,,1428600,,
1,1,,0.312256,0.662272,0.025472,,1428900,,
1,1,,0.151102,0.622965,0.225933,,1418700,,
1,1,,0.363353,0.567871,0.068776,,1496600,,
1,1,,0.400118,0.534159,0.065723,,1417400,,
1,1,,0.287612,0.464794,0.247594,,1410200,,
1,1,,0.142547,0.58432,0.273132,,1425000,,
1,1,,0.140895,0.543295,0.31581,,1417600,,
1,1,,0.155973,0.668076,0.175952,,1517000,,
1,1,,0.187367,0.751098,0.061535,,1440000,,
1,1,,0.142342,0.677782,0.179876,,1449700,,
1,1,,0.163978,0.700815,0.135208,,1425400,,
1,1,,0.412696,0.564487,0.022818,,1425800,,
1,1,,0.3429,0.564346,0.092755,,1424300,,
1,1,,0.417098,0.522415,0.060487,,1516900,,
1,1,,0.143633,0.678608,0.177759,,1435100,,
1,1,,0.14825,0.438624,0.413126,,1449900,,
1,1,,0.094262,0.67614,0.229598,,1452600,,
1,1,,0.310994,0.660922,0.028084,,1435500,,
1,1,,0.13984,0.576832,0.283328,,1509200,,
1,1,,0.37362,0.603524,0.022856,,1460200,,
1,1,,0.094778,0.488027,0.417195,,1440200,,
1,1,,0.284949,0.648308,0.066743,,1507800,,
1,1,,0.134702,0.656795,0.208503,,1425200,,
1,1,,0.141306,0.656818,0.201876,,1567600,,
1,1,,0.185965,0.609825,0.20421,,1692400,,
1,1,,0.189271,0.557723,0.253006,,1665100,,
1,1,,0.418856,0.558881,0.022264,,1771500,,
1,1,,0.203327,0.68864,0.108033,,1695900,,
1,1,,0.174271,0.633507,0.192222,,1796800,,
1,1,,0.120998,0.610549,0.268453,,1747100,,
1,1,,0.129303,0.520678,0.350019,,1701800,,
1,1,,0.326318,0.647251,0.026431,,1724400,,
1,1,,0.098385,0.605974,0.295641,,1712500,,
1,1,,0.206505,0.608852,0.184642,,1764700,,
1,1,,0.402643,0.55199,0.045368,,1677200,,
1,1,,0.255147,0.702213,0.04264,,1672400,,
1,1,,0.351537,0.604054,0.044409,,1697300,,
1,1,,0.138017,0.651756,0.210226,,1765700,,
1,1,,0.107342,0.649206,0.243451,,1773300,,
1,1,,0.211885,0.588285,0.19983,,1682300,,
1,1,,0.401335,0.575136,0.023529,,1684900,,
1,1,,0.182432,0.703458,0.11411,,1685500,,
1,1,,0.23931,0.597806,0.162884,,1738000,,
1,1,,0.178533,0.637015,0.184453,,1674600,,
1,1,,0.263655,0.669113,0.067232,,1463600,,
1,1,,0.223742,0.718759,0.057499,,1423800,,
1,1,,0.381009,0.540094,0.078897,,1458600,,
1,1,,0.314434,0.53572,0.149846,,1489800,,
1,1,,0.247801,0.657641,0.094558,,1417900,,
1,1,,0.383826,0.562429,0.053745,,1439500,,
1,1,,0.340286,0.602364,0.057349,,1426100,,
1,1,,0.167318,0.644676,0.188006,,1422800,,
1,1,,0.237848,0.649845,0.112307,,1495900,,
1,1,,0.452999,0.524573,0.022427,,1416800,,
1,2,,0.153809,0.364947,0.481244,,1457400,,
1,2,,0.163394,0.365257,0.471349,,1441400,,
1,1,,0.184914,0.733235,0.081851,,1431100,,
1,1,,0.40521,0.570152,0.024638,,1516100,,
1,1,,0.133852,0.612609,0.253539,,1429800,,
1,1,,0.381099,0.592968,0.025933,,1458600,,
1,1,,0.090464,0.531416,0.378121,,1438700,,
1,1,,0.396034,0.548894,0.055072,,1430400,,
1,1,,0.339943,0.600697,0.05936,,1424100,,
1,1,,0.147267,0.443215,0.409518,,1532300,,
1,2,,0.103054,0.443207,0.453738,,1439800,,
1,1,,0.192921,0.543118,0.263962,,1441100,,
1,1,,0.131648,0.563693,0.304659,,1444700,,
1,1,,0.419352,0.509097,0.071551,,1430000,,
1,1,,0.127966,0.570931,0.301103,,1713100,,
1,2,,0.134533,0.327353,0.538114,,1686600,,
1,1,,0.131779,0.641815,0.226406,,1789500,,
1,1,,0.098669,0.614162,0.28717,,1693100,,
1,1,,0.222695,0.627824,0.149481,,1683000,,
1,1,,0.217905,0.633063,0.149032,,1789200,,
1,1,,0.141541,0.614153,0.244305,,1686100,,
1,1,,0.252531,0.699752,0.047717,,1676100,,
1,2,,0.136453,0.320079,0.543468,,1813000,,
1,1,,0.349642,0.627421,0.022937,,1687800,,
1,1,,0.108293,0.687553,0.204155,,1797600,,
1,2,,0.087612,0.409273,0.503115,,1675200,,
1,1,,0.382743,0.548445,0.068812,,1706100,,
1,1,,0.246193,0.635702,0.118104,,1693200,,
1,1,,0.424833,0.554327,0.02084,,1683600,,
1,1,,0.433018,0.542577,0.024405,,1741600,,
1,1,,0.109042,0.612513,0.278445,,1683000,,
1,1,,0.131816,0.648461,0.219723,,1751100,,
1,1,,0.173819,0.536729,0.289451,,1682300,,
1,1,,0.144958,0.80146,0.053582,,1443600,,
1,1,,0.176684,0.445041,0.378275,,1419800,,
1,1,,0.389071,0.577726,0.033204,,1508000,,
1,1,,0.128522,0.55002,0.321458,,1444800,,
1,2,,0.140957,0.339129,0.519914,,1436900,,
1,1,,0.102595,0.64371,0.253694,,1431800,,
1,1,,0.103087,0.54116,0.355752,,1426300,,
1,1,,0.429119,0.518054,0.052827,,1520800,,
1,1,,0.327903,0.589676,0.082421,,1484500,,
1,1,,0.191002,0.50973,0.299268,,1433500,,
1,1,,0.324413,0.584299,0.091288,,1430400,,
1,1,,0.116666,0.571131,0.312203,,1437100,,
1,1,,0.198092,0.684208,0.1177,,1419200,,
1,1,,0.392154,0.514383,0.093463,,1556200,,
2,2,,0.34975,0.042062,0.608189,,1439100,,
2,2,,0.324894,0.025913,0.649193,,1469000,,
2,2,,0.341353,0.046613,0.612033,,1426900,,
2,2,,0.139732,0.145406,0.714862,,1472100,,
2,2,,0.150112,0.179273,0.670615,,1506800,,
2,2,,0.353339,0.051927,0.594735,,2697800,,
2,2,,0.319658,0.070229,0.610113,,2897900,,
2,2,,0.140655,0.141048,0.718298,,1434700,,
2,2,,0.356219,0.050074,0.593706,,1419700,,
2,2,,0.148494,0.319903,0.531603,,1413300,,
2,2,,0.091787,0.304782,0.603431,,1458900,,
2,2,,0.418076,0.039835,0.54209,,1872600,,
2,2,,0.292912,0.116215,0.590872,,1465300,,
2,1,,0.106575,0.452971,0.440454,,1628600,,
2,2,,0.450493,0.043352,0.506155,,1556000,,
2,2,,0.217012,0.047427,0.735561,,1438300,,
2,2,,0.212378,0.350252,0.43737,,1722000,,
2,2,,0.121523,0.386085,0.492392,,1457100,,
2,2,,0.225998,0.043897,0.730105,,1447600,,
2,2,,0.155646,0.10303,0.741324,,1458800,,
2,2,,0.257201,0.053489,0.68931,,1416900,,
2,2,,0.306972,0.059865,0.633164,,1462200,,
2,1,,0.120304,0.559223,0.320473,,1462700,,
2,2,,0.230382,0.084074,0.685544,,1720300,,
2,2,,0.357466,0.154586,0.487948,,1813600,,
2,2,,0.100321,0.203205,0.696474,,1815400,,
2,2,,0.16625,0.251101,0.582648,,1763200,,
2,2,,0.130685,0.316994,0.55232,,1706400,,
2,1,,0.09766,0.528679,0.373661,,1756600,,
2,2,,0.128644,0.36469,0.506666,,1688500,,
2,2,,0.311267,0.131277,0.557456,,1696800,,
2,2,,0.239595,0.251247,0.509158,,1719200,,
2,2,,0.125813,0.227244,0.646943,,1740300,,
2,2,,0.340196,0.04119,0.618614,,1744500,,
2,2,,0.376194,0.044567,0.579238,,1688600,,
2,2,,0.34703,0.058797,0.594173,,1697700,,
2,2,,0.129152,0.333667,0.537181,,1748600,,
2,2,,0.207471,0.115863,0.676665,,1695700,,
2,2,,0.101357,0.362828,0.535815,,1689900,,
2,2,,0.438458,0.085904,0.475638,,1794100,,
2,2,,0.358832,0.054342,0.586825,,1682500,,
2,2,,0.413906,0.023364,0.56273,,1681100,,
2,2,,0.154478,0.080661,0.764861,,1615400,,
2,2,,0.359535,0.058333,0.582133,,1445900,,
2,2,,0.159493,0.223912,0.616595,,1531400,,
2,2,,0.364537,0.019915,0.615548,,1439800,,
2,2,,0.130533,0.335398,0.534069,,1431900,,
2,1,,0.120027,0.486514,0.393459,,1420100,,
2,2,,0.075746,0.416125,0.508129,,1464200,,
2,2,,0.305197,0.103891,0.590912,,1421000,,
2,1,,0.167736,0.481873,0.350391,,1520300,,
2,2,,0.149655,0.395992,0.454354,,1415800,,
2,2,,0.144994,0.132508,0.722497,,1418500,,
2,2,,0.177327,0.161049,0.661625,,1496300,,
2,1,,0.236141,0.51485,0.24901,,1428700,,
2,2,,0.08994,0.445898,0.464161,,1426800,,
2,2,,0.345505,0.025042,0.629454,,1420900,,
2,2,,0.345436,0.049334,0.60523,,1539800,,
2,2,,0.270392,0.108209,0.621399,,1458800,,
2,2,,0.256829,0.084865,0.658306,,1423400,,
2,2,,0.140281,0.352463,0.507256,,1473900,,
2,2,,0.172049,0.159126,0.668824,,1435500,,
2,2,,0.304028,0.067073,0.628899,,1424900,,
2,2,,0.209766,0.213651,0.576582,,2407600,,
2,2,,0.177581,0.228113,0.594306,,3050400,,
2,2,,0.19167,0.06984,0.73849,,1728500,,
2,0,,0.51078,0.040077,0.449143,,1444200,,
2,2,,0.281476,0.071565,0.646959,,3015900,,
2,2,,0.129764,0.396087,0.474149,,1649900,,
2,2,,0.190658,0.104432,0.70491,,1526700,,
2,2,,0.327192,0.116852,0.555956,,1495200,,
2,1,,0.105991,0.447621,0.446388,,1811900,,
2,2,,0.417501,0.019835,0.562664,,1681400,,
2,2,,0.261148,0.103173,0.635679,,1431200,,
2,2,,0.22454,0.088838,0.686621,,1423100,,
2,2,,0.178357,0.144966,0.676677,,1429300,,
2,2,,0.151166,0.256202,0.592632,,1417800,,
2,2,,0.229168,0.082045,0.688786,,1430100,,
2,2,,0.123057,0.343081,0.533862,,1417500,,
2,2,,0.151273,0.299754,0.548973,,1705800,,
2,2,,0.337735,0.04575,0.616515,,1447400,,
2,1,,0.133712,0.473544,0.392744,,1551900,,
2,2,,0.074871,0.380882,0.544247,,1502400,,
2,2,,0.332072,0.021342,0.646585,,1467300,,
2,2,,0.265377,0.093507,0.641115,,1448900,,
2,2,,0.375897,0.087163,0.53694,,1524000,,
2,2,,0.184668,0.388499,0.426832,,1436300,,
2,1,,0.155568,0.482631,0.361801,,1552900,,
2,2,,0.345624,0.026192,0.628183,,1441400,,
2,2,,0.211238,0.090701,0.698061,,1509100,,
2,2,,0.366157,0.019915,0.613929,,1434300,,
2,2,,0.382923,0.023324,0.593753,,1539900,,
2,2,,0.34179,0.177698,0.480512,,1450900,,
2,2,,0.12902,0.280379,0.590601,,1450300,,
2,2,,0.152765,0.303632,0.543603,,1541100,,
2,2,,0.266599,0.126097,0.607304,,1476100,,
2,2,,0.267692,0.143874,0.588434,,1454300,,
2,2,,0.149375,0.188144,0.662481,,1549200,,
2,1,,0.086416,0.540228,0.373356,,1451500,,
2,1,,0.094791,0.475219,0.429989,,1558100,,
2,2,,0.244091,0.167457,0.588452,,1443500,,
2,2,,0.178619,0.218024,0.603357,,1475900,,
2,2,,0.182839,0.256208,0.560953,,1589000,,
2,2,,0.2866,0.069977,0.643422,,1446600,,
2,1,,0.093641,0.457563,0.448797,,1514400,,
2,2,,0.193321,0.077249,0.729429,,1450900,,
2,2,,0.317128,0.091056,0.591816,,1453300,,
2,1,,0.130287,0.49999,0.369723,,1521700,,
2,2,,0.240702,0.198907,0.56039,,1446900,,
2,2,,0.365635,0.023326,0.611039,,1509300,,
2,2,,0.253288,0.17601,0.570702,,1450700,,
2,2,,0.41529,0.022592,0.562118,,1443800,,
2,2,,0.135464,0.12232,0.742215,,1620700,,
2,2,,0.179632,0.239644,0.580723,,1466100,,
2,2,,0.110618,0.412827,0.476555,,1451300,,
2,2,,0.209951,0.094546,0.695503,,1429000,,
2,1,,0.267205,0.486702,0.246093,,1521800,,
2,2,,0.398476,0.104317,0.497208,,1429800,,
2,1,,0.135263,0.561475,0.303262,,1436200,,
2,2,,0.15227,0.361448,0.486282,,1437500,,
2,2,,0.11138,0.29417,0.59445,,1465600,,
2,1,,0.101597,0.500149,0.398254,,1448600,,
2,1,,0.307716,0.365999,0.326285,,1533600,,
2,2,,0.189293,0.195315,0.615392,,1525900,,
2,2,,0.254462,0.108082,0.637456,,1458600,,
2,2,,0.199673,0.068042,0.732285,,1447100,,
2,2,,0.272001,0.051238,0.676761,,1471800,,
2,2,,0.159424,0.178372,0.662204,,1566500,,
2,2,,0.336073,0.055209,0.608718,,1445300,,
2,2,,0.136211,0.390694,0.473095,,1442600,,
2,2,,0.159365,0.248881,0.591753,,1454900,,
2,0,,0.43646,0.207352,0.356188,,1454800,,
2,2,,0.260514,0.285431,0.454054,,1432100,,
2,2,,0.335494,0.021582,0.642925,,1805600,,
2,2,,0.301255,0.079431,0.619314,,1721300,,
2,2,,0.10637,0.408938,0.484693,,1804500,,
2,2,,0.297129,0.055608,0.647263,,1700600,,
2,2,,0.298478,0.132841,0.568681,,1909500,,
2,2,,0.287475,0.047338,0.665186,,1505600,,
2,2,,0.103502,0.332909,0.563589,,1464200,,
2,2,,0.103359,0.380838,0.515804,,1459800,,
2,2,,0.185838,0.25342,0.560741,,1585500,,
2,2,,0.334095,0.023444,0.642461,,1733900,,
2,1,,0.094729,0.600758,0.304513,,1456500,,
2,1,,0.074121,0.523062,0.402817,,1432700,,
2,2,,0.397865,0.020153,0.581982,,1426500,,
2,2,,0.418843,0.042279,0.538878,,1433600,,
2,2,,0.139168,0.234551,0.626281,,1425000,,
2,2,,0.128729,0.220735,0.650535,,1500200,,
2,2,,0.169266,0.15287,0.677864,,1417700,,
2,2,,0.372959,0.020782,0.606259,,1423000,,
2,2,,0.377068,0.027542,0.59539,,1424000,,
2,2,,0.224252,0.054665,0.721083,,1423700,,
2,2,,0.344381,0.027502,0.628117,,1448400,,
2,2,,0.420439,0.035341,0.54422,,1527400,,
2,2,,0.179519,0.096098,0.724383,,1468800,,
2,2,,0.121418,0.230391,0.648191,,1441000,,
2,2,,0.108417,0.410927,0.480656,,1434100,,
2,2,,0.261638,0.122007,0.616355,,1427300,,
2,2,,0.378535,0.066371,0.555095,,1516900,,
2,2,,0.214676,0.388548,0.396775,,1420000,,
2,1,,0.084596,0.65404,0.261365,,1431400,,
2,2,,0.105912,0.386203,0.507885,,1442000,,
2,2,,0.385019,0.02119,0.593791,,1420300,,
2,2,,0.371733,0.113546,0.514721,,1535300,,
2,2,,0.355483,0.056655,0.587862,,1426300,,
2,2,,0.132163,0.140601,0.727236,,1470200,,
2,2,,0.129812,0.293549,0.576639,,1429300,,
2,0,,0.546521,0.099345,0.354134,,1424500,,
2,2,,0.214936,0.075994,0.709071,,1528200,,
2,2,,0.450094,0.085182,0.464724,,1427200,,
2,2,,0.208981,0.256151,0.534868,,1441100,,
2,2,,0.189447,0.200483,0.610071,,1433100,,
2,1,,0.103142,0.64149,0.255368,,1432300,,
2,1,,0.118991,0.593095,0.287914,,1430600,,
2,2,,0.169139,0.228037,0.602824,,1549700,,
2,1,,0.157183,0.445594,0.397222,,1470400,,
2,1,,0.121544,0.473112,0.405344,,1476400,,
2,2,,0.236961,0.356093,0.406946,,1429600,,
2,2,,0.285014,0.094763,0.620222,,1417300,,
2,2,,0.425042,0.019915,0.555042,,1514100,,
2,2,,0.201872,0.138356,0.659772,,1422400,,
2,2,,0.207547,0.081847,0.710606,,1423400,,
2,2,,0.187528,0.206312,0.60616,,1459800,,
2,2,,0.417751,0.03609,0.546159,,1425300,,
2,2,,0.166306,0.295385,0.53831,,1519800,,
2,2,,0.230303,0.080062,0.689635,,1538700,,
2,2,,0.364369,0.036637,0.598995,,1435100,,
2,2,,0.175617,0.138916,0.685467,,1470700,,
2,2,,0.299057,0.074554,0.626389,,1438900,,
2,2,,0.422619,0.019835,0.557546,,1603000,,
2,2,,0.350587,0.021582,0.627831,,1430000,,
2,2,,0.308603,0.050867,0.640529,,1505200,,
2,2,,0.327429,0.101952,0.570619,,1426200,,
2,2,,0.184711,0.096345,0.718945,,1429500,,
2,2,,0.364265,0.025833,0.609903,,1463300,,
2,2,,0.426137,0.020787,0.553076,,1426500,,
2,2,,0.127082,0.289866,0.583051,,1417500,,
2,2,,0.220372,0.102564,0.677064,,1529300,,
2,2,,0.352044,0.026327,0.621629,,1428300,,
2,2,,0.166056,0.081668,0.752276,,1472900,,
2,2,,0.423489,0.019835,0.556677,,1421300,,
2,1,,0.137598,0.647597,0.214805,,1415800,,
2,2,,0.38976,0.095196,0.515043,,1525400,,
2,2,,0.148078,0.336353,0.515568,,1432200,,
2,2,,0.486823,0.026347,0.486831,,1429900,,
2,2,,0.261748,0.106994,0.631257,,1458400,,
2,2,,0.339604,0.025567,0.634829,,1431000,,
2,2,,0.216503,0.106998,0.676499,,1416900,,
2,2,,0.297387,0.060265,0.642348,,1597200,,
2,2,,0.104593,0.308032,0.587374,,1443900,,
2,2,,0.3634,0.082526,0.554074,,1427700,,
2,2,,0.196047,0.190465,0.613488,,1432700,,
2,2,,0.339823,0.019915,0.640262,,1430200,,
2,2,,0.261669,0.058934,0.679397,,1427100,,
2,2,,0.163311,0.405601,0.431088,,1897200,,
2,2,,0.146436,0.151019,0.702544,,1436400,,
2,2,,0.129902,0.277026,0.593071,,1459500,,
2,2,,0.212109,0.133173,0.654718,,1447100,,
2,2,,0.108489,0.291954,0.599557,,1484900,,
2,2,,0.121109,0.219722,0.659169,,1436100,,
2,2,,0.081201,0.288675,0.630124,,1411300,,
2,2,,0.230567,0.063897,0.705536,,1420400,,
2,2,,0.154756,0.133509,0.711735,,1521700,,
2,2,,0.268973,0.106502,0.624525,,1444000,,
2,2,,0.109607,0.42987,0.460523,,1418400,,
2,2,,0.168213,0.289616,0.542171,,1423000,,
2,2,,0.346888,0.019915,0.633198,,1416600,,
2,2,,0.294258,0.053061,0.652681,,1432300,,
2,2,,0.463161,0.020391,0.516447,,1621100,,
2,2,,0.204762,0.083653,0.711585,,1468800,,
2,2,,0.21373,0.0568,0.729469,,1443400,,
2,2,,0.269518,0.084529,0.645953,,1437200,,
2,2,,0.134237,0.125827,0.739937,,1451000,,
2,2,,0.19435,0.234688,0.570963,,1546600,,
2,2,,0.143815,0.351003,0.505182,,1445100,,
2,2,,0.22489,0.093127,0.681983,,1437800,,
2,2,,0.131963,0.140116,0.727921,,1470200,,
2,2,,0.419298,0.020153,0.560549,,1438400,,
2,2,,0.213677,0.122881,0.663442,,1518000,,
2,2,,0.417714,0.020782,0.561504,,1843100,,
2,2,,0.376522,0.04341,0.580069,,2893600,,
2,0,,0.487143,0.045739,0.467119,,2321300,,
2,2,,0.323751,0.070897,0.605352,,1448700,,
2,2,,0.292235,0.13167,0.576096,,1449500,,
2,2,,0.132423,0.42783,0.439747,,1508700,,
2,2,,0.397501,0.019835,0.582664,,1433200,,
2,1,,0.130504,0.47482,0.394676,,1461600,,
2,2,,0.158013,0.249802,0.592185,,1460900,,
2,2,,0.35873,0.026458,0.614812,,1702100,,
2,2,,0.351923,0.062993,0.585085,,1444000,,
2,2,,0.345311,0.064753,0.589937,,1417400,,
2,2,,0.396769,0.040787,0.562444,,1505400,,
2,2,,0.123419,0.186205,0.690376,,1427000,,
2,2,,0.274721,0.211431,0.513848,,1438700,,
2,2,,0.209576,0.126712,0.663712,,1437400,,
2,2,,0.195754,0.058195,0.746051,,1425500,,
2,1,,0.11576,0.590625,0.293615,,1435800,,
2,2,,0.406206,0.049042,0.544752,,1506400,,
