waveform-noise,CWE,test,0,NANOSECONDS,PREDICTIONS, Generated by ClassifierExperiments.java on 2022-05-16 22:38:22.    SYSTEMPROPERTIES:{user.name:matth,os.arch:amd64,os.name:Windows 10},ENDSYSTEMPROPERTIES
No parameter info
0.7422577422577422,1961782200,1523715500,-1,70611784,3,,-1,-1
0,1,,0.358219,0.550364,0.091417,,1596900,,
0,1,,0.384231,0.549416,0.066353,,1434900,,
0,1,,0.343066,0.56608,0.090854,,1431300,,
0,1,,0.320169,0.582846,0.096985,,1992800,,
0,0,,0.589623,0.104448,0.305929,,1675100,,
0,2,,0.376149,0.015518,0.608333,,1658300,,
0,0,,0.540355,0.254021,0.205624,,1704000,,
0,0,,0.466799,0.442563,0.090638,,1749400,,
0,1,,0.405883,0.51113,0.082987,,1669800,,
0,0,,0.506716,0.165712,0.327572,,1634000,,
0,0,,0.415954,0.198988,0.385058,,1637800,,
0,2,,0.408583,0.032455,0.558963,,1637400,,
0,0,,0.380326,0.353285,0.266389,,1724700,,
0,1,,0.371073,0.557187,0.07174,,1637200,,
0,2,,0.39617,0.080641,0.523189,,1649100,,
0,1,,0.351408,0.633893,0.014699,,1639600,,
0,1,,0.38399,0.572363,0.043647,,1660600,,
0,2,,0.316893,0.052297,0.63081,,1756100,,
0,2,,0.340143,0.193513,0.466343,,1629300,,
0,0,,0.534223,0.27208,0.193697,,1637400,,
0,2,,0.37651,0.137604,0.485886,,1642800,,
0,2,,0.44504,0.051413,0.503547,,1753800,,
0,1,,0.206402,0.489894,0.303704,,1658100,,
0,2,,0.418591,0.111438,0.469971,,1642200,,
0,1,,0.310337,0.439081,0.250582,,1638600,,
0,0,,0.583213,0.277837,0.138951,,1749900,,
0,2,,0.363853,0.081468,0.554679,,1775400,,
0,1,,0.372524,0.551499,0.075976,,1657800,,
0,1,,0.356267,0.549974,0.093759,,1648900,,
0,1,,0.421924,0.541221,0.036855,,1653200,,
0,1,,0.373616,0.490702,0.135682,,1634900,,
0,0,,0.564177,0.261051,0.174772,,1712400,,
0,0,,0.525332,0.09661,0.378058,,1640500,,
0,0,,0.535429,0.151798,0.312774,,1637000,,
0,1,,0.378881,0.528962,0.092157,,1644900,,
0,2,,0.213248,0.114053,0.672699,,1753000,,
0,0,,0.48434,0.119913,0.395746,,1730600,,
0,2,,0.439023,0.023575,0.537402,,1632400,,
0,2,,0.290253,0.116038,0.593708,,1640500,,
0,0,,0.452964,0.439721,0.107316,,1648400,,
0,0,,0.441116,0.430771,0.128113,,1653800,,
0,2,,0.401152,0.102201,0.496647,,1630400,,
0,1,,0.410304,0.574672,0.015023,,1745800,,
0,0,,0.382464,0.286311,0.331225,,1443400,,
0,0,,0.448008,0.441535,0.110456,,1439600,,
0,1,,0.301491,0.670245,0.028264,,1783700,,
0,1,,0.399703,0.518828,0.081469,,1637800,,
0,2,,0.345466,0.047009,0.607526,,1520700,,
0,1,,0.464744,0.465247,0.070009,,1403000,,
0,1,,0.361687,0.568527,0.069786,,1401300,,
0,2,,0.318617,0.194872,0.486511,,1411500,,
0,2,,0.401199,0.070605,0.528196,,1399700,,
0,1,,0.351798,0.526387,0.121815,,1541400,,
0,2,,0.45941,0.031075,0.509515,,1404700,,
0,0,,0.435301,0.402685,0.162014,,1401900,,
0,0,,0.500049,0.247916,0.252035,,1474400,,
0,1,,0.370658,0.554049,0.075293,,1415800,,
0,1,,0.392907,0.461869,0.145224,,1403500,,
0,0,,0.571559,0.251156,0.177285,,1548000,,
0,1,,0.430522,0.43061,0.138868,,1421500,,
0,1,,0.441123,0.507037,0.05184,,1428700,,
0,2,,0.431554,0.062325,0.50612,,1432800,,
0,0,,0.581948,0.217875,0.200178,,1424500,,
0,1,,0.365849,0.447317,0.186834,,1417400,,
0,1,,0.31661,0.368722,0.314668,,1427600,,
0,0,,0.414125,0.245011,0.340864,,1669800,,
0,0,,0.463338,0.457647,0.079016,,1466800,,
0,2,,0.213264,0.017536,0.7692,,1438500,,
0,1,,0.381996,0.570118,0.047885,,1423500,,
0,2,,0.281079,0.11902,0.599901,,1411500,,
0,1,,0.301341,0.595294,0.103365,,1505000,,
0,0,,0.534975,0.303512,0.161513,,1425100,,
0,1,,0.29358,0.66899,0.03743,,1461600,,
0,0,,0.507482,0.428949,0.063569,,1455500,,
0,1,,0.373215,0.569437,0.057348,,1425300,,
0,1,,0.458782,0.47821,0.063008,,1447700,,
0,2,,0.328493,0.047431,0.624076,,1539900,,
0,1,,0.327796,0.554641,0.117563,,1427300,,
0,0,,0.447408,0.272257,0.280335,,1422800,,
0,1,,0.360278,0.606055,0.033668,,1434200,,
0,0,,0.567929,0.25037,0.181701,,1419800,,
0,2,,0.380348,0.094595,0.525056,,1422400,,
0,0,,0.54672,0.206971,0.246309,,1595600,,
0,0,,0.425665,0.264306,0.310029,,1423800,,
0,0,,0.476049,0.187097,0.336854,,1447000,,
0,1,,0.310848,0.550396,0.138757,,1436900,,
0,0,,0.621317,0.227653,0.151031,,1513600,,
0,1,,0.447645,0.514271,0.038085,,1709500,,
0,0,,0.521436,0.383799,0.094765,,1446800,,
0,0,,0.423071,0.324441,0.252487,,1426000,,
0,2,,0.265116,0.165428,0.569457,,1430800,,
0,0,,0.596558,0.180561,0.222881,,1449400,,
0,1,,0.340157,0.509976,0.149867,,1431600,,
0,0,,0.481919,0.430928,0.087153,,1859200,,
0,0,,0.472927,0.469062,0.058011,,1442400,,
0,2,,0.357698,0.014041,0.62826,,1423000,,
0,1,,0.311169,0.618258,0.070573,,1434700,,
0,1,,0.467922,0.470251,0.061827,,1427300,,
0,1,,0.414988,0.486895,0.098117,,1511800,,
0,0,,0.445461,0.337941,0.216598,,1421600,,
0,1,,0.326673,0.642913,0.030415,,1865600,,
0,0,,0.567437,0.229231,0.203332,,1445100,,
0,1,,0.368211,0.615587,0.016202,,1437800,,
0,1,,0.402637,0.409081,0.188282,,1437200,,
0,1,,0.375661,0.603852,0.020487,,1451600,,
0,0,,0.465301,0.383431,0.151267,,1464600,,
0,0,,0.433074,0.150382,0.416544,,1428800,,
0,1,,0.263171,0.642506,0.094322,,1521400,,
0,2,,0.292145,0.128018,0.579837,,1503300,,
0,0,,0.531246,0.171357,0.297397,,1424200,,
0,1,,0.365413,0.563835,0.070752,,1459300,,
0,0,,0.456263,0.332814,0.210923,,1452700,,
0,2,,0.379516,0.176842,0.443642,,1425000,,
0,1,,0.385696,0.445391,0.168913,,1545600,,
0,2,,0.394855,0.172557,0.432588,,1702600,,
0,0,,0.644195,0.296246,0.059559,,1681300,,
0,0,,0.411249,0.405324,0.183427,,1694900,,
0,2,,0.369116,0.014578,0.616306,,1691700,,
0,1,,0.370863,0.524587,0.104549,,1692500,,
0,1,,0.304763,0.591701,0.103536,,1929400,,
0,2,,0.316358,0.105517,0.578125,,1442500,,
0,2,,0.38301,0.074559,0.542431,,1426400,,
0,2,,0.317871,0.181589,0.50054,,1424000,,
0,1,,0.360877,0.585203,0.05392,,1420000,,
0,0,,0.456672,0.099839,0.443488,,1435200,,
0,2,,0.382602,0.079009,0.538389,,1801900,,
0,0,,0.488802,0.139948,0.37125,,1478600,,
0,0,,0.611,0.198673,0.190327,,1430700,,
0,1,,0.409842,0.506385,0.083773,,1428400,,
0,0,,0.467085,0.190403,0.342512,,1553100,,
0,1,,0.417783,0.515718,0.066499,,1436100,,
0,1,,0.366009,0.616725,0.017266,,1561900,,
0,0,,0.512019,0.367945,0.120036,,1432600,,
0,2,,0.362982,0.154405,0.482613,,1457400,,
0,1,,0.322177,0.593506,0.084317,,1450100,,
0,2,,0.365,0.083777,0.551222,,1417300,,
0,2,,0.400231,0.050114,0.549655,,1403900,,
0,1,,0.371722,0.519681,0.108597,,1502900,,
0,2,,0.428689,0.06991,0.5014,,1408500,,
0,1,,0.356544,0.53072,0.112737,,1435100,,
0,0,,0.558238,0.248388,0.193373,,1464200,,
0,0,,0.522114,0.072943,0.404943,,1427700,,
0,2,,0.38245,0.081935,0.535615,,1417100,,
0,1,,0.247146,0.696462,0.056392,,1567000,,
0,0,,0.463907,0.258495,0.277598,,1453800,,
0,0,,0.454834,0.142728,0.402437,,1428500,,
0,0,,0.572785,0.286013,0.141202,,1444800,,
0,0,,0.426723,0.353625,0.219652,,1444300,,
0,2,,0.390767,0.122455,0.486778,,1429900,,
0,1,,0.439569,0.458972,0.101459,,1425200,,
0,0,,0.454671,0.200078,0.34525,,1555200,,
0,1,,0.396157,0.47842,0.125423,,1473200,,
0,0,,0.53338,0.124255,0.342365,,1513800,,
0,0,,0.411366,0.280268,0.308366,,1475300,,
0,0,,0.437493,0.233915,0.328592,,1431800,,
0,2,,0.404115,0.066789,0.529095,,1412300,,
0,0,,0.484975,0.205205,0.30982,,1559000,,
0,1,,0.391631,0.498249,0.11012,,1411700,,
0,0,,0.458152,0.401329,0.140519,,1417200,,
0,0,,0.467427,0.425839,0.106734,,1423000,,
0,1,,0.322306,0.611406,0.066287,,1476100,,
0,0,,0.577576,0.155974,0.26645,,1434400,,
0,0,,0.481193,0.320607,0.198201,,1445600,,
0,2,,0.362472,0.137494,0.500034,,1571300,,
0,1,,0.372717,0.404207,0.223076,,1423500,,
0,0,,0.400722,0.364593,0.234685,,1456500,,
0,1,,0.461271,0.473543,0.065186,,1470100,,
0,2,,0.372813,0.102512,0.524675,,1457700,,
0,1,,0.365769,0.458866,0.175366,,1433600,,
0,1,,0.373805,0.572026,0.054169,,1595600,,
0,0,,0.428206,0.392527,0.179267,,1422100,,
0,0,,0.460272,0.3522,0.187528,,1437000,,
0,2,,0.286198,0.134842,0.57896,,1433200,,
0,1,,0.292353,0.656903,0.050744,,1448100,,
0,0,,0.510869,0.184348,0.304783,,1445000,,
0,0,,0.543537,0.380076,0.076387,,1429900,,
0,2,,0.325853,0.115869,0.558279,,1585700,,
0,1,,0.358908,0.591868,0.049224,,1423800,,
0,0,,0.529052,0.19637,0.274578,,1450600,,
0,0,,0.426371,0.21631,0.357319,,1431900,,
0,1,,0.404292,0.534287,0.061421,,1424300,,
0,2,,0.382846,0.047951,0.569203,,1425500,,
0,1,,0.351028,0.519144,0.129828,,1556300,,
0,0,,0.52393,0.172801,0.303269,,1419600,,
0,2,,0.282057,0.117275,0.600668,,1521900,,
0,1,,0.315201,0.667719,0.01708,,1511000,,
0,2,,0.378115,0.152011,0.469874,,1451800,,
0,0,,0.361807,0.32814,0.310053,,1413800,,
0,1,,0.458736,0.472025,0.069239,,1660300,,
0,1,,0.415284,0.426859,0.157858,,1436300,,
0,0,,0.467795,0.087916,0.444289,,1428800,,
0,1,,0.238375,0.744512,0.017114,,1442500,,
0,1,,0.358875,0.515063,0.126062,,1434900,,
0,2,,0.329056,0.063446,0.607498,,1431700,,
0,1,,0.37066,0.509638,0.119702,,1477400,,
0,1,,0.292596,0.455045,0.252359,,1474900,,
0,1,,0.309064,0.661954,0.028982,,1422900,,
0,2,,0.352944,0.039831,0.607225,,1547200,,
0,0,,0.523081,0.420324,0.056595,,1416200,,
0,2,,0.350793,0.077112,0.572095,,1443600,,
0,2,,0.342102,0.040342,0.617557,,1422900,,
0,2,,0.455695,0.083105,0.4612,,1447400,,
0,1,,0.42951,0.532824,0.037666,,1431800,,
0,1,,0.319269,0.635847,0.044884,,1451500,,
0,1,,0.368724,0.573856,0.05742,,1606500,,
0,0,,0.574647,0.158104,0.267249,,1424100,,
0,0,,0.405335,0.389428,0.205237,,1447700,,
0,1,,0.366998,0.390193,0.242809,,1432900,,
0,2,,0.376382,0.099803,0.523815,,1450700,,
0,2,,0.295526,0.098433,0.606041,,1411900,,
0,0,,0.498242,0.389675,0.112083,,1506100,,
0,1,,0.363413,0.552764,0.083822,,1412700,,
0,0,,0.63717,0.148352,0.214478,,1443600,,
0,1,,0.318333,0.577994,0.103674,,1496800,,
0,0,,0.494641,0.141118,0.364241,,1432400,,
0,0,,0.429769,0.149373,0.420858,,1713500,,
0,1,,0.361826,0.579274,0.0589,,1443000,,
0,0,,0.566076,0.119643,0.31428,,2491600,,
0,0,,0.476234,0.2496,0.274166,,2129100,,
0,1,,0.406904,0.538284,0.054813,,1449400,,
0,2,,0.342952,0.012845,0.644202,,1429300,,
0,1,,0.410519,0.540269,0.049212,,1424400,,
0,1,,0.3629,0.586884,0.050215,,1412600,,
0,0,,0.514861,0.301125,0.184014,,1513300,,
0,0,,0.603992,0.124615,0.271393,,1414900,,
0,0,,0.433897,0.242625,0.323478,,1448500,,
0,0,,0.469446,0.206536,0.324018,,1488000,,
0,1,,0.374572,0.515778,0.10965,,1427700,,
0,1,,0.385139,0.600233,0.014628,,1427600,,
0,1,,0.460059,0.474231,0.065709,,1534500,,
0,0,,0.514432,0.08939,0.396178,,1419100,,
0,2,,0.445731,0.070398,0.48387,,1413500,,
0,2,,0.338822,0.070727,0.590451,,1415700,,
0,1,,0.356421,0.57873,0.064848,,1433200,,
0,1,,0.396668,0.435113,0.168219,,1451100,,
0,1,,0.374198,0.581983,0.043818,,1596500,,
0,2,,0.318731,0.225353,0.455916,,1637800,,
0,0,,0.477294,0.237412,0.285294,,1422100,,
0,0,,0.496103,0.299444,0.204452,,1416000,,
0,1,,0.361495,0.60379,0.034715,,1414700,,
0,0,,0.495956,0.246067,0.257978,,1409800,,
0,2,,0.357601,0.027078,0.61532,,1424900,,
0,2,,0.305159,0.175039,0.519802,,1592100,,
0,1,,0.270094,0.628844,0.101061,,1416400,,
0,0,,0.529944,0.308032,0.162024,,1404600,,
0,0,,0.411897,0.214842,0.37326,,1403800,,
0,2,,0.360299,0.051453,0.588248,,1413100,,
0,0,,0.39859,0.32508,0.27633,,1652400,,
0,0,,0.415148,0.342506,0.242346,,1434800,,
0,0,,0.698222,0.107711,0.194067,,1948800,,
0,1,,0.316484,0.604984,0.078531,,1655600,,
0,1,,0.422731,0.559521,0.017748,,1646700,,
0,0,,0.565783,0.093721,0.340496,,1646700,,
0,2,,0.339291,0.200137,0.460572,,1747900,,
0,0,,0.459469,0.268079,0.272452,,1665600,,
0,2,,0.323164,0.135253,0.541583,,1660600,,
0,1,,0.471332,0.499351,0.029317,,1682500,,
0,1,,0.439834,0.481658,0.078508,,1644800,,
0,2,,0.417462,0.16081,0.421728,,1740400,,
0,0,,0.462951,0.456976,0.080072,,1652600,,
0,0,,0.444453,0.39097,0.164578,,1669300,,
0,0,,0.402822,0.195736,0.401442,,1661200,,
0,2,,0.315926,0.011234,0.67284,,1666100,,
0,1,,0.377761,0.491644,0.130595,,1741000,,
0,1,,0.320995,0.625976,0.053029,,1661200,,
0,1,,0.396676,0.563508,0.039816,,1671000,,
0,1,,0.379126,0.552558,0.068317,,1746500,,
0,1,,0.349604,0.61563,0.034765,,1436400,,
0,2,,0.401748,0.046548,0.551704,,1438200,,
0,0,,0.463791,0.154183,0.382026,,1500800,,
0,2,,0.381482,0.202585,0.415933,,1421200,,
0,2,,0.419352,0.123533,0.457115,,1420100,,
0,2,,0.35798,0.035046,0.606974,,1420700,,
0,2,,0.360616,0.075456,0.563929,,1415000,,
0,0,,0.459474,0.40498,0.135546,,1416300,,
0,0,,0.359468,0.342167,0.298365,,1589800,,
0,0,,0.427637,0.162432,0.409931,,1483200,,
0,2,,0.332777,0.049647,0.617576,,1778500,,
0,2,,0.41142,0.100256,0.488324,,1442700,,
0,2,,0.28777,0.092942,0.619288,,1426300,,
0,0,,0.485662,0.276311,0.238027,,1411600,,
0,1,,0.320622,0.568597,0.110781,,1520100,,
0,2,,0.281636,0.047546,0.670818,,1438900,,
0,2,,0.346028,0.144644,0.509329,,1436300,,
0,1,,0.335219,0.615631,0.049151,,1448900,,
0,0,,0.490832,0.142293,0.366875,,1424100,,
0,1,,0.329089,0.593046,0.077865,,1478300,,
0,1,,0.398901,0.55763,0.043469,,1638600,,
0,1,,0.449748,0.532481,0.017771,,1429800,,
0,2,,0.25819,0.319914,0.421896,,1438400,,
0,2,,0.42518,0.099203,0.475617,,1445600,,
0,1,,0.44342,0.487665,0.068915,,1429000,,
0,2,,0.422118,0.069232,0.50865,,1456400,,
0,0,,0.591149,0.182759,0.226092,,1523000,,
0,2,,0.328414,0.313937,0.357649,,1452300,,
0,0,,0.482726,0.081109,0.436166,,1416600,,
0,2,,0.312966,0.032842,0.654192,,1442700,,
0,2,,0.44846,0.031075,0.520465,,1489400,,
0,2,,0.367622,0.014578,0.6178,,1419100,,
0,1,,0.328008,0.637683,0.034309,,1518700,,
0,0,,0.408021,0.196884,0.395094,,1463000,,
0,2,,0.404056,0.105418,0.490526,,1428600,,
0,2,,0.369463,0.098264,0.532272,,1446100,,
0,2,,0.407552,0.055877,0.536571,,1420400,,
0,1,,0.339342,0.604057,0.056601,,1424200,,
0,2,,0.369511,0.114452,0.516037,,1421800,,
0,2,,0.446528,0.050871,0.5026,,1603800,,
0,0,,0.512897,0.30732,0.179784,,1428200,,
0,1,,0.413571,0.462481,0.123947,,1469100,,
0,0,,0.454867,0.179036,0.366097,,1490200,,
0,0,,0.403371,0.389656,0.206972,,1410800,,
0,0,,0.465824,0.165928,0.368248,,1425200,,
0,2,,0.402694,0.168758,0.428547,,1671700,,
0,1,,0.410278,0.545361,0.044361,,1473800,,
0,1,,0.314026,0.630578,0.055396,,1428200,,
0,0,,0.486458,0.452006,0.061536,,1422400,,
0,1,,0.393612,0.433744,0.172644,,1423600,,
0,0,,0.480026,0.326878,0.193096,,1411300,,
0,1,,0.440255,0.516339,0.043406,,1554800,,
0,1,,0.362179,0.623122,0.014699,,1511500,,
0,2,,0.392691,0.141865,0.465444,,1461900,,
0,0,,0.454908,0.367941,0.177151,,1434300,,
0,0,,0.569503,0.330731,0.099766,,1423600,,
0,0,,0.504901,0.339249,0.15585,,1422200,,
0,1,,0.258701,0.720576,0.020722,,1518400,,
0,2,,0.446029,0.081923,0.472049,,1487700,,
0,1,,0.29065,0.567025,0.142324,,1432300,,
0,0,,0.437372,0.250222,0.312406,,1446300,,
0,2,,0.353986,0.080223,0.565791,,1409800,,
0,1,,0.373456,0.557431,0.069114,,1408900,,
0,1,,0.297839,0.614552,0.087609,,1589200,,
0,2,,0.399257,0.189742,0.411,,1419100,,
0,1,,0.475035,0.488789,0.036176,,1443200,,
0,0,,0.422125,0.394923,0.182952,,1499700,,
0,2,,0.440098,0.031075,0.528827,,1439800,,
0,1,,0.373814,0.41785,0.208336,,1432800,,
0,0,,0.496059,0.462592,0.041348,,1541900,,
0,0,,0.492847,0.290896,0.216256,,1429700,,
0,0,,0.543235,0.251849,0.204916,,1426200,,
1,1,,0.132753,0.74317,0.124077,,1440000,,
1,2,,0.044326,0.465054,0.490621,,1422700,,
1,1,,0.242507,0.729139,0.028354,,1761900,,
1,1,,0.353535,0.581612,0.064854,,1657900,,
1,1,,0.163265,0.66788,0.168856,,1656500,,
1,1,,0.241486,0.625743,0.132771,,1649500,,
1,1,,0.099007,0.671698,0.229294,,1673700,,
1,1,,0.197479,0.608901,0.19362,,1894800,,
1,1,,0.070415,0.671652,0.257932,,1653400,,
1,1,,0.3415,0.614124,0.044376,,1644300,,
1,1,,0.263548,0.637101,0.099351,,1637700,,
1,1,,0.262028,0.689705,0.048268,,1654300,,
1,2,,0.0511,0.428528,0.520373,,1748900,,
1,1,,0.049326,0.535017,0.415657,,1651900,,
1,1,,0.217207,0.643574,0.139218,,1696300,,
1,1,,0.156326,0.725735,0.117939,,1658700,,
1,1,,0.425669,0.559314,0.015017,,1641600,,
1,1,,0.274262,0.705337,0.020401,,1768600,,
1,1,,0.094617,0.608925,0.296458,,1652500,,
1,1,,0.320026,0.62302,0.056954,,1649900,,
1,1,,0.295318,0.637608,0.067074,,1671800,,
1,1,,0.100393,0.489773,0.409834,,1690000,,
1,1,,0.076124,0.511462,0.412414,,1902400,,
1,1,,0.181264,0.597515,0.221221,,1650800,,
1,1,,0.088774,0.551636,0.359589,,1692600,,
1,1,,0.11475,0.606594,0.278656,,1671200,,
1,1,,0.089382,0.656861,0.253757,,1926200,,
1,1,,0.322352,0.533619,0.144028,,1642700,,
1,1,,0.176024,0.678892,0.145084,,1647300,,
1,2,,0.117886,0.371112,0.511002,,1651200,,
1,1,,0.294549,0.576522,0.128929,,1657900,,
1,1,,0.134094,0.716827,0.149079,,1672400,,
1,1,,0.215582,0.671703,0.112715,,1773300,,
1,1,,0.212893,0.622107,0.164999,,1650500,,
1,1,,0.087019,0.623922,0.28906,,1647400,,
1,1,,0.196982,0.714523,0.088495,,1652800,,
1,1,,0.228745,0.692945,0.07831,,1643400,,
1,1,,0.329724,0.582847,0.087429,,1729100,,
1,1,,0.209126,0.644208,0.146666,,1648800,,
1,1,,0.146882,0.658373,0.194745,,1754900,,
1,1,,0.087912,0.704478,0.20761,,1681600,,
1,1,,0.116631,0.614445,0.268924,,1703300,,
1,1,,0.128101,0.742424,0.129475,,1589500,,
1,1,,0.237157,0.574247,0.188596,,1439100,,
1,1,,0.075032,0.695746,0.229222,,1416600,,
1,1,,0.150026,0.641514,0.20846,,1427100,,
1,2,,0.141025,0.277877,0.581097,,1426500,,
1,1,,0.14949,0.767503,0.083007,,1411100,,
1,1,,0.286517,0.657616,0.055867,,1636000,,
1,1,,0.135459,0.507334,0.357207,,1461800,,
1,1,,0.33738,0.638978,0.023641,,1451800,,
1,1,,0.090632,0.721924,0.187445,,1436000,,
1,1,,0.109627,0.586789,0.303584,,1435600,,
1,1,,0.230096,0.691763,0.078141,,1408700,,
1,1,,0.076623,0.586557,0.33682,,1527600,,
1,1,,0.200836,0.595587,0.203577,,1428100,,
1,1,,0.16656,0.594821,0.238619,,1432600,,
1,1,,0.156146,0.576268,0.267587,,1450300,,
1,1,,0.425483,0.540006,0.034511,,1431100,,
1,1,,0.18364,0.585922,0.230438,,1541600,,
1,1,,0.311826,0.642308,0.045867,,1451200,,
1,1,,0.332261,0.625524,0.042215,,1427800,,
1,1,,0.170068,0.598908,0.231023,,1437500,,
1,1,,0.272725,0.643584,0.083691,,1428200,,
1,2,,0.072042,0.36534,0.562618,,1439900,,
1,2,,0.06483,0.381698,0.553472,,1563200,,
1,1,,0.058052,0.616309,0.325639,,1420200,,
1,1,,0.350958,0.578519,0.070524,,1443700,,
1,1,,0.121673,0.765915,0.112412,,1436100,,
1,1,,0.222185,0.752454,0.02536,,1439300,,
1,1,,0.277438,0.624479,0.098082,,1428400,,
1,1,,0.154626,0.750774,0.0946,,1562400,,
1,1,,0.118498,0.624356,0.257146,,1425700,,
1,2,,0.04319,0.384857,0.571953,,1433100,,
1,1,,0.125971,0.715777,0.158252,,1433400,,
1,1,,0.160495,0.691271,0.148233,,1420600,,
1,2,,0.121996,0.366707,0.511297,,1545400,,
1,1,,0.077336,0.622064,0.3006,,1430200,,
1,1,,0.068019,0.704043,0.227938,,1439400,,
1,1,,0.072765,0.684375,0.24286,,1430200,,
1,1,,0.179313,0.696805,0.123881,,1417700,,
1,1,,0.107896,0.667018,0.225086,,1424800,,
1,1,,0.052039,0.501161,0.446801,,1769800,,
1,1,,0.136443,0.698832,0.164725,,1656900,,
1,1,,0.213129,0.558505,0.228367,,1695900,,
1,1,,0.161261,0.715157,0.123582,,1658200,,
1,1,,0.191429,0.59293,0.215641,,1659500,,
1,1,,0.249521,0.648737,0.101742,,1831800,,
1,1,,0.240111,0.694717,0.065172,,1694300,,
1,1,,0.305645,0.655128,0.039227,,1663100,,
1,1,,0.13951,0.726747,0.133743,,1671600,,
1,1,,0.208263,0.617668,0.174069,,1653100,,
1,1,,0.351444,0.631378,0.017178,,1643700,,
1,1,,0.06452,0.569777,0.365702,,1747100,,
1,1,,0.13376,0.702035,0.164204,,1649800,,
1,1,,0.306692,0.512189,0.181118,,1647500,,
1,1,,0.258428,0.559394,0.182179,,1744800,,
1,1,,0.084122,0.740238,0.175641,,1654000,,
1,1,,0.178811,0.587209,0.233979,,1760100,,
1,1,,0.450674,0.493604,0.055722,,1655600,,
1,1,,0.177552,0.644734,0.177713,,1665200,,
1,1,,0.341057,0.582945,0.075998,,1664500,,
1,1,,0.086337,0.577106,0.336557,,1503300,,
1,1,,0.243446,0.49744,0.259114,,1431800,,
1,1,,0.250604,0.657147,0.092249,,1546200,,
1,1,,0.070743,0.47867,0.450587,,1431200,,
1,1,,0.293908,0.667535,0.038557,,1426200,,
1,1,,0.122553,0.698146,0.179301,,1434000,,
1,1,,0.217028,0.649609,0.133363,,1411600,,
1,2,,0.098438,0.336727,0.564835,,1427700,,
1,1,,0.342213,0.545034,0.112752,,1597700,,
1,1,,0.082893,0.589823,0.327284,,1421500,,
1,1,,0.208981,0.631558,0.159461,,1454300,,
1,1,,0.151617,0.622781,0.225602,,1435800,,
1,1,,0.107696,0.56945,0.322854,,1454200,,
1,1,,0.134436,0.706664,0.158899,,1434500,,
1,1,,0.143412,0.754152,0.102436,,2496100,,
1,1,,0.07423,0.695693,0.230077,,2688200,,
1,1,,0.293355,0.63571,0.070935,,1664400,,
1,1,,0.420511,0.562579,0.01691,,1669500,,
1,1,,0.069706,0.603209,0.327085,,1667400,,
1,1,,0.322375,0.594031,0.083593,,1842800,,
1,1,,0.331395,0.58032,0.088285,,1448100,,
1,1,,0.31819,0.574078,0.107732,,1427600,,
1,1,,0.141912,0.670793,0.187294,,1434900,,
1,1,,0.310178,0.634037,0.055785,,1427800,,
1,1,,0.229783,0.640584,0.129633,,1520000,,
1,1,,0.232764,0.709642,0.057594,,1420400,,
1,1,,0.08402,0.598801,0.317179,,1436300,,
1,1,,0.230224,0.625767,0.144009,,1469200,,
1,1,,0.071969,0.498605,0.429426,,1425000,,
1,1,,0.222629,0.554493,0.222878,,1461500,,
1,1,,0.135957,0.678962,0.185081,,3614300,,
1,1,,0.097197,0.610068,0.292735,,3098400,,
1,2,,0.05798,0.460419,0.481601,,1979500,,
1,1,,0.169122,0.67372,0.157157,,1605500,,
1,1,,0.276777,0.692659,0.030564,,1446800,,
1,1,,0.118357,0.744385,0.137258,,1434700,,
1,1,,0.08858,0.462869,0.448551,,1456400,,
1,1,,0.146966,0.564157,0.288877,,1510400,,
1,1,,0.080323,0.529397,0.390281,,1406300,,
1,1,,0.383792,0.558258,0.05795,,1526300,,
1,1,,0.09417,0.735221,0.170609,,1431200,,
1,1,,0.227046,0.587762,0.185192,,1454500,,
1,1,,0.121633,0.71432,0.164047,,1433900,,
1,1,,0.04984,0.555185,0.394974,,1409400,,
1,1,,0.175556,0.457417,0.367026,,1417000,,
1,1,,0.35441,0.620875,0.024715,,1584100,,
1,1,,0.341395,0.616571,0.042034,,1417200,,
1,1,,0.10989,0.684517,0.205593,,1412500,,
1,1,,0.234398,0.660713,0.104889,,1528400,,
1,1,,0.083046,0.637755,0.279199,,1444100,,
1,1,,0.196918,0.690367,0.112715,,1435000,,
1,1,,0.317042,0.527046,0.155912,,1540200,,
1,1,,0.261707,0.618978,0.119314,,1429900,,
1,1,,0.080962,0.763158,0.15588,,1440700,,
1,2,,0.044616,0.452181,0.503202,,1464400,,
1,1,,0.218577,0.634571,0.146852,,1439200,,
1,1,,0.379467,0.584409,0.036124,,1430200,,
1,1,,0.242028,0.616554,0.141418,,1534200,,
1,1,,0.270129,0.649211,0.080661,,1473100,,
1,1,,0.340387,0.599804,0.059809,,1437500,,
1,1,,0.281474,0.678544,0.039982,,1437600,,
1,1,,0.376834,0.579054,0.044111,,1444200,,
1,1,,0.268582,0.668513,0.062905,,1429200,,
1,2,,0.092107,0.451211,0.456683,,1638000,,
1,1,,0.2029,0.673077,0.124024,,1439900,,
1,1,,0.277128,0.699711,0.023161,,1447700,,
1,1,,0.321832,0.614772,0.063396,,1433700,,
1,1,,0.079501,0.556667,0.363831,,1450500,,
1,1,,0.226998,0.718725,0.054276,,1427800,,
1,1,,0.083142,0.615121,0.301737,,1734900,,
1,1,,0.208188,0.483109,0.308703,,1678100,,
1,1,,0.177674,0.717308,0.105018,,1676100,,
1,2,,0.08345,0.434933,0.481617,,1667700,,
1,1,,0.301982,0.488115,0.209903,,1662900,,
1,1,,0.349498,0.582699,0.067804,,1804200,,
1,1,,0.297383,0.632733,0.069884,,1693200,,
1,1,,0.32503,0.631574,0.043396,,1679200,,
1,1,,0.203973,0.744773,0.051254,,1655100,,
1,1,,0.288689,0.65552,0.055791,,1650700,,
1,1,,0.065111,0.737431,0.197458,,1600400,,
1,1,,0.137955,0.643709,0.218335,,1414900,,
1,1,,0.072504,0.591275,0.336221,,1421400,,
1,1,,0.066755,0.473012,0.460233,,1434100,,
1,1,,0.330641,0.649605,0.019755,,1418500,,
1,1,,0.367089,0.596102,0.036809,,1418900,,
1,1,,0.144795,0.612238,0.242967,,1563200,,
1,1,,0.186418,0.65198,0.161603,,1427400,,
1,1,,0.378135,0.556078,0.065787,,1412000,,
1,1,,0.297428,0.633375,0.069197,,1428000,,
1,1,,0.09575,0.499238,0.405011,,1501300,,
1,1,,0.189067,0.759925,0.051008,,1436200,,
1,1,,0.082313,0.616803,0.300884,,1548500,,
1,1,,0.112073,0.714805,0.173122,,1430500,,
1,1,,0.15174,0.609782,0.238478,,1442700,,
1,1,,0.289238,0.632682,0.07808,,1473900,,
1,1,,0.110729,0.532863,0.356408,,1433800,,
1,1,,0.232876,0.70477,0.062354,,1430900,,
1,1,,0.215512,0.651429,0.133059,,1548200,,
1,1,,0.062325,0.544329,0.393346,,1435300,,
1,1,,0.280794,0.682997,0.036209,,1450300,,
1,1,,0.077106,0.5281,0.394793,,1528700,,
1,1,,0.13553,0.660798,0.203673,,1442000,,
1,1,,0.34042,0.643597,0.015983,,1554000,,
1,1,,0.187231,0.686772,0.125997,,1439200,,
1,1,,0.096116,0.632487,0.271397,,1469000,,
1,1,,0.270512,0.69985,0.029638,,1434400,,
1,1,,0.342488,0.635312,0.022199,,1431100,,
1,1,,0.232076,0.725256,0.042668,,1440100,,
1,1,,0.06784,0.5533,0.37886,,1577500,,
1,1,,0.241509,0.610814,0.147677,,1458200,,
1,1,,0.297809,0.652437,0.049754,,1451700,,
1,1,,0.079371,0.495716,0.424913,,1496700,,
1,2,,0.102214,0.361101,0.536685,,1448100,,
1,1,,0.086626,0.467393,0.445981,,1541200,,
1,1,,0.238365,0.67253,0.089106,,1463500,,
1,1,,0.080842,0.708846,0.210311,,1465400,,
1,1,,0.127477,0.740938,0.131585,,1457900,,
1,1,,0.356747,0.609181,0.034072,,1432800,,
1,1,,0.178263,0.717755,0.103983,,1434500,,
1,1,,0.195964,0.711459,0.092577,,1423700,,
1,1,,0.11295,0.678485,0.208564,,1554100,,
1,1,,0.106076,0.746934,0.14699,,1481400,,
1,1,,0.129298,0.577428,0.293274,,1451100,,
1,1,,0.170369,0.664167,0.165464,,1463000,,
1,1,,0.366403,0.618901,0.014695,,1450700,,
1,1,,0.248617,0.62792,0.123464,,1443000,,
1,2,,0.067752,0.306897,0.625351,,1554000,,
1,1,,0.385246,0.597488,0.017266,,1433900,,
1,1,,0.13318,0.435557,0.431263,,1453100,,
1,1,,0.297914,0.681922,0.020165,,1461200,,
1,1,,0.224064,0.596451,0.179485,,1441900,,
1,1,,0.276784,0.685848,0.037367,,1481900,,
1,1,,0.03766,0.63315,0.32919,,1582500,,
1,1,,0.041522,0.570492,0.387985,,1443100,,
1,1,,0.061865,0.500069,0.438066,,1449700,,
1,1,,0.203893,0.744624,0.051483,,1456400,,
1,1,,0.174231,0.689455,0.136314,,1425400,,
1,1,,0.053048,0.481823,0.465129,,1435700,,
1,1,,0.213161,0.689014,0.097825,,1539000,,
1,1,,0.251992,0.67117,0.076837,,1427000,,
1,1,,0.163552,0.744127,0.092321,,1429400,,
1,1,,0.383957,0.530629,0.085413,,1430700,,
1,1,,0.100755,0.542576,0.356668,,1465300,,
1,2,,0.091086,0.408686,0.500228,,1451900,,
1,1,,0.240229,0.703952,0.05582,,1641500,,
1,1,,0.107402,0.646631,0.245966,,1452000,,
1,2,,0.080965,0.410868,0.508167,,1460000,,
1,1,,0.290615,0.665555,0.043829,,1436000,,
1,1,,0.215784,0.637247,0.146968,,1444900,,
1,1,,0.198522,0.661546,0.139932,,1458700,,
1,1,,0.067935,0.560685,0.37138,,1761200,,
1,1,,0.076326,0.603635,0.320039,,1444500,,
1,1,,0.29655,0.668823,0.034627,,1433000,,
1,1,,0.138145,0.715267,0.146588,,1482000,,
1,1,,0.08833,0.45768,0.45399,,1426800,,
1,1,,0.092245,0.483348,0.424407,,1469000,,
1,1,,0.209278,0.481309,0.309413,,1696700,,
1,1,,0.182881,0.69623,0.120889,,1440700,,
1,1,,0.12013,0.728931,0.150939,,1437100,,
1,1,,0.248727,0.662794,0.088478,,1407200,,
1,1,,0.142954,0.662754,0.194292,,1407700,,
1,1,,0.350511,0.592535,0.056954,,1524200,,
1,1,,0.189574,0.679252,0.131174,,1415200,,
1,1,,0.116626,0.533517,0.349857,,1411000,,
1,2,,0.092687,0.378403,0.52891,,1607900,,
1,1,,0.10709,0.620647,0.272263,,1434300,,
1,2,,0.060979,0.373731,0.56529,,1419300,,
1,1,,0.251408,0.687145,0.061447,,1529100,,
1,1,,0.26965,0.584393,0.145957,,1412500,,
1,1,,0.27482,0.603529,0.121651,,1435900,,
1,1,,0.211163,0.602444,0.186393,,1422100,,
1,1,,0.117523,0.640409,0.242069,,1419600,,
1,1,,0.144812,0.706444,0.148745,,1418900,,
1,1,,0.200803,0.670859,0.128339,,1518600,,
1,1,,0.207476,0.687614,0.10491,,1415300,,
1,1,,0.250706,0.721387,0.027906,,1488600,,
1,2,,0.069978,0.361343,0.568678,,1438300,,
1,2,,0.116083,0.373277,0.51064,,1413400,,
1,1,,0.278082,0.671497,0.05042,,1418000,,
1,1,,0.366331,0.548916,0.084752,,1519900,,
1,1,,0.138871,0.729371,0.131759,,1418200,,
1,1,,0.205195,0.6122,0.182606,,1415500,,
1,1,,0.22377,0.64206,0.134171,,1418200,,
1,1,,0.255261,0.601426,0.143313,,1414800,,
1,1,,0.271928,0.640352,0.08772,,1504300,,
1,1,,0.191482,0.67806,0.130457,,1489700,,
1,1,,0.325762,0.625818,0.04842,,1465300,,
1,1,,0.086342,0.573459,0.340199,,1439100,,
1,1,,0.331928,0.63408,0.033992,,1434000,,
1,1,,0.087556,0.53819,0.374254,,1423300,,
1,1,,0.06915,0.641782,0.289068,,1417400,,
1,1,,0.329938,0.614913,0.055148,,1539200,,
1,1,,0.297526,0.654573,0.047901,,1422000,,
1,1,,0.261679,0.644718,0.093603,,1426700,,
1,1,,0.443105,0.538434,0.018462,,1431600,,
1,1,,0.102012,0.712384,0.185604,,1428500,,
1,1,,0.067734,0.562162,0.370103,,1432700,,
1,1,,0.153857,0.672286,0.173857,,1579400,,
1,1,,0.25862,0.672373,0.069007,,1418000,,
1,1,,0.407508,0.577618,0.014874,,1414200,,
1,1,,0.144287,0.553868,0.301845,,1423200,,
1,1,,0.265041,0.573519,0.16144,,1415800,,
1,1,,0.097283,0.683198,0.219519,,1432800,,
1,1,,0.086278,0.719912,0.19381,,1427300,,
1,1,,0.260939,0.692547,0.046515,,1528300,,
1,1,,0.32049,0.563711,0.115799,,1424700,,
1,2,,0.065122,0.354863,0.580015,,1437400,,
1,1,,0.386025,0.599276,0.014699,,1454900,,
1,1,,0.327754,0.565871,0.106376,,1587800,,
1,1,,0.262952,0.714123,0.022924,,1459000,,
1,1,,0.332237,0.562494,0.105269,,1614300,,
1,1,,0.224592,0.622594,0.152814,,1419900,,
1,1,,0.10573,0.537227,0.357043,,1461300,,
1,1,,0.231391,0.701821,0.066789,,1439900,,
1,1,,0.244362,0.576604,0.179034,,1479000,,
1,1,,0.107178,0.720219,0.172603,,1550200,,
1,1,,0.292315,0.660733,0.046952,,1422600,,
1,1,,0.223234,0.715128,0.061638,,1436100,,
1,1,,0.070058,0.527411,0.402531,,1443900,,
1,1,,0.10541,0.569938,0.324652,,1538700,,
1,1,,0.371903,0.613084,0.015013,,1427800,,
1,1,,0.059311,0.48583,0.454859,,1527700,,
1,1,,0.357867,0.589485,0.052648,,1422800,,
1,1,,0.055203,0.611624,0.333173,,1414200,,
1,1,,0.08488,0.558856,0.356264,,1447300,,
1,1,,0.316506,0.639504,0.04399,,1428400,,
1,1,,0.19175,0.700234,0.108017,,1445500,,
1,1,,0.185805,0.683387,0.130809,,1545000,,
1,1,,0.088147,0.471269,0.440584,,1418500,,
2,2,,0.299427,0.075931,0.624642,,1419600,,
2,2,,0.364425,0.104255,0.531321,,1491100,,
2,2,,0.147203,0.170957,0.68184,,1456100,,
2,2,,0.299576,0.012842,0.687582,,1443600,,
2,2,,0.170638,0.112137,0.717225,,1631000,,
2,2,,0.12465,0.228259,0.647091,,1430300,,
2,2,,0.318874,0.087055,0.594071,,1421600,,
2,2,,0.146766,0.115644,0.737591,,1448800,,
2,2,,0.292294,0.123661,0.584045,,1430800,,
2,2,,0.398675,0.095767,0.505558,,1426600,,
2,2,,0.221861,0.101578,0.676561,,1586500,,
2,2,,0.212214,0.207456,0.580329,,1459600,,
2,2,,0.191693,0.136803,0.671504,,1451800,,
2,2,,0.417965,0.073715,0.50832,,1461100,,
2,1,,0.075495,0.508586,0.415919,,1467500,,
2,2,,0.148635,0.275845,0.57552,,1427500,,
2,2,,0.357277,0.060169,0.582555,,1568600,,
2,2,,0.308484,0.03711,0.654406,,1441500,,
2,2,,0.195272,0.126154,0.678573,,1430300,,
2,2,,0.119567,0.220193,0.66024,,1426400,,
2,2,,0.182276,0.229254,0.58847,,1415900,,
2,2,,0.045522,0.377258,0.577221,,1511300,,
2,2,,0.322854,0.091648,0.585498,,1425700,,
2,2,,0.289081,0.078093,0.632826,,1545200,,
2,2,,0.280113,0.037204,0.682683,,1427200,,
2,2,,0.342404,0.061468,0.596129,,1425400,,
2,2,,0.1306,0.235837,0.633564,,1412700,,
2,2,,0.188578,0.100552,0.71087,,1403800,,
2,2,,0.206703,0.252611,0.540686,,1418400,,
2,2,,0.183745,0.139888,0.676367,,1580000,,
2,2,,0.054585,0.396551,0.548863,,1410000,,
2,2,,0.246939,0.057433,0.695628,,1414600,,
2,2,,0.315571,0.06376,0.620669,,1448400,,
2,2,,0.291633,0.091993,0.616374,,1430200,,
2,2,,0.333406,0.063446,0.603148,,1404200,,
2,2,,0.157021,0.235187,0.607792,,1401200,,
2,2,,0.327742,0.07664,0.595618,,1653000,,
2,2,,0.229552,0.165309,0.605139,,1429300,,
2,2,,0.332599,0.10311,0.564291,,1446900,,
2,2,,0.284961,0.115359,0.59968,,1451900,,
2,2,,0.17351,0.158089,0.668401,,1425800,,
2,2,,0.224366,0.130015,0.645619,,1422000,,
2,2,,0.144005,0.40536,0.450634,,1548500,,
2,2,,0.443968,0.052118,0.503914,,1575300,,
2,2,,0.052461,0.38994,0.557599,,1435700,,
2,2,,0.126646,0.325171,0.548183,,1452500,,
2,2,,0.279506,0.06758,0.652914,,1442100,,
2,2,,0.414062,0.085011,0.500927,,1430100,,
2,2,,0.067457,0.193922,0.73862,,1524800,,
2,2,,0.274095,0.019493,0.706411,,1455900,,
2,2,,0.210906,0.064531,0.724563,,1435600,,
2,0,,0.482443,0.111369,0.406188,,1435800,,
2,2,,0.167798,0.121599,0.710603,,1441900,,
2,2,,0.122462,0.337755,0.539783,,1434600,,
2,2,,0.273776,0.122562,0.603662,,1592800,,
2,1,,0.04996,0.556363,0.393677,,1751700,,
2,2,,0.082903,0.333153,0.583944,,1663700,,
2,2,,0.123531,0.294216,0.582254,,1660400,,
2,2,,0.105618,0.409108,0.485274,,1701900,,
2,2,,0.134205,0.396932,0.468863,,1705000,,
2,2,,0.158983,0.125993,0.715024,,1755900,,
2,2,,0.288097,0.064869,0.647034,,1655100,,
2,2,,0.035734,0.443097,0.521169,,1673800,,
2,1,,0.066746,0.468905,0.464349,,1658200,,
2,2,,0.356344,0.018971,0.624685,,1685500,,
2,2,,0.071672,0.338675,0.589652,,1744400,,
2,2,,0.439619,0.061935,0.498446,,1653200,,
2,2,,0.349608,0.049938,0.600454,,1671800,,
2,2,,0.397121,0.051497,0.551382,,1658500,,
2,2,,0.219978,0.109785,0.670237,,1428200,,
2,2,,0.158199,0.123791,0.71801,,1512900,,
2,2,,0.061708,0.347656,0.590635,,1424000,,
2,2,,0.148642,0.183911,0.667447,,1426100,,
2,2,,0.316386,0.079139,0.604475,,2879500,,
2,2,,0.313308,0.14276,0.543932,,1482000,,
2,2,,0.060013,0.425348,0.51464,,1665000,,
2,2,,0.242803,0.171563,0.585634,,1461000,,
2,2,,0.066854,0.350294,0.582852,,1467100,,
2,2,,0.118666,0.22513,0.656205,,1459300,,
2,2,,0.139725,0.105018,0.755257,,1404300,,
2,2,,0.25868,0.12296,0.61836,,1397100,,
2,2,,0.197151,0.27141,0.531439,,1489000,,
2,2,,0.404225,0.060089,0.535686,,1415800,,
2,1,,0.043294,0.552444,0.404262,,1452300,,
2,2,,0.077728,0.390926,0.531346,,1429700,,
2,2,,0.327277,0.012533,0.660191,,1411200,,
2,2,,0.121897,0.285144,0.592958,,1400200,,
2,2,,0.058288,0.356507,0.585205,,1559800,,
2,2,,0.162819,0.154307,0.682875,,1434100,,
2,2,,0.155331,0.286841,0.557828,,1456400,,
2,2,,0.298001,0.098036,0.603963,,1451200,,
2,2,,0.152113,0.139443,0.708444,,1415100,,
2,2,,0.379627,0.023496,0.596877,,1400800,,
2,2,,0.039701,0.428266,0.532033,,2146800,,
2,2,,0.134929,0.408279,0.456792,,2647900,,
2,2,,0.147558,0.176516,0.675927,,1473300,,
2,2,,0.169188,0.141128,0.689683,,1470500,,
2,2,,0.270523,0.127338,0.60214,,1434300,,
2,2,,0.375814,0.19993,0.424257,,1441300,,
2,2,,0.105413,0.291038,0.603549,,1434100,,
2,2,,0.156997,0.241567,0.601436,,1568600,,
2,2,,0.124359,0.191731,0.68391,,1440900,,
2,2,,0.330255,0.092134,0.577611,,1449800,,
2,2,,0.113674,0.405637,0.480689,,1537700,,
2,2,,0.144767,0.265807,0.589426,,1449000,,
2,2,,0.198282,0.157672,0.644046,,1433600,,
2,2,,0.283395,0.110302,0.606304,,1535300,,
2,2,,0.336307,0.052078,0.611615,,1423800,,
2,2,,0.100542,0.223224,0.676234,,1441400,,
2,2,,0.112808,0.26388,0.623312,,1472100,,
2,2,,0.244004,0.100485,0.655511,,1440200,,
2,2,,0.210007,0.372531,0.417461,,1439200,,
2,2,,0.089156,0.281135,0.629709,,1423700,,
2,2,,0.115559,0.249788,0.634653,,1527400,,
2,2,,0.337587,0.163853,0.49856,,1499000,,
2,2,,0.155344,0.108964,0.735692,,1444000,,
2,2,,0.077673,0.298205,0.624122,,1438200,,
2,2,,0.20319,0.192642,0.604168,,1473500,,
2,1,,0.235641,0.440053,0.324306,,1427000,,
2,1,,0.115064,0.448389,0.436547,,1428900,,
2,2,,0.12271,0.167121,0.710169,,1427600,,
2,2,,0.203115,0.203825,0.59306,,1545300,,
2,2,,0.379706,0.080328,0.539967,,1482500,,
2,2,,0.156273,0.169787,0.673939,,1448900,,
2,2,,0.238855,0.10321,0.657935,,1605700,,
2,2,,0.098561,0.246131,0.655308,,1674700,,
2,2,,0.299815,0.142884,0.557301,,1664100,,
2,2,,0.356737,0.06414,0.579124,,1671100,,
2,2,,0.23096,0.162262,0.606778,,1917400,,
2,2,,0.207868,0.081489,0.710643,,1679100,,
2,2,,0.200939,0.100613,0.698448,,1704800,,
2,2,,0.2531,0.023606,0.723294,,1667000,,
2,2,,0.306149,0.117699,0.576151,,1684600,,
2,2,,0.119371,0.247353,0.633276,,1765700,,
2,2,,0.214922,0.220045,0.565032,,1803300,,
2,2,,0.203945,0.151378,0.644677,,1739300,,
2,2,,0.061116,0.245259,0.693625,,1662900,,
2,1,,0.06334,0.532093,0.404568,,1653400,,
2,1,,0.218738,0.454485,0.326777,,1639200,,
2,2,,0.125309,0.182912,0.69178,,1419100,,
2,2,,0.224108,0.115296,0.660596,,1507200,,
2,2,,0.192394,0.069001,0.738605,,1428000,,
2,2,,0.10512,0.318337,0.576543,,1485200,,
2,2,,0.084425,0.283614,0.631961,,1483700,,
2,2,,0.34317,0.021707,0.635123,,1437500,,
2,2,,0.438787,0.013314,0.547899,,1564300,,
2,2,,0.205167,0.166169,0.628664,,1425000,,
2,2,,0.278327,0.08639,0.635283,,1466600,,
2,2,,0.309836,0.153976,0.536188,,1448800,,
2,2,,0.093815,0.246614,0.659571,,1417700,,
2,2,,0.455994,0.052901,0.491105,,1420300,,
2,2,,0.362676,0.034578,0.602745,,1529400,,
2,2,,0.220426,0.27441,0.505164,,1468900,,
2,2,,0.18288,0.141226,0.675893,,1555800,,
2,2,,0.263062,0.050046,0.686892,,2905600,,
2,2,,0.339462,0.02842,0.632117,,2252500,,
2,2,,0.289614,0.132496,0.57789,,1452300,,
2,2,,0.39984,0.16615,0.43401,,1447000,,
2,1,,0.158518,0.435869,0.405613,,1480100,,
2,1,,0.146466,0.461854,0.39168,,1468100,,
2,2,,0.366301,0.044874,0.588825,,1428200,,
2,2,,0.274457,0.045113,0.68043,,1664100,,
2,2,,0.331381,0.087363,0.581256,,1436700,,
2,2,,0.104746,0.231832,0.663421,,1488200,,
2,2,,0.156301,0.307912,0.535787,,1553700,,
2,2,,0.299232,0.035046,0.665722,,1510200,,
2,2,,0.082548,0.272133,0.645319,,1467100,,
2,2,,0.117877,0.359039,0.523083,,1419000,,
2,2,,0.127418,0.355099,0.517482,,1769600,,
2,2,,0.260725,0.120578,0.618697,,1628200,,
2,2,,0.212247,0.140716,0.647037,,1692600,,
2,2,,0.374807,0.045394,0.5798,,1655000,,
2,2,,0.190223,0.280352,0.529425,,1640000,,
2,2,,0.273219,0.096172,0.630609,,1784000,,
2,2,,0.341572,0.072324,0.586105,,1689200,,
2,2,,0.209129,0.238687,0.552184,,1651000,,
2,2,,0.162588,0.248697,0.588715,,1650100,,
2,2,,0.20599,0.15009,0.64392,,1647700,,
2,2,,0.133545,0.256413,0.610042,,1643800,,
2,2,,0.297769,0.103918,0.598313,,1624800,,
2,2,,0.290549,0.1585,0.550951,,1423200,,
2,2,,0.121832,0.279896,0.598272,,1415300,,
2,2,,0.366902,0.124998,0.5081,,1446800,,
2,2,,0.307112,0.135842,0.557046,,1498400,,
2,2,,0.284602,0.149197,0.566201,,1455700,,
2,2,,0.132622,0.167807,0.699571,,1585600,,
2,2,,0.170062,0.194557,0.63538,,1444700,,
2,2,,0.059404,0.305158,0.635438,,1454100,,
2,2,,0.09813,0.163927,0.737944,,1442700,,
2,2,,0.089321,0.248049,0.662631,,1447300,,
2,2,,0.379011,0.015694,0.605295,,1436500,,
2,2,,0.087416,0.22091,0.691675,,1615200,,
2,2,,0.208256,0.138747,0.652997,,1427700,,
2,2,,0.089269,0.213828,0.696902,,1492500,,
2,2,,0.355102,0.088533,0.556364,,1437900,,
2,2,,0.365325,0.055696,0.578978,,1445300,,
2,2,,0.382745,0.045187,0.572069,,1421800,,
2,2,,0.140121,0.257159,0.602721,,1796900,,
2,2,,0.371895,0.112718,0.515387,,1634800,,
2,2,,0.104891,0.369696,0.525413,,1522400,,
2,2,,0.0645,0.426537,0.508963,,1503100,,
2,2,,0.110188,0.440232,0.44958,,1630800,,
2,2,,0.303485,0.133116,0.563399,,1602000,,
2,2,,0.19486,0.211609,0.59353,,1667900,,
2,2,,0.311431,0.113101,0.575468,,1447500,,
2,2,,0.294209,0.067078,0.638713,,1433500,,
2,2,,0.295522,0.125885,0.578593,,1429900,,
2,1,,0.096077,0.481415,0.422508,,1428100,,
2,2,,0.089387,0.288451,0.622162,,1419200,,
2,2,,0.331607,0.073968,0.594425,,1410200,,
2,2,,0.05235,0.356622,0.591029,,1651300,,
2,2,,0.442012,0.065984,0.492004,,1418500,,
2,1,,0.131331,0.462586,0.406083,,1415500,,
2,2,,0.11305,0.318637,0.568313,,1588800,,
2,2,,0.078806,0.382494,0.5387,,1427900,,
2,2,,0.311548,0.155691,0.532761,,1418200,,
2,2,,0.301491,0.137281,0.561228,,1838500,,
2,2,,0.123961,0.26211,0.613929,,1614800,,
2,2,,0.313894,0.056516,0.62959,,1477900,,
2,2,,0.29095,0.107354,0.601696,,1795700,,
2,2,,0.198672,0.232315,0.569012,,1444000,,
2,1,,0.043946,0.543726,0.412328,,1440100,,
2,2,,0.17893,0.225924,0.595146,,1596300,,
2,2,,0.10105,0.357555,0.541395,,1465500,,
2,2,,0.064769,0.306246,0.628985,,1481700,,
2,1,,0.058333,0.503717,0.43795,,1466800,,
2,2,,0.171284,0.144517,0.684198,,1449000,,
2,2,,0.13315,0.277808,0.589042,,1429700,,
2,2,,0.250972,0.221498,0.52753,,1546700,,
2,2,,0.33699,0.099684,0.563326,,1429400,,
2,2,,0.071241,0.355826,0.572933,,1446300,,
2,2,,0.21709,0.144988,0.637923,,1453200,,
2,2,,0.199353,0.298392,0.502255,,1428900,,
2,2,,0.305636,0.046296,0.648068,,1427800,,
2,2,,0.047362,0.458018,0.494619,,1749400,,
2,2,,0.223432,0.163687,0.612881,,1466700,,
2,2,,0.172369,0.184004,0.643627,,1446400,,
2,2,,0.170249,0.234052,0.595699,,1483400,,
2,2,,0.195034,0.241409,0.563557,,1457300,,
2,2,,0.221103,0.12367,0.655227,,1422700,,
2,2,,0.337924,0.039192,0.622884,,2079400,,
2,2,,0.256318,0.147034,0.596648,,1607000,,
2,2,,0.165218,0.259697,0.575085,,1489000,,
2,2,,0.30079,0.040033,0.659177,,1449800,,
2,2,,0.052643,0.403245,0.544112,,1542200,,
2,2,,0.355469,0.117095,0.527436,,1436500,,
2,2,,0.347243,0.134045,0.518711,,1598100,,
2,2,,0.102885,0.371827,0.525288,,1437300,,
2,2,,0.095129,0.274437,0.630434,,1450200,,
2,2,,0.317102,0.108614,0.574284,,1445500,,
2,2,,0.359228,0.02843,0.612342,,1435900,,
2,2,,0.471769,0.011543,0.516689,,1469200,,
2,2,,0.109283,0.39754,0.493177,,1668000,,
2,2,,0.206225,0.111497,0.682278,,1453300,,
2,2,,0.214101,0.221635,0.564264,,1440500,,
2,2,,0.143889,0.264124,0.591987,,1473800,,
2,2,,0.32577,0.032405,0.641825,,1426900,,
2,2,,0.075585,0.345067,0.579348,,1402500,,
2,2,,0.353911,0.066117,0.579972,,1470000,,
2,2,,0.211479,0.092565,0.695956,,1672700,,
