waveform-noise,CWE,test,1,NANOSECONDS,PREDICTIONS, Generated by ClassifierExperiments.java on 2022-05-16 22:41:23.    SYSTEMPROPERTIES:{user.name:matth,os.arch:amd64,os.name:Windows 10},ENDSYSTEMPROPERTIES
No parameter info
0.7742257742257742,1754600700,1486604500,-1,70630840,3,,-1,-1
0,1,,0.411567,0.526838,0.061596,,1634400,,
0,1,,0.436639,0.512078,0.051283,,1897800,,
0,0,,0.593715,0.146272,0.260013,,1465400,,
0,0,,0.557761,0.263849,0.17839,,1440200,,
0,2,,0.315931,0.233005,0.451065,,1420800,,
0,1,,0.41839,0.477263,0.104347,,1406500,,
0,2,,0.358482,0.020576,0.620942,,1688300,,
0,0,,0.485372,0.410329,0.104299,,1442800,,
0,2,,0.360987,0.24772,0.391293,,1428700,,
0,0,,0.596287,0.369065,0.034649,,1424300,,
0,1,,0.462079,0.486031,0.05189,,1519700,,
0,0,,0.466614,0.429778,0.103608,,1764300,,
0,0,,0.576308,0.244097,0.179595,,1600000,,
0,2,,0.346093,0.020262,0.633646,,1411300,,
0,1,,0.383252,0.543925,0.072823,,1428900,,
0,0,,0.479284,0.169263,0.351454,,1417500,,
0,0,,0.571871,0.2165,0.211629,,1522500,,
0,2,,0.387755,0.021972,0.590273,,1417000,,
0,1,,0.352407,0.452419,0.195175,,1449900,,
0,0,,0.593689,0.160687,0.245623,,1414300,,
0,1,,0.388897,0.535195,0.075908,,1414900,,
0,0,,0.488627,0.432369,0.079004,,1573800,,
0,2,,0.422205,0.101033,0.476762,,1419300,,
0,2,,0.448755,0.060582,0.490663,,1410800,,
0,2,,0.346021,0.089099,0.56488,,1423500,,
0,1,,0.287204,0.635526,0.07727,,1452700,,
0,0,,0.556408,0.06298,0.380612,,1510700,,
0,0,,0.475544,0.071153,0.453302,,1411700,,
0,0,,0.505348,0.332791,0.161861,,1414500,,
0,1,,0.41736,0.550879,0.031761,,1448300,,
0,0,,0.643059,0.096671,0.26027,,1415300,,
0,2,,0.421585,0.019471,0.558944,,1533600,,
0,2,,0.309418,0.014997,0.675585,,1473100,,
0,0,,0.49875,0.344106,0.157144,,1419400,,
0,0,,0.456501,0.456061,0.087438,,1407300,,
0,0,,0.62185,0.288553,0.089597,,1420600,,
0,1,,0.338023,0.565507,0.096471,,1422700,,
0,0,,0.512677,0.478174,0.009148,,1496400,,
0,0,,0.448533,0.201799,0.349669,,1414900,,
0,2,,0.386273,0.024141,0.589586,,1418700,,
0,2,,0.425309,0.025887,0.548804,,1428000,,
0,1,,0.453127,0.470045,0.076828,,1414700,,
0,1,,0.389468,0.506966,0.103566,,1409400,,
0,2,,0.22251,0.12247,0.65502,,1805900,,
0,1,,0.379394,0.575894,0.044712,,1712000,,
0,2,,0.432383,0.128668,0.43895,,1443500,,
0,0,,0.572342,0.18471,0.242948,,1442000,,
0,1,,0.4779,0.489377,0.032723,,1435400,,
0,0,,0.495702,0.104248,0.40005,,1429400,,
0,1,,0.448261,0.46922,0.082519,,1528700,,
0,0,,0.472074,0.383167,0.144759,,1441100,,
0,1,,0.399462,0.569482,0.031056,,1442400,,
0,2,,0.402295,0.04197,0.555734,,1448700,,
0,2,,0.397123,0.021901,0.580977,,1449800,,
0,1,,0.446676,0.458972,0.094352,,1605300,,
0,0,,0.518877,0.362813,0.11831,,1419300,,
0,0,,0.606457,0.255959,0.137583,,1440600,,
0,0,,0.420914,0.357563,0.221523,,1443000,,
0,1,,0.464208,0.51891,0.016882,,1430100,,
0,0,,0.584567,0.120229,0.295204,,1542200,,
0,2,,0.430948,0.074395,0.494657,,1425200,,
0,2,,0.315551,0.029617,0.654832,,1436700,,
0,0,,0.548255,0.093906,0.35784,,1438500,,
0,0,,0.421471,0.421206,0.157323,,1450600,,
0,0,,0.457494,0.456852,0.085655,,1513900,,
0,1,,0.409268,0.540062,0.05067,,1509000,,
0,1,,0.427832,0.519166,0.053001,,1447400,,
0,0,,0.545763,0.354116,0.100121,,1443300,,
0,0,,0.509302,0.286441,0.204257,,1422700,,
0,2,,0.336011,0.065456,0.598533,,1513500,,
0,2,,0.403258,0.07014,0.526601,,1432800,,
0,1,,0.417304,0.55172,0.030976,,1435600,,
0,1,,0.456033,0.494658,0.04931,,1440500,,
0,0,,0.632767,0.131272,0.235961,,1441500,,
0,1,,0.449378,0.516296,0.034326,,1551000,,
0,2,,0.460865,0.0289,0.510235,,1473000,,
0,1,,0.282389,0.648243,0.069367,,1445900,,
0,1,,0.431754,0.519461,0.048785,,1443100,,
0,1,,0.406832,0.453989,0.139179,,1429100,,
0,0,,0.57266,0.347363,0.079978,,1502700,,
0,2,,0.450855,0.030462,0.518683,,1423900,,
0,0,,0.590839,0.263198,0.145963,,1439800,,
0,0,,0.438831,0.393488,0.167681,,1433500,,
0,1,,0.413223,0.444837,0.14194,,1420900,,
0,0,,0.518926,0.171312,0.309763,,1533600,,
0,2,,0.42827,0.014811,0.556919,,1459300,,
0,2,,0.239443,0.112014,0.648543,,1446000,,
0,0,,0.461103,0.445736,0.09316,,1455600,,
0,2,,0.297748,0.227967,0.474286,,1446300,,
0,0,,0.527191,0.115087,0.357721,,1507800,,
0,1,,0.41501,0.527863,0.057127,,1438400,,
0,0,,0.426197,0.15908,0.414723,,1457200,,
0,0,,0.581361,0.222324,0.196315,,1449500,,
0,2,,0.420511,0.127029,0.45246,,1543100,,
0,0,,0.618667,0.199157,0.182176,,1430400,,
0,1,,0.408336,0.549748,0.041916,,1427100,,
0,2,,0.455528,0.014894,0.529577,,1505700,,
0,0,,0.638648,0.207139,0.154213,,1422200,,
0,0,,0.544258,0.338511,0.11723,,1508600,,
0,1,,0.351025,0.545587,0.103387,,1414600,,
0,0,,0.520236,0.308166,0.171598,,1447800,,
0,2,,0.376713,0.01922,0.604067,,1441000,,
0,0,,0.524301,0.21676,0.258939,,1435800,,
0,2,,0.487094,0.015471,0.497436,,1511200,,
0,2,,0.315536,0.014997,0.669467,,1440900,,
0,1,,0.369742,0.583161,0.047097,,1449200,,
0,2,,0.42194,0.018215,0.559845,,1440300,,
0,2,,0.448293,0.034637,0.51707,,1549100,,
0,0,,0.471568,0.470916,0.057516,,1607900,,
0,0,,0.467684,0.435851,0.096465,,1435000,,
0,2,,0.436949,0.087447,0.475604,,1432400,,
0,2,,0.388579,0.168151,0.44327,,1424800,,
0,1,,0.437353,0.494295,0.068352,,1412400,,
0,2,,0.343187,0.021682,0.635131,,1514600,,
0,2,,0.402359,0.047048,0.550593,,1420200,,
0,2,,0.454244,0.0201,0.525657,,1450000,,
0,0,,0.532639,0.426414,0.040947,,1427200,,
0,0,,0.559356,0.067643,0.373001,,1475300,,
0,0,,0.522838,0.36578,0.111382,,1502300,,
0,0,,0.464406,0.156149,0.379445,,1423500,,
0,0,,0.577809,0.346905,0.075286,,1434200,,
0,1,,0.363689,0.584145,0.052167,,1424500,,
0,2,,0.418051,0.014811,0.567138,,1409700,,
0,0,,0.488439,0.411564,0.099997,,1507300,,
0,2,,0.371923,0.154565,0.473512,,1424000,,
0,1,,0.389233,0.579791,0.030976,,1439900,,
0,0,,0.490747,0.111559,0.397694,,1427100,,
0,0,,0.519633,0.410802,0.069565,,1525300,,
0,2,,0.30981,0.104895,0.585295,,1447900,,
0,0,,0.559644,0.380829,0.059526,,1430900,,
0,0,,0.503449,0.447339,0.049212,,1431700,,
0,0,,0.531162,0.039987,0.428851,,1410200,,
0,2,,0.423132,0.02247,0.554398,,1504100,,
0,1,,0.388137,0.556994,0.054869,,1417100,,
0,2,,0.353364,0.038746,0.60789,,1431500,,
0,0,,0.518307,0.346813,0.13488,,1434800,,
0,0,,0.528104,0.371027,0.100869,,1409100,,
0,0,,0.506097,0.040908,0.452995,,1482200,,
0,1,,0.367398,0.555948,0.076654,,1415200,,
0,0,,0.479565,0.432847,0.087588,,1725800,,
0,2,,0.438772,0.011967,0.549262,,1428900,,
0,0,,0.549738,0.043604,0.406658,,1414900,,
0,0,,0.508125,0.399899,0.091976,,1522200,,
0,1,,0.390824,0.475039,0.134137,,1432900,,
0,1,,0.439138,0.469747,0.091115,,1446600,,
0,0,,0.616796,0.164986,0.218219,,1414800,,
0,0,,0.525017,0.423923,0.051059,,1446800,,
0,1,,0.387944,0.56108,0.050976,,1505700,,
0,1,,0.40522,0.517258,0.077523,,1433800,,
0,1,,0.365206,0.540923,0.093871,,1473400,,
0,0,,0.514993,0.037294,0.447713,,1415600,,
0,0,,0.574542,0.391741,0.033718,,1399600,,
0,0,,0.604601,0.215494,0.179906,,1513100,,
0,2,,0.373337,0.110922,0.515741,,1428300,,
0,0,,0.478037,0.332352,0.189611,,1424800,,
0,1,,0.321083,0.667861,0.011056,,1427700,,
0,0,,0.573556,0.243907,0.182537,,1400100,,
0,1,,0.372906,0.597,0.030095,,1485100,,
0,0,,0.545384,0.064067,0.390549,,1415000,,
0,0,,0.528093,0.111009,0.360898,,1449700,,
0,2,,0.391502,0.040885,0.567613,,1412100,,
0,2,,0.358736,0.018997,0.622267,,1413000,,
0,0,,0.635548,0.100893,0.26356,,1503700,,
0,0,,0.550568,0.417707,0.031725,,1423300,,
0,0,,0.486623,0.331038,0.182339,,1411900,,
0,0,,0.407216,0.287673,0.30511,,1408400,,
0,2,,0.367494,0.022136,0.61037,,1595000,,
0,0,,0.396828,0.363596,0.239575,,1409000,,
0,2,,0.344161,0.028099,0.627741,,1422600,,
0,1,,0.447814,0.520325,0.031861,,1422200,,
0,1,,0.455051,0.529596,0.015353,,1434300,,
0,0,,0.479564,0.443055,0.077381,,1415600,,
0,0,,0.439185,0.181962,0.378854,,1504700,,
0,0,,0.365209,0.334716,0.300075,,1426000,,
0,0,,0.489099,0.066976,0.443925,,1409400,,
0,1,,0.453382,0.506229,0.04039,,1438600,,
0,0,,0.500633,0.446962,0.052406,,1408600,,
0,2,,0.405465,0.084673,0.509862,,1522200,,
0,2,,0.399131,0.063157,0.537712,,1413000,,
0,2,,0.410514,0.043737,0.545749,,1415500,,
0,2,,0.224827,0.096138,0.679035,,1424600,,
0,0,,0.49118,0.465666,0.043154,,1471100,,
0,0,,0.472109,0.451555,0.076336,,1745300,,
0,0,,0.627274,0.219936,0.15279,,1492500,,
0,1,,0.427665,0.522241,0.050095,,1421000,,
0,2,,0.452933,0.018814,0.528253,,1414500,,
0,0,,0.539874,0.389848,0.070277,,1409100,,
0,0,,0.59525,0.288912,0.115837,,1455700,,
0,2,,0.436494,0.070012,0.493494,,1717800,,
0,0,,0.478026,0.36521,0.156764,,1494800,,
0,2,,0.324051,0.230688,0.445261,,1560700,,
0,0,,0.467322,0.408776,0.123902,,1603700,,
0,0,,0.544051,0.086984,0.368965,,1416700,,
0,0,,0.589725,0.256842,0.153432,,1415800,,
0,2,,0.417792,0.044835,0.537373,,1476200,,
0,0,,0.51426,0.392229,0.093511,,1411300,,
0,0,,0.605815,0.196038,0.198147,,1460700,,
0,1,,0.424014,0.513808,0.062178,,1824900,,
0,1,,0.378884,0.479523,0.141593,,1421400,,
0,1,,0.405311,0.565541,0.029148,,1413100,,
0,0,,0.598659,0.164199,0.237141,,1519600,,
0,2,,0.342985,0.018997,0.638018,,1551100,,
0,0,,0.491097,0.403385,0.105518,,1421800,,
0,0,,0.490197,0.405719,0.104084,,1428500,,
0,1,,0.417224,0.573467,0.00931,,1412500,,
0,0,,0.475333,0.225783,0.298884,,1406200,,
0,0,,0.524226,0.429815,0.045959,,1518600,,
0,1,,0.460906,0.478227,0.060867,,1467200,,
0,0,,0.48825,0.395637,0.116113,,1419900,,
0,1,,0.42908,0.470797,0.100122,,1437100,,
0,0,,0.634745,0.222252,0.143003,,1407000,,
0,2,,0.448645,0.026708,0.524646,,1512300,,
0,2,,0.337766,0.017682,0.644552,,1429400,,
0,2,,0.353685,0.054507,0.591808,,1423300,,
0,0,,0.513747,0.12901,0.357243,,1444600,,
0,0,,0.561409,0.321675,0.116916,,1471200,,
0,1,,0.378982,0.551441,0.069577,,1448700,,
0,0,,0.562715,0.282717,0.154567,,1538500,,
0,2,,0.341131,0.182356,0.476513,,1407000,,
0,0,,0.430087,0.374855,0.195058,,1421100,,
0,0,,0.565585,0.102125,0.33229,,1431200,,
0,0,,0.636236,0.180189,0.183575,,1419800,,
0,0,,0.561945,0.145708,0.292348,,1496300,,
0,0,,0.560862,0.243,0.196138,,1479300,,
0,2,,0.375304,0.03818,0.586517,,1414700,,
0,2,,0.355812,0.026747,0.617441,,1406700,,
0,0,,0.531342,0.416083,0.052575,,1406600,,
0,1,,0.446923,0.515338,0.037739,,1510500,,
0,2,,0.317082,0.050137,0.632781,,1442500,,
0,0,,0.482574,0.401452,0.115974,,1417800,,
0,2,,0.45827,0.012601,0.529129,,1418300,,
0,1,,0.363236,0.583942,0.052823,,1449100,,
0,1,,0.460828,0.488672,0.0505,,1456100,,
0,0,,0.661803,0.031423,0.306774,,1417500,,
0,2,,0.444879,0.030376,0.524745,,1452500,,
0,0,,0.468472,0.463655,0.067872,,1468800,,
0,0,,0.586706,0.231032,0.182262,,1411900,,
0,0,,0.422077,0.38158,0.196343,,1484600,,
0,0,,0.544853,0.365599,0.089548,,1451100,,
0,0,,0.609876,0.057347,0.332777,,1417600,,
0,0,,0.482744,0.132299,0.384957,,1446600,,
0,2,,0.403136,0.041711,0.555153,,1485600,,
0,2,,0.469422,0.037653,0.492925,,1405800,,
0,0,,0.449826,0.239924,0.31025,,1414200,,
0,0,,0.524491,0.187845,0.287664,,1416200,,
0,0,,0.47729,0.397492,0.125217,,1478000,,
0,0,,0.565083,0.221006,0.213912,,1496800,,
0,0,,0.650688,0.133358,0.215955,,1401800,,
0,2,,0.309787,0.03933,0.650883,,1412800,,
0,1,,0.398753,0.512935,0.088312,,1470200,,
0,0,,0.515474,0.364935,0.119591,,1426400,,
0,0,,0.532443,0.066893,0.400664,,1493600,,
0,0,,0.608837,0.251582,0.139581,,1418600,,
0,1,,0.461058,0.468732,0.070209,,1424200,,
0,1,,0.405877,0.416723,0.1774,,1409900,,
0,2,,0.284598,0.022824,0.692578,,1399300,,
0,0,,0.514501,0.223494,0.262005,,1508500,,
0,2,,0.418919,0.014019,0.567062,,1409700,,
0,2,,0.445732,0.089269,0.464999,,1417600,,
0,0,,0.585194,0.229878,0.184927,,1449700,,
0,1,,0.448294,0.535726,0.01598,,1417600,,
0,0,,0.517774,0.44931,0.032917,,1497300,,
0,2,,0.387451,0.039457,0.573093,,1411700,,
0,2,,0.446739,0.060999,0.492262,,1434600,,
0,2,,0.395543,0.022137,0.58232,,1426500,,
0,0,,0.521274,0.175509,0.303216,,1417300,,
0,2,,0.458774,0.054432,0.486795,,1522900,,
0,0,,0.501241,0.039417,0.459342,,1489400,,
0,0,,0.427138,0.240755,0.332107,,1435000,,
0,1,,0.372117,0.537765,0.090118,,1447200,,
0,0,,0.446862,0.219033,0.334106,,1416500,,
0,0,,0.488831,0.409922,0.101248,,1495700,,
0,1,,0.328858,0.565955,0.105186,,1408700,,
0,0,,0.600226,0.102292,0.297482,,1435500,,
0,0,,0.474454,0.412146,0.1134,,1428000,,
0,0,,0.639498,0.290453,0.070049,,1413300,,
0,0,,0.541896,0.053185,0.404919,,1492300,,
0,1,,0.368661,0.59432,0.03702,,1455500,,
0,1,,0.40127,0.547755,0.050974,,1457500,,
0,0,,0.514291,0.441859,0.04385,,1433100,,
0,1,,0.29852,0.597593,0.103887,,1438300,,
0,1,,0.357102,0.575603,0.067294,,1504700,,
0,0,,0.482517,0.407823,0.10966,,1421000,,
0,2,,0.426929,0.083353,0.489718,,1433200,,
0,0,,0.557728,0.282473,0.1598,,1414500,,
0,1,,0.382631,0.566394,0.050974,,1433600,,
0,2,,0.291983,0.049585,0.658432,,1491300,,
0,2,,0.308841,0.017762,0.673397,,1442000,,
0,2,,0.385368,0.144716,0.469916,,1417400,,
0,1,,0.343828,0.581007,0.075166,,1416100,,
0,2,,0.365988,0.075876,0.558136,,1432100,,
0,2,,0.337696,0.082839,0.579465,,1495100,,
0,0,,0.513775,0.321336,0.164889,,1419500,,
0,2,,0.443857,0.061711,0.494432,,1417700,,
0,0,,0.574533,0.195266,0.230201,,1422300,,
0,1,,0.31367,0.613461,0.072868,,1415700,,
0,0,,0.524637,0.359364,0.115999,,1490000,,
0,2,,0.417329,0.024062,0.558609,,1401900,,
0,0,,0.661383,0.122274,0.216343,,1436900,,
0,0,,0.462098,0.44966,0.088241,,1508900,,
0,1,,0.448391,0.479749,0.07186,,1408700,,
0,0,,0.465969,0.305006,0.229026,,1529900,,
0,0,,0.495705,0.29295,0.211345,,1416900,,
0,0,,0.511058,0.335044,0.153899,,1421000,,
0,1,,0.338665,0.629574,0.031761,,1438800,,
0,0,,0.517285,0.07556,0.407155,,1416200,,
0,2,,0.377192,0.092645,0.530163,,1602200,,
0,1,,0.389099,0.52321,0.087691,,1411500,,
0,1,,0.439184,0.532899,0.027917,,1413200,,
0,2,,0.339715,0.050192,0.610093,,1467700,,
0,2,,0.389893,0.070567,0.53954,,1417200,,
0,2,,0.420066,0.017314,0.56262,,1558400,,
0,2,,0.200216,0.049257,0.750527,,1421700,,
0,2,,0.411116,0.156131,0.432753,,1460400,,
0,0,,0.565513,0.123214,0.311272,,1423600,,
0,0,,0.597853,0.144524,0.257623,,1416700,,
0,0,,0.564536,0.394064,0.0414,,1573600,,
0,0,,0.529909,0.262276,0.207816,,1428700,,
0,2,,0.32323,0.019953,0.656817,,1424600,,
0,0,,0.546684,0.135647,0.317669,,1410800,,
0,2,,0.473474,0.018525,0.508001,,1502400,,
0,0,,0.462379,0.352402,0.185219,,1416400,,
0,1,,0.463101,0.501548,0.035352,,1502700,,
0,0,,0.540501,0.194841,0.264658,,1412300,,
0,1,,0.377957,0.515895,0.106148,,1414000,,
0,0,,0.48184,0.03877,0.47939,,1430700,,
0,1,,0.425527,0.540128,0.034346,,1412200,,
0,0,,0.528964,0.261738,0.209298,,1505600,,
0,2,,0.362794,0.039201,0.598006,,1401500,,
0,2,,0.335082,0.022069,0.642849,,1411400,,
0,2,,0.413955,0.02748,0.558566,,1475100,,
0,2,,0.341902,0.031353,0.626745,,1424800,,
0,0,,0.54932,0.319534,0.131147,,1432800,,
0,0,,0.580487,0.35584,0.063672,,1479200,,
0,2,,0.448727,0.022612,0.528661,,1434400,,
0,0,,0.504339,0.435201,0.06046,,1434100,,
0,1,,0.383068,0.559368,0.057563,,1408700,,
0,0,,0.584044,0.135508,0.280448,,1485200,,
0,1,,0.265117,0.670912,0.063971,,1410100,,
1,1,,0.177511,0.607931,0.214558,,1421900,,
1,1,,0.283364,0.509252,0.207384,,1418600,,
1,1,,0.365766,0.480262,0.153972,,1458100,,
1,1,,0.220278,0.729258,0.050464,,1485000,,
1,1,,0.247706,0.597924,0.15437,,1404700,,
1,1,,0.165656,0.69264,0.141704,,1415500,,
1,2,,0.063965,0.393576,0.542459,,1430200,,
1,1,,0.199987,0.698578,0.101435,,1421700,,
1,2,,0.049858,0.249604,0.700538,,1510400,,
1,1,,0.267063,0.632036,0.100901,,1404300,,
1,1,,0.446499,0.539155,0.014346,,1416000,,
1,2,,0.142781,0.381514,0.475705,,1434800,,
1,1,,0.079996,0.467835,0.452169,,1416000,,
1,1,,0.402344,0.581841,0.015815,,1468400,,
1,1,,0.114699,0.741999,0.143302,,1500900,,
1,1,,0.071057,0.645077,0.283866,,1435000,,
1,1,,0.113206,0.656259,0.230535,,1427000,,
1,1,,0.094754,0.533333,0.371914,,1414200,,
1,1,,0.098998,0.629257,0.271744,,1420300,,
1,1,,0.33787,0.630368,0.031761,,1493500,,
1,1,,0.099391,0.573466,0.327143,,1419700,,
1,2,,0.06281,0.451014,0.486176,,1422000,,
1,1,,0.065924,0.468013,0.466063,,1436400,,
1,1,,0.226759,0.533867,0.239374,,1411500,,
1,1,,0.218536,0.64914,0.132324,,1543100,,
1,2,,0.088833,0.400177,0.51099,,1416400,,
1,1,,0.201026,0.67585,0.123124,,1427700,,
1,1,,0.096467,0.610069,0.293463,,1422900,,
1,1,,0.060847,0.527966,0.411187,,1421100,,
1,1,,0.4432,0.46494,0.09186,,1505500,,
1,2,,0.138702,0.254569,0.606729,,1417800,,
1,1,,0.281435,0.618599,0.099966,,1432000,,
1,1,,0.420416,0.570194,0.00939,,1407900,,
1,1,,0.214345,0.686495,0.09916,,1401900,,
1,1,,0.333031,0.598726,0.068242,,1518700,,
1,1,,0.096435,0.696744,0.206821,,1456700,,
1,1,,0.233467,0.540718,0.225815,,1436400,,
1,1,,0.346662,0.597728,0.05561,,1417600,,
1,1,,0.102253,0.509402,0.388345,,1408800,,
1,2,,0.103846,0.358725,0.537429,,1507900,,
1,1,,0.290345,0.687351,0.022304,,1414600,,
1,1,,0.143004,0.597798,0.259198,,1421700,,
1,2,,0.084012,0.271986,0.644002,,1412400,,
1,1,,0.334989,0.530133,0.134877,,1430400,,
1,1,,0.325026,0.630496,0.044477,,1489400,,
1,1,,0.108035,0.569967,0.321998,,1412100,,
1,1,,0.358989,0.585658,0.055353,,1454000,,
1,1,,0.282151,0.669229,0.04862,,1416000,,
1,1,,0.300407,0.57737,0.122223,,1425500,,
1,2,,0.063598,0.437496,0.498907,,1425800,,
1,1,,0.403777,0.56837,0.027853,,1509800,,
1,1,,0.369848,0.570438,0.059714,,1416000,,
1,1,,0.3279,0.618416,0.053684,,1420800,,
1,1,,0.153733,0.616198,0.230069,,1417200,,
1,2,,0.080936,0.355404,0.56366,,1414400,,
1,1,,0.315181,0.377237,0.307582,,1582100,,
1,1,,0.21116,0.628654,0.160187,,1429100,,
1,1,,0.087132,0.650955,0.261913,,1453200,,
1,1,,0.348949,0.577124,0.073927,,1436900,,
1,1,,0.406636,0.53092,0.062445,,1416100,,
1,1,,0.238304,0.574884,0.186811,,1505900,,
1,1,,0.089146,0.599596,0.311258,,1411800,,
1,1,,0.252328,0.702512,0.04516,,1424300,,
1,1,,0.129399,0.601788,0.268814,,1434800,,
1,1,,0.480576,0.487191,0.032233,,1445300,,
1,1,,0.182414,0.421407,0.396179,,1511000,,
1,1,,0.400001,0.550832,0.049167,,1428200,,
1,1,,0.299195,0.581209,0.119596,,1429000,,
1,1,,0.17007,0.580852,0.249078,,1463800,,
1,1,,0.087998,0.529468,0.382533,,1542700,,
1,1,,0.154735,0.73754,0.107724,,1479000,,
1,1,,0.438077,0.530946,0.030976,,1455500,,
1,1,,0.080678,0.660851,0.25847,,1427600,,
1,2,,0.077132,0.376011,0.546858,,1425500,,
1,1,,0.35197,0.555899,0.092132,,1510000,,
1,1,,0.100093,0.569224,0.330683,,1414100,,
1,1,,0.127412,0.734538,0.138051,,1439000,,
1,1,,0.194416,0.454972,0.350613,,1424900,,
1,1,,0.245464,0.642527,0.112009,,1433000,,
1,1,,0.127659,0.618044,0.254297,,1543500,,
1,1,,0.152456,0.677948,0.169596,,1404900,,
1,1,,0.257461,0.672816,0.069722,,1410300,,
1,1,,0.332884,0.640099,0.027017,,1418500,,
1,1,,0.355057,0.611913,0.03303,,1419000,,
1,1,,0.107106,0.518024,0.37487,,1493000,,
1,1,,0.353986,0.604345,0.041669,,1410200,,
1,1,,0.099348,0.673616,0.227036,,1421400,,
1,1,,0.339631,0.604055,0.056315,,1439100,,
1,1,,0.366978,0.588744,0.044278,,1414600,,
1,1,,0.233623,0.665261,0.101116,,1410300,,
1,1,,0.14292,0.511289,0.34579,,1520900,,
1,1,,0.108656,0.498379,0.392965,,1448400,,
1,1,,0.120485,0.535193,0.344322,,1477400,,
1,1,,0.282967,0.620584,0.096449,,1433200,,
1,1,,0.269347,0.570354,0.160299,,1410400,,
1,1,,0.438468,0.512303,0.049229,,1518200,,
1,1,,0.114624,0.492675,0.392701,,1432500,,
1,1,,0.10685,0.48916,0.40399,,1426200,,
1,1,,0.179825,0.615347,0.204829,,1435000,,
1,1,,0.391483,0.556351,0.052167,,1402200,,
1,1,,0.282829,0.663949,0.053222,,1522900,,
1,1,,0.163321,0.691504,0.145175,,1445000,,
1,1,,0.065352,0.561038,0.37361,,1429000,,
1,1,,0.209254,0.45904,0.331707,,1420400,,
1,1,,0.399232,0.460077,0.140691,,1404700,,
1,1,,0.376554,0.522915,0.100531,,1495300,,
1,1,,0.326326,0.597013,0.076661,,1412000,,
1,1,,0.376524,0.612502,0.010974,,1505100,,
1,1,,0.231606,0.618141,0.150253,,1421800,,
1,2,,0.069864,0.46234,0.467796,,1414400,,
1,2,,0.092626,0.349754,0.55762,,1507700,,
1,1,,0.42761,0.536052,0.036339,,1409000,,
1,1,,0.11364,0.48326,0.4031,,1469100,,
1,1,,0.14071,0.74462,0.11467,,1426500,,
1,2,,0.0831,0.403906,0.512994,,1440200,,
1,1,,0.111681,0.737886,0.150433,,1584100,,
1,1,,0.210436,0.569243,0.220321,,1422600,,
1,1,,0.450383,0.476219,0.073398,,1433000,,
1,1,,0.126663,0.641193,0.232144,,1453100,,
1,1,,0.346961,0.634612,0.018427,,1464300,,
1,1,,0.101425,0.620149,0.278426,,1432800,,
1,1,,0.143878,0.751731,0.104391,,1601300,,
1,1,,0.410353,0.577648,0.011999,,1443900,,
1,1,,0.476487,0.488161,0.035352,,1448400,,
1,1,,0.282373,0.628858,0.088768,,1434500,,
1,1,,0.09086,0.677667,0.231473,,1513800,,
1,1,,0.188503,0.434054,0.377443,,1444100,,
1,1,,0.227621,0.57279,0.199589,,1677800,,
1,1,,0.29637,0.62647,0.07716,,1412600,,
1,2,,0.096673,0.317364,0.585963,,1424400,,
1,1,,0.18818,0.695883,0.115937,,1738400,,
1,1,,0.087472,0.686501,0.226027,,1710700,,
1,1,,0.42423,0.546382,0.029388,,1429700,,
1,2,,0.086835,0.297712,0.615453,,1413900,,
1,1,,0.407028,0.554092,0.038881,,1694500,,
1,1,,0.271866,0.62823,0.099904,,2779300,,
1,1,,0.34745,0.620789,0.031761,,2836900,,
1,1,,0.288776,0.552725,0.158498,,2501800,,
1,1,,0.186084,0.470074,0.343842,,1525400,,
1,1,,0.261166,0.601137,0.137698,,1420000,,
1,1,,0.273085,0.643104,0.08381,,1426300,,
1,2,,0.108987,0.404733,0.48628,,1505200,,
1,1,,0.365397,0.598232,0.036371,,1434700,,
1,1,,0.2441,0.69201,0.06389,,1527200,,
1,2,,0.086654,0.308791,0.604555,,1423700,,
1,1,,0.249373,0.587732,0.162895,,1451600,,
1,1,,0.408715,0.559005,0.03228,,1439600,,
1,1,,0.38391,0.518686,0.097404,,1416700,,
1,1,,0.230766,0.620688,0.148546,,1512500,,
1,1,,0.334967,0.614522,0.050511,,1440100,,
1,1,,0.073439,0.684801,0.24176,,1447600,,
1,1,,0.263331,0.705438,0.031231,,1437400,,
1,1,,0.191312,0.533704,0.274984,,1503800,,
1,1,,0.298792,0.626388,0.07482,,1517200,,
1,1,,0.376757,0.581198,0.042045,,1429500,,
1,2,,0.074338,0.360964,0.564699,,1469000,,
1,1,,0.28959,0.626981,0.083429,,1469700,,
1,1,,0.20608,0.715526,0.078394,,1437300,,
1,1,,0.344423,0.603876,0.051701,,1426900,,
1,1,,0.086949,0.612918,0.300134,,1524500,,
1,1,,0.176873,0.555974,0.267152,,1429200,,
1,2,,0.080696,0.343298,0.576006,,1451500,,
1,1,,0.38809,0.600934,0.010976,,1678700,,
1,1,,0.075652,0.608891,0.315457,,1434700,,
1,2,,0.120065,0.380579,0.499356,,1530600,,
1,1,,0.43134,0.551097,0.017563,,1445700,,
1,1,,0.082269,0.535535,0.382196,,1434300,,
1,1,,0.329792,0.61305,0.057158,,1427100,,
1,1,,0.478613,0.490102,0.031285,,1425400,,
1,1,,0.113809,0.744542,0.141649,,1538600,,
1,1,,0.414642,0.514383,0.070974,,1428500,,
1,2,,0.085277,0.401544,0.51318,,1445600,,
1,1,,0.195028,0.729705,0.075266,,1431500,,
1,1,,0.201682,0.692223,0.106095,,1479500,,
1,1,,0.208798,0.645049,0.146153,,1510300,,
1,1,,0.245473,0.705298,0.049229,,1465200,,
1,1,,0.210924,0.60275,0.186327,,1460800,,
1,1,,0.0823,0.672449,0.245251,,1452500,,
1,1,,0.307209,0.584526,0.108265,,1426500,,
1,1,,0.186846,0.698922,0.114232,,1542800,,
1,1,,0.140409,0.754035,0.105556,,1421500,,
1,2,,0.093098,0.343206,0.563696,,1430400,,
1,1,,0.416635,0.530027,0.053338,,1427800,,
1,1,,0.399913,0.423942,0.176146,,1423100,,
1,1,,0.292376,0.638812,0.068813,,1775400,,
1,1,,0.129971,0.58493,0.285099,,1432300,,
1,1,,0.13173,0.604103,0.264166,,1422000,,
1,1,,0.325887,0.655233,0.01888,,1420800,,
1,1,,0.143481,0.543453,0.313065,,1419700,,
1,1,,0.186903,0.622536,0.190561,,1506800,,
1,1,,0.199785,0.69617,0.104045,,1433600,,
1,1,,0.395642,0.574263,0.030095,,1429100,,
1,1,,0.188625,0.614453,0.196922,,1439200,,
1,2,,0.069476,0.290435,0.640088,,1437200,,
1,1,,0.084359,0.654814,0.260827,,1435800,,
1,1,,0.082494,0.471409,0.446097,,1649800,,
1,1,,0.246673,0.649474,0.103853,,1561700,,
1,1,,0.141449,0.690297,0.168254,,1531800,,
1,1,,0.220939,0.642366,0.136695,,1531400,,
1,1,,0.158664,0.70704,0.134295,,1509300,,
1,1,,0.44688,0.538555,0.014565,,1600200,,
1,1,,0.154531,0.661457,0.184012,,1525800,,
1,1,,0.1322,0.687135,0.180666,,1532000,,
1,1,,0.133507,0.671201,0.195292,,1533500,,
1,1,,0.133245,0.711022,0.155732,,1578500,,
1,1,,0.310386,0.65261,0.037005,,1608600,,
1,1,,0.139919,0.609074,0.251008,,1530300,,
1,1,,0.393738,0.532443,0.073819,,1549900,,
1,1,,0.220307,0.651255,0.128437,,1525000,,
1,1,,0.097902,0.546163,0.355935,,1605200,,
1,1,,0.090376,0.5417,0.367924,,1415700,,
1,1,,0.107339,0.529785,0.362877,,1453400,,
1,1,,0.27948,0.638322,0.082198,,1423400,,
1,1,,0.37574,0.538307,0.085953,,1408200,,
1,1,,0.134655,0.755636,0.10971,,1597200,,
1,1,,0.133584,0.597601,0.268815,,1421900,,
1,1,,0.44429,0.483848,0.071861,,1422500,,
1,1,,0.408519,0.519637,0.071844,,1425500,,
1,1,,0.377445,0.563823,0.058732,,1419400,,
1,1,,0.089979,0.738048,0.171973,,1512500,,
1,1,,0.127221,0.69038,0.182399,,1421300,,
1,1,,0.309585,0.616845,0.07357,,1433200,,
1,1,,0.104488,0.562126,0.333386,,1432700,,
1,1,,0.12536,0.546872,0.327768,,1403500,,
1,1,,0.066548,0.598657,0.334795,,1578700,,
1,1,,0.062097,0.47975,0.458152,,1487200,,
1,1,,0.120887,0.779589,0.099524,,1443000,,
1,1,,0.42725,0.541773,0.030976,,1425000,,
1,1,,0.411082,0.577942,0.010976,,1474400,,
1,1,,0.094471,0.455704,0.449825,,1531300,,
1,1,,0.349767,0.575168,0.075065,,1433000,,
1,1,,0.386781,0.581458,0.031761,,1422500,,
1,1,,0.144612,0.676491,0.178897,,1424400,,
1,2,,0.069098,0.389448,0.541454,,1419600,,
1,1,,0.456362,0.475465,0.068174,,1482400,,
1,1,,0.341843,0.53774,0.120417,,1424400,,
1,1,,0.100401,0.708188,0.191412,,1448100,,
1,1,,0.445292,0.523494,0.031214,,1425800,,
1,1,,0.189989,0.662558,0.147453,,1438300,,
1,2,,0.094306,0.293938,0.611757,,1500900,,
1,1,,0.269056,0.645166,0.085778,,1414200,,
1,1,,0.199603,0.715946,0.084451,,1418300,,
1,1,,0.156799,0.649827,0.193374,,1431000,,
1,1,,0.395912,0.530657,0.073432,,1408100,,
1,1,,0.066874,0.531854,0.401272,,1538700,,
1,1,,0.260659,0.59211,0.147231,,1451500,,
1,1,,0.10585,0.696958,0.197191,,1445000,,
1,1,,0.222623,0.67157,0.105807,,1480400,,
1,1,,0.100835,0.676742,0.222423,,1402400,,
1,1,,0.180374,0.629694,0.189932,,1677700,,
1,1,,0.088688,0.607321,0.30399,,1441600,,
1,1,,0.109013,0.654039,0.236948,,1434200,,
1,1,,0.115033,0.610297,0.27467,,1414200,,
1,1,,0.369258,0.610694,0.020048,,1416800,,
1,1,,0.219224,0.645776,0.135,,1704700,,
1,1,,0.301632,0.603332,0.095036,,1420600,,
1,1,,0.22878,0.662561,0.108659,,1436000,,
1,1,,0.238791,0.567379,0.19383,,1447400,,
1,1,,0.117608,0.753233,0.129159,,1464900,,
1,1,,0.275622,0.585189,0.139189,,1517300,,
1,1,,0.424147,0.522378,0.053474,,1632300,,
1,1,,0.121506,0.733441,0.145053,,1425400,,
1,1,,0.105187,0.703789,0.191025,,1416000,,
1,1,,0.143957,0.689016,0.167027,,1688200,,
1,2,,0.092939,0.237219,0.669842,,1493600,,
1,2,,0.060908,0.307166,0.631926,,1432900,,
1,1,,0.332594,0.587675,0.07973,,1405700,,
1,1,,0.097865,0.593483,0.308652,,1525000,,
1,1,,0.38096,0.539206,0.079833,,1409000,,
1,1,,0.178875,0.695435,0.12569,,1697700,,
1,2,,0.064689,0.381758,0.553553,,1543500,,
1,1,,0.369914,0.585171,0.044915,,1530100,,
1,1,,0.102337,0.562539,0.335124,,1601100,,
1,1,,0.22357,0.702218,0.074212,,1427700,,
1,2,,0.062494,0.411331,0.526174,,1450300,,
1,1,,0.232178,0.676499,0.091323,,1431300,,
1,1,,0.24235,0.581122,0.176527,,1462500,,
1,1,,0.222278,0.709778,0.067944,,1525800,,
1,1,,0.223025,0.708355,0.06862,,1438400,,
1,2,,0.063134,0.398932,0.537935,,1534600,,
1,1,,0.402415,0.568437,0.029148,,1436300,,
1,1,,0.371179,0.559634,0.069187,,1744700,,
1,1,,0.393933,0.571964,0.034103,,1473400,,
1,1,,0.128464,0.686124,0.185412,,1504200,,
1,1,,0.334709,0.51545,0.14984,,1538300,,
1,1,,0.097461,0.472126,0.430413,,1411900,,
1,1,,0.301902,0.642336,0.055761,,1744700,,
1,1,,0.106868,0.665376,0.227755,,1422800,,
1,1,,0.126313,0.730204,0.143484,,1426400,,
1,1,,0.342956,0.603084,0.05396,,1413700,,
1,1,,0.344477,0.590203,0.065321,,1440600,,
1,1,,0.060341,0.49007,0.449589,,1500000,,
1,1,,0.290504,0.585492,0.124004,,1469700,,
1,1,,0.073881,0.478479,0.44764,,1429600,,
1,1,,0.099114,0.686759,0.214126,,1412300,,
1,1,,0.136138,0.666876,0.196987,,1408000,,
1,1,,0.089855,0.564978,0.345168,,1544200,,
1,1,,0.150709,0.661862,0.187428,,1422000,,
1,1,,0.170742,0.677187,0.152071,,1421800,,
1,1,,0.226347,0.618776,0.154877,,1420700,,
1,1,,0.203689,0.556064,0.240247,,1433400,,
1,1,,0.242982,0.615212,0.141805,,1497500,,
1,2,,0.088904,0.39796,0.513136,,1416900,,
1,1,,0.219672,0.640022,0.140306,,1442400,,
1,1,,0.072744,0.594791,0.332465,,1416300,,
1,1,,0.27654,0.48722,0.23624,,1427400,,
1,1,,0.256824,0.605987,0.137188,,1548300,,
1,2,,0.065887,0.308912,0.625201,,1427100,,
1,1,,0.19962,0.602731,0.197649,,1460100,,
1,1,,0.153467,0.754736,0.091797,,1412900,,
1,1,,0.079866,0.55447,0.365664,,1416800,,
1,1,,0.201535,0.624545,0.173919,,1769400,,
1,1,,0.089805,0.550335,0.359859,,1494700,,
1,1,,0.416825,0.508939,0.074236,,1513100,,
1,1,,0.1523,0.539971,0.307729,,1505300,,
1,1,,0.087862,0.692393,0.219746,,1520000,,
1,1,,0.183318,0.6812,0.135482,,1514900,,
1,2,,0.09144,0.386236,0.522324,,1433100,,
1,1,,0.44395,0.460423,0.095626,,1447800,,
1,1,,0.281606,0.626921,0.091473,,1469900,,
1,1,,0.212999,0.695124,0.091877,,1469800,,
1,1,,0.226452,0.621584,0.151964,,3034100,,
1,1,,0.191576,0.728529,0.079896,,2928200,,
1,2,,0.064963,0.432301,0.502736,,3575700,,
1,1,,0.148374,0.681458,0.170168,,3146400,,
1,1,,0.228314,0.686045,0.085641,,1726400,,
1,1,,0.133377,0.73246,0.134163,,1412000,,
1,1,,0.335551,0.571626,0.092823,,1522400,,
1,2,,0.0469,0.292916,0.660184,,1727100,,
1,1,,0.385543,0.533268,0.081189,,1418100,,
1,1,,0.190595,0.654843,0.154562,,1410700,,
2,2,,0.125719,0.222204,0.652077,,1489100,,
2,2,,0.340793,0.035597,0.62361,,1401900,,
2,2,,0.114585,0.391466,0.493949,,1439000,,
2,2,,0.123766,0.213592,0.662642,,1427300,,
2,2,,0.165784,0.146543,0.687673,,1439600,,
2,2,,0.202545,0.138205,0.65925,,1402600,,
2,2,,0.214077,0.11461,0.671313,,1452700,,
2,2,,0.459608,0.03515,0.505242,,1497400,,
2,1,,0.080874,0.504666,0.41446,,1416500,,
2,2,,0.126516,0.101619,0.771865,,1431200,,
2,2,,0.202962,0.061389,0.735648,,1415200,,
2,2,,0.225562,0.177242,0.597196,,1421700,,
2,1,,0.075142,0.517426,0.407432,,1508800,,
2,2,,0.188515,0.18497,0.626515,,1421300,,
2,1,,0.132652,0.554823,0.312524,,1417000,,
2,2,,0.353188,0.03797,0.608841,,1421400,,
2,2,,0.144523,0.233256,0.622221,,1415900,,
2,2,,0.338605,0.034271,0.627124,,1507300,,
2,2,,0.153596,0.096066,0.750338,,1532900,,
2,2,,0.35452,0.038021,0.607459,,1415000,,
2,2,,0.102009,0.24876,0.649231,,1435900,,
2,2,,0.163594,0.081821,0.754585,,1413500,,
2,2,,0.095465,0.431149,0.473385,,1417800,,
2,2,,0.318783,0.168404,0.512812,,1486900,,
2,2,,0.186265,0.046295,0.76744,,1417500,,
2,1,,0.104239,0.638304,0.257457,,1448100,,
2,2,,0.143195,0.232286,0.624519,,1416500,,
2,2,,0.233642,0.09827,0.668089,,1417500,,
2,2,,0.419984,0.065483,0.514533,,1579300,,
2,2,,0.184494,0.325132,0.490375,,1420200,,
2,2,,0.398429,0.028184,0.573387,,1419700,,
2,2,,0.118483,0.306027,0.57549,,1467800,,
2,2,,0.097453,0.155814,0.746733,,1426300,,
2,2,,0.372467,0.021885,0.605648,,1508600,,
2,2,,0.189357,0.205981,0.604662,,1422600,,
2,2,,0.190817,0.070641,0.738541,,1440400,,
2,2,,0.058637,0.282086,0.659277,,1429400,,
2,2,,0.168125,0.216021,0.615854,,1421900,,
2,2,,0.235383,0.20845,0.556167,,1411400,,
2,2,,0.189043,0.041534,0.769422,,1552700,,
2,2,,0.125414,0.321853,0.552732,,1441500,,
2,2,,0.3993,0.01444,0.58626,,1431000,,
2,2,,0.247302,0.067346,0.685352,,1438600,,
2,2,,0.072977,0.295781,0.631242,,1433000,,
2,2,,0.091204,0.164224,0.744572,,1503500,,
2,2,,0.301988,0.017682,0.68033,,1426000,,
2,2,,0.118489,0.211182,0.670329,,1423600,,
2,2,,0.28742,0.040758,0.671822,,1424400,,
2,2,,0.090187,0.328302,0.58151,,1426100,,
2,1,,0.049545,0.542974,0.407481,,1427900,,
2,2,,0.150033,0.044461,0.805506,,1517400,,
2,2,,0.059401,0.378445,0.562154,,1428400,,
2,2,,0.364333,0.014894,0.620773,,1430800,,
2,2,,0.343262,0.034001,0.622737,,1409900,,
2,2,,0.297604,0.021682,0.680714,,1514000,,
2,2,,0.101817,0.264679,0.633504,,1418900,,
2,2,,0.133062,0.118416,0.748522,,1421900,,
2,2,,0.207564,0.114702,0.677734,,1427500,,
2,2,,0.43105,0.032035,0.536915,,1410100,,
2,2,,0.306775,0.139252,0.553973,,1432900,,
2,2,,0.311226,0.107443,0.58133,,1643900,,
2,2,,0.31923,0.060909,0.619861,,1421200,,
2,2,,0.254594,0.067565,0.67784,,1457500,,
2,2,,0.100384,0.181514,0.718102,,1432800,,
2,2,,0.37068,0.015149,0.614171,,1430600,,
2,2,,0.083376,0.447986,0.468637,,1557500,,
2,2,,0.314641,0.043845,0.641514,,1435100,,
2,0,,0.483868,0.038293,0.477839,,1423100,,
2,2,,0.2866,0.017682,0.695718,,1423000,,
2,2,,0.082913,0.184411,0.732676,,1427600,,
2,2,,0.278874,0.033419,0.687707,,2850500,,
2,2,,0.392582,0.018811,0.588607,,1434800,,
2,2,,0.12371,0.126579,0.74971,,1460600,,
2,2,,0.298453,0.031336,0.670211,,1461000,,
2,2,,0.143003,0.125519,0.731477,,1427600,,
2,2,,0.417916,0.035151,0.546934,,1510500,,
2,2,,0.256894,0.020672,0.722434,,1413000,,
2,2,,0.205628,0.136556,0.657816,,1442000,,
2,2,,0.236793,0.040508,0.722699,,1429100,,
2,2,,0.090424,0.247773,0.661803,,1439600,,
2,1,,0.066049,0.518983,0.414968,,1514900,,
2,2,,0.431434,0.033568,0.534997,,1541500,,
2,1,,0.049276,0.489168,0.461555,,1433200,,
2,2,,0.190517,0.13076,0.678723,,1464200,,
2,2,,0.2597,0.241042,0.499258,,1442800,,
2,2,,0.112944,0.342124,0.544932,,1535900,,
2,2,,0.347544,0.189871,0.462585,,1411800,,
2,2,,0.069928,0.369066,0.561005,,1436400,,
2,2,,0.079305,0.282519,0.638176,,1436800,,
2,2,,0.187488,0.174883,0.637629,,1419900,,
2,2,,0.327588,0.038271,0.63414,,1511000,,
2,2,,0.091392,0.452569,0.456039,,1415900,,
2,2,,0.274488,0.017682,0.70783,,1512400,,
2,2,,0.359774,0.064137,0.57609,,1432400,,
2,2,,0.170468,0.098309,0.731224,,1446900,,
2,2,,0.080625,0.26168,0.657695,,1592000,,
2,2,,0.420032,0.012207,0.567762,,1421100,,
2,2,,0.299208,0.02494,0.675852,,1441200,,
2,2,,0.125446,0.166166,0.708388,,1441400,,
2,2,,0.10324,0.170358,0.726401,,1440900,,
2,2,,0.252491,0.054987,0.692522,,1491000,,
2,2,,0.331184,0.054287,0.614528,,1433400,,
2,2,,0.300143,0.052784,0.647073,,1428600,,
2,2,,0.171554,0.115991,0.712455,,1546800,,
2,2,,0.098543,0.087864,0.813594,,1439000,,
2,2,,0.267724,0.018319,0.713957,,1546400,,
2,2,,0.289238,0.049351,0.661411,,1436600,,
2,2,,0.20568,0.158785,0.635535,,1441200,,
2,2,,0.228516,0.07192,0.699565,,1432100,,
2,2,,0.116432,0.103379,0.780189,,1425700,,
2,2,,0.109737,0.114873,0.77539,,1412300,,
2,2,,0.363034,0.057659,0.579307,,1522800,,
2,2,,0.457455,0.012125,0.53042,,1431100,,
2,2,,0.343093,0.021762,0.635146,,1444900,,
2,2,,0.107781,0.237331,0.654888,,1557600,,
2,2,,0.079797,0.421337,0.498866,,1434100,,
2,2,,0.13138,0.093264,0.775356,,1579500,,
2,2,,0.08904,0.31399,0.596971,,1433700,,
2,2,,0.101129,0.174848,0.724023,,1455700,,
2,2,,0.423652,0.045799,0.530549,,1428900,,
2,2,,0.266113,0.057095,0.676792,,1436100,,
2,2,,0.21346,0.109333,0.677207,,1517100,,
2,2,,0.1375,0.225473,0.637027,,1432400,,
2,2,,0.459737,0.012126,0.528137,,1426200,,
2,2,,0.355911,0.054427,0.589662,,1695100,,
2,2,,0.222268,0.086431,0.691301,,1435300,,
2,2,,0.165402,0.086816,0.747782,,1643500,,
2,2,,0.115799,0.283972,0.600229,,1426700,,
2,2,,0.098357,0.207649,0.693994,,1419500,,
2,2,,0.13269,0.126635,0.740675,,1410400,,
2,2,,0.110977,0.201415,0.687608,,1396100,,
2,2,,0.276666,0.031902,0.691432,,1585400,,
2,2,,0.105317,0.438153,0.45653,,1417500,,
2,2,,0.296126,0.043055,0.660818,,1416600,,
2,2,,0.116623,0.148292,0.735085,,1438800,,
2,2,,0.104685,0.228384,0.66693,,1430000,,
2,2,,0.234955,0.049975,0.71507,,1642200,,
2,2,,0.409635,0.016205,0.574159,,1428500,,
2,2,,0.069783,0.200186,0.730031,,1432300,,
2,2,,0.380946,0.039429,0.579625,,1411500,,
2,2,,0.074774,0.232308,0.692918,,1403600,,
2,2,,0.222679,0.086428,0.690893,,1724500,,
2,2,,0.241965,0.157237,0.600798,,1411600,,
2,1,,0.05377,0.568085,0.378144,,1421100,,
2,2,,0.375559,0.06876,0.555682,,1422200,,
2,2,,0.305843,0.025411,0.668746,,1538500,,
2,2,,0.18846,0.079202,0.732338,,1536900,,
2,2,,0.204185,0.098936,0.696878,,1416500,,
2,2,,0.290353,0.034759,0.674887,,1428100,,
2,2,,0.391317,0.049294,0.559389,,1424000,,
2,2,,0.194171,0.130477,0.675351,,1425400,,
2,2,,0.143571,0.349207,0.507222,,1510400,,
2,1,,0.08067,0.466767,0.452564,,1407100,,
2,2,,0.14797,0.184762,0.667268,,1412400,,
2,2,,0.293456,0.034271,0.672273,,1415900,,
2,2,,0.387061,0.030791,0.582148,,1441700,,
2,2,,0.253298,0.086639,0.660062,,1500400,,
2,2,,0.31608,0.077293,0.606627,,1400500,,
2,2,,0.388751,0.014997,0.596251,,1418000,,
2,2,,0.140709,0.094498,0.764792,,1431300,,
2,2,,0.324372,0.021682,0.653946,,1413200,,
2,2,,0.349944,0.037265,0.612792,,1502400,,
2,2,,0.394159,0.01896,0.586881,,1407000,,
2,2,,0.078436,0.155122,0.766441,,1435400,,
2,2,,0.376619,0.025571,0.59781,,1415000,,
2,2,,0.406438,0.032782,0.56078,,1409800,,
2,2,,0.350368,0.035086,0.614546,,1494500,,
2,2,,0.238493,0.179862,0.581645,,1464000,,
2,2,,0.233751,0.066808,0.699441,,1426200,,
2,2,,0.169669,0.343871,0.48646,,1420800,,
2,2,,0.249737,0.044235,0.706028,,1409700,,
2,2,,0.096276,0.284036,0.619688,,1415200,,
2,2,,0.156781,0.337483,0.505736,,1515800,,
2,2,,0.424068,0.026495,0.549438,,1438200,,
2,2,,0.423408,0.01444,0.562152,,1423000,,
2,2,,0.380882,0.035939,0.583178,,1423700,,
2,2,,0.105671,0.215028,0.679301,,1419800,,
2,2,,0.238949,0.170805,0.590246,,1529600,,
2,2,,0.314634,0.026504,0.658862,,1418600,,
2,2,,0.373289,0.034501,0.59221,,1435200,,
2,2,,0.303044,0.053711,0.643245,,1429200,,
2,2,,0.358847,0.017682,0.623471,,1411000,,
2,2,,0.354399,0.042417,0.603184,,1502800,,
2,2,,0.176464,0.224179,0.599358,,1414600,,
2,2,,0.08345,0.243905,0.672645,,1423600,,
2,2,,0.244205,0.178602,0.577193,,1410600,,
2,2,,0.055922,0.304528,0.63955,,1418600,,
2,1,,0.150143,0.483239,0.366618,,1550000,,
2,2,,0.097905,0.392861,0.509234,,1610900,,
2,2,,0.113667,0.38592,0.500413,,1438700,,
2,2,,0.118051,0.220825,0.661125,,1423400,,
2,2,,0.071058,0.211775,0.717167,,1397100,,
2,2,,0.233902,0.072685,0.693413,,1396700,,
2,2,,0.237739,0.046788,0.715473,,1533800,,
2,2,,0.095408,0.347471,0.557122,,1424500,,
2,2,,0.324932,0.063107,0.61196,,1414100,,
2,2,,0.129397,0.207132,0.663471,,1403400,,
2,2,,0.299844,0.043012,0.657145,,1423100,,
2,2,,0.102471,0.382411,0.515118,,1569500,,
2,2,,0.104779,0.289722,0.6055,,1416700,,
2,2,,0.465735,0.027035,0.50723,,1408000,,
2,2,,0.106527,0.185212,0.708262,,1416400,,
2,2,,0.068421,0.314694,0.616885,,1406500,,
2,2,,0.077738,0.229975,0.692287,,1507400,,
2,2,,0.238771,0.278772,0.482457,,1403000,,
2,2,,0.204666,0.092875,0.702459,,1399000,,
2,2,,0.207565,0.168292,0.624142,,1396500,,
2,2,,0.258778,0.063285,0.677937,,1410100,,
2,1,,0.095745,0.496605,0.407649,,1608200,,
2,2,,0.072183,0.40376,0.524057,,1542100,,
2,2,,0.335413,0.045102,0.619485,,1527600,,
2,2,,0.16314,0.184953,0.651907,,1484800,,
2,2,,0.359913,0.105006,0.535081,,1651800,,
2,2,,0.129841,0.058465,0.811694,,1418500,,
2,2,,0.15382,0.175537,0.670643,,1406800,,
2,2,,0.328369,0.021442,0.650189,,1400500,,
2,2,,0.203609,0.107977,0.688414,,1407900,,
2,2,,0.400417,0.026931,0.572651,,1578700,,
2,2,,0.045936,0.283767,0.670297,,1437700,,
2,2,,0.277666,0.03436,0.687974,,2233200,,
2,2,,0.065145,0.404901,0.529954,,2580300,,
2,2,,0.371941,0.031156,0.596903,,1704600,,
2,2,,0.457225,0.031156,0.511619,,1738500,,
2,2,,0.041753,0.392912,0.565335,,1674900,,
2,2,,0.077586,0.28835,0.634064,,1658200,,
2,1,,0.116497,0.468892,0.414611,,1678900,,
2,2,,0.076462,0.433274,0.490264,,1772700,,
2,2,,0.230763,0.099893,0.669345,,1948100,,
2,2,,0.046381,0.427368,0.526251,,2057200,,
2,2,,0.192485,0.068211,0.739304,,1635400,,
2,2,,0.138533,0.04982,0.811647,,1712000,,
2,2,,0.349899,0.075069,0.575031,,1655700,,
2,2,,0.159939,0.047836,0.792226,,1718900,,
2,2,,0.111473,0.131426,0.757101,,1644500,,
2,2,,0.285769,0.268892,0.445339,,1707800,,
2,2,,0.375167,0.014997,0.609836,,1668000,,
2,2,,0.155282,0.114996,0.729722,,1677200,,
2,2,,0.368964,0.033837,0.597199,,1650900,,
2,2,,0.342848,0.02059,0.636562,,1647700,,
2,2,,0.190292,0.142084,0.667624,,1721700,,
2,2,,0.16473,0.053597,0.781673,,1658100,,
2,2,,0.289575,0.031317,0.679109,,1646500,,
2,2,,0.3081,0.026039,0.665861,,1643800,,
2,2,,0.300053,0.144089,0.555859,,1828400,,
2,2,,0.440463,0.065941,0.493596,,1673100,,
2,2,,0.219831,0.1274,0.652769,,1747400,,
2,2,,0.084409,0.215575,0.700015,,1662200,,
2,2,,0.192729,0.099234,0.708037,,1719700,,
2,2,,0.342876,0.020101,0.637023,,1800400,,
2,2,,0.122435,0.147882,0.729683,,1660100,,
2,2,,0.390626,0.012126,0.597248,,1647100,,
2,2,,0.091574,0.162997,0.745429,,1642900,,
2,2,,0.404571,0.052033,0.543395,,1751300,,
2,2,,0.258609,0.063731,0.67766,,1440600,,
2,2,,0.12385,0.213236,0.662915,,1660600,,
2,2,,0.141049,0.396445,0.462506,,1880600,,
2,2,,0.094495,0.234961,0.670544,,1503500,,
2,2,,0.113013,0.153224,0.733763,,1536900,,
2,2,,0.102616,0.396441,0.500943,,1655000,,
2,2,,0.086137,0.164339,0.749524,,1426700,,
2,2,,0.229501,0.211962,0.558536,,1425000,,
