waveform-noise,CWE,test,3,NANOSECONDS,PREDICTIONS, Generated by ClassifierExperiments.java on 2022-05-16 22:48:12.    SYSTEMPROPERTIES:{user.name:matth,os.arch:amd64,os.name:Windows 10},ENDSYSTEMPROPERTIES
No parameter info
0.7682317682317682,1870336000,1584653900,-1,70309984,3,,-1,-1
0,1,,0.383574,0.556114,0.060312,,1628100,,
0,0,,0.433057,0.136297,0.430645,,1448900,,
0,2,,0.223409,0.108049,0.668542,,1445300,,
0,0,,0.567372,0.325373,0.107255,,1501500,,
0,0,,0.538108,0.03041,0.431482,,1475500,,
0,2,,0.35535,0.032362,0.612288,,1439900,,
0,2,,0.390391,0.045655,0.563954,,1424800,,
0,2,,0.336461,0.096453,0.567086,,1454900,,
0,2,,0.417344,0.035081,0.547575,,1436800,,
0,0,,0.428732,0.200078,0.37119,,1436900,,
0,1,,0.375884,0.564882,0.059234,,1553000,,
0,0,,0.544876,0.419095,0.036029,,1452800,,
0,1,,0.448219,0.51225,0.03953,,1428200,,
0,1,,0.351775,0.61489,0.033335,,1428700,,
0,2,,0.437346,0.053451,0.509202,,1439400,,
0,1,,0.433611,0.460941,0.105449,,1429600,,
0,2,,0.258734,0.061243,0.680023,,1436900,,
0,1,,0.442799,0.521245,0.035956,,1432200,,
0,0,,0.611015,0.158305,0.23068,,1531400,,
0,1,,0.322598,0.639974,0.037428,,1424800,,
0,0,,0.511519,0.448757,0.039723,,1461300,,
0,0,,0.529079,0.192254,0.278666,,1507400,,
0,2,,0.39697,0.094848,0.508182,,1451700,,
0,0,,0.454314,0.43725,0.108436,,1434800,,
0,0,,0.506429,0.126537,0.367033,,1445700,,
0,1,,0.35551,0.587769,0.056721,,1418600,,
0,0,,0.487468,0.482038,0.030494,,1452100,,
0,2,,0.372462,0.093073,0.534465,,1430100,,
0,0,,0.485351,0.067949,0.4467,,1436300,,
0,0,,0.577681,0.344716,0.077603,,1415400,,
0,0,,0.492028,0.140333,0.367639,,1447600,,
0,0,,0.495992,0.145703,0.358305,,2367500,,
0,1,,0.434651,0.458309,0.10704,,2358900,,
0,2,,0.377921,0.027295,0.594784,,3004200,,
0,2,,0.248037,0.126029,0.625934,,2448000,,
0,0,,0.516043,0.397487,0.08647,,2389200,,
0,0,,0.489895,0.46773,0.042375,,2395600,,
0,2,,0.334785,0.02401,0.641205,,2485900,,
0,2,,0.294158,0.035052,0.670789,,1669400,,
0,0,,0.482705,0.174698,0.342598,,1664300,,
0,0,,0.60337,0.257381,0.139249,,1728200,,
0,1,,0.471013,0.484711,0.044276,,1662000,,
0,1,,0.367262,0.528204,0.104534,,1663800,,
0,0,,0.529399,0.379447,0.091154,,1674600,,
0,0,,0.452452,0.100356,0.447192,,1663500,,
0,0,,0.478742,0.394358,0.1269,,1679800,,
0,0,,0.571841,0.307446,0.120713,,1844100,,
0,2,,0.35439,0.073262,0.572348,,2315400,,
0,1,,0.363025,0.611869,0.025106,,2363700,,
0,0,,0.588671,0.124554,0.286776,,2584700,,
0,2,,0.379812,0.084047,0.536141,,2343000,,
0,2,,0.413282,0.022683,0.564035,,2389300,,
0,2,,0.470276,0.049365,0.480359,,2324800,,
0,2,,0.405595,0.060075,0.53433,,2354700,,
0,1,,0.465475,0.503482,0.031043,,2380800,,
0,0,,0.505726,0.328041,0.166233,,2766700,,
0,2,,0.345349,0.047904,0.606747,,1678200,,
0,0,,0.45188,0.40929,0.138829,,1689100,,
0,2,,0.416604,0.129885,0.453511,,1660200,,
0,1,,0.270751,0.5739,0.155349,,1661100,,
0,0,,0.493739,0.425357,0.080903,,2007000,,
0,1,,0.343741,0.591274,0.064985,,1463600,,
0,1,,0.307041,0.544457,0.148502,,1447500,,
0,0,,0.620979,0.273497,0.105524,,1427800,,
0,0,,0.537532,0.384186,0.078282,,1423300,,
0,1,,0.472967,0.473868,0.053165,,1798400,,
0,2,,0.260533,0.142527,0.59694,,1833700,,
0,0,,0.557623,0.156971,0.285406,,1431700,,
0,1,,0.378923,0.523634,0.097443,,1433000,,
0,1,,0.416069,0.539559,0.044372,,1431700,,
0,0,,0.649073,0.125525,0.225402,,2388600,,
0,1,,0.389626,0.559733,0.050641,,2344300,,
0,0,,0.50387,0.42966,0.06647,,2368600,,
0,0,,0.595744,0.091362,0.312894,,2447700,,
0,0,,0.498576,0.37676,0.124664,,1684600,,
0,2,,0.401766,0.054901,0.543333,,1666200,,
0,1,,0.453564,0.462624,0.083813,,1675700,,
0,0,,0.679396,0.119683,0.200921,,1711500,,
0,2,,0.329034,0.133858,0.537108,,1790600,,
0,2,,0.293209,0.020486,0.686305,,1655500,,
0,1,,0.462179,0.518414,0.019407,,1664500,,
0,0,,0.633635,0.19668,0.169685,,1668800,,
0,0,,0.498498,0.033148,0.468354,,1659300,,
0,0,,0.489076,0.027263,0.483661,,1651600,,
0,0,,0.458363,0.16819,0.373447,,1662100,,
0,2,,0.271244,0.10675,0.622006,,1682400,,
0,0,,0.527161,0.370876,0.101963,,1669800,,
0,0,,0.663636,0.128562,0.207802,,1655500,,
0,1,,0.4153,0.549239,0.035462,,1691900,,
0,0,,0.469211,0.137242,0.393547,,1693600,,
0,2,,0.313771,0.026015,0.660214,,1667300,,
0,0,,0.652095,0.111763,0.236142,,1724400,,
0,0,,0.430695,0.171378,0.397928,,1667600,,
0,1,,0.387015,0.599196,0.013789,,1681500,,
0,0,,0.502574,0.124144,0.373282,,1606500,,
0,0,,0.490956,0.122268,0.386776,,1416900,,
0,0,,0.438744,0.286167,0.275089,,1417300,,
0,0,,0.471348,0.388158,0.140494,,1431400,,
0,1,,0.411058,0.481524,0.107418,,2402500,,
0,2,,0.272013,0.072956,0.655031,,2502200,,
0,1,,0.439379,0.502383,0.058238,,1441000,,
0,0,,0.481075,0.430069,0.088856,,1455400,,
0,0,,0.60819,0.337413,0.054397,,1420300,,
0,0,,0.47584,0.412163,0.111997,,1414800,,
0,0,,0.504808,0.035921,0.459271,,1418000,,
0,1,,0.35684,0.597932,0.045228,,1442100,,
0,1,,0.379576,0.502226,0.118199,,1439700,,
0,0,,0.537814,0.422238,0.039947,,1489800,,
0,1,,0.427091,0.458533,0.114376,,1444300,,
0,2,,0.269571,0.043302,0.687128,,1413500,,
0,0,,0.556009,0.395734,0.048258,,1433000,,
0,0,,0.58776,0.18252,0.229721,,1423500,,
0,0,,0.517998,0.397671,0.084331,,1417200,,
0,1,,0.446383,0.509672,0.043945,,1407800,,
0,0,,0.455396,0.207461,0.337144,,1415900,,
0,1,,0.435102,0.480486,0.084412,,1434200,,
0,0,,0.387167,0.297433,0.315401,,1428700,,
0,0,,0.548457,0.404415,0.047128,,1416700,,
0,1,,0.44659,0.485495,0.067915,,1411900,,
0,0,,0.551992,0.108881,0.339127,,1572200,,
0,1,,0.449287,0.515184,0.035528,,1465600,,
0,0,,0.493723,0.236448,0.269829,,1471100,,
0,0,,0.493515,0.237901,0.268584,,1416900,,
0,2,,0.419665,0.07193,0.508406,,1413000,,
0,1,,0.436743,0.479066,0.084191,,1412100,,
0,0,,0.438372,0.186144,0.375485,,1424600,,
0,0,,0.499041,0.131746,0.369213,,1456500,,
0,2,,0.289132,0.218463,0.492405,,1418200,,
0,0,,0.665585,0.262828,0.071587,,1421000,,
0,2,,0.344457,0.083487,0.572056,,1415800,,
0,2,,0.373585,0.15479,0.471625,,1529100,,
0,2,,0.305399,0.101707,0.592894,,1429900,,
0,1,,0.391639,0.538843,0.069518,,1419700,,
0,1,,0.377603,0.569145,0.053252,,1408700,,
0,0,,0.471491,0.180715,0.347795,,1423800,,
0,0,,0.459665,0.437143,0.103192,,1446400,,
0,2,,0.408757,0.040697,0.550546,,1442000,,
0,0,,0.575582,0.370027,0.054391,,1418800,,
0,0,,0.602842,0.26835,0.128808,,1413300,,
0,1,,0.36521,0.618282,0.016508,,1435700,,
0,1,,0.317864,0.412678,0.269458,,1447900,,
0,2,,0.449488,0.02846,0.522052,,1476100,,
0,0,,0.497653,0.424595,0.077752,,1439900,,
0,0,,0.506725,0.440006,0.053269,,1414800,,
0,1,,0.437268,0.521325,0.041407,,1445600,,
0,0,,0.388185,0.356501,0.255315,,1439500,,
0,0,,0.711216,0.137309,0.151475,,1428700,,
0,2,,0.236238,0.057698,0.706064,,1436600,,
0,0,,0.532001,0.238985,0.229014,,1421000,,
0,0,,0.63164,0.197346,0.171014,,1495100,,
0,0,,0.561245,0.39303,0.045725,,1427100,,
0,0,,0.518562,0.27178,0.209657,,1417200,,
0,0,,0.516008,0.315559,0.168433,,1481100,,
0,2,,0.41218,0.017157,0.570664,,1433900,,
0,0,,0.466798,0.153951,0.379251,,1445300,,
0,0,,0.48704,0.479633,0.033327,,1435800,,
0,0,,0.609118,0.265043,0.125838,,1417700,,
0,1,,0.445628,0.542078,0.012294,,1414600,,
0,0,,0.480682,0.112836,0.406482,,1431300,,
0,2,,0.283406,0.038594,0.678,,1460400,,
0,0,,0.589449,0.064995,0.345557,,1436100,,
0,2,,0.351021,0.092627,0.556351,,1425900,,
0,0,,0.503576,0.249051,0.247374,,1426000,,
0,1,,0.233446,0.614223,0.152332,,1694600,,
0,0,,0.557359,0.212493,0.230148,,1447500,,
0,0,,0.471411,0.401154,0.127435,,1452000,,
0,2,,0.437875,0.018923,0.543202,,1425200,,
0,2,,0.386525,0.02492,0.588554,,1417600,,
0,1,,0.414341,0.557247,0.028412,,1454100,,
0,1,,0.397124,0.537779,0.065098,,1445400,,
0,0,,0.526345,0.116202,0.357453,,1429400,,
0,2,,0.362794,0.177112,0.460094,,1423000,,
0,2,,0.395494,0.07901,0.525496,,1416100,,
0,2,,0.281761,0.083209,0.63503,,1489100,,
0,2,,0.3836,0.051707,0.564693,,1488200,,
0,0,,0.581848,0.070137,0.348015,,1430300,,
0,0,,0.562642,0.10583,0.331528,,1413500,,
0,2,,0.310498,0.03389,0.655612,,1439400,,
0,0,,0.590804,0.242345,0.16685,,1436200,,
0,2,,0.296006,0.037812,0.666182,,1435500,,
0,1,,0.436733,0.550278,0.012989,,1439800,,
0,0,,0.448918,0.36268,0.188402,,1426300,,
0,2,,0.35483,0.070438,0.574731,,1489300,,
0,1,,0.341468,0.446575,0.211958,,1670400,,
0,0,,0.442975,0.400585,0.15644,,1537600,,
0,2,,0.460604,0.055241,0.484155,,1427600,,
0,0,,0.604014,0.233847,0.162139,,1429100,,
0,0,,0.469464,0.45846,0.072076,,1467300,,
0,0,,0.530963,0.252316,0.216721,,1490100,,
0,1,,0.36894,0.602868,0.028192,,1434700,,
0,2,,0.433005,0.118288,0.448708,,1426700,,
0,1,,0.329915,0.556074,0.114011,,1484200,,
0,1,,0.303069,0.546823,0.150108,,1451300,,
0,0,,0.431565,0.383433,0.185002,,1466200,,
0,2,,0.452711,0.062229,0.48506,,1427300,,
0,1,,0.409157,0.416183,0.17466,,1458100,,
0,2,,0.384187,0.049077,0.566736,,1458000,,
0,1,,0.427592,0.52864,0.043768,,1445400,,
0,0,,0.39515,0.327796,0.277054,,1432500,,
0,1,,0.381559,0.56711,0.051331,,1416700,,
0,1,,0.375729,0.554848,0.069424,,1413800,,
0,2,,0.316327,0.031897,0.651776,,1428300,,
0,0,,0.528388,0.366926,0.104685,,1492500,,
0,1,,0.468725,0.473145,0.05813,,1467300,,
0,0,,0.562844,0.353321,0.083835,,1478700,,
0,0,,0.588898,0.234124,0.176978,,1421400,,
0,1,,0.352501,0.398538,0.248961,,2193200,,
0,0,,0.572672,0.257166,0.170163,,1517400,,
0,2,,0.439909,0.082434,0.477657,,1702500,,
0,2,,0.268576,0.097404,0.63402,,1464600,,
0,0,,0.458024,0.282553,0.259423,,2293600,,
0,1,,0.301833,0.518175,0.179991,,1612200,,
0,0,,0.537188,0.298411,0.164402,,1474800,,
0,1,,0.351681,0.599863,0.048456,,1449000,,
0,0,,0.60024,0.081974,0.317787,,1586600,,
0,0,,0.544139,0.252255,0.203606,,2993100,,
0,1,,0.456777,0.462662,0.080561,,1543300,,
0,0,,0.454846,0.43754,0.107614,,1500600,,
0,2,,0.398446,0.034324,0.56723,,1487500,,
0,2,,0.427444,0.1427,0.429856,,1484800,,
0,0,,0.599943,0.056018,0.344039,,1446000,,
0,2,,0.326621,0.061035,0.612345,,1502800,,
0,0,,0.487632,0.383749,0.128619,,1464300,,
0,0,,0.484921,0.304571,0.210508,,1527800,,
0,2,,0.312554,0.020966,0.666479,,1449600,,
0,1,,0.440801,0.495401,0.063798,,1487400,,
0,1,,0.385799,0.452959,0.161242,,1442600,,
0,2,,0.461811,0.038369,0.49982,,1437700,,
0,2,,0.369083,0.040668,0.590248,,1533800,,
0,2,,0.231793,0.029124,0.739083,,1662200,,
0,2,,0.417339,0.070698,0.511963,,1427700,,
0,1,,0.426088,0.455449,0.118463,,1461600,,
0,0,,0.473095,0.132989,0.393916,,1525400,,
0,1,,0.331731,0.632463,0.035806,,1431800,,
0,2,,0.381907,0.034305,0.583788,,1425400,,
0,1,,0.28274,0.664511,0.052749,,1430700,,
0,0,,0.499133,0.14357,0.357297,,1629100,,
0,0,,0.716022,0.115038,0.16894,,1432100,,
0,0,,0.544282,0.145534,0.310185,,1465000,,
0,2,,0.312945,0.085223,0.601832,,1426400,,
0,0,,0.643836,0.197303,0.158861,,1439500,,
0,0,,0.634791,0.139865,0.225343,,1480400,,
0,0,,0.552397,0.391333,0.05627,,1673000,,
0,2,,0.37203,0.130041,0.49793,,1555500,,
0,2,,0.427085,0.01882,0.554095,,1462900,,
0,0,,0.42235,0.38516,0.19249,,1469700,,
0,1,,0.431806,0.548645,0.019549,,1730000,,
0,2,,0.345992,0.024777,0.629232,,1645500,,
0,2,,0.355511,0.18509,0.459398,,1461300,,
0,2,,0.346005,0.052126,0.601869,,1511400,,
0,0,,0.508299,0.355562,0.13614,,1485900,,
0,0,,0.512018,0.412371,0.075611,,1539300,,
0,0,,0.451566,0.441261,0.107173,,1459300,,
0,0,,0.429047,0.401022,0.169931,,1449600,,
0,0,,0.47334,0.083585,0.443075,,1719200,,
0,2,,0.363245,0.091583,0.545172,,2183600,,
0,0,,0.540643,0.305656,0.153701,,2090100,,
0,2,,0.401437,0.032818,0.565745,,2626700,,
0,0,,0.611117,0.175031,0.213851,,2081300,,
0,1,,0.354815,0.45357,0.191615,,1723500,,
0,2,,0.354137,0.023338,0.622524,,1746400,,
0,0,,0.51094,0.042853,0.446206,,1791100,,
0,0,,0.512749,0.458846,0.028405,,2052700,,
0,0,,0.667149,0.135058,0.197793,,2043300,,
0,0,,0.569197,0.172542,0.258261,,1674900,,
0,1,,0.407749,0.511884,0.080367,,1812300,,
0,1,,0.469078,0.490342,0.04058,,1805900,,
0,0,,0.578584,0.245219,0.176197,,1709600,,
0,2,,0.276024,0.039098,0.684879,,1815300,,
0,0,,0.514231,0.465973,0.019796,,2038100,,
0,2,,0.28268,0.069916,0.647404,,1527000,,
0,0,,0.366475,0.270497,0.363028,,1569000,,
0,0,,0.538716,0.417326,0.043958,,1608000,,
0,0,,0.553252,0.016304,0.430444,,3203400,,
0,1,,0.448503,0.53833,0.013167,,1696900,,
0,0,,0.527216,0.167069,0.305715,,1707700,,
0,2,,0.31335,0.138915,0.547735,,1842500,,
0,1,,0.388535,0.446661,0.164804,,1873900,,
0,2,,0.301536,0.075641,0.622822,,1780500,,
0,2,,0.440666,0.053245,0.506089,,1850200,,
0,0,,0.509558,0.051267,0.439176,,2976300,,
0,0,,0.545968,0.029276,0.424756,,2729300,,
0,0,,0.626492,0.161099,0.212409,,2784800,,
0,0,,0.445175,0.145772,0.409053,,2907500,,
0,0,,0.61344,0.092641,0.293919,,2676500,,
0,0,,0.683494,0.255725,0.060781,,2641100,,
0,1,,0.341024,0.618071,0.040905,,2566400,,
0,2,,0.324857,0.11811,0.557032,,2875600,,
0,0,,0.594495,0.179355,0.226149,,2654100,,
0,0,,0.519803,0.382516,0.097681,,2595400,,
0,0,,0.541221,0.418182,0.040596,,2119900,,
0,0,,0.495022,0.208035,0.296943,,1882600,,
0,1,,0.367597,0.550039,0.082364,,1611900,,
0,2,,0.270947,0.150111,0.578942,,1678000,,
0,0,,0.507266,0.175371,0.317363,,1495900,,
0,0,,0.359145,0.299728,0.341127,,1901300,,
0,0,,0.402378,0.29039,0.307232,,1455000,,
0,0,,0.564895,0.35268,0.082426,,1501200,,
0,0,,0.704713,0.145022,0.150265,,1654600,,
0,2,,0.37302,0.09052,0.536459,,2036000,,
0,1,,0.270789,0.703253,0.025959,,1710100,,
0,1,,0.418466,0.529002,0.052532,,1678800,,
0,2,,0.394979,0.017549,0.587471,,2274200,,
0,0,,0.466546,0.403285,0.130169,,2092500,,
0,0,,0.478672,0.45665,0.064679,,1557400,,
0,1,,0.391875,0.571265,0.036861,,1487700,,
0,0,,0.465294,0.135134,0.399572,,2040600,,
0,1,,0.419796,0.491644,0.08856,,1606000,,
0,0,,0.614579,0.312677,0.072744,,1424700,,
0,0,,0.457416,0.428221,0.114363,,1424100,,
0,0,,0.496898,0.25697,0.246133,,1529800,,
0,1,,0.46631,0.488707,0.044983,,1563600,,
0,1,,0.403886,0.450168,0.145945,,1895000,,
0,0,,0.557981,0.124559,0.31746,,1679200,,
0,0,,0.492338,0.079193,0.428469,,1680400,,
0,1,,0.399857,0.556133,0.04401,,1911300,,
0,2,,0.471529,0.01909,0.509381,,1936900,,
0,2,,0.336979,0.12226,0.540761,,1667400,,
0,0,,0.506747,0.024256,0.468998,,1718400,,
0,1,,0.442438,0.513774,0.043788,,1666000,,
0,1,,0.372735,0.560387,0.066878,,1669600,,
0,2,,0.337688,0.08339,0.578922,,1788700,,
0,0,,0.488633,0.06213,0.449237,,1716200,,
0,2,,0.336983,0.052122,0.610896,,1480200,,
0,1,,0.293899,0.555468,0.150633,,1439200,,
0,0,,0.503531,0.433111,0.063358,,1435700,,
0,2,,0.452522,0.045181,0.502297,,1443500,,
0,2,,0.339348,0.307789,0.352863,,1597700,,
0,0,,0.577167,0.029764,0.393069,,1526800,,
0,2,,0.282485,0.095548,0.621967,,1436700,,
0,2,,0.459704,0.047264,0.493032,,1464300,,
0,1,,0.300086,0.654066,0.045849,,1968000,,
0,0,,0.478248,0.443542,0.07821,,2735800,,
0,0,,0.511373,0.078977,0.40965,,1804600,,
0,0,,0.470822,0.453903,0.075275,,1974500,,
0,2,,0.404112,0.102838,0.49305,,1866100,,
0,0,,0.553795,0.270297,0.175908,,1742600,,
0,2,,0.41698,0.080916,0.502103,,1686100,,
0,0,,0.542839,0.413092,0.044069,,2149000,,
1,1,,0.135612,0.565903,0.298485,,2969200,,
1,1,,0.426776,0.541486,0.031738,,2417100,,
1,2,,0.11326,0.34964,0.537101,,2511900,,
1,1,,0.05941,0.503193,0.437397,,2474100,,
1,1,,0.287166,0.479489,0.233345,,2556300,,
1,1,,0.160161,0.750009,0.089829,,2745700,,
1,1,,0.330007,0.60896,0.061033,,1747900,,
1,1,,0.110486,0.649947,0.239567,,1714900,,
1,1,,0.2561,0.637079,0.106821,,1884200,,
1,1,,0.235552,0.703249,0.061199,,2018700,,
1,1,,0.351392,0.47997,0.168638,,1695700,,
1,1,,0.160715,0.677094,0.16219,,1794000,,
1,1,,0.286326,0.65642,0.057254,,1765200,,
1,2,,0.118924,0.390387,0.490689,,1966200,,
1,1,,0.11141,0.487269,0.401321,,1895900,,
1,1,,0.295254,0.639659,0.065087,,1831600,,
1,1,,0.115117,0.827036,0.057847,,2181000,,
1,1,,0.079593,0.647135,0.273272,,1452300,,
1,2,,0.15051,0.394889,0.454602,,1434100,,
1,1,,0.063429,0.654504,0.282067,,1426200,,
1,1,,0.345172,0.64008,0.014749,,2001600,,
1,2,,0.053196,0.460817,0.485987,,1748000,,
1,1,,0.214454,0.711899,0.073647,,2423400,,
1,1,,0.131674,0.599066,0.26926,,3443800,,
1,1,,0.11384,0.484218,0.401942,,1764000,,
1,1,,0.103992,0.691292,0.204716,,1999500,,
1,1,,0.363433,0.602057,0.03451,,1891900,,
1,1,,0.317156,0.533124,0.14972,,1755000,,
1,1,,0.312055,0.611353,0.076592,,1689500,,
1,1,,0.105076,0.528367,0.366558,,1854300,,
1,1,,0.241825,0.69426,0.063916,,2604400,,
1,1,,0.114473,0.76754,0.117987,,1552300,,
1,1,,0.130521,0.44322,0.426259,,1466900,,
1,2,,0.066301,0.351299,0.5824,,1479900,,
1,1,,0.344908,0.561568,0.093524,,1615800,,
1,1,,0.398997,0.582151,0.018851,,1932200,,
1,1,,0.314675,0.603441,0.081884,,1473800,,
1,1,,0.230757,0.632147,0.137097,,1439600,,
1,1,,0.405651,0.508465,0.085884,,1488900,,
1,1,,0.122752,0.719188,0.15806,,1958800,,
1,1,,0.076122,0.472025,0.451853,,1462200,,
1,1,,0.386893,0.579157,0.033949,,1470300,,
1,1,,0.149677,0.679129,0.171193,,1542500,,
1,1,,0.363636,0.572916,0.063448,,2479800,,
1,1,,0.219474,0.660946,0.11958,,1437700,,
1,1,,0.231012,0.566409,0.202579,,1418400,,
1,1,,0.432574,0.506768,0.060658,,1428400,,
1,1,,0.415092,0.552854,0.032054,,1460900,,
1,1,,0.246025,0.677441,0.076534,,1535700,,
1,1,,0.216911,0.569287,0.213802,,1479000,,
1,1,,0.212492,0.636704,0.150804,,1421200,,
1,1,,0.346116,0.639186,0.014698,,1423700,,
1,1,,0.129046,0.619739,0.251215,,1428400,,
1,1,,0.422603,0.564303,0.013094,,1420800,,
1,1,,0.07583,0.640561,0.283609,,1417600,,
1,1,,0.342285,0.500245,0.15747,,1416000,,
1,1,,0.242252,0.635187,0.122561,,1415800,,
1,1,,0.439266,0.499486,0.061248,,1466900,,
1,1,,0.131272,0.695744,0.172984,,1420200,,
1,1,,0.266481,0.629853,0.103666,,1409800,,
1,1,,0.182448,0.645766,0.171785,,2278200,,
1,1,,0.076427,0.513549,0.410024,,2672100,,
1,1,,0.18516,0.548577,0.266263,,2223100,,
1,1,,0.171403,0.649646,0.178951,,2666300,,
1,1,,0.087702,0.583972,0.328326,,1922300,,
1,1,,0.359805,0.608303,0.031892,,1754000,,
1,2,,0.064122,0.371766,0.564112,,1693800,,
1,1,,0.100133,0.579985,0.319883,,1841700,,
1,1,,0.35603,0.62416,0.01981,,1690300,,
1,1,,0.33444,0.562996,0.102563,,1674500,,
1,1,,0.454769,0.513818,0.031414,,1663800,,
1,1,,0.135299,0.64145,0.223251,,1720000,,
1,1,,0.320608,0.664236,0.015156,,1704400,,
1,1,,0.08608,0.670666,0.243254,,1683200,,
1,1,,0.082028,0.639604,0.278368,,1441300,,
1,2,,0.121801,0.399328,0.478872,,1473500,,
1,1,,0.215003,0.580839,0.204158,,2104600,,
1,1,,0.38274,0.589297,0.027963,,2497300,,
1,1,,0.35757,0.5527,0.08973,,2468000,,
1,1,,0.282122,0.609968,0.10791,,2695500,,
1,1,,0.088629,0.585083,0.326288,,2072400,,
1,1,,0.109446,0.639251,0.251303,,1461700,,
1,1,,0.127554,0.631165,0.241281,,1553900,,
1,1,,0.109318,0.752767,0.137915,,1675200,,
1,1,,0.138698,0.465117,0.396184,,1979100,,
1,1,,0.412603,0.573658,0.013739,,1440100,,
1,0,,0.464576,0.444477,0.090946,,1529700,,
1,1,,0.395825,0.56604,0.038135,,1470600,,
1,1,,0.222516,0.699787,0.077697,,1440200,,
1,1,,0.278933,0.594869,0.126199,,1435200,,
1,1,,0.153411,0.593145,0.253444,,1457400,,
1,1,,0.33624,0.557169,0.10659,,1498500,,
1,1,,0.351515,0.592622,0.055863,,1464300,,
1,1,,0.458901,0.523997,0.017102,,1497000,,
1,1,,0.293495,0.6314,0.075105,,1452000,,
1,1,,0.424084,0.562926,0.012989,,1483100,,
1,1,,0.107029,0.558309,0.334663,,1495700,,
1,1,,0.174295,0.60571,0.219995,,1451800,,
1,1,,0.106803,0.609879,0.283319,,1425300,,
1,1,,0.367812,0.588382,0.043806,,1442600,,
1,1,,0.393107,0.573555,0.033338,,1593800,,
1,1,,0.224886,0.609078,0.166036,,1498300,,
1,2,,0.085695,0.38894,0.525365,,1447500,,
1,1,,0.219769,0.645628,0.134603,,1443000,,
1,1,,0.409137,0.576353,0.01451,,1474700,,
1,2,,0.096479,0.300926,0.602595,,1484100,,
1,1,,0.056545,0.587345,0.35611,,1477100,,
1,1,,0.263227,0.541786,0.194987,,1437900,,
1,1,,0.412812,0.53604,0.051147,,1435700,,
1,1,,0.119591,0.52701,0.353398,,1462500,,
1,1,,0.126023,0.668878,0.205098,,1489300,,
1,1,,0.154407,0.621881,0.223712,,1440800,,
1,1,,0.334245,0.637399,0.028356,,1427000,,
1,1,,0.19145,0.553834,0.254717,,1423800,,
1,1,,0.453755,0.45866,0.087585,,1746100,,
1,1,,0.421648,0.565363,0.012989,,1773300,,
1,1,,0.308813,0.569741,0.121446,,1700200,,
1,2,,0.05648,0.414137,0.529383,,1695400,,
1,0,,0.376956,0.352333,0.270712,,1722900,,
1,1,,0.363677,0.619164,0.017159,,1790100,,
1,1,,0.109481,0.634956,0.255562,,1695700,,
1,1,,0.224613,0.641945,0.133442,,1673600,,
1,1,,0.294126,0.64461,0.061264,,1681700,,
1,1,,0.301556,0.604724,0.09372,,1758100,,
1,1,,0.235506,0.722709,0.041785,,1682400,,
1,1,,0.466848,0.499595,0.033557,,1672300,,
1,1,,0.328475,0.570798,0.100727,,1781600,,
1,1,,0.316676,0.580351,0.102973,,1706900,,
1,2,,0.071914,0.434876,0.49321,,1708300,,
1,1,,0.15573,0.633182,0.211088,,1687700,,
1,1,,0.271807,0.585273,0.14292,,1733900,,
1,1,,0.363158,0.623053,0.013789,,1712700,,
1,1,,0.348321,0.606936,0.044743,,1851900,,
1,1,,0.401217,0.510638,0.088144,,1677000,,
1,1,,0.341777,0.543346,0.114877,,1683600,,
1,1,,0.391657,0.555016,0.053327,,1689000,,
1,1,,0.229917,0.644636,0.125447,,1689200,,
1,1,,0.134458,0.690928,0.174614,,1711200,,
1,1,,0.28277,0.502887,0.214343,,1732600,,
1,1,,0.073466,0.482679,0.443855,,1943100,,
1,1,,0.254175,0.641566,0.104259,,1675500,,
1,1,,0.150891,0.436046,0.413063,,1775000,,
1,1,,0.16131,0.769684,0.069006,,1773900,,
1,1,,0.214454,0.610243,0.175303,,1739200,,
1,1,,0.270359,0.541846,0.187795,,1604700,,
1,1,,0.088002,0.624673,0.287325,,1444000,,
1,1,,0.160636,0.612527,0.226837,,1465400,,
1,1,,0.142209,0.691257,0.166534,,1524800,,
1,1,,0.164825,0.642555,0.19262,,1451500,,
1,1,,0.309829,0.638041,0.05213,,1443900,,
1,1,,0.154713,0.621715,0.223572,,1434400,,
1,1,,0.127339,0.504195,0.368466,,1575200,,
1,2,,0.10528,0.294966,0.599754,,1583300,,
1,1,,0.273454,0.668006,0.05854,,1506700,,
1,1,,0.331647,0.563401,0.104951,,1440100,,
1,1,,0.333187,0.613569,0.053244,,1446200,,
1,1,,0.303377,0.660522,0.036101,,1847800,,
1,1,,0.111769,0.68077,0.207461,,1456500,,
1,1,,0.224921,0.551062,0.224017,,1428800,,
1,1,,0.243939,0.698101,0.05796,,1418100,,
1,1,,0.406391,0.482611,0.110998,,1418900,,
1,1,,0.137849,0.466995,0.395156,,1623800,,
1,1,,0.103205,0.463265,0.43353,,1662500,,
1,1,,0.162828,0.755983,0.081189,,1425600,,
1,1,,0.269816,0.653311,0.076873,,1423200,,
1,2,,0.071939,0.394656,0.533405,,1439000,,
1,1,,0.358487,0.607079,0.034435,,1472600,,
1,1,,0.379537,0.525648,0.094815,,1439300,,
1,1,,0.162427,0.743057,0.094516,,1418200,,
1,1,,0.146058,0.712645,0.141297,,1424100,,
1,1,,0.211952,0.596472,0.191576,,1420000,,
1,1,,0.144745,0.471585,0.38367,,1455200,,
1,1,,0.256923,0.602722,0.140355,,1429700,,
1,1,,0.402653,0.51864,0.078707,,1462700,,
1,1,,0.37661,0.583788,0.039602,,1416700,,
1,1,,0.28957,0.675681,0.034749,,1414500,,
1,1,,0.403265,0.525517,0.071218,,1462200,,
1,1,,0.409732,0.559512,0.030757,,1418400,,
1,1,,0.225017,0.705678,0.069306,,1656300,,
1,1,,0.399917,0.579822,0.020262,,1773500,,
1,1,,0.25636,0.630199,0.11344,,1728100,,
1,1,,0.08572,0.565642,0.348638,,1733600,,
1,1,,0.24385,0.727225,0.028925,,1729300,,
1,1,,0.182424,0.644477,0.173099,,1681500,,
1,1,,0.297074,0.648228,0.054698,,1785300,,
1,1,,0.09301,0.646191,0.260799,,1788800,,
1,1,,0.132333,0.614025,0.253642,,1694100,,
1,2,,0.049241,0.445189,0.505571,,2058800,,
1,1,,0.278,0.621624,0.100376,,1843700,,
1,1,,0.089028,0.550871,0.360101,,1745900,,
1,1,,0.081487,0.669661,0.248852,,1476100,,
1,2,,0.205902,0.358938,0.435159,,1918100,,
1,1,,0.335618,0.542179,0.122204,,1587800,,
1,1,,0.18907,0.712532,0.098398,,1495400,,
1,1,,0.404464,0.553423,0.042113,,1452500,,
1,1,,0.117456,0.631833,0.250712,,1446300,,
1,1,,0.32671,0.515307,0.157982,,1499900,,
1,1,,0.303698,0.586593,0.109709,,1604400,,
1,1,,0.12675,0.634089,0.239161,,1489500,,
1,1,,0.159995,0.711149,0.128856,,1646500,,
1,1,,0.053779,0.562546,0.383675,,1584900,,
1,1,,0.294421,0.575565,0.130013,,1926000,,
1,1,,0.099954,0.604913,0.295132,,1843700,,
1,1,,0.260976,0.590539,0.148485,,1707600,,
1,1,,0.142838,0.541205,0.315957,,1708200,,
1,1,,0.083728,0.581092,0.335179,,1830600,,
1,1,,0.291076,0.652872,0.056052,,1863800,,
1,1,,0.279617,0.620805,0.099578,,1816200,,
1,1,,0.420435,0.536391,0.043174,,1777100,,
1,2,,0.192682,0.304807,0.50251,,2318100,,
1,1,,0.261629,0.612487,0.125884,,1844200,,
1,1,,0.216799,0.552601,0.2306,,1816700,,
1,1,,0.260013,0.692187,0.0478,,1909700,,
1,1,,0.079405,0.612306,0.308289,,2299100,,
1,1,,0.297543,0.6841,0.018356,,1994700,,
1,2,,0.070314,0.318475,0.611211,,1462400,,
1,1,,0.220854,0.603464,0.175681,,1500100,,
1,1,,0.129428,0.724752,0.145819,,1440000,,
1,1,,0.089663,0.613142,0.297195,,1453100,,
1,1,,0.266126,0.679464,0.05441,,1419000,,
1,1,,0.217362,0.733576,0.049062,,1446800,,
1,1,,0.092344,0.500311,0.407345,,1437400,,
1,1,,0.214921,0.750616,0.034463,,1426100,,
1,1,,0.101614,0.642717,0.255669,,1420300,,
1,1,,0.340204,0.570835,0.088961,,1513200,,
1,1,,0.194258,0.619335,0.186407,,1919100,,
1,1,,0.13869,0.670825,0.190486,,1422300,,
1,1,,0.337162,0.5586,0.104237,,1413200,,
1,1,,0.331705,0.611787,0.056508,,1496500,,
1,1,,0.186344,0.614479,0.199178,,2026600,,
1,1,,0.365733,0.562068,0.072198,,1569300,,
1,1,,0.278209,0.633256,0.088535,,1767200,,
1,1,,0.176723,0.747605,0.075672,,1435800,,
1,1,,0.155144,0.603277,0.241579,,1792300,,
1,1,,0.333196,0.57497,0.091834,,1442500,,
1,1,,0.130412,0.715956,0.153632,,1425800,,
1,1,,0.435751,0.506854,0.057395,,1421200,,
1,1,,0.23842,0.652527,0.109053,,1410100,,
1,1,,0.326669,0.586365,0.086966,,1479000,,
1,1,,0.474588,0.490431,0.034981,,1445700,,
1,1,,0.11427,0.511943,0.373787,,1551000,,
1,1,,0.43195,0.497888,0.070163,,1428700,,
1,2,,0.044621,0.439222,0.516157,,1477100,,
1,2,,0.133463,0.398335,0.468202,,1427700,,
1,1,,0.42492,0.542786,0.032294,,1473700,,
1,1,,0.34836,0.638651,0.012989,,1421200,,
1,1,,0.06171,0.54985,0.38844,,1423400,,
1,2,,0.121382,0.392275,0.486342,,1438100,,
1,2,,0.107642,0.334743,0.557615,,1429500,,
1,1,,0.119006,0.672473,0.208521,,1623300,,
1,1,,0.169659,0.712233,0.118108,,1425200,,
1,1,,0.377019,0.550021,0.07296,,1419600,,
1,1,,0.395694,0.519673,0.084633,,1450500,,
1,1,,0.239394,0.675227,0.085379,,1435000,,
1,1,,0.215332,0.619006,0.165662,,1434400,,
1,2,,0.184589,0.340374,0.475037,,1420400,,
1,1,,0.252569,0.602756,0.144675,,1414700,,
1,2,,0.083461,0.412466,0.504074,,1430900,,
1,1,,0.312919,0.637373,0.049709,,1431800,,
1,1,,0.377898,0.548528,0.073574,,1454700,,
1,1,,0.436123,0.49042,0.073457,,1417100,,
1,1,,0.309532,0.561906,0.128562,,1413000,,
1,1,,0.165457,0.735762,0.09878,,1430000,,
1,1,,0.248566,0.707009,0.044425,,1449100,,
1,1,,0.276445,0.580502,0.143053,,1432900,,
1,1,,0.18568,0.72155,0.09277,,1428800,,
1,1,,0.124466,0.531161,0.344373,,1414200,,
1,1,,0.121272,0.51251,0.366218,,1437300,,
1,1,,0.304558,0.639895,0.055547,,1433900,,
1,1,,0.135891,0.534263,0.329847,,1419400,,
1,1,,0.093128,0.632206,0.274666,,1459900,,
1,1,,0.130752,0.690689,0.178558,,1423600,,
1,1,,0.07299,0.698851,0.228159,,1432600,,
1,1,,0.391093,0.567704,0.041202,,1421900,,
1,1,,0.171592,0.679828,0.14858,,1410700,,
1,1,,0.058962,0.504176,0.436861,,1422700,,
1,2,,0.043115,0.454132,0.502753,,1417700,,
1,1,,0.340993,0.523596,0.135411,,1435800,,
1,1,,0.051079,0.617144,0.331777,,1423900,,
1,1,,0.110282,0.71324,0.176478,,1439500,,
1,2,,0.102179,0.348836,0.548985,,1425100,,
1,1,,0.428913,0.557993,0.013094,,1561900,,
1,1,,0.070522,0.535381,0.394097,,1460100,,
1,1,,0.380625,0.597169,0.022206,,1442100,,
1,1,,0.067132,0.616133,0.316735,,1461100,,
1,1,,0.137056,0.5434,0.319544,,1431400,,
1,1,,0.358917,0.548807,0.092276,,1475100,,
1,1,,0.157731,0.698344,0.143926,,1461900,,
1,1,,0.396961,0.519346,0.083693,,1422300,,
1,1,,0.114563,0.594511,0.290926,,1417000,,
1,1,,0.47517,0.495326,0.029504,,1407700,,
1,1,,0.160124,0.709914,0.129962,,1460500,,
1,2,,0.050318,0.442745,0.506937,,2023300,,
1,2,,0.065218,0.37947,0.555312,,1423800,,
1,1,,0.270103,0.628018,0.101879,,1416000,,
1,1,,0.202226,0.645566,0.152207,,1461200,,
1,1,,0.367204,0.582156,0.050641,,1425100,,
1,1,,0.225323,0.629684,0.144993,,1431900,,
1,1,,0.314992,0.649888,0.03512,,1419900,,
1,1,,0.089231,0.591822,0.318947,,1412400,,
1,2,,0.099759,0.373852,0.526389,,1411800,,
1,1,,0.07088,0.67199,0.25713,,1453200,,
1,1,,0.130404,0.518641,0.350956,,1422900,,
1,1,,0.173857,0.662946,0.163198,,1466300,,
1,1,,0.117327,0.681649,0.201024,,1414500,,
1,1,,0.127741,0.761043,0.111216,,1412000,,
1,1,,0.068564,0.512823,0.418612,,1449900,,
1,1,,0.420282,0.508133,0.071585,,1416900,,
1,1,,0.423215,0.56297,0.013815,,1417800,,
1,1,,0.160223,0.685414,0.154363,,1414400,,
1,2,,0.062111,0.442635,0.495254,,1443200,,
1,2,,0.068323,0.439976,0.491701,,1433300,,
1,1,,0.138875,0.6677,0.193425,,1423700,,
1,1,,0.170444,0.605619,0.223937,,1403700,,
1,1,,0.404202,0.56331,0.032488,,1461700,,
1,2,,0.300233,0.33513,0.364637,,1434300,,
1,1,,0.075753,0.731009,0.193237,,1416000,,
1,1,,0.229523,0.65775,0.112728,,1414100,,
1,2,,0.13736,0.405385,0.457255,,1414700,,
1,1,,0.101474,0.693698,0.204828,,1415300,,
1,1,,0.30218,0.611561,0.086259,,1719500,,
1,1,,0.231663,0.704709,0.063628,,1419900,,
1,1,,0.159122,0.694431,0.146447,,1418500,,
1,1,,0.289353,0.623468,0.087179,,1410200,,
1,1,,0.258709,0.585721,0.15557,,1441700,,
1,1,,0.3006,0.642066,0.057334,,1447700,,
1,1,,0.22787,0.667469,0.10466,,1424500,,
1,1,,0.075741,0.566368,0.357891,,1414400,,
1,1,,0.365466,0.528498,0.106036,,1413500,,
1,1,,0.383071,0.588706,0.028224,,1415600,,
1,1,,0.407118,0.510433,0.082449,,1425500,,
2,2,,0.255063,0.035824,0.709113,,1421000,,
2,2,,0.361464,0.082421,0.556115,,1418800,,
2,2,,0.112703,0.209438,0.677859,,1416300,,
2,2,,0.125366,0.167328,0.707306,,1433200,,
2,2,,0.125715,0.352396,0.521889,,1465100,,
2,2,,0.103301,0.413912,0.482787,,1408100,,
2,2,,0.063853,0.415702,0.520446,,1425400,,
2,2,,0.286884,0.025568,0.687548,,1407400,,
2,2,,0.049051,0.450778,0.500171,,1427000,,
2,2,,0.128472,0.198848,0.67268,,1432200,,
2,2,,0.253714,0.042406,0.70388,,1415300,,
2,2,,0.172726,0.079983,0.747292,,1415000,,
2,2,,0.225033,0.11134,0.663627,,1402500,,
2,2,,0.325128,0.023888,0.650984,,1414300,,
2,2,,0.37885,0.034232,0.586919,,1471500,,
2,2,,0.331966,0.062282,0.605752,,1410800,,
2,2,,0.226513,0.115644,0.657843,,1411900,,
2,2,,0.202011,0.047844,0.750144,,1412500,,
2,2,,0.232969,0.119892,0.647139,,1420700,,
2,2,,0.363835,0.054043,0.582122,,1415700,,
2,2,,0.294204,0.030703,0.675093,,1400900,,
2,2,,0.408357,0.060386,0.531256,,1406500,,
2,2,,0.324096,0.086351,0.589553,,1409100,,
2,2,,0.302313,0.079623,0.618064,,1450700,,
2,2,,0.147197,0.148355,0.704448,,1413700,,
2,2,,0.212056,0.080757,0.707187,,1407600,,
2,2,,0.109175,0.150046,0.740779,,1506900,,
2,2,,0.227854,0.109419,0.662727,,1410000,,
2,2,,0.270873,0.038656,0.690471,,1425800,,
2,2,,0.080141,0.208605,0.711254,,1437300,,
2,2,,0.106894,0.232164,0.660942,,1415500,,
2,2,,0.106481,0.360895,0.532624,,1412800,,
2,2,,0.062971,0.375945,0.561084,,1425100,,
2,2,,0.342402,0.018573,0.639025,,1427400,,
2,2,,0.195394,0.08216,0.722446,,1422100,,
2,2,,0.105789,0.376954,0.517257,,1422100,,
2,2,,0.084828,0.308268,0.606904,,1494100,,
2,2,,0.330453,0.070865,0.598682,,1458800,,
2,2,,0.098014,0.266547,0.63544,,1582800,,
2,2,,0.098038,0.333125,0.568837,,1438900,,
2,2,,0.19298,0.094516,0.712505,,1422000,,
2,2,,0.107164,0.161531,0.731305,,1430700,,
2,2,,0.150016,0.09668,0.753304,,1463200,,
2,2,,0.127604,0.389873,0.482523,,1444400,,
2,2,,0.242667,0.180888,0.576445,,1453300,,
2,2,,0.057921,0.378438,0.563641,,1521400,,
2,2,,0.465598,0.035277,0.499125,,1467000,,
2,2,,0.116073,0.201674,0.682253,,1562500,,
2,2,,0.166682,0.255975,0.577343,,1456800,,
2,2,,0.278208,0.043382,0.678409,,1471300,,
2,2,,0.16701,0.135338,0.697652,,1429900,,
2,2,,0.262903,0.062766,0.674331,,1420800,,
2,2,,0.198601,0.118642,0.682757,,1475300,,
2,2,,0.203488,0.105555,0.690957,,1484700,,
2,2,,0.142502,0.287171,0.570327,,1431800,,
2,2,,0.198894,0.186235,0.614871,,1435500,,
2,2,,0.196907,0.036142,0.766951,,1470500,,
2,2,,0.179467,0.094161,0.726373,,1494700,,
2,2,,0.258287,0.053109,0.688603,,2547900,,
2,2,,0.051407,0.453619,0.494975,,1439600,,
2,2,,0.278969,0.046867,0.674164,,1549500,,
2,1,,0.08764,0.464028,0.448332,,1438300,,
2,2,,0.112818,0.277303,0.609879,,1427500,,
2,2,,0.084069,0.431498,0.484433,,1426500,,
2,2,,0.269715,0.065047,0.665238,,1415500,,
2,2,,0.209112,0.095417,0.695471,,1433900,,
2,2,,0.19551,0.185514,0.618976,,1439300,,
2,2,,0.296291,0.100679,0.60303,,1429500,,
2,2,,0.26983,0.055644,0.674526,,1503800,,
2,2,,0.071386,0.401173,0.527441,,1473100,,
2,2,,0.25684,0.045601,0.697558,,1611500,,
2,2,,0.261389,0.04889,0.689722,,1435700,,
2,2,,0.332801,0.01908,0.648119,,1422300,,
2,2,,0.156015,0.21273,0.631255,,1416500,,
2,2,,0.099425,0.270324,0.630251,,1443300,,
2,2,,0.125715,0.343261,0.531024,,1441400,,
2,2,,0.232403,0.050573,0.717024,,1441200,,
2,2,,0.112796,0.214489,0.672715,,1424600,,
2,2,,0.212073,0.1059,0.682026,,1416900,,
2,2,,0.295368,0.108635,0.595997,,1503800,,
2,2,,0.390269,0.035823,0.573908,,1468300,,
2,2,,0.17046,0.327329,0.502211,,1425900,,
2,2,,0.427771,0.056139,0.516091,,1426100,,
2,2,,0.240719,0.041183,0.718097,,1421800,,
2,2,,0.357324,0.028338,0.614338,,1479400,,
2,2,,0.114185,0.362194,0.523621,,1480400,,
2,1,,0.079314,0.487619,0.433068,,1435600,,
2,2,,0.287252,0.022631,0.690116,,1424200,,
2,2,,0.339524,0.037467,0.623009,,1406900,,
2,2,,0.269125,0.201627,0.529248,,1429900,,
2,2,,0.244746,0.106113,0.649142,,1757500,,
2,2,,0.34523,0.021913,0.632857,,1712500,,
2,2,,0.315468,0.028162,0.65637,,1709400,,
2,2,,0.326363,0.084009,0.589628,,1913100,,
2,1,,0.157111,0.495065,0.347824,,1794800,,
2,2,,0.26423,0.072912,0.662858,,1680300,,
2,2,,0.345791,0.057667,0.596542,,1673600,,
2,2,,0.110175,0.213978,0.675847,,1917100,,
2,2,,0.167323,0.078106,0.754571,,1771100,,
2,1,,0.066024,0.588584,0.345392,,1741300,,
2,2,,0.314273,0.080605,0.605122,,1732300,,
2,2,,0.220192,0.043268,0.73654,,1815800,,
2,2,,0.2521,0.030729,0.717171,,1711700,,
2,2,,0.344486,0.030106,0.625409,,1720600,,
2,2,,0.260483,0.030785,0.708732,,1749100,,
2,2,,0.236306,0.090558,0.673136,,1695100,,
2,2,,0.351863,0.073867,0.574269,,1834900,,
2,2,,0.124989,0.368716,0.506294,,1666200,,
2,2,,0.090471,0.157626,0.751903,,1870800,,
2,2,,0.217124,0.111274,0.671602,,1463900,,
2,2,,0.121906,0.193646,0.684448,,1429500,,
2,2,,0.09819,0.428854,0.472956,,1437700,,
2,2,,0.122033,0.175587,0.702381,,1404200,,
2,2,,0.110467,0.198757,0.690776,,1415100,,
2,2,,0.05205,0.46109,0.48686,,1426600,,
2,1,,0.081582,0.66852,0.249898,,1418900,,
2,2,,0.235265,0.033532,0.731203,,1426000,,
2,1,,0.078452,0.569725,0.351824,,1403400,,
2,2,,0.104574,0.347245,0.548181,,1410600,,
2,2,,0.068933,0.335589,0.595478,,1452400,,
2,1,,0.062043,0.50131,0.436646,,1416100,,
2,2,,0.092611,0.278678,0.62871,,1410500,,
2,2,,0.349923,0.039235,0.610842,,1412300,,
2,2,,0.049538,0.462248,0.488214,,1414600,,
2,2,,0.144495,0.153516,0.701989,,1420900,,
2,2,,0.070226,0.271624,0.65815,,1406500,,
2,2,,0.157971,0.104006,0.738023,,1403400,,
2,2,,0.177902,0.106749,0.715348,,1398300,,
2,2,,0.063217,0.407965,0.528818,,1410600,,
2,2,,0.139932,0.137484,0.722584,,1436900,,
2,2,,0.275363,0.131747,0.592889,,1414100,,
2,2,,0.411236,0.070603,0.518161,,1432700,,
2,2,,0.082332,0.190698,0.72697,,1425400,,
2,2,,0.375252,0.02937,0.595378,,1406900,,
2,2,,0.062564,0.45536,0.482076,,1431200,,
2,2,,0.085848,0.365546,0.548606,,1407000,,
2,2,,0.202429,0.106053,0.691518,,1404900,,
2,2,,0.36049,0.032638,0.606872,,1400100,,
2,2,,0.081127,0.378372,0.540501,,1419300,,
2,2,,0.083304,0.23933,0.677366,,1421000,,
2,2,,0.072973,0.308174,0.618853,,1405500,,
2,2,,0.207849,0.157461,0.634691,,1405800,,
2,2,,0.218893,0.091479,0.689628,,1433200,,
2,2,,0.051994,0.394657,0.553349,,1453800,,
2,2,,0.337409,0.038909,0.623682,,1417600,,
2,2,,0.065969,0.391836,0.542195,,1417900,,
2,2,,0.286918,0.07888,0.634202,,1399200,,
2,2,,0.147712,0.153571,0.698718,,1399200,,
2,2,,0.265199,0.055449,0.679352,,1418200,,
2,2,,0.410687,0.017229,0.572085,,1417400,,
2,2,,0.168347,0.083383,0.74827,,1409600,,
2,2,,0.068734,0.329274,0.601993,,1406600,,
2,2,,0.14642,0.10516,0.74842,,1398400,,
2,1,,0.109205,0.546342,0.344453,,1504400,,
2,2,,0.093986,0.135675,0.770339,,1422500,,
2,2,,0.196044,0.142212,0.661745,,1403800,,
2,2,,0.201775,0.080908,0.717316,,1408100,,
2,2,,0.102353,0.447402,0.450245,,1425000,,
2,2,,0.12498,0.126606,0.748414,,1425200,,
2,2,,0.347891,0.019848,0.632261,,1416500,,
2,1,,0.098487,0.495544,0.405969,,1422000,,
2,2,,0.275945,0.078549,0.645506,,1401600,,
2,2,,0.222759,0.057085,0.720156,,1411100,,
2,2,,0.21081,0.149743,0.639446,,1424300,,
2,2,,0.29799,0.093287,0.608723,,1453900,,
2,2,,0.11922,0.175303,0.705477,,1470000,,
2,2,,0.239334,0.085434,0.675232,,1436800,,
2,2,,0.270194,0.09703,0.632776,,1417900,,
2,2,,0.154313,0.087573,0.758113,,1413900,,
2,2,,0.123081,0.172789,0.70413,,1405700,,
2,2,,0.300996,0.018653,0.68035,,1409900,,
2,2,,0.125298,0.281653,0.593049,,1408400,,
2,2,,0.386934,0.043198,0.569868,,1419600,,
2,2,,0.123896,0.256026,0.620078,,1431100,,
2,2,,0.240668,0.067814,0.691518,,1445500,,
2,2,,0.196613,0.218317,0.58507,,1404300,,
2,2,,0.316369,0.067403,0.616229,,1417500,,
2,2,,0.280964,0.043446,0.675591,,1413600,,
2,2,,0.182636,0.079923,0.737441,,1430600,,
2,2,,0.136505,0.123324,0.740172,,1420200,,
2,1,,0.072568,0.520424,0.407008,,1422100,,
2,2,,0.10229,0.433582,0.464128,,1403100,,
2,1,,0.087214,0.491646,0.42114,,1418700,,
2,2,,0.170345,0.118107,0.711548,,1425900,,
2,2,,0.15363,0.082553,0.763817,,1424600,,
2,2,,0.168959,0.080507,0.750534,,1437100,,
2,2,,0.168937,0.136444,0.694619,,1413500,,
2,2,,0.243415,0.05135,0.705235,,1518600,,
2,2,,0.146776,0.186425,0.666799,,1445600,,
2,2,,0.190733,0.143744,0.665523,,1425200,,
2,2,,0.202559,0.070342,0.727099,,1417400,,
2,1,,0.058431,0.525992,0.415577,,1422100,,
2,2,,0.421224,0.017796,0.56098,,1426700,,
2,2,,0.118983,0.299681,0.581337,,1427100,,
2,2,,0.069744,0.367114,0.563141,,1399500,,
2,2,,0.086604,0.314832,0.598564,,1405700,,
2,2,,0.092876,0.285583,0.621541,,1401700,,
2,2,,0.071219,0.310874,0.617907,,1414400,,
2,2,,0.226869,0.089063,0.684068,,1613400,,
2,2,,0.067287,0.411587,0.521125,,1402700,,
2,2,,0.351878,0.023284,0.624838,,1405400,,
2,2,,0.087966,0.296334,0.6157,,1403900,,
2,2,,0.203681,0.044113,0.752205,,1438100,,
2,2,,0.061016,0.275236,0.663748,,1427900,,
2,2,,0.293367,0.035487,0.671145,,1401900,,
2,2,,0.119937,0.192137,0.687926,,1397600,,
2,2,,0.126372,0.236481,0.637147,,1452100,,
2,2,,0.19305,0.091423,0.715527,,1436000,,
2,2,,0.164043,0.16128,0.674676,,1415500,,
2,2,,0.126126,0.200746,0.673129,,1458700,,
2,2,,0.1444,0.163773,0.691826,,1403800,,
2,2,,0.173241,0.202544,0.624215,,1422000,,
2,2,,0.42312,0.017947,0.558933,,1421100,,
2,2,,0.121773,0.141548,0.73668,,1418600,,
2,2,,0.171289,0.121113,0.707599,,1425300,,
2,2,,0.103588,0.227154,0.669258,,1405300,,
2,2,,0.073198,0.240008,0.686795,,1451000,,
2,2,,0.147188,0.122051,0.73076,,1432300,,
2,2,,0.080862,0.246282,0.672856,,1435900,,
2,2,,0.159199,0.231462,0.60934,,1447100,,
2,2,,0.048481,0.373717,0.577802,,1406200,,
2,2,,0.240892,0.027277,0.731831,,1451400,,
2,1,,0.095924,0.461597,0.442479,,1432700,,
2,2,,0.29382,0.098408,0.607771,,1425700,,
2,2,,0.40433,0.019079,0.576591,,1411600,,
2,2,,0.087629,0.252228,0.660143,,1415500,,
2,2,,0.27125,0.061727,0.667023,,1428700,,
2,2,,0.115882,0.164251,0.719866,,1467000,,
2,2,,0.124022,0.106382,0.769595,,1413000,,
2,2,,0.387976,0.015741,0.596283,,1398500,,
2,2,,0.273574,0.083692,0.642734,,1437100,,
2,2,,0.193319,0.033567,0.773115,,1423000,,
2,2,,0.378025,0.019,0.602975,,1404400,,
2,2,,0.164723,0.035602,0.799676,,1410000,,
2,2,,0.148856,0.115262,0.735882,,1402800,,
2,2,,0.129813,0.194191,0.675997,,1424900,,
2,2,,0.28531,0.058848,0.655842,,1417800,,
2,2,,0.058273,0.461515,0.480212,,1444000,,
2,2,,0.427244,0.017327,0.555429,,1400100,,
2,2,,0.098243,0.275541,0.626216,,1410200,,
2,2,,0.051277,0.320719,0.628003,,1424400,,
2,2,,0.356859,0.169122,0.474019,,1487400,,
2,2,,0.158111,0.401591,0.440298,,1450500,,
2,2,,0.383282,0.09984,0.516879,,1405600,,
2,2,,0.094215,0.290874,0.614912,,1409400,,
2,2,,0.377237,0.017247,0.605516,,1408800,,
2,2,,0.082678,0.25052,0.666803,,1451100,,
2,2,,0.352991,0.068465,0.578544,,1425300,,
2,1,,0.11981,0.552617,0.327572,,1430500,,
2,2,,0.230319,0.074613,0.695068,,1402300,,
2,1,,0.097336,0.473044,0.429619,,1421700,,
2,1,,0.107614,0.559012,0.333374,,1439200,,
2,2,,0.227459,0.106079,0.666462,,1410300,,
2,2,,0.083116,0.207528,0.709356,,1402600,,
2,2,,0.078073,0.248437,0.67349,,1406400,,
2,1,,0.179743,0.44812,0.372136,,1416600,,
2,2,,0.054721,0.409411,0.535867,,1423100,,
2,2,,0.360878,0.023699,0.615423,,1400400,,
2,2,,0.172686,0.101784,0.72553,,1407100,,
2,2,,0.210321,0.060499,0.72918,,1397200,,
2,2,,0.462816,0.017079,0.520105,,1411100,,
