waveform-noise,CWE,test,4,NANOSECONDS,PREDICTIONS, Generated by ClassifierExperiments.java on 2022-05-16 22:51:22.    SYSTEMPROPERTIES:{user.name:matth,os.arch:amd64,os.name:Windows 10},ENDSYSTEMPROPERTIES
No parameter info
0.7642357642357642,1598938100,1629999200,-1,70611224,3,,-1,-1
0,2,,0.390434,0.066228,0.543338,,1586600,,
0,2,,0.356185,0.032893,0.610923,,1418400,,
0,0,,0.601754,0.262524,0.135723,,1497700,,
0,2,,0.410157,0.061438,0.528405,,1522700,,
0,0,,0.436019,0.421882,0.1421,,1418300,,
0,0,,0.564974,0.314777,0.120249,,1410200,,
0,0,,0.481412,0.451138,0.06745,,1401300,,
0,1,,0.410031,0.458795,0.131174,,1489300,,
0,2,,0.244515,0.052238,0.703247,,1432200,,
0,0,,0.455258,0.439771,0.104971,,1436600,,
0,1,,0.190173,0.648182,0.161645,,1411900,,
0,1,,0.295474,0.60131,0.103215,,1395900,,
0,1,,0.396186,0.45289,0.150924,,1509300,,
0,1,,0.424484,0.510116,0.0654,,1415800,,
0,0,,0.577029,0.326078,0.096893,,1545700,,
0,0,,0.423732,0.217968,0.3583,,1414700,,
0,0,,0.47956,0.404432,0.116009,,1460500,,
0,0,,0.354394,0.321409,0.324197,,1450000,,
0,0,,0.534941,0.166509,0.29855,,1415500,,
0,0,,0.525292,0.440778,0.03393,,1461500,,
0,1,,0.45372,0.466385,0.079895,,1417400,,
0,2,,0.372072,0.051589,0.57634,,1483800,,
0,1,,0.351832,0.558159,0.090009,,1440200,,
0,0,,0.58916,0.245295,0.165545,,1422000,,
0,1,,0.444713,0.452575,0.102712,,1447800,,
0,0,,0.510713,0.147686,0.341601,,1456700,,
0,1,,0.284737,0.523545,0.191718,,1492400,,
0,2,,0.436437,0.078546,0.485017,,1432200,,
0,0,,0.557687,0.313604,0.128709,,1412000,,
0,2,,0.410583,0.086449,0.502968,,1438100,,
0,2,,0.334338,0.13367,0.531992,,1463100,,
0,0,,0.530298,0.43721,0.032493,,1631100,,
0,1,,0.365907,0.50584,0.128254,,1504400,,
0,2,,0.469509,0.060236,0.470256,,1434100,,
0,1,,0.406968,0.509406,0.083626,,1427700,,
0,2,,0.2958,0.075216,0.628984,,1478900,,
0,1,,0.360075,0.578201,0.061723,,2211400,,
0,1,,0.443147,0.505211,0.051642,,1713600,,
0,2,,0.314442,0.102225,0.583333,,1673700,,
0,1,,0.423358,0.515096,0.061546,,2073300,,
0,0,,0.502522,0.445423,0.052056,,1922600,,
0,2,,0.345188,0.033267,0.621545,,1713700,,
0,1,,0.340629,0.63014,0.029232,,1695400,,
0,0,,0.596402,0.153363,0.250236,,1990600,,
0,1,,0.408449,0.521214,0.070336,,2011300,,
0,1,,0.358296,0.610479,0.031225,,1762300,,
0,1,,0.386102,0.586165,0.027733,,1788400,,
0,1,,0.425986,0.503156,0.070859,,1935300,,
0,2,,0.442791,0.019285,0.537924,,1940900,,
0,2,,0.394231,0.046341,0.559428,,1828100,,
0,0,,0.537952,0.088051,0.373997,,1805900,,
0,0,,0.452886,0.209032,0.338082,,2001400,,
0,0,,0.605932,0.029025,0.365043,,2062500,,
0,2,,0.217346,0.087358,0.695295,,1428500,,
0,0,,0.418303,0.368061,0.213636,,1442800,,
0,2,,0.409044,0.020985,0.569971,,1445200,,
0,1,,0.357025,0.621103,0.021872,,1413100,,
0,0,,0.474863,0.428574,0.096564,,1408200,,
0,0,,0.58788,0.104655,0.307464,,1403300,,
0,1,,0.466767,0.485851,0.047381,,1473000,,
0,2,,0.337141,0.293897,0.368963,,1428700,,
0,0,,0.530016,0.298013,0.17197,,1403700,,
0,1,,0.413651,0.464036,0.122313,,1458700,,
0,1,,0.440969,0.536747,0.022284,,1397100,,
0,2,,0.366909,0.026744,0.606347,,1431000,,
0,2,,0.436482,0.057529,0.505989,,1402000,,
0,2,,0.224366,0.060194,0.71544,,1424500,,
0,1,,0.333366,0.493453,0.173181,,1407100,,
0,1,,0.412951,0.562328,0.024721,,1404800,,
0,0,,0.507798,0.230648,0.261553,,1436600,,
0,1,,0.426741,0.447135,0.126123,,1400200,,
0,0,,0.557543,0.185968,0.256489,,1432200,,
0,0,,0.535325,0.151836,0.312839,,1406700,,
0,1,,0.326885,0.405697,0.267419,,1402100,,
0,2,,0.441361,0.076404,0.482235,,1579900,,
0,0,,0.553289,0.023981,0.42273,,1405200,,
0,2,,0.447783,0.088325,0.463893,,1409300,,
0,2,,0.367704,0.023443,0.608853,,1396900,,
0,0,,0.43823,0.129048,0.432721,,1415900,,
0,0,,0.527322,0.419764,0.052914,,1411100,,
0,0,,0.582589,0.085021,0.332389,,1397400,,
0,1,,0.351979,0.419358,0.228663,,1640100,,
0,1,,0.162474,0.718423,0.119103,,1655200,,
0,2,,0.416906,0.042026,0.541068,,1654700,,
0,0,,0.443817,0.310589,0.245594,,1717000,,
0,2,,0.250567,0.137221,0.612212,,1685000,,
0,1,,0.270165,0.667793,0.062042,,1653200,,
0,2,,0.297447,0.226414,0.476139,,1656100,,
0,1,,0.354436,0.526743,0.118821,,1651000,,
0,1,,0.414916,0.513501,0.071583,,1651900,,
0,0,,0.583925,0.125775,0.290299,,1778300,,
0,1,,0.250306,0.619024,0.13067,,1658700,,
0,0,,0.476409,0.270076,0.253515,,1687900,,
0,2,,0.367246,0.036209,0.596545,,1660600,,
0,2,,0.384584,0.07853,0.536886,,1980000,,
0,1,,0.378812,0.484935,0.136252,,1941000,,
0,2,,0.400805,0.043475,0.55572,,1789700,,
0,2,,0.396652,0.033673,0.569675,,1401600,,
0,0,,0.520796,0.409593,0.069611,,1407700,,
0,1,,0.395149,0.480186,0.124666,,1396700,,
0,0,,0.62522,0.301754,0.073026,,1410200,,
0,0,,0.416005,0.35525,0.228744,,1399900,,
0,1,,0.422341,0.429723,0.147936,,1394600,,
0,1,,0.333234,0.549939,0.116828,,1407600,,
0,0,,0.488785,0.435843,0.075372,,1466500,,
0,0,,0.555698,0.296588,0.147714,,1423600,,
0,1,,0.400176,0.526087,0.073737,,1399100,,
0,0,,0.606737,0.203638,0.189625,,1391200,,
0,0,,0.372173,0.270308,0.35752,,1407400,,
0,1,,0.481726,0.48965,0.028624,,1397400,,
0,0,,0.471345,0.078154,0.450501,,1406700,,
0,0,,0.572891,0.22718,0.199929,,1398400,,
0,0,,0.487481,0.306159,0.20636,,1401600,,
0,2,,0.323976,0.021542,0.654483,,1404200,,
0,1,,0.368549,0.43699,0.194461,,1394800,,
0,2,,0.361973,0.034256,0.603771,,1648600,,
0,2,,0.29343,0.104762,0.601808,,1440300,,
0,0,,0.548867,0.33595,0.115183,,1410500,,
0,1,,0.421434,0.489041,0.089526,,1405600,,
0,2,,0.41113,0.047723,0.541147,,1433600,,
0,1,,0.392297,0.492078,0.115625,,1422500,,
0,0,,0.538313,0.26723,0.194457,,1406000,,
0,2,,0.436981,0.117428,0.445591,,1403600,,
0,2,,0.354209,0.033267,0.612524,,1400500,,
0,1,,0.416756,0.540815,0.042429,,1404700,,
0,0,,0.495284,0.433121,0.071595,,1418700,,
0,0,,0.487865,0.074492,0.437643,,1524400,,
0,0,,0.60779,0.190216,0.201993,,1411800,,
0,0,,0.473464,0.380196,0.14634,,1403300,,
0,1,,0.434623,0.483294,0.082083,,1406200,,
0,1,,0.382388,0.518559,0.099053,,1412200,,
0,0,,0.423647,0.406494,0.169859,,1402700,,
0,1,,0.35899,0.505266,0.135744,,1404100,,
0,2,,0.386433,0.114714,0.498853,,1403200,,
0,0,,0.402766,0.301387,0.295847,,1423100,,
0,2,,0.410318,0.037766,0.551917,,1415400,,
0,0,,0.536081,0.363253,0.100666,,1458400,,
0,0,,0.701749,0.19207,0.106181,,1413800,,
0,0,,0.566342,0.180093,0.253564,,1404200,,
0,1,,0.270683,0.573606,0.155711,,1447600,,
0,2,,0.227014,0.132404,0.640581,,1431500,,
0,1,,0.209085,0.652733,0.138182,,1415900,,
0,0,,0.494013,0.048828,0.457158,,1406400,,
0,0,,0.60578,0.161072,0.233148,,1406000,,
0,1,,0.44373,0.489678,0.066592,,1416100,,
0,0,,0.563782,0.231402,0.204816,,1416500,,
0,2,,0.428521,0.067913,0.503566,,1412300,,
0,0,,0.557952,0.101237,0.340811,,1517500,,
0,2,,0.400383,0.043065,0.556552,,1439800,,
0,1,,0.374672,0.603001,0.022327,,1433700,,
0,1,,0.385109,0.55,0.06489,,1412800,,
0,1,,0.394838,0.477258,0.127903,,1402200,,
0,2,,0.354879,0.023294,0.621827,,1406500,,
0,0,,0.48049,0.279845,0.239665,,1427600,,
0,1,,0.303673,0.626391,0.069936,,1419700,,
0,0,,0.460701,0.379635,0.159664,,1410800,,
0,0,,0.531449,0.114319,0.354232,,1405500,,
0,0,,0.412541,0.380955,0.206504,,1408600,,
0,2,,0.387085,0.066035,0.54688,,1500900,,
0,0,,0.58816,0.340429,0.07141,,1425900,,
0,2,,0.405064,0.090031,0.504904,,1478400,,
0,1,,0.457948,0.49455,0.047502,,1482900,,
0,1,,0.342758,0.60094,0.056302,,1428600,,
0,0,,0.560009,0.260688,0.179303,,1544900,,
0,2,,0.16498,0.050101,0.784919,,1475800,,
0,1,,0.316856,0.60415,0.078995,,1476500,,
0,1,,0.450086,0.487437,0.062477,,1407400,,
0,2,,0.339775,0.106525,0.5537,,1437100,,
0,1,,0.410559,0.425138,0.164303,,1789600,,
0,0,,0.519449,0.023726,0.456825,,1966500,,
0,2,,0.38789,0.065165,0.546946,,1919000,,
0,0,,0.473759,0.073432,0.452809,,1902400,,
0,2,,0.372747,0.070768,0.556485,,1944100,,
0,0,,0.581413,0.3081,0.110487,,1917800,,
0,0,,0.667128,0.171327,0.161545,,1956900,,
0,1,,0.458866,0.496055,0.045079,,1920900,,
0,1,,0.380975,0.564986,0.054039,,1970300,,
0,2,,0.344714,0.040772,0.614514,,1540000,,
0,2,,0.216744,0.085371,0.697885,,1419100,,
0,0,,0.469532,0.206551,0.323916,,1472800,,
0,2,,0.398755,0.074674,0.526571,,1428500,,
0,2,,0.346969,0.025788,0.627243,,1425400,,
0,1,,0.428266,0.473771,0.097963,,1442500,,
0,0,,0.455907,0.188039,0.356054,,1419400,,
0,2,,0.331807,0.053933,0.61426,,1440400,,
0,2,,0.382435,0.022723,0.594841,,1418300,,
0,2,,0.331395,0.062176,0.606429,,1424600,,
0,0,,0.628698,0.084874,0.286428,,1419800,,
0,2,,0.341349,0.022255,0.636395,,1425900,,
0,0,,0.450043,0.291642,0.258315,,1430200,,
0,1,,0.459903,0.517164,0.022933,,1416600,,
0,0,,0.480387,0.352617,0.166996,,1409600,,
0,2,,0.331363,0.036129,0.632508,,1412900,,
0,2,,0.458598,0.069341,0.47206,,1409800,,
0,0,,0.427763,0.276698,0.295539,,1453200,,
0,1,,0.385759,0.538636,0.075605,,1429600,,
0,2,,0.374167,0.027235,0.598598,,1427400,,
0,0,,0.503907,0.180416,0.315677,,1420800,,
0,0,,0.486013,0.358766,0.155221,,1472700,,
0,1,,0.260873,0.618897,0.12023,,1472300,,
0,1,,0.295934,0.62652,0.077546,,1415600,,
0,2,,0.335264,0.044105,0.620632,,1437100,,
0,0,,0.386775,0.342667,0.270558,,1404100,,
0,0,,0.383791,0.241441,0.374769,,1416200,,
0,0,,0.505798,0.429589,0.064613,,1436200,,
0,0,,0.486151,0.085981,0.427868,,1434000,,
0,1,,0.347328,0.521301,0.131371,,1439700,,
0,0,,0.528299,0.40237,0.069331,,1419800,,
0,1,,0.438496,0.499362,0.062142,,1429700,,
0,1,,0.297064,0.554994,0.147943,,1425200,,
0,2,,0.362079,0.065586,0.572335,,1584300,,
0,0,,0.53748,0.279673,0.182847,,1674700,,
0,2,,0.36905,0.040451,0.5905,,1695900,,
0,2,,0.349425,0.175623,0.474951,,1676400,,
0,2,,0.338804,0.173075,0.488121,,1671900,,
0,1,,0.356585,0.621137,0.022278,,1673300,,
0,0,,0.467865,0.447127,0.085008,,1668800,,
0,0,,0.540127,0.23047,0.229403,,1768400,,
0,0,,0.433851,0.422809,0.143339,,1709100,,
0,2,,0.374749,0.027225,0.598026,,1762000,,
0,0,,0.437484,0.393776,0.16874,,1668100,,
0,0,,0.490626,0.103468,0.405906,,1672200,,
0,0,,0.525949,0.231303,0.242748,,1670100,,
0,0,,0.435767,0.418821,0.145413,,1670300,,
0,1,,0.421146,0.461829,0.117025,,1668300,,
0,0,,0.45963,0.383519,0.156851,,1694500,,
0,0,,0.478012,0.452632,0.069356,,1711800,,
0,2,,0.380937,0.021066,0.597998,,1680900,,
0,0,,0.559534,0.335274,0.105192,,1676000,,
0,2,,0.354574,0.057722,0.587705,,2123000,,
0,0,,0.44645,0.240313,0.313238,,1449800,,
0,0,,0.518223,0.321431,0.160346,,1423800,,
0,2,,0.481757,0.022702,0.495541,,1404300,,
0,2,,0.350855,0.041307,0.607838,,1407900,,
0,0,,0.485285,0.289925,0.22479,,1487900,,
0,2,,0.365459,0.054335,0.580206,,1409300,,
0,1,,0.415543,0.486741,0.097715,,1427900,,
0,0,,0.438787,0.138386,0.422827,,1424000,,
0,2,,0.435394,0.076816,0.48779,,1466200,,
0,2,,0.328277,0.039735,0.631988,,1437900,,
0,1,,0.396626,0.485668,0.117706,,1482600,,
0,2,,0.325144,0.128676,0.546181,,1419800,,
0,2,,0.333992,0.051486,0.614522,,1422900,,
0,1,,0.40521,0.513225,0.081565,,1432900,,
0,0,,0.606917,0.167724,0.225359,,1445400,,
0,0,,0.514753,0.022223,0.463024,,1451800,,
0,0,,0.605889,0.270988,0.123123,,1429500,,
0,2,,0.297572,0.08913,0.613298,,1416000,,
0,0,,0.685303,0.16266,0.152037,,1526400,,
0,0,,0.719575,0.124766,0.15566,,1481900,,
0,0,,0.616316,0.16411,0.219574,,1425500,,
0,2,,0.365868,0.050016,0.584115,,1478400,,
0,2,,0.354463,0.109375,0.536162,,1411700,,
0,0,,0.511631,0.368908,0.119462,,1667000,,
0,0,,0.508365,0.059803,0.431832,,1450600,,
0,0,,0.577156,0.281849,0.140995,,1435900,,
0,1,,0.456806,0.482159,0.061035,,1406400,,
0,0,,0.420397,0.286893,0.292709,,1447200,,
0,0,,0.609776,0.258974,0.131249,,1467100,,
0,2,,0.385908,0.072235,0.541857,,1446500,,
0,0,,0.476898,0.110374,0.412729,,1429800,,
0,1,,0.45578,0.523137,0.021083,,1516200,,
0,2,,0.2944,0.095711,0.60989,,1482000,,
0,1,,0.455153,0.473612,0.071235,,1482900,,
0,1,,0.255376,0.662546,0.082078,,1427400,,
0,0,,0.465912,0.221459,0.312629,,1458500,,
0,2,,0.354125,0.030052,0.615823,,1457200,,
0,2,,0.475579,0.020923,0.503498,,1478700,,
0,0,,0.588724,0.215025,0.196252,,1442600,,
0,2,,0.427266,0.043154,0.52958,,1427900,,
0,0,,0.512097,0.223701,0.264203,,1409600,,
0,0,,0.574564,0.214429,0.211007,,1436200,,
0,1,,0.362531,0.555715,0.081755,,2147700,,
0,2,,0.31341,0.08988,0.59671,,1520100,,
0,1,,0.415595,0.4982,0.086205,,1419800,,
0,1,,0.252103,0.679551,0.068346,,1424400,,
0,1,,0.392686,0.512284,0.095031,,1531000,,
0,2,,0.452723,0.051008,0.496269,,1524200,,
0,1,,0.380369,0.587668,0.031964,,1461200,,
0,0,,0.612434,0.208533,0.179032,,1438400,,
0,0,,0.494699,0.451307,0.053994,,1433100,,
0,0,,0.432979,0.135833,0.431188,,1548000,,
0,0,,0.516158,0.440723,0.043119,,2110700,,
0,2,,0.379855,0.231145,0.389,,1947700,,
0,1,,0.423673,0.470319,0.106008,,1460200,,
0,1,,0.420075,0.443364,0.136561,,1424800,,
0,2,,0.289131,0.129809,0.58106,,1480100,,
0,0,,0.470466,0.093005,0.436529,,1425400,,
0,1,,0.420047,0.530582,0.04937,,1422300,,
0,1,,0.334329,0.60465,0.061021,,1410300,,
0,0,,0.512276,0.40743,0.080294,,1489800,,
0,2,,0.384955,0.020774,0.594271,,1462200,,
0,2,,0.391888,0.038485,0.569626,,1459900,,
0,0,,0.529441,0.09793,0.372629,,1489800,,
0,0,,0.559911,0.212681,0.227408,,1465900,,
0,2,,0.316646,0.088547,0.594807,,1471100,,
0,1,,0.347092,0.515109,0.137799,,1437500,,
0,0,,0.44334,0.151024,0.405636,,1428100,,
0,0,,0.673364,0.160978,0.165657,,1436100,,
0,2,,0.397837,0.093504,0.50866,,1526500,,
0,0,,0.634558,0.213973,0.151469,,1448700,,
0,1,,0.386504,0.482552,0.130944,,1426800,,
0,0,,0.490556,0.147208,0.362236,,1414700,,
0,0,,0.520917,0.433668,0.045414,,1495300,,
0,2,,0.374922,0.065521,0.559557,,1611700,,
0,1,,0.319683,0.568017,0.1123,,1584200,,
0,1,,0.401442,0.569786,0.028772,,1450800,,
0,1,,0.44654,0.482327,0.071133,,1443100,,
0,1,,0.411226,0.524735,0.064039,,1428500,,
0,0,,0.398229,0.315051,0.28672,,1465700,,
0,2,,0.295733,0.042639,0.661627,,1451600,,
0,1,,0.265206,0.420802,0.313992,,1426700,,
0,1,,0.422257,0.506865,0.070877,,1416600,,
0,0,,0.587731,0.301302,0.110967,,1434100,,
0,2,,0.452336,0.019673,0.527991,,1532300,,
0,2,,0.403356,0.04604,0.550603,,1433400,,
0,2,,0.372886,0.077924,0.54919,,1434700,,
0,0,,0.448497,0.370395,0.181108,,1440000,,
0,0,,0.548891,0.253946,0.197164,,1475100,,
0,2,,0.365583,0.045295,0.589122,,1573400,,
0,0,,0.474018,0.442596,0.083386,,1486800,,
0,0,,0.502507,0.055154,0.442338,,1429500,,
0,1,,0.323305,0.548984,0.127711,,1417300,,
0,0,,0.574325,0.186418,0.239258,,1509600,,
0,2,,0.331997,0.298664,0.369339,,1483500,,
0,0,,0.494792,0.213483,0.291725,,1451900,,
0,0,,0.491577,0.043962,0.46446,,1458500,,
0,1,,0.279934,0.663696,0.05637,,1519500,,
0,0,,0.433742,0.307216,0.259042,,1518000,,
0,0,,0.437298,0.40009,0.162612,,1443900,,
0,0,,0.351621,0.31285,0.335529,,1416600,,
0,0,,0.532052,0.371039,0.096909,,1431300,,
0,0,,0.441085,0.430537,0.128378,,1537400,,
0,1,,0.370706,0.422671,0.206624,,1508000,,
0,1,,0.451055,0.491349,0.057596,,1738100,,
0,1,,0.327493,0.573514,0.098993,,2042200,,
0,1,,0.311676,0.363718,0.324606,,1954200,,
0,2,,0.390074,0.04913,0.560796,,2272000,,
0,1,,0.196504,0.761996,0.041499,,1909700,,
1,1,,0.076689,0.493401,0.42991,,1687300,,
1,1,,0.132771,0.651891,0.215337,,1734000,,
1,1,,0.07319,0.474243,0.452567,,1668700,,
1,1,,0.105891,0.712237,0.181872,,1684900,,
1,1,,0.193804,0.698675,0.107521,,2076200,,
1,1,,0.244227,0.597647,0.158126,,2036900,,
1,1,,0.328838,0.553577,0.117585,,1954200,,
1,1,,0.184914,0.658187,0.156899,,2007600,,
1,1,,0.113146,0.756273,0.130582,,1958500,,
1,1,,0.060811,0.551526,0.387663,,2085400,,
1,1,,0.160706,0.761357,0.077937,,1839600,,
1,1,,0.3415,0.464052,0.194448,,1432200,,
1,1,,0.147775,0.658805,0.19342,,1842800,,
1,1,,0.122146,0.744879,0.132976,,1622400,,
1,1,,0.090417,0.552517,0.357065,,1492600,,
1,1,,0.100052,0.714425,0.185523,,1667700,,
1,2,,0.079081,0.442932,0.477987,,2059200,,
1,1,,0.123465,0.5797,0.296835,,2066500,,
1,1,,0.110159,0.69491,0.194931,,1559600,,
1,1,,0.221235,0.674057,0.104708,,1447200,,
1,1,,0.432194,0.530845,0.036961,,1823900,,
1,1,,0.363257,0.470704,0.166039,,1782900,,
1,1,,0.130962,0.536753,0.332285,,1450200,,
1,1,,0.105913,0.633094,0.260994,,1414700,,
1,1,,0.221056,0.541581,0.237363,,1446500,,
1,1,,0.148025,0.761048,0.090927,,1486700,,
1,1,,0.398286,0.534147,0.067567,,1453900,,
1,1,,0.299825,0.529814,0.170361,,1454800,,
1,0,,0.494623,0.454116,0.05126,,1474000,,
1,1,,0.134481,0.766191,0.099328,,1677200,,
1,1,,0.299851,0.521162,0.178987,,1433800,,
1,1,,0.120985,0.612415,0.2666,,1417600,,
1,1,,0.256,0.620926,0.123074,,1553400,,
1,1,,0.182216,0.635111,0.182674,,1421700,,
1,1,,0.308953,0.626715,0.064332,,1574500,,
1,1,,0.328102,0.604601,0.067297,,1637400,,
1,1,,0.340125,0.578562,0.081314,,1420000,,
1,1,,0.166102,0.583682,0.250216,,1423100,,
1,1,,0.290267,0.584051,0.125681,,1497400,,
1,1,,0.072373,0.495411,0.432216,,1466500,,
1,2,,0.085785,0.384497,0.529718,,1440300,,
1,1,,0.140635,0.690939,0.168425,,1442400,,
1,1,,0.090903,0.464099,0.444998,,1415600,,
1,1,,0.396957,0.58156,0.021483,,1639000,,
1,1,,0.093601,0.522055,0.384344,,4000400,,
1,1,,0.134496,0.50724,0.358263,,3461700,,
1,1,,0.278165,0.696322,0.025513,,4311600,,
1,1,,0.121878,0.630904,0.247218,,4143100,,
1,1,,0.248589,0.622996,0.128415,,2522600,,
1,1,,0.416814,0.543602,0.039584,,2858000,,
1,1,,0.384574,0.551461,0.063965,,3218500,,
1,1,,0.187789,0.617749,0.194462,,4032300,,
1,2,,0.080688,0.376021,0.543291,,2054100,,
1,2,,0.088232,0.298532,0.613236,,3137100,,
1,1,,0.39388,0.556847,0.049273,,3147600,,
1,1,,0.079205,0.567239,0.353556,,2726700,,
1,1,,0.253927,0.685774,0.060299,,2934200,,
1,1,,0.088387,0.529467,0.382146,,2239400,,
1,1,,0.158844,0.675976,0.16518,,2380700,,
1,1,,0.419233,0.477119,0.103648,,2837200,,
1,1,,0.126563,0.677542,0.195895,,2880300,,
1,1,,0.101212,0.460172,0.438616,,2862200,,
1,1,,0.258527,0.583108,0.158365,,2290200,,
1,1,,0.2344,0.417291,0.348309,,1803900,,
1,1,,0.095762,0.563459,0.340779,,1907900,,
1,1,,0.144769,0.635716,0.219515,,2020200,,
1,1,,0.268454,0.540936,0.190611,,1883600,,
1,1,,0.080861,0.541172,0.377968,,1933600,,
1,1,,0.102388,0.566298,0.331313,,1928200,,
1,1,,0.431443,0.484342,0.084215,,1769400,,
1,1,,0.21515,0.644349,0.140501,,1971700,,
1,1,,0.184005,0.595088,0.220908,,1870500,,
1,1,,0.098983,0.655706,0.245311,,1853100,,
1,1,,0.311343,0.653918,0.034739,,1721600,,
1,1,,0.084356,0.568666,0.346978,,1693100,,
1,1,,0.35028,0.622021,0.027699,,1892900,,
1,1,,0.13414,0.696735,0.169126,,1753800,,
1,1,,0.073349,0.465124,0.461527,,1730500,,
1,1,,0.068548,0.516511,0.414941,,1667600,,
1,1,,0.126156,0.688696,0.185149,,1700300,,
1,1,,0.425054,0.547292,0.027654,,1877400,,
1,1,,0.331747,0.62677,0.041483,,1692300,,
1,1,,0.343814,0.611438,0.044749,,2312200,,
1,1,,0.16517,0.595557,0.239273,,3034900,,
1,1,,0.207101,0.64769,0.145209,,2218900,,
1,1,,0.406676,0.550237,0.043087,,1698400,,
1,1,,0.153509,0.699915,0.146575,,1741700,,
1,1,,0.127922,0.690082,0.181996,,1708300,,
1,1,,0.120547,0.721158,0.158296,,1732000,,
1,1,,0.086573,0.54874,0.364687,,1432600,,
1,1,,0.149412,0.692675,0.157913,,1487100,,
1,1,,0.22743,0.651463,0.121106,,2394400,,
1,1,,0.346743,0.631774,0.021483,,1888800,,
1,1,,0.107845,0.780321,0.111834,,1981500,,
1,1,,0.271582,0.633971,0.094447,,2307400,,
1,1,,0.127909,0.6897,0.182391,,1713300,,
1,1,,0.357989,0.494321,0.14769,,1697000,,
1,1,,0.267347,0.591451,0.141202,,1711900,,
1,1,,0.116921,0.672139,0.210939,,2364600,,
1,1,,0.324811,0.525344,0.149846,,1749500,,
1,1,,0.10101,0.645806,0.253184,,1696200,,
1,1,,0.368995,0.580362,0.050642,,1766900,,
1,1,,0.085225,0.519339,0.395437,,1719300,,
1,1,,0.425292,0.538368,0.03634,,1679400,,
1,1,,0.118953,0.62858,0.252467,,1675000,,
1,1,,0.123991,0.681497,0.194512,,1857500,,
1,1,,0.244748,0.686549,0.068703,,1978400,,
1,1,,0.17696,0.691601,0.131439,,1770800,,
1,1,,0.107476,0.623166,0.269358,,1707300,,
1,1,,0.194319,0.602736,0.202945,,2593600,,
1,1,,0.206555,0.683661,0.109784,,1863400,,
1,1,,0.250369,0.659405,0.090225,,1950000,,
1,1,,0.127941,0.720383,0.151676,,1830900,,
1,1,,0.319828,0.578468,0.101704,,1824700,,
1,1,,0.177654,0.518523,0.303823,,2764200,,
1,1,,0.177326,0.565026,0.257647,,3161100,,
1,1,,0.094447,0.720096,0.185458,,2789800,,
1,1,,0.141461,0.712022,0.146517,,2019700,,
1,1,,0.28847,0.421391,0.290139,,1895000,,
1,1,,0.148272,0.633631,0.218097,,1741400,,
1,1,,0.310934,0.529321,0.159745,,1690100,,
1,1,,0.178713,0.729249,0.092038,,1816300,,
1,1,,0.144325,0.751999,0.103676,,1751900,,
1,1,,0.100385,0.759286,0.140329,,1690200,,
1,1,,0.127648,0.671903,0.200449,,1694200,,
1,1,,0.094227,0.553047,0.352726,,1696000,,
1,1,,0.132521,0.706472,0.161007,,1724300,,
1,1,,0.386453,0.565703,0.047844,,1676800,,
1,1,,0.352228,0.569258,0.078515,,1659700,,
1,1,,0.385736,0.485274,0.12899,,1661200,,
1,1,,0.4117,0.514199,0.074101,,1809800,,
1,2,,0.070347,0.454973,0.47468,,1737600,,
1,1,,0.371027,0.540497,0.088476,,1788500,,
1,1,,0.279703,0.625849,0.094448,,1722500,,
1,1,,0.350631,0.601399,0.04797,,1738700,,
1,2,,0.102433,0.354177,0.54339,,1899200,,
1,1,,0.150963,0.69942,0.149617,,1709600,,
1,1,,0.246133,0.58165,0.172217,,1720200,,
1,1,,0.254469,0.472969,0.272562,,1953600,,
1,1,,0.384701,0.558712,0.056586,,1687900,,
1,1,,0.254919,0.699483,0.045598,,1691000,,
1,1,,0.130292,0.685567,0.18414,,1705300,,
1,1,,0.477945,0.500011,0.022044,,1887100,,
1,1,,0.114854,0.71446,0.170686,,1724900,,
1,1,,0.28559,0.657131,0.057279,,1694800,,
1,1,,0.23846,0.625776,0.135764,,1681500,,
1,1,,0.167643,0.723039,0.109319,,1749700,,
1,1,,0.364573,0.524767,0.11066,,1882000,,
1,1,,0.404358,0.520101,0.075541,,2150200,,
1,1,,0.233803,0.653612,0.112585,,1720800,,
1,1,,0.100468,0.701338,0.198194,,2084700,,
1,1,,0.404603,0.561441,0.033957,,1691100,,
1,1,,0.161169,0.662988,0.175843,,1717000,,
1,1,,0.114226,0.459863,0.425911,,1850800,,
1,1,,0.156552,0.569894,0.273553,,2034400,,
1,1,,0.112285,0.446859,0.440855,,1678300,,
1,1,,0.067465,0.561901,0.370634,,1722300,,
1,1,,0.339948,0.542809,0.117242,,1702200,,
1,1,,0.077771,0.582457,0.339772,,1715300,,
1,1,,0.102768,0.652418,0.244813,,1714800,,
1,1,,0.223942,0.692404,0.083653,,1681400,,
1,1,,0.171024,0.749251,0.079725,,2275000,,
1,1,,0.145528,0.598692,0.25578,,1827400,,
1,1,,0.243778,0.708948,0.047275,,1700100,,
1,1,,0.079994,0.463526,0.45648,,1694200,,
1,1,,0.100628,0.675853,0.223519,,2069000,,
1,1,,0.362896,0.602487,0.034617,,1717400,,
1,1,,0.33028,0.644221,0.025499,,1674400,,
1,1,,0.456192,0.510506,0.033302,,1673000,,
1,1,,0.359875,0.538657,0.101468,,2188300,,
1,1,,0.244338,0.648951,0.106711,,1762300,,
1,1,,0.344027,0.613892,0.042081,,1648300,,
1,1,,0.373335,0.599987,0.026678,,1430700,,
1,1,,0.097411,0.627807,0.274782,,1599800,,
1,1,,0.135992,0.659984,0.204024,,1522500,,
1,1,,0.145791,0.747951,0.106258,,1447100,,
1,1,,0.314294,0.634294,0.051411,,1435100,,
1,1,,0.077593,0.541938,0.380469,,1428800,,
1,1,,0.300218,0.638412,0.06137,,1430000,,
1,1,,0.235885,0.641002,0.123113,,1612500,,
1,1,,0.37549,0.598129,0.026381,,1430100,,
1,1,,0.087185,0.539672,0.373143,,1476400,,
1,1,,0.280612,0.677894,0.041494,,1530300,,
1,1,,0.292208,0.533511,0.174281,,1560500,,
1,1,,0.216252,0.730447,0.053301,,1606600,,
1,2,,0.105447,0.386655,0.507898,,1491300,,
1,1,,0.325013,0.533942,0.141045,,1427500,,
1,1,,0.251872,0.592069,0.156059,,1445700,,
1,1,,0.112746,0.686482,0.200772,,1454500,,
1,1,,0.252809,0.711443,0.035748,,1434600,,
1,1,,0.112504,0.617083,0.270413,,1457000,,
1,2,,0.096357,0.383178,0.520464,,1427100,,
1,1,,0.449558,0.527992,0.022451,,1518700,,
1,1,,0.41357,0.496479,0.089951,,1471400,,
1,1,,0.377318,0.599556,0.023126,,1420000,,
1,1,,0.263968,0.582136,0.153896,,1424800,,
1,1,,0.098366,0.528946,0.372688,,1502900,,
1,1,,0.148756,0.748856,0.102389,,1451200,,
1,1,,0.073014,0.647383,0.279603,,1433900,,
1,1,,0.19186,0.647132,0.161008,,1423000,,
1,2,,0.146672,0.301995,0.551333,,1435600,,
1,1,,0.238859,0.596956,0.164186,,1439700,,
1,2,,0.106245,0.397224,0.496531,,1468200,,
1,2,,0.082923,0.353697,0.56338,,1448300,,
1,1,,0.294528,0.59431,0.111161,,1434000,,
1,1,,0.219326,0.512273,0.268401,,1427900,,
1,1,,0.296363,0.644033,0.059605,,1426800,,
1,1,,0.102718,0.531359,0.365923,,1467200,,
1,1,,0.327018,0.600058,0.072923,,1433600,,
1,2,,0.07982,0.418023,0.502157,,1429100,,
1,1,,0.12443,0.567258,0.308313,,1450400,,
1,1,,0.186298,0.573409,0.240293,,1483800,,
1,2,,0.081138,0.423937,0.494925,,1420000,,
1,1,,0.075898,0.55934,0.364763,,1421800,,
1,2,,0.060138,0.42439,0.515472,,1430000,,
1,1,,0.148188,0.743621,0.108191,,1511100,,
1,1,,0.200914,0.594343,0.204743,,1517900,,
1,1,,0.278346,0.685739,0.035915,,1432600,,
1,1,,0.111732,0.501297,0.386971,,1492400,,
1,1,,0.116233,0.53649,0.347276,,1446300,,
1,1,,0.092819,0.542647,0.364534,,1457100,,
1,1,,0.095215,0.611269,0.293515,,1469900,,
1,1,,0.083622,0.619275,0.297104,,1437400,,
1,1,,0.18344,0.558088,0.258472,,1421300,,
1,1,,0.114678,0.689215,0.196107,,1440900,,
1,1,,0.305953,0.630334,0.063712,,1464900,,
1,1,,0.211729,0.62688,0.161391,,1439700,,
1,1,,0.277979,0.630285,0.091736,,1419500,,
1,1,,0.139108,0.654329,0.206564,,1409700,,
1,1,,0.274023,0.6494,0.076577,,1838500,,
1,1,,0.283299,0.65154,0.065161,,2063800,,
1,1,,0.224938,0.500282,0.27478,,1981700,,
1,1,,0.301056,0.61126,0.087684,,2035700,,
1,1,,0.072351,0.517001,0.410648,,1938000,,
1,1,,0.074558,0.470392,0.45505,,2026300,,
1,1,,0.40637,0.543979,0.04965,,1942600,,
1,1,,0.104238,0.682368,0.213394,,2002700,,
1,1,,0.229504,0.643048,0.127448,,1964900,,
1,1,,0.342421,0.528027,0.129552,,2228000,,
1,1,,0.148282,0.595464,0.256253,,1921500,,
1,1,,0.336128,0.566815,0.097057,,1971400,,
1,1,,0.102021,0.747267,0.150712,,1927200,,
1,1,,0.216031,0.474368,0.309601,,2039400,,
1,1,,0.391925,0.584823,0.023252,,1445600,,
1,1,,0.222786,0.602559,0.174655,,1626000,,
1,1,,0.087498,0.662651,0.249851,,1464200,,
1,1,,0.06347,0.481423,0.455107,,2042000,,
1,1,,0.315299,0.600904,0.083796,,1982900,,
1,1,,0.163789,0.561034,0.275177,,1941100,,
1,1,,0.096107,0.457556,0.446337,,1988800,,
1,1,,0.127519,0.768497,0.103985,,1942300,,
1,1,,0.128673,0.631087,0.24024,,1999500,,
1,1,,0.230628,0.63754,0.131832,,1930300,,
1,1,,0.360196,0.616712,0.023093,,1977900,,
1,1,,0.132401,0.624264,0.243335,,1914500,,
1,1,,0.384086,0.508891,0.107023,,1964700,,
1,1,,0.093027,0.507449,0.399524,,1819300,,
1,1,,0.17551,0.65561,0.16888,,1683800,,
1,1,,0.380741,0.537002,0.082256,,1687100,,
1,1,,0.340805,0.542994,0.116201,,1685400,,
1,1,,0.140151,0.723456,0.136394,,1663700,,
1,1,,0.329165,0.601066,0.069769,,1647900,,
1,1,,0.098063,0.544274,0.357663,,1676600,,
1,1,,0.084088,0.613488,0.302424,,2123800,,
1,1,,0.35156,0.559255,0.089185,,1705500,,
1,1,,0.32554,0.602127,0.072333,,1662000,,
1,2,,0.094161,0.434863,0.470976,,1655500,,
1,1,,0.088115,0.599141,0.312743,,1863100,,
1,1,,0.073855,0.650917,0.275228,,1678300,,
1,1,,0.082614,0.48423,0.433156,,1653500,,
1,1,,0.080574,0.519303,0.400124,,1656200,,
1,1,,0.074678,0.59327,0.332051,,1815100,,
1,1,,0.240561,0.662448,0.096991,,1669600,,
1,1,,0.060959,0.53002,0.409021,,1660100,,
1,1,,0.351459,0.543757,0.104784,,1715600,,
1,1,,0.188991,0.741529,0.069481,,1796700,,
1,1,,0.332977,0.589355,0.077667,,1667500,,
1,1,,0.294443,0.620466,0.085091,,1643700,,
1,1,,0.157675,0.660333,0.181992,,1663100,,
1,2,,0.110637,0.434236,0.455127,,1690300,,
1,1,,0.317636,0.598827,0.083537,,1699500,,
1,1,,0.357605,0.552094,0.090302,,1660000,,
1,1,,0.105115,0.523571,0.371314,,1661100,,
1,1,,0.327666,0.564716,0.107618,,1664600,,
1,1,,0.097022,0.631021,0.271958,,1718400,,
1,1,,0.285914,0.479472,0.234614,,1555200,,
1,1,,0.109197,0.69898,0.191823,,1423900,,
1,1,,0.213027,0.72738,0.059592,,1440800,,
1,0,,0.501364,0.462298,0.036338,,1438000,,
1,1,,0.232212,0.644963,0.122826,,1412700,,
1,1,,0.291725,0.619112,0.089164,,1413400,,
1,1,,0.302758,0.598093,0.099149,,1487700,,
1,1,,0.216913,0.60867,0.174417,,1591800,,
1,1,,0.110954,0.70944,0.179606,,1624600,,
1,1,,0.347016,0.528574,0.12441,,1465000,,
1,1,,0.375254,0.603184,0.021562,,1411700,,
1,1,,0.095635,0.599682,0.304684,,1407500,,
1,1,,0.125881,0.684084,0.190035,,1444000,,
1,1,,0.297486,0.613084,0.089431,,1431600,,
1,1,,0.207938,0.584048,0.208014,,1428100,,
1,1,,0.085292,0.507604,0.407104,,1413900,,
1,1,,0.330978,0.628294,0.040729,,1402200,,
1,1,,0.088662,0.602853,0.308485,,1927900,,
1,1,,0.091525,0.769615,0.13886,,1448000,,
1,2,,0.097083,0.330662,0.572255,,1459200,,
1,1,,0.313604,0.610242,0.076154,,1462300,,
1,1,,0.287166,0.628873,0.083961,,1489400,,
1,1,,0.122637,0.565377,0.311986,,1477400,,
1,1,,0.258592,0.428299,0.31311,,1419800,,
1,1,,0.314165,0.561653,0.124182,,1405100,,
1,1,,0.088452,0.674791,0.236757,,1408100,,
1,1,,0.383234,0.592671,0.024094,,1448600,,
1,1,,0.081032,0.612401,0.306567,,1513000,,
1,1,,0.217605,0.660746,0.121648,,1426600,,
1,1,,0.092425,0.683651,0.223924,,1423200,,
1,1,,0.117782,0.667554,0.214664,,1426800,,
1,1,,0.141395,0.58445,0.274155,,1486900,,
1,1,,0.243146,0.693168,0.063685,,1437000,,
1,1,,0.412259,0.517655,0.070085,,1419600,,
1,1,,0.177582,0.720966,0.101452,,1424200,,
1,1,,0.446037,0.486344,0.067619,,1441800,,
1,1,,0.137597,0.626892,0.235511,,1452300,,
1,1,,0.39857,0.57408,0.027349,,1512200,,
1,1,,0.163911,0.740212,0.095876,,1427600,,
1,1,,0.192701,0.75162,0.055679,,1416700,,
1,1,,0.145075,0.545077,0.309848,,1459100,,
1,1,,0.253419,0.5992,0.147381,,1423900,,
1,1,,0.410043,0.533446,0.056511,,1422700,,
1,1,,0.397709,0.565753,0.036539,,1421600,,
1,1,,0.131196,0.689476,0.179327,,1422800,,
1,1,,0.187689,0.736092,0.076219,,1434200,,
2,2,,0.105602,0.212345,0.682053,,1428800,,
2,2,,0.227269,0.056576,0.716155,,1421700,,
2,2,,0.332731,0.06748,0.599788,,1452400,,
2,2,,0.41985,0.07276,0.50739,,1416500,,
2,2,,0.09557,0.399763,0.504668,,1427700,,
2,2,,0.151192,0.215846,0.632963,,1427700,,
2,2,,0.336186,0.041904,0.62191,,1417500,,
2,2,,0.088439,0.352714,0.558847,,1406800,,
2,2,,0.182497,0.131901,0.685602,,1416500,,
2,2,,0.202285,0.133978,0.663737,,1445000,,
2,2,,0.358336,0.044122,0.597543,,1432200,,
2,2,,0.107522,0.214996,0.677482,,1409800,,
2,2,,0.178187,0.142126,0.679687,,1411200,,
2,2,,0.139999,0.095684,0.764317,,1504500,,
2,2,,0.077613,0.376629,0.545758,,1419300,,
2,2,,0.074087,0.332261,0.593652,,1428300,,
2,2,,0.119036,0.24575,0.635214,,1410900,,
2,2,,0.376514,0.052251,0.571235,,1413500,,
2,2,,0.393166,0.069371,0.537463,,1410000,,
2,2,,0.208371,0.140225,0.651404,,1444200,,
2,2,,0.141017,0.187242,0.67174,,1425400,,
2,2,,0.11129,0.31527,0.57344,,1413000,,
2,2,,0.083668,0.290794,0.625538,,1412600,,
2,2,,0.101792,0.314896,0.583312,,1418000,,
2,2,,0.259413,0.163965,0.576621,,1414500,,
2,2,,0.343197,0.054517,0.602285,,1454600,,
2,1,,0.072712,0.494192,0.433096,,1421200,,
2,2,,0.391258,0.022712,0.58603,,1411900,,
2,2,,0.092953,0.264482,0.642566,,1421800,,
2,2,,0.160477,0.161107,0.678416,,1418400,,
2,1,,0.072203,0.467791,0.460006,,1409700,,
2,2,,0.151532,0.122669,0.725799,,1410000,,
2,2,,0.433651,0.039047,0.527302,,1412900,,
2,2,,0.093739,0.407288,0.498974,,1412500,,
2,2,,0.247057,0.083335,0.669608,,1424800,,
2,2,,0.430702,0.056804,0.512494,,1463400,,
2,2,,0.184558,0.079231,0.736211,,1432700,,
2,2,,0.273836,0.193856,0.532308,,1414600,,
2,2,,0.201098,0.07405,0.724852,,1418800,,
2,2,,0.332854,0.065581,0.601565,,1420800,,
2,2,,0.082815,0.311825,0.60536,,1407800,,
2,2,,0.147132,0.150459,0.70241,,1401800,,
2,2,,0.250011,0.102911,0.647079,,1415100,,
2,2,,0.202733,0.164558,0.63271,,1420100,,
2,2,,0.368574,0.019735,0.611691,,1420000,,
2,2,,0.085212,0.229289,0.685499,,1419000,,
2,2,,0.20652,0.090862,0.702618,,1483100,,
2,2,,0.091468,0.381303,0.527228,,1424800,,
2,2,,0.07682,0.451067,0.472113,,1423600,,
2,2,,0.191493,0.125546,0.682961,,1422800,,
2,2,,0.133542,0.39698,0.469478,,1414800,,
2,2,,0.344597,0.072572,0.582831,,1414600,,
2,2,,0.237993,0.039323,0.722684,,1409500,,
2,2,,0.092889,0.303544,0.603567,,1428400,,
2,2,,0.195669,0.041812,0.762519,,1419600,,
2,2,,0.119354,0.424343,0.456303,,1437000,,
2,2,,0.220315,0.267076,0.512609,,1439600,,
2,2,,0.155127,0.118129,0.726744,,1576100,,
2,2,,0.411845,0.020776,0.567379,,1745700,,
2,2,,0.115253,0.229582,0.655165,,1472300,,
2,2,,0.165247,0.131072,0.70368,,1435300,,
2,2,,0.111304,0.343574,0.545121,,1440700,,
2,2,,0.151687,0.338568,0.509745,,1433500,,
2,2,,0.183848,0.254752,0.5614,,1453000,,
2,2,,0.246648,0.101507,0.651845,,1481000,,
2,2,,0.278627,0.054055,0.667318,,1554000,,
2,2,,0.151323,0.140068,0.708609,,1438700,,
2,2,,0.276323,0.167776,0.555901,,1637000,,
2,2,,0.082831,0.38704,0.530129,,2362500,,
2,2,,0.36071,0.088059,0.551231,,1718900,,
2,2,,0.234139,0.173035,0.592826,,1694000,,
2,1,,0.094616,0.487817,0.417567,,1705600,,
2,2,,0.081332,0.389462,0.529206,,1695200,,
2,2,,0.222089,0.170287,0.607624,,1661400,,
2,2,,0.383573,0.023131,0.593296,,1656700,,
2,2,,0.132819,0.17067,0.696511,,1672700,,
2,2,,0.093921,0.432301,0.473779,,1826300,,
2,2,,0.198543,0.227834,0.573623,,1770200,,
2,2,,0.261355,0.048421,0.690224,,1674300,,
2,2,,0.344339,0.020392,0.635269,,1682800,,
2,2,,0.136701,0.241436,0.621863,,1661300,,
2,2,,0.30982,0.023131,0.667049,,1655200,,
2,2,,0.076346,0.313489,0.610165,,1654500,,
2,2,,0.223924,0.097665,0.678411,,2467900,,
2,2,,0.112414,0.240242,0.647344,,1457800,,
2,2,,0.080853,0.388021,0.531125,,1481000,,
2,2,,0.401625,0.090591,0.507784,,1566200,,
2,2,,0.066718,0.330833,0.60245,,1633700,,
2,2,,0.211056,0.039323,0.749621,,1493000,,
2,2,,0.265487,0.055362,0.679152,,1411100,,
2,2,,0.302312,0.03006,0.667628,,1401400,,
2,2,,0.124105,0.314879,0.561016,,1439600,,
2,2,,0.075775,0.389796,0.534429,,1564600,,
2,2,,0.185449,0.074132,0.740419,,1432500,,
2,2,,0.321661,0.07752,0.60082,,1559500,,
2,2,,0.283977,0.227274,0.488749,,1446400,,
2,2,,0.090098,0.3751,0.534803,,2009600,,
2,2,,0.358642,0.044381,0.596977,,1447400,,
2,2,,0.137123,0.213044,0.649833,,1416900,,
2,2,,0.089028,0.324285,0.586686,,1404100,,
2,2,,0.103217,0.234981,0.661802,,1416600,,
2,2,,0.161506,0.100361,0.738133,,1415100,,
2,2,,0.095447,0.446237,0.458315,,1422200,,
2,2,,0.130956,0.112225,0.756819,,1400600,,
2,2,,0.115085,0.199155,0.685761,,1417500,,
2,2,,0.409034,0.054482,0.536484,,1403100,,
2,2,,0.101607,0.25748,0.640913,,1406600,,
2,1,,0.097189,0.512249,0.390562,,1528400,,
2,2,,0.146196,0.092882,0.760922,,1428600,,
2,2,,0.086103,0.386481,0.527415,,1466400,,
2,1,,0.155248,0.529089,0.315662,,1428700,,
2,2,,0.339784,0.079658,0.580558,,1439500,,
2,2,,0.339939,0.056847,0.603214,,1454300,,
2,2,,0.100357,0.427668,0.471975,,1439900,,
2,2,,0.347656,0.103423,0.548921,,1413100,,
2,2,,0.426015,0.082708,0.491277,,1429000,,
2,2,,0.120446,0.395067,0.484487,,1425700,,
2,2,,0.248625,0.041117,0.710259,,1653000,,
2,2,,0.333012,0.028676,0.638311,,1425200,,
2,2,,0.081607,0.387163,0.531231,,1416100,,
2,2,,0.212723,0.059819,0.727458,,1412600,,
2,2,,0.117001,0.240136,0.642863,,1421600,,
2,2,,0.106766,0.176301,0.716933,,1429200,,
2,2,,0.225321,0.245613,0.529065,,1417000,,
2,2,,0.108689,0.237526,0.653785,,1428700,,
2,2,,0.170653,0.127011,0.702336,,1439900,,
2,2,,0.236051,0.078096,0.685853,,1408800,,
2,2,,0.304336,0.03113,0.664534,,1423900,,
2,2,,0.105927,0.340963,0.55311,,1674900,,
2,2,,0.174442,0.065082,0.760476,,1488000,,
2,2,,0.303544,0.044456,0.652,,1976700,,
2,2,,0.181214,0.120333,0.698453,,1683800,,
2,2,,0.092834,0.375062,0.532103,,1681000,,
2,0,,0.518807,0.117455,0.363738,,1677500,,
2,2,,0.077426,0.412718,0.509856,,1746800,,
2,2,,0.197736,0.079247,0.723018,,1669100,,
2,2,,0.275159,0.089711,0.63513,,1729800,,
2,2,,0.320013,0.024062,0.655926,,1699400,,
2,2,,0.368605,0.019735,0.61166,,1703200,,
2,2,,0.112031,0.256636,0.631333,,1742400,,
2,2,,0.373509,0.054081,0.57241,,1686500,,
2,2,,0.387019,0.065097,0.547884,,1669700,,
2,2,,0.115405,0.345616,0.538979,,1713200,,
2,1,,0.088574,0.519976,0.39145,,1826600,,
2,2,,0.13302,0.244061,0.622919,,1662600,,
2,2,,0.098596,0.378911,0.522493,,1659100,,
2,2,,0.132235,0.111329,0.756435,,2146100,,
2,2,,0.467063,0.039815,0.493121,,2073400,,
2,2,,0.318122,0.035398,0.64648,,1666000,,
2,2,,0.35059,0.040985,0.608425,,1750900,,
2,2,,0.354547,0.029381,0.616072,,1689000,,
2,2,,0.146815,0.164589,0.688596,,1692700,,
2,2,,0.416649,0.020246,0.563105,,1686700,,
2,2,,0.119826,0.25167,0.628504,,1691500,,
2,2,,0.358763,0.07591,0.565326,,1665500,,
2,2,,0.262791,0.153431,0.583778,,2048500,,
2,2,,0.185311,0.061967,0.752722,,1932100,,
2,2,,0.222587,0.067701,0.709712,,1924800,,
2,2,,0.103198,0.208799,0.688003,,1911100,,
2,2,,0.079326,0.318536,0.602138,,1708100,,
2,2,,0.16569,0.078169,0.756141,,1708800,,
2,2,,0.132714,0.117416,0.749869,,1779600,,
2,2,,0.210262,0.100593,0.689145,,1835400,,
2,2,,0.18346,0.160222,0.656318,,1800700,,
2,2,,0.108312,0.288349,0.603339,,1700000,,
2,1,,0.106241,0.586797,0.306963,,1702300,,
2,2,,0.414039,0.044679,0.541282,,1704900,,
2,2,,0.168555,0.073092,0.758354,,1663900,,
2,2,,0.15212,0.304728,0.543152,,1675900,,
2,2,,0.297539,0.033911,0.66855,,1701400,,
2,2,,0.086136,0.340498,0.573366,,1692500,,
2,2,,0.304413,0.102063,0.593524,,1664100,,
2,2,,0.16095,0.275935,0.563114,,1803800,,
2,1,,0.084669,0.678307,0.237024,,1770500,,
2,2,,0.291877,0.07386,0.634263,,1731800,,
2,2,,0.220339,0.220252,0.559409,,1889900,,
2,2,,0.101341,0.239499,0.65916,,1674500,,
2,2,,0.390126,0.060777,0.549098,,1803800,,
2,2,,0.142262,0.175978,0.681759,,1703300,,
2,2,,0.150984,0.072868,0.776148,,1702500,,
2,2,,0.266417,0.160154,0.573428,,1761200,,
2,2,,0.418223,0.053148,0.528629,,1777600,,
2,2,,0.164793,0.259321,0.575886,,1675300,,
2,2,,0.187546,0.102064,0.71039,,1660000,,
2,2,,0.181014,0.047243,0.771742,,1683800,,
2,2,,0.250561,0.114549,0.63489,,1626100,,
2,2,,0.082421,0.438826,0.478753,,1749400,,
2,2,,0.176999,0.117169,0.705832,,1464500,,
2,2,,0.113624,0.186509,0.699867,,1425900,,
2,2,,0.25754,0.078273,0.664187,,1440800,,
2,2,,0.176336,0.125517,0.698147,,1849800,,
2,2,,0.262457,0.125503,0.612041,,1946100,,
2,2,,0.31515,0.075727,0.609124,,1911100,,
2,2,,0.096439,0.39347,0.510091,,1761000,,
2,1,,0.076584,0.590562,0.332854,,1735500,,
2,2,,0.192637,0.085269,0.722094,,1691100,,
2,2,,0.43984,0.040534,0.519627,,1693200,,
2,2,,0.114624,0.325557,0.559819,,1693400,,
2,2,,0.213897,0.069361,0.716743,,1756100,,
2,2,,0.087724,0.289264,0.623012,,1680400,,
2,2,,0.079918,0.317178,0.602904,,1458800,,
2,2,,0.206065,0.057448,0.736487,,1463800,,
2,2,,0.324058,0.024191,0.651752,,1491200,,
2,2,,0.343711,0.066402,0.589887,,1465400,,
2,2,,0.100787,0.183777,0.715436,,1472000,,
2,2,,0.202526,0.124981,0.672493,,1479900,,
2,2,,0.218439,0.074816,0.706744,,1529500,,
2,2,,0.419192,0.080998,0.49981,,1643400,,
2,2,,0.412524,0.023131,0.564345,,1454000,,
2,2,,0.283235,0.19479,0.521975,,1550700,,
2,2,,0.220139,0.088463,0.691398,,2358900,,
2,2,,0.151587,0.085069,0.763344,,2036100,,
2,2,,0.124803,0.191419,0.683778,,2787400,,
2,2,,0.116585,0.223839,0.659576,,2172400,,
2,2,,0.153501,0.181305,0.665195,,1514800,,
2,2,,0.139605,0.152401,0.707994,,1439200,,
2,2,,0.122794,0.224695,0.652511,,1455100,,
2,2,,0.162506,0.094118,0.743376,,1596100,,
2,2,,0.15898,0.070101,0.770919,,1543300,,
2,2,,0.178967,0.127043,0.69399,,1465900,,
2,2,,0.238259,0.16486,0.59688,,1449800,,
2,2,,0.093155,0.340194,0.566652,,1430100,,
2,2,,0.230867,0.078081,0.691052,,1440300,,
2,2,,0.39189,0.047058,0.561052,,1568300,,
2,2,,0.09955,0.295077,0.605373,,1437600,,
2,2,,0.076449,0.442907,0.480644,,1427300,,
2,2,,0.317939,0.053838,0.628223,,1427800,,
2,2,,0.088871,0.440249,0.47088,,1460100,,
2,2,,0.10561,0.344948,0.549442,,2018300,,
2,2,,0.357659,0.041766,0.600574,,1772500,,
2,2,,0.279446,0.083035,0.637519,,1674300,,
2,2,,0.119893,0.180766,0.699341,,1678100,,
2,2,,0.169964,0.331726,0.498311,,1680700,,
2,1,,0.105553,0.538815,0.355632,,1673400,,
2,2,,0.091802,0.450231,0.457967,,1700800,,
2,2,,0.154041,0.127811,0.718148,,1699900,,
2,2,,0.093539,0.23961,0.666851,,1672200,,
2,2,,0.270059,0.213905,0.516036,,1948100,,
2,2,,0.299773,0.078876,0.62135,,1990500,,
2,2,,0.106004,0.328367,0.565628,,2046000,,
2,2,,0.230243,0.162937,0.606821,,1999100,,
2,2,,0.277158,0.069477,0.653365,,1857200,,
2,2,,0.329774,0.020985,0.649241,,1696800,,
2,2,,0.091767,0.282847,0.625387,,1768000,,
2,2,,0.414274,0.028951,0.556774,,1679500,,
2,2,,0.3007,0.093979,0.605322,,1747600,,
2,2,,0.339062,0.024089,0.636849,,1695500,,
2,2,,0.225161,0.248311,0.526528,,1730300,,
2,2,,0.083944,0.340738,0.575317,,1702900,,
2,2,,0.089022,0.354356,0.556622,,1686900,,
2,2,,0.220666,0.054329,0.725005,,1680300,,
2,2,,0.296146,0.105077,0.598777,,1734100,,
2,2,,0.214079,0.190673,0.595248,,1760100,,
2,2,,0.232354,0.092156,0.675491,,1668800,,
2,2,,0.096861,0.420438,0.482701,,1669500,,
2,2,,0.155711,0.111805,0.732483,,1827900,,
2,2,,0.240614,0.124615,0.634771,,1705300,,
2,1,,0.120156,0.480175,0.399669,,1704800,,
2,2,,0.330904,0.044341,0.624755,,1674800,,
2,2,,0.333475,0.07733,0.589194,,1732900,,
