led-display,LADTree,test,1,NANOSECONDS,PREDICTIONS, Generated by ClassifierExperiments.java on 2022-05-16 13:24:15.    SYSTEMPROPERTIES:{user.name:matth,os.arch:amd64,os.name:Windows 10},ENDSYSTEMPROPERTIES
No parameter info
0.7047619047619048,10978900,33864100,-1,0,10,,-1,-1
0,0,,0.28962,0.022319,0.074483,0.033004,0.049883,0.041284,0.100376,0.102901,0.185585,0.100545,,518700,,
0,0,,0.28962,0.022319,0.074483,0.033004,0.049883,0.041284,0.100376,0.102901,0.185585,0.100545,,452100,,
0,0,,0.28962,0.022319,0.074483,0.033004,0.049883,0.041284,0.100376,0.102901,0.185585,0.100545,,449900,,
0,0,,0.28962,0.022319,0.074483,0.033004,0.049883,0.041284,0.100376,0.102901,0.185585,0.100545,,450900,,
0,8,,0.163173,0.008917,0.087542,0.072627,0.067291,0.056485,0.138416,0.034117,0.254903,0.116529,,449700,,
0,0,,0.28962,0.022319,0.074483,0.033004,0.049883,0.041284,0.100376,0.102901,0.185585,0.100545,,448400,,
0,0,,0.28962,0.022319,0.074483,0.033004,0.049883,0.041284,0.100376,0.102901,0.185585,0.100545,,485100,,
0,0,,0.28962,0.022319,0.074483,0.033004,0.049883,0.041284,0.100376,0.102901,0.185585,0.100545,,449800,,
0,0,,0.28962,0.022319,0.074483,0.033004,0.049883,0.041284,0.100376,0.102901,0.185585,0.100545,,451100,,
1,4,,0.08703,0.201981,0.022568,0.069988,0.206749,0.06984,0.03136,0.13675,0.064131,0.109602,,390500,,
1,1,,0.036009,0.304754,0.037983,0.062836,0.089955,0.151898,0.063578,0.210033,0.01822,0.024732,,314000,,
1,1,,0.036009,0.304754,0.037983,0.062836,0.089955,0.151898,0.063578,0.210033,0.01822,0.024732,,312400,,
1,1,,0.189843,0.190905,0.132449,0.05001,0.069685,0.010324,0.056774,0.155207,0.113873,0.030929,,312900,,
1,1,,0.052936,0.304534,0.034917,0.119586,0.124871,0.026445,0.005812,0.258969,0.024273,0.047655,,312600,,
1,1,,0.052936,0.304534,0.034917,0.119586,0.124871,0.026445,0.005812,0.258969,0.024273,0.047655,,315000,,
1,1,,0.052936,0.304534,0.034917,0.119586,0.124871,0.026445,0.005812,0.258969,0.024273,0.047655,,313600,,
1,1,,0.189843,0.190905,0.132449,0.05001,0.069685,0.010324,0.056774,0.155207,0.113873,0.030929,,313400,,
2,2,,0.081017,0.035428,0.500921,0.097498,0.024244,0.015049,0.043878,0.052749,0.122258,0.026959,,315400,,
2,2,,0.081017,0.035428,0.500921,0.097498,0.024244,0.015049,0.043878,0.052749,0.122258,0.026959,,313200,,
2,6,,0.067655,0.010444,0.238072,0.017681,0.048326,0.129627,0.287296,0.019186,0.137656,0.044057,,313300,,
2,2,,0.155758,0.070193,0.382291,0.040227,0.011097,0.008542,0.035095,0.185342,0.088837,0.022619,,312900,,
2,2,,0.081017,0.035428,0.500921,0.097498,0.024244,0.015049,0.043878,0.052749,0.122258,0.026959,,312200,,
2,2,,0.081017,0.035428,0.500921,0.097498,0.024244,0.015049,0.043878,0.052749,0.122258,0.026959,,312400,,
2,2,,0.077922,0.053852,0.485516,0.097158,0.039069,0.014443,0.042442,0.043233,0.120707,0.025659,,314400,,
2,2,,0.044397,0.032039,0.384649,0.067068,0.02189,0.08612,0.219789,0.055893,0.07643,0.011725,,317100,,
2,2,,0.081017,0.035428,0.500921,0.097498,0.024244,0.015049,0.043878,0.052749,0.122258,0.026959,,315700,,
2,2,,0.081017,0.035428,0.500921,0.097498,0.024244,0.015049,0.043878,0.052749,0.122258,0.026959,,314400,,
2,2,,0.077922,0.053852,0.485516,0.097158,0.039069,0.014443,0.042442,0.043233,0.120707,0.025659,,313300,,
3,1,,0.042819,0.288108,0.135365,0.118915,0.096753,0.022794,0.00358,0.228688,0.022365,0.040614,,316100,,
3,2,,0.132904,0.038139,0.185592,0.148956,0.033815,0.031372,0.089502,0.084177,0.185148,0.070395,,310700,,
3,9,,0.059066,0.026469,0.029091,0.168055,0.135776,0.141876,0.053021,0.085412,0.108021,0.193215,,309900,,
3,3,,0.021823,0.126498,0.062905,0.250143,0.227848,0.053239,0.02183,0.117024,0.040584,0.078105,,316900,,
3,7,,0.073093,0.165507,0.031613,0.070657,0.032618,0.204349,0.082223,0.275162,0.014128,0.05065,,312100,,
3,7,,0.097875,0.153063,0.036934,0.149179,0.041568,0.049706,0.014365,0.337201,0.028954,0.091155,,313500,,
3,3,,0.034837,0.065163,0.072009,0.294311,0.080002,0.081719,0.030125,0.155633,0.066934,0.119268,,311900,,
3,3,,0.034837,0.065163,0.072009,0.294311,0.080002,0.081719,0.030125,0.155633,0.066934,0.119268,,312300,,
3,7,,0.073093,0.165507,0.031613,0.070657,0.032618,0.204349,0.082223,0.275162,0.014128,0.05065,,313400,,
3,3,,0.034837,0.065163,0.072009,0.294311,0.080002,0.081719,0.030125,0.155633,0.066934,0.119268,,312100,,
3,7,,0.097875,0.153063,0.036934,0.149179,0.041568,0.049706,0.014365,0.337201,0.028954,0.091155,,314000,,
3,3,,0.034837,0.065163,0.072009,0.294311,0.080002,0.081719,0.030125,0.155633,0.066934,0.119268,,313300,,
4,4,,0.027112,0.053205,0.019348,0.070939,0.258348,0.256671,0.120026,0.032187,0.062148,0.100016,,311100,,
4,4,,0.08703,0.201981,0.022568,0.069988,0.206749,0.06984,0.03136,0.13675,0.064131,0.109602,,312600,,
4,4,,0.043091,0.068903,0.023244,0.127282,0.310065,0.105191,0.044771,0.055374,0.07896,0.14312,,314400,,
4,5,,0.012427,0.121629,0.061527,0.17272,0.186008,0.195361,0.092635,0.082328,0.027904,0.04746,,313200,,
4,4,,0.043091,0.068903,0.023244,0.127282,0.310065,0.105191,0.044771,0.055374,0.07896,0.14312,,312000,,
4,8,,0.14569,0.02873,0.08027,0.047701,0.200723,0.038064,0.131667,0.018859,0.220263,0.088035,,313700,,
4,4,,0.043091,0.068903,0.023244,0.127282,0.310065,0.105191,0.044771,0.055374,0.07896,0.14312,,314400,,
4,4,,0.027112,0.053205,0.019348,0.070939,0.258348,0.256671,0.120026,0.032187,0.062148,0.100016,,313200,,
4,4,,0.043091,0.068903,0.023244,0.127282,0.310065,0.105191,0.044771,0.055374,0.07896,0.14312,,315300,,
4,4,,0.027112,0.053205,0.019348,0.070939,0.258348,0.256671,0.120026,0.032187,0.062148,0.100016,,315000,,
4,4,,0.043091,0.068903,0.023244,0.127282,0.310065,0.105191,0.044771,0.055374,0.07896,0.14312,,312900,,
5,5,,0.031477,0.024178,0.021436,0.090957,0.112987,0.32862,0.13481,0.046475,0.079888,0.129173,,311700,,
5,5,,0.031477,0.024178,0.021436,0.090957,0.112987,0.32862,0.13481,0.046475,0.079888,0.129173,,342800,,
5,6,,0.09271,0.0064,0.060635,0.033436,0.049332,0.137531,0.356343,0.015303,0.17916,0.069148,,312800,,
5,5,,0.031477,0.024178,0.021436,0.090957,0.112987,0.32862,0.13481,0.046475,0.079888,0.129173,,315500,,
5,5,,0.031477,0.024178,0.021436,0.090957,0.112987,0.32862,0.13481,0.046475,0.079888,0.129173,,310300,,
5,5,,0.099809,0.072209,0.018119,0.039762,0.08114,0.271381,0.108618,0.153234,0.050016,0.105714,,309000,,
5,5,,0.031477,0.024178,0.021436,0.090957,0.112987,0.32862,0.13481,0.046475,0.079888,0.129173,,312600,,
5,5,,0.007393,0.059843,0.219893,0.166711,0.067814,0.23157,0.079137,0.09349,0.026258,0.047891,,311900,,
5,5,,0.031477,0.024178,0.021436,0.090957,0.112987,0.32862,0.13481,0.046475,0.079888,0.129173,,302100,,
5,5,,0.031477,0.024178,0.021436,0.090957,0.112987,0.32862,0.13481,0.046475,0.079888,0.129173,,302100,,
5,5,,0.012427,0.121629,0.061527,0.17272,0.186008,0.195361,0.092635,0.082328,0.027904,0.04746,,301700,,
6,6,,0.205824,0.020884,0.059134,0.008522,0.039466,0.11005,0.294208,0.079625,0.122238,0.060051,,303600,,
6,6,,0.205824,0.020884,0.059134,0.008522,0.039466,0.11005,0.294208,0.079625,0.122238,0.060051,,301800,,
6,6,,0.09271,0.0064,0.060635,0.033436,0.049332,0.137531,0.356343,0.015303,0.17916,0.069148,,302000,,
6,6,,0.09271,0.0064,0.060635,0.033436,0.049332,0.137531,0.356343,0.015303,0.17916,0.069148,,309600,,
6,6,,0.09271,0.0064,0.060635,0.033436,0.049332,0.137531,0.356343,0.015303,0.17916,0.069148,,302500,,
6,6,,0.09271,0.0064,0.060635,0.033436,0.049332,0.137531,0.356343,0.015303,0.17916,0.069148,,302100,,
6,0,,0.28962,0.022319,0.074483,0.033004,0.049883,0.041284,0.100376,0.102901,0.185585,0.100545,,304000,,
6,2,,0.03886,0.02793,0.227274,0.133794,0.117098,0.135171,0.033505,0.06207,0.07775,0.146549,,304200,,
6,5,,0.031477,0.024178,0.021436,0.090957,0.112987,0.32862,0.13481,0.046475,0.079888,0.129173,,302200,,
6,8,,0.163173,0.008917,0.087542,0.072627,0.067291,0.056485,0.138416,0.034117,0.254903,0.116529,,303400,,
7,7,,0.097875,0.153063,0.036934,0.149179,0.041568,0.049706,0.014365,0.337201,0.028954,0.091155,,303400,,
7,7,,0.046826,0.145297,0.156345,0.068744,0.030512,0.184416,0.059413,0.268641,0.009091,0.030717,,301700,,
7,2,,0.01033,0.114385,0.26853,0.22836,0.1259,0.055151,0.011011,0.088718,0.034427,0.063189,,302300,,
7,7,,0.097875,0.153063,0.036934,0.149179,0.041568,0.049706,0.014365,0.337201,0.028954,0.091155,,304800,,
7,1,,0.052936,0.304534,0.034917,0.119586,0.124871,0.026445,0.005812,0.258969,0.024273,0.047655,,302000,,
7,7,,0.061293,0.136697,0.220213,0.128209,0.036441,0.037633,0.004908,0.302544,0.014859,0.057203,,302900,,
7,7,,0.097875,0.153063,0.036934,0.149179,0.041568,0.049706,0.014365,0.337201,0.028954,0.091155,,303500,,
7,7,,0.097875,0.153063,0.036934,0.149179,0.041568,0.049706,0.014365,0.337201,0.028954,0.091155,,302400,,
7,0,,0.23385,0.083118,0.128916,0.061373,0.016961,0.022007,0.064861,0.2075,0.125707,0.055708,,302300,,
7,7,,0.13493,0.069411,0.021329,0.096186,0.097004,0.101306,0.039868,0.206411,0.071522,0.162033,,304300,,
7,0,,0.23385,0.083118,0.128916,0.061373,0.016961,0.022007,0.064861,0.2075,0.125707,0.055708,,300800,,
7,7,,0.097875,0.153063,0.036934,0.149179,0.041568,0.049706,0.014365,0.337201,0.028954,0.091155,,301200,,
8,2,,0.118199,0.014662,0.35459,0.040548,0.049381,0.043594,0.092104,0.020392,0.197669,0.06886,,301600,,
8,8,,0.163173,0.008917,0.087542,0.072627,0.067291,0.056485,0.138416,0.034117,0.254903,0.116529,,303600,,
8,8,,0.163173,0.008917,0.087542,0.072627,0.067291,0.056485,0.138416,0.034117,0.254903,0.116529,,301900,,
8,8,,0.163173,0.008917,0.087542,0.072627,0.067291,0.056485,0.138416,0.034117,0.254903,0.116529,,304000,,
8,8,,0.163173,0.008917,0.087542,0.072627,0.067291,0.056485,0.138416,0.034117,0.254903,0.116529,,302500,,
8,2,,0.22208,0.020674,0.288521,0.019866,0.037005,0.028532,0.06934,0.099738,0.151972,0.062273,,301900,,
8,2,,0.118199,0.014662,0.35459,0.040548,0.049381,0.043594,0.092104,0.020392,0.197669,0.06886,,301900,,
8,8,,0.163173,0.008917,0.087542,0.072627,0.067291,0.056485,0.138416,0.034117,0.254903,0.116529,,303400,,
8,3,,0.034837,0.065163,0.072009,0.294311,0.080002,0.081719,0.030125,0.155633,0.066934,0.119268,,301500,,
8,8,,0.163173,0.008917,0.087542,0.072627,0.067291,0.056485,0.138416,0.034117,0.254903,0.116529,,301900,,
8,6,,0.085397,0.011588,0.059289,0.019818,0.148912,0.108593,0.34297,0.009733,0.158598,0.055104,,301500,,
9,5,,0.099809,0.072209,0.018119,0.039762,0.08114,0.271381,0.108618,0.153234,0.050016,0.105714,,302200,,
9,9,,0.059066,0.026469,0.029091,0.168055,0.135776,0.141876,0.053021,0.085412,0.108021,0.193215,,301600,,
9,9,,0.059066,0.026469,0.029091,0.168055,0.135776,0.141876,0.053021,0.085412,0.108021,0.193215,,304000,,
9,3,,0.034837,0.065163,0.072009,0.294311,0.080002,0.081719,0.030125,0.155633,0.066934,0.119268,,305000,,
9,9,,0.059066,0.026469,0.029091,0.168055,0.135776,0.141876,0.053021,0.085412,0.108021,0.193215,,304800,,
9,9,,0.059066,0.026469,0.029091,0.168055,0.135776,0.141876,0.053021,0.085412,0.108021,0.193215,,302600,,
9,4,,0.033289,0.066407,0.183791,0.124493,0.196431,0.114832,0.033523,0.047318,0.075338,0.124579,,307200,,
9,9,,0.059066,0.026469,0.029091,0.168055,0.135776,0.141876,0.053021,0.085412,0.108021,0.193215,,304500,,
9,3,,0.034837,0.065163,0.072009,0.294311,0.080002,0.081719,0.030125,0.155633,0.066934,0.119268,,305500,,
9,4,,0.043091,0.068903,0.023244,0.127282,0.310065,0.105191,0.044771,0.055374,0.07896,0.14312,,303100,,