statlog-image,Tuned_CWT,test,4,NANOSECONDS,PREDICTIONS, Generated by ClassifierExperiments.java on 2022-05-16 02:16:04.    SYSTEMPROPERTIES:{user.name:matth,os.arch:amd64,os.name:Windows 10},ENDSYSTEMPROPERTIES
No parameter info
0.46320346320346323,217870100,299751600,-1,25241856,7,,-1,-1
0,6,,0.156619,0.023185,0.185021,0.035628,0.186977,0.085148,0.327421,,709500,,
0,6,,0.156619,0.023185,0.185021,0.035628,0.206977,0.085148,0.307421,,637300,,
0,1,,0.148233,0.346603,0.107839,0.137765,0.084234,0.125289,0.050037,,638600,,
0,6,,0.173929,0,0.201321,0.022866,0.228066,0.006926,0.366892,,634300,,
0,0,,0.191451,0.089031,0.177432,0.050667,0.150699,0.162758,0.177962,,632600,,
0,6,,0.196619,0.023185,0.185021,0.035628,0.186977,0.085148,0.287421,,633100,,
0,6,,0.143754,0.023185,0.210655,0.030911,0.200139,0.058565,0.332791,,630700,,
0,6,,0.196619,0.023185,0.185021,0.035628,0.186977,0.085148,0.287421,,631700,,
0,0,,0.190536,0.094739,0.152578,0.05499,0.145887,0.188466,0.172805,,630100,,
0,6,,0.196619,0.023185,0.185021,0.035628,0.186977,0.085148,0.287421,,630100,,
0,5,,0.188579,0.09454,0.142986,0.059966,0.136883,0.231172,0.145873,,627600,,
0,6,,0.181398,0.023185,0.185021,0.035628,0.1868,0.085148,0.302819,,631000,,
0,6,,0.156619,0.023185,0.205021,0.035628,0.186977,0.085148,0.307421,,631100,,
0,1,,0.204885,0.264886,0.115783,0.111583,0.1077,0.11514,0.080022,,631100,,
0,0,,0.211451,0.089031,0.197432,0.050667,0.150699,0.162758,0.137962,,663100,,
0,0,,0.203811,0.196803,0.178874,0.058706,0.148843,0.078162,0.134802,,629000,,
0,6,,0.163099,0.000426,0.207182,0.042124,0.190519,0.089142,0.307507,,640400,,
0,0,,0.191451,0.089031,0.157432,0.070667,0.150699,0.162758,0.177962,,647800,,
0,1,,0.155837,0.329739,0.120253,0.12275,0.09639,0.112706,0.062326,,647900,,
0,0,,0.207416,0.202244,0.184553,0.059198,0.154175,0.052454,0.13996,,652700,,
0,6,,0.156619,0.023185,0.185021,0.035628,0.186977,0.085148,0.327421,,650700,,
0,0,,0.216054,0.143185,0.157269,0.049203,0.149013,0.148466,0.136809,,653700,,
0,6,,0.196619,0.023185,0.205021,0.035628,0.186977,0.065148,0.287421,,837100,,
0,5,,0.165243,0.140419,0.12193,0.104778,0.083808,0.308081,0.075739,,656600,,
0,1,,0.14539,0.264972,0.117825,0.108431,0.09604,0.203011,0.064332,,653300,,
0,6,,0.196619,0.023185,0.185021,0.035628,0.186977,0.085148,0.287421,,651300,,
0,1,,0.183471,0.296036,0.12907,0.11603,0.085943,0.11514,0.074311,,651300,,
0,1,,0.180642,0.318335,0.120773,0.124923,0.077299,0.11514,0.062888,,644000,,
0,6,,0.176619,0.023185,0.185021,0.035628,0.206977,0.085148,0.287421,,649400,,
0,6,,0.196619,0.023185,0.185021,0.035628,0.206977,0.065148,0.287421,,644100,,
0,0,,0.207416,0.202244,0.184553,0.059198,0.154175,0.052454,0.13996,,642000,,
0,6,,0.183099,0.000426,0.187182,0.042124,0.190519,0.069142,0.327507,,642100,,
0,6,,0.163754,0.023185,0.210655,0.030911,0.200139,0.038565,0.332791,,644100,,
0,6,,0.196619,0.023185,0.185021,0.035628,0.186977,0.085148,0.287421,,645100,,
0,6,,0.183099,0.000426,0.207182,0.042124,0.190519,0.069142,0.307507,,637600,,
0,1,,0.180642,0.318335,0.120773,0.124923,0.077299,0.11514,0.062888,,645600,,
0,6,,0.176969,0.077477,0.162124,0.04488,0.153825,0.162758,0.221967,,654500,,
0,6,,0.196619,0.023185,0.185021,0.035628,0.186977,0.085148,0.287421,,678900,,
0,6,,0.196619,0.023185,0.185021,0.035628,0.186977,0.085148,0.287421,,643600,,
0,6,,0.183099,0.000426,0.187182,0.042124,0.190519,0.069142,0.327507,,650800,,
0,1,,0.180642,0.318335,0.120773,0.124923,0.077299,0.11514,0.062888,,629900,,
0,0,,0.226501,0.207952,0.159698,0.063521,0.149363,0.058162,0.134802,,629500,,
0,6,,0.176619,0.023185,0.185021,0.035628,0.206977,0.085148,0.287421,,629900,,
0,0,,0.208711,0.126094,0.142868,0.063707,0.136265,0.199866,0.12249,,633000,,
0,0,,0.191451,0.089031,0.177432,0.050667,0.150699,0.162758,0.177962,,667800,,
0,6,,0.156619,0.023185,0.185021,0.035628,0.186977,0.085148,0.327421,,665500,,
0,6,,0.189713,0.023185,0.192309,0.037822,0.203399,0.065491,0.288081,,633900,,
0,6,,0.141398,0.023185,0.205021,0.035628,0.1868,0.085148,0.322819,,633400,,
0,1,,0.175837,0.329739,0.120253,0.12275,0.07639,0.112706,0.062326,,634700,,
0,1,,0.185296,0.284681,0.13878,0.107313,0.095564,0.103741,0.084625,,637100,,
0,6,,0.149872,0.000426,0.229098,0.037576,0.227591,0.042559,0.312877,,631300,,
0,6,,0.196619,0.023185,0.185021,0.035628,0.186977,0.085148,0.287421,,632800,,
0,0,,0.196969,0.137477,0.182124,0.04488,0.153825,0.142758,0.141967,,630700,,
0,1,,0.161287,0.265376,0.099845,0.109771,0.094671,0.203011,0.066039,,639700,,
0,6,,0.183099,0.000426,0.187182,0.042124,0.190519,0.069142,0.327507,,632400,,
0,1,,0.173147,0.298589,0.119429,0.117934,0.075869,0.152706,0.062326,,635500,,
0,6,,0.156619,0.023185,0.185021,0.035628,0.186977,0.085148,0.327421,,633200,,
0,1,,0.153558,0.340889,0.112471,0.133566,0.088996,0.119575,0.050946,,640100,,
0,2,,0.196969,0.117477,0.19956,0.04488,0.136389,0.162758,0.141967,,633500,,
0,1,,0.166805,0.233822,0.121973,0.103985,0.080362,0.223011,0.070043,,635100,,
0,5,,0.191842,0.100248,0.142878,0.062546,0.135056,0.225574,0.141856,,633100,,
0,6,,0.156619,0.023185,0.205021,0.035628,0.186977,0.085148,0.307421,,655000,,
0,0,,0.244726,0.151095,0.183729,0.054383,0.153654,0.072454,0.13996,,635500,,
0,6,,0.196619,0.023185,0.185021,0.035628,0.186977,0.085148,0.287421,,636200,,
0,6,,0.196619,0.023185,0.185021,0.035628,0.186977,0.085148,0.287421,,633300,,
0,6,,0.123118,0.077477,0.170911,0.045573,0.172757,0.103102,0.307062,,633700,,
1,1,,0.055494,0.570573,0.061842,0.178171,0.016186,0.113927,0.003807,,635300,,
1,1,,0.055494,0.570573,0.041842,0.178171,0.016186,0.133927,0.003807,,635400,,
1,1,,0.055494,0.570573,0.021842,0.198171,0.016186,0.133927,0.003807,,634600,,
1,1,,0.055494,0.550573,0.021842,0.218171,0.016186,0.133927,0.003807,,640600,,
1,1,,0.055494,0.570573,0.021842,0.198171,0.016186,0.133927,0.003807,,639800,,
1,1,,0.055494,0.570573,0.041842,0.178171,0.016186,0.133927,0.003807,,644800,,
1,1,,0.055494,0.590573,0.021842,0.198171,0.016186,0.113927,0.003807,,634400,,
1,1,,0.055494,0.570573,0.061842,0.178171,0.016186,0.113927,0.003807,,635000,,
1,1,,0.037144,0.381179,0.016626,0.172126,0.015341,0.366941,0.010642,,644900,,
1,1,,0.045047,0.445806,0.059413,0.163852,0.015836,0.264232,0.005814,,637900,,
1,1,,0.055494,0.590573,0.021842,0.198171,0.016186,0.113927,0.003807,,643700,,
1,1,,0.055494,0.590573,0.021842,0.198171,0.016186,0.113927,0.003807,,635100,,
1,1,,0.055494,0.570573,0.021842,0.198171,0.016186,0.133927,0.003807,,634900,,
1,1,,0.055494,0.570573,0.021842,0.198171,0.016186,0.133927,0.003807,,635400,,
1,1,,0.055494,0.570573,0.061842,0.178171,0.016186,0.113927,0.003807,,633700,,
1,1,,0.045047,0.505806,0.019413,0.183852,0.015836,0.224232,0.005814,,636900,,
1,1,,0.055494,0.590573,0.021842,0.198171,0.016186,0.113927,0.003807,,639900,,
1,1,,0.055494,0.590573,0.041842,0.178171,0.016186,0.113927,0.003807,,636100,,
1,1,,0.055494,0.590573,0.041842,0.178171,0.016186,0.113927,0.003807,,660800,,
1,1,,0.055494,0.570573,0.061842,0.178171,0.016186,0.113927,0.003807,,634700,,
1,1,,0.055494,0.570573,0.041842,0.178171,0.016186,0.133927,0.003807,,643500,,
1,1,,0.055494,0.590573,0.041842,0.178171,0.016186,0.113927,0.003807,,633300,,
1,1,,0.055494,0.590573,0.021842,0.198171,0.016186,0.113927,0.003807,,629200,,
1,1,,0.055494,0.570573,0.041842,0.178171,0.016186,0.133927,0.003807,,631000,,
1,1,,0.055494,0.590573,0.021842,0.198171,0.016186,0.113927,0.003807,,633000,,
1,1,,0.055494,0.590573,0.021842,0.198171,0.016186,0.113927,0.003807,,630200,,
1,1,,0.055494,0.590573,0.021842,0.198171,0.016186,0.113927,0.003807,,631900,,
1,1,,0.055494,0.590573,0.021842,0.198171,0.016186,0.113927,0.003807,,633900,,
1,1,,0.055494,0.590573,0.021842,0.198171,0.016186,0.113927,0.003807,,633400,,
1,1,,0.055494,0.570573,0.021842,0.198171,0.016186,0.133927,0.003807,,631900,,
1,1,,0.052804,0.539424,0.061017,0.173355,0.015665,0.153927,0.003807,,631000,,
1,1,,0.055494,0.570573,0.021842,0.198171,0.016186,0.133927,0.003807,,650100,,
1,1,,0.055494,0.570573,0.041842,0.178171,0.016186,0.133927,0.003807,,631500,,
1,1,,0.045047,0.485806,0.019413,0.183852,0.015836,0.244232,0.005814,,633400,,
1,1,,0.055494,0.590573,0.021842,0.198171,0.016186,0.113927,0.003807,,630900,,
1,1,,0.055494,0.590573,0.021842,0.198171,0.016186,0.113927,0.003807,,629300,,
1,1,,0.055494,0.590573,0.041842,0.178171,0.016186,0.113927,0.003807,,631000,,
1,1,,0.055494,0.590573,0.021842,0.198171,0.016186,0.113927,0.003807,,634600,,
1,1,,0.055494,0.590573,0.041842,0.178171,0.016186,0.113927,0.003807,,634200,,
1,1,,0.055494,0.590573,0.021842,0.198171,0.016186,0.113927,0.003807,,629900,,
1,1,,0.055494,0.590573,0.041842,0.178171,0.016186,0.113927,0.003807,,628100,,
1,1,,0.055494,0.590573,0.041842,0.178171,0.016186,0.113927,0.003807,,630900,,
1,1,,0.055494,0.550573,0.021842,0.218171,0.016186,0.133927,0.003807,,655200,,
1,1,,0.055494,0.570573,0.061842,0.178171,0.016186,0.113927,0.003807,,630600,,
1,1,,0.055494,0.590573,0.021842,0.198171,0.016186,0.113927,0.003807,,635800,,
1,1,,0.055494,0.550573,0.021842,0.218171,0.016186,0.133927,0.003807,,635600,,
1,1,,0.055494,0.590573,0.021842,0.198171,0.016186,0.113927,0.003807,,633600,,
1,1,,0.055494,0.550573,0.021842,0.218171,0.016186,0.133927,0.003807,,633900,,
1,1,,0.055494,0.590573,0.041842,0.178171,0.016186,0.113927,0.003807,,635200,,
1,1,,0.055494,0.570573,0.041842,0.178171,0.016186,0.133927,0.003807,,646000,,
1,1,,0.055494,0.590573,0.021842,0.198171,0.016186,0.113927,0.003807,,636100,,
1,1,,0.055494,0.570573,0.041842,0.178171,0.016186,0.133927,0.003807,,635000,,
1,1,,0.055494,0.570573,0.061842,0.178171,0.016186,0.113927,0.003807,,632400,,
1,1,,0.045047,0.485806,0.039413,0.163852,0.015836,0.244232,0.005814,,634800,,
1,1,,0.045047,0.525806,0.039413,0.163852,0.015836,0.204232,0.005814,,633500,,
1,1,,0.055494,0.590573,0.041842,0.178171,0.016186,0.113927,0.003807,,637000,,
1,1,,0.055494,0.570573,0.061842,0.178171,0.016186,0.113927,0.003807,,628100,,
1,1,,0.055494,0.570573,0.021842,0.198171,0.016186,0.133927,0.003807,,632400,,
1,1,,0.055494,0.570573,0.041842,0.178171,0.016186,0.133927,0.003807,,639800,,
1,1,,0.055494,0.590573,0.041842,0.178171,0.016186,0.113927,0.003807,,634300,,
1,1,,0.055494,0.590573,0.041842,0.178171,0.016186,0.113927,0.003807,,635200,,
1,1,,0.055494,0.550573,0.021842,0.218171,0.016186,0.133927,0.003807,,639700,,
1,5,,0.034455,0.37003,0.015802,0.16731,0.014821,0.386941,0.010642,,632100,,
1,1,,0.055494,0.590573,0.041842,0.178171,0.016186,0.113927,0.003807,,627600,,
1,1,,0.055494,0.590573,0.021842,0.198171,0.016186,0.113927,0.003807,,628900,,
1,1,,0.055494,0.570573,0.021842,0.198171,0.016186,0.133927,0.003807,,655800,,
2,6,,0.158632,0,0.232003,0.019081,0.265942,0,0.324342,,639100,,
2,6,,0.136969,0.077477,0.19956,0.04488,0.156389,0.162758,0.221967,,638400,,
2,6,,0.143393,0.023185,0.206937,0.031081,0.224049,0.038565,0.332791,,635700,,
2,6,,0.119803,0.077477,0.165624,0.04488,0.167491,0.122758,0.301967,,629800,,
2,6,,0.149872,0.000426,0.220248,0.037576,0.256441,0.042559,0.292877,,631500,,
2,6,,0.135015,0.045944,0.205565,0.04325,0.186737,0.082121,0.301368,,629100,,
2,6,,0.158632,0,0.232003,0.019081,0.265942,0,0.324342,,632200,,
2,2,,0.136969,0.097477,0.297953,0.045237,0.137639,0.142758,0.141967,,631700,,
2,6,,0.143754,0.023185,0.261806,0.030911,0.228988,0.038565,0.272791,,627200,,
2,6,,0.151738,0,0.225918,0.017505,0.248533,0,0.356307,,630300,,
2,6,,0.151907,0,0.232288,0.017674,0.263063,0,0.335068,,630900,,
2,6,,0.150492,0,0.211863,0.016049,0.242464,0,0.379131,,629300,,
2,5,,0.083146,0.154506,0.16334,0.09977,0.103671,0.286536,0.109031,,635700,,
2,6,,0.150492,0,0.211863,0.016049,0.242464,0,0.379131,,630000,,
2,6,,0.144843,0,0.18729,0.029523,0.239956,0.019878,0.37851,,630300,,
2,6,,0.151907,0,0.232288,0.017674,0.243063,0,0.355068,,630900,,
2,6,,0.150492,0,0.211863,0.016049,0.242464,0,0.379131,,629400,,
2,6,,0.126433,0.046073,0.207353,0.048,0.226872,0.112768,0.232501,,635300,,
2,6,,0.151738,0,0.245918,0.017505,0.248533,0,0.336307,,630400,,
2,6,,0.150492,0,0.231863,0.016049,0.242464,0,0.359131,,632600,,
2,6,,0.158632,0,0.232003,0.019081,0.265942,0,0.324342,,632200,,
2,6,,0.151907,0,0.232288,0.017674,0.263063,0,0.335068,,641600,,
2,5,,0.092022,0.137648,0.221944,0.088363,0.121014,0.253959,0.085049,,636400,,
2,6,,0.150492,0,0.211863,0.016049,0.242464,0,0.379131,,658700,,
2,6,,0.151907,0,0.232288,0.017674,0.263063,0,0.335068,,637100,,
2,6,,0.126433,0.046073,0.207353,0.048,0.206872,0.112768,0.252501,,633200,,
2,6,,0.151907,0,0.232288,0.017674,0.263063,0,0.335068,,630800,,
2,2,,0.096738,0.199647,0.240132,0.088849,0.101289,0.162629,0.110717,,641400,,
2,5,,0.077627,0.149071,0.156762,0.115784,0.097867,0.346103,0.056786,,638300,,
2,1,,0.06816,0.494618,0.084566,0.157139,0.039341,0.131893,0.024283,,638800,,
2,6,,0.151738,0,0.225918,0.017505,0.248533,0,0.356307,,634800,,
2,1,,0.057148,0.508471,0.06616,0.171125,0.021784,0.171893,0.003418,,634200,,
2,6,,0.151907,0,0.252288,0.017674,0.243063,0,0.335068,,638600,,
2,6,,0.135015,0.045944,0.236716,0.04325,0.195586,0.082121,0.261368,,630300,,
2,6,,0.158632,0,0.232003,0.019081,0.265942,0,0.324342,,632900,,
2,6,,0.158632,0,0.232003,0.019081,0.265942,0,0.324342,,631500,,
2,6,,0.158632,0,0.252003,0.019081,0.245942,0,0.324342,,632700,,
2,2,,0.150234,0.000426,0.303966,0.037407,0.23253,0.042559,0.232877,,635100,,
2,6,,0.151907,0,0.252288,0.017674,0.243063,0,0.335068,,629700,,
2,6,,0.151738,0,0.245918,0.017505,0.248533,0,0.336307,,631200,,
2,1,,0.045085,0.495329,0.040277,0.166609,0.015532,0.231571,0.005597,,632800,,
2,6,,0.150492,0,0.211863,0.016049,0.242464,0,0.379131,,646400,,
2,1,,0.107619,0.287315,0.164723,0.115993,0.110025,0.103747,0.110578,,639900,,
2,2,,0.143012,0.023185,0.265908,0.031081,0.245458,0.058565,0.232791,,637400,,
2,6,,0.151738,0,0.245918,0.017505,0.248533,0,0.336307,,636000,,
2,6,,0.150492,0,0.211863,0.016049,0.242464,0,0.379131,,635500,,
2,2,,0.123744,0.088541,0.276192,0.045617,0.176382,0.067962,0.221564,,635900,,
2,6,,0.150492,0,0.211863,0.016049,0.242464,0,0.379131,,643800,,
2,6,,0.143393,0.023185,0.206937,0.031081,0.244049,0.038565,0.312791,,634200,,
2,2,,0.120691,0.162244,0.235988,0.057792,0.180145,0.032454,0.210686,,634500,,
2,6,,0.151738,0,0.225918,0.017505,0.248533,0,0.356307,,635800,,
2,2,,0.150234,0.000426,0.303966,0.037407,0.23253,0.042559,0.232877,,635400,,
2,6,,0.151907,0,0.252288,0.017674,0.243063,0,0.335068,,635400,,
2,6,,0.150492,0,0.211863,0.016049,0.242464,0,0.379131,,632100,,
2,6,,0.144843,0,0.20729,0.018095,0.239956,0.011306,0.37851,,634500,,
2,6,,0.150492,0,0.211863,0.016049,0.262464,0,0.359131,,629400,,
2,6,,0.136969,0.077477,0.19956,0.04488,0.156389,0.162758,0.221967,,632500,,
2,6,,0.151738,0,0.225918,0.017505,0.248533,0,0.356307,,630400,,
2,2,,0.136969,0.097477,0.27071,0.04488,0.145238,0.122758,0.181967,,641300,,
2,6,,0.150234,0.000426,0.263966,0.037407,0.23253,0.042559,0.272877,,634300,,
2,6,,0.143393,0.023185,0.206937,0.031081,0.224049,0.038565,0.332791,,631800,,
2,6,,0.152269,0,0.256006,0.017505,0.239152,0,0.335068,,635300,,
2,2,,0.158994,0,0.286872,0.018912,0.250881,0,0.284342,,633500,,
2,2,,0.138001,0.131095,0.272599,0.052976,0.142189,0.072454,0.190686,,636300,,
2,6,,0.151907,0,0.232288,0.017674,0.243063,0,0.355068,,628800,,
2,2,,0.136969,0.077477,0.25071,0.04488,0.165238,0.142758,0.181967,,641400,,
3,1,,0.082034,0.463724,0.063277,0.173392,0.040136,0.151893,0.025544,,633500,,
3,5,,0.040864,0.211626,0.057355,0.15879,0.039389,0.456213,0.035762,,635100,,
3,1,,0.045047,0.445806,0.039413,0.163852,0.015836,0.284232,0.005814,,640300,,
3,5,,0.060864,0.211626,0.057355,0.13879,0.059389,0.436213,0.035762,,632300,,
3,1,,0.062667,0.517322,0.055282,0.187048,0.030949,0.131893,0.01484,,652500,,
3,5,,0.176969,0.077477,0.17956,0.04488,0.136389,0.202758,0.181967,,632200,,
3,5,,0.126905,0.157537,0.106833,0.106066,0.068452,0.351362,0.082845,,631100,,
3,1,,0.055494,0.570573,0.061842,0.178171,0.016186,0.113927,0.003807,,642300,,
3,5,,0.080864,0.211626,0.057355,0.13879,0.039389,0.436213,0.035762,,636100,,
3,1,,0.062667,0.517322,0.075282,0.167048,0.030949,0.131893,0.01484,,633900,,
3,1,,0.055494,0.570573,0.061842,0.178171,0.016186,0.113927,0.003807,,637100,,
3,5,,0.056703,0.211756,0.052997,0.12393,0.035594,0.487617,0.031404,,631400,,
3,5,,0.041628,0.276778,0.049242,0.156187,0.029584,0.424907,0.021674,,630500,,
3,5,,0.031633,0.307326,0.035096,0.158753,0.014918,0.438248,0.014025,,632700,,
3,1,,0.07222,0.392555,0.052853,0.152729,0.030599,0.282197,0.016847,,632400,,
3,1,,0.045047,0.505806,0.059413,0.163852,0.015836,0.204232,0.005814,,630900,,
3,1,,0.045047,0.445806,0.039413,0.183852,0.015836,0.264232,0.005814,,629300,,
3,1,,0.055494,0.570573,0.061842,0.178171,0.016186,0.113927,0.003807,,629900,,
3,1,,0.059977,0.486172,0.054457,0.182232,0.030428,0.171893,0.01484,,630500,,
3,1,,0.062642,0.506172,0.079875,0.162926,0.036214,0.131893,0.020279,,639100,,
3,1,,0.094278,0.390106,0.061672,0.163889,0.040307,0.222197,0.027551,,634600,,
3,5,,0.038807,0.234075,0.048536,0.147631,0.029681,0.476213,0.025058,,634700,,
3,5,,0.026214,0.265008,0.03427,0.154359,0.015565,0.489308,0.015275,,633800,,
3,6,,0.17132,0.097477,0.154986,0.046926,0.153881,0.174064,0.201346,,635200,,
3,1,,0.104724,0.434873,0.064101,0.178207,0.040657,0.151893,0.025544,,639600,,
3,5,,0.060864,0.211626,0.057355,0.13879,0.039389,0.456213,0.035762,,631400,,
3,1,,0.045085,0.415329,0.040277,0.186609,0.015532,0.291571,0.005597,,632900,,
3,1,,0.05222,0.372555,0.052853,0.172729,0.030599,0.302197,0.016847,,639800,,
3,5,,0.096548,0.169091,0.072978,0.118455,0.09507,0.398303,0.049555,,652700,,
3,1,,0.056908,0.559424,0.04599,0.193724,0.020508,0.113927,0.009519,,638800,,
3,1,,0.052804,0.539424,0.041017,0.193355,0.015665,0.153927,0.003807,,629400,,
3,1,,0.05222,0.392555,0.052853,0.172729,0.030599,0.282197,0.016847,,632200,,
3,1,,0.055494,0.570573,0.061842,0.178171,0.016186,0.113927,0.003807,,628100,,
3,1,,0.055494,0.530573,0.041842,0.198171,0.016186,0.153927,0.003807,,638500,,
3,5,,0.044318,0.287928,0.050066,0.161003,0.030105,0.404907,0.021674,,638300,,
3,5,,0.031633,0.307326,0.055096,0.138753,0.014918,0.438248,0.014025,,637000,,
3,1,,0.058323,0.528274,0.050139,0.189278,0.02483,0.133927,0.01523,,631000,,
3,5,,0.060864,0.211626,0.057355,0.13879,0.039389,0.456213,0.035762,,633700,,
3,5,,0.038781,0.242925,0.053129,0.143509,0.034947,0.456213,0.030497,,627900,,
3,5,,0.060864,0.191626,0.057355,0.11879,0.079389,0.456213,0.035762,,631900,,
3,1,,0.042915,0.394957,0.039275,0.184873,0.01656,0.315562,0.005857,,631700,,
3,1,,0.131657,0.369864,0.097027,0.141684,0.054143,0.162946,0.042678,,629300,,
3,5,,0.060864,0.211626,0.057355,0.13879,0.059389,0.436213,0.035762,,630700,,
3,1,,0.10206,0.454873,0.038684,0.197514,0.034871,0.151893,0.020106,,630900,,
3,1,,0.072195,0.381405,0.057446,0.168607,0.035864,0.262197,0.022286,,628800,,
3,1,,0.045047,0.405806,0.039413,0.183852,0.015836,0.304232,0.005814,,630400,,
3,1,,0.062667,0.497322,0.055282,0.187048,0.030949,0.151893,0.01484,,628900,,
3,1,,0.055532,0.540096,0.062706,0.180927,0.015882,0.141266,0.003591,,631600,,
3,1,,0.102034,0.423724,0.063277,0.173392,0.040136,0.171893,0.025544,,640100,,
3,1,,0.042915,0.394957,0.039275,0.184873,0.01656,0.315562,0.005857,,633200,,
3,1,,0.055494,0.570573,0.061842,0.178171,0.016186,0.113927,0.003807,,635100,,
3,1,,0.05222,0.452555,0.052853,0.172729,0.030599,0.222197,0.016847,,654100,,
3,1,,0.055494,0.570573,0.061842,0.178171,0.016186,0.113927,0.003807,,633800,,
3,1,,0.072195,0.381405,0.057446,0.148607,0.035864,0.282197,0.022286,,634600,,
3,1,,0.055494,0.550573,0.061842,0.178171,0.016186,0.133927,0.003807,,636700,,
3,6,,0.15661,0.023185,0.194619,0.037529,0.194479,0.065491,0.328087,,632600,,
3,1,,0.10206,0.434873,0.038684,0.197514,0.034871,0.171893,0.020106,,632700,,
3,5,,0.038807,0.274075,0.048536,0.147631,0.029681,0.436213,0.025058,,628500,,
3,1,,0.100771,0.327396,0.064012,0.149222,0.083857,0.247104,0.027638,,630000,,
3,5,,0.031633,0.287326,0.055096,0.138753,0.014918,0.458248,0.014025,,631900,,
3,1,,0.045047,0.445806,0.059413,0.163852,0.015836,0.264232,0.005814,,630700,,
3,1,,0.054278,0.410106,0.061672,0.163889,0.060307,0.222197,0.027551,,632500,,
3,1,,0.055494,0.550573,0.041842,0.178171,0.016186,0.153927,0.003807,,632700,,
3,1,,0.050806,0.403704,0.048704,0.177176,0.026277,0.282197,0.011136,,633500,,
3,5,,0.085489,0.157537,0.08924,0.149083,0.085881,0.322741,0.110029,,630500,,
3,6,,0.119803,0.077477,0.165624,0.04488,0.167491,0.122758,0.301967,,631400,,
4,6,,0.144843,0,0.18729,0.029523,0.239956,0.019878,0.37851,,631600,,
4,5,,0.144011,0.13491,0.142554,0.09511,0.101631,0.299667,0.082117,,632000,,
4,2,,0.139803,0.077477,0.23421,0.04488,0.218905,0.122758,0.161967,,634600,,
4,6,,0.144843,0,0.18729,0.029523,0.239956,0.019878,0.37851,,631200,,
4,5,,0.136738,0.159647,0.161739,0.088492,0.140039,0.222629,0.090717,,636200,,
4,6,,0.144843,0,0.18729,0.029523,0.239956,0.019878,0.37851,,629700,,
4,4,,0.136969,0.117477,0.21071,0.04488,0.225238,0.122758,0.141967,,631300,,
4,5,,0.058387,0.211216,0.105917,0.131709,0.086489,0.369813,0.03647,,630800,,
4,6,,0.156969,0.077477,0.15956,0.04488,0.196389,0.162758,0.201967,,631300,,
4,4,,0.139803,0.077477,0.19421,0.04488,0.238905,0.122758,0.181967,,635200,,
4,4,,0.158632,0,0.283154,0.019081,0.294791,0,0.244342,,630100,,
4,5,,0.070179,0.19162,0.100401,0.13268,0.062842,0.409813,0.032465,,634300,,
4,5,,0.151661,0.134609,0.140663,0.090012,0.101222,0.248337,0.133497,,631800,,
4,2,,0.136969,0.117477,0.21071,0.04488,0.205238,0.142758,0.141967,,631000,,
4,2,,0.136969,0.077477,0.29071,0.04488,0.145238,0.162758,0.141967,,630600,,
4,6,,0.144843,0,0.20729,0.018095,0.239956,0.011306,0.37851,,627500,,
4,5,,0.118152,0.148497,0.197038,0.084045,0.153211,0.202629,0.096428,,631000,,
4,2,,0.175015,0.045944,0.236716,0.04325,0.215586,0.082121,0.201368,,632600,,
4,2,,0.159288,0.034564,0.25333,0.034419,0.248056,0.043263,0.227079,,627900,,
4,5,,0.124011,0.13491,0.151404,0.09511,0.092781,0.299667,0.102117,,632800,,
4,6,,0.158463,0,0.225633,0.018912,0.251412,0,0.345581,,630600,,
4,2,,0.137324,0.077093,0.245361,0.048066,0.228667,0.042121,0.221368,,630600,,
4,4,,0.173159,0.119691,0.216731,0.051839,0.219781,0.027962,0.190837,,630300,,
4,6,,0.150492,0,0.211863,0.016049,0.242464,0,0.379131,,631000,,
4,6,,0.159803,0.077477,0.16306,0.04488,0.170056,0.122758,0.261967,,637300,,
4,6,,0.158632,0,0.232003,0.019081,0.245942,0,0.344342,,629100,,
4,6,,0.144843,0,0.18729,0.029523,0.239956,0.019878,0.37851,,628900,,
4,2,,0.173159,0.119691,0.236731,0.051839,0.199781,0.027962,0.190837,,638100,,
4,6,,0.151738,0,0.225918,0.017505,0.248533,0,0.356307,,635000,,
4,6,,0.144843,0,0.18729,0.029523,0.239956,0.019878,0.37851,,632500,,
4,2,,0.156969,0.077477,0.21956,0.04488,0.156389,0.162758,0.181967,,633600,,
4,6,,0.144843,0,0.20729,0.018095,0.239956,0.011306,0.37851,,632500,,
4,6,,0.149872,0.000426,0.209098,0.037576,0.227591,0.042559,0.332877,,637500,,
4,6,,0.144843,0,0.18729,0.029523,0.239956,0.019878,0.37851,,669800,,
4,4,,0.156969,0.117477,0.19071,0.04488,0.205238,0.142758,0.141967,,632000,,
4,4,,0.144974,0.011554,0.198322,0.041836,0.308187,0,0.295127,,635600,,
4,6,,0.143393,0.023185,0.206937,0.031081,0.224049,0.038565,0.332791,,633200,,
4,2,,0.176969,0.097477,0.23071,0.04488,0.165238,0.142758,0.141967,,633600,,
4,2,,0.156969,0.077477,0.23956,0.04488,0.156389,0.162758,0.161967,,635300,,
4,2,,0.173159,0.119691,0.236731,0.051839,0.199781,0.027962,0.190837,,633300,,
4,6,,0.144843,0,0.18729,0.029523,0.239956,0.019878,0.37851,,631800,,
4,4,,0.129869,0.142244,0.207024,0.059198,0.229251,0.032454,0.19996,,636700,,
4,4,,0.169869,0.142244,0.207024,0.059198,0.209251,0.032454,0.17996,,635800,,
4,6,,0.144843,0,0.18729,0.029523,0.239956,0.019878,0.37851,,637600,,
4,5,,0.125425,0.123356,0.151122,0.088954,0.111065,0.319667,0.08041,,636400,,
4,5,,0.171451,0.089031,0.186019,0.050667,0.142112,0.202758,0.157962,,635400,,
4,2,,0.156969,0.097477,0.23956,0.04488,0.156389,0.142758,0.161967,,638800,,
4,6,,0.143393,0.023185,0.206937,0.031081,0.224049,0.038565,0.332791,,632000,,
4,2,,0.139422,0.077477,0.262031,0.04488,0.171465,0.122758,0.181967,,628700,,
4,6,,0.144843,0,0.20729,0.018095,0.239956,0.011306,0.37851,,636000,,
4,2,,0.176969,0.077477,0.21071,0.04488,0.165238,0.162758,0.161967,,635400,,
4,6,,0.152269,0,0.236006,0.017505,0.239152,0,0.355068,,633200,,
4,5,,0.113644,0.196505,0.156094,0.09898,0.146072,0.208337,0.080368,,634800,,
4,6,,0.150492,0,0.211863,0.016049,0.242464,0,0.379131,,643000,,
4,2,,0.156969,0.077477,0.19956,0.04488,0.196389,0.162758,0.161967,,639400,,
4,6,,0.144843,0,0.20729,0.018095,0.239956,0.011306,0.37851,,631400,,
4,5,,0.119566,0.177348,0.181186,0.079599,0.157533,0.182629,0.102139,,647900,,
4,6,,0.150492,0,0.211863,0.016049,0.242464,0,0.379131,,626800,,
4,6,,0.144843,0,0.18729,0.029523,0.239956,0.019878,0.37851,,630600,,
4,6,,0.176969,0.077477,0.162124,0.04488,0.153825,0.162758,0.221967,,628300,,
4,4,,0.144974,0.011554,0.198322,0.033264,0.308187,0.008571,0.295127,,630400,,
4,6,,0.151738,0,0.225918,0.017505,0.248533,0,0.356307,,633000,,
4,6,,0.144843,0,0.20729,0.018095,0.239956,0.011306,0.37851,,630100,,
4,6,,0.151738,0,0.225918,0.017505,0.248533,0,0.356307,,632100,,
4,6,,0.159803,0.077477,0.196774,0.04488,0.196341,0.122758,0.201967,,633000,,
4,6,,0.119803,0.077477,0.165624,0.04488,0.187491,0.122758,0.281967,,631300,,
5,5,,0.053388,0.211756,0.04771,0.123236,0.030328,0.507273,0.026308,,632500,,
5,5,,0.041393,0.243009,0.033308,0.130564,0.015769,0.520639,0.015318,,631100,,
5,5,,0.025737,0.232056,0.058451,0.128335,0.021888,0.518604,0.014929,,639600,,
5,5,,0.040864,0.191626,0.057355,0.13879,0.039389,0.496213,0.035762,,637600,,
5,5,,0.101385,0.157537,0.101703,0.128714,0.063602,0.362741,0.084318,,634900,,
5,5,,0.033388,0.211756,0.04771,0.143236,0.030328,0.507273,0.026308,,636400,,
5,5,,0.033388,0.211756,0.04771,0.143236,0.030328,0.507273,0.026308,,638400,,
5,5,,0.053388,0.231756,0.04771,0.123236,0.030328,0.487273,0.026308,,630300,,
5,5,,0.033388,0.211756,0.04771,0.143236,0.030328,0.507273,0.026308,,631200,,
5,5,,0.041393,0.223009,0.033308,0.130564,0.015769,0.540639,0.015318,,630700,,
5,5,,0.060864,0.191626,0.057355,0.11879,0.039389,0.496213,0.035762,,636200,,
5,5,,0.040864,0.211626,0.057355,0.13879,0.039389,0.476213,0.035762,,637600,,
5,5,,0.036703,0.211756,0.052997,0.14393,0.035594,0.487617,0.031404,,633900,,
5,5,,0.033388,0.211756,0.04771,0.143236,0.030328,0.507273,0.026308,,640800,,
5,5,,0.060864,0.211626,0.057355,0.11879,0.039389,0.476213,0.035762,,646200,,
5,5,,0.053388,0.211756,0.04771,0.123236,0.030328,0.507273,0.026308,,630600,,
5,5,,0.040864,0.231626,0.057355,0.13879,0.039389,0.456213,0.035762,,631100,,
5,5,,0.033388,0.231756,0.04771,0.143236,0.030328,0.487273,0.026308,,630600,,
5,5,,0.049283,0.211756,0.042737,0.122867,0.025486,0.527273,0.020597,,629500,,
5,5,,0.021431,0.232532,0.054172,0.133321,0.015465,0.527978,0.015102,,705500,,
5,5,,0.040864,0.211626,0.057355,0.13879,0.039389,0.476213,0.035762,,725100,,
5,5,,0.040864,0.191626,0.057355,0.13879,0.079389,0.456213,0.035762,,717300,,
5,5,,0.053388,0.211756,0.04771,0.123236,0.030328,0.507273,0.026308,,717600,,
5,5,,0.021393,0.243009,0.053308,0.130564,0.015769,0.520639,0.015318,,719200,,
5,5,,0.021393,0.243009,0.033308,0.130564,0.015769,0.540639,0.015318,,720800,,
5,5,,0.060864,0.191626,0.057355,0.13879,0.059389,0.456213,0.035762,,713000,,
5,5,,0.021393,0.243009,0.053308,0.130564,0.015769,0.520639,0.015318,,714000,,
5,5,,0.053388,0.211756,0.04771,0.123236,0.030328,0.507273,0.026308,,713700,,
5,5,,0.021431,0.232532,0.054172,0.133321,0.015465,0.527978,0.015102,,712600,,
5,5,,0.045737,0.232056,0.038451,0.128335,0.021888,0.518604,0.014929,,714300,,
5,5,,0.093177,0.168917,0.091929,0.131898,0.053917,0.407267,0.052896,,714900,,
5,5,,0.021393,0.223009,0.033308,0.150564,0.015769,0.540639,0.015318,,722700,,
5,5,,0.093177,0.168917,0.071929,0.131898,0.073917,0.407267,0.052896,,719700,,
5,5,,0.021431,0.232532,0.054172,0.133321,0.015465,0.527978,0.015102,,714600,,
5,5,,0.053388,0.211756,0.04771,0.123236,0.030328,0.507273,0.026308,,715600,,
5,5,,0.033388,0.211756,0.04771,0.143236,0.030328,0.507273,0.026308,,712100,,
5,5,,0.021431,0.232532,0.054172,0.133321,0.015465,0.527978,0.015102,,735400,,
5,5,,0.093177,0.168917,0.074493,0.131898,0.071353,0.407267,0.052896,,714100,,
5,5,,0.021431,0.212532,0.034172,0.153321,0.015465,0.547978,0.015102,,714100,,
5,5,,0.033388,0.211756,0.04771,0.143236,0.030328,0.507273,0.026308,,712900,,
5,5,,0.021393,0.263009,0.033308,0.130564,0.015769,0.520639,0.015318,,713600,,
5,5,,0.053388,0.231756,0.04771,0.123236,0.030328,0.487273,0.026308,,713700,,
5,5,,0.021431,0.232532,0.054172,0.133321,0.015465,0.527978,0.015102,,715400,,
5,5,,0.021393,0.223009,0.033308,0.150564,0.015769,0.540639,0.015318,,721700,,
5,5,,0.021393,0.263009,0.033308,0.130564,0.015769,0.520639,0.015318,,718900,,
5,5,,0.021431,0.232532,0.054172,0.133321,0.015465,0.527978,0.015102,,730800,,
5,5,,0.033388,0.211756,0.04771,0.143236,0.030328,0.507273,0.026308,,712600,,
5,5,,0.053388,0.211756,0.04771,0.123236,0.030328,0.507273,0.026308,,713900,,
5,5,,0.021393,0.243009,0.053308,0.130564,0.015769,0.520639,0.015318,,712600,,
5,5,,0.021431,0.232532,0.054172,0.133321,0.015465,0.527978,0.015102,,714900,,
5,5,,0.056703,0.231756,0.052997,0.12393,0.035594,0.467617,0.031404,,711900,,
5,5,,0.021393,0.243009,0.053308,0.130564,0.015769,0.520639,0.015318,,714500,,
5,5,,0.033388,0.211756,0.04771,0.143236,0.030328,0.507273,0.026308,,711900,,
5,5,,0.021431,0.232532,0.054172,0.133321,0.015465,0.527978,0.015102,,712500,,
5,5,,0.036703,0.211756,0.072997,0.14393,0.035594,0.467617,0.031404,,714300,,
5,5,,0.041393,0.223009,0.033308,0.130564,0.015769,0.540639,0.015318,,714900,,
5,5,,0.080864,0.211626,0.057355,0.11879,0.059389,0.436213,0.035762,,712600,,
5,5,,0.113177,0.168917,0.071929,0.131898,0.053917,0.407267,0.052896,,740400,,
5,5,,0.053388,0.231756,0.04771,0.123236,0.030328,0.487273,0.026308,,713600,,
5,5,,0.033388,0.231756,0.04771,0.143236,0.030328,0.487273,0.026308,,721900,,
5,5,,0.021431,0.232532,0.054172,0.133321,0.015465,0.527978,0.015102,,715300,,
5,5,,0.053388,0.211756,0.04771,0.123236,0.030328,0.507273,0.026308,,720100,,
5,5,,0.053388,0.211756,0.04771,0.123236,0.030328,0.507273,0.026308,,722600,,
5,5,,0.033388,0.211756,0.04771,0.143236,0.030328,0.507273,0.026308,,720300,,
5,5,,0.053388,0.211756,0.04771,0.123236,0.030328,0.507273,0.026308,,715000,,
5,5,,0.053388,0.211756,0.04771,0.123236,0.030328,0.507273,0.026308,,716600,,
6,6,,0.09375,0.083191,0.148073,0.052366,0.138825,0.191158,0.292636,,717900,,
6,6,,0.114348,0.066098,0.167166,0.040136,0.155788,0.15806,0.298404,,716000,,
6,6,,0.110244,0.077477,0.162409,0.043473,0.150946,0.162758,0.292693,,717100,,
6,6,,0.11375,0.083191,0.148073,0.052366,0.138825,0.231158,0.232636,,718000,,
6,6,,0.09927,0.083191,0.153203,0.049718,0.143676,0.179779,0.291163,,717000,,
6,5,,0.103818,0.117366,0.145743,0.087859,0.101712,0.25154,0.191962,,715700,,
6,6,,0.09927,0.083191,0.153203,0.049718,0.143676,0.179779,0.291163,,719500,,
6,6,,0.09375,0.083191,0.148073,0.052366,0.138825,0.211158,0.272636,,719000,,
6,6,,0.110244,0.077477,0.162409,0.043473,0.150946,0.162758,0.292693,,725500,,
6,6,,0.104919,0.083191,0.157776,0.047672,0.146184,0.168473,0.291784,,714700,,
6,6,,0.118452,0.034719,0.171923,0.036798,0.160631,0.153362,0.324115,,711400,,
6,6,,0.110244,0.077477,0.162409,0.043473,0.150946,0.162758,0.292693,,739700,,
6,6,,0.145834,0,0.192818,0.020766,0.186078,0.066583,0.387921,,717000,,
6,6,,0.118452,0.034719,0.171923,0.036798,0.160631,0.153362,0.324115,,720600,,
6,6,,0.09927,0.083191,0.153203,0.049718,0.143676,0.179779,0.291163,,719800,,
6,6,,0.104595,0.077477,0.157835,0.045519,0.148437,0.174064,0.292072,,713900,,
6,5,,0.111363,0.0889,0.160827,0.076992,0.117054,0.236866,0.207998,,714300,,
6,6,,0.110244,0.077477,0.162409,0.043473,0.150946,0.162758,0.292693,,711400,,
6,6,,0.09375,0.083191,0.148073,0.052366,0.138825,0.211158,0.272636,,712700,,
6,6,,0.09375,0.083191,0.148073,0.052366,0.138825,0.231158,0.252636,,711300,,
6,5,,0.117013,0.0889,0.165401,0.074946,0.119562,0.22556,0.208619,,721300,,
6,6,,0.104595,0.077477,0.157835,0.045519,0.148437,0.174064,0.292072,,713700,,
6,6,,0.104595,0.077477,0.157835,0.045519,0.148437,0.174064,0.292072,,710700,,
6,6,,0.104595,0.077477,0.157835,0.045519,0.148437,0.174064,0.292072,,714000,,
6,6,,0.104595,0.077477,0.157835,0.045519,0.148437,0.174064,0.292072,,643700,,
6,6,,0.104595,0.077477,0.157835,0.045519,0.148437,0.174064,0.292072,,630900,,
6,6,,0.104919,0.083191,0.157776,0.047672,0.146184,0.168473,0.291784,,633700,,
6,5,,0.111363,0.0889,0.160827,0.076992,0.117054,0.236866,0.207998,,632100,,
6,6,,0.144244,0.023185,0.160732,0.056268,0.18159,0.096454,0.337526,,632200,,
6,6,,0.104595,0.077477,0.157835,0.045519,0.148437,0.174064,0.292072,,634900,,
6,6,,0.104919,0.083191,0.157776,0.047672,0.146184,0.168473,0.291784,,632500,,
6,6,,0.0994,0.083191,0.152646,0.05032,0.141334,0.179852,0.293257,,631000,,
6,5,,0.111363,0.0889,0.143391,0.056992,0.13449,0.236866,0.227998,,634800,,
6,5,,0.108623,0.105962,0.128827,0.070032,0.120057,0.253974,0.212525,,650100,,
6,6,,0.09927,0.083191,0.153203,0.049718,0.143676,0.179779,0.291163,,634600,,
6,6,,0.118452,0.034719,0.171923,0.036798,0.160631,0.153362,0.324115,,641800,,
6,5,,0.117013,0.0889,0.165401,0.074946,0.119562,0.22556,0.208619,,635300,,
6,5,,0.103818,0.117366,0.145743,0.087859,0.101712,0.25154,0.191962,,641000,,
6,6,,0.104919,0.083191,0.157776,0.047672,0.146184,0.168473,0.291784,,635100,,
6,6,,0.104595,0.077477,0.157835,0.045519,0.148437,0.174064,0.292072,,634800,,
6,5,,0.108623,0.105962,0.128827,0.070032,0.120057,0.253974,0.212525,,635600,,
6,5,,0.111363,0.1089,0.160827,0.056992,0.117054,0.236866,0.207998,,636700,,
6,6,,0.11927,0.083191,0.153203,0.049718,0.143676,0.179779,0.271163,,633300,,
6,5,,0.090448,0.094608,0.138537,0.101315,0.129679,0.242574,0.20284,,636200,,
6,6,,0.110244,0.077477,0.162409,0.043473,0.150946,0.162758,0.292693,,633800,,
6,6,,0.110244,0.077477,0.162409,0.043473,0.150946,0.162758,0.292693,,634500,,
6,6,,0.09927,0.083191,0.153203,0.049718,0.143676,0.179779,0.291163,,634900,,
6,5,,0.103818,0.117366,0.145743,0.087859,0.101712,0.25154,0.191962,,634100,,
6,6,,0.118452,0.034719,0.171923,0.036798,0.160631,0.153362,0.324115,,636700,,
6,6,,0.09375,0.083191,0.148073,0.052366,0.138825,0.231158,0.252636,,632300,,
6,6,,0.09927,0.083191,0.153203,0.049718,0.143676,0.179779,0.291163,,634400,,
6,6,,0.114348,0.066098,0.167166,0.040136,0.155788,0.15806,0.298404,,632800,,
6,5,,0.106192,0.100248,0.138305,0.104592,0.132548,0.21688,0.201235,,635000,,
6,5,,0.111363,0.0889,0.143391,0.056992,0.13449,0.236866,0.227998,,633400,,
6,5,,0.111363,0.1089,0.160827,0.056992,0.117054,0.236866,0.207998,,637600,,
6,5,,0.078764,0.157537,0.10696,0.127676,0.065566,0.342741,0.120756,,634300,,
6,6,,0.147659,0,0.208363,0.016049,0.208797,0.04,0.379131,,634100,,
6,6,,0.0994,0.083191,0.152646,0.05032,0.141334,0.199852,0.273257,,654500,,
6,6,,0.114348,0.046098,0.167166,0.040136,0.155788,0.15806,0.318404,,636600,,
6,6,,0.0994,0.083191,0.152646,0.05032,0.141334,0.219852,0.253257,,637200,,
6,6,,0.150492,0,0.211863,0.016049,0.222464,0.02,0.379131,,634200,,
6,6,,0.118452,0.034719,0.171923,0.036798,0.160631,0.153362,0.324115,,633800,,
6,6,,0.147659,0,0.2027,0.016049,0.1957,0.04,0.397892,,634300,,
6,6,,0.110244,0.077477,0.162409,0.043473,0.150946,0.162758,0.292693,,635300,,
6,6,,0.104595,0.077477,0.157835,0.045519,0.148437,0.174064,0.292072,,635000,,
6,6,,0.09927,0.083191,0.153203,0.049718,0.143676,0.179779,0.291163,,636800,,