statlog-image,Tuned_CWT,test,1,NANOSECONDS,PREDICTIONS, Generated by ClassifierExperiments.java on 2022-05-16 02:10:09.    SYSTEMPROPERTIES:{user.name:matth,os.arch:amd64,os.name:Windows 10},ENDSYSTEMPROPERTIES
No parameter info
0.42424242424242425,190316900,294396500,-1,24429112,7,,-1,-1
0,1,,0.131933,0.205396,0.154268,0.094056,0.117027,0.200079,0.097241,,1347900,,
0,6,,0.207171,0.062805,0.214054,0.062576,0.197116,0.041931,0.214348,,1245100,,
0,2,,0.153205,0.131367,0.189375,0.060322,0.154429,0.124754,0.186549,,1236700,,
0,6,,0.207171,0.062805,0.214054,0.042576,0.197116,0.041931,0.234348,,1235300,,
0,1,,0.140435,0.30148,0.158425,0.115979,0.119018,0.078299,0.086364,,1240100,,
0,1,,0.185971,0.213187,0.193055,0.081725,0.152827,0.041676,0.131559,,1267400,,
0,6,,0.206197,0.062805,0.218815,0.036667,0.201402,0.035091,0.239023,,1048100,,
0,1,,0.185971,0.213187,0.193055,0.081725,0.152827,0.041676,0.131559,,621500,,
0,1,,0.165971,0.233187,0.193055,0.081725,0.152827,0.041676,0.131559,,625400,,
0,4,,0.207171,0.062805,0.194054,0.062576,0.217116,0.041931,0.214348,,625200,,
0,1,,0.135954,0.312908,0.153685,0.11929,0.114127,0.082888,0.081148,,628400,,
0,1,,0.167226,0.207473,0.19799,0.07718,0.177589,0.035962,0.136581,,625000,,
0,2,,0.177469,0.137103,0.188899,0.059802,0.150836,0.143456,0.142436,,627600,,
0,6,,0.207171,0.062805,0.214054,0.062576,0.197116,0.041931,0.214348,,624500,,
0,6,,0.206197,0.062805,0.198815,0.036667,0.221402,0.035091,0.239023,,624400,,
0,1,,0.127453,0.276824,0.129528,0.097367,0.112135,0.164668,0.092025,,626000,,
0,1,,0.166942,0.23033,0.184909,0.097374,0.142857,0.058863,0.118724,,625800,,
0,1,,0.135954,0.312908,0.153685,0.11929,0.114127,0.082888,0.081148,,622700,,
0,1,,0.126753,0.312908,0.157054,0.119918,0.114633,0.082932,0.085802,,625000,,
0,2,,0.177469,0.157103,0.188899,0.059802,0.150836,0.123456,0.142436,,625100,,
0,5,,0.124936,0.205674,0.148704,0.092335,0.111658,0.224582,0.092111,,624000,,
0,2,,0.178724,0.151389,0.193834,0.055257,0.155598,0.117741,0.147458,,626100,,
0,2,,0.208708,0.062805,0.248902,0.031342,0.210925,0.00902,0.228297,,624100,,
0,6,,0.206197,0.062805,0.218815,0.036667,0.201402,0.035091,0.239023,,625900,,
0,6,,0.207171,0.062805,0.194054,0.042576,0.217116,0.041931,0.234348,,623200,,
0,1,,0.127453,0.256824,0.149528,0.097367,0.112135,0.164668,0.092025,,624600,,
0,1,,0.187226,0.207473,0.19799,0.07718,0.157589,0.035962,0.136581,,626000,,
0,2,,0.173205,0.151367,0.189375,0.060322,0.154429,0.124754,0.146549,,625900,,
0,2,,0.158724,0.131389,0.213834,0.055257,0.175598,0.117741,0.147458,,625100,,
0,1,,0.131933,0.245396,0.154268,0.094056,0.117027,0.160079,0.097241,,649000,,
0,2,,0.178724,0.131389,0.193834,0.055257,0.155598,0.137741,0.147458,,628400,,
0,6,,0.207171,0.062805,0.214054,0.062576,0.197116,0.041931,0.214348,,619600,,
0,1,,0.117094,0.377786,0.120046,0.137093,0.096887,0.087521,0.063573,,621700,,
0,1,,0.187226,0.207473,0.19799,0.07718,0.157589,0.035962,0.136581,,622900,,
0,4,,0.207171,0.062805,0.194054,0.062576,0.217116,0.041931,0.214348,,622500,,
0,4,,0.207171,0.062805,0.194054,0.062576,0.217116,0.041931,0.214348,,622200,,
0,1,,0.126753,0.332908,0.137054,0.119918,0.114633,0.082932,0.085802,,619600,,
0,5,,0.123897,0.194224,0.148985,0.094088,0.115381,0.227006,0.096418,,620700,,
0,6,,0.206197,0.062805,0.218815,0.036667,0.201402,0.035091,0.239023,,622500,,
0,1,,0.131933,0.205396,0.154268,0.094056,0.117027,0.200079,0.097241,,620100,,
0,6,,0.207171,0.062805,0.214054,0.062576,0.197116,0.041931,0.214348,,623000,,
0,6,,0.207171,0.062805,0.214054,0.042576,0.197116,0.041931,0.234348,,620900,,
0,6,,0.207171,0.062805,0.214054,0.062576,0.197116,0.041931,0.214348,,623600,,
0,4,,0.207171,0.062805,0.194054,0.062576,0.217116,0.041931,0.214348,,620900,,
0,2,,0.178724,0.131389,0.193834,0.055257,0.155598,0.137741,0.147458,,622600,,
0,1,,0.137902,0.222817,0.163054,0.086079,0.126074,0.15549,0.108583,,621600,,
0,6,,0.207171,0.062805,0.214054,0.062576,0.197116,0.041931,0.214348,,622100,,
0,2,,0.158724,0.131389,0.193834,0.055257,0.155598,0.117741,0.187458,,624500,,
0,6,,0.206197,0.062805,0.218815,0.036667,0.201402,0.035091,0.239023,,620800,,
0,2,,0.157469,0.137103,0.188899,0.059802,0.150836,0.163456,0.142436,,620100,,
0,6,,0.207171,0.062805,0.214054,0.062576,0.197116,0.041931,0.214348,,622000,,
0,2,,0.151949,0.157081,0.18444,0.064867,0.169667,0.130469,0.141527,,621200,,
0,1,,0.126753,0.332908,0.137054,0.119918,0.114633,0.082932,0.085802,,620300,,
0,1,,0.187226,0.207473,0.19799,0.07718,0.157589,0.035962,0.136581,,627300,,
0,2,,0.177469,0.137103,0.188899,0.059802,0.150836,0.143456,0.142436,,621200,,
0,1,,0.166403,0.258901,0.167211,0.108002,0.128065,0.073711,0.097706,,623400,,
0,2,,0.153205,0.131367,0.189375,0.060322,0.154429,0.124754,0.186549,,621300,,
0,1,,0.187226,0.207473,0.19799,0.07718,0.157589,0.035962,0.136581,,622000,,
0,1,,0.100347,0.400569,0.105723,0.149344,0.082089,0.103084,0.058844,,622400,,
0,2,,0.158724,0.131389,0.193834,0.055257,0.155598,0.117741,0.187458,,621600,,
0,2,,0.151949,0.137081,0.18444,0.064867,0.149667,0.170469,0.141527,,621800,,
0,2,,0.177469,0.137103,0.188899,0.059802,0.150836,0.143456,0.142436,,623500,,
0,2,,0.158724,0.131389,0.193834,0.055257,0.155598,0.117741,0.187458,,619800,,
0,1,,0.118251,0.276824,0.132897,0.097995,0.112642,0.164712,0.096679,,620300,,
0,6,,0.206197,0.062805,0.198815,0.036667,0.221402,0.035091,0.239023,,622800,,
0,6,,0.207171,0.062805,0.214054,0.062576,0.197116,0.041931,0.214348,,620200,,
1,1,,0.037492,0.558701,0.022204,0.20969,0.014377,0.148576,0.008961,,623700,,
1,1,,0.02899,0.462617,0.018047,0.187767,0.012386,0.270355,0.019838,,630400,,
1,1,,0.037492,0.558701,0.022204,0.20969,0.014377,0.148576,0.008961,,624800,,
1,1,,0.037492,0.558701,0.042204,0.20969,0.014377,0.128576,0.008961,,626400,,
1,1,,0.037492,0.558701,0.022204,0.20969,0.014377,0.148576,0.008961,,626000,,
1,1,,0.037492,0.558701,0.042204,0.20969,0.014377,0.128576,0.008961,,625500,,
1,1,,0.02899,0.462617,0.018047,0.187767,0.012386,0.270355,0.019838,,627600,,
1,1,,0.037492,0.558701,0.022204,0.20969,0.014377,0.148576,0.008961,,620600,,
1,1,,0.026474,0.471467,0.017223,0.182734,0.011909,0.270269,0.019924,,623600,,
1,1,,0.037492,0.558701,0.022204,0.20969,0.014377,0.148576,0.008961,,621600,,
1,1,,0.037492,0.558701,0.022204,0.20969,0.014377,0.148576,0.008961,,620200,,
1,1,,0.037492,0.558701,0.042204,0.20969,0.014377,0.128576,0.008961,,637700,,
1,1,,0.037492,0.578701,0.022204,0.20969,0.014377,0.128576,0.008961,,621700,,
1,1,,0.037492,0.558701,0.042204,0.20969,0.014377,0.128576,0.008961,,625200,,
1,1,,0.037492,0.558701,0.022204,0.20969,0.014377,0.148576,0.008961,,623200,,
1,1,,0.037492,0.558701,0.022204,0.20969,0.014377,0.148576,0.008961,,630600,,
1,1,,0.037492,0.558701,0.042204,0.20969,0.014377,0.128576,0.008961,,628100,,
1,1,,0.037492,0.558701,0.022204,0.20969,0.014377,0.148576,0.008961,,626800,,
1,1,,0.037492,0.558701,0.042204,0.20969,0.014377,0.128576,0.008961,,632100,,
1,1,,0.037492,0.558701,0.022204,0.20969,0.014377,0.148576,0.008961,,629700,,
1,1,,0.023958,0.440318,0.016398,0.177702,0.011431,0.310183,0.02001,,628100,,
1,1,,0.037492,0.558701,0.022204,0.20969,0.014377,0.148576,0.008961,,621700,,
1,1,,0.037492,0.578701,0.022204,0.20969,0.014377,0.128576,0.008961,,624900,,
1,1,,0.037492,0.578701,0.022204,0.20969,0.014377,0.128576,0.008961,,620200,,
1,1,,0.037492,0.558701,0.022204,0.20969,0.014377,0.148576,0.008961,,624700,,
1,1,,0.037492,0.558701,0.022204,0.20969,0.014377,0.148576,0.008961,,625400,,
1,1,,0.037492,0.558701,0.042204,0.20969,0.014377,0.128576,0.008961,,623100,,
1,1,,0.037492,0.578701,0.022204,0.20969,0.014377,0.128576,0.008961,,624400,,
1,1,,0.037492,0.558701,0.022204,0.20969,0.014377,0.148576,0.008961,,627800,,
1,1,,0.037492,0.578701,0.022204,0.20969,0.014377,0.128576,0.008961,,621900,,
1,1,,0.02899,0.482617,0.018047,0.187767,0.012386,0.250355,0.019838,,624100,,
1,1,,0.037492,0.558701,0.022204,0.20969,0.014377,0.148576,0.008961,,621600,,
1,1,,0.02899,0.502617,0.038047,0.187767,0.012386,0.210355,0.019838,,624000,,
1,1,,0.037492,0.578701,0.022204,0.20969,0.014377,0.128576,0.008961,,622400,,
1,1,,0.037492,0.558701,0.042204,0.20969,0.014377,0.128576,0.008961,,620200,,
1,1,,0.037492,0.558701,0.022204,0.20969,0.014377,0.148576,0.008961,,663400,,
1,1,,0.037492,0.558701,0.022204,0.20969,0.014377,0.148576,0.008961,,621100,,
1,1,,0.037492,0.558701,0.042204,0.20969,0.014377,0.128576,0.008961,,621200,,
1,1,,0.02899,0.522617,0.018047,0.187767,0.012386,0.210355,0.019838,,636000,,
1,1,,0.037492,0.558701,0.022204,0.20969,0.014377,0.148576,0.008961,,625100,,
1,1,,0.037492,0.558701,0.042204,0.20969,0.014377,0.128576,0.008961,,623500,,
1,1,,0.037492,0.558701,0.022204,0.20969,0.014377,0.148576,0.008961,,626600,,
1,1,,0.037492,0.558701,0.022204,0.20969,0.014377,0.148576,0.008961,,625900,,
1,1,,0.037492,0.578701,0.022204,0.20969,0.014377,0.128576,0.008961,,626300,,
1,1,,0.037492,0.558701,0.022204,0.20969,0.014377,0.148576,0.008961,,626100,,
1,1,,0.037492,0.558701,0.022204,0.20969,0.014377,0.148576,0.008961,,625700,,
1,1,,0.037492,0.558701,0.022204,0.20969,0.014377,0.148576,0.008961,,627300,,
1,1,,0.037492,0.558701,0.022204,0.20969,0.014377,0.148576,0.008961,,626100,,
1,1,,0.037492,0.558701,0.022204,0.20969,0.014377,0.148576,0.008961,,623700,,
1,1,,0.037492,0.578701,0.022204,0.20969,0.014377,0.128576,0.008961,,635900,,
1,1,,0.037492,0.558701,0.022204,0.20969,0.014377,0.148576,0.008961,,630300,,
1,1,,0.037492,0.558701,0.022204,0.20969,0.014377,0.148576,0.008961,,623700,,
1,1,,0.037492,0.558701,0.022204,0.20969,0.014377,0.148576,0.008961,,621900,,
1,1,,0.037492,0.558701,0.022204,0.20969,0.014377,0.148576,0.008961,,619100,,
1,1,,0.037492,0.558701,0.022204,0.20969,0.014377,0.148576,0.008961,,623700,,
1,1,,0.037492,0.578701,0.022204,0.20969,0.014377,0.128576,0.008961,,622200,,
1,1,,0.037492,0.558701,0.022204,0.20969,0.014377,0.148576,0.008961,,622100,,
1,1,,0.037492,0.558701,0.022204,0.20969,0.014377,0.148576,0.008961,,625700,,
1,1,,0.037492,0.558701,0.022204,0.20969,0.014377,0.148576,0.008961,,621100,,
1,1,,0.037492,0.558701,0.022204,0.20969,0.014377,0.148576,0.008961,,645700,,
1,1,,0.037492,0.558701,0.022204,0.20969,0.014377,0.148576,0.008961,,630400,,
1,1,,0.02899,0.482617,0.018047,0.187767,0.012386,0.250355,0.019838,,626000,,
1,1,,0.037492,0.558701,0.022204,0.20969,0.014377,0.148576,0.008961,,625400,,
1,1,,0.037492,0.558701,0.042204,0.20969,0.014377,0.128576,0.008961,,631900,,
1,1,,0.02899,0.522617,0.018047,0.187767,0.012386,0.210355,0.019838,,622000,,
1,1,,0.037492,0.558701,0.042204,0.20969,0.014377,0.128576,0.008961,,628200,,
2,2,,0.196032,0.040022,0.266782,0.02222,0.219352,0.00026,0.255332,,626800,,
2,6,,0.196032,0.020022,0.266782,0.02222,0.219352,0.00026,0.275332,,626100,,
2,2,,0.196032,0.040022,0.266782,0.02222,0.219352,0.00026,0.255332,,627500,,
2,6,,0.191103,0.040022,0.2438,0.023528,0.216863,0.020218,0.264466,,623200,,
2,6,,0.196032,0.040022,0.246782,0.02222,0.239352,0.00026,0.255332,,627700,,
2,2,,0.196032,0.020022,0.286782,0.02222,0.219352,0.00026,0.255332,,625900,,
2,6,,0.196032,0.020022,0.266782,0.02222,0.219352,0.00026,0.275332,,624200,,
2,6,,0.196032,0.020022,0.246782,0.02222,0.239352,0.00026,0.275332,,625500,,
2,2,,0.149522,0.131389,0.217203,0.055884,0.176104,0.117785,0.152112,,624400,,
2,1,,0.054283,0.403652,0.094595,0.157789,0.045622,0.197887,0.046172,,628600,,
2,2,,0.18683,0.040022,0.270152,0.022848,0.219858,0.000304,0.259986,,624100,,
2,6,,0.196032,0.020022,0.266782,0.02222,0.219352,0.00026,0.275332,,626200,,
2,6,,0.196032,0.020022,0.266782,0.02222,0.219352,0.00026,0.275332,,631200,,
2,2,,0.196032,0.040022,0.266782,0.02222,0.219352,0.00026,0.255332,,624900,,
2,2,,0.18683,0.040022,0.270152,0.022848,0.219858,0.000304,0.259986,,623100,,
2,2,,0.149522,0.131389,0.197203,0.055884,0.156104,0.117785,0.192112,,626000,,
2,6,,0.196032,0.020022,0.266782,0.02222,0.219352,0.00026,0.275332,,623300,,
2,1,,0.086205,0.335889,0.116534,0.130787,0.074849,0.189248,0.066489,,657100,,
2,2,,0.196032,0.040022,0.266782,0.02222,0.219352,0.00026,0.255332,,626400,,
2,2,,0.149522,0.131389,0.197203,0.055884,0.156104,0.137785,0.172112,,626200,,
2,2,,0.196032,0.020022,0.286782,0.02222,0.219352,0.00026,0.255332,,626700,,
2,2,,0.144003,0.131367,0.192744,0.060949,0.154935,0.144798,0.171203,,630500,,
2,6,,0.196032,0.040022,0.246782,0.02222,0.239352,0.00026,0.255332,,626600,,
2,1,,0.029776,0.461018,0.060063,0.192334,0.011892,0.225626,0.019291,,632100,,
2,2,,0.18683,0.040022,0.270152,0.022848,0.219858,0.000304,0.259986,,630500,,
2,2,,0.196032,0.020022,0.266782,0.02222,0.239352,0.00026,0.255332,,629600,,
2,2,,0.196032,0.020022,0.286782,0.02222,0.219352,0.00026,0.255332,,627400,,
2,6,,0.195345,0.040022,0.248713,0.023939,0.241625,0.000304,0.250051,,626900,,
2,2,,0.18683,0.040022,0.270152,0.022848,0.219858,0.000304,0.259986,,641900,,
2,2,,0.195345,0.040022,0.268713,0.023939,0.221625,0.000304,0.250051,,626500,,
2,6,,0.196032,0.020022,0.266782,0.02222,0.219352,0.00026,0.275332,,632500,,
2,2,,0.138392,0.131389,0.223341,0.05484,0.175821,0.117742,0.158476,,631000,,
2,2,,0.204547,0.040022,0.265344,0.023312,0.221119,0.00026,0.245396,,627500,,
2,6,,0.190512,0.02,0.262324,0.027285,0.218183,0.007273,0.274423,,625900,,
2,6,,0.190512,0.02,0.262324,0.027285,0.218183,0.007273,0.274423,,629000,,
2,2,,0.196032,0.040022,0.266782,0.02222,0.219352,0.00026,0.255332,,625900,,
2,6,,0.204547,0.040022,0.245344,0.023312,0.241119,0.00026,0.245396,,629900,,
2,6,,0.196032,0.040022,0.246782,0.02222,0.239352,0.00026,0.255332,,628800,,
2,6,,0.18683,0.040022,0.250152,0.022848,0.219858,0.000304,0.279986,,626200,,
2,6,,0.140331,0.108532,0.22032,0.047969,0.169769,0.089334,0.223746,,628200,,
2,1,,0.11699,0.19996,0.157008,0.088417,0.116927,0.198911,0.121787,,658700,,
2,2,,0.196032,0.020022,0.286782,0.02222,0.219352,0.00026,0.255332,,635900,,
2,1,,0.035589,0.494635,0.042445,0.225855,0.012888,0.17512,0.013468,,634600,,
2,2,,0.18683,0.040022,0.270152,0.022848,0.219858,0.000304,0.259986,,625900,,
2,2,,0.141876,0.11996,0.228449,0.051658,0.181059,0.113153,0.163844,,624400,,
2,6,,0.196032,0.020022,0.266782,0.02222,0.219352,0.00026,0.275332,,625200,,
2,2,,0.18683,0.040022,0.270152,0.022848,0.219858,0.000304,0.259986,,623900,,
2,6,,0.190512,0.02,0.262324,0.027285,0.218183,0.007273,0.274423,,652900,,
2,2,,0.196032,0.040022,0.266782,0.02222,0.219352,0.00026,0.255332,,629100,,
2,2,,0.182618,0.05145,0.25419,0.026472,0.227339,0.044721,0.21321,,631100,,
2,2,,0.164368,0.085656,0.233775,0.039621,0.18658,0.069022,0.220978,,631000,,
2,2,,0.196032,0.040022,0.266782,0.02222,0.219352,0.00026,0.255332,,630500,,
2,2,,0.159977,0.108532,0.232744,0.050105,0.191819,0.089377,0.167447,,629200,,
2,6,,0.182618,0.05145,0.23419,0.026472,0.207339,0.044721,0.25321,,630000,,
2,6,,0.18683,0.040022,0.250152,0.022848,0.219858,0.000304,0.279986,,628300,,
2,2,,0.195345,0.040022,0.288713,0.023939,0.241625,0.000304,0.210051,,632100,,
2,2,,0.145709,0.153466,0.24387,0.064773,0.19176,0.026785,0.173638,,629900,,
2,1,,0.075061,0.391973,0.128266,0.150574,0.07479,0.107425,0.071911,,629800,,
2,2,,0.18683,0.040022,0.270152,0.022848,0.219858,0.000304,0.259986,,629700,,
2,2,,0.195345,0.040022,0.268713,0.023939,0.221625,0.000304,0.250051,,629600,,
2,2,,0.138392,0.131389,0.203341,0.05484,0.155821,0.137742,0.178476,,627300,,
2,2,,0.196032,0.040022,0.286782,0.02222,0.239352,0.00026,0.215332,,632700,,
2,2,,0.159977,0.108532,0.212744,0.050105,0.171819,0.089377,0.207447,,629200,,
2,6,,0.196032,0.020022,0.266782,0.02222,0.219352,0.00026,0.275332,,627100,,
2,2,,0.18683,0.040022,0.270152,0.022848,0.219858,0.000304,0.259986,,634100,,
2,6,,0.182588,0.040022,0.245238,0.022436,0.215096,0.020218,0.274402,,630700,,
3,5,,0.060036,0.274033,0.09237,0.116288,0.053026,0.35609,0.048156,,631400,,
3,5,,0.07614,0.25129,0.113236,0.110657,0.07294,0.308903,0.066834,,630500,,
3,1,,0.07219,0.470886,0.088524,0.185377,0.043612,0.116151,0.02326,,630800,,
3,5,,0.11699,0.19996,0.157008,0.088417,0.116927,0.218911,0.101787,,636800,,
3,1,,0.037492,0.578701,0.022204,0.20969,0.014377,0.128576,0.008961,,630300,,
3,6,,0.194092,0.062805,0.229715,0.049714,0.205404,0.028207,0.230062,,628700,,
3,1,,0.049395,0.5446,0.037286,0.194389,0.028914,0.124396,0.02102,,628200,,
3,5,,0.049102,0.296754,0.083945,0.128464,0.043996,0.356047,0.041692,,627400,,
3,2,,0.149522,0.131389,0.197203,0.055884,0.156104,0.157785,0.152112,,631400,,
3,1,,0.076348,0.340931,0.096882,0.146657,0.054935,0.237974,0.046273,,631700,,
3,5,,0.036244,0.308249,0.05876,0.138075,0.034708,0.385529,0.038434,,629500,,
3,1,,0.07219,0.490886,0.068524,0.185377,0.043612,0.116151,0.02326,,629200,,
3,1,,0.073916,0.459736,0.092613,0.180756,0.047896,0.116151,0.028931,,628600,,
3,5,,0.060036,0.274033,0.09237,0.116288,0.053026,0.35609,0.048156,,626900,,
3,5,,0.11699,0.19996,0.157008,0.088417,0.116927,0.218911,0.101787,,631700,,
3,1,,0.038377,0.437367,0.032305,0.167433,0.026445,0.266089,0.031983,,630500,,
3,1,,0.040894,0.488516,0.03313,0.172466,0.026923,0.206176,0.031896,,627300,,
3,5,,0.021719,0.327834,0.045893,0.130326,0.0235,0.406928,0.043801,,629600,,
3,1,,0.083118,0.459736,0.069244,0.180129,0.04739,0.136107,0.024277,,629500,,
3,1,,0.062898,0.352503,0.087632,0.1538,0.045428,0.257844,0.039895,,627300,,
3,1,,0.050041,0.363997,0.082447,0.163412,0.03614,0.267327,0.036637,,628600,,
3,1,,0.049395,0.5246,0.057286,0.194389,0.028914,0.124396,0.02102,,630700,,
3,5,,0.025021,0.317384,0.048734,0.139925,0.023483,0.402284,0.043168,,658900,,
3,1,,0.11699,0.19996,0.157008,0.108417,0.116927,0.198911,0.101787,,631500,,
3,1,,0.040894,0.468516,0.05313,0.172466,0.026923,0.206176,0.031896,,629300,,
3,5,,0.069238,0.274033,0.069001,0.115661,0.05252,0.376046,0.043501,,633500,,
3,5,,0.048756,0.274119,0.082044,0.121726,0.042959,0.378768,0.051627,,622900,,
3,5,,0.049102,0.296754,0.083945,0.128464,0.043996,0.356047,0.041692,,629700,,
3,1,,0.094052,0.437015,0.057669,0.167953,0.07642,0.13615,0.030741,,626300,,
3,1,,0.063688,0.434802,0.064368,0.163454,0.04162,0.19793,0.034137,,624800,,
3,5,,0.060036,0.274033,0.09237,0.116288,0.053026,0.35609,0.048156,,623700,,
3,5,,0.12147,0.188532,0.161748,0.085105,0.121819,0.214323,0.107004,,625100,,
3,1,,0.061172,0.383652,0.063543,0.158422,0.041143,0.257844,0.034224,,626500,,
3,1,,0.037492,0.578701,0.022204,0.20969,0.014377,0.128576,0.008961,,630300,,
3,1,,0.038377,0.437367,0.032305,0.167433,0.026445,0.266089,0.031983,,627900,,
3,1,,0.065414,0.403652,0.088457,0.158833,0.045905,0.19793,0.039808,,626800,,
3,1,,0.063688,0.434802,0.064368,0.163454,0.04162,0.19793,0.034137,,623500,,
3,1,,0.050181,0.503001,0.059303,0.198955,0.02842,0.139666,0.020473,,624600,,
3,1,,0.063688,0.374802,0.084368,0.163454,0.04162,0.23793,0.034137,,626000,,
3,5,,0.024236,0.338983,0.046717,0.135358,0.023977,0.387014,0.043715,,625800,,
3,1,,0.012332,0.393084,0.011634,0.15066,0.00944,0.391194,0.031656,,624600,,
3,1,,0.038377,0.437367,0.032305,0.167433,0.026445,0.266089,0.031983,,627700,,
3,5,,0.11699,0.19996,0.157008,0.088417,0.116927,0.218911,0.101787,,625600,,
3,5,,0.12147,0.188532,0.161748,0.085105,0.121819,0.214323,0.107004,,626300,,
3,5,,0.04703,0.305269,0.057955,0.126347,0.038675,0.378768,0.045956,,627500,,
3,5,,0.024235,0.328246,0.047752,0.137582,0.023802,0.394721,0.043661,,626000,,
3,1,,0.063688,0.374802,0.084368,0.163454,0.04162,0.23793,0.034137,,644700,,
3,5,,0.044514,0.274119,0.077131,0.121314,0.038198,0.398682,0.046042,,626000,,
3,1,,0.073916,0.459736,0.092613,0.180756,0.047896,0.116151,0.028931,,625100,,
3,1,,0.037492,0.578701,0.022204,0.20969,0.014377,0.128576,0.008961,,625700,,
3,5,,0.12147,0.188532,0.161748,0.085105,0.121819,0.214323,0.107004,,627700,,
3,1,,0.073832,0.329781,0.096057,0.141625,0.054458,0.257888,0.046359,,626300,,
3,1,,0.050181,0.503001,0.059303,0.198955,0.02842,0.139666,0.020473,,628800,,
3,1,,0.049395,0.5246,0.057286,0.194389,0.028914,0.124396,0.02102,,626100,,
3,1,,0.049395,0.5246,0.057286,0.194389,0.028914,0.124396,0.02102,,636600,,
3,5,,0.044514,0.294119,0.057131,0.121314,0.038198,0.398682,0.046042,,628200,,
3,5,,0.024581,0.341618,0.068618,0.142097,0.025014,0.364292,0.03378,,626500,,
3,5,,0.075101,0.23984,0.113518,0.11241,0.076663,0.311327,0.071141,,625900,,
3,1,,0.074338,0.397088,0.034457,0.168483,0.031178,0.261543,0.032913,,627900,,
3,1,,0.08485,0.437015,0.101038,0.16858,0.056926,0.116194,0.035396,,631000,,
3,1,,0.080686,0.295867,0.112075,0.135852,0.07368,0.236261,0.06558,,629700,,
3,1,,0.061172,0.363652,0.083543,0.158422,0.041143,0.257844,0.034224,,627300,,
3,1,,0.038377,0.417367,0.052305,0.167433,0.026445,0.266089,0.031983,,635400,,
3,1,,0.038377,0.417367,0.052305,0.167433,0.026445,0.266089,0.031983,,631900,,
3,1,,0.07219,0.490886,0.068524,0.185377,0.043612,0.116151,0.02326,,624200,,
3,5,,0.047376,0.307904,0.079856,0.133085,0.039712,0.356047,0.036021,,639600,,
4,2,,0.149522,0.131389,0.197203,0.055884,0.196104,0.117785,0.152112,,631700,,
4,2,,0.149522,0.131389,0.217203,0.055884,0.176104,0.117785,0.152112,,627600,,
4,2,,0.149522,0.131389,0.197203,0.055884,0.176104,0.137785,0.152112,,630300,,
4,1,,0.119506,0.25111,0.157832,0.093449,0.117404,0.158998,0.101701,,651000,,
4,2,,0.195264,0.062805,0.247358,0.031558,0.20667,0.028978,0.227367,,630000,,
4,6,,0.196032,0.020022,0.246782,0.02222,0.239352,0.00026,0.275332,,637100,,
4,2,,0.196032,0.020022,0.266782,0.02222,0.239352,0.00026,0.255332,,624500,,
4,5,,0.07614,0.25129,0.113236,0.110657,0.07294,0.308903,0.066834,,626500,,
4,6,,0.190512,0.02,0.242324,0.027285,0.238183,0.007273,0.274423,,625000,,
4,2,,0.149522,0.151389,0.197203,0.055884,0.176104,0.117785,0.152112,,625100,,
4,2,,0.196032,0.040022,0.266782,0.02222,0.219352,0.00026,0.255332,,633900,,
4,2,,0.149522,0.131389,0.197203,0.055884,0.156104,0.137785,0.172112,,630500,,
4,6,,0.196032,0.040022,0.246782,0.02222,0.219352,0.00026,0.275332,,632300,,
4,6,,0.190512,0.02,0.242324,0.027285,0.238183,0.007273,0.274423,,631300,,
4,2,,0.204547,0.040022,0.265344,0.023312,0.221119,0.00026,0.245396,,628300,,
4,2,,0.149522,0.131389,0.217203,0.055884,0.176104,0.117785,0.152112,,630500,,
4,6,,0.188011,0.051379,0.212454,0.036502,0.228661,0.018612,0.264381,,625700,,
4,2,,0.149522,0.131389,0.197203,0.055884,0.176104,0.137785,0.152112,,625100,,
4,1,,0.119506,0.23111,0.157832,0.093449,0.117404,0.178998,0.101701,,630300,,
4,4,,0.190512,0.02,0.242324,0.027285,0.278183,0.007273,0.234423,,624700,,
4,2,,0.186779,0.074233,0.237748,0.034502,0.197146,0.053481,0.216111,,624100,,
4,2,,0.149522,0.131389,0.197203,0.055884,0.156104,0.117785,0.192112,,626700,,
4,6,,0.190512,0.02,0.262324,0.027285,0.218183,0.007273,0.274423,,624500,,
4,6,,0.196032,0.040022,0.246782,0.02222,0.219352,0.00026,0.275332,,626500,,
4,2,,0.186779,0.074233,0.257748,0.034502,0.217146,0.053481,0.176111,,631300,,
4,2,,0.204547,0.040022,0.265344,0.023312,0.221119,0.00026,0.245396,,624600,,
4,2,,0.186779,0.074233,0.237748,0.034502,0.197146,0.053481,0.216111,,626800,,
4,2,,0.172616,0.15328,0.215714,0.065171,0.213098,0.027054,0.153067,,640600,,
4,2,,0.153007,0.11996,0.202311,0.052702,0.161342,0.113197,0.19748,,627600,,
4,6,,0.190512,0.02,0.262324,0.027285,0.218183,0.007273,0.274423,,626300,,
4,6,,0.196032,0.020022,0.246782,0.02222,0.239352,0.00026,0.275332,,623500,,
4,6,,0.196032,0.020022,0.266782,0.02222,0.219352,0.00026,0.275332,,626200,,
4,2,,0.158024,0.187473,0.20136,0.077807,0.198095,0.036006,0.141235,,625500,,
4,2,,0.187569,0.107961,0.244699,0.047922,0.223339,0.018242,0.170268,,624100,,
4,2,,0.149522,0.131389,0.197203,0.055884,0.196104,0.117785,0.152112,,625700,,
4,6,,0.196032,0.020022,0.266782,0.02222,0.219352,0.00026,0.275332,,626600,,
4,6,,0.190512,0.02,0.242324,0.027285,0.238183,0.007273,0.274423,,626300,,
4,4,,0.188011,0.051379,0.232454,0.036502,0.248661,0.018612,0.224381,,629600,,
4,6,,0.190512,0.02,0.262324,0.027285,0.218183,0.007273,0.274423,,628200,,
4,6,,0.196032,0.020022,0.246782,0.02222,0.239352,0.00026,0.275332,,624400,,
4,2,,0.149522,0.131389,0.197203,0.055884,0.156104,0.117785,0.192112,,629100,,
4,2,,0.204547,0.040022,0.265344,0.023312,0.221119,0.00026,0.245396,,627700,,
4,6,,0.190512,0.04,0.222324,0.027285,0.238183,0.007273,0.274423,,625600,,
4,6,,0.190512,0.02,0.242324,0.027285,0.238183,0.007273,0.274423,,626000,,
4,6,,0.196032,0.020022,0.246782,0.02222,0.239352,0.00026,0.275332,,625200,,
4,6,,0.190512,0.02,0.242324,0.027285,0.238183,0.007273,0.274423,,625500,,
4,6,,0.204547,0.040022,0.245344,0.023312,0.241119,0.00026,0.245396,,625400,,
4,2,,0.195264,0.062805,0.247358,0.031558,0.20667,0.028978,0.227367,,625600,,
4,1,,0.119506,0.25111,0.157832,0.093449,0.117404,0.158998,0.101701,,625200,,
4,6,,0.195345,0.040022,0.248713,0.023939,0.241625,0.000304,0.250051,,624300,,
4,5,,0.093156,0.211364,0.132892,0.095989,0.093092,0.28997,0.083536,,630600,,
4,6,,0.196032,0.040022,0.246782,0.02222,0.239352,0.00026,0.255332,,649000,,
4,6,,0.204547,0.040022,0.245344,0.023312,0.241119,0.00026,0.245396,,624700,,
4,2,,0.153007,0.11996,0.222311,0.052702,0.181342,0.113197,0.15748,,639100,,
4,2,,0.149522,0.131389,0.217203,0.055884,0.176104,0.117785,0.152112,,633400,,
4,6,,0.196032,0.040022,0.246782,0.02222,0.239352,0.00026,0.255332,,628400,,
4,2,,0.149522,0.151389,0.197203,0.055884,0.176104,0.117785,0.152112,,634900,,
4,6,,0.190512,0.02,0.242324,0.027285,0.238183,0.007273,0.274423,,630600,,
4,2,,0.195345,0.040022,0.268713,0.023939,0.221625,0.000304,0.250051,,626700,,
4,2,,0.204547,0.040022,0.265344,0.023312,0.221119,0.00026,0.245396,,628700,,
4,6,,0.190512,0.04,0.242324,0.027285,0.218183,0.007273,0.274423,,629300,,
4,2,,0.149522,0.151389,0.197203,0.055884,0.176104,0.117785,0.152112,,631900,,
4,2,,0.195264,0.062805,0.267358,0.031558,0.22667,0.028978,0.187367,,630500,,
4,2,,0.186779,0.074233,0.237748,0.034502,0.197146,0.053481,0.216111,,631900,,
4,5,,0.129955,0.177103,0.171359,0.082161,0.131342,0.18982,0.118259,,630500,,
4,2,,0.204547,0.040022,0.265344,0.023312,0.221119,0.00026,0.245396,,636900,,
5,5,,0.083586,0.23984,0.123345,0.113233,0.086187,0.2715,0.082311,,631700,,
5,5,,0.029141,0.31663,0.050303,0.127435,0.028607,0.405046,0.042838,,636300,,
5,5,,0.044514,0.294119,0.057131,0.121314,0.038198,0.398682,0.046042,,630800,,
5,5,,0.063651,0.262648,0.098301,0.118691,0.061295,0.339457,0.055958,,635500,,
5,5,,0.021719,0.327834,0.045893,0.130326,0.0235,0.406928,0.043801,,633800,,
5,5,,0.022505,0.306235,0.027909,0.134892,0.043006,0.422198,0.043255,,633000,,
5,5,,0.021719,0.327834,0.045893,0.130326,0.0235,0.406928,0.043801,,630400,,
5,5,,0.022505,0.306235,0.047909,0.134892,0.023006,0.422198,0.043255,,631200,,
5,5,,0.060036,0.274033,0.09237,0.116288,0.053026,0.35609,0.048156,,628500,,
5,5,,0.044514,0.274119,0.077131,0.121314,0.038198,0.398682,0.046042,,655200,,
5,5,,0.044514,0.294119,0.057131,0.121314,0.038198,0.398682,0.046042,,629900,,
5,5,,0.021719,0.327834,0.045893,0.130326,0.0235,0.406928,0.043801,,630300,,
5,5,,0.044514,0.294119,0.057131,0.121314,0.038198,0.398682,0.046042,,629300,,
5,5,,0.021719,0.317096,0.046927,0.13255,0.023325,0.414635,0.043747,,628600,,
5,5,,0.044514,0.294119,0.057131,0.121314,0.038198,0.398682,0.046042,,628400,,
5,5,,0.044514,0.274119,0.077131,0.121314,0.038198,0.398682,0.046042,,627200,,
5,5,,0.044514,0.294119,0.057131,0.121314,0.038198,0.398682,0.046042,,633600,,
5,5,,0.021719,0.327834,0.045893,0.130326,0.0235,0.406928,0.043801,,628700,,
5,5,,0.044514,0.274119,0.077131,0.121314,0.038198,0.398682,0.046042,,626200,,
5,5,,0.021719,0.317096,0.046927,0.13255,0.023325,0.414635,0.043747,,625300,,
5,5,,0.07062,0.251268,0.108778,0.115722,0.071771,0.315916,0.065925,,635800,,
5,5,,0.044514,0.274119,0.077131,0.121314,0.038198,0.398682,0.046042,,629700,,
5,5,,0.044514,0.274119,0.077131,0.121314,0.038198,0.398682,0.046042,,636500,,
5,5,,0.044514,0.294119,0.057131,0.121314,0.038198,0.398682,0.046042,,634200,,
5,5,,0.044514,0.294119,0.057131,0.121314,0.038198,0.398682,0.046042,,628400,,
5,5,,0.044514,0.274119,0.077131,0.121314,0.038198,0.398682,0.046042,,627700,,
5,5,,0.063651,0.262648,0.098301,0.118691,0.061295,0.339457,0.055958,,626300,,
5,5,,0.044514,0.274119,0.077131,0.121314,0.038198,0.398682,0.046042,,628100,,
5,5,,0.044514,0.274119,0.077131,0.121314,0.038198,0.398682,0.046042,,630000,,
5,5,,0.044514,0.294119,0.057131,0.121314,0.038198,0.398682,0.046042,,626400,,
5,5,,0.033383,0.305202,0.055,0.12408,0.033369,0.400457,0.048509,,632400,,
5,5,,0.048756,0.274119,0.082044,0.121726,0.042959,0.378768,0.051627,,630600,,
5,5,,0.060036,0.274033,0.09237,0.116288,0.053026,0.35609,0.048156,,630400,,
5,5,,0.021719,0.327834,0.045893,0.130326,0.0235,0.406928,0.043801,,659200,,
5,5,,0.044514,0.274119,0.077131,0.121314,0.038198,0.398682,0.046042,,628700,,
5,5,,0.022505,0.306235,0.047909,0.134892,0.023006,0.422198,0.043255,,629800,,
5,5,,0.021719,0.327834,0.045893,0.130326,0.0235,0.406928,0.043801,,627800,,
5,5,,0.048756,0.274119,0.082044,0.121726,0.042959,0.378768,0.051627,,628400,,
5,5,,0.021719,0.317096,0.046927,0.13255,0.023325,0.414635,0.043747,,626300,,
5,5,,0.022505,0.306235,0.047909,0.134892,0.023006,0.422198,0.043255,,628100,,
5,5,,0.022505,0.306235,0.047909,0.134892,0.023006,0.422198,0.043255,,625900,,
5,5,,0.083586,0.23984,0.123345,0.113233,0.086187,0.2715,0.082311,,631000,,
5,5,,0.044514,0.274119,0.077131,0.121314,0.038198,0.398682,0.046042,,629200,,
5,5,,0.022505,0.306235,0.047909,0.134892,0.023006,0.422198,0.043255,,628000,,
5,5,,0.075101,0.23984,0.113518,0.11241,0.076663,0.311327,0.071141,,627600,,
5,5,,0.044514,0.274119,0.077131,0.121314,0.038198,0.398682,0.046042,,630000,,
5,5,,0.022505,0.306235,0.047909,0.134892,0.023006,0.422198,0.043255,,627100,,
5,5,,0.087828,0.23984,0.128258,0.113644,0.090948,0.251586,0.087896,,631000,,
5,5,,0.021719,0.317096,0.046927,0.13255,0.023325,0.414635,0.043747,,628700,,
5,5,,0.022505,0.306235,0.047909,0.134892,0.023006,0.422198,0.043255,,627900,,
5,5,,0.044514,0.274119,0.077131,0.121314,0.038198,0.398682,0.046042,,627700,,
5,5,,0.022505,0.306235,0.047909,0.134892,0.023006,0.422198,0.043255,,628900,,
5,5,,0.022505,0.306235,0.047909,0.134892,0.023006,0.422198,0.043255,,627100,,
5,5,,0.044514,0.274119,0.077131,0.121314,0.038198,0.398682,0.046042,,629400,,
5,5,,0.022505,0.306235,0.047909,0.134892,0.023006,0.422198,0.043255,,629000,,
5,5,,0.044514,0.294119,0.057131,0.121314,0.038198,0.398682,0.046042,,627800,,
5,5,,0.022505,0.306235,0.047909,0.134892,0.023006,0.422198,0.043255,,645300,,
5,5,,0.021719,0.327834,0.045893,0.130326,0.0235,0.406928,0.043801,,627900,,
5,5,,0.044514,0.294119,0.057131,0.121314,0.038198,0.398682,0.046042,,628200,,
5,5,,0.048756,0.274119,0.082044,0.121726,0.042959,0.378768,0.051627,,626400,,
5,5,,0.044514,0.294119,0.057131,0.121314,0.038198,0.398682,0.046042,,629100,,
5,5,,0.021719,0.327834,0.045893,0.130326,0.0235,0.406928,0.043801,,628600,,
5,5,,0.022505,0.306235,0.047909,0.134892,0.023006,0.422198,0.043255,,626900,,
5,5,,0.044514,0.294119,0.057131,0.121314,0.038198,0.398682,0.046042,,628500,,
5,5,,0.022505,0.306235,0.047909,0.134892,0.023006,0.422198,0.043255,,624400,,
5,5,,0.060166,0.262648,0.092976,0.118107,0.056057,0.358688,0.051359,,626800,,
6,2,,0.129876,0.131389,0.204779,0.053748,0.154054,0.137742,0.188411,,630100,,
6,2,,0.129876,0.131389,0.204779,0.053748,0.154054,0.137742,0.188411,,627000,,
6,6,,0.157473,0.074271,0.220232,0.044155,0.209767,0.042877,0.251225,,627400,,
6,6,,0.102143,0.15415,0.181655,0.076504,0.133788,0.167251,0.184509,,624100,,
6,5,,0.102143,0.15415,0.181655,0.076504,0.133788,0.187251,0.164509,,626300,,
6,6,,0.097662,0.165579,0.176915,0.079815,0.128897,0.17184,0.179292,,626200,,
6,2,,0.129876,0.131389,0.204779,0.053748,0.154054,0.137742,0.188411,,626400,,
6,2,,0.107662,0.154172,0.186114,0.071439,0.134957,0.180238,0.165418,,628800,,
6,2,,0.107662,0.154172,0.186114,0.071439,0.134957,0.160238,0.185418,,630300,,
6,2,,0.134119,0.11996,0.209476,0.050393,0.158816,0.133153,0.194082,,625500,,
6,6,,0.146846,0.108532,0.224,0.047861,0.173102,0.068737,0.230923,,627700,,
6,6,,0.102143,0.15415,0.181655,0.076504,0.133788,0.167251,0.184509,,626700,,
6,2,,0.134119,0.11996,0.209476,0.050393,0.158816,0.133153,0.194082,,626600,,
6,6,,0.151805,0.108532,0.195717,0.046822,0.187833,0.108607,0.200683,,630600,,
6,2,,0.10761,0.15415,0.185997,0.071064,0.138087,0.160318,0.182773,,644600,,
6,2,,0.128599,0.119939,0.205017,0.055458,0.157647,0.140166,0.193173,,627700,,
6,5,,0.102143,0.15415,0.181655,0.076504,0.133788,0.187251,0.164509,,627200,,
6,6,,0.133559,0.131367,0.176951,0.058186,0.152379,0.144711,0.202847,,625800,,
6,6,,0.102143,0.15415,0.181655,0.076504,0.133788,0.167251,0.184509,,628300,,
6,6,,0.102143,0.15415,0.181655,0.076504,0.133788,0.167251,0.184509,,627200,,
6,6,,0.164164,0.074271,0.226776,0.048852,0.179736,0.068904,0.237296,,626400,,
6,2,,0.124357,0.131367,0.20032,0.058813,0.152885,0.144755,0.187502,,630300,,
6,2,,0.134119,0.11996,0.209476,0.050393,0.158816,0.133153,0.194082,,626600,,
6,2,,0.129876,0.131389,0.204779,0.053748,0.154054,0.137742,0.188411,,625000,,
6,6,,0.157473,0.074271,0.240232,0.044155,0.189767,0.042877,0.251225,,626200,,
6,2,,0.129876,0.131389,0.204779,0.053748,0.154054,0.137742,0.188411,,625400,,
6,2,,0.129876,0.131389,0.204779,0.053748,0.154054,0.137742,0.188411,,628600,,
6,2,,0.10761,0.15415,0.185997,0.071064,0.138087,0.160318,0.182773,,626900,,
6,2,,0.107662,0.154172,0.186114,0.071439,0.134957,0.160238,0.185418,,624600,,
6,5,,0.096234,0.182697,0.171289,0.082287,0.123184,0.195005,0.149303,,627500,,
6,2,,0.128599,0.119939,0.205017,0.055458,0.157647,0.140166,0.193173,,634300,,
6,2,,0.113129,0.154172,0.190456,0.065999,0.139256,0.153305,0.183682,,621800,,
6,2,,0.10761,0.15415,0.185997,0.071064,0.138087,0.160318,0.182773,,633600,,
6,6,,0.102143,0.15415,0.181655,0.076504,0.133788,0.167251,0.184509,,627200,,
6,2,,0.129876,0.131389,0.204779,0.053748,0.154054,0.137742,0.188411,,624900,,
6,5,,0.102143,0.15415,0.181655,0.076504,0.133788,0.187251,0.164509,,626200,,
6,2,,0.11325,0.142771,0.190945,0.06762,0.143337,0.156072,0.186005,,626600,,
6,2,,0.107662,0.154172,0.186114,0.071439,0.134957,0.160238,0.185418,,626600,,
6,6,,0.102143,0.15415,0.181655,0.076504,0.133788,0.167251,0.184509,,645600,,
6,6,,0.110089,0.159865,0.173351,0.080422,0.12852,0.172921,0.174833,,627800,,
6,6,,0.153816,0.085674,0.234216,0.041497,0.183578,0.059559,0.241659,,630000,,
6,2,,0.134119,0.11996,0.209476,0.050393,0.158816,0.133153,0.194082,,628000,,
6,2,,0.129876,0.131389,0.204779,0.053748,0.154054,0.137742,0.188411,,624900,,
6,2,,0.146846,0.108532,0.224,0.047861,0.173102,0.088737,0.210923,,628200,,
6,6,,0.159446,0.085653,0.196864,0.057753,0.193331,0.080208,0.226744,,626100,,
6,6,,0.102143,0.15415,0.181655,0.076504,0.133788,0.167251,0.184509,,628900,,
6,2,,0.107662,0.154172,0.186114,0.071439,0.134957,0.160238,0.185418,,627300,,
6,2,,0.118769,0.142793,0.195404,0.062555,0.144506,0.149059,0.186914,,626700,,
6,6,,0.100887,0.159865,0.17672,0.081049,0.129026,0.172965,0.179487,,628300,,
6,2,,0.142604,0.108532,0.219087,0.04745,0.16834,0.108651,0.205338,,627900,,
6,2,,0.113129,0.154172,0.190456,0.065999,0.139256,0.153305,0.183682,,624700,,
6,2,,0.107662,0.154172,0.186114,0.071439,0.134957,0.160238,0.185418,,628800,,
6,6,,0.102143,0.15415,0.181655,0.076504,0.133788,0.167251,0.184509,,628400,,
6,2,,0.134119,0.11996,0.209476,0.050393,0.158816,0.133153,0.194082,,625100,,
6,2,,0.124357,0.131367,0.20032,0.058813,0.152885,0.144755,0.187502,,626400,,
6,6,,0.156048,0.108532,0.220631,0.047234,0.172595,0.068693,0.226268,,622100,,
6,2,,0.124357,0.131367,0.20032,0.058813,0.152885,0.144755,0.187502,,627700,,
6,6,,0.146846,0.108532,0.224,0.047861,0.173102,0.068737,0.230923,,624700,,
6,2,,0.133559,0.131367,0.196951,0.058186,0.152379,0.144711,0.182847,,626400,,
6,2,,0.118769,0.142793,0.195404,0.062555,0.144506,0.149059,0.186914,,628000,,
6,2,,0.124357,0.131367,0.20032,0.058813,0.152885,0.144755,0.187502,,625400,,
6,6,,0.150331,0.097103,0.229108,0.044679,0.17834,0.064148,0.236291,,626900,,
6,6,,0.142604,0.108532,0.219087,0.04745,0.16834,0.088651,0.225338,,642400,,
6,2,,0.143321,0.11996,0.206107,0.049766,0.15831,0.133109,0.189428,,626100,,
6,6,,0.124357,0.131367,0.20032,0.058813,0.152885,0.124755,0.207502,,629100,,
6,6,,0.102143,0.15415,0.181655,0.076504,0.133788,0.167251,0.184509,,630400,,