statlog-shuttle,CWE,test,0,NANOSECONDS,PREDICTIONS, Generated by ClassifierExperiments.java on 2022-05-16 22:38:11.    SYSTEMPROPERTIES:{user.name:matth,os.arch:amd64,os.name:Windows 10},ENDSYSTEMPROPERTIES
No parameter info
0.7858312505386538,3875064600,109337070500,-1,254895032,7,,-1,-1
0,0,,0.779569,0.00074,0.012515,0.1022,0.084655,0.000036,0.020285,,7669800,,
0,0,,0.819271,0.000491,0.01239,0.093326,0.054179,0.000032,0.020311,,6952600,,
0,0,,0.812887,0.000281,0.01197,0.077276,0.077315,0.00005,0.02022,,7624000,,
0,0,,0.779569,0.00074,0.012515,0.1022,0.084655,0.000036,0.020285,,7910600,,
0,0,,0.77729,0.000393,0.012042,0.09545,0.094572,0.000082,0.02017,,9110900,,
0,0,,0.734618,0.001183,0.012749,0.127683,0.103464,0.000022,0.02028,,7572800,,
0,0,,0.807738,0.000263,0.012022,0.079395,0.080309,0.000053,0.020221,,7773200,,
0,0,,0.636088,0.000507,0.012279,0.170516,0.180358,0.000162,0.000091,,10303700,,
0,0,,0.807847,0.000339,0.012237,0.095902,0.063371,0.000068,0.020236,,9377400,,
0,0,,0.722475,0.00046,0.012717,0.149046,0.094996,0.000092,0.020214,,9119300,,
0,0,,0.871952,0.000337,0.011778,0.063191,0.032471,0.000047,0.020223,,11304200,,
0,0,,0.701426,0.000718,0.011997,0.148026,0.137628,0.000195,0.000009,,8141700,,
0,0,,0.792411,0.00066,0.012422,0.095921,0.078263,0.000038,0.020285,,7918800,,
0,0,,0.71731,0.000449,0.012146,0.143766,0.106068,0.000128,0.020133,,8524300,,
0,0,,0.807558,0.000248,0.01219,0.079395,0.080309,0.000053,0.020248,,8385200,,
0,0,,0.754901,0.000398,0.012268,0.119944,0.092192,0.000095,0.020201,,8740800,,
0,0,,0.810317,0.000281,0.01197,0.077276,0.079885,0.00005,0.02022,,8121700,,
0,0,,0.841292,0.000313,0.012436,0.073548,0.052059,0.000039,0.020312,,8482900,,
0,0,,0.700814,0.0007,0.011998,0.151121,0.135167,0.000183,0.000016,,9527000,,
0,0,,0.810317,0.000281,0.01197,0.077276,0.079885,0.00005,0.02022,,8700700,,
0,0,,0.810177,0.000694,0.012758,0.112066,0.043969,0.000037,0.020298,,8060700,,
0,0,,0.871362,0.000334,0.011693,0.056792,0.039591,0.000052,0.020176,,8443600,,
0,0,,0.721282,0.000686,0.011826,0.139203,0.126802,0.000176,0.000025,,8221100,,
0,0,,0.680814,0.0007,0.011998,0.151121,0.155167,0.000183,0.000016,,11519100,,
0,0,,0.851285,0.000281,0.011778,0.062661,0.053725,0.000047,0.020223,,21456300,,
0,0,,0.643114,0.000507,0.012111,0.162596,0.181454,0.000159,0.000059,,7954500,,
0,0,,0.716384,0.001293,0.01291,0.140204,0.108888,0.000041,0.02028,,8413800,,
0,0,,0.841919,0.000302,0.012102,0.06211,0.063277,0.000049,0.020242,,7601700,,
0,0,,0.730888,0.000641,0.011974,0.138465,0.097808,0.000162,0.020062,,7742200,,
0,0,,0.633626,0.000593,0.012628,0.192716,0.160138,0.000165,0.000135,,9576600,,
0,0,,0.808129,0.000551,0.012732,0.094136,0.064113,0.000035,0.020304,,8972000,,
0,0,,0.689195,0.000718,0.012161,0.153933,0.143788,0.000195,0.000009,,9097700,,
0,0,,0.721282,0.000686,0.011826,0.139203,0.126802,0.000176,0.000025,,8711700,,
0,0,,0.760974,0.000467,0.011748,0.120366,0.086234,0.000125,0.020087,,8316500,,
0,0,,0.716384,0.001293,0.01291,0.140204,0.108888,0.000041,0.02028,,9467800,,
0,0,,0.712974,0.000686,0.011939,0.141426,0.132765,0.000185,0.000025,,7417600,,
0,0,,0.904898,0.000278,0.011747,0.039149,0.02365,0.00002,0.020258,,7691700,,
0,0,,0.745991,0.000641,0.011803,0.121171,0.100186,0.000156,0.020051,,8134900,,
0,0,,0.84795,0.000358,0.011979,0.064654,0.054766,0.000052,0.020242,,7823700,,
0,0,,0.821623,0.000281,0.011943,0.068568,0.077315,0.000047,0.020223,,8440000,,
0,0,,0.718712,0.000686,0.011826,0.139203,0.129372,0.000176,0.000025,,7461000,,
0,0,,0.822291,0.000337,0.011943,0.089098,0.056061,0.000047,0.020223,,8005600,,
0,0,,0.79418,0.000673,0.012558,0.110604,0.061674,0.000032,0.02028,,8156300,,
0,0,,0.716384,0.001293,0.01291,0.140204,0.108888,0.000041,0.02028,,9652400,,
0,0,,0.776926,0.000379,0.01221,0.09545,0.094756,0.000082,0.020197,,8936200,,
0,0,,0.779569,0.00074,0.012515,0.1022,0.084655,0.000036,0.020285,,8580400,,
0,0,,0.643114,0.000507,0.012111,0.162596,0.181454,0.000159,0.000059,,8102400,,
0,0,,0.639215,0.000489,0.01223,0.169927,0.177883,0.000158,0.000098,,6838800,,
0,0,,0.80979,0.000506,0.012388,0.099233,0.057769,0.000032,0.020284,,6943800,,
0,0,,0.721682,0.001127,0.012673,0.110922,0.133287,0.000024,0.020286,,8945500,,
0,0,,0.666572,0.000534,0.012596,0.168673,0.131317,0.000138,0.02017,,8399300,,
0,0,,0.833375,0.000323,0.012137,0.077807,0.056061,0.00005,0.020248,,8892500,,
0,0,,0.79418,0.000673,0.012558,0.110604,0.061674,0.000032,0.02028,,11633500,,
0,0,,0.904898,0.000278,0.011747,0.039149,0.02365,0.00002,0.020258,,10156700,,
0,0,,0.864898,0.000278,0.011747,0.059149,0.04365,0.00002,0.020258,,8347300,,
0,0,,0.720867,0.000467,0.012154,0.136435,0.109823,0.000129,0.020126,,8402900,,
0,0,,0.864898,0.000278,0.011747,0.059149,0.04365,0.00002,0.020258,,10507000,,
0,0,,0.779389,0.000726,0.012682,0.1022,0.084655,0.000036,0.020312,,9381900,,
0,0,,0.778613,0.000726,0.012726,0.102927,0.084655,0.000036,0.020317,,9403800,,
0,0,,0.851023,0.00032,0.011987,0.056792,0.059591,0.000052,0.020235,,10440400,,
0,0,,0.820822,0.000491,0.012302,0.091873,0.054179,0.000032,0.020301,,9497400,,
0,0,,0.839451,0.000506,0.012223,0.093326,0.034179,0.000032,0.020284,,9038100,,
0,0,,0.713999,0.000467,0.012196,0.144355,0.128726,0.000132,0.000126,,12386000,,
0,0,,0.806706,0.000566,0.012373,0.099521,0.060523,0.000032,0.02028,,9394000,,
0,0,,0.82919,0.000383,0.01259,0.080134,0.057354,0.000038,0.020312,,7103200,,
0,0,,0.821002,0.000506,0.012135,0.091873,0.054179,0.000032,0.020274,,7767700,,
0,0,,0.822291,0.000337,0.011943,0.089098,0.056061,0.000047,0.020223,,8657800,,
0,0,,0.680814,0.0007,0.011998,0.151121,0.155167,0.000183,0.000016,,9418100,,
0,0,,0.812887,0.000281,0.01197,0.077276,0.077315,0.00005,0.02022,,10268900,,
0,0,,0.848534,0.000267,0.011946,0.062661,0.056296,0.000047,0.02025,,14221000,,
0,0,,0.643114,0.000507,0.012111,0.162596,0.181454,0.000159,0.000059,,11248500,,
0,0,,0.750941,0.0008,0.012456,0.102201,0.113276,0.000036,0.02029,,9909200,,
0,0,,0.651192,0.000492,0.01223,0.156585,0.179249,0.000152,0.000099,,8223900,,
0,0,,0.716384,0.001293,0.01291,0.140204,0.108888,0.000041,0.02028,,7544300,,
0,0,,0.840822,0.000491,0.012302,0.091873,0.034179,0.000032,0.020301,,6986500,,
0,0,,0.698553,0.000395,0.012165,0.144422,0.124197,0.000126,0.020141,,7588600,,
0,0,,0.864898,0.000278,0.011747,0.059149,0.04365,0.00002,0.020258,,6819700,,
0,0,,0.644666,0.000507,0.012023,0.161142,0.181454,0.000159,0.000049,,7253500,,
0,0,,0.678662,0.000472,0.01238,0.160929,0.127259,0.000141,0.020157,,6679500,,
0,0,,0.773549,0.000376,0.012034,0.102781,0.091001,0.000082,0.020177,,7214500,,
0,0,,0.779389,0.000726,0.012682,0.1022,0.084655,0.000036,0.020312,,7249400,,
0,0,,0.808639,0.000379,0.01206,0.088754,0.069886,0.000082,0.0202,,7140100,,
0,0,,0.642956,0.000507,0.012238,0.162596,0.181454,0.000159,0.000091,,6945800,,
0,0,,0.635849,0.000682,0.012051,0.153239,0.197977,0.000186,0.000016,,7508000,,
0,0,,0.700814,0.0007,0.011998,0.151121,0.135167,0.000183,0.000016,,7644800,,
0,0,,0.728338,0.001048,0.012648,0.103493,0.134156,0.000027,0.02029,,6810200,,
0,0,,0.749687,0.001018,0.012622,0.126822,0.089543,0.000028,0.02028,,6941400,,
0,0,,0.810137,0.000267,0.012137,0.077276,0.079885,0.00005,0.020248,,6824200,,
0,0,,0.884898,0.000278,0.011747,0.039149,0.04365,0.00002,0.020258,,6813700,,
0,0,,0.851023,0.00032,0.011987,0.056792,0.059591,0.000052,0.020235,,6815200,,
0,0,,0.755421,0.000401,0.012685,0.125004,0.086175,0.000065,0.020249,,6538100,,
0,0,,0.841002,0.000506,0.012135,0.091873,0.034179,0.000032,0.020274,,6579600,,
0,0,,0.653965,0.000507,0.012467,0.18012,0.152638,0.00016,0.000144,,8159900,,
0,0,,0.839451,0.000506,0.012223,0.093326,0.034179,0.000032,0.020284,,9721600,,
0,0,,0.818416,0.000393,0.011724,0.080834,0.068412,0.000079,0.020141,,8729700,,
0,0,,0.838873,0.000267,0.01211,0.068568,0.059885,0.000047,0.02025,,8618100,,
0,0,,0.642956,0.000507,0.012238,0.162596,0.181454,0.000159,0.000091,,9727000,,
0,0,,0.835345,0.000355,0.012126,0.081563,0.050302,0.000035,0.020274,,8179900,,
0,0,,0.787667,0.000325,0.012404,0.095902,0.083371,0.000068,0.020263,,10585000,,
0,0,,0.844826,0.000341,0.012129,0.075656,0.046713,0.000035,0.020301,,9044700,,
0,0,,0.743406,0.000882,0.01252,0.102632,0.120236,0.000033,0.02029,,8471600,,
0,0,,0.871362,0.000334,0.011693,0.056792,0.039591,0.000052,0.020176,,11204400,,
0,0,,0.774793,0.000322,0.012053,0.103437,0.08913,0.00008,0.020185,,9667800,,
0,0,,0.812887,0.000281,0.01197,0.077276,0.077315,0.00005,0.02022,,8598000,,
0,0,,0.745991,0.000641,0.011803,0.121171,0.100186,0.000156,0.020051,,7653000,,
0,0,,0.795577,0.000387,0.012621,0.103646,0.067429,0.000065,0.020276,,10336100,,
0,0,,0.815846,0.000393,0.011724,0.080834,0.070983,0.000079,0.020141,,12973700,,
0,0,,0.721051,0.000467,0.012154,0.136435,0.109639,0.000129,0.020126,,9716300,,
0,0,,0.871203,0.000334,0.011819,0.056792,0.039591,0.000052,0.020208,,11023300,,
0,0,,0.680814,0.0007,0.011998,0.151121,0.155167,0.000183,0.000016,,9695200,,
0,0,,0.745991,0.000641,0.011803,0.121171,0.100186,0.000156,0.020051,,8264700,,
0,0,,0.818416,0.000393,0.011724,0.080834,0.068412,0.000079,0.020141,,8439700,,
0,0,,0.703367,0.000526,0.011888,0.143184,0.140838,0.000149,0.000049,,7590100,,
0,0,,0.728338,0.001048,0.012648,0.103493,0.134156,0.000027,0.02029,,8154100,,
0,0,,0.854818,0.000358,0.011937,0.056733,0.055863,0.000049,0.020242,,7973800,,
0,0,,0.839053,0.000281,0.011943,0.068568,0.059885,0.000047,0.020223,,8670200,,
0,0,,0.806706,0.000566,0.012373,0.099521,0.060523,0.000032,0.02028,,7250900,,
0,0,,0.797045,0.000566,0.012537,0.105428,0.064113,0.000032,0.02028,,7991100,,
0,0,,0.669195,0.000718,0.012161,0.153933,0.163788,0.000195,0.000009,,8318300,,
0,0,,0.819271,0.000491,0.01239,0.093326,0.054179,0.000032,0.020311,,8458600,,
0,0,,0.756285,0.000375,0.012411,0.11965,0.090955,0.000093,0.020231,,9052900,,
0,0,,0.865003,0.00039,0.011861,0.065243,0.03724,0.000055,0.020208,,8001200,,
0,0,,0.716384,0.001293,0.01291,0.140204,0.108888,0.000041,0.02028,,8920500,,
0,0,,0.854818,0.000358,0.011937,0.056733,0.055863,0.000049,0.020242,,9330800,,
0,0,,0.841002,0.000506,0.012135,0.091873,0.034179,0.000032,0.020274,,9422300,,
0,0,,0.804988,0.000248,0.01219,0.079395,0.082879,0.000053,0.020248,,9373400,,
0,0,,0.701426,0.000718,0.011997,0.148026,0.137628,0.000195,0.000009,,9573000,,
0,0,,0.791455,0.000646,0.012634,0.096648,0.078263,0.000038,0.020317,,8317200,,
0,0,,0.722811,0.00046,0.012485,0.127688,0.11625,0.000092,0.020214,,8390600,,
0,0,,0.734618,0.001183,0.012749,0.127683,0.103464,0.000022,0.02028,,8501900,,
0,0,,0.871203,0.000334,0.011819,0.056792,0.039591,0.000052,0.020208,,7127600,,
0,0,,0.680814,0.0007,0.011998,0.151121,0.155167,0.000183,0.000016,,8354400,,
0,0,,0.807738,0.000263,0.012022,0.079395,0.080309,0.000053,0.020221,,8392700,,
0,0,,0.904898,0.000278,0.011747,0.039149,0.02365,0.00002,0.020258,,9890000,,
0,0,,0.789411,0.000331,0.012212,0.095607,0.082134,0.000066,0.020239,,8063800,,
0,0,,0.864823,0.000376,0.012028,0.065243,0.03724,0.000055,0.020235,,9622700,,
0,0,,0.818258,0.000393,0.011851,0.080834,0.068412,0.000079,0.020173,,8859600,,
0,0,,0.851952,0.000337,0.011778,0.063191,0.052471,0.000047,0.020223,,8202300,,
0,0,,0.810317,0.000281,0.01197,0.077276,0.079885,0.00005,0.02022,,7145500,,
0,0,,0.831772,0.000323,0.011946,0.083191,0.052471,0.000047,0.02025,,9052800,,
0,0,,0.818052,0.000379,0.011891,0.080834,0.068596,0.000079,0.020168,,8658100,,
0,0,,0.692161,0.00043,0.012198,0.145884,0.129062,0.000131,0.020133,,17328100,,
0,0,,0.904718,0.000264,0.011914,0.039149,0.02365,0.00002,0.020285,,10156200,,
0,0,,0.698856,0.000718,0.011997,0.148026,0.140199,0.000195,0.000009,,10207300,,
0,0,,0.665608,0.000454,0.012197,0.168465,0.153018,0.000153,0.000106,,9554900,,
0,0,,0.776244,0.000442,0.012621,0.104176,0.086175,0.000065,0.020276,,11180200,,
0,0,,0.871952,0.000337,0.011778,0.063191,0.032471,0.000047,0.020223,,11113100,,
0,0,,0.754793,0.000322,0.012053,0.103437,0.10913,0.00008,0.020185,,10255700,,
0,0,,0.807738,0.000263,0.012022,0.079395,0.080309,0.000053,0.020221,,10503600,,
0,0,,0.815687,0.000393,0.011851,0.080834,0.070983,0.000079,0.020173,,10721600,,
0,0,,0.841002,0.000506,0.012135,0.091873,0.034179,0.000032,0.020274,,9450600,,
0,0,,0.763544,0.000467,0.011748,0.120366,0.083663,0.000125,0.020087,,13253300,,
0,0,,0.871362,0.000334,0.011693,0.056792,0.039591,0.000052,0.020176,,12248000,,
0,0,,0.812996,0.000358,0.012185,0.093783,0.060377,0.000065,0.020236,,10799800,,
0,0,,0.851362,0.000334,0.011693,0.056792,0.059591,0.000052,0.020176,,9352700,,
0,0,,0.716384,0.001293,0.01291,0.140204,0.108888,0.000041,0.02028,,8553000,,
0,0,,0.808514,0.000395,0.012237,0.096432,0.062117,0.000068,0.020236,,11899400,,
0,0,,0.774612,0.000307,0.012221,0.103437,0.08913,0.00008,0.020212,,9121800,,
0,0,,0.864718,0.000264,0.011914,0.059149,0.04365,0.00002,0.020285,,8571000,,
0,0,,0.749761,0.000467,0.012,0.127726,0.109823,0.000125,0.000097,,9869200,,
0,0,,0.680814,0.0007,0.011998,0.151121,0.155167,0.000183,0.000016,,8578200,,
0,0,,0.672322,0.0007,0.012112,0.153344,0.161314,0.000192,0.000016,,8523000,,
0,0,,0.716203,0.001279,0.013077,0.140204,0.108888,0.000041,0.020307,,7834600,,
0,0,,0.796424,0.000457,0.012453,0.104176,0.066175,0.000065,0.020249,,9506200,,
0,0,,0.821002,0.000506,0.012135,0.091873,0.054179,0.000032,0.020274,,8520800,,
0,0,,0.831772,0.000323,0.011946,0.083191,0.052471,0.000047,0.02025,,12353200,,
0,0,,0.819967,0.000393,0.011636,0.079381,0.068412,0.000079,0.020131,,19947500,,
0,0,,0.636088,0.000507,0.012279,0.170516,0.180358,0.000162,0.000091,,13724400,,
0,0,,0.780417,0.000376,0.011993,0.094861,0.092098,0.000079,0.020177,,8518200,,
0,0,,0.672322,0.0007,0.012112,0.153344,0.161314,0.000192,0.000016,,8064100,,
0,0,,0.642956,0.000507,0.012238,0.162596,0.181454,0.000159,0.000091,,11676100,,
0,0,,0.864898,0.000278,0.011747,0.059149,0.04365,0.00002,0.020258,,12573300,,
0,0,,0.647452,0.000475,0.012222,0.163916,0.175678,0.000151,0.000106,,9048800,,
0,0,,0.851285,0.000281,0.011778,0.062661,0.053725,0.000047,0.020223,,8952200,,
0,0,,0.669034,0.000448,0.012248,0.146473,0.171537,0.000135,0.000126,,10353100,,
0,0,,0.64728,0.000522,0.012386,0.184677,0.154843,0.000167,0.000125,,14011200,,
0,0,,0.778793,0.00074,0.012559,0.102927,0.084655,0.000036,0.02029,,10536200,,
0,0,,0.678553,0.000395,0.012165,0.144422,0.144197,0.000126,0.020141,,10855200,,
0,0,,0.813483,0.0004,0.012352,0.094314,0.059123,0.000065,0.020263,,9855500,,
0,0,,0.743406,0.000882,0.01252,0.102632,0.120236,0.000033,0.02029,,13536700,,
0,0,,0.663037,0.000454,0.012197,0.168465,0.155588,0.000153,0.000106,,9212000,,
0,0,,0.716203,0.001279,0.013077,0.140204,0.108888,0.000041,0.020307,,8247100,,
0,0,,0.802415,0.000568,0.011691,0.080186,0.084935,0.00011,0.020095,,10645000,,
0,0,,0.802415,0.000568,0.011691,0.080186,0.084935,0.00011,0.020095,,12222600,,
0,0,,0.779761,0.000326,0.012169,0.101319,0.086136,0.000077,0.020212,,8673000,,
0,0,,0.672322,0.0007,0.012112,0.153344,0.161314,0.000192,0.000016,,8585200,,
0,0,,0.75869,0.000719,0.012497,0.12069,0.087084,0.000065,0.020254,,9682500,,
0,0,,0.818236,0.000379,0.011891,0.080834,0.068412,0.000079,0.020168,,8133200,,
0,0,,0.841002,0.000506,0.012135,0.091873,0.034179,0.000032,0.020274,,9379900,,
0,0,,0.854331,0.000317,0.01177,0.056203,0.057117,0.000049,0.020215,,6733500,,
0,0,,0.792411,0.00066,0.012422,0.095921,0.078263,0.000038,0.020285,,7417100,,
0,0,,0.754645,0.000401,0.01273,0.12573,0.086175,0.000065,0.020254,,7911300,,
0,0,,0.716384,0.001293,0.01291,0.140204,0.108888,0.000041,0.02028,,8675300,,
0,0,,0.774793,0.000322,0.012053,0.103437,0.08913,0.00008,0.020185,,8155700,,
0,0,,0.728338,0.001048,0.012648,0.103493,0.134156,0.000027,0.02029,,7976000,,
0,0,,0.886469,0.00032,0.011689,0.039498,0.041785,0.000046,0.020193,,8149300,,
0,0,,0.86813,0.000372,0.011811,0.064654,0.034766,0.000052,0.020215,,9153300,,
0,0,,0.696316,0.000511,0.012051,0.154467,0.136439,0.000149,0.000068,,8661700,,
0,0,,0.754901,0.000398,0.012268,0.119944,0.092192,0.000095,0.020201,,16780700,,
0,0,,0.730704,0.000641,0.011974,0.138465,0.097993,0.000162,0.020062,,8026100,,
0,0,,0.847283,0.000302,0.011979,0.064123,0.05602,0.000052,0.020242,,8262900,,
0,0,,0.851362,0.000334,0.011693,0.056792,0.059591,0.000052,0.020176,,7715300,,
0,0,,0.772042,0.000307,0.012221,0.103437,0.0917,0.00008,0.020212,,8822100,,
0,0,,0.812061,0.000414,0.011993,0.099698,0.055534,0.000062,0.020239,,7855000,,
0,0,,0.777191,0.000326,0.012169,0.101319,0.088706,0.000077,0.020212,,8869000,,
0,0,,0.846429,0.000341,0.012321,0.070271,0.050302,0.000038,0.020298,,8355700,,
0,0,,0.841002,0.000506,0.012135,0.091873,0.034179,0.000032,0.020274,,8703100,,
0,0,,0.635849,0.000682,0.012051,0.153239,0.197977,0.000186,0.000016,,8776300,,
0,0,,0.807738,0.000263,0.012022,0.079395,0.080309,0.000053,0.020221,,8059600,,
0,0,,0.904718,0.000264,0.011914,0.039149,0.02365,0.00002,0.020285,,12220500,,
0,0,,0.749506,0.001004,0.012789,0.126822,0.089543,0.000028,0.020307,,10909000,,
0,0,,0.818236,0.000379,0.011891,0.080834,0.068412,0.000079,0.020168,,12139000,,
0,0,,0.835231,0.000317,0.011976,0.07003,0.06218,0.000052,0.020215,,10645900,,
0,0,,0.807738,0.000263,0.012022,0.079395,0.080309,0.000053,0.020221,,9195500,,
0,0,,0.698553,0.000395,0.012165,0.144422,0.124197,0.000126,0.020141,,8002000,,
0,0,,0.678553,0.000395,0.012165,0.144422,0.164197,0.000126,0.000141,,8364800,,
0,0,,0.806004,0.000379,0.012056,0.086741,0.074572,0.000079,0.020168,,9696000,,
0,0,,0.643114,0.000507,0.012111,0.162596,0.181454,0.000159,0.000059,,8803800,,
0,0,,0.851772,0.000323,0.011946,0.063191,0.052471,0.000047,0.02025,,8797500,,
0,0,,0.777191,0.000326,0.012169,0.101319,0.088706,0.000077,0.020212,,7415600,,
0,0,,0.672161,0.00043,0.012198,0.145884,0.169062,0.000131,0.000133,,7632500,,
0,0,,0.82937,0.000398,0.012422,0.080134,0.057354,0.000038,0.020285,,7521800,,
0,0,,0.700998,0.0007,0.011998,0.151121,0.134983,0.000183,0.000016,,8100600,,
0,0,,0.71279,0.000686,0.011939,0.141426,0.132949,0.000185,0.000025,,6629200,,
0,0,,0.70266,0.001246,0.012814,0.12301,0.139949,0.000045,0.020277,,7548300,,
0,0,,0.721502,0.001112,0.01284,0.110922,0.133287,0.000024,0.020313,,6834900,,
0,0,,0.79418,0.000673,0.012558,0.110604,0.061674,0.000032,0.02028,,7693200,,
0,0,,0.700814,0.0007,0.011998,0.151121,0.135167,0.000183,0.000016,,7817400,,
0,0,,0.722811,0.00046,0.012485,0.127688,0.11625,0.000092,0.020214,,9279200,,
0,0,,0.777371,0.000341,0.012001,0.101319,0.088706,0.000077,0.020185,,7921100,,
0,0,,0.847463,0.000317,0.011811,0.064123,0.05602,0.000052,0.020215,,10833000,,
0,0,,0.75076,0.000786,0.012624,0.102201,0.113276,0.000036,0.020317,,9393800,,
0,0,,0.732255,0.000641,0.011886,0.137012,0.117993,0.000162,0.000051,,8056400,,
0,0,,0.851691,0.000376,0.011987,0.057322,0.058337,0.000052,0.020235,,9372500,,
0,0,,0.848534,0.000267,0.011946,0.062661,0.056296,0.000047,0.02025,,8748100,,
0,0,,0.643114,0.000507,0.012111,0.162596,0.181454,0.000159,0.000059,,8472500,,
0,0,,0.871182,0.00032,0.01186,0.056792,0.039591,0.000052,0.020203,,11885400,,
0,0,,0.749945,0.000467,0.012,0.127726,0.089639,0.000125,0.020097,,13539000,,
0,0,,0.680814,0.0007,0.011998,0.151121,0.155167,0.000183,0.000016,,10663000,,
0,0,,0.728158,0.001033,0.012815,0.103493,0.134156,0.000027,0.020317,,9661100,,
0,0,,0.812887,0.000281,0.01197,0.077276,0.077315,0.00005,0.02022,,8357800,,
0,0,,0.700814,0.0007,0.011998,0.151121,0.135167,0.000183,0.000016,,8061700,,
0,0,,0.851362,0.000334,0.011693,0.056792,0.059591,0.000052,0.020176,,9837600,,
0,0,,0.696157,0.000511,0.012178,0.154467,0.136439,0.000149,0.000099,,9451300,,
0,0,,0.821623,0.000281,0.011943,0.068568,0.077315,0.000047,0.020223,,11966500,,
0,0,,0.831772,0.000323,0.011946,0.083191,0.052471,0.000047,0.02025,,14332700,,
0,0,,0.774612,0.000307,0.012221,0.103437,0.08913,0.00008,0.020212,,8781400,,
0,0,,0.749787,0.000467,0.012127,0.127726,0.089639,0.000125,0.020129,,9730900,,
0,0,,0.788334,0.000381,0.012404,0.096432,0.082117,0.000068,0.020263,,7735200,,
0,0,,0.84813,0.000372,0.011811,0.064654,0.054766,0.000052,0.020215,,7301200,,
0,0,,0.841002,0.000506,0.012135,0.091873,0.034179,0.000032,0.020274,,6622100,,
0,0,,0.773369,0.000361,0.012202,0.102781,0.091001,0.000082,0.020204,,7528400,,
0,0,,0.774612,0.000307,0.012221,0.103437,0.08913,0.00008,0.020212,,8411900,,
0,0,,0.846609,0.000355,0.012153,0.070271,0.050302,0.000038,0.020271,,12258600,,
0,0,,0.821002,0.000506,0.012135,0.091873,0.054179,0.000032,0.020274,,9597900,,
0,0,,0.821002,0.000506,0.012135,0.091873,0.054179,0.000032,0.020274,,11332300,,
0,0,,0.696341,0.000511,0.012178,0.154467,0.136255,0.000149,0.000099,,10252900,,
0,0,,0.776244,0.000442,0.012621,0.104176,0.086175,0.000065,0.020276,,9665400,,
0,0,,0.643114,0.000507,0.012111,0.162596,0.181454,0.000159,0.000059,,9119000,,
0,0,,0.841002,0.000506,0.012135,0.091873,0.034179,0.000032,0.020274,,10315400,,
0,0,,0.806184,0.000393,0.011889,0.086741,0.074572,0.000079,0.020141,,10149300,,
0,0,,0.871023,0.00032,0.011987,0.056792,0.039591,0.000052,0.020235,,9305400,,
0,0,,0.851772,0.000323,0.011946,0.063191,0.052471,0.000047,0.02025,,9879800,,
0,0,,0.865003,0.00039,0.011861,0.065243,0.03724,0.000055,0.020208,,9763500,,
0,0,,0.700814,0.0007,0.011998,0.151121,0.135167,0.000183,0.000016,,10166000,,
0,0,,0.755421,0.000401,0.012685,0.125004,0.086175,0.000065,0.020249,,9390700,,
0,0,,0.872913,0.000334,0.011605,0.055338,0.039591,0.000052,0.020166,,9928500,,
0,0,,0.778613,0.000726,0.012726,0.102927,0.084655,0.000036,0.020317,,8550000,,
0,0,,0.701426,0.000718,0.011997,0.148026,0.137628,0.000195,0.000009,,9419600,,
0,0,,0.680814,0.0007,0.011998,0.151121,0.155167,0.000183,0.000016,,9453000,,
0,0,,0.773549,0.000376,0.012034,0.102781,0.091001,0.000082,0.020177,,8843000,,
0,0,,0.904718,0.000264,0.011914,0.039149,0.02365,0.00002,0.020285,,9308400,,
0,0,,0.643114,0.000507,0.012111,0.162596,0.181454,0.000159,0.000059,,8797300,,
0,0,,0.633626,0.000593,0.012628,0.192716,0.160138,0.000165,0.000135,,7131900,,
0,0,,0.71279,0.000686,0.011939,0.141426,0.132949,0.000185,0.000025,,6906300,,
0,0,,0.86795,0.000358,0.011979,0.064654,0.034766,0.000052,0.020242,,6954400,,
0,0,,0.743406,0.000882,0.01252,0.102632,0.120236,0.000033,0.02029,,6805700,,
0,0,,0.778793,0.00074,0.012559,0.102927,0.084655,0.000036,0.02029,,7324900,,
0,0,,0.754901,0.000398,0.012268,0.119944,0.092192,0.000095,0.020201,,6557600,,
0,0,,0.841623,0.000281,0.011943,0.068568,0.057315,0.000047,0.020223,,8645600,,
0,0,,0.75851,0.000705,0.012665,0.12069,0.087084,0.000065,0.020282,,9183500,,
0,0,,0.791455,0.000646,0.012634,0.096648,0.078263,0.000038,0.020317,,8942800,,
0,0,,0.808514,0.000395,0.012237,0.096432,0.062117,0.000068,0.020236,,9094700,,
0,0,,0.792231,0.000646,0.01259,0.095921,0.078263,0.000038,0.020312,,9397900,,
0,0,,0.904898,0.000278,0.011747,0.039149,0.02365,0.00002,0.020258,,9676800,,
0,0,,0.864718,0.000264,0.011914,0.059149,0.04365,0.00002,0.020285,,8944400,,
0,0,,0.773369,0.000361,0.012202,0.102781,0.091001,0.000082,0.020204,,10938500,,
0,0,,0.716384,0.001293,0.01291,0.140204,0.108888,0.000041,0.02028,,11472900,,
0,0,,0.689195,0.000718,0.012161,0.153933,0.143788,0.000195,0.000009,,9757200,,
0,0,,0.844826,0.000341,0.012129,0.075656,0.046713,0.000035,0.020301,,8613400,,
0,0,,0.839271,0.000491,0.01239,0.093326,0.034179,0.000032,0.020311,,8357000,,
0,0,,0.755421,0.000401,0.012685,0.125004,0.086175,0.000065,0.020249,,8767600,,
0,0,,0.774612,0.000307,0.012221,0.103437,0.08913,0.00008,0.020212,,7460800,,
0,0,,0.835051,0.000302,0.012143,0.07003,0.06218,0.000052,0.020242,,7013700,,
0,0,,0.780237,0.000361,0.01216,0.094861,0.092098,0.000079,0.020204,,8790800,,
0,0,,0.756465,0.00039,0.012243,0.11965,0.090955,0.000093,0.020204,,8358800,,
0,0,,0.860894,0.000429,0.01192,0.075366,0.031117,0.000016,0.020258,,8313200,,
0,0,,0.871203,0.000334,0.011819,0.056792,0.039591,0.000052,0.020208,,9221600,,
0,0,,0.778793,0.00074,0.012559,0.102927,0.084655,0.000036,0.02029,,8416900,,
0,0,,0.71731,0.000449,0.012146,0.143766,0.106068,0.000128,0.020133,,8792700,,
0,0,,0.808334,0.000381,0.012404,0.096432,0.062117,0.000068,0.020263,,8331400,,
0,0,,0.779942,0.000341,0.012001,0.101319,0.086136,0.000077,0.020185,,7449600,,
0,0,,0.658402,0.000507,0.01194,0.145302,0.183648,0.000152,0.000049,,7170800,,
0,0,,0.833375,0.000323,0.012137,0.077807,0.056061,0.00005,0.020248,,7329300,,
0,0,,0.778613,0.000726,0.012726,0.102927,0.084655,0.000036,0.020317,,7838200,,
0,0,,0.811341,0.000506,0.012299,0.09778,0.057769,0.000032,0.020274,,6830800,,
0,0,,0.678662,0.000472,0.01238,0.160929,0.147259,0.000141,0.000157,,9507300,,
0,0,,0.847463,0.000317,0.011811,0.064123,0.05602,0.000052,0.020215,,6835200,,
0,0,,0.680998,0.0007,0.011998,0.151121,0.154983,0.000183,0.000016,,6886000,,
0,0,,0.778793,0.00074,0.012559,0.102927,0.084655,0.000036,0.02029,,6940600,,
0,0,,0.820822,0.000491,0.012302,0.091873,0.054179,0.000032,0.020301,,7944900,,
0,0,,0.774645,0.000401,0.01273,0.12573,0.066175,0.000065,0.020254,,6618500,,
0,0,,0.701426,0.000718,0.011997,0.148026,0.137628,0.000195,0.000009,,8210300,,
0,0,,0.807667,0.000325,0.012404,0.095902,0.063371,0.000068,0.020263,,8024500,,
0,0,,0.835051,0.000302,0.012143,0.07003,0.06218,0.000052,0.020242,,8898100,,
0,0,,0.851285,0.000281,0.011778,0.062661,0.053725,0.000047,0.020223,,7930000,,
0,0,,0.6965,0.000511,0.012051,0.154467,0.136255,0.000149,0.000068,,7567200,,
0,0,,0.835345,0.000355,0.012126,0.081563,0.050302,0.000035,0.020274,,9263100,,
0,0,,0.832104,0.000334,0.012026,0.070619,0.064654,0.000055,0.020208,,8243000,,
0,0,,0.822425,0.000491,0.012494,0.086488,0.057769,0.000035,0.020298,,7222100,,
0,0,,0.839451,0.000506,0.012223,0.093326,0.034179,0.000032,0.020284,,8753000,,
0,0,,0.658402,0.000507,0.01194,0.145302,0.183648,0.000152,0.000049,,8285900,,
0,0,,0.844823,0.000376,0.012028,0.065243,0.05724,0.000055,0.020235,,8796500,,
0,0,,0.698856,0.000718,0.011997,0.148026,0.140199,0.000195,0.000009,,8302500,,
0,0,,0.904898,0.000278,0.011747,0.039149,0.02365,0.00002,0.020258,,8979000,,
0,0,,0.716384,0.001293,0.01291,0.140204,0.108888,0.000041,0.02028,,9007200,,
0,0,,0.716203,0.001279,0.013077,0.140204,0.108888,0.000041,0.020307,,9723600,,
0,0,,0.716203,0.001279,0.013077,0.140204,0.108888,0.000041,0.020307,,9777800,,
0,0,,0.791455,0.000646,0.012634,0.096648,0.078263,0.000038,0.020317,,8926200,,
0,0,,0.692322,0.0007,0.012112,0.153344,0.141314,0.000192,0.000016,,9440400,,
0,0,,0.833555,0.000337,0.01197,0.077807,0.056061,0.00005,0.02022,,10666700,,
0,0,,0.813663,0.000414,0.012185,0.094314,0.059123,0.000065,0.020236,,9211400,,
0,0,,0.808527,0.000386,0.0123,0.097591,0.06088,0.000066,0.020249,,8531000,,
0,0,,0.813183,0.000302,0.012129,0.070818,0.083277,0.000052,0.020239,,8699300,,
0,0,,0.832887,0.000281,0.01197,0.077276,0.057315,0.00005,0.02022,,9148600,,
0,0,,0.806706,0.000566,0.012373,0.099521,0.060523,0.000032,0.02028,,9923900,,
0,0,,0.75869,0.000719,0.012497,0.12069,0.087084,0.000065,0.020254,,10472100,,
0,0,,0.787667,0.000325,0.012404,0.095902,0.083371,0.000068,0.020263,,10756500,,
0,0,,0.807558,0.000248,0.01219,0.079395,0.080309,0.000053,0.020248,,9394300,,
0,0,,0.689195,0.000718,0.012161,0.153933,0.143788,0.000195,0.000009,,9430800,,
0,0,,0.819967,0.000393,0.011636,0.079381,0.068412,0.000079,0.020131,,10582900,,
0,0,,0.666572,0.000534,0.012596,0.168673,0.131317,0.000138,0.02017,,10170800,,
0,0,,0.696316,0.000511,0.012051,0.154467,0.136439,0.000149,0.000068,,10037600,,
0,0,,0.821002,0.000506,0.012135,0.091873,0.054179,0.000032,0.020274,,11176500,,
0,0,,0.79418,0.000673,0.012558,0.110604,0.061674,0.000032,0.02028,,8526900,,
0,0,,0.755421,0.000401,0.012685,0.125004,0.086175,0.000065,0.020249,,10041500,,
0,0,,0.810137,0.000267,0.012137,0.077276,0.079885,0.00005,0.020248,,9441700,,
0,0,,0.840822,0.000491,0.012302,0.091873,0.034179,0.000032,0.020301,,9457600,,
0,0,,0.851772,0.000323,0.011946,0.063191,0.052471,0.000047,0.02025,,10740400,,
0,0,,0.636088,0.000507,0.012279,0.170516,0.180358,0.000162,0.000091,,8166000,,
0,0,,0.716384,0.001293,0.01291,0.140204,0.108888,0.000041,0.02028,,7658700,,
0,0,,0.851285,0.000281,0.011778,0.062661,0.053725,0.000047,0.020223,,7331300,,
0,0,,0.778613,0.000726,0.012726,0.102927,0.084655,0.000036,0.020317,,9158200,,
0,0,,0.851203,0.000334,0.011819,0.056792,0.059591,0.000052,0.020208,,8018700,,
0,0,,0.665608,0.000454,0.012197,0.168465,0.153018,0.000153,0.000106,,8349200,,
0,0,,0.701426,0.000718,0.011997,0.148026,0.137628,0.000195,0.000009,,7691600,,
0,0,,0.806706,0.000566,0.012373,0.099521,0.060523,0.000032,0.02028,,8011300,,
0,0,,0.787847,0.000339,0.012237,0.095902,0.083371,0.000068,0.020236,,8219500,,
0,0,,0.692322,0.0007,0.012112,0.153344,0.141314,0.000192,0.000016,,8360300,,
0,0,,0.622113,0.000682,0.012134,0.16908,0.195784,0.000192,0.000016,,8036800,,
0,0,,0.728338,0.001048,0.012648,0.103493,0.134156,0.000027,0.02029,,11455600,,
0,0,,0.831952,0.000337,0.011778,0.083191,0.052471,0.000047,0.020223,,9723800,,
0,0,,0.64728,0.000522,0.012386,0.184677,0.154843,0.000167,0.000125,,9992400,,
0,0,,0.754612,0.000307,0.012221,0.103437,0.10913,0.00008,0.020212,,10288400,,
0,0,,0.749761,0.000467,0.012,0.127726,0.109823,0.000125,0.000097,,12575200,,
0,0,,0.716384,0.001293,0.01291,0.140204,0.108888,0.000041,0.02028,,10671400,,
0,0,,0.680814,0.0007,0.011998,0.151121,0.155167,0.000183,0.000016,,13137500,,
0,0,,0.643114,0.000507,0.012111,0.162596,0.181454,0.000159,0.000059,,13382200,,
0,0,,0.754793,0.000322,0.012053,0.103437,0.10913,0.00008,0.020185,,11013100,,
0,0,,0.793999,0.000659,0.012725,0.110604,0.061674,0.000032,0.020307,,8304200,,
0,0,,0.774612,0.000307,0.012221,0.103437,0.08913,0.00008,0.020212,,8366700,,
0,0,,0.840822,0.000491,0.012302,0.091873,0.034179,0.000032,0.020301,,9994500,,
0,0,,0.680814,0.0007,0.011998,0.151121,0.155167,0.000183,0.000016,,8836400,,
0,0,,0.773549,0.000376,0.012034,0.102781,0.091001,0.000082,0.020177,,8328700,,
0,0,,0.788334,0.000381,0.012404,0.096432,0.082117,0.000068,0.020263,,7621700,,
0,0,,0.799158,0.000393,0.012057,0.094662,0.073475,0.000082,0.020173,,7166200,,
0,0,,0.665608,0.000454,0.012197,0.168465,0.153018,0.000153,0.000106,,6646200,,
0,0,,0.778613,0.000726,0.012726,0.102927,0.084655,0.000036,0.020317,,6386800,,
0,0,,0.743317,0.000874,0.012629,0.109198,0.113644,0.000035,0.020304,,7163500,,
0,0,,0.645608,0.000454,0.012197,0.168465,0.173018,0.000153,0.000106,,6576600,,
0,0,,0.645728,0.000522,0.012475,0.18613,0.154843,0.000167,0.000135,,6942300,,
0,0,,0.855237,0.000278,0.011912,0.065056,0.04724,0.00002,0.020258,,6957600,,
0,0,,0.840822,0.000491,0.012302,0.091873,0.034179,0.000032,0.020301,,7391900,,
0,0,,0.70266,0.001246,0.012814,0.12301,0.139949,0.000045,0.020277,,7409400,,
0,0,,0.701426,0.000718,0.011997,0.148026,0.137628,0.000195,0.000009,,7815500,,
0,0,,0.854151,0.000302,0.011937,0.056203,0.057117,0.000049,0.020242,,7593400,,
0,0,,0.756465,0.00039,0.012243,0.11965,0.090955,0.000093,0.020204,,6619900,,
0,0,,0.871849,0.000376,0.01186,0.057322,0.038337,0.000052,0.020203,,8551700,,
0,0,,0.770238,0.000393,0.012084,0.10337,0.093659,0.000085,0.02017,,8291500,,
0,0,,0.667262,0.0007,0.012082,0.166961,0.152789,0.000189,0.000016,,8328800,,
0,0,,0.847463,0.000317,0.011811,0.064123,0.05602,0.000052,0.020215,,8171700,,
0,0,,0.831772,0.000323,0.011946,0.083191,0.052471,0.000047,0.02025,,10356800,,
0,0,,0.845266,0.000459,0.011877,0.070522,0.051626,0.000084,0.020166,,8970800,,
0,0,,0.773549,0.000376,0.012034,0.102781,0.091001,0.000082,0.020177,,14157600,,
0,0,,0.773369,0.000361,0.012202,0.102781,0.091001,0.000082,0.020204,,8390700,,
0,0,,0.835165,0.000341,0.012294,0.081563,0.050302,0.000035,0.020301,,9124600,,
0,0,,0.769687,0.001018,0.012622,0.126822,0.069543,0.000028,0.02028,,9383000,,
0,0,,0.734618,0.001183,0.012749,0.127683,0.103464,0.000022,0.02028,,13270600,,
0,0,,0.871182,0.00032,0.01186,0.056792,0.039591,0.000052,0.020203,,12352400,,
0,0,,0.71279,0.000686,0.011939,0.141426,0.132949,0.000185,0.000025,,9190900,,
0,0,,0.871203,0.000334,0.011819,0.056792,0.039591,0.000052,0.020208,,9362600,,
0,0,,0.633626,0.000593,0.012628,0.192716,0.160138,0.000165,0.000135,,9186500,,
0,0,,0.841623,0.000281,0.011943,0.068568,0.057315,0.000047,0.020223,,9584100,,
0,0,,0.806495,0.000317,0.012003,0.078739,0.08218,0.000055,0.020212,,12151400,,
0,0,,0.70248,0.001231,0.012982,0.12301,0.139949,0.000045,0.020304,,12123400,,
0,0,,0.810137,0.000267,0.012137,0.077276,0.079885,0.00005,0.020248,,11345200,,
0,0,,0.64728,0.000522,0.012386,0.184677,0.154843,0.000167,0.000125,,10639400,,
0,0,,0.680814,0.0007,0.011998,0.151121,0.155167,0.000183,0.000016,,8943100,,
0,0,,0.807738,0.000263,0.012022,0.079395,0.080309,0.000053,0.020221,,9590800,,
0,0,,0.773549,0.000376,0.012034,0.102781,0.091001,0.000082,0.020177,,10967600,,
0,0,,0.774612,0.000307,0.012221,0.103437,0.08913,0.00008,0.020212,,11833300,,
0,0,,0.647452,0.000475,0.012222,0.163916,0.175678,0.000151,0.000106,,11775900,,
0,0,,0.734618,0.001183,0.012749,0.127683,0.103464,0.000022,0.02028,,10962800,,
0,0,,0.851182,0.00032,0.01186,0.056792,0.059591,0.000052,0.020203,,11786700,,
0,0,,0.847463,0.000317,0.011811,0.064123,0.05602,0.000052,0.020215,,8882200,,
0,0,,0.646236,0.000534,0.012829,0.190031,0.130063,0.000138,0.02017,,8846500,,
0,0,,0.807847,0.000339,0.012237,0.095902,0.063371,0.000068,0.020236,,10039100,,
0,0,,0.818416,0.000393,0.011724,0.080834,0.068412,0.000079,0.020141,,12044900,,
0,0,,0.711603,0.000511,0.01188,0.137173,0.138633,0.000143,0.000058,,9356300,,
0,0,,0.831952,0.000337,0.011778,0.083191,0.052471,0.000047,0.020223,,9003400,,
0,0,,0.745991,0.000641,0.011803,0.121171,0.100186,0.000156,0.020051,,7533000,,
0,0,,0.645728,0.000522,0.012475,0.18613,0.154843,0.000167,0.000135,,9384100,,
0,0,,0.692161,0.00043,0.012198,0.145884,0.129062,0.000131,0.020133,,7550200,,
0,0,,0.821002,0.000506,0.012135,0.091873,0.054179,0.000032,0.020274,,8301400,,
0,0,,0.647452,0.000475,0.012222,0.163916,0.175678,0.000151,0.000106,,7934600,,
0,0,,0.851182,0.00032,0.01186,0.056792,0.059591,0.000052,0.020203,,8870700,,
0,0,,0.700998,0.0007,0.011998,0.151121,0.134983,0.000183,0.000016,,7251400,,
0,0,,0.806315,0.000302,0.012171,0.078739,0.08218,0.000055,0.020239,,8956100,,
0,0,,0.826706,0.000566,0.012373,0.099521,0.040523,0.000032,0.02028,,8030000,,
0,0,,0.819967,0.000393,0.011636,0.079381,0.068412,0.000079,0.020131,,12687100,,
0,0,,0.643114,0.000507,0.012111,0.162596,0.181454,0.000159,0.000059,,13882900,,
0,0,,0.64728,0.000522,0.012386,0.184677,0.154843,0.000167,0.000125,,10358400,,
0,0,,0.643114,0.000507,0.012111,0.162596,0.181454,0.000159,0.000059,,10437800,,
0,0,,0.851203,0.000334,0.011819,0.056792,0.059591,0.000052,0.020208,,9093400,,
0,0,,0.806526,0.000551,0.01254,0.099521,0.060523,0.000032,0.020307,,8790300,,
0,0,,0.812707,0.000267,0.012137,0.077276,0.077315,0.00005,0.020248,,12139600,,
0,0,,0.680814,0.0007,0.011998,0.151121,0.155167,0.000183,0.000016,,12851500,,
0,0,,0.75869,0.000719,0.012497,0.12069,0.087084,0.000065,0.020254,,11932200,,
0,0,,0.775757,0.000401,0.012453,0.103646,0.087429,0.000065,0.020249,,9922600,,
0,0,,0.860894,0.000429,0.01192,0.075366,0.031117,0.000016,0.020258,,9573600,,
0,0,,0.69904,0.000718,0.011997,0.148026,0.140015,0.000195,0.000009,,9903700,,
0,0,,0.714183,0.000467,0.012196,0.144355,0.108542,0.000132,0.020126,,8623800,,
0,0,,0.904898,0.000278,0.011747,0.039149,0.02365,0.00002,0.020258,,9360100,,
0,0,,0.755421,0.000401,0.012685,0.125004,0.086175,0.000065,0.020249,,8930000,,
0,0,,0.646083,0.000489,0.012188,0.162007,0.17898,0.000155,0.000098,,9531800,,
0,0,,0.774793,0.000322,0.012053,0.103437,0.08913,0.00008,0.020185,,9880800,,
0,0,,0.644666,0.000507,0.012023,0.161142,0.181454,0.000159,0.000049,,8933400,,
0,0,,0.819967,0.000393,0.011636,0.079381,0.068412,0.000079,0.020131,,10359000,,
0,0,,0.757041,0.000921,0.012725,0.126391,0.082583,0.000032,0.020307,,11476800,,
0,0,,0.864898,0.000278,0.011747,0.059149,0.04365,0.00002,0.020258,,12091700,,
0,0,,0.721025,0.000467,0.012028,0.136435,0.129823,0.000129,0.000094,,9947900,,
0,0,,0.831952,0.000337,0.011778,0.083191,0.052471,0.000047,0.020223,,9015100,,
0,0,,0.84538,0.000358,0.011979,0.064654,0.057336,0.000052,0.020242,,7523600,,
0,0,,0.680814,0.0007,0.011998,0.151121,0.155167,0.000183,0.000016,,6828000,,
0,0,,0.689195,0.000718,0.012161,0.153933,0.143788,0.000195,0.000009,,16006400,,
0,0,,0.756285,0.000375,0.012411,0.11965,0.090955,0.000093,0.020231,,17422000,,
0,0,,0.797045,0.000566,0.012537,0.105428,0.064113,0.000032,0.02028,,8316200,,
0,0,,0.844335,0.000334,0.011861,0.064712,0.058494,0.000055,0.020208,,7586200,,
0,0,,0.806495,0.000317,0.012003,0.078739,0.08218,0.000055,0.020212,,7802000,,
0,0,,0.841002,0.000506,0.012135,0.091873,0.034179,0.000032,0.020274,,8343300,,
0,0,,0.633626,0.000593,0.012628,0.192716,0.160138,0.000165,0.000135,,8038700,,
0,0,,0.669195,0.000718,0.012161,0.153933,0.163788,0.000195,0.000009,,8602300,,
0,0,,0.75076,0.000786,0.012624,0.102201,0.113276,0.000036,0.020317,,9211700,,
0,0,,0.860894,0.000429,0.01192,0.075366,0.031117,0.000016,0.020258,,9699300,,
0,0,,0.702475,0.00046,0.012717,0.149046,0.114996,0.000092,0.020214,,8125100,,
0,0,,0.643114,0.000507,0.012111,0.162596,0.181454,0.000159,0.000059,,9264300,,
0,0,,0.672506,0.0007,0.012112,0.153344,0.16113,0.000192,0.000016,,8276800,,
0,0,,0.779389,0.000726,0.012682,0.1022,0.084655,0.000036,0.020312,,9880800,,
0,0,,0.808527,0.000386,0.0123,0.097591,0.06088,0.000066,0.020249,,8808000,,
0,0,,0.796244,0.000442,0.012621,0.104176,0.066175,0.000065,0.020276,,8481100,,
0,0,,0.842844,0.000313,0.012348,0.072095,0.052059,0.000039,0.020302,,9213400,,
0,0,,0.812707,0.000267,0.012137,0.077276,0.077315,0.00005,0.020248,,9602400,,
0,0,,0.851952,0.000337,0.011778,0.063191,0.052471,0.000047,0.020223,,9073500,,
0,0,,0.812707,0.000267,0.012137,0.077276,0.077315,0.00005,0.020248,,8729600,,
0,0,,0.871023,0.00032,0.011987,0.056792,0.039591,0.000052,0.020235,,7793800,,
0,0,,0.818236,0.000379,0.011891,0.080834,0.068412,0.000079,0.020168,,11241100,,
0,0,,0.851362,0.000334,0.011693,0.056792,0.059591,0.000052,0.020176,,9323900,,
0,0,,0.755421,0.000401,0.012685,0.125004,0.086175,0.000065,0.020249,,15389300,,
0,0,,0.841002,0.000506,0.012135,0.091873,0.034179,0.000032,0.020274,,12325900,,
0,0,,0.75076,0.000786,0.012624,0.102201,0.113276,0.000036,0.020317,,13858000,,
0,0,,0.752233,0.000888,0.012435,0.120489,0.093644,0.000032,0.02028,,14571300,,
0,0,,0.807558,0.000248,0.01219,0.079395,0.080309,0.000053,0.020248,,9406300,,
0,0,,0.716384,0.001293,0.01291,0.140204,0.108888,0.000041,0.02028,,10871700,,
0,0,,0.791635,0.00066,0.012466,0.096648,0.078263,0.000038,0.02029,,12044700,,
0,0,,0.844826,0.000341,0.012129,0.075656,0.046713,0.000035,0.020301,,8861400,,
0,0,,0.818416,0.000393,0.011724,0.080834,0.068412,0.000079,0.020141,,9731200,,
0,0,,0.703367,0.000526,0.011888,0.143184,0.140838,0.000149,0.000049,,8961400,,
0,0,,0.835051,0.000302,0.012143,0.07003,0.06218,0.000052,0.020242,,10619800,,
0,0,,0.851182,0.00032,0.01186,0.056792,0.059591,0.000052,0.020203,,9289300,,
0,0,,0.75869,0.000719,0.012497,0.12069,0.087084,0.000065,0.020254,,8193400,,
0,0,,0.810137,0.000267,0.012137,0.077276,0.079885,0.00005,0.020248,,9024700,,
0,0,,0.70905,0.000686,0.011991,0.14511,0.132962,0.000176,0.000025,,8540300,,
0,0,,0.851285,0.000281,0.011778,0.062661,0.053725,0.000047,0.020223,,10261000,,
0,0,,0.698553,0.000395,0.012165,0.144422,0.144197,0.000126,0.000141,,10898800,,
0,0,,0.851023,0.00032,0.011987,0.056792,0.059591,0.000052,0.020235,,9375500,,
0,0,,0.75851,0.000705,0.012665,0.12069,0.087084,0.000065,0.020282,,9146700,,
0,0,,0.826706,0.000566,0.012373,0.099521,0.040523,0.000032,0.02028,,9216600,,
0,0,,0.833375,0.000323,0.012137,0.077807,0.056061,0.00005,0.020248,,9712100,,
0,0,,0.700998,0.0007,0.011998,0.151121,0.134983,0.000183,0.000016,,9630900,,
0,0,,0.722295,0.000446,0.012884,0.149046,0.094996,0.000092,0.020241,,10449400,,
0,0,,0.835231,0.000317,0.011976,0.07003,0.06218,0.000052,0.020215,,9826600,,
0,0,,0.871362,0.000334,0.011693,0.056792,0.039591,0.000052,0.020176,,9370300,,
0,0,,0.720867,0.000467,0.012154,0.136435,0.109823,0.000129,0.020126,,9412200,,
0,0,,0.71731,0.000449,0.012146,0.143766,0.106068,0.000128,0.020133,,10293400,,
0,0,,0.716384,0.001293,0.01291,0.140204,0.108888,0.000041,0.02028,,10107300,,
0,0,,0.728158,0.001033,0.012815,0.103493,0.134156,0.000027,0.020317,,10088500,,
