wall-following,CWE,test,1,NANOSECONDS,PREDICTIONS, Generated by ClassifierExperiments.java on 2022-05-16 22:41:19.    SYSTEMPROPERTIES:{user.name:matth,os.arch:amd64,os.name:Windows 10},ENDSYSTEMPROPERTIES
No parameter info
0.5873741994510522,799942000,1369955500,-1,0,4,,-1,-1
0,0,,0.394427,0.241947,0.232589,0.131037,,1332100,,
0,2,,0.233334,0.109067,0.603645,0.053954,,1177700,,
0,0,,0.594611,0.183952,0.152813,0.068624,,1291300,,
0,0,,0.548708,0.206197,0.18517,0.059924,,1208400,,
0,2,,0.26696,0.093342,0.583851,0.055847,,1179000,,
0,0,,0.397149,0.27268,0.2403,0.089871,,1177600,,
0,0,,0.404321,0.276473,0.242601,0.076605,,1177800,,
0,0,,0.466006,0.286648,0.178722,0.068624,,1177800,,
0,2,,0.24589,0.092451,0.610638,0.051021,,1167400,,
0,2,,0.249223,0.05849,0.623918,0.068368,,1253700,,
0,0,,0.416295,0.270798,0.246682,0.066225,,1324200,,
0,2,,0.298409,0.1076,0.442671,0.15132,,1188300,,
0,2,,0.290265,0.130745,0.404886,0.174104,,1179100,,
0,2,,0.307218,0.115809,0.498606,0.078366,,1175700,,
0,0,,0.385647,0.301245,0.222263,0.090845,,1170200,,
0,2,,0.249223,0.05849,0.623918,0.068368,,1169500,,
0,0,,0.399203,0.337894,0.200268,0.062635,,1282700,,
0,2,,0.344008,0.113014,0.486645,0.056333,,1178100,,
0,2,,0.24589,0.112451,0.590638,0.051021,,1167300,,
0,2,,0.298409,0.1076,0.442671,0.15132,,1170500,,
0,0,,0.446006,0.307898,0.177472,0.068624,,1176300,,
0,0,,0.380929,0.252197,0.250495,0.116378,,1180100,,
0,0,,0.42076,0.259795,0.241651,0.077794,,1169800,,
0,2,,0.265432,0.11683,0.553256,0.064482,,1453400,,
0,0,,0.397883,0.339898,0.159301,0.102918,,1235500,,
0,0,,0.374823,0.285803,0.255518,0.083857,,1245600,,
0,0,,0.430373,0.324452,0.172464,0.072712,,1244100,,
0,0,,0.426794,0.30118,0.193845,0.078181,,1250300,,
0,0,,0.366771,0.285068,0.263899,0.084262,,1266100,,
0,2,,0.294272,0.130745,0.416231,0.158752,,1238200,,
0,2,,0.319945,0.152266,0.414241,0.113549,,1278900,,
0,0,,0.526808,0.218998,0.159554,0.09464,,1179800,,
0,0,,0.545919,0.205349,0.180519,0.068213,,1176900,,
0,2,,0.296466,0.085741,0.453175,0.164618,,1190300,,
0,0,,0.571266,0.205597,0.154513,0.068624,,1186500,,
0,2,,0.271793,0.116538,0.558473,0.053196,,1208800,,
0,0,,0.373006,0.289124,0.254087,0.083783,,1173300,,
0,0,,0.374266,0.266251,0.253505,0.105978,,1320900,,
0,0,,0.604555,0.158086,0.169147,0.068213,,1199900,,
0,2,,0.361789,0.138613,0.371071,0.128527,,1190000,,
0,2,,0.319605,0.117983,0.506194,0.056218,,1164500,,
0,2,,0.298409,0.0876,0.442671,0.17132,,1216100,,
0,2,,0.250362,0.092609,0.589076,0.067953,,1195200,,
0,0,,0.361544,0.185811,0.358945,0.0937,,1218100,,
0,2,,0.259161,0.136908,0.559427,0.044504,,1166700,,
0,0,,0.353691,0.211597,0.346857,0.087855,,1251300,,
0,0,,0.378617,0.143864,0.369789,0.10773,,1178900,,
0,2,,0.331544,0.154898,0.43734,0.076218,,1172200,,
0,0,,0.386481,0.277795,0.275783,0.059941,,1298500,,
0,2,,0.321169,0.136899,0.387427,0.154505,,1180200,,
0,0,,0.399345,0.266606,0.240297,0.093752,,1188300,,
0,0,,0.552033,0.1953,0.19172,0.060947,,1176400,,
0,0,,0.412112,0.340156,0.165037,0.082695,,1172900,,
0,0,,0.385858,0.239205,0.25537,0.119566,,1279600,,
0,2,,0.225059,0.104764,0.609036,0.061141,,1166800,,
0,0,,0.373006,0.289124,0.254087,0.083783,,1173800,,
0,2,,0.284496,0.117833,0.550726,0.046945,,1182900,,
0,0,,0.41568,0.291205,0.190436,0.10268,,1181500,,
0,2,,0.236467,0.090194,0.599794,0.073545,,1183900,,
0,0,,0.387237,0.215896,0.306021,0.090845,,1176500,,
0,0,,0.366383,0.254836,0.298839,0.079942,,1283900,,
0,0,,0.444701,0.228608,0.239781,0.08691,,1211800,,
0,2,,0.2433,0.036489,0.665177,0.055034,,1180500,,
0,0,,0.38029,0.252633,0.304583,0.062494,,1170100,,
0,0,,0.395388,0.277011,0.238521,0.08908,,1174600,,
0,0,,0.432668,0.322725,0.17333,0.071277,,1174500,,
0,0,,0.445878,0.244154,0.232987,0.076981,,1237400,,
0,0,,0.378159,0.210254,0.333147,0.07844,,1167500,,
0,2,,0.290265,0.130745,0.404886,0.174104,,1407700,,
0,2,,0.249895,0.10792,0.58312,0.059065,,1179200,,
0,0,,0.476899,0.147987,0.289209,0.085905,,1194600,,
0,2,,0.240537,0.088256,0.597074,0.074133,,1184100,,
0,0,,0.392756,0.288239,0.215727,0.103278,,1190900,,
0,2,,0.243472,0.102834,0.576343,0.077351,,1261200,,
0,0,,0.451566,0.226965,0.234559,0.08691,,1271300,,
0,0,,0.361397,0.21808,0.332741,0.087782,,1199000,,
0,2,,0.243472,0.082834,0.596343,0.077351,,1196300,,
0,2,,0.328483,0.070985,0.477133,0.123398,,1185600,,
0,0,,0.374773,0.218146,0.328715,0.078366,,1213900,,
0,0,,0.432014,0.31639,0.185782,0.065813,,1196200,,
0,0,,0.386483,0.235928,0.291684,0.085905,,1272800,,
0,2,,0.267504,0.073494,0.567449,0.091553,,1187400,,
0,2,,0.219469,0.063427,0.627775,0.089329,,1192200,,
0,2,,0.324141,0.123,0.387995,0.164863,,1202500,,
0,0,,0.458812,0.206468,0.261308,0.073412,,1209500,,
0,0,,0.37932,0.231191,0.301271,0.088218,,1219700,,
0,2,,0.315697,0.136031,0.466184,0.082089,,1200900,,
0,0,,0.364134,0.222341,0.336919,0.076605,,1246400,,
0,2,,0.254365,0.113512,0.581371,0.050753,,1185700,,
0,0,,0.501188,0.178131,0.233772,0.08691,,1200800,,
0,0,,0.381244,0.316884,0.201007,0.100865,,1228400,,
0,2,,0.30477,0.087308,0.447889,0.160033,,1189300,,
0,0,,0.376346,0.210907,0.353868,0.058879,,1186400,,
0,0,,0.534451,0.201416,0.195509,0.068624,,1372600,,
0,2,,0.27219,0.078727,0.475721,0.173363,,1186500,,
0,2,,0.249895,0.10792,0.58312,0.059065,,1220600,,
0,0,,0.400174,0.132071,0.327767,0.139988,,1192000,,
0,2,,0.31373,0.118569,0.500831,0.066869,,1186600,,
0,0,,0.391811,0.332434,0.181114,0.09464,,1193300,,
0,0,,0.468207,0.130482,0.302429,0.098882,,1290900,,
0,2,,0.319361,0.119804,0.494254,0.066582,,1173300,,
0,2,,0.294272,0.130745,0.416231,0.158752,,1191300,,
0,2,,0.270971,0.143397,0.51888,0.066753,,1179700,,
0,2,,0.331164,0.172402,0.381199,0.115235,,1225100,,
0,0,,0.367453,0.21831,0.326019,0.088218,,1172900,,
0,0,,0.38962,0.241122,0.285401,0.083857,,1258000,,
0,2,,0.283867,0.113034,0.522496,0.080604,,1169500,,
0,0,,0.451129,0.291356,0.199137,0.058378,,1181600,,
0,2,,0.265031,0.123949,0.520981,0.090038,,1216700,,
0,0,,0.391723,0.208063,0.341774,0.058439,,1179700,,
0,2,,0.30477,0.087308,0.447889,0.160033,,1182700,,
0,2,,0.292159,0.099138,0.504199,0.104503,,1214100,,
0,0,,0.542303,0.199491,0.184065,0.074141,,1272300,,
0,0,,0.43973,0.21342,0.252481,0.09437,,1177700,,
0,2,,0.321349,0.143621,0.350528,0.184502,,1174700,,
0,0,,0.397747,0.237664,0.269304,0.095285,,1180000,,
0,2,,0.321328,0.101445,0.324591,0.252636,,1180100,,
0,2,,0.315298,0.154042,0.450719,0.079941,,1170900,,
0,2,,0.279323,0.085613,0.500657,0.134406,,1259600,,
0,2,,0.2435,0.086448,0.576605,0.093446,,1167700,,
0,2,,0.273968,0.06809,0.531631,0.126311,,1172800,,
0,0,,0.363987,0.240107,0.31438,0.081527,,1171600,,
0,2,,0.272227,0.085175,0.51471,0.127889,,1169800,,
0,2,,0.305841,0.096419,0.479581,0.11816,,1174500,,
0,0,,0.420462,0.317544,0.183812,0.078181,,1408100,,
0,0,,0.363561,0.16425,0.335135,0.137054,,1971000,,
0,2,,0.266025,0.145896,0.514514,0.073565,,1174800,,
0,0,,0.379332,0.231946,0.328784,0.059938,,1178900,,
0,0,,0.429811,0.321354,0.18261,0.066225,,1166200,,
0,2,,0.334545,0.193387,0.384213,0.087855,,1169000,,
0,0,,0.361397,0.21808,0.332741,0.087782,,1295400,,
0,2,,0.336935,0.085428,0.455999,0.121639,,1160500,,
0,0,,0.394773,0.238146,0.308715,0.058366,,1175200,,
0,2,,0.24336,0.054733,0.601633,0.100273,,1175000,,
0,0,,0.49923,0.239618,0.145566,0.115586,,1189100,,
0,0,,0.40168,0.367833,0.14728,0.083208,,1169400,,
0,2,,0.295172,0.119713,0.503027,0.082089,,1266900,,
0,2,,0.271793,0.096538,0.578473,0.053196,,1195700,,
0,0,,0.41971,0.321306,0.201463,0.057521,,1174200,,
0,2,,0.328449,0.091984,0.348631,0.230936,,1219600,,
0,2,,0.250489,0.097681,0.585667,0.066164,,1176800,,
0,0,,0.391732,0.317172,0.212553,0.078544,,1171800,,
0,2,,0.290265,0.130745,0.404886,0.174104,,1170900,,
0,0,,0.390866,0.332676,0.181822,0.094636,,1288300,,
0,2,,0.323251,0.133245,0.360056,0.183448,,1184900,,
0,0,,0.462742,0.127822,0.292705,0.116731,,1169800,,
0,2,,0.30477,0.087308,0.447889,0.160033,,1173000,,
0,0,,0.427457,0.32054,0.169309,0.082695,,1168900,,
0,0,,0.364735,0.266097,0.23997,0.129197,,1165300,,
0,0,,0.387276,0.263717,0.253459,0.095548,,1179800,,
0,0,,0.358063,0.283398,0.270668,0.087871,,1388300,,
0,0,,0.417024,0.351293,0.148475,0.083208,,1171500,,
0,0,,0.476296,0.208049,0.255159,0.060496,,1195700,,
0,0,,0.392016,0.136353,0.367845,0.103786,,1171400,,
0,0,,0.476594,0.293436,0.158694,0.071277,,1173800,,
0,0,,0.574451,0.201416,0.155509,0.068624,,1177100,,
0,2,,0.250835,0.134389,0.590566,0.02421,,1281300,,
0,0,,0.554154,0.153238,0.232684,0.059924,,1187400,,
0,0,,0.392988,0.347406,0.164966,0.09464,,1176900,,
0,2,,0.334199,0.113011,0.478132,0.074658,,1185000,,
0,0,,0.580515,0.192109,0.142282,0.085094,,1180700,,
0,2,,0.193654,0.046721,0.625162,0.134462,,1170000,,
0,0,,0.437607,0.31529,0.178479,0.068624,,1284300,,
0,0,,0.400566,0.154699,0.385755,0.05898,,1169900,,
0,0,,0.401773,0.327473,0.187619,0.083134,,1250900,,
0,0,,0.448378,0.134454,0.300584,0.116584,,1184500,,
0,0,,0.496594,0.273436,0.158694,0.071277,,1168200,,
0,2,,0.307703,0.104364,0.508634,0.079299,,1171600,,
0,0,,0.463616,0.296048,0.171712,0.068624,,1166800,,
0,2,,0.354999,0.121868,0.42207,0.101063,,1269800,,
0,2,,0.303074,0.084273,0.569285,0.043368,,1170600,,
0,0,,0.429811,0.321354,0.18261,0.066225,,1178700,,
0,2,,0.324932,0.115398,0.495021,0.064649,,1170200,,
0,2,,0.385818,0.155741,0.388175,0.070266,,1176800,,
0,2,,0.24589,0.112451,0.590638,0.051021,,1173800,,
0,2,,0.325236,0.127903,0.510633,0.036228,,1281300,,
0,2,,0.267043,0.080928,0.595744,0.056285,,1164600,,
0,0,,0.41971,0.324383,0.198386,0.057521,,1216800,,
0,0,,0.455961,0.135187,0.292269,0.116584,,1164000,,
0,0,,0.397747,0.237664,0.269304,0.095285,,1167900,,
0,0,,0.494988,0.249423,0.149531,0.106058,,1172300,,
0,2,,0.265261,0.16231,0.487446,0.084983,,1316200,,
0,0,,0.401531,0.317109,0.198592,0.082768,,1191500,,
0,0,,0.548708,0.206197,0.18517,0.059924,,1182800,,
0,2,,0.314272,0.130745,0.396231,0.158752,,1184500,,
0,2,,0.25944,0.051286,0.60161,0.087664,,1176700,,
0,2,,0.2435,0.086448,0.576605,0.093446,,1188800,,
0,0,,0.571161,0.174676,0.174783,0.079381,,1264100,,
0,0,,0.38624,0.176838,0.288333,0.14859,,1178400,,
0,0,,0.459289,0.142913,0.311892,0.085905,,1172800,,
0,2,,0.31812,0.153238,0.42646,0.102182,,1275500,,
0,2,,0.307712,0.134148,0.48219,0.075949,,1184500,,
0,0,,0.410486,0.300808,0.190033,0.098674,,1200300,,
0,0,,0.386478,0.278634,0.278939,0.055949,,1172900,,
0,2,,0.273614,0.09368,0.586348,0.046358,,1257000,,
0,0,,0.56662,0.14492,0.228536,0.059924,,1172800,,
0,2,,0.270961,0.170799,0.486432,0.071808,,1171400,,
0,2,,0.274551,0.09104,0.551103,0.083306,,1170400,,
0,0,,0.425883,0.318526,0.172897,0.082695,,1170700,,
0,0,,0.404453,0.21621,0.293432,0.085905,,1177500,,
0,0,,0.445878,0.244154,0.232987,0.076981,,1285200,,
0,0,,0.411621,0.088223,0.354969,0.145187,,1169000,,
0,0,,0.486334,0.176661,0.258,0.079005,,1172700,,
0,0,,0.387067,0.212774,0.321719,0.078439,,1172100,,
0,2,,0.354801,0.116542,0.450291,0.078366,,1176200,,
0,0,,0.414916,0.274589,0.230553,0.079942,,1176500,,
0,0,,0.48176,0.229168,0.208526,0.080546,,1264200,,
0,2,,0.250381,0.088214,0.602975,0.05843,,1176700,,
0,0,,0.407037,0.257398,0.244647,0.090918,,1171700,,
0,2,,0.285225,0.086239,0.572575,0.055961,,1171600,,
0,2,,0.328483,0.070985,0.477133,0.123398,,1164800,,
0,0,,0.391405,0.133276,0.377734,0.097585,,1171500,,
0,2,,0.333928,0.139399,0.38121,0.145463,,1171900,,
0,0,,0.364475,0.221693,0.354847,0.058984,,1251600,,
0,2,,0.307218,0.115809,0.498606,0.078366,,1165600,,
0,2,,0.369653,0.095569,0.497722,0.037055,,1172500,,
0,2,,0.323711,0.108328,0.466971,0.10099,,1228400,,
0,0,,0.396035,0.262783,0.134649,0.206533,,1182500,,
0,0,,0.524114,0.191055,0.178647,0.106183,,1171500,,
0,0,,0.45578,0.175983,0.311121,0.057115,,1283300,,
0,0,,0.415492,0.278749,0.198286,0.107474,,1179000,,
0,0,,0.452625,0.165795,0.207607,0.173973,,1181500,,
0,0,,0.406695,0.301366,0.234414,0.057525,,1173900,,
0,2,,0.233057,0.089695,0.618385,0.058863,,1169100,,
0,2,,0.306798,0.096189,0.475708,0.121305,,1170600,,
0,0,,0.391405,0.133276,0.377734,0.097585,,1278400,,
0,2,,0.231921,0.106206,0.608174,0.053699,,1169200,,
0,0,,0.403844,0.281849,0.228235,0.086071,,1187200,,
0,0,,0.545919,0.205349,0.180519,0.068213,,1174700,,
0,0,,0.388041,0.287309,0.202969,0.121681,,1210900,,
0,0,,0.456183,0.305915,0.169278,0.068624,,1168900,,
0,2,,0.257944,0.093342,0.580761,0.067953,,1170400,,
0,2,,0.279862,0.117565,0.550013,0.05256,,1266700,,
0,2,,0.239317,0.057296,0.622265,0.081122,,1174400,,
0,2,,0.298334,0.083764,0.466144,0.151758,,1190500,,
0,0,,0.635266,0.164313,0.137725,0.062695,,1181400,,
0,2,,0.34557,0.139557,0.383128,0.131745,,1175200,,
0,0,,0.396005,0.250821,0.217082,0.136093,,1182900,,
0,0,,0.390866,0.332676,0.181822,0.094636,,1258500,,
0,2,,0.292049,0.095284,0.513273,0.099394,,1172400,,
0,0,,0.524763,0.206422,0.20019,0.068624,,1208000,,
0,2,,0.243472,0.082834,0.596343,0.077351,,1181200,,
0,2,,0.269861,0.107215,0.524034,0.09889,,1263900,,
0,2,,0.325193,0.089714,0.467078,0.118015,,1420500,,
0,0,,0.394916,0.302432,0.222711,0.079942,,1486700,,
0,0,,0.397747,0.237664,0.269304,0.095285,,1407400,,
0,0,,0.392321,0.20677,0.285111,0.115798,,1403100,,
0,2,,0.259436,0.096488,0.473306,0.17077,,1411400,,
0,0,,0.41545,0.202995,0.296037,0.085518,,1406500,,
0,2,,0.270971,0.163397,0.49888,0.066753,,1492400,,
0,0,,0.533673,0.217355,0.154332,0.09464,,1402300,,
0,2,,0.244603,0.111578,0.584754,0.059065,,1404000,,
0,0,,0.432668,0.322725,0.17333,0.071277,,1400900,,
0,2,,0.319233,0.185531,0.407307,0.087929,,1397500,,
0,2,,0.242249,0.119123,0.581424,0.057204,,1509200,,
0,0,,0.423019,0.228223,0.290141,0.058617,,1413600,,
0,0,,0.394212,0.284481,0.232227,0.08908,,1406100,,
0,2,,0.298409,0.0876,0.442671,0.17132,,1399100,,
0,0,,0.373347,0.251465,0.25881,0.116378,,1399300,,
0,0,,0.387001,0.312637,0.178681,0.121681,,1415600,,
0,2,,0.208534,0.058628,0.641288,0.091551,,1463000,,
0,0,,0.390209,0.238086,0.2593,0.112405,,1409100,,
0,2,,0.336832,0.079631,0.465375,0.118163,,1434100,,
0,0,,0.473945,0.16458,0.245698,0.115777,,1420800,,
0,0,,0.38624,0.176838,0.288333,0.14859,,1402000,,
0,2,,0.298409,0.0876,0.442671,0.17132,,1505000,,
0,0,,0.387563,0.333355,0.17807,0.101011,,1176800,,
0,2,,0.285064,0.140995,0.507263,0.066678,,1163700,,
0,2,,0.305022,0.096183,0.480636,0.11816,,1175800,,
0,2,,0.212955,0.087523,0.605389,0.094133,,1171500,,
0,2,,0.300021,0.100613,0.511148,0.088218,,1180400,,
0,0,,0.459289,0.162913,0.291892,0.085905,,1255900,,
0,2,,0.330108,0.085192,0.469728,0.114972,,1169700,,
0,0,,0.574451,0.201416,0.155509,0.068624,,1173800,,
0,0,,0.400893,0.285626,0.22405,0.089431,,1171000,,
0,2,,0.322475,0.070985,0.489808,0.116731,,1171100,,
0,2,,0.319683,0.11356,0.475912,0.090845,,1190200,,
0,0,,0.344909,0.240526,0.32671,0.087855,,1367500,,
0,0,,0.386483,0.235928,0.291684,0.085905,,1420000,,
0,2,,0.272349,0.123604,0.570629,0.033418,,1409200,,
0,0,,0.375769,0.244222,0.300067,0.079942,,1406500,,
0,0,,0.466006,0.286648,0.178722,0.068624,,1405600,,
0,2,,0.256694,0.060649,0.574521,0.108135,,1469100,,
0,0,,0.375769,0.264222,0.280067,0.079942,,1397700,,
0,0,,0.397747,0.217664,0.289304,0.095285,,1402500,,
0,0,,0.571266,0.205597,0.154513,0.068624,,1407500,,
0,2,,0.275468,0.115318,0.530148,0.079066,,1393300,,
0,2,,0.243445,0.134776,0.563715,0.058065,,1418000,,
0,2,,0.250381,0.088214,0.602975,0.05843,,1462300,,
0,0,,0.389831,0.263756,0.242065,0.104349,,1470200,,
0,2,,0.208534,0.058628,0.641288,0.091551,,1401700,,
0,2,,0.367394,0.1842,0.391825,0.056581,,1401200,,
0,2,,0.193322,0.05175,0.60049,0.154438,,1400400,,
0,0,,0.392931,0.245571,0.308755,0.052744,,1472700,,
0,0,,0.391732,0.341156,0.188568,0.078544,,1400800,,
0,0,,0.430375,0.182029,0.272625,0.114972,,1450500,,
0,2,,0.302827,0.085449,0.458392,0.153332,,1420700,,
0,2,,0.31664,0.134462,0.352049,0.19685,,1407500,,
0,0,,0.388041,0.287309,0.202969,0.121681,,1471300,,
0,2,,0.239999,0.088989,0.591117,0.079895,,2115500,,
0,0,,0.415584,0.237864,0.137096,0.209455,,2518800,,
0,0,,0.376346,0.210907,0.353868,0.058879,,1419200,,
0,2,,0.214919,0.051896,0.552851,0.180334,,1409700,,
0,2,,0.235308,0.094547,0.614886,0.055259,,1409800,,
0,2,,0.289317,0.131245,0.396803,0.182635,,1417200,,
0,0,,0.522218,0.187614,0.216492,0.073676,,1453200,,
0,0,,0.450655,0.222472,0.229288,0.097585,,1296200,,
0,0,,0.39971,0.342556,0.200213,0.057521,,1177500,,
0,0,,0.38938,0.246801,0.239739,0.124081,,1176200,,
0,2,,0.24589,0.092451,0.610638,0.051021,,1188900,,
0,2,,0.283518,0.119186,0.534665,0.062632,,1186800,,
0,2,,0.242959,0.114482,0.577977,0.064582,,1287000,,
0,2,,0.30477,0.087308,0.447889,0.160033,,1261900,,
0,2,,0.321762,0.159546,0.446561,0.072131,,1189600,,
0,2,,0.249223,0.05849,0.623918,0.068368,,1193700,,
0,2,,0.334906,0.08635,0.457252,0.121491,,1183900,,
0,0,,0.405201,0.235642,0.291537,0.06762,,1201800,,
0,2,,0.330108,0.085192,0.469728,0.114972,,1186800,,
0,2,,0.265663,0.118943,0.525356,0.090038,,1274400,,
0,0,,0.556654,0.195202,0.179931,0.068213,,1198200,,
0,0,,0.38624,0.176838,0.288333,0.14859,,1198000,,
0,2,,0.275468,0.115318,0.530148,0.079066,,1201300,,
0,2,,0.312508,0.117545,0.514364,0.055583,,1192900,,
0,0,,0.488209,0.261683,0.181895,0.068213,,1196400,,
0,0,,0.398709,0.245121,0.297822,0.058349,,1280600,,
0,2,,0.306147,0.117837,0.509146,0.066869,,1190900,,
0,2,,0.330261,0.093255,0.453295,0.12319,,1188600,,
0,0,,0.453709,0.193802,0.265579,0.08691,,1187300,,
0,2,,0.347717,0.076212,0.472386,0.103685,,1178600,,
0,0,,0.411479,0.338546,0.182373,0.067602,,1208900,,
0,0,,0.48625,0.272621,0.157776,0.083354,,1283500,,
0,0,,0.387237,0.215896,0.306021,0.090845,,1200000,,
0,0,,0.394392,0.273704,0.222065,0.109839,,1187500,,
0,0,,0.491918,0.207594,0.240564,0.059924,,1204100,,
0,0,,0.435461,0.133128,0.327625,0.103786,,1190200,,
0,2,,0.258102,0.104764,0.569181,0.067953,,1189900,,
0,2,,0.308383,0.157253,0.4824,0.051963,,1258000,,
0,0,,0.470421,0.217207,0.249105,0.063267,,1185500,,
0,0,,0.364826,0.25782,0.288274,0.08908,,1270300,,
0,0,,0.394034,0.245225,0.270748,0.089993,,1197700,,
0,0,,0.367804,0.265693,0.28272,0.083783,,1184500,,
0,0,,0.398714,0.259012,0.2424,0.099874,,1192600,,
0,2,,0.266025,0.162843,0.497567,0.073565,,1268500,,
0,0,,0.548105,0.202915,0.189056,0.059924,,1194300,,
0,0,,0.391024,0.352763,0.167684,0.088529,,1194400,,
0,0,,0.485294,0.200739,0.234962,0.079005,,1186300,,
0,0,,0.379147,0.238908,0.273347,0.108598,,1203200,,
0,2,,0.255019,0.06021,0.59044,0.094331,,1187300,,
0,2,,0.354801,0.116542,0.450291,0.078366,,1195400,,
0,2,,0.305022,0.096183,0.480636,0.11816,,1266600,,
0,2,,0.297871,0.122882,0.428562,0.150685,,1191700,,
0,2,,0.228885,0.089461,0.608109,0.073545,,1227400,,
0,0,,0.520403,0.171923,0.228334,0.07934,,1216600,,
0,0,,0.40295,0.371013,0.142903,0.083134,,1193400,,
0,0,,0.375769,0.28738,0.256909,0.079942,,1204500,,
0,2,,0.240111,0.095989,0.590789,0.073111,,1606900,,
0,2,,0.297213,0.130745,0.412848,0.159194,,1196100,,
0,2,,0.324735,0.129482,0.364989,0.180794,,1183700,,
0,0,,0.426912,0.218641,0.15872,0.195726,,1214500,,
0,0,,0.394916,0.274589,0.250553,0.079942,,1189300,,
0,2,,0.263472,0.082834,0.576343,0.077351,,1177900,,
0,2,,0.231056,0.100195,0.594156,0.074592,,1256000,,
0,0,,0.468734,0.233447,0.223495,0.074324,,1185700,,
0,2,,0.250489,0.097681,0.585667,0.066164,,1173900,,
0,0,,0.36962,0.282372,0.264151,0.083857,,1283400,,
0,0,,0.38624,0.176838,0.288333,0.14859,,1217000,,
0,0,,0.373395,0.218755,0.28969,0.11816,,1176600,,
0,0,,0.495638,0.246455,0.188529,0.069378,,1180200,,
0,2,,0.356958,0.118105,0.450658,0.074279,,1291000,,
0,2,,0.273648,0.110608,0.559223,0.05652,,1172900,,
0,2,,0.27219,0.078727,0.475721,0.173363,,1185500,,
0,0,,0.451566,0.226965,0.234559,0.08691,,1176200,,
0,0,,0.475638,0.246455,0.208529,0.069378,,1197400,,
0,2,,0.309544,0.095497,0.557977,0.036982,,1170600,,
0,2,,0.286419,0.098773,0.500725,0.114083,,1246200,,
0,0,,0.491918,0.207594,0.240564,0.059924,,1199100,,
0,0,,0.498715,0.19587,0.213935,0.09148,,1172900,,
0,2,,0.2435,0.086448,0.576605,0.093446,,1215900,,
0,2,,0.250381,0.088214,0.608857,0.052548,,1177200,,
0,0,,0.450655,0.225266,0.226494,0.097585,,1199200,,
0,0,,0.414535,0.31522,0.181164,0.08908,,1185900,,
0,2,,0.273042,0.131225,0.512813,0.08292,,1262700,,
0,2,,0.24589,0.112451,0.590638,0.051021,,1179100,,
0,2,,0.317996,0.140938,0.374697,0.166369,,1187100,,
0,2,,0.271417,0.10029,0.528898,0.099394,,1188300,,
0,2,,0.298409,0.1076,0.442671,0.15132,,1183800,,
0,0,,0.400462,0.36774,0.153617,0.078181,,1174500,,
0,0,,0.384159,0.374406,0.152906,0.088529,,1262400,,
0,2,,0.243958,0.083128,0.596198,0.076716,,1174000,,
0,0,,0.375863,0.281725,0.258556,0.083857,,1194000,,
0,2,,0.290182,0.100285,0.560384,0.049149,,1377600,,
0,0,,0.377533,0.262132,0.25808,0.102255,,1188500,,
0,0,,0.526104,0.132934,0.252655,0.088306,,1187100,,
0,0,,0.384826,0.249978,0.276116,0.08908,,1267400,,
0,0,,0.431778,0.11474,0.394865,0.058617,,1182400,,
0,2,,0.275468,0.115318,0.530148,0.079066,,1209900,,
0,2,,0.276652,0.12083,0.539887,0.062632,,1192800,,
0,0,,0.44959,0.118632,0.327992,0.103786,,1188200,,
0,2,,0.254654,0.089841,0.570746,0.08476,,1174600,,
0,0,,0.500403,0.171923,0.248334,0.07934,,1262800,,
0,2,,0.34557,0.139557,0.383128,0.131745,,1187900,,
0,0,,0.442905,0.247065,0.241857,0.068173,,1187800,,
0,2,,0.312012,0.091727,0.474956,0.121305,,1178700,,
0,2,,0.265031,0.123949,0.520981,0.090038,,1222700,,
0,0,,0.568708,0.206197,0.16517,0.059924,,1201100,,
0,0,,0.382747,0.274458,0.266189,0.076605,,1273200,,
0,0,,0.390866,0.367699,0.146798,0.094636,,1178200,,
0,2,,0.208534,0.058628,0.641288,0.091551,,1175300,,
0,0,,0.42959,0.138632,0.327992,0.103786,,1223800,,
0,2,,0.223997,0.051745,0.54857,0.175688,,1188200,,
0,2,,0.253454,0.050698,0.582287,0.113561,,1177500,,
0,0,,0.3986,0.240457,0.312291,0.048652,,1184100,,
0,2,,0.319683,0.11356,0.475912,0.090845,,1301500,,
0,0,,0.47567,0.228135,0.227388,0.068807,,1272200,,
0,2,,0.287382,0.090869,0.560536,0.061213,,1236200,,
0,2,,0.212955,0.087523,0.625389,0.074133,,1250100,,
0,0,,0.425883,0.318526,0.172897,0.082695,,1188400,,
0,0,,0.460303,0.174695,0.277522,0.087481,,1189000,,
0,2,,0.280272,0.11676,0.526051,0.076918,,1182400,,
0,0,,0.43568,0.308802,0.126957,0.128562,,1266700,,
0,0,,0.385992,0.27834,0.279084,0.056585,,1179700,,
0,0,,0.604555,0.158086,0.169147,0.068213,,1188700,,
0,2,,0.272432,0.134534,0.542927,0.050107,,1192200,,
0,2,,0.272419,0.114289,0.548186,0.065105,,1180000,,
0,0,,0.384363,0.208657,0.339113,0.067867,,1183400,,
0,2,,0.272662,0.16555,0.52556,0.036228,,1174600,,
0,0,,0.422064,0.201283,0.290748,0.085905,,1248300,,
0,2,,0.238198,0.112857,0.571159,0.077785,,1180600,,
0,2,,0.256255,0.055466,0.600615,0.087664,,1256700,,
0,0,,0.457275,0.208491,0.230448,0.103786,,1195000,,
0,0,,0.391405,0.136353,0.374657,0.097585,,1182100,,
0,2,,0.300437,0.100181,0.525995,0.073388,,1179400,,
0,0,,0.485012,0.26584,0.180205,0.068943,,1260300,,
0,0,,0.358063,0.283398,0.270668,0.087871,,1180100,,
0,0,,0.366535,0.227028,0.318219,0.088218,,1181900,,
0,2,,0.314572,0.095829,0.514256,0.075344,,1180400,,
0,2,,0.321759,0.134628,0.466714,0.0769,,1180000,,
0,0,,0.394427,0.241947,0.232589,0.131037,,1188000,,
0,0,,0.405883,0.339776,0.185765,0.068577,,1287300,,
0,2,,0.3218,0.128476,0.330587,0.219137,,1167700,,
0,2,,0.208006,0.077278,0.626018,0.088698,,1185800,,
1,2,,0.246376,0.112745,0.610493,0.030386,,1199000,,
1,2,,0.321849,0.148414,0.460656,0.06908,,1177400,,
1,2,,0.272349,0.103604,0.590629,0.033418,,1187200,,
1,2,,0.282019,0.139128,0.516263,0.06259,,1267900,,
1,2,,0.32821,0.148122,0.465874,0.057794,,1181200,,
1,2,,0.246376,0.112745,0.610493,0.030386,,1178100,,
1,2,,0.3385,0.146184,0.440915,0.074401,,1193100,,
1,2,,0.262078,0.103322,0.582003,0.052597,,1178400,,
1,0,,0.397883,0.339898,0.159301,0.102918,,1180700,,
1,2,,0.34146,0.161107,0.424159,0.073274,,1264600,,
1,0,,0.43636,0.24562,0.22949,0.088529,,1184600,,
1,2,,0.32821,0.128122,0.465874,0.077794,,1179100,,
1,2,,0.315064,0.164214,0.420223,0.100499,,1213200,,
1,2,,0.322335,0.148708,0.446394,0.082563,,1178100,,
1,0,,0.434302,0.281442,0.192307,0.091949,,1194700,,
1,2,,0.312022,0.117251,0.514509,0.056218,,1261400,,
1,2,,0.337127,0.167477,0.415454,0.079942,,1188200,,
1,2,,0.324097,0.184031,0.396789,0.095083,,1186700,,
1,2,,0.262564,0.123616,0.56774,0.04608,,1168900,,
1,2,,0.324807,0.141414,0.457561,0.076218,,1174900,,
1,2,,0.341431,0.164229,0.39162,0.10272,,1183300,,
1,2,,0.335563,0.155471,0.436713,0.072253,,1173800,,
1,0,,0.43464,0.31288,0.123919,0.128562,,1272800,,
1,2,,0.322161,0.141535,0.462025,0.074279,,1175900,,
1,2,,0.309836,0.134649,0.498995,0.05652,,1183700,,
1,2,,0.246376,0.112745,0.610493,0.030386,,1246900,,
1,0,,0.379136,0.180643,0.348992,0.091228,,1187900,,
1,0,,0.433708,0.328326,0.190358,0.047608,,1191400,,
1,0,,0.384336,0.270553,0.169351,0.17576,,1258500,,
1,2,,0.32821,0.168122,0.425874,0.077794,,1186500,,
1,0,,0.400685,0.361305,0.164148,0.073862,,1190800,,
1,2,,0.302912,0.111868,0.503132,0.082089,,1197400,,
1,2,,0.358022,0.163831,0.403746,0.074401,,1179300,,
1,2,,0.361431,0.164229,0.37162,0.10272,,1171000,,
1,2,,0.316621,0.122481,0.469538,0.09136,,1276900,,
1,2,,0.262564,0.123616,0.56774,0.04608,,1181800,,
1,2,,0.321849,0.128414,0.480656,0.06908,,1180600,,
1,2,,0.316226,0.148205,0.458669,0.0769,,1228900,,
1,0,,0.390866,0.367699,0.140916,0.100518,,1192300,,
1,2,,0.339274,0.196159,0.386127,0.07844,,1179400,,
1,0,,0.365702,0.212545,0.330451,0.091302,,1273300,,
1,2,,0.365918,0.178686,0.375454,0.079942,,1174100,,
1,2,,0.321759,0.134628,0.466714,0.0769,,1172400,,
1,0,,0.41568,0.292257,0.183501,0.108562,,1187100,,
1,2,,0.32821,0.168122,0.425874,0.077794,,1180500,,
1,0,,0.385221,0.246391,0.259826,0.108562,,1179100,,
1,2,,0.242249,0.119123,0.581424,0.057204,,1263700,,
1,2,,0.273634,0.128816,0.557692,0.039857,,1186500,,
1,2,,0.286479,0.140771,0.516336,0.056414,,1179500,,
1,2,,0.312022,0.137251,0.474509,0.076218,,1178700,,
1,2,,0.251077,0.124955,0.57761,0.046358,,1175200,,
1,2,,0.253386,0.140733,0.517676,0.088205,,1209400,,
1,0,,0.403887,0.348341,0.155823,0.091949,,1197200,,
1,2,,0.312214,0.126713,0.466122,0.094951,,1252900,,
1,2,,0.304261,0.122809,0.481702,0.091228,,1168700,,
1,2,,0.318932,0.142,0.458081,0.080987,,1195500,,
1,2,,0.323783,0.160456,0.424533,0.091228,,1184700,,
1,2,,0.356143,0.140128,0.412369,0.09136,,1178500,,
1,2,,0.319605,0.137983,0.486194,0.056218,,1176700,,
1,2,,0.262564,0.123616,0.56774,0.04608,,1262400,,
1,2,,0.339274,0.194909,0.387377,0.07844,,1180900,,
1,2,,0.312022,0.117251,0.514509,0.056218,,1175600,,
1,2,,0.318932,0.142,0.458081,0.080987,,1187800,,
1,2,,0.270671,0.130729,0.54208,0.05652,,1193700,,
1,0,,0.414154,0.311336,0.165314,0.109197,,1466100,,
1,2,,0.315543,0.140335,0.465369,0.078753,,1355000,,
1,0,,0.433828,0.321917,0.170392,0.073862,,1191900,,
1,2,,0.262564,0.123616,0.56774,0.04608,,1171000,,
1,2,,0.337605,0.12983,0.452623,0.079942,,1179700,,
1,2,,0.307218,0.115809,0.498606,0.078366,,1177100,,
1,0,,0.423434,0.265911,0.21084,0.099815,,1188500,,
1,2,,0.322335,0.148708,0.446394,0.082563,,1454700,,
1,0,,0.413952,0.324959,0.177985,0.083103,,1196000,,
1,2,,0.356143,0.140128,0.412369,0.09136,,1193700,,
1,0,,0.43104,0.241834,0.227311,0.099815,,1217000,,
1,2,,0.270671,0.114406,0.558403,0.05652,,1187300,,
1,0,,0.389826,0.333028,0.176628,0.100518,,1201300,,
1,0,,0.432112,0.316406,0.168787,0.082695,,1378600,,
1,2,,0.249779,0.119453,0.584688,0.04608,,1198200,,
1,2,,0.340983,0.158754,0.42699,0.073274,,1202000,,
1,2,,0.316226,0.148205,0.458669,0.0769,,1193300,,
1,2,,0.264032,0.102097,0.545666,0.088206,,1179200,,
1,0,,0.411095,0.323442,0.182433,0.08303,,1187500,,
1,2,,0.307218,0.115809,0.498606,0.078366,,1361500,,
1,0,,0.405046,0.34443,0.176662,0.073862,,1195600,,
1,2,,0.315697,0.136031,0.466184,0.082089,,1186900,,
1,0,,0.356778,0.242541,0.210572,0.190109,,1207900,,
1,2,,0.304261,0.122809,0.481702,0.091228,,1192600,,
1,2,,0.337605,0.14983,0.432623,0.079942,,1191800,,
1,2,,0.265432,0.09683,0.553256,0.084482,,1287400,,
1,0,,0.367424,0.257488,0.27217,0.102918,,1214700,,
1,2,,0.32821,0.168122,0.425874,0.077794,,1184900,,
1,0,,0.391856,0.364972,0.175421,0.067751,,1203900,,
1,0,,0.390866,0.348949,0.159666,0.100518,,1190100,,
1,2,,0.328696,0.148416,0.445729,0.077159,,1182400,,
1,2,,0.3385,0.146184,0.440915,0.074401,,1322100,,
1,2,,0.320003,0.139972,0.461658,0.078366,,1207700,,
1,0,,0.395058,0.383008,0.136096,0.085837,,1218300,,
1,2,,0.357127,0.147477,0.415454,0.079942,,1202700,,
1,2,,0.246376,0.112745,0.610493,0.030386,,1191700,,
1,2,,0.347732,0.185769,0.388705,0.077794,,1188100,,
1,2,,0.248582,0.099292,0.561774,0.090353,,1295900,,
1,2,,0.270671,0.114406,0.558403,0.05652,,1229400,,
1,0,,0.409721,0.356056,0.155243,0.07898,,1191500,,
1,0,,0.445878,0.244154,0.232987,0.076981,,1219200,,
1,0,,0.371003,0.250553,0.206421,0.172023,,1199200,,
1,0,,0.390866,0.347699,0.160916,0.100518,,1191700,,
1,2,,0.270671,0.114406,0.558403,0.05652,,1284100,,
1,2,,0.322161,0.141535,0.462025,0.074279,,1187500,,
1,2,,0.355431,0.164266,0.389001,0.091302,,1193300,,
1,0,,0.401217,0.289915,0.209052,0.099815,,1197600,,
1,0,,0.400685,0.341305,0.184148,0.073862,,1215300,,
1,2,,0.262078,0.103322,0.582003,0.052597,,1187100,,
1,0,,0.43464,0.31288,0.123919,0.128562,,1285700,,
1,2,,0.306147,0.137837,0.475029,0.080987,,1187600,,
1,0,,0.439394,0.323014,0.1955,0.042091,,1242100,,
1,0,,0.415984,0.355372,0.139555,0.08909,,1189500,,
1,2,,0.317605,0.14983,0.452623,0.079942,,1192700,,
1,2,,0.262564,0.123616,0.56774,0.04608,,1177800,,
1,2,,0.350144,0.140164,0.42975,0.079942,,1267900,,
1,2,,0.310538,0.144481,0.461565,0.083417,,1203100,,
1,0,,0.390325,0.272283,0.266042,0.07135,,1186200,,
1,2,,0.321849,0.148414,0.440656,0.08908,,1191800,,
1,2,,0.32146,0.141107,0.464159,0.073274,,1201200,,
1,0,,0.421217,0.251165,0.227802,0.099815,,1191000,,
1,2,,0.251985,0.106,0.550087,0.091928,,1275500,,
1,0,,0.432652,0.306946,0.186541,0.073862,,1199300,,
1,2,,0.262564,0.123616,0.56774,0.04608,,1180100,,
1,2,,0.253386,0.140733,0.517676,0.088205,,1334100,,
1,2,,0.355431,0.164266,0.389001,0.091302,,1199100,,
1,2,,0.312508,0.137545,0.480246,0.069701,,1182800,,
1,2,,0.343783,0.140456,0.424533,0.091228,,1201400,,
1,2,,0.312508,0.137545,0.480246,0.069701,,1252900,,
1,2,,0.312022,0.137251,0.474509,0.076218,,1186300,,
1,2,,0.337127,0.167477,0.415454,0.079942,,1183000,,
1,2,,0.324007,0.149977,0.441023,0.084993,,1193600,,
1,2,,0.325549,0.145207,0.452639,0.076605,,1187400,,
1,2,,0.355431,0.164266,0.389001,0.091302,,1190100,,
1,0,,0.385497,0.180351,0.354209,0.079942,,1296400,,
1,2,,0.32821,0.148122,0.465874,0.057794,,1185400,,
1,2,,0.335563,0.155471,0.436713,0.072253,,1187400,,
1,2,,0.343303,0.147626,0.436818,0.072253,,1263700,,
1,2,,0.249779,0.119453,0.584688,0.04608,,1196600,,
1,0,,0.389826,0.353028,0.162511,0.094636,,1186800,,
1,0,,0.393952,0.316043,0.206902,0.083103,,1277700,,
1,0,,0.394353,0.237825,0.276462,0.09136,,1191100,,
1,0,,0.390866,0.347699,0.160916,0.100518,,1187900,,
1,2,,0.316647,0.144984,0.469289,0.06908,,1183000,,
1,2,,0.318622,0.171626,0.424759,0.084993,,1195200,,
1,0,,0.41104,0.261834,0.227311,0.099815,,1204500,,
1,2,,0.270671,0.114406,0.558403,0.05652,,1271700,,
1,2,,0.312508,0.137545,0.480246,0.069701,,1177700,,
1,2,,0.336621,0.122481,0.449538,0.09136,,1185000,,
1,0,,0.392669,0.338791,0.165305,0.103235,,1218700,,
1,2,,0.249779,0.119453,0.584688,0.04608,,1523500,,
1,2,,0.305661,0.137543,0.469291,0.087505,,2504900,,
1,2,,0.24589,0.092451,0.630638,0.031021,,2225700,,
1,2,,0.24589,0.092451,0.630638,0.031021,,2393200,,
1,2,,0.318804,0.166547,0.429656,0.084993,,2467100,,
1,2,,0.249779,0.119453,0.598806,0.031962,,2528200,,
1,2,,0.324007,0.149977,0.441023,0.084993,,2149500,,
1,2,,0.275178,0.090884,0.593509,0.040429,,2393800,,
1,2,,0.262564,0.123616,0.56774,0.04608,,2365600,,
1,0,,0.353559,0.234901,0.344697,0.066843,,2380100,,
1,0,,0.389826,0.353028,0.162511,0.094636,,2391400,,
1,2,,0.32821,0.168122,0.425874,0.077794,,2410100,,
2,2,,0.158213,0.111806,0.700021,0.029959,,2116000,,
2,2,,0.218947,0.059456,0.692626,0.02897,,1924100,,
2,2,,0.233057,0.089695,0.638385,0.038863,,1257300,,
2,2,,0.119881,0.049748,0.764186,0.066185,,1264400,,
2,2,,0.128036,0.047794,0.74347,0.080701,,1167400,,
2,2,,0.116189,0.040589,0.745727,0.097496,,1170300,,
2,2,,0.272769,0.090832,0.618117,0.018281,,1168200,,
2,2,,0.164014,0.110657,0.69537,0.029959,,1177800,,
2,2,,0.189335,0.104606,0.690205,0.015855,,1192500,,
2,2,,0.134049,0.07297,0.764597,0.028384,,1163900,,
2,2,,0.140345,0.11283,0.730399,0.016427,,1299000,,
2,2,,0.168101,0.059156,0.725529,0.047215,,1172200,,
2,2,,0.259883,0.111921,0.594777,0.033418,,1190700,,
2,2,,0.184014,0.117657,0.66837,0.029959,,1182000,,
2,0,,0.343915,0.199099,0.338135,0.11885,,1220000,,
2,2,,0.205293,0.036638,0.637577,0.120492,,1169200,,
2,2,,0.218316,0.084324,0.658569,0.038791,,1281200,,
2,2,,0.238233,0.085946,0.657567,0.018254,,1188200,,
2,2,,0.152443,0.074284,0.744889,0.028384,,1175400,,
2,2,,0.134049,0.07297,0.784597,0.008384,,1181600,,
2,2,,0.143036,0.082953,0.732558,0.041453,,1172200,,
2,0,,0.403749,0.242924,0.313936,0.039391,,1189000,,
2,2,,0.14822,0.082698,0.754803,0.014279,,1251500,,
2,2,,0.171109,0.173456,0.634063,0.021372,,1167900,,
2,2,,0.194825,0.052948,0.715395,0.036832,,1178000,,
2,2,,0.121197,0.042552,0.785759,0.050491,,1185400,,
2,2,,0.205012,0.079742,0.678706,0.03654,,1175300,,
2,2,,0.149657,0.04261,0.724383,0.083349,,1221100,,
2,2,,0.150992,0.067936,0.733271,0.047802,,1271200,,
2,2,,0.158213,0.111806,0.700021,0.029959,,1185000,,
2,2,,0.169249,0.059116,0.706207,0.065428,,1167800,,
2,2,,0.175924,0.050921,0.709595,0.063561,,1183300,,
2,2,,0.162879,0.091531,0.704138,0.041453,,1172200,,
2,2,,0.118158,0.049748,0.778662,0.053431,,1186000,,
2,2,,0.119881,0.049748,0.764186,0.066185,,1265100,,
2,2,,0.128395,0.043276,0.792796,0.035533,,1174700,,
2,2,,0.158739,0.094144,0.73069,0.016427,,1168000,,
2,2,,0.148714,0.043344,0.762535,0.045407,,1180600,,
2,2,,0.205293,0.036638,0.637577,0.120492,,1178800,,
2,2,,0.158312,0.077268,0.716618,0.047802,,1175200,,
2,2,,0.132835,0.102372,0.717139,0.047654,,1337000,,
2,2,,0.163499,0.068597,0.720102,0.047802,,1176900,,
2,2,,0.154049,0.07297,0.744597,0.028384,,1185100,,
2,2,,0.215924,0.062244,0.658271,0.063561,,1175300,,
2,0,,0.378573,0.268193,0.250979,0.102255,,1186100,,
2,2,,0.129657,0.06261,0.724383,0.083349,,1172700,,
2,2,,0.255042,0.066037,0.643697,0.035224,,1177600,,
2,2,,0.23815,0.120296,0.590533,0.051021,,1256100,,
2,2,,0.151538,0.098172,0.728918,0.021372,,1175800,,
2,2,,0.119592,0.040589,0.76794,0.071879,,1180800,,
2,2,,0.140899,0.039943,0.781775,0.037383,,1203400,,
2,2,,0.191162,0.04803,0.732174,0.028635,,1174700,,
2,2,,0.232846,0.092451,0.650493,0.02421,,1172500,,
2,2,,0.144703,0.082129,0.764784,0.008384,,1298800,,
2,2,,0.116115,0.030729,0.763036,0.09012,,1175400,,
2,2,,0.245213,0.084527,0.590365,0.079895,,1186100,,
2,2,,0.23358,0.071876,0.646175,0.048368,,1173700,,
2,2,,0.129507,0.030506,0.766596,0.07339,,1182400,,
2,2,,0.233057,0.089695,0.638385,0.038863,,1178000,,
2,2,,0.201051,0.058047,0.643803,0.097099,,1273500,,
2,2,,0.233057,0.089695,0.638385,0.038863,,1172500,,
2,2,,0.168999,0.052644,0.715551,0.062807,,1174900,,
2,2,,0.100963,0.036608,0.828763,0.033666,,1177800,,
2,2,,0.226756,0.110136,0.628706,0.034401,,1173900,,
2,2,,0.151407,0.047947,0.750593,0.050053,,1177100,,
2,2,,0.154049,0.07297,0.764597,0.008384,,1244100,,
2,2,,0.179036,0.055799,0.729908,0.035256,,1198900,,
2,2,,0.163543,0.095585,0.726593,0.014279,,1201200,,
2,2,,0.234338,0.110869,0.620391,0.034401,,1180100,,
2,2,,0.128855,0.04803,0.742415,0.080701,,1182900,,
2,2,,0.245631,0.096614,0.633545,0.02421,,1173000,,
2,2,,0.342369,0.200541,0.345498,0.111592,,1180900,,
2,2,,0.233057,0.089695,0.638385,0.038863,,1271600,,
2,2,,0.186443,0.105818,0.652326,0.055413,,1182600,,
2,2,,0.115087,0.041322,0.77016,0.073431,,1200700,,
2,2,,0.123899,0.050113,0.782136,0.043852,,1196600,,
2,2,,0.273057,0.089695,0.578385,0.058863,,1177500,,
2,2,,0.120469,0.042763,0.785193,0.051575,,1173300,,
2,2,,0.177448,0.064019,0.744254,0.014279,,1263600,,
2,2,,0.223706,0.105563,0.622798,0.047934,,1175400,,
2,2,,0.206618,0.058428,0.698414,0.03654,,1487500,,
2,2,,0.196607,0.09312,0.680313,0.029959,,1203700,,
2,2,,0.134049,0.07297,0.764597,0.028384,,1186800,,
2,2,,0.240013,0.109695,0.61824,0.032051,,1176000,,
2,2,,0.16896,0.049957,0.709962,0.071121,,1564600,,
2,2,,0.258675,0.096614,0.61369,0.031021,,2197200,,
2,2,,0.152443,0.074284,0.744889,0.028384,,2393200,,
2,2,,0.204081,0.123512,0.646407,0.026,,2383100,,
2,2,,0.117671,0.047794,0.765411,0.069125,,2462500,,
2,2,,0.287276,0.075293,0.61915,0.018281,,2400700,,
2,0,,0.329129,0.17872,0.318117,0.174034,,2386200,,
2,2,,0.120469,0.042763,0.785193,0.051575,,2350300,,
2,2,,0.161846,0.080956,0.715821,0.041378,,2446600,,
2,2,,0.184081,0.099836,0.690084,0.026,,2373900,,
2,2,,0.134049,0.07297,0.764597,0.028384,,2400100,,
2,2,,0.214353,0.114756,0.629729,0.041162,,2413100,,
2,2,,0.220303,0.098854,0.654485,0.026358,,1878500,,
2,2,,0.242249,0.119123,0.587307,0.051322,,1186400,,
2,2,,0.236483,0.10112,0.598306,0.064091,,1442300,,
2,2,,0.152443,0.074284,0.744889,0.028384,,1175500,,
2,2,,0.176011,0.043485,0.736653,0.043852,,1168300,,
2,2,,0.140493,0.037947,0.740712,0.080848,,1191500,,
2,2,,0.144703,0.082129,0.764784,0.008384,,1172300,,
2,2,,0.178213,0.091806,0.700021,0.029959,,1164800,,
2,2,,0.144098,0.117429,0.691894,0.046579,,1256100,,
2,2,,0.186304,0.123762,0.65774,0.032193,,1178700,,
2,0,,0.453336,0.164909,0.2771,0.104654,,1183000,,
2,2,,0.164435,0.086991,0.718614,0.029959,,1171400,,
2,2,,0.156621,0.043485,0.749841,0.050053,,1251900,,
2,2,,0.119357,0.037921,0.809055,0.033666,,1176000,,
2,2,,0.225654,0.060567,0.665387,0.048391,,1258800,,
2,2,,0.249827,0.070499,0.644449,0.035224,,1171800,,
2,2,,0.249895,0.10792,0.60312,0.039065,,1174300,,
2,2,,0.135204,0.042635,0.755976,0.066185,,1183700,,
2,2,,0.236932,0.053766,0.575339,0.133963,,1179800,,
2,0,,0.419588,0.175481,0.316928,0.088003,,1179600,,
2,0,,0.329129,0.17872,0.318117,0.174034,,1255800,,
2,2,,0.184014,0.088657,0.69737,0.029959,,1181100,,
2,2,,0.242968,0.043684,0.579238,0.13411,,1183100,,
2,2,,0.152443,0.074284,0.744889,0.028384,,1173400,,
2,2,,0.175313,0.049744,0.717583,0.05736,,1178200,,
2,2,,0.158112,0.053636,0.743416,0.044835,,1291700,,
2,2,,0.18431,0.129286,0.641748,0.044657,,1495000,,
2,2,,0.233057,0.089695,0.618385,0.058863,,1177000,,
2,2,,0.226913,0.04963,0.598763,0.124694,,1184800,,
2,2,,0.213163,0.050807,0.596043,0.139988,,1174800,,
2,2,,0.233057,0.089695,0.638385,0.038863,,1168600,,
2,2,,0.236483,0.10112,0.598306,0.064091,,1174000,,
2,2,,0.129703,0.039665,0.732524,0.098108,,1406300,,
2,2,,0.276771,0.05696,0.605565,0.060704,,1203200,,
2,2,,0.134049,0.07297,0.764597,0.028384,,1254900,,
2,2,,0.178213,0.091806,0.700021,0.029959,,1264600,,
2,2,,0.149507,0.103571,0.740687,0.006235,,1183000,,
2,2,,0.155846,0.080993,0.733202,0.029959,,1176200,,
2,2,,0.18431,0.132444,0.63859,0.044657,,1349800,,
2,2,,0.195313,0.050921,0.696407,0.05736,,1170400,,
2,2,,0.210896,0.087523,0.628036,0.073545,,1165900,,
2,2,,0.181759,0.056893,0.712444,0.048905,,1192700,,
2,2,,0.238436,0.05087,0.674427,0.036267,,1183000,,
2,2,,0.143452,0.090124,0.704503,0.06192,,1168800,,
2,2,,0.113748,0.040771,0.811815,0.033666,,1335700,,
2,2,,0.164829,0.096459,0.732477,0.006235,,1171300,,
2,2,,0.219325,0.075273,0.670879,0.034524,,1171000,,
2,2,,0.117869,0.040589,0.762417,0.079125,,1174600,,
2,2,,0.126509,0.041903,0.771955,0.059633,,1184100,,
2,2,,0.113748,0.040771,0.811815,0.033666,,1174000,,
2,2,,0.205346,0.093104,0.670163,0.031387,,1360600,,
2,2,,0.220013,0.089695,0.63824,0.052051,,1227100,,
2,2,,0.200782,0.093915,0.665513,0.03979,,1180300,,
2,2,,0.130624,0.04143,0.774514,0.053431,,1171400,,
2,2,,0.149507,0.083571,0.760687,0.006235,,1173100,,
2,2,,0.233057,0.089695,0.638385,0.038863,,1173900,,
2,2,,0.120469,0.042763,0.785193,0.051575,,1371600,,
2,2,,0.203072,0.05936,0.652828,0.084739,,1178100,,
2,2,,0.148965,0.038916,0.761628,0.050491,,1174900,,
2,2,,0.222357,0.071662,0.639915,0.066066,,1170900,,
2,2,,0.136463,0.06841,0.726467,0.06866,,1176300,,
2,2,,0.108115,0.040589,0.791663,0.059633,,1170500,,
2,2,,0.23815,0.120296,0.610533,0.031021,,1308900,,
2,2,,0.232846,0.092451,0.650493,0.02421,,1220600,,
2,2,,0.171121,0.111729,0.695778,0.021372,,1181500,,
2,2,,0.263493,0.085616,0.632637,0.018254,,1179100,,
2,2,,0.113748,0.040771,0.811815,0.033666,,1173400,,
2,2,,0.144649,0.100521,0.722265,0.032565,,1169600,,
