wall-following,CWE,test,3,NANOSECONDS,PREDICTIONS, Generated by ClassifierExperiments.java on 2022-05-16 22:48:09.    SYSTEMPROPERTIES:{user.name:matth,os.arch:amd64,os.name:Windows 10},ENDSYSTEMPROPERTIES
No parameter info
0.6029277218664227,838003100,1448075600,-1,0,4,,-1,-1
0,2,,0.331426,0.125518,0.498603,0.044453,,1369400,,
0,0,,0.459529,0.187998,0.186699,0.165775,,1194500,,
0,0,,0.566227,0.192036,0.162404,0.079332,,1204800,,
0,2,,0.328336,0.107551,0.448969,0.115144,,1238900,,
0,0,,0.520012,0.181414,0.240641,0.057933,,1183800,,
0,0,,0.542377,0.150149,0.169186,0.138288,,1177600,,
0,2,,0.283966,0.175661,0.451936,0.088437,,1179500,,
0,0,,0.528784,0.147172,0.172416,0.151628,,1194300,,
0,0,,0.55126,0.181319,0.173372,0.094049,,1179200,,
0,0,,0.497375,0.203361,0.249234,0.050029,,1170800,,
0,2,,0.296674,0.107546,0.504952,0.090827,,1177200,,
0,0,,0.519295,0.199979,0.22358,0.057146,,1177200,,
0,2,,0.29933,0.117742,0.517374,0.065554,,1180100,,
0,0,,0.475518,0.208509,0.209833,0.106139,,1176300,,
0,0,,0.611069,0.131565,0.162403,0.094962,,1185500,,
0,2,,0.34359,0.107709,0.439307,0.109394,,1173400,,
0,0,,0.491987,0.225877,0.198686,0.08345,,1177700,,
0,0,,0.533268,0.164374,0.23732,0.065038,,1903100,,
0,2,,0.272234,0.064717,0.551341,0.111708,,2043900,,
0,0,,0.374664,0.203872,0.374189,0.047275,,1948900,,
0,0,,0.440263,0.120913,0.328339,0.110485,,1940800,,
0,2,,0.321359,0.096339,0.484577,0.097726,,1921500,,
0,2,,0.351365,0.118293,0.415478,0.114864,,1976000,,
0,2,,0.323512,0.135381,0.501201,0.039906,,2054700,,
0,2,,0.355676,0.088195,0.403174,0.152956,,1980800,,
0,0,,0.513972,0.214095,0.195221,0.076711,,2160900,,
0,2,,0.356056,0.148524,0.452876,0.042544,,2064200,,
0,2,,0.332181,0.118905,0.503804,0.04511,,1943300,,
0,0,,0.539476,0.187816,0.215561,0.057146,,2020900,,
0,0,,0.558463,0.162589,0.179557,0.099391,,2119300,,
0,0,,0.547442,0.153702,0.237782,0.061073,,2054600,,
0,0,,0.543585,0.185509,0.202314,0.068592,,2081100,,
0,0,,0.548376,0.19417,0.165464,0.091989,,2129500,,
0,2,,0.296879,0.065402,0.531534,0.106185,,1859000,,
0,0,,0.576086,0.141017,0.183406,0.09949,,1200500,,
0,0,,0.546227,0.192036,0.182404,0.079332,,1186500,,
0,2,,0.3005,0.107116,0.432349,0.160035,,1177300,,
0,0,,0.559785,0.154954,0.205486,0.079775,,1188100,,
0,0,,0.555031,0.165627,0.185293,0.094049,,1177000,,
0,2,,0.29483,0.104792,0.465669,0.134709,,1178900,,
0,0,,0.546535,0.194525,0.188045,0.070896,,1192800,,
0,0,,0.446035,0.241008,0.252418,0.06054,,1194700,,
0,0,,0.493938,0.191004,0.252418,0.062639,,1205600,,
0,0,,0.610559,0.138719,0.1648,0.085922,,1174400,,
0,2,,0.342863,0.088152,0.407274,0.161711,,1244700,,
0,0,,0.504981,0.200388,0.205358,0.089272,,1212200,,
0,0,,0.504536,0.217675,0.16924,0.108549,,1179700,,
0,0,,0.539706,0.173676,0.187041,0.099577,,1351700,,
0,2,,0.292293,0.144241,0.457088,0.106378,,1952200,,
0,2,,0.337111,0.091649,0.451227,0.120013,,1717300,,
0,2,,0.299294,0.122323,0.498833,0.07955,,1308900,,
0,0,,0.481674,0.188509,0.214625,0.115192,,1184400,,
0,0,,0.459475,0.141565,0.251185,0.147775,,1718000,,
0,2,,0.260244,0.088674,0.49239,0.158692,,1762100,,
0,0,,0.59185,0.160239,0.174614,0.073297,,1864600,,
0,0,,0.505952,0.210863,0.186009,0.097175,,1257700,,
0,0,,0.440477,0.144826,0.360591,0.054107,,1176100,,
0,0,,0.506493,0.227072,0.183423,0.083013,,1173100,,
0,0,,0.517056,0.144886,0.27671,0.061348,,1181500,,
0,0,,0.564895,0.125484,0.228826,0.080795,,1176100,,
0,2,,0.351585,0.082639,0.461903,0.103872,,1198400,,
0,0,,0.488447,0.208419,0.191662,0.111472,,1198000,,
0,2,,0.314863,0.077322,0.420961,0.186853,,1181800,,
0,0,,0.505815,0.261823,0.184117,0.048245,,1178600,,
0,2,,0.303519,0.112486,0.422233,0.161762,,1183000,,
0,0,,0.461915,0.098469,0.322638,0.116979,,1171400,,
0,2,,0.297124,0.179752,0.44588,0.077245,,1172900,,
0,0,,0.518914,0.201589,0.17737,0.102127,,1170500,,
0,2,,0.276947,0.098623,0.520297,0.104133,,2032000,,
0,2,,0.303888,0.12715,0.499674,0.069288,,1693400,,
0,2,,0.341703,0.092098,0.474305,0.091894,,1791400,,
0,2,,0.275755,0.128822,0.498775,0.096648,,1720600,,
0,0,,0.481505,0.183108,0.21541,0.119977,,1682400,,
0,2,,0.256005,0.11716,0.496877,0.129959,,1743100,,
0,0,,0.487131,0.23383,0.196027,0.083013,,1799300,,
0,0,,0.500311,0.131836,0.249179,0.118675,,1686500,,
0,2,,0.28208,0.172309,0.471332,0.074279,,1686200,,
0,0,,0.482536,0.166536,0.180629,0.170299,,2262400,,
0,0,,0.490972,0.242943,0.204322,0.061763,,1618400,,
0,0,,0.500002,0.221375,0.201913,0.076711,,1228400,,
0,0,,0.501024,0.247553,0.173906,0.077517,,1817800,,
0,0,,0.545269,0.193467,0.181147,0.080116,,1590000,,
0,2,,0.338268,0.121886,0.462798,0.077048,,1431200,,
0,2,,0.310563,0.086976,0.401989,0.200472,,1423800,,
0,0,,0.465689,0.255328,0.171006,0.107978,,1419900,,
0,2,,0.294733,0.060624,0.553178,0.091465,,1424900,,
0,2,,0.349558,0.13002,0.442084,0.078338,,1437300,,
0,0,,0.509395,0.239296,0.169307,0.082002,,1900700,,
0,0,,0.501977,0.216465,0.187026,0.094533,,2034200,,
0,2,,0.304637,0.12852,0.519968,0.046875,,2170500,,
0,0,,0.499954,0.235729,0.151039,0.113279,,1968400,,
0,0,,0.515224,0.191414,0.187219,0.106143,,2016300,,
0,2,,0.308689,0.132062,0.516168,0.043081,,2825900,,
0,0,,0.580095,0.138156,0.205723,0.076027,,2106500,,
0,2,,0.335016,0.118113,0.470902,0.07597,,3741100,,
0,2,,0.321532,0.148559,0.48419,0.045719,,2075900,,
0,0,,0.51683,0.195759,0.189017,0.098394,,2360600,,
0,0,,0.507053,0.188102,0.184397,0.120447,,1995500,,
0,0,,0.542325,0.105967,0.284987,0.066721,,2378900,,
0,0,,0.493768,0.193828,0.171207,0.141196,,2148400,,
0,2,,0.308615,0.109559,0.496711,0.085114,,2078000,,
0,0,,0.495909,0.215144,0.189639,0.099309,,4540300,,
0,2,,0.317616,0.1687,0.440996,0.072689,,3021500,,
0,0,,0.531953,0.23498,0.15338,0.079686,,2516200,,
0,0,,0.523437,0.182736,0.177915,0.115912,,2654500,,
0,0,,0.548928,0.183051,0.19253,0.07549,,5582300,,
0,2,,0.25567,0.07239,0.495308,0.176632,,1647900,,
0,0,,0.505729,0.222489,0.220565,0.051217,,1516400,,
0,2,,0.277976,0.125993,0.501627,0.094404,,1605800,,
0,2,,0.316143,0.113263,0.498607,0.071986,,1428000,,
0,0,,0.390076,0.103193,0.348001,0.15873,,1429600,,
0,0,,0.495518,0.188509,0.209833,0.106139,,1412100,,
0,0,,0.496973,0.234994,0.209018,0.059016,,1393700,,
0,2,,0.329608,0.086874,0.405787,0.177732,,1403200,,
0,2,,0.289911,0.068498,0.513779,0.127812,,1670100,,
0,2,,0.386234,0.122454,0.430157,0.061155,,1469000,,
0,0,,0.473537,0.208784,0.199296,0.118384,,1427800,,
0,2,,0.305752,0.10606,0.522028,0.06616,,1422600,,
0,2,,0.369881,0.142478,0.407955,0.079686,,1415100,,
0,0,,0.502148,0.216245,0.196324,0.085283,,1420900,,
0,2,,0.334883,0.126664,0.493343,0.04511,,1421300,,
0,0,,0.514198,0.190081,0.231832,0.063889,,1420800,,
0,2,,0.301715,0.121945,0.502267,0.074073,,1461000,,
0,2,,0.259654,0.100698,0.527815,0.111834,,1434900,,
0,2,,0.275864,0.113983,0.508949,0.101204,,1440600,,
0,0,,0.461597,0.098469,0.32945,0.110485,,1802700,,
0,0,,0.512556,0.196499,0.190686,0.10026,,2447000,,
0,0,,0.528051,0.193705,0.219141,0.059104,,1601900,,
0,2,,0.258104,0.118168,0.509675,0.114053,,2071400,,
0,0,,0.51656,0.200977,0.19812,0.084343,,1430700,,
0,0,,0.466035,0.221008,0.252418,0.06054,,2142100,,
0,0,,0.435347,0.09048,0.241521,0.232652,,2516000,,
0,0,,0.515455,0.213169,0.208945,0.062432,,2511300,,
0,0,,0.497155,0.227189,0.164175,0.111481,,2414400,,
0,0,,0.474,0.252289,0.197672,0.076038,,2178500,,
0,2,,0.299184,0.114496,0.469776,0.116543,,2174900,,
0,0,,0.537957,0.191342,0.213751,0.05695,,2211400,,
0,0,,0.462631,0.212528,0.250077,0.074764,,2140300,,
0,2,,0.244846,0.104555,0.521314,0.129285,,1975700,,
0,2,,0.26428,0.163255,0.497858,0.074607,,2087700,,
0,2,,0.343591,0.148559,0.462131,0.045719,,2386800,,
0,2,,0.358952,0.168129,0.368857,0.104062,,2039300,,
0,0,,0.536154,0.127254,0.208404,0.128188,,2047300,,
0,0,,0.55536,0.171128,0.215412,0.0581,,2046500,,
0,0,,0.510364,0.228598,0.153835,0.107203,,2135200,,
0,0,,0.520488,0.213865,0.182971,0.082676,,1466200,,
0,2,,0.250435,0.112581,0.537041,0.099943,,1566700,,
0,2,,0.272821,0.145305,0.494307,0.087567,,1696700,,
0,0,,0.496894,0.20825,0.195524,0.099332,,1610700,,
0,2,,0.335019,0.14392,0.475342,0.045719,,1467900,,
0,0,,0.554799,0.179519,0.180019,0.085663,,1538600,,
0,2,,0.309421,0.127783,0.513073,0.049722,,1794500,,
0,2,,0.350718,0.11185,0.41196,0.125472,,1643100,,
0,0,,0.475683,0.217574,0.249018,0.057726,,1483500,,
0,2,,0.269752,0.157097,0.474106,0.099045,,1617500,,
0,2,,0.323361,0.116669,0.425182,0.134788,,1429800,,
0,0,,0.429889,0.101803,0.336246,0.132062,,1878100,,
0,2,,0.302254,0.181024,0.444033,0.072689,,1531600,,
0,2,,0.325287,0.101925,0.466877,0.105911,,1931300,,
0,2,,0.341532,0.148559,0.46419,0.045719,,2144200,,
0,0,,0.380098,0.137619,0.352316,0.129968,,1785900,,
0,2,,0.307459,0.120924,0.408474,0.163144,,1408300,,
0,0,,0.48245,0.221353,0.179225,0.116972,,1420900,,
0,0,,0.525966,0.170135,0.179956,0.123942,,1418200,,
0,2,,0.257515,0.105708,0.520475,0.116301,,1564500,,
0,2,,0.298091,0.105875,0.437531,0.158503,,1408500,,
0,2,,0.290591,0.10222,0.435255,0.171934,,1457000,,
0,2,,0.271974,0.151482,0.490505,0.08604,,1483900,,
0,0,,0.545031,0.2003,0.172742,0.081927,,1492500,,
0,0,,0.456644,0.145637,0.197018,0.200702,,1487900,,
0,0,,0.43235,0.08383,0.321505,0.162314,,1411400,,
0,0,,0.516952,0.190082,0.210451,0.082516,,1414200,,
0,0,,0.461993,0.203809,0.200325,0.133874,,1443100,,
0,2,,0.342123,0.110249,0.428006,0.119622,,1407400,,
0,0,,0.587368,0.159044,0.154819,0.09877,,1434300,,
0,0,,0.522544,0.218735,0.182011,0.076711,,1458900,,
0,0,,0.478941,0.256564,0.18321,0.081284,,1415400,,
0,0,,0.519936,0.154092,0.17814,0.147832,,1410500,,
0,2,,0.331188,0.125868,0.478519,0.064424,,1531500,,
0,0,,0.443694,0.177928,0.215673,0.162704,,1422400,,
0,2,,0.307819,0.121511,0.463496,0.107174,,1529700,,
0,2,,0.326573,0.101588,0.496355,0.075484,,1409100,,
0,0,,0.534095,0.16997,0.234862,0.061073,,1540000,,
0,0,,0.454707,0.098943,0.32224,0.12411,,1408500,,
0,2,,0.337304,0.115615,0.491708,0.055373,,1486000,,
0,0,,0.512556,0.196499,0.190686,0.10026,,1406400,,
0,0,,0.511634,0.216657,0.182437,0.089272,,1398600,,
0,2,,0.370469,0.147184,0.402661,0.079686,,1445900,,
0,2,,0.301715,0.121945,0.502267,0.074073,,1412400,,
0,0,,0.40516,0.186137,0.356748,0.051955,,1452500,,
0,0,,0.481521,0.180414,0.258882,0.079183,,1424500,,
0,2,,0.335016,0.118113,0.470902,0.07597,,1408800,,
0,2,,0.302444,0.114517,0.522701,0.060338,,1565700,,
0,2,,0.276613,0.074611,0.534798,0.113978,,1472500,,
0,0,,0.523437,0.182736,0.177915,0.115912,,1435300,,
0,0,,0.534858,0.172689,0.181088,0.111365,,1220000,,
0,2,,0.347695,0.122819,0.468287,0.061199,,1177300,,
0,0,,0.494912,0.214185,0.178966,0.111937,,1197400,,
0,0,,0.484417,0.22837,0.179235,0.107978,,1195900,,
0,0,,0.522332,0.160783,0.184823,0.132062,,1183200,,
0,0,,0.505321,0.203379,0.191992,0.099309,,1183200,,
0,2,,0.264246,0.103877,0.424064,0.207813,,1184800,,
0,0,,0.51322,0.137594,0.284208,0.064978,,1278800,,
0,0,,0.534123,0.189539,0.180742,0.095596,,1213800,,
0,2,,0.319018,0.181024,0.427269,0.072689,,1191900,,
0,0,,0.491634,0.216657,0.202437,0.089272,,1195000,,
0,0,,0.542679,0.194482,0.16353,0.099309,,1179400,,
0,0,,0.521379,0.191414,0.192011,0.095196,,1188800,,
0,0,,0.495909,0.215144,0.189639,0.099309,,1192100,,
0,2,,0.316143,0.113263,0.498607,0.071986,,1201700,,
0,0,,0.375062,0.142369,0.352601,0.129968,,1201300,,
0,2,,0.301802,0.115008,0.485257,0.097932,,1186100,,
0,0,,0.414873,0.10882,0.268147,0.208159,,1197900,,
0,0,,0.49333,0.233374,0.200849,0.072446,,1184000,,
0,0,,0.458788,0.104869,0.28106,0.155282,,1187900,,
0,0,,0.587495,0.164617,0.158709,0.08918,,1899600,,
0,0,,0.553077,0.115549,0.266969,0.064404,,2184200,,
0,0,,0.467676,0.180414,0.263674,0.088236,,2102600,,
0,0,,0.461124,0.186946,0.202764,0.149166,,2287400,,
0,2,,0.30471,0.14614,0.475306,0.073844,,2112800,,
0,0,,0.522966,0.183008,0.178187,0.115839,,2066400,,
0,2,,0.323512,0.135381,0.501201,0.039906,,2245600,,
0,0,,0.533722,0.161096,0.240141,0.065041,,2164300,,
0,0,,0.591445,0.124463,0.189604,0.094488,,2047200,,
0,0,,0.491987,0.225877,0.198686,0.08345,,2374700,,
0,0,,0.420968,0.221259,0.235579,0.122194,,2331100,,
0,2,,0.314191,0.193085,0.422449,0.070275,,2118900,,
0,2,,0.267369,0.09566,0.497438,0.139534,,2254200,,
0,0,,0.513453,0.141884,0.191707,0.152956,,1986300,,
0,0,,0.502148,0.216245,0.196324,0.085283,,1407900,,
0,2,,0.313004,0.127122,0.498496,0.061378,,1484200,,
0,2,,0.369034,0.122338,0.449871,0.058756,,1420600,,
0,0,,0.513972,0.214095,0.195221,0.076711,,1413300,,
0,2,,0.335016,0.118113,0.470902,0.07597,,1408800,,
0,0,,0.553787,0.169647,0.209189,0.067377,,1405000,,
0,0,,0.468962,0.139542,0.279398,0.112098,,1395000,,
0,0,,0.47038,0.217929,0.237148,0.074544,,1394000,,
0,0,,0.426027,0.184141,0.310282,0.07955,,1490800,,
0,2,,0.330448,0.095356,0.452391,0.121805,,1495200,,
0,2,,0.330961,0.092992,0.458238,0.117809,,1218300,,
0,2,,0.274642,0.12002,0.474706,0.130632,,1179300,,
0,2,,0.343651,0.14442,0.462743,0.049185,,1176700,,
0,2,,0.337772,0.097712,0.477607,0.086908,,1509200,,
0,2,,0.360574,0.087547,0.461877,0.090001,,1201500,,
0,2,,0.30111,0.111245,0.427416,0.160229,,1177400,,
0,2,,0.325287,0.101925,0.466877,0.105911,,1171800,,
0,2,,0.304637,0.12852,0.519968,0.046875,,1170500,,
0,0,,0.467932,0.250968,0.200286,0.080814,,1265400,,
0,0,,0.487699,0.239941,0.181734,0.090625,,1193800,,
0,0,,0.466794,0.254369,0.174513,0.104324,,1179000,,
0,0,,0.523437,0.182736,0.177915,0.115912,,1170900,,
0,0,,0.551776,0.143841,0.215747,0.088636,,1168000,,
0,0,,0.548653,0.122463,0.18646,0.142424,,1170300,,
0,2,,0.296674,0.107546,0.504952,0.090827,,1183100,,
0,0,,0.441079,0.194282,0.247458,0.117181,,1235200,,
0,0,,0.546103,0.177886,0.174268,0.101742,,1184400,,
0,0,,0.505321,0.203379,0.191992,0.099309,,1168800,,
0,2,,0.323361,0.116669,0.425182,0.134788,,1174200,,
0,2,,0.312146,0.133208,0.510909,0.043737,,1173100,,
0,0,,0.528379,0.202444,0.188552,0.080625,,1254700,,
0,0,,0.386547,0.103193,0.348001,0.162259,,1188600,,
0,0,,0.47136,0.2042,0.196545,0.127895,,1191100,,
0,0,,0.551493,0.16076,0.208544,0.079202,,1206700,,
0,0,,0.523063,0.165178,0.235733,0.076027,,1185300,,
0,2,,0.352832,0.088195,0.435773,0.1232,,1346600,,
0,0,,0.540762,0.186077,0.178272,0.094889,,1472500,,
0,0,,0.470001,0.249859,0.175816,0.104324,,1185000,,
0,0,,0.502222,0.228421,0.180084,0.089272,,1836000,,
0,0,,0.512514,0.211708,0.185153,0.090625,,1634700,,
0,0,,0.505321,0.203379,0.191992,0.099309,,1413400,,
0,2,,0.303054,0.137343,0.414247,0.145356,,1433600,,
0,2,,0.361028,0.155805,0.374903,0.108265,,1423200,,
0,0,,0.493537,0.208784,0.179296,0.118384,,1413700,,
0,0,,0.505321,0.203379,0.191992,0.099309,,1402800,,
0,2,,0.319878,0.082647,0.421417,0.176058,,1412300,,
0,2,,0.360355,0.148559,0.445366,0.045719,,1431500,,
0,0,,0.495909,0.215144,0.189639,0.099309,,1407600,,
0,2,,0.282115,0.178535,0.478788,0.060562,,1503500,,
0,0,,0.504431,0.128529,0.268851,0.098189,,1295300,,
0,2,,0.36286,0.084932,0.424021,0.128188,,1195600,,
0,2,,0.322879,0.133011,0.459324,0.084785,,1203300,,
0,2,,0.283966,0.175661,0.451936,0.088437,,1191300,,
0,0,,0.475783,0.220242,0.179225,0.12475,,1177800,,
0,0,,0.447054,0.223696,0.250956,0.078294,,1180200,,
0,0,,0.482222,0.228421,0.200084,0.089272,,1191000,,
0,0,,0.547702,0.137069,0.211035,0.104194,,1185600,,
0,0,,0.442408,0.177143,0.217745,0.162704,,1201200,,
0,2,,0.253182,0.073695,0.532352,0.14077,,1174300,,
0,0,,0.532125,0.180566,0.175265,0.112044,,1174600,,
0,0,,0.479183,0.245308,0.200776,0.074732,,1189500,,
0,0,,0.504449,0.204737,0.214102,0.076711,,1219900,,
0,2,,0.331577,0.090326,0.355496,0.222601,,1202500,,
0,0,,0.524346,0.170779,0.24338,0.061496,,1193400,,
0,0,,0.602292,0.113687,0.18946,0.094561,,1182800,,
0,0,,0.446208,0.151978,0.322264,0.07955,,1182000,,
0,0,,0.485916,0.277194,0.203169,0.033721,,1170800,,
0,2,,0.353229,0.1188,0.376784,0.151188,,1187700,,
0,0,,0.475205,0.203991,0.200021,0.120783,,1202600,,
0,0,,0.447817,0.133916,0.263678,0.154589,,1184300,,
0,0,,0.426355,0.207061,0.287035,0.07955,,1178000,,
0,0,,0.502389,0.141695,0.22138,0.134537,,1173500,,
0,2,,0.373119,0.121958,0.459814,0.04511,,1175300,,
0,0,,0.445315,0.093573,0.344955,0.116157,,1227600,,
0,2,,0.331426,0.125518,0.498603,0.044453,,1198000,,
0,0,,0.549018,0.183557,0.191935,0.07549,,1198200,,
0,2,,0.356056,0.148524,0.452876,0.042544,,1182600,,
0,0,,0.421208,0.183214,0.338511,0.057066,,1183300,,
0,2,,0.299184,0.114496,0.469776,0.116543,,1180400,,
0,2,,0.279748,0.155938,0.477113,0.087201,,1185800,,
0,2,,0.355789,0.102588,0.415478,0.126145,,1192500,,
0,2,,0.269713,0.177861,0.489345,0.063081,,1179700,,
0,0,,0.422294,0.229909,0.282701,0.065096,,1177900,,
0,0,,0.513331,0.19156,0.17927,0.115839,,1182000,,
0,2,,0.279192,0.066289,0.525859,0.128659,,1175500,,
0,0,,0.536623,0.143458,0.171205,0.148715,,1202700,,
0,0,,0.613715,0.13373,0.159536,0.093019,,1188200,,
0,2,,0.308358,0.183252,0.435701,0.072689,,1239400,,
0,2,,0.289911,0.068498,0.513779,0.127812,,1189500,,
0,0,,0.517036,0.19156,0.188829,0.102575,,1172800,,
0,0,,0.62763,0.114951,0.167644,0.089776,,1179300,,
0,2,,0.323361,0.116669,0.425182,0.134788,,1200100,,
0,2,,0.320834,0.206904,0.426543,0.045719,,1183400,,
0,0,,0.529539,0.180264,0.197178,0.093019,,1171000,,
0,0,,0.540639,0.18807,0.174077,0.097213,,1180200,,
0,0,,0.527502,0.213971,0.194547,0.063979,,1183000,,
0,2,,0.264314,0.134229,0.491301,0.110156,,1180800,,
0,2,,0.326199,0.100056,0.462304,0.111442,,1181600,,
0,0,,0.55741,0.149071,0.232363,0.061155,,1201300,,
0,0,,0.51119,0.16511,0.177781,0.145919,,1184100,,
0,2,,0.330485,0.094612,0.48521,0.089694,,1397900,,
0,2,,0.335899,0.116669,0.407868,0.139564,,1252000,,
0,0,,0.560214,0.168861,0.176036,0.094889,,1188400,,
0,2,,0.300914,0.130003,0.418075,0.151008,,1201100,,
0,0,,0.53223,0.217251,0.162371,0.088147,,1185800,,
0,0,,0.579261,0.169345,0.175903,0.07549,,1170100,,
0,0,,0.438023,0.243457,0.229974,0.088546,,1183500,,
0,0,,0.545182,0.114116,0.18649,0.154212,,1182500,,
0,0,,0.517658,0.169648,0.187479,0.125215,,1190200,,
0,0,,0.475486,0.231981,0.18345,0.109082,,1189300,,
0,2,,0.337111,0.091649,0.451227,0.120013,,1189100,,
0,0,,0.482171,0.277308,0.192276,0.048245,,1179600,,
0,0,,0.516154,0.147254,0.188404,0.148188,,1179900,,
0,2,,0.370469,0.147184,0.402661,0.079686,,1184800,,
0,2,,0.360355,0.148559,0.445366,0.045719,,1713900,,
0,0,,0.451019,0.225998,0.226984,0.095999,,1204200,,
0,0,,0.508219,0.219296,0.206365,0.06612,,1211800,,
0,2,,0.264461,0.179445,0.486044,0.07005,,1187600,,
0,0,,0.494629,0.178062,0.210128,0.117181,,1183200,,
0,2,,0.275763,0.064717,0.551341,0.108179,,1199800,,
0,0,,0.519936,0.154092,0.17814,0.147832,,1194800,,
0,2,,0.34499,0.149705,0.45893,0.046375,,1204400,,
0,2,,0.312146,0.133208,0.510909,0.043737,,1206000,,
0,0,,0.486252,0.178761,0.222483,0.112504,,1182900,,
0,2,,0.244846,0.104555,0.521314,0.129285,,1186900,,
0,0,,0.450835,0.256997,0.21008,0.082088,,1199300,,
0,0,,0.525063,0.188587,0.180207,0.106143,,1216500,,
0,0,,0.475205,0.203991,0.200021,0.120783,,1234500,,
0,0,,0.526703,0.167998,0.240258,0.065041,,1182200,,
0,2,,0.288362,0.118635,0.451806,0.141197,,1196100,,
0,0,,0.570571,0.197438,0.153239,0.078752,,1179600,,
0,2,,0.243651,0.087029,0.502208,0.167112,,1184900,,
0,0,,0.480528,0.242476,0.177457,0.099538,,1195000,,
0,0,,0.460739,0.242346,0.207643,0.089272,,1189800,,
0,2,,0.29483,0.104792,0.465669,0.134709,,1182400,,
0,0,,0.520514,0.146031,0.27145,0.062005,,1198100,,
0,2,,0.31289,0.074298,0.458237,0.154575,,1193900,,
0,0,,0.465323,0.22418,0.192976,0.117522,,1203800,,
0,2,,0.337459,0.085657,0.479741,0.097143,,1183800,,
0,0,,0.567702,0.137069,0.191035,0.104194,,1196600,,
0,0,,0.439094,0.248246,0.24672,0.06594,,1250700,,
0,0,,0.491816,0.288501,0.162476,0.057207,,1204100,,
0,2,,0.307866,0.126963,0.485622,0.07955,,1219500,,
0,2,,0.311117,0.101134,0.477641,0.110107,,1219000,,
0,0,,0.549413,0.173591,0.214991,0.062005,,1189000,,
0,0,,0.515686,0.211931,0.173074,0.099309,,1180000,,
0,2,,0.256005,0.11716,0.496877,0.129959,,1186600,,
0,2,,0.369512,0.124181,0.392615,0.113691,,1191400,,
0,0,,0.416263,0.149631,0.289172,0.144934,,1195700,,
0,0,,0.598422,0.132507,0.171765,0.097306,,1423600,,
0,0,,0.481505,0.183108,0.21541,0.119977,,1194200,,
0,0,,0.543798,0.189497,0.176369,0.090336,,1184400,,
0,2,,0.328336,0.107551,0.448969,0.115144,,1187100,,
0,2,,0.27694,0.191392,0.471763,0.059906,,1256600,,
0,0,,0.50332,0.243169,0.178769,0.074743,,1281600,,
0,0,,0.548184,0.184624,0.1986,0.068592,,1212000,,
0,2,,0.28314,0.08027,0.516714,0.119877,,1202100,,
0,2,,0.246075,0.082079,0.54951,0.122336,,1193100,,
0,2,,0.323361,0.116669,0.425182,0.134788,,1192000,,
0,2,,0.301655,0.136036,0.412168,0.150141,,1190200,,
0,0,,0.503486,0.224969,0.181498,0.090046,,1218600,,
0,0,,0.512556,0.196499,0.190686,0.10026,,1195100,,
0,0,,0.513972,0.214095,0.195221,0.076711,,1191600,,
0,2,,0.282727,0.111294,0.533853,0.072126,,1180700,,
0,0,,0.487203,0.216656,0.238935,0.057207,,1190400,,
0,0,,0.586377,0.158784,0.172918,0.081921,,1327200,,
0,0,,0.471391,0.225501,0.190362,0.112745,,1288400,,
0,2,,0.356426,0.106679,0.385707,0.151188,,1195200,,
0,2,,0.277574,0.150733,0.479707,0.091986,,1193900,,
0,2,,0.344115,0.100726,0.498252,0.056907,,1183400,,
0,0,,0.534257,0.163468,0.191605,0.11067,,1184500,,
0,0,,0.413056,0.121388,0.327941,0.137615,,1185000,,
0,0,,0.536532,0.201077,0.172546,0.089844,,1223900,,
0,0,,0.497158,0.265117,0.161372,0.076353,,1189800,,
0,0,,0.53792,0.219174,0.180994,0.061912,,1193600,,
0,0,,0.507591,0.18204,0.191631,0.118737,,1190100,,
0,2,,0.302254,0.181024,0.444033,0.072689,,1174400,,
0,2,,0.296933,0.109072,0.472011,0.121984,,1204300,,
0,2,,0.343591,0.148559,0.462131,0.045719,,1191000,,
0,0,,0.513986,0.17418,0.186618,0.125215,,1245000,,
0,0,,0.445672,0.255298,0.179213,0.119817,,1190100,,
0,0,,0.551204,0.202234,0.155226,0.091337,,1184900,,
0,0,,0.62683,0.115751,0.167644,0.089776,,1198500,,
0,2,,0.343002,0.103003,0.444601,0.109394,,1189900,,
0,2,,0.323361,0.116669,0.425182,0.134788,,1222100,,
0,0,,0.396786,0.181087,0.363609,0.058519,,1204400,,
0,0,,0.481644,0.220167,0.204832,0.093357,,1182900,,
0,0,,0.505321,0.203379,0.191992,0.099309,,1194100,,
0,2,,0.295897,0.061702,0.48333,0.159072,,1186800,,
0,2,,0.345939,0.096215,0.470938,0.086908,,1258500,,
0,0,,0.434874,0.192521,0.223438,0.149166,,1210100,,
0,2,,0.260942,0.07292,0.551794,0.114344,,1248100,,
0,0,,0.521702,0.106031,0.25587,0.116396,,1176200,,
0,0,,0.477155,0.227189,0.184175,0.111481,,1178900,,
0,0,,0.453346,0.148292,0.232491,0.165871,,1189700,,
0,0,,0.475205,0.203991,0.200021,0.120783,,1216100,,
0,0,,0.505321,0.203379,0.191992,0.099309,,1184600,,
0,0,,0.535485,0.19144,0.192959,0.080116,,1212800,,
0,0,,0.471397,0.24186,0.229018,0.057726,,1178800,,
0,0,,0.554773,0.232831,0.167798,0.044598,,1194500,,
0,0,,0.549387,0.19184,0.197151,0.061623,,1196000,,
0,2,,0.271559,0.065671,0.563617,0.099153,,1204600,,
0,0,,0.466914,0.217121,0.230683,0.085283,,1189700,,
0,0,,0.435107,0.199538,0.285805,0.07955,,1178700,,
0,0,,0.535567,0.22035,0.180994,0.063089,,1230100,,
0,0,,0.564346,0.152033,0.183079,0.100542,,1240000,,
0,2,,0.356355,0.151878,0.449223,0.042544,,1202300,,
0,0,,0.507053,0.188102,0.184397,0.120447,,1208000,,
0,0,,0.521298,0.19668,0.232994,0.049027,,1182300,,
0,2,,0.339595,0.148069,0.462823,0.049513,,1202200,,
0,0,,0.385216,0.158423,0.354295,0.102066,,1185700,,
0,2,,0.26428,0.163255,0.497858,0.074607,,1183300,,
1,2,,0.314191,0.193085,0.422449,0.070275,,1242100,,
1,0,,0.460926,0.222344,0.212112,0.104618,,1204300,,
1,2,,0.342868,0.222253,0.390938,0.043942,,1209500,,
1,0,,0.447234,0.224876,0.283598,0.044292,,1194800,,
1,2,,0.312033,0.149642,0.493688,0.044637,,1177300,,
1,0,,0.365175,0.248406,0.338489,0.047931,,1200500,,
1,2,,0.312033,0.149642,0.493688,0.044637,,1668200,,
1,0,,0.4023,0.244234,0.308275,0.045192,,1188100,,
1,0,,0.491984,0.278515,0.200556,0.028945,,1184800,,
1,0,,0.420028,0.226438,0.324518,0.029016,,1180800,,
1,0,,0.430727,0.226555,0.225278,0.117439,,1218200,,
1,0,,0.504822,0.21381,0.177852,0.103516,,1209500,,
1,2,,0.353317,0.180042,0.41871,0.047931,,1203600,,
1,0,,0.46833,0.295947,0.187791,0.047931,,1203400,,
1,0,,0.511157,0.226459,0.20961,0.052774,,1183400,,
1,2,,0.312033,0.149642,0.493688,0.044637,,1195600,,
1,0,,0.453922,0.24529,0.254941,0.045848,,1180000,,
1,0,,0.505916,0.277194,0.183169,0.033721,,1206300,,
1,0,,0.542465,0.22666,0.178673,0.052203,,1205500,,
1,2,,0.322853,0.155953,0.479732,0.041462,,1245400,,
1,2,,0.29089,0.145496,0.439996,0.123618,,1185200,,
1,2,,0.341753,0.159334,0.453194,0.045719,,1180100,,
1,0,,0.371777,0.243526,0.340099,0.044598,,1196200,,
1,2,,0.31973,0.169148,0.471216,0.039906,,1189800,,
1,2,,0.304395,0.148256,0.443297,0.104053,,1192000,,
1,2,,0.359712,0.20774,0.385272,0.047275,,1195300,,
1,2,,0.35473,0.174983,0.423012,0.047275,,1197300,,
1,0,,0.505916,0.277194,0.183169,0.033721,,1189100,,
1,2,,0.359712,0.20774,0.385272,0.047275,,1180700,,
1,2,,0.359712,0.20774,0.385272,0.047275,,1182700,,
1,0,,0.498173,0.214721,0.180415,0.106691,,1195000,,
1,2,,0.343646,0.151612,0.459024,0.045719,,1191500,,
1,2,,0.308636,0.155874,0.494187,0.041303,,1263200,,
1,0,,0.485916,0.277194,0.203169,0.033721,,1198200,,
1,2,,0.292033,0.149642,0.513688,0.044637,,1190800,,
1,2,,0.342382,0.227193,0.38315,0.047275,,1221500,,
1,0,,0.531157,0.226459,0.18961,0.052774,,1189900,,
1,2,,0.315889,0.178135,0.456784,0.049193,,1174200,,
1,0,,0.423493,0.231403,0.320644,0.02446,,1177400,,
1,2,,0.264461,0.179445,0.486044,0.07005,,1179100,,
1,0,,0.365758,0.245379,0.343015,0.045848,,1190700,,
1,2,,0.312033,0.149642,0.493688,0.044637,,1183800,,
1,0,,0.439567,0.298024,0.19656,0.065848,,1180400,,
1,2,,0.341532,0.148559,0.46419,0.045719,,1187000,,
1,0,,0.378758,0.226456,0.347511,0.047275,,1178500,,
1,0,,0.420634,0.227521,0.307765,0.044079,,1182500,,
1,2,,0.309498,0.147543,0.499878,0.043081,,1278800,,
1,0,,0.535573,0.232031,0.187798,0.044598,,1224100,,
1,0,,0.385796,0.222718,0.346888,0.044598,,1179800,,
1,2,,0.341753,0.159334,0.453194,0.045719,,1168900,,
1,0,,0.423493,0.231403,0.320644,0.02446,,1184100,,
1,2,,0.35219,0.195777,0.399546,0.052487,,1192500,,
1,2,,0.372693,0.198244,0.381132,0.047931,,1183100,,
1,0,,0.382216,0.227601,0.342251,0.047931,,1178700,,
1,2,,0.341753,0.159334,0.453194,0.045719,,1191300,,
1,0,,0.436644,0.236331,0.225074,0.101952,,1176700,,
1,2,,0.311505,0.185578,0.461614,0.041303,,1180100,,
1,2,,0.341753,0.159334,0.453194,0.045719,,1180500,,
1,0,,0.418602,0.240539,0.288372,0.052487,,1181500,,
1,2,,0.312033,0.149642,0.493688,0.044637,,1651400,,
1,0,,0.44205,0.217859,0.230188,0.109903,,1188500,,
1,0,,0.393453,0.229678,0.331021,0.045848,,1178200,,
1,0,,0.361914,0.240968,0.353177,0.043942,,1177200,,
1,0,,0.382216,0.227601,0.342251,0.047931,,1186900,,
1,0,,0.479482,0.271039,0.209677,0.039802,,1194200,,
1,0,,0.505916,0.277194,0.183169,0.033721,,1179900,,
1,2,,0.336297,0.208016,0.413301,0.042386,,1181900,,
1,0,,0.373613,0.271177,0.309362,0.045848,,1179500,,
1,2,,0.34293,0.179334,0.416135,0.061601,,1178600,,
1,0,,0.452626,0.247503,0.202866,0.097005,,1188700,,
1,2,,0.297124,0.179752,0.44588,0.077245,,1189200,,
1,0,,0.382216,0.247601,0.322251,0.047931,,1179300,,
1,2,,0.327145,0.174313,0.45708,0.041462,,1221700,,
1,0,,0.408356,0.288321,0.235827,0.067496,,1189400,,
1,0,,0.395895,0.218968,0.339289,0.045848,,1187200,,
1,2,,0.340813,0.183222,0.426451,0.049513,,1200000,,
1,2,,0.361078,0.15945,0.432372,0.0471,,1182000,,
1,2,,0.334643,0.221401,0.396681,0.047275,,1180900,,
1,0,,0.531233,0.254064,0.165481,0.049222,,1192300,,
1,0,,0.427561,0.21468,0.244522,0.113237,,1192100,,
1,0,,0.46831,0.240277,0.181859,0.109554,,1190300,,
1,2,,0.312621,0.154348,0.488394,0.044637,,1183600,,
1,2,,0.354872,0.12609,0.492732,0.026306,,1179500,,
1,0,,0.531157,0.226459,0.18961,0.052774,,1185800,,
1,0,,0.47353,0.237116,0.1798,0.109554,,1174900,,
1,2,,0.360883,0.230046,0.36114,0.047931,,1202900,,
1,0,,0.497061,0.240692,0.158731,0.103516,,1232800,,
1,2,,0.296526,0.179752,0.446112,0.077611,,1208200,,
1,2,,0.356843,0.178036,0.417846,0.047275,,1176600,,
1,2,,0.398652,0.170842,0.406703,0.023804,,1180400,,
1,2,,0.312033,0.149642,0.493688,0.044637,,1178800,,
1,2,,0.341532,0.148559,0.46419,0.045719,,1185600,,
1,2,,0.312033,0.149642,0.493688,0.044637,,1180800,,
1,0,,0.392353,0.22119,0.338525,0.047931,,1184800,,
1,0,,0.468414,0.29258,0.193815,0.045192,,1207300,,
1,0,,0.471111,0.246007,0.213779,0.069103,,1182300,,
1,2,,0.304395,0.128256,0.463297,0.104053,,1190800,,
1,0,,0.506454,0.231783,0.204793,0.056971,,1189000,,
1,2,,0.344876,0.166139,0.44171,0.047275,,1192000,,
1,0,,0.423493,0.231403,0.320644,0.02446,,1290400,,
1,0,,0.395866,0.202311,0.324903,0.07692,,1193400,,
1,2,,0.294147,0.152695,0.508521,0.044637,,1191900,,
1,2,,0.309769,0.195907,0.42481,0.069513,,1180600,,
1,0,,0.415895,0.238968,0.299289,0.045848,,1190100,,
1,2,,0.304395,0.128256,0.463297,0.104053,,1191600,,
1,0,,0.386504,0.196279,0.372619,0.044598,,1179200,,
1,0,,0.498221,0.280401,0.176113,0.045265,,1193000,,
1,0,,0.349447,0.250387,0.333791,0.066375,,1186600,,
1,2,,0.336843,0.178036,0.437846,0.047275,,1178000,,
1,0,,0.531157,0.226459,0.18961,0.052774,,1186400,,
1,0,,0.468414,0.29258,0.193815,0.045192,,1224400,,
1,2,,0.296526,0.179752,0.446112,0.077611,,1197500,,
1,2,,0.354201,0.210919,0.390938,0.043942,,1256600,,
1,0,,0.504142,0.263548,0.17183,0.06048,,1194700,,
1,2,,0.33973,0.171752,0.435829,0.052689,,1185500,,
1,2,,0.34293,0.179334,0.416135,0.061601,,1182300,,
1,0,,0.392038,0.222461,0.333014,0.052487,,1182100,,
1,2,,0.35372,0.171231,0.42933,0.045719,,1188500,,
1,0,,0.413165,0.226725,0.312178,0.047931,,1179000,,
1,2,,0.341102,0.184574,0.42481,0.049513,,1185400,,
1,2,,0.334606,0.194339,0.428669,0.042386,,1181200,,
1,2,,0.297427,0.193085,0.439213,0.070275,,1187400,,
1,0,,0.413942,0.199298,0.340911,0.045848,,1203500,,
1,2,,0.317016,0.182399,0.455948,0.044637,,1181000,,
1,2,,0.344348,0.202075,0.409635,0.043942,,1180900,,
1,0,,0.493628,0.259105,0.20975,0.037516,,1179500,,
1,0,,0.552973,0.232324,0.165481,0.049222,,1212300,,
1,0,,0.372572,0.197402,0.337383,0.092644,,1237300,,
1,2,,0.330486,0.198286,0.425508,0.045719,,1189500,,
1,0,,0.381404,0.222066,0.348598,0.047931,,1182300,,
1,0,,0.380997,0.24914,0.325265,0.044598,,1178000,,
1,0,,0.386842,0.224369,0.344191,0.044598,,1175800,,
1,0,,0.468414,0.29258,0.193815,0.045192,,1186900,,
1,0,,0.448512,0.244544,0.237551,0.069393,,1198800,,
1,0,,0.416707,0.244503,0.292942,0.045848,,1191000,,
1,0,,0.397084,0.197798,0.38013,0.024987,,1185500,,
1,0,,0.468414,0.29258,0.193815,0.045192,,1181300,,
1,0,,0.446776,0.269186,0.202386,0.081652,,1190300,,
1,0,,0.385373,0.255837,0.312942,0.045848,,1189300,,
1,2,,0.355976,0.198957,0.397792,0.047275,,1237100,,
1,0,,0.420028,0.226438,0.324518,0.029016,,1186700,,
1,0,,0.459042,0.233937,0.194135,0.112887,,1183200,,
1,2,,0.375667,0.178036,0.399022,0.047275,,1179700,,
1,0,,0.496182,0.269641,0.170363,0.063814,,1176800,,
1,0,,0.500887,0.231032,0.16139,0.106691,,1191300,,
1,0,,0.372572,0.197402,0.337383,0.092644,,1200500,,
1,0,,0.535442,0.222173,0.18961,0.052774,,1180100,,
1,2,,0.341532,0.148559,0.46419,0.045719,,1183200,,
1,0,,0.374851,0.210769,0.351366,0.063013,,1195700,,
1,0,,0.487236,0.24784,0.158234,0.106691,,1179800,,
1,2,,0.304395,0.128256,0.463297,0.104053,,1184800,,
1,2,,0.359712,0.20774,0.385272,0.047275,,1182500,,
1,0,,0.488414,0.29258,0.173815,0.045192,,1178300,,
1,2,,0.34499,0.149705,0.45893,0.046375,,1265900,,
1,0,,0.409327,0.211555,0.315231,0.063887,,1183700,,
1,0,,0.433962,0.246555,0.202043,0.117439,,1183300,,
1,0,,0.354424,0.256712,0.323015,0.065848,,1188000,,
1,0,,0.415895,0.238968,0.299289,0.045848,,1196100,,
1,2,,0.349859,0.198896,0.40397,0.047275,,1190600,,
1,2,,0.349859,0.198896,0.40397,0.047275,,1174300,,
1,2,,0.304395,0.148256,0.443297,0.104053,,1197900,,
1,0,,0.442869,0.249055,0.212413,0.095663,,1186900,,
1,2,,0.297122,0.145351,0.447895,0.109632,,1180900,,
1,2,,0.357659,0.192065,0.405678,0.044598,,1182800,,
1,0,,0.535442,0.222173,0.18961,0.052774,,1180000,,
1,0,,0.474585,0.234981,0.183743,0.106691,,1177700,,
2,2,,0.254842,0.1413,0.560159,0.043698,,1224800,,
2,2,,0.224238,0.030542,0.691316,0.053904,,1179400,,
2,2,,0.155681,0.025287,0.727873,0.091159,,1199800,,
2,2,,0.308103,0.056351,0.55376,0.081785,,1184900,,
2,2,,0.2379,0.06853,0.618078,0.075492,,1178800,,
2,2,,0.257965,0.128105,0.568675,0.045254,,1173000,,
2,2,,0.219086,0.067158,0.604482,0.109275,,1176400,,
2,2,,0.232354,0.106891,0.646223,0.014532,,1185400,,
2,2,,0.176213,0.081641,0.657928,0.084219,,1201900,,
2,2,,0.175642,0.040734,0.701443,0.082182,,1180500,,
2,2,,0.219272,0.131548,0.568239,0.080942,,1179700,,
2,0,,0.354398,0.155607,0.332568,0.157427,,1181300,,
2,2,,0.26395,0.082368,0.578564,0.075118,,1176300,,
2,2,,0.249151,0.053906,0.613693,0.083251,,1195500,,
2,2,,0.25884,0.112279,0.604399,0.024483,,1236500,,
2,2,,0.169446,0.0471,0.646797,0.136658,,1180900,,
2,2,,0.264036,0.092374,0.557316,0.086275,,1177000,,
2,2,,0.232085,0.05975,0.492996,0.215168,,1176900,,
2,2,,0.22021,0.045219,0.585293,0.149278,,1179100,,
2,2,,0.175642,0.040734,0.701443,0.082182,,1202800,,
2,0,,0.452426,0.225926,0.230239,0.09141,,1183400,,
2,2,,0.359947,0.133444,0.45935,0.047259,,1182100,,
2,2,,0.336595,0.11401,0.517798,0.031597,,1187800,,
2,2,,0.213222,0.127571,0.623426,0.035782,,1177300,,
2,2,,0.291841,0.10687,0.466571,0.134718,,1183000,,
2,2,,0.290642,0.127342,0.537791,0.044225,,1182200,,
2,2,,0.191681,0.028411,0.711639,0.068269,,1183900,,
2,2,,0.303765,0.11864,0.539419,0.038175,,1665300,,
2,2,,0.220014,0.06433,0.639429,0.076226,,1188100,,
2,2,,0.291226,0.106553,0.550978,0.051243,,1177600,,
2,2,,0.148414,0.052579,0.700134,0.098873,,1172600,,
2,2,,0.279067,0.124718,0.536487,0.059728,,1207000,,
2,2,,0.207449,0.058472,0.669958,0.064121,,1216200,,
2,2,,0.278546,0.112243,0.452508,0.156703,,1178300,,
2,2,,0.179959,0.059529,0.643434,0.117078,,1172100,,
2,2,,0.28382,0.112393,0.555006,0.048781,,1163400,,
2,2,,0.294917,0.107357,0.522092,0.075633,,1212600,,
2,2,,0.172499,0.055749,0.662281,0.109471,,1289100,,
2,2,,0.331931,0.125276,0.380904,0.16189,,1184900,,
2,2,,0.158603,0.021698,0.708774,0.110926,,1160900,,
2,2,,0.20132,0.044955,0.660493,0.093233,,1202700,,
2,2,,0.275538,0.124718,0.536487,0.063258,,1164700,,
2,2,,0.223622,0.113473,0.580341,0.082564,,1192700,,
2,2,,0.287873,0.063133,0.564791,0.084203,,1190000,,
2,2,,0.184135,0.053643,0.56081,0.201412,,1175300,,
2,2,,0.237145,0.054654,0.63954,0.068661,,1200500,,
2,2,,0.275908,0.145559,0.565399,0.013134,,1191500,,
2,2,,0.170423,0.068074,0.656235,0.105268,,1173100,,
2,2,,0.254065,0.096339,0.560569,0.089027,,1168600,,
2,2,,0.212287,0.041164,0.647596,0.098954,,1180800,,
2,2,,0.193777,0.058733,0.60876,0.13873,,1164500,,
2,2,,0.257873,0.102606,0.632371,0.00715,,1165900,,
2,2,,0.291778,0.068055,0.556254,0.083913,,1269200,,
2,2,,0.366799,0.101526,0.474768,0.056907,,1166500,,
2,2,,0.268886,0.157472,0.510511,0.063131,,1303400,,
2,2,,0.286197,0.068363,0.546428,0.099011,,1184300,,
2,2,,0.298295,0.113723,0.547558,0.040425,,1239400,,
2,2,,0.264897,0.086145,0.575473,0.073485,,1170700,,
2,2,,0.276947,0.098623,0.520297,0.104133,,1175900,,
2,2,,0.290585,0.136186,0.512231,0.060997,,1171800,,
2,2,,0.236284,0.102413,0.630829,0.030474,,1230400,,
2,2,,0.25659,0.072483,0.616483,0.054444,,1186900,,
2,2,,0.273999,0.078819,0.590533,0.056648,,1266000,,
2,2,,0.232032,0.043809,0.662005,0.062154,,1186700,,
2,2,,0.345684,0.092324,0.462577,0.099415,,1171900,,
2,2,,0.333403,0.131797,0.372816,0.161983,,1174600,,
2,2,,0.232085,0.05975,0.492996,0.215168,,1494500,,
2,2,,0.278469,0.124718,0.536719,0.060094,,1398500,,
2,0,,0.505224,0.145515,0.284495,0.064766,,1394800,,
2,0,,0.445851,0.218976,0.252348,0.082825,,1468900,,
2,2,,0.263399,0.104288,0.625819,0.006494,,1403600,,
2,2,,0.223358,0.147437,0.614674,0.014532,,1405600,,
2,2,,0.193239,0.0614,0.563584,0.181778,,1403700,,
2,2,,0.222014,0.071909,0.652896,0.053181,,1393400,,
2,2,,0.2981,0.105837,0.48034,0.115724,,1393100,,
2,2,,0.234809,0.101099,0.635132,0.02896,,1399800,,
2,2,,0.328156,0.115979,0.514876,0.040989,,1417200,,
2,2,,0.221873,0.06822,0.642356,0.06755,,1536500,,
2,2,,0.232085,0.05975,0.492996,0.215168,,1398800,,
2,2,,0.221957,0.174653,0.548806,0.054585,,1396500,,
2,2,,0.234677,0.04218,0.628798,0.094345,,1407900,,
2,2,,0.24904,0.098088,0.617843,0.03503,,1421200,,
2,2,,0.22392,0.058472,0.649958,0.067651,,1409800,,
2,2,,0.222399,0.100514,0.642057,0.03503,,1420600,,
2,2,,0.333152,0.102893,0.472553,0.091402,,1443700,,
2,0,,0.399373,0.267435,0.265434,0.067758,,1451200,,
2,2,,0.30253,0.091012,0.576019,0.030439,,1499200,,
2,2,,0.248213,0.108375,0.539265,0.104146,,1458900,,
2,2,,0.281433,0.117182,0.584294,0.017091,,1531400,,
2,2,,0.256283,0.095339,0.603291,0.045087,,1436000,,
2,2,,0.234701,0.069431,0.607825,0.088043,,1655100,,
2,2,,0.154311,0.050469,0.656972,0.138248,,1447400,,
2,2,,0.259218,0.104066,0.560844,0.075872,,1420500,,
2,2,,0.301411,0.108927,0.562425,0.027237,,1429500,,
2,2,,0.189376,0.041725,0.694909,0.073989,,1404100,,
2,2,,0.248207,0.072191,0.611125,0.068478,,1418400,,
2,2,,0.34356,0.102072,0.500636,0.053732,,1414500,,
2,2,,0.171505,0.035851,0.630177,0.162467,,1401600,,
2,2,,0.308661,0.11691,0.508875,0.065554,,1483400,,
2,2,,0.223358,0.127437,0.634674,0.014532,,1441400,,
2,2,,0.234677,0.04218,0.628798,0.094345,,1440600,,
2,2,,0.363584,0.126494,0.450804,0.059118,,1177200,,
2,2,,0.267021,0.106129,0.58174,0.04511,,1166800,,
2,2,,0.149128,0.0471,0.653609,0.150164,,1188800,,
2,2,,0.273352,0.133375,0.564217,0.029056,,1238300,,
2,2,,0.33309,0.095837,0.483868,0.087206,,1297600,,
2,2,,0.29731,0.063678,0.5551,0.083913,,1198900,,
2,2,,0.269571,0.081481,0.572294,0.076655,,1178500,,
2,2,,0.258485,0.086145,0.541392,0.113978,,1176200,,
2,2,,0.276955,0.113705,0.581395,0.027945,,1177400,,
2,2,,0.330702,0.126428,0.376119,0.166751,,1508200,,
2,2,,0.35724,0.091463,0.468273,0.083024,,1270000,,
2,2,,0.296959,0.13109,0.538029,0.033922,,1187700,,
2,2,,0.319746,0.154642,0.483059,0.042553,,1181000,,
2,2,,0.273422,0.094888,0.565587,0.066102,,1178100,,
2,2,,0.183413,0.146283,0.580247,0.090058,,1170300,,
2,2,,0.208886,0.134732,0.614867,0.041515,,1196400,,
2,2,,0.290053,0.122636,0.543085,0.044225,,1204600,,
2,2,,0.258902,0.131158,0.580568,0.029372,,1174000,,
2,2,,0.247775,0.039284,0.630745,0.082196,,1171500,,
2,2,,0.240944,0.099627,0.621245,0.038183,,1171700,,
2,2,,0.304897,0.09592,0.54794,0.051243,,1171900,,
2,2,,0.298483,0.119904,0.517988,0.063624,,1182300,,
2,0,,0.411782,0.262121,0.278642,0.047456,,1225700,,
2,2,,0.294589,0.065324,0.573517,0.066571,,1201300,,
2,2,,0.164021,0.050325,0.677189,0.108465,,1190800,,
2,2,,0.242427,0.033848,0.647633,0.076091,,1170200,,
2,2,,0.174425,0.066962,0.687641,0.070972,,1176600,,
2,2,,0.216529,0.055158,0.563454,0.164859,,1192700,,
2,2,,0.304257,0.125553,0.509193,0.060997,,1188300,,
2,2,,0.271542,0.126924,0.566663,0.034871,,1192800,,
2,2,,0.325279,0.123183,0.505834,0.045703,,1170900,,
2,2,,0.220244,0.079169,0.617639,0.082948,,1167300,,
2,2,,0.179129,0.029964,0.708725,0.082182,,1175300,,
2,2,,0.19572,0.0594,0.57025,0.17463,,1196400,,
2,2,,0.355513,0.082525,0.432955,0.129007,,1179500,,
2,2,,0.290585,0.156186,0.492231,0.060997,,1209500,,
2,2,,0.249387,0.112911,0.626652,0.01105,,1168200,,
2,2,,0.180543,0.050325,0.66487,0.104262,,1187700,,
2,2,,0.229681,0.149793,0.602662,0.017865,,1168600,,
2,2,,0.283823,0.066325,0.570981,0.078871,,1184300,,
2,2,,0.223358,0.147437,0.614674,0.014532,,1168800,,
2,2,,0.175642,0.040734,0.701443,0.082182,,1191700,,
2,0,,0.476493,0.29101,0.188555,0.043942,,1211400,,
2,2,,0.297529,0.078819,0.570533,0.053119,,1230400,,
2,2,,0.28886,0.131921,0.513298,0.06592,,1201500,,
2,2,,0.270208,0.059184,0.586972,0.083636,,1183900,,
2,2,,0.302055,0.109119,0.521532,0.067295,,1176600,,
2,2,,0.322035,0.114199,0.457774,0.105992,,1172900,,
2,2,,0.314888,0.115979,0.529255,0.039878,,1168400,,
2,2,,0.281655,0.07925,0.521587,0.117507,,1209000,,
2,2,,0.278858,0.057308,0.569786,0.094049,,1180400,,
2,2,,0.305874,0.110682,0.522736,0.060709,,1183800,,
2,2,,0.254065,0.096339,0.560569,0.089027,,1174900,,
2,2,,0.150096,0.026921,0.736899,0.086084,,1165100,,
2,2,,0.209881,0.105446,0.644335,0.040338,,1179600,,
2,2,,0.329522,0.102535,0.441772,0.126171,,1170700,,
2,2,,0.236923,0.104152,0.629965,0.02896,,1172200,,
2,2,,0.269499,0.105815,0.614859,0.009827,,1176300,,
2,0,,0.479344,0.215293,0.222641,0.082723,,1175300,,
2,2,,0.294253,0.122301,0.52908,0.054366,,1171000,,
2,2,,0.252032,0.043809,0.642005,0.062154,,1184800,,
