wall-following,CWE,test,0,NANOSECONDS,PREDICTIONS, Generated by ClassifierExperiments.java on 2022-05-16 22:38:18.    SYSTEMPROPERTIES:{user.name:matth,os.arch:amd64,os.name:Windows 10},ENDSYSTEMPROPERTIES
No parameter info
0.5827996340347666,760229400,1380865400,-1,0,4,,-1,-1
0,2,,0.299142,0.092841,0.501404,0.106613,,1432000,,
0,2,,0.394675,0.061755,0.49397,0.0496,,1541000,,
0,0,,0.415295,0.213409,0.270495,0.100802,,1203200,,
0,0,,0.525286,0.211721,0.181082,0.081912,,1228400,,
0,2,,0.308755,0.099373,0.505493,0.086379,,1199700,,
0,0,,0.472154,0.13279,0.283181,0.111874,,1196600,,
0,2,,0.233853,0.042731,0.618948,0.104469,,1188800,,
0,2,,0.355651,0.106894,0.459021,0.078434,,1332000,,
0,0,,0.55546,0.163017,0.211173,0.070349,,1196000,,
0,2,,0.299728,0.099481,0.499513,0.101277,,1191700,,
0,2,,0.396465,0.124139,0.401758,0.077637,,1195500,,
0,2,,0.333432,0.081669,0.500501,0.084398,,1199700,,
0,0,,0.473281,0.241436,0.171674,0.113608,,1177000,,
0,2,,0.332756,0.100644,0.47239,0.094209,,1175300,,
0,2,,0.363203,0.170142,0.365092,0.101563,,1249700,,
0,0,,0.476087,0.200634,0.221848,0.101431,,1184200,,
0,2,,0.367417,0.143251,0.436217,0.053115,,1188400,,
0,2,,0.341902,0.110203,0.488323,0.059572,,1178500,,
0,2,,0.360532,0.062125,0.474914,0.10243,,1223400,,
0,2,,0.30055,0.049705,0.466277,0.183468,,1193700,,
0,0,,0.562549,0.137495,0.211149,0.088808,,1270200,,
0,2,,0.251737,0.054967,0.561359,0.131938,,1177200,,
0,2,,0.251183,0.037384,0.565187,0.146246,,1179300,,
0,0,,0.419846,0.241292,0.267778,0.071085,,1191600,,
0,2,,0.337383,0.134938,0.449148,0.078531,,1175100,,
0,2,,0.287496,0.052168,0.461936,0.198401,,1197900,,
0,0,,0.493171,0.210865,0.178027,0.117937,,1176000,,
0,2,,0.368111,0.123668,0.38492,0.123301,,1254500,,
0,0,,0.43442,0.169786,0.271987,0.123808,,1329000,,
0,0,,0.562022,0.162228,0.171183,0.104568,,3130400,,
0,0,,0.506835,0.169353,0.236356,0.087456,,2597800,,
0,2,,0.30055,0.069705,0.446277,0.183468,,2399200,,
0,2,,0.379016,0.100308,0.392895,0.127781,,3010100,,
0,2,,0.316418,0.095363,0.505788,0.082432,,2552300,,
0,0,,0.462759,0.213745,0.252016,0.07148,,2348000,,
0,0,,0.562069,0.157041,0.194084,0.086806,,1923200,,
0,0,,0.531013,0.172713,0.194982,0.101293,,1549500,,
0,0,,0.37749,0.21207,0.304222,0.106219,,1202900,,
0,0,,0.449776,0.133229,0.361688,0.055307,,1199400,,
0,0,,0.550055,0.127597,0.18845,0.133898,,1260400,,
0,2,,0.252113,0.034611,0.564168,0.149108,,1186000,,
0,0,,0.518271,0.146486,0.227718,0.107525,,1194700,,
0,0,,0.505124,0.227112,0.181088,0.086676,,1201800,,
0,0,,0.526958,0.14208,0.250136,0.080825,,1182300,,
0,2,,0.345142,0.071471,0.487168,0.096219,,1179200,,
0,2,,0.316741,0.049705,0.451039,0.182516,,1182100,,
0,0,,0.427419,0.260309,0.20943,0.102842,,1601800,,
0,2,,0.314994,0.114904,0.494581,0.075522,,1199200,,
0,2,,0.287496,0.052168,0.461936,0.198401,,1192800,,
0,0,,0.456283,0.136589,0.3416,0.065528,,1190100,,
0,0,,0.450274,0.225891,0.224433,0.099402,,1196000,,
0,2,,0.374438,0.06114,0.404415,0.160006,,1210300,,
0,2,,0.296142,0.089779,0.532523,0.081556,,1194500,,
0,2,,0.351539,0.110458,0.449415,0.088588,,1348500,,
0,0,,0.450467,0.168939,0.2691,0.111493,,1198300,,
0,0,,0.474604,0.229641,0.201541,0.094214,,1213600,,
0,2,,0.330975,0.082254,0.540856,0.045915,,1213800,,
0,0,,0.533224,0.17021,0.235352,0.061214,,1188900,,
0,2,,0.361505,0.078661,0.435825,0.124008,,1291400,,
0,0,,0.588215,0.148584,0.169839,0.093362,,1284100,,
0,2,,0.336418,0.095363,0.485788,0.082432,,1193700,,
0,0,,0.602212,0.147742,0.173125,0.076921,,1210800,,
0,2,,0.291735,0.089779,0.526073,0.092413,,1230500,,
0,2,,0.352055,0.06322,0.479189,0.105536,,1214300,,
0,0,,0.397822,0.057667,0.368824,0.175687,,1204600,,
0,2,,0.336418,0.095363,0.485788,0.082432,,1204300,,
0,2,,0.351539,0.130458,0.429415,0.088588,,1259200,,
0,0,,0.562022,0.162228,0.171183,0.104568,,1200600,,
0,0,,0.454133,0.257272,0.214741,0.073855,,1206500,,
0,0,,0.395309,0.238773,0.265727,0.10019,,1201300,,
0,0,,0.480361,0.180537,0.180277,0.158826,,1195600,,
0,2,,0.282678,0.10362,0.521883,0.091818,,1245400,,
0,0,,0.59955,0.161926,0.182113,0.056411,,1267700,,
0,2,,0.362187,0.059402,0.420977,0.157434,,1195300,,
0,0,,0.513917,0.211431,0.225038,0.049614,,1191000,,
0,2,,0.245525,0.054573,0.558948,0.140955,,1198400,,
0,0,,0.4883,0.206625,0.193581,0.111493,,1206600,,
0,2,,0.266208,0.035955,0.526905,0.170932,,1211100,,
0,2,,0.36117,0.096322,0.494848,0.04766,,1196600,,
0,2,,0.295127,0.051677,0.517902,0.135294,,1282400,,
0,0,,0.42305,0.108151,0.36758,0.101219,,1195900,,
0,2,,0.374824,0.108178,0.457269,0.059729,,1200800,,
0,0,,0.564468,0.11735,0.22911,0.089073,,1211700,,
0,0,,0.466574,0.243959,0.220691,0.068775,,1220700,,
0,0,,0.395309,0.238773,0.265727,0.10019,,1237800,,
0,0,,0.690687,0.070625,0.146868,0.09182,,1277900,,
0,0,,0.539654,0.164164,0.209375,0.086806,,1199100,,
0,2,,0.363133,0.077129,0.456547,0.103192,,1196300,,
0,2,,0.352752,0.089802,0.493434,0.064012,,1194900,,
0,2,,0.366635,0.073552,0.456547,0.103265,,1201800,,
0,2,,0.326253,0.091471,0.486057,0.096219,,1202100,,
0,2,,0.310145,0.089335,0.484822,0.115698,,1379200,,
0,0,,0.400985,0.226654,0.311996,0.060365,,1275400,,
0,0,,0.538041,0.152295,0.19548,0.114184,,1205600,,
0,0,,0.489055,0.167891,0.24036,0.102695,,1197200,,
0,0,,0.482286,0.193266,0.262902,0.061546,,1198900,,
0,0,,0.381052,0.123668,0.373744,0.121537,,1198500,,
0,0,,0.477036,0.216153,0.220117,0.086694,,1275000,,
0,0,,0.508282,0.155153,0.22415,0.112415,,1248100,,
0,0,,0.529718,0.178681,0.206114,0.085486,,1233000,,
0,0,,0.422894,0.262141,0.243919,0.071046,,1192800,,
0,0,,0.422894,0.262141,0.243919,0.071046,,1190500,,
0,2,,0.257215,0.051571,0.561639,0.129575,,1198200,,
0,0,,0.518401,0.207274,0.19063,0.083695,,1198600,,
0,0,,0.457026,0.073056,0.398796,0.071122,,1213500,,
0,0,,0.556714,0.143283,0.213933,0.086071,,1283100,,
0,2,,0.355139,0.099925,0.47891,0.066027,,1212700,,
0,0,,0.469119,0.19499,0.188753,0.147139,,1229600,,
0,0,,0.556796,0.126913,0.205843,0.110448,,1208200,,
0,2,,0.326934,0.084652,0.478959,0.109456,,1211900,,
0,0,,0.520672,0.165383,0.223445,0.090499,,1240300,,
0,2,,0.376601,0.080791,0.444124,0.098484,,1259600,,
0,0,,0.485934,0.203589,0.25475,0.055728,,1198000,,
0,2,,0.381092,0.064478,0.451809,0.102621,,1208500,,
0,0,,0.529392,0.192062,0.198779,0.079767,,1197300,,
0,0,,0.42305,0.088151,0.38758,0.101219,,1215700,,
0,0,,0.42305,0.088151,0.38758,0.101219,,1205900,,
0,0,,0.471527,0.234824,0.222935,0.070713,,1210200,,
0,0,,0.445142,0.203644,0.294906,0.056308,,1271500,,
0,0,,0.469119,0.19499,0.188753,0.147139,,1207500,,
0,2,,0.338819,0.107936,0.466708,0.086536,,1200300,,
0,0,,0.595205,0.147742,0.161154,0.095899,,1221700,,
0,0,,0.40896,0.213041,0.314349,0.06365,,1296100,,
0,2,,0.374409,0.077544,0.444855,0.103192,,1236100,,
0,2,,0.342739,0.073877,0.452311,0.131073,,1307700,,
0,2,,0.301548,0.072137,0.508542,0.117772,,1204400,,
0,0,,0.580688,0.160894,0.16985,0.088568,,1219300,,
0,0,,0.566066,0.153403,0.171097,0.109435,,1206500,,
0,2,,0.255771,0.055707,0.558947,0.129575,,1203400,,
0,0,,0.537874,0.072234,0.258947,0.130945,,1219400,,
0,2,,0.361028,0.107562,0.447003,0.084407,,1218200,,
0,2,,0.369777,0.090821,0.441596,0.097806,,1313700,,
0,0,,0.523049,0.197627,0.190827,0.088498,,1244900,,
0,0,,0.454249,0.192815,0.232379,0.120557,,1206000,,
0,2,,0.343744,0.066856,0.482046,0.107354,,1223100,,
0,0,,0.565242,0.110131,0.22001,0.104617,,1257500,,
0,2,,0.395504,0.088151,0.414466,0.101879,,1215300,,
0,2,,0.368673,0.056117,0.43765,0.13756,,1280700,,
0,2,,0.256238,0.035215,0.624885,0.083662,,1201500,,
0,0,,0.634499,0.112383,0.160562,0.092556,,1228400,,
0,0,,0.534965,0.168796,0.195019,0.101219,,1202500,,
0,2,,0.381454,0.078661,0.43662,0.103265,,1208800,,
0,0,,0.503838,0.147716,0.250493,0.097953,,1208900,,
0,0,,0.483663,0.146382,0.273635,0.09632,,1208400,,
0,0,,0.534379,0.204983,0.173677,0.086961,,1321600,,
0,2,,0.396948,0.084015,0.417158,0.101879,,1212000,,
0,0,,0.614468,0.115575,0.195302,0.074655,,1232000,,
0,0,,0.515662,0.265226,0.171317,0.047796,,1237100,,
0,0,,0.634499,0.112383,0.160562,0.092556,,1362100,,
0,0,,0.427419,0.260309,0.20943,0.102842,,1213400,,
0,2,,0.305822,0.04897,0.479928,0.16528,,1261100,,
0,2,,0.356323,0.079057,0.455409,0.109211,,1204900,,
0,0,,0.538977,0.162797,0.227877,0.070349,,1215800,,
0,2,,0.288255,0.059071,0.540661,0.112013,,1208400,,
0,2,,0.346477,0.076091,0.436217,0.141216,,1212000,,
0,0,,0.588215,0.148584,0.169839,0.093362,,1212100,,
0,0,,0.452532,0.231291,0.17737,0.138807,,1226800,,
0,2,,0.351104,0.117366,0.46314,0.068389,,1271000,,
0,2,,0.316418,0.095363,0.505788,0.082432,,1213800,,
0,2,,0.360675,0.134751,0.43162,0.072954,,1218700,,
0,0,,0.495609,0.226467,0.168807,0.109117,,1276700,,
0,2,,0.326256,0.072275,0.519975,0.081494,,1217300,,
0,2,,0.294265,0.049121,0.511357,0.145258,,1207800,,
0,2,,0.323176,0.093581,0.478992,0.10425,,1257000,,
0,0,,0.617548,0.115865,0.17787,0.088717,,1207000,,
0,0,,0.505175,0.119273,0.252611,0.122941,,1214300,,
0,2,,0.290927,0.039853,0.537412,0.131808,,1219100,,
0,0,,0.565988,0.171616,0.20016,0.062236,,1217400,,
0,2,,0.361505,0.078661,0.435825,0.124008,,1197000,,
0,0,,0.494408,0.16998,0.263846,0.071766,,1320900,,
0,2,,0.363115,0.069587,0.462912,0.104386,,1246900,,
0,2,,0.343091,0.080165,0.529292,0.047452,,1208500,,
0,2,,0.293214,0.044077,0.496923,0.165786,,1227400,,
0,0,,0.550476,0.179002,0.209309,0.061214,,1426700,,
0,0,,0.515801,0.166192,0.207482,0.110525,,2437600,,
0,0,,0.498291,0.134759,0.301404,0.065546,,1984000,,
0,0,,0.464214,0.207735,0.192353,0.135698,,1449300,,
0,0,,0.543009,0.197102,0.165929,0.09396,,1444700,,
0,2,,0.396193,0.088151,0.417485,0.098172,,1449900,,
0,0,,0.562022,0.162228,0.171183,0.104568,,1443900,,
0,0,,0.40686,0.088151,0.402818,0.102172,,1495400,,
0,0,,0.48529,0.174101,0.237214,0.103395,,1441000,,
0,2,,0.350866,0.084474,0.48119,0.083469,,1436900,,
0,0,,0.497907,0.202707,0.210717,0.08867,,1561400,,
0,2,,0.275581,0.060531,0.52927,0.134617,,1477600,,
0,0,,0.614468,0.115575,0.195302,0.074655,,1524000,,
0,2,,0.316741,0.049705,0.451039,0.182516,,1438300,,
0,0,,0.455524,0.153985,0.259608,0.130883,,1451700,,
0,0,,0.469169,0.224561,0.2376,0.06867,,1435500,,
0,2,,0.313156,0.071871,0.533502,0.081471,,1445500,,
0,0,,0.480547,0.265051,0.198402,0.056,,1453700,,
0,2,,0.378957,0.062164,0.39793,0.160948,,1513800,,
0,2,,0.324863,0.078563,0.481289,0.115285,,1442500,,
0,0,,0.529772,0.150737,0.18552,0.133971,,1457700,,
0,2,,0.316418,0.095363,0.505788,0.082432,,1535700,,
0,0,,0.475174,0.226823,0.229334,0.06867,,1451000,,
0,0,,0.468705,0.224497,0.184926,0.121872,,1497400,,
0,0,,0.54111,0.168115,0.217141,0.073634,,1434700,,
0,2,,0.353783,0.081509,0.444169,0.120539,,1444800,,
0,2,,0.355222,0.06555,0.463649,0.115579,,1428800,,
0,0,,0.49341,0.169807,0.233517,0.103266,,1442900,,
0,0,,0.445184,0.055762,0.248658,0.250395,,1481600,,
0,0,,0.538367,0.143613,0.238886,0.079134,,1434200,,
0,2,,0.362187,0.059402,0.420977,0.157434,,1416400,,
0,2,,0.311596,0.049705,0.488793,0.149907,,1444700,,
0,0,,0.523757,0.185711,0.229642,0.06089,,1533200,,
0,0,,0.450476,0.210361,0.234374,0.104788,,1443600,,
0,2,,0.365255,0.07614,0.479764,0.078842,,1482500,,
0,2,,0.394379,0.074244,0.465739,0.065638,,1195200,,
0,0,,0.496002,0.255315,0.193865,0.054818,,1222400,,
0,2,,0.391526,0.083892,0.463747,0.060835,,1214800,,
0,0,,0.572459,0.154248,0.192057,0.081236,,1217400,,
0,0,,0.560688,0.167048,0.183696,0.088568,,1201000,,
0,0,,0.571498,0.140162,0.236617,0.051722,,1200000,,
0,0,,0.553182,0.186916,0.173827,0.086075,,1539800,,
0,0,,0.40686,0.088151,0.402818,0.102172,,1417000,,
0,2,,0.324277,0.126498,0.470708,0.078518,,1434800,,
0,2,,0.346477,0.076091,0.436217,0.141216,,1491600,,
0,2,,0.296556,0.074994,0.528725,0.099725,,1436600,,
0,0,,0.553517,0.155508,0.222477,0.068498,,1495100,,
0,2,,0.323311,0.142768,0.488989,0.044933,,1438400,,
0,2,,0.275227,0.044408,0.48238,0.197986,,1430300,,
0,2,,0.371445,0.106828,0.4429,0.078827,,1460800,,
0,0,,0.477453,0.162274,0.187275,0.172998,,1428700,,
0,2,,0.289693,0.045964,0.503456,0.160887,,1475000,,
0,0,,0.440105,0.17555,0.2625,0.121846,,1202300,,
0,0,,0.57898,0.13892,0.220886,0.061214,,1187500,,
0,2,,0.275665,0.036187,0.519588,0.16856,,1211300,,
0,0,,0.480053,0.17555,0.243294,0.101103,,1455900,,
0,0,,0.452532,0.231291,0.17737,0.138807,,1216400,,
0,2,,0.425088,0.074244,0.439527,0.061141,,1193800,,
0,2,,0.311547,0.065679,0.51646,0.106314,,1188300,,
0,0,,0.45629,0.276083,0.167834,0.099793,,1243400,,
0,2,,0.260457,0.068232,0.573096,0.098215,,1184800,,
0,2,,0.331713,0.066857,0.494194,0.107236,,1225500,,
0,0,,0.514914,0.185103,0.227889,0.072095,,1191600,,
0,0,,0.468257,0.231499,0.178372,0.121872,,1192600,,
0,0,,0.466317,0.222803,0.239834,0.071046,,1206100,,
0,2,,0.311262,0.061366,0.497796,0.129575,,1186600,,
0,0,,0.495154,0.233092,0.167893,0.103861,,1253700,,
0,0,,0.499018,0.247516,0.186835,0.066631,,1192300,,
0,2,,0.255782,0.053023,0.573308,0.117887,,1263200,,
0,2,,0.323,0.085509,0.558423,0.033068,,1197800,,
0,0,,0.508824,0.118908,0.252539,0.119729,,1200800,,
0,0,,0.42305,0.088151,0.38758,0.101219,,1186100,,
0,2,,0.326273,0.098308,0.518336,0.057083,,1188100,,
0,0,,0.510641,0.192155,0.196058,0.101146,,1281300,,
0,0,,0.542528,0.16712,0.188204,0.102147,,1198100,,
0,0,,0.467842,0.218907,0.187644,0.125607,,1194300,,
0,0,,0.498291,0.134759,0.301404,0.065546,,1210300,,
0,0,,0.430659,0.234018,0.274957,0.060365,,1187800,,
0,0,,0.528004,0.152053,0.169322,0.150621,,1186700,,
0,0,,0.417643,0.174895,0.301814,0.105648,,1181800,,
0,0,,0.614468,0.115575,0.195302,0.074655,,1316700,,
0,2,,0.288288,0.039547,0.508084,0.16408,,1202000,,
0,2,,0.283658,0.0669,0.566531,0.082911,,1186500,,
0,0,,0.480927,0.240518,0.221256,0.057299,,1192800,,
0,2,,0.292108,0.089039,0.514935,0.103918,,1201200,,
0,2,,0.245414,0.053398,0.552816,0.148372,,1295400,,
0,2,,0.341609,0.061656,0.4846,0.112135,,1192400,,
0,0,,0.57898,0.13892,0.220886,0.061214,,1323200,,
0,2,,0.269022,0.051823,0.550442,0.128713,,1210800,,
0,2,,0.324312,0.044042,0.516733,0.114914,,1205200,,
0,0,,0.559179,0.080498,0.223108,0.137216,,1204500,,
0,0,,0.469675,0.271383,0.207209,0.051734,,1208000,,
0,0,,0.523274,0.185899,0.207848,0.082978,,1201300,,
0,0,,0.503467,0.172713,0.221868,0.101952,,1269500,,
0,0,,0.634499,0.112383,0.160562,0.092556,,2241200,,
0,2,,0.28752,0.067764,0.554148,0.090568,,2437900,,
0,0,,0.458399,0.067165,0.41714,0.057296,,1576700,,
0,2,,0.378957,0.062164,0.39793,0.160948,,1204300,,
0,2,,0.315582,0.066419,0.514048,0.103951,,1224100,,
0,0,,0.46106,0.073797,0.396384,0.068759,,1279100,,
0,0,,0.402488,0.213266,0.283983,0.100263,,1194600,,
0,2,,0.328556,0.072137,0.500513,0.098794,,1196200,,
0,0,,0.477437,0.258471,0.186501,0.077592,,1181500,,
0,2,,0.394379,0.074244,0.465739,0.065638,,1195500,,
0,0,,0.566469,0.175716,0.153052,0.104764,,1247900,,
0,0,,0.523049,0.197627,0.210827,0.068498,,1187800,,
0,0,,0.502989,0.221912,0.183642,0.091457,,1295200,,
0,0,,0.596737,0.146209,0.161227,0.095826,,1191800,,
0,2,,0.290635,0.074994,0.515946,0.118425,,1248100,,
0,0,,0.504305,0.221222,0.175476,0.098997,,1197300,,
0,2,,0.275641,0.060241,0.51572,0.148398,,1206800,,
0,2,,0.278277,0.056367,0.508186,0.157171,,1193900,,
0,0,,0.418525,0.198406,0.26457,0.118499,,1186100,,
0,0,,0.499018,0.247516,0.186835,0.066631,,1345700,,
0,0,,0.470075,0.229387,0.228525,0.072013,,1184600,,
0,0,,0.562069,0.157041,0.194084,0.086806,,1188300,,
0,2,,0.257567,0.030975,0.564168,0.14729,,1296400,,
0,0,,0.511071,0.20938,0.199856,0.079694,,1322800,,
0,2,,0.346835,0.094629,0.481685,0.076852,,1206300,,
0,2,,0.341203,0.074206,0.491449,0.093142,,1280300,,
0,0,,0.493031,0.194953,0.210348,0.101668,,1213500,,
0,2,,0.351539,0.130458,0.429415,0.088588,,1205800,,
0,0,,0.497926,0.192611,0.246808,0.062655,,1204200,,
0,2,,0.309528,0.05988,0.505332,0.12526,,1232000,,
0,0,,0.417108,0.225151,0.25326,0.104482,,1205800,,
0,0,,0.437949,0.239752,0.219548,0.102752,,1204900,,
0,2,,0.329819,0.112609,0.513803,0.043769,,1283900,,
0,0,,0.443368,0.218842,0.226398,0.111392,,1196000,,
0,2,,0.338397,0.071013,0.506637,0.083953,,1194700,,
0,0,,0.476712,0.224376,0.216381,0.082532,,1201000,,
0,2,,0.319323,0.117994,0.509361,0.053322,,1237600,,
0,0,,0.429675,0.067939,0.309628,0.192758,,1204700,,
0,0,,0.477316,0.242177,0.169262,0.111245,,1212200,,
0,2,,0.329187,0.092576,0.51003,0.068207,,1271300,,
0,0,,0.495337,0.179147,0.265033,0.060483,,1197900,,
0,0,,0.392371,0.076934,0.328,0.202694,,1205900,,
0,0,,0.668736,0.064113,0.177045,0.090106,,1197100,,
0,0,,0.47565,0.230127,0.222416,0.071807,,1217000,,
0,2,,0.26592,0.065155,0.533308,0.135617,,1220900,,
0,2,,0.346577,0.087845,0.519664,0.045915,,1204800,,
0,2,,0.327866,0.080805,0.495631,0.095698,,1210800,,
0,2,,0.366827,0.07585,0.492544,0.064779,,1253000,,
0,2,,0.264599,0.064494,0.52359,0.147317,,1246800,,
0,0,,0.496937,0.224636,0.17771,0.100717,,1219700,,
0,0,,0.543009,0.197102,0.165929,0.09396,,1221700,,
0,0,,0.528962,0.174837,0.194981,0.101219,,1215700,,
0,0,,0.520196,0.207274,0.208835,0.063695,,1209800,,
0,0,,0.460889,0.105391,0.354318,0.079402,,1205200,,
0,0,,0.454428,0.26499,0.210557,0.070024,,1276200,,
0,0,,0.509447,0.214247,0.167189,0.109117,,1206800,,
0,0,,0.588594,0.145106,0.166939,0.099362,,1217300,,
0,2,,0.396193,0.088151,0.417485,0.098172,,1247500,,
0,0,,0.565164,0.170491,0.176804,0.087542,,1216500,,
0,0,,0.539292,0.154628,0.212616,0.093464,,1209000,,
0,0,,0.404014,0.124791,0.313315,0.15788,,1194600,,
0,0,,0.570621,0.157469,0.19571,0.076199,,1248500,,
0,2,,0.321838,0.095297,0.500185,0.08268,,1257100,,
0,0,,0.568215,0.168584,0.169839,0.093362,,1243600,,
0,0,,0.467253,0.225874,0.223141,0.083732,,1208900,,
0,2,,0.261572,0.064865,0.533308,0.140255,,1237100,,
0,0,,0.481253,0.246846,0.220167,0.051734,,1211000,,
0,0,,0.467437,0.249416,0.217257,0.065891,,1203700,,
0,2,,0.311449,0.065711,0.502904,0.119935,,1206100,,
0,0,,0.492704,0.232879,0.194792,0.079625,,1275300,,
0,2,,0.381454,0.078661,0.43662,0.103265,,1206000,,
0,0,,0.563247,0.195291,0.168849,0.072613,,1216400,,
0,2,,0.339302,0.09391,0.481993,0.084794,,1251400,,
0,0,,0.50237,0.22395,0.164027,0.109654,,1216100,,
0,0,,0.471527,0.234824,0.222935,0.070713,,1365900,,
0,0,,0.44133,0.221603,0.256974,0.080093,,1281800,,
0,0,,0.595564,0.153525,0.192909,0.058001,,1212800,,
0,0,,0.45616,0.095225,0.383141,0.065475,,1200200,,
0,0,,0.567115,0.15267,0.213408,0.066806,,1207000,,
0,0,,0.539047,0.181265,0.181922,0.097765,,1211400,,
0,2,,0.36203,0.138075,0.435985,0.06391,,1205100,,
0,2,,0.366124,0.077465,0.468955,0.087456,,1206400,,
0,0,,0.40686,0.088151,0.402818,0.102172,,1269600,,
0,0,,0.489417,0.163223,0.244021,0.103339,,1187700,,
0,0,,0.51961,0.11341,0.255305,0.111674,,1197400,,
0,0,,0.508869,0.196598,0.207515,0.087018,,1207400,,
0,2,,0.324863,0.078563,0.481289,0.115285,,1226000,,
0,2,,0.377234,0.098093,0.450413,0.074259,,1260800,,
0,2,,0.328746,0.11168,0.467179,0.092395,,1205300,,
0,2,,0.336994,0.106822,0.469415,0.08677,,1220300,,
0,2,,0.284612,0.055494,0.511501,0.148393,,1268000,,
0,2,,0.272998,0.031878,0.562525,0.1326,,1192300,,
0,2,,0.299713,0.078183,0.521144,0.100961,,1208900,,
0,0,,0.469169,0.224561,0.2376,0.06867,,1213100,,
0,0,,0.414981,0.081314,0.269866,0.233839,,1220400,,
0,0,,0.466761,0.227813,0.171651,0.133774,,1197800,,
0,2,,0.359841,0.066878,0.489329,0.083953,,1274300,,
0,2,,0.360532,0.062125,0.474914,0.10243,,1200200,,
0,0,,0.549849,0.166916,0.19716,0.086075,,1201500,,
0,2,,0.358422,0.073973,0.397613,0.169991,,1225700,,
0,2,,0.337582,0.082778,0.496275,0.083365,,1257400,,
0,0,,0.404701,0.174895,0.312991,0.107413,,1207800,,
0,0,,0.563641,0.156751,0.206864,0.072743,,1214200,,
0,0,,0.515202,0.211721,0.189401,0.083676,,1204400,,
0,2,,0.316741,0.049705,0.451039,0.182516,,1292900,,
0,0,,0.573704,0.165412,0.196883,0.064,,1209700,,
0,0,,0.548092,0.155894,0.21238,0.083633,,1208600,,
0,2,,0.321838,0.095297,0.500185,0.08268,,1314500,,
0,2,,0.336994,0.126822,0.449415,0.08677,,1206300,,
0,0,,0.485289,0.200787,0.23927,0.074654,,1195700,,
0,0,,0.535073,0.153149,0.19921,0.112567,,1289600,,
0,0,,0.560489,0.165773,0.187736,0.086001,,1213500,,
0,2,,0.355139,0.099925,0.47891,0.066027,,1252600,,
0,0,,0.574399,0.130279,0.149884,0.145439,,1281300,,
0,0,,0.481135,0.217108,0.206433,0.095323,,1213400,,
0,0,,0.495306,0.199399,0.208429,0.096865,,1213900,,
0,0,,0.414981,0.061314,0.30869,0.215015,,1262000,,
0,0,,0.492852,0.100839,0.265093,0.141217,,1202100,,
0,2,,0.305015,0.076381,0.476144,0.14246,,1200700,,
0,0,,0.520101,0.223562,0.176639,0.079698,,1212500,,
0,0,,0.562538,0.138974,0.234487,0.064001,,1209100,,
0,2,,0.328363,0.080778,0.547931,0.042928,,1195300,,
0,0,,0.562538,0.138974,0.234487,0.064001,,1277200,,
0,0,,0.400985,0.226654,0.311996,0.060365,,1204500,,
0,0,,0.483145,0.144483,0.240977,0.131394,,1220500,,
0,0,,0.565211,0.160558,0.201618,0.072613,,1220700,,
0,0,,0.573139,0.079877,0.186576,0.160407,,1250800,,
0,0,,0.55898,0.171616,0.208189,0.061214,,1200500,,
0,0,,0.378712,0.221491,0.29593,0.103866,,1216800,,
0,2,,0.371026,0.061584,0.412832,0.154559,,1276800,,
0,2,,0.368151,0.064478,0.462985,0.104386,,1203600,,
0,0,,0.469119,0.19499,0.188753,0.147139,,1210100,,
0,0,,0.546406,0.157137,0.227091,0.069366,,1209000,,
0,0,,0.461305,0.23237,0.24729,0.059035,,1208700,,
0,0,,0.499275,0.221756,0.174444,0.104526,,1210300,,
0,0,,0.573947,0.140507,0.223237,0.062309,,1261300,,
0,0,,0.536128,0.21932,0.196776,0.047776,,1206200,,
0,0,,0.629567,0.125092,0.159774,0.085566,,1207300,,
0,0,,0.535278,0.172675,0.181433,0.110614,,1225900,,
0,0,,0.430659,0.254018,0.254957,0.060365,,1256200,,
0,0,,0.473281,0.221436,0.191674,0.113608,,1207800,,
0,2,,0.346273,0.098308,0.498336,0.057083,,1267100,,
0,2,,0.323337,0.094651,0.499581,0.082432,,1205600,,
0,2,,0.284023,0.061271,0.533309,0.121397,,1207300,,
0,0,,0.415295,0.213409,0.270495,0.100802,,1213600,,
0,0,,0.470543,0.218436,0.221347,0.089675,,1212700,,
0,2,,0.312628,0.079405,0.457057,0.150911,,1192200,,
0,0,,0.558533,0.153541,0.226057,0.061869,,1278400,,
0,2,,0.336418,0.095363,0.485788,0.082432,,1217400,,
0,2,,0.322059,0.083151,0.491537,0.103253,,1212500,,
0,2,,0.33847,0.101817,0.45664,0.103074,,1191500,,
0,0,,0.455524,0.153985,0.259608,0.130883,,1199400,,
0,2,,0.373647,0.1113,0.451497,0.063557,,1258200,,
0,0,,0.551381,0.165383,0.197233,0.086002,,1208700,,
0,2,,0.290927,0.039853,0.537412,0.131808,,1570100,,
0,2,,0.295405,0.049705,0.484031,0.17086,,1207600,,
0,2,,0.324885,0.071638,0.522858,0.080619,,1219500,,
0,2,,0.336996,0.103557,0.481153,0.078294,,1257700,,
0,0,,0.548142,0.157387,0.230029,0.064442,,1200900,,
0,0,,0.553011,0.143283,0.232116,0.07159,,1345500,,
0,2,,0.365844,0.059112,0.436839,0.138204,,2005000,,
0,0,,0.47367,0.180719,0.18788,0.157732,,1855200,,
0,2,,0.317626,0.091871,0.510208,0.080295,,1590000,,
0,2,,0.338804,0.075878,0.468918,0.1164,,1294800,,
0,2,,0.263734,0.035514,0.567286,0.133465,,1282200,,
0,2,,0.333588,0.092738,0.497744,0.07593,,1385400,,
0,0,,0.511981,0.19644,0.203081,0.088498,,1184600,,
0,2,,0.255782,0.053023,0.553308,0.137887,,1183300,,
0,2,,0.363272,0.150603,0.438264,0.047861,,1176200,,
0,0,,0.471826,0.168767,0.247914,0.111493,,1192500,,
0,2,,0.343337,0.094651,0.479581,0.082432,,1307800,,
0,0,,0.417825,0.085907,0.297448,0.198821,,1182300,,
0,2,,0.270206,0.068954,0.526746,0.134094,,1182000,,
0,0,,0.550444,0.162221,0.195671,0.091665,,1172700,,
1,0,,0.459266,0.27052,0.200985,0.06923,,1183900,,
1,2,,0.369274,0.127804,0.446113,0.056809,,1173500,,
1,2,,0.375303,0.145813,0.428326,0.050559,,1307100,,
1,2,,0.339043,0.106914,0.511106,0.042936,,1467800,,
1,0,,0.439847,0.260124,0.17888,0.121148,,1190300,,
1,2,,0.379785,0.13014,0.441879,0.048196,,1192200,,
1,0,,0.393097,0.174605,0.386478,0.04582,,1190900,,
1,2,,0.354792,0.128967,0.460103,0.056139,,1185900,,
1,2,,0.346606,0.114884,0.479996,0.058514,,1197900,,
1,2,,0.330796,0.104947,0.50022,0.064037,,1267800,,
1,0,,0.393097,0.174605,0.386478,0.04582,,1182200,,
1,2,,0.312247,0.100772,0.536944,0.050037,,1203500,,
1,2,,0.355139,0.099925,0.47891,0.066027,,1194100,,
1,2,,0.375108,0.130533,0.436946,0.057413,,1185000,,
1,2,,0.375108,0.150533,0.416946,0.057413,,1193000,,
1,0,,0.427217,0.229034,0.286336,0.057413,,1254000,,
1,2,,0.314262,0.114037,0.512061,0.05964,,1280400,,
1,0,,0.506137,0.267236,0.184091,0.042535,,1200200,,
1,2,,0.346606,0.114884,0.479996,0.058514,,1205900,,
1,0,,0.508737,0.29012,0.156564,0.044579,,1185100,,
1,2,,0.334995,0.133393,0.465405,0.066207,,1204500,,
1,2,,0.354792,0.128967,0.460103,0.056139,,1197600,,
1,2,,0.375108,0.130533,0.436946,0.057413,,1303700,,
1,2,,0.312247,0.100772,0.536944,0.050037,,1185000,,
1,2,,0.379605,0.145593,0.42662,0.048182,,1183700,,
1,2,,0.370265,0.170667,0.411813,0.047255,,1187900,,
1,0,,0.436514,0.203897,0.183478,0.176111,,1189600,,
1,0,,0.482954,0.211144,0.209453,0.09645,,1185900,,
1,0,,0.459266,0.27052,0.200985,0.06923,,1382500,,
1,0,,0.440779,0.233949,0.199454,0.125819,,1192100,,
1,0,,0.511029,0.279838,0.164156,0.044977,,1193400,,
1,0,,0.389063,0.173865,0.38889,0.048182,,1188500,,
1,0,,0.387557,0.213747,0.330307,0.068389,,1183800,,
1,2,,0.364281,0.165482,0.405486,0.064752,,1171300,,
1,0,,0.50085,0.223946,0.190806,0.084398,,1394000,,
1,0,,0.518091,0.245958,0.160093,0.075858,,1215100,,
1,0,,0.389063,0.173865,0.38889,0.048182,,1204300,,
1,2,,0.350845,0.128294,0.480061,0.0408,,1222100,,
1,0,,0.477614,0.209892,0.221898,0.090596,,1209800,,
1,2,,0.37941,0.170312,0.395241,0.055037,,1198000,,
1,2,,0.37941,0.170312,0.395241,0.055037,,1290600,,
1,2,,0.312247,0.100772,0.536944,0.050037,,1197300,,
1,2,,0.365918,0.119482,0.457201,0.0574,,1186700,,
1,0,,0.416443,0.140727,0.300297,0.142534,,1195700,,
1,2,,0.312247,0.100772,0.536944,0.050037,,1201700,,
1,2,,0.353835,0.134525,0.436601,0.075038,,1187000,,
1,2,,0.375108,0.130533,0.436946,0.057413,,1257800,,
1,0,,0.440779,0.213949,0.219454,0.125819,,1197500,,
1,2,,0.401191,0.153564,0.402469,0.042775,,1191400,,
1,0,,0.500402,0.250948,0.164252,0.084398,,1198000,,
1,2,,0.337839,0.116373,0.473302,0.072487,,1199400,,
1,0,,0.500776,0.258863,0.196715,0.043646,,1194200,,
1,0,,0.459266,0.27052,0.200985,0.06923,,1269300,,
1,2,,0.375108,0.130533,0.436946,0.057413,,1193600,,
1,2,,0.345918,0.119482,0.457201,0.0774,,1236900,,
1,2,,0.319043,0.106914,0.531106,0.042936,,1195900,,
1,2,,0.31992,0.124697,0.510104,0.045279,,1192100,,
1,2,,0.346606,0.114884,0.479996,0.058514,,1200800,,
1,2,,0.312247,0.100772,0.536944,0.050037,,1316500,,
1,2,,0.375376,0.149572,0.417653,0.0574,,1212800,,
1,2,,0.319043,0.106914,0.531106,0.042936,,1194700,,
1,0,,0.472482,0.225637,0.216088,0.085793,,1202900,,
1,2,,0.376988,0.113461,0.408956,0.100595,,1192800,,
1,2,,0.312247,0.100772,0.536944,0.050037,,1192100,,
1,2,,0.366943,0.168201,0.405798,0.059058,,1187200,,
1,2,,0.375108,0.168714,0.398764,0.057413,,1313000,,
1,2,,0.37941,0.170312,0.395241,0.055037,,1192800,,
1,2,,0.376843,0.140191,0.430046,0.05292,,1216400,,
1,2,,0.316282,0.101513,0.534532,0.047674,,1194400,,
1,2,,0.366475,0.118325,0.396785,0.118416,,1205900,,
1,0,,0.402102,0.216823,0.323661,0.057413,,1208200,,
1,0,,0.498226,0.287785,0.160798,0.053192,,1312300,,
1,0,,0.458393,0.240893,0.235963,0.064752,,1206900,,
1,2,,0.370265,0.149967,0.432512,0.047255,,1198200,,
1,2,,0.342572,0.114144,0.482408,0.060876,,1223700,,
1,0,,0.482309,0.192287,0.255967,0.069437,,1201100,,
1,0,,0.393097,0.174605,0.386478,0.04582,,1195700,,
1,2,,0.378137,0.150268,0.418933,0.052662,,1205100,,
1,0,,0.518091,0.225958,0.180093,0.075858,,1275200,,
1,0,,0.387557,0.213747,0.330307,0.068389,,1195000,,
1,2,,0.296343,0.122361,0.548863,0.032433,,1301600,,
1,2,,0.373027,0.17422,0.410236,0.042517,,1211700,,
1,2,,0.375108,0.168714,0.398764,0.057413,,1192800,,
1,2,,0.346606,0.114884,0.479996,0.058514,,1197700,,
1,2,,0.373835,0.153376,0.417751,0.055038,,1274400,,
1,0,,0.447707,0.226975,0.213101,0.112216,,1199100,,
1,2,,0.345918,0.119482,0.457201,0.0774,,1239300,,
1,2,,0.364865,0.126567,0.442555,0.066013,,1206500,,
1,2,,0.386302,0.149612,0.411166,0.05292,,1201000,,
1,0,,0.524259,0.235377,0.196791,0.043573,,1212300,,
1,0,,0.518091,0.245958,0.160093,0.075858,,1215400,,
1,0,,0.485044,0.247617,0.201456,0.065883,,1277000,,
1,2,,0.376843,0.140191,0.430046,0.05292,,1207800,,
1,2,,0.401639,0.137151,0.418435,0.042775,,1258000,,
1,0,,0.508823,0.253508,0.165177,0.072492,,1213100,,
1,2,,0.342572,0.114144,0.482408,0.060876,,1198700,,
1,0,,0.393097,0.174605,0.386478,0.04582,,1190900,,
1,2,,0.370265,0.149967,0.432512,0.047255,,1195800,,
1,0,,0.528727,0.249767,0.153752,0.067754,,1271900,,
1,2,,0.368899,0.177897,0.389554,0.06365,,1216500,,
1,0,,0.459457,0.211268,0.171643,0.157632,,1203500,,
1,0,,0.498226,0.287785,0.160798,0.053192,,1207000,,
1,0,,0.402102,0.178641,0.361843,0.057413,,1199600,,
1,2,,0.373027,0.17422,0.410236,0.042517,,1199000,,
1,2,,0.375108,0.150533,0.416946,0.057413,,1275000,,
1,0,,0.504259,0.255377,0.196791,0.043573,,1199300,,
1,2,,0.319043,0.106914,0.531106,0.042936,,1261000,,
1,2,,0.378137,0.150268,0.418933,0.052662,,1186600,,
1,2,,0.364597,0.146379,0.422998,0.066027,,1213800,,
1,2,,0.351074,0.129123,0.440027,0.079776,,1196800,,
1,0,,0.450411,0.270341,0.207768,0.07148,,1195700,,
1,2,,0.368315,0.127372,0.441924,0.062389,,1274900,,
1,2,,0.378137,0.150268,0.418933,0.052662,,1190900,,
1,2,,0.373027,0.17422,0.410236,0.042517,,1205500,,
1,2,,0.36203,0.138075,0.435985,0.06391,,1195700,,
1,0,,0.475992,0.272667,0.183081,0.06826,,1187000,,
1,2,,0.360807,0.140546,0.451392,0.047255,,1200000,,
1,0,,0.512499,0.21662,0.187586,0.083295,,1308300,,
1,0,,0.500776,0.238863,0.216715,0.043646,,1326400,,
1,2,,0.3579,0.123508,0.457303,0.061289,,1202700,,
1,2,,0.37941,0.170312,0.395241,0.055037,,1197300,,
1,2,,0.373835,0.153376,0.417751,0.055038,,1194500,,
1,2,,0.375108,0.150533,0.416946,0.057413,,1214400,,
1,0,,0.469777,0.272855,0.196751,0.060617,,1193600,,
1,2,,0.375108,0.168714,0.398764,0.057413,,1183800,,
1,0,,0.402102,0.178641,0.361843,0.057413,,1272600,,
1,0,,0.402102,0.178641,0.361843,0.057413,,1200400,,
1,0,,0.498015,0.253461,0.200141,0.048384,,1206200,,
1,2,,0.379605,0.145593,0.42662,0.048182,,1194100,,
1,2,,0.319043,0.106914,0.531106,0.042936,,1345900,,
1,0,,0.393097,0.174605,0.386478,0.04582,,1188400,,
1,2,,0.387138,0.126071,0.434834,0.051958,,1339700,,
1,2,,0.369274,0.127804,0.446113,0.056809,,1221000,,
1,2,,0.355139,0.099925,0.47891,0.066027,,1198100,,
1,2,,0.378137,0.134305,0.434896,0.052662,,1217300,,
1,0,,0.50125,0.210861,0.185761,0.102128,,1192700,,
1,2,,0.303619,0.142214,0.527544,0.026622,,1179400,,
1,2,,0.334995,0.133393,0.465405,0.066207,,1178600,,
1,2,,0.371074,0.149792,0.419358,0.059776,,1174500,,
1,2,,0.336528,0.134539,0.477083,0.051849,,1304100,,
1,2,,0.363368,0.12111,0.456568,0.058954,,1184200,,
1,2,,0.319043,0.106914,0.531106,0.042936,,1188200,,
1,2,,0.342572,0.114144,0.482408,0.060876,,1180000,,
1,2,,0.37941,0.170312,0.395241,0.055037,,1208300,,
1,0,,0.392265,0.127909,0.388626,0.091199,,1267600,,
1,2,,0.34323,0.130269,0.457364,0.069136,,1313800,,
1,0,,0.398068,0.216083,0.326073,0.059776,,1185700,,
1,0,,0.510913,0.233284,0.180019,0.075785,,1211200,,
1,2,,0.355607,0.117455,0.470242,0.056696,,1405900,,
1,0,,0.498226,0.287785,0.160798,0.053192,,1184700,,
1,2,,0.364597,0.146379,0.422998,0.066027,,1173300,,
1,2,,0.374824,0.108178,0.457269,0.059729,,1261400,,
1,0,,0.447707,0.226975,0.213101,0.112216,,1190100,,
1,2,,0.364407,0.108912,0.461372,0.065309,,1194600,,
1,2,,0.375376,0.144866,0.422359,0.0574,,1192800,,
1,0,,0.469845,0.298301,0.167103,0.064752,,1197300,,
1,0,,0.496659,0.288626,0.170136,0.044579,,1182100,,
1,2,,0.365918,0.119482,0.457201,0.0574,,1420600,,
1,0,,0.499282,0.277728,0.168887,0.054102,,1182700,,
1,0,,0.511361,0.206282,0.206573,0.075785,,1208600,,
1,0,,0.485044,0.247617,0.201456,0.065883,,1202700,,
1,2,,0.3579,0.105326,0.475485,0.061289,,1194400,,
1,0,,0.496102,0.234145,0.227648,0.042105,,1188400,,
1,2,,0.375108,0.150533,0.416946,0.057413,,1182500,,
1,2,,0.371733,0.164143,0.421349,0.042775,,1243300,,
1,0,,0.390177,0.071847,0.366569,0.171407,,1196200,,
2,2,,0.185096,0.10656,0.690706,0.017638,,1191100,,
2,2,,0.307706,0.097274,0.560776,0.034245,,1198700,,
2,2,,0.147927,0.025527,0.698076,0.128469,,1238400,,
2,0,,0.49672,0.116535,0.257934,0.128811,,1233100,,
2,2,,0.256929,0.057157,0.585857,0.100057,,1276000,,
2,2,,0.211443,0.067418,0.65916,0.061979,,1207000,,
2,0,,0.484675,0.112744,0.278825,0.123756,,1190700,,
2,2,,0.204817,0.069951,0.702735,0.022497,,1185400,,
2,2,,0.224482,0.080496,0.668618,0.026404,,1198700,,
2,2,,0.187589,0.11581,0.683686,0.012914,,1197600,,
2,2,,0.230594,0.036905,0.569922,0.162579,,1198300,,
2,0,,0.357245,0.123561,0.353624,0.165569,,1260300,,
2,2,,0.20976,0.068652,0.661615,0.059973,,1186500,,
2,2,,0.254999,0.114811,0.614096,0.016095,,1192500,,
2,2,,0.16586,0.031069,0.701956,0.101115,,1228300,,
2,2,,0.293888,0.06719,0.546531,0.092391,,1221900,,
2,2,,0.115742,0.030882,0.735409,0.117966,,1198400,,
2,2,,0.313285,0.119252,0.501642,0.065822,,1225500,,
2,2,,0.127518,0.025112,0.759025,0.088346,,1278100,,
2,2,,0.25546,0.052361,0.633841,0.058338,,1181900,,
2,2,,0.17238,0.034452,0.686221,0.106948,,1178500,,
2,2,,0.153848,0.025527,0.710856,0.109769,,1180300,,
2,2,,0.185096,0.10656,0.690706,0.017638,,1190700,,
2,2,,0.182369,0.031069,0.704147,0.082415,,1185700,,
2,2,,0.172167,0.090514,0.721784,0.015535,,1251900,,
2,2,,0.307054,0.08269,0.572781,0.037475,,1198200,,
2,2,,0.307666,0.09385,0.547924,0.050559,,1213300,,
2,2,,0.157882,0.026268,0.708444,0.107407,,1191600,,
2,2,,0.169075,0.055991,0.754846,0.020088,,1219200,,
2,2,,0.189156,0.087651,0.706759,0.016434,,1190500,,
2,2,,0.153592,0.073367,0.711632,0.061409,,1231800,,
2,2,,0.19317,0.09377,0.655552,0.057509,,1249100,,
2,2,,0.185096,0.091933,0.705333,0.017638,,1185200,,
2,2,,0.180754,0.045368,0.694121,0.079758,,1184100,,
2,2,,0.291432,0.103838,0.572277,0.032452,,1207100,,
2,2,,0.233825,0.100143,0.582303,0.083728,,1187100,,
2,2,,0.287896,0.101892,0.577173,0.033038,,1209200,,
2,2,,0.27672,0.103779,0.528526,0.090975,,1297500,,
2,2,,0.277895,0.099764,0.561153,0.061188,,1187800,,
2,2,,0.210407,0.128679,0.651187,0.009727,,1208900,,
2,2,,0.288185,0.099993,0.580626,0.031196,,1247700,,
2,2,,0.18913,0.092674,0.702921,0.015275,,1196700,,
2,2,,0.188699,0.09209,0.659023,0.060188,,1205700,,
2,2,,0.260102,0.081961,0.561946,0.095991,,1878400,,
2,2,,0.159179,0.040154,0.664561,0.136106,,1559400,,
2,2,,0.194339,0.073271,0.62481,0.10758,,1213600,,
2,2,,0.18025,0.036759,0.657214,0.125777,,1204900,,
2,2,,0.226599,0.132544,0.624763,0.016095,,1196000,,
2,2,,0.251194,0.062003,0.616892,0.06991,,1197000,,
2,2,,0.166523,0.054821,0.763902,0.014754,,1291300,,
2,2,,0.158522,0.059711,0.713829,0.067938,,1196300,,
2,2,,0.197438,0.06477,0.653168,0.084625,,1202900,,
2,2,,0.163162,0.07252,0.718004,0.046314,,1205400,,
2,2,,0.307356,0.068318,0.507018,0.117307,,1206200,,
2,2,,0.290927,0.039853,0.537412,0.131808,,1248100,,
2,2,,0.234253,0.103779,0.582303,0.079664,,1193000,,
2,2,,0.304579,0.104653,0.561273,0.029494,,1192900,,
2,2,,0.220995,0.118091,0.647658,0.013256,,1278800,,
2,2,,0.301062,0.081692,0.556999,0.060248,,1205200,,
2,2,,0.316783,0.116757,0.532465,0.033995,,1192400,,
2,2,,0.310427,0.099252,0.544499,0.045822,,1193000,,
2,2,,0.164488,0.025527,0.716548,0.093437,,1192600,,
2,0,,0.484652,0.222372,0.237157,0.055819,,1205800,,
2,2,,0.139578,0.028091,0.730442,0.101888,,1190400,,
2,2,,0.157642,0.025817,0.686504,0.130037,,1194900,,
2,2,,0.227034,0.058667,0.648521,0.065777,,1345700,,
2,2,,0.339647,0.065536,0.528498,0.066318,,1278400,,
2,2,,0.279204,0.086309,0.517251,0.117236,,2039600,,
2,0,,0.397544,0.085432,0.344099,0.172925,,1227200,,
2,2,,0.297864,0.059322,0.544467,0.098347,,1209600,,
2,2,,0.242599,0.060873,0.616056,0.080473,,1204500,,
2,2,,0.28139,0.09385,0.586464,0.038296,,1207400,,
2,2,,0.165607,0.09399,0.710971,0.029432,,1312400,,
2,2,,0.18652,0.036116,0.660671,0.116693,,1208300,,
2,2,,0.153848,0.025527,0.710856,0.109769,,1214100,,
2,2,,0.228924,0.040587,0.637368,0.09312,,1244800,,
2,2,,0.285159,0.08832,0.587275,0.039247,,1238900,,
2,2,,0.232012,0.02208,0.614352,0.131556,,1204000,,
2,2,,0.308281,0.094591,0.561195,0.035934,,1199900,,
2,2,,0.287809,0.050009,0.631129,0.031053,,1341700,,
2,2,,0.181957,0.108664,0.692926,0.016452,,1202200,,
2,2,,0.157779,0.030854,0.664054,0.147314,,1193100,,
2,2,,0.206303,0.04859,0.662547,0.08256,,1229900,,
2,2,,0.2552,0.040587,0.598829,0.105383,,1218600,,
2,2,,0.277776,0.02646,0.526714,0.16905,,1185900,,
2,2,,0.118191,0.025817,0.755457,0.100535,,1174700,,
2,2,,0.197623,0.093846,0.697994,0.010538,,1245800,,
2,2,,0.252607,0.082009,0.611849,0.053535,,1180300,,
2,2,,0.279054,0.087363,0.543282,0.090301,,1209800,,
2,2,,0.192177,0.07874,0.66824,0.060842,,1197000,,
2,2,,0.142895,0.021681,0.725611,0.109813,,1187400,,
2,2,,0.22954,0.069183,0.637197,0.06408,,1239200,,
2,2,,0.235668,0.07263,0.667116,0.024586,,1207500,,
2,2,,0.219333,0.035955,0.574233,0.170479,,1274000,,
2,0,,0.365933,0.081258,0.339643,0.213166,,1190700,,
2,2,,0.171345,0.08452,0.696782,0.047352,,1199600,,
2,2,,0.236546,0.077407,0.60473,0.081317,,1255400,,
2,2,,0.326289,0.076584,0.511952,0.085176,,1199000,,
2,2,,0.185934,0.139162,0.665832,0.009072,,1187100,,
2,2,,0.235408,0.119387,0.623281,0.021925,,1214400,,
2,2,,0.230382,0.093721,0.666841,0.009057,,1308100,,
2,2,,0.248638,0.043139,0.602411,0.105813,,1184900,,
2,2,,0.315234,0.068608,0.502312,0.113846,,1184500,,
2,2,,0.141203,0.020399,0.742614,0.095783,,1337000,,
2,2,,0.189264,0.045777,0.740622,0.024337,,1267500,,
2,2,,0.127551,0.025817,0.730941,0.115691,,1187500,,
2,2,,0.220113,0.128448,0.639494,0.011945,,1191600,,
2,0,,0.427761,0.292513,0.178773,0.100953,,1269900,,
2,2,,0.290576,0.146264,0.536538,0.026622,,1186400,,
2,2,,0.270085,0.049719,0.640008,0.040189,,1180900,,
2,2,,0.143735,0.032416,0.717323,0.106526,,1177700,,
2,2,,0.284151,0.101017,0.581273,0.033559,,1174400,,
2,2,,0.138438,0.027507,0.737768,0.096286,,1181500,,
2,2,,0.264439,0.083669,0.557392,0.0945,,1209100,,
2,2,,0.242986,0.040587,0.591865,0.124562,,1181000,,
2,2,,0.248528,0.090811,0.563355,0.097306,,1267800,,
2,2,,0.197251,0.0969,0.690573,0.015275,,1184200,,
2,2,,0.228516,0.099418,0.648024,0.024042,,1266400,,
2,2,,0.17368,0.048462,0.713575,0.064282,,1288000,,
2,2,,0.155474,0.056263,0.71135,0.076914,,1183800,,
2,2,,0.246708,0.023299,0.562942,0.167051,,1232500,,
2,2,,0.142595,0.031832,0.724649,0.100924,,1180200,,
2,2,,0.2075,0.020109,0.663706,0.108685,,1259700,,
2,2,,0.186525,0.07263,0.720831,0.020015,,1194900,,
2,2,,0.146969,0.051648,0.724469,0.076914,,1264700,,
2,2,,0.317933,0.074258,0.508502,0.099307,,1185100,,
2,2,,0.157642,0.025817,0.726504,0.090037,,1203500,,
2,2,,0.311042,0.099993,0.557769,0.031196,,1188900,,
2,2,,0.17229,0.068039,0.710074,0.049598,,1176600,,
2,2,,0.260529,0.085597,0.561946,0.091927,,1175200,,
2,2,,0.155474,0.056263,0.71135,0.076914,,1347400,,
2,2,,0.261932,0.05317,0.650758,0.03414,,1177900,,
2,2,,0.119943,0.074173,0.763079,0.042805,,1185400,,
2,2,,0.254482,0.055435,0.594283,0.0958,,1189900,,
2,2,,0.157882,0.026268,0.708444,0.107407,,1185900,,
2,2,,0.235855,0.093814,0.648406,0.021925,,1218000,,
2,2,,0.229936,0.07686,0.668618,0.024586,,1187900,,
2,2,,0.153848,0.025527,0.710856,0.109769,,1322300,,
2,2,,0.251194,0.062003,0.616892,0.06991,,1187100,,
2,0,,0.4739,0.213571,0.258063,0.054467,,1190700,,
2,2,,0.190827,0.087704,0.703831,0.017638,,1209500,,
2,2,,0.163162,0.07252,0.718004,0.046314,,1230000,,
2,0,,0.423733,0.226543,0.248101,0.101622,,1192900,,
2,2,,0.157642,0.025817,0.706504,0.110037,,1214500,,
2,2,,0.235668,0.07263,0.667116,0.024586,,1277700,,
2,2,,0.171628,0.072004,0.686368,0.07,,1190300,,
2,2,,0.167552,0.071795,0.689812,0.070841,,1183900,,
2,2,,0.141087,0.051648,0.744469,0.062796,,1190800,,
2,2,,0.267805,0.041189,0.650817,0.040189,,1198500,,
2,2,,0.138065,0.089372,0.726766,0.045797,,1185200,,
2,2,,0.181503,0.093871,0.659492,0.065134,,1195200,,
2,2,,0.152307,0.03227,0.70914,0.106283,,1265000,,
2,2,,0.285178,0.02646,0.507547,0.180815,,1203700,,
2,2,,0.119943,0.074173,0.763079,0.042805,,1183700,,
2,2,,0.162221,0.055042,0.765607,0.01713,,1187200,,
2,2,,0.185882,0.035684,0.700979,0.077455,,1217000,,
2,2,,0.25991,0.060873,0.566491,0.112727,,1192200,,
2,2,,0.141203,0.020399,0.742614,0.095783,,1186200,,
2,2,,0.154302,0.031809,0.725994,0.087895,,1259100,,
2,2,,0.232818,0.09631,0.649207,0.021665,,1185000,,
2,2,,0.283028,0.082317,0.572985,0.061669,,1180800,,
2,2,,0.251194,0.062003,0.616892,0.06991,,1188800,,
2,2,,0.150925,0.029904,0.674814,0.144356,,1240800,,
