wall-following,CWE,test,2,NANOSECONDS,PREDICTIONS, Generated by ClassifierExperiments.java on 2022-05-16 22:44:22.    SYSTEMPROPERTIES:{user.name:matth,os.arch:amd64,os.name:Windows 10},ENDSYSTEMPROPERTIES
No parameter info
0.5882891125343093,721866500,1416411800,-1,0,4,,-1,-1
0,0,,0.40773,0.132639,0.328272,0.131359,,1643900,,
0,2,,0.29198,0.063806,0.430168,0.214045,,1882400,,
0,0,,0.437796,0.180081,0.196526,0.185597,,1862700,,
0,2,,0.308407,0.140975,0.471442,0.079176,,1836500,,
0,2,,0.326411,0.067178,0.415453,0.190957,,1945200,,
0,0,,0.418732,0.123732,0.264548,0.192989,,1442300,,
0,0,,0.513042,0.081685,0.250419,0.154854,,1436500,,
0,0,,0.467535,0.117859,0.243842,0.170764,,1437400,,
0,0,,0.410163,0.179798,0.263047,0.146992,,1417500,,
0,0,,0.390092,0.166562,0.306692,0.136653,,1390100,,
0,2,,0.257619,0.10975,0.548292,0.084339,,1192000,,
0,2,,0.284986,0.068509,0.467934,0.178571,,2011000,,
0,2,,0.266465,0.085775,0.48126,0.166499,,2423600,,
0,0,,0.411305,0.171773,0.232111,0.18481,,2270300,,
0,0,,0.382716,0.153494,0.250555,0.213235,,2387600,,
0,0,,0.416916,0.21416,0.257277,0.111648,,1486800,,
0,0,,0.467221,0.156516,0.255107,0.121157,,1430200,,
0,0,,0.420213,0.189195,0.245638,0.144955,,1421800,,
0,0,,0.415083,0.161564,0.248215,0.175138,,1486600,,
0,2,,0.274944,0.091166,0.477563,0.156327,,1438300,,
0,2,,0.275863,0.106369,0.506886,0.110882,,1579200,,
0,2,,0.331262,0.11903,0.446344,0.103363,,1426700,,
0,2,,0.331297,0.058737,0.419468,0.190497,,1505100,,
0,2,,0.224189,0.060394,0.629319,0.086098,,1479600,,
0,2,,0.249482,0.082319,0.571784,0.096414,,1444300,,
0,2,,0.340247,0.145467,0.402908,0.111378,,1419500,,
0,0,,0.394941,0.2297,0.292598,0.082762,,1431800,,
0,0,,0.368431,0.147506,0.30834,0.175723,,1476200,,
0,0,,0.424001,0.153419,0.274983,0.147597,,1428700,,
0,2,,0.297347,0.142737,0.457966,0.10195,,1425600,,
0,2,,0.345384,0.127114,0.433938,0.093564,,1444000,,
0,2,,0.312816,0.058698,0.435991,0.192496,,1520300,,
0,0,,0.36771,0.131189,0.321773,0.179328,,1199600,,
0,0,,0.369358,0.216328,0.251116,0.163198,,1222200,,
0,2,,0.221415,0.081603,0.590735,0.106247,,1213200,,
0,0,,0.406384,0.269931,0.240924,0.082762,,1197000,,
0,0,,0.473103,0.123574,0.251414,0.151909,,1223400,,
0,2,,0.326745,0.063861,0.405086,0.204308,,1220100,,
0,0,,0.416916,0.21416,0.257277,0.111648,,1195900,,
0,0,,0.417767,0.145321,0.298233,0.13868,,1202800,,
0,0,,0.355812,0.213197,0.309868,0.121123,,1198300,,
0,0,,0.385557,0.246485,0.290005,0.077954,,1201400,,
0,2,,0.230007,0.083773,0.582299,0.103921,,1291900,,
0,0,,0.362874,0.252097,0.238086,0.146942,,1208400,,
0,2,,0.247737,0.093823,0.543223,0.115216,,1256400,,
0,0,,0.370507,0.153637,0.261819,0.214037,,1215300,,
0,2,,0.380017,0.136657,0.401116,0.08221,,1210300,,
0,2,,0.259409,0.073135,0.560823,0.106634,,1258800,,
0,0,,0.453103,0.123574,0.271414,0.151909,,1210700,,
0,2,,0.255181,0.087169,0.492127,0.165523,,1185000,,
0,0,,0.436237,0.117222,0.273333,0.173209,,1197600,,
0,2,,0.281954,0.11576,0.496288,0.105998,,1181600,,
0,0,,0.456325,0.184823,0.268673,0.090179,,1192400,,
0,0,,0.352608,0.190751,0.297639,0.159002,,1293100,,
0,2,,0.233342,0.042442,0.556579,0.167637,,1193100,,
0,0,,0.407386,0.232561,0.249712,0.110341,,1239700,,
0,2,,0.290565,0.067983,0.533684,0.107768,,1200700,,
0,2,,0.262799,0.094861,0.53738,0.104959,,1216800,,
0,0,,0.399846,0.191757,0.293147,0.11525,,1195000,,
0,2,,0.334095,0.07258,0.402663,0.190662,,1265400,,
0,0,,0.477634,0.094977,0.264464,0.162925,,1209100,,
0,2,,0.26356,0.112045,0.531081,0.093314,,1204900,,
0,0,,0.400162,0.217009,0.280962,0.101867,,1206000,,
0,0,,0.427137,0.260665,0.202368,0.10983,,1193700,,
0,0,,0.400036,0.054596,0.310027,0.235341,,1472600,,
0,0,,0.372687,0.200604,0.244589,0.182119,,1202700,,
0,2,,0.224189,0.060394,0.629319,0.086098,,1198200,,
0,2,,0.327431,0.088999,0.362713,0.220857,,1238300,,
0,0,,0.389239,0.138724,0.276495,0.195542,,1235000,,
0,0,,0.398973,0.21523,0.211193,0.174604,,1202400,,
0,2,,0.30495,0.157443,0.426229,0.111378,,1757600,,
0,2,,0.245148,0.090601,0.546888,0.117364,,1527400,,
0,2,,0.375202,0.104679,0.395576,0.124543,,1463300,,
0,2,,0.298887,0.09437,0.537053,0.06969,,1438700,,
0,0,,0.386131,0.143388,0.280522,0.189958,,1532600,,
0,2,,0.240316,0.082974,0.530768,0.145941,,1457600,,
0,0,,0.396575,0.112291,0.34773,0.143405,,1435600,,
0,2,,0.29199,0.056484,0.455794,0.195732,,1438000,,
0,0,,0.416316,0.218855,0.277286,0.087543,,1474700,,
0,2,,0.289496,0.054131,0.470604,0.185769,,1425200,,
0,2,,0.282581,0.085331,0.490836,0.141251,,1541900,,
0,0,,0.370635,0.194259,0.296205,0.1389,,1428300,,
0,0,,0.440628,0.155591,0.230573,0.173209,,1449800,,
0,0,,0.416316,0.218855,0.277286,0.087543,,1429200,,
0,0,,0.387166,0.194608,0.289306,0.128919,,1435600,,
0,0,,0.365232,0.170882,0.302979,0.160907,,1480800,,
0,0,,0.450004,0.133692,0.261743,0.154561,,1431900,,
0,2,,0.224189,0.060394,0.629319,0.086098,,1431500,,
0,0,,0.372543,0.220977,0.24141,0.165071,,1434900,,
0,0,,0.441445,0.205878,0.241862,0.110815,,1465000,,
0,0,,0.413288,0.096372,0.345258,0.145082,,1551400,,
0,2,,0.319405,0.072611,0.445435,0.162549,,1423700,,
0,0,,0.37783,0.236213,0.258333,0.127624,,1423200,,
0,0,,0.46755,0.170307,0.271964,0.090179,,1423600,,
0,2,,0.318705,0.073609,0.416935,0.190751,,1423400,,
0,0,,0.398973,0.21523,0.211193,0.174604,,1400300,,
0,2,,0.289224,0.085331,0.472223,0.153222,,1188600,,
0,2,,0.289501,0.101755,0.524975,0.08377,,1181100,,
0,0,,0.440628,0.135591,0.250573,0.173209,,1182300,,
0,0,,0.436237,0.117222,0.273333,0.173209,,1192100,,
0,2,,0.267062,0.085775,0.485738,0.161425,,1193900,,
0,2,,0.236662,0.084443,0.590319,0.088576,,1433100,,
0,0,,0.400349,0.254821,0.257286,0.087543,,1212700,,
0,2,,0.337211,0.06893,0.379038,0.214821,,1212000,,
0,0,,0.491694,0.17501,0.213347,0.119949,,1203000,,
0,0,,0.385557,0.246485,0.290005,0.077954,,1206400,,
0,2,,0.304612,0.136612,0.472541,0.086235,,1298500,,
0,2,,0.311911,0.090739,0.470569,0.126782,,1206900,,
0,2,,0.283747,0.048232,0.509645,0.158376,,1184300,,
0,0,,0.393811,0.054321,0.355238,0.196631,,1225100,,
0,2,,0.304644,0.067918,0.454942,0.172496,,1203800,,
0,2,,0.223836,0.042369,0.583826,0.149969,,1191700,,
0,0,,0.375867,0.251582,0.225609,0.146942,,1224200,,
0,2,,0.289224,0.085331,0.472223,0.153222,,1266600,,
0,2,,0.26356,0.112045,0.531081,0.093314,,1176500,,
0,2,,0.261955,0.100153,0.47859,0.159301,,1175900,,
0,0,,0.392145,0.054596,0.328739,0.22452,,1182400,,
0,0,,0.352608,0.190751,0.297639,0.159002,,1184900,,
0,0,,0.386577,0.261627,0.212654,0.139143,,1231400,,
0,2,,0.228483,0.066999,0.592422,0.112096,,1210600,,
0,0,,0.398105,0.194975,0.272777,0.134143,,1173300,,
0,0,,0.363819,0.114401,0.268519,0.253261,,1191600,,
0,0,,0.467094,0.144884,0.254858,0.133163,,1193700,,
0,2,,0.306206,0.115787,0.383034,0.194973,,1195800,,
0,0,,0.415083,0.141564,0.268215,0.175138,,1184700,,
0,2,,0.293629,0.090569,0.463463,0.152339,,1277300,,
0,0,,0.39045,0.226061,0.295946,0.087543,,1229900,,
0,2,,0.296358,0.05508,0.450896,0.197666,,1191800,,
0,2,,0.288188,0.122761,0.512366,0.076685,,1224500,,
0,0,,0.414337,0.187355,0.276847,0.121462,,1204900,,
0,2,,0.333919,0.084339,0.340988,0.240754,,1195100,,
0,2,,0.231073,0.03631,0.558273,0.174343,,1183300,,
0,2,,0.224189,0.060394,0.629319,0.086098,,1256100,,
0,2,,0.289496,0.054131,0.470604,0.185769,,1194700,,
0,0,,0.481532,0.136483,0.248476,0.13351,,1210500,,
0,0,,0.412564,0.152524,0.300667,0.134245,,1280500,,
0,2,,0.284954,0.099851,0.518794,0.0964,,1196600,,
0,2,,0.258887,0.104263,0.554726,0.082124,,1212100,,
0,0,,0.410905,0.142328,0.317211,0.129556,,1480500,,
0,2,,0.298995,0.143328,0.471442,0.086235,,1188000,,
0,0,,0.446686,0.126738,0.255444,0.171132,,1194900,,
0,2,,0.333409,0.102854,0.375952,0.187785,,1194300,,
0,0,,0.482846,0.138381,0.236651,0.142123,,1199400,,
0,0,,0.405203,0.150704,0.245622,0.19847,,1188100,,
0,0,,0.332608,0.190751,0.317639,0.159002,,1464900,,
0,0,,0.36979,0.228913,0.225789,0.175508,,1192800,,
0,2,,0.319405,0.072611,0.445435,0.162549,,1187500,,
0,2,,0.3021,0.059975,0.47399,0.163936,,1207400,,
0,0,,0.491152,0.102389,0.263915,0.142544,,1190200,,
0,2,,0.313629,0.090569,0.443463,0.152339,,1350400,,
0,0,,0.368409,0.201295,0.320203,0.110093,,1506800,,
0,0,,0.363959,0.229301,0.282106,0.124635,,1345900,,
0,0,,0.414157,0.198838,0.273339,0.113666,,1361100,,
0,0,,0.484264,0.163752,0.243297,0.108687,,1267100,,
0,0,,0.471359,0.186676,0.22731,0.114655,,1387200,,
0,0,,0.444057,0.169325,0.254177,0.132442,,1200100,,
0,2,,0.228597,0.074087,0.587349,0.109967,,1189300,,
0,0,,0.501714,0.140688,0.239365,0.118232,,1199700,,
0,0,,0.404728,0.138898,0.251199,0.205175,,1195400,,
0,0,,0.37528,0.172778,0.32448,0.127461,,1184000,,
0,2,,0.317756,0.055301,0.438709,0.188235,,1390500,,
0,0,,0.40046,0.237077,0.211697,0.150766,,1197400,,
0,2,,0.334731,0.06893,0.395748,0.200591,,1194800,,
0,2,,0.334608,0.075578,0.359647,0.230166,,1256000,,
0,2,,0.377408,0.105709,0.394694,0.12219,,1200100,,
0,2,,0.307286,0.047811,0.525843,0.11906,,1456600,,
0,0,,0.481532,0.136483,0.248476,0.13351,,1209000,,
0,0,,0.416908,0.122134,0.309654,0.151304,,1199200,,
0,2,,0.306592,0.058737,0.43888,0.195791,,1205700,,
0,2,,0.279618,0.05266,0.457465,0.210257,,1202100,,
0,0,,0.365117,0.11066,0.354085,0.170138,,1187300,,
0,2,,0.340948,0.069974,0.373652,0.215426,,1303800,,
0,2,,0.311911,0.088386,0.470569,0.129135,,1180400,,
0,2,,0.23779,0.078748,0.57857,0.104892,,1194900,,
0,2,,0.273634,0.084198,0.475669,0.166499,,1210300,,
0,0,,0.382095,0.225988,0.294229,0.097688,,1189900,,
0,0,,0.36979,0.228913,0.225789,0.175508,,1414200,,
0,0,,0.372728,0.215866,0.246339,0.165067,,1360300,,
0,0,,0.427137,0.260665,0.202368,0.10983,,1189000,,
0,2,,0.272145,0.071744,0.50546,0.150651,,1185000,,
0,0,,0.468057,0.114372,0.245834,0.171737,,1185700,,
0,0,,0.385557,0.246485,0.290005,0.077954,,1176300,,
0,2,,0.305113,0.056749,0.415566,0.222572,,1539100,,
0,2,,0.339405,0.072611,0.425435,0.162549,,1449100,,
0,0,,0.432202,0.142134,0.269066,0.156598,,1453600,,
0,2,,0.331949,0.069262,0.409007,0.189783,,1476100,,
0,2,,0.337964,0.071594,0.399945,0.190497,,1427800,,
0,0,,0.427137,0.260665,0.202368,0.10983,,1471300,,
0,0,,0.474714,0.119984,0.242376,0.162925,,1229000,,
0,0,,0.461889,0.172417,0.231916,0.133779,,1208200,,
0,0,,0.389291,0.149077,0.29598,0.165652,,1254500,,
0,0,,0.369358,0.216328,0.251116,0.163198,,1225700,,
0,2,,0.250462,0.050356,0.524019,0.175164,,1222900,,
0,0,,0.475603,0.100833,0.250282,0.173282,,1311000,,
0,0,,0.41003,0.272576,0.214931,0.102463,,1221100,,
0,0,,0.359787,0.087488,0.295607,0.257118,,1215200,,
0,2,,0.282446,0.111125,0.512511,0.093919,,1222300,,
0,2,,0.340948,0.069974,0.373652,0.215426,,1227600,,
0,2,,0.313629,0.090569,0.443463,0.152339,,1527800,,
0,0,,0.383232,0.242361,0.207641,0.166765,,1482000,,
0,2,,0.266049,0.049436,0.533864,0.150651,,1455100,,
0,2,,0.321811,0.182819,0.40605,0.08932,,1452500,,
0,2,,0.323447,0.09148,0.455686,0.129387,,1443400,,
0,0,,0.449157,0.202735,0.236721,0.111386,,1551100,,
0,2,,0.22236,0.084558,0.622821,0.07026,,1437300,,
0,0,,0.385233,0.134857,0.265088,0.214821,,1748000,,
0,0,,0.407436,0.206574,0.20387,0.182119,,1437200,,
0,0,,0.425124,0.13625,0.2032,0.235426,,1465400,,
0,0,,0.477614,0.149165,0.245326,0.127895,,1488800,,
0,0,,0.392646,0.192008,0.218863,0.196482,,1452700,,
0,2,,0.35036,0.069974,0.373652,0.206014,,1449500,,
0,0,,0.440628,0.133826,0.234691,0.190856,,1463900,,
0,2,,0.305319,0.094717,0.502317,0.097648,,1444400,,
0,2,,0.259322,0.090968,0.482934,0.166776,,1457300,,
0,0,,0.388484,0.236391,0.20836,0.166765,,1489400,,
0,0,,0.385557,0.246485,0.290005,0.077954,,1421800,,
0,0,,0.419921,0.240676,0.196147,0.143255,,1430800,,
0,2,,0.306499,0.128034,0.472508,0.092959,,1424200,,
0,0,,0.387903,0.236587,0.247886,0.127624,,1583700,,
0,2,,0.30874,0.157284,0.4548,0.079176,,1449100,,
0,0,,0.392479,0.184502,0.308557,0.114462,,1484800,,
0,2,,0.249482,0.082319,0.571784,0.096414,,1439900,,
0,2,,0.261843,0.102965,0.543014,0.092178,,1421400,,
0,0,,0.431664,0.146996,0.254168,0.167173,,1595000,,
0,0,,0.388269,0.211393,0.288959,0.111378,,1444400,,
0,0,,0.421977,0.200611,0.258187,0.119225,,1435400,,
0,2,,0.230522,0.047997,0.579779,0.141702,,1435600,,
0,2,,0.337211,0.06893,0.379038,0.214821,,1420800,,
0,2,,0.293599,0.054131,0.456758,0.195512,,1548300,,
0,0,,0.362057,0.169323,0.280402,0.188219,,1418900,,
0,0,,0.427137,0.260665,0.202368,0.10983,,1430300,,
0,2,,0.333349,0.130309,0.391727,0.144615,,1442700,,
0,2,,0.311911,0.090739,0.470569,0.126782,,1436200,,
0,0,,0.392646,0.192008,0.218863,0.196482,,1511800,,
0,0,,0.385827,0.233959,0.25172,0.128494,,1428600,,
0,0,,0.400349,0.254821,0.257286,0.087543,,1450900,,
0,0,,0.380594,0.212316,0.259985,0.147105,,1480500,,
0,0,,0.400764,0.09981,0.306725,0.192702,,1536900,,
0,0,,0.424709,0.254017,0.218949,0.102325,,1234000,,
0,2,,0.289773,0.110874,0.467328,0.132025,,1196000,,
0,2,,0.350957,0.069974,0.37813,0.200939,,1198200,,
0,2,,0.345335,0.086133,0.384798,0.183735,,1211200,,
0,0,,0.395201,0.137544,0.269099,0.198156,,1211800,,
0,2,,0.32624,0.204146,0.374241,0.095374,,1346000,,
0,0,,0.438955,0.152134,0.246205,0.162706,,1215000,,
0,0,,0.456123,0.137872,0.244644,0.161361,,1214100,,
0,2,,0.253761,0.039673,0.551918,0.154648,,1205500,,
0,0,,0.347431,0.088999,0.342713,0.220857,,1215500,,
0,0,,0.377677,0.22375,0.219267,0.179305,,1205600,,
0,0,,0.426195,0.154618,0.2413,0.177887,,1283300,,
0,0,,0.425694,0.107434,0.276913,0.189958,,1235700,,
0,2,,0.254057,0.04503,0.549654,0.151259,,1200000,,
0,0,,0.462201,0.068459,0.301236,0.168105,,1197100,,
0,0,,0.398061,0.216596,0.254651,0.130692,,1198800,,
0,0,,0.369358,0.216328,0.251116,0.163198,,1205200,,
0,0,,0.394964,0.221511,0.248143,0.135382,,1204100,,
0,0,,0.473567,0.080779,0.29406,0.151594,,1354700,,
0,2,,0.311911,0.090739,0.470569,0.126782,,1199100,,
0,0,,0.380597,0.238744,0.221354,0.159305,,1207400,,
0,0,,0.434336,0.102584,0.292168,0.170913,,1213100,,
0,2,,0.254956,0.052483,0.564278,0.128283,,1201500,,
0,0,,0.415083,0.161564,0.248215,0.175138,,1200400,,
0,0,,0.434004,0.136733,0.277669,0.151594,,1399600,,
0,0,,0.345747,0.187758,0.316617,0.149877,,1211500,,
0,0,,0.470324,0.092418,0.285793,0.151464,,1209600,,
0,0,,0.440628,0.135591,0.250573,0.173209,,1218500,,
0,0,,0.357813,0.236932,0.238486,0.166769,,1251400,,
0,0,,0.387168,0.195388,0.241043,0.176401,,1226800,,
0,0,,0.429686,0.175831,0.239849,0.154634,,1305200,,
0,2,,0.225165,0.035012,0.585175,0.154648,,1200200,,
0,0,,0.400608,0.117146,0.265982,0.216263,,1220100,,
0,0,,0.408028,0.172253,0.253389,0.16633,,1234200,,
0,0,,0.385303,0.17266,0.305887,0.136149,,1236400,,
0,2,,0.331949,0.069262,0.409007,0.189783,,1203000,,
0,2,,0.264424,0.051951,0.520275,0.163349,,1201600,,
0,2,,0.35036,0.069974,0.373652,0.206014,,1305000,,
0,0,,0.41403,0.144277,0.303618,0.138075,,1208000,,
0,0,,0.410259,0.223276,0.231084,0.135382,,1283900,,
0,2,,0.339084,0.203197,0.374243,0.083476,,1399700,,
0,0,,0.438955,0.152134,0.246205,0.162706,,1216300,,
0,2,,0.252421,0.093799,0.511043,0.142737,,1247700,,
0,2,,0.291996,0.056484,0.465751,0.185769,,1400300,,
0,0,,0.404924,0.18185,0.216743,0.196482,,1227400,,
0,2,,0.324782,0.11231,0.432625,0.130283,,1207900,,
0,0,,0.388847,0.092413,0.378907,0.139833,,1221200,,
0,2,,0.349318,0.069598,0.377063,0.204021,,1546800,,
0,2,,0.255182,0.03631,0.534384,0.174123,,1342000,,
0,2,,0.279099,0.088818,0.514212,0.117871,,1208900,,
0,0,,0.358317,0.138798,0.256224,0.246661,,1216800,,
0,0,,0.489427,0.137545,0.254225,0.118804,,1217800,,
0,0,,0.387657,0.229627,0.299844,0.082872,,1313500,,
0,2,,0.248784,0.078744,0.556116,0.116356,,1182700,,
0,0,,0.3702,0.189084,0.293352,0.147363,,1200400,,
0,2,,0.270838,0.098517,0.524606,0.10604,,1305900,,
0,2,,0.234513,0.082901,0.563834,0.118751,,1204300,,
0,2,,0.281651,0.053087,0.479879,0.185384,,1351800,,
0,2,,0.281954,0.118113,0.496288,0.103645,,1195000,,
0,0,,0.388893,0.182423,0.298014,0.13067,,1221700,,
0,0,,0.380594,0.212316,0.259985,0.147105,,1246200,,
0,0,,0.405521,0.18185,0.22122,0.191408,,1235900,,
0,0,,0.385635,0.214613,0.284188,0.115564,,1193900,,
0,2,,0.276509,0.104747,0.525923,0.092821,,1200400,,
0,0,,0.409366,0.161192,0.278138,0.151304,,1349200,,
0,0,,0.3756,0.250243,0.298733,0.075423,,1187700,,
0,0,,0.394324,0.154499,0.259615,0.191562,,1203700,,
0,2,,0.264886,0.108768,0.533031,0.093314,,1214200,,
0,0,,0.448382,0.11504,0.251369,0.185209,,2291800,,
0,2,,0.357755,0.063533,0.378417,0.200296,,1316700,,
0,2,,0.262624,0.105307,0.549341,0.082728,,1188200,,
0,0,,0.381521,0.153927,0.241819,0.222732,,1191100,,
0,2,,0.270838,0.098517,0.524606,0.10604,,1188600,,
0,2,,0.334608,0.075578,0.359647,0.230166,,1196200,,
0,2,,0.224349,0.039673,0.591918,0.14406,,1192700,,
0,2,,0.281081,0.077921,0.497791,0.143208,,1352000,,
0,2,,0.276164,0.095463,0.467907,0.160466,,1194000,,
0,0,,0.475859,0.101709,0.273166,0.149265,,1190100,,
0,0,,0.402151,0.185821,0.229513,0.182515,,1195900,,
0,2,,0.252573,0.100184,0.550327,0.096916,,1193800,,
0,0,,0.36771,0.131189,0.321773,0.179328,,1395100,,
0,0,,0.475859,0.101709,0.273166,0.149265,,1288400,,
0,2,,0.319405,0.072611,0.445435,0.162549,,1195100,,
0,2,,0.288815,0.118753,0.47731,0.115122,,1190100,,
0,0,,0.377893,0.218137,0.226303,0.177667,,1182000,,
0,0,,0.481714,0.140688,0.259365,0.118232,,1183000,,
0,0,,0.433358,0.211557,0.226317,0.128768,,1272100,,
0,2,,0.276711,0.072038,0.527492,0.123759,,1191500,,
0,2,,0.261552,0.101421,0.542958,0.094069,,1175000,,
0,0,,0.392646,0.192008,0.218863,0.196482,,1181400,,
0,0,,0.365135,0.20803,0.3077,0.119135,,1190300,,
0,2,,0.293531,0.107332,0.488255,0.110882,,1284000,,
0,2,,0.224189,0.060394,0.629319,0.086098,,1203800,,
0,2,,0.26352,0.102106,0.538351,0.096024,,1190400,,
0,0,,0.409157,0.220382,0.256721,0.113739,,1202600,,
0,2,,0.255628,0.059234,0.523706,0.161433,,1186100,,
0,0,,0.36771,0.131189,0.321773,0.179328,,1203100,,
0,0,,0.40692,0.207722,0.234597,0.150761,,1270100,,
0,2,,0.288188,0.122761,0.512366,0.076685,,1171600,,
0,0,,0.478011,0.119381,0.247828,0.15478,,1186700,,
0,0,,0.436237,0.117222,0.273333,0.173209,,1186300,,
0,0,,0.453305,0.161146,0.230769,0.15478,,1172300,,
0,0,,0.352013,0.117406,0.341103,0.189477,,1257200,,
0,0,,0.356093,0.204343,0.327266,0.112298,,1192000,,
0,2,,0.276565,0.089032,0.475101,0.159301,,1206700,,
0,2,,0.240165,0.034677,0.530638,0.19452,,1294100,,
0,2,,0.25957,0.10938,0.53567,0.09538,,1616500,,
0,0,,0.434869,0.141136,0.282297,0.141698,,1213500,,
0,0,,0.432202,0.160796,0.250404,0.156598,,1487700,,
0,0,,0.416603,0.234198,0.239369,0.10983,,1195500,,
0,0,,0.398967,0.154587,0.263263,0.183183,,1187700,,
0,2,,0.289761,0.087456,0.489371,0.133413,,1214900,,
0,2,,0.237838,0.089149,0.565613,0.107399,,1195600,,
0,2,,0.273626,0.049264,0.475462,0.201648,,1194300,,
0,0,,0.436237,0.137222,0.253333,0.173209,,1275400,,
0,0,,0.432894,0.146522,0.254141,0.166443,,1189000,,
0,2,,0.31867,0.052206,0.427391,0.201733,,1204100,,
0,0,,0.429219,0.193839,0.259542,0.1174,,1241500,,
0,0,,0.416804,0.134499,0.222905,0.225792,,1192400,,
0,0,,0.402101,0.1498,0.209287,0.238813,,1279800,,
0,0,,0.422316,0.098903,0.27819,0.200591,,1236100,,
0,0,,0.391562,0.258969,0.233149,0.11632,,1210000,,
0,2,,0.263959,0.08495,0.543727,0.107364,,1206600,,
0,0,,0.437589,0.056508,0.330514,0.175389,,1202400,,
0,0,,0.411675,0.117197,0.248352,0.222777,,1204500,,
0,0,,0.368409,0.198942,0.320203,0.112446,,1284700,,
0,2,,0.244693,0.105263,0.5584,0.091644,,1191200,,
0,0,,0.379516,0.131476,0.363967,0.125041,,1190000,,
0,2,,0.318756,0.179345,0.385042,0.116857,,1219900,,
0,0,,0.367111,0.174306,0.343093,0.115491,,1216800,,
0,2,,0.359406,0.068762,0.384871,0.186961,,1287300,,
0,2,,0.289496,0.054131,0.470604,0.185769,,1428900,,
0,2,,0.235753,0.042896,0.583776,0.137576,,1211100,,
0,0,,0.398473,0.143891,0.3056,0.152036,,1204300,,
0,2,,0.289073,0.051744,0.531604,0.127579,,1181400,,
0,0,,0.383358,0.1896,0.29556,0.131482,,1186100,,
0,0,,0.389868,0.144432,0.275137,0.190563,,1350900,,
0,0,,0.35983,0.20774,0.321881,0.11055,,1216700,,
0,2,,0.286992,0.098866,0.508102,0.10604,,1194000,,
0,2,,0.229191,0.083728,0.593748,0.093333,,1188200,,
0,2,,0.313554,0.125587,0.455325,0.105535,,1186000,,
0,2,,0.242012,0.081603,0.575213,0.101172,,1188600,,
0,2,,0.324507,0.084339,0.360988,0.230166,,1385700,,
0,0,,0.473909,0.161917,0.243589,0.120585,,1270800,,
0,2,,0.28429,0.064127,0.517351,0.134232,,1202000,,
0,2,,0.313629,0.090569,0.443463,0.152339,,1206500,,
0,0,,0.423977,0.198274,0.260368,0.117381,,1206700,,
0,2,,0.342501,0.217644,0.367104,0.072751,,1447500,,
0,0,,0.401736,0.236556,0.249826,0.111881,,1225100,,
0,0,,0.355812,0.213197,0.309868,0.121123,,1213600,,
0,0,,0.386694,0.225388,0.213314,0.174604,,1192600,,
0,0,,0.414296,0.103951,0.246859,0.234894,,1197800,,
0,0,,0.367702,0.173726,0.280255,0.178318,,1293500,,
0,2,,0.262799,0.094861,0.53738,0.104959,,1213700,,
0,2,,0.283546,0.105874,0.470076,0.140504,,1240100,,
0,0,,0.404924,0.18185,0.216743,0.196482,,1278100,,
0,0,,0.385413,0.220281,0.219276,0.17503,,1270800,,
0,2,,0.263859,0.052259,0.558526,0.125356,,1296000,,
0,2,,0.264424,0.051951,0.520275,0.163349,,1203400,,
0,2,,0.259935,0.090895,0.539646,0.109525,,1280400,,
0,2,,0.291939,0.09618,0.48409,0.127792,,1186100,,
0,2,,0.226096,0.075381,0.542472,0.156051,,1203300,,
0,2,,0.331949,0.069262,0.409007,0.189783,,1210600,,
0,0,,0.39667,0.239478,0.197503,0.166348,,1194300,,
0,2,,0.289496,0.054131,0.470604,0.185769,,1188000,,
0,2,,0.256543,0.03967,0.525352,0.178434,,1192400,,
0,2,,0.339084,0.203197,0.374243,0.083476,,1265400,,
0,2,,0.296403,0.128175,0.479616,0.095806,,1184100,,
0,2,,0.224189,0.060394,0.629319,0.086098,,1187800,,
0,2,,0.274139,0.103279,0.524935,0.097648,,1242200,,
0,0,,0.400764,0.09981,0.286725,0.212702,,1190900,,
0,2,,0.337832,0.073623,0.397278,0.191267,,1189100,,
0,0,,0.377289,0.154861,0.266913,0.200937,,1364100,,
0,0,,0.334174,0.193846,0.312247,0.159733,,1209300,,
0,0,,0.404868,0.183623,0.238519,0.172989,,1194800,,
0,2,,0.308772,0.167424,0.41956,0.104244,,1201300,,
0,2,,0.251474,0.094867,0.537838,0.115821,,1194400,,
0,2,,0.232656,0.062145,0.609319,0.095879,,1323800,,
0,2,,0.305164,0.121452,0.471595,0.101789,,1190500,,
0,2,,0.238006,0.083728,0.56927,0.108996,,1182900,,
0,0,,0.368278,0.149075,0.263834,0.218813,,1216000,,
0,2,,0.257495,0.068904,0.510354,0.163247,,1221700,,
0,2,,0.224189,0.060394,0.629319,0.086098,,1211200,,
0,2,,0.274445,0.071744,0.517396,0.136415,,1266600,,
0,2,,0.289496,0.054131,0.470604,0.185769,,1202300,,
0,2,,0.27533,0.073565,0.527419,0.123686,,1213300,,
0,0,,0.377404,0.216757,0.240773,0.165067,,1199500,,
0,2,,0.286288,0.076702,0.513052,0.123958,,1196400,,
0,0,,0.366385,0.134567,0.311494,0.187554,,1218400,,
0,2,,0.284886,0.108768,0.513031,0.093314,,1253900,,
0,0,,0.425124,0.136264,0.271992,0.16662,,1199300,,
0,2,,0.215753,0.035012,0.605175,0.14406,,1194700,,
0,2,,0.225043,0.059452,0.593168,0.122337,,1194800,,
0,0,,0.378085,0.112619,0.266592,0.242705,,1198500,,
0,2,,0.344993,0.186848,0.347342,0.120817,,1367800,,
0,2,,0.331911,0.090739,0.450569,0.126782,,1251100,,
0,0,,0.442252,0.151531,0.251656,0.154561,,1196700,,
0,0,,0.415507,0.170959,0.268579,0.144955,,1199900,,
0,0,,0.370181,0.22128,0.231444,0.177096,,1189300,,
0,0,,0.441697,0.053503,0.31919,0.18561,,1195300,,
0,0,,0.411346,0.14052,0.2736,0.174533,,1264700,,
0,0,,0.428382,0.13504,0.251369,0.185209,,1187100,,
0,2,,0.269073,0.071744,0.531604,0.127579,,1190200,,
1,2,,0.322219,0.225506,0.369597,0.082678,,1216800,,
1,2,,0.310826,0.142502,0.470055,0.076617,,1193300,,
1,2,,0.334373,0.208601,0.364205,0.092822,,1306700,,
1,2,,0.340814,0.215552,0.389828,0.053806,,1197100,,
1,0,,0.362874,0.252097,0.238086,0.146942,,1186200,,
1,0,,0.390634,0.193924,0.231979,0.183463,,1257600,,
1,2,,0.320914,0.155735,0.434763,0.088588,,1184700,,
1,2,,0.324539,0.148907,0.443,0.083554,,1176300,,
1,0,,0.389594,0.254531,0.239299,0.116575,,1281300,,
1,0,,0.378658,0.293484,0.235641,0.092217,,1215100,,
1,0,,0.383863,0.236549,0.299535,0.080052,,1202000,,
1,2,,0.299664,0.181189,0.42693,0.092217,,1211200,,
1,0,,0.379653,0.196962,0.285043,0.138342,,1192700,,
1,2,,0.320561,0.144069,0.44605,0.08932,,1259000,,
1,2,,0.311464,0.186613,0.428385,0.073538,,1187500,,
1,2,,0.301951,0.129388,0.474551,0.094111,,1214800,,
1,2,,0.320914,0.155735,0.434763,0.088588,,1194400,,
1,0,,0.423977,0.198274,0.260368,0.117381,,1206500,,
1,2,,0.29115,0.126309,0.522564,0.059977,,1220500,,
1,2,,0.311464,0.186613,0.428385,0.073538,,1268900,,
1,0,,0.344813,0.196448,0.339645,0.119094,,1193100,,
1,2,,0.291525,0.128312,0.489146,0.091016,,1190700,,
1,2,,0.324869,0.166607,0.430825,0.077699,,1333400,,
1,0,,0.334852,0.18617,0.332035,0.146942,,1187600,,
1,0,,0.385579,0.200991,0.277665,0.135765,,1180700,,
1,2,,0.30749,0.138534,0.4748,0.079176,,1758400,,
1,2,,0.29951,0.127197,0.50152,0.071773,,1254000,,
1,2,,0.328321,0.215656,0.384778,0.071245,,1236500,,
1,2,,0.338426,0.210128,0.388373,0.063073,,1192300,,
1,2,,0.318414,0.142439,0.44693,0.092217,,1468900,,
1,0,,0.39474,0.261089,0.211678,0.132493,,1659900,,
1,2,,0.334373,0.208601,0.364205,0.092822,,1209900,,
1,2,,0.287959,0.131733,0.49985,0.080458,,1263900,,
1,0,,0.418315,0.299581,0.190219,0.091885,,1224300,,
1,2,,0.309928,0.159621,0.450936,0.079515,,1218100,,
1,2,,0.295686,0.133364,0.523138,0.047812,,1219800,,
1,2,,0.322052,0.186613,0.408385,0.08295,,1535600,,
1,0,,0.378658,0.273484,0.255641,0.092217,,1445700,,
1,2,,0.32215,0.143482,0.441545,0.092822,,1452500,,
1,2,,0.283464,0.133364,0.517582,0.06559,,1437700,,
1,2,,0.309657,0.179725,0.431442,0.079176,,1596700,,
1,0,,0.378658,0.293484,0.235641,0.092217,,1217300,,
1,0,,0.385334,0.202348,0.210963,0.201355,,1206200,,
1,0,,0.419523,0.211751,0.255647,0.113079,,1215900,,
1,2,,0.320561,0.144069,0.44605,0.08932,,1192200,,
1,0,,0.403075,0.274879,0.230161,0.091885,,1194700,,
1,2,,0.335221,0.183748,0.411286,0.069745,,1846500,,
1,2,,0.3034,0.182232,0.421545,0.092822,,2519600,,
1,2,,0.32704,0.162203,0.430832,0.079925,,1606600,,
1,2,,0.312562,0.135253,0.488492,0.063694,,1199600,,
1,2,,0.320914,0.155735,0.434763,0.088588,,1197200,,
1,2,,0.336762,0.214025,0.365659,0.083554,,1355500,,
1,0,,0.406372,0.190589,0.200885,0.202154,,1195300,,
1,0,,0.378805,0.27282,0.228065,0.12031,,1197000,,
1,2,,0.340245,0.159725,0.411442,0.088588,,1207000,,
1,2,,0.263348,0.109116,0.524855,0.102681,,1201100,,
1,0,,0.383746,0.196737,0.281174,0.138342,,1195600,,
1,0,,0.350636,0.247557,0.30959,0.092217,,1240600,,
1,0,,0.403639,0.245474,0.212421,0.138465,,1183400,,
1,0,,0.399024,0.225358,0.273256,0.102362,,1196500,,
1,2,,0.263464,0.133364,0.537582,0.06559,,1218900,,
1,2,,0.340914,0.158088,0.414763,0.086235,,1190100,,
1,2,,0.258928,0.126309,0.537008,0.077755,,1361300,,
1,2,,0.275878,0.1084,0.508284,0.107439,,1208000,,
1,2,,0.308407,0.140975,0.471442,0.079176,,1227400,,
1,2,,0.322219,0.205506,0.389597,0.082678,,1194900,,
1,2,,0.324869,0.166607,0.430825,0.077699,,1194200,,
1,2,,0.334373,0.208601,0.364205,0.092822,,1183500,,
1,0,,0.376577,0.26767,0.230668,0.125086,,1357800,,
1,0,,0.434062,0.204019,0.259557,0.102362,,1208800,,
1,2,,0.329928,0.159621,0.430936,0.079515,,1206200,,
1,0,,0.345108,0.222511,0.332494,0.099888,,1235100,,
1,2,,0.281075,0.127939,0.516128,0.074858,,1192500,,
1,0,,0.411674,0.198594,0.278102,0.11163,,1215800,,
1,0,,0.422422,0.277743,0.190428,0.109406,,1790600,,
1,2,,0.322436,0.212981,0.391044,0.073538,,1276700,,
1,2,,0.320914,0.155735,0.434763,0.088588,,1211000,,
1,2,,0.320802,0.147863,0.448385,0.08295,,1186200,,
1,2,,0.32215,0.143482,0.441545,0.092822,,1212900,,
1,2,,0.334373,0.208601,0.364205,0.092822,,1286500,,
1,0,,0.379219,0.19383,0.236257,0.190694,,1188100,,
1,0,,0.410656,0.188765,0.249212,0.151366,,1191400,,
1,0,,0.385579,0.200991,0.277665,0.135765,,1193800,,
1,0,,0.380703,0.305006,0.231673,0.082618,,1191300,,
1,0,,0.434062,0.204019,0.259557,0.102362,,1405800,,
1,2,,0.263348,0.109116,0.524855,0.102681,,1542500,,
1,2,,0.340814,0.215552,0.389828,0.053806,,1439300,,
1,0,,0.391562,0.278969,0.213149,0.11632,,1437600,,
1,0,,0.35968,0.260617,0.291517,0.088186,,1495000,,
1,2,,0.305789,0.187657,0.423,0.083554,,1576300,,
1,0,,0.366615,0.257392,0.223058,0.152934,,1449600,,
1,2,,0.334373,0.208601,0.364205,0.092822,,1439000,,
1,0,,0.378658,0.293484,0.235641,0.092217,,1456900,,
1,0,,0.399653,0.196962,0.265043,0.138342,,1445000,,
1,2,,0.332413,0.236695,0.35981,0.071081,,1537400,,
1,0,,0.419024,0.209475,0.269138,0.102362,,1440500,,
1,2,,0.27951,0.127197,0.52152,0.071773,,1434400,,
1,0,,0.417222,0.289478,0.193577,0.099724,,1450200,,
1,0,,0.396611,0.303966,0.216641,0.082782,,1513800,,
1,0,,0.361908,0.265767,0.288915,0.08341,,1580600,,
1,2,,0.334373,0.208601,0.364205,0.092822,,1441600,,
1,2,,0.325864,0.184347,0.430218,0.059571,,1446900,,
1,2,,0.318995,0.140975,0.451442,0.088588,,1435900,,
1,2,,0.281075,0.130292,0.516128,0.072505,,1439400,,
1,2,,0.334373,0.208601,0.364205,0.092822,,1492000,,
1,2,,0.27951,0.127197,0.52152,0.071773,,1446300,,
1,2,,0.320914,0.155735,0.434763,0.088588,,1437600,,
1,0,,0.419024,0.209475,0.269138,0.102362,,1252800,,
1,2,,0.334373,0.208601,0.364205,0.092822,,1260900,,
1,0,,0.382649,0.278751,0.230261,0.108339,,1306100,,
1,0,,0.365828,0.261859,0.253219,0.119094,,1207600,,
1,2,,0.263348,0.109116,0.524855,0.102681,,1205300,,
1,2,,0.334373,0.188601,0.384205,0.092822,,1213300,,
1,2,,0.291525,0.128312,0.489146,0.091016,,1195000,,
1,0,,0.35968,0.260617,0.291517,0.088186,,1226700,,
1,2,,0.314373,0.208601,0.384205,0.092822,,1341600,,
1,2,,0.312812,0.162232,0.441545,0.08341,,1217400,,
1,2,,0.283348,0.109116,0.504855,0.102681,,1202900,,
1,2,,0.334373,0.208601,0.364205,0.092822,,1208700,,
1,0,,0.394187,0.273663,0.21278,0.119369,,1218500,,
1,0,,0.376577,0.26767,0.230668,0.125086,,1204600,,
1,2,,0.331952,0.132147,0.454503,0.081398,,1397700,,
1,0,,0.354753,0.189265,0.260548,0.195434,,1218900,,
1,2,,0.316762,0.214025,0.385659,0.083554,,1216600,,
1,2,,0.332145,0.203451,0.366807,0.097598,,1245500,,
1,0,,0.382874,0.252097,0.218086,0.146942,,1213200,,
1,2,,0.334373,0.208601,0.364205,0.092822,,1202200,,
1,0,,0.383746,0.196737,0.281174,0.138342,,1272100,,
1,0,,0.414187,0.256016,0.21278,0.117017,,1199400,,
1,2,,0.313642,0.204347,0.424663,0.057349,,1226400,,
1,0,,0.419024,0.209475,0.269138,0.102362,,1221300,,
1,2,,0.324813,0.196448,0.339645,0.139094,,1204200,,
1,0,,0.378983,0.273839,0.255129,0.092049,,1289800,,
1,0,,0.414223,0.278542,0.215187,0.092049,,1242500,,
1,2,,0.27951,0.127197,0.52152,0.071773,,1203900,,
1,2,,0.334373,0.208601,0.364205,0.092822,,1224900,,
1,0,,0.398276,0.294637,0.219529,0.087557,,1214600,,
1,2,,0.334373,0.208601,0.364205,0.092822,,1209600,,
1,2,,0.268684,0.120298,0.57043,0.040589,,1348100,,
1,2,,0.352076,0.161252,0.410055,0.076617,,1201100,,
1,2,,0.320802,0.147863,0.448385,0.08295,,1210300,,
1,0,,0.424774,0.205782,0.256365,0.113079,,1233200,,
1,2,,0.287556,0.134403,0.512614,0.065426,,1211600,,
1,2,,0.334373,0.208601,0.364205,0.092822,,1289300,,
1,2,,0.338426,0.210128,0.388373,0.063073,,1205200,,
1,0,,0.364784,0.279952,0.27171,0.083554,,1211800,,
1,2,,0.338426,0.210128,0.388373,0.063073,,1402900,,
1,0,,0.404597,0.300827,0.211959,0.082618,,1225500,,
1,0,,0.382108,0.203122,0.236048,0.178723,,1214500,,
1,2,,0.314373,0.188601,0.404205,0.092822,,1311700,,
1,2,,0.322219,0.205506,0.389597,0.082678,,1203900,,
1,2,,0.326173,0.234025,0.365659,0.074143,,1205500,,
1,0,,0.376577,0.26767,0.230668,0.125086,,1224600,,
1,2,,0.340245,0.159725,0.411442,0.088588,,1237700,,
1,0,,0.400703,0.305006,0.211673,0.082618,,1230400,,
1,2,,0.277362,0.123214,0.522401,0.077023,,1212800,,
1,2,,0.265181,0.113369,0.521346,0.100103,,1284900,,
1,2,,0.287556,0.134403,0.512614,0.065426,,1189300,,
1,2,,0.334373,0.208601,0.364205,0.092822,,1193200,,
1,2,,0.299664,0.181189,0.42693,0.092217,,1289600,,
1,0,,0.422442,0.186745,0.277734,0.113079,,1191500,,
1,2,,0.310796,0.166399,0.452896,0.069909,,1186800,,
1,2,,0.320914,0.155735,0.434763,0.088588,,1447000,,
1,2,,0.311525,0.125959,0.469146,0.093369,,1434300,,
1,2,,0.334373,0.208601,0.364205,0.092822,,1429100,,
1,2,,0.340814,0.215552,0.389828,0.053806,,1467000,,
2,2,,0.23559,0.107746,0.610958,0.045706,,1427500,,
2,2,,0.18568,0.047337,0.624246,0.142736,,1552400,,
2,2,,0.246105,0.127776,0.603216,0.022904,,1442900,,
2,2,,0.208108,0.041932,0.608837,0.141123,,1599800,,
2,2,,0.33184,0.123401,0.354206,0.190553,,1439700,,
2,2,,0.213404,0.059331,0.636128,0.091137,,1432500,,
2,2,,0.220055,0.061083,0.602982,0.115879,,1618700,,
2,2,,0.174281,0.034823,0.665883,0.125013,,1200500,,
2,2,,0.234331,0.093182,0.61587,0.056617,,1196500,,
2,2,,0.218027,0.121034,0.611758,0.04918,,1251600,,
2,2,,0.194095,0.036121,0.600223,0.169561,,1201500,,
2,2,,0.211304,0.036496,0.599977,0.152223,,1291900,,
2,2,,0.196785,0.035113,0.621906,0.146196,,1195800,,
2,2,,0.246244,0.053604,0.623177,0.076975,,1194800,,
2,2,,0.248486,0.04734,0.51739,0.186784,,1203900,,
2,2,,0.245545,0.105322,0.608139,0.040994,,1205300,,
2,2,,0.250119,0.095658,0.609983,0.044241,,1206100,,
2,2,,0.179584,0.05092,0.69788,0.071616,,1267000,,
2,2,,0.240416,0.128812,0.593213,0.03756,,1205100,,
2,2,,0.2625,0.089866,0.599815,0.047819,,1214500,,
2,2,,0.249038,0.117956,0.59716,0.035845,,1212300,,
2,2,,0.27599,0.128971,0.569875,0.025164,,1224800,,
2,2,,0.224632,0.043668,0.618421,0.113278,,1191600,,
2,2,,0.228582,0.080173,0.62238,0.068866,,1280100,,
2,0,,0.363629,0.232717,0.308876,0.094778,,1189700,,
2,2,,0.327431,0.088999,0.362713,0.220857,,1198700,,
2,2,,0.220031,0.046451,0.616273,0.117244,,1218700,,
2,2,,0.226502,0.122502,0.60683,0.044166,,1189800,,
2,2,,0.18193,0.08977,0.689206,0.039094,,1182200,,
2,2,,0.252125,0.08112,0.595771,0.070985,,1325600,,
2,2,,0.202395,0.025365,0.652895,0.119345,,1190500,,
2,2,,0.276729,0.048333,0.55413,0.120808,,1186300,,
2,2,,0.244339,0.045368,0.588597,0.121696,,1176700,,
2,2,,0.185255,0.032729,0.672553,0.109463,,1181600,,
2,2,,0.280082,0.130011,0.564908,0.025,,1207800,,
2,2,,0.215616,0.044226,0.615551,0.124607,,1191800,,
2,2,,0.208381,0.060931,0.691545,0.039143,,1283200,,
2,2,,0.226638,0.121459,0.610974,0.04093,,1192300,,
2,2,,0.224349,0.039673,0.591918,0.14406,,1188300,,
2,2,,0.249187,0.037404,0.541868,0.171542,,1183500,,
2,2,,0.214444,0.093542,0.627942,0.064071,,1199700,,
2,2,,0.18193,0.08977,0.689206,0.039094,,1263700,,
2,2,,0.239254,0.068858,0.580698,0.111189,,1288300,,
2,2,,0.243104,0.107678,0.607619,0.041599,,1204400,,
2,2,,0.184425,0.021556,0.695204,0.098814,,1233600,,
2,2,,0.180997,0.034823,0.647124,0.137057,,1184100,,
2,2,,0.192216,0.088392,0.650545,0.068847,,1227400,,
2,2,,0.17854,0.032729,0.691312,0.097419,,1185000,,
2,2,,0.285658,0.112596,0.536993,0.064753,,1308200,,
2,2,,0.227937,0.113396,0.622462,0.036204,,1185100,,
2,2,,0.243622,0.060717,0.566411,0.12925,,1179500,,
2,2,,0.180997,0.034823,0.647124,0.137057,,1232800,,
2,2,,0.27599,0.128971,0.569875,0.025164,,1218800,,
2,2,,0.193954,0.060354,0.64114,0.104552,,1193500,,
2,2,,0.332574,0.049569,0.364487,0.25337,,1427900,,
2,2,,0.186421,0.093409,0.685858,0.034313,,1191700,,
2,2,,0.292988,0.121511,0.520735,0.064767,,1186500,,
2,2,,0.228956,0.045074,0.591361,0.134609,,1512100,,
2,2,,0.170052,0.054481,0.691334,0.084133,,2057400,,
2,2,,0.212867,0.118786,0.626285,0.042061,,1220500,,
2,2,,0.218245,0.044054,0.571714,0.165987,,1272100,,
2,2,,0.196087,0.039344,0.612081,0.152489,,1201000,,
2,2,,0.267121,0.049992,0.555682,0.127205,,1202700,,
2,2,,0.20789,0.095894,0.647935,0.04828,,1185500,,
2,2,,0.196529,0.037577,0.649541,0.116353,,1189000,,
2,2,,0.19007,0.035113,0.640666,0.134152,,1613500,,
2,2,,0.252574,0.070065,0.597145,0.080216,,1278800,,
2,2,,0.253198,0.048224,0.570457,0.128121,,1212900,,
2,2,,0.188398,0.042498,0.682253,0.08685,,1220200,,
2,2,,0.225408,0.060394,0.637987,0.076211,,1216100,,
2,2,,0.213353,0.121459,0.612215,0.052974,,1252800,,
2,2,,0.259372,0.046471,0.565568,0.12859,,1211900,,
2,2,,0.203338,0.054384,0.617671,0.124607,,1320500,,
2,2,,0.231009,0.06697,0.622537,0.079485,,1204200,,
2,2,,0.253198,0.048224,0.570457,0.128121,,1206400,,
2,2,,0.230896,0.062953,0.593812,0.112339,,1243300,,
2,2,,0.261676,0.105542,0.570244,0.062538,,1213200,,
2,2,,0.27599,0.128971,0.569875,0.025164,,1207400,,
2,2,,0.33184,0.123401,0.354206,0.190553,,1287100,,
2,2,,0.239844,0.11246,0.592207,0.055489,,1247500,,
2,2,,0.177545,0.069922,0.690523,0.06201,,1191600,,
2,0,,0.414299,0.269092,0.266433,0.050177,,1271400,,
2,2,,0.27599,0.128971,0.569875,0.025164,,1218800,,
2,2,,0.235501,0.125442,0.591334,0.047723,,1209700,,
2,2,,0.254758,0.072131,0.614097,0.059014,,1280000,,
2,2,,0.243357,0.042823,0.581319,0.132501,,1212100,,
2,2,,0.184847,0.09184,0.664575,0.058737,,1200300,,
2,2,,0.230263,0.092952,0.609519,0.067266,,1201400,,
2,2,,0.219786,0.122502,0.605589,0.052123,,1198400,,
2,2,,0.243153,0.109055,0.577401,0.070391,,1193200,,
2,2,,0.222077,0.049246,0.599426,0.12925,,1335000,,
2,2,,0.191488,0.036121,0.635093,0.137298,,1248300,,
2,2,,0.183725,0.031492,0.670727,0.114056,,1203700,,
2,2,,0.176835,0.069233,0.64458,0.109353,,1195500,,
2,2,,0.222304,0.043322,0.624506,0.109867,,1207500,,
2,2,,0.229845,0.060634,0.632039,0.077482,,1272600,,
2,2,,0.23131,0.119313,0.626503,0.022874,,1197200,,
2,0,,0.398352,0.160265,0.362341,0.079042,,1197900,,
2,2,,0.281446,0.055567,0.549934,0.113053,,1227200,,
2,2,,0.201426,0.026409,0.626921,0.145244,,1214700,,
2,2,,0.216657,0.044462,0.583369,0.155512,,1196500,,
2,2,,0.249038,0.117956,0.59716,0.035845,,1272500,,
2,2,,0.273601,0.123546,0.568421,0.034431,,1200300,,
2,2,,0.203935,0.054384,0.642149,0.099533,,1318200,,
2,2,,0.260082,0.130011,0.584908,0.025,,1199300,,
2,2,,0.192506,0.039859,0.624558,0.143077,,1200500,,
2,2,,0.218324,0.100692,0.62545,0.055534,,1287200,,
2,2,,0.274445,0.071744,0.517396,0.136415,,1238700,,
2,2,,0.215616,0.044226,0.615551,0.124607,,1198300,,
2,2,,0.226638,0.121459,0.610974,0.04093,,1206300,,
2,2,,0.198204,0.036121,0.616333,0.149342,,1198900,,
2,0,,0.386591,0.249744,0.305748,0.057917,,1290400,,
2,0,,0.412333,0.173362,0.347104,0.0672,,1199400,,
2,2,,0.280252,0.115942,0.559993,0.043812,,1214000,,
2,2,,0.257889,0.128514,0.572788,0.040809,,1210000,,
2,2,,0.233129,0.11246,0.610966,0.043445,,1207000,,
2,2,,0.261778,0.110955,0.585668,0.041599,,1295700,,
2,2,,0.196065,0.038647,0.644213,0.121075,,1864100,,
2,2,,0.238833,0.039673,0.568728,0.152767,,1476600,,
2,2,,0.261,0.051028,0.540598,0.147374,,1458100,,
2,2,,0.232637,0.124121,0.625082,0.01816,,1447600,,
2,2,,0.185255,0.032729,0.672553,0.109463,,1597300,,
2,0,,0.388805,0.217462,0.318309,0.075423,,1591800,,
2,2,,0.241192,0.096175,0.596892,0.065741,,1436900,,
2,2,,0.253512,0.109505,0.583386,0.053596,,1436900,,
2,2,,0.233353,0.121459,0.592215,0.052974,,1506500,,
2,2,,0.236793,0.117719,0.621081,0.024408,,1474300,,
2,2,,0.232656,0.062145,0.609319,0.095879,,1642100,,
2,2,,0.192812,0.042449,0.599417,0.165322,,2460300,,
2,2,,0.229191,0.142831,0.612026,0.015952,,2506100,,
2,0,,0.363629,0.232717,0.308876,0.094778,,2167400,,
2,2,,0.297809,0.085007,0.539196,0.077988,,2189900,,
2,2,,0.182981,0.024021,0.649471,0.143527,,1194200,,
2,0,,0.363629,0.232717,0.308876,0.094778,,1185400,,
2,2,,0.226453,0.070767,0.573105,0.129674,,1277500,,
2,2,,0.201941,0.037165,0.590948,0.169946,,1217900,,
2,2,,0.189186,0.043747,0.626798,0.140269,,1204300,,
2,2,,0.222304,0.043322,0.624506,0.109867,,1194200,,
2,2,,0.230375,0.122502,0.605589,0.041534,,1193100,,
2,2,,0.181861,0.024904,0.647574,0.145661,,1191800,,
2,2,,0.244339,0.045368,0.588597,0.121696,,1308100,,
2,2,,0.198351,0.089195,0.678252,0.034203,,1214200,,
2,2,,0.218616,0.115448,0.644395,0.021541,,1206200,,
2,2,,0.245496,0.115753,0.601942,0.036809,,1296600,,
2,2,,0.220511,0.142517,0.617355,0.019618,,1192400,,
2,0,,0.358414,0.247473,0.303506,0.090607,,1198600,,
2,2,,0.180836,0.055544,0.684525,0.079095,,1495700,,
2,2,,0.184209,0.032729,0.6926,0.090463,,1234900,,
2,2,,0.281435,0.048333,0.554718,0.115514,,1509200,,
2,2,,0.235569,0.093242,0.595339,0.075851,,1216700,,
2,2,,0.327431,0.088999,0.362713,0.220857,,1212000,,
2,2,,0.231009,0.06697,0.622537,0.079485,,1197500,,
2,2,,0.363432,0.221961,0.365713,0.048894,,1285800,,
2,2,,0.23709,0.122502,0.58683,0.053578,,1177600,,
2,2,,0.327431,0.088999,0.362713,0.220857,,1202600,,
2,2,,0.197655,0.026241,0.615618,0.160487,,1196900,,
2,2,,0.18193,0.08977,0.689206,0.039094,,1183900,,
2,2,,0.228784,0.078744,0.576116,0.116356,,1191400,,
2,2,,0.213935,0.119994,0.616726,0.049344,,1336700,,
2,2,,0.216657,0.123748,0.627329,0.032267,,1189100,,
2,2,,0.33184,0.123401,0.354206,0.190553,,1195800,,
2,2,,0.227447,0.041392,0.645344,0.085817,,1360200,,
