pendigits,Tuned_CWT,test,4,NANOSECONDS,PREDICTIONS, Generated by ClassifierExperiments.java on 2022-05-16 02:15:57.    SYSTEMPROPERTIES:{user.name:matth,os.arch:amd64,os.name:Windows 10},ENDSYSTEMPROPERTIES
No parameter info
0.6696955929123126,1248364400,3381138500,-1,24121312,10,,-1,-1
0,0,,0.358848,0.027873,0.02214,0.010116,0.138137,0.093439,0.092517,0.04109,0.122994,0.092845,,1750300,,
0,0,,0.394432,0.012359,0.026031,0.021416,0.128668,0.089372,0.12285,0.036139,0.135913,0.032821,,1566200,,
0,0,,0.348068,0.036477,0.032533,0.001629,0.116391,0.11278,0.112111,0.038138,0.16134,0.040533,,1535100,,
0,0,,0.339006,0.033152,0.027536,0.001407,0.139003,0.108607,0.130428,0.036421,0.153246,0.031193,,1539900,,
0,0,,0.406936,0.01562,0.027413,0.001966,0.117475,0.122511,0.073789,0.039076,0.136422,0.058793,,1519900,,
0,0,,0.370671,0.030639,0.025632,0.010328,0.123194,0.098362,0.066621,0.042669,0.12858,0.103304,,1534500,,
0,0,,0.339006,0.013152,0.027536,0.001407,0.139003,0.108607,0.130428,0.036421,0.173246,0.031193,,1546400,,
0,0,,0.314664,0.016643,0.033846,0.001593,0.10412,0.114278,0.13161,0.03849,0.205581,0.039173,,1563600,,
0,0,,0.328068,0.016477,0.032533,0.001629,0.116391,0.11278,0.132111,0.038138,0.18134,0.040533,,1558400,,
0,0,,0.339006,0.013152,0.027536,0.001407,0.139003,0.108607,0.130428,0.036421,0.173246,0.031193,,1567700,,
0,0,,0.274807,0.016139,0.039702,0.000904,0.127778,0.115926,0.182539,0.043361,0.178584,0.020259,,1553900,,
0,8,,0.176454,0.0481,0.080654,0.008529,0.070843,0.1398,0.163966,0.052837,0.211364,0.047452,,1545700,,
0,0,,0.377659,0.031594,0.033379,0.009938,0.07878,0.092427,0.10394,0.042291,0.147157,0.082833,,1558500,,
0,0,,0.394432,0.012359,0.026031,0.001416,0.148668,0.089372,0.12285,0.036139,0.135913,0.032821,,1613600,,
0,0,,0.403493,0.015684,0.031028,0.001638,0.106056,0.093545,0.104532,0.037855,0.144008,0.06216,,1569100,,
0,0,,0.403493,0.015684,0.031028,0.001638,0.106056,0.093545,0.104532,0.037855,0.144008,0.06216,,1553500,,
0,0,,0.339006,0.033152,0.027536,0.001407,0.139003,0.108607,0.130428,0.036421,0.153246,0.031193,,1592200,,
0,0,,0.382001,0.028103,0.027069,0.009752,0.114055,0.086364,0.122759,0.040222,0.134821,0.054853,,1540400,,
0,0,,0.31003,0.068667,0.03209,0.083414,0.056397,0.097877,0.051753,0.057301,0.138412,0.104058,,1554000,,
0,0,,0.406936,0.01562,0.027413,0.001966,0.137475,0.102511,0.073789,0.039076,0.136422,0.058793,,1556500,,
0,0,,0.377267,0.030805,0.026946,0.010292,0.110531,0.100252,0.06612,0.043021,0.132821,0.101944,,1541600,,
0,0,,0.409697,0.015061,0.025908,0.001957,0.125143,0.10326,0.066211,0.038938,0.133913,0.079912,,1546600,,
0,0,,0.287852,0.01254,0.027545,0.00832,0.137394,0.129646,0.157188,0.036693,0.174186,0.028637,,1538700,,
0,0,,0.339006,0.013152,0.027536,0.021407,0.119003,0.108607,0.130428,0.036421,0.173246,0.031193,,1549300,,
0,0,,0.313782,0.013894,0.029307,0.001317,0.134902,0.130364,0.157328,0.036227,0.155354,0.027525,,1552000,,
0,0,,0.407256,0.016643,0.033846,0.021593,0.084469,0.09467,0.11161,0.03849,0.150766,0.040655,,1530900,,
0,0,,0.339006,0.033152,0.027536,0.001407,0.139003,0.108607,0.130428,0.036421,0.153246,0.031193,,1544300,,
0,0,,0.334664,0.036643,0.033846,0.001593,0.103728,0.11467,0.11161,0.03849,0.165581,0.059173,,1532100,,
0,0,,0.40034,0.015454,0.026099,0.002002,0.130138,0.100621,0.07429,0.038724,0.132181,0.080152,,1544800,,
0,0,,0.403493,0.015684,0.031028,0.021638,0.106056,0.093545,0.104532,0.037855,0.144008,0.04216,,1581200,,
0,0,,0.406936,0.01562,0.027413,0.001966,0.117475,0.102511,0.073789,0.039076,0.136422,0.078793,,1553100,,
0,0,,0.313649,0.095856,0.045643,0.062021,0.041294,0.103525,0.051311,0.069607,0.142438,0.074656,,1531400,,
0,0,,0.403493,0.015684,0.031028,0.001638,0.126056,0.093545,0.104532,0.037855,0.144008,0.04216,,1534900,,
0,0,,0.370671,0.030639,0.025632,0.010328,0.123194,0.098362,0.066621,0.042669,0.12858,0.103304,,1532800,,
0,0,,0.40034,0.015454,0.026099,0.002002,0.130138,0.100621,0.07429,0.038724,0.132181,0.080152,,1531500,,
0,0,,0.359006,0.013152,0.027536,0.001407,0.139003,0.088607,0.130428,0.036421,0.173246,0.031193,,1541700,,
0,0,,0.319006,0.013152,0.027536,0.001407,0.139395,0.128215,0.130428,0.036421,0.173246,0.031193,,1545200,,
0,0,,0.374675,0.052599,0.026242,0.040959,0.072197,0.093838,0.066374,0.047391,0.144669,0.081056,,1539900,,
0,0,,0.374675,0.052599,0.026242,0.040959,0.072197,0.093838,0.066374,0.047391,0.144669,0.081056,,1541000,,
0,0,,0.403493,0.015684,0.031028,0.001638,0.106056,0.093545,0.104532,0.037855,0.144008,0.06216,,1542700,,
0,0,,0.40034,0.015454,0.026099,0.002002,0.150138,0.100621,0.07429,0.038724,0.132181,0.060152,,1554000,,
0,0,,0.328068,0.016477,0.032533,0.001629,0.116783,0.132388,0.112111,0.038138,0.18134,0.040533,,1542200,,
0,0,,0.339006,0.013152,0.027536,0.001407,0.139003,0.108607,0.130428,0.036421,0.173246,0.031193,,1541700,,
0,0,,0.358848,0.027873,0.02214,0.010116,0.138137,0.093439,0.092517,0.04109,0.122994,0.092845,,1531800,,
0,0,,0.406936,0.01562,0.027413,0.001966,0.117475,0.102511,0.073789,0.039076,0.136422,0.078793,,1529400,,
0,0,,0.353782,0.013894,0.029307,0.001317,0.13451,0.110756,0.137328,0.036227,0.155354,0.027525,,1571600,,
0,0,,0.310294,0.035953,0.024377,0.021436,0.139591,0.098531,0.06057,0.040011,0.15795,0.111287,,1544400,,
0,0,,0.406936,0.01562,0.027413,0.001966,0.117475,0.102511,0.073789,0.039076,0.136422,0.078793,,1548600,,
0,0,,0.406936,0.01562,0.027413,0.001966,0.117475,0.102511,0.073789,0.039076,0.136422,0.078793,,1537800,,
0,0,,0.374506,0.031364,0.028451,0.010302,0.102862,0.099503,0.073699,0.043159,0.13533,0.100825,,1547300,,
0,0,,0.390671,0.030639,0.025632,0.010328,0.123194,0.098362,0.066621,0.042669,0.12858,0.083304,,1551700,,
0,0,,0.313782,0.013894,0.029307,0.001317,0.134902,0.130364,0.137328,0.036227,0.175354,0.027525,,1555800,,
0,0,,0.305864,0.10117,0.044388,0.073129,0.038432,0.103694,0.045261,0.066949,0.136993,0.084121,,1534900,,
0,0,,0.377267,0.030805,0.026946,0.010292,0.110531,0.100252,0.06612,0.043021,0.132821,0.101944,,1531900,,
0,0,,0.359006,0.013152,0.027536,0.021407,0.119003,0.088607,0.130428,0.036421,0.173246,0.031193,,1548900,,
0,0,,0.338041,0.054364,0.026242,0.054488,0.072197,0.095014,0.066374,0.047391,0.141892,0.103998,,1566400,,
0,0,,0.377267,0.030805,0.026946,0.010292,0.110531,0.100252,0.06612,0.043021,0.132821,0.101944,,1530700,,
0,0,,0.370671,0.030639,0.025632,0.010328,0.123194,0.098362,0.066621,0.042669,0.12858,0.103304,,1530400,,
0,0,,0.293782,0.013894,0.029307,0.001317,0.134902,0.130364,0.177328,0.036227,0.155354,0.027525,,1532200,,
0,0,,0.370671,0.030639,0.025632,0.010328,0.123194,0.098362,0.066621,0.042669,0.12858,0.103304,,1539100,,
0,0,,0.40034,0.015454,0.026099,0.002002,0.130138,0.120621,0.07429,0.038724,0.132181,0.060152,,1562400,,
0,0,,0.379006,0.013152,0.027536,0.001407,0.139003,0.088607,0.130428,0.036421,0.153246,0.031193,,1541500,,
0,0,,0.358848,0.027873,0.02214,0.010116,0.138137,0.093439,0.092517,0.04109,0.122994,0.092845,,1533700,,
0,0,,0.394432,0.012359,0.026031,0.001416,0.148668,0.089372,0.12285,0.036139,0.135913,0.032821,,1529900,,
0,0,,0.40034,0.015454,0.026099,0.002002,0.150138,0.100621,0.07429,0.038724,0.132181,0.060152,,1530100,,
0,0,,0.230034,0.020484,0.052977,0.000956,0.138185,0.110715,0.190424,0.043201,0.171679,0.041345,,1536900,,
0,0,,0.328068,0.016477,0.032533,0.001629,0.116783,0.132388,0.112111,0.038138,0.18134,0.040533,,1517000,,
0,0,,0.298968,0.018937,0.0439,0.001387,0.097782,0.136292,0.138369,0.043598,0.190168,0.0306,,1531700,,
0,0,,0.287021,0.018991,0.044571,0.001162,0.115371,0.13888,0.13258,0.044896,0.185623,0.030903,,1527100,,
0,0,,0.36791,0.031198,0.027137,0.010337,0.115525,0.097613,0.0742,0.042807,0.131089,0.102184,,1540500,,
0,0,,0.319006,0.013152,0.027536,0.001407,0.139395,0.128215,0.150428,0.036421,0.153246,0.031193,,1529000,,
0,0,,0.397267,0.030805,0.026946,0.010292,0.110531,0.100252,0.06612,0.043021,0.132821,0.081944,,1533300,,
0,0,,0.40034,0.015454,0.026099,0.002002,0.130138,0.100621,0.07429,0.038724,0.132181,0.080152,,1530500,,
0,0,,0.322844,0.017218,0.034304,0.001539,0.11229,0.134537,0.11901,0.037944,0.183448,0.036865,,1528400,,
0,0,,0.348068,0.016477,0.032533,0.001629,0.116391,0.11278,0.112111,0.038138,0.18134,0.040533,,1528200,,
0,0,,0.40034,0.015454,0.026099,0.002002,0.150138,0.100621,0.07429,0.038724,0.132181,0.060152,,1535200,,
0,0,,0.354675,0.052599,0.026242,0.040959,0.072197,0.093838,0.066374,0.047391,0.144669,0.101056,,1518800,,
0,0,,0.391278,0.012129,0.021102,0.02178,0.15275,0.096448,0.092608,0.037007,0.124086,0.050812,,1520000,,
0,0,,0.377267,0.030805,0.026946,0.010292,0.110531,0.100252,0.06612,0.043021,0.132821,0.101944,,1518300,,
0,0,,0.409697,0.015061,0.025908,0.001957,0.125143,0.10326,0.066211,0.038938,0.133913,0.079912,,1525900,,
0,0,,0.260435,0.035184,0.077898,0.011686,0.091219,0.094733,0.122732,0.051194,0.199502,0.055418,,1524900,,
0,0,,0.306576,0.028897,0.028574,0.029743,0.104783,0.105206,0.130338,0.040505,0.172154,0.053226,,1519400,,
0,0,,0.322844,0.017218,0.034304,0.001539,0.11229,0.134537,0.11901,0.037944,0.183448,0.036865,,1519200,,
0,0,,0.28331,0.015446,0.037589,0.001201,0.133057,0.130229,0.157188,0.041529,0.177832,0.02262,,1519500,,
0,0,,0.339006,0.013152,0.027536,0.021407,0.119395,0.108215,0.130428,0.036421,0.173246,0.031193,,1541500,,
0,0,,0.403102,0.014895,0.024594,0.001992,0.137806,0.10137,0.066712,0.038585,0.129672,0.081271,,1528500,,
0,0,,0.403493,0.015684,0.031028,0.021638,0.106056,0.093545,0.104532,0.037855,0.144008,0.04216,,1530200,,
0,0,,0.391278,0.012129,0.021102,0.00178,0.17275,0.096448,0.092608,0.037007,0.124086,0.050812,,1533000,,
0,0,,0.322844,0.017218,0.034304,0.001539,0.11229,0.134537,0.13901,0.037944,0.163448,0.036865,,1526400,,
0,0,,0.339006,0.013152,0.027536,0.001407,0.139003,0.108607,0.130428,0.036421,0.173246,0.031193,,1529600,,
0,0,,0.387978,0.04101,0.027169,0.011205,0.100566,0.098931,0.06612,0.043547,0.135602,0.087871,,1549900,,
0,0,,0.277959,0.015667,0.039575,0.00094,0.137983,0.134707,0.170897,0.043179,0.157529,0.021564,,1529600,,
0,0,,0.410089,0.01585,0.032342,0.021602,0.093393,0.095435,0.104031,0.038208,0.148249,0.040801,,1530700,,
0,8,,0.190018,0.039886,0.080934,0.019447,0.075403,0.110561,0.184885,0.05064,0.207692,0.040534,,1532500,,
0,0,,0.319006,0.013152,0.027536,0.001407,0.139003,0.108607,0.130428,0.036421,0.173246,0.051193,,1548300,,
0,0,,0.391599,0.013152,0.027536,0.001407,0.119744,0.088607,0.130428,0.036421,0.138431,0.052675,,1529300,,
0,0,,0.328068,0.016477,0.032533,0.001629,0.116783,0.132388,0.112111,0.038138,0.18134,0.040533,,1531200,,
0,2,,0.10679,0.165418,0.218053,0.022644,0.04014,0.049697,0.100265,0.084701,0.148371,0.06392,,1534600,,
0,0,,0.348068,0.016477,0.032533,0.001629,0.116391,0.11278,0.112111,0.038138,0.18134,0.040533,,1532500,,
0,0,,0.313129,0.016429,0.021918,0.016516,0.171808,0.09907,0.095255,0.035951,0.146329,0.083594,,1535600,,
0,0,,0.377267,0.050805,0.026946,0.010292,0.110531,0.100252,0.06612,0.043021,0.132821,0.081944,,1539100,,
0,0,,0.40034,0.015454,0.026099,0.002002,0.130138,0.100621,0.07429,0.038724,0.132181,0.080152,,1527800,,
0,0,,0.319006,0.013152,0.027536,0.001407,0.139395,0.128215,0.150428,0.036421,0.153246,0.031193,,1538900,,
0,0,,0.374506,0.031364,0.028451,0.010302,0.102862,0.099503,0.073699,0.043159,0.13533,0.100825,,1535100,,
0,0,,0.391599,0.013152,0.027536,0.001407,0.139744,0.088607,0.130428,0.036421,0.138431,0.032675,,1551100,,
0,0,,0.344991,0.070279,0.037981,0.043744,0.072051,0.094861,0.065748,0.056251,0.138831,0.075263,,1529500,,
0,0,,0.377267,0.030805,0.026946,0.010292,0.110531,0.100252,0.06612,0.043021,0.132821,0.101944,,1528200,,
0,0,,0.377267,0.030805,0.026946,0.010292,0.110531,0.100252,0.06612,0.043021,0.132821,0.101944,,1530600,,
0,0,,0.374664,0.016643,0.033846,0.001593,0.103728,0.09467,0.11161,0.03849,0.185581,0.039173,,1532200,,
0,0,,0.406936,0.01562,0.027413,0.001966,0.137475,0.102511,0.073789,0.039076,0.136422,0.058793,,1530300,,
0,0,,0.374506,0.031364,0.028451,0.010302,0.102862,0.099503,0.073699,0.043159,0.13533,0.100825,,1542900,,
0,0,,0.406936,0.01562,0.027413,0.001966,0.117475,0.102511,0.073789,0.039076,0.136422,0.078793,,1529200,,
0,6,,0.200852,0.023721,0.069549,0.001567,0.128141,0.090587,0.202307,0.043525,0.199745,0.040006,,1532400,,
0,0,,0.348068,0.016477,0.032533,0.001629,0.116391,0.11278,0.112111,0.038138,0.18134,0.040533,,1535300,,
0,0,,0.27169,0.016605,0.034314,0.008452,0.110288,0.115968,0.14577,0.038216,0.204388,0.054308,,1548500,,
0,0,,0.379006,0.013152,0.027536,0.021407,0.119003,0.088607,0.130428,0.036421,0.153246,0.031193,,1532300,,
0,0,,0.426936,0.01562,0.027413,0.001966,0.117475,0.102511,0.073789,0.039076,0.136422,0.058793,,1522800,,
0,0,,0.403493,0.015684,0.031028,0.001638,0.106056,0.093545,0.104532,0.037855,0.144008,0.06216,,1536300,,
0,0,,0.406936,0.01562,0.027413,0.001966,0.137475,0.102511,0.073789,0.039076,0.136422,0.058793,,1531400,,
0,0,,0.368068,0.016477,0.032533,0.001629,0.096391,0.09278,0.112111,0.038138,0.18134,0.060533,,1532800,,
0,0,,0.339006,0.013152,0.027536,0.001407,0.139003,0.108607,0.130428,0.036421,0.173246,0.031193,,1534700,,
0,0,,0.397267,0.050805,0.026946,0.010292,0.110531,0.100252,0.06612,0.043021,0.132821,0.061944,,1542100,,
0,0,,0.328068,0.016477,0.032533,0.001629,0.116783,0.132388,0.112111,0.038138,0.18134,0.040533,,1534900,,
0,0,,0.394432,0.012359,0.026031,0.021416,0.128668,0.089372,0.12285,0.036139,0.135913,0.032821,,1532600,,
0,0,,0.319006,0.013152,0.027536,0.001407,0.139395,0.128215,0.150428,0.036421,0.153246,0.031193,,1552100,,
0,0,,0.307852,0.03254,0.027545,0.00832,0.137001,0.110038,0.157188,0.036693,0.154186,0.028637,,1531600,,
0,0,,0.377267,0.030805,0.026946,0.010292,0.110531,0.100252,0.06612,0.043021,0.132821,0.101944,,1529800,,
0,0,,0.243869,0.019464,0.044699,0.001126,0.105166,0.1001,0.184221,0.045078,0.206679,0.049598,,1535000,,
0,0,,0.262628,0.013281,0.029317,0.00823,0.132508,0.112187,0.204088,0.036499,0.176294,0.024969,,1529600,,
0,0,,0.403493,0.015684,0.031028,0.001638,0.126056,0.093545,0.104532,0.037855,0.144008,0.04216,,1523300,,
0,0,,0.309799,0.066221,0.045143,0.068462,0.056325,0.101234,0.051664,0.066093,0.13683,0.098229,,1536100,,
0,0,,0.377267,0.030805,0.026946,0.010292,0.110531,0.100252,0.06612,0.043021,0.132821,0.101944,,1606100,,
0,0,,0.358471,0.031428,0.032066,0.029974,0.090703,0.090537,0.104442,0.041939,0.157731,0.062711,,1863000,,
0,0,,0.406936,0.01562,0.027413,0.001966,0.117475,0.102511,0.073789,0.039076,0.136422,0.078793,,1853300,,
0,0,,0.370671,0.030639,0.025632,0.010328,0.123194,0.098362,0.066621,0.042669,0.12858,0.103304,,1839900,,
0,0,,0.339006,0.013152,0.027536,0.001407,0.139003,0.108607,0.130428,0.036421,0.173246,0.031193,,1840400,,
0,0,,0.327398,0.07294,0.037807,0.04355,0.072014,0.113741,0.065673,0.057112,0.131863,0.077902,,1836900,,
0,0,,0.368068,0.016477,0.032533,0.001629,0.096391,0.11278,0.112111,0.038138,0.18134,0.040533,,1837200,,
0,0,,0.346664,0.086902,0.03209,0.069885,0.056397,0.096701,0.051753,0.057301,0.14119,0.061117,,1841500,,
0,0,,0.325864,0.018544,0.033463,0.034828,0.104318,0.086703,0.130387,0.044541,0.171876,0.049477,,1844100,,
0,0,,0.406936,0.01562,0.027413,0.001966,0.137475,0.102511,0.073789,0.039076,0.136422,0.058793,,1863400,,
0,0,,0.339006,0.013152,0.027536,0.001407,0.139003,0.108607,0.150428,0.036421,0.153246,0.031193,,1864700,,
0,0,,0.379006,0.013152,0.027536,0.001407,0.139003,0.088607,0.130428,0.036421,0.153246,0.031193,,1839900,,
0,0,,0.370671,0.030639,0.025632,0.010328,0.123194,0.098362,0.066621,0.042669,0.12858,0.103304,,1834600,,
0,0,,0.377659,0.031594,0.033379,0.009938,0.07878,0.092427,0.10394,0.042291,0.147157,0.082833,,1835800,,
0,0,,0.370671,0.030639,0.025632,0.010328,0.123194,0.098362,0.066621,0.042669,0.12858,0.103304,,1837600,,
0,0,,0.306664,0.086902,0.03209,0.069885,0.056397,0.096701,0.051753,0.057301,0.14119,0.101117,,1838100,,
0,0,,0.36791,0.031198,0.027137,0.010337,0.115525,0.097613,0.0742,0.042807,0.131089,0.102184,,1835000,,
0,0,,0.40066,0.016477,0.032533,0.001629,0.117132,0.09278,0.112111,0.038138,0.146525,0.042014,,2066300,,
0,0,,0.348068,0.016477,0.032533,0.001629,0.116783,0.112388,0.112111,0.038138,0.18134,0.040533,,1879400,,
0,0,,0.377267,0.030805,0.026946,0.010292,0.110531,0.100252,0.06612,0.043021,0.132821,0.101944,,1867100,,
0,8,,0.189173,0.049497,0.043259,0.021567,0.050522,0.118852,0.103898,0.050049,0.245006,0.128179,,1954000,,
0,0,,0.326576,0.028897,0.028574,0.029743,0.104391,0.085598,0.130338,0.040505,0.172154,0.053226,,1861100,,
0,0,,0.358848,0.027873,0.02214,0.010116,0.138137,0.093439,0.092517,0.04109,0.122994,0.092845,,1855300,,
0,0,,0.406936,0.01562,0.027413,0.001966,0.117475,0.102511,0.073789,0.039076,0.136422,0.078793,,1850600,,
0,0,,0.367995,0.061569,0.028673,0.011214,0.092897,0.098182,0.073699,0.043686,0.135333,0.086752,,1854500,,
0,0,,0.299006,0.013152,0.027536,0.001407,0.139395,0.128215,0.150428,0.036421,0.173246,0.031193,,1853100,,
0,0,,0.385067,0.031594,0.033379,0.009938,0.07804,0.092427,0.10394,0.042291,0.161972,0.061352,,1864700,,
0,0,,0.374506,0.031364,0.028451,0.010302,0.102862,0.099503,0.073699,0.043159,0.13533,0.100825,,1766100,,
0,0,,0.227769,0.024328,0.049827,0.014807,0.062704,0.118209,0.179042,0.052682,0.221675,0.048955,,1537700,,
0,8,,0.222332,0.031921,0.064495,0.018987,0.070596,0.12138,0.125564,0.051418,0.232594,0.060713,,1539700,,
0,0,,0.319006,0.013152,0.027536,0.001407,0.139395,0.128215,0.130428,0.036421,0.173246,0.031193,,1535300,,
0,0,,0.296914,0.015864,0.032542,0.008542,0.114389,0.114211,0.138871,0.03841,0.18228,0.057977,,1530100,,
0,0,,0.348068,0.016477,0.032533,0.001629,0.116391,0.11278,0.112111,0.038138,0.18134,0.040533,,1532700,,
0,0,,0.374664,0.016643,0.033846,0.021593,0.083728,0.09467,0.11161,0.03849,0.185581,0.039173,,1533300,,
0,0,,0.410089,0.01585,0.032342,0.001602,0.113393,0.095435,0.104031,0.038208,0.148249,0.040801,,1531600,,
0,0,,0.350901,0.015684,0.031028,0.001638,0.125315,0.113545,0.104532,0.037855,0.178823,0.040679,,1534300,,
0,0,,0.328068,0.016477,0.032533,0.001629,0.116783,0.132388,0.112111,0.038138,0.18134,0.040533,,1565800,,
0,0,,0.339006,0.013152,0.027536,0.001407,0.139003,0.108607,0.150428,0.036421,0.153246,0.031193,,1533700,,
0,0,,0.298968,0.018937,0.0439,0.001387,0.09739,0.116685,0.158369,0.043598,0.190168,0.0306,,1530600,,
0,0,,0.339006,0.013152,0.027536,0.001407,0.139003,0.108607,0.130428,0.036421,0.173246,0.031193,,1530300,,
0,0,,0.334664,0.016643,0.033846,0.001593,0.10412,0.134278,0.13161,0.03849,0.165581,0.039173,,1532700,,
0,0,,0.257959,0.015667,0.039575,0.00094,0.137983,0.134707,0.170897,0.043179,0.157529,0.041564,,1531800,,
0,0,,0.370671,0.030639,0.025632,0.010328,0.123194,0.098362,0.066621,0.042669,0.12858,0.103304,,1533400,,
0,0,,0.368068,0.016477,0.032533,0.021629,0.096391,0.09278,0.112111,0.038138,0.18134,0.040533,,1529600,,
0,0,,0.381839,0.012359,0.026031,0.021416,0.127927,0.089372,0.12285,0.036139,0.150728,0.031339,,1532900,,
0,0,,0.40034,0.015454,0.026099,0.022002,0.130138,0.100621,0.07429,0.038724,0.132181,0.060152,,1552200,,
0,0,,0.346664,0.066902,0.03209,0.069885,0.056397,0.096701,0.051753,0.057301,0.14119,0.081117,,1530200,,
0,0,,0.348068,0.016477,0.032533,0.001629,0.116391,0.11278,0.112111,0.038138,0.18134,0.040533,,1540500,,
0,0,,0.287852,0.01254,0.027545,0.00832,0.137001,0.110038,0.157188,0.036693,0.174186,0.048637,,1531300,,
0,0,,0.406936,0.01562,0.027413,0.001966,0.137475,0.102511,0.073789,0.039076,0.136422,0.058793,,1533400,,
0,0,,0.346664,0.066902,0.03209,0.069885,0.056397,0.096701,0.051753,0.057301,0.14119,0.081117,,1542300,,
0,0,,0.394432,0.012359,0.026031,0.001416,0.148668,0.089372,0.12285,0.036139,0.135913,0.032821,,1528700,,
0,0,,0.391278,0.012129,0.021102,0.00178,0.17275,0.096448,0.092608,0.037007,0.124086,0.050812,,1525700,,
0,0,,0.341839,0.012359,0.026031,0.001416,0.147927,0.109372,0.12285,0.036139,0.170728,0.031339,,1531800,,
0,0,,0.260157,0.015918,0.037716,0.001165,0.103245,0.151056,0.168829,0.041711,0.178888,0.041314,,1534500,,
0,0,,0.313782,0.013894,0.029307,0.001317,0.134902,0.130364,0.137328,0.036227,0.175354,0.027525,,1552900,,
0,0,,0.374506,0.031364,0.028451,0.010302,0.102862,0.099503,0.073699,0.043159,0.13533,0.100825,,1533400,,
0,0,,0.36791,0.031198,0.027137,0.010337,0.115525,0.097613,0.0742,0.042807,0.131089,0.102184,,1526000,,
0,0,,0.361289,0.01775,0.031959,0.014837,0.113982,0.107468,0.122808,0.044259,0.134544,0.051104,,1531200,,
0,0,,0.348068,0.036477,0.032533,0.001629,0.116391,0.11278,0.112111,0.038138,0.16134,0.040533,,1537000,,
0,0,,0.370671,0.030639,0.025632,0.010328,0.123194,0.098362,0.066621,0.042669,0.12858,0.103304,,1521900,,
0,0,,0.339006,0.013152,0.027536,0.001407,0.139003,0.108607,0.130428,0.036421,0.173246,0.031193,,1536700,,
0,0,,0.403102,0.014895,0.024594,0.001992,0.137806,0.10137,0.066712,0.038585,0.129672,0.081271,,1533300,,
0,0,,0.359006,0.013152,0.027536,0.001407,0.139003,0.108607,0.130428,0.036421,0.153246,0.031193,,1536400,,
0,0,,0.379006,0.013152,0.027536,0.001407,0.139003,0.088607,0.130428,0.036421,0.153246,0.031193,,1531600,,
0,0,,0.339006,0.013152,0.027536,0.001407,0.139003,0.108607,0.130428,0.036421,0.173246,0.031193,,1531000,,
0,0,,0.272372,0.01877,0.042586,0.001423,0.110053,0.094794,0.15887,0.043246,0.205927,0.051959,,1523400,,
0,0,,0.410089,0.03585,0.032342,0.001602,0.093393,0.095435,0.104031,0.038208,0.148249,0.040801,,1536300,,
0,0,,0.377267,0.030805,0.026946,0.010292,0.110531,0.100252,0.06612,0.043021,0.132821,0.101944,,1530900,,
0,0,,0.38791,0.031198,0.027137,0.010337,0.115525,0.097613,0.0742,0.042807,0.131089,0.082184,,1533100,,
0,0,,0.278286,0.016772,0.035627,0.008416,0.117233,0.098251,0.145269,0.038568,0.20863,0.052949,,1531000,,
0,0,,0.397267,0.030805,0.026946,0.010292,0.110531,0.100252,0.06612,0.043021,0.132821,0.081944,,1534000,,
0,0,,0.341913,0.031364,0.028451,0.010302,0.102514,0.11911,0.073699,0.043159,0.150145,0.099343,,1535500,,
0,0,,0.40034,0.015454,0.026099,0.002002,0.130138,0.100621,0.07429,0.038724,0.132181,0.080152,,1521600,,
0,0,,0.36791,0.031198,0.027137,0.010337,0.115525,0.117613,0.0742,0.042807,0.131089,0.082184,,1534400,,
0,0,,0.377267,0.030805,0.026946,0.010292,0.110531,0.100252,0.06612,0.043021,0.132821,0.101944,,1554700,,
0,8,,0.142146,0.094263,0.184067,0.019233,0.056746,0.089958,0.115261,0.078182,0.188967,0.031176,,1533400,,
0,0,,0.354444,0.050153,0.039295,0.026006,0.072125,0.097194,0.066285,0.056183,0.143087,0.095227,,1528500,,
0,0,,0.313782,0.013894,0.029307,0.001317,0.134902,0.130364,0.137328,0.036227,0.175354,0.027525,,1570300,,
0,0,,0.36791,0.031198,0.027137,0.010337,0.115525,0.097613,0.0742,0.042807,0.131089,0.102184,,1522400,,
0,0,,0.406936,0.01562,0.027413,0.001966,0.117475,0.102511,0.073789,0.039076,0.136422,0.078793,,1545600,,
0,0,,0.358135,0.079126,0.024928,0.058696,0.068727,0.095531,0.062978,0.047191,0.141576,0.063114,,1522400,,
0,0,,0.390089,0.01585,0.032342,0.001602,0.093393,0.135435,0.104031,0.038208,0.148249,0.040801,,1533700,,
0,0,,0.374506,0.031364,0.028451,0.010302,0.102862,0.099503,0.073699,0.043159,0.13533,0.100825,,1530900,,
0,0,,0.403493,0.015684,0.031028,0.021638,0.106056,0.093545,0.104532,0.037855,0.144008,0.04216,,1529700,,
0,0,,0.388068,0.016477,0.032533,0.001629,0.116391,0.09278,0.112111,0.038138,0.16134,0.040533,,1537300,,
0,0,,0.370671,0.030639,0.025632,0.010328,0.123194,0.098362,0.066621,0.042669,0.12858,0.103304,,1533500,,
0,0,,0.39404,0.01157,0.019597,0.001771,0.180419,0.097197,0.085029,0.036868,0.121578,0.051931,,1520400,,
0,0,,0.223982,0.049513,0.017192,0.100572,0.111049,0.118843,0.058586,0.024301,0.109074,0.186887,,1532500,,
0,0,,0.306664,0.106902,0.03209,0.069885,0.056397,0.096701,0.051753,0.057301,0.14119,0.081117,,1547100,,
0,0,,0.406936,0.01562,0.027413,0.001966,0.117475,0.102511,0.073789,0.039076,0.136422,0.078793,,1535200,,
0,0,,0.394432,0.012359,0.026031,0.021416,0.128668,0.089372,0.12285,0.036139,0.135913,0.032821,,1529000,,
0,6,,0.201015,0.030469,0.055868,0.00092,0.108141,0.130587,0.20751,0.045151,0.180476,0.039863,,1523900,,
0,0,,0.40034,0.015454,0.026099,0.002002,0.130138,0.100621,0.07429,0.038724,0.132181,0.080152,,1521600,,
0,0,,0.390901,0.015684,0.031028,0.001638,0.105315,0.093545,0.104532,0.037855,0.158823,0.060679,,1560000,,
0,0,,0.260157,0.015918,0.037716,0.001165,0.123245,0.131056,0.168829,0.041711,0.178888,0.041314,,1522900,,
0,0,,0.339006,0.013152,0.027536,0.001407,0.139003,0.108607,0.130428,0.036421,0.173246,0.031193,,1521700,,
0,0,,0.339006,0.013152,0.027536,0.001407,0.139003,0.108607,0.150428,0.036421,0.153246,0.031193,,1521400,,
1,1,,0.050468,0.209901,0.09099,0.172521,0.019857,0.080998,0.020545,0.10075,0.08243,0.17154,,1527500,,
1,1,,0.06709,0.216989,0.089876,0.112574,0.051164,0.087602,0.01486,0.12737,0.090533,0.141941,,1540600,,
1,3,,0.039562,0.15326,0.133576,0.174937,0.010589,0.111984,0.026987,0.119496,0.091958,0.137651,,1536300,,
1,2,,0.065308,0.176572,0.339615,0.033774,0.045439,0.057419,0.063878,0.096863,0.080518,0.040614,,1538600,,
1,1,,0.056813,0.255,0.091371,0.130929,0.037403,0.064551,0.01354,0.107513,0.086952,0.155928,,1530900,,
1,2,,0.050879,0.201176,0.282534,0.068719,0.017391,0.058919,0.036423,0.110904,0.098438,0.074618,,1539500,,
1,2,,0.044454,0.203529,0.332191,0.077527,0.014745,0.060496,0.019211,0.116188,0.074025,0.057634,,1526200,,
1,9,,0.074031,0.187226,0.045539,0.171305,0.030795,0.10189,0.023462,0.070354,0.093941,0.201456,,1525700,,
1,1,,0.013996,0.265951,0.228699,0.101949,0.021269,0.049998,0.008109,0.143068,0.059308,0.107653,,1522800,,
1,2,,0.056296,0.241698,0.269888,0.054594,0.026077,0.05371,0.038931,0.100436,0.078219,0.08015,,1524400,,
1,2,,0.063158,0.197947,0.253907,0.049927,0.030316,0.058699,0.049943,0.141781,0.078913,0.075409,,1537100,,
1,1,,0.094453,0.226385,0.098775,0.148606,0.014956,0.075605,0.029657,0.091985,0.093761,0.125816,,1570300,,
1,3,,0.03963,0.184307,0.129102,0.190342,0.010413,0.105908,0.028561,0.113981,0.063868,0.133889,,1546400,,
1,2,,0.046019,0.167818,0.326149,0.075181,0.014807,0.060525,0.025961,0.126717,0.080088,0.076735,,1533500,,
1,1,,0.050506,0.190054,0.097849,0.183696,0.012577,0.076043,0.019839,0.118719,0.088827,0.16189,,1537800,,
1,1,,0.077547,0.195241,0.085544,0.151969,0.027344,0.07732,0.023146,0.086625,0.097512,0.177753,,1533700,,
1,2,,0.065264,0.159683,0.317969,0.073165,0.029145,0.074751,0.036061,0.103835,0.089177,0.050951,,1527900,,
1,1,,0.05409,0.214186,0.181034,0.045744,0.095342,0.051741,0.088587,0.065148,0.084404,0.119723,,1525800,,
1,1,,0.057313,0.269786,0.122429,0.122187,0.039829,0.058635,0.008795,0.109614,0.065776,0.145636,,1538600,,
1,1,,0.057929,0.269403,0.123833,0.105235,0.032461,0.057159,0.012508,0.114904,0.088852,0.137717,,1533000,,
1,1,,0.037201,0.190793,0.113229,0.134788,0.037077,0.086804,0.012319,0.152703,0.086983,0.148105,,1535200,,
1,1,,0.058949,0.202072,0.122463,0.182265,0.01166,0.107808,0.022585,0.115139,0.064789,0.11227,,1536600,,
1,1,,0.069911,0.176577,0.122463,0.161381,0.012415,0.082801,0.021801,0.133486,0.083319,0.135847,,1548500,,
1,2,,0.042954,0.225993,0.295937,0.068735,0.017985,0.054535,0.035949,0.110925,0.092587,0.0544,,1530900,,
1,1,,0.056804,0.253747,0.085845,0.123527,0.042874,0.086838,0.013567,0.108172,0.08665,0.141976,,1533300,,
1,3,,0.050524,0.184984,0.077662,0.217156,0.016118,0.100214,0.019857,0.115599,0.06264,0.155246,,1536700,,
1,1,,0.061968,0.231036,0.081917,0.162458,0.023335,0.078887,0.027438,0.098335,0.08765,0.146977,,1554000,,
1,1,,0.058398,0.216804,0.106839,0.157117,0.014024,0.075982,0.027621,0.094989,0.089256,0.15897,,1536600,,
1,1,,0.07131,0.185186,0.062669,0.1799,0.019085,0.099016,0.022767,0.100085,0.097465,0.162516,,1533400,,
1,1,,0.021447,0.255291,0.174124,0.132828,0.023899,0.055095,0.007971,0.143286,0.058991,0.127068,,1534500,,
1,1,,0.095358,0.288617,0.100205,0.088764,0.056121,0.060484,0.017508,0.084144,0.098767,0.110032,,1520100,,
1,2,,0.099838,0.129508,0.173878,0.047197,0.122304,0.09175,0.059669,0.043675,0.094214,0.137967,,1539100,,
1,2,,0.043686,0.198235,0.260668,0.086758,0.026161,0.061784,0.017839,0.164785,0.074435,0.065648,,1541500,,
1,1,,0.085044,0.201484,0.049304,0.159248,0.032403,0.079357,0.029134,0.074243,0.099724,0.190058,,1531800,,
1,1,,0.078771,0.212799,0.075517,0.160261,0.017061,0.072712,0.028718,0.085612,0.09915,0.169399,,1531900,,
1,3,,0.011702,0.167255,0.140379,0.216273,0.009724,0.100553,0.028837,0.091171,0.058084,0.176023,,1550800,,
1,2,,0.072268,0.180466,0.291013,0.048731,0.035191,0.045141,0.070663,0.07123,0.103039,0.082258,,1539600,,
1,1,,0.098238,0.223552,0.078522,0.144157,0.028015,0.078406,0.028222,0.069031,0.093387,0.158469,,1533600,,
1,1,,0.126212,0.24454,0.072425,0.102582,0.066072,0.069044,0.029712,0.073177,0.076688,0.139548,,1528000,,
1,2,,0.043734,0.257469,0.258494,0.068877,0.017985,0.054535,0.034414,0.109891,0.076797,0.077804,,1532900,,
1,3,,0.027794,0.119565,0.14582,0.166509,0.009524,0.120691,0.046198,0.114753,0.117583,0.131562,,1528700,,
1,1,,0.0445,0.25441,0.089078,0.161776,0.040129,0.06759,0.012435,0.11178,0.064301,0.154001,,1534200,,
1,1,,0.08575,0.226453,0.065576,0.094592,0.069774,0.065471,0.032054,0.090154,0.091094,0.179083,,1537800,,
1,1,,0.074906,0.247542,0.202794,0.038667,0.038369,0.061903,0.101725,0.061726,0.09224,0.080129,,1528900,,
1,2,,0.062187,0.152305,0.188206,0.050712,0.100738,0.081726,0.109354,0.067097,0.091172,0.096502,,1535700,,
1,2,,0.11009,0.148524,0.290765,0.0295,0.056524,0.060678,0.101815,0.062403,0.106967,0.032734,,1534600,,
1,2,,0.087097,0.190464,0.251046,0.04191,0.039766,0.04872,0.080162,0.070423,0.089103,0.101308,,1541400,,
1,1,,0.067459,0.222795,0.079518,0.156537,0.019138,0.077126,0.021253,0.086694,0.088747,0.180733,,1519900,,
1,2,,0.022244,0.264249,0.282533,0.091372,0.009168,0.057225,0.008635,0.123717,0.064065,0.076792,,1524700,,
1,1,,0.067523,0.241972,0.078813,0.114222,0.052935,0.068583,0.01482,0.099722,0.089393,0.172017,,1521200,,
1,8,,0.107425,0.072855,0.072299,0.132851,0.056757,0.125548,0.125957,0.051567,0.162924,0.091817,,1523100,,
1,1,,0.039485,0.218104,0.202317,0.075605,0.019955,0.058309,0.012373,0.118463,0.09714,0.158248,,1521200,,
1,3,,0.01963,0.167465,0.129102,0.191676,0.010413,0.105908,0.028561,0.130016,0.063868,0.153363,,1521300,,
1,1,,0.056508,0.220894,0.142633,0.115694,0.032315,0.079105,0.012607,0.14986,0.081524,0.10886,,1558200,,
1,2,,0.071027,0.130907,0.298523,0.048263,0.032593,0.072805,0.056718,0.121311,0.13318,0.034673,,1535400,,
1,1,,0.020667,0.215448,0.156268,0.148302,0.023171,0.083096,0.012724,0.157886,0.058749,0.123688,,1549700,,
1,1,,0.01361,0.244905,0.152783,0.13437,0.031352,0.05813,0.006488,0.10656,0.051236,0.200565,,1528700,,
1,9,,0.08482,0.18638,0.052519,0.166326,0.034201,0.080883,0.030404,0.072441,0.098883,0.193144,,1541300,,
1,3,,0.03963,0.184307,0.129102,0.190342,0.010413,0.105908,0.028561,0.113981,0.063868,0.133889,,1525100,,
1,1,,0.040829,0.233232,0.122486,0.128828,0.037124,0.077768,0.006799,0.143605,0.082091,0.127237,,1522300,,
1,1,,0.057584,0.265131,0.13179,0.108053,0.043601,0.058837,0.008814,0.113942,0.066892,0.145357,,1524000,,
1,9,,0.084249,0.159335,0.078452,0.138862,0.044921,0.081925,0.034204,0.082618,0.087631,0.207804,,1522200,,
1,1,,0.050983,0.234348,0.105707,0.162857,0.012578,0.098558,0.0197,0.085086,0.087844,0.14234,,1535800,,
1,1,,0.058852,0.276243,0.086441,0.116901,0.050813,0.067534,0.011137,0.103589,0.087527,0.140965,,1541700,,
1,3,,0.040019,0.126922,0.069724,0.235376,0.017458,0.106663,0.027887,0.094953,0.062526,0.218473,,1524000,,
1,1,,0.085699,0.206476,0.060437,0.132233,0.040849,0.074666,0.03339,0.072601,0.094547,0.199101,,1524000,,
1,1,,0.074225,0.227801,0.088231,0.155441,0.020583,0.075542,0.027272,0.08613,0.090418,0.154356,,1523300,,
1,2,,0.054977,0.197318,0.307128,0.054873,0.026473,0.070904,0.040434,0.099439,0.073207,0.075246,,1529300,,
1,2,,0.06235,0.224629,0.284086,0.057529,0.029721,0.057749,0.047647,0.10085,0.078824,0.056615,,1533200,,
1,2,,0.029324,0.243082,0.286119,0.084762,0.013482,0.060764,0.019579,0.140221,0.071703,0.050964,,1531200,,
1,2,,0.0928,0.157652,0.310842,0.029518,0.052055,0.068921,0.071573,0.08556,0.096854,0.034224,,1529800,,
1,1,,0.051632,0.240383,0.106839,0.1577,0.012579,0.077566,0.021602,0.078241,0.087585,0.165873,,1532200,,
1,2,,0.044017,0.242545,0.256528,0.075397,0.013077,0.05538,0.025411,0.1095,0.078153,0.099993,,1520800,,
1,3,,0.020444,0.145329,0.129832,0.17921,0.010354,0.127124,0.022484,0.14862,0.068056,0.148549,,1535600,,
1,1,,0.040829,0.233745,0.122486,0.129648,0.037124,0.077768,0.006799,0.162272,0.082091,0.107237,,1517900,,
1,2,,0.102659,0.15725,0.288803,0.042439,0.044224,0.052878,0.095387,0.064566,0.099466,0.052327,,1524200,,
1,2,,0.077975,0.167272,0.186177,0.05062,0.08595,0.050134,0.125278,0.089565,0.083561,0.083469,,1521200,,
1,1,,0.078761,0.231545,0.069991,0.152859,0.022532,0.075,0.028746,0.086271,0.098848,0.155447,,1521100,,
1,1,,0.040049,0.25339,0.104631,0.164301,0.036397,0.085769,0.011552,0.124012,0.055398,0.124501,,1518100,,
1,2,,0.090979,0.201438,0.30363,0.027009,0.037186,0.045664,0.09064,0.071442,0.092736,0.039276,,1523000,,
1,3,,0.02703,0.137461,0.144705,0.197443,0.00917,0.123557,0.039191,0.117903,0.074129,0.12941,,1523600,,
1,1,,0.077129,0.278821,0.119602,0.070186,0.069663,0.058807,0.019325,0.096806,0.070212,0.13945,,1522500,,
1,1,,0.05774,0.257371,0.084454,0.124161,0.034792,0.070054,0.016264,0.098616,0.087644,0.168903,,1525700,,
1,1,,0.071292,0.208669,0.080407,0.166441,0.015543,0.075401,0.022749,0.09027,0.097202,0.172027,,1550500,,
1,2,,0.121144,0.131355,0.296625,0.023203,0.057637,0.060393,0.109344,0.056694,0.111191,0.032414,,1536600,,
1,3,,0.050506,0.172154,0.100298,0.184517,0.012577,0.095487,0.019839,0.141933,0.082376,0.140313,,1525300,,
1,1,,0.020444,0.191339,0.140533,0.175865,0.010429,0.106801,0.022484,0.114366,0.067646,0.150093,,1526300,,
1,2,,0.06559,0.15359,0.280414,0.071116,0.029653,0.074672,0.041796,0.143648,0.089202,0.050318,,1525200,,
1,1,,0.041374,0.298783,0.123965,0.137662,0.038932,0.057334,0.006803,0.090854,0.062062,0.142231,,1526100,,
1,1,,0.020827,0.210703,0.124577,0.161062,0.030684,0.083355,0.007011,0.149722,0.056487,0.155571,,1523200,,
1,1,,0.040638,0.19776,0.118367,0.171746,0.010504,0.081778,0.028411,0.108579,0.081405,0.160812,,1525000,,
1,2,,0.071027,0.150907,0.318523,0.048263,0.032593,0.072805,0.056718,0.121311,0.09318,0.034673,,1530300,,
1,3,,0.047407,0.109198,0.10211,0.144633,0.038505,0.119205,0.096928,0.107092,0.105415,0.129508,,1539900,,
1,2,,0.104291,0.147013,0.320225,0.027451,0.051096,0.048568,0.102176,0.0622,0.098803,0.038178,,1532000,,
1,3,,0.047959,0.110793,0.113352,0.149902,0.025529,0.126316,0.057878,0.128438,0.11152,0.128312,,1573900,,
1,1,,0.076634,0.266738,0.092181,0.09134,0.070096,0.063331,0.020613,0.091117,0.088309,0.13964,,1524500,,
1,2,,0.062433,0.182941,0.316343,0.050895,0.031304,0.056043,0.04746,0.120186,0.076924,0.055471,,1520900,,
1,3,,0.043029,0.110902,0.10668,0.152226,0.037383,0.11972,0.089359,0.107011,0.102306,0.131384,,1540300,,
1,2,,0.062657,0.190497,0.311666,0.050748,0.030712,0.055933,0.044708,0.119676,0.077894,0.055509,,1520800,,
1,3,,0.0503,0.181507,0.069715,0.224233,0.017916,0.101739,0.021127,0.093332,0.061798,0.178332,,1524600,,
1,3,,0.046845,0.101196,0.11495,0.144559,0.038505,0.119205,0.098395,0.108306,0.101744,0.126296,,1521100,,
1,1,,0.07323,0.19601,0.097639,0.140315,0.025239,0.080768,0.024085,0.0942,0.092122,0.176392,,1521300,,
1,2,,0.055058,0.225636,0.31032,0.048715,0.031815,0.051471,0.049969,0.099925,0.072433,0.054657,,1522200,,
1,1,,0.050692,0.220217,0.092471,0.16962,0.018132,0.078608,0.019266,0.096365,0.083964,0.170665,,1529400,,
1,1,,0.020995,0.259949,0.204998,0.109933,0.022146,0.07704,0.008699,0.133645,0.057384,0.105211,,1532900,,
1,1,,0.071632,0.220383,0.106839,0.1777,0.012579,0.077566,0.021602,0.098241,0.067585,0.145873,,1522500,,
1,3,,0.047867,0.096677,0.110863,0.137497,0.040359,0.125196,0.085583,0.10414,0.126298,0.125521,,1520100,,
1,3,,0.08201,0.09389,0.060529,0.227411,0.034619,0.100556,0.066794,0.086606,0.136195,0.11139,,1521700,,
1,1,,0.074444,0.205131,0.093249,0.141205,0.020428,0.077892,0.029685,0.092644,0.093459,0.171863,,1519600,,
1,1,,0.020827,0.241006,0.134274,0.139729,0.030684,0.063355,0.007011,0.125789,0.042939,0.194386,,1523700,,
1,1,,0.0589,0.268589,0.110504,0.1096,0.051436,0.064314,0.009018,0.104585,0.067311,0.155742,,1521200,,
1,1,,0.114748,0.235794,0.0797,0.164144,0.015101,0.072136,0.027795,0.063369,0.095879,0.131334,,1524100,,
1,3,,0.01963,0.131909,0.129102,0.191676,0.010413,0.124781,0.028561,0.148349,0.063868,0.151712,,1519200,,
1,9,,0.098127,0.170538,0.062042,0.137047,0.077119,0.080991,0.034096,0.066964,0.083634,0.189442,,1521900,,
1,2,,0.080431,0.177188,0.274862,0.040034,0.035517,0.04624,0.080175,0.099111,0.104636,0.061806,,1538000,,
1,1,,0.057584,0.273902,0.123076,0.108053,0.043601,0.058837,0.008814,0.113885,0.066892,0.145357,,1540900,,
1,1,,0.040549,0.228375,0.116313,0.15638,0.038823,0.079853,0.006808,0.144467,0.054221,0.134209,,1522000,,
1,3,,0.047867,0.096677,0.110863,0.137497,0.040359,0.125196,0.085583,0.10414,0.126298,0.125521,,1523200,,
1,1,,0.084279,0.199411,0.061361,0.144165,0.036142,0.080674,0.029863,0.085272,0.093157,0.185677,,1522600,,
1,2,,0.045161,0.203063,0.271371,0.076695,0.014415,0.060386,0.021684,0.154463,0.075669,0.077092,,1533300,,
1,1,,0.050692,0.220217,0.092471,0.16962,0.018132,0.078608,0.019266,0.096365,0.083964,0.170665,,1534500,,
1,1,,0.065164,0.254514,0.099343,0.10253,0.057765,0.064501,0.009388,0.101228,0.087923,0.157643,,1520800,,
1,3,,0.020444,0.177727,0.129832,0.177876,0.010354,0.108251,0.022484,0.134252,0.068056,0.150726,,1521400,,
1,2,,0.043237,0.231069,0.27397,0.075255,0.013077,0.07538,0.026946,0.110534,0.073944,0.076589,,1521000,,
1,2,,0.079948,0.194981,0.302291,0.048718,0.035256,0.04624,0.074949,0.076634,0.087598,0.053385,,1541900,,
1,1,,0.057584,0.264819,0.112415,0.108053,0.043601,0.058837,0.008814,0.113629,0.086892,0.145357,,1582400,,
1,1,,0.050691,0.217822,0.098938,0.165443,0.018059,0.078917,0.019275,0.10135,0.083271,0.166231,,1522000,,
1,1,,0.065957,0.175038,0.124526,0.153464,0.015379,0.075014,0.023285,0.121962,0.08707,0.158305,,1522200,,
1,1,,0.064011,0.25376,0.080308,0.131481,0.040619,0.063948,0.019518,0.099244,0.087483,0.159627,,1537100,,
1,1,,0.074289,0.255749,0.078813,0.113126,0.05438,0.066998,0.020839,0.099101,0.091064,0.14564,,1528500,,
1,1,,0.062788,0.234615,0.087886,0.123189,0.050902,0.06911,0.013946,0.101516,0.085844,0.170203,,1520800,,
1,3,,0.027737,0.119224,0.137839,0.165104,0.011401,0.12711,0.044178,0.111942,0.11701,0.138455,,1520700,,
1,1,,0.05062,0.205962,0.117267,0.156007,0.012487,0.08196,0.021751,0.102623,0.090369,0.160954,,1522400,,
1,1,,0.040389,0.233121,0.148004,0.14362,0.03131,0.079594,0.012522,0.132631,0.056483,0.122325,,1543200,,
1,1,,0.067261,0.210411,0.079064,0.162922,0.019054,0.097112,0.021853,0.088686,0.093629,0.16001,,1522500,,
1,1,,0.074216,0.212924,0.080459,0.143863,0.025982,0.078139,0.027309,0.091716,0.089423,0.175971,,1547300,,
1,3,,0.058949,0.162072,0.122463,0.182265,0.01166,0.087808,0.022585,0.135139,0.064789,0.15227,,1522900,,
1,1,,0.050673,0.222892,0.119125,0.151984,0.014518,0.074746,0.019257,0.110276,0.083007,0.15352,,1528200,,
1,1,,0.028337,0.265543,0.247912,0.093924,0.024898,0.082051,0.018276,0.128695,0.051576,0.058786,,1533100,,
1,1,,0.049965,0.215902,0.117854,0.181535,0.014518,0.095278,0.019297,0.116154,0.05665,0.132846,,1522400,,
1,9,,0.050211,0.160645,0.116925,0.168159,0.012433,0.079512,0.021701,0.133141,0.080258,0.177017,,1521600,,
1,2,,0.031978,0.197425,0.33444,0.091063,0.021628,0.061083,0.026855,0.11906,0.068915,0.047554,,1523700,,
1,1,,0.056605,0.185458,0.107801,0.128382,0.039756,0.079476,0.008844,0.172423,0.078726,0.142529,,1520700,,
1,1,,0.056095,0.215591,0.099755,0.128902,0.042801,0.06768,0.013616,0.139092,0.0796,0.156868,,1538800,,
1,1,,0.055088,0.220833,0.073992,0.152782,0.027599,0.081322,0.0273,0.08754,0.089903,0.183641,,1521600,,
1,1,,0.020943,0.231413,0.118051,0.167717,0.03072,0.081677,0.007055,0.126659,0.057278,0.158486,,1520800,,
1,3,,0.03963,0.184307,0.129102,0.190342,0.010413,0.105908,0.028561,0.113981,0.063868,0.133889,,1547000,,
1,2,,0.054526,0.196842,0.33883,0.048763,0.031316,0.052975,0.046996,0.103643,0.071009,0.0551,,1528100,,
1,2,,0.036753,0.192317,0.283723,0.077395,0.014748,0.076002,0.015985,0.136115,0.089509,0.077453,,1522000,,
