pendigits,Tuned_CWT,test,0,NANOSECONDS,PREDICTIONS, Generated by ClassifierExperiments.java on 2022-05-16 02:08:04.    SYSTEMPROPERTIES:{user.name:matth,os.arch:amd64,os.name:Windows 10},ENDSYSTEMPROPERTIES
No parameter info
0.6219900045433894,1285318500,3435746200,-1,23714888,10,,-1,-1
0,0,,0.404118,0.036517,0.016132,0.011108,0.092591,0.098377,0.071789,0.045914,0.157732,0.065721,,1757800,,
0,0,,0.391489,0.013847,0.021434,0.005589,0.115987,0.100962,0.126853,0.032221,0.142035,0.049582,,1579700,,
0,0,,0.429053,0.016602,0.024046,0.010443,0.111181,0.1001,0.111599,0.032226,0.126234,0.038517,,1577700,,
0,0,,0.420285,0.024803,0.016625,0.005868,0.121153,0.094111,0.084809,0.036008,0.138067,0.058271,,1578100,,
0,0,,0.440155,0.026415,0.019023,0.006016,0.100845,0.093339,0.079471,0.037844,0.145147,0.051745,,1566500,,
0,0,,0.408943,0.044901,0.014725,0.006203,0.120177,0.098,0.058743,0.0345,0.143824,0.069982,,1577000,,
0,0,,0.410228,0.013302,0.018085,0.005877,0.122167,0.105351,0.092394,0.0361,0.143885,0.05261,,1581000,,
0,0,,0.42981,0.016803,0.025261,0.01037,0.105119,0.098448,0.119184,0.032043,0.129018,0.033943,,1577800,,
0,0,,0.410228,0.013302,0.018085,0.005877,0.122167,0.105351,0.092394,0.0361,0.143885,0.05261,,1579600,,
0,0,,0.443859,0.013302,0.018085,0.005877,0.122167,0.094951,0.092394,0.0361,0.121454,0.05181,,1575800,,
0,0,,0.4057,0.024998,0.020941,0.005424,0.101728,0.101641,0.106871,0.03774,0.146938,0.048019,,1577500,,
0,0,,0.396443,0.052087,0.017562,0.006007,0.099793,0.097779,0.071885,0.03823,0.166078,0.054136,,1622500,,
0,0,,0.418606,0.016734,0.022962,0.010516,0.120051,0.100674,0.11661,0.032392,0.118347,0.043109,,1579700,,
0,0,,0.445956,0.035063,0.018302,0.006253,0.121165,0.094313,0.071868,0.032508,0.11669,0.057882,,1575900,,
0,0,,0.412247,0.014048,0.022648,0.005516,0.109926,0.09931,0.114439,0.032039,0.144819,0.045009,,1573600,,
0,0,,0.398896,0.026433,0.017839,0.006016,0.102753,0.102414,0.091301,0.037419,0.163266,0.053665,,1570100,,
0,0,,0.405884,0.014011,0.022648,0.005552,0.122449,0.097271,0.115386,0.031837,0.138771,0.046191,,1576700,,
0,0,,0.423316,0.014581,0.023991,0.005443,0.106674,0.096579,0.134621,0.03184,0.1225,0.040455,,1577100,,
0,0,,0.423316,0.014581,0.023991,0.005443,0.106674,0.096579,0.134621,0.03184,0.1225,0.040455,,1577600,,
0,0,,0.411489,0.013847,0.021434,0.005589,0.115987,0.100962,0.126853,0.032221,0.122035,0.049582,,1570300,,
0,0,,0.400879,0.017336,0.026604,0.010297,0.101868,0.095717,0.159366,0.031845,0.126699,0.029389,,1572300,,
0,0,,0.439397,0.026214,0.017809,0.006089,0.106906,0.094991,0.071885,0.038027,0.142363,0.056319,,1581200,,
0,0,,0.385884,0.014011,0.022648,0.005552,0.122449,0.097271,0.135386,0.031837,0.138771,0.046191,,1579000,,
0,0,,0.376997,0.062242,0.014894,0.013192,0.085326,0.098955,0.068313,0.045775,0.17783,0.056475,,1580800,,
0,0,,0.433005,0.014249,0.023862,0.005443,0.103865,0.097658,0.122025,0.031856,0.127603,0.040436,,1574500,,
0,0,,0.362603,0.016582,0.028545,0.010693,0.080804,0.107885,0.162896,0.032995,0.142946,0.054051,,1578800,,
0,0,,0.377073,0.074048,0.024037,0.043699,0.077651,0.109776,0.035257,0.059832,0.135869,0.062758,,1581600,,
0,0,,0.395608,0.050639,0.016378,0.01097,0.112114,0.095652,0.072864,0.038527,0.152242,0.055006,,1578100,,
0,0,,0.404118,0.036517,0.016132,0.011108,0.092591,0.098377,0.071789,0.045914,0.157732,0.065721,,1577400,,
0,0,,0.371647,0.01697,0.049663,0.006103,0.10574,0.120291,0.144799,0.033004,0.130932,0.020851,,1577900,,
0,0,,0.390967,0.030639,0.016378,0.005822,0.146563,0.094861,0.085756,0.036009,0.135735,0.057271,,1586700,,
0,0,,0.424206,0.014234,0.022962,0.005516,0.120051,0.098574,0.11661,0.032392,0.121547,0.043909,,1576700,,
0,0,,0.402812,0.052087,0.017562,0.006007,0.099793,0.108179,0.071885,0.03823,0.148509,0.054936,,1577800,,
0,0,,0.445379,0.01533,0.022832,0.005736,0.104903,0.099208,0.10292,0.034002,0.126633,0.043056,,1576600,,
0,0,,0.2937,0.14153,0.031473,0.046442,0.05287,0.124076,0.023771,0.073518,0.138936,0.073685,,1576700,,
0,0,,0.383913,0.016942,0.054356,0.007483,0.092556,0.117592,0.121815,0.03762,0.131015,0.036709,,1575800,,
0,0,,0.400879,0.017336,0.026604,0.010297,0.101868,0.095717,0.159366,0.031845,0.126699,0.029389,,1604400,,
0,0,,0.400284,0.016511,0.022648,0.010552,0.122449,0.099371,0.115386,0.031837,0.135571,0.045391,,1574000,,
0,0,,0.385458,0.024907,0.05113,0.006123,0.069428,0.125643,0.13054,0.033116,0.144202,0.029452,,1581100,,
0,0,,0.412247,0.014048,0.022648,0.005516,0.109926,0.09931,0.114439,0.032039,0.144819,0.045009,,1574800,,
0,0,,0.411489,0.013847,0.021434,0.005589,0.115987,0.100962,0.106853,0.032221,0.142035,0.049582,,1575500,,
0,0,,0.338817,0.021382,0.03501,0.012488,0.068098,0.106729,0.156399,0.032144,0.148531,0.080401,,1581700,,
0,0,,0.419364,0.016935,0.024176,0.010443,0.11399,0.099022,0.124195,0.03221,0.121131,0.038536,,1577700,,
0,0,,0.429278,0.013194,0.018074,0.005915,0.113889,0.099274,0.07322,0.03669,0.148852,0.061615,,1577300,,
0,0,,0.407412,0.025004,0.017839,0.005795,0.115092,0.102859,0.092394,0.035825,0.143282,0.054498,,1577300,,
0,0,,0.416443,0.052087,0.017562,0.006007,0.099793,0.097779,0.071885,0.03823,0.146078,0.054136,,1579200,,
0,0,,0.411489,0.013847,0.021434,0.005589,0.115987,0.100962,0.106853,0.032221,0.142035,0.049582,,1576000,,
0,0,,0.401442,0.015813,0.024247,0.006669,0.124968,0.117932,0.12099,0.03222,0.120076,0.035643,,1576400,,
0,0,,0.412247,0.014048,0.022648,0.005516,0.109926,0.09931,0.114439,0.032039,0.144819,0.045009,,1578800,,
0,0,,0.408516,0.013296,0.021187,0.005507,0.108803,0.104133,0.106871,0.038015,0.147541,0.046131,,1574300,,
0,0,,0.417716,0.017081,0.023991,0.010443,0.106674,0.098679,0.134621,0.03184,0.1193,0.039655,,1577000,,
0,0,,0.41175,0.013962,0.01835,0.005924,0.11692,0.103527,0.092618,0.030288,0.144249,0.062412,,1610700,,
0,0,,0.411489,0.013847,0.021434,0.005589,0.115987,0.100962,0.106853,0.032221,0.142035,0.049582,,1579300,,
0,0,,0.401041,0.016712,0.023862,0.010479,0.116388,0.097719,0.122972,0.031655,0.138356,0.040818,,1576600,,
0,0,,0.430602,0.015258,0.022618,0.005809,0.10174,0.101842,0.09393,0.034241,0.14633,0.047629,,1573800,,
0,0,,0.34522,0.041195,0.016492,0.023072,0.105062,0.120416,0.071939,0.046205,0.16265,0.067748,,1582100,,
0,0,,0.411489,0.013847,0.021434,0.005589,0.115987,0.100962,0.126853,0.032221,0.122035,0.049582,,1575700,,
0,0,,0.424964,0.014435,0.024176,0.005443,0.11399,0.096922,0.124195,0.03221,0.124331,0.039336,,1575500,,
0,0,,0.419364,0.016935,0.024176,0.010443,0.11399,0.099022,0.124195,0.03221,0.121131,0.038536,,1575600,,
0,0,,0.426641,0.014212,0.023862,0.005479,0.116388,0.095619,0.122972,0.031655,0.121556,0.041618,,1573800,,
0,0,,0.406641,0.014212,0.023862,0.005479,0.116388,0.095619,0.122972,0.031655,0.141556,0.041618,,1576700,,
0,0,,0.416443,0.052087,0.017562,0.006007,0.099793,0.097779,0.071885,0.03823,0.146078,0.054136,,1618300,,
0,0,,0.398924,0.072092,0.014461,0.006377,0.113157,0.098997,0.057408,0.036315,0.141653,0.060615,,1581900,,
0,0,,0.412247,0.014048,0.022648,0.005516,0.109926,0.09931,0.114439,0.032039,0.144819,0.045009,,1576500,,
0,0,,0.423316,0.014581,0.023991,0.005443,0.106674,0.096579,0.134621,0.03184,0.1225,0.040455,,1585000,,
0,0,,0.278771,0.044182,0.107753,0.044909,0.047139,0.107547,0.13937,0.0445,0.130698,0.05513,,1579300,,
0,0,,0.445945,0.015264,0.019516,0.00618,0.115104,0.09266,0.079453,0.032326,0.140243,0.053309,,1575800,,
0,0,,0.40193,0.056375,0.011433,0.013048,0.105833,0.099316,0.053776,0.042837,0.151067,0.064385,,1577100,,
0,0,,0.419397,0.026214,0.017809,0.006089,0.106906,0.094991,0.071885,0.038027,0.162363,0.056319,,1573600,,
0,0,,0.341653,0.017001,0.056555,0.007063,0.083516,0.122034,0.150443,0.03868,0.131884,0.051171,,1586700,,
0,0,,0.429053,0.016602,0.024046,0.010443,0.111181,0.1001,0.111599,0.032226,0.126234,0.038517,,1577500,,
0,0,,0.422214,0.034512,0.018055,0.006171,0.113981,0.097483,0.071885,0.038302,0.142965,0.054431,,1585900,,
0,0,,0.428295,0.016401,0.022832,0.010516,0.117242,0.101753,0.104013,0.032408,0.12345,0.04309,,1574700,,
0,0,,0.413202,0.013853,0.018332,0.00596,0.129351,0.102181,0.092376,0.030306,0.138379,0.056062,,1576300,,
0,0,,0.401442,0.015813,0.024247,0.006669,0.124968,0.117932,0.12099,0.03222,0.120076,0.035643,,1580400,,
0,0,,0.364037,0.015607,0.048616,0.006103,0.098113,0.137988,0.139597,0.032946,0.136039,0.020954,,1575500,,
0,0,,0.322392,0.106977,0.012632,0.018131,0.100709,0.121578,0.055696,0.045599,0.115124,0.101162,,1581800,,
0,0,,0.40291,0.01346,0.022401,0.005469,0.115265,0.100442,0.115404,0.037631,0.144278,0.04274,,1573700,,
0,0,,0.311728,0.015799,0.025605,0.023776,0.096085,0.106006,0.174861,0.041239,0.170379,0.034523,,1574600,,
0,0,,0.397716,0.017081,0.023991,0.010443,0.106674,0.098679,0.134621,0.03184,0.1393,0.039655,,1574200,,
0,0,,0.424489,0.015677,0.023862,0.005663,0.091526,0.097213,0.120931,0.03345,0.147587,0.039602,,1571300,,
0,0,,0.423101,0.013101,0.016871,0.00595,0.148228,0.096603,0.084809,0.036283,0.11867,0.056384,,1573200,,
0,0,,0.405884,0.014011,0.022648,0.005552,0.122449,0.097271,0.115386,0.031837,0.138771,0.046191,,1575400,,
0,0,,0.419364,0.016935,0.024176,0.010443,0.11399,0.099022,0.124195,0.03221,0.121131,0.038536,,1578100,,
0,0,,0.402558,0.014381,0.022777,0.005516,0.112735,0.098231,0.127035,0.032023,0.139716,0.045028,,1576600,,
0,0,,0.430602,0.015258,0.022618,0.005809,0.10174,0.101842,0.09393,0.034241,0.14633,0.047629,,1574200,,
0,0,,0.436443,0.052087,0.017562,0.006007,0.099793,0.097779,0.071885,0.03823,0.126078,0.054136,,1578300,,
0,0,,0.384457,0.035876,0.017592,0.005713,0.107979,0.105647,0.092394,0.036028,0.146997,0.067316,,1575700,,
0,0,,0.396443,0.052087,0.017562,0.006007,0.099793,0.097779,0.071885,0.03823,0.166078,0.054136,,1573600,,
0,0,,0.411489,0.013847,0.021434,0.005589,0.115987,0.100962,0.106853,0.032221,0.142035,0.049582,,1575900,,
0,0,,0.401041,0.016712,0.023862,0.010479,0.116388,0.097719,0.122972,0.031655,0.138356,0.040818,,1572200,,
0,0,,0.322962,0.128364,0.030469,0.037913,0.061992,0.12498,0.028818,0.067442,0.131937,0.065124,,1615700,,
0,0,,0.406932,0.0562,0.01339,0.023442,0.098426,0.101635,0.057462,0.04429,0.138994,0.059228,,1582400,,
0,0,,0.414679,0.024967,0.017839,0.005831,0.127614,0.09042,0.093341,0.035624,0.134804,0.05488,,1582700,,
0,0,,0.419364,0.016935,0.024176,0.010443,0.11399,0.099022,0.124195,0.03221,0.121131,0.038536,,1581500,,
0,0,,0.401265,0.017004,0.02629,0.011113,0.085625,0.102021,0.155892,0.031227,0.129158,0.040405,,1578900,,
0,0,,0.420371,0.018041,0.024553,0.010499,0.07525,0.10128,0.109119,0.039176,0.168289,0.033422,,1576300,,
0,0,,0.397716,0.017081,0.023991,0.010443,0.106674,0.098679,0.134621,0.03184,0.1393,0.039655,,1575300,,
0,0,,0.407405,0.016749,0.023862,0.010443,0.103865,0.099758,0.122025,0.031856,0.144403,0.039636,,1582600,,
0,0,,0.42934,0.014713,0.019269,0.006098,0.10792,0.106231,0.079471,0.038119,0.14818,0.050658,,1559600,,
0,0,,0.394679,0.024967,0.017839,0.005831,0.127614,0.09042,0.093341,0.035624,0.154804,0.05488,,1580700,,
0,0,,0.424964,0.014435,0.024176,0.005443,0.11399,0.096922,0.124195,0.03221,0.124331,0.039336,,1580400,,
0,0,,0.44512,0.013847,0.021434,0.005589,0.115987,0.090562,0.106853,0.032221,0.119604,0.048782,,1586800,,
0,0,,0.400285,0.024803,0.016625,0.005868,0.141153,0.094111,0.084809,0.036008,0.138067,0.058271,,1576600,,
0,0,,0.42934,0.014713,0.019269,0.006098,0.10792,0.106231,0.079471,0.038119,0.14818,0.050658,,1567300,,
0,0,,0.423865,0.013265,0.018085,0.005913,0.134689,0.103312,0.093341,0.035899,0.117837,0.053792,,1573000,,
0,0,,0.420121,0.017135,0.02539,0.01037,0.107929,0.097369,0.131781,0.032027,0.123915,0.033962,,1577400,,
0,0,,0.442214,0.014512,0.018055,0.006171,0.113981,0.097483,0.071885,0.038302,0.142965,0.054431,,1582100,,
0,0,,0.462214,0.014512,0.018055,0.006171,0.113981,0.097483,0.071885,0.038302,0.122965,0.054431,,1577700,,
0,0,,0.34029,0.103999,0.030469,0.044728,0.062296,0.110635,0.028907,0.066168,0.129912,0.082597,,1583800,,
0,0,,0.417495,0.013265,0.018085,0.005913,0.134689,0.092912,0.093341,0.035899,0.135407,0.052992,,1577400,,
0,0,,0.285894,0.040173,0.10208,0.033245,0.049282,0.115269,0.120179,0.0446,0.14541,0.063868,,1581400,,
0,0,,0.405126,0.01381,0.021434,0.005625,0.12851,0.098924,0.1078,0.03202,0.135987,0.050764,,1609000,,
0,0,,0.256049,0.041606,0.021415,0.019835,0.125019,0.174414,0.095514,0.039195,0.133972,0.092982,,1586100,,
0,0,,0.411489,0.013847,0.021434,0.005589,0.115987,0.100962,0.106853,0.032221,0.142035,0.049582,,1582500,,
0,0,,0.383801,0.081053,0.011792,0.025012,0.098305,0.101355,0.053926,0.043128,0.135217,0.066412,,1578300,,
0,0,,0.408516,0.013296,0.021187,0.005507,0.108803,0.104133,0.106871,0.038015,0.147541,0.046131,,1578500,,
0,0,,0.442983,0.034512,0.018055,0.006171,0.113981,0.097483,0.071885,0.038302,0.122196,0.054431,,1570500,,
0,0,,0.324455,0.109135,0.02379,0.037887,0.070237,0.135618,0.035277,0.061495,0.14189,0.060216,,1585400,,
0,0,,0.411489,0.013847,0.021434,0.005589,0.115987,0.100962,0.106853,0.032221,0.142035,0.049582,,1591300,,
0,0,,0.433895,0.013901,0.022832,0.005516,0.117242,0.099653,0.104013,0.032408,0.12665,0.04389,,1574100,,
0,0,,0.413202,0.013853,0.018332,0.00596,0.129351,0.102181,0.092376,0.030306,0.138379,0.056062,,1597200,,
0,0,,0.385884,0.014011,0.022648,0.005552,0.122449,0.097271,0.135386,0.031837,0.138771,0.046191,,1577100,,
0,0,,0.340886,0.023236,0.04877,0.006114,0.063586,0.129213,0.133098,0.039342,0.177184,0.038572,,1581300,,
0,0,,0.426833,0.013853,0.018332,0.00596,0.129351,0.091781,0.112376,0.030306,0.115948,0.055262,,1572300,,
0,0,,0.403101,0.013101,0.016871,0.00595,0.128228,0.096603,0.084809,0.036283,0.13867,0.076384,,1579000,,
0,0,,0.431769,0.026232,0.016625,0.006089,0.108814,0.093666,0.083715,0.037601,0.138051,0.057438,,1578000,,
0,0,,0.421389,0.013095,0.019973,0.00558,0.114864,0.095385,0.099286,0.038198,0.142326,0.049904,,1586300,,
0,0,,0.462971,0.014713,0.019269,0.006098,0.10792,0.095831,0.079471,0.038119,0.12575,0.049858,,1573800,,
0,0,,0.420285,0.024803,0.016625,0.005868,0.121153,0.094111,0.084809,0.036008,0.138067,0.058271,,1579400,,
0,0,,0.342725,0.122595,0.030451,0.038949,0.06237,0.107292,0.029296,0.068387,0.137698,0.060238,,1576400,,
0,0,,0.405884,0.014011,0.022648,0.005552,0.122449,0.097271,0.115386,0.031837,0.138771,0.046191,,1625300,,
0,0,,0.407405,0.016749,0.023862,0.010443,0.103865,0.099758,0.122025,0.031856,0.144403,0.039636,,1589300,,
0,0,,0.410796,0.014158,0.022666,0.00548,0.097495,0.100657,0.11468,0.032021,0.150689,0.051359,,1592100,,
0,0,,0.413202,0.013853,0.018332,0.00596,0.129351,0.102181,0.112376,0.030306,0.118379,0.056062,,1577800,,
0,0,,0.385126,0.01381,0.021434,0.005625,0.12851,0.098924,0.1278,0.03202,0.135987,0.050764,,1577400,,
0,0,,0.429053,0.016602,0.024046,0.010443,0.111181,0.1001,0.111599,0.032226,0.126234,0.038517,,1578000,,
0,0,,0.406844,0.033652,0.017118,0.006033,0.155412,0.093433,0.084791,0.030489,0.112394,0.059835,,1560800,,
0,0,,0.400285,0.024803,0.016625,0.005868,0.141153,0.094111,0.084809,0.036008,0.138067,0.058271,,1577400,,
0,0,,0.420121,0.017135,0.02539,0.01037,0.107929,0.097369,0.131781,0.032027,0.123915,0.033962,,1574900,,
0,0,,0.419364,0.016935,0.024176,0.010443,0.11399,0.099022,0.124195,0.03221,0.121131,0.038536,,1616900,,
0,0,,0.412247,0.014048,0.022648,0.005516,0.109926,0.09931,0.114439,0.032039,0.144819,0.045009,,1585300,,
0,0,,0.458317,0.015281,0.018332,0.00618,0.117012,0.091336,0.091283,0.0319,0.115931,0.054428,,1635200,,
0,0,,0.400285,0.024803,0.016625,0.005868,0.141153,0.094111,0.084809,0.036008,0.138067,0.058271,,1587000,,
0,0,,0.411489,0.013847,0.021434,0.005589,0.115987,0.100962,0.106853,0.032221,0.142035,0.049582,,1587700,,
0,0,,0.37733,0.035675,0.016378,0.005786,0.13404,0.096899,0.084809,0.03621,0.141783,0.071089,,1584100,,
0,0,,0.266541,0.040843,0.021707,0.019871,0.135985,0.171341,0.089062,0.039248,0.134985,0.080417,,1585300,,
0,0,,0.420285,0.024803,0.016625,0.005868,0.121153,0.094111,0.084809,0.036008,0.138067,0.058271,,1577900,,
0,0,,0.38522,0.056195,0.016492,0.023072,0.085062,0.100416,0.071939,0.046205,0.16265,0.052748,,1596900,,
0,0,,0.385884,0.014011,0.022648,0.005552,0.122449,0.097271,0.135386,0.031837,0.138771,0.046191,,1584200,,
0,0,,0.40291,0.01346,0.022401,0.005469,0.115265,0.100442,0.115404,0.037631,0.144278,0.04274,,1625300,,
0,0,,0.424964,0.014435,0.024176,0.005443,0.11399,0.096922,0.124195,0.03221,0.124331,0.039336,,1573300,,
0,0,,0.391889,0.015681,0.045332,0.006596,0.116098,0.117358,0.115979,0.032053,0.127963,0.031051,,1589100,,
0,0,,0.411889,0.015681,0.025332,0.006596,0.116098,0.117358,0.115979,0.032053,0.127963,0.031051,,1589700,,
0,0,,0.413202,0.013853,0.018332,0.00596,0.129351,0.102181,0.092376,0.030306,0.138379,0.056062,,1593800,,
0,0,,0.426641,0.014212,0.023862,0.005479,0.116388,0.095619,0.122972,0.031655,0.121556,0.041618,,1568900,,
0,0,,0.408516,0.013296,0.021187,0.005507,0.108803,0.104133,0.106871,0.038015,0.147541,0.046131,,1575200,,
0,0,,0.362732,0.015794,0.048746,0.006919,0.09488,0.125716,0.15089,0.032666,0.130804,0.030855,,1588600,,
0,0,,0.412247,0.014048,0.022648,0.005516,0.109926,0.09931,0.114439,0.032039,0.144819,0.045009,,1573800,,
0,0,,0.412247,0.014048,0.022648,0.005516,0.109926,0.09931,0.114439,0.032039,0.144819,0.045009,,1597500,,
0,0,,0.432247,0.014048,0.022648,0.005516,0.109926,0.09931,0.114439,0.032039,0.124819,0.045009,,1577700,,
0,0,,0.431769,0.026232,0.016625,0.006089,0.108814,0.093666,0.083715,0.037601,0.138051,0.057438,,1594300,,
0,0,,0.410602,0.015258,0.022618,0.005809,0.10174,0.101842,0.11393,0.034241,0.14633,0.047629,,1591000,,
0,0,,0.400285,0.024803,0.016625,0.005868,0.141153,0.094111,0.084809,0.036008,0.138067,0.058271,,1585800,,
0,0,,0.412247,0.014048,0.022648,0.005516,0.109926,0.09931,0.114439,0.032039,0.144819,0.045009,,1555800,,
0,0,,0.337842,0.094048,0.024037,0.043699,0.077651,0.109776,0.035257,0.059832,0.1551,0.062758,,1560600,,
0,0,,0.253003,0.049539,0.133061,0.049476,0.045186,0.106061,0.124932,0.054413,0.144641,0.039688,,1582200,,
0,0,,0.353922,0.046082,0.019153,0.0155,0.159701,0.085219,0.112344,0.030357,0.111033,0.066689,,1591800,,
0,0,,0.393224,0.01719,0.026604,0.011113,0.09575,0.101285,0.158063,0.03158,0.125886,0.039305,,1580400,,
0,0,,0.379812,0.050681,0.013276,0.006157,0.147404,0.098118,0.070331,0.034296,0.137357,0.062568,,1614200,,
0,0,,0.411489,0.013847,0.021434,0.005589,0.115987,0.100962,0.106853,0.032221,0.142035,0.049582,,1586200,,
0,0,,0.399812,0.070681,0.013276,0.006157,0.127404,0.098118,0.070331,0.034296,0.117357,0.062568,,1585800,,
0,0,,0.406641,0.014212,0.023862,0.005479,0.116388,0.095619,0.122972,0.031655,0.141556,0.041618,,1622000,,
0,0,,0.434653,0.014102,0.024046,0.005443,0.111181,0.098,0.111599,0.032226,0.129434,0.039317,,1583600,,
0,0,,0.397716,0.017081,0.023991,0.010443,0.106674,0.098679,0.134621,0.03184,0.1393,0.039655,,1580500,,
0,0,,0.43238,0.013499,0.020404,0.005662,0.129364,0.102957,0.088842,0.032774,0.121081,0.053036,,1577800,,
0,0,,0.415973,0.012779,0.022904,0.001742,0.12822,0.118563,0.100808,0.032418,0.125595,0.040997,,1589000,,
0,0,,0.325614,0.017001,0.056555,0.007063,0.083442,0.138794,0.150443,0.03868,0.131203,0.051204,,1569700,,
0,0,,0.402152,0.01326,0.021187,0.005542,0.121326,0.102094,0.107818,0.037814,0.141494,0.047313,,1610300,,
0,0,,0.416419,0.014636,0.025205,0.006186,0.094496,0.100494,0.140903,0.031393,0.124471,0.045798,,1569700,,
0,0,,0.405884,0.014011,0.022648,0.005552,0.122449,0.097271,0.115386,0.031837,0.138771,0.046191,,1576700,,
0,0,,0.439397,0.026214,0.017809,0.006089,0.106906,0.094991,0.071885,0.038027,0.142363,0.056319,,1575600,,
0,0,,0.376958,0.016881,0.022777,0.010516,0.112735,0.100331,0.147035,0.032023,0.136516,0.044228,,1580000,,
0,0,,0.3857,0.024998,0.020941,0.005424,0.101728,0.101641,0.106871,0.03774,0.166938,0.048019,,1590500,,
0,0,,0.337546,0.032497,0.016643,0.019821,0.153258,0.09431,0.108612,0.038611,0.144846,0.053855,,1592300,,
0,0,,0.411489,0.013847,0.021434,0.005589,0.115987,0.100962,0.106853,0.032221,0.142035,0.049582,,1555900,,
0,0,,0.373892,0.032497,0.016643,0.019821,0.153585,0.09431,0.085846,0.038007,0.131828,0.05357,,1578300,,
0,2,,0.139391,0.144006,0.146529,0.053092,0.05007,0.066064,0.134766,0.053931,0.130487,0.081664,,1567200,,
0,0,,0.398578,0.024761,0.019727,0.005533,0.120312,0.101254,0.100233,0.037721,0.138107,0.053774,,1617700,,
0,0,,0.417666,0.013939,0.022636,0.005553,0.101648,0.103633,0.095265,0.032629,0.152217,0.054813,,1576700,,
0,0,,0.424368,0.01361,0.020219,0.005698,0.134571,0.100576,0.100215,0.032203,0.113203,0.055337,,1576700,,
0,0,,0.429278,0.013194,0.018074,0.005915,0.113889,0.099274,0.07322,0.03669,0.148852,0.061615,,1579100,,
0,0,,0.3866,0.071522,0.01303,0.011479,0.105954,0.099596,0.057312,0.043999,0.153307,0.057201,,1567300,,
0,0,,0.423101,0.013101,0.016871,0.00595,0.148228,0.096603,0.084809,0.036283,0.11867,0.056384,,1574900,,
0,0,,0.400285,0.044803,0.016625,0.005868,0.121153,0.094111,0.084809,0.036008,0.138067,0.058271,,1572100,,
0,0,,0.426462,0.024896,0.017827,0.005832,0.106814,0.096782,0.07322,0.036415,0.148249,0.063502,,1559800,,
0,0,,0.413202,0.013853,0.018332,0.00596,0.129351,0.102181,0.092376,0.030306,0.138379,0.056062,,1578800,,
0,0,,0.278349,0.031633,0.071329,0.031048,0.081332,0.107695,0.179178,0.057717,0.115387,0.046332,,1612500,,
0,0,,0.428162,0.016949,0.025076,0.01037,0.097804,0.098106,0.12961,0.031674,0.127187,0.035063,,1586900,,
0,0,,0.385126,0.01381,0.021434,0.005625,0.12851,0.098924,0.1278,0.03202,0.135987,0.050764,,1570900,,
0,0,,0.433895,0.013901,0.022832,0.005516,0.117242,0.099653,0.104013,0.032408,0.12665,0.04389,,1571100,,
0,0,,0.416443,0.052087,0.017562,0.006007,0.099793,0.097779,0.071885,0.03823,0.146078,0.054136,,1582500,,
0,0,,0.420121,0.017135,0.02539,0.01037,0.107929,0.097369,0.131781,0.032027,0.123915,0.033962,,1586800,,
0,0,,0.433895,0.013901,0.022832,0.005516,0.117242,0.099653,0.104013,0.032408,0.12665,0.04389,,1579600,,
0,0,,0.448386,0.014908,0.023585,0.005654,0.088495,0.10336,0.101534,0.039852,0.134621,0.039605,,1583200,,
0,0,,0.409573,0.072073,0.013276,0.011561,0.113138,0.096425,0.057294,0.038205,0.127801,0.060652,,1576900,,
0,0,,0.433005,0.014249,0.023862,0.005443,0.103865,0.097658,0.122025,0.031856,0.127603,0.040436,,1583900,,
0,0,,0.417666,0.013939,0.022636,0.005553,0.101648,0.103633,0.095265,0.032629,0.152217,0.054813,,1614000,,
0,0,,0.400284,0.016511,0.022648,0.010552,0.122449,0.099371,0.115386,0.031837,0.135571,0.045391,,1575300,,
0,0,,0.411489,0.013847,0.021434,0.005589,0.115987,0.100962,0.106853,0.032221,0.142035,0.049582,,1569300,,
0,0,,0.393123,0.012497,0.016643,0.019821,0.153585,0.09431,0.085846,0.038007,0.132598,0.05357,,1589900,,
0,0,,0.420285,0.024803,0.016625,0.005868,0.141153,0.094111,0.084809,0.036008,0.118067,0.058271,,1583100,,
0,0,,0.417495,0.013265,0.018085,0.005913,0.134689,0.092912,0.093341,0.035899,0.135407,0.052992,,1597000,,
0,0,,0.401048,0.024967,0.017839,0.005831,0.127614,0.10082,0.093341,0.035624,0.137235,0.05568,,1579500,,
0,0,,0.418606,0.016734,0.022962,0.010516,0.120051,0.100674,0.11661,0.032392,0.118347,0.043109,,1576300,,
0,0,,0.420285,0.024803,0.016625,0.005868,0.121153,0.094111,0.084809,0.036008,0.138067,0.058271,,1577800,,
0,0,,0.412247,0.014048,0.022648,0.005516,0.109926,0.09931,0.114439,0.032039,0.144819,0.045009,,1592700,,
0,0,,0.4257,0.024998,0.020941,0.005424,0.101728,0.101641,0.106871,0.03774,0.126938,0.048019,,1558800,,
0,0,,0.416443,0.032087,0.017562,0.006007,0.099793,0.097779,0.071885,0.03823,0.166078,0.054136,,1552000,,
0,0,,0.382088,0.060626,0.012881,0.00769,0.112944,0.100509,0.055206,0.033541,0.144531,0.089983,,1575600,,
0,0,,0.412247,0.014048,0.022648,0.005516,0.109926,0.09931,0.114439,0.032039,0.144819,0.045009,,1571500,,
0,0,,0.424073,0.014782,0.025205,0.00537,0.100613,0.094927,0.142206,0.031658,0.125284,0.035882,,1571400,,
0,0,,0.300625,0.019992,0.033106,0.026387,0.056569,0.113932,0.122669,0.040846,0.223848,0.062027,,1760800,,
0,0,,0.314411,0.034251,0.072543,0.027521,0.048395,0.116005,0.118997,0.042008,0.163673,0.062198,,2189300,,
0,0,,0.416443,0.037087,0.017562,0.006007,0.099793,0.097779,0.071885,0.03823,0.146078,0.069136,,1599600,,
0,0,,0.400121,0.017135,0.02539,0.01037,0.107929,0.097369,0.151781,0.032027,0.123915,0.033962,,1544200,,
0,0,,0.424206,0.014234,0.022962,0.005516,0.120051,0.098574,0.11661,0.032392,0.121547,0.043909,,1558000,,
0,0,,0.411489,0.013847,0.021434,0.005589,0.115987,0.100962,0.106853,0.032221,0.142035,0.049582,,1573100,,
0,0,,0.431769,0.026232,0.016625,0.006089,0.108814,0.093666,0.083715,0.037601,0.138051,0.057438,,1581200,,
1,1,,0.100236,0.206278,0.096036,0.108534,0.024143,0.131341,0.020982,0.070536,0.089105,0.152808,,1553600,,
1,1,,0.088301,0.164709,0.147437,0.049808,0.121532,0.082094,0.095306,0.085138,0.071727,0.093947,,1546000,,
1,1,,0.100404,0.255917,0.085632,0.115125,0.041343,0.083106,0.013665,0.083085,0.073329,0.148394,,1558900,,
1,1,,0.073955,0.257643,0.170056,0.105192,0.027364,0.11734,0.034577,0.092721,0.049143,0.072008,,1583700,,
1,9,,0.137897,0.169682,0.051599,0.085441,0.096323,0.080681,0.034054,0.066432,0.078758,0.199132,,1578600,,
1,2,,0.099817,0.172682,0.234927,0.06992,0.0491,0.066637,0.055601,0.07993,0.117,0.054386,,1603800,,
1,2,,0.082995,0.116542,0.339149,0.090594,0.011683,0.096652,0.036549,0.122164,0.072388,0.031285,,1578700,,
1,2,,0.076584,0.166426,0.254838,0.099705,0.011817,0.067511,0.051219,0.10634,0.115217,0.050343,,1551600,,
1,9,,0.169249,0.165398,0.045125,0.104503,0.071219,0.085505,0.036583,0.057483,0.082767,0.182169,,1568700,,
1,1,,0.097026,0.188424,0.103399,0.179894,0.023697,0.095101,0.017778,0.081286,0.070641,0.142753,,1542200,,
1,1,,0.127577,0.225112,0.067961,0.103007,0.041874,0.089856,0.01634,0.091755,0.085309,0.151209,,1538300,,
1,3,,0.093751,0.178726,0.099183,0.183291,0.016587,0.098486,0.017813,0.080519,0.076761,0.154883,,1576100,,
1,1,,0.069539,0.241644,0.161402,0.124947,0.025839,0.098847,0.018274,0.09525,0.069698,0.09456,,1578300,,
1,3,,0.074852,0.123058,0.122379,0.175586,0.015614,0.113364,0.065244,0.08727,0.0891,0.133531,,1549700,,
1,3,,0.050397,0.185175,0.090439,0.235397,0.016271,0.079211,0.030058,0.083482,0.049746,0.179824,,1561400,,
1,1,,0.07509,0.240367,0.123065,0.153542,0.033463,0.094399,0.013701,0.08478,0.06865,0.112943,,1606900,,
1,2,,0.099072,0.178064,0.260477,0.087218,0.04431,0.070523,0.051951,0.096521,0.049777,0.062087,,1578100,,
1,1,,0.129072,0.198875,0.083427,0.096407,0.053954,0.093377,0.019486,0.084562,0.080528,0.160312,,1569200,,
1,3,,0.067498,0.187564,0.152789,0.222772,0.017039,0.084945,0.025812,0.099673,0.04673,0.095177,,1587800,,
1,1,,0.092254,0.189223,0.126246,0.148502,0.016313,0.108645,0.02087,0.087277,0.07663,0.134041,,1573500,,
1,1,,0.151668,0.195834,0.073946,0.090173,0.036519,0.091655,0.025693,0.083564,0.093868,0.157079,,1582900,,
1,1,,0.080404,0.275917,0.085632,0.115125,0.041343,0.083106,0.013665,0.083085,0.073329,0.148394,,1577700,,
1,3,,0.072431,0.131018,0.129069,0.196509,0.014237,0.123206,0.01924,0.09359,0.06876,0.151939,,1564900,,
1,2,,0.048258,0.198565,0.248521,0.118,0.011721,0.070965,0.010287,0.12683,0.086173,0.08068,,1596500,,
1,2,,0.08002,0.187216,0.211128,0.059136,0.059932,0.088595,0.056068,0.076579,0.118691,0.062636,,1588100,,
1,2,,0.083899,0.120418,0.294905,0.097796,0.012004,0.096069,0.057616,0.108616,0.0972,0.031476,,1577500,,
1,1,,0.051563,0.219629,0.181146,0.125336,0.023435,0.105031,0.058709,0.090344,0.080503,0.064302,,1559700,,
1,2,,0.099243,0.151187,0.245408,0.085376,0.044297,0.089052,0.052904,0.105102,0.071001,0.05643,,1540500,,
1,1,,0.091423,0.232559,0.091456,0.158226,0.026231,0.086045,0.01383,0.084558,0.078342,0.137331,,1556800,,
1,2,,0.084239,0.130581,0.303269,0.097872,0.012004,0.096107,0.057616,0.109031,0.077729,0.031552,,1579800,,
1,5,,0.087419,0.097276,0.095588,0.081393,0.07636,0.179231,0.151465,0.056038,0.054709,0.120522,,1575200,,
1,1,,0.069457,0.234456,0.15734,0.130069,0.022788,0.097193,0.015076,0.098584,0.078651,0.096387,,1568800,,
1,1,,0.076673,0.236531,0.131118,0.109479,0.04105,0.098462,0.019757,0.086248,0.076173,0.12451,,1564200,,
1,1,,0.09742,0.191683,0.098508,0.149112,0.02373,0.084867,0.017781,0.077247,0.099021,0.160632,,1573000,,
1,1,,0.151668,0.195834,0.073946,0.090173,0.036519,0.091655,0.025693,0.083564,0.093868,0.157079,,1607000,,
1,1,,0.149446,0.187201,0.073946,0.097159,0.035936,0.087539,0.019603,0.08399,0.094638,0.170542,,1580400,,
1,2,,0.108108,0.15439,0.259404,0.051039,0.053465,0.070776,0.059887,0.101137,0.080605,0.061189,,1568800,,
1,3,,0.101394,0.097761,0.099038,0.246104,0.026005,0.094181,0.082309,0.072054,0.085831,0.095322,,1582400,,
1,1,,0.088283,0.161726,0.140949,0.04986,0.139737,0.079196,0.09601,0.079131,0.051337,0.113772,,1587300,,
1,1,,0.121551,0.212816,0.075921,0.137726,0.037972,0.086192,0.01556,0.100725,0.081404,0.130133,,1559600,,
1,9,,0.11762,0.168825,0.093277,0.149725,0.024556,0.093327,0.023865,0.080099,0.077404,0.171301,,1554700,,
1,1,,0.070529,0.233669,0.130068,0.1676,0.026015,0.093261,0.013738,0.088775,0.065137,0.111209,,1565600,,
1,1,,0.114314,0.184074,0.134141,0.037825,0.117327,0.091183,0.125357,0.077224,0.060513,0.058041,,1570500,,
1,9,,0.13565,0.156162,0.060405,0.148912,0.02796,0.092075,0.021037,0.092362,0.098595,0.166842,,1617700,,
1,1,,0.068714,0.217827,0.162976,0.194923,0.018263,0.069031,0.013461,0.102392,0.072319,0.080093,,1590700,,
1,1,,0.074273,0.289464,0.153549,0.110225,0.024003,0.097373,0.022835,0.087873,0.04904,0.091366,,1589000,,
1,0,,0.200719,0.122281,0.029461,0.061128,0.091821,0.127112,0.047645,0.056128,0.109551,0.154155,,1573800,,
1,9,,0.184843,0.126418,0.039607,0.100259,0.074555,0.085673,0.037984,0.076069,0.077525,0.197068,,1589500,,
1,2,,0.107608,0.168636,0.244435,0.059489,0.045448,0.065962,0.062459,0.077912,0.118301,0.049749,,1579800,,
1,1,,0.070998,0.213031,0.108306,0.170171,0.022466,0.104033,0.014643,0.08297,0.072514,0.140867,,1577600,,
1,1,,0.1434,0.157109,0.066557,0.156304,0.02788,0.092067,0.019657,0.09037,0.09251,0.154145,,1624500,,
1,3,,0.092473,0.166888,0.105723,0.185976,0.016441,0.099896,0.017903,0.083952,0.077789,0.152958,,1771000,,
1,2,,0.073621,0.17751,0.274269,0.093948,0.012387,0.092611,0.023686,0.111801,0.092423,0.047745,,1592800,,
1,1,,0.070604,0.206235,0.113198,0.17213,0.022434,0.088158,0.01464,0.087598,0.073059,0.151945,,1626500,,
1,1,,0.070785,0.229506,0.128807,0.160733,0.026054,0.082462,0.013717,0.093308,0.070735,0.123893,,1577600,,
1,1,,0.12407,0.204611,0.088467,0.109237,0.032223,0.090393,0.023832,0.073306,0.081061,0.1728,,1581200,,
1,2,,0.073275,0.15733,0.295385,0.09931,0.010002,0.074114,0.021301,0.112352,0.111286,0.045645,,1582300,,
1,3,,0.074139,0.109831,0.134314,0.20335,0.012748,0.112278,0.051994,0.086818,0.084264,0.130265,,1579000,,
1,2,,0.078898,0.131053,0.278193,0.12496,0.012066,0.07179,0.049378,0.122085,0.092464,0.039113,,1571500,,
1,1,,0.121983,0.188068,0.071444,0.141306,0.033066,0.088491,0.019143,0.07785,0.079103,0.179546,,1543900,,
1,1,,0.095793,0.20494,0.074926,0.147976,0.023951,0.090814,0.017777,0.081781,0.079803,0.18224,,1584300,,
1,1,,0.144677,0.188948,0.080018,0.113619,0.028026,0.090658,0.019567,0.086936,0.091482,0.15607,,1597800,,
1,1,,0.113114,0.173236,0.124577,0.055209,0.135639,0.071592,0.101638,0.094547,0.076826,0.053622,,1654400,,
1,2,,0.06862,0.226378,0.233322,0.132078,0.017847,0.081454,0.015746,0.109707,0.045843,0.069005,,1588500,,
1,1,,0.093411,0.206646,0.083225,0.192526,0.016531,0.096125,0.017904,0.08211,0.071725,0.139796,,1588100,,
1,1,,0.097026,0.188424,0.103399,0.179894,0.023697,0.095101,0.017778,0.081286,0.070641,0.142753,,1583400,,
1,3,,0.095793,0.169913,0.088386,0.177105,0.024005,0.102868,0.017777,0.077074,0.075478,0.171601,,1570200,,
1,1,,0.133355,0.175856,0.071099,0.160371,0.018439,0.087864,0.019217,0.083721,0.088657,0.161421,,1579600,,
1,1,,0.069478,0.259047,0.186484,0.117477,0.016594,0.075561,0.012981,0.131957,0.069337,0.061084,,1587100,,
1,9,,0.065626,0.090504,0.111315,0.059156,0.122488,0.108549,0.147134,0.048881,0.091985,0.15436,,1582000,,
1,1,,0.07919,0.241106,0.088652,0.142203,0.03712,0.091934,0.014587,0.08144,0.074054,0.149714,,1570100,,
1,5,,0.079503,0.120618,0.124377,0.120481,0.019674,0.1649,0.10539,0.090214,0.068047,0.106796,,1589900,,
1,6,,0.084999,0.091688,0.08945,0.062588,0.092191,0.155053,0.162557,0.054022,0.057711,0.149742,,1580800,,
1,1,,0.074442,0.268414,0.165812,0.117908,0.028147,0.090373,0.023942,0.095537,0.072037,0.063388,,1590000,,
1,1,,0.119696,0.217167,0.06647,0.110078,0.037533,0.092921,0.01855,0.090645,0.090961,0.155978,,1583500,,
1,1,,0.10832,0.233341,0.08004,0.093319,0.080318,0.080402,0.032654,0.07712,0.072548,0.141939,,1589400,,
1,1,,0.073762,0.221166,0.173954,0.125469,0.022707,0.092321,0.024475,0.087259,0.084047,0.094839,,1576400,,
1,1,,0.101147,0.211031,0.14389,0.070812,0.064773,0.081923,0.066175,0.06233,0.094795,0.103124,,1583500,,
1,1,,0.103612,0.2063,0.092455,0.119583,0.032132,0.108102,0.023998,0.076076,0.081985,0.155758,,1580400,,
1,1,,0.06862,0.189665,0.18778,0.16385,0.011627,0.08105,0.011121,0.129003,0.089967,0.067317,,1580900,,
1,1,,0.052157,0.204101,0.172995,0.197084,0.019453,0.081188,0.019465,0.099908,0.045218,0.108432,,1588300,,
1,9,,0.116737,0.166681,0.088386,0.151934,0.024496,0.095448,0.023957,0.075374,0.081411,0.175576,,1632100,,
1,9,,0.12268,0.193193,0.056406,0.145619,0.0347,0.085796,0.019197,0.068933,0.079825,0.193652,,1759000,,
1,1,,0.10236,0.185655,0.094247,0.107249,0.072786,0.081911,0.03269,0.081139,0.072201,0.169762,,1585700,,
1,1,,0.147249,0.184814,0.070221,0.108375,0.043383,0.087438,0.017934,0.084481,0.085282,0.170822,,1578400,,
1,3,,0.074041,0.128041,0.127864,0.170292,0.013349,0.137829,0.046569,0.095353,0.069533,0.137131,,1588800,,
1,2,,0.082837,0.116406,0.308172,0.100697,0.012177,0.097231,0.035389,0.122457,0.092786,0.031849,,1580700,,
1,5,,0.079503,0.118118,0.124377,0.132981,0.019674,0.1549,0.10539,0.090214,0.068047,0.106796,,1574800,,
1,1,,0.091179,0.235264,0.103916,0.15495,0.026086,0.084728,0.01372,0.089269,0.074115,0.126772,,1577400,,
1,1,,0.127577,0.225112,0.067961,0.103007,0.041874,0.089856,0.01634,0.091755,0.085309,0.151209,,1610600,,
1,2,,0.068758,0.179406,0.294626,0.117346,0.010252,0.078324,0.013733,0.115582,0.067347,0.054625,,1618900,,
1,1,,0.101286,0.218186,0.165557,0.074412,0.064232,0.076789,0.06611,0.065733,0.100275,0.06742,,1625000,,
1,3,,0.084987,0.104371,0.104151,0.276768,0.017046,0.089696,0.041075,0.100143,0.07301,0.108753,,1579700,,
1,2,,0.084057,0.120554,0.325883,0.087693,0.01151,0.07549,0.058776,0.108323,0.096802,0.030912,,1580100,,
1,2,,0.072634,0.19868,0.220229,0.128522,0.011186,0.096172,0.017181,0.131161,0.070222,0.054013,,1586800,,
1,1,,0.119987,0.234005,0.075604,0.103328,0.045274,0.086782,0.016943,0.09184,0.091526,0.134711,,1586500,,
1,1,,0.112232,0.221638,0.063614,0.12631,0.033627,0.091234,0.016817,0.078863,0.089886,0.165779,,1579800,,
1,2,,0.073565,0.204386,0.255681,0.091554,0.017853,0.074747,0.024762,0.128728,0.072008,0.056715,,1566600,,
1,1,,0.07575,0.184989,0.179865,0.151387,0.032918,0.087258,0.024924,0.096032,0.070854,0.096024,,1572100,,
1,2,,0.128703,0.096288,0.287442,0.024853,0.052868,0.099806,0.107471,0.055368,0.12219,0.025012,,1566300,,
1,1,,0.073716,0.234131,0.185309,0.130263,0.02865,0.086903,0.024307,0.10115,0.071758,0.063812,,1624400,,
1,1,,0.094767,0.233049,0.091452,0.148798,0.033637,0.083257,0.013701,0.085942,0.073316,0.14208,,1594100,,
1,9,,0.151117,0.161873,0.077836,0.098599,0.071262,0.092523,0.042764,0.057954,0.075706,0.170365,,1630200,,
1,1,,0.135208,0.187095,0.049794,0.113119,0.05029,0.090999,0.021288,0.084178,0.091492,0.176537,,1587700,,
1,2,,0.073878,0.208257,0.241141,0.103905,0.018047,0.093397,0.024743,0.109235,0.072443,0.054953,,1580400,,
1,1,,0.053813,0.202811,0.122557,0.158974,0.015568,0.121374,0.037797,0.07107,0.062908,0.153128,,1586200,,
1,1,,0.119577,0.203587,0.082215,0.116687,0.030773,0.092387,0.013946,0.083706,0.079139,0.177983,,1577900,,
1,1,,0.119921,0.227621,0.076423,0.095288,0.040061,0.089852,0.017684,0.093007,0.09253,0.147613,,1573100,,
1,1,,0.094485,0.195942,0.098261,0.148938,0.016619,0.103723,0.017892,0.077048,0.085487,0.161605,,1567600,,
1,5,,0.081359,0.117705,0.112301,0.114066,0.021365,0.166153,0.117888,0.078725,0.06986,0.120579,,1627400,,
1,1,,0.070016,0.20442,0.128891,0.169499,0.021392,0.095027,0.01464,0.094482,0.070559,0.131073,,1592400,,
1,1,,0.132118,0.196566,0.073946,0.090344,0.035633,0.101884,0.019513,0.085264,0.096663,0.168069,,1591100,,
1,3,,0.067596,0.19009,0.1799,0.204321,0.02223,0.084509,0.012955,0.104632,0.042386,0.09138,,1590000,,
1,2,,0.099243,0.162364,0.265408,0.086553,0.044297,0.070229,0.052904,0.087404,0.073353,0.058245,,1583600,,
1,1,,0.055144,0.284413,0.207932,0.071786,0.026997,0.092224,0.025683,0.093989,0.079308,0.062524,,1581800,,
1,1,,0.079322,0.249566,0.08399,0.128916,0.041541,0.087767,0.013756,0.08513,0.073413,0.1566,,1586400,,
1,2,,0.093552,0.12049,0.331382,0.083706,0.01926,0.094735,0.046105,0.10257,0.076876,0.031325,,1578100,,
1,0,,0.176428,0.124933,0.037815,0.10617,0.077962,0.092143,0.039937,0.086983,0.085068,0.172562,,1582800,,
1,1,,0.069242,0.208705,0.16052,0.135444,0.023858,0.094002,0.012426,0.103903,0.072063,0.119836,,1605800,,
1,9,,0.095399,0.161654,0.093277,0.177888,0.023973,0.088102,0.017774,0.081113,0.077098,0.183722,,1587600,,
1,3,,0.070168,0.151859,0.132054,0.209167,0.018917,0.099664,0.034606,0.097093,0.065399,0.121072,,1581800,,
1,2,,0.099133,0.194165,0.20043,0.09577,0.05099,0.074286,0.056267,0.094628,0.06975,0.064581,,1591000,,
1,5,,0.080918,0.116058,0.112708,0.108432,0.022106,0.164312,0.120518,0.078437,0.072548,0.123962,,1583100,,
1,9,,0.105753,0.11678,0.136357,0.052501,0.122159,0.083112,0.125264,0.051518,0.051682,0.154874,,1580600,,
1,2,,0.075567,0.199024,0.24794,0.117315,0.013241,0.078914,0.024055,0.114595,0.072433,0.056917,,1581900,,
1,1,,0.074767,0.273049,0.091452,0.128798,0.033637,0.083257,0.013701,0.085942,0.073316,0.14208,,1579600,,
1,1,,0.094091,0.214146,0.083153,0.180897,0.016587,0.092848,0.017889,0.081676,0.076031,0.142683,,1583200,,
1,2,,0.099516,0.157413,0.268379,0.084903,0.044188,0.067852,0.052159,0.096685,0.072403,0.056503,,1570300,,
1,2,,0.073366,0.181449,0.28161,0.09622,0.012837,0.076101,0.019884,0.130115,0.070804,0.057614,,1593700,,
1,2,,0.072913,0.189671,0.242423,0.095374,0.013333,0.132462,0.019264,0.120205,0.049991,0.064364,,1569200,,
1,1,,0.10807,0.205705,0.082253,0.133086,0.030117,0.088354,0.016094,0.088751,0.090548,0.157022,,1566500,,
1,1,,0.079322,0.249566,0.08399,0.128916,0.041541,0.087767,0.013756,0.08513,0.073413,0.1566,,1567400,,
1,1,,0.156747,0.183265,0.040324,0.075002,0.059406,0.128149,0.025116,0.0724,0.115362,0.14423,,1570400,,
1,5,,0.079062,0.121687,0.120029,0.10851,0.020448,0.17398,0.108168,0.086638,0.07123,0.110246,,1583500,,
1,1,,0.079008,0.246256,0.099592,0.115616,0.03041,0.092587,0.013836,0.08957,0.0735,0.159626,,1585000,,
1,1,,0.145612,0.187268,0.073865,0.106056,0.028884,0.095746,0.025729,0.086906,0.092516,0.157418,,1587000,,
1,9,,0.15519,0.163923,0.043236,0.124807,0.050307,0.089429,0.021377,0.078979,0.092951,0.179799,,1584300,,
1,2,,0.073405,0.202425,0.215741,0.131967,0.01914,0.075163,0.023399,0.105005,0.091212,0.062542,,1612400,,
1,2,,0.073426,0.180747,0.294989,0.109688,0.011568,0.074952,0.021301,0.110322,0.070742,0.052265,,1587200,,
1,5,,0.083406,0.10093,0.106383,0.089219,0.049113,0.1801,0.13645,0.060116,0.066615,0.127667,,1584600,,
1,0,,0.192886,0.135225,0.031239,0.092491,0.078456,0.087152,0.039847,0.080316,0.084138,0.17825,,1583400,,
1,1,,0.074129,0.215146,0.178893,0.118892,0.027549,0.091272,0.034175,0.088147,0.080855,0.090943,,1634800,,
1,1,,0.094145,0.184485,0.094292,0.177509,0.016619,0.100753,0.017816,0.076479,0.08014,0.157763,,1604000,,
1,1,,0.071179,0.235264,0.123916,0.15495,0.026086,0.084728,0.01372,0.089269,0.074115,0.126772,,1588400,,
1,3,,0.072817,0.188598,0.095294,0.219345,0.016718,0.10268,0.036314,0.075224,0.05484,0.13817,,1576100,,
1,9,,0.146894,0.170305,0.046815,0.096302,0.073357,0.092519,0.034279,0.080603,0.07732,0.181607,,1588300,,
1,2,,0.104172,0.159072,0.234221,0.062356,0.050289,0.070068,0.063203,0.106674,0.098238,0.05171,,1585100,,
1,1,,0.11742,0.191683,0.098508,0.149112,0.02373,0.084867,0.017781,0.077247,0.079021,0.160632,,1632100,,
1,3,,0.073047,0.170712,0.061843,0.205499,0.019571,0.116822,0.01938,0.065205,0.076534,0.191387,,1581100,,
