pendigits,Tuned_CWT,test,2,NANOSECONDS,PREDICTIONS, Generated by ClassifierExperiments.java on 2022-05-16 02:12:02.    SYSTEMPROPERTIES:{user.name:matth,os.arch:amd64,os.name:Windows 10},ENDSYSTEMPROPERTIES
No parameter info
0.6951385733757383,1434704400,3403928100,-1,76342528,10,,-1,-1
0,0,,0.403786,0.009477,0.012625,0.033083,0.198208,0.088161,0.053632,0.026124,0.135285,0.039618,,1753100,,
0,0,,0.201057,0.063922,0.129992,0.04492,0.072915,0.077903,0.151243,0.063176,0.10454,0.090333,,1576400,,
0,0,,0.366337,0.033954,0.014443,0.001167,0.181068,0.08897,0.081721,0.02869,0.172609,0.03104,,1570700,,
0,0,,0.404985,0.013954,0.014443,0.021167,0.20118,0.089528,0.060138,0.028162,0.135614,0.030829,,1569500,,
0,0,,0.405754,0.013954,0.014443,0.021167,0.20118,0.088759,0.060138,0.028162,0.135614,0.030829,,1580500,,
0,0,,0.345271,0.037505,0.022504,0.001234,0.118496,0.086477,0.183369,0.029151,0.151449,0.024545,,1565900,,
0,0,,0.391472,0.042061,0.012733,0.040471,0.1497,0.091954,0.053685,0.029341,0.140568,0.048016,,1570600,,
0,0,,0.346085,0.066206,0.032579,0.023204,0.099549,0.116286,0.038239,0.035741,0.130179,0.111933,,1567500,,
0,0,,0.284744,0.049223,0.022551,0.03041,0.096782,0.091413,0.143897,0.031902,0.148421,0.100656,,1570000,,
0,0,,0.383805,0.034817,0.01582,0.001176,0.172188,0.087987,0.089293,0.028975,0.154936,0.031003,,1595300,,
0,0,,0.402938,0.017654,0.020349,0.001154,0.157168,0.08922,0.103917,0.029662,0.148429,0.029507,,1572500,,
0,0,,0.389666,0.027827,0.01268,0.034263,0.19645,0.111123,0.05327,0.027428,0.110368,0.036925,,1574500,,
0,0,,0.343805,0.034817,0.01582,0.001176,0.172188,0.087987,0.109293,0.028975,0.174936,0.031003,,1570000,,
0,0,,0.274805,0.042983,0.031255,0.007797,0.092599,0.107878,0.180548,0.035751,0.135835,0.09055,,1598200,,
0,0,,0.398399,0.072459,0.018674,0.0088,0.11582,0.118284,0.038477,0.038712,0.125211,0.065163,,1573100,,
0,0,,0.34486,0.06402,0.052452,0.008817,0.099402,0.121247,0.038047,0.051069,0.118517,0.101569,,1655200,,
0,0,,0.330876,0.036249,0.016852,0.001261,0.162533,0.084248,0.164797,0.030106,0.139406,0.033671,,1571600,,
0,0,,0.380391,0.040368,0.026112,0.001234,0.114515,0.088385,0.119441,0.030558,0.17424,0.024756,,1567000,,
0,0,,0.434074,0.014317,0.01381,0.001388,0.19444,0.090828,0.05375,0.026317,0.138802,0.032274,,1574600,,
0,0,,0.363275,0.034612,0.01582,0.001154,0.156878,0.086648,0.143507,0.028575,0.140023,0.029507,,1574900,,
0,0,,0.161715,0.075974,0.120563,0.073131,0.033026,0.090714,0.106321,0.077409,0.119008,0.14214,,1543800,,
0,0,,0.389133,0.041867,0.014533,0.040249,0.142318,0.112382,0.06042,0.031512,0.121388,0.046198,,1501300,,
0,0,,0.302247,0.123788,0.040331,0.014208,0.08664,0.120524,0.035678,0.079536,0.109968,0.08708,,1510000,,
0,0,,0.353584,0.041402,0.025511,0.001267,0.127465,0.085856,0.147903,0.031948,0.156753,0.028309,,1510200,,
0,0,,0.335798,0.066364,0.034275,0.023204,0.099473,0.119395,0.037877,0.040195,0.131486,0.111933,,1515700,,
0,0,,0.385754,0.033954,0.014443,0.001167,0.20118,0.088759,0.080138,0.028162,0.135614,0.030829,,1521900,,
0,0,,0.338447,0.038396,0.021903,0.001267,0.130675,0.08413,0.177185,0.030898,0.148789,0.028309,,1509200,,
0,0,,0.405754,0.013954,0.014443,0.001167,0.20118,0.088759,0.080138,0.028162,0.135614,0.030829,,1512000,,
0,0,,0.39501,0.047047,0.031923,0.046079,0.118306,0.096858,0.038367,0.048814,0.139322,0.038275,,1507700,,
0,0,,0.358447,0.038396,0.021903,0.001267,0.130675,0.08413,0.157185,0.030898,0.148789,0.028309,,1538400,,
0,0,,0.391333,0.050202,0.017508,0.008821,0.165953,0.114214,0.038151,0.036557,0.113939,0.063322,,1513500,,
0,0,,0.425495,0.032733,0.018639,0.022682,0.141528,0.093125,0.038385,0.03501,0.135152,0.05725,,1500500,,
0,0,,0.366355,0.034097,0.014443,0.001167,0.18184,0.088788,0.096366,0.028334,0.157782,0.030829,,1504600,,
0,1,,0.18163,0.193173,0.047848,0.057149,0.052449,0.112193,0.016916,0.071383,0.135573,0.131685,,1503500,,
0,0,,0.341914,0.08402,0.032452,0.028817,0.082835,0.096382,0.038047,0.051069,0.142895,0.101569,,1501300,,
0,0,,0.383328,0.050169,0.022342,0.028582,0.139007,0.110623,0.060378,0.037814,0.128396,0.03936,,1505600,,
0,0,,0.278498,0.054768,0.039652,0.021756,0.090872,0.100553,0.121727,0.040902,0.147259,0.104015,,1515200,,
0,0,,0.356291,0.042093,0.028355,0.00776,0.096043,0.092995,0.137056,0.035204,0.173661,0.030542,,1510400,,
0,0,,0.382938,0.037654,0.020349,0.001154,0.157168,0.08922,0.103917,0.029662,0.148429,0.029507,,1502100,,
0,0,,0.387318,0.034505,0.016741,0.001154,0.159606,0.087677,0.099019,0.028969,0.155292,0.029718,,1545800,,
0,0,,0.338423,0.106486,0.013889,0.023476,0.087661,0.111887,0.039673,0.036826,0.127959,0.113719,,1515200,,
0,0,,0.3679,0.033954,0.014443,0.021167,0.198547,0.093623,0.080138,0.028162,0.131236,0.030829,,1512400,,
0,0,,0.405754,0.013954,0.014443,0.001167,0.20118,0.088759,0.080138,0.028162,0.135614,0.030829,,1496700,,
0,0,,0.372526,0.01456,0.011942,0.0131,0.197707,0.115492,0.038527,0.028439,0.10968,0.098027,,1501900,,
0,0,,0.38334,0.034817,0.01582,0.001176,0.192188,0.087987,0.069758,0.028975,0.154936,0.031003,,1497700,,
0,0,,0.349762,0.061131,0.031394,0.023205,0.105492,0.114703,0.0382,0.034665,0.126154,0.115294,,1511900,,
0,0,,0.366355,0.034097,0.014443,0.001167,0.18184,0.088788,0.096366,0.028334,0.157782,0.030829,,1520300,,
0,0,,0.30119,0.079342,0.050422,0.022954,0.084334,0.121473,0.028288,0.063767,0.132309,0.115919,,1516800,,
0,0,,0.379888,0.045528,0.029871,0.006064,0.165545,0.119601,0.038041,0.046723,0.110541,0.058198,,1509500,,
0,0,,0.385754,0.033954,0.014443,0.001167,0.20118,0.088759,0.080138,0.028162,0.135614,0.030829,,1516000,,
0,0,,0.393185,0.017416,0.021068,0.021194,0.196373,0.094831,0.059978,0.034272,0.130349,0.031335,,1505400,,
0,0,,0.365754,0.033954,0.014443,0.021167,0.20118,0.088759,0.080138,0.028162,0.135614,0.030829,,1496900,,
0,0,,0.314959,0.043126,0.030807,0.007797,0.09337,0.110635,0.19674,0.034763,0.137255,0.03055,,1497000,,
0,0,,0.363805,0.034817,0.01582,0.001176,0.172188,0.087987,0.109293,0.028975,0.154936,0.031003,,1502900,,
0,0,,0.405754,0.013954,0.014443,0.001167,0.20118,0.088759,0.080138,0.028162,0.135614,0.030829,,1499500,,
0,2,,0.1332,0.104033,0.161868,0.05038,0.053995,0.080338,0.092471,0.071871,0.112653,0.139191,,1506500,,
0,0,,0.404985,0.013954,0.014443,0.021167,0.20118,0.089528,0.060138,0.028162,0.135614,0.030829,,1499200,,
0,0,,0.417375,0.013455,0.012433,0.001379,0.20332,0.091043,0.046178,0.026032,0.136475,0.052311,,1505500,,
0,0,,0.366355,0.034097,0.014443,0.001167,0.20184,0.088788,0.096366,0.028334,0.137782,0.030829,,1502200,,
0,0,,0.223768,0.149567,0.030143,0.081933,0.066917,0.085163,0.024932,0.055524,0.125469,0.156583,,1509600,,
0,0,,0.346085,0.086206,0.012579,0.023204,0.099549,0.116286,0.038239,0.035741,0.130179,0.111933,,1519400,,
0,0,,0.383823,0.01496,0.01582,0.001176,0.192959,0.087804,0.103939,0.028618,0.140109,0.030792,,1519000,,
0,0,,0.337808,0.040201,0.027154,0.001377,0.106584,0.083629,0.170509,0.030922,0.153261,0.048555,,1523100,,
0,0,,0.385754,0.033954,0.014443,0.001167,0.20118,0.088759,0.080138,0.028162,0.135614,0.030829,,1524200,,
0,0,,0.293217,0.119239,0.024534,0.043172,0.049281,0.122357,0.028631,0.058819,0.136586,0.124163,,1507900,,
0,0,,0.380885,0.037869,0.022759,0.00127,0.104299,0.086137,0.162052,0.029063,0.151275,0.024391,,1500800,,
0,0,,0.363823,0.03496,0.01582,0.001176,0.172959,0.087804,0.103939,0.028618,0.160109,0.030792,,1502900,,
0,0,,0.32486,0.06402,0.052452,0.008817,0.099402,0.141247,0.038047,0.051069,0.118517,0.101569,,1545600,,
0,0,,0.351407,0.036454,0.016852,0.001283,0.177843,0.085587,0.110584,0.030505,0.154319,0.035167,,1508200,,
0,0,,0.355402,0.036285,0.017773,0.001261,0.166032,0.085096,0.134489,0.030143,0.139848,0.033671,,1525600,,
0,0,,0.382473,0.037654,0.020349,0.001154,0.157168,0.08922,0.104382,0.029662,0.148429,0.029507,,1521100,,
0,0,,0.405754,0.013954,0.014443,0.001167,0.20118,0.088759,0.080138,0.028162,0.135614,0.030829,,1524600,,
0,0,,0.366085,0.066206,0.032579,0.023204,0.099549,0.116286,0.038239,0.035741,0.130179,0.091933,,1518700,,
0,0,,0.412504,0.014124,0.01561,0.001167,0.187058,0.090487,0.080485,0.028487,0.139622,0.030456,,1514200,,
0,0,,0.429222,0.012808,0.00989,0.001391,0.229752,0.094454,0.03828,0.025465,0.12477,0.033968,,1517100,,
0,0,,0.329558,0.042067,0.027188,0.00776,0.110936,0.111085,0.151355,0.034523,0.134825,0.050704,,1519700,,
0,0,,0.392451,0.080102,0.012579,0.041587,0.109494,0.116171,0.038239,0.034506,0.126317,0.048554,,1515100,,
0,0,,0.385965,0.039623,0.024479,0.001161,0.121039,0.088437,0.111967,0.030774,0.172197,0.024357,,1517900,,
0,0,,0.388809,0.044327,0.012032,0.020468,0.107641,0.096907,0.038866,0.032735,0.146588,0.111628,,1551700,,
0,0,,0.408093,0.014148,0.012643,0.001388,0.208561,0.088331,0.073403,0.025992,0.134794,0.032647,,1522400,,
0,0,,0.363823,0.03496,0.01582,0.001176,0.172959,0.087804,0.103939,0.028618,0.160109,0.030792,,1514100,,
0,0,,0.382648,0.034187,0.01561,0.00116,0.135547,0.091295,0.082062,0.032173,0.158158,0.067159,,1507500,,
0,0,,0.347895,0.03927,0.017461,0.008235,0.165241,0.083225,0.117472,0.030856,0.15105,0.039296,,1521300,,
0,0,,0.416989,0.014317,0.01381,0.001388,0.191807,0.094923,0.07375,0.026317,0.134424,0.032274,,1511800,,
0,0,,0.383121,0.043918,0.031248,0.026073,0.166612,0.116984,0.045613,0.045135,0.106597,0.0347,,1518000,,
0,0,,0.300879,0.118958,0.023224,0.0429,0.061169,0.126755,0.027197,0.057735,0.138806,0.102377,,1517300,,
0,0,,0.390555,0.014987,0.016987,0.021176,0.158066,0.089714,0.08964,0.0293,0.158944,0.03063,,1511000,,
0,0,,0.385754,0.013954,0.014443,0.021167,0.20118,0.088759,0.080138,0.028162,0.135614,0.030829,,1515000,,
0,0,,0.385754,0.033954,0.014443,0.001167,0.20118,0.088759,0.080138,0.028162,0.135614,0.030829,,1517600,,
0,0,,0.369313,0.035237,0.01582,0.001322,0.191092,0.08895,0.095162,0.028666,0.136775,0.037665,,1520600,,
0,0,,0.238634,0.054768,0.039203,0.021756,0.090872,0.083493,0.123272,0.040271,0.163505,0.144226,,1532200,,
0,0,,0.303665,0.12643,0.033706,0.015798,0.105913,0.119666,0.035669,0.074662,0.114502,0.069989,,1514400,,
0,0,,0.383222,0.034817,0.01582,0.001176,0.1923,0.087775,0.08771,0.028447,0.13794,0.030792,,1522300,,
0,0,,0.353938,0.035591,0.015475,0.001273,0.186723,0.086571,0.083011,0.03022,0.171992,0.035203,,1520700,,
0,0,,0.341914,0.08402,0.032452,0.028817,0.082835,0.096382,0.038047,0.071069,0.142895,0.081569,,1512800,,
0,0,,0.434826,0.014487,0.011942,0.001422,0.167052,0.093105,0.038621,0.028023,0.135176,0.075347,,1513000,,
0,0,,0.330939,0.041381,0.021591,0.008241,0.129883,0.082259,0.160168,0.031612,0.159991,0.033935,,1513700,,
0,0,,0.218862,0.062478,0.115446,0.026273,0.089062,0.087895,0.152703,0.040834,0.10559,0.100856,,1522600,,
0,0,,0.335798,0.066364,0.034275,0.023204,0.099473,0.119395,0.037877,0.040195,0.131486,0.111933,,1545700,,
0,0,,0.397156,0.067047,0.031923,0.006079,0.115674,0.121722,0.038367,0.048814,0.114943,0.058275,,1529900,,
0,0,,0.379335,0.086036,0.011412,0.043204,0.11367,0.114558,0.037892,0.035416,0.126172,0.052305,,1519000,,
0,0,,0.276326,0.138085,0.022046,0.04133,0.064407,0.11966,0.024918,0.056596,0.130603,0.126029,,1516300,,
0,0,,0.36486,0.06402,0.032452,0.028817,0.099402,0.121247,0.038047,0.051069,0.138517,0.061569,,1511000,,
0,0,,0.386103,0.069433,0.039203,0.031537,0.099549,0.117808,0.038158,0.040968,0.128784,0.048457,,1517200,,
0,0,,0.402274,0.017779,0.020434,0.021415,0.189633,0.096131,0.053591,0.032426,0.133537,0.03278,,1510200,,
0,0,,0.27201,0.052992,0.060044,0.015083,0.091523,0.081715,0.144594,0.041802,0.142425,0.097811,,1512700,,
0,0,,0.322571,0.059303,0.027755,0.000823,0.093501,0.092689,0.210023,0.034077,0.134122,0.025135,,1517700,,
0,0,,0.353224,0.038966,0.028667,0.020786,0.092805,0.114941,0.137506,0.034847,0.153131,0.025128,,1510700,,
0,0,,0.381448,0.029284,0.014425,0.032862,0.190827,0.088589,0.060367,0.028295,0.136104,0.037799,,1526000,,
0,0,,0.395257,0.013042,0.00989,0.033085,0.227578,0.11337,0.038201,0.026348,0.105278,0.03795,,1521200,,
0,0,,0.37974,0.014157,0.010775,0.001407,0.214003,0.114848,0.038258,0.027231,0.105164,0.094418,,1507000,,
0,0,,0.351424,0.036597,0.016852,0.001283,0.178614,0.085405,0.105229,0.030149,0.159492,0.034956,,1513500,,
0,0,,0.38486,0.06402,0.052452,0.008817,0.099402,0.121247,0.038047,0.051069,0.118517,0.061569,,1509300,,
0,0,,0.393377,0.017609,0.019268,0.021415,0.206387,0.089539,0.053243,0.032101,0.133907,0.033153,,1508700,,
0,0,,0.339223,0.086486,0.033889,0.023476,0.106861,0.111887,0.039673,0.036826,0.127959,0.093719,,1510300,,
0,0,,0.310087,0.094401,0.043798,0.034621,0.065134,0.119951,0.028369,0.058541,0.133704,0.111395,,1508900,,
0,0,,0.39684,0.044958,0.031923,0.026101,0.151685,0.11938,0.038388,0.046984,0.107679,0.036061,,1508800,,
0,0,,0.366355,0.034097,0.014443,0.001167,0.20184,0.088788,0.096366,0.028334,0.137782,0.030829,,1507000,,
0,0,,0.187826,0.068779,0.111069,0.051519,0.070499,0.09685,0.150973,0.061713,0.103836,0.096936,,1531900,,
0,0,,0.338441,0.089713,0.040514,0.011809,0.087661,0.11341,0.039592,0.062052,0.126564,0.090243,,1515300,,
0,0,,0.363805,0.034817,0.01582,0.001176,0.172188,0.087987,0.089293,0.028975,0.174936,0.031003,,1529300,,
0,0,,0.405754,0.013954,0.014443,0.001167,0.20118,0.088759,0.080138,0.028162,0.135614,0.030829,,1515500,,
0,0,,0.362921,0.037512,0.020349,0.001154,0.156397,0.089403,0.109272,0.030019,0.163256,0.029718,,1515200,,
0,0,,0.372544,0.017787,0.018566,0.001434,0.197707,0.097014,0.038446,0.033665,0.128285,0.094551,,1518200,,
0,0,,0.355257,0.013042,0.00989,0.013085,0.227578,0.11337,0.038201,0.026348,0.105278,0.09795,,1509700,,
0,0,,0.284064,0.044612,0.037311,0.00768,0.084845,0.095724,0.142773,0.040112,0.175994,0.086885,,1521500,,
0,0,,0.386337,0.013954,0.014443,0.001167,0.201068,0.08897,0.081721,0.02869,0.152609,0.03104,,1519100,,
0,0,,0.429222,0.012808,0.00989,0.001391,0.229752,0.094454,0.03828,0.025465,0.12477,0.033968,,1520000,,
0,0,,0.431735,0.014124,0.01561,0.001167,0.187058,0.091256,0.060485,0.028487,0.139622,0.030456,,1530400,,
0,0,,0.366355,0.034097,0.014443,0.001167,0.18184,0.088788,0.096366,0.028334,0.157782,0.030829,,1509400,,
0,0,,0.391224,0.04072,0.00998,0.040474,0.173523,0.092443,0.038562,0.028815,0.134922,0.049337,,1542200,,
0,0,,0.215807,0.062112,0.110123,0.028182,0.073993,0.091491,0.168334,0.044965,0.10082,0.104174,,1539800,,
0,0,,0.358381,0.069232,0.01205,0.020467,0.11582,0.116762,0.038558,0.033486,0.126606,0.108639,,1528600,,
0,0,,0.198693,0.063621,0.130267,0.051997,0.064127,0.096061,0.128845,0.060643,0.106967,0.098779,,1521400,,
0,0,,0.366355,0.034097,0.014443,0.001167,0.18184,0.088788,0.096366,0.028334,0.157782,0.030829,,1521500,,
0,0,,0.20932,0.122318,0.036606,0.021999,0.143694,0.115115,0.053043,0.054192,0.144001,0.09971,,1511900,,
0,0,,0.385199,0.030861,0.021104,0.022376,0.191701,0.088209,0.059924,0.034825,0.134171,0.031631,,1523100,,
0,0,,0.259544,0.146114,0.0228,0.04988,0.075933,0.121921,0.024873,0.057625,0.133503,0.107808,,1532500,,
0,0,,0.37799,0.046868,0.032625,0.026061,0.144354,0.094247,0.053164,0.047249,0.140566,0.036876,,1558100,,
0,0,,0.34486,0.08402,0.032452,0.008817,0.099402,0.121247,0.038047,0.051069,0.118517,0.101569,,1520900,,
0,0,,0.44649,0.014326,0.011942,0.001407,0.199881,0.116575,0.038606,0.027556,0.109172,0.034045,,1520700,,
0,0,,0.386337,0.013954,0.014443,0.001167,0.201068,0.08897,0.081721,0.02869,0.152609,0.03104,,1523200,,
0,0,,0.381045,0.046966,0.012751,0.040469,0.157878,0.111809,0.053377,0.030092,0.120586,0.045027,,1525200,,
0,0,,0.366355,0.034097,0.014443,0.001167,0.18184,0.088788,0.096366,0.028334,0.157782,0.030829,,1519800,,
0,0,,0.405754,0.013954,0.014443,0.001167,0.20118,0.088759,0.080138,0.028162,0.135614,0.030829,,1517800,,
0,0,,0.380815,0.048853,0.016622,0.028806,0.181702,0.113821,0.038173,0.034792,0.113545,0.042873,,1522400,,
0,0,,0.383805,0.014817,0.01582,0.001176,0.192188,0.087987,0.089293,0.028975,0.154936,0.031003,,1508600,,
0,0,,0.38947,0.034148,0.012643,0.021388,0.205929,0.113965,0.053403,0.025992,0.110416,0.032647,,1536700,,
0,0,,0.373087,0.034124,0.01561,0.001167,0.186946,0.090698,0.082068,0.029015,0.156617,0.030667,,1516300,,
0,0,,0.3103,0.043186,0.026842,0.008351,0.105793,0.081758,0.153492,0.031635,0.144463,0.09418,,1520000,,
0,0,,0.39009,0.064789,0.030757,0.026101,0.165806,0.097652,0.038041,0.046658,0.103671,0.036434,,1524600,,
0,0,,0.370845,0.036759,0.020871,0.001161,0.12502,0.08653,0.155894,0.029368,0.149406,0.024145,,1537600,,
0,0,,0.385754,0.033954,0.014443,0.001167,0.20118,0.088759,0.080138,0.028162,0.135614,0.030829,,1517200,,
0,0,,0.405557,0.013689,0.012433,0.033073,0.198513,0.094823,0.046099,0.026915,0.132606,0.036293,,1520200,,
0,0,,0.382921,0.017512,0.020349,0.021154,0.156397,0.089403,0.089272,0.030019,0.163256,0.029718,,1514400,,
0,0,,0.4079,0.013954,0.014443,0.001167,0.198547,0.113623,0.080138,0.028162,0.111236,0.030829,,1518000,,
0,0,,0.412642,0.015624,0.015647,0.001234,0.116351,0.09322,0.080479,0.029279,0.162667,0.072858,,1520400,,
0,0,,0.363823,0.03496,0.01582,0.001176,0.192959,0.087804,0.103939,0.028618,0.140109,0.030792,,1522300,,
0,0,,0.345303,0.089433,0.039203,0.011537,0.080349,0.117808,0.038158,0.060968,0.128784,0.088457,,1519300,,
0,0,,0.144773,0.087832,0.138145,0.061405,0.055563,0.085735,0.093585,0.071402,0.124372,0.13719,,1527000,,
0,0,,0.355385,0.036142,0.017773,0.001261,0.165261,0.085278,0.119844,0.030499,0.154675,0.033882,,1522200,,
0,0,,0.386085,0.066206,0.032579,0.043204,0.099549,0.116286,0.038239,0.035741,0.130179,0.051933,,1513300,,
0,0,,0.409222,0.012808,0.00989,0.021391,0.229752,0.114454,0.03828,0.025465,0.10477,0.033968,,1541800,,
0,0,,0.355402,0.036285,0.017773,0.001261,0.166032,0.085096,0.134489,0.030143,0.139848,0.033671,,1521400,,
0,0,,0.397438,0.044248,0.032414,0.026088,0.119661,0.09601,0.045975,0.045927,0.136609,0.055629,,1522700,,
0,0,,0.377426,0.04344,0.029871,0.026085,0.184188,0.092395,0.038062,0.044893,0.127655,0.035984,,1520800,,
0,0,,0.381379,0.052281,0.019376,0.028781,0.141868,0.115673,0.053275,0.037148,0.126455,0.043765,,1521500,,
0,0,,0.376104,0.044587,0.034425,0.025861,0.152983,0.091564,0.05992,0.04759,0.134121,0.032845,,1522800,,
0,0,,0.398399,0.052459,0.018674,0.0288,0.11582,0.118284,0.038477,0.038712,0.125211,0.065163,,1521100,,
0,0,,0.367783,0.034505,0.016741,0.001154,0.159606,0.087677,0.118554,0.028969,0.155292,0.029718,,1521200,,
0,0,,0.240973,0.059294,0.075667,0.040329,0.07296,0.11067,0.102865,0.062681,0.14067,0.09389,,1522700,,
0,0,,0.371808,0.037416,0.021068,0.021194,0.199005,0.089198,0.059978,0.034272,0.134727,0.031335,,1521100,,
0,0,,0.403222,0.034817,0.01582,0.001176,0.1723,0.087775,0.08771,0.028447,0.13794,0.030792,,1524700,,
0,0,,0.385754,0.033954,0.014443,0.001167,0.20118,0.088759,0.080138,0.028162,0.135614,0.030829,,1521200,,
0,0,,0.409222,0.012808,0.00989,0.021391,0.229752,0.114454,0.03828,0.025465,0.10477,0.033968,,1521300,,
0,0,,0.34561,0.053679,0.030509,0.021573,0.131187,0.114194,0.038221,0.031665,0.121897,0.111466,,1517300,,
0,0,,0.373572,0.04545,0.035802,0.02587,0.124103,0.09058,0.087492,0.047875,0.136448,0.032808,,1514800,,
0,0,,0.386337,0.013954,0.014443,0.001167,0.201068,0.08897,0.081721,0.02869,0.152609,0.03104,,1520900,,
0,0,,0.36034,0.030474,0.015802,0.001323,0.163573,0.089123,0.131699,0.028086,0.138925,0.040654,,1517700,,
0,0,,0.380815,0.048853,0.016622,0.028806,0.181702,0.113821,0.038173,0.034792,0.113545,0.042873,,1516300,,
0,0,,0.342226,0.035394,0.018373,0.001228,0.153853,0.087443,0.160673,0.028396,0.142507,0.029907,,1522800,,
0,0,,0.392504,0.014124,0.01561,0.041167,0.167058,0.090487,0.080485,0.028487,0.139622,0.030456,,1516700,,
0,0,,0.407427,0.035826,0.011978,0.001474,0.148375,0.119308,0.038599,0.028347,0.112217,0.096447,,1520100,,
0,0,,0.405754,0.013954,0.014443,0.001167,0.20118,0.088759,0.080138,0.028162,0.135614,0.030829,,1523800,,
0,0,,0.383823,0.03496,0.01582,0.001176,0.172959,0.087804,0.103939,0.028618,0.140109,0.030792,,1522000,,
0,0,,0.385754,0.033954,0.014443,0.001167,0.20118,0.088759,0.080138,0.028162,0.135614,0.030829,,1517800,,
0,0,,0.407131,0.013954,0.014443,0.021167,0.198547,0.094393,0.060138,0.028162,0.131236,0.030829,,1516100,,
0,0,,0.380797,0.045626,0.009998,0.040473,0.181702,0.112298,0.038254,0.029566,0.11494,0.046348,,1522100,,
0,0,,0.381743,0.035251,0.018373,0.001228,0.153082,0.087625,0.106493,0.028752,0.157335,0.030118,,1515100,,
0,9,,0.215779,0.040947,0.021599,0.041843,0.090452,0.092895,0.065176,0.048267,0.114343,0.2687,,1519300,,
0,0,,0.324426,0.03947,0.02287,0.001377,0.106455,0.08289,0.233185,0.030556,0.130216,0.028555,,1519300,,
0,0,,0.380797,0.045626,0.009998,0.020473,0.181702,0.112298,0.038254,0.029566,0.11494,0.066348,,1515300,,
0,0,,0.405754,0.013954,0.014443,0.001167,0.20118,0.088759,0.080138,0.028162,0.135614,0.030829,,1519100,,
0,0,,0.366355,0.034097,0.014443,0.001167,0.20184,0.088788,0.096366,0.028334,0.137782,0.030829,,1515400,,
0,0,,0.378083,0.050371,0.018674,0.008821,0.151831,0.115942,0.038499,0.036883,0.117947,0.082949,,1550100,,
0,0,,0.224895,0.156532,0.022982,0.050497,0.056032,0.136912,0.024873,0.061509,0.133171,0.132599,,1522600,,
0,0,,0.433442,0.015624,0.015647,0.001234,0.135551,0.09322,0.060479,0.029279,0.162667,0.052858,,1518900,,
0,0,,0.384346,0.046103,0.011374,0.04046,0.166759,0.112023,0.045805,0.029807,0.118259,0.045064,,1532900,,
0,0,,0.313952,0.126271,0.032011,0.015798,0.105988,0.116557,0.036031,0.050208,0.113196,0.089989,,1521600,,
0,0,,0.366337,0.013954,0.014443,0.021167,0.201068,0.08897,0.081721,0.02869,0.152609,0.03104,,1515300,,
0,0,,0.383805,0.034817,0.01582,0.001176,0.172188,0.087987,0.089293,0.028975,0.154936,0.031003,,1516200,,
0,0,,0.380408,0.040511,0.026112,0.001234,0.115287,0.088203,0.134087,0.030201,0.159412,0.024545,,1519500,,
0,0,,0.432504,0.014124,0.01561,0.001167,0.187058,0.090487,0.060485,0.028487,0.139622,0.030456,,1517800,,
0,0,,0.381045,0.046966,0.012751,0.040469,0.157878,0.111809,0.053377,0.030092,0.120586,0.045027,,1516400,,
0,0,,0.363805,0.034817,0.01582,0.001176,0.172188,0.087987,0.109293,0.028975,0.154936,0.031003,,1526200,,
0,0,,0.385983,0.039765,0.024479,0.001161,0.121811,0.088255,0.126613,0.030418,0.15737,0.024145,,1520600,,
0,0,,0.382401,0.066844,0.035591,0.02584,0.10285,0.116403,0.060246,0.049745,0.125393,0.034686,,1519800,,
0,0,,0.220013,0.154191,0.025795,0.043148,0.054886,0.140236,0.027864,0.059078,0.153136,0.121652,,1539900,,
0,0,,0.365279,0.085016,0.013389,0.043188,0.115223,0.119002,0.037899,0.03843,0.131092,0.051483,,1520300,,
0,0,,0.363805,0.034817,0.01582,0.001176,0.192188,0.087987,0.089293,0.028975,0.154936,0.031003,,1519200,,
0,0,,0.366337,0.033954,0.014443,0.001167,0.181068,0.08897,0.081721,0.02869,0.172609,0.03104,,1522000,,
0,0,,0.423631,0.018426,0.023148,0.001228,0.135751,0.091079,0.077558,0.030127,0.169307,0.029745,,1520500,,
0,0,,0.371021,0.034189,0.014443,0.03286,0.199005,0.088444,0.060059,0.029045,0.136122,0.034811,,1517900,,
0,0,,0.360408,0.040511,0.026112,0.001234,0.115287,0.088203,0.154087,0.030201,0.159412,0.024545,,1520200,,
0,0,,0.312676,0.042491,0.023514,0.008351,0.111123,0.082473,0.16586,0.032272,0.16706,0.05418,,1518500,,
0,0,,0.346225,0.081459,0.014257,0.023205,0.091295,0.11954,0.038185,0.039444,0.131468,0.114922,,1527500,,
0,0,,0.338447,0.038396,0.021903,0.001267,0.130675,0.08413,0.177185,0.030898,0.148789,0.028309,,1517900,,
0,0,,0.391808,0.017416,0.021068,0.021194,0.199005,0.089198,0.059978,0.034272,0.134727,0.031335,,1535100,,
0,0,,0.37982,0.04478,0.032625,0.026082,0.157732,0.116769,0.053185,0.045419,0.108923,0.034663,,1518100,,
0,0,,0.383805,0.014817,0.01582,0.001176,0.192188,0.087987,0.089293,0.028975,0.154936,0.031003,,1520000,,
0,0,,0.424344,0.014326,0.011942,0.021407,0.202514,0.091711,0.038606,0.027556,0.13355,0.034045,,1517700,,
0,0,,0.361333,0.037726,0.022759,0.00127,0.103527,0.086319,0.166942,0.029419,0.166102,0.024602,,1517200,,
0,0,,0.385754,0.033954,0.014443,0.001167,0.20118,0.088759,0.080138,0.028162,0.135614,0.030829,,1517100,,
0,0,,0.235934,0.056092,0.080044,0.02959,0.09146,0.079097,0.148152,0.04055,0.131065,0.108017,,1521100,,
0,0,,0.366337,0.033954,0.014443,0.001167,0.201068,0.08897,0.081721,0.02869,0.152609,0.03104,,1518600,,
0,0,,0.417375,0.013455,0.012433,0.021379,0.20332,0.091043,0.046178,0.026032,0.136475,0.032311,,1530400,,
0,0,,0.336168,0.037501,0.014167,0.028286,0.181801,0.088697,0.086801,0.030232,0.153019,0.043327,,1546800,,
0,0,,0.363805,0.034817,0.01582,0.001176,0.192188,0.087987,0.089293,0.028975,0.154936,0.031003,,1519800,,
0,0,,0.365965,0.039623,0.024479,0.001161,0.121039,0.088437,0.131967,0.030774,0.172197,0.024357,,1522000,,
1,2,,0.103624,0.182915,0.238547,0.043748,0.05367,0.05047,0.049642,0.141617,0.07341,0.062358,,1526700,,
1,1,,0.111031,0.25984,0.0593,0.115479,0.025443,0.091129,0.012602,0.071627,0.090293,0.163256,,1520400,,
1,2,,0.110302,0.146543,0.244301,0.042722,0.050477,0.072206,0.05002,0.139994,0.084905,0.05853,,1519000,,
1,1,,0.117768,0.267434,0.063171,0.119989,0.02191,0.086598,0.015483,0.068036,0.079488,0.160123,,1525800,,
1,1,,0.105826,0.265623,0.096792,0.079603,0.065246,0.068242,0.008365,0.085718,0.076692,0.147893,,1526700,,
1,1,,0.073953,0.235408,0.225147,0.080663,0.015634,0.077074,0.024444,0.12716,0.050637,0.08988,,1528600,,
1,1,,0.087095,0.318588,0.092987,0.101104,0.046902,0.074278,0.005786,0.0811,0.079561,0.112599,,1519400,,
1,1,,0.086763,0.271816,0.122067,0.119789,0.041744,0.083838,0.013788,0.083572,0.057764,0.118859,,1543700,,
1,1,,0.114985,0.252428,0.08845,0.093317,0.030307,0.095069,0.012423,0.077874,0.07187,0.163276,,1524800,,
1,2,,0.076329,0.189381,0.288796,0.066674,0.01446,0.058931,0.01323,0.142701,0.072248,0.07725,,1521000,,
1,1,,0.086383,0.280676,0.117051,0.109514,0.04691,0.075547,0.00586,0.086332,0.076669,0.115059,,1521000,,
1,2,,0.080012,0.168498,0.256162,0.066466,0.033746,0.078518,0.016637,0.171859,0.074639,0.053463,,1524600,,
1,1,,0.088791,0.288747,0.087638,0.115709,0.045282,0.078235,0.01008,0.079374,0.081357,0.124787,,1516300,,
1,1,,0.1299,0.240713,0.058817,0.108719,0.023849,0.09092,0.014581,0.067204,0.088526,0.17677,,1520800,,
1,1,,0.086231,0.270149,0.087456,0.11409,0.024672,0.08074,0.011663,0.075474,0.093844,0.155681,,1517900,,
1,2,,0.061179,0.178069,0.2397,0.088096,0.046057,0.052842,0.009417,0.21607,0.038574,0.069997,,1521400,,
1,1,,0.087136,0.231101,0.100746,0.14436,0.039051,0.091339,0.017959,0.083446,0.069685,0.135178,,1523800,,
1,1,,0.068755,0.217527,0.142587,0.143102,0.046267,0.090255,0.013579,0.086498,0.038894,0.152536,,1532200,,
1,1,,0.096194,0.249432,0.063436,0.137664,0.021985,0.091611,0.015214,0.069928,0.093917,0.160621,,1522200,,
1,1,,0.062089,0.294208,0.214651,0.068868,0.017134,0.071238,0.0103,0.126153,0.043475,0.091884,,1521800,,
1,2,,0.07699,0.18224,0.208752,0.089311,0.034333,0.056637,0.010516,0.183855,0.049447,0.10792,,1518900,,
1,1,,0.097022,0.221052,0.053668,0.191536,0.040974,0.08569,0.014462,0.059278,0.066182,0.170136,,1521800,,
1,1,,0.098241,0.266375,0.082845,0.12259,0.024117,0.081334,0.010516,0.076183,0.08128,0.156518,,1519200,,
1,1,,0.108115,0.249518,0.059082,0.129866,0.023993,0.095895,0.012728,0.070617,0.085699,0.164487,,1518400,,
1,5,,0.085641,0.129933,0.100937,0.080339,0.080742,0.17968,0.096781,0.057888,0.084312,0.103746,,1527600,,
1,1,,0.116823,0.253705,0.063134,0.132524,0.021801,0.088896,0.015609,0.069405,0.079662,0.158441,,1520500,,
1,1,,0.099222,0.257982,0.0827,0.109896,0.024154,0.081391,0.01039,0.071177,0.08114,0.181949,,1525600,,
1,1,,0.116117,0.225289,0.094604,0.13929,0.040864,0.093167,0.014108,0.0762,0.057581,0.142778,,1545600,,
1,1,,0.096152,0.206973,0.101438,0.138782,0.041785,0.09187,0.011503,0.072727,0.07615,0.16262,,1531100,,
1,1,,0.081341,0.222724,0.220112,0.065858,0.032957,0.058229,0.017742,0.165681,0.073396,0.06196,,1522900,,
1,1,,0.130878,0.237313,0.056835,0.072426,0.080359,0.08237,0.022431,0.088668,0.087483,0.141237,,1515700,,
1,1,,0.096508,0.204885,0.060837,0.181226,0.019968,0.107635,0.014738,0.059872,0.068681,0.185651,,1523000,,
1,2,,0.111074,0.145705,0.26977,0.041491,0.049158,0.054919,0.051496,0.140887,0.078409,0.057092,,1523400,,
1,1,,0.119047,0.250724,0.04974,0.12255,0.021984,0.085515,0.015594,0.054297,0.089789,0.190761,,1521800,,
1,1,,0.06872,0.229684,0.1573,0.156558,0.046267,0.088492,0.013579,0.090599,0.039728,0.109073,,1519000,,
1,1,,0.07051,0.308431,0.184311,0.068045,0.02387,0.075665,0.010394,0.119187,0.046696,0.092891,,1520900,,
1,1,,0.077319,0.213004,0.173593,0.116312,0.034357,0.082034,0.006409,0.142398,0.049166,0.105408,,1518700,,
1,1,,0.070069,0.226234,0.20712,0.110024,0.042821,0.054647,0.009306,0.118993,0.042065,0.118721,,1545200,,
1,1,,0.156018,0.221102,0.036447,0.124445,0.042051,0.088937,0.025348,0.070529,0.064203,0.170919,,1527600,,
1,1,,0.061054,0.245601,0.236153,0.087887,0.035996,0.072866,0.009333,0.140821,0.041666,0.068624,,1521700,,
1,2,,0.155141,0.1015,0.263168,0.015777,0.074102,0.073384,0.077261,0.108899,0.09139,0.039377,,1522400,,
1,1,,0.116516,0.204262,0.048178,0.187873,0.02181,0.089553,0.014324,0.056967,0.068231,0.192285,,1532100,,
1,9,,0.170638,0.180874,0.04579,0.088601,0.064751,0.092441,0.023781,0.060363,0.067369,0.205393,,1525000,,
1,3,,0.062027,0.169957,0.04909,0.254116,0.042739,0.08476,0.023507,0.050404,0.045403,0.217997,,1520400,,
1,1,,0.069397,0.2471,0.20243,0.097284,0.045116,0.056,0.012348,0.154987,0.040303,0.075036,,1517000,,
1,2,,0.088866,0.149972,0.255756,0.058034,0.034905,0.088239,0.027366,0.159273,0.087252,0.050336,,1524300,,
1,3,,0.09781,0.153487,0.100508,0.158457,0.032586,0.082866,0.058,0.072039,0.092827,0.15142,,1521200,,
1,2,,0.088866,0.149972,0.255756,0.058034,0.034905,0.088239,0.027366,0.159273,0.087252,0.050336,,1541300,,
1,1,,0.098307,0.144147,0.120508,0.130699,0.052054,0.104308,0.058277,0.069595,0.094261,0.127844,,1527600,,
1,2,,0.089351,0.149877,0.277298,0.057172,0.034905,0.084075,0.030583,0.14009,0.093458,0.043191,,1522800,,
1,1,,0.117299,0.229612,0.054984,0.176367,0.041082,0.088721,0.014243,0.065831,0.066802,0.145059,,1522600,,
1,1,,0.146818,0.230534,0.058545,0.10547,0.03178,0.089019,0.014231,0.070335,0.079847,0.173421,,1518900,,
1,1,,0.097633,0.280219,0.100685,0.102276,0.028987,0.080494,0.007158,0.087066,0.08846,0.127021,,1522200,,
1,1,,0.116117,0.205289,0.094604,0.13929,0.040864,0.093167,0.014108,0.0762,0.057581,0.162778,,1519700,,
1,1,,0.087407,0.20955,0.070666,0.181906,0.038504,0.088021,0.017661,0.061628,0.066971,0.177686,,1519400,,
1,2,,0.101827,0.122115,0.22405,0.050609,0.066279,0.097259,0.033775,0.160845,0.103427,0.039815,,1523000,,
1,1,,0.086057,0.248198,0.16792,0.093861,0.042699,0.0591,0.026697,0.077168,0.035461,0.162839,,1547400,,
1,2,,0.115125,0.198319,0.221969,0.036342,0.047391,0.057022,0.043792,0.129604,0.088568,0.061868,,1542000,,
1,9,,0.10463,0.148134,0.110513,0.033768,0.143061,0.080037,0.049096,0.050371,0.099807,0.180583,,1554700,,
1,1,,0.097221,0.244353,0.076447,0.117731,0.022686,0.088513,0.012887,0.065799,0.093556,0.180805,,1523500,,
1,1,,0.116536,0.256401,0.084036,0.061276,0.071994,0.071814,0.019498,0.075483,0.076668,0.166296,,1524000,,
1,2,,0.09908,0.185952,0.273659,0.037435,0.052333,0.047014,0.047858,0.123008,0.076353,0.057309,,1523700,,
1,2,,0.073155,0.192216,0.234786,0.077129,0.035271,0.075018,0.024775,0.150132,0.069404,0.068112,,1522800,,
1,2,,0.127175,0.139501,0.194514,0.033029,0.050504,0.086412,0.060831,0.15806,0.097218,0.052757,,1523400,,
1,2,,0.115052,0.194576,0.207517,0.036502,0.04933,0.05596,0.046741,0.149463,0.088094,0.056765,,1523000,,
1,2,,0.086206,0.185284,0.242808,0.066444,0.06073,0.085247,0.010291,0.10912,0.081755,0.072116,,1522900,,
1,1,,0.099226,0.271166,0.070164,0.097684,0.026128,0.083563,0.012835,0.076032,0.102894,0.160307,,1544700,,
1,3,,0.097468,0.146279,0.076972,0.169281,0.030165,0.106163,0.054602,0.061533,0.090593,0.166943,,1523100,,
1,1,,0.089771,0.312587,0.089952,0.089452,0.056855,0.072001,0.008319,0.077881,0.081566,0.121616,,1548800,,
1,1,,0.111066,0.237718,0.059118,0.115318,0.02537,0.093484,0.012602,0.067989,0.090327,0.187006,,1539400,,
1,1,,0.061364,0.251132,0.218765,0.079447,0.046444,0.051496,0.006357,0.171288,0.038559,0.075149,,1529900,,
1,1,,0.096029,0.255746,0.069577,0.134246,0.021725,0.112071,0.014035,0.072162,0.057906,0.166501,,1529800,,
1,1,,0.087861,0.175195,0.110644,0.162249,0.057592,0.090837,0.019891,0.071148,0.108863,0.115719,,1521700,,
1,1,,0.135129,0.222481,0.094362,0.10277,0.062096,0.083854,0.021768,0.070216,0.073229,0.134095,,1521700,,
1,1,,0.088971,0.280354,0.087493,0.103015,0.026119,0.078292,0.009954,0.074367,0.081216,0.170219,,1521100,,
1,1,,0.117804,0.245311,0.062989,0.119829,0.021838,0.088953,0.015483,0.064398,0.079522,0.183873,,1520600,,
1,3,,0.087895,0.136216,0.069054,0.26281,0.037015,0.080159,0.033119,0.069365,0.08543,0.138938,,1531700,,
1,1,,0.069982,0.226408,0.186464,0.135524,0.045697,0.079481,0.005289,0.091824,0.038826,0.120504,,1523600,,
1,3,,0.073642,0.140551,0.078635,0.195951,0.046901,0.104113,0.082038,0.095778,0.044426,0.137966,,1521000,,
1,9,,0.09838,0.14789,0.09496,0.130539,0.030115,0.12537,0.055328,0.069736,0.094736,0.152947,,1562800,,
1,1,,0.096071,0.205781,0.088463,0.14618,0.041193,0.092669,0.013704,0.075487,0.076336,0.164117,,1522700,,
1,3,,0.098075,0.15541,0.087271,0.175571,0.03264,0.081338,0.058034,0.063322,0.090836,0.157502,,1525200,,
1,1,,0.085813,0.238487,0.117973,0.126269,0.043845,0.077935,0.010291,0.083344,0.074215,0.141828,,1522700,,
1,3,,0.086736,0.159337,0.053668,0.211536,0.040974,0.10569,0.014462,0.059278,0.086182,0.182136,,1527200,,
1,2,,0.116952,0.123113,0.276862,0.021947,0.070017,0.098222,0.078576,0.100993,0.09351,0.019806,,1518800,,
1,2,,0.060606,0.227947,0.2379,0.085588,0.016404,0.078905,0.017692,0.136335,0.044383,0.09424,,1526600,,
1,1,,0.105621,0.184374,0.138798,0.122926,0.044021,0.097559,0.010333,0.110176,0.056065,0.130127,,1546300,,
1,1,,0.117792,0.243681,0.056666,0.126559,0.022094,0.09081,0.015079,0.060047,0.078311,0.188961,,1525600,,
1,2,,0.115125,0.198319,0.221969,0.036342,0.047391,0.057022,0.043792,0.129604,0.088568,0.061868,,1526500,,
1,1,,0.087991,0.288747,0.087638,0.115709,0.026082,0.078235,0.01008,0.079374,0.081357,0.144787,,1531600,,
1,2,,0.097772,0.124708,0.214956,0.05067,0.06371,0.09505,0.030739,0.181805,0.100775,0.039815,,1541000,,
1,1,,0.134329,0.195991,0.094362,0.100561,0.042967,0.091786,0.021768,0.068167,0.094141,0.155927,,1523500,,
1,1,,0.109024,0.268853,0.064394,0.09478,0.02698,0.084987,0.011665,0.078743,0.096105,0.16447,,1531700,,
1,1,,0.085308,0.261697,0.112483,0.122606,0.024681,0.081799,0.010153,0.081033,0.076263,0.143977,,1514200,,
1,1,,0.1299,0.240713,0.058817,0.108719,0.023849,0.09092,0.014581,0.067204,0.088526,0.17677,,1518400,,
1,3,,0.087736,0.201476,0.047501,0.212644,0.042281,0.10524,0.013718,0.053508,0.052071,0.183825,,1517700,,
1,1,,0.066682,0.236094,0.217739,0.08479,0.019084,0.07051,0.024468,0.122578,0.042072,0.115982,,1543800,,
1,1,,0.086287,0.210391,0.121308,0.122736,0.044014,0.081596,0.010194,0.105913,0.077854,0.139706,,1535800,,
1,3,,0.099658,0.143465,0.061002,0.269447,0.048174,0.076656,0.030977,0.08476,0.060135,0.125726,,1529900,,
1,1,,0.088936,0.302476,0.087674,0.103175,0.026191,0.075937,0.009954,0.078005,0.081182,0.146469,,1524500,,
1,1,,0.117499,0.25523,0.098235,0.055826,0.061816,0.073819,0.016768,0.076234,0.076357,0.168216,,1560400,,
1,2,,0.064956,0.196683,0.268043,0.073798,0.03796,0.053497,0.015901,0.164448,0.063423,0.061291,,1537300,,
1,1,,0.096735,0.207931,0.06798,0.16088,0.040937,0.112309,0.014099,0.071326,0.062115,0.165687,,1526400,,
1,2,,0.066716,0.201248,0.282209,0.067814,0.04,0.050976,0.027373,0.134363,0.064015,0.065286,,1528800,,
1,1,,0.095352,0.226973,0.101438,0.138782,0.022585,0.09187,0.011503,0.072727,0.07615,0.16262,,1525400,,
1,1,,0.116735,0.227931,0.06798,0.16088,0.040937,0.092309,0.014099,0.071326,0.062115,0.145687,,1536000,,
1,1,,0.087057,0.309664,0.103313,0.100997,0.027702,0.074278,0.005786,0.080535,0.077865,0.132803,,1526300,,
1,1,,0.111143,0.246126,0.045568,0.11144,0.023996,0.107481,0.014691,0.057103,0.098793,0.183658,,1521200,,
1,1,,0.101021,0.272442,0.070164,0.099143,0.027465,0.083413,0.011252,0.076295,0.090441,0.168363,,1519700,,
1,1,,0.119028,0.247497,0.043116,0.134216,0.021984,0.083992,0.015675,0.04907,0.091184,0.194237,,1520900,,
1,1,,0.116082,0.207411,0.094786,0.13945,0.040937,0.090812,0.014108,0.099838,0.057547,0.139028,,1532300,,
1,1,,0.117768,0.247434,0.063171,0.119989,0.02191,0.086598,0.015483,0.068036,0.079488,0.180123,,1516200,,
1,1,,0.129236,0.238563,0.0593,0.11402,0.024105,0.091279,0.014185,0.071365,0.082747,0.1752,,1515800,,
1,2,,0.076071,0.178592,0.300552,0.066803,0.014595,0.058925,0.013533,0.142481,0.071619,0.076829,,1523400,,
1,3,,0.08781,0.197078,0.047538,0.216209,0.042397,0.087807,0.017644,0.052645,0.054182,0.196691,,1518300,,
1,1,,0.088354,0.27727,0.117233,0.10766,0.048251,0.073079,0.00586,0.088711,0.081437,0.112146,,1537700,,
1,1,,0.098981,0.267752,0.076629,0.11935,0.024096,0.086008,0.011304,0.069699,0.081069,0.165112,,1513800,,
1,3,,0.097185,0.166296,0.090626,0.167584,0.02934,0.08954,0.019922,0.071022,0.107412,0.161072,,1519300,,
1,2,,0.108415,0.124839,0.293898,0.02206,0.03063,0.094134,0.078379,0.100248,0.107722,0.039674,,1521500,,
1,2,,0.086384,0.167381,0.188915,0.109058,0.043659,0.108554,0.006309,0.113235,0.056524,0.119981,,1519400,,
1,9,,0.092647,0.080945,0.110943,0.041497,0.147784,0.140696,0.107722,0.041311,0.072132,0.164322,,1525500,,
1,1,,0.115331,0.213207,0.173701,0.072559,0.028307,0.057229,0.043496,0.104792,0.080733,0.110645,,1545400,,
1,1,,0.116516,0.236409,0.062718,0.118038,0.031105,0.086902,0.013551,0.087792,0.078389,0.16858,,1517800,,
1,1,,0.070154,0.225563,0.161586,0.124308,0.045309,0.081398,0.008249,0.131802,0.039596,0.112035,,1517600,,
1,9,,0.086776,0.152345,0.096852,0.140499,0.037518,0.109251,0.039533,0.076583,0.106035,0.154608,,1520400,,
1,1,,0.086088,0.257466,0.122541,0.113176,0.046874,0.091683,0.005998,0.088643,0.05462,0.13291,,1520400,,
1,3,,0.097468,0.148362,0.077388,0.184698,0.030165,0.08783,0.054602,0.06195,0.090593,0.166943,,1523700,,
1,2,,0.089351,0.129877,0.238761,0.057172,0.034905,0.084075,0.030583,0.179603,0.112483,0.043191,,1518900,,
1,1,,0.088971,0.280354,0.087493,0.103015,0.026119,0.078292,0.009954,0.074367,0.081216,0.170219,,1517400,,
1,1,,0.096152,0.206973,0.101438,0.138782,0.041785,0.09187,0.011503,0.072727,0.07615,0.16262,,1520600,,
1,1,,0.15847,0.22478,0.044836,0.069767,0.046867,0.091382,0.02328,0.066435,0.092804,0.18138,,1518800,,
1,1,,0.088078,0.21829,0.112665,0.120753,0.045221,0.079331,0.010153,0.103412,0.081032,0.141064,,1535800,,
1,2,,0.066384,0.191424,0.243456,0.067943,0.040098,0.051007,0.027419,0.203794,0.043573,0.064902,,1517500,,
1,2,,0.107553,0.156591,0.246446,0.04392,0.050488,0.056851,0.050314,0.135009,0.083748,0.069079,,1518600,,
1,1,,0.138359,0.215138,0.049593,0.075421,0.081436,0.09058,0.022969,0.090994,0.093055,0.142454,,1521800,,
1,1,,0.086383,0.240676,0.117051,0.109514,0.04691,0.075547,0.00586,0.106332,0.076669,0.135059,,1535600,,
1,1,,0.086108,0.241697,0.112483,0.122606,0.043881,0.081799,0.010153,0.081033,0.076263,0.143977,,1521000,,
1,1,,0.0967,0.230053,0.068161,0.16104,0.04101,0.109954,0.014099,0.074964,0.062081,0.141937,,1520200,,
1,1,,0.109024,0.268853,0.064394,0.09478,0.02698,0.084987,0.011665,0.078743,0.096105,0.16447,,1518400,,
1,1,,0.086108,0.221697,0.112483,0.122606,0.043881,0.081799,0.010153,0.101033,0.076263,0.143977,,1519300,,
1,1,,0.116076,0.25906,0.082734,0.127008,0.02239,0.088917,0.011834,0.073041,0.057686,0.161254,,1521400,,
1,1,,0.109091,0.244834,0.059264,0.126554,0.043196,0.093577,0.014311,0.072734,0.102921,0.133518,,1520700,,
1,1,,0.099587,0.244958,0.056666,0.128018,0.023431,0.09066,0.013496,0.060309,0.085857,0.197018,,1561800,,
1,1,,0.129413,0.251811,0.058545,0.106929,0.052317,0.088868,0.012648,0.070598,0.087393,0.141478,,1517200,,
1,1,,0.097197,0.248105,0.082952,0.111162,0.022503,0.084301,0.013291,0.073788,0.094733,0.171967,,1519100,,
1,2,,0.069704,0.232661,0.232705,0.077625,0.032059,0.06061,0.014071,0.156216,0.049253,0.075097,,1537900,,
1,1,,0.074753,0.236923,0.224021,0.06675,0.034834,0.05652,0.024481,0.16172,0.05036,0.069639,,1518600,,
1,1,,0.129236,0.258563,0.0593,0.11402,0.024105,0.091279,0.014185,0.071365,0.082747,0.1552,,1519900,,
1,1,,0.129868,0.258043,0.060494,0.074675,0.060229,0.080464,0.012234,0.071163,0.099296,0.153534,,1518500,,
1,1,,0.098981,0.247752,0.076629,0.11935,0.024096,0.086008,0.011304,0.069699,0.081069,0.185112,,1518100,,
