pendigits,Tuned_CWT,test,3,NANOSECONDS,PREDICTIONS, Generated by ClassifierExperiments.java on 2022-05-16 02:13:58.    SYSTEMPROPERTIES:{user.name:matth,os.arch:amd64,os.name:Windows 10},ENDSYSTEMPROPERTIES
No parameter info
0.7223989095865516,1142887000,3387382100,-1,23442360,10,,-1,-1
0,0,,0.328016,0.050484,0.016453,0.01638,0.162863,0.109285,0.082466,0.033426,0.125323,0.075303,,1752600,,
0,0,,0.363756,0.034171,0.021723,0.006153,0.125427,0.094079,0.116768,0.027527,0.159114,0.051281,,1580000,,
0,0,,0.329849,0.031867,0.016474,0.014535,0.172176,0.117421,0.083541,0.033883,0.131446,0.068809,,1563200,,
0,0,,0.242191,0.129336,0.025208,0.038445,0.067629,0.133112,0.032181,0.088401,0.153146,0.090349,,1605300,,
0,0,,0.312336,0.016323,0.027158,0.015194,0.124926,0.091564,0.199874,0.031576,0.148682,0.032367,,1583100,,
0,0,,0.336384,0.015583,0.022359,0.015597,0.146175,0.095092,0.156722,0.029666,0.141342,0.041081,,1572700,,
0,0,,0.339678,0.014055,0.020554,0.005824,0.178257,0.091131,0.134759,0.026834,0.151212,0.037698,,1565400,,
0,0,,0.290551,0.016764,0.025572,0.015513,0.160018,0.087196,0.195536,0.02941,0.143569,0.03587,,1580500,,
0,0,,0.349295,0.082273,0.017541,0.015378,0.144699,0.105579,0.045381,0.037182,0.11923,0.083443,,1580200,,
0,0,,0.269431,0.11021,0.018825,0.02361,0.098942,0.122522,0.039483,0.07918,0.145205,0.092591,,1578900,,
0,0,,0.317149,0.012218,0.011011,0.005798,0.245579,0.089532,0.131291,0.025738,0.110363,0.051321,,1570400,,
0,0,,0.337849,0.032093,0.017734,0.01458,0.170438,0.107871,0.091832,0.03179,0.128451,0.067362,,1568200,,
0,0,,0.362742,0.026846,0.016663,0.008117,0.175639,0.106405,0.074318,0.031464,0.130279,0.067527,,1589100,,
0,0,,0.295202,0.045431,0.016546,0.015731,0.166201,0.12999,0.076641,0.040986,0.144533,0.068738,,1616700,,
0,0,,0.347707,0.01353,0.016027,0.00619,0.202843,0.097414,0.112516,0.027744,0.120098,0.055931,,1560100,,
0,0,,0.377294,0.033108,0.01579,0.00651,0.158831,0.102509,0.066915,0.028442,0.139622,0.070979,,1561300,,
0,0,,0.344949,0.057273,0.015964,0.014674,0.157913,0.107152,0.064953,0.033639,0.12731,0.076175,,1561700,,
0,0,,0.293253,0.014722,0.018749,0.015084,0.181357,0.081572,0.213592,0.027257,0.12355,0.030864,,1559800,,
0,0,,0.336415,0.024987,0.010241,0.007587,0.210481,0.100774,0.102997,0.029107,0.116257,0.061155,,1557200,,
0,0,,0.242192,0.040275,0.070527,0.038005,0.0781,0.088102,0.175836,0.046326,0.175078,0.04556,,1566100,,
0,0,,0.325813,0.013167,0.017054,0.005442,0.217713,0.081931,0.15742,0.025444,0.125345,0.03067,,1548500,,
0,0,,0.324416,0.025213,0.011501,0.007632,0.208743,0.091224,0.131287,0.027014,0.113262,0.059708,,1566000,,
0,0,,0.344714,0.045789,0.016546,0.015861,0.154845,0.115082,0.065026,0.035053,0.133872,0.073212,,1555500,,
0,0,,0.255629,0.020839,0.036067,0.004417,0.15893,0.089828,0.221528,0.036278,0.154251,0.022233,,1607100,,
0,0,,0.341236,0.024248,0.013902,0.007526,0.213491,0.099921,0.075825,0.031129,0.111003,0.08172,,1545000,,
0,0,,0.356044,0.019548,0.014621,0.006307,0.192593,0.102516,0.093135,0.028763,0.122427,0.064046,,1535600,,
0,0,,0.306717,0.012528,0.011157,0.005763,0.240038,0.098473,0.130611,0.027827,0.115584,0.051303,,1539200,,
0,0,,0.28568,0.014685,0.01886,0.015084,0.189236,0.079353,0.206674,0.027625,0.131939,0.030864,,1536200,,
0,0,,0.262244,0.121371,0.020229,0.031031,0.087622,0.123033,0.036301,0.081823,0.14509,0.091255,,1541700,,
0,0,,0.221539,0.054524,0.036728,0.019838,0.149647,0.133312,0.095406,0.049072,0.13695,0.102985,,1529600,,
0,0,,0.333418,0.04623,0.022187,0.015576,0.134469,0.095456,0.104141,0.030258,0.164753,0.053512,,1541000,,
0,0,,0.323662,0.012413,0.015538,0.005432,0.217989,0.081967,0.166281,0.024791,0.121257,0.03067,,1534400,,
0,0,,0.242191,0.109336,0.025208,0.038445,0.087629,0.133112,0.032181,0.088401,0.153146,0.090349,,2042800,,
0,0,,0.385657,0.019719,0.016027,0.006316,0.181945,0.100002,0.074998,0.028722,0.126375,0.060239,,2921300,,
0,6,,0.197866,0.032177,0.081836,0.001656,0.14788,0.083585,0.235518,0.042807,0.155511,0.021164,,2894000,,
0,0,,0.216643,0.050099,0.030937,0.018864,0.190135,0.132362,0.100346,0.045887,0.14491,0.069818,,2891300,,
0,0,,0.334974,0.026526,0.016517,0.008023,0.186007,0.099105,0.112512,0.029021,0.122997,0.064318,,2884000,,
0,0,,0.321357,0.065807,0.016546,0.015861,0.124743,0.130253,0.064874,0.041377,0.144872,0.074308,,2829400,,
0,0,,0.321172,0.013204,0.016944,0.005442,0.209018,0.081117,0.173891,0.025076,0.123466,0.03067,,1536100,,
0,0,,0.327384,0.05121,0.01998,0.016455,0.157097,0.114106,0.066421,0.037327,0.129146,0.080873,,1521100,,
0,2,,0.118275,0.09623,0.207391,0.058584,0.0414,0.067567,0.129073,0.078879,0.135594,0.067007,,1520600,,
0,0,,0.306717,0.012528,0.011157,0.005763,0.240038,0.098473,0.130611,0.027827,0.115584,0.051303,,1518600,,
0,0,,0.276219,0.10986,0.015298,0.023665,0.10325,0.117964,0.043761,0.075671,0.141721,0.092591,,1519100,,
0,0,,0.33267,0.046155,0.016546,0.015861,0.158214,0.116987,0.070773,0.03509,0.132149,0.075555,,1515600,,
0,0,,0.355146,0.045478,0.0164,0.015897,0.160386,0.106141,0.065706,0.032965,0.128651,0.07323,,1527900,,
0,0,,0.291347,0.101431,0.01436,0.023629,0.109751,0.115311,0.049427,0.061649,0.142813,0.090282,,1528300,,
0,0,,0.321768,0.014745,0.02246,0.008457,0.182869,0.089583,0.164314,0.029035,0.133538,0.03323,,1542900,,
0,0,,0.308453,0.015997,0.023876,0.015476,0.167316,0.090267,0.178346,0.029631,0.135164,0.035474,,1528400,,
0,0,,0.333958,0.044417,0.014803,0.015692,0.172743,0.10635,0.089423,0.032037,0.123751,0.066826,,1540200,,
0,0,,0.24943,0.015604,0.02395,0.014805,0.148811,0.101947,0.244549,0.029802,0.14621,0.024893,,1533600,,
0,0,,0.344704,0.062189,0.017541,0.015371,0.164746,0.105657,0.046409,0.038089,0.126408,0.078887,,1529000,,
0,0,,0.305634,0.045121,0.0164,0.015767,0.171742,0.121049,0.077321,0.038898,0.139312,0.068756,,1525600,,
0,0,,0.312804,0.020854,0.018836,0.021801,0.174836,0.116685,0.111152,0.032675,0.1325,0.057859,,1529400,,
0,0,,0.276219,0.10986,0.015298,0.023665,0.10325,0.117964,0.043761,0.075671,0.141721,0.092591,,1526100,,
0,0,,0.205238,0.049845,0.091007,0.030332,0.086788,0.083048,0.190943,0.052613,0.16074,0.049447,,1529400,,
0,0,,0.330943,0.015207,0.022469,0.015466,0.156286,0.091117,0.170736,0.029346,0.132955,0.035474,,1524500,,
0,0,,0.339678,0.014055,0.020554,0.005824,0.178257,0.091131,0.134759,0.026834,0.151212,0.037698,,1547500,,
0,0,,0.311553,0.014055,0.020554,0.005824,0.198257,0.091131,0.142884,0.026834,0.151212,0.037698,,1525300,,
0,0,,0.292679,0.014833,0.019261,0.015113,0.206837,0.083088,0.184803,0.027548,0.125751,0.030088,,1528800,,
0,0,,0.344005,0.032469,0.017734,0.01471,0.16898,0.108134,0.080065,0.032182,0.12879,0.072932,,1529200,,
0,0,,0.276106,0.01659,0.025683,0.015477,0.168466,0.088532,0.204245,0.029863,0.142427,0.03261,,1536900,,
0,0,,0.278365,0.014066,0.017565,0.015075,0.233318,0.083126,0.177166,0.027769,0.123856,0.029692,,1529700,,
0,0,,0.365053,0.031679,0.017424,0.014665,0.160408,0.108731,0.066216,0.03251,0.132584,0.07073,,1527300,,
0,0,,0.331553,0.014055,0.020554,0.005824,0.198257,0.091131,0.142884,0.026834,0.131212,0.037698,,1525800,,
0,0,,0.325813,0.013167,0.017054,0.005442,0.217713,0.081931,0.15742,0.025444,0.125345,0.03067,,1523900,,
0,0,,0.347707,0.01353,0.016027,0.00619,0.202843,0.097414,0.112516,0.027744,0.120098,0.055931,,1528100,,
0,0,,0.326515,0.04578,0.016546,0.015731,0.159672,0.116723,0.08254,0.034698,0.13181,0.069985,,1545100,,
0,0,,0.338861,0.013689,0.020664,0.005824,0.203948,0.090663,0.131035,0.027166,0.132871,0.03528,,1525000,,
0,0,,0.306568,0.01347,0.017334,0.008066,0.19691,0.080887,0.199561,0.026661,0.121924,0.02862,,1520700,,
0,0,,0.316703,0.050136,0.016453,0.01638,0.149392,0.122552,0.076568,0.039714,0.138046,0.074056,,1527200,,
0,0,,0.336899,0.018397,0.011011,0.005795,0.209508,0.093761,0.131287,0.026361,0.114578,0.052402,,1538400,,
0,0,,0.348742,0.013464,0.020363,0.005758,0.173813,0.087567,0.161319,0.026509,0.130363,0.032103,,1531000,,
0,0,,0.303812,0.016034,0.023765,0.015476,0.158621,0.089454,0.194817,0.029263,0.133285,0.035474,,1526300,,
0,0,,0.327707,0.01353,0.016027,0.00619,0.222843,0.097414,0.112516,0.027744,0.120098,0.055931,,1527900,,
0,0,,0.269582,0.0168,0.026978,0.015465,0.138305,0.085358,0.233731,0.029698,0.151637,0.032446,,1529800,,
0,6,,0.238865,0.01567,0.033749,0.010931,0.141966,0.104979,0.245267,0.037536,0.150566,0.020473,,1528500,,
0,0,,0.330712,0.031245,0.016181,0.014607,0.203257,0.09954,0.084902,0.029706,0.121005,0.068845,,1544100,,
0,6,,0.239529,0.01782,0.042046,0.003941,0.142104,0.083409,0.258286,0.042566,0.152089,0.01821,,1527400,,
0,0,,0.28148,0.090002,0.016799,0.024706,0.09878,0.121934,0.064721,0.061758,0.154451,0.085369,,1529900,,
0,0,,0.293253,0.014722,0.018749,0.015084,0.181357,0.081572,0.213592,0.027257,0.12355,0.030864,,1532100,,
0,0,,0.340806,0.013045,0.017444,0.005424,0.191966,0.08157,0.171599,0.024936,0.124571,0.028637,,1528300,,
0,0,,0.312208,0.015452,0.020556,0.015122,0.16357,0.082347,0.204758,0.027404,0.127323,0.03126,,1527100,,
0,0,,0.35173,0.014516,0.02196,0.005833,0.166283,0.088999,0.155116,0.027082,0.133201,0.03528,,1530600,,
0,0,,0.323605,0.014516,0.02196,0.005833,0.186283,0.088999,0.163241,0.027082,0.133201,0.03528,,1528200,,
0,0,,0.288073,0.013844,0.01709,0.005406,0.206481,0.11134,0.168589,0.027201,0.128907,0.033069,,1526700,,
0,0,,0.288605,0.090893,0.016309,0.021831,0.099031,0.122696,0.06517,0.061148,0.148945,0.085372,,1529000,,
0,0,,0.328564,0.013003,0.018957,0.005749,0.185787,0.089699,0.149087,0.026261,0.148374,0.03452,,1543800,,
0,0,,0.326568,0.01347,0.017334,0.008066,0.17691,0.080887,0.199561,0.026661,0.121924,0.02862,,1524600,,
0,0,,0.311553,0.014055,0.020554,0.005824,0.198257,0.091131,0.142884,0.026834,0.151212,0.037698,,1526200,,
0,0,,0.239988,0.016916,0.028966,0.015196,0.146076,0.089828,0.205774,0.031808,0.175945,0.049503,,1525800,,
0,0,,0.248416,0.02395,0.013338,0.028029,0.240362,0.120297,0.122997,0.029266,0.115552,0.057793,,1537000,,
0,0,,0.326749,0.057263,0.015964,0.014543,0.162741,0.108794,0.082466,0.033284,0.125248,0.072948,,1531900,,
0,0,,0.242191,0.129336,0.045208,0.038445,0.067629,0.133112,0.032181,0.088401,0.153146,0.070349,,1528800,,
0,0,,0.202191,0.131689,0.038737,0.038445,0.067629,0.133112,0.032181,0.091342,0.173735,0.090938,,1530600,,
0,0,,0.303901,0.013799,0.017334,0.008066,0.199914,0.082169,0.194938,0.026697,0.122144,0.031037,,1529000,,
0,6,,0.246808,0.015469,0.023728,0.014805,0.14582,0.081242,0.273364,0.029005,0.143694,0.026064,,1529300,,
0,0,,0.301357,0.065807,0.016546,0.015861,0.124743,0.130253,0.064874,0.041377,0.144872,0.094308,,1525400,,
0,2,,0.093671,0.10375,0.202291,0.088219,0.041177,0.089583,0.093435,0.084148,0.103397,0.100327,,1531500,,
0,0,,0.332026,0.013799,0.017334,0.008066,0.179914,0.082169,0.186813,0.026697,0.122144,0.031037,,1528800,,
0,0,,0.315957,0.044467,0.01153,0.01534,0.182408,0.108841,0.101315,0.032692,0.122075,0.065375,,1526400,,
0,0,,0.284677,0.019004,0.012414,0.0214,0.22485,0.109412,0.122316,0.030673,0.120539,0.054713,,1526900,,
0,0,,0.261685,0.115587,0.023756,0.031012,0.090641,0.123481,0.031996,0.085841,0.144854,0.091147,,1563900,,
0,0,,0.313047,0.013204,0.016944,0.005442,0.209018,0.081117,0.182016,0.025076,0.123466,0.03067,,1525800,,
0,0,,0.313553,0.025558,0.013806,0.007867,0.209735,0.116164,0.089744,0.032628,0.128375,0.06257,,1526600,,
0,0,,0.265547,0.015278,0.020668,0.015086,0.191202,0.08065,0.22302,0.027857,0.132692,0.028,,1528000,,
0,0,,0.317149,0.012218,0.011011,0.005798,0.245579,0.089532,0.131291,0.025738,0.110363,0.051321,,1545000,,
0,0,,0.321121,0.014366,0.0207,0.005788,0.192716,0.100072,0.142203,0.028922,0.136433,0.03768,,1525600,,
0,0,,0.317275,0.01384,0.016173,0.006154,0.217302,0.106355,0.111836,0.029833,0.125319,0.055913,,1529300,,
0,0,,0.363147,0.045705,0.01766,0.015942,0.158648,0.096591,0.073996,0.030872,0.125655,0.071783,,1527700,,
0,0,,0.308924,0.015378,0.022581,0.015466,0.190583,0.091008,0.158391,0.029775,0.133591,0.034303,,1526600,,
0,0,,0.288371,0.059409,0.016892,0.023018,0.115963,0.130625,0.065243,0.062563,0.155507,0.082409,,1529900,,
0,0,,0.331553,0.014055,0.020554,0.005824,0.198257,0.091131,0.142884,0.026834,0.131212,0.037698,,1586700,,
0,0,,0.263522,0.017157,0.028744,0.015326,0.101627,0.089387,0.242822,0.031402,0.173768,0.036244,,1530600,,
0,0,,0.256106,0.01659,0.025683,0.015477,0.168466,0.088532,0.184245,0.029863,0.162427,0.05261,,1528300,,
0,0,,0.340873,0.056851,0.018084,0.014628,0.162344,0.112364,0.053064,0.036863,0.128604,0.076324,,1529800,,
0,0,,0.305938,0.082291,0.017541,0.015378,0.134597,0.12075,0.045229,0.043506,0.130231,0.104539,,1529400,,
0,0,,0.340994,0.012743,0.015538,0.005432,0.200992,0.083249,0.161659,0.024828,0.121477,0.033087,,1524000,,
0,0,,0.28456,0.101781,0.017886,0.023574,0.105443,0.119869,0.045149,0.065158,0.146297,0.090282,,1526800,,
0,0,,0.336561,0.046541,0.022333,0.01554,0.128521,0.099249,0.103684,0.03205,0.161989,0.053532,,1525200,,
0,0,,0.324084,0.046317,0.017952,0.01574,0.152393,0.116114,0.09015,0.034694,0.134035,0.068521,,1525300,,
0,0,,0.35173,0.014516,0.02196,0.005833,0.166283,0.088999,0.155116,0.027082,0.133201,0.03528,,1587800,,
0,0,,0.344542,0.026836,0.016663,0.007987,0.180466,0.108046,0.091832,0.031109,0.128218,0.0643,,1534300,,
0,0,,0.321591,0.077291,0.015964,0.014674,0.127812,0.122324,0.064801,0.039963,0.13831,0.077271,,1545800,,
0,0,,0.287144,0.016415,0.025171,0.015463,0.142757,0.08617,0.220084,0.029526,0.143131,0.034138,,1524000,,
0,0,,0.349295,0.062273,0.017541,0.015378,0.164699,0.105579,0.045381,0.037182,0.11923,0.083443,,1530100,,
0,0,,0.297895,0.014685,0.01886,0.015084,0.190052,0.082386,0.197121,0.027625,0.125429,0.030864,,1548700,,
0,0,,0.222191,0.131689,0.058737,0.038445,0.067629,0.133112,0.032181,0.091342,0.153735,0.070938,,1525600,,
0,0,,0.321591,0.057291,0.015964,0.014674,0.147812,0.122324,0.064801,0.039963,0.13831,0.077271,,1523900,,
0,0,,0.269431,0.11021,0.038825,0.02361,0.098942,0.122522,0.039483,0.07918,0.145205,0.072591,,1526300,,
0,0,,0.339678,0.014055,0.020554,0.005824,0.178257,0.091131,0.134759,0.026834,0.151212,0.037698,,1527900,,
0,0,,0.280389,0.026325,0.024287,0.028063,0.165762,0.101286,0.1422,0.030357,0.158625,0.042705,,1526300,,
0,0,,0.309274,0.013614,0.014913,0.006109,0.21904,0.135905,0.083545,0.031925,0.128315,0.05736,,1526500,,
0,0,,0.330775,0.018319,0.01482,0.006758,0.222231,0.108466,0.083472,0.030653,0.121827,0.062678,,1534600,,
0,0,,0.352715,0.046016,0.017806,0.015906,0.153107,0.105532,0.073316,0.03296,0.130876,0.071765,,1526200,,
0,2,,0.190845,0.069438,0.193605,0.041803,0.041312,0.08035,0.126301,0.071461,0.142893,0.041993,,1527700,,
0,0,,0.344714,0.045789,0.016546,0.015861,0.154845,0.115082,0.065026,0.035053,0.133872,0.073212,,1529400,,
0,0,,0.263891,0.01659,0.025683,0.015477,0.18765,0.085499,0.193798,0.029863,0.148938,0.03261,,1525000,,
0,0,,0.268473,0.115237,0.020229,0.031068,0.094948,0.118923,0.036274,0.082331,0.14137,0.091147,,1527700,,
0,0,,0.19554,0.069688,0.189362,0.027557,0.043183,0.079184,0.133985,0.063277,0.143516,0.054709,,1525300,,
0,0,,0.331553,0.014055,0.020554,0.005824,0.198257,0.091131,0.142884,0.026834,0.131212,0.037698,,1529200,,
0,0,,0.24943,0.015604,0.02395,0.014805,0.148811,0.101947,0.244549,0.029802,0.14621,0.024893,,1524600,,
0,6,,0.22108,0.03047,0.075377,0.001824,0.118358,0.082093,0.222487,0.049787,0.174598,0.023927,,1523900,,
0,0,,0.365907,0.013539,0.016027,0.00632,0.198016,0.095772,0.095002,0.028099,0.12216,0.059158,,1533900,,
0,0,,0.358861,0.013689,0.020664,0.005824,0.183948,0.090663,0.131035,0.027166,0.132871,0.03528,,1526800,,
0,0,,0.316703,0.050136,0.016453,0.01638,0.149392,0.122552,0.076568,0.039714,0.138046,0.074056,,1544100,,
0,0,,0.264851,0.073726,0.017831,0.024093,0.109088,0.132025,0.059127,0.077052,0.159847,0.08236,,1527100,,
0,0,,0.315743,0.013931,0.017343,0.015075,0.170327,0.082422,0.205982,0.026972,0.12134,0.030864,,1527700,,
0,0,,0.329063,0.014846,0.02196,0.005833,0.189286,0.090281,0.150494,0.027119,0.133421,0.037698,,1523700,,
0,0,,0.267563,0.016971,0.02709,0.015465,0.132602,0.105249,0.201387,0.030126,0.172274,0.031274,,1525000,,
0,0,,0.364767,0.020244,0.020664,0.00595,0.166419,0.095155,0.119264,0.02818,0.137424,0.041931,,1525000,,
0,0,,0.259024,0.015488,0.021962,0.015074,0.161041,0.077476,0.252506,0.027692,0.141902,0.027835,,1525000,,
0,0,,0.33225,0.014101,0.020554,0.005954,0.193795,0.090112,0.143864,0.027189,0.131331,0.04085,,1529500,,
0,0,,0.347126,0.036794,0.024411,0.01565,0.097402,0.092238,0.156433,0.031583,0.158104,0.04026,,1539800,,
0,0,,0.334974,0.026526,0.016517,0.008023,0.186007,0.099105,0.112512,0.029021,0.122997,0.064318,,1526100,,
0,0,,0.313863,0.013905,0.016027,0.00632,0.221385,0.097677,0.100749,0.028136,0.140437,0.061501,,1531100,,
0,0,,0.337126,0.014782,0.02235,0.008457,0.154175,0.088769,0.180786,0.028667,0.131659,0.03323,,1527200,,
0,0,,0.234123,0.030034,0.066346,0.001694,0.107895,0.100536,0.201703,0.041436,0.183436,0.032798,,1529000,,
0,0,,0.253481,0.09348,0.018825,0.038151,0.118812,0.11981,0.042857,0.097905,0.133821,0.082857,,1526500,,
0,0,,0.219959,0.057419,0.032029,0.020215,0.189316,0.121399,0.113552,0.04458,0.122666,0.078865,,1528100,,
0,0,,0.27633,0.01689,0.017966,0.011361,0.238505,0.086128,0.173698,0.027782,0.123478,0.027862,,1529400,,
0,0,,0.257005,0.015659,0.022074,0.015074,0.175337,0.077367,0.240162,0.02812,0.142539,0.026664,,1529600,,
0,0,,0.308924,0.015378,0.022581,0.015466,0.190583,0.091008,0.158391,0.029775,0.133591,0.034303,,1527500,,
0,0,,0.376326,0.034178,0.02165,0.005918,0.140948,0.091382,0.124878,0.027549,0.13757,0.039601,,1539600,,
0,0,,0.358861,0.013689,0.020664,0.005824,0.183948,0.090663,0.131035,0.027166,0.132871,0.03528,,1534200,,
0,0,,0.31878,0.013693,0.020863,0.008382,0.1904,0.088151,0.170518,0.028462,0.1307,0.030052,,1549600,,
0,0,,0.311553,0.014055,0.020554,0.005824,0.198257,0.111131,0.142884,0.026834,0.131212,0.037698,,1530600,,
0,0,,0.263891,0.01659,0.025683,0.015477,0.18765,0.085499,0.193798,0.029863,0.148938,0.03261,,1528600,,
0,0,,0.257662,0.019188,0.045185,0.004601,0.125895,0.106711,0.215124,0.04289,0.158153,0.024592,,1529100,,
0,0,,0.346436,0.031932,0.016328,0.014701,0.176259,0.108744,0.072455,0.032186,0.126564,0.074397,,1527600,,
0,0,,0.352715,0.046016,0.017806,0.015906,0.153107,0.105532,0.073316,0.03296,0.130876,0.071765,,1529800,,
0,0,,0.173345,0.144938,0.044538,0.068734,0.058415,0.125586,0.034388,0.090373,0.157237,0.102445,,1530600,,
0,0,,0.315537,0.012413,0.015538,0.005432,0.217989,0.081967,0.174406,0.024791,0.121257,0.03067,,1527300,,
0,0,,0.31121,0.013433,0.017444,0.008066,0.205605,0.081701,0.183089,0.027029,0.123803,0.02862,,1527600,,
0,0,,0.341768,0.014745,0.02246,0.008457,0.162869,0.089583,0.164314,0.029035,0.133538,0.03323,,1562400,,
0,0,,0.33878,0.013693,0.020863,0.008382,0.1704,0.088151,0.170518,0.028462,0.1307,0.030052,,1564300,,
0,0,,0.336371,0.014479,0.02207,0.005833,0.194977,0.089813,0.138645,0.02745,0.13508,0.03528,,1526100,,
0,0,,0.32638,0.019713,0.016944,0.005438,0.175951,0.086629,0.16114,0.025736,0.1479,0.034168,,1530000,,
0,0,,0.323855,0.013099,0.014722,0.006043,0.199291,0.113863,0.117358,0.031348,0.127702,0.052718,,1526100,,
0,0,,0.269431,0.11021,0.018825,0.02361,0.098942,0.122522,0.039483,0.07918,0.145205,0.092591,,1528800,,
0,0,,0.291597,0.016034,0.023765,0.015476,0.157806,0.086421,0.20437,0.029263,0.139795,0.035474,,1527900,,
0,0,,0.321591,0.057291,0.015964,0.014674,0.147812,0.122324,0.064801,0.039963,0.13831,0.077271,,1526200,,
0,6,,0.186006,0.052835,0.10789,0.019452,0.094056,0.070896,0.224304,0.057877,0.156523,0.030161,,1525300,,
0,0,,0.222191,0.131689,0.058737,0.038445,0.067629,0.133112,0.032181,0.091342,0.153735,0.070938,,1535300,,
0,0,,0.33422,0.013726,0.020554,0.005824,0.195253,0.089849,0.147506,0.026797,0.130992,0.03528,,1578300,,
0,0,,0.356083,0.061923,0.014014,0.015433,0.169007,0.101021,0.049659,0.033672,0.115746,0.083443,,1545300,,
0,0,,0.277895,0.014685,0.01886,0.015084,0.190052,0.082386,0.197121,0.027625,0.145429,0.030864,,1524500,,
0,0,,0.347378,0.045158,0.016254,0.015803,0.170754,0.098842,0.0839,0.030522,0.121368,0.070021,,1525300,,
0,0,,0.299739,0.075543,0.01436,0.022591,0.130125,0.116564,0.049876,0.061182,0.137381,0.09264,,1527400,,
0,0,,0.248059,0.020579,0.032648,0.004101,0.154136,0.103379,0.234099,0.034845,0.147354,0.0208,,1526400,,
0,0,,0.252485,0.046046,0.104135,0.015966,0.07846,0.083074,0.16872,0.05793,0.154803,0.038381,,1529000,,
0,0,,0.333863,0.013905,0.016027,0.00632,0.221385,0.097677,0.100749,0.028136,0.120437,0.061501,,1524900,,
0,0,,0.31882,0.027051,0.021043,0.007657,0.161421,0.092823,0.14288,0.02811,0.15411,0.046085,,1528800,,
0,0,,0.337188,0.014846,0.02196,0.005833,0.169286,0.090281,0.142369,0.027119,0.153421,0.037698,,1526800,,
0,0,,0.298505,0.013534,0.016944,0.005442,0.212022,0.082399,0.169269,0.025113,0.143686,0.033087,,1566800,,
0,0,,0.283512,0.018103,0.021068,0.011372,0.176388,0.083652,0.219552,0.02787,0.132314,0.02617,,1526000,,
0,0,,0.268473,0.115237,0.020229,0.031068,0.094948,0.118923,0.036274,0.082331,0.14137,0.091147,,1527800,,
0,0,,0.341695,0.032619,0.02226,0.014214,0.145852,0.101588,0.1222,0.03088,0.139564,0.049129,,1524600,,
0,0,,0.331553,0.014055,0.020554,0.005824,0.178257,0.091131,0.142884,0.026834,0.151212,0.037698,,1526200,,
0,0,,0.269431,0.11021,0.018825,0.02361,0.098942,0.122522,0.039483,0.07918,0.145205,0.092591,,1526100,,
0,0,,0.328742,0.013464,0.020363,0.005758,0.193813,0.087567,0.161319,0.026509,0.130363,0.032103,,1526600,,
0,0,,0.243722,0.018047,0.022944,0.011103,0.189046,0.085199,0.233491,0.029552,0.142496,0.024399,,1525400,,
0,0,,0.256997,0.017037,0.036888,0.011591,0.125756,0.108281,0.222105,0.03786,0.15663,0.026854,,1526400,,
0,0,,0.353174,0.026535,0.016517,0.008153,0.18118,0.097464,0.094998,0.029375,0.125058,0.067545,,1525000,,
0,0,,0.233815,0.045717,0.039558,0.05348,0.106994,0.098849,0.156171,0.066306,0.148047,0.051064,,1538200,,
0,0,,0.31135,0.036571,0.016381,0.015184,0.195367,0.109983,0.083468,0.032611,0.124959,0.074127,,1526300,,
0,0,,0.267797,0.104438,0.015842,0.022915,0.100896,0.124749,0.051444,0.075353,0.151095,0.085471,,1524700,,
0,0,,0.301591,0.077291,0.015964,0.014674,0.127812,0.122324,0.064801,0.039963,0.13831,0.097271,,1527100,,
0,0,,0.344005,0.032469,0.017734,0.01471,0.16898,0.108134,0.080065,0.032182,0.12879,0.072932,,1525800,,
0,0,,0.344949,0.057273,0.015964,0.014674,0.157913,0.107152,0.064953,0.033639,0.12731,0.076175,,1527200,,
0,0,,0.361738,0.020085,0.016027,0.006316,0.185314,0.101906,0.09262,0.028759,0.124652,0.062582,,1524000,,
0,0,,0.221217,0.054176,0.115963,0.016238,0.082072,0.087518,0.15225,0.061245,0.168522,0.040798,,1529200,,
0,0,,0.334516,0.046006,0.017806,0.015776,0.157934,0.107173,0.09083,0.032606,0.128815,0.068538,,1529200,,
0,0,,0.316859,0.031092,0.012864,0.014153,0.187633,0.10893,0.109927,0.031872,0.123937,0.062734,,1532300,,
0,0,,0.254281,0.01936,0.02796,0.011494,0.16631,0.093081,0.214716,0.031558,0.152231,0.029009,,1564300,,
0,0,,0.314516,0.046006,0.017806,0.015776,0.177934,0.107173,0.09083,0.032606,0.128815,0.068538,,1528800,,
0,0,,0.302249,0.0132,0.016027,0.00619,0.219839,0.096132,0.125263,0.027708,0.139879,0.053514,,1525700,,
0,0,,0.306568,0.01347,0.017334,0.008066,0.19691,0.080887,0.199561,0.026661,0.121924,0.02862,,1526200,,
0,0,,0.331546,0.055118,0.018141,0.017085,0.175339,0.107243,0.059171,0.037301,0.118902,0.080154,,1527000,,
0,6,,0.247777,0.015052,0.022432,0.014817,0.169563,0.082306,0.249304,0.02911,0.142237,0.027401,,1528000,,
0,0,,0.33173,0.014516,0.02196,0.005833,0.186283,0.088999,0.155116,0.027082,0.133201,0.03528,,1527800,,
0,0,,0.340994,0.012743,0.015538,0.005432,0.200992,0.083249,0.161659,0.024828,0.121477,0.033087,,1525900,,
0,0,,0.315743,0.013931,0.017343,0.015075,0.170327,0.082422,0.205982,0.026972,0.12134,0.030864,,1524500,,
0,0,,0.254657,0.048112,0.024741,0.020989,0.226665,0.093488,0.088778,0.038663,0.100631,0.103275,,1528000,,
0,0,,0.241394,0.038185,0.03458,0.028863,0.189247,0.108163,0.077125,0.045208,0.163595,0.07364,,1549800,,
0,0,,0.333215,0.012992,0.014621,0.006181,0.23166,0.099562,0.084905,0.027749,0.131719,0.057396,,1527800,,
0,0,,0.295743,0.013931,0.017343,0.015075,0.190327,0.082422,0.205982,0.026972,0.12134,0.030864,,1525500,,
0,0,,0.356083,0.081923,0.014014,0.015433,0.149007,0.101021,0.049659,0.033672,0.115746,0.083443,,1525500,,
0,0,,0.311553,0.014055,0.020554,0.005824,0.198257,0.091131,0.142884,0.026834,0.151212,0.037698,,1527100,,
0,0,,0.321373,0.019591,0.017334,0.00542,0.170205,0.086268,0.175319,0.025227,0.147126,0.032136,,1525100,,
1,3,,0.048449,0.166355,0.162941,0.177357,0.035486,0.090154,0.023054,0.092853,0.081457,0.121894,,1530600,,
1,2,,0.086001,0.11882,0.24938,0.051239,0.040536,0.070275,0.137742,0.075433,0.118456,0.05212,,1528000,,
1,1,,0.107514,0.190102,0.099295,0.143927,0.019849,0.104236,0.020678,0.075773,0.106708,0.131917,,1528400,,
1,3,,0.049031,0.105403,0.147538,0.199005,0.031306,0.112348,0.051707,0.090166,0.089554,0.123941,,1531300,,
1,2,,0.057405,0.163127,0.27334,0.109348,0.019341,0.069676,0.059306,0.132202,0.063229,0.053026,,1532400,,
1,2,,0.049803,0.149729,0.291436,0.094614,0.025007,0.055925,0.08975,0.103567,0.086675,0.053495,,1535000,,
1,1,,0.106716,0.168841,0.113411,0.108874,0.04789,0.100773,0.022616,0.100942,0.084857,0.14508,,1527700,,
1,0,,0.189973,0.157315,0.054646,0.0705,0.092161,0.114502,0.029107,0.082258,0.097309,0.112229,,1528200,,
1,1,,0.042818,0.236403,0.164189,0.163544,0.024915,0.078124,0.021782,0.100441,0.043364,0.124418,,1527500,,
1,1,,0.107197,0.164022,0.108902,0.116496,0.052435,0.107004,0.031588,0.094471,0.082945,0.13494,,1548400,,
1,2,,0.07016,0.167162,0.222049,0.079814,0.03518,0.058438,0.099084,0.09896,0.111013,0.058141,,1528700,,
1,1,,0.060723,0.211259,0.170388,0.14671,0.022966,0.079459,0.012139,0.099655,0.078322,0.11838,,1526900,,
1,2,,0.070598,0.154022,0.242506,0.079858,0.055217,0.061169,0.099074,0.089728,0.066629,0.081198,,1524000,,
1,1,,0.129442,0.174039,0.058398,0.100598,0.040946,0.118502,0.021292,0.100324,0.128292,0.128166,,1531200,,
1,1,,0.049566,0.214628,0.170516,0.153702,0.042698,0.080493,0.010804,0.106339,0.052189,0.119064,,1531600,,
1,3,,0.043544,0.160362,0.149629,0.255391,0.012039,0.097176,0.032734,0.068615,0.07104,0.109471,,1561500,,
1,3,,0.081814,0.14358,0.120658,0.165002,0.036707,0.112473,0.026666,0.077433,0.080568,0.155098,,1527700,,
1,1,,0.102658,0.156531,0.115282,0.145311,0.03132,0.105204,0.028701,0.094853,0.073568,0.146571,,1528600,,
1,1,,0.063518,0.200841,0.136444,0.196433,0.011217,0.085489,0.02809,0.072016,0.060808,0.145145,,1539600,,
1,3,,0.049387,0.095855,0.117516,0.17646,0.062558,0.105484,0.106142,0.076703,0.082117,0.12778,,1541600,,
1,2,,0.076087,0.143255,0.185854,0.149282,0.034553,0.082525,0.040224,0.108974,0.068647,0.110598,,1527400,,
1,3,,0.070912,0.146221,0.16624,0.200319,0.028959,0.085814,0.025833,0.084135,0.057418,0.134148,,1527200,,
1,3,,0.055147,0.105385,0.143997,0.223083,0.043838,0.106384,0.043012,0.089243,0.066666,0.123246,,1533600,,
1,1,,0.070904,0.159413,0.136022,0.150905,0.0244,0.109959,0.017946,0.099661,0.082922,0.147868,,1557700,,
1,0,,0.181158,0.175232,0.049141,0.06839,0.062476,0.114781,0.03178,0.098027,0.11006,0.108956,,1535500,,
1,1,,0.086001,0.182294,0.1222,0.165371,0.009325,0.104656,0.02568,0.0709,0.090409,0.143164,,1525700,,
1,9,,0.137999,0.133444,0.080857,0.138535,0.052664,0.107289,0.0357,0.072442,0.089305,0.151766,,1547800,,
1,3,,0.082258,0.163658,0.13105,0.210561,0.009267,0.096185,0.0271,0.070993,0.068772,0.140156,,1544300,,
1,3,,0.072588,0.170581,0.15943,0.181529,0.009064,0.096271,0.025957,0.084459,0.074752,0.125371,,1540000,,
1,2,,0.037669,0.199724,0.241146,0.100153,0.019364,0.110223,0.046025,0.103567,0.064192,0.077938,,1527900,,
1,1,,0.089065,0.179972,0.126217,0.152069,0.021603,0.106128,0.026929,0.075861,0.083177,0.138978,,1529800,,
1,1,,0.050066,0.176564,0.163031,0.171034,0.036087,0.090224,0.022082,0.095963,0.061218,0.13373,,1527800,,
1,2,,0.0851,0.128439,0.232832,0.03628,0.040438,0.062664,0.13789,0.110777,0.119137,0.046444,,1545500,,
1,2,,0.090007,0.147433,0.222543,0.079841,0.035146,0.056664,0.099093,0.104281,0.106213,0.058781,,1556900,,
1,2,,0.043146,0.181266,0.227202,0.094007,0.022473,0.084664,0.079725,0.099245,0.089638,0.078635,,1528500,,
1,1,,0.109562,0.197385,0.111669,0.122953,0.031193,0.104539,0.015788,0.080869,0.079572,0.146468,,1528300,,
1,1,,0.088333,0.209917,0.124447,0.109738,0.034724,0.096757,0.012041,0.09183,0.081895,0.150319,,1534200,,
1,1,,0.079482,0.188563,0.144001,0.13159,0.029572,0.094077,0.012131,0.096467,0.071896,0.152222,,1528000,,
1,1,,0.14028,0.16597,0.105885,0.12934,0.033258,0.113984,0.021929,0.075253,0.090661,0.123439,,1528000,,
1,2,,0.068167,0.179259,0.22269,0.05733,0.039555,0.054967,0.129462,0.093524,0.103072,0.051974,,1528400,,
1,3,,0.0514,0.161555,0.135665,0.223842,0.00876,0.094202,0.027727,0.073087,0.085304,0.138458,,1528200,,
1,2,,0.064912,0.165323,0.218127,0.057714,0.064213,0.065755,0.099075,0.079881,0.092376,0.092624,,1531600,,
1,3,,0.050712,0.127787,0.163785,0.214768,0.028463,0.082666,0.030628,0.102644,0.086239,0.112308,,1527400,,
1,2,,0.07016,0.167162,0.222049,0.079814,0.03518,0.058438,0.099084,0.09896,0.111013,0.058141,,1561800,,
1,1,,0.138245,0.155915,0.074965,0.113632,0.063227,0.117639,0.01582,0.101162,0.089078,0.130317,,1531300,,
1,2,,0.069803,0.189729,0.231436,0.094614,0.025007,0.055925,0.08975,0.103567,0.086675,0.053495,,1536700,,
1,1,,0.119975,0.164273,0.103361,0.142696,0.032579,0.105134,0.022458,0.06291,0.094473,0.152142,,1539500,,
1,1,,0.052073,0.197646,0.137699,0.196545,0.030973,0.081662,0.025403,0.081304,0.057058,0.139635,,1541200,,
1,3,,0.094098,0.156324,0.107239,0.167188,0.023521,0.109207,0.023296,0.079007,0.092959,0.147162,,1529500,,
1,3,,0.0714,0.141555,0.135665,0.223842,0.02876,0.094202,0.027727,0.073087,0.065304,0.138458,,1529900,,
1,3,,0.0514,0.141555,0.135665,0.223842,0.02876,0.094202,0.027727,0.073087,0.085304,0.138458,,1527400,,
1,6,,0.083691,0.119284,0.152632,0.042592,0.127715,0.077708,0.166902,0.053034,0.099323,0.077119,,1528400,,
1,2,,0.069636,0.180691,0.201235,0.050104,0.045845,0.06399,0.129942,0.089313,0.103273,0.065971,,1547400,,
1,2,,0.056816,0.143684,0.269425,0.129521,0.033885,0.080103,0.045701,0.12851,0.057887,0.054467,,1527900,,
1,9,,0.147983,0.126197,0.073727,0.11467,0.067899,0.111838,0.037524,0.074729,0.079141,0.166292,,1525500,,
1,2,,0.088595,0.153954,0.201417,0.056473,0.038507,0.058597,0.130112,0.094157,0.127171,0.051017,,1525500,,
1,1,,0.0699,0.197288,0.18904,0.040909,0.045867,0.08689,0.129994,0.08163,0.087597,0.070883,,1526200,,
1,2,,0.069921,0.135918,0.249649,0.081856,0.023859,0.057601,0.090819,0.108995,0.132239,0.049141,,1532700,,
1,0,,0.181158,0.175232,0.049141,0.06839,0.062476,0.114781,0.03178,0.098027,0.11006,0.108956,,1547800,,
1,2,,0.050007,0.167433,0.222543,0.079841,0.035146,0.056664,0.099093,0.104281,0.106213,0.078781,,1526400,,
1,1,,0.137119,0.144759,0.110614,0.132565,0.051066,0.103951,0.03464,0.076252,0.091122,0.117912,,1528600,,
1,2,,0.036653,0.19179,0.248189,0.108646,0.012765,0.061581,0.04637,0.143696,0.079216,0.071094,,1527200,,
1,1,,0.100255,0.167948,0.108908,0.14726,0.023875,0.107901,0.023742,0.076612,0.09302,0.150478,,1547400,,
1,3,,0.084843,0.085345,0.11015,0.158211,0.071738,0.117842,0.094684,0.091827,0.07677,0.10859,,1530300,,
1,1,,0.112042,0.154555,0.105216,0.146632,0.024064,0.114366,0.023443,0.072329,0.099682,0.14767,,1544200,,
1,1,,0.120643,0.168153,0.088894,0.144631,0.030003,0.104253,0.022265,0.063705,0.096327,0.161127,,1525400,,
1,1,,0.068725,0.196079,0.127749,0.13884,0.048868,0.101123,0.014631,0.093744,0.072644,0.137598,,1527700,,
1,1,,0.169302,0.173695,0.050073,0.122611,0.04144,0.109104,0.020359,0.078605,0.09809,0.13672,,1530300,,
1,3,,0.041356,0.100863,0.127179,0.169545,0.040083,0.10648,0.134516,0.076784,0.076051,0.127144,,1541100,,
1,3,,0.071985,0.163173,0.129505,0.207795,0.009026,0.100659,0.026012,0.079852,0.069856,0.142136,,1541800,,
1,3,,0.069387,0.095855,0.117516,0.17646,0.062558,0.105484,0.106142,0.076703,0.062117,0.12778,,1528600,,
1,3,,0.052718,0.162384,0.138883,0.193934,0.008842,0.098108,0.028823,0.075997,0.095201,0.145112,,1527800,,
1,1,,0.067495,0.220873,0.138264,0.131936,0.028045,0.096463,0.012854,0.101216,0.074908,0.127945,,1552200,,
1,1,,0.079482,0.188563,0.144001,0.13159,0.029572,0.094077,0.012131,0.096467,0.071896,0.152222,,1544800,,
1,1,,0.128044,0.188942,0.11279,0.093395,0.071608,0.094179,0.019944,0.079988,0.085883,0.125229,,1528300,,
1,2,,0.056934,0.169873,0.267638,0.096763,0.032737,0.064133,0.046771,0.133938,0.081099,0.050113,,1534800,,
1,2,,0.031798,0.175877,0.28034,0.112682,0.008688,0.072179,0.016488,0.15929,0.078409,0.06425,,1528700,,
1,2,,0.085069,0.156983,0.248994,0.08208,0.029207,0.078097,0.084227,0.096857,0.098802,0.039684,,1542600,,
1,2,,0.036094,0.183955,0.260011,0.110799,0.014053,0.075928,0.042929,0.125803,0.077525,0.072902,,1537600,,
1,0,,0.206011,0.150261,0.032031,0.048247,0.107637,0.116664,0.038027,0.084665,0.10331,0.113148,,1526100,,
1,2,,0.062834,0.156798,0.248471,0.109405,0.021312,0.061983,0.074504,0.104341,0.085639,0.074713,,1525800,,
1,2,,0.089182,0.173073,0.184905,0.122855,0.045444,0.080941,0.026225,0.098709,0.055683,0.122982,,1538700,,
1,3,,0.052641,0.174487,0.14343,0.191681,0.031013,0.090158,0.025421,0.084526,0.061793,0.14485,,1558300,,
1,2,,0.051472,0.16556,0.189918,0.173143,0.008536,0.085923,0.029394,0.089101,0.061778,0.145175,,1527800,,
1,9,,0.138017,0.140782,0.063569,0.120433,0.063338,0.104819,0.044357,0.068216,0.088984,0.167483,,1530300,,
1,2,,0.056225,0.197095,0.249461,0.109503,0.013814,0.075598,0.04572,0.123064,0.077471,0.05205,,1527600,,
1,2,,0.090494,0.140031,0.271879,0.081249,0.024463,0.063855,0.089126,0.098465,0.092091,0.048345,,1540300,,
1,3,,0.083449,0.158799,0.140525,0.17305,0.010643,0.107056,0.027554,0.087355,0.079424,0.132144,,1539100,,
1,3,,0.072735,0.171205,0.101165,0.222315,0.031034,0.089255,0.026472,0.061304,0.063807,0.160708,,1543200,,
1,3,,0.068453,0.101165,0.117271,0.183667,0.055458,0.112172,0.078662,0.09879,0.065895,0.118466,,1528500,,
1,1,,0.146325,0.206347,0.080315,0.086878,0.049792,0.107643,0.013741,0.106057,0.088509,0.114393,,1542100,,
1,2,,0.120664,0.098645,0.217174,0.043962,0.038668,0.067613,0.130214,0.080116,0.155715,0.047228,,1534500,,
1,2,,0.088757,0.165848,0.202654,0.057348,0.039627,0.059472,0.129443,0.07897,0.123489,0.054391,,1538400,,
1,6,,0.08721,0.149817,0.145001,0.033013,0.10308,0.08982,0.19734,0.058994,0.094344,0.041381,,1530300,,
1,2,,0.047863,0.175025,0.19515,0.16592,0.028634,0.079181,0.021115,0.108996,0.057103,0.121014,,1528300,,
1,1,,0.041442,0.215029,0.197272,0.169649,0.02457,0.073093,0.014343,0.122834,0.050155,0.091613,,1530500,,
1,2,,0.050188,0.170267,0.239497,0.130703,0.01378,0.124882,0.012986,0.099858,0.075205,0.082634,,1526700,,
1,2,,0.056225,0.197095,0.249461,0.109503,0.013814,0.057951,0.04572,0.143064,0.075118,0.05205,,1525800,,
1,1,,0.076597,0.187629,0.132401,0.164327,0.011431,0.100911,0.026412,0.082654,0.083781,0.133856,,1531700,,
1,0,,0.197924,0.164037,0.045346,0.035703,0.117146,0.108036,0.041995,0.082207,0.097316,0.110289,,1527400,,
1,1,,0.097626,0.178526,0.106939,0.124359,0.036164,0.110189,0.017618,0.087716,0.085234,0.155629,,1528900,,
1,6,,0.074569,0.08014,0.088486,0.092012,0.11349,0.090386,0.166993,0.049961,0.082666,0.161298,,1525400,,
1,3,,0.058865,0.166032,0.106765,0.267576,0.016348,0.08208,0.071333,0.06568,0.063208,0.102114,,1546200,,
1,9,,0.094475,0.127954,0.126081,0.039353,0.109284,0.132615,0.073237,0.095061,0.065562,0.136378,,1531300,,
1,1,,0.10931,0.168142,0.109362,0.151461,0.02104,0.106946,0.028752,0.064509,0.09586,0.144619,,1531200,,
1,2,,0.040056,0.170243,0.224959,0.178101,0.031953,0.073392,0.011094,0.110442,0.066293,0.093467,,1533900,,
1,2,,0.100073,0.132056,0.237211,0.043944,0.038596,0.063108,0.130233,0.09467,0.115299,0.044811,,1527700,,
1,1,,0.112042,0.161989,0.108929,0.140919,0.022723,0.113252,0.021994,0.075056,0.099926,0.14317,,1526600,,
1,2,,0.039903,0.216863,0.226269,0.129355,0.015932,0.065053,0.013844,0.165889,0.050847,0.076044,,1529400,,
1,1,,0.10931,0.175575,0.113075,0.145748,0.019698,0.105832,0.027303,0.067236,0.096104,0.14012,,1531300,,
1,1,,0.073865,0.205703,0.145582,0.131217,0.014646,0.106308,0.022139,0.09268,0.085449,0.122411,,1526100,,
1,3,,0.043889,0.162382,0.125811,0.257192,0.010659,0.083614,0.030367,0.064779,0.065916,0.155391,,1545100,,
1,1,,0.101134,0.191202,0.109531,0.119937,0.050405,0.099964,0.010809,0.081009,0.080781,0.155228,,1528000,,
1,2,,0.049803,0.169729,0.271436,0.094614,0.025007,0.055925,0.08975,0.103567,0.086675,0.053495,,1527400,,
1,1,,0.063684,0.230581,0.128157,0.145011,0.023535,0.099747,0.01007,0.09386,0.066889,0.138466,,1530400,,
1,1,,0.109945,0.153737,0.106643,0.152326,0.021859,0.108352,0.02654,0.091297,0.081014,0.148285,,1541500,,
1,9,,0.13925,0.145506,0.083017,0.098442,0.06863,0.105954,0.036114,0.063873,0.080284,0.17893,,1536200,,
1,1,,0.102045,0.163566,0.117209,0.155059,0.0146,0.111909,0.027339,0.070152,0.094083,0.144037,,1541800,,
1,2,,0.073313,0.163865,0.227309,0.037171,0.040249,0.056199,0.138385,0.101028,0.113228,0.049253,,1545900,,
1,4,,0.122501,0.085888,0.065055,0.083886,0.165773,0.091507,0.142014,0.045452,0.061714,0.13621,,1603200,,
1,3,,0.073269,0.168649,0.129433,0.187664,0.009082,0.104784,0.026068,0.078736,0.083005,0.139311,,1535000,,
1,1,,0.075863,0.184637,0.139079,0.165925,0.015274,0.098456,0.01843,0.084312,0.070137,0.147887,,1542500,,
1,1,,0.097665,0.191254,0.103344,0.115209,0.035083,0.105914,0.017618,0.085268,0.106099,0.142546,,1541400,,
1,3,,0.078076,0.090299,0.114869,0.173187,0.062814,0.118744,0.080353,0.093054,0.076403,0.112201,,1539900,,
1,1,,0.068569,0.194325,0.180763,0.137559,0.022728,0.081402,0.025448,0.087884,0.074567,0.126756,,1531100,,
1,9,,0.14781,0.141501,0.064182,0.121066,0.061321,0.105423,0.02967,0.072406,0.09529,0.161331,,1524700,,
1,2,,0.057405,0.203127,0.23334,0.109348,0.019341,0.069676,0.059306,0.112202,0.063229,0.073026,,1544100,,
1,1,,0.061972,0.224304,0.148771,0.139187,0.022966,0.094999,0.012192,0.105714,0.072187,0.117708,,1538100,,
1,3,,0.048453,0.101165,0.117271,0.183667,0.035458,0.112172,0.098662,0.07879,0.085895,0.138466,,1545100,,
1,1,,0.041917,0.226715,0.216411,0.145477,0.017513,0.075624,0.011204,0.102216,0.04727,0.115652,,1525700,,
1,2,,0.102038,0.117564,0.228629,0.022506,0.05679,0.074668,0.155823,0.069393,0.131348,0.041241,,1554500,,
1,3,,0.078589,0.106598,0.114169,0.279745,0.017796,0.090509,0.082415,0.060021,0.08028,0.089879,,1542800,,
1,1,,0.107154,0.174859,0.117721,0.100797,0.07753,0.095138,0.012457,0.087189,0.085531,0.141623,,1527200,,
1,3,,0.068229,0.113719,0.125871,0.183713,0.055435,0.104997,0.07861,0.088094,0.063024,0.118309,,1527100,,
1,1,,0.0736,0.194896,0.154795,0.15316,0.016572,0.094361,0.022799,0.08731,0.072439,0.130068,,1529000,,
1,3,,0.052133,0.155632,0.141511,0.196279,0.008558,0.109484,0.030463,0.075543,0.090146,0.140253,,1535900,,
1,1,,0.088229,0.19467,0.119754,0.13031,0.034724,0.103958,0.010791,0.088958,0.078546,0.15006,,1540100,,
1,0,,0.206011,0.164656,0.036555,0.035626,0.114182,0.110419,0.034085,0.09056,0.103427,0.104479,,1540100,,
1,2,,0.070753,0.143587,0.157449,0.04457,0.089021,0.099528,0.14806,0.098275,0.103781,0.044975,,1537300,,
1,1,,0.067127,0.216748,0.151574,0.146026,0.02503,0.08627,0.014382,0.091127,0.059411,0.142307,,1538800,,
1,2,,0.070797,0.166108,0.230414,0.086398,0.030548,0.056521,0.090116,0.107927,0.0735,0.087672,,1540800,,
1,1,,0.061603,0.207377,0.164343,0.146967,0.043222,0.081683,0.01175,0.098572,0.056748,0.127734,,1540800,,
1,3,,0.057013,0.089881,0.113915,0.16163,0.046629,0.129963,0.121624,0.049096,0.082014,0.148235,,1541600,,
1,1,,0.109271,0.159954,0.12314,0.154898,0.019698,0.110107,0.027303,0.085662,0.094651,0.115317,,1527400,,
1,1,,0.071028,0.182393,0.151417,0.040726,0.089878,0.097261,0.150124,0.080999,0.08312,0.053053,,1535300,,
1,2,,0.061679,0.117408,0.198634,0.122703,0.068391,0.071666,0.093797,0.09935,0.055414,0.110958,,1539300,,
1,3,,0.07202,0.171773,0.135575,0.202728,0.009082,0.093973,0.026014,0.072601,0.06949,0.146744,,1533400,,
1,9,,0.139932,0.151266,0.077306,0.122989,0.056897,0.102982,0.028526,0.07104,0.089486,0.159576,,1527100,,
1,1,,0.101385,0.153409,0.11937,0.145177,0.015921,0.11419,0.027718,0.098014,0.085234,0.139582,,1536000,,
