pendigits,Tuned_CWT,test,1,NANOSECONDS,PREDICTIONS, Generated by ClassifierExperiments.java on 2022-05-16 02:10:03.    SYSTEMPROPERTIES:{user.name:matth,os.arch:amd64,os.name:Windows 10},ENDSYSTEMPROPERTIES
No parameter info
0.6460699681962744,1191646400,3394968900,-1,23256016,10,,-1,-1
0,0,,0.345123,0.014643,0.023213,0.005443,0.171047,0.094808,0.102737,0.030552,0.154632,0.0578,,1786000,,
0,0,,0.232464,0.034071,0.08018,0.032431,0.084412,0.118691,0.127706,0.07123,0.149394,0.06942,,1580000,,
0,0,,0.326916,0.014866,0.028081,0.005388,0.158569,0.114945,0.125591,0.029439,0.14339,0.052814,,1562100,,
0,0,,0.335155,0.015999,0.029085,0.02597,0.155788,0.104852,0.072225,0.042777,0.141982,0.076167,,1576800,,
0,0,,0.248949,0.084764,0.042193,0.01924,0.081402,0.125082,0.063465,0.057466,0.174266,0.103173,,1577600,,
0,0,,0.360342,0.014608,0.017377,0.005765,0.15668,0.102863,0.072075,0.030665,0.145036,0.09459,,1588400,,
0,0,,0.217539,0.11776,0.038444,0.043115,0.053732,0.10877,0.036241,0.066734,0.203733,0.113931,,1576900,,
0,0,,0.307612,0.078121,0.020958,0.014896,0.107947,0.096356,0.058725,0.039877,0.160617,0.114892,,1562200,,
0,0,,0.345123,0.014643,0.023213,0.005443,0.171047,0.094808,0.102737,0.030552,0.154632,0.0578,,1585300,,
0,0,,0.325937,0.052564,0.03577,0.007026,0.120654,0.123947,0.064038,0.047887,0.119859,0.10232,,1571500,,
0,0,,0.352395,0.014185,0.026277,0.005351,0.145041,0.095205,0.118064,0.029619,0.161432,0.052431,,1563100,,
0,0,,0.359779,0.03666,0.022472,0.006508,0.144646,0.102875,0.064413,0.035418,0.119651,0.107578,,1572100,,
0,0,,0.325123,0.014643,0.023213,0.005443,0.191047,0.094808,0.102737,0.030552,0.154632,0.0578,,1564200,,
0,0,,0.29233,0.023559,0.05145,0.031685,0.137544,0.097016,0.108751,0.059738,0.149296,0.04863,,1568700,,
0,0,,0.356437,0.012074,0.017235,0.005805,0.182482,0.104345,0.072114,0.02903,0.14385,0.076627,,1594600,,
0,0,,0.289973,0.094538,0.019377,0.029625,0.089767,0.099764,0.052582,0.039711,0.164495,0.120168,,1556200,,
0,0,,0.309494,0.025018,0.024206,0.013188,0.156767,0.100215,0.100031,0.032134,0.173297,0.06565,,1579800,,
0,0,,0.321495,0.014457,0.021398,0.005286,0.198591,0.091654,0.108948,0.029862,0.151216,0.057092,,1568700,,
0,0,,0.345123,0.014643,0.023213,0.005443,0.171047,0.094808,0.102737,0.030552,0.154632,0.0578,,1563300,,
0,0,,0.290379,0.091714,0.031814,0.018007,0.087777,0.102744,0.054535,0.049899,0.165285,0.107846,,1582700,,
0,0,,0.347293,0.013207,0.018228,0.005412,0.187857,0.09506,0.093619,0.029415,0.145854,0.064054,,1552600,,
0,0,,0.270379,0.091714,0.031814,0.018007,0.087777,0.102744,0.054535,0.049899,0.185285,0.107846,,1572200,,
0,0,,0.321495,0.014457,0.021398,0.005286,0.198591,0.091654,0.108948,0.029862,0.151216,0.057092,,1551600,,
0,0,,0.321495,0.014457,0.021398,0.005286,0.198591,0.111114,0.109489,0.029862,0.131216,0.057092,,1550800,,
0,0,,0.305866,0.024832,0.022391,0.013031,0.164312,0.097061,0.106242,0.031444,0.169881,0.064942,,1584200,,
0,0,,0.342309,0.052378,0.033954,0.006868,0.128198,0.100793,0.070249,0.047196,0.116442,0.101612,,1513300,,
0,0,,0.305866,0.024832,0.022391,0.013031,0.184312,0.097061,0.106242,0.031444,0.149881,0.064942,,1514400,,
0,0,,0.285431,0.022296,0.032126,0.004964,0.126549,0.112825,0.138306,0.054281,0.173851,0.049371,,1514100,,
0,0,,0.322945,0.053352,0.037354,0.007026,0.111961,0.102906,0.071712,0.048165,0.14226,0.10232,,1518300,,
0,0,,0.372809,0.011889,0.015419,0.005647,0.190026,0.101191,0.078325,0.02834,0.120434,0.075919,,1515800,,
0,0,,0.350921,0.013393,0.020044,0.00557,0.180312,0.098214,0.087408,0.030105,0.14927,0.064762,,1522600,,
0,0,,0.350092,0.039754,0.026737,0.00318,0.152432,0.101736,0.062898,0.04012,0.121366,0.101686,,1514400,,
0,0,,0.357673,0.012087,0.019937,0.005626,0.170024,0.101168,0.087426,0.028724,0.149688,0.067646,,1511000,,
0,0,,0.232424,0.027333,0.047465,0.024622,0.111798,0.119188,0.153084,0.074279,0.166866,0.042941,,1532100,,
0,0,,0.323288,0.014681,0.026265,0.00523,0.166113,0.091791,0.131802,0.028749,0.159974,0.052106,,1513200,,
0,0,,0.376494,0.013075,0.019808,0.002533,0.188672,0.107201,0.062943,0.032073,0.123582,0.073619,,1511900,,
0,0,,0.32731,0.058514,0.022817,0.009066,0.120839,0.098752,0.064279,0.037277,0.151146,0.110001,,1511900,,
0,0,,0.247065,0.123201,0.039267,0.045308,0.078487,0.095142,0.040888,0.047482,0.13636,0.146799,,1512100,,
0,0,,0.31091,0.021615,0.030322,0.004927,0.113021,0.093086,0.130778,0.05446,0.191892,0.048988,,1516500,,
0,0,,0.305123,0.014643,0.023213,0.005443,0.191047,0.114808,0.102737,0.030552,0.154632,0.0578,,1520300,,
0,0,,0.247164,0.035779,0.103103,0.006332,0.094432,0.107552,0.139602,0.056988,0.158953,0.050095,,1511600,,
0,0,,0.347976,0.061292,0.016341,0.010633,0.120947,0.098003,0.06427,0.032361,0.135557,0.112618,,1514900,,
0,0,,0.329685,0.01338,0.017341,0.00575,0.192771,0.101391,0.072096,0.030411,0.143432,0.093743,,1519700,,
0,0,,0.359779,0.03666,0.022472,0.006508,0.144646,0.102875,0.064413,0.035418,0.119651,0.107578,,1516500,,
0,0,,0.360342,0.014608,0.017377,0.005765,0.15668,0.102863,0.072075,0.030665,0.145036,0.09459,,1521300,,
0,0,,0.347976,0.061292,0.016341,0.010633,0.120947,0.098003,0.06427,0.032361,0.135557,0.112618,,1514900,,
0,0,,0.369685,0.01338,0.017341,0.00575,0.192771,0.101391,0.072096,0.030411,0.123432,0.073743,,1514400,,
0,0,,0.296016,0.015138,0.023202,0.005322,0.192119,0.091394,0.116476,0.029682,0.173175,0.057475,,1514800,,
0,0,,0.305866,0.024832,0.022391,0.013031,0.164312,0.097061,0.106242,0.031444,0.169881,0.064942,,1516500,,
0,0,,0.301661,0.02468,0.029474,0.033418,0.127154,0.102645,0.100188,0.038732,0.172474,0.069574,,1544400,,
0,0,,0.356818,0.039253,0.01418,0.007917,0.172298,0.098972,0.070615,0.029811,0.120646,0.089488,,1511100,,
0,0,,0.316016,0.015138,0.023202,0.005322,0.192119,0.111394,0.116476,0.029682,0.133175,0.057475,,1515500,,
0,0,,0.34731,0.058514,0.022817,0.009066,0.120839,0.098752,0.064279,0.037277,0.131146,0.110001,,1514700,,
0,0,,0.328767,0.013999,0.024461,0.005194,0.172585,0.092051,0.124275,0.028929,0.158016,0.051723,,1514900,,
0,0,,0.305431,0.022296,0.032126,0.004964,0.126549,0.112825,0.138306,0.054281,0.153851,0.049371,,1514300,,
0,8,,0.177281,0.143192,0.071306,0.06824,0.0429,0.100119,0.026957,0.063714,0.177444,0.128848,,1517800,,
0,0,,0.179222,0.047376,0.11286,0.043564,0.084114,0.12009,0.113757,0.068552,0.156694,0.073771,,1514400,,
0,0,,0.299644,0.015324,0.025017,0.00548,0.184575,0.114548,0.110265,0.030373,0.156591,0.058183,,1555300,,
0,0,,0.278553,0.075697,0.040387,0.011289,0.104412,0.106364,0.055628,0.05516,0.165989,0.106523,,1516500,,
0,0,,0.349685,0.01338,0.017341,0.00575,0.172771,0.101391,0.072096,0.030411,0.143432,0.093743,,1537700,,
0,0,,0.221402,0.079444,0.03805,0.01566,0.121828,0.120757,0.075756,0.042508,0.166936,0.117659,,1526800,,
0,0,,0.273367,0.069487,0.027435,0.01187,0.109286,0.098252,0.058752,0.043604,0.191918,0.116029,,1517900,,
0,0,,0.354045,0.011902,0.018122,0.005468,0.177568,0.098014,0.093637,0.028034,0.146272,0.066938,,1515700,,
0,0,,0.305473,0.040017,0.030035,0.006146,0.144518,0.092297,0.10271,0.037218,0.152834,0.088751,,1530700,,
0,0,,0.325937,0.052564,0.03577,0.007026,0.120654,0.103947,0.064038,0.047887,0.139859,0.10232,,1516500,,
0,0,,0.353027,0.037966,0.022578,0.006452,0.154935,0.099921,0.064395,0.036798,0.119233,0.104694,,1510900,,
0,0,,0.291287,0.025241,0.029074,0.013133,0.144289,0.100351,0.122886,0.031021,0.182055,0.060663,,1513700,,
0,0,,0.309494,0.025018,0.024206,0.013188,0.156767,0.100215,0.100031,0.032134,0.173297,0.06565,,1514100,,
0,0,,0.32731,0.058514,0.022817,0.009066,0.120839,0.098752,0.064279,0.037277,0.151146,0.110001,,1512500,,
0,0,,0.356787,0.037448,0.024056,0.006508,0.135953,0.101834,0.072087,0.035696,0.122053,0.107578,,1511700,,
0,0,,0.250379,0.091714,0.031814,0.018007,0.087777,0.102744,0.054535,0.049899,0.205285,0.107846,,1528500,,
0,0,,0.323462,0.041719,0.030639,0.006388,0.139851,0.101165,0.071724,0.042872,0.141035,0.101144,,1508900,,
0,0,,0.345123,0.014643,0.023213,0.005443,0.171047,0.094808,0.102737,0.030552,0.154632,0.0578,,1514400,,
0,8,,0.174885,0.048928,0.046687,0.066669,0.082235,0.130034,0.082887,0.07757,0.188511,0.101594,,1529300,,
0,0,,0.305431,0.022296,0.032126,0.004964,0.126549,0.092825,0.138306,0.054281,0.173851,0.049371,,1510100,,
0,0,,0.318495,0.053273,0.040041,0.009119,0.118695,0.105111,0.05851,0.053644,0.140718,0.102393,,1512400,,
0,0,,0.356787,0.037448,0.024056,0.006508,0.155953,0.101834,0.072087,0.035696,0.122053,0.087578,,1512100,,
0,0,,0.356151,0.036475,0.020656,0.00635,0.15219,0.099722,0.070624,0.034727,0.116235,0.10687,,1509900,,
0,0,,0.289494,0.025018,0.024206,0.013188,0.176767,0.100215,0.100031,0.032134,0.173297,0.06565,,1524800,,
0,0,,0.379429,0.011287,0.01565,0.005805,0.191175,0.105386,0.064441,0.028752,0.121449,0.076627,,1519700,,
0,0,,0.364844,0.012255,0.021024,0.025979,0.17185,0.104863,0.064579,0.036731,0.120208,0.077667,,1531400,,
0,0,,0.341495,0.014457,0.021398,0.005286,0.178591,0.091654,0.108948,0.029862,0.151216,0.057092,,1523000,,
0,0,,0.341495,0.014457,0.021398,0.005286,0.178591,0.091654,0.108948,0.029862,0.151216,0.057092,,1520600,,
0,0,,0.348247,0.013152,0.021291,0.005341,0.168302,0.094608,0.108966,0.028481,0.151634,0.059976,,1514300,,
0,0,,0.310538,0.015611,0.028587,0.025618,0.171723,0.094285,0.102876,0.038531,0.153391,0.05884,,1521800,,
0,0,,0.345937,0.052564,0.03577,0.007026,0.120654,0.103947,0.064038,0.047887,0.119859,0.10232,,1527000,,
0,0,,0.293138,0.024374,0.025454,0.012938,0.158305,0.097458,0.121569,0.03051,0.17668,0.059573,,1520700,,
0,0,,0.355192,0.021553,0.021399,0.002725,0.160246,0.101938,0.06296,0.038543,0.121104,0.114339,,1520100,,
0,0,,0.304317,0.059301,0.024402,0.009066,0.132146,0.097711,0.071953,0.037555,0.173547,0.090001,,1522000,,
0,0,,0.363484,0.034492,0.01758,0.006517,0.143322,0.100804,0.072114,0.029928,0.12268,0.109079,,1521600,,
0,0,,0.351875,0.013337,0.023107,0.005499,0.160758,0.097762,0.102755,0.029172,0.15505,0.060684,,1533400,,
0,0,,0.32731,0.058514,0.022817,0.009066,0.120839,0.098752,0.064279,0.037277,0.151146,0.110001,,1539800,,
0,0,,0.290379,0.091714,0.031814,0.018007,0.087777,0.102744,0.054535,0.049899,0.165285,0.107846,,1522500,,
0,0,,0.359724,0.03501,0.016102,0.006461,0.162304,0.098891,0.064422,0.03103,0.119861,0.106195,,1541400,,
0,0,,0.300534,0.062002,0.020613,0.012726,0.118988,0.099168,0.058743,0.038119,0.176417,0.112691,,1528400,,
0,0,,0.325473,0.040017,0.030035,0.006146,0.124518,0.092297,0.10271,0.037218,0.152834,0.088751,,1520100,,
0,0,,0.295618,0.077485,0.044546,0.008017,0.101909,0.108179,0.05413,0.058481,0.148122,0.103514,,1516600,,
0,0,,0.358024,0.037461,0.026759,0.006328,0.143495,0.098657,0.087399,0.035389,0.12789,0.078598,,1507500,,
0,0,,0.325123,0.014643,0.023213,0.005443,0.191047,0.094808,0.102737,0.030552,0.154632,0.0578,,1515800,,
0,8,,0.134515,0.06496,0.14454,0.053614,0.067668,0.124567,0.089309,0.096051,0.145749,0.079027,,1527100,,
0,0,,0.357673,0.012087,0.019937,0.005626,0.170024,0.101168,0.087426,0.028724,0.149688,0.067646,,1522300,,
0,0,,0.350921,0.013393,0.020044,0.00557,0.180312,0.098214,0.087408,0.030105,0.14927,0.064762,,1614200,,
0,0,,0.369685,0.01338,0.017341,0.00575,0.192771,0.101391,0.072096,0.030411,0.123432,0.073743,,1568600,,
0,0,,0.254295,0.022019,0.052308,0.00452,0.127498,0.114313,0.148666,0.055292,0.174138,0.046951,,1522800,,
0,0,,0.325123,0.014643,0.023213,0.005443,0.191047,0.114268,0.103278,0.030552,0.134632,0.0578,,1523300,,
0,0,,0.34731,0.058514,0.022817,0.009066,0.120839,0.098752,0.064279,0.037277,0.131146,0.110001,,1524500,,
0,0,,0.325123,0.014643,0.023213,0.005443,0.191047,0.094808,0.102737,0.030552,0.154632,0.0578,,1514300,,
0,0,,0.336732,0.035798,0.017687,0.006461,0.153611,0.09785,0.072096,0.031309,0.142262,0.106195,,1513100,,
0,0,,0.322945,0.053352,0.037354,0.007026,0.111961,0.102906,0.071712,0.048165,0.14226,0.10232,,1514200,,
0,0,,0.210519,0.118637,0.060832,0.029181,0.084461,0.124861,0.043681,0.074712,0.127534,0.125582,,1523600,,
0,0,,0.341356,0.061894,0.01611,0.010475,0.119799,0.093808,0.078155,0.031949,0.134543,0.111911,,1522300,,
0,0,,0.34731,0.058514,0.022817,0.009066,0.120839,0.098752,0.064279,0.037277,0.131146,0.110001,,1524500,,
0,0,,0.259925,0.081646,0.027435,0.013329,0.104597,0.101169,0.055869,0.04455,0.197276,0.114204,,1528000,,
0,0,,0.278235,0.037774,0.032118,0.030621,0.138715,0.102935,0.05889,0.050116,0.191935,0.078662,,1530500,,
0,0,,0.354045,0.011902,0.018122,0.005468,0.177568,0.098014,0.093637,0.028034,0.146272,0.066938,,1514600,,
0,0,,0.321495,0.014457,0.021398,0.005286,0.178591,0.091654,0.108948,0.029862,0.171216,0.057092,,1523100,,
0,0,,0.291416,0.02072,0.028957,0.004964,0.143935,0.094908,0.122959,0.053724,0.189047,0.049371,,1519200,,
0,0,,0.285123,0.014643,0.023213,0.005443,0.191047,0.134808,0.102737,0.030552,0.154632,0.0578,,1515000,,
0,0,,0.364487,0.01367,0.019813,0.005286,0.187284,0.092696,0.101275,0.029584,0.128814,0.057092,,1521800,,
0,0,,0.34137,0.032902,0.044957,0.023216,0.137986,0.10878,0.062679,0.058289,0.121921,0.0679,,1518000,,
0,0,,0.341495,0.014457,0.021398,0.005286,0.178591,0.091654,0.108948,0.029862,0.151216,0.057092,,1522300,,
0,0,,0.265431,0.022296,0.052126,0.004964,0.126549,0.112825,0.138306,0.054281,0.173851,0.049371,,1512700,,
0,0,,0.325866,0.024832,0.022391,0.013031,0.164312,0.097061,0.106242,0.031444,0.149881,0.064942,,1527000,,
0,0,,0.321495,0.014457,0.021398,0.005286,0.198591,0.111114,0.109489,0.029862,0.131216,0.057092,,1527900,,
0,0,,0.327976,0.061292,0.016341,0.010633,0.120947,0.098003,0.06427,0.032361,0.155557,0.112618,,1529700,,
0,0,,0.341495,0.014457,0.021398,0.005286,0.178591,0.091654,0.108948,0.029862,0.151216,0.057092,,1510600,,
0,0,,0.322945,0.053352,0.037354,0.007026,0.111961,0.102906,0.071712,0.048165,0.14226,0.10232,,1511300,,
0,0,,0.328767,0.013999,0.024461,0.005194,0.172585,0.092051,0.124275,0.028929,0.158016,0.051723,,1515100,,
0,0,,0.370436,0.037889,0.022508,0.006523,0.128555,0.104347,0.064392,0.035671,0.121254,0.108425,,1514400,,
0,0,,0.233787,0.096098,0.054209,0.030928,0.071117,0.129576,0.039405,0.074247,0.173343,0.097289,,1517200,,
0,0,,0.343002,0.054352,0.039928,0.003754,0.118151,0.105762,0.06254,0.051208,0.121992,0.099312,,1526200,,
0,0,,0.32731,0.058514,0.022817,0.009066,0.120839,0.098752,0.064279,0.037277,0.151146,0.110001,,1520400,,
0,0,,0.256405,0.024594,0.02726,0.019376,0.145371,0.085863,0.161897,0.051471,0.166607,0.061155,,1524400,,
0,0,,0.304317,0.059301,0.024402,0.009066,0.112146,0.097711,0.071953,0.037555,0.173547,0.110001,,1535700,,
0,0,,0.296766,0.02456,0.027269,0.013096,0.150761,0.100611,0.115358,0.031201,0.180096,0.060281,,1523900,,
0,0,,0.350921,0.013393,0.020044,0.00557,0.160312,0.098214,0.087408,0.030105,0.14927,0.084762,,1529300,,
0,0,,0.324374,0.060302,0.026976,0.005793,0.138336,0.100567,0.062782,0.040598,0.153279,0.086992,,1524700,,
0,0,,0.325123,0.014643,0.023213,0.005443,0.191047,0.094808,0.102737,0.030552,0.154632,0.0578,,1526400,,
0,0,,0.33368,0.019645,0.021894,0.009158,0.171451,0.094358,0.107595,0.030653,0.150548,0.061017,,1515800,,
0,0,,0.31091,0.021615,0.030322,0.004927,0.113021,0.093086,0.130778,0.05446,0.191892,0.048988,,1524500,,
0,0,,0.285431,0.022296,0.032126,0.004964,0.106549,0.092825,0.158306,0.054281,0.193851,0.049371,,1523700,,
0,0,,0.312618,0.023526,0.022284,0.013086,0.154023,0.100015,0.10626,0.030063,0.170299,0.067826,,1525100,,
0,0,,0.30998,0.037103,0.017793,0.006405,0.1839,0.094896,0.072078,0.032689,0.141844,0.103311,,1525700,,
0,0,,0.279867,0.059223,0.027089,0.011158,0.11888,0.099917,0.058752,0.043034,0.192006,0.110073,,1537900,,
0,0,,0.280534,0.062002,0.020613,0.012726,0.118988,0.099168,0.058743,0.038119,0.196417,0.112691,,1518400,,
0,0,,0.31217,0.037061,0.023559,0.006155,0.151888,0.091267,0.102737,0.03145,0.153462,0.090252,,1524400,,
0,0,,0.350921,0.013393,0.020044,0.00557,0.180312,0.098214,0.087408,0.030105,0.14927,0.064762,,1525700,,
0,0,,0.30731,0.058514,0.022817,0.009066,0.140839,0.098752,0.064279,0.037277,0.171146,0.090001,,1522700,,
0,0,,0.347293,0.013207,0.018228,0.005412,0.187857,0.09506,0.093619,0.029415,0.145854,0.064054,,1525600,,
0,0,,0.32691,0.015426,0.026772,0.02546,0.159267,0.091131,0.109086,0.037841,0.149975,0.058132,,1513500,,
0,0,,0.343688,0.057327,0.033452,0.004774,0.138244,0.103164,0.062661,0.045903,0.127635,0.083152,,1530500,,
0,0,,0.344327,0.015025,0.023998,0.005708,0.155669,0.096774,0.102752,0.031872,0.154818,0.069058,,1524600,,
0,0,,0.355155,0.015999,0.029085,0.02597,0.155788,0.104852,0.072225,0.042777,0.121982,0.076167,,1524800,,
0,0,,0.345123,0.014643,0.023213,0.005443,0.171047,0.094808,0.102737,0.030552,0.154632,0.0578,,1521100,,
0,0,,0.300689,0.059116,0.022587,0.008908,0.139691,0.094557,0.078164,0.036865,0.170131,0.089293,,1588300,,
0,0,,0.301495,0.014457,0.021398,0.005286,0.198591,0.091654,0.108948,0.029862,0.171216,0.057092,,1524100,,
0,0,,0.285866,0.024832,0.022391,0.013031,0.184312,0.117061,0.106242,0.031444,0.149881,0.064942,,1526300,,
0,0,,0.297308,0.01983,0.02371,0.009316,0.183907,0.097511,0.101384,0.031343,0.173965,0.061725,,1527800,,
0,0,,0.345123,0.014643,0.023213,0.005443,0.171047,0.094808,0.102737,0.030552,0.154632,0.0578,,1525000,,
0,0,,0.253314,0.089926,0.027656,0.02128,0.09028,0.100929,0.056033,0.046578,0.203152,0.110854,,1528800,,
0,0,,0.321495,0.014457,0.021398,0.005286,0.198591,0.091654,0.108948,0.029862,0.151216,0.057092,,1521100,,
0,0,,0.343631,0.056326,0.030878,0.008046,0.112054,0.100308,0.071833,0.04286,0.127904,0.10616,,1524600,,
0,0,,0.217794,0.11251,0.041364,0.039737,0.053714,0.110342,0.036369,0.0711,0.206111,0.11096,,1526100,,
0,0,,0.250421,0.026169,0.03043,0.019376,0.147986,0.103781,0.177245,0.052027,0.13141,0.061155,,1520700,,
0,0,,0.345937,0.052564,0.03577,0.007026,0.120654,0.103947,0.064038,0.047887,0.119859,0.10232,,1544800,,
0,0,,0.257922,0.022204,0.034123,0.004678,0.119954,0.117467,0.162455,0.055983,0.177554,0.047659,,1526900,,
0,0,,0.359856,0.034306,0.015765,0.006359,0.170867,0.09765,0.078325,0.029237,0.119264,0.088371,,1519400,,
0,0,,0.348745,0.012074,0.017235,0.005805,0.182482,0.104345,0.072114,0.02903,0.151543,0.076627,,1525800,,
0,0,,0.341495,0.014457,0.021398,0.005286,0.178591,0.091654,0.108948,0.029862,0.151216,0.057092,,1523100,,
0,0,,0.375501,0.013483,0.02106,0.025995,0.15576,0.106335,0.064558,0.036984,0.121811,0.078514,,1527900,,
0,0,,0.290379,0.091714,0.031814,0.018007,0.087777,0.102744,0.054535,0.049899,0.165285,0.107846,,1522500,,
0,0,,0.309494,0.025018,0.024206,0.013188,0.156767,0.100215,0.100031,0.032134,0.173297,0.06565,,1530900,,
0,0,,0.377673,0.012087,0.019937,0.005626,0.150024,0.101168,0.087426,0.028724,0.129688,0.087646,,1527500,,
0,0,,0.310432,0.071275,0.031593,0.008598,0.106784,0.100067,0.057254,0.046925,0.154052,0.113021,,1523500,,
0,0,,0.325123,0.014643,0.023213,0.005443,0.191047,0.094808,0.102737,0.030552,0.154632,0.0578,,1521400,,
0,0,,0.309494,0.025018,0.024206,0.013188,0.156767,0.100215,0.100031,0.032134,0.173297,0.06565,,1581400,,
0,0,,0.357673,0.012087,0.019937,0.005626,0.170024,0.101168,0.087426,0.028724,0.149688,0.067646,,1554400,,
0,0,,0.325937,0.052564,0.03577,0.007026,0.120654,0.103947,0.064038,0.047887,0.139859,0.10232,,1538900,,
0,0,,0.19673,0.084255,0.048478,0.018521,0.102905,0.139565,0.056916,0.053258,0.167384,0.131987,,1524000,,
0,2,,0.117737,0.09007,0.179109,0.062727,0.065167,0.10129,0.088486,0.098245,0.107918,0.089251,,1524900,,
0,0,,0.321356,0.061894,0.01611,0.010475,0.139799,0.093808,0.078155,0.031949,0.154543,0.091911,,1534500,,
0,0,,0.376437,0.012074,0.017235,0.005805,0.182482,0.104345,0.072114,0.02903,0.12385,0.076627,,1531000,,
0,0,,0.326623,0.055539,0.029293,0.008046,0.120746,0.10135,0.064159,0.042582,0.145502,0.10616,,1524000,,
0,0,,0.22308,0.026509,0.065528,0.011922,0.139859,0.107286,0.162984,0.05363,0.155228,0.053974,,1536000,,
0,0,,0.1731,0.044958,0.083549,0.046314,0.080418,0.136579,0.114626,0.07363,0.162175,0.084652,,1550400,,
0,0,,0.324374,0.060302,0.026976,0.005793,0.118336,0.100567,0.062782,0.040598,0.153279,0.106992,,1531900,,
0,0,,0.301803,0.02211,0.030311,0.004806,0.134094,0.109131,0.145058,0.05359,0.150435,0.048663,,1549500,,
0,0,,0.346012,0.017132,0.030079,0.025577,0.161163,0.095568,0.09373,0.043161,0.123985,0.063594,,1540800,,
0,0,,0.361852,0.013043,0.022609,0.025979,0.163158,0.103822,0.072253,0.037009,0.122609,0.077667,,1530900,,
0,0,,0.356787,0.037448,0.024056,0.006508,0.155953,0.101834,0.072087,0.035696,0.122053,0.087578,,1522300,,
0,0,,0.345123,0.014643,0.023213,0.005443,0.171047,0.094808,0.102737,0.030552,0.154632,0.0578,,1539900,,
0,0,,0.309494,0.025018,0.024206,0.013188,0.156767,0.100215,0.100031,0.032134,0.173297,0.06565,,1574300,,
0,0,,0.369685,0.01338,0.017341,0.00575,0.192771,0.101391,0.072096,0.030411,0.123432,0.073743,,1542600,,
0,0,,0.323288,0.014681,0.026265,0.00523,0.166113,0.11125,0.132343,0.028749,0.139974,0.052106,,1524600,,
0,0,,0.342827,0.040746,0.027239,0.00623,0.156088,0.099053,0.070261,0.041904,0.115217,0.100436,,1542100,,
0,0,,0.336732,0.035798,0.017687,0.006461,0.153611,0.09785,0.072096,0.031309,0.142262,0.106195,,1567000,,
0,0,,0.242783,0.102824,0.053772,0.037706,0.060844,0.114469,0.036055,0.074799,0.172558,0.10419,,1532300,,
0,0,,0.345123,0.014643,0.023213,0.005443,0.171047,0.094808,0.102737,0.030552,0.154632,0.0578,,1553700,,
0,0,,0.351239,0.012364,0.019707,0.005341,0.176995,0.095649,0.101293,0.028203,0.149232,0.059976,,1524100,,
0,0,,0.313138,0.024374,0.025454,0.012938,0.138305,0.097458,0.121569,0.03051,0.17668,0.059573,,1554600,,
0,0,,0.349685,0.01338,0.017341,0.00575,0.192771,0.101391,0.072096,0.030411,0.143432,0.073743,,1535000,,
0,0,,0.349685,0.01338,0.017341,0.00575,0.192771,0.101391,0.072096,0.030411,0.143432,0.073743,,1545000,,
0,0,,0.327976,0.061292,0.016341,0.010633,0.120947,0.098003,0.06427,0.032361,0.155557,0.112618,,1523800,,
0,0,,0.345123,0.014643,0.023213,0.005443,0.171047,0.094808,0.102737,0.030552,0.154632,0.0578,,1520800,,
0,0,,0.343484,0.034492,0.01758,0.006517,0.163322,0.100804,0.072114,0.029928,0.14268,0.089079,,1525300,,
0,0,,0.297268,0.021533,0.04154,0.025545,0.157962,0.097601,0.102503,0.050095,0.152164,0.05379,,1519500,,
0,0,,0.285431,0.022296,0.032126,0.004964,0.126549,0.092825,0.138306,0.054281,0.193851,0.049371,,1534400,,
0,0,,0.340432,0.018339,0.021788,0.009214,0.161163,0.097312,0.107613,0.029272,0.150966,0.063901,,1522900,,
0,0,,0.316932,0.061011,0.031248,0.007886,0.116377,0.101732,0.057254,0.046356,0.154139,0.107065,,1525900,,
0,0,,0.300534,0.062002,0.020613,0.012726,0.118988,0.099168,0.058743,0.038119,0.176417,0.112691,,1521400,,
0,0,,0.289494,0.025018,0.024206,0.013188,0.176767,0.100215,0.100031,0.032134,0.173297,0.06565,,1547200,,
0,0,,0.261803,0.02211,0.050311,0.004806,0.134094,0.109672,0.144517,0.05359,0.170435,0.048663,,1520400,,
0,0,,0.27759,0.044883,0.042881,0.006008,0.110156,0.127473,0.102394,0.047737,0.160374,0.080504,,1527500,,
0,0,,0.350921,0.013393,0.020044,0.00557,0.180312,0.098214,0.087408,0.030105,0.14927,0.064762,,1524100,,
0,0,,0.31217,0.037061,0.023559,0.006155,0.151888,0.091267,0.102737,0.03145,0.153462,0.090252,,1519900,,
0,0,,0.348247,0.013152,0.021291,0.005341,0.168302,0.094608,0.108966,0.028481,0.151634,0.059976,,1526600,,
0,0,,0.301375,0.053827,0.041642,0.00672,0.09893,0.117364,0.094679,0.048028,0.151058,0.086377,,1521900,,
0,0,,0.305123,0.014643,0.023213,0.005443,0.191047,0.114808,0.102737,0.030552,0.154632,0.0578,,1523000,,
0,0,,0.326623,0.055539,0.029293,0.008046,0.120746,0.10135,0.064159,0.042582,0.145502,0.10616,,1521200,,
0,0,,0.318417,0.022276,0.019115,0.013213,0.163288,0.103421,0.090931,0.029615,0.164937,0.074788,,1523200,,
0,0,,0.238095,0.10026,0.037098,0.03624,0.073805,0.102567,0.041144,0.060316,0.202496,0.107978,,1540100,,
0,0,,0.261803,0.02211,0.030311,0.004806,0.134094,0.109672,0.164517,0.05359,0.170435,0.048663,,1528100,,
0,0,,0.330921,0.013393,0.020044,0.00557,0.200312,0.098214,0.087408,0.030105,0.14927,0.064762,,1517500,,
0,0,,0.327644,0.038581,0.02505,0.006114,0.161328,0.09255,0.093592,0.03608,0.144056,0.075006,,1524400,,
0,0,,0.199018,0.034729,0.069271,0.011729,0.12705,0.119238,0.155113,0.057509,0.169039,0.057304,,1515700,,
0,0,,0.301495,0.014457,0.021398,0.005286,0.198591,0.091654,0.108948,0.029862,0.171216,0.057092,,1524400,,
0,0,,0.344317,0.059301,0.024402,0.009066,0.112146,0.097711,0.071953,0.037555,0.133547,0.110001,,1518400,,
0,0,,0.32731,0.058514,0.022817,0.009066,0.120839,0.098752,0.064279,0.037277,0.151146,0.110001,,1561400,,
0,0,,0.325123,0.014643,0.023213,0.005443,0.191047,0.114268,0.103278,0.030552,0.134632,0.0578,,1521200,,
1,1,,0.056342,0.181727,0.11895,0.133161,0.046104,0.122736,0.019907,0.120707,0.075103,0.125262,,1530300,,
1,1,,0.011384,0.268115,0.217552,0.137151,0.040009,0.059662,0.012369,0.140939,0.035036,0.077782,,1528700,,
1,1,,0.114809,0.199782,0.089538,0.078475,0.053577,0.116722,0.011768,0.088531,0.073133,0.173665,,1522500,,
1,1,,0.014408,0.241203,0.230038,0.099672,0.04157,0.066831,0.0153,0.139019,0.04584,0.106118,,1522800,,
1,1,,0.065894,0.192999,0.09063,0.123254,0.036753,0.123859,0.020536,0.090504,0.107252,0.14832,,1526100,,
1,2,,0.040833,0.2007,0.262875,0.066386,0.051482,0.079027,0.047037,0.137788,0.045247,0.068625,,1521000,,
1,2,,0.030608,0.204421,0.27102,0.087773,0.036722,0.084902,0.020066,0.133571,0.06518,0.065737,,1527600,,
1,2,,0.053406,0.165983,0.278548,0.052479,0.054421,0.077687,0.070493,0.12369,0.053746,0.069547,,1522500,,
1,1,,0.062286,0.17651,0.137766,0.133558,0.045721,0.108976,0.012966,0.119336,0.074923,0.127958,,1557800,,
1,1,,0.078082,0.170114,0.132386,0.142161,0.048328,0.103073,0.011873,0.133433,0.045476,0.135074,,1525300,,
1,1,,0.067469,0.211548,0.108272,0.105537,0.048868,0.103967,0.011334,0.10822,0.073395,0.16139,,1520800,,
1,9,,0.103944,0.184161,0.078733,0.072392,0.032817,0.141295,0.018007,0.082263,0.102151,0.184236,,1538400,,
1,3,,0.058683,0.145994,0.128251,0.183532,0.032508,0.094468,0.017695,0.104651,0.123046,0.111172,,1519300,,
1,2,,0.040833,0.179369,0.272991,0.080143,0.0515,0.061152,0.047111,0.131787,0.065777,0.069337,,1528500,,
1,1,,0.031326,0.203287,0.125257,0.133945,0.051564,0.099975,0.011555,0.126701,0.071009,0.145381,,1523500,,
1,3,,0.013476,0.109015,0.098749,0.272818,0.035452,0.083372,0.023025,0.079781,0.04151,0.242803,,1531000,,
1,2,,0.019507,0.219292,0.250416,0.121411,0.036688,0.081838,0.01552,0.13977,0.039988,0.075569,,1532100,,
1,3,,0.047872,0.138176,0.154281,0.19018,0.031053,0.110332,0.018742,0.093476,0.107608,0.108279,,1526600,,
1,2,,0.040513,0.200439,0.271996,0.067151,0.054814,0.079045,0.046951,0.124969,0.044912,0.069211,,1524900,,
1,1,,0.068309,0.223855,0.132086,0.096962,0.028684,0.098921,0.012294,0.104155,0.073731,0.161002,,1564500,,
1,1,,0.058507,0.174335,0.132374,0.150845,0.047473,0.10461,0.011604,0.126234,0.069236,0.124782,,1524400,,
1,1,,0.055989,0.181075,0.133396,0.140821,0.044773,0.112546,0.013072,0.122747,0.075286,0.120296,,1548100,,
1,1,,0.058365,0.165431,0.134285,0.134977,0.048161,0.100016,0.009909,0.153654,0.065792,0.12941,,1514900,,
1,2,,0.025642,0.223084,0.267104,0.106588,0.037938,0.066404,0.015486,0.137537,0.045157,0.07506,,1514500,,
1,1,,0.062902,0.191887,0.117459,0.121727,0.046201,0.1088,0.009975,0.098622,0.075458,0.16697,,1514600,,
1,1,,0.076506,0.201519,0.105664,0.097484,0.025192,0.111061,0.011137,0.111387,0.084386,0.175663,,1521200,,
1,1,,0.019324,0.243131,0.215782,0.135368,0.036634,0.063784,0.01384,0.156769,0.038721,0.076646,,1521300,,
1,1,,0.065837,0.190099,0.113301,0.125,0.048704,0.106985,0.011472,0.115301,0.073324,0.149978,,1521500,,
1,1,,0.078239,0.177697,0.078099,0.1116,0.040666,0.132612,0.021388,0.092983,0.12009,0.146626,,1527700,,
1,2,,0.013655,0.216174,0.299999,0.082239,0.037167,0.062479,0.024265,0.158518,0.038864,0.06664,,1519300,,
1,2,,0.021314,0.189638,0.302199,0.081392,0.034025,0.079893,0.02449,0.160118,0.041183,0.065749,,1518000,,
1,3,,0.05732,0.164722,0.104634,0.184724,0.034404,0.09539,0.015936,0.101134,0.118311,0.123425,,1515900,,
1,3,,0.030327,0.110761,0.163292,0.189437,0.035596,0.102085,0.027738,0.091061,0.107661,0.142041,,1515500,,
1,1,,0.079442,0.199731,0.101506,0.100756,0.047695,0.109247,0.012635,0.108065,0.082253,0.158672,,1512100,,
1,2,,0.04112,0.136623,0.328415,0.057197,0.048616,0.073565,0.04688,0.139979,0.07136,0.056245,,1515000,,
1,1,,0.067521,0.202614,0.0824,0.119279,0.036452,0.097797,0.021449,0.083001,0.13923,0.150258,,1512800,,
1,1,,0.065837,0.190099,0.113301,0.125,0.048704,0.106985,0.011472,0.115301,0.073324,0.149978,,1514000,,
1,2,,0.028079,0.142344,0.173873,0.162523,0.031066,0.124291,0.020155,0.103722,0.086195,0.127751,,1514100,,
1,3,,0.030844,0.117016,0.158296,0.177765,0.038923,0.120665,0.026144,0.090074,0.110197,0.130076,,1515600,,
1,1,,0.059468,0.176702,0.13668,0.144093,0.047363,0.103546,0.014479,0.11829,0.069785,0.129596,,1550700,,
1,2,,0.019696,0.194782,0.259938,0.120585,0.037698,0.06276,0.014141,0.156627,0.038517,0.095256,,1535700,,
1,3,,0.05594,0.14692,0.115356,0.198706,0.034817,0.097087,0.015374,0.101225,0.109271,0.125305,,1533800,,
1,1,,0.085405,0.183911,0.068773,0.105713,0.018712,0.108837,0.011835,0.097718,0.145355,0.173741,,1526400,,
1,9,,0.085457,0.189486,0.072465,0.132715,0.018263,0.097033,0.013395,0.069316,0.131846,0.190025,,1522900,,
1,2,,0.022721,0.223871,0.293424,0.076506,0.029837,0.067274,0.015613,0.143911,0.050346,0.076496,,1523200,,
1,1,,0.096059,0.197866,0.095324,0.079406,0.02514,0.119662,0.012078,0.087885,0.098334,0.188246,,1525900,,
1,1,,0.080148,0.203563,0.095527,0.093196,0.047768,0.113709,0.01269,0.107847,0.086752,0.1588,,1522900,,
1,1,,0.031609,0.218064,0.127156,0.12676,0.051397,0.096918,0.009591,0.126922,0.071325,0.140257,,1524400,,
1,1,,0.112872,0.209544,0.080921,0.083169,0.022494,0.124423,0.011425,0.086388,0.100037,0.168726,,1523400,,
1,1,,0.078552,0.190884,0.075057,0.136363,0.047549,0.112959,0.013718,0.080562,0.089045,0.175311,,1528600,,
1,1,,0.074404,0.165324,0.101384,0.135883,0.045171,0.129816,0.020982,0.111736,0.089929,0.12537,,1530200,,
1,2,,0.026033,0.21575,0.270514,0.088648,0.033386,0.083127,0.018364,0.134979,0.063463,0.065737,,1528100,,
1,2,,0.06694,0.111668,0.301664,0.045616,0.056823,0.081672,0.069779,0.124071,0.089485,0.052284,,1514600,,
1,1,,0.020586,0.226105,0.160221,0.146148,0.040941,0.069933,0.014462,0.129209,0.084171,0.108224,,1517200,,
1,1,,0.04106,0.227422,0.224709,0.071456,0.061111,0.056109,0.059581,0.133127,0.04499,0.080435,,1512700,,
1,3,,0.040009,0.102497,0.128088,0.148197,0.066542,0.124496,0.075749,0.077232,0.095991,0.141198,,1517500,,
1,2,,0.026403,0.220035,0.264683,0.099166,0.038764,0.066473,0.021348,0.142031,0.045433,0.075664,,1517100,,
1,2,,0.020181,0.206661,0.296715,0.103597,0.032135,0.080847,0.018328,0.13389,0.04111,0.066535,,1511900,,
1,1,,0.063136,0.167214,0.098297,0.155517,0.038326,0.129756,0.022074,0.102464,0.085926,0.13729,,1515600,,
1,2,,0.026371,0.172892,0.321423,0.087755,0.030016,0.083109,0.018329,0.131939,0.063228,0.064938,,1523100,,
1,9,,0.066143,0.192461,0.065989,0.133735,0.018356,0.094435,0.013515,0.084011,0.13749,0.193865,,1517100,,
1,2,,0.04551,0.167781,0.321839,0.041101,0.071446,0.059732,0.064347,0.095899,0.048312,0.084033,,1516900,,
1,3,,0.055903,0.133025,0.122121,0.209184,0.034859,0.086949,0.015257,0.106259,0.099924,0.136519,,1513000,,
1,2,,0.049161,0.176234,0.18315,0.029292,0.153969,0.090603,0.073129,0.068519,0.052723,0.123219,,1516000,,
1,3,,0.013495,0.16224,0.140773,0.235176,0.040841,0.075933,0.019845,0.097935,0.034052,0.179711,,1514700,,
1,3,,0.063136,0.147754,0.098297,0.155517,0.038326,0.129756,0.022074,0.102464,0.105926,0.136749,,1514400,,
1,3,,0.057864,0.142081,0.137594,0.16851,0.034252,0.094854,0.015818,0.11724,0.117005,0.114782,,1514600,,
1,1,,0.021359,0.222999,0.201609,0.122559,0.050643,0.072228,0.011472,0.107012,0.067854,0.122267,,1515800,,
1,2,,0.042041,0.207068,0.250378,0.060602,0.051466,0.080382,0.045714,0.134201,0.053281,0.074867,,1509600,,
1,1,,0.02134,0.236944,0.233962,0.110914,0.042509,0.061602,0.018362,0.140061,0.060158,0.074148,,1518100,,
1,2,,0.083689,0.109171,0.31196,0.029869,0.060738,0.081352,0.091468,0.088503,0.089275,0.053975,,1526700,,
1,2,,0.04959,0.170219,0.301685,0.052423,0.05351,0.079833,0.064513,0.105178,0.052988,0.07006,,1520900,,
1,3,,0.058235,0.141761,0.120079,0.190337,0.034331,0.096219,0.016047,0.104332,0.120862,0.117797,,1518200,,
1,3,,0.031122,0.114895,0.128028,0.176393,0.058009,0.108818,0.042368,0.077769,0.133255,0.129343,,1527400,,
1,2,,0.047128,0.178427,0.194464,0.126667,0.042328,0.121532,0.013345,0.12137,0.065912,0.088825,,1528700,,
1,1,,0.094733,0.185837,0.055627,0.101151,0.017831,0.107092,0.012404,0.08669,0.162488,0.176149,,1522600,,
1,1,,0.027377,0.181495,0.173141,0.155528,0.047864,0.099388,0.012697,0.113126,0.069283,0.120103,,1531000,,
1,3,,0.055569,0.157875,0.132871,0.174526,0.034738,0.115722,0.015146,0.114133,0.078355,0.121066,,1514400,,
1,3,,0.057846,0.139089,0.131189,0.182324,0.03427,0.094403,0.015916,0.112827,0.11723,0.114906,,1514000,,
1,1,,0.058383,0.183449,0.138977,0.149462,0.047263,0.099286,0.009608,0.130538,0.066144,0.11689,,1525100,,
1,1,,0.098809,0.152832,0.091134,0.095967,0.071689,0.116355,0.027784,0.109522,0.087305,0.148604,,1547500,,
1,2,,0.019804,0.178648,0.316628,0.088761,0.033127,0.079644,0.017014,0.163393,0.038048,0.064932,,1527000,,
1,1,,0.059583,0.191047,0.125479,0.144077,0.048727,0.101626,0.010924,0.11861,0.069986,0.129941,,1531300,,
1,3,,0.039157,0.105199,0.132148,0.168862,0.062449,0.128997,0.069807,0.075759,0.098419,0.119203,,1527900,,
1,1,,0.054538,0.166034,0.133358,0.159318,0.044514,0.114055,0.013934,0.128091,0.070772,0.115388,,1521300,,
1,1,,0.027088,0.189579,0.186227,0.142325,0.04548,0.103656,0.01217,0.117687,0.073188,0.102599,,1514500,,
1,1,,0.063139,0.165062,0.08397,0.151158,0.038006,0.122648,0.013412,0.101702,0.106131,0.154773,,1515000,,
1,1,,0.065561,0.178624,0.088258,0.130394,0.038564,0.125908,0.021887,0.090342,0.106674,0.153789,,1514400,,
1,3,,0.04785,0.147359,0.15052,0.169124,0.032275,0.091427,0.017335,0.103385,0.107232,0.133493,,1516300,,
1,1,,0.021359,0.242999,0.161609,0.122559,0.050643,0.092228,0.011472,0.107012,0.067854,0.122267,,1513800,,
1,2,,0.071025,0.130187,0.291767,0.038919,0.061793,0.082884,0.081397,0.088579,0.082666,0.070782,,1518700,,
1,1,,0.077809,0.178282,0.106534,0.120219,0.04753,0.112265,0.012773,0.115147,0.082182,0.14726,,1515300,,
1,3,,0.041257,0.130025,0.087965,0.247949,0.044553,0.091186,0.046024,0.10987,0.090683,0.110489,,1521800,,
1,1,,0.059291,0.186296,0.12865,0.137961,0.04822,0.104093,0.011874,0.122885,0.06983,0.1309,,1524300,,
1,1,,0.062801,0.194768,0.102289,0.126929,0.053167,0.109781,0.011221,0.103039,0.07191,0.164095,,1524600,,
1,3,,0.05579,0.15074,0.09835,0.162518,0.037673,0.121003,0.013845,0.115751,0.101691,0.142637,,1525700,,
1,2,,0.019041,0.212045,0.25592,0.121484,0.036616,0.061659,0.013836,0.166093,0.037661,0.075645,,1516600,,
1,1,,0.059582,0.18938,0.119247,0.150825,0.048995,0.103427,0.010561,0.114085,0.068918,0.13498,,1518300,,
1,1,,0.016445,0.202476,0.199002,0.162537,0.044315,0.067634,0.011003,0.131353,0.035401,0.129833,,1516000,,
1,2,,0.040513,0.170332,0.289352,0.080908,0.054832,0.06117,0.047025,0.140504,0.045442,0.069923,,1536800,,
1,3,,0.055089,0.107212,0.069469,0.221655,0.061396,0.094048,0.07715,0.0787,0.105881,0.129401,,1517900,,
1,2,,0.019696,0.179721,0.273798,0.120585,0.037698,0.06276,0.014141,0.157827,0.038517,0.095256,,1531500,,
1,3,,0.055569,0.136581,0.117064,0.181713,0.036549,0.117771,0.016436,0.113815,0.098508,0.125994,,1523400,,
1,3,,0.068741,0.146905,0.103169,0.159017,0.038694,0.10145,0.015865,0.10755,0.131509,0.127099,,1526300,,
1,1,,0.115512,0.156556,0.08592,0.076517,0.069134,0.121478,0.027122,0.104519,0.099563,0.143678,,1526100,,
1,1,,0.087763,0.182545,0.122682,0.094073,0.072678,0.100738,0.027339,0.100789,0.074961,0.136434,,1513900,,
1,1,,0.070337,0.173074,0.127519,0.130196,0.046987,0.105296,0.01121,0.1335,0.07465,0.127232,,1513900,,
1,3,,0.035197,0.139996,0.12165,0.177983,0.06425,0.0885,0.05769,0.098089,0.067659,0.148985,,1513700,,
1,2,,0.028079,0.124925,0.183757,0.148766,0.031048,0.122166,0.020081,0.108473,0.105665,0.127039,,1512700,,
1,1,,0.085405,0.183911,0.068773,0.105713,0.018712,0.128837,0.011835,0.097718,0.125355,0.173741,,1538000,,
1,9,,0.079517,0.190804,0.076504,0.116444,0.047606,0.119579,0.013589,0.077147,0.084704,0.194105,,1513300,,
1,1,,0.055393,0.156753,0.147227,0.137588,0.046131,0.118351,0.019079,0.13465,0.071449,0.113379,,1517700,,
1,3,,0.065728,0.159811,0.092582,0.169991,0.036064,0.105936,0.021591,0.096908,0.125604,0.125784,,1514600,,
1,1,,0.093118,0.177868,0.063288,0.121056,0.048821,0.123291,0.013398,0.082595,0.100428,0.176137,,1522500,,
1,9,,0.132876,0.16651,0.056153,0.049084,0.065214,0.137912,0.033599,0.064078,0.103373,0.191202,,1520900,,
1,1,,0.065561,0.178624,0.088258,0.130394,0.038564,0.105908,0.021887,0.090342,0.126674,0.153789,,1547700,,
1,3,,0.056343,0.1591,0.102964,0.16978,0.037536,0.1134,0.013772,0.092153,0.098594,0.156358,,1595500,,
1,2,,0.04951,0.197278,0.272562,0.052624,0.054297,0.06194,0.062494,0.125508,0.053364,0.070425,,1530300,,
1,1,,0.062295,0.17397,0.136479,0.140781,0.045046,0.108664,0.012647,0.097644,0.075005,0.147468,,1521700,,
1,1,,0.058489,0.175777,0.127682,0.13636,0.048371,0.10534,0.011905,0.12935,0.068884,0.137842,,1523300,,
1,3,,0.057373,0.152274,0.102657,0.155557,0.038139,0.126452,0.022409,0.106432,0.10284,0.135869,,1527400,,
1,2,,0.018816,0.165333,0.194004,0.165946,0.04627,0.081381,0.013243,0.116544,0.047511,0.150951,,1522900,,
1,2,,0.020087,0.191065,0.306374,0.088888,0.033127,0.079644,0.016944,0.160071,0.038579,0.065221,,1529800,,
1,1,,0.056344,0.159042,0.141157,0.134139,0.046261,0.113433,0.01902,0.128393,0.078548,0.123663,,1519700,,
1,1,,0.096059,0.197866,0.095324,0.079406,0.02514,0.119662,0.012078,0.107885,0.098334,0.168246,,1525200,,
1,1,,0.096059,0.197866,0.095324,0.079406,0.04514,0.119662,0.012078,0.087885,0.098334,0.168246,,1520500,,
1,2,,0.012685,0.245369,0.262236,0.100098,0.041697,0.056348,0.021381,0.150265,0.034451,0.07547,,1530000,,
1,2,,0.049599,0.188975,0.280973,0.059795,0.05351,0.077034,0.06408,0.105397,0.053295,0.067343,,1523800,,
1,1,,0.071751,0.17857,0.112332,0.123127,0.056,0.108323,0.011539,0.120569,0.073293,0.144496,,1521400,,
1,1,,0.054789,0.156144,0.151919,0.152283,0.044657,0.111108,0.013089,0.132909,0.071201,0.1119,,1526500,,
1,9,,0.121234,0.183702,0.081094,0.070844,0.071927,0.112507,0.027597,0.0774,0.068053,0.185644,,1521900,,
1,2,,0.070323,0.08577,0.305052,0.044811,0.065518,0.092439,0.069362,0.144988,0.073814,0.047923,,1533800,,
1,1,,0.020444,0.209711,0.175069,0.137342,0.049493,0.100437,0.011262,0.107452,0.071425,0.117365,,1525800,,
1,2,,0.019766,0.188608,0.302243,0.10341,0.036477,0.064074,0.016932,0.160911,0.041059,0.066519,,1543100,,
1,2,,0.050089,0.172341,0.323154,0.046107,0.055145,0.055213,0.077782,0.09771,0.053353,0.069107,,1541600,,
1,1,,0.091191,0.195923,0.116758,0.093572,0.034442,0.112496,0.018467,0.110553,0.056645,0.169953,,1525500,,
1,1,,0.063682,0.204298,0.168401,0.10418,0.051229,0.106925,0.010076,0.10613,0.076621,0.108459,,1526900,,
1,9,,0.046676,0.096935,0.129405,0.138683,0.075233,0.121975,0.064717,0.072493,0.108417,0.145466,,1534700,,
1,1,,0.067469,0.211548,0.108272,0.105537,0.028868,0.103967,0.011334,0.10822,0.073395,0.18139,,1525300,,
1,1,,0.062651,0.201777,0.098898,0.128763,0.046057,0.111747,0.010819,0.093804,0.075028,0.170458,,1529400,,
1,3,,0.031122,0.114895,0.128028,0.176393,0.058009,0.128818,0.042368,0.077769,0.113255,0.129343,,1520900,,
1,1,,0.022554,0.198001,0.179929,0.165993,0.053765,0.072937,0.010731,0.106655,0.060658,0.128777,,1525500,,
1,1,,0.065561,0.178624,0.088258,0.130394,0.038564,0.125908,0.021887,0.090342,0.106674,0.153789,,1525400,,
1,2,,0.054313,0.161012,0.327079,0.051512,0.051981,0.060134,0.071879,0.095408,0.058011,0.068671,,1552300,,
1,3,,0.048279,0.124248,0.135956,0.196679,0.032382,0.090704,0.019216,0.088862,0.13001,0.133664,,1522400,,
1,1,,0.123944,0.184161,0.078733,0.072392,0.032817,0.141295,0.018007,0.082263,0.102151,0.164236,,1526300,,
1,2,,0.041275,0.155496,0.336342,0.065493,0.04897,0.059009,0.046738,0.133953,0.044899,0.067826,,1523200,,
1,1,,0.0558,0.172263,0.133715,0.131787,0.046174,0.120618,0.019111,0.129529,0.074857,0.116147,,1527300,,
1,1,,0.06612,0.204876,0.1152,0.117815,0.048537,0.103928,0.009508,0.115522,0.07364,0.144855,,1521000,,
