image-segmentation,CWE,test,2,NANOSECONDS,PREDICTIONS, Generated by ClassifierExperiments.java on 2022-05-16 22:41:28.    SYSTEMPROPERTIES:{user.name:matth,os.arch:amd64,os.name:Windows 10},ENDSYSTEMPROPERTIES
No parameter info
0.1774891774891775,273218600,342878000,-1,0,7,,-1,-1
0,5,,0.101861,0.126379,0.156318,0.09827,0.122604,0.302194,0.092374,,904900,,
0,5,,0.098268,0.106725,0.163591,0.080565,0.125461,0.282541,0.14285,,796500,,
0,5,,0.115973,0.0553,0.166493,0.069879,0.155332,0.271461,0.165562,,798200,,
0,5,,0.096017,0.116249,0.155366,0.088703,0.119227,0.292064,0.132374,,792500,,
0,5,,0.097748,0.096162,0.163634,0.079482,0.126716,0.292064,0.144192,,793900,,
0,5,,0.097748,0.096162,0.163634,0.079482,0.126716,0.292064,0.144192,,782900,,
0,5,,0.101861,0.126379,0.156318,0.09827,0.122604,0.302194,0.092374,,793900,,
0,5,,0.101861,0.126379,0.156318,0.09827,0.122604,0.302194,0.092374,,897400,,
0,5,,0.096017,0.116249,0.155366,0.088703,0.119227,0.292064,0.132374,,704000,,
0,5,,0.115973,0.0553,0.166493,0.069879,0.155332,0.271461,0.165562,,693900,,
0,5,,0.101861,0.126379,0.156318,0.09827,0.122604,0.302194,0.092374,,695800,,
0,5,,0.101861,0.126379,0.156318,0.09827,0.122604,0.302194,0.092374,,695500,,
0,2,,0.109072,0.095067,0.22273,0.100961,0.167065,0.104454,0.20065,,689800,,
0,5,,0.101861,0.126379,0.156318,0.09827,0.122604,0.302194,0.092374,,692200,,
0,5,,0.115973,0.0553,0.166493,0.069879,0.155332,0.271461,0.165562,,691000,,
0,5,,0.115973,0.0753,0.166493,0.069879,0.135332,0.271461,0.165562,,683300,,
0,5,,0.101861,0.126379,0.156318,0.09827,0.122604,0.302194,0.092374,,678800,,
0,5,,0.096017,0.116249,0.155366,0.088703,0.119227,0.292064,0.132374,,806800,,
0,6,,0.112263,0.078576,0.204929,0.059883,0.204314,0.080487,0.259549,,695400,,
0,5,,0.115973,0.0553,0.166493,0.069879,0.155332,0.271461,0.165562,,679700,,
0,5,,0.098268,0.106725,0.163591,0.080565,0.125461,0.282541,0.14285,,705300,,
0,5,,0.096017,0.116249,0.155366,0.088703,0.119227,0.292064,0.132374,,696700,,
0,5,,0.095497,0.105686,0.155409,0.087621,0.120482,0.301588,0.133716,,690100,,
0,5,,0.101861,0.126379,0.156318,0.09827,0.122604,0.302194,0.092374,,691500,,
0,5,,0.101341,0.115816,0.156362,0.097188,0.123859,0.311718,0.093716,,690400,,
0,5,,0.115973,0.0553,0.166493,0.069879,0.155332,0.271461,0.165562,,705600,,
0,5,,0.115973,0.0553,0.166493,0.069879,0.155332,0.271461,0.165562,,689200,,
0,5,,0.097748,0.096162,0.163634,0.079482,0.126716,0.292064,0.144192,,772100,,
0,5,,0.115973,0.0553,0.166493,0.069879,0.155332,0.271461,0.165562,,693500,,
0,5,,0.097748,0.096162,0.163634,0.079482,0.126716,0.292064,0.144192,,691200,,
0,5,,0.096017,0.116249,0.155366,0.088703,0.119227,0.292064,0.132374,,685100,,
0,5,,0.096017,0.116249,0.155366,0.088703,0.119227,0.292064,0.132374,,692100,,
0,5,,0.097748,0.096162,0.163634,0.079482,0.126716,0.292064,0.144192,,693700,,
0,5,,0.115973,0.0553,0.166493,0.069879,0.155332,0.271461,0.165562,,690200,,
0,5,,0.115973,0.0553,0.166493,0.069879,0.155332,0.271461,0.165562,,692700,,
0,5,,0.115973,0.0553,0.166493,0.069879,0.155332,0.271461,0.165562,,695300,,
0,5,,0.095497,0.105686,0.155409,0.087621,0.120482,0.301588,0.133716,,686200,,
0,5,,0.096017,0.116249,0.155366,0.088703,0.119227,0.292064,0.132374,,773700,,
0,5,,0.095497,0.105686,0.155409,0.087621,0.120482,0.301588,0.133716,,688000,,
0,5,,0.115973,0.0553,0.166493,0.069879,0.155332,0.271461,0.165562,,686000,,
0,5,,0.115973,0.0553,0.166493,0.069879,0.155332,0.271461,0.165562,,686500,,
0,5,,0.115973,0.0553,0.166493,0.069879,0.155332,0.271461,0.165562,,686600,,
0,5,,0.115973,0.0553,0.166493,0.069879,0.155332,0.271461,0.165562,,689500,,
0,5,,0.115973,0.0553,0.166493,0.069879,0.155332,0.271461,0.165562,,718400,,
0,5,,0.101861,0.126379,0.156318,0.09827,0.122604,0.302194,0.092374,,690500,,
0,5,,0.101861,0.126379,0.156318,0.09827,0.122604,0.302194,0.092374,,690400,,
0,5,,0.115973,0.0553,0.166493,0.069879,0.155332,0.271461,0.165562,,685700,,
0,6,,0.106419,0.068446,0.203976,0.050316,0.200937,0.070357,0.299549,,812900,,
0,5,,0.115973,0.0553,0.166493,0.069879,0.155332,0.271461,0.165562,,693100,,
0,5,,0.115973,0.0553,0.166493,0.069879,0.155332,0.271461,0.165562,,685400,,
0,5,,0.101861,0.126379,0.156318,0.09827,0.122604,0.302194,0.092374,,705100,,
0,5,,0.095497,0.105686,0.155409,0.087621,0.120482,0.301588,0.133716,,698700,,
0,5,,0.101861,0.126379,0.156318,0.09827,0.122604,0.302194,0.092374,,695700,,
0,5,,0.100308,0.057209,0.180817,0.070057,0.158821,0.27337,0.159419,,690400,,
0,5,,0.115973,0.0553,0.166493,0.069879,0.155332,0.271461,0.165562,,695000,,
0,2,,0.114672,0.114809,0.211134,0.08097,0.170076,0.104196,0.204142,,694100,,
0,5,,0.101861,0.126379,0.156318,0.09827,0.122604,0.302194,0.092374,,687500,,
0,5,,0.115973,0.0553,0.166493,0.069879,0.155332,0.271461,0.165562,,779700,,
0,5,,0.101861,0.126379,0.156318,0.09827,0.122604,0.302194,0.092374,,711900,,
0,5,,0.115973,0.0553,0.166493,0.069879,0.155332,0.271461,0.165562,,682300,,
0,5,,0.115973,0.0553,0.166493,0.069879,0.155332,0.271461,0.165562,,686800,,
0,5,,0.115973,0.0553,0.166493,0.069879,0.155332,0.271461,0.165562,,705600,,
0,5,,0.116147,0.0553,0.160883,0.069879,0.160768,0.271461,0.165562,,693400,,
0,5,,0.098268,0.106725,0.163591,0.080565,0.125461,0.282541,0.14285,,690500,,
0,5,,0.101861,0.126379,0.156318,0.09827,0.122604,0.302194,0.092374,,705200,,
0,5,,0.115973,0.0553,0.166493,0.069879,0.155332,0.271461,0.165562,,763700,,
1,5,,0.074458,0.151963,0.135301,0.103746,0.103621,0.313493,0.117417,,687000,,
1,1,,0.052908,0.4325,0.088904,0.110247,0.075676,0.116115,0.123651,,770800,,
1,5,,0.074458,0.151963,0.135301,0.103746,0.103621,0.313493,0.117417,,690000,,
1,5,,0.074458,0.151963,0.135301,0.103746,0.103621,0.313493,0.117417,,689400,,
1,5,,0.085757,0.152007,0.14134,0.109699,0.111262,0.318385,0.081551,,689200,,
1,5,,0.080302,0.162093,0.136253,0.113313,0.106998,0.323623,0.077417,,689100,,
1,5,,0.080302,0.162093,0.136253,0.113313,0.106998,0.323623,0.077417,,687000,,
1,5,,0.074458,0.151963,0.135301,0.103746,0.103621,0.313493,0.117417,,680100,,
1,5,,0.080302,0.162093,0.136253,0.113313,0.106998,0.323623,0.077417,,691500,,
1,5,,0.085757,0.152007,0.14134,0.109699,0.111262,0.318385,0.081551,,716600,,
1,1,,0.056544,0.471028,0.067345,0.116914,0.071693,0.11421,0.102265,,687500,,
1,5,,0.080302,0.162093,0.136253,0.113313,0.106998,0.323623,0.077417,,687200,,
1,5,,0.074458,0.151963,0.135301,0.103746,0.103621,0.313493,0.117417,,794400,,
1,5,,0.074458,0.151963,0.135301,0.103746,0.103621,0.313493,0.117417,,688400,,
1,5,,0.080302,0.162093,0.136253,0.113313,0.106998,0.323623,0.077417,,686600,,
1,5,,0.074458,0.151963,0.135301,0.103746,0.103621,0.313493,0.117417,,690500,,
1,5,,0.074458,0.151963,0.135301,0.103746,0.103621,0.313493,0.117417,,692600,,
1,5,,0.074458,0.151963,0.135301,0.103746,0.103621,0.313493,0.117417,,688500,,
1,5,,0.074458,0.151963,0.135301,0.103746,0.103621,0.313493,0.117417,,688600,,
1,5,,0.074458,0.151963,0.135301,0.103746,0.103621,0.313493,0.117417,,686700,,
1,5,,0.074458,0.151963,0.135301,0.103746,0.103621,0.313493,0.117417,,686300,,
1,5,,0.080302,0.162093,0.136253,0.113313,0.106998,0.323623,0.077417,,687400,,
1,5,,0.074458,0.151963,0.135301,0.103746,0.103621,0.313493,0.117417,,801900,,
1,5,,0.074458,0.151963,0.135301,0.103746,0.103621,0.313493,0.117417,,711100,,
1,5,,0.080302,0.162093,0.136253,0.113313,0.106998,0.323623,0.077417,,688900,,
1,5,,0.080302,0.162093,0.136253,0.113313,0.106998,0.323623,0.077417,,692400,,
1,5,,0.080302,0.162093,0.136253,0.113313,0.106998,0.323623,0.077417,,713700,,
1,1,,0.077843,0.360768,0.144899,0.098797,0.098511,0.103734,0.115447,,688700,,
1,5,,0.074458,0.151963,0.135301,0.103746,0.103621,0.313493,0.117417,,692500,,
1,5,,0.074458,0.151963,0.135301,0.103746,0.103621,0.313493,0.117417,,692600,,
1,1,,0.052908,0.4525,0.068904,0.110247,0.075676,0.116115,0.123651,,689200,,
1,1,,0.052908,0.4325,0.088904,0.110247,0.075676,0.116115,0.123651,,687100,,
1,5,,0.085237,0.141444,0.141383,0.108616,0.112517,0.327909,0.082893,,769800,,
1,5,,0.080302,0.162093,0.136253,0.113313,0.106998,0.323623,0.077417,,687900,,
1,1,,0.052908,0.4325,0.088904,0.110247,0.075676,0.116115,0.123651,,696400,,
1,1,,0.056544,0.471028,0.067345,0.116914,0.071693,0.11421,0.102265,,684400,,
1,5,,0.080302,0.162093,0.136253,0.113313,0.106998,0.323623,0.077417,,685200,,
1,5,,0.085757,0.152007,0.14134,0.109699,0.111262,0.318385,0.081551,,685200,,
1,5,,0.074458,0.151963,0.135301,0.103746,0.103621,0.313493,0.117417,,703400,,
1,5,,0.080302,0.162093,0.136253,0.113313,0.106998,0.323623,0.077417,,692800,,
1,5,,0.074458,0.151963,0.135301,0.103746,0.103621,0.313493,0.117417,,682600,,
1,5,,0.074458,0.151963,0.135301,0.103746,0.103621,0.313493,0.117417,,691200,,
1,5,,0.074458,0.151963,0.135301,0.103746,0.103621,0.313493,0.117417,,768900,,
1,5,,0.080302,0.162093,0.136253,0.113313,0.106998,0.323623,0.077417,,692300,,
1,1,,0.072388,0.350855,0.119813,0.102412,0.114247,0.128972,0.111313,,688300,,
1,5,,0.074458,0.151963,0.135301,0.103746,0.103621,0.313493,0.117417,,768000,,
1,5,,0.074458,0.151963,0.135301,0.103746,0.103621,0.313493,0.117417,,700500,,
1,5,,0.073939,0.141401,0.135344,0.102664,0.104876,0.323017,0.118759,,690400,,
1,5,,0.074458,0.151963,0.135301,0.103746,0.103621,0.313493,0.117417,,691500,,
1,5,,0.080302,0.162093,0.136253,0.113313,0.106998,0.323623,0.077417,,691500,,
1,5,,0.074458,0.151963,0.135301,0.103746,0.103621,0.313493,0.117417,,723200,,
1,5,,0.080302,0.162093,0.136253,0.113313,0.106998,0.323623,0.077417,,684500,,
1,5,,0.080302,0.162093,0.136253,0.113313,0.106998,0.323623,0.077417,,794500,,
1,5,,0.074458,0.151963,0.135301,0.103746,0.103621,0.313493,0.117417,,687800,,
1,5,,0.074458,0.151963,0.135301,0.103746,0.103621,0.313493,0.117417,,685400,,
1,5,,0.080302,0.162093,0.136253,0.113313,0.106998,0.323623,0.077417,,698500,,
1,5,,0.080302,0.162093,0.136253,0.113313,0.106998,0.323623,0.077417,,693400,,
1,5,,0.101341,0.135643,0.155756,0.097101,0.119703,0.301242,0.089214,,687000,,
1,5,,0.080302,0.162093,0.136253,0.113313,0.106998,0.323623,0.077417,,683900,,
1,5,,0.074458,0.151963,0.135301,0.103746,0.103621,0.313493,0.117417,,694500,,
1,5,,0.074458,0.151963,0.135301,0.103746,0.103621,0.313493,0.117417,,693800,,
1,5,,0.074458,0.151963,0.135301,0.103746,0.103621,0.313493,0.117417,,751600,,
1,5,,0.074458,0.151963,0.135301,0.103746,0.103621,0.313493,0.117417,,686900,,
1,5,,0.074458,0.151963,0.135301,0.103746,0.103621,0.313493,0.117417,,684300,,
1,5,,0.074458,0.151963,0.135301,0.103746,0.103621,0.313493,0.117417,,682400,,
1,5,,0.074458,0.151963,0.135301,0.103746,0.103621,0.313493,0.117417,,684300,,
2,6,,0.106419,0.028446,0.246476,0.050673,0.189509,0.076071,0.302406,,697600,,
2,6,,0.109867,0.028446,0.272357,0.048416,0.178444,0.066531,0.295939,,680800,,
2,5,,0.108447,0.05669,0.195708,0.060446,0.167306,0.246703,0.1647,,734300,,
2,5,,0.100308,0.057209,0.180817,0.070057,0.158821,0.267656,0.165133,,696000,,
2,5,,0.098746,0.065731,0.164373,0.080204,0.148018,0.292358,0.15057,,685500,,
2,5,,0.113598,0.056733,0.203933,0.061009,0.173063,0.227294,0.164369,,753500,,
2,5,,0.108447,0.05669,0.195708,0.060446,0.167306,0.246703,0.1647,,699600,,
2,5,,0.105979,0.067815,0.188998,0.071702,0.16289,0.258132,0.144484,,687200,,
2,5,,0.100308,0.057209,0.180817,0.070057,0.158821,0.267656,0.165133,,683100,,
2,5,,0.097748,0.096162,0.163634,0.079482,0.126716,0.292064,0.144192,,683500,,
2,5,,0.097748,0.096162,0.163634,0.079482,0.126716,0.292064,0.144192,,685600,,
2,5,,0.101341,0.115816,0.156362,0.097188,0.123859,0.311718,0.093716,,678100,,
2,5,,0.100308,0.057209,0.180817,0.070057,0.158821,0.267656,0.165133,,679700,,
2,6,,0.055441,0.085498,0.095909,0.08174,0.15178,0.167876,0.361757,,681200,,
2,5,,0.100308,0.057209,0.180817,0.070057,0.158821,0.267656,0.165133,,685000,,
2,5,,0.100308,0.057209,0.180817,0.070057,0.158821,0.267656,0.165133,,683300,,
2,5,,0.096017,0.116249,0.155366,0.088703,0.119227,0.292064,0.132374,,782500,,
2,5,,0.100308,0.057209,0.180817,0.070057,0.158821,0.267656,0.165133,,691000,,
2,6,,0.080237,0.064525,0.153587,0.072671,0.158382,0.224291,0.246307,,684200,,
2,6,,0.080237,0.064525,0.153587,0.072671,0.158382,0.224291,0.246307,,697700,,
2,5,,0.105979,0.067815,0.188998,0.071702,0.16289,0.258132,0.144484,,688900,,
2,5,,0.100308,0.057209,0.180817,0.070057,0.158821,0.267656,0.165133,,684000,,
2,5,,0.100308,0.057209,0.180817,0.070057,0.158821,0.267656,0.165133,,686000,,
2,5,,0.100308,0.057209,0.180817,0.070057,0.158821,0.267656,0.165133,,686500,,
2,5,,0.098268,0.106725,0.163591,0.080565,0.125461,0.282541,0.14285,,683800,,
2,6,,0.106419,0.048446,0.243976,0.050316,0.200937,0.070357,0.279549,,885800,,
2,5,,0.113598,0.056733,0.203933,0.061009,0.173063,0.227294,0.164369,,686600,,
2,5,,0.095497,0.105686,0.155409,0.087621,0.120482,0.301588,0.133716,,688000,,
2,5,,0.100308,0.057209,0.180817,0.070057,0.158821,0.267656,0.165133,,685000,,
2,5,,0.098268,0.106725,0.163591,0.080565,0.125461,0.282541,0.14285,,796900,,
2,5,,0.080481,0.074655,0.162786,0.081971,0.151059,0.237325,0.211722,,786000,,
2,5,,0.100308,0.057209,0.180817,0.070057,0.158821,0.267656,0.165133,,785700,,
2,5,,0.100308,0.057209,0.180817,0.070057,0.158821,0.267656,0.165133,,777000,,
2,5,,0.10546,0.057253,0.209042,0.070619,0.144145,0.267656,0.145826,,776600,,
2,5,,0.108447,0.05669,0.195708,0.060446,0.167306,0.246703,0.1647,,778200,,
2,5,,0.10546,0.057253,0.189042,0.070619,0.164145,0.267656,0.145826,,848300,,
2,5,,0.100308,0.057209,0.180817,0.070057,0.158821,0.267656,0.165133,,779800,,
2,5,,0.098746,0.065731,0.164373,0.080204,0.148018,0.292358,0.15057,,786000,,
2,5,,0.085633,0.084915,0.171185,0.07826,0.15499,0.25158,0.173438,,772400,,
2,5,,0.100308,0.057209,0.180817,0.070057,0.158821,0.267656,0.165133,,773600,,
2,5,,0.095497,0.105686,0.155409,0.087621,0.120482,0.301588,0.133716,,775400,,
2,5,,0.095497,0.105686,0.155409,0.087621,0.120482,0.301588,0.133716,,777300,,
2,5,,0.10546,0.057253,0.209042,0.070619,0.144145,0.27337,0.140111,,771700,,
2,5,,0.097748,0.096162,0.163634,0.079482,0.126716,0.292064,0.144192,,849300,,
2,5,,0.080481,0.074655,0.162786,0.081971,0.151059,0.237325,0.211722,,786100,,
2,5,,0.095497,0.105686,0.155409,0.087621,0.120482,0.301588,0.133716,,829500,,
2,5,,0.101341,0.135643,0.155756,0.097101,0.119703,0.301242,0.089214,,790800,,
2,5,,0.097748,0.096162,0.163634,0.079482,0.126716,0.292064,0.144192,,782900,,
2,5,,0.095497,0.105686,0.155409,0.087621,0.120482,0.301588,0.133716,,780700,,
2,5,,0.105979,0.067815,0.188998,0.071702,0.16289,0.258132,0.144484,,784900,,
2,5,,0.106672,0.058465,0.190687,0.062048,0.168128,0.209789,0.204211,,772900,,
2,5,,0.10546,0.057253,0.209042,0.070619,0.144145,0.267656,0.145826,,770400,,
2,6,,0.11098,0.032305,0.257904,0.051503,0.195053,0.076531,0.275723,,852900,,
2,5,,0.098268,0.086725,0.183591,0.080565,0.125461,0.282541,0.14285,,776600,,
2,5,,0.105979,0.067815,0.188998,0.071702,0.16289,0.263846,0.138769,,778800,,
2,6,,0.106419,0.028446,0.246476,0.050673,0.209509,0.076071,0.282406,,776200,,
2,5,,0.10546,0.057253,0.209042,0.070619,0.144145,0.27337,0.140111,,786100,,
2,5,,0.108447,0.05669,0.195708,0.060446,0.167306,0.246703,0.1647,,780700,,
2,5,,0.108447,0.05669,0.195708,0.060446,0.167306,0.246703,0.1647,,787400,,
2,5,,0.100308,0.057209,0.180817,0.070057,0.158821,0.267656,0.165133,,778200,,
2,5,,0.095497,0.105686,0.155409,0.087621,0.120482,0.301588,0.133716,,790300,,
2,5,,0.100308,0.057209,0.180817,0.070057,0.158821,0.267656,0.165133,,831600,,
2,5,,0.098268,0.086725,0.183591,0.080565,0.125461,0.282541,0.14285,,774000,,
2,5,,0.095497,0.105686,0.155409,0.087621,0.120482,0.301588,0.133716,,783700,,
2,5,,0.100308,0.057209,0.180817,0.070057,0.158821,0.267656,0.165133,,779100,,
2,5,,0.100828,0.067772,0.180773,0.071139,0.157565,0.258132,0.163791,,790000,,
3,5,,0.074458,0.132136,0.135907,0.103833,0.107777,0.323969,0.121919,,775600,,
3,5,,0.080302,0.162093,0.136253,0.113313,0.106998,0.323623,0.077417,,794100,,
3,5,,0.074978,0.142699,0.135864,0.104915,0.106521,0.314445,0.120577,,776300,,
3,1,,0.054213,0.361824,0.092089,0.110603,0.08582,0.124922,0.17053,,861400,,
3,5,,0.085757,0.152007,0.14134,0.109699,0.111262,0.318385,0.081551,,788000,,
3,5,,0.080302,0.162093,0.136253,0.113313,0.106998,0.323623,0.077417,,773200,,
3,5,,0.095497,0.105686,0.155409,0.087621,0.120482,0.301588,0.133716,,770600,,
3,5,,0.079783,0.15153,0.136297,0.112231,0.108253,0.333147,0.078759,,779700,,
3,5,,0.085757,0.152007,0.14134,0.109699,0.111262,0.318385,0.081551,,783300,,
3,5,,0.095497,0.105686,0.155409,0.087621,0.120482,0.301588,0.133716,,785100,,
3,5,,0.085237,0.141444,0.141383,0.108616,0.112517,0.327909,0.082893,,777500,,
3,5,,0.074978,0.142699,0.135864,0.104915,0.106521,0.314445,0.120577,,775600,,
3,5,,0.085757,0.152007,0.14134,0.109699,0.111262,0.318385,0.081551,,856300,,
3,5,,0.085237,0.141444,0.141383,0.108616,0.112517,0.327909,0.082893,,789600,,
3,1,,0.061955,0.362413,0.125743,0.099035,0.08823,0.110877,0.151746,,782800,,
3,5,,0.085757,0.13218,0.141946,0.109785,0.115418,0.328861,0.086054,,780600,,
3,5,,0.079913,0.12205,0.140994,0.100218,0.112041,0.318731,0.126054,,776900,,
3,5,,0.079783,0.15153,0.136297,0.112231,0.108253,0.333147,0.078759,,775200,,
3,5,,0.074458,0.132136,0.135907,0.103833,0.107777,0.323969,0.121919,,819600,,
3,5,,0.080302,0.162093,0.136253,0.113313,0.106998,0.323623,0.077417,,824600,,
3,5,,0.095497,0.105686,0.155409,0.087621,0.120482,0.301588,0.133716,,819100,,
3,5,,0.096017,0.116249,0.155366,0.088703,0.119227,0.292064,0.132374,,802300,,
3,5,,0.074978,0.142699,0.135864,0.104915,0.106521,0.314445,0.120577,,779200,,
3,5,,0.100308,0.057209,0.180817,0.070057,0.158821,0.27337,0.159419,,776600,,
3,5,,0.074458,0.132136,0.135907,0.103833,0.107777,0.323969,0.121919,,768000,,
3,5,,0.079913,0.12205,0.140994,0.100218,0.112041,0.318731,0.126054,,786000,,
3,5,,0.079913,0.12205,0.140994,0.100218,0.112041,0.318731,0.126054,,782900,,
3,5,,0.080432,0.132613,0.14095,0.1013,0.110785,0.309207,0.124712,,780300,,
3,5,,0.097748,0.096162,0.163634,0.079482,0.126716,0.292064,0.144192,,787700,,
3,6,,0.093586,0.094897,0.193529,0.097917,0.17544,0.138686,0.205944,,783800,,
3,5,,0.080302,0.162093,0.136253,0.113313,0.106998,0.323623,0.077417,,806000,,
3,5,,0.074978,0.142699,0.135864,0.104915,0.106521,0.314445,0.120577,,691300,,
3,5,,0.080302,0.142266,0.136859,0.1134,0.111153,0.334099,0.081919,,702500,,
3,6,,0.090835,0.084809,0.209561,0.062913,0.172496,0.0875,0.291887,,682700,,
3,5,,0.085237,0.141444,0.141383,0.108616,0.112517,0.327909,0.082893,,685200,,
3,5,,0.079913,0.12205,0.140994,0.100218,0.112041,0.318731,0.126054,,685700,,
3,5,,0.074458,0.132136,0.135907,0.103833,0.107777,0.323969,0.121919,,681800,,
3,5,,0.079913,0.12205,0.140994,0.100218,0.112041,0.318731,0.126054,,681500,,
3,5,,0.079783,0.15153,0.136297,0.112231,0.108253,0.333147,0.078759,,734700,,
3,5,,0.079913,0.12205,0.140994,0.100218,0.112041,0.318731,0.126054,,678800,,
3,5,,0.074978,0.142699,0.135864,0.104915,0.106521,0.314445,0.120577,,793400,,
3,5,,0.074458,0.132136,0.135907,0.103833,0.107777,0.323969,0.121919,,694000,,
3,5,,0.074978,0.142699,0.135864,0.104915,0.106521,0.314445,0.120577,,686600,,
3,5,,0.080432,0.132613,0.14095,0.1013,0.110785,0.309207,0.124712,,683200,,
3,5,,0.080302,0.162093,0.136253,0.113313,0.106998,0.323623,0.077417,,698000,,
3,5,,0.085757,0.152007,0.14134,0.109699,0.111262,0.318385,0.081551,,684400,,
3,5,,0.079913,0.12205,0.140994,0.100218,0.112041,0.318731,0.126054,,684800,,
3,5,,0.050101,0.193469,0.092825,0.123373,0.093871,0.264947,0.181415,,693500,,
3,5,,0.079783,0.15153,0.136297,0.112231,0.108253,0.333147,0.078759,,686400,,
3,5,,0.079783,0.15153,0.136297,0.112231,0.108253,0.333147,0.078759,,761000,,
3,5,,0.079913,0.12205,0.140994,0.100218,0.112041,0.318731,0.126054,,688700,,
3,5,,0.085237,0.141444,0.141383,0.108616,0.112517,0.327909,0.082893,,686400,,
3,5,,0.074458,0.132136,0.135907,0.103833,0.107777,0.323969,0.121919,,683900,,
3,5,,0.074978,0.142699,0.135864,0.104915,0.106521,0.314445,0.120577,,679500,,
3,5,,0.085757,0.152007,0.14134,0.109699,0.111262,0.318385,0.081551,,705200,,
3,5,,0.080432,0.132613,0.14095,0.1013,0.110785,0.309207,0.124712,,687500,,
3,5,,0.085757,0.13218,0.141946,0.109785,0.115418,0.328861,0.086054,,684600,,
3,5,,0.085757,0.152007,0.14134,0.109699,0.111262,0.318385,0.081551,,690000,,
3,5,,0.086276,0.142743,0.141903,0.110868,0.114162,0.319337,0.084712,,690400,,
3,5,,0.074978,0.142699,0.135864,0.104915,0.106521,0.314445,0.120577,,731900,,
3,5,,0.079783,0.15153,0.136297,0.112231,0.108253,0.333147,0.078759,,735300,,
3,5,,0.079913,0.12205,0.140994,0.100218,0.112041,0.318731,0.126054,,702900,,
3,5,,0.095497,0.105686,0.155409,0.087621,0.120482,0.301588,0.133716,,688800,,
3,5,,0.080822,0.152829,0.136816,0.114482,0.109898,0.324575,0.080577,,683800,,
3,5,,0.079783,0.15153,0.136297,0.112231,0.108253,0.333147,0.078759,,686100,,
3,5,,0.079913,0.12205,0.140994,0.100218,0.112041,0.318731,0.126054,,686300,,
4,5,,0.095497,0.105686,0.155409,0.087621,0.120482,0.301588,0.133716,,679300,,
4,5,,0.097748,0.096162,0.163634,0.079482,0.126716,0.292064,0.144192,,681800,,
4,6,,0.080237,0.064525,0.153587,0.072671,0.158382,0.224291,0.246307,,699200,,
4,5,,0.096017,0.116249,0.155366,0.088703,0.119227,0.292064,0.132374,,681500,,
4,5,,0.079789,0.094222,0.161271,0.087351,0.14486,0.286227,0.14628,,810900,,
4,5,,0.096017,0.116249,0.155366,0.088703,0.119227,0.292064,0.132374,,682600,,
4,5,,0.097748,0.096162,0.163634,0.079482,0.126716,0.292064,0.144192,,681800,,
4,5,,0.080481,0.074655,0.162786,0.081971,0.151059,0.237325,0.211722,,695700,,
4,2,,0.137899,0.078663,0.290812,0.05838,0.14514,0.073031,0.216076,,689200,,
4,5,,0.098268,0.106725,0.163591,0.080565,0.125461,0.282541,0.14285,,689300,,
4,5,,0.095497,0.105686,0.155409,0.087621,0.120482,0.301588,0.133716,,691400,,
4,5,,0.096017,0.116249,0.155366,0.088703,0.119227,0.292064,0.132374,,682500,,
4,6,,0.080237,0.064525,0.153587,0.072671,0.158382,0.224291,0.246307,,682100,,
4,6,,0.044532,0.105583,0.055734,0.091703,0.151823,0.17428,0.376345,,693300,,
4,5,,0.095497,0.105686,0.155409,0.087621,0.120482,0.301588,0.133716,,771100,,
4,5,,0.10546,0.057253,0.189042,0.070619,0.164145,0.27337,0.140111,,708500,,
4,5,,0.100308,0.057209,0.180817,0.070057,0.158821,0.267656,0.165133,,682900,,
4,6,,0.106419,0.068446,0.216476,0.047816,0.160937,0.080357,0.319549,,714700,,
4,5,,0.095497,0.105686,0.155409,0.087621,0.120482,0.301588,0.133716,,819600,,
4,5,,0.100308,0.057209,0.180817,0.070057,0.158821,0.27337,0.159419,,818400,,
4,5,,0.085633,0.084915,0.171185,0.07826,0.15499,0.25158,0.173438,,787300,,
4,5,,0.080481,0.084872,0.162959,0.077697,0.150098,0.23217,0.211722,,777900,,
4,5,,0.100308,0.057209,0.180817,0.070057,0.158821,0.27337,0.159419,,782800,,
4,6,,0.080237,0.064525,0.153587,0.072671,0.158382,0.224291,0.246307,,787300,,
4,5,,0.100828,0.067772,0.180773,0.071139,0.157565,0.258132,0.163791,,841700,,
4,5,,0.098268,0.106725,0.163591,0.080565,0.125461,0.282541,0.14285,,779700,,
4,5,,0.100308,0.057209,0.180817,0.070057,0.158821,0.267656,0.165133,,779100,,
4,6,,0.106419,0.068446,0.223976,0.050316,0.200937,0.070357,0.279549,,784000,,
4,5,,0.080481,0.074655,0.162786,0.081971,0.151059,0.237325,0.211722,,781500,,
4,5,,0.081001,0.095434,0.162916,0.07878,0.14841,0.242056,0.191404,,781800,,
4,6,,0.11098,0.072305,0.225404,0.054003,0.175053,0.066531,0.295723,,781100,,
4,5,,0.100308,0.057209,0.180817,0.070057,0.158821,0.267656,0.165133,,811000,,
4,5,,0.096017,0.116249,0.155366,0.088703,0.119227,0.292064,0.132374,,860300,,
4,5,,0.079269,0.083659,0.161314,0.086269,0.146115,0.295751,0.147622,,783000,,
4,5,,0.100308,0.057209,0.180817,0.070057,0.158821,0.267656,0.165133,,792200,,
4,5,,0.113598,0.056733,0.203933,0.061009,0.173063,0.227294,0.164369,,774800,,
4,5,,0.100308,0.057209,0.180817,0.070057,0.158821,0.267656,0.165133,,774300,,
4,5,,0.100828,0.067772,0.180773,0.071139,0.157565,0.258132,0.163791,,796000,,
4,6,,0.080237,0.064525,0.153587,0.072671,0.158382,0.224291,0.246307,,786200,,
4,6,,0.080237,0.064525,0.153587,0.072671,0.158382,0.224291,0.246307,,775300,,
4,6,,0.080237,0.064525,0.153587,0.072671,0.158382,0.224291,0.246307,,765100,,
4,5,,0.100308,0.057209,0.180817,0.070057,0.158821,0.27337,0.159419,,842000,,
4,6,,0.080237,0.064525,0.153587,0.072671,0.158382,0.224291,0.246307,,785800,,
4,5,,0.098268,0.106725,0.163591,0.080565,0.125461,0.282541,0.14285,,791300,,
4,5,,0.100308,0.057209,0.180817,0.070057,0.158821,0.267656,0.165133,,787000,,
4,5,,0.100308,0.057209,0.180817,0.070057,0.158821,0.267656,0.165133,,779600,,
4,2,,0.097909,0.094809,0.253667,0.079791,0.149267,0.122283,0.202272,,784300,,
4,6,,0.080237,0.064525,0.153587,0.072671,0.158382,0.224291,0.246307,,784800,,
4,5,,0.098268,0.086725,0.163591,0.080565,0.145461,0.282541,0.14285,,783000,,
4,5,,0.098268,0.086725,0.163591,0.080565,0.145461,0.282541,0.14285,,779000,,
4,5,,0.097748,0.076162,0.163634,0.079482,0.146716,0.292064,0.144192,,846800,,
4,6,,0.080237,0.064525,0.153587,0.072671,0.158382,0.224291,0.246307,,778300,,
4,5,,0.100308,0.057209,0.180817,0.070057,0.158821,0.267656,0.165133,,771900,,
4,5,,0.098268,0.106725,0.163591,0.080565,0.125461,0.282541,0.14285,,777600,,
4,5,,0.097748,0.096162,0.163634,0.079482,0.126716,0.292064,0.144192,,781400,,
4,5,,0.097748,0.096162,0.163634,0.079482,0.126716,0.292064,0.144192,,775800,,
4,5,,0.100308,0.057209,0.180817,0.070057,0.158821,0.27337,0.159419,,778400,,
4,5,,0.080481,0.074655,0.162786,0.081971,0.151059,0.237325,0.211722,,812300,,
4,2,,0.117034,0.094897,0.242193,0.078866,0.142164,0.120567,0.204279,,779100,,
4,5,,0.108447,0.05669,0.195708,0.060446,0.167306,0.246703,0.1647,,844000,,
4,5,,0.108447,0.05669,0.195708,0.060446,0.167306,0.246703,0.1647,,776300,,
4,6,,0.11098,0.072305,0.207904,0.05436,0.183625,0.072245,0.29858,,783600,,
4,5,,0.100308,0.057209,0.180817,0.070057,0.158821,0.267656,0.165133,,780900,,
4,5,,0.111823,0.058508,0.198912,0.062611,0.173453,0.209789,0.184904,,794100,,
4,5,,0.095497,0.105686,0.155409,0.087621,0.120482,0.301588,0.133716,,779600,,
4,5,,0.098268,0.086725,0.163591,0.080565,0.145461,0.282541,0.14285,,772700,,
5,5,,0.079913,0.12205,0.140994,0.100218,0.112041,0.318731,0.126054,,781900,,
5,5,,0.085237,0.141444,0.141383,0.108616,0.112517,0.327909,0.082893,,999400,,
5,5,,0.079913,0.12205,0.140994,0.100218,0.112041,0.318731,0.126054,,1349300,,
5,5,,0.079913,0.12205,0.140994,0.100218,0.112041,0.318731,0.126054,,1421800,,
5,5,,0.085757,0.13218,0.141946,0.109785,0.115418,0.328861,0.086054,,1373300,,
5,5,,0.085237,0.141444,0.141383,0.108616,0.112517,0.327909,0.082893,,1433400,,
5,5,,0.085237,0.141444,0.141383,0.108616,0.112517,0.327909,0.082893,,1428000,,
5,5,,0.085237,0.141444,0.141383,0.108616,0.112517,0.327909,0.082893,,1535100,,
5,5,,0.085237,0.141444,0.141383,0.108616,0.112517,0.327909,0.082893,,1237500,,
5,5,,0.085237,0.141444,0.141383,0.108616,0.112517,0.327909,0.082893,,1395200,,
5,5,,0.085237,0.141444,0.141383,0.108616,0.112517,0.327909,0.082893,,1449500,,
5,5,,0.085237,0.141444,0.141383,0.108616,0.112517,0.327909,0.082893,,1130500,,
5,5,,0.085237,0.141444,0.141383,0.108616,0.112517,0.327909,0.082893,,682900,,
5,5,,0.085237,0.141444,0.141383,0.108616,0.112517,0.327909,0.082893,,685400,,
5,5,,0.085237,0.141444,0.141383,0.108616,0.112517,0.327909,0.082893,,686200,,
5,5,,0.037364,0.176343,0.08613,0.112188,0.083516,0.321611,0.182848,,682100,,
5,5,,0.085237,0.141444,0.141383,0.108616,0.112517,0.327909,0.082893,,765100,,
5,5,,0.079913,0.12205,0.140994,0.100218,0.112041,0.318731,0.126054,,681500,,
5,5,,0.080302,0.142266,0.136859,0.1134,0.111153,0.334099,0.081919,,679100,,
5,5,,0.079783,0.15153,0.136297,0.112231,0.108253,0.333147,0.078759,,678600,,
5,5,,0.080302,0.142266,0.136859,0.1134,0.111153,0.334099,0.081919,,691600,,
5,5,,0.085237,0.141444,0.141383,0.108616,0.112517,0.327909,0.082893,,681100,,
5,5,,0.085237,0.141444,0.141383,0.108616,0.112517,0.327909,0.082893,,682800,,
5,5,,0.080302,0.142266,0.136859,0.1134,0.111153,0.334099,0.081919,,692500,,
5,5,,0.079913,0.12205,0.140994,0.100218,0.112041,0.318731,0.126054,,725100,,
5,5,,0.085237,0.141444,0.141383,0.108616,0.112517,0.327909,0.082893,,683100,,
5,5,,0.085237,0.141444,0.141383,0.108616,0.112517,0.327909,0.082893,,920000,,
5,5,,0.085237,0.141444,0.141383,0.108616,0.112517,0.327909,0.082893,,703600,,
5,5,,0.037364,0.18656,0.086303,0.107914,0.082555,0.316456,0.182848,,690900,,
5,5,,0.042516,0.186603,0.094528,0.108477,0.08788,0.316456,0.16354,,685000,,
5,5,,0.085757,0.13218,0.141946,0.109785,0.115418,0.328861,0.086054,,681900,,
5,5,,0.037364,0.18656,0.086303,0.107914,0.082555,0.316456,0.182848,,682900,,
5,5,,0.037364,0.16656,0.086303,0.127914,0.082555,0.316456,0.182848,,684600,,
5,5,,0.085237,0.141444,0.141383,0.108616,0.112517,0.327909,0.082893,,687800,,
5,5,,0.037364,0.18656,0.086303,0.107914,0.082555,0.316456,0.182848,,687300,,
5,5,,0.085237,0.141444,0.141383,0.108616,0.112517,0.327909,0.082893,,685400,,
5,5,,0.085237,0.141444,0.141383,0.108616,0.112517,0.327909,0.082893,,873300,,
5,5,,0.085237,0.141444,0.141383,0.108616,0.112517,0.327909,0.082893,,688000,,
5,5,,0.079913,0.12205,0.140994,0.100218,0.112041,0.318731,0.126054,,687600,,
5,5,,0.085237,0.141444,0.141383,0.108616,0.112517,0.327909,0.082893,,684100,,
5,5,,0.085237,0.141444,0.141383,0.108616,0.112517,0.327909,0.082893,,691300,,
5,5,,0.085237,0.141444,0.141383,0.108616,0.112517,0.327909,0.082893,,687300,,
5,5,,0.080302,0.142266,0.136859,0.1134,0.111153,0.334099,0.081919,,688100,,
5,5,,0.085237,0.141444,0.141383,0.108616,0.112517,0.327909,0.082893,,684800,,
5,5,,0.085237,0.141444,0.141383,0.108616,0.112517,0.327909,0.082893,,686500,,
5,5,,0.079913,0.12205,0.140994,0.100218,0.112041,0.318731,0.126054,,840100,,
5,5,,0.085237,0.141444,0.141383,0.108616,0.112517,0.327909,0.082893,,676200,,
5,5,,0.085237,0.141444,0.141383,0.108616,0.112517,0.327909,0.082893,,691900,,
5,5,,0.074458,0.132136,0.135907,0.103833,0.107777,0.323969,0.121919,,698800,,
5,5,,0.085237,0.141444,0.141383,0.108616,0.112517,0.327909,0.082893,,683600,,
5,5,,0.085237,0.141444,0.141383,0.108616,0.112517,0.327909,0.082893,,686300,,
5,5,,0.085237,0.141444,0.141383,0.108616,0.112517,0.327909,0.082893,,684500,,
5,5,,0.074458,0.132136,0.135907,0.103833,0.107777,0.323969,0.121919,,686200,,
5,5,,0.085237,0.141444,0.141383,0.108616,0.112517,0.327909,0.082893,,684700,,
5,5,,0.085237,0.141444,0.141383,0.108616,0.112517,0.327909,0.082893,,684400,,
5,5,,0.079913,0.12205,0.140994,0.100218,0.112041,0.318731,0.126054,,769000,,
5,5,,0.079913,0.12205,0.140994,0.100218,0.112041,0.318731,0.126054,,684300,,
5,5,,0.085237,0.141444,0.141383,0.108616,0.112517,0.327909,0.082893,,686100,,
5,5,,0.074458,0.132136,0.135907,0.103833,0.107777,0.323969,0.121919,,679700,,
5,5,,0.080302,0.142266,0.136859,0.1134,0.111153,0.334099,0.081919,,681600,,
5,5,,0.085757,0.13218,0.141946,0.109785,0.115418,0.328861,0.086054,,682900,,
5,5,,0.085237,0.141444,0.141383,0.108616,0.112517,0.327909,0.082893,,683300,,
5,5,,0.085237,0.141444,0.141383,0.108616,0.112517,0.327909,0.082893,,682800,,
5,5,,0.079783,0.15153,0.136297,0.112231,0.108253,0.333147,0.078759,,743300,,
5,5,,0.037364,0.18656,0.086303,0.107914,0.082555,0.316456,0.182848,,689500,,
5,5,,0.037364,0.18656,0.086303,0.107914,0.082555,0.316456,0.182848,,799000,,
6,5,,0.091904,0.086033,0.162682,0.069915,0.12334,0.281935,0.184192,,686700,,
6,5,,0.092902,0.045171,0.163248,0.066327,0.125074,0.277142,0.230137,,682800,,
6,5,,0.091904,0.086033,0.162682,0.069915,0.12334,0.281935,0.184192,,683400,,
6,5,,0.091904,0.055602,0.16251,0.065605,0.123772,0.276848,0.223759,,681000,,
6,5,,0.091904,0.086033,0.162682,0.069915,0.12334,0.281935,0.184192,,746700,,
6,6,,0.084505,0.045109,0.214023,0.064429,0.184255,0.105954,0.301725,,686700,,
6,5,,0.092902,0.045171,0.163248,0.066327,0.125074,0.277142,0.230137,,721300,,
6,5,,0.091904,0.055602,0.16251,0.065605,0.123772,0.276848,0.223759,,724600,,
6,5,,0.07632,0.102396,0.148266,0.082513,0.114898,0.299077,0.17653,,686100,,
6,5,,0.091904,0.086033,0.162682,0.069915,0.12334,0.281935,0.184192,,816800,,
6,5,,0.091904,0.086033,0.162682,0.069915,0.12334,0.281935,0.184192,,697300,,
6,5,,0.091904,0.075602,0.16251,0.065605,0.123772,0.276848,0.203759,,703700,,
6,5,,0.091904,0.086033,0.162682,0.069915,0.12334,0.281935,0.184192,,693500,,
6,5,,0.091904,0.075602,0.16251,0.065605,0.123772,0.276848,0.203759,,697200,,
6,5,,0.091904,0.075602,0.16251,0.065605,0.123772,0.276848,0.203759,,691300,,
6,5,,0.091904,0.086033,0.162682,0.069915,0.12334,0.281935,0.184192,,688000,,
6,5,,0.091904,0.086033,0.162682,0.069915,0.12334,0.281935,0.184192,,689000,,
6,5,,0.091904,0.086033,0.162682,0.069915,0.12334,0.281935,0.184192,,685000,,
6,5,,0.07632,0.102396,0.148266,0.082513,0.114898,0.299077,0.17653,,686800,,
6,5,,0.07632,0.102396,0.148266,0.082513,0.114898,0.299077,0.17653,,904500,,
6,6,,0.050354,0.065498,0.105798,0.083974,0.178883,0.197876,0.317618,,700200,,
6,5,,0.092902,0.045171,0.163248,0.066327,0.125074,0.277142,0.230137,,691700,,
6,5,,0.091904,0.086033,0.162682,0.069915,0.12334,0.281935,0.184192,,683600,,
6,5,,0.089653,0.095556,0.159112,0.078054,0.125037,0.293355,0.159233,,684300,,
6,5,,0.091904,0.086033,0.162682,0.069915,0.12334,0.281935,0.184192,,683800,,
6,5,,0.091904,0.055602,0.16251,0.065605,0.123772,0.276848,0.223759,,679700,,
6,5,,0.07632,0.102396,0.148266,0.082513,0.114898,0.299077,0.17653,,697100,,
6,5,,0.091904,0.086033,0.162682,0.069915,0.12334,0.281935,0.184192,,682000,,
6,5,,0.091904,0.086033,0.162682,0.069915,0.12334,0.281935,0.184192,,682800,,
6,5,,0.07632,0.102396,0.148266,0.082513,0.114898,0.299077,0.17653,,832400,,
6,5,,0.07632,0.102396,0.148266,0.082513,0.114898,0.299077,0.17653,,694200,,
6,5,,0.07632,0.102396,0.148266,0.082513,0.114898,0.299077,0.17653,,689300,,
6,5,,0.070865,0.112483,0.14318,0.086127,0.110634,0.304316,0.172396,,700000,,
6,5,,0.091904,0.086033,0.162682,0.069915,0.12334,0.281935,0.184192,,688200,,
6,5,,0.091904,0.055602,0.16251,0.065605,0.143772,0.276848,0.203759,,690600,,
6,5,,0.091904,0.055602,0.16251,0.065605,0.123772,0.276848,0.223759,,685600,,
6,5,,0.091904,0.086033,0.162682,0.069915,0.12334,0.281935,0.184192,,687700,,
6,6,,0.106419,0.028446,0.223976,0.050316,0.180937,0.084642,0.325264,,688000,,
6,5,,0.091904,0.086033,0.162682,0.069915,0.12334,0.281935,0.184192,,679000,,
6,5,,0.091904,0.086033,0.162682,0.069915,0.12334,0.281935,0.184192,,959900,,
6,6,,0.106419,0.048446,0.203976,0.050316,0.220937,0.070357,0.299549,,686700,,
6,5,,0.091904,0.086033,0.162682,0.069915,0.12334,0.281935,0.184192,,691300,,
6,5,,0.091904,0.086033,0.162682,0.069915,0.12334,0.281935,0.184192,,679800,,
6,5,,0.074069,0.11192,0.144696,0.090651,0.116595,0.310498,0.151571,,685300,,
6,6,,0.106419,0.048446,0.203976,0.050316,0.220937,0.070357,0.299549,,684300,,
6,5,,0.091904,0.086033,0.162682,0.069915,0.12334,0.281935,0.184192,,684800,,
6,6,,0.070085,0.065325,0.130939,0.071693,0.185932,0.14175,0.334275,,688700,,
6,5,,0.07632,0.102396,0.152922,0.082513,0.122829,0.300974,0.162047,,687500,,
6,5,,0.07632,0.102396,0.148266,0.082513,0.114898,0.299077,0.17653,,835700,,
6,5,,0.07632,0.102396,0.148266,0.082513,0.114898,0.299077,0.17653,,795800,,
6,5,,0.091904,0.086033,0.162682,0.069915,0.12334,0.281935,0.184192,,685200,,
6,5,,0.091904,0.086033,0.162682,0.069915,0.12334,0.281935,0.184192,,681900,,
6,5,,0.091904,0.086033,0.162682,0.069915,0.12334,0.281935,0.184192,,680300,,
6,5,,0.07632,0.102396,0.152922,0.082513,0.122829,0.300974,0.162047,,690500,,
6,5,,0.07632,0.102396,0.148266,0.082513,0.114898,0.299077,0.17653,,686600,,
6,5,,0.091904,0.086033,0.162682,0.069915,0.12334,0.281935,0.184192,,684500,,
6,5,,0.092902,0.045171,0.163248,0.066327,0.125074,0.277142,0.230137,,709900,,
6,5,,0.07632,0.102396,0.148266,0.082513,0.114898,0.299077,0.17653,,691800,,
6,5,,0.07632,0.102396,0.148266,0.082513,0.114898,0.299077,0.17653,,869000,,
6,5,,0.091904,0.086033,0.162682,0.069915,0.12334,0.281935,0.184192,,683400,,
6,5,,0.07632,0.102396,0.152922,0.082513,0.122829,0.300974,0.162047,,682800,,
6,5,,0.07632,0.102396,0.148266,0.082513,0.114898,0.299077,0.17653,,680300,,
6,5,,0.091904,0.075602,0.16251,0.065605,0.123772,0.276848,0.203759,,680700,,
6,6,,0.082129,0.045065,0.152435,0.068961,0.221411,0.132991,0.297009,,707600,,
6,5,,0.091904,0.075602,0.16251,0.065605,0.123772,0.276848,0.203759,,684900,,
6,6,,0.065765,0.045584,0.138084,0.079935,0.194853,0.164419,0.311359,,687700,,