image-segmentation,CWE,test,3,NANOSECONDS,PREDICTIONS, Generated by ClassifierExperiments.java on 2022-05-16 22:44:31.    SYSTEMPROPERTIES:{user.name:matth,os.arch:amd64,os.name:Windows 10},ENDSYSTEMPROPERTIES
No parameter info
0.27705627705627706,309195100,336761300,-1,37189512,7,,-1,-1
0,5,,0.089138,0.207393,0.199946,0.074251,0.078024,0.257639,0.09361,,1272200,,
0,5,,0.134775,0.156291,0.215437,0.06307,0.099569,0.232583,0.098275,,1141700,,
0,5,,0.093556,0.191673,0.204924,0.069453,0.08376,0.262265,0.094369,,773200,,
0,5,,0.136296,0.14918,0.22225,0.066116,0.104171,0.223147,0.09884,,743500,,
0,5,,0.134775,0.156291,0.215437,0.06307,0.099569,0.232583,0.098275,,692000,,
0,5,,0.134775,0.156291,0.215437,0.06307,0.099569,0.232583,0.098275,,682500,,
0,5,,0.093556,0.191673,0.204924,0.069453,0.08376,0.262265,0.094369,,689000,,
0,2,,0.202998,0.10804,0.232702,0.082559,0.161139,0.084612,0.12795,,697700,,
0,5,,0.134775,0.156291,0.215437,0.06307,0.099569,0.232583,0.098275,,1171900,,
0,5,,0.093906,0.20255,0.204714,0.070404,0.082489,0.252926,0.09301,,704600,,
0,5,,0.093906,0.20255,0.204714,0.070404,0.082489,0.252926,0.09301,,694000,,
0,5,,0.136296,0.156899,0.22225,0.058397,0.104171,0.223147,0.09884,,696200,,
0,5,,0.093556,0.191673,0.204924,0.069453,0.08376,0.262265,0.094369,,728600,,
0,5,,0.089138,0.207393,0.199946,0.074251,0.078024,0.257639,0.09361,,687300,,
0,5,,0.093906,0.20255,0.204714,0.070404,0.082489,0.252926,0.09301,,723100,,
0,5,,0.113556,0.171673,0.204924,0.069453,0.08376,0.262265,0.094369,,691700,,
0,5,,0.134775,0.156291,0.215437,0.06307,0.099569,0.232583,0.098275,,688000,,
0,5,,0.134775,0.156291,0.215437,0.06307,0.099569,0.232583,0.098275,,684900,,
0,5,,0.089138,0.207393,0.199946,0.074251,0.078024,0.257639,0.09361,,692900,,
0,5,,0.136296,0.156899,0.22225,0.058397,0.104171,0.223147,0.09884,,678200,,
0,5,,0.089138,0.207393,0.199946,0.074251,0.078024,0.257639,0.09361,,686400,,
0,5,,0.136296,0.156899,0.22225,0.058397,0.104171,0.223147,0.09884,,681500,,
0,5,,0.123144,0.161133,0.208916,0.06639,0.089183,0.256866,0.094369,,683700,,
0,5,,0.093556,0.191673,0.204924,0.069453,0.08376,0.262265,0.094369,,682000,,
0,5,,0.134775,0.156291,0.215437,0.06307,0.099569,0.232583,0.098275,,825800,,
0,5,,0.134775,0.156291,0.215437,0.06307,0.099569,0.232583,0.098275,,701800,,
0,5,,0.134775,0.156291,0.215437,0.06307,0.099569,0.232583,0.098275,,689300,,
0,5,,0.134775,0.156291,0.215437,0.06307,0.099569,0.232583,0.098275,,692500,,
0,5,,0.093906,0.20255,0.204714,0.070404,0.082489,0.252926,0.09301,,685400,,
0,5,,0.103494,0.19201,0.208706,0.067341,0.087912,0.247527,0.09301,,698400,,
0,5,,0.093906,0.20255,0.204714,0.070404,0.082489,0.252926,0.09301,,678200,,
0,5,,0.089138,0.207393,0.199946,0.074251,0.078024,0.257639,0.09361,,682400,,
0,2,,0.160783,0.072069,0.26214,0.062225,0.160641,0.072591,0.20955,,690100,,
0,5,,0.102933,0.176291,0.213771,0.062543,0.093604,0.252153,0.098704,,690100,,
0,2,,0.160783,0.072069,0.24214,0.062225,0.180641,0.072591,0.20955,,907600,,
0,5,,0.123494,0.17201,0.208706,0.067341,0.087912,0.247527,0.09301,,721200,,
0,5,,0.136296,0.156899,0.22225,0.058397,0.104171,0.223147,0.09884,,685100,,
0,5,,0.136296,0.156899,0.22225,0.058397,0.104171,0.223147,0.09884,,684400,,
0,5,,0.103494,0.19201,0.208706,0.067341,0.087912,0.247527,0.09301,,837600,,
0,2,,0.184911,0.172769,0.245943,0.085236,0.128354,0.093093,0.089695,,689700,,
0,5,,0.134775,0.156291,0.215437,0.06307,0.099569,0.232583,0.098275,,682100,,
0,2,,0.160783,0.072069,0.30214,0.062225,0.140641,0.072591,0.18955,,682900,,
0,5,,0.134775,0.156291,0.215437,0.06307,0.099569,0.232583,0.098275,,681500,,
0,5,,0.113906,0.18255,0.204714,0.070404,0.082489,0.252926,0.09301,,685500,,
0,5,,0.134775,0.156291,0.215437,0.06307,0.099569,0.232583,0.098275,,687700,,
0,5,,0.134775,0.156291,0.215437,0.06307,0.099569,0.232583,0.098275,,684300,,
0,4,,0.177394,0.117872,0.151242,0.127568,0.18583,0.120995,0.119099,,693500,,
0,5,,0.089138,0.207393,0.199946,0.074251,0.078024,0.257639,0.09361,,690000,,
0,5,,0.102933,0.176291,0.213771,0.062543,0.093604,0.252153,0.098704,,682800,,
0,5,,0.134775,0.156291,0.215437,0.06307,0.099569,0.232583,0.098275,,718000,,
0,5,,0.113556,0.171673,0.204924,0.069453,0.08376,0.262265,0.094369,,698800,,
0,2,,0.160783,0.072069,0.28214,0.062225,0.140641,0.072591,0.20955,,689500,,
0,2,,0.182189,0.112474,0.220447,0.098547,0.147068,0.117951,0.121324,,683400,,
0,5,,0.136296,0.156899,0.22225,0.058397,0.104171,0.223147,0.09884,,822700,,
0,5,,0.093556,0.191673,0.204924,0.069453,0.08376,0.262265,0.094369,,684800,,
0,5,,0.136296,0.156899,0.22225,0.058397,0.104171,0.223147,0.09884,,726900,,
0,5,,0.123144,0.161133,0.208916,0.06639,0.089183,0.256866,0.094369,,730700,,
0,5,,0.093906,0.20255,0.204714,0.070404,0.082489,0.252926,0.09301,,692300,,
0,5,,0.089138,0.207393,0.199946,0.074251,0.078024,0.257639,0.09361,,685600,,
0,2,,0.175508,0.176853,0.235895,0.097159,0.122628,0.107563,0.084394,,690500,,
0,5,,0.134775,0.156291,0.215437,0.06307,0.099569,0.232583,0.098275,,694100,,
0,5,,0.093906,0.20255,0.204714,0.070404,0.082489,0.252926,0.09301,,688300,,
0,5,,0.114775,0.176291,0.215437,0.06307,0.099569,0.232583,0.098275,,691200,,
0,5,,0.113556,0.171673,0.204924,0.069453,0.08376,0.262265,0.094369,,682800,,
0,5,,0.093906,0.20255,0.204714,0.070404,0.082489,0.252926,0.09301,,682700,,
0,5,,0.134775,0.156291,0.215437,0.06307,0.099569,0.232583,0.098275,,686800,,
1,5,,0.060969,0.252698,0.158153,0.094832,0.056794,0.292546,0.084008,,683700,,
1,5,,0.06602,0.253169,0.165572,0.092671,0.062086,0.277787,0.082694,,682900,,
1,5,,0.061319,0.263575,0.157943,0.095783,0.055523,0.283207,0.08265,,837400,,
1,5,,0.06602,0.253169,0.165572,0.092671,0.062086,0.277787,0.082694,,684200,,
1,5,,0.061319,0.263575,0.157943,0.095783,0.055523,0.283207,0.08265,,681600,,
1,5,,0.061319,0.263575,0.157943,0.095783,0.055523,0.283207,0.08265,,685700,,
1,5,,0.06602,0.253169,0.165572,0.092671,0.062086,0.277787,0.082694,,682300,,
1,5,,0.061319,0.263575,0.157943,0.095783,0.055523,0.283207,0.08265,,680900,,
1,5,,0.061319,0.263575,0.157943,0.095783,0.055523,0.283207,0.08265,,679800,,
1,5,,0.06602,0.253169,0.165572,0.092671,0.062086,0.277787,0.082694,,709600,,
1,5,,0.07251,0.222465,0.184657,0.084101,0.068552,0.283663,0.084053,,703300,,
1,5,,0.07286,0.233342,0.184447,0.085052,0.067281,0.274324,0.082694,,681100,,
1,1,,0.069897,0.546421,0.063387,0.108198,0.056369,0.119181,0.036548,,719500,,
1,5,,0.061319,0.263575,0.157943,0.095783,0.055523,0.283207,0.08265,,684500,,
1,5,,0.06602,0.253169,0.165572,0.092671,0.062086,0.277787,0.082694,,684000,,
1,5,,0.061319,0.263575,0.157943,0.095783,0.055523,0.283207,0.08265,,683200,,
1,5,,0.07286,0.233342,0.184447,0.085052,0.067281,0.274324,0.082694,,881400,,
1,1,,0.069897,0.566421,0.043387,0.108198,0.056369,0.119181,0.036548,,691900,,
1,1,,0.069897,0.566421,0.043387,0.108198,0.056369,0.119181,0.036548,,680800,,
1,5,,0.07286,0.233342,0.184447,0.085052,0.067281,0.274324,0.082694,,680300,,
1,5,,0.061319,0.263575,0.157943,0.095783,0.055523,0.283207,0.08265,,685600,,
1,1,,0.069897,0.546421,0.063387,0.108198,0.056369,0.119181,0.036548,,681700,,
1,5,,0.07286,0.233342,0.184447,0.085052,0.067281,0.274324,0.082694,,677600,,
1,5,,0.061319,0.263575,0.157943,0.095783,0.055523,0.283207,0.08265,,702700,,
1,5,,0.061319,0.263575,0.157943,0.095783,0.055523,0.283207,0.08265,,686900,,
1,5,,0.088704,0.216849,0.199382,0.072585,0.074813,0.257181,0.090487,,684400,,
1,5,,0.061319,0.263575,0.157943,0.095783,0.055523,0.283207,0.08265,,688400,,
1,5,,0.06602,0.253169,0.165572,0.092671,0.062086,0.277787,0.082694,,685300,,
1,5,,0.06602,0.253169,0.165572,0.092671,0.062086,0.277787,0.082694,,682300,,
1,5,,0.06602,0.253169,0.165572,0.092671,0.062086,0.277787,0.082694,,900900,,
1,5,,0.061319,0.263575,0.157943,0.095783,0.055523,0.283207,0.08265,,695100,,
1,5,,0.06602,0.253169,0.165572,0.092671,0.062086,0.277787,0.082694,,733700,,
1,5,,0.061319,0.263575,0.157943,0.095783,0.055523,0.283207,0.08265,,685700,,
1,5,,0.07286,0.233342,0.184447,0.085052,0.067281,0.274324,0.082694,,1560700,,
1,5,,0.061319,0.263575,0.157943,0.095783,0.055523,0.283207,0.08265,,1383800,,
1,1,,0.069897,0.546421,0.063387,0.108198,0.056369,0.119181,0.036548,,932200,,
1,5,,0.061319,0.263575,0.157943,0.095783,0.055523,0.283207,0.08265,,795300,,
1,1,,0.069897,0.566421,0.043387,0.108198,0.056369,0.119181,0.036548,,788200,,
1,5,,0.061319,0.263575,0.157943,0.095783,0.055523,0.283207,0.08265,,791000,,
1,5,,0.06602,0.253169,0.165572,0.092671,0.062086,0.277787,0.082694,,777300,,
1,5,,0.061319,0.263575,0.157943,0.095783,0.055523,0.283207,0.08265,,778400,,
1,5,,0.06602,0.253169,0.165572,0.092671,0.062086,0.277787,0.082694,,966800,,
1,5,,0.07286,0.233342,0.184447,0.085052,0.067281,0.274324,0.082694,,779900,,
1,5,,0.06602,0.253169,0.165572,0.092671,0.062086,0.277787,0.082694,,775900,,
1,5,,0.061319,0.263575,0.157943,0.095783,0.055523,0.283207,0.08265,,773700,,
1,5,,0.088704,0.216849,0.199382,0.072585,0.074813,0.257181,0.090487,,772900,,
1,1,,0.069029,0.515835,0.042433,0.104751,0.055543,0.164122,0.048288,,779400,,
1,5,,0.07286,0.233342,0.184447,0.085052,0.067281,0.274324,0.082694,,794100,,
1,1,,0.069897,0.558701,0.043387,0.115917,0.056369,0.119181,0.036548,,783800,,
1,5,,0.06602,0.253169,0.165572,0.092671,0.062086,0.277787,0.082694,,783000,,
1,5,,0.07286,0.233342,0.184447,0.085052,0.067281,0.274324,0.082694,,880900,,
1,5,,0.061319,0.263575,0.157943,0.095783,0.055523,0.283207,0.08265,,750000,,
1,5,,0.07251,0.222465,0.184657,0.084101,0.068552,0.283663,0.084053,,763200,,
1,5,,0.061319,0.263575,0.157943,0.095783,0.055523,0.283207,0.08265,,1125900,,
1,5,,0.06602,0.253169,0.165572,0.092671,0.062086,0.277787,0.082694,,703500,,
1,5,,0.06602,0.253169,0.165572,0.092671,0.062086,0.277787,0.082694,,691300,,
1,5,,0.061319,0.263575,0.157943,0.095783,0.055523,0.283207,0.08265,,687500,,
1,5,,0.061319,0.263575,0.157943,0.095783,0.055523,0.283207,0.08265,,693400,,
1,5,,0.06602,0.253169,0.165572,0.092671,0.062086,0.277787,0.082694,,690100,,
1,1,,0.069897,0.546421,0.063387,0.108198,0.056369,0.119181,0.036548,,695100,,
1,5,,0.06602,0.253169,0.165572,0.092671,0.062086,0.277787,0.082694,,784500,,
1,1,,0.069897,0.566421,0.043387,0.108198,0.056369,0.119181,0.036548,,701300,,
1,5,,0.07286,0.233342,0.184447,0.085052,0.067281,0.274324,0.082694,,690200,,
1,5,,0.061319,0.263575,0.157943,0.095783,0.055523,0.283207,0.08265,,702200,,
1,5,,0.06602,0.253169,0.165572,0.092671,0.062086,0.277787,0.082694,,697800,,
1,5,,0.061319,0.263575,0.157943,0.095783,0.055523,0.283207,0.08265,,695900,,
2,2,,0.115126,0.127168,0.269384,0.064021,0.104141,0.223244,0.096916,,696500,,
2,2,,0.114775,0.136291,0.249594,0.06307,0.105412,0.232583,0.098275,,887400,,
2,2,,0.146644,0.106531,0.284129,0.055713,0.126079,0.180503,0.100402,,695000,,
2,5,,0.093346,0.186831,0.209779,0.065606,0.088181,0.257553,0.098704,,692500,,
2,2,,0.121969,0.137007,0.25573,0.059176,0.119975,0.205871,0.100272,,702000,,
2,5,,0.102933,0.176291,0.213771,0.062543,0.093604,0.252153,0.098704,,789000,,
2,2,,0.146644,0.106531,0.284129,0.055713,0.126079,0.180503,0.100402,,700900,,
2,2,,0.114775,0.136291,0.249594,0.06307,0.105412,0.232583,0.098275,,686400,,
2,2,,0.121969,0.137007,0.25573,0.059176,0.119975,0.205871,0.100272,,718500,,
2,2,,0.121794,0.137007,0.261754,0.059176,0.134127,0.185871,0.100272,,695800,,
2,2,,0.122144,0.147884,0.261544,0.060127,0.112856,0.196532,0.098914,,691300,,
2,2,,0.120623,0.147276,0.254731,0.0648,0.108254,0.205967,0.098349,,692400,,
2,2,,0.121969,0.117007,0.25573,0.059176,0.139975,0.205871,0.100272,,693400,,
2,2,,0.121969,0.117007,0.25573,0.059176,0.159975,0.185871,0.100272,,692800,,
2,2,,0.121562,0.132271,0.215849,0.084871,0.13328,0.208355,0.103813,,718900,,
2,2,,0.114775,0.136291,0.249594,0.06307,0.105412,0.232583,0.098275,,813100,,
2,2,,0.120799,0.147276,0.248707,0.0648,0.114102,0.205967,0.098349,,700500,,
2,5,,0.089138,0.187393,0.219946,0.074251,0.078024,0.257639,0.09361,,689800,,
2,2,,0.121794,0.137007,0.261754,0.059176,0.114127,0.205871,0.100272,,692200,,
2,2,,0.121562,0.132271,0.215849,0.084871,0.13328,0.208355,0.103813,,707900,,
2,2,,0.116646,0.147776,0.256197,0.059348,0.108743,0.213809,0.097481,,689400,,
2,2,,0.121969,0.137007,0.25573,0.059176,0.119975,0.205871,0.100272,,694100,,
2,2,,0.121794,0.137007,0.261754,0.059176,0.114127,0.205871,0.100272,,694900,,
2,5,,0.093346,0.166831,0.229779,0.065606,0.088181,0.257553,0.098704,,696800,,
2,2,,0.121562,0.132271,0.215849,0.084871,0.13328,0.208355,0.103813,,694800,,
2,2,,0.121562,0.132271,0.215849,0.084871,0.13328,0.208355,0.103813,,714100,,
2,2,,0.121969,0.117007,0.25573,0.059176,0.159975,0.185871,0.100272,,698300,,
2,6,,0.103452,0.083318,0.108797,0.103006,0.111302,0.185071,0.305054,,690200,,
2,2,,0.126644,0.106531,0.284129,0.055713,0.146079,0.180503,0.100402,,717900,,
2,5,,0.089138,0.187393,0.219946,0.074251,0.078024,0.257639,0.09361,,898200,,
2,2,,0.114775,0.116291,0.269594,0.06307,0.105412,0.232583,0.098275,,706800,,
2,2,,0.121969,0.117007,0.25573,0.059176,0.159975,0.185871,0.100272,,694400,,
2,5,,0.103283,0.167168,0.233561,0.063495,0.092333,0.242814,0.097345,,686700,,
2,2,,0.121562,0.132271,0.215849,0.084871,0.13328,0.208355,0.103813,,693000,,
2,2,,0.121969,0.117007,0.25573,0.059176,0.159975,0.185871,0.100272,,689000,,
2,2,,0.103283,0.147168,0.247718,0.063495,0.098176,0.242814,0.097345,,695700,,
2,5,,0.102933,0.176291,0.213771,0.062543,0.093604,0.252153,0.098704,,698100,,
2,5,,0.102933,0.176291,0.213771,0.062543,0.093604,0.252153,0.098704,,689900,,
2,5,,0.102933,0.176291,0.213771,0.062543,0.093604,0.252153,0.098704,,690000,,
2,2,,0.120623,0.147276,0.254731,0.0648,0.108254,0.205967,0.098349,,697100,,
2,2,,0.121794,0.137007,0.261754,0.059176,0.114127,0.205871,0.100272,,689800,,
2,5,,0.102933,0.176291,0.213771,0.062543,0.093604,0.252153,0.098704,,693200,,
2,2,,0.103283,0.127168,0.267718,0.063495,0.098176,0.242814,0.097345,,697900,,
2,2,,0.115301,0.147168,0.243361,0.064021,0.109989,0.223244,0.096916,,694700,,
2,5,,0.07286,0.213342,0.204447,0.085052,0.067281,0.274324,0.082694,,689700,,
2,5,,0.06602,0.233169,0.185572,0.092671,0.062086,0.277787,0.082694,,843400,,
2,2,,0.121969,0.137007,0.25573,0.059176,0.139975,0.185871,0.100272,,779600,,
2,2,,0.116821,0.127776,0.270174,0.059348,0.114591,0.213809,0.097481,,692100,,
2,5,,0.07286,0.213342,0.204447,0.085052,0.067281,0.274324,0.082694,,691100,,
2,2,,0.103283,0.147168,0.247718,0.063495,0.098176,0.242814,0.097345,,696300,,
2,5,,0.116296,0.15983,0.222768,0.068397,0.105378,0.228147,0.099184,,828500,,
2,1,,0.060025,0.496051,0.073126,0.126309,0.063768,0.129568,0.051152,,700100,,
2,2,,0.121969,0.117007,0.25573,0.059176,0.159975,0.185871,0.100272,,691800,,
2,2,,0.160342,0.067274,0.288971,0.051462,0.157483,0.068765,0.205703,,721200,,
2,2,,0.120449,0.136399,0.248917,0.063849,0.115373,0.215306,0.099707,,699700,,
2,5,,0.089138,0.187393,0.219946,0.074251,0.078024,0.257639,0.09361,,695500,,
2,2,,0.121969,0.117007,0.25573,0.059176,0.159975,0.185871,0.100272,,692600,,
2,2,,0.114775,0.136291,0.249594,0.06307,0.105412,0.232583,0.098275,,690500,,
2,5,,0.103283,0.167168,0.233561,0.063495,0.092333,0.242814,0.097345,,686900,,
2,2,,0.121794,0.117007,0.261754,0.059176,0.154127,0.185871,0.100272,,831000,,
2,2,,0.114775,0.136291,0.249594,0.06307,0.105412,0.232583,0.098275,,832200,,
2,2,,0.121969,0.137007,0.25573,0.059176,0.139975,0.185871,0.100272,,691500,,
2,2,,0.115126,0.147168,0.249384,0.064021,0.104141,0.223244,0.096916,,687400,,
2,2,,0.120799,0.147276,0.248707,0.0648,0.114102,0.205967,0.098349,,690700,,
2,2,,0.120623,0.147276,0.254731,0.0648,0.108254,0.205967,0.098349,,706800,,
2,2,,0.121562,0.132271,0.215849,0.084871,0.13328,0.208355,0.103813,,696800,,
3,5,,0.07251,0.222465,0.184657,0.084101,0.068552,0.283663,0.084053,,689500,,
3,5,,0.07251,0.222465,0.184657,0.084101,0.068552,0.283663,0.084053,,772200,,
3,5,,0.093346,0.186831,0.209779,0.065606,0.088181,0.257553,0.098704,,694100,,
3,5,,0.072944,0.193009,0.185221,0.105767,0.071762,0.284121,0.087176,,681500,,
3,5,,0.072944,0.213009,0.185221,0.085767,0.071762,0.284121,0.087176,,696600,,
3,5,,0.07286,0.233342,0.184447,0.085052,0.067281,0.274324,0.082694,,701600,,
3,1,,0.078797,0.444692,0.094538,0.107545,0.080496,0.133741,0.060191,,688200,,
3,5,,0.073294,0.203886,0.185011,0.106719,0.070491,0.274782,0.085818,,709000,,
3,5,,0.102933,0.176291,0.213771,0.062543,0.093604,0.252153,0.098704,,683700,,
3,5,,0.066104,0.232836,0.166347,0.093386,0.066567,0.287584,0.087176,,690800,,
3,5,,0.072944,0.193009,0.185221,0.105767,0.071762,0.284121,0.087176,,689800,,
3,5,,0.07251,0.222465,0.184657,0.084101,0.068552,0.283663,0.084053,,703800,,
3,5,,0.093346,0.166831,0.209779,0.085606,0.088181,0.257553,0.098704,,942000,,
3,5,,0.078797,0.271546,0.094257,0.101759,0.079934,0.302623,0.071085,,699200,,
3,5,,0.06602,0.253169,0.165572,0.092671,0.062086,0.277787,0.082694,,690100,,
3,5,,0.07251,0.202465,0.184657,0.104101,0.068552,0.283663,0.084053,,689200,,
3,5,,0.066454,0.243713,0.166137,0.094338,0.065296,0.278245,0.085818,,689400,,
3,5,,0.06602,0.253169,0.165572,0.092671,0.062086,0.277787,0.082694,,692100,,
3,5,,0.07251,0.202465,0.184657,0.104101,0.068552,0.283663,0.084053,,695100,,
3,5,,0.06567,0.222292,0.165782,0.11172,0.063357,0.287126,0.084053,,694600,,
3,1,,0.130308,0.234833,0.149759,0.135905,0.126003,0.153284,0.069908,,681800,,
3,5,,0.073294,0.223886,0.185011,0.086719,0.070491,0.274782,0.085818,,684600,,
3,1,,0.070893,0.480075,0.092171,0.126077,0.063891,0.129527,0.037367,,725100,,
3,5,,0.07286,0.213342,0.184447,0.105052,0.067281,0.274324,0.082694,,683900,,
3,5,,0.102933,0.176291,0.213771,0.062543,0.093604,0.252153,0.098704,,684100,,
3,5,,0.072944,0.213009,0.185221,0.085767,0.071762,0.284121,0.087176,,682200,,
3,5,,0.07286,0.233342,0.184447,0.085052,0.067281,0.274324,0.082694,,687700,,
3,5,,0.06567,0.222292,0.165782,0.11172,0.063357,0.287126,0.084053,,922700,,
3,5,,0.073294,0.203886,0.185011,0.106719,0.070491,0.274782,0.085818,,690800,,
3,5,,0.07286,0.233342,0.184447,0.085052,0.067281,0.274324,0.082694,,793700,,
3,5,,0.06567,0.242292,0.165782,0.09172,0.063357,0.287126,0.084053,,692200,,
3,1,,0.074527,0.461805,0.068814,0.12553,0.082069,0.139568,0.047686,,688800,,
3,5,,0.07286,0.233342,0.184447,0.085052,0.067281,0.274324,0.082694,,692000,,
3,5,,0.06567,0.242292,0.165782,0.09172,0.063357,0.287126,0.084053,,688600,,
3,5,,0.066454,0.243713,0.166137,0.094338,0.065296,0.278245,0.085818,,684400,,
3,2,,0.146636,0.09106,0.261933,0.064835,0.129141,0.091536,0.214858,,702400,,
3,5,,0.072944,0.193009,0.185221,0.105767,0.071762,0.284121,0.087176,,699200,,
3,5,,0.06567,0.242292,0.165782,0.09172,0.063357,0.287126,0.084053,,696500,,
3,5,,0.072944,0.193009,0.185221,0.105767,0.071762,0.284121,0.087176,,692200,,
3,5,,0.06567,0.242292,0.165782,0.09172,0.063357,0.287126,0.084053,,694600,,
3,5,,0.07286,0.213342,0.184447,0.105052,0.067281,0.274324,0.082694,,864000,,
3,5,,0.06602,0.253169,0.165572,0.092671,0.062086,0.277787,0.082694,,696900,,
3,5,,0.07286,0.233342,0.184447,0.085052,0.067281,0.274324,0.082694,,688000,,
3,5,,0.072431,0.240852,0.087957,0.097532,0.074995,0.350287,0.075945,,711700,,
3,5,,0.072944,0.213009,0.185221,0.085767,0.071762,0.284121,0.087176,,699900,,
3,5,,0.06602,0.253169,0.165572,0.092671,0.062086,0.277787,0.082694,,691200,,
3,5,,0.102933,0.176291,0.213771,0.062543,0.093604,0.252153,0.098704,,694500,,
3,5,,0.066454,0.243713,0.166137,0.094338,0.065296,0.278245,0.085818,,693400,,
3,5,,0.073294,0.203886,0.205011,0.086719,0.070491,0.274782,0.085818,,686400,,
3,5,,0.07286,0.233342,0.184447,0.085052,0.067281,0.274324,0.082694,,697400,,
3,5,,0.072944,0.213009,0.185221,0.085767,0.071762,0.284121,0.087176,,753300,,
3,5,,0.07286,0.233342,0.184447,0.085052,0.067281,0.274324,0.082694,,694800,,
3,5,,0.07286,0.233342,0.184447,0.085052,0.067281,0.274324,0.082694,,690200,,
3,5,,0.07286,0.233342,0.184447,0.085052,0.067281,0.274324,0.082694,,840500,,
3,1,,0.077325,0.481737,0.071024,0.115049,0.081419,0.123353,0.050093,,704600,,
3,5,,0.06567,0.242292,0.165782,0.09172,0.063357,0.287126,0.084053,,699100,,
3,5,,0.08567,0.222292,0.165782,0.09172,0.063357,0.287126,0.084053,,692600,,
3,5,,0.066454,0.243713,0.166137,0.094338,0.065296,0.278245,0.085818,,697800,,
3,5,,0.073294,0.223886,0.185011,0.086719,0.070491,0.274782,0.085818,,697600,,
3,5,,0.102933,0.176291,0.213771,0.062543,0.093604,0.252153,0.098704,,689100,,
3,5,,0.06602,0.253169,0.165572,0.092671,0.062086,0.277787,0.082694,,696400,,
3,5,,0.066454,0.243713,0.166137,0.094338,0.065296,0.278245,0.085818,,694700,,
3,5,,0.07251,0.222465,0.184657,0.084101,0.068552,0.283663,0.084053,,690800,,
3,5,,0.07251,0.222465,0.184657,0.084101,0.068552,0.283663,0.084053,,689200,,
3,5,,0.06567,0.222292,0.165782,0.11172,0.063357,0.287126,0.084053,,709900,,
3,5,,0.06567,0.242292,0.165782,0.09172,0.063357,0.287126,0.084053,,685200,,
4,5,,0.103283,0.187168,0.213561,0.063495,0.092333,0.242814,0.097345,,952800,,
4,5,,0.102933,0.176291,0.213771,0.062543,0.093604,0.252153,0.098704,,700300,,
4,2,,0.114951,0.136291,0.243571,0.06307,0.11126,0.232583,0.098275,,697200,,
4,2,,0.160783,0.052069,0.26214,0.082225,0.160641,0.072591,0.20955,,694000,,
4,5,,0.103283,0.167168,0.213561,0.083495,0.092333,0.242814,0.097345,,698000,,
4,2,,0.184043,0.162183,0.244988,0.081788,0.127528,0.103481,0.095988,,818000,,
4,5,,0.103283,0.187168,0.213561,0.063495,0.092333,0.242814,0.097345,,698100,,
4,2,,0.114951,0.136291,0.243571,0.06307,0.11126,0.232583,0.098275,,693800,,
4,2,,0.136471,0.116899,0.250384,0.058397,0.135862,0.203147,0.09884,,696300,,
4,5,,0.116296,0.156899,0.22225,0.058397,0.124171,0.223147,0.09884,,684700,,
4,2,,0.121562,0.132271,0.215849,0.084871,0.13328,0.208355,0.103813,,687400,,
4,5,,0.102933,0.176291,0.213771,0.062543,0.093604,0.252153,0.098704,,684700,,
4,2,,0.146644,0.106531,0.284129,0.055713,0.126079,0.180503,0.100402,,744100,,
4,2,,0.121562,0.132271,0.215849,0.084871,0.13328,0.208355,0.103813,,831400,,
4,5,,0.103283,0.187168,0.213561,0.063495,0.092333,0.242814,0.097345,,694000,,
4,5,,0.103283,0.187168,0.213561,0.063495,0.092333,0.242814,0.097345,,731200,,
4,5,,0.103283,0.187168,0.213561,0.063495,0.092333,0.242814,0.097345,,720000,,
4,2,,0.146644,0.106531,0.284129,0.055713,0.126079,0.180503,0.100402,,691400,,
4,2,,0.125127,0.13735,0.236748,0.093115,0.105156,0.211066,0.091438,,688700,,
4,5,,0.093696,0.197708,0.209569,0.066558,0.08691,0.248214,0.097345,,690100,,
4,5,,0.102933,0.176291,0.213771,0.062543,0.093604,0.252153,0.098704,,684400,,
4,5,,0.102933,0.176291,0.213771,0.062543,0.093604,0.252153,0.098704,,684700,,
4,5,,0.102933,0.176291,0.213771,0.062543,0.093604,0.252153,0.098704,,686900,,
4,5,,0.072944,0.213009,0.185221,0.085767,0.071762,0.284121,0.087176,,702700,,
4,5,,0.103283,0.167168,0.213561,0.083495,0.092333,0.242814,0.097345,,687800,,
4,5,,0.114775,0.176291,0.215437,0.06307,0.099569,0.232583,0.098275,,687200,,
4,5,,0.115126,0.187168,0.215227,0.064021,0.098298,0.223244,0.096916,,679700,,
4,5,,0.103283,0.187168,0.213561,0.063495,0.092333,0.242814,0.097345,,895300,,
4,5,,0.115126,0.187168,0.215227,0.064021,0.098298,0.223244,0.096916,,683300,,
4,5,,0.093612,0.193219,0.188441,0.098483,0.091444,0.243754,0.091047,,688800,,
4,2,,0.121969,0.137007,0.25573,0.059176,0.139975,0.185871,0.100272,,709200,,
4,2,,0.141147,0.106423,0.278782,0.054933,0.121966,0.19778,0.098969,,687500,,
4,2,,0.121562,0.132271,0.215849,0.084871,0.13328,0.208355,0.103813,,702300,,
4,2,,0.160783,0.052069,0.30214,0.082225,0.160641,0.072591,0.16955,,689700,,
4,5,,0.088788,0.196516,0.200156,0.0733,0.079295,0.266978,0.094969,,687900,,
4,5,,0.072944,0.213009,0.185221,0.085767,0.071762,0.284121,0.087176,,686500,,
4,2,,0.121562,0.132271,0.215849,0.084871,0.13328,0.208355,0.103813,,690100,,
4,5,,0.103283,0.187168,0.213561,0.063495,0.092333,0.242814,0.097345,,689000,,
4,5,,0.133612,0.173219,0.188441,0.078483,0.091444,0.243754,0.091047,,690100,,
4,5,,0.115126,0.187168,0.215227,0.064021,0.098298,0.223244,0.096916,,705900,,
4,2,,0.160342,0.067274,0.328971,0.051462,0.137483,0.068765,0.185703,,691500,,
4,2,,0.121969,0.137007,0.25573,0.059176,0.139975,0.185871,0.100272,,685400,,
4,5,,0.103283,0.187168,0.213561,0.063495,0.092333,0.242814,0.097345,,847000,,
4,2,,0.141147,0.106423,0.278782,0.054933,0.121966,0.19778,0.098969,,689000,,
4,2,,0.116471,0.136899,0.250384,0.058397,0.115862,0.223147,0.09884,,700400,,
4,5,,0.103283,0.187168,0.213561,0.063495,0.092333,0.242814,0.097345,,690400,,
4,2,,0.121562,0.132271,0.215849,0.084871,0.13328,0.208355,0.103813,,714500,,
4,2,,0.116471,0.136899,0.250384,0.058397,0.115862,0.223147,0.09884,,699100,,
4,2,,0.136471,0.116899,0.250384,0.058397,0.135862,0.203147,0.09884,,693200,,
4,6,,0.103452,0.103318,0.088797,0.103006,0.111302,0.185071,0.305054,,705600,,
4,5,,0.115126,0.187168,0.215227,0.064021,0.098298,0.223244,0.096916,,825100,,
4,2,,0.160342,0.067274,0.328971,0.051462,0.157483,0.068765,0.165703,,710900,,
4,5,,0.103283,0.187168,0.213561,0.063495,0.092333,0.242814,0.097345,,692600,,
4,5,,0.103283,0.187168,0.213561,0.063495,0.092333,0.242814,0.097345,,687400,,
4,5,,0.114775,0.176291,0.215437,0.06307,0.099569,0.232583,0.098275,,693500,,
4,2,,0.121969,0.117007,0.25573,0.059176,0.159975,0.185871,0.100272,,707800,,
4,5,,0.103283,0.187168,0.213561,0.063495,0.092333,0.242814,0.097345,,861000,,
4,5,,0.103283,0.187168,0.213561,0.063495,0.092333,0.242814,0.097345,,684300,,
4,2,,0.114951,0.136291,0.243571,0.06307,0.11126,0.232583,0.098275,,683800,,
4,5,,0.088788,0.176516,0.200156,0.0933,0.079295,0.266978,0.094969,,682500,,
4,5,,0.103283,0.187168,0.213561,0.063495,0.092333,0.242814,0.097345,,693500,,
4,2,,0.116296,0.136899,0.256407,0.058397,0.110014,0.223147,0.09884,,715300,,
4,5,,0.103283,0.187168,0.213561,0.063495,0.092333,0.242814,0.097345,,693800,,
4,2,,0.160342,0.067274,0.328971,0.051462,0.157483,0.068765,0.165703,,691400,,
4,2,,0.121562,0.132271,0.215849,0.084871,0.13328,0.208355,0.103813,,683800,,
4,5,,0.103283,0.187168,0.213561,0.063495,0.092333,0.242814,0.097345,,696900,,
5,5,,0.072944,0.213009,0.185221,0.085767,0.071762,0.284121,0.087176,,687700,,
5,5,,0.080152,0.228681,0.100499,0.112421,0.069903,0.339184,0.069159,,688300,,
5,5,,0.072944,0.213009,0.185221,0.085767,0.071762,0.284121,0.087176,,683300,,
5,5,,0.072944,0.213009,0.185221,0.085767,0.071762,0.284121,0.087176,,822900,,
5,5,,0.07251,0.222465,0.184657,0.084101,0.068552,0.283663,0.084053,,681300,,
5,5,,0.072944,0.213009,0.185221,0.085767,0.071762,0.284121,0.087176,,684200,,
5,5,,0.072944,0.213009,0.185221,0.085767,0.071762,0.284121,0.087176,,676500,,
5,5,,0.072944,0.193009,0.185221,0.105767,0.071762,0.284121,0.087176,,739700,,
5,5,,0.07251,0.202465,0.184657,0.104101,0.068552,0.283663,0.084053,,684600,,
5,5,,0.07251,0.222465,0.184657,0.084101,0.068552,0.283663,0.084053,,683000,,
5,5,,0.07251,0.222465,0.184657,0.084101,0.068552,0.283663,0.084053,,685300,,
5,5,,0.07251,0.222465,0.184657,0.084101,0.068552,0.283663,0.084053,,680500,,
5,5,,0.072944,0.213009,0.185221,0.085767,0.071762,0.284121,0.087176,,686500,,
5,5,,0.126633,0.127857,0.137839,0.09355,0.106026,0.247698,0.160396,,688800,,
5,5,,0.07251,0.202465,0.204657,0.084101,0.068552,0.283663,0.084053,,695000,,
5,5,,0.072944,0.213009,0.185221,0.085767,0.071762,0.284121,0.087176,,685200,,
5,5,,0.072944,0.213009,0.185221,0.085767,0.071762,0.284121,0.087176,,681000,,
5,5,,0.07251,0.222465,0.184657,0.084101,0.068552,0.283663,0.084053,,709900,,
5,5,,0.07251,0.202465,0.184657,0.104101,0.068552,0.283663,0.084053,,681100,,
5,5,,0.07251,0.222465,0.184657,0.084101,0.068552,0.283663,0.084053,,977400,,
5,5,,0.080152,0.22011,0.100499,0.106707,0.069903,0.353041,0.069588,,785400,,
5,5,,0.07251,0.222465,0.184657,0.084101,0.068552,0.283663,0.084053,,796100,,
5,5,,0.072944,0.213009,0.185221,0.085767,0.071762,0.284121,0.087176,,777400,,
5,5,,0.09237,0.22011,0.101947,0.10716,0.075785,0.33347,0.069159,,783700,,
5,5,,0.07251,0.222465,0.184657,0.084101,0.068552,0.283663,0.084053,,793300,,
5,5,,0.07251,0.202465,0.184657,0.104101,0.068552,0.283663,0.084053,,774700,,
5,5,,0.07251,0.222465,0.184657,0.084101,0.068552,0.283663,0.084053,,773600,,
5,5,,0.072944,0.213009,0.185221,0.085767,0.071762,0.284121,0.087176,,785600,,
5,5,,0.080152,0.228681,0.100499,0.112421,0.069903,0.339184,0.069159,,851700,,
5,5,,0.072944,0.213009,0.185221,0.085767,0.071762,0.284121,0.087176,,791900,,
5,5,,0.07251,0.202465,0.204657,0.084101,0.068552,0.283663,0.084053,,780000,,
5,5,,0.07251,0.202465,0.184657,0.104101,0.068552,0.283663,0.084053,,780300,,
5,5,,0.072944,0.213009,0.185221,0.085767,0.071762,0.284121,0.087176,,1160900,,
5,5,,0.07251,0.222465,0.184657,0.084101,0.068552,0.283663,0.084053,,711400,,
5,5,,0.07251,0.222465,0.184657,0.084101,0.068552,0.283663,0.084053,,700700,,
5,5,,0.072944,0.213009,0.185221,0.085767,0.071762,0.284121,0.087176,,693900,,
5,5,,0.07251,0.202465,0.184657,0.104101,0.068552,0.283663,0.084053,,710200,,
5,5,,0.07251,0.202465,0.204657,0.084101,0.068552,0.283663,0.084053,,698100,,
5,5,,0.072944,0.213009,0.185221,0.085767,0.071762,0.284121,0.087176,,692400,,
5,5,,0.072944,0.213009,0.185221,0.085767,0.071762,0.284121,0.087176,,697500,,
5,5,,0.07251,0.202465,0.184657,0.104101,0.068552,0.283663,0.084053,,709300,,
5,5,,0.066104,0.232836,0.166347,0.093386,0.066567,0.287584,0.087176,,695400,,
5,5,,0.066104,0.232836,0.166347,0.093386,0.066567,0.287584,0.087176,,686000,,
5,5,,0.07251,0.202465,0.204657,0.084101,0.068552,0.283663,0.084053,,687500,,
5,5,,0.07251,0.202465,0.184657,0.104101,0.068552,0.283663,0.084053,,693000,,
5,5,,0.07251,0.222465,0.184657,0.084101,0.068552,0.283663,0.084053,,690000,,
5,5,,0.072944,0.213009,0.185221,0.085767,0.071762,0.284121,0.087176,,696000,,
5,5,,0.083283,0.223863,0.101899,0.096595,0.085228,0.33301,0.076121,,913800,,
5,5,,0.07251,0.222465,0.184657,0.084101,0.068552,0.283663,0.084053,,698200,,
5,5,,0.074655,0.228573,0.095153,0.111642,0.06579,0.356461,0.067726,,699700,,
5,5,,0.07251,0.222465,0.184657,0.084101,0.068552,0.283663,0.084053,,746400,,
5,5,,0.07251,0.222465,0.184657,0.084101,0.068552,0.283663,0.084053,,701100,,
5,5,,0.07251,0.222465,0.184657,0.084101,0.068552,0.283663,0.084053,,699500,,
5,5,,0.066104,0.232836,0.166347,0.093386,0.066567,0.287584,0.087176,,688400,,
5,5,,0.066104,0.232836,0.166347,0.093386,0.066567,0.287584,0.087176,,704100,,
5,5,,0.07251,0.222465,0.184657,0.084101,0.068552,0.283663,0.084053,,697400,,
5,5,,0.072944,0.213009,0.185221,0.085767,0.071762,0.284121,0.087176,,690800,,
5,5,,0.07251,0.222465,0.184657,0.084101,0.068552,0.283663,0.084053,,708300,,
5,5,,0.072944,0.213009,0.185221,0.085767,0.071762,0.284121,0.087176,,696700,,
5,5,,0.066104,0.232836,0.166347,0.093386,0.066567,0.287584,0.087176,,693800,,
5,5,,0.07251,0.222465,0.184657,0.084101,0.068552,0.283663,0.084053,,696500,,
5,5,,0.072944,0.213009,0.185221,0.085767,0.071762,0.284121,0.087176,,725100,,
5,5,,0.07251,0.222465,0.184657,0.084101,0.068552,0.283663,0.084053,,698100,,
5,5,,0.072944,0.213009,0.185221,0.085767,0.071762,0.284121,0.087176,,859500,,
5,5,,0.066104,0.232836,0.166347,0.093386,0.066567,0.287584,0.087176,,697000,,
5,5,,0.072944,0.213009,0.185221,0.085767,0.071762,0.284121,0.087176,,698400,,
6,5,,0.088577,0.163954,0.225011,0.077172,0.083716,0.262265,0.099304,,696000,,
6,5,,0.092091,0.184892,0.201628,0.090876,0.086842,0.253189,0.090482,,695900,,
6,2,,0.129259,0.095959,0.226113,0.071719,0.147737,0.117802,0.211411,,698900,,
6,5,,0.088577,0.143954,0.245011,0.077172,0.083716,0.262265,0.099304,,698700,,
6,5,,0.088577,0.163954,0.225011,0.077172,0.083716,0.262265,0.099304,,683800,,
6,2,,0.114775,0.148572,0.235437,0.070789,0.099569,0.232583,0.098275,,859400,,
6,5,,0.072944,0.18529,0.205221,0.093486,0.071762,0.284121,0.087176,,689000,,
6,5,,0.072944,0.18529,0.205221,0.093486,0.071762,0.284121,0.087176,,686900,,
6,5,,0.094298,0.148572,0.230558,0.074936,0.089437,0.257175,0.105024,,686300,,
6,5,,0.072733,0.188167,0.210076,0.081921,0.076184,0.279408,0.091512,,696800,,
6,5,,0.088577,0.163954,0.225011,0.077172,0.083716,0.262265,0.099304,,689300,,
6,5,,0.088577,0.163954,0.225011,0.077172,0.083716,0.262265,0.099304,,843700,,
6,5,,0.088577,0.163954,0.225011,0.077172,0.083716,0.262265,0.099304,,724400,,
6,5,,0.088577,0.163954,0.225011,0.077172,0.083716,0.262265,0.099304,,685100,,
6,5,,0.072944,0.18529,0.205221,0.093486,0.071762,0.284121,0.087176,,684400,,
6,5,,0.09854,0.148572,0.235609,0.075946,0.094083,0.238008,0.109242,,683500,,
6,2,,0.107176,0.148572,0.238821,0.071273,0.098251,0.232987,0.102921,,681100,,
6,2,,0.114775,0.148572,0.235437,0.070789,0.099569,0.232583,0.098275,,683000,,
6,2,,0.110673,0.148312,0.240331,0.065991,0.099673,0.222554,0.112467,,688900,,
6,5,,0.072733,0.180447,0.210076,0.08964,0.076184,0.279408,0.091512,,679000,,
6,5,,0.09854,0.148572,0.235609,0.075946,0.094083,0.238008,0.109242,,686100,,
6,5,,0.072944,0.18529,0.205221,0.093486,0.071762,0.284121,0.087176,,680400,,
6,5,,0.094298,0.148572,0.230558,0.074936,0.089437,0.257175,0.105024,,680500,,
6,6,,0.093643,0.105821,0.131288,0.075973,0.110337,0.181835,0.301103,,702800,,
6,5,,0.088577,0.163954,0.225011,0.077172,0.083716,0.262265,0.099304,,960800,,
6,5,,0.088577,0.163954,0.225011,0.077172,0.083716,0.262265,0.099304,,780500,,
6,5,,0.072944,0.18529,0.205221,0.093486,0.071762,0.284121,0.087176,,845900,,
6,5,,0.088577,0.163954,0.225011,0.077172,0.083716,0.262265,0.099304,,782700,,
6,5,,0.088577,0.143954,0.245011,0.077172,0.083716,0.262265,0.099304,,824800,,
6,2,,0.107176,0.148572,0.238821,0.071273,0.098251,0.232987,0.102921,,784400,,
6,5,,0.094298,0.148572,0.230645,0.074936,0.089437,0.237604,0.124508,,777700,,
6,5,,0.072733,0.188167,0.210076,0.081921,0.076184,0.279408,0.091512,,778400,,
6,5,,0.071614,0.184892,0.196749,0.095023,0.07671,0.277781,0.097232,,820500,,
6,5,,0.088788,0.168796,0.220156,0.081019,0.079295,0.266978,0.094969,,773500,,
6,2,,0.118272,0.148312,0.236947,0.065507,0.100992,0.22215,0.10782,,783000,,
6,5,,0.072944,0.18529,0.205221,0.093486,0.071762,0.284121,0.087176,,786300,,
6,5,,0.072733,0.180447,0.210076,0.08964,0.076184,0.279408,0.091512,,970900,,
6,5,,0.072733,0.180447,0.210076,0.08964,0.076184,0.279408,0.091512,,784700,,
6,5,,0.08953,0.153414,0.22579,0.078783,0.084972,0.261887,0.105624,,775400,,
6,2,,0.118272,0.148312,0.236947,0.065507,0.100992,0.22215,0.10782,,776100,,
6,5,,0.09854,0.148572,0.235609,0.075946,0.094083,0.238008,0.109242,,773200,,
6,5,,0.09854,0.148572,0.235609,0.075946,0.094083,0.238008,0.109242,,774900,,
6,5,,0.088577,0.171673,0.225011,0.069453,0.083716,0.262265,0.099304,,790400,,
6,6,,0.096687,0.09731,0.130871,0.076056,0.113815,0.17807,0.30719,,779600,,
6,5,,0.072733,0.180447,0.210076,0.08964,0.076184,0.279408,0.091512,,798600,,
6,2,,0.151943,0.059638,0.259923,0.051633,0.160465,0.097196,0.219203,,784800,,
6,2,,0.110673,0.148312,0.240331,0.065991,0.099673,0.222554,0.112467,,779800,,
6,2,,0.107176,0.148572,0.238821,0.071273,0.098251,0.232987,0.102921,,776900,,
6,6,,0.119769,0.100216,0.216928,0.074377,0.147784,0.122921,0.218007,,1027600,,
6,5,,0.072944,0.193009,0.205221,0.085767,0.071762,0.284121,0.087176,,723500,,
6,5,,0.072733,0.180447,0.210076,0.08964,0.076184,0.279408,0.091512,,683900,,
6,5,,0.072733,0.180447,0.210076,0.08964,0.076184,0.279408,0.091512,,702100,,
6,5,,0.088577,0.163954,0.225011,0.077172,0.083716,0.262265,0.099304,,689400,,
6,5,,0.072944,0.18529,0.205221,0.093486,0.071762,0.284121,0.087176,,684900,,
6,5,,0.09854,0.148572,0.235609,0.075946,0.094083,0.238008,0.109242,,692300,,
6,5,,0.072733,0.180447,0.210076,0.08964,0.076184,0.279408,0.091512,,699100,,
6,5,,0.072733,0.160447,0.210076,0.10964,0.076184,0.279408,0.091512,,718000,,
6,2,,0.127579,0.093594,0.245919,0.069469,0.127375,0.115035,0.221029,,697800,,
6,5,,0.072733,0.180447,0.210076,0.08964,0.076184,0.279408,0.091512,,693500,,
6,2,,0.107176,0.148572,0.238821,0.071273,0.098251,0.232987,0.102921,,708400,,
6,5,,0.088577,0.163954,0.225011,0.077172,0.083716,0.262265,0.099304,,691800,,
6,5,,0.088577,0.163954,0.225011,0.077172,0.083716,0.262265,0.099304,,701500,,
6,5,,0.088577,0.163954,0.225011,0.077172,0.083716,0.262265,0.099304,,828300,,
6,6,,0.111816,0.099999,0.14667,0.076731,0.123038,0.143241,0.298505,,723900,,
6,5,,0.088577,0.163954,0.225011,0.077172,0.083716,0.262265,0.099304,,696200,,
6,5,,0.088577,0.163954,0.225011,0.077172,0.083716,0.262265,0.099304,,696200,,