image-segmentation,CWE,test,1,NANOSECONDS,PREDICTIONS, Generated by ClassifierExperiments.java on 2022-05-16 22:38:28.    SYSTEMPROPERTIES:{user.name:matth,os.arch:amd64,os.name:Windows 10},ENDSYSTEMPROPERTIES
No parameter info
0.23809523809523808,268406600,332435000,-1,0,7,,-1,-1
0,5,,0.178151,0.1228,0.136355,0.114202,0.134411,0.23439,0.079692,,813200,,
0,5,,0.178151,0.1228,0.156355,0.114202,0.114411,0.23439,0.079692,,701600,,
0,5,,0.116152,0.208748,0.123854,0.142438,0.078009,0.265582,0.065217,,699600,,
0,5,,0.159401,0.133145,0.152605,0.119529,0.106522,0.249711,0.079088,,686400,,
0,5,,0.12097,0.204085,0.128629,0.138727,0.082566,0.260876,0.064147,,737400,,
0,5,,0.12097,0.204085,0.128629,0.138727,0.082566,0.260876,0.064147,,693300,,
0,2,,0.193921,0.073122,0.208719,0.104016,0.18136,0.090895,0.147967,,699100,,
0,5,,0.159015,0.147913,0.141908,0.127583,0.10048,0.259284,0.063817,,688800,,
0,5,,0.186289,0.122195,0.17428,0.105909,0.120394,0.213742,0.077191,,693800,,
0,5,,0.158756,0.152588,0.137146,0.131609,0.096064,0.264003,0.059834,,770600,,
0,5,,0.12097,0.206565,0.128546,0.151103,0.080277,0.250552,0.061987,,682400,,
0,5,,0.119842,0.182911,0.129144,0.136607,0.08541,0.279528,0.066558,,711100,,
0,2,,0.197538,0.064774,0.247157,0.098102,0.166358,0.083939,0.142133,,693600,,
0,5,,0.12097,0.204085,0.128629,0.138727,0.082566,0.260876,0.064147,,685200,,
0,5,,0.186289,0.122195,0.17428,0.105909,0.120394,0.213742,0.077191,,697500,,
0,5,,0.14097,0.184085,0.128629,0.138727,0.082566,0.260876,0.064147,,704100,,
0,5,,0.159401,0.133145,0.152605,0.119529,0.106522,0.249711,0.079088,,697200,,
0,5,,0.116152,0.211228,0.123771,0.154814,0.075719,0.255258,0.063057,,691300,,
0,5,,0.186289,0.122195,0.17428,0.105909,0.120394,0.213742,0.077191,,702100,,
0,0,,0.170361,0.1189,0.147972,0.162558,0.154886,0.164574,0.080749,,694600,,
0,5,,0.12097,0.204085,0.128629,0.138727,0.082566,0.260876,0.064147,,691300,,
0,5,,0.12097,0.204085,0.128629,0.138727,0.082566,0.260876,0.064147,,806700,,
0,5,,0.159401,0.133145,0.152605,0.119529,0.106522,0.249711,0.079088,,690200,,
0,5,,0.178151,0.1228,0.156355,0.114202,0.114411,0.23439,0.079692,,701800,,
0,5,,0.12097,0.206565,0.128546,0.151103,0.080277,0.250552,0.061987,,690500,,
0,5,,0.14097,0.184085,0.128629,0.138727,0.082566,0.260876,0.064147,,709400,,
0,5,,0.158756,0.152588,0.137146,0.131609,0.096064,0.264003,0.059834,,689200,,
0,5,,0.158756,0.152588,0.137146,0.131609,0.096064,0.264003,0.059834,,685900,,
0,5,,0.14097,0.184085,0.128629,0.138727,0.082566,0.260876,0.064147,,693700,,
0,5,,0.116152,0.208748,0.123854,0.142438,0.078009,0.265582,0.065217,,698900,,
0,5,,0.139884,0.193762,0.136631,0.133729,0.093221,0.24535,0.057423,,687400,,
0,5,,0.116152,0.208748,0.123854,0.142438,0.078009,0.265582,0.065217,,693500,,
0,5,,0.159401,0.133145,0.152605,0.119529,0.106522,0.249711,0.079088,,757800,,
0,5,,0.116152,0.208748,0.123854,0.142438,0.078009,0.265582,0.065217,,727300,,
0,5,,0.116152,0.211228,0.123771,0.154814,0.075719,0.255258,0.063057,,686900,,
0,5,,0.186289,0.122195,0.17428,0.105909,0.120394,0.213742,0.077191,,690700,,
0,5,,0.119842,0.182911,0.129144,0.136607,0.08541,0.279528,0.066558,,754100,,
0,5,,0.12097,0.204085,0.128629,0.138727,0.082566,0.260876,0.064147,,691600,,
0,5,,0.186289,0.122195,0.17428,0.105909,0.120394,0.213742,0.077191,,693900,,
0,5,,0.158756,0.152588,0.137146,0.131609,0.096064,0.264003,0.059834,,718600,,
0,5,,0.12097,0.204085,0.128629,0.138727,0.082566,0.260876,0.064147,,687300,,
0,5,,0.178151,0.1228,0.156355,0.114202,0.114411,0.23439,0.079692,,689600,,
0,5,,0.186289,0.122195,0.17428,0.105909,0.120394,0.213742,0.077191,,692200,,
0,5,,0.116152,0.211228,0.123771,0.154814,0.075719,0.255258,0.063057,,701900,,
0,5,,0.186289,0.122195,0.17428,0.105909,0.120394,0.213742,0.077191,,688700,,
0,5,,0.119842,0.182911,0.129144,0.136607,0.08541,0.279528,0.066558,,748700,,
0,5,,0.116152,0.211228,0.123771,0.154814,0.075719,0.255258,0.063057,,725700,,
0,5,,0.119842,0.182911,0.129144,0.136607,0.08541,0.279528,0.066558,,685100,,
0,2,,0.164234,0.055563,0.25058,0.088132,0.182862,0.083676,0.174953,,691200,,
0,5,,0.119842,0.182911,0.129144,0.136607,0.08541,0.279528,0.066558,,692000,,
0,5,,0.12097,0.204085,0.128629,0.138727,0.082566,0.260876,0.064147,,699200,,
0,5,,0.12097,0.204085,0.128629,0.138727,0.082566,0.260876,0.064147,,687400,,
0,5,,0.186289,0.122195,0.17428,0.105909,0.120394,0.213742,0.077191,,692800,,
0,5,,0.158756,0.152588,0.137146,0.131609,0.096064,0.264003,0.059834,,682700,,
0,5,,0.12097,0.204085,0.128629,0.138727,0.082566,0.260876,0.064147,,686600,,
0,5,,0.186289,0.122195,0.17428,0.105909,0.120394,0.213742,0.077191,,691400,,
0,5,,0.158756,0.152588,0.137146,0.131609,0.096064,0.264003,0.059834,,861900,,
0,5,,0.139842,0.162911,0.129144,0.136607,0.08541,0.279528,0.066558,,697000,,
0,5,,0.186289,0.122195,0.17428,0.105909,0.120394,0.213742,0.077191,,691000,,
0,5,,0.12097,0.204085,0.128629,0.138727,0.082566,0.260876,0.064147,,704500,,
0,5,,0.14097,0.184085,0.128629,0.138727,0.082566,0.260876,0.064147,,700400,,
0,5,,0.12097,0.204085,0.128629,0.138727,0.082566,0.260876,0.064147,,695000,,
0,5,,0.139842,0.162911,0.129144,0.136607,0.08541,0.279528,0.066558,,688900,,
0,5,,0.186289,0.122195,0.17428,0.105909,0.120394,0.213742,0.077191,,695300,,
0,5,,0.12097,0.204085,0.128629,0.138727,0.082566,0.260876,0.064147,,685200,,
0,2,,0.193921,0.073122,0.208719,0.104016,0.18136,0.090895,0.147967,,699900,,
1,5,,0.050899,0.293932,0.077004,0.166331,0.045828,0.309571,0.056434,,838700,,
1,5,,0.050899,0.293932,0.077004,0.166331,0.045828,0.309571,0.056434,,714500,,
1,5,,0.059506,0.283475,0.080132,0.160708,0.050173,0.309571,0.056434,,691300,,
1,5,,0.068254,0.233516,0.102973,0.160678,0.057927,0.316817,0.059836,,691100,,
1,5,,0.059506,0.283475,0.080132,0.160708,0.050173,0.309571,0.056434,,694900,,
1,5,,0.050899,0.293932,0.077004,0.166331,0.045828,0.309571,0.056434,,685500,,
1,5,,0.059506,0.283475,0.100132,0.160708,0.050173,0.289571,0.056434,,709900,,
1,5,,0.050899,0.293932,0.077004,0.166331,0.045828,0.309571,0.056434,,683400,,
1,5,,0.050899,0.293932,0.077004,0.166331,0.045828,0.309571,0.056434,,685900,,
1,5,,0.059506,0.264124,0.080651,0.164768,0.052463,0.319895,0.058594,,692200,,
1,1,,0.095192,0.392717,0.085353,0.150737,0.074199,0.151557,0.050245,,685300,,
1,1,,0.050899,0.293932,0.097004,0.166331,0.045828,0.289571,0.056434,,751200,,
1,5,,0.059506,0.264124,0.080651,0.164768,0.052463,0.319895,0.058594,,678300,,
1,5,,0.100698,0.244463,0.10905,0.150326,0.068057,0.272141,0.055265,,829600,,
1,1,,0.105242,0.381958,0.094487,0.15244,0.083405,0.140819,0.041649,,701200,,
1,5,,0.059506,0.264124,0.100651,0.164768,0.052463,0.299895,0.058594,,687800,,
1,1,,0.092738,0.402866,0.085515,0.151667,0.074529,0.141923,0.050761,,685000,,
1,5,,0.050899,0.293932,0.077004,0.166331,0.045828,0.309571,0.056434,,686300,,
1,5,,0.050899,0.293932,0.077004,0.166331,0.045828,0.309571,0.056434,,685500,,
1,1,,0.095192,0.412717,0.085353,0.150737,0.074199,0.131557,0.050245,,676300,,
1,5,,0.100698,0.225112,0.109569,0.154386,0.070346,0.282465,0.057425,,680600,,
1,5,,0.050899,0.293932,0.077004,0.166331,0.045828,0.309571,0.056434,,679700,,
1,5,,0.059506,0.264124,0.080651,0.164768,0.052463,0.319895,0.058594,,677300,,
1,5,,0.100698,0.225112,0.109569,0.154386,0.070346,0.282465,0.057425,,771600,,
1,5,,0.050899,0.293932,0.077004,0.166331,0.045828,0.309571,0.056434,,682600,,
1,1,,0.087692,0.402512,0.07099,0.146354,0.067261,0.144447,0.080744,,685400,,
1,5,,0.059506,0.283475,0.100132,0.160708,0.050173,0.289571,0.056434,,679200,,
1,5,,0.050899,0.293932,0.077004,0.166331,0.045828,0.309571,0.056434,,680500,,
1,5,,0.059506,0.283475,0.100132,0.160708,0.050173,0.289571,0.056434,,680900,,
1,5,,0.050899,0.293932,0.077004,0.166331,0.045828,0.309571,0.056434,,677600,,
1,5,,0.059506,0.264124,0.100651,0.164768,0.052463,0.299895,0.058594,,676700,,
1,5,,0.069382,0.274041,0.10194,0.158738,0.052794,0.287841,0.055265,,679400,,
1,5,,0.050899,0.293932,0.077004,0.166331,0.045828,0.309571,0.056434,,680800,,
1,5,,0.059506,0.283475,0.100132,0.160708,0.050173,0.289571,0.056434,,683500,,
1,5,,0.100698,0.225112,0.109569,0.154386,0.070346,0.282465,0.057425,,819300,,
1,5,,0.059506,0.283475,0.100132,0.160708,0.050173,0.289571,0.056434,,695400,,
1,5,,0.050899,0.293932,0.077004,0.166331,0.045828,0.309571,0.056434,,806100,,
1,5,,0.050899,0.293932,0.077004,0.166331,0.045828,0.309571,0.056434,,695800,,
1,5,,0.100698,0.225112,0.109569,0.154386,0.070346,0.282465,0.057425,,691800,,
1,5,,0.050899,0.293932,0.077004,0.166331,0.045828,0.309571,0.056434,,679300,,
1,5,,0.059506,0.283475,0.100132,0.160708,0.050173,0.289571,0.056434,,686700,,
1,1,,0.051895,0.300012,0.082545,0.166096,0.049207,0.294828,0.055418,,693000,,
1,5,,0.059506,0.283475,0.080132,0.160708,0.050173,0.309571,0.056434,,685400,,
1,5,,0.059506,0.283475,0.100132,0.160708,0.050173,0.289571,0.056434,,701300,,
1,5,,0.050899,0.293932,0.077004,0.166331,0.045828,0.309571,0.056434,,696200,,
1,5,,0.059506,0.283475,0.100132,0.160708,0.050173,0.289571,0.056434,,771500,,
1,5,,0.059506,0.283475,0.080132,0.160708,0.050173,0.309571,0.056434,,684000,,
1,1,,0.092738,0.402866,0.085515,0.151667,0.074529,0.141923,0.050761,,693500,,
1,5,,0.050899,0.293932,0.077004,0.166331,0.045828,0.309571,0.056434,,702900,,
1,5,,0.059506,0.264124,0.080651,0.164768,0.052463,0.319895,0.058594,,688800,,
1,5,,0.059506,0.283475,0.100132,0.160708,0.050173,0.289571,0.056434,,695600,,
1,5,,0.059506,0.283475,0.100132,0.160708,0.050173,0.289571,0.056434,,696000,,
1,5,,0.059506,0.264124,0.080651,0.164768,0.052463,0.319895,0.058594,,691300,,
1,5,,0.059506,0.283475,0.080132,0.160708,0.050173,0.309571,0.056434,,691600,,
1,5,,0.050899,0.293932,0.077004,0.166331,0.045828,0.309571,0.056434,,696800,,
1,5,,0.116152,0.208748,0.123854,0.142438,0.078009,0.265582,0.065217,,688700,,
1,5,,0.059506,0.283475,0.100132,0.160708,0.050173,0.289571,0.056434,,971500,,
1,5,,0.059506,0.264124,0.080651,0.164768,0.052463,0.319895,0.058594,,693700,,
1,5,,0.116152,0.208748,0.123854,0.142438,0.078009,0.265582,0.065217,,1017000,,
1,5,,0.050899,0.293932,0.077004,0.166331,0.045828,0.309571,0.056434,,1129300,,
1,5,,0.048943,0.24295,0.077079,0.164389,0.050044,0.348868,0.067728,,1174500,,
1,5,,0.069382,0.25469,0.102458,0.162798,0.055083,0.298164,0.057425,,1127900,,
1,5,,0.100698,0.225112,0.109569,0.154386,0.070346,0.282465,0.057425,,1063700,,
1,5,,0.059506,0.264124,0.080651,0.164768,0.052463,0.319895,0.058594,,685500,,
1,5,,0.050899,0.293932,0.077004,0.166331,0.045828,0.309571,0.056434,,708500,,
1,5,,0.050899,0.293932,0.077004,0.166331,0.045828,0.309571,0.056434,,775900,,
2,5,,0.120269,0.173857,0.138488,0.128462,0.092287,0.270388,0.076249,,682800,,
2,2,,0.195437,0.073757,0.229605,0.098539,0.145956,0.189902,0.066804,,686400,,
2,2,,0.195437,0.073757,0.209605,0.098539,0.165956,0.189902,0.066804,,677000,,
2,2,,0.207675,0.067543,0.240492,0.106039,0.217853,0.092172,0.068226,,676000,,
2,5,,0.164136,0.113906,0.197881,0.09973,0.154188,0.200319,0.06984,,678100,,
2,2,,0.204872,0.073757,0.213692,0.096799,0.171219,0.179581,0.06008,,678500,,
2,2,,0.204872,0.073757,0.213692,0.096799,0.171219,0.179581,0.06008,,677800,,
2,5,,0.147154,0.167308,0.159832,0.11929,0.106464,0.238636,0.061315,,678700,,
2,5,,0.123946,0.169509,0.138319,0.131477,0.098859,0.266594,0.071296,,684500,,
2,5,,0.151823,0.13254,0.1658,0.116514,0.131436,0.234344,0.067543,,737000,,
2,2,,0.163123,0.143329,0.200289,0.107151,0.118897,0.19498,0.072232,,678000,,
2,2,,0.176565,0.094931,0.209089,0.100659,0.183113,0.17125,0.064393,,680800,,
2,5,,0.116319,0.184369,0.128437,0.138319,0.08047,0.28116,0.070925,,773100,,
2,5,,0.100865,0.200733,0.114151,0.150267,0.072808,0.298044,0.063133,,678200,,
2,5,,0.159106,0.153675,0.17191,0.110659,0.132461,0.200174,0.072016,,681300,,
2,2,,0.174253,0.103643,0.230787,0.098235,0.132306,0.182732,0.078046,,687100,,
2,2,,0.204872,0.073757,0.213692,0.096799,0.171219,0.179581,0.06008,,687400,,
2,2,,0.204872,0.073757,0.213692,0.096799,0.171219,0.179581,0.06008,,700500,,
2,2,,0.204872,0.073757,0.233692,0.096799,0.151219,0.179581,0.06008,,709800,,
2,2,,0.145194,0.055826,0.269941,0.080313,0.182899,0.07346,0.192366,,688900,,
2,2,,0.165264,0.13508,0.197365,0.10185,0.151345,0.181667,0.06743,,840600,,
2,5,,0.163123,0.143329,0.180289,0.107151,0.138897,0.19498,0.072232,,700300,,
2,2,,0.165264,0.12495,0.197322,0.105703,0.152384,0.186775,0.067603,,692500,,
2,5,,0.164136,0.113906,0.197881,0.09973,0.154188,0.200319,0.06984,,688700,,
2,0,,0.204872,0.073757,0.193692,0.096799,0.191219,0.179581,0.06008,,684100,,
2,5,,0.164136,0.113906,0.197881,0.09973,0.154188,0.200319,0.06984,,684600,,
2,5,,0.100865,0.200733,0.114151,0.150267,0.072808,0.298044,0.063133,,691000,,
2,5,,0.162262,0.132501,0.167696,0.113817,0.134234,0.224108,0.065383,,678900,,
2,5,,0.164136,0.113906,0.197881,0.09973,0.154188,0.200319,0.06984,,680700,,
2,2,,0.204872,0.073757,0.213692,0.096799,0.171219,0.179581,0.06008,,714700,,
2,2,,0.164136,0.083776,0.217837,0.103583,0.155227,0.205428,0.070014,,746300,,
2,5,,0.124718,0.179089,0.151124,0.126,0.090869,0.255794,0.072406,,681700,,
2,5,,0.115024,0.167574,0.12437,0.140318,0.080852,0.304234,0.067628,,682600,,
2,5,,0.147154,0.167308,0.159832,0.11929,0.106464,0.238636,0.061315,,679600,,
2,5,,0.160118,0.124252,0.189501,0.103238,0.147752,0.205514,0.069625,,730900,,
2,5,,0.152951,0.153714,0.165285,0.118634,0.128592,0.215692,0.065132,,900800,,
2,5,,0.157978,0.132501,0.172425,0.108539,0.135304,0.218827,0.074427,,685800,,
2,5,,0.164136,0.113906,0.197881,0.09973,0.154188,0.200319,0.06984,,678700,,
2,2,,0.204872,0.073757,0.213692,0.096799,0.171219,0.179581,0.06008,,681000,,
2,2,,0.204872,0.073757,0.213692,0.096799,0.171219,0.179581,0.06008,,683400,,
2,2,,0.204872,0.073757,0.213692,0.096799,0.171219,0.179581,0.06008,,678200,,
2,2,,0.154355,0.05613,0.276304,0.080433,0.184954,0.071452,0.176373,,682700,,
2,2,,0.204872,0.073757,0.213692,0.096799,0.171219,0.179581,0.06008,,804400,,
2,5,,0.166279,0.122155,0.176075,0.110309,0.14067,0.218913,0.065599,,681800,,
2,5,,0.108265,0.130468,0.185343,0.130585,0.106997,0.256009,0.082332,,677500,,
2,5,,0.147154,0.167308,0.159832,0.11929,0.106464,0.238636,0.061315,,695000,,
2,2,,0.204872,0.073757,0.213692,0.096799,0.171219,0.179581,0.06008,,727400,,
2,5,,0.162262,0.132501,0.167696,0.113817,0.134234,0.224108,0.065383,,681300,,
2,2,,0.204872,0.073757,0.213692,0.096799,0.171219,0.179581,0.06008,,686000,,
2,5,,0.164136,0.113906,0.197881,0.09973,0.154188,0.200319,0.06984,,741500,,
2,5,,0.161995,0.122155,0.180805,0.105031,0.14174,0.213632,0.074643,,700100,,
2,2,,0.204872,0.073757,0.213692,0.096799,0.171219,0.179581,0.06008,,682400,,
2,5,,0.147321,0.16293,0.164415,0.115172,0.108925,0.234214,0.067023,,683500,,
2,5,,0.147154,0.167308,0.159832,0.11929,0.106464,0.238636,0.061315,,882800,,
2,5,,0.162262,0.132501,0.167696,0.113817,0.134234,0.224108,0.065383,,784100,,
2,2,,0.204872,0.073757,0.213692,0.096799,0.171219,0.179581,0.06008,,782600,,
2,5,,0.184136,0.113906,0.197881,0.09973,0.134188,0.200319,0.06984,,806800,,
2,2,,0.154355,0.05613,0.263804,0.080433,0.197454,0.071452,0.176373,,780700,,
2,5,,0.162262,0.132501,0.187696,0.113817,0.114234,0.224108,0.065383,,783400,,
2,5,,0.116319,0.184369,0.128437,0.138319,0.08047,0.28116,0.070925,,792200,,
2,5,,0.163123,0.143329,0.180289,0.107151,0.138897,0.19498,0.072232,,770900,,
2,5,,0.157978,0.132501,0.172425,0.108539,0.135304,0.218827,0.074427,,773300,,
2,5,,0.16339,0.153675,0.16718,0.115937,0.131391,0.205456,0.062972,,778000,,
2,2,,0.165264,0.12495,0.197322,0.105703,0.152384,0.186775,0.067603,,832300,,
2,1,,0.116028,0.241762,0.12983,0.204059,0.09217,0.161704,0.054448,,782400,,
2,5,,0.123163,0.166969,0.142294,0.132025,0.086836,0.283587,0.065126,,780900,,
3,5,,0.059506,0.264124,0.100651,0.164768,0.052463,0.299895,0.058594,,782100,,
3,5,,0.059506,0.264124,0.100651,0.164768,0.052463,0.299895,0.058594,,780300,,
3,5,,0.100698,0.227592,0.109486,0.166762,0.068057,0.272141,0.055265,,780100,,
3,5,,0.069382,0.274041,0.10194,0.158738,0.052794,0.287841,0.055265,,777900,,
3,5,,0.09957,0.203938,0.110084,0.152266,0.07319,0.301118,0.059836,,789000,,
3,5,,0.09957,0.203938,0.110084,0.152266,0.07319,0.301118,0.059836,,779100,,
3,5,,0.100698,0.225112,0.109569,0.154386,0.070346,0.282465,0.057425,,832200,,
3,1,,0.140867,0.268939,0.09702,0.165721,0.101422,0.165003,0.061028,,777000,,
3,5,,0.059506,0.264124,0.100651,0.164768,0.052463,0.299895,0.058594,,775600,,
3,5,,0.069382,0.274041,0.10194,0.158738,0.052794,0.287841,0.055265,,782600,,
3,5,,0.100698,0.225112,0.109569,0.154386,0.070346,0.282465,0.057425,,847800,,
3,5,,0.100698,0.225112,0.109569,0.154386,0.070346,0.282465,0.057425,,778800,,
3,5,,0.09957,0.203938,0.110084,0.152266,0.07319,0.301118,0.059836,,781100,,
3,5,,0.139182,0.143535,0.14649,0.123465,0.102941,0.274862,0.069525,,775900,,
3,5,,0.100698,0.244463,0.10905,0.150326,0.068057,0.272141,0.055265,,778500,,
3,5,,0.09957,0.203938,0.110084,0.152266,0.07319,0.301118,0.059836,,781900,,
3,5,,0.058378,0.22295,0.101166,0.162648,0.055306,0.338547,0.061004,,793500,,
3,5,,0.058378,0.24295,0.101166,0.162648,0.055306,0.318547,0.061004,,930200,,
3,5,,0.115024,0.187574,0.12437,0.140318,0.080852,0.284234,0.067628,,768600,,
3,5,,0.09957,0.203938,0.110084,0.152266,0.07319,0.301118,0.059836,,765500,,
3,5,,0.115024,0.187574,0.12437,0.140318,0.080852,0.284234,0.067628,,785100,,
3,1,,0.140549,0.29961,0.10046,0.152153,0.096344,0.148783,0.062101,,777600,,
3,2,,0.151301,0.108794,0.198995,0.149426,0.167846,0.147476,0.076162,,786200,,
3,5,,0.059506,0.283475,0.100132,0.160708,0.050173,0.289571,0.056434,,787000,,
3,5,,0.078693,0.223671,0.105344,0.157938,0.063014,0.311505,0.059836,,783100,,
3,5,,0.09957,0.183938,0.110084,0.152266,0.07319,0.321118,0.059836,,771700,,
3,5,,0.100698,0.225112,0.109569,0.154386,0.070346,0.282465,0.057425,,792100,,
3,1,,0.125664,0.362111,0.096118,0.145663,0.08505,0.131461,0.053932,,678100,,
3,5,,0.058378,0.22295,0.101166,0.162648,0.055306,0.338547,0.061004,,682200,,
3,5,,0.100698,0.225112,0.109569,0.154386,0.070346,0.282465,0.057425,,735300,,
3,1,,0.10321,0.35226,0.096281,0.166594,0.08538,0.141827,0.054448,,688500,,
3,5,,0.101526,0.25492,0.110009,0.154209,0.068974,0.26182,0.048541,,691600,,
3,5,,0.058378,0.24295,0.101166,0.162648,0.055306,0.318547,0.061004,,685300,,
3,5,,0.120102,0.178236,0.133906,0.132581,0.089825,0.27481,0.070541,,682600,,
3,5,,0.059506,0.264124,0.080651,0.164768,0.052463,0.319895,0.058594,,682400,,
3,5,,0.09957,0.183938,0.110084,0.152266,0.07319,0.321118,0.059836,,684000,,
3,5,,0.069382,0.23469,0.102458,0.162798,0.055083,0.318164,0.057425,,683900,,
3,5,,0.09957,0.203938,0.110084,0.152266,0.07319,0.301118,0.059836,,744200,,
3,5,,0.058378,0.22295,0.101166,0.162648,0.055306,0.338547,0.061004,,693500,,
3,5,,0.09957,0.203938,0.110084,0.152266,0.07319,0.301118,0.059836,,683600,,
3,5,,0.068254,0.233516,0.102973,0.160678,0.057927,0.316817,0.059836,,684500,,
3,5,,0.058378,0.24295,0.101166,0.162648,0.055306,0.318547,0.061004,,684200,,
3,1,,0.140549,0.29961,0.10046,0.152153,0.096344,0.148783,0.062101,,683100,,
3,5,,0.09957,0.203938,0.110084,0.152266,0.07319,0.301118,0.059836,,684800,,
3,5,,0.09957,0.203938,0.110084,0.152266,0.07319,0.301118,0.059836,,684400,,
3,5,,0.059506,0.264124,0.080651,0.164768,0.052463,0.319895,0.058594,,700700,,
3,5,,0.100698,0.244463,0.10905,0.150326,0.068057,0.272141,0.055265,,686600,,
3,5,,0.058378,0.22295,0.081166,0.162648,0.055306,0.358547,0.061004,,685500,,
3,5,,0.059673,0.239745,0.085233,0.160649,0.054924,0.335473,0.064302,,805300,,
3,1,,0.140549,0.26011,0.10146,0.15432,0.096344,0.185117,0.062101,,691300,,
3,5,,0.069382,0.25717,0.102375,0.175174,0.052794,0.287841,0.055265,,686900,,
3,5,,0.09957,0.203938,0.110084,0.152266,0.07319,0.301118,0.059836,,713300,,
3,5,,0.143684,0.153145,0.147876,0.124807,0.105452,0.254992,0.070044,,717600,,
3,5,,0.058378,0.24295,0.101166,0.162648,0.055306,0.318547,0.061004,,680400,,
3,5,,0.115024,0.187574,0.12437,0.140318,0.080852,0.284234,0.067628,,705100,,
3,5,,0.068254,0.213516,0.102973,0.160678,0.057927,0.336817,0.059836,,695100,,
3,5,,0.09957,0.203938,0.110084,0.152266,0.07319,0.301118,0.059836,,684500,,
3,5,,0.069382,0.25469,0.102458,0.162798,0.055083,0.298164,0.057425,,680000,,
3,5,,0.100698,0.205112,0.109569,0.154386,0.070346,0.302465,0.057425,,683400,,
3,5,,0.09957,0.203938,0.110084,0.152266,0.07319,0.301118,0.059836,,685400,,
3,5,,0.079506,0.244124,0.080651,0.164768,0.052463,0.319895,0.058594,,769700,,
3,5,,0.09957,0.203938,0.110084,0.152266,0.07319,0.301118,0.059836,,684400,,
3,5,,0.089131,0.213804,0.107714,0.155188,0.068102,0.306225,0.059836,,680700,,
3,5,,0.058378,0.24295,0.081166,0.162648,0.055306,0.338547,0.061004,,675700,,
3,6,,0.131324,0.131099,0.115767,0.149184,0.135438,0.161578,0.17561,,679800,,
3,5,,0.09957,0.203938,0.110084,0.152266,0.07319,0.301118,0.059836,,689300,,
4,5,,0.144812,0.176799,0.147277,0.139303,0.100319,0.226016,0.065474,,677200,,
4,5,,0.152784,0.178093,0.160702,0.122752,0.106131,0.220114,0.059424,,682000,,
4,5,,0.115024,0.187574,0.12437,0.140318,0.080852,0.284234,0.067628,,678200,,
4,5,,0.139401,0.133145,0.172605,0.119529,0.106522,0.249711,0.079088,,678100,,
4,5,,0.115024,0.187574,0.12437,0.140318,0.080852,0.284234,0.067628,,679400,,
4,5,,0.164136,0.113906,0.197881,0.09973,0.154188,0.200319,0.06984,,680800,,
4,5,,0.119842,0.182911,0.129144,0.136607,0.08541,0.279528,0.066558,,742600,,
4,5,,0.140143,0.189087,0.141392,0.129703,0.097636,0.240632,0.061406,,681100,,
4,5,,0.09957,0.203938,0.110084,0.152266,0.07319,0.301118,0.059836,,689500,,
4,5,,0.12123,0.19941,0.133391,0.134701,0.086982,0.256157,0.06813,,707700,,
4,5,,0.152784,0.160573,0.160619,0.135128,0.123841,0.20979,0.057264,,679600,,
4,5,,0.16968,0.124291,0.187606,0.105935,0.124954,0.21575,0.071784,,685400,,
4,5,,0.160118,0.124252,0.189501,0.103238,0.147752,0.205514,0.069625,,678500,,
4,5,,0.173697,0.103815,0.195942,0.10628,0.132429,0.215664,0.072173,,677800,,
4,5,,0.12097,0.204085,0.128629,0.138727,0.082566,0.260876,0.064147,,691400,,
4,5,,0.164136,0.103776,0.197837,0.103583,0.155227,0.205428,0.070014,,681400,,
4,5,,0.184998,0.073796,0.20771,0.101236,0.143158,0.220138,0.068964,,682900,,
4,5,,0.14031,0.184709,0.145975,0.125585,0.100097,0.23621,0.067114,,690700,,
4,5,,0.152951,0.153714,0.165285,0.118634,0.128592,0.215692,0.065132,,812600,,
4,5,,0.148712,0.131905,0.143509,0.132459,0.111299,0.267123,0.064992,,683600,,
4,5,,0.139015,0.167913,0.141908,0.127583,0.10048,0.259284,0.063817,,681000,,
4,2,,0.195437,0.093757,0.209605,0.098539,0.145956,0.189902,0.066804,,681700,,
4,5,,0.12227,0.07974,0.18108,0.130158,0.110249,0.23217,0.144334,,709800,,
4,5,,0.12123,0.19941,0.133391,0.134701,0.086982,0.256157,0.06813,,679100,,
4,0,,0.204872,0.073757,0.193692,0.096799,0.191219,0.179581,0.06008,,679700,,
4,2,,0.204872,0.093757,0.213692,0.096799,0.151219,0.179581,0.06008,,679600,,
4,5,,0.115024,0.187574,0.12437,0.140318,0.080852,0.284234,0.067628,,679400,,
4,5,,0.12227,0.07974,0.18108,0.130158,0.110249,0.23217,0.144334,,695300,,
4,5,,0.148667,0.153714,0.170014,0.113356,0.129662,0.210411,0.074176,,693100,,
4,5,,0.152951,0.153714,0.165285,0.118634,0.128592,0.215692,0.065132,,748100,,
4,5,,0.115024,0.187574,0.12437,0.140318,0.080852,0.284234,0.067628,,686700,,
4,5,,0.143684,0.153145,0.147876,0.124807,0.105452,0.254992,0.070044,,724300,,
4,5,,0.148282,0.188482,0.159317,0.12141,0.10362,0.219984,0.058905,,719300,,
4,2,,0.185902,0.066771,0.232104,0.092256,0.208106,0.071652,0.143209,,681100,,
4,5,,0.167539,0.13254,0.17053,0.111236,0.112506,0.229063,0.076587,,680600,,
4,2,,0.195437,0.093757,0.209605,0.098539,0.145956,0.189902,0.066804,,681500,,
4,5,,0.12097,0.204085,0.128629,0.138727,0.082566,0.260876,0.064147,,683500,,
4,5,,0.171701,0.14585,0.168952,0.125683,0.134192,0.190047,0.063576,,686400,,
4,2,,0.204872,0.073757,0.213692,0.096799,0.171219,0.179581,0.06008,,689500,,
4,5,,0.104895,0.180272,0.126477,0.136558,0.093424,0.290711,0.067662,,677800,,
4,2,,0.204872,0.073757,0.213692,0.096799,0.171219,0.179581,0.06008,,692300,,
4,5,,0.115024,0.187574,0.12437,0.140318,0.080852,0.284234,0.067628,,746500,,
4,5,,0.12227,0.07974,0.18108,0.130158,0.110249,0.23217,0.144334,,681500,,
4,5,,0.12227,0.07974,0.18108,0.130158,0.110249,0.23217,0.144334,,676900,,
4,6,,0.129039,0.11813,0.105239,0.113616,0.158642,0.110171,0.265164,,683800,,
4,5,,0.148282,0.188482,0.159317,0.12141,0.10362,0.219984,0.058905,,687000,,
4,5,,0.12123,0.19941,0.133391,0.134701,0.086982,0.256157,0.06813,,677900,,
4,5,,0.12823,0.149509,0.15359,0.136755,0.097789,0.271875,0.062252,,678100,,
4,5,,0.12227,0.07974,0.18108,0.130158,0.110249,0.23217,0.144334,,679200,,
4,5,,0.140143,0.189087,0.141392,0.129703,0.097636,0.240632,0.061406,,680200,,
4,0,,0.204872,0.073757,0.193692,0.096799,0.191219,0.179581,0.06008,,683000,,
4,5,,0.139015,0.167913,0.141908,0.127583,0.10048,0.259284,0.063817,,680100,,
4,5,,0.123398,0.103394,0.180482,0.144653,0.105116,0.203194,0.139763,,844800,,
4,5,,0.12227,0.07974,0.18108,0.130158,0.110249,0.23217,0.144334,,673600,,
4,5,,0.139015,0.167913,0.141908,0.127583,0.10048,0.259284,0.063817,,683600,,
4,5,,0.16968,0.124291,0.187606,0.105935,0.124954,0.21575,0.071784,,695900,,
4,0,,0.222807,0.074712,0.187048,0.097019,0.168471,0.180579,0.069365,,676800,,
4,5,,0.120009,0.178533,0.133727,0.132488,0.087871,0.275106,0.072266,,681000,,
4,5,,0.115024,0.187574,0.12437,0.140318,0.080852,0.284234,0.067628,,682400,,
4,2,,0.14016,0.108618,0.180968,0.175974,0.146258,0.157475,0.090547,,683000,,
4,5,,0.162262,0.132501,0.167696,0.113817,0.134234,0.224108,0.065383,,680300,,
4,5,,0.151656,0.156919,0.161218,0.120632,0.108974,0.238766,0.061835,,688400,,
4,5,,0.152951,0.176194,0.165202,0.13101,0.106303,0.205368,0.062972,,685600,,
4,0,,0.204872,0.093757,0.193692,0.096799,0.171219,0.179581,0.06008,,789000,,
4,2,,0.193571,0.103776,0.201924,0.101842,0.14049,0.195106,0.06329,,679700,,
4,5,,0.162262,0.132501,0.167696,0.113817,0.134234,0.224108,0.065383,,704600,,
5,5,,0.09957,0.203938,0.110084,0.152266,0.07319,0.301118,0.059836,,684500,,
5,5,,0.09957,0.183938,0.110084,0.152266,0.07319,0.321118,0.059836,,686500,,
5,5,,0.09957,0.203938,0.110084,0.152266,0.07319,0.301118,0.059836,,690800,,
5,5,,0.09957,0.203938,0.110084,0.152266,0.07319,0.301118,0.059836,,686500,,
5,5,,0.09957,0.203938,0.110084,0.152266,0.07319,0.301118,0.059836,,695000,,
5,5,,0.09957,0.203938,0.110084,0.152266,0.07319,0.301118,0.059836,,677800,,
5,5,,0.09957,0.203938,0.110084,0.152266,0.07319,0.301118,0.059836,,680300,,
5,5,,0.09957,0.183938,0.110084,0.152266,0.07319,0.321118,0.059836,,684000,,
5,5,,0.09957,0.203938,0.110084,0.152266,0.07319,0.301118,0.059836,,717100,,
5,5,,0.09957,0.203938,0.110084,0.152266,0.07319,0.301118,0.059836,,757400,,
5,5,,0.09957,0.183938,0.110084,0.152266,0.07319,0.321118,0.059836,,689500,,
5,5,,0.127834,0.194032,0.101184,0.150555,0.096334,0.267227,0.062833,,689100,,
5,5,,0.09957,0.203938,0.110084,0.152266,0.07319,0.301118,0.059836,,725800,,
5,5,,0.09957,0.203938,0.110084,0.152266,0.07319,0.301118,0.059836,,1265800,,
5,5,,0.09957,0.203938,0.110084,0.152266,0.07319,0.301118,0.059836,,757200,,
5,5,,0.09957,0.203938,0.110084,0.152266,0.07319,0.301118,0.059836,,678600,,
5,5,,0.09957,0.203938,0.110084,0.152266,0.07319,0.301118,0.059836,,681600,,
5,5,,0.09957,0.203938,0.110084,0.152266,0.07319,0.301118,0.059836,,675700,,
5,5,,0.09957,0.203938,0.110084,0.152266,0.07319,0.301118,0.059836,,681200,,
5,5,,0.09957,0.203938,0.110084,0.152266,0.07319,0.301118,0.059836,,685500,,
5,5,,0.09957,0.203938,0.110084,0.152266,0.07319,0.301118,0.059836,,743800,,
5,5,,0.09957,0.203938,0.110084,0.152266,0.07319,0.301118,0.059836,,699100,,
5,5,,0.09957,0.183938,0.110084,0.152266,0.07319,0.321118,0.059836,,681400,,
5,5,,0.147834,0.163902,0.101141,0.154408,0.097373,0.272336,0.063006,,689400,,
5,5,,0.089131,0.213804,0.107714,0.155188,0.068102,0.306225,0.059836,,714500,,
5,5,,0.09957,0.183938,0.110084,0.152266,0.07319,0.321118,0.059836,,685600,,
5,5,,0.09957,0.203938,0.110084,0.152266,0.07319,0.301118,0.059836,,688600,,
5,5,,0.09957,0.203938,0.110084,0.152266,0.07319,0.301118,0.059836,,689300,,
5,5,,0.09957,0.203938,0.110084,0.152266,0.07319,0.301118,0.059836,,676200,,
5,5,,0.09957,0.203938,0.110084,0.152266,0.07319,0.301118,0.059836,,715200,,
5,5,,0.068254,0.233516,0.102973,0.160678,0.057927,0.316817,0.059836,,684100,,
5,5,,0.09957,0.203938,0.110084,0.152266,0.07319,0.301118,0.059836,,681500,,
5,5,,0.09957,0.203938,0.110084,0.152266,0.07319,0.301118,0.059836,,880200,,
5,5,,0.09957,0.203938,0.110084,0.152266,0.07319,0.301118,0.059836,,811900,,
5,5,,0.09957,0.203938,0.110084,0.152266,0.07319,0.301118,0.059836,,808700,,
5,5,,0.09957,0.203938,0.110084,0.152266,0.07319,0.301118,0.059836,,779900,,
5,5,,0.09957,0.183938,0.110084,0.152266,0.07319,0.321118,0.059836,,776300,,
5,5,,0.09957,0.183938,0.110084,0.152266,0.07319,0.321118,0.059836,,775300,,
5,5,,0.078693,0.203671,0.105344,0.157938,0.063014,0.331505,0.059836,,779500,,
5,5,,0.09957,0.183938,0.110084,0.152266,0.07319,0.321118,0.059836,,779700,,
5,5,,0.09957,0.203938,0.110084,0.152266,0.07319,0.301118,0.059836,,790400,,
5,5,,0.09957,0.203938,0.110084,0.152266,0.07319,0.301118,0.059836,,784700,,
5,5,,0.09957,0.203938,0.110084,0.152266,0.07319,0.301118,0.059836,,854600,,
5,5,,0.147834,0.163902,0.101141,0.154408,0.097373,0.272336,0.063006,,778600,,
5,5,,0.068254,0.233516,0.102973,0.160678,0.057927,0.316817,0.059836,,776100,,
5,5,,0.09957,0.203938,0.110084,0.152266,0.07319,0.301118,0.059836,,770600,,
5,5,,0.078693,0.223671,0.105344,0.157938,0.063014,0.311505,0.059836,,771400,,
5,5,,0.147834,0.153772,0.101098,0.15878,0.098412,0.276924,0.063179,,779700,,
5,5,,0.068254,0.233516,0.102973,0.160678,0.057927,0.316817,0.059836,,807600,,
5,5,,0.09957,0.203938,0.110084,0.152266,0.07319,0.301118,0.059836,,779000,,
5,5,,0.078693,0.223671,0.105344,0.157938,0.063014,0.311505,0.059836,,790800,,
5,5,,0.068254,0.233516,0.102973,0.160678,0.057927,0.316817,0.059836,,777800,,
5,5,,0.09957,0.203938,0.110084,0.152266,0.07319,0.301118,0.059836,,797300,,
5,5,,0.09957,0.203938,0.110084,0.152266,0.07319,0.301118,0.059836,,907700,,
5,5,,0.09957,0.203938,0.110084,0.152266,0.07319,0.301118,0.059836,,724000,,
5,5,,0.09957,0.183938,0.110084,0.152266,0.07319,0.321118,0.059836,,681500,,
5,5,,0.127834,0.213532,0.100184,0.148389,0.096334,0.250894,0.062833,,687300,,
5,5,,0.089131,0.213804,0.107714,0.155188,0.068102,0.306225,0.059836,,685200,,
5,5,,0.09957,0.183938,0.110084,0.152266,0.07319,0.321118,0.059836,,682400,,
5,5,,0.147834,0.163902,0.101141,0.154408,0.097373,0.272336,0.063006,,683800,,
5,5,,0.09957,0.203938,0.110084,0.152266,0.07319,0.301118,0.059836,,684900,,
5,5,,0.09957,0.203938,0.110084,0.152266,0.07319,0.301118,0.059836,,683100,,
5,5,,0.127834,0.194032,0.101184,0.150555,0.096334,0.267227,0.062833,,678600,,
5,5,,0.09957,0.203938,0.110084,0.152266,0.07319,0.301118,0.059836,,686900,,
5,5,,0.09957,0.183938,0.110084,0.152266,0.07319,0.321118,0.059836,,683100,,
5,5,,0.09957,0.183938,0.110084,0.152266,0.07319,0.321118,0.059836,,746400,,
6,5,,0.04805,0.141405,0.198075,0.104513,0.075139,0.236705,0.196113,,684500,,
6,5,,0.052868,0.136742,0.202849,0.100803,0.079697,0.231999,0.195043,,691100,,
6,5,,0.05265,0.147132,0.196734,0.104739,0.076116,0.23715,0.185479,,944400,,
6,5,,0.037195,0.163496,0.182449,0.116687,0.068454,0.254033,0.177687,,685800,,
6,5,,0.047832,0.151795,0.19196,0.108449,0.071558,0.241856,0.186549,,688200,,
6,5,,0.037195,0.163496,0.182449,0.116687,0.068454,0.254033,0.177687,,683200,,
6,5,,0.047832,0.151795,0.19196,0.108449,0.071558,0.241856,0.186549,,685000,,
6,2,,0.066861,0.125815,0.227021,0.085938,0.093342,0.195825,0.205199,,687900,,
6,5,,0.052868,0.136742,0.202849,0.100803,0.079697,0.231999,0.195043,,693100,,
6,6,,0.120553,0.050555,0.244862,0.071293,0.187277,0.066441,0.259018,,691700,,
6,5,,0.052868,0.136742,0.202849,0.100803,0.079697,0.231999,0.195043,,894300,,
6,5,,0.032118,0.172834,0.172912,0.124423,0.05948,0.263458,0.174774,,1009900,,
6,6,,0.09419,0.077523,0.170498,0.100057,0.165517,0.116804,0.275411,,697600,,
6,5,,0.047832,0.151795,0.19196,0.108449,0.071558,0.241856,0.186549,,690600,,
6,5,,0.052868,0.136742,0.202849,0.100803,0.079697,0.231999,0.195043,,687400,,
6,5,,0.04805,0.141405,0.198075,0.104513,0.075139,0.236705,0.196113,,703200,,
6,5,,0.047572,0.15647,0.187198,0.112475,0.067142,0.246575,0.182567,,680500,,
6,5,,0.047832,0.151795,0.19196,0.108449,0.071558,0.241856,0.186549,,680700,,
6,5,,0.052868,0.136742,0.202849,0.100803,0.079697,0.231999,0.195043,,679100,,
6,5,,0.032118,0.172834,0.172912,0.124423,0.05948,0.263458,0.174774,,687600,,
6,5,,0.035536,0.20356,0.131907,0.133048,0.058101,0.291814,0.146036,,684400,,
6,5,,0.047832,0.151795,0.19196,0.108449,0.071558,0.241856,0.186549,,681500,,
6,6,,0.089269,0.077523,0.181103,0.10466,0.133868,0.121939,0.291638,,755000,,
6,5,,0.032118,0.172834,0.172912,0.124423,0.05948,0.263458,0.174774,,715900,,
6,2,,0.07992,0.105815,0.228775,0.087512,0.116335,0.195825,0.185817,,681800,,
6,5,,0.047832,0.151795,0.19196,0.108449,0.071558,0.241856,0.186549,,691000,,
6,5,,0.032378,0.168159,0.177674,0.120397,0.063896,0.25874,0.178757,,684600,,
6,6,,0.111859,0.051462,0.217414,0.083778,0.1826,0.097413,0.255474,,683400,,
6,5,,0.047572,0.15647,0.187198,0.112475,0.067142,0.246575,0.182567,,690900,,
6,5,,0.05265,0.147132,0.196734,0.104739,0.076116,0.23715,0.185479,,687700,,
6,5,,0.047832,0.151795,0.19196,0.108449,0.071558,0.241856,0.186549,,680500,,
6,5,,0.052868,0.136742,0.202849,0.100803,0.079697,0.231999,0.195043,,698900,,
6,5,,0.047832,0.151795,0.19196,0.108449,0.071558,0.241856,0.186549,,685200,,
6,5,,0.032118,0.172834,0.172912,0.124423,0.05948,0.263458,0.174774,,716000,,
6,5,,0.052868,0.136742,0.202849,0.100803,0.079697,0.231999,0.195043,,775000,,
6,6,,0.095101,0.077523,0.181717,0.105042,0.136588,0.121808,0.282222,,686100,,
6,2,,0.07992,0.125815,0.228775,0.087512,0.096335,0.195825,0.185817,,682900,,
6,6,,0.095101,0.077523,0.181717,0.105042,0.136588,0.121808,0.282222,,681300,,
6,5,,0.047572,0.15647,0.187198,0.112475,0.067142,0.246575,0.182567,,689800,,
6,5,,0.047572,0.15647,0.187198,0.112475,0.067142,0.246575,0.182567,,686400,,
6,5,,0.032118,0.172834,0.172912,0.124423,0.05948,0.263458,0.174774,,681300,,
6,5,,0.047832,0.151795,0.19196,0.108449,0.071558,0.241856,0.186549,,677300,,
6,5,,0.052868,0.136742,0.202849,0.100803,0.079697,0.231999,0.195043,,681200,,
6,5,,0.071782,0.10642,0.210851,0.095805,0.110351,0.216473,0.188319,,685000,,
6,5,,0.047832,0.151795,0.19196,0.108449,0.071558,0.241856,0.186549,,674700,,
6,5,,0.047832,0.151795,0.19196,0.108449,0.071558,0.241856,0.186549,,704800,,
6,2,,0.07992,0.105815,0.228775,0.087512,0.116335,0.195825,0.185817,,886200,,
6,5,,0.032378,0.168159,0.177674,0.120397,0.063896,0.25874,0.178757,,686300,,
6,5,,0.047832,0.151795,0.19196,0.108449,0.071558,0.241856,0.186549,,704400,,
6,5,,0.05265,0.147132,0.196734,0.104739,0.076116,0.23715,0.185479,,691500,,
6,5,,0.047832,0.151795,0.19196,0.108449,0.071558,0.241856,0.186549,,691400,,
6,5,,0.047832,0.151795,0.19196,0.108449,0.071558,0.241856,0.186549,,735300,,
6,6,,0.111859,0.051462,0.216303,0.083778,0.183711,0.097413,0.255474,,689700,,
6,5,,0.047832,0.151795,0.19196,0.108449,0.071558,0.241856,0.186549,,688300,,
6,5,,0.030451,0.203202,0.149584,0.137319,0.049865,0.279421,0.150159,,684200,,
6,5,,0.052868,0.136742,0.202849,0.100803,0.079697,0.231999,0.195043,,691300,,
6,5,,0.047832,0.151795,0.19196,0.108449,0.071558,0.241856,0.186549,,732500,,
6,5,,0.032118,0.172834,0.172912,0.124423,0.05948,0.263458,0.174774,,767300,,
6,5,,0.071782,0.12642,0.210851,0.095805,0.090351,0.216473,0.188319,,684200,,
6,5,,0.052868,0.136742,0.202849,0.100803,0.079697,0.231999,0.195043,,691700,,
6,5,,0.05265,0.147132,0.196734,0.104739,0.076116,0.23715,0.185479,,708400,,
6,5,,0.047572,0.15647,0.187198,0.112475,0.067142,0.246575,0.182567,,684900,,
6,5,,0.052868,0.136742,0.202849,0.100803,0.079697,0.231999,0.195043,,696500,,
6,5,,0.047832,0.151795,0.19196,0.108449,0.071558,0.241856,0.186549,,690500,,
6,5,,0.047832,0.151795,0.19196,0.108449,0.071558,0.241856,0.186549,,679400,,
6,6,,0.119998,0.050857,0.217561,0.075485,0.206362,0.076765,0.252972,,695300,,