optical,CWE,test,3,NANOSECONDS,PREDICTIONS, Generated by ClassifierExperiments.java on 2022-05-16 21:48:07.    SYSTEMPROPERTIES:{user.name:matth,os.arch:amd64,os.name:Windows 10},ENDSYSTEMPROPERTIES
No parameter info
0.6997342781222321,3861085800,3535585500,-1,157706272,10,,-1,-1
0,4,,0.293169,0.013878,0.026958,0.001231,0.335275,0.017668,0.264153,0.016695,0.030565,0.000409,,3767700,,
0,4,,0.293169,0.013878,0.026958,0.001231,0.327775,0.025168,0.264153,0.016695,0.030565,0.000409,,3211100,,
0,0,,0.405212,0.015291,0.023822,0.004019,0.162619,0.017751,0.299604,0.023092,0.047083,0.001507,,3341300,,
0,0,,0.372769,0.015575,0.092376,0.002656,0.163045,0.018038,0.260313,0.023092,0.051176,0.000959,,2927000,,
0,0,,0.405212,0.015291,0.032393,0.051162,0.162619,0.022037,0.239604,0.023092,0.047083,0.001507,,3259900,,
0,0,,0.41227,0.025879,0.023822,0.004019,0.173208,0.02128,0.26431,0.026622,0.047083,0.001507,,3208500,,
0,0,,0.465212,0.015291,0.023822,0.004019,0.162619,0.017751,0.239604,0.023092,0.047083,0.001507,,3514300,,
0,6,,0.353723,0.013404,0.026958,0.001231,0.179196,0.017359,0.360615,0.01654,0.030565,0.000409,,3460500,,
0,0,,0.405212,0.015291,0.032393,0.051162,0.162619,0.022037,0.239604,0.023092,0.047083,0.001507,,3019200,,
0,0,,0.465212,0.015291,0.023822,0.004019,0.162619,0.017751,0.239604,0.023092,0.047083,0.001507,,3846000,,
0,0,,0.296947,0.022166,0.100931,0.048519,0.18666,0.023251,0.265691,0.020044,0.035382,0.000409,,3645600,,
0,0,,0.343246,0.041227,0.023822,0.00249,0.237302,0.017613,0.245273,0.039815,0.048396,0.000817,,3625200,,
0,0,,0.309071,0.034489,0.030238,0.002225,0.212619,0.019388,0.24515,0.02514,0.120454,0.001227,,3784200,,
0,0,,0.405212,0.015291,0.023822,0.004019,0.222619,0.017751,0.239604,0.023092,0.047083,0.001507,,3359300,,
0,0,,0.356947,0.022166,0.032359,0.001377,0.24666,0.018965,0.265691,0.020044,0.035382,0.000409,,3643600,,
0,0,,0.369661,0.015435,0.023822,0.002088,0.163914,0.017613,0.337302,0.023092,0.046256,0.000817,,3597400,,
0,0,,0.405212,0.015291,0.023822,0.004019,0.222619,0.017751,0.239604,0.023092,0.047083,0.001507,,3710900,,
0,0,,0.405212,0.015291,0.023822,0.004019,0.222619,0.017751,0.239604,0.023092,0.047083,0.001507,,3728600,,
0,0,,0.455212,0.015291,0.023822,0.004019,0.162619,0.027751,0.239604,0.023092,0.047083,0.001507,,3536700,,
0,0,,0.465212,0.015291,0.023822,0.004019,0.162619,0.017751,0.239604,0.023092,0.047083,0.001507,,3506900,,
0,0,,0.405212,0.015291,0.023822,0.004019,0.222619,0.017751,0.239604,0.023092,0.047083,0.001507,,3977500,,
0,0,,0.369071,0.029489,0.044356,0.002225,0.166149,0.044094,0.250738,0.02514,0.067512,0.001227,,3749900,,
0,0,,0.405212,0.015291,0.032393,0.051162,0.162619,0.022037,0.239604,0.023092,0.047083,0.001507,,3564200,,
0,0,,0.405212,0.015291,0.032393,0.051162,0.162619,0.022037,0.239604,0.023092,0.047083,0.001507,,3191700,,
0,0,,0.455212,0.015291,0.023822,0.004019,0.162619,0.027751,0.239604,0.023092,0.047083,0.001507,,3193300,,
0,0,,0.405212,0.015291,0.032393,0.051162,0.162619,0.022037,0.239604,0.023092,0.047083,0.001507,,3330900,,
0,0,,0.465212,0.015291,0.023822,0.004019,0.162619,0.017751,0.239604,0.023092,0.047083,0.001507,,3349000,,
0,0,,0.405212,0.015291,0.023822,0.004019,0.222619,0.017751,0.239604,0.023092,0.047083,0.001507,,3175000,,
0,0,,0.372885,0.024196,0.029223,0.002234,0.231378,0.019219,0.242378,0.026596,0.051073,0.000817,,2986300,,
0,0,,0.405212,0.015291,0.023822,0.004019,0.222619,0.017751,0.239604,0.023092,0.047083,0.001507,,3122200,,
0,0,,0.405212,0.015291,0.037939,0.004019,0.166149,0.042457,0.250192,0.023092,0.054142,0.001507,,3291000,,
0,0,,0.455212,0.015291,0.023822,0.004019,0.162619,0.027751,0.239604,0.023092,0.047083,0.001507,,3221200,,
0,0,,0.405212,0.015291,0.023822,0.004019,0.222619,0.017751,0.239604,0.023092,0.047083,0.001507,,3249200,,
0,0,,0.405212,0.015291,0.033822,0.009734,0.162619,0.017751,0.239604,0.038807,0.047083,0.030078,,2989200,,
0,0,,0.372885,0.024196,0.029223,0.053663,0.171378,0.019219,0.242378,0.026596,0.051073,0.009389,,3140600,,
0,0,,0.345212,0.015291,0.023822,0.012591,0.162619,0.034894,0.239604,0.031664,0.047083,0.087221,,3300400,,
0,0,,0.405212,0.015291,0.023822,0.004019,0.222619,0.017751,0.239604,0.023092,0.047083,0.001507,,3290200,,
0,0,,0.405212,0.015291,0.023822,0.004019,0.222619,0.017751,0.239604,0.023092,0.047083,0.001507,,3138500,,
0,0,,0.395771,0.022166,0.032359,0.004906,0.190189,0.026024,0.265691,0.023573,0.038912,0.000409,,3047200,,
0,0,,0.465212,0.015291,0.023822,0.004019,0.162619,0.017751,0.239604,0.023092,0.047083,0.001507,,3117700,,
0,0,,0.296947,0.022166,0.032359,0.009948,0.18666,0.036108,0.265691,0.088615,0.035382,0.026123,,3101100,,
0,0,,0.405212,0.015291,0.032393,0.051162,0.162619,0.022037,0.239604,0.023092,0.047083,0.001507,,3069900,,
0,0,,0.405212,0.015291,0.023822,0.055448,0.162619,0.017751,0.239604,0.023092,0.047083,0.010078,,3462300,,
0,0,,0.405212,0.015291,0.023822,0.004019,0.162619,0.017751,0.299604,0.023092,0.047083,0.001507,,3124700,,
0,0,,0.405212,0.015291,0.023822,0.004019,0.215119,0.025251,0.239604,0.023092,0.047083,0.001507,,3300000,,
0,0,,0.368798,0.016676,0.032701,0.086,0.162619,0.023129,0.239604,0.023092,0.046256,0.001125,,3228400,,
0,6,,0.296947,0.022166,0.032359,0.001377,0.23916,0.026465,0.325691,0.020044,0.035382,0.000409,,3124000,,
0,0,,0.405212,0.015291,0.023822,0.004019,0.222619,0.017751,0.239604,0.023092,0.047083,0.001507,,3238100,,
0,0,,0.372769,0.015575,0.049571,0.002656,0.166574,0.042744,0.270901,0.023092,0.055158,0.000959,,3227500,,
0,0,,0.455212,0.015291,0.023822,0.004019,0.162619,0.027751,0.239604,0.023092,0.047083,0.001507,,2936700,,
0,0,,0.296947,0.022166,0.040931,0.048519,0.20666,0.063251,0.265691,0.020044,0.035382,0.000409,,3131800,,
0,0,,0.465212,0.015291,0.023822,0.004019,0.162619,0.017751,0.239604,0.023092,0.047083,0.001507,,3248200,,
0,0,,0.385361,0.015432,0.026498,0.002652,0.163042,0.04674,0.239886,0.029064,0.090368,0.000958,,3578900,,
0,0,,0.405212,0.015291,0.080292,0.004019,0.162619,0.017751,0.239604,0.026622,0.047083,0.001507,,3029000,,
0,0,,0.465212,0.015291,0.023822,0.004019,0.162619,0.017751,0.239604,0.023092,0.047083,0.001507,,3208500,,
0,0,,0.465212,0.015291,0.023822,0.004019,0.162619,0.017751,0.239604,0.023092,0.047083,0.001507,,2934000,,
0,0,,0.309361,0.015432,0.035069,0.049794,0.163042,0.083025,0.239886,0.025064,0.078368,0.000958,,3469300,,
0,0,,0.405212,0.015291,0.023822,0.061162,0.162619,0.017751,0.239604,0.023092,0.047083,0.004364,,3302900,,
0,0,,0.405212,0.015291,0.023822,0.004019,0.222619,0.017751,0.239604,0.023092,0.047083,0.001507,,3456900,,
0,0,,0.323246,0.016227,0.023822,0.059632,0.227302,0.017613,0.240273,0.039815,0.048396,0.003674,,3235300,,
0,0,,0.356832,0.013544,0.038589,0.053227,0.178326,0.017785,0.283626,0.01654,0.032409,0.009122,,3195900,,
0,0,,0.323246,0.016227,0.023822,0.00249,0.287302,0.017613,0.240273,0.039815,0.048396,0.000817,,3202800,,
0,0,,0.405212,0.015291,0.032393,0.051162,0.162619,0.022037,0.239604,0.023092,0.047083,0.001507,,3234700,,
0,0,,0.405212,0.015291,0.032393,0.051162,0.162619,0.022037,0.239604,0.023092,0.047083,0.001507,,3265700,,
0,0,,0.405212,0.015291,0.023822,0.004019,0.222619,0.017751,0.239604,0.023092,0.047083,0.001507,,2977200,,
0,0,,0.356947,0.027166,0.032359,0.001377,0.23666,0.018965,0.270691,0.020044,0.035382,0.000409,,3001200,,
0,0,,0.405212,0.015291,0.032393,0.051162,0.162619,0.022037,0.239604,0.023092,0.047083,0.001507,,3381300,,
0,0,,0.405212,0.015291,0.032393,0.051162,0.162619,0.022037,0.239604,0.023092,0.047083,0.001507,,3202000,,
0,0,,0.465212,0.015291,0.023822,0.004019,0.162619,0.017751,0.239604,0.023092,0.047083,0.001507,,2972100,,
0,0,,0.405212,0.015291,0.023822,0.004019,0.222619,0.017751,0.239604,0.023092,0.047083,0.001507,,3066900,,
0,0,,0.372885,0.024196,0.029223,0.002234,0.223878,0.026719,0.242378,0.026596,0.051073,0.000817,,3185700,,
0,0,,0.369071,0.029489,0.038809,0.049368,0.162619,0.023673,0.24015,0.02514,0.060454,0.001227,,3303600,,
0,0,,0.405212,0.015291,0.023822,0.004019,0.215119,0.025251,0.239604,0.023092,0.047083,0.001507,,3306100,,
0,0,,0.465212,0.015291,0.023822,0.004019,0.162619,0.017751,0.239604,0.023092,0.047083,0.001507,,3249800,,
0,0,,0.405212,0.015291,0.032393,0.051162,0.162619,0.022037,0.239604,0.023092,0.047083,0.001507,,3058200,,
0,0,,0.405212,0.015291,0.023822,0.064019,0.162619,0.017751,0.239604,0.023092,0.047083,0.001507,,3052600,,
0,0,,0.465212,0.015291,0.023822,0.004019,0.162619,0.017751,0.239604,0.023092,0.047083,0.001507,,3166300,,
0,0,,0.405212,0.015291,0.023822,0.004019,0.222619,0.017751,0.239604,0.023092,0.047083,0.001507,,3418000,,
0,0,,0.349361,0.043667,0.026498,0.00971,0.177159,0.049328,0.239886,0.025064,0.078368,0.000958,,3257000,,
0,0,,0.405212,0.020291,0.023822,0.004019,0.212619,0.017751,0.244604,0.023092,0.047083,0.001507,,3146500,,
0,0,,0.356947,0.022166,0.032359,0.001377,0.24666,0.018965,0.265691,0.020044,0.035382,0.000409,,3097500,,
0,0,,0.369107,0.015909,0.023822,0.002088,0.259994,0.017922,0.240839,0.023247,0.046256,0.000817,,3080300,,
0,0,,0.405212,0.020291,0.023822,0.004019,0.212619,0.017751,0.244604,0.023092,0.047083,0.001507,,3615300,,
0,0,,0.369661,0.020435,0.023822,0.002088,0.213914,0.017613,0.282302,0.023092,0.046256,0.000817,,3118000,,
0,0,,0.405212,0.015291,0.023822,0.064019,0.162619,0.017751,0.239604,0.023092,0.047083,0.001507,,3133900,,
0,0,,0.405212,0.015291,0.023822,0.004019,0.222619,0.017751,0.239604,0.023092,0.047083,0.001507,,3065700,,
0,0,,0.383246,0.016227,0.023822,0.00249,0.227302,0.017613,0.240273,0.039815,0.048396,0.000817,,3050700,,
0,0,,0.405212,0.015291,0.023822,0.004019,0.222619,0.017751,0.239604,0.023092,0.047083,0.001507,,3130200,,
0,0,,0.405212,0.015291,0.023822,0.004019,0.222619,0.017751,0.239604,0.023092,0.047083,0.001507,,3284400,,
0,0,,0.356947,0.022166,0.032359,0.001377,0.18666,0.018965,0.265691,0.020044,0.035382,0.060409,,3571700,,
0,0,,0.405212,0.015291,0.032393,0.051162,0.162619,0.022037,0.239604,0.023092,0.047083,0.001507,,3112700,,
0,0,,0.405212,0.015291,0.032393,0.051162,0.162619,0.022037,0.239604,0.023092,0.047083,0.001507,,3082500,,
0,0,,0.356832,0.013544,0.095512,0.001798,0.178326,0.017785,0.283626,0.01654,0.035485,0.000551,,3279200,,
0,0,,0.455212,0.015291,0.023822,0.004019,0.162619,0.027751,0.239604,0.023092,0.047083,0.001507,,3088400,,
0,0,,0.405212,0.015291,0.023822,0.064019,0.162619,0.017751,0.239604,0.023092,0.047083,0.001507,,3338800,,
0,6,,0.293723,0.013404,0.026958,0.001231,0.239196,0.017359,0.360615,0.01654,0.030565,0.000409,,3143900,,
0,0,,0.383246,0.016227,0.023822,0.00249,0.167302,0.017613,0.240273,0.099815,0.048396,0.000817,,3074600,,
0,0,,0.425212,0.015291,0.023822,0.004019,0.162619,0.057751,0.239604,0.023092,0.047083,0.001507,,3111200,,
0,0,,0.383246,0.016227,0.023822,0.00249,0.227302,0.017613,0.240273,0.039815,0.048396,0.000817,,3311700,,
0,0,,0.296947,0.022166,0.032359,0.061377,0.18666,0.018965,0.265691,0.020044,0.095382,0.000409,,3068200,,
0,0,,0.383246,0.016227,0.023822,0.00249,0.227302,0.017613,0.240273,0.039815,0.048396,0.000817,,2971100,,
0,0,,0.405212,0.015291,0.023822,0.004019,0.215119,0.025251,0.239604,0.023092,0.047083,0.001507,,3226100,,
0,0,,0.421212,0.015291,0.023822,0.004019,0.162619,0.045751,0.239604,0.027092,0.059083,0.001507,,2970200,,
0,0,,0.405212,0.015291,0.023822,0.004019,0.222619,0.017751,0.239604,0.023092,0.047083,0.001507,,3186600,,
0,0,,0.405212,0.015291,0.023822,0.004019,0.222619,0.017751,0.239604,0.023092,0.047083,0.001507,,3685000,,
0,6,,0.296947,0.022166,0.032359,0.001377,0.24666,0.018965,0.325691,0.020044,0.035382,0.000409,,3113300,,
0,0,,0.405212,0.015291,0.023822,0.064019,0.162619,0.017751,0.239604,0.023092,0.047083,0.001507,,3221200,,
0,0,,0.455212,0.015291,0.023822,0.004019,0.162619,0.027751,0.239604,0.023092,0.047083,0.001507,,2992900,,
0,0,,0.405212,0.015291,0.023822,0.004019,0.222619,0.017751,0.239604,0.023092,0.047083,0.001507,,3108300,,
0,0,,0.465212,0.015291,0.023822,0.004019,0.162619,0.017751,0.239604,0.023092,0.047083,0.001507,,3042100,,
0,6,,0.293723,0.013404,0.026958,0.001231,0.179196,0.017359,0.420615,0.01654,0.030565,0.000409,,2974100,,
1,1,,0.000401,0.233348,0.093782,0.152476,0.052474,0.162072,0,0.105509,0.020286,0.179652,,2970000,,
1,1,,0.000401,0.22243,0.092766,0.152388,0.045884,0.198589,0,0.099465,0.017124,0.170954,,2959500,,
1,5,,0.000401,0.178348,0.093782,0.152476,0.047474,0.222072,0,0.105509,0.020286,0.179652,,3026400,,
1,1,,0.000545,0.23024,0.096651,0.155278,0.051931,0.176909,0,0.099481,0.017991,0.170975,,3209200,,
1,9,,0.000401,0.108129,0.093046,0.152388,0.081024,0.163204,0,0.100024,0.017543,0.284241,,2994200,,
1,1,,0.000401,0.238348,0.093782,0.152476,0.047474,0.162072,0,0.105509,0.020286,0.179652,,3002200,,
1,8,,0.037234,0.22,0.195747,0.007087,0.086288,0.013215,0.029578,0.049882,0.355635,0.005335,,2935200,,
1,8,,0.03727,0.20642,0.197902,0.054093,0.071163,0.008535,0.030268,0.047988,0.341437,0.004925,,2946600,,
1,7,,0.040254,0.138968,0.033388,0.005045,0.259001,0.029382,0.030557,0.334659,0.124455,0.004292,,3085000,,
1,5,,0.000401,0.178348,0.093782,0.152476,0.047474,0.222072,0,0.105509,0.020286,0.179652,,3177500,,
1,1,,0.000349,0.199357,0.104152,0.174097,0.036265,0.146786,0,0.135803,0.015308,0.187882,,3065300,,
1,1,,0.000545,0.203475,0.096651,0.162337,0.061049,0.187498,0,0.099481,0.017991,0.170975,,2994900,,
1,8,,0.045804,0.186122,0.123453,0.05781,0.068069,0.015777,0.197602,0.031645,0.260021,0.013698,,2923700,,
1,8,,0.021332,0.264389,0.192467,0.006093,0.086444,0.003995,0.053581,0.041436,0.325746,0.004517,,3056700,,
1,3,,0.000349,0.163271,0.105891,0.250762,0.035814,0.145552,0,0.108689,0.015308,0.174364,,2995800,,
1,1,,0.000349,0.199357,0.104152,0.174097,0.036265,0.146786,0,0.135803,0.015308,0.187882,,3167900,,
1,1,,0.000401,0.238348,0.093782,0.152476,0.047474,0.162072,0,0.105509,0.020286,0.179652,,3028700,,
1,1,,0.000349,0.199357,0.104152,0.174097,0.036265,0.146786,0,0.135803,0.015308,0.187882,,2929200,,
1,8,,0.045804,0.218344,0.064564,0.05781,0.068069,0.015777,0.197602,0.031645,0.260021,0.040365,,2943400,,
1,1,,0.000545,0.23524,0.096651,0.155278,0.046931,0.176909,0,0.099481,0.017991,0.170975,,3018900,,
1,8,,0.037234,0.22,0.195747,0.058515,0.033788,0.005715,0.029578,0.049882,0.355635,0.013906,,3056900,,
1,7,,0.040254,0.198968,0.033388,0.005045,0.206501,0.021882,0.030557,0.334659,0.124455,0.004292,,3007000,,
1,1,,0.000349,0.199357,0.104152,0.174097,0.036265,0.146786,0,0.135803,0.015308,0.187882,,2904800,,
1,1,,0.000401,0.227098,0.093782,0.152476,0.047474,0.162072,0,0.105509,0.020286,0.190902,,2993600,,
1,8,,0.02511,0.24601,0.197868,0.006239,0.057829,0.005292,0.055119,0.044786,0.330564,0.031183,,2991800,,
1,1,,0.000401,0.22243,0.092766,0.152388,0.045884,0.198589,0,0.099465,0.017124,0.170954,,3102800,,
1,8,,0.082217,0.11919,0.037262,0.113759,0.068069,0.015915,0.197602,0.031496,0.260102,0.074388,,3502100,,
1,9,,0.000349,0.163271,0.118748,0.195047,0.035814,0.145552,0,0.108689,0.015308,0.217221,,2996500,,
1,8,,0.037234,0.253333,0.195747,0.007087,0.033788,0.005715,0.029578,0.049882,0.355635,0.032001,,3041300,,
1,8,,0.046077,0.193388,0.04985,0.101507,0.068069,0.021837,0.198148,0.033544,0.273472,0.014108,,3065000,,
1,1,,0.000401,0.223129,0.093046,0.152388,0.046024,0.163204,0,0.100024,0.017543,0.204241,,3086900,,
1,1,,0.000545,0.23524,0.096651,0.155278,0.046931,0.176909,0,0.099481,0.017991,0.170975,,3325400,,
1,1,,0.000401,0.214348,0.093782,0.152476,0.047474,0.186072,0,0.105509,0.020286,0.179652,,3053400,,
1,1,,0.000401,0.238348,0.093782,0.152476,0.047474,0.162072,0,0.105509,0.020286,0.179652,,2971800,,
1,5,,0.000545,0.148573,0.096651,0.155278,0.046931,0.236909,0,0.099481,0.017991,0.197641,,3021900,,
1,1,,0.000545,0.21124,0.096651,0.155278,0.046931,0.200909,0,0.099481,0.017991,0.170975,,3303600,,
1,3,,0.000349,0.166024,0.122902,0.192847,0.036265,0.146786,0,0.158303,0.015308,0.161216,,3537900,,
1,0,,0.296947,0.141054,0.032359,0.001377,0.18666,0.018965,0.266802,0.020044,0.035382,0.000409,,3062200,,
1,5,,0.000401,0.178348,0.093782,0.152476,0.047474,0.222072,0,0.105509,0.020286,0.179652,,3007500,,
1,3,,0.000349,0.198897,0.103708,0.209362,0.035814,0.169611,0,0.106931,0.015308,0.16002,,2968400,,
1,5,,0.000401,0.178348,0.093782,0.152476,0.047474,0.222072,0,0.105509,0.020286,0.179652,,3011500,,
1,1,,0.000401,0.207852,0.122467,0.15555,0.040744,0.185945,0,0.099055,0.01773,0.170255,,3387100,,
1,8,,0.02511,0.24601,0.197868,0.006239,0.057829,0.005292,0.055119,0.044786,0.330564,0.031183,,3624200,,
1,8,,0.02511,0.24601,0.197868,0.006239,0.057829,0.005292,0.055119,0.044786,0.330564,0.031183,,3393700,,
1,5,,0.000401,0.178348,0.093782,0.152476,0.047474,0.222072,0,0.105509,0.020286,0.179652,,3403700,,
1,9,,0.000349,0.173524,0.104152,0.177847,0.047515,0.150536,0,0.147053,0.015308,0.183716,,3439600,,
1,1,,0.000349,0.199357,0.104152,0.174097,0.036265,0.146786,0,0.135803,0.015308,0.187882,,3534500,,
1,8,,0.021023,0.241616,0.193219,0.007597,0.049521,0.006092,0.052346,0.070154,0.325746,0.032687,,3601300,,
1,8,,0.037234,0.28,0.195747,0.007087,0.033788,0.005715,0.029578,0.049882,0.355635,0.005335,,3362600,,
1,5,,0.000349,0.166024,0.104152,0.177847,0.036265,0.203036,0,0.135803,0.015308,0.161216,,3412900,,
1,8,,0.02511,0.217677,0.197868,0.006239,0.107829,0.005292,0.060119,0.044786,0.330564,0.004517,,3550300,,
1,1,,0.000545,0.21124,0.096651,0.155278,0.046931,0.200909,0,0.099481,0.017991,0.170975,,3494700,,
1,1,,0.000349,0.199357,0.104152,0.174097,0.036265,0.146786,0,0.135803,0.015308,0.187882,,3372400,,
1,8,,0.048107,0.225295,0.194732,0.007096,0.053136,0.009075,0.056512,0.054867,0.346254,0.004925,,3338700,,
1,3,,0.000349,0.198897,0.103708,0.209362,0.035814,0.169611,0,0.106931,0.015308,0.16002,,3404300,,
1,8,,0.046077,0.193388,0.041279,0.054364,0.120569,0.025051,0.198148,0.033544,0.273472,0.014108,,3510600,,
1,8,,0.02511,0.217677,0.197868,0.006239,0.107829,0.005292,0.060119,0.044786,0.330564,0.004517,,3241800,,
1,9,,0.000401,0.128129,0.093046,0.152388,0.041024,0.163204,0,0.100024,0.017543,0.304241,,3141600,,
1,3,,0.000349,0.127333,0.191852,0.194925,0.035814,0.14438,0,0.12958,0.016054,0.159712,,2997800,,
1,1,,0.000545,0.21124,0.096651,0.155278,0.046931,0.200909,0,0.099481,0.017991,0.170975,,2983900,,
1,8,,0.046077,0.193388,0.043679,0.111964,0.068069,0.017551,0.198148,0.033544,0.273472,0.014108,,3421800,,
1,5,,0.000401,0.178348,0.093782,0.152476,0.047474,0.222072,0,0.105509,0.020286,0.179652,,3211300,,
1,8,,0.037234,0.278889,0.195747,0.007087,0.033788,0.005715,0.03069,0.049882,0.355635,0.005335,,3029100,,
1,1,,0.000401,0.238348,0.093782,0.152476,0.047474,0.162072,0,0.105509,0.020286,0.179652,,2949500,,
1,1,,0.000401,0.238348,0.093782,0.152476,0.047474,0.162072,0,0.105509,0.020286,0.179652,,2940000,,
1,8,,0.037234,0.28,0.195747,0.007087,0.033788,0.005715,0.029578,0.049882,0.355635,0.005335,,2969100,,
1,1,,0.000349,0.199357,0.104152,0.174097,0.036265,0.146786,0,0.135803,0.015308,0.187882,,3147700,,
1,1,,0.000349,0.199357,0.104152,0.174097,0.036265,0.146786,0,0.135803,0.015308,0.187882,,3039400,,
1,8,,0.02511,0.24601,0.197868,0.006239,0.057829,0.005292,0.055119,0.044786,0.330564,0.031183,,3095900,,
1,3,,0.000349,0.103271,0.108291,0.248362,0.035814,0.145552,0,0.108689,0.015308,0.234364,,2965800,,
1,8,,0.02511,0.212677,0.197868,0.006239,0.110329,0.012792,0.055119,0.044786,0.330564,0.004517,,2993600,,
1,1,,0.000401,0.233348,0.093782,0.152476,0.052474,0.162072,0,0.105509,0.020286,0.179652,,3078200,,
1,9,,0.000349,0.126024,0.108438,0.182668,0.036265,0.146786,0,0.182946,0.015308,0.201216,,3144400,,
1,9,,0.000401,0.178348,0.093782,0.152476,0.047474,0.162072,0,0.105509,0.020286,0.239652,,3056200,,
1,3,,0.000401,0.178348,0.093782,0.203905,0.047474,0.162072,0,0.105509,0.020286,0.188223,,3172600,,
1,8,,0.037234,0.275,0.198247,0.007087,0.033788,0.005715,0.029578,0.049882,0.358135,0.005335,,2985400,,
1,8,,0.046077,0.253388,0.041279,0.054364,0.068069,0.017551,0.198148,0.033544,0.273472,0.014108,,3025900,,
1,9,,0.000349,0.103271,0.105891,0.190762,0.035814,0.155552,0,0.108689,0.015308,0.284364,,2997000,,
1,9,,0.000401,0.168129,0.093046,0.152388,0.041024,0.163204,0,0.100024,0.017543,0.264241,,3099400,,
1,5,,0.000545,0.176351,0.15554,0.155278,0.046931,0.176909,0,0.099481,0.017991,0.170975,,3062600,,
1,1,,0.016162,0.205055,0.093883,0.140822,0.055741,0.163632,0.015795,0.096035,0.030615,0.182261,,3028500,,
1,1,,0.000545,0.21124,0.096651,0.155278,0.046931,0.200909,0,0.099481,0.017991,0.170975,,2955400,,
1,1,,0.000349,0.200667,0.133102,0.176175,0.035814,0.14438,0,0.10708,0.016054,0.186379,,3052300,,
1,8,,0.045804,0.218344,0.064564,0.05781,0.068069,0.015777,0.197602,0.031645,0.260021,0.040365,,3014400,,
1,8,,0.045804,0.218344,0.064564,0.05781,0.068069,0.015777,0.197602,0.031645,0.260021,0.040365,,2921800,,
1,2,,0.000349,0.140667,0.193102,0.176175,0.035814,0.14438,0,0.10708,0.016054,0.186379,,2992500,,
1,8,,0.046077,0.226721,0.041279,0.054364,0.068069,0.017551,0.198148,0.033544,0.273472,0.040775,,2965300,,
1,8,,0.021332,0.209389,0.192467,0.006093,0.136444,0.003995,0.058581,0.041436,0.325746,0.004517,,3080000,,
1,8,,0.037234,0.253333,0.195747,0.007087,0.033788,0.005715,0.029578,0.049882,0.355635,0.032001,,3124200,,
1,3,,0.000349,0.163271,0.105891,0.250762,0.035814,0.145552,0,0.108689,0.015308,0.174364,,3175700,,
1,8,,0.046077,0.250661,0.041279,0.057092,0.068069,0.017551,0.198148,0.033544,0.273472,0.014108,,2984500,,
1,8,,0.037234,0.2725,0.195747,0.007087,0.033788,0.005715,0.029578,0.057382,0.355635,0.005335,,2945500,,
1,8,,0.041048,0.274707,0.194732,0.007096,0.042547,0.005546,0.031806,0.051338,0.346254,0.004925,,2980000,,
1,1,,0.000545,0.23024,0.096651,0.155278,0.051931,0.176909,0,0.099481,0.017991,0.170975,,3303000,,
1,8,,0.046077,0.253388,0.041279,0.054364,0.068069,0.017551,0.198148,0.033544,0.273472,0.014108,,3149600,,
1,8,,0.02511,0.212677,0.197868,0.006239,0.110329,0.012792,0.055119,0.044786,0.330564,0.004517,,3139000,,
1,3,,0.000401,0.178348,0.093782,0.212476,0.047474,0.162072,0,0.105509,0.020286,0.179652,,2958800,,
1,1,,0.000349,0.199357,0.104152,0.174097,0.036265,0.146786,0,0.135803,0.015308,0.187882,,2951700,,
1,1,,0.000349,0.199357,0.104152,0.174097,0.036265,0.146786,0,0.135803,0.015308,0.187882,,3084700,,
1,1,,0.015967,0.195839,0.101385,0.159641,0.045075,0.133508,0.015795,0.132357,0.027932,0.172502,,3068600,,
1,1,,0.000545,0.203475,0.096651,0.162337,0.061049,0.187498,0,0.099481,0.017991,0.170975,,3212000,,
1,8,,0.037234,0.28,0.195747,0.007087,0.033788,0.005715,0.029578,0.049882,0.355635,0.005335,,3020000,,
1,1,,0.000349,0.199357,0.104152,0.174097,0.036265,0.146786,0,0.135803,0.015308,0.187882,,3080800,,
1,8,,0.037234,0.22,0.195747,0.007087,0.093788,0.005715,0.029578,0.049882,0.355635,0.005335,,3011500,,
1,8,,0.021332,0.180389,0.192467,0.006093,0.146444,0.027995,0.053581,0.041436,0.325746,0.004517,,3969000,,
1,1,,0.000349,0.202024,0.104152,0.174097,0.036265,0.170786,0,0.135803,0.015308,0.161216,,3353300,,
1,8,,0.02511,0.212677,0.197868,0.006239,0.117829,0.005292,0.055119,0.044786,0.330564,0.004517,,2940400,,
1,5,,0.000401,0.16243,0.092766,0.152388,0.045884,0.258589,0,0.099465,0.017124,0.170954,,2905400,,
1,8,,0.02511,0.271565,0.197868,0.006239,0.057829,0.005292,0.05623,0.044786,0.330564,0.004517,,2898800,,
1,7,,0.040254,0.172301,0.033388,0.005045,0.206501,0.021882,0.030557,0.334659,0.124455,0.030959,,3219200,,
1,1,,0.000349,0.199357,0.104152,0.174097,0.036265,0.146786,0,0.135803,0.015308,0.187882,,3090600,,
1,1,,0.000401,0.238348,0.093782,0.152476,0.047474,0.162072,0,0.105509,0.020286,0.179652,,3109300,,
1,8,,0.060252,0.21346,0.034862,0.054629,0.072751,0.015777,0.198271,0.048218,0.261415,0.040365,,2972500,,
1,7,,0.040254,0.172301,0.033388,0.005045,0.206501,0.021882,0.030557,0.334659,0.124455,0.030959,,2869700,,
1,1,,0.000401,0.233348,0.093782,0.152476,0.052474,0.162072,0,0.105509,0.020286,0.179652,,3002300,,
2,8,,0.037234,0.18,0.292217,0.007087,0.033788,0.005715,0.029578,0.053411,0.355635,0.005335,,3124600,,
2,3,,0.000349,0.103271,0.165891,0.24219,0.035814,0.145552,0,0.108689,0.015308,0.182935,,2918300,,
2,8,,0.02511,0.152677,0.306618,0.009989,0.057829,0.005292,0.055119,0.044786,0.338064,0.004517,,2950700,,
2,3,,0.000545,0.11524,0.165222,0.202421,0.046931,0.181195,0,0.099481,0.017991,0.170975,,2907300,,
2,8,,0.024994,0.177388,0.264098,0.00666,0.049495,0.004112,0.073055,0.041282,0.32759,0.031325,,2910600,,
2,2,,0.015967,0.103815,0.250334,0.161719,0.044624,0.131102,0.015795,0.103634,0.028679,0.144331,,2983000,,
2,2,,0.000349,0.107333,0.203102,0.181889,0.035814,0.14438,0,0.122794,0.016054,0.188283,,3217000,,
2,2,,0.015967,0.104927,0.249223,0.161719,0.044624,0.131102,0.015795,0.103634,0.028679,0.144331,,3414800,,
2,2,,0.000349,0.107333,0.203102,0.181889,0.035814,0.14438,0,0.122794,0.016054,0.188283,,2965200,,
2,2,,0.015967,0.103815,0.190334,0.161719,0.044624,0.131102,0.015795,0.163634,0.028679,0.144331,,2945000,,
2,8,,0.024994,0.144055,0.264098,0.00666,0.049495,0.004112,0.073055,0.101282,0.32759,0.004659,,3170500,,
2,3,,0.000349,0.106024,0.164152,0.234097,0.036265,0.146786,0,0.135803,0.015308,0.161216,,3007700,,
2,8,,0.037234,0.18,0.289593,0.007087,0.033788,0.005715,0.029578,0.049882,0.361789,0.005335,,3094800,,
2,2,,0.000349,0.107333,0.253102,0.176175,0.035814,0.14438,0,0.10708,0.016054,0.159712,,2929800,,
2,0,,0.29286,0.079081,0.116659,0.004813,0.177901,0.017359,0.262917,0.01669,0.031311,0.000409,,2963000,,
2,8,,0.037524,0.165943,0.288477,0.007514,0.034211,0.005067,0.029314,0.053335,0.37355,0.005066,,2916800,,
2,2,,0.000349,0.107333,0.253102,0.176175,0.035814,0.14438,0,0.10708,0.016054,0.159712,,3053100,,
2,3,,0.000349,0.103271,0.134462,0.257904,0.035814,0.149838,0,0.108689,0.015308,0.194364,,3304300,,
2,8,,0.021023,0.149592,0.282168,0.009675,0.04907,0.003686,0.052346,0.101431,0.326492,0.004517,,2976600,,
2,8,,0.024994,0.144055,0.272669,0.053803,0.049495,0.008397,0.073055,0.041282,0.32759,0.004659,,3019200,,
2,2,,0.000349,0.107333,0.193102,0.176175,0.035814,0.14438,0,0.16708,0.016054,0.159712,,2882700,,
2,8,,0.037234,0.18,0.289747,0.013087,0.033788,0.005715,0.029578,0.049882,0.355635,0.005335,,3009000,,
2,2,,0.000349,0.107333,0.193102,0.176175,0.035814,0.14438,0,0.16708,0.016054,0.159712,,3056500,,
2,0,,0.29286,0.019081,0.116659,0.004813,0.177901,0.017359,0.262917,0.07669,0.031311,0.000409,,3105900,,
2,8,,0.037234,0.18,0.284497,0.010837,0.033788,0.005715,0.029578,0.049882,0.363135,0.005335,,3009200,,
2,0,,0.296947,0.082166,0.032359,0.005127,0.18666,0.075215,0.265691,0.020044,0.035382,0.000409,,2924800,,
2,2,,0.015967,0.103815,0.250334,0.161719,0.044624,0.131102,0.015795,0.103634,0.028679,0.144331,,2992400,,
2,3,,0.000349,0.107333,0.201673,0.223318,0.035814,0.148666,0,0.10708,0.016054,0.159712,,3113200,,
2,8,,0.02511,0.212677,0.257868,0.006239,0.057829,0.005292,0.055119,0.044786,0.330564,0.004517,,3133300,,
2,8,,0.024994,0.144055,0.272669,0.053803,0.049495,0.008397,0.073055,0.041282,0.32759,0.004659,,3113500,,
2,3,,0.000401,0.107416,0.141645,0.23588,0.040744,0.187462,0,0.098905,0.016984,0.170563,,2965700,,
2,2,,0.000349,0.107333,0.211852,0.194925,0.035814,0.14438,0,0.12958,0.016054,0.159712,,3039600,,
2,7,,0.015967,0.102506,0.101385,0.159641,0.045075,0.133508,0.015795,0.252357,0.027932,0.145835,,2961400,,
2,3,,0.000349,0.127333,0.181673,0.223318,0.035814,0.148666,0,0.10708,0.016054,0.159712,,3074100,,
2,8,,0.02511,0.152677,0.317868,0.006239,0.057829,0.005292,0.055119,0.044786,0.330564,0.004517,,2951900,,
2,2,,0.000349,0.107333,0.193102,0.176175,0.035814,0.14438,0,0.16708,0.016054,0.159712,,2946500,,
2,0,,0.29286,0.019081,0.116659,0.004813,0.177901,0.017359,0.262917,0.07669,0.031311,0.000409,,3040000,,
2,2,,0.000349,0.107333,0.253102,0.176175,0.035814,0.14438,0,0.10708,0.016054,0.159712,,3002500,,
2,8,,0.037234,0.16,0.255747,0.007087,0.093788,0.005715,0.029578,0.049882,0.355635,0.005335,,3132400,,
2,8,,0.02511,0.152677,0.317868,0.006239,0.057829,0.005292,0.055119,0.044786,0.330564,0.004517,,3169400,,
2,3,,0.000349,0.102897,0.172279,0.256505,0.035814,0.149897,0,0.106931,0.015308,0.16002,,3106000,,
2,2,,0.000349,0.107333,0.193102,0.176175,0.035814,0.14438,0,0.16708,0.016054,0.159712,,3042300,,
2,2,,0.000349,0.107333,0.253102,0.176175,0.035814,0.14438,0,0.10708,0.016054,0.159712,,2939400,,
2,3,,0.000349,0.107333,0.201673,0.223318,0.035814,0.148666,0,0.10708,0.016054,0.159712,,3110700,,
2,3,,0.000349,0.103271,0.114462,0.297904,0.035814,0.149838,0,0.108689,0.015308,0.174364,,2983200,,
2,3,,0.000349,0.103271,0.114462,0.237904,0.035814,0.149838,0,0.108689,0.015308,0.234364,,3144000,,
2,7,,0.000349,0.106024,0.104152,0.174097,0.036265,0.146786,0,0.255803,0.015308,0.161216,,3058200,,
2,8,,0.02511,0.153788,0.316757,0.006239,0.057829,0.005292,0.055119,0.044786,0.330564,0.004517,,2932200,,
2,0,,0.383246,0.016227,0.023822,0.059632,0.167302,0.017613,0.240273,0.039815,0.048396,0.003674,,2941200,,
2,8,,0.02511,0.152677,0.311714,0.006239,0.057829,0.005292,0.055119,0.044786,0.336717,0.004517,,3096100,,
2,8,,0.02511,0.152677,0.314791,0.006239,0.057829,0.005292,0.055119,0.044786,0.33364,0.004517,,3126700,,
2,3,,0.000349,0.103271,0.115891,0.256476,0.035814,0.145552,0,0.124403,0.015308,0.202935,,3133700,,
2,8,,0.024994,0.144055,0.264098,0.00666,0.049495,0.004112,0.073055,0.101282,0.32759,0.004659,,2939300,,
2,3,,0.000401,0.107789,0.163828,0.21728,0.040744,0.167403,0,0.100664,0.016984,0.184907,,2999500,,
2,8,,0.037234,0.18,0.27267,0.007087,0.033788,0.005715,0.029578,0.068343,0.36025,0.005335,,2994500,,
2,5,,0.000349,0.107333,0.193102,0.179925,0.035814,0.20063,0,0.10708,0.016054,0.159712,,2963800,,
2,2,,0.000349,0.107333,0.193102,0.176175,0.035814,0.14438,0,0.16708,0.016054,0.159712,,3099600,,
2,2,,0.000349,0.107333,0.193102,0.176175,0.035814,0.14438,0,0.16708,0.016054,0.159712,,3194900,,
2,3,,0.000349,0.103271,0.165891,0.24219,0.035814,0.145552,0,0.108689,0.015308,0.182935,,2994100,,
2,3,,0.000349,0.107333,0.201673,0.223318,0.035814,0.148666,0,0.10708,0.016054,0.159712,,2994100,,
2,8,,0.024994,0.144055,0.264098,0.00666,0.049495,0.004112,0.073055,0.101282,0.32759,0.004659,,3049400,,
2,2,,0.015967,0.103815,0.250334,0.161719,0.044624,0.131102,0.015795,0.103634,0.028679,0.144331,,3091700,,
2,2,,0.000349,0.107333,0.193102,0.176175,0.035814,0.14438,0,0.16708,0.016054,0.159712,,3097400,,
2,3,,0.000349,0.102897,0.172279,0.256505,0.035814,0.149897,0,0.106931,0.015308,0.16002,,2993300,,
2,3,,0.000349,0.107333,0.201673,0.223318,0.035814,0.148666,0,0.10708,0.016054,0.159712,,2956700,,
2,3,,0.000349,0.103271,0.114462,0.297904,0.035814,0.149838,0,0.108689,0.015308,0.174364,,3071100,,
2,2,,0.000349,0.107333,0.253102,0.176175,0.035814,0.14438,0,0.10708,0.016054,0.159712,,3119000,,
2,2,,0.000349,0.107333,0.193102,0.176175,0.035814,0.14438,0,0.16708,0.016054,0.159712,,2970200,,
2,8,,0.02511,0.212677,0.246618,0.009989,0.057829,0.005292,0.055119,0.044786,0.338064,0.004517,,2999700,,
2,2,,0.015967,0.103815,0.250334,0.161719,0.044624,0.131102,0.015795,0.103634,0.028679,0.144331,,2938900,,
2,8,,0.040932,0.206086,0.200962,0.007518,0.034214,0.004365,0.049742,0.107834,0.343281,0.005067,,3001300,,
2,8,,0.036961,0.171623,0.259032,0.010532,0.033788,0.00394,0.029032,0.107983,0.342183,0.004925,,3147500,,
2,2,,0.000349,0.107333,0.253102,0.176175,0.035814,0.14438,0,0.10708,0.016054,0.159712,,3030900,,
2,3,,0.000349,0.107333,0.201673,0.223318,0.035814,0.148666,0,0.10708,0.016054,0.159712,,3066700,,
2,2,,0.000349,0.107333,0.253102,0.176175,0.035814,0.14438,0,0.10708,0.016054,0.159712,,2919700,,
2,5,,0.000349,0.142024,0.104152,0.174097,0.036265,0.230786,0,0.135803,0.015308,0.161216,,2907300,,
2,8,,0.037524,0.145943,0.308477,0.007514,0.034211,0.005067,0.029314,0.053335,0.37355,0.005066,,3122500,,
2,2,,0.000545,0.116351,0.21554,0.155278,0.046931,0.176909,0,0.099481,0.017991,0.170975,,3003200,,
2,8,,0.037524,0.205943,0.192007,0.058942,0.034211,0.005067,0.029314,0.049806,0.37355,0.013637,,3129900,,
2,2,,0.000349,0.107333,0.253102,0.176175,0.035814,0.14438,0,0.10708,0.016054,0.159712,,3049300,,
2,1,,0.000349,0.199271,0.105891,0.190762,0.035814,0.169552,0,0.108689,0.015308,0.174364,,2904300,,
2,2,,0.000349,0.107333,0.253102,0.176175,0.035814,0.14438,0,0.10708,0.016054,0.159712,,2945500,,
2,3,,0.000349,0.103271,0.174462,0.237904,0.035814,0.149838,0,0.108689,0.015308,0.174364,,3019600,,
2,9,,0.000401,0.138348,0.126639,0.156762,0.047474,0.162072,0,0.105509,0.040286,0.222509,,2978100,,
2,2,,0.000545,0.11524,0.216651,0.155278,0.046931,0.176909,0,0.099481,0.017991,0.170975,,2975100,,
2,7,,0.000349,0.106024,0.104152,0.174097,0.036265,0.146786,0,0.255803,0.015308,0.161216,,3171500,,
2,9,,0.000401,0.107789,0.128114,0.214423,0.040744,0.163118,0,0.100664,0.016984,0.227764,,2973600,,
2,3,,0.000349,0.103271,0.174462,0.237904,0.035814,0.149838,0,0.108689,0.015308,0.174364,,3032500,,
2,3,,0.000349,0.107333,0.193102,0.227604,0.035814,0.14438,0,0.10708,0.016054,0.168283,,3109900,,
2,7,,0.000349,0.106024,0.164152,0.174097,0.036265,0.146786,0,0.195803,0.015308,0.161216,,3234000,,
2,3,,0.000545,0.11524,0.165222,0.202421,0.046931,0.181195,0,0.099481,0.017991,0.170975,,2910500,,
2,0,,0.29286,0.019081,0.116659,0.004813,0.177901,0.017359,0.262917,0.07669,0.031311,0.000409,,2936700,,
2,9,,0.000349,0.107556,0.110177,0.190762,0.035814,0.145552,0,0.108689,0.015308,0.285793,,2943800,,
2,3,,0.000349,0.107333,0.201673,0.223318,0.035814,0.148666,0,0.10708,0.016054,0.159712,,3189400,,
2,8,,0.037234,0.16,0.309747,0.013087,0.033788,0.005715,0.029578,0.049882,0.355635,0.005335,,3048400,,
2,2,,0.000349,0.107333,0.193102,0.176175,0.035814,0.14438,0,0.16708,0.016054,0.159712,,3053600,,
2,8,,0.037234,0.16,0.255747,0.007087,0.033788,0.005715,0.029578,0.109882,0.355635,0.005335,,3023000,,
2,2,,0.000349,0.127333,0.233102,0.176175,0.035814,0.14438,0,0.10708,0.016054,0.159712,,2926500,,
2,3,,0.000349,0.107333,0.201673,0.223318,0.035814,0.148666,0,0.10708,0.016054,0.159712,,3218600,,
2,8,,0.024994,0.144055,0.321021,0.00666,0.049495,0.004112,0.073055,0.041282,0.330667,0.004659,,3023400,,
2,0,,0.309071,0.029489,0.146709,0.002225,0.162619,0.019388,0.24015,0.02867,0.060454,0.001227,,2911400,,
2,0,,0.296832,0.013544,0.158589,0.001798,0.178326,0.017785,0.283626,0.01654,0.032409,0.000551,,3061300,,
2,3,,0.000349,0.103271,0.174462,0.237904,0.035814,0.149838,0,0.108689,0.015308,0.174364,,2921600,,
2,3,,0.000349,0.107333,0.201673,0.223318,0.035814,0.148666,0,0.10708,0.016054,0.159712,,2928800,,
2,2,,0.015967,0.103815,0.190334,0.161719,0.044624,0.131102,0.015795,0.163634,0.028679,0.144331,,3193100,,
2,2,,0.000349,0.107333,0.253102,0.176175,0.035814,0.14438,0,0.10708,0.016054,0.159712,,3096000,,
2,2,,0.000349,0.108445,0.25199,0.176175,0.035814,0.14438,0,0.10708,0.016054,0.159712,,3002400,,
2,8,,0.036961,0.210313,0.190082,0.008454,0.034239,0.006346,0.029032,0.136706,0.341437,0.006429,,2945200,,
2,8,,0.02511,0.152677,0.317868,0.006239,0.057829,0.005292,0.055119,0.044786,0.330564,0.004517,,3039900,,
2,8,,0.021023,0.209592,0.270918,0.013425,0.04907,0.003686,0.052346,0.041431,0.333992,0.004517,,3039500,,
2,2,,0.015967,0.103815,0.250334,0.161719,0.044624,0.131102,0.015795,0.103634,0.028679,0.144331,,3165300,,
2,3,,0.000349,0.107333,0.201673,0.223318,0.035814,0.148666,0,0.10708,0.016054,0.159712,,3048000,,
3,3,,0.000349,0.102897,0.103708,0.326505,0.035814,0.145611,0,0.106931,0.015308,0.162877,,2936000,,
3,3,,0.000349,0.102897,0.103708,0.329362,0.035814,0.145611,0,0.106931,0.015308,0.16002,,3020900,,
3,3,,0.000349,0.103271,0.114462,0.297904,0.035814,0.149838,0,0.108689,0.015308,0.174364,,2916400,,
3,3,,0.000349,0.103271,0.110177,0.259333,0.035814,0.145552,0,0.155832,0.015308,0.174364,,3090300,,
3,8,,0.046077,0.193388,0.04985,0.101507,0.068069,0.021837,0.198148,0.033544,0.273472,0.014108,,3113600,,
3,3,,0.000545,0.17524,0.105222,0.202421,0.046931,0.181195,0,0.099481,0.017991,0.170975,,2924000,,
3,3,,0.000349,0.102897,0.112279,0.316505,0.035814,0.149897,0,0.106931,0.015308,0.16002,,3145100,,
3,3,,0.000349,0.102897,0.103708,0.329362,0.035814,0.145611,0,0.106931,0.015308,0.16002,,2950000,,
3,3,,0.000349,0.102897,0.103708,0.329362,0.035814,0.145611,0,0.106931,0.015308,0.16002,,3052400,,
3,3,,0.000349,0.103271,0.125891,0.270762,0.035814,0.145552,0,0.108689,0.015308,0.194364,,2985700,,
3,3,,0.000349,0.163271,0.105891,0.247904,0.035814,0.145552,0,0.108689,0.015308,0.177221,,3124900,,
3,3,,0.000349,0.103271,0.105891,0.310762,0.035814,0.145552,0,0.108689,0.015308,0.174364,,2984700,,
3,3,,0.000349,0.102897,0.103708,0.329362,0.035814,0.145611,0,0.106931,0.015308,0.16002,,2860600,,
3,3,,0.000349,0.102897,0.103708,0.329362,0.035814,0.145611,0,0.106931,0.015308,0.16002,,2944500,,
3,3,,0.000349,0.103271,0.105891,0.310762,0.035814,0.145552,0,0.108689,0.015308,0.174364,,3052400,,
3,3,,0.000349,0.102897,0.103708,0.329362,0.035814,0.145611,0,0.106931,0.015308,0.16002,,3072300,,
3,3,,0.000349,0.102897,0.103708,0.329362,0.035814,0.145611,0,0.106931,0.015308,0.16002,,3182600,,
3,3,,0.000349,0.103271,0.108291,0.248362,0.035814,0.145552,0,0.108689,0.015308,0.234364,,3067400,,
3,3,,0.000349,0.103271,0.105891,0.310762,0.035814,0.145552,0,0.108689,0.015308,0.174364,,2989500,,
3,3,,0.000349,0.102897,0.112279,0.316505,0.035814,0.149897,0,0.106931,0.015308,0.16002,,2955400,,
3,3,,0.000349,0.162897,0.112279,0.256505,0.035814,0.149897,0,0.106931,0.015308,0.16002,,3032900,,
3,3,,0.000545,0.11524,0.096651,0.255278,0.046931,0.176909,0,0.119481,0.017991,0.170975,,2991400,,
3,3,,0.000349,0.103271,0.114462,0.297904,0.035814,0.149838,0,0.108689,0.015308,0.174364,,2922000,,
3,6,,0.029866,0.118918,0.04049,0.131539,0.083351,0.016695,0.280915,0.026702,0.243583,0.027942,,2959500,,
3,3,,0.000349,0.102897,0.103708,0.323648,0.035814,0.145611,0,0.106931,0.015308,0.165734,,3156300,,
3,3,,0.000349,0.106024,0.112723,0.26124,0.036265,0.151072,0,0.135803,0.015308,0.181216,,3040400,,
3,3,,0.000349,0.138897,0.103708,0.269362,0.035814,0.169611,0,0.106931,0.015308,0.16002,,3444500,,
3,1,,0.000545,0.203475,0.096651,0.162337,0.061049,0.187498,0,0.099481,0.017991,0.170975,,2960900,,
3,3,,0.000349,0.103271,0.105891,0.310762,0.035814,0.145552,0,0.108689,0.015308,0.174364,,2927600,,
3,5,,0.000401,0.10743,0.101337,0.199531,0.040884,0.262875,0,0.099465,0.017124,0.170954,,2902400,,
3,8,,0.082217,0.11919,0.091333,0.096159,0.068069,0.015915,0.197602,0.035025,0.260102,0.034388,,3175100,,
3,3,,0.000349,0.102897,0.103708,0.329362,0.035814,0.145611,0,0.106931,0.015308,0.16002,,2975700,,
3,3,,0.000349,0.102897,0.112279,0.316505,0.035814,0.149897,0,0.106931,0.015308,0.16002,,3131900,,
3,8,,0.037234,0.16,0.23267,0.007087,0.033788,0.005715,0.029578,0.068343,0.42025,0.005335,,3067000,,
3,3,,0.000349,0.102897,0.103708,0.320791,0.035814,0.145611,0,0.106931,0.015308,0.168591,,2906600,,
3,3,,0.000349,0.102897,0.112279,0.316505,0.035814,0.149897,0,0.106931,0.015308,0.16002,,2953700,,
3,3,,0.000349,0.102897,0.112279,0.316505,0.035814,0.149897,0,0.106931,0.015308,0.16002,,3110400,,
3,3,,0.000349,0.103271,0.105891,0.310762,0.035814,0.145552,0,0.108689,0.015308,0.174364,,3034200,,
3,3,,0.000349,0.102897,0.112279,0.316505,0.035814,0.149897,0,0.106931,0.015308,0.16002,,3168700,,
3,3,,0.000349,0.103271,0.105891,0.310762,0.035814,0.145552,0,0.108689,0.015308,0.174364,,2921600,,
3,3,,0.000349,0.102897,0.112279,0.316505,0.035814,0.149897,0,0.106931,0.015308,0.16002,,2997000,,
3,9,,0.000349,0.139271,0.105891,0.210762,0.035814,0.169552,0,0.108689,0.015308,0.214364,,3080300,,
3,3,,0.000349,0.102897,0.112279,0.316505,0.035814,0.149897,0,0.106931,0.015308,0.16002,,2975500,,
3,3,,0.000349,0.103271,0.105891,0.310762,0.035814,0.145552,0,0.108689,0.015308,0.174364,,4149100,,
3,3,,0.000349,0.138897,0.103708,0.269362,0.035814,0.169611,0,0.106931,0.015308,0.16002,,3552100,,
3,3,,0.000349,0.103271,0.115891,0.256476,0.035814,0.145552,0,0.124403,0.015308,0.202935,,2976600,,
3,3,,0.000349,0.103271,0.105891,0.310762,0.035814,0.145552,0,0.108689,0.015308,0.174364,,3065200,,
3,3,,0.000349,0.103271,0.114462,0.297904,0.035814,0.149838,0,0.108689,0.015308,0.174364,,2977700,,
3,3,,0.000349,0.102897,0.112279,0.316505,0.035814,0.149897,0,0.106931,0.015308,0.16002,,3039400,,
3,3,,0.000349,0.103271,0.105891,0.245047,0.035814,0.145552,0,0.168689,0.015308,0.180078,,3360900,,
3,3,,0.000349,0.102897,0.112279,0.316505,0.035814,0.149897,0,0.106931,0.015308,0.16002,,2984900,,
