optical,CWE,test,0,NANOSECONDS,PREDICTIONS, Generated by ClassifierExperiments.java on 2022-05-16 21:37:12.    SYSTEMPROPERTIES:{user.name:matth,os.arch:amd64,os.name:Windows 10},ENDSYSTEMPROPERTIES
No parameter info
0.733392382639504,3163446700,3081877500,-1,156265616,10,,-1,-1
0,0,,0.450998,0.012922,0.024197,0.001646,0.175679,0.020556,0.250972,0.021832,0.0399,0.001299,,3207000,,
0,0,,0.454331,0.012922,0.024197,0.001646,0.172346,0.020556,0.250972,0.021832,0.0399,0.001299,,2952100,,
0,0,,0.454331,0.012922,0.024197,0.001646,0.172346,0.020556,0.250972,0.021832,0.0399,0.001299,,2934700,,
0,0,,0.454331,0.012922,0.024197,0.001646,0.172346,0.020556,0.250972,0.021832,0.0399,0.001299,,2816500,,
0,0,,0.400969,0.016673,0.027499,0.005048,0.166514,0.033374,0.238303,0.022038,0.039489,0.050093,,2937200,,
0,0,,0.454331,0.012922,0.024197,0.001646,0.172346,0.020556,0.250972,0.021832,0.0399,0.001299,,2816000,,
0,0,,0.454331,0.012922,0.024197,0.001646,0.172346,0.020556,0.250972,0.021832,0.0399,0.001299,,3026700,,
0,0,,0.454331,0.012922,0.024197,0.001646,0.172346,0.020556,0.250972,0.021832,0.0399,0.001299,,2758000,,
0,0,,0.328469,0.016677,0.027354,0.003029,0.16637,0.083682,0.250803,0.022331,0.086416,0.014869,,2894200,,
0,0,,0.454331,0.012922,0.024197,0.001646,0.172346,0.020556,0.250972,0.021832,0.0399,0.001299,,2793800,,
0,0,,0.315822,0.012922,0.024645,0.001646,0.308039,0.020577,0.251121,0.024369,0.039411,0.001448,,2672800,,
0,0,,0.435822,0.012922,0.024645,0.001646,0.188039,0.020577,0.251121,0.024369,0.039411,0.001448,,2752100,,
0,0,,0.296551,0.013639,0.026491,0.001646,0.191429,0.142194,0.263445,0.02408,0.039227,0.001299,,2692100,,
0,0,,0.454331,0.012922,0.024197,0.001646,0.172346,0.020556,0.250972,0.021832,0.0399,0.001299,,2699500,,
0,0,,0.454331,0.012922,0.024197,0.001646,0.172346,0.020556,0.250972,0.021832,0.0399,0.001299,,2739500,,
0,0,,0.454331,0.012922,0.024197,0.001646,0.172346,0.020556,0.250972,0.021832,0.0399,0.001299,,2679200,,
0,0,,0.454331,0.012922,0.024197,0.001646,0.172346,0.020556,0.250972,0.021832,0.0399,0.001299,,2748000,,
0,0,,0.454331,0.012922,0.024197,0.001646,0.172346,0.020556,0.250972,0.021832,0.0399,0.001299,,2632700,,
0,0,,0.416551,0.013639,0.026491,0.001646,0.191429,0.024299,0.263445,0.021975,0.039227,0.001299,,2648700,,
0,0,,0.454331,0.012922,0.024197,0.001646,0.172346,0.020556,0.250972,0.021832,0.0399,0.001299,,2780200,,
0,0,,0.454331,0.012922,0.024197,0.001646,0.172346,0.020556,0.250972,0.021832,0.0399,0.001299,,2602000,,
0,0,,0.454331,0.012922,0.024197,0.001646,0.172346,0.020556,0.250972,0.021832,0.0399,0.001299,,2745500,,
0,0,,0.454331,0.012922,0.024197,0.001646,0.172346,0.020556,0.250972,0.021832,0.0399,0.001299,,2642000,,
0,0,,0.454331,0.012922,0.024197,0.001646,0.172346,0.020556,0.250972,0.021832,0.0399,0.001299,,2637600,,
0,0,,0.454331,0.012922,0.024197,0.001646,0.172346,0.020556,0.250972,0.021832,0.0399,0.001299,,2736400,,
0,0,,0.454331,0.012922,0.024197,0.001646,0.172346,0.020556,0.250972,0.021832,0.0399,0.001299,,2667800,,
0,0,,0.454331,0.012922,0.024197,0.001646,0.172346,0.020556,0.250972,0.021832,0.0399,0.001299,,3508000,,
0,0,,0.454331,0.012922,0.024197,0.001646,0.172346,0.020556,0.250972,0.021832,0.0399,0.001299,,2641400,,
0,0,,0.454331,0.012922,0.024197,0.001646,0.172346,0.020556,0.250972,0.021832,0.0399,0.001299,,2660000,,
0,0,,0.454331,0.012922,0.024197,0.001646,0.172346,0.020556,0.250972,0.021832,0.0399,0.001299,,2752100,,
0,0,,0.454331,0.012922,0.024197,0.001646,0.172346,0.020556,0.250972,0.021832,0.0399,0.001299,,2683700,,
0,0,,0.454331,0.012922,0.024197,0.001646,0.172346,0.020556,0.250972,0.021832,0.0399,0.001299,,2863000,,
0,0,,0.454331,0.012922,0.024197,0.001646,0.172346,0.020556,0.250972,0.021832,0.0399,0.001299,,4037400,,
0,0,,0.454331,0.012922,0.024197,0.001646,0.172346,0.020556,0.250972,0.021832,0.0399,0.001299,,4864000,,
0,0,,0.435822,0.012922,0.024645,0.001646,0.188039,0.020577,0.251121,0.024369,0.039411,0.001448,,4055000,,
0,0,,0.454331,0.012922,0.024197,0.001646,0.172346,0.020556,0.250972,0.021832,0.0399,0.001299,,2688600,,
0,0,,0.435822,0.012922,0.024645,0.001646,0.188039,0.020577,0.251121,0.024369,0.039411,0.001448,,2662300,,
0,0,,0.454331,0.012922,0.024197,0.001646,0.172346,0.020556,0.250972,0.021832,0.0399,0.001299,,2666600,,
0,0,,0.454331,0.012922,0.024197,0.001646,0.172346,0.020556,0.250972,0.021832,0.0399,0.001299,,2667400,,
0,0,,0.296551,0.013639,0.026491,0.001646,0.191429,0.142194,0.263445,0.02408,0.039227,0.001299,,2691300,,
0,0,,0.454331,0.012922,0.024197,0.001646,0.172346,0.020556,0.250972,0.021832,0.0399,0.001299,,2664000,,
0,0,,0.454331,0.012922,0.024197,0.001646,0.172346,0.020556,0.250972,0.021832,0.0399,0.001299,,2699100,,
0,0,,0.454331,0.012922,0.024197,0.001646,0.172346,0.020556,0.250972,0.021832,0.0399,0.001299,,2670800,,
0,0,,0.454331,0.012922,0.024197,0.001646,0.172346,0.020556,0.250972,0.021832,0.0399,0.001299,,2662600,,
0,0,,0.454331,0.012922,0.024197,0.001646,0.172346,0.020556,0.250972,0.021832,0.0399,0.001299,,2664700,,
0,0,,0.435822,0.012922,0.024645,0.001646,0.188039,0.020577,0.251121,0.024369,0.039411,0.001448,,2698300,,
0,0,,0.435822,0.012922,0.024645,0.001646,0.188039,0.020577,0.251121,0.024369,0.039411,0.001448,,2685200,,
0,0,,0.454331,0.012922,0.024197,0.001646,0.172346,0.020556,0.250972,0.021832,0.0399,0.001299,,2679000,,
0,0,,0.435822,0.012922,0.024645,0.001646,0.188039,0.020577,0.251121,0.024369,0.039411,0.001448,,2679000,,
0,0,,0.435822,0.012922,0.024645,0.001646,0.188039,0.020577,0.251121,0.024369,0.039411,0.001448,,2663700,,
0,0,,0.454331,0.012922,0.024197,0.001646,0.172346,0.020556,0.250972,0.021832,0.0399,0.001299,,2687000,,
0,0,,0.454331,0.012922,0.024197,0.001646,0.172346,0.020556,0.250972,0.021832,0.0399,0.001299,,2686400,,
0,0,,0.454331,0.012922,0.024197,0.001646,0.172346,0.020556,0.250972,0.021832,0.0399,0.001299,,2787800,,
0,0,,0.454331,0.012922,0.024197,0.001646,0.172346,0.020556,0.250972,0.021832,0.0399,0.001299,,2718600,,
0,0,,0.454331,0.012922,0.024197,0.001646,0.172346,0.020556,0.250972,0.021832,0.0399,0.001299,,2699200,,
0,0,,0.454331,0.012922,0.024197,0.001646,0.172346,0.020556,0.250972,0.021832,0.0399,0.001299,,2697700,,
0,0,,0.435822,0.012922,0.024645,0.001646,0.188039,0.020577,0.251121,0.024369,0.039411,0.001448,,2722800,,
0,0,,0.454331,0.012922,0.024197,0.001646,0.172346,0.020556,0.250972,0.021832,0.0399,0.001299,,2685200,,
0,0,,0.454331,0.012922,0.024197,0.001646,0.172346,0.020556,0.250972,0.021832,0.0399,0.001299,,2736200,,
0,0,,0.454331,0.012922,0.024197,0.001646,0.172346,0.020556,0.250972,0.021832,0.0399,0.001299,,2659600,,
0,0,,0.435822,0.012922,0.024645,0.001646,0.188039,0.020577,0.251121,0.024369,0.039411,0.001448,,2668600,,
0,0,,0.435822,0.012922,0.024645,0.001646,0.188039,0.020577,0.251121,0.024369,0.039411,0.001448,,2688300,,
0,0,,0.454331,0.012922,0.024197,0.001646,0.172346,0.020556,0.250972,0.021832,0.0399,0.001299,,2668200,,
0,0,,0.454331,0.012922,0.024197,0.001646,0.172346,0.020556,0.250972,0.021832,0.0399,0.001299,,2681400,,
0,0,,0.454331,0.012922,0.024197,0.001646,0.172346,0.020556,0.250972,0.021832,0.0399,0.001299,,2708000,,
0,0,,0.450998,0.012922,0.024197,0.001646,0.175679,0.020556,0.250972,0.021832,0.0399,0.001299,,2715000,,
0,0,,0.435822,0.012922,0.024645,0.001646,0.188039,0.020577,0.251121,0.024369,0.039411,0.001448,,2763900,,
0,0,,0.454331,0.012922,0.024197,0.001646,0.172346,0.020556,0.250972,0.021832,0.0399,0.001299,,2701100,,
0,0,,0.454331,0.012922,0.024197,0.001646,0.172346,0.020556,0.250972,0.021832,0.0399,0.001299,,2678300,,
0,0,,0.454331,0.012922,0.024197,0.001646,0.172346,0.020556,0.250972,0.021832,0.0399,0.001299,,2687400,,
0,0,,0.454331,0.012922,0.024197,0.001646,0.172346,0.020556,0.250972,0.021832,0.0399,0.001299,,2736900,,
0,0,,0.454331,0.012922,0.024197,0.001646,0.172346,0.020556,0.250972,0.021832,0.0399,0.001299,,2678000,,
0,0,,0.454331,0.012922,0.024197,0.001646,0.172346,0.020556,0.250972,0.021832,0.0399,0.001299,,2699500,,
0,0,,0.454331,0.012922,0.024197,0.001646,0.172346,0.020556,0.250972,0.021832,0.0399,0.001299,,2677800,,
0,0,,0.454331,0.012922,0.024197,0.001646,0.172346,0.020556,0.250972,0.021832,0.0399,0.001299,,2700300,,
0,0,,0.454331,0.012922,0.024197,0.001646,0.172346,0.020556,0.250972,0.021832,0.0399,0.001299,,2717500,,
0,0,,0.435822,0.012922,0.024645,0.001646,0.188039,0.020577,0.251121,0.024369,0.039411,0.001448,,2692200,,
0,0,,0.454331,0.012922,0.024197,0.001646,0.172346,0.020556,0.250972,0.021832,0.0399,0.001299,,2690300,,
0,0,,0.454331,0.012922,0.024197,0.001646,0.172346,0.020556,0.250972,0.021832,0.0399,0.001299,,2724300,,
0,0,,0.454331,0.012922,0.024197,0.001646,0.172346,0.020556,0.250972,0.021832,0.0399,0.001299,,2687500,,
0,0,,0.454331,0.012922,0.024197,0.001646,0.172346,0.020556,0.250972,0.021832,0.0399,0.001299,,2690100,,
0,0,,0.435822,0.012922,0.024645,0.001646,0.188039,0.020577,0.251121,0.024369,0.039411,0.001448,,2712400,,
0,0,,0.454331,0.012922,0.024197,0.001646,0.172346,0.020556,0.250972,0.021832,0.0399,0.001299,,2683700,,
0,0,,0.454331,0.012922,0.024197,0.001646,0.172346,0.020556,0.250972,0.021832,0.0399,0.001299,,2678200,,
0,0,,0.454331,0.012922,0.024197,0.001646,0.172346,0.020556,0.250972,0.021832,0.0399,0.001299,,2709700,,
0,0,,0.454331,0.012922,0.024197,0.001646,0.172346,0.020556,0.250972,0.021832,0.0399,0.001299,,2682700,,
0,0,,0.324051,0.013639,0.026491,0.001646,0.191429,0.036799,0.275945,0.021975,0.106727,0.001299,,2679600,,
0,0,,0.454331,0.012922,0.024197,0.001646,0.172346,0.020556,0.250972,0.021832,0.0399,0.001299,,2701100,,
0,0,,0.454331,0.012922,0.024197,0.001646,0.172346,0.020556,0.250972,0.021832,0.0399,0.001299,,2683100,,
0,0,,0.454331,0.012922,0.024197,0.001646,0.172346,0.020556,0.250972,0.021832,0.0399,0.001299,,2688300,,
0,0,,0.454331,0.012922,0.024197,0.001646,0.172346,0.020556,0.250972,0.021832,0.0399,0.001299,,2688600,,
0,0,,0.454331,0.012922,0.024197,0.001646,0.172346,0.020556,0.250972,0.021832,0.0399,0.001299,,2684000,,
0,0,,0.454331,0.012922,0.024197,0.001646,0.172346,0.020556,0.250972,0.021832,0.0399,0.001299,,2666100,,
0,0,,0.435822,0.012922,0.024645,0.001646,0.188039,0.020577,0.251121,0.024369,0.039411,0.001448,,2707800,,
0,0,,0.416551,0.013639,0.026491,0.001646,0.191429,0.024299,0.263445,0.021975,0.039227,0.001299,,2686700,,
0,0,,0.454331,0.012922,0.024197,0.001646,0.172346,0.020556,0.250972,0.021832,0.0399,0.001299,,2687100,,
0,0,,0.454331,0.012922,0.024197,0.001646,0.172346,0.020556,0.250972,0.021832,0.0399,0.001299,,2680100,,
0,0,,0.435822,0.012922,0.024645,0.001646,0.188039,0.020577,0.251121,0.024369,0.039411,0.001448,,2692400,,
0,0,,0.454331,0.012922,0.024197,0.001646,0.172346,0.020556,0.250972,0.021832,0.0399,0.001299,,2673700,,
0,0,,0.439143,0.019023,0.028569,0.016429,0.164563,0.020751,0.238303,0.029708,0.039147,0.004364,,2723300,,
0,0,,0.435822,0.012922,0.024645,0.001646,0.188039,0.020577,0.251121,0.024369,0.039411,0.001448,,2730900,,
0,0,,0.315822,0.012922,0.024645,0.001646,0.308039,0.020577,0.251121,0.024369,0.039411,0.001448,,2685700,,
0,0,,0.416121,0.012922,0.024621,0.001646,0.172642,0.020428,0.2897,0.021832,0.03879,0.001299,,2682600,,
0,0,,0.454331,0.012922,0.024197,0.001646,0.172346,0.020556,0.250972,0.021832,0.0399,0.001299,,2673900,,
0,6,,0.296121,0.012922,0.024621,0.001646,0.172642,0.020428,0.4097,0.021832,0.03879,0.001299,,2680200,,
0,0,,0.454331,0.012922,0.024197,0.001646,0.172346,0.020556,0.250972,0.021832,0.0399,0.001299,,2705200,,
0,0,,0.454331,0.012922,0.024197,0.001646,0.172346,0.020556,0.250972,0.021832,0.0399,0.001299,,2730900,,
0,0,,0.454331,0.012922,0.024197,0.001646,0.172346,0.020556,0.250972,0.021832,0.0399,0.001299,,2688700,,
0,0,,0.296551,0.013639,0.026491,0.001646,0.191429,0.142194,0.263445,0.02408,0.039227,0.001299,,2683900,,
0,0,,0.435822,0.012922,0.024645,0.001646,0.188039,0.020577,0.251121,0.024369,0.039411,0.001448,,2682700,,
0,0,,0.454331,0.012922,0.024197,0.001646,0.172346,0.020556,0.250972,0.021832,0.0399,0.001299,,2694800,,
1,8,,0.02448,0.35018,0.072777,0.02407,0.049011,0.007402,0.041952,0.068232,0.353636,0.008259,,2746200,,
1,1,,0.000371,0.230993,0.09697,0.190198,0.036977,0.151741,0,0.101818,0.015055,0.175876,,2682500,,
1,8,,0.024749,0.347265,0.073652,0.010363,0.052154,0.006629,0.044775,0.065978,0.368871,0.005563,,2690500,,
1,1,,0.000371,0.230993,0.09697,0.190198,0.036977,0.151741,0,0.101818,0.015055,0.175876,,2696100,,
1,1,,0.000371,0.230993,0.09697,0.190198,0.036977,0.151741,0,0.101818,0.015055,0.175876,,2687300,,
1,0,,0.296551,0.103639,0.028991,0.001646,0.196429,0.026799,0.278445,0.021975,0.044227,0.001299,,2694100,,
1,9,,0.000371,0.111978,0.101979,0.175576,0.043666,0.151404,0,0.103422,0.020139,0.291465,,2749600,,
1,7,,0.027773,0.188167,0.053908,0.013388,0.18703,0.017315,0.044877,0.307102,0.154775,0.005664,,2684800,,
1,1,,0.000371,0.231978,0.101979,0.173471,0.041561,0.151404,0,0.103422,0.018034,0.177781,,2693400,,
1,8,,0.024749,0.348276,0.073652,0.010363,0.052154,0.006629,0.044775,0.065978,0.36786,0.005563,,2690600,,
1,9,,0.023086,0.106425,0.097535,0.142148,0.056785,0.143416,0.02294,0.092454,0.144916,0.170293,,2693200,,
1,8,,0.024749,0.328276,0.073652,0.010363,0.052154,0.006629,0.044775,0.065978,0.38786,0.005563,,2739600,,
1,1,,0.000371,0.238318,0.114046,0.17765,0.036341,0.151569,0,0.100886,0.015793,0.165027,,2709200,,
1,1,,0.000407,0.222539,0.094381,0.158936,0.037538,0.201537,0,0.093066,0.016358,0.175236,,2686500,,
1,3,,0.000371,0.209386,0.09575,0.225221,0.035603,0.153132,0,0.100444,0.015055,0.165039,,2691200,,
1,1,,0.000556,0.229112,0.103635,0.160282,0.042165,0.178967,0,0.092773,0.016811,0.175698,,2694600,,
1,8,,0.024749,0.345912,0.073652,0.010363,0.054259,0.006629,0.046881,0.065978,0.366014,0.005563,,2705600,,
1,5,,0.000556,0.169112,0.103635,0.160282,0.052165,0.203967,0,0.092773,0.016811,0.200698,,2729500,,
1,1,,0.02305,0.233299,0.110817,0.155663,0.049631,0.131264,0.02294,0.097589,0.034298,0.141451,,2687800,,
1,8,,0.024749,0.350122,0.073652,0.010363,0.052154,0.006629,0.044775,0.065978,0.366014,0.005563,,2692800,,
1,8,,0.024749,0.350122,0.073652,0.010363,0.052154,0.006629,0.044775,0.065978,0.366014,0.005563,,2686600,,
1,2,,0.000556,0.109112,0.222524,0.160282,0.043276,0.178967,0,0.092773,0.016811,0.175698,,2697400,,
1,1,,0.000371,0.230993,0.09697,0.190198,0.036977,0.151741,0,0.101818,0.015055,0.175876,,2693900,,
1,5,,0.000407,0.102539,0.094381,0.158936,0.037538,0.321537,0,0.093066,0.016358,0.175236,,2731400,,
1,8,,0.024749,0.350122,0.073652,0.010363,0.052154,0.006629,0.044775,0.065978,0.366014,0.005563,,2690200,,
1,1,,0.031693,0.287375,0.055919,0.064464,0.070747,0.011762,0.157394,0.05836,0.242452,0.019833,,2690500,,
1,3,,0.000371,0.129552,0.09575,0.259721,0.035603,0.198465,0,0.100444,0.015055,0.165039,,2696500,,
1,8,,0.024749,0.350122,0.073652,0.010363,0.052154,0.006629,0.044775,0.065978,0.366014,0.005563,,2703000,,
1,8,,0.024749,0.350122,0.073652,0.010363,0.052154,0.006629,0.044775,0.065978,0.366014,0.005563,,2713800,,
1,1,,0.000371,0.238318,0.114046,0.17765,0.036341,0.151569,0,0.100886,0.015793,0.165027,,2707300,,
1,8,,0.024749,0.350122,0.073652,0.010363,0.052154,0.006629,0.044775,0.065978,0.366014,0.005563,,2692000,,
1,9,,0.000371,0.115203,0.09697,0.190198,0.036977,0.155952,0,0.101818,0.017161,0.28535,,2693000,,
1,8,,0.03436,0.170233,0.055919,0.064464,0.180081,0.011762,0.165394,0.05836,0.239595,0.019833,,2705500,,
1,1,,0.00052,0.231751,0.10485,0.173828,0.04023,0.16665,0,0.100444,0.015802,0.165925,,2700800,,
1,1,,0.000371,0.238318,0.114046,0.17765,0.036341,0.151569,0,0.100886,0.015793,0.165027,,2699000,,
1,8,,0.024749,0.347265,0.073652,0.010363,0.052154,0.006629,0.044775,0.065978,0.368871,0.005563,,2781800,,
1,1,,0.000371,0.230993,0.09697,0.190198,0.036977,0.151741,0,0.101818,0.015055,0.175876,,2703000,,
1,1,,0.031561,0.280562,0.072917,0.068589,0.069373,0.012353,0.156734,0.056955,0.231488,0.019468,,2707300,,
1,1,,0.031962,0.288329,0.056794,0.050757,0.07389,0.01099,0.160218,0.056106,0.253819,0.017136,,2688400,,
1,8,,0.024749,0.350122,0.073652,0.010363,0.052154,0.006629,0.044775,0.065978,0.366014,0.005563,,2771800,,
1,8,,0.024348,0.340509,0.089775,0.028196,0.047637,0.007993,0.041292,0.066827,0.345529,0.007894,,2684800,,
1,5,,0.000407,0.102539,0.094381,0.158936,0.037538,0.321537,0,0.093066,0.016358,0.175236,,2724700,,
1,1,,0.000371,0.228207,0.095747,0.173543,0.036509,0.152337,0,0.132595,0.015206,0.165486,,2701500,,
1,1,,0.000371,0.230993,0.09697,0.190198,0.036977,0.151741,0,0.101818,0.015055,0.175876,,2689600,,
1,1,,0.031962,0.290175,0.056794,0.050757,0.07389,0.01099,0.160218,0.056106,0.251973,0.017136,,2697700,,
1,9,,0.000407,0.106746,0.094526,0.160956,0.037682,0.167939,0,0.092773,0.019037,0.319934,,2729200,,
1,7,,0.000371,0.108207,0.095747,0.173543,0.036509,0.152337,0,0.252595,0.015206,0.165486,,2691500,,
1,8,,0.024749,0.350122,0.073652,0.010363,0.052154,0.006629,0.044775,0.065978,0.366014,0.005563,,2753000,,
1,8,,0.024749,0.350122,0.073652,0.010363,0.052154,0.006629,0.044775,0.065978,0.366014,0.005563,,2718000,,
1,1,,0.000371,0.238318,0.114046,0.17765,0.036341,0.151569,0,0.100886,0.015793,0.165027,,2710700,,
1,3,,0.000371,0.152219,0.09575,0.250387,0.035603,0.185132,0,0.100444,0.015055,0.165039,,2744400,,
1,1,,0.000371,0.228207,0.095747,0.173543,0.036509,0.152337,0,0.132595,0.015206,0.165486,,2701600,,
1,8,,0.024749,0.350122,0.073652,0.010363,0.052154,0.006629,0.044775,0.065978,0.366014,0.005563,,2735200,,
1,1,,0.02305,0.225974,0.09374,0.168211,0.050267,0.131437,0.02294,0.09852,0.03356,0.1523,,2720800,,
1,8,,0.02448,0.35018,0.072777,0.02407,0.049011,0.007402,0.041952,0.068232,0.353636,0.008259,,2716600,,
1,1,,0.02305,0.225974,0.09374,0.168211,0.050267,0.131437,0.02294,0.09852,0.03356,0.1523,,2722800,,
1,1,,0.000407,0.229338,0.100764,0.159924,0.043495,0.163721,0,0.095752,0.019044,0.187554,,2740200,,
1,1,,0.000556,0.229112,0.103635,0.160282,0.042165,0.178967,0,0.092773,0.016811,0.175698,,2695700,,
1,1,,0.000371,0.228207,0.095747,0.173543,0.036509,0.152337,0,0.132595,0.015206,0.165486,,2722100,,
1,1,,0.000371,0.230993,0.09697,0.190198,0.036977,0.151741,0,0.101818,0.015055,0.175876,,2692200,,
1,7,,0.000371,0.108207,0.095747,0.173543,0.036509,0.152337,0,0.252595,0.015206,0.165486,,2725600,,
1,8,,0.024348,0.330398,0.071476,0.02409,0.047804,0.008761,0.041292,0.098535,0.344942,0.008354,,2713300,,
1,8,,0.034629,0.170175,0.056794,0.050757,0.183224,0.01099,0.168218,0.056106,0.251973,0.017136,,2705300,,
1,8,,0.024749,0.350122,0.073652,0.010363,0.052154,0.006629,0.044775,0.065978,0.366014,0.005563,,2741000,,
1,8,,0.024348,0.326221,0.071479,0.058267,0.046899,0.009556,0.041292,0.066384,0.347648,0.007907,,2709700,,
1,8,,0.024749,0.350122,0.073652,0.010363,0.052154,0.006629,0.044775,0.065978,0.366014,0.005563,,2720700,,
1,1,,0.000407,0.222535,0.094526,0.160956,0.037682,0.163729,0,0.092773,0.016931,0.210461,,2720800,,
1,1,,0.031962,0.287318,0.056794,0.050757,0.07389,0.01099,0.160218,0.056106,0.25483,0.017136,,2713200,,
1,8,,0.024749,0.350122,0.073652,0.010363,0.052154,0.006629,0.044775,0.065978,0.366014,0.005563,,2697600,,
1,7,,0.02305,0.103188,0.092517,0.151556,0.049799,0.132032,0.02294,0.249297,0.033711,0.14191,,2704800,,
1,1,,0.000556,0.229112,0.103635,0.160282,0.042165,0.178967,0,0.092773,0.016811,0.175698,,2710000,,
1,1,,0.000371,0.230993,0.09697,0.190198,0.036977,0.151741,0,0.101818,0.015055,0.175876,,2706500,,
1,1,,0.031962,0.287318,0.056794,0.050757,0.07389,0.01099,0.160218,0.056106,0.25483,0.017136,,2733400,,
1,8,,0.024749,0.348276,0.073652,0.010363,0.052154,0.006629,0.044775,0.065978,0.36786,0.005563,,2731900,,
1,1,,0.000371,0.230993,0.09697,0.190198,0.036977,0.151741,0,0.101818,0.015055,0.175876,,2718200,,
1,1,,0.000556,0.229112,0.103635,0.160282,0.042165,0.178967,0,0.092773,0.016811,0.175698,,2726400,,
1,1,,0.000556,0.229112,0.103635,0.160282,0.042165,0.178967,0,0.092773,0.016811,0.175698,,2723700,,
1,3,,0.000371,0.132219,0.09575,0.230387,0.035603,0.225132,0,0.100444,0.015055,0.165039,,2712100,,
1,8,,0.024749,0.350122,0.073652,0.010363,0.052154,0.006629,0.044775,0.065978,0.366014,0.005563,,2733100,,
1,6,,0.296551,0.036973,0.026491,0.001646,0.191429,0.024299,0.360112,0.021975,0.039227,0.001299,,2709500,,
1,8,,0.024749,0.350122,0.073652,0.010363,0.052154,0.006629,0.044775,0.065978,0.366014,0.005563,,2718600,,
1,1,,0.000407,0.229338,0.100764,0.159924,0.043495,0.163721,0,0.095752,0.019044,0.187554,,2747500,,
1,9,,0.000371,0.106886,0.09575,0.209826,0.037708,0.153132,0,0.100444,0.017161,0.278723,,2706200,,
1,3,,0.000371,0.209386,0.09575,0.225221,0.035603,0.153132,0,0.100444,0.015055,0.165039,,2726600,,
1,8,,0.024749,0.350122,0.073652,0.010363,0.052154,0.006629,0.044775,0.065978,0.366014,0.005563,,2715200,,
1,8,,0.024749,0.350122,0.073652,0.010363,0.052154,0.006629,0.044775,0.065978,0.366014,0.005563,,2705000,,
1,8,,0.024749,0.350122,0.073652,0.010363,0.052154,0.006629,0.044775,0.065978,0.366014,0.005563,,2700300,,
1,1,,0.02305,0.223188,0.092517,0.151556,0.049799,0.132032,0.02294,0.129297,0.033711,0.14191,,2729900,,
1,1,,0.000371,0.238318,0.114046,0.17765,0.036341,0.151569,0,0.100886,0.015793,0.165027,,2700400,,
1,1,,0.000371,0.238318,0.114046,0.17765,0.036341,0.151569,0,0.100886,0.015793,0.165027,,2721300,,
1,1,,0.000371,0.226886,0.09575,0.207721,0.035603,0.153132,0,0.100444,0.015055,0.165039,,2706200,,
1,8,,0.024749,0.350122,0.073652,0.010363,0.052154,0.006629,0.044775,0.065978,0.366014,0.005563,,2703500,,
1,1,,0.031962,0.290175,0.056794,0.050757,0.07389,0.01099,0.160218,0.056106,0.251973,0.017136,,2705700,,
1,2,,0.000556,0.109112,0.222524,0.160282,0.043276,0.178967,0,0.092773,0.016811,0.175698,,2988500,,
1,1,,0.000371,0.230993,0.09697,0.190198,0.036977,0.151741,0,0.101818,0.015055,0.175876,,2720500,,
1,8,,0.024749,0.345912,0.073652,0.010363,0.054259,0.006629,0.046881,0.065978,0.366014,0.005563,,2690600,,
1,5,,0.000407,0.102539,0.094381,0.158936,0.037538,0.321537,0,0.093066,0.016358,0.175236,,2709100,,
1,1,,0.000407,0.222539,0.094381,0.158936,0.037538,0.201537,0,0.093066,0.016358,0.175236,,2697500,,
1,1,,0.000407,0.229338,0.100764,0.159924,0.043495,0.163721,0,0.095752,0.019044,0.187554,,2696400,,
1,2,,0.000556,0.109112,0.222524,0.160282,0.043276,0.178967,0,0.092773,0.016811,0.175698,,2755900,,
1,9,,0.000371,0.108207,0.095747,0.175649,0.038614,0.152337,0,0.132595,0.017312,0.27917,,2718300,,
1,5,,0.000556,0.169112,0.103635,0.160282,0.072165,0.203967,0,0.092773,0.016811,0.180698,,2702100,,
1,1,,0.000371,0.230993,0.09697,0.190198,0.036977,0.151741,0,0.101818,0.015055,0.175876,,2687100,,
1,2,,0.000371,0.161175,0.191189,0.17765,0.036341,0.151569,0,0.100886,0.015793,0.165027,,2690800,,
1,8,,0.024749,0.350122,0.073652,0.010363,0.052154,0.006629,0.044775,0.065978,0.366014,0.005563,,2697500,,
1,1,,0.000371,0.231978,0.101979,0.173471,0.041561,0.151404,0,0.103422,0.018034,0.177781,,2755600,,
1,1,,0.000371,0.230993,0.09697,0.190198,0.036977,0.151741,0,0.101818,0.015055,0.175876,,2736500,,
1,7,,0.027372,0.187432,0.051732,0.027114,0.18268,0.019447,0.041394,0.33966,0.114714,0.008456,,2701600,,
1,1,,0.000371,0.238318,0.114046,0.17765,0.036341,0.151569,0,0.100886,0.015793,0.165027,,2686800,,
1,1,,0.000371,0.228207,0.095747,0.173543,0.036509,0.152337,0,0.132595,0.015206,0.165486,,2697100,,
1,4,,0.296551,0.013639,0.026491,0.001646,0.311429,0.024299,0.263445,0.021975,0.039227,0.001299,,2680800,,
1,1,,0.000371,0.230993,0.09697,0.190198,0.036977,0.151741,0,0.101818,0.015055,0.175876,,2741100,,
1,8,,0.024749,0.328276,0.073652,0.010363,0.052154,0.006629,0.044775,0.065978,0.38786,0.005563,,2693000,,
1,8,,0.024749,0.350122,0.073652,0.010363,0.052154,0.006629,0.044775,0.065978,0.366014,0.005563,,2701100,,
1,8,,0.024749,0.350122,0.073652,0.010363,0.052154,0.006629,0.044775,0.065978,0.366014,0.005563,,2705800,,
2,2,,0.000556,0.109112,0.223635,0.160282,0.042165,0.178967,0,0.092773,0.016811,0.175698,,2688900,,
2,7,,0.000371,0.108207,0.117652,0.195448,0.036509,0.152337,0,0.20688,0.015206,0.167391,,2736100,,
2,8,,0.039668,0.224079,0.068405,0.054621,0.056794,0.007207,0.05462,0.060355,0.426389,0.007861,,2733000,,
2,2,,0.000371,0.118318,0.214046,0.18765,0.036341,0.151569,0,0.100886,0.020793,0.170027,,2715900,,
2,6,,0.296121,0.012922,0.036621,0.001646,0.180642,0.020428,0.3617,0.021832,0.06679,0.001299,,2715700,,
2,6,,0.296551,0.013639,0.026491,0.001646,0.191429,0.024299,0.383445,0.021975,0.039227,0.001299,,2724300,,
2,2,,0.000371,0.118318,0.234046,0.17765,0.036341,0.151569,0,0.100886,0.015793,0.165027,,2713500,,
2,2,,0.000407,0.109338,0.220764,0.159924,0.043495,0.163721,0,0.095752,0.019044,0.187554,,2757000,,
2,2,,0.000371,0.118318,0.234046,0.17765,0.036341,0.151569,0,0.100886,0.015793,0.165027,,2708700,,
2,2,,0.000556,0.109112,0.223635,0.160282,0.042165,0.178967,0,0.092773,0.016811,0.175698,,2723300,,
2,8,,0.024348,0.318663,0.089775,0.028196,0.047637,0.007993,0.041292,0.066827,0.367375,0.007894,,2723300,,
2,2,,0.023235,0.104093,0.220406,0.138295,0.055455,0.158662,0.02294,0.089476,0.035316,0.152122,,2712100,,
2,6,,0.296551,0.013639,0.026491,0.001646,0.191429,0.024299,0.383445,0.021975,0.039227,0.001299,,2733200,,
2,8,,0.024749,0.259688,0.073652,0.010363,0.052154,0.006629,0.044775,0.065978,0.456449,0.005563,,2729500,,
2,6,,0.296121,0.012922,0.024621,0.001646,0.172642,0.020428,0.4097,0.021832,0.03879,0.001299,,2718300,,
2,2,,0.02684,0.057085,0.446915,0.014283,0.052081,0.005616,0.048504,0.074541,0.268685,0.00545,,2721200,,
2,2,,0.000371,0.118318,0.234046,0.17765,0.036341,0.151569,0,0.100886,0.015793,0.165027,,2715000,,
2,6,,0.296121,0.012922,0.044621,0.001646,0.172642,0.020428,0.3897,0.021832,0.03879,0.001299,,2710400,,
2,8,,0.025279,0.325836,0.092332,0.011162,0.051631,0.007027,0.048354,0.064129,0.368949,0.0053,,2737400,,
2,2,,0.000371,0.110993,0.21697,0.190198,0.036977,0.151741,0,0.101818,0.015055,0.175876,,2732000,,
2,3,,0.000371,0.110993,0.123637,0.276865,0.036977,0.151741,0,0.101818,0.015055,0.182543,,2695700,,
2,2,,0.000556,0.109112,0.223635,0.160282,0.042165,0.178967,0,0.092773,0.016811,0.175698,,2703000,,
2,2,,0.026456,0.056423,0.394007,0.012575,0.061781,0.005777,0.044405,0.13115,0.262096,0.005331,,2702800,,
2,2,,0.02684,0.057085,0.446915,0.014283,0.052081,0.005616,0.048504,0.074541,0.268685,0.00545,,2726700,,
2,0,,0.368322,0.012922,0.047145,0.001646,0.198039,0.020577,0.251121,0.049369,0.049411,0.001448,,2693300,,
2,1,,0.02305,0.210442,0.110817,0.17852,0.049631,0.131264,0.02294,0.097589,0.034298,0.141451,,2892600,,
2,2,,0.000371,0.118318,0.234046,0.17765,0.036341,0.151569,0,0.100886,0.015793,0.165027,,2692700,,
2,2,,0.02684,0.057085,0.446915,0.014283,0.052081,0.005616,0.048504,0.074541,0.268685,0.00545,,2697700,,
2,2,,0.02305,0.113299,0.230817,0.155663,0.049631,0.131264,0.02294,0.097589,0.034298,0.141451,,2699100,,
2,2,,0.02684,0.057085,0.446915,0.014283,0.052081,0.005616,0.048504,0.074541,0.268685,0.00545,,2722600,,
2,3,,0.000371,0.110993,0.09697,0.310198,0.036977,0.151741,0,0.101818,0.015055,0.175876,,2723000,,
2,2,,0.000371,0.118318,0.234046,0.17765,0.036341,0.151569,0,0.100886,0.015793,0.165027,,2689000,,
2,2,,0.000556,0.109112,0.223635,0.160282,0.042165,0.178967,0,0.092773,0.016811,0.175698,,2699900,,
2,8,,0.024749,0.348276,0.073652,0.010363,0.052154,0.006629,0.044775,0.065978,0.36786,0.005563,,2694400,,
2,3,,0.000407,0.102535,0.138162,0.237319,0.037682,0.163729,0,0.092773,0.016931,0.210461,,2689900,,
2,7,,0.000371,0.108207,0.095747,0.173543,0.036509,0.152337,0,0.252595,0.015206,0.165486,,2699200,,
2,2,,0.000371,0.118318,0.234046,0.17765,0.036341,0.151569,0,0.100886,0.015793,0.165027,,2737600,,
2,6,,0.296121,0.012922,0.056621,0.001646,0.180642,0.020428,0.3617,0.021832,0.04679,0.001299,,2744400,,
2,3,,0.000556,0.109112,0.127271,0.256646,0.042165,0.178967,0,0.092773,0.016811,0.175698,,2715900,,
2,2,,0.000556,0.109112,0.223635,0.160282,0.042165,0.178967,0,0.092773,0.016811,0.175698,,3729400,,
2,2,,0.000556,0.109112,0.223635,0.160282,0.042165,0.178967,0,0.092773,0.016811,0.175698,,2746900,,
2,2,,0.000556,0.109112,0.221413,0.160282,0.044387,0.178967,0,0.092773,0.016811,0.175698,,2739300,,
2,3,,0.000371,0.110993,0.103637,0.296865,0.036977,0.151741,0,0.101818,0.015055,0.182543,,2728400,,
2,2,,0.000371,0.118318,0.234046,0.17765,0.036341,0.151569,0,0.100886,0.015793,0.165027,,2692600,,
2,2,,0.000556,0.109112,0.223635,0.160282,0.042165,0.178967,0,0.092773,0.016811,0.175698,,2692500,,
2,2,,0.000371,0.110993,0.21697,0.190198,0.036977,0.151741,0,0.101818,0.015055,0.175876,,2716900,,
2,2,,0.000371,0.118318,0.234046,0.17765,0.036341,0.151569,0,0.100886,0.015793,0.165027,,2707700,,
2,3,,0.02305,0.113299,0.154453,0.232026,0.049631,0.131264,0.02294,0.097589,0.034298,0.141451,,2721700,,
2,2,,0.026607,0.054503,0.444825,0.014443,0.050873,0.018707,0.04568,0.069126,0.257316,0.017919,,2698300,,
2,2,,0.023235,0.104093,0.220406,0.138295,0.055455,0.158662,0.02294,0.089476,0.035316,0.152122,,2708100,,
2,8,,0.024749,0.259688,0.073652,0.010363,0.052154,0.006629,0.044775,0.065978,0.456449,0.005563,,2719900,,
2,2,,0.025908,0.05648,0.424226,0.028108,0.047773,0.005992,0.08017,0.076796,0.246797,0.007749,,2726500,,
2,2,,0.000556,0.109112,0.223635,0.160282,0.042165,0.178967,0,0.092773,0.016811,0.175698,,2691000,,
2,2,,0.000407,0.109338,0.220764,0.159924,0.043495,0.163721,0,0.095752,0.019044,0.187554,,2748300,,
2,8,,0.024896,0.285174,0.072757,0.009454,0.061331,0.007187,0.044255,0.087405,0.40236,0.005181,,2697600,,
2,2,,0.000407,0.109338,0.200764,0.169924,0.043495,0.163721,0,0.095752,0.024044,0.192554,,2704800,,
2,6,,0.296121,0.012922,0.036621,0.001646,0.180642,0.020428,0.3617,0.021832,0.06679,0.001299,,2705000,,
2,2,,0.000407,0.109338,0.220764,0.159924,0.043495,0.163721,0,0.095752,0.019044,0.187554,,2685900,,
2,2,,0.02684,0.057085,0.446915,0.014283,0.052081,0.005616,0.048504,0.074541,0.268685,0.00545,,2723900,,
2,2,,0.000556,0.109112,0.223635,0.160282,0.042165,0.178967,0,0.092773,0.016811,0.175698,,2684500,,
2,2,,0.000556,0.109112,0.223635,0.160282,0.042165,0.178967,0,0.092773,0.016811,0.175698,,2684500,,
2,2,,0.000371,0.118318,0.234046,0.17765,0.036341,0.151569,0,0.100886,0.015793,0.165027,,2702200,,
2,6,,0.281118,0.023249,0.036608,0.004375,0.170997,0.048612,0.358303,0.022038,0.039369,0.01533,,2710300,,
2,2,,0.000371,0.118318,0.234046,0.17765,0.036341,0.151569,0,0.100886,0.015793,0.165027,,2689100,,
2,6,,0.296551,0.013639,0.026491,0.001646,0.191429,0.024299,0.383445,0.021975,0.039227,0.001299,,2706300,,
2,2,,0.000371,0.118318,0.234046,0.17765,0.036341,0.151569,0,0.100886,0.015793,0.165027,,2688500,,
2,2,,0.000371,0.110993,0.21697,0.190198,0.036977,0.151741,0,0.101818,0.015055,0.175876,,2691200,,
2,1,,0.000371,0.21546,0.114046,0.200507,0.036341,0.151569,0,0.100886,0.015793,0.165027,,2697500,,
2,2,,0.023235,0.104093,0.220406,0.138295,0.055455,0.158662,0.02294,0.089476,0.035316,0.152122,,2693300,,
2,8,,0.024749,0.259688,0.073652,0.010363,0.052154,0.006629,0.044775,0.065978,0.456449,0.005563,,2684900,,
2,2,,0.02305,0.113299,0.230817,0.155663,0.049631,0.131264,0.02294,0.097589,0.034298,0.141451,,2703300,,
2,2,,0.026571,0.057143,0.44604,0.02799,0.048938,0.006389,0.04568,0.076796,0.256307,0.008147,,2698600,,
2,2,,0.02684,0.057085,0.446915,0.014283,0.052081,0.005616,0.048504,0.074541,0.268685,0.00545,,2682800,,
2,8,,0.024749,0.285912,0.073652,0.010363,0.054259,0.006629,0.106881,0.065978,0.366014,0.005563,,2708600,,
2,8,,0.039668,0.224079,0.091935,0.103405,0.056794,0.007207,0.05462,0.060355,0.356742,0.005194,,2697200,,
2,2,,0.02684,0.057085,0.446915,0.014283,0.052081,0.005616,0.048504,0.074541,0.268685,0.00545,,2682100,,
2,2,,0.02684,0.115239,0.386915,0.014283,0.052081,0.005616,0.048504,0.074541,0.270531,0.00545,,2700600,,
2,3,,0.000371,0.110993,0.123637,0.276865,0.036977,0.151741,0,0.101818,0.015055,0.182543,,2693900,,
2,2,,0.000371,0.118318,0.234046,0.17765,0.036341,0.151569,0,0.100886,0.015793,0.165027,,2700700,,
2,2,,0.000556,0.109112,0.223635,0.160282,0.042165,0.178967,0,0.092773,0.016811,0.175698,,2684200,,
2,2,,0.000371,0.118318,0.234046,0.17765,0.036341,0.151569,0,0.100886,0.015793,0.165027,,2689100,,
2,2,,0.000371,0.118318,0.234046,0.17765,0.036341,0.151569,0,0.100886,0.015793,0.165027,,2681900,,
2,8,,0.039966,0.231259,0.069247,0.0081,0.073893,0.011078,0.066433,0.058651,0.436839,0.004534,,2709800,,
2,8,,0.024749,0.328276,0.073652,0.010363,0.052154,0.006629,0.044775,0.065978,0.38786,0.005563,,2689700,,
2,2,,0.02684,0.057085,0.446915,0.014283,0.052081,0.005616,0.048504,0.074541,0.268685,0.00545,,2705500,,
2,2,,0.025908,0.069912,0.444358,0.031317,0.048087,0.006582,0.041442,0.077239,0.247111,0.008045,,2682800,,
2,9,,0.000407,0.102535,0.094526,0.160956,0.037682,0.163729,0,0.092773,0.016931,0.330461,,2687400,,
2,8,,0.024749,0.348276,0.073652,0.010363,0.052154,0.006629,0.044775,0.065978,0.36786,0.005563,,2691400,,
2,2,,0.000371,0.118318,0.234046,0.17765,0.036341,0.151569,0,0.100886,0.015793,0.165027,,2819000,,
2,2,,0.000556,0.109112,0.223635,0.160282,0.042165,0.178967,0,0.092773,0.016811,0.175698,,2733400,,
2,6,,0.296121,0.012922,0.024621,0.001646,0.174547,0.020428,0.38589,0.021832,0.060695,0.001299,,2749200,,
2,2,,0.02684,0.115239,0.386915,0.014283,0.052081,0.005616,0.048504,0.074541,0.270531,0.00545,,2780800,,
2,2,,0.000371,0.108207,0.215747,0.173543,0.036509,0.152337,0,0.132595,0.015206,0.165486,,2732600,,
2,2,,0.000371,0.121175,0.231189,0.17765,0.036341,0.151569,0,0.100886,0.015793,0.165027,,2726500,,
2,2,,0.02684,0.057085,0.446915,0.014283,0.052081,0.005616,0.048504,0.074541,0.268685,0.00545,,2758300,,
2,2,,0.000371,0.118318,0.234046,0.17765,0.036341,0.151569,0,0.100886,0.015793,0.165027,,2726200,,
2,2,,0.000407,0.109338,0.220764,0.159924,0.043495,0.163721,0,0.095752,0.019044,0.187554,,2721900,,
2,2,,0.000371,0.118318,0.234046,0.17765,0.036341,0.151569,0,0.100886,0.015793,0.165027,,2699000,,
2,2,,0.000556,0.109112,0.223635,0.160282,0.042165,0.178967,0,0.092773,0.016811,0.175698,,2719200,,
2,2,,0.000371,0.118318,0.234046,0.17765,0.036341,0.151569,0,0.100886,0.015793,0.165027,,2707800,,
2,2,,0.000407,0.109338,0.220764,0.159924,0.043495,0.163721,0,0.095752,0.019044,0.187554,,2740500,,
2,2,,0.00052,0.111751,0.22485,0.173828,0.04023,0.16665,0,0.100444,0.015802,0.165925,,2735400,,
2,6,,0.296121,0.012922,0.024621,0.001646,0.172642,0.020428,0.4097,0.021832,0.03879,0.001299,,2702800,,
2,2,,0.000371,0.118318,0.234046,0.17765,0.036341,0.151569,0,0.100886,0.015793,0.165027,,2694100,,
2,2,,0.000371,0.118318,0.234046,0.17765,0.036341,0.151569,0,0.100886,0.015793,0.165027,,2703000,,
2,3,,0.000407,0.102535,0.098162,0.277319,0.037682,0.163729,0,0.092773,0.016931,0.210461,,2710800,,
2,8,,0.024534,0.329458,0.079364,0.010829,0.05346,0.035391,0.041292,0.058714,0.348393,0.018566,,2761300,,
2,6,,0.296121,0.012922,0.024621,0.001646,0.172642,0.020428,0.4097,0.021832,0.03879,0.001299,,2680300,,
2,2,,0.000371,0.118318,0.234046,0.17765,0.036341,0.151569,0,0.100886,0.015793,0.165027,,2685200,,
2,2,,0.000371,0.110993,0.21697,0.190198,0.036977,0.151741,0,0.101818,0.015055,0.175876,,2692700,,
2,8,,0.024749,0.339688,0.073652,0.010363,0.052154,0.006629,0.044775,0.065978,0.376449,0.005563,,2685100,,
2,8,,0.024534,0.289458,0.079364,0.010829,0.05346,0.035391,0.041292,0.058714,0.388393,0.018566,,2686100,,
3,8,,0.024749,0.230122,0.073652,0.010363,0.052154,0.006629,0.044775,0.093478,0.458514,0.005563,,2726600,,
3,3,,0.000371,0.106886,0.09575,0.327721,0.035603,0.153132,0,0.100444,0.015055,0.165039,,2689300,,
3,3,,0.000371,0.106886,0.09575,0.327721,0.035603,0.153132,0,0.100444,0.015055,0.165039,,2690000,,
3,3,,0.000371,0.106886,0.09575,0.327721,0.035603,0.153132,0,0.100444,0.015055,0.165039,,2685300,,
3,8,,0.03183,0.147744,0.056952,0.050374,0.072718,0.011795,0.165732,0.054929,0.391182,0.016744,,2692600,,
3,3,,0.000371,0.106886,0.09575,0.327721,0.035603,0.153132,0,0.100444,0.015055,0.165039,,2701000,,
3,3,,0.000371,0.106886,0.09575,0.327721,0.035603,0.153132,0,0.100444,0.015055,0.165039,,2697600,,
3,9,,0.000371,0.109385,0.09574,0.174502,0.035748,0.155622,0,0.100444,0.018027,0.310162,,2689500,,
3,3,,0.000371,0.110993,0.09697,0.310198,0.036977,0.151741,0,0.101818,0.015055,0.175876,,2687600,,
3,9,,0.000556,0.109112,0.103635,0.169171,0.042165,0.183412,0,0.092773,0.0257,0.273476,,2693200,,
3,9,,0.023086,0.097516,0.091296,0.138969,0.050972,0.143424,0.02294,0.089476,0.035436,0.306885,,2684000,,
3,3,,0.000371,0.106886,0.09575,0.327721,0.035603,0.153132,0,0.100444,0.015055,0.165039,,2694100,,
3,2,,0.000556,0.109112,0.222524,0.160282,0.043276,0.178967,0,0.092773,0.016811,0.175698,,2714200,,
3,3,,0.000371,0.106886,0.09575,0.327721,0.035603,0.153132,0,0.100444,0.015055,0.165039,,2697000,,
3,5,,0.000371,0.106886,0.09575,0.207721,0.035603,0.273132,0,0.100444,0.015055,0.165039,,2691200,,
3,3,,0.000371,0.108219,0.09575,0.323721,0.035603,0.155799,0,0.100444,0.015055,0.165039,,2677500,,
3,3,,0.000371,0.110993,0.09697,0.310198,0.036977,0.151741,0,0.101818,0.015055,0.175876,,2713300,,
3,3,,0.000371,0.110993,0.103637,0.296865,0.036977,0.151741,0,0.101818,0.015055,0.182543,,2709200,,
3,3,,0.000371,0.106886,0.09575,0.327721,0.035603,0.153132,0,0.100444,0.015055,0.165039,,2709400,,
3,3,,0.000371,0.110993,0.09697,0.310198,0.036977,0.151741,0,0.101818,0.015055,0.175876,,2691700,,
3,3,,0.000371,0.106886,0.09575,0.327721,0.035603,0.153132,0,0.100444,0.015055,0.165039,,2700500,,
3,3,,0.000371,0.106886,0.09575,0.327721,0.035603,0.153132,0,0.100444,0.015055,0.165039,,2683300,,
3,3,,0.000371,0.106886,0.09575,0.314387,0.035603,0.153132,0,0.100444,0.015055,0.178372,,2705500,,
3,3,,0.000371,0.110993,0.09697,0.310198,0.036977,0.151741,0,0.101818,0.015055,0.175876,,2718900,,
3,3,,0.000371,0.110993,0.09697,0.28131,0.036977,0.151741,0,0.130707,0.015055,0.175876,,2698300,,
3,3,,0.000371,0.110993,0.09697,0.310198,0.036977,0.151741,0,0.101818,0.015055,0.175876,,2683100,,
3,3,,0.000371,0.110993,0.103637,0.296865,0.036977,0.151741,0,0.101818,0.015055,0.182543,,2688000,,
3,9,,0.000371,0.106886,0.09575,0.211054,0.078937,0.153132,0,0.100444,0.031722,0.221706,,2718600,,
3,3,,0.000371,0.110993,0.09697,0.310198,0.036977,0.151741,0,0.101818,0.015055,0.175876,,2679800,,
3,3,,0.000371,0.106886,0.09575,0.327721,0.035603,0.153132,0,0.100444,0.015055,0.165039,,2726200,,
3,3,,0.000371,0.106886,0.09575,0.314387,0.035603,0.153132,0,0.100444,0.015055,0.178372,,2703900,,
3,3,,0.000371,0.106886,0.09575,0.327721,0.035603,0.153132,0,0.100444,0.015055,0.165039,,2680200,,
3,7,,0.02305,0.103188,0.114422,0.153461,0.049799,0.132032,0.02294,0.223583,0.033711,0.143815,,2690700,,
3,7,,0.000407,0.111561,0.100764,0.159924,0.045718,0.163721,0,0.209085,0.019044,0.189776,,2722600,,
3,3,,0.000371,0.110993,0.099637,0.304865,0.036977,0.151741,0,0.101818,0.015055,0.178543,,2695100,,
3,3,,0.000371,0.106886,0.09575,0.327721,0.035603,0.153132,0,0.100444,0.015055,0.165039,,2716500,,
3,3,,0.000371,0.106886,0.09575,0.314387,0.035603,0.153132,0,0.100444,0.015055,0.178372,,2687800,,
3,3,,0.000371,0.106886,0.09575,0.327721,0.035603,0.153132,0,0.100444,0.015055,0.165039,,2685700,,
3,8,,0.031561,0.14913,0.05462,0.09866,0.068635,0.013916,0.156734,0.056512,0.35075,0.01948,,2689500,,
3,3,,0.000371,0.106886,0.09575,0.314387,0.035603,0.153132,0,0.100444,0.015055,0.178372,,2714100,,
3,3,,0.000371,0.110993,0.103637,0.276865,0.036977,0.151741,0,0.101818,0.015055,0.202543,,2695100,,
3,3,,0.000371,0.110993,0.09697,0.310198,0.036977,0.151741,0,0.101818,0.015055,0.175876,,2728400,,
3,3,,0.000371,0.110993,0.103637,0.296865,0.036977,0.151741,0,0.101818,0.015055,0.182543,,2687200,,
3,3,,0.000371,0.110993,0.09697,0.310198,0.036977,0.151741,0,0.101818,0.015055,0.175876,,2692700,,
3,3,,0.000371,0.106886,0.09575,0.327721,0.035603,0.153132,0,0.100444,0.015055,0.165039,,2694200,,
3,3,,0.000371,0.110993,0.09697,0.310198,0.036977,0.151741,0,0.101818,0.015055,0.175876,,2691300,,
3,3,,0.000371,0.110993,0.103637,0.296865,0.036977,0.151741,0,0.101818,0.015055,0.182543,,2688100,,
3,8,,0.034492,0.147735,0.075474,0.073556,0.075368,0.015387,0.163796,0.054258,0.257062,0.102873,,2696100,,
3,3,,0.000371,0.106886,0.09575,0.314387,0.035603,0.153132,0,0.100444,0.015055,0.178372,,2685100,,
3,3,,0.000371,0.106886,0.09575,0.327721,0.035603,0.153132,0,0.100444,0.015055,0.165039,,2687500,,
3,3,,0.000371,0.106886,0.09575,0.327721,0.035603,0.153132,0,0.100444,0.015055,0.165039,,2727900,,
