optical,CWE,test,1,NANOSECONDS,PREDICTIONS, Generated by ClassifierExperiments.java on 2022-05-16 21:40:05.    SYSTEMPROPERTIES:{user.name:matth,os.arch:amd64,os.name:Windows 10},ENDSYSTEMPROPERTIES
No parameter info
0.7147918511957484,3482637300,3088483100,-1,156550320,10,,-1,-1
0,0,,0.420365,0.015564,0.02621,0.045688,0.160548,0.029694,0.232545,0.029053,0.039669,0.000664,,2934200,,
0,0,,0.420365,0.015564,0.02621,0.045688,0.160548,0.029694,0.232545,0.029053,0.039669,0.000664,,2785900,,
0,0,,0.461894,0.015564,0.026486,0.002052,0.173646,0.018785,0.232683,0.026219,0.042008,0.000664,,2789700,,
0,0,,0.420365,0.015564,0.02621,0.045688,0.160548,0.029694,0.232545,0.029053,0.039669,0.000664,,2772200,,
0,0,,0.420365,0.015564,0.02621,0.062052,0.160548,0.018785,0.232545,0.023599,0.039669,0.000664,,2765400,,
0,0,,0.480365,0.015564,0.02621,0.002052,0.160548,0.018785,0.232545,0.023599,0.039669,0.000664,,2772600,,
0,0,,0.420365,0.071278,0.02621,0.006337,0.160548,0.018785,0.232545,0.023599,0.039669,0.000664,,2768900,,
0,0,,0.480365,0.015564,0.02621,0.002052,0.160548,0.018785,0.232545,0.023599,0.039669,0.000664,,2778100,,
0,0,,0.420365,0.015564,0.02621,0.048718,0.160548,0.018785,0.232545,0.023599,0.039669,0.013997,,2747000,,
0,0,,0.420365,0.015564,0.075301,0.012961,0.160548,0.018785,0.232545,0.023599,0.039669,0.000664,,2679100,,
0,6,,0.281513,0.016424,0.02879,0.002052,0.180476,0.022656,0.403584,0.023742,0.040098,0.000664,,2677500,,
0,0,,0.420365,0.015564,0.02621,0.002052,0.160548,0.018785,0.292545,0.023599,0.039669,0.000664,,2676000,,
0,0,,0.420365,0.015564,0.04871,0.002052,0.179298,0.018785,0.251295,0.023599,0.039669,0.000664,,2676000,,
0,0,,0.420365,0.015564,0.02621,0.009552,0.160548,0.026285,0.232545,0.023599,0.039669,0.045664,,2701100,,
0,0,,0.480365,0.015564,0.02621,0.002052,0.160548,0.018785,0.232545,0.023599,0.039669,0.000664,,2675800,,
0,0,,0.420365,0.015564,0.02621,0.002052,0.160548,0.018785,0.292545,0.023599,0.039669,0.000664,,2672900,,
0,0,,0.480365,0.015564,0.02621,0.002052,0.160548,0.018785,0.232545,0.023599,0.039669,0.000664,,2674400,,
0,0,,0.480365,0.015564,0.02621,0.002052,0.160548,0.018785,0.232545,0.023599,0.039669,0.000664,,2679100,,
0,0,,0.480365,0.015564,0.02621,0.002052,0.160548,0.018785,0.232545,0.023599,0.039669,0.000664,,2703100,,
0,0,,0.480365,0.015564,0.02621,0.002052,0.160548,0.018785,0.232545,0.023599,0.039669,0.000664,,2706200,,
0,0,,0.480365,0.015564,0.02621,0.002052,0.160548,0.018785,0.232545,0.023599,0.039669,0.000664,,2684600,,
0,0,,0.467032,0.015564,0.02621,0.002052,0.167215,0.018785,0.232545,0.023599,0.046335,0.000664,,2688900,,
0,0,,0.420365,0.025564,0.02621,0.002052,0.210548,0.018785,0.232545,0.023599,0.039669,0.000664,,2682700,,
0,0,,0.420365,0.015564,0.02621,0.002052,0.220548,0.018785,0.232545,0.023599,0.039669,0.000664,,2672900,,
0,0,,0.420365,0.015564,0.02621,0.045688,0.160548,0.029694,0.232545,0.029053,0.039669,0.000664,,2698300,,
0,0,,0.480365,0.015564,0.02621,0.002052,0.160548,0.018785,0.232545,0.023599,0.039669,0.000664,,2685000,,
0,0,,0.480365,0.015564,0.02621,0.002052,0.160548,0.018785,0.232545,0.023599,0.039669,0.000664,,2674000,,
0,0,,0.420365,0.015564,0.04871,0.002052,0.179298,0.018785,0.251295,0.023599,0.039669,0.000664,,2688100,,
0,0,,0.480365,0.015564,0.02621,0.002052,0.160548,0.018785,0.232545,0.023599,0.039669,0.000664,,2682400,,
0,0,,0.480365,0.015564,0.02621,0.002052,0.160548,0.018785,0.232545,0.023599,0.039669,0.000664,,2676000,,
0,0,,0.480365,0.015564,0.02621,0.002052,0.160548,0.018785,0.232545,0.023599,0.039669,0.000664,,2697800,,
0,0,,0.420365,0.025564,0.02621,0.002052,0.210548,0.018785,0.232545,0.023599,0.039669,0.000664,,2703100,,
0,0,,0.480365,0.015564,0.02621,0.002052,0.160548,0.018785,0.232545,0.023599,0.039669,0.000664,,2678300,,
0,0,,0.480365,0.015564,0.02621,0.002052,0.160548,0.018785,0.232545,0.023599,0.039669,0.000664,,2682300,,
0,0,,0.480365,0.015564,0.02621,0.002052,0.160548,0.018785,0.232545,0.023599,0.039669,0.000664,,2696300,,
0,0,,0.480365,0.015564,0.02621,0.002052,0.160548,0.018785,0.232545,0.023599,0.039669,0.000664,,2696600,,
0,6,,0.281513,0.032424,0.05679,0.002052,0.180476,0.030656,0.343584,0.023742,0.048098,0.000664,,2698300,,
0,0,,0.420365,0.015564,0.02621,0.062052,0.160548,0.018785,0.232545,0.023599,0.039669,0.000664,,2727700,,
0,0,,0.420365,0.015564,0.02621,0.048718,0.160548,0.018785,0.232545,0.023599,0.039669,0.013997,,2697200,,
0,0,,0.480365,0.015564,0.02621,0.002052,0.160548,0.018785,0.232545,0.023599,0.039669,0.000664,,2695800,,
0,0,,0.420365,0.015564,0.02621,0.002052,0.220548,0.018785,0.232545,0.023599,0.039669,0.000664,,2717900,,
0,0,,0.381513,0.026424,0.02879,0.002052,0.230476,0.022656,0.243584,0.023742,0.040098,0.000664,,2719300,,
0,0,,0.447032,0.015564,0.02621,0.002052,0.167215,0.018785,0.232545,0.023599,0.066335,0.000664,,2710400,,
0,0,,0.420365,0.025564,0.02621,0.002052,0.210548,0.018785,0.232545,0.023599,0.039669,0.000664,,9256300,,
0,0,,0.480365,0.015564,0.02621,0.002052,0.160548,0.018785,0.232545,0.023599,0.039669,0.000664,,5910300,,
0,0,,0.480365,0.015564,0.02621,0.002052,0.160548,0.018785,0.232545,0.023599,0.039669,0.000664,,3363200,,
0,0,,0.480365,0.015564,0.02621,0.002052,0.160548,0.018785,0.232545,0.023599,0.039669,0.000664,,2681200,,
0,0,,0.420365,0.015564,0.02621,0.002052,0.220548,0.018785,0.232545,0.023599,0.039669,0.000664,,2672400,,
0,0,,0.480365,0.015564,0.02621,0.002052,0.160548,0.018785,0.232545,0.023599,0.039669,0.000664,,2712100,,
0,0,,0.420365,0.025564,0.02621,0.002052,0.210548,0.018785,0.232545,0.023599,0.039669,0.000664,,2698100,,
0,0,,0.480365,0.015564,0.02621,0.002052,0.160548,0.018785,0.232545,0.023599,0.039669,0.000664,,2692000,,
0,0,,0.420365,0.015564,0.02621,0.009552,0.160548,0.026285,0.232545,0.023599,0.039669,0.045664,,2708000,,
0,0,,0.480365,0.015564,0.02621,0.002052,0.160548,0.018785,0.232545,0.023599,0.039669,0.000664,,2709900,,
0,0,,0.420365,0.021019,0.02621,0.002052,0.166003,0.018785,0.232545,0.023599,0.039669,0.049755,,2731500,,
0,0,,0.480365,0.015564,0.02621,0.002052,0.160548,0.018785,0.232545,0.023599,0.039669,0.000664,,2706200,,
0,0,,0.420365,0.015564,0.04871,0.002052,0.179298,0.018785,0.251295,0.023599,0.039669,0.000664,,2686600,,
0,0,,0.480365,0.015564,0.02621,0.002052,0.160548,0.018785,0.232545,0.023599,0.039669,0.000664,,2693800,,
0,0,,0.420365,0.015564,0.02621,0.002052,0.160548,0.018785,0.292545,0.023599,0.039669,0.000664,,2689000,,
0,0,,0.480365,0.015564,0.02621,0.002052,0.160548,0.018785,0.232545,0.023599,0.039669,0.000664,,2692400,,
0,8,,0.088062,0.140456,0.18694,0.008553,0.034602,0.004028,0.042644,0.046151,0.444918,0.003646,,2711800,,
0,0,,0.480365,0.015564,0.02621,0.002052,0.160548,0.018785,0.232545,0.023599,0.039669,0.000664,,2679700,,
0,0,,0.420365,0.015564,0.02621,0.009552,0.160548,0.026285,0.232545,0.023599,0.039669,0.045664,,2690600,,
0,0,,0.420365,0.015564,0.04871,0.002052,0.179298,0.018785,0.251295,0.023599,0.039669,0.000664,,2707500,,
0,0,,0.420365,0.015564,0.02621,0.048718,0.160548,0.018785,0.232545,0.023599,0.039669,0.013997,,2697300,,
0,0,,0.420365,0.025564,0.02621,0.002052,0.210548,0.018785,0.232545,0.023599,0.039669,0.000664,,2680100,,
0,0,,0.420365,0.015564,0.075301,0.012961,0.160548,0.018785,0.232545,0.023599,0.039669,0.000664,,2712200,,
0,0,,0.480365,0.015564,0.02621,0.002052,0.160548,0.018785,0.232545,0.023599,0.039669,0.000664,,2696900,,
0,0,,0.420365,0.015564,0.02621,0.002052,0.160548,0.018785,0.292545,0.023599,0.039669,0.000664,,2687300,,
0,6,,0.281513,0.032424,0.05679,0.002052,0.180476,0.030656,0.343584,0.023742,0.048098,0.000664,,2708100,,
0,0,,0.420365,0.021019,0.02621,0.002052,0.166003,0.018785,0.232545,0.023599,0.039669,0.049755,,2703700,,
0,0,,0.420365,0.025564,0.02621,0.002052,0.210548,0.018785,0.232545,0.023599,0.039669,0.000664,,2707500,,
0,0,,0.480365,0.015564,0.02621,0.002052,0.160548,0.018785,0.232545,0.023599,0.039669,0.000664,,2704400,,
0,0,,0.420365,0.015564,0.02621,0.002052,0.160548,0.018785,0.292545,0.023599,0.039669,0.000664,,2696100,,
0,0,,0.480365,0.015564,0.02621,0.002052,0.160548,0.018785,0.232545,0.023599,0.039669,0.000664,,2691900,,
0,0,,0.381513,0.026424,0.02879,0.002052,0.230476,0.022656,0.243584,0.023742,0.040098,0.000664,,2700300,,
0,0,,0.420365,0.031564,0.05421,0.002052,0.160548,0.026785,0.232545,0.023599,0.047669,0.000664,,2704000,,
0,0,,0.480365,0.015564,0.02621,0.002052,0.160548,0.018785,0.232545,0.023599,0.039669,0.000664,,2731200,,
0,0,,0.480365,0.015564,0.02621,0.002052,0.160548,0.018785,0.232545,0.023599,0.039669,0.000664,,2697800,,
0,0,,0.420365,0.015564,0.02621,0.002052,0.220548,0.018785,0.232545,0.023599,0.039669,0.000664,,2693300,,
0,0,,0.480365,0.015564,0.02621,0.002052,0.160548,0.018785,0.232545,0.023599,0.039669,0.000664,,2679300,,
0,0,,0.480365,0.015564,0.02621,0.002052,0.160548,0.018785,0.232545,0.023599,0.039669,0.000664,,2698000,,
0,6,,0.285043,0.023483,0.02879,0.002052,0.180476,0.022656,0.392996,0.023742,0.040098,0.000664,,2734200,,
0,0,,0.420365,0.015564,0.027876,0.002052,0.160548,0.022118,0.232545,0.023599,0.039669,0.055664,,2718300,,
0,0,,0.420365,0.025564,0.02621,0.002052,0.210548,0.018785,0.232545,0.023599,0.039669,0.000664,,2705300,,
0,0,,0.420365,0.025564,0.02621,0.002052,0.210548,0.018785,0.232545,0.023599,0.039669,0.000664,,2703200,,
0,0,,0.381513,0.016424,0.02879,0.002052,0.180476,0.022656,0.303584,0.023742,0.040098,0.000664,,2729000,,
0,0,,0.480365,0.015564,0.02621,0.002052,0.160548,0.018785,0.232545,0.023599,0.039669,0.000664,,2699200,,
0,0,,0.380653,0.015564,0.026909,0.002052,0.160684,0.018925,0.331006,0.023599,0.039945,0.000664,,2714100,,
0,0,,0.480365,0.015564,0.02621,0.002052,0.160548,0.018785,0.232545,0.023599,0.039669,0.000664,,2685000,,
0,6,,0.280653,0.015564,0.026909,0.002052,0.160684,0.018925,0.431006,0.023599,0.039945,0.000664,,2688000,,
0,0,,0.480365,0.015564,0.02621,0.002052,0.160548,0.018785,0.232545,0.023599,0.039669,0.000664,,2686900,,
0,0,,0.480365,0.015564,0.02621,0.002052,0.160548,0.018785,0.232545,0.023599,0.039669,0.000664,,2756700,,
0,0,,0.480365,0.015564,0.02621,0.002052,0.160548,0.018785,0.232545,0.023599,0.039669,0.000664,,2739900,,
0,0,,0.420365,0.015564,0.04871,0.002052,0.179298,0.018785,0.251295,0.023599,0.039669,0.000664,,2711600,,
0,0,,0.440365,0.015564,0.02621,0.002052,0.180548,0.018785,0.232545,0.023599,0.059669,0.000664,,2696300,,
0,0,,0.420365,0.015564,0.02621,0.002052,0.160548,0.018785,0.292545,0.023599,0.039669,0.000664,,2695500,,
0,0,,0.420365,0.015564,0.02621,0.048718,0.160548,0.018785,0.232545,0.023599,0.039669,0.013997,,2698000,,
0,0,,0.480365,0.015564,0.02621,0.002052,0.160548,0.018785,0.232545,0.023599,0.039669,0.000664,,2691700,,
0,0,,0.480365,0.015564,0.02621,0.002052,0.160548,0.018785,0.232545,0.023599,0.039669,0.000664,,2711300,,
0,6,,0.281513,0.026424,0.02879,0.002052,0.230476,0.022656,0.343584,0.023742,0.040098,0.000664,,2689400,,
0,0,,0.480365,0.015564,0.02621,0.002052,0.160548,0.018785,0.232545,0.023599,0.039669,0.000664,,2686200,,
0,0,,0.380653,0.01599,0.026777,0.004038,0.160688,0.079494,0.232545,0.023741,0.040092,0.035983,,2686700,,
0,0,,0.480365,0.015564,0.02621,0.002052,0.160548,0.018785,0.232545,0.023599,0.039669,0.000664,,2682100,,
0,0,,0.480365,0.015564,0.02621,0.002052,0.160548,0.018785,0.232545,0.023599,0.039669,0.000664,,2711100,,
0,0,,0.420365,0.031564,0.05421,0.002052,0.160548,0.026785,0.232545,0.023599,0.047669,0.000664,,2693000,,
0,0,,0.381513,0.016424,0.077881,0.012961,0.180476,0.022656,0.243584,0.023742,0.040098,0.000664,,2695800,,
0,0,,0.420365,0.025564,0.02621,0.002052,0.210548,0.018785,0.232545,0.023599,0.039669,0.000664,,2691900,,
0,0,,0.420365,0.015564,0.02621,0.002052,0.160548,0.078785,0.232545,0.023599,0.039669,0.000664,,2695900,,
0,0,,0.480365,0.015564,0.02621,0.002052,0.160548,0.018785,0.232545,0.023599,0.039669,0.000664,,2687700,,
0,0,,0.480365,0.015564,0.02621,0.002052,0.160548,0.018785,0.232545,0.023599,0.039669,0.000664,,2719600,,
0,0,,0.480365,0.015564,0.02621,0.002052,0.160548,0.018785,0.232545,0.023599,0.039669,0.000664,,2697900,,
1,9,,0.000368,0.146484,0.093013,0.156633,0.042701,0.150609,0,0.170131,0.014523,0.225538,,2718500,,
1,8,,0.028062,0.321977,0.186858,0.009821,0.034935,0.003479,0.037033,0.047147,0.326802,0.003887,,2752400,,
1,1,,0.000368,0.259985,0.094199,0.174163,0.039144,0.150281,0,0.094936,0.014371,0.172553,,2714500,,
1,3,,0.000368,0.207717,0.111978,0.220579,0.03869,0.149828,0,0.093892,0.015107,0.161841,,2715100,,
1,1,,0.000368,0.251985,0.094199,0.174163,0.039144,0.150281,0,0.094936,0.014371,0.180553,,2700800,,
1,1,,0.000368,0.246484,0.093013,0.156633,0.042701,0.150609,0,0.130131,0.014523,0.165538,,2690300,,
1,7,,0.026976,0.092632,0.088409,0.131407,0.053711,0.126966,0.026914,0.28217,0.036388,0.134427,,2692400,,
1,1,,0.000368,0.260286,0.099089,0.157257,0.045014,0.149794,0,0.096504,0.017278,0.174411,,2695300,,
1,3,,0.000368,0.199985,0.094199,0.234163,0.039144,0.150281,0,0.094936,0.014371,0.172553,,2695900,,
1,1,,0.000521,0.217483,0.13029,0.157698,0.042366,0.172449,0,0.093597,0.023284,0.162313,,2711400,,
1,1,,0.026976,0.252689,0.107374,0.135353,0.056758,0.126185,0.026914,0.09299,0.036971,0.13779,,2707200,,
1,1,,0.000368,0.197072,0.093013,0.156633,0.039172,0.150609,0,0.186601,0.014523,0.162009,,2698400,,
1,1,,0.0328,0.317958,0.030103,0.059303,0.054528,0.013018,0.203882,0.029013,0.238685,0.020711,,2695500,,
1,3,,0.026976,0.195545,0.089595,0.195603,0.053683,0.126638,0.026914,0.090504,0.036236,0.158305,,2712800,,
1,1,,0.000521,0.257197,0.10229,0.161984,0.042366,0.164449,0,0.093597,0.015284,0.162313,,2700500,,
1,3,,0.000368,0.099985,0.100199,0.262163,0.039144,0.156281,0,0.094936,0.014371,0.232553,,2840700,,
1,1,,0.000368,0.259985,0.094199,0.174163,0.039144,0.150281,0,0.094936,0.014371,0.172553,,2689800,,
1,9,,0.000368,0.100286,0.099089,0.217257,0.045014,0.149794,0,0.096504,0.017278,0.274411,,2705000,,
1,1,,0.000368,0.259985,0.094199,0.174163,0.039144,0.150281,0,0.094936,0.014371,0.172553,,2698900,,
1,3,,0.000368,0.199985,0.094199,0.234163,0.039144,0.150281,0,0.094936,0.014371,0.172553,,2676800,,
1,1,,0.000521,0.261483,0.10229,0.157698,0.042366,0.164449,0,0.093597,0.015284,0.162313,,2699700,,
1,1,,0.000368,0.246484,0.093013,0.156633,0.042701,0.150609,0,0.130131,0.014523,0.165538,,2696100,,
1,1,,0.000521,0.261483,0.10229,0.157698,0.042366,0.164449,0,0.093597,0.015284,0.162313,,2694600,,
1,7,,0.031022,0.227353,0.024379,0.009827,0.222929,0.019261,0.036052,0.336768,0.084989,0.00742,,2706300,,
1,9,,0.000368,0.100286,0.109089,0.157257,0.085014,0.159794,0,0.136504,0.017278,0.234411,,2684800,,
1,8,,0.028062,0.262577,0.186858,0.009821,0.034935,0.003479,0.037033,0.107147,0.326202,0.003887,,2704500,,
1,8,,0.028062,0.315377,0.186858,0.009821,0.036135,0.003479,0.038233,0.047147,0.331002,0.003887,,2721900,,
1,1,,0.000368,0.267717,0.111978,0.160579,0.03869,0.149828,0,0.093892,0.015107,0.161841,,2700500,,
1,1,,0.000368,0.246484,0.093013,0.156633,0.042701,0.150609,0,0.130131,0.014523,0.165538,,2709000,,
1,1,,0.0328,0.273724,0.047811,0.09997,0.050452,0.013478,0.202984,0.031739,0.229933,0.017109,,2699600,,
1,5,,0.000368,0.094766,0.09286,0.156161,0.037955,0.347082,0,0.094029,0.014659,0.16212,,2688500,,
1,3,,0.000368,0.196374,0.093017,0.251167,0.037955,0.151279,0,0.093754,0.014371,0.161714,,2716500,,
1,0,,0.280805,0.142712,0.035639,0.003877,0.204815,0.033994,0.232545,0.023599,0.040437,0.001576,,2692700,,
1,1,,0.026976,0.255545,0.089595,0.148937,0.053683,0.126638,0.026914,0.090504,0.036236,0.144971,,2747900,,
1,8,,0.028062,0.262577,0.186858,0.009821,0.034935,0.003479,0.037033,0.107147,0.326202,0.003887,,2689000,,
1,1,,0.000368,0.246484,0.093013,0.156633,0.042701,0.150609,0,0.130131,0.014523,0.165538,,2692800,,
1,8,,0.028062,0.322577,0.186858,0.009821,0.034935,0.003479,0.037033,0.047147,0.326202,0.003887,,2686600,,
1,8,,0.028062,0.262577,0.186858,0.009821,0.034935,0.003479,0.037033,0.107147,0.326202,0.003887,,2704700,,
1,3,,0.000521,0.121483,0.10229,0.171031,0.162366,0.164449,0,0.093597,0.015284,0.168979,,2693500,,
1,1,,0.0328,0.308135,0.047811,0.06247,0.053981,0.013478,0.202984,0.027768,0.229933,0.020639,,2691800,,
1,8,,0.028922,0.200232,0.188029,0.008282,0.053725,0.007221,0.067175,0.105752,0.337288,0.003375,,2700700,,
1,8,,0.028062,0.315377,0.186858,0.009821,0.036135,0.003479,0.038233,0.047147,0.331002,0.003887,,2678800,,
1,1,,0.000368,0.197072,0.093013,0.156633,0.039172,0.150609,0,0.186601,0.014523,0.162009,,2705100,,
1,8,,0.028062,0.321977,0.186858,0.009821,0.034935,0.003479,0.037033,0.047147,0.326802,0.003887,,2674000,,
1,1,,0.000368,0.259985,0.094199,0.174163,0.039144,0.150281,0,0.094936,0.014371,0.172553,,2677000,,
1,3,,0.000368,0.200286,0.099089,0.217257,0.045014,0.149794,0,0.096504,0.017278,0.174411,,2781000,,
1,9,,0.000368,0.201819,0.093428,0.157859,0.041768,0.157008,0,0.093739,0.018468,0.235543,,2695300,,
1,8,,0.028062,0.321977,0.186858,0.009821,0.034935,0.003479,0.037033,0.047147,0.326802,0.003887,,2696200,,
1,9,,0.000521,0.141483,0.10229,0.171031,0.062366,0.164449,0,0.093597,0.015284,0.248979,,2726500,,
1,8,,0.028062,0.322577,0.186858,0.009821,0.034935,0.003479,0.037033,0.047147,0.326202,0.003887,,2692100,,
1,1,,0.000368,0.267717,0.111978,0.160579,0.03869,0.149828,0,0.093892,0.015107,0.161841,,2680900,,
1,3,,0.000368,0.199985,0.094199,0.234163,0.039144,0.150281,0,0.094936,0.014371,0.172553,,2678800,,
1,5,,0.000368,0.200286,0.099089,0.157257,0.045014,0.209794,0,0.096504,0.017278,0.174411,,2694400,,
1,1,,0.000521,0.257197,0.10229,0.161984,0.042366,0.164449,0,0.093597,0.015284,0.162313,,2741900,,
1,3,,0.000368,0.197072,0.093013,0.216633,0.039172,0.150609,0,0.126601,0.014523,0.162009,,2687600,,
1,3,,0.000368,0.207717,0.111978,0.220579,0.03869,0.149828,0,0.093892,0.015107,0.161841,,2704500,,
1,1,,0.000368,0.257072,0.093013,0.156633,0.039172,0.150609,0,0.126601,0.014523,0.162009,,2705000,,
1,5,,0.000368,0.200286,0.099089,0.157257,0.045014,0.209794,0,0.096504,0.017278,0.174411,,2712200,,
1,8,,0.028062,0.262577,0.186858,0.009821,0.034935,0.003479,0.037033,0.107147,0.326202,0.003887,,2690700,,
1,8,,0.028062,0.321977,0.186858,0.009821,0.034935,0.003479,0.037033,0.047147,0.326802,0.003887,,2735600,,
1,3,,0.000368,0.200286,0.099089,0.217257,0.045014,0.149794,0,0.096504,0.017278,0.174411,,2698000,,
1,8,,0.028062,0.321977,0.186858,0.009821,0.034935,0.003479,0.037033,0.047147,0.326802,0.003887,,2705000,,
1,3,,0.000368,0.200286,0.099089,0.217257,0.045014,0.149794,0,0.096504,0.017278,0.174411,,2700000,,
1,1,,0.000368,0.259985,0.094199,0.174163,0.039144,0.150281,0,0.094936,0.014371,0.172553,,2715600,,
1,7,,0.031022,0.210099,0.029198,0.009673,0.228705,0.019686,0.035154,0.338136,0.078408,0.019918,,2692500,,
1,7,,0.031022,0.237341,0.024379,0.009827,0.219399,0.019261,0.036052,0.333238,0.085589,0.003891,,2734600,,
1,8,,0.028062,0.321977,0.186858,0.009821,0.034935,0.003479,0.037033,0.047147,0.326802,0.003887,,2684200,,
1,1,,0.000368,0.267717,0.111978,0.160579,0.03869,0.149828,0,0.093892,0.015107,0.161841,,2713600,,
1,7,,0.031022,0.227353,0.024379,0.009827,0.222929,0.019261,0.036052,0.336768,0.084989,0.00742,,2741600,,
1,1,,0.000368,0.207717,0.111978,0.160579,0.03869,0.149828,0,0.153892,0.015107,0.161841,,2713200,,
1,8,,0.028062,0.321977,0.186858,0.009821,0.034935,0.003479,0.037033,0.047147,0.326802,0.003887,,2735700,,
1,9,,0.000368,0.207345,0.099089,0.157257,0.048543,0.156852,0,0.096504,0.020807,0.213234,,2700000,,
1,1,,0.000368,0.246484,0.093013,0.156633,0.042701,0.150609,0,0.130131,0.014523,0.165538,,2705000,,
1,1,,0.0328,0.308135,0.047811,0.06247,0.053981,0.013478,0.202984,0.027768,0.229933,0.020639,,2705800,,
1,1,,0.000521,0.257197,0.10229,0.161984,0.042366,0.164449,0,0.093597,0.015284,0.162313,,2714500,,
1,8,,0.028062,0.321977,0.186858,0.009821,0.034935,0.003479,0.037033,0.047147,0.326802,0.003887,,2693900,,
1,1,,0.0328,0.317958,0.030103,0.059303,0.054528,0.013018,0.203882,0.029013,0.238685,0.020711,,2724500,,
1,3,,0.000368,0.197072,0.093013,0.216633,0.039172,0.150609,0,0.126601,0.014523,0.162009,,2689800,,
1,1,,0.0328,0.327946,0.030103,0.059303,0.050998,0.013018,0.203882,0.025483,0.239285,0.017181,,2701200,,
1,1,,0.000368,0.257129,0.111978,0.160579,0.04222,0.149828,0,0.097421,0.015107,0.165371,,2691400,,
1,8,,0.028062,0.189868,0.18694,0.008553,0.078132,0.004028,0.102644,0.049681,0.344918,0.007175,,2706600,,
1,1,,0.000368,0.251985,0.094199,0.174163,0.039144,0.150281,0,0.094936,0.014371,0.180553,,2741100,,
1,8,,0.028062,0.262577,0.209358,0.009821,0.053685,0.003479,0.055783,0.047147,0.326202,0.003887,,2709000,,
1,1,,0.000368,0.24676,0.093428,0.157859,0.038239,0.149949,0,0.093739,0.014939,0.204719,,2715000,,
1,3,,0.000368,0.199985,0.094199,0.234163,0.039144,0.150281,0,0.094936,0.014371,0.172553,,2712200,,
1,3,,0.000521,0.141483,0.10229,0.171031,0.142366,0.164449,0,0.093597,0.015284,0.168979,,2704400,,
1,8,,0.028062,0.252577,0.186858,0.009821,0.084935,0.003479,0.037033,0.047147,0.346202,0.003887,,2721200,,
1,1,,0.0328,0.328546,0.030103,0.059303,0.050998,0.013018,0.203882,0.025483,0.238685,0.017181,,2737400,,
1,5,,0.000368,0.107717,0.111978,0.220579,0.03869,0.249828,0,0.093892,0.015107,0.161841,,2711000,,
1,1,,0.000368,0.259985,0.094199,0.174163,0.039144,0.150281,0,0.094936,0.014371,0.172553,,2685100,,
1,1,,0.000368,0.267717,0.111978,0.160579,0.03869,0.149828,0,0.093892,0.015107,0.161841,,2720100,,
1,8,,0.028062,0.315377,0.186858,0.009821,0.036135,0.003479,0.038233,0.047147,0.331002,0.003887,,2710000,,
1,1,,0.000368,0.260286,0.099089,0.157257,0.045014,0.149794,0,0.096504,0.017278,0.174411,,2738600,,
1,3,,0.000368,0.199985,0.094199,0.234163,0.039144,0.150281,0,0.094936,0.014371,0.172553,,2711200,,
1,1,,0.000368,0.246484,0.093013,0.156633,0.042701,0.150609,0,0.130131,0.014523,0.165538,,2716900,,
1,1,,0.000368,0.246484,0.093013,0.156633,0.042701,0.150609,0,0.130131,0.014523,0.165538,,2721800,,
1,1,,0.000368,0.267717,0.111978,0.160579,0.03869,0.149828,0,0.093892,0.015107,0.161841,,2695600,,
1,0,,0.281513,0.076424,0.02879,0.002052,0.220476,0.022656,0.243584,0.083742,0.040098,0.000664,,2724200,,
1,1,,0.000521,0.257197,0.10229,0.161984,0.042366,0.164449,0,0.093597,0.015284,0.162313,,2735400,,
1,8,,0.028062,0.262577,0.209358,0.009821,0.053685,0.003479,0.055783,0.047147,0.326202,0.003887,,2707700,,
1,1,,0.000368,0.257129,0.111978,0.160579,0.04222,0.149828,0,0.097421,0.015107,0.165371,,2702700,,
1,8,,0.028062,0.269243,0.223525,0.009821,0.034935,0.003479,0.037033,0.050481,0.339535,0.003887,,2712400,,
1,8,,0.028062,0.321977,0.186858,0.009821,0.034935,0.003479,0.037033,0.047147,0.326802,0.003887,,2699300,,
1,3,,0.000368,0.179985,0.094199,0.234163,0.039144,0.150281,0,0.094936,0.014371,0.192553,,2736000,,
1,2,,0.000521,0.116483,0.20229,0.161448,0.064866,0.183199,0,0.093597,0.015284,0.162313,,2688000,,
1,3,,0.000368,0.207717,0.111978,0.220579,0.03869,0.149828,0,0.093892,0.015107,0.161841,,2695800,,
1,1,,0.000368,0.252286,0.099089,0.157257,0.045014,0.149794,0,0.096504,0.017278,0.182411,,2694000,,
1,1,,0.000521,0.257197,0.10229,0.161984,0.042366,0.164449,0,0.093597,0.015284,0.162313,,2701200,,
1,8,,0.028062,0.232577,0.186858,0.009821,0.084935,0.003479,0.037033,0.047147,0.366202,0.003887,,2718700,,
1,1,,0.026976,0.263277,0.107374,0.135353,0.053229,0.126185,0.026914,0.08946,0.036971,0.13426,,2715500,,
1,3,,0.000368,0.194766,0.09286,0.216161,0.037955,0.187082,0,0.094029,0.014659,0.16212,,2712800,,
1,3,,0.000368,0.207717,0.111978,0.220579,0.03869,0.149828,0,0.093892,0.015107,0.161841,,2711300,,
1,1,,0.000368,0.246484,0.093013,0.156633,0.042701,0.150609,0,0.130131,0.014523,0.165538,,2691300,,
1,8,,0.028062,0.321977,0.186858,0.009821,0.034935,0.003479,0.037033,0.047147,0.326802,0.003887,,2711400,,
1,8,,0.028062,0.311988,0.186858,0.009821,0.038465,0.003479,0.037033,0.050677,0.326202,0.007417,,2738700,,
2,2,,0.028062,0.152754,0.364566,0.012988,0.034388,0.003939,0.036136,0.045903,0.31745,0.003816,,2722300,,
2,2,,0.000521,0.101483,0.20829,0.205698,0.042366,0.170449,0,0.093597,0.015284,0.162313,,2716300,,
2,2,,0.000521,0.101483,0.20829,0.205698,0.042366,0.170449,0,0.093597,0.015284,0.162313,,2702700,,
2,2,,0.000521,0.157197,0.20229,0.161984,0.042366,0.164449,0,0.093597,0.015284,0.162313,,2691500,,
2,2,,0.000368,0.107717,0.211978,0.160579,0.03869,0.149828,0,0.153892,0.015107,0.161841,,2708400,,
2,8,,0.028062,0.252754,0.264566,0.012988,0.034388,0.003939,0.036136,0.045903,0.31745,0.003816,,2730400,,
2,3,,0.000368,0.099985,0.100199,0.262163,0.039144,0.156281,0,0.094936,0.014371,0.232553,,2722000,,
2,3,,0.000368,0.107717,0.211978,0.220579,0.03869,0.149828,0,0.093892,0.015107,0.161841,,2723100,,
2,2,,0.000368,0.107717,0.271978,0.160579,0.03869,0.149828,0,0.093892,0.015107,0.161841,,2708700,,
2,2,,0.027129,0.097043,0.257686,0.132472,0.056904,0.140806,0.026914,0.089166,0.037148,0.134732,,2717200,,
2,2,,0.000368,0.107717,0.217978,0.208579,0.03869,0.155828,0,0.093892,0.015107,0.161841,,2731100,,
2,3,,0.000521,0.101483,0.20229,0.217698,0.042366,0.164449,0,0.093597,0.015284,0.162313,,2683300,,
2,2,,0.000368,0.107717,0.22055,0.203436,0.03869,0.149828,0,0.093892,0.015107,0.170413,,2707800,,
2,2,,0.000368,0.107717,0.271978,0.160579,0.03869,0.149828,0,0.093892,0.015107,0.161841,,2705200,,
2,8,,0.028062,0.172577,0.226858,0.009821,0.084935,0.003479,0.037033,0.107147,0.326202,0.003887,,2715900,,
2,2,,0.000368,0.107717,0.271978,0.160579,0.03869,0.149828,0,0.093892,0.015107,0.161841,,2697200,,
2,8,,0.028609,0.140056,0.284763,0.010748,0.054475,0.003624,0.041341,0.105609,0.326988,0.003786,,2733000,,
2,2,,0.000368,0.107717,0.271978,0.160579,0.03869,0.149828,0,0.093892,0.015107,0.161841,,2698100,,
2,2,,0.026976,0.103277,0.207374,0.135353,0.053229,0.126185,0.026914,0.13446,0.036971,0.14926,,2685900,,
2,2,,0.028609,0.140056,0.364763,0.010748,0.034475,0.003624,0.041341,0.045609,0.326988,0.003786,,2690600,,
2,8,,0.028339,0.139371,0.290142,0.02056,0.046014,0.016045,0.036136,0.092109,0.323631,0.007652,,2700300,,
2,2,,0.000368,0.107717,0.217978,0.208579,0.03869,0.155828,0,0.093892,0.015107,0.161841,,2705100,,
2,0,,0.280805,0.022712,0.195639,0.003877,0.164815,0.033994,0.232545,0.023599,0.040437,0.001576,,2717100,,
2,8,,0.028062,0.162577,0.186858,0.009821,0.074935,0.003479,0.097033,0.047147,0.386202,0.003887,,3196600,,
2,2,,0.000521,0.101483,0.20829,0.205698,0.042366,0.170449,0,0.093597,0.015284,0.162313,,4901900,,
2,3,,0.000368,0.107717,0.211978,0.220579,0.03869,0.149828,0,0.093892,0.015107,0.161841,,4992100,,
2,2,,0.000368,0.100286,0.259089,0.157257,0.045014,0.149794,0,0.096504,0.017278,0.174411,,2907600,,
2,8,,0.028062,0.162577,0.186858,0.009821,0.054935,0.003479,0.037033,0.107147,0.406202,0.003887,,2775500,,
2,2,,0.000521,0.101483,0.24229,0.157698,0.042366,0.164449,0,0.113597,0.015284,0.162313,,2685600,,
2,8,,0.028922,0.230232,0.188029,0.008282,0.103725,0.007221,0.047175,0.045752,0.337288,0.003375,,2756900,,
2,2,,0.028609,0.140056,0.364763,0.010748,0.034475,0.003624,0.041341,0.045609,0.326988,0.003786,,2688000,,
2,2,,0.000521,0.101483,0.26229,0.157698,0.042366,0.164449,0,0.093597,0.015284,0.162313,,2745000,,
2,2,,0.028062,0.152754,0.364566,0.012988,0.034388,0.003939,0.036136,0.045903,0.31745,0.003816,,2635600,,
2,8,,0.028062,0.252754,0.208566,0.024988,0.034388,0.015939,0.036136,0.069903,0.32145,0.007816,,2678300,,
2,2,,0.000521,0.101483,0.20629,0.169698,0.042366,0.176449,0,0.117597,0.019284,0.166313,,2706600,,
2,0,,0.280653,0.043946,0.145327,0.010508,0.18364,0.038123,0.232545,0.023893,0.04026,0.001105,,2636800,,
2,0,,0.281513,0.016424,0.136483,0.020513,0.205091,0.022656,0.243584,0.023742,0.049329,0.000664,,2666000,,
2,9,,0.000368,0.099985,0.117728,0.184751,0.039144,0.17734,0,0.172583,0.014371,0.193729,,2723700,,
2,2,,0.000368,0.107717,0.271978,0.160579,0.03869,0.149828,0,0.093892,0.015107,0.161841,,2638900,,
2,6,,0.280653,0.015564,0.026909,0.002052,0.220684,0.018925,0.371006,0.023599,0.039945,0.000664,,2704500,,
2,8,,0.028339,0.139371,0.232142,0.11656,0.046014,0.010045,0.036136,0.068109,0.319631,0.003652,,2663700,,
2,9,,0.000368,0.100286,0.159089,0.157257,0.085014,0.149794,0,0.156504,0.017278,0.174411,,2641600,,
2,8,,0.028062,0.140456,0.30944,0.008553,0.053352,0.004028,0.061394,0.046151,0.344918,0.003646,,2726000,,
2,2,,0.028609,0.140056,0.364763,0.010748,0.034475,0.003624,0.041341,0.045609,0.326988,0.003786,,2650200,,
2,8,,0.028609,0.140056,0.308763,0.022748,0.034475,0.015624,0.041341,0.069609,0.330988,0.007786,,2696300,,
2,2,,0.000368,0.107717,0.271978,0.160579,0.03869,0.149828,0,0.093892,0.015107,0.161841,,2673100,,
2,2,,0.000368,0.100286,0.259089,0.157257,0.045014,0.149794,0,0.096504,0.017278,0.174411,,2663200,,
2,2,,0.028062,0.152754,0.364566,0.012988,0.034388,0.003939,0.036136,0.045903,0.31745,0.003816,,2735800,,
2,8,,0.028062,0.162577,0.244505,0.009821,0.041994,0.007008,0.05821,0.107147,0.33679,0.003887,,4497800,,
2,8,,0.028609,0.140056,0.310763,0.058748,0.034475,0.009624,0.041341,0.045609,0.326988,0.003786,,4819800,,
2,0,,0.281513,0.016424,0.15129,0.002052,0.199226,0.022656,0.262334,0.023742,0.040098,0.000664,,4810400,,
2,2,,0.000368,0.107717,0.22055,0.203436,0.03869,0.149828,0,0.093892,0.015107,0.170413,,3592600,,
2,3,,0.000368,0.099985,0.097728,0.284751,0.039144,0.15734,0,0.112583,0.014371,0.193729,,2669900,,
2,9,,0.000368,0.105741,0.199089,0.157257,0.050468,0.149794,0,0.096504,0.017278,0.223502,,2672300,,
2,8,,0.028062,0.162577,0.284636,0.009821,0.034935,0.005701,0.037033,0.107147,0.326202,0.003887,,2678500,,
2,2,,0.026976,0.103277,0.211374,0.147353,0.053229,0.138185,0.026914,0.11346,0.040971,0.13826,,2676100,,
2,8,,0.028062,0.242577,0.186858,0.009821,0.034935,0.003479,0.097033,0.047147,0.346202,0.003887,,2701100,,
2,2,,0.000521,0.101483,0.20629,0.169698,0.042366,0.176449,0,0.117597,0.019284,0.166313,,2679500,,
2,8,,0.028609,0.140056,0.304763,0.010748,0.086975,0.003624,0.041341,0.049359,0.330738,0.003786,,2680600,,
2,8,,0.028609,0.140056,0.314237,0.017064,0.034475,0.003624,0.041341,0.048767,0.368041,0.003786,,2690200,,
2,7,,0.026976,0.092632,0.088409,0.131407,0.053711,0.126966,0.026914,0.28217,0.036388,0.134427,,2688900,,
2,3,,0.000368,0.107717,0.211978,0.220579,0.03869,0.149828,0,0.093892,0.015107,0.161841,,2671500,,
2,2,,0.000368,0.107717,0.217978,0.208579,0.03869,0.155828,0,0.093892,0.015107,0.161841,,2706100,,
2,8,,0.028214,0.22652,0.254878,0.010107,0.038064,0.018559,0.036136,0.045609,0.337627,0.004287,,2688300,,
2,2,,0.028609,0.140056,0.364763,0.010748,0.034475,0.003624,0.041341,0.045609,0.326988,0.003786,,2677600,,
2,2,,0.000521,0.101483,0.26229,0.157698,0.042366,0.164449,0,0.093597,0.015284,0.162313,,2682800,,
2,8,,0.028214,0.24652,0.254878,0.010107,0.038064,0.018559,0.036136,0.045609,0.317627,0.004287,,2685400,,
2,2,,0.000368,0.163431,0.211978,0.164864,0.03869,0.149828,0,0.093892,0.015107,0.161841,,2713900,,
2,2,,0.000368,0.100286,0.199089,0.157257,0.045014,0.149794,0,0.156504,0.017278,0.174411,,2680900,,
2,8,,0.028214,0.24652,0.254878,0.010107,0.038064,0.018559,0.036136,0.045609,0.317627,0.004287,,2682300,,
2,2,,0.000521,0.101483,0.26229,0.157698,0.042366,0.164449,0,0.093597,0.015284,0.162313,,2676500,,
2,2,,0.028609,0.140056,0.364763,0.010748,0.034475,0.003624,0.041341,0.045609,0.326988,0.003786,,2675800,,
2,2,,0.000521,0.101483,0.26229,0.157698,0.042366,0.164449,0,0.093597,0.015284,0.162313,,2679200,,
2,8,,0.028339,0.139371,0.190142,0.02056,0.046014,0.016045,0.036136,0.092109,0.423631,0.007652,,2698200,,
2,3,,0.000368,0.10544,0.114199,0.254163,0.044599,0.150281,0,0.094936,0.014371,0.221644,,2678700,,
2,2,,0.000368,0.107717,0.211978,0.207245,0.03869,0.149828,0,0.093892,0.015107,0.175175,,2677200,,
2,2,,0.000368,0.107717,0.211978,0.160579,0.03869,0.149828,0,0.138892,0.015107,0.176841,,2677800,,
2,8,,0.028062,0.262577,0.209358,0.009821,0.053685,0.003479,0.055783,0.047147,0.326202,0.003887,,2679700,,
2,8,,0.049303,0.195086,0.285724,0.012568,0.046894,0.00335,0.036274,0.048229,0.319197,0.003375,,2708400,,
2,8,,0.028609,0.140056,0.308763,0.022748,0.034475,0.015624,0.041341,0.069609,0.330988,0.007786,,2675000,,
2,2,,0.000521,0.101483,0.20629,0.169698,0.042366,0.176449,0,0.117597,0.019284,0.166313,,2676200,,
2,2,,0.000521,0.101483,0.26229,0.157698,0.042366,0.164449,0,0.093597,0.015284,0.162313,,2683100,,
2,7,,0.000368,0.152786,0.093013,0.160919,0.039172,0.150609,0,0.226601,0.014523,0.162009,,2676100,,
2,8,,0.028339,0.169371,0.186142,0.00856,0.136014,0.004045,0.036136,0.068109,0.359631,0.003652,,2680900,,
2,2,,0.000368,0.113171,0.211978,0.160579,0.044145,0.149828,0,0.093892,0.015107,0.210932,,2704000,,
2,8,,0.028062,0.262577,0.244636,0.009821,0.034935,0.005701,0.037033,0.047147,0.326202,0.003887,,2676600,,
2,2,,0.000521,0.101483,0.26229,0.157698,0.042366,0.164449,0,0.093597,0.015284,0.162313,,2673700,,
2,6,,0.280653,0.015564,0.149409,0.002052,0.179434,0.018925,0.289756,0.023599,0.039945,0.000664,,2679000,,
2,8,,0.028062,0.249371,0.186147,0.008282,0.083933,0.00349,0.074597,0.045609,0.317134,0.003375,,2671500,,
2,0,,0.280653,0.015564,0.132909,0.050052,0.160684,0.024925,0.271006,0.023599,0.039945,0.000664,,2674700,,
2,3,,0.000368,0.107717,0.211978,0.220579,0.03869,0.149828,0,0.093892,0.015107,0.161841,,2674100,,
2,8,,0.028062,0.232754,0.264566,0.012988,0.034388,0.003939,0.036136,0.045903,0.33745,0.003816,,2672200,,
2,6,,0.280653,0.015564,0.144556,0.002052,0.167743,0.022454,0.292183,0.023599,0.050533,0.000664,,2673900,,
2,3,,0.000368,0.100286,0.199089,0.217257,0.045014,0.149794,0,0.096504,0.017278,0.174411,,2677100,,
2,8,,0.028062,0.162577,0.204505,0.009821,0.081994,0.007008,0.05821,0.047147,0.39679,0.003887,,2675200,,
2,0,,0.421894,0.015564,0.026486,0.002052,0.173646,0.018785,0.232683,0.026219,0.082008,0.000664,,2702100,,
2,2,,0.000368,0.107717,0.271978,0.160579,0.03869,0.149828,0,0.093892,0.015107,0.161841,,2684500,,
2,9,,0.000368,0.10544,0.114199,0.234163,0.044599,0.150281,0,0.094936,0.014371,0.241644,,2693100,,
2,6,,0.280653,0.015564,0.149409,0.002052,0.179434,0.018925,0.289756,0.023599,0.039945,0.000664,,2684700,,
2,3,,0.000368,0.107717,0.211978,0.220579,0.03869,0.149828,0,0.093892,0.015107,0.161841,,2689200,,
2,0,,0.361894,0.015564,0.106486,0.002052,0.193646,0.018785,0.232683,0.026219,0.042008,0.000664,,2688900,,
2,8,,0.028609,0.140056,0.304763,0.010748,0.034475,0.003624,0.041341,0.105609,0.326988,0.003786,,2717400,,
2,8,,0.028062,0.242577,0.246858,0.009821,0.034935,0.003479,0.037033,0.047147,0.346202,0.003887,,2688400,,
2,8,,0.028062,0.140456,0.24694,0.008553,0.034602,0.004028,0.042644,0.046151,0.444918,0.003646,,2693200,,
2,2,,0.027129,0.097043,0.197686,0.132472,0.056904,0.140806,0.026914,0.134166,0.037148,0.149732,,2690600,,
2,2,,0.000368,0.107717,0.217978,0.208579,0.03869,0.155828,0,0.093892,0.015107,0.161841,,2689700,,
2,8,,0.028609,0.140056,0.310763,0.058748,0.034475,0.009624,0.041341,0.045609,0.326988,0.003786,,2710600,,
2,2,,0.028609,0.140056,0.364763,0.010748,0.034475,0.003624,0.041341,0.045609,0.326988,0.003786,,2685100,,
2,8,,0.028062,0.162577,0.246858,0.009821,0.054935,0.003479,0.037033,0.047147,0.406202,0.003887,,2687100,,
2,2,,0.000521,0.157197,0.20229,0.161984,0.042366,0.164449,0,0.093597,0.015284,0.162313,,2682900,,
2,8,,0.028922,0.140232,0.194029,0.056282,0.053725,0.013221,0.047175,0.045752,0.417288,0.003375,,2685000,,
2,3,,0.000368,0.099985,0.200199,0.222163,0.039144,0.156281,0,0.094936,0.014371,0.172553,,2678600,,
3,3,,0.000368,0.096374,0.093017,0.351167,0.037955,0.151279,0,0.093754,0.014371,0.161714,,2714500,,
3,3,,0.000368,0.099985,0.10277,0.31702,0.039144,0.150281,0,0.094936,0.014371,0.181124,,2798800,,
3,7,,0.031022,0.077941,0.024379,0.053464,0.219399,0.03017,0.036052,0.338693,0.184989,0.003891,,2697000,,
3,9,,0.026976,0.095545,0.089595,0.148937,0.053683,0.126638,0.026914,0.090504,0.036236,0.304971,,2681900,,
3,3,,0.000368,0.096374,0.099017,0.339167,0.037955,0.157279,0,0.093754,0.014371,0.161714,,2687100,,
3,3,,0.000368,0.099985,0.094199,0.334163,0.039144,0.150281,0,0.094936,0.014371,0.172553,,2711000,,
3,9,,0.000368,0.10544,0.114199,0.234163,0.044599,0.150281,0,0.094936,0.014371,0.241644,,2677600,,
3,3,,0.000368,0.096374,0.093017,0.337834,0.037955,0.151279,0,0.093754,0.014371,0.175047,,2698700,,
3,3,,0.000368,0.096374,0.093017,0.351167,0.037955,0.151279,0,0.093754,0.014371,0.161714,,2702100,,
3,3,,0.000368,0.116374,0.119017,0.299167,0.037955,0.157279,0,0.093754,0.014371,0.161714,,2704000,,
3,3,,0.000368,0.096374,0.093017,0.351167,0.037955,0.151279,0,0.093754,0.014371,0.161714,,2700600,,
3,9,,0.000368,0.15476,0.093428,0.165359,0.038239,0.157449,0,0.093739,0.014939,0.281719,,2750500,,
3,3,,0.000368,0.099985,0.120199,0.302163,0.039144,0.156281,0,0.094936,0.014371,0.172553,,2679400,,
3,3,,0.000368,0.096374,0.099017,0.339167,0.037955,0.157279,0,0.093754,0.014371,0.161714,,2712600,,
3,8,,0.0328,0.145767,0.02926,0.11975,0.05,0.013599,0.202984,0.024087,0.329765,0.051987,,2706800,,
3,3,,0.000368,0.096374,0.099017,0.339167,0.037955,0.157279,0,0.093754,0.014371,0.161714,,2704600,,
3,3,,0.000368,0.099985,0.114199,0.294163,0.039144,0.150281,0,0.094936,0.014371,0.192553,,2687400,,
3,3,,0.000368,0.099985,0.114199,0.294163,0.039144,0.150281,0,0.094936,0.014371,0.192553,,2709400,,
3,3,,0.000368,0.096374,0.099017,0.339167,0.037955,0.157279,0,0.093754,0.014371,0.161714,,2696500,,
3,3,,0.000368,0.096374,0.099017,0.339167,0.037955,0.157279,0,0.093754,0.014371,0.161714,,2684700,,
3,3,,0.000368,0.096374,0.093017,0.234803,0.137955,0.162188,0,0.099209,0.014371,0.161714,,2694400,,
3,3,,0.000368,0.099985,0.094199,0.314163,0.039144,0.150281,0,0.094936,0.014371,0.192553,,2691800,,
3,3,,0.000368,0.096374,0.099017,0.279167,0.037955,0.177279,0,0.133754,0.014371,0.161714,,2724700,,
3,8,,0.080015,0.146026,0.048008,0.10023,0.057205,0.013164,0.20819,0.023945,0.266138,0.057079,,2713400,,
3,3,,0.000368,0.096374,0.099017,0.299167,0.037955,0.197279,0,0.093754,0.014371,0.161714,,2706800,,
3,3,,0.000368,0.099985,0.094199,0.334163,0.039144,0.150281,0,0.094936,0.014371,0.172553,,2696000,,
3,3,,0.000368,0.096374,0.119017,0.319167,0.037955,0.157279,0,0.093754,0.014371,0.161714,,2686100,,
3,3,,0.000368,0.096374,0.093017,0.337834,0.037955,0.151279,0,0.093754,0.014371,0.175047,,2704800,,
3,8,,0.033348,0.146026,0.208008,0.06023,0.050538,0.013164,0.20819,0.023945,0.239471,0.017079,,2728400,,
3,8,,0.0328,0.145767,0.02926,0.21975,0.05,0.013599,0.202984,0.024087,0.229765,0.051987,,2703600,,
3,3,,0.000368,0.099985,0.097056,0.328449,0.039144,0.150281,0,0.094936,0.014371,0.17541,,2701700,,
3,3,,0.000521,0.157197,0.10229,0.261984,0.042366,0.164449,0,0.093597,0.015284,0.162313,,2698900,,
3,3,,0.000368,0.097072,0.099013,0.224633,0.039172,0.156609,0,0.166601,0.014523,0.202009,,2693500,,
3,3,,0.000368,0.096374,0.093017,0.294803,0.037955,0.182188,0,0.119209,0.014371,0.161714,,2734200,,
3,3,,0.000368,0.096374,0.093017,0.351167,0.037955,0.151279,0,0.093754,0.014371,0.161714,,2700700,,
3,3,,0.000368,0.096374,0.093017,0.351167,0.037955,0.151279,0,0.093754,0.014371,0.161714,,2700800,,
3,3,,0.000368,0.099985,0.114199,0.294163,0.039144,0.150281,0,0.094936,0.014371,0.192553,,2694500,,
3,3,,0.000368,0.155699,0.114199,0.238449,0.039144,0.150281,0,0.094936,0.014371,0.192553,,2718200,,
3,5,,0.000521,0.177197,0.10229,0.161984,0.042366,0.204449,0,0.093597,0.035284,0.182313,,2695800,,
3,3,,0.000368,0.096374,0.093017,0.311167,0.037955,0.151279,0,0.093754,0.014371,0.201714,,2747400,,
3,3,,0.000368,0.096374,0.093017,0.351167,0.037955,0.151279,0,0.093754,0.014371,0.161714,,2712000,,
3,3,,0.000368,0.099985,0.099913,0.302734,0.039144,0.150281,0,0.094936,0.014371,0.198267,,2688100,,
3,9,,0.000368,0.09476,0.093428,0.217859,0.038239,0.149949,0,0.093739,0.014939,0.296719,,2689100,,
3,3,,0.000368,0.096374,0.093017,0.351167,0.037955,0.151279,0,0.093754,0.014371,0.161714,,2887900,,
3,3,,0.000368,0.096374,0.093017,0.314803,0.037955,0.162188,0,0.099209,0.014371,0.181714,,2707600,,
3,9,,0.000368,0.10544,0.114199,0.234163,0.044599,0.150281,0,0.094936,0.014371,0.241644,,2681900,,
3,3,,0.000368,0.096374,0.093017,0.337834,0.037955,0.151279,0,0.093754,0.014371,0.175047,,2705400,,
3,3,,0.000521,0.101483,0.12829,0.285698,0.042366,0.170449,0,0.093597,0.015284,0.162313,,2704400,,
3,3,,0.000368,0.096374,0.139017,0.279167,0.037955,0.157279,0,0.093754,0.014371,0.181714,,2698400,,
3,3,,0.000368,0.096374,0.099017,0.339167,0.037955,0.157279,0,0.093754,0.014371,0.161714,,2692300,,
