optical,CWE,test,4,NANOSECONDS,PREDICTIONS, Generated by ClassifierExperiments.java on 2022-05-16 21:53:51.    SYSTEMPROPERTIES:{user.name:matth,os.arch:amd64,os.name:Windows 10},ENDSYSTEMPROPERTIES
No parameter info
0.8077945084145262,6076931600,3502365900,-1,159442640,10,,-1,-1
0,0,,0.620667,0.009433,0.019925,0.001291,0.120526,0.014529,0.16927,0.016442,0.027402,0.000516,,3251000,,
0,0,,0.620667,0.009433,0.019925,0.001291,0.120526,0.014529,0.16927,0.016442,0.027402,0.000516,,3335800,,
0,0,,0.620667,0.009433,0.019925,0.001291,0.120526,0.014529,0.16927,0.016442,0.027402,0.000516,,3291900,,
0,0,,0.620667,0.009433,0.019925,0.001291,0.120526,0.014529,0.16927,0.016442,0.027402,0.000516,,2980300,,
0,0,,0.620667,0.009433,0.019925,0.001291,0.120526,0.014529,0.16927,0.016442,0.027402,0.000516,,3024500,,
0,0,,0.620667,0.009433,0.019925,0.001291,0.120526,0.014529,0.16927,0.016442,0.027402,0.000516,,3013000,,
0,0,,0.620667,0.009433,0.019925,0.001291,0.120526,0.014529,0.16927,0.016442,0.027402,0.000516,,3004200,,
0,0,,0.620667,0.009433,0.019925,0.001291,0.120526,0.014529,0.16927,0.016442,0.027402,0.000516,,3455600,,
0,0,,0.620667,0.009433,0.019925,0.001291,0.120526,0.014529,0.16927,0.016442,0.027402,0.000516,,2965500,,
0,0,,0.620667,0.009433,0.019925,0.001291,0.120526,0.014529,0.16927,0.016442,0.027402,0.000516,,3013300,,
0,0,,0.481815,0.009862,0.022639,0.001291,0.140094,0.018527,0.280413,0.016585,0.028259,0.000516,,3187500,,
0,0,,0.620667,0.009433,0.019925,0.001291,0.120526,0.014529,0.16927,0.016442,0.027402,0.000516,,2921900,,
0,0,,0.620667,0.009433,0.019925,0.001291,0.120526,0.014529,0.16927,0.016442,0.027402,0.000516,,3194200,,
0,0,,0.620667,0.009433,0.019925,0.001291,0.120526,0.014529,0.16927,0.016442,0.027402,0.000516,,3278000,,
0,0,,0.620667,0.009433,0.019925,0.001291,0.120526,0.014529,0.16927,0.016442,0.027402,0.000516,,2925700,,
0,0,,0.620667,0.009433,0.019925,0.001291,0.120526,0.014529,0.16927,0.016442,0.027402,0.000516,,3150700,,
0,0,,0.620667,0.009433,0.019925,0.001291,0.120526,0.014529,0.16927,0.016442,0.027402,0.000516,,3083000,,
0,0,,0.620667,0.009433,0.019925,0.001291,0.120526,0.014529,0.16927,0.016442,0.027402,0.000516,,2993000,,
0,6,,0.201815,0.009862,0.022639,0.001291,0.140094,0.018527,0.560413,0.016585,0.028259,0.000516,,3047600,,
0,0,,0.620667,0.009433,0.019925,0.001291,0.120526,0.014529,0.16927,0.016442,0.027402,0.000516,,2972300,,
0,0,,0.620667,0.009433,0.019925,0.001291,0.120526,0.014529,0.16927,0.016442,0.027402,0.000516,,3127900,,
0,0,,0.620667,0.009433,0.019925,0.001291,0.120526,0.014529,0.16927,0.016442,0.027402,0.000516,,2994200,,
0,0,,0.620667,0.009433,0.019925,0.001291,0.120526,0.014529,0.16927,0.016442,0.027402,0.000516,,2957100,,
0,0,,0.620667,0.009433,0.019925,0.001291,0.120526,0.014529,0.16927,0.016442,0.027402,0.000516,,3077500,,
0,0,,0.620667,0.009433,0.019925,0.001291,0.120526,0.014529,0.16927,0.016442,0.027402,0.000516,,3038100,,
0,0,,0.620667,0.009433,0.019925,0.001291,0.120526,0.014529,0.16927,0.016442,0.027402,0.000516,,2958100,,
0,0,,0.620667,0.009433,0.019925,0.001291,0.120526,0.014529,0.16927,0.016442,0.027402,0.000516,,3168100,,
0,0,,0.620667,0.009433,0.019925,0.001291,0.120526,0.014529,0.16927,0.016442,0.027402,0.000516,,3013800,,
0,0,,0.620667,0.009433,0.019925,0.001291,0.120526,0.014529,0.16927,0.016442,0.027402,0.000516,,2986200,,
0,0,,0.620667,0.009433,0.019925,0.001291,0.120526,0.014529,0.16927,0.016442,0.027402,0.000516,,3057500,,
0,0,,0.620667,0.009433,0.019925,0.001291,0.120526,0.014529,0.16927,0.016442,0.027402,0.000516,,2974100,,
0,0,,0.620667,0.009433,0.019925,0.001291,0.120526,0.014529,0.16927,0.016442,0.027402,0.000516,,2964200,,
0,0,,0.620667,0.009433,0.019925,0.001291,0.120526,0.014529,0.16927,0.016442,0.027402,0.000516,,3169800,,
0,0,,0.620667,0.009433,0.019925,0.001291,0.120526,0.014529,0.16927,0.016442,0.027402,0.000516,,2869900,,
0,0,,0.620667,0.009433,0.019925,0.001291,0.120526,0.014529,0.16927,0.016442,0.027402,0.000516,,3100800,,
0,0,,0.620667,0.009433,0.019925,0.001291,0.120526,0.014529,0.16927,0.016442,0.027402,0.000516,,3063900,,
0,0,,0.620667,0.009433,0.019925,0.001291,0.120526,0.014529,0.16927,0.016442,0.027402,0.000516,,2913400,,
0,0,,0.620667,0.009433,0.019925,0.001291,0.120526,0.014529,0.16927,0.016442,0.027402,0.000516,,3248700,,
0,0,,0.620667,0.009433,0.019925,0.001291,0.120526,0.014529,0.16927,0.016442,0.027402,0.000516,,2975900,,
0,0,,0.620667,0.009433,0.019925,0.001291,0.120526,0.014529,0.16927,0.016442,0.027402,0.000516,,3179000,,
0,0,,0.620667,0.009433,0.019925,0.001291,0.120526,0.014529,0.16927,0.016442,0.027402,0.000516,,3235600,,
0,0,,0.620667,0.009433,0.019925,0.001291,0.120526,0.014529,0.16927,0.016442,0.027402,0.000516,,3041500,,
0,0,,0.620667,0.009433,0.019925,0.001291,0.120526,0.014529,0.16927,0.016442,0.027402,0.000516,,3825700,,
0,0,,0.620667,0.009433,0.019925,0.001291,0.120526,0.014529,0.16927,0.016442,0.027402,0.000516,,3029100,,
0,0,,0.620667,0.009433,0.019925,0.001291,0.120526,0.014529,0.16927,0.016442,0.027402,0.000516,,3133400,,
0,0,,0.620667,0.009433,0.019925,0.001291,0.120526,0.014529,0.16927,0.016442,0.027402,0.000516,,3308800,,
0,0,,0.620667,0.009433,0.019925,0.001291,0.120526,0.014529,0.16927,0.016442,0.027402,0.000516,,3152400,,
0,0,,0.620667,0.009433,0.019925,0.001291,0.120526,0.014529,0.16927,0.016442,0.027402,0.000516,,3296300,,
0,0,,0.620667,0.009433,0.019925,0.001291,0.120526,0.014529,0.16927,0.016442,0.027402,0.000516,,3074500,,
0,0,,0.620667,0.009433,0.019925,0.001291,0.120526,0.014529,0.16927,0.016442,0.027402,0.000516,,2941500,,
0,0,,0.620667,0.009433,0.019925,0.001291,0.120526,0.014529,0.16927,0.016442,0.027402,0.000516,,2990800,,
0,0,,0.620667,0.009433,0.019925,0.001291,0.120526,0.014529,0.16927,0.016442,0.027402,0.000516,,3170500,,
0,0,,0.620667,0.009433,0.019925,0.001291,0.120526,0.014529,0.16927,0.016442,0.027402,0.000516,,3011600,,
0,0,,0.620667,0.009433,0.019925,0.001291,0.120526,0.014529,0.16927,0.016442,0.027402,0.000516,,3125100,,
0,0,,0.620667,0.009433,0.019925,0.001291,0.120526,0.014529,0.16927,0.016442,0.027402,0.000516,,3011800,,
0,0,,0.620667,0.009433,0.019925,0.001291,0.120526,0.014529,0.16927,0.016442,0.027402,0.000516,,3238800,,
0,0,,0.620667,0.009433,0.019925,0.001291,0.120526,0.014529,0.16927,0.016442,0.027402,0.000516,,3014800,,
0,0,,0.620667,0.009433,0.019925,0.001291,0.120526,0.014529,0.16927,0.016442,0.027402,0.000516,,2880200,,
0,0,,0.620667,0.009433,0.019925,0.001291,0.120526,0.014529,0.16927,0.016442,0.027402,0.000516,,3126900,,
0,0,,0.620667,0.009433,0.019925,0.001291,0.120526,0.014529,0.16927,0.016442,0.027402,0.000516,,2938500,,
0,0,,0.620667,0.009433,0.019925,0.001291,0.120526,0.014529,0.16927,0.016442,0.027402,0.000516,,2918200,,
0,0,,0.620667,0.009433,0.019925,0.001291,0.120526,0.014529,0.16927,0.016442,0.027402,0.000516,,3115600,,
0,0,,0.620667,0.009433,0.019925,0.001291,0.120526,0.014529,0.16927,0.016442,0.027402,0.000516,,2923400,,
0,0,,0.620667,0.009433,0.019925,0.001291,0.120526,0.014529,0.16927,0.016442,0.027402,0.000516,,3006500,,
0,0,,0.620667,0.009433,0.019925,0.001291,0.120526,0.014529,0.16927,0.016442,0.027402,0.000516,,3004800,,
0,0,,0.620667,0.009433,0.019925,0.001291,0.120526,0.014529,0.16927,0.016442,0.027402,0.000516,,3005200,,
0,0,,0.620667,0.009433,0.019925,0.001291,0.120526,0.014529,0.16927,0.016442,0.027402,0.000516,,2992800,,
0,0,,0.620667,0.009433,0.019925,0.001291,0.120526,0.014529,0.16927,0.016442,0.027402,0.000516,,2944000,,
0,0,,0.620667,0.009433,0.019925,0.001291,0.120526,0.014529,0.16927,0.016442,0.027402,0.000516,,2971400,,
0,0,,0.620667,0.009433,0.019925,0.001291,0.120526,0.014529,0.16927,0.016442,0.027402,0.000516,,2977800,,
0,0,,0.620667,0.009433,0.019925,0.001291,0.120526,0.014529,0.16927,0.016442,0.027402,0.000516,,2948200,,
0,0,,0.620667,0.009433,0.019925,0.001291,0.120526,0.014529,0.16927,0.016442,0.027402,0.000516,,2911400,,
0,0,,0.620667,0.009433,0.019925,0.001291,0.120526,0.014529,0.16927,0.016442,0.027402,0.000516,,3166500,,
0,0,,0.620667,0.009433,0.019925,0.001291,0.120526,0.014529,0.16927,0.016442,0.027402,0.000516,,3506200,,
0,0,,0.620667,0.009433,0.019925,0.001291,0.120526,0.014529,0.16927,0.016442,0.027402,0.000516,,3653000,,
0,0,,0.620667,0.009433,0.019925,0.001291,0.120526,0.014529,0.16927,0.016442,0.027402,0.000516,,2949100,,
0,0,,0.620667,0.009433,0.019925,0.001291,0.120526,0.014529,0.16927,0.016442,0.027402,0.000516,,2911600,,
0,0,,0.620667,0.009433,0.019925,0.001291,0.120526,0.014529,0.16927,0.016442,0.027402,0.000516,,3289900,,
0,0,,0.620667,0.009433,0.019925,0.001291,0.120526,0.014529,0.16927,0.016442,0.027402,0.000516,,3320600,,
0,0,,0.620667,0.009433,0.019925,0.001291,0.120526,0.014529,0.16927,0.016442,0.027402,0.000516,,3018700,,
0,0,,0.620667,0.009433,0.019925,0.001291,0.120526,0.014529,0.16927,0.016442,0.027402,0.000516,,3221600,,
0,0,,0.620667,0.009433,0.019925,0.001291,0.120526,0.014529,0.16927,0.016442,0.027402,0.000516,,3151100,,
0,0,,0.620667,0.009433,0.019925,0.001291,0.120526,0.014529,0.16927,0.016442,0.027402,0.000516,,3330800,,
0,0,,0.620667,0.009433,0.019925,0.001291,0.120526,0.014529,0.16927,0.016442,0.027402,0.000516,,3172900,,
0,0,,0.620667,0.009433,0.019925,0.001291,0.120526,0.014529,0.16927,0.016442,0.027402,0.000516,,2955900,,
0,0,,0.620667,0.009433,0.019925,0.001291,0.120526,0.014529,0.16927,0.016442,0.027402,0.000516,,3067000,,
0,0,,0.620667,0.009433,0.019925,0.001291,0.120526,0.014529,0.16927,0.016442,0.027402,0.000516,,2937100,,
0,0,,0.620667,0.009433,0.019925,0.001291,0.120526,0.014529,0.16927,0.016442,0.027402,0.000516,,2933600,,
0,4,,0.201815,0.009862,0.022639,0.001291,0.520094,0.018527,0.180413,0.016585,0.028259,0.000516,,3074500,,
0,0,,0.480958,0.009433,0.020482,0.001291,0.120798,0.014384,0.308294,0.016442,0.027402,0.000516,,2970200,,
0,0,,0.620667,0.009433,0.019925,0.001291,0.120526,0.014529,0.16927,0.016442,0.027402,0.000516,,3006300,,
0,0,,0.620667,0.009433,0.019925,0.001291,0.120526,0.014529,0.16927,0.016442,0.027402,0.000516,,3086000,,
0,0,,0.620667,0.009433,0.019925,0.001291,0.120526,0.014529,0.16927,0.016442,0.027402,0.000516,,2942000,,
0,0,,0.620667,0.009433,0.019925,0.001291,0.120526,0.014529,0.16927,0.016442,0.027402,0.000516,,3181400,,
0,0,,0.620667,0.009433,0.019925,0.001291,0.120526,0.014529,0.16927,0.016442,0.027402,0.000516,,3286400,,
0,0,,0.620667,0.009433,0.019925,0.001291,0.120526,0.014529,0.16927,0.016442,0.027402,0.000516,,2889400,,
0,0,,0.620667,0.009433,0.019925,0.001291,0.120526,0.014529,0.16927,0.016442,0.027402,0.000516,,3145500,,
0,0,,0.620667,0.009433,0.019925,0.001291,0.120526,0.014529,0.16927,0.016442,0.027402,0.000516,,2956200,,
0,0,,0.426815,0.009862,0.022639,0.001291,0.215094,0.018527,0.260413,0.016585,0.028259,0.000516,,2930000,,
0,0,,0.620667,0.009433,0.019925,0.001291,0.120526,0.014529,0.16927,0.016442,0.027402,0.000516,,3093000,,
0,0,,0.620667,0.009433,0.019925,0.001291,0.120526,0.014529,0.16927,0.016442,0.027402,0.000516,,3008600,,
0,0,,0.620667,0.009433,0.019925,0.001291,0.120526,0.014529,0.16927,0.016442,0.027402,0.000516,,3068900,,
0,0,,0.620667,0.009433,0.019925,0.001291,0.120526,0.014529,0.16927,0.016442,0.027402,0.000516,,3024100,,
0,0,,0.486815,0.009862,0.022639,0.001291,0.155094,0.018527,0.260413,0.016585,0.028259,0.000516,,3230200,,
0,0,,0.620667,0.009433,0.019925,0.001291,0.120526,0.014529,0.16927,0.016442,0.027402,0.000516,,3138700,,
0,0,,0.620667,0.009433,0.019925,0.001291,0.120526,0.014529,0.16927,0.016442,0.027402,0.000516,,3022700,,
0,0,,0.620667,0.009433,0.019925,0.001291,0.120526,0.014529,0.16927,0.016442,0.027402,0.000516,,2873000,,
0,0,,0.480958,0.01049,0.020981,0.001895,0.120682,0.015138,0.16927,0.016442,0.027402,0.136743,,3107600,,
0,0,,0.620667,0.009433,0.019925,0.001291,0.120526,0.014529,0.16927,0.016442,0.027402,0.000516,,2968600,,
0,0,,0.620667,0.009433,0.019925,0.001291,0.120526,0.014529,0.16927,0.016442,0.027402,0.000516,,2898600,,
0,0,,0.620667,0.009433,0.019925,0.001291,0.120526,0.014529,0.16927,0.016442,0.027402,0.000516,,3541100,,
1,1,,0.000268,0.354203,0.065875,0.115791,0.025376,0.108883,0,0.201183,0.010856,0.117565,,2911200,,
1,6,,0.201815,0.081626,0.163815,0.001291,0.151859,0.044409,0.303942,0.016585,0.034141,0.000516,,3261800,,
1,1,,0.01924,0.362603,0.063175,0.109877,0.067957,0.092047,0.019191,0.129143,0.026351,0.110415,,3213200,,
1,1,,0.000419,0.457686,0.075386,0.115646,0.029152,0.123829,0,0.068251,0.011461,0.118171,,2939600,,
1,1,,0.000419,0.457686,0.075386,0.115646,0.029152,0.123829,0,0.068251,0.011461,0.118171,,3061500,,
1,1,,0.000268,0.402252,0.066631,0.114891,0.024926,0.108886,0,0.068251,0.010706,0.20319,,3004400,,
1,1,,0.000268,0.370783,0.074822,0.213392,0.024624,0.110475,0,0.077498,0.010706,0.117432,,2929800,,
1,1,,0.000268,0.42495,0.070487,0.116813,0.036203,0.108271,0,0.071198,0.040671,0.131139,,3019000,,
1,1,,0.000268,0.465741,0.083756,0.119087,0.025206,0.108713,0,0.068687,0.011288,0.117254,,3058300,,
1,1,,0.000268,0.457595,0.067029,0.132323,0.025497,0.109149,0,0.06956,0.010706,0.127873,,3080400,,
1,1,,0.020574,0.494441,0.131361,0.007213,0.032714,0.003158,0.030405,0.042095,0.23382,0.00422,,3195300,,
1,1,,0.020574,0.484024,0.131361,0.007213,0.032714,0.003158,0.032488,0.042095,0.242153,0.00422,,3110600,,
1,1,,0.022403,0.447231,0.027891,0.007817,0.141312,0.01292,0.032841,0.217166,0.086815,0.003603,,4189900,,
1,5,,0.000419,0.177686,0.075386,0.115646,0.029152,0.403829,0,0.068251,0.011461,0.118171,,5227000,,
1,7,,0.01924,0.070103,0.063175,0.097377,0.036707,0.092047,0.019191,0.421893,0.026351,0.153915,,4013100,,
1,2,,0.000268,0.154074,0.395423,0.119087,0.025206,0.108713,0,0.068687,0.011288,0.117254,,3276400,,
1,1,,0.000268,0.399268,0.065731,0.149756,0.024624,0.163808,0,0.068407,0.010706,0.117432,,3548700,,
1,1,,0.020574,0.494441,0.131361,0.007213,0.032714,0.003158,0.030405,0.042095,0.23382,0.00422,,3219100,,
1,1,,0.000268,0.454203,0.065875,0.115791,0.025376,0.108883,0,0.101183,0.010856,0.117565,,3062300,,
1,1,,0.020574,0.494441,0.131361,0.007213,0.032714,0.003158,0.030405,0.042095,0.23382,0.00422,,3367200,,
1,1,,0.000268,0.454203,0.065875,0.115791,0.025376,0.108883,0,0.101183,0.010856,0.117565,,2948300,,
1,1,,0.020574,0.484024,0.131361,0.007213,0.032714,0.003158,0.032488,0.042095,0.242153,0.00422,,3102900,,
1,1,,0.000268,0.42495,0.070487,0.116813,0.036203,0.108271,0,0.071198,0.040671,0.131139,,3075700,,
1,7,,0.000268,0.121703,0.065875,0.123291,0.044126,0.108883,0,0.339933,0.010856,0.185065,,2978800,,
1,1,,0.000268,0.457595,0.067029,0.132323,0.025497,0.109149,0,0.06956,0.010706,0.127873,,3285100,,
1,1,,0.026043,0.503111,0.032756,0.035782,0.046068,0.008023,0.130126,0.028013,0.177965,0.012113,,2976300,,
1,1,,0.026595,0.404347,0.050943,0.047317,0.056162,0.00803,0.133447,0.026594,0.23469,0.011876,,3076300,,
1,1,,0.000268,0.454203,0.065875,0.115791,0.025376,0.108883,0,0.101183,0.010856,0.117565,,3093300,,
1,1,,0.020574,0.494441,0.131361,0.007213,0.032714,0.003158,0.030405,0.042095,0.23382,0.00422,,2922300,,
1,1,,0.020445,0.422016,0.12984,0.04165,0.03065,0.058706,0.029372,0.040832,0.222446,0.004043,,2986400,,
1,1,,0.000268,0.465741,0.083756,0.119087,0.025206,0.108713,0,0.068687,0.011288,0.117254,,3061800,,
1,1,,0.026043,0.490909,0.032756,0.035782,0.055591,0.008023,0.134888,0.028013,0.175882,0.012113,,2949200,,
1,8,,0.021303,0.254372,0.132398,0.006181,0.063697,0.013838,0.120515,0.040818,0.343304,0.003574,,2992000,,
1,1,,0.026043,0.490909,0.032756,0.035782,0.055591,0.008023,0.134888,0.028013,0.175882,0.012113,,3253600,,
1,1,,0.020574,0.494441,0.131361,0.007213,0.032714,0.003158,0.030405,0.042095,0.23382,0.00422,,2921300,,
1,1,,0.000268,0.362084,0.070487,0.116813,0.042051,0.108271,0,0.071198,0.019911,0.208917,,3033200,,
1,1,,0.020574,0.494441,0.131361,0.007213,0.032714,0.003158,0.030405,0.042095,0.23382,0.00422,,3063100,,
1,1,,0.000419,0.457686,0.075386,0.115646,0.029152,0.123829,0,0.068251,0.011461,0.118171,,3732000,,
1,1,,0.020574,0.494441,0.131361,0.007213,0.032714,0.003158,0.030405,0.042095,0.23382,0.00422,,3036400,,
1,9,,0.000419,0.077686,0.086497,0.137868,0.029152,0.157163,0,0.068251,0.011461,0.431504,,2934300,,
1,1,,0.022403,0.447231,0.027891,0.007817,0.141312,0.01292,0.032841,0.217166,0.086815,0.003603,,3094300,,
1,1,,0.000419,0.457686,0.075386,0.115646,0.029152,0.123829,0,0.068251,0.011461,0.118171,,2973500,,
1,2,,0.000419,0.077686,0.45068,0.115646,0.033858,0.123829,0,0.068251,0.011461,0.118171,,2983900,,
1,1,,0.022274,0.337242,0.026515,0.015789,0.158749,0.013543,0.031809,0.307429,0.075592,0.01106,,3062300,,
1,1,,0.000419,0.457686,0.075386,0.115646,0.029152,0.123829,0,0.068251,0.011461,0.118171,,2984500,,
1,1,,0.020445,0.376951,0.129984,0.007685,0.031401,0.00378,0.029372,0.157608,0.222597,0.020176,,2905700,,
1,1,,0.020574,0.494441,0.131361,0.007213,0.032714,0.003158,0.030405,0.042095,0.23382,0.00422,,3183600,,
1,1,,0.000268,0.456529,0.070487,0.116813,0.03094,0.108271,0,0.071198,0.014355,0.131139,,3007900,,
1,1,,0.022403,0.447231,0.027891,0.007817,0.141312,0.01292,0.032841,0.217166,0.086815,0.003603,,3014000,,
1,1,,0.022403,0.447231,0.027891,0.007817,0.141312,0.01292,0.032841,0.217166,0.086815,0.003603,,3240100,,
1,1,,0.000268,0.465741,0.083756,0.119087,0.025206,0.108713,0,0.068687,0.011288,0.117254,,3007700,,
1,2,,0.000419,0.077686,0.45068,0.115646,0.033858,0.123829,0,0.068251,0.011461,0.118171,,4290200,,
1,1,,0.020574,0.494441,0.131361,0.007213,0.032714,0.003158,0.030405,0.042095,0.23382,0.00422,,3706800,,
1,1,,0.021303,0.374372,0.132398,0.006181,0.063697,0.013838,0.120515,0.040818,0.223304,0.003574,,3870700,,
1,1,,0.020574,0.494441,0.131361,0.007213,0.032714,0.003158,0.030405,0.042095,0.23382,0.00422,,5077600,,
1,1,,0.000419,0.457686,0.075386,0.115646,0.029152,0.123829,0,0.068251,0.011461,0.118171,,3349200,,
1,1,,0.020574,0.494441,0.131361,0.007213,0.032714,0.003158,0.030405,0.042095,0.23382,0.00422,,3336300,,
1,1,,0.020574,0.494441,0.131361,0.007213,0.032714,0.003158,0.030405,0.042095,0.23382,0.00422,,3105300,,
1,1,,0.000419,0.457686,0.075386,0.115646,0.029152,0.123829,0,0.068251,0.011461,0.118171,,3291000,,
1,1,,0.000268,0.399268,0.065731,0.149756,0.024624,0.163808,0,0.068407,0.010706,0.117432,,3049100,,
1,6,,0.201109,0.115924,0.029736,0.002649,0.224908,0.070082,0.30927,0.016442,0.028157,0.001724,,3441100,,
1,1,,0.000268,0.399268,0.065731,0.149756,0.024624,0.163808,0,0.068407,0.010706,0.117432,,3269700,,
1,1,,0.000268,0.357595,0.067029,0.132323,0.025497,0.109149,0,0.06956,0.010706,0.227873,,2927500,,
1,1,,0.020574,0.494441,0.131361,0.007213,0.032714,0.003158,0.030405,0.042095,0.23382,0.00422,,3298000,,
1,7,,0.000268,0.166703,0.065875,0.128291,0.056626,0.108883,0,0.332433,0.010856,0.130065,,2981300,,
1,2,,0.000419,0.077686,0.45068,0.115646,0.033858,0.123829,0,0.068251,0.011461,0.118171,,3066900,,
1,1,,0.000419,0.457686,0.075386,0.115646,0.029152,0.123829,0,0.068251,0.011461,0.118171,,3403600,,
1,1,,0.000268,0.454203,0.065875,0.115791,0.025376,0.108883,0,0.101183,0.010856,0.117565,,3033700,,
1,1,,0.000268,0.456529,0.070487,0.116813,0.03094,0.108271,0,0.071198,0.014355,0.131139,,3143100,,
1,1,,0.000268,0.457595,0.067029,0.132323,0.025497,0.109149,0,0.06956,0.010706,0.127873,,2983500,,
1,2,,0.000419,0.077686,0.45068,0.115646,0.033858,0.123829,0,0.068251,0.011461,0.118171,,3008100,,
1,1,,0.000268,0.454203,0.065875,0.115791,0.025376,0.108883,0,0.101183,0.010856,0.117565,,3279500,,
1,1,,0.000268,0.457595,0.067029,0.132323,0.025497,0.109149,0,0.06956,0.010706,0.127873,,3047400,,
1,1,,0.020574,0.494441,0.131361,0.007213,0.032714,0.003158,0.030405,0.042095,0.23382,0.00422,,3178100,,
1,1,,0.020574,0.494441,0.131361,0.007213,0.032714,0.003158,0.030405,0.042095,0.23382,0.00422,,3129500,,
1,1,,0.020574,0.494441,0.131361,0.007213,0.032714,0.003158,0.030405,0.042095,0.23382,0.00422,,2905800,,
1,7,,0.01924,0.075366,0.063175,0.097377,0.036707,0.092047,0.019191,0.47263,0.026351,0.097915,,3829100,,
1,1,,0.020574,0.494441,0.131361,0.007213,0.032714,0.003158,0.030405,0.042095,0.23382,0.00422,,4750900,,
1,1,,0.020574,0.494441,0.131361,0.007213,0.032714,0.003158,0.030405,0.042095,0.23382,0.00422,,3479300,,
1,1,,0.020574,0.494441,0.131361,0.007213,0.032714,0.003158,0.030405,0.042095,0.23382,0.00422,,2961700,,
1,1,,0.000268,0.465741,0.083756,0.119087,0.025206,0.108713,0,0.068687,0.011288,0.117254,,3004800,,
1,1,,0.020574,0.494441,0.131361,0.007213,0.032714,0.003158,0.030405,0.042095,0.23382,0.00422,,3032400,,
1,2,,0.000419,0.077686,0.45068,0.115646,0.033858,0.123829,0,0.068251,0.011461,0.118171,,2952900,,
1,8,,0.020574,0.344024,0.131361,0.007213,0.032714,0.003158,0.032488,0.042095,0.382153,0.00422,,2944800,,
1,5,,0.000268,0.185741,0.083756,0.119087,0.025206,0.388713,0,0.068687,0.011288,0.117254,,3048600,,
1,1,,0.01924,0.42085,0.067787,0.0984,0.047534,0.091435,0.019191,0.067908,0.056166,0.111489,,2939600,,
1,1,,0.000268,0.456529,0.070487,0.116813,0.03094,0.108271,0,0.071198,0.014355,0.131139,,3279100,,
1,1,,0.000419,0.387686,0.075386,0.115646,0.059152,0.143829,0,0.068251,0.011461,0.138171,,3005600,,
1,1,,0.000268,0.356529,0.070487,0.122696,0.03094,0.108271,0,0.071198,0.020238,0.219374,,2946900,,
1,1,,0.01924,0.357985,0.067787,0.0984,0.053382,0.091435,0.019191,0.067908,0.035406,0.189267,,3591700,,
1,2,,0.020445,0.273633,0.293526,0.006718,0.031589,0.003968,0.035681,0.041212,0.289384,0.003843,,3123200,,
1,1,,0.000268,0.42495,0.070487,0.116813,0.036203,0.108271,0,0.071198,0.040671,0.131139,,3069200,,
1,1,,0.020574,0.494441,0.131361,0.007213,0.032714,0.003158,0.030405,0.042095,0.23382,0.00422,,3044300,,
1,1,,0.000268,0.465741,0.083756,0.119087,0.025206,0.108713,0,0.068687,0.011288,0.117254,,2886500,,
1,1,,0.000268,0.432332,0.067029,0.138639,0.025497,0.109149,0,0.06956,0.010706,0.14682,,3176900,,
1,1,,0.000419,0.457686,0.075386,0.115646,0.029152,0.123829,0,0.068251,0.011461,0.118171,,3748000,,
1,1,,0.000268,0.457595,0.067029,0.132323,0.025497,0.109149,0,0.06956,0.010706,0.127873,,2895100,,
1,1,,0.01924,0.453496,0.064329,0.11391,0.036828,0.092313,0.019191,0.066269,0.026201,0.108223,,3009100,,
1,1,,0.022403,0.447231,0.027891,0.007817,0.141312,0.01292,0.032841,0.217166,0.086815,0.003603,,2963300,,
1,1,,0.021303,0.386137,0.173574,0.006181,0.062129,0.013054,0.064045,0.040818,0.229186,0.003574,,2940800,,
1,1,,0.000268,0.460026,0.083756,0.124801,0.025206,0.108713,0,0.068687,0.011288,0.117254,,3388700,,
1,1,,0.022425,0.333225,0.124261,0.008143,0.15554,0.028489,0.031809,0.215746,0.076196,0.004166,,2931400,,
1,6,,0.201815,0.009862,0.022639,0.001291,0.273428,0.145193,0.300413,0.016585,0.028259,0.000516,,3003700,,
1,1,,0.020574,0.494441,0.131361,0.007213,0.032714,0.003158,0.030405,0.042095,0.23382,0.00422,,2957100,,
1,1,,0.020574,0.494441,0.131361,0.007213,0.032714,0.003158,0.030405,0.042095,0.23382,0.00422,,2866500,,
1,1,,0.000268,0.42495,0.070487,0.116813,0.036203,0.108271,0,0.071198,0.040671,0.131139,,3078200,,
1,1,,0.000268,0.365741,0.094867,0.196865,0.025206,0.108713,0,0.079799,0.011288,0.117254,,2992000,,
1,1,,0.000268,0.456529,0.070487,0.116813,0.03094,0.108271,0,0.071198,0.014355,0.131139,,2861900,,
1,2,,0.000419,0.177686,0.335386,0.115646,0.049152,0.123829,0,0.068251,0.011461,0.118171,,3663200,,
1,1,,0.020574,0.474441,0.131361,0.007213,0.032714,0.003158,0.030405,0.042095,0.25382,0.00422,,2884500,,
1,1,,0.000268,0.454203,0.065875,0.115791,0.025376,0.108883,0,0.101183,0.010856,0.117565,,2923800,,
1,1,,0.000268,0.42495,0.070487,0.116813,0.036203,0.108271,0,0.071198,0.040671,0.131139,,3164900,,
1,5,,0.000268,0.185741,0.083756,0.119087,0.025206,0.388713,0,0.068687,0.011288,0.117254,,2903600,,
1,1,,0.020574,0.482238,0.131361,0.007213,0.042238,0.003158,0.035166,0.042095,0.231737,0.00422,,3068800,,
1,6,,0.201815,0.009862,0.022639,0.001291,0.273428,0.145193,0.300413,0.016585,0.028259,0.000516,,2977900,,
2,2,,0.020445,0.108489,0.407865,0.010981,0.031231,0.00361,0.029372,0.041112,0.343028,0.003865,,2913900,,
2,9,,0.000268,0.076529,0.070487,0.116813,0.03094,0.108271,0,0.071198,0.014355,0.511139,,3134300,,
2,2,,0.000268,0.085741,0.463756,0.119087,0.025206,0.108713,0,0.068687,0.011288,0.117254,,3010400,,
2,2,,0.021126,0.094624,0.529547,0.008222,0.032282,0.003165,0.033726,0.040675,0.232651,0.003983,,2903000,,
2,8,,0.020574,0.244024,0.131361,0.007213,0.032714,0.003158,0.032488,0.042095,0.482153,0.00422,,3112400,,
2,2,,0.000268,0.085741,0.463756,0.119087,0.025206,0.108713,0,0.068687,0.011288,0.117254,,2968400,,
2,2,,0.000268,0.085741,0.463756,0.119087,0.025206,0.108713,0,0.068687,0.011288,0.117254,,2919100,,
2,2,,0.021126,0.094624,0.529547,0.008222,0.032282,0.003165,0.033726,0.040675,0.232651,0.003983,,3102100,,
2,2,,0.021126,0.094624,0.529547,0.008222,0.032282,0.003165,0.033726,0.040675,0.232651,0.003983,,2974000,,
2,2,,0.021126,0.094624,0.529547,0.008222,0.032282,0.003165,0.033726,0.040675,0.232651,0.003983,,2967200,,
2,2,,0.000268,0.085741,0.463756,0.119087,0.025206,0.108713,0,0.068687,0.011288,0.117254,,2969700,,
2,2,,0.201815,0.061626,0.223815,0.001291,0.171859,0.024409,0.203942,0.016585,0.094141,0.000516,,2917800,,
2,8,,0.020734,0.093943,0.297761,0.029114,0.041769,0.003462,0.029517,0.179213,0.300623,0.003863,,3017500,,
2,2,,0.000419,0.077686,0.45068,0.115646,0.033858,0.123829,0,0.068251,0.011461,0.118171,,3002700,,
2,2,,0.000419,0.077686,0.45068,0.115646,0.033858,0.123829,0,0.068251,0.011461,0.118171,,2953800,,
2,2,,0.201815,0.021626,0.283815,0.001291,0.211859,0.024409,0.203942,0.016585,0.034141,0.000516,,3267400,,
2,2,,0.000419,0.077686,0.443621,0.115646,0.040917,0.123829,0,0.068251,0.011461,0.118171,,3039800,,
2,2,,0.000268,0.085741,0.463756,0.119087,0.025206,0.108713,0,0.068687,0.011288,0.117254,,3029600,,
2,2,,0.000268,0.077595,0.378608,0.137587,0.046549,0.109149,0,0.101139,0.010706,0.138399,,3120300,,
2,2,,0.000419,0.077686,0.45068,0.115646,0.033858,0.123829,0,0.068251,0.011461,0.118171,,2923400,,
2,2,,0.01924,0.081641,0.461056,0.100673,0.036537,0.091877,0.019191,0.065397,0.026783,0.097605,,2952800,,
2,9,,0.000268,0.076529,0.241598,0.116813,0.08094,0.113827,0,0.08231,0.019911,0.267806,,2993800,,
2,2,,0.021126,0.094624,0.349547,0.188222,0.032282,0.003165,0.033726,0.040675,0.232651,0.003983,,2975300,,
2,2,,0.000268,0.085741,0.463756,0.119087,0.025206,0.108713,0,0.068687,0.011288,0.117254,,3024300,,
2,1,,0.020574,0.474441,0.131361,0.007213,0.032714,0.003158,0.030405,0.042095,0.25382,0.00422,,2950000,,
2,2,,0.000419,0.077686,0.45068,0.115646,0.033858,0.123829,0,0.068251,0.011461,0.118171,,2883900,,
2,8,,0.020574,0.264024,0.131361,0.007213,0.032714,0.003158,0.032488,0.042095,0.462153,0.00422,,3031100,,
2,1,,0.020574,0.474441,0.131361,0.007213,0.032714,0.003158,0.030405,0.042095,0.25382,0.00422,,3015600,,
2,2,,0.021126,0.094624,0.529547,0.008222,0.032282,0.003165,0.033726,0.040675,0.232651,0.003983,,2901900,,
2,7,,0.000268,0.081703,0.065875,0.123291,0.044126,0.108883,0,0.379933,0.010856,0.185065,,3062200,,
2,2,,0.000268,0.155781,0.327808,0.120773,0.024926,0.108886,0,0.068251,0.010706,0.182602,,3134200,,
2,2,,0.000268,0.077595,0.378608,0.137587,0.046549,0.109149,0,0.101139,0.010706,0.138399,,3325300,,
2,0,,0.200958,0.143979,0.143561,0.042455,0.170053,0.034965,0.16927,0.016878,0.077075,0.000807,,3300900,,
2,2,,0.01924,0.081641,0.461056,0.100673,0.036537,0.091877,0.019191,0.065397,0.026783,0.097605,,3363400,,
2,2,,0.000419,0.077686,0.45068,0.115646,0.033858,0.123829,0,0.068251,0.011461,0.118171,,3714600,,
2,2,,0.000419,0.077686,0.45068,0.115646,0.033858,0.123829,0,0.068251,0.011461,0.118171,,3386300,,
2,2,,0.000268,0.085741,0.463756,0.119087,0.025206,0.108713,0,0.068687,0.011288,0.117254,,3436800,,
2,2,,0.000268,0.185741,0.363756,0.119087,0.025206,0.108713,0,0.068687,0.011288,0.117254,,2960100,,
2,2,,0.000268,0.102407,0.405423,0.135754,0.050206,0.108713,0,0.068687,0.011288,0.117254,,2919400,,
2,8,,0.021126,0.194624,0.249547,0.008222,0.032282,0.003165,0.033726,0.040675,0.412651,0.003983,,3276500,,
2,1,,0.020574,0.484024,0.131361,0.007213,0.032714,0.003158,0.032488,0.042095,0.242153,0.00422,,2946900,,
2,2,,0.000419,0.077686,0.45068,0.115646,0.033858,0.123829,0,0.068251,0.011461,0.118171,,2873000,,
2,2,,0.000419,0.077686,0.45068,0.115646,0.033858,0.123829,0,0.068251,0.011461,0.118171,,3387000,,
2,2,,0.000419,0.077686,0.45068,0.115646,0.033858,0.123829,0,0.068251,0.011461,0.118171,,2902200,,
2,2,,0.000419,0.077686,0.45068,0.115646,0.033858,0.123829,0,0.068251,0.011461,0.118171,,2936900,,
2,2,,0.000268,0.085741,0.463756,0.119087,0.025206,0.108713,0,0.068687,0.011288,0.117254,,3044900,,
2,8,,0.020574,0.304024,0.131361,0.007213,0.032714,0.003158,0.032488,0.042095,0.422153,0.00422,,2944100,,
2,2,,0.000268,0.085741,0.463756,0.119087,0.025206,0.108713,0,0.068687,0.011288,0.117254,,3075900,,
2,2,,0.000268,0.085741,0.463756,0.119087,0.025206,0.108713,0,0.068687,0.011288,0.117254,,3076900,,
2,2,,0.020445,0.093943,0.375241,0.046181,0.034818,0.003029,0.159647,0.040675,0.222446,0.003574,,2892600,,
2,9,,0.000268,0.072252,0.066631,0.114891,0.041592,0.117219,0,0.068251,0.010706,0.50819,,3267900,,
2,2,,0.000268,0.085741,0.463756,0.119087,0.025206,0.108713,0,0.068687,0.011288,0.117254,,2999900,,
2,8,,0.020574,0.216524,0.131361,0.007213,0.032714,0.003158,0.030405,0.092095,0.461737,0.00422,,2931100,,
2,2,,0.000268,0.085741,0.463756,0.119087,0.025206,0.108713,0,0.068687,0.011288,0.117254,,4935900,,
2,1,,0.020574,0.484024,0.131361,0.007213,0.032714,0.003158,0.032488,0.042095,0.242153,0.00422,,5433800,,
2,1,,0.020574,0.454441,0.131361,0.007213,0.032714,0.003158,0.030405,0.042095,0.27382,0.00422,,6194100,,
2,8,,0.020574,0.264024,0.131361,0.007213,0.032714,0.003158,0.032488,0.042095,0.462153,0.00422,,4691500,,
2,1,,0.000268,0.432332,0.067029,0.138639,0.025497,0.109149,0,0.06956,0.010706,0.14682,,3058400,,
2,2,,0.200958,0.040645,0.359773,0.022758,0.145962,0.014965,0.16927,0.016878,0.027984,0.000807,,3243600,,
2,2,,0.021126,0.094624,0.529547,0.008222,0.032282,0.003165,0.033726,0.040675,0.232651,0.003983,,2998800,,
2,2,,0.000268,0.094074,0.455423,0.119087,0.025206,0.108713,0,0.068687,0.011288,0.117254,,3029200,,
2,2,,0.020445,0.108489,0.438976,0.088759,0.031231,0.00361,0.029372,0.052223,0.223028,0.003865,,3236100,,
2,2,,0.000419,0.077686,0.45068,0.115646,0.033858,0.123829,0,0.068251,0.011461,0.118171,,3028500,,
2,2,,0.019391,0.073586,0.44798,0.097232,0.045189,0.106993,0.019191,0.06496,0.026956,0.098521,,3011900,,
2,2,,0.000268,0.155781,0.327808,0.120773,0.024926,0.108886,0,0.068251,0.010706,0.182602,,3024100,,
2,8,,0.020734,0.113943,0.157761,0.009114,0.041769,0.003462,0.029517,0.099213,0.520623,0.003863,,3018000,,
2,2,,0.000268,0.085741,0.463756,0.119087,0.025206,0.108713,0,0.068687,0.011288,0.117254,,3221400,,
2,2,,0.200958,0.009433,0.285482,0.001291,0.179548,0.014384,0.264544,0.016442,0.027402,0.000516,,3031700,,
2,2,,0.019391,0.073586,0.44798,0.097232,0.045189,0.106993,0.019191,0.06496,0.026956,0.098521,,2921300,,
2,7,,0.000268,0.121703,0.065875,0.123291,0.044126,0.108883,0,0.319933,0.010856,0.205065,,3196500,,
2,2,,0.201815,0.061626,0.223815,0.001291,0.171859,0.024409,0.203942,0.016585,0.094141,0.000516,,3064200,,
2,2,,0.200958,0.009433,0.265482,0.001291,0.199548,0.014384,0.264544,0.016442,0.027402,0.000516,,2908400,,
2,2,,0.000268,0.076529,0.450487,0.116813,0.03094,0.108271,0,0.071198,0.014355,0.131139,,3366900,,
2,2,,0.01924,0.186641,0.356056,0.100673,0.036537,0.091877,0.019191,0.065397,0.026783,0.097605,,2992400,,
2,1,,0.020574,0.484024,0.131361,0.007213,0.032714,0.003158,0.032488,0.042095,0.242153,0.00422,,3049200,,
2,2,,0.01924,0.098308,0.402723,0.11734,0.061537,0.091877,0.019191,0.065397,0.026783,0.097605,,3220900,,
2,8,,0.021126,0.154624,0.249547,0.008222,0.032282,0.003165,0.033726,0.040675,0.452651,0.003983,,2919900,,
2,2,,0.000268,0.155781,0.327808,0.120773,0.024926,0.108886,0,0.068251,0.010706,0.182602,,3110300,,
2,2,,0.000268,0.085741,0.463756,0.119087,0.025206,0.108713,0,0.068687,0.011288,0.117254,,3018100,,
2,2,,0.021126,0.094624,0.349547,0.188222,0.032282,0.003165,0.033726,0.040675,0.232651,0.003983,,2936900,,
2,2,,0.021126,0.094624,0.529547,0.008222,0.032282,0.003165,0.033726,0.040675,0.232651,0.003983,,3064200,,
2,2,,0.000268,0.085741,0.463756,0.119087,0.025206,0.108713,0,0.068687,0.011288,0.117254,,2981500,,
2,2,,0.200958,0.009433,0.325482,0.001291,0.139548,0.014384,0.264544,0.016442,0.027402,0.000516,,2996900,,
2,2,,0.000268,0.152332,0.347029,0.138639,0.025497,0.109149,0,0.06956,0.010706,0.14682,,3007200,,
2,2,,0.021126,0.094624,0.529547,0.008222,0.032282,0.003165,0.033726,0.040675,0.232651,0.003983,,2971200,,
2,1,,0.020445,0.373943,0.155241,0.006181,0.049818,0.003029,0.124647,0.040675,0.222446,0.003574,,3183300,,
2,2,,0.000419,0.077686,0.45068,0.115646,0.033858,0.123829,0,0.068251,0.011461,0.118171,,3221800,,
2,2,,0.021126,0.094624,0.529547,0.008222,0.032282,0.003165,0.033726,0.040675,0.232651,0.003983,,2892800,,
2,2,,0.000419,0.077686,0.45068,0.115646,0.033858,0.123829,0,0.068251,0.011461,0.118171,,3136100,,
2,2,,0.000268,0.085741,0.463756,0.119087,0.025206,0.108713,0,0.068687,0.011288,0.117254,,2977900,,
2,9,,0.000268,0.095781,0.107808,0.120773,0.024926,0.108886,0,0.068251,0.010706,0.462602,,2899700,,
2,6,,0.201815,0.021626,0.203815,0.001291,0.211859,0.024409,0.283942,0.016585,0.034141,0.000516,,3214200,,
2,2,,0.000268,0.085741,0.463756,0.119087,0.025206,0.108713,0,0.068687,0.011288,0.117254,,2981100,,
2,2,,0.000419,0.077686,0.45068,0.115646,0.033858,0.123829,0,0.068251,0.011461,0.118171,,3079400,,
2,2,,0.000268,0.085741,0.463756,0.119087,0.025206,0.108713,0,0.068687,0.011288,0.117254,,3168500,,
2,2,,0.000419,0.077686,0.45068,0.115646,0.033858,0.123829,0,0.068251,0.011461,0.118171,,3007700,,
2,2,,0.021126,0.094624,0.529547,0.008222,0.032282,0.003165,0.033726,0.040675,0.232651,0.003983,,3305500,,
2,8,,0.020574,0.116524,0.131361,0.007213,0.047,0.003158,0.04469,0.042095,0.583165,0.00422,,2968600,,
2,8,,0.020574,0.244024,0.131361,0.007213,0.032714,0.003158,0.032488,0.042095,0.482153,0.00422,,2933500,,
2,1,,0.020574,0.484024,0.131361,0.007213,0.032714,0.003158,0.032488,0.042095,0.242153,0.00422,,3005600,,
2,2,,0.000419,0.077686,0.45068,0.115646,0.033858,0.123829,0,0.068251,0.011461,0.118171,,2917800,,
2,7,,0.000268,0.079466,0.065875,0.115791,0.025376,0.108883,0,0.47592,0.010856,0.117565,,2969400,,
2,2,,0.020445,0.113633,0.473526,0.006718,0.031589,0.003968,0.035681,0.041212,0.269384,0.003843,,3116300,,
2,2,,0.000268,0.077595,0.378608,0.137587,0.046549,0.109149,0,0.101139,0.010706,0.138399,,2975100,,
2,2,,0.000419,0.077686,0.366497,0.137868,0.029152,0.157163,0,0.068251,0.011461,0.151504,,3126400,,
2,2,,0.000268,0.095777,0.35612,0.19596,0.025497,0.109149,0,0.078651,0.010706,0.127873,,3003200,,
2,2,,0.000268,0.085741,0.463756,0.119087,0.025206,0.108713,0,0.068687,0.011288,0.117254,,2876500,,
2,1,,0.020445,0.480796,0.155558,0.010981,0.031231,0.00361,0.029372,0.041112,0.223028,0.003865,,3073500,,
2,2,,0.000268,0.085741,0.463756,0.119087,0.025206,0.108713,0,0.068687,0.011288,0.117254,,3011000,,
2,2,,0.01924,0.072429,0.447787,0.0984,0.042271,0.091435,0.019191,0.067908,0.02985,0.111489,,2932200,,
2,2,,0.000268,0.085741,0.463756,0.119087,0.025206,0.108713,0,0.068687,0.011288,0.117254,,3194600,,
2,2,,0.021126,0.094624,0.529547,0.008222,0.032282,0.003165,0.033726,0.040675,0.232651,0.003983,,2971700,,
3,8,,0.025914,0.10402,0.031235,0.170218,0.044003,0.010237,0.129094,0.02675,0.446592,0.011936,,2989300,,
3,3,,0.000268,0.072601,0.065731,0.529756,0.024624,0.110475,0,0.068407,0.010706,0.117432,,3191500,,
3,3,,0.025914,0.109014,0.092533,0.367231,0.044876,0.008912,0.129094,0.027903,0.166592,0.027932,,2947700,,
3,8,,0.026043,0.125195,0.032756,0.035782,0.046068,0.008023,0.130126,0.238013,0.345882,0.012113,,2943500,,
3,3,,0.000268,0.072601,0.065731,0.529756,0.024624,0.110475,0,0.068407,0.010706,0.117432,,2955800,,
3,3,,0.000268,0.072601,0.065731,0.529756,0.024624,0.110475,0,0.068407,0.010706,0.117432,,2938900,,
3,3,,0.000268,0.077595,0.067029,0.512323,0.025497,0.109149,0,0.06956,0.010706,0.127873,,3030900,,
3,3,,0.000268,0.072601,0.065731,0.529756,0.024624,0.110475,0,0.068407,0.010706,0.117432,,2974700,,
3,3,,0.000268,0.072601,0.065731,0.529756,0.024624,0.110475,0,0.068407,0.010706,0.117432,,2893400,,
3,3,,0.000268,0.072601,0.065731,0.529756,0.024624,0.110475,0,0.068407,0.010706,0.117432,,3582600,,
3,3,,0.000268,0.072601,0.065731,0.529756,0.024624,0.110475,0,0.068407,0.010706,0.117432,,3324800,,
3,3,,0.000268,0.077595,0.067029,0.506768,0.025497,0.109149,0,0.06956,0.010706,0.133428,,3064500,,
3,9,,0.000268,0.212601,0.065731,0.249756,0.024624,0.110475,0,0.068407,0.010706,0.257432,,3328000,,
3,3,,0.000268,0.112601,0.065731,0.249756,0.024624,0.110475,0,0.228407,0.010706,0.197432,,2894300,,
3,7,,0.000268,0.074203,0.065875,0.215791,0.025376,0.148883,0,0.341183,0.010856,0.117565,,3049900,,
3,8,,0.020445,0.096951,0.129984,0.027685,0.031401,0.02378,0.029372,0.293608,0.342597,0.004176,,2948500,,
3,3,,0.000268,0.090783,0.074822,0.493392,0.024624,0.110475,0,0.077498,0.010706,0.117432,,2954900,,
3,9,,0.000268,0.077595,0.067029,0.14997,0.025497,0.109149,0,0.06956,0.010706,0.490226,,3125300,,
3,2,,0.000268,0.077595,0.258608,0.217587,0.046549,0.109149,0,0.101139,0.010706,0.178399,,2994600,,
3,2,,0.000419,0.077686,0.366497,0.137868,0.029152,0.157163,0,0.068251,0.011461,0.151504,,2893500,,
3,3,,0.000268,0.072601,0.065731,0.529756,0.024624,0.110475,0,0.068407,0.010706,0.117432,,3147800,,
3,3,,0.000268,0.072601,0.065731,0.529756,0.024624,0.110475,0,0.068407,0.010706,0.117432,,3748400,,
3,8,,0.026595,0.124347,0.050943,0.067317,0.056162,0.00803,0.133447,0.026594,0.49469,0.011876,,3508200,,
3,8,,0.022403,0.069315,0.027891,0.007817,0.141312,0.01292,0.032841,0.217166,0.464732,0.003603,,3482400,,
3,3,,0.000268,0.072601,0.065731,0.529756,0.024624,0.110475,0,0.068407,0.010706,0.117432,,3082300,,
3,3,,0.000268,0.072601,0.065731,0.529756,0.024624,0.110475,0,0.068407,0.010706,0.117432,,3777200,,
3,3,,0.025914,0.109014,0.072533,0.299036,0.044876,0.015162,0.129094,0.027903,0.166592,0.109877,,3074700,,
3,1,,0.000268,0.364029,0.070487,0.189313,0.03594,0.108271,0,0.076198,0.014355,0.141139,,3131500,,
3,1,,0.000268,0.380279,0.070487,0.183063,0.03344,0.108271,0,0.073698,0.014355,0.136139,,3038000,,
3,9,,0.01924,0.068152,0.063931,0.096477,0.036257,0.09205,0.019191,0.06496,0.026201,0.51354,,2865400,,
3,1,,0.000268,0.352601,0.065731,0.249756,0.024624,0.110475,0,0.068407,0.010706,0.117432,,3937100,,
3,3,,0.000268,0.072601,0.065731,0.529756,0.024624,0.110475,0,0.068407,0.010706,0.117432,,3466700,,
3,3,,0.000268,0.072601,0.065731,0.529756,0.024624,0.110475,0,0.068407,0.010706,0.117432,,3575700,,
3,3,,0.000268,0.072601,0.065731,0.529756,0.024624,0.110475,0,0.068407,0.010706,0.117432,,3453200,,
3,3,,0.000268,0.072601,0.065731,0.529756,0.024624,0.110475,0,0.068407,0.010706,0.117432,,3598100,,
3,1,,0.000268,0.297595,0.067029,0.286768,0.025497,0.109149,0,0.06956,0.010706,0.133428,,3478500,,
3,2,,0.000419,0.077686,0.423621,0.115646,0.060917,0.123829,0,0.068251,0.011461,0.118171,,3343700,,
3,3,,0.000268,0.072601,0.065731,0.529756,0.024624,0.110475,0,0.068407,0.010706,0.117432,,3444100,,
3,9,,0.000268,0.077595,0.067029,0.14997,0.025497,0.109149,0,0.06956,0.010706,0.490226,,2931200,,
3,9,,0.000268,0.077595,0.067029,0.226768,0.025497,0.129149,0,0.06956,0.010706,0.393428,,2999600,,
3,3,,0.000268,0.092601,0.165731,0.409756,0.024624,0.110475,0,0.068407,0.010706,0.117432,,3180200,,
3,9,,0.000268,0.076529,0.070487,0.116813,0.03094,0.108271,0,0.071198,0.014355,0.511139,,2920400,,
3,6,,0.026065,0.109105,0.052001,0.05833,0.048531,0.056925,0.349094,0.026594,0.227346,0.046008,,2919200,,
3,3,,0.000268,0.072601,0.065731,0.529756,0.024624,0.110475,0,0.068407,0.010706,0.117432,,2997200,,
3,3,,0.000268,0.072601,0.065731,0.529756,0.024624,0.110475,0,0.068407,0.010706,0.117432,,2874900,,
3,3,,0.000268,0.210783,0.134822,0.253392,0.024624,0.110475,0,0.137498,0.010706,0.117432,,2937500,,
3,3,,0.000268,0.072601,0.065731,0.529756,0.024624,0.110475,0,0.068407,0.010706,0.117432,,2960400,,
3,9,,0.000268,0.076529,0.070487,0.122696,0.03094,0.108271,0,0.071198,0.020238,0.499374,,2909600,,
3,2,,0.000419,0.077686,0.45068,0.115646,0.033858,0.123829,0,0.068251,0.011461,0.118171,,3171500,,
3,3,,0.000268,0.090783,0.074822,0.493392,0.024624,0.110475,0,0.077498,0.010706,0.117432,,3029900,,
