pendigits,CWE,test,2,NANOSECONDS,PREDICTIONS, Generated by ClassifierExperiments.java on 2022-05-16 22:41:59.    SYSTEMPROPERTIES:{user.name:matth,os.arch:amd64,os.name:Windows 10},ENDSYSTEMPROPERTIES
No parameter info
0.5651976374375284,1736401300,3892338500,-1,79701672,10,,-1,-1
0,0,,0.413596,0.024242,0.014638,0.006185,0.092315,0.093507,0.093556,0.021749,0.201316,0.038896,,1829800,,
0,8,,0.20046,0.031117,0.048403,0.050036,0.070905,0.087228,0.137213,0.073873,0.208923,0.091842,,1723500,,
0,0,,0.367143,0.037155,0.020347,0.004435,0.105166,0.102841,0.094364,0.024613,0.180061,0.063875,,1743400,,
0,0,,0.420765,0.018057,0.015045,0.005027,0.094266,0.094914,0.099077,0.021088,0.197349,0.034411,,1614300,,
0,0,,0.432808,0.017256,0.018364,0.004712,0.111835,0.097523,0.089352,0.022634,0.179973,0.025542,,1613700,,
0,0,,0.359496,0.009604,0.019561,0.00437,0.091187,0.097878,0.169651,0.024167,0.167179,0.056908,,1677800,,
0,0,,0.404289,0.022952,0.013126,0.018023,0.092505,0.09085,0.099766,0.022925,0.201751,0.033815,,1688000,,
0,0,,0.441238,0.030823,0.015945,0.010347,0.10629,0.117868,0.037685,0.027627,0.130803,0.081375,,1618000,,
0,0,,0.29493,0.041568,0.02768,0.011019,0.090248,0.087556,0.122023,0.051532,0.196142,0.077301,,1789100,,
0,0,,0.389952,0.037925,0.021541,0.0045,0.095501,0.097756,0.124369,0.025326,0.159398,0.04373,,1622800,,
0,0,,0.424943,0.016771,0.020029,0.004425,0.103159,0.095649,0.129705,0.024507,0.140411,0.0404,,1601600,,
0,0,,0.407284,0.024106,0.014638,0.018098,0.084919,0.112168,0.09372,0.023507,0.184458,0.037102,,1601600,,
0,0,,0.369722,0.031194,0.018921,0.004666,0.096801,0.098949,0.122825,0.023079,0.189782,0.044061,,1604500,,
0,0,,0.260397,0.027053,0.025909,0.011613,0.123039,0.083338,0.154862,0.050833,0.175781,0.087176,,1628800,,
0,0,,0.441086,0.020671,0.022498,0.018038,0.12618,0.118747,0.037784,0.034142,0.128755,0.052099,,1846600,,
0,0,,0.430657,0.019887,0.024474,0.017814,0.142353,0.12292,0.030587,0.035627,0.126699,0.048982,,1621200,,
0,0,,0.368156,0.037633,0.019814,0.004372,0.072898,0.096665,0.151995,0.024725,0.160727,0.063016,,1626400,,
0,0,,0.37738,0.037581,0.023876,0.004223,0.103086,0.102105,0.142716,0.026567,0.162493,0.019973,,1627000,,
0,0,,0.439725,0.017084,0.018409,0.004803,0.11596,0.100415,0.07018,0.023246,0.181217,0.028962,,1656500,,
0,0,,0.375835,0.017734,0.017832,0.004649,0.079495,0.092135,0.147694,0.042983,0.156917,0.064726,,1592500,,
0,8,,0.154587,0.080029,0.149414,0.042993,0.024697,0.09391,0.104082,0.043066,0.20382,0.103402,,1599400,,
0,0,,0.404289,0.022952,0.013126,0.018023,0.092505,0.11085,0.099766,0.022925,0.181751,0.033815,,1831100,,
0,0,,0.36934,0.050279,0.032637,0.030626,0.105535,0.124252,0.030766,0.043762,0.112879,0.099923,,1599800,,
0,0,,0.359277,0.03667,0.022012,0.004148,0.09649,0.100968,0.134716,0.026486,0.1605,0.058734,,1592300,,
0,0,,0.429877,0.038279,0.015818,0.030252,0.081258,0.117886,0.037044,0.031648,0.136036,0.081903,,1659000,,
0,0,,0.452808,0.017256,0.018364,0.004712,0.111835,0.097523,0.089352,0.022634,0.159973,0.025542,,1631100,,
0,0,,0.364389,0.029846,0.019209,0.00437,0.097005,0.098059,0.135605,0.024668,0.187894,0.038956,,1612100,,
0,0,,0.427341,0.016119,0.01551,0.004728,0.118024,0.097768,0.097926,0.021991,0.172585,0.028007,,1611400,,
0,0,,0.418829,0.020396,0.021052,0.021291,0.112233,0.095552,0.054398,0.031223,0.1712,0.053827,,1782500,,
0,0,,0.364389,0.029846,0.019209,0.00437,0.097005,0.098059,0.135605,0.024668,0.187894,0.038956,,1638300,,
0,0,,0.434976,0.020708,0.021331,0.013741,0.130013,0.11889,0.060902,0.031368,0.113677,0.054393,,1608500,,
0,0,,0.42141,0.024501,0.024287,0.017301,0.10931,0.10539,0.047081,0.031631,0.164595,0.054494,,1612600,,
0,0,,0.366727,0.03004,0.017409,0.004591,0.104386,0.097631,0.12887,0.022497,0.187074,0.040774,,1649400,,
0,0,,0.25449,0.099486,0.039461,0.037513,0.057599,0.123814,0.022708,0.053564,0.166182,0.145184,,1611700,,
0,0,,0.416836,0.031672,0.021215,0.013054,0.104362,0.120017,0.053229,0.030588,0.14804,0.060988,,1658200,,
0,0,,0.434496,0.021326,0.022429,0.016967,0.082948,0.115947,0.081982,0.02913,0.16282,0.031957,,1730900,,
0,0,,0.267769,0.055308,0.069833,0.011386,0.100994,0.086809,0.112068,0.052431,0.173555,0.069848,,1612800,,
0,0,,0.337975,0.051582,0.0275,0.011799,0.040933,0.118463,0.12012,0.040037,0.187295,0.064296,,1606700,,
0,0,,0.385939,0.029667,0.01943,0.00437,0.104424,0.098189,0.125523,0.024945,0.189723,0.01779,,1611200,,
0,0,,0.363204,0.010635,0.020942,0.004445,0.098408,0.120017,0.092972,0.045526,0.202774,0.041077,,1642000,,
0,0,,0.433432,0.038888,0.013148,0.014497,0.10821,0.116841,0.03903,0.024916,0.117445,0.093592,,1642500,,
0,0,,0.440765,0.038057,0.015045,0.005027,0.094266,0.114914,0.099077,0.021088,0.137349,0.034411,,1610500,,
0,0,,0.459155,0.019082,0.017543,0.004945,0.079363,0.092236,0.114204,0.021157,0.162526,0.029788,,1802400,,
0,0,,0.452736,0.021895,0.011674,0.006213,0.138083,0.11713,0.050708,0.021454,0.118127,0.06198,,1981400,,
0,0,,0.404703,0.014004,0.024616,0.004703,0.107177,0.101925,0.104376,0.024487,0.191115,0.022895,,1619400,,
0,0,,0.414382,0.032674,0.011527,0.03292,0.091664,0.113406,0.039463,0.02767,0.153276,0.083018,,1608200,,
0,0,,0.408278,0.009861,0.01763,0.004591,0.111806,0.097761,0.118789,0.022774,0.188904,0.019608,,1602300,,
0,0,,0.372149,0.055756,0.034257,0.030856,0.077939,0.116235,0.030531,0.050293,0.14834,0.083644,,1606800,,
0,0,,0.432718,0.020433,0.019885,0.016994,0.116066,0.115695,0.077515,0.028449,0.116123,0.056121,,1598400,,
0,0,,0.45616,0.017928,0.016031,0.00487,0.086948,0.090918,0.120249,0.020575,0.159819,0.026501,,2006200,,
0,0,,0.41297,0.021472,0.021262,0.005054,0.092241,0.116087,0.093437,0.026976,0.175583,0.034917,,1637300,,
0,0,,0.459155,0.019082,0.017543,0.004945,0.079363,0.092236,0.114204,0.021157,0.162526,0.029788,,1626000,,
0,0,,0.278434,0.019671,0.025541,0.011147,0.106006,0.112407,0.126232,0.051446,0.193205,0.075911,,1692800,,
0,0,,0.384389,0.009846,0.019209,0.00437,0.097005,0.098059,0.135605,0.044668,0.187894,0.018956,,1634900,,
0,0,,0.448262,0.016281,0.016632,0.004637,0.112001,0.096074,0.10548,0.021775,0.155436,0.023421,,1627800,,
0,8,,0.134785,0.10163,0.146005,0.043298,0.024445,0.08887,0.100742,0.042655,0.201563,0.116007,,1642000,,
0,0,,0.420765,0.018057,0.015045,0.005027,0.094266,0.094914,0.099077,0.021088,0.197349,0.034411,,1853000,,
0,0,,0.41213,0.018007,0.016211,0.005064,0.114708,0.096075,0.078946,0.021484,0.181168,0.056206,,1619700,,
0,0,,0.381616,0.036863,0.020212,0.004369,0.103871,0.10054,0.127982,0.024315,0.15968,0.040552,,1642300,,
0,0,,0.290606,0.088166,0.035688,0.054925,0.078095,0.135444,0.023523,0.045284,0.114842,0.133426,,1638900,,
0,0,,0.434382,0.032674,0.011527,0.03292,0.091664,0.113406,0.039463,0.02767,0.133276,0.083018,,1689000,,
0,0,,0.421616,0.016863,0.020212,0.004369,0.103871,0.10054,0.107982,0.024315,0.17968,0.020552,,1644600,,
0,0,,0.307278,0.029804,0.02016,0.004795,0.125234,0.114291,0.164905,0.024359,0.173498,0.035677,,1644100,,
0,0,,0.407281,0.016965,0.018229,0.004646,0.11054,0.095221,0.10297,0.022337,0.179592,0.042219,,1835200,,
0,0,,0.357953,0.065183,0.021014,0.056981,0.060632,0.121117,0.030092,0.039635,0.1533,0.094092,,1620800,,
0,0,,0.355316,0.029238,0.019782,0.00437,0.100175,0.118518,0.133063,0.024444,0.179351,0.035742,,1643100,,
0,0,,0.386727,0.03004,0.017409,0.004591,0.104386,0.097631,0.12887,0.022497,0.187074,0.020774,,1612000,,
0,0,,0.409023,0.030578,0.031171,0.004723,0.142351,0.127383,0.029769,0.038052,0.112204,0.074747,,1616900,,
0,0,,0.371151,0.038787,0.021326,0.004447,0.065312,0.097983,0.14595,0.025306,0.163435,0.066303,,1632300,,
0,0,,0.364389,0.029846,0.019209,0.00437,0.097005,0.098059,0.135605,0.024668,0.187894,0.038956,,1657600,,
0,0,,0.379369,0.012656,0.024904,0.004406,0.10738,0.121035,0.117156,0.026076,0.189226,0.01779,,1783600,,
0,0,,0.460765,0.018057,0.015045,0.005027,0.094266,0.094914,0.099077,0.021088,0.157349,0.034411,,1610400,,
0,0,,0.43187,0.027003,0.015654,0.03849,0.089129,0.113421,0.038213,0.032283,0.139196,0.074741,,1637800,,
0,0,,0.449524,0.018209,0.017333,0.004936,0.086345,0.094418,0.095013,0.021268,0.184294,0.028659,,1617300,,
0,0,,0.46383,0.016001,0.012156,0.004979,0.113072,0.094542,0.089038,0.020222,0.152039,0.034122,,1607800,,
0,0,,0.258434,0.019671,0.025541,0.011147,0.106006,0.092407,0.126232,0.051446,0.233205,0.075911,,1614000,,
0,0,,0.457934,0.02706,0.014519,0.023007,0.0844,0.115735,0.053568,0.026649,0.157458,0.039671,,1733900,,
0,0,,0.362273,0.037824,0.023524,0.004223,0.088904,0.102286,0.128671,0.027068,0.183208,0.042021,,1615200,,
0,0,,0.422704,0.033007,0.011837,0.014185,0.120882,0.098915,0.038204,0.024955,0.169092,0.066219,,1630800,,
0,0,,0.460765,0.018057,0.015045,0.005027,0.094266,0.094914,0.099077,0.021088,0.157349,0.034411,,1640800,,
0,0,,0.361616,0.036863,0.020212,0.004369,0.103871,0.10054,0.127982,0.024315,0.15968,0.060552,,1730000,,
0,0,,0.470379,0.022287,0.020568,0.005243,0.081487,0.102915,0.076197,0.024054,0.168672,0.028198,,1714000,,
0,0,,0.353362,0.044675,0.022804,0.011269,0.081648,0.091264,0.120653,0.049771,0.157472,0.067083,,1615500,,
0,0,,0.468603,0.018047,0.016211,0.005027,0.092368,0.116112,0.087459,0.021484,0.141444,0.033245,,1751000,,
0,0,,0.430187,0.021296,0.021262,0.017003,0.087186,0.114711,0.085088,0.028734,0.158449,0.036084,,1633000,,
0,0,,0.367225,0.059302,0.019703,0.056668,0.053304,0.123191,0.029267,0.039673,0.164947,0.086719,,1621500,,
0,0,,0.415775,0.017915,0.022708,0.0045,0.093676,0.098165,0.092041,0.025485,0.187213,0.042522,,1660900,,
0,0,,0.432808,0.017256,0.018364,0.004712,0.111835,0.097523,0.089352,0.022634,0.179973,0.025542,,1671800,,
0,0,,0.460765,0.018057,0.015045,0.005027,0.094266,0.094914,0.099077,0.021088,0.157349,0.034411,,1611200,,
0,0,,0.416816,0.038888,0.019343,0.004724,0.071981,0.092664,0.120938,0.023328,0.163346,0.04797,,1815200,,
0,8,,0.199218,0.034266,0.031473,0.011183,0.100173,0.08489,0.134266,0.052882,0.254005,0.097644,,1666300,,
0,0,,0.394516,0.041584,0.02573,0.029156,0.093459,0.122929,0.031503,0.038573,0.118415,0.104137,,1629800,,
0,0,,0.433821,0.037734,0.017832,0.004649,0.079567,0.091346,0.146984,0.022746,0.120638,0.044683,,1629400,,
0,0,,0.38733,0.031065,0.018939,0.004463,0.096377,0.096275,0.103258,0.023079,0.167648,0.071567,,1640500,,
0,0,,0.416836,0.031672,0.021215,0.013054,0.104362,0.100017,0.053229,0.030588,0.16804,0.060988,,1612300,,
0,0,,0.44098,0.021029,0.016092,0.005639,0.113784,0.10102,0.058805,0.022249,0.16346,0.056942,,1760200,,
0,0,,0.330794,0.01775,0.021983,0.011214,0.075566,0.092885,0.125843,0.05295,0.208676,0.06234,,1612900,,
0,0,,0.198151,0.061643,0.10772,0.037393,0.070933,0.077755,0.119591,0.048874,0.184504,0.093434,,1711900,,
0,0,,0.422763,0.042631,0.010452,0.034663,0.083755,0.113812,0.038153,0.028791,0.135613,0.089367,,1621300,,
0,0,,0.438829,0.020396,0.021052,0.021291,0.112233,0.115552,0.054398,0.031223,0.1312,0.053827,,1616600,,
0,0,,0.451617,0.023176,0.013261,0.022422,0.094204,0.111774,0.066136,0.0256,0.152839,0.038972,,1701000,,
0,0,,0.3867,0.063254,0.016815,0.042715,0.07315,0.121047,0.031561,0.035835,0.131961,0.096963,,1727100,,
0,0,,0.431846,0.024484,0.02312,0.021598,0.109272,0.122851,0.0472,0.033612,0.131484,0.054532,,1631900,,
0,0,,0.455843,0.022106,0.025251,0.018038,0.089734,0.117269,0.052929,0.034548,0.153436,0.030847,,1617400,,
0,0,,0.440808,0.021462,0.022429,0.005054,0.090343,0.117286,0.081818,0.027372,0.159677,0.033751,,1634000,,
0,8,,0.211709,0.034361,0.030527,0.027352,0.08949,0.085094,0.116282,0.052579,0.234804,0.117803,,1640800,,
0,0,,0.346056,0.033356,0.02016,0.005978,0.105608,0.114561,0.156345,0.024184,0.156847,0.036906,,1628600,,
0,0,,0.299066,0.027868,0.027239,0.004867,0.053844,0.120796,0.125978,0.027957,0.241894,0.070491,,1618300,,
0,0,,0.413596,0.024242,0.014638,0.006185,0.092315,0.093507,0.093556,0.021749,0.201316,0.038896,,1764500,,
0,0,,0.460844,0.017711,0.016355,0.001727,0.110573,0.116259,0.087569,0.023548,0.134274,0.031142,,1627600,,
0,0,,0.422255,0.017947,0.014777,0.001802,0.142901,0.117743,0.061644,0.023642,0.111185,0.086103,,1680800,,
0,0,,0.381616,0.036863,0.020212,0.004369,0.103871,0.10054,0.107982,0.024315,0.15968,0.060552,,1617700,,
0,0,,0.429725,0.028127,0.02237,0.037944,0.101148,0.118765,0.037143,0.038164,0.133988,0.052627,,1615300,,
0,0,,0.41297,0.021472,0.021262,0.005054,0.092241,0.096087,0.093437,0.026976,0.195583,0.034917,,1612100,,
0,0,,0.423918,0.040871,0.017347,0.023175,0.115711,0.117112,0.037779,0.0305,0.1227,0.070886,,1744000,,
0,0,,0.390499,0.065374,0.021014,0.039481,0.078064,0.114314,0.030106,0.039661,0.1254,0.096087,,1622600,,
0,0,,0.45757,0.022133,0.025251,0.013742,0.091669,0.11861,0.064428,0.03217,0.142452,0.031975,,1624400,,
0,0,,0.438174,0.017928,0.016031,0.00487,0.086876,0.091707,0.120959,0.020812,0.176098,0.026544,,1623400,,
0,0,,0.20233,0.068225,0.106306,0.033641,0.048563,0.082982,0.117891,0.056158,0.189266,0.094637,,1633000,,
0,0,,0.422965,0.03968,0.019554,0.032686,0.111011,0.116677,0.039219,0.033512,0.11642,0.068276,,1653200,,
0,0,,0.389722,0.011194,0.018921,0.004666,0.096801,0.098949,0.122825,0.043079,0.189782,0.024061,,1758700,,
0,0,,0.461687,0.018219,0.016167,0.004936,0.088243,0.09322,0.106631,0.020872,0.1602,0.029825,,1622500,,
0,0,,0.384389,0.009846,0.019209,0.00437,0.097005,0.098059,0.135605,0.044668,0.187894,0.018956,,1631700,,
0,0,,0.425784,0.016181,0.017032,0.004831,0.14718,0.101361,0.054094,0.022961,0.158614,0.05196,,1620000,,
0,0,,0.444899,0.021905,0.010507,0.006213,0.139981,0.115932,0.062326,0.021058,0.114033,0.063146,,1621700,,
0,0,,0.242707,0.036675,0.058178,0.01114,0.0661,0.088923,0.134616,0.05904,0.195313,0.107308,,1614300,,
0,0,,0.439934,0.010433,0.015561,0.004934,0.112278,0.095402,0.090951,0.021052,0.183646,0.025807,,1609300,,
0,0,,0.46383,0.016001,0.012156,0.004979,0.113072,0.094542,0.089038,0.020222,0.152039,0.034122,,2084600,,
0,0,,0.489524,0.018209,0.017333,0.004936,0.086345,0.094418,0.095013,0.021268,0.144294,0.028659,,1646000,,
0,0,,0.410494,0.037826,0.018014,0.004593,0.080279,0.096237,0.125261,0.022554,0.159907,0.044834,,1674800,,
0,0,,0.433344,0.023203,0.013261,0.018125,0.09614,0.093115,0.077635,0.023222,0.181856,0.0401,,1623400,,
0,0,,0.20142,0.078485,0.12238,0.037522,0.038231,0.074087,0.126811,0.028977,0.19341,0.098679,,1617300,,
0,0,,0.444697,0.021731,0.011674,0.022422,0.128753,0.11445,0.039373,0.025589,0.132253,0.059058,,1614700,,
0,8,,0.173032,0.047139,0.081334,0.030396,0.074488,0.103612,0.11774,0.07381,0.206738,0.091711,,1885300,,
0,0,,0.367745,0.037144,0.018008,0.004646,0.103049,0.09588,0.133762,0.022297,0.154041,0.063427,,1627700,,
0,0,,0.287353,0.041219,0.030492,0.018788,0.143424,0.132005,0.053922,0.039691,0.137145,0.115961,,1622600,,
0,0,,0.406659,0.021336,0.021262,0.016967,0.084846,0.114749,0.093601,0.028734,0.178725,0.033123,,1622400,,
0,0,,0.357953,0.065183,0.021014,0.056981,0.080632,0.121117,0.030092,0.039635,0.1333,0.094092,,1614400,,
0,0,,0.426659,0.021336,0.021262,0.016967,0.084846,0.114749,0.093601,0.028734,0.158725,0.033123,,1661400,,
0,0,,0.442079,0.030237,0.018462,0.013054,0.120808,0.121495,0.038085,0.030182,0.123359,0.06224,,1612700,,
0,0,,0.471676,0.018855,0.019033,0.001802,0.101089,0.118775,0.069905,0.024525,0.121076,0.053263,,1735100,,
0,0,,0.433901,0.017094,0.017242,0.004803,0.117786,0.100005,0.082508,0.023086,0.173402,0.030171,,1619700,,
0,0,,0.424289,0.022952,0.013126,0.018023,0.092505,0.11085,0.099766,0.022925,0.161751,0.033815,,1642900,,
0,0,,0.386727,0.03004,0.017409,0.004591,0.104386,0.097631,0.12887,0.022497,0.187074,0.020774,,1627200,,
0,0,,0.438691,0.017065,0.014655,0.004861,0.095828,0.091902,0.112677,0.020291,0.177492,0.026538,,1598300,,
0,0,,0.449723,0.019279,0.018374,0.016919,0.103651,0.114377,0.083561,0.027867,0.133415,0.032834,,1616700,,
0,0,,0.408935,0.010821,0.020942,0.004445,0.096839,0.099507,0.119478,0.025526,0.192431,0.021077,,1604900,,
0,0,,0.45777,0.016903,0.013533,0.004952,0.101851,0.113596,0.105123,0.020507,0.134642,0.031124,,1628600,,
0,0,,0.440092,0.010321,0.01871,0.004657,0.103783,0.101131,0.083634,0.02319,0.19155,0.022932,,1708500,,
0,0,,0.272653,0.041342,0.026716,0.011223,0.101888,0.089672,0.135025,0.051164,0.200732,0.069584,,1613300,,
0,0,,0.402009,0.037116,0.031393,0.014795,0.115339,0.119602,0.058876,0.034751,0.137267,0.048852,,1615400,,
0,0,,0.364389,0.029846,0.019209,0.00437,0.097005,0.098059,0.135605,0.024668,0.187894,0.038956,,1740800,,
0,0,,0.45616,0.017928,0.016031,0.00487,0.086948,0.090918,0.120249,0.020575,0.159819,0.026501,,1674100,,
0,0,,0.444961,0.024193,0.015804,0.006222,0.092757,0.114668,0.073425,0.022145,0.165134,0.040692,,1615800,,
0,0,,0.389952,0.017925,0.021541,0.0045,0.095501,0.097756,0.124369,0.025326,0.179398,0.04373,,1665800,,
0,0,,0.45777,0.016903,0.013533,0.004952,0.101851,0.113596,0.105123,0.020507,0.134642,0.031124,,1715900,,
0,0,,0.470379,0.022287,0.020568,0.005243,0.081487,0.102915,0.076197,0.024054,0.168672,0.028198,,1826100,,
0,0,,0.418174,0.017928,0.016031,0.00487,0.086876,0.091707,0.120959,0.040812,0.176098,0.026544,,1626500,,
0,0,,0.413664,0.027608,0.015964,0.031685,0.108347,0.117484,0.037173,0.031827,0.158032,0.058216,,2016700,,
0,8,,0.147278,0.115049,0.149329,0.042993,0.024494,0.089612,0.101418,0.042715,0.18229,0.104822,,1615700,,
0,0,,0.362273,0.017824,0.023524,0.004223,0.088904,0.102286,0.128671,0.047068,0.163208,0.062021,,1693200,,
0,0,,0.456468,0.024876,0.018627,0.019169,0.089808,0.114688,0.053048,0.029321,0.159169,0.034827,,2031400,,
0,0,,0.466825,0.017155,0.013668,0.005054,0.105486,0.11586,0.082992,0.020804,0.134747,0.037409,,1990800,,
0,0,,0.364389,0.009846,0.019209,0.00437,0.097005,0.098059,0.135605,0.044668,0.187894,0.038956,,1985000,,
0,0,,0.424342,0.02517,0.023687,0.017588,0.095483,0.099871,0.060901,0.030179,0.167162,0.055617,,1995800,,
0,0,,0.42384,0.01947,0.022083,0.01677,0.119658,0.099998,0.060236,0.03021,0.155896,0.051838,,1965300,,
0,0,,0.406659,0.021336,0.021262,0.016967,0.084846,0.114749,0.093601,0.028734,0.178725,0.033123,,2201500,,
0,0,,0.393175,0.020243,0.024447,0.016586,0.10112,0.095055,0.097494,0.029982,0.200967,0.02093,,2117300,,
0,0,,0.438829,0.020396,0.021052,0.021291,0.092233,0.115552,0.054398,0.031223,0.1712,0.033827,,1952500,,
0,0,,0.388935,0.030821,0.020942,0.004445,0.096839,0.099507,0.119478,0.025526,0.192431,0.021077,,1960800,,
0,0,,0.234725,0.046811,0.046476,0.049746,0.039634,0.091221,0.135259,0.061624,0.200333,0.094171,,1974800,,
0,0,,0.433892,0.021634,0.022384,0.004963,0.086218,0.094393,0.100991,0.02676,0.178433,0.030331,,2072900,,
0,0,,0.404943,0.016771,0.020029,0.004425,0.103159,0.095649,0.129705,0.024507,0.160411,0.0404,,1973900,,
0,0,,0.459155,0.019082,0.017543,0.004945,0.079363,0.092236,0.114204,0.021157,0.162526,0.029788,,3440400,,
0,0,,0.466825,0.017155,0.013668,0.005054,0.105486,0.11586,0.082992,0.020804,0.134747,0.037409,,3565800,,
0,0,,0.410879,0.022297,0.013195,0.019094,0.115737,0.11365,0.055568,0.027937,0.147686,0.073957,,4245200,,
0,0,,0.390836,0.02005,0.026247,0.016364,0.093738,0.095483,0.124229,0.032153,0.161787,0.039112,,3625400,,
0,0,,0.404611,0.018017,0.021724,0.004444,0.096286,0.101858,0.121936,0.024897,0.182388,0.023839,,3075100,,
0,0,,0.355835,0.017734,0.017832,0.004649,0.079495,0.092135,0.147694,0.042983,0.176917,0.064726,,2111600,,
0,0,,0.429732,0.022143,0.024085,0.013742,0.113567,0.117411,0.076046,0.031774,0.118358,0.053141,,1605700,,
0,0,,0.361047,0.009424,0.019782,0.00437,0.098606,0.098008,0.159569,0.024444,0.169008,0.055742,,1624800,,
0,0,,0.440646,0.017246,0.019531,0.004712,0.109937,0.098721,0.077734,0.02303,0.184067,0.024376,,1599900,,
0,0,,0.453238,0.021483,0.015685,0.005925,0.092616,0.12507,0.05337,0.022099,0.121322,0.089192,,1595700,,
0,0,,0.450336,0.017273,0.017021,0.004803,0.110439,0.099087,0.09188,0.022573,0.155293,0.031294,,1590900,,
0,0,,0.397727,0.016849,0.021791,0.004148,0.08907,0.100838,0.144798,0.026209,0.158671,0.0399,,1584700,,
0,0,,0.439155,0.019082,0.017543,0.004945,0.079363,0.092236,0.114204,0.041157,0.162526,0.029788,,1790800,,
0,0,,0.45777,0.016903,0.013533,0.004952,0.101851,0.093596,0.105123,0.020507,0.154642,0.031124,,1690800,,
0,0,,0.453344,0.023203,0.013261,0.018125,0.09614,0.113115,0.077635,0.023222,0.141856,0.0401,,1612900,,
0,0,,0.358311,0.030392,0.021294,0.004445,0.09259,0.119836,0.147018,0.025025,0.182059,0.019029,,1611200,,
0,0,,0.242879,0.045466,0.015882,0.022917,0.135206,0.109412,0.047915,0.024377,0.159235,0.196711,,1632800,,
0,0,,0.354002,0.021508,0.020544,0.00598,0.092512,0.092527,0.189322,0.023964,0.117508,0.082133,,1622600,,
0,0,,0.433344,0.023203,0.013261,0.018125,0.09614,0.113115,0.077635,0.023222,0.121856,0.0801,,1731000,,
0,0,,0.458691,0.017065,0.014655,0.004861,0.095828,0.091902,0.112677,0.020291,0.157492,0.026538,,1642500,,
0,0,,0.381616,0.036863,0.020212,0.004369,0.103871,0.10054,0.127982,0.024315,0.15968,0.040552,,1616500,,
0,0,,0.440556,0.020423,0.021052,0.016994,0.114168,0.116893,0.065897,0.028845,0.120217,0.054955,,1604900,,
0,0,,0.339035,0.066404,0.034287,0.037633,0.080143,0.140484,0.029892,0.04755,0.133639,0.090934,,1640700,,
0,0,,0.447847,0.02315,0.021945,0.005252,0.072607,0.101932,0.10377,0.024339,0.150998,0.048161,,1602800,,
0,0,,0.430812,0.024066,0.014638,0.018134,0.087259,0.112131,0.085207,0.023507,0.164182,0.040063,,1602400,,
0,0,,0.403292,0.038101,0.023972,0.022044,0.115637,0.119693,0.03766,0.035727,0.116967,0.086906,,1624900,,
0,0,,0.404611,0.018017,0.021724,0.004444,0.096286,0.101858,0.101936,0.024897,0.202388,0.023839,,1730100,,
0,0,,0.409952,0.017925,0.021541,0.0045,0.095501,0.097756,0.124369,0.025326,0.179398,0.02373,,1606500,,
0,0,,0.379496,0.029604,0.019561,0.00437,0.091187,0.097878,0.149651,0.024167,0.187179,0.016908,,1610200,,
0,0,,0.459725,0.017084,0.018409,0.004803,0.11596,0.100415,0.07018,0.023246,0.161217,0.028962,,1606000,,
0,0,,0.427284,0.024106,0.014638,0.018098,0.084919,0.112168,0.09372,0.023507,0.164458,0.037102,,1628000,,
0,0,,0.384389,0.029846,0.019209,0.00437,0.097005,0.098059,0.135605,0.024668,0.187894,0.018956,,1602900,,
0,0,,0.359277,0.01667,0.022012,0.004148,0.09649,0.100968,0.134716,0.046486,0.1605,0.058734,,1673200,,
0,0,,0.423261,0.020677,0.025528,0.020948,0.091163,0.117084,0.07084,0.032776,0.174597,0.023126,,1768900,,
0,0,,0.298294,0.071227,0.037719,0.041977,0.065606,0.149048,0.034518,0.049412,0.147137,0.105062,,1614200,,
0,0,,0.441775,0.026738,0.013042,0.041742,0.07708,0.109028,0.066445,0.028968,0.157547,0.037635,,1619200,,
0,0,,0.404611,0.018017,0.021724,0.004444,0.096286,0.101858,0.121936,0.024897,0.162388,0.043839,,1624800,,
0,0,,0.381169,0.039082,0.017543,0.004945,0.079291,0.093025,0.134914,0.021394,0.158805,0.069831,,1625900,,
0,0,,0.383758,0.013737,0.027714,0.004482,0.08466,0.12324,0.14362,0.026276,0.173484,0.019029,,1618600,,
0,0,,0.433873,0.01855,0.015832,0.018701,0.086218,0.094018,0.101143,0.022501,0.17862,0.030544,,1741100,,
0,0,,0.359277,0.03667,0.022012,0.004148,0.09649,0.100968,0.134716,0.026486,0.1805,0.038734,,1613200,,
0,0,,0.273836,0.040296,0.033578,0.011094,0.088363,0.088884,0.147825,0.053792,0.142128,0.120204,,1641700,,
0,0,,0.404032,0.027013,0.014488,0.03849,0.091027,0.112223,0.049831,0.031887,0.155102,0.075907,,1649300,,
0,0,,0.360445,0.029897,0.019006,0.004166,0.089161,0.095255,0.14612,0.024391,0.18393,0.047628,,1646500,,
0,0,,0.403462,0.020851,0.024361,0.004739,0.102391,0.098566,0.093794,0.028245,0.196377,0.027214,,1623300,,
0,0,,0.413235,0.019398,0.021727,0.016668,0.108604,0.117603,0.092449,0.029636,0.153961,0.026719,,1624700,,
0,0,,0.407384,0.011001,0.020721,0.004445,0.089419,0.099377,0.12956,0.02525,0.190602,0.022243,,1787100,,
0,0,,0.434662,0.017145,0.014834,0.005054,0.123588,0.097059,0.071373,0.0212,0.158841,0.056243,,1629300,,
0,0,,0.364042,0.030578,0.021294,0.004445,0.091021,0.099326,0.153523,0.025025,0.171716,0.039029,,1617600,,
0,0,,0.461687,0.018219,0.016167,0.004936,0.088243,0.09322,0.106631,0.020872,0.1602,0.029825,,1632900,,
0,0,,0.231709,0.034361,0.030527,0.033398,0.08949,0.085094,0.116282,0.070253,0.194804,0.114082,,1674100,,
0,0,,0.447281,0.016965,0.018229,0.004646,0.11054,0.095221,0.10297,0.022337,0.159592,0.022219,,1629300,,
0,0,,0.45213,0.018007,0.016211,0.005064,0.094708,0.096075,0.078946,0.021484,0.181168,0.036206,,1619900,,
0,0,,0.308731,0.055768,0.020006,0.021473,0.056146,0.103141,0.121823,0.029671,0.198162,0.08508,,1760000,,
0,0,,0.424943,0.016771,0.020029,0.004425,0.103159,0.095649,0.129705,0.024507,0.160411,0.0204,,1632000,,
0,0,,0.389952,0.037925,0.021541,0.0045,0.095501,0.097756,0.124369,0.025326,0.159398,0.04373,,1624900,,
1,1,,0.085352,0.260332,0.243732,0.033289,0.030714,0.069874,0.079261,0.097954,0.06138,0.038112,,1635300,,
1,9,,0.154911,0.189028,0.044104,0.071227,0.030125,0.095591,0.011695,0.077842,0.084646,0.240832,,1635800,,
1,1,,0.102055,0.244872,0.227599,0.028494,0.033812,0.054423,0.106299,0.071751,0.09527,0.035426,,1627300,,
1,9,,0.125344,0.197667,0.056904,0.061657,0.040303,0.112331,0.014464,0.068076,0.09036,0.232894,,1637000,,
1,1,,0.140987,0.230184,0.054469,0.062569,0.065771,0.097953,0.014288,0.092538,0.077807,0.163434,,1854300,,
1,1,,0.072323,0.299787,0.189568,0.051956,0.017222,0.073115,0.050744,0.090797,0.053964,0.100526,,1637600,,
1,1,,0.119339,0.219484,0.073148,0.081424,0.012058,0.09169,0.030616,0.080243,0.083883,0.208114,,1627900,,
1,9,,0.097874,0.220143,0.089468,0.087029,0.008606,0.091715,0.00506,0.081876,0.094687,0.223542,,1625100,,
1,9,,0.125559,0.198624,0.076825,0.047248,0.039712,0.118907,0.014418,0.075855,0.086754,0.216098,,1630000,,
1,1,,0.068048,0.29719,0.227471,0.040499,0.019164,0.071536,0.044509,0.119631,0.055102,0.056849,,1631500,,
1,1,,0.114524,0.213889,0.066803,0.101422,0.011473,0.08792,0.007424,0.077059,0.109002,0.210484,,1622900,,
1,2,,0.075084,0.222311,0.281577,0.045327,0.035217,0.07642,0.036344,0.143171,0.055117,0.029432,,3004800,,
1,9,,0.12636,0.205971,0.063271,0.068426,0.042213,0.100265,0.010336,0.072683,0.07728,0.233194,,3476300,,
1,9,,0.13652,0.176733,0.037582,0.075492,0.040604,0.11318,0.016114,0.051716,0.096451,0.255608,,2594600,,
1,9,,0.125861,0.204505,0.066884,0.08075,0.032139,0.092729,0.011371,0.077269,0.087449,0.221043,,1603800,,
1,1,,0.066501,0.255899,0.2298,0.059215,0.016885,0.081338,0.02442,0.117728,0.08398,0.064234,,1637700,,
1,1,,0.077618,0.211935,0.1164,0.09681,0.008512,0.093125,0.007,0.079453,0.116907,0.19224,,1605600,,
1,9,,0.036421,0.240983,0.091847,0.120771,0.018086,0.069317,0.006717,0.080146,0.063807,0.271906,,1753900,,
1,9,,0.118102,0.193472,0.052764,0.072307,0.034105,0.108297,0.009014,0.064938,0.085652,0.261349,,1611600,,
1,1,,0.067861,0.383716,0.160972,0.067131,0.016716,0.069115,0.023256,0.106977,0.053784,0.050472,,1605500,,
1,1,,0.066287,0.238948,0.213981,0.087852,0.01783,0.057361,0.025409,0.13559,0.062483,0.094259,,1660800,,
1,9,,0.078103,0.21586,0.063588,0.108527,0.008838,0.09244,0.005324,0.068008,0.100091,0.259221,,1675800,,
1,9,,0.124613,0.186766,0.058882,0.069848,0.039877,0.101335,0.008858,0.069169,0.080273,0.260379,,1606400,,
1,9,,0.125035,0.200406,0.05615,0.078992,0.029905,0.091819,0.007498,0.069082,0.111978,0.229134,,1598500,,
1,5,,0.095045,0.105638,0.099657,0.035911,0.073903,0.173006,0.128933,0.054076,0.102275,0.131554,,1952700,,
1,9,,0.125479,0.198915,0.050285,0.069111,0.040339,0.110665,0.014527,0.083795,0.091114,0.21577,,1634100,,
1,9,,0.147563,0.189028,0.044104,0.071227,0.049795,0.095591,0.01329,0.05809,0.090268,0.241043,,1632600,,
1,9,,0.098314,0.215494,0.07431,0.095162,0.010505,0.09109,0.006515,0.076085,0.099618,0.232907,,1630200,,
1,9,,0.113766,0.201478,0.053944,0.100555,0.009394,0.093071,0.005903,0.068426,0.108412,0.245051,,1633300,,
1,2,,0.070982,0.233041,0.261118,0.058114,0.038081,0.078521,0.03333,0.111805,0.066942,0.048066,,1665200,,
1,9,,0.187555,0.173108,0.038903,0.056223,0.06383,0.098083,0.019246,0.069866,0.086131,0.207055,,1787000,,
1,9,,0.093984,0.202221,0.054604,0.104201,0.008217,0.098305,0.006057,0.06789,0.130586,0.233935,,1616400,,
1,2,,0.096632,0.217913,0.31091,0.017761,0.029185,0.077147,0.088537,0.089736,0.053104,0.019074,,1636400,,
1,9,,0.116715,0.186104,0.036049,0.086179,0.049795,0.098249,0.010819,0.050164,0.07484,0.291087,,1630200,,
1,9,,0.036012,0.203928,0.125903,0.109525,0.018385,0.084319,0.018949,0.102279,0.060827,0.239872,,1636400,,
1,1,,0.067997,0.368857,0.153335,0.051917,0.017215,0.07424,0.034754,0.096838,0.053815,0.081032,,1629200,,
1,1,,0.032392,0.254618,0.142655,0.127941,0.016859,0.060946,0.007004,0.135265,0.05446,0.16786,,1649300,,
1,1,,0.036579,0.232414,0.218569,0.088974,0.014371,0.063138,0.006147,0.118937,0.080693,0.140178,,1723300,,
1,9,,0.144804,0.161191,0.052186,0.055457,0.052827,0.117739,0.016556,0.080103,0.084755,0.234383,,1650600,,
1,1,,0.067871,0.342385,0.194816,0.051974,0.016083,0.075071,0.043181,0.096621,0.050965,0.061032,,1624400,,
1,2,,0.100258,0.201389,0.29227,0.010882,0.033145,0.077796,0.112726,0.069323,0.088046,0.014163,,1720900,,
1,9,,0.118001,0.201046,0.027164,0.092674,0.014345,0.111767,0.006635,0.052013,0.081886,0.294468,,1638400,,
1,9,,0.194075,0.125602,0.04628,0.054074,0.086331,0.096856,0.017719,0.095554,0.083047,0.200462,,1630000,,
1,9,,0.039883,0.177881,0.038955,0.188304,0.023653,0.112037,0.02598,0.061753,0.058556,0.272999,,1738800,,
1,1,,0.06685,0.231897,0.19472,0.084603,0.03679,0.052736,0.045429,0.125724,0.066017,0.095234,,1622300,,
1,2,,0.083063,0.234817,0.248003,0.043162,0.040791,0.063603,0.044875,0.131357,0.085256,0.025073,,1616100,,
1,1,,0.096913,0.160013,0.123391,0.074049,0.044862,0.094756,0.077021,0.07034,0.10704,0.151615,,1630600,,
1,2,,0.083195,0.231982,0.258325,0.036479,0.039359,0.063142,0.048099,0.129367,0.085072,0.02498,,1663900,,
1,1,,0.099995,0.16334,0.096737,0.061424,0.052819,0.110695,0.083687,0.063587,0.111744,0.155972,,1639600,,
1,2,,0.082739,0.224191,0.233523,0.058741,0.040734,0.062773,0.063494,0.123341,0.084868,0.025596,,1697300,,
1,9,,0.117635,0.200522,0.051372,0.080769,0.014182,0.11574,0.006608,0.066037,0.076383,0.270751,,1849300,,
1,9,,0.152016,0.185421,0.048303,0.063964,0.048407,0.10104,0.010226,0.059895,0.085753,0.244976,,1623700,,
1,1,,0.131053,0.228447,0.086803,0.081177,0.012247,0.090685,0.029689,0.075323,0.086297,0.178278,,1623200,,
1,9,,0.117754,0.202245,0.046492,0.084914,0.034113,0.110665,0.006524,0.061623,0.076667,0.259002,,1642400,,
1,9,,0.079623,0.211966,0.063496,0.107942,0.016745,0.089677,0.006274,0.067354,0.119567,0.237356,,1620100,,
1,2,,0.098556,0.175573,0.280738,0.023418,0.01764,0.089854,0.051708,0.154546,0.094932,0.013036,,1605400,,
1,1,,0.060662,0.270869,0.086513,0.063063,0.041087,0.068743,0.043985,0.089622,0.052756,0.222702,,1749200,,
1,1,,0.096927,0.221871,0.219483,0.037803,0.052635,0.099564,0.062985,0.075314,0.083561,0.049856,,1624700,,
1,9,,0.097157,0.081222,0.136413,0.042639,0.132178,0.128122,0.058726,0.06978,0.10911,0.144653,,1628100,,
1,9,,0.144577,0.190738,0.048303,0.067974,0.047296,0.097307,0.011821,0.061416,0.092503,0.238064,,1669700,,
1,1,,0.146042,0.234475,0.051653,0.051923,0.067329,0.0986,0.020223,0.087363,0.079891,0.162501,,1616400,,
1,2,,0.093819,0.23367,0.286431,0.026654,0.030649,0.049823,0.09756,0.063765,0.079961,0.037668,,1621200,,
1,1,,0.079312,0.265864,0.229824,0.071599,0.037907,0.05699,0.059264,0.109039,0.05485,0.035351,,1603900,,
1,1,,0.111883,0.231838,0.209111,0.029358,0.033494,0.061825,0.096463,0.098686,0.103374,0.023966,,1840700,,
1,1,,0.08451,0.247239,0.227422,0.046895,0.053359,0.075955,0.05654,0.082818,0.075706,0.049555,,1619900,,
1,2,,0.078694,0.169925,0.202636,0.048332,0.041601,0.167112,0.018548,0.143755,0.08883,0.040567,,1687800,,
1,9,,0.142713,0.191174,0.056891,0.066479,0.047113,0.100098,0.011702,0.068645,0.086771,0.228414,,1631000,,
1,5,,0.073475,0.121045,0.130272,0.11537,0.052484,0.137036,0.092273,0.067714,0.084048,0.126283,,1610700,,
1,9,,0.139392,0.206013,0.056513,0.065892,0.029968,0.097077,0.012473,0.068975,0.10532,0.218378,,1607800,,
1,9,,0.147563,0.189028,0.044104,0.071227,0.029795,0.095591,0.01329,0.07809,0.090268,0.241043,,1768900,,
1,1,,0.032639,0.301414,0.200241,0.096335,0.014821,0.064734,0.006164,0.147313,0.078093,0.058245,,1733200,,
1,9,,0.114231,0.203932,0.076066,0.063685,0.02821,0.102575,0.005913,0.074021,0.109281,0.222086,,1605800,,
1,2,,0.104163,0.130573,0.153273,0.126487,0.036619,0.132128,0.040763,0.08444,0.072894,0.118659,,1592400,,
1,9,,0.131216,0.16204,0.05018,0.071885,0.037883,0.101959,0.018424,0.077143,0.065121,0.284147,,1609100,,
1,1,,0.122364,0.222193,0.069553,0.073931,0.039218,0.094055,0.011032,0.07705,0.081485,0.209119,,1648400,,
1,9,,0.132781,0.182498,0.035599,0.076017,0.047095,0.109818,0.010217,0.050611,0.08679,0.268574,,1621700,,
1,3,,0.073013,0.124087,0.047254,0.248134,0.0479,0.069103,0.072137,0.07801,0.073296,0.167066,,1880100,,
1,9,,0.038498,0.217443,0.164834,0.110824,0.02077,0.087164,0.008149,0.103259,0.030937,0.218122,,3051300,,
1,9,,0.054198,0.145637,0.081054,0.188399,0.023702,0.074573,0.125751,0.059055,0.039405,0.208226,,3118000,,
1,1,,0.073901,0.142366,0.105841,0.112878,0.052531,0.139583,0.090723,0.071637,0.087429,0.123111,,1617200,,
1,9,,0.116752,0.197154,0.049745,0.102642,0.012146,0.083695,0.007372,0.065101,0.105524,0.259871,,1604100,,
1,1,,0.097457,0.17078,0.116737,0.064515,0.044989,0.09173,0.076943,0.06445,0.111511,0.160888,,1611300,,
1,9,,0.114888,0.197589,0.058333,0.101147,0.011963,0.086485,0.007252,0.07233,0.099792,0.250221,,1711000,,
1,9,,0.097207,0.176197,0.054115,0.154606,0.018574,0.095374,0.007641,0.068897,0.09229,0.235099,,1649000,,
1,2,,0.100258,0.141389,0.33227,0.010882,0.053145,0.077796,0.112726,0.069323,0.088046,0.014163,,1607100,,
1,1,,0.033496,0.309342,0.193732,0.075023,0.013452,0.097274,0.026054,0.128083,0.063265,0.060278,,1619900,,
1,9,,0.065916,0.150589,0.090878,0.121493,0.051472,0.089747,0.0373,0.110845,0.067934,0.213825,,1768400,,
1,9,,0.144577,0.193353,0.048303,0.06914,0.047043,0.104967,0.011821,0.061416,0.093157,0.226223,,1659400,,
1,1,,0.089267,0.254395,0.216001,0.043884,0.032838,0.076291,0.06261,0.071043,0.07938,0.07429,,1610600,,
1,1,,0.123374,0.22023,0.06747,0.065174,0.039714,0.101982,0.008867,0.099811,0.079515,0.193862,,1745400,,
1,2,,0.122635,0.185694,0.231706,0.021915,0.011897,0.103065,0.04784,0.150485,0.112755,0.012009,,1668100,,
1,9,,0.136456,0.138291,0.060796,0.073824,0.038877,0.099921,0.01679,0.071036,0.087236,0.276773,,1622100,,
1,9,,0.193463,0.168264,0.046,0.06861,0.064711,0.096816,0.009052,0.081094,0.074289,0.197702,,1605200,,
1,9,,0.11952,0.22421,0.050809,0.072899,0.036756,0.101875,0.007841,0.064558,0.073593,0.247939,,1613500,,
1,9,,0.131464,0.194624,0.055356,0.068806,0.040148,0.110035,0.015469,0.068361,0.095101,0.220636,,1609000,,
1,9,,0.040101,0.21157,0.03125,0.170377,0.016645,0.08028,0.012774,0.055043,0.065839,0.316122,,1610400,,
1,1,,0.072185,0.305626,0.169298,0.073084,0.017958,0.069141,0.050774,0.087827,0.052973,0.101134,,1667300,,
1,9,,0.10773,0.19378,0.071785,0.104691,0.029395,0.094495,0.005827,0.085503,0.097326,0.209468,,1790700,,
1,3,,0.093013,0.124087,0.047254,0.248134,0.0279,0.069103,0.072137,0.07801,0.053296,0.187066,,1630700,,
1,9,,0.134281,0.215127,0.052692,0.069979,0.029506,0.09955,0.011575,0.085956,0.078684,0.222649,,1623900,,
1,1,,0.14516,0.227021,0.043399,0.047482,0.072053,0.099949,0.026115,0.079816,0.087784,0.171222,,1621300,,
1,1,,0.068016,0.269464,0.26555,0.045837,0.014947,0.052128,0.033139,0.145143,0.074216,0.031559,,1642300,,
1,9,,0.097066,0.205952,0.061049,0.100949,0.011935,0.099078,0.006576,0.065477,0.08985,0.262069,,1619000,,
1,1,,0.072439,0.264908,0.247373,0.04579,0.020241,0.050431,0.072146,0.118435,0.077185,0.031053,,1609200,,
1,9,,0.113616,0.216136,0.05615,0.080406,0.029545,0.100647,0.005903,0.065916,0.08678,0.244901,,1778700,,
1,9,,0.113103,0.190919,0.050065,0.079582,0.029667,0.105995,0.00583,0.065815,0.085511,0.273512,,1915400,,
1,1,,0.119795,0.248264,0.091733,0.066781,0.016486,0.097087,0.00785,0.070864,0.072858,0.208283,,1653100,,
1,9,,0.126404,0.178893,0.04649,0.06015,0.039237,0.1288,0.014573,0.054752,0.102858,0.247844,,1647100,,
1,1,,0.140266,0.208545,0.064387,0.065365,0.049261,0.099356,0.012527,0.075359,0.081913,0.203022,,1625600,,
1,9,,0.125986,0.187413,0.048541,0.066097,0.040481,0.11316,0.01473,0.055923,0.096563,0.251105,,1613200,,
1,9,,0.117966,0.192225,0.059383,0.064854,0.034069,0.109963,0.008951,0.089219,0.084898,0.238472,,2020200,,
1,9,,0.125344,0.197667,0.056904,0.061657,0.040303,0.112331,0.014464,0.088076,0.09036,0.212894,,1611300,,
1,9,,0.151925,0.193353,0.048303,0.06914,0.047372,0.104967,0.010226,0.061168,0.087535,0.226012,,1614300,,
1,1,,0.076054,0.265472,0.265394,0.039281,0.013825,0.055401,0.053479,0.124689,0.060052,0.046354,,1615100,,
1,9,,0.038024,0.22707,0.041275,0.154718,0.01206,0.07246,0.023372,0.058304,0.070977,0.30174,,1630000,,
1,1,,0.119224,0.207292,0.063778,0.068589,0.036621,0.102148,0.010373,0.093678,0.096273,0.202025,,1765100,,
1,9,,0.133159,0.196402,0.048303,0.068222,0.04719,0.098475,0.010226,0.082052,0.086651,0.22932,,1662200,,
1,1,,0.077215,0.153158,0.147404,0.12355,0.01536,0.114477,0.012969,0.089998,0.118893,0.146975,,1939800,,
1,2,,0.091691,0.128931,0.358684,0.009816,0.051267,0.082066,0.103725,0.072004,0.087601,0.014215,,1793600,,
1,9,,0.116328,0.166044,0.123438,0.078656,0.035283,0.11286,0.033898,0.087029,0.069305,0.17716,,1760200,,
1,4,,0.089114,0.077298,0.160661,0.033058,0.162013,0.105775,0.101938,0.044536,0.098027,0.127579,,1835200,,
1,1,,0.085284,0.277739,0.168265,0.047252,0.033008,0.062718,0.071007,0.078072,0.053743,0.122913,,1714400,,
1,9,,0.139974,0.180996,0.047896,0.063274,0.055323,0.103701,0.01028,0.080386,0.085238,0.232932,,1701600,,
1,1,,0.066816,0.288766,0.117289,0.087157,0.019171,0.063671,0.022616,0.084544,0.044054,0.205918,,2036400,,
1,5,,0.098269,0.123107,0.126974,0.091455,0.046869,0.163019,0.063605,0.079605,0.10296,0.104137,,2282800,,
1,1,,0.054578,0.248267,0.099527,0.106653,0.019139,0.071637,0.008755,0.087405,0.065755,0.238285,,2164900,,
1,1,,0.084469,0.159034,0.132039,0.102878,0.042504,0.129969,0.062314,0.076719,0.078689,0.131386,,2206200,,
1,1,,0.082768,0.244502,0.239521,0.043162,0.020791,0.08353,0.044841,0.131108,0.084889,0.024888,,2117900,,
1,9,,0.1457,0.207172,0.059316,0.065422,0.029559,0.098818,0.01318,0.070156,0.083778,0.226899,,2169600,,
1,9,,0.113616,0.196136,0.05615,0.080406,0.009545,0.100647,0.005903,0.065916,0.10678,0.264901,,2135400,,
1,9,,0.205334,0.128858,0.032541,0.048851,0.072296,0.099507,0.016632,0.083878,0.079993,0.232109,,2200800,,
1,9,,0.1154,0.17618,0.0607,0.072844,0.056727,0.098586,0.010399,0.072661,0.073035,0.263468,,2173800,,
1,1,,0.071307,0.295232,0.197246,0.077329,0.017769,0.0506,0.033054,0.129488,0.091786,0.036189,,2194800,,
1,1,,0.090071,0.269442,0.254774,0.035613,0.032006,0.050757,0.090486,0.070151,0.063733,0.042967,,2194500,,
1,0,,0.212022,0.154504,0.034398,0.048667,0.085747,0.093373,0.016632,0.09282,0.079006,0.182831,,2168900,,
1,9,,0.110262,0.209889,0.066051,0.068477,0.056457,0.099724,0.007232,0.078418,0.066975,0.236517,,2354800,,
1,9,,0.114739,0.209955,0.067164,0.076688,0.012061,0.094497,0.007261,0.074657,0.097401,0.245578,,1895900,,
1,9,,0.097617,0.208051,0.070015,0.080587,0.010234,0.099857,0.005254,0.070448,0.076001,0.281936,,1643900,,
1,9,,0.193463,0.168264,0.046,0.06861,0.064711,0.096816,0.009052,0.081094,0.074289,0.197702,,1693700,,
1,9,,0.110915,0.196553,0.07071,0.076633,0.052113,0.091371,0.007296,0.078477,0.073405,0.242527,,1843300,,
1,9,,0.113481,0.214888,0.062769,0.072952,0.029509,0.102313,0.00584,0.070198,0.086025,0.242025,,1646000,,
1,9,,0.171078,0.177013,0.048193,0.066835,0.047625,0.095616,0.010226,0.07718,0.087656,0.218578,,1676800,,
1,9,,0.133159,0.198693,0.041678,0.072532,0.047244,0.098039,0.010217,0.057215,0.087409,0.253814,,1973100,,
1,9,,0.155002,0.183711,0.044104,0.067217,0.030906,0.099324,0.011695,0.076569,0.083518,0.247956,,1996000,,
1,9,,0.125479,0.198915,0.050285,0.069111,0.040339,0.110665,0.014527,0.063795,0.091114,0.23577,,1988200,,
1,1,,0.062041,0.30391,0.200843,0.05869,0.01576,0.082747,0.022942,0.119433,0.086669,0.046966,,1935000,,
1,1,,0.071927,0.279939,0.230524,0.058729,0.017196,0.060253,0.051159,0.108405,0.051532,0.070337,,1685200,,
1,9,,0.144004,0.199036,0.052258,0.071897,0.040133,0.105247,0.008978,0.06686,0.086889,0.224698,,1671600,,
1,1,,0.174198,0.215329,0.062862,0.072562,0.054094,0.09132,0.010104,0.092436,0.082711,0.144383,,1641600,,
