pendigits,CWE,test,4,NANOSECONDS,PREDICTIONS, Generated by ClassifierExperiments.java on 2022-05-16 22:48:46.    SYSTEMPROPERTIES:{user.name:matth,os.arch:amd64,os.name:Windows 10},ENDSYSTEMPROPERTIES
No parameter info
0.6751476601544752,1578813000,3753348600,-1,79550128,10,,-1,-1
0,0,,0.373743,0.036512,0.013395,0.025487,0.133184,0.115286,0.070118,0.032727,0.1395,0.060047,,1926000,,
0,0,,0.371619,0.022001,0.01477,0.002707,0.150716,0.107345,0.07757,0.054177,0.124315,0.07478,,1608400,,
0,0,,0.323116,0.019559,0.016536,0.002884,0.12086,0.115866,0.084355,0.052885,0.124611,0.139328,,1660200,,
0,0,,0.343704,0.022076,0.016679,0.002735,0.189842,0.086412,0.084463,0.05634,0.1233,0.074449,,1697800,,
0,0,,0.419364,0.019329,0.011836,0.003038,0.120294,0.121711,0.054343,0.051771,0.132238,0.066075,,1608000,,
0,0,,0.384457,0.029269,0.023356,0.02267,0.141174,0.103045,0.05476,0.062579,0.124857,0.053832,,1604500,,
0,0,,0.327439,0.021204,0.021234,0.002599,0.104272,0.087189,0.125712,0.053494,0.132806,0.124051,,1611300,,
0,0,,0.405815,0.022927,0.016029,0.002833,0.136601,0.096073,0.067704,0.05557,0.135527,0.06092,,1616800,,
0,0,,0.334118,0.021775,0.021051,0.00304,0.090529,0.09211,0.110534,0.0739,0.135209,0.117733,,1601700,,
0,0,,0.355885,0.022406,0.016863,0.002735,0.159572,0.086564,0.102997,0.056304,0.122616,0.074057,,1605900,,
0,0,,0.274098,0.020971,0.025849,0.006348,0.091388,0.103814,0.16,0.056019,0.159167,0.102346,,1587700,,
0,0,,0.192346,0.046412,0.093701,0.025811,0.051039,0.120564,0.118371,0.102032,0.167245,0.082478,,1614800,,
0,0,,0.386786,0.031845,0.027544,0.014662,0.088074,0.121957,0.067348,0.045651,0.161811,0.054324,,1712700,,
0,0,,0.371619,0.022001,0.01477,0.002707,0.170716,0.107345,0.07757,0.054177,0.124315,0.05478,,1599800,,
0,0,,0.418596,0.019237,0.014628,0.003003,0.142794,0.117592,0.077943,0.031128,0.128326,0.046753,,1591400,,
0,0,,0.418596,0.019237,0.014628,0.003003,0.142794,0.117592,0.077943,0.031128,0.128326,0.046753,,1599000,,
0,0,,0.335885,0.022406,0.016863,0.002735,0.159572,0.086564,0.102997,0.056304,0.122616,0.094057,,1612900,,
0,0,,0.357915,0.022037,0.01477,0.002707,0.14106,0.110342,0.077426,0.054249,0.144713,0.074781,,1591800,,
0,0,,0.36242,0.0704,0.017845,0.047235,0.078473,0.115634,0.028805,0.058181,0.153874,0.067132,,1590800,,
0,0,,0.382111,0.022549,0.013538,0.002945,0.153301,0.112904,0.070346,0.054873,0.121876,0.065557,,1627100,,
0,0,,0.404248,0.036686,0.011891,0.037597,0.105972,0.099541,0.061982,0.035202,0.141462,0.06542,,1603100,,
0,0,,0.427973,0.017593,0.010332,0.023112,0.141571,0.10261,0.045508,0.030819,0.123885,0.076598,,1636200,,
0,0,,0.323544,0.02153,0.021488,0.002635,0.110107,0.086763,0.164119,0.053422,0.152538,0.063855,,1589100,,
0,0,,0.367439,0.021204,0.021234,0.002599,0.124272,0.087189,0.125712,0.053494,0.132806,0.064051,,1579000,,
0,0,,0.335885,0.022406,0.016863,0.002735,0.159572,0.086564,0.102997,0.056304,0.122616,0.094057,,1608100,,
0,0,,0.362899,0.022607,0.01477,0.002854,0.14728,0.111135,0.077907,0.054655,0.124832,0.081059,,1589600,,
0,0,,0.31758,0.022408,0.016679,0.00303,0.139609,0.090691,0.087339,0.056304,0.1249,0.141461,,1602700,,
0,0,,0.314118,0.021775,0.021051,0.00304,0.090529,0.11211,0.110534,0.0739,0.135209,0.117733,,1581200,,
0,0,,0.38254,0.02037,0.012033,0.002807,0.170843,0.112876,0.062287,0.054184,0.12182,0.060241,,1609500,,
0,0,,0.377915,0.022037,0.01477,0.002707,0.16106,0.110342,0.077426,0.054249,0.124713,0.054781,,1604500,,
0,0,,0.410522,0.021733,0.013484,0.002945,0.145388,0.114622,0.060629,0.034911,0.129338,0.066429,,1589500,,
0,0,,0.345578,0.107218,0.016191,0.05033,0.053162,0.119872,0.023492,0.057494,0.148983,0.077679,,1625900,,
0,0,,0.391031,0.019484,0.014628,0.002856,0.141734,0.116799,0.077463,0.050722,0.125626,0.059658,,1598900,,
0,0,,0.401307,0.050327,0.023356,0.014706,0.114841,0.103405,0.055603,0.045933,0.136023,0.054498,,1601600,,
0,0,,0.395227,0.019996,0.013395,0.003094,0.113976,0.119361,0.070383,0.051345,0.122789,0.090434,,1604100,,
0,0,,0.349002,0.019853,0.01672,0.002884,0.140246,0.113021,0.103034,0.052777,0.123529,0.078934,,1582800,,
0,0,,0.35199,0.022733,0.017116,0.002772,0.145407,0.086138,0.121404,0.056232,0.122348,0.073861,,1584900,,
0,0,,0.381307,0.05847,0.010177,0.036036,0.094219,0.113188,0.042854,0.041057,0.154686,0.068005,,1631900,,
0,0,,0.378416,0.062496,0.010683,0.036111,0.090657,0.114598,0.038774,0.047401,0.147174,0.073689,,1600700,,
0,0,,0.422899,0.022607,0.01477,0.002854,0.14728,0.091135,0.077907,0.034655,0.124832,0.061059,,1591600,,
0,0,,0.382111,0.022549,0.013538,0.002945,0.153301,0.112904,0.070346,0.054873,0.121876,0.065557,,1578500,,
0,0,,0.349134,0.021205,0.021051,0.002893,0.104309,0.091316,0.110053,0.053494,0.13509,0.111455,,1849300,,
0,0,,0.343704,0.022076,0.016679,0.002735,0.189842,0.086412,0.084463,0.05634,0.1233,0.074449,,1976700,,
0,0,,0.352968,0.03608,0.011891,0.03745,0.129407,0.11575,0.061646,0.054723,0.140944,0.059141,,1951700,,
0,0,,0.404691,0.021733,0.013538,0.002945,0.14814,0.112904,0.070346,0.034873,0.124456,0.066374,,1953900,,
0,0,,0.323704,0.022076,0.016679,0.002735,0.169842,0.086412,0.084463,0.05634,0.1233,0.114449,,1958400,,
0,0,,0.328937,0.053995,0.012205,0.022212,0.14016,0.119457,0.034366,0.057095,0.144424,0.087149,,1959600,,
0,0,,0.410522,0.021733,0.013484,0.002945,0.145388,0.114622,0.060629,0.034911,0.129338,0.066429,,1939600,,
0,0,,0.390522,0.021733,0.013484,0.002945,0.145388,0.114622,0.060629,0.034911,0.149338,0.066429,,1976600,,
0,0,,0.396202,0.051592,0.027625,0.002763,0.094132,0.125916,0.06018,0.043941,0.159134,0.038514,,2030900,,
0,0,,0.375656,0.017816,0.011891,0.022956,0.151517,0.099333,0.062323,0.050656,0.142732,0.065118,,2007200,,
0,0,,0.355885,0.022406,0.016863,0.002735,0.159572,0.086564,0.102997,0.056304,0.122616,0.074057,,1948700,,
0,0,,0.333916,0.116209,0.015486,0.065225,0.049385,0.119342,0.014321,0.054322,0.140827,0.090967,,1979600,,
0,0,,0.401451,0.034465,0.023798,0.027044,0.123265,0.10397,0.046306,0.043629,0.130089,0.065982,,1977600,,
0,0,,0.335885,0.022406,0.016863,0.002735,0.139572,0.106564,0.102997,0.076304,0.122616,0.074057,,1980200,,
0,0,,0.386285,0.051113,0.010105,0.045079,0.094054,0.111411,0.041743,0.041819,0.151272,0.06712,,1966300,,
0,0,,0.399035,0.030799,0.02612,0.002772,0.103056,0.126681,0.052601,0.043659,0.156616,0.05866,,1962400,,
0,0,,0.392149,0.042705,0.011891,0.017468,0.116371,0.102398,0.058605,0.035084,0.161977,0.061351,,1982000,,
0,0,,0.343544,0.02153,0.021488,0.002635,0.110107,0.086763,0.144119,0.053422,0.152538,0.063855,,1952600,,
0,0,,0.398016,0.050424,0.024861,0.014614,0.119549,0.101979,0.061445,0.04514,0.131336,0.052634,,1972800,,
0,0,,0.370243,0.019426,0.013395,0.002946,0.127755,0.118568,0.069902,0.070939,0.122669,0.084156,,1949400,,
0,0,,0.343704,0.022076,0.016679,0.002735,0.169842,0.106412,0.084463,0.05634,0.1233,0.074449,,1948700,,
0,0,,0.353743,0.036512,0.013395,0.005487,0.133184,0.115286,0.070118,0.052727,0.1595,0.060047,,1955400,,
0,0,,0.384735,0.019448,0.014628,0.002856,0.151391,0.113802,0.077607,0.05065,0.125228,0.059657,,1966800,,
0,0,,0.402111,0.022549,0.013538,0.002945,0.153301,0.092904,0.070346,0.054873,0.121876,0.065557,,1951900,,
0,0,,0.301814,0.022673,0.043248,0.006355,0.104681,0.094397,0.161458,0.054819,0.130636,0.079919,,1944000,,
0,0,,0.357915,0.022037,0.01477,0.002707,0.18106,0.090342,0.077426,0.054249,0.124713,0.074781,,1898900,,
0,0,,0.330701,0.020697,0.025129,0.006282,0.106571,0.109881,0.113957,0.055694,0.134828,0.09626,,1587500,,
0,0,,0.345238,0.021532,0.021304,0.002929,0.110143,0.110889,0.12846,0.053422,0.134822,0.071259,,1617400,,
0,0,,0.385024,0.037118,0.013395,0.005634,0.109749,0.119076,0.070454,0.033206,0.160018,0.066326,,1614800,,
0,0,,0.355885,0.022406,0.016863,0.002735,0.159572,0.086564,0.102997,0.056304,0.122616,0.074057,,1631800,,
0,0,,0.407933,0.04325,0.010404,0.028564,0.112308,0.103801,0.045798,0.034197,0.147239,0.066507,,1598300,,
0,0,,0.399707,0.021163,0.013538,0.002798,0.161919,0.112111,0.069866,0.034466,0.124337,0.060095,,1591000,,
0,0,,0.316136,0.023104,0.016679,0.003186,0.138118,0.092921,0.094066,0.056618,0.127734,0.131437,,1616300,,
0,0,,0.29758,0.022408,0.016679,0.00303,0.139609,0.110691,0.087339,0.056304,0.1249,0.141461,,1633000,,
0,0,,0.390243,0.019426,0.013395,0.002946,0.147755,0.118568,0.069902,0.050939,0.122669,0.064156,,1908500,,
0,0,,0.374342,0.075393,0.010611,0.025023,0.090786,0.112554,0.040175,0.049502,0.157932,0.063683,,1610000,,
0,0,,0.386527,0.018574,0.013395,0.002946,0.15225,0.115571,0.070046,0.050867,0.124852,0.064971,,1588700,,
0,0,,0.407081,0.035892,0.010386,0.037606,0.114895,0.100306,0.054404,0.034919,0.138944,0.065566,,1595200,,
0,0,,0.410357,0.020146,0.010529,0.002963,0.165987,0.094435,0.055189,0.034307,0.139421,0.066665,,1612200,,
0,0,,0.22994,0.048814,0.086492,0.005994,0.089544,0.077789,0.095358,0.062637,0.197077,0.106355,,1588200,,
0,0,,0.356664,0.0321,0.029507,0.002884,0.101016,0.100095,0.08739,0.084981,0.150455,0.054906,,1582500,,
0,0,,0.342565,0.022978,0.016679,0.003177,0.145829,0.091485,0.087819,0.05671,0.125019,0.107739,,1575100,,
0,0,,0.345238,0.021532,0.021304,0.002929,0.090143,0.110889,0.12846,0.053422,0.134822,0.091259,,1593700,,
0,0,,0.375885,0.022406,0.016863,0.002735,0.139572,0.086564,0.102997,0.076304,0.122616,0.054057,,1585600,,
0,0,,0.400641,0.018386,0.011891,0.003103,0.137738,0.100127,0.062804,0.031063,0.162852,0.071397,,1599500,,
0,0,,0.398596,0.019237,0.014628,0.003003,0.122794,0.117592,0.077943,0.071128,0.128326,0.046753,,1584400,,
0,0,,0.376244,0.020334,0.012033,0.002807,0.200499,0.109879,0.062431,0.054111,0.121421,0.04024,,1612200,,
0,0,,0.334118,0.021775,0.021051,0.00304,0.090529,0.09211,0.110534,0.0539,0.135209,0.137733,,1605400,,
0,0,,0.335885,0.022406,0.016863,0.002735,0.139572,0.086564,0.102997,0.056304,0.122616,0.114057,,1580000,,
0,0,,0.383708,0.048673,0.010332,0.037532,0.098949,0.112499,0.042926,0.041647,0.154233,0.069503,,1578800,,
0,0,,0.303544,0.02153,0.021488,0.002635,0.090107,0.106763,0.164119,0.073422,0.132538,0.083855,,1592700,,
0,0,,0.421512,0.019557,0.015887,0.002982,0.092115,0.12253,0.06774,0.072043,0.13902,0.046614,,1603300,,
0,0,,0.19435,0.040236,0.103983,0.025913,0.054754,0.11848,0.123036,0.076531,0.175431,0.087286,,1597900,,
0,0,,0.327439,0.021204,0.021234,0.002599,0.104272,0.087189,0.125712,0.073494,0.132806,0.104051,,1591900,,
0,0,,0.371619,0.022001,0.01477,0.002707,0.150716,0.107345,0.07757,0.054177,0.124315,0.07478,,1614500,,
0,0,,0.35758,0.022408,0.016679,0.00303,0.159609,0.090691,0.087339,0.056304,0.1249,0.081461,,1604400,,
0,2,,0.109958,0.134913,0.191887,0.017361,0.049131,0.065352,0.067543,0.067315,0.158675,0.137865,,1611800,,
0,0,,0.374984,0.022682,0.016679,0.002882,0.166406,0.090202,0.084799,0.056818,0.123817,0.060729,,1595200,,
0,0,,0.384562,0.028107,0.009411,0.016091,0.16052,0.094627,0.071108,0.02814,0.105013,0.102421,,1589700,,
0,0,,0.395641,0.06363,0.024807,0.014752,0.092347,0.112009,0.049322,0.065347,0.140873,0.041272,,1628500,,
0,0,,0.372823,0.01861,0.013395,0.002946,0.142593,0.118568,0.069902,0.050939,0.14525,0.064973,,1612000,,
0,0,,0.355885,0.022406,0.016863,0.002735,0.159572,0.086564,0.102997,0.056304,0.122616,0.074057,,1600600,,
0,0,,0.38883,0.030994,0.024807,0.014762,0.103018,0.124491,0.052209,0.045585,0.156337,0.058968,,1596200,,
0,0,,0.357915,0.022037,0.01477,0.002707,0.16106,0.110342,0.077426,0.054249,0.124713,0.074781,,1593900,,
0,0,,0.36072,0.071859,0.009525,0.041854,0.089187,0.113002,0.036069,0.046665,0.144444,0.086675,,1735300,,
0,0,,0.415272,0.029839,0.023302,0.022817,0.124643,0.105557,0.045523,0.043024,0.129857,0.060166,,1782800,,
0,0,,0.408385,0.036019,0.010332,0.037541,0.11229,0.10189,0.045943,0.035627,0.150911,0.061061,,1593900,,
0,0,,0.374984,0.022682,0.016679,0.002882,0.146406,0.090202,0.084799,0.056818,0.123817,0.080729,,1591500,,
0,0,,0.387941,0.022549,0.013484,0.002945,0.150549,0.114622,0.060629,0.054911,0.126757,0.065612,,1612000,,
0,0,,0.389606,0.031426,0.026312,0.002799,0.106795,0.124026,0.060681,0.043589,0.154893,0.059874,,1597700,,
0,0,,0.393355,0.02094,0.011979,0.002954,0.154311,0.115387,0.053051,0.054629,0.12682,0.066575,,1589900,,
0,0,,0.207144,0.024786,0.073398,0.006216,0.089542,0.096868,0.160217,0.074583,0.164766,0.102479,,1595600,,
0,0,,0.35,0.022112,0.016679,0.002735,0.160185,0.089409,0.084319,0.056412,0.123698,0.09445,,1697100,,
0,0,,0.268625,0.023645,0.031455,0.002791,0.075004,0.089932,0.146504,0.072222,0.156075,0.133747,,1611800,,
0,0,,0.343704,0.022076,0.016679,0.002735,0.149842,0.106412,0.084463,0.07634,0.1233,0.074449,,1620700,,
0,0,,0.445027,0.022053,0.014797,0.002924,0.102622,0.117842,0.060143,0.035787,0.13257,0.066234,,1596100,,
0,0,,0.377915,0.022037,0.01477,0.002707,0.14106,0.110342,0.077426,0.054249,0.124713,0.074781,,1614100,,
0,0,,0.375227,0.019996,0.013395,0.003094,0.133976,0.119361,0.070383,0.051345,0.122789,0.090434,,1598100,,
0,0,,0.40548,0.021791,0.01477,0.002854,0.162119,0.091135,0.077907,0.054655,0.127413,0.041876,,1586900,,
0,0,,0.363544,0.02153,0.021488,0.002635,0.090107,0.086763,0.144119,0.053422,0.132538,0.083855,,1585700,,
0,0,,0.379269,0.075759,0.010404,0.008619,0.10149,0.111453,0.041655,0.033289,0.164691,0.073371,,1596900,,
0,0,,0.353685,0.022734,0.016933,0.003066,0.125443,0.090264,0.105746,0.056232,0.124632,0.101266,,1672200,,
0,0,,0.371619,0.022001,0.01477,0.002707,0.150716,0.107345,0.07757,0.074177,0.124315,0.05478,,1589300,,
0,0,,0.375885,0.022406,0.016863,0.002735,0.159572,0.086564,0.102997,0.056304,0.122616,0.054057,,1611600,,
0,0,,0.283544,0.02153,0.021488,0.002635,0.090107,0.086763,0.164119,0.073422,0.152538,0.103855,,1671600,,
0,0,,0.38883,0.030994,0.024807,0.014762,0.103018,0.124491,0.052209,0.045585,0.156337,0.058968,,2290300,,
0,0,,0.243801,0.034257,0.039739,0.00609,0.091814,0.1038,0.126567,0.075848,0.17179,0.106294,,2231900,,
0,0,,0.309787,0.020545,0.025849,0.006321,0.084677,0.078781,0.161931,0.055438,0.156502,0.100169,,2225800,,
0,0,,0.377915,0.022037,0.01477,0.002707,0.16106,0.110342,0.077426,0.054249,0.124713,0.054781,,2250500,,
0,0,,0.361089,0.0704,0.017845,0.047235,0.076135,0.115634,0.028805,0.058181,0.152543,0.072132,,2237000,,
0,0,,0.395641,0.04363,0.024807,0.034752,0.092347,0.112009,0.049322,0.045347,0.140873,0.061272,,2222400,,
0,0,,0.336999,0.03173,0.027598,0.002561,0.102467,0.119746,0.077477,0.102927,0.130268,0.068226,,2225500,,
0,0,,0.426471,0.018386,0.011836,0.003103,0.134986,0.121844,0.053087,0.031101,0.127733,0.071452,,1603800,,
0,0,,0.39641,0.039461,0.010882,0.029798,0.13985,0.09836,0.054343,0.03217,0.128009,0.070717,,1589300,,
0,0,,0.327439,0.021204,0.021234,0.002599,0.104272,0.087189,0.125712,0.073494,0.132806,0.104051,,1600500,,
0,0,,0.361796,0.101538,0.030589,0.009929,0.076523,0.117695,0.039418,0.063178,0.133263,0.066069,,1618200,,
0,0,,0.323116,0.019559,0.016536,0.002884,0.14086,0.115866,0.084355,0.052885,0.124611,0.119328,,1616500,,
0,0,,0.335828,0.097042,0.017845,0.047235,0.068518,0.119272,0.028823,0.058738,0.157324,0.069374,,1607200,,
0,0,,0.322134,0.027294,0.030515,0.002607,0.111213,0.110342,0.084585,0.099509,0.145691,0.066109,,1598000,,
0,0,,0.410522,0.021733,0.013484,0.002945,0.165388,0.114622,0.060629,0.034911,0.129338,0.046429,,1700100,,
0,0,,0.315885,0.022406,0.016863,0.002735,0.139572,0.086564,0.102997,0.056304,0.122616,0.134057,,1764900,,
0,0,,0.363704,0.022076,0.016679,0.002735,0.169842,0.086412,0.084463,0.05634,0.1233,0.074449,,1617500,,
0,0,,0.39411,0.042609,0.010386,0.037559,0.109324,0.103823,0.052763,0.035877,0.145334,0.068215,,1612900,,
0,0,,0.390394,0.031483,0.027544,0.002708,0.100775,0.122257,0.068241,0.043372,0.157849,0.055376,,1656800,,
0,0,,0.407857,0.036324,0.011891,0.025644,0.118672,0.099841,0.062875,0.032923,0.1375,0.066472,,1628000,,
0,0,,0.361172,0.104708,0.030816,0.024399,0.078272,0.118867,0.028749,0.068526,0.143867,0.040624,,1616900,,
0,0,,0.35385,0.037726,0.013395,0.017441,0.095988,0.117982,0.06908,0.055078,0.16128,0.07818,,1599200,,
0,0,,0.382899,0.022607,0.01477,0.002854,0.14728,0.111135,0.077907,0.054655,0.124832,0.061059,,1602600,,
0,0,,0.37758,0.022408,0.016679,0.00303,0.159609,0.090691,0.087339,0.056304,0.1249,0.061461,,1617300,,
0,0,,0.401271,0.042609,0.010332,0.037559,0.108911,0.105541,0.043046,0.035916,0.151546,0.06327,,1617000,,
0,0,,0.224246,0.076867,0.032779,0.043347,0.060214,0.109882,0.086797,0.044975,0.18588,0.135013,,1706300,,
0,0,,0.362788,0.031769,0.029507,0.002589,0.11125,0.095816,0.084514,0.105018,0.128854,0.047895,,1611100,,
0,0,,0.364606,0.036977,0.024861,0.014632,0.125827,0.122634,0.058693,0.065356,0.131572,0.054842,,1657700,,
0,0,,0.406471,0.018386,0.011836,0.003103,0.134986,0.121844,0.053087,0.031101,0.147733,0.071452,,1697900,,
0,0,,0.37306,0.06363,0.024807,0.014752,0.077508,0.132009,0.049322,0.065347,0.138293,0.061272,,1599600,,
0,0,,0.35199,0.022733,0.017116,0.002772,0.145407,0.086138,0.121404,0.056232,0.122348,0.073861,,1598300,,
0,0,,0.41131,0.021791,0.014716,0.002854,0.139367,0.092853,0.06819,0.034694,0.152294,0.061931,,1660900,,
0,0,,0.399035,0.030799,0.02612,0.002772,0.103056,0.126681,0.052601,0.043659,0.156616,0.05866,,1632900,,
0,0,,0.226253,0.034627,0.059485,0.02621,0.064489,0.126457,0.114888,0.076234,0.174892,0.096465,,1614600,,
0,0,,0.220337,0.046449,0.062121,0.033836,0.04968,0.109512,0.105997,0.062637,0.194622,0.114808,,1651400,,
0,0,,0.355885,0.022406,0.016863,0.002735,0.159572,0.086564,0.102997,0.056304,0.122616,0.074057,,1619200,,
0,0,,0.314118,0.021775,0.021051,0.00304,0.090529,0.09211,0.130534,0.0539,0.155209,0.117733,,1619000,,
0,0,,0.374118,0.021775,0.021051,0.00304,0.090529,0.09211,0.110534,0.0539,0.135209,0.097733,,1615200,,
0,0,,0.400814,0.022682,0.016625,0.002882,0.143654,0.09192,0.075082,0.056857,0.128699,0.060784,,1609500,,
0,0,,0.398596,0.019237,0.014628,0.003003,0.142794,0.117592,0.077943,0.051128,0.128326,0.046753,,1607300,,
0,0,,0.351487,0.022164,0.01477,0.002716,0.133348,0.091778,0.083673,0.054157,0.127428,0.118479,,2305000,,
0,0,,0.380161,0.021591,0.016679,0.00303,0.174447,0.090691,0.087339,0.056304,0.127481,0.042277,,1804200,,
0,0,,0.33,0.022112,0.016679,0.002735,0.160185,0.089409,0.084319,0.056412,0.123698,0.11445,,1630200,,
0,0,,0.310701,0.020697,0.025129,0.006282,0.086571,0.109881,0.113957,0.075694,0.134828,0.11626,,1620500,,
0,0,,0.343704,0.022076,0.016679,0.002735,0.169842,0.086412,0.084463,0.05634,0.1233,0.094449,,2148700,,
0,0,,0.348395,0.022978,0.016625,0.003177,0.163077,0.093202,0.078102,0.056749,0.129901,0.087794,,1618600,,
0,0,,0.312154,0.020971,0.025849,0.006348,0.111388,0.100386,0.159286,0.055055,0.126291,0.082273,,1612100,,
0,0,,0.394193,0.036917,0.023356,0.034724,0.111461,0.107055,0.052707,0.046221,0.136658,0.056707,,1608000,,
0,0,,0.35,0.022112,0.016679,0.002735,0.140185,0.109409,0.084319,0.076412,0.123698,0.07445,,1636300,,
0,0,,0.377915,0.022037,0.01477,0.002707,0.16106,0.110342,0.077426,0.054249,0.124713,0.054781,,1613200,,
0,0,,0.379707,0.021163,0.013538,0.002798,0.161919,0.112111,0.069866,0.054466,0.124337,0.060095,,1606900,,
0,0,,0.356281,0.069811,0.017773,0.056212,0.0685,0.117362,0.028968,0.060169,0.160996,0.063928,,1620600,,
0,0,,0.35,0.022112,0.016679,0.002735,0.180185,0.089409,0.084319,0.056412,0.123698,0.07445,,1661100,,
0,0,,0.283544,0.02153,0.021488,0.002635,0.090107,0.086763,0.164119,0.073422,0.152538,0.103855,,1644600,,
0,0,,0.437118,0.0219,0.014797,0.002909,0.152725,0.096512,0.060128,0.035263,0.133579,0.045069,,1613400,,
0,0,,0.336281,0.089811,0.017773,0.056212,0.0685,0.117362,0.028968,0.060169,0.160996,0.063928,,1593100,,
0,0,,0.371619,0.022001,0.01477,0.002707,0.170716,0.107345,0.07757,0.054177,0.124315,0.05478,,1666600,,
0,0,,0.396244,0.020334,0.012033,0.002807,0.200499,0.109879,0.062431,0.034111,0.121421,0.04024,,1619600,,
0,0,,0.331619,0.022001,0.01477,0.002707,0.190716,0.107345,0.07757,0.054177,0.124315,0.07478,,1612400,,
0,0,,0.263765,0.020454,0.025383,0.006171,0.106185,0.132089,0.132598,0.05618,0.167317,0.089858,,1606900,,
0,0,,0.323544,0.02153,0.021488,0.002635,0.110107,0.086763,0.144119,0.053422,0.132538,0.103855,,1601000,,
0,0,,0.385997,0.031787,0.026312,0.014752,0.094094,0.123725,0.059788,0.045868,0.158854,0.058822,,1654300,,
0,0,,0.361195,0.032242,0.026366,0.002799,0.094708,0.122308,0.070397,0.08355,0.127431,0.079003,,1603800,,
0,0,,0.353225,0.02604,0.015725,0.01793,0.127052,0.110211,0.077782,0.088169,0.153897,0.029968,,1625100,,
0,0,,0.31758,0.022408,0.016679,0.00303,0.139609,0.090691,0.087339,0.056304,0.1249,0.141461,,1608900,,
0,0,,0.394982,0.041912,0.010386,0.037477,0.125295,0.103163,0.051026,0.034801,0.13946,0.061497,,1637200,,
0,0,,0.363544,0.02153,0.021488,0.002635,0.110107,0.086763,0.144119,0.053422,0.132538,0.063855,,1613100,,
0,0,,0.424501,0.020273,0.010529,0.002898,0.163795,0.094301,0.056445,0.034977,0.125176,0.067105,,1605500,,
0,0,,0.363704,0.022076,0.016679,0.002735,0.169842,0.086412,0.084463,0.05634,0.1233,0.074449,,1597000,,
0,0,,0.363704,0.022076,0.016679,0.002735,0.169842,0.106412,0.084463,0.05634,0.1233,0.054449,,1645400,,
0,0,,0.367439,0.021204,0.021234,0.002599,0.104272,0.087189,0.125712,0.053494,0.132806,0.084051,,1721700,,
0,0,,0.269269,0.022014,0.035533,0.005996,0.072046,0.104662,0.126326,0.09449,0.143191,0.126472,,1603100,,
0,0,,0.445815,0.02211,0.016029,0.002833,0.096601,0.116073,0.067704,0.03557,0.135527,0.061736,,1599500,,
0,0,,0.402964,0.043275,0.011836,0.017615,0.09984,0.104909,0.049369,0.035529,0.166978,0.067684,,1945000,,
0,0,,0.387524,0.02094,0.012033,0.002954,0.157063,0.113669,0.062768,0.03459,0.141939,0.066519,,2004900,,
0,0,,0.274088,0.02281,0.035279,0.006144,0.091432,0.108924,0.132001,0.074493,0.156082,0.098748,,1974500,,
0,0,,0.395196,0.068655,0.010332,0.037532,0.101619,0.109409,0.043055,0.03539,0.155448,0.043366,,1965900,,
0,0,,0.416202,0.051592,0.027625,0.002763,0.094132,0.105916,0.06018,0.063941,0.139134,0.038514,,2018800,,
0,0,,0.417808,0.01918,0.013395,0.003094,0.128814,0.119361,0.070383,0.031345,0.125369,0.071251,,1965200,,
0,0,,0.361415,0.037479,0.013395,0.017588,0.097048,0.118775,0.069561,0.055484,0.16398,0.065274,,1955500,,
0,0,,0.398474,0.042836,0.023302,0.034761,0.10127,0.112775,0.041743,0.045065,0.138356,0.061418,,2047100,,
0,0,,0.159925,0.065298,0.155585,0.033884,0.04886,0.102957,0.093154,0.084757,0.158934,0.096645,,2052600,,
0,0,,0.358729,0.092778,0.023147,0.013201,0.091678,0.116421,0.042798,0.051402,0.143348,0.066498,,1972000,,
0,0,,0.355885,0.022406,0.016863,0.002735,0.139572,0.086564,0.102997,0.056304,0.122616,0.094057,,1993300,,
0,0,,0.382872,0.035754,0.011891,0.005497,0.132452,0.119048,0.062395,0.032517,0.157381,0.060194,,2007900,,
0,0,,0.423638,0.01918,0.013341,0.003094,0.146062,0.121079,0.060666,0.031384,0.130251,0.051306,,1997800,,
0,0,,0.375836,0.082496,0.010683,0.036111,0.075818,0.114598,0.038774,0.047401,0.144593,0.073689,,1958300,,
0,0,,0.336015,0.020054,0.014628,0.003003,0.107955,0.117592,0.077943,0.051128,0.125745,0.145937,,2068100,,
0,0,,0.378883,0.038377,0.026312,0.01477,0.090715,0.127376,0.056891,0.046156,0.159489,0.061031,,2084800,,
0,0,,0.377915,0.022037,0.01477,0.002707,0.16106,0.110342,0.077426,0.054249,0.124713,0.054781,,2079400,,
0,0,,0.37,0.022112,0.016679,0.002735,0.160185,0.109409,0.084319,0.056412,0.123698,0.05445,,2105200,,
0,0,,0.371058,0.049322,0.011891,0.017588,0.0953,0.127059,0.059095,0.034964,0.165999,0.067725,,1988400,,
0,0,,0.310068,0.020484,0.010529,0.002825,0.206873,0.112081,0.0611,0.053737,0.139038,0.083267,,2004800,,
0,0,,0.262709,0.049195,0.010419,0.060037,0.116319,0.091055,0.045771,0.028359,0.11732,0.218815,,2024700,,
0,0,,0.34016,0.120586,0.029657,0.030208,0.054199,0.121043,0.024807,0.067677,0.136251,0.075413,,2101900,,
0,0,,0.427608,0.022053,0.014797,0.002924,0.11746,0.117842,0.060143,0.035787,0.135151,0.066234,,1980600,,
0,0,,0.391031,0.019484,0.014628,0.002856,0.121734,0.116799,0.077463,0.070722,0.125626,0.059658,,1956700,,
0,0,,0.229763,0.022728,0.045253,0.026105,0.07046,0.123786,0.192475,0.057364,0.170008,0.062058,,2092500,,
0,0,,0.392823,0.01861,0.013395,0.002946,0.142593,0.118568,0.069902,0.050939,0.12525,0.064973,,1850800,,
0,0,,0.40548,0.021791,0.01477,0.002854,0.162119,0.111135,0.077907,0.034655,0.127413,0.041876,,1609200,,
0,0,,0.265488,0.02153,0.021488,0.002635,0.110107,0.130191,0.144833,0.054387,0.165414,0.083927,,1602800,,
0,0,,0.335885,0.022406,0.016863,0.002735,0.159572,0.106564,0.102997,0.056304,0.122616,0.074057,,1621200,,
0,0,,0.33758,0.022408,0.016679,0.00303,0.179609,0.090691,0.087339,0.056304,0.1249,0.081461,,1687100,,
1,1,,0.042213,0.239536,0.081992,0.111364,0.037792,0.111049,0.015036,0.07473,0.08295,0.203337,,1621900,,
1,1,,0.132922,0.234335,0.060617,0.067336,0.055064,0.089432,0.016448,0.137008,0.074028,0.13281,,1607700,,
1,9,,0.034082,0.135105,0.130447,0.149828,0.019881,0.082032,0.027807,0.119854,0.07441,0.226554,,1613300,,
1,2,,0.047299,0.179269,0.323281,0.060785,0.034996,0.056367,0.053123,0.097247,0.072777,0.074855,,1777000,,
1,1,,0.048338,0.271041,0.091203,0.100025,0.047321,0.088921,0.015944,0.092767,0.072786,0.171656,,1618400,,
1,2,,0.025517,0.190394,0.332503,0.082138,0.020819,0.054186,0.027869,0.119659,0.066578,0.080337,,1602500,,
1,1,,0.033259,0.255586,0.24727,0.09679,0.022067,0.048547,0.025292,0.121634,0.068893,0.080662,,1600700,,
1,9,,0.057534,0.201646,0.050002,0.123771,0.047034,0.127848,0.021355,0.066245,0.077685,0.22688,,1666800,,
1,1,,0.011934,0.313804,0.197981,0.101264,0.014538,0.073984,0.010435,0.107837,0.054525,0.113699,,1626300,,
1,2,,0.047336,0.223855,0.25387,0.069744,0.0374,0.050792,0.045467,0.101833,0.071179,0.098523,,1606600,,
1,2,,0.049256,0.225948,0.25533,0.077998,0.035586,0.048497,0.044077,0.126105,0.057046,0.080157,,1602300,,
1,1,,0.050533,0.250968,0.076022,0.112677,0.038232,0.114979,0.017663,0.060525,0.094763,0.183639,,1637000,,
1,1,,0.031722,0.216748,0.089375,0.16423,0.017687,0.099243,0.014869,0.098094,0.094016,0.174015,,1628000,,
1,2,,0.033323,0.205534,0.307149,0.07027,0.019974,0.052794,0.028468,0.139513,0.068851,0.074124,,1685000,,
1,1,,0.040731,0.200108,0.075087,0.130357,0.033441,0.117619,0.01969,0.1381,0.05608,0.188787,,1597600,,
1,1,,0.116465,0.190513,0.047592,0.096469,0.045971,0.118854,0.023355,0.09071,0.107215,0.162857,,1636700,,
1,2,,0.044825,0.214719,0.284189,0.070137,0.024273,0.057675,0.037719,0.123511,0.075013,0.067939,,1634300,,
1,2,,0.043399,0.168988,0.177255,0.079062,0.085687,0.049519,0.124764,0.087021,0.037417,0.146888,,1617300,,
1,1,,0.040341,0.27609,0.116117,0.09261,0.041638,0.083282,0.010842,0.094598,0.077029,0.167453,,1609000,,
1,1,,0.049606,0.278224,0.083709,0.101658,0.047466,0.093722,0.015864,0.073353,0.080315,0.176083,,1614300,,
1,1,,0.041323,0.261165,0.100098,0.109483,0.041615,0.085788,0.015954,0.113976,0.053292,0.177307,,1639400,,
1,1,,0.032964,0.226069,0.078141,0.137086,0.017922,0.103497,0.01481,0.112546,0.082459,0.194506,,1631700,,
1,1,,0.042161,0.214577,0.082302,0.132541,0.028031,0.105225,0.018453,0.120056,0.067445,0.189209,,1605200,,
1,1,,0.025032,0.254568,0.24784,0.099479,0.022893,0.055575,0.024845,0.120952,0.067664,0.081151,,2011500,,
1,1,,0.048338,0.271857,0.091203,0.100025,0.047321,0.088921,0.015944,0.112767,0.052786,0.170839,,2013000,,
1,9,,0.031936,0.198704,0.066404,0.147502,0.022267,0.108243,0.017526,0.122361,0.074848,0.210209,,1978300,,
1,1,,0.10641,0.231861,0.053652,0.084777,0.04023,0.121978,0.020875,0.063476,0.08931,0.187432,,1979400,,
1,1,,0.04309,0.238914,0.082191,0.11293,0.028025,0.116048,0.017114,0.072483,0.089551,0.199655,,2015300,,
1,1,,0.105687,0.186509,0.056897,0.098251,0.039805,0.121266,0.021575,0.116738,0.085127,0.168144,,2004800,,
1,1,,0.031108,0.243458,0.156584,0.108859,0.026973,0.088208,0.010061,0.10609,0.069708,0.158951,,1962700,,
1,1,,0.125069,0.284593,0.064079,0.068145,0.053626,0.096273,0.013663,0.071046,0.079036,0.144468,,1968900,,
1,1,,0.067078,0.170358,0.141505,0.032981,0.132369,0.085911,0.096086,0.058707,0.057523,0.15748,,1681600,,
1,1,,0.032918,0.248902,0.243323,0.091751,0.022434,0.047741,0.019684,0.141533,0.070706,0.081008,,1627900,,
1,9,,0.149158,0.121216,0.035065,0.092199,0.050894,0.13098,0.020858,0.076362,0.088936,0.234332,,1609200,,
1,1,,0.112953,0.187166,0.040596,0.101495,0.045636,0.13062,0.022007,0.075557,0.107623,0.176348,,1633600,,
1,3,,0.012333,0.186535,0.102818,0.204653,0.0149,0.09312,0.018677,0.094273,0.077472,0.195217,,1723800,,
1,2,,0.059534,0.20819,0.252947,0.050364,0.042614,0.052258,0.059088,0.11796,0.061269,0.095775,,1620600,,
1,1,,0.125397,0.245172,0.053652,0.083308,0.050759,0.10202,0.01778,0.062838,0.082998,0.176076,,1612500,,
1,1,,0.141214,0.251912,0.049295,0.067097,0.060879,0.098577,0.016241,0.062095,0.079644,0.173047,,1599700,,
1,2,,0.025662,0.252173,0.254242,0.101141,0.022947,0.048729,0.024742,0.116193,0.068566,0.085604,,1689600,,
1,3,,0.036854,0.135774,0.130475,0.151773,0.025762,0.118803,0.09151,0.1186,0.057336,0.133113,,1746800,,
1,1,,0.097567,0.275583,0.062863,0.078642,0.029773,0.089614,0.015044,0.104625,0.105659,0.140629,,1640700,,
1,1,,0.145465,0.245603,0.042676,0.05607,0.067421,0.099407,0.027502,0.072981,0.099154,0.143721,,1609600,,
1,1,,0.046447,0.246053,0.198637,0.048313,0.063673,0.055107,0.073194,0.112124,0.075945,0.080508,,1652700,,
1,1,,0.05147,0.184353,0.160659,0.076112,0.086856,0.05415,0.12088,0.094599,0.041372,0.129548,,1741500,,
1,2,,0.069165,0.154002,0.299034,0.042773,0.046267,0.063979,0.072271,0.092727,0.090533,0.069248,,1626200,,
1,2,,0.053605,0.189036,0.299947,0.035489,0.0463,0.044241,0.064782,0.110468,0.059947,0.096186,,1617000,,
1,1,,0.049319,0.223418,0.081992,0.108771,0.047669,0.116941,0.017982,0.073128,0.079974,0.200805,,1652800,,
1,2,,0.012781,0.235414,0.28089,0.088545,0.012373,0.069443,0.014986,0.110211,0.073698,0.10166,,1664300,,
1,1,,0.10543,0.259032,0.062399,0.075001,0.044082,0.102757,0.018727,0.088874,0.0993,0.144399,,1979900,,
1,3,,0.073427,0.115614,0.054155,0.172943,0.052479,0.094817,0.100147,0.105968,0.058304,0.172147,,1709300,,
1,1,,0.032261,0.230838,0.200289,0.089465,0.037242,0.065116,0.013786,0.099464,0.086015,0.145523,,1641000,,
1,1,,0.031722,0.236748,0.089375,0.16423,0.017687,0.079243,0.014869,0.098094,0.094016,0.174015,,1686700,,
1,1,,0.0407,0.257938,0.101516,0.100247,0.041543,0.085251,0.01608,0.133188,0.050333,0.173204,,1683400,,
1,2,,0.053045,0.157075,0.326307,0.053815,0.028002,0.065574,0.048975,0.116539,0.088188,0.06248,,1620200,,
1,1,,0.032383,0.275626,0.11933,0.103317,0.0254,0.07714,0.011386,0.120311,0.070409,0.164698,,1652600,,
1,1,,0.012127,0.298606,0.145611,0.138594,0.022414,0.064872,0.014341,0.102982,0.052367,0.148084,,1710000,,
1,1,,0.121636,0.19383,0.041052,0.089094,0.050118,0.126713,0.022055,0.076344,0.103008,0.17615,,1698900,,
1,1,,0.032342,0.220893,0.0833,0.156645,0.017777,0.083131,0.014877,0.098449,0.098058,0.194527,,1706700,,
1,1,,0.0407,0.265263,0.103741,0.093848,0.044722,0.08205,0.014072,0.136248,0.050396,0.168961,,1654300,,
1,1,,0.04756,0.28219,0.100399,0.093332,0.050573,0.081299,0.010916,0.096561,0.078198,0.158972,,1648300,,
1,9,,0.061227,0.206853,0.070849,0.088827,0.058709,0.114074,0.02993,0.078532,0.07175,0.219248,,1645800,,
1,1,,0.04037,0.22524,0.077211,0.11679,0.028079,0.11225,0.014882,0.126849,0.075977,0.182352,,1721900,,
1,1,,0.048992,0.295515,0.090195,0.100007,0.047357,0.094395,0.015873,0.058275,0.075949,0.173441,,1826000,,
1,9,,0.023712,0.134958,0.055917,0.215469,0.023722,0.086356,0.019515,0.071911,0.107172,0.261269,,1932600,,
1,9,,0.064503,0.167607,0.04284,0.113775,0.059512,0.12795,0.034403,0.0758,0.086513,0.227097,,2226500,,
1,1,,0.049319,0.243418,0.081992,0.108771,0.047669,0.116941,0.017982,0.053128,0.079974,0.200805,,1616000,,
1,1,,0.055175,0.246932,0.242424,0.057892,0.041417,0.052755,0.0507,0.102092,0.055946,0.094667,,3327100,,
1,2,,0.049741,0.181774,0.319993,0.060656,0.033511,0.047108,0.047101,0.104811,0.07596,0.079343,,2339700,,
1,1,,0.027967,0.265115,0.243293,0.095229,0.020745,0.063729,0.017719,0.129831,0.057218,0.079155,,1604700,,
1,2,,0.065209,0.162542,0.322354,0.044367,0.0452,0.059132,0.064666,0.05373,0.107848,0.074951,,1654700,,
1,1,,0.033678,0.241663,0.076203,0.116707,0.017932,0.116542,0.01347,0.074015,0.103455,0.206334,,1645000,,
1,1,,0.03397,0.26766,0.255315,0.084244,0.023067,0.052295,0.023822,0.097426,0.068549,0.093651,,1614400,,
1,1,,0.031746,0.218812,0.103602,0.144154,0.018558,0.106409,0.014897,0.133581,0.074869,0.153372,,1613600,,
1,1,,0.039941,0.270214,0.116655,0.093382,0.040538,0.076863,0.011024,0.142154,0.05609,0.15314,,1899100,,
1,2,,0.06102,0.178405,0.309078,0.035975,0.043361,0.051142,0.067863,0.100354,0.078802,0.073998,,1739100,,
1,1,,0.051734,0.187673,0.164853,0.044406,0.086671,0.048919,0.131225,0.141846,0.067339,0.075333,,1600500,,
1,1,,0.11299,0.210605,0.053886,0.094398,0.043838,0.128408,0.021035,0.075933,0.087905,0.171002,,1590600,,
1,1,,0.033491,0.278964,0.100973,0.10387,0.027271,0.077582,0.012325,0.134448,0.059856,0.17122,,1595500,,
1,2,,0.061,0.175182,0.327968,0.045136,0.041433,0.051259,0.067892,0.06811,0.081158,0.080862,,1604200,,
1,9,,0.033226,0.172359,0.11331,0.172761,0.017307,0.082104,0.040711,0.099252,0.08032,0.188649,,1586400,,
1,1,,0.059825,0.296885,0.086489,0.074694,0.067264,0.08949,0.022087,0.047254,0.086121,0.169892,,1581700,,
1,1,,0.049606,0.278224,0.083709,0.101658,0.047466,0.093722,0.015864,0.073353,0.080315,0.176083,,1575200,,
1,9,,0.105079,0.164159,0.042148,0.101675,0.039811,0.127146,0.022114,0.111045,0.103585,0.183238,,1588400,,
1,2,,0.072781,0.168103,0.325474,0.029815,0.047732,0.053575,0.077251,0.066316,0.08843,0.070523,,1595700,,
1,1,,0.042027,0.224912,0.085701,0.12445,0.033092,0.106106,0.018866,0.121376,0.063723,0.179747,,1627000,,
1,9,,0.032448,0.157384,0.148032,0.135624,0.017265,0.107493,0.020754,0.102334,0.094451,0.184215,,1591700,,
1,2,,0.048842,0.211065,0.270452,0.061508,0.02685,0.0587,0.041286,0.135558,0.079262,0.066478,,1593600,,
1,1,,0.039368,0.294192,0.102029,0.093323,0.040417,0.082522,0.010925,0.105193,0.070366,0.161664,,1594800,,
1,1,,0.031018,0.26237,0.142942,0.109744,0.030119,0.074398,0.010126,0.130626,0.049011,0.159646,,1590600,,
1,1,,0.031096,0.237914,0.089361,0.161039,0.029499,0.07446,0.016047,0.077076,0.103553,0.179954,,1588100,,
1,2,,0.048846,0.146577,0.334947,0.061463,0.026899,0.065944,0.041333,0.122614,0.085615,0.065762,,1590400,,
1,3,,0.036854,0.135774,0.130475,0.151773,0.025762,0.078803,0.11151,0.1186,0.077336,0.133113,,1592400,,
1,2,,0.053869,0.186717,0.346426,0.032336,0.043858,0.044298,0.067945,0.089275,0.055447,0.079827,,1595400,,
1,1,,0.03312,0.181374,0.10897,0.152957,0.024733,0.078243,0.084005,0.099063,0.059929,0.177605,,1896200,,
1,1,,0.096479,0.287345,0.072744,0.067018,0.066696,0.087735,0.026169,0.066321,0.062263,0.167229,,1632600,,
1,2,,0.04934,0.204435,0.265996,0.062921,0.040452,0.047797,0.048886,0.100713,0.098236,0.081225,,1613300,,
1,2,,0.032697,0.110727,0.152138,0.139627,0.021659,0.103247,0.114899,0.122127,0.07404,0.128838,,1596300,,
1,2,,0.04934,0.224435,0.245996,0.062921,0.040452,0.047797,0.048886,0.120713,0.078236,0.081225,,1594700,,
1,1,,0.034119,0.217749,0.072299,0.134363,0.02236,0.104982,0.017192,0.122145,0.067475,0.207316,,1602100,,
1,9,,0.036854,0.135774,0.110475,0.151773,0.025762,0.078803,0.11151,0.0986,0.077336,0.173113,,1603000,,
1,1,,0.045205,0.212443,0.077755,0.113823,0.03263,0.118974,0.019559,0.106367,0.063245,0.209999,,1598500,,
1,2,,0.041458,0.179918,0.316504,0.055863,0.039102,0.053011,0.051355,0.109948,0.069855,0.082987,,1617100,,
1,1,,0.040404,0.228583,0.083,0.110341,0.037718,0.106135,0.015257,0.088999,0.091467,0.198097,,1595300,,
1,1,,0.01968,0.29706,0.210801,0.096903,0.013724,0.075438,0.010976,0.127778,0.03951,0.108131,,1662500,,
1,1,,0.03495,0.220965,0.063233,0.120801,0.018134,0.114716,0.014094,0.082666,0.114818,0.215623,,1601300,,
1,2,,0.032585,0.105608,0.175798,0.106683,0.025972,0.108216,0.132212,0.132466,0.052848,0.127612,,1584900,,
1,3,,0.061832,0.126789,0.070406,0.211984,0.036092,0.098418,0.080114,0.101268,0.059128,0.15397,,1593500,,
1,1,,0.04926,0.271666,0.088992,0.108583,0.03803,0.116805,0.017039,0.051874,0.0834,0.174351,,1588700,,
1,1,,0.019852,0.245365,0.178959,0.11351,0.018229,0.083494,0.014725,0.116535,0.060312,0.149019,,1615800,,
1,1,,0.048215,0.285848,0.099391,0.093314,0.050609,0.086774,0.010844,0.082069,0.081361,0.161574,,1589000,,
1,1,,0.077587,0.242901,0.042067,0.128683,0.041887,0.100854,0.021836,0.05486,0.079689,0.209636,,1591600,,
1,1,,0.032342,0.178449,0.09072,0.159505,0.018685,0.085345,0.014986,0.144403,0.09948,0.176084,,1590100,,
1,9,,0.0649,0.162367,0.06037,0.081427,0.070682,0.114352,0.034631,0.073182,0.071624,0.266465,,1613300,,
1,2,,0.059518,0.182853,0.291183,0.038052,0.039575,0.045911,0.06363,0.095288,0.102473,0.081517,,1649800,,
1,1,,0.040341,0.282841,0.100943,0.093495,0.044784,0.0833,0.010952,0.097557,0.077323,0.168464,,1601300,,
1,1,,0.031628,0.285997,0.1118,0.094575,0.030244,0.077076,0.010252,0.145272,0.05446,0.158697,,1599900,,
1,9,,0.036773,0.130296,0.129809,0.130717,0.030001,0.106543,0.129922,0.110512,0.057066,0.138361,,1600500,,
1,1,,0.112977,0.225467,0.053652,0.083602,0.050182,0.123302,0.020801,0.06273,0.1042,0.163086,,1594500,,
1,2,,0.032989,0.222868,0.272634,0.077633,0.023833,0.055358,0.025445,0.138205,0.069537,0.0815,,1583300,,
1,1,,0.041445,0.221227,0.083543,0.108952,0.041844,0.113468,0.01809,0.088615,0.075935,0.20688,,1593200,,
1,1,,0.05714,0.281959,0.087375,0.08603,0.055253,0.087877,0.011451,0.077175,0.081156,0.174586,,1588900,,
1,1,,0.032593,0.181715,0.143328,0.13566,0.017284,0.101884,0.020698,0.149778,0.072756,0.144305,,1595200,,
1,1,,0.0298,0.26261,0.24032,0.091037,0.026903,0.056099,0.032151,0.103838,0.050676,0.106566,,1617100,,
1,2,,0.059536,0.199496,0.280746,0.053165,0.039464,0.045618,0.062696,0.099244,0.078791,0.081245,,1588500,,
1,1,,0.040341,0.283657,0.100943,0.093495,0.044784,0.0833,0.010952,0.117557,0.057323,0.167648,,1585000,,
1,1,,0.042098,0.225337,0.083,0.109964,0.03768,0.110142,0.018128,0.088365,0.081921,0.203366,,1666100,,
1,1,,0.041064,0.244061,0.113983,0.090267,0.037385,0.103375,0.014489,0.113805,0.07523,0.16634,,1599600,,
1,1,,0.048992,0.275515,0.090195,0.100007,0.047357,0.094395,0.015873,0.078275,0.075949,0.173441,,1582900,,
1,1,,0.121575,0.273675,0.049838,0.067554,0.054513,0.101859,0.019297,0.062983,0.09997,0.148734,,1581800,,
1,1,,0.057262,0.267152,0.079186,0.092741,0.051964,0.090024,0.01655,0.087872,0.072581,0.184668,,1622500,,
1,3,,0.033739,0.145519,0.122895,0.165372,0.024823,0.102131,0.084014,0.099418,0.06397,0.158117,,1594600,,
1,1,,0.04037,0.250441,0.09,0.111411,0.028079,0.107405,0.014882,0.106741,0.096249,0.154423,,1586400,,
1,1,,0.032337,0.271669,0.100973,0.102828,0.027233,0.078142,0.012474,0.134225,0.071535,0.168582,,1664500,,
1,9,,0.041411,0.210493,0.074065,0.121225,0.033541,0.120688,0.019078,0.103771,0.060151,0.215577,,1588000,,
1,1,,0.049319,0.223418,0.081992,0.108771,0.047669,0.116941,0.017982,0.073128,0.079974,0.200805,,1604600,,
1,1,,0.033146,0.223381,0.082302,0.134111,0.017886,0.101442,0.01481,0.141344,0.082662,0.168917,,1581900,,
1,1,,0.042135,0.256167,0.099979,0.097044,0.034547,0.106826,0.015792,0.091435,0.082498,0.173579,,1583800,,
1,1,,0.011737,0.297174,0.233965,0.103637,0.011704,0.066099,0.010732,0.140027,0.034447,0.090479,,1589200,,
1,1,,0.032702,0.243011,0.10606,0.104496,0.025748,0.098477,0.013612,0.129454,0.075841,0.1706,,1604900,,
1,1,,0.039059,0.234362,0.091115,0.132516,0.02787,0.10276,0.015678,0.141264,0.069184,0.146193,,1616200,,
1,2,,0.021142,0.232073,0.299121,0.090599,0.019267,0.052691,0.020367,0.129038,0.059132,0.07657,,1587800,,
1,1,,0.040303,0.257064,0.107287,0.092508,0.045567,0.08205,0.014106,0.140049,0.048662,0.172405,,1583500,,
1,1,,0.048664,0.253439,0.10102,0.095954,0.040729,0.086704,0.016553,0.133252,0.055857,0.167828,,1662500,,
1,1,,0.048674,0.239462,0.088067,0.116374,0.047596,0.112677,0.017937,0.053329,0.075404,0.200481,,1616000,,
1,1,,0.023597,0.271745,0.146651,0.112661,0.030638,0.069407,0.011072,0.130557,0.044557,0.159115,,1580500,,
1,1,,0.032342,0.220893,0.0833,0.156645,0.017777,0.083131,0.014877,0.098449,0.098058,0.194527,,1583700,,
1,2,,0.041365,0.200914,0.300771,0.063355,0.034271,0.052501,0.046663,0.10963,0.070073,0.080458,,1608400,,
1,2,,0.025446,0.243246,0.267326,0.091104,0.024665,0.048268,0.024819,0.119556,0.06297,0.092599,,1595500,,
1,9,,0.037473,0.159919,0.1044,0.164189,0.025851,0.082691,0.091518,0.098955,0.061378,0.173625,,1613600,,
