pendigits,CWE,test,3,NANOSECONDS,PREDICTIONS, Generated by ClassifierExperiments.java on 2022-05-16 22:45:03.    SYSTEMPROPERTIES:{user.name:matth,os.arch:amd64,os.name:Windows 10},ENDSYSTEMPROPERTIES
No parameter info
0.6869604725124944,1684759500,4134302900,-1,79792736,10,,-1,-1
0,0,,0.365466,0.020773,0.01564,0.002136,0.161933,0.116658,0.042424,0.05901,0.144614,0.071345,,2660200,,
0,0,,0.447834,0.009877,0.01392,0.001006,0.158233,0.103782,0.07577,0.021052,0.129016,0.039509,,1736400,,
0,0,,0.362273,0.032723,0.023661,0.007941,0.155569,0.150444,0.060581,0.058408,0.106759,0.041642,,1731800,,
0,0,,0.236695,0.139716,0.042336,0.016577,0.084734,0.158276,0.020376,0.09847,0.113721,0.089098,,1885700,,
0,0,,0.352154,0.010851,0.021602,0.001162,0.098559,0.098278,0.203812,0.022017,0.150017,0.041549,,1843300,,
0,0,,0.311496,0.009702,0.0184,0.00118,0.145236,0.100242,0.194448,0.021955,0.164836,0.032504,,1854000,,
0,0,,0.413807,0.00933,0.01392,0.001482,0.193767,0.102491,0.075734,0.020541,0.127365,0.041563,,1660800,,
0,0,,0.263742,0.012648,0.025574,0.001314,0.093562,0.099727,0.219176,0.020563,0.21164,0.052055,,1863300,,
0,0,,0.37276,0.040818,0.01564,0.002136,0.145229,0.152437,0.045329,0.05294,0.102301,0.070409,,1813500,,
0,0,,0.362961,0.04501,0.016498,0.00197,0.104683,0.135842,0.031127,0.091413,0.118561,0.091934,,1893800,,
0,0,,0.411299,0.009067,0.011656,0.001152,0.207692,0.107977,0.06055,0.020997,0.123032,0.046577,,1624900,,
0,0,,0.402933,0.022123,0.018452,0.002539,0.155621,0.109584,0.060531,0.0534,0.12734,0.047477,,1623200,,
0,0,,0.422933,0.022123,0.018452,0.002539,0.135621,0.109584,0.060531,0.0534,0.12734,0.047477,,1650800,,
0,0,,0.382321,0.031536,0.011896,0.003662,0.119325,0.119646,0.054894,0.04041,0.141133,0.095177,,1826500,,
0,0,,0.431299,0.009067,0.011656,0.001152,0.187692,0.087977,0.06055,0.020997,0.143032,0.046577,,1661300,,
0,0,,0.405911,0.009614,0.011656,0.001189,0.190526,0.086924,0.060586,0.021508,0.143459,0.068626,,1854500,,
0,0,,0.39276,0.020818,0.01564,0.002136,0.145229,0.112437,0.045329,0.05294,0.142301,0.070409,,1840900,,
0,0,,0.316397,0.009877,0.016496,0.000907,0.149886,0.1031,0.182377,0.019529,0.170254,0.031177,,1945300,,
0,0,,0.362933,0.042123,0.018452,0.002539,0.155621,0.149584,0.060531,0.0534,0.10734,0.047477,,1690800,,
0,0,,0.276327,0.041912,0.037645,0.020914,0.05945,0.094409,0.225649,0.027994,0.125724,0.089977,,1616600,,
0,0,,0.371417,0.010244,0.015326,0.00096,0.167126,0.104182,0.11984,0.021054,0.152577,0.037274,,1618500,,
0,0,,0.422933,0.022123,0.018452,0.002539,0.135621,0.109584,0.060531,0.0534,0.12734,0.047477,,1632200,,
0,0,,0.400767,0.022077,0.018452,0.002026,0.132325,0.113293,0.057626,0.05947,0.129653,0.06431,,1711500,,
0,0,,0.295121,0.015559,0.048386,0.001314,0.071655,0.095266,0.214361,0.02146,0.15637,0.080508,,1608000,,
0,0,,0.421712,0.007762,0.008844,0.001263,0.195667,0.128485,0.045348,0.020537,0.096769,0.073612,,1635700,,
0,0,,0.374889,0.019046,0.011896,0.002035,0.183002,0.107851,0.06055,0.047902,0.128006,0.064823,,1610300,,
0,0,,0.451885,0.009067,0.011656,0.001665,0.18606,0.105633,0.06055,0.020997,0.101808,0.05068,,1711300,,
0,0,,0.291241,0.009844,0.0184,0.00118,0.125778,0.100135,0.189389,0.021594,0.190204,0.052236,,1619800,,
0,0,,0.331235,0.092172,0.019668,0.016575,0.094435,0.137497,0.020697,0.076077,0.135486,0.076157,,1712200,,
0,0,,0.235626,0.052979,0.05416,0.009878,0.103907,0.10908,0.105186,0.03314,0.166258,0.129787,,1618600,,
0,0,,0.344856,0.042386,0.020715,0.002356,0.143328,0.146443,0.075715,0.052944,0.132897,0.03836,,1719400,,
0,0,,0.37413,0.009472,0.01392,0.000969,0.175865,0.104836,0.09223,0.020769,0.150387,0.057423,,1608500,,
0,0,,0.282447,0.069849,0.035591,0.017508,0.059649,0.138236,0.04384,0.098982,0.146562,0.107336,,1654200,,
0,0,,0.402933,0.022123,0.018452,0.002539,0.155621,0.089584,0.060531,0.0534,0.14734,0.047477,,1611200,,
0,6,,0.244794,0.04464,0.060198,0.008475,0.073845,0.09369,0.256963,0.041179,0.111943,0.064273,,1718600,,
0,0,,0.230412,0.051882,0.042608,0.01033,0.135923,0.10894,0.071004,0.040746,0.136794,0.171361,,1623400,,
0,0,,0.382933,0.022123,0.018452,0.002539,0.175621,0.109584,0.060531,0.0534,0.12734,0.047477,,1623500,,
0,0,,0.380767,0.042077,0.018452,0.002026,0.132325,0.113293,0.057626,0.05947,0.149653,0.04431,,2734700,,
0,0,,0.311417,0.010244,0.015326,0.00096,0.167126,0.104182,0.13984,0.021054,0.172577,0.057274,,1698800,,
0,0,,0.35276,0.040818,0.01564,0.002136,0.165229,0.132437,0.045329,0.05294,0.122301,0.070409,,1644900,,
0,2,,0.130929,0.147723,0.179144,0.019355,0.042259,0.072899,0.173046,0.075806,0.087431,0.071407,,1660900,,
0,0,,0.411885,0.009067,0.011656,0.001665,0.18606,0.105633,0.06055,0.020997,0.121808,0.07068,,1611200,,
0,0,,0.342961,0.06501,0.016498,0.00197,0.104683,0.135842,0.031127,0.071413,0.158561,0.071934,,1623700,,
0,0,,0.388061,0.022123,0.018452,0.002026,0.155621,0.109071,0.060531,0.0534,0.12734,0.063375,,1772100,,
0,0,,0.388646,0.025167,0.011896,0.003168,0.155694,0.106428,0.06065,0.02827,0.132926,0.087155,,1663700,,
0,0,,0.35782,0.060841,0.016029,0.001952,0.111228,0.130294,0.036866,0.058332,0.156794,0.069844,,1658400,,
0,0,,0.316652,0.009735,0.016496,0.000907,0.149345,0.103207,0.147436,0.019891,0.184887,0.051445,,1793200,,
0,0,,0.311496,0.009702,0.0184,0.00118,0.125236,0.100242,0.194448,0.021955,0.164836,0.052504,,2095200,,
0,0,,0.403518,0.025167,0.011896,0.003681,0.155694,0.10694,0.06065,0.02827,0.132926,0.071258,,1994900,,
0,0,,0.294866,0.015702,0.028386,0.001314,0.072196,0.095159,0.269301,0.021098,0.121737,0.08024,,1986400,,
0,0,,0.37276,0.040818,0.01564,0.002136,0.145229,0.132437,0.045329,0.05294,0.122301,0.070409,,2067700,,
0,0,,0.356223,0.025121,0.011896,0.003681,0.152399,0.111162,0.077745,0.03434,0.135239,0.092194,,1977600,,
0,0,,0.422273,0.012723,0.023661,0.007941,0.155569,0.110444,0.060581,0.058408,0.106759,0.041642,,1972800,,
0,0,,0.363546,0.068054,0.009943,0.003112,0.104756,0.133198,0.031246,0.066283,0.144146,0.075715,,1965500,,
0,6,,0.213076,0.065931,0.046837,0.03446,0.049825,0.099469,0.232182,0.044197,0.119028,0.094996,,2092800,,
0,0,,0.357238,0.009735,0.016496,0.00142,0.147712,0.100863,0.167436,0.019891,0.143663,0.035548,,2058800,,
0,0,,0.411095,0.010101,0.015326,0.001473,0.185028,0.101837,0.083344,0.020826,0.129555,0.041414,,2054300,,
0,0,,0.413221,0.00933,0.01392,0.000969,0.195399,0.084836,0.075734,0.020541,0.148589,0.037461,,1970400,,
0,0,,0.283488,0.01279,0.025574,0.001314,0.114103,0.09962,0.254117,0.020201,0.157007,0.031787,,2028800,,
0,0,,0.362933,0.042123,0.018452,0.002539,0.155621,0.149584,0.060531,0.0534,0.10734,0.047477,,1980200,,
0,0,,0.323742,0.012648,0.025574,0.001314,0.093562,0.099727,0.239176,0.020563,0.15164,0.032055,,1976100,,
0,0,,0.311241,0.009844,0.0184,0.00118,0.145778,0.100135,0.209389,0.021594,0.150204,0.032236,,2037300,,
0,0,,0.408061,0.022123,0.018452,0.002026,0.135621,0.109071,0.060531,0.0534,0.12734,0.063375,,1886400,,
0,0,,0.393221,0.00933,0.01392,0.000969,0.175399,0.104836,0.095734,0.020541,0.148589,0.037461,,1618400,,
0,0,,0.371417,0.010244,0.015326,0.00096,0.167126,0.104182,0.13984,0.021054,0.132577,0.037274,,1629300,,
0,0,,0.431885,0.009067,0.011656,0.001665,0.18606,0.085633,0.06055,0.020997,0.141808,0.05068,,1714600,,
0,0,,0.368061,0.022123,0.018452,0.002026,0.155621,0.109071,0.060531,0.0534,0.14734,0.063375,,1684800,,
0,0,,0.374384,0.00933,0.01392,0.000969,0.175324,0.104943,0.077289,0.021131,0.165019,0.057691,,1619300,,
0,0,,0.316397,0.009877,0.016496,0.000907,0.149886,0.1031,0.182377,0.019529,0.150254,0.051177,,1607100,,
0,0,,0.386051,0.023817,0.009084,0.003278,0.142006,0.114015,0.042543,0.033881,0.1302,0.115126,,1756900,,
0,0,,0.42976,0.019046,0.011896,0.002548,0.163002,0.108364,0.06055,0.027902,0.128006,0.048926,,1638500,,
0,0,,0.391672,0.010101,0.015326,0.00096,0.166585,0.104289,0.104899,0.021416,0.14721,0.037542,,1631700,,
0,0,,0.311496,0.009702,0.0184,0.00118,0.145236,0.100242,0.194448,0.021955,0.164836,0.032504,,1693200,,
0,0,,0.411299,0.009067,0.011656,0.001152,0.207692,0.107977,0.06055,0.020997,0.123032,0.046577,,1666600,,
0,0,,0.295121,0.015559,0.028386,0.001314,0.071655,0.095266,0.234361,0.02146,0.17637,0.060508,,1703300,,
0,6,,0.268045,0.021186,0.029691,0.001881,0.075904,0.091673,0.269876,0.022843,0.138072,0.080828,,1658600,,
0,0,,0.403518,0.025167,0.011896,0.003681,0.155694,0.08694,0.06065,0.02827,0.152926,0.071258,,1635200,,
0,0,,0.268004,0.0172,0.048871,0.008342,0.076332,0.109603,0.229239,0.021187,0.135847,0.085375,,1622500,,
0,0,,0.31782,0.080841,0.016029,0.001952,0.111228,0.170294,0.036866,0.078332,0.136794,0.049844,,1738500,,
0,0,,0.291241,0.009844,0.0184,0.00118,0.125778,0.100135,0.189389,0.021594,0.190204,0.052236,,1621300,,
0,0,,0.381404,0.01,0.016106,0.000924,0.155633,0.10346,0.148198,0.020038,0.131029,0.033209,,1626100,,
0,0,,0.304074,0.01279,0.025574,0.001826,0.092471,0.097275,0.234117,0.020201,0.175783,0.035889,,1656600,,
0,0,,0.371672,0.010101,0.015326,0.00096,0.146585,0.084289,0.084899,0.021416,0.18721,0.077542,,1707500,,
0,0,,0.391095,0.010101,0.015326,0.001473,0.145028,0.081837,0.083344,0.020826,0.169555,0.081414,,1621600,,
0,0,,0.411095,0.010101,0.015326,0.001473,0.145028,0.101837,0.083344,0.020826,0.149555,0.061414,,1652700,,
0,0,,0.345074,0.074426,0.016029,0.001952,0.11447,0.146102,0.039753,0.078586,0.135834,0.047775,,1625000,,
0,0,,0.413807,0.00933,0.01392,0.001482,0.193767,0.102491,0.075734,0.020541,0.127365,0.041563,,1698800,,
0,0,,0.361404,0.01,0.016106,0.000924,0.155633,0.10346,0.148198,0.020038,0.151029,0.033209,,1612000,,
0,0,,0.433807,0.00933,0.01392,0.001482,0.173767,0.102491,0.075734,0.020541,0.127365,0.041563,,1650000,,
0,0,,0.295121,0.015559,0.028386,0.001314,0.071655,0.095266,0.254361,0.02146,0.15637,0.060508,,1625800,,
0,0,,0.342273,0.032723,0.023661,0.027941,0.155569,0.130444,0.060581,0.038408,0.146759,0.041642,,1734600,,
0,0,,0.365466,0.040773,0.01564,0.002136,0.141933,0.116658,0.062424,0.03901,0.124614,0.091345,,1733700,,
0,0,,0.234125,0.122996,0.04467,0.016414,0.079326,0.156402,0.023293,0.10363,0.115768,0.103376,,1632400,,
0,0,,0.281862,0.126805,0.042147,0.016366,0.059576,0.14088,0.023721,0.104111,0.140977,0.063555,,1635700,,
0,0,,0.335489,0.009735,0.016496,0.000907,0.149421,0.1031,0.185881,0.019301,0.148457,0.031215,,1635100,,
0,0,,0.294866,0.015702,0.028386,0.001314,0.072196,0.095159,0.249301,0.021098,0.141737,0.08024,,1715500,,
0,0,,0.331563,0.047188,0.01564,0.002118,0.12886,0.145142,0.039573,0.065081,0.150508,0.074328,,1646700,,
0,2,,0.069644,0.142731,0.185348,0.049243,0.032418,0.141126,0.128908,0.111349,0.081579,0.057655,,1642100,,
0,0,,0.376397,0.009877,0.016496,0.000907,0.149886,0.1031,0.162377,0.019529,0.130254,0.031177,,1642000,,
0,0,,0.320767,0.042077,0.018452,0.002026,0.152325,0.153293,0.057626,0.05947,0.129653,0.06431,,1880400,,
0,0,,0.342273,0.032723,0.023661,0.027941,0.155569,0.110444,0.080581,0.038408,0.126759,0.061642,,1629900,,
0,0,,0.355215,0.070387,0.021429,0.009373,0.096381,0.136801,0.023641,0.098073,0.118209,0.070491,,1633800,,
0,0,,0.391417,0.010244,0.015326,0.00096,0.167126,0.104182,0.11984,0.021054,0.132577,0.037274,,1691600,,
0,0,,0.41276,0.020818,0.01564,0.002136,0.165229,0.112437,0.045329,0.05294,0.102301,0.070409,,2487600,,
0,0,,0.323488,0.01279,0.025574,0.001314,0.094103,0.09962,0.254117,0.020201,0.137007,0.031787,,2651900,,
0,0,,0.391299,0.009067,0.011656,0.001152,0.207692,0.107977,0.06055,0.020997,0.143032,0.046577,,1627000,,
0,0,,0.413807,0.00933,0.01392,0.001482,0.173767,0.102491,0.075734,0.020541,0.127365,0.061563,,1644600,,
0,0,,0.431299,0.009067,0.011656,0.001152,0.187692,0.107977,0.06055,0.020997,0.103032,0.066577,,1741700,,
0,0,,0.348061,0.042123,0.018452,0.002026,0.155621,0.149071,0.060531,0.0534,0.10734,0.063375,,1708600,,
0,0,,0.311496,0.009702,0.0184,0.00118,0.145236,0.100242,0.194448,0.021955,0.164836,0.032504,,1614600,,
0,0,,0.380375,0.05573,0.018841,0.001842,0.104862,0.122737,0.054955,0.059045,0.140873,0.06074,,1612200,,
0,0,,0.413807,0.00933,0.01392,0.001482,0.193767,0.102491,0.075734,0.020541,0.127365,0.041563,,2024000,,
0,0,,0.295121,0.015559,0.028386,0.001314,0.071655,0.095266,0.254361,0.02146,0.15637,0.060508,,2073600,,
0,0,,0.303742,0.012648,0.025574,0.001314,0.093562,0.099727,0.239176,0.020563,0.15164,0.052055,,2053700,,
0,0,,0.385466,0.020773,0.01564,0.002136,0.161933,0.116658,0.042424,0.05901,0.124614,0.071345,,2095800,,
0,0,,0.331563,0.067188,0.01564,0.002118,0.12886,0.165142,0.039573,0.065081,0.130508,0.054328,,1979500,,
0,0,,0.413221,0.00933,0.01392,0.000969,0.175399,0.084836,0.075734,0.020541,0.168589,0.037461,,2104500,,
0,0,,0.378405,0.043885,0.009473,0.003094,0.111302,0.12765,0.036985,0.053202,0.142379,0.093625,,1994700,,
0,0,,0.384856,0.042386,0.020715,0.002356,0.123328,0.146443,0.075715,0.052944,0.112897,0.03836,,2103500,,
0,0,,0.402933,0.022123,0.018452,0.002539,0.155621,0.109584,0.060531,0.0534,0.12734,0.047477,,1977200,,
0,0,,0.371672,0.010101,0.015326,0.00096,0.166585,0.104289,0.104899,0.021416,0.16721,0.037542,,1982500,,
0,0,,0.402933,0.022123,0.018452,0.002539,0.155621,0.109584,0.060531,0.0534,0.12734,0.047477,,1922700,,
0,0,,0.338212,0.067188,0.01564,0.002136,0.138692,0.16085,0.039537,0.058756,0.125574,0.053414,,1626200,,
0,0,,0.29716,0.010973,0.021212,0.00118,0.104306,0.078639,0.189633,0.022525,0.230791,0.043581,,1664300,,
0,0,,0.345466,0.040773,0.01564,0.002136,0.161933,0.116658,0.042424,0.05901,0.124614,0.091345,,1614500,,
0,0,,0.331241,0.009844,0.0184,0.00118,0.125778,0.100135,0.189389,0.021594,0.150204,0.052236,,1805000,,
0,0,,0.264985,0.119589,0.041801,0.024609,0.06593,0.124027,0.020954,0.105308,0.146032,0.086764,,1636200,,
0,0,,0.371563,0.047188,0.01564,0.002118,0.12886,0.125142,0.039573,0.045081,0.150508,0.074328,,1620300,,
0,0,,0.331245,0.062986,0.017261,0.00922,0.122487,0.11206,0.027755,0.088935,0.110628,0.117422,,1614000,,
0,0,,0.413221,0.00933,0.01392,0.000969,0.195399,0.104836,0.075734,0.020541,0.128589,0.037461,,1943400,,
0,0,,0.381483,0.013757,0.027331,0.027748,0.114537,0.106649,0.083375,0.058237,0.154506,0.032376,,1632300,,
0,0,,0.411299,0.009067,0.011656,0.001152,0.207692,0.107977,0.06055,0.020997,0.123032,0.046577,,1626800,,
0,0,,0.441712,0.007762,0.008844,0.001263,0.195667,0.108485,0.045348,0.020537,0.096769,0.073612,,1620500,,
0,0,,0.375639,0.022077,0.018452,0.002539,0.152325,0.113806,0.057626,0.05947,0.149653,0.048413,,1792400,,
0,6,,0.172291,0.08144,0.152126,0.027655,0.046836,0.101424,0.181407,0.07706,0.090877,0.068884,,1815900,,
0,0,,0.340767,0.042077,0.018452,0.002026,0.132325,0.153293,0.057626,0.05947,0.129653,0.06431,,1857100,,
0,0,,0.303742,0.012648,0.025574,0.001314,0.093562,0.099727,0.219176,0.020563,0.17164,0.052055,,1798200,,
0,0,,0.295215,0.110387,0.021429,0.009373,0.096381,0.176801,0.023641,0.078073,0.138209,0.050491,,1766000,,
0,6,,0.172291,0.12144,0.132126,0.027655,0.046836,0.101424,0.181407,0.07706,0.090877,0.048884,,1616200,,
0,0,,0.393221,0.00933,0.01392,0.000969,0.195399,0.104836,0.075734,0.020541,0.148589,0.037461,,1640400,,
0,0,,0.286891,0.017342,0.028395,0.008342,0.073769,0.092887,0.250359,0.020623,0.135978,0.085413,,1730800,,
0,0,,0.260461,0.034533,0.065978,0.010507,0.070818,0.092258,0.234361,0.021275,0.125494,0.084314,,1617700,,
0,0,,0.431885,0.009067,0.011656,0.001665,0.18606,0.105633,0.06055,0.020997,0.121808,0.05068,,1605300,,
0,0,,0.394384,0.00933,0.01392,0.000969,0.195324,0.104943,0.077289,0.021131,0.145019,0.037691,,1677000,,
0,0,,0.351563,0.047188,0.01564,0.002118,0.12886,0.125142,0.059573,0.045081,0.130508,0.094328,,1677600,,
0,0,,0.333134,0.066315,0.019311,0.002373,0.095075,0.132989,0.046329,0.071872,0.1636,0.069002,,1598500,,
0,0,,0.331241,0.009844,0.0184,0.00118,0.145778,0.100135,0.189389,0.021594,0.150204,0.032236,,1601300,,
0,0,,0.370509,0.010101,0.015326,0.00096,0.166661,0.084182,0.103344,0.020826,0.190779,0.037312,,1671000,,
0,0,,0.275121,0.015559,0.028386,0.001314,0.071655,0.095266,0.234361,0.02146,0.19637,0.060508,,1627800,,
0,0,,0.384856,0.022386,0.020715,0.002356,0.163328,0.106443,0.075715,0.052944,0.132897,0.03836,,1599000,,
0,0,,0.254866,0.015702,0.028386,0.001314,0.072196,0.095159,0.249301,0.021098,0.201737,0.06024,,1597700,,
0,0,,0.374384,0.00933,0.01392,0.000969,0.175324,0.104943,0.077289,0.021131,0.165019,0.057691,,1706700,,
0,0,,0.384387,0.010282,0.016496,0.000943,0.133887,0.104903,0.165917,0.019812,0.130108,0.033263,,1601800,,
0,0,,0.362933,0.042123,0.018452,0.002539,0.155621,0.129584,0.060531,0.0534,0.12734,0.047477,,2180400,,
0,0,,0.391299,0.009067,0.011656,0.001152,0.207692,0.087977,0.06055,0.020997,0.163032,0.046577,,2020300,,
0,0,,0.356652,0.009735,0.016496,0.000907,0.149345,0.103207,0.147436,0.019891,0.164887,0.031445,,1962300,,
0,0,,0.260549,0.029417,0.054151,0.007646,0.068549,0.095983,0.22039,0.032599,0.146136,0.084579,,1974000,,
0,0,,0.30327,0.064621,0.017261,0.016491,0.122422,0.110704,0.029442,0.088298,0.104936,0.142556,,1983900,,
0,0,,0.211391,0.054907,0.052399,0.01708,0.102503,0.149669,0.117182,0.030781,0.148902,0.115185,,2199000,,
0,0,,0.311241,0.009844,0.0184,0.00118,0.145778,0.100135,0.209389,0.021594,0.150204,0.032236,,1971900,,
0,0,,0.269152,0.014062,0.028386,0.001314,0.073173,0.098016,0.249301,0.020771,0.202962,0.042863,,1990200,,
0,0,,0.336652,0.009735,0.016496,0.000907,0.149345,0.103207,0.187436,0.019891,0.144887,0.031445,,2038500,,
0,0,,0.433807,0.00933,0.01392,0.001482,0.173767,0.102491,0.075734,0.020541,0.127365,0.041563,,1997700,,
0,0,,0.372258,0.010101,0.015326,0.001473,0.184952,0.101945,0.104899,0.021416,0.145985,0.041645,,1971400,,
0,0,,0.336652,0.009735,0.016496,0.000907,0.149345,0.103207,0.167436,0.019891,0.164887,0.031445,,2059300,,
0,0,,0.393807,0.00933,0.01392,0.001482,0.173767,0.102491,0.075734,0.020541,0.127365,0.081563,,1974700,,
0,0,,0.283742,0.012648,0.025574,0.001314,0.093562,0.099727,0.239176,0.020563,0.19164,0.032055,,1984400,,
0,0,,0.295121,0.015559,0.048386,0.001314,0.071655,0.095266,0.214361,0.02146,0.15637,0.080508,,2045600,,
0,0,,0.388061,0.022123,0.018452,0.002026,0.155621,0.109071,0.060531,0.0534,0.12734,0.063375,,2022400,,
0,0,,0.368061,0.042123,0.018452,0.002026,0.135621,0.149071,0.060531,0.0534,0.10734,0.063375,,1985600,,
0,0,,0.199902,0.144191,0.043144,0.039093,0.056249,0.126954,0.020797,0.105795,0.168202,0.095673,,1979200,,
0,0,,0.33413,0.009472,0.01392,0.000969,0.175865,0.084836,0.09223,0.020769,0.170387,0.097423,,2070700,,
0,0,,0.316397,0.009877,0.016496,0.000907,0.149886,0.1031,0.162377,0.019529,0.170254,0.051177,,1975700,,
0,0,,0.381658,0.009857,0.016106,0.000924,0.155092,0.103568,0.133257,0.020399,0.145661,0.033477,,1964200,,
0,0,,0.376652,0.009735,0.016496,0.000907,0.149345,0.103207,0.147436,0.019891,0.144887,0.031445,,2037500,,
0,0,,0.391672,0.010101,0.015326,0.00096,0.166585,0.104289,0.104899,0.021416,0.14721,0.037542,,1995000,,
0,0,,0.402144,0.023158,0.022122,0.002346,0.134589,0.105789,0.083326,0.053229,0.135087,0.038211,,2000000,,
0,0,,0.391885,0.009067,0.011656,0.001665,0.20606,0.125633,0.06055,0.020997,0.121808,0.05068,,1994200,,
0,0,,0.302961,0.06501,0.016498,0.00197,0.104683,0.175842,0.031127,0.091413,0.118561,0.091934,,2056400,,
0,0,,0.286489,0.009579,0.01879,0.001162,0.11949,0.099882,0.188627,0.021447,0.204062,0.050472,,1980400,,
0,0,,0.391563,0.047188,0.01564,0.002118,0.12886,0.125142,0.039573,0.045081,0.130508,0.074328,,1967900,,
0,6,,0.220205,0.068921,0.083441,0.021016,0.060108,0.102062,0.228782,0.027732,0.098108,0.089624,,2046500,,
0,0,,0.277883,0.108591,0.040385,0.023569,0.07763,0.121576,0.020777,0.102115,0.138253,0.089221,,1967900,,
0,0,,0.371672,0.010101,0.015326,0.00096,0.166585,0.104289,0.104899,0.021416,0.16721,0.037542,,2010100,,
0,0,,0.405466,0.020773,0.01564,0.002136,0.141933,0.116658,0.042424,0.05901,0.124614,0.071345,,2013700,,
0,0,,0.331241,0.009844,0.0184,0.00118,0.125778,0.100135,0.189389,0.021594,0.150204,0.052236,,1638500,,
0,0,,0.348061,0.042123,0.018452,0.002026,0.155621,0.149071,0.060531,0.0534,0.10734,0.063375,,1636700,,
0,0,,0.365074,0.054426,0.016029,0.001952,0.11447,0.126102,0.059753,0.058586,0.135834,0.067775,,1607300,,
0,0,,0.286891,0.017342,0.048395,0.008342,0.073769,0.092887,0.230359,0.020623,0.135978,0.085413,,1604900,,
0,0,,0.248124,0.047701,0.073161,0.021016,0.060752,0.10654,0.203733,0.027799,0.103994,0.10718,,1608700,,
0,0,,0.411299,0.009067,0.011656,0.001152,0.207692,0.107977,0.06055,0.020997,0.123032,0.046577,,1592300,,
0,0,,0.364856,0.042386,0.020715,0.002356,0.143328,0.146443,0.075715,0.052944,0.112897,0.03836,,1599600,,
0,0,,0.431095,0.010101,0.015326,0.001473,0.165028,0.101837,0.083344,0.020826,0.129555,0.041414,,1710000,,
0,0,,0.431095,0.010101,0.015326,0.001473,0.165028,0.101837,0.083344,0.020826,0.129555,0.041414,,1597200,,
0,0,,0.344074,0.01279,0.025574,0.001826,0.092471,0.097275,0.234117,0.020201,0.135783,0.035889,,1681700,,
0,0,,0.335215,0.070387,0.021429,0.009373,0.096381,0.136801,0.023641,0.078073,0.158209,0.070491,,1625100,,
0,0,,0.364856,0.042386,0.020715,0.002356,0.143328,0.146443,0.075715,0.052944,0.112897,0.03836,,1757100,,
0,0,,0.433807,0.00933,0.01392,0.001482,0.173767,0.082491,0.075734,0.020541,0.147365,0.041563,,1616700,,
0,0,,0.342961,0.06501,0.016498,0.00197,0.104683,0.135842,0.031127,0.071413,0.158561,0.071934,,1657800,,
0,0,,0.371672,0.010101,0.015326,0.00096,0.166585,0.104289,0.104899,0.021416,0.16721,0.037542,,1617900,,
0,0,,0.303488,0.01279,0.025574,0.001314,0.094103,0.09962,0.254117,0.020201,0.137007,0.051787,,1663100,,
0,0,,0.295121,0.015559,0.028386,0.001314,0.071655,0.095266,0.234361,0.02146,0.17637,0.060508,,1721100,,
0,0,,0.408061,0.022123,0.018452,0.002026,0.135621,0.109071,0.060531,0.0534,0.12734,0.063375,,1659400,,
0,0,,0.216238,0.045006,0.037139,0.030867,0.08163,0.100862,0.185406,0.106187,0.142337,0.054328,,1679800,,
0,0,,0.41276,0.020818,0.01564,0.002136,0.165229,0.112437,0.045329,0.05294,0.102301,0.070409,,1623100,,
0,0,,0.362961,0.06501,0.016498,0.00197,0.104683,0.135842,0.031127,0.071413,0.138561,0.071934,,1642900,,
0,0,,0.331563,0.067188,0.01564,0.002118,0.12886,0.165142,0.039573,0.065081,0.130508,0.054328,,1846400,,
0,0,,0.348061,0.042123,0.018452,0.002026,0.155621,0.149071,0.060531,0.0534,0.10734,0.063375,,1609300,,
0,0,,0.405466,0.020773,0.01564,0.002136,0.141933,0.116658,0.042424,0.05901,0.124614,0.071345,,1630000,,
0,0,,0.356052,0.019046,0.011896,0.002035,0.182926,0.107958,0.062105,0.048492,0.144436,0.065053,,1602100,,
0,0,,0.212848,0.068445,0.102353,0.027292,0.050536,0.112955,0.18858,0.064313,0.102991,0.069688,,1619700,,
0,0,,0.403518,0.025167,0.011896,0.003681,0.155694,0.10694,0.06065,0.02827,0.132926,0.071258,,1699900,,
0,0,,0.423518,0.025167,0.011896,0.003681,0.155694,0.10694,0.06065,0.02827,0.112926,0.071258,,2058800,,
0,0,,0.323742,0.012648,0.025574,0.001314,0.093562,0.099727,0.239176,0.020563,0.15164,0.032055,,2022800,,
0,0,,0.375639,0.042077,0.018452,0.002539,0.152325,0.113806,0.057626,0.03947,0.149653,0.048413,,2080500,,
0,0,,0.372462,0.009067,0.011656,0.001152,0.187617,0.108084,0.062105,0.021587,0.159463,0.066808,,2007300,,
0,0,,0.336397,0.009877,0.016496,0.000907,0.149886,0.1031,0.182377,0.019529,0.150254,0.031177,,2028300,,
0,0,,0.325466,0.040773,0.01564,0.002136,0.161933,0.156658,0.042424,0.05901,0.124614,0.071345,,1982700,,
0,0,,0.283488,0.01279,0.025574,0.001314,0.094103,0.09962,0.254117,0.020201,0.157007,0.051787,,2116700,,
0,0,,0.351672,0.010101,0.015326,0.00096,0.166585,0.104289,0.104899,0.021416,0.16721,0.057542,,2004200,,
0,0,,0.410509,0.010101,0.015326,0.00096,0.166661,0.104182,0.083344,0.020826,0.150779,0.037312,,2023400,,
0,0,,0.336397,0.009877,0.016496,0.000907,0.149886,0.1031,0.182377,0.019529,0.150254,0.031177,,2074100,,
0,0,,0.294131,0.033596,0.020704,0.017327,0.143263,0.108091,0.068134,0.051898,0.128318,0.134537,,2146500,,
0,0,,0.249675,0.016933,0.064636,0.014891,0.141235,0.1539,0.066357,0.056357,0.132803,0.103211,,1986800,,
0,0,,0.411299,0.009067,0.011656,0.001152,0.207692,0.107977,0.06055,0.020997,0.123032,0.046577,,1970500,,
0,0,,0.311241,0.009844,0.0184,0.00118,0.145778,0.100135,0.209389,0.021594,0.150204,0.032236,,2108500,,
0,0,,0.385466,0.020773,0.01564,0.002136,0.141933,0.116658,0.042424,0.05901,0.144614,0.071345,,2008700,,
0,0,,0.413221,0.00933,0.01392,0.000969,0.195399,0.104836,0.075734,0.020541,0.128589,0.037461,,2275700,,
0,0,,0.378297,0.010436,0.021555,0.007722,0.130425,0.104708,0.131751,0.051723,0.133624,0.02976,,2087000,,
1,3,,0.040485,0.154831,0.182545,0.192083,0.009689,0.110979,0.008186,0.133042,0.072672,0.095489,,1963700,,
1,2,,0.098575,0.129503,0.253425,0.026727,0.041952,0.067212,0.172678,0.097362,0.06233,0.050237,,1996000,,
1,1,,0.098324,0.235182,0.067504,0.118187,0.028773,0.134639,0.008601,0.064937,0.085069,0.158783,,2268100,,
1,2,,0.042882,0.116922,0.169021,0.161918,0.006237,0.099806,0.079349,0.105893,0.126268,0.091704,,1811600,,
1,2,,0.040432,0.24136,0.260049,0.096735,0.011025,0.050642,0.081681,0.124147,0.057171,0.036757,,1660800,,
1,2,,0.060507,0.205702,0.226401,0.080619,0.022946,0.050285,0.120061,0.117411,0.070452,0.045616,,1859100,,
1,9,,0.121956,0.169806,0.078901,0.087547,0.053938,0.121504,0.011129,0.069559,0.095191,0.190469,,1705900,,
1,1,,0.169453,0.179719,0.041159,0.048107,0.125924,0.127747,0.034745,0.084848,0.077642,0.110656,,1739100,,
1,1,,0.040676,0.229926,0.132597,0.208991,0.011636,0.120106,0.006687,0.095917,0.044067,0.109396,,1619400,,
1,9,,0.109791,0.166442,0.09134,0.080891,0.062239,0.100545,0.018615,0.081473,0.092804,0.195859,,1630300,,
1,2,,0.06134,0.167938,0.224553,0.058417,0.027869,0.072274,0.126107,0.12167,0.070969,0.068864,,1616100,,
1,1,,0.041558,0.221232,0.140182,0.150741,0.015206,0.108358,0.007909,0.116011,0.071547,0.127256,,1741300,,
1,2,,0.06028,0.187257,0.195155,0.086233,0.031744,0.073647,0.124901,0.098206,0.069807,0.072771,,1646900,,
1,1,,0.104575,0.214324,0.060693,0.062708,0.072567,0.142251,0.006417,0.126607,0.084862,0.124996,,1638600,,
1,1,,0.041266,0.253053,0.13465,0.170148,0.015502,0.104044,0.004713,0.119746,0.053619,0.10326,,1689800,,
1,1,,0.044446,0.223375,0.182294,0.215648,0.007293,0.065635,0.009643,0.109458,0.062077,0.080132,,1728900,,
1,9,,0.067638,0.164729,0.102308,0.151824,0.012308,0.101637,0.010287,0.11218,0.078508,0.198581,,1706900,,
1,9,,0.102041,0.170372,0.108959,0.095023,0.049001,0.104425,0.010465,0.086637,0.076596,0.19648,,1643400,,
1,1,,0.041206,0.230096,0.122722,0.182087,0.010633,0.106816,0.009818,0.079027,0.062184,0.155411,,1636400,,
1,6,,0.068387,0.086016,0.096376,0.139244,0.01975,0.1226,0.202853,0.056102,0.108829,0.099844,,1610900,,
1,3,,0.053951,0.150041,0.151575,0.169563,0.017532,0.112063,0.083329,0.109041,0.070079,0.082826,,1725700,,
1,3,,0.03984,0.137071,0.188749,0.194458,0.009146,0.118927,0.008478,0.141205,0.071325,0.0908,,1630100,,
1,3,,0.038818,0.086187,0.180548,0.196439,0.0054,0.092799,0.051883,0.104811,0.118659,0.124457,,1614200,,
1,1,,0.05084,0.241332,0.116349,0.119107,0.013742,0.103617,0.009101,0.127101,0.102702,0.116108,,1598400,,
1,1,,0.117683,0.215762,0.029237,0.069162,0.084318,0.138456,0.015603,0.102506,0.09321,0.134063,,1802400,,
1,1,,0.102055,0.186515,0.123747,0.144053,0.005822,0.087866,0.008757,0.100897,0.128373,0.111915,,1626200,,
1,9,,0.148612,0.135538,0.089197,0.094315,0.053251,0.106439,0.018181,0.078084,0.077174,0.199208,,1788300,,
1,2,,0.041179,0.153443,0.165969,0.164204,0.006326,0.1047,0.011063,0.13124,0.084525,0.137351,,1642700,,
1,3,,0.040614,0.15401,0.158106,0.210787,0.003099,0.093369,0.007603,0.115364,0.127701,0.089346,,1721300,,
1,1,,0.029805,0.309873,0.21447,0.09453,0.007074,0.096011,0.057653,0.093551,0.06093,0.036102,,1634100,,
1,1,,0.047626,0.223327,0.094593,0.146819,0.012178,0.112845,0.011787,0.066825,0.084761,0.199237,,1661700,,
1,3,,0.041296,0.15909,0.149008,0.207343,0.015249,0.110219,0.008006,0.122722,0.079483,0.107583,,1630000,,
1,2,,0.098603,0.148685,0.227282,0.01923,0.056989,0.065839,0.173734,0.076696,0.062061,0.070882,,1651100,,
1,2,,0.06028,0.167257,0.255155,0.086233,0.031744,0.053647,0.124901,0.098206,0.049807,0.072771,,1734100,,
1,1,,0.045405,0.24463,0.173861,0.081599,0.014494,0.084093,0.117249,0.05932,0.09025,0.089099,,1645300,,
1,1,,0.083964,0.22977,0.071668,0.110563,0.035527,0.11933,0.008012,0.082759,0.085517,0.172889,,1743800,,
1,1,,0.061759,0.252175,0.080713,0.122524,0.027623,0.110454,0.007199,0.072474,0.076774,0.188307,,1677600,,
1,1,,0.080583,0.190773,0.112999,0.137519,0.027568,0.081554,0.007144,0.106529,0.066597,0.188733,,1792200,,
1,1,,0.071567,0.217623,0.0856,0.094928,0.037814,0.129164,0.00988,0.094258,0.091165,0.168,,1646000,,
1,2,,0.078424,0.194866,0.196166,0.041839,0.030509,0.073842,0.142177,0.114281,0.081338,0.046558,,1626500,,
1,2,,0.040651,0.154565,0.189106,0.170534,0.003063,0.105929,0.007822,0.097136,0.144008,0.087186,,1630300,,
1,1,,0.076447,0.178033,0.165898,0.049098,0.078716,0.080178,0.126376,0.095743,0.074509,0.075,,1622700,,
1,3,,0.039823,0.135533,0.202954,0.203073,0.003092,0.082183,0.029952,0.107361,0.112899,0.08313,,1754500,,
1,1,,0.061347,0.223973,0.184441,0.058836,0.031744,0.092273,0.125678,0.097981,0.070862,0.052865,,1699500,,
1,9,,0.129051,0.148276,0.07303,0.092815,0.074709,0.108924,0.005935,0.13801,0.069099,0.160151,,1651600,,
1,2,,0.068276,0.186571,0.205165,0.080599,0.023049,0.07449,0.120442,0.121424,0.076284,0.043698,,1714700,,
1,1,,0.117611,0.204302,0.089873,0.102554,0.024528,0.113479,0.009111,0.074025,0.113071,0.151447,,1692500,,
1,3,,0.04138,0.165085,0.136944,0.220801,0.010621,0.109055,0.007737,0.107203,0.060665,0.140508,,1621200,,
1,1,,0.070435,0.232421,0.136176,0.103399,0.008724,0.112093,0.009538,0.127235,0.091078,0.1089,,1654100,,
1,3,,0.040874,0.158274,0.176707,0.200357,0.00407,0.08052,0.027676,0.097029,0.121716,0.092777,,1622900,,
1,2,,0.040651,0.154565,0.189106,0.170534,0.003063,0.105929,0.027822,0.097136,0.124008,0.087186,,1725900,,
1,6,,0.072138,0.150749,0.144162,0.033827,0.081684,0.08781,0.189944,0.050751,0.076526,0.11241,,1664500,,
1,1,,0.062596,0.249031,0.179851,0.022922,0.08116,0.066889,0.141901,0.078835,0.049058,0.067757,,1628600,,
1,2,,0.037462,0.177739,0.304632,0.093975,0.007164,0.053078,0.0536,0.180285,0.038359,0.053707,,1617400,,
1,9,,0.136706,0.175231,0.053831,0.058586,0.071058,0.126181,0.0214,0.062796,0.081735,0.212475,,2152200,,
1,2,,0.066191,0.204245,0.237802,0.044754,0.032495,0.049197,0.164075,0.082278,0.053299,0.065665,,1632200,,
1,1,,0.07147,0.218261,0.140587,0.014489,0.06131,0.108618,0.167696,0.048155,0.077262,0.092151,,1658700,,
1,2,,0.06419,0.137141,0.24874,0.078883,0.025345,0.050567,0.143927,0.115652,0.073087,0.062469,,1617800,,
1,1,,0.144232,0.190697,0.028664,0.062123,0.091672,0.139635,0.01563,0.099342,0.093887,0.134118,,1630300,,
1,2,,0.068292,0.191829,0.223266,0.064267,0.028176,0.076052,0.126243,0.098562,0.075223,0.04809,,1750000,,
1,9,,0.129703,0.139085,0.093128,0.086838,0.057303,0.103537,0.019176,0.081478,0.096059,0.193694,,1630000,,
1,2,,0.040745,0.164158,0.277548,0.095538,0.009596,0.057297,0.075787,0.161464,0.063616,0.054252,,1701200,,
1,1,,0.090418,0.186861,0.134874,0.11013,0.004597,0.115103,0.010098,0.105858,0.091363,0.150698,,1609900,,
1,3,,0.065507,0.074704,0.144629,0.144903,0.024073,0.108876,0.132382,0.08787,0.10557,0.111486,,1697900,,
1,1,,0.096354,0.173962,0.10051,0.109162,0.00645,0.112287,0.011182,0.124772,0.098873,0.166448,,1638700,,
1,1,,0.103965,0.204426,0.070827,0.117256,0.03059,0.122322,0.008573,0.081338,0.086033,0.17467,,1618800,,
1,3,,0.049984,0.16152,0.113175,0.174649,0.02635,0.091178,0.008695,0.128297,0.078365,0.167789,,1614000,,
1,1,,0.124152,0.198597,0.052629,0.108877,0.048473,0.128671,0.006946,0.094297,0.074753,0.162606,,1736300,,
1,6,,0.067838,0.071572,0.169003,0.113035,0.019732,0.138557,0.182736,0.07398,0.062877,0.10067,,1637800,,
1,2,,0.040874,0.156264,0.189052,0.185642,0.005893,0.100489,0.008965,0.133801,0.081847,0.097174,,1635700,,
1,6,,0.068387,0.066016,0.116376,0.139244,0.01975,0.1026,0.202853,0.056102,0.108829,0.119844,,1642100,,
1,3,,0.040614,0.184746,0.170961,0.189515,0.004797,0.091745,0.007405,0.113212,0.12781,0.069194,,1739200,,
1,1,,0.040851,0.257471,0.132506,0.137296,0.027455,0.078065,0.005175,0.088187,0.07358,0.159414,,1628400,,
1,1,,0.059693,0.253574,0.118976,0.137259,0.02753,0.078028,0.004844,0.107673,0.073522,0.1389,,1719800,,
1,1,,0.104505,0.225052,0.082503,0.081237,0.088707,0.113901,0.018928,0.049167,0.075226,0.160776,,1657600,,
1,2,,0.058114,0.161215,0.255764,0.093731,0.01209,0.078454,0.092295,0.123438,0.071691,0.053209,,1703100,,
1,2,,0.028082,0.214357,0.29512,0.097658,0.005539,0.069299,0.032889,0.142569,0.057248,0.057239,,1622800,,
1,2,,0.082502,0.135655,0.236455,0.082822,0.028315,0.104514,0.113258,0.104844,0.064109,0.047526,,1612300,,
1,2,,0.045935,0.164744,0.270751,0.1156,0.009295,0.07368,0.067839,0.150801,0.047744,0.053612,,1610500,,
1,0,,0.178673,0.177475,0.018269,0.018229,0.134325,0.137257,0.042376,0.091208,0.091076,0.111111,,1623000,,
1,1,,0.052633,0.234752,0.20434,0.10834,0.018519,0.051244,0.112213,0.100418,0.0695,0.048041,,1811200,,
1,1,,0.072811,0.197602,0.129025,0.130815,0.060359,0.086543,0.04911,0.103705,0.072695,0.097335,,1611400,,
1,3,,0.040908,0.175271,0.137356,0.202128,0.010102,0.112182,0.008236,0.121937,0.083979,0.107902,,1651400,,
1,2,,0.041145,0.152258,0.221262,0.163697,0.00719,0.102956,0.007593,0.137424,0.080677,0.085797,,1624800,,
1,9,,0.147565,0.156845,0.072268,0.087805,0.072274,0.114757,0.022422,0.054713,0.066103,0.205248,,1617400,,
1,2,,0.037822,0.225722,0.246732,0.09555,0.007276,0.062302,0.05293,0.153293,0.061362,0.057011,,1702700,,
1,2,,0.071725,0.123947,0.20751,0.078772,0.02649,0.091577,0.143951,0.115501,0.078467,0.062059,,1619000,,
1,1,,0.04246,0.234062,0.136185,0.110427,0.010298,0.109821,0.010596,0.12676,0.105319,0.114072,,1626000,,
1,3,,0.040891,0.169711,0.136054,0.228859,0.005974,0.095191,0.008796,0.12056,0.084263,0.1097,,1645900,,
1,3,,0.054033,0.083703,0.145221,0.147914,0.012455,0.111014,0.143327,0.080194,0.105676,0.116463,,1693100,,
1,1,,0.097845,0.230531,0.054845,0.095397,0.087639,0.119516,0.005807,0.098763,0.073454,0.136202,,1640400,,
1,2,,0.081758,0.124866,0.196156,0.04164,0.033747,0.092728,0.165086,0.115669,0.084537,0.063814,,1791300,,
1,2,,0.070348,0.204424,0.21508,0.04344,0.030057,0.051311,0.161292,0.10186,0.077011,0.045178,,2281900,,
1,6,,0.078955,0.135281,0.143669,0.017454,0.073802,0.1065,0.235121,0.057738,0.086336,0.065145,,2157200,,
1,2,,0.041052,0.163946,0.179076,0.171825,0.009478,0.114452,0.008204,0.14015,0.082109,0.089709,,1637100,,
1,1,,0.032714,0.23971,0.172336,0.166503,0.011561,0.076453,0.006662,0.145176,0.045421,0.103464,,1637800,,
1,1,,0.040662,0.255139,0.232722,0.125433,0.008416,0.114668,0.006161,0.115558,0.051347,0.049894,,1699400,,
1,2,,0.037694,0.229396,0.259741,0.115868,0.011151,0.082302,0.052568,0.10964,0.040761,0.060879,,1616800,,
1,1,,0.041695,0.192329,0.115428,0.147751,0.010324,0.095731,0.011928,0.087986,0.113623,0.183205,,1716500,,
1,1,,0.170953,0.192848,0.025217,0.025787,0.140916,0.122946,0.046439,0.081131,0.076631,0.117131,,1618800,,
1,1,,0.102153,0.181734,0.096231,0.117723,0.023283,0.104012,0.008302,0.106568,0.08331,0.176683,,1698500,,
1,6,,0.082753,0.060348,0.101959,0.068701,0.057112,0.161631,0.223336,0.047962,0.1028,0.093398,,1649300,,
1,1,,0.049107,0.20943,0.092792,0.197005,0.012972,0.083946,0.053749,0.076838,0.101155,0.123007,,1972600,,
1,1,,0.079271,0.213182,0.068519,0.033822,0.109555,0.097917,0.152358,0.047434,0.074301,0.123641,,1651800,,
1,1,,0.070816,0.211503,0.091183,0.102851,0.030153,0.128304,0.011163,0.075517,0.103458,0.175051,,1689100,,
1,2,,0.032838,0.200279,0.207291,0.177515,0.011288,0.102682,0.006904,0.102188,0.064778,0.094237,,1653000,,
1,2,,0.077766,0.17049,0.217773,0.041561,0.035191,0.070711,0.167875,0.092867,0.082095,0.043673,,1616600,,
1,1,,0.096265,0.171949,0.103139,0.108416,0.00645,0.112287,0.011182,0.126199,0.101612,0.162502,,1983800,,
1,2,,0.027621,0.238895,0.265377,0.111253,0.005745,0.054219,0.006935,0.183815,0.041798,0.064343,,1655500,,
1,1,,0.090711,0.196676,0.093021,0.102279,0.025901,0.089721,0.010238,0.076642,0.126458,0.188354,,1666000,,
1,1,,0.04566,0.236814,0.092773,0.096468,0.030981,0.122124,0.017577,0.090351,0.112923,0.15433,,2226400,,
1,3,,0.032827,0.166014,0.133062,0.243279,0.007548,0.088491,0.010167,0.07286,0.109692,0.136061,,1701400,,
1,1,,0.121324,0.204333,0.071185,0.085753,0.08552,0.1135,0.005978,0.063187,0.07442,0.1748,,1616600,,
1,2,,0.068206,0.180079,0.211261,0.100863,0.027071,0.074615,0.120053,0.113525,0.054701,0.049626,,1733800,,
1,1,,0.041653,0.280684,0.105374,0.14604,0.017354,0.090906,0.006428,0.09956,0.073565,0.138437,,1619700,,
1,9,,0.094188,0.179664,0.101735,0.124785,0.019662,0.102816,0.010314,0.089017,0.079185,0.198636,,1627800,,
1,9,,0.145067,0.177945,0.048501,0.058242,0.090611,0.124341,0.020762,0.069815,0.083805,0.180911,,1626200,,
1,1,,0.062359,0.195337,0.104493,0.109819,0.006045,0.111309,0.010894,0.12796,0.124692,0.147092,,1611600,,
1,2,,0.098866,0.15487,0.246506,0.026764,0.041056,0.050532,0.173009,0.096692,0.061798,0.049906,,1698100,,
1,6,,0.10309,0.079018,0.078589,0.050687,0.129757,0.096357,0.203089,0.068293,0.060799,0.130321,,1685200,,
1,3,,0.040614,0.184746,0.170961,0.189515,0.004797,0.091745,0.007405,0.113212,0.12781,0.069194,,1660000,,
1,1,,0.042561,0.228806,0.115926,0.167027,0.010156,0.101118,0.008621,0.106793,0.091109,0.127884,,1612800,,
1,1,,0.098033,0.218772,0.072503,0.111495,0.033673,0.122216,0.008153,0.083919,0.094379,0.156856,,1599900,,
1,2,,0.063668,0.078065,0.147822,0.144921,0.022439,0.107539,0.118249,0.100301,0.105566,0.11143,,1612800,,
1,1,,0.044307,0.240494,0.140152,0.150519,0.018252,0.106364,0.033984,0.115753,0.061813,0.088363,,1606800,,
1,1,,0.136604,0.179457,0.07049,0.080556,0.055805,0.125702,0.016563,0.079938,0.082649,0.172237,,1703600,,
1,1,,0.045999,0.230613,0.223726,0.115965,0.013316,0.073805,0.067382,0.122866,0.066654,0.039674,,1624100,,
1,1,,0.041837,0.291437,0.138494,0.12968,0.015531,0.084923,0.005108,0.113127,0.070535,0.109329,,1637900,,
1,6,,0.061682,0.099565,0.139244,0.140554,0.014529,0.121155,0.158236,0.075339,0.096984,0.092712,,1606900,,
1,1,,0.032927,0.273936,0.167335,0.165501,0.011078,0.101689,0.006904,0.101734,0.065712,0.073183,,2080800,,
1,6,,0.123133,0.126482,0.203172,0.008376,0.07285,0.074829,0.203477,0.057127,0.074133,0.05642,,2019400,,
1,3,,0.055681,0.095783,0.089641,0.19756,0.015237,0.073206,0.072044,0.119173,0.127235,0.154439,,2022300,,
1,1,,0.097934,0.211831,0.075148,0.073644,0.080459,0.123759,0.011495,0.061772,0.085051,0.178905,,2121400,,
1,3,,0.046745,0.074675,0.153702,0.160961,0.025998,0.101587,0.120554,0.08657,0.113048,0.116162,,2050700,,
1,1,,0.041694,0.217673,0.11627,0.141058,0.015261,0.09274,0.011368,0.089407,0.113107,0.161423,,1994400,,
1,2,,0.041129,0.146698,0.219961,0.150428,0.003063,0.125965,0.008153,0.136047,0.080961,0.087595,,1997400,,
1,1,,0.086904,0.201184,0.090349,0.137586,0.048696,0.10185,0.006077,0.0633,0.066213,0.197841,,2174100,,
1,0,,0.191784,0.179603,0.020245,0.010216,0.144318,0.130981,0.040243,0.092772,0.090508,0.09933,,1666400,,
1,6,,0.124729,0.138479,0.136753,0.028308,0.06134,0.079168,0.175123,0.095028,0.088381,0.07269,,1673600,,
1,1,,0.040868,0.21259,0.121043,0.144575,0.015649,0.093359,0.0093,0.112681,0.07318,0.176755,,1630700,,
1,1,,0.069105,0.213036,0.141681,0.073861,0.02717,0.0919,0.125487,0.046238,0.077015,0.134507,,1838400,,
1,1,,0.041642,0.232572,0.127804,0.157543,0.015514,0.103978,0.007041,0.113262,0.062245,0.1384,,3195700,,
1,6,,0.068241,0.083233,0.100413,0.139433,0.029221,0.112964,0.216067,0.045879,0.102482,0.102067,,1961600,,
1,9,,0.08829,0.166335,0.103658,0.108887,0.007898,0.108423,0.010754,0.126799,0.09583,0.183125,,1625700,,
1,6,,0.085967,0.17381,0.169619,0.023571,0.058404,0.067247,0.191146,0.074674,0.076724,0.078838,,1707900,,
1,5,,0.067974,0.116164,0.145283,0.130382,0.03382,0.145948,0.145119,0.075625,0.061207,0.078478,,1683100,,
1,3,,0.040614,0.17401,0.178106,0.190787,0.003099,0.093369,0.007603,0.115364,0.127701,0.069346,,1653000,,
1,9,,0.164939,0.155235,0.057716,0.079747,0.071533,0.127124,0.016467,0.067242,0.084699,0.175298,,1684500,,
1,9,,0.074945,0.176098,0.121247,0.10242,0.019505,0.108184,0.011707,0.102511,0.093507,0.189877,,1622500,,
1,2,,0.076617,0.11919,0.232949,0.085812,0.0219,0.099589,0.168686,0.069675,0.064343,0.061241,,1717300,,
