pendigits,CWE,test,1,NANOSECONDS,PREDICTIONS, Generated by ClassifierExperiments.java on 2022-05-16 22:38:58.    SYSTEMPROPERTIES:{user.name:matth,os.arch:amd64,os.name:Windows 10},ENDSYSTEMPROPERTIES
No parameter info
0.7587460245343026,1532987700,3808168500,-1,0,10,,-1,-1
0,0,,0.379048,0.016338,0.019874,0.009379,0.220369,0.076472,0.099921,0.031904,0.104257,0.042439,,2412300,,
0,6,,0.174273,0.047094,0.065222,0.008574,0.116999,0.106849,0.188972,0.086913,0.167619,0.037485,,1977700,,
0,0,,0.324146,0.020353,0.029446,0.00198,0.196315,0.073127,0.168446,0.034446,0.114433,0.037308,,2036600,,
0,0,,0.392558,0.034505,0.018505,0.016233,0.189472,0.075029,0.090641,0.034418,0.092823,0.055816,,2161400,,
0,0,,0.282092,0.122842,0.026846,0.063197,0.103725,0.093651,0.067227,0.054334,0.117351,0.068736,,1971800,,
0,0,,0.450761,0.021036,0.017181,0.013099,0.146654,0.080646,0.067525,0.033097,0.097009,0.072993,,2075700,,
0,0,,0.250059,0.124287,0.012232,0.071833,0.053674,0.120336,0.039113,0.066383,0.128852,0.13323,,1968700,,
0,0,,0.336871,0.134101,0.009519,0.053337,0.082718,0.07908,0.04904,0.041352,0.113549,0.100433,,1965300,,
0,0,,0.394385,0.015504,0.019694,0.00938,0.198407,0.076185,0.110365,0.030739,0.101364,0.043977,,2029000,,
0,0,,0.359704,0.037668,0.025172,0.010343,0.182815,0.092253,0.056814,0.04565,0.106508,0.083074,,1974100,,
0,0,,0.358706,0.017749,0.024225,0.009324,0.192335,0.073132,0.139919,0.031859,0.111593,0.041158,,2008100,,
0,0,,0.397816,0.069245,0.013531,0.014025,0.163255,0.073118,0.085446,0.030072,0.093783,0.059709,,2049400,,
0,0,,0.376242,0.016173,0.021093,0.009342,0.213037,0.076538,0.107594,0.031303,0.107503,0.041175,,2139700,,
0,0,,0.315704,0.066347,0.030964,0.015711,0.159074,0.080242,0.13587,0.043802,0.109436,0.04285,,1965200,,
0,0,,0.384994,0.034027,0.013186,0.009883,0.208951,0.076543,0.093635,0.028808,0.093302,0.05667,,2129400,,
0,0,,0.284987,0.129621,0.007519,0.067586,0.072712,0.097123,0.04269,0.040423,0.144398,0.112942,,1982300,,
0,0,,0.356242,0.016173,0.021093,0.009342,0.213037,0.076538,0.107594,0.031303,0.107503,0.061175,,1992100,,
0,0,,0.370644,0.016109,0.019132,0.009342,0.214408,0.075632,0.115815,0.031326,0.106415,0.041175,,1671100,,
0,0,,0.384779,0.016209,0.021056,0.009342,0.209676,0.075011,0.104572,0.031303,0.106768,0.041284,,1713600,,
0,0,,0.326452,0.114328,0.009491,0.069595,0.096206,0.080209,0.049934,0.044603,0.131797,0.077385,,1629000,,
0,0,,0.394586,0.014191,0.014563,0.009506,0.209044,0.078685,0.103257,0.030315,0.094914,0.050939,,1599200,,
0,0,,0.316504,0.094328,0.009231,0.069811,0.076556,0.09159,0.049159,0.043976,0.129983,0.118862,,1922200,,
0,0,,0.367446,0.016131,0.017913,0.009315,0.215716,0.077139,0.121885,0.031546,0.104022,0.038886,,1728100,,
0,0,,0.34464,0.015967,0.019132,0.009279,0.208384,0.077205,0.149558,0.030945,0.107268,0.037622,,1599900,,
0,0,,0.330644,0.016109,0.019132,0.009342,0.234408,0.075632,0.115815,0.031326,0.106415,0.061175,,1603800,,
0,0,,0.331898,0.089172,0.018449,0.024864,0.166805,0.082959,0.075391,0.041304,0.101486,0.067674,,1641100,,
0,0,,0.350644,0.016109,0.019132,0.009342,0.214408,0.075632,0.115815,0.031326,0.106415,0.061175,,1699000,,
0,0,,0.323872,0.01997,0.030107,0.009725,0.112687,0.089346,0.17617,0.041991,0.157211,0.038921,,1591800,,
0,0,,0.369177,0.080189,0.023248,0.013755,0.161678,0.0838,0.067296,0.039843,0.101447,0.059568,,1613100,,
0,0,,0.398656,0.013964,0.011225,0.009883,0.210323,0.076378,0.101856,0.028832,0.092214,0.05667,,1853300,,
0,0,,0.410246,0.014089,0.016668,0.009506,0.211828,0.078351,0.081825,0.030562,0.097087,0.049838,,1690000,,
0,0,,0.376475,0.023115,0.010375,0.010524,0.197447,0.108277,0.060831,0.030862,0.098239,0.083856,,1625700,,
0,0,,0.405612,0.014034,0.014537,0.009793,0.202722,0.074955,0.101291,0.028655,0.096221,0.05218,,1619800,,
0,6,,0.202183,0.021774,0.043308,0.015997,0.127078,0.08888,0.239879,0.06755,0.161905,0.031445,,1599100,,
0,0,,0.333614,0.019011,0.025909,0.009398,0.184123,0.073232,0.166218,0.031523,0.115157,0.041815,,1810400,,
0,0,,0.404187,0.020722,0.014343,0.01312,0.203489,0.084908,0.071395,0.032777,0.099675,0.055385,,1608400,,
0,0,,0.389515,0.08915,0.012701,0.01672,0.141676,0.07676,0.065675,0.034216,0.103712,0.069875,,1616400,,
0,0,,0.248182,0.110735,0.010504,0.051126,0.084085,0.122951,0.044529,0.050642,0.119134,0.158112,,1615300,,
0,0,,0.332297,0.018714,0.046536,0.009715,0.135016,0.089821,0.130394,0.042731,0.153176,0.0416,,2132900,,
0,0,,0.358245,0.016167,0.021056,0.013674,0.197306,0.077228,0.133533,0.030467,0.108611,0.043715,,2165700,,
0,6,,0.182593,0.052312,0.073688,0.001904,0.126416,0.083054,0.220062,0.061897,0.152911,0.045162,,2251700,,
0,0,,0.391762,0.082975,0.012701,0.015682,0.143453,0.077784,0.07779,0.033326,0.097871,0.066655,,2237000,,
0,0,,0.392765,0.015117,0.015316,0.009595,0.232503,0.07994,0.073913,0.031609,0.095241,0.054,,2176900,,
0,0,,0.405062,0.0704,0.012701,0.014097,0.16256,0.073937,0.077772,0.031377,0.090694,0.061399,,1841900,,
0,0,,0.415192,0.014276,0.016389,0.013991,0.202438,0.081745,0.06791,0.030364,0.097383,0.060312,,1616000,,
0,0,,0.38505,0.08383,0.012665,0.013269,0.147966,0.077842,0.07082,0.033521,0.103428,0.071609,,1617500,,
0,0,,0.392765,0.015117,0.015316,0.009595,0.232503,0.07994,0.073913,0.031609,0.095241,0.054,,1747500,,
0,0,,0.313682,0.017329,0.02274,0.009352,0.19544,0.076684,0.164614,0.030586,0.111185,0.058387,,1611100,,
0,0,,0.310885,0.015203,0.018951,0.009489,0.214342,0.077717,0.147098,0.030344,0.103523,0.072448,,1719700,,
0,0,,0.345396,0.041294,0.023231,0.018823,0.161542,0.082814,0.121719,0.035378,0.098826,0.070976,,1648600,,
0,0,,0.384813,0.06389,0.013531,0.010573,0.172905,0.075727,0.093614,0.029377,0.094235,0.061335,,1614200,,
0,0,,0.333682,0.017329,0.02274,0.009352,0.19544,0.076684,0.164614,0.030586,0.111185,0.038387,,1720700,,
0,0,,0.368186,0.076079,0.011947,0.01218,0.168943,0.079767,0.08598,0.031048,0.09799,0.067881,,2026300,,
0,0,,0.338567,0.017506,0.022301,0.009261,0.191042,0.075326,0.164906,0.031501,0.112093,0.037496,,1676700,,
0,0,,0.325071,0.019354,0.029418,0.009313,0.118222,0.093992,0.176371,0.031396,0.159784,0.037079,,1601500,,
0,0,,0.177493,0.161601,0.043944,0.079918,0.029965,0.131206,0.030913,0.071912,0.140673,0.132375,,2059600,,
0,6,,0.128685,0.044503,0.103277,0.033073,0.097322,0.09262,0.212366,0.105954,0.109005,0.073195,,1699000,,
0,0,,0.343569,0.026751,0.026943,0.002009,0.195744,0.078938,0.146289,0.033673,0.110131,0.035953,,1626200,,
0,0,,0.352628,0.104873,0.019736,0.06027,0.079481,0.085907,0.051262,0.05043,0.126872,0.068541,,1685800,,
0,0,,0.412568,0.019604,0.015172,0.013048,0.204251,0.078571,0.079212,0.031139,0.092632,0.053803,,1606900,,
0,0,,0.260838,0.130003,0.031647,0.016646,0.115288,0.080901,0.091797,0.03502,0.154363,0.083498,,1641600,,
0,0,,0.35862,0.110649,0.010748,0.035135,0.125275,0.078083,0.057949,0.038534,0.114062,0.070946,,1613500,,
0,0,,0.400015,0.01397,0.012576,0.009793,0.204094,0.074049,0.109512,0.028679,0.095133,0.05218,,1645100,,
0,0,,0.367404,0.046236,0.020183,0.010069,0.200963,0.074129,0.096877,0.032473,0.104454,0.047212,,1701100,,
0,0,,0.346328,0.101678,0.017366,0.032038,0.13949,0.092328,0.043128,0.043396,0.111043,0.073204,,1623600,,
0,0,,0.411514,0.029975,0.011167,0.014026,0.175318,0.087821,0.055665,0.033139,0.098854,0.082521,,1732500,,
0,0,,0.321744,0.018969,0.027833,0.009334,0.173366,0.074184,0.168718,0.031118,0.116363,0.05837,,1627300,,
0,0,,0.336242,0.016173,0.021093,0.009342,0.233037,0.076538,0.107594,0.031303,0.107503,0.061175,,1693600,,
0,0,,0.389515,0.08915,0.012701,0.01672,0.141676,0.07676,0.065675,0.034216,0.103712,0.069875,,1634000,,
0,0,,0.397816,0.069245,0.013531,0.014025,0.163255,0.073118,0.085446,0.030072,0.093783,0.059709,,1625900,,
0,0,,0.335386,0.109984,0.011076,0.069595,0.087482,0.079396,0.057608,0.04481,0.134217,0.070445,,1619000,,
0,0,,0.38091,0.063908,0.015699,0.010286,0.185372,0.080651,0.077171,0.031284,0.095836,0.058883,,1693800,,
0,0,,0.394385,0.015504,0.019694,0.00938,0.198407,0.076185,0.110365,0.030739,0.101364,0.043977,,1604800,,
0,0,,0.209848,0.093201,0.066053,0.039688,0.070612,0.101571,0.132681,0.071451,0.1619,0.052996,,1884500,,
0,0,,0.311075,0.019497,0.029418,0.009377,0.124246,0.092419,0.182628,0.031777,0.158931,0.040632,,1671600,,
0,0,,0.374448,0.102323,0.020888,0.031821,0.111682,0.083081,0.058981,0.04327,0.102664,0.070842,,1696000,,
0,0,,0.392609,0.063926,0.013494,0.010573,0.169545,0.074941,0.090592,0.029377,0.0935,0.061443,,1597500,,
0,0,,0.379216,0.063826,0.01157,0.010573,0.174277,0.074821,0.101835,0.029401,0.093147,0.061335,,1830400,,
0,0,,0.28398,0.018134,0.022248,0.009834,0.216649,0.075794,0.141767,0.042654,0.120763,0.068178,,1611000,,
0,0,,0.420778,0.015218,0.012319,0.009955,0.204896,0.075834,0.082939,0.030113,0.089478,0.05847,,1712200,,
0,0,,0.358506,0.01401,0.01692,0.0164,0.206445,0.083112,0.083682,0.034656,0.099534,0.086733,,1615400,,
0,0,,0.387507,0.015074,0.019132,0.009343,0.199962,0.075632,0.116072,0.030432,0.105343,0.041503,,1612500,,
0,0,,0.385982,0.015276,0.018951,0.009343,0.192446,0.075345,0.12626,0.030161,0.103523,0.042713,,1615400,,
0,0,,0.37141,0.015056,0.016964,0.00963,0.187496,0.070709,0.152515,0.028525,0.103742,0.043954,,1643900,,
0,0,,0.358074,0.036779,0.025231,0.015729,0.20425,0.076485,0.099948,0.037514,0.104513,0.041476,,1799900,,
0,0,,0.358618,0.074776,0.022138,0.010304,0.177242,0.08372,0.073919,0.039044,0.098938,0.061302,,1623400,,
0,0,,0.303372,0.018265,0.02299,0.009736,0.211533,0.069107,0.150962,0.042477,0.108667,0.062891,,1641100,,
0,0,,0.382679,0.014881,0.012722,0.009668,0.217421,0.086803,0.068866,0.031875,0.096972,0.078113,,1602800,,
0,0,,0.355454,0.092216,0.013494,0.026697,0.142086,0.07676,0.078046,0.035006,0.109891,0.07035,,1592500,,
0,0,,0.384813,0.04389,0.013531,0.010573,0.192905,0.075727,0.093614,0.029377,0.094235,0.061335,,1904900,,
0,0,,0.381911,0.015046,0.018925,0.009776,0.18802,0.073987,0.125132,0.028684,0.10483,0.05369,,1600400,,
0,0,,0.391665,0.078603,0.011025,0.030221,0.134983,0.078031,0.057967,0.037633,0.109566,0.070306,,1605200,,
0,0,,0.336504,0.114328,0.009231,0.069811,0.076556,0.09159,0.049159,0.043976,0.129983,0.078862,,1627700,,
0,0,,0.402592,0.050099,0.013104,0.01381,0.195153,0.079386,0.063843,0.032806,0.088055,0.061152,,1725100,,
0,0,,0.360543,0.104882,0.012425,0.033676,0.12684,0.077695,0.065227,0.036718,0.107295,0.074701,,1598100,,
0,0,,0.367404,0.066236,0.020183,0.010069,0.180963,0.074129,0.096877,0.032473,0.104454,0.047212,,1611300,,
0,0,,0.315637,0.084351,0.017892,0.060486,0.087474,0.088101,0.042813,0.049596,0.122637,0.131013,,1611100,,
0,0,,0.384691,0.063896,0.014883,0.010483,0.166676,0.074879,0.10127,0.029224,0.097154,0.056844,,1620200,,
0,0,,0.369245,0.021529,0.021092,0.012794,0.203386,0.073929,0.119426,0.031998,0.107052,0.03955,,1707400,,
0,2,,0.111448,0.089306,0.171691,0.024047,0.09786,0.059857,0.158722,0.083728,0.125771,0.077569,,1616200,,
0,0,,0.405612,0.014034,0.014537,0.009793,0.202722,0.074955,0.101291,0.028655,0.096221,0.05218,,1602800,,
0,0,,0.408721,0.014291,0.016487,0.009506,0.204312,0.078064,0.092013,0.030291,0.095267,0.051048,,1638300,,
0,0,,0.408103,0.014284,0.015136,0.009596,0.210541,0.079653,0.084358,0.030444,0.092348,0.055538,,1862400,,
0,6,,0.213388,0.023557,0.037094,0.002226,0.159419,0.085965,0.239617,0.056102,0.132498,0.050135,,1630900,,
0,0,,0.356242,0.016173,0.021093,0.009342,0.213037,0.076538,0.127594,0.031303,0.107503,0.041175,,1617500,,
0,0,,0.409515,0.08915,0.012701,0.01672,0.121676,0.07676,0.065675,0.034216,0.103712,0.069875,,1595200,,
0,0,,0.364779,0.016209,0.021056,0.009342,0.209676,0.075011,0.124572,0.031303,0.106768,0.041284,,1803100,,
0,0,,0.387922,0.044146,0.015481,0.010286,0.194495,0.078837,0.084336,0.031013,0.093281,0.060202,,1609900,,
0,0,,0.38604,0.079154,0.023248,0.013756,0.147232,0.0838,0.067552,0.038948,0.100374,0.059895,,1616500,,
0,0,,0.235913,0.173231,0.035779,0.046373,0.08151,0.114723,0.04773,0.063574,0.118582,0.082585,,1614700,,
0,0,,0.385916,0.036401,0.01157,0.012159,0.15517,0.078668,0.101853,0.03135,0.100323,0.08659,,1830700,,
0,0,,0.391665,0.078603,0.011025,0.030221,0.134983,0.078031,0.057967,0.037633,0.109566,0.070306,,2124000,,
0,0,,0.332844,0.121626,0.009652,0.058673,0.108639,0.076897,0.055123,0.042642,0.118666,0.075238,,2197900,,
0,0,,0.336175,0.088565,0.016681,0.035833,0.152257,0.080507,0.073465,0.039481,0.106738,0.070299,,2143300,,
0,0,,0.400015,0.01397,0.012576,0.009793,0.204094,0.074049,0.109512,0.028679,0.095133,0.05218,,2183800,,
0,0,,0.37345,0.016274,0.017913,0.009379,0.221741,0.075566,0.108142,0.031927,0.103169,0.042439,,2146200,,
0,0,,0.298012,0.019691,0.028559,0.009809,0.177217,0.069492,0.177797,0.042094,0.113672,0.063656,,2129300,,
0,0,,0.30761,0.017273,0.022706,0.001861,0.223936,0.094601,0.134841,0.035669,0.108532,0.052972,,2302100,,
0,0,,0.388047,0.015441,0.017733,0.00938,0.199778,0.07602,0.118586,0.030762,0.100276,0.043977,,1706200,,
0,0,,0.389246,0.03096,0.026175,0.019489,0.148154,0.089517,0.07145,0.045253,0.102696,0.077059,,1741600,,
0,0,,0.370644,0.016109,0.019132,0.009342,0.214408,0.075632,0.115815,0.031326,0.106415,0.041175,,1647500,,
0,0,,0.24101,0.023421,0.064961,0.002421,0.109252,0.100288,0.177336,0.068896,0.182367,0.030047,,2463800,,
0,0,,0.350885,0.015203,0.018951,0.009489,0.194342,0.077717,0.127098,0.030344,0.103523,0.072448,,2290000,,
0,0,,0.34464,0.015967,0.019132,0.009279,0.208384,0.077205,0.149558,0.030945,0.107268,0.037622,,2194400,,
0,0,,0.389515,0.08915,0.012701,0.01672,0.141676,0.07676,0.065675,0.034216,0.103712,0.069875,,2236500,,
0,0,,0.365982,0.015276,0.018951,0.009343,0.192446,0.075345,0.14626,0.030161,0.103523,0.042713,,2261800,,
0,0,,0.373955,0.073943,0.021958,0.010305,0.15528,0.083433,0.084364,0.037879,0.096046,0.06284,,1632200,,
0,0,,0.344572,0.017649,0.022301,0.009324,0.197067,0.073753,0.151163,0.031882,0.11124,0.041049,,1654300,,
0,0,,0.427686,0.045072,0.013918,0.01504,0.140747,0.077111,0.06647,0.030602,0.095446,0.087908,,1749000,,
0,0,,0.258897,0.157683,0.026531,0.070677,0.073945,0.104047,0.036206,0.059025,0.140616,0.072374,,1631400,,
0,0,,0.372951,0.055486,0.017643,0.028583,0.147751,0.09113,0.043128,0.043685,0.110834,0.08881,,1617900,,
0,0,,0.387166,0.09869,0.012701,0.030221,0.115101,0.076496,0.065227,0.037006,0.107085,0.070306,,1613500,,
0,0,,0.247865,0.018101,0.023797,0.009786,0.159289,0.072141,0.24321,0.028558,0.125497,0.071756,,1723700,,
0,0,,0.355454,0.092216,0.013494,0.026697,0.142086,0.07676,0.078046,0.035006,0.109891,0.07035,,1619000,,
0,0,,0.331503,0.018222,0.024914,0.009672,0.180776,0.070059,0.153462,0.042072,0.109873,0.059447,,1623000,,
0,0,,0.410246,0.014089,0.016668,0.009506,0.211828,0.078351,0.081825,0.030562,0.097087,0.049838,,1620400,,
0,0,,0.378647,0.037111,0.009143,0.016842,0.151205,0.108757,0.062301,0.032303,0.106956,0.096735,,1598000,,
0,0,,0.356242,0.016173,0.021093,0.009342,0.213037,0.076538,0.127594,0.031303,0.107503,0.041175,,1690200,,
0,0,,0.330885,0.015203,0.018951,0.009489,0.194342,0.077717,0.147098,0.030344,0.103523,0.072448,,1606100,,
0,0,,0.373006,0.026815,0.044933,0.015664,0.122813,0.074846,0.12174,0.031471,0.113886,0.074827,,1607400,,
0,0,,0.319607,0.019143,0.050121,0.024515,0.086559,0.097038,0.172791,0.041625,0.13248,0.056122,,1632100,,
0,0,,0.356314,0.014982,0.016964,0.009776,0.189392,0.073081,0.133353,0.028707,0.103742,0.07369,,1706000,,
0,0,,0.365832,0.046285,0.015768,0.01023,0.226746,0.07617,0.073874,0.033559,0.095755,0.055781,,1599500,,
0,0,,0.360577,0.099475,0.010711,0.030224,0.133012,0.080312,0.063112,0.03665,0.109492,0.076435,,1598700,,
0,0,,0.360577,0.099475,0.010711,0.030224,0.133012,0.080312,0.063112,0.03665,0.109492,0.076435,,1620000,,
0,0,,0.37187,0.051555,0.020219,0.013521,0.194673,0.073047,0.091731,0.033168,0.104738,0.045478,,2003700,,
0,0,,0.400184,0.014254,0.016524,0.009506,0.207672,0.079591,0.095036,0.030291,0.096002,0.050939,,1974900,,
0,0,,0.344949,0.099439,0.010711,0.030224,0.132945,0.08583,0.062968,0.036983,0.119625,0.076326,,1982800,,
0,0,,0.394586,0.014191,0.014563,0.009506,0.209044,0.078685,0.103257,0.030315,0.094914,0.050939,,1992300,,
0,0,,0.345008,0.035718,0.024307,0.015694,0.176327,0.075358,0.146288,0.035771,0.103779,0.04175,,2024100,,
0,0,,0.374626,0.037098,0.01108,0.012231,0.157318,0.105197,0.075118,0.032757,0.1053,0.089274,,1980800,,
0,0,,0.422774,0.022128,0.022921,0.012846,0.143827,0.075717,0.098184,0.03279,0.108537,0.060277,,1989800,,
0,0,,0.38402,0.054469,0.018542,0.016233,0.172832,0.076556,0.093663,0.034418,0.093558,0.055707,,2059500,,
0,0,,0.376242,0.016173,0.021093,0.009342,0.213037,0.076538,0.107594,0.031303,0.107503,0.041175,,1976700,,
0,0,,0.357567,0.082466,0.01157,0.025144,0.147038,0.077381,0.089546,0.034069,0.109242,0.065978,,2009100,,
0,0,,0.310644,0.016109,0.019132,0.009342,0.234408,0.075632,0.135815,0.031326,0.106415,0.061175,,2057300,,
0,0,,0.32464,0.015967,0.019132,0.009279,0.208384,0.077205,0.149558,0.030945,0.107268,0.057622,,2091700,,
0,0,,0.338775,0.016067,0.021056,0.009279,0.203651,0.076584,0.138315,0.030922,0.107621,0.057731,,1972600,,
0,0,,0.402392,0.015641,0.019657,0.013775,0.188701,0.075302,0.102561,0.030284,0.101619,0.050069,,1999200,,
0,0,,0.335386,0.129984,0.011076,0.069595,0.067482,0.079396,0.057608,0.04481,0.134217,0.070445,,1960300,,
0,0,,0.370644,0.016109,0.019132,0.009342,0.214408,0.075632,0.115815,0.031326,0.106415,0.041175,,2007600,,
0,0,,0.374622,0.076722,0.015481,0.011872,0.155388,0.082684,0.084355,0.032963,0.100457,0.065457,,1637800,,
0,0,,0.249062,0.127209,0.010213,0.086253,0.047151,0.125493,0.038722,0.057201,0.126,0.132697,,1757700,,
0,0,,0.261397,0.020533,0.035946,0.009725,0.118697,0.086237,0.239634,0.041593,0.150225,0.036012,,1613400,,
0,0,,0.362091,0.073521,0.02041,0.010326,0.173785,0.085152,0.079733,0.037601,0.093359,0.064022,,1765700,,
0,0,,0.288698,0.02111,0.031916,0.014252,0.099477,0.090803,0.210629,0.05522,0.143213,0.044682,,1992200,,
0,0,,0.378475,0.043826,0.01157,0.010573,0.194277,0.075562,0.101835,0.029401,0.093147,0.061335,,2062900,,
0,0,,0.413001,0.014164,0.013149,0.014278,0.199245,0.07566,0.085831,0.028353,0.093557,0.062763,,1972200,,
0,0,,0.376242,0.016173,0.021093,0.009342,0.213037,0.076538,0.107594,0.031303,0.107503,0.041175,,2160900,,
0,0,,0.451889,0.040871,0.018966,0.019757,0.14073,0.076215,0.066156,0.036792,0.094063,0.054562,,2091200,,
0,0,,0.338395,0.089463,0.009231,0.069811,0.095475,0.08159,0.049159,0.043976,0.129983,0.092916,,1998200,,
0,0,,0.349428,0.017168,0.022248,0.010044,0.190124,0.075762,0.108524,0.042045,0.102868,0.081789,,1955400,,
0,0,,0.412878,0.01417,0.0145,0.014188,0.193016,0.074812,0.093486,0.0282,0.096476,0.058272,,2043700,,
0,0,,0.361485,0.084772,0.009127,0.031683,0.13914,0.085497,0.055277,0.037965,0.121491,0.073565,,2024200,,
0,0,,0.387585,0.016374,0.019837,0.009379,0.217009,0.074945,0.096898,0.031904,0.103522,0.042548,,1971200,,
0,0,,0.336242,0.016173,0.021093,0.009342,0.233037,0.076538,0.107594,0.031303,0.107503,0.061175,,2094700,,
0,0,,0.408191,0.014391,0.016487,0.013902,0.197966,0.078708,0.087231,0.029837,0.096257,0.057031,,2277700,,
0,0,,0.377318,0.086482,0.021165,0.026813,0.140163,0.081882,0.059237,0.042597,0.102159,0.062184,,1628400,,
0,0,,0.181155,0.136191,0.052649,0.014995,0.152829,0.106391,0.075294,0.064279,0.14253,0.073688,,1611000,,
0,2,,0.094435,0.106338,0.220201,0.034226,0.054357,0.064072,0.1417,0.075619,0.14047,0.068582,,2013500,,
0,0,,0.365175,0.076401,0.01157,0.012159,0.15517,0.079409,0.101853,0.03135,0.100323,0.06659,,2278400,,
0,0,,0.397997,0.039383,0.013185,0.013335,0.199301,0.073934,0.085467,0.029503,0.092851,0.055044,,2152700,,
0,0,,0.367166,0.09869,0.012701,0.030221,0.135101,0.076496,0.065227,0.037006,0.107085,0.070306,,2126800,,
0,0,,0.24002,0.022846,0.040482,0.001878,0.14418,0.127916,0.238217,0.035982,0.119331,0.029149,,2127500,,
0,0,,0.208184,0.052329,0.0689,0.023155,0.083514,0.103855,0.20088,0.085866,0.125862,0.047454,,2166600,,
0,0,,0.388891,0.043894,0.012665,0.017664,0.141553,0.084005,0.065894,0.0334,0.114551,0.097484,,1674500,,
0,0,,0.290936,0.019254,0.027494,0.009313,0.122954,0.094613,0.207614,0.03142,0.159431,0.03697,,1646400,,
0,0,,0.372872,0.034632,0.019919,0.015857,0.192925,0.079439,0.103285,0.035925,0.09517,0.049975,,1789200,,
0,0,,0.391817,0.034505,0.018505,0.016233,0.189472,0.07577,0.090641,0.034418,0.092823,0.055816,,1619100,,
0,0,,0.384813,0.04389,0.013531,0.010573,0.192905,0.075727,0.093614,0.029377,0.094235,0.061335,,1649700,,
0,0,,0.36502,0.015302,0.020875,0.009489,0.18961,0.077096,0.135855,0.03032,0.103876,0.052557,,1635800,,
0,0,,0.321658,0.018134,0.022248,0.009834,0.216649,0.074963,0.121173,0.042376,0.104793,0.068173,,1745600,,
0,0,,0.409098,0.014182,0.015316,0.013991,0.211712,0.080583,0.069388,0.03026,0.095158,0.060312,,1625800,,
0,0,,0.28761,0.018869,0.025909,0.009334,0.178098,0.074805,0.199961,0.031142,0.11601,0.058261,,1640200,,
0,0,,0.37046,0.063661,0.011972,0.010307,0.194372,0.07965,0.087927,0.030759,0.089507,0.061384,,2713900,,
0,0,,0.392387,0.049466,0.015518,0.013738,0.188205,0.077755,0.079191,0.031708,0.093564,0.058468,,1727900,,
0,0,,0.255087,0.169647,0.018343,0.069471,0.073435,0.102918,0.032722,0.05041,0.139604,0.088364,,1643100,,
0,0,,0.394385,0.015504,0.019694,0.00938,0.198407,0.076185,0.110365,0.030739,0.101364,0.043977,,1617100,,
0,0,,0.388788,0.015441,0.017733,0.00938,0.199778,0.075279,0.118586,0.030762,0.100276,0.043977,,1676000,,
0,0,,0.303614,0.017358,0.022809,0.009882,0.191466,0.071192,0.162245,0.041494,0.105775,0.074164,,1603500,,
0,0,,0.409628,0.014083,0.015316,0.009596,0.218057,0.07994,0.07417,0.030715,0.094168,0.054328,,1795700,,
0,0,,0.412568,0.019604,0.015172,0.013048,0.204251,0.078571,0.079212,0.031139,0.092632,0.053803,,1633300,,
0,0,,0.377023,0.088541,0.00918,0.016937,0.149551,0.080489,0.049966,0.034009,0.101958,0.092346,,1739800,,
0,0,,0.384779,0.016209,0.021056,0.009342,0.209676,0.075011,0.104572,0.031303,0.106768,0.041284,,1651500,,
0,0,,0.39335,0.043926,0.013494,0.010573,0.189545,0.0742,0.090592,0.029377,0.0935,0.061443,,1748300,,
0,0,,0.343805,0.056651,0.026412,0.015693,0.173557,0.075024,0.1246,0.036913,0.107024,0.040321,,1648500,,
0,0,,0.303872,0.01997,0.030107,0.009725,0.112687,0.089346,0.19617,0.041991,0.157211,0.038921,,1629900,,
0,0,,0.31912,0.015147,0.015746,0.009812,0.216724,0.073682,0.145013,0.029309,0.100495,0.074953,,1691200,,
0,0,,0.369414,0.064758,0.010748,0.033676,0.126654,0.084748,0.057823,0.037679,0.119908,0.094592,,1686300,,
0,0,,0.341466,0.097898,0.009993,0.030173,0.152212,0.081213,0.066156,0.035067,0.109895,0.075927,,1620000,,
0,0,,0.336199,0.018312,0.02221,0.009897,0.199314,0.071863,0.124407,0.042757,0.103205,0.071835,,1681000,,
0,0,,0.254247,0.022862,0.035368,0.002289,0.175996,0.088738,0.199002,0.047251,0.12045,0.053795,,1637100,,
0,0,,0.330639,0.084589,0.03421,0.01352,0.138739,0.078996,0.117384,0.045356,0.109127,0.047441,,1802400,,
0,0,,0.408721,0.014291,0.016487,0.009506,0.204312,0.078064,0.092013,0.030291,0.095267,0.051048,,1634600,,
0,0,,0.367404,0.046236,0.020183,0.010069,0.200963,0.074129,0.096877,0.032473,0.104454,0.047212,,1657000,,
0,0,,0.394216,0.01522,0.015746,0.009666,0.194828,0.070643,0.124841,0.029126,0.100495,0.045218,,1630100,,
0,0,,0.364891,0.086584,0.026515,0.026525,0.125363,0.076069,0.089896,0.041587,0.113528,0.049041,,2110500,,
0,0,,0.356712,0.018995,0.02628,0.001843,0.2236,0.078475,0.118092,0.034382,0.108873,0.032749,,1993400,,
0,0,,0.377023,0.088541,0.00918,0.016937,0.149551,0.080489,0.049966,0.034009,0.101958,0.092346,,1986500,,
0,0,,0.344918,0.013897,0.012576,0.009939,0.22599,0.076421,0.11035,0.028861,0.095133,0.081915,,2144800,,
0,0,,0.265679,0.103216,0.011592,0.073551,0.089196,0.096064,0.042573,0.047168,0.15089,0.120073,,2024800,,
0,0,,0.24131,0.041214,0.0377,0.009839,0.105625,0.087164,0.233164,0.055242,0.153934,0.034809,,2014900,,
0,0,,0.391097,0.021749,0.016811,0.012901,0.230273,0.074315,0.076405,0.033532,0.098025,0.044891,,1980400,,
0,0,,0.359068,0.064886,0.015089,0.010196,0.194961,0.078156,0.092791,0.032049,0.098739,0.054066,,2024700,,
0,6,,0.164363,0.05005,0.064729,0.008618,0.131952,0.101429,0.23998,0.059296,0.131847,0.047737,,1991400,,
0,0,,0.379048,0.016338,0.019874,0.009379,0.220369,0.076472,0.099921,0.031904,0.104257,0.042439,,1984000,,
0,0,,0.371513,0.076465,0.013531,0.012159,0.153798,0.079574,0.093632,0.031326,0.101411,0.06659,,2073200,,
0,0,,0.403413,0.08904,0.012701,0.028668,0.115321,0.076496,0.065484,0.036045,0.106789,0.066043,,2256000,,
0,0,,0.376242,0.016173,0.021093,0.009342,0.213037,0.076538,0.107594,0.031303,0.107503,0.041175,,2023800,,
1,1,,0.04787,0.236503,0.138809,0.109428,0.011311,0.085272,0.022279,0.13417,0.090129,0.12423,,2016900,,
1,2,,0.031356,0.188971,0.285113,0.087981,0.011972,0.05763,0.010896,0.251937,0.033186,0.040957,,2216900,,
1,1,,0.098319,0.255004,0.078202,0.08381,0.043898,0.089799,0.024676,0.083459,0.068632,0.174202,,2113400,,
1,2,,0.064385,0.196874,0.243289,0.084303,0.012667,0.074575,0.02927,0.159057,0.07723,0.058351,,2030300,,
1,1,,0.057671,0.280813,0.09277,0.118056,0.018517,0.077343,0.044574,0.074362,0.079153,0.15674,,1964800,,
1,2,,0.036419,0.219197,0.287413,0.028134,0.023477,0.068749,0.066605,0.15314,0.082003,0.034864,,1827400,,
1,2,,0.031322,0.178325,0.332886,0.058442,0.013906,0.064124,0.036079,0.146728,0.106581,0.031608,,1736800,,
1,2,,0.047073,0.214252,0.2698,0.027806,0.028833,0.060436,0.101494,0.130027,0.086374,0.033905,,1774800,,
1,1,,0.042528,0.257551,0.148988,0.120473,0.017649,0.08361,0.01156,0.115437,0.078846,0.123358,,1612500,,
1,1,,0.035981,0.226893,0.139935,0.109618,0.051157,0.087522,0.011735,0.138002,0.074301,0.124856,,1695300,,
1,1,,0.057043,0.276116,0.11624,0.103542,0.030288,0.086963,0.031583,0.090687,0.076803,0.130734,,1607600,,
1,1,,0.077987,0.239232,0.087263,0.099855,0.032781,0.110232,0.027604,0.080408,0.069684,0.174954,,1890300,,
1,3,,0.069282,0.187375,0.099989,0.187801,0.009788,0.079923,0.022182,0.109605,0.107715,0.126341,,1610600,,
1,2,,0.036496,0.185095,0.296738,0.043328,0.021112,0.074769,0.057618,0.148596,0.075724,0.060522,,1693500,,
1,1,,0.049678,0.2387,0.149814,0.109198,0.023824,0.089807,0.011287,0.132024,0.075241,0.120427,,1598900,,
1,3,,0.021669,0.181992,0.08595,0.315493,0.035851,0.07216,0.02231,0.055111,0.037466,0.171998,,1658200,,
1,2,,0.011385,0.201684,0.309172,0.076785,0.008745,0.067389,0.010997,0.234777,0.040965,0.038101,,1605100,,
1,3,,0.048306,0.160481,0.113317,0.190533,0.029496,0.09331,0.023509,0.122862,0.109994,0.108192,,1590700,,
1,2,,0.038789,0.212578,0.29016,0.035039,0.026773,0.061283,0.082261,0.140571,0.075656,0.036889,,1765600,,
1,1,,0.050883,0.2906,0.142407,0.097045,0.024273,0.082741,0.029362,0.097024,0.07663,0.109035,,1646300,,
1,1,,0.021739,0.25454,0.140251,0.13049,0.043568,0.080004,0.009412,0.130033,0.09933,0.090632,,1608000,,
1,1,,0.025041,0.252767,0.147516,0.13623,0.03181,0.077954,0.014889,0.125879,0.080803,0.10711,,1605000,,
1,1,,0.029344,0.227146,0.154303,0.109654,0.045576,0.084629,0.009514,0.156781,0.073072,0.109981,,1711300,,
1,2,,0.030728,0.204856,0.326653,0.068892,0.015024,0.056753,0.037175,0.148469,0.07302,0.038429,,1617700,,
1,1,,0.061369,0.256181,0.131337,0.109553,0.019533,0.084943,0.040917,0.083382,0.078511,0.134275,,1816100,,
1,1,,0.060276,0.258371,0.11375,0.109161,0.01896,0.086337,0.043549,0.08455,0.090796,0.13425,,1658300,,
1,2,,0.011871,0.191976,0.279522,0.087212,0.028658,0.089566,0.010942,0.199107,0.039413,0.061732,,1660800,,
1,1,,0.049678,0.269661,0.127727,0.109139,0.023824,0.090078,0.031287,0.101524,0.075527,0.121556,,1713900,,
1,1,,0.071531,0.245403,0.073033,0.131421,0.019809,0.081162,0.044264,0.067893,0.105732,0.159753,,1639400,,
1,2,,0.032692,0.187679,0.279099,0.047068,0.016994,0.075178,0.053895,0.152031,0.095561,0.059803,,1604600,,
1,2,,0.032389,0.180499,0.30212,0.046995,0.016957,0.06938,0.053932,0.161075,0.079031,0.057624,,1597900,,
1,1,,0.06977,0.186367,0.091598,0.182767,0.012007,0.074428,0.021725,0.095439,0.111391,0.154509,,1630900,,
1,3,,0.048235,0.144254,0.134839,0.195381,0.029496,0.120685,0.023546,0.12361,0.074348,0.105608,,1729300,,
1,1,,0.065619,0.263574,0.093061,0.116966,0.020855,0.0928,0.039465,0.086617,0.086812,0.134231,,1689300,,
1,2,,0.036502,0.161591,0.307348,0.035599,0.023367,0.072668,0.0677,0.161556,0.097147,0.036521,,1623200,,
1,1,,0.072854,0.202121,0.071927,0.127738,0.012501,0.080618,0.043092,0.082031,0.117308,0.18981,,1796500,,
1,1,,0.056954,0.282338,0.112188,0.111918,0.027704,0.090016,0.0345,0.088119,0.055948,0.140316,,1621700,,
1,1,,0.047737,0.163351,0.156785,0.148494,0.029157,0.096996,0.023438,0.144129,0.091761,0.098152,,1614800,,
1,3,,0.047569,0.132033,0.144355,0.174187,0.029496,0.165622,0.031756,0.110357,0.084057,0.080569,,1601200,,
1,1,,0.049732,0.256239,0.140288,0.124016,0.023715,0.079678,0.009375,0.130947,0.096574,0.089437,,1604400,,
1,2,,0.026017,0.211998,0.309254,0.069468,0.035166,0.058467,0.028719,0.180845,0.039803,0.040263,,1727600,,
1,3,,0.069351,0.181482,0.087568,0.212028,0.011497,0.077844,0.021594,0.08703,0.105991,0.145616,,1618000,,
1,9,,0.071739,0.211494,0.071407,0.109001,0.024559,0.076709,0.027694,0.09357,0.094556,0.219273,,1657100,,
1,1,,0.052426,0.23583,0.072484,0.162153,0.014239,0.076166,0.019555,0.050503,0.127576,0.189068,,1616500,,
1,2,,0.043686,0.205184,0.306954,0.064087,0.010702,0.079708,0.030058,0.118277,0.082988,0.058357,,1724800,,
1,1,,0.068066,0.246381,0.089405,0.122099,0.021986,0.089378,0.023263,0.082271,0.087433,0.169719,,1603300,,
1,1,,0.062521,0.269806,0.110177,0.091813,0.029734,0.091482,0.014237,0.103195,0.085947,0.141089,,1611100,,
1,1,,0.042061,0.253731,0.159853,0.11535,0.024053,0.085226,0.009447,0.120673,0.078459,0.111145,,2079700,,
1,1,,0.074211,0.257094,0.113786,0.102228,0.025444,0.086348,0.023866,0.094284,0.068931,0.153808,,1883100,,
1,1,,0.076085,0.248354,0.069155,0.134919,0.028872,0.082793,0.045514,0.072602,0.086457,0.155249,,1657500,,
1,1,,0.074233,0.225397,0.111895,0.113215,0.025612,0.085274,0.04567,0.115388,0.071646,0.131669,,1762600,,
1,2,,0.022975,0.191102,0.341927,0.062191,0.010509,0.061194,0.030103,0.186181,0.059629,0.034187,,1777600,,
1,2,,0.04869,0.136926,0.327254,0.031777,0.027728,0.073811,0.100771,0.114721,0.106219,0.032103,,2383900,,
1,1,,0.01176,0.240395,0.179743,0.111016,0.015741,0.082473,0.009864,0.159702,0.100604,0.088703,,1613800,,
1,2,,0.061345,0.208009,0.253263,0.042782,0.024504,0.055048,0.091122,0.172238,0.053277,0.038411,,1604300,,
1,6,,0.060651,0.09743,0.094253,0.133076,0.083041,0.132667,0.135546,0.075443,0.096599,0.091293,,1609800,,
1,2,,0.033419,0.223271,0.296461,0.054173,0.036928,0.056959,0.052267,0.157316,0.049503,0.039703,,1892100,,
1,2,,0.018794,0.201672,0.326444,0.079431,0.009169,0.084486,0.022392,0.1802,0.038126,0.039286,,1608000,,
1,1,,0.057773,0.251525,0.09901,0.146015,0.013631,0.078582,0.020766,0.088103,0.095669,0.148927,,1605900,,
1,2,,0.023246,0.212706,0.336334,0.054631,0.01051,0.065933,0.030141,0.188054,0.044971,0.033473,,1595800,,
1,1,,0.066983,0.239856,0.069833,0.131117,0.018929,0.078189,0.043041,0.052195,0.10753,0.192328,,3168800,,
1,2,,0.043414,0.236455,0.253647,0.035571,0.04627,0.067531,0.094709,0.066287,0.098061,0.058055,,2894500,,
1,3,,0.048702,0.163905,0.116608,0.222085,0.031397,0.07783,0.020819,0.08906,0.084276,0.145317,,3506300,,
1,1,,0.050396,0.214787,0.162936,0.022441,0.146474,0.06559,0.098015,0.063493,0.088082,0.087786,,2442500,,
1,3,,0.040536,0.138488,0.097258,0.287709,0.038233,0.065334,0.02125,0.152601,0.038351,0.12024,,1967100,,
1,1,,0.058209,0.248375,0.095433,0.125306,0.018555,0.077901,0.044624,0.097204,0.078493,0.155899,,1979200,,
1,3,,0.049107,0.184865,0.100123,0.194723,0.011647,0.075031,0.021712,0.111736,0.102999,0.148057,,2383200,,
1,1,,0.035579,0.270153,0.224861,0.09238,0.017526,0.082022,0.011811,0.112966,0.059178,0.093523,,1643100,,
1,2,,0.037775,0.246289,0.27496,0.035783,0.02354,0.075173,0.068254,0.122026,0.077094,0.039105,,1616600,,
1,2,,0.019064,0.162799,0.278374,0.100268,0.012014,0.091438,0.017027,0.211002,0.07205,0.035965,,1625600,,
1,2,,0.059308,0.132225,0.325936,0.031412,0.033085,0.068013,0.117055,0.087974,0.115027,0.029965,,1614700,,
1,2,,0.06054,0.172227,0.287171,0.028062,0.024441,0.064524,0.093755,0.172855,0.062202,0.034221,,1671900,,
1,3,,0.049065,0.1804,0.091669,0.195561,0.031932,0.076574,0.021703,0.096331,0.105972,0.150792,,1773700,,
1,3,,0.053576,0.13185,0.107554,0.166406,0.041879,0.104414,0.08336,0.114386,0.097447,0.099127,,1604400,,
1,2,,0.047528,0.179538,0.185991,0.113787,0.00883,0.073955,0.022947,0.166678,0.096001,0.104744,,1588900,,
1,1,,0.091982,0.209192,0.058852,0.113276,0.02488,0.080059,0.027685,0.08908,0.097437,0.207558,,1708700,,
1,1,,0.020051,0.241956,0.180937,0.110931,0.035043,0.08118,0.009781,0.148634,0.080048,0.091439,,1625700,,
1,1,,0.029566,0.22363,0.125994,0.172978,0.03148,0.06852,0.019367,0.110928,0.091362,0.126174,,1597800,,
1,3,,0.049488,0.185482,0.097748,0.192853,0.011719,0.072474,0.021703,0.095905,0.107503,0.165125,,1683800,,
1,1,,0.049732,0.256239,0.140288,0.124016,0.023715,0.079678,0.009375,0.130947,0.096574,0.089437,,1596200,,
1,1,,0.097074,0.24069,0.080106,0.069583,0.060154,0.092517,0.021678,0.11303,0.04644,0.178729,,1592500,,
1,2,,0.029485,0.192287,0.328823,0.054371,0.015143,0.068414,0.038858,0.182962,0.056248,0.033409,,1610400,,
1,1,,0.041739,0.265501,0.138164,0.130431,0.023568,0.080275,0.009412,0.119532,0.099617,0.091761,,1607900,,
1,3,,0.057944,0.122744,0.110131,0.154933,0.046065,0.114139,0.120324,0.106188,0.092993,0.074539,,1697700,,
1,1,,0.035211,0.21843,0.140494,0.145246,0.034029,0.074205,0.018754,0.13422,0.077129,0.122281,,1599900,,
1,1,,0.021497,0.253274,0.194658,0.092698,0.029154,0.079041,0.011217,0.142222,0.091246,0.084993,,1621100,,
1,1,,0.063299,0.24453,0.092931,0.136698,0.020125,0.080366,0.041668,0.06801,0.096186,0.156186,,1768900,,
1,1,,0.057671,0.280813,0.09277,0.118056,0.018517,0.077343,0.044574,0.074362,0.079153,0.15674,,1694400,,
1,3,,0.049489,0.190436,0.108371,0.207387,0.009337,0.068135,0.021565,0.125178,0.09329,0.126813,,1611000,,
1,1,,0.042943,0.280792,0.197047,0.089821,0.019854,0.081843,0.010239,0.130925,0.055935,0.090601,,1608100,,
1,2,,0.083572,0.152387,0.318681,0.031412,0.034067,0.06312,0.124637,0.065968,0.096246,0.029909,,1597400,,
1,1,,0.068337,0.277791,0.108711,0.089259,0.036673,0.089726,0.035653,0.10303,0.065321,0.125499,,1684000,,
1,3,,0.05312,0.062599,0.089776,0.312868,0.02804,0.093376,0.080231,0.084287,0.075475,0.120228,,1601900,,
1,1,,0.021694,0.239179,0.135756,0.12297,0.043677,0.086291,0.009466,0.131141,0.098303,0.111522,,1604300,,
1,1,,0.08613,0.246736,0.119672,0.097786,0.034674,0.084928,0.022598,0.114536,0.059879,0.133061,,1601100,,
1,1,,0.048635,0.223558,0.095067,0.175822,0.013476,0.084646,0.021847,0.098619,0.091396,0.146935,,1595700,,
1,2,,0.039033,0.182646,0.294194,0.086465,0.029287,0.059967,0.01894,0.213729,0.034078,0.04166,,1766900,,
1,1,,0.02147,0.245698,0.136848,0.130847,0.044511,0.080004,0.009514,0.141806,0.097792,0.09151,,1611300,,
1,2,,0.042581,0.171643,0.237755,0.099701,0.035556,0.065707,0.011297,0.233879,0.041017,0.060864,,1608800,,
1,2,,0.055854,0.168355,0.28247,0.042835,0.023928,0.062149,0.066421,0.208642,0.051366,0.03798,,1605800,,
1,3,,0.05081,0.083485,0.060754,0.238862,0.029445,0.114651,0.13327,0.075927,0.08304,0.129756,,1599100,,
1,2,,0.042981,0.187148,0.288311,0.072063,0.032022,0.058204,0.02668,0.218515,0.034706,0.03937,,1690100,,
1,1,,0.036412,0.203954,0.102174,0.194522,0.034456,0.07419,0.020001,0.110228,0.088435,0.135627,,1613100,,
1,1,,0.064535,0.191667,0.08789,0.141901,0.017888,0.069155,0.023868,0.118321,0.113094,0.171681,,1613300,,
1,1,,0.097074,0.247747,0.082692,0.083129,0.083357,0.089478,0.019823,0.096043,0.0465,0.154156,,1612500,,
1,1,,0.085886,0.247071,0.13446,0.075536,0.077462,0.080638,0.015571,0.106863,0.038243,0.138269,,1686100,,
1,1,,0.062104,0.235193,0.149437,0.09727,0.030037,0.086863,0.01241,0.1388,0.08516,0.102727,,1685400,,
1,3,,0.0394,0.156716,0.115505,0.166213,0.049723,0.083849,0.095863,0.103752,0.055377,0.133602,,1617800,,
1,2,,0.046974,0.164897,0.18141,0.153478,0.029103,0.105038,0.023658,0.125899,0.073389,0.096153,,1642400,,
1,1,,0.0702,0.248419,0.075381,0.129831,0.019698,0.081433,0.024264,0.070092,0.105715,0.174967,,1626600,,
1,1,,0.068429,0.242063,0.090492,0.133471,0.02204,0.086546,0.043372,0.077899,0.090565,0.145122,,1611500,,
1,1,,0.028331,0.270828,0.15937,0.089641,0.03432,0.090875,0.011266,0.135471,0.077604,0.102295,,1617700,,
1,1,,0.051776,0.210538,0.081039,0.12996,0.012392,0.07964,0.023141,0.096158,0.116723,0.198632,,1702000,,
1,1,,0.100359,0.240351,0.057952,0.115366,0.043827,0.083177,0.02555,0.073612,0.087314,0.172492,,1613300,,
1,1,,0.149921,0.258473,0.087703,0.073516,0.063421,0.084393,0.023361,0.088424,0.052961,0.117826,,1648500,,
1,1,,0.052804,0.244204,0.082352,0.143775,0.012124,0.074827,0.042732,0.056182,0.106515,0.184486,,1631300,,
1,1,,0.048644,0.205736,0.101046,0.183119,0.013476,0.080804,0.019989,0.098649,0.091703,0.156834,,1615300,,
1,2,,0.041106,0.233036,0.278012,0.035748,0.024386,0.059567,0.094575,0.120209,0.077325,0.036037,,1711100,,
1,1,,0.047452,0.241865,0.142311,0.141053,0.012977,0.076487,0.018723,0.103091,0.080992,0.13505,,1612700,,
1,1,,0.042982,0.253051,0.114238,0.137189,0.0206,0.090034,0.01316,0.117527,0.078076,0.133142,,1631000,,
1,1,,0.057332,0.231223,0.095032,0.156553,0.013697,0.082173,0.021833,0.098641,0.094059,0.149457,,1623800,,
1,1,,0.018595,0.19752,0.181849,0.162393,0.035124,0.065505,0.019424,0.138592,0.070135,0.110864,,1628600,,
1,2,,0.025643,0.203413,0.329416,0.054445,0.014179,0.062375,0.031157,0.195582,0.048541,0.035248,,1713500,,
1,1,,0.029359,0.258035,0.140428,0.111514,0.032185,0.090776,0.013206,0.133661,0.076144,0.114692,,1630500,,
1,1,,0.054537,0.270285,0.116119,0.105585,0.029588,0.087967,0.012415,0.102312,0.089009,0.132184,,1746200,,
1,1,,0.074531,0.266175,0.09647,0.103255,0.02851,0.087987,0.025262,0.083251,0.069085,0.165472,,1613200,,
1,2,,0.052582,0.186859,0.283714,0.054046,0.016983,0.057176,0.051409,0.20959,0.049039,0.038602,,1610400,,
1,2,,0.041106,0.213036,0.298012,0.035748,0.024386,0.059567,0.094575,0.120209,0.077325,0.036037,,1738700,,
1,1,,0.081228,0.281392,0.103572,0.085912,0.045862,0.087361,0.032682,0.092142,0.056865,0.132986,,1622700,,
1,1,,0.047452,0.230904,0.144398,0.141112,0.012977,0.076216,0.018723,0.113592,0.080706,0.133921,,1609000,,
1,1,,0.102114,0.211747,0.069862,0.073803,0.075555,0.089682,0.028819,0.097315,0.048524,0.202578,,1607400,,
1,2,,0.051494,0.102453,0.336394,0.020628,0.033081,0.099066,0.098208,0.142225,0.088958,0.027492,,1678300,,
1,1,,0.03252,0.272284,0.178186,0.111393,0.015832,0.076555,0.009845,0.134533,0.076069,0.092782,,1615800,,
1,2,,0.022842,0.18622,0.34674,0.069386,0.030979,0.061592,0.029866,0.177906,0.037826,0.036642,,1713200,,
1,2,,0.051563,0.203979,0.281344,0.03533,0.029724,0.059337,0.110952,0.106068,0.087858,0.033846,,1612500,,
1,1,,0.081124,0.300358,0.127655,0.066757,0.035998,0.087501,0.033234,0.090871,0.060964,0.115537,,1715200,,
1,1,,0.069374,0.282951,0.181744,0.059727,0.028206,0.084016,0.012923,0.130425,0.064941,0.085692,,1599200,,
1,5,,0.060748,0.098338,0.091751,0.11814,0.085723,0.159012,0.145272,0.073926,0.074641,0.092448,,1614900,,
1,1,,0.05708,0.296488,0.11624,0.095263,0.030908,0.086663,0.032605,0.091277,0.056254,0.137222,,1606700,,
1,1,,0.061856,0.25474,0.130875,0.117338,0.01972,0.084544,0.042562,0.093526,0.059021,0.135818,,1693400,,
1,3,,0.053965,0.109387,0.104745,0.156113,0.061353,0.112614,0.117468,0.098417,0.090248,0.09569,,1609600,,
1,1,,0.033795,0.249253,0.153554,0.132588,0.025335,0.075709,0.00994,0.136456,0.094395,0.088975,,1615100,,
1,1,,0.051487,0.25298,0.085536,0.14956,0.013825,0.079255,0.041301,0.060267,0.098745,0.167043,,1605300,,
1,2,,0.047281,0.206592,0.286235,0.035348,0.028742,0.061304,0.103287,0.092004,0.104772,0.034435,,2126600,,
1,3,,0.068397,0.164485,0.110871,0.208597,0.009396,0.072518,0.021187,0.10292,0.114247,0.127382,,3239900,,
1,1,,0.077987,0.239232,0.087263,0.099855,0.032781,0.110232,0.027604,0.080408,0.069684,0.174954,,2897200,,
1,2,,0.036428,0.187459,0.313954,0.043273,0.020984,0.074499,0.05864,0.125832,0.100789,0.038143,,2055200,,
1,1,,0.047433,0.238034,0.133387,0.126546,0.013049,0.084661,0.020599,0.122611,0.08009,0.133589,,1968300,,
1,1,,0.056627,0.292464,0.133414,0.108939,0.030591,0.082614,0.029756,0.095792,0.056302,0.1135,,1963300,,
