pendigits,CWE,test,0,NANOSECONDS,PREDICTIONS, Generated by ClassifierExperiments.java on 2022-05-16 22:36:07.    SYSTEMPROPERTIES:{user.name:matth,os.arch:amd64,os.name:Windows 10},ENDSYSTEMPROPERTIES
No parameter info
0.7623807360290777,1559734500,3863847400,-1,0,10,,-1,-1
0,0,,0.410164,0.053136,0.01675,0.035229,0.075313,0.09256,0.05916,0.0534,0.123041,0.081247,,2272200,,
0,0,,0.405568,0.017328,0.016915,0.002261,0.177864,0.083245,0.081225,0.043484,0.102218,0.069891,,2230300,,
0,0,,0.321659,0.017549,0.016915,0.002261,0.206542,0.103584,0.089817,0.04534,0.127597,0.068735,,1998400,,
0,0,,0.437273,0.027551,0.017172,0.020921,0.123366,0.079156,0.08118,0.04464,0.101438,0.067304,,2028100,,
0,0,,0.441017,0.028847,0.017172,0.021123,0.081481,0.082642,0.068414,0.046175,0.11494,0.098188,,1951700,,
0,0,,0.433193,0.041377,0.018599,0.022059,0.101266,0.078341,0.068055,0.046157,0.109792,0.081161,,1964400,,
0,0,,0.419629,0.028047,0.017418,0.003342,0.13055,0.081469,0.08118,0.044665,0.10186,0.091841,,1967700,,
0,0,,0.346261,0.018034,0.018506,0.002238,0.155933,0.080829,0.097948,0.045307,0.148218,0.086726,,2028700,,
0,0,,0.405568,0.017328,0.016915,0.002261,0.177864,0.083245,0.081225,0.043484,0.102218,0.069891,,1977300,,
0,0,,0.405568,0.017328,0.016915,0.002261,0.177864,0.083245,0.081225,0.043484,0.102218,0.069891,,2781700,,
0,0,,0.387498,0.030777,0.02373,0.003277,0.143257,0.081839,0.080702,0.050537,0.110554,0.087829,,3140400,,
0,0,,0.404333,0.050852,0.023308,0.01616,0.078834,0.089822,0.062056,0.052415,0.117919,0.104301,,3601600,,
0,0,,0.295693,0.035023,0.013744,0.002151,0.201939,0.100974,0.116648,0.04318,0.128427,0.062221,,4348100,,
0,0,,0.434263,0.031118,0.018342,0.003399,0.129756,0.080743,0.068689,0.044854,0.104762,0.084075,,3304300,,
0,0,,0.377034,0.017328,0.016915,0.002261,0.177755,0.103245,0.080748,0.043771,0.111089,0.069854,,2430800,,
0,0,,0.416032,0.030777,0.02373,0.003277,0.143366,0.081839,0.08118,0.05025,0.101684,0.067865,,1711400,,
0,0,,0.371261,0.014944,0.013744,0.002151,0.19303,0.100682,0.092943,0.042597,0.105309,0.06334,,1687200,,
0,0,,0.347796,0.020341,0.013662,0.002755,0.165972,0.084286,0.110773,0.044902,0.118259,0.091253,,1636600,,
0,0,,0.350629,0.020562,0.014175,0.002755,0.174274,0.08139,0.101958,0.044996,0.139127,0.070134,,1666200,,
0,0,,0.405568,0.017328,0.016915,0.002261,0.177864,0.083245,0.081225,0.043484,0.102218,0.069891,,1890100,,
0,0,,0.292727,0.022935,0.016744,0.035319,0.171553,0.093962,0.124895,0.043211,0.144322,0.054332,,2202900,,
0,0,,0.461017,0.028847,0.017172,0.021123,0.081481,0.082642,0.068414,0.046175,0.11494,0.078188,,3057400,,
0,0,,0.399796,0.014944,0.013744,0.002151,0.193139,0.080682,0.09342,0.04231,0.096438,0.063376,,3153300,,
0,0,,0.350282,0.057292,0.023308,0.017586,0.075349,0.115494,0.059196,0.042373,0.13513,0.123991,,3030700,,
0,0,,0.371776,0.022725,0.016833,0.002865,0.170213,0.083613,0.080693,0.044601,0.108911,0.097768,,3673200,,
0,0,,0.306795,0.01313,0.018488,0.019687,0.176062,0.081157,0.088066,0.049309,0.169433,0.077873,,3509700,,
0,0,,0.292786,0.080476,0.036969,0.051616,0.039111,0.133627,0.02652,0.091474,0.165111,0.082309,,3328000,,
0,0,,0.410164,0.053136,0.01675,0.035229,0.075313,0.09256,0.05916,0.0534,0.123041,0.081247,,1782600,,
0,0,,0.410164,0.053136,0.01675,0.035229,0.075313,0.09256,0.05916,0.0534,0.123041,0.081247,,2553800,,
0,0,,0.264504,0.024517,0.025899,0.015319,0.171219,0.150762,0.111241,0.064734,0.117403,0.054402,,2096900,,
0,0,,0.418983,0.044259,0.013579,0.021896,0.120678,0.08429,0.075363,0.044037,0.108781,0.068133,,1627800,,
0,0,,0.335693,0.015023,0.013744,0.002151,0.201939,0.100974,0.116648,0.04318,0.108427,0.062221,,1878500,,
0,0,,0.425574,0.047626,0.01675,0.033803,0.078834,0.087139,0.062056,0.046804,0.117674,0.083739,,2235900,,
0,0,,0.379454,0.017324,0.016915,0.002261,0.186611,0.083584,0.07211,0.045303,0.127704,0.068735,,2138400,,
0,0,,0.230466,0.200337,0.031599,0.068237,0.034032,0.108824,0.021917,0.068345,0.13661,0.099632,,2055000,,
0,0,,0.271317,0.025462,0.019915,0.015429,0.176156,0.093333,0.097598,0.065084,0.154789,0.080917,,2144100,,
0,0,,0.312727,0.022935,0.016744,0.015319,0.171553,0.073962,0.124895,0.043211,0.124322,0.094332,,2586800,,
0,0,,0.334184,0.015169,0.013744,0.002151,0.192863,0.100682,0.128461,0.042786,0.10662,0.06334,,2787800,,
0,0,,0.28937,0.033488,0.051158,0.003039,0.098763,0.141091,0.100997,0.049503,0.15263,0.07996,,2920000,,
0,0,,0.397034,0.017328,0.016915,0.002261,0.177755,0.083245,0.080748,0.043771,0.111089,0.069854,,2589000,,
0,0,,0.377034,0.017328,0.016915,0.002261,0.177755,0.103245,0.080748,0.043771,0.111089,0.069854,,1621200,,
0,0,,0.271358,0.026536,0.024325,0.025642,0.148747,0.098783,0.086879,0.052812,0.164307,0.100612,,1617000,,
0,0,,0.330436,0.020419,0.014175,0.002755,0.174396,0.101342,0.116594,0.044011,0.125737,0.070134,,1660400,,
0,0,,0.435054,0.018698,0.016915,0.002463,0.131715,0.083736,0.080699,0.044653,0.103902,0.082166,,1615400,,
0,0,,0.417273,0.027551,0.017172,0.020921,0.123366,0.079156,0.08118,0.04464,0.101438,0.087304,,1596100,,
0,0,,0.434242,0.048013,0.01675,0.022207,0.079254,0.087343,0.062642,0.046381,0.116245,0.086923,,1670400,,
0,0,,0.425568,0.017328,0.016915,0.002261,0.157864,0.083245,0.081225,0.043484,0.102218,0.069891,,1614800,,
0,0,,0.248318,0.035023,0.013744,0.002151,0.241939,0.117735,0.116182,0.042894,0.119725,0.062291,,2198300,,
0,0,,0.339019,0.017471,0.016915,0.002261,0.178118,0.106528,0.083997,0.046232,0.139606,0.069854,,2316900,,
0,0,,0.405568,0.017328,0.016915,0.002261,0.177864,0.083245,0.081225,0.043484,0.102218,0.069891,,1608500,,
0,0,,0.368926,0.020566,0.013662,0.002755,0.16532,0.081051,0.128407,0.043616,0.104443,0.071253,,2388700,,
0,0,,0.377944,0.017471,0.016915,0.002261,0.177534,0.083292,0.083923,0.044908,0.125897,0.069854,,1618200,,
0,0,,0.377034,0.017328,0.016915,0.002261,0.177755,0.103245,0.080748,0.043771,0.111089,0.069854,,1719700,,
0,0,,0.353466,0.015169,0.013744,0.002151,0.192962,0.100682,0.110649,0.042634,0.105202,0.06334,,1605400,,
0,0,,0.420778,0.018624,0.016915,0.002463,0.115871,0.086731,0.067982,0.045306,0.124591,0.100739,,1603100,,
0,0,,0.344561,0.053985,0.017361,0.035229,0.072102,0.127918,0.05639,0.063845,0.145378,0.083231,,1689900,,
0,0,,0.389402,0.022725,0.016833,0.002865,0.150321,0.083613,0.09208,0.044314,0.100041,0.097804,,1593700,,
0,0,,0.335887,0.015165,0.013744,0.002151,0.201817,0.101022,0.102012,0.044166,0.121817,0.062221,,1607800,,
0,0,,0.315887,0.015165,0.013744,0.002151,0.221817,0.101022,0.102012,0.044166,0.121817,0.062221,,1603200,,
0,0,,0.368926,0.020566,0.013662,0.002755,0.16532,0.081051,0.128407,0.043616,0.104443,0.071253,,1596400,,
0,0,,0.354976,0.015023,0.013744,0.002151,0.222038,0.080974,0.098837,0.043028,0.107009,0.062221,,1606000,,
0,0,,0.416033,0.056318,0.023308,0.017586,0.078559,0.091244,0.062056,0.05302,0.120991,0.080885,,1899800,,
0,0,,0.408209,0.068849,0.024735,0.018522,0.078344,0.086942,0.061697,0.053002,0.115843,0.083857,,1646700,,
0,0,,0.339019,0.017471,0.016915,0.002261,0.178118,0.106528,0.083997,0.046232,0.139606,0.069854,,1612900,,
0,0,,0.356402,0.022946,0.016833,0.002865,0.158999,0.083952,0.089763,0.04617,0.12542,0.096649,,1651600,,
0,0,,0.205095,0.050381,0.086458,0.015329,0.082039,0.163819,0.115258,0.05961,0.125369,0.09664,,1641700,,
0,0,,0.412089,0.017931,0.016915,0.002389,0.173095,0.083086,0.069304,0.044609,0.105342,0.07524,,1848200,,
0,0,,0.388923,0.058835,0.016768,0.021715,0.075367,0.094797,0.05916,0.034303,0.123961,0.12617,,1604200,,
0,0,,0.439777,0.032073,0.02373,0.003479,0.081481,0.085325,0.068414,0.051785,0.115186,0.09875,,1619500,,
0,0,,0.265351,0.022935,0.036744,0.015319,0.171553,0.130723,0.124429,0.042924,0.115619,0.074402,,1624600,,
0,0,,0.341659,0.017549,0.016915,0.002261,0.186542,0.103584,0.089817,0.04534,0.127597,0.068735,,1612100,,
0,0,,0.440778,0.018624,0.016915,0.002463,0.115871,0.086731,0.067982,0.045306,0.124591,0.080739,,1606800,,
0,0,,0.321659,0.037549,0.016915,0.002261,0.186542,0.103584,0.089817,0.04534,0.127597,0.068735,,1673100,,
0,0,,0.405568,0.017328,0.016915,0.002261,0.177864,0.083245,0.081225,0.043484,0.102218,0.069891,,1610600,,
0,0,,0.267869,0.047553,0.015171,0.003087,0.241723,0.096673,0.116289,0.043162,0.103279,0.065193,,1664800,,
0,0,,0.26715,0.025652,0.039771,0.015466,0.16202,0.170414,0.112986,0.044207,0.101613,0.06072,,1612900,,
0,0,,0.30761,0.08242,0.015274,0.038809,0.068937,0.128799,0.049989,0.068339,0.13574,0.104084,,1611200,,
0,0,,0.399796,0.014944,0.013744,0.002151,0.173139,0.080682,0.09342,0.04231,0.096438,0.083376,,1656600,,
0,0,,0.320596,0.032992,0.020341,0.027623,0.150662,0.093739,0.128538,0.048351,0.109268,0.067891,,1653500,,
0,0,,0.341102,0.033097,0.015089,0.003692,0.165104,0.096749,0.128048,0.043598,0.099295,0.074226,,1619100,,
0,0,,0.359454,0.017324,0.016915,0.002261,0.186611,0.083584,0.07211,0.045303,0.127704,0.088735,,1625200,,
0,0,,0.445568,0.017328,0.016915,0.002261,0.137864,0.083245,0.081225,0.043484,0.102218,0.069891,,1607200,,
0,0,,0.341781,0.015086,0.013744,0.002151,0.193502,0.103965,0.096669,0.044771,0.124955,0.063376,,1672300,,
0,0,,0.287869,0.047553,0.015171,0.003087,0.201723,0.096673,0.116289,0.043162,0.123279,0.065193,,1702500,,
0,0,,0.335693,0.015023,0.013744,0.002151,0.201939,0.100974,0.116648,0.04318,0.108427,0.062221,,1629700,,
0,0,,0.449313,0.018624,0.016915,0.002463,0.11598,0.086731,0.06846,0.045019,0.115721,0.080775,,1617700,,
0,0,,0.428526,0.053092,0.016768,0.00862,0.091612,0.088639,0.06306,0.046846,0.116798,0.086039,,1596300,,
0,0,,0.404756,0.046644,0.01675,0.022006,0.125403,0.086853,0.063169,0.045212,0.114561,0.074648,,1680600,,
0,0,,0.413001,0.051239,0.023308,0.004564,0.079254,0.090026,0.062642,0.051991,0.116491,0.107485,,1596800,,
0,0,,0.397034,0.017328,0.016915,0.002261,0.177755,0.083245,0.080748,0.043771,0.111089,0.069854,,1601900,,
0,0,,0.334976,0.015023,0.013744,0.002151,0.222038,0.100974,0.098837,0.043028,0.107009,0.062221,,1620800,,
0,0,,0.278354,0.125911,0.034865,0.060228,0.03515,0.129641,0.020029,0.068838,0.132851,0.114135,,1602400,,
0,0,,0.34332,0.059684,0.017379,0.021715,0.072156,0.130154,0.05639,0.064748,0.146298,0.088155,,1726200,,
0,0,,0.3915,0.025166,0.014001,0.020811,0.178641,0.076593,0.093375,0.043466,0.095658,0.060789,,3065800,,
0,0,,0.302612,0.03295,0.015089,0.003692,0.19418,0.097041,0.116235,0.043992,0.121102,0.073107,,3343500,,
0,0,,0.318692,0.025462,0.019915,0.015429,0.156156,0.076572,0.098064,0.045371,0.143492,0.100846,,2501100,,
0,0,,0.385326,0.026491,0.023675,0.002851,0.161414,0.080209,0.087087,0.051019,0.114099,0.067828,,1604700,,
0,0,,0.32636,0.0277,0.015171,0.003087,0.192647,0.096381,0.128102,0.042768,0.101472,0.066313,,1616000,,
0,0,,0.321659,0.017549,0.016915,0.002261,0.206542,0.103584,0.089817,0.04534,0.127597,0.068735,,1617800,,
0,0,,0.42652,0.018698,0.016915,0.002463,0.131606,0.083736,0.080221,0.04494,0.112772,0.08213,,1659900,,
0,0,,0.410259,0.028392,0.020559,0.003167,0.138641,0.079276,0.093375,0.049076,0.095904,0.081351,,1678500,,
0,0,,0.315693,0.015023,0.013744,0.002151,0.221939,0.100974,0.116648,0.04318,0.108427,0.062221,,1624800,,
0,0,,0.405568,0.017328,0.016915,0.002261,0.177864,0.083245,0.081225,0.043484,0.102218,0.069891,,1612700,,
0,0,,0.417273,0.027551,0.017172,0.020921,0.143366,0.079156,0.08118,0.04464,0.101438,0.067304,,1625700,,
0,0,,0.449313,0.018624,0.016915,0.002463,0.11598,0.086731,0.06846,0.045019,0.115721,0.080775,,1689700,,
0,0,,0.419796,0.014944,0.013744,0.002151,0.173139,0.080682,0.09342,0.04231,0.096438,0.063376,,1610400,,
0,0,,0.312471,0.028037,0.016762,0.003065,0.171114,0.093917,0.124421,0.043129,0.1439,0.063184,,1620300,,
0,0,,0.43058,0.018077,0.016915,0.002389,0.144019,0.082794,0.081117,0.044215,0.103535,0.076359,,1614200,,
0,0,,0.449313,0.018624,0.016915,0.002463,0.11598,0.086731,0.06846,0.045019,0.115721,0.080775,,1606000,,
0,0,,0.264901,0.084015,0.033438,0.066106,0.035274,0.134906,0.020478,0.067582,0.159702,0.133598,,1690000,,
0,0,,0.419796,0.014944,0.013744,0.002151,0.173139,0.080682,0.09342,0.04231,0.096438,0.063376,,1686400,,
0,0,,0.209242,0.050231,0.066256,0.015402,0.088922,0.164588,0.081175,0.059103,0.141547,0.123535,,1620500,,
0,0,,0.341588,0.014944,0.013744,0.002151,0.173623,0.103918,0.111305,0.043785,0.111566,0.083376,,1621300,,
0,8,,0.17587,0.078127,0.035816,0.024684,0.12,0.102799,0.107004,0.065359,0.188801,0.10154,,1679400,,
0,0,,0.397034,0.017328,0.016915,0.002261,0.177755,0.083245,0.080748,0.043771,0.111089,0.069854,,1611700,,
0,0,,0.355209,0.072215,0.018806,0.022652,0.071941,0.114774,0.056031,0.06473,0.132516,0.091128,,1624500,,
0,0,,0.405568,0.017328,0.016915,0.002261,0.157864,0.083245,0.081225,0.043484,0.102218,0.089891,,1623900,,
0,0,,0.469313,0.018624,0.016915,0.002463,0.09598,0.086731,0.06846,0.045019,0.115721,0.080775,,1628500,,
0,0,,0.304962,0.093007,0.038396,0.052552,0.038895,0.129326,0.026161,0.091455,0.139963,0.085282,,1690700,,
0,0,,0.405568,0.017328,0.016915,0.002261,0.177864,0.083245,0.081225,0.043484,0.102218,0.069891,,1624000,,
0,0,,0.321659,0.017549,0.016915,0.002261,0.206542,0.103584,0.089817,0.04534,0.127597,0.068735,,1676400,,
0,0,,0.339019,0.017471,0.016915,0.002261,0.178118,0.106528,0.083997,0.046232,0.139606,0.069854,,1648300,,
0,0,,0.341781,0.015086,0.013744,0.002151,0.193502,0.103965,0.096669,0.044771,0.124955,0.063376,,1624000,,
0,0,,0.253457,0.028386,0.05114,0.015294,0.079786,0.148034,0.101508,0.050424,0.180827,0.091144,,1767600,,
0,0,,0.425568,0.017328,0.016915,0.002261,0.157864,0.083245,0.081225,0.043484,0.102218,0.069891,,1626000,,
0,0,,0.425568,0.017328,0.016915,0.002261,0.157864,0.083245,0.081225,0.043484,0.102218,0.069891,,1617700,,
0,0,,0.433998,0.033991,0.017172,0.020921,0.109209,0.083916,0.081125,0.044567,0.106008,0.069093,,1639800,,
0,0,,0.419629,0.028047,0.017418,0.003342,0.15055,0.081469,0.08118,0.044665,0.10186,0.071841,,1616000,,
0,0,,0.425568,0.017328,0.016915,0.002261,0.157864,0.083245,0.081225,0.043484,0.102218,0.069891,,1702900,,
0,0,,0.437273,0.027551,0.017172,0.020921,0.123366,0.079156,0.08118,0.04464,0.101438,0.067304,,1666500,,
0,0,,0.281019,0.114776,0.036631,0.059797,0.036977,0.129965,0.02314,0.08951,0.137258,0.090927,,1624100,,
0,0,,0.333054,0.014944,0.013744,0.002151,0.193515,0.103918,0.110828,0.044072,0.120436,0.06334,,1682400,,
0,0,,0.34015,0.017696,0.016915,0.002261,0.177466,0.103292,0.10163,0.044946,0.12579,0.069854,,1631800,,
0,0,,0.397034,0.017328,0.016915,0.002261,0.177755,0.083245,0.080748,0.043771,0.111089,0.069854,,1693900,,
0,0,,0.405568,0.017328,0.016915,0.002261,0.177864,0.083245,0.081225,0.043484,0.102218,0.069891,,1619600,,
0,0,,0.360513,0.014944,0.013744,0.002151,0.19304,0.100682,0.111232,0.042462,0.097857,0.063376,,1662900,,
0,0,,0.328578,0.035477,0.01826,0.003802,0.178784,0.099651,0.089404,0.046152,0.120271,0.079621,,1624700,,
0,0,,0.437744,0.029859,0.018342,0.003197,0.137649,0.078943,0.080866,0.043466,0.097069,0.072864,,1611400,,
0,0,,0.437273,0.027551,0.017172,0.020921,0.123366,0.079156,0.08118,0.04464,0.101438,0.067304,,1725200,,
0,0,,0.337729,0.022641,0.01633,0.00246,0.198657,0.093549,0.124475,0.042299,0.10659,0.055271,,1625000,,
0,0,,0.310436,0.020419,0.014175,0.002755,0.174396,0.101342,0.116594,0.044011,0.145737,0.070134,,1661300,,
0,0,,0.353762,0.022868,0.016833,0.002865,0.150575,0.106896,0.083942,0.047062,0.137429,0.077768,,1635100,,
0,0,,0.425568,0.017328,0.016915,0.002261,0.157864,0.083245,0.081225,0.043484,0.102218,0.069891,,1614200,,
0,0,,0.416032,0.030777,0.02373,0.003277,0.143366,0.081839,0.08118,0.05025,0.101684,0.067865,,1785200,,
0,0,,0.405568,0.017328,0.016915,0.002261,0.177864,0.083245,0.081225,0.043484,0.102218,0.069891,,1620700,,
0,0,,0.410164,0.053136,0.01675,0.035229,0.075313,0.09256,0.05916,0.0534,0.123041,0.081247,,1624200,,
0,0,,0.195231,0.081119,0.029258,0.02575,0.119757,0.100176,0.092141,0.060163,0.191135,0.10527,,1635900,,
0,0,,0.416032,0.030777,0.02373,0.003277,0.143366,0.081839,0.08118,0.05025,0.101684,0.067865,,1637500,,
0,0,,0.32332,0.057211,0.023919,0.017586,0.072102,0.1306,0.05639,0.069455,0.145623,0.103793,,1891900,,
0,0,,0.399796,0.014944,0.013744,0.002151,0.193139,0.080682,0.09342,0.04231,0.096438,0.063376,,1649300,,
0,0,,0.399796,0.014944,0.013744,0.002151,0.193139,0.080682,0.09342,0.04231,0.096438,0.063376,,1622100,,
0,0,,0.315887,0.015165,0.013744,0.002151,0.221817,0.101022,0.102012,0.044166,0.121817,0.062221,,1614200,,
0,0,,0.276319,0.045167,0.019501,0.00257,0.20326,0.11292,0.097178,0.064172,0.117057,0.061856,,1661200,,
0,0,,0.278437,0.050564,0.019933,0.003175,0.195717,0.096527,0.097589,0.045289,0.14307,0.069699,,2857200,,
0,0,,0.405568,0.017328,0.016915,0.002261,0.177864,0.083245,0.081225,0.043484,0.102218,0.069891,,2851500,,
0,0,,0.348926,0.020566,0.013662,0.002755,0.16532,0.101051,0.128407,0.043616,0.104443,0.071253,,3021200,,
0,0,,0.405568,0.017328,0.016915,0.002261,0.177864,0.083245,0.081225,0.043484,0.102218,0.069891,,2456300,,
0,0,,0.265289,0.02818,0.016762,0.003065,0.190992,0.110725,0.109318,0.063828,0.128587,0.083254,,2076700,,
0,0,,0.397034,0.017328,0.016915,0.002261,0.177755,0.083245,0.080748,0.043771,0.111089,0.069854,,3518800,,
0,0,,0.377034,0.017328,0.016915,0.002261,0.177755,0.103245,0.080748,0.043771,0.111089,0.069854,,3828300,,
0,0,,0.333762,0.022868,0.016833,0.002865,0.150575,0.106896,0.083942,0.047062,0.137429,0.097768,,4170300,,
0,0,,0.437273,0.027551,0.017172,0.020921,0.123366,0.079156,0.08118,0.04464,0.101438,0.067304,,1768900,,
0,0,,0.442712,0.018588,0.016915,0.002463,0.129971,0.085045,0.068423,0.044873,0.10991,0.081102,,1616200,,
0,0,,0.437273,0.027551,0.017172,0.020921,0.123366,0.079156,0.08118,0.04464,0.101438,0.067304,,1608600,,
0,0,,0.377034,0.017328,0.016915,0.002261,0.177755,0.103245,0.080748,0.043771,0.111089,0.069854,,1614400,,
0,0,,0.284962,0.090534,0.044936,0.048422,0.038841,0.129772,0.026161,0.076163,0.159288,0.100921,,1697500,,
0,0,,0.186133,0.072222,0.132122,0.022157,0.047893,0.153811,0.079209,0.077343,0.106588,0.12252,,2080000,,
0,0,,0.332364,0.033182,0.015338,0.004002,0.168149,0.075726,0.125273,0.04413,0.107701,0.094135,,3968000,,
0,0,,0.292727,0.022935,0.016744,0.015319,0.171553,0.073962,0.124895,0.043211,0.144322,0.094332,,3580600,,
0,0,,0.423515,0.04987,0.023308,0.004362,0.105403,0.089535,0.063169,0.050822,0.114807,0.07521,,3138200,,
0,0,,0.417034,0.017328,0.016915,0.002261,0.157755,0.083245,0.080748,0.043771,0.111089,0.069854,,1993100,,
0,0,,0.415691,0.0624,0.024735,0.005299,0.105188,0.085234,0.062809,0.050804,0.109658,0.078183,,2063200,,
0,0,,0.334563,0.014797,0.013744,0.002151,0.202591,0.104209,0.099015,0.044466,0.122243,0.062221,,1998600,,
0,0,,0.336402,0.022946,0.017346,0.002865,0.158999,0.083952,0.089763,0.04617,0.144907,0.096649,,2031500,,
0,0,,0.327869,0.027553,0.015171,0.003087,0.201723,0.096673,0.116289,0.043162,0.103279,0.065193,,2066000,,
0,0,,0.398543,0.017182,0.016915,0.002261,0.186832,0.083537,0.068935,0.044165,0.112896,0.068735,,1988600,,
0,0,,0.254284,0.037549,0.016915,0.002261,0.246542,0.120345,0.089351,0.045053,0.118894,0.068805,,2060400,,
0,0,,0.271062,0.030564,0.019933,0.003175,0.175717,0.113288,0.097123,0.065002,0.134367,0.089769,,2000300,,
0,0,,0.385322,0.025662,0.014247,0.003231,0.185716,0.078906,0.092897,0.043778,0.104951,0.06529,,2004800,,
0,0,,0.338786,0.015654,0.014822,0.002128,0.162253,0.077927,0.136592,0.042753,0.107755,0.10133,,1977500,,
0,0,,0.371261,0.014944,0.013744,0.002151,0.19303,0.100682,0.092943,0.042597,0.105309,0.06334,,2069600,,
0,0,,0.439777,0.032073,0.02373,0.003479,0.081481,0.085325,0.068414,0.051785,0.115186,0.09875,,2048200,,
0,0,,0.348506,0.032871,0.015089,0.003692,0.165865,0.099984,0.110892,0.044597,0.10424,0.074263,,1926400,,
0,0,,0.416032,0.030777,0.02373,0.003277,0.143366,0.081839,0.08118,0.05025,0.101684,0.067865,,1607200,,
0,0,,0.372022,0.027369,0.020422,0.027018,0.158373,0.073371,0.103983,0.047331,0.090133,0.079977,,1600900,,
0,0,,0.405568,0.017328,0.016915,0.002261,0.177864,0.083245,0.081225,0.043484,0.102218,0.069891,,1601900,,
0,0,,0.402931,0.027369,0.020422,0.027018,0.158373,0.073371,0.093074,0.047331,0.090133,0.059977,,1588400,,
0,2,,0.144972,0.11213,0.191891,0.025612,0.049374,0.089123,0.073945,0.078246,0.112402,0.122306,,1667800,,
0,0,,0.3915,0.025166,0.014001,0.020811,0.178641,0.076593,0.093375,0.043466,0.095658,0.060789,,1660600,,
0,0,,0.362764,0.018766,0.016915,0.002463,0.136233,0.110014,0.071231,0.047767,0.153109,0.080739,,1600900,,
0,0,,0.419796,0.014944,0.013744,0.002151,0.173139,0.080682,0.09342,0.04231,0.096438,0.063376,,1607000,,
0,0,,0.435054,0.018698,0.016915,0.002463,0.131715,0.083736,0.080699,0.044653,0.103902,0.082166,,1676100,,
0,0,,0.402339,0.065666,0.018177,0.036166,0.075097,0.088259,0.058801,0.053382,0.117892,0.08422,,2014100,,
0,0,,0.425568,0.017328,0.016915,0.002261,0.137864,0.083245,0.081225,0.043484,0.102218,0.089891,,1983500,,
0,0,,0.416032,0.030777,0.02373,0.003277,0.143366,0.081839,0.08118,0.05025,0.101684,0.067865,,2016500,,
0,0,,0.454417,0.02881,0.017172,0.021123,0.095472,0.080956,0.068377,0.046029,0.10913,0.078515,,1957100,,
0,0,,0.347554,0.017471,0.016915,0.002261,0.178227,0.106528,0.084474,0.045945,0.130735,0.069891,,2040900,,
0,0,,0.178813,0.040166,0.067131,0.008262,0.124716,0.171192,0.150049,0.053858,0.13958,0.066232,,2013000,,
0,0,,0.358437,0.030564,0.01942,0.003175,0.155717,0.096527,0.097589,0.045289,0.123583,0.069699,,1977600,,
0,0,,0.399796,0.014944,0.013744,0.002151,0.193139,0.080682,0.09342,0.04231,0.096438,0.063376,,2038500,,
0,0,,0.320529,0.017324,0.016915,0.002261,0.207194,0.106819,0.072184,0.046626,0.141413,0.068735,,1893300,,
0,0,,0.434242,0.048013,0.01675,0.022207,0.079254,0.087343,0.062642,0.046381,0.116245,0.086923,,1593100,,
0,0,,0.332471,0.028037,0.016249,0.003065,0.191114,0.093917,0.124421,0.043129,0.104413,0.063184,,1610600,,
0,0,,0.340529,0.017324,0.016915,0.002261,0.187194,0.106819,0.072184,0.046626,0.141413,0.068735,,1599800,,
0,0,,0.395521,0.024021,0.016833,0.003067,0.128328,0.087099,0.067928,0.046136,0.122414,0.108652,,1595600,,
0,0,,0.380455,0.069073,0.037851,0.005768,0.075006,0.115134,0.058601,0.069386,0.111112,0.077614,,1676200,,
0,0,,0.375271,0.022721,0.016833,0.002865,0.159651,0.087188,0.07213,0.047456,0.139236,0.076649,,1594000,,
0,0,,0.435054,0.018698,0.016915,0.002463,0.131715,0.083736,0.080699,0.044653,0.103902,0.082166,,1600800,,
0,0,,0.334184,0.015169,0.013744,0.002151,0.192863,0.100682,0.128461,0.042786,0.10662,0.06334,,1599600,,
0,0,,0.320529,0.017324,0.016915,0.002261,0.207194,0.106819,0.072184,0.046626,0.141413,0.068735,,1743300,,
0,0,,0.40748,0.021278,0.018995,0.026082,0.144432,0.082433,0.093377,0.047277,0.099852,0.058793,,1637500,,
0,0,,0.417273,0.027551,0.017172,0.020921,0.143366,0.079156,0.08118,0.04464,0.101438,0.067304,,1634400,,
0,0,,0.419629,0.028047,0.017418,0.003342,0.15055,0.081469,0.08118,0.044665,0.10186,0.071841,,1592700,,
0,0,,0.408225,0.031606,0.014001,0.020811,0.144484,0.081354,0.09332,0.043393,0.100228,0.062578,,1587200,,
0,0,,0.335693,0.015023,0.013744,0.002151,0.201939,0.100974,0.116648,0.04318,0.108427,0.062221,,1660800,,
0,0,,0.436032,0.030777,0.02373,0.003277,0.123366,0.081839,0.08118,0.05025,0.101684,0.067865,,1620500,,
0,0,,0.397034,0.017328,0.016915,0.002261,0.177755,0.083245,0.080748,0.043771,0.111089,0.069854,,1585600,,
0,0,,0.397273,0.027551,0.017172,0.020921,0.163366,0.079156,0.08118,0.04464,0.101438,0.067304,,1612100,,
0,0,,0.422876,0.044836,0.023308,0.004564,0.079419,0.086952,0.062734,0.05221,0.117731,0.105369,,1611500,,
0,0,,0.408209,0.071322,0.018195,0.022652,0.078398,0.086496,0.061697,0.048295,0.116517,0.088219,,1650800,,
0,0,,0.320529,0.017324,0.016915,0.002261,0.207194,0.106819,0.072184,0.046626,0.141413,0.068735,,1586500,,
0,0,,0.360295,0.015507,0.014822,0.002128,0.171329,0.078219,0.12478,0.043147,0.109562,0.080211,,1587600,,
0,0,,0.289844,0.023271,0.032999,0.013818,0.069383,0.087276,0.108594,0.060802,0.176755,0.137258,,1590800,,
0,0,,0.224015,0.044183,0.092728,0.027657,0.09398,0.127582,0.081675,0.060941,0.132355,0.114884,,1608900,,
0,0,,0.413001,0.053712,0.016768,0.008693,0.099308,0.08958,0.062642,0.047284,0.117165,0.091847,,1665700,,
0,0,,0.312471,0.028037,0.016249,0.003065,0.191114,0.093917,0.124421,0.043129,0.124413,0.063184,,1589800,,
0,0,,0.330436,0.020419,0.014175,0.002755,0.174396,0.101342,0.116594,0.044011,0.125737,0.070134,,1593800,,
0,0,,0.417034,0.017328,0.016915,0.002261,0.157755,0.083245,0.080748,0.043771,0.111089,0.069854,,1606000,,
0,0,,0.433998,0.033991,0.017172,0.020921,0.109209,0.083916,0.081125,0.044567,0.106008,0.069093,,1587300,,
1,1,,0.067334,0.267631,0.079044,0.118795,0.032274,0.086335,0.013944,0.08855,0.096862,0.14923,,1686600,,
1,1,,0.042166,0.202662,0.200452,0.059552,0.106102,0.045541,0.06605,0.126318,0.0392,0.111959,,1591100,,
1,1,,0.03584,0.237418,0.105551,0.096193,0.059806,0.084188,0.00647,0.145964,0.080554,0.148016,,1592700,,
1,2,,0.0169,0.179131,0.266998,0.106711,0.031808,0.105719,0.012254,0.121478,0.060377,0.098624,,1590000,,
1,1,,0.082799,0.213529,0.082264,0.029051,0.125573,0.069601,0.040252,0.116893,0.061991,0.178048,,1588200,,
1,2,,0.045198,0.135944,0.305351,0.06602,0.058288,0.086052,0.046227,0.134588,0.046907,0.075424,,1913300,,
1,2,,0.033118,0.114633,0.333753,0.094519,0.027879,0.099787,0.018653,0.135814,0.073192,0.068652,,1612600,,
1,2,,0.014213,0.136732,0.297444,0.102483,0.026393,0.090669,0.011124,0.142008,0.064006,0.114928,,1612400,,
1,1,,0.087313,0.190866,0.044624,0.103178,0.080343,0.087671,0.040527,0.084613,0.1166,0.164265,,1695400,,
1,3,,0.053371,0.178089,0.092411,0.2004,0.032489,0.080413,0.015945,0.141312,0.066395,0.139174,,1617600,,
1,1,,0.047593,0.244995,0.106871,0.070797,0.058999,0.086275,0.006431,0.168023,0.07132,0.138698,,1708500,,
1,1,,0.062636,0.18627,0.091612,0.181038,0.031984,0.095957,0.014286,0.138849,0.060042,0.137326,,1623300,,
1,1,,0.004199,0.246201,0.242025,0.108535,0.036832,0.093905,0.015154,0.120799,0.042144,0.090208,,1623200,,
1,9,,0.015811,0.127733,0.115378,0.144004,0.033612,0.129773,0.069695,0.11843,0.075966,0.169598,,1707800,,
1,3,,0.006021,0.192359,0.104838,0.226979,0.033484,0.09359,0.016799,0.087919,0.042603,0.195409,,1651200,,
1,1,,0.024443,0.210216,0.164141,0.108652,0.042063,0.082784,0.010038,0.177665,0.045139,0.134861,,1686200,,
1,2,,0.04514,0.183171,0.272557,0.100631,0.058559,0.072627,0.044995,0.098542,0.042572,0.081206,,1614400,,
1,1,,0.036125,0.231315,0.113872,0.091414,0.061181,0.081781,0.010989,0.148377,0.083491,0.141455,,1713200,,
1,1,,0.006367,0.22106,0.182211,0.145594,0.038901,0.08492,0.010312,0.136257,0.059219,0.115159,,1744500,,
1,1,,0.033987,0.206835,0.173951,0.111187,0.042236,0.087198,0.011265,0.14248,0.066904,0.123957,,1644000,,
1,1,,0.089174,0.216355,0.076358,0.102201,0.049406,0.090139,0.014323,0.112563,0.104943,0.144538,,1629800,,
1,1,,0.03584,0.262896,0.112846,0.0893,0.059806,0.080866,0.00647,0.150804,0.06162,0.139552,,1709000,,
1,3,,0.015489,0.155257,0.100974,0.181589,0.053046,0.129481,0.01429,0.12254,0.049819,0.177515,,1628100,,
1,2,,0.005394,0.199537,0.219755,0.115162,0.040237,0.094656,0.009025,0.160837,0.076928,0.078468,,1647300,,
1,2,,0.045143,0.121193,0.29468,0.066457,0.06346,0.086114,0.045637,0.134391,0.067502,0.075424,,1629600,,
1,2,,0.029295,0.119549,0.286461,0.101243,0.026641,0.118581,0.014173,0.138902,0.051155,0.114001,,1634100,,
1,2,,0.004662,0.200461,0.262451,0.108797,0.028445,0.073658,0.030654,0.127985,0.091273,0.071615,,1665300,,
1,2,,0.053487,0.153876,0.272651,0.091415,0.060026,0.090336,0.051496,0.093925,0.05243,0.080358,,1785800,,
1,1,,0.022083,0.247979,0.159129,0.097093,0.041548,0.073126,0.00439,0.173033,0.054797,0.126823,,1624300,,
1,2,,0.022645,0.147505,0.301346,0.094753,0.025088,0.112963,0.016679,0.138787,0.051219,0.089016,,1610100,,
1,5,,0.077153,0.087835,0.081057,0.100729,0.083094,0.160592,0.153324,0.072786,0.053021,0.130411,,1810800,,
1,1,,0.013971,0.237422,0.188007,0.10912,0.041462,0.084377,0.008632,0.143866,0.042384,0.130759,,1623700,,
1,1,,0.03253,0.223236,0.190097,0.082649,0.045104,0.082937,0.011371,0.136507,0.071544,0.124025,,1619800,,
1,1,,0.064545,0.222616,0.086189,0.156908,0.03213,0.078389,0.014196,0.142238,0.064788,0.138,,1668500,,
1,1,,0.088212,0.219528,0.070246,0.120199,0.034728,0.089982,0.014468,0.107755,0.107452,0.147429,,1601900,,
1,1,,0.069174,0.202622,0.061819,0.121846,0.049406,0.093355,0.014323,0.111085,0.124917,0.151453,,1611300,,
1,2,,0.046853,0.190469,0.260155,0.06466,0.074905,0.066354,0.055373,0.102672,0.044613,0.093946,,1690600,,
1,3,,0.070596,0.111656,0.124776,0.251615,0.033284,0.0687,0.036954,0.091177,0.085955,0.125286,,1637700,,
1,2,,0.041203,0.182559,0.187845,0.049178,0.115221,0.063862,0.084683,0.093319,0.037556,0.144574,,1715700,,
1,1,,0.044249,0.193276,0.12914,0.114141,0.044179,0.078907,0.006667,0.18737,0.064813,0.137257,,1606700,,
1,1,,0.073422,0.183633,0.095385,0.151583,0.03254,0.099732,0.015573,0.144149,0.065726,0.138258,,1607100,,
1,1,,0.006116,0.287103,0.1655,0.131098,0.047119,0.06434,0.010556,0.114446,0.054409,0.119313,,1653000,,
1,1,,0.050131,0.193123,0.177389,0.026413,0.106084,0.076515,0.108782,0.081894,0.058204,0.121464,,1588500,,
1,1,,0.064771,0.182185,0.113768,0.099377,0.043873,0.082247,0.013474,0.163987,0.107589,0.128729,,1707200,,
1,2,,0.004662,0.168045,0.199753,0.124003,0.029997,0.079076,0.032102,0.142264,0.128376,0.091721,,1588800,,
1,1,,0.017728,0.30651,0.183625,0.119526,0.037127,0.058922,0.012549,0.110513,0.039929,0.113569,,1632100,,
1,1,,0.146958,0.237201,0.044883,0.025473,0.07952,0.086673,0.044715,0.076683,0.09549,0.162404,,1616000,,
1,9,,0.105632,0.195741,0.071643,0.052911,0.084053,0.080391,0.039351,0.088211,0.085649,0.196419,,1599100,,
1,2,,0.045366,0.128488,0.33397,0.075264,0.058197,0.085021,0.048805,0.11187,0.042467,0.070552,,1680700,,
1,1,,0.021876,0.257574,0.146027,0.111864,0.045687,0.067199,0.005566,0.161733,0.052438,0.130036,,1594800,,
1,1,,0.054617,0.205376,0.095437,0.108011,0.043318,0.082314,0.012187,0.163889,0.10768,0.127172,,1597100,,
1,1,,0.041968,0.209011,0.139238,0.124269,0.041183,0.093834,0.011542,0.140525,0.072692,0.125738,,1602800,,
1,2,,0.022645,0.147505,0.321346,0.094753,0.025088,0.092963,0.016679,0.138787,0.051219,0.089016,,1598600,,
1,1,,0.022744,0.195621,0.157962,0.109287,0.041607,0.092694,0.009399,0.187231,0.058158,0.125297,,1677300,,
1,1,,0.021286,0.215486,0.158327,0.124655,0.040291,0.089946,0.004244,0.16615,0.045726,0.133889,,1632300,,
1,1,,0.07651,0.218122,0.0871,0.112332,0.047342,0.090519,0.015065,0.115019,0.090394,0.147598,,1790800,,
1,2,,0.014665,0.136736,0.324942,0.095921,0.025243,0.089525,0.016357,0.141313,0.06572,0.089579,,1626200,,
1,9,,0.015537,0.134558,0.131699,0.169131,0.031718,0.132367,0.037289,0.092712,0.07957,0.175418,,1592200,,
1,2,,0.010374,0.148445,0.260031,0.114196,0.026163,0.133132,0.012368,0.153219,0.073825,0.068247,,1682300,,
1,1,,0.053881,0.223863,0.099899,0.104127,0.045855,0.088163,0.008815,0.135271,0.084736,0.15539,,1597900,,
1,1,,0.05296,0.217587,0.10888,0.111758,0.045955,0.078185,0.013424,0.140584,0.096329,0.134337,,1615900,,
1,1,,0.077313,0.213871,0.079125,0.12935,0.034066,0.091574,0.013239,0.117869,0.106492,0.1371,,1605300,,
1,1,,0.045161,0.180325,0.174206,0.04806,0.115351,0.078966,0.085164,0.08495,0.040431,0.147386,,1600300,,
1,2,,0.006382,0.21578,0.264302,0.109301,0.036471,0.080249,0.011239,0.145502,0.036255,0.094516,,1680900,,
1,3,,0.034605,0.17165,0.096083,0.202622,0.032987,0.092711,0.014383,0.117227,0.074902,0.162831,,1620300,,
1,1,,0.072739,0.177943,0.105104,0.16392,0.032435,0.09651,0.015946,0.139934,0.059952,0.135518,,1653100,,
1,1,,0.05344,0.172947,0.087332,0.157356,0.032522,0.083403,0.015447,0.146844,0.105514,0.145196,,1596600,,
1,1,,0.042757,0.202032,0.116787,0.111512,0.045381,0.077005,0.012226,0.164203,0.07903,0.149066,,1621600,,
1,1,,0.005732,0.220849,0.213421,0.126178,0.046921,0.077214,0.009678,0.155509,0.062672,0.081825,,1641100,,
1,2,,0.077773,0.113026,0.157859,0.035991,0.149914,0.076131,0.116026,0.057394,0.064354,0.151532,,1828000,,
1,1,,0.023871,0.259944,0.12212,0.104803,0.045723,0.082741,0.005386,0.157415,0.064524,0.133472,,1621300,,
1,2,,0.038914,0.127639,0.136327,0.130462,0.048192,0.130908,0.083462,0.117419,0.075451,0.111226,,1620800,,
1,6,,0.068254,0.071559,0.067623,0.067061,0.117417,0.142214,0.193896,0.052451,0.083673,0.135852,,1632200,,
1,2,,0.014477,0.214149,0.258746,0.12571,0.033235,0.092083,0.01564,0.119721,0.04035,0.085889,,1695400,,
1,1,,0.08862,0.265623,0.068655,0.062367,0.038826,0.088623,0.008662,0.127553,0.070687,0.180385,,1678500,,
1,1,,0.065804,0.245361,0.102742,0.059437,0.078237,0.077143,0.041005,0.121723,0.085165,0.123382,,1683800,,
1,2,,0.014097,0.225426,0.2255,0.123961,0.045484,0.086811,0.00944,0.114953,0.04015,0.114178,,1621200,,
1,2,,0.05512,0.18273,0.225418,0.05584,0.068401,0.095747,0.045751,0.091816,0.073878,0.105298,,1626800,,
1,1,,0.076742,0.210159,0.086694,0.116056,0.032777,0.087348,0.015288,0.110911,0.096396,0.167628,,1618900,,
1,2,,0.022965,0.18735,0.208323,0.128674,0.027505,0.092927,0.010545,0.171664,0.065089,0.084959,,1652400,,
1,1,,0.016826,0.217889,0.193324,0.13513,0.032877,0.083888,0.011922,0.137685,0.058962,0.111496,,1616300,,
1,1,,0.07344,0.191697,0.087332,0.137981,0.032522,0.083403,0.015447,0.146844,0.085514,0.145821,,1697000,,
1,1,,0.054212,0.238804,0.092505,0.105855,0.041889,0.090259,0.01187,0.113151,0.088198,0.163258,,1630000,,
1,1,,0.063696,0.187547,0.109815,0.050123,0.078879,0.066242,0.041278,0.156214,0.077429,0.168777,,1629300,,
1,1,,0.095588,0.226656,0.087207,0.098783,0.040639,0.087302,0.008612,0.110749,0.103273,0.141191,,1739800,,
1,9,,0.015563,0.141611,0.121473,0.156054,0.033046,0.150818,0.014364,0.12099,0.069231,0.17685,,1626800,,
1,2,,0.044181,0.112968,0.28575,0.0817,0.047838,0.117378,0.01918,0.150761,0.050686,0.089558,,1715100,,
1,9,,0.038914,0.110271,0.124494,0.131356,0.048264,0.133363,0.083436,0.115506,0.073351,0.141046,,1605600,,
1,1,,0.022025,0.275011,0.132147,0.103477,0.044385,0.077565,0.005301,0.146859,0.050993,0.142236,,1632000,,
1,1,,0.047593,0.222889,0.106409,0.087324,0.058999,0.087122,0.006431,0.152677,0.091619,0.138936,,1647800,,
1,2,,0.003666,0.177412,0.280779,0.114268,0.025878,0.088663,0.013608,0.153163,0.073951,0.068611,,1627000,,
1,2,,0.045134,0.152651,0.271516,0.078725,0.064833,0.085398,0.0438,0.114522,0.063296,0.080125,,1712800,,
1,3,,0.052908,0.121399,0.121026,0.260668,0.029273,0.088014,0.017518,0.093074,0.068526,0.147595,,1611000,,
1,2,,0.021968,0.12073,0.328161,0.09445,0.030047,0.093936,0.021592,0.132852,0.087464,0.0688,,1616000,,
1,2,,0.011582,0.202364,0.243041,0.121043,0.026116,0.093467,0.010434,0.169009,0.058199,0.064744,,1715400,,
1,1,,0.057502,0.269711,0.090876,0.07166,0.058587,0.086105,0.005125,0.129733,0.069861,0.16084,,1625400,,
1,1,,0.024472,0.261335,0.092249,0.106866,0.045351,0.087151,0.007471,0.13291,0.065203,0.176993,,1714000,,
1,2,,0.004079,0.154059,0.298313,0.100148,0.030012,0.096038,0.013353,0.152863,0.0856,0.065534,,1639200,,
1,1,,0.024393,0.202198,0.187707,0.113339,0.041959,0.08391,0.01041,0.179535,0.045133,0.111416,,1626700,,
1,2,,0.086969,0.124081,0.27298,0.027335,0.089366,0.110624,0.080194,0.072652,0.063718,0.072081,,1628500,,
1,1,,0.014477,0.234149,0.218746,0.12571,0.033235,0.092083,0.01564,0.139721,0.04035,0.085889,,1629400,,
1,1,,0.032889,0.209006,0.137365,0.096081,0.045104,0.072619,0.011225,0.182504,0.075334,0.137874,,1726900,,
1,1,,0.104807,0.212526,0.096636,0.054546,0.079018,0.081442,0.043204,0.10703,0.08647,0.13432,,1614100,,
1,1,,0.067485,0.241786,0.074807,0.078633,0.058647,0.092842,0.008573,0.125972,0.070021,0.181234,,1771400,,
1,2,,0.022586,0.153577,0.289915,0.112602,0.026428,0.095829,0.015188,0.158875,0.044908,0.08009,,1647100,,
1,1,,0.007335,0.180212,0.12564,0.160651,0.037762,0.064365,0.021717,0.157966,0.094224,0.150129,,1620300,,
1,1,,0.035981,0.262378,0.088995,0.098748,0.060757,0.08727,0.013131,0.127756,0.063794,0.161191,,2225400,,
1,1,,0.087986,0.238611,0.108198,0.087289,0.039117,0.08709,0.010949,0.109684,0.07214,0.158936,,1631400,,
1,1,,0.064545,0.222616,0.086189,0.156908,0.03213,0.098389,0.014196,0.122238,0.064788,0.138,,1650900,,
1,2,,0.038914,0.127639,0.136327,0.130462,0.048192,0.130908,0.083462,0.117419,0.075451,0.111226,,1719200,,
1,7,,0.022112,0.175246,0.148439,0.146381,0.043829,0.088345,0.0094,0.207858,0.052389,0.106003,,1643600,,
1,1,,0.130141,0.239542,0.060113,0.099972,0.029396,0.090946,0.00984,0.096715,0.094147,0.149189,,1690800,,
1,1,,0.006354,0.225095,0.197191,0.135598,0.032276,0.085482,0.010517,0.143886,0.056207,0.107394,,1626300,,
1,2,,0.04514,0.160539,0.28439,0.099737,0.058487,0.070172,0.045022,0.120454,0.044672,0.071387,,1741600,,
1,1,,0.015379,0.260795,0.237207,0.109093,0.035933,0.086404,0.014855,0.116756,0.043638,0.079941,,1660200,,
1,1,,0.031757,0.224354,0.125291,0.10654,0.046243,0.069249,0.006707,0.178357,0.070395,0.141107,,1629100,,
1,2,,0.022252,0.126491,0.347984,0.094753,0.02497,0.092958,0.012712,0.139423,0.069442,0.069016,,1700400,,
1,1,,0.136302,0.229194,0.061756,0.03781,0.07698,0.085653,0.038628,0.105349,0.072227,0.156101,,1640800,,
1,1,,0.014131,0.199336,0.168613,0.152943,0.044882,0.084925,0.009123,0.168335,0.046575,0.111136,,1705500,,
1,3,,0.052739,0.16421,0.090565,0.223565,0.032435,0.079726,0.015946,0.138456,0.059925,0.142433,,1798600,,
1,7,,0.032774,0.15341,0.12715,0.166982,0.045494,0.088283,0.020219,0.182291,0.047254,0.136142,,1676900,,
1,2,,0.045924,0.16493,0.245339,0.122774,0.071276,0.068702,0.05252,0.093317,0.040754,0.094465,,1821300,,
1,2,,0.026298,0.124991,0.141502,0.133963,0.048468,0.136961,0.083765,0.104162,0.09161,0.10828,,2168500,,
1,2,,0.077821,0.117712,0.174438,0.029583,0.172166,0.093097,0.113858,0.057667,0.041951,0.121708,,1781900,,
1,1,,0.014532,0.236728,0.23415,0.108912,0.026584,0.091791,0.01499,0.142631,0.044271,0.085412,,1780200,,
1,1,,0.034253,0.253702,0.11961,0.09667,0.04514,0.083812,0.011046,0.152101,0.061651,0.142015,,1734700,,
1,1,,0.055883,0.198542,0.102623,0.191677,0.033024,0.072193,0.014293,0.143208,0.052525,0.136033,,1939500,,
1,2,,0.045198,0.182567,0.289041,0.076413,0.058288,0.085314,0.04603,0.101116,0.044702,0.07133,,1594800,,
1,2,,0.014532,0.234096,0.245983,0.108018,0.026511,0.089336,0.015016,0.144543,0.046372,0.075592,,1596200,,
1,2,,0.024074,0.155529,0.26319,0.104921,0.040771,0.105736,0.006776,0.157757,0.042703,0.098544,,1601200,,
1,1,,0.024264,0.255666,0.123909,0.104768,0.045841,0.082709,0.009905,0.154422,0.065044,0.133472,,1964800,,
1,1,,0.03312,0.233004,0.123212,0.106505,0.046279,0.080442,0.006528,0.149576,0.076712,0.144623,,1615200,,
1,1,,0.123987,0.2491,0.063629,0.055042,0.05347,0.089345,0.016046,0.101757,0.074276,0.173347,,1647300,,
1,9,,0.046298,0.110097,0.12313,0.138987,0.048594,0.13897,0.083738,0.097542,0.070184,0.142461,,1620900,,
1,1,,0.026134,0.248888,0.102111,0.112959,0.047114,0.079392,0.0153,0.145983,0.057468,0.16465,,1629200,,
1,1,,0.087467,0.213562,0.08905,0.107545,0.034622,0.091,0.014526,0.117084,0.106407,0.138737,,1745600,,
1,1,,0.067449,0.213952,0.081532,0.094658,0.058575,0.092611,0.008573,0.112056,0.111923,0.158672,,1624700,,
1,2,,0.022457,0.172473,0.258746,0.118573,0.0316,0.094554,0.014524,0.160228,0.046091,0.080754,,1609000,,
1,2,,0.014213,0.141304,0.299158,0.102483,0.026393,0.090669,0.011124,0.142008,0.09772,0.074928,,1688700,,
1,5,,0.069457,0.087184,0.121849,0.108193,0.081201,0.148678,0.133208,0.076505,0.055239,0.118487,,1614200,,
1,1,,0.098455,0.215503,0.05827,0.048712,0.096721,0.085918,0.039166,0.088879,0.092459,0.175916,,1710600,,
1,2,,0.024606,0.198295,0.239153,0.114877,0.046085,0.083177,0.010882,0.108716,0.062633,0.111577,,1633300,,
1,1,,0.054674,0.200241,0.105543,0.159933,0.033019,0.092484,0.013884,0.144238,0.054047,0.141937,,1628100,,
1,1,,0.022059,0.280662,0.1551,0.102136,0.044503,0.067746,0.009966,0.142852,0.048762,0.126213,,1638800,,
1,3,,0.025973,0.169818,0.111679,0.222219,0.037449,0.087329,0.018974,0.112173,0.076241,0.138145,,1611100,,
1,1,,0.066122,0.225864,0.067616,0.068883,0.093684,0.083829,0.038483,0.104024,0.08446,0.167036,,1590300,,
1,2,,0.046325,0.173251,0.251212,0.065555,0.076183,0.064795,0.051962,0.118379,0.04766,0.104678,,1744900,,
1,1,,0.063268,0.213251,0.086189,0.143723,0.032038,0.079353,0.014286,0.140964,0.086491,0.140437,,1618100,,
1,1,,0.014674,0.246609,0.088204,0.212842,0.03302,0.077284,0.01376,0.085502,0.052083,0.176022,,1609200,,
