waveform-noise,Rotf,test,0,NANOSECONDS,PREDICTIONS, Generated by ClassifierExperiments.java on 2022-05-17 03:13:48.    SYSTEMPROPERTIES:{user.name:matth,os.arch:amd64,os.name:Windows 10},ENDSYSTEMPROPERTIES
No parameter info
0.8441558441558441,4609849800,98173400,-1,37288296,3,,-1,-1
0,0,,0.877112,0.122329,0.000559,,622200,,
0,0,,0.628718,0.371282,0,,261300,,
0,0,,0.535551,0.458894,0.005556,,181600,,
0,1,,0.496109,0.503891,0,,149800,,
0,0,,0.99475,0.00302,0.00223,,146600,,
0,0,,0.659014,0,0.340986,,163200,,
0,0,,0.981004,0.011087,0.007909,,159400,,
0,0,,0.898055,0.100852,0.001093,,154000,,
0,0,,0.894928,0.104512,0.000559,,150500,,
0,0,,0.993436,0.003609,0.002955,,165000,,
0,0,,0.993876,0.00317,0.002955,,152900,,
0,0,,0.694139,0,0.305861,,163900,,
0,0,,0.602205,0.105882,0.291913,,161100,,
0,0,,0.893166,0.106834,0,,166000,,
0,2,,0.42691,0,0.57309,,148400,,
0,0,,0.694885,0.305115,0,,153700,,
0,1,,0.444671,0.555329,0,,96000,,
0,2,,0.304512,0.002222,0.693266,,100200,,
0,0,,0.889975,0.009204,0.100822,,92400,,
0,0,,0.992572,0,0.007428,,97400,,
0,0,,0.689994,0.00251,0.307496,,97300,,
0,0,,0.508712,0,0.491288,,96700,,
0,2,,0.409809,0.097297,0.492894,,93700,,
0,0,,0.889541,0,0.110459,,88600,,
0,0,,0.712872,0.282128,0.005,,90800,,
0,0,,0.963946,0.024383,0.011671,,91400,,
0,2,,0.212965,0,0.787035,,92500,,
0,0,,0.500093,0.49966,0.000247,,95300,,
0,0,,0.799879,0.194826,0.005295,,93100,,
0,0,,0.585714,0.414286,0,,100700,,
0,1,,0.417515,0.582173,0.000313,,107400,,
0,0,,0.886703,0.103761,0.009537,,159200,,
0,0,,0.797836,0,0.202164,,125200,,
0,0,,0.989779,0,0.010221,,111700,,
0,0,,0.710819,0.288934,0.000247,,108500,,
0,2,,0.409397,0,0.590603,,114600,,
0,0,,0.787451,0,0.212549,,110800,,
0,2,,0.318113,0,0.681887,,103200,,
0,2,,0.320357,0.000893,0.67875,,96700,,
0,0,,0.892018,0.106634,0.001348,,108000,,
0,0,,0.696757,0.30293,0.000313,,102400,,
0,0,,0.79533,0.002467,0.202203,,93100,,
0,1,,0.300882,0.699118,0,,103800,,
0,0,,0.99271,0.00302,0.00427,,98900,,
0,0,,0.784568,0.215119,0.000312,,101100,,
0,1,,0.223769,0.776231,0,,98000,,
0,0,,0.701611,0.286775,0.011614,,92400,,
0,0,,0.917342,0,0.082658,,93500,,
0,0,,0.775451,0.223989,0.000559,,98400,,
0,0,,0.994246,0.004908,0.000846,,110800,,
0,0,,0.604616,0,0.395384,,114900,,
0,0,,0.705,0,0.295,,120300,,
0,0,,0.890235,0.109206,0.000559,,107800,,
0,0,,0.577779,0,0.422221,,108500,,
0,0,,0.894368,0.104817,0.000815,,107900,,
0,0,,0.783571,0.212911,0.003518,,112000,,
0,0,,0.604603,0.395397,0,,132200,,
0,0,,0.988684,0.010757,0.000559,,111800,,
0,0,,0.939278,0.058029,0.002692,,109100,,
0,1,,0.303474,0.682398,0.014128,,117000,,
0,0,,0.989954,0.009201,0.000846,,112900,,
0,0,,0.793806,0,0.206194,,120000,,
0,0,,0.990099,0.003653,0.006248,,96800,,
0,0,,0.677769,0.290445,0.031785,,102700,,
0,1,,0.36743,0.624162,0.008409,,108300,,
0,0,,0.991584,0.006473,0.001943,,111300,,
0,0,,0.68568,0.31432,0,,106100,,
0,2,,0.108056,0.001995,0.889949,,106700,,
0,0,,0.693436,0.306564,0,,101500,,
0,2,,0.415173,0,0.584827,,99700,,
0,1,,0.488722,0.510966,0.000313,,105000,,
0,0,,0.695117,0.30435,0.000533,,111900,,
0,1,,0.337362,0.662638,0,,113900,,
0,0,,0.78002,0.219446,0.000533,,101400,,
0,0,,0.888824,0.110864,0.000313,,97300,,
0,0,,0.882726,0.116714,0.000559,,102900,,
0,2,,0.403013,0,0.596987,,121200,,
0,1,,0.230865,0.769135,0,,112500,,
0,0,,0.793543,0.103653,0.102804,,109300,,
0,0,,0.578792,0.421208,0,,126100,,
0,0,,0.990341,0.007117,0.002542,,104100,,
0,0,,0.69307,0,0.30693,,118200,,
0,0,,0.994274,0.001539,0.004188,,148100,,
0,0,,0.894192,0.104046,0.001762,,107600,,
0,0,,0.992135,0.00302,0.004845,,103200,,
0,0,,0.6923,0.307387,0.000313,,100900,,
0,0,,0.889707,0.10757,0.002723,,90200,,
0,0,,0.603333,0.396667,0,,100500,,
0,0,,0.894964,0.104461,0.000575,,94700,,
0,0,,0.819153,0.179151,0.001696,,95000,,
0,2,,0.425763,0.005489,0.568748,,94800,,
0,0,,0.996206,0.001055,0.002738,,103600,,
0,0,,0.790239,0.109778,0.099984,,90500,,
0,0,,0.888988,0.110452,0.000559,,89800,,
0,0,,0.582795,0.416958,0.000247,,89500,,
0,2,,0.00177,0,0.99823,,92900,,
0,1,,0.408686,0.591002,0.000313,,89400,,
0,0,,0.889551,0.110137,0.000313,,88800,,
0,0,,0.792109,0.207891,0,,89200,,
0,0,,0.895591,0.003563,0.100846,,84300,,
0,1,,0.320721,0.679279,0,,90800,,
0,0,,0.990715,0.005978,0.003307,,96400,,
0,1,,0.349444,0.650556,0,,98000,,
0,0,,0.895547,0.10317,0.001283,,92500,,
0,0,,0.557773,0.442227,0,,88900,,
0,0,,0.892977,0.10593,0.001093,,86300,,
0,0,,0.807312,0.00802,0.184668,,94700,,
0,0,,0.508458,0.491542,0,,90300,,
0,2,,0.453119,0,0.546881,,98800,,
0,0,,0.992545,0.00302,0.004435,,92700,,
0,0,,0.721108,0.278892,0,,95400,,
0,0,,0.991707,0.0072,0.001093,,89600,,
0,0,,0.73351,0,0.26649,,101500,,
0,1,,0.306298,0.690984,0.002718,,99200,,
0,0,,0.695873,0,0.304127,,92200,,
0,0,,0.985669,0.013772,0.000559,,87700,,
0,0,,0.9938,0.003815,0.002384,,87200,,
0,2,,0.283189,0,0.716811,,103300,,
0,0,,0.917958,0.082042,0,,92200,,
0,1,,0.487402,0.507042,0.005556,,98500,,
0,0,,0.58,0,0.42,,99000,,
0,0,,0.590489,0,0.409511,,156700,,
0,0,,0.990349,0.001539,0.008113,,163400,,
0,1,,0.448468,0.551532,0,,125400,,
0,0,,0.987847,0.000483,0.01167,,87900,,
0,0,,0.705983,0.05302,0.240997,,93900,,
0,2,,0.493019,0.003278,0.503704,,92900,,
0,0,,0.992135,0.00302,0.004845,,85700,,
0,0,,0.990979,0.007928,0.001093,,87500,,
0,0,,0.993171,0.00302,0.003809,,85200,,
0,0,,0.665771,0.333917,0.000313,,93800,,
0,0,,0.642162,0.357838,0,,90600,,
0,0,,0.698096,0.301904,0,,92100,,
0,0,,0.901868,0.001688,0.096444,,87900,,
0,1,,0.436794,0.562894,0.000313,,89200,,
0,0,,0.98906,0.001965,0.008976,,86400,,
0,0,,0.602778,0,0.397222,,96000,,
0,0,,0.777315,0.21261,0.010074,,101300,,
0,0,,0.974242,0.00302,0.022738,,90200,,
0,0,,0.50625,0.49375,0,,89500,,
0,0,,0.994091,0.00293,0.002979,,84400,,
0,0,,0.772733,0.002537,0.22473,,90000,,
0,2,,0.497027,0.001055,0.501918,,90900,,
0,1,,0.306822,0.693178,0,,90100,,
0,0,,0.893771,0.094872,0.011357,,83800,,
0,0,,0.992393,0.003653,0.003954,,85300,,
0,0,,0.992977,0.00593,0.001093,,88300,,
0,0,,0.995547,0.00317,0.001283,,86100,,
0,0,,0.887802,0,0.112198,,93000,,
0,0,,0.69158,0.307861,0.000559,,94000,,
0,0,,0.895144,0.002537,0.102319,,109700,,
0,0,,0.702941,0.297059,0,,101900,,
0,0,,0.897389,0,0.102611,,102400,,
0,0,,0.892707,0.106447,0.000846,,96300,,
0,0,,0.893951,0.005203,0.100846,,92800,,
0,0,,0.629808,0,0.370192,,94000,,
0,0,,0.988018,0.009178,0.002804,,86700,,
0,0,,0.964726,0.035274,0,,92100,,
0,0,,0.896667,0.103333,0,,99100,,
0,0,,0.868433,0.125721,0.005846,,88100,,
0,1,,0.431673,0.568327,0,,91000,,
0,0,,0.982798,0.002128,0.015074,,84600,,
0,0,,0.976478,0.016904,0.006617,,84900,,
0,0,,0.508664,0,0.491336,,86900,,
0,0,,0.584653,0.393681,0.021667,,87500,,
0,0,,0.828118,0.070599,0.101283,,85800,,
0,0,,0.912953,0.0868,0.000247,,86500,,
0,2,,0.360466,0,0.639534,,89300,,
0,0,,0.866084,0.103356,0.030559,,85200,,
0,1,,0.300476,0.698452,0.001071,,90700,,
0,0,,0.591658,0.408029,0.000313,,86400,,
0,0,,0.992563,0.004895,0.002542,,84400,,
0,0,,0.502411,0.003604,0.493985,,86700,,
0,1,,0.475048,0.524952,0,,92300,,
0,0,,0.987726,0.004003,0.008272,,86800,,
0,0,,0.685324,0.314676,0,,94900,,
0,0,,0.604582,0.002306,0.393112,,101200,,
0,0,,0.589664,0.410336,0,,103000,,
0,0,,0.994917,0.002537,0.002546,,101000,,
0,0,,0.800587,0.19743,0.001983,,102700,,
0,0,,0.500203,0.488184,0.011614,,118100,,
0,2,,0.378867,0,0.621133,,105800,,
0,0,,0.886023,0.113444,0.000533,,100300,,
0,0,,0.988149,0.008545,0.003307,,97000,,
0,0,,0.892079,0,0.107921,,102500,,
0,1,,0.209899,0.790101,0,,102100,,
0,0,,0.803191,0,0.196809,,97700,,
0,0,,0.906062,0.001055,0.092882,,90700,,
0,0,,0.907379,0.091775,0.000846,,94800,,
0,0,,0.915144,0.083763,0.001093,,91300,,
0,0,,0.760002,0,0.239998,,103600,,
0,1,,0.158571,0.841429,0,,112300,,
0,0,,0.785224,0.214776,0,,105600,,
0,2,,0.363781,0,0.636219,,103100,,
0,0,,0.605457,0.394231,0.000313,,139900,,
0,0,,0.502158,0.249543,0.248299,,139900,,
0,1,,0.25309,0.74691,0,,109500,,
0,0,,0.562768,0,0.437232,,108700,,
0,0,,0.886173,0.112478,0.001348,,101700,,
0,0,,0.78861,0.001818,0.209572,,105900,,
0,2,,0.497059,0,0.502941,,102000,,
0,0,,0.708486,0,0.291514,,109600,,
0,0,,0.789265,0.210735,0,,114600,,
0,1,,0.126629,0.873371,0,,112600,,
0,1,,0.328519,0.671481,0,,100000,,
0,0,,0.991912,0.003653,0.004435,,92200,,
0,0,,0.702056,0.290703,0.007241,,103000,,
0,0,,0.744932,0.248675,0.006392,,96000,,
0,2,,0.291667,0,0.708333,,100400,,
0,2,,0.312455,0.002301,0.685244,,89600,,
0,0,,0.877134,0.121773,0.001093,,87000,,
0,0,,0.597798,0.402202,0,,88300,,
0,0,,0.980828,0.016465,0.002708,,85200,,
0,1,,0.301944,0.698056,0,,89100,,
0,0,,0.894709,0.10302,0.002271,,87400,,
0,2,,0.218254,0,0.781746,,91500,,
0,1,,0.491111,0.508889,0,,94400,,
0,0,,0.894848,0.101539,0.003613,,89200,,
0,0,,0.994176,0.00302,0.002804,,86800,,
0,0,,0.608321,0.391679,0,,91900,,
0,2,,0.188914,0,0.811086,,91100,,
0,0,,0.698571,0.301429,0,,88000,,
0,0,,0.887712,0.112042,0.000247,,86200,,
0,0,,0.789197,0.110243,0.100559,,85300,,
0,0,,0.992052,0.003761,0.004188,,83700,,
0,0,,0.694994,0.004759,0.300247,,85400,,
0,0,,0.991912,0.003653,0.004435,,84100,,
0,0,,0.692308,0.307692,0,,88200,,
0,0,,0.583408,0.416592,0,,92500,,
0,0,,0.629268,0.370229,0.000503,,86800,,
0,0,,0.995946,0,0.004054,,83700,,
0,0,,0.799467,0,0.200533,,88500,,
0,0,,0.6629,0,0.3371,,93700,,
0,0,,0.572813,0.426875,0.000313,,89000,,
0,0,,0.894354,0.103456,0.00219,,86100,,
0,0,,0.882809,0.116098,0.001093,,88400,,
0,0,,0.980022,0.011539,0.00844,,90400,,
0,0,,0.69598,0.098374,0.205646,,100500,,
0,0,,0.992362,0.004412,0.003226,,97200,,
0,0,,0.678632,0.321368,0,,108900,,
0,0,,0.989816,0.00302,0.007164,,89900,,
0,2,,0.40897,0,0.59103,,93900,,
0,0,,0.588562,0.000985,0.410453,,106000,,
0,0,,0.484679,0.481988,0.033333,,101600,,
0,0,,0.977796,0.021382,0.000822,,87800,,
0,0,,0.991298,0.006539,0.002164,,83200,,
0,2,,0.290159,0,0.709841,,87200,,
0,0,,0.894239,0.016161,0.0896,,85200,,
0,0,,0.985909,0.008029,0.006062,,85600,,
0,0,,0.992039,0.001055,0.006905,,84100,,
0,1,,0.419578,0.580422,0,,87700,,
0,1,,0.311632,0.688368,0,,95100,,
0,0,,0.89259,0.00293,0.104479,,105800,,
0,0,,0.801973,0.002537,0.19549,,97900,,
0,0,,0.925081,0.072967,0.001952,,95500,,
0,2,,0.491667,0,0.508333,,96800,,
0,0,,0.585641,0.414359,0,,98000,,
0,0,,0.695704,0.300202,0.004093,,93000,,
0,0,,0.802817,0.001481,0.195701,,90900,,
0,0,,0.701307,0.29816,0.000533,,87800,,
0,0,,0.989395,0.00901,0.001595,,82700,,
0,0,,0.894688,0.099871,0.005441,,84300,,
0,2,,0.470788,0,0.529212,,85600,,
0,1,,0.317525,0.682475,0,,90500,,
0,1,,0.209142,0.790858,0,,88500,,
0,0,,0.814214,0.185539,0.000247,,84600,,
0,0,,0.612417,0.387583,0,,86500,,
0,1,,0.326874,0.673126,0,,99200,,
0,0,,0.877661,0,0.122339,,112300,,
0,0,,0.896759,0,0.103241,,100000,,
0,2,,0.426744,0.006667,0.566589,,94600,,
0,0,,0.981158,0.001539,0.017304,,84600,,
0,0,,0.594393,0,0.405607,,85300,,
0,0,,0.735264,0.05,0.214736,,87900,,
0,0,,0.690255,0.309432,0.000312,,85800,,
0,0,,0.496313,0.103687,0.4,,89000,,
0,0,,0.996683,0.002537,0.00078,,87500,,
0,0,,0.7,0,0.3,,91000,,
0,0,,0.599697,0,0.400303,,91100,,
0,2,,0.393288,0.003704,0.603008,,94100,,
0,0,,0.790418,0.101875,0.107707,,104100,,
0,0,,0.72971,0.269977,0.000313,,97200,,
0,2,,0.488367,0,0.511633,,92800,,
0,0,,0.688208,0,0.311792,,92300,,
0,1,,0.320995,0.679005,0,,97900,,
0,0,,0.724555,0,0.275445,,101100,,
0,0,,0.616578,0.383422,0,,94300,,
0,0,,0.647917,0.352083,0,,91600,,
0,0,,0.618578,0.38092,0.000503,,86500,,
0,0,,0.501226,0.100336,0.398438,,85700,,
0,0,,0.985275,0.001539,0.013187,,86300,,
0,0,,0.885476,0.113432,0.001093,,84700,,
0,2,,0.430054,0.004,0.565946,,86400,,
0,0,,0.988114,0.001055,0.01083,,86200,,
0,0,,0.676456,0.115711,0.207832,,86200,,
0,0,,0.884008,0,0.115992,,85800,,
0,0,,0.564722,0,0.435278,,91100,,
0,2,,0.109263,0.004,0.886737,,88600,,
0,2,,0.208422,0,0.791578,,88700,,
0,0,,0.585714,0.414286,0,,92400,,
0,0,,0.870678,0.052537,0.076785,,102500,,
0,0,,0.707345,0,0.292655,,91200,,
0,0,,0.615278,0,0.384722,,87700,,
0,0,,0.732692,0,0.267308,,89900,,
0,1,,0.410758,0.589242,0,,89100,,
0,0,,0.928441,0.001818,0.06974,,85000,,
0,0,,0.6,0,0.4,,85800,,
0,0,,0.99304,0.003653,0.003307,,89900,,
0,0,,0.806084,0.118356,0.075559,,90600,,
0,0,,0.990825,0.005346,0.003829,,87900,,
0,0,,0.995339,0.003815,0.000846,,86400,,
0,0,,0.722701,0,0.277299,,87000,,
0,0,,0.619057,0,0.380943,,86400,,
0,0,,0.792429,0.207012,0.000559,,89200,,
0,1,,0.210642,0.789358,0,,93900,,
0,0,,0.70073,0.29927,0,,89000,,
0,0,,0.791162,0.207745,0.001093,,93200,,
0,0,,0.987955,0.002301,0.009743,,87000,,
0,0,,0.768214,0.231786,0,,94100,,
0,1,,0.219296,0.780704,0,,86800,,
0,0,,0.899425,0,0.100575,,90100,,
0,0,,0.922141,0.077078,0.00078,,90200,,
0,0,,0.89336,0.105045,0.001595,,84000,,
0,0,,0.895872,0.103815,0.000312,,87700,,
0,1,,0.385499,0.614501,0,,92300,,
0,0,,0.526581,0,0.473419,,88800,,
0,0,,0.781919,0.212473,0.005608,,87500,,
0,0,,0.886641,0.006481,0.106877,,90300,,
0,2,,0.437418,0,0.562582,,90200,,
0,0,,0.528165,0.471835,0,,91200,,
0,0,,0.517839,0.482161,0,,89200,,
0,0,,0.914943,0,0.085057,,84000,,
0,0,,0.895362,0.104325,0.000313,,86300,,
0,0,,0.693802,0.109425,0.196773,,86100,,
0,2,,0.499467,0,0.500533,,85500,,
0,0,,0.767471,0.229513,0.003015,,88700,,
0,0,,0.888873,0.110282,0.000846,,85000,,
0,0,,0.805768,0.184816,0.009416,,85700,,
0,0,,0.917362,0.004412,0.078226,,84900,,
1,1,,0.148697,0.848031,0.003272,,89500,,
1,1,,0,0.689786,0.310214,,95400,,
1,1,,0.138573,0.861427,0,,88000,,
1,1,,0.187123,0.812877,0,,89000,,
1,1,,0.005596,0.991044,0.00336,,87100,,
1,1,,0.019507,0.975879,0.004614,,99500,,
1,1,,0,0.795377,0.204623,,109600,,
1,1,,0.098088,0.901912,0,,98700,,
1,1,,0,0.993455,0.006545,,91100,,
1,1,,0.177306,0.822694,0,,90500,,
1,1,,0.204584,0.788749,0.006667,,88100,,
1,1,,0.254359,0.694302,0.051339,,86800,,
1,2,,0.007541,0.302662,0.689797,,92400,,
1,1,,0,0.798509,0.201491,,146900,,
1,1,,0.106702,0.887199,0.006099,,109800,,
1,1,,0.382039,0.615463,0.002498,,97900,,
1,0,,0.605357,0.394643,0,,107400,,
1,1,,0.278382,0.71949,0.002128,,95500,,
1,1,,0.00125,0.699213,0.299537,,95200,,
1,0,,0.502832,0.497168,0,,102800,,
1,1,,0.1988,0.789806,0.011394,,102800,,
1,1,,0.100316,0.69316,0.206524,,104100,,
1,2,,0,0.492955,0.507045,,123000,,
1,1,,0.010533,0.983295,0.006172,,112400,,
1,1,,0,0.679932,0.320068,,109200,,
1,1,,0.000457,0.883554,0.115989,,91200,,
1,1,,0.007112,0.98787,0.005018,,93700,,
1,0,,0.536469,0.456864,0.006667,,93500,,
1,1,,0.00396,0.991789,0.004251,,88900,,
1,2,,0.001455,0.30297,0.695576,,89300,,
1,0,,0.594361,0.404689,0.000949,,90100,,
1,1,,0.21361,0.78119,0.0052,,86500,,
1,1,,0.00521,0.993524,0.001266,,86000,,
1,1,,0.004155,0.894506,0.101339,,92300,,
1,1,,0.002297,0.991528,0.006174,,95500,,
1,1,,0.11123,0.887714,0.001056,,90900,,
1,1,,0.195817,0.804183,0,,91300,,
1,1,,0.008723,0.990221,0.001056,,90100,,
1,1,,0.009386,0.985413,0.0052,,88300,,
1,1,,0.204827,0.793624,0.001548,,91700,,
1,1,,0.003,0.991677,0.005322,,93600,,
1,1,,0.002157,0.991,0.006843,,100800,,
1,1,,0.004163,0.910517,0.08532,,107300,,
1,1,,0.300688,0.699312,0,,186300,,
1,1,,0.001294,0.992042,0.006665,,161400,,
1,1,,0.000773,0.908012,0.091215,,111700,,
1,1,,0.102381,0.497619,0.4,,94600,,
1,1,,0.006549,0.992219,0.001232,,92900,,
1,1,,0.177748,0.821302,0.000949,,95400,,
1,1,,0.001056,0.991486,0.007458,,88800,,
1,0,,0.58967,0.41033,0,,105200,,
1,1,,0.010012,0.988912,0.001075,,103300,,
1,1,,0.001266,0.504406,0.494328,,107600,,
1,1,,0.109746,0.887274,0.002979,,101500,,
1,1,,0.034311,0.788927,0.176763,,98100,,
1,1,,0.009779,0.985627,0.004595,,96200,,
1,1,,0.10235,0.793703,0.103947,,102500,,
1,1,,0.105038,0.882635,0.012327,,98900,,
1,0,,0.505,0.495,0,,97000,,
1,1,,0.020935,0.874731,0.104334,,90500,,
1,1,,0.314839,0.681315,0.003846,,91600,,
1,0,,0.508113,0.491887,0,,93400,,
1,1,,0.008864,0.976796,0.01434,,99300,,
1,1,,0.113707,0.886293,0,,98700,,
1,2,,0.002,0.401361,0.596639,,103700,,
1,1,,0.095238,0.489583,0.415179,,93800,,
1,1,,0.001056,0.981697,0.017247,,90700,,
1,0,,0.528589,0.471411,0,,106300,,
1,1,,0.091589,0.906108,0.002303,,92700,,
1,1,,0.108478,0.890573,0.000949,,95500,,
1,1,,0.220601,0.778134,0.001266,,95000,,
1,1,,0.204759,0.793318,0.001923,,95600,,
1,1,,0.089066,0.891892,0.019041,,123500,,
1,2,,0.000633,0.497732,0.501635,,92600,,
1,1,,0.107605,0.885713,0.006681,,108500,,
1,1,,0.021002,0.974467,0.004531,,107300,,
1,1,,0.133333,0.436881,0.429786,,103400,,
1,1,,0,0.832258,0.167742,,105800,,
1,1,,0.004549,0.990749,0.004702,,89200,,
1,1,,0.001266,0.630047,0.368687,,87900,,
1,1,,0.0027,0.991786,0.005514,,89100,,
1,1,,0.008061,0.983604,0.008335,,90700,,
1,1,,0.001056,0.697264,0.301679,,115600,,
1,1,,0.001722,0.992479,0.005799,,107800,,
1,1,,0.103307,0.895744,0.000949,,94000,,
1,1,,0.009029,0.98974,0.001232,,88800,,
1,1,,0.100564,0.795153,0.104282,,86000,,
1,1,,0.102586,0.896149,0.001266,,86400,,
1,1,,0.105379,0.893389,0.001232,,85000,,
1,1,,0.197813,0.802187,0,,85800,,
1,1,,0.10419,0.887451,0.008358,,85100,,
1,1,,0.208647,0.789332,0.002021,,85900,,
1,1,,0.486893,0.513107,0,,94200,,
1,1,,0,0.897486,0.102514,,90100,,
1,1,,0.004866,0.990509,0.004625,,87500,,
1,1,,0.197173,0.80177,0.001056,,88900,,
1,1,,0.131373,0.866305,0.002322,,88800,,
1,1,,0.0036,0.98975,0.00665,,85700,,
1,1,,0.00625,0.982291,0.011459,,85500,,
1,0,,0.687529,0.312471,0,,89500,,
1,1,,0.209842,0.688137,0.102021,,92500,,
1,1,,0.213167,0.785034,0.001799,,96300,,
1,1,,0.087532,0.799007,0.11346,,91300,,
1,1,,0.242913,0.757087,0,,85500,,
1,1,,0.227725,0.768516,0.003759,,87100,,
1,1,,0.000316,0.81016,0.189523,,87600,,
1,1,,0.322281,0.677719,0,,85500,,
1,1,,0.004742,0.988313,0.006945,,84200,,
1,1,,0.238467,0.760476,0.001056,,86000,,
1,1,,0,0.697297,0.302703,,88400,,
1,1,,0.293812,0.706188,0,,90900,,
1,1,,0.001266,0.99008,0.008655,,85300,,
1,1,,0.302041,0.697677,0.000282,,85200,,
1,1,,0.002544,0.98916,0.008296,,90100,,
1,1,,0.001266,0.792563,0.206171,,85700,,
1,1,,0.081135,0.888558,0.030307,,88600,,
1,1,,0.104425,0.894625,0.000949,,92500,,
1,1,,0.00235,0.991559,0.006091,,88700,,
1,1,,0.273143,0.725907,0.000949,,88100,,
1,1,,0.290359,0.709641,0,,92100,,
1,1,,0,0.909156,0.090844,,87400,,
1,0,,0.512985,0.487015,0,,91000,,
1,1,,0.320014,0.679673,0.000313,,91100,,
1,1,,0.310415,0.689585,0,,95200,,
1,1,,0.010849,0.976493,0.012658,,89300,,
1,0,,0.576359,0.423641,0,,96900,,
1,1,,0.013631,0.985031,0.001339,,110600,,
1,1,,0.197266,0.801785,0.000949,,97700,,
1,1,,0.004168,0.896317,0.099515,,90600,,
1,0,,0.668165,0.331835,0,,90100,,
1,2,,0.000633,0.291069,0.708298,,90000,,
1,1,,0.001582,0.996203,0.002215,,86200,,
1,1,,0.003756,0.992884,0.00336,,85400,,
1,1,,0.100977,0.668906,0.230116,,88000,,
1,1,,0.000633,0.59868,0.400687,,91600,,
1,1,,0.003079,0.990271,0.00665,,98500,,
1,1,,0.386942,0.613058,0,,92900,,
1,1,,0.0785,0.917553,0.003947,,89700,,
1,1,,0.001373,0.892853,0.105775,,87700,,
1,1,,0.168344,0.697605,0.134051,,88700,,
1,1,,0,0.585897,0.414103,,96200,,
1,1,,0.488655,0.511345,0,,116500,,
1,1,,0.200858,0.796148,0.002995,,97100,,
1,1,,0.109434,0.888167,0.002399,,89400,,
1,1,,0.179882,0.815269,0.004849,,92900,,
1,1,,0,0.706652,0.293348,,98700,,
1,1,,0.001266,0.764169,0.234565,,102500,,
1,1,,0.308221,0.691779,0,,97400,,
1,0,,0.627588,0.372099,0.000313,,104800,,
1,1,,0.00175,0.993986,0.004264,,107900,,
1,1,,0.01433,0.976379,0.009291,,103900,,
1,1,,0,0.696486,0.303514,,107400,,
1,1,,0.009258,0.98747,0.003272,,109100,,
1,0,,0.693104,0.305101,0.001795,,103500,,
1,1,,0.303998,0.691961,0.004042,,96100,,
1,1,,0.004061,0.989317,0.006621,,98800,,
1,1,,0.001455,0.689489,0.309057,,107400,,
1,1,,0.005454,0.992998,0.001548,,111200,,
1,1,,0.256417,0.743583,0,,111600,,
1,1,,0.102322,0.895672,0.002006,,114200,,
1,1,,0.290735,0.708209,0.001056,,107200,,
1,0,,0.613878,0.38581,0.000313,,112700,,
1,0,,0.520218,0.479279,0.000503,,109800,,
1,0,,0.678632,0.321368,0,,106300,,
1,1,,0.427091,0.572909,0,,107700,,
1,1,,0.001266,0.754566,0.244168,,109300,,
1,1,,0.003476,0.994187,0.002337,,129700,,
1,1,,0.10054,0.897499,0.001961,,137000,,
1,1,,0.205294,0.792745,0.001961,,138200,,
1,1,,0.105882,0.794489,0.099629,,114800,,
1,1,,0.009369,0.990631,0,,102400,,
1,1,,0.033333,0.499277,0.46739,,117500,,
1,1,,0.316786,0.679292,0.003922,,110900,,
1,1,,0.102559,0.889816,0.007625,,100700,,
1,1,,0,0.518649,0.481351,,102100,,
1,1,,0.288655,0.688758,0.022586,,93800,,
1,1,,0.435741,0.564259,0,,97200,,
1,1,,0.024832,0.973902,0.001266,,96200,,
1,1,,0.150353,0.847626,0.002021,,96400,,
1,1,,0.210125,0.787659,0.002215,,93700,,
1,1,,0.434467,0.565533,0,,94100,,
1,1,,0.005798,0.90585,0.088352,,95600,,
1,1,,0.005176,0.802383,0.192441,,95000,,
1,1,,0,0.892415,0.107585,,92800,,
1,1,,0,0.705583,0.294417,,98400,,
1,1,,0.142219,0.857781,0,,115700,,
1,1,,0.230915,0.768136,0.000949,,96400,,
1,1,,0.00125,0.987356,0.011394,,91300,,
1,1,,0.107877,0.886922,0.0052,,94100,,
1,1,,0.195455,0.804545,0,,97500,,
1,1,,0.297628,0.701033,0.001339,,108900,,
1,2,,0.004407,0.302948,0.692645,,99200,,
1,1,,0.005402,0.992577,0.002021,,91100,,
1,1,,0,0.776547,0.223453,,90800,,
1,1,,0.104619,0.891228,0.004152,,89000,,
1,1,,0.003095,0.989898,0.007006,,96000,,
1,1,,0.106007,0.893993,0,,106500,,
1,1,,0.000316,0.799662,0.200021,,95400,,
1,1,,0.262575,0.735405,0.002021,,97900,,
1,1,,0.012614,0.986436,0.000949,,89500,,
1,1,,0,0.9,0.1,,99700,,
1,1,,0.151783,0.848217,0,,101600,,
1,1,,0.001722,0.814625,0.183652,,104800,,
1,1,,0.097396,0.897297,0.005307,,92500,,
1,1,,0.206796,0.788855,0.004349,,94700,,
1,1,,0.257535,0.74025,0.002215,,94200,,
1,1,,0.00716,0.988557,0.004283,,85600,,
1,1,,0.338476,0.661524,0,,88000,,
1,0,,0.675,0.321154,0.003846,,89500,,
1,1,,0.448039,0.551961,0,,86100,,
1,1,,0,0.792247,0.207753,,86900,,
1,0,,0.593907,0.405846,0.000247,,88000,,
1,1,,0.306334,0.693666,0,,88000,,
1,1,,0,0.71233,0.28767,,86700,,
1,1,,0.000316,0.58368,0.416004,,95000,,
1,1,,0,0.665269,0.334731,,89400,,
1,1,,0.111998,0.888002,0,,92400,,
1,1,,0.002564,0.788853,0.208583,,94500,,
1,1,,0.106386,0.890704,0.00291,,109600,,
1,0,,0.586577,0.412366,0.001056,,107700,,
1,1,,0.105294,0.893757,0.000949,,113300,,
1,1,,0.200859,0.796644,0.002498,,99900,,
1,1,,0.003052,0.796405,0.200544,,88500,,
1,1,,0.008201,0.887832,0.103966,,84200,,
1,1,,0.101056,0.593234,0.30571,,89200,,
1,1,,0.104,0.891824,0.004176,,85000,,
1,1,,0.475649,0.524351,0,,101400,,
1,1,,0.379707,0.620293,0,,120000,,
1,1,,0,0.814053,0.185947,,92200,,
1,1,,0.468134,0.531866,0,,93400,,
1,1,,0.000316,0.889389,0.110295,,89500,,
1,1,,0.410417,0.589583,0,,92100,,
1,1,,0.021056,0.977887,0.001056,,94400,,
1,1,,0.476097,0.523903,0,,90000,,
1,1,,0.001373,0.886557,0.11207,,86600,,
1,1,,0.000316,0.989044,0.010639,,89700,,
1,1,,0,0.706337,0.293663,,88300,,
1,1,,0.131437,0.868563,0,,95200,,
1,1,,0.008658,0.989127,0.002215,,87600,,
1,1,,0,0.529504,0.470496,,93100,,
1,1,,0.03052,0.96948,0,,88300,,
1,1,,0.027248,0.972752,0,,90200,,
1,1,,0.007885,0.985963,0.006152,,85900,,
1,1,,0.223998,0.774946,0.001056,,87700,,
1,1,,0,0.5,0.5,,88800,,
1,1,,0,0.592323,0.407677,,91500,,
1,1,,0.213659,0.786058,0.000282,,88500,,
1,1,,0.1034,0.885516,0.011084,,84900,,
1,1,,0.000316,0.698418,0.301266,,87400,,
1,1,,0.208452,0.791548,0,,87100,,
1,1,,0.002275,0.988008,0.009717,,85500,,
1,1,,0.104688,0.888306,0.007006,,86900,,
1,1,,0,0.616219,0.383781,,89200,,
1,1,,0,0.790025,0.209975,,86200,,
1,1,,0.426285,0.572644,0.001071,,93500,,
1,1,,0.00235,0.989292,0.008358,,88400,,
1,1,,0.000493,0.7,0.299507,,89500,,
1,1,,0.05,0.714286,0.235714,,91500,,
1,1,,0.016258,0.692939,0.290803,,87200,,
1,1,,0.006095,0.922389,0.071516,,85800,,
1,1,,0.006748,0.986627,0.006625,,106000,,
1,1,,0.249513,0.750487,0,,99800,,
1,1,,0.003016,0.991492,0.005492,,91100,,
1,1,,0.244073,0.755927,0,,92800,,
1,1,,0.127564,0.854237,0.018199,,87600,,
1,2,,0.002,0.298228,0.699772,,90200,,
1,2,,0.002161,0.204918,0.792921,,88000,,
1,1,,0.007138,0.98678,0.006082,,88500,,
1,2,,0.000316,0.20809,0.791594,,88300,,
1,1,,0.325698,0.674302,0,,91100,,
1,1,,0.215774,0.783276,0.000949,,96400,,
1,1,,0.209591,0.788071,0.002337,,104100,,
1,1,,0.016325,0.881178,0.102498,,95300,,
1,1,,0.000316,0.982185,0.017498,,100500,,
1,1,,0.01697,0.977292,0.005739,,102700,,
1,1,,0.005382,0.988519,0.006099,,102400,,
1,1,,0.125907,0.87381,0.000282,,105300,,
1,1,,0.13551,0.86449,0,,92300,,
1,2,,0.000493,0.272549,0.726958,,93200,,
1,2,,0.051722,0.395055,0.553222,,97000,,
1,1,,0.20862,0.790308,0.001071,,105600,,
1,0,,0.696282,0.303406,0.000313,,108900,,
1,1,,0.004084,0.991935,0.003982,,100400,,
1,1,,0.006775,0.90662,0.086605,,98900,,
1,1,,0.464938,0.534815,0.000247,,98700,,
1,1,,0.21116,0.78789,0.000949,,97600,,
1,1,,0.19665,0.80335,0,,98400,,
1,1,,0.123375,0.874278,0.002348,,92600,,
1,0,,0.670769,0.329231,0,,111100,,
1,1,,0.00362,0.98595,0.01043,,102800,,
1,1,,0.296406,0.703594,0,,102600,,
1,1,,0,0.906012,0.093988,,117500,,
1,1,,0.001056,0.99084,0.008103,,114200,,
1,1,,0.181922,0.814232,0.003846,,120700,,
1,1,,0.131749,0.868251,0,,106900,,
1,1,,0.421918,0.578082,0,,98700,,
1,0,,0.50663,0.49337,0,,105400,,
1,1,,0.004518,0.989318,0.006164,,95600,,
1,1,,0.004054,0.79128,0.204666,,101000,,
1,1,,0.103563,0.892154,0.004283,,101400,,
1,1,,0.206602,0.793398,0,,100500,,
1,0,,0.51019,0.48981,0,,98800,,
1,1,,0,0.674394,0.325606,,101400,,
1,1,,0.20184,0.793529,0.00463,,108200,,
1,1,,0.102135,0.799018,0.098847,,121400,,
1,1,,0,0.985314,0.014686,,117200,,
1,1,,0.21375,0.78625,0,,110000,,
1,1,,0.481769,0.517174,0.001056,,105100,,
1,1,,0,0.508764,0.491236,,97400,,
1,0,,0.675083,0.324917,0,,101700,,
1,1,,0.320047,0.679953,0,,103300,,
1,1,,0.293152,0.706848,0,,89500,,
1,1,,0.308944,0.688849,0.002208,,92200,,
1,1,,0.004944,0.886194,0.108862,,94100,,
1,1,,0.105509,0.787952,0.106539,,104600,,
1,1,,0.3043,0.69475,0.000949,,97500,,
1,1,,0.401961,0.596078,0.001961,,92700,,
1,1,,0.004378,0.890235,0.105387,,102000,,
1,1,,0.215942,0.784058,0,,95200,,
1,1,,0.173758,0.825292,0.000949,,100600,,
1,1,,0,0.807368,0.192632,,102000,,
1,1,,0.000316,0.76964,0.230044,,90700,,
1,1,,0.306111,0.693889,0,,90500,,
1,1,,0.001056,0.706316,0.292627,,95000,,
1,0,,0.550728,0.449272,0,,106400,,
1,1,,0.101818,0.862016,0.036166,,92800,,
1,1,,0.101266,0.788465,0.110269,,87000,,
1,1,,0.239392,0.760608,0,,91400,,
1,1,,0.005992,0.925127,0.068882,,93900,,
1,1,,0.304861,0.690811,0.004327,,102600,,
1,2,,0,0.467207,0.532793,,142300,,
2,2,,0.227118,0,0.772882,,107500,,
2,0,,0.516701,0,0.483299,,108100,,
2,2,,0,0.26043,0.73957,,102000,,
2,2,,0.170818,0,0.829182,,106700,,
2,2,,0.104895,0.0045,0.890604,,99300,,
2,2,,0.10504,0.106112,0.788848,,89600,,
2,2,,0.12485,0.000893,0.874257,,96900,,
2,2,,0.018313,0.006457,0.975231,,104400,,
2,2,,0.339458,0,0.660542,,101400,,
2,2,,0.010723,0,0.989277,,100700,,
2,2,,0.091159,0.002941,0.9059,,96000,,
2,2,,0.200633,0.003684,0.795683,,92300,,
2,2,,0.018166,0,0.981834,,92100,,
2,2,,0.165421,0,0.834579,,92500,,
2,2,,0,0.407576,0.592424,,97300,,
2,2,,0.004092,0.191648,0.80426,,89400,,
2,2,,0.310083,0,0.689917,,92800,,
2,2,,0.186178,0.006667,0.807155,,94500,,
2,2,,0.107464,0.003273,0.889263,,93100,,
2,2,,0.000493,0.120719,0.878788,,106500,,
2,2,,0.033826,0.101957,0.864217,,99600,,
2,2,,0.001254,0.195674,0.803072,,98700,,
2,2,,0.198005,0,0.801995,,94100,,
2,0,,0.512685,0,0.487315,,109000,,
2,2,,0.33176,0.001455,0.666785,,111600,,
2,0,,0.605741,0,0.394259,,110200,,
2,2,,0,0.093377,0.906623,,103000,,
2,2,,0.4261,0.001455,0.572446,,114800,,
2,2,,0.200493,0.105203,0.694304,,124200,,
2,2,,0.00643,0.101455,0.892115,,122700,,
2,2,,0.00304,0.104726,0.892234,,123000,,
2,2,,0.129297,0.000431,0.870272,,127600,,
2,2,,0.326671,0.001455,0.671874,,124400,,
2,2,,0.115295,0.000541,0.884165,,113100,,
2,2,,0.372255,0,0.627745,,121300,,
2,2,,0.114,0.007162,0.878838,,133200,,
2,2,,0.322911,0.004,0.673089,,178800,,
2,2,,0.005556,0.00233,0.992114,,167600,,
2,2,,0.291577,0,0.708423,,158400,,
2,2,,0.207368,0.00244,0.790193,,187700,,
2,2,,0.008818,0.101504,0.889678,,171300,,
2,2,,0.107915,0.000719,0.891365,,172000,,
2,2,,0.010038,0.105556,0.884407,,205600,,
2,2,,0.327407,0.003704,0.668889,,148400,,
2,2,,0.003084,0.013219,0.983696,,133300,,
2,2,,0.010023,0.108889,0.881088,,139100,,
2,2,,0.425306,0,0.574694,,149900,,
2,0,,0.795652,0,0.204348,,168800,,
2,2,,0.002621,0.215672,0.781707,,166400,,
2,2,,0.310263,0,0.689737,,147000,,
2,2,,0.204355,0,0.795645,,139400,,
2,0,,0.688725,0,0.311275,,143700,,
2,2,,0.019119,0.006496,0.974385,,126600,,
2,2,,0.007849,0.005055,0.987096,,140000,,
2,2,,0.492796,0.001818,0.505386,,152100,,
2,1,,0,0.788256,0.211744,,171700,,
2,2,,0.012418,0.008759,0.978823,,150400,,
2,2,,0.002603,0.013442,0.983955,,128300,,
2,2,,0.00324,0.014754,0.982005,,138500,,
2,2,,0.00625,0.10625,0.8875,,151500,,
2,2,,0.006742,0.002662,0.990596,,135200,,
2,2,,0.103445,0.004759,0.891796,,141200,,
2,1,,0,0.500346,0.499654,,114000,,
2,1,,0.000493,0.6825,0.317007,,94700,,
2,2,,0.366038,0,0.633962,,97600,,
2,1,,0.005556,0.612022,0.382422,,101100,,
2,2,,0.201597,0,0.798403,,102000,,
2,0,,0.80787,0,0.19213,,97900,,
2,2,,0.422078,0,0.577922,,91900,,
2,2,,0.214522,0.001416,0.784062,,87700,,
2,2,,0.019098,0.002884,0.978018,,88300,,
2,2,,0.006718,0.301455,0.691828,,87500,,
2,2,,0.00628,0.002426,0.991294,,92300,,
2,2,,0.107755,0.001455,0.89079,,104100,,
2,2,,0.415067,0.005556,0.579377,,97900,,
2,1,,0,0.5,0.5,,92700,,
2,2,,0.212,0.10566,0.682341,,88200,,
2,2,,0.009729,0.208106,0.782166,,86500,,
2,2,,0.003075,0.000431,0.996494,,86100,,
2,2,,0.068391,0.005258,0.926352,,88200,,
2,2,,0.104115,0.002347,0.893538,,88300,,
2,2,,0.11283,0.004388,0.882782,,94900,,
2,0,,0.666038,0,0.333962,,133900,,
2,1,,0.001373,0.586936,0.411692,,137100,,
2,2,,0.002,0.39993,0.59807,,115300,,
2,2,,0.10381,0,0.89619,,104100,,
2,2,,0.000633,0.179399,0.819968,,108300,,
2,2,,0,0.4,0.6,,101500,,
2,2,,0.101947,0.002605,0.895448,,94000,,
2,2,,0.10197,0.005497,0.892533,,94000,,
2,2,,0.423261,0.00279,0.573949,,94000,,
2,2,,0.012371,0.002552,0.985077,,92600,,
2,2,,0.488966,0.005556,0.505479,,107100,,
2,2,,0,0.216022,0.783978,,98900,,
2,2,,0.003846,0.273744,0.72241,,97600,,
2,2,,0.103041,0.000985,0.895974,,90300,,
2,2,,0.017031,0.004056,0.978913,,89700,,
2,2,,0.318567,0,0.681433,,95600,,
2,2,,0.494872,0,0.505128,,93000,,
2,2,,0.004,0.2,0.796,,87800,,
2,2,,0.003179,0.156048,0.840773,,85000,,
2,2,,0.007339,0.007163,0.985498,,85700,,
2,2,,0.171909,0,0.828091,,90900,,
2,2,,0.005922,0.42574,0.568338,,92400,,
2,2,,0.003571,0.003389,0.99304,,86000,,
2,2,,0.273353,0.001899,0.724748,,86300,,
2,2,,0.289522,0.103704,0.606774,,86200,,
2,2,,0.28656,0,0.71344,,87300,,
2,2,,0.012096,0.005692,0.982212,,89200,,
2,2,,0,0.393382,0.606618,,87500,,
2,2,,0.025029,0.002347,0.972623,,84900,,
2,2,,0.002621,0.405786,0.591593,,85900,,
2,2,,0.002621,0.208445,0.788933,,86100,,
2,2,,0.002076,0.008662,0.989263,,85800,,
2,2,,0.201607,0.000985,0.797408,,88500,,
2,2,,0.008124,0.003986,0.98789,,84900,,
2,2,,0.003455,0.123106,0.873439,,86700,,
2,2,,0.105052,0.003049,0.891899,,88000,,
2,2,,0.209235,0.1,0.690765,,87600,,
2,2,,0.001724,0.369697,0.628579,,91000,,
2,2,,0.008682,0.005221,0.986097,,108100,,
2,2,,0.009761,0.009332,0.980907,,93300,,
2,0,,0.503409,0,0.496591,,101100,,
2,2,,0.004309,0.010221,0.98547,,97000,,
2,2,,0.028259,0.001455,0.970286,,95800,,
2,2,,0.068864,0.069598,0.861538,,100200,,
2,2,,0.212818,0.001455,0.785727,,106600,,
2,2,,0.273536,0,0.726464,,96500,,
2,2,,0.107763,0.002884,0.889353,,88800,,
2,2,,0.014931,0.003093,0.981976,,88000,,
2,2,,0.103134,0,0.896866,,88400,,
2,2,,0.305158,0.001455,0.693387,,90800,,
2,2,,0.243121,0.001416,0.755463,,91800,,
2,2,,0.002116,0.104309,0.893575,,88400,,
2,2,,0.007526,0.011538,0.980936,,87900,,
2,2,,0.010901,0.021886,0.967213,,87600,,
2,2,,0.002463,0.307349,0.690188,,135400,,
2,1,,0,0.587778,0.412222,,99100,,
2,2,,0.175264,0.006455,0.818281,,90800,,
2,2,,0.006539,0.003381,0.99008,,87200,,
2,2,,0.107057,0.004304,0.888639,,85500,,
2,2,,0.032841,0.001455,0.965704,,86100,,
2,1,,0,0.501452,0.498548,,87300,,
2,2,,0.000493,0.200985,0.798522,,84200,,
2,2,,0.408422,0,0.591578,,88000,,
2,0,,0.665329,0,0.334671,,87500,,
2,2,,0.11057,0.001455,0.887976,,85500,,
2,2,,0.214554,0,0.785446,,86700,,
2,0,,0.510498,0.010893,0.478609,,87900,,
2,2,,0,0.195374,0.804626,,89800,,
2,0,,0.616503,0,0.383497,,86700,,
2,2,,0.447501,0,0.552499,,87100,,
2,2,,0.102076,0.30244,0.595485,,85100,,
2,2,,0.004407,0.003516,0.992077,,84600,,
2,2,,0.12348,0,0.87652,,86200,,
2,2,,0.30637,0.000893,0.692737,,88600,,
2,2,,0.300921,0,0.699079,,104900,,
2,2,,0.109325,0.000893,0.889782,,103900,,
2,2,,0.004076,0.004078,0.991846,,98300,,
2,2,,0.007748,0.104504,0.887748,,88900,,
2,2,,0.318512,0,0.681488,,87800,,
2,2,,0.204278,0,0.795722,,88300,,
2,2,,0.32631,0,0.67369,,86500,,
2,2,,0,0.287386,0.712614,,87600,,
2,2,,0.013773,0.295907,0.69032,,84400,,
2,2,,0.213149,0.000893,0.785958,,86800,,
2,2,,0.005836,0.089782,0.904383,,84600,,
2,2,,0.104,0.009627,0.886373,,86800,,
2,1,,0,0.66817,0.33183,,86300,,
2,2,,0.498276,0,0.501724,,87400,,
2,2,,0.321455,0.01574,0.662805,,86500,,
2,2,,0.121643,0,0.878357,,86000,,
2,2,,0.006337,0.005349,0.988314,,86400,,
2,2,,0.11471,0,0.88529,,91500,,
2,2,,0.225633,0.001455,0.772913,,87600,,
2,2,,0.009923,0.018928,0.97115,,87900,,
2,2,,0.01516,0.000719,0.98412,,83700,,
2,2,,0.021984,0.000985,0.97703,,83400,,
2,2,,0.003114,0.003587,0.9933,,84600,,
2,2,,0.380577,0,0.619423,,84700,,
2,2,,0.117858,0.001886,0.880256,,85700,,
2,2,,0,0.108678,0.891322,,89400,,
2,2,,0.263705,0,0.736295,,88000,,
2,2,,0.481936,0,0.518064,,86200,,
2,2,,0.106878,0,0.893122,,84400,,
2,2,,0.091231,0.117282,0.791487,,83500,,
2,2,,0.104978,0.104467,0.790555,,84100,,
2,1,,0,0.502703,0.497297,,86100,,
2,2,,0.009831,0.005199,0.984969,,83800,,
2,2,,0.005084,0.009142,0.985774,,83500,,
2,2,,0.4,0,0.6,,89400,,
2,2,,0.002493,0.003156,0.994352,,86900,,
2,2,,0.004395,0.001612,0.993993,,94600,,
2,2,,0.007246,0.007871,0.984883,,86900,,
2,2,,0.335143,0,0.664857,,87700,,
2,2,,0.119551,0,0.880449,,86000,,
2,2,,0.300868,0,0.699132,,87800,,
2,1,,0.001724,0.508233,0.490043,,86400,,
2,2,,0.257283,0.003704,0.739014,,86300,,
2,2,,0,0.342561,0.657439,,92600,,
2,2,,0.033333,0.203556,0.763111,,85400,,
2,2,,0.006354,0.006559,0.987087,,83600,,
2,2,,0.114462,0,0.885538,,85600,,
2,2,,0.310412,0,0.689588,,87100,,
2,0,,0.726093,0,0.273907,,86100,,
2,2,,0.299592,0.000893,0.699515,,84900,,
2,2,,0.23332,0,0.76668,,85000,,
2,1,,0,0.500167,0.499833,,84800,,
2,2,,0.000633,0.004122,0.995245,,83500,,
2,2,,0.401181,0,0.598819,,86100,,
2,2,,0.033966,0.214399,0.751635,,86200,,
2,2,,0.310928,0,0.689072,,87700,,
2,2,,0.002092,0.498175,0.499733,,86300,,
2,2,,0.006431,0.200509,0.79306,,85200,,
2,1,,0,0.616667,0.383333,,88300,,
2,2,,0.101455,0.001455,0.897091,,86900,,
2,2,,0.3,0.001526,0.698474,,86200,,
2,2,,0.001254,0.010374,0.988372,,83300,,
2,2,,0.257521,0,0.742479,,84700,,
2,2,,0.322704,0.000985,0.676311,,84700,,
2,2,,0.008545,0.002618,0.988837,,84100,,
2,2,,0,0.282817,0.717183,,95100,,
2,2,,0.120969,0.000985,0.878046,,86100,,
2,2,,0.010981,0.197121,0.791898,,86400,,
2,2,,0.004633,0.10924,0.886127,,84800,,
2,2,,0.008159,0.020393,0.971448,,84500,,
2,2,,0.007739,0.003146,0.989116,,88200,,
2,2,,0.012984,0.006455,0.980562,,93200,,
2,2,,0.009478,0.001878,0.988644,,89100,,
2,2,,0.232619,0,0.767381,,87900,,
2,1,,0.005,0.698422,0.296578,,85500,,
2,2,,0.097751,0.002871,0.899378,,85000,,
2,2,,0.101402,0.007139,0.891459,,84500,,
2,2,,0.285073,0,0.714927,,85900,,
2,1,,0.000633,0.579633,0.419734,,85700,,
2,2,,0.196825,0,0.803175,,88100,,
2,2,,0.178929,0.034848,0.786222,,98300,,
2,2,,0.306638,0.100719,0.592643,,88600,,
2,2,,0.005378,0.001638,0.992984,,93800,,
2,2,,0.201244,0.006376,0.79238,,90500,,
2,2,,0.497694,0.000483,0.501823,,86000,,
2,2,,0.316522,0.001455,0.682024,,85600,,
2,2,,0.007,0.001886,0.991115,,84100,,
2,2,,0.371065,0,0.628935,,87000,,
2,2,,0.066667,0.2,0.733333,,86500,,
2,2,,0.11157,0.001433,0.886997,,85000,,
2,2,,0.123541,0.001455,0.875005,,86500,,
2,2,,0.000493,0.229477,0.77003,,86100,,
2,2,,0.005175,0.008932,0.985893,,84400,,
2,0,,0.504764,0,0.495236,,89800,,
2,2,,0.231961,0,0.768039,,93000,,
2,0,,0.591345,0,0.408655,,85200,,
2,2,,0.104479,0.083414,0.812107,,86300,,
2,2,,0.00781,0.001455,0.990736,,83100,,
2,2,,0.143425,0.003955,0.85262,,83500,,
2,2,,0.1,0.300719,0.599281,,86300,,
2,2,,0.105188,0.001899,0.892913,,84800,,
2,2,,0,0.206906,0.793094,,85700,,
2,2,,0.048492,0,0.951508,,87600,,
2,2,,0.119154,0,0.880846,,85300,,
2,0,,0.541038,0,0.458962,,86100,,
2,2,,0.088847,0.028229,0.882924,,86200,,
2,0,,0.581412,0,0.418588,,86600,,
2,2,,0.118394,0.004541,0.877066,,85700,,
2,2,,0.007872,0.005985,0.986143,,84800,,
2,2,,0.006539,0.00461,0.988851,,83300,,
2,2,,0.006059,0.003764,0.990178,,82800,,
2,2,,0.003846,0.412931,0.583223,,88700,,
2,2,,0.424444,0,0.575556,,85600,,
2,2,,0.000493,0.00749,0.992017,,84900,,
2,0,,0.600646,0.006667,0.392688,,85200,,
2,2,,0.004922,0.002884,0.992194,,83200,,
2,2,,0.002,0.107753,0.890247,,85400,,
2,2,,0.002621,0.007322,0.990057,,85100,,
2,2,,0.248029,0,0.751971,,86400,,
2,2,,0.008894,0,0.991106,,84900,,
2,2,,0.311809,0.015672,0.672519,,86300,,
2,2,,0.004568,0.003381,0.992051,,84400,,
2,2,,0.000633,0.28599,0.713377,,86300,,
2,2,,0.206394,0.003333,0.790272,,86500,,
2,1,,0.000457,0.61871,0.380833,,85200,,
2,2,,0.205094,0.000893,0.794013,,84100,,
2,0,,0.691917,0,0.308083,,86600,,
2,1,,0,0.693199,0.306801,,86400,,
2,2,,0.10725,0.001455,0.891296,,87000,,
2,2,,0.104861,0,0.895139,,90200,,
2,2,,0.003096,0.010383,0.986521,,87700,,
2,0,,0.513134,0,0.486866,,85000,,
2,2,,0.116526,0.006886,0.876588,,84400,,
2,2,,0.004568,0.006001,0.989431,,87500,,
2,2,,0.007289,0.005611,0.9871,,83700,,
2,0,,0.708332,0,0.291668,,85300,,
2,2,,0.014961,0.005381,0.979658,,83800,,
2,0,,0.567315,0,0.432685,,85800,,
2,2,,0.106311,0.001886,0.891804,,83000,,
2,2,,0.002,0.111053,0.886947,,84300,,
2,2,,0.011438,0.208824,0.779739,,88100,,
2,2,,0.0051,0.20394,0.79096,,82600,,
2,2,,0.0424,0.000719,0.95688,,84200,,
2,2,,0.248739,0,0.751261,,84100,,
2,2,,0.28449,0,0.71551,,87100,,
2,2,,0.005532,0.106378,0.888089,,85500,,
2,2,,0.000633,0.315088,0.684279,,85900,,
2,2,,0.007601,0.004819,0.987581,,84500,,
2,2,,0.079273,0.001886,0.918842,,83600,,
2,2,,0.1,0.264826,0.635174,,86400,,
2,2,,0.115797,0,0.884203,,85500,,
2,1,,0.001455,0.502349,0.496197,,94000,,
2,2,,0.004407,0.194042,0.801552,,96000,,
2,2,,0.025456,0.001638,0.972906,,88600,,
2,2,,0,0.129192,0.870808,,92100,,
2,2,,0.007751,0.007121,0.985128,,84500,,
2,2,,0.001126,0.103402,0.895472,,86000,,
2,0,,0.715258,0,0.284742,,90600,,
2,2,,0.241806,0,0.758194,,86600,,
2,2,,0.095888,0,0.904112,,84800,,
2,2,,0.396566,0,0.603434,,91000,,
2,2,,0,0.304433,0.695567,,94300,,
2,2,,0.003455,0.294639,0.701907,,85200,,
2,2,,0.019413,0,0.980587,,118100,,
2,2,,0.02508,0.002884,0.972036,,90800,,
2,2,,0.2057,0,0.7943,,86800,,
2,2,,0.002,0.298646,0.699354,,86400,,
2,1,,0,0.694884,0.305116,,84900,,
2,2,,0,0.326377,0.673623,,86400,,
2,2,,0.211689,0,0.788311,,85000,,
2,2,,0.117814,0.005825,0.876361,,85400,,
2,0,,0.68704,0,0.31296,,85900,,
2,1,,0,0.584524,0.415476,,85200,,
2,2,,0.357197,0,0.642803,,85200,,
2,2,,0.004092,0.001207,0.994701,,87400,,