waveform-noise,Rotf,test,3,NANOSECONDS,PREDICTIONS, Generated by ClassifierExperiments.java on 2022-05-17 03:18:37.    SYSTEMPROPERTIES:{user.name:matth,os.arch:amd64,os.name:Windows 10},ENDSYSTEMPROPERTIES
No parameter info
0.8501498501498501,4527652000,88262900,-1,37379280,3,,-1,-1
0,0,,0.523478,0.476522,0,,309700,,
0,0,,0.993133,0.003197,0.003669,,103400,,
0,2,,0.306894,0,0.693106,,97700,,
0,0,,0.992838,0.004792,0.00237,,89900,,
0,0,,0.816624,0.000901,0.182475,,92100,,
0,2,,0.340251,0.001201,0.658548,,89100,,
0,2,,0.360631,0,0.639369,,90400,,
0,0,,0.525253,0.001901,0.472846,,89200,,
0,0,,0.588512,0,0.411488,,91900,,
0,0,,0.673958,0,0.326042,,93600,,
0,1,,0.43964,0.55998,0.00038,,94500,,
0,0,,0.516891,0.48277,0.000339,,93200,,
0,0,,0.597778,0.402222,0,,92000,,
0,1,,0.292899,0.707101,0,,92000,,
0,0,,0.888231,0.000339,0.111431,,87300,,
0,0,,0.696267,0.303162,0.000571,,87900,,
0,2,,0.426839,0.003331,0.569831,,89300,,
0,0,,0.606491,0.393509,0,,93300,,
0,0,,0.977495,0.009747,0.012758,,102100,,
0,1,,0.418841,0.580835,0.000325,,116700,,
0,0,,0.797836,0.201714,0.00045,,118700,,
0,0,,0.849388,0.002356,0.148256,,98200,,
0,0,,0.666955,0.001309,0.331736,,98300,,
0,0,,0.697202,0.301598,0.0012,,95400,,
0,0,,0.990692,0,0.009308,,94300,,
0,1,,0.474009,0.525991,0,,94200,,
0,0,,0.893928,0.106072,0,,95200,,
0,0,,0.794075,0.003413,0.202512,,86000,,
0,0,,0.894846,0,0.105154,,88100,,
0,0,,0.985044,0.014126,0.000831,,87300,,
0,0,,0.696257,0.196154,0.107589,,89500,,
0,0,,0.818565,0,0.181435,,87300,,
0,0,,0.986854,0.013146,0,,88100,,
0,0,,0.798873,0.000339,0.200788,,87700,,
0,0,,0.796106,0,0.203894,,89900,,
0,0,,0.890901,0.108648,0.00045,,85600,,
0,0,,0.793127,0.206873,0,,90200,,
0,2,,0.386806,0,0.613194,,91400,,
0,0,,0.506289,0.000408,0.493303,,87200,,
0,0,,0.892969,0.004569,0.102461,,85000,,
0,0,,0.992069,0.004792,0.003139,,86300,,
0,1,,0.24367,0.755991,0.000339,,93000,,
0,0,,0.700188,0.29879,0.001022,,87500,,
0,0,,0.79953,0.20047,0,,88800,,
0,0,,0.97598,0.005072,0.018949,,85500,,
0,0,,0.804008,0.194884,0.001108,,87200,,
0,0,,0.892368,0.105593,0.002039,,87100,,
0,0,,0.71762,0,0.28238,,87900,,
0,1,,0.081523,0.917462,0.001015,,88600,,
0,0,,0.733669,0,0.266331,,87100,,
0,2,,0.493777,0,0.506223,,89900,,
0,0,,0.503234,0,0.496766,,89700,,
0,0,,0.888779,0.003242,0.10798,,85100,,
0,0,,0.520946,0.000901,0.478153,,97100,,
0,0,,0.511896,0.488104,0,,95600,,
0,0,,0.894603,0.105017,0.00038,,85000,,
0,2,,0.422795,0,0.577205,,88600,,
0,0,,0.98734,0.011009,0.00165,,83800,,
0,0,,0.983238,0.002799,0.013963,,83300,,
0,1,,0.191699,0.798165,0.010136,,89400,,
0,0,,0.786481,0.207983,0.005537,,85500,,
0,0,,0.5,0.5,0,,88500,,
0,0,,0.795678,0.200025,0.004297,,83600,,
0,0,,0.984205,0.014595,0.0012,,84000,,
0,0,,0.89738,0.10224,0.00038,,86200,,
0,0,,0.500263,0.499737,0,,85100,,
0,0,,0.592568,0.001793,0.40564,,84400,,
0,0,,0.988487,0.004338,0.007175,,89500,,
0,0,,0.96316,0.03684,0,,88100,,
0,0,,0.619841,0.380159,0,,87000,,
0,0,,0.991144,0.002499,0.006356,,83400,,
0,1,,0.407571,0.592429,0,,87100,,
0,0,,0.895169,0.10438,0.00045,,84300,,
0,0,,0.896883,0.007404,0.095713,,83900,,
0,0,,0.584462,0.410702,0.004836,,86000,,
0,0,,0.978278,0.000758,0.020965,,86000,,
0,0,,0.707017,0.290994,0.001989,,86000,,
0,0,,0.895495,0.005769,0.098735,,85800,,
0,0,,0.657398,0,0.342602,,90800,,
0,2,,0.32894,0,0.67106,,88400,,
0,0,,0.688798,0.311202,0,,85800,,
0,0,,0.994469,0.003592,0.001939,,89400,,
0,0,,0.981513,0.002101,0.016386,,84000,,
0,0,,0.502063,0,0.497937,,84800,,
0,0,,0.987025,0.009805,0.00317,,83000,,
0,0,,0.889378,0.002799,0.107823,,83900,,
0,0,,0.892562,0.106988,0.00045,,82600,,
0,0,,0.994479,0.00268,0.002842,,84600,,
0,0,,0.534702,0.465298,0,,85300,,
0,0,,0.994594,0.002237,0.003168,,82900,,
0,2,,0.334381,0.0003,0.665319,,84700,,
0,0,,0.987521,0.003312,0.009166,,81900,,
0,0,,0.996,0.001539,0.002461,,82200,,
0,1,,0.059641,0.940359,0,,85700,,
0,0,,0.794027,0.005143,0.200831,,84100,,
0,0,,0.891618,0.00547,0.102912,,83100,,
0,0,,0.883475,0.012898,0.103626,,100900,,
0,0,,0.994768,0.004852,0.00038,,91800,,
0,0,,0.707845,0.291704,0.00045,,88500,,
0,2,,0.45825,0,0.54175,,89400,,
0,1,,0.477222,0.522778,0,,84300,,
0,0,,0.793773,0.206227,0,,85100,,
0,0,,0.976286,0.022134,0.00158,,84300,,
0,0,,0.830989,0.158672,0.010339,,85200,,
0,0,,0.994692,0.000339,0.004969,,86400,,
0,0,,0.685714,0.314286,0,,89500,,
0,0,,0.788708,0.209224,0.002068,,85800,,
0,0,,0.993609,0.005941,0.00045,,85100,,
0,0,,0.822956,0.177044,0,,85700,,
0,2,,0.189687,0.000408,0.809905,,85800,,
0,0,,0.726545,0.273455,0,,86900,,
0,0,,0.892886,0.006283,0.100831,,85600,,
0,0,,0.689912,0.309749,0.000339,,86100,,
0,0,,0.704911,0.295089,0,,86800,,
0,0,,0.794134,0.105037,0.100829,,85000,,
0,0,,0.602761,0.396858,0.00038,,85900,,
0,0,,0.894515,0.001912,0.103573,,84700,,
0,0,,0.687102,0.312898,0,,85700,,
0,0,,0.887743,0.112257,0,,84100,,
0,0,,0.915915,0.004647,0.079439,,83700,,
0,0,,0.788301,0.211699,0,,86600,,
0,0,,0.779697,0.119855,0.100448,,84800,,
0,0,,0.819657,0.076152,0.104191,,85000,,
0,0,,0.805318,0.000901,0.193782,,85300,,
0,0,,0.596154,0.403846,0,,84600,,
0,0,,0.988934,0.001097,0.00997,,83000,,
0,0,,0.988907,0.008591,0.002503,,83000,,
0,0,,0.989665,0.004394,0.005941,,82800,,
0,0,,0.983344,0.015825,0.000831,,83400,,
0,0,,0.886549,0.002237,0.111214,,84500,,
0,0,,0.827292,0.001898,0.17081,,83500,,
0,0,,0.620751,0.000339,0.37891,,83800,,
0,1,,0.313136,0.686864,0,,84400,,
0,0,,0.523288,0.476712,0,,84200,,
0,0,,0.990692,0,0.009308,,87000,,
0,0,,0.990542,0.007807,0.00165,,85400,,
0,0,,0.833324,0.000758,0.165918,,85700,,
0,0,,0.795988,0.203562,0.00045,,85700,,
0,0,,0.89531,0.103901,0.000789,,92200,,
0,1,,0.32484,0.67516,0,,95900,,
0,0,,0.698449,0.191551,0.11,,99000,,
0,0,,0.68558,0,0.31442,,97600,,
0,0,,0.7826,0.209533,0.007867,,93700,,
0,0,,0.91408,0.085131,0.000789,,95200,,
0,1,,0.316152,0.683848,0,,95900,,
0,0,,0.626386,0.140394,0.23322,,105100,,
0,0,,0.992838,0.004792,0.00237,,88100,,
0,2,,0.401472,0.001608,0.59692,,94700,,
0,0,,0.940437,0.001539,0.058024,,90800,,
0,0,,0.98871,0.005753,0.005537,,87900,,
0,0,,0.983673,0.014788,0.001539,,92700,,
0,0,,0.995062,0.004488,0.00045,,92900,,
0,0,,0.896501,0.102299,0.0012,,92400,,
0,0,,0.690535,0,0.309465,,99900,,
0,0,,0.807755,0.000901,0.191345,,95300,,
0,0,,0.550971,0.449029,0,,97000,,
0,0,,0.88207,0.019128,0.098802,,132500,,
0,0,,0.685821,0.314179,0,,96800,,
0,0,,0.897941,0.002799,0.09926,,88600,,
0,2,,0.245,0,0.755,,98000,,
0,0,,0.990375,0.002499,0.007126,,95500,,
0,0,,0.781998,0,0.218002,,95800,,
0,0,,0.891104,0.102381,0.006516,,89900,,
0,1,,0.117465,0.87611,0.006425,,94000,,
0,0,,0.796995,0.001211,0.201794,,85700,,
0,0,,0.795122,0.203339,0.001539,,84700,,
0,2,,0.304348,0,0.695652,,107900,,
0,0,,0.812466,0.000758,0.186777,,104200,,
0,0,,0.51237,0.48763,0,,91000,,
0,1,,0.325556,0.674444,0,,88800,,
0,0,,0.572033,0,0.427967,,87600,,
0,0,,0.705909,0.184091,0.11,,87200,,
0,2,,0.490483,0.000339,0.509178,,90300,,
0,0,,0.676154,0,0.323846,,104500,,
0,2,,0.111782,0,0.888218,,97100,,
0,0,,0.983216,0.003931,0.012853,,88600,,
0,0,,0.978268,0.019805,0.001927,,87300,,
0,2,,0.481129,0,0.518871,,88500,,
0,0,,0.989136,0.005778,0.005086,,84100,,
0,2,,0.100826,0,0.899174,,87100,,
0,1,,0.341,0.659,0,,91800,,
0,0,,0.878776,0.118845,0.00238,,84400,,
0,0,,0.601417,0,0.398583,,86200,,
0,0,,0.87445,0.006762,0.118788,,83800,,
0,0,,0.890524,0.103226,0.00625,,86100,,
0,0,,0.960373,0,0.039627,,85500,,
0,0,,0.98881,0.004453,0.006737,,83700,,
0,0,,0.869118,0.130882,0,,87600,,
0,0,,0.99534,0.002352,0.002308,,84700,,
0,1,,0.403535,0.596465,0,,85900,,
0,0,,0.978086,0.007512,0.014402,,84400,,
0,0,,0.709868,0.289301,0.000831,,85300,,
0,0,,0.589459,0.404605,0.005936,,89700,,
0,0,,0.992838,0.004792,0.00237,,83900,,
0,0,,0.812917,0,0.187083,,84500,,
0,0,,0.802243,0.194857,0.002901,,85400,,
0,2,,0.23827,0,0.76173,,86200,,
0,1,,0.317461,0.682539,0,,89300,,
0,0,,0.879598,0.078671,0.04173,,82900,,
0,1,,0.396296,0.603704,0,,92100,,
0,1,,0.247239,0.752761,0,,85800,,
0,2,,0.104198,0,0.895802,,87500,,
0,0,,0.985314,0.013106,0.00158,,85200,,
0,0,,0.91104,0.08896,0,,84900,,
0,0,,0.897268,0.102352,0.00038,,84900,,
0,0,,0.799855,0.003901,0.196244,,84300,,
0,0,,0.694163,0.304629,0.001208,,88000,,
0,0,,0.994312,0.004518,0.00117,,83000,,
0,0,,0.970812,0.002237,0.026951,,83900,,
0,0,,0.634472,0,0.365528,,86100,,
0,0,,0.894312,0.103976,0.001712,,83700,,
0,0,,0.790974,0.194349,0.014677,,85800,,
0,0,,0.984732,0.014098,0.00117,,83000,,
0,0,,0.544044,0.455956,0,,87700,,
0,0,,0.887633,0.010994,0.101373,,83700,,
0,0,,0.890325,0.000813,0.108862,,83800,,
0,0,,0.986401,0.013599,0,,85900,,
0,0,,0.788423,0.210788,0.000789,,93100,,
0,0,,0.71053,0,0.28947,,92700,,
0,0,,0.895883,0.00124,0.102877,,86300,,
0,0,,0.984648,0.00244,0.012912,,84000,,
0,2,,0.494551,0,0.505449,,86000,,
0,0,,0.992838,0.004792,0.00237,,82500,,
0,0,,0.988757,0.008874,0.00237,,85000,,
0,2,,0.240833,0,0.759167,,86100,,
0,0,,0.905281,0.094719,0,,84200,,
0,0,,0.98011,0.012361,0.007529,,84600,,
0,0,,0.581233,0,0.418767,,86400,,
0,2,,0.497143,0,0.502857,,86700,,
0,0,,0.605605,0,0.394395,,87200,,
0,0,,0.588618,0,0.411382,,85200,,
0,0,,0.777766,0.221854,0.00038,,84400,,
0,0,,0.734657,0,0.265343,,85800,,
0,0,,0.501726,0.498274,0,,88100,,
0,0,,0.58655,0.003636,0.409813,,90700,,
0,1,,0.414056,0.585944,0,,86000,,
0,0,,0.941546,0.052898,0.005556,,83900,,
0,0,,0.992136,0.004737,0.003127,,83800,,
0,0,,0.991684,0.004647,0.003669,,82700,,
0,0,,0.593887,0.000901,0.405212,,87100,,
0,0,,0.989365,0.00412,0.006516,,83700,,
0,0,,0.980845,0.008547,0.010608,,83500,,
0,0,,0.770327,0.229293,0.00038,,86000,,
0,0,,0.876691,0.001097,0.122212,,85000,,
0,0,,0.57471,0,0.42529,,86400,,
0,0,,0.988568,0.010262,0.00117,,82500,,
0,0,,0.817707,0.182293,0,,90000,,
0,2,,0.264355,0,0.735645,,88500,,
0,0,,0.912562,0.082352,0.005086,,84900,,
0,0,,0.613579,0,0.386421,,88200,,
0,0,,0.885504,0.112957,0.001539,,95800,,
0,0,,0.809544,0.185299,0.005156,,91900,,
0,0,,0.895509,0.104111,0.00038,,97200,,
0,0,,0.995238,0.003592,0.00117,,110100,,
0,0,,0.893133,0.003197,0.103669,,103200,,
0,2,,0.369915,0,0.630085,,105500,,
0,0,,0.615847,0.383322,0.000831,,100500,,
0,0,,0.872024,0,0.127976,,105400,,
0,0,,0.994479,0.00268,0.002842,,100200,,
0,0,,0.86697,0.13303,0,,89900,,
0,2,,0.333257,0,0.666743,,94600,,
0,0,,0.891774,0,0.108226,,85400,,
0,0,,0.627122,0.372878,0,,93300,,
0,0,,0.987902,0.006164,0.005934,,91300,,
0,0,,0.993863,0.002293,0.003844,,84500,,
0,0,,0.713332,0.286668,0,,91900,,
0,0,,0.519234,0.480766,0,,87000,,
0,0,,0.992891,0.003891,0.003218,,84800,,
0,2,,0.216697,0,0.783303,,86900,,
0,0,,0.992012,0.007538,0.00045,,85400,,
0,0,,0.590575,0.000758,0.408667,,86700,,
0,0,,0.650931,0.296172,0.052896,,85800,,
0,0,,0.988769,0.009651,0.00158,,83600,,
0,0,,0.702478,0,0.297522,,87900,,
0,0,,0.787726,0.212274,0,,85500,,
0,0,,0.991612,0.004338,0.00405,,83200,,
0,0,,0.509575,0.002101,0.488324,,84700,,
0,0,,0.891855,0.107765,0.00038,,86800,,
0,2,,0.405663,0.0003,0.594037,,89900,,
0,0,,0.502494,0,0.497506,,89200,,
0,0,,0.728463,0.000901,0.270636,,87100,,
0,0,,0.684301,0.006667,0.309033,,86100,,
0,0,,0.988082,0.00591,0.006008,,84000,,
0,0,,0.907909,0.00124,0.090851,,85100,,
0,0,,0.592308,0,0.407692,,87100,,
0,0,,0.992272,0.006559,0.00117,,83200,,
0,0,,0.506353,0.493647,0,,87500,,
0,0,,0.666761,0.057008,0.276232,,87600,,
0,0,,0.790838,0.000339,0.208823,,85400,,
0,0,,0.996232,0.002979,0.000789,,84900,,
0,0,,0.788728,0.210821,0.00045,,83600,,
0,0,,0.597979,0.095217,0.306805,,86100,,
0,0,,0.884692,0.115308,0,,85000,,
0,0,,0.695069,0,0.304931,,84200,,
0,0,,0.876973,0.0012,0.121827,,84000,,
0,0,,0.674348,0.324862,0.000789,,84200,,
0,0,,0.796537,0.099441,0.104022,,84000,,
0,0,,0.976603,0.023017,0.00038,,82800,,
0,0,,0.991185,0.002381,0.006434,,82800,,
0,2,,0.41606,0.003438,0.580501,,84400,,
0,1,,0.117778,0.882222,0,,87500,,
0,0,,0.863989,0.136011,0,,86000,,
0,2,,0.230133,0,0.769867,,85800,,
0,0,,0.794715,0.204455,0.000831,,83100,,
0,0,,0.812391,0.187609,0,,84900,,
0,1,,0.303285,0.696715,0,,87500,,
0,0,,0.888285,0.007101,0.104614,,83600,,
0,0,,0.588314,0.411686,0,,86000,,
0,0,,0.885044,0.114126,0.000831,,83700,,
0,1,,0.391039,0.602295,0.006667,,87600,,
0,0,,0.890242,0.102112,0.007645,,84500,,
0,0,,0.542045,0.457955,0,,85900,,
0,0,,0.810839,0.188781,0.00038,,83300,,
0,0,,0.988351,0.003931,0.007718,,87300,,
0,0,,0.988642,0.008098,0.00326,,85500,,
0,0,,0.708696,0.291304,0,,84900,,
0,0,,0.795025,0.000339,0.204636,,85200,,
0,0,,0.808055,0.002509,0.189436,,84900,,
0,0,,0.791971,0.000339,0.20769,,85900,,
0,0,,0.883596,0.116404,0,,84000,,
0,0,,0.673314,0.315486,0.0112,,85300,,
0,0,,0.646556,0,0.353444,,85600,,
0,0,,0.672126,0.0012,0.326674,,84400,,
0,2,,0.289524,0,0.710476,,86900,,
0,1,,0.40032,0.597187,0.002493,,83700,,
0,0,,0.89611,0.1031,0.000789,,86700,,
0,2,,0.207352,0,0.792648,,93200,,
0,0,,0.792041,0.102584,0.105375,,84700,,
0,0,,0.619067,0.000758,0.380175,,84800,,
0,2,,0.494906,0.001441,0.503653,,85500,,
0,2,,0.458943,0,0.541057,,88000,,
0,0,,0.50693,0.49307,0,,97100,,
0,1,,0.194679,0.798654,0.006667,,97300,,
0,0,,0.606431,0.000813,0.392756,,96100,,
0,0,,0.889102,0.11045,0.000448,,85400,,
0,0,,0.599552,0,0.400448,,86700,,
0,0,,0.99291,0.005101,0.001989,,84400,,
0,0,,0.984028,0.002101,0.013872,,84900,,
0,0,,0.889668,0.109882,0.00045,,86000,,
1,1,,0.003109,0.894867,0.102023,,86900,,
1,1,,0.468663,0.531337,0,,86600,,
1,1,,0.000704,0.958485,0.04081,,88000,,
1,2,,0,0.395082,0.604918,,89200,,
1,1,,0.299322,0.699902,0.000776,,86200,,
1,1,,0.048916,0.948429,0.002655,,84800,,
1,1,,0.344604,0.655396,0,,86800,,
1,1,,0.001572,0.97584,0.022588,,84900,,
1,1,,0.245136,0.754864,0,,86800,,
1,1,,0.017034,0.980311,0.002655,,86200,,
1,0,,0.595622,0.400475,0.003903,,140500,,
1,1,,0.003766,0.994349,0.001885,,112100,,
1,1,,0.19384,0.80616,0,,89000,,
1,1,,0.001266,0.694865,0.303869,,88300,,
1,1,,0,0.788409,0.211591,,89800,,
1,1,,0.086829,0.913171,0,,88200,,
1,1,,0.005158,0.976843,0.017999,,84100,,
1,1,,0.001887,0.957269,0.040844,,86000,,
1,2,,0,0.410791,0.589209,,87100,,
1,1,,0,0.729783,0.270217,,85700,,
1,1,,0.14245,0.85755,0,,92100,,
1,1,,0,0.764837,0.235163,,91400,,
1,1,,0.197789,0.801887,0.000325,,87100,,
1,1,,0,0.980006,0.019994,,87500,,
1,1,,0.000297,0.997593,0.00211,,84400,,
1,1,,0.003583,0.985277,0.011141,,84500,,
1,1,,0.490276,0.509724,0,,88700,,
1,1,,0.0018,0.994926,0.003274,,85700,,
1,1,,0.404861,0.595139,0,,90200,,
1,1,,0.000297,0.840244,0.159459,,85900,,
1,1,,0.210049,0.788936,0.001015,,84800,,
1,1,,0.006858,0.990108,0.003034,,85300,,
1,1,,0.002849,0.994011,0.003139,,84600,,
1,1,,0,0.687103,0.312897,,89500,,
1,1,,0.396169,0.603831,0,,87600,,
1,0,,0.546937,0.453063,0,,87200,,
1,1,,0.010935,0.985937,0.003128,,84200,,
1,1,,0.000571,0.996285,0.003143,,84900,,
1,0,,0.787211,0.212789,0,,87200,,
1,1,,0.001421,0.997683,0.000896,,83900,,
1,1,,0.001001,0.894776,0.104223,,85600,,
1,1,,0.318182,0.681818,0,,86800,,
1,1,,0.005207,0.991377,0.003416,,83100,,
1,1,,0.231415,0.768585,0,,87500,,
1,1,,0.094227,0.892906,0.012867,,83200,,
1,1,,0.202439,0.793988,0.003572,,85000,,
1,0,,0.590665,0.409335,0,,85400,,
1,1,,0.151415,0.848585,0,,86100,,
1,1,,0.008211,0.991789,0,,83500,,
1,1,,0.301293,0.588839,0.109868,,84900,,
1,1,,0.100552,0.897271,0.002177,,83600,,
1,1,,0.134586,0.865414,0,,84100,,
1,1,,0.097897,0.601154,0.300949,,90200,,
1,0,,0.522639,0.477361,0,,84000,,
1,1,,0.001001,0.688483,0.310516,,83700,,
1,0,,0.525874,0.474126,0,,87500,,
1,1,,0.344577,0.655423,0,,84500,,
1,1,,0.254691,0.745309,0,,85700,,
1,1,,0.002096,0.996138,0.001766,,83700,,
1,1,,0.196267,0.803733,0,,87000,,
1,1,,0.003478,0.886348,0.110174,,82800,,
1,1,,0,0.721667,0.278333,,88600,,
1,1,,0.298132,0.672464,0.029404,,82600,,
1,1,,0.003042,0.971386,0.025571,,84500,,
1,1,,0.027849,0.871281,0.10087,,85700,,
1,1,,0.24965,0.75035,0,,84600,,
1,1,,0.000704,0.690635,0.30866,,88000,,
1,1,,0.004919,0.706325,0.288756,,83600,,
1,1,,0.413778,0.586222,0,,85800,,
1,1,,0.099113,0.898804,0.002083,,85500,,
1,0,,0.542862,0.457138,0,,85700,,
1,1,,0,0.97616,0.02384,,84100,,
1,1,,0.308279,0.691721,0,,92100,,
1,1,,0.116752,0.87996,0.003288,,90500,,
1,1,,0.001276,0.881715,0.117009,,84100,,
1,2,,0.005,0.470581,0.524419,,83700,,
1,1,,0.003548,0.995556,0.000896,,83500,,
1,0,,0.503164,0.496836,0,,86400,,
1,1,,0.289382,0.709603,0.001015,,87200,,
1,1,,0.103214,0.895334,0.001452,,83500,,
1,1,,0.000849,0.988866,0.010285,,83400,,
1,1,,0.003504,0.978663,0.017833,,83900,,
1,1,,0.001421,0.781341,0.217238,,84400,,
1,1,,0.005824,0.982778,0.011398,,82900,,
1,1,,0.000552,0.723639,0.275809,,84200,,
1,1,,0.476458,0.523542,0,,85400,,
1,1,,0.399322,0.599902,0.000776,,84600,,
1,1,,0.401887,0.598113,0,,86300,,
1,1,,0.471431,0.528569,0,,85400,,
1,1,,0.3139,0.685663,0.000437,,85900,,
1,1,,0.004095,0.893031,0.102874,,88600,,
1,1,,0.098908,0.89924,0.001852,,86700,,
1,1,,0.052346,0.945802,0.001852,,83600,,
1,1,,0.430109,0.569891,0,,87400,,
1,1,,0.39576,0.60424,0,,85500,,
1,1,,0.337091,0.662909,0,,86400,,
1,1,,0.003387,0.990999,0.005614,,83400,,
1,1,,0.098916,0.896006,0.005078,,82800,,
1,1,,0.00592,0.959491,0.034589,,83100,,
1,0,,0.606944,0.393056,0,,85000,,
1,1,,0.470909,0.529091,0,,86800,,
1,1,,0.006329,0.870045,0.123626,,85900,,
1,2,,0,0.403257,0.596743,,86500,,
1,1,,0.11291,0.884543,0.002547,,83900,,
1,1,,0.161971,0.838029,0,,84700,,
1,1,,0,0.638889,0.361111,,85300,,
1,2,,0,0.1,0.9,,88900,,
1,1,,0.090552,0.815245,0.094203,,88800,,
1,1,,0.382083,0.615833,0.002083,,88000,,
1,1,,0.003766,0.892509,0.103725,,84100,,
1,1,,0.001553,0.891298,0.107149,,84700,,
1,1,,0.095568,0.902121,0.002311,,82600,,
1,1,,0.142416,0.857584,0,,84100,,
1,1,,0.100552,0.691803,0.207644,,87300,,
1,0,,0.698077,0.301923,0,,85600,,
1,1,,0.157716,0.842284,0,,84700,,
1,1,,0.121111,0.875601,0.003288,,84000,,
1,2,,0,0.425769,0.574231,,86100,,
1,1,,0.108204,0.888814,0.002982,,83100,,
1,0,,0.680246,0.319754,0,,85800,,
1,1,,0.002165,0.985863,0.011972,,84800,,
1,1,,0.099021,0.898447,0.002533,,84400,,
1,0,,0.548829,0.451171,0,,85200,,
1,1,,0.327451,0.672549,0,,85300,,
1,1,,0.216735,0.783265,0,,85600,,
1,0,,0.888609,0.111391,0,,85400,,
1,1,,0.316202,0.683798,0,,83400,,
1,1,,0.103851,0.896149,0,,84500,,
1,2,,0,0.307972,0.692028,,86500,,
1,1,,0.009113,0.889009,0.101878,,82800,,
1,1,,0.202818,0.794967,0.002215,,85700,,
1,1,,0.231429,0.768571,0,,85000,,
1,1,,0.284116,0.715884,0,,84900,,
1,1,,0.102,0.898,0,,84200,,
1,1,,0.104712,0.892,0.003288,,84400,,
1,1,,0.298711,0.701289,0,,84100,,
1,1,,0.075601,0.923962,0.000437,,83800,,
1,1,,0.017516,0.972784,0.0097,,88200,,
1,1,,0.114029,0.689852,0.19612,,83800,,
1,1,,0.000297,0.684242,0.315462,,85300,,
1,1,,0.002096,0.996571,0.001333,,92500,,
1,1,,0.013214,0.779638,0.207148,,95900,,
1,1,,0.016659,0.982904,0.000437,,93800,,
1,1,,0.109909,0.877588,0.012503,,95000,,
1,1,,0.000571,0.888721,0.110708,,94800,,
1,1,,0.003441,0.988789,0.007771,,94400,,
1,1,,0.003901,0.995774,0.000325,,90500,,
1,1,,0.001421,0.997683,0.000896,,94600,,
1,1,,0.007035,0.982694,0.010271,,88500,,
1,1,,0.174509,0.825491,0,,86800,,
1,1,,0.3,0.593131,0.106869,,86800,,
1,1,,0.003766,0.850217,0.146016,,83400,,
1,1,,0,0.582024,0.417976,,92100,,
1,1,,0.220106,0.779894,0,,100300,,
1,1,,0.008332,0.889231,0.102437,,98300,,
1,0,,0.527763,0.472237,0,,90000,,
1,1,,0.394316,0.605684,0,,84800,,
1,1,,0.003124,0.995543,0.001333,,82000,,
1,1,,0.012,0.975975,0.012025,,86500,,
1,1,,0.126922,0.873078,0,,112500,,
1,1,,0.431772,0.568228,0,,83600,,
1,1,,0.175297,0.805008,0.019696,,84300,,
1,1,,0.100297,0.58887,0.310833,,87100,,
1,1,,0.003959,0.994455,0.001587,,87800,,
1,1,,0.415254,0.584746,0,,85900,,
1,2,,0.000704,0.475598,0.523697,,85100,,
1,1,,0.328561,0.671439,0,,84600,,
1,1,,0.238395,0.761605,0,,84500,,
1,1,,0.003548,0.995556,0.000896,,83300,,
1,1,,0.003438,0.976104,0.020459,,82300,,
1,1,,0.004798,0.883543,0.111659,,87300,,
1,1,,0.00202,0.990758,0.007222,,92700,,
1,1,,0.289998,0.679565,0.030437,,88300,,
1,0,,0.519768,0.480232,0,,90400,,
1,1,,0.226466,0.773534,0,,90900,,
1,1,,0.398617,0.600812,0.000571,,90600,,
1,0,,0.504116,0.495884,0,,91000,,
1,1,,0.322045,0.677955,0,,89700,,
1,1,,0.008198,0.991477,0.000325,,90100,,
1,1,,0.416102,0.583898,0,,92000,,
1,1,,0.293063,0.705921,0.001015,,89100,,
1,1,,0.000297,0.783037,0.216667,,93400,,
1,1,,0.017584,0.981401,0.001015,,94400,,
1,1,,0.004327,0.993126,0.002547,,92100,,
1,1,,0.222848,0.777152,0,,96800,,
1,1,,0.000297,0.991153,0.008551,,94000,,
1,1,,0.007791,0.982543,0.009666,,91600,,
1,2,,0.001667,0.01163,0.986703,,96700,,
1,1,,0.007441,0.988142,0.004418,,96400,,
1,1,,0,0.775093,0.224907,,93800,,
1,1,,0.101421,0.768452,0.130127,,95200,,
1,1,,0.208017,0.583437,0.208546,,96500,,
1,1,,0.403606,0.595378,0.001015,,109400,,
1,1,,0.006121,0.991856,0.002023,,93100,,
1,1,,0.221153,0.778847,0,,104400,,
1,1,,0.002571,0.785851,0.211577,,102600,,
1,1,,0.106439,0.891239,0.002321,,98100,,
1,1,,0.401464,0.59621,0.002326,,101700,,
1,1,,0.033886,0.648584,0.31753,,102000,,
1,1,,0.102424,0.887439,0.010136,,90200,,
1,1,,0,0.647182,0.352818,,93300,,
1,0,,0.518901,0.481099,0,,91700,,
1,1,,0,0.872371,0.127629,,90100,,
1,1,,0.231339,0.768337,0.000325,,86200,,
1,1,,0.000849,0.994064,0.005087,,85800,,
1,1,,0.000571,0.679756,0.319673,,88600,,
1,1,,0.210155,0.789845,0,,87300,,
1,1,,0.086609,0.8989,0.014491,,83900,,
1,1,,0.317219,0.682781,0,,90800,,
1,2,,0.099896,0.421551,0.478553,,87100,,
1,1,,0.298945,0.698057,0.002998,,84700,,
1,1,,0.298753,0.701247,0,,84900,,
1,1,,0.015601,0.983962,0.000437,,84700,,
1,2,,0.001001,0.411172,0.587827,,90600,,
1,1,,0.393044,0.606956,0,,87600,,
1,2,,0.000704,0.498516,0.500779,,87400,,
1,1,,0.003091,0.994588,0.002321,,84600,,
1,1,,0.002125,0.994866,0.003009,,88200,,
1,1,,0.000571,0.749092,0.250337,,86800,,
1,1,,0.420965,0.575463,0.003571,,85300,,
1,1,,0.033787,0.965198,0.001015,,85600,,
1,1,,0.001001,0.88215,0.116849,,84500,,
1,1,,0.326507,0.673493,0,,95700,,
1,1,,0.00303,0.993418,0.003551,,84700,,
1,1,,0.29038,0.708605,0.001015,,87200,,
1,1,,0.003583,0.985709,0.010708,,86400,,
1,1,,0.003828,0.978,0.018171,,88300,,
1,1,,0.012688,0.985288,0.002023,,85000,,
1,0,,0.519988,0.480012,0,,90600,,
1,1,,0.004587,0.984652,0.010761,,94100,,
1,0,,0.627454,0.372166,0.00038,,99300,,
1,1,,0.296997,0.703003,0,,92900,,
1,1,,0.00709,0.991895,0.001015,,90800,,
1,1,,0.004842,0.893094,0.102064,,88200,,
1,1,,0.097715,0.901714,0.000571,,87900,,
1,1,,0.005216,0.891204,0.10358,,86800,,
1,0,,0.505983,0.494017,0,,92200,,
1,1,,0.228571,0.771429,0,,88100,,
1,1,,0.016481,0.982948,0.000571,,85600,,
1,0,,0.640185,0.358615,0.0012,,89000,,
1,1,,0.005387,0.876931,0.117682,,85200,,
1,1,,0.224774,0.775226,0,,89100,,
1,2,,0,0.464918,0.535082,,91200,,
1,1,,0.001563,0.711799,0.286639,,86100,,
1,1,,0.351,0.649,0,,89800,,
1,1,,0.207801,0.791184,0.001015,,86200,,
1,1,,0,0.59913,0.40087,,88000,,
1,1,,0.000901,0.864905,0.134194,,91700,,
1,2,,0.000351,0.205092,0.794557,,88700,,
1,1,,0.000868,0.997366,0.001766,,83100,,
1,1,,0.000571,0.981429,0.017999,,86100,,
1,1,,0.29385,0.70615,0,,97000,,
1,1,,0.37779,0.62221,0,,99200,,
1,1,,0.001276,0.992162,0.006562,,94800,,
1,1,,0.000571,0.852271,0.147158,,96100,,
1,1,,0.254167,0.637271,0.108562,,97300,,
1,1,,0.203611,0.794923,0.001466,,94500,,
1,2,,0,0.390476,0.609524,,97000,,
1,1,,0.419729,0.580271,0,,91900,,
1,0,,0.890645,0.109355,0,,86600,,
1,1,,0.31572,0.682197,0.002083,,89000,,
1,1,,0.327174,0.572826,0.1,,85100,,
1,1,,0.082128,0.917548,0.000325,,86800,,
1,1,,0.224116,0.775884,0,,89700,,
1,1,,0.397887,0.601677,0.000437,,86600,,
1,1,,0.108832,0.889581,0.001587,,84800,,
1,1,,0.002538,0.887139,0.110323,,85300,,
1,1,,0.000704,0.732033,0.267263,,86200,,
1,1,,0.003662,0.994751,0.001587,,84400,,
1,1,,0.114587,0.784652,0.100761,,89200,,
1,1,,0.009874,0.781589,0.208537,,87500,,
1,1,,0.001421,0.997247,0.001333,,82700,,
1,1,,0.002,0.988607,0.009393,,84500,,
1,1,,0.333116,0.666884,0,,83900,,
1,1,,0.001421,0.987872,0.010708,,82300,,
1,1,,0.000704,0.953665,0.045631,,85300,,
1,1,,0.000704,0.826028,0.173268,,84800,,
1,0,,0.59864,0.397175,0.004185,,83800,,
1,1,,0,0.89052,0.10948,,84300,,
1,1,,0.00735,0.987448,0.005202,,81700,,
1,1,,0,0.593482,0.406518,,85900,,
1,1,,0.252926,0.747074,0,,89700,,
1,1,,0,0.790791,0.209209,,84800,,
1,0,,0.525442,0.474558,0,,86200,,
1,1,,0.000297,0.777759,0.221944,,85100,,
1,1,,0.097769,0.520263,0.381968,,85100,,
1,1,,0.394075,0.603842,0.002083,,86500,,
1,1,,0.004587,0.994652,0.000761,,86700,,
1,1,,0.021291,0.967747,0.010962,,84200,,
1,1,,0.004645,0.882267,0.113088,,85900,,
1,1,,0.372249,0.627751,0,,85400,,
1,1,,0.013323,0.884023,0.102655,,83300,,
1,1,,0,0.602776,0.397224,,85000,,
1,2,,0,0.288889,0.711111,,87500,,
1,1,,0.111937,0.888063,0,,84500,,
1,1,,0.002801,0.993754,0.003445,,83600,,
1,1,,0.34363,0.65637,0,,85500,,
1,1,,0.004338,0.993639,0.002023,,84100,,
1,1,,0.28151,0.71849,0,,84600,,
1,1,,0.091276,0.586516,0.322208,,84400,,
1,2,,0,0.499835,0.500165,,84900,,
1,1,,0.000297,0.889134,0.110569,,83700,,
1,1,,0.106963,0.787872,0.105164,,84000,,
1,1,,0.004501,0.990131,0.005368,,83500,,
1,1,,0.002868,0.893989,0.103143,,85700,,
1,1,,0.001421,0.997571,0.001008,,84000,,
1,1,,0.009795,0.748767,0.241438,,85400,,
1,1,,0.196288,0.802697,0.001015,,86100,,
1,1,,0.314325,0.685675,0,,89000,,
1,1,,0.102109,0.897891,0,,96400,,
1,1,,0.009795,0.588092,0.402113,,91300,,
1,1,,0.025552,0.664021,0.310426,,86200,,
1,1,,0.000868,0.883393,0.115739,,84000,,
1,1,,0.002835,0.59528,0.401885,,83900,,
1,1,,0,1,0,,86800,,
1,0,,0.493568,0.492315,0.014117,,86200,,
1,1,,0.00303,0.981558,0.015411,,86300,,
1,1,,0.005755,0.990829,0.003416,,84400,,
1,2,,0,0.305882,0.694118,,87000,,
1,1,,0.001421,0.895028,0.103551,,83600,,
1,1,,0.205871,0.791262,0.002867,,84800,,
1,1,,0.005836,0.992141,0.002023,,84900,,
1,1,,0.007332,0.982397,0.010271,,84600,,
1,0,,0.503014,0.495215,0.001771,,84900,,
1,1,,0.101487,0.882194,0.016319,,84500,,
1,0,,0.513239,0.486761,0,,85800,,
1,1,,0.093394,0.905591,0.001015,,84400,,
1,1,,0.000704,0.873283,0.126013,,85100,,
1,1,,0.405395,0.59359,0.001015,,116500,,
1,1,,0.289749,0.710251,0,,85500,,
1,1,,0.220307,0.779693,0,,83900,,
2,2,,0.425556,0,0.574444,,91400,,
2,2,,0.421518,0.000408,0.578074,,90500,,
2,2,,0.004289,0.002075,0.993636,,92600,,
2,2,,0.007647,0.166791,0.825562,,87200,,
2,2,,0.009255,0.482798,0.507948,,85500,,
2,1,,0.001316,0.600446,0.398239,,83900,,
2,1,,0.000704,0.587808,0.411488,,85400,,
2,2,,0.031362,0,0.968638,,88700,,
2,1,,0,0.774019,0.225981,,87100,,
2,2,,0.003035,0.004449,0.992516,,84000,,
2,2,,0.121441,0.0003,0.878259,,86800,,
2,2,,0.021031,0,0.978969,,85200,,
2,2,,0.107815,0.003542,0.888643,,88400,,
2,0,,0.6,0,0.4,,88300,,
2,2,,0.399611,0,0.600389,,87800,,
2,2,,0.398439,0.0003,0.601261,,85200,,
2,2,,0.007681,0.002201,0.990118,,82900,,
2,2,,0.007333,0.000868,0.991799,,84200,,
2,2,,0.195436,0,0.804564,,85700,,
2,0,,0.574731,0,0.425269,,87700,,
2,2,,0.273656,0,0.726344,,87600,,
2,2,,0.299708,0,0.700292,,86100,,
2,0,,0.582716,0.001515,0.415769,,87100,,
2,2,,0.401389,0,0.598611,,84700,,
2,2,,0.120712,0,0.879288,,83200,,
2,2,,0.115314,0.0003,0.884385,,86100,,
2,2,,0.003486,0.004345,0.992169,,83000,,
2,2,,0.292728,0,0.707272,,84000,,
2,2,,0.372638,0.000708,0.626653,,85800,,
2,2,,0.003048,0.003148,0.993805,,82700,,
2,2,,0,0.494603,0.505397,,86100,,
2,2,,0.100901,0.1092,0.789899,,90600,,
2,1,,0.001266,0.666315,0.332419,,103500,,
2,2,,0.449322,0,0.550678,,96000,,
2,2,,0.382636,0,0.617364,,95000,,
2,2,,0.006667,0.000685,0.992648,,93400,,
2,2,,0.001361,0.205033,0.793606,,96900,,
2,2,,0.29245,0,0.70755,,101000,,
2,2,,0,0.483839,0.516161,,93000,,
2,2,,0,0.207352,0.792648,,91100,,
2,2,,0.003048,0.000708,0.996244,,97800,,
2,2,,0.003048,0.001393,0.995559,,96500,,
2,2,,0.101472,0.0003,0.898227,,84500,,
2,2,,0,0.31,0.69,,90100,,
2,2,,0.010218,0.001971,0.987811,,86000,,
2,2,,0.092493,0.102857,0.80465,,86200,,
2,0,,0.697189,0,0.302811,,88300,,
2,2,,0.002627,0.108694,0.888679,,84600,,
2,2,,0.007143,0.210303,0.782554,,104100,,
2,2,,0.219436,0,0.780564,,97000,,
2,2,,0.104517,0.004523,0.89096,,84100,,
2,2,,0.095181,0.000708,0.904111,,84200,,
2,2,,0.276205,0,0.723795,,87200,,
2,2,,0.356921,0.000685,0.642394,,90200,,
2,2,,0.23,0.174848,0.595152,,84700,,
2,2,,0.086553,0.000408,0.913039,,84700,,
2,2,,0.004942,0.000868,0.994189,,98800,,
2,2,,0.005912,0.000708,0.99338,,94900,,
2,2,,0.401023,0,0.598977,,90000,,
2,1,,0,0.607149,0.392851,,86700,,
2,0,,0.547354,0.0003,0.452346,,87600,,
2,1,,0.001266,0.587614,0.41112,,87100,,
2,2,,0,0.303864,0.696136,,84000,,
2,2,,0.001266,0.01483,0.983904,,83900,,
2,2,,0.12341,0.002055,0.874535,,85700,,
2,2,,0.101472,0.0003,0.898227,,85700,,
2,2,,0.105486,0.001815,0.892698,,85200,,
2,2,,0.416657,0.0003,0.583042,,87900,,
2,2,,0.362234,0,0.637766,,87600,,
2,2,,0,0.3563,0.6437,,84400,,
2,2,,0.092947,0.0003,0.906753,,84200,,
2,2,,0.300155,0,0.699845,,86300,,
2,2,,0.310939,0,0.689061,,86900,,
2,2,,0,0.091667,0.908333,,83800,,
2,2,,0.002092,0.291943,0.705965,,83800,,
2,2,,0,0.287289,0.712711,,89500,,
2,2,,0.1,0,0.9,,88000,,
2,2,,0.005833,0.198928,0.795238,,84100,,
2,2,,0.012393,0.000708,0.986898,,82200,,
2,2,,0.201804,0.0003,0.797896,,84800,,
2,2,,0.193497,0,0.806503,,84400,,
2,2,,0.206034,0.008103,0.785863,,84600,,
2,0,,0.517361,0,0.482639,,86600,,
2,2,,0.193264,0.000568,0.806168,,83700,,
2,2,,0.459967,0,0.540033,,85800,,
2,1,,0,0.990734,0.009266,,83900,,
2,2,,0,0.213853,0.786147,,85900,,
2,2,,0.291667,0,0.708333,,87100,,
2,2,,0.154235,0,0.845765,,83100,,
2,2,,0.420749,0.001741,0.577509,,84600,,
2,2,,0.175697,0.000408,0.823895,,84400,,
2,2,,0.328951,0,0.671049,,86300,,
2,2,,0.026471,0,0.973529,,86900,,
2,2,,0.489011,0,0.510989,,85500,,
2,1,,0.100571,0.588288,0.311141,,86600,,
2,2,,0.00625,0.000568,0.993182,,85700,,
2,2,,0.496688,0.000901,0.502411,,85100,,
2,2,,0.004167,0.001962,0.993871,,84400,,
2,2,,0.192185,0,0.807815,,83800,,
2,1,,0,0.678058,0.321942,,87500,,
2,2,,0.130671,0,0.869329,,85400,,
2,2,,0.012659,0.0003,0.98704,,85200,,
2,2,,0.360822,0,0.639178,,84800,,
2,2,,0.390286,0.000568,0.609146,,86000,,
2,2,,0.135104,0,0.864896,,85800,,
2,2,,0.217443,0.003636,0.778921,,84200,,
2,2,,0.318235,0,0.681765,,86700,,
2,2,,0.001911,0.400659,0.59743,,87000,,
2,2,,0.10098,0,0.89902,,84200,,
2,2,,0.225876,0,0.774124,,84200,,
2,2,,0.101052,0.096683,0.802264,,83200,,
2,2,,0.001575,0.104993,0.893432,,86500,,
2,2,,0.009206,0.009726,0.981069,,87200,,
2,2,,0.009662,0.193726,0.796611,,84800,,
2,2,,0,0.496944,0.503056,,85600,,
2,1,,0.000571,0.884081,0.115348,,87100,,
2,2,,0.198663,0,0.801337,,91400,,
2,1,,0.000571,0.51719,0.482238,,85600,,
2,2,,0.005526,0.415448,0.579026,,85000,,
2,2,,0,0.479881,0.520119,,85700,,
2,2,,0.003448,0.101705,0.894847,,85000,,
2,2,,0.001224,0.102163,0.896613,,83400,,
2,2,,0.301114,0.0015,0.697386,,84600,,
2,1,,0,0.503032,0.496968,,85800,,
2,2,,0.121129,0.001441,0.87743,,83400,,
2,2,,0.002932,0.017257,0.97981,,83600,,
2,2,,0.110013,0.090909,0.799078,,84600,,
2,2,,0.002952,0.000708,0.99634,,82900,,
2,2,,0.001266,0.455969,0.542765,,84800,,
2,2,,0.006443,0.001437,0.992121,,82900,,
2,2,,0.081224,0.103265,0.81551,,84600,,
2,2,,0.496257,0,0.503743,,84800,,
2,2,,0.05,0.075057,0.874943,,83700,,
2,2,,0.444444,0,0.555556,,84100,,
2,2,,0.015758,0.479166,0.505077,,86800,,
2,2,,0.10101,0.188889,0.710101,,84200,,
2,2,,0.005254,0.001277,0.993469,,85300,,
2,2,,0.340958,0.0012,0.657842,,95900,,
2,2,,0,0.282857,0.717143,,90600,,
2,2,,0.001361,0.00247,0.996169,,85000,,
2,2,,0.003333,0.408333,0.588333,,89800,,
2,2,,0.035157,0.068066,0.896778,,90800,,
2,2,,0.006853,0.004251,0.988896,,86400,,
2,1,,0.003448,0.50608,0.490472,,87100,,
2,2,,0.373784,0,0.626216,,89100,,
2,2,,0,0.485788,0.514212,,88600,,
2,2,,0.011268,0.0003,0.988431,,91800,,
2,2,,0.009917,0.000868,0.989214,,88100,,
2,2,,0.201177,0,0.798823,,85000,,
2,2,,0.490492,0,0.509508,,92900,,
2,2,,0.031605,0.000685,0.96771,,94900,,
2,2,,0,0.240882,0.759118,,97000,,
2,2,,0.006201,0.008333,0.985466,,97100,,
2,1,,0.000571,0.703403,0.296026,,98100,,
2,2,,0.001276,0.098676,0.900049,,94300,,
2,2,,0.130435,0.100408,0.769157,,97500,,
2,2,,0.391828,0.000685,0.607487,,97800,,
2,1,,0.0125,0.658974,0.328526,,87000,,
2,2,,0.004028,0.000708,0.995263,,85700,,
2,2,,0.110744,0,0.889256,,86600,,
2,2,,0.105773,0.284896,0.609331,,86300,,
2,2,,0.032946,0,0.967054,,87800,,
2,2,,0.294361,0,0.705639,,87600,,
2,2,,0.098616,0.007375,0.894009,,85700,,
2,2,,0.118667,0.000568,0.880765,,87000,,
2,2,,0.001316,0.266684,0.732,,85800,,
2,2,,0.214535,0.000339,0.785126,,84900,,
2,2,,0.206332,0.002384,0.791285,,112400,,
2,2,,0.112125,0.002042,0.885833,,85800,,
2,2,,0.103048,0.002201,0.894751,,83900,,
2,2,,0.098939,0,0.901061,,87500,,
2,2,,0.101796,0.221755,0.676449,,87600,,
2,0,,0.50094,0.0003,0.49876,,85300,,
2,2,,0.001224,0.1081,0.890675,,84600,,
2,2,,0.135839,0,0.864161,,86300,,
2,2,,0.001911,0.205868,0.792221,,85200,,
2,0,,0.53296,0,0.46704,,86900,,
2,2,,0.332143,0,0.667857,,86000,,
2,2,,0.002125,0.001277,0.996598,,88400,,
2,2,,0.005271,0.002005,0.992724,,84300,,
2,2,,0.001859,0.202574,0.795567,,84200,,
2,2,,0.000901,0.181553,0.817546,,83300,,
2,1,,0,0.593443,0.406557,,84800,,
2,2,,0.312106,0.0003,0.687593,,84400,,
2,2,,0.003596,0.001277,0.995127,,83100,,
2,2,,0.290826,0,0.709174,,86400,,
2,2,,0.199076,0,0.800924,,83700,,
2,2,,0.008705,0,0.991295,,83700,,
2,2,,0.002262,0.0003,0.997438,,84400,,
2,2,,0.268758,0.000985,0.730257,,83800,,
2,2,,0.098779,0.000708,0.900513,,91200,,
2,1,,0.000552,0.650313,0.349134,,89900,,
2,2,,0.40663,0,0.59337,,85100,,
2,2,,0,0.207798,0.792202,,85500,,
2,2,,0,0.311341,0.688659,,84800,,
2,2,,0.005303,0.321331,0.673366,,83700,,
2,2,,0.001563,0.203317,0.795121,,83700,,
2,2,,0.001361,0.005071,0.993568,,83500,,
2,2,,0.012353,0,0.987647,,85900,,
2,2,,0,0.454284,0.545716,,86000,,
2,2,,0.388174,0.000901,0.610925,,85500,,
2,2,,0.002543,0.218229,0.779228,,84500,,
2,2,,0.00403,0.0003,0.99567,,86200,,
2,2,,0,0.252539,0.747461,,85700,,
2,2,,0.026377,0,0.973623,,85200,,
2,2,,0.1,0.105361,0.794639,,84100,,
2,2,,0.101562,0.015199,0.883239,,83800,,
2,2,,0.102697,0.000708,0.896595,,83400,,
2,2,,0.085,0.070359,0.844641,,84000,,
2,2,,0.003048,0.003796,0.993156,,82700,,
2,2,,0.205848,0.009206,0.784946,,84800,,
2,2,,0.002,0.16496,0.83304,,83800,,
2,0,,0.512463,0.005,0.482537,,86200,,
2,2,,0.003048,0.004345,0.992607,,83400,,
2,2,,0.221552,0.006248,0.772199,,93700,,
2,2,,0.103838,0.014127,0.882034,,93500,,
2,2,,0.00101,0.021932,0.977058,,103700,,
2,2,,0.004561,0.003448,0.99199,,93000,,
2,2,,0,0.192977,0.807023,,86300,,
2,2,,0,0.212633,0.787367,,88800,,
2,2,,0.001266,0.125066,0.873668,,85800,,
2,2,,0.216766,0,0.783234,,88400,,
2,2,,0.006004,0.108441,0.885555,,84800,,
2,2,,0.124025,0,0.875975,,85600,,
2,0,,0.678627,0,0.321373,,86900,,
2,2,,0.103035,0.005631,0.891334,,88300,,
2,2,,0.20595,0.0003,0.79375,,88200,,
2,2,,0.008239,0.001845,0.989917,,87800,,
2,2,,0.01028,0.002878,0.986842,,88200,,
2,0,,0.579487,0,0.420513,,91800,,
2,2,,0.006077,0.0003,0.993623,,93800,,
2,2,,0.081428,0.0003,0.918272,,97100,,
2,2,,0.457855,0,0.542145,,93500,,
2,2,,0.101823,0.0003,0.897876,,91900,,
2,2,,0.004363,0.001962,0.993675,,89500,,
2,2,,0.005683,0.007432,0.986885,,86700,,
2,2,,0.0037,0,0.9963,,91700,,
2,2,,0.011111,0.439841,0.549048,,90900,,
2,2,,0.480343,0,0.519657,,90400,,
2,2,,0.00101,0.102891,0.896099,,93300,,
2,2,,0.000704,0.29192,0.707376,,97800,,
2,0,,0.495238,0.106095,0.398667,,95500,,
2,2,,0.006361,0,0.993639,,91100,,
2,2,,0.314725,0,0.685275,,91000,,
2,1,,0.0125,0.56935,0.41815,,87400,,
2,2,,0.420056,0,0.579944,,89300,,
2,2,,0.002891,0.104254,0.892855,,89900,,
2,0,,0.511728,0,0.488272,,91400,,
2,1,,0,0.58977,0.41023,,86700,,
2,2,,0.309498,0,0.690502,,86500,,
2,2,,0,0.498206,0.501794,,86600,,
2,1,,0,0.770532,0.229468,,86800,,
2,2,,0.325913,0,0.674087,,86200,,
2,2,,0.007692,0.1,0.892308,,86000,,
2,2,,0.0034,0.211059,0.785541,,85800,,
2,2,,0.001667,0.49337,0.504963,,85700,,
2,1,,0,0.706706,0.293294,,87000,,
2,2,,0.215848,0,0.784152,,84600,,
2,2,,0.203157,0,0.796843,,88700,,
2,2,,0.205123,0,0.794877,,89200,,
2,2,,0.312624,0,0.687376,,88100,,
2,2,,0.006428,0.0003,0.993272,,84700,,
2,2,,0.001667,0,0.998333,,93400,,
2,1,,0,0.590553,0.409447,,96500,,
2,1,,0,0.732103,0.267897,,99200,,
2,2,,0,0.204684,0.795316,,92400,,
2,2,,0.309526,0.005,0.685474,,99400,,
2,2,,0.009539,0.001962,0.988499,,95700,,
2,2,,0.245341,0,0.754659,,93800,,
2,2,,0.000826,0.300852,0.698321,,103700,,
2,2,,0.033594,0,0.966406,,95900,,
2,2,,0.109167,0.000708,0.890124,,90800,,
2,0,,0.616189,0,0.383811,,92400,,
2,0,,0.670965,0,0.329035,,90000,,
2,0,,0.60625,0,0.39375,,91700,,
2,1,,0.001316,0.507775,0.490909,,92200,,
2,2,,0.102585,0.000408,0.897006,,86300,,
2,2,,0.100571,0,0.899429,,84400,,
2,1,,0,0.527258,0.472742,,87600,,
2,2,,0.005011,0.2987,0.696289,,84400,,
2,2,,0.006576,0.1003,0.893124,,87600,,
2,0,,0.74094,0,0.25906,,88900,,
2,2,,0.008413,0,0.991587,,86300,,
2,2,,0.000901,0.000985,0.998114,,84300,,
2,2,,0.305462,0.0003,0.694237,,85200,,
2,2,,0.430882,0,0.569118,,85400,,
2,2,,0.191874,0,0.808126,,84000,,
2,2,,0.000704,0.299254,0.700042,,86200,,
2,2,,0.309765,0,0.690235,,85300,,
2,2,,0.0212,0.000868,0.977931,,84100,,
2,2,,0.004363,0.002492,0.993144,,84000,,
2,2,,0.004405,0.012194,0.983401,,82300,,
2,2,,0.395966,0,0.604034,,87900,,
2,2,,0.002262,0.103301,0.894437,,99900,,
2,2,,0.204246,0,0.795754,,101500,,
2,2,,0.102371,0.002055,0.895574,,96700,,
2,2,,0.363826,0,0.636174,,91300,,
2,2,,0.321433,0,0.678567,,89700,,
2,2,,0.101521,0,0.898479,,87600,,
2,0,,0.590444,0,0.409556,,89700,,
2,2,,0,0.216181,0.783819,,89700,,
2,2,,0.110577,0,0.889423,,86600,,
2,2,,0.025,0.384004,0.590996,,85900,,
2,2,,0.287167,0,0.712833,,88900,,
2,2,,0.000901,0.1003,0.898799,,86600,,
2,2,,0.145556,0,0.854444,,86100,,
2,2,,0.00674,0.0003,0.99296,,83100,,
2,2,,0.005861,0.001705,0.992435,,85900,,
2,2,,0.005111,0.274248,0.72064,,85800,,
2,2,,0.4,0,0.6,,87000,,
2,2,,0.108571,0.0003,0.891128,,85000,,
2,2,,0.31051,0.000976,0.688513,,85800,,
2,2,,0.014289,0,0.985711,,83900,,
2,2,,0.105314,0.068,0.826686,,85700,,
2,2,,0.000704,0.499428,0.499867,,86900,,
2,2,,0.093448,0.210115,0.696437,,85000,,
2,2,,0.485583,0,0.514417,,87200,,
2,2,,0.00402,0.018418,0.977562,,84300,,
2,0,,0.59608,0,0.40392,,86100,,
2,2,,0.48616,0.000758,0.513083,,84700,,
2,2,,0.037832,0.0003,0.961868,,83500,,
2,2,,0.002627,0.011231,0.986142,,86600,,
2,1,,0.025,0.9711,0.0039,,86500,,
2,2,,0.268935,0.0015,0.729565,,84400,,
2,2,,0.001563,0.107574,0.890863,,85300,,
2,2,,0.086095,0,0.913905,,85600,,
2,2,,0.295307,0,0.704693,,88000,,
2,2,,0.103486,0.006815,0.889699,,82900,,
2,2,,0.001224,0.394254,0.604521,,86400,,
2,2,,0.196352,0,0.803648,,84600,,
2,2,,0.209734,0,0.790266,,84900,,