waveform-noise,Rotf,test,1,NANOSECONDS,PREDICTIONS, Generated by ClassifierExperiments.java on 2022-05-17 03:15:23.    SYSTEMPROPERTIES:{user.name:matth,os.arch:amd64,os.name:Windows 10},ENDSYSTEMPROPERTIES
No parameter info
0.8291708291708292,4481543200,88730300,-1,37673968,3,,-1,-1
0,0,,0.525746,0.474254,0,,359700,,
0,0,,0.890532,0.109468,0,,118300,,
0,0,,0.995554,0.001162,0.003284,,111000,,
0,0,,0.906266,0.089918,0.003817,,109700,,
0,0,,0.599741,0.002564,0.397695,,122700,,
0,0,,0.694282,0.305718,0,,104700,,
0,0,,0.800006,0.000546,0.199447,,102600,,
0,0,,0.985113,0.014887,0,,94400,,
0,0,,0.86289,0.001854,0.135256,,106000,,
0,0,,0.996484,0.003516,0,,99600,,
0,0,,0.613245,0.386755,0,,109600,,
0,0,,0.693151,0.306849,0,,99900,,
0,0,,0.98118,0.018288,0.000532,,93900,,
0,0,,0.585997,0,0.414003,,100400,,
0,0,,0.506211,0.493099,0.00069,,96400,,
0,0,,0.826198,0.002092,0.17171,,106400,,
0,0,,0.98894,0.01106,0,,99200,,
0,2,,0.300302,0,0.699698,,106000,,
0,0,,0.675962,0.207371,0.116667,,107200,,
0,0,,0.991846,0.006668,0.001486,,105600,,
0,0,,0.708762,0.291238,0,,96300,,
0,0,,0.988728,0.007273,0.003999,,91000,,
0,0,,0.703647,0.002062,0.294291,,97200,,
0,2,,0.29,0,0.71,,99800,,
0,0,,0.72343,0.000652,0.275918,,90000,,
0,1,,0.213507,0.786493,0,,94500,,
0,0,,0.987775,0.002173,0.010053,,87300,,
0,0,,0.881222,0.017804,0.100974,,87400,,
0,0,,0.792825,0.207175,0,,86100,,
0,1,,0.495563,0.504437,0,,97100,,
0,0,,0.995688,0.002286,0.002025,,86400,,
0,0,,0.792813,0.000266,0.206921,,87500,,
0,0,,0.596934,0,0.403066,,89600,,
0,0,,0.6615,0.335887,0.002613,,91100,,
0,0,,0.901068,0.098932,0,,89200,,
0,0,,0.993504,0.006496,0,,97000,,
0,1,,0.462519,0.537481,0,,99500,,
0,0,,0.890532,0.109468,0,,92600,,
0,0,,0.789864,0.006705,0.20343,,87100,,
0,0,,0.884748,0,0.115252,,91800,,
0,0,,0.814103,0.002564,0.183333,,98400,,
0,0,,0.788952,0.211048,0,,92400,,
0,0,,0.892051,0.107949,0,,91600,,
0,0,,0.606667,0.180833,0.2125,,94900,,
0,1,,0.399915,0.59944,0.000645,,88200,,
0,0,,0.682093,0.008599,0.309308,,89800,,
0,0,,0.993729,0.004342,0.001929,,84800,,
0,0,,0.564667,0.435333,0,,87800,,
0,0,,0.890222,0.101257,0.008521,,84300,,
0,0,,0.543865,0.456135,0,,86300,,
0,0,,0.992851,0.003333,0.003817,,86500,,
0,1,,0.359465,0.640535,0,,113300,,
0,2,,0.400245,0,0.599755,,99600,,
0,0,,0.597542,0,0.402458,,93700,,
0,0,,0.891079,0.108921,0,,88500,,
0,0,,0.549143,0.450289,0.000568,,88200,,
0,0,,0.998295,0.001173,0.000532,,85300,,
0,0,,0.997703,0.001323,0.000974,,87300,,
0,1,,0.482053,0.51719,0.000758,,91600,,
0,0,,0.99236,0.005153,0.002486,,86000,,
0,0,,0.776149,0.002266,0.221585,,88900,,
0,2,,0.237351,0,0.762649,,88800,,
0,0,,0.785112,0.003249,0.211639,,89600,,
0,0,,0.502893,0.494225,0.002882,,89600,,
0,0,,0.592622,0.407378,0,,90900,,
0,0,,0.603448,0.396552,0,,87400,,
0,0,,0.646202,0.353798,0,,91600,,
0,0,,0.887147,0.112853,0,,99800,,
0,0,,0.887402,0.112212,0.000386,,95600,,
0,0,,0.790999,0.001515,0.207486,,96400,,
0,2,,0.403148,0.000709,0.596143,,96900,,
0,0,,0.694161,0.305839,0,,94500,,
0,0,,0.697451,0.302549,0,,97900,,
0,0,,0.983854,0.006445,0.009701,,90300,,
0,0,,0.832824,0.167176,0,,90800,,
0,0,,0.509451,0,0.490549,,89200,,
0,1,,0.376306,0.622785,0.000909,,89900,,
0,1,,0.435769,0.564231,0,,86100,,
0,0,,0.690094,0.284,0.025906,,88200,,
0,0,,0.71,0.29,0,,91900,,
0,0,,0.887933,0,0.112067,,86800,,
0,0,,0.992681,0.005219,0.0021,,85200,,
0,0,,0.690566,0.205454,0.10398,,85700,,
0,1,,0.420802,0.57863,0.000568,,89300,,
0,0,,0.658307,0.036122,0.305572,,86400,,
0,0,,0.514697,0,0.485303,,86500,,
0,0,,0.490003,0.100518,0.409479,,86500,,
0,0,,0.795798,0.204202,0,,87500,,
0,0,,0.690886,0.014725,0.294389,,87100,,
0,0,,0.894181,0.00156,0.104259,,85800,,
0,0,,0.677611,0.322389,0,,92300,,
0,0,,0.793369,0.108491,0.09814,,85300,,
0,0,,0.892966,0.105116,0.001918,,84900,,
0,0,,0.804206,0.193768,0.002025,,84300,,
0,0,,0.966403,0.031668,0.001929,,85900,,
0,1,,0.198413,0.801587,0,,110600,,
0,2,,0.226163,0,0.773837,,112500,,
0,0,,0.890682,0.103829,0.005489,,96200,,
0,0,,0.892272,0.107728,0,,86300,,
0,1,,0.209252,0.790748,0,,88800,,
0,0,,0.994087,0.004381,0.001532,,87700,,
0,0,,0.570653,0,0.429347,,90600,,
0,0,,0.995916,0.002256,0.001829,,89400,,
0,0,,0.893647,0.000266,0.106087,,90600,,
0,2,,0.27362,0,0.72638,,89800,,
0,1,,0.421447,0.578553,0,,94100,,
0,0,,0.780909,0,0.219091,,87400,,
0,2,,0.484722,0,0.515278,,85800,,
0,0,,0.912737,0.087263,0,,86700,,
0,0,,0.889687,0.105742,0.004571,,85000,,
0,0,,0.69693,0.100649,0.20242,,84200,,
0,0,,0.789487,0.000704,0.209809,,87000,,
0,0,,0.550556,0.449444,0,,87800,,
0,2,,0.311,0,0.689,,86000,,
0,2,,0.406667,0.001031,0.592302,,86000,,
0,2,,0.328704,0,0.671296,,87800,,
0,0,,0.807063,0.192937,0,,86900,,
0,0,,0.995269,0.002371,0.00236,,85100,,
0,0,,0.693785,0.303316,0.002899,,86500,,
0,0,,0.939065,0.05271,0.008224,,84700,,
0,0,,0.791847,0.208153,0,,84100,,
0,1,,0.423554,0.576446,0,,87700,,
0,0,,0.895238,0,0.104762,,87800,,
0,0,,0.884686,0.114746,0.000568,,85500,,
0,0,,0.666132,0.004468,0.3294,,84400,,
0,1,,0.370174,0.629826,0,,86100,,
0,0,,0.918309,0.002495,0.079197,,83300,,
0,0,,0.592426,0.407574,0,,86700,,
0,0,,0.606467,0.001162,0.392371,,86100,,
0,0,,0.98919,0.00981,0.001,,87300,,
0,0,,0.695993,0.304007,0,,85600,,
0,0,,0.650342,0.000704,0.348953,,84700,,
0,0,,0.535931,0,0.464069,,85500,,
0,1,,0.38373,0.582937,0.033333,,86600,,
0,2,,0.328857,0,0.671143,,85500,,
0,0,,0.991998,0.007434,0.000568,,84100,,
0,0,,0.890708,0.10876,0.000532,,84000,,
0,0,,0.987047,0.00517,0.007784,,84600,,
0,1,,0.208141,0.791859,0,,85900,,
0,0,,0.694912,0.30452,0.000568,,85900,,
0,2,,0.457424,0,0.542576,,117700,,
0,0,,0.982561,0.000386,0.017053,,83600,,
0,0,,0.903322,0.09611,0.000568,,84200,,
0,0,,0.699558,0.3,0.000442,,85900,,
0,0,,0.88592,0.113512,0.000568,,84000,,
0,0,,0.892767,0.098862,0.008371,,84300,,
0,0,,0.667139,0.332861,0,,89800,,
0,1,,0.217201,0.781194,0.001604,,94300,,
0,0,,0.878196,0.121362,0.000442,,85700,,
0,0,,0.639441,0.360559,0,,84500,,
0,0,,0.880604,0,0.119396,,84300,,
0,0,,0.875143,0.124857,0,,84900,,
0,0,,0.985717,0.010024,0.004259,,91300,,
0,0,,0.59843,0.17218,0.22939,,95300,,
0,0,,0.991234,0.004767,0.003999,,82900,,
0,1,,0.106764,0.893236,0,,85400,,
0,0,,0.896663,0.102508,0.000829,,82300,,
0,1,,0.241263,0.758737,0,,85800,,
0,0,,0.883087,0.000704,0.116209,,90800,,
0,0,,0.886665,0.001887,0.111448,,84000,,
0,0,,0.680251,0.000627,0.319122,,84400,,
0,0,,0.515,0,0.485,,85600,,
0,0,,0.887133,0.001517,0.111351,,83400,,
0,1,,0.395652,0.604348,0,,87400,,
0,0,,0.787895,0.207433,0.004672,,83200,,
0,0,,0.786461,0.204999,0.00854,,84900,,
0,2,,0.305952,0,0.694048,,86500,,
0,0,,0.778571,0.02333,0.198099,,83700,,
0,0,,0.7025,0,0.2975,,86200,,
0,1,,0.429391,0.570609,0,,86600,,
0,0,,0.588854,0.411146,0,,86600,,
0,0,,0.629557,0.370443,0,,85800,,
0,2,,0.406596,0.000704,0.5927,,86500,,
0,0,,0.7939,0.20193,0.004171,,85000,,
0,0,,0.886086,0.000546,0.113368,,98000,,
0,0,,0.697556,0.302444,0,,101000,,
0,0,,0.794769,0.205231,0,,92100,,
0,0,,0.554625,0.000518,0.444857,,86500,,
0,0,,0.575435,0,0.424565,,87100,,
0,2,,0.419697,0,0.580303,,86800,,
0,2,,0.29794,0.002849,0.699211,,87100,,
0,0,,0.569737,0.430263,0,,87400,,
0,0,,0.807086,0.192472,0.000442,,85300,,
0,0,,0.897553,0.098476,0.003971,,84600,,
0,0,,0.56119,0.43881,0,,86000,,
0,0,,0.920102,0.000361,0.079537,,84900,,
0,0,,0.890895,0.108005,0.0011,,85900,,
0,0,,0.990781,0.005788,0.00343,,85000,,
0,0,,0.775339,0.001213,0.223449,,86000,,
0,0,,0.924923,0.071168,0.003909,,83800,,
0,0,,0.778496,0.19181,0.029694,,84000,,
0,0,,0.879233,0.112434,0.008333,,85200,,
0,0,,0.896132,0.00097,0.102897,,82900,,
0,0,,0.897514,0.101954,0.000532,,82900,,
0,0,,0.794223,0.000386,0.205391,,85200,,
0,0,,0.772857,0.227143,0,,84600,,
0,0,,0.992828,0.002913,0.004259,,82500,,
0,1,,0.241472,0.758528,0,,87500,,
0,0,,0.695022,0.30347,0.001508,,84900,,
0,0,,0.737202,0.262798,0,,84300,,
0,0,,0.796041,0.101984,0.101974,,82500,,
0,0,,0.586047,0,0.413953,,85100,,
0,0,,0.675504,0.323928,0.000568,,85900,,
0,0,,0.754926,0.211741,0.033333,,84700,,
0,0,,0.63904,0.36096,0,,85300,,
0,0,,0.90961,0.00156,0.08883,,82400,,
0,0,,0.788324,0.209503,0.002172,,84500,,
0,0,,0.877041,0.122959,0,,84200,,
0,0,,0.770944,0.229056,0,,83700,,
0,0,,0.60905,0.39095,0,,86200,,
0,0,,0.990285,0.008229,0.001486,,83900,,
0,0,,0.651667,0,0.348333,,86000,,
0,2,,0.139987,0,0.860013,,85300,,
0,2,,0.496623,0,0.503377,,86600,,
0,0,,0.995797,0.001451,0.002752,,83600,,
0,0,,0.895769,0.103257,0.000974,,84500,,
0,0,,0.504385,0.495615,0,,84700,,
0,0,,0.993632,0.002495,0.003873,,82900,,
0,2,,0.415319,0.000515,0.584165,,84600,,
0,0,,0.897946,0.101612,0.000442,,82600,,
0,0,,0.991271,0.005888,0.002841,,83800,,
0,0,,0.993025,0.005047,0.001929,,84400,,
0,0,,0.892223,0.004322,0.103455,,85800,,
0,0,,0.994915,0.003724,0.00136,,82800,,
0,2,,0.319817,0,0.680183,,85800,,
0,0,,0.6375,0,0.3625,,85400,,
0,0,,0.890118,0.108782,0.0011,,83300,,
0,1,,0.4952,0.504155,0.000645,,89200,,
0,2,,0.113771,0.002564,0.883665,,87700,,
0,0,,0.889703,0.109855,0.000442,,83900,,
0,0,,0.576047,0,0.423953,,84300,,
0,1,,0.31508,0.68492,0,,84900,,
0,0,,0.806482,0.193518,0,,84300,,
0,0,,0.993721,0.001356,0.004923,,94000,,
0,2,,0.262466,0,0.737534,,105300,,
0,0,,0.603989,0.396011,0,,96700,,
0,0,,0.996941,0.002527,0.000532,,86700,,
0,0,,0.889127,0.108944,0.001929,,83200,,
0,0,,0.982678,0.01679,0.000532,,87200,,
0,0,,0.99657,0.00207,0.00136,,82800,,
0,0,,0.594747,0.001515,0.403737,,86600,,
0,2,,0.496033,0.000704,0.503262,,86500,,
0,0,,0.798841,0.000627,0.200532,,85900,,
0,0,,0.959836,0.038767,0.001397,,83700,,
0,0,,0.99552,0.003562,0.000918,,84900,,
0,0,,0.657496,0.342504,0,,87500,,
0,0,,0.886231,0.012795,0.100974,,84700,,
0,0,,0.993662,0.004977,0.00136,,83900,,
0,0,,0.680897,0.000784,0.318319,,84900,,
0,1,,0.408753,0.59002,0.001227,,86200,,
0,0,,0.79365,0.20525,0.0011,,83700,,
0,0,,0.898558,0,0.101442,,84400,,
0,0,,0.986602,0.009525,0.003873,,83500,,
0,0,,0.52922,0.47078,0,,86500,,
0,0,,0.779228,0.220386,0.000386,,92600,,
0,2,,0.26565,0,0.73435,,93900,,
0,0,,0.983563,0.004198,0.012238,,87100,,
0,0,,0.897059,0,0.102941,,86500,,
0,0,,0.695678,0.00109,0.303232,,84800,,
0,0,,0.692823,0.109407,0.19777,,84700,,
0,1,,0.486688,0.513312,0,,85800,,
0,0,,0.876247,0.123753,0,,86600,,
0,2,,0.315694,0,0.684306,,91700,,
0,0,,0.530764,0.000386,0.46885,,86600,,
0,0,,0.625292,0,0.374708,,88000,,
0,0,,0.994068,0.002647,0.003285,,83100,,
0,0,,0.593965,0.000386,0.405649,,84100,,
0,0,,0.913091,0.000266,0.086643,,87100,,
0,0,,0.878013,0.11177,0.010217,,88800,,
0,0,,0.611531,0.388469,0,,87300,,
0,0,,0.890412,0.080147,0.029441,,85100,,
0,0,,0.795404,0.104064,0.100532,,83900,,
0,0,,0.595844,0.402839,0.001317,,87800,,
0,0,,0.99657,0.00207,0.00136,,84100,,
0,0,,0.887865,0.112135,0,,84300,,
0,0,,0.992631,0.006926,0.000442,,83800,,
0,0,,0.886404,0.101848,0.011749,,83200,,
0,1,,0.213815,0.786185,0,,86500,,
0,0,,0.684766,0.315234,0,,86400,,
0,1,,0.480952,0.519048,0,,89800,,
0,0,,0.752296,0.243267,0.004437,,89100,,
0,0,,0.614157,0.385843,0,,86800,,
0,0,,0.890597,0.108835,0.000568,,84400,,
0,0,,0.986153,0.000776,0.01307,,85200,,
0,0,,0.990086,0.008939,0.000974,,85000,,
0,1,,0.323821,0.672962,0.003217,,85500,,
0,0,,0.497619,0.033333,0.469048,,85500,,
0,2,,0.208722,0.000709,0.790569,,87800,,
0,0,,0.508979,0.179344,0.311677,,84800,,
0,1,,0.295968,0.704032,0,,87800,,
0,0,,0.796914,0.198227,0.004859,,84100,,
0,0,,0.591989,0.000812,0.407199,,87600,,
0,0,,0.703002,0.295672,0.001326,,86500,,
0,0,,0.993603,0.000747,0.00565,,84900,,
0,0,,0.896933,0.002067,0.101,,84200,,
0,1,,0.315972,0.684028,0,,94300,,
0,0,,0.889059,0.10993,0.001011,,91900,,
0,0,,0.846471,0.001515,0.152014,,97100,,
0,0,,0.990037,0.004721,0.005242,,92600,,
0,0,,0.794533,0.205467,0,,92900,,
0,0,,0.900108,0.099892,0,,95200,,
0,0,,0.989047,0.008055,0.002899,,92900,,
0,0,,0.876792,0.022676,0.100532,,96200,,
0,0,,0.958401,0.041599,0,,86100,,
0,1,,0.21,0.789355,0.000645,,88700,,
0,0,,0.896888,0.001137,0.101974,,83800,,
0,0,,0.985385,0,0.014615,,83600,,
0,0,,0.504803,0.49397,0.001227,,89800,,
0,0,,0.561243,0.438757,0,,86400,,
0,0,,0.701554,0.000518,0.297927,,84700,,
0,0,,0.809484,0.000386,0.19013,,84900,,
0,2,,0.432197,0,0.567803,,87700,,
0,2,,0.037933,0.00388,0.958187,,84500,,
0,0,,0.994786,0.003286,0.001929,,110200,,
0,0,,0.988025,0.003796,0.008179,,83400,,
0,0,,0.988306,0.007878,0.003817,,83800,,
0,0,,0.985555,0.013345,0.0011,,84200,,
0,0,,0.892986,0.103141,0.003873,,86100,,
0,2,,0.330192,0,0.669808,,85100,,
0,0,,0.893276,0.105769,0.000954,,83200,,
0,0,,0.812088,0,0.187912,,84300,,
0,0,,0.993778,0.004248,0.001974,,82000,,
0,0,,0.554466,0.445534,0,,85700,,
0,0,,0.99608,0.002388,0.001532,,83400,,
0,0,,0.51,0.49,0,,87900,,
0,2,,0.301554,0.000518,0.697927,,87300,,
0,0,,0.523413,0.476587,0,,90800,,
0,0,,0.793021,0.205056,0.001923,,83100,,
0,0,,0.596387,0.010351,0.393262,,83400,,
0,2,,0.238632,0,0.761368,,84700,,
0,0,,0.616261,0,0.383739,,86000,,
0,0,,0.681761,0,0.318239,,85700,,
0,0,,0.866882,0.13255,0.000568,,82300,,
0,0,,0.889711,0.109721,0.000568,,83900,,
0,0,,0.791707,0.001515,0.206778,,94300,,
0,0,,0.625771,0.374229,0,,92100,,
0,0,,0.656774,0.343226,0,,92400,,
0,0,,0.895866,0.002774,0.10136,,83400,,
0,0,,0.697515,0.302485,0,,84600,,
1,1,,0.278039,0.646961,0.075,,86800,,
1,1,,0.394456,0.504975,0.100568,,86100,,
1,1,,0.266667,0.733333,0,,87000,,
1,1,,0.085134,0.913517,0.001349,,87000,,
1,1,,0.101693,0.796898,0.101408,,85800,,
1,1,,0.106201,0.890974,0.002826,,84300,,
1,1,,0.101701,0.68619,0.212109,,87900,,
1,1,,0.002273,0.995485,0.002243,,84700,,
1,2,,0.05,0.402782,0.547218,,87800,,
1,1,,0.177432,0.822568,0,,85100,,
1,1,,0.223095,0.776905,0,,85100,,
1,1,,0.00292,0.596964,0.400116,,84500,,
1,1,,0,0.724936,0.275064,,87600,,
1,0,,0.504348,0.495652,0,,86500,,
1,1,,0.004717,0.988341,0.006942,,83900,,
1,1,,0.051724,0.843451,0.104825,,86400,,
1,1,,0.000474,0.887716,0.11181,,84900,,
1,1,,0.00069,0.695214,0.304097,,85700,,
1,1,,0.000474,0.778658,0.220868,,85200,,
1,1,,0.379167,0.620076,0.000758,,83500,,
1,1,,0,0.597857,0.402143,,87700,,
1,1,,0.001894,0.514412,0.483694,,84100,,
1,1,,0,0.513479,0.486521,,84900,,
1,1,,0.179167,0.813141,0.007692,,84400,,
1,1,,0.304579,0.69185,0.003571,,85800,,
1,2,,0.101224,0.393895,0.50488,,84700,,
1,1,,0.105943,0.891664,0.002393,,84200,,
1,2,,0.001479,0.497683,0.500838,,84300,,
1,1,,0,0.910881,0.089119,,86000,,
1,0,,0.698787,0.301213,0,,85200,,
1,1,,0.001224,0.647526,0.35125,,85000,,
1,1,,0.31127,0.68873,0,,84700,,
1,1,,0.447681,0.552319,0,,89100,,
1,1,,0.019261,0.978109,0.00263,,83300,,
1,1,,0.09398,0.905331,0.00069,,87000,,
1,1,,0.002236,0.986475,0.011289,,85200,,
1,1,,0.1,0.898148,0.001852,,83700,,
1,1,,0.270471,0.729529,0,,87700,,
1,1,,0.003118,0.887596,0.109286,,84800,,
1,1,,0.002136,0.799728,0.198136,,85000,,
1,1,,0.281215,0.698785,0.02,,85000,,
1,1,,0.095337,0.804663,0.1,,89700,,
1,2,,0.05284,0.269942,0.677219,,88200,,
1,1,,0.102136,0.895083,0.002781,,86400,,
1,1,,0.310632,0.688611,0.000758,,87400,,
1,1,,0.003142,0.984835,0.012022,,86600,,
1,1,,0.296343,0.7029,0.000758,,89400,,
1,1,,0.356358,0.609604,0.034038,,90400,,
1,1,,0.488739,0.511261,0,,88100,,
1,1,,0,0.60753,0.39247,,88900,,
1,1,,0.213677,0.786323,0,,88600,,
1,1,,0.389424,0.609349,0.001227,,90900,,
1,1,,0.336209,0.662564,0.001227,,89200,,
1,1,,0.189508,0.700138,0.110354,,89900,,
1,1,,0,0.6875,0.3125,,87300,,
1,1,,0.313636,0.482312,0.204052,,88300,,
1,1,,0.205983,0.790593,0.003424,,84500,,
1,1,,0.001698,0.9063,0.092002,,86400,,
1,1,,0.308337,0.690059,0.001604,,87100,,
1,0,,0.503448,0.496552,0,,85800,,
1,1,,0.282793,0.716298,0.000909,,85600,,
1,1,,0,0.596,0.404,,85700,,
1,1,,0.104002,0.89559,0.000408,,86900,,
1,1,,0.066667,0.625,0.308333,,84600,,
1,0,,0.738626,0.261374,0,,87400,,
1,1,,0.191363,0.605116,0.203521,,85500,,
1,1,,0.10542,0.890189,0.004391,,86400,,
1,0,,0.571685,0.428315,0,,95700,,
1,1,,0.010642,0.883108,0.10625,,89700,,
1,1,,0,0.587679,0.412321,,89400,,
1,1,,0.076224,0.923367,0.000408,,94700,,
1,1,,0.292173,0.707827,0,,101500,,
1,1,,0.003338,0.982507,0.014155,,101900,,
1,2,,0,0.490716,0.509284,,105400,,
1,1,,0.301894,0.697348,0.000758,,119700,,
1,1,,0.174242,0.559113,0.266644,,104500,,
1,1,,0.010269,0.987369,0.002362,,114400,,
1,1,,0.39532,0.40469,0.19999,,148700,,
1,1,,0.108919,0.888772,0.002309,,113100,,
1,1,,0.00803,0.981271,0.010699,,101200,,
1,1,,0.101917,0.894628,0.003455,,97000,,
1,1,,0.215159,0.784841,0,,99800,,
1,1,,0.441807,0.558193,0,,90800,,
1,0,,0.565376,0.434624,0,,93600,,
1,1,,0.09375,0.63117,0.27508,,98700,,
1,1,,0.117039,0.880976,0.001985,,93000,,
1,1,,0.003142,0.893936,0.102922,,94200,,
1,0,,0.555357,0.444643,0,,93000,,
1,1,,0.103482,0.896518,0,,87100,,
1,1,,0.105385,0.892321,0.002294,,87100,,
1,1,,0.302134,0.594936,0.10293,,88700,,
1,1,,0,0.7,0.3,,95000,,
1,1,,0.000474,0.699219,0.300307,,91600,,
1,1,,0.003592,0.995242,0.001166,,98100,,
1,1,,0.496397,0.498493,0.00511,,95500,,
1,1,,0.311014,0.688986,0,,88300,,
1,2,,0.159524,0.3424,0.498076,,88000,,
1,2,,0.002941,0.498002,0.499057,,87700,,
1,1,,0.00122,0.996929,0.001852,,83400,,
1,1,,0.348232,0.650155,0.001613,,85800,,
1,1,,0.236782,0.763218,0,,86400,,
1,1,,0.003118,0.995071,0.001811,,83600,,
1,1,,0.002778,0.780641,0.216581,,93400,,
1,1,,0.102983,0.889662,0.007355,,84100,,
1,0,,0.598816,0.401184,0,,86800,,
1,0,,0.683547,0.316453,0,,86900,,
1,1,,0.088875,0.907536,0.003589,,84400,,
1,1,,0.30951,0.69049,0,,87900,,
1,1,,0.116171,0.881844,0.001985,,88000,,
1,1,,0,0.895587,0.104413,,95400,,
1,2,,0.001474,0.481426,0.5171,,87800,,
1,1,,0.494423,0.505577,0,,85500,,
1,1,,0.066667,0.808698,0.124635,,86200,,
1,1,,0.006258,0.988599,0.005143,,84500,,
1,2,,0,0.497045,0.502955,,87100,,
1,1,,0.104729,0.892067,0.003204,,84200,,
1,1,,0.007731,0.986651,0.005618,,83800,,
1,1,,0.415423,0.58335,0.001227,,86600,,
1,1,,0.001227,0.992425,0.006348,,84700,,
1,1,,0.30346,0.694555,0.001985,,84700,,
1,1,,0.001701,0.890941,0.107358,,86600,,
1,1,,0.006612,0.989494,0.003894,,85100,,
1,1,,0.259365,0.740635,0,,88700,,
1,0,,0.808483,0.191517,0,,85700,,
1,1,,0.296241,0.703001,0.000758,,85500,,
1,1,,0.100474,0.895822,0.003704,,84100,,
1,1,,0.103483,0.8106,0.085916,,85900,,
1,1,,0.001227,0.996901,0.001872,,85000,,
1,0,,0.59812,0.40188,0,,85900,,
1,1,,0,0.794912,0.205088,,86100,,
1,1,,0.001599,0.89519,0.103212,,84100,,
1,1,,0.006227,0.892019,0.101754,,85100,,
1,1,,0.444145,0.555855,0,,85100,,
1,1,,0.105714,0.664437,0.229849,,84900,,
1,0,,0.510742,0.489258,0,,84500,,
1,1,,0.103118,0.895012,0.00187,,82400,,
1,1,,0.111103,0.88767,0.001227,,85400,,
1,1,,0.367589,0.614206,0.018205,,89200,,
1,1,,0.1,0.505,0.395,,84800,,
1,1,,0.102597,0.897403,0,,83800,,
1,1,,0.00592,0.989809,0.004271,,84100,,
1,2,,0,0.496901,0.503099,,85900,,
1,1,,0.320153,0.67909,0.000758,,85200,,
1,1,,0.010438,0.987645,0.001917,,114200,,
1,2,,0,0.495137,0.504863,,85400,,
1,1,,0.004453,0.891358,0.104189,,83100,,
1,1,,0.475165,0.524835,0,,85000,,
1,1,,0.295324,0.703449,0.001227,,86900,,
1,1,,0.200005,0.7959,0.004095,,84200,,
1,1,,0.119062,0.880938,0,,90700,,
1,1,,0.004,0.892195,0.103805,,89800,,
1,1,,0.212363,0.786879,0.000758,,105500,,
1,1,,0.106061,0.684952,0.208988,,98400,,
1,1,,0.062348,0.936894,0.000758,,90900,,
1,1,,0.299145,0.700855,0,,91800,,
1,2,,0.05,0.244737,0.705263,,95000,,
1,0,,0.646905,0.353095,0,,97400,,
1,1,,0.002134,0.995904,0.001962,,94000,,
1,1,,0.227785,0.770988,0.001227,,88400,,
1,1,,0.1,0.692899,0.207101,,88500,,
1,1,,0.006149,0.509992,0.483858,,87200,,
1,1,,0.002259,0.594413,0.403328,,95200,,
1,0,,0.663729,0.336271,0,,87800,,
1,1,,0.002464,0.799552,0.197984,,86400,,
1,1,,0.001835,0.703602,0.294564,,87300,,
1,1,,0.21603,0.783213,0.000758,,89300,,
1,1,,0.001383,0.993199,0.005418,,88000,,
1,1,,0.263271,0.736729,0,,87600,,
1,1,,0.496843,0.50038,0.002778,,87300,,
1,1,,0.002134,0.890478,0.107389,,86200,,
1,0,,0.587692,0.362308,0.05,,90300,,
1,1,,0.094224,0.597674,0.308102,,91200,,
1,1,,0.116237,0.882665,0.001098,,85400,,
1,1,,0.012533,0.985853,0.001613,,84600,,
1,1,,0.188058,0.701974,0.109968,,85400,,
1,1,,0.099048,0.89908,0.001872,,83800,,
1,1,,0.106465,0.890528,0.003007,,86300,,
1,1,,0.004914,0.979807,0.015279,,89800,,
1,1,,0.001754,0.996641,0.001604,,89500,,
1,1,,0.012241,0.98685,0.000909,,87400,,
1,1,,0.103832,0.891853,0.004315,,87600,,
1,2,,0,0.403981,0.596019,,89400,,
1,0,,0.512319,0.487681,0,,89900,,
1,0,,0.541667,0.458333,0,,90500,,
1,0,,0.654365,0.344931,0.000704,,86300,,
1,1,,0.001224,0.990226,0.008549,,84400,,
1,1,,0.005229,0.983582,0.011189,,83900,,
1,1,,0.114675,0.884098,0.001227,,84700,,
1,1,,0.002391,0.793193,0.204417,,86200,,
1,1,,0.307367,0.678906,0.013727,,85900,,
1,1,,0.010644,0.985817,0.003539,,83700,,
1,1,,0.316198,0.683802,0,,87300,,
1,1,,0.100474,0.795363,0.104163,,86100,,
1,2,,0,0.403846,0.596154,,86200,,
1,1,,0.002778,0.988617,0.008606,,84300,,
1,1,,0.003821,0.630077,0.366102,,84800,,
1,1,,0.209339,0.787179,0.003482,,83300,,
1,1,,0.007753,0.991194,0.001053,,83700,,
1,1,,0.224651,0.774941,0.000408,,84800,,
1,1,,0.020904,0.975354,0.003742,,83600,,
1,0,,0.787819,0.212181,0,,86100,,
1,1,,0.194744,0.800659,0.004598,,83200,,
1,1,,0.00292,0.892995,0.104084,,84800,,
1,1,,0.003121,0.891149,0.105731,,83000,,
1,1,,0.004562,0.991759,0.003679,,82900,,
1,1,,0.259532,0.740468,0,,84800,,
1,1,,0.070951,0.616125,0.312924,,82500,,
1,1,,0.330173,0.669069,0.000758,,87300,,
1,1,,0.006117,0.987287,0.006597,,82400,,
1,1,,0.001894,0.679789,0.318317,,85800,,
1,1,,0.000535,0.79362,0.205845,,84100,,
1,1,,0.00679,0.990703,0.002506,,84800,,
1,1,,0.39671,0.602645,0.000645,,84100,,
1,1,,0.120667,0.879333,0,,86800,,
1,1,,0.103313,0.892112,0.004575,,84400,,
1,1,,0.103597,0.795432,0.100971,,85200,,
1,0,,0.820639,0.179361,0,,90500,,
1,1,,0.492869,0.507131,0,,86100,,
1,0,,0.870536,0.129464,0,,86400,,
1,1,,0.003832,0.988048,0.00812,,81800,,
1,1,,0.001693,0.996898,0.001408,,82600,,
1,1,,0.395761,0.603481,0.000758,,83100,,
1,1,,0.006924,0.987298,0.005779,,83300,,
1,1,,0.010008,0.68913,0.300862,,89000,,
1,1,,0.00069,0.794887,0.204424,,86800,,
1,1,,0.001444,0.794741,0.203815,,83700,,
1,1,,0.101983,0.894124,0.003894,,83200,,
1,0,,0.843571,0.156429,0,,86500,,
1,1,,0.483827,0.516173,0,,88800,,
1,2,,0.002062,0.288687,0.709251,,87300,,
1,1,,0.380621,0.586046,0.033333,,94200,,
1,0,,0.507297,0.492703,0,,98900,,
1,1,,0.009589,0.989003,0.001408,,96700,,
1,1,,0,0.679723,0.320277,,91800,,
1,1,,0.459778,0.539654,0.000568,,89000,,
1,1,,0.395905,0.555994,0.048101,,91100,,
1,1,,0.003107,0.993555,0.003337,,86500,,
1,0,,0.566054,0.433946,0,,89200,,
1,1,,0.08465,0.910455,0.004895,,84800,,
1,2,,0.00711,0.440882,0.552008,,86800,,
1,1,,0.285131,0.71396,0.000909,,84400,,
1,1,,0.248547,0.750764,0.00069,,85400,,
1,1,,0.00403,0.985106,0.010864,,83600,,
1,0,,0.56713,0.43287,0,,87000,,
1,1,,0.002951,0.886044,0.111005,,83100,,
1,1,,0.28939,0.708,0.002609,,84100,,
1,1,,0,0.897757,0.102243,,101900,,
1,1,,0.108954,0.887744,0.003302,,97700,,
1,1,,0.075474,0.921266,0.00326,,85800,,
1,1,,0.008319,0.988347,0.003334,,85200,,
1,1,,0,0.785705,0.214295,,89800,,
1,1,,0,0.778007,0.221993,,85700,,
1,1,,0.003121,0.921127,0.075752,,85100,,
1,1,,0.034676,0.965324,0,,89200,,
1,1,,0.120207,0.878189,0.001604,,85200,,
1,1,,0.33221,0.665805,0.001985,,86400,,
1,1,,0.184124,0.813891,0.001985,,84700,,
1,1,,0.290557,0.699793,0.009651,,87100,,
1,1,,0.002668,0.990735,0.006597,,83700,,
1,1,,0.285405,0.714595,0,,86400,,
1,0,,0.758684,0.241316,0,,86100,,
1,1,,0.001759,0.989994,0.008246,,83900,,
1,1,,0.007952,0.976654,0.015394,,83200,,
1,1,,0.00848,0.987514,0.004006,,87000,,
1,2,,0.000784,0.130175,0.869041,,92000,,
1,2,,0.050784,0.104951,0.844265,,87500,,
1,1,,0.101499,0.897274,0.001227,,84500,,
1,1,,0,0.697561,0.302439,,87800,,
1,1,,0.492823,0.507177,0,,84800,,
1,1,,0.296788,0.698826,0.004386,,84800,,
1,1,,0,0.592308,0.407692,,85900,,
1,1,,0.307809,0.689351,0.00284,,85800,,
1,1,,0.002447,0.888206,0.109347,,83900,,
1,1,,0.012886,0.986469,0.000645,,84200,,
1,1,,0,0.789444,0.210556,,85700,,
1,1,,0.062018,0.935535,0.002448,,83900,,
1,1,,0.30142,0.695098,0.003482,,83300,,
1,1,,0.020192,0.979808,0,,84800,,
1,1,,0.011642,0.985728,0.00263,,83300,,
1,2,,0,0.413776,0.586224,,86000,,
1,1,,0.315017,0.681766,0.003217,,87300,,
1,1,,0.398214,0.601786,0,,86100,,
1,0,,0.579521,0.420479,0,,85600,,
1,1,,0.095903,0.901468,0.00263,,83300,,
1,1,,0.200976,0.79742,0.001604,,83800,,
1,2,,0,0.195192,0.804808,,89900,,
1,1,,0.104028,0.893193,0.002779,,83500,,
1,1,,0,0.803831,0.196169,,84400,,
1,1,,0.010499,0.987684,0.001817,,83700,,
1,1,,0.210467,0.788216,0.001317,,85200,,
1,0,,0.620296,0.379296,0.000408,,83600,,
1,1,,0.002633,0.700304,0.297063,,85800,,
1,1,,0.058547,0.939151,0.002303,,86600,,
1,1,,0.002633,0.690137,0.307229,,89800,,
1,1,,0.09974,0.723388,0.176872,,86300,,
1,1,,0.001227,0.694441,0.304332,,91600,,
1,1,,0.003497,0.8914,0.105103,,89700,,
1,1,,0.003811,0.990414,0.005775,,95200,,
1,1,,0.010728,0.981981,0.007291,,91700,,
1,1,,0.100258,0.896885,0.002857,,103100,,
1,1,,0.182684,0.611718,0.205598,,101000,,
1,1,,0.00683,0.990867,0.002303,,96500,,
1,1,,0.001224,0.889552,0.109223,,93800,,
1,1,,0.11173,0.787862,0.100408,,93100,,
1,1,,0,0.599573,0.400427,,91600,,
1,1,,0.1,0.876153,0.023847,,90500,,
1,1,,0.020838,0.979162,0,,86500,,
1,1,,0.016667,0.492282,0.491052,,85700,,
1,1,,0.10413,0.793485,0.102385,,88800,,
1,1,,0.201063,0.796545,0.002393,,93900,,
1,1,,0.00069,0.882964,0.116347,,107000,,
1,1,,0.010619,0.884528,0.104853,,94000,,
1,1,,0.00261,0.890745,0.106645,,85800,,
1,1,,0.415152,0.583621,0.001227,,86000,,
1,1,,0.096976,0.495366,0.407658,,113500,,
1,1,,0.001227,0.892363,0.10641,,83800,,
1,1,,0.006134,0.991845,0.002021,,83500,,
1,1,,0.005726,0.787354,0.20692,,84100,,
1,1,,0.396978,0.603022,0,,86300,,
1,1,,0.405392,0.594608,0,,87500,,
1,1,,0.110671,0.888102,0.001227,,85300,,
1,1,,0.006885,0.990887,0.002228,,82700,,
1,1,,0.004028,0.992548,0.003424,,84300,,
1,1,,0.000909,0.598182,0.400909,,84700,,
1,1,,0.006418,0.988886,0.004696,,81700,,
1,1,,0.065596,0.932805,0.001599,,85100,,
1,1,,0.004819,0.891439,0.103742,,83600,,
1,1,,0.217727,0.781515,0.000758,,83900,,
1,2,,0,0.121713,0.878287,,86200,,
1,1,,0.304491,0.694751,0.000758,,86100,,
1,1,,0.127584,0.793644,0.078773,,86300,,
2,2,,0.100671,0.102169,0.79716,,86600,,
2,0,,0.548344,0,0.451656,,96200,,
2,2,,0.05,0.40378,0.54622,,89100,,
2,2,,0.003432,0.007188,0.989381,,92400,,
2,2,,0.213564,0.095821,0.690615,,89200,,
2,2,,0.105335,0.003515,0.891151,,94300,,
2,2,,0.088889,0.003233,0.907878,,89100,,
2,0,,0.691983,0,0.308017,,93000,,
2,1,,0,0.605203,0.394797,,88500,,
2,2,,0.101354,0.008195,0.890451,,86100,,
2,2,,0.113986,0.003868,0.882146,,87300,,
2,2,,0.122381,0.005264,0.872355,,88900,,
2,2,,0,0.4375,0.5625,,89400,,
2,2,,0,0.033333,0.966667,,92700,,
2,2,,0.001224,0.40156,0.597215,,103800,,
2,2,,0.317419,0,0.682581,,110100,,
2,2,,0.101869,0.203723,0.694408,,103400,,
2,0,,0.535309,0,0.464691,,113900,,
2,2,,0.014287,0.007925,0.977788,,103200,,
2,2,,0.40101,0,0.59899,,97400,,
2,1,,0,0.500795,0.499205,,93700,,
2,2,,0.006676,0.002684,0.990639,,98300,,
2,2,,0.006667,0.222519,0.770814,,89400,,
2,2,,0.018682,0.006592,0.974727,,92400,,
2,2,,0.128203,0.001971,0.869825,,91300,,
2,1,,0.004002,0.807998,0.188,,90700,,
2,2,,0.004372,0.211832,0.783795,,94500,,
2,2,,0.00836,0.011898,0.979742,,92100,,
2,2,,0.3,0,0.7,,91000,,
2,1,,0.191369,0.405455,0.403176,,89100,,
2,2,,0.206196,0,0.793804,,93200,,
2,2,,0,0.034339,0.965661,,89800,,
2,2,,0.102222,0.170399,0.727379,,90100,,
2,2,,0.255635,0,0.744365,,92600,,
2,2,,0.207381,0,0.792619,,86600,,
2,2,,0.019194,0.006982,0.973824,,83600,,
2,2,,0.000784,0.207989,0.791227,,85000,,
2,2,,0.022733,0.105303,0.871964,,86100,,
2,2,,0.117994,0.2902,0.591806,,91000,,
2,2,,0.016916,0.0103,0.972784,,85900,,
2,2,,0,0.204673,0.795327,,85400,,
2,0,,0.5008,0,0.4992,,90800,,
2,2,,0.006763,0.005876,0.987361,,88600,,
2,2,,0.1,0.266667,0.633333,,87900,,
2,2,,0.004087,0.012325,0.983588,,97400,,
2,2,,0.166304,0,0.833696,,90700,,
2,2,,0.1125,0.414583,0.472917,,87500,,
2,2,,0.141014,0.001569,0.857417,,87600,,
2,2,,0.003448,0.31044,0.686112,,85500,,
2,1,,0.004255,0.523895,0.471849,,93900,,
2,2,,0.119094,0.001546,0.87936,,86000,,
2,1,,0,0.605,0.395,,88100,,
2,0,,0.633821,0,0.366179,,88500,,
2,0,,0.566814,0.000518,0.432668,,85800,,
2,2,,0.20463,0.002509,0.79286,,86500,,
2,2,,0.092308,0.029261,0.878431,,96900,,
2,2,,0.001736,0.005547,0.992717,,95100,,
2,2,,0.014136,0.001124,0.98474,,90200,,
2,0,,0.860235,0,0.139765,,89300,,
2,2,,0.205225,0.002565,0.79221,,84700,,
2,2,,0.003627,0.004418,0.991956,,87400,,
2,2,,0.115952,0.0067,0.877348,,82700,,
2,2,,0.107424,0.105974,0.786602,,91000,,
2,2,,0.001455,0.015854,0.982691,,85000,,
2,0,,0.60114,0.002564,0.396296,,86500,,
2,2,,0.00057,0.02259,0.97684,,84300,,
2,2,,0.026938,0.008059,0.965003,,84900,,
2,0,,0.792656,0.000704,0.206639,,85800,,
2,2,,0.040241,0.000515,0.959243,,85700,,
2,2,,0.003616,0.019604,0.97678,,83800,,
2,2,,0.490071,0,0.509929,,85200,,
2,2,,0.127115,0,0.872885,,85600,,
2,2,,0.006994,0.006065,0.986941,,94200,,
2,2,,0.325723,0,0.674277,,93900,,
2,2,,0.002795,0.009933,0.987272,,84000,,
2,0,,0.687877,0.001515,0.310608,,85600,,
2,2,,0.393416,0,0.606584,,94200,,
2,2,,0.212604,0.006755,0.780641,,99600,,
2,2,,0.108365,0,0.891635,,98000,,
2,2,,0.000671,0.107838,0.891491,,96600,,
2,1,,0,0.6,0.4,,100300,,
2,0,,0.669418,0,0.330582,,97100,,
2,1,,0,0.838001,0.161999,,112100,,
2,2,,0.211312,0.015714,0.772974,,105500,,
2,2,,0.11216,0.161106,0.726733,,97400,,
2,2,,0.001455,0.015195,0.98335,,95100,,
2,2,,0.309527,0.002754,0.687719,,92600,,
2,2,,0,0.409012,0.590988,,93000,,
2,2,,0.001065,0.039904,0.959032,,97000,,
2,2,,0,0.103525,0.896475,,94100,,
2,2,,0.410565,0.000546,0.588889,,91400,,
2,1,,0.201381,0.791661,0.006958,,89200,,
2,2,,0.182062,0,0.817938,,86800,,
2,2,,0.025317,0,0.974683,,94400,,
2,2,,0.011816,0.005738,0.982447,,90000,,
2,2,,0.028333,0.302778,0.668889,,89500,,
2,2,,0.20578,0,0.79422,,88800,,
2,2,,0.242969,0,0.757031,,91200,,
2,2,,0.067338,0.004725,0.927937,,96000,,
2,2,,0.004075,0.01047,0.985455,,91800,,
2,2,,0.207352,0.007441,0.785206,,94400,,
2,2,,0.413175,0,0.586825,,91000,,
2,2,,0.219958,0,0.780042,,87900,,
2,2,,0.016116,0.099713,0.884171,,87900,,
2,2,,0.003149,0.013937,0.982915,,84300,,
2,2,,0.217475,0,0.782525,,88600,,
2,2,,0.217156,0.004709,0.778135,,86400,,
2,2,,0.106385,0.002771,0.890844,,86400,,
2,2,,0.006392,0.003109,0.990499,,87700,,
2,2,,0.00878,0.008255,0.982965,,84000,,
2,2,,0.102049,0.005247,0.892703,,84700,,
2,0,,0.544658,0.008446,0.446895,,86600,,
2,2,,0.379298,0,0.620702,,87000,,
2,2,,0.461593,0.001569,0.536839,,87600,,
2,2,,0,0.008769,0.991231,,83100,,
2,1,,0,0.795174,0.204826,,92800,,
2,2,,0.004031,0.005756,0.990214,,85100,,
2,2,,0,0.299362,0.700638,,87500,,
2,2,,0.001455,0.007044,0.9915,,83700,,
2,0,,0.498273,0.003922,0.497806,,83400,,
2,2,,0.014928,0.00549,0.979582,,84300,,
2,2,,0.041202,0.001227,0.957571,,84500,,
2,2,,0.001554,0.108985,0.889461,,83600,,
2,0,,0.66938,0,0.33062,,90300,,
2,0,,0.887337,0,0.112663,,89000,,
2,2,,0.016869,0.002273,0.980858,,84200,,
2,2,,0.011442,0.013144,0.975415,,84500,,
2,2,,0.002062,0.206028,0.79191,,85400,,
2,2,,0.101241,0.153048,0.745711,,84000,,
2,2,,0.016386,0.00741,0.976205,,83400,,
2,2,,0.001241,0.02203,0.976729,,85300,,
2,2,,0.109404,0.010337,0.88026,,85700,,
2,2,,0.001894,0.494848,0.503258,,94500,,
2,2,,0.133108,0,0.866892,,94600,,
2,2,,0,0.005672,0.994328,,87200,,
2,2,,0.020368,0.012788,0.966844,,85300,,
2,2,,0.043565,0.00354,0.952895,,83900,,
2,0,,0.6252,0,0.3748,,86200,,
2,2,,0.00057,0.144421,0.855009,,89500,,
2,2,,0.301,0.002381,0.696619,,87000,,
2,2,,0,0.204686,0.795314,,83700,,
2,2,,0.113025,0.002564,0.884411,,86000,,
2,2,,0.196126,0.006639,0.797236,,87200,,
2,2,,0,0.199295,0.800705,,84800,,
2,2,,0.412808,0,0.587192,,86000,,
2,2,,0.021068,0.00093,0.978001,,84000,,
2,2,,0.102172,0.108677,0.789152,,84600,,
2,2,,0.116575,0.002084,0.881341,,83000,,
2,2,,0.136229,0.001031,0.86274,,85000,,
2,2,,0.343246,0,0.656754,,85000,,
2,2,,0.006648,0.009868,0.983485,,114500,,
2,2,,0.015758,0.201445,0.782797,,87200,,
2,1,,0.002778,0.524444,0.472778,,87400,,
2,2,,0.011521,0.019472,0.969007,,83700,,
2,2,,0.348738,0,0.651262,,85800,,
2,2,,0.268195,0.001515,0.73029,,86900,,
2,2,,0.209822,0.105264,0.684914,,89800,,
2,0,,0.50044,0,0.49956,,89500,,
2,2,,0.447018,0,0.552982,,86600,,
2,2,,0.004819,0.109872,0.885309,,84700,,
2,2,,0.250854,0,0.749146,,86000,,
2,0,,0.6941,0.00295,0.30295,,88800,,
2,2,,0.403704,0,0.596296,,87100,,
2,2,,0.003228,0.114695,0.882077,,84900,,
2,2,,0.484361,0,0.515639,,85900,,
2,0,,0.595858,0,0.404142,,84800,,
2,0,,0.581501,0,0.418499,,85000,,
2,2,,0.286537,0.015244,0.698219,,83900,,
2,2,,0.054112,0.001569,0.94432,,84600,,
2,2,,0.193188,0.205379,0.601434,,85700,,
2,2,,0.116099,0.003922,0.87998,,84300,,
2,2,,0.101461,0.402989,0.49555,,86000,,
2,2,,0.2941,0.187341,0.518559,,86600,,
2,0,,0.536947,0,0.463053,,88500,,
2,0,,0.65114,0,0.34886,,86100,,
2,2,,0.489333,0.006758,0.503908,,85900,,
2,2,,0.001065,0.208731,0.790204,,84800,,
2,2,,0.123377,0.007925,0.868698,,84900,,
2,2,,0.207241,0.00094,0.791818,,87500,,
2,2,,0.201799,0,0.798201,,84800,,
2,2,,0.199221,0.00444,0.796339,,85900,,
2,2,,0.210007,0.000515,0.789478,,85400,,
2,2,,0.450746,0.002381,0.546873,,85300,,
2,2,,0.004496,0.105776,0.889729,,84700,,
2,1,,0,0.597614,0.402386,,88000,,
2,2,,0.098553,0.012259,0.889188,,89800,,
2,2,,0.00057,0.186525,0.812906,,88600,,
2,1,,0.109093,0.589087,0.30182,,85800,,
2,1,,0.051227,0.733443,0.21533,,86100,,
2,2,,0.005198,0.122462,0.87234,,87000,,
2,2,,0.00057,0.107999,0.891431,,85700,,
2,2,,0.000784,0.010151,0.989065,,84900,,
2,2,,0.290853,0.00094,0.708207,,86400,,
2,2,,0.024157,0.004418,0.971425,,84800,,
2,1,,0.000784,0.599546,0.399669,,87000,,
2,2,,0.304545,0,0.695455,,85700,,
2,2,,0.006755,0.007751,0.985494,,88800,,
2,2,,0.033192,0.002084,0.964724,,85200,,
2,2,,0,0.398777,0.601223,,85600,,
2,2,,0.002795,0.009124,0.98808,,84200,,
2,0,,0.898077,0,0.101923,,86300,,
2,2,,0.00252,0.114775,0.882705,,84400,,
2,2,,0,0.40873,0.59127,,88700,,
2,2,,0,0.466429,0.533571,,84900,,
2,2,,0.201455,0.104339,0.694205,,86300,,
2,2,,0.28496,0.002273,0.712767,,85200,,
2,2,,0.005714,0.199171,0.795115,,83800,,
2,2,,0.202842,0,0.797158,,87100,,
2,1,,0.001724,0.709747,0.288529,,84000,,
2,2,,0.022339,0.110356,0.867305,,82400,,
2,2,,0.216082,0,0.783918,,83900,,
2,2,,0.00329,0.007902,0.988807,,82500,,
2,2,,0.382152,0,0.617848,,92900,,
2,2,,0.007885,0.007516,0.984599,,91700,,
2,2,,0.114427,0.094132,0.791441,,89600,,
2,2,,0.286936,0,0.713064,,85500,,
2,2,,0.00301,0.025214,0.971776,,86800,,
2,2,,0.315,0,0.685,,90700,,
2,2,,0.005556,0.298153,0.696291,,88900,,
2,2,,0.232603,0,0.767397,,91500,,
2,2,,0,0.113288,0.886712,,88000,,
2,0,,0.554571,0.000709,0.444719,,89500,,
2,0,,0.78697,0.001515,0.211515,,89300,,
2,1,,0,0.892034,0.107966,,89500,,
2,2,,0.006,0.325986,0.668014,,87500,,
2,1,,0.101894,0.789422,0.108684,,86300,,
2,1,,0.000535,0.767861,0.231604,,87200,,
2,2,,0.098425,0.001871,0.899704,,85400,,
2,2,,0.003956,0.309053,0.686991,,85100,,
2,2,,0.105727,0.002487,0.891786,,83300,,
2,2,,0.116716,0.005773,0.877511,,87200,,
2,2,,0.404001,0,0.595999,,86600,,
2,2,,0.106437,0.005828,0.887735,,83700,,
2,2,,0.106876,0.102815,0.790308,,82100,,
2,2,,0.001166,0.115266,0.883568,,84300,,
2,2,,0.305,0,0.695,,85200,,
2,2,,0.110446,0.012399,0.877155,,83100,,
2,2,,0.022576,0.00549,0.971934,,84500,,
2,2,,0.131133,0.002849,0.866018,,84800,,
2,2,,0.387597,0.001728,0.610674,,85800,,
2,2,,0.111102,0.004346,0.884552,,84400,,
2,2,,0.113676,0.003355,0.882969,,86300,,
2,2,,0.318088,0,0.681912,,88800,,
2,2,,0.217925,0.00467,0.777405,,83200,,
2,0,,0.514052,0,0.485948,,87200,,
2,2,,0.009911,0.008665,0.981424,,82500,,
2,2,,0.099206,0.396938,0.503856,,84500,,
2,2,,0.010785,0.007218,0.981996,,82700,,
2,2,,0.248978,0,0.751022,,85800,,
2,2,,0.003309,0.198561,0.798129,,84600,,
2,0,,0.543853,0,0.456147,,87400,,
2,2,,0.002909,0.009889,0.987202,,83000,,
2,2,,0.39922,0.001359,0.599422,,86900,,
2,0,,0.504117,0.002456,0.493427,,88200,,
2,2,,0.001241,0.007678,0.991081,,87800,,
2,1,,0.1,0.503122,0.396878,,84300,,
2,2,,0.005556,0.187879,0.806566,,83700,,
2,2,,0.083333,0.113401,0.803266,,84100,,
2,2,,0.1,0.2346,0.6654,,86600,,
2,2,,0.007016,0.01381,0.979174,,83400,,
2,2,,0.05463,0.24549,0.699879,,84600,,
2,2,,0.410455,0.006432,0.583114,,84100,,
2,2,,0.00636,0.025996,0.967644,,82500,,
2,1,,0.010482,0.497087,0.492431,,84200,,
2,2,,0.001241,0.011252,0.987507,,83000,,
2,2,,0.002435,0.007917,0.989649,,85400,,
2,2,,0.05057,0.112373,0.837057,,97700,,
2,2,,0.420529,0,0.579471,,99200,,
2,2,,0.109044,0.010199,0.880757,,88100,,
2,2,,0.130327,0,0.869673,,87100,,
2,2,,0.021854,0.078642,0.899504,,84700,,
2,2,,0.000784,0.010813,0.988403,,89700,,
2,1,,0.300431,0.399398,0.300171,,91500,,
2,2,,0.006667,0.127311,0.866022,,87200,,
2,1,,0,0.600852,0.399148,,86200,,
2,2,,0.004223,0.010551,0.985226,,83100,,
2,2,,0.16634,0,0.83366,,85500,,
2,2,,0.005,0.318994,0.676006,,89300,,
2,2,,0.126014,0.003708,0.870277,,84500,,
2,2,,0.002632,0.108972,0.888396,,84600,,
2,2,,0.199941,0.103427,0.696633,,84100,,
2,2,,0.394444,0,0.605556,,88600,,
2,2,,0.012635,0.005053,0.982312,,87400,,
2,2,,0.223489,0,0.776511,,84100,,
2,2,,0.39557,0.002381,0.602049,,86700,,
2,2,,0.131727,0.003367,0.864906,,85200,,
2,2,,0.118761,0.00697,0.87427,,86600,,
2,2,,0.127756,0.000515,0.871729,,85500,,
2,0,,0.70119,0,0.29881,,87600,,
2,2,,0.332581,0.025,0.642419,,83600,,
2,2,,0.220712,0.00094,0.778347,,84800,,
2,2,,0.395457,0,0.604543,,85400,,
2,2,,0.010075,0.011086,0.978839,,88500,,
2,1,,0,0.77869,0.22131,,100200,,
2,2,,0.212986,0.004308,0.782706,,92100,,
2,2,,0.159004,0.102373,0.738622,,85300,,
2,0,,0.801667,0,0.198333,,86300,,
2,2,,0.012786,0.008016,0.979198,,83500,,
2,2,,0.101241,0.004606,0.894153,,82800,,
2,2,,0.121279,0.003382,0.875339,,84300,,
2,2,,0.006392,0.006056,0.987552,,92700,,
2,2,,0.018518,0.003558,0.977924,,85700,,
2,2,,0.119697,0.005633,0.87467,,85600,,
2,2,,0,0.386923,0.613077,,84500,,
2,2,,0.399343,0,0.600657,,86200,,
2,2,,0.001241,0.30791,0.69085,,85600,,
2,2,,0.143651,0.000415,0.855934,,83300,,
2,2,,0.328629,0.001569,0.669802,,83800,,
2,2,,0.001554,0.004365,0.994081,,84500,,
2,2,,0.102778,0.001971,0.895251,,85100,,
2,2,,0.217173,0.004933,0.777894,,85000,,
2,2,,0.007846,0.006359,0.985795,,84800,,
2,2,,0.305702,0,0.694298,,105600,,
2,2,,0.115864,0.001569,0.882568,,100400,,
2,2,,0.014824,0.006982,0.978194,,96000,,
2,2,,0.281807,0,0.718193,,97000,,
2,2,,0.391865,0,0.608135,,95800,,
2,2,,0.000671,0.210943,0.788386,,93800,,
2,1,,0.075909,0.500193,0.423898,,94300,,
2,2,,0.205084,0.0067,0.788216,,93100,,
2,2,,0.30063,0.005638,0.693732,,90400,,
2,2,,0.370211,0,0.629789,,85900,,
2,1,,0,0.597596,0.402404,,118000,,
2,0,,0.519697,0,0.480303,,86000,,
2,2,,0.108333,0.10229,0.789377,,86100,,
2,0,,0.500671,0.171342,0.327987,,86400,,
2,2,,0.446996,0,0.553004,,85100,,
2,2,,0.171435,0.007105,0.82146,,84100,,
2,2,,0.017381,0.002283,0.980336,,84800,,
2,2,,0.00954,0.004762,0.985698,,82500,,
2,2,,0.09704,0.003367,0.899592,,83400,,