waveform-noise,Rotf,test,4,NANOSECONDS,PREDICTIONS, Generated by ClassifierExperiments.java on 2022-05-17 03:20:15.    SYSTEMPROPERTIES:{user.name:matth,os.arch:amd64,os.name:Windows 10},ENDSYSTEMPROPERTIES
No parameter info
0.8411588411588412,4594081000,93537400,-1,37826960,3,,-1,-1
0,0,,0.774204,0,0.225796,,446200,,
0,2,,0.405,0.007692,0.587308,,127200,,
0,0,,0.995389,0.003267,0.001344,,119100,,
0,0,,0.809729,0.000904,0.189367,,114700,,
0,0,,0.996477,0.003157,0.000366,,128500,,
0,0,,0.88279,0.116479,0.000731,,124000,,
0,0,,0.694578,0.305422,0,,122500,,
0,0,,0.587115,0.412127,0.000758,,183200,,
0,2,,0.392934,0,0.607066,,120800,,
0,0,,0.791547,0.208453,0,,121900,,
0,1,,0.181205,0.71759,0.101205,,163800,,
0,0,,0.724096,0.275904,0,,154300,,
0,1,,0.394574,0.397291,0.208135,,113400,,
0,0,,0.901022,0.098978,0,,111900,,
0,0,,0.994382,0.005618,0,,108600,,
0,0,,0.595211,0.014528,0.39026,,103700,,
0,0,,0.985971,0.013033,0.000996,,107800,,
0,0,,0.985526,0.009476,0.004998,,110700,,
0,0,,0.997061,0.001746,0.001193,,109700,,
0,0,,0.884923,0.115077,0,,127700,,
0,0,,0.792951,0.207049,0,,125700,,
0,2,,0.314951,0,0.685049,,127200,,
0,0,,0.79896,0.20104,0,,147900,,
0,0,,0.986874,0.011441,0.001685,,99500,,
0,0,,0.921948,0.076802,0.00125,,113000,,
0,0,,0.989097,0.000842,0.010061,,107000,,
0,0,,0.785646,0.112107,0.102247,,113400,,
0,0,,0.700531,0.001665,0.297804,,119400,,
0,0,,0.677318,0.322682,0,,121700,,
0,0,,0.70299,0,0.29701,,119100,,
0,0,,0.790547,0.000904,0.208549,,108600,,
0,0,,0.672494,0.327506,0,,108800,,
0,1,,0.494271,0.499062,0.006667,,102300,,
0,0,,0.690088,0,0.309912,,107000,,
0,0,,0.68133,0.31867,0,,105500,,
0,2,,0.132057,0,0.867943,,108200,,
0,1,,0.310882,0.689118,0,,112000,,
0,1,,0.181404,0.818596,0,,108900,,
0,2,,0.406373,0,0.593627,,118000,,
0,0,,0.681325,0.318675,0,,144400,,
0,0,,0.867947,0.131295,0.000758,,124200,,
0,2,,0.324639,0.002659,0.672702,,111100,,
0,0,,0.506764,0.493236,0,,110600,,
0,0,,0.991381,0.006508,0.002111,,105000,,
0,0,,0.690674,0.304326,0.005,,102500,,
0,1,,0.012479,0.987521,0,,110100,,
0,1,,0.421151,0.578849,0,,143800,,
0,0,,0.876779,0.123221,0,,112100,,
0,2,,0.422185,0,0.577815,,123300,,
0,2,,0.405322,0,0.594678,,106600,,
0,0,,0.792286,0,0.207714,,117600,,
0,0,,0.872312,0.008028,0.119661,,113500,,
0,0,,0.995766,0.000904,0.003331,,105900,,
0,0,,0.526471,0,0.473529,,109300,,
0,0,,0.771104,0.228896,0,,114000,,
0,2,,0.402564,0,0.597436,,109400,,
0,1,,0.026417,0.973583,0,,110600,,
0,0,,0.90496,0.094802,0.000238,,114900,,
0,0,,0.982914,0.003157,0.013929,,101200,,
0,0,,0.69462,0.30538,0,,105100,,
0,0,,0.699265,0.198981,0.101754,,99100,,
0,0,,0.991272,0.007732,0.000996,,99100,,
0,0,,0.986089,0.012915,0.000996,,105000,,
0,0,,0.740581,0.259419,0,,101900,,
0,2,,0.152778,0,0.847222,,171800,,
0,0,,0.502785,0,0.497215,,167000,,
0,2,,0.397381,0,0.602619,,109300,,
0,0,,0.889943,0.106057,0.004,,109900,,
0,0,,0.593682,0.406318,0,,105500,,
0,0,,0.983209,0.008395,0.008396,,102700,,
0,0,,0.58019,0.41981,0,,107500,,
0,0,,0.996289,0.000842,0.002868,,103100,,
0,0,,0.8958,0.000476,0.103724,,108100,,
0,0,,0.499098,0.492152,0.00875,,109700,,
0,0,,0.601667,0,0.398333,,111200,,
0,0,,0.796364,0,0.203636,,103800,,
0,0,,0.763157,0,0.236843,,96300,,
0,2,,0.194128,0.000758,0.805114,,98700,,
0,0,,0.899219,0.001389,0.099393,,106700,,
0,0,,0.80793,0.191074,0.000996,,100200,,
0,0,,0.994438,0.00138,0.004182,,97300,,
0,0,,0.992114,0.006142,0.001744,,95100,,
0,1,,0.445714,0.554286,0,,113700,,
0,2,,0.105675,0,0.894325,,102100,,
0,0,,0.985579,0.014183,0.000238,,100400,,
0,2,,0.419824,0.003078,0.577098,,96800,,
0,1,,0.200766,0.799234,0,,100300,,
0,0,,0.599779,0.000366,0.399855,,89200,,
0,0,,0.780195,0.219074,0.000731,,87900,,
0,0,,0.872487,0.127513,0,,98000,,
0,0,,0.98414,0.005369,0.01049,,98000,,
0,1,,0.394865,0.604715,0.00042,,98200,,
0,0,,0.990657,0.00138,0.007963,,104100,,
0,0,,0.755732,0,0.244268,,103200,,
0,0,,0.555419,0,0.444581,,104000,,
0,0,,0.979661,0.019216,0.001124,,99600,,
0,2,,0.483764,0,0.516236,,105400,,
0,0,,0.527142,0,0.472858,,94000,,
0,0,,0.882727,0.117035,0.000238,,89500,,
0,0,,0.892734,0.105639,0.001627,,87800,,
0,0,,0.96475,0.03525,0,,86900,,
0,0,,0.894641,0.104019,0.00134,,89700,,
0,0,,0.772835,0.226799,0.000366,,97800,,
0,0,,0.664955,0.335045,0,,92600,,
0,0,,0.724244,0.274388,0.001367,,92900,,
0,0,,0.985572,0.011145,0.003284,,86000,,
0,0,,0.552381,0.447619,0,,92700,,
0,0,,0.994199,0.002293,0.003509,,85500,,
0,0,,0.995389,0.003267,0.001344,,84100,,
0,0,,0.680126,0.319874,0,,89700,,
0,0,,0.709727,0,0.290273,,88000,,
0,0,,0.997769,0.00138,0.000852,,89000,,
0,0,,0.970166,0.019647,0.010188,,87500,,
0,2,,0.215248,0,0.784752,,95000,,
0,0,,0.784852,0.134296,0.080852,,86200,,
0,0,,0.60361,0,0.39639,,91600,,
0,0,,0.611748,0.1,0.288252,,89700,,
0,0,,0.891372,0.108389,0.000238,,89800,,
0,0,,0.789267,0.210733,0,,90900,,
0,0,,0.79782,0,0.20218,,89800,,
0,1,,0.229179,0.770821,0,,89300,,
0,0,,0.890513,0.108636,0.000852,,85000,,
0,0,,0.798697,0.000476,0.200826,,88100,,
0,2,,0.321008,0.006041,0.672951,,91800,,
0,1,,0.492687,0.507313,0,,90800,,
0,0,,0.729505,0.269914,0.000581,,88700,,
0,0,,0.98957,0.00138,0.00905,,87600,,
0,0,,0.979573,0.00816,0.012268,,86000,,
0,0,,0.972439,0.026311,0.00125,,87000,,
0,0,,0.686864,0.313136,0,,88300,,
0,1,,0.09918,0.90082,0,,90700,,
0,0,,0.99151,0.002536,0.005955,,85700,,
0,0,,0.648858,0.351142,0,,88300,,
0,0,,0.894154,0.00138,0.104466,,86700,,
0,0,,0.890112,0.10913,0.000758,,88400,,
0,2,,0.363321,0,0.636679,,90200,,
0,0,,0.99333,0.00667,0,,89700,,
0,0,,0.99498,0.004782,0.000238,,104000,,
0,0,,0.993919,0.002363,0.003718,,93800,,
0,0,,0.773055,0.126945,0.1,,97800,,
0,0,,0.708828,0,0.291172,,100700,,
0,1,,0.498073,0.501927,0,,90900,,
0,0,,0.784992,0,0.215008,,87100,,
0,0,,0.988819,0.001746,0.009435,,85000,,
0,0,,0.651367,0.348051,0.000581,,89400,,
0,0,,0.993919,0.002363,0.003718,,83300,,
0,0,,0.891589,0.000904,0.107507,,87700,,
0,0,,0.996876,0.00138,0.001744,,85800,,
0,0,,0.69074,0,0.30926,,92300,,
0,1,,0.439247,0.560753,0,,91800,,
0,0,,0.571667,0.428333,0,,90000,,
0,0,,0.792849,0.207151,0,,86000,,
0,2,,0.318408,0,0.681592,,89700,,
0,0,,0.989313,0.009002,0.001685,,83400,,
0,0,,0.503155,0.496845,0,,86400,,
0,0,,0.830447,0.168182,0.001371,,84700,,
0,0,,0.897824,0,0.102176,,85000,,
0,0,,0.991861,0.00567,0.002468,,98100,,
0,0,,0.89162,0.000758,0.107622,,92500,,
0,0,,0.99125,0.00875,0,,88400,,
0,0,,0.804636,0.000904,0.194461,,97700,,
0,1,,0.309108,0.690892,0,,95300,,
0,1,,0.374694,0.625306,0,,97500,,
0,0,,0.993977,0.002769,0.003254,,91400,,
0,2,,0.175841,0.002083,0.822076,,97700,,
0,1,,0.403495,0.596505,0,,97400,,
0,0,,0.792208,0.207792,0,,103800,,
0,0,,0.487049,0.11303,0.399921,,105800,,
0,0,,0.799377,0.200623,0,,103000,,
0,0,,0.789776,0,0.210224,,94700,,
0,0,,0.700081,0,0.299919,,94100,,
0,0,,0.864828,0.033333,0.101839,,91300,,
0,2,,0.256548,0.000485,0.742967,,95700,,
0,0,,0.762416,0.237584,0,,97800,,
0,0,,0.8915,0.106142,0.002358,,94600,,
0,0,,0.794528,0.204714,0.000758,,92000,,
0,1,,0.259167,0.740833,0,,91100,,
0,2,,0.470833,0,0.529167,,91400,,
0,2,,0.146503,0,0.853497,,91300,,
0,0,,0.868806,0.020506,0.110688,,92500,,
0,0,,0.828555,0,0.171445,,90300,,
0,2,,0.252957,0,0.747043,,90200,,
0,0,,0.882861,0.116901,0.000238,,109400,,
0,0,,0.694297,0.004981,0.300722,,89700,,
0,2,,0.246314,0,0.753686,,90200,,
0,2,,0.381818,0,0.618182,,96000,,
0,2,,0.174459,0,0.825541,,101300,,
0,0,,0.988234,0.005735,0.00603,,94400,,
0,2,,0.242889,0,0.757111,,98800,,
0,0,,0.988089,0.00138,0.010531,,99000,,
0,0,,0.569394,0.430606,0,,113100,,
0,0,,0.884176,0.115586,0.000238,,100700,,
0,2,,0.409674,0.002174,0.588152,,109400,,
0,0,,0.507619,0.000476,0.491905,,115500,,
0,0,,0.797168,0.105985,0.096847,,99600,,
0,0,,0.660903,0.339097,0,,110000,,
0,2,,0.332194,0,0.667806,,108100,,
0,0,,0.995149,0.003633,0.001218,,105900,,
0,0,,0.994346,0.00138,0.004275,,110300,,
0,0,,0.802083,0.189583,0.008333,,116200,,
0,0,,0.678105,0.321895,0,,117200,,
0,2,,0.245347,0,0.754653,,115300,,
0,0,,0.790958,0.007256,0.201786,,101000,,
0,0,,0.681362,0.020904,0.297734,,104700,,
0,0,,0.874521,0.125479,0,,110200,,
0,0,,0.873133,0.001746,0.125121,,100100,,
0,1,,0.2028,0.7972,0,,109700,,
0,0,,0.986858,0.011653,0.001488,,104600,,
0,0,,0.659479,0.323854,0.016667,,117600,,
0,0,,0.761197,0.226288,0.012516,,121300,,
0,2,,0.483766,0,0.516234,,121600,,
0,0,,0.889951,0.107316,0.002733,,110100,,
0,0,,0.6,0,0.4,,121100,,
0,0,,0.695403,0.001299,0.303298,,111600,,
0,0,,0.966034,0.021111,0.012855,,110900,,
0,1,,0.465584,0.534416,0,,115700,,
0,1,,0.48523,0.51477,0,,115000,,
0,0,,0.796253,0.102895,0.100852,,113600,,
0,0,,0.993837,0.005925,0.000238,,112300,,
0,0,,0.618214,0,0.381786,,116400,,
0,0,,0.988169,0.011831,0,,107200,,
0,0,,0.699574,0.00303,0.297395,,113700,,
0,0,,0.976248,0.016086,0.007666,,106900,,
0,0,,0.994964,0.004372,0.000664,,112700,,
0,0,,0.790028,0.209214,0.000758,,113400,,
0,0,,0.898209,0.100046,0.001744,,125600,,
0,0,,0.506667,0.493333,0,,124900,,
0,2,,0.308363,0,0.691637,,110100,,
0,0,,0.994133,0.005867,0,,104600,,
0,0,,0.765694,0,0.234306,,115000,,
0,0,,0.986931,0.001746,0.011323,,95200,,
0,0,,0.99461,0.004028,0.001362,,95700,,
0,0,,0.869922,0.001299,0.128779,,99900,,
0,0,,0.712751,0,0.287249,,95500,,
0,0,,0.985583,0.013813,0.000604,,91800,,
0,0,,0.655705,0,0.344295,,106200,,
0,0,,0.895708,0.103534,0.000758,,116300,,
0,0,,0.8,0,0.2,,106900,,
0,0,,0.867552,0.000476,0.131972,,94100,,
0,2,,0.41775,0,0.58225,,95700,,
0,0,,0.889755,0.108995,0.00125,,94000,,
0,2,,0.405368,0.001299,0.593333,,94300,,
0,2,,0.011138,0,0.988862,,96800,,
0,0,,0.660631,0.339369,0,,96400,,
0,0,,0.902643,0.000476,0.096881,,92800,,
0,0,,0.885955,0.000476,0.113569,,100300,,
0,0,,0.791524,0.206468,0.002008,,110400,,
0,0,,0.824,0,0.176,,104100,,
0,0,,0.996003,0.003267,0.000731,,96800,,
0,0,,0.99141,0.003958,0.004632,,106500,,
0,0,,0.988583,0.003267,0.008151,,111700,,
0,2,,0.325,0,0.675,,107700,,
0,2,,0.127624,0,0.872376,,116800,,
0,0,,0.892399,0.106749,0.000852,,113800,,
0,0,,0.701755,0.003448,0.294797,,98100,,
0,0,,0.896071,0.102141,0.001788,,89900,,
0,0,,0.876757,0.122512,0.000731,,89900,,
0,0,,0.814158,0.00138,0.184462,,90300,,
0,0,,0.989383,0.009129,0.001488,,90600,,
0,2,,0.404012,0,0.595988,,94800,,
0,0,,0.807645,0.000904,0.191451,,89500,,
0,1,,0.39266,0.60734,0,,98300,,
0,0,,0.581574,0,0.418426,,96700,,
0,0,,0.693333,0.306667,0,,112000,,
0,1,,0.116187,0.883813,0,,103400,,
0,0,,0.994184,0.002363,0.003453,,90500,,
0,2,,0.313304,0,0.686696,,100300,,
0,0,,0.800463,0,0.199537,,95700,,
0,0,,0.984393,0.011204,0.004403,,90200,,
0,2,,0.489231,0,0.510769,,91000,,
0,0,,0.990469,0.00138,0.008151,,88800,,
0,0,,0.994853,0.00279,0.002356,,87300,,
0,0,,0.508187,0.491813,0,,95800,,
0,0,,0.710984,0,0.289016,,89000,,
0,0,,0.593917,0.405845,0.000238,,95800,,
0,1,,0.468874,0.531126,0,,110200,,
0,0,,0.872849,0.126913,0.000238,,104100,,
0,0,,0.892275,0,0.107725,,102800,,
0,1,,0.399075,0.600344,0.000581,,98700,,
0,0,,0.992335,0.005715,0.00195,,86700,,
0,0,,0.79398,0.205781,0.000238,,90100,,
0,0,,0.992524,0.001755,0.005721,,88300,,
0,0,,0.580769,0.419231,0,,92200,,
0,0,,0.887688,0.095427,0.016885,,89000,,
0,0,,0.893991,0.102169,0.003839,,88500,,
0,0,,0.793983,0.205022,0.000996,,94100,,
0,0,,0.51271,0.093606,0.393684,,102500,,
0,0,,0.988209,0.000366,0.011425,,94200,,
0,0,,0.678368,0.321632,0,,93000,,
0,0,,0.575389,0.423406,0.001205,,96500,,
0,0,,0.619571,0.380429,0,,98200,,
0,0,,0.799169,0,0.200831,,100500,,
0,0,,0.556515,0,0.443485,,99300,,
0,0,,0.890555,0.001299,0.108146,,107900,,
0,0,,0.995361,0.001746,0.002893,,107200,,
0,0,,0.505694,0,0.494306,,116500,,
0,0,,0.771811,0.227823,0.000366,,115400,,
0,0,,0.896077,0.001979,0.101944,,105700,,
0,0,,0.99527,0.003633,0.001097,,103800,,
0,0,,0.693017,0.000366,0.306616,,109600,,
0,0,,0.996143,0.001746,0.002111,,103600,,
0,0,,0.6092,0.3908,0,,106800,,
0,0,,0.892778,0.000904,0.106318,,93900,,
0,0,,0.890227,0.108284,0.001488,,98300,,
0,0,,0.90484,0.001299,0.093861,,94800,,
0,1,,0.308481,0.691519,0,,105300,,
0,0,,0.580713,0.419287,0,,109600,,
0,0,,0.777401,0.222599,0,,97500,,
0,0,,0.78768,0.21232,0,,99500,,
0,0,,0.98578,0.009002,0.005218,,91500,,
0,2,,0.317269,0,0.682731,,96500,,
0,0,,0.870084,0.019168,0.110748,,91700,,
0,0,,0.892846,0.107154,0,,93000,,
0,0,,0.99299,0.006184,0.000826,,91900,,
0,0,,0.707175,0,0.292825,,94100,,
0,0,,0.898276,0,0.101724,,145300,,
0,0,,0.68375,0,0.31625,,96500,,
0,0,,0.888333,0.006667,0.105,,102000,,
0,0,,0.997356,0.001887,0.000758,,87000,,
0,0,,0.707619,0.000476,0.291905,,95100,,
0,0,,0.802026,0.197974,0,,93200,,
0,0,,0.80953,0,0.19047,,92000,,
0,0,,0.675979,0.323235,0.000786,,91700,,
0,0,,0.990627,0.008029,0.001344,,89400,,
0,0,,0.78778,0,0.21222,,89000,,
0,0,,0.889096,0.010904,0.1,,92800,,
0,0,,0.993697,0.000476,0.005826,,94700,,
0,1,,0.30767,0.69233,0,,94800,,
0,0,,0.87555,0.123198,0.001252,,87600,,
0,0,,0.787578,0.111929,0.100493,,91700,,
0,0,,0.906523,0.007397,0.086081,,92300,,
0,0,,0.894125,0.105637,0.000238,,88500,,
0,0,,0.692211,0.307551,0.000238,,90500,,
0,0,,0.696552,0.303448,0,,92700,,
0,0,,0.78931,0.210452,0.000238,,91700,,
0,1,,0.368034,0.631966,0,,93900,,
0,0,,0.994008,0.003752,0.00224,,93200,,
0,2,,0.406256,0,0.593744,,97800,,
0,1,,0.472222,0.527778,0,,96000,,
1,1,,0.000467,0.611504,0.388029,,103500,,
1,1,,0.01144,0.985547,0.003013,,92200,,
1,2,,0.001835,0.241239,0.756926,,96700,,
1,1,,0.003419,0.989728,0.006854,,92900,,
1,1,,0.092789,0.906629,0.000581,,92000,,
1,0,,0.587558,0.406748,0.005694,,91700,,
1,0,,0.605643,0.390909,0.003448,,95500,,
1,1,,0.005552,0.991932,0.002516,,105400,,
1,1,,0.110287,0.887702,0.002012,,111500,,
1,1,,0.000957,0.802499,0.196544,,115800,,
1,1,,0.008326,0.98685,0.004824,,103600,,
1,1,,0.398757,0.596122,0.005121,,97900,,
1,1,,0,0.612063,0.387937,,91700,,
1,1,,0.003696,0.991508,0.004796,,86500,,
1,1,,0.000957,0.888317,0.110726,,87700,,
1,1,,0.004401,0.993298,0.002301,,85400,,
1,2,,0.001515,0.158339,0.840146,,86600,,
1,1,,0.002417,0.7997,0.197883,,86500,,
1,1,,0.008126,0.986889,0.004985,,87100,,
1,1,,0.214365,0.784335,0.001299,,86000,,
1,1,,0.478571,0.521429,0,,92100,,
1,1,,0.308947,0.691053,0,,85800,,
1,1,,0.00061,0.701722,0.297669,,88100,,
1,1,,0.005138,0.988645,0.006217,,84100,,
1,1,,0.108012,0.70047,0.191519,,84700,,
1,1,,0.012543,0.983345,0.004112,,84500,,
1,1,,0.476606,0.522784,0.00061,,87600,,
1,1,,0.005146,0.993554,0.001299,,84700,,
1,0,,0.889243,0.110757,0,,91800,,
1,1,,0.109789,0.886726,0.003485,,87700,,
1,1,,0.105504,0.894496,0,,88000,,
1,1,,0.036729,0.963271,0,,87300,,
1,1,,0.016667,0.982752,0.000581,,90400,,
1,1,,0.105512,0.893189,0.001299,,88400,,
1,1,,0.201776,0.796324,0.001899,,90700,,
1,0,,0.5,0.5,0,,92200,,
1,1,,0.311531,0.688469,0,,89500,,
1,1,,0.101157,0.804386,0.094457,,86400,,
1,1,,0.128351,0.869257,0.002392,,85800,,
1,1,,0.095603,0.703032,0.201365,,87800,,
1,2,,0,0.246617,0.753383,,85600,,
1,1,,0.00333,0.992209,0.004461,,105800,,
1,1,,0.002772,0.793022,0.204207,,96500,,
1,1,,0.395159,0.604841,0,,96700,,
1,1,,0.00172,0.893436,0.104844,,89400,,
1,2,,0.100957,0.409151,0.489892,,88400,,
1,1,,0.007613,0.992387,0,,87300,,
1,1,,0.01557,0.897651,0.086778,,86700,,
1,1,,0.107016,0.890707,0.002276,,97000,,
1,0,,0.604018,0.395982,0,,95900,,
1,1,,0.229666,0.770334,0,,97500,,
1,1,,0.025721,0.972196,0.002083,,91700,,
1,1,,0,0.788308,0.211692,,93100,,
1,1,,0,0.633333,0.366667,,91800,,
1,1,,0.155851,0.844149,0,,91800,,
1,1,,0.1,0.611892,0.288108,,100400,,
1,1,,0.11777,0.88223,0,,98500,,
1,1,,0.000571,0.800903,0.198526,,91000,,
1,1,,0.003131,0.993475,0.003394,,90200,,
1,0,,0.774708,0.225292,0,,103600,,
1,1,,0.00731,0.990186,0.002504,,95600,,
1,1,,0.000957,0.895401,0.103642,,96400,,
1,1,,0.003195,0.857013,0.139792,,108000,,
1,1,,0.001424,0.897723,0.100853,,105300,,
1,2,,0,0.496338,0.503662,,104200,,
1,1,,0.005262,0.992745,0.001994,,94900,,
1,1,,0.101629,0.77795,0.12042,,92500,,
1,1,,0.003343,0.782867,0.21379,,89500,,
1,1,,0.007753,0.889057,0.10319,,86900,,
1,1,,0.302285,0.697715,0,,89300,,
1,1,,0.09577,0.90251,0.00172,,86800,,
1,1,,0.103358,0.896642,0,,86800,,
1,1,,0.104887,0.891195,0.003918,,90700,,
1,1,,0.107327,0.892673,0,,91700,,
1,1,,0.001039,0.687284,0.311677,,86100,,
1,1,,0.261351,0.738649,0,,87500,,
1,1,,0.005262,0.99073,0.004008,,84700,,
1,1,,0.000833,0.50856,0.490607,,89500,,
1,1,,0.001377,0.874796,0.123826,,86800,,
1,1,,0.005639,0.890411,0.10395,,84400,,
1,1,,0.350833,0.649167,0,,86500,,
1,1,,0.371212,0.628788,0,,87200,,
1,1,,0.110108,0.889892,0,,90300,,
1,1,,0.00327,0.994214,0.002516,,93400,,
1,1,,0.013539,0.985771,0.00069,,91600,,
1,0,,0.568595,0.431405,0,,94000,,
1,1,,0.004718,0.99346,0.001822,,89000,,
1,1,,0.027384,0.971927,0.00069,,87700,,
1,1,,0.013724,0.984609,0.001667,,86700,,
1,1,,0,0.81935,0.18065,,84700,,
1,1,,0.006284,0.992416,0.001299,,86000,,
1,1,,0.102305,0.897,0.000694,,86100,,
1,1,,0.316506,0.683494,0,,87700,,
1,1,,0.001377,0.891959,0.106664,,83700,,
1,1,,0.207475,0.792525,0,,86200,,
1,1,,0.004245,0.993933,0.001822,,84700,,
1,1,,0.40193,0.59807,0,,87500,,
1,1,,0.208179,0.789737,0.002083,,85900,,
1,1,,0.026704,0.883377,0.089919,,82400,,
1,0,,0.750765,0.249235,0,,86200,,
1,1,,0.003218,0.900753,0.096029,,83700,,
1,1,,0.414066,0.585934,0,,86700,,
1,1,,0.100957,0.707762,0.191281,,85600,,
1,0,,0.572869,0.427131,0,,86100,,
1,1,,0.004861,0.994109,0.00103,,85000,,
1,1,,0.005845,0.990077,0.004077,,85400,,
1,1,,0.21183,0.78817,0,,87700,,
1,1,,0.109313,0.890687,0,,86600,,
1,1,,0.003265,0.791462,0.205274,,84000,,
1,1,,0.266562,0.732134,0.001304,,84200,,
1,1,,0.109486,0.889399,0.001115,,86100,,
1,1,,0.110058,0.889332,0.00061,,85200,,
1,1,,0.01562,0.980878,0.003502,,83400,,
1,1,,0.318634,0.681366,0,,85300,,
1,1,,0.237127,0.665204,0.097669,,84200,,
1,1,,0.08,0.8,0.12,,84100,,
1,1,,0.007546,0.990174,0.00228,,84500,,
1,1,,0.025791,0.965186,0.009023,,84100,,
1,1,,0.205821,0.793489,0.00069,,85200,,
1,1,,0.001039,0.896978,0.101983,,87400,,
1,1,,0.103459,0.880243,0.016297,,85400,,
1,1,,0.302805,0.697195,0,,85800,,
1,1,,0.119977,0.879413,0.00061,,86000,,
1,1,,0.000887,0.996709,0.002403,,83200,,
1,1,,0.004243,0.895147,0.10061,,84800,,
1,1,,0.00179,0.594567,0.403642,,85100,,
1,1,,0.006739,0.99125,0.002012,,85200,,
1,1,,0.221333,0.778085,0.000581,,85900,,
1,1,,0.275738,0.724262,0,,85500,,
1,1,,0.28228,0.616336,0.101384,,85300,,
1,0,,0.505784,0.494216,0,,88000,,
1,2,,0,0.21553,0.78447,,90900,,
1,1,,0.274726,0.725274,0,,86900,,
1,1,,0.022539,0.974459,0.003002,,83900,,
1,0,,0.591528,0.408472,0,,89400,,
1,1,,0.001031,0.632666,0.366303,,86600,,
1,1,,0.012317,0.986993,0.00069,,85000,,
1,1,,0.002974,0.996606,0.00042,,83700,,
1,1,,0.174918,0.711486,0.113596,,85300,,
1,1,,0.276935,0.723065,0,,86300,,
1,1,,0.018002,0.981998,0,,88900,,
1,1,,0.004932,0.990991,0.004077,,86000,,
1,0,,0.500561,0.499439,0,,118300,,
1,1,,0.105704,0.886793,0.007503,,84600,,
1,1,,0.468595,0.531405,0,,85800,,
1,1,,0.004094,0.992932,0.002974,,85200,,
1,1,,0.01127,0.988149,0.000581,,86000,,
1,1,,0.398089,0.601673,0.000238,,85100,,
1,1,,0.300141,0.699859,0,,85500,,
1,1,,0.009779,0.990221,0,,85100,,
1,1,,0.007562,0.886193,0.106245,,86700,,
1,1,,0.112584,0.887416,0,,84900,,
1,1,,0.072312,0.923213,0.004475,,83400,,
1,2,,0.091443,0.415661,0.492896,,89100,,
1,1,,0.182087,0.70166,0.116254,,85700,,
1,1,,0.002417,0.747034,0.25055,,85800,,
1,1,,0.001377,0.851484,0.147139,,86200,,
1,1,,0.219148,0.779037,0.001815,,85300,,
1,1,,0.00346,0.766644,0.229896,,85300,,
1,1,,0.101031,0.683888,0.215081,,83600,,
1,1,,0.109723,0.890277,0,,86200,,
1,1,,0.109972,0.890028,0,,83300,,
1,1,,0.02,0.789313,0.190687,,86300,,
1,1,,0.113427,0.886573,0,,89300,,
1,2,,0,0.271892,0.728108,,88700,,
1,1,,0.102668,0.89675,0.000581,,88000,,
1,1,,0.282704,0.717296,0,,87900,,
1,1,,0.491667,0.508333,0,,87200,,
1,1,,0.277974,0.721416,0.00061,,84600,,
1,1,,0.388889,0.611111,0,,89100,,
1,1,,0.402368,0.597632,0,,85500,,
1,1,,0.173777,0.826223,0,,84500,,
1,0,,0.667576,0.332424,0,,86600,,
1,1,,0,0.67433,0.32567,,86100,,
1,1,,0.0031,0.993774,0.003126,,86600,,
1,1,,0.013847,0.982731,0.003422,,84700,,
1,1,,0.331255,0.668745,0,,88600,,
1,1,,0.000467,0.790631,0.208902,,87100,,
1,1,,0.081127,0.918873,0,,85700,,
1,1,,0.098285,0.901133,0.000581,,85100,,
1,1,,0.107143,0.892276,0.000581,,86100,,
1,1,,0.000957,0.771425,0.227618,,86600,,
1,1,,0.292687,0.707313,0,,85800,,
1,1,,0.006003,0.991869,0.002128,,82900,,
1,1,,0.111111,0.888889,0,,87200,,
1,2,,0.101925,0.168173,0.729902,,86100,,
1,1,,0.104443,0.895137,0.00042,,82900,,
1,1,,0.008411,0.991008,0.000581,,84700,,
1,1,,0.003218,0.925103,0.071679,,87500,,
1,1,,0.40443,0.59557,0,,90100,,
1,1,,0.001424,0.879914,0.118661,,85800,,
1,2,,0,0.377143,0.622857,,84400,,
1,1,,0.481566,0.518434,0,,86400,,
1,0,,0.880659,0.119103,0.000238,,86200,,
1,1,,0.328846,0.671154,0,,84500,,
1,1,,0.399412,0.59931,0.001278,,85900,,
1,1,,0.000957,0.883695,0.115348,,85200,,
1,1,,0.014128,0.983458,0.002414,,82800,,
1,1,,0.00042,0.875512,0.124068,,85600,,
1,1,,0.3128,0.6872,0,,86200,,
1,2,,0.099829,0.007944,0.892227,,86600,,
1,1,,0.009627,0.986493,0.00388,,83200,,
1,2,,0.001986,0.107607,0.890406,,87100,,
1,2,,0.000885,0.079417,0.919699,,86600,,
1,1,,0.3122,0.6878,0,,85500,,
1,1,,0.026667,0.895391,0.077943,,83200,,
1,1,,0.144554,0.855446,0,,84600,,
1,1,,0.000957,0.895401,0.103642,,85300,,
1,1,,0.20638,0.79362,0,,85100,,
1,1,,0,0.628234,0.371766,,85000,,
1,1,,0.108143,0.778277,0.11358,,83300,,
1,1,,0.200467,0.794131,0.005402,,95300,,
1,1,,0,0.594444,0.405556,,101100,,
1,1,,0.000992,0.552572,0.446437,,98400,,
1,2,,0.001136,0.448937,0.549927,,89600,,
1,1,,0.004448,0.992959,0.002593,,84500,,
1,1,,0.204304,0.697607,0.098089,,83400,,
1,1,,0.116447,0.883553,0,,84000,,
1,2,,0.10186,0.385773,0.512367,,86000,,
1,1,,0.001528,0.782893,0.215579,,84600,,
1,1,,0.001443,0.754291,0.244266,,83500,,
1,1,,0.009556,0.98872,0.001724,,83900,,
1,1,,0.005447,0.986078,0.008476,,85300,,
1,1,,0.102551,0.791384,0.106066,,86200,,
1,1,,0.004796,0.990829,0.004376,,83000,,
1,1,,0.382217,0.617783,0,,85600,,
1,1,,0.003633,0.995785,0.000581,,85200,,
1,1,,0.30292,0.69666,0.00042,,85200,,
1,1,,0.026809,0.972081,0.00111,,83100,,
1,1,,0.391667,0.605556,0.002778,,87100,,
1,1,,0.019947,0.980053,0,,84300,,
1,0,,0.499918,0.397846,0.102237,,85700,,
1,1,,0.495247,0.504753,0,,86800,,
1,1,,0.015316,0.586275,0.39841,,84800,,
1,1,,0.015119,0.656409,0.328472,,87600,,
1,0,,0.634236,0.365764,0,,86300,,
1,1,,0.001641,0.914932,0.083427,,84100,,
1,1,,0.463939,0.536061,0,,84700,,
1,1,,0.382942,0.615159,0.001899,,86400,,
1,1,,0.107174,0.884234,0.008592,,85900,,
1,1,,0.307936,0.68909,0.002974,,83900,,
1,1,,0.005993,0.99041,0.003597,,83300,,
1,1,,0.001351,0.890315,0.108333,,84400,,
1,1,,0.462345,0.537655,0,,93000,,
1,1,,0.008187,0.889998,0.101815,,84400,,
1,1,,0.001377,0.89198,0.106643,,84100,,
1,1,,0.001528,0.781721,0.21675,,90100,,
1,1,,0.122917,0.877083,0,,89000,,
1,1,,0.001961,0.996848,0.001191,,85800,,
1,1,,0.000571,0.533922,0.465506,,84400,,
1,1,,0.026907,0.972673,0.00042,,82800,,
1,1,,0.005174,0.887282,0.107544,,82800,,
1,1,,0.005262,0.99142,0.003319,,83500,,
1,1,,0.209447,0.790553,0,,85500,,
1,1,,0.001961,0.996153,0.001886,,83300,,
1,1,,0.210436,0.789564,0,,94900,,
1,1,,0,0.697419,0.302581,,90700,,
1,1,,0.006788,0.991129,0.002083,,90900,,
1,1,,0.390899,0.609101,0,,89100,,
1,0,,0.507052,0.492948,0,,86400,,
1,1,,0.109313,0.889992,0.000694,,84700,,
1,1,,0.218673,0.781327,0,,87700,,
1,1,,0.002133,0.796181,0.201687,,85900,,
1,1,,0.00061,0.827419,0.171971,,87900,,
1,1,,0.012342,0.986453,0.001205,,88400,,
1,1,,0.030839,0.969161,0,,86600,,
1,1,,0.000885,0.549818,0.449297,,88700,,
1,1,,0.000467,0.692575,0.306957,,86100,,
1,1,,0.002015,0.996681,0.001304,,85800,,
1,1,,0,0.715972,0.284028,,87300,,
1,1,,0.000957,0.852345,0.146698,,87300,,
1,1,,0.002728,0.894459,0.102813,,85900,,
1,1,,0.484426,0.514879,0.000694,,86100,,
1,2,,0,0.496853,0.503147,,88400,,
1,1,,0.313688,0.686312,0,,85700,,
1,1,,0.016121,0.983185,0.000694,,86000,,
1,1,,0.011684,0.987706,0.00061,,86600,,
1,1,,0.111999,0.886796,0.001205,,85700,,
1,1,,0.016786,0.981118,0.002096,,85400,,
1,1,,0.001835,0.789783,0.208383,,85500,,
1,1,,0.201031,0.798969,0,,88500,,
1,0,,0.508514,0.491486,0,,88200,,
1,1,,0.002332,0.818258,0.17941,,85800,,
1,1,,0.214066,0.785934,0,,86100,,
1,1,,0,0.794443,0.205557,,86800,,
1,1,,0.106336,0.779272,0.114392,,85900,,
1,1,,0.004297,0.92591,0.069793,,83900,,
1,1,,0.001887,0.997532,0.000581,,88100,,
1,0,,0.953603,0.046397,0,,87600,,
1,1,,0.004025,0.989121,0.006854,,83100,,
1,1,,0.105451,0.893358,0.001191,,85200,,
1,1,,0.105356,0.893949,0.000694,,86700,,
1,1,,0.007246,0.986335,0.006419,,94600,,
1,1,,0.0028,0.993285,0.003915,,85800,,
1,1,,0.104151,0.89314,0.002709,,86100,,
1,1,,0.304899,0.695101,0,,92300,,
1,1,,0.001528,0.774635,0.223836,,101200,,
1,1,,0.005351,0.791164,0.203485,,97000,,
1,1,,0.188519,0.811481,0,,98100,,
1,1,,0.189714,0.809015,0.001271,,94900,,
1,1,,0.10069,0.654195,0.245115,,96000,,
1,1,,0.336887,0.663113,0,,95700,,
1,2,,0,0.202083,0.797917,,100500,,
1,1,,0.004259,0.99121,0.004531,,95200,,
1,2,,0,0.232941,0.767059,,89100,,
1,1,,0.049236,0.950764,0,,87000,,
1,1,,0.399545,0.59476,0.005694,,87600,,
1,1,,0.001497,0.89349,0.105012,,86600,,
1,1,,0.101181,0.793519,0.105299,,88300,,
1,1,,0.243981,0.75541,0.00061,,87300,,
1,1,,0.002416,0.992788,0.004796,,83300,,
1,1,,0.357261,0.642739,0,,85500,,
1,1,,0.000467,0.895353,0.10418,,85100,,
1,1,,0.135348,0.862088,0.002564,,83300,,
1,1,,0,0.995454,0.004546,,110700,,
1,1,,0.00384,0.892518,0.103642,,85200,,
1,1,,0.106272,0.887662,0.006066,,83800,,
1,1,,0.109526,0.890474,0,,85400,,
1,1,,0.030576,0.969424,0,,86300,,
1,1,,0.301923,0.698077,0,,84000,,
1,0,,0.735893,0.263349,0.000758,,84200,,
1,1,,0.096156,0.801945,0.101899,,85700,,
1,0,,0.568595,0.431405,0,,104500,,
1,1,,0.19859,0.80141,0,,99400,,
1,1,,0.20625,0.79375,0,,97900,,
1,1,,0.194158,0.522249,0.283593,,94300,,
1,1,,0.191124,0.708266,0.10061,,85900,,
1,1,,0.401705,0.598295,0,,84800,,
1,1,,0.30625,0.69375,0,,86400,,
1,1,,0.001602,0.99235,0.006048,,83700,,
1,1,,0.011201,0.986984,0.001815,,84400,,
2,2,,0.100617,0.11,0.789383,,88400,,
2,2,,0.235892,0,0.764108,,95300,,
2,2,,0.401054,0,0.598946,,91400,,
2,0,,0.79534,0.000476,0.204184,,88200,,
2,2,,0,0.384837,0.615163,,87500,,
2,2,,0.005948,0.10567,0.888381,,87100,,
2,2,,0.160359,0,0.839641,,89600,,
2,2,,0.012122,0.014056,0.973822,,87000,,
2,2,,0.004117,0.002093,0.99379,,88600,,
2,2,,0.216272,0.001607,0.782121,,86300,,
2,2,,0.227286,0,0.772714,,87400,,
2,2,,0.003281,0.003192,0.993527,,84800,,
2,2,,0.135897,0.000485,0.863618,,84800,,
2,2,,0.117481,0.000485,0.882034,,85300,,
2,1,,0,0.545238,0.454762,,89100,,
2,2,,0.00085,0.117972,0.881178,,85800,,
2,2,,0.002417,0.104296,0.893287,,88700,,
2,2,,0.407528,0.00303,0.589442,,86000,,
2,0,,0.504071,0.000366,0.495562,,87300,,
2,2,,0.007694,0.005556,0.986751,,85600,,
2,2,,0.003651,0.008174,0.988175,,84700,,
2,2,,0.001352,0.101424,0.897223,,84300,,
2,2,,0.00085,0.110658,0.888492,,85900,,
2,2,,0.00129,0.116,0.882709,,83900,,
2,2,,0.138794,0.00207,0.859136,,84900,,
2,2,,0.246283,0,0.753717,,86000,,
2,1,,0,0.691288,0.308712,,87200,,
2,0,,0.517275,0,0.482725,,87200,,
2,2,,0.0024,0.209131,0.788468,,85400,,
2,2,,0.118163,0.001504,0.880333,,84300,,
2,2,,0.001136,0.310935,0.687929,,86300,,
2,2,,0.110238,0.003192,0.88657,,83100,,
2,0,,0.596838,0,0.403162,,85700,,
2,2,,0,0.005389,0.994611,,84500,,
2,2,,0.167948,0.001335,0.830717,,85300,,
2,2,,0.35345,0,0.64655,,86900,,
2,2,,0.000431,0.00303,0.996539,,84000,,
2,2,,0.105375,0.003411,0.891214,,86900,,
2,2,,0.110081,0.00085,0.88907,,91400,,
2,2,,0.041471,0,0.958529,,85400,,
2,2,,0,0.48875,0.51125,,93400,,
2,2,,0.006481,0.003192,0.990327,,84500,,
2,2,,0.00405,0.002891,0.993059,,85800,,
2,2,,0.116615,0.000485,0.8829,,83800,,
2,2,,0.261916,0,0.738084,,86700,,
2,2,,0.002021,0.008225,0.989754,,83300,,
2,2,,0.43125,0,0.56875,,85100,,
2,2,,0.1,0.299032,0.600968,,83800,,
2,2,,0,0.366965,0.633035,,85900,,
2,2,,0.002145,0.002434,0.995421,,83800,,
2,2,,0.10444,0.287839,0.607721,,84100,,
2,2,,0.154725,0,0.845275,,87200,,
2,2,,0.295,0,0.705,,109500,,
2,2,,0.002556,0.102091,0.895353,,89400,,
2,2,,0.136163,0,0.863837,,84400,,
2,1,,0.006667,0.799419,0.193915,,85600,,
2,2,,0.104545,0.288435,0.60702,,83600,,
2,2,,0.005571,0.001335,0.993093,,82000,,
2,2,,0.317136,0,0.682864,,87100,,
2,2,,0.004796,0.006204,0.989,,83700,,
2,2,,0.006456,0.005251,0.988293,,82500,,
2,2,,0.006148,0.203158,0.790694,,85100,,
2,2,,0.168234,0.21553,0.616236,,83700,,
2,2,,0.100995,0.018312,0.880694,,85200,,
2,2,,0.004421,0.005979,0.9896,,84000,,
2,2,,0.199804,0,0.800196,,84800,,
2,2,,0.092008,0.000485,0.907506,,83300,,
2,2,,0.003312,0.003846,0.992843,,85700,,
2,2,,0.000885,0.052312,0.946803,,85200,,
2,2,,0.20139,0,0.79861,,86500,,
2,2,,0.031148,0.007627,0.961225,,94200,,
2,1,,0.000571,0.557131,0.442298,,109700,,
2,2,,0,0.423427,0.576573,,110700,,
2,2,,0.016872,0.002659,0.980468,,111500,,
2,2,,0.191667,0,0.808333,,124500,,
2,2,,0.002021,0.003632,0.994347,,109000,,
2,2,,0.001075,0.201075,0.797849,,107200,,
2,2,,0.405558,0.003648,0.590794,,106000,,
2,2,,0.110067,0,0.889933,,105800,,
2,2,,0.260994,0,0.739006,,100200,,
2,2,,0.20041,0.000699,0.798891,,93000,,
2,2,,0.240556,0,0.759444,,110400,,
2,2,,0,0.109627,0.890373,,100000,,
2,2,,0.382284,0,0.617716,,112500,,
2,2,,0.100458,0.101504,0.798038,,101800,,
2,1,,0.002134,0.601287,0.396579,,102100,,
2,0,,0.694936,0,0.305064,,100900,,
2,2,,0,0.105788,0.894212,,98800,,
2,2,,0.391139,0,0.608861,,94500,,
2,2,,0.400907,0,0.599093,,90600,,
2,2,,0.223322,0,0.776678,,94800,,
2,2,,0.2,0.103711,0.696289,,92300,,
2,2,,0,0.170144,0.829856,,91500,,
2,2,,0.180719,0,0.819281,,90100,,
2,2,,0.217288,0.000885,0.781827,,95700,,
2,2,,0,0.107143,0.892857,,95800,,
2,2,,0.002021,0.343562,0.654417,,87500,,
2,2,,0.223399,0.006732,0.769869,,87600,,
2,2,,0.006188,0.090973,0.902839,,85400,,
2,1,,0.00085,0.595329,0.403821,,86500,,
2,2,,0.096885,0.105195,0.79792,,85300,,
2,2,,0.00496,0.001607,0.993433,,83600,,
2,2,,0,0.113596,0.886404,,86100,,
2,2,,0.00771,0.002434,0.989856,,83300,,
2,2,,0.207392,0.006009,0.786599,,83400,,
2,0,,0.722733,0,0.277267,,90700,,
2,2,,0.00129,0.308476,0.690233,,85400,,
2,1,,0,0.546525,0.453475,,86800,,
2,2,,0.011015,0,0.988985,,87100,,
2,2,,0.002605,0.199036,0.798359,,85800,,
2,2,,0.140763,0.401603,0.457634,,85600,,
2,2,,0.393755,0,0.606245,,85900,,
2,2,,0.336424,0,0.663576,,86100,,
2,2,,0.002021,0.197551,0.800428,,85300,,
2,0,,0.50038,0.00085,0.49877,,86300,,
2,0,,0.584387,0,0.415613,,88600,,
2,1,,0,0.573206,0.426794,,87900,,
2,2,,0.329757,0,0.670243,,86200,,
2,0,,0.602165,0,0.397835,,84600,,
2,2,,0.000617,0.303125,0.696258,,88900,,
2,2,,0.025991,0,0.974009,,86000,,
2,2,,0.101567,0.102747,0.795686,,84200,,
2,2,,0.002175,0.006118,0.991706,,84500,,
2,2,,0,0.304126,0.695874,,83900,,
2,2,,0.000885,0.131519,0.867596,,83600,,
2,2,,0.008535,0.001607,0.989858,,82900,,
2,2,,0.004322,0.005673,0.990006,,83000,,
2,2,,0.258501,0.000885,0.740614,,83200,,
2,2,,0.09,0.288757,0.621243,,87100,,
2,2,,0.136997,0,0.863003,,86400,,
2,2,,0.033967,0,0.966033,,85500,,
2,2,,0.084238,0.001335,0.914427,,83000,,
2,2,,0.001136,0.300758,0.698106,,85400,,
2,2,,0.402417,0,0.597583,,86400,,
2,2,,0.002021,0.011541,0.986437,,84700,,
2,2,,0.279519,0,0.720481,,85500,,
2,2,,0.001136,0.002961,0.995903,,83400,,
2,2,,0.123978,0,0.876022,,85300,,
2,0,,0.624107,0,0.375893,,85800,,
2,2,,0,0.097235,0.902765,,84200,,
2,0,,0.524107,0,0.475893,,85700,,
2,0,,0.699301,0,0.300699,,85000,,
2,2,,0.096173,0.014606,0.889221,,84400,,
2,2,,0,0.439419,0.560581,,88700,,
2,2,,0.002335,0.31085,0.686815,,85600,,
2,2,,0.09641,0.29375,0.60984,,84300,,
2,2,,0.120879,0.004366,0.874756,,88600,,
2,0,,0.522024,0,0.477976,,102200,,
2,2,,0.306207,0.001607,0.692186,,101000,,
2,2,,0.227957,0,0.772043,,102100,,
2,2,,0.328814,0,0.671186,,90800,,
2,2,,0.300345,0.007636,0.692019,,95000,,
2,2,,0.42703,0,0.57297,,89800,,
2,2,,0.102542,0.001333,0.896124,,84700,,
2,2,,0.494208,0,0.505792,,84600,,
2,2,,0.11379,0.00085,0.88536,,86600,,
2,2,,0.125377,0.002041,0.872582,,85300,,
2,2,,0.144784,0,0.855216,,86200,,
2,2,,0.002871,0.004901,0.992228,,84100,,
2,2,,0.000617,0.218713,0.780669,,85500,,
2,2,,0.029369,0.001335,0.969296,,83700,,
2,2,,0.004454,0.001607,0.993938,,83800,,
2,2,,0.316545,0,0.683455,,89100,,
2,2,,0.036985,0.011869,0.951147,,83800,,
2,2,,0.200408,0.311116,0.488476,,84900,,
2,2,,0.000467,0.387186,0.612346,,86400,,
2,2,,0.304167,0,0.695833,,86700,,
2,2,,0.013826,0.000758,0.985416,,83700,,
2,2,,0,0.007273,0.992727,,85900,,
2,2,,0.179775,0,0.820225,,84200,,
2,1,,0.002083,0.734492,0.263425,,86200,,
2,2,,0.420352,0.005882,0.573766,,86500,,
2,2,,0.000885,0.103916,0.895199,,83800,,
2,1,,0.000957,0.864541,0.134502,,85300,,
2,2,,0.020559,0.001243,0.978198,,85400,,
2,2,,0.021735,0.00664,0.971625,,83200,,
2,2,,0.001027,0.004073,0.9949,,84600,,
2,2,,0.409921,0,0.590079,,86500,,
2,2,,0.110111,0.004549,0.88534,,86000,,
2,2,,0.037315,0,0.962685,,86600,,
2,2,,0.397528,0.1,0.502472,,83400,,
2,0,,0.980909,0,0.019091,,86700,,
2,2,,0.488641,0.009102,0.502257,,86200,,
2,2,,0.110235,0.001504,0.888261,,88100,,
2,0,,0.522008,0,0.477992,,92800,,
2,2,,0.194859,0.00303,0.802111,,92700,,
2,1,,0.008649,0.497615,0.493736,,92100,,
2,2,,0.217163,0.002273,0.780564,,87300,,
2,2,,0.102871,0.003192,0.893937,,84600,,
2,2,,0.43481,0,0.56519,,85800,,
2,2,,0.103911,0.002093,0.893996,,84900,,
2,2,,0.003031,0.003846,0.993123,,86100,,
2,2,,0.340943,0,0.659057,,89300,,
2,2,,0.00042,0.35956,0.64002,,89200,,
2,1,,0.001988,0.986234,0.011779,,86700,,
2,2,,0.203192,0,0.796808,,84800,,
2,0,,0.666667,0,0.333333,,89600,,
2,2,,0.001754,0.103337,0.89491,,87500,,
2,2,,0.116977,0.000485,0.882538,,87600,,
2,2,,0.000617,0.412631,0.586752,,87600,,
2,1,,0.000957,0.612901,0.386142,,87500,,
2,2,,0.11632,0.00303,0.88065,,84800,,
2,2,,0.112091,0,0.887909,,85200,,
2,2,,0.286887,0,0.713113,,88200,,
2,2,,0,0.007536,0.992464,,84200,,
2,2,,0.30992,0,0.69008,,85800,,
2,2,,0.266598,0,0.733402,,86500,,
2,0,,0.551062,0,0.448938,,86800,,
2,2,,0.306742,0,0.693258,,87500,,
2,2,,0.303213,0,0.696787,,87300,,
2,2,,0.222606,0,0.777394,,85000,,
2,2,,0.013714,0.00137,0.984915,,83100,,
2,2,,0.103721,0.005929,0.89035,,83300,,
2,2,,0.107408,0.022434,0.870158,,84900,,
2,2,,0.011302,0.008175,0.980523,,83400,,
2,2,,0.009948,0.003192,0.986861,,84000,,
2,2,,0.012456,0.00588,0.981664,,83300,,
2,2,,0.01488,0.003545,0.981575,,83700,,
2,2,,0.227998,0,0.772002,,84300,,
2,2,,0.135248,0.001335,0.863417,,83900,,
2,2,,0.13703,0,0.86297,,87600,,
2,2,,0.002021,0.204768,0.793211,,86200,,
2,2,,0.361479,0,0.638521,,86600,,
2,2,,0.10943,0,0.89057,,85600,,
2,2,,0.00129,0.232413,0.766297,,85200,,
2,2,,0.014286,0.289932,0.695782,,86800,,
2,2,,0.186479,0,0.813521,,94800,,
2,2,,0.02,0.486966,0.493034,,98700,,
2,2,,0.00085,0.304276,0.694874,,91300,,
2,2,,0.220112,0,0.779888,,91600,,
2,2,,0.407117,0,0.592883,,89600,,
2,2,,0.00041,0.126185,0.873405,,94500,,
2,2,,0.001136,0.028699,0.970165,,98200,,
2,2,,0.099387,0.305214,0.5954,,96000,,
2,2,,0,0.250696,0.749304,,90300,,
2,2,,0.10367,0.102093,0.794237,,86500,,
2,2,,0,0.242865,0.757135,,85500,,
2,2,,0.392566,0.008124,0.59931,,85700,,
2,2,,0.32781,0,0.67219,,86800,,
2,2,,0.10041,0.196263,0.703327,,86000,,
2,0,,0.503061,0.000758,0.496181,,85600,,
2,2,,0.00338,0.005999,0.990621,,84600,,
2,2,,0.118715,0,0.881285,,88900,,
2,2,,0,0.2,0.8,,88900,,
2,0,,0.537243,0,0.462757,,90800,,
2,2,,0.424387,0,0.575613,,91400,,
2,2,,0.496296,0,0.503704,,89400,,
2,2,,0.104545,0.012723,0.882731,,86900,,
2,2,,0.097571,0.106182,0.796247,,84000,,
2,2,,0.001136,0.008062,0.990801,,87900,,
2,2,,0.024186,0,0.975814,,87600,,
2,2,,0.309969,0,0.690031,,85500,,
2,2,,0.382701,0.003516,0.613784,,84300,,
2,2,,0.021668,0.00085,0.977482,,84300,,
2,2,,0.101515,0.208881,0.689604,,87800,,
2,2,,0.018064,0.007164,0.974772,,83700,,
2,2,,0.004935,0.00222,0.992845,,83900,,
2,2,,0.102685,0.319015,0.5783,,88200,,
2,2,,0.182321,0,0.817679,,88400,,
2,2,,0.332817,0.002041,0.665142,,84900,,
2,2,,0.414348,0,0.585652,,85800,,
2,0,,0.600522,0.000366,0.399112,,84200,,
2,2,,0.132752,0,0.867248,,84300,,
2,2,,0.316667,0,0.683333,,90200,,
2,2,,0.375296,0,0.624704,,90000,,
2,2,,0.008401,0.00292,0.988679,,86400,,
2,2,,0.49875,0,0.50125,,90500,,
2,2,,0.394935,0,0.605065,,85700,,
2,2,,0.39895,0,0.60105,,85900,,
2,2,,0.031908,0.00137,0.966721,,84300,,
2,2,,0.496742,0,0.503258,,84800,,
2,2,,0.486667,0,0.513333,,85500,,
2,0,,0.623866,0.002941,0.373193,,85800,,
2,2,,0.120363,0,0.879637,,84400,,
2,2,,0.002146,0.308142,0.689712,,88000,,
2,2,,0.011614,0.019858,0.968527,,86600,,
2,2,,0.102595,0.001833,0.895573,,88400,,
2,2,,0.101908,0.001504,0.896589,,94000,,
2,2,,0.001048,0.107239,0.891713,,87500,,
2,2,,0.000885,0.021222,0.977893,,90100,,
2,2,,0.116054,0,0.883946,,86900,,
2,1,,0,0.604762,0.395238,,86700,,
2,2,,0.000885,0.295664,0.703451,,87200,,
2,2,,0.002604,0.007906,0.989491,,85400,,
2,1,,0.000957,0.641889,0.357154,,88500,,
2,1,,0.000467,0.593964,0.405569,,84700,,
2,2,,0.001898,0.005979,0.992123,,84400,,
2,2,,0.396296,0.002041,0.601663,,85900,,
2,2,,0.019208,0,0.980792,,88400,,
2,2,,0.200992,0,0.799008,,86300,,
2,2,,0.017457,0.009699,0.972844,,83500,,
2,2,,0.19981,0.001607,0.798583,,85800,,
2,2,,0.361996,0.000885,0.637119,,87500,,
2,2,,0.345075,0,0.654925,,88000,,
2,2,,0.207853,0,0.792147,,86700,,
2,2,,0.120177,0,0.879823,,87500,,
2,2,,0.008843,0.002093,0.989064,,95100,,
2,2,,0.387622,0.006313,0.606064,,99700,,
2,1,,0.020992,0.865591,0.113417,,104200,,
2,2,,0.004571,0.01169,0.983739,,100100,,
2,2,,0.201087,0.188569,0.610344,,101900,,
2,2,,0.202583,0.00085,0.796567,,95600,,
2,2,,0.107654,0.001607,0.890738,,95800,,
2,1,,0.001305,0.641127,0.357568,,99300,,
2,2,,0,0.459785,0.540215,,97300,,
2,0,,0.50206,0,0.49794,,107600,,
2,2,,0.307924,0,0.692076,,100900,,
2,2,,0.373983,0,0.626017,,98100,,
2,2,,0.003552,0.003516,0.992932,,97600,,
2,0,,0.528501,0,0.471499,,105600,,
2,2,,0.422537,0,0.577463,,102900,,
2,1,,0.002174,0.49956,0.498267,,102800,,
2,2,,0.011528,0.003192,0.98528,,95100,,
2,2,,0.116773,0,0.883227,,94100,,
2,0,,0.623951,0,0.376049,,93500,,
2,2,,0.00462,0.300159,0.695222,,91900,,
2,0,,0.603763,0,0.396237,,88500,,
2,2,,0.084298,0.000758,0.914944,,87900,,
2,1,,0.001447,0.500663,0.497889,,87500,,
2,2,,0.1,0.108226,0.791774,,87600,,
2,2,,0.001281,0.003791,0.994928,,134800,,
2,2,,0.400718,0.00085,0.598433,,92700,,
2,2,,0.003302,0.005061,0.991637,,88400,,
2,2,,0.106127,0.014779,0.879094,,84500,,
2,2,,0.110202,0.003146,0.886652,,83600,,
2,2,,0.117519,0,0.882481,,84600,,
2,2,,0.185776,0,0.814224,,86000,,
2,2,,0.285901,0,0.714099,,85500,,
2,1,,0.000885,0.586055,0.41306,,88100,,
2,2,,0.407035,0.001299,0.591667,,86500,,
2,2,,0.002396,0.007774,0.98983,,85700,,