waveform-noise,Rotf,test,2,NANOSECONDS,PREDICTIONS, Generated by ClassifierExperiments.java on 2022-05-17 03:17:00.    SYSTEMPROPERTIES:{user.name:matth,os.arch:amd64,os.name:Windows 10},ENDSYSTEMPROPERTIES
No parameter info
0.8301698301698301,4361129000,89535400,-1,37639032,3,,-1,-1
0,0,,0.98744,0.009357,0.003203,,267800,,
0,0,,0.790439,0.209299,0.000262,,112000,,
0,1,,0.301765,0.698235,0,,107000,,
0,1,,0.495942,0.504058,0,,107300,,
0,0,,0.991604,0.003195,0.0052,,105400,,
0,0,,0.691875,0.305768,0.002357,,105500,,
0,0,,0.791553,0.01035,0.198097,,103900,,
0,0,,0.521738,0.478262,0,,104500,,
0,0,,0.893086,0.106653,0.000262,,101300,,
0,0,,0.609287,0.025,0.365713,,109700,,
0,0,,0.704857,0.285038,0.010105,,160000,,
0,2,,0.215785,0,0.784215,,117000,,
0,1,,0.499333,0.500341,0.000326,,111900,,
0,0,,0.541512,0.005,0.453488,,132700,,
0,0,,0.715511,0.284227,0.000262,,119100,,
0,2,,0.475535,0.001313,0.523153,,111600,,
0,0,,0.703618,0.001003,0.295379,,106500,,
0,0,,0.990819,0.000744,0.008437,,105400,,
0,0,,0.792089,0.207911,0,,107000,,
0,2,,0.366982,0,0.633018,,104700,,
0,1,,0.388701,0.611299,0,,107300,,
0,0,,0.813959,0.183768,0.002273,,101600,,
0,0,,0.737075,0.262925,0,,104800,,
0,0,,0.892301,0.068621,0.039078,,93000,,
0,0,,0.693299,0.001145,0.305556,,87900,,
0,0,,0.988023,0.010645,0.001332,,84500,,
0,0,,0.888929,0.004844,0.106227,,85900,,
0,0,,0.988282,0.008331,0.003387,,85400,,
0,2,,0.317871,0,0.682129,,89000,,
0,0,,0.693034,0,0.306966,,89800,,
0,0,,0.57963,0,0.42037,,89800,,
0,1,,0.411847,0.588153,0,,91400,,
0,0,,0.658094,0.307828,0.034078,,86300,,
0,0,,0.98866,0.007507,0.003833,,86400,,
0,0,,0.767031,0.231712,0.001257,,91100,,
0,0,,0.992603,0.006109,0.001288,,91300,,
0,0,,0.610539,0.389461,0,,89000,,
0,2,,0.477717,0.001716,0.520566,,93600,,
0,0,,0.579954,0,0.420046,,89700,,
0,0,,0.989242,0.009239,0.001519,,88000,,
0,0,,0.98942,0.005813,0.004767,,99600,,
0,1,,0.324856,0.675144,0,,95200,,
0,1,,0.41,0.59,0,,90000,,
0,0,,0.703078,0.296922,0,,86800,,
0,0,,0.599697,0.400303,0,,88600,,
0,0,,0.991659,0.007502,0.000839,,83000,,
0,0,,0.806887,0.193113,0,,89400,,
0,2,,0.260894,0,0.739106,,89300,,
0,0,,0.886145,0.0066,0.107255,,87600,,
0,0,,0.89268,0.102439,0.004881,,87900,,
0,0,,0.799996,0.003529,0.196475,,86000,,
0,0,,0.515578,0,0.484422,,89300,,
0,0,,0.82619,0.17381,0,,89700,,
0,0,,0.9901,0.005954,0.003945,,83700,,
0,2,,0.220289,0.000858,0.778852,,85500,,
0,0,,0.810719,0.00217,0.18711,,84500,,
0,0,,0.989155,0.009,0.001845,,83400,,
0,1,,0.111568,0.888202,0.00023,,85900,,
0,0,,0.973278,0.00394,0.022782,,82700,,
0,1,,0.305869,0.694131,0,,88000,,
0,0,,0.993662,0.004065,0.002273,,83400,,
0,0,,0.787032,0.016596,0.196373,,84300,,
0,1,,0.486667,0.513333,0,,86100,,
0,0,,0.709005,0,0.290995,,91700,,
0,0,,0.891464,0.106953,0.001583,,92400,,
0,0,,0.878441,0.11478,0.006779,,85800,,
0,0,,0.988648,0.01002,0.001332,,83200,,
0,0,,0.989263,0.006326,0.004411,,83700,,
0,0,,0.510061,0,0.489939,,86000,,
0,0,,0.885868,0.113326,0.000805,,83700,,
0,2,,0.420578,0,0.579422,,87500,,
0,0,,0.702981,0.297019,0,,85300,,
0,0,,0.60507,0.39493,0,,88300,,
0,1,,0.347802,0.618132,0.034066,,85600,,
0,2,,0.376474,0,0.623526,,87300,,
0,2,,0.245661,0,0.754339,,88800,,
0,0,,0.81399,0.105813,0.080197,,87400,,
0,0,,0.589904,0.410096,0,,90400,,
0,1,,0.475542,0.524458,0,,92800,,
0,2,,0.39,0,0.61,,95600,,
0,1,,0.277201,0.722799,0,,89600,,
0,0,,0.586608,0.413131,0.000262,,91400,,
0,0,,0.793753,0.205985,0.000262,,90900,,
0,0,,0.986612,0.000513,0.012876,,89100,,
0,2,,0.395533,0,0.604467,,91200,,
0,0,,0.919275,0.080725,0,,90900,,
0,0,,0.510354,0,0.489646,,93700,,
0,0,,0.98811,0.010884,0.001006,,88300,,
0,0,,0.986116,0.004871,0.009013,,96200,,
0,0,,0.992324,0.004453,0.003223,,97800,,
0,2,,0.014527,0.001071,0.984402,,107100,,
0,0,,0.915993,0.002625,0.081382,,100000,,
0,2,,0.392286,0,0.607714,,98000,,
0,0,,0.79805,0.001145,0.200805,,94300,,
0,0,,0.987823,0.008572,0.003605,,88000,,
0,0,,0.652718,0.001596,0.345686,,89800,,
0,0,,0.89531,0.104102,0.000588,,89000,,
0,0,,0.987154,0.009014,0.003832,,83900,,
0,0,,0.626329,0.373409,0.000262,,89000,,
0,2,,0.382531,0,0.617469,,86600,,
0,0,,0.985915,0.014085,0,,87600,,
0,0,,0.991705,0.004212,0.004083,,85000,,
0,1,,0.497964,0.501775,0.000262,,86500,,
0,0,,0.995073,0.00364,0.001288,,84800,,
0,0,,0.895431,0.100654,0.003914,,85600,,
0,0,,0.992766,0.003848,0.003387,,88900,,
0,2,,0.427632,0,0.572368,,86900,,
0,0,,0.988394,0.008002,0.003605,,85000,,
0,0,,0.545321,0.453946,0.000733,,90300,,
0,2,,0.163039,0.00073,0.836231,,86500,,
0,0,,0.992695,0.006717,0.000588,,83900,,
0,2,,0.395118,0,0.604882,,87300,,
0,1,,0.482602,0.517137,0.000262,,89700,,
0,0,,0.599172,0.20943,0.191398,,84600,,
0,0,,0.512969,0,0.487031,,88800,,
0,0,,0.798829,0.000455,0.200717,,87100,,
0,0,,0.990978,0.003362,0.005659,,84300,,
0,2,,0.371373,0,0.628627,,89200,,
0,1,,0.4,0.6,0,,97800,,
0,2,,0.331849,0.000571,0.66758,,91400,,
0,0,,0.98307,0.004993,0.011938,,87400,,
0,1,,0.417222,0.582778,0,,89000,,
0,0,,0.987424,0.009297,0.003279,,83600,,
0,0,,0.764318,0.235682,0,,87200,,
0,0,,0.504068,0.050744,0.445188,,86100,,
0,0,,0.898314,0.100941,0.000744,,85800,,
0,1,,0.407848,0.59142,0.000733,,86800,,
0,1,,0.105195,0.891357,0.003448,,87000,,
0,0,,0.988501,0.005987,0.005512,,82200,,
0,2,,0.434737,0,0.565263,,86300,,
0,0,,0.895659,0.005413,0.098928,,85200,,
0,0,,0.987231,0.00707,0.005699,,84400,,
0,0,,0.990863,0.005533,0.003605,,84400,,
0,0,,0.812105,0.000575,0.187321,,85700,,
0,1,,0.198052,0.801948,0,,88300,,
0,0,,0.988719,0.005475,0.005807,,83000,,
0,1,,0.215515,0.783553,0.000932,,86100,,
0,0,,0.966172,0.033566,0.000262,,86600,,
0,1,,0.321696,0.674227,0.004077,,91000,,
0,2,,0.324268,0,0.675732,,86100,,
0,0,,0.99252,0.005897,0.001583,,83600,,
0,0,,0.78939,0.207407,0.003203,,86500,,
0,0,,0.989396,0.009085,0.001519,,88300,,
0,0,,0.695037,0.304701,0.000262,,88400,,
0,0,,0.99093,0.004871,0.004198,,84100,,
0,0,,0.876307,0,0.123693,,86900,,
0,0,,0.676804,0,0.323196,,86300,,
0,0,,0.725445,0.274293,0.000262,,90900,,
0,2,,0.498071,0.000513,0.501416,,87000,,
0,1,,0.376667,0.623333,0,,87500,,
0,0,,0.890534,0.00394,0.105527,,94900,,
0,1,,0.205961,0.794039,0,,98500,,
0,2,,0.227872,0,0.772128,,96200,,
0,1,,0.291857,0.708143,0,,100800,,
0,0,,0.985619,0.00394,0.010441,,94900,,
0,2,,0.357771,0,0.642229,,102200,,
0,0,,0.897583,0.000744,0.101673,,94900,,
0,1,,0.469894,0.52978,0.000326,,98200,,
0,0,,0.894567,0.105433,0,,92900,,
0,0,,0.994995,0.00106,0.003944,,86200,,
0,0,,0.989512,0.0099,0.000588,,86200,,
0,0,,0.987532,0.007282,0.005186,,83600,,
0,0,,0.774742,0.000744,0.224513,,89200,,
0,0,,0.889606,0.109555,0.000839,,87600,,
0,0,,0.993087,0.004787,0.002126,,100900,,
0,0,,0.890577,0.103875,0.005548,,98500,,
0,0,,0.990382,0.008548,0.00107,,129400,,
0,0,,0.894751,0.06986,0.035388,,107200,,
0,0,,0.989699,0.010301,0,,101200,,
0,0,,0.886737,0.004962,0.108302,,94200,,
0,0,,0.985729,0.009944,0.004328,,92700,,
0,0,,0.782252,0.001029,0.216719,,95400,,
0,0,,0.621917,0.377821,0.000262,,94100,,
0,1,,0.424678,0.57506,0.000262,,95200,,
0,0,,0.794578,0,0.205422,,95200,,
0,0,,0.878024,0.121976,0,,95300,,
0,0,,0.54561,0,0.45439,,93700,,
0,0,,0.991472,0.005322,0.003206,,84800,,
0,0,,0.826166,0.001889,0.171945,,87700,,
0,0,,0.989214,0.007257,0.003529,,86000,,
0,0,,0.649366,0.001145,0.349489,,86800,,
0,0,,0.987774,0.00707,0.005155,,85400,,
0,2,,0.214668,0,0.785332,,91900,,
0,0,,0.903135,0.09326,0.003605,,83700,,
0,0,,0.536742,0,0.463258,,87900,,
0,0,,0.990992,0.007489,0.001519,,84600,,
0,0,,0.987931,0.006558,0.005512,,85600,,
0,0,,0.98207,0.014359,0.003571,,87500,,
0,0,,0.886815,0.006344,0.106841,,84500,,
0,2,,0.144834,0,0.855166,,89000,,
0,0,,0.670533,0.329205,0.000262,,86700,,
0,2,,0.122616,0,0.877384,,87300,,
0,0,,0.606559,0.393441,0,,89800,,
0,0,,0.757246,0,0.242754,,88700,,
0,0,,0.989483,0.007982,0.002535,,84700,,
0,0,,0.528391,0.471609,0,,88800,,
0,0,,0.991686,0.001257,0.007056,,84800,,
0,1,,0.018883,0.981117,0,,97100,,
0,0,,0.988851,0.000967,0.010182,,89000,,
0,0,,0.991555,0.004741,0.003704,,84600,,
0,0,,0.992681,0.001319,0.006,,83800,,
0,0,,0.694583,0.305417,0,,89400,,
0,0,,0.990035,0.009704,0.000262,,85200,,
0,0,,0.987725,0.008002,0.004273,,84600,,
0,2,,0.475317,0,0.524683,,86700,,
0,0,,0.98907,0.009085,0.001845,,84900,,
0,0,,0.971251,0.002618,0.026131,,85400,,
0,0,,0.990301,0.002857,0.006842,,84400,,
0,0,,0.986668,0.0095,0.003832,,86300,,
0,0,,0.989054,0.002344,0.008602,,84500,,
0,0,,0.69568,0.001145,0.303175,,87000,,
0,0,,0.697969,0.00073,0.301301,,90000,,
0,0,,0.69059,0.30941,0,,88400,,
0,1,,0.416738,0.583262,0,,86500,,
0,1,,0.403165,0.595414,0.001421,,86000,,
0,0,,0.894425,0.105575,0,,87600,,
0,2,,0.432102,0,0.567898,,86500,,
0,0,,0.504113,0.495887,0,,87500,,
0,0,,0.596618,0.399776,0.003606,,88000,,
0,0,,0.889721,0.00707,0.103208,,88400,,
0,2,,0.466253,0.013147,0.520601,,86300,,
0,0,,0.988173,0.005314,0.006513,,84200,,
0,1,,0.465909,0.534091,0,,88100,,
0,0,,0.51367,0.48633,0,,87900,,
0,0,,0.885252,0.114486,0.000262,,91000,,
0,0,,0.642034,0.357966,0,,88400,,
0,0,,0.580357,0.419643,0,,87700,,
0,2,,0.321771,0,0.678229,,86500,,
0,0,,0.992678,0.005154,0.002169,,86000,,
0,0,,0.557155,0.442845,0,,89500,,
0,0,,0.602181,0.397557,0.000262,,92600,,
0,0,,0.990679,0.000513,0.008808,,91200,,
0,0,,0.885519,0.076212,0.038268,,91700,,
0,0,,0.864663,0.135337,0,,88700,,
0,0,,0.77212,0.227618,0.000262,,85500,,
0,0,,0.79216,0.207578,0.000262,,88000,,
0,0,,0.956626,0.043374,0,,85800,,
0,0,,0.506215,0.493052,0.000733,,91000,,
0,0,,0.988669,0.008532,0.002799,,84200,,
0,0,,0.989154,0.009297,0.00155,,85200,,
0,0,,0.989526,0.004962,0.005512,,83500,,
0,0,,0.892103,0.005728,0.102169,,84800,,
0,0,,0.983911,0.013555,0.002535,,86500,,
0,0,,0.595288,0.404712,0,,101600,,
0,0,,0.77375,0.22625,0,,101700,,
0,0,,0.820234,0.179766,0,,89200,,
0,0,,0.700245,0.299493,0.000262,,87300,,
0,2,,0.080938,0,0.919062,,89700,,
0,0,,0.888997,0.110197,0.000805,,85500,,
0,0,,0.991238,0.0016,0.007163,,85200,,
0,0,,0.912628,0.086315,0.001056,,86000,,
0,2,,0.115302,0,0.884698,,88400,,
0,0,,0.60792,0,0.39208,,88800,,
0,0,,0.978862,0.018262,0.002875,,87900,,
0,0,,0.781298,0.21844,0.000262,,87300,,
0,0,,0.990187,0.008743,0.00107,,84200,,
0,0,,0.585609,0.41413,0.000262,,88000,,
0,0,,0.792014,0,0.207986,,85500,,
0,0,,0.987931,0.006558,0.005512,,86600,,
0,0,,0.945264,0.004425,0.050311,,85900,,
0,0,,0.988501,0.005475,0.006025,,84700,,
0,0,,0.893502,0.103557,0.002941,,89600,,
0,1,,0.121103,0.878164,0.000733,,98200,,
0,0,,0.694515,0.272152,0.033333,,98000,,
0,0,,0.612619,0.387381,0,,103500,,
0,1,,0.393144,0.606424,0.000433,,102500,,
0,0,,0.598112,0.401888,0,,97600,,
0,0,,0.710639,0.001596,0.287766,,99600,,
0,0,,0.793711,0.00205,0.204239,,99800,,
0,0,,0.989396,0.009085,0.001519,,99600,,
0,0,,0.909323,0.090415,0.000262,,89600,,
0,0,,0.609286,0.390714,0,,89000,,
0,0,,0.846602,0.001889,0.151508,,86400,,
0,1,,0.314408,0.685592,0,,89700,,
0,0,,0.698855,0.001145,0.3,,88800,,
0,0,,0.988265,0.003788,0.007947,,88800,,
0,0,,0.991378,0.007616,0.001006,,83300,,
0,2,,0.404636,0,0.595364,,86300,,
0,0,,0.989212,0.009782,0.001006,,82400,,
0,0,,0.801348,0.198652,0,,84900,,
0,0,,0.731401,0,0.268599,,90000,,
0,0,,0.987496,0.008975,0.003529,,85500,,
0,0,,0.52091,0.477613,0.001477,,85100,,
0,0,,0.554188,0.001145,0.444667,,92200,,
0,0,,0.578542,0.421458,0,,88300,,
0,0,,0.640907,0.250455,0.108639,,83400,,
0,0,,0.883591,0.115665,0.000744,,84900,,
0,1,,0.104147,0.89519,0.000663,,87800,,
0,0,,0.692837,0.003362,0.303801,,86700,,
0,1,,0.340056,0.659944,0,,85600,,
0,0,,0.798978,0,0.201022,,85100,,
0,0,,0.592222,0.374444,0.033333,,86500,,
0,1,,0.315115,0.684885,0,,87500,,
0,0,,0.593608,0.406392,0,,88900,,
0,2,,0.143529,0,0.856471,,88200,,
0,0,,0.889706,0.110294,0,,86400,,
0,0,,0.898855,0.001145,0.1,,87100,,
0,2,,0.475027,0,0.524973,,87400,,
0,0,,0.699457,0,0.300543,,87800,,
0,0,,0.892045,0.001319,0.106636,,84700,,
0,0,,0.778492,0.221508,0,,89200,,
0,0,,0.562857,0,0.437143,,87000,,
0,0,,0.899923,0.099007,0.00107,,85600,,
0,0,,0.886445,0.113293,0.000262,,85700,,
0,0,,0.602384,0.397355,0.000262,,88300,,
0,0,,0.648609,0.351391,0,,87800,,
0,0,,0.994388,0.003379,0.002233,,84800,,
0,1,,0.27803,0.72197,0,,87800,,
0,2,,0.405411,0.001491,0.593097,,85700,,
0,0,,0.703501,0.296499,0,,87400,,
0,0,,0.689867,0.309871,0.000262,,86600,,
0,0,,0.512206,0.001145,0.486649,,88100,,
0,0,,0.790633,0.209106,0.000262,,86200,,
0,0,,0.897241,0.102759,0,,85600,,
0,2,,0.372517,0,0.627483,,86500,,
0,0,,0.789122,0.206168,0.00471,,86300,,
0,0,,0.980254,0.002625,0.017121,,85900,,
0,0,,0.889457,0,0.110543,,85900,,
0,0,,0.894651,0.105087,0.000262,,86300,,
0,0,,0.701704,0.298034,0.000262,,87700,,
0,1,,0.372221,0.627517,0.000262,,85600,,
0,0,,0.82608,0.173658,0.000262,,93300,,
0,2,,0.406166,0.036786,0.557048,,94200,,
0,0,,0.528125,0,0.471875,,93400,,
0,0,,0.602998,0.396741,0.000262,,87400,,
0,0,,0.689561,0.310177,0.000262,,86600,,
0,0,,0.637574,0,0.362426,,86300,,
0,0,,0.588949,0.411051,0,,86300,,
0,0,,0.898429,0.100239,0.001332,,84400,,
0,0,,0.790864,0.209136,0,,84900,,
0,0,,0.991293,0.006538,0.002169,,83600,,
0,0,,0.814138,0.185862,0,,84700,,
0,0,,0.857649,0.142089,0.000262,,91500,,
0,0,,0.596797,0.403203,0,,93300,,
0,2,,0.407351,0.1,0.492649,,89900,,
0,0,,0.810417,0.186642,0.002941,,86300,,
0,0,,0.6875,0.3125,0,,88300,,
0,0,,0.79195,0.001145,0.206905,,98300,,
0,2,,0.223549,0,0.776451,,95500,,
1,1,,0.202689,0.79193,0.005381,,90800,,
1,1,,0,0.640882,0.359118,,91400,,
1,1,,0.103828,0.884277,0.011895,,93500,,
1,1,,0.004172,0.973388,0.02244,,95900,,
1,1,,0.209957,0.789813,0.00023,,126000,,
1,1,,0.006315,0.98728,0.006405,,91100,,
1,1,,0.113571,0.886429,0,,87500,,
1,1,,0.004311,0.991206,0.004483,,85600,,
1,1,,0.000629,0.567792,0.431579,,92100,,
1,0,,0.500238,0.498791,0.000971,,88100,,
1,0,,0.603484,0.396254,0.000262,,88700,,
1,1,,0.132317,0.867683,0,,87300,,
1,1,,0.012306,0.98521,0.002485,,85100,,
1,1,,0.008559,0.989308,0.002133,,85400,,
1,1,,0.375,0.625,0,,88400,,
1,1,,0,0.897235,0.102765,,89100,,
1,1,,0,0.715966,0.284034,,90400,,
1,1,,0.002834,0.977201,0.019965,,85100,,
1,1,,0.407602,0.591654,0.000744,,86800,,
1,1,,0,0.805159,0.194841,,87500,,
1,0,,0.508519,0.491481,0,,87500,,
1,1,,0.200572,0.797715,0.001713,,84700,,
1,1,,0.008303,0.989305,0.002392,,84600,,
1,1,,0.007079,0.988562,0.004359,,88700,,
1,1,,0.314286,0.685714,0,,88300,,
1,1,,0.005291,0.993241,0.001468,,82400,,
1,1,,0.005096,0.990925,0.003979,,82600,,
1,1,,0.30303,0.69697,0,,86700,,
1,1,,0.212141,0.787859,0,,84100,,
1,1,,0.008274,0.990265,0.001461,,82400,,
1,0,,0.793657,0.206343,0,,84000,,
1,1,,0.235458,0.764542,0,,85000,,
1,1,,0.003814,0.994109,0.002077,,83100,,
1,1,,0.206505,0.792532,0.000963,,83400,,
1,1,,0.008755,0.963607,0.027638,,85300,,
1,1,,0.003531,0.993146,0.003323,,84400,,
1,0,,0.773822,0.226178,0,,84200,,
1,1,,0.005978,0.993358,0.000663,,85100,,
1,1,,0.13887,0.860167,0.000963,,86100,,
1,1,,0.10595,0.892889,0.001161,,90200,,
1,1,,0.300483,0.698057,0.001461,,83700,,
1,1,,0.005096,0.981563,0.013341,,81100,,
1,1,,0.319121,0.680134,0.000744,,82900,,
1,1,,0.103901,0.893668,0.002431,,81400,,
1,1,,0,0.59152,0.40848,,83900,,
1,1,,0.205694,0.794306,0,,83200,,
1,1,,0.005515,0.891336,0.103149,,85400,,
1,2,,0,0.258586,0.741414,,85700,,
1,1,,0.001823,0.692107,0.30607,,82800,,
1,1,,0.298887,0.701113,0,,84300,,
1,2,,0.001382,0.317769,0.680849,,84600,,
1,2,,0,0.321137,0.678863,,85000,,
1,1,,0.005686,0.902433,0.091881,,83200,,
1,1,,0.108668,0.890033,0.001299,,85800,,
1,1,,0.002943,0.991707,0.00535,,82200,,
1,1,,0.045283,0.953984,0.000733,,87700,,
1,1,,0.125301,0.874699,0,,90700,,
1,1,,0,0.991968,0.008032,,84400,,
1,1,,0.006914,0.984556,0.00853,,83200,,
1,1,,0.499024,0.500976,0,,85500,,
1,1,,0.208368,0.786372,0.00526,,83400,,
1,1,,0.140191,0.856756,0.003053,,86000,,
1,1,,0.109798,0.88904,0.001162,,113500,,
1,1,,0.00119,0.689896,0.308913,,100700,,
1,1,,0.209209,0.789629,0.001162,,100500,,
1,1,,0.203544,0.79409,0.002367,,99200,,
1,1,,0.202439,0.797561,0,,98100,,
1,1,,0.004216,0.992475,0.003308,,97600,,
1,1,,0.11996,0.88004,0,,95900,,
1,1,,0.22481,0.773989,0.001201,,91100,,
1,0,,0.601927,0.39277,0.005304,,86500,,
1,1,,0.108191,0.891809,0,,84100,,
1,1,,0.048917,0.951083,0,,88100,,
1,1,,0.400042,0.599958,0,,87200,,
1,1,,0,0.534903,0.465097,,87600,,
1,1,,0.021698,0.976219,0.002083,,84100,,
1,1,,0.001382,0.985243,0.013375,,83700,,
1,2,,0,0.392451,0.607549,,87300,,
1,1,,0,0.698168,0.301832,,86200,,
1,1,,0.204203,0.794567,0.00123,,82000,,
1,1,,0.110645,0.889355,0,,84700,,
1,1,,0.006223,0.991377,0.0024,,81900,,
1,1,,0.333333,0.666667,0,,85300,,
1,1,,0,0.692497,0.307503,,82400,,
1,1,,0.004414,0.992421,0.003165,,88000,,
1,1,,0.293794,0.706206,0,,98600,,
1,1,,0.1093,0.888823,0.001877,,83500,,
1,1,,0.084564,0.911474,0.003961,,83800,,
1,1,,0.002047,0.997172,0.000781,,83100,,
1,1,,0.009653,0.591409,0.398938,,85100,,
1,1,,0.205969,0.794031,0,,83000,,
1,0,,0.705706,0.294032,0.000262,,85800,,
1,1,,0.303373,0.696627,0,,83900,,
1,1,,0.211249,0.788253,0.000498,,81300,,
1,1,,0.230943,0.769057,0,,84800,,
1,0,,0.715,0.28,0.005,,84900,,
1,1,,0.0173,0.774468,0.208233,,91400,,
1,1,,0.000733,0.993854,0.005414,,87200,,
1,1,,0.00119,0.975527,0.023283,,87800,,
1,1,,0,0.851748,0.148252,,88700,,
1,1,,0.027584,0.971683,0.000733,,87800,,
1,1,,0,0.64942,0.35058,,87100,,
1,1,,0.000633,0.682968,0.316399,,86200,,
1,1,,0.337179,0.662821,0,,86800,,
1,2,,0,0.197595,0.802405,,90300,,
1,1,,0.087927,0.800962,0.111111,,88700,,
1,1,,0.005852,0.983185,0.010963,,86000,,
1,0,,0.697917,0.302083,0,,89500,,
1,1,,0.000781,0.896967,0.102252,,86900,,
1,1,,0,0.609062,0.390938,,88400,,
1,1,,0.108266,0.891002,0.000733,,86400,,
1,1,,0.002122,0.972151,0.025727,,87300,,
1,1,,0.201471,0.59701,0.20152,,99900,,
1,1,,0.006902,0.985479,0.007618,,91800,,
1,1,,0.009075,0.986104,0.004821,,88400,,
1,1,,0.010324,0.98481,0.004866,,88500,,
1,1,,0.27678,0.72322,0,,93800,,
1,1,,0.000733,0.940788,0.058479,,93900,,
1,1,,0.200446,0.799554,0,,95400,,
1,0,,0.507391,0.492609,0,,90000,,
1,1,,0.00639,0.98826,0.00535,,84600,,
1,1,,0.304985,0.690849,0.004167,,84400,,
1,1,,0,0.901284,0.098716,,87200,,
1,1,,0.427202,0.572798,0,,85300,,
1,1,,0.005797,0.989448,0.004755,,82400,,
1,1,,0.015945,0.982893,0.001162,,82300,,
1,1,,0.003692,0.794863,0.201444,,84900,,
1,1,,0.318463,0.680804,0.000733,,87300,,
1,1,,0.002314,0.680491,0.317195,,84600,,
1,1,,0,0.697208,0.302792,,86100,,
1,1,,0.209103,0.787218,0.003679,,87600,,
1,1,,0.303333,0.696667,0,,84900,,
1,1,,0.100633,0.899367,0,,86000,,
1,1,,0.293803,0.706197,0,,85900,,
1,0,,0.605894,0.394106,0,,86400,,
1,1,,0.282252,0.716518,0.00123,,89500,,
1,1,,0.003918,0.992998,0.003084,,84700,,
1,1,,0.407018,0.592982,0,,86400,,
1,1,,0.001366,0.882755,0.115879,,82900,,
1,1,,0.004268,0.991952,0.00378,,82700,,
1,0,,0.514898,0.48484,0.000262,,97800,,
1,1,,0.277421,0.720984,0.001594,,103200,,
1,1,,0.003732,0.988353,0.007914,,91900,,
1,1,,0.311379,0.688391,0.00023,,93800,,
1,0,,0.792537,0.207201,0.000262,,88300,,
1,1,,0.287424,0.712576,0,,93200,,
1,1,,0.008105,0.984012,0.007883,,93000,,
1,1,,0.205824,0.793679,0.000498,,89100,,
1,1,,0.00835,0.990687,0.000963,,89500,,
1,1,,0.104817,0.593798,0.301384,,100300,,
1,1,,0.203373,0.795895,0.000733,,89900,,
1,1,,0.115193,0.882912,0.001895,,89300,,
1,1,,0.008532,0.988873,0.002595,,95600,,
1,1,,0.007344,0.989611,0.003045,,98500,,
1,1,,0.083966,0.677518,0.238515,,97700,,
1,1,,0.181292,0.818708,0,,92200,,
1,1,,0.002157,0.993898,0.003946,,103000,,
1,0,,0.733234,0.266766,0,,112700,,
1,1,,0.09635,0.902189,0.001461,,94400,,
1,1,,0.000781,0.874374,0.124844,,102200,,
1,1,,0.011047,0.98821,0.000743,,95300,,
1,2,,0.003333,0.403554,0.593113,,104100,,
1,1,,0.002149,0.989258,0.008593,,101200,,
1,1,,0.098753,0.795002,0.106245,,93200,,
1,1,,0.101366,0.895421,0.003214,,85900,,
1,0,,0.525937,0.474063,0,,89800,,
1,1,,0.004315,0.580815,0.414869,,86600,,
1,1,,0.000629,0.895845,0.103527,,87700,,
1,1,,0.000629,0.601734,0.397638,,88700,,
1,1,,0,0.501275,0.498725,,88400,,
1,1,,0.204454,0.78995,0.005595,,89700,,
1,1,,0.003576,0.986905,0.009519,,84000,,
1,1,,0.203326,0.795743,0.00093,,85800,,
1,1,,0.002748,0.992407,0.004845,,123200,,
1,2,,0.001328,0.258668,0.740004,,103400,,
1,1,,0.318651,0.681349,0,,89300,,
1,2,,0,0.481222,0.518778,,90600,,
1,1,,0.001565,0.784383,0.214053,,93200,,
1,1,,0.001382,0.700555,0.298063,,86300,,
1,1,,0.379821,0.619248,0.000932,,87200,,
1,1,,0.004213,0.986268,0.009519,,85000,,
1,1,,0.004795,0.988138,0.007067,,85000,,
1,1,,0.109542,0.889062,0.001396,,85700,,
1,1,,0,0.789987,0.210013,,87000,,
1,1,,0.005208,0.99406,0.000733,,86100,,
1,1,,0.00119,0.532978,0.465832,,82600,,
1,1,,0.009034,0.987037,0.003929,,84600,,
1,1,,0.008875,0.987433,0.003692,,82100,,
1,1,,0.106695,0.889291,0.004014,,84000,,
1,0,,0.597531,0.402469,0,,91100,,
1,1,,0.203244,0.796259,0.000498,,99100,,
1,0,,0.608239,0.391761,0,,87700,,
1,1,,0,0.984904,0.015096,,82500,,
1,1,,0.000633,0.802443,0.196924,,82100,,
1,1,,0.0051,0.98925,0.00565,,80900,,
1,1,,0.400864,0.599136,0,,87100,,
1,1,,0.101902,0.793861,0.104236,,81800,,
1,1,,0,0.784034,0.215966,,85200,,
1,1,,0.22627,0.77373,0,,85900,,
1,1,,0.012571,0.871836,0.115594,,81500,,
1,1,,0.235586,0.763184,0.00123,,83800,,
1,1,,0.102804,0.775344,0.121852,,81300,,
1,1,,0.286079,0.619949,0.093972,,82000,,
1,1,,0.120243,0.879757,0,,83900,,
1,1,,0.002149,0.791967,0.205884,,83600,,
1,1,,0,0.6025,0.3975,,83100,,
1,0,,0.557977,0.442023,0,,84700,,
1,1,,0.399255,0.575745,0.025,,85100,,
1,1,,0.007032,0.991572,0.001396,,81800,,
1,1,,0,0.584493,0.415507,,83000,,
1,1,,0.005199,0.984638,0.010163,,82000,,
1,1,,0.004045,0.685387,0.310568,,81700,,
1,1,,0.085591,0.914178,0.00023,,84500,,
1,1,,0.001514,0.897256,0.10123,,82500,,
1,1,,0,0.508771,0.491229,,88100,,
1,1,,0.027906,0.970096,0.001998,,87000,,
1,0,,0.67329,0.32671,0,,85500,,
1,2,,0.0005,0.205795,0.793705,,90700,,
1,1,,0.102947,0.792975,0.104078,,104600,,
1,1,,0.014583,0.595886,0.38953,,103700,,
1,1,,0.103531,0.521238,0.37523,,95400,,
1,1,,0.000733,0.663175,0.336092,,88000,,
1,1,,0.497612,0.502388,0,,87000,,
1,1,,0.006053,0.990001,0.003946,,85400,,
1,1,,0.105895,0.888021,0.006083,,93000,,
1,1,,0.024538,0.974828,0.000634,,92600,,
1,1,,0.207597,0.791471,0.000932,,91100,,
1,1,,0.005719,0.973768,0.020513,,88300,,
1,1,,0.13125,0.86875,0,,96800,,
1,1,,0.001923,0.771798,0.226279,,113600,,
1,1,,0.179068,0.820932,0,,110600,,
1,2,,0.003125,0.31672,0.680155,,109500,,
1,1,,0.21291,0.785928,0.001162,,102500,,
1,0,,0.532038,0.467031,0.000932,,96200,,
1,1,,0.200273,0.798213,0.001514,,87500,,
1,1,,0.000733,0.856704,0.142564,,87800,,
1,1,,0.005687,0.990259,0.004054,,85300,,
1,1,,0.004117,0.795795,0.200089,,92300,,
1,1,,0.013321,0.984771,0.001909,,88000,,
1,1,,0.004236,0.992453,0.003311,,84600,,
1,1,,0.003967,0.96623,0.029803,,88800,,
1,1,,0.214415,0.785585,0,,90600,,
1,1,,0.225733,0.772564,0.001703,,87900,,
1,1,,0.191078,0.808922,0,,86700,,
1,1,,0.002748,0.994388,0.002864,,84700,,
1,1,,0.000629,0.788924,0.210447,,85400,,
1,1,,0.001923,0.798816,0.199261,,85300,,
1,1,,0.217028,0.782742,0.00023,,88200,,
1,2,,0,0.49627,0.50373,,88600,,
1,1,,0.410057,0.589943,0,,86200,,
1,1,,0.000733,0.892654,0.106613,,84400,,
1,0,,0.603333,0.396667,0,,88500,,
1,1,,0,0.880984,0.119016,,86600,,
1,1,,0.00308,0.895494,0.101426,,83500,,
1,1,,0.094581,0.892003,0.013416,,84700,,
1,1,,0.106285,0.698318,0.195397,,84300,,
1,1,,0.475,0.524502,0.000498,,93200,,
1,1,,0.002594,0.996435,0.000971,,93700,,
1,1,,0.000629,0.997274,0.002097,,86100,,
1,1,,0.002195,0.878779,0.119025,,90500,,
1,1,,0.000733,0.673934,0.325334,,105500,,
1,1,,0.123877,0.876123,0,,97500,,
1,1,,0.001382,0.683557,0.315061,,101600,,
1,1,,0.295922,0.699152,0.004925,,98400,,
1,0,,0.604754,0.395246,0,,102400,,
1,1,,0.211049,0.787587,0.001365,,95000,,
1,1,,0.206963,0.791835,0.001201,,99800,,
1,1,,0.001664,0.992776,0.00556,,98400,,
1,1,,0.00119,0.569612,0.429198,,84600,,
1,1,,0,0.698204,0.301796,,86900,,
1,1,,0.217988,0.781782,0.00023,,89700,,
1,1,,0.105437,0.892306,0.002257,,86000,,
1,1,,0.007327,0.980924,0.011749,,92200,,
1,1,,0.009136,0.983456,0.007407,,99700,,
1,1,,0.006428,0.99151,0.002063,,91100,,
1,1,,0.021975,0.971543,0.006482,,84200,,
1,1,,0.298029,0.668637,0.033333,,87100,,
1,1,,0.300962,0.698777,0.000262,,84300,,
1,1,,0.007665,0.986151,0.006183,,84100,,
1,1,,0.11144,0.887832,0.000728,,85900,,
1,1,,0.101902,0.895233,0.002866,,82600,,
1,1,,0,0.693775,0.306225,,84600,,
1,1,,0.399966,0.579522,0.020513,,85600,,
1,0,,0.806378,0.19336,0.000262,,95100,,
1,1,,0.002314,0.843824,0.153862,,86500,,
1,1,,0.01105,0.968349,0.020601,,91600,,
1,1,,0.007255,0.987459,0.005286,,90400,,
1,0,,0.609167,0.390833,0,,86900,,
1,1,,0.000633,0.765631,0.233737,,87300,,
1,1,,0.275,0.725,0,,86400,,
1,1,,0.005153,0.784471,0.210376,,83200,,
1,1,,0.208159,0.791841,0,,83300,,
1,0,,0.560759,0.438508,0.000733,,84700,,
1,1,,0.003505,0.975171,0.021325,,84600,,
1,1,,0.001819,0.885942,0.112239,,105500,,
1,2,,0,0.387995,0.612005,,103800,,
1,1,,0.002314,0.968995,0.028691,,92200,,
1,1,,0.218648,0.780357,0.000994,,92600,,
1,1,,0.00435,0.986014,0.009636,,84900,,
1,1,,0,0.597009,0.402991,,89500,,
1,1,,0,0.673268,0.326732,,88600,,
1,2,,0.000633,0.492841,0.506526,,87900,,
1,1,,0.052015,0.946853,0.001131,,89400,,
1,1,,0.305383,0.693052,0.001565,,89400,,
1,1,,0,0.535735,0.464265,,93100,,
1,1,,0.336799,0.66297,0.00023,,96200,,
1,2,,0,0.420199,0.579801,,97400,,
1,1,,0.201493,0.798507,0,,97000,,
1,1,,0.000633,0.599367,0.4,,95200,,
1,2,,0,0.207719,0.792281,,86900,,
1,1,,0.19492,0.80508,0,,87100,,
1,1,,0.105907,0.888525,0.005569,,87000,,
1,1,,0.379304,0.619963,0.000733,,87800,,
1,0,,0.587562,0.412176,0.000262,,87000,,
1,1,,0.001823,0.987895,0.010281,,83600,,
1,1,,0.002153,0.994849,0.002998,,84200,,
1,1,,0.009218,0.785959,0.204823,,83700,,
1,1,,0.004849,0.99141,0.003741,,83400,,
1,1,,0.001713,0.793014,0.205273,,94700,,
1,1,,0.259716,0.740054,0.00023,,93800,,
1,1,,0,0.5,0.5,,90100,,
1,2,,0.025,0.185263,0.789737,,85700,,
1,1,,0.00119,0.695409,0.3034,,83900,,
1,2,,0,0.452659,0.547341,,84600,,
1,1,,0.325472,0.673784,0.000744,,84700,,
1,1,,0.199682,0.788615,0.011703,,83200,,
1,1,,0.001565,0.977696,0.020739,,83600,,
1,1,,0.013179,0.985077,0.001744,,83600,,
1,1,,0.004545,0.605507,0.389948,,84200,,
1,1,,0.002732,0.995969,0.001299,,84200,,
1,1,,0.208958,0.790812,0.00023,,84500,,
2,2,,0.4299,0,0.5701,,92000,,
2,2,,0.119415,0.001062,0.879524,,89400,,
2,2,,0.137949,0,0.862051,,85600,,
2,2,,0.005482,0.100154,0.894364,,86400,,
2,2,,0.001884,0.01065,0.987466,,85900,,
2,2,,0.433692,0,0.566308,,88900,,
2,2,,0.017378,0.00073,0.981893,,86600,,
2,2,,0.001384,0.301607,0.697009,,84500,,
2,0,,0.77774,0,0.22226,,92900,,
2,2,,0.002218,0.206062,0.791721,,90800,,
2,2,,0,0.385296,0.614704,,97000,,
2,2,,0.244219,0,0.755781,,94400,,
2,2,,0.4028,0.003981,0.593219,,84800,,
2,2,,0,0.34153,0.65847,,86600,,
2,0,,0.656093,0,0.343907,,85400,,
2,2,,0.217443,0,0.782557,,86700,,
2,2,,0.055575,0.25861,0.685816,,82900,,
2,2,,0.000385,0.446425,0.55319,,85500,,
2,2,,0.11347,0.001588,0.884942,,84800,,
2,2,,0.006651,0.005461,0.987887,,81800,,
2,2,,0.043639,0.001801,0.954559,,83300,,
2,2,,0.110047,0,0.889953,,105800,,
2,2,,0,0.389048,0.610952,,98200,,
2,2,,0.039705,0.003251,0.957044,,85400,,
2,2,,0.291215,0.000346,0.708438,,87400,,
2,2,,0.001972,0.104505,0.893523,,83800,,
2,2,,0.00725,0.015132,0.977618,,84700,,
2,2,,0.002149,0.024345,0.973506,,82800,,
2,2,,0,0.280617,0.719383,,84400,,
2,2,,0.000385,0.102308,0.897308,,85300,,
2,2,,0.019679,0.002078,0.978243,,84500,,
2,2,,0.109683,0.101887,0.788431,,86800,,
2,2,,0.004542,0.109245,0.886214,,84900,,
2,2,,0.213763,0,0.786237,,86900,,
2,2,,0.122777,0.005,0.872223,,84300,,
2,0,,0.50292,0.00073,0.49635,,84700,,
2,2,,0.004383,0.193996,0.801622,,82800,,
2,2,,0.009735,0.002078,0.988187,,86200,,
2,2,,0.000943,0.469645,0.529412,,87600,,
2,2,,0.294839,0,0.705161,,86100,,
2,2,,0.453561,0,0.546439,,89300,,
2,2,,0.207743,0,0.792257,,105400,,
2,2,,0.011283,0.103128,0.885589,,118300,,
2,0,,0.551648,0,0.448352,,110600,,
2,2,,0.007268,0.00174,0.990992,,94400,,
2,2,,0.291889,0.00049,0.70762,,90000,,
2,2,,0.00335,0.07115,0.9255,,88500,,
2,1,,0,0.576471,0.423529,,103900,,
2,1,,0,0.591204,0.408796,,96200,,
2,2,,0.255221,0.001449,0.74333,,90300,,
2,2,,0.00111,0.116686,0.882204,,89600,,
2,2,,0.175,0.107143,0.717857,,93500,,
2,2,,0.002447,0.29165,0.705903,,96200,,
2,2,,0.003511,0.004621,0.991868,,90000,,
2,2,,0.316796,0.09693,0.586275,,99300,,
2,2,,0.002781,0.217803,0.779416,,87400,,
2,2,,0.129089,0,0.870911,,87000,,
2,2,,0.269297,0.001588,0.729115,,85400,,
2,2,,0.214807,0.005444,0.779749,,88600,,
2,2,,0.316273,0.00572,0.678007,,86000,,
2,2,,0.001495,0.202308,0.796198,,84800,,
2,2,,0.191556,0.036515,0.771929,,83000,,
2,2,,0.346385,0.000571,0.653044,,90900,,
2,2,,0.004727,0.003379,0.991894,,83000,,
2,2,,0.10098,0.038875,0.860144,,81900,,
2,2,,0.109927,0.102654,0.78742,,85300,,
2,0,,0.522505,0,0.477495,,87500,,
2,2,,0.131886,0.00122,0.866894,,86100,,
2,2,,0.001115,0.394955,0.603931,,85900,,
2,2,,0.113113,0.006504,0.880383,,83600,,
2,2,,0.276381,0.002088,0.72153,,83900,,
2,1,,0,0.508706,0.491294,,86400,,
2,2,,0.160739,0,0.839261,,87200,,
2,2,,0.120106,0.00265,0.877244,,83100,,
2,2,,0.304169,0.003471,0.69236,,87400,,
2,2,,0.011588,0.002425,0.985988,,82300,,
2,2,,0.003304,0.211623,0.785073,,84000,,
2,2,,0.142071,0.007714,0.850215,,86400,,
2,2,,0,0.471769,0.528231,,84100,,
2,2,,0.115097,0.004839,0.880064,,81400,,
2,2,,0.390596,0,0.609404,,84000,,
2,1,,0,0.533333,0.466667,,88100,,
2,2,,0,0.429367,0.570633,,85400,,
2,0,,0.508126,0,0.491874,,85100,,
2,2,,0.227637,0.084409,0.687954,,84000,,
2,0,,0.60292,0.00073,0.39635,,86300,,
2,2,,0,0.300888,0.699112,,83100,,
2,2,,0.00788,0.004615,0.987505,,82700,,
2,2,,0.221629,0,0.778371,,83600,,
2,2,,0.146805,0.000346,0.852849,,84800,,
2,0,,0.586126,0.000858,0.413015,,84300,,
2,2,,0.271471,0,0.728529,,84600,,
2,0,,0.802533,0.000744,0.196722,,83900,,
2,2,,0.00292,0.192896,0.804184,,83900,,
2,2,,0.004383,0.090818,0.9048,,84200,,
2,2,,0.015927,0.002066,0.982007,,83300,,
2,2,,0.11674,0.099134,0.784126,,84700,,
2,2,,0.001769,0.103664,0.894567,,82800,,
2,1,,0.000629,0.792603,0.206768,,86000,,
2,2,,0,0.425655,0.574345,,85200,,
2,2,,0.005546,0.103955,0.890499,,84200,,
2,2,,0.013631,0.003737,0.982631,,84400,,
2,2,,0.017568,0.303556,0.678876,,83800,,
2,2,,0.013651,0.002879,0.98347,,84600,,
2,1,,0,0.641667,0.358333,,84700,,
2,2,,0.110398,0.002088,0.887513,,84200,,
2,2,,0.015075,0.002578,0.982347,,82400,,
2,2,,0.001495,0.204328,0.794177,,83600,,
2,2,,0.207807,0.006704,0.785488,,82900,,
2,2,,0.316814,0,0.683186,,86100,,
2,2,,0.016579,0.005078,0.978343,,84000,,
2,0,,0.521648,0,0.478352,,85300,,
2,2,,0.004637,0.004215,0.991148,,82400,,
2,2,,0.103304,0.011191,0.885505,,87200,,
2,2,,0,0.289879,0.710121,,85200,,
2,2,,0.014095,0.002996,0.982909,,82800,,
2,1,,0.205798,0.56381,0.230392,,85200,,
2,2,,0.052261,0,0.947739,,84500,,
2,1,,0,0.519219,0.480781,,84400,,
2,2,,0.001115,0.217143,0.781743,,84600,,
2,2,,0.0005,0.003726,0.995774,,85500,,
2,1,,0,0.618895,0.381105,,116500,,
2,2,,0.338258,0.199835,0.461907,,99900,,
2,2,,0.012586,0.120122,0.867292,,101400,,
2,2,,0.007354,0.001776,0.99087,,99500,,
2,2,,0.096497,0.004901,0.898603,,91100,,
2,2,,0.009942,0.001792,0.988267,,86600,,
2,2,,0.004123,0.105034,0.890844,,87200,,
2,2,,0.126833,0.000858,0.872309,,91600,,
2,1,,0.005265,0.535204,0.459531,,90100,,
2,2,,0.002781,0.087778,0.909441,,93400,,
2,2,,0.41396,0,0.58604,,95500,,
2,2,,0.22292,0.208325,0.568755,,89400,,
2,2,,0.414458,0,0.585542,,86800,,
2,2,,0.031741,0.00122,0.967039,,83500,,
2,2,,0,0.29,0.71,,90700,,
2,2,,0.091463,0.00049,0.908047,,89200,,
2,2,,0.036188,0.00122,0.962592,,91500,,
2,2,,0.012919,0.002078,0.985003,,90200,,
2,2,,0.009048,0.222484,0.768467,,88900,,
2,2,,0,0.465909,0.534091,,90400,,
2,2,,0.006065,0.404483,0.589452,,87000,,
2,2,,0.326928,0.001588,0.671483,,89500,,
2,1,,0,0.695121,0.304879,,93100,,
2,1,,0,0.694718,0.305282,,93500,,
2,0,,0.709444,0,0.290556,,94200,,
2,2,,0.394741,0,0.605259,,95000,,
2,2,,0.001328,0.173011,0.825661,,88000,,
2,2,,0.003126,0.005351,0.991523,,86900,,
2,2,,0.005105,0.004552,0.990343,,89600,,
2,0,,0.596296,0,0.403704,,106600,,
2,2,,0.214607,0,0.785393,,104900,,
2,2,,0.009978,0.002078,0.987944,,91400,,
2,2,,0.10625,0,0.89375,,106700,,
2,2,,0.249344,0,0.750656,,104700,,
2,2,,0.004619,0.008263,0.987118,,96200,,
2,2,,0.003333,0.308554,0.688113,,105700,,
2,1,,0.00292,0.664272,0.332809,,98600,,
2,2,,0.122522,0.00073,0.876748,,98200,,
2,2,,0.215233,0,0.784767,,97400,,
2,2,,0.001288,0.110191,0.888521,,98000,,
2,1,,0,0.880886,0.119114,,94100,,
2,2,,0.003685,0.301386,0.694929,,87400,,
2,2,,0.253606,0,0.746394,,84500,,
2,2,,0.218572,0.000858,0.78057,,85200,,
2,2,,0.29004,0.003167,0.706793,,87300,,
2,2,,0.004102,0.001908,0.993991,,86800,,
2,2,,0,0.108596,0.891404,,91600,,
2,2,,0.466596,0,0.533404,,88400,,
2,2,,0.405826,0.000346,0.593828,,84900,,
2,0,,0.711257,0,0.288743,,83400,,
2,2,,0.10602,0.00632,0.88766,,83000,,
2,2,,0.014118,0.001647,0.984235,,82600,,
2,2,,0,0.491146,0.508854,,84700,,
2,2,,0,0.396875,0.603125,,85500,,
2,2,,0.004002,0.385641,0.610357,,83500,,
2,2,,0.102149,0.277654,0.620197,,84300,,
2,2,,0.101923,0.324494,0.573583,,83600,,
2,1,,0.001852,0.585131,0.413017,,112100,,
2,2,,0.007929,0.003496,0.988575,,86300,,
2,2,,0.232702,0,0.767298,,85500,,
2,2,,0.003506,0.006165,0.990329,,82300,,
2,2,,0.113228,0.003896,0.882876,,84200,,
2,2,,0.009478,0.010045,0.980477,,82300,,
2,0,,0.796223,0,0.203777,,88400,,
2,2,,0,0.497279,0.502721,,86900,,
2,2,,0.029519,0.015394,0.955087,,82400,,
2,2,,0.136113,0,0.863887,,88700,,
2,2,,0.001742,0.007946,0.990312,,84200,,
2,0,,0.659524,0,0.340476,,85700,,
2,0,,0.623169,0,0.376831,,87000,,
2,0,,0.58,0,0.42,,84100,,
2,2,,0.30055,0.00123,0.69822,,81400,,
2,2,,0.003758,0.00143,0.994813,,82300,,
2,2,,0.001622,0.083869,0.914509,,82300,,
2,2,,0.318815,0,0.681185,,83500,,
2,2,,0.395467,0,0.604533,,83400,,
2,2,,0.003161,0.206348,0.79049,,104500,,
2,2,,0.132072,0.001704,0.866223,,107200,,
2,2,,0.116103,0.000571,0.883325,,96400,,
2,2,,0.003161,0.002005,0.994834,,97100,,
2,2,,0.490726,0,0.509274,,101500,,
2,1,,0,0.896789,0.103211,,93700,,
2,0,,0.641582,0.000455,0.357964,,90700,,
2,2,,0.097531,0.212732,0.689737,,87800,,
2,2,,0.312711,0,0.687289,,91400,,
2,2,,0.001769,0.103664,0.894567,,86600,,
2,2,,0.114371,0.004167,0.881462,,90000,,
2,2,,0.013257,0.005174,0.981569,,96600,,
2,2,,0.121839,0,0.878161,,98300,,
2,2,,0.001242,0.21363,0.785128,,96200,,
2,2,,0.233159,0.004657,0.762184,,99400,,
2,2,,0.008509,0.011204,0.980287,,93400,,
2,2,,0.009589,0.000571,0.98984,,84200,,
2,2,,0.312284,0,0.687716,,90500,,
2,2,,0.052941,0.35,0.597059,,88500,,
2,2,,0.002241,0.10951,0.888249,,84400,,
2,2,,0.194735,0.119693,0.685572,,90500,,
2,2,,0.011362,0.002425,0.986214,,84700,,
2,2,,0.004185,0.008231,0.987584,,85300,,
2,2,,0.00534,0.213917,0.780742,,84100,,
2,2,,0,0.31976,0.68024,,86300,,
2,2,,0.11223,0.00266,0.88511,,83600,,
2,2,,0.097595,0.011688,0.890718,,85400,,
2,2,,0.013826,0.001566,0.984608,,85700,,
2,2,,0,0.212473,0.787527,,88000,,
2,2,,0.00524,0.103889,0.890871,,84500,,
2,2,,0.479034,0,0.520966,,91300,,
2,2,,0.180062,0.002078,0.81786,,84600,,
2,2,,0.445714,0,0.554286,,86000,,
2,2,,0.105896,0.00073,0.893374,,84900,,
2,2,,0.013737,0.001336,0.984926,,84300,,
2,2,,0.211261,0.002308,0.786432,,86800,,
2,2,,0.003161,0.019682,0.977157,,91200,,
2,2,,0.010682,0.099619,0.889699,,90500,,
2,2,,0.009461,0.208524,0.782015,,93000,,
2,2,,0.009993,0.002015,0.987992,,84300,,
2,2,,0.005105,0.106178,0.888717,,83900,,
2,0,,0.551648,0,0.448352,,90200,,
2,2,,0.004519,0.008264,0.987217,,85700,,
2,2,,0.445279,0,0.554721,,87100,,
2,2,,0.013111,0.00049,0.986398,,82900,,
2,2,,0.349385,0,0.650615,,88900,,
2,2,,0.116533,0.000346,0.883121,,85900,,
2,2,,0.329726,0,0.670274,,84500,,
2,1,,0.014119,0.556774,0.429107,,86100,,
2,2,,0.412328,0,0.587672,,88300,,
2,2,,0,0.365751,0.634249,,87800,,
2,2,,0.003006,0.009256,0.987738,,83600,,
2,2,,0.364295,0,0.635705,,87100,,
2,2,,0.330137,0.00073,0.669133,,84200,,
2,2,,0.415637,0,0.584363,,86800,,
2,2,,0.48898,0,0.51102,,85700,,
2,2,,0.003304,0.005654,0.991042,,89100,,
2,2,,0.003125,0.4,0.596875,,84900,,
2,2,,0.279912,0.002532,0.717556,,83800,,
2,2,,0.112454,0.00216,0.885386,,85000,,
2,1,,0,0.595512,0.404488,,87400,,
2,2,,0.192773,0,0.807227,,86000,,
2,2,,0,0.28355,0.71645,,86000,,
2,2,,0.115802,0.006564,0.877633,,84000,,
2,2,,0.009076,0.101972,0.888952,,84300,,
2,2,,0,0.489239,0.510761,,88500,,
2,2,,0.005381,0.005174,0.989444,,86000,,
2,2,,0.415522,0.001145,0.583333,,85100,,
2,2,,0.102616,0.004348,0.893036,,94800,,
2,2,,0.424406,0.000571,0.575023,,97600,,
2,1,,0,0.500208,0.499792,,96400,,
2,2,,0.142026,0.002308,0.855667,,100800,,
2,2,,0.105883,0.003616,0.890501,,100900,,
2,2,,0.00292,0.007003,0.990077,,97700,,
2,2,,0.376838,0,0.623162,,97600,,
2,1,,0,0.679621,0.320379,,96300,,
2,2,,0.284821,0,0.715179,,93700,,
2,2,,0.009704,0.004394,0.985902,,86700,,
2,2,,0,0.310819,0.689181,,110200,,
2,2,,0.329519,0,0.670481,,108300,,
2,2,,0.005389,0.006099,0.988511,,104400,,
2,2,,0.00292,0.409821,0.587259,,93400,,
2,2,,0.194115,0,0.805885,,96300,,
2,2,,0.212353,0.00099,0.786656,,86500,,
2,2,,0.355904,0,0.644096,,94000,,
2,2,,0.276208,0,0.723792,,98300,,
2,2,,0.003125,0.373889,0.622986,,93700,,
2,2,,0.162784,0,0.837216,,94400,,
2,2,,0.001495,0.26855,0.729955,,92600,,
2,2,,0.354422,0,0.645578,,102200,,
2,2,,0.000385,0.010731,0.988884,,93600,,
2,1,,0,0.79652,0.20348,,87300,,
2,2,,0.001615,0.007311,0.991075,,85000,,
2,2,,0.085714,0.101449,0.812836,,88700,,
2,2,,0.076344,0,0.923656,,93600,,
2,2,,0,0.294359,0.705641,,83300,,
2,2,,0.010474,0.000571,0.988955,,84600,,
2,2,,0.000385,0.1106,0.889015,,84000,,
2,0,,0.532675,0,0.467325,,85500,,
2,2,,0.019026,0.004991,0.975982,,83200,,
2,2,,0.255312,0,0.744688,,84100,,
2,2,,0.176109,0,0.823891,,85600,,
2,1,,0.00152,0.754414,0.244066,,89600,,
2,2,,0.105341,0.103381,0.791279,,84100,,
2,2,,0.00098,0.014213,0.984806,,88100,,
2,2,,0.287876,0.009041,0.703084,,85900,,
2,2,,0.121591,0,0.878409,,84700,,
2,2,,0.269652,0,0.730348,,83700,,
2,2,,0.102218,0.316374,0.581408,,83500,,
2,0,,0.879304,0.001257,0.119439,,87100,,
2,2,,0.000385,0.208976,0.79064,,83900,,
2,0,,0.57588,0,0.42412,,86200,,
2,2,,0.002241,0.011758,0.986001,,84700,,
2,2,,0.00292,0.009619,0.987461,,84400,,
2,2,,0.029824,0,0.970176,,83700,,
2,0,,0.749762,0,0.250238,,88600,,
2,2,,0.003006,0.007573,0.989421,,85600,,
2,2,,0.163021,0.00049,0.836489,,84200,,
2,2,,0.293459,0.001243,0.705299,,82900,,
2,2,,0.403099,0.00073,0.596171,,83600,,
2,2,,0.134824,0.00917,0.856006,,83900,,
2,2,,0.004946,0.118468,0.876586,,85000,,
2,2,,0.215621,0.011188,0.773191,,82400,,
2,2,,0.203699,0.008183,0.788118,,84600,,
2,2,,0.025252,0.000917,0.97383,,84500,,
2,2,,0.221633,0.00073,0.777637,,84100,,
2,2,,0.0005,0.207736,0.791764,,83800,,
2,0,,0.524301,0.006398,0.469301,,85900,,
2,2,,0.237152,0,0.762848,,84600,,
2,2,,0.004332,0.002418,0.99325,,82500,,
2,2,,0.11271,0.001062,0.886228,,82000,,
2,2,,0.072047,0.003287,0.924666,,83800,,
2,2,,0.005134,0.171515,0.823351,,87400,,
2,2,,0.01565,0.002078,0.982272,,82300,,