chess-krvk,CWE,test,4,NANOSECONDS,PREDICTIONS, Generated by ClassifierExperiments.java on 2022-05-16 21:03:46.    SYSTEMPROPERTIES:{user.name:matth,os.arch:amd64,os.name:Windows 10},ENDSYSTEMPROPERTIES
No parameter info
0.2695729537366548,760924800,15944052600,-1,111812056,18,,-1,-1
0,2,,0.113696,0.114724,0.130711,0.037414,0.021781,0.008234,0.085266,0.121639,0.000649,0.04714,0.027034,0.00597,0.098384,0.083679,0.001898,0.099364,0.00225,0.00017,,3366000,,
0,15,,0.098691,0.057345,0.128453,0.036964,0.015695,0.003636,0.105005,0.064654,0.004006,0.026479,0.021035,0.004055,0.082814,0.145473,0.004051,0.182623,0.017244,0.001776,,3472300,,
0,6,,0.119367,0.046882,0.091825,0.086816,0.022094,0.012243,0.183346,0.050122,0.001895,0.023937,0.025167,0.022291,0.069677,0.130962,0.002259,0.107894,0.003014,0.000209,,3252900,,
0,6,,0.129705,0.044042,0.103279,0.070258,0.021314,0.008371,0.187786,0.051266,0.001176,0.018753,0.02389,0.005035,0.054061,0.144604,0.002409,0.127073,0.006738,0.000237,,2990200,,
0,6,,0.106103,0.018805,0.079794,0.191087,0.003991,0.00143,0.20792,0.022637,0.000158,0.009755,0.008152,0.071811,0.042347,0.140308,0.00011,0.093631,0.001892,0.000071,,3094300,,
0,13,,0.091168,0.056106,0.120051,0.021942,0.029405,0.014848,0.121375,0.073434,0.007276,0.032404,0.031465,0,0.092225,0.146794,0.003506,0.140402,0.013812,0.003787,,2986900,,
0,13,,0.114398,0.044463,0.102552,0.070977,0.013907,0.005239,0.150333,0.070401,0.002634,0.026342,0.017877,0.008103,0.073205,0.174019,0.000674,0.120605,0.003796,0.000475,,3055000,,
0,15,,0.113891,0.063649,0.109623,0.047904,0.016271,0.006581,0.11613,0.066679,0.004804,0.030888,0.022495,0.008456,0.076085,0.137102,0.005679,0.155531,0.016994,0.001237,,2978000,,
0,13,,0.120418,0.035616,0.094823,0.081167,0.008169,0.006738,0.164795,0.050123,0.002691,0.017321,0.01394,0.014746,0.071193,0.180582,0.001353,0.132435,0.003467,0.000424,,2936800,,
0,13,,0.118545,0.035338,0.084334,0.089629,0.007396,0.00435,0.179027,0.045541,0.002444,0.016747,0.013324,0.01459,0.062649,0.18243,0.000672,0.138913,0.003647,0.000425,,3077600,,
0,13,,0.115469,0.025776,0.081675,0.10771,0.006476,0.006555,0.182278,0.040357,0.002167,0.015283,0.012343,0.019655,0.063335,0.18943,0.001733,0.125722,0.003658,0.000378,,2962900,,
0,15,,0.114482,0.072943,0.126032,0.037414,0.030058,0.009469,0.087502,0.075547,0.00226,0.037916,0.032781,0.00597,0.087621,0.105604,0.004252,0.158385,0.011116,0.000648,,2987100,,
0,2,,0.106725,0.111228,0.135398,0.0271,0.019354,0.007964,0.089465,0.123306,0.000654,0.042701,0.024819,0.004106,0.103362,0.087405,0.001942,0.111819,0.00249,0.000161,,2973000,,
0,15,,0.105414,0.074671,0.126911,0.033042,0.019292,0.006725,0.093058,0.085406,0.004804,0.038735,0.028146,0.003965,0.081104,0.12206,0.005679,0.152756,0.016994,0.001237,,3009900,,
0,13,,0.102098,0.052862,0.112836,0.030198,0.018777,0.010218,0.143756,0.057063,0.002552,0.024916,0.025888,0.003016,0.077988,0.17647,0.002004,0.153315,0.005415,0.000627,,2973900,,
0,13,,0.099308,0.055005,0.115405,0.020936,0.028962,0.015702,0.13144,0.064393,0.002874,0.027245,0.033041,0.000075,0.072694,0.177395,0.004543,0.143386,0.006297,0.0013,,2991900,,
0,13,,0.097382,0.060327,0.119161,0.023379,0.029682,0.017054,0.102109,0.073231,0.008189,0.044313,0.038468,0.000264,0.082956,0.150297,0.00742,0.128971,0.01474,0.002057,,3015200,,
0,6,,0.104719,0.019522,0.068365,0.155501,0.003815,0.001431,0.257345,0.031796,0.000811,0.007818,0.005033,0.018454,0.046902,0.171511,0.00011,0.102301,0.004242,0.000322,,2929300,,
0,15,,0.104088,0.067274,0.125913,0.035412,0.020235,0.004155,0.097422,0.070822,0.005145,0.02813,0.022854,0.004055,0.084182,0.134881,0.004415,0.170844,0.019016,0.001155,,3024700,,
0,6,,0.10247,0.022593,0.074203,0.119263,0.012337,0.0056,0.235574,0.041581,0.000736,0.009092,0.010065,0.018005,0.057458,0.169231,0.002668,0.11465,0.003295,0.00118,,2965000,,
0,6,,0.102638,0.024235,0.077548,0.098355,0.013024,0.0056,0.242391,0.040154,0.000507,0.009435,0.009993,0.009718,0.060315,0.182442,0.002668,0.116676,0.003324,0.000978,,2851400,,
0,6,,0.095064,0.047477,0.079195,0.119828,0.01873,0.006923,0.217072,0.05425,0.00101,0.01572,0.024664,0.017941,0.065294,0.130341,0.001735,0.097993,0.006218,0.000545,,2842500,,
0,6,,0.107839,0.035582,0.084911,0.124706,0.006159,0.001408,0.213756,0.041518,0.003519,0.014719,0.007086,0.016153,0.051096,0.155187,0.001338,0.122037,0.012033,0.000953,,2809400,,
0,6,,0.118668,0.022885,0.071611,0.148714,0.005052,0.001684,0.220115,0.037188,0.000617,0.008284,0.009612,0.028035,0.048268,0.170303,0.00011,0.106389,0.002368,0.000098,,2904600,,
0,13,,0.096173,0.05486,0.10644,0.030094,0.019054,0.011605,0.121885,0.062878,0.009542,0.033828,0.020901,0.00055,0.087596,0.169514,0.005636,0.147098,0.019807,0.002537,,2844100,,
0,13,,0.0981,0.050687,0.109215,0.037152,0.028509,0.018465,0.128375,0.052118,0.002448,0.031025,0.032136,0.003236,0.06679,0.183924,0.007466,0.14348,0.006341,0.000535,,2851000,,
0,6,,0.092504,0.053636,0.105885,0.064909,0.032247,0.015693,0.154973,0.051896,0.004225,0.042962,0.033307,0.01056,0.068063,0.124896,0.005913,0.124646,0.012166,0.001518,,2885400,,
0,13,,0.083982,0.051778,0.125539,0.016554,0.028852,0.014705,0.125003,0.070484,0.00684,0.032769,0.031329,0,0.088303,0.155536,0.003489,0.14729,0.013795,0.003753,,2748900,,
0,6,,0.113754,0.032901,0.090684,0.110675,0.006833,0.004469,0.202011,0.037641,0.002608,0.016833,0.012447,0.023132,0.05703,0.157097,0.002863,0.117323,0.010799,0.000902,,2835900,,
0,7,,0.09441,0.117989,0.127445,0.021508,0.022799,0.007854,0.073403,0.149926,0.000654,0.051327,0.029965,0.00299,0.10087,0.085806,0.001942,0.10846,0.00249,0.000161,,2793300,,
0,13,,0.110241,0.031675,0.091281,0.075448,0.006591,0.004536,0.177674,0.048997,0.002132,0.016539,0.013424,0.007095,0.067983,0.193509,0.000684,0.147868,0.003899,0.000425,,2820800,,
0,7,,0.100112,0.1169,0.126487,0.026188,0.02402,0.007985,0.074882,0.151948,0.000344,0.058302,0.034226,0.000507,0.0999,0.082059,0.001865,0.091184,0.00236,0.00073,,2815900,,
0,13,,0.098205,0.051345,0.105833,0.046939,0.01966,0.010898,0.152854,0.051215,0.003245,0.021848,0.024073,0.003895,0.071472,0.184927,0.001941,0.14241,0.008327,0.000914,,2756600,,
0,6,,0.123375,0.041241,0.071015,0.101927,0.00586,0.001377,0.232969,0.036402,0.005016,0.0154,0.008611,0.006287,0.05146,0.173294,0.002891,0.109266,0.012519,0.00109,,2881800,,
0,6,,0.111655,0.046032,0.087156,0.09099,0.02023,0.008538,0.209882,0.045471,0.001566,0.018633,0.022036,0.009529,0.062777,0.14913,0.001529,0.107622,0.006679,0.000546,,2734900,,
0,15,,0.09068,0.069797,0.127972,0.024324,0.043029,0.017211,0.06877,0.083493,0.005136,0.051599,0.046186,0.003075,0.092216,0.096082,0.010695,0.149663,0.018464,0.001609,,2822200,,
0,6,,0.127759,0.036078,0.092632,0.120141,0.008248,0.00159,0.199666,0.041438,0.003472,0.01197,0.007341,0.010951,0.051195,0.14502,0.002514,0.124012,0.014889,0.001084,,2769300,,
0,13,,0.114772,0.047149,0.096296,0.053098,0.008703,0.00441,0.15599,0.050992,0.004888,0.021046,0.014408,0.005465,0.069135,0.190567,0.001798,0.148086,0.012023,0.001172,,2794200,,
0,13,,0.106207,0.042402,0.092212,0.068003,0.008968,0.005064,0.173891,0.045024,0.006017,0.015225,0.011326,0.003895,0.059224,0.196288,0.001858,0.148147,0.014833,0.001417,,2828300,,
0,13,,0.100044,0.062012,0.11591,0.02933,0.029717,0.016101,0.115202,0.072132,0.002925,0.027309,0.034473,0.00136,0.078,0.17031,0.005402,0.132309,0.006898,0.000568,,2751800,,
0,15,,0.105881,0.081166,0.135731,0.030374,0.034338,0.009556,0.069159,0.092497,0.00226,0.045146,0.038887,0.004311,0.090628,0.100043,0.004252,0.144007,0.011116,0.000648,,2799500,,
0,2,,0.105358,0.115354,0.138012,0.018823,0.019061,0.008211,0.083312,0.123745,0.000659,0.042177,0.025775,0.001661,0.107282,0.095636,0.001958,0.110011,0.002803,0.000161,,2772000,,
0,6,,0.121521,0.039218,0.074358,0.121946,0.00753,0.001416,0.202129,0.041604,0.003089,0.016944,0.009803,0.024169,0.049197,0.162146,0.001333,0.111352,0.011192,0.001053,,2773600,,
0,6,,0.104285,0.041275,0.078862,0.096351,0.013277,0.006721,0.192632,0.043547,0.003356,0.019686,0.013327,0.01211,0.054495,0.17625,0.006553,0.124711,0.011583,0.000979,,2821900,,
0,13,,0.10679,0.063846,0.115053,0.032091,0.024154,0.011712,0.110649,0.06931,0.00191,0.038522,0.03466,0.002701,0.074012,0.168185,0.003375,0.137766,0.004723,0.000541,,2789300,,
0,13,,0.102229,0.057072,0.098146,0.054593,0.019235,0.009208,0.148471,0.062752,0.002755,0.022338,0.02635,0.005705,0.076179,0.17273,0.002109,0.131979,0.007283,0.000865,,2835500,,
0,6,,0.104269,0.027685,0.070636,0.192641,0.005517,0.00073,0.214276,0.031133,0.00068,0.009252,0.009708,0.088196,0.04672,0.124097,0.000497,0.069544,0.004148,0.000271,,2783600,,
0,13,,0.098783,0.038301,0.102061,0.068906,0.008851,0.00471,0.153413,0.06205,0.002132,0.020026,0.016423,0.005812,0.071158,0.192526,0.000684,0.149843,0.003899,0.000425,,2768600,,
0,13,,0.107991,0.065831,0.114874,0.038434,0.02524,0.010366,0.110095,0.072528,0.002498,0.03783,0.032548,0.004311,0.074768,0.157916,0.001879,0.137619,0.004636,0.000636,,2828900,,
0,15,,0.102446,0.070656,0.123775,0.04695,0.026922,0.009969,0.095932,0.076154,0.002964,0.032516,0.032378,0.005986,0.085071,0.114819,0.004206,0.158054,0.010616,0.000585,,2770100,,
0,13,,0.125715,0.04989,0.111795,0.041297,0.022435,0.010671,0.117177,0.059508,0.002977,0.022567,0.025213,0.006651,0.064887,0.177106,0.002709,0.150673,0.008124,0.000604,,2805500,,
0,3,,0.127449,0.020749,0.072198,0.195131,0.005792,0.001379,0.181804,0.023701,0.000372,0.0106,0.007456,0.102337,0.043743,0.128447,0.000108,0.076881,0.001741,0.000112,,2800300,,
0,6,,0.12457,0.022346,0.064672,0.157204,0.004392,0.000992,0.236671,0.036506,0.001218,0.010849,0.004293,0.027103,0.047885,0.15671,0.000101,0.102331,0.002052,0.000105,,2768400,,
0,15,,0.09999,0.055552,0.118793,0.047837,0.016578,0.00654,0.112772,0.064051,0.00539,0.030943,0.020939,0.004643,0.078448,0.140571,0.005572,0.172895,0.017331,0.001157,,2787800,,
0,13,,0.112112,0.054793,0.102587,0.052092,0.019629,0.010185,0.139397,0.05975,0.002391,0.027416,0.026295,0.008381,0.082184,0.163972,0.00181,0.131523,0.00495,0.000533,,2722900,,
0,6,,0.110031,0.018666,0.068644,0.20201,0.005158,0.003475,0.213118,0.020347,0.000406,0.012328,0.005278,0.082839,0.036855,0.133371,0.001249,0.084789,0.001417,0.00002,,2801800,,
0,6,,0.106978,0.041766,0.09504,0.094513,0.020289,0.011438,0.194704,0.049631,0.001438,0.026303,0.023884,0.015522,0.060306,0.141134,0.002105,0.111555,0.003192,0.000202,,2738200,,
0,6,,0.116963,0.046027,0.096855,0.107499,0.019859,0.008151,0.181171,0.049035,0.000685,0.022522,0.024441,0.022023,0.070396,0.121423,0.00154,0.107852,0.003343,0.000213,,2743100,,
0,13,,0.126628,0.052282,0.111614,0.045269,0.021795,0.010635,0.126302,0.060822,0.002879,0.022324,0.024709,0.001945,0.069663,0.171007,0.002645,0.14155,0.007373,0.000557,,2886300,,
0,6,,0.107987,0.050329,0.097436,0.087655,0.024818,0.012896,0.183374,0.049957,0.001215,0.025822,0.028617,0.009448,0.062759,0.135105,0.006662,0.111036,0.004622,0.000263,,2765200,,
0,6,,0.111839,0.057386,0.098584,0.06772,0.013648,0.001735,0.181982,0.065922,0.00343,0.029172,0.014447,0.005085,0.060152,0.154526,0.001532,0.120226,0.011663,0.000952,,2862800,,
0,13,,0.110624,0.039788,0.100624,0.058987,0.008855,0.006632,0.155018,0.045753,0.003949,0.019296,0.017057,0.009162,0.07033,0.197816,0.00305,0.140098,0.011882,0.001079,,2966300,,
0,6,,0.112322,0.035942,0.075488,0.104578,0.006635,0.001713,0.230303,0.039114,0.00429,0.012147,0.006588,0.009529,0.054418,0.17163,0.001338,0.118436,0.014327,0.001203,,2923400,,
0,15,,0.105429,0.072874,0.138097,0.02911,0.028403,0.009685,0.086485,0.078161,0.002416,0.034605,0.034863,0.004055,0.098483,0.109276,0.004243,0.151598,0.011631,0.000585,,2942200,,
0,15,,0.103056,0.074745,0.128114,0.032904,0.02919,0.009519,0.094812,0.07132,0.002199,0.037545,0.033329,0.003905,0.090621,0.109453,0.004442,0.163107,0.01109,0.000648,,2771700,,
0,6,,0.10045,0.027851,0.086926,0.1385,0.006202,0.001463,0.18093,0.040595,0.000381,0.0137,0.010089,0.070356,0.053627,0.159227,0.000112,0.107125,0.00236,0.000105,,2894800,,
0,13,,0.106207,0.042402,0.092212,0.068003,0.008968,0.005064,0.173891,0.045024,0.006017,0.015225,0.011326,0.003895,0.059224,0.196288,0.001858,0.148147,0.014833,0.001417,,2777200,,
0,15,,0.09741,0.079322,0.134613,0.014865,0.039808,0.014695,0.064179,0.09044,0.00568,0.048008,0.04417,0.00055,0.103463,0.091797,0.009793,0.139706,0.019891,0.001609,,2875900,,
0,6,,0.101543,0.023428,0.067575,0.168642,0.003689,0.00148,0.253005,0.036426,0.000713,0.005867,0.007307,0.023954,0.047259,0.150969,0.000164,0.103014,0.004617,0.000349,,2809300,,
0,13,,0.101464,0.044683,0.083392,0.07871,0.00795,0.004215,0.178439,0.057997,0.005059,0.014293,0.012609,0.009104,0.071747,0.190852,0.002155,0.122756,0.013228,0.001349,,2803200,,
0,13,,0.114026,0.051702,0.11458,0.036042,0.019423,0.012997,0.122367,0.059407,0.002184,0.028146,0.028677,0.005381,0.082873,0.17035,0.003216,0.143352,0.004792,0.000485,,2902100,,
0,6,,0.103267,0.053978,0.086405,0.102143,0.021169,0.006982,0.207927,0.057599,0.001007,0.019942,0.029191,0.014315,0.061389,0.131093,0.001902,0.095063,0.006159,0.000467,,2757100,,
0,7,,0.101014,0.105362,0.126367,0.045846,0.023738,0.01145,0.095449,0.130121,0.000773,0.03786,0.030226,0.006491,0.097108,0.085378,0.003667,0.097053,0.001987,0.000107,,2896400,,
0,6,,0.119194,0.038396,0.086409,0.102378,0.008288,0.004777,0.203375,0.041909,0.004054,0.0181,0.010075,0.022291,0.06195,0.154662,0.002066,0.109742,0.011311,0.001023,,2785500,,
0,6,,0.124568,0.02445,0.07205,0.140617,0.004968,0.001217,0.227303,0.037468,0.000695,0.010475,0.008346,0.02653,0.051334,0.159643,0.000101,0.108078,0.002052,0.000105,,2763800,,
0,6,,0.094033,0.039092,0.067732,0.135198,0.005551,0.000767,0.23981,0.047793,0.003576,0.0103,0.008337,0.017941,0.06064,0.152652,0.001706,0.100431,0.013214,0.001226,,2893100,,
0,6,,0.122671,0.050849,0.090942,0.076422,0.020591,0.011508,0.190189,0.052793,0.00138,0.029095,0.028042,0.014434,0.061299,0.131748,0.002297,0.112404,0.00307,0.000265,,2803700,,
0,13,,0.099229,0.041419,0.093514,0.057192,0.0084,0.005107,0.175134,0.043249,0.005839,0.015088,0.011464,0.003895,0.062425,0.206515,0.001929,0.153347,0.014835,0.001419,,2956700,,
0,13,,0.110418,0.02946,0.090532,0.083121,0.007274,0.005335,0.189391,0.04368,0.001621,0.016887,0.016496,0.009609,0.062114,0.190092,0.001943,0.13801,0.003639,0.000378,,2760700,,
0,6,,0.10132,0.04649,0.100944,0.068023,0.026597,0.011382,0.201247,0.050717,0.001047,0.020346,0.027684,0.006153,0.065775,0.141338,0.003911,0.121588,0.004328,0.001108,,4491900,,
0,15,,0.098268,0.078387,0.127005,0.028191,0.038946,0.014457,0.067556,0.090637,0.005684,0.050782,0.043882,0.00205,0.097257,0.087241,0.009204,0.139233,0.019611,0.001609,,5082400,,
0,13,,0.103269,0.040342,0.092175,0.07337,0.007912,0.004724,0.167988,0.048367,0.005549,0.019229,0.010685,0.008299,0.071456,0.19556,0.001823,0.136114,0.011895,0.001243,,4484300,,
0,6,,0.111725,0.053144,0.089385,0.087113,0.024461,0.007093,0.210356,0.054883,0.001134,0.020698,0.028494,0.010512,0.057318,0.135853,0.002064,0.099131,0.006477,0.000158,,2753200,,
0,6,,0.116521,0.019611,0.086183,0.174095,0.003653,0.000963,0.189059,0.027848,0.000128,0.011179,0.007473,0.073393,0.050043,0.143256,0.000101,0.094205,0.001989,0.000299,,2772600,,
0,13,,0.111367,0.03147,0.091011,0.083187,0.007214,0.006336,0.17716,0.048297,0.002152,0.018294,0.016051,0.010314,0.062521,0.199752,0.001283,0.129631,0.003544,0.000417,,2781500,,
0,13,,0.102946,0.049143,0.095947,0.051565,0.015255,0.011743,0.151101,0.053317,0.004587,0.022945,0.01792,0.002211,0.071922,0.188314,0.006524,0.141756,0.011698,0.001105,,2776400,,
0,13,,0.106156,0.057476,0.107558,0.043008,0.011695,0.005508,0.132928,0.062905,0.003981,0.030383,0.02178,0.002701,0.066094,0.189355,0.003274,0.142531,0.011582,0.001085,,2778500,,
0,13,,0.11489,0.045125,0.089369,0.063398,0.008041,0.00437,0.163611,0.050138,0.005411,0.020592,0.011083,0.005778,0.067417,0.191856,0.001798,0.143928,0.012023,0.001172,,2779800,,
0,15,,0.106352,0.077484,0.135294,0.029405,0.020655,0.003447,0.093069,0.085817,0.004075,0.036574,0.026448,0.000507,0.089335,0.118866,0.004189,0.148942,0.018303,0.001238,,2782100,,
0,6,,0.119118,0.022985,0.072383,0.127685,0.004889,0.001652,0.236178,0.039652,0.000585,0.009135,0.010038,0.019748,0.057041,0.172931,0.00011,0.10348,0.002291,0.000098,,2780600,,
0,6,,0.107555,0.025897,0.085543,0.116862,0.012934,0.005782,0.221351,0.049524,0.000589,0.011094,0.01159,0.015835,0.069014,0.162003,0.003427,0.097337,0.003565,0.000098,,2812800,,
0,6,,0.118236,0.023415,0.081749,0.117243,0.006659,0.001148,0.246358,0.049221,0.000654,0.012786,0.00955,0.014925,0.058667,0.150201,0.000268,0.106823,0.00207,0.000027,,2799000,,
0,13,,0.113873,0.051435,0.095453,0.060441,0.019318,0.010499,0.141442,0.0572,0.003418,0.02728,0.022084,0.01146,0.073664,0.171417,0.001873,0.133015,0.005549,0.00058,,2790500,,
0,6,,0.102497,0.026757,0.058241,0.174407,0.006364,0.00276,0.248731,0.050326,0.001056,0.010113,0.008988,0.031613,0.058708,0.142831,0.000191,0.072536,0.003534,0.000346,,2795700,,
0,6,,0.127693,0.025695,0.068184,0.14325,0.00555,0.000835,0.237922,0.040736,0.0001,0.010151,0.008856,0.023894,0.055965,0.153022,0.000108,0.095843,0.002085,0.000112,,2792500,,
0,6,,0.10247,0.022593,0.074203,0.119263,0.012337,0.0056,0.235574,0.041581,0.000736,0.009092,0.010065,0.018005,0.057458,0.169231,0.002668,0.11465,0.003295,0.00118,,2803000,,
0,6,,0.116768,0.026976,0.071037,0.141967,0.007015,0.001876,0.242262,0.037836,0.001461,0.00889,0.008114,0.019076,0.055694,0.162025,0.000266,0.093815,0.004652,0.000271,,2809400,,
0,13,,0.098248,0.060247,0.114706,0.033286,0.028803,0.016436,0.104199,0.069988,0.008274,0.040032,0.034662,0.002617,0.082983,0.145703,0.006149,0.136793,0.014814,0.002062,,2815200,,
0,13,,0.118782,0.053455,0.098208,0.043126,0.019918,0.010425,0.143252,0.055853,0.005397,0.029919,0.030855,0.001492,0.061744,0.189663,0.005015,0.125404,0.006837,0.000656,,2795000,,
0,6,,0.092485,0.024045,0.077145,0.112105,0.012127,0.0056,0.260246,0.04016,0.000744,0.009182,0.010036,0.01229,0.057429,0.165782,0.002668,0.113364,0.003389,0.001205,,2798400,,
0,1,,0.099089,0.124881,0.124806,0.038762,0.019615,0.008227,0.09716,0.124833,0.001086,0.038089,0.026871,0.003895,0.092139,0.096786,0.001847,0.096018,0.005332,0.000565,,2799000,,
0,6,,0.098098,0.051665,0.097244,0.090631,0.016694,0.006889,0.168861,0.054226,0.006349,0.033315,0.016254,0.009208,0.073669,0.130044,0.004543,0.12057,0.019445,0.002294,,2802600,,
0,6,,0.102459,0.033664,0.082518,0.104605,0.007094,0.005842,0.193803,0.045444,0.002725,0.017069,0.012824,0.013378,0.058293,0.191957,0.001612,0.120452,0.005593,0.000669,,2825800,,
0,6,,0.113465,0.020397,0.077677,0.184543,0.005613,0.003788,0.200334,0.020663,0.000158,0.011771,0.009406,0.08265,0.040419,0.135753,0.001249,0.090679,0.001417,0.00002,,2798800,,
0,15,,0.112271,0.05649,0.13093,0.040879,0.017583,0.007031,0.09848,0.065599,0.003679,0.027196,0.023013,0.005381,0.091004,0.122548,0.006537,0.173279,0.016913,0.001186,,2802300,,
0,6,,0.095855,0.063397,0.098421,0.070575,0.024633,0.00823,0.174597,0.064114,0.000717,0.033012,0.03004,0.008065,0.066369,0.136133,0.001595,0.12084,0.00314,0.000268,,2791300,,
0,13,,0.11802,0.049158,0.104973,0.041865,0.008397,0.004358,0.143945,0.054547,0.004888,0.022714,0.014662,0.001684,0.074124,0.184723,0.001798,0.156948,0.012023,0.001172,,2793400,,
0,13,,0.105083,0.043276,0.093164,0.066605,0.008468,0.00475,0.167388,0.049233,0.005445,0.017668,0.011867,0.004643,0.06197,0.194369,0.001858,0.150564,0.012482,0.001165,,2805600,,
0,6,,0.110299,0.018018,0.071397,0.174872,0.003093,0.000974,0.239926,0.035435,0.000651,0.009758,0.004593,0.027024,0.052117,0.148895,0.000101,0.100557,0.001989,0.000299,,2829400,,
0,6,,0.123254,0.039878,0.063125,0.132577,0.006149,0.001082,0.214527,0.036524,0.005357,0.016966,0.009697,0.017139,0.044165,0.163191,0.002913,0.109485,0.012861,0.00111,,2796200,,
0,6,,0.113313,0.031333,0.082546,0.12592,0.006239,0.004244,0.212772,0.036417,0.003131,0.017193,0.008476,0.023345,0.053842,0.154659,0.002863,0.112008,0.010799,0.000902,,2805200,,
0,15,,0.102486,0.068883,0.12755,0.045032,0.029714,0.010811,0.099146,0.069768,0.003513,0.030825,0.030147,0.003895,0.083245,0.113786,0.004216,0.156903,0.018637,0.001445,,2800500,,
0,6,,0.104762,0.021323,0.072607,0.168338,0.00567,0.003771,0.245767,0.032262,0.000486,0.00941,0.009192,0.028326,0.043503,0.148902,0.001407,0.100513,0.00349,0.000271,,2806400,,
0,13,,0.113873,0.051435,0.095453,0.060441,0.019318,0.010499,0.141442,0.0572,0.003418,0.02728,0.022084,0.01146,0.073664,0.171417,0.001873,0.133015,0.005549,0.00058,,2816500,,
0,15,,0.106456,0.061048,0.117717,0.03283,0.01487,0.006985,0.118677,0.068887,0.004827,0.029409,0.020486,0.004794,0.081211,0.13232,0.005894,0.175138,0.017289,0.001164,,2793200,,
0,13,,0.118022,0.058573,0.101558,0.040593,0.021387,0.009579,0.137066,0.05523,0.002177,0.029389,0.027845,0.004998,0.072293,0.172174,0.001942,0.141689,0.004896,0.000588,,2798100,,
0,1,,0.099854,0.129529,0.12359,0.030491,0.029755,0.016299,0.086316,0.11014,0.000881,0.046192,0.037584,0.003236,0.085052,0.095669,0.007533,0.094016,0.003699,0.000164,,2794100,,
0,6,,0.110735,0.057216,0.08796,0.076802,0.008803,0.004608,0.182818,0.065907,0.003845,0.029247,0.015928,0.011272,0.057293,0.154744,0.002169,0.118488,0.011136,0.001029,,2792400,,
0,13,,0.107374,0.04329,0.090198,0.057963,0.00866,0.005004,0.16912,0.048333,0.005896,0.016815,0.01171,0.003895,0.069231,0.195313,0.001905,0.149339,0.014607,0.001348,,2805100,,
0,7,,0.111141,0.110381,0.110475,0.04411,0.021104,0.010669,0.093034,0.134535,0.002101,0.044475,0.025813,0.009593,0.104523,0.084473,0.00252,0.088713,0.002226,0.000114,,2792800,,
0,15,,0.113545,0.063127,0.111112,0.05668,0.018467,0.003831,0.114206,0.067408,0.004475,0.028601,0.019501,0.008802,0.07806,0.136097,0.004195,0.152559,0.018077,0.001258,,2800200,,
0,2,,0.115806,0.11051,0.13931,0.025072,0.021123,0.010991,0.077533,0.128877,0.001468,0.045292,0.027881,0.005499,0.108686,0.078211,0.00252,0.09888,0.002226,0.000114,,2793200,,
0,6,,0.111467,0.037083,0.094447,0.108315,0.006631,0.001721,0.199836,0.041953,0.00327,0.014276,0.011192,0.015665,0.054218,0.157673,0.001338,0.127928,0.012033,0.000953,,2794900,,
0,13,,0.098932,0.063391,0.118115,0.020554,0.028996,0.016622,0.100251,0.070154,0.007922,0.039178,0.033654,0.00055,0.08927,0.148738,0.006188,0.141039,0.014431,0.002014,,2803600,,
0,15,,0.111558,0.058096,0.11205,0.055463,0.019403,0.004361,0.113326,0.073114,0.005896,0.029067,0.020866,0.006313,0.08067,0.131082,0.004309,0.154224,0.018972,0.00123,,2853400,,
0,6,,0.123192,0.033655,0.086651,0.089611,0.01111,0.005116,0.182064,0.051507,0.002634,0.018812,0.013801,0.013112,0.068203,0.18017,0.000674,0.115416,0.003796,0.000475,,2804600,,
0,6,,0.11984,0.031095,0.080336,0.099542,0.007272,0.005348,0.187438,0.043829,0.001615,0.018049,0.016478,0.015214,0.061967,0.185723,0.001892,0.120387,0.003589,0.000385,,2793600,,
0,13,,0.109301,0.044952,0.095788,0.040321,0.007621,0.004304,0.165455,0.054138,0.004664,0.017984,0.014158,0.004994,0.07481,0.193991,0.001783,0.152208,0.012424,0.001104,,2800700,,
0,7,,0.113133,0.110457,0.131666,0.034628,0.022783,0.008513,0.083849,0.135553,0.001451,0.04404,0.030418,0.006,0.098586,0.08329,0.001939,0.090757,0.002824,0.000114,,2808900,,
0,6,,0.109583,0.04402,0.085029,0.112199,0.01913,0.008179,0.179305,0.051575,0.00109,0.020134,0.024187,0.023639,0.053486,0.14437,0.001535,0.119037,0.003297,0.000205,,2821700,,
0,15,,0.106477,0.059438,0.117599,0.036657,0.016555,0.003657,0.114325,0.070299,0.004553,0.025806,0.019036,0.004106,0.087152,0.132987,0.004202,0.177241,0.018724,0.001184,,2820200,,
0,13,,0.10679,0.063846,0.115053,0.032091,0.024154,0.011712,0.110649,0.06931,0.00191,0.038522,0.03466,0.002701,0.074012,0.168185,0.003375,0.137766,0.004723,0.000541,,2812700,,
0,6,,0.112194,0.019542,0.067685,0.201216,0.005437,0.003789,0.220146,0.016203,0.000811,0.009446,0.005006,0.079975,0.035852,0.135166,0.001249,0.082247,0.003767,0.000271,,2822100,,
0,13,,0.115347,0.055861,0.093003,0.052352,0.019234,0.010128,0.143429,0.059528,0.003651,0.028186,0.022578,0.005778,0.072959,0.170803,0.001936,0.139798,0.004896,0.000532,,2818100,,
0,15,,0.11438,0.072985,0.130834,0.025765,0.033809,0.009704,0.087227,0.077139,0.002421,0.041994,0.034095,0.002953,0.088475,0.103856,0.00444,0.157489,0.011787,0.000648,,2828800,,
0,6,,0.094596,0.057381,0.0908,0.084869,0.009662,0.001527,0.195197,0.059913,0.003113,0.024856,0.013428,0.008065,0.058279,0.158949,0.001356,0.125611,0.011341,0.001055,,2823500,,
0,13,,0.116648,0.042659,0.092305,0.063694,0.010109,0.005164,0.157554,0.057781,0.006033,0.02058,0.01402,0.006313,0.066316,0.19438,0.001838,0.13115,0.012243,0.001213,,2815400,,
0,6,,0.107112,0.023237,0.076438,0.137094,0.004342,0.001677,0.238984,0.035574,0.000384,0.007889,0.009973,0.02232,0.051648,0.168238,0.00011,0.112453,0.002429,0.000098,,2814400,,
0,3,,0.114699,0.036372,0.090928,0.171027,0.008672,0.001482,0.166076,0.04266,0.000385,0.017767,0.011239,0.084247,0.055579,0.112707,0.000108,0.083862,0.002076,0.000113,,2811900,,
0,6,,0.104928,0.032228,0.084108,0.130379,0.004883,0.001011,0.223023,0.039997,0.003131,0.015166,0.005924,0.014551,0.05558,0.159025,0.001239,0.111996,0.011584,0.001245,,2809200,,
0,6,,0.105619,0.039794,0.073407,0.116334,0.005956,0.00079,0.233169,0.047006,0.003527,0.011707,0.008257,0.013546,0.061295,0.16266,0.001679,0.101441,0.012609,0.001203,,2815400,,
0,6,,0.128433,0.023599,0.075844,0.17375,0.00555,0.000835,0.199727,0.024464,0.0001,0.009802,0.007664,0.086491,0.047596,0.13482,0.000108,0.07902,0.002085,0.000112,,2823100,,
0,6,,0.115669,0.034128,0.084418,0.138857,0.005713,0.001037,0.211356,0.040436,0.003268,0.015483,0.005557,0.022236,0.059929,0.1427,0.001262,0.105228,0.011695,0.001027,,2812900,,
0,6,,0.099929,0.054879,0.111415,0.044442,0.024719,0.008256,0.175891,0.073616,0.000981,0.02926,0.030018,0.003884,0.068759,0.1393,0.001808,0.129352,0.003311,0.000181,,2810000,,
0,13,,0.114905,0.045149,0.090327,0.059145,0.008937,0.005385,0.164178,0.045149,0.003981,0.022344,0.017714,0.007192,0.060859,0.202305,0.003274,0.136488,0.011582,0.001085,,2811900,,
0,6,,0.10745,0.038668,0.078088,0.1077,0.00581,0.001419,0.215273,0.046158,0.003395,0.014577,0.009009,0.012923,0.053085,0.169664,0.001525,0.122691,0.011614,0.000952,,2834200,,
0,6,,0.101321,0.036366,0.08232,0.128652,0.015543,0.006776,0.175381,0.050634,0.004223,0.026255,0.014496,0.022154,0.068188,0.141587,0.00369,0.109299,0.011676,0.001439,,2867800,,
0,6,,0.123098,0.043411,0.084178,0.095975,0.010884,0.00166,0.213017,0.046428,0.00343,0.020764,0.010503,0.014909,0.054352,0.156223,0.001532,0.107021,0.011663,0.000952,,2819600,,
0,1,,0.099089,0.124881,0.124806,0.038762,0.019615,0.008227,0.09716,0.124833,0.001086,0.038089,0.026871,0.003895,0.092139,0.096786,0.001847,0.096018,0.005332,0.000565,,2813100,,
0,6,,0.104852,0.029392,0.092317,0.080486,0.005923,0.004341,0.195065,0.045982,0.001621,0.014568,0.014107,0.007095,0.066009,0.192165,0.00059,0.141345,0.0035,0.000641,,2823300,,
0,15,,0.111474,0.061271,0.114948,0.055212,0.016285,0.003941,0.118816,0.066361,0.005535,0.02849,0.018622,0.005778,0.08486,0.130627,0.004118,0.153894,0.018534,0.001232,,2818100,,
0,6,,0.104645,0.038998,0.089713,0.096165,0.014558,0.00582,0.18443,0.052829,0.003316,0.014977,0.012427,0.016236,0.064859,0.166824,0.004541,0.115697,0.012994,0.000972,,2813700,,
0,13,,0.117846,0.029832,0.097671,0.083078,0.006782,0.006543,0.166334,0.045695,0.001644,0.017259,0.01604,0.01485,0.068688,0.185213,0.001733,0.136756,0.003658,0.000378,,2823300,,
0,6,,0.101257,0.024573,0.081552,0.123414,0.012042,0.0056,0.244204,0.042096,0.000735,0.009553,0.010614,0.014986,0.061888,0.15503,0.002668,0.105764,0.003072,0.000951,,2812700,,
0,6,,0.105732,0.046616,0.099599,0.081512,0.02777,0.011828,0.165046,0.059547,0.000923,0.020608,0.028574,0.016236,0.069614,0.145453,0.004561,0.110872,0.005305,0.000205,,2824100,,
0,6,,0.113313,0.031333,0.082546,0.12592,0.006239,0.004244,0.212772,0.036417,0.003131,0.017193,0.008476,0.023345,0.053842,0.154659,0.002863,0.112008,0.010799,0.000902,,2813000,,
0,13,,0.105225,0.052605,0.104032,0.056807,0.020384,0.01084,0.152043,0.053284,0.003429,0.022095,0.023855,0.003895,0.068249,0.17521,0.001861,0.136933,0.008342,0.000913,,2830300,,
0,15,,0.114892,0.061859,0.127302,0.043187,0.016986,0.003986,0.09626,0.071314,0.004456,0.02905,0.019018,0.007366,0.089769,0.123987,0.004124,0.165971,0.019219,0.001252,,2828800,,
0,15,,0.106477,0.059438,0.117599,0.036657,0.016555,0.003657,0.114325,0.070299,0.004553,0.025806,0.019036,0.004106,0.087152,0.132987,0.004202,0.177241,0.018724,0.001184,,2810100,,
0,6,,0.106784,0.039334,0.078419,0.114699,0.005819,0.001359,0.227566,0.040938,0.00264,0.019098,0.010626,0.0135,0.050219,0.161909,0.001311,0.112944,0.011362,0.001472,,2814900,,
0,13,,0.117226,0.059983,0.105239,0.044362,0.021384,0.010124,0.135165,0.057549,0.002404,0.030005,0.027719,0.006166,0.075634,0.162513,0.001816,0.137219,0.004904,0.000589,,2820800,,
0,13,,0.094983,0.054712,0.107393,0.033136,0.019343,0.011906,0.122927,0.06661,0.009937,0.038465,0.025051,0.000264,0.079851,0.170952,0.006881,0.134885,0.020127,0.002578,,2847400,,
0,6,,0.092504,0.053636,0.105885,0.064909,0.032247,0.015693,0.154973,0.051896,0.004225,0.042962,0.033307,0.01056,0.068063,0.124896,0.005913,0.124646,0.012166,0.001518,,2847800,,
0,6,,0.109762,0.045174,0.094859,0.112017,0.020051,0.008591,0.201417,0.042831,0.001353,0.018402,0.022071,0.01422,0.057992,0.134449,0.001497,0.108034,0.006733,0.000547,,2888800,,
0,13,,0.10672,0.041124,0.10081,0.040002,0.008837,0.005373,0.162333,0.047629,0.004058,0.019684,0.017966,0.00348,0.066039,0.201168,0.003327,0.158455,0.011985,0.001011,,2854900,,
0,6,,0.129691,0.023132,0.083271,0.16987,0.008991,0.001623,0.192739,0.027557,0.000625,0.014288,0.008134,0.08858,0.049202,0.123272,0.000263,0.076493,0.002237,0.000034,,2833200,,
0,6,,0.105226,0.04309,0.08404,0.116003,0.019177,0.008243,0.203636,0.047488,0.001895,0.022235,0.019609,0.019722,0.064452,0.131331,0.001589,0.108952,0.003102,0.000212,,2850800,,
0,6,,0.095525,0.053309,0.092825,0.086444,0.008584,0.001434,0.196531,0.060432,0.00264,0.027506,0.014569,0.003676,0.056019,0.160211,0.001311,0.126149,0.011362,0.001472,,2839200,,
0,6,,0.128433,0.023599,0.075844,0.17375,0.00555,0.000835,0.199727,0.024464,0.0001,0.009802,0.007664,0.086491,0.047596,0.13482,0.000108,0.07902,0.002085,0.000112,,2837000,,
0,13,,0.098704,0.04668,0.101543,0.026683,0.017441,0.0107,0.144332,0.05107,0.004532,0.018789,0.016419,0.000075,0.074302,0.204052,0.004439,0.165494,0.011899,0.002847,,2835300,,
0,15,,0.099186,0.054576,0.117334,0.048194,0.018552,0.006497,0.114607,0.061146,0.004656,0.025287,0.020836,0.00577,0.0791,0.142858,0.006373,0.17691,0.017006,0.001111,,2824100,,
0,6,,0.104102,0.033792,0.082868,0.111205,0.007465,0.003513,0.216537,0.037125,0.003152,0.017004,0.00841,0.017608,0.047538,0.167319,0.002668,0.127918,0.01095,0.000827,,2831600,,
0,13,,0.099587,0.052635,0.112388,0.027723,0.027425,0.015381,0.137285,0.059411,0.002894,0.023677,0.029383,0.000075,0.074308,0.171546,0.004453,0.153904,0.006381,0.001543,,2827100,,
0,6,,0.100463,0.037775,0.092277,0.105249,0.016474,0.007073,0.191765,0.054165,0.00393,0.030957,0.018104,0.012057,0.072783,0.134854,0.005028,0.10401,0.011676,0.001361,,2845400,,
0,6,,0.129664,0.024109,0.07238,0.179556,0.004301,0.004495,0.190841,0.030676,0.001052,0.013001,0.009522,0.09798,0.049165,0.119713,0.000759,0.070824,0.001852,0.000109,,2892200,,
0,6,,0.109856,0.035098,0.081226,0.108972,0.006899,0.004351,0.221658,0.038678,0.004569,0.018392,0.008012,0.013589,0.048562,0.16541,0.00203,0.117648,0.013849,0.0012,,2867500,,
0,13,,0.120029,0.033129,0.096402,0.086337,0.007069,0.004634,0.164056,0.04819,0.002211,0.017502,0.013242,0.017641,0.066844,0.179528,0.000625,0.137774,0.004315,0.000472,,2842400,,
0,6,,0.095855,0.063397,0.098421,0.070575,0.024633,0.00823,0.174597,0.064114,0.000717,0.033012,0.03004,0.008065,0.066369,0.136133,0.001595,0.12084,0.00314,0.000268,,2848900,,
0,13,,0.109376,0.070043,0.116317,0.025158,0.024756,0.009737,0.107095,0.074013,0.002177,0.037821,0.032834,0.000507,0.078925,0.159874,0.001942,0.143942,0.004896,0.000588,,2852000,,
0,13,,0.092412,0.044366,0.100401,0.030253,0.016831,0.010778,0.165396,0.050069,0.004913,0.018055,0.01628,0.000075,0.070003,0.203287,0.004463,0.157218,0.012053,0.003145,,2845000,,
0,6,,0.092411,0.044869,0.079547,0.091421,0.012454,0.00672,0.217298,0.042328,0.00336,0.020701,0.013217,0.007302,0.055454,0.168885,0.007161,0.124216,0.011676,0.000982,,2842700,,
0,13,,0.105859,0.054912,0.107584,0.039131,0.019538,0.009853,0.139966,0.05577,0.00191,0.032056,0.029093,0.002166,0.073232,0.176182,0.001799,0.144989,0.004859,0.001101,,2863300,,
0,6,,0.114835,0.020841,0.076899,0.117984,0.004256,0.001152,0.239893,0.040971,0.000381,0.010905,0.008166,0.014382,0.056734,0.172777,0.000112,0.117246,0.00236,0.000105,,2848900,,
0,15,,0.115031,0.074777,0.122461,0.044481,0.030319,0.00939,0.091928,0.070241,0.002177,0.037122,0.032182,0.008998,0.085257,0.109392,0.004234,0.150258,0.011102,0.000648,,2828800,,
0,6,,0.123448,0.023084,0.067437,0.159232,0.004695,0.003122,0.233307,0.03672,0.0001,0.014943,0.011665,0.031801,0.050705,0.14308,0.00167,0.093676,0.001281,0.000034,,2834600,,
0,6,,0.117401,0.037685,0.087715,0.110798,0.011796,0.001698,0.201271,0.065301,0.000625,0.022573,0.013281,0.014881,0.065075,0.145704,0.000263,0.101665,0.002237,0.000034,,2888600,,
0,6,,0.113461,0.024569,0.074319,0.191521,0.006736,0.001562,0.206502,0.02741,0.001057,0.011345,0.007105,0.073486,0.045281,0.129505,0.000266,0.083555,0.002301,0.00002,,2839700,,
0,13,,0.118022,0.058573,0.101558,0.040593,0.021387,0.009579,0.137066,0.05523,0.002177,0.029389,0.027845,0.004998,0.072293,0.172174,0.001942,0.141689,0.004896,0.000588,,2843100,,
0,6,,0.111467,0.037083,0.094447,0.108315,0.006631,0.001721,0.199836,0.041953,0.00327,0.014276,0.011192,0.015665,0.054218,0.157673,0.001338,0.127928,0.012033,0.000953,,2865600,,
0,13,,0.10849,0.054721,0.109798,0.031722,0.017611,0.013006,0.137518,0.061417,0.002702,0.028664,0.026602,0.004794,0.072576,0.17517,0.002973,0.147097,0.004561,0.000578,,2869900,,
0,6,,0.124674,0.037348,0.09713,0.085308,0.01078,0.001585,0.197423,0.043381,0.00383,0.016214,0.010432,0.006057,0.053839,0.163132,0.002713,0.129534,0.015615,0.001003,,2911000,,
0,6,,0.118293,0.044155,0.105035,0.078455,0.019997,0.011755,0.177297,0.049401,0.000668,0.025804,0.026586,0.01552,0.069715,0.130033,0.003201,0.121464,0.002487,0.000134,,2903000,,
0,6,,0.099041,0.046999,0.096472,0.056297,0.029711,0.013787,0.203443,0.051161,0.001211,0.025633,0.028715,0.005522,0.059575,0.151351,0.004085,0.121757,0.004119,0.00112,,2907000,,
0,6,,0.124424,0.021621,0.080574,0.142615,0.005523,0.004642,0.230096,0.040032,0.00135,0.01486,0.007949,0.022674,0.047043,0.147901,0.002754,0.102423,0.003393,0.000126,,2873800,,
0,13,,0.10917,0.028888,0.082733,0.096057,0.007148,0.006521,0.190756,0.044763,0.002805,0.015687,0.012127,0.010384,0.059497,0.202887,0.001283,0.12273,0.005895,0.000669,,2876200,,
0,6,,0.109792,0.029634,0.055804,0.176896,0.002752,0.000975,0.26598,0.033438,0.0029,0.012119,0.007495,0.020246,0.043882,0.145853,0.001861,0.086152,0.004083,0.000136,,2872800,,
0,6,,0.100936,0.038917,0.069395,0.126531,0.007831,0.000854,0.244118,0.044247,0.003411,0.010186,0.007793,0.014391,0.054762,0.15513,0.001999,0.102838,0.015555,0.001105,,2923900,,
0,13,,0.102183,0.055134,0.115641,0.039626,0.028182,0.01578,0.117482,0.067603,0.002721,0.024415,0.030593,0.005732,0.080314,0.165349,0.005087,0.136593,0.006991,0.000573,,2873300,,
0,13,,0.09645,0.053738,0.111782,0.026748,0.029553,0.016637,0.135105,0.059064,0.002612,0.028137,0.030886,0.000075,0.069804,0.180277,0.004719,0.147218,0.005912,0.00128,,2893900,,
0,13,,0.097382,0.060327,0.119161,0.023379,0.029682,0.017054,0.102109,0.073231,0.008189,0.044313,0.038468,0.000264,0.082956,0.150297,0.00742,0.128971,0.01474,0.002057,,2845200,,
0,15,,0.090449,0.053999,0.121563,0.022863,0.029847,0.014905,0.118032,0.07197,0.007385,0.03199,0.031116,0,0.088945,0.145977,0.003569,0.149223,0.014101,0.004065,,2846900,,
0,15,,0.111573,0.069115,0.119838,0.051563,0.03541,0.009566,0.092427,0.076616,0.003525,0.027666,0.032674,0.010661,0.082801,0.107241,0.005586,0.143941,0.018772,0.001026,,2870400,,
0,15,,0.110729,0.067847,0.115524,0.049988,0.028007,0.010026,0.092095,0.075261,0.003581,0.034993,0.028492,0.01146,0.090194,0.114464,0.004246,0.150474,0.012028,0.000592,,2864900,,
0,6,,0.10045,0.027851,0.086926,0.1385,0.006202,0.001463,0.18093,0.040595,0.000381,0.0137,0.010089,0.070356,0.053627,0.159227,0.000112,0.107125,0.00236,0.000105,,2887800,,
0,2,,0.115625,0.121357,0.134239,0.025128,0.019922,0.008225,0.080965,0.12784,0.001217,0.044902,0.026453,0.001684,0.109765,0.079011,0.001908,0.099039,0.002607,0.000114,,2871600,,
0,6,,0.121612,0.048195,0.085759,0.088613,0.020247,0.007792,0.212632,0.045892,0.003357,0.027951,0.029487,0.006543,0.05108,0.139561,0.004876,0.101002,0.005188,0.000215,,2882000,,
0,15,,0.092288,0.066533,0.133731,0.028482,0.036366,0.013457,0.083386,0.084878,0.002185,0.03449,0.040528,0.001135,0.098979,0.10839,0.008191,0.15134,0.014396,0.001246,,2864900,,
0,6,,0.117052,0.035834,0.087623,0.145129,0.008354,0.00091,0.176183,0.043332,0.0001,0.01764,0.01158,0.070925,0.054702,0.137549,0.000108,0.090782,0.002085,0.000112,,2877900,,
0,6,,0.109875,0.056713,0.096192,0.096298,0.01037,0.001519,0.17877,0.061607,0.003062,0.024662,0.013591,0.012445,0.060228,0.142055,0.001333,0.118798,0.01145,0.001033,,2884300,,
0,6,,0.133346,0.021364,0.084371,0.166116,0.006284,0.001552,0.220943,0.037992,0.000726,0.006521,0.00651,0.022171,0.048213,0.135074,0.000954,0.103153,0.004578,0.000131,,2854600,,
0,13,,0.109251,0.069387,0.113901,0.037211,0.025168,0.010337,0.112441,0.073662,0.002404,0.037112,0.032213,0.004507,0.078906,0.153604,0.001816,0.132587,0.004904,0.000589,,2852400,,
0,15,,0.120336,0.069486,0.114461,0.052398,0.03182,0.009968,0.092892,0.069761,0.006069,0.03231,0.03394,0.005845,0.076098,0.109787,0.007344,0.148874,0.017528,0.001083,,2848200,,
0,6,,0.113069,0.037291,0.086156,0.107229,0.006925,0.001721,0.195012,0.041327,0.003541,0.013601,0.010659,0.01776,0.049817,0.169762,0.001337,0.131716,0.012103,0.000972,,2875200,,
0,13,,0.107917,0.054319,0.11392,0.024727,0.018705,0.01008,0.125607,0.060473,0.00246,0.027779,0.026327,0.001661,0.077642,0.179757,0.001986,0.160972,0.005093,0.000579,,2877900,,
0,15,,0.104283,0.060827,0.114073,0.051478,0.01567,0.003617,0.121301,0.064492,0.003711,0.029833,0.021411,0.004998,0.079725,0.13973,0.004015,0.161444,0.017093,0.0023,,2851300,,
0,6,,0.119639,0.036725,0.076779,0.112411,0.006205,0.001052,0.219829,0.041539,0.003836,0.016184,0.0056,0.01463,0.052911,0.164652,0.001262,0.114035,0.011685,0.001027,,2845700,,
0,15,,0.114102,0.069849,0.120519,0.03683,0.028643,0.01269,0.091775,0.072282,0.002514,0.037699,0.035539,0.008456,0.08239,0.115399,0.005635,0.15488,0.010151,0.000648,,2840900,,
0,6,,0.128432,0.025495,0.082464,0.163101,0.005555,0.000599,0.199273,0.027382,0.0001,0.011629,0.007768,0.075481,0.049167,0.135253,0.000108,0.085997,0.002085,0.000112,,2844300,,
0,6,,0.099267,0.042132,0.090597,0.058381,0.015955,0.005637,0.222761,0.050041,0.003052,0.018384,0.014941,0.002006,0.057595,0.17418,0.003893,0.12704,0.011389,0.002748,,2853000,,
0,13,,0.110631,0.050025,0.105321,0.046674,0.019861,0.013052,0.133977,0.055608,0.002184,0.026501,0.028267,0.009162,0.077754,0.175292,0.003216,0.137198,0.004792,0.000485,,2873100,,
0,13,,0.107854,0.066531,0.112165,0.029938,0.023311,0.012911,0.108166,0.076545,0.00275,0.038896,0.034854,0.003965,0.074836,0.164209,0.002722,0.135086,0.004675,0.000587,,2832500,,
0,6,,0.11831,0.035367,0.09505,0.141248,0.011796,0.001698,0.169194,0.046425,0.000625,0.022126,0.01205,0.073014,0.056308,0.126002,0.000263,0.088254,0.002237,0.000034,,2833000,,
0,6,,0.089269,0.04709,0.094315,0.079121,0.020324,0.008889,0.174718,0.046409,0.005914,0.038652,0.018734,0.01056,0.064316,0.146996,0.00516,0.128637,0.018728,0.002169,,2830600,,
0,6,,0.127759,0.036078,0.092632,0.120141,0.008248,0.00159,0.199666,0.041438,0.003472,0.01197,0.007341,0.010951,0.051195,0.14502,0.002514,0.124012,0.014889,0.001084,,2852100,,
0,15,,0.113891,0.063649,0.109623,0.047904,0.016271,0.006581,0.11613,0.066679,0.004804,0.030888,0.022495,0.008456,0.076085,0.137102,0.005679,0.155531,0.016994,0.001237,,2857800,,
