chess-krvk,CWE,test,3,NANOSECONDS,PREDICTIONS, Generated by ClassifierExperiments.java on 2022-05-16 20:56:05.    SYSTEMPROPERTIES:{user.name:matth,os.arch:amd64,os.name:Windows 10},ENDSYSTEMPROPERTIES
No parameter info
0.24430604982206405,796284900,15971251600,-1,111577944,18,,-1,-1
0,15,,0.107333,0.071852,0.115427,0.058635,0.027799,0.00821,0.096684,0.077639,0.002446,0.029762,0.030413,0.009305,0.083422,0.10128,0.004954,0.152545,0.02095,0.001346,,3302000,,
0,15,,0.121576,0.072459,0.141718,0.017606,0.030206,0.008166,0.062468,0.087604,0.002239,0.041611,0.037162,0.001463,0.102991,0.08966,0.00471,0.164276,0.013394,0.00069,,2907700,,
0,13,,0.099073,0.053445,0.101933,0.026495,0.019452,0.013098,0.114798,0.056583,0.010979,0.045752,0.02731,0.000578,0.084395,0.175837,0.007449,0.140762,0.019849,0.002212,,2890900,,
0,6,,0.123155,0.021485,0.079656,0.175227,0.004188,0.001376,0.205404,0.024025,0.000289,0.007802,0.008166,0.076266,0.044643,0.146015,0.000079,0.080711,0.001402,0.000113,,2893700,,
0,6,,0.11261,0.035489,0.077445,0.098837,0.016658,0.007747,0.204759,0.037492,0.002948,0.016697,0.011554,0.012197,0.04943,0.175542,0.008417,0.120345,0.01077,0.001065,,2911700,,
0,6,,0.115732,0.038254,0.076919,0.123064,0.016354,0.006612,0.212307,0.040982,0.000843,0.016551,0.018626,0.021303,0.048517,0.15082,0.001523,0.10912,0.002285,0.000188,,2889800,,
0,6,,0.112991,0.042405,0.077324,0.107102,0.017762,0.006878,0.235168,0.03775,0.000698,0.013939,0.019803,0.012231,0.046803,0.153617,0.001522,0.105266,0.008163,0.000579,,2913700,,
0,7,,0.113146,0.148402,0.12964,0.019225,0.024511,0.006284,0.047322,0.167302,0.000286,0.062671,0.037482,0.001782,0.10997,0.054374,0.001761,0.074225,0.001527,0.00009,,2898800,,
0,13,,0.116024,0.071948,0.112637,0.018988,0.022724,0.009487,0.096436,0.08099,0.003001,0.040084,0.033913,0.000062,0.083183,0.165095,0.001924,0.138076,0.004823,0.000607,,2887300,,
0,15,,0.123534,0.063266,0.114437,0.048838,0.020429,0.004093,0.095743,0.070106,0.00371,0.029917,0.023368,0.009441,0.081697,0.124313,0.004517,0.16266,0.018564,0.001366,,2903600,,
0,6,,0.111722,0.026889,0.053343,0.183566,0.004337,0.002921,0.257627,0.040078,0.001029,0.008722,0.006589,0.035824,0.051298,0.139374,0.000162,0.072195,0.003997,0.000327,,2894800,,
0,13,,0.110964,0.041941,0.099755,0.036234,0.008378,0.005779,0.15459,0.049697,0.004854,0.018587,0.014875,0.002136,0.073929,0.205101,0.001618,0.16089,0.009764,0.00091,,2910100,,
0,13,,0.113373,0.039304,0.105851,0.044292,0.012098,0.007672,0.141063,0.043669,0.004221,0.018082,0.019471,0.006213,0.0648,0.211494,0.002431,0.156309,0.00877,0.000886,,2910100,,
0,7,,0.113784,0.134842,0.119944,0.039984,0.017547,0.006582,0.076788,0.146096,0.000408,0.046146,0.027395,0.010314,0.098627,0.074556,0.002022,0.083318,0.001574,0.000074,,2884400,,
0,13,,0.132105,0.036925,0.108252,0.031188,0.013079,0.006293,0.134637,0.051251,0.004988,0.016713,0.012833,0.000475,0.068189,0.200486,0.003167,0.161122,0.016966,0.00133,,2901000,,
0,6,,0.115733,0.020733,0.054958,0.19669,0.003017,0.000656,0.238118,0.034384,0.000523,0.005349,0.006021,0.042937,0.048839,0.146471,0.000141,0.079926,0.005176,0.000328,,2882200,,
0,6,,0.108065,0.041508,0.070989,0.120562,0.018363,0.009946,0.24028,0.044105,0.00114,0.016433,0.021231,0.022346,0.051204,0.133815,0.001645,0.091349,0.006439,0.000579,,2899300,,
0,13,,0.1218,0.031952,0.092018,0.071467,0.007341,0.00575,0.169498,0.047949,0.002895,0.015216,0.014141,0.010332,0.066813,0.192413,0.000935,0.145018,0.003943,0.000517,,2882200,,
0,6,,0.123678,0.019309,0.064873,0.193985,0.003365,0.001369,0.23495,0.016205,0.001726,0.005145,0.003047,0.072941,0.037833,0.145992,0.000079,0.069994,0.005181,0.000327,,2885900,,
0,6,,0.121571,0.032891,0.072896,0.143827,0.004941,0.001394,0.245811,0.032101,0.004147,0.008919,0.005187,0.0164,0.045473,0.150416,0.000797,0.099214,0.012714,0.001302,,2887200,,
0,6,,0.122155,0.023033,0.079891,0.178838,0.005703,0.003626,0.191108,0.026535,0.000773,0.012793,0.009382,0.090578,0.047319,0.129122,0.000481,0.077504,0.001046,0.000113,,2877000,,
0,15,,0.094705,0.07577,0.153236,0.012982,0.029378,0.008007,0.05683,0.093447,0.001693,0.039828,0.038281,0.000982,0.100894,0.097182,0.00494,0.177165,0.0139,0.00078,,2898100,,
0,6,,0.119139,0.021942,0.077501,0.181682,0.005462,0.003756,0.196416,0.018478,0.000061,0.012251,0.009646,0.093779,0.037988,0.135584,0.000933,0.084872,0.000475,0.000035,,2885000,,
0,15,,0.117486,0.053861,0.137938,0.032785,0.022113,0.00469,0.083411,0.066907,0.003238,0.0271,0.020886,0.000475,0.082707,0.123426,0.006327,0.188584,0.025108,0.002959,,2907700,,
0,13,,0.108275,0.056112,0.110855,0.024137,0.032084,0.015882,0.11192,0.070441,0.003668,0.027822,0.031596,0.000677,0.084409,0.179936,0.005924,0.128609,0.007108,0.000545,,2885400,,
0,6,,0.130498,0.037494,0.076625,0.101628,0.006248,0.000966,0.231972,0.039066,0.002451,0.012562,0.009133,0.014513,0.05302,0.165624,0.000774,0.107119,0.00922,0.001087,,2886200,,
0,6,,0.109146,0.055024,0.098457,0.06313,0.024875,0.008447,0.174162,0.057019,0.008832,0.04145,0.021487,0.003565,0.066062,0.12673,0.006941,0.111009,0.020969,0.002694,,2921100,,
0,15,,0.105592,0.082292,0.145153,0.014705,0.031336,0.007354,0.052137,0.099635,0.00143,0.050663,0.04406,0.000062,0.097888,0.087397,0.004509,0.161581,0.012464,0.001742,,2886600,,
0,13,,0.124428,0.049903,0.11542,0.032369,0.016625,0.009579,0.119737,0.062455,0.003186,0.026145,0.025969,0.003418,0.085125,0.171002,0.00196,0.147023,0.005064,0.000591,,2902100,,
0,6,,0.113399,0.041653,0.081314,0.134823,0.017152,0.006887,0.225592,0.037797,0.000624,0.013795,0.020191,0.01855,0.048537,0.129385,0.001524,0.100302,0.007894,0.00058,,2889200,,
0,6,,0.137573,0.027927,0.084589,0.114637,0.008928,0.001248,0.200302,0.036201,0.002762,0.010221,0.00529,0.015602,0.043838,0.160515,0.002372,0.130558,0.016134,0.001302,,3075700,,
0,13,,0.120769,0.042678,0.100521,0.030196,0.008785,0.005959,0.139005,0.054287,0.004842,0.01989,0.014748,0.001489,0.079388,0.199647,0.001568,0.165342,0.009795,0.001093,,2929500,,
0,13,,0.108959,0.046186,0.101857,0.039959,0.021522,0.011869,0.130565,0.06142,0.005287,0.019937,0.020491,0.002082,0.080389,0.190232,0.005874,0.140642,0.011636,0.001092,,2907500,,
0,6,,0.100655,0.037043,0.08957,0.067692,0.026776,0.0111,0.232092,0.040516,0.001346,0.018547,0.024998,0.001998,0.057043,0.16026,0.003984,0.121913,0.003788,0.00068,,2976900,,
0,13,,0.104409,0.057546,0.124138,0.020154,0.021805,0.009717,0.1024,0.079185,0.0033,0.031912,0.034911,0.000335,0.080126,0.178194,0.001915,0.144422,0.004971,0.000561,,2889100,,
0,13,,0.124873,0.053179,0.115196,0.024536,0.017028,0.009827,0.114531,0.066047,0.003059,0.027604,0.026095,0.001353,0.08957,0.168229,0.001958,0.151437,0.004889,0.00059,,2939500,,
0,15,,0.104809,0.058847,0.138179,0.035419,0.018653,0.004245,0.091159,0.067998,0.00342,0.0287,0.024153,0.003544,0.090112,0.132522,0.004335,0.174824,0.017146,0.001935,,2892300,,
0,6,,0.121266,0.019569,0.072544,0.204231,0.003136,0.000896,0.212197,0.019951,0.000061,0.008764,0.007246,0.083686,0.040161,0.131001,0.000078,0.074113,0.000843,0.000258,,2932400,,
0,15,,0.122399,0.070408,0.137392,0.021568,0.027357,0.008157,0.06326,0.088201,0.002272,0.036551,0.033175,0.003418,0.104436,0.095933,0.004759,0.166215,0.013809,0.00069,,2929700,,
0,6,,0.112068,0.038812,0.09603,0.080805,0.015165,0.006226,0.231779,0.043986,0.000141,0.018666,0.023524,0.006153,0.059079,0.141422,0.001342,0.122443,0.001986,0.000373,,2882300,,
0,6,,0.115012,0.042908,0.094569,0.086231,0.020121,0.010856,0.205217,0.043572,0.000885,0.022429,0.0269,0.016987,0.055044,0.144255,0.002029,0.110839,0.001959,0.000187,,2898000,,
0,13,,0.130259,0.045405,0.118589,0.024044,0.023349,0.00996,0.112404,0.057109,0.003842,0.024032,0.024415,0.000594,0.070741,0.190585,0.003415,0.151464,0.009218,0.000576,,2889700,,
0,13,,0.116389,0.060427,0.107516,0.036005,0.012848,0.005714,0.11701,0.075087,0.004857,0.032791,0.02156,0.001568,0.069966,0.182954,0.001567,0.143213,0.009414,0.001114,,2990900,,
0,6,,0.114535,0.04027,0.086246,0.06674,0.021424,0.006761,0.226012,0.042706,0.003616,0.01617,0.012049,0.002536,0.055152,0.169946,0.003943,0.119417,0.010698,0.001779,,2909600,,
0,7,,0.12155,0.125192,0.142188,0.024831,0.020089,0.006995,0.065602,0.147005,0.000335,0.043515,0.023987,0.000475,0.096785,0.076813,0.003125,0.096334,0.004147,0.001031,,2885800,,
0,6,,0.124768,0.041922,0.070247,0.128331,0.020609,0.006641,0.221828,0.037458,0.000706,0.013609,0.019319,0.021942,0.043248,0.14057,0.001772,0.099028,0.007783,0.00022,,2937000,,
0,13,,0.132538,0.044661,0.115335,0.035641,0.021416,0.009831,0.116329,0.05543,0.003561,0.020775,0.021623,0.003546,0.068691,0.181043,0.003426,0.15597,0.009562,0.000622,,2886700,,
0,6,,0.100722,0.026211,0.103118,0.117105,0.017246,0.007108,0.191532,0.050251,0.004558,0.02065,0.012057,0.017238,0.077316,0.120338,0.002331,0.114756,0.011843,0.005621,,2954000,,
0,6,,0.123647,0.020743,0.072557,0.180804,0.004243,0.001144,0.204745,0.023617,0.000183,0.007598,0.007274,0.084327,0.04235,0.146375,0.000112,0.078844,0.001323,0.000113,,2887800,,
0,6,,0.112741,0.036508,0.08552,0.096128,0.01877,0.006822,0.192318,0.052489,0.002863,0.015242,0.012651,0.01375,0.063517,0.16187,0.005207,0.111294,0.011245,0.001065,,2911000,,
0,15,,0.110334,0.070726,0.141688,0.033123,0.027991,0.008379,0.071129,0.080271,0.00242,0.03375,0.033877,0.006073,0.092857,0.105884,0.00497,0.162062,0.013698,0.000766,,2893400,,
0,6,,0.109183,0.050731,0.089106,0.059714,0.019999,0.009134,0.176382,0.050428,0.007725,0.042527,0.01792,0.003026,0.071366,0.141074,0.00633,0.121585,0.020901,0.002868,,2879500,,
0,6,,0.124778,0.022522,0.06966,0.146181,0.004243,0.001144,0.240164,0.035747,0.000183,0.007777,0.008701,0.027672,0.050718,0.160124,0.000112,0.098839,0.001323,0.000113,,2933400,,
0,6,,0.115338,0.058786,0.095832,0.095292,0.009563,0.000898,0.179955,0.067416,0.002406,0.026371,0.015374,0.010082,0.061571,0.13371,0.000774,0.116445,0.0091,0.001088,,2881600,,
0,6,,0.14085,0.041394,0.066523,0.123824,0.017746,0.00619,0.221734,0.032955,0.002653,0.017921,0.019494,0.017801,0.037971,0.141061,0.00263,0.10253,0.006486,0.000236,,2897800,,
0,6,,0.108751,0.035105,0.067572,0.134523,0.005437,0.000941,0.241989,0.037633,0.002619,0.012123,0.006637,0.016159,0.049146,0.157776,0.000912,0.112662,0.009039,0.000976,,2888200,,
0,13,,0.102246,0.04876,0.103914,0.029293,0.025535,0.020344,0.125631,0.052299,0.003369,0.029484,0.029974,0.000914,0.069068,0.195336,0.010813,0.144892,0.007568,0.000561,,2885200,,
0,6,,0.122976,0.037031,0.086393,0.101959,0.005059,0.00076,0.225716,0.044078,0.002359,0.013104,0.008646,0.012587,0.060161,0.145577,0.000743,0.122735,0.009051,0.001066,,2909200,,
0,15,,0.113503,0.056779,0.120178,0.047446,0.023222,0.006216,0.09712,0.06688,0.003218,0.027786,0.026051,0.009612,0.087535,0.124136,0.005778,0.166843,0.016642,0.001055,,2908900,,
0,6,,0.124797,0.019668,0.076674,0.178298,0.00303,0.000725,0.19149,0.026406,0.00014,0.008853,0.00616,0.087914,0.044485,0.138902,0.000047,0.091132,0.001164,0.000114,,2906600,,
0,13,,0.125506,0.03626,0.105811,0.040991,0.012112,0.006116,0.142778,0.04808,0.005002,0.015564,0.012948,0.000728,0.065553,0.204351,0.003217,0.15698,0.016855,0.001148,,2883700,,
0,3,,0.128558,0.020629,0.084384,0.175577,0.003589,0.000785,0.171979,0.031102,0.000242,0.010606,0.007099,0.087666,0.048465,0.138043,0.000112,0.089675,0.001375,0.000114,,2892800,,
0,6,,0.104533,0.034408,0.061237,0.149213,0.005073,0.000682,0.262453,0.036136,0.003221,0.009052,0.006711,0.019463,0.048311,0.148135,0.000945,0.096671,0.012565,0.00119,,2890100,,
0,6,,0.114595,0.022752,0.06116,0.203039,0.006074,0.002989,0.231524,0.016198,0.000145,0.011229,0.006114,0.091398,0.030828,0.125121,0.001847,0.070541,0.004378,0.000067,,2908500,,
0,6,,0.116627,0.017999,0.060029,0.184055,0.002364,0.000805,0.256849,0.031191,0.000752,0.008623,0.003822,0.02844,0.045008,0.150255,0.000112,0.091967,0.001066,0.000035,,2902900,,
0,6,,0.11314,0.033739,0.08547,0.089192,0.017498,0.006551,0.225777,0.039131,0.003608,0.014554,0.01097,0.006647,0.057122,0.163033,0.003842,0.117276,0.010569,0.001881,,2903700,,
0,13,,0.132538,0.044661,0.115335,0.035641,0.021416,0.009831,0.116329,0.05543,0.003561,0.020775,0.021623,0.003546,0.068691,0.181043,0.003426,0.15597,0.009562,0.000622,,2902400,,
0,6,,0.108044,0.033253,0.087015,0.102638,0.005394,0.000902,0.205458,0.056649,0.00014,0.013289,0.011141,0.013034,0.062657,0.176233,0.000047,0.122644,0.001349,0.000113,,2891100,,
0,13,,0.112218,0.051596,0.112646,0.041448,0.016862,0.010218,0.129354,0.057234,0.003076,0.023063,0.02705,0.005187,0.075616,0.180957,0.001945,0.145982,0.004955,0.000593,,2924700,,
0,6,,0.123241,0.040114,0.081601,0.107902,0.008086,0.001173,0.220547,0.04544,0.002737,0.01455,0.011987,0.016975,0.053746,0.155082,0.001014,0.105684,0.009107,0.001015,,2893200,,
0,6,,0.121439,0.047902,0.094816,0.097374,0.016873,0.006439,0.209675,0.04541,0.000347,0.020076,0.024431,0.014096,0.060411,0.122647,0.001505,0.114011,0.002344,0.000204,,2881000,,
0,6,,0.113526,0.041026,0.070442,0.136086,0.016511,0.006326,0.221069,0.041287,0.0007,0.012976,0.020161,0.027634,0.048918,0.138286,0.00152,0.095171,0.007781,0.00058,,2895300,,
0,6,,0.113604,0.033526,0.080532,0.064574,0.018546,0.006423,0.228957,0.039373,0.00365,0.014313,0.011226,0.001998,0.057387,0.184986,0.003825,0.124515,0.010677,0.001889,,2878500,,
0,13,,0.116381,0.064699,0.108998,0.02458,0.013449,0.005786,0.112083,0.073445,0.004859,0.033274,0.021841,0.000062,0.078697,0.182031,0.001567,0.147605,0.00953,0.001115,,2912900,,
0,15,,0.091069,0.067275,0.147408,0.007704,0.039668,0.012797,0.050779,0.087726,0.006049,0.044151,0.038306,0,0.115765,0.083843,0.007502,0.173065,0.021547,0.005346,,2780000,,
0,15,,0.121961,0.06319,0.120154,0.046855,0.02696,0.007833,0.100757,0.064459,0.003824,0.032875,0.03279,0.002002,0.076758,0.107122,0.006372,0.166629,0.016865,0.002594,,2769500,,
0,13,,0.116906,0.047538,0.098798,0.059441,0.016296,0.010392,0.147358,0.048176,0.004619,0.018922,0.021642,0.006767,0.063062,0.184229,0.001943,0.142775,0.010154,0.000983,,2770700,,
0,15,,0.103671,0.068948,0.123547,0.048282,0.026571,0.00818,0.092378,0.073722,0.002095,0.033732,0.030575,0.005872,0.089954,0.108928,0.004986,0.164382,0.013489,0.00069,,2769100,,
0,15,,0.097743,0.064002,0.129303,0.02375,0.030417,0.00968,0.081138,0.083049,0.003484,0.031179,0.030433,0.00062,0.099535,0.117624,0.008402,0.16758,0.020335,0.001725,,2782700,,
0,6,,0.129471,0.030098,0.081267,0.129911,0.004774,0.002651,0.223266,0.046559,0.000622,0.015541,0.010366,0.02419,0.057666,0.141028,0.000242,0.100973,0.001263,0.000113,,2801400,,
0,15,,0.09904,0.073253,0.149903,0.01377,0.031828,0.011239,0.053969,0.094581,0.001628,0.044921,0.037699,0.001557,0.095032,0.098485,0.005653,0.174043,0.012616,0.00078,,2793500,,
0,3,,0.124199,0.021694,0.077319,0.195623,0.004945,0.000865,0.195432,0.024562,0.000483,0.010225,0.00564,0.080768,0.041371,0.133523,0.000355,0.081545,0.00134,0.000112,,2776500,,
0,15,,0.113083,0.090441,0.142421,0.010478,0.03443,0.007734,0.046508,0.102244,0.001697,0.051316,0.043225,0.000062,0.101823,0.084592,0.004875,0.150116,0.014096,0.000859,,2773900,,
0,6,,0.100722,0.026211,0.103118,0.117105,0.017246,0.007108,0.191532,0.050251,0.004558,0.02065,0.012057,0.017238,0.077316,0.120338,0.002331,0.114756,0.011843,0.005621,,2793900,,
0,6,,0.09034,0.039554,0.103894,0.067389,0.018842,0.006973,0.192157,0.049019,0.00676,0.024204,0.013035,0.004064,0.079325,0.138772,0.003022,0.137239,0.018982,0.006427,,2795000,,
0,15,,0.129257,0.066334,0.139249,0.025997,0.033919,0.008681,0.058225,0.077476,0.002548,0.032209,0.028561,0.003546,0.086205,0.101294,0.006868,0.177959,0.020748,0.000924,,2770200,,
0,6,,0.102691,0.028857,0.104166,0.091208,0.023163,0.006812,0.198764,0.0569,0.005171,0.020575,0.014542,0.011766,0.07736,0.12819,0.002831,0.109708,0.011877,0.005419,,2766700,,
0,15,,0.123177,0.073127,0.132963,0.030092,0.0293,0.007739,0.080304,0.076527,0.001697,0.037037,0.034752,0.005487,0.088787,0.10353,0.004875,0.15565,0.014096,0.000859,,2794100,,
0,13,,0.117055,0.028002,0.079852,0.099436,0.007005,0.005645,0.187149,0.040619,0.003193,0.014896,0.011557,0.01369,0.064183,0.194038,0.000876,0.128362,0.004018,0.000424,,2776300,,
0,6,,0.097799,0.05574,0.098668,0.064757,0.029121,0.0139,0.16966,0.049463,0.005781,0.045297,0.032922,0.005825,0.073413,0.113785,0.007299,0.120504,0.01432,0.001746,,2814900,,
0,6,,0.128145,0.023996,0.070911,0.179326,0.003544,0.001004,0.230949,0.035347,0.00017,0.00803,0.008302,0.034752,0.05424,0.131916,0.000078,0.087874,0.001302,0.000114,,2784400,,
0,6,,0.129979,0.019232,0.061806,0.163307,0.003134,0.000802,0.248508,0.032445,0.000806,0.008487,0.003759,0.02844,0.047784,0.157017,0.000112,0.092944,0.001323,0.000113,,2773000,,
0,6,,0.118484,0.025248,0.060899,0.164842,0.003688,0.003018,0.24506,0.039293,0.000904,0.013848,0.005874,0.029141,0.045692,0.155548,0.000481,0.086823,0.001046,0.000113,,2788800,,
0,6,,0.127209,0.041243,0.089684,0.086707,0.006881,0.002677,0.212683,0.045261,0.003127,0.022361,0.011199,0.012436,0.062121,0.145921,0.001189,0.119398,0.008884,0.001018,,2785100,,
0,6,,0.113598,0.042875,0.072916,0.112909,0.016958,0.006387,0.240059,0.040513,0.000693,0.013694,0.020321,0.015995,0.052497,0.145133,0.001461,0.095551,0.00786,0.000579,,2790700,,
0,6,,0.114998,0.061322,0.08953,0.074858,0.011793,0.002982,0.187201,0.065503,0.003183,0.034608,0.015711,0.009222,0.05783,0.144555,0.001352,0.115577,0.008734,0.001041,,2809500,,
0,15,,0.123174,0.062218,0.129405,0.030378,0.019831,0.004366,0.078301,0.080321,0.00401,0.03095,0.022933,0.003418,0.099792,0.111734,0.004376,0.175088,0.018514,0.001191,,2789100,,
0,13,,0.118448,0.032464,0.084053,0.08506,0.007613,0.005465,0.185814,0.042942,0.002505,0.015789,0.015621,0.010837,0.062913,0.197489,0.000842,0.127825,0.003675,0.000647,,2787700,,
0,13,,0.118139,0.044383,0.105426,0.038393,0.009549,0.006373,0.139987,0.051674,0.005091,0.018808,0.017202,0.003544,0.073041,0.198935,0.00159,0.157124,0.009627,0.001115,,2788600,,
0,6,,0.115646,0.029151,0.087375,0.111174,0.019719,0.007291,0.214329,0.054285,0.000524,0.013596,0.013213,0.015989,0.06961,0.148751,0.004493,0.091092,0.003648,0.000112,,2795200,,
0,6,,0.136944,0.028827,0.087733,0.088343,0.009545,0.001347,0.22151,0.037856,0.002513,0.010596,0.005139,0.005185,0.048434,0.167502,0.002372,0.128292,0.016561,0.001303,,2811200,,
0,13,,0.119127,0.045414,0.113009,0.03092,0.01721,0.011623,0.132459,0.05207,0.002619,0.024281,0.025675,0.002326,0.073817,0.189636,0.002671,0.151946,0.004682,0.000514,,2827900,,
0,15,,0.109799,0.083362,0.138799,0.012761,0.035652,0.010799,0.049116,0.09882,0.001744,0.054898,0.043191,0.001312,0.09301,0.089283,0.005666,0.158254,0.012676,0.000859,,2808000,,
0,6,,0.138103,0.017421,0.094754,0.164892,0.008424,0.001223,0.184652,0.023189,0.000512,0.009046,0.004641,0.06672,0.041132,0.135105,0.001657,0.102771,0.005614,0.000144,,2793200,,
0,15,,0.12258,0.072812,0.142858,0.01577,0.027903,0.008268,0.062873,0.089651,0.001989,0.037935,0.034024,0.001353,0.109544,0.089422,0.004756,0.163815,0.013757,0.00069,,2807500,,
0,6,,0.116621,0.017895,0.059592,0.171375,0.004629,0.003468,0.25486,0.024664,0.001356,0.010642,0.00856,0.031738,0.040141,0.159593,0.000933,0.090571,0.003115,0.000249,,2809000,,
0,13,,0.109363,0.048473,0.102209,0.029141,0.021622,0.012163,0.127108,0.064219,0.00534,0.021654,0.020774,0.00062,0.084591,0.190349,0.005795,0.14386,0.011627,0.001093,,2789400,,
0,13,,0.114225,0.069415,0.110814,0.029057,0.021633,0.009567,0.105368,0.08278,0.003074,0.039161,0.033314,0.001782,0.081615,0.162016,0.001929,0.128794,0.004845,0.000609,,2776800,,
0,7,,0.122696,0.142205,0.131462,0.01577,0.01739,0.006801,0.061176,0.15132,0.000282,0.049343,0.027495,0.001353,0.117484,0.063837,0.002021,0.087846,0.001446,0.000074,,2766900,,
0,13,,0.113305,0.050096,0.104842,0.045848,0.017897,0.009787,0.132933,0.057572,0.003789,0.025119,0.024968,0.004234,0.071983,0.189697,0.001932,0.140689,0.004766,0.000545,,2766600,,
0,7,,0.120515,0.132034,0.135725,0.01827,0.017868,0.008517,0.06326,0.151786,0.000334,0.05397,0.029885,0.002818,0.105699,0.065324,0.002179,0.09051,0.00123,0.000074,,4966400,,
0,6,,0.141066,0.032985,0.058064,0.13886,0.005401,0.000579,0.235866,0.029074,0.004534,0.013161,0.006108,0.017801,0.035336,0.158902,0.001693,0.104012,0.015256,0.001302,,2755300,,
0,6,,0.121837,0.038184,0.083227,0.096948,0.007112,0.002423,0.228828,0.036477,0.001976,0.018589,0.011784,0.013644,0.049894,0.152436,0.001846,0.126147,0.007777,0.000872,,2740700,,
0,13,,0.123319,0.034913,0.076629,0.099871,0.007794,0.006705,0.177032,0.045525,0.003621,0.018245,0.012145,0.016885,0.063493,0.188583,0.001159,0.119651,0.003961,0.00047,,2727700,,
0,13,,0.108959,0.046186,0.101857,0.039959,0.021522,0.011869,0.130565,0.06142,0.005287,0.019937,0.020491,0.002082,0.080389,0.190232,0.005874,0.140642,0.011636,0.001092,,2749100,,
0,15,,0.103547,0.064018,0.131326,0.014098,0.039045,0.017698,0.076897,0.073441,0.003234,0.037406,0.036918,0.000074,0.092326,0.108464,0.00914,0.175606,0.01566,0.001102,,2770500,,
0,13,,0.102302,0.046458,0.101177,0.033757,0.021368,0.012033,0.137225,0.061197,0.005364,0.020881,0.020256,0.001029,0.082558,0.193917,0.006079,0.141854,0.011634,0.00091,,2732000,,
0,13,,0.121602,0.032619,0.088752,0.077794,0.009274,0.005969,0.170368,0.05062,0.003242,0.017478,0.017447,0.013151,0.070971,0.189854,0.000922,0.125537,0.003931,0.00047,,2748200,,
0,15,,0.119128,0.0729,0.126286,0.042062,0.028376,0.007856,0.080909,0.073878,0.001845,0.036711,0.033532,0.008771,0.088288,0.102588,0.00488,0.157208,0.013925,0.000859,,2760500,,
0,13,,0.099782,0.04278,0.116575,0.026003,0.020584,0.011663,0.120561,0.060812,0.009612,0.027267,0.02068,0,0.085298,0.177605,0.003733,0.15196,0.0182,0.006886,,2746000,,
0,13,,0.104637,0.061066,0.121366,0.01885,0.019528,0.009792,0.096352,0.075423,0.003006,0.030686,0.029479,0.000335,0.085265,0.180046,0.001924,0.156607,0.005032,0.000606,,2745300,,
0,7,,0.112722,0.139853,0.137921,0.014705,0.023709,0.005946,0.050294,0.16666,0.000111,0.062869,0.038505,0.000062,0.107278,0.058943,0.001629,0.077377,0.000972,0.000445,,2764400,,
0,6,,0.11602,0.035169,0.075351,0.123524,0.005158,0.000922,0.241218,0.035608,0.001976,0.013382,0.00938,0.014513,0.047372,0.163652,0.000728,0.106256,0.008536,0.001237,,2750000,,
0,13,,0.107456,0.054918,0.100507,0.019917,0.020972,0.013885,0.106887,0.060519,0.010824,0.047608,0.026734,0,0.084322,0.171048,0.007392,0.144398,0.019955,0.002657,,2744200,,
0,6,,0.108779,0.020998,0.059856,0.214317,0.00447,0.002354,0.223432,0.018622,0.000381,0.011282,0.00747,0.101865,0.036533,0.119778,0.000508,0.065626,0.003478,0.000249,,2750300,,
0,13,,0.113407,0.028775,0.082631,0.098881,0.009147,0.006621,0.179745,0.042596,0.002763,0.017356,0.016414,0.014582,0.060745,0.195234,0.001131,0.125628,0.003921,0.000424,,2747100,,
0,13,,0.119645,0.042471,0.095727,0.049931,0.0097,0.006083,0.150662,0.050964,0.004865,0.019055,0.015895,0.006595,0.07369,0.197915,0.001578,0.144478,0.009651,0.001093,,2750800,,
0,6,,0.111347,0.03948,0.093404,0.0986,0.022556,0.008398,0.185341,0.055193,0.006424,0.037475,0.020697,0.013162,0.069328,0.121653,0.006174,0.095446,0.013531,0.001792,,2747100,,
0,13,,0.122546,0.033313,0.095191,0.058475,0.007653,0.005887,0.166257,0.051592,0.002895,0.016635,0.014263,0.005446,0.070789,0.193365,0.000934,0.150234,0.004007,0.000516,,2756700,,
0,6,,0.122698,0.024476,0.071723,0.152233,0.004656,0.000763,0.242929,0.040163,0.000527,0.010093,0.006277,0.023135,0.053409,0.154673,0.000309,0.090626,0.001197,0.000112,,2743100,,
0,15,,0.1192,0.061533,0.13258,0.021486,0.019368,0.004297,0.088225,0.07661,0.003534,0.030497,0.022487,0.001489,0.099097,0.114864,0.004511,0.18003,0.018923,0.001267,,2752100,,
0,15,,0.098113,0.077408,0.134574,0.011859,0.038303,0.015095,0.045043,0.084477,0.007086,0.059408,0.045197,0.000578,0.105394,0.078593,0.012125,0.161627,0.023239,0.001881,,2747400,,
0,6,,0.102348,0.047645,0.099484,0.073598,0.019201,0.010837,0.173063,0.045184,0.006559,0.045469,0.021913,0.009475,0.064221,0.129688,0.007717,0.1222,0.019145,0.002253,,2774200,,
0,6,,0.116242,0.040457,0.103022,0.083461,0.015934,0.00648,0.210252,0.04978,0.000288,0.02029,0.024395,0.00671,0.066099,0.134701,0.001407,0.118363,0.001877,0.000242,,2776100,,
0,6,,0.11282,0.024286,0.078943,0.143911,0.013928,0.007978,0.220618,0.035994,0.000701,0.013729,0.010646,0.019598,0.054501,0.154209,0.007634,0.097165,0.003225,0.000114,,2780300,,
0,13,,0.109928,0.048919,0.098272,0.062957,0.016979,0.009584,0.150016,0.051494,0.003555,0.01927,0.022541,0.008601,0.064392,0.183725,0.001947,0.136148,0.010688,0.000983,,2782400,,
0,6,,0.127338,0.042932,0.097196,0.086213,0.01713,0.006589,0.185221,0.051935,0.000467,0.020085,0.024024,0.016121,0.064547,0.137875,0.001539,0.118148,0.00245,0.000188,,2791400,,
0,6,,0.0999,0.045691,0.107258,0.0431,0.031523,0.012694,0.175778,0.055456,0.004624,0.030946,0.025962,0.001844,0.079654,0.132309,0.003676,0.131008,0.012884,0.005695,,2788900,,
0,15,,0.114127,0.062387,0.119302,0.051022,0.024513,0.007934,0.09355,0.072365,0.002665,0.03314,0.030114,0.006916,0.09287,0.109642,0.00439,0.161311,0.012401,0.001351,,2844800,,
0,6,,0.109489,0.050419,0.089602,0.081898,0.018778,0.008618,0.162866,0.050408,0.007982,0.039642,0.018067,0.011655,0.062842,0.137671,0.006226,0.120123,0.020831,0.002882,,2777100,,
0,6,,0.117909,0.021029,0.074758,0.147759,0.005462,0.003756,0.230393,0.030518,0.000061,0.012057,0.012355,0.030996,0.045616,0.162333,0.000933,0.103555,0.000475,0.000035,,2785800,,
0,15,,0.109183,0.060503,0.129667,0.026865,0.018675,0.004243,0.098864,0.071068,0.003537,0.029061,0.022289,0.002136,0.093038,0.118643,0.004632,0.187713,0.018707,0.001176,,2775400,,
0,6,,0.125395,0.038423,0.07199,0.129666,0.016294,0.00656,0.20789,0.039661,0.00134,0.017174,0.017834,0.027333,0.050086,0.143108,0.001539,0.103068,0.00245,0.000188,,2773600,,
0,6,,0.111347,0.03948,0.093404,0.0986,0.022556,0.008398,0.185341,0.055193,0.006424,0.037475,0.020697,0.013162,0.069328,0.121653,0.006174,0.095446,0.013531,0.001792,,2777700,,
0,7,,0.118546,0.124857,0.137654,0.020636,0.016626,0.008856,0.074927,0.144948,0.000222,0.050268,0.028854,0.003488,0.100382,0.072516,0.002298,0.093744,0.001088,0.00009,,2789000,,
0,6,,0.107024,0.03346,0.086547,0.109232,0.005394,0.001284,0.229463,0.035809,0.002092,0.012471,0.009844,0.010992,0.049035,0.176024,0.000752,0.12082,0.008632,0.001125,,2767300,,
0,15,,0.107867,0.067895,0.130048,0.016762,0.039347,0.013076,0.080178,0.07472,0.003654,0.036486,0.035801,0.000074,0.095645,0.107891,0.007829,0.165065,0.01651,0.001152,,2774100,,
0,13,,0.101617,0.049053,0.10373,0.029229,0.02552,0.01634,0.134236,0.04935,0.003475,0.027823,0.029186,0.000893,0.071762,0.193936,0.010197,0.146274,0.006864,0.000515,,2785700,,
0,15,,0.123074,0.062065,0.115181,0.043191,0.031775,0.011261,0.099935,0.061251,0.003824,0.032794,0.033003,0.005194,0.074533,0.106324,0.009339,0.169736,0.016505,0.001016,,2815300,,
0,6,,0.115516,0.03918,0.072081,0.120441,0.005746,0.000929,0.24021,0.035792,0.00235,0.012483,0.009657,0.018215,0.050228,0.156846,0.000821,0.109459,0.009048,0.000998,,2804500,,
0,6,,0.1073,0.036852,0.082774,0.107206,0.005631,0.001411,0.229432,0.036481,0.002703,0.011875,0.010797,0.014224,0.051842,0.166883,0.000845,0.123704,0.00904,0.000998,,2777100,,
0,13,,0.111842,0.047686,0.098268,0.057541,0.015485,0.009829,0.147169,0.056017,0.003462,0.022639,0.021696,0.006511,0.071214,0.182956,0.001945,0.140192,0.004955,0.000593,,2774600,,
0,6,,0.121358,0.043142,0.087928,0.105178,0.01059,0.000763,0.195443,0.070208,0.000281,0.023455,0.018777,0.014333,0.063148,0.144355,0.000309,0.099323,0.001297,0.000112,,2771800,,
0,6,,0.12204,0.021451,0.083424,0.185243,0.002973,0.000735,0.200162,0.027586,0.000144,0.008991,0.006679,0.08206,0.047991,0.123662,0.000047,0.085516,0.001182,0.000114,,2787700,,
0,13,,0.125409,0.041354,0.092372,0.055769,0.011036,0.006675,0.154614,0.043086,0.004107,0.02014,0.018656,0.00882,0.061117,0.209557,0.002298,0.135411,0.008695,0.000886,,2785200,,
0,6,,0.128254,0.018671,0.05796,0.189539,0.002872,0.000751,0.224275,0.032169,0.000979,0.008454,0.003797,0.0425,0.04518,0.151816,0.000112,0.091181,0.001375,0.000114,,2796000,,
0,13,,0.120888,0.04198,0.086438,0.070025,0.007451,0.006842,0.172044,0.051031,0.003054,0.021746,0.017462,0.009611,0.062652,0.189931,0.001299,0.133333,0.003744,0.00047,,2771500,,
0,13,,0.132538,0.044661,0.115335,0.035641,0.021416,0.009831,0.116329,0.05543,0.003561,0.020775,0.021623,0.003546,0.068691,0.181043,0.003426,0.15597,0.009562,0.000622,,2771300,,
0,13,,0.12653,0.048881,0.110591,0.033175,0.010286,0.005933,0.128513,0.058791,0.005372,0.023822,0.017934,0.001463,0.080331,0.187881,0.00153,0.148301,0.009668,0.000998,,2782000,,
0,3,,0.126629,0.017395,0.062546,0.214083,0.002872,0.000751,0.187835,0.019572,0.000979,0.00838,0.002485,0.106218,0.037145,0.136954,0.000112,0.074556,0.001375,0.000114,,2800200,,
0,13,,0.113075,0.039012,0.092356,0.067651,0.008372,0.005826,0.156757,0.046946,0.00533,0.016878,0.013206,0.006738,0.063087,0.200182,0.00159,0.152377,0.009502,0.001115,,2781400,,
0,6,,0.1174,0.059868,0.091871,0.0668,0.01041,0.000834,0.186927,0.065383,0.002451,0.026774,0.01526,0.003712,0.064506,0.155079,0.000774,0.121643,0.00922,0.001087,,2787100,,
0,6,,0.114102,0.029778,0.069812,0.128852,0.00777,0.003494,0.249866,0.026275,0.003713,0.012816,0.009007,0.018717,0.03885,0.165554,0.00198,0.107923,0.010405,0.001086,,2781200,,
0,13,,0.136883,0.042096,0.079535,0.051063,0.0095,0.005598,0.16612,0.039794,0.006458,0.019218,0.014358,0.002002,0.059517,0.209198,0.002889,0.138433,0.016008,0.00133,,2787600,,
0,7,,0.117775,0.128509,0.109689,0.051022,0.015348,0.006369,0.091635,0.144138,0.000988,0.045465,0.023828,0.006916,0.100973,0.078812,0.001891,0.0753,0.001137,0.000207,,2802600,,
0,6,,0.11643,0.065959,0.095372,0.055598,0.023593,0.006523,0.174668,0.07028,0.000281,0.033134,0.03205,0.003712,0.06839,0.136546,0.001504,0.113307,0.002449,0.000204,,2784400,,
0,6,,0.104896,0.05244,0.092115,0.068443,0.019422,0.012008,0.175546,0.050851,0.009253,0.047331,0.01974,0.007885,0.069121,0.130764,0.006726,0.109389,0.021382,0.002688,,2803700,,
0,6,,0.124797,0.019668,0.076674,0.178298,0.00303,0.000725,0.19149,0.026406,0.00014,0.008853,0.00616,0.087914,0.044485,0.138902,0.000047,0.091132,0.001164,0.000114,,2811800,,
0,6,,0.128322,0.026836,0.083086,0.117569,0.005381,0.00072,0.247724,0.045546,0.000137,0.01281,0.009685,0.016245,0.057252,0.145157,0.000278,0.101888,0.001251,0.000112,,2779500,,
0,6,,0.117637,0.019717,0.06313,0.201709,0.004629,0.003468,0.224509,0.012408,0.001356,0.010463,0.005748,0.090848,0.031735,0.133724,0.000933,0.074622,0.003115,0.000249,,2793300,,
0,13,,0.110884,0.04285,0.099154,0.02393,0.020909,0.01149,0.137715,0.049442,0.005812,0.019967,0.019247,0.000074,0.073813,0.209185,0.004442,0.158117,0.010865,0.002104,,2798900,,
0,6,,0.112019,0.020639,0.058419,0.176143,0.00274,0.001378,0.267764,0.026561,0.001733,0.005386,0.005165,0.024867,0.044248,0.155253,0.000079,0.092562,0.004715,0.000329,,2783200,,
0,6,,0.111485,0.04324,0.099219,0.086508,0.029182,0.012551,0.191279,0.056147,0.000794,0.02021,0.026146,0.010377,0.070445,0.130827,0.00583,0.100908,0.004664,0.000188,,2802300,,
0,6,,0.108531,0.040588,0.075569,0.117228,0.016265,0.007349,0.245548,0.032158,0.001844,0.013221,0.019457,0.01343,0.047109,0.144781,0.001519,0.107589,0.007232,0.000581,,2801500,,
0,6,,0.107393,0.030975,0.089996,0.14188,0.005394,0.000902,0.184057,0.040484,0.00014,0.012985,0.009586,0.061181,0.057497,0.153275,0.000047,0.102745,0.001349,0.000113,,2788000,,
0,6,,0.105558,0.036418,0.089042,0.064184,0.028142,0.014864,0.216702,0.038122,0.001346,0.019661,0.024839,0.007281,0.055359,0.163204,0.005816,0.125516,0.003515,0.000431,,2808400,,
0,6,,0.123089,0.039247,0.074949,0.115582,0.007262,0.001391,0.244686,0.035835,0.004612,0.010243,0.006806,0.011054,0.047091,0.161139,0.001027,0.102378,0.012355,0.001252,,2785600,,
0,13,,0.1209,0.053279,0.104698,0.037323,0.01649,0.009338,0.133567,0.056493,0.003069,0.02625,0.026142,0.004473,0.073596,0.179224,0.001927,0.14786,0.004764,0.000607,,2799900,,
0,6,,0.112548,0.037477,0.092529,0.099515,0.018031,0.007108,0.202044,0.053544,0.00288,0.015633,0.012429,0.010377,0.068258,0.146335,0.005206,0.103759,0.011262,0.001066,,2795200,,
0,6,,0.124907,0.018159,0.059352,0.181955,0.003404,0.002519,0.240181,0.028716,0.000752,0.013751,0.007715,0.038178,0.043151,0.145803,0.000625,0.089998,0.000798,0.000035,,2798700,,
0,6,,0.128086,0.017539,0.084199,0.176034,0.007087,0.003228,0.197193,0.01999,0.000153,0.011825,0.004978,0.081809,0.035172,0.127488,0.003182,0.098356,0.003616,0.000067,,2800000,,
0,6,,0.127107,0.02976,0.085868,0.108545,0.008403,0.0013,0.226409,0.035396,0.00252,0.010051,0.005673,0.007658,0.045352,0.155563,0.00242,0.130389,0.016373,0.001213,,2784900,,
0,6,,0.121243,0.043831,0.09009,0.093591,0.00804,0.001398,0.212714,0.044828,0.002846,0.014535,0.012576,0.011878,0.055997,0.16082,0.001027,0.114559,0.00899,0.001038,,2789100,,
0,15,,0.108508,0.065872,0.128609,0.01766,0.04005,0.012723,0.077008,0.077076,0.003735,0.034921,0.036011,0.000222,0.094138,0.109958,0.007832,0.167903,0.016617,0.00116,,2802600,,
0,7,,0.123693,0.126988,0.127846,0.033045,0.020542,0.008242,0.080435,0.137087,0.000338,0.051392,0.03146,0.008473,0.092277,0.074235,0.002092,0.080574,0.001191,0.00009,,2788700,,
0,6,,0.11541,0.02684,0.08068,0.112601,0.017388,0.008297,0.228939,0.040234,0.000552,0.015575,0.012217,0.013557,0.056371,0.161971,0.007957,0.09779,0.003509,0.000112,,2781400,,
0,13,,0.099073,0.053445,0.101933,0.026495,0.019452,0.013098,0.114798,0.056583,0.010979,0.045752,0.02731,0.000578,0.084395,0.175837,0.007449,0.140762,0.019849,0.002212,,2799500,,
0,6,,0.126427,0.040349,0.07402,0.106746,0.016832,0.006672,0.226106,0.04017,0.001101,0.017611,0.017973,0.01607,0.053388,0.14879,0.001537,0.103625,0.002395,0.000187,,2789400,,
0,13,,0.109671,0.027177,0.083503,0.088727,0.007179,0.006149,0.192997,0.038451,0.003797,0.012136,0.012389,0.00963,0.058881,0.204083,0.000842,0.136524,0.006513,0.001352,,2783300,,
0,13,,0.109434,0.051376,0.098885,0.052438,0.017388,0.009835,0.149255,0.053621,0.003486,0.020615,0.022602,0.004801,0.066693,0.1861,0.001944,0.139912,0.010632,0.000982,,2850500,,
0,6,,0.101159,0.03633,0.079503,0.090831,0.016343,0.007901,0.23026,0.035683,0.002843,0.018105,0.011847,0.006219,0.051853,0.167092,0.008731,0.123519,0.010804,0.000976,,2813700,,
0,13,,0.119386,0.043954,0.097851,0.040752,0.00832,0.005888,0.151137,0.053909,0.004808,0.018348,0.014565,0.003273,0.07593,0.196115,0.00157,0.153387,0.009711,0.001095,,2797700,,
0,6,,0.126947,0.024116,0.078482,0.168151,0.003422,0.00301,0.200664,0.030768,0.000528,0.014837,0.008187,0.081142,0.049762,0.126653,0.000347,0.081856,0.001015,0.000113,,2805700,,
0,6,,0.117676,0.036113,0.088508,0.119896,0.005719,0.0014,0.214205,0.039393,0.002526,0.011746,0.010287,0.017285,0.054617,0.155327,0.000797,0.114309,0.009108,0.001088,,2821100,,
0,6,,0.118202,0.046289,0.100466,0.080871,0.020675,0.007284,0.200474,0.047982,0.000463,0.020642,0.029237,0.011878,0.06092,0.140631,0.001788,0.109836,0.002176,0.000186,,2852400,,
0,13,,0.121106,0.046043,0.095171,0.045445,0.008745,0.005675,0.150056,0.049813,0.004857,0.020433,0.015608,0.004473,0.069081,0.195251,0.001567,0.156148,0.009414,0.001114,,2816300,,
0,6,,0.125174,0.038156,0.066442,0.126228,0.005844,0.002643,0.237475,0.037482,0.003751,0.018552,0.005796,0.022552,0.049256,0.152371,0.001189,0.097185,0.008884,0.001018,,2819200,,
0,13,,0.122082,0.054132,0.084749,0.067645,0.020244,0.009479,0.154352,0.053548,0.003506,0.019633,0.022203,0.006175,0.065008,0.183054,0.002232,0.121134,0.010202,0.000624,,2814100,,
0,6,,0.120304,0.043834,0.085328,0.091733,0.018393,0.007042,0.213515,0.045117,0.000342,0.017371,0.024233,0.015978,0.056333,0.14866,0.001537,0.107698,0.002395,0.000187,,2814500,,
0,6,,0.133066,0.020586,0.078437,0.147722,0.006097,0.003379,0.229716,0.037053,0.000666,0.011627,0.005374,0.022893,0.045793,0.144935,0.0022,0.106166,0.004144,0.000144,,2802200,,
0,6,,0.114629,0.020486,0.071217,0.124402,0.016279,0.00624,0.22424,0.035922,0.001441,0.010169,0.010494,0.021673,0.051262,0.174977,0.003196,0.109553,0.003226,0.000595,,2821600,,
0,6,,0.117237,0.063521,0.102398,0.057442,0.02677,0.006501,0.171602,0.074235,0.000459,0.036234,0.037712,0.004471,0.066132,0.123206,0.001771,0.107832,0.002276,0.000203,,2807200,,
0,6,,0.105274,0.043273,0.093146,0.093906,0.017321,0.007252,0.215656,0.040385,0.000409,0.016667,0.026116,0.014224,0.056458,0.146582,0.001519,0.119383,0.00224,0.000189,,2819800,,
0,6,,0.106459,0.043417,0.093737,0.069206,0.029518,0.017768,0.195363,0.058417,0.001024,0.022533,0.027072,0.009833,0.069386,0.138497,0.006703,0.1061,0.004783,0.000187,,2816400,,
0,6,,0.129792,0.021707,0.064563,0.199514,0.003797,0.002618,0.20094,0.025499,0.001245,0.011858,0.003402,0.097839,0.04519,0.124144,0.000242,0.066275,0.001263,0.000113,,2826500,,
0,7,,0.099501,0.12739,0.137827,0.011692,0.025475,0.012937,0.045152,0.152044,0.004443,0.080824,0.042868,0,0.108924,0.054526,0.008547,0.075048,0.011493,0.001309,,2908400,,
0,6,,0.120145,0.019723,0.067237,0.192268,0.003325,0.000921,0.234633,0.036293,0.000429,0.00813,0.005933,0.033066,0.049353,0.136897,0.000124,0.090125,0.001283,0.000114,,2813200,,
0,6,,0.127272,0.041148,0.080686,0.108471,0.019175,0.006651,0.218412,0.043501,0.001391,0.020481,0.021644,0.016942,0.05297,0.137219,0.001805,0.099823,0.002223,0.000186,,2820500,,
0,7,,0.111531,0.127857,0.127158,0.040608,0.016847,0.006473,0.082565,0.145529,0.000228,0.044631,0.027492,0.006595,0.102748,0.077279,0.001891,0.079226,0.001137,0.000207,,2822500,,
0,6,,0.123288,0.032966,0.068168,0.114138,0.005524,0.001441,0.256134,0.032076,0.004449,0.009631,0.004904,0.010371,0.047579,0.172351,0.000797,0.101874,0.013009,0.001301,,2809400,,
0,15,,0.099337,0.062323,0.129288,0.019457,0.037719,0.018268,0.071484,0.068601,0.00219,0.035619,0.038446,0.001481,0.090374,0.118023,0.015131,0.176403,0.015074,0.000782,,2812600,,
0,13,,0.119274,0.05194,0.108434,0.03351,0.015652,0.00971,0.134082,0.05992,0.003083,0.024202,0.024613,0.003273,0.079452,0.179613,0.001929,0.145742,0.004964,0.000609,,2824300,,
0,6,,0.119802,0.033251,0.071229,0.109113,0.005387,0.000839,0.24283,0.039159,0.002816,0.012681,0.005177,0.01123,0.053297,0.17222,0.000797,0.109854,0.00923,0.001088,,2827500,,
0,6,,0.102095,0.029647,0.084255,0.098586,0.007789,0.005499,0.196684,0.042105,0.0029,0.012534,0.012988,0.010989,0.060306,0.196166,0.00089,0.128104,0.007219,0.001242,,2822000,,
0,15,,0.110334,0.070726,0.141688,0.033123,0.027991,0.008379,0.071129,0.080271,0.00242,0.03375,0.033877,0.006073,0.092857,0.105884,0.00497,0.162062,0.013698,0.000766,,2814200,,
0,13,,0.12149,0.049844,0.115534,0.02837,0.01784,0.01191,0.119004,0.061277,0.003157,0.030333,0.028104,0.002818,0.084168,0.173893,0.002254,0.144649,0.004811,0.000544,,2825100,,
0,13,,0.102302,0.046458,0.101177,0.033757,0.021368,0.012033,0.137225,0.061197,0.005364,0.020881,0.020256,0.001029,0.082558,0.193917,0.006079,0.141854,0.011634,0.00091,,2806000,,
0,13,,0.111331,0.049355,0.110868,0.029837,0.015682,0.009527,0.137216,0.055809,0.00301,0.024019,0.02521,0.002136,0.078125,0.187864,0.001925,0.152615,0.004957,0.000514,,2819000,,
0,13,,0.137351,0.049225,0.08713,0.058589,0.017152,0.008807,0.146473,0.044802,0.005371,0.023741,0.023289,0.005535,0.057138,0.188598,0.003341,0.133832,0.008986,0.000639,,2821100,,
0,13,,0.132105,0.036925,0.108252,0.031188,0.013079,0.006293,0.134637,0.051251,0.004988,0.016713,0.012833,0.000475,0.068189,0.200486,0.003167,0.161122,0.016966,0.00133,,2818600,,
0,13,,0.108483,0.047731,0.10246,0.054409,0.011464,0.005442,0.144063,0.070775,0.002505,0.028964,0.021932,0.004329,0.069376,0.189259,0.000842,0.133644,0.003675,0.000647,,2826500,,
0,13,,0.110014,0.041613,0.09063,0.061935,0.009623,0.005957,0.168228,0.047029,0.005692,0.01602,0.013206,0.004801,0.065047,0.201892,0.001659,0.141547,0.013799,0.001307,,2812600,,
0,6,,0.113437,0.023903,0.074096,0.139174,0.002825,0.000588,0.260877,0.039834,0.000061,0.010818,0.008786,0.017204,0.04902,0.149988,0.000078,0.10821,0.000843,0.000258,,2825000,,
0,13,,0.102237,0.045746,0.104026,0.028165,0.025306,0.018673,0.12476,0.047893,0.002927,0.027097,0.02962,0.001481,0.069851,0.207373,0.010499,0.147258,0.006574,0.000515,,2831300,,
0,15,,0.120916,0.058648,0.109477,0.061529,0.019157,0.004406,0.100142,0.069983,0.004875,0.028255,0.020397,0.010833,0.087147,0.122963,0.004376,0.15719,0.018514,0.001191,,2825800,,
