chess-krvk,CWE,test,2,NANOSECONDS,PREDICTIONS, Generated by ClassifierExperiments.java on 2022-05-15 21:50:31.    SYSTEMPROPERTIES:{user.name:matth,os.arch:amd64,os.name:Windows 10},ENDSYSTEMPROPERTIES
No parameter info
0.26708185053380784,1238269700,16337752100,-1,119700192,18,,-1,-1
0,6,,0.120559,0.029326,0.086866,0.151622,0.005318,0.002226,0.225386,0.029639,0.001299,0.009632,0.014518,0.034872,0.042701,0.145533,0.000828,0.092315,0.006791,0.000566,,3784800,,
0,13,,0.114786,0.05244,0.115789,0.037989,0.010663,0.007775,0.127272,0.055983,0.005988,0.020049,0.019586,0.005232,0.070339,0.194844,0.001333,0.150505,0.008534,0.000894,,3508100,,
0,7,,0.090293,0.130876,0.152899,0.004112,0.024862,0.018243,0.028,0.172741,0.003802,0.093394,0.042389,0,0.115378,0.033646,0.008925,0.06984,0.009378,0.001223,,2870600,,
0,15,,0.10552,0.058523,0.115898,0.046987,0.021919,0.005262,0.088063,0.071352,0.003931,0.029512,0.025341,0.005641,0.105474,0.116831,0.005311,0.17254,0.019194,0.002701,,3278400,,
0,3,,0.119639,0.014384,0.049247,0.252486,0.002418,0.000552,0.249615,0.017898,0.000337,0.007367,0.002154,0.063288,0.030509,0.119706,0.000095,0.069588,0.000694,0.000024,,2880000,,
0,6,,0.120511,0.029979,0.062758,0.150585,0.013435,0.004834,0.229341,0.033586,0.000373,0.013485,0.017468,0.031687,0.039498,0.146875,0.001091,0.103168,0.001251,0.000073,,3002300,,
0,13,,0.117365,0.051751,0.106016,0.034965,0.014919,0.010094,0.131535,0.052967,0.003643,0.024925,0.023317,0.002455,0.075663,0.194314,0.001448,0.149211,0.004761,0.000652,,3182400,,
0,15,,0.098306,0.069487,0.146831,0.012817,0.026108,0.004926,0.048585,0.103072,0.003406,0.03724,0.032047,0.000093,0.099697,0.098241,0.0052,0.192076,0.020794,0.001075,,2870400,,
0,6,,0.107698,0.044337,0.084299,0.120259,0.007252,0.00113,0.187397,0.079113,0.000012,0.017342,0.014721,0.019098,0.06386,0.143789,0.000093,0.10895,0.000627,0.000024,,3635000,,
0,6,,0.116764,0.026612,0.096,0.103002,0.021119,0.007847,0.206063,0.047419,0.00155,0.013827,0.01029,0.009768,0.063935,0.162381,0.0065,0.096728,0.009629,0.000566,,2870100,,
0,6,,0.11084,0.019812,0.0767,0.162912,0.003568,0.00075,0.229645,0.024352,0.000073,0.009121,0.008147,0.079142,0.043122,0.147556,0.000093,0.083392,0.000751,0.000024,,4003200,,
0,13,,0.111692,0.045209,0.103784,0.052271,0.012144,0.007648,0.124893,0.077335,0.003544,0.026742,0.020412,0.005441,0.07555,0.192995,0.00094,0.134715,0.00408,0.000603,,4487000,,
0,6,,0.112751,0.027485,0.076807,0.149736,0.016436,0.005491,0.239013,0.024814,0.00059,0.011477,0.020663,0.021222,0.036917,0.151573,0.001091,0.097705,0.005836,0.000393,,4550500,,
0,13,,0.110685,0.043041,0.100417,0.033219,0.022163,0.013339,0.135963,0.062437,0.004458,0.019281,0.020116,0.000083,0.084294,0.197959,0.006459,0.134507,0.010684,0.000894,,4318300,,
0,13,,0.113726,0.042663,0.103387,0.034438,0.02165,0.013726,0.126706,0.059192,0.005161,0.018953,0.019976,0.000155,0.079906,0.199724,0.006405,0.142893,0.010445,0.000894,,3188500,,
0,6,,0.092057,0.056831,0.088825,0.058564,0.008178,0.002277,0.206433,0.060913,0.002261,0.025587,0.014461,0.008038,0.055862,0.170791,0.000899,0.141098,0.006359,0.000566,,3204800,,
0,15,,0.105912,0.066316,0.129166,0.01108,0.039368,0.012899,0.053069,0.082504,0.005437,0.033473,0.04104,0.000155,0.10754,0.097137,0.009986,0.183946,0.020137,0.000835,,3194800,,
0,6,,0.118055,0.030425,0.083503,0.135845,0.004946,0.001299,0.236523,0.036232,0.001638,0.010583,0.011888,0.026209,0.047233,0.151277,0.000468,0.095993,0.007315,0.000566,,3203700,,
0,13,,0.114935,0.037445,0.087467,0.071801,0.01145,0.008038,0.158701,0.048633,0.003457,0.018123,0.016943,0.016476,0.074034,0.198953,0.000871,0.128011,0.004059,0.000603,,3195300,,
0,13,,0.104637,0.040345,0.101751,0.030513,0.009217,0.007779,0.146803,0.049235,0.004769,0.017786,0.01576,0.001655,0.076641,0.218248,0.001265,0.164677,0.008024,0.000894,,3109700,,
0,13,,0.113811,0.046404,0.111997,0.024385,0.013553,0.010159,0.115884,0.060452,0.003548,0.024775,0.022126,0.001655,0.078432,0.193874,0.001379,0.172119,0.004793,0.000652,,3117800,,
0,13,,0.090145,0.04628,0.135165,0.012618,0.024328,0.015965,0.101638,0.060346,0.007145,0.030955,0.028842,0,0.092328,0.180595,0.003751,0.150339,0.015662,0.003898,,3137200,,
0,7,,0.110112,0.169427,0.122135,0.024206,0.014778,0.007056,0.060609,0.17175,0.000364,0.055823,0.025453,0.005232,0.107719,0.055329,0.001505,0.067765,0.000686,0.00005,,3177500,,
0,13,,0.109077,0.040853,0.094481,0.054751,0.009533,0.007601,0.165207,0.050238,0.005458,0.01623,0.014991,0.005186,0.064065,0.203989,0.001336,0.144261,0.011529,0.001213,,3154000,,
0,13,,0.107561,0.066921,0.109823,0.024486,0.021257,0.008838,0.108883,0.078296,0.003617,0.038195,0.029592,0.000093,0.077744,0.180812,0.001448,0.137047,0.004734,0.000652,,3142100,,
0,6,,0.103883,0.036258,0.085748,0.108222,0.015307,0.005776,0.231543,0.032287,0.000174,0.01426,0.026535,0.023231,0.046863,0.159312,0.001071,0.108289,0.001166,0.000073,,3114300,,
0,7,,0.118818,0.155668,0.130194,0.013195,0.01682,0.00939,0.048492,0.161805,0.000354,0.053523,0.03022,0.001655,0.12558,0.050167,0.001505,0.082144,0.000421,0.00005,,3143800,,
0,13,,0.120831,0.037519,0.098934,0.051676,0.010468,0.008101,0.145184,0.053022,0.003457,0.019101,0.016886,0.009739,0.08071,0.195659,0.000871,0.14318,0.004059,0.000603,,3157600,,
0,6,,0.114561,0.018194,0.053387,0.206651,0.001797,0.000778,0.274725,0.038861,0.000491,0.004656,0.006884,0.037312,0.054362,0.12637,0.000032,0.057072,0.003524,0.000343,,3083900,,
0,7,,0.122,0.147144,0.136665,0.015939,0.01786,0.008214,0.052586,0.147648,0.000099,0.060946,0.032678,0.002809,0.110331,0.056762,0.002084,0.085763,0.000421,0.00005,,2909500,,
0,13,,0.11086,0.059716,0.112719,0.024433,0.020605,0.010112,0.106083,0.07637,0.003643,0.040689,0.029647,0.000093,0.074894,0.184759,0.001448,0.138515,0.004761,0.000652,,2938600,,
0,6,,0.113025,0.037484,0.086175,0.143043,0.01666,0.005897,0.214824,0.039333,0.000174,0.014863,0.023287,0.033324,0.053004,0.126422,0.000838,0.090081,0.001492,0.000073,,2952400,,
0,6,,0.117114,0.018918,0.062875,0.202198,0.003402,0.001218,0.240484,0.01857,0.000075,0.006591,0.01073,0.064001,0.031567,0.145347,0.000095,0.076092,0.0007,0.000024,,2899200,,
0,6,,0.131892,0.027222,0.063672,0.185197,0.007776,0.001075,0.267016,0.030936,0.001188,0.007105,0.005149,0.018921,0.041904,0.123952,0.001118,0.070219,0.015029,0.000629,,2913200,,
0,6,,0.128585,0.019328,0.06048,0.205548,0.00339,0.001218,0.238378,0.020573,0.000075,0.006214,0.010961,0.064001,0.033436,0.130203,0.000095,0.076798,0.000694,0.000024,,2886300,,
0,13,,0.112361,0.038833,0.107808,0.037849,0.012208,0.008695,0.136294,0.045305,0.004014,0.0178,0.020108,0.005232,0.061597,0.210644,0.001694,0.170321,0.008346,0.000894,,2904200,,
0,13,,0.104792,0.0498,0.083039,0.06371,0.013966,0.008203,0.173312,0.052543,0.004032,0.016576,0.021223,0.006297,0.069645,0.196284,0.001452,0.124712,0.009444,0.000972,,2911900,,
0,6,,0.097636,0.053893,0.104965,0.11105,0.022522,0.00864,0.160066,0.044997,0.005225,0.035874,0.013793,0.011867,0.073148,0.113198,0.004313,0.118125,0.017785,0.002902,,2949000,,
0,6,,0.11131,0.042987,0.089194,0.099571,0.009128,0.00113,0.195957,0.079636,0.000012,0.020206,0.016364,0.014388,0.064644,0.146086,0.000093,0.108889,0.000381,0.000024,,2957500,,
0,6,,0.12546,0.014808,0.042759,0.205165,0.002473,0.000834,0.277735,0.018718,0.001109,0.003681,0.00386,0.031883,0.031834,0.165829,0.000095,0.070492,0.002923,0.000343,,2900000,,
0,15,,0.112422,0.070509,0.144078,0.014118,0.025994,0.010563,0.055243,0.078133,0.002219,0.039687,0.035224,0.002271,0.091517,0.095357,0.005959,0.199688,0.016184,0.000833,,2906000,,
0,13,,0.120408,0.040454,0.102422,0.047637,0.008835,0.008018,0.157226,0.054679,0.003929,0.021268,0.016432,0.005374,0.074655,0.202031,0.00094,0.131386,0.003703,0.000603,,2915700,,
0,13,,0.109459,0.048671,0.111028,0.018452,0.027353,0.01606,0.110421,0.051594,0.004301,0.020081,0.025931,0.000083,0.075204,0.19938,0.004966,0.168594,0.006415,0.002005,,2896700,,
0,6,,0.086982,0.046144,0.112007,0.041811,0.023246,0.007507,0.193768,0.046025,0.005954,0.026969,0.013961,0.00124,0.073966,0.137316,0.002702,0.149527,0.02138,0.009495,,2928000,,
0,6,,0.097198,0.056341,0.099322,0.088399,0.024548,0.009277,0.164683,0.044349,0.005427,0.033376,0.014828,0.01056,0.073351,0.132487,0.0037,0.121262,0.018003,0.00289,,2884400,,
0,15,,0.097143,0.076954,0.12403,0.037776,0.029673,0.007745,0.07602,0.079782,0.00318,0.032819,0.030252,0.005641,0.093843,0.10167,0.005599,0.179986,0.017166,0.000719,,2921800,,
0,6,,0.112413,0.016294,0.080588,0.132924,0.019334,0.008001,0.222821,0.04281,0.000427,0.010862,0.010147,0.019045,0.066224,0.160506,0.005069,0.089001,0.00351,0.000024,,2892600,,
0,13,,0.104896,0.035882,0.093472,0.063489,0.00886,0.007176,0.177012,0.045281,0.004777,0.01799,0.012428,0.00718,0.077951,0.203024,0.001265,0.13014,0.008281,0.000894,,2904800,,
0,6,,0.109025,0.034097,0.079698,0.084202,0.027643,0.013773,0.218171,0.034216,0.000601,0.022038,0.022227,0.004739,0.046812,0.171681,0.011068,0.115093,0.00484,0.000073,,2924000,,
0,6,,0.120252,0.024976,0.073831,0.183439,0.004102,0.000633,0.24651,0.031351,0.001936,0.010489,0.002832,0.031867,0.044213,0.129568,0.000468,0.085877,0.007091,0.000566,,2899300,,
0,6,,0.118351,0.040939,0.084345,0.123165,0.016443,0.005917,0.228154,0.039503,0.000439,0.016181,0.022841,0.026209,0.047836,0.134639,0.000838,0.092635,0.001491,0.000073,,2906100,,
0,13,,0.099367,0.058764,0.118869,0.020819,0.016543,0.009607,0.107935,0.075426,0.003191,0.028857,0.026112,0.000485,0.080882,0.193124,0.001379,0.153158,0.00483,0.000652,,2881000,,
0,13,,0.099114,0.064564,0.109065,0.013417,0.02584,0.017818,0.093198,0.063028,0.010615,0.04284,0.033486,0,0.086126,0.169206,0.006251,0.147544,0.015251,0.002638,,2902000,,
0,6,,0.145787,0.023993,0.088998,0.106359,0.01906,0.006676,0.230839,0.030836,0.000235,0.015029,0.016282,0.01026,0.037834,0.13283,0.003355,0.126714,0.004778,0.000136,,2912700,,
0,13,,0.099348,0.052067,0.108125,0.0235,0.020633,0.013246,0.112302,0.058999,0.011926,0.041453,0.028257,0,0.080014,0.185276,0.006954,0.137171,0.017822,0.002907,,2919700,,
0,15,,0.117096,0.065401,0.126839,0.024566,0.023205,0.005763,0.072423,0.071776,0.003046,0.035147,0.031561,0.002013,0.090204,0.106931,0.006881,0.196434,0.01964,0.001074,,2910300,,
0,13,,0.124529,0.030109,0.093792,0.076078,0.008322,0.00784,0.162318,0.048465,0.00451,0.0155,0.014132,0.009623,0.069424,0.200336,0.000871,0.129528,0.00402,0.000603,,2894800,,
0,13,,0.105225,0.050376,0.09364,0.041687,0.015144,0.010108,0.149599,0.050019,0.003662,0.026163,0.024014,0.006386,0.071444,0.207598,0.001448,0.138433,0.004403,0.000652,,2902200,,
0,13,,0.099164,0.051659,0.113735,0.025173,0.011159,0.00741,0.118986,0.070926,0.004018,0.023264,0.019365,0.000485,0.078709,0.207053,0.001265,0.158094,0.00864,0.000894,,2900400,,
0,6,,0.113302,0.033757,0.067147,0.13273,0.016371,0.004824,0.24261,0.031684,0.000615,0.01633,0.015416,0.022031,0.049191,0.153511,0.001071,0.097896,0.00144,0.000073,,2897000,,
0,6,,0.111939,0.017443,0.05164,0.210604,0.002527,0.000557,0.257132,0.030695,0.000274,0.007571,0.004442,0.035528,0.034404,0.142336,0.000096,0.09201,0.000777,0.000024,,2882300,,
0,6,,0.105445,0.063542,0.092314,0.082255,0.008102,0.00156,0.184823,0.071004,0.001063,0.027721,0.017103,0.007475,0.051251,0.151567,0.001144,0.12674,0.006324,0.000566,,2908800,,
0,13,,0.111412,0.05347,0.108619,0.02043,0.02752,0.016219,0.114075,0.063176,0.004005,0.025167,0.026844,0.000083,0.080539,0.190173,0.0061,0.143967,0.00755,0.000652,,2913100,,
0,13,,0.116553,0.034554,0.099439,0.061746,0.008948,0.007676,0.158291,0.051711,0.004112,0.015669,0.013851,0.008211,0.063401,0.201771,0.000939,0.148383,0.004141,0.000603,,2934700,,
0,13,,0.100494,0.056854,0.1129,0.017614,0.024914,0.015714,0.102339,0.06248,0.01097,0.044427,0.034006,0,0.082266,0.172303,0.007749,0.136968,0.015336,0.002665,,2959700,,
0,6,,0.121652,0.021298,0.06509,0.168584,0.003656,0.001282,0.242892,0.029428,0.000075,0.007046,0.011313,0.041071,0.041927,0.154992,0.000032,0.088876,0.000763,0.000024,,2900400,,
0,6,,0.119847,0.033205,0.07028,0.187582,0.011818,0.004333,0.250946,0.032553,0.00059,0.008831,0.018104,0.0294,0.049317,0.111627,0.000838,0.06496,0.005379,0.000393,,2908200,,
0,6,,0.115211,0.029187,0.06679,0.153048,0.013466,0.004839,0.247626,0.030387,0.000436,0.014816,0.014668,0.02467,0.039289,0.150298,0.001071,0.093212,0.000913,0.000073,,2915800,,
0,13,,0.118367,0.044572,0.088582,0.06014,0.008217,0.007637,0.157848,0.058972,0.003548,0.020027,0.019343,0.008104,0.067492,0.201023,0.001321,0.130501,0.003703,0.000603,,2903600,,
0,13,,0.11315,0.038163,0.085226,0.08216,0.009454,0.006812,0.168189,0.050585,0.003518,0.017573,0.016876,0.013005,0.068038,0.194581,0.00094,0.127073,0.004053,0.000603,,3312900,,
0,6,,0.11328,0.014128,0.049537,0.241219,0.002431,0.000552,0.258031,0.016258,0.000337,0.006854,0.00191,0.063288,0.028255,0.134355,0.000095,0.068748,0.0007,0.000024,,2959900,,
0,6,,0.112371,0.035321,0.077838,0.103468,0.019327,0.008034,0.225829,0.036604,0.001927,0.019226,0.00975,0.005021,0.04636,0.175714,0.009437,0.105928,0.007279,0.000566,,3076100,,
0,7,,0.096629,0.146433,0.141479,0.010923,0.027106,0.027851,0.043168,0.16978,0.000515,0.045838,0.029756,0.000083,0.118793,0.059601,0.008147,0.070716,0.003132,0.00005,,2924100,,
0,15,,0.099653,0.05998,0.135484,0.035871,0.021597,0.00762,0.084682,0.071939,0.006268,0.04312,0.03003,0.005641,0.094508,0.104475,0.006166,0.174303,0.017702,0.000961,,2984200,,
0,15,,0.090134,0.070996,0.148814,0.003307,0.042468,0.01251,0.035764,0.092997,0.007048,0.049507,0.043022,0,0.11585,0.064963,0.007791,0.184048,0.025415,0.005367,,3193600,,
0,15,,0.097036,0.068216,0.143274,0.038498,0.030057,0.008603,0.082579,0.07199,0.005439,0.032718,0.032291,0.005186,0.09537,0.090746,0.005314,0.164276,0.027105,0.001303,,3109400,,
0,6,,0.083466,0.043666,0.112862,0.083554,0.023959,0.010481,0.19026,0.047894,0.005099,0.025779,0.012711,0.007599,0.07869,0.128615,0.002268,0.119528,0.017512,0.006055,,2930400,,
0,6,,0.115595,0.025142,0.072131,0.112422,0.020259,0.008937,0.234173,0.032964,0.000501,0.013137,0.009312,0.010966,0.045388,0.191568,0.007708,0.096731,0.003043,0.000024,,2894100,,
0,15,,0.113115,0.06339,0.134448,0.020973,0.023515,0.005023,0.067705,0.077749,0.003406,0.030779,0.026602,0.001968,0.102085,0.103623,0.0052,0.198547,0.020794,0.001075,,2941000,,
0,6,,0.097588,0.064625,0.113278,0.065336,0.03111,0.012283,0.153264,0.046927,0.005588,0.042754,0.025936,0.004615,0.073393,0.103808,0.006664,0.131203,0.018676,0.002952,,2894200,,
0,15,,0.094773,0.060938,0.147896,0.037587,0.027484,0.008606,0.079676,0.073777,0.00378,0.032492,0.0323,0.005186,0.102045,0.093071,0.005314,0.169474,0.021487,0.004116,,2925100,,
0,13,,0.108521,0.041045,0.09627,0.049059,0.008924,0.007319,0.158963,0.05514,0.004971,0.018077,0.015036,0.005641,0.072897,0.20013,0.001336,0.147366,0.008411,0.000894,,2936600,,
0,13,,0.147822,0.040822,0.115935,0.020657,0.019499,0.009773,0.111708,0.065903,0.00364,0.019584,0.021685,0.000716,0.065496,0.190704,0.002701,0.15363,0.009011,0.000715,,2895300,,
0,13,,0.107965,0.04972,0.101566,0.051355,0.01229,0.006894,0.129266,0.082345,0.003518,0.025699,0.020063,0.005087,0.07837,0.188895,0.00094,0.131373,0.004053,0.000603,,2933800,,
0,13,,0.111356,0.045739,0.101908,0.049792,0.015341,0.008839,0.144592,0.05248,0.003535,0.025608,0.023591,0.007192,0.076884,0.184209,0.001379,0.142445,0.004459,0.000652,,2916700,,
0,7,,0.102964,0.142763,0.141921,0.007701,0.018569,0.008626,0.033761,0.196072,0.000099,0.064958,0.029306,0.000457,0.109752,0.050448,0.001829,0.090304,0.000421,0.00005,,2927500,,
0,6,,0.121637,0.023654,0.061836,0.196576,0.003435,0.001089,0.237844,0.038141,0.000012,0.007395,0.01133,0.045204,0.049008,0.12398,0.000093,0.078116,0.000627,0.000024,,2900200,,
0,13,,0.118551,0.044051,0.109915,0.035528,0.010999,0.008118,0.132331,0.050792,0.005199,0.025121,0.017387,0.001655,0.084261,0.198553,0.001673,0.147319,0.007652,0.000894,,2897300,,
0,1,,0.115567,0.157691,0.138358,0.019966,0.01923,0.006176,0.054598,0.144337,0.000099,0.05282,0.028476,0.003224,0.126137,0.054819,0.001829,0.075944,0.000681,0.00005,,2923700,,
0,6,,0.111337,0.020842,0.0716,0.193228,0.003678,0.001282,0.220527,0.029667,0.000075,0.006613,0.011398,0.051787,0.043718,0.147557,0.000032,0.08586,0.000774,0.000024,,2929800,,
0,6,,0.133767,0.027139,0.06719,0.192759,0.002944,0.001531,0.205628,0.022408,0.000012,0.008481,0.010986,0.115502,0.040113,0.107488,0.000334,0.063313,0.000381,0.000024,,2922300,,
0,6,,0.123451,0.021387,0.066074,0.17802,0.003159,0.002209,0.227398,0.026858,0.000075,0.008071,0.013439,0.056682,0.040339,0.145295,0.000032,0.086973,0.000514,0.000024,,2896600,,
0,6,,0.090738,0.058775,0.115451,0.05614,0.033017,0.014145,0.155549,0.042035,0.004491,0.050544,0.029657,0.005572,0.072597,0.108874,0.005016,0.137273,0.017526,0.002601,,3013100,,
0,6,,0.119969,0.029302,0.066792,0.155556,0.014067,0.005059,0.240764,0.031857,0.000373,0.013403,0.018036,0.027479,0.040657,0.130962,0.001091,0.103082,0.001477,0.000073,,2933200,,
0,13,,0.117734,0.057993,0.08605,0.050528,0.022979,0.00868,0.143654,0.04879,0.003838,0.02122,0.024238,0.003573,0.060391,0.211656,0.001732,0.126526,0.009702,0.000715,,3036500,,
0,6,,0.113429,0.034471,0.064633,0.153209,0.004875,0.001106,0.254977,0.035516,0.001063,0.014012,0.011659,0.025166,0.040371,0.149097,0.000529,0.088459,0.006859,0.000566,,3075800,,
0,13,,0.116076,0.036912,0.085227,0.082479,0.009156,0.007567,0.163077,0.046424,0.003544,0.017424,0.017397,0.014306,0.06414,0.197099,0.00094,0.133549,0.00408,0.000603,,3134400,,
0,6,,0.123761,0.015326,0.053624,0.17422,0.002418,0.000552,0.291162,0.027194,0.000337,0.007942,0.00303,0.029213,0.037825,0.158335,0.000095,0.074249,0.000694,0.000024,,2955300,,
0,6,,0.110884,0.033986,0.091486,0.106259,0.016652,0.008986,0.2226,0.033034,0.000424,0.019138,0.02935,0.023317,0.046362,0.152988,0.001318,0.101981,0.001163,0.000073,,2896000,,
0,6,,0.127073,0.037581,0.103315,0.10462,0.007118,0.001546,0.216675,0.037796,0.002372,0.017921,0.010176,0.016842,0.05708,0.146052,0.000876,0.105607,0.006783,0.000566,,2949000,,
0,15,,0.101406,0.06914,0.139692,0.040149,0.028174,0.007742,0.073354,0.079119,0.003971,0.037955,0.032601,0.005641,0.09769,0.094065,0.005314,0.166756,0.016512,0.000719,,2916500,,
0,7,,0.124277,0.141266,0.130967,0.025129,0.019134,0.007898,0.060048,0.151271,0.000099,0.060422,0.032755,0.005232,0.103221,0.057461,0.002084,0.078265,0.000421,0.00005,,2882300,,
0,13,,0.091479,0.045461,0.115047,0.015877,0.020258,0.01272,0.115989,0.063587,0.009431,0.028719,0.02357,0,0.093247,0.182543,0.003328,0.153305,0.016964,0.008475,,2961800,,
0,6,,0.111116,0.048757,0.078889,0.109585,0.007616,0.00163,0.189336,0.081654,0.000012,0.021182,0.016178,0.017246,0.062552,0.150726,0.000093,0.103022,0.000381,0.000024,,2886900,,
0,13,,0.112347,0.046138,0.103568,0.043597,0.013442,0.009987,0.14587,0.060455,0.003952,0.020447,0.022368,0.005641,0.071924,0.190972,0.00145,0.142332,0.004855,0.000652,,2921200,,
0,13,,0.103344,0.04159,0.109666,0.022887,0.020173,0.016817,0.132644,0.046175,0.005437,0.023452,0.019509,0.000083,0.067076,0.211435,0.005871,0.162466,0.008627,0.002746,,2904100,,
0,6,,0.087112,0.050729,0.113357,0.028279,0.033878,0.010903,0.173451,0.044028,0.004616,0.029159,0.025737,0.00124,0.085134,0.134478,0.002998,0.150262,0.01793,0.00671,,2909000,,
0,13,,0.106131,0.033432,0.098834,0.052227,0.008923,0.007673,0.152551,0.04393,0.003088,0.016378,0.017174,0.007802,0.061483,0.223104,0.000939,0.161288,0.004438,0.000603,,2933300,,
0,6,,0.107946,0.030952,0.075121,0.118719,0.004663,0.001235,0.241001,0.033744,0.001627,0.011202,0.012726,0.023231,0.040131,0.175203,0.000531,0.11496,0.006441,0.000566,,2890900,,
0,6,,0.125398,0.02394,0.072103,0.165165,0.003816,0.000991,0.228052,0.022971,0.000073,0.011617,0.008077,0.080033,0.039931,0.135793,0.000334,0.081179,0.000502,0.000024,,2952000,,
0,2,,0.108031,0.134129,0.163523,0.01411,0.013431,0.007033,0.059085,0.160931,0.000099,0.046933,0.023826,0.001655,0.127206,0.055734,0.001829,0.081975,0.000421,0.00005,,2889200,,
0,13,,0.110685,0.043041,0.100417,0.033219,0.022163,0.013339,0.135963,0.062437,0.004458,0.019281,0.020116,0.000083,0.084294,0.197959,0.006459,0.134507,0.010684,0.000894,,2917700,,
0,6,,0.124485,0.029804,0.069378,0.154399,0.017003,0.005245,0.239541,0.038142,0.002043,0.015678,0.016005,0.026642,0.04355,0.125126,0.000838,0.090576,0.001472,0.000073,,2915000,,
0,6,,0.123647,0.021792,0.083271,0.160275,0.004065,0.00075,0.219169,0.02809,0.000073,0.010977,0.008587,0.064131,0.043247,0.132839,0.000093,0.098218,0.000751,0.000024,,2891900,,
0,6,,0.1241,0.024646,0.078632,0.156882,0.003689,0.000567,0.245465,0.044228,0.000012,0.010251,0.008947,0.028957,0.051932,0.131801,0.000093,0.089148,0.000627,0.000024,,2946200,,
0,6,,0.095248,0.037584,0.082198,0.10814,0.006277,0.001313,0.215084,0.060139,0.000073,0.015129,0.014103,0.01397,0.061912,0.168275,0.000093,0.119698,0.00074,0.000024,,2888300,,
0,6,,0.093595,0.053596,0.099767,0.103888,0.023209,0.010271,0.157574,0.046946,0.005438,0.043053,0.017745,0.011586,0.072568,0.122888,0.003461,0.110224,0.021338,0.002853,,2949400,,
0,13,,0.109375,0.044466,0.111412,0.020391,0.023827,0.015494,0.126404,0.04953,0.00422,0.019835,0.028471,0.000155,0.074087,0.208929,0.005029,0.149882,0.006455,0.002039,,2906900,,
0,15,,0.110748,0.067994,0.145093,0.045783,0.028486,0.008652,0.073405,0.075994,0.005563,0.033039,0.032612,0.005186,0.09178,0.092062,0.005314,0.152351,0.024635,0.001303,,2912800,,
0,15,,0.118773,0.068408,0.133112,0.017661,0.026994,0.008945,0.061776,0.074044,0.002219,0.0389,0.036667,0.002013,0.095391,0.095561,0.007415,0.195127,0.016163,0.000832,,2947700,,
0,6,,0.085488,0.036435,0.086578,0.117081,0.006298,0.001313,0.20114,0.046653,0.000073,0.01435,0.013412,0.069129,0.052689,0.159089,0.000093,0.109406,0.000751,0.000024,,2886600,,
0,6,,0.12325,0.03673,0.082441,0.114568,0.006587,0.000584,0.246904,0.038294,0.001063,0.016162,0.010511,0.014159,0.047623,0.147134,0.001144,0.105954,0.006324,0.000566,,2932700,,
0,13,,0.121977,0.028812,0.083396,0.084,0.008181,0.007848,0.169221,0.039859,0.003338,0.018963,0.012624,0.017267,0.066488,0.203088,0.000871,0.129095,0.004368,0.000603,,2890200,,
0,13,,0.1175,0.034241,0.086097,0.075651,0.009133,0.008818,0.163983,0.049535,0.004468,0.014333,0.013893,0.008601,0.056659,0.209496,0.001299,0.139137,0.006234,0.000922,,2930400,,
0,13,,0.109571,0.044519,0.085592,0.080052,0.008758,0.006887,0.174901,0.05153,0.003298,0.018451,0.015749,0.00943,0.06346,0.199889,0.00129,0.121887,0.004133,0.000603,,2918800,,
0,15,,0.101747,0.070552,0.149348,0.01451,0.029135,0.007487,0.058824,0.082465,0.002219,0.033594,0.032908,0.001655,0.100979,0.091761,0.005314,0.19931,0.017357,0.000833,,2962200,,
0,7,,0.1155,0.159876,0.132123,0.014421,0.015547,0.007574,0.046141,0.175395,0.000343,0.067421,0.031734,0.001655,0.111567,0.047288,0.001505,0.071195,0.000665,0.00005,,2931700,,
0,15,,0.134449,0.070072,0.133055,0.0355,0.034317,0.00909,0.07325,0.069541,0.005834,0.028278,0.032097,0.002248,0.087336,0.087395,0.009763,0.161845,0.024903,0.001026,,2892500,,
0,15,,0.09785,0.073953,0.138169,0.004572,0.04936,0.017181,0.029041,0.098984,0.008609,0.057332,0.051908,0,0.099351,0.066785,0.01499,0.163223,0.026545,0.002147,,2955300,,
0,6,,0.115933,0.030905,0.080453,0.087416,0.005019,0.000767,0.263538,0.040086,0.001284,0.012649,0.009393,0.014564,0.060893,0.156519,0.000529,0.111903,0.00758,0.000566,,2911400,,
0,6,,0.116038,0.03097,0.06581,0.146344,0.013704,0.005183,0.257187,0.027622,0.00059,0.009533,0.019237,0.020499,0.034819,0.145839,0.001091,0.098542,0.0066,0.000393,,3029900,,
0,6,,0.094496,0.037924,0.088677,0.089689,0.006898,0.001313,0.22474,0.066878,0.000073,0.0163,0.016325,0.010856,0.061744,0.165433,0.000093,0.117785,0.000751,0.000024,,2978800,,
0,6,,0.142069,0.03287,0.045767,0.148785,0.00454,0.000784,0.294466,0.023105,0.003578,0.012468,0.004466,0.010459,0.03219,0.14967,0.00117,0.081084,0.011901,0.000629,,2912100,,
0,13,,0.122026,0.036956,0.095673,0.058562,0.009163,0.007955,0.163807,0.052182,0.003929,0.019994,0.018014,0.008606,0.070736,0.205157,0.00094,0.121995,0.003703,0.000603,,2986200,,
0,6,,0.106848,0.067639,0.093962,0.075387,0.022557,0.004723,0.175214,0.068178,0.000111,0.032121,0.029821,0.008359,0.060319,0.130176,0.001066,0.122096,0.00135,0.000073,,2964800,,
0,13,,0.105792,0.048911,0.10534,0.027435,0.020312,0.01802,0.124309,0.048637,0.005203,0.023673,0.024178,0.000164,0.065358,0.223357,0.010979,0.138228,0.00921,0.000894,,2939000,,
0,15,,0.10024,0.064113,0.137586,0.008922,0.04004,0.0169,0.051735,0.076575,0.003808,0.032259,0.039023,0.000083,0.101021,0.105518,0.010713,0.19111,0.019519,0.000835,,2898500,,
0,13,,0.091479,0.045461,0.115047,0.015877,0.020258,0.01272,0.115989,0.063587,0.009431,0.028719,0.02357,0,0.093247,0.182543,0.003328,0.153305,0.016964,0.008475,,2948500,,
0,15,,0.112157,0.063124,0.150821,0.016484,0.022856,0.005023,0.060153,0.082649,0.003394,0.0328,0.027736,0.001655,0.104676,0.102613,0.0052,0.18563,0.021953,0.001075,,2898300,,
0,6,,0.118106,0.029484,0.077885,0.139809,0.015917,0.005413,0.228439,0.030715,0.000552,0.015965,0.01999,0.024684,0.043359,0.144068,0.001091,0.103224,0.001225,0.000073,,2901100,,
0,13,,0.098759,0.035802,0.090224,0.050786,0.008707,0.007672,0.160149,0.050213,0.004612,0.016503,0.014166,0.005641,0.063862,0.216817,0.001333,0.165944,0.007916,0.000894,,2958000,,
0,6,,0.113429,0.034471,0.064633,0.153209,0.004875,0.001106,0.254977,0.035516,0.001063,0.014012,0.011659,0.025166,0.040371,0.149097,0.000529,0.088459,0.006859,0.000566,,2892200,,
0,13,,0.108488,0.039181,0.093215,0.060313,0.009263,0.007277,0.171899,0.054083,0.004223,0.016201,0.014974,0.006141,0.072638,0.199346,0.001336,0.132922,0.007605,0.000894,,2931400,,
0,13,,0.106722,0.036734,0.090222,0.05999,0.009077,0.007672,0.158307,0.049382,0.005342,0.017074,0.014166,0.005641,0.063221,0.20095,0.001333,0.165669,0.007603,0.000894,,2893300,,
0,13,,0.114353,0.052395,0.102217,0.036525,0.014981,0.010071,0.136231,0.055151,0.003791,0.026338,0.023165,0.005232,0.075376,0.193185,0.001379,0.144595,0.004364,0.000652,,2904100,,
0,15,,0.104832,0.06358,0.128567,0.035988,0.023361,0.005267,0.085741,0.082258,0.005771,0.033343,0.026093,0.005641,0.116362,0.098165,0.0052,0.157439,0.021432,0.000961,,2944500,,
0,6,,0.117553,0.029982,0.07726,0.119204,0.005822,0.002085,0.233405,0.029472,0.001291,0.011321,0.014692,0.024941,0.038125,0.176298,0.001167,0.110302,0.006513,0.000566,,2970600,,
0,15,,0.112157,0.063124,0.150821,0.016484,0.022856,0.005023,0.060153,0.082649,0.003394,0.0328,0.027736,0.001655,0.104676,0.102613,0.0052,0.18563,0.021953,0.001075,,2946200,,
0,13,,0.117308,0.053916,0.110116,0.027568,0.016768,0.010747,0.123274,0.057823,0.004028,0.032196,0.023777,0.002064,0.075857,0.200744,0.001448,0.13733,0.004385,0.000652,,2883400,,
0,6,,0.090738,0.058775,0.115451,0.05614,0.033017,0.014145,0.155549,0.042035,0.004491,0.050544,0.029657,0.005572,0.072597,0.108874,0.005016,0.137273,0.017526,0.002601,,2929700,,
0,6,,0.132288,0.026806,0.062122,0.173942,0.007657,0.001075,0.260505,0.029657,0.00153,0.007105,0.005322,0.023721,0.03776,0.137327,0.00109,0.076587,0.014877,0.000629,,2916900,,
0,13,,0.114814,0.042266,0.11327,0.026324,0.015186,0.011688,0.133037,0.049431,0.003191,0.021331,0.022682,0.001655,0.070426,0.20796,0.002411,0.158763,0.004914,0.000652,,2924500,,
0,13,,0.115964,0.046934,0.107406,0.028568,0.009901,0.008118,0.132301,0.061758,0.005441,0.020907,0.016276,0.001655,0.069321,0.215012,0.001265,0.149643,0.008633,0.000894,,2910900,,
0,6,,0.113586,0.032492,0.065396,0.169266,0.005986,0.000856,0.240795,0.023631,0.002462,0.00823,0.005729,0.021222,0.035198,0.161378,0.000532,0.102673,0.009682,0.000886,,2898600,,
0,6,,0.083764,0.050072,0.095157,0.05545,0.007575,0.00133,0.20972,0.061996,0.001654,0.018941,0.014795,0.006485,0.062184,0.172457,0.000529,0.149977,0.007348,0.000566,,2953700,,
0,15,,0.10024,0.064113,0.137586,0.008922,0.04004,0.0169,0.051735,0.076575,0.003808,0.032259,0.039023,0.000083,0.101021,0.105518,0.010713,0.19111,0.019519,0.000835,,2896300,,
0,6,,0.112371,0.035321,0.077838,0.103468,0.019327,0.008034,0.225829,0.036604,0.001927,0.019226,0.00975,0.005021,0.04636,0.175714,0.009437,0.105928,0.007279,0.000566,,2931300,,
0,6,,0.1213,0.032058,0.06474,0.143094,0.014444,0.005168,0.269165,0.02435,0.001179,0.009622,0.01445,0.018569,0.038839,0.152229,0.001071,0.083169,0.006163,0.000393,,2903000,,
0,13,,0.110713,0.043909,0.102127,0.059783,0.014535,0.00941,0.154917,0.050775,0.003991,0.017274,0.021642,0.0069,0.064314,0.187267,0.00145,0.140282,0.00974,0.000972,,2895200,,
0,6,,0.117601,0.03347,0.084261,0.134726,0.015656,0.009147,0.218989,0.033673,0.000174,0.012168,0.024018,0.034872,0.050446,0.130928,0.001341,0.09748,0.000978,0.000073,,2916900,,
0,13,,0.098443,0.059668,0.121224,0.018167,0.016379,0.010177,0.095471,0.074207,0.003548,0.032108,0.026215,0.000093,0.081602,0.187936,0.001379,0.167936,0.004793,0.000652,,2924200,,
0,6,,0.123544,0.032308,0.070675,0.165297,0.004608,0.001402,0.25338,0.029529,0.003089,0.013651,0.002989,0.031805,0.041812,0.134518,0.000876,0.083167,0.006783,0.000566,,2972200,,
0,13,,0.10011,0.051416,0.12481,0.018537,0.017398,0.012017,0.106568,0.069443,0.003191,0.027779,0.026528,0.000093,0.074661,0.197858,0.002411,0.161613,0.004914,0.000652,,2887900,,
0,13,,0.114513,0.040158,0.104815,0.027777,0.008812,0.007732,0.126438,0.052702,0.004723,0.020267,0.016045,0.001655,0.076929,0.209726,0.001265,0.176911,0.008639,0.000894,,2959900,,
0,2,,0.12859,0.135254,0.146304,0.027407,0.020558,0.006957,0.061943,0.13777,0.000099,0.053034,0.035368,0.006323,0.105044,0.058138,0.004291,0.072448,0.000421,0.00005,,2929200,,
0,13,,0.11593,0.041433,0.088699,0.061371,0.009313,0.007974,0.160982,0.045618,0.005916,0.02154,0.012753,0.00655,0.072514,0.206791,0.001673,0.132395,0.007652,0.000894,,2988500,,
0,15,,0.112422,0.070509,0.144078,0.014118,0.025994,0.010563,0.055243,0.078133,0.002219,0.039687,0.035224,0.002271,0.091517,0.095357,0.005959,0.199688,0.016184,0.000833,,3015200,,
0,6,,0.118313,0.029839,0.11381,0.112953,0.005422,0.000777,0.217912,0.037341,0.001299,0.012641,0.009325,0.012329,0.062356,0.149077,0.000468,0.10875,0.006451,0.000937,,2922600,,
0,15,,0.110326,0.075084,0.141564,0.014405,0.028059,0.007221,0.058262,0.084778,0.002219,0.036312,0.03296,0.001989,0.098045,0.092384,0.005314,0.191897,0.018348,0.000833,,2963200,,
0,13,,0.114248,0.043731,0.109043,0.05396,0.01049,0.007975,0.145928,0.044073,0.008757,0.014919,0.014302,0.005186,0.061046,0.204662,0.001333,0.147571,0.011563,0.001213,,2917600,,
0,13,,0.118022,0.036967,0.10639,0.043208,0.009024,0.008101,0.16304,0.053279,0.003826,0.019011,0.015929,0.004225,0.071101,0.203602,0.000871,0.138668,0.004132,0.000603,,2945000,,
0,13,,0.099132,0.046938,0.111821,0.03234,0.01497,0.010299,0.130511,0.051666,0.003187,0.022102,0.027194,0.005232,0.07324,0.200284,0.001447,0.164182,0.004805,0.000652,,2965900,,
0,13,,0.10746,0.047674,0.107768,0.035515,0.015184,0.010333,0.129327,0.053792,0.003554,0.022207,0.02664,0.005232,0.073903,0.196405,0.001447,0.158451,0.004455,0.000652,,2948000,,
0,13,,0.116989,0.041591,0.092892,0.062326,0.014211,0.008758,0.151302,0.048173,0.004493,0.024048,0.017482,0.008195,0.07561,0.186937,0.001379,0.1405,0.004459,0.000652,,3082100,,
0,6,,0.113597,0.034171,0.084527,0.078848,0.02776,0.014349,0.223093,0.03458,0.000854,0.025125,0.024582,0.003714,0.047581,0.164368,0.012618,0.106382,0.003779,0.000073,,3053900,,
0,15,,0.108886,0.068937,0.132003,0.017732,0.027596,0.007309,0.060563,0.078025,0.002219,0.041657,0.03845,0.001655,0.096384,0.09624,0.005309,0.199301,0.016078,0.001653,,3194600,,
0,13,,0.143396,0.046103,0.084169,0.054609,0.013585,0.008522,0.151994,0.041853,0.007503,0.022873,0.022596,0.002873,0.055446,0.198239,0.00421,0.133401,0.007913,0.000715,,3400600,,
0,13,,0.116076,0.036912,0.085227,0.082479,0.009156,0.007567,0.163077,0.046424,0.003544,0.017424,0.017397,0.014306,0.06414,0.197099,0.00094,0.133549,0.00408,0.000603,,2965500,,
0,6,,0.137376,0.015532,0.055379,0.197041,0.003438,0.000616,0.209414,0.019219,0.000825,0.007291,0.002346,0.088001,0.03281,0.148928,0.000032,0.080964,0.000764,0.000024,,2925200,,
0,13,,0.117012,0.042866,0.091779,0.049699,0.009822,0.007775,0.159213,0.046945,0.004092,0.020602,0.020063,0.006323,0.06054,0.221582,0.001709,0.13072,0.008363,0.000894,,2908200,,
0,6,,0.115363,0.025294,0.081755,0.110927,0.021411,0.008435,0.22233,0.050376,0.000502,0.012466,0.010819,0.017267,0.062147,0.16194,0.006092,0.089758,0.003096,0.000024,,2973800,,
0,15,,0.118858,0.074544,0.142354,0.01642,0.029921,0.007288,0.051287,0.088227,0.002672,0.041015,0.033709,0.001655,0.109348,0.088037,0.005424,0.172049,0.016245,0.000946,,2932200,,
0,6,,0.117138,0.023111,0.055435,0.189632,0.003426,0.001089,0.26202,0.038108,0.000012,0.008359,0.011257,0.035023,0.044483,0.131738,0.000093,0.078432,0.000622,0.000024,,3407200,,
0,6,,0.127942,0.040306,0.069824,0.124856,0.01511,0.007222,0.238746,0.037126,0.000111,0.019292,0.027207,0.028635,0.045621,0.126578,0.001321,0.089185,0.000845,0.000073,,2946600,,
0,6,,0.111646,0.035091,0.070948,0.163837,0.012929,0.004333,0.260132,0.035856,0.00059,0.012093,0.021887,0.023416,0.045424,0.121056,0.000838,0.073548,0.005983,0.000393,,2990300,,
0,7,,0.09625,0.140047,0.153804,0.022645,0.014207,0.006838,0.055577,0.164588,0.000099,0.049905,0.025338,0.005232,0.128762,0.061757,0.001862,0.07262,0.000421,0.00005,,2965000,,
0,13,,0.099114,0.064564,0.109065,0.013417,0.02584,0.017818,0.093198,0.063028,0.010615,0.04284,0.033486,0,0.086126,0.169206,0.006251,0.147544,0.015251,0.002638,,3005000,,
0,6,,0.124987,0.022283,0.055538,0.193675,0.003194,0.001089,0.234205,0.035895,0.000012,0.007895,0.01111,0.047044,0.044799,0.135155,0.000093,0.082622,0.000381,0.000024,,2963300,,
0,6,,0.105445,0.063542,0.092314,0.082255,0.008102,0.00156,0.184823,0.071004,0.001063,0.027721,0.017103,0.007475,0.051251,0.151567,0.001144,0.12674,0.006324,0.000566,,2914900,,
0,15,,0.117978,0.056548,0.120129,0.048671,0.023672,0.007449,0.082133,0.069207,0.003931,0.028521,0.02698,0.006475,0.09874,0.109988,0.007546,0.171826,0.019017,0.001187,,2933500,,
0,13,,0.099114,0.064564,0.109065,0.013417,0.02584,0.017818,0.093198,0.063028,0.010615,0.04284,0.033486,0,0.086126,0.169206,0.006251,0.147544,0.015251,0.002638,,2922000,,
0,13,,0.117012,0.042866,0.091779,0.049699,0.009822,0.007775,0.159213,0.046945,0.004092,0.020602,0.020063,0.006323,0.06054,0.221582,0.001709,0.13072,0.008363,0.000894,,2940800,,
0,6,,0.114813,0.032931,0.065622,0.141595,0.016464,0.005457,0.252061,0.024892,0.001208,0.010531,0.015893,0.018569,0.045784,0.157384,0.001071,0.088945,0.006388,0.000393,,2949500,,
0,6,,0.103463,0.029794,0.057524,0.170436,0.004681,0.000574,0.254892,0.032399,0.001689,0.011321,0.004768,0.025139,0.037902,0.144932,0.000532,0.112043,0.007345,0.000566,,2966800,,
0,15,,0.138528,0.069283,0.153276,0.010807,0.040017,0.007798,0.039867,0.089663,0.002602,0.032064,0.032803,0.000716,0.092077,0.08577,0.007432,0.16871,0.027677,0.00091,,2946000,,
0,6,,0.12015,0.017292,0.054673,0.220467,0.002797,0.000839,0.254726,0.021878,0.000491,0.003823,0.005234,0.039359,0.031526,0.143306,0.000096,0.079093,0.003908,0.000343,,2937300,,
0,13,,0.11011,0.030696,0.086915,0.081978,0.010587,0.006994,0.184421,0.044882,0.003298,0.016592,0.014846,0.010275,0.063808,0.203661,0.000942,0.124432,0.004961,0.000603,,2910200,,
0,6,,0.074861,0.045016,0.127628,0.076692,0.026152,0.012002,0.143595,0.062042,0.005472,0.029923,0.016446,0.010369,0.095258,0.111776,0.003832,0.133104,0.022738,0.003094,,2931000,,
0,13,,0.115872,0.052733,0.093847,0.034899,0.008749,0.007654,0.146526,0.052713,0.00484,0.025524,0.019844,0.002809,0.068466,0.213584,0.002083,0.142117,0.006847,0.000894,,2960200,,
0,6,,0.129129,0.021297,0.087174,0.137698,0.003665,0.00076,0.209597,0.035879,0.000075,0.009736,0.008986,0.03857,0.046953,0.166392,0.000032,0.103267,0.000766,0.000024,,2934100,,
0,13,,0.120761,0.043564,0.083087,0.07535,0.009091,0.007574,0.159936,0.056772,0.003548,0.018986,0.019345,0.010467,0.063432,0.202255,0.001321,0.120204,0.003703,0.000603,,2938700,,
0,6,,0.097588,0.064625,0.113278,0.065336,0.03111,0.012283,0.153264,0.046927,0.005588,0.042754,0.025936,0.004615,0.073393,0.103808,0.006664,0.131203,0.018676,0.002952,,2963900,,
0,6,,0.122638,0.025074,0.063596,0.170166,0.003749,0.000851,0.2697,0.021621,0.004749,0.00717,0.003893,0.02018,0.032555,0.157583,0.000531,0.085672,0.009387,0.000886,,2939500,,
0,13,,0.121614,0.035971,0.084326,0.071917,0.008782,0.007758,0.173156,0.047448,0.003167,0.020975,0.018812,0.010598,0.059941,0.205779,0.00094,0.123748,0.004465,0.000603,,3039800,,
0,6,,0.117436,0.039055,0.082584,0.13978,0.007127,0.002069,0.231414,0.031564,0.002372,0.013375,0.011995,0.032468,0.045379,0.145307,0.000876,0.089851,0.006783,0.000566,,2998200,,
0,6,,0.108394,0.060414,0.092942,0.072184,0.009748,0.001147,0.190233,0.070889,0.001408,0.025652,0.015401,0.005066,0.058561,0.155398,0.000529,0.124305,0.007162,0.000566,,3002000,,
0,6,,0.129129,0.021297,0.087174,0.137698,0.003665,0.00076,0.209597,0.035879,0.000075,0.009736,0.008986,0.03857,0.046953,0.166392,0.000032,0.103267,0.000766,0.000024,,2978900,,
0,15,,0.112168,0.06269,0.149017,0.014305,0.028283,0.010213,0.059572,0.07621,0.002219,0.032757,0.036092,0.001655,0.094527,0.090858,0.007577,0.20487,0.016154,0.000833,,2915900,,
0,13,,0.118006,0.042483,0.115496,0.030023,0.014488,0.012926,0.125099,0.05416,0.003175,0.022281,0.022601,0.001655,0.092541,0.191668,0.001882,0.146074,0.004789,0.000652,,2992600,,
0,13,,0.099275,0.044559,0.109909,0.025108,0.023323,0.017832,0.121258,0.050087,0.003632,0.027768,0.029661,0.000164,0.066089,0.210678,0.011325,0.150705,0.007973,0.000652,,2983900,,
0,13,,0.106053,0.033424,0.096716,0.059829,0.008848,0.007509,0.173903,0.042088,0.004264,0.016782,0.012428,0.005641,0.075758,0.215879,0.001265,0.131153,0.007196,0.001265,,3037800,,
0,7,,0.106481,0.135804,0.126233,0.033625,0.021488,0.010161,0.07193,0.154483,0.000361,0.045703,0.0288,0.005641,0.124565,0.062009,0.004497,0.067748,0.000421,0.00005,,2922400,,
0,13,,0.108846,0.052387,0.113981,0.032283,0.017466,0.010354,0.118431,0.058987,0.003949,0.027225,0.029003,0.005232,0.08296,0.184351,0.001447,0.147613,0.004832,0.000652,,2953400,,
0,13,,0.106576,0.041399,0.091779,0.056366,0.014351,0.009353,0.164752,0.048762,0.005079,0.023598,0.017456,0.00718,0.079795,0.194906,0.001379,0.131923,0.004694,0.000652,,3195300,,
0,13,,0.10606,0.037689,0.092701,0.048249,0.009057,0.008013,0.151689,0.049547,0.005769,0.028123,0.014938,0.005641,0.061865,0.206774,0.002071,0.164005,0.006915,0.000894,,2965100,,
0,6,,0.126668,0.045723,0.090347,0.092186,0.018514,0.004738,0.228092,0.041192,0.000111,0.025483,0.021731,0.012801,0.055608,0.132977,0.001066,0.101582,0.001106,0.000073,,2951400,,
0,13,,0.138458,0.041322,0.078144,0.050209,0.008504,0.00715,0.158175,0.038646,0.006857,0.018232,0.016248,0.002248,0.057933,0.215669,0.002573,0.145148,0.013526,0.000957,,2970500,,
0,6,,0.12168,0.020686,0.085431,0.154803,0.003933,0.00076,0.18864,0.026198,0.000075,0.009377,0.008302,0.080992,0.042133,0.163093,0.000032,0.093067,0.000774,0.000024,,2964300,,
0,6,,0.115462,0.035606,0.085617,0.120804,0.014673,0.005825,0.221223,0.033058,0.000174,0.014353,0.026342,0.024585,0.044457,0.155685,0.001071,0.100079,0.000913,0.000073,,2977000,,
0,7,,0.101237,0.148791,0.138636,0.006987,0.017799,0.006555,0.036897,0.196195,0.000099,0.06384,0.028351,0.000093,0.116139,0.048309,0.001829,0.087521,0.000673,0.00005,,2937500,,
0,13,,0.121279,0.041823,0.110839,0.028101,0.008972,0.007677,0.132496,0.055965,0.004692,0.02163,0.01637,0.001655,0.086193,0.192483,0.001265,0.159855,0.007811,0.000894,,2952300,,
0,13,,0.122373,0.037562,0.120652,0.036063,0.010781,0.00801,0.133235,0.047145,0.004002,0.019311,0.01775,0.001655,0.083718,0.199236,0.001625,0.147762,0.008226,0.000894,,2983900,,
0,7,,0.104621,0.14913,0.125131,0.031933,0.014195,0.007029,0.06333,0.173782,0.000099,0.050888,0.025829,0.005232,0.111142,0.058464,0.001505,0.076968,0.000421,0.000301,,2932800,,
0,13,,0.111176,0.042084,0.102912,0.03654,0.010871,0.008094,0.135925,0.048376,0.005506,0.029179,0.020377,0.005232,0.063421,0.202825,0.002071,0.167603,0.006915,0.000894,,2916100,,
0,15,,0.112851,0.069539,0.139033,0.029388,0.024561,0.005196,0.07676,0.081199,0.004418,0.034391,0.027402,0.005232,0.095531,0.104214,0.005311,0.162802,0.020985,0.001187,,2947000,,
