chess-krvk,CWE,test,1,NANOSECONDS,PREDICTIONS, Generated by ClassifierExperiments.java on 2022-05-16 20:38:51.    SYSTEMPROPERTIES:{user.name:matth,os.arch:amd64,os.name:Windows 10},ENDSYSTEMPROPERTIES
No parameter info
0.26708185053380784,1458131100,23911326800,-1,0,18,,-1,-1
0,6,,0.104099,0.04359,0.091366,0.135857,0.00836,0.001632,0.152308,0.056674,0.00009,0.021903,0.016334,0.068323,0.055541,0.138659,0.000069,0.103356,0.001769,0.00007,,4833400,,
0,13,,0.104274,0.062013,0.115492,0.034541,0.012592,0.005993,0.120566,0.074591,0.003651,0.03211,0.024028,0.002029,0.068414,0.184453,0.002176,0.143431,0.008809,0.000836,,5210400,,
0,13,,0.103703,0.070362,0.120652,0.022196,0.021339,0.009159,0.105872,0.082578,0.002503,0.036211,0.032574,0.000062,0.079143,0.166382,0.00151,0.140284,0.005003,0.000466,,4322000,,
0,6,,0.131095,0.042251,0.067504,0.128614,0.016595,0.005833,0.220755,0.035183,0.003318,0.020829,0.01948,0.015028,0.041296,0.140538,0.002948,0.101703,0.006714,0.000318,,4558200,,
0,6,,0.112212,0.018805,0.068227,0.186839,0.004328,0.003171,0.215327,0.029381,0.001061,0.014704,0.005446,0.078213,0.045335,0.134706,0.000788,0.080002,0.001383,0.000071,,4944400,,
0,6,,0.118635,0.043762,0.08409,0.108547,0.016273,0.008708,0.20581,0.040676,0.000239,0.021373,0.025402,0.024232,0.053286,0.136706,0.002067,0.10813,0.001933,0.00013,,4260300,,
0,13,,0.104858,0.053654,0.10666,0.036619,0.025808,0.017634,0.122994,0.055786,0.003108,0.026932,0.027957,0.001613,0.074471,0.18046,0.008679,0.144714,0.007588,0.000466,,4523700,,
0,13,,0.117863,0.055084,0.109256,0.034584,0.020696,0.009047,0.134543,0.059246,0.002731,0.030001,0.027347,0.003221,0.074766,0.176912,0.001542,0.138112,0.00458,0.000466,,6949300,,
0,6,,0.118333,0.021059,0.06468,0.163409,0.006236,0.001391,0.243388,0.042094,0.001095,0.011916,0.007992,0.031844,0.050699,0.143255,0.000161,0.090427,0.001982,0.000039,,3751200,,
0,6,,0.103782,0.03575,0.086037,0.065761,0.019731,0.009395,0.21645,0.041071,0.003703,0.02109,0.013081,0.005122,0.055905,0.17936,0.005463,0.126269,0.010435,0.001597,,3643500,,
0,6,,0.115637,0.025073,0.079693,0.151981,0.005503,0.001454,0.226819,0.035248,0.000542,0.009047,0.013128,0.028089,0.051473,0.154156,0.0001,0.10061,0.001376,0.000071,,4927200,,
0,13,,0.106534,0.052847,0.117686,0.041305,0.016726,0.009285,0.132038,0.058649,0.00253,0.026966,0.025166,0.003577,0.084876,0.169462,0.001543,0.14597,0.004389,0.00045,,5002900,,
0,1,,0.111196,0.126201,0.103735,0.05497,0.018387,0.010313,0.107351,0.122233,0.002521,0.047543,0.027862,0.006072,0.075127,0.093762,0.004214,0.084544,0.003721,0.000248,,5139300,,
0,15,,0.11586,0.068409,0.121303,0.041562,0.018181,0.00457,0.101734,0.069288,0.003528,0.032162,0.022603,0.005317,0.088079,0.115918,0.004357,0.168614,0.017106,0.001412,,4255800,,
0,15,,0.098445,0.063475,0.129199,0.015415,0.04034,0.015371,0.082202,0.076216,0.003499,0.035735,0.040559,0.000121,0.094922,0.111852,0.009194,0.16527,0.016809,0.001376,,3889900,,
0,13,,0.108838,0.052677,0.105568,0.052765,0.017024,0.008951,0.140831,0.054655,0.002763,0.022888,0.026811,0.006697,0.068351,0.178382,0.001543,0.145897,0.004908,0.00045,,3893500,,
0,6,,0.118833,0.046331,0.081895,0.104962,0.016581,0.009662,0.203999,0.045476,0.000927,0.022396,0.027037,0.024973,0.054126,0.135628,0.001949,0.103064,0.001999,0.000162,,4459000,,
0,7,,0.118813,0.115179,0.124366,0.040523,0.018682,0.010302,0.090616,0.125054,0.000649,0.043874,0.031303,0.010416,0.095339,0.08401,0.002114,0.0874,0.001268,0.000091,,5161400,,
0,13,,0.103244,0.045887,0.098688,0.040608,0.019116,0.014307,0.13476,0.051483,0.004928,0.022901,0.019145,0.002484,0.067706,0.202703,0.008404,0.150955,0.011777,0.000904,,4055500,,
0,6,,0.105629,0.043831,0.101044,0.063605,0.031142,0.013407,0.180956,0.055677,0.00109,0.023072,0.027851,0.007295,0.067579,0.150708,0.005869,0.115063,0.006069,0.000114,,4051900,,
0,15,,0.110808,0.05118,0.106153,0.064016,0.02027,0.004898,0.127959,0.054605,0.005781,0.028239,0.024327,0.001752,0.065635,0.13575,0.007544,0.163085,0.023902,0.004096,,5252400,,
0,7,,0.117221,0.124444,0.132533,0.023277,0.016534,0.008181,0.079926,0.136191,0.000247,0.047249,0.026641,0.002153,0.105177,0.077892,0.001581,0.099104,0.001573,0.000074,,3795500,,
0,13,,0.107429,0.041489,0.088809,0.063254,0.008532,0.005118,0.173763,0.051398,0.004867,0.018317,0.011946,0.008021,0.071036,0.192544,0.001507,0.14118,0.009864,0.000927,,3778200,,
0,6,,0.105411,0.042117,0.100209,0.078493,0.014671,0.005442,0.215397,0.046253,0.000239,0.020481,0.022975,0.009085,0.06512,0.146128,0.001079,0.124307,0.001888,0.000705,,4337100,,
0,6,,0.109334,0.026119,0.085709,0.10256,0.016739,0.00966,0.217162,0.041904,0.000665,0.017659,0.015388,0.011661,0.059707,0.166533,0.007171,0.107331,0.00466,0.000039,,3788400,,
0,13,,0.099542,0.052185,0.110629,0.032411,0.02848,0.017242,0.122617,0.064843,0.003156,0.023401,0.027072,0.002177,0.082664,0.176483,0.006166,0.142431,0.008052,0.00045,,4480500,,
0,13,,0.105381,0.056812,0.104389,0.062166,0.010024,0.007068,0.134652,0.079694,0.002535,0.027862,0.023153,0.008209,0.067942,0.177543,0.001305,0.127702,0.003187,0.000375,,4285900,,
0,13,,0.113645,0.041504,0.098233,0.061928,0.010003,0.006808,0.158658,0.045556,0.003521,0.017709,0.017791,0.01134,0.070846,0.192431,0.002878,0.137756,0.008554,0.000837,,3886400,,
0,13,,0.109328,0.033995,0.090804,0.089908,0.007797,0.005244,0.184509,0.043757,0.002013,0.014152,0.016093,0.012985,0.069088,0.185157,0.000656,0.130097,0.003818,0.000596,,5342600,,
0,13,,0.103361,0.052959,0.111135,0.034355,0.028337,0.017339,0.120349,0.065732,0.003126,0.023368,0.027115,0.003007,0.081839,0.174019,0.006201,0.139427,0.00788,0.00045,,3712900,,
0,6,,0.138583,0.017542,0.080089,0.137762,0.006436,0.001575,0.240281,0.036054,0.000682,0.006913,0.005601,0.017191,0.041419,0.147627,0.001546,0.113971,0.006501,0.000227,,4466600,,
0,13,,0.115075,0.047844,0.080327,0.060808,0.013492,0.00492,0.175752,0.049095,0.004582,0.015702,0.01399,0.006652,0.05566,0.209766,0.002372,0.126742,0.015833,0.001388,,3449100,,
0,13,,0.089412,0.048407,0.120745,0.018217,0.024267,0.013169,0.113694,0.065102,0.01069,0.031815,0.021531,0,0.094553,0.169893,0.004133,0.147836,0.021881,0.004656,,4577700,,
0,15,,0.115409,0.069574,0.119543,0.040523,0.026059,0.01083,0.092429,0.070839,0.00198,0.036994,0.035369,0.010416,0.081595,0.114147,0.005235,0.156849,0.01126,0.000949,,7601500,,
0,6,,0.11401,0.0331,0.066952,0.129627,0.006508,0.001502,0.249324,0.034517,0.003546,0.010154,0.005754,0.016771,0.05212,0.163427,0.000985,0.097816,0.012696,0.001189,,6058500,,
0,15,,0.100512,0.068547,0.118075,0.055452,0.025151,0.008356,0.10497,0.071756,0.002508,0.031987,0.028813,0.009104,0.085513,0.112397,0.004553,0.15962,0.011909,0.000779,,5125600,,
0,15,,0.112191,0.057667,0.119273,0.052173,0.019442,0.005798,0.104076,0.064322,0.003148,0.026533,0.024769,0.01134,0.087986,0.129599,0.005896,0.158857,0.015686,0.001243,,4104600,,
0,6,,0.102298,0.063783,0.101345,0.069586,0.02041,0.006394,0.149884,0.075805,0.000271,0.032206,0.031141,0.011222,0.065563,0.139812,0.001132,0.126253,0.002733,0.000161,,4476100,,
0,13,,0.116895,0.04723,0.086368,0.058676,0.018254,0.01016,0.15877,0.045748,0.005085,0.030297,0.024413,0.004373,0.052212,0.196176,0.004995,0.132211,0.007512,0.000623,,6657300,,
0,6,,0.123619,0.025029,0.052741,0.176736,0.005653,0.002056,0.263616,0.030728,0.00285,0.017383,0.00792,0.023147,0.034219,0.144041,0.002701,0.082601,0.004733,0.000227,,4209500,,
0,13,,0.094328,0.053006,0.111206,0.032239,0.023449,0.01376,0.10823,0.066107,0.011562,0.040487,0.024095,0.002279,0.084772,0.165454,0.00639,0.137395,0.022599,0.002642,,4444600,,
0,6,,0.117963,0.040227,0.080598,0.113033,0.009509,0.00165,0.209711,0.047966,0.002796,0.014826,0.015669,0.021238,0.052426,0.15622,0.001027,0.105457,0.008954,0.000731,,4087600,,
0,15,,0.083329,0.066236,0.142899,0.007915,0.042552,0.014424,0.064479,0.092175,0.006956,0.045526,0.040999,0,0.111686,0.084936,0.008003,0.160931,0.02318,0.003773,,4725200,,
0,15,,0.108253,0.067269,0.138221,0.031534,0.024235,0.008411,0.081014,0.077355,0.001854,0.033866,0.032605,0.002153,0.103743,0.103625,0.004462,0.168536,0.011651,0.001212,,5089900,,
0,13,,0.103047,0.041481,0.086277,0.079406,0.009131,0.005003,0.178656,0.045465,0.004825,0.013959,0.012156,0.009394,0.059929,0.201007,0.001536,0.134323,0.013072,0.001334,,4444900,,
0,13,,0.111086,0.047283,0.102089,0.042432,0.008804,0.005213,0.153843,0.054076,0.004361,0.019275,0.015231,0.004267,0.074075,0.194765,0.001395,0.151919,0.008958,0.000929,,4489100,,
0,13,,0.104818,0.047129,0.100132,0.043166,0.018888,0.014085,0.137421,0.051777,0.004762,0.022701,0.018926,0.001613,0.071591,0.194966,0.008387,0.146778,0.011953,0.000907,,4457600,,
0,6,,0.104075,0.038453,0.077429,0.132269,0.015936,0.005975,0.223017,0.041703,0.001262,0.019547,0.01603,0.024857,0.057493,0.133664,0.001196,0.104603,0.002377,0.000114,,3887400,,
0,6,,0.104281,0.036666,0.080746,0.10198,0.007233,0.005575,0.191954,0.050075,0.002841,0.016803,0.01246,0.015179,0.061369,0.184528,0.000816,0.123859,0.003259,0.000375,,4099700,,
0,13,,0.098886,0.049706,0.10617,0.030677,0.028677,0.018641,0.125241,0.054435,0.003138,0.030956,0.029119,0.001592,0.068176,0.188564,0.008768,0.148612,0.008178,0.000466,,4273200,,
0,13,,0.103361,0.052959,0.111135,0.034355,0.028337,0.017339,0.120349,0.065732,0.003126,0.023368,0.027115,0.003007,0.081839,0.174019,0.006201,0.139427,0.00788,0.00045,,4015500,,
0,15,,0.118069,0.067891,0.122164,0.038463,0.030782,0.007677,0.09252,0.071706,0.00196,0.037522,0.034605,0.007829,0.084279,0.114574,0.004482,0.152708,0.011819,0.000949,,4606500,,
0,13,,0.117012,0.034885,0.104367,0.071403,0.007152,0.007016,0.161087,0.047919,0.002013,0.018417,0.017401,0.012402,0.073849,0.179281,0.00177,0.140493,0.003159,0.000375,,3565700,,
0,6,,0.092669,0.042629,0.09714,0.100718,0.025112,0.009896,0.166665,0.054899,0.006422,0.037286,0.01724,0.015317,0.073947,0.126101,0.004659,0.109798,0.017659,0.001845,,3888800,,
0,15,,0.112726,0.067621,0.121244,0.047425,0.026334,0.007791,0.086801,0.072758,0.002107,0.033745,0.031808,0.011519,0.090585,0.114721,0.00456,0.155776,0.011624,0.000856,,4906200,,
0,6,,0.101745,0.067543,0.105601,0.070575,0.020287,0.006468,0.155904,0.076184,0.000503,0.030662,0.030939,0.009396,0.069074,0.130458,0.001165,0.120312,0.003021,0.000162,,3467100,,
0,6,,0.105077,0.022528,0.080406,0.104946,0.017102,0.008665,0.222565,0.038418,0.001209,0.011062,0.012524,0.015728,0.056921,0.175,0.004317,0.118444,0.004459,0.000629,,5704700,,
0,6,,0.088323,0.033059,0.108884,0.093716,0.023145,0.009312,0.183148,0.052783,0.005913,0.024464,0.015206,0.012861,0.083025,0.124694,0.00285,0.119143,0.016156,0.00332,,3618000,,
0,6,,0.115215,0.036898,0.086261,0.114997,0.007253,0.001454,0.21245,0.04011,0.002807,0.013256,0.013328,0.019555,0.052516,0.159149,0.000941,0.114657,0.00839,0.000764,,5144700,,
0,15,,0.103705,0.075537,0.137731,0.026308,0.021843,0.004938,0.074947,0.091066,0.00288,0.041937,0.033069,0.002029,0.084886,0.116301,0.005116,0.160339,0.016047,0.001319,,4827200,,
0,13,,0.116963,0.039656,0.092052,0.07825,0.008299,0.005409,0.166943,0.05037,0.002102,0.019905,0.015492,0.013271,0.06608,0.184234,0.000655,0.136055,0.00389,0.000375,,4916400,,
0,13,,0.109502,0.054137,0.108308,0.043524,0.01735,0.009001,0.141089,0.057045,0.002747,0.023747,0.026941,0.006697,0.078093,0.174634,0.001544,0.140323,0.004869,0.00045,,4186000,,
0,7,,0.114932,0.119846,0.13257,0.025264,0.018954,0.008421,0.074748,0.140657,0.000686,0.047354,0.031663,0.002592,0.105424,0.077967,0.001614,0.09502,0.002215,0.000074,,5275100,,
0,6,,0.110687,0.041061,0.072854,0.121327,0.007508,0.001414,0.227275,0.039634,0.002308,0.015165,0.01234,0.022886,0.052549,0.156303,0.000912,0.107022,0.008022,0.000732,,3910000,,
0,2,,0.106325,0.113595,0.139257,0.026662,0.015957,0.007454,0.088222,0.128592,0.000442,0.040599,0.025282,0.003182,0.109466,0.087038,0.001342,0.104397,0.002098,0.00009,,4330100,,
0,13,,0.095432,0.053037,0.106235,0.063891,0.011852,0.005355,0.144544,0.074441,0.002329,0.026823,0.021688,0.005992,0.070774,0.18034,0.000655,0.133029,0.003208,0.000375,,4325400,,
0,15,,0.09461,0.064271,0.131186,0.022793,0.039046,0.015419,0.075853,0.08442,0.002634,0.033322,0.037453,0.001273,0.098589,0.111764,0.009895,0.159584,0.016973,0.000914,,3900300,,
0,6,,0.140295,0.016378,0.074875,0.157406,0.006907,0.001461,0.222359,0.033733,0.000687,0.006473,0.005683,0.025857,0.040309,0.145633,0.001546,0.11319,0.006982,0.000227,,4515000,,
0,2,,0.113372,0.112639,0.124253,0.044734,0.01842,0.007147,0.096997,0.122409,0.000149,0.043168,0.030126,0.007381,0.097718,0.086982,0.00123,0.090978,0.001625,0.000672,,4317300,,
0,15,,0.103134,0.083886,0.142892,0.013963,0.03059,0.008104,0.060252,0.099053,0.001732,0.046039,0.041615,0.000062,0.095614,0.09823,0.00445,0.157192,0.012242,0.000949,,4029300,,
0,13,,0.116169,0.056494,0.105264,0.04315,0.01698,0.009179,0.132222,0.056841,0.002283,0.028996,0.025459,0.006182,0.073371,0.176134,0.00151,0.14448,0.00482,0.000466,,3958700,,
0,13,,0.108366,0.044245,0.101293,0.049188,0.009356,0.006731,0.15375,0.04839,0.004775,0.024553,0.018596,0.006697,0.064891,0.196788,0.002482,0.149998,0.008975,0.000927,,4350000,,
0,15,,0.111709,0.062993,0.11021,0.059527,0.024639,0.008039,0.100539,0.070018,0.003099,0.033546,0.026909,0.012855,0.088332,0.114969,0.00456,0.155577,0.011624,0.000856,,4225700,,
0,13,,0.104492,0.043321,0.08858,0.066398,0.008076,0.0049,0.174866,0.053599,0.004559,0.018064,0.012678,0.008751,0.068253,0.19412,0.001536,0.137427,0.009477,0.000904,,4045700,,
0,6,,0.121662,0.027471,0.092291,0.115752,0.007117,0.001653,0.217846,0.049688,0.00053,0.014774,0.014038,0.018557,0.061664,0.147471,0.000161,0.107306,0.001982,0.000039,,4656800,,
0,6,,0.108469,0.044193,0.094049,0.079572,0.026761,0.013774,0.185194,0.045651,0.001148,0.0229,0.024397,0.007718,0.062962,0.150689,0.00807,0.118625,0.005666,0.000162,,4652900,,
0,6,,0.123338,0.045598,0.090838,0.086367,0.010434,0.001186,0.211676,0.048728,0.002846,0.01983,0.011429,0.010903,0.058425,0.154255,0.000972,0.11391,0.008535,0.000731,,4318600,,
0,6,,0.119713,0.045178,0.080005,0.115024,0.017211,0.006141,0.197881,0.043519,0.000271,0.020887,0.024256,0.026314,0.05465,0.137932,0.001132,0.106992,0.002733,0.000161,,4159500,,
0,13,,0.094328,0.053006,0.111206,0.032239,0.023449,0.01376,0.10823,0.066107,0.011562,0.040487,0.024095,0.002279,0.084772,0.165454,0.00639,0.137395,0.022599,0.002642,,3816700,,
0,7,,0.110792,0.115632,0.101636,0.055539,0.015237,0.010412,0.100385,0.135535,0.000869,0.042076,0.022985,0.012677,0.100424,0.084095,0.003071,0.087415,0.001146,0.000074,,3681200,,
0,15,,0.116155,0.06474,0.119237,0.042367,0.01838,0.004562,0.097113,0.068189,0.003241,0.033529,0.022868,0.006182,0.084769,0.121235,0.004401,0.174704,0.01692,0.001409,,3705300,,
0,13,,0.102755,0.072311,0.119762,0.03172,0.02066,0.009182,0.105232,0.082597,0.002514,0.035513,0.031783,0.002605,0.078736,0.162147,0.001543,0.135403,0.005072,0.000466,,4754800,,
0,6,,0.101861,0.032592,0.088884,0.068892,0.020689,0.009754,0.215508,0.038864,0.002811,0.016479,0.014258,0.005449,0.05493,0.181015,0.005514,0.131042,0.010212,0.001245,,4447800,,
0,6,,0.112342,0.021378,0.0637,0.156326,0.004381,0.001157,0.257304,0.037524,0.000894,0.010234,0.005458,0.02716,0.052339,0.155966,0.0001,0.091798,0.001868,0.00007,,6179300,,
0,7,,0.105911,0.133276,0.12811,0.023487,0.023007,0.007656,0.057981,0.161815,0.000413,0.056059,0.036647,0.002605,0.102598,0.069874,0.001361,0.08679,0.002318,0.000091,,5309600,,
0,6,,0.114571,0.045097,0.094332,0.082775,0.016044,0.005984,0.199147,0.046886,0.00048,0.021392,0.022096,0.013534,0.064215,0.144893,0.001177,0.124581,0.002637,0.00016,,5730500,,
0,13,,0.102282,0.051201,0.096171,0.065479,0.016178,0.008926,0.164066,0.053388,0.002957,0.019258,0.021051,0.007644,0.066027,0.181288,0.001509,0.132391,0.009217,0.000968,,3554200,,
0,6,,0.11333,0.025124,0.084044,0.123543,0.004658,0.002384,0.239462,0.037362,0.00009,0.015292,0.014391,0.021075,0.052307,0.15391,0.000874,0.110921,0.001192,0.000039,,3920100,,
0,6,,0.087376,0.037694,0.094517,0.100285,0.006353,0.001115,0.206762,0.064434,0.00009,0.016052,0.017001,0.011171,0.06151,0.1667,0.0001,0.127204,0.001155,0.00048,,5229300,,
0,6,,0.113775,0.042699,0.088173,0.103457,0.018819,0.009536,0.197925,0.04421,0.001209,0.019388,0.025478,0.024996,0.060706,0.137991,0.002013,0.107515,0.001966,0.000145,,5011600,,
0,7,,0.11121,0.114991,0.125098,0.043437,0.016722,0.010417,0.087139,0.130392,0.000214,0.040261,0.027348,0.01134,0.101308,0.083536,0.003071,0.092297,0.001146,0.000074,,4164200,,
0,6,,0.103893,0.045091,0.091097,0.10779,0.007378,0.002668,0.184503,0.068376,0.00009,0.024598,0.020414,0.017795,0.057113,0.151677,0.000628,0.115686,0.001165,0.000039,,4100300,,
0,6,,0.109664,0.043749,0.100097,0.120941,0.011382,0.001402,0.158035,0.05877,0.000538,0.022184,0.016907,0.053134,0.058134,0.139992,0.00013,0.103345,0.001559,0.000039,,7026200,,
0,7,,0.118563,0.120764,0.128129,0.030755,0.02052,0.011821,0.083109,0.132477,0.00056,0.041692,0.024613,0.004256,0.084308,0.080538,0.005265,0.107435,0.004964,0.000231,,4052800,,
0,6,,0.084632,0.058595,0.108615,0.058173,0.018943,0.005733,0.169899,0.071309,0.000532,0.025784,0.029006,0.006276,0.071535,0.150137,0.001178,0.136694,0.002829,0.00013,,5929600,,
0,6,,0.107721,0.040775,0.079215,0.129188,0.01576,0.006056,0.216771,0.044754,0.000931,0.01827,0.018571,0.023344,0.053463,0.133635,0.001242,0.107452,0.002707,0.000146,,4229800,,
0,6,,0.111513,0.03807,0.073149,0.115423,0.021651,0.009434,0.23717,0.043092,0.001374,0.017944,0.020178,0.019334,0.046834,0.138557,0.003081,0.09745,0.005444,0.000302,,5561800,,
0,6,,0.112212,0.018805,0.068227,0.186839,0.004328,0.003171,0.215327,0.029381,0.001061,0.014704,0.005446,0.078213,0.045335,0.134706,0.000788,0.080002,0.001383,0.000071,,4169300,,
0,13,,0.088155,0.046191,0.112728,0.060283,0.01007,0.004716,0.145646,0.069849,0.002373,0.020931,0.01953,0.004722,0.073977,0.191868,0.000655,0.144177,0.003752,0.000375,,3962600,,
0,6,,0.110696,0.021982,0.065112,0.19294,0.004766,0.002337,0.211439,0.029221,0.000993,0.01369,0.00544,0.08177,0.046667,0.131,0.000339,0.080237,0.001301,0.000071,,3943000,,
0,13,,0.107429,0.041489,0.088809,0.063254,0.008532,0.005118,0.173763,0.051398,0.004867,0.018317,0.011946,0.008021,0.071036,0.192544,0.001507,0.14118,0.009864,0.000927,,5327100,,
0,13,,0.102966,0.042378,0.087791,0.072855,0.008821,0.005117,0.181704,0.047631,0.004777,0.014706,0.012137,0.007644,0.063591,0.198045,0.001536,0.133629,0.013337,0.001333,,5134400,,
0,6,,0.108677,0.034967,0.067215,0.153681,0.005975,0.001057,0.243223,0.041387,0.003067,0.009415,0.006731,0.024574,0.052298,0.14523,0.001136,0.088227,0.01197,0.001171,,5253000,,
0,13,,0.094931,0.056525,0.1207,0.024635,0.010845,0.005153,0.115381,0.074775,0.004256,0.025592,0.020255,0.000107,0.077571,0.199593,0.001439,0.157819,0.009495,0.000927,,3785800,,
0,6,,0.10905,0.040531,0.077449,0.113462,0.015833,0.005963,0.225395,0.045453,0.001166,0.019395,0.017407,0.019633,0.059652,0.143366,0.001196,0.102088,0.002817,0.000144,,5266900,,
0,6,,0.11916,0.048938,0.084261,0.116013,0.017088,0.006215,0.203901,0.043898,0.000503,0.019342,0.024054,0.024489,0.058162,0.128578,0.001165,0.101051,0.003021,0.000162,,7955600,,
0,6,,0.108081,0.022841,0.063222,0.192425,0.004177,0.001057,0.25289,0.03691,0.000736,0.005515,0.006689,0.034487,0.053179,0.136036,0.000256,0.075827,0.00517,0.000501,,6130000,,
0,6,,0.111043,0.033275,0.069601,0.121508,0.006199,0.001157,0.239553,0.042126,0.003058,0.01461,0.005853,0.019633,0.056183,0.160819,0.000985,0.104647,0.008991,0.00076,,3885200,,
0,15,,0.096895,0.074845,0.136295,0.027587,0.021149,0.004291,0.078197,0.091519,0.00288,0.041671,0.032037,0.000062,0.086632,0.120461,0.00431,0.162502,0.016668,0.001999,,5971700,,
0,7,,0.094144,0.132958,0.126122,0.022793,0.025894,0.016272,0.074758,0.138589,0.000856,0.042575,0.032604,0.001273,0.100866,0.086796,0.005261,0.093206,0.004824,0.00021,,3936500,,
0,15,,0.113496,0.068752,0.133551,0.025264,0.028271,0.008852,0.076187,0.084082,0.002326,0.037724,0.036763,0.002592,0.098237,0.10185,0.004593,0.164543,0.012061,0.000856,,7864100,,
0,6,,0.116889,0.047232,0.085564,0.10064,0.017328,0.006295,0.203289,0.045899,0.000337,0.020541,0.023861,0.020583,0.056997,0.141591,0.001196,0.109313,0.002301,0.000144,,4724800,,
0,15,,0.113626,0.066046,0.137409,0.028265,0.024849,0.011632,0.076532,0.074951,0.001854,0.033586,0.032209,0.005941,0.102358,0.102056,0.00605,0.170787,0.010992,0.000856,,4003900,,
0,6,,0.106271,0.020386,0.066192,0.206119,0.003724,0.001048,0.218717,0.026485,0.000542,0.010951,0.004472,0.070249,0.0414,0.136055,0.000176,0.085512,0.001661,0.000039,,5599400,,
0,13,,0.103382,0.066889,0.121026,0.027124,0.019704,0.011278,0.105389,0.079973,0.00225,0.036632,0.03281,0.002029,0.075113,0.168267,0.002322,0.141203,0.004143,0.000466,,4421100,,
0,13,,0.101768,0.043244,0.103226,0.032274,0.020259,0.013483,0.142747,0.050317,0.004849,0.018412,0.018749,0.000121,0.070716,0.202918,0.005565,0.15774,0.011612,0.002001,,4471600,,
0,6,,0.10845,0.035008,0.066084,0.139186,0.00623,0.001057,0.247807,0.03935,0.002962,0.010226,0.006896,0.021021,0.054141,0.155584,0.001175,0.091455,0.012201,0.001167,,4497200,,
0,6,,0.139585,0.017478,0.081227,0.163407,0.006642,0.001696,0.228858,0.035628,0.000439,0.006811,0.005703,0.021382,0.044252,0.13296,0.001546,0.105577,0.00658,0.000228,,4084600,,
0,6,,0.123057,0.028714,0.086065,0.150977,0.005802,0.001402,0.206653,0.030309,0.00031,0.013959,0.009789,0.057955,0.051529,0.138725,0.000069,0.092605,0.002011,0.00007,,4658300,,
0,15,,0.103705,0.075537,0.137731,0.026308,0.021843,0.004938,0.074947,0.091066,0.00288,0.041937,0.033069,0.002029,0.084886,0.116301,0.005116,0.160339,0.016047,0.001319,,5799400,,
0,13,,0.090275,0.059321,0.119429,0.024428,0.030179,0.017214,0.102532,0.068447,0.009999,0.045419,0.033525,0.000917,0.087717,0.147644,0.006611,0.135675,0.018465,0.002203,,4602000,,
0,6,,0.1087,0.023962,0.066552,0.168901,0.006217,0.001499,0.251366,0.033519,0.000859,0.007131,0.0076,0.026774,0.051038,0.149813,0.000237,0.089903,0.005462,0.000469,,4601700,,
0,6,,0.129185,0.03674,0.065253,0.119172,0.006921,0.001247,0.249476,0.033819,0.004429,0.019836,0.011087,0.008942,0.038458,0.158597,0.003342,0.098242,0.014065,0.001191,,4629900,,
0,13,,0.115474,0.047571,0.108592,0.039703,0.009983,0.006961,0.144672,0.05164,0.004761,0.024022,0.01654,0.004754,0.078475,0.186422,0.002454,0.14847,0.008577,0.000928,,3972200,,
0,6,,0.111054,0.043049,0.082179,0.112086,0.015935,0.006007,0.213282,0.042003,0.000239,0.020956,0.025566,0.020127,0.05562,0.139606,0.001034,0.108201,0.002344,0.000711,,4805500,,
0,13,,0.116139,0.0544,0.096693,0.049937,0.016756,0.01194,0.146761,0.054954,0.002751,0.027038,0.028013,0.010416,0.066265,0.179912,0.002296,0.131242,0.004021,0.000466,,3872800,,
0,13,,0.117054,0.05232,0.098235,0.05198,0.016645,0.011089,0.148534,0.051166,0.00225,0.026194,0.026174,0.009348,0.066476,0.181229,0.002322,0.134374,0.004143,0.000466,,4597000,,
0,13,,0.127855,0.04396,0.083008,0.055831,0.009087,0.004531,0.17401,0.039927,0.006657,0.018668,0.013287,0.001752,0.056386,0.214919,0.003691,0.130636,0.014409,0.001386,,3678800,,
0,13,,0.103432,0.068696,0.118114,0.031587,0.020822,0.009107,0.101387,0.082224,0.002283,0.036999,0.031996,0.003471,0.07619,0.166598,0.00151,0.140298,0.00482,0.000466,,3654900,,
0,13,,0.109815,0.040414,0.089978,0.074162,0.009324,0.005456,0.177165,0.042307,0.00545,0.014196,0.011622,0.006937,0.05841,0.197165,0.001463,0.141787,0.012992,0.001358,,4877200,,
0,6,,0.107742,0.044721,0.095727,0.095282,0.011382,0.001402,0.186154,0.074033,0.000538,0.022139,0.018234,0.01285,0.065938,0.151918,0.00013,0.110212,0.001559,0.000039,,4088400,,
0,6,,0.10562,0.023845,0.083864,0.091663,0.017366,0.008665,0.228267,0.03775,0.001094,0.011166,0.011995,0.010056,0.059369,0.179512,0.004317,0.120419,0.004403,0.000628,,3790200,,
0,13,,0.112197,0.037079,0.09414,0.073798,0.007622,0.005187,0.16903,0.047838,0.002355,0.016451,0.014786,0.010625,0.06871,0.191516,0.000655,0.143975,0.003661,0.000375,,4481200,,
0,15,,0.099258,0.066262,0.129198,0.013767,0.038875,0.015339,0.077365,0.073611,0.003387,0.033886,0.037162,0.000121,0.098379,0.116184,0.009161,0.169965,0.0167,0.001381,,4016400,,
0,6,,0.102482,0.038644,0.095339,0.057479,0.029535,0.015074,0.200819,0.045567,0.001612,0.022391,0.025465,0.005122,0.060279,0.162088,0.005498,0.126744,0.005142,0.00072,,4408200,,
0,6,,0.105988,0.038541,0.088915,0.087825,0.006602,0.0009,0.224559,0.042977,0.002336,0.01593,0.009968,0.010935,0.062933,0.164433,0.000922,0.126817,0.008685,0.000733,,4763000,,
0,6,,0.108081,0.022841,0.063222,0.192425,0.004177,0.001057,0.25289,0.03691,0.000736,0.005515,0.006689,0.034487,0.053179,0.136036,0.000256,0.075827,0.00517,0.000501,,5671600,,
0,13,,0.117568,0.050118,0.099867,0.039302,0.009793,0.005394,0.153105,0.052485,0.004186,0.022724,0.01649,0.002773,0.073398,0.192447,0.001461,0.148056,0.009908,0.000926,,4768200,,
0,15,,0.100023,0.068086,0.130427,0.019084,0.039819,0.015611,0.073537,0.083205,0.002778,0.034552,0.037633,0.001273,0.09909,0.109432,0.010104,0.157076,0.01749,0.000779,,4403400,,
0,13,,0.104127,0.040362,0.090479,0.063159,0.008207,0.006632,0.170201,0.048507,0.005121,0.024357,0.013118,0.008021,0.061452,0.197161,0.002482,0.146711,0.008975,0.000927,,4458700,,
0,13,,0.100297,0.038724,0.091712,0.062798,0.00777,0.004879,0.170376,0.04744,0.004093,0.018236,0.011499,0.008021,0.062785,0.204897,0.001417,0.153999,0.009766,0.00129,,4321800,,
0,6,,0.104281,0.036666,0.080746,0.10198,0.007233,0.005575,0.191954,0.050075,0.002841,0.016803,0.01246,0.015179,0.061369,0.184528,0.000816,0.123859,0.003259,0.000375,,4759900,,
0,15,,0.084527,0.065668,0.141758,0.009985,0.044083,0.016773,0.060854,0.089599,0.006956,0.04525,0.040942,0,0.108956,0.08735,0.008476,0.162234,0.02318,0.003408,,3812700,,
0,6,,0.108682,0.018647,0.065368,0.162357,0.005687,0.002863,0.247561,0.031798,0.000436,0.011773,0.007158,0.031685,0.044369,0.158926,0.001548,0.099901,0.001202,0.000039,,4867800,,
0,13,,0.105175,0.051685,0.108539,0.053162,0.012005,0.00534,0.142981,0.074752,0.002321,0.026286,0.02187,0.004174,0.07134,0.179491,0.000655,0.135775,0.004073,0.000375,,7036800,,
0,15,,0.115785,0.073351,0.133515,0.023277,0.025852,0.008612,0.081365,0.079615,0.001887,0.037619,0.031741,0.002153,0.097989,0.101775,0.004561,0.168628,0.011419,0.000856,,6646200,,
0,6,,0.117479,0.025122,0.061994,0.171838,0.005558,0.003182,0.239946,0.037626,0.001493,0.011224,0.005106,0.036602,0.049767,0.142114,0.000782,0.088967,0.00113,0.000071,,5380500,,
0,13,,0.09888,0.045883,0.098971,0.039036,0.018888,0.014309,0.144417,0.049493,0.004803,0.023753,0.01957,0.001122,0.067694,0.200435,0.008413,0.15152,0.011905,0.000908,,4059900,,
0,6,,0.089135,0.033783,0.10755,0.077459,0.023377,0.009312,0.183744,0.051177,0.0058,0.024292,0.014804,0.009813,0.083329,0.137755,0.00285,0.126316,0.016182,0.003322,,4510600,,
0,6,,0.118564,0.028559,0.082963,0.164332,0.007275,0.001218,0.193201,0.027417,0.000738,0.01075,0.013759,0.066785,0.048942,0.141154,0.000161,0.092369,0.001773,0.000039,,4832700,,
0,13,,0.102782,0.052109,0.104149,0.034323,0.021999,0.013846,0.132626,0.062059,0.005062,0.020181,0.019576,0.001384,0.075236,0.192239,0.006137,0.142713,0.012672,0.000906,,4123200,,
0,13,,0.119649,0.042895,0.080327,0.090337,0.007328,0.006914,0.179784,0.050521,0.002535,0.018193,0.01747,0.016086,0.060962,0.184085,0.001305,0.118046,0.003187,0.000375,,4502500,,
0,6,,0.119363,0.041722,0.089008,0.095212,0.007169,0.002452,0.214233,0.041911,0.001847,0.021114,0.0135,0.014345,0.053917,0.154343,0.001747,0.119703,0.007777,0.000639,,4841200,,
0,6,,0.116433,0.027918,0.088373,0.11149,0.006509,0.001361,0.240972,0.047444,0.000551,0.013505,0.010705,0.016127,0.062196,0.150349,0.000161,0.104943,0.000924,0.000039,,3962600,,
0,15,,0.111113,0.059553,0.105318,0.059064,0.019425,0.004688,0.11567,0.07231,0.00504,0.028364,0.021776,0.009328,0.082456,0.12886,0.004505,0.154273,0.016923,0.001335,,4086000,,
0,6,,0.11915,0.023133,0.062367,0.162902,0.004525,0.001182,0.251384,0.035557,0.000655,0.012065,0.00428,0.031189,0.045215,0.14823,0.0001,0.096625,0.001369,0.00007,,3697000,,
0,15,,0.109692,0.0679,0.127894,0.039998,0.020748,0.003975,0.094793,0.070169,0.004479,0.029104,0.025896,0.006697,0.088141,0.127626,0.004604,0.16003,0.016919,0.001335,,3630500,,
0,15,,0.088771,0.070555,0.133953,0.014986,0.044864,0.01654,0.053131,0.089582,0.007449,0.056568,0.044383,0.001387,0.100375,0.085708,0.011439,0.153251,0.024846,0.002212,,3762300,,
0,6,,0.116889,0.047232,0.085564,0.10064,0.017328,0.006295,0.203289,0.045899,0.000337,0.020541,0.023861,0.020583,0.056997,0.141591,0.001196,0.109313,0.002301,0.000144,,4720300,,
0,13,,0.111435,0.050158,0.104903,0.036227,0.010202,0.005231,0.153167,0.057919,0.004734,0.020138,0.015608,0.002273,0.072043,0.195634,0.001441,0.1494,0.00856,0.000929,,4075700,,
0,13,,0.092595,0.059794,0.12749,0.023799,0.018691,0.010974,0.111627,0.075791,0.002295,0.030107,0.032624,0.001629,0.076176,0.17633,0.002551,0.153095,0.003967,0.000465,,3836900,,
0,13,,0.102638,0.045737,0.089915,0.073685,0.010477,0.005236,0.175615,0.047857,0.005131,0.014872,0.012715,0.007878,0.06219,0.198445,0.001538,0.131576,0.01316,0.001335,,5907500,,
0,6,,0.100747,0.031788,0.083738,0.105665,0.009024,0.006121,0.199611,0.04109,0.002661,0.012342,0.013337,0.014766,0.057791,0.187941,0.001181,0.124156,0.007236,0.000804,,4928100,,
0,7,,0.118563,0.120764,0.128129,0.030755,0.02052,0.011821,0.083109,0.132477,0.00056,0.041692,0.024613,0.004256,0.084308,0.080538,0.005265,0.107435,0.004964,0.000231,,4855700,,
0,6,,0.107742,0.044721,0.095727,0.095282,0.011382,0.001402,0.186154,0.074033,0.000538,0.022139,0.018234,0.01285,0.065938,0.151918,0.00013,0.110212,0.001559,0.000039,,4521700,,
0,15,,0.120594,0.061632,0.133924,0.033371,0.032619,0.009459,0.08207,0.06954,0.002735,0.029301,0.028711,0.001444,0.079225,0.105664,0.007505,0.179285,0.021335,0.001587,,5154500,,
0,13,,0.110784,0.037631,0.097502,0.073655,0.007711,0.005213,0.173384,0.050185,0.002367,0.016293,0.014799,0.009285,0.07019,0.187611,0.000655,0.139079,0.003281,0.000375,,4562000,,
0,6,,0.120541,0.03864,0.076146,0.119654,0.007353,0.002449,0.221071,0.03791,0.001847,0.017222,0.014725,0.024232,0.047495,0.15494,0.001747,0.105611,0.007777,0.000639,,4480600,,
0,15,,0.096422,0.067646,0.118192,0.053975,0.025169,0.008137,0.106195,0.070769,0.002423,0.031901,0.028645,0.008751,0.086035,0.114103,0.004521,0.164379,0.011959,0.000779,,4481700,,
0,6,,0.110464,0.017957,0.06484,0.202469,0.00645,0.001319,0.239317,0.022472,0.000316,0.007075,0.00553,0.064424,0.036639,0.138616,0.000485,0.075718,0.004462,0.001446,,5385700,,
0,6,,0.095112,0.057018,0.104846,0.058062,0.01089,0.001577,0.180854,0.075743,0.002886,0.022182,0.017638,0.004641,0.063861,0.162802,0.000982,0.132324,0.007851,0.000731,,4667900,,
0,6,,0.105446,0.044307,0.074593,0.130557,0.017849,0.005703,0.228347,0.045602,0.000913,0.01671,0.022358,0.021347,0.053459,0.133535,0.001249,0.090455,0.006939,0.000633,,4900400,,
0,6,,0.108381,0.038989,0.072477,0.128069,0.008128,0.001281,0.225496,0.043907,0.003086,0.015353,0.008013,0.021622,0.051231,0.155551,0.001125,0.108062,0.008521,0.000709,,7230500,,
0,13,,0.110614,0.042248,0.078293,0.07262,0.012187,0.00492,0.182383,0.046839,0.004524,0.01367,0.012536,0.007703,0.058733,0.207843,0.002487,0.124927,0.016082,0.00139,,4895200,,
0,6,,0.138263,0.028969,0.08674,0.118591,0.008494,0.001696,0.216769,0.039993,0.002615,0.010989,0.006316,0.010958,0.046245,0.145286,0.002844,0.118524,0.015482,0.001224,,5425300,,
0,13,,0.119649,0.042895,0.080327,0.090337,0.007328,0.006914,0.179784,0.050521,0.002535,0.018193,0.01747,0.016086,0.060962,0.184085,0.001305,0.118046,0.003187,0.000375,,4581300,,
0,15,,0.103472,0.061342,0.126558,0.032826,0.01787,0.004107,0.10588,0.068628,0.003368,0.028501,0.021391,0.003182,0.09215,0.12829,0.004305,0.180184,0.016535,0.001413,,3829300,,
0,6,,0.120015,0.045105,0.101001,0.088598,0.016137,0.006054,0.180597,0.049307,0.000557,0.023561,0.022655,0.01665,0.066097,0.140661,0.001195,0.11922,0.002445,0.000145,,4195300,,
0,15,,0.101911,0.065743,0.124249,0.025802,0.036866,0.016643,0.074475,0.073353,0.003405,0.035813,0.037946,0.002484,0.091333,0.114722,0.012933,0.164705,0.016741,0.000875,,3826600,,
0,13,,0.104062,0.037949,0.091767,0.064341,0.010915,0.006428,0.169675,0.044624,0.004093,0.017478,0.013234,0.008905,0.061562,0.20107,0.003111,0.151004,0.008945,0.000836,,3822000,,
0,13,,0.106819,0.038521,0.089492,0.077218,0.007569,0.00519,0.175248,0.046496,0.004086,0.017451,0.011103,0.008888,0.068683,0.1964,0.001395,0.134549,0.009598,0.001292,,3856800,,
0,6,,0.113249,0.038076,0.075979,0.121534,0.017457,0.009289,0.216766,0.042347,0.001864,0.020156,0.017579,0.026905,0.056311,0.135396,0.002013,0.10297,0.001966,0.000145,,3820800,,
0,15,,0.108144,0.065352,0.136952,0.02584,0.024882,0.010384,0.091096,0.071073,0.00148,0.033876,0.033257,0.003794,0.090122,0.108576,0.005414,0.1777,0.011111,0.000948,,4242700,,
0,13,,0.11755,0.036327,0.103242,0.063153,0.00934,0.00567,0.163916,0.056879,0.002453,0.019025,0.01845,0.00755,0.074447,0.180144,0.000656,0.136791,0.004032,0.000375,,4119400,,
0,13,,0.094075,0.06466,0.124722,0.025487,0.019149,0.008865,0.109793,0.081108,0.002549,0.029989,0.030061,0.002102,0.080683,0.171811,0.001556,0.148746,0.004176,0.000465,,4054800,,
0,15,,0.088505,0.069034,0.134412,0.016936,0.043873,0.017934,0.053653,0.085389,0.007151,0.053674,0.045062,0.001871,0.102179,0.08952,0.010988,0.154017,0.02359,0.002212,,3226700,,
0,6,,0.088886,0.044585,0.113095,0.0585,0.024822,0.009312,0.170035,0.056771,0.008047,0.028476,0.015456,0.004886,0.083627,0.131265,0.003602,0.131756,0.022591,0.004289,,3684200,,
0,15,,0.129539,0.06311,0.133876,0.037956,0.032887,0.009677,0.076481,0.07159,0.002562,0.029656,0.02888,0.002329,0.081352,0.098428,0.007537,0.171755,0.020799,0.001587,,3596700,,
0,6,,0.118256,0.034856,0.068121,0.127757,0.006299,0.001182,0.235991,0.040554,0.002687,0.016214,0.004713,0.022492,0.049669,0.156206,0.000964,0.104866,0.008413,0.00076,,3226500,,
0,13,,0.110996,0.050355,0.10319,0.049061,0.018773,0.011839,0.144392,0.053909,0.002944,0.023777,0.026426,0.010153,0.075696,0.175997,0.002328,0.135765,0.003947,0.00045,,4571400,,
0,13,,0.128181,0.051243,0.084871,0.065405,0.016825,0.008321,0.148063,0.046548,0.005278,0.025606,0.022926,0.005276,0.054906,0.193288,0.003611,0.130359,0.008672,0.000623,,3862300,,
0,15,,0.093976,0.070268,0.145263,0.016499,0.020337,0.004282,0.07067,0.093329,0.003441,0.034669,0.028663,0.000107,0.094637,0.128614,0.004302,0.172895,0.016639,0.00141,,5222300,,
0,7,,0.106588,0.129661,0.126462,0.023355,0.023169,0.007581,0.054136,0.161442,0.000181,0.057545,0.03686,0.003471,0.100052,0.074326,0.001328,0.091684,0.002066,0.000091,,4168700,,
0,6,,0.127586,0.040976,0.074018,0.1092,0.018197,0.006153,0.232542,0.036612,0.002613,0.025887,0.024428,0.008942,0.043194,0.139362,0.003486,0.100051,0.006464,0.000287,,4788700,,
0,15,,0.109968,0.067034,0.11943,0.044734,0.025797,0.007675,0.098809,0.068194,0.00148,0.036287,0.034192,0.007381,0.083974,0.117119,0.004351,0.160427,0.011618,0.00153,,5938300,,
0,6,,0.119852,0.045697,0.089845,0.10196,0.006838,0.001424,0.211977,0.046044,0.002495,0.018027,0.010511,0.014602,0.060254,0.145912,0.000865,0.113936,0.008995,0.000764,,4818500,,
0,2,,0.100157,0.111781,0.136227,0.033927,0.016303,0.006973,0.087468,0.134261,0.000149,0.038715,0.027577,0.006697,0.103431,0.09312,0.0015,0.099467,0.001816,0.000429,,4034700,,
0,6,,0.096725,0.041049,0.104519,0.08561,0.023504,0.009861,0.171461,0.050687,0.006469,0.030276,0.015897,0.011119,0.080304,0.132135,0.004633,0.117175,0.016731,0.001845,,4304900,,
0,7,,0.102222,0.124517,0.106632,0.05372,0.021302,0.010925,0.108706,0.131471,0.000556,0.04155,0.026679,0.011459,0.079913,0.087438,0.003844,0.084358,0.004476,0.000231,,4450300,,
0,6,,0.110696,0.021982,0.065112,0.19294,0.004766,0.002337,0.211439,0.029221,0.000993,0.01369,0.00544,0.08177,0.046667,0.131,0.000339,0.080237,0.001301,0.000071,,4009700,,
0,15,,0.115888,0.069221,0.13331,0.032253,0.025239,0.008314,0.074686,0.077489,0.002107,0.036454,0.031569,0.00612,0.099256,0.103857,0.00456,0.167197,0.011624,0.000856,,4643400,,
0,15,,0.088505,0.069034,0.134412,0.016936,0.043873,0.017934,0.053653,0.085389,0.007151,0.053674,0.045062,0.001871,0.102179,0.08952,0.010988,0.154017,0.02359,0.002212,,4560900,,
0,13,,0.12531,0.044161,0.080796,0.058222,0.008762,0.004744,0.173997,0.042776,0.006181,0.023859,0.016736,0.001752,0.051013,0.212743,0.004118,0.128629,0.014815,0.001388,,4533100,,
0,6,,0.090504,0.055068,0.109893,0.05646,0.018718,0.00878,0.169632,0.068659,0.000239,0.027014,0.032207,0.008086,0.06491,0.148175,0.002327,0.137275,0.001925,0.00013,,4165200,,
0,13,,0.097026,0.066429,0.119372,0.029292,0.019553,0.008974,0.109996,0.081117,0.00225,0.036769,0.033471,0.000062,0.077281,0.169922,0.001412,0.141649,0.004379,0.001047,,5682900,,
0,15,,0.102186,0.085835,0.142002,0.023487,0.029911,0.008127,0.059613,0.099071,0.001744,0.045341,0.040824,0.002605,0.095207,0.093995,0.004482,0.152311,0.01231,0.000949,,5166400,,
0,13,,0.093918,0.059337,0.116099,0.02849,0.009707,0.006344,0.124962,0.074666,0.004777,0.029908,0.020638,0.002433,0.071541,0.192475,0.002222,0.152856,0.008699,0.000928,,3579600,,
0,6,,0.108446,0.022453,0.058299,0.188702,0.004124,0.001057,0.248199,0.036311,0.000732,0.005565,0.006762,0.038042,0.050916,0.145323,0.000252,0.079086,0.005232,0.0005,,4124600,,
0,6,,0.115037,0.025405,0.070786,0.154107,0.005069,0.001477,0.225978,0.036151,0.000565,0.008699,0.012721,0.030712,0.047425,0.161706,0.0001,0.102143,0.001849,0.00007,,4111200,,
0,6,,0.110291,0.022952,0.063859,0.163692,0.004328,0.003171,0.244407,0.039932,0.001061,0.014695,0.006686,0.029971,0.045637,0.154673,0.000788,0.092401,0.001383,0.000071,,4526400,,
0,15,,0.100512,0.068547,0.118075,0.055452,0.025151,0.008356,0.10497,0.071756,0.002508,0.031987,0.028813,0.009104,0.085513,0.112397,0.004553,0.15962,0.011909,0.000779,,3978200,,
0,15,,0.102864,0.08222,0.140353,0.023355,0.030073,0.008052,0.055767,0.098698,0.001512,0.046826,0.041037,0.003471,0.092661,0.098447,0.004449,0.157206,0.012059,0.000949,,4016800,,
0,15,,0.109446,0.059818,0.114309,0.055539,0.024249,0.011357,0.102385,0.06748,0.002846,0.030678,0.02755,0.012677,0.091434,0.113167,0.00605,0.159167,0.010992,0.000856,,4437700,,
0,13,,0.113814,0.052068,0.116463,0.033002,0.017968,0.0121,0.127836,0.058673,0.002944,0.02645,0.026529,0.004754,0.083451,0.170744,0.002328,0.146478,0.003947,0.00045,,3934000,,
0,6,,0.118405,0.027983,0.084346,0.1467,0.003767,0.003027,0.20112,0.035341,0.000742,0.01544,0.009001,0.069305,0.055245,0.136603,0.000596,0.090883,0.001425,0.000071,,4267300,,
0,6,,0.109199,0.027886,0.08415,0.101081,0.017012,0.009447,0.217607,0.037511,0.00113,0.01256,0.011385,0.011446,0.058625,0.175224,0.006683,0.114512,0.004471,0.00007,,4941700,,
0,13,,0.115899,0.043462,0.111366,0.045197,0.009419,0.007016,0.141446,0.050227,0.003521,0.02045,0.017771,0.005941,0.078553,0.186294,0.002878,0.151168,0.008554,0.000837,,4283600,,
0,15,,0.084836,0.066298,0.141225,0.009757,0.044631,0.016087,0.059771,0.091837,0.007138,0.047836,0.042155,0,0.108107,0.085572,0.008236,0.159594,0.02328,0.003638,,4257000,,
0,6,,0.118564,0.028559,0.082963,0.164332,0.007275,0.001218,0.193201,0.027417,0.000738,0.01075,0.013759,0.066785,0.048942,0.141154,0.000161,0.092369,0.001773,0.000039,,5361200,,
0,6,,0.111919,0.041392,0.07541,0.120288,0.01624,0.006352,0.232993,0.038439,0.001429,0.014786,0.017391,0.016771,0.055908,0.14575,0.001196,0.095832,0.007238,0.000663,,4397000,,
0,6,,0.100333,0.041153,0.075982,0.133738,0.016358,0.0061,0.230162,0.03718,0.00084,0.013838,0.018263,0.01923,0.049434,0.139891,0.001209,0.108326,0.00733,0.000633,,4963200,,
0,13,,0.095339,0.051053,0.107836,0.060558,0.008706,0.006344,0.138935,0.075703,0.002611,0.023581,0.019996,0.007138,0.06932,0.188237,0.00112,0.139836,0.003314,0.000375,,3695900,,
0,6,,0.108422,0.033917,0.06361,0.152788,0.005923,0.001057,0.237957,0.040183,0.003007,0.009503,0.006849,0.026466,0.049778,0.1545,0.001175,0.091602,0.012097,0.001167,,4340200,,
0,15,,0.110798,0.069058,0.132557,0.029564,0.025214,0.008182,0.085108,0.074165,0.001721,0.034073,0.030676,0.003944,0.093659,0.107082,0.004386,0.177167,0.011699,0.000948,,4819400,,
0,7,,0.09029,0.120215,0.137798,0.015747,0.018482,0.006875,0.069368,0.164597,0.000149,0.048772,0.03422,0.000107,0.105412,0.083546,0.001244,0.101372,0.00114,0.000666,,5137300,,
