chess-krvk,CWE,test,0,NANOSECONDS,PREDICTIONS, Generated by ClassifierExperiments.java on 2022-05-16 20:17:20.    SYSTEMPROPERTIES:{user.name:matth,os.arch:amd64,os.name:Windows 10},ENDSYSTEMPROPERTIES
No parameter info
0.2494661921708185,1660156800,23890977700,-1,0,18,,-1,-1
0,6,,0.126237,0.047063,0.082982,0.087087,0.020235,0.00665,0.225701,0.042577,0.000818,0.021543,0.020696,0.012511,0.056679,0.134675,0.001471,0.109224,0.003688,0.000163,,4504100,,
0,15,,0.121336,0.067672,0.126518,0.030993,0.032104,0.012499,0.073221,0.071824,0.002216,0.038715,0.035825,0.007268,0.084449,0.098822,0.008279,0.170358,0.016837,0.001065,,4745900,,
0,6,,0.123285,0.027392,0.082561,0.131597,0.009083,0.004081,0.218804,0.030225,0.002601,0.015329,0.008916,0.027023,0.04486,0.155393,0.002868,0.106913,0.00829,0.000779,,6651900,,
0,6,,0.115933,0.040293,0.089087,0.114498,0.011159,0.001683,0.199718,0.042769,0.003366,0.016167,0.010329,0.014386,0.054053,0.156686,0.001222,0.117934,0.009877,0.000839,,4847500,,
0,15,,0.12155,0.070873,0.114428,0.02989,0.022958,0.008223,0.088273,0.071003,0.004805,0.041879,0.028371,0.008277,0.083015,0.107298,0.007638,0.168605,0.021335,0.00158,,4364600,,
0,13,,0.129796,0.054213,0.099006,0.033377,0.019233,0.010165,0.137264,0.05519,0.003876,0.027666,0.023797,0.003676,0.071766,0.185718,0.001617,0.136289,0.006735,0.000616,,4197900,,
0,6,,0.125091,0.042927,0.092651,0.088451,0.026943,0.006774,0.213953,0.047236,0.001192,0.02576,0.02292,0.014146,0.054638,0.131958,0.001738,0.100422,0.003098,0.000103,,5886600,,
0,6,,0.130835,0.018023,0.082161,0.182067,0.00847,0.001947,0.190949,0.031843,0.002238,0.011326,0.008735,0.071113,0.038991,0.136005,0.000302,0.081945,0.00299,0.000061,,4046600,,
0,6,,0.120343,0.039667,0.083662,0.11941,0.019353,0.006887,0.190945,0.041028,0.001125,0.018237,0.01996,0.031369,0.05202,0.143822,0.00143,0.106753,0.003825,0.000165,,3907000,,
0,6,,0.110611,0.017882,0.084047,0.179558,0.004945,0.001986,0.203861,0.022856,0.000216,0.010131,0.007785,0.058602,0.041591,0.156188,0.000213,0.096386,0.0027,0.000441,,4722200,,
0,6,,0.122563,0.020183,0.077256,0.155786,0.007327,0.001759,0.201086,0.038326,0.000126,0.007493,0.007482,0.034256,0.04468,0.160681,0.00056,0.115859,0.004476,0.000101,,3991600,,
0,13,,0.116941,0.054584,0.10306,0.038171,0.017741,0.010118,0.13285,0.058478,0.004271,0.028032,0.023295,0.004839,0.075992,0.182756,0.001535,0.139811,0.006902,0.000624,,3929600,,
0,6,,0.111249,0.042331,0.083235,0.072523,0.013637,0.002718,0.244817,0.046309,0.003856,0.015252,0.014699,0.002843,0.054474,0.164699,0.002117,0.114523,0.008947,0.001772,,4494400,,
0,13,,0.104058,0.062438,0.100906,0.045699,0.021986,0.008985,0.135554,0.066078,0.003719,0.025058,0.030839,0.004991,0.072587,0.181684,0.001994,0.12531,0.007466,0.00065,,5110100,,
0,15,,0.120478,0.06874,0.136813,0.01596,0.032318,0.01423,0.053589,0.08434,0.00356,0.038138,0.036092,0.006516,0.107836,0.091709,0.006902,0.164828,0.016752,0.001198,,4819500,,
0,6,,0.112519,0.040198,0.084911,0.144331,0.017498,0.005759,0.218301,0.051066,0.000458,0.014746,0.020644,0.027228,0.064988,0.109601,0.001367,0.081849,0.00433,0.000205,,4905200,,
0,6,,0.127797,0.030959,0.076444,0.141005,0.007683,0.001591,0.203527,0.036312,0.003719,0.014213,0.004512,0.030831,0.045752,0.15769,0.000844,0.105963,0.010182,0.000976,,4357300,,
0,15,,0.118717,0.077441,0.123337,0.028828,0.030856,0.009188,0.069938,0.081943,0.004585,0.040039,0.03314,0.004375,0.093741,0.097057,0.006121,0.161406,0.018082,0.001205,,4123100,,
0,15,,0.103422,0.06759,0.133409,0.018122,0.034827,0.01413,0.075316,0.075699,0.003589,0.034118,0.036726,0.001955,0.09217,0.10554,0.007356,0.179151,0.015594,0.001284,,3866500,,
0,6,,0.132065,0.025494,0.085378,0.124538,0.006323,0.001291,0.223615,0.041949,0.000966,0.013375,0.007053,0.021124,0.05727,0.154904,0.000133,0.101401,0.003,0.000121,,3922900,,
0,15,,0.113766,0.071972,0.135109,0.014151,0.029426,0.009017,0.062241,0.081014,0.002699,0.037429,0.034159,0.000857,0.092862,0.109766,0.006126,0.17976,0.018443,0.001204,,4654500,,
0,13,,0.109954,0.034244,0.091476,0.066583,0.009442,0.006638,0.179479,0.046947,0.003236,0.020469,0.016208,0.006317,0.064699,0.198886,0.000799,0.138283,0.005401,0.000941,,4150600,,
0,13,,0.121562,0.047462,0.100321,0.053284,0.017927,0.010345,0.124871,0.054276,0.005105,0.025107,0.021495,0.011648,0.074892,0.18616,0.001598,0.136536,0.006795,0.000617,,5851100,,
0,6,,0.098463,0.045471,0.081452,0.100674,0.020499,0.009557,0.226694,0.039465,0.00118,0.024985,0.023498,0.009048,0.05227,0.143699,0.008986,0.110675,0.003224,0.000159,,4511700,,
0,13,,0.106153,0.045991,0.107006,0.027756,0.021613,0.014459,0.138938,0.050522,0.003808,0.022223,0.027364,0.001955,0.071277,0.20254,0.003336,0.148963,0.004823,0.001273,,4359600,,
0,6,,0.112392,0.033659,0.074785,0.159157,0.007568,0.0007,0.240818,0.049854,0.000593,0.009708,0.012063,0.029064,0.060698,0.130047,0.000634,0.074117,0.00404,0.0001,,3791700,,
0,6,,0.125345,0.037916,0.081161,0.126816,0.019107,0.006615,0.195709,0.038932,0.002046,0.018261,0.017067,0.030831,0.049656,0.141993,0.00143,0.103126,0.003825,0.000165,,4038600,,
0,6,,0.120121,0.028284,0.096581,0.152753,0.009479,0.002244,0.180794,0.027498,0.00133,0.011169,0.010142,0.061225,0.049075,0.149797,0.000409,0.095854,0.003192,0.000053,,4718300,,
0,6,,0.120343,0.039667,0.083662,0.11941,0.019353,0.006887,0.190945,0.041028,0.001125,0.018237,0.01996,0.031369,0.05202,0.143822,0.00143,0.106753,0.003825,0.000165,,3655400,,
0,6,,0.134199,0.042274,0.075511,0.120525,0.019599,0.006504,0.205455,0.040499,0.000757,0.020112,0.020095,0.027904,0.047876,0.131126,0.001534,0.102158,0.003712,0.000157,,5022600,,
0,6,,0.0999,0.043211,0.092859,0.100939,0.024385,0.007812,0.206739,0.061472,0.000442,0.01696,0.024067,0.014976,0.075675,0.125354,0.003934,0.096873,0.004242,0.000159,,4063300,,
0,6,,0.129095,0.035269,0.077627,0.117517,0.007557,0.001284,0.222037,0.037937,0.003899,0.016038,0.004723,0.01909,0.049621,0.15777,0.000837,0.1083,0.010348,0.001052,,4183800,,
0,6,,0.11977,0.02064,0.101028,0.159824,0.010478,0.00178,0.173001,0.027022,0.000969,0.010856,0.008256,0.059506,0.049684,0.141496,0.000721,0.11014,0.004783,0.000047,,4964600,,
0,7,,0.114865,0.140119,0.135479,0.014151,0.017318,0.007438,0.060453,0.151309,0.000687,0.048942,0.026828,0.000857,0.108827,0.076978,0.002531,0.090251,0.002881,0.000084,,3608700,,
0,6,,0.130951,0.036438,0.092362,0.092015,0.008041,0.001291,0.208488,0.044556,0.002979,0.017637,0.007568,0.011587,0.060705,0.156936,0.000837,0.116209,0.010348,0.001052,,5353500,,
0,6,,0.101502,0.034965,0.071364,0.148123,0.00684,0.000682,0.24131,0.047215,0.002158,0.010071,0.008739,0.023482,0.062522,0.134771,0.001266,0.092798,0.011096,0.001097,,5239000,,
0,6,,0.114795,0.039081,0.089932,0.089531,0.012895,0.002749,0.210975,0.059188,0.002561,0.015665,0.011563,0.010359,0.074739,0.151351,0.003338,0.099621,0.010622,0.001038,,4398600,,
0,13,,0.117248,0.048693,0.111616,0.041733,0.01716,0.011029,0.130493,0.053772,0.005405,0.023156,0.023245,0.001558,0.069643,0.184636,0.001555,0.150626,0.00777,0.000664,,3885300,,
0,15,,0.120206,0.067319,0.118175,0.033341,0.024033,0.006039,0.083134,0.076104,0.006101,0.034999,0.024772,0.004375,0.093259,0.110888,0.005971,0.166778,0.02273,0.001773,,4753400,,
0,6,,0.123252,0.031886,0.084194,0.125492,0.006583,0.002316,0.230632,0.034753,0.004054,0.011734,0.005774,0.011135,0.046899,0.159005,0.000945,0.108955,0.011367,0.001024,,4238700,,
0,13,,0.107132,0.042488,0.109498,0.034849,0.015667,0.009608,0.143329,0.055072,0.003298,0.022897,0.02348,0.00085,0.073346,0.198477,0.001367,0.151544,0.005786,0.001311,,4123700,,
0,13,,0.109085,0.043037,0.100924,0.057171,0.011082,0.006604,0.138452,0.054089,0.004938,0.016656,0.017288,0.010187,0.066857,0.202578,0.001453,0.146463,0.011982,0.001155,,5128200,,
0,6,,0.123263,0.034947,0.065083,0.147259,0.005502,0.000976,0.229528,0.0375,0.003357,0.018155,0.008991,0.016877,0.040903,0.151345,0.002852,0.10145,0.01105,0.000962,,5860600,,
0,13,,0.120235,0.041196,0.113237,0.027163,0.011617,0.007179,0.131366,0.062487,0.005424,0.01907,0.018014,0.000237,0.077868,0.194619,0.00178,0.154184,0.013145,0.001178,,3901200,,
0,6,,0.121982,0.040929,0.094209,0.085647,0.019063,0.007194,0.202508,0.049134,0.000809,0.017592,0.021956,0.007462,0.053678,0.143741,0.001785,0.12642,0.005734,0.000156,,3818000,,
0,6,,0.107298,0.046256,0.084868,0.105707,0.020011,0.006639,0.2332,0.03837,0.00083,0.020581,0.02003,0.016032,0.054267,0.131147,0.001539,0.109885,0.003176,0.000166,,4406500,,
0,6,,0.096096,0.043616,0.101484,0.073559,0.023597,0.00764,0.222292,0.048288,0.001417,0.021187,0.023968,0.005317,0.072413,0.122763,0.00192,0.123135,0.006252,0.005056,,4179400,,
0,13,,0.116706,0.033159,0.094074,0.07122,0.009968,0.006762,0.166578,0.04754,0.003545,0.015861,0.013307,0.008935,0.070102,0.195861,0.000751,0.139598,0.005466,0.000567,,4026400,,
0,6,,0.114302,0.023121,0.066618,0.172278,0.005604,0.001514,0.215214,0.035559,0.000216,0.006827,0.00773,0.038875,0.041572,0.162424,0.000225,0.103882,0.003884,0.000155,,3927200,,
0,13,,0.117714,0.038729,0.102506,0.030261,0.010083,0.007083,0.13829,0.050937,0.005304,0.020102,0.014123,0.000857,0.073565,0.218503,0.001391,0.158123,0.011237,0.001191,,6411500,,
0,13,,0.101308,0.039868,0.102953,0.05017,0.010654,0.007097,0.154118,0.054256,0.00536,0.016919,0.017343,0.00288,0.073984,0.197927,0.001531,0.151931,0.010523,0.001181,,4165400,,
0,13,,0.114199,0.05294,0.100397,0.045583,0.019038,0.010154,0.143711,0.051214,0.003888,0.026605,0.023256,0.005609,0.069549,0.189408,0.001686,0.135977,0.006169,0.000617,,4363800,,
0,13,,0.106383,0.045759,0.108351,0.033157,0.017311,0.009884,0.140456,0.052167,0.003804,0.022348,0.021925,0.004172,0.073938,0.198767,0.001609,0.152287,0.007058,0.000624,,4296300,,
0,7,,0.104945,0.125712,0.145325,0.021908,0.022072,0.013761,0.060045,0.157685,0.000194,0.046333,0.028801,0.003602,0.106074,0.063958,0.004907,0.091692,0.002936,0.00005,,4487600,,
0,13,,0.119616,0.046312,0.11508,0.04514,0.017404,0.010483,0.118249,0.060279,0.00432,0.026887,0.022869,0.004484,0.089856,0.171838,0.001542,0.137993,0.007031,0.000617,,4642500,,
0,15,,0.113451,0.078605,0.124794,0.02581,0.031121,0.009186,0.06909,0.084231,0.003665,0.040488,0.034501,0.004839,0.094793,0.096712,0.006121,0.163306,0.018082,0.001205,,5669800,,
0,13,,0.096035,0.041295,0.111478,0.029235,0.012605,0.006541,0.150161,0.053791,0.004688,0.020081,0.019404,0,0.075761,0.203442,0.00169,0.157004,0.010961,0.005828,,4048000,,
0,13,,0.123469,0.048439,0.09064,0.041537,0.00944,0.009388,0.152259,0.049268,0.005974,0.028801,0.017163,0.008277,0.064879,0.198193,0.003116,0.1381,0.009947,0.00111,,3554500,,
0,6,,0.1035,0.031725,0.078464,0.128405,0.007067,0.002007,0.22871,0.039444,0.002511,0.011681,0.008241,0.015537,0.049138,0.154988,0.001007,0.126905,0.009629,0.001043,,4132200,,
0,6,,0.101502,0.034965,0.071364,0.148123,0.00684,0.000682,0.24131,0.047215,0.002158,0.010071,0.008739,0.023482,0.062522,0.134771,0.001266,0.092798,0.011096,0.001097,,3933400,,
0,13,,0.111918,0.052813,0.108617,0.036263,0.016828,0.01023,0.131988,0.066032,0.003902,0.024289,0.026752,0.002642,0.076507,0.182396,0.001595,0.140434,0.006183,0.00061,,3853800,,
0,13,,0.109292,0.052453,0.101459,0.02609,0.014695,0.006799,0.146913,0.055769,0.006268,0.019842,0.021739,0.000049,0.071426,0.208587,0.002029,0.144669,0.009868,0.002054,,3959300,,
0,6,,0.104096,0.020603,0.072882,0.147412,0.005922,0.001833,0.254966,0.033079,0.001033,0.00959,0.006073,0.021158,0.045368,0.165072,0.000256,0.108012,0.00253,0.000116,,3990900,,
0,6,,0.120811,0.041904,0.069799,0.13307,0.016926,0.006,0.221711,0.04012,0.001684,0.022203,0.021546,0.016877,0.044808,0.135648,0.003438,0.098613,0.004694,0.00015,,4227800,,
0,6,,0.107623,0.033814,0.08781,0.089252,0.010305,0.003977,0.226413,0.039077,0.001636,0.017419,0.013375,0.012834,0.048696,0.165363,0.003102,0.130693,0.007833,0.000779,,4168100,,
0,15,,0.107019,0.078823,0.132069,0.029053,0.035706,0.009679,0.047336,0.103722,0.002358,0.034294,0.037516,0.009008,0.10054,0.091033,0.008207,0.156426,0.016253,0.000958,,3399300,,
0,15,,0.112647,0.075899,0.135755,0.026176,0.033496,0.009217,0.044075,0.085858,0.002306,0.035085,0.034325,0.008298,0.09145,0.100721,0.006194,0.17775,0.019792,0.000958,,3500600,,
0,15,,0.11072,0.069741,0.137441,0.017175,0.026771,0.005887,0.074977,0.085522,0.004969,0.033441,0.027138,0.000473,0.087932,0.10951,0.006137,0.17757,0.022976,0.00162,,3714300,,
0,13,,0.122583,0.039164,0.095452,0.061277,0.010866,0.007278,0.136696,0.0488,0.006527,0.020576,0.01349,0.011648,0.071542,0.199481,0.001392,0.140776,0.011334,0.001116,,3382600,,
0,6,,0.113567,0.041267,0.088682,0.116948,0.010975,0.001535,0.205357,0.040232,0.003383,0.014628,0.010208,0.013352,0.052403,0.15669,0.001222,0.117187,0.011469,0.000893,,3876400,,
0,6,,0.108669,0.019019,0.082297,0.134486,0.004945,0.001986,0.240491,0.035156,0.000216,0.010556,0.008841,0.019015,0.048365,0.170702,0.000213,0.111902,0.0027,0.000441,,3515000,,
0,6,,0.116668,0.022147,0.067022,0.169829,0.005788,0.001663,0.209575,0.038096,0.000199,0.008366,0.007851,0.039909,0.043222,0.16242,0.000225,0.104629,0.002292,0.000101,,5775600,,
0,6,,0.108586,0.02793,0.058691,0.176241,0.003249,0.001319,0.270235,0.033025,0.002287,0.016111,0.008747,0.02106,0.042899,0.138124,0.002448,0.085032,0.003908,0.000109,,4778600,,
0,13,,0.109493,0.0506,0.109023,0.035552,0.01791,0.009888,0.130489,0.058634,0.003795,0.02456,0.022706,0.003113,0.076212,0.188682,0.001548,0.150881,0.006299,0.000617,,4592300,,
0,13,,0.106153,0.045991,0.107006,0.027756,0.021613,0.014459,0.138938,0.050522,0.003808,0.022223,0.027364,0.001955,0.071277,0.20254,0.003336,0.148963,0.004823,0.001273,,3995700,,
0,6,,0.118941,0.034083,0.078471,0.112597,0.006448,0.001992,0.218724,0.045613,0.002568,0.013913,0.009407,0.013711,0.051375,0.160507,0.000921,0.119807,0.009884,0.001038,,4898000,,
0,7,,0.121379,0.153318,0.128273,0.015089,0.018064,0.006842,0.055239,0.161076,0.001087,0.054831,0.027311,0.000833,0.111049,0.058916,0.002549,0.081092,0.002969,0.000085,,3826300,,
0,6,,0.116781,0.033085,0.075226,0.135387,0.007437,0.001663,0.201419,0.040618,0.002072,0.012282,0.008366,0.025644,0.043368,0.164638,0.000929,0.120632,0.009492,0.000962,,6850300,,
0,13,,0.114435,0.0361,0.101882,0.051919,0.012499,0.009083,0.14455,0.04573,0.00449,0.020733,0.018856,0.009719,0.071889,0.200938,0.003233,0.143348,0.00963,0.000965,,5793300,,
0,7,,0.116831,0.141005,0.133145,0.021167,0.018471,0.011026,0.054257,0.154084,0.00024,0.050493,0.028779,0.005712,0.110932,0.063044,0.004557,0.084569,0.001624,0.000064,,5023800,,
0,6,,0.130951,0.036438,0.092362,0.092015,0.008041,0.001291,0.208488,0.044556,0.002979,0.017637,0.007568,0.011587,0.060705,0.156936,0.000837,0.116209,0.010348,0.001052,,3710300,,
0,13,,0.113017,0.059621,0.098423,0.031533,0.013595,0.008531,0.127833,0.054934,0.007537,0.042908,0.032287,0.000276,0.064749,0.193583,0.006889,0.130241,0.012795,0.001247,,4231200,,
0,6,,0.108096,0.045019,0.090889,0.084597,0.018989,0.006616,0.215871,0.047838,0.000817,0.019,0.020252,0.011786,0.061688,0.137827,0.001471,0.125571,0.003506,0.000165,,3526600,,
0,13,,0.114808,0.065596,0.100926,0.020846,0.020341,0.011353,0.1161,0.05738,0.005263,0.041736,0.036288,0.000585,0.078945,0.180999,0.005565,0.134843,0.007594,0.000831,,3407300,,
0,6,,0.109204,0.045061,0.090045,0.08683,0.024273,0.010026,0.212799,0.044643,0.0012,0.029489,0.030715,0.006142,0.050926,0.14561,0.009797,0.099652,0.003492,0.000096,,3678000,,
0,6,,0.108586,0.02793,0.058691,0.176241,0.003249,0.001319,0.270235,0.033025,0.002287,0.016111,0.008747,0.02106,0.042899,0.138124,0.002448,0.085032,0.003908,0.000109,,3746600,,
0,13,,0.123761,0.053873,0.11266,0.02745,0.01777,0.010126,0.121353,0.062081,0.004271,0.028917,0.023232,0.000833,0.084197,0.177982,0.001535,0.142432,0.006902,0.000624,,3518800,,
0,15,,0.112215,0.07548,0.139805,0.018142,0.030366,0.009566,0.062537,0.08902,0.003656,0.040339,0.03671,0.001196,0.106214,0.089704,0.006268,0.159969,0.017723,0.001088,,4265300,,
0,6,,0.112519,0.040198,0.084911,0.144331,0.017498,0.005759,0.218301,0.051066,0.000458,0.014746,0.020644,0.027228,0.064988,0.109601,0.001367,0.081849,0.00433,0.000205,,4902200,,
0,13,,0.120736,0.040114,0.105042,0.053913,0.012945,0.007873,0.150334,0.052131,0.005482,0.016332,0.016685,0.004816,0.075411,0.191363,0.000785,0.138268,0.007163,0.000607,,5107500,,
0,15,,0.115478,0.069025,0.126367,0.027405,0.035056,0.00995,0.062476,0.091906,0.004017,0.040613,0.041245,0.005211,0.091994,0.097052,0.006247,0.156741,0.018026,0.001191,,4110100,,
0,15,,0.118717,0.077441,0.123337,0.028828,0.030856,0.009188,0.069938,0.081943,0.004585,0.040039,0.03314,0.004375,0.093741,0.097057,0.006121,0.161406,0.018082,0.001205,,4876800,,
0,13,,0.114907,0.03563,0.103474,0.042007,0.01305,0.008516,0.150462,0.044613,0.004363,0.019813,0.019048,0.003962,0.064617,0.210531,0.003376,0.151618,0.009048,0.000965,,6363100,,
0,13,,0.113125,0.063631,0.098377,0.039991,0.018787,0.011302,0.11975,0.05976,0.005595,0.0439,0.036146,0.00197,0.07486,0.171808,0.005887,0.126696,0.00759,0.000825,,4831100,,
0,15,,0.10269,0.071958,0.132241,0.016876,0.035155,0.012006,0.075939,0.082101,0.004011,0.03922,0.037304,0.000386,0.089721,0.100415,0.006156,0.176374,0.015462,0.001984,,4039600,,
0,6,,0.123149,0.024008,0.056879,0.181701,0.003853,0.000976,0.237684,0.034978,0.001485,0.014238,0.008476,0.031142,0.040757,0.149126,0.002149,0.085447,0.00385,0.000101,,4649500,,
0,6,,0.124902,0.032149,0.089199,0.096355,0.007876,0.002089,0.211696,0.046152,0.002575,0.013035,0.009038,0.007462,0.052642,0.159949,0.001256,0.130389,0.012198,0.001038,,3413900,,
0,15,,0.106344,0.075702,0.124498,0.05089,0.031426,0.008419,0.071095,0.091372,0.002438,0.032567,0.034757,0.010545,0.094496,0.087553,0.00615,0.153294,0.017442,0.001012,,3607400,,
0,13,,0.116691,0.038718,0.106775,0.038897,0.010978,0.010684,0.137777,0.048887,0.007064,0.026959,0.018262,0.001569,0.065522,0.20246,0.002662,0.153843,0.011087,0.001164,,3759700,,
0,6,,0.125094,0.037838,0.083117,0.110731,0.019399,0.011099,0.219748,0.035609,0.000327,0.020101,0.021702,0.024129,0.047867,0.130154,0.003793,0.106936,0.002263,0.000096,,4070400,,
0,6,,0.126001,0.020921,0.073991,0.19144,0.00588,0.004081,0.199855,0.018366,0.001137,0.013087,0.005507,0.08948,0.038564,0.131413,0.001668,0.076749,0.001807,0.000054,,4236000,,
0,13,,0.111853,0.03517,0.107663,0.060194,0.012762,0.006773,0.150819,0.054828,0.004062,0.01793,0.018017,0.00662,0.081424,0.192379,0.000832,0.132717,0.005411,0.000546,,4697100,,
0,13,,0.116867,0.029985,0.093634,0.074417,0.010236,0.009083,0.16054,0.044561,0.003276,0.020205,0.018279,0.015808,0.069103,0.194235,0.002096,0.132095,0.005027,0.000553,,3454600,,
0,15,,0.103924,0.068881,0.135792,0.021559,0.02983,0.008669,0.077602,0.076405,0.002715,0.034636,0.033593,0.004172,0.092754,0.103862,0.006194,0.179295,0.018911,0.001205,,3829300,,
0,7,,0.128309,0.140763,0.131698,0.022578,0.027462,0.007548,0.061297,0.144446,0.00107,0.057333,0.031812,0.00503,0.101045,0.065283,0.002672,0.069355,0.002237,0.000064,,4020900,,
0,13,,0.113017,0.059621,0.098423,0.031533,0.013595,0.008531,0.127833,0.054934,0.007537,0.042908,0.032287,0.000276,0.064749,0.193583,0.006889,0.130241,0.012795,0.001247,,4086200,,
0,13,,0.116706,0.033159,0.094074,0.07122,0.009968,0.006762,0.166578,0.04754,0.003545,0.015861,0.013307,0.008935,0.070102,0.195861,0.000751,0.139598,0.005466,0.000567,,4086800,,
0,15,,0.118184,0.06129,0.123788,0.034888,0.02319,0.005854,0.082127,0.073846,0.004054,0.030264,0.02541,0.004762,0.087337,0.112618,0.005983,0.181463,0.023245,0.001696,,4005000,,
0,6,,0.108284,0.021855,0.074092,0.12987,0.00888,0.0027,0.263863,0.039247,0.001061,0.008863,0.009788,0.016666,0.058745,0.15306,0.001113,0.098425,0.002103,0.001385,,4424900,,
0,15,,0.115225,0.076251,0.120931,0.048566,0.028621,0.009716,0.07444,0.080408,0.004957,0.036686,0.037534,0.002723,0.090479,0.08703,0.008696,0.159051,0.017727,0.000958,,3305900,,
0,13,,0.112393,0.042271,0.107932,0.04425,0.018148,0.014302,0.131868,0.051486,0.003425,0.023695,0.024764,0.009719,0.075875,0.186884,0.003542,0.143287,0.005557,0.000603,,3478900,,
0,13,,0.130728,0.050335,0.096268,0.049366,0.018819,0.009754,0.129489,0.054251,0.003815,0.027056,0.023409,0.00963,0.066135,0.18659,0.001681,0.135354,0.00671,0.00061,,3877900,,
0,6,,0.113359,0.025484,0.078909,0.105185,0.005674,0.00186,0.231105,0.043597,0.000565,0.011897,0.00767,0.016211,0.055347,0.178029,0.000231,0.121941,0.002813,0.000121,,3607000,,
0,15,,0.110945,0.060121,0.123616,0.039558,0.025879,0.008151,0.08079,0.071483,0.003883,0.033188,0.030061,0.009719,0.090691,0.114894,0.007819,0.166844,0.020811,0.001547,,3670300,,
0,6,,0.127201,0.039085,0.095895,0.101314,0.019592,0.006622,0.182161,0.045551,0.001125,0.019859,0.019912,0.023328,0.060741,0.14116,0.00143,0.111035,0.003825,0.000165,,3893900,,
0,6,,0.111013,0.040031,0.081715,0.133802,0.019441,0.006,0.213841,0.049637,0.000303,0.01396,0.020834,0.027947,0.056252,0.126867,0.001762,0.092323,0.00412,0.00015,,3560900,,
0,13,,0.123116,0.047915,0.111377,0.039544,0.018221,0.010352,0.112525,0.060166,0.004184,0.026441,0.022792,0.008106,0.08415,0.181042,0.001598,0.141057,0.006795,0.000617,,3538300,,
0,6,,0.099354,0.042538,0.09605,0.071472,0.023291,0.00758,0.207623,0.047887,0.001713,0.019033,0.0244,0.007666,0.069331,0.136028,0.001977,0.133168,0.005807,0.005082,,4415700,,
0,6,,0.12851,0.035557,0.087242,0.108918,0.023387,0.007153,0.203423,0.049595,0.002484,0.021659,0.025094,0.019743,0.048962,0.135205,0.001633,0.097448,0.003876,0.00011,,3768500,,
0,13,,0.122583,0.039164,0.095452,0.061277,0.010866,0.007278,0.136696,0.0488,0.006527,0.020576,0.01349,0.011648,0.071542,0.199481,0.001392,0.140776,0.011334,0.001116,,3744200,,
0,13,,0.100644,0.047818,0.113229,0.030103,0.017775,0.00989,0.131872,0.055461,0.003804,0.023578,0.022862,0.003745,0.074921,0.198564,0.001609,0.156441,0.007058,0.000624,,5060100,,
0,6,,0.119219,0.021736,0.073351,0.158974,0.006406,0.003769,0.227104,0.020741,0.000172,0.013759,0.008864,0.077268,0.040299,0.136751,0.001902,0.088281,0.00135,0.000053,,7805100,,
0,7,,0.109619,0.139131,0.144509,0.011877,0.023031,0.007558,0.062404,0.160381,0.001052,0.0511,0.029912,0.000473,0.107521,0.062983,0.002657,0.08285,0.002872,0.00007,,4684900,,
0,6,,0.122992,0.027411,0.087744,0.164649,0.009034,0.00228,0.19859,0.023245,0.002441,0.008797,0.007011,0.060031,0.045515,0.148668,0.000409,0.086732,0.004343,0.000107,,5244600,,
0,6,,0.129937,0.024261,0.089215,0.162097,0.006323,0.001291,0.196768,0.029771,0.000966,0.012951,0.005997,0.061012,0.050115,0.139723,0.000133,0.086319,0.003,0.000121,,4296400,,
0,6,,0.11688,0.032099,0.055499,0.168886,0.005984,0.001883,0.254816,0.038521,0.002049,0.022748,0.01206,0.024226,0.038517,0.142884,0.002169,0.077019,0.003658,0.000101,,4924100,,
0,13,,0.098961,0.041035,0.103473,0.051689,0.010653,0.006949,0.15638,0.053073,0.005377,0.016098,0.017154,0.00296,0.07187,0.197517,0.001531,0.151932,0.012115,0.001235,,4386200,,
0,6,,0.121312,0.050643,0.088369,0.087545,0.022519,0.011042,0.196613,0.051184,0.000327,0.030134,0.025442,0.015313,0.052448,0.12859,0.003793,0.112368,0.002263,0.000096,,4835200,,
0,15,,0.095622,0.076173,0.121162,0.046102,0.031918,0.00841,0.078985,0.089062,0.002436,0.031867,0.035594,0.00764,0.096016,0.09321,0.00656,0.160052,0.018171,0.001019,,4546500,,
0,13,,0.106193,0.054051,0.101879,0.031554,0.022972,0.014842,0.121421,0.05194,0.004745,0.043755,0.038101,0.003937,0.06784,0.185462,0.00583,0.137587,0.007081,0.00081,,4179900,,
0,15,,0.115728,0.071751,0.119151,0.045751,0.029711,0.009338,0.067549,0.079372,0.004126,0.036023,0.037011,0.005108,0.085269,0.098495,0.008848,0.167808,0.018,0.000958,,4361100,,
0,13,,0.132733,0.053119,0.08415,0.062714,0.011485,0.009395,0.146949,0.063209,0.004003,0.03099,0.019798,0.011376,0.0645,0.182389,0.001923,0.11548,0.005226,0.00056,,4205700,,
0,6,,0.111249,0.042331,0.083235,0.072523,0.013637,0.002718,0.244817,0.046309,0.003856,0.015252,0.014699,0.002843,0.054474,0.164699,0.002117,0.114523,0.008947,0.001772,,4231000,,
0,15,,0.115369,0.075387,0.132937,0.024719,0.030085,0.009876,0.07304,0.08593,0.004767,0.038213,0.035044,0.001189,0.103501,0.090336,0.006268,0.153323,0.018874,0.001142,,5174200,,
0,6,,0.123526,0.033832,0.08347,0.093567,0.007119,0.002217,0.219634,0.043416,0.002954,0.016009,0.010011,0.009532,0.060562,0.168146,0.000944,0.113551,0.010466,0.001045,,7270200,,
0,13,,0.114656,0.047342,0.089341,0.067748,0.014122,0.007058,0.162883,0.056016,0.00364,0.028583,0.018241,0.005964,0.066926,0.188123,0.000842,0.122656,0.005292,0.000567,,4389900,,
0,15,,0.105827,0.072184,0.124098,0.033797,0.031843,0.011765,0.060516,0.080872,0.002857,0.036434,0.038405,0.00384,0.089528,0.103135,0.013606,0.173867,0.016466,0.000958,,4470700,,
0,6,,0.125699,0.030327,0.094117,0.124546,0.008426,0.00209,0.208571,0.043226,0.002502,0.011282,0.008472,0.011701,0.050398,0.142389,0.001256,0.121617,0.012418,0.000963,,4256100,,
0,6,,0.11756,0.023679,0.083901,0.143943,0.008973,0.001683,0.214923,0.041866,0.000963,0.012139,0.009681,0.023923,0.060602,0.150918,0.000386,0.102181,0.002633,0.000047,,3880800,,
0,7,,0.105772,0.133756,0.137309,0.023251,0.016079,0.006816,0.078687,0.149604,0.000197,0.046697,0.027818,0.00085,0.108128,0.070783,0.002357,0.089044,0.002079,0.000772,,4068000,,
0,15,,0.116126,0.070333,0.136814,0.032779,0.030784,0.009551,0.054489,0.086032,0.003714,0.039343,0.034074,0.004484,0.108658,0.085795,0.006128,0.161488,0.018211,0.001199,,4106000,,
0,15,,0.111658,0.073305,0.128052,0.031227,0.031787,0.010195,0.072453,0.079818,0.004991,0.041996,0.043779,0.000948,0.083578,0.097803,0.009814,0.159347,0.018299,0.000951,,3484300,,
0,15,,0.101074,0.073084,0.140709,0.02313,0.032983,0.009605,0.06257,0.083273,0.002802,0.034371,0.034382,0.000561,0.09541,0.09532,0.006199,0.183275,0.020288,0.000965,,4451500,,
0,15,,0.128123,0.079392,0.114131,0.023064,0.025713,0.008229,0.072037,0.082332,0.004805,0.05076,0.031868,0.005984,0.084258,0.099108,0.007638,0.159644,0.021335,0.00158,,7153300,,
0,13,,0.104994,0.065029,0.109918,0.028677,0.025972,0.010305,0.118,0.077944,0.003704,0.027613,0.033325,0.000934,0.082214,0.176175,0.003655,0.12425,0.006694,0.000596,,4094700,,
0,6,,0.096096,0.043616,0.101484,0.073559,0.023597,0.00764,0.222292,0.048288,0.001417,0.021187,0.023968,0.005317,0.072413,0.122763,0.00192,0.123135,0.006252,0.005056,,4629700,,
0,13,,0.129863,0.056873,0.100556,0.030536,0.019544,0.007054,0.124323,0.065758,0.006156,0.033905,0.018768,0.0018,0.067943,0.194928,0.001628,0.128693,0.010639,0.001032,,4317300,,
0,6,,0.131638,0.026793,0.068575,0.161614,0.006801,0.005268,0.222782,0.037928,0.002066,0.011165,0.005407,0.038601,0.052718,0.142776,0.000908,0.082842,0.002003,0.000115,,3839300,,
0,6,,0.134209,0.021516,0.091546,0.161027,0.007286,0.005275,0.175882,0.033278,0.001146,0.011887,0.007196,0.081135,0.065128,0.122183,0.000908,0.078282,0.002003,0.000115,,3855500,,
0,15,,0.109572,0.07229,0.146456,0.025522,0.03035,0.0096,0.060945,0.082428,0.003723,0.038382,0.035449,0.001564,0.09699,0.093745,0.006274,0.168095,0.017534,0.001082,,4772700,,
0,6,,0.126674,0.038703,0.082476,0.127409,0.008301,0.001232,0.230504,0.04012,0.002522,0.015318,0.00692,0.019377,0.053827,0.130876,0.000942,0.103315,0.010511,0.00097,,3796700,,
0,15,,0.114083,0.068278,0.128425,0.028831,0.032028,0.012507,0.074668,0.071969,0.002216,0.038941,0.035888,0.006332,0.086152,0.098504,0.008279,0.174996,0.016837,0.001065,,6266000,,
0,6,,0.118205,0.0396,0.085015,0.071832,0.017884,0.006758,0.226431,0.042711,0.000811,0.019297,0.020001,0.008651,0.057717,0.159224,0.001464,0.120533,0.003697,0.00017,,5750900,,
0,15,,0.110406,0.064923,0.136966,0.02274,0.031218,0.01252,0.074927,0.074606,0.002209,0.035063,0.036623,0.003962,0.087419,0.101572,0.00827,0.178565,0.016828,0.001183,,4890300,,
0,1,,0.129764,0.145986,0.12506,0.02173,0.021463,0.007424,0.070233,0.140788,0.000695,0.054054,0.030296,0.003676,0.104191,0.061303,0.002545,0.07784,0.002876,0.000078,,4457700,,
0,6,,0.130939,0.035771,0.091311,0.096695,0.008935,0.005275,0.204932,0.041317,0.003368,0.020849,0.009181,0.019753,0.0627,0.1486,0.002163,0.108629,0.008603,0.000978,,4199400,,
0,13,,0.107132,0.042488,0.109498,0.034849,0.015667,0.009608,0.143329,0.055072,0.003298,0.022897,0.02348,0.00085,0.073346,0.198477,0.001367,0.151544,0.005786,0.001311,,3780000,,
0,6,,0.12824,0.043343,0.073359,0.106364,0.006439,0.004657,0.232745,0.040224,0.003354,0.024576,0.009547,0.020531,0.047933,0.143141,0.002636,0.103079,0.008859,0.000971,,3900500,,
0,6,,0.122422,0.029161,0.06379,0.133032,0.004035,0.005414,0.251706,0.043526,0.000778,0.014476,0.0065,0.025238,0.049328,0.1545,0.001023,0.093042,0.001915,0.000114,,3542100,,
0,6,,0.111226,0.031832,0.07567,0.091748,0.00993,0.002692,0.240138,0.040551,0.00328,0.01104,0.010746,0.007666,0.054716,0.171714,0.001823,0.124044,0.00891,0.002274,,3438800,,
0,6,,0.108888,0.031787,0.057763,0.171327,0.007958,0.002727,0.244257,0.055354,0.000753,0.011957,0.009327,0.036167,0.053893,0.136932,0.00024,0.067486,0.00303,0.000155,,5332600,,
0,13,,0.100395,0.043716,0.107094,0.03621,0.013326,0.00644,0.14974,0.057238,0.005229,0.019896,0.019086,0.000375,0.081583,0.193624,0.001787,0.147353,0.011171,0.005738,,4361800,,
0,6,,0.110731,0.058325,0.085581,0.092057,0.022996,0.006847,0.205906,0.05288,0.00083,0.029651,0.023691,0.012188,0.056629,0.12779,0.001539,0.109017,0.003176,0.000166,,4303000,,
0,6,,0.124902,0.032149,0.089199,0.096355,0.007876,0.002089,0.211696,0.046152,0.002575,0.013035,0.009038,0.007462,0.052642,0.159949,0.001256,0.130389,0.012198,0.001038,,3994900,,
0,6,,0.114513,0.045521,0.080329,0.115243,0.019876,0.006904,0.229041,0.037304,0.00083,0.019617,0.019951,0.021003,0.052048,0.129354,0.001539,0.103586,0.003176,0.000166,,6497300,,
0,15,,0.105903,0.077207,0.132969,0.039757,0.030996,0.009355,0.072472,0.082779,0.002801,0.03483,0.035053,0.00445,0.089554,0.092377,0.005803,0.162794,0.019889,0.001012,,3972900,,
0,6,,0.118205,0.0396,0.085015,0.071832,0.017884,0.006758,0.226431,0.042711,0.000811,0.019297,0.020001,0.008651,0.057717,0.159224,0.001464,0.120533,0.003697,0.00017,,4417500,,
0,6,,0.120606,0.042612,0.08848,0.082859,0.018306,0.007322,0.210446,0.046398,0.001187,0.020566,0.022929,0.009532,0.061597,0.151938,0.001473,0.109582,0.004002,0.000163,,3795300,,
0,15,,0.095403,0.074516,0.131497,0.034344,0.03117,0.009508,0.075928,0.081459,0.002789,0.034629,0.034751,0.00288,0.093631,0.097655,0.005864,0.174998,0.018014,0.000965,,3433600,,
0,7,,0.113826,0.137781,0.130737,0.021417,0.01658,0.012251,0.071791,0.151622,0.000616,0.050318,0.027216,0.003616,0.103214,0.070811,0.003329,0.08315,0.00165,0.000078,,4555200,,
0,13,,0.131855,0.046244,0.090279,0.050011,0.014311,0.007031,0.157421,0.0576,0.00363,0.028864,0.018541,0.004031,0.068071,0.188053,0.000826,0.126749,0.005914,0.000567,,4633600,,
0,6,,0.129436,0.036052,0.075333,0.125178,0.00831,0.001215,0.217432,0.038945,0.002431,0.017028,0.007619,0.022933,0.046191,0.148616,0.000949,0.111294,0.010069,0.000969,,4299800,,
0,13,,0.119701,0.034936,0.100425,0.054937,0.012234,0.009084,0.145399,0.043442,0.00541,0.020284,0.017495,0.009255,0.070837,0.201283,0.003233,0.141448,0.00963,0.000965,,4422100,,
0,1,,0.127102,0.153415,0.128265,0.029706,0.023469,0.007098,0.056264,0.150604,0.000709,0.061438,0.032843,0.004883,0.1062,0.044841,0.002552,0.067241,0.003298,0.000071,,4370000,,
0,15,,0.104817,0.076563,0.126013,0.035316,0.030778,0.012144,0.067099,0.081512,0.003606,0.03702,0.038927,0.00197,0.094358,0.092542,0.013454,0.166785,0.016137,0.000958,,4947000,,
0,15,,0.102533,0.075612,0.127656,0.02106,0.036754,0.015321,0.056319,0.076895,0.004238,0.052344,0.048154,0.003937,0.08738,0.09143,0.010895,0.170675,0.017632,0.001166,,4442100,,
0,15,,0.093056,0.075684,0.132017,0.035862,0.031169,0.00936,0.07819,0.080276,0.002806,0.033809,0.034561,0.00296,0.091517,0.097245,0.005864,0.174999,0.019606,0.001019,,4226600,,
0,6,,0.110865,0.019678,0.072073,0.16524,0.007161,0.005335,0.238689,0.029128,0.000166,0.011147,0.010069,0.030472,0.04023,0.150834,0.001625,0.104238,0.002957,0.000093,,4307100,,
0,15,,0.109572,0.07229,0.146456,0.025522,0.03035,0.0096,0.060945,0.082428,0.003723,0.038382,0.035449,0.001564,0.09699,0.093745,0.006274,0.168095,0.017534,0.001082,,5316800,,
0,6,,0.117879,0.038573,0.087656,0.101195,0.019533,0.010833,0.223907,0.036674,0.000327,0.021064,0.021781,0.019157,0.050086,0.131947,0.003793,0.113236,0.002263,0.000096,,3683500,,
0,13,,0.122605,0.032196,0.089058,0.084305,0.010156,0.007278,0.151476,0.04566,0.004905,0.018053,0.013043,0.019961,0.068672,0.196307,0.000752,0.128992,0.006014,0.000567,,4872500,,
0,15,,0.115072,0.071659,0.134363,0.038821,0.031384,0.00982,0.071136,0.081009,0.004738,0.034306,0.034064,0.001869,0.089016,0.09613,0.006331,0.160233,0.018913,0.001135,,3984600,,
0,7,,0.121056,0.141369,0.133604,0.020417,0.027387,0.007556,0.062744,0.144591,0.00107,0.057559,0.031875,0.004093,0.102748,0.064966,0.002672,0.073994,0.002237,0.000064,,4977300,,
0,6,,0.104711,0.018003,0.074752,0.14453,0.004773,0.001583,0.255532,0.034865,0.000289,0.010663,0.005837,0.019278,0.044924,0.169602,0.000213,0.107302,0.0027,0.000441,,5486700,,
0,6,,0.121332,0.020107,0.087116,0.146276,0.008923,0.001665,0.221679,0.031737,0.000929,0.01083,0.006498,0.060345,0.046562,0.139535,0.0004,0.093157,0.00285,0.00006,,5206900,,
0,15,,0.112939,0.063454,0.136363,0.040238,0.024605,0.006443,0.072458,0.078624,0.005051,0.0319,0.027726,0.001876,0.088379,0.108819,0.006125,0.17112,0.022301,0.00158,,4550700,,
0,13,,0.118968,0.045004,0.104633,0.039766,0.021676,0.010882,0.126236,0.066153,0.004623,0.028158,0.03004,0.005211,0.073192,0.183095,0.001661,0.133245,0.006845,0.00061,,5610700,,
0,13,,0.123254,0.045238,0.102731,0.04264,0.018585,0.013664,0.137207,0.05009,0.003385,0.025638,0.024617,0.007268,0.066312,0.189717,0.003757,0.139853,0.005448,0.000596,,4317300,,
0,6,,0.120866,0.04482,0.07538,0.12264,0.007066,0.001651,0.238891,0.039931,0.004705,0.023309,0.014502,0.008531,0.040995,0.147002,0.004049,0.093472,0.011351,0.000839,,5868200,,
0,13,,0.113043,0.051547,0.105334,0.033432,0.017267,0.010555,0.132708,0.062971,0.004301,0.026875,0.024702,0.001534,0.07945,0.181038,0.001548,0.146273,0.006807,0.000617,,4109000,,
0,6,,0.112356,0.036514,0.078076,0.118722,0.008096,0.000989,0.242995,0.04471,0.002566,0.012743,0.008902,0.01443,0.060986,0.146123,0.001181,0.097792,0.011782,0.001038,,4324800,,
0,15,,0.12176,0.067773,0.129232,0.019602,0.024328,0.006046,0.070788,0.081995,0.005181,0.036333,0.026069,0.000833,0.102517,0.10577,0.005971,0.1713,0.02273,0.001773,,4232700,,
0,15,,0.112806,0.072648,0.123511,0.037904,0.031572,0.009412,0.060261,0.082317,0.003578,0.038011,0.034061,0.012112,0.094746,0.099771,0.006184,0.161932,0.017975,0.001198,,5707400,,
0,13,,0.124036,0.041312,0.094894,0.047623,0.011261,0.010206,0.145834,0.046255,0.006909,0.024115,0.015081,0.010059,0.076054,0.195299,0.002664,0.137617,0.009663,0.001117,,3580100,,
0,7,,0.116585,0.144449,0.120246,0.027405,0.02197,0.007598,0.060122,0.165149,0.001439,0.054071,0.034119,0.005211,0.100044,0.064029,0.002675,0.071905,0.002912,0.000071,,3649000,,
0,6,,0.113651,0.022319,0.073963,0.188722,0.007345,0.005483,0.204735,0.020357,0.000149,0.012365,0.007426,0.081921,0.035646,0.132596,0.001625,0.090294,0.001365,0.00004,,4470400,,
0,6,,0.118024,0.026494,0.077693,0.145186,0.006779,0.004568,0.222379,0.040403,0.000721,0.015259,0.007855,0.023225,0.048865,0.148589,0.001379,0.108822,0.003658,0.000101,,4649100,,
0,13,,0.124496,0.042643,0.093307,0.055198,0.011683,0.006695,0.142761,0.04892,0.005238,0.022751,0.015468,0.008694,0.064488,0.199593,0.001475,0.144232,0.01125,0.001108,,4578800,,
0,15,,0.09644,0.073438,0.139258,0.0192,0.033307,0.009231,0.073231,0.08616,0.003571,0.036874,0.036532,0.000375,0.104523,0.084605,0.005963,0.174585,0.017455,0.005251,,4185200,,
0,6,,0.114257,0.028324,0.077915,0.148069,0.004731,0.005622,0.198713,0.038733,0.000778,0.015018,0.006546,0.073298,0.052754,0.13937,0.001023,0.09282,0.001915,0.000114,,4356500,,
0,13,,0.118919,0.044561,0.105122,0.031827,0.013787,0.007095,0.146414,0.05799,0.006059,0.019924,0.014533,0.000899,0.068133,0.204618,0.001551,0.146407,0.011122,0.001039,,4206200,,
0,13,,0.099929,0.047259,0.110302,0.044414,0.017539,0.010208,0.14094,0.058333,0.003909,0.021378,0.025539,0.00288,0.076534,0.183811,0.001663,0.148495,0.006257,0.00061,,5245800,,
0,6,,0.110345,0.033201,0.076976,0.153028,0.009141,0.001003,0.247001,0.048172,0.000583,0.009937,0.011985,0.024628,0.05715,0.132575,0.000634,0.079331,0.004264,0.000047,,3709400,,
0,6,,0.101124,0.023663,0.064239,0.184934,0.005191,0.000682,0.25547,0.045237,0.000208,0.006008,0.008292,0.033019,0.062227,0.128835,0.000492,0.076145,0.004073,0.000163,,3602700,,
0,15,,0.110406,0.064923,0.136966,0.02274,0.031218,0.01252,0.074927,0.074606,0.002209,0.035063,0.036623,0.003962,0.087419,0.101572,0.00827,0.178565,0.016828,0.001183,,4782900,,
0,6,,0.110666,0.045666,0.080645,0.114055,0.017786,0.005792,0.227187,0.049133,0.000809,0.017308,0.021898,0.018865,0.065726,0.128068,0.00171,0.089544,0.00493,0.00021,,4466500,,
0,15,,0.116124,0.062107,0.122374,0.0365,0.026379,0.007289,0.08735,0.066213,0.003281,0.035979,0.02998,0.006332,0.082167,0.112558,0.00797,0.175057,0.02091,0.001428,,4192700,,
0,6,,0.108963,0.039232,0.065815,0.139431,0.004899,0.001319,0.256076,0.035002,0.004237,0.020174,0.009194,0.011523,0.043194,0.144061,0.003221,0.101685,0.010931,0.001043,,4017600,,
0,7,,0.115277,0.140552,0.122089,0.034907,0.018177,0.011018,0.066602,0.148194,0.001161,0.04916,0.027482,0.009255,0.101674,0.068163,0.004557,0.080047,0.001624,0.000064,,4672300,,
0,15,,0.101456,0.061566,0.141324,0.025697,0.023118,0.006187,0.077637,0.076004,0.003899,0.033669,0.027909,0.001189,0.093604,0.119408,0.006021,0.177422,0.02172,0.002172,,3778200,,
0,13,,0.108837,0.061608,0.107077,0.025028,0.02198,0.010191,0.12354,0.075612,0.003673,0.026461,0.028566,0.000554,0.090717,0.177845,0.003541,0.127414,0.006747,0.00061,,3800300,,
0,15,,0.096559,0.078765,0.130174,0.02908,0.035904,0.00973,0.061431,0.100928,0.002422,0.034422,0.03808,0.003582,0.105643,0.087701,0.008222,0.158991,0.0174,0.000965,,4167900,,
0,3,,0.121477,0.01863,0.093788,0.18555,0.005951,0.001676,0.18192,0.029231,0.001011,0.011457,0.005857,0.07935,0.057465,0.122395,0.000134,0.080777,0.003216,0.000116,,5033500,,
0,13,,0.130722,0.047832,0.088734,0.043699,0.009515,0.00938,0.150812,0.049123,0.005974,0.028576,0.0171,0.009213,0.063175,0.198511,0.003116,0.133462,0.009947,0.00111,,4648000,,
0,13,,0.11402,0.038901,0.099719,0.063237,0.010607,0.007355,0.142632,0.052932,0.00576,0.02092,0.014849,0.00849,0.079604,0.18863,0.001385,0.138328,0.011517,0.001116,,4736800,,
0,7,,0.094004,0.129017,0.129734,0.039906,0.02229,0.012314,0.077781,0.156626,0.000171,0.046522,0.030534,0.008907,0.101381,0.064601,0.004204,0.079588,0.00237,0.00005,,5623300,,
0,13,,0.109843,0.038382,0.107143,0.037976,0.011069,0.010245,0.1384,0.051494,0.006027,0.02872,0.018458,0.001913,0.066105,0.202903,0.002662,0.157616,0.009936,0.00111,,5126000,,
0,6,,0.127501,0.039342,0.0739,0.161253,0.009303,0.003866,0.186338,0.036425,0.000178,0.025414,0.011575,0.077771,0.041612,0.121039,0.001904,0.080862,0.00167,0.000046,,4523700,,
0,13,,0.107126,0.04386,0.114403,0.031283,0.019164,0.013741,0.129197,0.053663,0.003298,0.024005,0.025893,0.003536,0.069585,0.196274,0.003685,0.155712,0.004975,0.000602,,4872200,,
0,6,,0.119445,0.031577,0.085458,0.140449,0.007362,0.001941,0.208963,0.040414,0.002951,0.014039,0.007408,0.025709,0.056765,0.141402,0.000837,0.103886,0.010414,0.000977,,4320900,,
0,6,,0.102395,0.019071,0.073839,0.219124,0.003858,0.000782,0.222941,0.030396,0.000143,0.007046,0.006672,0.067936,0.049111,0.123582,0.0001,0.069291,0.003389,0.000323,,3849000,,
0,13,,0.106759,0.044176,0.097957,0.037514,0.012426,0.00678,0.160048,0.053054,0.005414,0.018075,0.018112,0.000375,0.076471,0.204576,0.001869,0.143741,0.010172,0.002481,,4330000,,
0,6,,0.110968,0.04686,0.083779,0.109857,0.02026,0.009548,0.213417,0.043993,0.001164,0.023494,0.023631,0.009984,0.056996,0.13403,0.008538,0.10045,0.00288,0.000151,,4111500,,
0,6,,0.122704,0.021658,0.094378,0.127614,0.010478,0.00178,0.207457,0.042164,0.000969,0.011499,0.009312,0.017674,0.062025,0.151041,0.000721,0.113698,0.004783,0.000047,,3900700,,
0,15,,0.120647,0.063638,0.128243,0.035177,0.024541,0.006353,0.06059,0.080443,0.005001,0.034365,0.025993,0.008106,0.099601,0.108319,0.005978,0.168793,0.022515,0.001697,,4940700,,
