chess-krvk,CWE,test,0,NANOSECONDS,PREDICTIONS, Generated by ClassifierExperiments.java on 2022-05-15 21:34:02.    SYSTEMPROPERTIES:{user.name:matth,os.arch:amd64,os.name:Windows 10},ENDSYSTEMPROPERTIES
No parameter info
0.28718861209964414,1060676500,16072030600,-1,122660896,18,,-1,-1
0,6,,0.13108,0.040502,0.080271,0.081165,0.015607,0.004483,0.238022,0.040248,0.000192,0.018271,0.024475,0.01532,0.060763,0.139145,0.000974,0.108369,0.001033,0.000079,,3509900,,
0,15,,0.13351,0.06745,0.130156,0.021187,0.032305,0.011635,0.055698,0.066166,0.001705,0.034195,0.033056,0.003038,0.084312,0.107877,0.007974,0.196547,0.012409,0.000781,,2966500,,
0,6,,0.138508,0.022857,0.064134,0.177641,0.006619,0.000654,0.248682,0.026464,0.001902,0.013188,0.00608,0.031019,0.037643,0.141521,0.000869,0.075696,0.005981,0.000542,,3072100,,
0,6,,0.130387,0.036524,0.060233,0.156805,0.007143,0.000589,0.23472,0.037345,0.001829,0.011591,0.003892,0.02158,0.043777,0.150211,0.000921,0.095273,0.006661,0.00052,,2941600,,
0,15,,0.125448,0.069329,0.118346,0.019276,0.020303,0.006837,0.076088,0.062092,0.003408,0.039693,0.025968,0.001313,0.084818,0.107903,0.006989,0.214764,0.016304,0.001121,,2921400,,
0,13,,0.142978,0.053618,0.096707,0.030325,0.014602,0.008462,0.129155,0.051218,0.003095,0.024702,0.024483,0.003038,0.068298,0.194663,0.001312,0.148676,0.00397,0.000696,,2924600,,
0,6,,0.132217,0.04057,0.090983,0.087417,0.018865,0.004491,0.237356,0.039841,0.000192,0.028908,0.028398,0.015518,0.054718,0.121053,0.001466,0.096891,0.001053,0.000063,,2921500,,
0,3,,0.143722,0.01124,0.066979,0.210047,0.002209,0.000426,0.192085,0.013797,0.000491,0.006435,0.00136,0.103483,0.026906,0.142231,0.000078,0.078072,0.000419,0.00002,,2921900,,
0,6,,0.127105,0.03722,0.073415,0.143785,0.015439,0.005702,0.206954,0.039723,0.000407,0.015426,0.023858,0.034949,0.047137,0.133231,0.000842,0.093753,0.00096,0.000095,,2953700,,
0,3,,0.139788,0.012893,0.063997,0.233373,0.002167,0.001626,0.21413,0.014197,0.000063,0.005769,0.007072,0.067048,0.03059,0.141241,0.000078,0.065411,0.000536,0.00002,,2904100,,
0,6,,0.14975,0.008096,0.078451,0.172771,0.00316,0.000809,0.210869,0.021794,0.000057,0.003663,0.002504,0.037622,0.029174,0.157819,0.000519,0.120447,0.002406,0.000087,,2907900,,
0,13,,0.12536,0.053502,0.09376,0.03629,0.014083,0.008519,0.136497,0.056285,0.00331,0.027376,0.025988,0.003403,0.073089,0.188472,0.001257,0.148112,0.003986,0.000713,,2900900,,
0,6,,0.139224,0.034559,0.077349,0.054638,0.022578,0.006554,0.248421,0.03469,0.002693,0.0123,0.00898,0.001342,0.047602,0.182921,0.004471,0.112287,0.00785,0.001542,,2899700,,
0,13,,0.121939,0.047661,0.092355,0.052224,0.015945,0.008146,0.143821,0.052476,0.003835,0.01833,0.023291,0.0033,0.067608,0.215801,0.001204,0.121905,0.009407,0.000752,,2914100,,
0,15,,0.137847,0.073328,0.133817,0.009788,0.028048,0.011072,0.041385,0.091369,0.002194,0.042849,0.040502,0.000654,0.116577,0.0763,0.00666,0.174477,0.012298,0.000835,,2861600,,
0,6,,0.133895,0.036413,0.065228,0.179248,0.013125,0.003961,0.257745,0.033318,0.000326,0.009326,0.015214,0.028023,0.043354,0.102423,0.000793,0.070828,0.006527,0.000254,,2867100,,
0,6,,0.142822,0.02382,0.056836,0.1875,0.003473,0.000426,0.227928,0.032109,0.002077,0.0101,0.002375,0.032363,0.038912,0.145365,0.000628,0.085254,0.007238,0.000772,,2864300,,
0,15,,0.130386,0.080866,0.13231,0.026034,0.025353,0.007632,0.063642,0.073927,0.012567,0.036348,0.028697,0.003501,0.093519,0.098038,0.005039,0.165434,0.015872,0.000835,,2866900,,
0,15,,0.123906,0.0582,0.126631,0.006809,0.040017,0.018084,0.049916,0.072022,0.008557,0.036351,0.040433,0,0.109673,0.096301,0.011031,0.182594,0.01864,0.000837,,2884700,,
0,6,,0.152343,0.01431,0.098323,0.109347,0.002986,0.00044,0.228944,0.037028,0.000063,0.008173,0.007784,0.01864,0.045135,0.160552,0.000032,0.115462,0.000403,0.000035,,2871800,,
0,15,,0.134158,0.081117,0.152555,0.009493,0.02488,0.007371,0.046515,0.090217,0.002455,0.038061,0.032318,0.000736,0.105373,0.076068,0.005054,0.176741,0.016051,0.000835,,2876600,,
0,13,,0.116854,0.031347,0.095571,0.055476,0.006565,0.005155,0.195212,0.04433,0.002271,0.015554,0.014362,0.006525,0.059923,0.21436,0.00055,0.131898,0.003624,0.000422,,2876300,,
0,13,,0.137931,0.04253,0.087429,0.061849,0.013532,0.008577,0.152801,0.045217,0.005765,0.021931,0.017933,0.003501,0.068886,0.191628,0.001377,0.134649,0.003865,0.000599,,2864400,,
0,6,,0.118279,0.031064,0.079431,0.083865,0.026865,0.010733,0.236781,0.029726,0.000492,0.020143,0.020479,0.003314,0.043032,0.169861,0.011016,0.11182,0.00302,0.000079,,2899900,,
0,13,,0.127137,0.039688,0.105419,0.017329,0.023963,0.018313,0.110885,0.044399,0.00325,0.019027,0.025777,0,0.066864,0.232748,0.003714,0.154592,0.006221,0.000674,,2870300,,
0,6,,0.125659,0.011831,0.051225,0.209867,0.001756,0.0004,0.282077,0.033184,0.000196,0.004244,0.004033,0.041001,0.061424,0.114162,0.000078,0.056933,0.001803,0.000128,,2886100,,
0,6,,0.143613,0.031301,0.061556,0.166564,0.014032,0.004603,0.227027,0.032194,0.003084,0.015604,0.012375,0.032363,0.040992,0.130415,0.000842,0.08238,0.00096,0.000095,,2878800,,
0,6,,0.142332,0.013914,0.077868,0.187459,0.002437,0.001626,0.200676,0.01505,0.000063,0.005909,0.007461,0.074775,0.032362,0.147287,0.000125,0.090123,0.000513,0.00002,,2878200,,
0,6,,0.127105,0.03722,0.073415,0.143785,0.015439,0.005702,0.206954,0.039723,0.000407,0.015426,0.023858,0.034949,0.047137,0.133231,0.000842,0.093753,0.00096,0.000095,,2895000,,
0,6,,0.145534,0.038707,0.071042,0.135827,0.014931,0.005455,0.213877,0.03402,0.000192,0.015829,0.022395,0.031175,0.04404,0.128707,0.000974,0.09629,0.000924,0.000079,,2863700,,
0,6,,0.126727,0.032761,0.107777,0.067539,0.030583,0.009406,0.201024,0.059464,0.000296,0.015448,0.021784,0.005425,0.075374,0.139286,0.005223,0.098706,0.003097,0.000079,,2874200,,
0,6,,0.142323,0.024089,0.06037,0.151164,0.003732,0.000426,0.254491,0.032552,0.002094,0.010046,0.00242,0.027601,0.042636,0.155201,0.000628,0.082489,0.006948,0.000788,,2868300,,
0,6,,0.142484,0.008624,0.096484,0.16153,0.003425,0.000809,0.204217,0.012248,0.000057,0.005119,0.001729,0.049793,0.032283,0.165442,0.000566,0.112711,0.002405,0.000072,,2866400,,
0,7,,0.132525,0.144442,0.15512,0.009493,0.013031,0.005979,0.045004,0.158378,0.00013,0.046498,0.02368,0.000736,0.139683,0.046664,0.001787,0.076117,0.000674,0.00006,,2863800,,
0,6,,0.146818,0.025514,0.108653,0.074725,0.004775,0.00044,0.209854,0.040926,0.001666,0.012905,0.008139,0.008825,0.069976,0.159636,0.000628,0.118782,0.006948,0.000788,,2875400,,
0,6,,0.127595,0.024234,0.047428,0.189935,0.003494,0.0004,0.292115,0.030184,0.002181,0.006244,0.003409,0.027383,0.042092,0.124218,0.000876,0.069269,0.008071,0.000872,,2894200,,
0,6,,0.139732,0.028047,0.098729,0.0632,0.020853,0.006148,0.195962,0.061701,0.001823,0.012432,0.010492,0.004895,0.074314,0.172407,0.005075,0.094563,0.00886,0.000766,,2874400,,
0,13,,0.139128,0.047067,0.093377,0.042007,0.013418,0.009559,0.154686,0.047266,0.003615,0.016796,0.01844,0.002337,0.066442,0.195708,0.001389,0.138828,0.009182,0.000757,,2886400,,
0,15,,0.131049,0.070697,0.128876,0.033754,0.019457,0.004679,0.079963,0.069899,0.011393,0.02975,0.022668,0.003501,0.095242,0.111256,0.004994,0.1617,0.019962,0.001159,,2863000,,
0,6,,0.148948,0.021215,0.061655,0.17151,0.003006,0.000719,0.268357,0.024566,0.005887,0.006444,0.002553,0.016025,0.035331,0.145669,0.000696,0.077884,0.008648,0.000885,,2890900,,
0,13,,0.125902,0.042571,0.113368,0.019063,0.012822,0.008037,0.133831,0.05325,0.002375,0.022233,0.022709,0.000736,0.074592,0.213747,0.001156,0.148881,0.004118,0.00061,,2899200,,
0,13,,0.122783,0.037336,0.088596,0.067137,0.008537,0.005424,0.179579,0.036997,0.004824,0.012659,0.012256,0.002776,0.058452,0.202617,0.001334,0.148639,0.009047,0.001008,,2889700,,
0,6,,0.14918,0.021356,0.045684,0.183019,0.002699,0.000284,0.277563,0.02205,0.002666,0.012285,0.005309,0.011418,0.025188,0.142992,0.001229,0.081258,0.014852,0.000968,,2935400,,
0,13,,0.151404,0.030853,0.120217,0.021585,0.009286,0.00574,0.118339,0.051585,0.004377,0.015161,0.011962,0.000229,0.083193,0.193123,0.002372,0.161596,0.017746,0.001232,,3009200,,
0,6,,0.150056,0.028701,0.091231,0.087207,0.01874,0.005561,0.218532,0.03606,0.000614,0.011406,0.015546,0.006838,0.041367,0.154622,0.001469,0.128837,0.003082,0.000131,,3010800,,
0,6,,0.120038,0.041499,0.083298,0.095188,0.015604,0.004495,0.251275,0.034906,0.000192,0.01877,0.023669,0.016061,0.054884,0.126066,0.000974,0.111946,0.001056,0.000079,,2951400,,
0,6,,0.107865,0.043213,0.131104,0.041836,0.030772,0.009344,0.16648,0.044376,0.003681,0.025857,0.022486,0.002058,0.081299,0.101712,0.002286,0.16355,0.013607,0.008473,,2926600,,
0,13,,0.138044,0.029673,0.086716,0.063789,0.00679,0.005438,0.184133,0.049016,0.002943,0.014367,0.014314,0.004446,0.064253,0.202206,0.00076,0.129189,0.003387,0.000538,,2924800,,
0,6,,0.129473,0.012244,0.045331,0.227166,0.001595,0.000592,0.241928,0.020739,0.000196,0.003363,0.003074,0.053597,0.039036,0.151465,0.00008,0.068172,0.001808,0.000143,,2907500,,
0,13,,0.140733,0.037939,0.094841,0.024102,0.007534,0.005547,0.127002,0.051392,0.004332,0.018355,0.015016,0.000736,0.080029,0.209845,0.00121,0.172467,0.007882,0.001036,,2927200,,
0,13,,0.114379,0.036067,0.084112,0.051477,0.009129,0.00542,0.186299,0.049878,0.00449,0.015743,0.013325,0.003013,0.067575,0.212164,0.001333,0.136971,0.007606,0.001018,,2943400,,
0,13,,0.131014,0.05026,0.092401,0.035011,0.014549,0.008374,0.151818,0.045204,0.003107,0.024251,0.023548,0.003038,0.067147,0.207496,0.001431,0.136662,0.003986,0.000701,,2910400,,
0,13,,0.127912,0.046831,0.108973,0.021081,0.013285,0.008323,0.132732,0.053076,0.003081,0.023239,0.023204,0.000736,0.074671,0.208942,0.001392,0.147847,0.003958,0.000717,,2974200,,
0,7,,0.13566,0.13699,0.136611,0.008762,0.033425,0.01427,0.044101,0.181346,0.000262,0.056989,0.02868,0.000229,0.089199,0.046556,0.006003,0.078257,0.002564,0.000095,,2931300,,
0,13,,0.139014,0.048764,0.112373,0.024853,0.013829,0.008589,0.115805,0.066223,0.003325,0.026602,0.02506,0.000654,0.107908,0.164124,0.001374,0.136789,0.004117,0.000598,,2931700,,
0,15,,0.116118,0.086939,0.137971,0.019948,0.026344,0.007271,0.056497,0.089447,0.002858,0.042087,0.035585,0.003403,0.09564,0.097368,0.005039,0.160777,0.015872,0.000835,,2883200,,
0,13,,0.104979,0.037975,0.142668,0.015455,0.02082,0.009973,0.10583,0.054619,0.006767,0.027951,0.02444,0,0.086921,0.176287,0.002066,0.152458,0.017987,0.012803,,2897300,,
0,13,,0.12487,0.046133,0.090586,0.035333,0.008064,0.00656,0.151658,0.043907,0.004576,0.027906,0.016816,0.001313,0.061214,0.223705,0.001722,0.146814,0.007902,0.00092,,2897500,,
0,6,,0.120303,0.026467,0.055048,0.16997,0.004782,0.000589,0.254504,0.034505,0.001657,0.010262,0.003394,0.022802,0.040567,0.148371,0.000654,0.098643,0.006718,0.000764,,2906100,,
0,6,,0.127595,0.024234,0.047428,0.189935,0.003494,0.0004,0.292115,0.030184,0.002181,0.006244,0.003409,0.027383,0.042092,0.124218,0.000876,0.069269,0.008071,0.000872,,2934400,,
0,13,,0.132462,0.046067,0.097291,0.033288,0.013686,0.009008,0.148239,0.058329,0.003704,0.020778,0.020711,0.003013,0.068902,0.183246,0.001269,0.155416,0.003895,0.000696,,2873000,,
0,13,,0.133668,0.045917,0.106793,0.018715,0.026085,0.01473,0.111397,0.048127,0.006018,0.01755,0.019469,0,0.068747,0.220198,0.003957,0.14788,0.009153,0.001594,,2844000,,
0,6,,0.120574,0.011145,0.04674,0.201583,0.001979,0.00052,0.296749,0.025081,0.000208,0.007315,0.002203,0.028431,0.036089,0.150956,0.000078,0.069798,0.000514,0.000036,,2843200,,
0,6,,0.147455,0.032198,0.056834,0.16521,0.01476,0.004055,0.263799,0.02351,0.003091,0.01642,0.015631,0.011418,0.030444,0.126047,0.002255,0.083654,0.003087,0.000131,,2856000,,
0,6,,0.115818,0.043485,0.095736,0.062469,0.007615,0.001572,0.193458,0.052269,0.001444,0.01629,0.015787,0.004739,0.050226,0.170679,0.000916,0.16151,0.005446,0.000542,,2853200,,
0,15,,0.119176,0.079177,0.116691,0.013998,0.050962,0.01124,0.038745,0.120693,0.003456,0.039397,0.045382,0,0.097181,0.081651,0.016982,0.141836,0.02269,0.000743,,2861700,,
0,15,,0.138882,0.069681,0.124952,0.013467,0.051202,0.010799,0.038373,0.092181,0.002963,0.030268,0.028994,0.000229,0.093387,0.080063,0.009034,0.177867,0.0362,0.00146,,2841100,,
0,15,,0.11887,0.083337,0.164397,0.010765,0.025804,0.004267,0.045071,0.090802,0.003898,0.037343,0.031669,0.000067,0.088236,0.089378,0.005176,0.18034,0.019421,0.001158,,2851800,,
0,13,,0.135281,0.03452,0.082732,0.074945,0.007505,0.005492,0.164433,0.041106,0.00459,0.015568,0.011904,0.003501,0.067817,0.204404,0.001332,0.135752,0.008195,0.000923,,2840300,,
0,6,,0.129854,0.03253,0.056193,0.167363,0.006095,0.000592,0.262085,0.024992,0.00259,0.007744,0.003579,0.01893,0.035182,0.153695,0.000921,0.088937,0.008091,0.000628,,2852700,,
0,6,,0.134635,0.014367,0.061169,0.152199,0.002167,0.001626,0.251012,0.026752,0.000063,0.006025,0.008168,0.024829,0.041546,0.183907,0.000078,0.090903,0.000536,0.00002,,2887300,,
0,6,,0.135919,0.012658,0.049192,0.218485,0.002319,0.000589,0.232548,0.025831,0.000162,0.006374,0.002861,0.056395,0.034873,0.147912,0.00008,0.07339,0.000378,0.000035,,2837500,,
0,6,,0.136808,0.01377,0.043942,0.248362,0.001372,0.000284,0.304527,0.018135,0.001402,0.008174,0.003225,0.019639,0.028244,0.108915,0.000334,0.06046,0.00232,0.000088,,2829500,,
0,13,,0.119894,0.057153,0.127768,0.019336,0.016041,0.008394,0.103927,0.073021,0.003073,0.028661,0.027015,0.000067,0.079845,0.174063,0.001389,0.155698,0.004056,0.000598,,2828200,,
0,13,,0.127137,0.039688,0.105419,0.017329,0.023963,0.018313,0.110885,0.044399,0.00325,0.019027,0.025777,0,0.066864,0.232748,0.003714,0.154592,0.006221,0.000674,,2857000,,
0,6,,0.128347,0.025563,0.056387,0.14664,0.005022,0.000589,0.252936,0.034817,0.00166,0.010609,0.003436,0.021096,0.043481,0.164411,0.000654,0.097099,0.006488,0.000766,,2897000,,
0,7,,0.136564,0.15753,0.121006,0.009587,0.013793,0.005817,0.038222,0.180864,0.000344,0.057889,0.026957,0.000654,0.147474,0.038631,0.00178,0.062185,0.000644,0.00006,,2856100,,
0,6,,0.128183,0.025516,0.052745,0.182649,0.004763,0.000589,0.22585,0.034638,0.001472,0.010477,0.003391,0.025858,0.038944,0.158175,0.000654,0.098677,0.00667,0.00075,,2847700,,
0,13,,0.128322,0.034072,0.084732,0.055861,0.009301,0.005766,0.16692,0.038444,0.003515,0.019144,0.019974,0.003403,0.062954,0.232681,0.001276,0.12461,0.008218,0.000805,,2844100,,
0,7,,0.144521,0.126481,0.159827,0.010559,0.021674,0.013839,0.040249,0.165372,0.000213,0.047609,0.031498,0.000654,0.124825,0.042358,0.004336,0.065413,0.000513,0.00006,,2829300,,
0,6,,0.146818,0.025514,0.108653,0.074725,0.004775,0.00044,0.209854,0.040926,0.001666,0.012905,0.008139,0.008825,0.069976,0.159636,0.000628,0.118782,0.006948,0.000788,,2832200,,
0,13,,0.123305,0.059241,0.101885,0.01851,0.028058,0.012022,0.089199,0.063135,0.017034,0.067927,0.046434,0,0.069248,0.160741,0.007669,0.113546,0.019923,0.002123,,2866000,,
0,6,,0.115897,0.055073,0.102216,0.057974,0.017595,0.005381,0.181753,0.061121,0.000192,0.022996,0.026464,0.004531,0.065979,0.134632,0.000959,0.146058,0.001083,0.000095,,2862100,,
0,13,,0.125893,0.061123,0.096209,0.012688,0.024832,0.014674,0.07949,0.059463,0.013144,0.078237,0.050718,0,0.076143,0.140484,0.00763,0.140457,0.016279,0.002536,,2863100,,
0,6,,0.128933,0.032318,0.084246,0.076761,0.032221,0.011458,0.219604,0.033878,0.000701,0.023561,0.024776,0.002878,0.045747,0.168995,0.011958,0.098478,0.003422,0.000063,,2841300,,
0,6,,0.136808,0.01377,0.043942,0.248362,0.001372,0.000284,0.304527,0.018135,0.001402,0.008174,0.003225,0.019639,0.028244,0.108915,0.000334,0.06046,0.00232,0.000088,,2844700,,
0,15,,0.141309,0.052051,0.113799,0.018351,0.013901,0.008546,0.095927,0.070391,0.00331,0.028844,0.025469,0.000654,0.109053,0.154925,0.001257,0.157512,0.003986,0.000713,,2871700,,
0,2,,0.121582,0.083515,0.171229,0.013408,0.027148,0.007673,0.044298,0.091414,0.002649,0.043349,0.035791,0.00235,0.107118,0.079793,0.005099,0.147158,0.015643,0.000782,,2844000,,
0,6,,0.133895,0.036413,0.065228,0.179248,0.013125,0.003961,0.257745,0.033318,0.000326,0.009326,0.015214,0.028023,0.043354,0.102423,0.000793,0.070828,0.006527,0.000254,,2843700,,
0,13,,0.140294,0.027262,0.088667,0.06346,0.00795,0.006011,0.16611,0.043081,0.00413,0.012564,0.013253,0.00638,0.064173,0.218689,0.000639,0.131986,0.00471,0.000642,,2840500,,
0,15,,0.111718,0.079798,0.122444,0.021314,0.030914,0.00752,0.05625,0.090025,0.002849,0.048731,0.039288,0.003403,0.084187,0.102476,0.005222,0.177742,0.015284,0.000835,,2838300,,
0,15,,0.130386,0.080866,0.13231,0.026034,0.025353,0.007632,0.063642,0.073927,0.012567,0.036348,0.028697,0.003501,0.093519,0.098038,0.005039,0.165434,0.015872,0.000835,,2825900,,
0,13,,0.140251,0.034463,0.092429,0.027393,0.010054,0.005726,0.146506,0.04157,0.003462,0.017302,0.017914,0.000736,0.06623,0.234819,0.001277,0.151338,0.007727,0.000805,,2831700,,
0,13,,0.122085,0.058916,0.100495,0.017674,0.024011,0.014544,0.098122,0.061258,0.013126,0.071518,0.050447,0,0.076871,0.13895,0.007919,0.125463,0.016577,0.002024,,2827300,,
0,15,,0.127559,0.062053,0.127594,0.008452,0.038868,0.01877,0.050327,0.072468,0.009416,0.038448,0.041658,0,0.104988,0.086513,0.010779,0.18235,0.01892,0.000837,,2827700,,
0,6,,0.147835,0.012522,0.041489,0.240001,0.001353,0.000284,0.267731,0.017175,0.001402,0.008188,0.003222,0.03777,0.025541,0.129734,0.000334,0.063013,0.002319,0.000087,,2823100,,
0,6,,0.148768,0.018182,0.087106,0.098849,0.004864,0.000809,0.237347,0.026194,0.001556,0.007336,0.002889,0.006838,0.039394,0.170646,0.001812,0.129796,0.016628,0.000984,,2856700,,
0,15,,0.122623,0.076854,0.112372,0.035697,0.033505,0.007573,0.065826,0.07189,0.003682,0.029342,0.028467,0.0033,0.081808,0.105091,0.004839,0.180382,0.03543,0.001318,,2821900,,
0,13,,0.135513,0.034428,0.084551,0.048339,0.008133,0.006849,0.167159,0.040656,0.008062,0.018948,0.012692,0.002337,0.052808,0.224015,0.001708,0.143576,0.009201,0.001028,,2823000,,
0,6,,0.140885,0.03552,0.074666,0.126718,0.01525,0.011041,0.231325,0.02908,0.000192,0.016236,0.020965,0.029739,0.039984,0.120722,0.002435,0.104319,0.000861,0.000063,,2828800,,
0,3,,0.146705,0.022129,0.046717,0.215974,0.002298,0.000654,0.20253,0.013323,0.000491,0.01501,0.001212,0.140845,0.023921,0.11954,0.000092,0.048182,0.000356,0.00002,,2820300,,
0,13,,0.134262,0.031654,0.09674,0.071589,0.008641,0.005711,0.173032,0.049864,0.003744,0.013763,0.014426,0.008989,0.067661,0.199139,0.000663,0.116265,0.003324,0.000534,,2840600,,
0,13,,0.131635,0.027737,0.073136,0.082511,0.007542,0.005766,0.188111,0.034131,0.002272,0.01784,0.01828,0.017663,0.059522,0.210189,0.000527,0.119003,0.003712,0.000422,,2826000,,
0,15,,0.123533,0.075849,0.147975,0.009493,0.024969,0.007261,0.050276,0.080707,0.002287,0.035047,0.031709,0.000736,0.095292,0.08787,0.005268,0.205655,0.015238,0.000835,,2819800,,
0,2,,0.131302,0.147762,0.163817,0.019557,0.017283,0.005543,0.048566,0.150765,0.00013,0.05175,0.031426,0.003038,0.101894,0.052645,0.001806,0.072014,0.000657,0.000043,,2840200,,
0,13,,0.123305,0.059241,0.101885,0.01851,0.028058,0.012022,0.089199,0.063135,0.017034,0.067927,0.046434,0,0.069248,0.160741,0.007669,0.113546,0.019923,0.002123,,2823200,,
0,13,,0.138044,0.029673,0.086716,0.063789,0.00679,0.005438,0.184133,0.049016,0.002943,0.014367,0.014314,0.004446,0.064253,0.202206,0.00076,0.129189,0.003387,0.000538,,2833500,,
0,15,,0.139838,0.068192,0.123123,0.018601,0.019905,0.004196,0.066057,0.081518,0.003559,0.029685,0.022678,0.000736,0.092521,0.108862,0.005025,0.194744,0.019601,0.001158,,2839600,,
0,6,,0.14035,0.013252,0.077529,0.106122,0.015862,0.00604,0.263508,0.030015,0.001026,0.008737,0.008728,0.011357,0.049607,0.171057,0.003164,0.090895,0.002476,0.000275,,2816000,,
0,15,,0.140459,0.068672,0.120339,0.034279,0.034329,0.008147,0.063395,0.064907,0.016096,0.033879,0.03559,0.000901,0.071433,0.090474,0.00744,0.171718,0.03648,0.00146,,2821900,,
0,13,,0.121142,0.043496,0.092707,0.042577,0.016067,0.010505,0.15135,0.046034,0.002485,0.024277,0.026822,0.003403,0.068162,0.210455,0.001558,0.134255,0.004225,0.000482,,2812400,,
0,13,,0.141416,0.050662,0.095564,0.042156,0.014504,0.008241,0.146319,0.044936,0.002872,0.022935,0.024567,0.003038,0.064372,0.191877,0.001432,0.14067,0.003856,0.000583,,2823300,,
0,6,,0.120503,0.027425,0.076864,0.086859,0.003875,0.00095,0.212297,0.053934,0.000062,0.009407,0.009778,0.009503,0.051978,0.203815,0.000078,0.132286,0.000353,0.000035,,2838900,,
0,15,,0.117921,0.060439,0.118008,0.036194,0.025206,0.007476,0.073307,0.070233,0.003006,0.031024,0.028905,0.003403,0.082482,0.131058,0.007569,0.186268,0.016343,0.001159,,2814200,,
0,6,,0.144919,0.036638,0.104044,0.086785,0.015907,0.004606,0.183439,0.049734,0.000407,0.019295,0.024472,0.011757,0.06945,0.138787,0.000842,0.107861,0.00096,0.000095,,2826700,,
0,6,,0.124181,0.032568,0.062229,0.168318,0.019228,0.004663,0.266829,0.029949,0.000277,0.009797,0.015207,0.018394,0.03689,0.120774,0.000986,0.086933,0.002646,0.000131,,2822700,,
0,13,,0.142317,0.048987,0.116656,0.027254,0.014172,0.00858,0.10924,0.061652,0.003087,0.026137,0.025505,0.000654,0.102792,0.159842,0.001377,0.147284,0.003865,0.000599,,2818300,,
0,15,,0.108702,0.042572,0.118953,0.041425,0.031296,0.009128,0.161465,0.042675,0.003259,0.024946,0.023115,0.002738,0.07673,0.126499,0.002485,0.162153,0.013397,0.008462,,2832400,,
0,6,,0.143716,0.030255,0.066965,0.147132,0.016581,0.004722,0.237886,0.03585,0.003086,0.01941,0.018147,0.028085,0.041423,0.123095,0.001333,0.081147,0.001087,0.00008,,2806100,,
0,13,,0.135281,0.03452,0.082732,0.074945,0.007505,0.005492,0.164433,0.041106,0.00459,0.015568,0.011904,0.003501,0.067817,0.204404,0.001332,0.135752,0.008195,0.000923,,2808300,,
0,13,,0.11172,0.057409,0.136394,0.017933,0.015801,0.008416,0.098469,0.067857,0.003081,0.029784,0.027456,0.000067,0.07659,0.183294,0.001392,0.159663,0.003958,0.000717,,2812200,,
0,6,,0.146748,0.024416,0.058627,0.197288,0.002943,0.000711,0.221834,0.019727,0.000062,0.013821,0.006071,0.080301,0.034202,0.128155,0.000138,0.064629,0.000307,0.00002,,2814700,,
0,7,,0.110675,0.146722,0.139215,0.005907,0.019638,0.005615,0.031807,0.210501,0.00013,0.063577,0.046319,0.000067,0.110739,0.04014,0.001787,0.066433,0.000669,0.00006,,2830400,,
0,6,,0.145935,0.011787,0.056649,0.218645,0.001942,0.000719,0.241792,0.009117,0.000583,0.003048,0.001681,0.062496,0.02542,0.142377,0.000125,0.07576,0.001795,0.000128,,2841700,,
0,6,,0.146518,0.012721,0.090659,0.162431,0.002986,0.00044,0.193788,0.02204,0.000063,0.007599,0.006888,0.052258,0.038714,0.18032,0.000032,0.082106,0.000403,0.000035,,2810300,,
0,6,,0.142782,0.021534,0.042895,0.24219,0.001477,0.000534,0.287081,0.023429,0.001464,0.010935,0.003299,0.02726,0.026659,0.110319,0.000349,0.055355,0.00235,0.000087,,2815800,,
0,13,,0.112636,0.03685,0.083458,0.055184,0.008418,0.005423,0.200383,0.038211,0.005259,0.013834,0.012018,0.002776,0.060808,0.216534,0.001333,0.136714,0.009036,0.001126,,2821200,,
0,6,,0.128229,0.072241,0.094102,0.053788,0.023808,0.011081,0.157507,0.073869,0.000192,0.040737,0.029894,0.005229,0.05848,0.120845,0.002435,0.126639,0.000861,0.000063,,2809600,,
0,15,,0.113532,0.071695,0.118748,0.034579,0.033688,0.007558,0.068368,0.070478,0.003674,0.026641,0.029153,0.0033,0.083644,0.10031,0.005213,0.191666,0.036433,0.001318,,2842400,,
0,13,,0.12196,0.053676,0.115965,0.01631,0.023739,0.016711,0.085692,0.051299,0.009942,0.072939,0.053438,0,0.070906,0.15637,0.009598,0.123598,0.016548,0.001309,,2806600,,
0,15,,0.141028,0.064923,0.122929,0.032538,0.035484,0.00782,0.063474,0.069723,0.015073,0.031064,0.034998,0.000901,0.077063,0.086943,0.007801,0.170559,0.036221,0.00146,,2809200,,
0,13,,0.139227,0.059026,0.08813,0.045644,0.012266,0.006642,0.116049,0.088879,0.002961,0.035495,0.021941,0.005192,0.076556,0.183477,0.00078,0.11377,0.003429,0.000537,,2805500,,
0,6,,0.139224,0.034559,0.077349,0.054638,0.022578,0.006554,0.248421,0.03469,0.002693,0.0123,0.00898,0.001342,0.047602,0.182921,0.004471,0.112287,0.00785,0.001542,,2813200,,
0,2,,0.126665,0.074792,0.150681,0.021952,0.026516,0.013329,0.062064,0.072156,0.015202,0.031163,0.029079,0.002337,0.109502,0.08113,0.005099,0.142319,0.034659,0.001357,,2830800,,
0,6,,0.143338,0.026474,0.076472,0.09761,0.003727,0.001626,0.221437,0.034175,0.001921,0.010428,0.008821,0.016374,0.048166,0.191552,0.000696,0.109197,0.007199,0.000788,,2808300,,
0,13,,0.131096,0.050352,0.093087,0.044378,0.010643,0.005515,0.125661,0.089804,0.002977,0.032539,0.021367,0.0037,0.077615,0.181789,0.000786,0.124706,0.003327,0.000657,,2806200,,
0,15,,0.113566,0.063069,0.121108,0.018495,0.042931,0.019341,0.048243,0.07647,0.003675,0.035375,0.043307,0,0.10179,0.097169,0.031095,0.160954,0.022668,0.000743,,2805200,,
0,6,,0.151723,0.018119,0.096662,0.138395,0.00459,0.000809,0.223335,0.026701,0.001548,0.006979,0.002846,0.007799,0.042281,0.137063,0.001812,0.121796,0.016569,0.000973,,2809500,,
0,6,,0.141606,0.013208,0.065034,0.190903,0.002584,0.000589,0.248941,0.030849,0.000162,0.007073,0.003141,0.033811,0.04884,0.138317,0.000127,0.074418,0.000378,0.00002,,2813000,,
0,2,,0.136149,0.119866,0.177863,0.009493,0.013011,0.005848,0.050614,0.161624,0.00013,0.0436,0.023275,0.000736,0.125682,0.050963,0.001787,0.078625,0.000544,0.000188,,2824000,,
0,15,,0.135643,0.081215,0.1344,0.012519,0.026607,0.007646,0.041743,0.098864,0.002722,0.043069,0.034285,0.000654,0.120626,0.078878,0.004879,0.16022,0.015196,0.000835,,2808400,,
0,15,,0.131978,0.065451,0.127425,0.027946,0.038609,0.008229,0.063683,0.066699,0.016197,0.035808,0.037767,0.000901,0.069137,0.08379,0.008013,0.180984,0.035924,0.00146,,2805100,,
0,15,,0.127446,0.067216,0.131186,0.010943,0.051117,0.011121,0.041056,0.083542,0.00383,0.028958,0.029681,0.000229,0.091357,0.080562,0.009216,0.194676,0.036406,0.00146,,2804000,,
0,15,,0.136579,0.101725,0.125699,0.011696,0.029423,0.006734,0.044588,0.088424,0.003408,0.065756,0.036289,0.000021,0.07693,0.086209,0.006989,0.162105,0.016304,0.001121,,2809000,,
0,13,,0.126514,0.062572,0.11217,0.016968,0.036538,0.017384,0.089727,0.082793,0.00402,0.022698,0.026643,0,0.096671,0.173665,0.005157,0.119561,0.00634,0.000577,,2822900,,
0,6,,0.107865,0.043213,0.131104,0.041836,0.030772,0.009344,0.16648,0.044376,0.003681,0.025857,0.022486,0.002058,0.081299,0.101712,0.002286,0.16355,0.013607,0.008473,,2813200,,
0,13,,0.140392,0.083592,0.105594,0.020543,0.012793,0.005805,0.090924,0.085682,0.005204,0.043625,0.024917,0.000021,0.070475,0.172778,0.00123,0.127835,0.007672,0.000917,,2804500,,
0,6,,0.150002,0.018315,0.046109,0.217894,0.002068,0.000676,0.240667,0.038505,0.000553,0.008324,0.001899,0.05541,0.036329,0.121613,0.000047,0.061104,0.00045,0.000035,,2808300,,
0,6,,0.150383,0.013914,0.094936,0.163265,0.003189,0.00069,0.165373,0.035307,0.000125,0.008898,0.007561,0.078839,0.050563,0.150889,0.000047,0.075535,0.00045,0.000035,,2812200,,
0,15,,0.117057,0.08059,0.154947,0.016726,0.027037,0.007721,0.045503,0.083707,0.002504,0.043674,0.034496,0.00235,0.098824,0.097163,0.004939,0.166883,0.015097,0.000782,,2825900,,
0,6,,0.131349,0.032551,0.082536,0.124153,0.004027,0.000436,0.253747,0.036235,0.00165,0.012089,0.007706,0.016762,0.052014,0.131329,0.000673,0.104614,0.007353,0.000777,,2807200,,
0,15,,0.121478,0.068749,0.136585,0.012962,0.029475,0.012714,0.054153,0.068187,0.001705,0.03501,0.032951,0.001313,0.095223,0.089354,0.007974,0.218977,0.012409,0.000781,,2798900,,
0,6,,0.140764,0.036007,0.08262,0.065471,0.014317,0.00463,0.239875,0.045419,0.000192,0.017256,0.023361,0.00824,0.062623,0.146661,0.000959,0.110454,0.001055,0.000095,,2809100,,
0,15,,0.130058,0.066898,0.149063,0.009493,0.029157,0.012753,0.050758,0.076675,0.001705,0.032712,0.03251,0.000736,0.090868,0.08585,0.007965,0.209435,0.01253,0.000835,,2803900,,
0,1,,0.135195,0.151993,0.149677,0.018185,0.015337,0.005535,0.048951,0.145161,0.00013,0.046839,0.025114,0.003038,0.127162,0.052711,0.001806,0.072469,0.000653,0.000043,,2829700,,
0,6,,0.149076,0.031541,0.106178,0.083811,0.004748,0.00069,0.212508,0.036883,0.002765,0.025399,0.009115,0.010298,0.05861,0.14839,0.001001,0.111232,0.006981,0.000776,,2834300,,
0,13,,0.125902,0.042571,0.113368,0.019063,0.012822,0.008037,0.133831,0.05325,0.002375,0.022233,0.022709,0.000736,0.074592,0.213747,0.001156,0.148881,0.004118,0.00061,,2791400,,
0,6,,0.132087,0.038221,0.070404,0.10021,0.004273,0.000686,0.267063,0.032501,0.002776,0.024233,0.008737,0.016793,0.04399,0.144407,0.001063,0.104768,0.007013,0.000776,,2810800,,
0,6,,0.145782,0.026657,0.057869,0.143533,0.002532,0.000733,0.278355,0.045578,0.000124,0.010233,0.007774,0.020156,0.042265,0.1374,0.000093,0.080478,0.0004,0.000035,,2804600,,
0,6,,0.141534,0.022147,0.070707,0.076722,0.018213,0.006016,0.23902,0.032209,0.002707,0.010594,0.008714,0.002738,0.044172,0.195588,0.003678,0.115549,0.007747,0.001945,,2805200,,
0,6,,0.126093,0.021623,0.040377,0.239562,0.001615,0.000649,0.268201,0.04116,0.000258,0.004936,0.00383,0.048618,0.048459,0.106318,0.000047,0.046278,0.001834,0.000143,,2820600,,
0,13,,0.115807,0.039791,0.128133,0.018599,0.021958,0.010758,0.114727,0.063091,0.00982,0.025031,0.021914,0,0.08991,0.157916,0.002691,0.150083,0.016085,0.013685,,2789200,,
0,6,,0.122683,0.077302,0.095486,0.057033,0.024166,0.005381,0.160498,0.075196,0.000192,0.040761,0.032588,0.004741,0.061828,0.11992,0.000974,0.120116,0.001056,0.000079,,2785100,,
0,6,,0.148768,0.018182,0.087106,0.098849,0.004864,0.000809,0.237347,0.026194,0.001556,0.007336,0.002889,0.006838,0.039394,0.170646,0.001812,0.129796,0.016628,0.000984,,2788200,,
0,6,,0.135466,0.040207,0.071267,0.129954,0.015305,0.00559,0.236945,0.032682,0.000192,0.015794,0.021228,0.028541,0.04558,0.120449,0.000974,0.09869,0.001056,0.000079,,2790400,,
0,15,,0.112926,0.091389,0.13501,0.028562,0.029677,0.008148,0.066747,0.069873,0.003682,0.030247,0.028535,0.002776,0.075959,0.09401,0.004763,0.17545,0.040929,0.001318,,2793400,,
0,6,,0.140764,0.036007,0.08262,0.065471,0.014317,0.00463,0.239875,0.045419,0.000192,0.017256,0.023361,0.00824,0.062623,0.146661,0.000959,0.110454,0.001055,0.000095,,2804900,,
0,6,,0.132783,0.036611,0.090249,0.086939,0.01475,0.00665,0.20741,0.04025,0.000193,0.016071,0.026356,0.016374,0.051995,0.170192,0.000958,0.101104,0.001036,0.000079,,2792200,,
0,15,,0.11469,0.078341,0.128548,0.026822,0.025266,0.009682,0.064801,0.070066,0.003669,0.033294,0.029396,0.003013,0.092706,0.116249,0.005136,0.182418,0.015159,0.000743,,2803300,,
0,2,,0.133364,0.13054,0.170618,0.009694,0.012342,0.007035,0.046058,0.158176,0.00013,0.051153,0.030065,0.000736,0.104525,0.051323,0.001787,0.091848,0.000544,0.00006,,2783100,,
0,13,,0.139763,0.053867,0.096485,0.0393,0.01048,0.005614,0.109237,0.090975,0.002965,0.032742,0.02153,0.0037,0.082008,0.171346,0.000666,0.135352,0.003317,0.000653,,2796600,,
0,6,,0.134075,0.030872,0.071478,0.12224,0.004041,0.000436,0.243343,0.036054,0.001653,0.012688,0.007698,0.018253,0.046725,0.150668,0.000673,0.111217,0.007116,0.000772,,2818600,,
0,13,,0.133995,0.032647,0.081525,0.068159,0.009458,0.005769,0.1631,0.035839,0.003944,0.017468,0.015137,0.003501,0.063675,0.233751,0.001276,0.121733,0.008218,0.000805,,2797100,,
0,7,,0.126633,0.154873,0.113609,0.008161,0.034563,0.005472,0.028772,0.175829,0.00013,0.093445,0.049061,0.000021,0.110153,0.034182,0.001806,0.062583,0.000663,0.000043,,2788800,,
0,15,,0.111552,0.066313,0.131536,0.016252,0.039409,0.020076,0.052383,0.069747,0.003164,0.039606,0.045048,0,0.097634,0.096389,0.030684,0.157838,0.021625,0.000743,,2789700,,
0,15,,0.125689,0.068003,0.124998,0.005503,0.052021,0.024759,0.025696,0.083844,0.004231,0.059858,0.072968,0,0.09175,0.059648,0.023629,0.156158,0.020056,0.001187,,2803100,,
0,15,,0.10342,0.085701,0.142135,0.02728,0.029778,0.008143,0.068515,0.068558,0.003674,0.027454,0.028774,0.002776,0.078353,0.089076,0.005136,0.188106,0.041802,0.001318,,2806800,,
0,6,,0.128869,0.01376,0.045925,0.228348,0.001606,0.00082,0.261617,0.019762,0.000196,0.009906,0.007585,0.042992,0.034083,0.133653,0.000141,0.068865,0.001745,0.000128,,2791700,,
0,15,,0.117057,0.08059,0.154947,0.016726,0.027037,0.007721,0.045503,0.083707,0.002504,0.043674,0.034496,0.00235,0.098824,0.097163,0.004939,0.166883,0.015097,0.000782,,2780800,,
0,6,,0.125395,0.037325,0.086639,0.093201,0.015261,0.009603,0.248091,0.031708,0.000192,0.01947,0.021017,0.016443,0.051257,0.125936,0.002435,0.1151,0.000861,0.000063,,2798000,,
0,13,,0.138894,0.025129,0.075887,0.103713,0.006759,0.005492,0.174355,0.035058,0.003172,0.013144,0.011438,0.021125,0.060156,0.197195,0.000763,0.123828,0.003353,0.00054,,2795000,,
0,15,,0.132094,0.072571,0.1332,0.028306,0.027533,0.013162,0.060792,0.072621,0.01508,0.028422,0.027705,0.002337,0.103581,0.089881,0.005131,0.15278,0.033448,0.001357,,2810800,,
0,2,,0.120526,0.151576,0.168428,0.012682,0.016696,0.005949,0.046719,0.14882,0.00013,0.05487,0.031252,0.001313,0.110634,0.047992,0.001806,0.079906,0.000657,0.000043,,2772200,,
0,6,,0.123052,0.010607,0.046894,0.185024,0.001956,0.00052,0.299983,0.026309,0.000208,0.007455,0.002194,0.02671,0.034774,0.158734,0.000078,0.074945,0.000536,0.00002,,2779300,,
0,6,,0.14561,0.015619,0.084344,0.181819,0.002566,0.000483,0.212971,0.021081,0.000062,0.008476,0.006528,0.058805,0.036604,0.133493,0.000125,0.091026,0.000369,0.00002,,2772400,,
0,15,,0.131489,0.069058,0.137501,0.026095,0.021555,0.004175,0.060173,0.084888,0.004079,0.034762,0.023747,0.00235,0.094476,0.109059,0.005092,0.171132,0.019246,0.001122,,2768600,,
0,13,,0.12223,0.050029,0.095537,0.038011,0.015651,0.008961,0.136073,0.05976,0.003956,0.031567,0.03085,0.003403,0.071869,0.199496,0.001253,0.126685,0.004076,0.000594,,2794000,,
0,13,,0.138425,0.045253,0.096087,0.036652,0.016354,0.010002,0.144816,0.041069,0.002401,0.023049,0.025436,0.003038,0.05997,0.216537,0.001703,0.134526,0.004216,0.000465,,2788000,,
0,6,,0.147095,0.029856,0.053351,0.16001,0.004723,0.000284,0.288641,0.02227,0.002848,0.013024,0.006168,0.008903,0.028299,0.138816,0.00186,0.0784,0.014716,0.000738,,2802200,,
0,13,,0.118778,0.048046,0.096254,0.030138,0.013572,0.00876,0.132876,0.056948,0.003716,0.023789,0.019404,0.002716,0.069969,0.20024,0.001272,0.16898,0.003845,0.000696,,2794700,,
0,6,,0.128536,0.020603,0.052244,0.155029,0.004704,0.000674,0.300244,0.026702,0.001499,0.006118,0.004202,0.015785,0.035843,0.151012,0.001183,0.079127,0.015512,0.000984,,2790300,,
0,15,,0.141342,0.069836,0.147919,0.014788,0.020519,0.004524,0.052776,0.092089,0.003949,0.036473,0.025668,0.000654,0.13023,0.07728,0.004994,0.155839,0.019962,0.001159,,2780200,,
0,15,,0.11597,0.082394,0.118507,0.024013,0.027067,0.007226,0.059567,0.089934,0.002702,0.039687,0.034359,0.003403,0.091903,0.108399,0.005071,0.173768,0.015195,0.000835,,2773600,,
0,13,,0.133585,0.041188,0.077992,0.062461,0.007818,0.006618,0.166948,0.041929,0.00499,0.025837,0.013045,0.003501,0.063815,0.219836,0.001683,0.120056,0.007776,0.00092,,2792800,,
0,7,,0.115487,0.164901,0.136121,0.021314,0.015401,0.005661,0.051148,0.16986,0.00034,0.050798,0.033344,0.003403,0.093169,0.050362,0.00178,0.086211,0.00064,0.00006,,2809900,,
0,3,,0.138455,0.020596,0.04705,0.239069,0.002673,0.000817,0.199415,0.014426,0.000162,0.017057,0.001906,0.121636,0.028025,0.113714,0.000141,0.054524,0.000316,0.00002,,2793600,,
0,6,,0.146611,0.01736,0.080564,0.176434,0.003284,0.001059,0.230943,0.026099,0.00012,0.005054,0.002581,0.025022,0.031629,0.135108,0.000534,0.115072,0.002437,0.000087,,2796300,,
0,13,,0.127058,0.041646,0.097371,0.044009,0.00775,0.005434,0.151952,0.043588,0.004168,0.017778,0.015238,0.001313,0.06438,0.21162,0.001354,0.156252,0.008167,0.000923,,2791400,,
0,15,,0.114268,0.069057,0.135407,0.003967,0.047145,0.011034,0.037846,0.102833,0.005199,0.052814,0.047632,0,0.114919,0.065885,0.007361,0.157144,0.022762,0.004727,,2820800,,
0,6,,0.124931,0.026962,0.072377,0.135943,0.004868,0.0012,0.193826,0.04605,0.000124,0.010338,0.008147,0.070758,0.065644,0.138947,0.000093,0.099356,0.0004,0.000035,,2795200,,
0,13,,0.140614,0.048289,0.097513,0.024593,0.008797,0.005738,0.130069,0.055317,0.005166,0.019996,0.016574,0.000736,0.070518,0.219591,0.001207,0.146376,0.007989,0.000917,,2776800,,
0,13,,0.124715,0.041717,0.093518,0.041716,0.013995,0.008922,0.169679,0.052695,0.003713,0.01937,0.020298,0.003013,0.067216,0.19591,0.001388,0.137522,0.003912,0.000701,,2781400,,
0,6,,0.129371,0.010307,0.053394,0.204694,0.003473,0.000674,0.312332,0.02807,0.000057,0.003875,0.003218,0.03297,0.042485,0.110195,0.000182,0.062672,0.001958,0.000072,,2798200,,
0,6,,0.116781,0.012052,0.043369,0.245836,0.00151,0.0004,0.288976,0.026968,0.000196,0.003531,0.003755,0.042605,0.053092,0.10567,0.000032,0.053282,0.001805,0.000144,,2814900,,
0,15,,0.130058,0.066898,0.149063,0.009493,0.029157,0.012753,0.050758,0.076675,0.001705,0.032712,0.03251,0.000736,0.090868,0.08585,0.007965,0.209435,0.01253,0.000835,,2777800,,
0,6,,0.134397,0.035876,0.060121,0.149422,0.013546,0.003961,0.261526,0.032017,0.000326,0.009656,0.016117,0.025821,0.042248,0.131856,0.000793,0.075314,0.00675,0.000254,,2758800,,
0,15,,0.124136,0.061456,0.123035,0.021667,0.024408,0.008217,0.073606,0.06298,0.002815,0.030101,0.025535,0.001313,0.089055,0.105113,0.007578,0.221504,0.01636,0.001121,,2769900,,
0,6,,0.139645,0.022984,0.047481,0.174124,0.002718,0.000284,0.301496,0.021163,0.002853,0.012444,0.005125,0.009502,0.02737,0.135485,0.001416,0.079461,0.015465,0.000983,,2786100,,
0,1,,0.135559,0.14641,0.116876,0.030425,0.022418,0.012317,0.064685,0.135975,0.002539,0.067713,0.032438,0.003501,0.105887,0.05377,0.004336,0.064578,0.000513,0.00006,,2809000,,
0,15,,0.124042,0.063665,0.145588,0.021825,0.01815,0.003977,0.060528,0.076673,0.00312,0.03332,0.02545,0.00235,0.091977,0.114453,0.004497,0.190243,0.017339,0.002801,,2778800,,
0,13,,0.132185,0.059954,0.102384,0.016759,0.031632,0.016311,0.09093,0.084413,0.003371,0.023515,0.025812,0,0.093541,0.163324,0.004743,0.144165,0.006263,0.000696,,2777000,,
0,15,,0.10745,0.076762,0.132306,0.009806,0.048373,0.011708,0.043965,0.112216,0.002791,0.040067,0.04762,0,0.096616,0.077909,0.017559,0.153235,0.020874,0.000743,,3270500,,
0,6,,0.133817,0.012866,0.092057,0.166695,0.002943,0.00044,0.179209,0.022155,0.000063,0.007631,0.006833,0.080759,0.040049,0.171298,0.000032,0.082682,0.000436,0.000036,,3196500,,
0,13,,0.143756,0.047153,0.080731,0.041499,0.00887,0.006544,0.16808,0.042364,0.004576,0.02627,0.016302,0.003038,0.057273,0.222767,0.001722,0.120234,0.007902,0.00092,,3154700,,
0,13,,0.125769,0.03664,0.082448,0.059092,0.007765,0.005478,0.174153,0.048657,0.004412,0.018398,0.016247,0.003403,0.074244,0.208263,0.001329,0.124562,0.00822,0.000922,,3287000,,
0,1,,0.112404,0.194273,0.120018,0.030255,0.034033,0.012899,0.073096,0.148088,0.000262,0.037767,0.029683,0.002582,0.080838,0.051232,0.005458,0.064959,0.002059,0.000095,,2965900,,
0,13,,0.120144,0.040998,0.081953,0.041393,0.008027,0.006649,0.156839,0.049233,0.004814,0.028515,0.013369,0.002716,0.057613,0.22335,0.001708,0.15384,0.007919,0.00092,,2800900,,
0,6,,0.139031,0.052534,0.098067,0.119321,0.005417,0.001524,0.172893,0.053602,0.000061,0.022304,0.009347,0.070886,0.058357,0.116009,0.000138,0.080182,0.000305,0.00002,,2791900,,
0,13,,0.11919,0.053258,0.133172,0.019032,0.018039,0.01088,0.094623,0.064927,0.002375,0.027595,0.028588,0.000067,0.072684,0.192821,0.001673,0.156413,0.004181,0.000481,,2791200,,
0,6,,0.134212,0.025755,0.075355,0.172154,0.003822,0.001039,0.221222,0.035635,0.001672,0.008739,0.008489,0.033172,0.049198,0.13739,0.000628,0.083332,0.007408,0.000777,,2789200,,
0,3,,0.132598,0.011365,0.044307,0.281623,0.001486,0.0004,0.238735,0.013109,0.000196,0.003357,0.002067,0.093872,0.031582,0.095905,0.000032,0.047413,0.001826,0.000128,,2789500,,
0,13,,0.136868,0.037041,0.098838,0.023631,0.021,0.01324,0.136043,0.04739,0.004972,0.01715,0.019069,0,0.069126,0.213306,0.003743,0.147759,0.009058,0.001766,,2809800,,
0,6,,0.129047,0.031145,0.089268,0.093871,0.026036,0.010832,0.224478,0.031649,0.000493,0.020158,0.020526,0.003594,0.045304,0.160925,0.010725,0.098668,0.003203,0.000079,,2829400,,
0,6,,0.152379,0.008515,0.085987,0.144178,0.003425,0.000809,0.243742,0.026916,0.000057,0.004362,0.002785,0.016802,0.039619,0.14828,0.000566,0.119099,0.002405,0.000072,,2798300,,
0,15,,0.143755,0.068542,0.131963,0.020981,0.02111,0.004347,0.05333,0.09361,0.003777,0.034223,0.024528,0.000654,0.117956,0.091159,0.005026,0.164357,0.019525,0.001159,,2804800,,
