chess-krvk,CWE,test,1,NANOSECONDS,PREDICTIONS, Generated by ClassifierExperiments.java on 2022-05-15 21:41:58.    SYSTEMPROPERTIES:{user.name:matth,os.arch:amd64,os.name:Windows 10},ENDSYSTEMPROPERTIES
No parameter info
0.28220640569395017,1158021300,15597016200,-1,121477088,18,,-1,-1
0,6,,0.114366,0.045012,0.102322,0.119143,0.00575,0.001472,0.153769,0.059958,0.000097,0.016332,0.015006,0.044893,0.06748,0.146314,0.000041,0.107249,0.000771,0.000024,,3112600,,
0,13,,0.119851,0.075443,0.103391,0.023679,0.011475,0.006995,0.108882,0.076403,0.004251,0.037845,0.021354,0.000026,0.067176,0.194351,0.001624,0.137706,0.008522,0.001025,,2832000,,
0,13,,0.117827,0.076405,0.104049,0.017522,0.023913,0.00966,0.095742,0.0715,0.003373,0.049065,0.034297,0.000026,0.078123,0.169234,0.00166,0.142263,0.004681,0.000661,,2862200,,
0,6,,0.143944,0.030577,0.054427,0.171497,0.010743,0.003919,0.267691,0.023448,0.003788,0.018085,0.013292,0.017181,0.032116,0.126734,0.001182,0.078557,0.002671,0.00015,,2834400,,
0,6,,0.125801,0.013128,0.052798,0.226486,0.003148,0.00131,0.248419,0.019935,0.000482,0.009815,0.002165,0.07781,0.032372,0.128527,0.000103,0.056857,0.000823,0.000024,,2831700,,
0,6,,0.137059,0.036557,0.069308,0.147427,0.012269,0.006126,0.22633,0.03386,0.000246,0.014411,0.023497,0.039256,0.045323,0.118373,0.000874,0.087793,0.001195,0.000098,,2830900,,
0,13,,0.116084,0.045822,0.103992,0.024527,0.022941,0.017721,0.127351,0.050829,0.00369,0.025498,0.02442,0.000298,0.070062,0.198269,0.011585,0.150227,0.006022,0.000661,,2827700,,
0,13,,0.120517,0.054783,0.110157,0.02492,0.015221,0.009309,0.124335,0.053162,0.003733,0.032231,0.026128,0.000897,0.074539,0.203776,0.00166,0.139293,0.004678,0.000661,,2851000,,
0,6,,0.137687,0.013148,0.057759,0.20812,0.004108,0.000652,0.260849,0.025724,0.000242,0.008099,0.003099,0.046183,0.038924,0.122942,0.000104,0.071575,0.000762,0.000024,,2799900,,
0,6,,0.125569,0.021986,0.076101,0.065202,0.018215,0.009185,0.244698,0.033872,0.002933,0.013122,0.009122,0.002214,0.048725,0.194143,0.004688,0.12245,0.006717,0.001058,,2734900,,
0,6,,0.135784,0.015349,0.065359,0.168045,0.003927,0.001241,0.240031,0.027073,0.000097,0.005463,0.013057,0.036057,0.038655,0.164609,0.000103,0.084545,0.000582,0.000024,,2739400,,
0,13,,0.119573,0.050597,0.117907,0.022722,0.015804,0.0097,0.122955,0.062988,0.003006,0.0267,0.025804,0.000897,0.092662,0.179437,0.00166,0.142614,0.004314,0.000661,,2739400,,
0,1,,0.133117,0.173119,0.117231,0.026494,0.024783,0.00946,0.056967,0.153223,0.003575,0.062,0.033626,0.000917,0.088403,0.050183,0.002309,0.062157,0.002308,0.000127,,2739600,,
0,15,,0.11433,0.075571,0.134923,0.020425,0.023604,0.0051,0.065304,0.072137,0.003474,0.034503,0.024974,0.000897,0.092079,0.109444,0.005808,0.195815,0.020073,0.00154,,2815300,,
0,15,,0.117643,0.068029,0.129338,0.008201,0.050572,0.012496,0.045377,0.08272,0.008447,0.039813,0.040286,0.000047,0.110326,0.08516,0.008784,0.170521,0.021064,0.001175,,2737800,,
0,13,,0.11668,0.049148,0.109026,0.032234,0.015351,0.010248,0.131223,0.051792,0.003394,0.023956,0.027524,0.002791,0.072643,0.182323,0.00166,0.164645,0.004703,0.000661,,2744100,,
0,6,,0.138381,0.038812,0.068887,0.140283,0.013568,0.00573,0.226463,0.036008,0.000482,0.015132,0.024874,0.039064,0.047114,0.117825,0.000874,0.084976,0.00143,0.000098,,2741800,,
0,7,,0.128172,0.143191,0.143025,0.019202,0.015962,0.007123,0.048358,0.167816,0.000149,0.055,0.028602,0.002791,0.106852,0.048949,0.001447,0.082636,0.000651,0.000074,,2737800,,
0,13,,0.115997,0.039712,0.102,0.030172,0.01649,0.014026,0.134893,0.043599,0.004925,0.021054,0.019492,0.000371,0.064293,0.211701,0.011195,0.159543,0.009513,0.001025,,2749600,,
0,6,,0.129735,0.030185,0.105309,0.063045,0.027787,0.010109,0.194072,0.057611,0.000554,0.01954,0.017772,0.007469,0.072781,0.15423,0.005167,0.101338,0.003197,0.000098,,2748900,,
0,15,,0.127291,0.056047,0.120813,0.037552,0.024092,0.005299,0.074171,0.062075,0.009012,0.029639,0.033102,0.000917,0.07719,0.10336,0.00664,0.195364,0.028433,0.009002,,2744200,,
0,7,,0.127167,0.160781,0.127852,0.010762,0.015248,0.007469,0.037868,0.188096,0.000149,0.059386,0.027326,0.000897,0.135237,0.038195,0.001447,0.061395,0.000651,0.000074,,2742800,,
0,13,,0.115894,0.040244,0.096987,0.038405,0.008501,0.006696,0.150682,0.050916,0.004796,0.018589,0.013406,0.003315,0.066462,0.215059,0.001624,0.159182,0.00822,0.001025,,2743700,,
0,6,,0.130541,0.035104,0.089366,0.08934,0.011968,0.00412,0.24937,0.04127,0.000246,0.017919,0.018302,0.012547,0.055021,0.141408,0.000936,0.100949,0.001497,0.000098,,2739900,,
0,6,,0.123894,0.017385,0.076327,0.104962,0.017825,0.007404,0.243304,0.030386,0.000342,0.017848,0.009178,0.010563,0.045101,0.180539,0.008298,0.104585,0.002034,0.000024,,2761600,,
0,13,,0.114999,0.050382,0.107624,0.019852,0.027943,0.016173,0.113551,0.072293,0.003702,0.023317,0.023789,0.000047,0.089889,0.178346,0.004665,0.146451,0.006318,0.000661,,2742600,,
0,13,,0.119034,0.055221,0.095399,0.044837,0.012732,0.007118,0.12213,0.089091,0.003235,0.028555,0.019725,0.003731,0.078614,0.191504,0.00133,0.123118,0.00404,0.000586,,2744600,,
0,13,,0.118962,0.04068,0.088981,0.053523,0.01025,0.007353,0.159675,0.043832,0.004251,0.018549,0.01881,0.002791,0.06667,0.219849,0.001624,0.134989,0.008187,0.001025,,2743600,,
0,13,,0.117136,0.031197,0.085785,0.074078,0.008396,0.006676,0.190638,0.039683,0.002857,0.015624,0.015829,0.009613,0.064785,0.207707,0.000952,0.12404,0.004418,0.000586,,2748000,,
0,13,,0.121584,0.051921,0.1044,0.021389,0.027967,0.017417,0.115553,0.072763,0.003716,0.02338,0.02411,0.000047,0.092299,0.176858,0.005196,0.134317,0.006422,0.000661,,2743800,,
0,6,,0.155799,0.007657,0.068163,0.152774,0.003014,0.000844,0.270724,0.020417,0.000142,0.004325,0.003322,0.016981,0.028566,0.140789,0.000904,0.122631,0.002873,0.000076,,2753400,,
0,13,,0.124819,0.041924,0.078751,0.047467,0.01158,0.006247,0.155047,0.040505,0.004674,0.016034,0.015464,0.003342,0.054424,0.251227,0.001739,0.130049,0.015629,0.001077,,4931800,,
0,13,,0.108597,0.046001,0.117908,0.020512,0.019943,0.012555,0.104306,0.060876,0.009957,0.030768,0.020466,0,0.08783,0.169877,0.003243,0.161398,0.016888,0.008874,,5040200,,
0,15,,0.127591,0.07637,0.128993,0.019202,0.029314,0.009564,0.053666,0.072999,0.002228,0.040439,0.038505,0.002791,0.089438,0.099041,0.007004,0.187575,0.014105,0.001175,,3778000,,
0,6,,0.137245,0.020021,0.04861,0.161528,0.004019,0.000702,0.290353,0.019228,0.005342,0.006735,0.003686,0.022925,0.032641,0.162999,0.000795,0.075301,0.007146,0.000725,,2749800,,
0,15,,0.11503,0.08275,0.128795,0.024283,0.027766,0.00929,0.060778,0.075782,0.003411,0.037468,0.032265,0.003315,0.094892,0.103074,0.005844,0.177942,0.016139,0.001175,,2784000,,
0,15,,0.116337,0.063052,0.122358,0.034705,0.027075,0.006676,0.067123,0.073759,0.003474,0.030007,0.027629,0.002791,0.092903,0.121068,0.007599,0.183698,0.018208,0.00154,,2724400,,
0,6,,0.113211,0.068825,0.086777,0.065094,0.020081,0.005018,0.150621,0.076839,0.000246,0.039737,0.033567,0.009455,0.060391,0.144928,0.000874,0.122797,0.001443,0.000098,,2716900,,
0,13,,0.126801,0.043533,0.089691,0.037841,0.015025,0.009496,0.144609,0.044248,0.006606,0.027606,0.021337,0.000917,0.055181,0.23141,0.002145,0.136129,0.006712,0.000713,,2742900,,
0,6,,0.145577,0.014001,0.04119,0.222968,0.002221,0.000373,0.306799,0.017612,0.00141,0.011456,0.004719,0.025077,0.028366,0.113837,0.000608,0.061194,0.002515,0.000076,,2689800,,
0,13,,0.114847,0.055434,0.104896,0.021613,0.019281,0.012588,0.109282,0.052729,0.012628,0.054595,0.032155,0,0.074578,0.175502,0.006935,0.131515,0.019153,0.002266,,2685900,,
0,6,,0.129455,0.027932,0.066789,0.157005,0.006153,0.001307,0.230294,0.037596,0.001617,0.009095,0.013975,0.035248,0.044714,0.145923,0.000796,0.085909,0.005647,0.000546,,2692700,,
0,15,,0.100016,0.066118,0.142272,0.005136,0.042285,0.011185,0.029772,0.100557,0.004156,0.044304,0.048426,0,0.132638,0.069226,0.007552,0.16667,0.024128,0.005559,,2691600,,
0,15,,0.121829,0.071323,0.138951,0.010762,0.028007,0.00804,0.040335,0.094866,0.002228,0.038601,0.036898,0.000897,0.12914,0.074609,0.005844,0.180623,0.015282,0.001763,,2681800,,
0,13,,0.112942,0.040885,0.088709,0.063667,0.009574,0.006011,0.174284,0.040807,0.005061,0.015949,0.013164,0.002862,0.05974,0.209218,0.001624,0.145045,0.009251,0.001204,,2710800,,
0,13,,0.124764,0.045276,0.095667,0.032678,0.009039,0.006719,0.139733,0.052781,0.004609,0.017978,0.016389,0.000897,0.072065,0.221563,0.001624,0.149373,0.00782,0.001025,,2690300,,
0,13,,0.116664,0.041513,0.098811,0.029281,0.017499,0.014781,0.138222,0.047012,0.004936,0.022291,0.017775,0.000298,0.066826,0.209992,0.01155,0.151997,0.009528,0.001025,,2706200,,
0,6,,0.130686,0.027425,0.06218,0.184787,0.011527,0.004198,0.239752,0.03086,0.002773,0.016474,0.010961,0.039875,0.037909,0.116642,0.000936,0.081446,0.001471,0.000098,,2696600,,
0,13,,0.118137,0.034837,0.084315,0.082404,0.008362,0.007108,0.181314,0.050423,0.003405,0.017149,0.014632,0.009527,0.061767,0.198339,0.000952,0.122675,0.004067,0.000586,,2766300,,
0,13,,0.107269,0.044206,0.113127,0.024181,0.020477,0.019094,0.119391,0.050683,0.003313,0.026794,0.024911,0.000298,0.067304,0.195435,0.013301,0.162881,0.006675,0.000661,,2688400,,
0,13,,0.121584,0.051921,0.1044,0.021389,0.027967,0.017417,0.115553,0.072763,0.003716,0.02338,0.02411,0.000047,0.092299,0.176858,0.005196,0.134317,0.006422,0.000661,,2690800,,
0,15,,0.129362,0.073129,0.129719,0.019639,0.031847,0.007825,0.049429,0.080889,0.002228,0.044718,0.034501,0.002791,0.095108,0.096149,0.005844,0.179723,0.015923,0.001175,,2793800,,
0,13,,0.126778,0.032332,0.113626,0.051531,0.009055,0.007106,0.144798,0.044583,0.002857,0.017749,0.017519,0.004602,0.073569,0.195993,0.000952,0.152335,0.00403,0.000586,,2707300,,
0,6,,0.10952,0.056878,0.10496,0.076874,0.024972,0.012571,0.142858,0.042374,0.00715,0.053097,0.015756,0.011113,0.076953,0.122234,0.005123,0.114795,0.020628,0.002141,,2765600,,
0,15,,0.117069,0.079423,0.1336,0.021287,0.029981,0.007825,0.056759,0.084649,0.002228,0.038822,0.034411,0.002791,0.093571,0.100283,0.005844,0.174071,0.016211,0.001175,,2705300,,
0,6,,0.114472,0.071523,0.092129,0.064534,0.019576,0.005018,0.153742,0.074912,0.000246,0.038105,0.033552,0.008661,0.063876,0.133725,0.000874,0.123495,0.001461,0.000098,,2706500,,
0,6,,0.129119,0.012585,0.072142,0.094989,0.016835,0.005965,0.254498,0.029272,0.001413,0.009351,0.008801,0.008122,0.047145,0.190206,0.003367,0.113745,0.001905,0.000541,,2745300,,
0,6,,0.097867,0.034414,0.121861,0.063636,0.024364,0.007988,0.183715,0.041252,0.004187,0.020927,0.010909,0.00737,0.085631,0.120974,0.001745,0.149122,0.017383,0.006655,,2712300,,
0,6,,0.13341,0.025696,0.074553,0.139478,0.005226,0.001241,0.223332,0.030813,0.001616,0.009438,0.013317,0.029597,0.042165,0.160479,0.000795,0.102832,0.005467,0.000546,,2775300,,
0,15,,0.118697,0.095004,0.138963,0.011619,0.026932,0.005969,0.040015,0.095945,0.003474,0.054005,0.036422,0.000026,0.089846,0.085526,0.006968,0.17086,0.018191,0.00154,,2701500,,
0,13,,0.122356,0.036278,0.092159,0.064413,0.008522,0.006739,0.174648,0.045708,0.002857,0.01688,0.016246,0.005787,0.061343,0.199433,0.000952,0.141063,0.00403,0.000586,,2713700,,
0,13,,0.117889,0.052064,0.121531,0.026827,0.015363,0.010271,0.113921,0.052703,0.003406,0.024868,0.027449,0.002791,0.078457,0.187869,0.00166,0.157556,0.004714,0.000661,,2769600,,
0,7,,0.129369,0.155425,0.14,0.010871,0.015248,0.007469,0.037595,0.189011,0.000149,0.06788,0.029636,0.000897,0.116502,0.038134,0.001447,0.059642,0.000651,0.000074,,2702600,,
0,6,,0.134439,0.030151,0.061885,0.158518,0.005032,0.001244,0.249985,0.033376,0.001617,0.008886,0.012688,0.037188,0.040497,0.13619,0.000733,0.081618,0.005408,0.000546,,2749200,,
0,7,,0.118828,0.145493,0.164453,0.010871,0.014265,0.007469,0.044372,0.171503,0.000149,0.04673,0.025118,0.000897,0.129334,0.045794,0.001447,0.072552,0.000651,0.000074,,2710400,,
0,13,,0.113319,0.050677,0.099217,0.04288,0.011135,0.006693,0.126487,0.087992,0.003211,0.027581,0.018939,0.003731,0.080243,0.189705,0.000952,0.132988,0.003663,0.000586,,2699700,,
0,15,,0.107567,0.072361,0.133017,0.007996,0.040173,0.012629,0.038392,0.106836,0.002685,0.038268,0.044092,0.000047,0.109934,0.080242,0.012645,0.171396,0.020545,0.001175,,2776000,,
0,6,,0.157446,0.007432,0.067707,0.167574,0.003029,0.000844,0.242729,0.020705,0.000142,0.004325,0.00385,0.025199,0.027859,0.146184,0.000904,0.121107,0.002888,0.000076,,2714100,,
0,7,,0.12677,0.136807,0.156776,0.020136,0.016545,0.007123,0.048351,0.159504,0.000149,0.048985,0.027309,0.002791,0.126806,0.049164,0.001447,0.070612,0.000651,0.000074,,2770300,,
0,15,,0.118256,0.094823,0.141517,0.006865,0.037385,0.007917,0.029111,0.098125,0.002228,0.064836,0.052527,0.000026,0.102092,0.068964,0.005844,0.151665,0.016645,0.001175,,2725400,,
0,13,,0.120373,0.053395,0.104134,0.028439,0.014868,0.009679,0.133674,0.050956,0.003006,0.024413,0.024707,0.000897,0.07318,0.198335,0.00166,0.152943,0.004681,0.000661,,2731800,,
0,13,,0.123278,0.045258,0.097173,0.034938,0.011468,0.007257,0.138547,0.048314,0.004599,0.024241,0.019209,0.002791,0.062361,0.202775,0.001972,0.166625,0.008168,0.001025,,2766700,,
0,15,,0.127181,0.075745,0.130346,0.0294,0.027813,0.007945,0.065878,0.074178,0.007409,0.03815,0.030206,0.003315,0.090182,0.096213,0.005844,0.172809,0.016211,0.001175,,2731100,,
0,13,,0.116429,0.043518,0.090365,0.043957,0.009418,0.006292,0.162466,0.054942,0.004792,0.019383,0.014715,0.003315,0.064139,0.208333,0.001624,0.147072,0.008216,0.001025,,2725800,,
0,6,,0.135895,0.021703,0.102503,0.120113,0.005379,0.000762,0.223643,0.036873,0.000098,0.012695,0.011072,0.020022,0.051814,0.146284,0.000104,0.110256,0.000762,0.000024,,2764600,,
0,6,,0.123079,0.029031,0.087599,0.087531,0.025019,0.010898,0.217224,0.033725,0.000495,0.020961,0.016883,0.006582,0.050378,0.172608,0.008721,0.106447,0.002721,0.000098,,2729200,,
0,6,,0.130566,0.041664,0.082169,0.1066,0.006336,0.000699,0.24452,0.037688,0.001617,0.01621,0.010584,0.016965,0.048098,0.146832,0.000733,0.102766,0.005408,0.000546,,2782400,,
0,6,,0.136207,0.035795,0.068127,0.151841,0.011788,0.004789,0.213644,0.036196,0.000246,0.01364,0.022524,0.041628,0.046589,0.123623,0.000874,0.090949,0.001443,0.000098,,2755600,,
0,13,,0.114847,0.055434,0.104896,0.021613,0.019281,0.012588,0.109282,0.052729,0.012628,0.054595,0.032155,0,0.074578,0.175502,0.006935,0.131515,0.019153,0.002266,,2724300,,
0,7,,0.138836,0.145929,0.108611,0.028499,0.021169,0.009598,0.060248,0.159545,0.002495,0.062832,0.034392,0.003315,0.106805,0.046933,0.003352,0.066716,0.000651,0.000074,,2721600,,
0,15,,0.119361,0.073103,0.129704,0.020232,0.022432,0.0051,0.065035,0.073058,0.003474,0.035157,0.025649,0.000897,0.095046,0.112228,0.005808,0.19263,0.019547,0.00154,,2729200,,
0,13,,0.118169,0.072025,0.105293,0.021032,0.023411,0.009646,0.102955,0.077254,0.003366,0.047339,0.034121,0.000026,0.073389,0.172185,0.00166,0.132793,0.004675,0.000661,,2723300,,
0,6,,0.1211,0.02119,0.080421,0.061747,0.017696,0.007073,0.241158,0.031843,0.002859,0.012873,0.008832,0.002214,0.04804,0.20554,0.005563,0.124256,0.006792,0.000803,,2731700,,
0,6,,0.122643,0.012261,0.047362,0.190012,0.003404,0.000587,0.304415,0.024951,0.000241,0.007389,0.002938,0.033671,0.03243,0.147773,0.000103,0.068967,0.00083,0.000024,,2723600,,
0,7,,0.118875,0.167325,0.116197,0.006865,0.032342,0.007243,0.028601,0.18817,0.000149,0.080017,0.046268,0.000026,0.109783,0.036038,0.001447,0.059928,0.000651,0.000074,,2717200,,
0,6,,0.135129,0.035627,0.08576,0.094685,0.012181,0.00412,0.231319,0.041751,0.000246,0.018227,0.01907,0.016815,0.05541,0.142515,0.000936,0.104856,0.001256,0.000098,,2721500,,
0,13,,0.114841,0.046885,0.104744,0.036566,0.014511,0.009347,0.149169,0.052259,0.003581,0.019896,0.019888,0.002862,0.062206,0.200345,0.00166,0.149745,0.010655,0.000839,,2732200,,
0,6,,0.134833,0.019167,0.068744,0.129951,0.005261,0.000823,0.28922,0.032018,0.000097,0.013003,0.010389,0.020015,0.044396,0.14412,0.000352,0.087004,0.000584,0.000024,,2733900,,
0,6,,0.097384,0.037532,0.075338,0.082845,0.005176,0.001348,0.207967,0.055986,0.000097,0.013764,0.015409,0.010185,0.052737,0.195519,0.000103,0.147763,0.000825,0.000024,,2729200,,
0,6,,0.127321,0.036848,0.073872,0.141292,0.015801,0.005852,0.222049,0.036242,0.000496,0.015066,0.025036,0.040222,0.045612,0.12487,0.000936,0.087192,0.001196,0.000098,,2738600,,
0,7,,0.123236,0.148346,0.139482,0.020659,0.022986,0.009463,0.052819,0.167483,0.000149,0.044562,0.02932,0.002791,0.111671,0.047387,0.003352,0.075568,0.000651,0.000074,,2716600,,
0,6,,0.115531,0.050375,0.078209,0.089,0.005253,0.00253,0.175858,0.088253,0.000097,0.017881,0.018504,0.013535,0.067873,0.156325,0.000041,0.120188,0.000522,0.000024,,2731200,,
0,6,,0.116581,0.047545,0.109016,0.107698,0.006496,0.001472,0.162276,0.060649,0.000097,0.016314,0.017068,0.041663,0.068379,0.138866,0.000041,0.105291,0.000522,0.000024,,2773700,,
0,7,,0.134101,0.156492,0.128652,0.008212,0.023615,0.009435,0.033186,0.195385,0.000191,0.055242,0.030442,0.000251,0.09803,0.041156,0.002993,0.079805,0.002684,0.000127,,2746400,,
0,6,,0.095187,0.056508,0.096308,0.050487,0.013721,0.004894,0.177557,0.067427,0.000246,0.02258,0.026354,0.005701,0.06861,0.161849,0.000936,0.15002,0.001517,0.000098,,2741400,,
0,6,,0.132283,0.029114,0.06353,0.175756,0.011858,0.004701,0.232608,0.033565,0.000573,0.014928,0.012527,0.036188,0.03833,0.122253,0.000938,0.089215,0.001534,0.000098,,2763700,,
0,6,,0.12573,0.027702,0.059016,0.157504,0.016036,0.005597,0.290909,0.028713,0.000704,0.012101,0.012678,0.02505,0.040446,0.115759,0.000989,0.077545,0.003371,0.00015,,2852000,,
0,6,,0.125801,0.013128,0.052798,0.226486,0.003148,0.00131,0.248419,0.019935,0.000482,0.009815,0.002165,0.07781,0.032372,0.128527,0.000103,0.056857,0.000823,0.000024,,2792300,,
0,13,,0.10424,0.040831,0.109208,0.045897,0.009495,0.005985,0.132431,0.05723,0.003218,0.019319,0.018208,0.003731,0.067352,0.220293,0.000952,0.156999,0.004023,0.000586,,2755700,,
0,3,,0.130489,0.014288,0.04892,0.229661,0.004039,0.001301,0.229059,0.021332,0.000499,0.010484,0.003182,0.088318,0.03589,0.11976,0.000106,0.062051,0.000599,0.000024,,2802900,,
0,13,,0.115894,0.040244,0.096987,0.038405,0.008501,0.006696,0.150682,0.050916,0.004796,0.018589,0.013406,0.003315,0.066462,0.215059,0.001624,0.159182,0.00822,0.001025,,2749600,,
0,13,,0.110698,0.041863,0.088559,0.051903,0.009217,0.006407,0.167935,0.046,0.005086,0.017534,0.013242,0.002862,0.059407,0.221448,0.001624,0.145363,0.009647,0.001204,,2789900,,
0,6,,0.131521,0.020112,0.055466,0.209979,0.003935,0.00052,0.267366,0.026213,0.002086,0.006995,0.005113,0.037536,0.045502,0.121099,0.000733,0.057941,0.007156,0.000725,,2825800,,
0,13,,0.109536,0.054176,0.117305,0.02336,0.010063,0.006726,0.106149,0.061347,0.004622,0.022661,0.018029,0.000026,0.078346,0.198287,0.001624,0.178527,0.008191,0.001025,,2731200,,
0,6,,0.120731,0.027821,0.066377,0.150269,0.012061,0.004132,0.263662,0.032879,0.00039,0.016958,0.012114,0.028142,0.040325,0.138513,0.000935,0.083089,0.001502,0.000098,,2857700,,
0,6,,0.136917,0.037391,0.070488,0.1528,0.011291,0.004789,0.217395,0.036458,0.000246,0.013148,0.022295,0.039159,0.050389,0.116783,0.000874,0.088017,0.001461,0.000098,,2729600,,
0,6,,0.121948,0.012356,0.052532,0.244637,0.001741,0.00052,0.275272,0.023578,0.000277,0.003866,0.005698,0.049447,0.04781,0.107745,0.000041,0.050058,0.002271,0.000202,,2756400,,
0,6,,0.123204,0.022642,0.055178,0.156494,0.004702,0.000587,0.27572,0.031333,0.00176,0.011536,0.003198,0.028142,0.035258,0.15561,0.000795,0.087581,0.005715,0.000546,,2726700,,
0,15,,0.112585,0.095182,0.148038,0.011619,0.024295,0.004977,0.040593,0.098552,0.003474,0.053831,0.037389,0.000026,0.091755,0.08407,0.005808,0.166863,0.018208,0.002734,,2726500,,
0,7,,0.125401,0.168374,0.125379,0.007996,0.021223,0.011742,0.036802,0.172259,0.000382,0.070319,0.037148,0.000047,0.112175,0.04358,0.003961,0.060776,0.002362,0.000074,,2786500,,
0,15,,0.128368,0.077169,0.146132,0.010871,0.031699,0.00804,0.039241,0.098906,0.002844,0.047736,0.03948,0.000897,0.113067,0.071139,0.005844,0.160825,0.016567,0.001175,,2731700,,
0,6,,0.126979,0.035081,0.073465,0.140115,0.013287,0.004852,0.22894,0.037352,0.000246,0.013654,0.023016,0.033888,0.04573,0.131686,0.000936,0.089223,0.001452,0.000098,,2774600,,
0,15,,0.125458,0.068511,0.142675,0.010762,0.030083,0.012371,0.040457,0.092162,0.002228,0.0375,0.035882,0.000897,0.122859,0.073202,0.007635,0.18144,0.014702,0.001175,,2724400,,
0,3,,0.125888,0.011662,0.048626,0.254889,0.003275,0.000537,0.232208,0.018083,0.000244,0.007986,0.002417,0.075678,0.030268,0.122416,0.000106,0.064752,0.000944,0.000024,,2720800,,
0,13,,0.119546,0.068668,0.107894,0.018926,0.02301,0.01068,0.097982,0.071975,0.003006,0.048739,0.03477,0.000026,0.072848,0.181319,0.00166,0.133277,0.005016,0.000661,,2770400,,
0,13,,0.127202,0.039805,0.107165,0.025269,0.018956,0.012616,0.129042,0.043471,0.00563,0.017877,0.019603,0.00012,0.066663,0.216019,0.004071,0.155584,0.009513,0.001392,,2750100,,
0,6,,0.129963,0.020029,0.051116,0.185162,0.003935,0.00052,0.287905,0.025812,0.002056,0.006995,0.005083,0.030574,0.04355,0.137582,0.000733,0.061119,0.007141,0.000725,,2791700,,
0,6,,0.1574,0.007702,0.074919,0.179725,0.003299,0.000844,0.245881,0.020462,0.000142,0.004325,0.003607,0.019319,0.030963,0.127524,0.000904,0.120013,0.002895,0.000076,,2742000,,
0,6,,0.131035,0.020841,0.07507,0.165087,0.004514,0.000699,0.240747,0.026757,0.000097,0.011205,0.008533,0.068455,0.03976,0.132341,0.000041,0.074033,0.000762,0.000024,,2748900,,
0,15,,0.118697,0.095004,0.138963,0.011619,0.026932,0.005969,0.040015,0.095945,0.003474,0.054005,0.036422,0.000026,0.089846,0.085526,0.006968,0.17086,0.018191,0.00154,,2783700,,
0,13,,0.111868,0.058083,0.105765,0.016521,0.024931,0.015639,0.096469,0.057132,0.010622,0.062519,0.036874,0,0.08221,0.160828,0.007483,0.135343,0.015347,0.002366,,2751600,,
0,6,,0.121314,0.015439,0.051569,0.214214,0.003809,0.000652,0.275437,0.018814,0.000279,0.004186,0.004893,0.0339,0.040537,0.145722,0.000106,0.066651,0.002275,0.000202,,2789400,,
0,6,,0.144278,0.021181,0.049649,0.167518,0.002745,0.000373,0.305212,0.019045,0.00293,0.013465,0.007813,0.013101,0.030053,0.134633,0.001536,0.074184,0.011685,0.000598,,2745200,,
0,13,,0.128289,0.042039,0.11882,0.030052,0.010281,0.006695,0.123669,0.051424,0.004596,0.026886,0.018111,0.000897,0.084404,0.19449,0.001969,0.14819,0.008165,0.001025,,2742000,,
0,6,,0.133393,0.035754,0.06821,0.154639,0.011782,0.004789,0.22899,0.034644,0.000246,0.014272,0.021958,0.032437,0.047121,0.120011,0.000874,0.089343,0.00144,0.000098,,2779600,,
0,13,,0.127654,0.053186,0.095744,0.037656,0.01681,0.009994,0.136069,0.052501,0.003383,0.025442,0.027692,0.002791,0.065262,0.203173,0.002037,0.135253,0.004692,0.000661,,2741200,,
0,13,,0.129926,0.050233,0.097602,0.03469,0.015696,0.010329,0.140258,0.047924,0.003006,0.023035,0.025304,0.002791,0.066052,0.207179,0.00166,0.13864,0.005016,0.000661,,2805800,,
0,13,,0.142597,0.03783,0.079913,0.046424,0.008124,0.006245,0.1529,0.039885,0.006011,0.016891,0.014846,0.000917,0.052396,0.2284,0.002508,0.148981,0.014054,0.001077,,2751300,,
0,13,,0.118761,0.068882,0.108425,0.019989,0.023796,0.00966,0.100645,0.07522,0.003006,0.049247,0.034615,0.000026,0.072267,0.173096,0.00166,0.135362,0.004681,0.000661,,2736600,,
0,13,,0.133433,0.03611,0.087128,0.047178,0.009092,0.006732,0.165559,0.041769,0.008368,0.015104,0.013531,0.002862,0.062374,0.212673,0.001624,0.145646,0.009612,0.001204,,2739900,,
0,6,,0.116,0.050809,0.080876,0.086698,0.006496,0.001472,0.180094,0.09552,0.000097,0.016063,0.018074,0.011754,0.071859,0.150379,0.000041,0.11322,0.000522,0.000024,,2745000,,
0,6,,0.131231,0.0129,0.073933,0.081463,0.017913,0.006053,0.251263,0.030856,0.00134,0.009284,0.008857,0.007743,0.0461,0.20695,0.003301,0.108359,0.001915,0.000539,,2771100,,
0,13,,0.127877,0.035457,0.093308,0.058203,0.008117,0.006701,0.172506,0.045147,0.003205,0.015748,0.015929,0.005037,0.064265,0.202884,0.000952,0.140067,0.004011,0.000586,,2725800,,
0,15,,0.120333,0.065422,0.141785,0.008358,0.04595,0.012529,0.045379,0.07699,0.00709,0.041996,0.045302,0.000047,0.11061,0.084274,0.009725,0.162142,0.020894,0.001175,,2776300,,
0,6,,0.124658,0.025885,0.081381,0.058703,0.024973,0.01273,0.234606,0.036591,0.001563,0.016208,0.017438,0.002214,0.052137,0.181557,0.004829,0.121412,0.002505,0.00061,,2790400,,
0,6,,0.128358,0.027852,0.076725,0.096995,0.005491,0.000574,0.256908,0.038052,0.001616,0.013548,0.00996,0.014028,0.053455,0.162678,0.000795,0.106687,0.00573,0.000546,,2746900,,
0,6,,0.121948,0.012356,0.052532,0.244637,0.001741,0.00052,0.275272,0.023578,0.000277,0.003866,0.005698,0.049447,0.04781,0.107745,0.000041,0.050058,0.002271,0.000202,,2730700,,
0,13,,0.118976,0.047958,0.095553,0.032043,0.009426,0.006739,0.13813,0.048689,0.004618,0.020183,0.016373,0.000897,0.072634,0.212126,0.001624,0.16482,0.008187,0.001025,,2749900,,
0,15,,0.112401,0.072156,0.13943,0.008144,0.047415,0.013698,0.037236,0.102852,0.002685,0.043825,0.046643,0.000047,0.109308,0.074845,0.015,0.151736,0.021404,0.001175,,2748000,,
0,13,,0.111343,0.041802,0.088912,0.042787,0.009144,0.006939,0.154779,0.052294,0.004743,0.024113,0.014166,0.003315,0.058792,0.216809,0.001972,0.158896,0.008168,0.001025,,2768800,,
0,13,,0.108017,0.038455,0.089306,0.040453,0.00887,0.00628,0.158986,0.049793,0.004396,0.018173,0.012606,0.003315,0.060055,0.224178,0.001624,0.165879,0.008589,0.001025,,2745900,,
0,13,,0.118137,0.034837,0.084315,0.082404,0.008362,0.007108,0.181314,0.050423,0.003405,0.017149,0.014632,0.009527,0.061767,0.198339,0.000952,0.122675,0.004067,0.000586,,2738000,,
0,15,,0.102056,0.065464,0.143603,0.005136,0.042955,0.014616,0.029629,0.102603,0.004156,0.043861,0.045771,0,0.124237,0.066155,0.013898,0.170554,0.020856,0.004448,,2766900,,
0,6,,0.121457,0.012695,0.045978,0.19765,0.004302,0.001052,0.290865,0.024452,0.000241,0.011253,0.003411,0.040511,0.030421,0.146402,0.000335,0.06837,0.000582,0.000024,,2748300,,
0,13,,0.118498,0.053781,0.099498,0.041818,0.011189,0.006719,0.120452,0.087221,0.003224,0.026565,0.01846,0.003731,0.085882,0.180106,0.000952,0.137288,0.00403,0.000586,,2742100,,
0,15,,0.12729,0.077442,0.149676,0.010762,0.029974,0.00804,0.039514,0.104703,0.002228,0.041553,0.035358,0.000897,0.122567,0.070154,0.005844,0.158061,0.014761,0.001175,,2753900,,
0,6,,0.13689,0.01492,0.053196,0.211937,0.003668,0.001652,0.260631,0.03167,0.000492,0.008116,0.002385,0.053453,0.036933,0.120145,0.000104,0.063262,0.000523,0.000024,,2756300,,
0,13,,0.110352,0.038975,0.102458,0.028208,0.017482,0.013537,0.135079,0.044788,0.004936,0.024168,0.017465,0.000298,0.063462,0.21077,0.010651,0.166913,0.009432,0.001025,,2770600,,
0,6,,0.098221,0.035893,0.114994,0.057612,0.025284,0.007986,0.167175,0.039958,0.004117,0.021415,0.010698,0.00737,0.086289,0.143384,0.001744,0.153391,0.017806,0.006661,,2732000,,
0,6,,0.13399,0.016592,0.063792,0.184863,0.004866,0.001241,0.229795,0.020181,0.000097,0.0062,0.012993,0.064554,0.036332,0.145174,0.000103,0.07838,0.000824,0.000024,,2756400,,
0,13,,0.118769,0.05414,0.107627,0.023363,0.024882,0.015081,0.112594,0.066059,0.004939,0.021366,0.018059,0.000047,0.088438,0.196816,0.005083,0.131817,0.009894,0.001025,,2773000,,
0,13,,0.131463,0.040757,0.081569,0.075782,0.009229,0.007054,0.172558,0.047416,0.003235,0.017833,0.018198,0.008978,0.056797,0.201509,0.00133,0.121667,0.00404,0.000586,,2756600,,
0,6,,0.13018,0.033895,0.079155,0.113902,0.007854,0.000952,0.250778,0.034842,0.001617,0.016303,0.010094,0.01875,0.045486,0.148032,0.000733,0.101473,0.005408,0.000546,,2818200,,
0,6,,0.134466,0.022053,0.073279,0.12098,0.004663,0.000574,0.282021,0.035998,0.000097,0.012484,0.010029,0.018273,0.052997,0.141913,0.000103,0.089216,0.000832,0.000024,,2756200,,
0,15,,0.124323,0.069608,0.116913,0.034664,0.02466,0.005004,0.073901,0.084698,0.007713,0.032696,0.026551,0.003315,0.085688,0.109406,0.005808,0.173436,0.020073,0.00154,,2792400,,
0,6,,0.136781,0.012202,0.050266,0.2078,0.003431,0.000652,0.276002,0.025553,0.000242,0.007146,0.002385,0.045463,0.035451,0.127611,0.000104,0.068109,0.00078,0.000024,,2820200,,
0,15,,0.119173,0.073088,0.140942,0.021079,0.024425,0.004885,0.057389,0.079767,0.00408,0.040037,0.02767,0.002791,0.098198,0.101507,0.005808,0.178192,0.019429,0.00154,,2768800,,
0,15,,0.115103,0.073848,0.136217,0.005136,0.046975,0.01739,0.026411,0.093069,0.006397,0.060306,0.057115,0,0.096502,0.066412,0.017854,0.155369,0.024069,0.001826,,2796600,,
0,6,,0.126979,0.035081,0.073465,0.140115,0.013287,0.004852,0.22894,0.037352,0.000246,0.013654,0.023016,0.033888,0.04573,0.131686,0.000936,0.089223,0.001452,0.000098,,2775400,,
0,13,,0.12641,0.051074,0.10157,0.028025,0.008713,0.006782,0.134101,0.052963,0.005028,0.022005,0.017103,0.000897,0.071007,0.218773,0.001624,0.145081,0.00782,0.001025,,2791600,,
0,13,,0.108957,0.056228,0.125353,0.019505,0.015733,0.010662,0.100383,0.066876,0.003006,0.028959,0.027903,0.000026,0.080019,0.192397,0.00166,0.156678,0.004998,0.000661,,2754200,,
0,13,,0.111883,0.041631,0.087008,0.053482,0.009587,0.006752,0.16202,0.044352,0.005434,0.01669,0.014302,0.002862,0.069333,0.223567,0.001624,0.139018,0.009251,0.001204,,2766900,,
0,13,,0.10406,0.031121,0.081642,0.08814,0.009435,0.006011,0.194264,0.039456,0.003036,0.015651,0.014049,0.010366,0.059893,0.211918,0.000952,0.122836,0.006406,0.000765,,2802000,,
0,7,,0.134101,0.156492,0.128652,0.008212,0.023615,0.009435,0.033186,0.195385,0.000191,0.055242,0.030442,0.000251,0.09803,0.041156,0.002993,0.079805,0.002684,0.000127,,2743000,,
0,6,,0.116,0.050809,0.080876,0.086698,0.006496,0.001472,0.180094,0.09552,0.000097,0.016063,0.018074,0.011754,0.071859,0.150379,0.000041,0.11322,0.000522,0.000024,,2817400,,
0,15,,0.130405,0.064642,0.141584,0.009147,0.039417,0.01037,0.033281,0.083738,0.003894,0.0332,0.030894,0.000251,0.095174,0.077162,0.009712,0.201334,0.034243,0.001553,,2759700,,
0,13,,0.124924,0.037042,0.090129,0.058649,0.008136,0.006719,0.171407,0.049745,0.003214,0.015432,0.016088,0.004824,0.064817,0.20828,0.000952,0.135393,0.003663,0.000586,,2737000,,
0,6,,0.141426,0.029598,0.06176,0.157494,0.005162,0.002145,0.244017,0.031182,0.001617,0.010368,0.014944,0.039256,0.038198,0.136176,0.000733,0.07997,0.005408,0.000546,,2800900,,
0,15,,0.109161,0.079779,0.130825,0.023562,0.027721,0.00929,0.060809,0.074931,0.003476,0.036811,0.031543,0.003315,0.097784,0.105441,0.005844,0.182459,0.016073,0.001175,,2737500,,
0,6,,0.125619,0.008968,0.05477,0.231701,0.003426,0.000756,0.290767,0.013095,0.00014,0.004063,0.002958,0.066035,0.033765,0.106527,0.000156,0.05472,0.002458,0.000076,,2816900,,
0,6,,0.101214,0.053598,0.092937,0.055281,0.007228,0.001348,0.191283,0.062664,0.001616,0.016844,0.01808,0.004655,0.060188,0.175147,0.000795,0.150858,0.005717,0.000546,,2740700,,
0,6,,0.129354,0.030423,0.058628,0.176059,0.010798,0.004066,0.258579,0.033419,0.000426,0.010569,0.01439,0.031086,0.043617,0.121787,0.000874,0.069092,0.006557,0.000277,,2742900,,
0,6,,0.123617,0.0278,0.05871,0.170033,0.007006,0.000537,0.24552,0.033743,0.001763,0.012795,0.005626,0.031743,0.039379,0.148545,0.000798,0.08611,0.005729,0.000546,,2806700,,
0,13,,0.123794,0.03705,0.078889,0.049163,0.010449,0.006247,0.169926,0.042248,0.004685,0.014891,0.014344,0.003342,0.05536,0.249321,0.001739,0.121576,0.0159,0.001077,,2804500,,
0,6,,0.154968,0.015723,0.084133,0.146361,0.004598,0.000844,0.240234,0.025985,0.001661,0.007455,0.003867,0.01325,0.03636,0.132521,0.003078,0.115493,0.012873,0.000598,,2819000,,
0,13,,0.131463,0.040757,0.081569,0.075782,0.009229,0.007054,0.172558,0.047416,0.003235,0.017833,0.018198,0.008978,0.056797,0.201509,0.00133,0.121667,0.00404,0.000586,,2770900,,
0,15,,0.118913,0.067561,0.138223,0.0163,0.022354,0.0051,0.058836,0.078393,0.003474,0.032269,0.024359,0.000897,0.098159,0.105166,0.005808,0.203219,0.019429,0.00154,,2769500,,
0,6,,0.138083,0.035158,0.101891,0.097571,0.013468,0.004307,0.19161,0.050184,0.000246,0.020413,0.021039,0.020555,0.063553,0.139645,0.000936,0.100046,0.001196,0.000098,,2802700,,
0,15,,0.11241,0.064826,0.127935,0.013695,0.039762,0.018733,0.047025,0.079445,0.004149,0.037203,0.039447,0.000371,0.104514,0.090738,0.023988,0.173702,0.020884,0.001175,,2743700,,
0,13,,0.110654,0.038541,0.0895,0.045365,0.010797,0.007072,0.155829,0.047027,0.004396,0.018849,0.014887,0.003315,0.058307,0.221634,0.001624,0.162574,0.008605,0.001025,,2805800,,
0,13,,0.121639,0.039267,0.087381,0.051402,0.008478,0.00665,0.174439,0.044066,0.004396,0.017515,0.012606,0.003315,0.065533,0.221519,0.001624,0.130571,0.008575,0.001025,,2760000,,
0,6,,0.13479,0.029292,0.062745,0.164268,0.011725,0.005198,0.243291,0.033002,0.003018,0.017435,0.011487,0.042674,0.03923,0.118904,0.000936,0.080712,0.001196,0.000098,,2736700,,
0,15,,0.125829,0.069115,0.149582,0.010762,0.029828,0.011168,0.046045,0.077987,0.002228,0.035728,0.035699,0.000897,0.097183,0.082046,0.007021,0.203012,0.014694,0.001175,,2741200,,
0,13,,0.125342,0.035626,0.115271,0.046455,0.008497,0.00717,0.13847,0.053843,0.003245,0.020394,0.019042,0.004602,0.074629,0.193365,0.000952,0.148459,0.004051,0.000586,,2756500,,
0,13,,0.108648,0.059895,0.12426,0.020904,0.016135,0.00964,0.101139,0.073173,0.003363,0.027567,0.02658,0.000026,0.080195,0.1879,0.00166,0.15394,0.004314,0.000661,,2761700,,
0,15,,0.116456,0.075233,0.130282,0.005136,0.044652,0.016354,0.026411,0.089854,0.004981,0.058835,0.058834,0,0.103481,0.06282,0.020926,0.16094,0.023115,0.001689,,2778300,,
0,6,,0.097214,0.042435,0.126082,0.039664,0.025663,0.007988,0.172761,0.043257,0.005706,0.024057,0.011169,0.001841,0.086275,0.126068,0.002437,0.157938,0.022268,0.007177,,2746400,,
0,15,,0.140958,0.069072,0.134379,0.010455,0.041193,0.01037,0.03216,0.086723,0.00253,0.035359,0.031617,0.000251,0.092351,0.077651,0.009712,0.191342,0.032324,0.001553,,2737600,,
0,6,,0.134732,0.024191,0.055753,0.173283,0.00473,0.000652,0.264422,0.02962,0.001761,0.010724,0.002645,0.035796,0.037673,0.1402,0.000796,0.076813,0.005665,0.000546,,2741500,,
0,13,,0.116843,0.05051,0.093841,0.040284,0.01957,0.009551,0.143623,0.053082,0.003351,0.027192,0.02732,0.002791,0.070974,0.19624,0.002004,0.137505,0.004659,0.000661,,2748800,,
0,13,,0.141859,0.045514,0.091304,0.040135,0.014805,0.008801,0.150056,0.042041,0.006976,0.024307,0.021687,0.000917,0.056222,0.203925,0.002141,0.142627,0.005971,0.000713,,2768700,,
0,15,,0.106784,0.075211,0.167968,0.012087,0.0242,0.004977,0.041891,0.095505,0.003474,0.036555,0.030585,0.000026,0.11045,0.092263,0.005808,0.171219,0.019457,0.00154,,2760800,,
0,7,,0.120412,0.157392,0.114764,0.006865,0.032422,0.007243,0.028429,0.18906,0.000149,0.090672,0.046575,0.000026,0.102804,0.038058,0.001447,0.062957,0.000651,0.000074,,2737400,,
0,6,,0.143164,0.029219,0.058744,0.15496,0.010566,0.003919,0.287284,0.022295,0.003611,0.019999,0.014507,0.013101,0.034445,0.118563,0.001676,0.081127,0.002671,0.00015,,2751400,,
0,15,,0.121784,0.070833,0.131241,0.020136,0.026998,0.007825,0.05092,0.074045,0.002228,0.035986,0.036421,0.002791,0.096134,0.104157,0.005844,0.195586,0.014702,0.002369,,2744300,,
0,6,,0.128717,0.034445,0.083777,0.118606,0.005094,0.000699,0.241042,0.038392,0.001617,0.013843,0.010228,0.020664,0.049096,0.145233,0.000733,0.101594,0.005674,0.000546,,2750700,,
0,7,,0.1075,0.138739,0.161831,0.016625,0.015361,0.007441,0.042606,0.174055,0.000149,0.04945,0.027392,0.002791,0.136939,0.047851,0.001447,0.069096,0.000651,0.000074,,2799600,,
0,6,,0.111582,0.061462,0.099413,0.070075,0.027014,0.008581,0.149535,0.041439,0.004941,0.048321,0.01597,0.009565,0.075241,0.123321,0.004794,0.126662,0.019967,0.002117,,2754600,,
0,1,,0.116017,0.185129,0.116566,0.027352,0.027984,0.012438,0.063255,0.163629,0.000191,0.044103,0.031614,0.003342,0.088629,0.053386,0.002309,0.061408,0.002521,0.000127,,2753400,,
0,3,,0.130489,0.014288,0.04892,0.229661,0.004039,0.001301,0.229059,0.021332,0.000499,0.010484,0.003182,0.088318,0.03589,0.11976,0.000106,0.062051,0.000599,0.000024,,2759000,,
0,15,,0.128028,0.077107,0.144908,0.011387,0.029411,0.00804,0.041326,0.098105,0.002228,0.041654,0.035058,0.000897,0.116471,0.07784,0.005844,0.164309,0.016211,0.001175,,2728500,,
0,15,,0.116456,0.075233,0.130282,0.005136,0.044652,0.016354,0.026411,0.089854,0.004981,0.058835,0.058834,0,0.103481,0.06282,0.020926,0.16094,0.023115,0.001689,,2751400,,
0,13,,0.135652,0.036902,0.080248,0.047723,0.008124,0.006595,0.150508,0.040015,0.005627,0.018726,0.017397,0.000917,0.05464,0.247537,0.002473,0.131194,0.014646,0.001077,,2809600,,
0,6,,0.099569,0.055465,0.095234,0.049971,0.013525,0.006691,0.177859,0.066063,0.000246,0.023848,0.02723,0.006395,0.065585,0.160982,0.001184,0.148802,0.001256,0.000098,,2740400,,
0,13,,0.114853,0.067613,0.115533,0.017522,0.022979,0.009673,0.101652,0.074087,0.003006,0.049247,0.03429,0.000026,0.071133,0.173655,0.00166,0.137348,0.005062,0.000661,,2792600,,
0,15,,0.116047,0.094952,0.145141,0.006865,0.03886,0.007917,0.031422,0.09463,0.002228,0.066979,0.04923,0.000026,0.092002,0.074862,0.005844,0.155254,0.016567,0.001175,,2803200,,
0,13,,0.109138,0.052254,0.119605,0.025646,0.012337,0.006747,0.109241,0.059433,0.004632,0.027836,0.017785,0.000026,0.069917,0.210751,0.002005,0.16342,0.008201,0.001025,,2745500,,
0,6,,0.121104,0.012356,0.047453,0.236356,0.001741,0.00052,0.270047,0.0237,0.000277,0.003866,0.005901,0.055802,0.045739,0.121837,0.000041,0.050804,0.002255,0.000202,,2840400,,
0,6,,0.135762,0.015349,0.057937,0.170333,0.003669,0.001241,0.235539,0.026886,0.000097,0.005463,0.013041,0.039024,0.036344,0.171985,0.000103,0.086363,0.00084,0.000024,,2744600,,
0,6,,0.122484,0.014221,0.048236,0.194404,0.003148,0.00131,0.287955,0.03157,0.000482,0.009564,0.003172,0.038661,0.032916,0.145288,0.000103,0.065641,0.000823,0.000024,,2776800,,
0,15,,0.11503,0.08275,0.128795,0.024283,0.027766,0.00929,0.060778,0.075782,0.003411,0.037468,0.032265,0.003315,0.094892,0.103074,0.005844,0.177942,0.016139,0.001175,,2777900,,
0,15,,0.118586,0.09183,0.135817,0.006865,0.037721,0.007917,0.031954,0.103866,0.002228,0.067649,0.051081,0.000026,0.090551,0.07871,0.005844,0.152138,0.016041,0.001175,,2740000,,
0,15,,0.122483,0.065587,0.121164,0.028499,0.028814,0.012159,0.064175,0.070191,0.007409,0.034336,0.033737,0.003315,0.093416,0.097893,0.007635,0.193308,0.014702,0.001175,,2817200,,
0,13,,0.126649,0.050086,0.111724,0.025274,0.017051,0.009635,0.110385,0.06321,0.003351,0.029838,0.028671,0.000897,0.090257,0.181794,0.002004,0.143854,0.004659,0.000661,,2750000,,
0,6,,0.138325,0.020133,0.067386,0.162525,0.003874,0.001107,0.240254,0.029787,0.000364,0.013993,0.009683,0.061162,0.043643,0.134417,0.000103,0.072371,0.00085,0.000024,,2951600,,
0,6,,0.124943,0.017348,0.073381,0.103376,0.017649,0.007346,0.24223,0.030097,0.000268,0.013538,0.008416,0.010563,0.044066,0.195417,0.007885,0.101409,0.002044,0.000024,,2777000,,
0,13,,0.128828,0.039496,0.123334,0.029624,0.011126,0.007106,0.127051,0.048289,0.004251,0.020891,0.017466,0.000897,0.086125,0.196503,0.001624,0.148176,0.008187,0.001025,,2797900,,
0,15,,0.101783,0.064394,0.149131,0.005136,0.045044,0.015163,0.029629,0.103591,0.00561,0.045408,0.046282,0,0.118993,0.068238,0.01031,0.165491,0.021213,0.004584,,2799500,,
0,6,,0.13399,0.016592,0.063792,0.184863,0.004866,0.001241,0.229795,0.020181,0.000097,0.0062,0.012993,0.064554,0.036332,0.145174,0.000103,0.07838,0.000824,0.000024,,2775000,,
0,6,,0.13373,0.02987,0.060432,0.155706,0.010778,0.004748,0.270585,0.022098,0.000425,0.009821,0.012002,0.022925,0.039116,0.146591,0.000935,0.074003,0.005959,0.000277,,2795200,,
0,6,,0.116496,0.030247,0.058716,0.185026,0.011574,0.004198,0.260497,0.025983,0.000428,0.009911,0.01297,0.026658,0.034732,0.126218,0.000938,0.087245,0.007886,0.000277,,2733800,,
0,13,,0.10875,0.045664,0.103992,0.046741,0.011433,0.006747,0.130501,0.058282,0.003238,0.022047,0.017485,0.003731,0.065398,0.223138,0.001333,0.146889,0.004044,0.000586,,2747500,,
0,6,,0.130715,0.02008,0.051376,0.20199,0.003935,0.00052,0.261193,0.026029,0.00207,0.006995,0.005316,0.042014,0.043124,0.135083,0.000733,0.060961,0.00714,0.000725,,2797200,,
0,15,,0.127503,0.077233,0.141052,0.011387,0.028402,0.00804,0.045511,0.08435,0.002228,0.037111,0.032443,0.000897,0.101846,0.088242,0.005844,0.190205,0.01653,0.001175,,2738000,,
0,7,,0.10514,0.146816,0.141366,0.006865,0.01668,0.007243,0.0305,0.21198,0.000149,0.058741,0.029713,0.000026,0.135236,0.038306,0.001447,0.069068,0.000651,0.000074,,2808400,,
