chess-krvk,CWE,test,4,NANOSECONDS,PREDICTIONS, Generated by ClassifierExperiments.java on 2022-05-15 22:15:01.    SYSTEMPROPERTIES:{user.name:matth,os.arch:amd64,os.name:Windows 10},ENDSYSTEMPROPERTIES
No parameter info
0.2802491103202847,1365276400,17764239000,-1,119877264,18,,-1,-1
0,1,,0.141456,0.157714,0.145542,0.017337,0.018118,0.005591,0.047672,0.135005,0.000181,0.058308,0.024732,0.002994,0.117749,0.045428,0.001901,0.079627,0.000577,0.000066,,3735600,,
0,15,,0.118039,0.062315,0.164045,0.018394,0.021361,0.005008,0.053701,0.075277,0.003786,0.03501,0.029257,0.002286,0.104442,0.103481,0.005573,0.178604,0.018282,0.00114,,3125700,,
0,6,,0.139586,0.034413,0.075128,0.126327,0.017758,0.007323,0.22422,0.035061,0.00063,0.014863,0.022431,0.036192,0.04629,0.124859,0.001046,0.092257,0.001501,0.000115,,3081100,,
0,6,,0.158951,0.0241,0.081768,0.106475,0.016274,0.005901,0.230036,0.033503,0.00064,0.011807,0.015346,0.010436,0.035666,0.141963,0.001566,0.121537,0.003885,0.000147,,3089400,,
0,6,,0.136641,0.013286,0.064461,0.192424,0.003278,0.001521,0.222296,0.015789,0.000049,0.006671,0.008585,0.067514,0.032657,0.151486,0.000069,0.08228,0.000944,0.000049,,3273300,,
0,13,,0.110376,0.045032,0.125672,0.013345,0.025307,0.013173,0.100592,0.062458,0.006365,0.025645,0.028126,0,0.093744,0.175347,0.002608,0.14822,0.010895,0.013095,,3093800,,
0,13,,0.140558,0.051493,0.094474,0.038296,0.015095,0.007918,0.114625,0.084989,0.003897,0.035257,0.019958,0.003304,0.083984,0.186596,0.000842,0.114347,0.003782,0.000583,,3028700,,
0,15,,0.137176,0.070596,0.121319,0.027305,0.0229,0.007537,0.075751,0.069129,0.003207,0.038445,0.028956,0.00374,0.079363,0.110529,0.007404,0.177276,0.018002,0.001366,,3005800,,
0,13,,0.14549,0.032235,0.107079,0.049105,0.009752,0.007928,0.132228,0.049769,0.003339,0.020279,0.014926,0.004153,0.08192,0.185401,0.001439,0.149913,0.004463,0.000583,,3053800,,
0,13,,0.132242,0.032286,0.078601,0.068768,0.008172,0.006966,0.167741,0.04402,0.003384,0.020446,0.014071,0.009637,0.069266,0.202165,0.000912,0.136803,0.003936,0.000583,,3088400,,
0,13,,0.142635,0.024966,0.080253,0.090285,0.00842,0.00812,0.16886,0.037553,0.002955,0.016877,0.012264,0.010906,0.065178,0.201972,0.000912,0.122148,0.005113,0.000583,,3707600,,
0,15,,0.124599,0.079579,0.135332,0.017337,0.030421,0.007436,0.056531,0.073987,0.00222,0.039508,0.034769,0.002994,0.096398,0.089532,0.005589,0.186884,0.015842,0.001042,,3076900,,
0,7,,0.139543,0.146476,0.156798,0.011364,0.013724,0.005577,0.044497,0.160354,0.000181,0.048856,0.021078,0.001321,0.120741,0.04384,0.001887,0.083117,0.000577,0.000066,,3052800,,
0,15,,0.128059,0.10308,0.125347,0.010467,0.02913,0.007642,0.042465,0.095005,0.003207,0.06371,0.038478,0.000063,0.08333,0.079283,0.007404,0.163962,0.018002,0.001366,,3013400,,
0,13,,0.127075,0.046413,0.109517,0.023797,0.014206,0.009859,0.13295,0.051018,0.003665,0.021788,0.020799,0.000686,0.073267,0.201675,0.001537,0.156128,0.004971,0.000649,,3109300,,
0,13,,0.129274,0.046884,0.110506,0.016028,0.027548,0.013859,0.112902,0.050689,0.003412,0.021657,0.027718,0.000037,0.068694,0.212236,0.003444,0.147515,0.005245,0.002352,,3135900,,
0,13,,0.122988,0.060726,0.096979,0.014003,0.026497,0.018228,0.089975,0.056704,0.008946,0.064871,0.047231,0,0.070084,0.174911,0.012575,0.118087,0.015462,0.001734,,3387900,,
0,6,,0.136678,0.012322,0.04607,0.177288,0.002664,0.000745,0.287033,0.021109,0.000229,0.004436,0.002746,0.025541,0.035898,0.173592,0.000069,0.071294,0.002094,0.000193,,3031400,,
0,15,,0.121293,0.075325,0.150106,0.018165,0.026899,0.005008,0.05224,0.083154,0.004709,0.037349,0.028334,0.002286,0.111489,0.09209,0.005573,0.164713,0.020128,0.00114,,3040000,,
0,6,,0.13572,0.014148,0.066503,0.101649,0.015419,0.005772,0.264869,0.03043,0.002006,0.008803,0.009269,0.009676,0.045054,0.176966,0.002633,0.108736,0.001757,0.000588,,3163700,,
0,6,,0.137303,0.014911,0.069007,0.090383,0.016477,0.005687,0.256532,0.03281,0.000818,0.010269,0.008921,0.0096,0.045196,0.195352,0.002704,0.101749,0.001674,0.000606,,3090400,,
0,6,,0.124968,0.029761,0.056782,0.184506,0.011775,0.004516,0.261476,0.029529,0.000443,0.009738,0.016123,0.028598,0.049364,0.115486,0.000903,0.068891,0.006882,0.000259,,3082200,,
0,6,,0.122382,0.025003,0.061028,0.166252,0.00456,0.000666,0.261434,0.031639,0.001535,0.013395,0.003782,0.022204,0.032879,0.151385,0.0007,0.093866,0.006677,0.000613,,3031000,,
0,6,,0.147922,0.015724,0.059137,0.159009,0.003311,0.001521,0.233048,0.02742,0.000049,0.006488,0.010598,0.030933,0.038293,0.17619,0.000069,0.089278,0.000961,0.000049,,3035700,,
0,13,,0.126196,0.06709,0.089295,0.018604,0.019866,0.015498,0.098088,0.054526,0.009517,0.055331,0.036082,0,0.070085,0.172077,0.009193,0.139702,0.016796,0.002055,,3064000,,
0,13,,0.111701,0.043124,0.096172,0.023185,0.018507,0.015004,0.125554,0.043498,0.002975,0.02837,0.0273,0.000296,0.063059,0.238823,0.011797,0.144504,0.005485,0.000649,,3208200,,
0,6,,0.115015,0.06962,0.097537,0.058859,0.031445,0.012905,0.143841,0.037401,0.003543,0.076178,0.031137,0.007682,0.063737,0.107078,0.005921,0.120118,0.016191,0.001792,,3227000,,
0,13,,0.096618,0.044131,0.129729,0.013345,0.023923,0.012901,0.100138,0.060457,0.006092,0.026128,0.027035,0,0.090421,0.183461,0.002539,0.161806,0.011377,0.009898,,3081300,,
0,6,,0.134973,0.02432,0.06995,0.153958,0.004825,0.002101,0.227607,0.029865,0.001538,0.009634,0.011728,0.038294,0.04165,0.149595,0.001128,0.092181,0.00604,0.000613,,3077400,,
0,7,,0.118787,0.153352,0.135626,0.00801,0.01606,0.005384,0.029185,0.195632,0.000181,0.06299,0.025885,0.000777,0.124189,0.042338,0.001887,0.079072,0.000577,0.000066,,3039000,,
0,13,,0.135111,0.031547,0.086258,0.046195,0.008438,0.007259,0.157526,0.046552,0.003479,0.017035,0.013896,0.003928,0.064312,0.205968,0.00091,0.166617,0.004388,0.000583,,3068100,,
0,7,,0.130686,0.158597,0.134356,0.005867,0.029914,0.005398,0.025158,0.16721,0.000181,0.104409,0.048498,0.000063,0.105409,0.030888,0.001901,0.050821,0.000577,0.000066,,3081200,,
0,13,,0.124229,0.045822,0.098278,0.034782,0.013957,0.011065,0.139947,0.043295,0.003725,0.017248,0.019468,0.002155,0.063396,0.205387,0.001536,0.163961,0.010956,0.000793,,3030200,,
0,6,,0.148938,0.024475,0.050383,0.157374,0.003792,0.000476,0.292681,0.022277,0.003624,0.012645,0.006203,0.01241,0.02972,0.147142,0.001197,0.075739,0.01018,0.000744,,3004600,,
0,6,,0.143853,0.032928,0.061867,0.139705,0.012736,0.006202,0.263071,0.022021,0.001436,0.009904,0.012912,0.018223,0.041518,0.142913,0.000903,0.082071,0.007477,0.000259,,3095200,,
0,15,,0.119477,0.07799,0.129841,0.004405,0.053013,0.019269,0.023658,0.081607,0.00506,0.072263,0.064206,0,0.090752,0.060308,0.014895,0.160775,0.021061,0.001421,,3135300,,
0,6,,0.160958,0.01825,0.086404,0.134645,0.005958,0.000778,0.231759,0.024347,0.001596,0.008089,0.004537,0.011652,0.034473,0.143005,0.003087,0.116391,0.013326,0.000744,,3249000,,
0,13,,0.12698,0.040187,0.086552,0.044925,0.008791,0.006989,0.153379,0.049199,0.004553,0.023002,0.014575,0.002286,0.071218,0.21313,0.001508,0.144128,0.007626,0.000973,,3107400,,
0,13,,0.132284,0.035085,0.089784,0.048122,0.009384,0.007497,0.15829,0.039497,0.009896,0.014187,0.013668,0.002155,0.055429,0.206971,0.001505,0.164733,0.010395,0.001116,,3006900,,
0,13,,0.122781,0.076064,0.10216,0.018315,0.029021,0.014217,0.100694,0.072813,0.00368,0.025032,0.028042,0.000037,0.088592,0.183154,0.006478,0.121953,0.006316,0.000649,,3051700,,
0,15,,0.127272,0.092192,0.133953,0.005867,0.044767,0.00744,0.032286,0.098178,0.00222,0.075758,0.050238,0.000063,0.090351,0.071802,0.005589,0.145139,0.015842,0.001042,,3008900,,
0,2,,0.140974,0.144574,0.16565,0.009449,0.013724,0.005577,0.04336,0.160957,0.000181,0.050393,0.021233,0.000686,0.123462,0.043361,0.001887,0.073887,0.000577,0.000066,,3148900,,
0,6,,0.145811,0.027221,0.064773,0.159649,0.004618,0.001244,0.233543,0.033037,0.001534,0.010142,0.009775,0.033717,0.03977,0.138414,0.000731,0.089247,0.00616,0.000613,,3126600,,
0,6,,0.125831,0.028118,0.071829,0.103436,0.016064,0.00833,0.229478,0.031157,0.001582,0.017082,0.009915,0.009797,0.039768,0.183483,0.010571,0.106071,0.006875,0.000613,,3059900,,
0,13,,0.133843,0.068526,0.098688,0.0177,0.025954,0.010893,0.100118,0.067775,0.003053,0.058892,0.035066,0.000063,0.069818,0.180147,0.001469,0.121906,0.005441,0.000649,,3035700,,
0,13,,0.124847,0.053164,0.083742,0.04866,0.015352,0.008145,0.147824,0.052699,0.003722,0.016822,0.021241,0.002155,0.069608,0.209581,0.001543,0.129626,0.010473,0.000793,,3012000,,
0,6,,0.131875,0.013369,0.051293,0.217257,0.00164,0.000596,0.243367,0.02324,0.000261,0.004871,0.005419,0.094764,0.038425,0.112599,0.000069,0.057454,0.003309,0.000193,,3021200,,
0,13,,0.114876,0.037476,0.103901,0.043418,0.009951,0.007388,0.118896,0.055013,0.003479,0.021519,0.015924,0.003304,0.068704,0.217124,0.00091,0.173147,0.004388,0.000583,,3059400,,
0,13,,0.134149,0.063737,0.100305,0.020209,0.026764,0.009995,0.103159,0.075274,0.003566,0.057871,0.035145,0.000063,0.068201,0.168998,0.001469,0.125574,0.004873,0.000649,,3080100,,
0,15,,0.121404,0.088198,0.128586,0.030017,0.027783,0.009101,0.060279,0.074455,0.002763,0.035921,0.030221,0.003475,0.094623,0.10001,0.005643,0.172935,0.01377,0.000817,,3013400,,
0,13,,0.151391,0.039221,0.119981,0.023396,0.018968,0.01067,0.112307,0.060201,0.004133,0.018726,0.020733,0.000272,0.069224,0.185757,0.002054,0.154922,0.007364,0.00068,,3065300,,
0,3,,0.148338,0.014437,0.061674,0.206312,0.003255,0.001221,0.204817,0.019552,0.000081,0.006057,0.0081,0.115872,0.03545,0.108891,0.0001,0.065243,0.000552,0.000049,,3041700,,
0,6,,0.151341,0.012692,0.04915,0.205815,0.002945,0.000616,0.257196,0.023893,0.001132,0.007679,0.002432,0.041004,0.035905,0.134347,0.0001,0.0728,0.000903,0.000049,,3509500,,
0,15,,0.107871,0.061279,0.149803,0.026241,0.022556,0.008278,0.070171,0.075307,0.005313,0.042327,0.030744,0.002586,0.101216,0.102941,0.006556,0.167327,0.018343,0.00114,,3155500,,
0,13,,0.125568,0.046158,0.089618,0.044233,0.014679,0.009573,0.155711,0.05281,0.002995,0.026719,0.022277,0.003988,0.080555,0.179011,0.001539,0.138815,0.005102,0.000649,,3048300,,
0,3,,0.122099,0.013069,0.050033,0.244098,0.003842,0.001689,0.236065,0.015388,0.000191,0.009349,0.002222,0.080813,0.0262,0.130659,0.000069,0.063584,0.000579,0.000049,,3024700,,
0,6,,0.124436,0.027355,0.070222,0.138716,0.01316,0.006521,0.24768,0.034385,0.000541,0.020266,0.016155,0.022204,0.038003,0.151519,0.000903,0.086272,0.001546,0.000115,,3034800,,
0,6,,0.134007,0.034726,0.07504,0.145061,0.014748,0.00585,0.216926,0.036937,0.000262,0.015478,0.021799,0.034304,0.048338,0.122256,0.001046,0.091972,0.001133,0.000115,,3344100,,
0,13,,0.155747,0.03948,0.118232,0.020492,0.01905,0.010658,0.11942,0.060281,0.00412,0.018719,0.020139,0.000272,0.071306,0.188479,0.002054,0.144802,0.006068,0.00068,,3145000,,
0,6,,0.128528,0.030645,0.080833,0.097229,0.021887,0.012196,0.227564,0.032321,0.000421,0.022542,0.020431,0.007462,0.045454,0.16134,0.007947,0.100542,0.002543,0.000115,,3035000,,
0,6,,0.12583,0.07986,0.081917,0.072245,0.011681,0.00125,0.176847,0.074569,0.001534,0.037179,0.01368,0.006497,0.055651,0.138209,0.000731,0.115175,0.00653,0.000613,,3055300,,
0,13,,0.124808,0.034238,0.088035,0.054775,0.010041,0.008182,0.156454,0.042377,0.003982,0.019933,0.016292,0.006286,0.070797,0.216033,0.001508,0.136485,0.008802,0.000973,,3091200,,
0,6,,0.146015,0.022783,0.050036,0.150849,0.004127,0.000768,0.280057,0.02008,0.006726,0.007497,0.003448,0.018223,0.03354,0.160889,0.0007,0.084677,0.008829,0.000757,,3110600,,
0,2,,0.119672,0.077234,0.153487,0.01298,0.028576,0.008197,0.041312,0.094706,0.003681,0.040758,0.038812,0.002286,0.121773,0.080466,0.005604,0.152745,0.016894,0.000817,,3188000,,
0,15,,0.110097,0.078962,0.139122,0.014357,0.030542,0.007436,0.056169,0.070368,0.00222,0.040727,0.033792,0.002196,0.097206,0.096735,0.005589,0.198507,0.014934,0.001042,,3054800,,
0,6,,0.107748,0.029005,0.073848,0.119789,0.005282,0.001223,0.202117,0.039376,0.00008,0.013442,0.010954,0.057567,0.051851,0.176473,0.000099,0.110147,0.000949,0.000049,,3004000,,
0,13,,0.132284,0.035085,0.089784,0.048122,0.009384,0.007497,0.15829,0.039497,0.009896,0.014187,0.013668,0.002155,0.055429,0.206971,0.001505,0.164733,0.010395,0.001116,,3121500,,
0,15,,0.124858,0.088943,0.138469,0.004405,0.04951,0.021405,0.024661,0.088923,0.006362,0.055279,0.058663,0,0.098753,0.05777,0.015435,0.142893,0.022115,0.001554,,3011100,,
0,6,,0.121796,0.01791,0.047837,0.222999,0.002234,0.000724,0.275881,0.022384,0.000261,0.004155,0.004259,0.029282,0.034709,0.135616,0.000101,0.076201,0.003457,0.000193,,3201000,,
0,13,,0.127323,0.04095,0.071284,0.072586,0.008689,0.005577,0.181213,0.049724,0.004981,0.013761,0.015515,0.005584,0.073653,0.202595,0.001512,0.114721,0.009214,0.001116,,3077400,,
0,13,,0.142219,0.04337,0.12154,0.02449,0.015435,0.011225,0.109975,0.059534,0.002995,0.026814,0.022256,0.000686,0.097836,0.175857,0.001539,0.137891,0.00569,0.000649,,3035600,,
0,6,,0.133164,0.030244,0.063334,0.161506,0.011775,0.004516,0.255626,0.038009,0.000443,0.010113,0.018007,0.023788,0.044721,0.121036,0.000903,0.075245,0.007311,0.000259,,3045600,,
0,7,,0.111472,0.142646,0.123401,0.029623,0.01542,0.008126,0.060771,0.195078,0.000324,0.048124,0.025692,0.003667,0.118748,0.05269,0.001573,0.062002,0.000577,0.000066,,3007400,,
0,6,,0.136837,0.030069,0.068108,0.143417,0.00719,0.002779,0.235076,0.030969,0.001907,0.01181,0.010202,0.036192,0.043216,0.147947,0.000731,0.086529,0.006408,0.000613,,3170600,,
0,6,,0.142755,0.016587,0.056905,0.177467,0.003572,0.001283,0.244058,0.028448,0.000081,0.006223,0.009288,0.043235,0.04305,0.142744,0.0001,0.083252,0.000903,0.000049,,3100500,,
0,6,,0.125423,0.022305,0.049236,0.19967,0.003035,0.000619,0.282142,0.0286,0.001731,0.007504,0.005203,0.028598,0.049385,0.124541,0.0007,0.061973,0.008578,0.000757,,3059800,,
0,6,,0.140185,0.038034,0.078676,0.101584,0.013702,0.005901,0.235324,0.038035,0.000665,0.017682,0.025071,0.021363,0.05004,0.127917,0.001047,0.103095,0.001567,0.000115,,3008600,,
0,13,,0.125578,0.034949,0.089087,0.042019,0.008818,0.007497,0.158576,0.03949,0.008559,0.014187,0.013668,0.002155,0.056551,0.218982,0.001505,0.166804,0.010457,0.001116,,3060500,,
0,13,,0.140433,0.029766,0.091389,0.051896,0.008438,0.006713,0.171962,0.041023,0.002933,0.016853,0.016214,0.003928,0.057591,0.210739,0.00091,0.143696,0.004934,0.000583,,3075300,,
0,6,,0.13614,0.025763,0.080779,0.062324,0.023043,0.009506,0.25973,0.03229,0.002221,0.015934,0.020274,0.00337,0.050842,0.163422,0.003392,0.107936,0.002373,0.000662,,3080400,,
0,15,,0.125975,0.089366,0.122214,0.004405,0.045695,0.019954,0.025842,0.088581,0.006333,0.062899,0.059086,0,0.092725,0.062365,0.015278,0.155629,0.022095,0.001557,,3126800,,
0,13,,0.127449,0.036371,0.08372,0.063757,0.008973,0.00749,0.171641,0.04163,0.005549,0.018551,0.011916,0.005195,0.069106,0.206926,0.001508,0.131064,0.008181,0.000973,,3018400,,
0,6,,0.129822,0.033028,0.069562,0.140386,0.018007,0.005321,0.273017,0.030084,0.000634,0.010881,0.017421,0.016234,0.039967,0.126252,0.001065,0.08393,0.004242,0.000147,,3077200,,
0,6,,0.150792,0.015122,0.090786,0.159142,0.00372,0.00061,0.185996,0.025352,0.000081,0.008548,0.007911,0.058841,0.042293,0.152968,0.0001,0.096798,0.000891,0.000049,,2996000,,
0,13,,0.134685,0.031725,0.097361,0.052777,0.010194,0.007081,0.138754,0.045704,0.002798,0.018972,0.020167,0.005977,0.0592,0.204643,0.001431,0.16352,0.004431,0.000583,,3068600,,
0,13,,0.125003,0.044105,0.093892,0.031768,0.014001,0.01363,0.145691,0.042425,0.00404,0.026649,0.021506,0.000296,0.061929,0.212533,0.009995,0.142958,0.008609,0.000973,,3010100,,
0,13,,0.132791,0.078656,0.095394,0.022301,0.013103,0.007483,0.110026,0.071961,0.00404,0.045814,0.022458,0.000063,0.065193,0.192044,0.001438,0.12771,0.008553,0.000973,,3106000,,
0,13,,0.138771,0.037788,0.080164,0.051134,0.008434,0.00695,0.159475,0.043459,0.005604,0.021222,0.011916,0.002586,0.067191,0.213076,0.001508,0.142122,0.007626,0.000973,,3096300,,
0,15,,0.129914,0.106901,0.13613,0.010467,0.03206,0.004872,0.037266,0.101611,0.003207,0.054772,0.036639,0.000063,0.090243,0.075685,0.005558,0.153481,0.019765,0.001366,,3036500,,
0,6,,0.147252,0.015598,0.062187,0.145059,0.003269,0.001521,0.241573,0.030823,0.000049,0.005733,0.010163,0.029073,0.041624,0.173772,0.000069,0.091246,0.00094,0.000049,,3086500,,
0,6,,0.137875,0.020041,0.100608,0.104804,0.016407,0.005947,0.214862,0.051897,0.000194,0.014793,0.010146,0.01464,0.069222,0.147749,0.005095,0.08387,0.001803,0.000049,,3090000,,
0,6,,0.149947,0.017142,0.06944,0.12361,0.004073,0.000544,0.27994,0.038789,0.00008,0.010859,0.009111,0.017354,0.047959,0.134169,0.000099,0.095877,0.000959,0.000049,,3096700,,
0,13,,0.140647,0.039359,0.089965,0.057408,0.014179,0.010123,0.144926,0.044168,0.006624,0.024406,0.017716,0.006668,0.068189,0.18751,0.001539,0.140823,0.005102,0.000649,,3024100,,
0,6,,0.124596,0.016909,0.041406,0.22123,0.004096,0.000596,0.275159,0.039382,0.000612,0.005633,0.006661,0.041526,0.052124,0.117177,0.000069,0.050988,0.001644,0.000193,,3152000,,
0,6,,0.150701,0.017956,0.061428,0.173968,0.003282,0.001221,0.252011,0.031431,0.000081,0.006193,0.008976,0.036524,0.044785,0.130842,0.0001,0.079522,0.00093,0.000049,,3023300,,
0,6,,0.13572,0.014148,0.066503,0.101649,0.015419,0.005772,0.264869,0.03043,0.002006,0.008803,0.009269,0.009676,0.045054,0.176966,0.002633,0.108736,0.001757,0.000588,,3060000,,
0,6,,0.148371,0.016739,0.050765,0.173465,0.003396,0.000745,0.269454,0.022572,0.00134,0.004801,0.003843,0.025541,0.040529,0.16246,0.000069,0.07251,0.003205,0.000193,,3068500,,
0,13,,0.124312,0.067149,0.095265,0.01518,0.023557,0.016071,0.100657,0.056127,0.010423,0.064907,0.043367,0,0.069378,0.16325,0.008564,0.126106,0.013877,0.001811,,3058400,,
0,13,,0.138622,0.046894,0.086162,0.033433,0.014097,0.009324,0.139597,0.041967,0.008465,0.026368,0.024061,0.00075,0.05642,0.236675,0.003381,0.12779,0.005316,0.00068,,3069300,,
0,6,,0.123738,0.013867,0.07083,0.092879,0.015005,0.005827,0.282851,0.030162,0.001944,0.010057,0.00857,0.0096,0.04578,0.17845,0.002772,0.105316,0.001742,0.000611,,3053800,,
0,1,,0.107393,0.196784,0.122189,0.022301,0.014554,0.006014,0.059988,0.165207,0.000361,0.043484,0.021568,0.002155,0.113781,0.058183,0.001573,0.059338,0.004227,0.000899,,3095800,,
0,6,,0.123773,0.072576,0.095055,0.072844,0.021274,0.00895,0.146918,0.044954,0.004977,0.058484,0.017573,0.006541,0.063831,0.11469,0.005963,0.118612,0.02056,0.002426,,3394100,,
0,13,,0.113093,0.039991,0.090887,0.081511,0.008385,0.006735,0.180249,0.045393,0.003743,0.015094,0.015731,0.007525,0.062043,0.201335,0.001494,0.120432,0.00563,0.000727,,3071200,,
0,6,,0.144675,0.01503,0.063889,0.182759,0.003244,0.0039,0.219621,0.016138,0.000049,0.00652,0.008934,0.078354,0.031888,0.146452,0.000069,0.07785,0.000579,0.000049,,3041900,,
0,15,,0.142052,0.062288,0.147095,0.01336,0.02302,0.00778,0.047798,0.082098,0.00377,0.034842,0.027866,0.000686,0.125489,0.082581,0.007122,0.172705,0.018196,0.001253,,3030600,,
0,6,,0.115536,0.072497,0.084437,0.068602,0.025672,0.005579,0.171284,0.069866,0.000262,0.046923,0.033026,0.007739,0.059803,0.126081,0.001047,0.109974,0.001557,0.000115,,3045000,,
0,13,,0.145065,0.041391,0.115198,0.024973,0.008578,0.006943,0.116205,0.053379,0.004553,0.025402,0.014773,0.000686,0.090293,0.18242,0.001508,0.160032,0.007626,0.000973,,3122700,,
0,13,,0.11701,0.037225,0.092607,0.048176,0.009087,0.007395,0.153466,0.047951,0.004675,0.018306,0.013908,0.002586,0.059365,0.208534,0.001505,0.169066,0.008165,0.000973,,3188700,,
0,6,,0.142159,0.012154,0.054181,0.222814,0.002551,0.000616,0.24928,0.023882,0.000223,0.00677,0.002432,0.041004,0.034838,0.131495,0.0001,0.074563,0.000891,0.000049,,3080400,,
0,6,,0.149266,0.02469,0.049743,0.17437,0.003047,0.000476,0.276069,0.022022,0.003702,0.013507,0.006634,0.016465,0.027954,0.142334,0.001197,0.076393,0.011387,0.000744,,3046300,,
0,6,,0.14126,0.024915,0.060333,0.181015,0.004179,0.001434,0.244453,0.025673,0.001681,0.011361,0.004699,0.033734,0.034713,0.140452,0.001128,0.082316,0.00604,0.000613,,3002300,,
0,15,,0.124777,0.073338,0.148054,0.028526,0.030504,0.011315,0.057335,0.07261,0.010297,0.035087,0.030719,0.002155,0.100712,0.080582,0.005604,0.155372,0.031532,0.00148,,3089900,,
0,6,,0.12425,0.015058,0.052587,0.223258,0.004896,0.001456,0.270593,0.02026,0.000261,0.005648,0.005911,0.033769,0.032633,0.134101,0.000467,0.072951,0.001707,0.000193,,3015700,,
0,13,,0.140647,0.039359,0.089965,0.057408,0.014179,0.010123,0.144926,0.044168,0.006624,0.024406,0.017716,0.006668,0.068189,0.18751,0.001539,0.140823,0.005102,0.000649,,3102400,,
0,15,,0.137637,0.065488,0.136988,0.015574,0.020502,0.008619,0.062245,0.070857,0.003207,0.036799,0.025983,0.001321,0.086897,0.104077,0.007318,0.197065,0.018171,0.001252,,3035200,,
0,13,,0.145848,0.049701,0.0979,0.030051,0.01483,0.008886,0.131939,0.04919,0.003053,0.025129,0.022277,0.002286,0.067099,0.2043,0.001469,0.141034,0.00436,0.000649,,3111900,,
0,1,,0.1089,0.186179,0.132245,0.013587,0.023546,0.013222,0.04559,0.158771,0.000294,0.045454,0.029333,0.000296,0.098881,0.068531,0.008424,0.064719,0.001962,0.000066,,3132500,,
0,6,,0.126987,0.075566,0.079814,0.075145,0.007841,0.002458,0.172338,0.07674,0.001937,0.036058,0.016126,0.010218,0.056456,0.141768,0.000731,0.112639,0.006563,0.000613,,3146900,,
0,13,,0.138177,0.035645,0.093578,0.038759,0.009268,0.007382,0.153438,0.0409,0.009808,0.015713,0.014061,0.002155,0.063654,0.212521,0.001505,0.152035,0.010282,0.001116,,3166700,,
0,1,,0.139092,0.171917,0.095891,0.027051,0.013585,0.005233,0.058994,0.162954,0.003861,0.064714,0.02996,0.003456,0.105583,0.049794,0.001894,0.065377,0.000577,0.000066,,3018800,,
0,15,,0.134216,0.068002,0.12717,0.032683,0.025727,0.004767,0.072408,0.069755,0.003207,0.035062,0.027348,0.004355,0.086382,0.11253,0.005558,0.170512,0.018954,0.001366,,3045900,,
0,7,,0.144203,0.165759,0.125684,0.008863,0.015526,0.005584,0.033162,0.17804,0.000181,0.056083,0.0346,0.000686,0.125267,0.036631,0.001894,0.067192,0.000577,0.000066,,3044800,,
0,6,,0.140424,0.02671,0.076439,0.126329,0.004787,0.001543,0.225014,0.030825,0.001393,0.011024,0.011554,0.021948,0.039057,0.163001,0.0007,0.111961,0.006677,0.000613,,3092400,,
0,13,,0.126561,0.070864,0.093969,0.014003,0.025005,0.018065,0.088327,0.058152,0.00853,0.058392,0.041882,0,0.072689,0.162026,0.009224,0.136896,0.013684,0.001732,,3097200,,
0,15,,0.135416,0.068881,0.115578,0.035211,0.026087,0.005311,0.072263,0.080438,0.009238,0.030937,0.027725,0.002586,0.08927,0.107475,0.005331,0.16617,0.02083,0.001253,,3208700,,
0,13,,0.14805,0.032958,0.091083,0.062274,0.009898,0.007834,0.163142,0.045233,0.003897,0.021115,0.014834,0.007452,0.063737,0.206865,0.000842,0.11642,0.003782,0.000583,,3525500,,
0,13,,0.147083,0.031258,0.080339,0.069558,0.008928,0.007377,0.175326,0.040587,0.002872,0.019377,0.015631,0.009199,0.054894,0.211743,0.000842,0.11954,0.004863,0.000583,,3070100,,
0,13,,0.136591,0.039714,0.093549,0.032012,0.009087,0.006751,0.13763,0.050338,0.004663,0.016892,0.0144,0.001917,0.070295,0.221964,0.001505,0.153626,0.008093,0.000973,,3130500,,
0,7,,0.127591,0.167621,0.120429,0.019483,0.014737,0.005235,0.047576,0.177479,0.000181,0.062966,0.026297,0.003086,0.101981,0.046305,0.001894,0.076495,0.000577,0.000066,,3114900,,
0,6,,0.139105,0.030502,0.061653,0.158014,0.012979,0.005644,0.222202,0.03126,0.000576,0.013847,0.015619,0.03219,0.036245,0.142467,0.001056,0.09498,0.001545,0.000115,,3100700,,
0,15,,0.133409,0.063959,0.13257,0.017603,0.022437,0.00509,0.060175,0.076986,0.003207,0.031391,0.025042,0.001321,0.099794,0.09888,0.005553,0.202107,0.019224,0.001252,,2989200,,
0,13,,0.133843,0.068526,0.098688,0.0177,0.025954,0.010893,0.100118,0.067775,0.003053,0.058892,0.035066,0.000063,0.069818,0.180147,0.001469,0.121906,0.005441,0.000649,,3118300,,
0,6,,0.148749,0.014477,0.049293,0.221031,0.00263,0.002844,0.238564,0.01103,0.000229,0.004178,0.002272,0.076966,0.028257,0.138074,0.000069,0.059416,0.001728,0.000193,,3040500,,
0,13,,0.142962,0.040452,0.086285,0.044303,0.013574,0.009518,0.14551,0.046502,0.007299,0.026185,0.017716,0.002586,0.066774,0.199358,0.001539,0.144274,0.004514,0.000649,,3162700,,
0,15,,0.130762,0.078667,0.140515,0.01335,0.031987,0.007436,0.048911,0.076815,0.00222,0.044265,0.033198,0.000686,0.096163,0.084548,0.005589,0.186841,0.017005,0.001042,,3231400,,
0,6,,0.113476,0.084522,0.081411,0.07963,0.009082,0.00125,0.178031,0.079308,0.001534,0.034507,0.013844,0.007739,0.054109,0.139445,0.000731,0.114213,0.006552,0.000613,,3020900,,
0,13,,0.143846,0.037972,0.087238,0.052466,0.008915,0.007957,0.152247,0.051484,0.005993,0.018753,0.014021,0.002586,0.064325,0.211849,0.001508,0.129716,0.008152,0.000973,,3034800,,
0,6,,0.135015,0.015958,0.064168,0.142103,0.003292,0.001521,0.244676,0.027979,0.000049,0.005733,0.010523,0.029073,0.0372,0.185179,0.000069,0.096461,0.000951,0.000049,,3007800,,
0,6,,0.134913,0.042075,0.102236,0.134086,0.007826,0.001227,0.156637,0.054457,0.000081,0.018565,0.011307,0.058764,0.069056,0.118253,0.0001,0.089441,0.000925,0.000049,,3298200,,
0,6,,0.13398,0.024483,0.062212,0.188847,0.004073,0.000639,0.245608,0.026974,0.001681,0.010646,0.003191,0.027145,0.034371,0.142541,0.000731,0.085855,0.006411,0.000613,,3135700,,
0,6,,0.13945,0.023088,0.057281,0.176203,0.003035,0.000619,0.281045,0.028743,0.002013,0.007504,0.005232,0.023413,0.044146,0.133531,0.0007,0.065034,0.008208,0.000757,,3122400,,
0,6,,0.149699,0.016672,0.066816,0.192923,0.003282,0.001221,0.219416,0.019971,0.000081,0.006071,0.0081,0.098998,0.038467,0.11391,0.0001,0.063295,0.00093,0.000049,,3010900,,
0,6,,0.140021,0.025866,0.060823,0.188605,0.004477,0.000639,0.239806,0.02755,0.001681,0.011535,0.003191,0.034572,0.037746,0.13646,0.000731,0.079645,0.00604,0.000613,,3042500,,
0,6,,0.111482,0.047951,0.096441,0.050365,0.016356,0.005544,0.197271,0.062539,0.000261,0.023137,0.032131,0.005632,0.067749,0.142721,0.001038,0.137696,0.001571,0.000115,,3026200,,
0,13,,0.143562,0.038477,0.088086,0.045941,0.010192,0.0074,0.156625,0.041941,0.00404,0.020902,0.016494,0.003642,0.05712,0.228479,0.001438,0.126137,0.008553,0.000973,,3132800,,
0,6,,0.131304,0.028312,0.053701,0.162625,0.004246,0.000645,0.250151,0.030538,0.001675,0.012457,0.005933,0.023955,0.035912,0.15178,0.000732,0.098897,0.006526,0.000613,,3140900,,
0,6,,0.126489,0.064168,0.08682,0.096526,0.021207,0.009013,0.148439,0.040753,0.005,0.053389,0.01716,0.014111,0.062466,0.121703,0.005297,0.109768,0.015752,0.001939,,3012300,,
0,6,,0.146154,0.028908,0.06951,0.140773,0.006483,0.001244,0.242461,0.038102,0.001534,0.013535,0.009775,0.028304,0.041473,0.138376,0.000731,0.085492,0.00653,0.000613,,3089200,,
0,1,,0.107393,0.196784,0.122189,0.022301,0.014554,0.006014,0.059988,0.165207,0.000361,0.043484,0.021568,0.002155,0.113781,0.058183,0.001573,0.059338,0.004227,0.000899,,2994700,,
0,13,,0.132981,0.029766,0.092036,0.047411,0.008438,0.007259,0.176736,0.042806,0.002933,0.014853,0.013896,0.003928,0.059317,0.216592,0.00091,0.14517,0.004388,0.000583,,3106100,,
0,15,,0.135271,0.071823,0.1206,0.034406,0.023479,0.005311,0.077596,0.073158,0.009344,0.033743,0.026,0.002586,0.087544,0.108407,0.005331,0.16416,0.019987,0.001253,,3033700,,
0,6,,0.134907,0.026541,0.107611,0.08911,0.01731,0.006055,0.195163,0.052067,0.001741,0.0151,0.011158,0.01323,0.070656,0.155356,0.004602,0.091069,0.007712,0.000613,,3035100,,
0,13,,0.142375,0.028451,0.116294,0.04844,0.008564,0.008114,0.136096,0.045567,0.002813,0.019077,0.01554,0.003928,0.081937,0.188874,0.000912,0.147321,0.005113,0.000583,,3041600,,
0,6,,0.136556,0.01489,0.072539,0.100101,0.013934,0.005699,0.272841,0.02997,0.002039,0.010106,0.00905,0.0096,0.049433,0.171598,0.002557,0.096731,0.001761,0.000596,,3027800,,
0,6,,0.135502,0.029348,0.112939,0.079911,0.025033,0.009952,0.187548,0.052214,0.000452,0.017334,0.022077,0.01323,0.074327,0.143186,0.004806,0.089154,0.002871,0.000115,,3246500,,
0,6,,0.14126,0.024915,0.060333,0.181015,0.004179,0.001434,0.244453,0.025673,0.001681,0.011361,0.004699,0.033734,0.034713,0.140452,0.001128,0.082316,0.00604,0.000613,,3092800,,
0,13,,0.131045,0.046088,0.099719,0.039566,0.014523,0.011065,0.142151,0.043282,0.004806,0.017248,0.019468,0.002155,0.062608,0.193287,0.001536,0.159841,0.010818,0.000793,,3029300,,
0,15,,0.139554,0.069597,0.152092,0.014898,0.023033,0.005093,0.050501,0.089193,0.004665,0.036778,0.025486,0.000686,0.11306,0.082498,0.005331,0.165399,0.020882,0.001253,,3022200,,
0,15,,0.133409,0.063959,0.13257,0.017603,0.022437,0.00509,0.060175,0.076986,0.003207,0.031391,0.025042,0.001321,0.099794,0.09888,0.005553,0.202107,0.019224,0.001252,,3086500,,
0,6,,0.136846,0.028022,0.064681,0.157089,0.004627,0.001244,0.251686,0.031893,0.001534,0.011619,0.009775,0.026558,0.039269,0.141628,0.000731,0.085655,0.006528,0.000613,,3037900,,
0,13,,0.12893,0.053747,0.09955,0.030319,0.015175,0.010029,0.139805,0.050036,0.003647,0.024217,0.022541,0.003135,0.070251,0.199376,0.001469,0.142766,0.00436,0.000649,,3383300,,
0,13,,0.122623,0.056952,0.092306,0.018604,0.021357,0.015661,0.099736,0.053078,0.009933,0.06181,0.041431,0,0.06748,0.184961,0.012544,0.120892,0.018574,0.002058,,3088200,,
0,6,,0.115015,0.06962,0.097537,0.058859,0.031445,0.012905,0.143841,0.037401,0.003543,0.076178,0.031137,0.007682,0.063737,0.107078,0.005921,0.120118,0.016191,0.001792,,3125800,,
0,6,,0.142807,0.034116,0.061991,0.15232,0.012782,0.006202,0.255915,0.02259,0.001491,0.009904,0.013297,0.018223,0.038435,0.142427,0.000903,0.079095,0.00724,0.000259,,3141100,,
0,13,,0.13791,0.03625,0.096861,0.029597,0.009939,0.006736,0.144712,0.043546,0.004102,0.017983,0.016624,0.000686,0.063282,0.219271,0.001505,0.161401,0.008623,0.000973,,3107100,,
0,6,,0.150491,0.015401,0.066464,0.191038,0.00512,0.001221,0.210777,0.021126,0.000081,0.00945,0.0081,0.102906,0.037909,0.10794,0.0001,0.070903,0.000923,0.000049,,3234000,,
0,6,,0.136715,0.028433,0.065054,0.178836,0.013146,0.004983,0.234994,0.029049,0.003955,0.014457,0.011895,0.033047,0.036362,0.124502,0.001046,0.081911,0.001499,0.000115,,3065100,,
0,6,,0.116202,0.079445,0.082578,0.082517,0.007889,0.00125,0.178572,0.074972,0.001534,0.0409,0.01497,0.005386,0.055354,0.136797,0.000731,0.11376,0.006528,0.000613,,3038700,,
0,6,,0.149699,0.016672,0.066816,0.192923,0.003282,0.001221,0.219416,0.019971,0.000081,0.006071,0.0081,0.098998,0.038467,0.11391,0.0001,0.063295,0.00093,0.000049,,3022200,,
0,13,,0.131979,0.042859,0.101096,0.021083,0.020842,0.010894,0.122279,0.043402,0.0044,0.018157,0.020466,0.000037,0.066745,0.207085,0.003359,0.174812,0.008303,0.002202,,3031600,,
0,15,,0.105108,0.061667,0.143937,0.028752,0.025711,0.007119,0.073714,0.072043,0.00433,0.035347,0.02847,0.003562,0.103483,0.105935,0.009155,0.172274,0.018255,0.00114,,3111800,,
0,6,,0.121257,0.024462,0.057307,0.148567,0.00594,0.001712,0.260679,0.028029,0.001535,0.013109,0.004858,0.024575,0.032757,0.171705,0.0007,0.095903,0.006292,0.000613,,3127100,,
0,13,,0.130986,0.045106,0.109411,0.019069,0.023748,0.013547,0.123127,0.046296,0.0046,0.019752,0.028203,0.000114,0.067335,0.206933,0.003319,0.150713,0.005274,0.002467,,3054700,,
0,6,,0.126346,0.058156,0.090124,0.087852,0.024147,0.010006,0.158434,0.040556,0.004112,0.055318,0.021247,0.010974,0.064554,0.113183,0.00951,0.106863,0.016754,0.001862,,3012200,,
0,6,,0.15135,0.017215,0.061727,0.194887,0.002528,0.002429,0.208069,0.023176,0.000483,0.006823,0.00923,0.112784,0.04193,0.106055,0.0001,0.060208,0.000955,0.000049,,3087900,,
0,6,,0.140427,0.022947,0.0568,0.148833,0.003759,0.00324,0.265498,0.024095,0.006745,0.009546,0.004513,0.018223,0.031236,0.170797,0.0007,0.084087,0.007797,0.000757,,3073400,,
0,13,,0.142845,0.029086,0.112902,0.052022,0.008564,0.007526,0.134784,0.047926,0.002813,0.020691,0.01427,0.004858,0.077408,0.177962,0.000912,0.160323,0.004524,0.000583,,3081700,,
0,6,,0.115536,0.072497,0.084437,0.068602,0.025672,0.005579,0.171284,0.069866,0.000262,0.046923,0.033026,0.007739,0.059803,0.126081,0.001047,0.109974,0.001557,0.000115,,3033100,,
0,13,,0.136485,0.072411,0.097368,0.016619,0.027211,0.00897,0.093697,0.070131,0.003053,0.053478,0.036633,0.000063,0.072786,0.171913,0.001469,0.132703,0.00436,0.000649,,3009100,,
0,13,,0.119358,0.040411,0.10224,0.020778,0.018194,0.011034,0.136386,0.041894,0.005525,0.017945,0.021264,0.000037,0.065121,0.222155,0.003427,0.16308,0.008371,0.002779,,3076700,,
0,6,,0.113759,0.030504,0.07344,0.100936,0.01428,0.008206,0.243682,0.031008,0.001578,0.019369,0.009719,0.007376,0.040048,0.175492,0.011604,0.111524,0.006861,0.000613,,3364500,,
0,13,,0.119988,0.048186,0.101683,0.025927,0.014455,0.009903,0.145392,0.048576,0.003053,0.026005,0.023184,0.000686,0.067667,0.21412,0.001469,0.143635,0.005422,0.000649,,3197100,,
0,6,,0.14452,0.015818,0.063376,0.123393,0.003672,0.000544,0.26825,0.035681,0.00008,0.008845,0.008728,0.017354,0.045923,0.162599,0.000099,0.100122,0.000949,0.000049,,3104400,,
0,15,,0.138277,0.076506,0.133565,0.023169,0.030987,0.007335,0.055903,0.070703,0.00222,0.039862,0.033387,0.004355,0.089115,0.101828,0.005589,0.169288,0.01687,0.001042,,3081600,,
0,6,,0.15584,0.016834,0.056417,0.188562,0.002528,0.001583,0.249692,0.030276,0.000081,0.008135,0.009745,0.041797,0.040148,0.121102,0.000462,0.076198,0.000552,0.000049,,3047300,,
0,6,,0.132236,0.044426,0.074901,0.0981,0.010318,0.001227,0.18261,0.086579,0.000081,0.023186,0.012873,0.014278,0.075148,0.141452,0.0001,0.101511,0.000923,0.000049,,3073900,,
0,3,,0.126616,0.020364,0.054951,0.243161,0.003632,0.000643,0.220483,0.016503,0.000191,0.008909,0.00297,0.072192,0.029559,0.125095,0.000069,0.073666,0.000944,0.000049,,3079300,,
0,13,,0.145848,0.049701,0.0979,0.030051,0.01483,0.008886,0.131939,0.04919,0.003053,0.025129,0.022277,0.002286,0.067099,0.2043,0.001469,0.141034,0.00436,0.000649,,3159000,,
0,6,,0.140424,0.02671,0.076439,0.126329,0.004787,0.001543,0.225014,0.030825,0.001393,0.011024,0.011554,0.021948,0.039057,0.163001,0.0007,0.111961,0.006677,0.000613,,3090400,,
0,13,,0.140451,0.047534,0.105434,0.025626,0.013313,0.010323,0.124991,0.053083,0.003636,0.024854,0.022894,0.001321,0.065969,0.20555,0.002058,0.147372,0.004942,0.000649,,3089300,,
0,6,,0.153939,0.019747,0.094476,0.122937,0.006261,0.000778,0.225574,0.027259,0.001596,0.008821,0.005556,0.011168,0.040406,0.153428,0.003087,0.109441,0.014782,0.000744,,3189600,,
0,6,,0.15498,0.033513,0.10957,0.088359,0.014939,0.006292,0.197591,0.046257,0.000262,0.018674,0.021142,0.016453,0.066438,0.123648,0.001444,0.099191,0.001133,0.000115,,3072800,,
0,6,,0.129049,0.028646,0.079894,0.062096,0.02693,0.011976,0.249171,0.032917,0.001,0.015572,0.018828,0.00337,0.046566,0.17187,0.003904,0.115137,0.00243,0.000645,,3384200,,
0,6,,0.156125,0.010124,0.084451,0.167234,0.002965,0.002159,0.23584,0.023075,0.000495,0.010126,0.00409,0.023055,0.036935,0.133822,0.002025,0.10583,0.001567,0.000081,,3123500,,
0,13,,0.135978,0.028973,0.09005,0.063526,0.009198,0.007917,0.161378,0.047687,0.00403,0.014236,0.013598,0.006508,0.056698,0.199875,0.001431,0.152611,0.005581,0.000727,,3124600,,
0,6,,0.142358,0.019144,0.04358,0.234607,0.001549,0.000453,0.287249,0.019752,0.002448,0.009348,0.004225,0.024575,0.029899,0.116537,0.00026,0.061494,0.002441,0.000081,,3049300,,
0,6,,0.126917,0.02183,0.054933,0.177148,0.005404,0.000671,0.291166,0.024056,0.001614,0.00746,0.00467,0.020303,0.039037,0.135938,0.000993,0.071267,0.015846,0.000744,,3103600,,
0,13,,0.129354,0.056435,0.110106,0.026653,0.026213,0.013905,0.109332,0.067775,0.003783,0.022875,0.026608,0.000114,0.096417,0.168141,0.005272,0.129994,0.006372,0.000649,,3033600,,
0,13,,0.123919,0.045939,0.105256,0.01677,0.025534,0.017168,0.117951,0.045835,0.003412,0.023875,0.025883,0.000037,0.066182,0.21477,0.003756,0.156475,0.005335,0.001903,,3173200,,
0,13,,0.122988,0.060726,0.096979,0.014003,0.026497,0.018228,0.089975,0.056704,0.008946,0.064871,0.047231,0,0.070084,0.174911,0.012575,0.118087,0.015462,0.001734,,3057900,,
0,13,,0.110185,0.044893,0.126985,0.013345,0.025455,0.013191,0.103232,0.059408,0.006519,0.025481,0.027766,0,0.089154,0.173972,0.002611,0.151738,0.01114,0.014924,,3074200,,
0,15,,0.119199,0.074657,0.128053,0.023956,0.046816,0.010682,0.059881,0.079528,0.00342,0.027961,0.031571,0.005924,0.080006,0.099577,0.007028,0.173939,0.026544,0.001258,,3059000,,
0,15,,0.134208,0.073889,0.126505,0.033033,0.027724,0.007879,0.062394,0.077031,0.010935,0.0368,0.030009,0.006668,0.089286,0.095157,0.005363,0.16442,0.01777,0.000929,,3070800,,
0,6,,0.107748,0.029005,0.073848,0.119789,0.005282,0.001223,0.202117,0.039376,0.00008,0.013442,0.010954,0.057567,0.051851,0.176473,0.000099,0.110147,0.000949,0.000049,,3209200,,
0,7,,0.144018,0.183344,0.126852,0.008759,0.014007,0.005584,0.032332,0.185234,0.000181,0.058955,0.02428,0.000686,0.116274,0.03439,0.001894,0.062565,0.000577,0.000066,,3049000,,
0,6,,0.145735,0.033317,0.061816,0.144866,0.012397,0.004521,0.277159,0.023128,0.005833,0.020205,0.016309,0.012037,0.035122,0.124588,0.002154,0.078887,0.00178,0.000147,,3125400,,
0,15,,0.105354,0.078102,0.141609,0.006877,0.04276,0.012212,0.035532,0.119264,0.002612,0.03638,0.041043,0.000037,0.104148,0.0811,0.013041,0.162096,0.017014,0.000817,,3048200,,
0,6,,0.132113,0.040874,0.106119,0.118973,0.0084,0.001227,0.166441,0.054551,0.000081,0.016302,0.013162,0.053138,0.068229,0.13163,0.0001,0.08768,0.00093,0.000049,,3091000,,
0,6,,0.127641,0.078869,0.081535,0.084618,0.009189,0.00125,0.16802,0.078268,0.001534,0.032194,0.013035,0.010604,0.055575,0.136252,0.000731,0.11354,0.006533,0.000613,,3090300,,
0,6,,0.169021,0.009586,0.077674,0.176082,0.004674,0.000756,0.230663,0.021525,0.000144,0.004356,0.003849,0.021103,0.028368,0.140732,0.000543,0.108871,0.001973,0.000081,,3171100,,
0,13,,0.138244,0.070245,0.096635,0.01959,0.027103,0.010158,0.103918,0.071772,0.003647,0.054782,0.033972,0.000063,0.073475,0.166435,0.001469,0.123483,0.00436,0.000649,,3064100,,
0,15,,0.145159,0.068494,0.130911,0.025619,0.033611,0.011296,0.053262,0.070769,0.016853,0.031555,0.033862,0.00204,0.083131,0.083692,0.009883,0.175277,0.023209,0.001378,,3050000,,
0,6,,0.144281,0.026364,0.071497,0.129429,0.004782,0.001543,0.22127,0.03053,0.001393,0.010979,0.011506,0.021948,0.039355,0.164838,0.0007,0.112298,0.006674,0.000613,,3105900,,
0,13,,0.134226,0.046228,0.103975,0.020768,0.014196,0.009849,0.117549,0.055001,0.00366,0.023891,0.021055,0.000686,0.073649,0.196792,0.001537,0.171323,0.004966,0.000649,,3068300,,
0,15,,0.127859,0.064601,0.122091,0.03175,0.022944,0.004767,0.074551,0.068504,0.003207,0.035213,0.028407,0.002286,0.08434,0.118335,0.005558,0.18424,0.018046,0.003301,,3083100,,
0,6,,0.143607,0.025318,0.05814,0.172022,0.004467,0.000639,0.25432,0.027267,0.00259,0.011555,0.003191,0.027145,0.036586,0.141519,0.000731,0.083866,0.006422,0.000613,,3065200,,
0,15,,0.138685,0.074318,0.128065,0.019445,0.028813,0.010104,0.057166,0.073214,0.00222,0.041607,0.036503,0.00374,0.084411,0.095928,0.007435,0.182413,0.01489,0.001042,,3098400,,
0,6,,0.143771,0.018965,0.072327,0.177776,0.003879,0.000548,0.229696,0.022995,0.000081,0.009138,0.008088,0.076039,0.042533,0.120958,0.0001,0.072127,0.00093,0.000049,,3072800,,
0,6,,0.131877,0.025515,0.078872,0.062869,0.018456,0.006107,0.268113,0.036286,0.002162,0.013195,0.009927,0.00337,0.046911,0.17633,0.003389,0.108627,0.006674,0.00132,,3110000,,
0,13,,0.12668,0.042059,0.095849,0.04395,0.016012,0.011282,0.142643,0.04677,0.002995,0.024672,0.022486,0.006286,0.073581,0.194722,0.001539,0.142134,0.00569,0.000649,,3129400,,
0,13,,0.136104,0.065618,0.098634,0.020437,0.027496,0.010061,0.094216,0.073569,0.003599,0.055575,0.038195,0.000063,0.071783,0.176367,0.001469,0.12126,0.004905,0.000649,,3081100,,
0,6,,0.132147,0.040033,0.105882,0.119745,0.010318,0.001227,0.164988,0.052137,0.000081,0.022998,0.011952,0.05425,0.068796,0.122625,0.0001,0.091749,0.000923,0.000049,,3113500,,
0,6,,0.112925,0.067026,0.092654,0.068825,0.02382,0.009019,0.150861,0.037583,0.004704,0.074211,0.020735,0.007682,0.060413,0.119006,0.005612,0.122109,0.020526,0.00229,,3029900,,
0,6,,0.160958,0.01825,0.086404,0.134645,0.005958,0.000778,0.231759,0.024347,0.001596,0.008089,0.004537,0.011652,0.034473,0.143005,0.003087,0.116391,0.013326,0.000744,,3071700,,
0,15,,0.137176,0.070596,0.121319,0.027305,0.0229,0.007537,0.075751,0.069129,0.003207,0.038445,0.028956,0.00374,0.079363,0.110529,0.007404,0.177276,0.018002,0.001366,,3047500,,
