connect-4,NBayes,test,1,NANOSECONDS,PREDICTIONS, Generated by ClassifierExperiments.java on 2022-05-16 14:26:11.    SYSTEMPROPERTIES:{user.name:matth,os.arch:amd64,os.name:Windows 10},ENDSYSTEMPROPERTIES
No parameter info
0.8355535820011841,322211100100,3327704000,-1,237362512,3,,-1,-1
0,2,,0.25,0.231201,0.518799,,661700,,
0,2,,0.025861,0.024132,0.950006,,307600,,
0,2,,0.114281,0.257105,0.628614,,286900,,
0,0,,0.403664,0.373353,0.222983,,289300,,
0,1,,0.05635,0.499793,0.443856,,263400,,
0,2,,0.066578,0.451709,0.481713,,270100,,
0,2,,0.034864,0.021139,0.943997,,254200,,
0,1,,0.081034,0.887188,0.031778,,255700,,
0,2,,0.223533,0.044676,0.731791,,267700,,
0,1,,0.411019,0.576322,0.012658,,271600,,
0,2,,0.37573,0.244425,0.379845,,261700,,
0,0,,0.886068,0.059382,0.054549,,246200,,
0,0,,0.509558,0.171308,0.319134,,246400,,
0,2,,0.161344,0.290231,0.548425,,270600,,
0,0,,0.817251,0.092319,0.09043,,251100,,
0,0,,0.763942,0.027032,0.209026,,237000,,
0,0,,0.40536,0.36964,0.225,,248700,,
0,1,,0.233789,0.56324,0.202972,,267800,,
0,1,,0.238638,0.390752,0.370609,,260500,,
0,2,,0.311728,0.341575,0.346697,,291300,,
0,1,,0.223464,0.52079,0.255746,,265300,,
0,2,,0.119858,0.045045,0.835097,,237900,,
0,0,,0.502808,0.359395,0.137797,,253800,,
0,1,,0.289996,0.695142,0.014862,,245000,,
0,1,,0.322332,0.551456,0.126212,,320500,,
0,2,,0.234063,0.27782,0.488117,,245000,,
0,0,,0.655231,0.177997,0.166771,,246900,,
0,2,,0.138713,0.320146,0.541141,,249600,,
0,1,,0.084998,0.736458,0.178544,,259800,,
0,2,,0.165454,0.062424,0.772122,,246200,,
0,2,,0.382884,0.204044,0.413072,,240500,,
0,1,,0.070147,0.599409,0.330444,,247300,,
0,1,,0.290035,0.666477,0.043489,,255500,,
0,2,,0.194241,0.181775,0.623985,,252200,,
0,1,,0.289286,0.610714,0.1,,252600,,
0,1,,0.073662,0.547012,0.379326,,245500,,
0,0,,0.590273,0.133256,0.276471,,241900,,
0,2,,0.328329,0.08154,0.59013,,249100,,
0,0,,0.392677,0.300505,0.306818,,242000,,
0,1,,0.218688,0.416663,0.364649,,242200,,
0,1,,0.385855,0.410098,0.204047,,262600,,
0,2,,0.054706,0.046685,0.898609,,282400,,
0,2,,0.02243,0.020517,0.957053,,273900,,
0,0,,0.787139,0.108297,0.104563,,280300,,
0,2,,0.306076,0.126577,0.567347,,250000,,
0,1,,0.187431,0.428425,0.384144,,251500,,
0,1,,0.32673,0.514912,0.158358,,274300,,
0,2,,0.015209,0.140017,0.844774,,258500,,
0,0,,0.461111,0.269444,0.269444,,254600,,
0,0,,0.610266,0.007143,0.382592,,251300,,
0,2,,0.064925,0.379186,0.555889,,247500,,
0,2,,0.352495,0.071353,0.576152,,249400,,
0,0,,0.56635,0.184961,0.248689,,244500,,
0,0,,0.492337,0.366946,0.140717,,240500,,
0,2,,0.12229,0.383452,0.494259,,245000,,
0,0,,0.493464,0.179523,0.327013,,252600,,
0,2,,0.119072,0.013911,0.867018,,250800,,
0,0,,0.610065,0.079331,0.310603,,247200,,
0,2,,0.435788,0.068331,0.495881,,241400,,
0,2,,0.099104,0.024761,0.876135,,235500,,
0,2,,0.146868,0.038279,0.814853,,244900,,
0,2,,0.262979,0.142239,0.594782,,239600,,
0,0,,0.448741,0.306282,0.244977,,245500,,
0,2,,0.415472,0.007143,0.577385,,246800,,
0,1,,0.274235,0.423244,0.30252,,254400,,
0,1,,0.064264,0.587689,0.348047,,241100,,
0,2,,0.42344,0.091563,0.484996,,254300,,
0,0,,0.579217,0.326299,0.094484,,244400,,
0,2,,0.157825,0.420249,0.421926,,237800,,
0,2,,0.045893,0.068901,0.885206,,240100,,
0,2,,0.17111,0.332621,0.496268,,245700,,
0,0,,0.438842,0.217955,0.343203,,243300,,
0,0,,0.516326,0.291932,0.191742,,242000,,
0,1,,0.122089,0.656013,0.221898,,243300,,
0,2,,0.086768,0.293377,0.619856,,254900,,
0,0,,0.471805,0.291839,0.236356,,255400,,
0,0,,0.538037,0.376157,0.085806,,254200,,
0,2,,0.084152,0.235588,0.68026,,238600,,
0,1,,0.310997,0.55693,0.132072,,246200,,
0,1,,0.114297,0.557433,0.32827,,245500,,
0,2,,0.051161,0.32481,0.624029,,243500,,
0,0,,0.484125,0.391943,0.123932,,251300,,
0,1,,0.269055,0.380998,0.349947,,250800,,
0,1,,0.192146,0.433015,0.374839,,247100,,
0,0,,0.410336,0.222885,0.366779,,287900,,
0,2,,0.152976,0.313647,0.533377,,246700,,
0,1,,0.18112,0.642409,0.176471,,238500,,
0,2,,0.020097,0.139351,0.840552,,242800,,
0,0,,0.747676,0.174098,0.078226,,282700,,
0,0,,0.432121,0.177552,0.390327,,263900,,
0,2,,0.100104,0.357934,0.541962,,240400,,
0,2,,0.31189,0.064902,0.623209,,240100,,
0,2,,0.042754,0.348632,0.608614,,243100,,
0,1,,0.142626,0.490682,0.366692,,236800,,
0,2,,0.026877,0.305941,0.667183,,241000,,
0,2,,0.062512,0.259059,0.678429,,237700,,
0,2,,0.111097,0.323389,0.565514,,243000,,
0,2,,0.032539,0.042118,0.925343,,239500,,
0,2,,0.034107,0.094419,0.871475,,231500,,
0,0,,0.539774,0.441519,0.018707,,240200,,
0,1,,0.200003,0.643361,0.156636,,237800,,
0,0,,0.701129,0.021452,0.277419,,229900,,
0,2,,0.060278,0.422123,0.517598,,241200,,
0,1,,0.263586,0.706224,0.03019,,255000,,
0,2,,0.091234,0.144716,0.76405,,241100,,
0,1,,0.283184,0.659979,0.056838,,262200,,
0,0,,0.712742,0.210493,0.076765,,278500,,
0,1,,0.399919,0.586531,0.01355,,271500,,
0,2,,0.421629,0.117645,0.460726,,241900,,
0,0,,0.590096,0.026923,0.382981,,239700,,
0,1,,0.231705,0.594798,0.173496,,247300,,
0,2,,0.071667,0.345556,0.582778,,246900,,
0,1,,0.248228,0.503571,0.248201,,241900,,
0,2,,0.168168,0.378214,0.453617,,239000,,
0,2,,0.160459,0.293444,0.546098,,238700,,
0,2,,0.041581,0.198793,0.759625,,230600,,
0,0,,0.646648,0.316685,0.036667,,233000,,
0,1,,0.236667,0.570476,0.192857,,230100,,
0,2,,0.02452,0.017871,0.957609,,235500,,
0,0,,0.590429,0.182197,0.227374,,235000,,
0,1,,0.289859,0.577413,0.132727,,233400,,
0,2,,0.109738,0.10643,0.783832,,247400,,
0,0,,0.653641,0.145883,0.200476,,237500,,
0,2,,0.107371,0.037391,0.855238,,233500,,
0,2,,0.051179,0.117658,0.831163,,237200,,
0,2,,0.100858,0.389128,0.510014,,240900,,
0,2,,0.186012,0.274988,0.539,,231600,,
0,0,,0.535152,0.374438,0.090411,,241500,,
0,2,,0.254943,0.11433,0.630727,,227500,,
0,2,,0.095039,0.077918,0.827043,,235500,,
0,2,,0.169725,0.228644,0.601631,,234000,,
0,2,,0.038385,0.043319,0.918296,,253800,,
0,1,,0.034033,0.711751,0.254216,,243000,,
0,1,,0.114803,0.578462,0.306735,,238200,,
0,2,,0.125687,0.113191,0.761122,,237400,,
0,0,,0.561544,0.21127,0.227186,,237600,,
0,2,,0.394008,0.191738,0.414254,,241900,,
0,1,,0.355163,0.630179,0.014657,,231400,,
0,1,,0.125374,0.564262,0.310364,,237400,,
0,2,,0.031085,0.010065,0.95885,,231000,,
0,1,,0.134262,0.82532,0.040418,,231100,,
0,2,,0.218715,0.055463,0.725822,,236400,,
0,1,,0.047553,0.658427,0.29402,,249300,,
0,2,,0.286561,0.351117,0.362321,,241300,,
0,1,,0.20188,0.634577,0.163544,,240200,,
0,2,,0.326707,0.136228,0.537066,,243900,,
0,2,,0.156689,0.396201,0.447111,,269700,,
0,2,,0.056995,0.28931,0.653695,,237500,,
0,2,,0.098913,0.290611,0.610476,,245800,,
0,2,,0.287828,0.180402,0.53177,,237100,,
0,2,,0.024846,0.013485,0.961669,,228500,,
0,1,,0.244344,0.642637,0.113019,,243400,,
0,2,,0.137833,0.054871,0.807295,,243600,,
0,0,,0.710671,0.272424,0.016905,,235100,,
0,1,,0.20465,0.647645,0.147705,,263100,,
0,1,,0.304405,0.459762,0.235833,,241500,,
0,1,,0.32292,0.587269,0.089811,,240000,,
0,2,,0.03886,0.363542,0.597598,,234400,,
0,1,,0.071881,0.710048,0.218071,,246500,,
0,2,,0.037085,0.028951,0.933963,,226100,,
0,1,,0.03987,0.767405,0.192725,,245900,,
0,1,,0.038195,0.517505,0.444299,,243700,,
0,1,,0.082599,0.695153,0.222249,,238000,,
0,2,,0.313727,0.082212,0.604061,,241800,,
0,1,,0.161197,0.761303,0.0775,,233700,,
0,1,,0.055112,0.520365,0.424523,,240800,,
0,2,,0.300275,0.14257,0.557154,,237500,,
0,2,,0.172837,0.284061,0.543102,,236500,,
0,2,,0.031754,0.389844,0.578402,,226900,,
0,2,,0.143892,0.08224,0.773867,,240400,,
0,1,,0.148752,0.82388,0.027367,,236800,,
0,2,,0.092737,0.232079,0.675184,,240900,,
0,2,,0.304905,0.314292,0.380803,,238700,,
0,0,,0.689848,0.148333,0.161818,,245600,,
0,1,,0.393978,0.576455,0.029568,,242300,,
0,2,,0.089785,0.40675,0.503465,,244500,,
0,0,,0.362816,0.282201,0.354983,,261500,,
0,0,,0.417252,0.324321,0.258426,,275400,,
0,0,,0.435869,0.286481,0.27765,,249800,,
0,2,,0.220408,0.180303,0.599288,,241500,,
0,2,,0.178277,0.211394,0.610329,,247700,,
0,0,,0.539452,0.276907,0.183641,,235400,,
0,2,,0.077322,0.09219,0.830488,,238000,,
0,2,,0.30042,0.212501,0.487079,,241900,,
0,2,,0.028596,0.220664,0.75074,,239100,,
0,2,,0.021276,0.124916,0.853808,,242000,,
0,2,,0.334807,0.194155,0.471038,,236400,,
0,0,,0.673333,0.163333,0.163333,,238700,,
0,2,,0.132839,0.056735,0.810426,,242000,,
0,0,,0.506362,0.438794,0.054845,,268400,,
0,1,,0.129807,0.739941,0.130252,,242100,,
0,2,,0.116339,0.102053,0.781608,,243600,,
0,1,,0.29679,0.512598,0.190612,,250700,,
0,0,,0.566323,0.358276,0.075401,,243800,,
0,1,,0.029313,0.609114,0.361573,,241800,,
0,0,,0.672556,0.078584,0.24886,,236700,,
0,0,,0.507616,0.484692,0.007692,,241900,,
0,0,,0.731736,0.184897,0.083367,,247700,,
0,2,,0.334933,0.062955,0.602112,,234800,,
0,2,,0.208335,0.210571,0.581094,,246500,,
0,2,,0.04193,0.360307,0.597763,,242300,,
0,2,,0.194183,0.085225,0.720592,,236300,,
0,2,,0.197096,0.06909,0.733815,,237900,,
0,2,,0.096399,0.018361,0.885239,,242400,,
0,2,,0.196167,0.397573,0.40626,,247500,,
0,0,,0.513684,0.288565,0.19775,,241600,,
0,2,,0.165645,0.144065,0.69029,,241200,,
0,0,,0.497492,0.173634,0.328874,,242400,,
0,0,,0.572857,0.332143,0.095,,252500,,
0,1,,0.190435,0.628466,0.181099,,238900,,
0,1,,0.098986,0.726874,0.174141,,238000,,
0,2,,0.09378,0.322255,0.583965,,240800,,
0,2,,0.286391,0.324081,0.389528,,243300,,
0,0,,0.487574,0.410549,0.101877,,241300,,
0,2,,0.12278,0.213043,0.664177,,235200,,
0,2,,0.336061,0.138253,0.525687,,234500,,
0,2,,0.245223,0.188201,0.566576,,244100,,
0,0,,0.534875,0.434666,0.03046,,257700,,
0,0,,0.501963,0.337734,0.160303,,243200,,
0,2,,0.212796,0.015889,0.771314,,237200,,
0,2,,0.065603,0.218857,0.71554,,283000,,
0,2,,0.36378,0.205679,0.430541,,273100,,
0,1,,0.111132,0.484985,0.403883,,251400,,
0,1,,0.380867,0.610042,0.009091,,249500,,
0,2,,0.11618,0.168388,0.715432,,263500,,
0,2,,0.049247,0.10829,0.842463,,234200,,
0,2,,0.184196,0.023726,0.792078,,237600,,
0,2,,0.263285,0.033459,0.703256,,239900,,
0,0,,0.472782,0.395138,0.13208,,244200,,
0,2,,0.170389,0.100699,0.728912,,239200,,
0,2,,0.253635,0.126233,0.620132,,240900,,
0,1,,0.146885,0.428025,0.42509,,245700,,
0,2,,0.283295,0.075351,0.641354,,232200,,
0,2,,0.25474,0.072476,0.672785,,242800,,
0,1,,0.192711,0.435034,0.372255,,236200,,
0,1,,0.073737,0.736398,0.189865,,234500,,
0,2,,0.315115,0.262349,0.422535,,239600,,
0,1,,0.369905,0.61364,0.016455,,246300,,
0,1,,0.135505,0.623662,0.240833,,244000,,
0,2,,0.321,0.295,0.384,,242000,,
0,1,,0.181044,0.816517,0.002439,,248800,,
0,0,,0.439078,0.271375,0.289548,,238700,,
0,2,,0.2114,0.127433,0.661168,,240400,,
0,2,,0.159323,0.290764,0.549912,,240900,,
0,2,,0.337504,0.037962,0.624535,,233600,,
0,2,,0.236197,0.143051,0.620752,,296000,,
0,2,,0.288882,0.34577,0.365348,,291500,,
0,2,,0.251414,0.123971,0.624614,,254400,,
0,2,,0.146555,0.082186,0.771259,,240900,,
0,2,,0.224584,0.015495,0.759921,,244600,,
0,1,,0.004902,0.952691,0.042407,,236100,,
0,0,,0.38147,0.300306,0.318224,,236600,,
0,2,,0.083698,0.016818,0.899484,,235900,,
0,1,,0.024441,0.526729,0.44883,,242100,,
0,1,,0.295413,0.469734,0.234853,,237200,,
0,2,,0.196446,0.335577,0.467977,,242700,,
0,0,,0.587646,0.25979,0.152564,,244300,,
0,0,,0.526212,0.219066,0.254722,,246600,,
0,2,,0.42555,0.055904,0.518546,,241900,,
0,2,,0.235016,0.245715,0.519269,,240300,,
0,2,,0.382981,0.041204,0.575815,,233500,,
0,0,,0.770852,0.022424,0.206724,,236600,,
0,0,,0.609643,0.07381,0.316548,,237000,,
0,2,,0.334963,0.120807,0.54423,,235100,,
0,0,,0.465116,0.256933,0.277951,,235600,,
0,0,,0.622107,0.119349,0.258544,,241000,,
0,0,,0.49705,0.437199,0.065751,,243800,,
0,1,,0.060043,0.858707,0.08125,,241800,,
0,2,,0.315098,0.057764,0.627137,,243600,,
0,1,,0.024541,0.778402,0.197057,,269100,,
0,1,,0.116685,0.725627,0.157688,,232600,,
0,2,,0.104955,0.308949,0.586097,,248100,,
0,2,,0.032218,0.329043,0.638739,,234100,,
0,2,,0.110037,0.440449,0.449514,,243200,,
0,0,,0.505513,0.405737,0.08875,,257000,,
0,2,,0.268333,0.149359,0.582308,,234500,,
0,2,,0.049005,0.255339,0.695656,,237500,,
0,2,,0.03248,0.071576,0.895944,,243600,,
0,1,,0.105246,0.519979,0.374775,,241900,,
0,2,,0.194608,0.276691,0.5287,,240700,,
0,1,,0.150017,0.433157,0.416827,,243000,,
0,2,,0.06431,0.113122,0.822568,,236100,,
0,0,,0.414881,0.177692,0.407427,,235100,,
0,2,,0.072946,0.219049,0.708005,,239900,,
0,0,,0.493843,0.350996,0.155161,,239100,,
0,0,,0.706504,0.259943,0.033553,,247000,,
0,1,,0.309339,0.367748,0.322913,,348900,,
0,2,,0.040617,0.030771,0.928613,,241500,,
0,2,,0.085105,0.263116,0.651779,,232500,,
0,2,,0.218941,0.079636,0.701423,,253900,,
0,1,,0.114148,0.539458,0.346394,,241900,,
0,0,,0.370952,0.347579,0.281469,,245100,,
0,2,,0.447828,0.053199,0.498973,,240700,,
0,2,,0.164407,0.311951,0.523642,,245900,,
0,2,,0.058438,0.019879,0.921683,,233800,,
0,2,,0.200032,0.358721,0.441247,,244600,,
0,2,,0.32013,0.049603,0.630266,,241600,,
0,2,,0.177433,0.127481,0.695085,,240200,,
0,2,,0.17286,0.277282,0.549858,,241600,,
0,2,,0.22951,0.247654,0.522836,,240000,,
0,2,,0.026704,0.025666,0.94763,,231000,,
0,1,,0.076337,0.794433,0.12923,,244800,,
0,0,,0.575032,0.117367,0.307601,,256300,,
0,2,,0.277548,0.096437,0.626014,,237000,,
0,1,,0.156975,0.680456,0.162569,,238000,,
0,2,,0.26861,0.310626,0.420764,,235100,,
0,0,,0.576162,0.182879,0.24096,,256500,,
0,1,,0.113636,0.612879,0.273485,,243300,,
0,2,,0.181673,0.21658,0.601747,,237300,,
0,2,,0.142339,0.269164,0.588497,,240400,,
0,2,,0.411881,0.03616,0.551959,,256200,,
0,1,,0.229299,0.396011,0.374689,,277500,,
0,2,,0.076441,0.229817,0.693742,,258400,,
0,2,,0.045365,0.020266,0.934368,,237100,,
0,2,,0.10143,0.04815,0.85042,,252200,,
0,0,,0.772268,0.183888,0.043844,,237600,,
0,0,,0.671302,0.036348,0.292349,,237300,,
0,1,,0.028523,0.640979,0.330498,,235500,,
0,2,,0.08797,0.284148,0.627882,,234900,,
0,2,,0.09061,0.053715,0.855675,,230100,,
0,2,,0.075785,0.068809,0.855406,,242700,,
0,0,,0.562034,0.408683,0.029283,,240600,,
0,2,,0.048572,0.247669,0.703759,,237900,,
0,1,,0.104122,0.527161,0.368717,,236900,,
0,2,,0.0997,0.020223,0.880077,,238400,,
0,0,,0.368975,0.352998,0.278027,,231200,,
0,2,,0.171599,0.082165,0.746236,,241700,,
0,0,,0.706396,0.139633,0.153971,,249300,,
0,1,,0.073095,0.528651,0.398254,,236300,,
0,2,,0.340208,0.065165,0.594628,,238000,,
0,1,,0.25829,0.414982,0.326728,,247000,,
0,2,,0.099948,0.133178,0.766874,,261800,,
0,1,,0.200435,0.766611,0.032954,,238200,,
0,0,,0.677166,0.132357,0.190476,,243500,,
0,2,,0.008421,0.009063,0.982516,,233400,,
0,2,,0.144414,0.324329,0.531257,,239900,,
0,2,,0.084339,0.029318,0.886343,,233900,,
0,2,,0.104148,0.018684,0.877168,,238600,,
0,0,,0.466369,0.388723,0.144908,,237800,,
0,2,,0.107883,0.149884,0.742233,,244700,,
0,2,,0.10257,0.120306,0.777125,,245400,,
0,2,,0.34586,0.133345,0.520794,,239200,,
0,2,,0.039876,0.410805,0.54932,,244500,,
0,2,,0.221573,0.253307,0.52512,,244800,,
0,2,,0.130856,0.329649,0.539495,,238700,,
0,1,,0.114405,0.729857,0.155738,,246100,,
0,1,,0.165072,0.834928,0,,232700,,
0,1,,0.053461,0.54604,0.400499,,245900,,
0,2,,0.020764,0.027512,0.951724,,231100,,
0,2,,0.215058,0.269408,0.515534,,237200,,
0,2,,0.405867,0.045833,0.548299,,241500,,
0,0,,0.391039,0.382256,0.226705,,271300,,
0,1,,0.082512,0.704994,0.212494,,245500,,
0,2,,0.351562,0.192741,0.455697,,240200,,
0,2,,0.022284,0.380034,0.597683,,235900,,
0,1,,0.197887,0.784223,0.017891,,246400,,
0,0,,0.524219,0.192024,0.283757,,243300,,
0,1,,0.0831,0.742777,0.174123,,245600,,
0,2,,0.146462,0.029833,0.823704,,236600,,
0,0,,0.443051,0.132631,0.424318,,254300,,
0,0,,0.629023,0.355592,0.015386,,240700,,
0,2,,0.114611,0.136468,0.748921,,237900,,
0,2,,0.124106,0.366035,0.50986,,240000,,
0,0,,0.43804,0.22313,0.33883,,238100,,
0,2,,0.427369,0.024235,0.548396,,234700,,
0,2,,0.007702,0.031217,0.961081,,236700,,
0,2,,0.070285,0.195576,0.734139,,235200,,
0,2,,0.02101,0.040112,0.938879,,232300,,
0,2,,0.452143,0.083929,0.463929,,241500,,
0,0,,0.737371,0.082489,0.18014,,235900,,
0,2,,0.329713,0.052306,0.617981,,235900,,
0,2,,0.021469,0.072689,0.905842,,238100,,
0,2,,0.256921,0.049708,0.693371,,244600,,
0,1,,0.43586,0.498426,0.065714,,244300,,
0,0,,0.78038,0.079941,0.13968,,235300,,
0,2,,0.099666,0.447924,0.45241,,231500,,
0,1,,0.291705,0.459961,0.248334,,241300,,
0,0,,0.881752,0.058333,0.059915,,235100,,
0,2,,0.066513,0.413201,0.520286,,234600,,
0,2,,0.141699,0.204598,0.653704,,243600,,
0,2,,0.07118,0.074935,0.853885,,237000,,
0,0,,0.625,0.2,0.175,,245200,,
0,0,,0.654673,0.10268,0.242647,,247700,,
0,0,,0.746786,0.177619,0.075595,,240000,,
0,0,,0.421018,0.342955,0.236027,,247100,,
0,2,,0.326621,0.095182,0.578198,,266300,,
0,2,,0.322338,0.1429,0.534762,,274600,,
0,1,,0.039085,0.857861,0.103054,,254100,,
0,0,,0.442739,0.225003,0.332258,,273500,,
0,2,,0.129816,0.071304,0.79888,,243100,,
0,2,,0.250811,0.030292,0.718898,,241800,,
0,2,,0.270136,0.322725,0.407139,,241400,,
0,0,,0.406605,0.306859,0.286536,,270400,,
0,2,,0.367671,0.103482,0.528847,,235300,,
0,2,,0.044156,0.212083,0.743761,,238800,,
0,0,,0.426366,0.292301,0.281332,,243600,,
0,2,,0.065379,0.245351,0.68927,,242200,,
0,0,,0.527273,0.377727,0.095,,239800,,
0,2,,0.068678,0.018972,0.912351,,227400,,
0,2,,0.225301,0.05433,0.720369,,238900,,
0,2,,0.056419,0.044551,0.89903,,240400,,
0,1,,0.309214,0.657453,0.033333,,237200,,
0,2,,0.053889,0.315929,0.630182,,235400,,
0,2,,0.083617,0.031882,0.884501,,243800,,
0,2,,0.217204,0.215967,0.566829,,248900,,
0,2,,0.162591,0.139582,0.697827,,248400,,
0,1,,0.081359,0.888863,0.029778,,233800,,
0,2,,0.178111,0.07497,0.746919,,241100,,
0,2,,0.402293,0.046621,0.551086,,239000,,
0,2,,0.238566,0.149507,0.611927,,241900,,
0,0,,0.403869,0.326726,0.269405,,232100,,
0,2,,0.138065,0.062409,0.799527,,229200,,
0,1,,0.293194,0.670803,0.036003,,239000,,
0,0,,0.797195,0.013393,0.189412,,242600,,
0,0,,0.449242,0.257008,0.29375,,242300,,
0,2,,0.018286,0.24719,0.734525,,231600,,
0,0,,0.545938,0.21936,0.234701,,244500,,
0,2,,0.174175,0.085416,0.740409,,254200,,
0,1,,0.249702,0.666369,0.083929,,233400,,
0,2,,0.060877,0.469347,0.469776,,237500,,
0,1,,0.343718,0.517668,0.138614,,242700,,
0,2,,0.142357,0.102758,0.754885,,250100,,
0,2,,0.261933,0.131923,0.606144,,236000,,
0,2,,0.114825,0.027518,0.857657,,232600,,
0,2,,0.04593,0.129078,0.824991,,239700,,
0,2,,0.011387,0.402013,0.5866,,242800,,
0,2,,0.121313,0.303474,0.575213,,244800,,
0,0,,0.67291,0.186521,0.140569,,237900,,
0,2,,0.255886,0.291174,0.45294,,239700,,
0,1,,0.259091,0.405404,0.335505,,238900,,
0,0,,0.459947,0.192776,0.347278,,239600,,
0,0,,0.518334,0.242133,0.239533,,241600,,
0,2,,0.045204,0.314797,0.639999,,240300,,
0,2,,0.260592,0.056218,0.683189,,236200,,
0,0,,0.671315,0.098665,0.230021,,238200,,
0,0,,0.604396,0.245604,0.15,,238500,,
0,0,,0.553807,0.31158,0.134613,,235300,,
0,2,,0.1688,0.091522,0.739678,,241500,,
0,2,,0.002242,0.194388,0.80337,,239000,,
0,2,,0.168577,0.232742,0.598681,,235700,,
0,1,,0.060585,0.658936,0.280479,,238500,,
0,0,,0.64973,0.213197,0.137072,,234900,,
0,1,,0.331021,0.494893,0.174086,,243800,,
0,0,,0.448684,0.174301,0.377015,,236200,,
0,1,,0.169291,0.524554,0.306155,,242600,,
0,1,,0.247712,0.663122,0.089165,,246900,,
0,1,,0.228948,0.405035,0.366017,,260900,,
0,2,,0.016114,0.126055,0.857831,,235000,,
0,1,,0.364159,0.627627,0.008214,,238700,,
0,1,,0.198792,0.453588,0.34762,,237300,,
0,1,,0.189411,0.499109,0.31148,,257600,,
0,0,,0.570589,0.187215,0.242196,,271100,,
0,2,,0.040455,0.206712,0.752833,,268100,,
0,1,,0.242348,0.665342,0.09231,,257600,,
0,2,,0.119925,0.259724,0.620351,,254400,,
0,2,,0.041994,0.045211,0.912794,,238300,,
0,1,,0.176328,0.519041,0.304631,,237000,,
0,0,,0.588891,0.202149,0.208959,,234800,,
0,2,,0.196364,0.053318,0.750318,,247000,,
0,2,,0.122835,0.236374,0.640791,,241200,,
0,2,,0.138055,0.280114,0.581832,,235500,,
0,2,,0.063565,0.113858,0.822577,,228900,,
0,2,,0.018814,0.019798,0.961388,,235600,,
0,0,,0.524041,0.422519,0.053439,,254300,,
0,1,,0.317175,0.672372,0.010453,,236400,,
0,2,,0.248373,0.2679,0.483727,,238300,,
0,1,,0.184256,0.560116,0.255628,,246300,,
0,2,,0.177025,0.336159,0.486817,,249800,,
0,2,,0.092083,0.442402,0.465515,,244300,,
0,2,,0.172964,0.036781,0.790255,,235100,,
0,2,,0.085799,0.414692,0.499509,,243000,,
0,2,,0.052738,0.028777,0.918485,,246000,,
0,0,,0.733953,0.133148,0.132899,,243700,,
0,2,,0.266853,0.348571,0.384576,,242900,,
0,2,,0.15148,0.174583,0.673936,,256700,,
0,2,,0.041573,0.035937,0.92249,,233500,,
0,2,,0.192737,0.132079,0.675184,,234600,,
0,2,,0.196668,0.350777,0.452554,,239100,,
0,2,,0.007931,0.007374,0.984695,,228800,,
0,1,,0.36973,0.430782,0.199488,,304500,,
0,0,,0.497787,0.471102,0.031111,,335900,,
0,2,,0.185456,0.168682,0.645862,,310000,,
0,1,,0.232543,0.647413,0.120043,,300000,,
0,0,,0.695591,0.043611,0.260798,,262600,,
0,1,,0.160629,0.640856,0.198515,,258300,,
0,2,,0.342006,0.243071,0.414923,,325500,,
0,2,,0.062531,0.225433,0.712036,,250300,,
0,1,,0.179948,0.630447,0.189605,,245500,,
0,1,,0.346291,0.410326,0.243383,,247700,,
0,0,,0.788214,0.135,0.076786,,252000,,
0,2,,0.039321,0.127082,0.833597,,252300,,
0,2,,0.313836,0.020187,0.665977,,235900,,
0,1,,0.211312,0.547736,0.240952,,246000,,
0,2,,0.147327,0.13561,0.717062,,248000,,
0,2,,0.024846,0.013485,0.961669,,232700,,
0,2,,0.114502,0.058857,0.826641,,238500,,
0,0,,0.757379,0.144894,0.097727,,240700,,
0,2,,0.086487,0.210693,0.70282,,234800,,
0,0,,0.580072,0.01144,0.408488,,247100,,
0,1,,0.058261,0.827452,0.114287,,241600,,
0,2,,0.272038,0.25892,0.469042,,257300,,
0,2,,0.07917,0.289876,0.630954,,270000,,
0,2,,0.140791,0.383261,0.475948,,255600,,
0,2,,0.029038,0.130205,0.840757,,249800,,
0,1,,0.100212,0.457217,0.442571,,246400,,
0,1,,0.119433,0.707923,0.172644,,248900,,
0,1,,0.404608,0.43273,0.162662,,246100,,
0,2,,0.109551,0.067352,0.823097,,231800,,
0,1,,0.413488,0.514235,0.072276,,245000,,
0,0,,0.940909,0.029091,0.03,,240200,,
0,1,,0.17967,0.536859,0.283471,,239400,,
0,0,,0.594745,0.186291,0.218964,,235300,,
0,1,,0.325502,0.438941,0.235557,,245100,,
0,1,,0.008254,0.599418,0.392328,,237900,,
0,0,,0.475383,0.152072,0.372545,,287400,,
0,2,,0.160844,0.008206,0.83095,,262200,,
0,2,,0.164016,0.024712,0.811272,,267700,,
0,2,,0.10436,0.050897,0.844744,,243000,,
0,2,,0.037251,0.045539,0.91721,,242500,,
0,2,,0.025452,0.151635,0.822914,,239200,,
0,1,,0.384469,0.49984,0.115691,,248200,,
0,2,,0.250752,0.196931,0.552317,,245500,,
0,2,,0.200077,0.053659,0.746264,,238500,,
0,1,,0.050661,0.531573,0.417766,,241100,,
0,2,,0.232797,0.063515,0.703689,,232600,,
0,1,,0.347909,0.559177,0.092914,,241400,,
0,2,,0.179812,0.029049,0.79114,,245100,,
0,1,,0.121326,0.64545,0.233225,,249000,,
0,1,,0.106807,0.728638,0.164555,,255000,,
0,0,,0.450168,0.240412,0.30942,,288200,,
0,2,,0.242556,0.092673,0.66477,,284000,,
0,0,,0.493096,0.119979,0.386926,,273900,,
0,2,,0.256081,0.088586,0.655333,,250800,,
0,1,,0.060872,0.608899,0.330228,,249000,,
0,2,,0.036812,0.284379,0.678809,,253900,,
0,2,,0.116008,0.131633,0.752359,,243500,,
0,0,,0.820997,0.165538,0.013465,,244000,,
0,2,,0.3442,0.031003,0.624797,,246200,,
0,2,,0.203848,0.052271,0.743881,,253100,,
0,0,,0.711094,0.197512,0.091394,,238700,,
0,1,,0.176326,0.754167,0.069508,,243900,,
0,0,,0.456152,0.344335,0.199513,,246500,,
0,0,,0.598553,0.220544,0.180903,,247600,,
0,1,,0.232004,0.696943,0.071054,,237500,,
0,1,,0.036284,0.503722,0.459995,,244100,,
0,2,,0.061771,0.268865,0.669365,,242000,,
0,0,,0.681916,0.134667,0.183417,,243800,,
0,2,,0.077385,0.352952,0.569662,,238300,,
0,1,,0.185868,0.661095,0.153037,,235000,,
0,2,,0.073771,0.030912,0.895316,,240300,,
0,0,,0.36336,0.363019,0.273621,,239900,,
0,0,,0.664176,0.076538,0.259286,,240900,,
0,2,,0.181895,0.259444,0.558661,,243900,,
0,1,,0.148235,0.620863,0.230902,,239600,,
0,2,,0.039435,0.017471,0.943094,,235900,,
0,1,,0.062644,0.515456,0.4219,,241100,,
0,2,,0.006016,0.417984,0.576,,251800,,
0,1,,0.050903,0.537672,0.411425,,270400,,
0,2,,0.107797,0.155931,0.736272,,245400,,
0,2,,0.053588,0.247436,0.698976,,235500,,
0,1,,0.365467,0.605452,0.029081,,244200,,
0,2,,0.014508,0.079076,0.906416,,233000,,
0,1,,0.163664,0.438256,0.39808,,241300,,
0,2,,0.372387,0.038642,0.588971,,238200,,
0,0,,0.660654,0.141536,0.197811,,250300,,
0,2,,0.43301,0.133824,0.433166,,240000,,
0,0,,0.658833,0.053333,0.287834,,244600,,
0,0,,0.707885,0.074772,0.217343,,243200,,
0,1,,0.122566,0.458776,0.418658,,243300,,
0,1,,0.030823,0.592813,0.376364,,236700,,
0,2,,0.214415,0.114768,0.670817,,238800,,
0,2,,0.173981,0.359279,0.466741,,236100,,
0,1,,0.277249,0.371502,0.351249,,246700,,
0,2,,0.372252,0.229321,0.398426,,234700,,
0,2,,0.006437,0.040972,0.952591,,238200,,
0,0,,0.790428,0.200228,0.009344,,256400,,
0,2,,0.104167,0.386794,0.509039,,242100,,
0,2,,0.046792,0.140831,0.812377,,236900,,
0,2,,0.025384,0.009254,0.965362,,235100,,
0,1,,0.343333,0.534286,0.122381,,246700,,
0,2,,0.358095,0.278651,0.363254,,237200,,
0,2,,0.025239,0.405054,0.569707,,240900,,
0,0,,0.654947,0.163288,0.181765,,235500,,
0,2,,0.035967,0.166671,0.797362,,235700,,
0,2,,0.164386,0.03791,0.797704,,238500,,
0,1,,0.302069,0.444543,0.253388,,253700,,
0,1,,0.236123,0.553992,0.209885,,257400,,
0,2,,0.295345,0.176421,0.528234,,245400,,
0,2,,0.102602,0.087557,0.809841,,267200,,
0,0,,0.651541,0.128897,0.219562,,277500,,
0,0,,0.60197,0.082121,0.315909,,254200,,
0,2,,0.231024,0.170617,0.59836,,243100,,
0,1,,0.074985,0.633565,0.291451,,244500,,
0,0,,0.423762,0.2217,0.354537,,239400,,
0,0,,0.573017,0.323036,0.103947,,245400,,
0,2,,0.40598,0.045123,0.548897,,236400,,
0,2,,0.1146,0.261353,0.624048,,239800,,
0,1,,0.057144,0.598376,0.34448,,242400,,
0,0,,0.579167,0.1,0.320833,,240600,,
0,0,,0.734123,0.04475,0.221127,,253000,,
0,1,,0.411645,0.518324,0.070031,,244000,,
0,2,,0.042528,0.149297,0.808175,,239400,,
0,2,,0.036731,0.121584,0.841686,,235100,,
0,2,,0.080037,0.22641,0.693553,,269400,,
0,2,,0.355191,0.043903,0.600905,,243300,,
0,2,,0.166972,0.029358,0.80367,,245300,,
0,2,,0.11304,0.211911,0.675049,,231100,,
0,2,,0.044924,0.017075,0.938001,,236500,,
0,0,,0.480518,0.066681,0.4528,,235500,,
0,2,,0.259755,0.290701,0.449544,,233700,,
0,2,,0.011021,0.009023,0.979956,,227700,,
0,2,,0.222937,0.014449,0.762614,,235600,,
0,0,,0.511149,0.462958,0.025893,,237400,,
0,0,,0.545676,0.421231,0.033093,,245800,,
0,2,,0.344327,0.159882,0.495791,,253600,,
0,2,,0.238651,0.150238,0.611111,,245200,,
0,0,,0.804336,0.0525,0.143164,,243800,,
0,0,,0.537514,0.056479,0.406007,,234000,,
0,2,,0.027144,0.199188,0.773667,,238600,,
0,2,,0.306598,0.109157,0.584246,,241300,,
0,2,,0.012784,0.075149,0.912067,,244000,,
0,2,,0.133741,0.229141,0.637118,,241800,,
0,2,,0.448674,0.076172,0.475154,,243700,,
0,2,,0.121812,0.208333,0.669855,,235300,,
0,2,,0.278269,0.182326,0.539405,,242200,,
0,0,,0.734444,0.044722,0.220833,,237400,,
0,1,,0.123903,0.809055,0.067042,,235900,,
0,2,,0.244048,0.160726,0.595226,,247300,,
0,2,,0.112076,0.023643,0.864281,,238900,,
0,2,,0.010286,0.015836,0.973878,,231700,,
0,2,,0.029027,0.009226,0.961747,,231800,,
0,2,,0.268645,0.072618,0.658737,,243900,,
0,1,,0.008858,0.834391,0.156751,,240000,,
0,1,,0.097706,0.80621,0.096084,,243300,,
0,0,,0.407222,0.223571,0.369206,,246200,,
0,1,,0.303059,0.684278,0.012662,,230700,,
0,2,,0.02264,0.017249,0.960111,,277700,,
0,2,,0.050616,0.11601,0.833374,,237400,,
0,2,,0.047824,0.005267,0.946909,,228000,,
0,0,,0.609935,0.333876,0.056189,,238700,,
0,2,,0.048677,0.007509,0.943814,,226700,,
0,1,,0.324856,0.391563,0.283581,,247300,,
0,2,,0.037595,0.046055,0.91635,,242700,,
0,2,,0.186477,0.156916,0.656607,,248900,,
0,1,,0.325278,0.355733,0.31899,,240700,,
0,1,,0.227721,0.397861,0.374418,,237900,,
0,2,,0.17185,0.153288,0.674862,,242700,,
0,2,,0.267101,0.218175,0.514724,,244100,,
0,2,,0.076314,0.206011,0.717675,,241200,,
0,2,,0.135606,0.239331,0.625063,,240200,,
0,2,,0.09705,0.209661,0.693289,,230000,,
0,1,,0.223485,0.514141,0.262374,,241000,,
0,2,,0.044096,0.245464,0.710441,,238800,,
0,2,,0.069431,0.148182,0.782388,,237200,,
0,2,,0.072092,0.0792,0.848708,,260400,,
0,0,,0.509583,0.03954,0.450876,,269700,,
0,1,,0.268305,0.534875,0.19682,,261000,,
0,2,,0.047964,0.037583,0.914454,,238000,,
0,1,,0.376429,0.451905,0.171667,,247400,,
0,1,,0.296768,0.537424,0.165808,,241000,,
0,1,,0.107907,0.611203,0.28089,,241500,,
0,2,,0.236006,0.12871,0.635284,,245900,,
0,1,,0.419812,0.481758,0.09843,,251200,,
0,2,,0.028336,0.267015,0.70465,,239100,,
0,0,,0.473572,0.222084,0.304344,,243100,,
0,1,,0.317367,0.447911,0.234722,,246300,,
0,1,,0.124925,0.813344,0.061731,,245900,,
0,2,,0.066143,0.247605,0.686251,,239500,,
0,2,,0.059548,0.37738,0.563072,,237800,,
0,2,,0.104728,0.213359,0.681914,,251300,,
0,1,,0.075916,0.502662,0.421422,,258200,,
0,2,,0.107115,0.311577,0.581308,,252800,,
0,2,,0.037613,0.04288,0.919507,,234200,,
0,0,,0.506046,0.064167,0.429788,,244500,,
0,1,,0.287023,0.581539,0.131438,,241200,,
0,2,,0.168573,0.333849,0.497578,,245400,,
0,2,,0.151153,0.413132,0.435715,,238700,,
0,1,,0.174091,0.554394,0.271515,,245900,,
0,2,,0.142742,0.04185,0.815408,,242700,,
0,1,,0.13734,0.840224,0.022436,,237000,,
0,0,,0.740333,0.205833,0.053833,,242800,,
0,2,,0.261653,0.336899,0.401447,,240800,,
0,2,,0.148596,0.049591,0.801813,,246900,,
0,2,,0.165121,0.043036,0.791843,,237800,,
0,1,,0.396296,0.524656,0.079048,,238900,,
0,1,,0.11992,0.59448,0.2856,,232900,,
0,0,,0.510922,0.250277,0.238801,,248500,,
0,0,,0.716216,0.080834,0.20295,,235800,,
0,0,,0.354167,0.309167,0.336667,,239000,,
0,2,,0.084089,0.355527,0.560385,,235200,,
0,2,,0.182882,0.133539,0.68358,,238400,,
0,2,,0.029541,0.380092,0.590367,,241200,,
0,2,,0.349311,0.1109,0.539789,,246300,,
0,2,,0.033237,0.022178,0.944585,,232400,,
0,1,,0.031854,0.744023,0.224123,,240100,,
0,2,,0.13888,0.315137,0.545983,,234000,,
0,2,,0.243202,0.034185,0.722612,,237200,,
0,2,,0.214773,0.311742,0.473485,,238300,,
0,2,,0.158448,0.132136,0.709416,,269000,,
0,2,,0.042403,0.053077,0.90452,,242500,,
0,2,,0.048185,0.06883,0.882985,,249500,,
0,2,,0.275567,0.248649,0.475784,,234700,,
0,0,,0.636187,0.18406,0.179753,,245200,,
0,2,,0.023513,0.027329,0.949157,,235600,,
0,2,,0.310952,0.33619,0.352857,,243800,,
0,0,,0.553175,0.03118,0.415645,,235900,,
0,1,,0.172341,0.563911,0.263748,,242800,,
0,2,,0.151666,0.319539,0.528795,,239000,,
0,0,,0.707692,0.275641,0.016667,,233800,,
0,2,,0.181724,0.07448,0.743797,,232100,,
0,2,,0.067284,0.13022,0.802497,,238200,,
0,2,,0.255648,0.216349,0.528003,,238500,,
0,2,,0.291095,0.082627,0.626278,,238500,,
0,0,,0.465695,0.441297,0.093008,,245000,,
0,2,,0.355028,0.191971,0.453002,,233900,,
0,2,,0.026009,0.401908,0.572083,,244800,,
0,1,,0.217549,0.527451,0.255,,237200,,
0,2,,0.108089,0.230696,0.661215,,238000,,
0,0,,0.419574,0.203707,0.376719,,238900,,
0,1,,0.148451,0.803185,0.048364,,244500,,
0,0,,0.403032,0.20055,0.396418,,270700,,
0,2,,0.062545,0.127794,0.809661,,269100,,
0,2,,0.121884,0.206591,0.671525,,259200,,
0,1,,0.27464,0.36531,0.36005,,244000,,
0,2,,0.269236,0.133587,0.597177,,242300,,
0,0,,0.362902,0.297879,0.339219,,243800,,
0,0,,0.687086,0.19151,0.121405,,235200,,
0,2,,0.047283,0.315967,0.63675,,236300,,
0,0,,0.523142,0.179268,0.29759,,259600,,
0,0,,0.471861,0.24881,0.279329,,252500,,
0,1,,0.24679,0.404266,0.348944,,242700,,
0,2,,0.031619,0.225734,0.742647,,236700,,
0,2,,0.202689,0.222215,0.575096,,232700,,
0,1,,0.223355,0.470196,0.306449,,242900,,
0,1,,0.065906,0.721305,0.212789,,238400,,
0,0,,0.703527,0.048031,0.248441,,274500,,
0,0,,0.510826,0.234006,0.255168,,251000,,
0,1,,0.026267,0.584076,0.389657,,237400,,
0,2,,0.118317,0.106828,0.774855,,235700,,
0,1,,0.064519,0.575836,0.359645,,242300,,
0,2,,0.291791,0.053439,0.65477,,239800,,
0,2,,0.08385,0.040376,0.875774,,244000,,
0,1,,0.191191,0.728359,0.08045,,241700,,
0,2,,0.260648,0.33587,0.403482,,248200,,
0,2,,0.017427,0.074736,0.907836,,233900,,
0,0,,0.40686,0.260246,0.332895,,242200,,
0,1,,0.134772,0.599236,0.265992,,238800,,
0,1,,0.030579,0.551736,0.417685,,250000,,
0,2,,0.18689,0.033756,0.779354,,246900,,
0,1,,0.298497,0.598054,0.103448,,236200,,
0,1,,0.082678,0.670055,0.247267,,234300,,
0,0,,0.597083,0.223075,0.179841,,242300,,
0,2,,0.074496,0.073791,0.851713,,240100,,
0,1,,0.125228,0.716946,0.157826,,248000,,
0,1,,0.215204,0.749468,0.035327,,248200,,
0,1,,0.200814,0.60351,0.195676,,238500,,
0,2,,0.035703,0.128739,0.835557,,242200,,
0,2,,0.062318,0.121482,0.8162,,248000,,
0,2,,0.337982,0.146305,0.515713,,234900,,
0,0,,0.532767,0.199122,0.268111,,239100,,
0,1,,0.306133,0.515007,0.17886,,247500,,
0,2,,0.249558,0.297327,0.453115,,239200,,
0,2,,0.385147,0.120992,0.49386,,242500,,
0,1,,0.347883,0.479033,0.173084,,242700,,
0,0,,0.709235,0.069841,0.220924,,250600,,
0,0,,0.465551,0.320904,0.213546,,245500,,
0,0,,0.537405,0.212009,0.250586,,235200,,
0,2,,0.221982,0.02767,0.750348,,236900,,
0,2,,0.212434,0.088968,0.698597,,241000,,
0,2,,0.087505,0.110748,0.801747,,241300,,
0,0,,0.595901,0.310885,0.093214,,236300,,
0,2,,0.35354,0.041439,0.605021,,238000,,
0,1,,0.175833,0.757614,0.066552,,246300,,
0,1,,0.369491,0.614678,0.015831,,241800,,
0,0,,0.496873,0.267483,0.235644,,241200,,
0,2,,0.070633,0.381405,0.547962,,235500,,
0,2,,0.098484,0.196682,0.704834,,239400,,
0,0,,0.564843,0.051515,0.383642,,235900,,
0,1,,0.267915,0.537117,0.194968,,246300,,
0,0,,0.722576,0.157424,0.12,,239000,,
0,1,,0.249829,0.473478,0.276692,,247400,,
0,1,,0.073436,0.585322,0.341242,,236900,,
0,0,,0.47682,0.468067,0.055113,,242800,,
0,2,,0.057488,0.036522,0.905991,,234400,,
0,0,,0.532381,0.22254,0.245079,,237300,,
0,0,,0.491937,0.202118,0.305945,,253700,,
0,0,,0.579392,0.006216,0.414392,,239300,,
0,1,,0.4125,0.577383,0.010117,,239700,,
0,1,,0.295533,0.649142,0.055324,,240200,,
0,2,,0.246417,0.086803,0.66678,,237200,,
0,2,,0.055179,0.201992,0.742829,,234700,,
0,2,,0.13098,0.413884,0.455137,,240800,,
0,2,,0.38417,0.151639,0.46419,,240800,,
0,1,,0.089009,0.647365,0.263627,,247300,,
0,2,,0.331828,0.018393,0.649779,,273500,,
0,2,,0.22706,0.230918,0.542023,,260900,,
0,0,,0.407063,0.220952,0.371984,,260700,,
0,2,,0.1983,0.13961,0.66209,,248600,,
0,2,,0.367459,0.038787,0.593754,,242600,,
0,2,,0.082356,0.166391,0.751254,,247600,,
0,0,,0.865238,0.03365,0.101112,,237400,,
0,2,,0.059038,0.257464,0.683497,,245300,,
0,2,,0.22619,0.107354,0.666456,,235200,,
0,2,,0.475644,0.045758,0.478598,,237200,,
0,1,,0.188686,0.519055,0.29226,,243600,,
0,2,,0.131144,0.264188,0.604668,,246500,,
0,2,,0.121782,0.431343,0.446875,,236500,,
0,0,,0.446425,0.431312,0.122262,,249700,,
0,2,,0.097399,0.278901,0.6237,,241200,,
0,2,,0.189164,0.158137,0.652699,,240600,,
0,2,,0.120232,0.044482,0.835286,,233100,,
0,2,,0.094398,0.285026,0.620576,,238600,,
0,2,,0.28815,0.291672,0.420179,,236800,,
0,1,,0.294166,0.601498,0.104336,,239800,,
0,2,,0.120834,0.36255,0.516616,,266300,,
0,0,,0.703633,0.290811,0.005556,,242400,,
0,1,,0.331225,0.488085,0.18069,,245800,,
0,2,,0.045278,0.059616,0.895106,,239800,,
0,1,,0.093696,0.53658,0.369724,,241700,,
0,1,,0.191084,0.48235,0.326566,,246800,,
0,1,,0.129982,0.524055,0.345963,,238200,,
0,1,,0.136962,0.714582,0.148456,,244100,,
0,2,,0.333508,0.05179,0.614702,,246000,,
0,2,,0.023827,0.320286,0.655888,,233800,,
0,0,,0.519526,0.097341,0.383133,,240700,,
0,2,,0.090344,0.171099,0.738557,,242100,,
0,0,,0.630518,0.091681,0.2778,,245400,,
0,2,,0.283276,0.197495,0.51923,,242000,,
0,2,,0.084095,0.167156,0.748749,,238500,,
0,2,,0.040538,0.055845,0.903617,,232800,,
0,1,,0.006897,0.760057,0.233047,,234600,,
0,1,,0.368779,0.549988,0.081233,,241700,,
0,2,,0.100789,0.338693,0.560518,,238000,,
0,2,,0.343647,0.123824,0.53253,,243500,,
0,2,,0.261294,0.223868,0.514837,,241000,,
0,2,,0.045376,0.029499,0.925125,,232800,,
0,0,,0.553889,0.269702,0.176409,,241500,,
0,2,,0.024784,0.128123,0.847092,,234700,,
0,0,,0.732459,0.224025,0.043516,,240400,,
0,2,,0.222984,0.039501,0.737515,,239700,,
0,2,,0.186391,0.207543,0.606065,,233800,,
0,2,,0.099751,0.269454,0.630795,,238400,,
0,1,,0.252917,0.69875,0.048333,,258600,,
0,0,,0.486807,0.12987,0.383324,,249000,,
0,2,,0.131574,0.064442,0.803984,,239200,,
0,1,,0.138642,0.833814,0.027544,,239800,,
0,2,,0.044495,0.150506,0.804999,,242600,,
0,2,,0.216723,0.115752,0.667525,,245400,,
0,2,,0.224418,0.155856,0.619726,,238300,,
0,1,,0.193369,0.662454,0.144177,,242600,,
0,2,,0.042002,0.251339,0.706659,,238500,,
0,1,,0.138313,0.740854,0.120833,,236900,,
0,2,,0.159649,0.406378,0.433973,,239100,,
0,0,,0.459801,0.306163,0.234035,,241100,,
0,1,,0.164627,0.65907,0.176303,,246800,,
0,2,,0.294408,0.09716,0.608432,,234700,,
0,0,,0.443915,0.170898,0.385187,,243800,,
0,2,,0.215245,0.283928,0.500828,,237800,,
0,0,,0.66189,0.12564,0.21247,,241000,,
0,2,,0.052633,0.10853,0.838837,,257700,,
0,2,,0.185889,0.22467,0.589441,,275200,,
0,2,,0.341716,0.165412,0.492872,,267500,,
0,2,,0.2928,0.070227,0.636973,,258300,,
0,1,,0.198651,0.596114,0.205235,,245800,,
0,2,,0.128861,0.213709,0.657431,,239800,,
0,0,,0.767801,0.103571,0.128628,,240500,,
0,0,,0.392382,0.222423,0.385195,,242300,,
0,1,,0.138152,0.498801,0.363047,,302000,,
0,1,,0.311903,0.619559,0.068539,,251200,,
0,0,,0.685057,0.147457,0.167485,,243200,,
0,2,,0.052757,0.020496,0.926747,,257000,,
0,2,,0.010932,0.148732,0.840336,,259400,,
0,2,,0.094891,0.183355,0.721754,,246300,,
0,1,,0.331731,0.523043,0.145226,,246100,,
0,1,,0.060618,0.740688,0.198694,,242500,,
0,0,,0.417519,0.173061,0.40942,,243000,,
0,2,,0.296725,0.220259,0.483016,,248300,,
0,1,,0.098889,0.620549,0.280563,,240600,,
0,1,,0.251806,0.631614,0.11658,,250300,,
0,1,,0.341559,0.346368,0.312073,,239700,,
0,2,,0.172195,0.257734,0.570071,,238300,,
0,0,,0.423626,0.345059,0.231315,,247200,,
0,1,,0.035007,0.512347,0.452646,,244900,,
0,2,,0.344086,0.113255,0.542659,,269100,,
0,1,,0.200749,0.402417,0.396834,,238000,,
0,2,,0.125538,0.077353,0.797109,,229700,,
0,2,,0.293784,0.214448,0.491767,,235600,,
0,0,,0.488152,0.304348,0.2075,,255900,,
0,1,,0.40497,0.549408,0.045622,,247700,,
0,2,,0.125129,0.078148,0.796724,,238600,,
0,2,,0.136699,0.191054,0.672247,,233200,,
0,1,,0.118187,0.843678,0.038135,,241600,,
0,2,,0.331427,0.137272,0.5313,,234400,,
0,2,,0.345186,0.308199,0.346614,,248600,,
0,2,,0.173146,0.190689,0.636165,,237500,,
0,0,,0.42017,0.161539,0.418291,,241400,,
0,0,,0.499381,0.105971,0.394647,,239500,,
0,1,,0.293402,0.357723,0.348874,,238000,,
0,2,,0.113973,0.089287,0.79674,,233100,,
0,2,,0.139554,0.090714,0.769732,,254500,,
0,2,,0.239875,0.018051,0.742074,,237000,,
0,1,,0.245884,0.380303,0.373813,,248100,,
0,2,,0.259548,0.321237,0.419214,,241300,,
0,2,,0.032548,0.028446,0.939006,,237900,,
0,2,,0.078071,0.041359,0.88057,,233800,,
0,0,,0.528347,0.1544,0.317253,,233000,,
0,2,,0.176814,0.028385,0.794801,,241800,,
0,2,,0.201006,0.016818,0.782176,,240600,,
0,1,,0.057394,0.523659,0.418947,,241100,,
0,0,,0.623037,0.17401,0.202953,,237600,,
0,2,,0.164239,0.042129,0.793632,,237400,,
0,2,,0.236266,0.348692,0.415041,,239000,,
0,0,,0.684843,0.141423,0.173734,,239000,,
0,1,,0.401667,0.551667,0.046667,,244200,,
0,0,,0.641667,0.247222,0.111111,,241600,,
0,2,,0.204566,0.308155,0.48728,,229300,,
0,1,,0.341035,0.467652,0.191313,,244500,,
0,2,,0.033201,0.160178,0.806621,,244400,,
0,1,,0.276958,0.366372,0.356671,,234600,,
0,0,,0.513277,0.450915,0.035808,,245900,,
0,2,,0.054375,0.451708,0.493917,,241800,,
0,2,,0.041604,0.037915,0.920481,,231400,,
0,1,,0.384885,0.419156,0.19596,,244700,,
0,0,,0.446471,0.388936,0.164593,,241900,,
0,2,,0.215983,0.205732,0.578285,,247800,,
0,1,,0.074244,0.681025,0.24473,,258500,,
0,0,,0.667985,0.231404,0.100611,,275100,,
0,0,,0.506975,0.405208,0.087816,,275200,,
0,1,,0.343373,0.572855,0.083772,,262800,,
0,2,,0.063522,0.028898,0.90758,,241500,,
0,0,,0.511663,0.214155,0.274182,,240000,,
0,2,,0.231804,0.119043,0.649152,,239200,,
0,1,,0.170734,0.724189,0.105077,,250500,,
0,2,,0.276775,0.081097,0.642128,,1188000,,
0,0,,0.587526,0.118264,0.29421,,560200,,
0,2,,0.186632,0.133091,0.680277,,376200,,
0,2,,0.222718,0.05023,0.727052,,369800,,
0,0,,0.602011,0.234655,0.163333,,431800,,
0,2,,0.16045,0.05062,0.78893,,349700,,
0,0,,0.372886,0.310723,0.316391,,333900,,
0,2,,0.079784,0.253671,0.666545,,267100,,
0,0,,0.50132,0.252686,0.245994,,255400,,
0,2,,0.311627,0.320425,0.367948,,238300,,
0,0,,0.578319,0.246764,0.174917,,242500,,
0,2,,0.263736,0.12341,0.612854,,237500,,
0,2,,0.03662,0.080223,0.883158,,233400,,
0,2,,0.387658,0.042704,0.569637,,242400,,
0,2,,0.146949,0.082469,0.770582,,359200,,
0,0,,0.492143,0.24354,0.264317,,247300,,
0,1,,0.086465,0.632143,0.281392,,239300,,
0,2,,0.166226,0.369165,0.464609,,245100,,
0,2,,0.074698,0.086833,0.838469,,243900,,
0,2,,0.162562,0.037179,0.80026,,275000,,
0,2,,0.009576,0.07255,0.917874,,229900,,
