connect-4,NBayes,test,3,NANOSECONDS,PREDICTIONS, Generated by ClassifierExperiments.java on 2022-05-16 15:32:36.    SYSTEMPROPERTIES:{user.name:matth,os.arch:amd64,os.name:Windows 10},ENDSYSTEMPROPERTIES
No parameter info
0.8360716400236826,345722442000,3550112300,-1,249792920,3,,-1,-1
0,0,,0.374885,0.25925,0.365865,,721500,,
0,0,,0.709393,0.252787,0.03782,,325700,,
0,2,,0.02476,0.353564,0.621676,,339300,,
0,1,,0.391429,0.577619,0.030952,,329200,,
0,1,,0.192255,0.655694,0.152051,,278200,,
0,1,,0.262122,0.472958,0.26492,,280900,,
0,2,,0.041929,0.406993,0.551079,,302100,,
0,2,,0.462519,0.050146,0.487334,,408500,,
0,1,,0.397301,0.473532,0.129167,,314800,,
0,2,,0.135397,0.291313,0.57329,,326200,,
0,1,,0.123076,0.6317,0.245224,,282600,,
0,2,,0.111403,0.10811,0.780487,,320000,,
0,2,,0.128576,0.015379,0.856045,,292200,,
0,2,,0.45039,0.072142,0.477468,,280100,,
0,1,,0.132263,0.521793,0.345944,,263500,,
0,2,,0.063781,0.026377,0.909841,,253100,,
0,1,,0.318077,0.459155,0.222768,,279700,,
0,1,,0.109286,0.767457,0.123258,,259900,,
0,2,,0.033612,0.014054,0.952334,,250600,,
0,0,,0.906457,0.022873,0.07067,,260100,,
0,2,,0.13447,0.079758,0.785773,,252700,,
0,2,,0.063106,0.119525,0.817368,,256500,,
0,2,,0.37012,0.206716,0.423164,,289400,,
0,1,,0.018008,0.942025,0.039967,,256100,,
0,2,,0.122343,0.406603,0.471054,,264000,,
0,1,,0.261188,0.656971,0.081842,,262000,,
0,2,,0.012303,0.310358,0.677339,,287100,,
0,1,,0.352893,0.373318,0.273788,,275200,,
0,1,,0.109055,0.701984,0.188961,,263100,,
0,1,,0.089585,0.479476,0.430939,,270900,,
0,2,,0.046808,0.00806,0.945132,,253100,,
0,2,,0.373199,0.027009,0.599791,,297300,,
0,2,,0.110926,0.302068,0.587006,,320900,,
0,2,,0.312588,0.101942,0.58547,,323800,,
0,2,,0.179038,0.337507,0.483455,,297900,,
0,0,,0.445924,0.258838,0.295238,,280700,,
0,2,,0.19923,0.028244,0.772526,,303800,,
0,2,,0.052356,0.19,0.757643,,318000,,
0,2,,0.15974,0.180966,0.659294,,280100,,
0,0,,0.855749,0.063303,0.080948,,266100,,
0,2,,0.182584,0.39466,0.422756,,257000,,
0,1,,0.099665,0.461129,0.439206,,266000,,
0,1,,0.236195,0.607134,0.156671,,266000,,
0,2,,0.364793,0.064096,0.571111,,281800,,
0,1,,0.014331,0.739322,0.246347,,315900,,
0,0,,0.553018,0.005882,0.4411,,300400,,
0,2,,0.131502,0.300185,0.568313,,284400,,
0,1,,0.034723,0.559537,0.40574,,284200,,
0,1,,0.367847,0.554808,0.077345,,296300,,
0,2,,0.172553,0.047174,0.780273,,259100,,
0,2,,0.142842,0.336235,0.520923,,297100,,
0,2,,0.239051,0.021506,0.739443,,276700,,
0,2,,0.284437,0.181451,0.534112,,285600,,
0,2,,0.1249,0.169811,0.70529,,260500,,
0,2,,0.157214,0.110213,0.732573,,298100,,
0,2,,0.294806,0.061618,0.643576,,313200,,
0,2,,0.10854,0.114933,0.776527,,322700,,
0,2,,0.176699,0.040727,0.782574,,303600,,
0,1,,0.286339,0.401192,0.312469,,283000,,
0,2,,0.352412,0.170384,0.477204,,271900,,
0,2,,0.214712,0.020424,0.764864,,275300,,
0,2,,0.118208,0.02236,0.859433,,265800,,
0,2,,0.093998,0.16049,0.745511,,268600,,
0,2,,0.137557,0.331354,0.531089,,258000,,
0,1,,0.120162,0.657985,0.221853,,291300,,
0,2,,0.115524,0.0299,0.854575,,320700,,
0,1,,0.132752,0.641222,0.226026,,283900,,
0,1,,0.172822,0.509878,0.317299,,285300,,
0,1,,0.158944,0.562115,0.27894,,295200,,
0,1,,0.144375,0.471313,0.384312,,337100,,
0,2,,0.007688,0.18294,0.809372,,292800,,
0,2,,0.040245,0.034203,0.925552,,320900,,
0,0,,0.751766,0.079689,0.168545,,289500,,
0,1,,0.087735,0.496504,0.415761,,281700,,
0,2,,0.119117,0.012853,0.86803,,273800,,
0,2,,0.0317,0.21428,0.75402,,279400,,
0,2,,0.104268,0.125106,0.770625,,264700,,
0,2,,0.066554,0.05876,0.874686,,274100,,
0,2,,0.030522,0.292898,0.676581,,279900,,
0,2,,0.130526,0.063544,0.805929,,327300,,
0,0,,0.763745,0.215909,0.020346,,359200,,
0,2,,0.175204,0.040797,0.784,,280900,,
0,1,,0.055443,0.483016,0.461541,,261600,,
0,1,,0.3125,0.501389,0.186111,,257400,,
0,1,,0.30275,0.635338,0.061913,,256800,,
0,2,,0.262397,0.127815,0.609788,,263200,,
0,2,,0.032637,0.323299,0.644065,,247400,,
0,0,,0.53912,0.125821,0.335059,,258100,,
0,2,,0.092066,0.125902,0.782033,,252500,,
0,2,,0.02922,0.034551,0.936229,,266900,,
0,1,,0.29626,0.64124,0.0625,,277700,,
0,2,,0.065266,0.278289,0.656445,,261400,,
0,2,,0.056967,0.076411,0.866622,,276400,,
0,0,,0.435021,0.246797,0.318182,,283800,,
0,0,,0.727421,0.155794,0.116786,,266000,,
0,2,,0.215828,0.168606,0.615566,,260400,,
0,2,,0.15121,0.036515,0.812274,,275700,,
0,1,,0.118892,0.628934,0.252174,,278600,,
0,1,,0.246122,0.513542,0.240336,,285700,,
0,0,,0.642734,0.021531,0.335735,,283100,,
0,2,,0.085643,0.281405,0.632953,,323200,,
0,2,,0.26768,0.22909,0.50323,,305700,,
0,1,,0.280025,0.443364,0.276611,,264700,,
0,0,,0.596484,0.101026,0.30249,,282200,,
0,1,,0.187469,0.746156,0.066375,,342800,,
0,1,,0.186293,0.407994,0.405713,,339800,,
0,0,,0.546493,0.259919,0.193588,,284500,,
0,2,,0.418041,0.013361,0.568598,,272500,,
0,2,,0.213013,0.223543,0.563444,,268600,,
0,0,,0.602229,0.128979,0.268792,,305200,,
0,2,,0.326618,0.229738,0.443644,,293100,,
0,2,,0.267376,0.231631,0.500993,,302000,,
0,0,,0.549441,0.281725,0.168834,,290900,,
0,0,,0.436905,0.382143,0.180952,,285800,,
0,2,,0.02502,0.132785,0.842196,,307200,,
0,2,,0.143995,0.373971,0.482034,,287000,,
0,2,,0.073124,0.290157,0.636719,,286500,,
0,2,,0.309343,0.039746,0.650911,,292300,,
0,1,,0.213443,0.573723,0.212834,,308700,,
0,2,,0.325475,0.227429,0.447097,,271500,,
0,0,,0.411085,0.206577,0.382338,,303300,,
0,1,,0.170772,0.774014,0.055214,,330600,,
0,0,,0.609708,0.155807,0.234485,,284800,,
0,2,,0.104268,0.125106,0.770625,,281900,,
0,1,,0.384046,0.480239,0.135714,,294300,,
0,2,,0.169427,0.280061,0.550512,,278300,,
0,1,,0.10068,0.587262,0.312058,,265600,,
0,0,,0.683047,0.015568,0.301385,,329200,,
0,1,,0.344946,0.448147,0.206907,,362200,,
0,1,,0.16571,0.434865,0.399425,,302900,,
0,2,,0.034901,0.145602,0.819497,,297900,,
0,1,,0.323803,0.382295,0.293901,,301400,,
0,2,,0.191559,0.360762,0.447679,,303800,,
0,0,,0.528898,0.364106,0.106996,,295100,,
0,0,,0.735456,0.195313,0.069231,,297400,,
0,2,,0.021839,0.015567,0.962594,,285800,,
0,1,,0.163574,0.432612,0.403815,,276800,,
0,2,,0.148283,0.275758,0.57596,,284900,,
0,2,,0.070675,0.241409,0.687916,,263600,,
0,2,,0.088052,0.033648,0.8783,,253500,,
0,2,,0.015624,0.012031,0.972345,,252500,,
0,1,,0.25457,0.608667,0.136763,,290400,,
0,2,,0.060094,0.338471,0.601435,,273100,,
0,2,,0.158295,0.346013,0.495692,,283700,,
0,2,,0.156602,0.05209,0.791308,,290900,,
0,2,,0.253849,0.304657,0.441494,,292200,,
0,2,,0.201574,0.172951,0.625475,,287600,,
0,0,,0.490925,0.165617,0.343458,,277800,,
0,2,,0.358454,0.041006,0.60054,,259000,,
0,2,,0.352092,0.113502,0.534406,,273300,,
0,0,,0.421561,0.310778,0.267661,,257700,,
0,0,,0.406349,0.394048,0.199603,,262000,,
0,2,,0.312074,0.096455,0.591471,,332300,,
0,1,,0.253484,0.511756,0.23476,,318900,,
0,2,,0.034731,0.211089,0.75418,,263600,,
0,1,,0.356167,0.619759,0.024074,,270000,,
0,2,,0.03688,0.028727,0.934393,,273500,,
0,2,,0.01795,0.156539,0.825511,,295000,,
0,0,,0.518638,0.024863,0.456499,,281800,,
0,2,,0.129036,0.127187,0.743777,,438700,,
0,1,,0.015833,0.699722,0.284444,,663500,,
0,1,,0.232585,0.508532,0.258883,,323100,,
0,2,,0.280533,0.093787,0.62568,,284700,,
0,0,,0.616667,0.166667,0.216667,,316600,,
0,0,,0.661051,0.17612,0.162829,,264000,,
0,2,,0.126832,0.022454,0.850713,,262100,,
0,0,,0.675681,0.122652,0.201667,,430000,,
0,2,,0.222141,0.161161,0.616698,,271800,,
0,0,,0.661182,0.111109,0.227709,,274900,,
0,2,,0.240534,0.151923,0.607542,,298000,,
0,2,,0.252023,0.37168,0.376298,,259000,,
0,2,,0.229998,0.134073,0.63593,,277600,,
0,2,,0.232229,0.028446,0.739325,,266200,,
0,1,,0.360369,0.361006,0.278625,,305100,,
0,2,,0.049212,0.432399,0.518389,,444100,,
0,2,,0.11855,0.068239,0.81321,,263200,,
0,2,,0.3751,0.222369,0.402531,,296800,,
0,2,,0.208088,0.336313,0.455599,,279500,,
0,0,,0.772861,0.200441,0.026698,,263300,,
0,1,,0.194802,0.675475,0.129723,,273700,,
0,2,,0.148147,0.028815,0.823038,,289400,,
0,2,,0.306205,0.234099,0.459696,,281100,,
0,2,,0.255867,0.342428,0.401706,,269300,,
0,2,,0.075278,0.237776,0.686946,,284000,,
0,2,,0.04976,0.22884,0.7214,,273800,,
0,2,,0.17164,0.242873,0.585487,,245100,,
0,1,,0.16539,0.437635,0.396976,,271500,,
0,2,,0.22187,0.02511,0.753019,,296500,,
0,2,,0.216545,0.089995,0.69346,,272100,,
0,0,,0.425026,0.171586,0.403388,,268200,,
0,2,,0.278654,0.083406,0.63794,,267600,,
0,2,,0.132474,0.337302,0.530225,,284600,,
0,1,,0.203692,0.763168,0.03314,,265100,,
0,2,,0.245354,0.326167,0.428479,,269900,,
0,2,,0.304076,0.33277,0.363154,,312300,,
0,2,,0.169303,0.303656,0.527041,,281700,,
0,1,,0.061398,0.647832,0.29077,,261600,,
0,1,,0.083867,0.498037,0.418097,,260100,,
0,2,,0.024365,0.07816,0.897476,,435100,,
0,1,,0.369167,0.433822,0.197011,,309100,,
0,2,,0.028039,0.016884,0.955077,,266000,,
0,0,,0.591285,0.184394,0.224321,,255800,,
0,0,,0.471057,0.18014,0.348803,,262200,,
0,2,,0.148536,0.095713,0.755751,,253000,,
0,1,,0.257108,0.701137,0.041755,,254100,,
0,2,,0.154842,0.137354,0.707804,,257000,,
0,2,,0.027547,0.016771,0.955681,,243100,,
0,1,,0.408842,0.44194,0.149217,,252300,,
0,1,,0.051922,0.752374,0.195704,,250000,,
0,2,,0.139061,0.102454,0.758485,,253800,,
0,2,,0.105687,0.054899,0.839414,,253500,,
0,1,,0.35281,0.473002,0.174188,,260300,,
0,1,,0.194921,0.42644,0.378638,,254100,,
0,2,,0.248519,0.266262,0.485219,,245900,,
0,1,,0.151455,0.840678,0.007868,,285000,,
0,2,,0.323254,0.231538,0.445209,,262700,,
0,2,,0.159533,0.069661,0.770806,,261300,,
0,2,,0.234262,0.091756,0.673983,,251100,,
0,1,,0.119269,0.667194,0.213537,,271800,,
0,2,,0.111709,0.283319,0.604972,,247000,,
0,2,,0.124848,0.435898,0.439254,,262000,,
0,2,,0.273917,0.067002,0.659081,,247700,,
0,2,,0.201109,0.069671,0.72922,,251700,,
0,2,,0.033855,0.222929,0.743216,,252700,,
0,0,,0.473188,0.189855,0.336957,,368400,,
0,1,,0.019763,0.932739,0.047498,,287700,,
0,2,,0.240978,0.377274,0.381749,,323900,,
0,1,,0.056665,0.760135,0.183201,,256500,,
0,2,,0.05974,0.125267,0.814993,,247300,,
0,2,,0.08735,0.143829,0.768821,,264100,,
0,2,,0.063022,0.116172,0.820807,,248000,,
0,2,,0.267287,0.180517,0.552197,,298500,,
0,2,,0.296758,0.129762,0.57348,,266700,,
0,2,,0.249606,0.028416,0.721978,,249200,,
0,0,,0.553052,0.232662,0.214286,,251000,,
0,1,,0.021559,0.944015,0.034427,,253100,,
0,1,,0.395734,0.565063,0.039203,,253200,,
0,1,,0.12313,0.60662,0.270251,,253700,,
0,0,,0.49975,0.154,0.34625,,249200,,
0,2,,0.193564,0.105807,0.700629,,259400,,
0,2,,0.047794,0.009679,0.942527,,242900,,
0,2,,0.335067,0.122757,0.542176,,247700,,
0,1,,0.3958,0.422991,0.181209,,248500,,
0,2,,0.11357,0.229152,0.657277,,252600,,
0,0,,0.585437,0.143929,0.270635,,254200,,
0,2,,0.22455,0.030811,0.74464,,241200,,
0,2,,0.070469,0.03863,0.890901,,262900,,
0,2,,0.15845,0.124481,0.717068,,257300,,
0,2,,0.045,0.025987,0.929014,,248000,,
0,1,,0.419841,0.552937,0.027222,,250700,,
0,2,,0.038742,0.115731,0.845527,,250600,,
0,2,,0.050717,0.304631,0.644652,,335000,,
0,1,,0.048335,0.668376,0.283289,,256500,,
0,2,,0.082365,0.057514,0.860121,,244900,,
0,2,,0.041704,0.022087,0.936209,,248300,,
0,2,,0.305602,0.217231,0.477167,,244500,,
0,2,,0.365785,0.141748,0.492468,,261500,,
0,2,,0.059508,0.221867,0.718625,,250500,,
0,1,,0.237469,0.567352,0.19518,,257200,,
0,1,,0.308335,0.350272,0.341393,,247000,,
0,0,,0.53459,0.165263,0.300147,,254000,,
0,1,,0.123256,0.513065,0.363679,,243800,,
0,1,,0.108938,0.806927,0.084135,,257300,,
0,0,,0.903458,0.040232,0.05631,,247800,,
0,1,,0.065443,0.697066,0.237491,,251500,,
0,2,,0.295169,0.05671,0.648122,,249600,,
0,0,,0.483493,0.108987,0.40752,,251000,,
0,2,,0.016201,0.200048,0.783752,,251800,,
0,1,,0.028921,0.785645,0.185435,,242000,,
0,1,,0.0625,0.559743,0.377757,,250200,,
0,2,,0.280729,0.197743,0.521528,,264500,,
0,0,,0.763347,0.116229,0.120424,,246700,,
0,1,,0.262136,0.724376,0.013488,,258500,,
0,2,,0.370944,0.067625,0.561431,,254100,,
0,0,,0.522222,0.452778,0.025,,244900,,
0,1,,0.077828,0.665299,0.256872,,254600,,
0,1,,0.099881,0.558373,0.341746,,355700,,
0,1,,0.440839,0.533466,0.025695,,369800,,
0,1,,0.095296,0.848262,0.056442,,252800,,
0,1,,0.424127,0.54972,0.026152,,247000,,
0,2,,0.040937,0.433852,0.525211,,250400,,
0,2,,0.231273,0.093698,0.675029,,256100,,
0,2,,0.187765,0.188881,0.623354,,254400,,
0,1,,0.410785,0.419491,0.169723,,290200,,
0,2,,0.076922,0.060386,0.862691,,253800,,
0,2,,0.142233,0.200481,0.657286,,264000,,
0,2,,0.017559,0.210645,0.771796,,251600,,
0,2,,0.36381,0.172878,0.463312,,257100,,
0,1,,0.155368,0.4404,0.404232,,249800,,
0,2,,0.054907,0.084358,0.860736,,248200,,
0,1,,0.090992,0.776109,0.132899,,319300,,
0,2,,0.117712,0.28428,0.598008,,248300,,
0,2,,0.124463,0.053098,0.822439,,252600,,
0,1,,0.255001,0.742367,0.002632,,247500,,
0,2,,0.440076,0.028489,0.531435,,246900,,
0,2,,0.033542,0.202177,0.764281,,244200,,
0,0,,0.824087,0.103346,0.072567,,243800,,
0,2,,0.309975,0.140081,0.549944,,249500,,
0,1,,0.269943,0.39281,0.337247,,245900,,
0,2,,0.131938,0.384039,0.484023,,239200,,
0,2,,0.230592,0.307537,0.461871,,244700,,
0,2,,0.189736,0.03414,0.776124,,255100,,
0,2,,0.176716,0.126276,0.697009,,245400,,
0,2,,0.0277,0.047232,0.925068,,240900,,
0,0,,0.742057,0.031095,0.226848,,319400,,
0,0,,0.497549,0.321569,0.180882,,256600,,
0,0,,0.433677,0.243122,0.3232,,239400,,
0,0,,0.77,0.21,0.02,,253700,,
0,2,,0.077422,0.341276,0.581302,,278900,,
0,2,,0.030745,0.012774,0.956481,,255700,,
0,1,,0.181818,0.564369,0.253813,,254700,,
0,0,,0.398377,0.330406,0.271218,,244600,,
0,0,,0.508327,0.238559,0.253114,,242600,,
0,2,,0.014596,0.104564,0.880839,,234900,,
0,0,,0.497543,0.301934,0.200523,,238900,,
0,0,,0.697894,0.089853,0.212253,,246500,,
0,0,,0.479489,0.383543,0.136968,,246800,,
0,0,,0.724539,0.181877,0.093584,,242700,,
0,0,,0.696204,0.104113,0.199684,,238900,,
0,2,,0.416678,0.140616,0.442706,,249600,,
0,0,,0.829401,0.140144,0.030455,,242800,,
0,2,,0.265371,0.174006,0.560623,,245200,,
0,2,,0.147291,0.196727,0.655983,,246000,,
0,2,,0.061699,0.377753,0.560548,,247700,,
0,1,,0.068661,0.641706,0.289633,,257000,,
0,1,,0.044139,0.589409,0.366453,,249500,,
0,2,,0.093239,0.39591,0.510851,,246500,,
0,2,,0.02309,0.022095,0.954815,,236700,,
0,2,,0.320704,0.08785,0.591446,,245000,,
0,2,,0.199859,0.39369,0.40645,,248800,,
0,1,,0.30626,0.496407,0.197333,,241800,,
0,1,,0.124638,0.675147,0.200215,,243400,,
0,2,,0.224999,0.247244,0.527756,,338200,,
0,2,,0.105687,0.21348,0.680833,,237700,,
0,1,,0.197404,0.719811,0.082785,,311800,,
0,1,,0.214909,0.735403,0.049687,,292900,,
0,0,,0.516841,0.307919,0.17524,,280100,,
0,2,,0.433626,0.102176,0.464199,,258600,,
0,2,,0.364614,0.267335,0.368051,,259600,,
0,2,,0.18607,0.061839,0.752092,,250300,,
0,0,,0.646641,0.278375,0.074984,,257100,,
0,1,,0.202538,0.751812,0.045651,,278600,,
0,1,,0.245073,0.47881,0.276117,,243600,,
0,2,,0.205991,0.095284,0.698724,,247500,,
0,2,,0.193365,0.008571,0.798063,,252000,,
0,2,,0.037668,0.036971,0.925361,,299900,,
0,1,,0.231754,0.399549,0.368697,,577700,,
0,2,,0.142844,0.222927,0.634229,,396500,,
0,2,,0.071334,0.06899,0.859675,,357000,,
0,1,,0.320754,0.516548,0.162698,,365100,,
0,1,,0.1232,0.521189,0.355611,,373900,,
0,2,,0.298041,0.26102,0.44094,,359100,,
0,2,,0.242222,0.02988,0.727898,,372500,,
0,2,,0.394505,0.069694,0.535801,,370000,,
0,1,,0.283874,0.53313,0.182996,,370100,,
0,1,,0.347852,0.565421,0.086727,,362700,,
0,2,,0.327959,0.32363,0.348412,,357900,,
0,2,,0.159217,0.296408,0.544375,,364600,,
0,0,,0.825673,0.13516,0.039167,,353800,,
0,1,,0.098511,0.854249,0.04724,,354200,,
0,2,,0.210306,0.328457,0.461238,,360500,,
0,2,,0.081473,0.04918,0.869347,,355000,,
0,2,,0.03552,0.214369,0.750111,,357400,,
0,1,,0.255049,0.524001,0.22095,,354000,,
0,1,,0.063624,0.682145,0.254231,,354500,,
0,0,,0.416906,0.210719,0.372374,,353500,,
0,0,,0.58828,0.064015,0.347705,,352700,,
0,0,,0.419333,0.245333,0.335333,,362100,,
0,2,,0.247196,0.352725,0.400079,,357400,,
0,2,,0.281389,0.287041,0.43157,,353800,,
0,0,,0.616667,0.233333,0.15,,364100,,
0,1,,0.246373,0.632537,0.12109,,348500,,
0,0,,0.357904,0.336122,0.305975,,352400,,
0,0,,0.412619,0.247778,0.339603,,353600,,
0,2,,0.051335,0.168983,0.779682,,369300,,
0,2,,0.379869,0.146886,0.473244,,362800,,
0,2,,0.067582,0.321968,0.61045,,357000,,
0,0,,0.590192,0.407244,0.002564,,355100,,
0,2,,0.264063,0.208013,0.527924,,412900,,
0,2,,0.047886,0.025595,0.926519,,364700,,
0,1,,0.256802,0.406725,0.336473,,370400,,
0,2,,0.233328,0.135898,0.630774,,351100,,
0,2,,0.31073,0.190192,0.499077,,355100,,
0,2,,0.149062,0.203939,0.646999,,401100,,
0,2,,0.001493,0.121663,0.876845,,346700,,
0,0,,0.537466,0.350995,0.111538,,353400,,
0,2,,0.358795,0.085878,0.555327,,364100,,
0,2,,0.05039,0.10277,0.84684,,349800,,
0,2,,0.0511,0.400203,0.548697,,276500,,
0,2,,0.187201,0.082124,0.730676,,248000,,
0,2,,0.047794,0.009679,0.942527,,240500,,
0,2,,0.027851,0.031711,0.940438,,239400,,
0,1,,0.042829,0.941325,0.015846,,247200,,
0,0,,0.380404,0.348157,0.271439,,243400,,
0,1,,0.047317,0.622657,0.330026,,252700,,
0,1,,0.25156,0.601754,0.146687,,281800,,
0,2,,0.127128,0.046012,0.82686,,247300,,
0,1,,0.099286,0.8106,0.090114,,255500,,
0,1,,0.301257,0.54447,0.154273,,257200,,
0,0,,0.434104,0.13684,0.429056,,248000,,
0,2,,0.130892,0.06887,0.800239,,254600,,
0,0,,0.800593,0.137989,0.061418,,241100,,
0,1,,0.127172,0.495429,0.377399,,245300,,
0,1,,0.166081,0.44266,0.391259,,242400,,
0,1,,0.162726,0.780458,0.056817,,244700,,
0,0,,0.673571,0.179921,0.146508,,247600,,
0,2,,0.027087,0.011417,0.961496,,234400,,
0,2,,0.018376,0.274496,0.707128,,238900,,
0,0,,0.583663,0.120824,0.295513,,271900,,
0,2,,0.243414,0.084225,0.672361,,245700,,
0,1,,0.226916,0.500718,0.272366,,238100,,
0,2,,0.135543,0.159852,0.704605,,246900,,
0,1,,0.036155,0.800021,0.163824,,241200,,
0,0,,0.670982,0.237538,0.09148,,249900,,
0,1,,0.216785,0.449473,0.333742,,249700,,
0,2,,0.150215,0.340739,0.509046,,243100,,
0,0,,0.755397,0.169048,0.075556,,252700,,
0,2,,0.132381,0.054283,0.813337,,248200,,
0,1,,0.251385,0.488268,0.260346,,242100,,
0,2,,0.155995,0.394556,0.449449,,244900,,
0,2,,0.37753,0.050318,0.572151,,248300,,
0,2,,0.30677,0.253311,0.43992,,245100,,
0,0,,0.781298,0.088645,0.130057,,244300,,
0,0,,0.745961,0.055775,0.198263,,272600,,
0,0,,0.423552,0.188238,0.38821,,252900,,
0,1,,0.249426,0.650382,0.100192,,245900,,
0,0,,0.695278,0.293611,0.011111,,249200,,
0,2,,0.212644,0.107343,0.680012,,248800,,
0,0,,0.599633,0.251135,0.149231,,249000,,
0,0,,0.62406,0.074167,0.301773,,246600,,
0,1,,0.365629,0.414417,0.219954,,251200,,
0,2,,0.037588,0.270088,0.692324,,244900,,
0,2,,0.12389,0.027497,0.848613,,245900,,
0,0,,0.512849,0.282321,0.20483,,247600,,
0,1,,0.242788,0.394491,0.362721,,296500,,
0,2,,0.184026,0.350317,0.465657,,247400,,
0,2,,0.099245,0.162287,0.738468,,253000,,
0,0,,0.505952,0.283968,0.210079,,251900,,
0,0,,0.717886,0.221508,0.060606,,240700,,
0,2,,0.245414,0.276874,0.477712,,251300,,
0,2,,0.402143,0.155952,0.441905,,244200,,
0,2,,0.118871,0.296455,0.584674,,271200,,
0,1,,0.212467,0.779018,0.008514,,246400,,
0,2,,0.091122,0.124945,0.783933,,246800,,
0,1,,0.133986,0.856923,0.009091,,240500,,
0,1,,0.06965,0.739605,0.190745,,248800,,
0,0,,0.421626,0.307313,0.271061,,248700,,
0,2,,0.186591,0.065144,0.748265,,250200,,
0,2,,0.124581,0.104133,0.771286,,257700,,
0,2,,0.143202,0.403771,0.453027,,244000,,
0,1,,0.180262,0.630819,0.188918,,256900,,
0,1,,0.395784,0.481667,0.122549,,259500,,
0,0,,0.616486,0.208065,0.17545,,245000,,
0,2,,0.157459,0.223292,0.619248,,251200,,
0,2,,0.339713,0.206868,0.453419,,251400,,
0,0,,0.698919,0.245519,0.055562,,258000,,
0,1,,0.108655,0.880309,0.011036,,244100,,
0,2,,0.198668,0.093251,0.708081,,249300,,
0,2,,0.05507,0.145495,0.799435,,246600,,
0,1,,0.467332,0.47926,0.053408,,245100,,
0,1,,0.0172,0.501254,0.481546,,245700,,
0,2,,0.088563,0.01237,0.899066,,240400,,
0,1,,0.304352,0.61745,0.078199,,246800,,
0,0,,0.336354,0.329095,0.334551,,251300,,
0,2,,0.046037,0.461219,0.492744,,243600,,
0,0,,0.752381,0.030952,0.216667,,246800,,
0,2,,0.045456,0.0355,0.919044,,244200,,
0,2,,0.099427,0.318785,0.581788,,243500,,
0,0,,0.551564,0.309602,0.138834,,253100,,
0,2,,0.219936,0.157758,0.622306,,249400,,
0,0,,0.594283,0.070817,0.334899,,247300,,
0,2,,0.029436,0.011675,0.958889,,242400,,
0,2,,0.213427,0.209815,0.576757,,247800,,
0,2,,0.438255,0.087008,0.474737,,248200,,
0,2,,0.295367,0.054368,0.650265,,252300,,
0,0,,0.631601,0.083021,0.285378,,245200,,
0,0,,0.558048,0.328362,0.11359,,247700,,
0,2,,0.158234,0.375484,0.466282,,245600,,
0,2,,0.01732,0.038712,0.943968,,246800,,
0,2,,0.048223,0.03913,0.912647,,251700,,
0,0,,0.591625,0.191443,0.216932,,245200,,
0,1,,0.149959,0.480549,0.369492,,252200,,
0,1,,0.335714,0.454068,0.210218,,241800,,
0,1,,0.337991,0.460398,0.20161,,245200,,
0,0,,0.476517,0.313497,0.209986,,251700,,
0,1,,0.028657,0.561566,0.409778,,248800,,
0,2,,0.330229,0.307968,0.361803,,240200,,
0,2,,0.028072,0.021677,0.950251,,240700,,
0,1,,0.133759,0.766472,0.09977,,251200,,
0,2,,0.246205,0.262608,0.491187,,248200,,
0,2,,0.38264,0.214272,0.403088,,251600,,
0,1,,0.223214,0.542619,0.234167,,244400,,
0,1,,0.189531,0.498249,0.31222,,246400,,
0,2,,0.167726,0.321603,0.510671,,247400,,
0,1,,0.305302,0.461702,0.232996,,243600,,
0,2,,0.101388,0.355501,0.54311,,250600,,
0,2,,0.357449,0.200986,0.441565,,254500,,
0,2,,0.071002,0.178887,0.750111,,242300,,
0,2,,0.071245,0.065499,0.863255,,312500,,
0,1,,0.243242,0.505092,0.251667,,318400,,
0,1,,0.092,0.602556,0.305444,,303900,,
0,2,,0.291536,0.291405,0.417059,,291600,,
0,2,,0.047966,0.210692,0.741342,,261300,,
0,1,,0.034767,0.545625,0.419608,,261800,,
0,0,,0.694669,0.058506,0.246824,,272100,,
0,2,,0.261986,0.216443,0.521571,,344200,,
0,2,,0.287268,0.349465,0.363267,,265600,,
0,1,,0.134515,0.76589,0.099595,,248100,,
0,2,,0.07304,0.142315,0.784644,,247400,,
0,2,,0.11987,0.291383,0.588747,,251500,,
0,2,,0.136667,0.166712,0.696621,,257000,,
0,1,,0.213793,0.743069,0.043138,,253500,,
0,2,,0.056609,0.023958,0.919433,,257200,,
0,2,,0.060816,0.040158,0.899026,,242000,,
0,1,,0.107619,0.623929,0.268452,,247400,,
0,2,,0.192046,0.191304,0.616649,,245100,,
0,2,,0.261231,0.100666,0.638103,,249400,,
0,2,,0.137884,0.052771,0.809346,,249800,,
0,2,,0.093463,0.065356,0.841181,,238200,,
0,2,,0.067558,0.299247,0.633195,,248300,,
0,2,,0.396825,0.071384,0.531791,,241800,,
0,2,,0.400769,0.017069,0.582162,,248700,,
0,0,,0.642168,0.226721,0.131111,,245500,,
0,0,,0.55294,0.385191,0.061869,,246100,,
0,1,,0.138377,0.583644,0.27798,,253700,,
0,2,,0.110542,0.073083,0.816375,,242900,,
0,1,,0.183051,0.531866,0.285083,,254700,,
0,0,,0.446492,0.227477,0.32603,,262100,,
0,2,,0.007792,0.045,0.947208,,247300,,
0,0,,0.55697,0.046212,0.396818,,250300,,
0,2,,0.178474,0.059713,0.761813,,239400,,
0,2,,0.074495,0.397002,0.528503,,249800,,
0,2,,0.124872,0.336769,0.538359,,256000,,
0,2,,0.18132,0.213471,0.605208,,283000,,
0,0,,0.471702,0.187464,0.340834,,253200,,
0,2,,0.061884,0.085559,0.852557,,265200,,
0,1,,0.09518,0.875822,0.028997,,245900,,
0,2,,0.431386,0.096408,0.472207,,252300,,
0,2,,0.09974,0.399087,0.501173,,247700,,
0,2,,0.021715,0.023913,0.954372,,241900,,
0,1,,0.115516,0.703702,0.180781,,248200,,
0,2,,0.084496,0.033883,0.881621,,248000,,
0,2,,0.058784,0.127617,0.813599,,253500,,
0,2,,0.486927,0.01618,0.496892,,250600,,
0,1,,0.220881,0.477701,0.301418,,247700,,
0,2,,0.148578,0.014156,0.837265,,238700,,
0,2,,0.059031,0.239025,0.701944,,243000,,
0,0,,0.340994,0.333418,0.325589,,259700,,
0,2,,0.029541,0.116654,0.853805,,243200,,
0,0,,0.562823,0.065057,0.372121,,249900,,
0,0,,0.414196,0.373998,0.211806,,247500,,
0,1,,0.164054,0.519139,0.316807,,250500,,
0,2,,0.116936,0.2136,0.669464,,249300,,
0,1,,0.368779,0.487067,0.144153,,241200,,
0,2,,0.093271,0.364689,0.542041,,246500,,
0,2,,0.134431,0.162184,0.703386,,246500,,
0,0,,0.591638,0.042797,0.365564,,293600,,
0,1,,0.292198,0.690894,0.016908,,298300,,
0,2,,0.082867,0.096068,0.821065,,250500,,
0,2,,0.163496,0.31923,0.517274,,243400,,
0,2,,0.011578,0.016699,0.971723,,291500,,
0,2,,0.127603,0.115324,0.757073,,312300,,
0,2,,0.410862,0.101784,0.487354,,293000,,
0,2,,0.421228,0.102788,0.475984,,285700,,
0,0,,0.454005,0.227774,0.318222,,262200,,
0,0,,0.483663,0.195824,0.320513,,258800,,
0,1,,0.183053,0.771547,0.045401,,282400,,
0,2,,0.181374,0.072143,0.746484,,256900,,
0,0,,0.537038,0.379846,0.083116,,255800,,
0,2,,0.348293,0.079066,0.572641,,248200,,
0,2,,0.149876,0.419595,0.430529,,253400,,
0,2,,0.21215,0.088797,0.699053,,247500,,
0,0,,0.885161,0.051538,0.063301,,250800,,
0,2,,0.16278,0.318046,0.519174,,260600,,
0,2,,0.145071,0.042568,0.812362,,243800,,
0,1,,0.119648,0.492614,0.387738,,241500,,
0,2,,0.085362,0.290242,0.624396,,247800,,
0,2,,0.341586,0.024225,0.634189,,242500,,
0,0,,0.493413,0.375476,0.131111,,247600,,
0,2,,0.388554,0.045487,0.565959,,247200,,
0,1,,0.128544,0.783562,0.087893,,244600,,
0,2,,0.419934,0.030507,0.549559,,254600,,
0,0,,0.653965,0.08287,0.263165,,251900,,
0,2,,0.256368,0.122091,0.62154,,260900,,
0,2,,0.280834,0.20175,0.517416,,268400,,
0,1,,0.333096,0.634199,0.032705,,275700,,
0,2,,0.075566,0.07076,0.853674,,270100,,
0,2,,0.027087,0.011417,0.961496,,297700,,
0,1,,0.02101,0.684018,0.294972,,259600,,
0,2,,0.245796,0.363679,0.390526,,263900,,
0,0,,0.397843,0.35293,0.249227,,270800,,
0,1,,0.005158,0.835333,0.159509,,256400,,
0,1,,0.157222,0.422973,0.419805,,259800,,
0,1,,0.165354,0.461657,0.372988,,258100,,
0,0,,0.656936,0.303941,0.039123,,260800,,
0,2,,0.026779,0.120293,0.852929,,251100,,
0,0,,0.65914,0.266132,0.074728,,261400,,
0,2,,0.049037,0.057814,0.893149,,254100,,
0,1,,0.332436,0.422784,0.24478,,262600,,
0,2,,0.409865,0.063366,0.52677,,260700,,
0,2,,0.071554,0.206539,0.721907,,262700,,
0,1,,0.179133,0.543979,0.276888,,265700,,
0,2,,0.265369,0.323023,0.411608,,258200,,
0,0,,0.516944,0.158056,0.325,,276000,,
0,2,,0.168932,0.083454,0.747614,,292500,,
0,1,,0.018922,0.66854,0.312538,,263600,,
0,0,,0.571429,0.190568,0.238004,,258300,,
0,2,,0.208289,0.047853,0.743858,,254600,,
0,0,,0.503434,0.130303,0.366263,,249500,,
0,2,,0.273573,0.031192,0.695235,,244500,,
0,2,,0.237095,0.149199,0.613706,,251000,,
0,0,,0.684942,0.071541,0.243517,,246000,,
0,2,,0.13354,0.030214,0.836246,,242900,,
0,2,,0.334345,0.27405,0.391605,,261400,,
0,0,,0.48321,0.273795,0.242995,,270600,,
0,2,,0.104739,0.352835,0.542426,,240800,,
0,0,,0.341088,0.334979,0.323933,,244100,,
0,2,,0.405668,0.047488,0.546844,,278400,,
0,1,,0.257962,0.480011,0.262027,,277300,,
0,2,,0.129695,0.268627,0.601678,,256600,,
0,2,,0.172522,0.28531,0.542168,,252000,,
0,2,,0.433015,0.018857,0.548129,,258800,,
0,0,,0.466481,0.195869,0.33765,,250800,,
0,2,,0.146728,0.360839,0.492433,,253700,,
0,1,,0.425,0.497222,0.077778,,248000,,
0,2,,0.030546,0.032,0.937454,,247200,,
0,2,,0.06351,0.264378,0.672112,,253300,,
0,2,,0.390805,0.115636,0.493559,,250000,,
0,1,,0.11192,0.79008,0.098,,253700,,
0,1,,0.146463,0.750462,0.103075,,260700,,
0,2,,0.302484,0.058566,0.63895,,257900,,
0,1,,0.229139,0.594793,0.176068,,252000,,
0,0,,0.498037,0.038755,0.463208,,257300,,
0,1,,0.326072,0.403047,0.270881,,245900,,
0,2,,0.116189,0.021701,0.86211,,245500,,
0,2,,0.068391,0.133475,0.798134,,252500,,
0,2,,0.051036,0.297259,0.651705,,248500,,
0,2,,0.373834,0.158875,0.467291,,244700,,
0,0,,0.424006,0.273237,0.302757,,246000,,
0,1,,0.054741,0.6703,0.274959,,243800,,
0,0,,0.430337,0.388685,0.180977,,249800,,
0,1,,0.191912,0.614767,0.193321,,264100,,
0,2,,0.233787,0.26382,0.502393,,246900,,
0,1,,0.253184,0.52584,0.220976,,252000,,
0,2,,0.359317,0.147466,0.493217,,257500,,
0,0,,0.862864,0.042775,0.094361,,248800,,
0,2,,0.19119,0.3085,0.50031,,251400,,
0,2,,0.057041,0.007393,0.935565,,239400,,
0,2,,0.147662,0.418098,0.43424,,247100,,
0,0,,0.479818,0.128842,0.391341,,253100,,
0,2,,0.188417,0.32426,0.487323,,247600,,
0,2,,0.109924,0.112644,0.777432,,253100,,
0,2,,0.281015,0.275656,0.443329,,256900,,
0,2,,0.219983,0.235669,0.544348,,245500,,
0,2,,0.38561,0.093034,0.521356,,249100,,
0,1,,0.323913,0.468394,0.207692,,246100,,
0,0,,0.659783,0.106444,0.233773,,249000,,
0,2,,0.226966,0.181897,0.591137,,245200,,
0,0,,0.559841,0.244563,0.195595,,247300,,
0,1,,0.049771,0.501144,0.449085,,245300,,
0,2,,0.080039,0.367413,0.552548,,246000,,
0,2,,0.172186,0.266074,0.56174,,247000,,
0,2,,0.192946,0.351869,0.455185,,248500,,
0,2,,0.240498,0.074946,0.684556,,249500,,
0,1,,0.038994,0.787419,0.173587,,245600,,
0,2,,0.28669,0.052878,0.660432,,244300,,
0,2,,0.028047,0.177601,0.794353,,246400,,
0,2,,0.312942,0.127714,0.559344,,253800,,
0,2,,0.191512,0.2765,0.531988,,252000,,
0,2,,0.168664,0.013086,0.81825,,251700,,
0,0,,0.59459,0.138199,0.267211,,247700,,
0,0,,0.780179,0.1125,0.107321,,242700,,
0,2,,0.155535,0.2956,0.548865,,246600,,
0,0,,0.418452,0.344048,0.2375,,253800,,
0,2,,0.332429,0.23876,0.428811,,236100,,
0,2,,0.191698,0.030895,0.777407,,249600,,
0,2,,0.214564,0.06354,0.721896,,243100,,
0,2,,0.238008,0.31046,0.451533,,286300,,
0,2,,0.188139,0.243209,0.568652,,259200,,
0,0,,0.383333,0.361905,0.254762,,259000,,
0,2,,0.061235,0.014391,0.924374,,236700,,
0,2,,0.183107,0.218445,0.598448,,249200,,
0,0,,0.472828,0.350354,0.176818,,241500,,
0,1,,0.051718,0.820355,0.127927,,257300,,
0,0,,0.555556,0.129167,0.315278,,259500,,
0,2,,0.125676,0.205297,0.669027,,243100,,
0,0,,0.472364,0.178176,0.349461,,251700,,
0,1,,0.111859,0.874057,0.014083,,248200,,
0,0,,0.450453,0.338844,0.210703,,253700,,
0,1,,0.327094,0.481971,0.190936,,247200,,
0,0,,0.655525,0.119403,0.225072,,239500,,
0,2,,0.042369,0.015344,0.942287,,241800,,
0,0,,0.493594,0.338906,0.1675,,250300,,
0,1,,0.291264,0.415298,0.293438,,248900,,
0,0,,0.635294,0.112719,0.251986,,251900,,
0,2,,0.054537,0.024386,0.921077,,241200,,
0,2,,0.034847,0.245112,0.720041,,257600,,
0,1,,0.340931,0.492221,0.166848,,260200,,
0,1,,0.298495,0.591795,0.10971,,257800,,
0,1,,0.197628,0.42514,0.377232,,246100,,
0,1,,0.318503,0.60847,0.073026,,242000,,
0,0,,0.710951,0.114886,0.174163,,246400,,
0,2,,0.056052,0.213428,0.73052,,243700,,
0,1,,0.258669,0.506273,0.235058,,248000,,
0,2,,0.037576,0.236378,0.726046,,239500,,
0,2,,0.019429,0.011603,0.968968,,243500,,
0,0,,0.567089,0.060682,0.372229,,254100,,
0,2,,0.125875,0.03629,0.837835,,240600,,
0,2,,0.032466,0.145716,0.821818,,241700,,
0,1,,0.1504,0.557319,0.292281,,247700,,
0,2,,0.025611,0.020595,0.953794,,235700,,
0,0,,0.532418,0.139941,0.32764,,250600,,
0,1,,0.290966,0.607713,0.101321,,245900,,
0,0,,0.80346,0.105804,0.090736,,247500,,
0,2,,0.330672,0.110574,0.558754,,249200,,
0,2,,0.123429,0.387258,0.489312,,249000,,
0,0,,0.588485,0.135117,0.276399,,247400,,
0,0,,0.709115,0.048506,0.242379,,246600,,
0,2,,0.332777,0.102667,0.564556,,245500,,
0,1,,0.260404,0.526667,0.212929,,245000,,
0,2,,0.045121,0.066756,0.888124,,245900,,
0,2,,0.145219,0.178652,0.676129,,248200,,
0,1,,0.325397,0.444048,0.230556,,242100,,
0,1,,0.384118,0.485905,0.129977,,249900,,
0,2,,0.239238,0.152266,0.608497,,272100,,
0,1,,0.068769,0.879897,0.051334,,252700,,
0,2,,0.13287,0.054465,0.812665,,252300,,
0,2,,0.31658,0.242472,0.440948,,256000,,
0,0,,0.535191,0.087765,0.377044,,255000,,
0,0,,0.561093,0.322226,0.116681,,245800,,
0,0,,0.657917,0.175417,0.166667,,252800,,
0,2,,0.37507,0.062437,0.562492,,254900,,
0,2,,0.315348,0.121061,0.563591,,245000,,
0,1,,0.280626,0.453639,0.265735,,253900,,
0,2,,0.228417,0.160429,0.611154,,247300,,
0,2,,0.085379,0.118932,0.795689,,248000,,
0,0,,0.746508,0.230992,0.0225,,254000,,
0,1,,0.130997,0.653905,0.215097,,304800,,
0,0,,0.788077,0.083686,0.128237,,267100,,
0,0,,0.612717,0.08544,0.301843,,246400,,
0,1,,0.275525,0.579307,0.145168,,253200,,
0,2,,0.094832,0.102936,0.802233,,248900,,
0,0,,0.546924,0.155175,0.297901,,255000,,
0,2,,0.178755,0.022167,0.799078,,243900,,
0,0,,0.762212,0.086314,0.151474,,242600,,
0,2,,0.116182,0.249784,0.634035,,255600,,
0,0,,0.429714,0.340528,0.229758,,252500,,
0,1,,0.284106,0.525856,0.190038,,256400,,
0,2,,0.268333,0.118333,0.613333,,248700,,
0,2,,0.016518,0.022506,0.960976,,248100,,
0,2,,0.124317,0.066478,0.809206,,241900,,
0,1,,0.197361,0.465821,0.336818,,255800,,
0,1,,0.188333,0.585417,0.22625,,264200,,
0,1,,0.228626,0.466374,0.305,,253400,,
0,0,,0.420873,0.419187,0.15994,,246200,,
0,2,,0.367486,0.263038,0.369476,,247200,,
0,2,,0.240989,0.196492,0.562519,,249700,,
0,1,,0.163665,0.656292,0.180043,,243700,,
0,2,,0.223971,0.129858,0.64617,,249400,,
0,1,,0.211608,0.773034,0.015357,,245900,,
0,2,,0.206992,0.016427,0.776581,,247500,,
0,1,,0.112472,0.598406,0.289123,,256000,,
0,0,,0.575344,0.138777,0.285879,,273800,,
0,2,,0.05754,0.018782,0.923678,,261600,,
0,0,,0.566332,0.049187,0.384481,,279000,,
0,0,,0.443371,0.166488,0.390141,,270200,,
0,0,,0.501194,0.055627,0.443179,,239000,,
0,1,,0.25231,0.590079,0.157611,,251700,,
0,0,,0.512099,0.097572,0.39033,,249100,,
0,0,,0.465858,0.094561,0.439582,,251500,,
0,2,,0.197491,0.079005,0.723504,,238600,,
0,2,,0.401627,0.13842,0.459953,,245900,,
0,1,,0.435879,0.437198,0.126923,,253400,,
0,1,,0.083728,0.513848,0.402424,,249000,,
0,0,,0.747562,0.172572,0.079865,,247000,,
0,1,,0.449494,0.518982,0.031523,,249800,,
0,2,,0.363968,0.08487,0.551162,,247200,,
0,2,,0.061381,0.27694,0.661679,,240700,,
0,0,,0.516017,0.130943,0.353041,,248900,,
0,1,,0.122767,0.74453,0.132703,,265700,,
0,1,,0.064944,0.820926,0.11413,,252800,,
0,0,,0.636868,0.332477,0.030655,,245600,,
0,2,,0.154684,0.326938,0.518378,,246400,,
0,1,,0.364752,0.554403,0.080844,,248200,,
0,0,,0.589912,0.055263,0.354825,,251000,,
0,2,,0.296536,0.072774,0.63069,,251000,,
0,2,,0.03562,0.13891,0.82547,,243400,,
0,0,,0.363427,0.332171,0.304402,,247900,,
0,2,,0.027087,0.011417,0.961496,,235900,,
0,0,,0.501329,0.065427,0.433243,,254300,,
0,1,,0.050704,0.79342,0.155876,,254600,,
0,1,,0.031825,0.933908,0.034266,,243300,,
0,2,,0.081793,0.452898,0.465308,,249100,,
0,1,,0.011033,0.567044,0.421923,,246900,,
0,2,,0.086574,0.088954,0.824472,,247500,,
0,1,,0.247492,0.684855,0.067653,,253200,,
0,2,,0.195459,0.357928,0.446613,,247200,,
0,0,,0.83225,0.11719,0.05056,,269700,,
0,0,,0.751374,0.16513,0.083496,,241500,,
0,1,,0.299561,0.527193,0.173246,,249600,,
0,0,,0.667828,0.221726,0.110447,,240800,,
0,0,,0.436544,0.3887,0.174756,,292900,,
0,1,,0.120233,0.519197,0.360569,,251200,,
0,2,,0.096676,0.078077,0.825247,,258100,,
0,2,,0.36776,0.151061,0.481179,,245300,,
0,0,,0.578333,0.25,0.171667,,255900,,
0,0,,0.496003,0.245249,0.258748,,260300,,
0,2,,0.249895,0.176492,0.573614,,267500,,
0,2,,0.321126,0.331054,0.34782,,250800,,
0,2,,0.378407,0.03006,0.591533,,243600,,
0,1,,0.283781,0.619444,0.096774,,243900,,
0,0,,0.469929,0.120545,0.409526,,257300,,
0,2,,0.435549,0.055843,0.508608,,242500,,
0,0,,0.527331,0.155719,0.31695,,248800,,
0,1,,0.29428,0.557264,0.148456,,245400,,
0,2,,0.215206,0.085962,0.698832,,254100,,
0,2,,0.031099,0.11615,0.852751,,250400,,
0,1,,0.233247,0.437872,0.328882,,247900,,
0,1,,0.031441,0.667439,0.30112,,244600,,
0,2,,0.089521,0.260979,0.6495,,246000,,
0,1,,0.102423,0.684819,0.212758,,243100,,
0,0,,0.500552,0.254794,0.244654,,252900,,
0,1,,0.284669,0.38571,0.329622,,245800,,
0,1,,0.116478,0.815214,0.068308,,246300,,
0,2,,0.173106,0.405479,0.421414,,244100,,
0,2,,0.392575,0.0947,0.512725,,242100,,
0,1,,0.228801,0.5908,0.1804,,249100,,
0,1,,0.092921,0.838432,0.068647,,243100,,
0,2,,0.082549,0.106281,0.81117,,243800,,
0,0,,0.669519,0.007579,0.322902,,250600,,
0,1,,0.08022,0.670429,0.249351,,240000,,
0,0,,0.558712,0.177662,0.263626,,254800,,
0,1,,0.098961,0.705438,0.195601,,259400,,
0,0,,0.803348,0.052115,0.144536,,255500,,
0,2,,0.211646,0.280297,0.508056,,264600,,
0,1,,0.151759,0.750488,0.097753,,268500,,
0,2,,0.183359,0.266556,0.550085,,248600,,
0,2,,0.306062,0.099542,0.594396,,249800,,
0,2,,0.173109,0.028032,0.798859,,248500,,
0,0,,0.558333,0.394167,0.0475,,248900,,
0,1,,0.073778,0.649868,0.276354,,246500,,
0,1,,0.212412,0.4568,0.330788,,254600,,
0,2,,0.301667,0.238788,0.459545,,249900,,
0,2,,0.007667,0.123117,0.869216,,252800,,
0,2,,0.228279,0.268312,0.503409,,247000,,
0,0,,0.687429,0.184263,0.128309,,241300,,
0,2,,0.392361,0.143056,0.464583,,247300,,
0,1,,0.335473,0.522519,0.142008,,250300,,
0,1,,0.027046,0.84157,0.131384,,244300,,
0,0,,0.5051,0.070514,0.424386,,242300,,
0,2,,0.02719,0.126214,0.846596,,244500,,
0,2,,0.37697,0.013327,0.609704,,251900,,
0,0,,0.729402,0.077393,0.193205,,254500,,
0,2,,0.359193,0.085065,0.555742,,247500,,
0,0,,0.350714,0.34373,0.305556,,245000,,
0,2,,0.273629,0.34877,0.3776,,249700,,
0,2,,0.072205,0.357838,0.569957,,271100,,
0,0,,0.43313,0.314359,0.252511,,247600,,
0,1,,0.215934,0.477092,0.306974,,243700,,
0,1,,0.105549,0.629239,0.265212,,247500,,
0,2,,0.13314,0.141535,0.725324,,238500,,
0,1,,0.294304,0.542178,0.163519,,237600,,
0,2,,0.289407,0.223821,0.486772,,258000,,
0,1,,0.036339,0.667989,0.295672,,253900,,
0,2,,0.141878,0.05105,0.807073,,261000,,
0,1,,0.226032,0.495476,0.278492,,250800,,
0,1,,0.009116,0.836268,0.154615,,246200,,
0,0,,0.604958,0.029743,0.365299,,248400,,
0,0,,0.351439,0.328409,0.320152,,250800,,
0,2,,0.172155,0.236793,0.591052,,247200,,
0,2,,0.173737,0.356482,0.469781,,247300,,
0,0,,0.456583,0.099542,0.443875,,241600,,
0,2,,0.351643,0.186128,0.462228,,248600,,
0,1,,0.367541,0.447593,0.184867,,243400,,
0,2,,0.063785,0.028516,0.907699,,249200,,
0,2,,0.038812,0.029587,0.931601,,244800,,
0,2,,0.322837,0.126961,0.550202,,251100,,
0,2,,0.411071,0.145387,0.443542,,243900,,
0,2,,0.258688,0.038462,0.702851,,258400,,
0,1,,0.272197,0.384126,0.343677,,249300,,
0,0,,0.8125,0.174167,0.013333,,244500,,
0,2,,0.188805,0.213977,0.597218,,1214600,,
0,2,,0.165716,0.053594,0.780691,,406900,,
0,2,,0.1982,0.033114,0.768686,,373800,,
0,1,,0.102321,0.657869,0.239809,,380600,,
0,2,,0.329824,0.050988,0.619189,,395800,,
0,0,,0.429797,0.234359,0.335844,,386200,,
0,1,,0.134148,0.58819,0.277662,,365800,,
0,2,,0.270572,0.347708,0.38172,,378500,,
0,2,,0.014272,0.291722,0.694006,,355800,,
0,0,,0.474415,0.368129,0.157456,,360000,,
0,2,,0.033434,0.032908,0.933658,,365500,,
0,2,,0.215079,0.049931,0.73499,,366900,,
0,0,,0.778402,0.048219,0.173379,,361100,,
0,0,,0.798402,0.041552,0.160046,,353400,,
0,2,,0.241323,0.339843,0.418835,,370800,,
0,2,,0.295794,0.137496,0.56671,,367400,,
0,1,,0.231413,0.389462,0.379125,,383600,,
0,1,,0.212879,0.475,0.312121,,363500,,
0,2,,0.068116,0.322023,0.609861,,365700,,
0,2,,0.143128,0.097622,0.75925,,361200,,
0,2,,0.340725,0.114883,0.544391,,366500,,
0,0,,0.622065,0.306399,0.071536,,405900,,
0,1,,0.386366,0.613634,0,,379800,,
0,1,,0.424622,0.465863,0.109515,,379900,,
0,2,,0.265077,0.258739,0.476183,,252300,,
0,1,,0.021787,0.94502,0.033193,,243100,,
0,2,,0.253497,0.33986,0.406644,,257800,,
0,2,,0.353571,0.278995,0.367434,,264700,,
0,2,,0.247231,0.046211,0.706558,,264100,,
0,0,,0.559396,0.234875,0.205729,,250900,,
0,1,,0.023855,0.842037,0.134108,,248400,,
0,1,,0.035668,0.679748,0.284584,,248400,,
0,2,,0.020674,0.010486,0.96884,,297900,,
0,1,,0.172895,0.768593,0.058511,,255200,,
0,0,,0.839951,0.140833,0.019216,,250700,,
0,2,,0.23096,0.129599,0.639441,,249000,,
0,0,,0.485533,0.037151,0.477316,,251800,,
0,2,,0.019214,0.013132,0.967654,,236100,,
0,1,,0.173085,0.756859,0.070056,,239900,,
0,0,,0.60241,0.374739,0.02285,,244900,,
0,0,,0.477712,0.460096,0.062192,,251700,,
0,2,,0.159135,0.21488,0.625985,,252100,,
0,2,,0.123181,0.192116,0.684703,,253200,,
0,2,,0.161822,0.233629,0.604549,,249100,,
0,2,,0.142197,0.347659,0.510144,,244700,,
0,1,,0.058929,0.885255,0.055816,,250000,,
0,2,,0.348506,0.030347,0.621147,,250500,,
0,2,,0.227764,0.278452,0.493784,,241700,,
0,1,,0.153241,0.559259,0.2875,,256300,,
0,0,,0.634543,0.061905,0.303552,,273300,,
0,2,,0.337631,0.087755,0.574615,,266400,,
0,2,,0.158087,0.21921,0.622703,,250200,,
0,2,,0.280316,0.083643,0.636042,,259000,,
0,0,,0.533564,0.185834,0.280602,,257000,,
0,2,,0.089773,0.039284,0.870943,,240800,,
0,2,,0.195202,0.360081,0.444717,,249000,,
0,2,,0.116333,0.101415,0.782252,,248400,,
0,2,,0.068974,0.172365,0.758661,,243200,,
0,0,,0.534496,0.090416,0.375088,,263100,,
0,2,,0.269711,0.087106,0.643183,,245000,,
0,0,,0.430262,0.324732,0.245006,,250100,,
0,2,,0.125173,0.28361,0.591217,,246400,,
0,2,,0.02436,0.010401,0.965239,,241600,,
0,2,,0.328248,0.272539,0.399213,,246100,,
0,2,,0.023169,0.132425,0.844406,,273200,,
0,0,,0.869475,0.109531,0.020994,,252700,,
0,1,,0.328609,0.604955,0.066436,,269700,,
0,1,,0.132567,0.558065,0.309368,,254600,,
0,2,,0.422831,0.028247,0.548921,,251100,,
0,2,,0.297001,0.054483,0.648516,,244700,,
0,1,,0.138571,0.490238,0.37119,,247600,,
0,0,,0.884864,0.078535,0.036601,,255400,,
0,2,,0.137787,0.206297,0.655917,,253100,,
0,2,,0.029567,0.093377,0.877056,,239600,,
