connect-4,NBayes,test,4,NANOSECONDS,PREDICTIONS, Generated by ClassifierExperiments.java on 2022-05-16 16:04:53.    SYSTEMPROPERTIES:{user.name:matth,os.arch:amd64,os.name:Windows 10},ENDSYSTEMPROPERTIES
No parameter info
0.8303730017761989,338897828600,3460586100,-1,242596560,3,,-1,-1
0,0,,0.623085,0.182507,0.194408,,664400,,
0,2,,0.168326,0.101497,0.730177,,367200,,
0,2,,0.258072,0.234651,0.507277,,295700,,
0,2,,0.340498,0.058973,0.600529,,284700,,
0,2,,0.036064,0.101241,0.862695,,257200,,
0,2,,0.333903,0.078513,0.587584,,255200,,
0,2,,0.290308,0.264662,0.445029,,269500,,
0,1,,0.047048,0.678755,0.274196,,259200,,
0,2,,0.152137,0.130746,0.717117,,275700,,
0,2,,0.157473,0.061223,0.781304,,258800,,
0,2,,0.29,0.281111,0.428889,,280300,,
0,1,,0.072441,0.683083,0.244477,,346000,,
0,0,,0.67861,0.275653,0.045737,,299900,,
0,2,,0.042478,0.395238,0.562284,,250500,,
0,2,,0.140958,0.404785,0.454257,,242100,,
0,2,,0.217578,0.237452,0.544969,,239400,,
0,1,,0.096173,0.756004,0.147823,,241100,,
0,2,,0.043819,0.369194,0.586987,,242800,,
0,2,,0.087489,0.085538,0.826973,,243500,,
0,2,,0.105924,0.135538,0.758539,,256100,,
0,0,,0.569767,0.412719,0.017514,,239200,,
0,0,,0.63125,0.116667,0.252083,,248600,,
0,1,,0.290556,0.356936,0.352508,,246600,,
0,2,,0.209753,0.128593,0.661654,,245100,,
0,2,,0.160113,0.163371,0.676516,,243300,,
0,0,,0.383253,0.283898,0.332849,,252400,,
0,1,,0.010064,0.67347,0.316466,,243000,,
0,2,,0.26829,0.132698,0.599012,,241800,,
0,2,,0.400854,0.082951,0.516195,,239700,,
0,1,,0.047775,0.49717,0.455055,,244400,,
0,0,,0.596366,0.163677,0.239957,,236700,,
0,2,,0.079683,0.132779,0.787538,,244500,,
0,0,,0.594386,0.395881,0.009733,,236000,,
0,0,,0.505417,0.345909,0.148674,,243600,,
0,0,,0.531453,0.085409,0.383138,,238400,,
0,1,,0.109484,0.62092,0.269596,,236700,,
0,1,,0.437664,0.522817,0.039519,,234700,,
0,0,,0.798421,0.076096,0.125482,,240800,,
0,0,,0.816846,0.054294,0.128859,,232800,,
0,1,,0.135442,0.692286,0.172272,,298200,,
0,0,,0.494142,0.020115,0.485742,,267700,,
0,2,,0.088777,0.406667,0.504556,,245300,,
0,1,,0.02752,0.876593,0.095886,,254000,,
0,2,,0.090111,0.156689,0.753199,,273200,,
0,0,,0.709909,0.065922,0.224168,,294200,,
0,2,,0.062729,0.103819,0.833452,,316900,,
0,1,,0.28164,0.694202,0.024158,,280000,,
0,2,,0.286293,0.043215,0.670492,,276400,,
0,2,,0.143932,0.395188,0.460879,,276900,,
0,1,,0.219402,0.670503,0.110095,,317100,,
0,2,,0.077947,0.128765,0.793287,,257500,,
0,1,,0.139337,0.475452,0.38521,,256100,,
0,1,,0.299206,0.503175,0.197619,,242900,,
0,2,,0.207617,0.138863,0.65352,,240000,,
0,0,,0.617222,0.236349,0.146429,,276500,,
0,2,,0.132471,0.012901,0.854628,,241400,,
0,2,,0.046468,0.019701,0.933831,,244400,,
0,2,,0.136898,0.037728,0.825373,,244100,,
0,0,,0.422377,0.170762,0.406862,,259000,,
0,0,,0.678642,0.231272,0.090085,,247000,,
0,1,,0.136177,0.676243,0.18758,,243300,,
0,2,,0.134013,0.095014,0.770973,,236000,,
0,2,,0.021548,0.108167,0.870285,,237100,,
0,1,,0.089361,0.636748,0.273891,,240400,,
0,0,,0.423226,0.21579,0.360983,,237600,,
0,2,,0.161166,0.301994,0.53684,,260200,,
0,2,,0.060585,0.097542,0.841873,,318200,,
0,2,,0.229509,0.269625,0.500866,,291000,,
0,2,,0.028323,0.009826,0.961851,,235900,,
0,2,,0.182166,0.26916,0.548674,,254500,,
0,2,,0.258366,0.146841,0.594793,,246700,,
0,1,,0.096817,0.557661,0.345522,,246800,,
0,1,,0.081286,0.657427,0.261287,,244600,,
0,2,,0.027852,0.150197,0.821951,,242300,,
0,0,,0.540873,0.18396,0.275167,,247800,,
0,0,,0.383578,0.315243,0.301179,,249800,,
0,2,,0.360514,0.15,0.489486,,245100,,
0,1,,0.368958,0.543294,0.087748,,245600,,
0,1,,0.410551,0.516115,0.073333,,241600,,
0,2,,0.133067,0.154904,0.712029,,240000,,
0,2,,0.376993,0.03161,0.591398,,238400,,
0,2,,0.082421,0.019545,0.898034,,240800,,
0,2,,0.103333,0.251706,0.644961,,256000,,
0,2,,0.106883,0.345851,0.547266,,246400,,
0,2,,0.08963,0.388368,0.522002,,241600,,
0,2,,0.449833,0.045185,0.504982,,240600,,
0,2,,0.063115,0.039566,0.897319,,234800,,
0,2,,0.227894,0.225952,0.546154,,240700,,
0,1,,0.067748,0.665216,0.267036,,234900,,
0,0,,0.716787,0.247961,0.035253,,243200,,
0,2,,0.117156,0.247523,0.635321,,241900,,
0,2,,0.168873,0.141385,0.689741,,235100,,
0,1,,0.349435,0.536055,0.11451,,249400,,
0,2,,0.266474,0.349453,0.384073,,263800,,
0,2,,0.163214,0.014081,0.822704,,318600,,
0,1,,0.166011,0.748843,0.085146,,304100,,
0,2,,0.12301,0.203275,0.673715,,243700,,
0,2,,0.112931,0.389036,0.498034,,243600,,
0,2,,0.052329,0.469892,0.477779,,259500,,
0,0,,0.646493,0.151032,0.202476,,239500,,
0,1,,0.037321,0.48927,0.473409,,243800,,
0,1,,0.249364,0.687683,0.062954,,236100,,
0,1,,0.060792,0.674787,0.264421,,238900,,
0,0,,0.728798,0.04631,0.224892,,246800,,
0,0,,0.706938,0.25887,0.034193,,243200,,
0,2,,0.051882,0.167725,0.780393,,251800,,
0,2,,0.092465,0.171475,0.73606,,278900,,
0,1,,0.354563,0.63383,0.011607,,234500,,
0,2,,0.467412,0.04194,0.490648,,237700,,
0,1,,0.351389,0.609127,0.039484,,244600,,
0,0,,0.541488,0.065697,0.392815,,247800,,
0,2,,0.073717,0.452211,0.474072,,245200,,
0,2,,0.008486,0.007533,0.983982,,232500,,
0,2,,0.33012,0.08509,0.58479,,248100,,
0,2,,0.199573,0.295604,0.504823,,276500,,
0,2,,0.077038,0.351427,0.571535,,245400,,
0,1,,0.113845,0.526876,0.359279,,236500,,
0,2,,0.091717,0.039079,0.869204,,236500,,
0,2,,0.434372,0.049456,0.516173,,246500,,
0,1,,0.265113,0.716893,0.017994,,243400,,
0,0,,0.467031,0.10088,0.432089,,243100,,
0,2,,0.213294,0.290427,0.49628,,297600,,
0,2,,0.081434,0.011572,0.906994,,270400,,
0,2,,0.063261,0.194709,0.74203,,242000,,
0,1,,0.047751,0.604513,0.347736,,243000,,
0,2,,0.070278,0.353853,0.575869,,238900,,
0,0,,0.708115,0.220181,0.071704,,255800,,
0,2,,0.170231,0.24841,0.581358,,241700,,
0,0,,0.741441,0.13717,0.121389,,240500,,
0,2,,0.34978,0.147579,0.502641,,236000,,
0,1,,0.020056,0.672879,0.307065,,246400,,
0,1,,0.291201,0.419129,0.28967,,261700,,
0,2,,0.081567,0.09996,0.818473,,240800,,
0,1,,0.458292,0.529887,0.011821,,239700,,
0,0,,0.605907,0.046501,0.347593,,232300,,
0,0,,0.43125,0.335455,0.233295,,239500,,
0,1,,0.169447,0.789026,0.041527,,236600,,
0,1,,0.366082,0.435422,0.198496,,242200,,
0,1,,0.084796,0.860138,0.055066,,237000,,
0,2,,0.340944,0.286006,0.37305,,232500,,
0,2,,0.07688,0.09922,0.8239,,240700,,
0,2,,0.263785,0.245743,0.490472,,243200,,
0,2,,0.281444,0.218222,0.500334,,246600,,
0,2,,0.018868,0.416668,0.564464,,235600,,
0,1,,0.202446,0.582922,0.214632,,237500,,
0,2,,0.165541,0.214068,0.620391,,242500,,
0,1,,0.181502,0.649116,0.169382,,235800,,
0,2,,0.153811,0.151229,0.69496,,240400,,
0,2,,0.249768,0.095109,0.655122,,232400,,
0,2,,0.031046,0.247516,0.721438,,252700,,
0,2,,0.196564,0.391153,0.412283,,264900,,
0,2,,0.354198,0.057211,0.588591,,240700,,
0,1,,0.166321,0.490742,0.342937,,245100,,
0,1,,0.310133,0.391112,0.298755,,243700,,
0,0,,0.868254,0.007143,0.124603,,240000,,
0,2,,0.16951,0.333891,0.496599,,245200,,
0,2,,0.33743,0.113858,0.548712,,234600,,
0,0,,0.480921,0.195073,0.324006,,240700,,
0,1,,0.4105,0.412667,0.176833,,247900,,
0,2,,0.335028,0.282942,0.382029,,235700,,
0,2,,0.043893,0.05558,0.900527,,235700,,
0,2,,0.153038,0.343521,0.503441,,232000,,
0,2,,0.33688,0.132016,0.531105,,241500,,
0,2,,0.246216,0.020799,0.732985,,238500,,
0,2,,0.188654,0.064292,0.747054,,232800,,
0,1,,0.293305,0.63317,0.073524,,239700,,
0,2,,0.068926,0.200164,0.73091,,240700,,
0,2,,0.130655,0.121485,0.74786,,235100,,
0,2,,0.161829,0.033504,0.804667,,246200,,
0,1,,0.089743,0.513873,0.396383,,246600,,
0,2,,0.135608,0.015046,0.849346,,235000,,
0,0,,0.525328,0.102803,0.371869,,237200,,
0,2,,0.165944,0.339445,0.494611,,302100,,
0,2,,0.077961,0.207619,0.71442,,298100,,
0,0,,0.777413,0.137815,0.084772,,273500,,
0,1,,0.322965,0.661328,0.015707,,295600,,
0,1,,0.063431,0.698882,0.237688,,262800,,
0,0,,0.56262,0.135356,0.302024,,283000,,
0,0,,0.426414,0.304343,0.269242,,333800,,
0,2,,0.220593,0.080192,0.699215,,266700,,
0,1,,0.40399,0.465202,0.130808,,256400,,
0,1,,0.232005,0.603596,0.164399,,256300,,
0,2,,0.103901,0.197047,0.699052,,256900,,
0,2,,0.314613,0.042787,0.6426,,241000,,
0,2,,0.080178,0.333493,0.586329,,242600,,
0,2,,0.056822,0.076001,0.867178,,257200,,
0,2,,0.331571,0.118579,0.549849,,267100,,
0,0,,0.793405,0.015789,0.190805,,255600,,
0,2,,0.185757,0.030813,0.78343,,244200,,
0,2,,0.10728,0.111464,0.781256,,240900,,
0,0,,0.480921,0.29079,0.22829,,243600,,
0,2,,0.237294,0.228202,0.534503,,242200,,
0,1,,0.160278,0.74187,0.097853,,238800,,
0,0,,0.526474,0.335383,0.138143,,245500,,
0,2,,0.081257,0.281676,0.637067,,238600,,
0,1,,0.423537,0.573115,0.003347,,231000,,
0,2,,0.065524,0.401844,0.532632,,235700,,
0,2,,0.018932,0.012835,0.968233,,229700,,
0,0,,0.477884,0.064944,0.457171,,238400,,
0,0,,0.650517,0.039337,0.310146,,234800,,
0,2,,0.072477,0.211543,0.71598,,233300,,
0,2,,0.188851,0.173848,0.637301,,246300,,
0,2,,0.338053,0.103106,0.558841,,237800,,
0,2,,0.140702,0.021485,0.837814,,232200,,
0,2,,0.035172,0.017773,0.947055,,226900,,
0,2,,0.185447,0.191017,0.623535,,279000,,
0,2,,0.178481,0.053518,0.768001,,260700,,
0,1,,0.211701,0.736792,0.051507,,264100,,
0,2,,0.12712,0.153251,0.719629,,240400,,
0,2,,0.067422,0.154345,0.778234,,248500,,
0,2,,0.186676,0.271843,0.54148,,233300,,
0,1,,0.289507,0.506605,0.203887,,240500,,
0,2,,0.085142,0.019033,0.895826,,231400,,
0,2,,0.420945,0.024419,0.554635,,242500,,
0,2,,0.094069,0.081752,0.824179,,242800,,
0,2,,0.303502,0.087416,0.609082,,243100,,
0,1,,0.067999,0.705613,0.226388,,236700,,
0,2,,0.162481,0.319406,0.518113,,237500,,
0,2,,0.33053,0.321814,0.347656,,249400,,
0,1,,0.125848,0.447222,0.42693,,245500,,
0,2,,0.43369,0.081881,0.484429,,236600,,
0,1,,0.295495,0.492068,0.212436,,236600,,
0,2,,0.06411,0.212547,0.723344,,237200,,
0,0,,0.551944,0.185833,0.262222,,252500,,
0,2,,0.243162,0.274031,0.482807,,235500,,
0,2,,0.158106,0.2003,0.641593,,237200,,
0,2,,0.070396,0.358072,0.571532,,234500,,
0,0,,0.560724,0.302613,0.136663,,237600,,
0,2,,0.075,0.390152,0.534848,,242000,,
0,2,,0.006228,0.085065,0.908707,,233000,,
0,0,,0.527009,0.0411,0.43189,,233900,,
0,1,,0.049325,0.560133,0.390542,,240800,,
0,2,,0.10409,0.388768,0.507142,,233200,,
0,1,,0.353409,0.559176,0.087415,,230400,,
0,1,,0.158257,0.484636,0.357107,,292800,,
0,0,,0.615093,0.127242,0.257665,,293500,,
0,2,,0.158884,0.210063,0.631053,,375100,,
0,0,,0.576751,0.399901,0.023347,,264700,,
0,2,,0.305931,0.206017,0.488052,,250000,,
0,1,,0.154155,0.662035,0.18381,,256800,,
0,0,,0.524374,0.175882,0.299744,,246700,,
0,0,,0.464529,0.215097,0.320373,,250400,,
0,0,,0.506085,0.275921,0.217995,,257600,,
0,2,,0.410943,0.079589,0.509468,,252400,,
0,1,,0.209387,0.470566,0.320047,,241900,,
0,2,,0.143538,0.2539,0.602562,,241900,,
0,2,,0.032067,0.031803,0.93613,,232400,,
0,0,,0.420076,0.395957,0.183967,,244600,,
0,0,,0.565754,0.15754,0.276706,,244500,,
0,2,,0.18013,0.257622,0.562248,,233100,,
0,2,,0.152697,0.39117,0.456133,,243900,,
0,2,,0.179003,0.104153,0.716845,,259800,,
0,0,,0.526082,0.463918,0.01,,246000,,
0,2,,0.063511,0.019641,0.916848,,235100,,
0,2,,0.315354,0.048077,0.636569,,241300,,
0,2,,0.100038,0.430351,0.469611,,246400,,
0,2,,0.097407,0.080389,0.822204,,238600,,
0,2,,0.356106,0.040826,0.603067,,241600,,
0,1,,0.382182,0.447727,0.170091,,239900,,
0,2,,0.455359,0.029967,0.514675,,249200,,
0,0,,0.573561,0.067398,0.359042,,240100,,
0,0,,0.596335,0.161247,0.242419,,280000,,
0,2,,0.093449,0.437996,0.468555,,278300,,
0,2,,0.215992,0.279825,0.504182,,240300,,
0,0,,0.402645,0.286731,0.310624,,251900,,
0,1,,0.20806,0.672058,0.119882,,243900,,
0,2,,0.237432,0.147151,0.615417,,250700,,
0,2,,0.227293,0.106028,0.666679,,238700,,
0,1,,0.33189,0.400476,0.267633,,242100,,
0,0,,0.478589,0.235826,0.285586,,235700,,
0,2,,0.262703,0.337729,0.399568,,236400,,
0,0,,0.658417,0.221795,0.119787,,243400,,
0,2,,0.237795,0.090496,0.671709,,247600,,
0,0,,0.729281,0.216414,0.054305,,242900,,
0,1,,0.155335,0.563283,0.281383,,243800,,
0,2,,0.045605,0.331412,0.622983,,231800,,
0,2,,0.103821,0.280154,0.616025,,236100,,
0,2,,0.04235,0.124147,0.833503,,235900,,
0,1,,0.328109,0.360306,0.311585,,243400,,
0,1,,0.370759,0.61441,0.014831,,242600,,
0,2,,0.197216,0.251879,0.550904,,245900,,
0,0,,0.783101,0.064855,0.152044,,239000,,
0,0,,0.519096,0.020607,0.460297,,235200,,
0,1,,0.297769,0.412707,0.289524,,235100,,
0,0,,0.708738,0.262108,0.029154,,240500,,
0,1,,0.274416,0.428616,0.296968,,238900,,
0,0,,0.517778,0.025,0.457222,,237200,,
0,0,,0.390714,0.276786,0.3325,,239900,,
0,1,,0.037512,0.600192,0.362296,,249000,,
0,2,,0.046426,0.345801,0.607773,,245000,,
0,2,,0.117905,0.373379,0.508716,,264500,,
0,2,,0.066335,0.010354,0.923311,,234200,,
0,2,,0.077428,0.216484,0.706088,,245200,,
0,1,,0.181916,0.811191,0.006893,,241500,,
0,0,,0.571434,0.377676,0.050889,,240800,,
0,1,,0.024172,0.542712,0.433116,,235800,,
0,2,,0.197976,0.211667,0.590357,,269300,,
0,2,,0.131621,0.29058,0.5778,,241700,,
0,1,,0.072441,0.551761,0.375798,,234300,,
0,2,,0.316031,0.076789,0.60718,,249300,,
0,0,,0.622207,0.261103,0.11669,,260500,,
0,2,,0.057721,0.21338,0.7289,,277200,,
0,1,,0.218001,0.652208,0.129792,,240500,,
0,2,,0.290802,0.171471,0.537727,,238800,,
0,2,,0.379432,0.147452,0.473116,,237300,,
0,1,,0.042613,0.87428,0.083107,,234100,,
0,1,,0.273497,0.685422,0.041081,,229100,,
0,2,,0.016193,0.10919,0.874617,,226500,,
0,0,,0.533373,0.293203,0.173424,,239600,,
0,2,,0.073576,0.086667,0.839757,,242700,,
0,2,,0.367548,0.142209,0.490243,,237300,,
0,2,,0.023512,0.29579,0.680698,,234900,,
0,0,,0.5083,0.044442,0.447258,,240200,,
0,0,,0.467268,0.350068,0.182664,,246100,,
0,1,,0.276809,0.481254,0.241937,,236400,,
0,2,,0.114713,0.334755,0.550533,,243500,,
0,1,,0.216972,0.549415,0.233613,,239700,,
0,2,,0.291213,0.028346,0.68044,,234900,,
0,2,,0.042207,0.294123,0.66367,,254000,,
0,1,,0.339045,0.519003,0.141951,,252500,,
0,1,,0.133333,0.755397,0.11127,,242400,,
0,2,,0.296671,0.109513,0.593816,,246200,,
0,2,,0.207928,0.118117,0.673955,,227800,,
0,2,,0.091921,0.087285,0.820794,,236000,,
0,2,,0.031258,0.017014,0.951728,,229300,,
0,2,,0.140469,0.058624,0.800907,,234800,,
0,2,,0.035985,0.141544,0.822471,,228500,,
0,1,,0.040409,0.825666,0.133924,,236400,,
0,2,,0.033462,0.161623,0.804915,,231600,,
0,1,,0.045932,0.865529,0.088539,,237200,,
0,0,,0.48762,0.210356,0.302024,,234800,,
0,1,,0.164342,0.725388,0.11027,,238500,,
0,1,,0.323761,0.55119,0.125049,,240500,,
0,2,,0.168175,0.184592,0.647233,,237900,,
0,2,,0.108938,0.352475,0.538587,,241300,,
0,2,,0.296018,0.351099,0.352883,,232000,,
0,2,,0.022572,0.074651,0.902777,,234300,,
0,1,,0.048268,0.645341,0.306391,,233900,,
0,2,,0.308595,0.04967,0.641735,,232400,,
0,2,,0.104213,0.085686,0.810101,,238900,,
0,0,,0.393344,0.279213,0.327443,,229900,,
0,2,,0.280757,0.035412,0.683831,,235000,,
0,2,,0.329421,0.182106,0.488473,,242000,,
0,1,,0.160723,0.442428,0.396849,,233100,,
0,2,,0.135957,0.091379,0.772664,,233100,,
0,2,,0.151619,0.293796,0.554585,,234200,,
0,0,,0.445379,0.228218,0.326403,,231200,,
0,2,,0.13323,0.225174,0.641596,,243200,,
0,1,,0.243766,0.653419,0.102814,,255000,,
0,0,,0.683323,0.278996,0.037681,,238700,,
0,2,,0.027326,0.219041,0.753633,,235500,,
0,2,,0.440075,0.056041,0.503884,,236700,,
0,2,,0.158378,0.30737,0.534251,,237300,,
0,2,,0.091025,0.332241,0.576734,,233000,,
0,1,,0.102731,0.771414,0.125855,,231800,,
0,2,,0.242246,0.179631,0.578123,,232600,,
0,0,,0.715268,0.114012,0.17072,,241100,,
0,2,,0.079394,0.236498,0.684108,,238900,,
0,0,,0.433338,0.205133,0.361529,,240000,,
0,1,,0.082462,0.701588,0.215951,,261100,,
0,2,,0.115826,0.220685,0.663489,,235300,,
0,1,,0.263273,0.46161,0.275117,,241900,,
0,1,,0.274123,0.461398,0.264479,,236500,,
0,2,,0.199431,0.048671,0.751898,,238700,,
0,0,,0.432615,0.242677,0.324708,,235200,,
0,2,,0.392118,0.042469,0.565413,,230500,,
0,1,,0.320808,0.485426,0.193766,,233100,,
0,0,,0.446782,0.111879,0.441339,,260200,,
0,2,,0.119178,0.041899,0.838922,,293100,,
0,2,,0.113258,0.324245,0.562497,,241200,,
0,1,,0.217867,0.399209,0.382923,,234200,,
0,0,,0.865026,0.030311,0.104663,,235500,,
0,2,,0.13086,0.036775,0.832365,,239400,,
0,2,,0.089352,0.21002,0.700628,,239000,,
0,1,,0.33474,0.495011,0.170249,,243500,,
0,1,,0.155533,0.754588,0.089879,,239900,,
0,2,,0.274072,0.036871,0.689057,,253200,,
0,0,,0.481807,0.079082,0.439111,,251200,,
0,2,,0.052812,0.466287,0.480901,,232000,,
0,1,,0.470921,0.477242,0.051837,,251100,,
0,2,,0.251032,0.128968,0.62,,249200,,
0,1,,0.089525,0.729564,0.180912,,238500,,
0,2,,0.423541,0.030851,0.545608,,237100,,
0,2,,0.317769,0.093505,0.588726,,236900,,
0,2,,0.048909,0.021019,0.930072,,231600,,
0,2,,0.087123,0.226437,0.686439,,234500,,
0,2,,0.22253,0.226047,0.551423,,238300,,
0,2,,0.050809,0.048312,0.900878,,232900,,
0,1,,0.053173,0.694437,0.252389,,238900,,
0,2,,0.067202,0.124449,0.808349,,233600,,
0,1,,0.055675,0.569878,0.374447,,230300,,
0,2,,0.058016,0.196933,0.745051,,233200,,
0,2,,0.313286,0.137002,0.549712,,245000,,
0,1,,0.109759,0.649387,0.240854,,233400,,
0,0,,0.476744,0.350859,0.172398,,240200,,
0,2,,0.074563,0.169412,0.756025,,233700,,
0,2,,0.363007,0.041858,0.595134,,236900,,
0,2,,0.228231,0.114128,0.657641,,233000,,
0,1,,0.098093,0.785669,0.116238,,232900,,
0,2,,0.018741,0.040903,0.940357,,233800,,
0,1,,0.270544,0.378893,0.350563,,234800,,
0,2,,0.053123,0.126537,0.82034,,245100,,
0,0,,0.462615,0.219818,0.317567,,230800,,
0,2,,0.08056,0.27133,0.64811,,239100,,
0,2,,0.031832,0.010186,0.957982,,226000,,
0,2,,0.041329,0.346732,0.61194,,236300,,
0,2,,0.01595,0.23643,0.74762,,262700,,
0,0,,0.507011,0.404753,0.088235,,236000,,
0,2,,0.048818,0.130796,0.820386,,241500,,
0,2,,0.086548,0.081876,0.831576,,238800,,
0,0,,0.552046,0.266946,0.181008,,245100,,
0,1,,0.240648,0.508796,0.250556,,230700,,
0,2,,0.064708,0.108,0.827292,,238900,,
0,2,,0.154625,0.154001,0.691374,,250500,,
0,2,,0.036264,0.067637,0.8961,,269600,,
0,1,,0.142221,0.680857,0.176921,,267500,,
0,2,,0.050372,0.016233,0.933396,,256200,,
0,2,,0.213966,0.249928,0.536106,,245900,,
0,0,,0.768578,0.20371,0.027712,,242200,,
0,2,,0.114101,0.023397,0.862503,,241500,,
0,0,,0.761136,0.06553,0.173333,,257900,,
0,1,,0.082565,0.735181,0.182254,,267100,,
0,0,,0.503121,0.456727,0.040152,,254900,,
0,2,,0.19801,0.169942,0.632048,,242400,,
0,1,,0.099545,0.566481,0.333973,,252600,,
0,2,,0.062543,0.120102,0.817355,,272600,,
0,0,,0.468672,0.371836,0.159491,,259700,,
0,2,,0.05006,0.117828,0.832113,,248800,,
0,2,,0.249268,0.239233,0.511498,,250900,,
0,2,,0.047178,0.02482,0.928002,,246600,,
0,2,,0.028393,0.08877,0.882837,,261200,,
0,1,,0.16298,0.673651,0.16337,,275900,,
0,2,,0.119539,0.352498,0.527963,,263600,,
0,2,,0.051214,0.022567,0.926219,,294600,,
0,2,,0.045553,0.056106,0.898341,,241400,,
0,0,,0.464504,0.436342,0.099154,,250800,,
0,2,,0.076328,0.177837,0.745835,,248800,,
0,2,,0.292386,0.021951,0.685663,,271100,,
0,2,,0.338102,0.058083,0.603815,,289800,,
0,2,,0.04602,0.066397,0.887583,,275600,,
0,2,,0.303446,0.105733,0.590821,,266100,,
0,0,,0.454675,0.263217,0.282108,,265400,,
0,2,,0.229116,0.305015,0.465869,,250600,,
0,1,,0.289773,0.410231,0.299997,,262600,,
0,2,,0.121588,0.283543,0.594869,,316600,,
0,1,,0.433333,0.447917,0.11875,,358500,,
0,1,,0.057274,0.659388,0.283338,,296100,,
0,1,,0.449248,0.512002,0.03875,,325700,,
0,1,,0.026528,0.518903,0.454569,,333100,,
0,1,,0.097211,0.493905,0.408885,,316600,,
0,1,,0.151301,0.767527,0.081172,,336000,,
0,1,,0.394533,0.556063,0.049405,,333500,,
0,1,,0.011849,0.939158,0.048993,,302900,,
0,0,,0.583694,0.096742,0.319564,,293300,,
0,0,,0.350175,0.323072,0.326753,,273700,,
0,0,,0.585842,0.096071,0.318086,,294300,,
0,1,,0.168167,0.692697,0.139137,,285200,,
0,2,,0.05168,0.230704,0.717616,,401100,,
0,2,,0.345283,0.245244,0.409473,,340800,,
0,1,,0.365495,0.434575,0.19993,,290300,,
0,2,,0.311749,0.050035,0.638216,,273900,,
0,1,,0.032193,0.916445,0.051362,,287000,,
0,2,,0.20901,0.08823,0.70276,,281500,,
0,2,,0.322108,0.031275,0.646618,,275500,,
0,0,,0.491402,0.13681,0.371788,,266400,,
0,2,,0.332077,0.042548,0.625375,,278400,,
0,0,,0.522436,0.17878,0.298784,,289000,,
0,0,,0.488049,0.346069,0.165882,,280700,,
0,1,,0.041796,0.864115,0.09409,,257000,,
0,2,,0.081403,0.273341,0.645255,,257800,,
0,1,,0.241859,0.751711,0.006429,,260100,,
0,2,,0.033197,0.339715,0.627088,,249600,,
0,2,,0.286678,0.300082,0.41324,,247000,,
0,2,,0.04804,0.02633,0.925629,,249100,,
0,2,,0.148962,0.126791,0.724247,,245200,,
0,1,,0.180865,0.710036,0.109099,,247800,,
0,0,,0.63684,0.257251,0.105909,,248500,,
0,2,,0.233415,0.248287,0.518298,,245600,,
0,0,,0.52,0.440645,0.039355,,245800,,
0,2,,0.136921,0.059426,0.803653,,246600,,
0,1,,0.096312,0.727194,0.176495,,241700,,
0,2,,0.172083,0.189583,0.638333,,243100,,
0,0,,0.708927,0.101037,0.190035,,302400,,
0,0,,0.608539,0.187424,0.204037,,375100,,
0,2,,0.141231,0.037115,0.821654,,336500,,
0,0,,0.574841,0.195,0.230159,,275300,,
0,2,,0.06138,0.173189,0.765431,,244200,,
0,2,,0.310637,0.109466,0.579897,,261800,,
0,2,,0.123036,0.199813,0.67715,,261400,,
0,2,,0.19076,0.231817,0.577423,,308100,,
0,1,,0.179222,0.616675,0.204103,,268500,,
0,2,,0.315278,0.04404,0.640682,,250400,,
0,0,,0.497289,0.129378,0.373333,,250400,,
0,1,,0.18689,0.692371,0.120739,,245200,,
0,2,,0.080712,0.175337,0.74395,,236200,,
0,2,,0.182606,0.197882,0.619511,,242300,,
0,1,,0.113803,0.783256,0.10294,,251200,,
0,0,,0.64526,0.120306,0.234434,,264900,,
0,2,,0.098495,0.044086,0.857419,,278400,,
0,2,,0.394926,0.141341,0.463733,,260700,,
0,1,,0.29999,0.57195,0.12806,,247400,,
0,2,,0.026683,0.222943,0.750374,,249400,,
0,2,,0.038237,0.316643,0.645119,,247700,,
0,0,,0.820572,0.125415,0.054013,,254600,,
0,1,,0.095326,0.79094,0.113734,,255800,,
0,1,,0.06643,0.788547,0.145023,,290000,,
0,0,,0.782167,0.120055,0.097778,,283200,,
0,1,,0.073848,0.681242,0.24491,,284300,,
0,2,,0.040636,0.260429,0.698935,,357800,,
0,0,,0.831213,0.09636,0.072427,,352200,,
0,1,,0.236873,0.569299,0.193828,,275300,,
0,2,,0.342765,0.151894,0.505341,,265000,,
0,1,,0.152192,0.441315,0.406494,,257200,,
0,1,,0.214999,0.469133,0.315868,,244200,,
0,0,,0.418743,0.322884,0.258373,,247700,,
0,2,,0.389546,0.181793,0.428661,,258400,,
0,0,,0.562102,0.238113,0.199785,,254800,,
0,2,,0.120119,0.180833,0.699048,,260300,,
0,0,,0.699604,0.234485,0.065911,,268700,,
0,2,,0.151561,0.41697,0.431469,,252200,,
0,0,,0.537437,0.057757,0.404806,,248300,,
0,1,,0.368925,0.47027,0.160805,,247500,,
0,2,,0.125719,0.140444,0.733836,,250400,,
0,2,,0.036799,0.203586,0.759615,,265600,,
0,2,,0.049787,0.031203,0.919009,,246200,,
0,1,,0.355952,0.606675,0.037372,,269300,,
0,2,,0.050068,0.012681,0.93725,,236200,,
0,2,,0.094787,0.344878,0.560335,,247000,,
0,2,,0.069051,0.237001,0.693947,,245600,,
0,2,,0.037449,0.325084,0.637467,,241100,,
0,2,,0.067591,0.01186,0.920548,,234100,,
0,1,,0.349249,0.444429,0.206322,,266200,,
0,0,,0.489859,0.453398,0.056742,,252100,,
0,1,,0.095079,0.534525,0.370396,,249400,,
0,2,,0.164684,0.338548,0.496769,,261800,,
0,2,,0.124046,0.157281,0.718673,,290900,,
0,1,,0.055,0.764091,0.180909,,259400,,
0,0,,0.934938,0.023991,0.041071,,245700,,
0,1,,0.019607,0.93557,0.044823,,234500,,
0,1,,0.088977,0.767194,0.143829,,250000,,
0,2,,0.2188,0.26411,0.51709,,248900,,
0,0,,0.506905,0.315952,0.177143,,244500,,
0,0,,0.603323,0.382329,0.014348,,246200,,
0,2,,0.229127,0.016778,0.754095,,240400,,
0,1,,0.338869,0.499762,0.161369,,248400,,
0,2,,0.272027,0.303126,0.424848,,248300,,
0,2,,0.177841,0.066006,0.756154,,239500,,
0,2,,0.135938,0.112405,0.751657,,258800,,
0,0,,0.464145,0.18,0.355855,,257500,,
0,2,,0.255626,0.051096,0.693278,,251000,,
0,1,,0.132551,0.641956,0.225493,,248500,,
0,2,,0.159482,0.240342,0.600176,,284200,,
0,1,,0.182329,0.4501,0.367571,,254100,,
0,2,,0.119012,0.092066,0.788922,,261000,,
0,0,,0.663349,0.283318,0.053333,,251600,,
0,2,,0.219022,0.212744,0.568235,,247800,,
0,2,,0.179883,0.056598,0.763519,,245800,,
0,1,,0.150584,0.54809,0.301326,,254000,,
0,2,,0.058879,0.099582,0.841539,,257600,,
0,2,,0.256547,0.032391,0.711062,,250400,,
0,2,,0.043735,0.442841,0.513424,,256000,,
0,2,,0.222437,0.130527,0.647035,,244100,,
0,0,,0.515083,0.380365,0.104552,,299700,,
0,1,,0.356132,0.403057,0.240811,,271700,,
0,2,,0.291538,0.025638,0.682825,,246000,,
0,2,,0.049865,0.471421,0.478713,,270200,,
0,0,,0.615303,0.144848,0.239848,,246300,,
0,0,,0.632937,0.325,0.042063,,264300,,
0,2,,0.040862,0.03535,0.923788,,246100,,
0,2,,0.053906,0.201438,0.744656,,241400,,
0,0,,0.476824,0.066858,0.456318,,246100,,
0,2,,0.109676,0.103278,0.787045,,241800,,
0,2,,0.007745,0.004271,0.987984,,237000,,
0,1,,0.177186,0.496674,0.32614,,244900,,
0,2,,0.087462,0.030668,0.88187,,237000,,
0,2,,0.135239,0.226754,0.638007,,247300,,
0,2,,0.325027,0.010534,0.664439,,247700,,
0,0,,0.680026,0.253416,0.066558,,259000,,
0,1,,0.307229,0.646568,0.046203,,252800,,
0,2,,0.378717,0.196541,0.424742,,242700,,
0,2,,0.031727,0.056518,0.911755,,245300,,
0,2,,0.307649,0.11607,0.576281,,248400,,
0,2,,0.1406,0.201312,0.658088,,239700,,
0,2,,0.136954,0.094755,0.76829,,246200,,
0,2,,0.347441,0.103906,0.548653,,249200,,
0,1,,0.34204,0.422768,0.235192,,249300,,
0,0,,0.579387,0.410378,0.010235,,243100,,
0,0,,0.563358,0.146866,0.289776,,243600,,
0,0,,0.643208,0.226135,0.130657,,242300,,
0,0,,0.652695,0.06893,0.278375,,247000,,
0,2,,0.054702,0.034871,0.910427,,303600,,
0,2,,0.070961,0.426788,0.502251,,293800,,
0,2,,0.093765,0.088114,0.818121,,246900,,
0,2,,0.092545,0.024748,0.882707,,238500,,
0,0,,0.752345,0.019599,0.228056,,247500,,
0,1,,0.282234,0.552108,0.165658,,260700,,
0,1,,0.259365,0.613728,0.126907,,266600,,
0,2,,0.297192,0.05664,0.646168,,254300,,
0,2,,0.424086,0.063623,0.512291,,260400,,
0,1,,0.064819,0.904377,0.030804,,254200,,
0,2,,0.232598,0.324895,0.442507,,269000,,
0,1,,0.231111,0.595556,0.173333,,261700,,
0,0,,0.485418,0.44677,0.067812,,261100,,
0,0,,0.789159,0.069892,0.140949,,249400,,
0,0,,0.490887,0.171155,0.337959,,253400,,
0,2,,0.057374,0.186552,0.756074,,258900,,
0,2,,0.047791,0.02211,0.9301,,241700,,
0,2,,0.093638,0.092986,0.813376,,242900,,
0,2,,0.164988,0.261767,0.573244,,247900,,
0,1,,0.06859,0.795836,0.135575,,249200,,
0,2,,0.048301,0.207718,0.743981,,241000,,
0,2,,0.079486,0.309448,0.611066,,246600,,
0,0,,0.53959,0.437993,0.022417,,239400,,
0,0,,0.512708,0.446977,0.040315,,254600,,
0,2,,0.078603,0.30259,0.618807,,304300,,
0,2,,0.156988,0.31138,0.531632,,301700,,
0,2,,0.0258,0.196415,0.777785,,297700,,
0,2,,0.038237,0.127754,0.834008,,343200,,
0,2,,0.055737,0.174263,0.77,,283500,,
0,2,,0.044345,0.042799,0.912856,,259000,,
0,1,,0.329637,0.458333,0.21203,,314100,,
0,1,,0.082894,0.746614,0.170492,,251000,,
0,2,,0.050445,0.016013,0.933542,,242300,,
0,2,,0.341644,0.236101,0.422255,,243400,,
0,2,,0.233333,0.203889,0.562778,,243600,,
0,0,,0.391051,0.222736,0.386213,,255700,,
0,2,,0.344586,0.160499,0.494915,,255400,,
0,2,,0.378395,0.008333,0.613271,,280300,,
0,1,,0.237028,0.475779,0.287193,,265400,,
0,1,,0.071739,0.788182,0.140079,,274400,,
0,0,,0.640452,0.14172,0.217828,,326600,,
0,2,,0.321533,0.11922,0.559247,,248900,,
0,1,,0.231232,0.602079,0.166689,,293900,,
0,1,,0.212626,0.461648,0.325725,,262600,,
0,1,,0.098843,0.459152,0.442006,,265300,,
0,2,,0.337539,0.255607,0.406853,,268000,,
0,1,,0.407147,0.504475,0.088378,,256200,,
0,0,,0.451751,0.359572,0.188677,,254500,,
0,0,,0.454527,0.407801,0.137671,,248700,,
0,2,,0.124254,0.049965,0.82578,,245800,,
0,1,,0.092526,0.466899,0.440575,,260200,,
0,1,,0.361773,0.382877,0.25535,,247900,,
0,0,,0.508829,0.268903,0.222268,,302900,,
0,1,,0.078759,0.567216,0.354024,,302800,,
0,2,,0.320527,0.133373,0.5461,,289600,,
0,0,,0.675455,0.072045,0.2525,,245400,,
0,1,,0.269722,0.380556,0.349722,,247400,,
0,1,,0.074112,0.90366,0.022228,,254000,,
0,2,,0.247687,0.067425,0.684888,,247100,,
0,2,,0.267994,0.337,0.395006,,247600,,
0,2,,0.019581,0.098111,0.882309,,244600,,
0,1,,0.353175,0.494643,0.152183,,297400,,
0,2,,0.280106,0.126731,0.593163,,305100,,
0,0,,0.516811,0.095808,0.387381,,251500,,
0,0,,0.559488,0.168646,0.271866,,258300,,
0,2,,0.159268,0.332874,0.507858,,248200,,
0,2,,0.027486,0.076929,0.895585,,239000,,
0,1,,0.089304,0.499923,0.410773,,262300,,
0,2,,0.019924,0.012591,0.967485,,233000,,
0,0,,0.74988,0.177637,0.072483,,245100,,
0,2,,0.062171,0.358444,0.579385,,242200,,
0,2,,0.031981,0.008639,0.959379,,231900,,
0,1,,0.055147,0.612348,0.332505,,236200,,
0,2,,0.270656,0.277564,0.45178,,239900,,
0,1,,0.313896,0.612992,0.073113,,246800,,
0,2,,0.199797,0.103231,0.696972,,242000,,
0,0,,0.621232,0.045564,0.333204,,237900,,
0,2,,0.03893,0.228759,0.732311,,250400,,
0,1,,0.201182,0.557036,0.241782,,268800,,
0,1,,0.237651,0.603923,0.158426,,319400,,
0,2,,0.084103,0.430471,0.485426,,354900,,
0,0,,0.466504,0.375866,0.15763,,326600,,
0,2,,0.459745,0.021361,0.518894,,267100,,
0,2,,0.032393,0.321101,0.646506,,265600,,
0,1,,0.397627,0.447821,0.154552,,344500,,
0,2,,0.276219,0.129424,0.594357,,268800,,
0,2,,0.242343,0.370143,0.387515,,256000,,
0,2,,0.261689,0.282227,0.456084,,249300,,
0,2,,0.089813,0.097031,0.813156,,253800,,
0,2,,0.402828,0.07447,0.522702,,248300,,
0,0,,0.408678,0.339897,0.251426,,242600,,
0,2,,0.04736,0.13249,0.82015,,246300,,
0,2,,0.203825,0.151361,0.644814,,279200,,
0,0,,0.676611,0.058895,0.264494,,272900,,
0,2,,0.054234,0.340783,0.604982,,246500,,
0,2,,0.055742,0.076069,0.868189,,243500,,
0,2,,0.336469,0.205195,0.458335,,236900,,
0,2,,0.14071,0.073246,0.786044,,249400,,
0,1,,0.241415,0.602508,0.156076,,253400,,
0,0,,0.730159,0.213889,0.055952,,265100,,
0,2,,0.337178,0.221307,0.441514,,265300,,
0,2,,0.072952,0.208033,0.719015,,248900,,
0,1,,0.161295,0.447246,0.391459,,260100,,
0,0,,0.62957,0.37043,0,,274500,,
0,0,,0.450957,0.360857,0.188185,,271700,,
0,1,,0.328621,0.483065,0.188314,,362200,,
0,2,,0.043686,0.474163,0.482151,,356600,,
0,1,,0.36381,0.389005,0.247185,,309800,,
0,0,,0.637604,0.128465,0.233931,,283200,,
0,0,,0.552273,0.113333,0.334394,,293700,,
0,1,,0.068419,0.551095,0.380486,,278100,,
0,2,,0.132089,0.051158,0.816752,,296700,,
0,2,,0.094693,0.029752,0.875555,,274400,,
0,2,,0.335947,0.255517,0.408535,,274900,,
0,2,,0.20245,0.382547,0.415003,,276800,,
0,0,,0.729615,0.232735,0.03765,,259200,,
0,2,,0.1,0.439689,0.460311,,256100,,
0,2,,0.144214,0.293571,0.562214,,265600,,
0,2,,0.10268,0.08787,0.80945,,251800,,
0,0,,0.594583,0.332407,0.073009,,250000,,
0,1,,0.339228,0.500996,0.159776,,254900,,
0,0,,0.369048,0.323571,0.307381,,248500,,
0,2,,0.18469,0.166087,0.649223,,246900,,
0,2,,0.156433,0.11559,0.727977,,241200,,
0,0,,0.453419,0.391396,0.155185,,255200,,
0,0,,0.460253,0.147877,0.391869,,267200,,
0,2,,0.056187,0.183441,0.760372,,244200,,
0,1,,0.008293,0.662002,0.329705,,249100,,
0,1,,0.022979,0.933684,0.043336,,239200,,
0,0,,0.621667,0.061508,0.316825,,244900,,
0,2,,0.240318,0.221012,0.53867,,237700,,
0,2,,0.250237,0.078226,0.671538,,310800,,
0,1,,0.054496,0.653719,0.291785,,258700,,
0,1,,0.162405,0.521632,0.315963,,248900,,
0,0,,0.443056,0.371627,0.185317,,246600,,
0,1,,0.16061,0.754861,0.084529,,247100,,
0,2,,0.038063,0.022727,0.93921,,249600,,
0,0,,0.622614,0.261961,0.115425,,276000,,
0,2,,0.273612,0.088435,0.637953,,271400,,
0,2,,0.228133,0.208035,0.563832,,262200,,
0,2,,0.116191,0.044038,0.83977,,254600,,
0,2,,0.032496,0.107444,0.86006,,256500,,
0,0,,0.528328,0.139803,0.331869,,247700,,
0,0,,0.458842,0.331987,0.209171,,279800,,
0,1,,0.274747,0.593366,0.131886,,318600,,
0,2,,0.128925,0.125608,0.745467,,295400,,
0,2,,0.485927,0.018725,0.495347,,250100,,
0,2,,0.185003,0.388028,0.426969,,254100,,
0,2,,0.127994,0.398531,0.473476,,265700,,
0,2,,0.352188,0.266352,0.38146,,246700,,
0,2,,0.041891,0.019984,0.938126,,237600,,
0,1,,0.184338,0.674442,0.141219,,243800,,
0,2,,0.031988,0.363579,0.604433,,247900,,
0,2,,0.129761,0.125147,0.745092,,257800,,
0,2,,0.206482,0.191016,0.602503,,241700,,
0,0,,0.395381,0.297848,0.306771,,251600,,
0,2,,0.065416,0.118829,0.815755,,257400,,
0,0,,0.666591,0.141955,0.191454,,291400,,
0,0,,0.380486,0.249726,0.369788,,311100,,
0,2,,0.334539,0.058189,0.607273,,260300,,
0,2,,0.127946,0.133498,0.738556,,253100,,
0,2,,0.357346,0.092704,0.54995,,252400,,
0,2,,0.149087,0.212361,0.638552,,253200,,
0,2,,0.047366,0.039148,0.913486,,264500,,
0,1,,0.325014,0.345939,0.329046,,266700,,
0,2,,0.230379,0.301893,0.467727,,256500,,
0,2,,0.206695,0.194938,0.598367,,260500,,
0,2,,0.058492,0.005443,0.936064,,244100,,
0,1,,0.356404,0.512216,0.13138,,254700,,
0,1,,0.020785,0.709078,0.270137,,247200,,
0,0,,0.734263,0.014855,0.250882,,257200,,
0,2,,0.050718,0.208832,0.74045,,273000,,
0,2,,0.34282,0.03431,0.622869,,251900,,
0,2,,0.240744,0.226508,0.532748,,268900,,
0,1,,0.459576,0.48443,0.055994,,262900,,
0,0,,0.398093,0.391782,0.210124,,249200,,
0,1,,0.210952,0.750674,0.038374,,245100,,
0,2,,0.120579,0.02639,0.853032,,256000,,
0,1,,0.230362,0.662598,0.10704,,262400,,
0,2,,0.190725,0.237879,0.571397,,252000,,
0,0,,0.488053,0.090553,0.421394,,248800,,
0,2,,0.040105,0.201281,0.758614,,245400,,
0,0,,0.577387,0.085757,0.336856,,251700,,
0,2,,0.054228,0.034935,0.910837,,266000,,
0,1,,0.122261,0.484834,0.392905,,294700,,
0,2,,0.310712,0.075848,0.613439,,282900,,
0,0,,0.642381,0.140476,0.217143,,268100,,
0,2,,0.026674,0.026708,0.946618,,244500,,
0,2,,0.093194,0.172778,0.734028,,265000,,
0,2,,0.109322,0.16212,0.728558,,259000,,
0,1,,0.180713,0.67602,0.143267,,259300,,
0,0,,0.805892,0.064552,0.129556,,250600,,
0,1,,0.056957,0.545521,0.397521,,248900,,
0,0,,0.779167,0.1875,0.033333,,256100,,
0,2,,0.332209,0.279887,0.387904,,247000,,
0,0,,0.779167,0.011111,0.209722,,253000,,
0,0,,0.720424,0.071014,0.208561,,258300,,
0,1,,0.139414,0.628718,0.231868,,298100,,
0,2,,0.385315,0.00517,0.609515,,294900,,
0,0,,0.709139,0.048698,0.242163,,264100,,
0,1,,0.300346,0.479015,0.220639,,276500,,
0,0,,0.639146,0.201173,0.159681,,266800,,
0,2,,0.169029,0.022319,0.808652,,264600,,
0,1,,0.358568,0.471222,0.17021,,254400,,
0,2,,0.087832,0.204293,0.707874,,265200,,
0,2,,0.173779,0.187955,0.638266,,276700,,
0,2,,0.063859,0.032014,0.904127,,240500,,
0,0,,0.50083,0.37587,0.1233,,245600,,
0,1,,0.127304,0.628167,0.244529,,241900,,
0,2,,0.103828,0.186196,0.709976,,252000,,
0,2,,0.047505,0.276708,0.675788,,261200,,
0,1,,0.440341,0.475158,0.084501,,285100,,
0,2,,0.100901,0.229337,0.669762,,245600,,
0,2,,0.161621,0.18052,0.657859,,244600,,
0,0,,0.579587,0.360825,0.059587,,246900,,
0,2,,0.064388,0.046634,0.888978,,237700,,
0,1,,0.38197,0.477454,0.140577,,251600,,
0,2,,0.309385,0.082717,0.607898,,247300,,
0,1,,0.239547,0.521711,0.238743,,243800,,
0,1,,0.071357,0.554637,0.374006,,237400,,
0,2,,0.0634,0.287401,0.6492,,252400,,
0,2,,0.029482,0.021378,0.94914,,285200,,
0,1,,0.411687,0.536437,0.051876,,306500,,
0,0,,0.603174,0.286058,0.110768,,262400,,
0,1,,0.041711,0.709755,0.248534,,268200,,
0,1,,0.344184,0.477988,0.177828,,260400,,
0,0,,0.74444,0.052868,0.202692,,260600,,
0,2,,0.164759,0.028066,0.807176,,250100,,
0,2,,0.187138,0.08313,0.729731,,270800,,
0,2,,0.131528,0.430989,0.437483,,268600,,
0,1,,0.144932,0.496178,0.35889,,262200,,
0,1,,0.102892,0.863574,0.033534,,239700,,
0,2,,0.088485,0.151852,0.759663,,242700,,
0,1,,0.299922,0.542289,0.157789,,251300,,
0,1,,0.133952,0.492254,0.373794,,241700,,
0,1,,0.046309,0.831821,0.12187,,248000,,
0,1,,0.317977,0.623951,0.058073,,260200,,
0,2,,0.223402,0.25059,0.526008,,279900,,
0,2,,0.113333,0.386515,0.500152,,282600,,
0,0,,0.678591,0.226452,0.094957,,254900,,
0,0,,0.588068,0.229924,0.182008,,265600,,
0,2,,0.130132,0.123918,0.74595,,254000,,
0,2,,0.272859,0.065631,0.661509,,240400,,
0,2,,0.334728,0.042254,0.623018,,237700,,
0,1,,0.089636,0.83125,0.079114,,241800,,
0,2,,0.2064,0.208393,0.585207,,247200,,
0,1,,0.180992,0.535725,0.283283,,246300,,
0,1,,0.148855,0.829882,0.021264,,250900,,
0,1,,0.259412,0.581781,0.158807,,249200,,
0,1,,0.107949,0.856118,0.035933,,245600,,
0,0,,0.365111,0.33836,0.296529,,247700,,
0,1,,0.190713,0.729667,0.07962,,251600,,
0,0,,0.498132,0.482564,0.019304,,261500,,
0,2,,0.060548,0.295694,0.643758,,258200,,
0,2,,0.234558,0.379174,0.386268,,249000,,
0,2,,0.07276,0.040268,0.886972,,238800,,
0,1,,0.146436,0.448234,0.405331,,245600,,
0,1,,0.43579,0.551795,0.012414,,249200,,
0,1,,0.343565,0.599674,0.056762,,245600,,
0,2,,0.248839,0.111059,0.640102,,239900,,
0,1,,0.099878,0.773946,0.126176,,246100,,
0,1,,0.068505,0.503007,0.428487,,249800,,
0,2,,0.056195,0.042309,0.901497,,245400,,
0,2,,0.065673,0.230726,0.703601,,245200,,
0,2,,0.201338,0.12525,0.673412,,239800,,
0,2,,0.076098,0.439888,0.484014,,323400,,
0,1,,0.360919,0.41363,0.22545,,342900,,
0,0,,0.533513,0.251387,0.215101,,372000,,
0,1,,0.251379,0.633664,0.114957,,350200,,
0,2,,0.053653,0.076616,0.869731,,313300,,
0,2,,0.032101,0.385753,0.582146,,308700,,
0,0,,0.92131,0.077302,0.001389,,306700,,
0,2,,0.072993,0.1821,0.744907,,281900,,
0,2,,0.272033,0.283968,0.443999,,287800,,
0,2,,0.094618,0.030446,0.874936,,263000,,
0,0,,0.461748,0.165931,0.372321,,262900,,
0,2,,0.315071,0.170948,0.513981,,261900,,
0,2,,0.150182,0.195151,0.654667,,277300,,
0,0,,0.807376,0.058551,0.134073,,338700,,
0,2,,0.058203,0.206057,0.73574,,280300,,
0,1,,0.234995,0.506987,0.258018,,294800,,
0,2,,0.219972,0.088109,0.691919,,305000,,
0,1,,0.157221,0.783279,0.059501,,277300,,
0,2,,0.236942,0.182405,0.580653,,276300,,
0,0,,0.835203,0.081738,0.083058,,292500,,
0,0,,0.508037,0.116636,0.375327,,265600,,
0,1,,0.387604,0.572653,0.039743,,275700,,
0,2,,0.083192,0.185411,0.731396,,277100,,
0,2,,0.371667,0.078333,0.55,,332000,,
0,2,,0.083324,0.07526,0.841416,,367900,,
0,2,,0.350194,0.106212,0.543594,,297100,,
0,1,,0.106576,0.747955,0.145469,,276200,,
0,1,,0.017269,0.562835,0.419896,,267200,,
0,1,,0.323708,0.547143,0.129149,,304500,,
0,0,,0.662331,0.191621,0.146048,,286600,,
0,2,,0.138923,0.262161,0.598916,,278700,,
0,1,,0.315658,0.38348,0.300863,,280100,,
0,2,,0.191478,0.166657,0.641865,,271600,,
0,0,,0.795174,0.047869,0.156957,,294900,,
0,0,,0.610961,0.042282,0.346757,,300800,,
0,0,,0.625,0.285476,0.089524,,270100,,
0,1,,0.053992,0.823824,0.122183,,285000,,
0,2,,0.056428,0.072542,0.87103,,283800,,
0,2,,0.055676,0.023434,0.920889,,277900,,
0,0,,0.69301,0.217705,0.089286,,278700,,
0,1,,0.208319,0.753859,0.037822,,305800,,
0,2,,0.188392,0.257763,0.553846,,292900,,
0,2,,0.263039,0.065328,0.671633,,294400,,
0,0,,0.358684,0.347623,0.293693,,269100,,
0,2,,0.200751,0.02402,0.775229,,277800,,
0,2,,0.120722,0.290961,0.588317,,254300,,
0,0,,0.411932,0.24375,0.344318,,252800,,
0,2,,0.037843,0.458018,0.50414,,266500,,
0,2,,0.065134,0.217099,0.717767,,393600,,
0,2,,0.012455,0.067922,0.919624,,350900,,
0,2,,0.047173,0.183055,0.769771,,315700,,
0,1,,0.258656,0.587319,0.154025,,293500,,
0,2,,0.25875,0.108235,0.633015,,286100,,
0,0,,0.390599,0.376175,0.233226,,278500,,
0,2,,0.069267,0.058407,0.872325,,288700,,
0,2,,0.240018,0.102921,0.657061,,257500,,
0,0,,0.49881,0.31627,0.184921,,279600,,
0,1,,0.139881,0.478571,0.381548,,293300,,
0,2,,0.247078,0.32852,0.424402,,271300,,
0,2,,0.239716,0.132935,0.627349,,248000,,
0,2,,0.27,0.229444,0.500556,,252700,,
0,2,,0.100628,0.219833,0.679538,,266800,,
0,2,,0.388513,0.026452,0.585036,,263600,,
0,1,,0.021169,0.507795,0.471036,,256100,,
0,2,,0.005582,0.020968,0.97345,,248500,,
0,2,,0.024785,0.135796,0.83942,,256400,,
0,2,,0.081425,0.327757,0.590818,,264700,,
0,2,,0.032067,0.031803,0.93613,,251800,,
0,2,,0.036353,0.105553,0.858094,,240200,,
0,2,,0.078606,0.064734,0.85666,,275500,,
0,2,,0.091825,0.028413,0.879762,,245300,,
0,2,,0.261564,0.249646,0.48879,,268100,,
0,0,,0.667101,0.052001,0.280898,,274800,,
0,2,,0.414588,0.054878,0.530534,,361500,,
0,2,,0.035674,0.034945,0.929381,,259200,,
0,0,,0.49381,0.413333,0.092857,,259100,,
0,1,,0.226318,0.571825,0.201857,,269500,,
0,1,,0.179621,0.619353,0.201026,,273000,,
0,1,,0.093159,0.721847,0.184994,,296200,,
0,0,,0.747619,0.05,0.202381,,291000,,
0,0,,0.834167,0.085417,0.080417,,320300,,
0,1,,0.069946,0.831052,0.099002,,309400,,
0,1,,0.227765,0.568339,0.203896,,321600,,
0,1,,0.126314,0.481697,0.391989,,331800,,
0,1,,0.31,0.37625,0.31375,,281700,,
0,2,,0.118695,0.044708,0.836597,,1156600,,
0,0,,0.651473,0.172913,0.175614,,564000,,
0,2,,0.048076,0.248854,0.70307,,350700,,
0,0,,0.444408,0.291598,0.263994,,329100,,
0,2,,0.012688,0.028734,0.958578,,284300,,
0,2,,0.168313,0.111157,0.72053,,282200,,
0,1,,0.314273,0.418014,0.267714,,267900,,
0,0,,0.508016,0.085675,0.406308,,324800,,
0,2,,0.163099,0.208586,0.628315,,344300,,
0,0,,0.741296,0.193637,0.065067,,273100,,
0,2,,0.323535,0.320354,0.356111,,251500,,
0,2,,0.417126,0.164534,0.41834,,278000,,
0,1,,0.248509,0.52824,0.223251,,271300,,
0,0,,0.37192,0.260002,0.368078,,268000,,
