connect-4,Tuned_CWT,test,4,NANOSECONDS,PREDICTIONS, Generated by ClassifierExperiments.java on 2022-05-16 00:28:30.    SYSTEMPROPERTIES:{user.name:matth,os.arch:amd64,os.name:Windows 10},ENDSYSTEMPROPERTIES
No parameter info
0.7790112492599172,62564095500,770650410600,-1,1232380192,3,,-1,-1
0,2,,0.315213,0.161335,0.523452,,59531700,,
0,2,,0.053753,0.145966,0.800281,,47255400,,
0,0,,0.494294,0.100002,0.405704,,48900200,,
0,2,,0.334497,0.213074,0.452429,,49881000,,
0,2,,0.118777,0.344165,0.537058,,49094000,,
0,2,,0.218133,0.18695,0.594918,,48273700,,
0,0,,0.420692,0.218842,0.360466,,48301200,,
0,1,,0.070035,0.475545,0.45442,,51518800,,
0,2,,0.084036,0.141764,0.774201,,48027000,,
0,2,,0.086274,0.202588,0.711138,,50473200,,
0,2,,0.188799,0.163791,0.64741,,52372400,,
0,1,,0.136472,0.435657,0.427871,,50119500,,
0,2,,0.378703,0.153853,0.467444,,50062100,,
0,2,,0.144907,0.359242,0.495851,,48384500,,
0,2,,0.116376,0.281056,0.602568,,47141600,,
0,2,,0.127017,0.18437,0.688613,,47973600,,
0,2,,0.168256,0.211262,0.620482,,47964400,,
0,2,,0.030071,0.238224,0.731705,,47577200,,
0,2,,0.047533,0.063285,0.889182,,49381800,,
0,2,,0.076811,0.298953,0.624236,,61390900,,
0,1,,0.247763,0.494905,0.257333,,51384100,,
0,2,,0.314707,0.236695,0.448598,,53939700,,
0,2,,0.337509,0.299296,0.363195,,47948700,,
0,2,,0.219826,0.1689,0.611274,,48592300,,
0,2,,0.099819,0.153387,0.746795,,53906200,,
0,0,,0.43938,0.125707,0.434913,,53858600,,
0,2,,0.020928,0.385215,0.593857,,48361900,,
0,1,,0.142943,0.431616,0.425441,,48838000,,
0,1,,0.107006,0.504853,0.388141,,50864200,,
0,1,,0.069998,0.49651,0.433492,,48838200,,
0,2,,0.322878,0.330058,0.347064,,53419000,,
0,2,,0.041049,0.369845,0.589105,,49843100,,
0,1,,0.396675,0.413464,0.189861,,50641300,,
0,2,,0.150091,0.22105,0.628859,,49118400,,
0,2,,0.207216,0.117137,0.675646,,50499900,,
0,1,,0.086377,0.622048,0.291575,,48642800,,
0,1,,0.252088,0.521994,0.225919,,48613500,,
0,2,,0.117494,0.417001,0.465505,,48579800,,
0,2,,0.257997,0.297719,0.444285,,49443600,,
0,1,,0.059202,0.621868,0.31893,,47400600,,
0,2,,0.155796,0.146116,0.698088,,49329000,,
0,2,,0.099605,0.351899,0.548496,,54654900,,
0,1,,0.151949,0.486959,0.361092,,62216900,,
0,2,,0.09863,0.159779,0.74159,,58783200,,
0,2,,0.283689,0.215294,0.501017,,48702100,,
0,1,,0.098725,0.463003,0.438272,,48777200,,
0,0,,0.438234,0.25479,0.306976,,48940000,,
0,2,,0.142991,0.150934,0.706075,,49510100,,
0,1,,0.058419,0.61572,0.325861,,49587000,,
0,1,,0.088944,0.58438,0.326676,,47822600,,
0,2,,0.188272,0.141901,0.669827,,69569300,,
0,1,,0.121925,0.541157,0.336918,,50854800,,
0,1,,0.162586,0.472609,0.364805,,47659100,,
0,2,,0.063588,0.207692,0.728721,,48575300,,
0,2,,0.425321,0.092182,0.482498,,50920100,,
0,2,,0.082462,0.20256,0.714979,,51407400,,
0,2,,0.056466,0.106284,0.837249,,46570900,,
0,2,,0.429094,0.103954,0.466951,,48327000,,
0,2,,0.29487,0.245917,0.459213,,47586200,,
0,0,,0.511935,0.207869,0.280195,,50473300,,
0,2,,0.133813,0.346534,0.519653,,47130300,,
0,2,,0.325717,0.175417,0.498866,,48271300,,
0,2,,0.030908,0.156904,0.812188,,48085600,,
0,2,,0.052459,0.363956,0.583585,,47740900,,
0,2,,0.214862,0.076526,0.708612,,58063900,,
0,2,,0.049538,0.197833,0.752629,,50952700,,
0,2,,0.071526,0.125294,0.803181,,49353700,,
0,2,,0.110269,0.165509,0.724222,,48699500,,
0,2,,0.079641,0.062717,0.857642,,49594000,,
0,2,,0.115267,0.164461,0.720272,,47280100,,
0,2,,0.132457,0.138737,0.728806,,47207200,,
0,1,,0.101281,0.53061,0.36811,,49857800,,
0,1,,0.12967,0.623534,0.246796,,48721600,,
0,2,,0.102071,0.245483,0.652446,,47530800,,
0,0,,0.366433,0.307029,0.326538,,46453700,,
0,2,,0.318858,0.22493,0.456212,,55131800,,
0,2,,0.356937,0.119702,0.523361,,53007400,,
0,2,,0.433888,0.094789,0.471322,,49518200,,
0,1,,0.247099,0.496873,0.256028,,48439600,,
0,2,,0.090212,0.137654,0.772135,,48314300,,
0,2,,0.229354,0.144742,0.625904,,47376100,,
0,2,,0.058242,0.124143,0.817616,,48144200,,
0,2,,0.136781,0.296447,0.566773,,47377400,,
0,1,,0.071681,0.551598,0.376721,,47827800,,
0,2,,0.360089,0.243228,0.396684,,50611000,,
0,2,,0.349096,0.245699,0.405205,,46006800,,
0,2,,0.103659,0.406922,0.489419,,47821500,,
0,0,,0.439462,0.149155,0.411383,,48372600,,
0,1,,0.096457,0.472049,0.431494,,47406000,,
0,2,,0.097955,0.142472,0.759573,,48509400,,
0,2,,0.053304,0.131793,0.814903,,50403300,,
0,2,,0.046174,0.338688,0.615138,,55028500,,
0,2,,0.124,0.405922,0.470079,,51705700,,
0,2,,0.186874,0.364272,0.448854,,48274500,,
0,2,,0.229603,0.152504,0.617892,,47737100,,
0,1,,0.144825,0.639849,0.215326,,47407700,,
0,1,,0.087843,0.46472,0.447437,,47661500,,
0,2,,0.052449,0.445736,0.501815,,47882800,,
0,1,,0.22397,0.424,0.352029,,47478700,,
0,1,,0.247872,0.510007,0.242121,,48379200,,
0,2,,0.068776,0.302533,0.628691,,48540500,,
0,1,,0.114997,0.57064,0.314364,,48086400,,
0,2,,0.258511,0.135508,0.605982,,49339500,,
0,2,,0.121004,0.170587,0.708409,,47787800,,
0,1,,0.35262,0.377576,0.269804,,47826400,,
0,2,,0.059447,0.428268,0.512285,,49478800,,
0,2,,0.300093,0.10995,0.589957,,48473400,,
0,1,,0.101739,0.705864,0.192397,,49198000,,
0,2,,0.085189,0.362496,0.552315,,52075400,,
0,2,,0.379985,0.119756,0.500259,,54287300,,
0,2,,0.337258,0.269998,0.392744,,49840600,,
0,2,,0.098231,0.180572,0.721197,,48344600,,
0,2,,0.179851,0.116629,0.70352,,49685700,,
0,2,,0.063738,0.373258,0.563004,,47921400,,
0,1,,0.079025,0.647406,0.27357,,48167900,,
0,2,,0.048695,0.225889,0.725416,,48768100,,
0,2,,0.088877,0.30621,0.604912,,54755000,,
0,2,,0.075715,0.113084,0.811201,,63767600,,
0,2,,0.082007,0.128699,0.789295,,50627500,,
0,0,,0.450837,0.348735,0.200428,,48424400,,
0,2,,0.1802,0.144294,0.675506,,52484700,,
0,1,,0.068731,0.50328,0.427989,,54061000,,
0,2,,0.082221,0.056731,0.861047,,52253600,,
0,1,,0.065513,0.491376,0.44311,,48789000,,
0,2,,0.055383,0.445206,0.499411,,47987500,,
0,2,,0.049203,0.191399,0.759398,,48620800,,
0,0,,0.392046,0.218426,0.389528,,51687400,,
0,2,,0.092565,0.218156,0.689279,,50807000,,
0,0,,0.507587,0.144893,0.34752,,52760700,,
0,2,,0.134892,0.105898,0.75921,,50577400,,
0,1,,0.036559,0.673972,0.289469,,52349300,,
0,2,,0.355194,0.129916,0.514891,,51590200,,
0,2,,0.061217,0.099887,0.838896,,54244400,,
0,2,,0.309954,0.183951,0.506095,,50175000,,
0,2,,0.319183,0.082731,0.598086,,47880600,,
0,2,,0.224245,0.241295,0.53446,,50444500,,
0,1,,0.066426,0.661272,0.272302,,48785700,,
0,2,,0.133177,0.228892,0.637931,,49125500,,
0,2,,0.098145,0.353659,0.548195,,49523400,,
0,2,,0.240712,0.179681,0.579607,,47740400,,
0,1,,0.059237,0.523613,0.41715,,48633000,,
0,2,,0.305604,0.306105,0.388291,,50949600,,
0,0,,0.427068,0.198061,0.374871,,52023400,,
0,2,,0.099713,0.116652,0.783636,,55596600,,
0,1,,0.120385,0.519453,0.360162,,48386500,,
0,2,,0.13062,0.128713,0.740667,,50998900,,
0,1,,0.131154,0.454088,0.414758,,49721500,,
0,2,,0.179637,0.198312,0.622052,,51928900,,
0,2,,0.093748,0.185784,0.720468,,49184500,,
0,2,,0.151166,0.153281,0.695554,,49899100,,
0,2,,0.13203,0.195763,0.672207,,49359300,,
0,2,,0.160259,0.112713,0.727028,,51432000,,
0,2,,0.164483,0.359129,0.476388,,48789400,,
0,2,,0.287412,0.335609,0.376979,,48343200,,
0,2,,0.327037,0.179609,0.493354,,48092700,,
0,2,,0.039508,0.091531,0.868961,,52058800,,
0,2,,0.30447,0.309698,0.385832,,48864400,,
0,2,,0.202701,0.13575,0.661549,,48273000,,
0,1,,0.275761,0.394072,0.330167,,47344400,,
0,2,,0.081394,0.124532,0.794074,,47897800,,
0,2,,0.022934,0.152814,0.824252,,48845500,,
0,1,,0.035243,0.690196,0.274561,,47950100,,
0,2,,0.2765,0.196352,0.527149,,47183900,,
0,2,,0.095214,0.161133,0.743652,,50568600,,
0,2,,0.239325,0.178146,0.582529,,47594000,,
0,0,,0.437637,0.246364,0.315999,,48421000,,
0,2,,0.067995,0.173293,0.758712,,49034600,,
0,2,,0.044336,0.163379,0.792285,,48309400,,
0,2,,0.186756,0.164871,0.648373,,47921600,,
0,2,,0.092618,0.382964,0.524417,,61398900,,
0,2,,0.052757,0.089802,0.857441,,51243200,,
0,0,,0.463037,0.122868,0.414095,,48066200,,
0,2,,0.102484,0.329786,0.56773,,47681600,,
0,2,,0.083772,0.117661,0.798567,,50712600,,
0,0,,0.50115,0.19767,0.30118,,51882300,,
0,1,,0.286729,0.48115,0.232121,,46737000,,
0,1,,0.078185,0.634882,0.286934,,48425800,,
0,0,,0.474566,0.222188,0.303246,,48628100,,
0,2,,0.227772,0.371906,0.400322,,48031500,,
0,2,,0.226449,0.155484,0.618067,,46981300,,
0,2,,0.068536,0.19152,0.739944,,48282200,,
0,1,,0.181598,0.554029,0.264373,,48469000,,
0,2,,0.080634,0.066568,0.852797,,49734800,,
0,2,,0.164959,0.162441,0.6726,,48574600,,
0,2,,0.098958,0.393058,0.507983,,47461900,,
0,2,,0.192294,0.124864,0.682842,,47676400,,
0,2,,0.232469,0.227324,0.540207,,48402600,,
0,2,,0.368531,0.162444,0.469025,,49535700,,
0,2,,0.114163,0.094584,0.791253,,48356200,,
0,2,,0.316006,0.10457,0.579425,,46889600,,
0,2,,0.383537,0.167407,0.449056,,47421300,,
0,2,,0.347838,0.097579,0.554584,,48545900,,
0,1,,0.117385,0.534406,0.348209,,49498900,,
0,2,,0.129706,0.248092,0.622202,,48086500,,
0,2,,0.209225,0.170318,0.620457,,47863800,,
0,0,,0.494021,0.200901,0.305078,,48550100,,
0,2,,0.297882,0.293574,0.408543,,48118500,,
0,2,,0.05572,0.106814,0.837466,,48158100,,
0,2,,0.148291,0.141947,0.709762,,46208700,,
0,2,,0.160948,0.361092,0.47796,,48133500,,
0,2,,0.068329,0.228621,0.70305,,48597800,,
0,2,,0.10215,0.259091,0.638759,,48594300,,
0,2,,0.14964,0.384369,0.465991,,47465900,,
0,2,,0.081592,0.140928,0.77748,,48254300,,
0,2,,0.048712,0.048567,0.902721,,49363300,,
0,1,,0.097269,0.583041,0.31969,,49951100,,
0,2,,0.129512,0.101649,0.768839,,49264000,,
0,2,,0.232503,0.248336,0.519161,,49915200,,
0,2,,0.055516,0.104594,0.83989,,51867400,,
0,2,,0.105082,0.176541,0.718377,,49046100,,
0,1,,0.231,0.399183,0.369817,,48678000,,
0,2,,0.421336,0.135296,0.443368,,49323700,,
0,2,,0.044041,0.09174,0.864219,,47966500,,
0,0,,0.443353,0.13927,0.417376,,47619700,,
0,2,,0.094076,0.337843,0.568081,,47945800,,
0,2,,0.341131,0.246368,0.412501,,49455100,,
0,1,,0.043212,0.619528,0.33726,,50270000,,
0,2,,0.110226,0.151282,0.738492,,48162900,,
0,0,,0.507489,0.162975,0.329537,,49637700,,
0,2,,0.285563,0.215744,0.498693,,49546900,,
0,2,,0.274544,0.109514,0.615942,,47444500,,
0,1,,0.140032,0.569843,0.290124,,47725600,,
0,2,,0.075295,0.356666,0.568039,,48823500,,
0,0,,0.485665,0.19189,0.322445,,49898100,,
0,2,,0.137303,0.187864,0.674833,,48459800,,
0,2,,0.205078,0.230226,0.564696,,47581000,,
0,2,,0.153687,0.175327,0.670986,,48538100,,
0,2,,0.319061,0.111455,0.569485,,48852400,,
0,2,,0.11742,0.413809,0.468771,,48394500,,
0,2,,0.063265,0.091447,0.845288,,50673700,,
0,2,,0.296172,0.233707,0.47012,,56595100,,
0,2,,0.086228,0.315166,0.598605,,56769200,,
0,2,,0.095769,0.198387,0.705844,,54041000,,
0,0,,0.472183,0.195443,0.332374,,49233000,,
0,2,,0.344372,0.258642,0.396986,,51598000,,
0,0,,0.445794,0.211604,0.342602,,51577900,,
0,2,,0.124652,0.226665,0.648683,,48010900,,
0,0,,0.503402,0.216625,0.279973,,48212800,,
0,2,,0.106212,0.132942,0.760846,,48264500,,
0,2,,0.240476,0.162076,0.597448,,46903800,,
0,0,,0.415255,0.18095,0.403795,,47370300,,
0,2,,0.169393,0.207057,0.62355,,57118600,,
0,0,,0.512377,0.192747,0.294876,,48648600,,
0,1,,0.164074,0.497442,0.338485,,48777800,,
0,2,,0.170397,0.369574,0.460028,,51510400,,
0,1,,0.194045,0.443453,0.362502,,48243000,,
0,2,,0.062941,0.161481,0.775578,,49749700,,
0,2,,0.413192,0.134092,0.452716,,52306700,,
0,2,,0.092138,0.438325,0.469537,,53061200,,
0,2,,0.383215,0.209715,0.40707,,49675100,,
0,2,,0.164676,0.339864,0.49546,,47951400,,
0,2,,0.437369,0.124517,0.438114,,47785300,,
0,1,,0.349076,0.365121,0.285803,,47609000,,
0,2,,0.166832,0.302913,0.530254,,48554600,,
0,2,,0.304923,0.211346,0.48373,,48386800,,
0,2,,0.087956,0.227465,0.684578,,48539700,,
0,2,,0.10531,0.172969,0.721721,,50277600,,
0,2,,0.282299,0.313706,0.403996,,48840400,,
0,2,,0.231258,0.238195,0.530547,,47646700,,
0,2,,0.125739,0.126234,0.748027,,51324900,,
0,2,,0.069322,0.221912,0.708766,,51770400,,
0,0,,0.420748,0.159558,0.419694,,49786600,,
0,2,,0.1458,0.422155,0.432045,,48318100,,
0,2,,0.055213,0.244146,0.700641,,48369500,,
0,2,,0.335374,0.257837,0.406789,,48307400,,
0,2,,0.084968,0.394184,0.520848,,49255600,,
0,2,,0.130169,0.161672,0.708159,,48369200,,
0,2,,0.175503,0.197311,0.627186,,48141600,,
0,2,,0.128346,0.243558,0.628096,,48349900,,
0,2,,0.218487,0.092788,0.688726,,47654700,,
0,2,,0.222027,0.235559,0.542414,,49622400,,
0,2,,0.224874,0.313521,0.461605,,48605400,,
0,2,,0.21483,0.172817,0.612352,,49715700,,
0,0,,0.413586,0.202452,0.383963,,48738600,,
0,2,,0.311586,0.326244,0.36217,,47900700,,
0,2,,0.222192,0.255846,0.521963,,47515300,,
0,2,,0.050144,0.237363,0.712493,,49176500,,
0,2,,0.060037,0.230255,0.709708,,48652300,,
0,1,,0.228555,0.440205,0.33124,,48832100,,
0,0,,0.527667,0.158272,0.314061,,48069200,,
0,2,,0.108541,0.419055,0.472405,,46578600,,
0,0,,0.54963,0.117421,0.332949,,49678100,,
0,2,,0.086767,0.231175,0.682058,,56931300,,
0,2,,0.172283,0.216262,0.611455,,47904300,,
0,2,,0.203459,0.160341,0.6362,,49192200,,
0,2,,0.281521,0.172323,0.546156,,47301100,,
0,2,,0.096993,0.105905,0.797102,,48326600,,
0,0,,0.362575,0.334183,0.303242,,48395700,,
0,2,,0.053501,0.334676,0.611823,,58232100,,
0,2,,0.050652,0.111337,0.838012,,49704000,,
0,2,,0.107128,0.212763,0.680109,,49604300,,
0,2,,0.061976,0.090992,0.847031,,48852100,,
0,2,,0.15072,0.17059,0.67869,,46775700,,
0,1,,0.361214,0.416805,0.221981,,48606300,,
0,2,,0.269135,0.362997,0.367868,,49396000,,
0,2,,0.042511,0.470481,0.487008,,48928000,,
0,2,,0.233104,0.187979,0.578917,,50974400,,
0,2,,0.075243,0.251446,0.673311,,49192100,,
0,1,,0.065479,0.496133,0.438388,,52463000,,
0,2,,0.296861,0.177111,0.526028,,48552500,,
0,2,,0.220314,0.348242,0.431445,,48000100,,
0,2,,0.084369,0.223758,0.691873,,48025500,,
0,2,,0.173263,0.272507,0.55423,,49049600,,
0,2,,0.153338,0.417438,0.429224,,49339000,,
0,2,,0.077114,0.076808,0.846078,,47761500,,
0,1,,0.069877,0.680264,0.249859,,53563300,,
0,1,,0.139009,0.615141,0.24585,,48325300,,
0,2,,0.023588,0.096868,0.879543,,47944900,,
0,2,,0.268151,0.233631,0.498218,,48676800,,
0,2,,0.341148,0.174471,0.484381,,49668200,,
0,2,,0.153588,0.231528,0.614883,,49739400,,
0,2,,0.054699,0.167748,0.777553,,48607600,,
0,2,,0.211928,0.144954,0.643118,,49918700,,
0,2,,0.327067,0.217364,0.455569,,48157300,,
0,1,,0.136677,0.543143,0.32018,,47866400,,
0,2,,0.129203,0.283127,0.58767,,49259200,,
0,2,,0.151281,0.392434,0.456284,,51388600,,
0,2,,0.15448,0.167852,0.677668,,48048800,,
0,1,,0.069512,0.534551,0.395937,,49592200,,
0,2,,0.247084,0.359288,0.393628,,48852900,,
0,1,,0.279327,0.49929,0.221383,,48735800,,
0,2,,0.141792,0.138278,0.71993,,47984000,,
0,2,,0.029631,0.392161,0.578208,,49168900,,
0,2,,0.186554,0.124974,0.688472,,51236600,,
0,2,,0.050105,0.370786,0.579109,,47234700,,
0,2,,0.143927,0.103583,0.75249,,48179800,,
0,2,,0.093456,0.196244,0.7103,,49945300,,
0,2,,0.031722,0.273639,0.694639,,48863700,,
0,1,,0.045482,0.583396,0.371122,,49030800,,
0,1,,0.11883,0.473318,0.407851,,48483400,,
0,0,,0.538767,0.178647,0.282586,,49082300,,
0,1,,0.100069,0.578768,0.321163,,48968600,,
0,1,,0.177262,0.433597,0.389141,,54281300,,
0,1,,0.040281,0.682638,0.277081,,59409200,,
0,2,,0.049566,0.341471,0.608963,,50955000,,
0,1,,0.111154,0.630323,0.258522,,52544200,,
0,2,,0.160541,0.205412,0.634048,,52580400,,
0,1,,0.074214,0.568455,0.357331,,52275100,,
0,0,,0.412703,0.21761,0.369687,,49798500,,
0,2,,0.090503,0.145474,0.764023,,52341000,,
0,2,,0.049966,0.23112,0.718914,,48638800,,
0,2,,0.095318,0.128863,0.775819,,49995200,,
0,2,,0.179417,0.243079,0.577504,,48066600,,
0,1,,0.116901,0.627713,0.255387,,48444900,,
0,1,,0.1516,0.448866,0.399535,,50915200,,
0,1,,0.151617,0.453422,0.39496,,50354600,,
0,2,,0.14559,0.253525,0.600885,,47441300,,
0,2,,0.348478,0.135823,0.515699,,47984500,,
0,1,,0.048713,0.554057,0.39723,,50793900,,
0,2,,0.094862,0.355683,0.549455,,55555300,,
0,2,,0.186437,0.352523,0.46104,,50681600,,
0,2,,0.105922,0.068924,0.825154,,48418200,,
0,2,,0.23958,0.284385,0.476035,,48664500,,
0,2,,0.313343,0.328049,0.358609,,55318000,,
0,1,,0.066845,0.589156,0.343999,,51288900,,
0,1,,0.072431,0.481607,0.445962,,48267100,,
0,0,,0.465893,0.148289,0.385817,,49294500,,
0,2,,0.258202,0.252419,0.489379,,49168700,,
0,2,,0.107048,0.227335,0.665617,,48773400,,
0,1,,0.072914,0.519064,0.408021,,49039800,,
0,2,,0.047407,0.23696,0.715633,,49900800,,
0,1,,0.334382,0.342079,0.323539,,48845600,,
0,2,,0.200836,0.352511,0.446653,,47724200,,
0,2,,0.091835,0.190811,0.717354,,49317500,,
0,2,,0.112139,0.419089,0.468773,,50871700,,
0,2,,0.176382,0.101646,0.721972,,53933200,,
0,1,,0.031103,0.593679,0.375218,,48553400,,
0,2,,0.366767,0.125586,0.507646,,49724800,,
0,2,,0.167169,0.107515,0.725316,,51258600,,
0,2,,0.101463,0.256948,0.641589,,49500300,,
0,1,,0.203769,0.468774,0.327457,,50033300,,
0,1,,0.216332,0.46668,0.316988,,52782300,,
0,2,,0.365942,0.220227,0.413831,,53664100,,
0,2,,0.060095,0.29327,0.646635,,51033800,,
0,2,,0.297083,0.343291,0.359626,,51343300,,
0,1,,0.085739,0.563143,0.351119,,49068500,,
0,2,,0.077533,0.106547,0.81592,,49858200,,
0,2,,0.363716,0.121282,0.515003,,49423100,,
0,2,,0.090941,0.424293,0.484765,,49297000,,
0,2,,0.314098,0.190043,0.495859,,49600600,,
0,2,,0.299864,0.177689,0.522447,,51462800,,
0,2,,0.2519,0.256179,0.491921,,48990600,,
0,2,,0.165959,0.092231,0.741811,,49686900,,
0,2,,0.082198,0.101131,0.816671,,47353600,,
0,2,,0.066663,0.098864,0.834473,,48751200,,
0,1,,0.075873,0.556856,0.36727,,48859800,,
0,2,,0.087789,0.156806,0.755405,,48926300,,
0,2,,0.070799,0.066997,0.862204,,50808500,,
0,1,,0.035235,0.507173,0.457592,,52121000,,
0,2,,0.052954,0.097297,0.849748,,51965100,,
0,2,,0.213707,0.348385,0.437908,,49022000,,
0,2,,0.13155,0.286984,0.581466,,48891300,,
0,2,,0.343009,0.299702,0.357289,,49941900,,
0,1,,0.047471,0.62094,0.331589,,49279800,,
0,2,,0.155526,0.377169,0.467305,,53911800,,
0,2,,0.247197,0.246662,0.506141,,47932500,,
0,2,,0.343614,0.120717,0.535669,,54415100,,
0,2,,0.120457,0.124142,0.755402,,48527000,,
0,1,,0.076255,0.722049,0.201697,,47181000,,
0,2,,0.057126,0.138192,0.804682,,48536600,,
0,2,,0.0731,0.366781,0.560119,,49178100,,
0,0,,0.453497,0.111976,0.434527,,50310200,,
0,2,,0.136375,0.244368,0.619257,,48578100,,
0,2,,0.100524,0.407384,0.492091,,53019400,,
0,2,,0.084176,0.096767,0.819058,,48259600,,
0,2,,0.063942,0.379485,0.556573,,49810700,,
0,2,,0.026056,0.245866,0.728078,,47922300,,
0,0,,0.402936,0.200073,0.396991,,48081600,,
0,2,,0.175878,0.179692,0.64443,,48792800,,
0,2,,0.291612,0.158723,0.549665,,47470100,,
0,2,,0.183776,0.150312,0.665912,,49893900,,
0,2,,0.075868,0.361251,0.562881,,49733800,,
0,2,,0.281695,0.208162,0.510143,,47804700,,
0,2,,0.075325,0.306548,0.618127,,51270400,,
0,2,,0.107812,0.180242,0.711946,,50927900,,
0,2,,0.326891,0.265136,0.407973,,52674100,,
0,2,,0.035991,0.112663,0.851346,,49893100,,
0,2,,0.050936,0.286107,0.662957,,48183200,,
0,0,,0.381494,0.339758,0.278748,,47992600,,
0,2,,0.114899,0.098916,0.786185,,48323800,,
0,1,,0.299556,0.426993,0.273451,,46561500,,
0,2,,0.055384,0.452964,0.491652,,52865700,,
0,1,,0.199639,0.549088,0.251273,,46778400,,
0,0,,0.443805,0.237071,0.319124,,48768500,,
0,2,,0.065526,0.465825,0.468649,,48242600,,
0,1,,0.204575,0.417001,0.378424,,48382100,,
0,2,,0.226232,0.345118,0.428651,,48299500,,
0,2,,0.401855,0.119073,0.479072,,47052200,,
0,2,,0.284008,0.314707,0.401286,,49144500,,
0,2,,0.054371,0.057416,0.888212,,49363000,,
0,2,,0.057602,0.280028,0.66237,,51995900,,
0,1,,0.059521,0.639267,0.301212,,48035000,,
0,2,,0.029076,0.180357,0.790566,,49071400,,
0,2,,0.062246,0.149687,0.788067,,49148600,,
0,2,,0.118217,0.244331,0.637453,,48850000,,
0,1,,0.180613,0.505896,0.313491,,48750500,,
0,2,,0.262126,0.102396,0.635478,,48138600,,
0,2,,0.252204,0.181092,0.566704,,48633100,,
0,2,,0.173568,0.101091,0.725341,,48196600,,
0,2,,0.070799,0.066997,0.862204,,52472200,,
0,2,,0.105548,0.184514,0.709939,,50415000,,
0,2,,0.142447,0.142033,0.71552,,51552400,,
0,2,,0.096805,0.187764,0.715431,,49897800,,
0,2,,0.056976,0.316685,0.626339,,53757200,,
0,2,,0.187721,0.390331,0.421948,,50492100,,
0,0,,0.523162,0.174155,0.302683,,48902200,,
0,2,,0.118114,0.261614,0.620273,,51309500,,
0,1,,0.290026,0.405307,0.304667,,52227600,,
0,1,,0.058617,0.530403,0.410981,,52918700,,
0,1,,0.111431,0.482748,0.405821,,49256800,,
0,1,,0.325897,0.347478,0.326625,,53959500,,
0,1,,0.238061,0.432802,0.329137,,54420700,,
0,1,,0.030379,0.761953,0.207668,,53389200,,
0,2,,0.110998,0.154897,0.734106,,52632000,,
0,0,,0.527336,0.211029,0.261635,,50187100,,
0,2,,0.416,0.146425,0.437575,,51580600,,
0,0,,0.388794,0.292955,0.318251,,48424600,,
0,2,,0.058387,0.138451,0.803163,,59470300,,
0,1,,0.135005,0.456771,0.408224,,48836600,,
0,2,,0.174396,0.25307,0.572534,,48612300,,
0,2,,0.099706,0.090022,0.810272,,48737000,,
0,1,,0.05545,0.650686,0.293865,,54267100,,
0,2,,0.063287,0.134867,0.801846,,50143600,,
0,2,,0.189149,0.16161,0.649241,,48349300,,
0,2,,0.340052,0.213923,0.446026,,53539800,,
0,2,,0.343649,0.175232,0.481119,,49357100,,
0,2,,0.112712,0.218335,0.668953,,48473300,,
0,1,,0.207079,0.518039,0.274882,,49243200,,
0,1,,0.054696,0.700448,0.244856,,51200200,,
0,2,,0.069349,0.306635,0.624016,,49549900,,
0,1,,0.254753,0.539856,0.205391,,56203700,,
0,1,,0.069394,0.607552,0.323054,,50248700,,
0,1,,0.281596,0.359699,0.358704,,53899000,,
0,2,,0.050724,0.088381,0.860895,,61083000,,
0,2,,0.13269,0.109111,0.758199,,58373600,,
0,2,,0.268012,0.289069,0.44292,,53711500,,
0,0,,0.450504,0.179836,0.36966,,55409400,,
0,2,,0.121249,0.310889,0.567862,,50197700,,
0,0,,0.36797,0.299854,0.332176,,50190700,,
0,2,,0.068917,0.379991,0.551092,,50361400,,
0,1,,0.050144,0.488196,0.461659,,48698900,,
0,2,,0.253416,0.174449,0.572136,,60471400,,
0,2,,0.293632,0.273706,0.432662,,55515100,,
0,0,,0.493337,0.155073,0.35159,,51001200,,
0,2,,0.105103,0.273572,0.621325,,54934700,,
0,1,,0.182449,0.462139,0.355412,,50572900,,
0,2,,0.049505,0.106357,0.844138,,49937100,,
0,2,,0.057502,0.161761,0.780737,,50987100,,
0,2,,0.098678,0.064294,0.837029,,49467500,,
0,2,,0.166416,0.213204,0.620381,,49937500,,
0,1,,0.30234,0.349294,0.348366,,51374500,,
0,2,,0.426483,0.136634,0.436883,,50278700,,
0,2,,0.359091,0.169832,0.471077,,49147000,,
0,2,,0.081367,0.453653,0.46498,,50315800,,
0,2,,0.171174,0.061154,0.767672,,51495500,,
0,2,,0.120855,0.230034,0.649111,,49168500,,
0,1,,0.138681,0.552709,0.30861,,50829600,,
0,1,,0.234415,0.448314,0.31727,,51317300,,
0,2,,0.07937,0.147774,0.772856,,50469800,,
0,2,,0.362764,0.139086,0.49815,,51845400,,
0,2,,0.140043,0.42505,0.434906,,52169500,,
0,2,,0.109216,0.410983,0.479801,,57284500,,
0,2,,0.029392,0.123323,0.847285,,51245200,,
0,0,,0.431534,0.190044,0.378422,,54750200,,
0,1,,0.139454,0.631218,0.229328,,49356400,,
0,2,,0.124118,0.428818,0.447064,,51345500,,
0,2,,0.381359,0.185908,0.432732,,49199400,,
0,2,,0.077464,0.398571,0.523965,,55206600,,
0,1,,0.063009,0.58542,0.35157,,59091600,,
0,2,,0.431313,0.130991,0.437696,,50169200,,
0,2,,0.093871,0.419884,0.486245,,48977400,,
0,2,,0.326425,0.222873,0.450702,,49621800,,
0,1,,0.093392,0.567444,0.339164,,49003500,,
0,1,,0.073768,0.528248,0.397984,,51331400,,
0,0,,0.453911,0.207966,0.338123,,49050200,,
0,2,,0.059351,0.179915,0.760733,,47832400,,
0,2,,0.225329,0.245407,0.529264,,52829200,,
0,2,,0.046214,0.279912,0.673874,,50141000,,
0,2,,0.26789,0.265118,0.466993,,49677700,,
0,0,,0.481628,0.220079,0.298293,,48406200,,
0,2,,0.363636,0.11312,0.523244,,48233400,,
0,1,,0.101556,0.539194,0.35925,,56222700,,
0,2,,0.238102,0.120908,0.64099,,50453600,,
0,2,,0.024279,0.24671,0.72901,,49158400,,
0,2,,0.094439,0.107669,0.797892,,49814900,,
0,1,,0.323787,0.368994,0.307219,,49388100,,
0,2,,0.0527,0.048755,0.898545,,49406400,,
0,2,,0.043478,0.249108,0.707414,,50237300,,
0,2,,0.264985,0.253084,0.481931,,49709800,,
0,2,,0.098318,0.167475,0.734207,,48536400,,
0,2,,0.092525,0.098631,0.808844,,50537800,,
0,2,,0.113775,0.213646,0.672579,,49841200,,
0,1,,0.292355,0.409061,0.298584,,48797800,,
0,2,,0.072821,0.139192,0.787987,,49665800,,
0,2,,0.14564,0.277919,0.57644,,53331000,,
0,2,,0.327186,0.093208,0.579605,,52170600,,
0,2,,0.167906,0.290815,0.541279,,50912600,,
0,2,,0.451843,0.095109,0.453047,,47660200,,
0,1,,0.038436,0.490071,0.471493,,49191800,,
0,1,,0.234539,0.392049,0.373412,,49233700,,
0,0,,0.471915,0.249701,0.278384,,52058200,,
0,0,,0.369151,0.297677,0.333171,,56783200,,
0,2,,0.095552,0.396192,0.508256,,48824100,,
0,2,,0.112837,0.098408,0.788755,,48828800,,
0,1,,0.188194,0.415928,0.395878,,47799300,,
0,1,,0.113282,0.539089,0.347629,,47812800,,
0,2,,0.029838,0.294177,0.675985,,54169600,,
0,2,,0.103782,0.141548,0.75467,,52555000,,
0,2,,0.359337,0.18174,0.458924,,51675300,,
0,2,,0.21703,0.391058,0.391912,,59609700,,
0,1,,0.096807,0.496002,0.407191,,47726800,,
0,2,,0.131051,0.367698,0.501251,,51069900,,
0,1,,0.096984,0.578826,0.32419,,52605300,,
0,2,,0.12128,0.221904,0.656816,,54303100,,
0,0,,0.524899,0.196316,0.278786,,49106200,,
0,2,,0.193306,0.276541,0.530153,,48005300,,
0,2,,0.062724,0.236607,0.70067,,48590200,,
0,1,,0.152281,0.452174,0.395545,,46543900,,
0,2,,0.122313,0.128945,0.748742,,48982800,,
0,2,,0.078794,0.064697,0.856509,,48789800,,
0,2,,0.089366,0.283398,0.627236,,48604100,,
0,2,,0.052978,0.148778,0.798244,,48289500,,
0,0,,0.424165,0.279024,0.296811,,48206200,,
0,1,,0.330878,0.344702,0.32442,,48493600,,
0,2,,0.132976,0.227531,0.639493,,48840500,,
0,2,,0.082823,0.443035,0.474142,,49363300,,
0,2,,0.371333,0.198637,0.430029,,48340000,,
0,0,,0.355237,0.312452,0.332311,,49291300,,
0,2,,0.082481,0.092166,0.825353,,48922000,,
0,2,,0.042593,0.164436,0.792971,,47967700,,
0,2,,0.162418,0.066882,0.7707,,51281500,,
0,2,,0.148838,0.339546,0.511616,,54700800,,
0,2,,0.027543,0.344202,0.628255,,54898500,,
0,1,,0.134241,0.465565,0.400195,,55681500,,
0,2,,0.110456,0.13486,0.754684,,52409400,,
0,1,,0.059935,0.474352,0.465713,,51174500,,
0,2,,0.351904,0.075708,0.572388,,49342200,,
0,0,,0.386485,0.325535,0.28798,,48078000,,
0,1,,0.119733,0.648917,0.23135,,48198000,,
0,2,,0.362461,0.250532,0.387007,,48109200,,
0,2,,0.077173,0.134361,0.788465,,47481000,,
0,2,,0.088283,0.137996,0.773721,,51841000,,
0,2,,0.086404,0.089897,0.823699,,51966600,,
0,2,,0.105092,0.13013,0.764779,,48148900,,
0,1,,0.070093,0.548073,0.381833,,56532900,,
0,1,,0.288258,0.413882,0.297859,,53164300,,
0,1,,0.365263,0.44015,0.194587,,51857300,,
0,2,,0.196504,0.253092,0.550404,,53962100,,
0,2,,0.348948,0.231852,0.4192,,57128200,,
0,2,,0.182282,0.134247,0.68347,,53527600,,
0,2,,0.094406,0.111744,0.79385,,53557200,,
0,2,,0.0674,0.425381,0.507219,,49156700,,
0,2,,0.160604,0.112079,0.727318,,48773900,,
0,2,,0.104793,0.115702,0.779505,,49080000,,
0,2,,0.362818,0.157058,0.480125,,49472400,,
0,2,,0.161946,0.287247,0.550807,,49035400,,
0,2,,0.129596,0.168905,0.7015,,48333200,,
0,2,,0.176586,0.096643,0.726771,,46986000,,
0,2,,0.123553,0.160914,0.715533,,48587500,,
0,1,,0.20216,0.536325,0.261514,,48205400,,
0,1,,0.08658,0.533453,0.379967,,48719300,,
0,1,,0.166815,0.538175,0.29501,,48481100,,
0,2,,0.209376,0.370833,0.419791,,50607800,,
0,2,,0.43764,0.11259,0.44977,,47268200,,
0,0,,0.384431,0.314812,0.300757,,48468100,,
0,2,,0.075531,0.12598,0.798489,,51981700,,
0,2,,0.051587,0.067318,0.881094,,52195800,,
0,2,,0.327779,0.27084,0.401381,,47941400,,
0,2,,0.098121,0.20034,0.701539,,52040600,,
0,1,,0.064698,0.64983,0.285472,,50005600,,
0,2,,0.191162,0.215018,0.59382,,51698800,,
0,2,,0.081882,0.35954,0.558577,,64842500,,
0,1,,0.219228,0.477257,0.303514,,51736700,,
0,1,,0.17898,0.421532,0.399489,,47902700,,
0,2,,0.110896,0.266475,0.622629,,49274100,,
0,2,,0.045402,0.251719,0.702879,,48331400,,
0,2,,0.055799,0.154009,0.790192,,48458200,,
0,2,,0.141486,0.32136,0.537154,,48357500,,
0,2,,0.140392,0.128588,0.731021,,48811100,,
0,2,,0.115133,0.143934,0.740933,,47967800,,
0,2,,0.093671,0.295054,0.611275,,47410900,,
0,1,,0.125431,0.448754,0.425815,,48438100,,
0,2,,0.116,0.099762,0.784238,,51910700,,
0,2,,0.187482,0.179108,0.633409,,51088600,,
0,2,,0.046192,0.417759,0.536049,,49795100,,
0,2,,0.089866,0.378675,0.531459,,47946200,,
0,2,,0.036765,0.25667,0.706566,,51254000,,
0,0,,0.457103,0.174462,0.368435,,49227000,,
0,0,,0.417069,0.240858,0.342073,,50168900,,
0,1,,0.037707,0.574926,0.387367,,50623000,,
0,0,,0.5545,0.197958,0.247542,,47736200,,
0,2,,0.203967,0.117985,0.678048,,54059500,,
0,2,,0.126806,0.198881,0.674314,,48726900,,
0,1,,0.11476,0.553594,0.331646,,61268000,,
0,2,,0.042403,0.311962,0.645635,,57766700,,
0,2,,0.295109,0.22342,0.48147,,47367200,,
0,0,,0.47226,0.208958,0.318782,,48854800,,
0,1,,0.136737,0.533134,0.330129,,49296300,,
0,2,,0.361737,0.140009,0.498254,,50303100,,
0,2,,0.07951,0.108173,0.812317,,48722600,,
0,2,,0.060801,0.24124,0.697959,,48585500,,
0,1,,0.201886,0.432458,0.365656,,51772000,,
0,1,,0.107274,0.65506,0.237666,,49003500,,
0,1,,0.049227,0.559797,0.390976,,49044700,,
0,0,,0.524133,0.127715,0.348152,,48476000,,
0,2,,0.103228,0.122325,0.774447,,48511300,,
0,2,,0.13296,0.192345,0.674695,,48043600,,
0,2,,0.063923,0.372617,0.56346,,49460400,,
0,2,,0.151261,0.132713,0.716025,,50341100,,
0,1,,0.232284,0.404872,0.362843,,51662000,,
0,2,,0.125854,0.392606,0.481541,,51374800,,
0,2,,0.262287,0.140369,0.597344,,46763500,,
0,2,,0.131273,0.118779,0.749948,,50909900,,
0,2,,0.077418,0.337328,0.585254,,63161900,,
0,1,,0.216116,0.406632,0.377252,,50752800,,
0,2,,0.171546,0.332402,0.496052,,48838800,,
0,2,,0.044233,0.15685,0.798918,,48597100,,
0,1,,0.111721,0.542848,0.345431,,48232500,,
0,2,,0.041925,0.192304,0.765771,,52367000,,
0,2,,0.443929,0.097843,0.458228,,55245400,,
0,1,,0.246741,0.376893,0.376367,,48980200,,
0,2,,0.074326,0.096767,0.828907,,49023400,,
0,1,,0.071256,0.566727,0.362018,,49059800,,
0,2,,0.424701,0.137044,0.438256,,51229500,,
0,0,,0.364271,0.304923,0.330806,,51260100,,
0,2,,0.164871,0.41355,0.421579,,51490700,,
0,2,,0.240059,0.086985,0.672956,,48086700,,
0,2,,0.056575,0.232054,0.711371,,48369300,,
0,2,,0.100161,0.321341,0.578498,,48538100,,
0,2,,0.062117,0.301579,0.636304,,52020600,,
0,2,,0.078329,0.411112,0.510559,,48697100,,
0,1,,0.255669,0.463822,0.280509,,50407000,,
0,2,,0.114374,0.118102,0.767524,,48456200,,
0,2,,0.065577,0.462996,0.471427,,48148500,,
0,0,,0.412165,0.281024,0.306811,,51196800,,
0,2,,0.065164,0.346944,0.587892,,48565400,,
0,2,,0.063853,0.20288,0.733268,,48455600,,
0,2,,0.219002,0.147035,0.633963,,50477000,,
0,2,,0.089659,0.173328,0.737012,,48594300,,
0,1,,0.174329,0.508121,0.31755,,49712300,,
0,1,,0.1044,0.487725,0.407875,,49838400,,
0,2,,0.059046,0.196287,0.744667,,48793500,,
0,2,,0.084539,0.141597,0.773864,,48791100,,
0,0,,0.576901,0.165522,0.257577,,49024100,,
0,2,,0.045987,0.212669,0.741344,,48772600,,
0,2,,0.233499,0.306816,0.459684,,52021500,,
0,0,,0.524009,0.120719,0.355272,,55439700,,
0,2,,0.164202,0.11559,0.720209,,53162200,,
0,0,,0.433068,0.135916,0.431015,,48880700,,
0,0,,0.4636,0.227918,0.308482,,47901500,,
0,2,,0.26933,0.315341,0.415328,,47760500,,
0,2,,0.072904,0.168671,0.758425,,48272400,,
0,1,,0.059565,0.497494,0.442941,,49028100,,
0,1,,0.377071,0.4295,0.193429,,47316700,,
0,0,,0.457891,0.166481,0.375628,,46885200,,
0,2,,0.305696,0.239636,0.454668,,49653400,,
0,2,,0.067772,0.420461,0.511768,,48798700,,
0,2,,0.105811,0.38003,0.514159,,53141200,,
0,2,,0.089612,0.193566,0.716822,,49585600,,
0,2,,0.124453,0.152077,0.72347,,47903800,,
0,1,,0.063979,0.633257,0.302764,,49138900,,
0,2,,0.154024,0.185797,0.660179,,51572300,,
0,2,,0.123179,0.055455,0.821366,,49715600,,
0,1,,0.13598,0.461879,0.402141,,54652200,,
0,2,,0.137172,0.400206,0.462622,,52861600,,
0,0,,0.475883,0.206022,0.318094,,49206900,,
0,2,,0.071473,0.449263,0.479263,,48105900,,
0,1,,0.300517,0.35343,0.346053,,50305200,,
0,2,,0.082167,0.098518,0.819315,,47880600,,
0,2,,0.377685,0.118144,0.504171,,62496400,,
0,1,,0.174348,0.452565,0.373088,,52385700,,
0,2,,0.152751,0.398957,0.448293,,50617600,,
0,2,,0.099585,0.218111,0.682304,,49454400,,
0,2,,0.370438,0.202661,0.4269,,50161500,,
0,2,,0.120873,0.145199,0.733928,,51406800,,
0,1,,0.277742,0.374107,0.348151,,48998800,,
0,1,,0.212853,0.483984,0.303163,,49484900,,
0,2,,0.056525,0.129672,0.813803,,48962100,,
0,1,,0.036316,0.768234,0.19545,,50009300,,
0,2,,0.139558,0.243913,0.61653,,49814600,,
0,2,,0.056113,0.170597,0.77329,,50341900,,
0,2,,0.074199,0.457638,0.468163,,48691200,,
0,1,,0.25168,0.456362,0.291958,,48816900,,
0,2,,0.126266,0.186658,0.687076,,49859200,,
0,2,,0.345772,0.303105,0.351123,,46582200,,
0,2,,0.080511,0.336534,0.582955,,51713300,,
0,2,,0.044005,0.123503,0.832492,,48001800,,
0,0,,0.438838,0.235855,0.325307,,48051600,,
0,2,,0.12859,0.32163,0.54978,,47741700,,
0,1,,0.10931,0.632401,0.258289,,47663500,,
0,2,,0.067092,0.084248,0.848659,,47599600,,
0,2,,0.027714,0.082675,0.889612,,48945400,,
0,0,,0.475227,0.156127,0.368646,,48147400,,
0,0,,0.434614,0.201227,0.364159,,50300200,,
0,1,,0.088127,0.493113,0.41876,,48089500,,
0,2,,0.074184,0.262046,0.66377,,51628100,,
0,2,,0.081237,0.21615,0.702613,,48153900,,
0,1,,0.126564,0.495016,0.37842,,51613100,,
0,2,,0.063605,0.296726,0.639669,,47852700,,
0,2,,0.292014,0.198143,0.509844,,48012100,,
0,2,,0.045084,0.100503,0.854413,,49231800,,
0,2,,0.072356,0.301151,0.626493,,49772900,,
0,1,,0.079183,0.562765,0.358052,,49450000,,
0,2,,0.322556,0.17719,0.500254,,54183200,,
0,2,,0.088426,0.062345,0.84923,,51215700,,
0,2,,0.233593,0.115507,0.6509,,54014900,,
0,2,,0.403373,0.134833,0.461794,,49353000,,
0,2,,0.26642,0.302163,0.431417,,50319200,,
0,2,,0.378053,0.142799,0.479148,,48139800,,
0,2,,0.214071,0.165827,0.620102,,50147400,,
0,2,,0.093656,0.176366,0.729979,,49154800,,
0,1,,0.14445,0.565713,0.289837,,47042900,,
0,2,,0.076228,0.13992,0.783852,,48348400,,
0,2,,0.060322,0.103531,0.836147,,48907500,,
0,2,,0.24934,0.184653,0.566007,,48090900,,
0,0,,0.456461,0.233875,0.309664,,47165200,,
0,2,,0.140717,0.166687,0.692595,,47538100,,
0,2,,0.064708,0.050471,0.88482,,48183700,,
0,1,,0.115775,0.537378,0.346847,,55972900,,
0,1,,0.075847,0.624079,0.300074,,46524800,,
0,2,,0.356069,0.122144,0.521787,,47806000,,
0,2,,0.055758,0.192189,0.752054,,48573700,,
0,2,,0.440234,0.115329,0.444437,,47847500,,
0,2,,0.128153,0.174295,0.697552,,48532000,,
0,2,,0.137992,0.119242,0.742767,,48889000,,
0,2,,0.172255,0.120283,0.707461,,50928400,,
0,1,,0.127975,0.581022,0.291003,,52339100,,
0,2,,0.093478,0.173953,0.732569,,50385600,,
0,1,,0.154431,0.548606,0.296962,,49105400,,
0,2,,0.103386,0.178614,0.718,,48486900,,
0,2,,0.376404,0.162006,0.46159,,48125500,,
0,1,,0.056762,0.498709,0.44453,,48767400,,
0,2,,0.128063,0.103673,0.768265,,49532100,,
0,2,,0.256664,0.234078,0.509258,,48773200,,
0,1,,0.13721,0.474842,0.387948,,48525200,,
0,2,,0.416137,0.155954,0.427908,,48927300,,
0,2,,0.138621,0.160998,0.700382,,48914000,,
0,2,,0.140138,0.179719,0.680143,,47793400,,
0,2,,0.068267,0.379151,0.552582,,49010200,,
0,2,,0.167305,0.1171,0.715595,,48557700,,
0,1,,0.134337,0.508888,0.356775,,48518100,,
0,0,,0.361879,0.288611,0.349509,,48897100,,
0,2,,0.090809,0.343318,0.565873,,46435600,,
0,2,,0.175457,0.150687,0.673856,,47945900,,
0,2,,0.094761,0.316497,0.588742,,48947300,,
0,2,,0.1571,0.318133,0.524767,,48180500,,
0,2,,0.304141,0.274458,0.421401,,59728300,,
0,2,,0.084248,0.412506,0.503246,,56132800,,
0,2,,0.184423,0.123175,0.692403,,55995600,,
0,2,,0.167939,0.256494,0.575567,,55021600,,
0,2,,0.063043,0.256116,0.680841,,50084100,,
0,0,,0.398532,0.205538,0.39593,,48615300,,
0,2,,0.097329,0.066128,0.836543,,48205600,,
0,1,,0.22219,0.39018,0.38763,,54865600,,
0,2,,0.096801,0.104568,0.798632,,55046300,,
0,2,,0.176992,0.197203,0.625804,,51778300,,
0,2,,0.046829,0.380879,0.572292,,51033500,,
0,2,,0.221333,0.202235,0.576432,,50329100,,
0,2,,0.226714,0.293654,0.479632,,50431800,,
0,2,,0.090814,0.306682,0.602504,,48267400,,
0,2,,0.066479,0.240031,0.69349,,49037100,,
0,2,,0.377662,0.136595,0.485743,,47494600,,
0,2,,0.074537,0.151317,0.774146,,48454200,,
0,2,,0.043898,0.235354,0.720748,,49684400,,
0,0,,0.415412,0.243378,0.34121,,49754700,,
0,2,,0.05347,0.09267,0.85386,,49324100,,
0,1,,0.12495,0.604755,0.270294,,47899400,,
0,1,,0.152484,0.423767,0.423749,,48777800,,
0,1,,0.067561,0.610475,0.321964,,47005200,,
0,2,,0.235027,0.339366,0.425607,,48334600,,
0,2,,0.059265,0.465234,0.475501,,49945700,,
0,1,,0.031227,0.514236,0.454537,,49511700,,
0,1,,0.300572,0.367964,0.331464,,49136000,,
0,2,,0.372896,0.13204,0.495064,,48712600,,
0,2,,0.09413,0.274277,0.631593,,51895500,,
0,1,,0.138606,0.462732,0.398662,,48814600,,
0,2,,0.137507,0.113429,0.749064,,52857500,,
0,2,,0.160493,0.409494,0.430013,,53640300,,
0,2,,0.146455,0.161897,0.691647,,52531200,,
0,2,,0.085411,0.20458,0.710009,,50034900,,
0,1,,0.10629,0.518163,0.375547,,54195900,,
0,2,,0.065507,0.366399,0.568094,,48491900,,
0,2,,0.035992,0.156928,0.807079,,54207000,,
0,1,,0.109456,0.578412,0.312133,,49553300,,
0,1,,0.045142,0.502092,0.452766,,48637600,,
0,2,,0.051684,0.353984,0.594332,,47236000,,
0,1,,0.09097,0.566322,0.342708,,48638700,,
0,2,,0.090383,0.135783,0.773834,,54234500,,
0,2,,0.059456,0.246031,0.694513,,54668800,,
0,2,,0.142172,0.425206,0.432622,,52562200,,
0,2,,0.198645,0.21036,0.590994,,51394300,,
0,2,,0.107085,0.123644,0.769271,,49797900,,
0,2,,0.111039,0.14645,0.742511,,51211500,,
0,2,,0.33384,0.112002,0.554158,,51099500,,
0,1,,0.097776,0.62052,0.281704,,49302800,,
0,2,,0.084974,0.181715,0.733311,,47456900,,
0,2,,0.373416,0.161945,0.464639,,46939400,,
0,1,,0.139115,0.616635,0.244249,,48661600,,
0,1,,0.110481,0.449694,0.439825,,48277100,,
0,1,,0.232483,0.526851,0.240666,,48916600,,
0,1,,0.24019,0.499362,0.260448,,48055300,,
0,2,,0.170863,0.411014,0.418123,,47956400,,
0,1,,0.228227,0.469955,0.301819,,50601700,,
0,1,,0.063454,0.502775,0.433772,,51232600,,
0,2,,0.05587,0.195684,0.748446,,55112700,,
0,2,,0.060536,0.175791,0.763673,,49834000,,
0,2,,0.120822,0.345921,0.533257,,49062000,,
0,0,,0.36895,0.328622,0.302428,,48853000,,
0,0,,0.448964,0.214536,0.336501,,64612900,,
0,2,,0.368039,0.117548,0.514413,,49177100,,
0,2,,0.077836,0.280239,0.641925,,48047200,,
0,2,,0.165313,0.336756,0.497932,,48566200,,
0,2,,0.079562,0.188531,0.731907,,47940300,,
0,1,,0.069131,0.466277,0.464592,,46281300,,
0,2,,0.313005,0.188666,0.498329,,48673600,,
0,1,,0.126872,0.448807,0.424322,,48467100,,
0,0,,0.415712,0.170499,0.413789,,47821000,,
0,1,,0.259719,0.401913,0.338368,,50158500,,
0,2,,0.325167,0.174051,0.500781,,48857900,,
0,2,,0.174906,0.212499,0.612595,,47039600,,
0,2,,0.047105,0.119514,0.833381,,49453400,,
0,2,,0.28811,0.331151,0.380739,,48224500,,
0,2,,0.137885,0.120336,0.74178,,48424400,,
0,2,,0.273897,0.200176,0.525927,,50827900,,
0,2,,0.154655,0.181556,0.66379,,46993000,,
0,2,,0.301156,0.142812,0.556031,,47765400,,
0,2,,0.139673,0.221227,0.6391,,50959900,,
0,1,,0.083834,0.563174,0.352991,,48610500,,
0,0,,0.447548,0.247613,0.30484,,49929100,,
0,2,,0.073165,0.234086,0.692749,,50649400,,
0,0,,0.379245,0.323589,0.297166,,48243600,,
0,2,,0.248734,0.229771,0.521494,,49853900,,
0,1,,0.221316,0.525158,0.253525,,51041000,,
0,2,,0.300435,0.145361,0.554204,,48154300,,
0,0,,0.465086,0.127715,0.4072,,48555000,,
0,2,,0.421907,0.099507,0.478587,,47029400,,
0,1,,0.078059,0.710227,0.211714,,49283500,,
0,1,,0.058143,0.545398,0.396458,,48492900,,
0,2,,0.158401,0.419976,0.421623,,49064600,,
0,2,,0.175506,0.164871,0.659623,,48403100,,
0,2,,0.317271,0.26303,0.419699,,48721300,,
0,2,,0.069783,0.446677,0.48354,,51850000,,
0,1,,0.052951,0.594802,0.352246,,48636000,,
0,0,,0.45797,0.353078,0.188952,,47932100,,
0,0,,0.501296,0.16881,0.329894,,51773200,,
0,1,,0.238993,0.418401,0.342606,,47310100,,
0,2,,0.08565,0.40099,0.51336,,48652100,,
0,1,,0.074862,0.565759,0.359379,,47962800,,
0,0,,0.427251,0.308989,0.263759,,48807300,,
0,2,,0.19098,0.140589,0.668431,,49503600,,
0,1,,0.180094,0.445291,0.374615,,48655700,,
0,1,,0.087243,0.5239,0.388857,,47330900,,
0,2,,0.061926,0.119079,0.818995,,48790700,,
0,2,,0.063753,0.099977,0.83627,,49167700,,
0,2,,0.289607,0.235656,0.474738,,50137100,,
0,1,,0.176588,0.564425,0.258987,,49479100,,
0,2,,0.066873,0.158304,0.774823,,48422400,,
0,2,,0.143619,0.409726,0.446654,,48379200,,
0,0,,0.400249,0.294553,0.305198,,47812000,,
0,2,,0.113637,0.14289,0.743473,,49778600,,
0,2,,0.133164,0.415974,0.450862,,53646800,,
0,2,,0.043197,0.284056,0.672747,,52322800,,
0,1,,0.028964,0.548907,0.422129,,47782200,,
0,2,,0.069521,0.258937,0.671542,,48142600,,
0,2,,0.024398,0.287644,0.687958,,48029500,,
0,2,,0.08438,0.287816,0.627804,,52740000,,
0,2,,0.077702,0.241279,0.68102,,47124800,,
0,2,,0.093593,0.211029,0.695378,,50180200,,
0,1,,0.347011,0.371383,0.281606,,58821400,,
