connect-4,Tuned_CWT,test,2,NANOSECONDS,PREDICTIONS, Generated by ClassifierExperiments.java on 2022-05-16 00:03:22.    SYSTEMPROPERTIES:{user.name:matth,os.arch:amd64,os.name:Windows 10},ENDSYSTEMPROPERTIES
No parameter info
0.7770870337477798,91476642500,787733226700,-1,1215353392,3,,-1,-1
0,2,,0.209455,0.142318,0.648227,,80406300,,
0,2,,0.079552,0.278562,0.641886,,83078600,,
0,2,,0.217917,0.161429,0.620654,,78144900,,
0,2,,0.104599,0.320892,0.574509,,84461300,,
0,2,,0.285544,0.290355,0.424101,,68578300,,
0,2,,0.236311,0.277718,0.485971,,74000400,,
0,2,,0.087164,0.063138,0.849698,,77634500,,
0,1,,0.08717,0.570154,0.342677,,76146600,,
0,2,,0.298372,0.096192,0.605436,,76123700,,
0,1,,0.110484,0.521184,0.368331,,82287400,,
0,2,,0.118974,0.241226,0.639801,,78112100,,
0,2,,0.16485,0.250099,0.585051,,63789100,,
0,2,,0.359613,0.208019,0.432368,,60366500,,
0,2,,0.180983,0.312378,0.506639,,76757500,,
0,2,,0.10056,0.102616,0.796823,,72313800,,
0,2,,0.114101,0.125977,0.759922,,73733000,,
0,2,,0.301379,0.146981,0.551641,,77423100,,
0,1,,0.041486,0.480314,0.4782,,65843100,,
0,1,,0.221865,0.407659,0.370475,,74015300,,
0,2,,0.203069,0.334544,0.462388,,71541100,,
0,1,,0.300792,0.400969,0.298239,,73381000,,
0,2,,0.148972,0.19368,0.657347,,75330800,,
0,2,,0.292528,0.147388,0.560084,,71372600,,
0,2,,0.06243,0.277084,0.660486,,80754100,,
0,2,,0.114515,0.09646,0.789025,,58085800,,
0,2,,0.181391,0.230378,0.588231,,71881900,,
0,2,,0.064847,0.371164,0.563989,,65115700,,
0,2,,0.231475,0.226819,0.541706,,79719000,,
0,2,,0.195664,0.204382,0.599954,,77514100,,
0,1,,0.158699,0.521322,0.319979,,61016700,,
0,2,,0.302192,0.195449,0.502359,,62218600,,
0,2,,0.329221,0.191943,0.478836,,74632500,,
0,2,,0.371607,0.18583,0.442563,,77206600,,
0,2,,0.28617,0.291023,0.422807,,72170800,,
0,0,,0.355866,0.340179,0.303955,,79029200,,
0,2,,0.143495,0.38022,0.476285,,74034200,,
0,2,,0.063179,0.455585,0.481236,,67000300,,
0,2,,0.224237,0.170916,0.604847,,77901600,,
0,2,,0.124339,0.182592,0.693069,,74436700,,
0,2,,0.30005,0.186298,0.513653,,86147300,,
0,2,,0.349705,0.268115,0.38218,,75988200,,
0,2,,0.068838,0.194801,0.736361,,77978300,,
0,1,,0.15723,0.564288,0.278483,,73240800,,
0,2,,0.408612,0.128003,0.463384,,74175000,,
0,2,,0.207916,0.125415,0.66667,,78930000,,
0,1,,0.076534,0.532978,0.390488,,73170000,,
0,2,,0.171612,0.178832,0.649556,,74294000,,
0,2,,0.070107,0.157242,0.772651,,79066800,,
0,2,,0.198851,0.204049,0.597099,,77824300,,
0,2,,0.196517,0.339668,0.463815,,70597500,,
0,2,,0.167599,0.273704,0.558698,,72628400,,
0,2,,0.09649,0.161645,0.741865,,75305200,,
0,2,,0.185336,0.128408,0.686256,,70736600,,
0,1,,0.114305,0.574805,0.310891,,71632500,,
0,2,,0.066762,0.099227,0.834011,,77761000,,
0,2,,0.053884,0.083464,0.862652,,78257500,,
0,2,,0.128398,0.132735,0.738868,,80199500,,
0,0,,0.467307,0.173802,0.35889,,77173700,,
0,2,,0.26666,0.178406,0.554935,,68208300,,
0,2,,0.303013,0.27741,0.419577,,67438600,,
0,2,,0.126097,0.244089,0.629814,,64766800,,
0,2,,0.059075,0.274664,0.666261,,69394600,,
0,2,,0.05524,0.437256,0.507504,,62215100,,
0,1,,0.199686,0.490761,0.309553,,72769300,,
0,2,,0.170967,0.230198,0.598835,,82117800,,
0,2,,0.114234,0.089367,0.796399,,81702200,,
0,2,,0.153378,0.118327,0.728294,,84677600,,
0,2,,0.086919,0.094889,0.818192,,69537800,,
0,1,,0.132044,0.471621,0.396335,,57553400,,
0,2,,0.088737,0.25462,0.656643,,75614400,,
0,2,,0.17616,0.295601,0.528239,,71280900,,
0,2,,0.169301,0.103048,0.727651,,80422100,,
0,0,,0.379392,0.33797,0.282639,,69672300,,
0,2,,0.303112,0.182292,0.514596,,82530500,,
0,2,,0.085222,0.106732,0.808046,,73027100,,
0,2,,0.037425,0.266237,0.696338,,72356600,,
0,2,,0.03575,0.132802,0.831449,,75804300,,
0,2,,0.080701,0.15522,0.764079,,82713200,,
0,2,,0.236253,0.352706,0.411041,,78231600,,
0,2,,0.078245,0.442098,0.479657,,88126600,,
0,2,,0.12093,0.139493,0.739577,,79545400,,
0,2,,0.091885,0.148851,0.759265,,83759500,,
0,2,,0.230425,0.357486,0.412089,,78283100,,
0,2,,0.115165,0.248761,0.636075,,86756000,,
0,2,,0.272467,0.245606,0.481927,,79119100,,
0,2,,0.082089,0.298176,0.619734,,76352800,,
0,2,,0.308544,0.095523,0.595932,,85080000,,
0,2,,0.273605,0.208309,0.518086,,79211400,,
0,2,,0.044222,0.184875,0.770903,,84283100,,
0,1,,0.038244,0.56546,0.396295,,72222000,,
0,2,,0.345067,0.304267,0.350666,,77959300,,
0,1,,0.093248,0.456705,0.450046,,80627900,,
0,2,,0.231288,0.349661,0.419051,,80545000,,
0,2,,0.29412,0.33306,0.37282,,84100700,,
0,2,,0.087464,0.245882,0.666654,,84167300,,
0,2,,0.077205,0.356666,0.56613,,79632900,,
0,2,,0.25265,0.367648,0.379702,,80344800,,
0,2,,0.110253,0.153515,0.736232,,78792600,,
0,1,,0.238901,0.456295,0.304804,,81927200,,
0,2,,0.063852,0.312794,0.623354,,88597800,,
0,2,,0.129255,0.309705,0.56104,,72759500,,
0,1,,0.245884,0.410845,0.343271,,75048200,,
0,2,,0.18226,0.370839,0.446901,,71380700,,
0,2,,0.080325,0.118169,0.801506,,63119700,,
0,2,,0.147015,0.38177,0.471215,,73994300,,
0,2,,0.328918,0.201248,0.469834,,72603000,,
0,2,,0.089769,0.188086,0.722146,,75939000,,
0,1,,0.301809,0.35255,0.345641,,81809000,,
0,1,,0.126705,0.445675,0.427621,,79895900,,
0,2,,0.071225,0.140107,0.788668,,80244500,,
0,2,,0.069249,0.305567,0.625184,,69041700,,
0,2,,0.124447,0.264219,0.611333,,71663300,,
0,2,,0.334665,0.212791,0.452544,,78351400,,
0,2,,0.069139,0.085216,0.845646,,64360400,,
0,2,,0.151624,0.203929,0.644448,,72986800,,
0,2,,0.126217,0.188379,0.685404,,73476200,,
0,2,,0.130359,0.344156,0.525485,,76932900,,
0,2,,0.404873,0.179032,0.416095,,78269000,,
0,2,,0.301724,0.195829,0.502447,,77337600,,
0,2,,0.305973,0.31545,0.378577,,83532700,,
0,2,,0.081209,0.191413,0.727378,,85162600,,
0,2,,0.386937,0.125538,0.487525,,86272500,,
0,1,,0.29977,0.365076,0.335154,,87890200,,
0,0,,0.410965,0.204788,0.384246,,81589500,,
0,2,,0.23382,0.238626,0.527554,,75910600,,
0,1,,0.102146,0.540032,0.357823,,79886800,,
0,2,,0.155571,0.304773,0.539656,,79873800,,
0,2,,0.181553,0.232658,0.58579,,70447200,,
0,2,,0.052839,0.153489,0.793672,,81201000,,
0,2,,0.109154,0.152475,0.738371,,78330900,,
0,2,,0.286836,0.332108,0.381055,,85102100,,
0,1,,0.080914,0.580829,0.338256,,89783900,,
0,2,,0.053499,0.125099,0.821402,,82736100,,
0,2,,0.077009,0.17452,0.748471,,83888200,,
0,2,,0.327512,0.131867,0.540621,,78492100,,
0,2,,0.065638,0.384998,0.549364,,80629200,,
0,2,,0.139683,0.330833,0.529484,,79128200,,
0,2,,0.284109,0.19875,0.517142,,80652500,,
0,2,,0.188645,0.186063,0.625292,,83643500,,
0,2,,0.129417,0.14559,0.724994,,82648300,,
0,2,,0.070574,0.112175,0.817251,,84242900,,
0,2,,0.305313,0.304247,0.390441,,77046000,,
0,2,,0.278402,0.242428,0.47917,,85330500,,
0,1,,0.303718,0.415033,0.281249,,78168100,,
0,0,,0.469057,0.243078,0.287866,,82240000,,
0,1,,0.210531,0.424755,0.364715,,79175000,,
0,2,,0.228849,0.361535,0.409616,,83806800,,
0,2,,0.095935,0.427274,0.476791,,82899900,,
0,2,,0.066121,0.106531,0.827348,,79247000,,
0,2,,0.055717,0.222779,0.721504,,72693200,,
0,2,,0.077836,0.104165,0.817999,,82547800,,
0,2,,0.225931,0.212029,0.56204,,64767600,,
0,2,,0.313636,0.148149,0.538216,,70836100,,
0,2,,0.126525,0.114737,0.758739,,76621000,,
0,2,,0.128214,0.352277,0.519508,,62564600,,
0,1,,0.12226,0.505611,0.372129,,76172600,,
0,2,,0.17733,0.35103,0.47164,,82851800,,
0,2,,0.109977,0.309034,0.580989,,75336200,,
0,2,,0.271998,0.242692,0.485309,,78217500,,
0,2,,0.092125,0.1421,0.765774,,82424600,,
0,1,,0.095426,0.47655,0.428024,,76001000,,
0,2,,0.335872,0.121391,0.542737,,73829400,,
0,2,,0.090093,0.214379,0.695528,,79018800,,
0,2,,0.057946,0.108649,0.833405,,83069100,,
0,2,,0.125099,0.383349,0.491552,,79349600,,
0,1,,0.205426,0.40455,0.390024,,81855500,,
0,2,,0.143911,0.209356,0.646733,,76093000,,
0,2,,0.210341,0.201931,0.587728,,69882700,,
0,2,,0.247135,0.30842,0.444445,,68808300,,
0,2,,0.094475,0.159155,0.74637,,76415900,,
0,2,,0.350235,0.100677,0.549089,,74149500,,
0,2,,0.092926,0.226285,0.680789,,71658200,,
0,2,,0.320295,0.18003,0.499675,,60177300,,
0,2,,0.169661,0.385294,0.445045,,79356400,,
0,2,,0.081755,0.206334,0.711911,,76125700,,
0,2,,0.407329,0.182602,0.410069,,68486000,,
0,0,,0.475211,0.170983,0.353806,,76170100,,
0,2,,0.410727,0.118591,0.470681,,74455400,,
0,2,,0.322112,0.245668,0.43222,,75285500,,
0,2,,0.317302,0.337186,0.345512,,65126200,,
0,2,,0.072755,0.229812,0.697432,,76024500,,
0,1,,0.247609,0.453266,0.299125,,74468200,,
0,2,,0.209464,0.264596,0.525939,,77354900,,
0,0,,0.422443,0.198581,0.378975,,62922000,,
0,2,,0.110107,0.40463,0.485263,,73265600,,
0,2,,0.048516,0.145805,0.805679,,68352800,,
0,2,,0.116196,0.328137,0.555667,,65457200,,
0,2,,0.261,0.298879,0.440121,,65481700,,
0,2,,0.101266,0.309107,0.589626,,74790300,,
0,2,,0.367223,0.148554,0.484223,,59326300,,
0,2,,0.097023,0.342102,0.560875,,55605100,,
0,2,,0.097685,0.377778,0.524537,,61535000,,
0,1,,0.16987,0.537769,0.292361,,71589000,,
0,2,,0.067668,0.349913,0.582419,,100503900,,
0,2,,0.225587,0.315835,0.458578,,81031500,,
0,2,,0.225115,0.238946,0.535938,,72876100,,
0,2,,0.091283,0.388991,0.519725,,67604200,,
0,2,,0.197048,0.300002,0.502949,,76167200,,
0,1,,0.144705,0.594123,0.261171,,73587100,,
0,2,,0.064451,0.431124,0.504425,,80706100,,
0,2,,0.269893,0.164415,0.565692,,82656600,,
0,0,,0.417337,0.316103,0.26656,,73262200,,
0,2,,0.166994,0.405728,0.427278,,74387900,,
0,2,,0.159953,0.331467,0.508579,,77898100,,
0,2,,0.336828,0.315053,0.348119,,89433900,,
0,2,,0.165576,0.179471,0.654953,,81107400,,
0,1,,0.115553,0.527229,0.357218,,78561000,,
0,2,,0.296691,0.266211,0.437098,,68796000,,
0,2,,0.280871,0.265949,0.45318,,71585900,,
0,2,,0.082668,0.403583,0.513749,,82723800,,
0,2,,0.417878,0.128259,0.453863,,76838200,,
0,2,,0.350536,0.156957,0.492507,,82599200,,
0,2,,0.198718,0.22052,0.580763,,83142700,,
0,1,,0.233328,0.392162,0.37451,,84303100,,
0,1,,0.172071,0.507156,0.320773,,81479300,,
0,2,,0.044729,0.214725,0.740546,,82061600,,
0,2,,0.139817,0.188721,0.671462,,83323400,,
0,0,,0.449908,0.244257,0.305835,,83714200,,
0,2,,0.111872,0.319438,0.56869,,75087200,,
0,2,,0.159574,0.164523,0.675902,,75816200,,
0,2,,0.235487,0.188449,0.576065,,80215800,,
0,2,,0.116881,0.218145,0.664973,,82109900,,
0,2,,0.154328,0.354682,0.490991,,85167700,,
0,2,,0.188161,0.273,0.538838,,80181500,,
0,2,,0.119118,0.20074,0.680143,,75063900,,
0,2,,0.224193,0.258344,0.517462,,77378500,,
0,2,,0.09125,0.425269,0.483481,,78994300,,
0,2,,0.159354,0.205076,0.63557,,84914300,,
0,2,,0.113858,0.24275,0.643391,,86429500,,
0,2,,0.410452,0.0798,0.509748,,90112400,,
0,2,,0.301513,0.244729,0.453758,,83504600,,
0,1,,0.310414,0.38345,0.306136,,76318400,,
0,2,,0.067539,0.118754,0.813707,,82240800,,
0,1,,0.101947,0.601727,0.296326,,66587300,,
0,2,,0.082832,0.104616,0.812551,,75360800,,
0,1,,0.19107,0.464674,0.344256,,78038200,,
0,1,,0.136837,0.478615,0.384548,,70330700,,
0,2,,0.089415,0.22719,0.683395,,89585800,,
0,2,,0.077605,0.148408,0.773987,,75250400,,
0,2,,0.037849,0.347131,0.61502,,81023400,,
0,2,,0.263625,0.347739,0.388636,,74791400,,
0,2,,0.326649,0.113806,0.559545,,81734300,,
0,0,,0.420393,0.211749,0.367859,,67578400,,
0,2,,0.099025,0.143129,0.757846,,76858300,,
0,2,,0.356955,0.25505,0.387995,,81420700,,
0,2,,0.15892,0.353064,0.488016,,80796800,,
0,1,,0.15304,0.446919,0.400042,,79073200,,
0,2,,0.054887,0.228753,0.71636,,80592100,,
0,2,,0.229722,0.142933,0.627346,,71077400,,
0,2,,0.155946,0.227344,0.61671,,80436100,,
0,2,,0.298334,0.14793,0.553736,,61807100,,
0,2,,0.242615,0.298103,0.459282,,77734900,,
0,2,,0.114829,0.119578,0.765593,,71596700,,
0,2,,0.262036,0.185542,0.552422,,79090800,,
0,2,,0.134541,0.20575,0.659708,,68212400,,
0,2,,0.075159,0.211036,0.713805,,73139300,,
0,2,,0.119571,0.232532,0.647897,,72504400,,
0,2,,0.354594,0.283189,0.362217,,74264200,,
0,2,,0.216047,0.168364,0.615589,,70383900,,
0,1,,0.062147,0.600299,0.337554,,66938700,,
0,2,,0.24102,0.348119,0.41086,,79075400,,
0,1,,0.167179,0.436657,0.396164,,82846500,,
0,2,,0.07417,0.078276,0.847554,,79113700,,
0,1,,0.118702,0.512187,0.369111,,71360400,,
0,2,,0.113717,0.389489,0.496794,,85172400,,
0,2,,0.094197,0.160397,0.745406,,86145700,,
0,2,,0.147993,0.205634,0.646373,,81822200,,
0,2,,0.106014,0.281675,0.612311,,78023700,,
0,2,,0.292459,0.257897,0.449644,,71264200,,
0,2,,0.115662,0.358086,0.526252,,70375100,,
0,2,,0.071923,0.229094,0.698984,,80242100,,
0,1,,0.332807,0.333955,0.333238,,73234700,,
0,2,,0.282305,0.226125,0.491571,,76545800,,
0,2,,0.296552,0.227998,0.47545,,87710400,,
0,1,,0.148368,0.439586,0.412046,,81934100,,
0,2,,0.124835,0.185461,0.689704,,77551900,,
0,2,,0.175866,0.132978,0.691156,,72876700,,
0,2,,0.138363,0.166796,0.694841,,69569100,,
0,2,,0.169761,0.215574,0.614665,,73106200,,
0,2,,0.141118,0.125981,0.732901,,81718000,,
0,2,,0.09831,0.152513,0.749177,,63361500,,
0,2,,0.065061,0.155229,0.77971,,67125700,,
0,2,,0.100101,0.271445,0.628453,,75269600,,
0,2,,0.048103,0.388958,0.562939,,80404400,,
0,1,,0.225001,0.426056,0.348943,,69027100,,
0,2,,0.093657,0.207952,0.698392,,75256800,,
0,2,,0.268478,0.17768,0.553842,,72874500,,
0,2,,0.075717,0.120572,0.803711,,66045300,,
0,2,,0.1032,0.109548,0.787251,,67830200,,
0,2,,0.070875,0.434166,0.49496,,77783800,,
0,2,,0.177644,0.13035,0.692007,,80967500,,
0,2,,0.16743,0.284162,0.548408,,67390900,,
0,1,,0.111803,0.506115,0.382083,,69233000,,
0,2,,0.180111,0.158694,0.661195,,75006700,,
0,2,,0.046489,0.169893,0.783617,,61437500,,
0,2,,0.181747,0.333892,0.484361,,71402200,,
0,2,,0.323989,0.202158,0.473853,,65036900,,
0,1,,0.109871,0.606178,0.283951,,67967200,,
0,1,,0.074109,0.492474,0.433417,,78681100,,
0,2,,0.312749,0.165268,0.521983,,64224100,,
0,2,,0.060223,0.114177,0.8256,,70778800,,
0,2,,0.231485,0.322475,0.44604,,67011800,,
0,2,,0.160605,0.401183,0.438211,,73301600,,
0,2,,0.082419,0.102475,0.815106,,69740900,,
0,2,,0.1194,0.118793,0.761807,,72477000,,
0,1,,0.076559,0.542345,0.381096,,70568700,,
0,2,,0.201868,0.307379,0.490753,,73198600,,
0,2,,0.119854,0.203787,0.676359,,76937300,,
0,2,,0.263112,0.254925,0.481963,,81430800,,
0,2,,0.157939,0.189961,0.6521,,75210700,,
0,2,,0.060362,0.102751,0.836887,,71601400,,
0,1,,0.117587,0.605823,0.27659,,77435500,,
0,2,,0.063909,0.351729,0.584362,,82607800,,
0,2,,0.317849,0.207541,0.474611,,72225100,,
0,2,,0.238926,0.166621,0.594454,,78162500,,
0,2,,0.079888,0.437512,0.4826,,66277200,,
0,2,,0.122922,0.334869,0.542209,,73561400,,
0,2,,0.149471,0.39109,0.459439,,69717700,,
0,2,,0.340946,0.17686,0.482194,,77173500,,
0,1,,0.253857,0.443547,0.302597,,73028900,,
0,2,,0.080773,0.109624,0.809603,,83569600,,
0,2,,0.154216,0.271278,0.574505,,76285200,,
0,2,,0.129018,0.185234,0.685748,,73969600,,
0,2,,0.184927,0.120876,0.694198,,77116100,,
0,2,,0.095711,0.087952,0.816337,,76886400,,
0,2,,0.322827,0.122026,0.555147,,63772500,,
0,1,,0.30534,0.433298,0.261362,,83134500,,
0,2,,0.195877,0.30532,0.498803,,76935600,,
0,2,,0.129786,0.143731,0.726483,,64174900,,
0,2,,0.265657,0.271667,0.462676,,68477100,,
0,2,,0.285054,0.266121,0.448825,,70731200,,
0,2,,0.15884,0.117558,0.723602,,61974700,,
0,2,,0.069742,0.250635,0.679623,,56291300,,
0,0,,0.372217,0.280767,0.347016,,73330000,,
0,2,,0.247243,0.100258,0.6525,,69307500,,
0,1,,0.303982,0.42357,0.272448,,74837700,,
0,2,,0.317748,0.206193,0.476059,,77660900,,
0,2,,0.145348,0.34518,0.509472,,68013900,,
0,2,,0.182723,0.393797,0.42348,,69126500,,
0,2,,0.145434,0.126507,0.72806,,74404100,,
0,2,,0.066195,0.397815,0.53599,,83360100,,
0,2,,0.214769,0.324366,0.460865,,84805000,,
0,2,,0.09817,0.443302,0.458527,,90294800,,
0,2,,0.045896,0.118748,0.835356,,78462000,,
0,2,,0.115315,0.17582,0.708865,,76326000,,
0,2,,0.27659,0.259941,0.463468,,76450500,,
0,2,,0.152447,0.117887,0.729666,,79719700,,
0,2,,0.090366,0.140876,0.768758,,83552500,,
0,2,,0.140128,0.162143,0.697729,,81294300,,
0,1,,0.162321,0.461273,0.376406,,80700600,,
0,2,,0.085867,0.251678,0.662455,,70655400,,
0,0,,0.341928,0.340904,0.317169,,78036400,,
0,2,,0.061087,0.149653,0.78926,,85607100,,
0,2,,0.188209,0.292265,0.519526,,88283000,,
0,2,,0.032766,0.316434,0.6508,,84681800,,
0,2,,0.064914,0.09796,0.837127,,90454900,,
0,1,,0.320295,0.355986,0.323719,,84350000,,
0,1,,0.245569,0.47717,0.277262,,79910700,,
0,2,,0.086465,0.235418,0.678117,,92610300,,
0,2,,0.160276,0.321052,0.518673,,89514200,,
0,2,,0.331434,0.178228,0.490337,,84734000,,
0,2,,0.314219,0.236672,0.449109,,89820200,,
0,2,,0.284462,0.219836,0.495703,,85378900,,
0,2,,0.069578,0.193335,0.737088,,81200800,,
0,2,,0.324433,0.296074,0.379492,,85198100,,
0,2,,0.161651,0.132205,0.706145,,81310000,,
0,2,,0.173478,0.133864,0.692658,,81959100,,
0,2,,0.075197,0.346004,0.578798,,77884700,,
0,2,,0.377408,0.192628,0.429963,,75625700,,
0,2,,0.075393,0.280987,0.64362,,66380600,,
0,2,,0.099656,0.150014,0.75033,,69923900,,
0,2,,0.101417,0.113317,0.785266,,77065300,,
0,2,,0.190285,0.278123,0.531592,,71379300,,
0,2,,0.06521,0.242593,0.692198,,82135100,,
0,0,,0.446472,0.237959,0.315569,,83434800,,
0,1,,0.162405,0.55117,0.286424,,76729400,,
0,1,,0.143722,0.473946,0.382332,,76834800,,
0,2,,0.237611,0.225488,0.536901,,67601900,,
0,2,,0.216383,0.332701,0.450916,,65576600,,
0,2,,0.043743,0.129925,0.826332,,73208600,,
0,2,,0.361585,0.101181,0.537234,,82851300,,
0,2,,0.04943,0.284951,0.665619,,86131500,,
0,1,,0.169289,0.53152,0.299191,,82853600,,
0,1,,0.087512,0.539994,0.372495,,75005000,,
0,2,,0.389493,0.129829,0.480678,,72842700,,
0,0,,0.414121,0.238862,0.347016,,81556600,,
0,1,,0.130972,0.65566,0.213368,,90622900,,
0,2,,0.063877,0.458136,0.477987,,89643100,,
0,2,,0.151189,0.250965,0.597846,,79648600,,
0,1,,0.092945,0.604742,0.302314,,78912400,,
0,1,,0.128812,0.536258,0.334929,,83404000,,
0,1,,0.067888,0.498003,0.434109,,81179900,,
0,2,,0.110894,0.378457,0.510649,,73435800,,
0,2,,0.178869,0.215333,0.605798,,75321800,,
0,1,,0.094061,0.466439,0.4395,,81716000,,
0,0,,0.406281,0.195762,0.397957,,72491700,,
0,2,,0.229469,0.349565,0.420966,,71029200,,
0,2,,0.31958,0.15289,0.52753,,75273400,,
0,0,,0.381283,0.277595,0.341122,,70710700,,
0,2,,0.141975,0.373169,0.484856,,83727100,,
0,2,,0.075995,0.315546,0.608459,,80327000,,
0,2,,0.050376,0.153762,0.795862,,77016800,,
0,2,,0.063762,0.321008,0.61523,,78811600,,
0,2,,0.134533,0.131872,0.733595,,78723800,,
0,2,,0.067523,0.115957,0.81652,,81226300,,
0,2,,0.296171,0.262799,0.44103,,73965700,,
0,2,,0.358962,0.134205,0.506833,,79511200,,
0,2,,0.19737,0.146493,0.656137,,87382000,,
0,1,,0.134357,0.474787,0.390856,,83567900,,
0,2,,0.138898,0.288116,0.572986,,80497300,,
0,2,,0.043958,0.07076,0.885281,,80684900,,
0,0,,0.408382,0.304834,0.286785,,67487100,,
0,1,,0.249519,0.441846,0.308635,,70355600,,
0,2,,0.105254,0.13335,0.761396,,65155300,,
0,2,,0.28657,0.275946,0.437485,,79447200,,
0,0,,0.374864,0.321388,0.303748,,80999000,,
0,1,,0.349535,0.403169,0.247296,,76988700,,
0,2,,0.11433,0.185831,0.699838,,73754900,,
0,0,,0.441302,0.191355,0.367343,,81274000,,
0,2,,0.061184,0.171173,0.767643,,75324100,,
0,0,,0.477545,0.198131,0.324324,,77721500,,
0,2,,0.3212,0.182475,0.496325,,67581300,,
0,2,,0.192769,0.387326,0.419905,,67585900,,
0,2,,0.125488,0.344423,0.53009,,77014700,,
0,2,,0.080839,0.242853,0.676309,,76481100,,
0,2,,0.078068,0.140378,0.781554,,77297100,,
0,2,,0.342447,0.191475,0.466078,,72883400,,
0,2,,0.058268,0.458335,0.483397,,79501300,,
0,2,,0.236364,0.310472,0.453164,,77412200,,
0,2,,0.133735,0.296602,0.569663,,69032900,,
0,2,,0.385087,0.130373,0.484541,,64555800,,
0,2,,0.394114,0.210482,0.395404,,80811500,,
0,1,,0.166803,0.437748,0.39545,,80076000,,
0,2,,0.052805,0.15163,0.795566,,79122400,,
0,2,,0.028642,0.206644,0.764714,,73542500,,
0,0,,0.415869,0.30245,0.281682,,78079300,,
0,2,,0.069826,0.150601,0.779573,,68034800,,
0,2,,0.243024,0.152452,0.604524,,64516300,,
0,2,,0.162741,0.218568,0.618691,,59495800,,
0,2,,0.374225,0.208149,0.417626,,74962100,,
0,2,,0.101859,0.219996,0.678145,,65018200,,
0,2,,0.097638,0.263762,0.638599,,70405500,,
0,1,,0.090696,0.638887,0.270417,,73761000,,
0,2,,0.358443,0.208394,0.433162,,73438900,,
0,2,,0.132152,0.137926,0.729922,,64224400,,
0,2,,0.100442,0.170889,0.72867,,66031700,,
0,2,,0.081542,0.175605,0.742853,,76018700,,
0,2,,0.170894,0.190791,0.638315,,76611600,,
0,2,,0.119357,0.390803,0.48984,,80889000,,
0,2,,0.133141,0.201591,0.665268,,75179300,,
0,2,,0.105177,0.314114,0.580709,,64601500,,
0,2,,0.218678,0.387854,0.393467,,67025100,,
0,2,,0.189048,0.320002,0.490949,,76189000,,
0,2,,0.186146,0.289693,0.524161,,61830700,,
0,2,,0.103694,0.137799,0.758507,,65927300,,
0,2,,0.092467,0.233477,0.674056,,71622500,,
0,2,,0.142568,0.185462,0.67197,,70256400,,
0,2,,0.243988,0.341797,0.414215,,75312200,,
0,2,,0.380979,0.132142,0.486879,,75819100,,
0,2,,0.159554,0.255367,0.585079,,61428900,,
0,2,,0.135547,0.403975,0.460479,,69895700,,
0,2,,0.05551,0.140388,0.804101,,67695400,,
0,2,,0.357083,0.252197,0.39072,,69745300,,
0,2,,0.079387,0.289062,0.631551,,76064300,,
0,2,,0.227108,0.107557,0.665335,,73405600,,
0,2,,0.094214,0.174477,0.731309,,66275900,,
0,2,,0.176281,0.120658,0.703061,,61503300,,
0,2,,0.053078,0.443219,0.503703,,68139100,,
0,2,,0.315542,0.178825,0.505633,,76353800,,
0,2,,0.173888,0.268141,0.557971,,52398600,,
0,2,,0.083299,0.164222,0.752479,,56584300,,
0,2,,0.204698,0.202512,0.59279,,60151800,,
0,2,,0.27589,0.190184,0.533926,,77792400,,
0,2,,0.166307,0.141647,0.692046,,69926300,,
0,1,,0.055298,0.56947,0.375232,,68728300,,
0,1,,0.118363,0.473909,0.407727,,67523700,,
0,1,,0.195146,0.440139,0.364715,,69626600,,
0,2,,0.220161,0.356286,0.423552,,66750000,,
0,1,,0.059192,0.476772,0.464036,,82225200,,
0,0,,0.391607,0.264468,0.343925,,79405300,,
0,2,,0.11723,0.272268,0.610502,,84921000,,
0,1,,0.141381,0.440109,0.41851,,83252100,,
0,2,,0.233614,0.229357,0.537029,,90388100,,
0,2,,0.075858,0.186853,0.737288,,69252000,,
0,2,,0.042324,0.18217,0.775506,,76512500,,
0,2,,0.299451,0.167284,0.533265,,62074100,,
0,2,,0.165433,0.111255,0.723313,,72188200,,
0,1,,0.148179,0.527384,0.324437,,67177800,,
0,2,,0.391052,0.103155,0.505793,,74802500,,
0,2,,0.253685,0.304236,0.442079,,64402800,,
0,2,,0.288506,0.157424,0.55407,,78616400,,
0,2,,0.312041,0.203562,0.484397,,79329600,,
0,2,,0.149113,0.374471,0.476416,,82262400,,
0,2,,0.191149,0.092832,0.716019,,79071100,,
0,2,,0.077048,0.139448,0.783505,,64064700,,
0,2,,0.195849,0.299938,0.504212,,75560100,,
0,2,,0.42057,0.148292,0.431138,,69854000,,
0,2,,0.04137,0.40112,0.557511,,83559000,,
0,2,,0.384056,0.170155,0.445788,,81937500,,
0,2,,0.255747,0.350534,0.393719,,72163900,,
0,1,,0.096723,0.642312,0.260965,,72958900,,
0,2,,0.084903,0.126683,0.788414,,76524200,,
0,2,,0.1506,0.137188,0.712212,,77026400,,
0,2,,0.2799,0.106507,0.613593,,63259400,,
0,1,,0.147239,0.548485,0.304276,,77197500,,
0,2,,0.157274,0.222706,0.62002,,60589600,,
0,2,,0.056594,0.192767,0.750639,,64919300,,
0,1,,0.213941,0.416495,0.369564,,66301200,,
0,2,,0.099596,0.397162,0.503242,,67450700,,
0,2,,0.069601,0.126105,0.804293,,68361200,,
0,2,,0.178923,0.158164,0.662913,,68324500,,
0,2,,0.187979,0.184785,0.627236,,49052200,,
0,1,,0.123451,0.529531,0.347018,,68787600,,
0,2,,0.332837,0.173468,0.493695,,72688700,,
0,2,,0.209813,0.102318,0.68787,,67131300,,
0,2,,0.035314,0.439126,0.52556,,82569500,,
0,2,,0.196579,0.21426,0.589161,,69817100,,
0,2,,0.091737,0.11969,0.788573,,78322500,,
0,2,,0.182644,0.118963,0.698393,,66103400,,
0,2,,0.229775,0.359195,0.411029,,77026400,,
0,0,,0.420305,0.2667,0.312996,,68930600,,
0,2,,0.127015,0.187612,0.685374,,71539000,,
0,2,,0.185428,0.191328,0.623244,,75028000,,
0,2,,0.145121,0.137927,0.716953,,81734000,,
0,2,,0.06035,0.182105,0.757544,,69935500,,
0,2,,0.095743,0.231291,0.672967,,76738500,,
0,2,,0.117304,0.357079,0.525616,,64275800,,
0,2,,0.251775,0.307144,0.441081,,69658000,,
0,2,,0.102241,0.268048,0.62971,,64055900,,
0,2,,0.028329,0.35888,0.612791,,73472600,,
0,2,,0.274599,0.135708,0.589693,,73060000,,
0,1,,0.156717,0.524688,0.318596,,73807500,,
0,2,,0.189083,0.283855,0.527062,,70024900,,
0,0,,0.434811,0.301537,0.263651,,78588000,,
0,1,,0.056546,0.626929,0.316524,,78805500,,
0,2,,0.161323,0.106091,0.732586,,74312200,,
0,2,,0.131065,0.331456,0.537479,,76767900,,
0,2,,0.098133,0.222124,0.679743,,71081700,,
0,2,,0.145592,0.273988,0.58042,,75368000,,
0,2,,0.046752,0.097526,0.855723,,79118000,,
0,1,,0.252403,0.468524,0.279073,,80696000,,
0,1,,0.139188,0.534959,0.325852,,79178600,,
0,2,,0.233519,0.374809,0.391672,,78734700,,
0,2,,0.081199,0.1736,0.745201,,64663400,,
0,2,,0.112133,0.204663,0.683204,,71723200,,
0,2,,0.069239,0.06422,0.866541,,75810200,,
0,2,,0.196299,0.324549,0.479153,,74986400,,
0,2,,0.239831,0.103783,0.656386,,66787000,,
0,0,,0.451641,0.164624,0.383736,,64802500,,
0,2,,0.122477,0.230022,0.647501,,81397700,,
0,2,,0.10444,0.31485,0.58071,,79162200,,
0,2,,0.359302,0.218564,0.422134,,81696800,,
0,2,,0.219126,0.276603,0.504271,,88300700,,
0,2,,0.389979,0.157102,0.452919,,85330400,,
0,1,,0.139931,0.532225,0.327844,,78182600,,
0,1,,0.102597,0.678572,0.218831,,75834900,,
0,2,,0.275328,0.200438,0.524234,,75224400,,
0,2,,0.163934,0.415768,0.420297,,78706500,,
0,2,,0.082036,0.177337,0.740627,,79310200,,
0,2,,0.157414,0.214708,0.627878,,85680300,,
0,1,,0.153181,0.43504,0.411779,,83868000,,
0,2,,0.329185,0.260738,0.410078,,89087600,,
0,2,,0.085786,0.18498,0.729234,,93961100,,
0,1,,0.089289,0.49724,0.413471,,92100800,,
0,1,,0.073143,0.47602,0.450837,,76922900,,
0,2,,0.356537,0.222835,0.420628,,83096300,,
0,2,,0.040364,0.140083,0.819553,,89562000,,
0,1,,0.222493,0.408493,0.369014,,79735900,,
0,2,,0.101141,0.260095,0.638764,,72567100,,
0,2,,0.41337,0.14964,0.43699,,84608500,,
0,2,,0.063819,0.359746,0.576435,,85940500,,
0,2,,0.157149,0.300812,0.542038,,81488300,,
0,2,,0.271176,0.182915,0.545909,,85493500,,
0,1,,0.060174,0.562421,0.377405,,85863900,,
0,2,,0.09377,0.24658,0.65965,,86892600,,
0,2,,0.159606,0.41443,0.425964,,85162100,,
0,2,,0.128644,0.249772,0.621584,,90085200,,
0,2,,0.324382,0.195499,0.48012,,91843100,,
0,2,,0.061014,0.177857,0.761128,,91065000,,
0,2,,0.295529,0.16642,0.538051,,91714800,,
0,2,,0.097473,0.267944,0.634583,,104922000,,
0,2,,0.123487,0.132447,0.744066,,87151600,,
0,2,,0.086382,0.232844,0.680774,,88722200,,
0,1,,0.090774,0.517439,0.391786,,94492300,,
0,2,,0.190766,0.158956,0.650278,,90570700,,
0,2,,0.049994,0.117317,0.832689,,94666800,,
0,2,,0.106991,0.184422,0.708587,,90007800,,
0,1,,0.074265,0.538492,0.387243,,73454600,,
0,1,,0.090715,0.505309,0.403975,,83924700,,
0,2,,0.153232,0.205721,0.641047,,87866800,,
0,2,,0.155055,0.403289,0.441657,,84362800,,
0,2,,0.076534,0.389094,0.534372,,86134400,,
0,2,,0.278783,0.234644,0.486573,,82065800,,
0,2,,0.242592,0.218632,0.538776,,73276000,,
0,2,,0.294166,0.263791,0.442043,,79671100,,
0,2,,0.139898,0.344578,0.515524,,76156100,,
0,1,,0.116718,0.548519,0.334763,,78353000,,
0,1,,0.054527,0.490861,0.454612,,77619200,,
0,0,,0.391823,0.386914,0.221262,,86673200,,
0,1,,0.190784,0.447987,0.361229,,87592700,,
0,2,,0.204705,0.18264,0.612655,,83433700,,
0,2,,0.179604,0.167208,0.653188,,85932300,,
0,2,,0.284606,0.313935,0.401459,,75587700,,
0,2,,0.078898,0.137084,0.784018,,72834600,,
0,2,,0.275714,0.237288,0.486997,,77426500,,
0,2,,0.26632,0.241126,0.492554,,73510000,,
0,1,,0.28868,0.392014,0.319306,,77646400,,
0,2,,0.088417,0.138808,0.772775,,67904300,,
0,2,,0.245053,0.13203,0.622917,,68469000,,
0,1,,0.060923,0.70534,0.233737,,69737600,,
0,2,,0.073014,0.257259,0.669727,,78232900,,
0,2,,0.08919,0.304726,0.606084,,79114100,,
0,2,,0.276824,0.338696,0.38448,,77510100,,
0,2,,0.29056,0.150664,0.558776,,82093200,,
0,2,,0.365824,0.205999,0.428177,,70122500,,
0,2,,0.154344,0.255783,0.589873,,64662100,,
0,2,,0.187114,0.384662,0.428224,,65671100,,
0,2,,0.283571,0.183611,0.532818,,70741800,,
0,2,,0.27044,0.169596,0.559964,,67095100,,
0,1,,0.09765,0.695161,0.207189,,54692600,,
0,2,,0.065325,0.073438,0.861237,,68689900,,
0,2,,0.120242,0.416855,0.462902,,74384500,,
0,2,,0.151972,0.373693,0.474335,,72607600,,
0,2,,0.053931,0.345536,0.600533,,75186100,,
0,2,,0.034409,0.436889,0.528702,,74961500,,
0,2,,0.071399,0.265404,0.663197,,82709200,,
0,0,,0.415047,0.289439,0.295514,,74050400,,
0,2,,0.128194,0.162337,0.709469,,76060700,,
0,1,,0.295949,0.422953,0.281098,,76461900,,
0,2,,0.228252,0.10481,0.666938,,82062800,,
0,2,,0.1547,0.353287,0.492013,,67442200,,
0,2,,0.196447,0.270087,0.533466,,71611100,,
0,1,,0.114167,0.464736,0.421096,,71338900,,
0,2,,0.286423,0.131818,0.581759,,73102900,,
0,2,,0.237425,0.253486,0.509089,,65045800,,
0,1,,0.111357,0.506024,0.382619,,64617500,,
0,2,,0.10891,0.213553,0.677537,,66900800,,
0,1,,0.195727,0.481781,0.322492,,72128100,,
0,2,,0.093703,0.283586,0.622711,,76106500,,
0,2,,0.078171,0.166439,0.755391,,71246400,,
0,2,,0.073749,0.238865,0.687387,,74989300,,
0,2,,0.136271,0.167687,0.696042,,64272100,,
0,2,,0.075038,0.456135,0.468826,,71908900,,
0,2,,0.127874,0.359851,0.512275,,79875200,,
0,2,,0.232769,0.142935,0.624296,,71924100,,
0,1,,0.207703,0.437452,0.354845,,65262800,,
0,2,,0.148958,0.333218,0.517823,,76096700,,
0,1,,0.321111,0.361504,0.317384,,80761100,,
0,2,,0.057215,0.09886,0.843926,,79255600,,
0,2,,0.310596,0.242672,0.446732,,74868500,,
0,2,,0.151738,0.30789,0.540372,,76350400,,
0,2,,0.132162,0.208203,0.659635,,65953400,,
0,2,,0.312065,0.101456,0.586479,,64912400,,
0,1,,0.116938,0.523321,0.359741,,68499600,,
0,2,,0.121613,0.186017,0.692371,,75499900,,
0,1,,0.04585,0.564108,0.390042,,78744600,,
0,2,,0.183306,0.190357,0.626337,,65841900,,
0,0,,0.395361,0.215651,0.388988,,58916800,,
0,1,,0.097092,0.562081,0.340827,,77166400,,
0,2,,0.161428,0.179996,0.658576,,65149000,,
0,2,,0.16265,0.254926,0.582424,,67594200,,
0,2,,0.37977,0.18383,0.4364,,62714800,,
0,0,,0.572293,0.156851,0.270856,,69494900,,
0,2,,0.273973,0.311046,0.414981,,64786000,,
0,2,,0.088315,0.09308,0.818605,,66312400,,
0,2,,0.215794,0.21279,0.571417,,57410000,,
0,2,,0.119151,0.206176,0.674672,,68022000,,
0,2,,0.316744,0.140302,0.542954,,67083000,,
0,2,,0.118541,0.401658,0.479801,,61610600,,
0,2,,0.358629,0.130732,0.510639,,70608700,,
0,2,,0.117791,0.163133,0.719076,,60163000,,
0,2,,0.187751,0.260318,0.551931,,67337100,,
0,2,,0.112374,0.199712,0.687914,,64693000,,
0,2,,0.185449,0.148429,0.666122,,66563000,,
0,2,,0.142225,0.287533,0.570241,,68247000,,
0,2,,0.10863,0.320989,0.570381,,64968100,,
0,1,,0.071466,0.524223,0.404311,,70088500,,
0,1,,0.304275,0.453079,0.242646,,76102200,,
0,2,,0.115971,0.158059,0.72597,,61177300,,
0,0,,0.475745,0.214971,0.309283,,60457100,,
0,2,,0.194175,0.137387,0.668438,,53849600,,
0,0,,0.44743,0.113884,0.438686,,57983100,,
0,2,,0.264674,0.336505,0.398821,,77929100,,
0,2,,0.315982,0.182785,0.501233,,75737400,,
0,1,,0.124932,0.585973,0.289095,,74762900,,
0,2,,0.149451,0.212005,0.638543,,66744800,,
0,2,,0.031032,0.376071,0.592897,,65326600,,
0,2,,0.152829,0.162894,0.684277,,64042400,,
0,2,,0.159248,0.201054,0.639698,,59411500,,
0,1,,0.05233,0.487679,0.45999,,60177100,,
0,2,,0.126389,0.129063,0.744549,,57644200,,
0,0,,0.402459,0.242835,0.354706,,69828800,,
0,1,,0.129752,0.470886,0.399362,,65353200,,
0,2,,0.080951,0.408176,0.510874,,78965300,,
0,2,,0.073679,0.225271,0.70105,,62307600,,
0,2,,0.209429,0.240701,0.54987,,63071400,,
0,2,,0.151957,0.306562,0.54148,,58244600,,
0,2,,0.249707,0.331952,0.41834,,68880900,,
0,2,,0.062645,0.12543,0.811925,,57282600,,
0,1,,0.265141,0.37496,0.359899,,59983500,,
0,1,,0.253729,0.416535,0.329736,,62067400,,
0,1,,0.124775,0.456676,0.418548,,63111100,,
0,2,,0.150899,0.083694,0.765407,,54588400,,
0,2,,0.091504,0.293201,0.615295,,64195100,,
0,1,,0.060016,0.688851,0.251133,,65241000,,
0,2,,0.060953,0.079931,0.859116,,60249000,,
0,2,,0.191719,0.321719,0.486563,,60306200,,
0,2,,0.10657,0.258165,0.635266,,65663200,,
0,0,,0.43486,0.247896,0.317244,,76936400,,
0,2,,0.275971,0.156192,0.567837,,71637900,,
0,1,,0.067704,0.581335,0.350961,,79220200,,
0,1,,0.087854,0.612371,0.299774,,71382500,,
0,1,,0.299604,0.40519,0.295206,,68676700,,
0,2,,0.086565,0.412356,0.501078,,70841900,,
0,0,,0.438054,0.204871,0.357075,,71020000,,
0,2,,0.291103,0.24943,0.459467,,64057700,,
0,2,,0.129955,0.3222,0.547844,,69161600,,
0,1,,0.124793,0.563222,0.311985,,67756700,,
0,2,,0.075416,0.209815,0.714768,,62281000,,
0,2,,0.065126,0.17756,0.757313,,76135700,,
0,2,,0.158935,0.293401,0.547664,,61712300,,
0,1,,0.069731,0.515022,0.415247,,67625300,,
0,2,,0.1934,0.152699,0.653901,,69223600,,
0,1,,0.034654,0.541357,0.423989,,74881900,,
0,2,,0.099844,0.173857,0.726299,,63459300,,
0,1,,0.195567,0.518572,0.285861,,57848600,,
0,0,,0.359657,0.301963,0.33838,,66507000,,
0,2,,0.051459,0.182983,0.765558,,75462100,,
0,0,,0.428859,0.205614,0.365527,,66833400,,
0,2,,0.216702,0.191887,0.591411,,70346000,,
0,1,,0.097508,0.568618,0.333874,,61711500,,
0,2,,0.090497,0.284837,0.624666,,60873700,,
0,1,,0.239982,0.479811,0.280207,,61219400,,
0,1,,0.087001,0.509589,0.40341,,65813300,,
0,2,,0.285339,0.258031,0.45663,,78824000,,
0,2,,0.100945,0.299501,0.599554,,72452800,,
0,2,,0.049854,0.124285,0.825862,,69023700,,
0,2,,0.153514,0.399433,0.447054,,68129800,,
0,2,,0.090795,0.243629,0.665576,,75289200,,
0,2,,0.157884,0.249757,0.592358,,69585000,,
0,2,,0.111639,0.173742,0.714619,,73208100,,
0,2,,0.372281,0.165652,0.462067,,67142500,,
0,0,,0.379793,0.271088,0.349119,,67145700,,
0,2,,0.252534,0.270584,0.476882,,64339400,,
0,2,,0.060007,0.292083,0.647909,,64843600,,
0,2,,0.256317,0.257063,0.48662,,70260600,,
0,2,,0.200256,0.263304,0.53644,,74401300,,
0,2,,0.241829,0.130251,0.62792,,74953400,,
0,2,,0.158729,0.32899,0.512281,,75862700,,
0,2,,0.075192,0.089701,0.835107,,75449000,,
0,2,,0.196155,0.160008,0.643837,,79746000,,
0,1,,0.261739,0.410739,0.327522,,78573400,,
0,2,,0.11626,0.123834,0.759906,,61814700,,
0,2,,0.118466,0.29114,0.590394,,66426600,,
0,2,,0.182657,0.266367,0.550976,,73330000,,
0,2,,0.130625,0.134569,0.734806,,64034000,,
0,2,,0.370393,0.154934,0.474673,,65246900,,
0,2,,0.222149,0.375663,0.402187,,70470800,,
0,1,,0.187812,0.528856,0.283332,,65439800,,
0,2,,0.132842,0.358122,0.509035,,68974600,,
0,2,,0.108668,0.408746,0.482586,,65488400,,
0,2,,0.111438,0.431407,0.457154,,71326600,,
0,2,,0.285245,0.134991,0.579764,,79216700,,
0,2,,0.120441,0.433289,0.44627,,81936600,,
0,2,,0.109642,0.193042,0.697316,,74554400,,
0,2,,0.14448,0.194902,0.660618,,65756400,,
0,2,,0.06246,0.377719,0.559822,,64531900,,
0,2,,0.201957,0.134883,0.663161,,75979000,,
0,1,,0.171497,0.480288,0.348215,,74304800,,
0,2,,0.062626,0.189217,0.748158,,79354600,,
0,2,,0.141586,0.123488,0.734927,,64519000,,
0,2,,0.096292,0.417381,0.486327,,59653300,,
0,2,,0.062264,0.357021,0.580715,,68807100,,
0,1,,0.105612,0.545167,0.349221,,70846800,,
0,2,,0.273687,0.109724,0.616589,,73220300,,
0,0,,0.406412,0.218837,0.374751,,74137100,,
0,2,,0.127649,0.272932,0.599419,,73266500,,
0,2,,0.312725,0.276626,0.410649,,76242800,,
0,1,,0.086898,0.467502,0.4456,,73064100,,
0,2,,0.232178,0.125646,0.642175,,67687400,,
0,2,,0.359536,0.162113,0.478351,,72378900,,
0,2,,0.335639,0.296548,0.367813,,63848200,,
0,2,,0.223402,0.150786,0.625812,,72286600,,
0,2,,0.109371,0.121572,0.769057,,65058200,,
0,0,,0.451168,0.233743,0.315089,,63247100,,
0,2,,0.043886,0.085194,0.87092,,68283500,,
0,2,,0.070244,0.089481,0.840275,,82911900,,
0,2,,0.202438,0.308964,0.488598,,80413700,,
0,1,,0.104344,0.497341,0.398314,,82871900,,
0,1,,0.117233,0.59025,0.292517,,73525000,,
0,2,,0.224428,0.353537,0.422035,,57197000,,
0,2,,0.09958,0.23506,0.66536,,71315900,,
0,2,,0.146144,0.184674,0.669182,,60040900,,
0,1,,0.185906,0.481033,0.333061,,58469100,,
0,2,,0.048653,0.209857,0.741489,,72057200,,
0,2,,0.060432,0.214155,0.725413,,68350700,,
0,2,,0.326862,0.304673,0.368465,,70301900,,
0,2,,0.081571,0.081624,0.836804,,68639900,,
0,2,,0.077364,0.22163,0.701006,,81446900,,
0,2,,0.031208,0.469807,0.498985,,76204400,,
0,2,,0.166395,0.318132,0.515473,,77200500,,
0,2,,0.323403,0.213767,0.46283,,79548200,,
0,2,,0.130541,0.137215,0.732245,,69195200,,
0,2,,0.305095,0.201206,0.4937,,69034000,,
0,2,,0.074859,0.461017,0.464124,,72495200,,
0,2,,0.150077,0.359204,0.490719,,70925800,,
0,1,,0.10546,0.453326,0.441214,,76489200,,
0,2,,0.117285,0.19392,0.688795,,77805500,,
0,2,,0.083955,0.389828,0.526217,,81395100,,
0,0,,0.408511,0.238466,0.353023,,82294700,,
0,2,,0.076792,0.133903,0.789305,,77433500,,
0,2,,0.326734,0.132753,0.540513,,75561900,,
0,2,,0.067233,0.086729,0.846038,,82459600,,
0,2,,0.072835,0.175644,0.75152,,61315900,,
0,1,,0.161454,0.422966,0.41558,,61496500,,
0,2,,0.164381,0.152114,0.683505,,73019000,,
0,2,,0.230197,0.118793,0.65101,,68686300,,
0,0,,0.390692,0.231616,0.377692,,81318800,,
0,1,,0.24149,0.456479,0.302031,,74414600,,
0,2,,0.159415,0.367229,0.473356,,73531100,,
0,2,,0.105878,0.373359,0.520762,,71887300,,
0,2,,0.112865,0.437048,0.450087,,65699700,,
0,1,,0.202437,0.419641,0.377922,,67390400,,
0,2,,0.088401,0.233998,0.6776,,83740000,,
0,2,,0.104029,0.210371,0.6856,,86729900,,
0,2,,0.163706,0.155895,0.680399,,79682000,,
0,2,,0.124178,0.423359,0.452463,,65373000,,
0,2,,0.068478,0.173618,0.757905,,77653600,,
0,1,,0.188059,0.540293,0.271647,,75853400,,
0,2,,0.140587,0.164927,0.694485,,72687100,,
0,2,,0.102996,0.408123,0.488881,,74740000,,
0,2,,0.119071,0.108708,0.772221,,82048200,,
0,1,,0.037013,0.549887,0.413099,,76717600,,
0,2,,0.11236,0.14725,0.740391,,76107400,,
0,1,,0.186426,0.587779,0.225795,,67207100,,
0,2,,0.086928,0.18275,0.730322,,73401900,,
0,2,,0.308479,0.272365,0.419156,,70725000,,
0,2,,0.078078,0.179719,0.742203,,70406500,,
0,1,,0.08407,0.510131,0.405799,,74020800,,
0,1,,0.089418,0.503559,0.407024,,77721200,,
0,2,,0.361523,0.172811,0.465666,,79692400,,
0,2,,0.13196,0.330857,0.537184,,68426200,,
0,2,,0.156733,0.198003,0.645264,,44878400,,
0,2,,0.188982,0.177756,0.633263,,63000800,,
0,1,,0.131081,0.507694,0.361225,,72321800,,
0,2,,0.110878,0.110776,0.778346,,72756200,,
0,1,,0.134919,0.452595,0.412485,,77681100,,
0,2,,0.120914,0.117835,0.761251,,80174600,,
0,2,,0.175212,0.292258,0.532531,,81182800,,
0,2,,0.051831,0.135697,0.812472,,68948600,,
0,2,,0.328948,0.180484,0.490568,,80009800,,
0,2,,0.233016,0.112128,0.654857,,79923600,,
0,2,,0.231294,0.358078,0.410628,,79403100,,
0,2,,0.097405,0.250618,0.651977,,80681800,,
0,2,,0.115198,0.19281,0.691992,,75440900,,
0,2,,0.087171,0.448086,0.464743,,63089600,,
0,0,,0.408612,0.225219,0.366169,,73177500,,
0,2,,0.291349,0.254065,0.454586,,75897800,,
0,1,,0.09467,0.46746,0.43787,,79063300,,
0,2,,0.313135,0.185431,0.501434,,63999400,,
0,1,,0.189889,0.407699,0.402411,,78087200,,
0,0,,0.350358,0.321055,0.328587,,77654300,,
0,2,,0.217422,0.147272,0.635306,,83148800,,
0,2,,0.163904,0.16126,0.674836,,82728600,,
0,2,,0.117814,0.238466,0.64372,,88854600,,
0,0,,0.454068,0.172174,0.373758,,78289600,,
0,1,,0.091839,0.541623,0.366537,,68364400,,
0,2,,0.135119,0.086724,0.778157,,78067400,,
0,2,,0.164434,0.384715,0.45085,,73216500,,
0,2,,0.089811,0.448505,0.461683,,57201300,,
0,2,,0.12924,0.319117,0.551644,,66026600,,
0,0,,0.35237,0.332294,0.315336,,81073300,,
0,1,,0.108638,0.597035,0.294327,,93781700,,
0,2,,0.227823,0.127744,0.644433,,81226300,,
0,2,,0.123771,0.413454,0.462775,,79025300,,
0,2,,0.338622,0.282045,0.379333,,70453400,,
0,2,,0.175208,0.107967,0.716826,,71598000,,
0,2,,0.094916,0.192673,0.71241,,72484500,,
0,2,,0.078692,0.080033,0.841275,,60802500,,
0,2,,0.09854,0.171929,0.729531,,78120200,,
0,2,,0.26332,0.278966,0.457714,,64370700,,
0,2,,0.145877,0.310211,0.543913,,61293300,,
0,2,,0.083201,0.127485,0.789314,,68555000,,
0,2,,0.171018,0.231472,0.59751,,64227500,,
0,2,,0.16785,0.392827,0.439322,,60756600,,
0,2,,0.243146,0.127963,0.628891,,76072800,,
0,2,,0.259803,0.223577,0.51662,,75236600,,
0,1,,0.182224,0.410788,0.406988,,71760100,,
0,1,,0.125797,0.535873,0.338329,,51327600,,
0,1,,0.334978,0.342554,0.322468,,58951700,,
0,2,,0.216978,0.112146,0.670876,,68982000,,
0,1,,0.271534,0.408661,0.319805,,68254400,,
0,2,,0.037049,0.466687,0.496263,,68820300,,
0,2,,0.151819,0.21249,0.635691,,58569800,,
0,0,,0.419328,0.172907,0.407765,,67756200,,
0,1,,0.123023,0.50062,0.376357,,64738300,,
0,2,,0.258941,0.107237,0.633822,,67429400,,
0,2,,0.104976,0.354659,0.540365,,69730500,,
0,2,,0.113037,0.410552,0.476411,,60051200,,
0,1,,0.036108,0.511581,0.452311,,65100400,,
0,0,,0.411982,0.222388,0.36563,,63679400,,
0,2,,0.108556,0.137107,0.754338,,64528500,,
0,2,,0.211272,0.215244,0.573484,,66961900,,
0,2,,0.180225,0.296501,0.523273,,61009500,,
0,2,,0.093988,0.357123,0.548889,,75652200,,
0,1,,0.048622,0.667112,0.284266,,71189100,,
0,2,,0.295567,0.111873,0.592559,,67660900,,
0,2,,0.141082,0.358813,0.500105,,72388500,,
0,2,,0.184186,0.303861,0.511953,,60047500,,
