connect-4,Tuned_CWT,test,1,NANOSECONDS,PREDICTIONS, Generated by ClassifierExperiments.java on 2022-05-15 23:47:17.    SYSTEMPROPERTIES:{user.name:matth,os.arch:amd64,os.name:Windows 10},ENDSYSTEMPROPERTIES
No parameter info
0.7568087625814092,44470620800,670551368500,-1,1196414960,3,,-1,-1
0,2,,0.106898,0.39819,0.494912,,26663400,,
0,2,,0.072224,0.126798,0.800979,,25653500,,
0,2,,0.309441,0.171063,0.519496,,26697100,,
0,2,,0.211863,0.206816,0.581322,,26158100,,
0,2,,0.100644,0.448621,0.450735,,25677200,,
0,2,,0.100119,0.349279,0.550602,,26069100,,
0,2,,0.158905,0.205908,0.635188,,26037900,,
0,1,,0.184133,0.459483,0.356383,,26389800,,
0,2,,0.106649,0.183398,0.709954,,26036700,,
0,2,,0.210146,0.353033,0.436821,,26001300,,
0,2,,0.156759,0.316741,0.526499,,26356700,,
0,2,,0.330287,0.206825,0.462888,,25912300,,
0,2,,0.064456,0.142653,0.792891,,26127900,,
0,2,,0.182425,0.379348,0.438227,,26787800,,
0,2,,0.272719,0.141491,0.58579,,26507400,,
0,2,,0.170615,0.126696,0.702689,,26219600,,
0,2,,0.175235,0.252996,0.571769,,26477400,,
0,1,,0.071444,0.482234,0.446322,,26258500,,
0,2,,0.279583,0.241699,0.478717,,26135300,,
0,2,,0.159694,0.176438,0.663869,,26210900,,
0,2,,0.115691,0.379743,0.504566,,27264800,,
0,2,,0.129256,0.250103,0.620642,,26123800,,
0,2,,0.208023,0.289347,0.502631,,25830600,,
0,2,,0.293911,0.275397,0.430692,,26342600,,
0,2,,0.287588,0.335305,0.377107,,26438300,,
0,2,,0.053781,0.207475,0.738744,,26501100,,
0,2,,0.255628,0.158161,0.586211,,26767100,,
0,1,,0.101436,0.517997,0.380567,,26184700,,
0,2,,0.16653,0.236733,0.596737,,25725200,,
0,2,,0.129432,0.256015,0.614553,,26651200,,
0,2,,0.224731,0.160969,0.6143,,26309500,,
0,2,,0.090418,0.308146,0.601436,,26416800,,
0,2,,0.137866,0.309916,0.552218,,26125700,,
0,2,,0.166406,0.364513,0.469082,,26429900,,
0,2,,0.146838,0.239211,0.613951,,26672600,,
0,2,,0.308668,0.240233,0.451098,,25877600,,
0,2,,0.335467,0.2166,0.447932,,26351900,,
0,2,,0.100264,0.098916,0.80082,,26517300,,
0,2,,0.219222,0.364511,0.416267,,26460400,,
0,2,,0.19407,0.368594,0.437336,,27165200,,
0,2,,0.152871,0.385189,0.46194,,26769100,,
0,2,,0.073898,0.242405,0.683697,,26064600,,
0,2,,0.274508,0.154965,0.570527,,26185100,,
0,2,,0.355289,0.212669,0.432042,,26362200,,
0,2,,0.114825,0.231508,0.653668,,26243700,,
0,2,,0.083214,0.232293,0.684493,,27560000,,
0,2,,0.127443,0.219344,0.653213,,26670000,,
0,2,,0.048644,0.153851,0.797505,,28748500,,
0,2,,0.239588,0.265496,0.494917,,26613000,,
0,2,,0.203083,0.103623,0.693293,,25958800,,
0,2,,0.119077,0.381999,0.498925,,26096400,,
0,2,,0.232523,0.282818,0.484659,,26369800,,
0,2,,0.153582,0.186753,0.659666,,26540200,,
0,2,,0.241141,0.273123,0.485736,,26556200,,
0,2,,0.066951,0.341368,0.591681,,26171300,,
0,2,,0.229955,0.228422,0.541623,,26202300,,
0,2,,0.072549,0.126841,0.80061,,26813100,,
0,2,,0.24976,0.197934,0.552306,,26514900,,
0,2,,0.296065,0.222225,0.48171,,26584600,,
0,2,,0.128875,0.114688,0.756437,,26741500,,
0,2,,0.300967,0.176241,0.522792,,26189700,,
0,2,,0.3388,0.197179,0.464021,,26223500,,
0,2,,0.151081,0.196936,0.651983,,25745400,,
0,2,,0.163515,0.132282,0.704203,,25741600,,
0,2,,0.09405,0.308348,0.597602,,26051500,,
0,2,,0.077392,0.328848,0.59376,,26258800,,
0,2,,0.144497,0.179773,0.67573,,25723400,,
0,1,,0.188399,0.422951,0.38865,,26306000,,
0,2,,0.041052,0.272385,0.686563,,26447200,,
0,2,,0.08502,0.141115,0.773865,,26438500,,
0,2,,0.112504,0.311813,0.575684,,26529500,,
0,2,,0.273279,0.234995,0.491726,,26254700,,
0,0,,0.365296,0.293107,0.341597,,26832900,,
0,2,,0.128902,0.260996,0.610102,,25974800,,
0,2,,0.106265,0.300515,0.593219,,26337200,,
0,2,,0.13916,0.404233,0.456607,,26559600,,
0,2,,0.216895,0.338477,0.444628,,26468900,,
0,2,,0.166846,0.259553,0.573601,,26362200,,
0,1,,0.267829,0.370269,0.361903,,26903400,,
0,2,,0.204484,0.127412,0.668104,,26706900,,
0,2,,0.076346,0.288689,0.634965,,26746000,,
0,2,,0.128041,0.430792,0.441167,,26579800,,
0,1,,0.100541,0.501581,0.397879,,26330300,,
0,2,,0.101884,0.304778,0.593339,,26628800,,
0,2,,0.237339,0.130617,0.632044,,26382500,,
0,2,,0.297068,0.177699,0.525233,,26369200,,
0,2,,0.261044,0.327982,0.410974,,26367000,,
0,2,,0.080495,0.165155,0.75435,,26561800,,
0,2,,0.329967,0.245041,0.424992,,26717700,,
0,2,,0.187584,0.319016,0.493399,,27162300,,
0,1,,0.12745,0.448603,0.423947,,28091700,,
0,2,,0.137662,0.133229,0.729109,,29112400,,
0,2,,0.102018,0.334185,0.563797,,35670200,,
0,2,,0.067629,0.458899,0.473472,,38573300,,
0,2,,0.049048,0.277571,0.673381,,37238100,,
0,2,,0.10173,0.223232,0.675038,,38893300,,
0,2,,0.185854,0.172461,0.641685,,36393400,,
0,2,,0.060175,0.333455,0.606371,,35777800,,
0,2,,0.099027,0.141976,0.758997,,35136100,,
0,2,,0.354282,0.208225,0.437494,,35891000,,
0,1,,0.269116,0.41338,0.317505,,33910300,,
0,2,,0.329628,0.27302,0.397352,,30213500,,
0,1,,0.047769,0.599743,0.352488,,28432200,,
0,1,,0.113725,0.571079,0.315197,,26853700,,
0,2,,0.073438,0.193466,0.733097,,26189100,,
0,1,,0.245817,0.436633,0.31755,,26521500,,
0,2,,0.243503,0.327128,0.429369,,28564600,,
0,2,,0.171279,0.378647,0.450074,,30749100,,
0,2,,0.281081,0.273972,0.444947,,30200600,,
0,2,,0.15663,0.336713,0.506657,,29996900,,
0,2,,0.122007,0.3166,0.561393,,31054300,,
0,2,,0.15508,0.167855,0.677065,,31779800,,
0,2,,0.114605,0.301457,0.583937,,29641700,,
0,2,,0.083722,0.204378,0.7119,,28865900,,
0,2,,0.134044,0.352713,0.513243,,29740500,,
0,2,,0.09308,0.264858,0.642061,,30428600,,
0,2,,0.141997,0.399108,0.458895,,32001300,,
0,1,,0.114666,0.473215,0.412119,,28297400,,
0,2,,0.054011,0.162983,0.783006,,28061700,,
0,2,,0.334384,0.246684,0.418932,,28229100,,
0,2,,0.110595,0.417159,0.472247,,28850600,,
0,2,,0.060316,0.187392,0.752292,,30008800,,
0,2,,0.223853,0.216736,0.559412,,27963500,,
0,2,,0.086178,0.197853,0.715969,,27734700,,
0,2,,0.068602,0.163992,0.767406,,26645900,,
0,1,,0.080131,0.476591,0.443278,,25140100,,
0,2,,0.140975,0.327954,0.531071,,27962200,,
0,1,,0.122327,0.459807,0.417865,,26630900,,
0,2,,0.26378,0.346533,0.389687,,41369600,,
0,2,,0.056103,0.096068,0.84783,,53772100,,
0,2,,0.117102,0.190646,0.692252,,34196000,,
0,2,,0.07929,0.198755,0.721955,,30724500,,
0,2,,0.061077,0.414207,0.524717,,33246900,,
0,2,,0.1186,0.209293,0.672107,,38681400,,
0,2,,0.043774,0.151552,0.804674,,34192100,,
0,2,,0.152743,0.225869,0.621388,,26567500,,
0,2,,0.158101,0.310836,0.531063,,25879900,,
0,1,,0.157592,0.589558,0.25285,,27437000,,
0,2,,0.053901,0.155172,0.790927,,28310700,,
0,2,,0.101706,0.272996,0.625298,,27383300,,
0,2,,0.096286,0.445237,0.458476,,25699200,,
0,2,,0.085091,0.255442,0.659467,,25561600,,
0,2,,0.065132,0.396321,0.538547,,26069800,,
0,2,,0.33502,0.294641,0.370339,,25864500,,
0,1,,0.12034,0.449561,0.430099,,28302800,,
0,2,,0.199147,0.275447,0.525406,,32591900,,
0,2,,0.10976,0.283039,0.607201,,33824800,,
0,2,,0.061848,0.388684,0.549467,,33966500,,
0,2,,0.061422,0.423711,0.514867,,34294200,,
0,2,,0.342881,0.160192,0.496927,,34307300,,
0,2,,0.060601,0.130788,0.808611,,34522600,,
0,1,,0.133782,0.444923,0.421295,,33735000,,
0,2,,0.248245,0.18352,0.568235,,33779800,,
0,2,,0.289871,0.198666,0.511463,,32306500,,
0,2,,0.060791,0.228335,0.710874,,30640600,,
0,2,,0.083677,0.3347,0.581624,,27718800,,
0,2,,0.186818,0.30178,0.511402,,27875600,,
0,2,,0.161627,0.221801,0.616572,,27706700,,
0,2,,0.117754,0.395288,0.486957,,27687400,,
0,2,,0.062261,0.174781,0.762958,,36799500,,
0,2,,0.065159,0.45434,0.480501,,34065400,,
0,2,,0.090173,0.414861,0.494966,,41704400,,
0,1,,0.13828,0.502225,0.359495,,39720600,,
0,2,,0.181912,0.240993,0.577095,,34162400,,
0,1,,0.10854,0.45312,0.43834,,29763600,,
0,2,,0.095845,0.356256,0.547899,,26821900,,
0,2,,0.216787,0.169202,0.614011,,27063900,,
0,2,,0.113433,0.238343,0.648224,,33526800,,
0,2,,0.039197,0.476388,0.484415,,28026300,,
0,2,,0.096488,0.191494,0.712018,,26797400,,
0,1,,0.117937,0.578959,0.303104,,26657500,,
0,2,,0.150579,0.276532,0.572889,,26956800,,
0,2,,0.195889,0.327724,0.476387,,34183800,,
0,2,,0.207814,0.185877,0.606309,,28836100,,
0,2,,0.261448,0.284743,0.453809,,26310300,,
0,1,,0.071906,0.578974,0.349119,,28956300,,
0,1,,0.203015,0.462979,0.334006,,27889900,,
0,2,,0.07189,0.333065,0.595045,,26031200,,
0,2,,0.129708,0.265816,0.604476,,24964300,,
0,2,,0.085526,0.134799,0.779675,,26191500,,
0,2,,0.110211,0.23408,0.655709,,27822000,,
0,2,,0.213941,0.338815,0.447244,,27625100,,
0,2,,0.153285,0.169235,0.67748,,28145800,,
0,2,,0.165743,0.183129,0.651128,,29707300,,
0,2,,0.116612,0.170317,0.713071,,31898800,,
0,2,,0.085542,0.402295,0.512162,,33400900,,
0,2,,0.112731,0.356775,0.530494,,36355500,,
0,2,,0.327802,0.243654,0.428544,,33868200,,
0,2,,0.071663,0.294013,0.634323,,34335000,,
0,2,,0.344737,0.261863,0.3934,,36742300,,
0,1,,0.095542,0.456189,0.448269,,28471800,,
0,2,,0.102916,0.236545,0.660539,,27257500,,
0,2,,0.057081,0.371189,0.571731,,29325500,,
0,2,,0.260793,0.225813,0.513395,,27976200,,
0,2,,0.155529,0.255804,0.588667,,25825000,,
0,2,,0.176124,0.355348,0.468528,,26442100,,
0,2,,0.179483,0.158373,0.662144,,25810100,,
0,2,,0.318324,0.267048,0.414628,,27267200,,
0,2,,0.110413,0.117212,0.772375,,26116200,,
0,2,,0.261844,0.279197,0.458959,,25957600,,
0,2,,0.09272,0.30251,0.60477,,26464100,,
0,2,,0.186397,0.149386,0.664217,,30337400,,
0,2,,0.097042,0.154794,0.748164,,34684100,,
0,2,,0.147191,0.119302,0.733508,,30462500,,
0,2,,0.250471,0.299175,0.450355,,32856600,,
0,2,,0.284852,0.208302,0.506846,,30702900,,
0,2,,0.207096,0.201005,0.591899,,27501900,,
0,2,,0.280198,0.251229,0.468572,,25900900,,
0,2,,0.211269,0.268183,0.520548,,26458600,,
0,2,,0.117115,0.377926,0.504959,,25989000,,
0,1,,0.080003,0.496173,0.423823,,26508600,,
0,2,,0.055031,0.210711,0.734258,,26632600,,
0,2,,0.106028,0.200361,0.693611,,25960000,,
0,2,,0.204605,0.294973,0.500422,,26479900,,
0,2,,0.078347,0.166679,0.754974,,26165100,,
0,2,,0.155511,0.284043,0.560446,,26426500,,
0,2,,0.132988,0.196138,0.670875,,26604400,,
0,2,,0.206158,0.213653,0.580189,,26798300,,
0,1,,0.210526,0.413624,0.37585,,29646100,,
0,2,,0.120536,0.157282,0.722182,,28122500,,
0,2,,0.107541,0.152558,0.739901,,28475900,,
0,2,,0.066722,0.116441,0.816837,,28715700,,
0,2,,0.083398,0.205729,0.710873,,28096400,,
0,1,,0.139395,0.476981,0.383624,,27360900,,
0,2,,0.291416,0.205697,0.502886,,26888600,,
0,2,,0.061315,0.194149,0.744536,,27333800,,
0,2,,0.161009,0.149983,0.689008,,26934700,,
0,2,,0.152799,0.182336,0.664866,,26599700,,
0,2,,0.145792,0.319562,0.534645,,26175500,,
0,2,,0.124297,0.240014,0.635689,,26525100,,
0,2,,0.164616,0.156828,0.678557,,28528300,,
0,2,,0.361637,0.19695,0.441412,,29488200,,
0,2,,0.077917,0.162318,0.759765,,28507700,,
0,2,,0.061631,0.321376,0.616993,,28686000,,
0,2,,0.137862,0.316451,0.545688,,27736400,,
0,2,,0.320832,0.176021,0.503147,,27368800,,
0,2,,0.149196,0.137964,0.71284,,26896500,,
0,1,,0.160434,0.51523,0.324336,,33127300,,
0,2,,0.07075,0.331678,0.597572,,26413000,,
0,2,,0.122498,0.34693,0.530571,,25649000,,
0,1,,0.151512,0.424365,0.424123,,25760700,,
0,2,,0.149811,0.143699,0.706491,,27587000,,
0,2,,0.16438,0.254131,0.581488,,28826100,,
0,2,,0.076061,0.43686,0.487078,,28040200,,
0,2,,0.151845,0.132842,0.715313,,27685800,,
0,2,,0.117766,0.413826,0.468408,,27166600,,
0,2,,0.294423,0.25826,0.447316,,26778000,,
0,2,,0.087974,0.344924,0.567101,,27155600,,
0,2,,0.155895,0.210149,0.633956,,26274300,,
0,2,,0.137088,0.17091,0.692002,,27139900,,
0,2,,0.053562,0.37026,0.576179,,26176200,,
0,2,,0.209588,0.26983,0.520582,,28023800,,
0,2,,0.047249,0.184298,0.768453,,27202400,,
0,2,,0.069896,0.397402,0.532702,,27309700,,
0,2,,0.149713,0.285205,0.565082,,27237400,,
0,2,,0.217706,0.292723,0.489571,,26984100,,
0,2,,0.104738,0.257325,0.637937,,26591000,,
0,1,,0.274876,0.370679,0.354444,,27758900,,
0,2,,0.250127,0.285774,0.464099,,26816700,,
0,1,,0.115944,0.453628,0.430429,,26929800,,
0,2,,0.138538,0.214568,0.646895,,26374900,,
0,2,,0.121077,0.290605,0.588318,,27165700,,
0,2,,0.229053,0.181841,0.589106,,27668700,,
0,1,,0.179444,0.458546,0.36201,,27408400,,
0,2,,0.177748,0.33612,0.486132,,27697600,,
0,2,,0.19467,0.186884,0.618447,,26458800,,
0,1,,0.14252,0.550474,0.307006,,27087200,,
0,2,,0.175613,0.338628,0.485759,,27516500,,
0,2,,0.219979,0.121461,0.65856,,26653700,,
0,2,,0.094262,0.196181,0.709558,,26289700,,
0,2,,0.11518,0.391505,0.493314,,27128800,,
0,2,,0.139243,0.282813,0.577944,,32639500,,
0,1,,0.137034,0.483176,0.37979,,28620700,,
0,2,,0.11558,0.233997,0.650422,,28549000,,
0,2,,0.120696,0.226729,0.652575,,25565600,,
0,2,,0.31809,0.176827,0.505083,,27445600,,
0,2,,0.144449,0.237201,0.61835,,26992500,,
0,2,,0.048105,0.191129,0.760766,,25892600,,
0,2,,0.084003,0.410522,0.505475,,30494000,,
0,2,,0.254378,0.198849,0.546772,,26468400,,
0,2,,0.088463,0.236491,0.675046,,26299800,,
0,2,,0.11162,0.170301,0.718079,,27582100,,
0,2,,0.274673,0.253534,0.471793,,28679300,,
0,2,,0.095276,0.17274,0.731984,,32651200,,
0,2,,0.183145,0.222367,0.594488,,33213100,,
0,2,,0.315726,0.319886,0.364389,,42987100,,
0,2,,0.149753,0.265362,0.584884,,46652100,,
0,1,,0.059468,0.511643,0.428889,,47257000,,
0,2,,0.06952,0.408956,0.521524,,34236500,,
0,2,,0.216528,0.148301,0.635172,,32956900,,
0,2,,0.076872,0.359627,0.563501,,32281500,,
0,2,,0.246812,0.251642,0.501546,,33398500,,
0,2,,0.141722,0.237733,0.620545,,30416000,,
0,2,,0.182829,0.345158,0.472013,,30132100,,
0,2,,0.08022,0.314543,0.605237,,27149200,,
0,1,,0.180671,0.416871,0.402458,,26727800,,
0,2,,0.256976,0.10797,0.635055,,26082300,,
0,2,,0.173205,0.174548,0.652247,,25878000,,
0,2,,0.198801,0.224677,0.576522,,26064600,,
0,2,,0.093801,0.277952,0.628247,,26182600,,
0,2,,0.060529,0.162315,0.777156,,25197500,,
0,1,,0.108523,0.469859,0.421617,,37828200,,
0,2,,0.302913,0.293103,0.403984,,30680200,,
0,2,,0.165014,0.284678,0.550309,,26644300,,
0,2,,0.187236,0.381162,0.431602,,27566400,,
0,2,,0.121137,0.166361,0.712502,,26490700,,
0,2,,0.076438,0.419917,0.503645,,26001100,,
0,2,,0.114016,0.354234,0.53175,,26782500,,
0,2,,0.074262,0.141611,0.784127,,26947700,,
0,2,,0.193445,0.283336,0.523219,,26693100,,
0,2,,0.298113,0.144939,0.556948,,26375600,,
0,2,,0.080575,0.132502,0.786923,,29950900,,
0,2,,0.089958,0.450187,0.459855,,30806700,,
0,2,,0.125309,0.257675,0.617016,,29260900,,
0,2,,0.167276,0.142007,0.690717,,25595500,,
0,0,,0.412665,0.221541,0.365793,,25974700,,
0,2,,0.137499,0.19577,0.666731,,26241200,,
0,2,,0.096648,0.225923,0.677429,,25843200,,
0,2,,0.190996,0.297416,0.511588,,25749900,,
0,2,,0.065723,0.190713,0.743564,,25777300,,
0,2,,0.143819,0.17537,0.680811,,25815300,,
0,2,,0.241669,0.364976,0.393356,,26118300,,
0,2,,0.080068,0.178158,0.741774,,26394700,,
0,2,,0.191358,0.382578,0.426064,,26548400,,
0,2,,0.183004,0.16139,0.655606,,26198500,,
0,1,,0.092905,0.549194,0.357901,,26424900,,
0,2,,0.196865,0.234032,0.569103,,26351500,,
0,2,,0.232842,0.191261,0.575896,,26989200,,
0,2,,0.205219,0.115063,0.679718,,26803900,,
0,2,,0.174246,0.192801,0.632953,,26966900,,
0,2,,0.197487,0.255773,0.54674,,26621700,,
0,2,,0.074242,0.240892,0.684866,,26833300,,
0,2,,0.223635,0.208452,0.567913,,26131700,,
0,2,,0.183289,0.225141,0.59157,,26238000,,
0,2,,0.042417,0.303676,0.653907,,26450200,,
0,1,,0.211554,0.451289,0.337156,,26767800,,
0,2,,0.11961,0.128496,0.751894,,26414700,,
0,2,,0.171266,0.333487,0.495247,,26263300,,
0,2,,0.212173,0.297634,0.490192,,27433500,,
0,2,,0.100347,0.186316,0.713336,,26731300,,
0,2,,0.247707,0.188611,0.563682,,26196800,,
0,2,,0.117791,0.195777,0.686432,,26664200,,
0,2,,0.112502,0.301702,0.585796,,26402600,,
0,2,,0.258823,0.214107,0.527069,,26860000,,
0,2,,0.089305,0.289678,0.621017,,26755500,,
0,2,,0.209111,0.325286,0.465603,,26682600,,
0,1,,0.119043,0.568883,0.312074,,26680100,,
0,2,,0.097603,0.282977,0.61942,,26722100,,
0,2,,0.053531,0.131807,0.814662,,26254000,,
0,2,,0.158551,0.215348,0.626102,,26494300,,
0,2,,0.133087,0.272231,0.594682,,25915300,,
0,2,,0.12957,0.208477,0.661954,,26031000,,
0,2,,0.113324,0.360192,0.526484,,26692500,,
0,2,,0.240852,0.288578,0.470571,,26954100,,
0,1,,0.057682,0.518678,0.42364,,28336700,,
0,2,,0.179541,0.404622,0.415837,,27573200,,
0,2,,0.376455,0.238502,0.385042,,27316700,,
0,1,,0.094974,0.591025,0.314001,,28948600,,
0,2,,0.120481,0.160304,0.719215,,28748700,,
0,2,,0.237809,0.170572,0.59162,,27633700,,
0,2,,0.331958,0.23581,0.432232,,26876800,,
0,1,,0.124828,0.437644,0.437528,,27329700,,
0,2,,0.078432,0.205438,0.71613,,27922400,,
0,2,,0.083357,0.21611,0.700533,,29446300,,
0,2,,0.122352,0.100085,0.777563,,28135800,,
0,2,,0.141689,0.14909,0.709221,,27270300,,
0,2,,0.21064,0.091855,0.697505,,27483500,,
0,2,,0.096779,0.197302,0.70592,,27588600,,
0,2,,0.118401,0.225868,0.655731,,27391600,,
0,1,,0.114078,0.51385,0.372072,,27934900,,
0,2,,0.12304,0.349144,0.527817,,26823100,,
0,2,,0.055113,0.158915,0.785972,,27287700,,
0,2,,0.333343,0.308847,0.35781,,26684000,,
0,2,,0.318841,0.227357,0.453802,,26704400,,
0,2,,0.370436,0.156905,0.47266,,28718000,,
0,2,,0.113247,0.205911,0.680842,,25903500,,
0,2,,0.109403,0.297012,0.593585,,28074900,,
0,0,,0.371587,0.260137,0.368276,,26323000,,
0,2,,0.034406,0.184225,0.781369,,26142900,,
0,2,,0.105174,0.153913,0.740913,,26479000,,
0,2,,0.086066,0.184349,0.729585,,26535400,,
0,2,,0.168101,0.360836,0.471063,,26849000,,
0,2,,0.211695,0.23274,0.555565,,26447300,,
0,2,,0.278654,0.295299,0.426047,,26424400,,
0,2,,0.215711,0.27689,0.507398,,26345500,,
0,2,,0.222547,0.198246,0.579206,,30030600,,
0,2,,0.274757,0.263806,0.461438,,28956600,,
0,2,,0.251337,0.313934,0.434729,,27877200,,
0,2,,0.225347,0.301596,0.473057,,25348500,,
0,2,,0.108236,0.252564,0.6392,,25550200,,
0,2,,0.146927,0.185587,0.667486,,26229300,,
0,2,,0.133452,0.398443,0.468105,,25639200,,
0,2,,0.311272,0.268306,0.420422,,25307600,,
0,2,,0.288367,0.209628,0.502005,,26352200,,
0,2,,0.076621,0.18094,0.742439,,25249500,,
0,2,,0.148347,0.374678,0.476975,,25544500,,
0,2,,0.058831,0.343575,0.597593,,26226900,,
0,2,,0.064126,0.201143,0.734731,,26348600,,
0,2,,0.171828,0.099926,0.728246,,28187300,,
0,2,,0.140553,0.299493,0.559953,,27159600,,
0,2,,0.110762,0.175774,0.713464,,25985000,,
0,2,,0.227728,0.359315,0.412957,,26392000,,
0,2,,0.142735,0.100168,0.757098,,26486400,,
0,2,,0.102976,0.20319,0.693834,,26411500,,
0,2,,0.115277,0.174695,0.710028,,26679500,,
0,2,,0.154781,0.217946,0.627274,,27161400,,
0,1,,0.127453,0.534317,0.33823,,27909000,,
0,2,,0.128613,0.344351,0.527036,,27840400,,
0,2,,0.248765,0.145024,0.606211,,25155100,,
0,2,,0.064697,0.350801,0.584502,,25786600,,
0,2,,0.175086,0.392076,0.432838,,25028000,,
0,2,,0.168492,0.21719,0.614319,,25444400,,
0,1,,0.153389,0.43333,0.413281,,26134500,,
0,2,,0.215606,0.188294,0.5961,,25691700,,
0,2,,0.095977,0.254029,0.649993,,25817300,,
0,2,,0.047891,0.249692,0.702417,,25799900,,
0,2,,0.240397,0.312781,0.446821,,25595000,,
0,2,,0.061077,0.223635,0.715288,,25699300,,
0,2,,0.093394,0.441097,0.465509,,25668500,,
0,2,,0.108396,0.284417,0.607187,,25207500,,
0,1,,0.090562,0.459725,0.449713,,25483500,,
0,2,,0.251452,0.229728,0.51882,,25508000,,
0,2,,0.166171,0.361922,0.471907,,25290800,,
0,2,,0.286488,0.182127,0.531386,,27548000,,
0,2,,0.10159,0.25764,0.64077,,29338400,,
0,2,,0.047464,0.451909,0.500627,,25678400,,
0,2,,0.085638,0.329787,0.584575,,25630600,,
0,2,,0.27235,0.191206,0.536444,,26322500,,
0,2,,0.102272,0.232366,0.665362,,25806500,,
0,2,,0.208808,0.364221,0.426971,,25704700,,
0,2,,0.215983,0.217651,0.566366,,26097200,,
0,2,,0.212725,0.333587,0.453688,,26315000,,
0,2,,0.09826,0.350753,0.550987,,25656600,,
0,2,,0.079085,0.264973,0.655942,,25980300,,
0,2,,0.252112,0.15233,0.595558,,25975100,,
0,2,,0.303127,0.240306,0.456566,,25847100,,
0,2,,0.323236,0.232457,0.444307,,25315900,,
0,2,,0.081345,0.232099,0.686556,,26579000,,
0,2,,0.069649,0.123894,0.806458,,25551700,,
0,2,,0.189188,0.296317,0.514495,,26211000,,
0,2,,0.072342,0.356065,0.571593,,25724400,,
0,2,,0.188369,0.224271,0.58736,,25230400,,
0,2,,0.119911,0.390215,0.489875,,25708600,,
0,2,,0.103552,0.165063,0.731385,,25750000,,
0,2,,0.113615,0.361512,0.524873,,25893600,,
0,2,,0.294534,0.313006,0.39246,,25726400,,
0,2,,0.076654,0.383628,0.539718,,25829700,,
0,2,,0.139559,0.261528,0.598913,,25894200,,
0,2,,0.321861,0.205655,0.472485,,26880600,,
0,2,,0.088831,0.430718,0.480451,,26545200,,
0,2,,0.199702,0.189138,0.61116,,27222300,,
0,2,,0.200127,0.230681,0.569193,,26189400,,
0,2,,0.071742,0.353723,0.574535,,25775800,,
0,2,,0.156538,0.352726,0.490736,,25683800,,
0,2,,0.237216,0.147202,0.615582,,26513400,,
0,2,,0.159045,0.150132,0.690823,,26095200,,
0,1,,0.104848,0.526401,0.368751,,25791000,,
0,1,,0.041818,0.537947,0.420236,,25840500,,
0,2,,0.209418,0.181453,0.609129,,26015300,,
0,2,,0.114689,0.351192,0.534119,,25586700,,
0,2,,0.123302,0.352958,0.52374,,25503900,,
0,2,,0.060656,0.244715,0.694629,,27271400,,
0,2,,0.056817,0.113324,0.829859,,25205200,,
0,1,,0.167184,0.527063,0.305752,,25885800,,
0,2,,0.183958,0.334066,0.481976,,25531000,,
0,2,,0.282165,0.251007,0.466828,,25555400,,
0,1,,0.252001,0.388682,0.359318,,26240100,,
0,2,,0.116663,0.356742,0.526595,,25815400,,
0,2,,0.075037,0.251389,0.673575,,25801600,,
0,2,,0.172491,0.230025,0.597485,,25811500,,
0,2,,0.18688,0.3177,0.495419,,25805100,,
0,2,,0.101941,0.152373,0.745686,,25545200,,
0,2,,0.370439,0.147595,0.481965,,27022500,,
0,2,,0.23038,0.347774,0.421846,,25699100,,
0,2,,0.22335,0.15833,0.61832,,26514900,,
0,2,,0.074868,0.256149,0.668983,,25690600,,
0,2,,0.072705,0.285582,0.641712,,25576000,,
0,1,,0.092766,0.469751,0.437483,,25843800,,
0,2,,0.042417,0.293858,0.663725,,25827100,,
0,1,,0.156064,0.506258,0.337678,,25506100,,
0,2,,0.211102,0.316528,0.47237,,25593600,,
0,2,,0.110516,0.290604,0.59888,,25485300,,
0,2,,0.235405,0.335373,0.429222,,25556200,,
0,2,,0.147774,0.190753,0.661473,,26940000,,
0,2,,0.041818,0.282493,0.675689,,25605000,,
0,2,,0.169043,0.303675,0.527283,,25846900,,
0,2,,0.055363,0.417054,0.527584,,25621100,,
0,2,,0.210021,0.233081,0.556898,,27003000,,
0,1,,0.217647,0.467589,0.314764,,25802400,,
0,2,,0.248427,0.282151,0.469422,,25770000,,
0,2,,0.054859,0.124277,0.820863,,27715000,,
0,2,,0.173397,0.143232,0.683371,,27839600,,
0,2,,0.097174,0.377233,0.525593,,34224500,,
0,2,,0.185247,0.154491,0.660262,,28071200,,
0,2,,0.063935,0.130788,0.805278,,26759200,,
0,2,,0.080135,0.167369,0.752496,,26658200,,
0,2,,0.28206,0.223363,0.494577,,29489200,,
0,2,,0.042952,0.309584,0.647464,,28546300,,
0,2,,0.313273,0.138384,0.548343,,30288500,,
0,1,,0.125439,0.535132,0.339429,,34027100,,
0,2,,0.158158,0.238697,0.603146,,27129200,,
0,2,,0.064516,0.419654,0.51583,,31625200,,
0,2,,0.204357,0.173341,0.622302,,27969800,,
0,2,,0.070665,0.251549,0.677786,,31650800,,
0,2,,0.191031,0.219009,0.58996,,30429500,,
0,1,,0.154684,0.43022,0.415096,,36704800,,
0,2,,0.188331,0.266106,0.545563,,32755600,,
0,2,,0.069831,0.324496,0.605673,,36638700,,
0,1,,0.102223,0.486674,0.411104,,35048400,,
0,2,,0.326885,0.252697,0.420418,,32017400,,
0,2,,0.076897,0.40689,0.516213,,29154100,,
0,2,,0.251787,0.221061,0.527152,,25831000,,
0,2,,0.138737,0.421434,0.439829,,30589200,,
0,2,,0.291077,0.164999,0.543925,,39466600,,
0,2,,0.179712,0.226438,0.59385,,50971400,,
0,2,,0.091505,0.189406,0.719089,,55325500,,
0,2,,0.176613,0.238157,0.58523,,51387200,,
0,2,,0.096803,0.340601,0.562596,,37525200,,
0,2,,0.122242,0.209339,0.668419,,27448900,,
0,2,,0.049319,0.172101,0.778579,,26905300,,
0,1,,0.236146,0.454339,0.309514,,26478400,,
0,2,,0.167629,0.151652,0.680719,,26766500,,
0,2,,0.08075,0.170757,0.748493,,26942900,,
0,2,,0.067298,0.317547,0.615155,,26212300,,
0,2,,0.218235,0.263029,0.518737,,26854200,,
0,2,,0.243633,0.320464,0.435902,,26232600,,
0,2,,0.128568,0.277562,0.59387,,26991700,,
0,1,,0.11993,0.541182,0.338887,,27689000,,
0,2,,0.230012,0.163975,0.606013,,26495500,,
0,2,,0.097014,0.299725,0.603261,,26194500,,
0,2,,0.237562,0.111414,0.651024,,30538700,,
0,2,,0.301701,0.202429,0.495871,,35834200,,
0,2,,0.207676,0.117194,0.67513,,34756300,,
0,2,,0.187168,0.388142,0.42469,,38283700,,
0,2,,0.086245,0.188406,0.725349,,28232200,,
0,2,,0.15709,0.157774,0.685136,,26609400,,
0,2,,0.367738,0.264221,0.368041,,26384100,,
0,2,,0.247804,0.180323,0.571873,,26432800,,
0,2,,0.212266,0.111459,0.676275,,26212700,,
0,2,,0.139471,0.290407,0.570122,,26327500,,
0,2,,0.255158,0.26482,0.480022,,26152300,,
0,2,,0.215065,0.294489,0.490446,,26148400,,
0,2,,0.221372,0.267024,0.511604,,26079700,,
0,1,,0.104678,0.523532,0.37179,,29972800,,
0,2,,0.085203,0.278569,0.636228,,37517000,,
0,2,,0.062264,0.259055,0.67868,,31903100,,
0,2,,0.162682,0.16609,0.671229,,32861600,,
0,2,,0.074331,0.349835,0.575835,,41332600,,
0,2,,0.203668,0.333183,0.46315,,45869100,,
0,2,,0.206159,0.124509,0.669333,,39452200,,
0,2,,0.118643,0.402995,0.478362,,37817900,,
0,2,,0.105538,0.105962,0.7885,,28681300,,
0,2,,0.074596,0.272553,0.65285,,26314800,,
0,2,,0.129718,0.401225,0.469057,,25435900,,
0,2,,0.058579,0.262483,0.678938,,26277700,,
0,2,,0.083655,0.369499,0.546846,,26113600,,
0,2,,0.063264,0.312963,0.623773,,26050100,,
0,2,,0.089428,0.39015,0.520422,,27210400,,
0,2,,0.222206,0.202194,0.5756,,26134500,,
0,2,,0.057846,0.150601,0.791553,,25400200,,
0,2,,0.091438,0.425039,0.483524,,26103200,,
0,2,,0.055611,0.156307,0.788082,,26117800,,
0,2,,0.230693,0.326688,0.442619,,27196100,,
0,2,,0.366357,0.138195,0.495448,,31996700,,
0,1,,0.108849,0.48247,0.408681,,34783500,,
0,2,,0.318917,0.250097,0.430987,,30216000,,
0,2,,0.275476,0.166885,0.557638,,27618900,,
0,2,,0.357647,0.216997,0.425356,,26635300,,
0,2,,0.237304,0.359328,0.403368,,28940700,,
0,2,,0.171403,0.362169,0.466428,,25771200,,
0,2,,0.226236,0.150616,0.623148,,26545400,,
0,2,,0.07426,0.353724,0.572016,,26044600,,
0,2,,0.121985,0.389639,0.488376,,25619300,,
0,2,,0.138368,0.391733,0.469899,,27334600,,
0,2,,0.041074,0.353503,0.605423,,27050000,,
0,2,,0.311863,0.318036,0.370101,,26235200,,
0,2,,0.070761,0.339888,0.589351,,29348700,,
0,2,,0.100033,0.14247,0.757497,,25894400,,
0,2,,0.067328,0.106354,0.826319,,26245000,,
0,2,,0.117098,0.193307,0.689594,,26823600,,
0,2,,0.190316,0.210787,0.598897,,26718300,,
0,2,,0.152436,0.340228,0.507337,,26850000,,
0,1,,0.221279,0.417883,0.360838,,26249400,,
0,2,,0.032923,0.124676,0.842402,,26116500,,
0,2,,0.109527,0.158095,0.732379,,26925700,,
0,2,,0.237777,0.253935,0.508288,,26656100,,
0,2,,0.26489,0.292723,0.442387,,27119100,,
0,2,,0.057179,0.293222,0.649599,,26465700,,
0,2,,0.238203,0.167847,0.59395,,26612800,,
0,2,,0.293501,0.250816,0.455683,,31808000,,
0,2,,0.135486,0.241238,0.623276,,35319400,,
0,2,,0.0752,0.112972,0.811828,,38521200,,
0,2,,0.093014,0.19302,0.713966,,37576100,,
0,2,,0.095637,0.366302,0.538061,,43239100,,
0,2,,0.311024,0.257827,0.431149,,41680500,,
0,2,,0.114252,0.211885,0.673863,,37331100,,
0,2,,0.130662,0.33983,0.529509,,30168300,,
0,2,,0.077939,0.38537,0.536691,,29742100,,
0,1,,0.117918,0.488797,0.393286,,29994700,,
0,2,,0.20918,0.355955,0.434865,,26549900,,
0,2,,0.249304,0.285747,0.464948,,25220600,,
0,2,,0.11417,0.240384,0.645446,,25945300,,
0,2,,0.058458,0.223295,0.718246,,25721000,,
0,2,,0.07331,0.405351,0.521338,,25544000,,
0,2,,0.135626,0.167698,0.696676,,25968000,,
0,2,,0.129558,0.17207,0.698372,,25923400,,
0,2,,0.221431,0.245241,0.533328,,25862000,,
0,2,,0.072452,0.140098,0.78745,,26326000,,
0,2,,0.069997,0.150035,0.779968,,29502500,,
0,2,,0.099951,0.234334,0.665714,,26427600,,
0,2,,0.0347,0.164426,0.800874,,27020700,,
0,2,,0.095043,0.161288,0.743669,,30935900,,
0,2,,0.310315,0.325222,0.364462,,33422900,,
0,2,,0.314171,0.294946,0.390883,,48829100,,
0,2,,0.264173,0.185015,0.550812,,42202000,,
0,2,,0.225009,0.270254,0.504738,,38299000,,
0,2,,0.249565,0.302916,0.44752,,36057200,,
0,2,,0.374604,0.187863,0.437533,,27030300,,
0,2,,0.119816,0.229324,0.650859,,26196600,,
0,2,,0.073702,0.324772,0.601526,,27347600,,
0,2,,0.075157,0.17383,0.751013,,28005900,,
0,2,,0.05767,0.185602,0.756728,,33481400,,
0,2,,0.125469,0.135473,0.739058,,28458800,,
0,2,,0.271971,0.347236,0.380793,,26337500,,
0,2,,0.092417,0.190061,0.717522,,25937200,,
0,2,,0.118384,0.148373,0.733243,,26146300,,
0,1,,0.108734,0.518291,0.372975,,26567300,,
0,2,,0.06953,0.322526,0.607944,,26303200,,
0,2,,0.120809,0.136189,0.743003,,27264400,,
0,2,,0.041715,0.254024,0.704261,,27355400,,
0,2,,0.179905,0.131851,0.688244,,28084800,,
0,2,,0.194744,0.101338,0.703918,,31293100,,
0,2,,0.040555,0.408092,0.551353,,32074800,,
0,1,,0.163163,0.525265,0.311572,,28885800,,
0,2,,0.118329,0.370725,0.510946,,29046300,,
0,1,,0.139803,0.527054,0.333144,,27301000,,
0,2,,0.056704,0.120192,0.823103,,26338000,,
0,2,,0.060074,0.121175,0.81875,,25034500,,
0,2,,0.067915,0.132429,0.799656,,25622300,,
0,2,,0.111593,0.333179,0.555228,,26021500,,
0,2,,0.188846,0.12945,0.681703,,25904200,,
0,2,,0.201881,0.258959,0.53916,,26068100,,
0,2,,0.052146,0.144992,0.802862,,26401100,,
0,2,,0.131602,0.122519,0.745879,,26309100,,
0,1,,0.081872,0.466798,0.45133,,26553700,,
0,2,,0.078272,0.3144,0.607328,,26479600,,
0,2,,0.098795,0.14682,0.754384,,26370700,,
0,2,,0.293324,0.226285,0.480391,,26824700,,
0,2,,0.121177,0.305485,0.573338,,26511600,,
0,2,,0.139085,0.209617,0.651298,,26485300,,
0,2,,0.086459,0.142071,0.77147,,26693000,,
0,2,,0.130071,0.38974,0.480189,,27360300,,
0,2,,0.058116,0.441205,0.500678,,27781400,,
0,2,,0.207166,0.316944,0.47589,,28835400,,
0,2,,0.06521,0.105345,0.829445,,28523100,,
0,2,,0.114083,0.148859,0.737058,,26357700,,
0,2,,0.160762,0.285721,0.553517,,26002700,,
0,2,,0.066535,0.302868,0.630597,,26794100,,
0,1,,0.159099,0.432516,0.408384,,26427500,,
0,2,,0.145877,0.402636,0.451487,,26206200,,
0,2,,0.20315,0.304341,0.49251,,26443500,,
0,2,,0.110954,0.383324,0.505722,,26573300,,
0,2,,0.218841,0.227357,0.553802,,26299400,,
0,2,,0.102696,0.400019,0.497286,,27022900,,
0,2,,0.225435,0.252321,0.522244,,26698000,,
0,2,,0.201432,0.281304,0.517263,,26435200,,
0,2,,0.21674,0.299978,0.483282,,27221700,,
0,2,,0.09088,0.331471,0.57765,,26108200,,
0,2,,0.069994,0.223488,0.706518,,27699600,,
0,2,,0.080475,0.19486,0.724664,,25583500,,
0,1,,0.087958,0.530447,0.381595,,25876500,,
0,2,,0.327886,0.164575,0.507538,,25261300,,
0,2,,0.08126,0.114168,0.804572,,25209800,,
0,2,,0.170752,0.192186,0.637062,,25707700,,
0,2,,0.15544,0.374372,0.470188,,25833700,,
0,2,,0.095683,0.169159,0.735158,,25486300,,
0,2,,0.145011,0.367484,0.487505,,25841400,,
0,2,,0.183572,0.212143,0.604285,,25654300,,
0,2,,0.101692,0.140512,0.757796,,25708500,,
0,2,,0.191613,0.368749,0.439638,,26116200,,
0,2,,0.373111,0.213299,0.413589,,25853900,,
0,2,,0.117448,0.24831,0.634241,,26358300,,
0,2,,0.070523,0.203438,0.726039,,25691200,,
0,2,,0.140879,0.09984,0.759281,,25813100,,
0,2,,0.136188,0.159292,0.704519,,25611200,,
0,2,,0.09875,0.281387,0.619863,,26687700,,
0,2,,0.215621,0.318497,0.465882,,25576000,,
0,2,,0.196837,0.318727,0.484435,,25825200,,
0,2,,0.189723,0.177855,0.632421,,25701600,,
0,2,,0.103437,0.333106,0.563457,,25814000,,
0,2,,0.14621,0.201364,0.652425,,25980800,,
0,2,,0.041201,0.278657,0.680142,,25767400,,
0,2,,0.171631,0.369376,0.458993,,25775700,,
0,2,,0.066036,0.163426,0.770538,,25747400,,
0,2,,0.058077,0.358357,0.583566,,25896700,,
0,2,,0.267292,0.184155,0.548554,,25979300,,
0,2,,0.111772,0.12609,0.762138,,25809500,,
0,2,,0.129667,0.348435,0.521898,,25911800,,
0,2,,0.202583,0.178803,0.618614,,25910800,,
0,2,,0.070932,0.175771,0.753297,,25708700,,
0,2,,0.074082,0.320698,0.60522,,25783700,,
0,2,,0.094205,0.336212,0.569583,,26055200,,
0,2,,0.196475,0.222887,0.580638,,26033100,,
0,2,,0.096716,0.159244,0.74404,,25896500,,
0,2,,0.15529,0.257873,0.586837,,25657900,,
0,2,,0.229326,0.139225,0.631449,,25535600,,
0,2,,0.201792,0.356299,0.441909,,25616400,,
0,2,,0.250234,0.297424,0.452342,,26937300,,
0,0,,0.369133,0.366241,0.264626,,26297100,,
0,2,,0.093357,0.114407,0.792236,,26517800,,
0,2,,0.089267,0.193693,0.71704,,26533000,,
0,2,,0.143734,0.317413,0.538854,,28182700,,
0,2,,0.170935,0.222536,0.606529,,32617700,,
0,2,,0.277849,0.312672,0.409479,,31916800,,
0,2,,0.087266,0.444638,0.468097,,31674200,,
0,2,,0.113393,0.242953,0.643654,,31021400,,
0,2,,0.137754,0.407189,0.455058,,33841000,,
0,2,,0.067416,0.287653,0.64493,,29347000,,
0,2,,0.162699,0.308341,0.52896,,27587500,,
0,1,,0.221494,0.441935,0.336571,,26562100,,
0,2,,0.278072,0.188173,0.533755,,25842100,,
0,2,,0.109492,0.17237,0.718138,,26296900,,
0,2,,0.099103,0.262946,0.637951,,26252700,,
0,2,,0.30424,0.195694,0.500066,,26221800,,
0,2,,0.222188,0.210741,0.56707,,25933200,,
0,2,,0.137766,0.360484,0.50175,,26182000,,
0,2,,0.285723,0.255268,0.459009,,25872300,,
0,2,,0.136715,0.175414,0.687871,,26462800,,
0,2,,0.192352,0.216385,0.591263,,26524800,,
0,2,,0.229636,0.290521,0.479843,,26169600,,
0,2,,0.192583,0.399588,0.407828,,26497400,,
0,2,,0.03168,0.223693,0.744627,,26143400,,
0,2,,0.163025,0.22794,0.609034,,28177500,,
0,2,,0.247245,0.305348,0.447406,,28717300,,
0,2,,0.07465,0.267133,0.658217,,32057200,,
0,2,,0.057553,0.231056,0.711391,,29186800,,
0,2,,0.170308,0.210004,0.619688,,29324900,,
0,1,,0.052578,0.487905,0.459517,,29596500,,
0,2,,0.128883,0.208483,0.662633,,29516000,,
0,2,,0.058302,0.284395,0.657303,,29889000,,
0,2,,0.125198,0.349366,0.525436,,29118800,,
0,2,,0.172211,0.237152,0.590637,,31568700,,
0,1,,0.105016,0.47323,0.421755,,37932500,,
0,2,,0.085026,0.202986,0.711988,,38030600,,
0,2,,0.071835,0.108564,0.819601,,34320500,,
0,2,,0.162276,0.373575,0.464149,,33390800,,
0,2,,0.061077,0.316299,0.622625,,30270800,,
0,2,,0.081922,0.30321,0.614868,,34624100,,
0,2,,0.05691,0.237435,0.705655,,34825800,,
0,1,,0.180174,0.547944,0.271882,,33348600,,
0,2,,0.097649,0.332645,0.569706,,29244700,,
0,2,,0.165197,0.143841,0.690962,,29571000,,
0,2,,0.323658,0.145345,0.530997,,27817500,,
0,1,,0.181346,0.419714,0.39894,,29664600,,
0,2,,0.23102,0.295708,0.473273,,24695000,,
0,2,,0.229442,0.299605,0.470953,,26964400,,
0,2,,0.07089,0.229914,0.699196,,24900300,,
0,2,,0.072921,0.369947,0.557132,,24628300,,
0,2,,0.0925,0.198123,0.709378,,27017800,,
0,2,,0.141332,0.205482,0.653185,,27253000,,
0,2,,0.349268,0.224921,0.42581,,28468500,,
0,2,,0.235151,0.198086,0.566763,,25682600,,
0,2,,0.351952,0.230165,0.417883,,25272700,,
0,2,,0.208016,0.315757,0.476227,,26352100,,
0,2,,0.313021,0.184412,0.502567,,25294900,,
0,2,,0.258267,0.27094,0.470793,,28458800,,
0,2,,0.289793,0.243644,0.466564,,27184500,,
0,2,,0.142252,0.105097,0.752651,,26619800,,
0,2,,0.139063,0.203448,0.657489,,28911100,,
0,2,,0.125435,0.252139,0.622426,,27008800,,
0,1,,0.087449,0.544375,0.368176,,28804400,,
0,2,,0.198366,0.182848,0.618786,,31525100,,
0,1,,0.094503,0.545157,0.36034,,36923300,,
0,1,,0.186353,0.498148,0.315499,,37738300,,
0,2,,0.304662,0.269598,0.42574,,38509700,,
0,2,,0.09101,0.374488,0.534502,,36429100,,
0,2,,0.238884,0.227955,0.533161,,36496500,,
0,2,,0.274522,0.285173,0.440304,,33876200,,
0,2,,0.116234,0.266643,0.617123,,32493300,,
0,0,,0.400344,0.268464,0.331192,,31143100,,
0,2,,0.165789,0.308246,0.525965,,25393400,,
0,1,,0.040742,0.550628,0.40863,,25853600,,
0,2,,0.185395,0.248421,0.566184,,24629000,,
0,2,,0.083763,0.08999,0.826247,,24462700,,
0,2,,0.199563,0.327762,0.472675,,25735200,,
0,2,,0.377833,0.184883,0.437284,,25730300,,
0,2,,0.232375,0.153757,0.613868,,25263200,,
0,1,,0.119426,0.484807,0.395767,,25015200,,
0,1,,0.111621,0.455296,0.433082,,25148700,,
0,2,,0.046323,0.277996,0.67568,,25383200,,
0,2,,0.140017,0.255106,0.604877,,26373500,,
0,1,,0.056689,0.473318,0.469994,,25650400,,
0,2,,0.073763,0.165302,0.760935,,30969400,,
0,2,,0.102642,0.267148,0.63021,,30121400,,
0,2,,0.191343,0.260948,0.547709,,31239000,,
0,2,,0.158065,0.185642,0.656294,,34624400,,
0,2,,0.31025,0.323532,0.366218,,41504800,,
0,2,,0.266854,0.154491,0.578655,,35012900,,
0,2,,0.104604,0.159048,0.736347,,33469300,,
0,2,,0.062629,0.232434,0.704937,,31102900,,
0,2,,0.364935,0.187752,0.447313,,31624600,,
0,2,,0.050277,0.224083,0.725639,,31762100,,
0,2,,0.169651,0.17317,0.657179,,32478700,,
0,2,,0.136264,0.12943,0.734306,,32877100,,
0,2,,0.094138,0.292303,0.613559,,31465100,,
0,2,,0.27018,0.331579,0.398241,,30432000,,
0,2,,0.126882,0.303428,0.56969,,27634000,,
0,2,,0.178671,0.308871,0.512458,,25475200,,
0,2,,0.110614,0.427943,0.461443,,26317600,,
0,2,,0.136983,0.196001,0.667015,,26559100,,
0,2,,0.129645,0.182536,0.687819,,25155200,,
0,2,,0.083914,0.163807,0.752279,,26418100,,
0,2,,0.171627,0.243222,0.585151,,27926100,,
0,2,,0.241928,0.228076,0.529996,,26862800,,
0,2,,0.173852,0.172685,0.653464,,26793200,,
0,2,,0.333844,0.318682,0.347474,,28253500,,
0,2,,0.199139,0.155503,0.645358,,30948900,,
0,2,,0.201347,0.27115,0.527504,,29711200,,
0,2,,0.157094,0.353285,0.489622,,26056000,,
0,2,,0.097106,0.431687,0.471207,,27271400,,
0,2,,0.103972,0.186665,0.709364,,26905200,,
0,1,,0.232662,0.404456,0.362883,,32017800,,
0,2,,0.119705,0.381412,0.498883,,32829000,,
0,2,,0.062209,0.250022,0.687769,,32421000,,
0,2,,0.300171,0.166127,0.533703,,34676200,,
0,2,,0.094317,0.257504,0.648179,,31541500,,
0,2,,0.283449,0.173434,0.543117,,30143800,,
0,2,,0.242339,0.257109,0.500552,,29639300,,
0,2,,0.074066,0.140117,0.785817,,28150500,,
0,2,,0.075464,0.108506,0.81603,,26232000,,
0,1,,0.084214,0.465337,0.450449,,25744500,,
0,2,,0.179595,0.381865,0.43854,,26814900,,
0,2,,0.108434,0.357203,0.534363,,28810200,,
0,2,,0.113413,0.199705,0.686881,,29778400,,
0,2,,0.095551,0.242852,0.661597,,27580400,,
0,2,,0.069906,0.173031,0.757063,,26547900,,
0,2,,0.262455,0.196486,0.541058,,28321900,,
0,2,,0.090832,0.163753,0.745414,,30543100,,
0,2,,0.281988,0.213126,0.504886,,30355700,,
0,2,,0.166229,0.212557,0.621214,,31249600,,
0,2,,0.068463,0.14483,0.786707,,29674800,,
0,2,,0.139729,0.23028,0.629991,,30427300,,
0,2,,0.254415,0.284485,0.461099,,30562000,,
0,2,,0.26378,0.347962,0.388258,,32230100,,
0,2,,0.060938,0.257624,0.681439,,30710400,,
0,1,,0.158201,0.446044,0.395755,,31168200,,
0,2,,0.105319,0.215546,0.679135,,29349400,,
0,2,,0.354552,0.142716,0.502732,,28690300,,
0,2,,0.182304,0.205424,0.612272,,27752800,,
0,2,,0.272911,0.29096,0.436129,,27592400,,
0,2,,0.092202,0.315223,0.592576,,26446400,,
0,2,,0.185959,0.313133,0.500908,,26203500,,
0,2,,0.179486,0.206674,0.61384,,26028100,,
0,2,,0.345409,0.269584,0.385007,,25804800,,
0,2,,0.255496,0.295227,0.449277,,26350800,,
0,2,,0.142348,0.137308,0.720344,,28917400,,
0,2,,0.196425,0.343559,0.460016,,30237400,,
0,2,,0.236577,0.111606,0.651817,,31151200,,
0,2,,0.21508,0.157853,0.627067,,32163200,,
0,2,,0.11053,0.181434,0.708035,,31615900,,
0,2,,0.231948,0.285951,0.4821,,31829100,,
0,2,,0.215981,0.147941,0.636079,,28733000,,
0,2,,0.088544,0.127762,0.783694,,27384800,,
0,1,,0.098025,0.458236,0.443739,,26532900,,
0,2,,0.093097,0.194337,0.712566,,27021400,,
0,2,,0.119472,0.43029,0.450238,,26116900,,
0,2,,0.147769,0.287371,0.56486,,26035100,,
0,2,,0.147496,0.383236,0.469268,,26144600,,
0,2,,0.093035,0.410764,0.4962,,26280100,,
0,2,,0.359177,0.191009,0.449814,,26236500,,
0,2,,0.076785,0.096667,0.826547,,26146500,,
0,2,,0.05013,0.380364,0.569506,,26510000,,
0,2,,0.141641,0.126519,0.73184,,27420700,,
0,2,,0.273389,0.261229,0.465382,,28050100,,
0,1,,0.061757,0.488222,0.450021,,29033100,,
0,2,,0.321099,0.120119,0.558782,,28338600,,
0,2,,0.296909,0.251878,0.451213,,28648800,,
0,2,,0.133522,0.268579,0.597899,,29112000,,
0,1,,0.285303,0.416888,0.297809,,30211000,,
0,2,,0.149978,0.338814,0.511208,,31002600,,
0,2,,0.125875,0.396393,0.477732,,30149200,,
0,2,,0.255289,0.18421,0.560502,,28425100,,
0,1,,0.096825,0.475217,0.427959,,27047400,,
0,2,,0.259342,0.184751,0.555906,,27491900,,
0,2,,0.076077,0.352921,0.571002,,28174400,,
0,2,,0.086918,0.269579,0.643503,,25567700,,
0,2,,0.096717,0.338084,0.565198,,25240900,,
0,2,,0.26788,0.208547,0.523573,,26353700,,
0,1,,0.154275,0.480302,0.365422,,25641500,,
0,2,,0.129223,0.309269,0.561509,,25370900,,
0,2,,0.13378,0.347888,0.518332,,26088200,,
0,2,,0.121187,0.298543,0.58027,,25942400,,
0,2,,0.277455,0.17824,0.544305,,26106800,,
0,2,,0.216907,0.296162,0.486931,,26599100,,
0,2,,0.179722,0.257567,0.562711,,26744300,,
0,2,,0.171304,0.381691,0.447005,,27127500,,
0,1,,0.219054,0.390836,0.39011,,27561900,,
0,2,,0.080655,0.284592,0.634753,,27737700,,
0,2,,0.089925,0.227332,0.682743,,27912000,,
0,2,,0.238562,0.191393,0.570045,,28851500,,
0,2,,0.324011,0.103429,0.57256,,27859300,,
0,2,,0.110767,0.275812,0.613421,,27897800,,
0,2,,0.093005,0.178654,0.728341,,28356500,,
0,2,,0.114782,0.128277,0.756942,,27759100,,
0,2,,0.13221,0.160636,0.707154,,30183800,,
0,2,,0.160092,0.154752,0.685156,,30569500,,
0,2,,0.113626,0.170781,0.715593,,30564200,,
0,2,,0.046942,0.335106,0.617952,,29857600,,
