connect-4,Tuned_CWT,test,0,NANOSECONDS,PREDICTIONS, Generated by ClassifierExperiments.java on 2022-05-15 23:34:23.    SYSTEMPROPERTIES:{user.name:matth,os.arch:amd64,os.name:Windows 10},ENDSYSTEMPROPERTIES
No parameter info
0.7777531083481349,48678744400,356316603600,-1,1154795680,3,,-1,-1
0,2,,0.083045,0.232726,0.684229,,34719000,,
0,0,,0.485054,0.233248,0.281697,,41810700,,
0,2,,0.036391,0.432735,0.530874,,35049600,,
0,2,,0.104882,0.17518,0.719937,,26426500,,
0,2,,0.169526,0.262825,0.56765,,25883200,,
0,1,,0.236213,0.441501,0.322286,,25592800,,
0,2,,0.120379,0.14186,0.737761,,26285900,,
0,2,,0.314413,0.180296,0.505291,,32698800,,
0,2,,0.147299,0.138963,0.713738,,29300400,,
0,2,,0.065747,0.060579,0.873674,,25900600,,
0,2,,0.121499,0.291114,0.587387,,26686000,,
0,1,,0.235374,0.403902,0.360724,,27735800,,
0,2,,0.143481,0.271316,0.585203,,29398900,,
0,2,,0.35226,0.196003,0.451736,,28005600,,
0,0,,0.374544,0.319574,0.305882,,29774700,,
0,2,,0.247907,0.371488,0.380606,,26862900,,
0,2,,0.149076,0.265272,0.585652,,25919300,,
0,2,,0.061385,0.203981,0.734635,,26296900,,
0,2,,0.417608,0.136538,0.445854,,25981300,,
0,2,,0.125926,0.243168,0.630906,,26711800,,
0,2,,0.063471,0.205023,0.731506,,26882100,,
0,2,,0.256411,0.130855,0.612734,,27572800,,
0,2,,0.118015,0.245839,0.636147,,26308800,,
0,2,,0.062621,0.085818,0.851561,,26863200,,
0,2,,0.082185,0.434022,0.483793,,26863300,,
0,2,,0.146168,0.305796,0.548036,,26777100,,
0,1,,0.097095,0.457934,0.444972,,26857400,,
0,2,,0.387648,0.192925,0.419427,,26866900,,
0,2,,0.128722,0.112725,0.758553,,27475200,,
0,2,,0.215618,0.226748,0.557634,,27279500,,
0,2,,0.29523,0.261698,0.443072,,26684500,,
0,2,,0.132329,0.278981,0.58869,,27479200,,
0,2,,0.133337,0.110665,0.755998,,26832800,,
0,2,,0.074713,0.063889,0.861399,,27638800,,
0,2,,0.310737,0.152729,0.536534,,26368800,,
0,1,,0.036854,0.544,0.419146,,27461100,,
0,1,,0.197715,0.602323,0.199962,,26843500,,
0,2,,0.099886,0.143421,0.756693,,25871000,,
0,2,,0.084961,0.174093,0.740947,,26870000,,
0,2,,0.099928,0.39615,0.503922,,25580700,,
0,0,,0.402783,0.249666,0.347551,,26359000,,
0,2,,0.121707,0.207676,0.670618,,30384200,,
0,2,,0.107146,0.108698,0.784156,,25475400,,
0,2,,0.271621,0.247703,0.480676,,25794400,,
0,2,,0.158471,0.120327,0.721202,,27875600,,
0,2,,0.112843,0.178343,0.708813,,25903800,,
0,2,,0.075835,0.091461,0.832704,,25807100,,
0,2,,0.12645,0.323293,0.550256,,24976700,,
0,2,,0.186287,0.208161,0.605552,,25729000,,
0,2,,0.148564,0.228824,0.622613,,27183900,,
0,2,,0.067422,0.354459,0.578119,,26526000,,
0,2,,0.39248,0.19247,0.41505,,25532300,,
0,2,,0.078497,0.443744,0.477759,,25708100,,
0,2,,0.069183,0.147441,0.783376,,25258500,,
0,2,,0.076867,0.335215,0.587918,,26473700,,
0,2,,0.375015,0.174803,0.450182,,26158800,,
0,2,,0.074674,0.086756,0.838569,,25524500,,
0,2,,0.082928,0.305353,0.611718,,27957900,,
0,2,,0.285565,0.169079,0.545357,,27486100,,
0,1,,0.232794,0.420053,0.347154,,28185700,,
0,2,,0.07235,0.255049,0.6726,,27045100,,
0,2,,0.243373,0.27237,0.484257,,25459900,,
0,2,,0.175319,0.376625,0.448056,,25638700,,
0,2,,0.117749,0.179072,0.70318,,27026000,,
0,2,,0.088523,0.190393,0.721084,,27585600,,
0,2,,0.077542,0.453773,0.468685,,27235900,,
0,2,,0.165437,0.187221,0.647342,,26410700,,
0,1,,0.049388,0.541792,0.40882,,25531300,,
0,2,,0.043948,0.472069,0.483983,,26619700,,
0,2,,0.322421,0.223663,0.453916,,25403100,,
0,2,,0.278028,0.210309,0.511663,,25392900,,
0,2,,0.108986,0.382685,0.508329,,28910500,,
0,2,,0.160252,0.157776,0.681972,,27865700,,
0,2,,0.27085,0.135995,0.593155,,25627100,,
0,2,,0.321833,0.265274,0.412893,,25869100,,
0,1,,0.165293,0.46998,0.364727,,29445600,,
0,2,,0.134303,0.425556,0.44014,,30403800,,
0,1,,0.136671,0.47684,0.38649,,30491200,,
0,2,,0.147444,0.294375,0.558181,,27790300,,
0,2,,0.074648,0.122822,0.80253,,28587600,,
0,2,,0.195234,0.364415,0.440351,,27344700,,
0,2,,0.106788,0.200564,0.692648,,27737100,,
0,2,,0.40451,0.181533,0.413957,,30245500,,
0,2,,0.110808,0.294519,0.594674,,28191100,,
0,2,,0.075737,0.289906,0.634357,,27783400,,
0,2,,0.09804,0.373032,0.528928,,26349500,,
0,2,,0.296198,0.122483,0.58132,,25867400,,
0,0,,0.36547,0.293598,0.340932,,25714000,,
0,2,,0.305569,0.299101,0.39533,,26051200,,
0,2,,0.089115,0.323021,0.587865,,26058200,,
0,2,,0.105575,0.365719,0.528706,,25609700,,
0,2,,0.106916,0.210635,0.682449,,26529400,,
0,2,,0.071223,0.244065,0.684712,,25612500,,
0,2,,0.279541,0.209205,0.511254,,25778800,,
0,2,,0.32848,0.17009,0.501431,,25769400,,
0,2,,0.148998,0.416653,0.434349,,26812100,,
0,2,,0.280689,0.309475,0.409836,,27069800,,
0,2,,0.065757,0.181393,0.75285,,26296900,,
0,2,,0.132756,0.432394,0.43485,,25878900,,
0,2,,0.357976,0.114731,0.527293,,27305200,,
0,2,,0.124589,0.167702,0.70771,,26125000,,
0,2,,0.102122,0.179712,0.718165,,28710700,,
0,2,,0.140361,0.37041,0.489229,,27060800,,
0,2,,0.267684,0.117232,0.615084,,26248300,,
0,2,,0.04411,0.279723,0.676167,,26137800,,
0,1,,0.12685,0.470933,0.402217,,26893200,,
0,1,,0.165885,0.577097,0.257018,,26421000,,
0,2,,0.058709,0.077951,0.86334,,29231300,,
0,1,,0.166032,0.436109,0.397859,,28240400,,
0,2,,0.063199,0.106108,0.830693,,26611600,,
0,2,,0.074366,0.317976,0.607658,,28679800,,
0,2,,0.142827,0.326049,0.531123,,26775800,,
0,2,,0.073205,0.18449,0.742305,,28112300,,
0,2,,0.24458,0.093105,0.662316,,27521500,,
0,2,,0.068553,0.142947,0.788501,,27375700,,
0,2,,0.065066,0.19217,0.742764,,26963500,,
0,2,,0.219496,0.33171,0.448794,,28832100,,
0,2,,0.385542,0.194506,0.419952,,29603800,,
0,2,,0.076633,0.264499,0.658869,,28532300,,
0,2,,0.262468,0.289941,0.447591,,31792000,,
0,2,,0.199258,0.15638,0.644362,,29059100,,
0,2,,0.235662,0.1959,0.568438,,25505000,,
0,2,,0.130871,0.203161,0.665967,,26154000,,
0,2,,0.097671,0.344854,0.557476,,26327800,,
0,2,,0.065554,0.107308,0.827138,,25464000,,
0,2,,0.087104,0.130457,0.782439,,25909400,,
0,2,,0.229837,0.338446,0.431717,,25622300,,
0,1,,0.250553,0.471557,0.27789,,29886400,,
0,2,,0.070552,0.302458,0.62699,,33947800,,
0,1,,0.076502,0.505648,0.417849,,31431600,,
0,0,,0.469762,0.168333,0.361904,,25762100,,
0,0,,0.481154,0.189248,0.329598,,26156600,,
0,2,,0.219688,0.333398,0.446914,,27948000,,
0,2,,0.147814,0.095978,0.756209,,30394300,,
0,2,,0.072847,0.185425,0.741728,,26351700,,
0,1,,0.070443,0.466114,0.463444,,26567700,,
0,2,,0.173403,0.304836,0.521761,,26821700,,
0,2,,0.306678,0.137278,0.556044,,26494400,,
0,1,,0.082422,0.551792,0.365786,,27074000,,
0,2,,0.100686,0.123959,0.775354,,26856500,,
0,1,,0.137688,0.439135,0.423178,,26620900,,
0,2,,0.08901,0.438154,0.472836,,26541100,,
0,2,,0.07068,0.422858,0.506462,,26916100,,
0,1,,0.207674,0.428923,0.363402,,28377000,,
0,2,,0.293014,0.209802,0.497184,,26565100,,
0,2,,0.128879,0.060932,0.81019,,26704700,,
0,2,,0.326881,0.184153,0.488966,,26954000,,
0,2,,0.254461,0.16915,0.576389,,26796500,,
0,2,,0.081401,0.350289,0.56831,,27893600,,
0,2,,0.055041,0.160912,0.784047,,29767300,,
0,2,,0.045346,0.126174,0.82848,,31442500,,
0,2,,0.202492,0.154021,0.643487,,32022000,,
0,2,,0.074594,0.136375,0.78903,,44848200,,
0,2,,0.156793,0.179749,0.663457,,47962600,,
0,2,,0.327579,0.255891,0.41653,,39434500,,
0,2,,0.262653,0.304508,0.432839,,27433600,,
0,1,,0.220776,0.419465,0.359758,,28832000,,
0,2,,0.047682,0.209111,0.743207,,27357300,,
0,2,,0.07386,0.119698,0.806441,,30208800,,
0,1,,0.078749,0.636719,0.284533,,31093400,,
0,2,,0.085467,0.390481,0.524051,,27638400,,
0,2,,0.024855,0.202287,0.772857,,28098100,,
0,2,,0.141212,0.139408,0.719379,,31682200,,
0,2,,0.040501,0.062961,0.896538,,27995600,,
0,2,,0.20409,0.130364,0.665547,,26407400,,
0,2,,0.223573,0.247567,0.52886,,26052000,,
0,2,,0.07987,0.281388,0.638742,,31999900,,
0,2,,0.171907,0.354315,0.473778,,29582300,,
0,2,,0.195155,0.306014,0.498831,,25961100,,
0,2,,0.047758,0.253023,0.699219,,26456600,,
0,2,,0.114114,0.16395,0.721936,,26320100,,
0,2,,0.147714,0.399788,0.452499,,26609300,,
0,2,,0.073169,0.130362,0.796468,,26393200,,
0,2,,0.078723,0.379808,0.541469,,26269900,,
0,2,,0.057875,0.25685,0.685275,,27002900,,
0,2,,0.137378,0.362313,0.500309,,26225800,,
0,2,,0.056042,0.469845,0.474113,,26457100,,
0,2,,0.051709,0.265547,0.682744,,27002500,,
0,2,,0.100598,0.352402,0.547,,26596400,,
0,2,,0.166104,0.108005,0.725891,,28698000,,
0,2,,0.250828,0.157948,0.591224,,26563200,,
0,2,,0.285467,0.314003,0.40053,,26658000,,
0,1,,0.113775,0.561475,0.32475,,27117600,,
0,2,,0.139401,0.154764,0.705835,,27236300,,
0,1,,0.047352,0.580971,0.371677,,26814400,,
0,2,,0.072984,0.363308,0.563708,,26373000,,
0,2,,0.101992,0.29958,0.598427,,26728400,,
0,2,,0.061482,0.453676,0.484842,,27286400,,
0,1,,0.108829,0.484676,0.406495,,27515600,,
0,2,,0.311019,0.143631,0.54535,,26521200,,
0,2,,0.230479,0.370979,0.398542,,26571600,,
0,2,,0.060174,0.37016,0.569665,,26558300,,
0,2,,0.329484,0.312352,0.358164,,26666500,,
0,2,,0.205604,0.270044,0.524351,,27075600,,
0,2,,0.151461,0.142135,0.706404,,26431700,,
0,2,,0.069683,0.251064,0.679253,,27040500,,
0,2,,0.086638,0.12208,0.791282,,27052700,,
0,2,,0.168522,0.377698,0.45378,,27126500,,
0,1,,0.140779,0.440727,0.418494,,27630000,,
0,2,,0.139979,0.417224,0.442797,,27063200,,
0,2,,0.049998,0.25318,0.696822,,26448300,,
0,2,,0.277878,0.207814,0.514308,,26221700,,
0,2,,0.311265,0.124968,0.563767,,26344500,,
0,2,,0.085825,0.441227,0.472948,,27376400,,
0,2,,0.196271,0.195112,0.608617,,27440700,,
0,2,,0.070533,0.222109,0.707359,,26167500,,
0,2,,0.056733,0.119946,0.823321,,26652200,,
0,1,,0.040913,0.494492,0.464595,,26371700,,
0,2,,0.161781,0.212585,0.625633,,26523100,,
0,2,,0.27344,0.342128,0.384432,,37437200,,
0,2,,0.065021,0.133624,0.801355,,38094500,,
0,1,,0.335914,0.355129,0.308956,,43929700,,
0,2,,0.117699,0.201223,0.681079,,37793900,,
0,2,,0.073197,0.128923,0.797879,,29898400,,
0,2,,0.38992,0.182872,0.427207,,32974400,,
0,1,,0.269252,0.482022,0.248726,,35832900,,
0,2,,0.33414,0.179294,0.486566,,28497100,,
0,2,,0.274895,0.340234,0.384872,,26749000,,
0,2,,0.398239,0.13945,0.462311,,26392400,,
0,2,,0.072718,0.0925,0.834781,,26344300,,
0,2,,0.092552,0.240308,0.66714,,26585800,,
0,2,,0.305122,0.181675,0.513203,,26561500,,
0,2,,0.08287,0.131965,0.785165,,26729500,,
0,2,,0.042246,0.390825,0.566929,,29041200,,
0,2,,0.406264,0.151431,0.442304,,26433000,,
0,2,,0.069327,0.122522,0.808151,,26552100,,
0,1,,0.047207,0.519466,0.433326,,26259300,,
0,2,,0.435972,0.106287,0.45774,,27339400,,
0,2,,0.063735,0.147516,0.788749,,26827000,,
0,1,,0.068041,0.674995,0.256964,,26465400,,
0,1,,0.13692,0.515141,0.347939,,26775400,,
0,1,,0.090253,0.691128,0.218619,,26666900,,
0,2,,0.050991,0.264553,0.684456,,26376100,,
0,2,,0.136014,0.174301,0.689685,,27090800,,
0,1,,0.173572,0.629388,0.19704,,26539500,,
0,2,,0.231586,0.321631,0.446783,,26765600,,
0,2,,0.391508,0.199504,0.408988,,26432700,,
0,2,,0.163603,0.36902,0.467377,,26623000,,
0,2,,0.252863,0.121155,0.625982,,27065900,,
0,2,,0.247897,0.104417,0.647686,,26677700,,
0,2,,0.063109,0.204851,0.73204,,26468000,,
0,2,,0.117736,0.196162,0.686102,,26542400,,
0,1,,0.216463,0.447918,0.335619,,26305600,,
0,2,,0.28704,0.112143,0.600817,,26984400,,
0,2,,0.067323,0.131389,0.801287,,26820600,,
0,2,,0.073718,0.285286,0.640996,,25607200,,
0,2,,0.260955,0.150434,0.588611,,26899600,,
0,2,,0.093776,0.134583,0.771641,,25486000,,
0,1,,0.070482,0.514441,0.415077,,27068700,,
0,1,,0.047794,0.480743,0.471463,,26574500,,
0,2,,0.208147,0.270565,0.521288,,26480300,,
0,2,,0.271879,0.157151,0.57097,,26351700,,
0,2,,0.061255,0.454292,0.484454,,26359600,,
0,1,,0.118861,0.487827,0.393312,,26527500,,
0,2,,0.068588,0.136763,0.794648,,26762300,,
0,2,,0.131147,0.269904,0.598949,,26511200,,
0,2,,0.250919,0.104897,0.644185,,26441100,,
0,2,,0.194154,0.296828,0.509018,,26268800,,
0,2,,0.135298,0.318905,0.545796,,26336000,,
0,2,,0.120514,0.207143,0.672343,,26490300,,
0,1,,0.198937,0.486694,0.314369,,26691900,,
0,2,,0.322028,0.239491,0.438481,,26889200,,
0,2,,0.247405,0.256821,0.495774,,26674000,,
0,1,,0.065692,0.628513,0.305795,,26082100,,
0,2,,0.107711,0.158203,0.734086,,26233900,,
0,1,,0.113815,0.624058,0.262128,,27474800,,
0,2,,0.112515,0.141331,0.746154,,26397300,,
0,1,,0.077885,0.544757,0.377358,,29020500,,
0,2,,0.292467,0.134824,0.572709,,29881000,,
0,2,,0.098157,0.245895,0.655948,,26424900,,
0,2,,0.069014,0.413847,0.517139,,26809200,,
0,1,,0.34244,0.371977,0.285583,,26482400,,
0,1,,0.039609,0.689074,0.271316,,26455900,,
0,2,,0.049699,0.202805,0.747496,,26340400,,
0,0,,0.395711,0.335118,0.269171,,26104500,,
0,2,,0.186249,0.274287,0.539464,,27400200,,
0,1,,0.102648,0.504659,0.392693,,26847000,,
0,2,,0.062032,0.20953,0.728439,,26667800,,
0,2,,0.328017,0.228041,0.443942,,26734400,,
0,2,,0.391473,0.196884,0.411643,,26691000,,
0,1,,0.093465,0.560267,0.346268,,26459500,,
0,2,,0.219841,0.280365,0.499794,,27286300,,
0,2,,0.071548,0.153336,0.775116,,26692100,,
0,2,,0.395147,0.116576,0.488276,,26641800,,
0,2,,0.408464,0.162138,0.429399,,26594400,,
0,2,,0.201909,0.082423,0.715668,,26608500,,
0,2,,0.162449,0.270528,0.567022,,26838700,,
0,1,,0.163274,0.485102,0.351624,,27637100,,
0,2,,0.101185,0.234449,0.664366,,27470200,,
0,2,,0.327897,0.120011,0.552092,,28808200,,
0,0,,0.422566,0.178083,0.399351,,29611800,,
0,0,,0.420666,0.175007,0.404327,,27548200,,
0,1,,0.089113,0.541003,0.369884,,31662800,,
0,2,,0.083727,0.414017,0.502256,,35009800,,
0,2,,0.196715,0.291091,0.512193,,34338000,,
0,1,,0.071226,0.524643,0.40413,,35776100,,
0,2,,0.06094,0.385054,0.554006,,33953600,,
0,2,,0.28176,0.287973,0.430267,,36458800,,
0,2,,0.222673,0.31852,0.458807,,31608100,,
0,2,,0.172741,0.160689,0.666571,,35796400,,
0,2,,0.069366,0.137075,0.793559,,39400200,,
0,2,,0.266815,0.219444,0.513741,,39825400,,
0,2,,0.166559,0.109785,0.723656,,39262600,,
0,2,,0.082131,0.344681,0.573188,,34447100,,
0,0,,0.401166,0.242059,0.356775,,35841600,,
0,2,,0.205635,0.249697,0.544668,,34428700,,
0,1,,0.079211,0.563984,0.356805,,36613600,,
0,2,,0.058097,0.360382,0.58152,,35589600,,
0,2,,0.063969,0.22329,0.712741,,34309000,,
0,1,,0.064878,0.532021,0.4031,,33340000,,
0,2,,0.325826,0.304724,0.36945,,32485700,,
0,2,,0.119362,0.225631,0.655007,,30318900,,
0,2,,0.270318,0.231105,0.498577,,33744500,,
0,1,,0.111158,0.623386,0.265456,,34161000,,
0,2,,0.298037,0.203638,0.498325,,34861600,,
0,2,,0.124473,0.38864,0.486887,,36888600,,
0,2,,0.363746,0.2298,0.406453,,33264900,,
0,2,,0.164993,0.329341,0.505666,,32372600,,
0,2,,0.087097,0.452354,0.460549,,25814200,,
0,2,,0.140975,0.349814,0.509211,,26366800,,
0,2,,0.262586,0.105009,0.632405,,27122400,,
0,2,,0.137314,0.185535,0.677151,,26666400,,
0,1,,0.093691,0.638781,0.267528,,26618600,,
0,2,,0.410818,0.145191,0.443991,,26706400,,
0,2,,0.221055,0.166314,0.612631,,26598700,,
0,2,,0.139463,0.307758,0.55278,,26561400,,
0,2,,0.38906,0.1964,0.41454,,27557100,,
0,2,,0.118883,0.268001,0.613117,,26594000,,
0,2,,0.105309,0.160616,0.734076,,27964500,,
0,1,,0.154477,0.451605,0.393918,,27989900,,
0,2,,0.203772,0.112694,0.683534,,26199400,,
0,1,,0.176075,0.504101,0.319825,,27630100,,
0,2,,0.060329,0.176605,0.763066,,27960600,,
0,1,,0.090745,0.464128,0.445128,,26134000,,
0,2,,0.056978,0.188275,0.754747,,27983500,,
0,1,,0.111696,0.485155,0.403149,,29479500,,
0,2,,0.082789,0.302202,0.615009,,25944000,,
0,2,,0.213889,0.199674,0.586437,,25966800,,
0,2,,0.299071,0.167837,0.533092,,27093200,,
0,2,,0.080587,0.188258,0.731155,,27596200,,
0,2,,0.122954,0.163974,0.713072,,25945800,,
0,2,,0.100465,0.261822,0.637714,,29405500,,
0,2,,0.070492,0.310201,0.619307,,29176700,,
0,2,,0.150996,0.190297,0.658708,,26583900,,
0,2,,0.171498,0.141882,0.68662,,26466200,,
0,0,,0.426491,0.234718,0.338791,,27185000,,
0,1,,0.124991,0.514201,0.360808,,26782100,,
0,1,,0.114916,0.610839,0.274245,,26962600,,
0,2,,0.196139,0.179205,0.624656,,27128900,,
0,2,,0.18131,0.187349,0.631341,,26787800,,
0,2,,0.280815,0.122822,0.596363,,27265500,,
0,2,,0.311283,0.301958,0.386759,,25992500,,
0,2,,0.38341,0.151211,0.465379,,28051000,,
0,2,,0.035275,0.446214,0.518512,,27086000,,
0,1,,0.265654,0.466237,0.268109,,28113700,,
0,2,,0.061672,0.319889,0.618438,,26718200,,
0,1,,0.181576,0.417483,0.400941,,27244000,,
0,2,,0.20978,0.252051,0.538169,,27975900,,
0,2,,0.195247,0.12245,0.682303,,26503200,,
0,1,,0.149917,0.528955,0.321128,,27775700,,
0,2,,0.065382,0.0933,0.841319,,27554700,,
0,2,,0.290003,0.179523,0.530474,,28875400,,
0,2,,0.229601,0.199292,0.571107,,27760700,,
0,2,,0.1243,0.129925,0.745775,,27929300,,
0,2,,0.060822,0.10934,0.829838,,26027800,,
0,1,,0.113935,0.478241,0.407825,,26573300,,
0,2,,0.148728,0.182845,0.668428,,27212000,,
0,1,,0.082626,0.495365,0.422009,,26936300,,
0,1,,0.233313,0.439799,0.326887,,28066000,,
0,2,,0.270381,0.127797,0.601822,,26398400,,
0,2,,0.239411,0.245335,0.515254,,27653300,,
0,1,,0.157001,0.47657,0.366429,,27577400,,
0,2,,0.060505,0.451772,0.487723,,26941900,,
0,2,,0.123052,0.383835,0.493113,,27968700,,
0,2,,0.057063,0.250346,0.692591,,27099800,,
0,2,,0.156008,0.415371,0.428621,,26552100,,
0,2,,0.138893,0.22884,0.632267,,26944100,,
0,1,,0.084266,0.499047,0.416687,,26643800,,
0,1,,0.259776,0.426941,0.313283,,31555300,,
0,2,,0.287602,0.306774,0.405624,,27706600,,
0,2,,0.090652,0.160201,0.749148,,27251900,,
0,2,,0.175109,0.114829,0.710062,,33536800,,
0,2,,0.379396,0.168166,0.452439,,28440700,,
0,1,,0.083906,0.500165,0.415929,,28581400,,
0,2,,0.133253,0.1835,0.683247,,28159300,,
0,2,,0.031723,0.338993,0.629285,,28431200,,
0,2,,0.28513,0.297164,0.417707,,28515800,,
0,2,,0.177656,0.386572,0.435772,,27429600,,
0,2,,0.141563,0.414571,0.443866,,28280100,,
0,2,,0.064393,0.114061,0.821545,,28219800,,
0,2,,0.089919,0.209638,0.700443,,27372700,,
0,2,,0.12671,0.313467,0.559822,,29744800,,
0,2,,0.136922,0.396966,0.466113,,27589300,,
0,1,,0.202022,0.547586,0.250393,,29351600,,
0,2,,0.086479,0.158588,0.754933,,29040300,,
0,1,,0.199509,0.521821,0.27867,,28303200,,
0,2,,0.142889,0.297244,0.559868,,28021500,,
0,2,,0.170769,0.242175,0.587057,,27538600,,
0,2,,0.064282,0.098635,0.837083,,27303800,,
0,2,,0.190858,0.123221,0.685921,,29145300,,
0,2,,0.258428,0.226812,0.51476,,27077900,,
0,2,,0.213912,0.281084,0.505004,,27505600,,
0,2,,0.048901,0.475245,0.475854,,28037500,,
0,2,,0.055199,0.145713,0.799088,,26627600,,
0,2,,0.320848,0.180306,0.498846,,28730400,,
0,2,,0.103704,0.197318,0.698978,,29063800,,
0,1,,0.078284,0.593299,0.328417,,27846600,,
0,2,,0.289456,0.198203,0.512341,,27786900,,
0,2,,0.059525,0.13224,0.808235,,27007400,,
0,1,,0.107017,0.458384,0.434599,,27783500,,
0,2,,0.080514,0.404507,0.514979,,28874500,,
0,1,,0.25051,0.377525,0.371965,,32605000,,
0,2,,0.15171,0.223784,0.624506,,30569800,,
0,0,,0.422497,0.169848,0.407655,,32209700,,
0,2,,0.276058,0.197082,0.52686,,34218100,,
0,2,,0.103873,0.146012,0.750114,,34606600,,
0,2,,0.105344,0.184775,0.709882,,35834700,,
0,1,,0.080032,0.489088,0.43088,,28020000,,
0,2,,0.3748,0.190192,0.435008,,26511600,,
0,1,,0.124794,0.453673,0.421532,,27782100,,
0,0,,0.507735,0.254653,0.237612,,28192700,,
0,2,,0.119455,0.176767,0.703779,,34236300,,
0,2,,0.247709,0.203584,0.548707,,34015300,,
0,2,,0.205026,0.294633,0.500341,,28863400,,
0,2,,0.11258,0.274174,0.613247,,26075200,,
0,2,,0.114117,0.140257,0.745626,,26299000,,
0,2,,0.117176,0.092297,0.790527,,26374400,,
0,2,,0.191306,0.122155,0.686538,,29492700,,
0,1,,0.184445,0.461771,0.353783,,27695800,,
0,2,,0.16572,0.128998,0.705281,,25979200,,
0,2,,0.063381,0.339899,0.59672,,34868600,,
0,2,,0.061373,0.114117,0.82451,,45329300,,
0,2,,0.087661,0.313191,0.599147,,33406800,,
0,2,,0.091104,0.449602,0.459294,,31783200,,
0,2,,0.334502,0.153192,0.512306,,32158400,,
0,2,,0.058821,0.148075,0.793104,,30226600,,
0,2,,0.196553,0.388368,0.415078,,29299800,,
0,2,,0.077088,0.327783,0.595129,,30982300,,
0,2,,0.272067,0.233,0.494933,,27493600,,
0,1,,0.05664,0.545216,0.398143,,30047000,,
0,2,,0.185949,0.247761,0.56629,,25850200,,
0,2,,0.258798,0.173085,0.568117,,29414700,,
0,2,,0.125944,0.323838,0.550218,,27350800,,
0,2,,0.112717,0.222192,0.665091,,25689100,,
0,2,,0.100783,0.442348,0.456869,,26711700,,
0,2,,0.379934,0.21937,0.400696,,26098400,,
0,2,,0.068643,0.444442,0.486915,,27587000,,
0,2,,0.386447,0.210171,0.403382,,30884100,,
0,2,,0.382418,0.227132,0.390449,,30002500,,
0,2,,0.152368,0.122919,0.724713,,26017400,,
0,1,,0.104675,0.516683,0.378641,,26465400,,
0,2,,0.225471,0.181398,0.593131,,26415300,,
0,1,,0.099664,0.707761,0.192575,,27172200,,
0,2,,0.147819,0.266947,0.585234,,29315700,,
0,1,,0.164167,0.523817,0.312016,,30769400,,
0,1,,0.050355,0.716524,0.233121,,26752800,,
0,2,,0.179414,0.3859,0.434686,,26025300,,
0,2,,0.059174,0.261493,0.679333,,26465300,,
0,2,,0.066691,0.29952,0.633789,,25870000,,
0,2,,0.110022,0.203347,0.686631,,26142500,,
0,2,,0.078548,0.154463,0.766989,,25998500,,
0,2,,0.156883,0.415924,0.427193,,25938200,,
0,2,,0.12583,0.179566,0.694603,,26415100,,
0,2,,0.286369,0.130138,0.583493,,26406800,,
0,2,,0.029673,0.283559,0.686768,,26523700,,
0,2,,0.275562,0.147392,0.577045,,26458100,,
0,1,,0.069889,0.491031,0.43908,,26281200,,
0,2,,0.155003,0.160141,0.684856,,26302800,,
0,2,,0.076116,0.122485,0.8014,,26513000,,
0,2,,0.079743,0.199653,0.720605,,25629500,,
0,2,,0.122714,0.272656,0.60463,,26338700,,
0,1,,0.086961,0.529711,0.383328,,26077000,,
0,2,,0.319608,0.275189,0.405203,,25864700,,
0,2,,0.108992,0.298251,0.592757,,29202800,,
0,1,,0.124679,0.512096,0.363225,,27477800,,
0,2,,0.057091,0.222573,0.720336,,27615800,,
0,2,,0.09663,0.36235,0.54102,,30452800,,
0,2,,0.388269,0.096854,0.514877,,28783500,,
0,2,,0.383831,0.182314,0.433855,,28584100,,
0,2,,0.383237,0.099587,0.517177,,28691300,,
0,2,,0.251185,0.356324,0.39249,,27468800,,
0,1,,0.219302,0.493522,0.287176,,26765400,,
0,2,,0.287476,0.153829,0.558695,,27248500,,
0,2,,0.054348,0.448585,0.497067,,28209800,,
0,1,,0.172633,0.501756,0.325611,,27087900,,
0,2,,0.145597,0.14137,0.713033,,28096300,,
0,2,,0.22617,0.323094,0.450736,,27108300,,
0,2,,0.271955,0.225766,0.50228,,26582200,,
0,1,,0.127828,0.512991,0.359182,,25911000,,
0,2,,0.242208,0.358112,0.399679,,26485300,,
0,2,,0.057749,0.354462,0.58779,,26204100,,
0,1,,0.119796,0.498644,0.38156,,25812900,,
0,2,,0.29494,0.113631,0.591428,,26210900,,
0,2,,0.048337,0.244188,0.707474,,25809300,,
0,2,,0.11807,0.137438,0.744492,,26461700,,
0,2,,0.088864,0.243623,0.667514,,26427200,,
0,2,,0.127802,0.171222,0.700976,,29489400,,
0,2,,0.057866,0.097155,0.844979,,26626100,,
0,2,,0.199402,0.173689,0.626908,,27460500,,
0,2,,0.289611,0.189061,0.521329,,27835300,,
0,2,,0.081406,0.111064,0.807531,,26631600,,
0,2,,0.027007,0.303637,0.669357,,28729300,,
0,2,,0.048542,0.380903,0.570556,,27917700,,
0,2,,0.132997,0.355669,0.511334,,25460600,,
0,2,,0.246632,0.274996,0.478372,,26113200,,
0,2,,0.249553,0.366879,0.383568,,26577700,,
0,2,,0.216728,0.124876,0.658396,,26543800,,
0,2,,0.049381,0.195049,0.75557,,26223400,,
0,2,,0.163771,0.415563,0.420667,,26317100,,
0,2,,0.070323,0.129061,0.800616,,26342900,,
0,2,,0.090283,0.169281,0.740435,,26648600,,
0,2,,0.069703,0.215072,0.715225,,25525000,,
0,2,,0.041731,0.340225,0.618044,,27115500,,
0,2,,0.324839,0.260028,0.415133,,26296800,,
0,1,,0.25087,0.465132,0.283998,,29473300,,
0,2,,0.124344,0.143897,0.731759,,26691900,,
0,2,,0.350737,0.152914,0.496349,,26638500,,
0,2,,0.13537,0.253484,0.611146,,26323700,,
0,2,,0.117873,0.386668,0.495459,,26636800,,
0,1,,0.080599,0.466995,0.452406,,26235500,,
0,2,,0.094369,0.251396,0.654235,,27440500,,
0,0,,0.442699,0.130551,0.42675,,33576500,,
0,2,,0.066654,0.057594,0.875752,,32580800,,
0,2,,0.164461,0.055989,0.77955,,45113200,,
0,2,,0.161772,0.205604,0.632624,,38222400,,
0,2,,0.121751,0.13201,0.746239,,33606900,,
0,2,,0.053423,0.217825,0.728752,,33630800,,
0,2,,0.382055,0.165874,0.452072,,32749300,,
0,2,,0.28251,0.257779,0.459711,,33496200,,
0,2,,0.160687,0.417215,0.422097,,27542900,,
0,2,,0.10214,0.21949,0.67837,,25362500,,
0,2,,0.102992,0.11988,0.777128,,25395600,,
0,2,,0.075715,0.266591,0.657695,,25761300,,
0,1,,0.205841,0.40039,0.393769,,29885200,,
0,2,,0.076291,0.212366,0.711344,,26660800,,
0,2,,0.135943,0.305601,0.558456,,26834100,,
0,1,,0.130686,0.477911,0.391403,,25066900,,
0,2,,0.107536,0.170893,0.721571,,25797500,,
0,2,,0.18475,0.406439,0.408811,,24779800,,
0,2,,0.269601,0.355292,0.375107,,24755700,,
0,2,,0.160894,0.404089,0.435016,,26049600,,
0,2,,0.224526,0.26335,0.512124,,25290600,,
0,2,,0.042147,0.13358,0.824274,,25187700,,
0,2,,0.098745,0.336854,0.564401,,25361000,,
0,2,,0.055597,0.272796,0.671607,,25056000,,
0,2,,0.120691,0.31438,0.564929,,25721600,,
0,2,,0.115663,0.349514,0.534823,,25991400,,
0,2,,0.240025,0.312839,0.447136,,26449300,,
0,0,,0.424809,0.222717,0.352474,,25596700,,
0,2,,0.072273,0.099571,0.828156,,25264100,,
0,0,,0.420055,0.246756,0.333189,,25180600,,
0,0,,0.472183,0.176038,0.351779,,25937900,,
0,2,,0.046929,0.182472,0.770599,,25780400,,
0,2,,0.082271,0.234239,0.68349,,28412600,,
0,2,,0.208439,0.357385,0.434176,,26340500,,
0,2,,0.251003,0.157845,0.591152,,33642200,,
0,2,,0.246281,0.142184,0.611534,,25626000,,
0,2,,0.18457,0.205197,0.610233,,25590300,,
0,2,,0.092811,0.219509,0.68768,,27442900,,
0,1,,0.057903,0.534283,0.407813,,28472900,,
0,2,,0.077528,0.25988,0.662591,,30139100,,
0,1,,0.282461,0.467841,0.249698,,34388700,,
0,2,,0.274867,0.280331,0.444802,,38265500,,
0,2,,0.410514,0.175991,0.413495,,30572600,,
0,2,,0.18123,0.209528,0.609242,,26068600,,
0,2,,0.354359,0.188563,0.457078,,29933100,,
0,2,,0.074526,0.268712,0.656762,,29523200,,
0,1,,0.129458,0.543697,0.326845,,29613600,,
0,2,,0.239978,0.176087,0.583935,,30021600,,
0,2,,0.09059,0.110705,0.798704,,28508400,,
0,1,,0.220143,0.399833,0.380024,,32125600,,
0,1,,0.168477,0.467091,0.364432,,27501600,,
0,2,,0.109792,0.326779,0.563429,,26419400,,
0,2,,0.307504,0.173688,0.518808,,26694600,,
0,2,,0.092964,0.31526,0.591776,,26578600,,
0,1,,0.18095,0.457563,0.361487,,26431500,,
0,2,,0.215972,0.210341,0.573687,,27245700,,
0,2,,0.266387,0.235693,0.49792,,28079300,,
0,1,,0.113669,0.623992,0.262339,,27042500,,
0,1,,0.349856,0.363672,0.286472,,27291200,,
0,2,,0.113231,0.376264,0.510505,,26057400,,
0,2,,0.2192,0.262861,0.517939,,25961600,,
0,2,,0.3268,0.291825,0.381375,,27153900,,
0,2,,0.0768,0.127672,0.795528,,26662300,,
0,1,,0.134121,0.5598,0.306079,,26129000,,
0,2,,0.102844,0.38305,0.514106,,26621500,,
0,1,,0.124346,0.621387,0.254267,,26910700,,
0,2,,0.114531,0.38791,0.497558,,27703000,,
0,2,,0.067721,0.353096,0.579183,,27155300,,
0,2,,0.225234,0.225554,0.549212,,27324000,,
0,1,,0.061518,0.591554,0.346929,,27277300,,
0,2,,0.100188,0.141502,0.758309,,27895000,,
0,2,,0.119492,0.251485,0.629022,,33646500,,
0,1,,0.339645,0.376057,0.284298,,33686600,,
0,2,,0.127308,0.228283,0.644408,,40738300,,
0,2,,0.222243,0.31748,0.460277,,30493100,,
0,2,,0.088952,0.454893,0.456155,,28195700,,
0,1,,0.107917,0.532254,0.359829,,26598400,,
0,2,,0.058962,0.350243,0.590795,,26074400,,
0,2,,0.197475,0.114813,0.687713,,26508300,,
0,2,,0.189568,0.088187,0.722245,,26447300,,
0,2,,0.344856,0.168006,0.487137,,26624500,,
0,2,,0.185375,0.286889,0.527735,,26899000,,
0,1,,0.049388,0.556318,0.394294,,26839000,,
0,2,,0.069354,0.373985,0.556661,,26816900,,
0,2,,0.065558,0.135995,0.798447,,26531800,,
0,2,,0.055052,0.203671,0.741277,,27050300,,
0,2,,0.0923,0.10707,0.80063,,26786400,,
0,2,,0.236593,0.295363,0.468043,,26550100,,
0,1,,0.079021,0.626612,0.294366,,27663200,,
0,2,,0.089996,0.078736,0.831268,,25871800,,
0,2,,0.177512,0.214224,0.608263,,26636700,,
0,2,,0.20932,0.179316,0.611363,,26927300,,
0,2,,0.124871,0.137084,0.738045,,26286000,,
0,2,,0.148627,0.152927,0.698446,,26742100,,
0,2,,0.1163,0.403518,0.480182,,26778900,,
0,2,,0.204069,0.35442,0.441512,,28352500,,
0,2,,0.406872,0.178448,0.41468,,29585300,,
0,2,,0.205809,0.150812,0.643378,,26299000,,
0,2,,0.245832,0.233935,0.520233,,26596300,,
0,0,,0.371885,0.321697,0.306419,,26101100,,
0,2,,0.056273,0.4105,0.533227,,26078500,,
0,2,,0.082486,0.432603,0.484911,,26250100,,
0,2,,0.185892,0.262525,0.551583,,26417300,,
0,2,,0.09295,0.143542,0.763508,,26217800,,
0,2,,0.160893,0.16151,0.677597,,26174900,,
0,1,,0.113572,0.536583,0.349845,,32653600,,
0,2,,0.067019,0.242228,0.690753,,31608500,,
0,2,,0.087515,0.273318,0.639167,,27342000,,
0,1,,0.054627,0.577702,0.36767,,27300900,,
0,1,,0.161837,0.483047,0.355116,,26323600,,
0,2,,0.061897,0.357554,0.580549,,27109600,,
0,2,,0.115833,0.334797,0.54937,,26988600,,
0,2,,0.118114,0.221668,0.660217,,26606800,,
0,2,,0.212389,0.365355,0.422256,,27045200,,
0,2,,0.068733,0.364186,0.567081,,26891300,,
0,2,,0.253116,0.147461,0.599424,,26666800,,
0,2,,0.380396,0.22519,0.394414,,27427000,,
0,2,,0.069989,0.191291,0.73872,,27277200,,
0,2,,0.109587,0.324828,0.565585,,26669800,,
0,2,,0.06975,0.330214,0.600036,,27040300,,
0,2,,0.065049,0.061085,0.873866,,26878400,,
0,2,,0.309229,0.121969,0.568802,,26392300,,
0,2,,0.183298,0.16377,0.652932,,27285600,,
0,1,,0.053998,0.486705,0.459297,,27175200,,
0,2,,0.231397,0.252815,0.515788,,26808800,,
0,2,,0.090532,0.297381,0.612087,,27004800,,
0,2,,0.061352,0.357077,0.581572,,26731900,,
0,2,,0.211763,0.20737,0.580867,,27365000,,
0,2,,0.199106,0.115655,0.685239,,27156700,,
0,2,,0.093957,0.15458,0.751463,,27164400,,
0,2,,0.127789,0.423955,0.448256,,25914100,,
0,2,,0.349098,0.097149,0.553753,,26017500,,
0,2,,0.415416,0.129729,0.454855,,26907000,,
0,2,,0.153276,0.351172,0.495552,,27666200,,
0,2,,0.056153,0.169173,0.774675,,26964600,,
0,1,,0.142801,0.44749,0.409709,,26582800,,
0,2,,0.148057,0.407176,0.444767,,26544000,,
0,2,,0.107477,0.392013,0.500511,,26170800,,
0,1,,0.094381,0.58085,0.324769,,26507000,,
0,2,,0.129197,0.271256,0.599547,,27298900,,
0,2,,0.109932,0.174556,0.715512,,26811200,,
0,2,,0.141013,0.335666,0.523321,,26808700,,
0,2,,0.251266,0.277207,0.471527,,27128700,,
0,1,,0.147479,0.508586,0.343935,,28338300,,
0,2,,0.182785,0.086615,0.7306,,27093400,,
0,2,,0.098547,0.23402,0.667433,,26964800,,
0,2,,0.245788,0.238047,0.516166,,28075500,,
0,1,,0.227291,0.433122,0.339587,,27224700,,
0,2,,0.17495,0.387174,0.437876,,30180700,,
0,1,,0.130506,0.642128,0.227366,,27086900,,
0,1,,0.339963,0.345668,0.314369,,27344000,,
0,2,,0.047232,0.443638,0.50913,,27167600,,
0,2,,0.04241,0.236522,0.721068,,26145200,,
0,2,,0.148844,0.164812,0.686344,,26448400,,
0,2,,0.121755,0.386868,0.491377,,27726800,,
0,2,,0.139306,0.146684,0.714011,,26586500,,
0,2,,0.229622,0.315475,0.454902,,26665500,,
0,2,,0.162517,0.350596,0.486887,,27302500,,
0,2,,0.137565,0.156866,0.705569,,26476400,,
0,2,,0.060018,0.139648,0.800335,,27108200,,
0,2,,0.039838,0.113545,0.846617,,27133300,,
0,1,,0.235316,0.402888,0.361796,,28486400,,
0,2,,0.336307,0.143445,0.520248,,26738700,,
0,1,,0.202214,0.44334,0.354446,,28030700,,
0,1,,0.082768,0.671157,0.246075,,26979600,,
0,2,,0.097495,0.381451,0.521054,,27924300,,
0,2,,0.09396,0.075973,0.830067,,27186600,,
0,2,,0.203724,0.25766,0.538616,,27185600,,
0,2,,0.149557,0.169625,0.680818,,26283400,,
0,2,,0.09721,0.284544,0.618247,,26138700,,
0,2,,0.189497,0.152129,0.658374,,27507000,,
0,1,,0.087003,0.573962,0.339035,,26969200,,
0,2,,0.081921,0.241287,0.676792,,26745600,,
0,2,,0.047411,0.30339,0.6492,,27361200,,
0,2,,0.090648,0.193665,0.715688,,26081400,,
0,1,,0.232442,0.552252,0.215306,,26758800,,
0,2,,0.088375,0.195856,0.715769,,26573900,,
0,2,,0.211803,0.095711,0.692486,,26989600,,
0,2,,0.165232,0.27433,0.560438,,27219300,,
0,0,,0.406345,0.268664,0.324991,,26544100,,
0,2,,0.31794,0.126007,0.556053,,27742800,,
0,2,,0.184033,0.213535,0.602432,,27253300,,
0,0,,0.507044,0.243145,0.249811,,26784400,,
0,2,,0.181654,0.353432,0.464914,,27504600,,
0,2,,0.138583,0.268771,0.592646,,28429900,,
0,2,,0.244373,0.116304,0.639323,,25899300,,
0,2,,0.233472,0.2913,0.475228,,26072900,,
0,2,,0.08727,0.247232,0.665497,,26403900,,
0,1,,0.108887,0.472096,0.419017,,26033200,,
0,2,,0.043154,0.425304,0.531541,,25712400,,
0,1,,0.080061,0.474614,0.445325,,30824600,,
0,2,,0.12111,0.151853,0.727036,,27211900,,
0,2,,0.240266,0.243219,0.516515,,26826600,,
0,2,,0.357196,0.152942,0.489862,,28588800,,
0,2,,0.117025,0.174643,0.708332,,27240300,,
0,2,,0.065906,0.289784,0.64431,,25569400,,
0,2,,0.0733,0.266782,0.659918,,25706200,,
0,2,,0.061565,0.467363,0.471072,,25917200,,
0,2,,0.259727,0.31747,0.422803,,25569200,,
0,2,,0.047336,0.371248,0.581416,,26174400,,
0,2,,0.117156,0.248124,0.63472,,25568900,,
0,2,,0.055081,0.212865,0.732053,,25241200,,
0,2,,0.188685,0.187224,0.624091,,26238400,,
0,0,,0.476213,0.256202,0.267586,,25972300,,
0,2,,0.103326,0.164131,0.732543,,26319300,,
0,2,,0.098683,0.262175,0.639142,,26472100,,
0,2,,0.072777,0.315621,0.611602,,26207400,,
0,2,,0.168147,0.335499,0.496355,,26596200,,
0,2,,0.129485,0.216154,0.654361,,26745500,,
0,2,,0.094058,0.189186,0.716756,,26366500,,
0,1,,0.187359,0.419618,0.393023,,26373300,,
0,2,,0.099005,0.149778,0.751217,,26926900,,
0,1,,0.182263,0.47496,0.342776,,26304700,,
0,2,,0.141385,0.206659,0.651955,,25705000,,
0,2,,0.268454,0.313253,0.418293,,26226200,,
0,1,,0.083195,0.527704,0.389102,,26360900,,
0,2,,0.402782,0.170735,0.426483,,26268900,,
0,2,,0.111466,0.190555,0.697979,,26733700,,
0,1,,0.177496,0.441438,0.381066,,26062500,,
0,0,,0.478314,0.243016,0.27867,,25505500,,
0,2,,0.054429,0.324723,0.620848,,25671700,,
0,2,,0.076143,0.357149,0.566709,,26351900,,
0,2,,0.138107,0.404119,0.457773,,27359100,,
0,0,,0.383505,0.306037,0.310458,,27932500,,
0,2,,0.153475,0.155751,0.690774,,26709500,,
0,2,,0.124682,0.097034,0.778284,,26701600,,
0,2,,0.13109,0.214421,0.654488,,26754000,,
0,2,,0.058922,0.108671,0.832407,,26452100,,
0,1,,0.07507,0.509181,0.415748,,26406400,,
0,2,,0.271828,0.347293,0.380879,,27292100,,
0,1,,0.058653,0.633807,0.307541,,29964100,,
0,2,,0.093142,0.453078,0.45378,,26406500,,
0,2,,0.186324,0.287053,0.526623,,26292800,,
0,2,,0.243574,0.250597,0.505828,,26309600,,
0,2,,0.271229,0.095052,0.633718,,26678100,,
0,2,,0.196807,0.218723,0.584469,,26239500,,
0,2,,0.323486,0.221901,0.454613,,26351300,,
0,1,,0.25351,0.446118,0.300372,,26327700,,
0,1,,0.069924,0.479862,0.450214,,25950300,,
0,2,,0.23887,0.14602,0.615109,,26324700,,
0,2,,0.376711,0.165772,0.457517,,26789900,,
0,2,,0.182299,0.134455,0.683246,,26340700,,
0,2,,0.324405,0.242607,0.432988,,26247400,,
0,2,,0.096217,0.10567,0.798113,,26315100,,
0,2,,0.324835,0.333273,0.341892,,26516600,,
0,2,,0.331422,0.131956,0.536622,,26375100,,
0,2,,0.270933,0.161353,0.567715,,25820800,,
0,2,,0.028703,0.257463,0.713834,,25567200,,
0,2,,0.132808,0.159281,0.707911,,25885700,,
0,2,,0.124344,0.18565,0.690006,,25441800,,
0,2,,0.099352,0.278602,0.622046,,26721500,,
0,2,,0.233821,0.353244,0.412935,,26023300,,
0,2,,0.076627,0.32696,0.596412,,25975700,,
0,2,,0.098636,0.28661,0.614753,,26776200,,
0,2,,0.021229,0.257331,0.721441,,26200800,,
0,2,,0.24829,0.290884,0.460826,,26462300,,
0,2,,0.073196,0.443338,0.483467,,26552400,,
0,2,,0.255049,0.313103,0.431848,,25731200,,
0,2,,0.218988,0.220417,0.560595,,25917100,,
0,2,,0.180952,0.354557,0.464491,,25842600,,
0,2,,0.203476,0.102092,0.694433,,25794000,,
0,2,,0.115202,0.382179,0.502619,,25982500,,
0,2,,0.202475,0.258923,0.538602,,26629700,,
0,1,,0.375211,0.407888,0.2169,,26557400,,
0,2,,0.097472,0.218239,0.684289,,26919600,,
0,2,,0.177165,0.218336,0.604498,,26174800,,
0,2,,0.060956,0.087505,0.85154,,26549500,,
0,2,,0.063709,0.149183,0.787108,,26583400,,
0,2,,0.103359,0.3312,0.565441,,27583800,,
0,2,,0.25055,0.22781,0.52164,,32589300,,
0,2,,0.14275,0.129889,0.727361,,29507800,,
0,1,,0.05694,0.484976,0.458083,,25310700,,
0,2,,0.098002,0.209638,0.69236,,26349200,,
0,1,,0.16151,0.492357,0.346133,,26541600,,
0,2,,0.074059,0.426356,0.499585,,25955300,,
0,2,,0.186092,0.122026,0.691882,,26091900,,
0,1,,0.150751,0.435261,0.413988,,25977900,,
0,1,,0.25195,0.399558,0.348492,,26286000,,
0,2,,0.149243,0.40963,0.441126,,26453700,,
0,0,,0.390403,0.220045,0.389552,,26929600,,
0,1,,0.165333,0.439829,0.394838,,26157800,,
0,2,,0.359652,0.209868,0.43048,,25848500,,
0,2,,0.119884,0.287582,0.592535,,25930700,,
0,2,,0.105961,0.143487,0.750552,,26666500,,
0,2,,0.103333,0.176625,0.720042,,26686100,,
0,1,,0.059982,0.570767,0.369252,,26116200,,
0,2,,0.118969,0.359658,0.521373,,25965900,,
0,0,,0.403906,0.233169,0.362925,,26436500,,
0,2,,0.065405,0.11214,0.822455,,26737200,,
0,1,,0.069194,0.479161,0.451645,,25236200,,
0,2,,0.238558,0.317964,0.443478,,25745500,,
0,2,,0.144496,0.396417,0.459086,,26224400,,
0,2,,0.256527,0.348776,0.394697,,26285100,,
0,2,,0.028318,0.416687,0.554995,,27479900,,
0,1,,0.211412,0.401287,0.387301,,26672800,,
0,2,,0.182284,0.334004,0.483712,,26450000,,
0,2,,0.086908,0.360858,0.552233,,26572900,,
0,2,,0.223516,0.365031,0.411453,,26044900,,
0,0,,0.365656,0.276893,0.357451,,25977500,,
0,2,,0.071374,0.119314,0.809311,,26564800,,
0,0,,0.361059,0.318972,0.31997,,26436200,,
0,1,,0.213543,0.430337,0.356119,,26236000,,
0,2,,0.194618,0.309874,0.495508,,26364800,,
0,1,,0.106076,0.506771,0.387153,,26310500,,
0,2,,0.232905,0.173888,0.593207,,26662200,,
0,2,,0.318815,0.21959,0.461595,,26612400,,
0,2,,0.065036,0.275368,0.659596,,26747300,,
0,2,,0.290003,0.203986,0.506011,,26643400,,
0,2,,0.394927,0.163525,0.441548,,26612600,,
0,2,,0.084008,0.177015,0.738977,,26592500,,
0,2,,0.215941,0.36808,0.415979,,26838500,,
0,2,,0.087584,0.10624,0.806177,,27093200,,
0,2,,0.350322,0.129507,0.52017,,26697200,,
0,1,,0.216542,0.446206,0.337252,,26914200,,
0,2,,0.082637,0.287291,0.630072,,25265100,,
0,2,,0.058352,0.303344,0.638304,,26397800,,
0,2,,0.154348,0.208907,0.636745,,26185200,,
0,2,,0.346183,0.134514,0.519303,,26855500,,
0,2,,0.158321,0.212897,0.628782,,26553900,,
0,2,,0.203002,0.229733,0.567265,,26410400,,
0,2,,0.237419,0.317444,0.445137,,26772300,,
0,1,,0.033981,0.638723,0.327296,,26917100,,
0,2,,0.071764,0.264283,0.663953,,26964300,,
0,1,,0.194217,0.444526,0.361257,,26564900,,
0,2,,0.050639,0.318442,0.630919,,26610900,,
0,2,,0.099439,0.148751,0.75181,,26528300,,
0,2,,0.291003,0.267352,0.441645,,26772100,,
0,2,,0.111506,0.19103,0.697464,,26627100,,
0,2,,0.21689,0.391358,0.391752,,25601800,,
0,0,,0.423254,0.21108,0.365666,,26142900,,
0,0,,0.417382,0.254236,0.328381,,26673300,,
0,1,,0.170529,0.505352,0.324118,,26704800,,
0,2,,0.20725,0.235476,0.557274,,26034800,,
0,1,,0.16928,0.477168,0.353552,,25869100,,
0,2,,0.08113,0.194223,0.724647,,25594300,,
0,2,,0.075647,0.254919,0.669433,,25642000,,
0,2,,0.179902,0.08784,0.732258,,26054300,,
0,2,,0.218991,0.350788,0.430221,,25809700,,
0,2,,0.330323,0.148531,0.521146,,26280700,,
0,2,,0.313667,0.233739,0.452594,,25918600,,
0,2,,0.200819,0.306091,0.49309,,25580400,,
0,2,,0.055391,0.455257,0.489352,,25844800,,
0,2,,0.225467,0.159212,0.615321,,26693700,,
0,0,,0.447193,0.108937,0.44387,,26443600,,
0,2,,0.35797,0.16663,0.4754,,28710000,,
0,2,,0.078658,0.102461,0.818881,,25777300,,
0,2,,0.080164,0.1799,0.739936,,24765200,,
0,2,,0.264522,0.325669,0.40981,,25707700,,
0,2,,0.099254,0.181908,0.718838,,26200500,,
0,2,,0.067754,0.244247,0.687999,,28332600,,
0,1,,0.33679,0.399511,0.2637,,25986600,,
0,2,,0.359871,0.185314,0.454815,,26247900,,
0,1,,0.145119,0.594004,0.260876,,26287100,,
0,1,,0.120341,0.518941,0.360717,,27830300,,
0,2,,0.199131,0.197635,0.603234,,27584500,,
0,1,,0.080818,0.462261,0.456921,,27215700,,
0,1,,0.093644,0.521267,0.385088,,27093300,,
0,2,,0.13107,0.32816,0.54077,,29309200,,
0,1,,0.207695,0.396862,0.395443,,26708100,,
0,2,,0.242502,0.331717,0.425781,,26222300,,
0,2,,0.176914,0.233625,0.589461,,26457000,,
0,2,,0.174604,0.221162,0.604234,,26716100,,
0,1,,0.065118,0.57366,0.361222,,26407800,,
0,2,,0.119511,0.148684,0.731805,,29647200,,
0,2,,0.294325,0.164856,0.540819,,27713900,,
0,2,,0.17346,0.225468,0.601072,,27014800,,
0,2,,0.046987,0.061988,0.891025,,26146500,,
0,2,,0.126411,0.175575,0.698014,,26307500,,
0,2,,0.255391,0.337259,0.407349,,27548000,,
0,2,,0.033958,0.296363,0.669678,,26829800,,
0,2,,0.061897,0.176528,0.761575,,26659900,,
0,2,,0.081289,0.162484,0.756227,,26921100,,
0,2,,0.0662,0.227835,0.705965,,26798600,,
0,1,,0.261708,0.381854,0.356438,,26456900,,
0,2,,0.17431,0.331473,0.494217,,27427500,,
0,2,,0.294151,0.232275,0.473574,,26943300,,
0,2,,0.216585,0.075017,0.708397,,26670900,,
0,2,,0.245768,0.29273,0.461501,,26698200,,
0,2,,0.147756,0.208797,0.643447,,26897300,,
0,2,,0.086472,0.340913,0.572616,,26929000,,
0,1,,0.149659,0.509502,0.340839,,26756600,,
0,1,,0.295128,0.368763,0.33611,,26656500,,
0,2,,0.286499,0.34464,0.368861,,26526100,,
0,2,,0.190512,0.30255,0.506938,,26551400,,
0,2,,0.10745,0.147206,0.745344,,26912900,,
0,2,,0.078533,0.202602,0.718865,,26619600,,
0,0,,0.450249,0.126601,0.42315,,26875200,,
0,1,,0.215431,0.406178,0.37839,,26912700,,
