connect-4,Tuned_CWT,test,3,NANOSECONDS,PREDICTIONS, Generated by ClassifierExperiments.java on 2022-05-16 00:13:31.    SYSTEMPROPERTIES:{user.name:matth,os.arch:amd64,os.name:Windows 10},ENDSYSTEMPROPERTIES
No parameter info
0.7596950858496152,48638200400,496235725300,-1,1201569856,3,,-1,-1
0,2,,0.210644,0.339538,0.449818,,48288200,,
0,2,,0.280301,0.319949,0.39975,,34663100,,
0,2,,0.10933,0.350196,0.540474,,35099600,,
0,2,,0.213105,0.216241,0.570654,,34539100,,
0,2,,0.101216,0.201407,0.697377,,35310900,,
0,2,,0.083199,0.243107,0.673694,,34588100,,
0,2,,0.170047,0.389951,0.440001,,36053200,,
0,2,,0.243419,0.249385,0.507196,,35969800,,
0,2,,0.112463,0.36931,0.518227,,35552000,,
0,2,,0.095105,0.181087,0.723808,,34153000,,
0,2,,0.084439,0.413889,0.501672,,33769500,,
0,2,,0.161949,0.182356,0.655695,,34577100,,
0,2,,0.116735,0.160264,0.723001,,34489500,,
0,2,,0.241974,0.202594,0.555432,,33988600,,
0,2,,0.089625,0.291517,0.618858,,34221700,,
0,2,,0.102953,0.159749,0.737297,,34479000,,
0,1,,0.045813,0.584468,0.369718,,34627400,,
0,2,,0.142851,0.399862,0.457287,,36106400,,
0,2,,0.05495,0.107927,0.837123,,34320200,,
0,2,,0.211708,0.200858,0.587434,,34185200,,
0,2,,0.134294,0.150052,0.715654,,35020400,,
0,2,,0.036827,0.300529,0.662644,,37872100,,
0,2,,0.067194,0.290809,0.641998,,44555500,,
0,2,,0.048833,0.271787,0.67938,,49471600,,
0,1,,0.098561,0.520101,0.381337,,46792800,,
0,1,,0.234268,0.415178,0.350554,,37479400,,
0,2,,0.071541,0.191541,0.736919,,37178600,,
0,2,,0.068762,0.314876,0.616362,,36727600,,
0,2,,0.286417,0.166487,0.547096,,39224100,,
0,2,,0.164358,0.186779,0.648862,,40660300,,
0,2,,0.062366,0.088364,0.849269,,36148500,,
0,2,,0.104828,0.156167,0.739004,,38022700,,
0,2,,0.17353,0.321726,0.504744,,34877700,,
0,2,,0.225524,0.244374,0.530102,,34803700,,
0,2,,0.079499,0.312065,0.608436,,39714600,,
0,2,,0.21148,0.344915,0.443605,,35046500,,
0,2,,0.274739,0.191437,0.533824,,34395700,,
0,2,,0.161272,0.207202,0.631525,,36429400,,
0,2,,0.29781,0.135621,0.566569,,39452700,,
0,2,,0.11517,0.204573,0.680257,,41964600,,
0,2,,0.22295,0.164677,0.612373,,34645100,,
0,2,,0.104204,0.33778,0.558016,,33759600,,
0,1,,0.222039,0.502645,0.275316,,36156100,,
0,2,,0.087559,0.189603,0.722838,,38072100,,
0,1,,0.077221,0.595348,0.327431,,35209900,,
0,2,,0.204883,0.172519,0.622598,,35507600,,
0,1,,0.217675,0.430185,0.35214,,35970900,,
0,2,,0.080161,0.397977,0.521861,,33594300,,
0,1,,0.228148,0.470518,0.301335,,39449800,,
0,2,,0.09921,0.186334,0.714456,,35200300,,
0,2,,0.090394,0.357685,0.551921,,35312700,,
0,2,,0.09216,0.156073,0.751766,,36027600,,
0,2,,0.09397,0.281179,0.624851,,36980600,,
0,2,,0.073213,0.147308,0.779479,,37202400,,
0,2,,0.132965,0.161099,0.705936,,35428700,,
0,2,,0.084896,0.177468,0.737636,,34957200,,
0,2,,0.039105,0.291063,0.669831,,34626700,,
0,2,,0.060282,0.093913,0.845806,,34531400,,
0,2,,0.129347,0.353152,0.5175,,45578800,,
0,2,,0.096817,0.181387,0.721797,,45269700,,
0,2,,0.272074,0.14248,0.585446,,41969100,,
0,2,,0.228578,0.222593,0.548829,,39095000,,
0,2,,0.11833,0.204993,0.676677,,36188800,,
0,2,,0.110922,0.346111,0.542966,,33503800,,
0,2,,0.088203,0.226877,0.68492,,34715400,,
0,2,,0.072099,0.081779,0.846122,,36601000,,
0,1,,0.243213,0.413685,0.343102,,34122200,,
0,2,,0.115415,0.366692,0.517893,,33650200,,
0,1,,0.18567,0.407785,0.406545,,34630700,,
0,2,,0.121381,0.228632,0.649986,,39767400,,
0,2,,0.090765,0.287026,0.62221,,34427500,,
0,2,,0.067163,0.210173,0.722664,,34295400,,
0,2,,0.093955,0.419748,0.486297,,33779600,,
0,2,,0.077066,0.450609,0.472325,,34667500,,
0,2,,0.075926,0.146426,0.777648,,33361700,,
0,1,,0.094184,0.591166,0.31465,,35128400,,
0,2,,0.096229,0.145492,0.758279,,33802000,,
0,2,,0.07096,0.148299,0.780741,,35113900,,
0,2,,0.043077,0.170224,0.786699,,34327200,,
0,2,,0.075655,0.389933,0.534411,,33324500,,
0,2,,0.129355,0.312395,0.55825,,33337600,,
0,2,,0.169074,0.155835,0.675091,,34241500,,
0,2,,0.083193,0.189916,0.726891,,33966800,,
0,2,,0.276468,0.219788,0.503744,,33900700,,
0,2,,0.291523,0.266508,0.441968,,35901700,,
0,2,,0.175317,0.123353,0.70133,,34493300,,
0,2,,0.07112,0.401824,0.527056,,34666900,,
0,2,,0.304189,0.209688,0.486123,,34855400,,
0,2,,0.127373,0.194733,0.677894,,33038400,,
0,2,,0.06164,0.136854,0.801507,,33525100,,
0,2,,0.218994,0.334662,0.446344,,33673100,,
0,2,,0.196261,0.307492,0.496247,,37335300,,
0,2,,0.092899,0.165042,0.742059,,34201700,,
0,2,,0.284918,0.344947,0.370135,,34510400,,
0,2,,0.303633,0.204678,0.491688,,34571700,,
0,2,,0.307512,0.303267,0.389221,,35034100,,
0,2,,0.104323,0.260654,0.635022,,34611600,,
0,2,,0.083181,0.355348,0.561471,,34739300,,
0,2,,0.080917,0.400474,0.518609,,35937300,,
0,2,,0.298504,0.203921,0.497576,,35861000,,
0,2,,0.281893,0.205662,0.512445,,38293200,,
0,2,,0.210795,0.270021,0.519185,,35054200,,
0,1,,0.081436,0.499695,0.418869,,33351400,,
0,2,,0.258355,0.208592,0.533053,,33769000,,
0,1,,0.139025,0.438655,0.42232,,33766800,,
0,2,,0.132748,0.352207,0.515044,,34304000,,
0,2,,0.296624,0.222039,0.481337,,33716500,,
0,2,,0.099831,0.127398,0.772772,,34412600,,
0,2,,0.071287,0.143672,0.785041,,36179800,,
0,2,,0.310174,0.210534,0.479292,,34420700,,
0,2,,0.225035,0.170428,0.604537,,34352700,,
0,2,,0.251817,0.305614,0.442569,,39674800,,
0,2,,0.204874,0.256597,0.538529,,35075400,,
0,2,,0.213895,0.304441,0.481664,,35064900,,
0,2,,0.091307,0.295118,0.613575,,38168700,,
0,1,,0.067368,0.620828,0.311804,,34769200,,
0,2,,0.141386,0.175433,0.68318,,38202300,,
0,2,,0.107569,0.159956,0.732475,,36070200,,
0,2,,0.27137,0.284958,0.443672,,35755500,,
0,2,,0.145805,0.388414,0.465781,,36331500,,
0,2,,0.297192,0.214047,0.488761,,41089400,,
0,1,,0.103167,0.553827,0.343005,,39442300,,
0,2,,0.270035,0.170428,0.559537,,34946500,,
0,2,,0.152018,0.143387,0.704595,,36513200,,
0,2,,0.194691,0.331487,0.473822,,34797700,,
0,2,,0.184895,0.262721,0.552384,,34840800,,
0,2,,0.304769,0.253299,0.441932,,34337700,,
0,2,,0.180616,0.164721,0.654663,,34806600,,
0,2,,0.214037,0.201306,0.584657,,36245700,,
0,1,,0.077457,0.483201,0.439342,,36437600,,
0,2,,0.089443,0.215188,0.695369,,34742000,,
0,2,,0.098628,0.180415,0.720957,,33502000,,
0,2,,0.1155,0.248282,0.636218,,38425700,,
0,2,,0.096457,0.400931,0.502612,,39205500,,
0,2,,0.367262,0.240046,0.392693,,35371500,,
0,2,,0.082189,0.187393,0.730418,,41079400,,
0,1,,0.084632,0.50636,0.409008,,34007200,,
0,2,,0.14073,0.186996,0.672274,,35512700,,
0,2,,0.065432,0.159057,0.775511,,40707900,,
0,2,,0.148259,0.256413,0.595329,,43330300,,
0,2,,0.040619,0.166402,0.792979,,33960100,,
0,1,,0.118584,0.45775,0.423666,,35642700,,
0,2,,0.073489,0.432724,0.493787,,33511500,,
0,2,,0.111116,0.42046,0.468424,,34413500,,
0,2,,0.073648,0.36497,0.561382,,35386400,,
0,1,,0.070828,0.482224,0.446948,,37805700,,
0,2,,0.11301,0.382891,0.504099,,34110800,,
0,2,,0.141863,0.161806,0.696331,,35633900,,
0,2,,0.074212,0.114674,0.811114,,34491700,,
0,2,,0.096617,0.101238,0.802144,,34190700,,
0,2,,0.14736,0.271919,0.58072,,33586000,,
0,2,,0.199404,0.138487,0.662109,,34723800,,
0,2,,0.095244,0.20548,0.699276,,33623500,,
0,2,,0.291644,0.328499,0.379857,,34508600,,
0,2,,0.273799,0.170601,0.555601,,34799500,,
0,2,,0.234977,0.186196,0.578827,,33442600,,
0,2,,0.07176,0.219951,0.708289,,34871300,,
0,2,,0.152394,0.182158,0.665448,,39329700,,
0,2,,0.266664,0.246517,0.48682,,36002000,,
0,2,,0.11059,0.220327,0.669082,,33907400,,
0,2,,0.077241,0.373046,0.549713,,33708900,,
0,2,,0.274792,0.241135,0.484073,,34035400,,
0,2,,0.159277,0.330933,0.509791,,34054000,,
0,2,,0.106443,0.227423,0.666134,,34169200,,
0,2,,0.164528,0.15903,0.676442,,34454300,,
0,2,,0.079796,0.141918,0.778286,,34335100,,
0,2,,0.321382,0.239429,0.439189,,34864700,,
0,2,,0.100664,0.344734,0.554602,,46921000,,
0,2,,0.176004,0.257232,0.566765,,37469800,,
0,2,,0.205998,0.307621,0.486381,,34348900,,
0,2,,0.092612,0.134578,0.77281,,35696600,,
0,2,,0.07832,0.215349,0.706331,,33983600,,
0,2,,0.123926,0.171515,0.704559,,35150700,,
0,2,,0.10855,0.154182,0.737268,,35944000,,
0,2,,0.125591,0.180641,0.693768,,36531200,,
0,2,,0.080567,0.131216,0.788216,,39854600,,
0,2,,0.125692,0.190423,0.683885,,34757200,,
0,2,,0.174182,0.3093,0.516518,,40595800,,
0,2,,0.172838,0.365488,0.461674,,35223400,,
0,2,,0.136606,0.21134,0.652054,,34227600,,
0,2,,0.166309,0.216707,0.616983,,35357900,,
0,2,,0.274138,0.175396,0.550466,,34833900,,
0,2,,0.315035,0.331451,0.353514,,35431900,,
0,1,,0.112426,0.481964,0.40561,,35419400,,
0,2,,0.08062,0.330547,0.588834,,33717900,,
0,2,,0.078462,0.182997,0.738541,,35966900,,
0,2,,0.128865,0.402499,0.468636,,35625500,,
0,2,,0.170915,0.196165,0.632921,,34513800,,
0,2,,0.211395,0.27536,0.513245,,33598500,,
0,2,,0.087386,0.268467,0.644147,,39852000,,
0,2,,0.110129,0.234415,0.655456,,38430000,,
0,2,,0.116474,0.432589,0.450937,,35939000,,
0,1,,0.085749,0.584738,0.329514,,34779500,,
0,2,,0.140001,0.297091,0.562908,,34059000,,
0,2,,0.232604,0.229627,0.537769,,34767600,,
0,2,,0.204959,0.205071,0.589969,,37611100,,
0,2,,0.210815,0.350424,0.438761,,34230900,,
0,1,,0.119413,0.476748,0.403839,,34592800,,
0,2,,0.067483,0.276923,0.655594,,34292700,,
0,2,,0.090703,0.194476,0.714821,,34031100,,
0,2,,0.085385,0.2379,0.676715,,35657400,,
0,2,,0.092634,0.238348,0.669018,,47701300,,
0,2,,0.177939,0.263241,0.558819,,43966100,,
0,2,,0.11017,0.204921,0.684909,,37707500,,
0,1,,0.338657,0.340969,0.320374,,35971500,,
0,2,,0.08779,0.139414,0.772796,,44173800,,
0,2,,0.06472,0.232773,0.702507,,34391400,,
0,2,,0.292005,0.173196,0.534799,,34384900,,
0,2,,0.053103,0.434837,0.51206,,33883800,,
0,2,,0.065097,0.196363,0.73854,,35151600,,
0,2,,0.090289,0.15129,0.758421,,34113600,,
0,2,,0.097547,0.192071,0.710382,,35025600,,
0,1,,0.106418,0.549923,0.34366,,35346400,,
0,1,,0.159027,0.443199,0.397774,,38387200,,
0,1,,0.091215,0.558644,0.350141,,39120800,,
0,1,,0.120636,0.545883,0.333481,,34586400,,
0,2,,0.06472,0.168773,0.766507,,34324300,,
0,2,,0.10002,0.165832,0.734148,,34946800,,
0,1,,0.097006,0.486093,0.416901,,34504100,,
0,2,,0.079531,0.323273,0.597196,,37033200,,
0,2,,0.136637,0.170955,0.692409,,36432000,,
0,2,,0.319649,0.125688,0.554663,,35784000,,
0,2,,0.103779,0.169223,0.726997,,34971500,,
0,2,,0.263706,0.183938,0.552356,,34499500,,
0,2,,0.097621,0.189911,0.712469,,33998700,,
0,2,,0.068439,0.424662,0.506898,,35600400,,
0,2,,0.229896,0.138283,0.631821,,33691300,,
0,2,,0.181999,0.368223,0.449778,,35543100,,
0,2,,0.077567,0.363086,0.559347,,35073000,,
0,2,,0.078711,0.220264,0.701025,,34209700,,
0,2,,0.274052,0.224896,0.501051,,34507400,,
0,2,,0.141557,0.327043,0.5314,,34102700,,
0,2,,0.204769,0.265299,0.529932,,35921500,,
0,2,,0.083561,0.143338,0.773101,,36494100,,
0,2,,0.194727,0.346304,0.458969,,36628400,,
0,1,,0.058828,0.512765,0.428406,,35126900,,
0,1,,0.092237,0.551494,0.356269,,35279000,,
0,2,,0.178567,0.129701,0.691733,,34471900,,
0,2,,0.171617,0.163721,0.664662,,34606600,,
0,2,,0.167421,0.181371,0.651209,,34562300,,
0,2,,0.056166,0.085335,0.858499,,33513100,,
0,2,,0.144064,0.173911,0.682025,,34649300,,
0,2,,0.240466,0.343005,0.416529,,36166400,,
0,2,,0.186725,0.35235,0.460925,,35449300,,
0,2,,0.341405,0.178065,0.480531,,33870000,,
0,2,,0.07201,0.232908,0.695082,,36999900,,
0,2,,0.069377,0.126055,0.804568,,36663800,,
0,2,,0.088188,0.15609,0.755723,,33839400,,
0,2,,0.070485,0.119919,0.809596,,38485600,,
0,2,,0.307624,0.222039,0.470337,,35229800,,
0,2,,0.061045,0.144165,0.794791,,34414400,,
0,2,,0.069499,0.234955,0.695547,,34371900,,
0,2,,0.097139,0.207151,0.69571,,35261000,,
0,2,,0.081051,0.082771,0.836177,,34420900,,
0,2,,0.052628,0.079485,0.867887,,35910600,,
0,2,,0.318766,0.154601,0.526633,,34120700,,
0,2,,0.18376,0.310123,0.506117,,33791400,,
0,2,,0.062598,0.113512,0.823891,,34028500,,
0,2,,0.107206,0.426504,0.46629,,34241000,,
0,2,,0.193464,0.133731,0.672804,,34123700,,
0,2,,0.125487,0.269163,0.60535,,34041000,,
0,2,,0.096145,0.345456,0.558398,,34518400,,
0,2,,0.141007,0.22889,0.630103,,35232200,,
0,2,,0.099842,0.141157,0.759,,47638900,,
0,2,,0.093878,0.443176,0.462946,,40135400,,
0,2,,0.217179,0.195822,0.586999,,35543100,,
0,2,,0.135123,0.325396,0.539482,,38195700,,
0,2,,0.10605,0.257173,0.636777,,36571200,,
0,2,,0.257617,0.354143,0.38824,,35557400,,
0,2,,0.075793,0.349997,0.57421,,34964500,,
0,2,,0.36326,0.224736,0.412004,,35562900,,
0,2,,0.218968,0.370322,0.41071,,39863300,,
0,1,,0.11462,0.517076,0.368304,,35758700,,
0,2,,0.204731,0.16318,0.632089,,38037600,,
0,2,,0.224106,0.174188,0.601706,,34032100,,
0,1,,0.044603,0.521306,0.434091,,34326900,,
0,2,,0.074653,0.378994,0.546353,,33928500,,
0,1,,0.232854,0.411346,0.3558,,34925900,,
0,1,,0.104748,0.535706,0.359546,,36672000,,
0,1,,0.237223,0.412462,0.350315,,34907600,,
0,2,,0.133322,0.249096,0.617582,,34257200,,
0,2,,0.125029,0.204279,0.670692,,34782000,,
0,2,,0.107775,0.331721,0.560504,,37906600,,
0,1,,0.187169,0.408964,0.403867,,35122000,,
0,2,,0.141368,0.196208,0.662424,,34666800,,
0,2,,0.137316,0.180545,0.682139,,35189300,,
0,2,,0.073546,0.28283,0.643623,,40930100,,
0,2,,0.096698,0.1412,0.762101,,35157200,,
0,2,,0.062313,0.181183,0.756504,,36695700,,
0,2,,0.042503,0.237873,0.719624,,34955800,,
0,2,,0.083994,0.215656,0.700349,,38417600,,
0,2,,0.081751,0.346167,0.572081,,40110100,,
0,2,,0.108614,0.126966,0.76442,,38418900,,
0,2,,0.187142,0.210956,0.601902,,41310400,,
0,2,,0.068482,0.164586,0.766932,,34622500,,
0,2,,0.071217,0.193365,0.735418,,34677800,,
0,2,,0.36292,0.238094,0.398986,,35883400,,
0,2,,0.071657,0.114959,0.813385,,34952800,,
0,2,,0.279545,0.173055,0.547399,,33816900,,
0,2,,0.102067,0.386984,0.510949,,34463000,,
0,2,,0.082517,0.197161,0.720323,,33926100,,
0,2,,0.142309,0.158198,0.699493,,34364300,,
0,2,,0.084735,0.170521,0.744744,,34283500,,
0,2,,0.046236,0.219108,0.734656,,35799900,,
0,2,,0.276818,0.262011,0.461171,,34601500,,
0,2,,0.152945,0.260335,0.586721,,34012800,,
0,2,,0.085134,0.112076,0.80279,,34034400,,
0,2,,0.323922,0.241017,0.435061,,34543600,,
0,2,,0.082235,0.217824,0.699942,,34382300,,
0,2,,0.062749,0.081779,0.855471,,35846700,,
0,2,,0.140899,0.328209,0.530892,,34751000,,
0,2,,0.09726,0.138669,0.76407,,36983200,,
0,1,,0.159871,0.478308,0.361822,,36363600,,
0,2,,0.046171,0.181025,0.772803,,37122800,,
0,2,,0.073001,0.137962,0.789036,,34388000,,
0,2,,0.253653,0.264569,0.481778,,37525100,,
0,1,,0.247709,0.476656,0.275634,,35252000,,
0,2,,0.352489,0.218845,0.428666,,35095800,,
0,2,,0.140061,0.164442,0.695497,,35039800,,
0,2,,0.120918,0.249488,0.629594,,37631200,,
0,1,,0.220442,0.390716,0.388842,,37106000,,
0,2,,0.08803,0.15711,0.75486,,50387900,,
0,2,,0.115263,0.226205,0.658533,,33670600,,
0,2,,0.111274,0.189757,0.698969,,34478900,,
0,1,,0.102789,0.468009,0.429202,,34161500,,
0,2,,0.102339,0.35808,0.539581,,36220100,,
0,2,,0.211968,0.193422,0.59461,,37202900,,
0,2,,0.116335,0.130055,0.75361,,37896000,,
0,2,,0.093272,0.123003,0.783725,,42214200,,
0,2,,0.117109,0.214102,0.66879,,34763400,,
0,2,,0.288578,0.241891,0.469531,,35202600,,
0,1,,0.123359,0.458989,0.417652,,39492600,,
0,2,,0.0837,0.15609,0.76021,,35705600,,
0,2,,0.074396,0.354523,0.571081,,37967600,,
0,2,,0.294273,0.250487,0.45524,,39529200,,
0,1,,0.233408,0.424441,0.342152,,37749200,,
0,2,,0.320482,0.222663,0.456854,,39228900,,
0,2,,0.106495,0.149501,0.744004,,37318600,,
0,2,,0.294409,0.197241,0.50835,,35194500,,
0,2,,0.173188,0.24609,0.580723,,36959900,,
0,1,,0.12176,0.488015,0.390225,,33875600,,
0,1,,0.126995,0.458774,0.414231,,34277600,,
0,2,,0.082985,0.146565,0.77045,,33750400,,
0,2,,0.250628,0.283149,0.466223,,35923400,,
0,2,,0.190106,0.245294,0.5646,,35352800,,
0,2,,0.061561,0.151679,0.78676,,35317000,,
0,2,,0.153993,0.145292,0.700715,,34890100,,
0,2,,0.105219,0.159039,0.735742,,37235800,,
0,2,,0.048168,0.283324,0.668508,,35171700,,
0,2,,0.119061,0.168114,0.712826,,34755600,,
0,2,,0.102099,0.348462,0.549439,,34948700,,
0,2,,0.165251,0.203437,0.631312,,33772400,,
0,2,,0.140349,0.186026,0.673626,,34807800,,
0,2,,0.188921,0.176871,0.634209,,34944200,,
0,2,,0.104454,0.283816,0.61173,,33800100,,
0,2,,0.204946,0.188066,0.606988,,34207900,,
0,2,,0.113127,0.246941,0.639932,,34275800,,
0,2,,0.312029,0.259652,0.428319,,34652300,,
0,2,,0.341818,0.223286,0.434895,,33364000,,
0,1,,0.086827,0.52552,0.387652,,34420900,,
0,2,,0.111624,0.225394,0.662981,,35296700,,
0,2,,0.156408,0.152625,0.690967,,35996900,,
0,2,,0.133013,0.15784,0.709147,,35162900,,
0,1,,0.107343,0.497148,0.395509,,34021100,,
0,2,,0.136222,0.334688,0.529089,,36976000,,
0,2,,0.089601,0.413368,0.497031,,51494200,,
0,2,,0.381573,0.130428,0.487999,,34733300,,
0,2,,0.102685,0.391826,0.505489,,36074400,,
0,2,,0.148583,0.153533,0.697883,,37750600,,
0,2,,0.281949,0.201305,0.516745,,37592700,,
0,2,,0.132967,0.272849,0.594184,,53098000,,
0,2,,0.084393,0.213013,0.702595,,38546100,,
0,2,,0.098709,0.216939,0.684353,,40619200,,
0,2,,0.135334,0.292976,0.57169,,46453300,,
0,2,,0.05518,0.399762,0.545059,,33965700,,
0,2,,0.240286,0.244417,0.515297,,49873200,,
0,2,,0.088702,0.177192,0.734107,,34665800,,
0,0,,0.34021,0.33195,0.32784,,39127400,,
0,1,,0.052416,0.591771,0.355813,,35732200,,
0,2,,0.075139,0.121812,0.803049,,34785500,,
0,2,,0.162609,0.11389,0.723501,,34315300,,
0,2,,0.10345,0.353527,0.543023,,36101800,,
0,2,,0.248845,0.19969,0.551465,,36376600,,
0,2,,0.3384,0.161026,0.500573,,35921100,,
0,2,,0.131437,0.32816,0.540403,,37847600,,
0,2,,0.110903,0.129683,0.759413,,36276700,,
0,2,,0.159871,0.252167,0.587963,,39399700,,
0,2,,0.09912,0.196694,0.704186,,35240200,,
0,2,,0.044229,0.438535,0.517235,,34821800,,
0,2,,0.116919,0.184749,0.698332,,34142700,,
0,2,,0.232557,0.080466,0.686977,,35792800,,
0,2,,0.179644,0.176746,0.64361,,34705200,,
0,2,,0.188958,0.221851,0.589191,,33500900,,
0,2,,0.336437,0.20175,0.461813,,33549900,,
0,1,,0.089139,0.535401,0.375461,,43215300,,
0,2,,0.127939,0.305849,0.566212,,47273800,,
0,2,,0.229774,0.238624,0.531601,,41256300,,
0,2,,0.265641,0.258281,0.476078,,37730700,,
0,2,,0.136058,0.38167,0.482273,,42067700,,
0,2,,0.239911,0.356198,0.403891,,39626800,,
0,2,,0.114406,0.130074,0.75552,,41620000,,
0,2,,0.310174,0.210534,0.479292,,39764800,,
0,2,,0.124333,0.203781,0.671885,,35494400,,
0,2,,0.227986,0.245584,0.52643,,35095700,,
0,2,,0.128352,0.388055,0.483593,,35351400,,
0,0,,0.415458,0.184504,0.400038,,35970800,,
0,2,,0.069769,0.085598,0.844633,,34127900,,
0,2,,0.070759,0.201095,0.728146,,33727600,,
0,2,,0.287761,0.321314,0.390925,,31638700,,
0,2,,0.098527,0.343653,0.55782,,34695500,,
0,2,,0.071666,0.355538,0.572795,,38315400,,
0,2,,0.141454,0.248974,0.609571,,32986100,,
0,2,,0.107146,0.362326,0.530528,,34789800,,
0,2,,0.092154,0.429614,0.478232,,35253600,,
0,2,,0.147748,0.352207,0.500044,,34905600,,
0,2,,0.175032,0.26946,0.555507,,33917000,,
0,2,,0.164289,0.278423,0.557288,,33696300,,
0,2,,0.107656,0.2464,0.645944,,36086600,,
0,2,,0.127017,0.330593,0.542391,,34892600,,
0,2,,0.124785,0.168534,0.706681,,35895600,,
0,2,,0.308019,0.184104,0.507876,,34493200,,
0,2,,0.254891,0.289812,0.455297,,36622700,,
0,2,,0.252306,0.183817,0.563878,,36744000,,
0,2,,0.308984,0.187715,0.503301,,35962200,,
0,2,,0.294974,0.256266,0.44876,,34728000,,
0,2,,0.123587,0.388597,0.487816,,36085000,,
0,2,,0.179441,0.32075,0.499809,,34131200,,
0,2,,0.114564,0.147279,0.738157,,34176100,,
0,2,,0.22854,0.274909,0.496551,,34139400,,
0,2,,0.273535,0.183803,0.542662,,36371700,,
0,2,,0.109708,0.286564,0.603727,,35592900,,
0,2,,0.041077,0.314169,0.644754,,37558800,,
0,2,,0.111737,0.22879,0.659473,,39323000,,
0,2,,0.288792,0.234978,0.47623,,38284100,,
0,2,,0.274754,0.193255,0.531991,,34461600,,
0,2,,0.262056,0.158626,0.579318,,36152600,,
0,2,,0.29046,0.188853,0.520687,,34466600,,
0,2,,0.219456,0.340576,0.439968,,34044400,,
0,2,,0.179496,0.32816,0.492344,,33764100,,
0,2,,0.100075,0.179093,0.720832,,36317000,,
0,2,,0.145309,0.276571,0.578121,,38631700,,
0,2,,0.120139,0.129492,0.75037,,34964800,,
0,2,,0.111324,0.372188,0.516488,,34495900,,
0,2,,0.086124,0.114188,0.799688,,36430900,,
0,2,,0.088411,0.454844,0.456745,,42315800,,
0,2,,0.067386,0.272155,0.660459,,64122200,,
0,2,,0.133168,0.418779,0.448054,,39552200,,
0,2,,0.090285,0.133335,0.77638,,38467900,,
0,2,,0.114775,0.133307,0.751918,,39260200,,
0,2,,0.082868,0.244447,0.672684,,38971900,,
0,1,,0.091334,0.517976,0.390691,,36962800,,
0,2,,0.353719,0.282826,0.363454,,39333400,,
0,2,,0.130851,0.325196,0.543954,,34720900,,
0,2,,0.161791,0.344288,0.49392,,33788200,,
0,2,,0.212562,0.203542,0.583896,,36744500,,
0,2,,0.311047,0.23477,0.454183,,35032600,,
0,1,,0.119948,0.550131,0.32992,,35617100,,
0,2,,0.206887,0.205838,0.587275,,38620800,,
0,2,,0.083845,0.228545,0.687609,,38530700,,
0,1,,0.101726,0.523044,0.37523,,38861900,,
0,2,,0.063388,0.196514,0.740098,,37947100,,
0,2,,0.131023,0.121812,0.747165,,36583100,,
0,1,,0.088401,0.460784,0.450815,,34129900,,
0,2,,0.063589,0.186558,0.749853,,36153900,,
0,2,,0.225457,0.230217,0.544326,,35645600,,
0,2,,0.324517,0.168563,0.50692,,35170800,,
0,2,,0.111791,0.305088,0.583121,,35701700,,
0,2,,0.095015,0.179978,0.725007,,36760800,,
0,2,,0.095372,0.385153,0.519476,,35713000,,
0,2,,0.311445,0.266848,0.421707,,35154100,,
0,2,,0.249828,0.170084,0.580088,,37683000,,
0,2,,0.06756,0.088579,0.843861,,43879000,,
0,2,,0.091731,0.204185,0.704084,,34371300,,
0,2,,0.128448,0.165641,0.705911,,40197200,,
0,2,,0.123391,0.157959,0.71865,,38740900,,
0,2,,0.134541,0.20161,0.66385,,40321200,,
0,2,,0.123882,0.417569,0.458549,,55757400,,
0,2,,0.079045,0.164889,0.756066,,39220700,,
0,2,,0.071656,0.1669,0.761443,,38034800,,
0,2,,0.071006,0.154441,0.774553,,38308400,,
0,2,,0.207737,0.240573,0.551689,,38687200,,
0,2,,0.064976,0.238608,0.696416,,37448600,,
0,2,,0.142103,0.405235,0.452662,,37734900,,
0,2,,0.141728,0.187705,0.670567,,38201500,,
0,1,,0.107393,0.549954,0.342652,,38740000,,
0,2,,0.097306,0.29515,0.607544,,42115000,,
0,2,,0.294635,0.204499,0.500866,,37020100,,
0,2,,0.170136,0.114663,0.715202,,36002900,,
0,2,,0.066322,0.309327,0.624351,,34759500,,
0,2,,0.133201,0.181774,0.685025,,34262600,,
0,2,,0.124271,0.186802,0.688927,,35004300,,
0,2,,0.087414,0.373815,0.538771,,34885400,,
0,2,,0.123833,0.391832,0.484335,,35057100,,
0,2,,0.112347,0.379045,0.508608,,38630200,,
0,2,,0.078017,0.193691,0.728291,,35977100,,
0,2,,0.283876,0.293921,0.422203,,34978900,,
0,2,,0.232877,0.358568,0.408556,,33883500,,
0,2,,0.081475,0.346471,0.572053,,35408100,,
0,2,,0.098159,0.329486,0.572355,,34249400,,
0,2,,0.1629,0.39034,0.446761,,34441900,,
0,2,,0.276087,0.260987,0.462926,,33870100,,
0,2,,0.080101,0.288993,0.630906,,37287500,,
0,1,,0.073897,0.531768,0.394335,,34790200,,
0,2,,0.094648,0.221157,0.684195,,34070100,,
0,2,,0.313932,0.14652,0.539548,,34158300,,
0,2,,0.091423,0.4443,0.464276,,34500700,,
0,2,,0.129372,0.352607,0.518021,,38851100,,
0,2,,0.196971,0.39017,0.412859,,33960600,,
0,2,,0.066817,0.212442,0.720742,,34010800,,
0,2,,0.107843,0.363137,0.52902,,35918600,,
0,2,,0.122906,0.310888,0.566207,,36251100,,
0,1,,0.102727,0.606988,0.290285,,36868000,,
0,2,,0.309316,0.188529,0.502155,,47184200,,
0,2,,0.062076,0.299622,0.638303,,44346100,,
0,2,,0.11429,0.235373,0.650337,,34952800,,
0,2,,0.08788,0.238897,0.673223,,52614900,,
0,2,,0.135153,0.197534,0.667313,,36974900,,
0,2,,0.158188,0.173219,0.668593,,33662500,,
0,2,,0.074534,0.14776,0.777706,,37510300,,
0,2,,0.173833,0.23933,0.586838,,41475500,,
0,2,,0.304541,0.117637,0.577822,,35163800,,
0,2,,0.122297,0.167553,0.71015,,35067500,,
0,2,,0.071239,0.411238,0.517523,,34366300,,
0,1,,0.264433,0.408017,0.32755,,41336200,,
0,2,,0.157163,0.347187,0.49565,,38174800,,
0,2,,0.041077,0.316169,0.642754,,38429700,,
0,2,,0.2791,0.191164,0.529736,,36557800,,
0,2,,0.100394,0.277209,0.622397,,34338900,,
0,0,,0.401612,0.215635,0.382753,,35937700,,
0,2,,0.067834,0.359898,0.572268,,39506900,,
0,2,,0.17225,0.186686,0.641064,,34831000,,
0,2,,0.066148,0.184647,0.749204,,33410100,,
0,2,,0.274805,0.219353,0.505843,,50789700,,
0,2,,0.105139,0.251739,0.643122,,73790500,,
0,2,,0.118902,0.211631,0.669467,,71518000,,
0,2,,0.083193,0.187138,0.729669,,69708600,,
0,1,,0.102706,0.548929,0.348365,,45488900,,
0,2,,0.106919,0.344749,0.548332,,36486000,,
0,1,,0.112945,0.468783,0.418272,,34507400,,
0,2,,0.108325,0.109363,0.782312,,35296600,,
0,2,,0.082717,0.203245,0.714038,,34255800,,
0,2,,0.109477,0.183056,0.707467,,38616000,,
0,2,,0.080402,0.276054,0.643544,,38376900,,
0,2,,0.121842,0.171107,0.707051,,36802200,,
0,2,,0.133364,0.177087,0.689549,,35653300,,
0,2,,0.089102,0.124914,0.785984,,39488100,,
0,2,,0.091958,0.12841,0.779632,,35662100,,
0,2,,0.135263,0.190205,0.674533,,35071000,,
0,2,,0.146265,0.135055,0.71868,,37567300,,
0,2,,0.29472,0.199384,0.505896,,34563400,,
0,2,,0.24672,0.236874,0.516405,,34037700,,
0,2,,0.040216,0.198432,0.761352,,34544800,,
0,1,,0.150487,0.450367,0.399146,,38220300,,
0,2,,0.106753,0.433356,0.459891,,34391900,,
0,2,,0.110245,0.245949,0.643807,,34661900,,
0,2,,0.06983,0.149924,0.780245,,33949000,,
0,2,,0.345636,0.180715,0.473649,,36091100,,
0,2,,0.107513,0.352377,0.54011,,34743400,,
0,2,,0.233151,0.137955,0.628894,,34269300,,
0,2,,0.126803,0.320465,0.552732,,34363600,,
0,2,,0.056524,0.341907,0.601568,,34443300,,
0,2,,0.288377,0.191733,0.51989,,34999600,,
0,2,,0.293578,0.210224,0.496197,,35907700,,
0,2,,0.104888,0.149,0.746112,,34771200,,
0,2,,0.128523,0.394469,0.477007,,34007000,,
0,2,,0.10817,0.278103,0.613727,,36714700,,
0,2,,0.158876,0.410913,0.430212,,35567600,,
0,2,,0.137982,0.198451,0.663567,,35264600,,
0,2,,0.138672,0.395297,0.466031,,33861300,,
0,2,,0.102801,0.351552,0.545647,,34979800,,
0,2,,0.12257,0.351911,0.525519,,34153900,,
0,2,,0.114313,0.163455,0.722233,,34105800,,
0,2,,0.290321,0.219268,0.490412,,34796800,,
0,1,,0.19285,0.462134,0.345017,,35214200,,
0,2,,0.093785,0.129319,0.776896,,34366600,,
0,1,,0.134991,0.477651,0.387358,,39581900,,
0,1,,0.086668,0.51149,0.401843,,45768500,,
0,2,,0.300628,0.172694,0.526678,,35249600,,
0,2,,0.197262,0.311441,0.491297,,35055400,,
0,2,,0.0783,0.127092,0.794608,,43642700,,
0,2,,0.064134,0.135646,0.800221,,41952500,,
0,2,,0.122488,0.206643,0.670869,,36222200,,
0,1,,0.198389,0.402697,0.398914,,39064900,,
0,2,,0.093448,0.107318,0.799234,,38404000,,
0,1,,0.222081,0.416046,0.361873,,38821700,,
0,1,,0.199747,0.448784,0.351469,,42941700,,
0,2,,0.096418,0.158072,0.74551,,39613700,,
0,2,,0.055024,0.112502,0.832474,,39105100,,
0,2,,0.040476,0.272076,0.687448,,44691600,,
0,2,,0.113245,0.374616,0.512138,,38157200,,
0,2,,0.298945,0.184982,0.516073,,35674800,,
0,2,,0.026177,0.149556,0.824267,,34742100,,
0,1,,0.104041,0.516575,0.379384,,37456700,,
0,2,,0.233824,0.294984,0.471192,,35288300,,
0,1,,0.085795,0.568154,0.346051,,33557700,,
0,2,,0.071249,0.121015,0.807737,,34270900,,
0,2,,0.35103,0.267479,0.381492,,33343700,,
0,2,,0.044864,0.259031,0.696105,,35800400,,
0,2,,0.091231,0.306912,0.601856,,35829200,,
0,2,,0.267108,0.243599,0.489293,,34499500,,
0,1,,0.097911,0.514873,0.387216,,35186100,,
0,2,,0.210086,0.271436,0.518478,,34623100,,
0,1,,0.06569,0.493884,0.440426,,41483800,,
0,2,,0.23383,0.274779,0.491391,,51042500,,
0,2,,0.078002,0.188105,0.733893,,34270300,,
0,2,,0.090261,0.202637,0.707102,,34915000,,
0,2,,0.257599,0.226896,0.515505,,35062600,,
0,2,,0.214174,0.187369,0.598457,,35862500,,
0,2,,0.130298,0.198575,0.671127,,34068800,,
0,2,,0.134529,0.330473,0.534998,,34837800,,
0,2,,0.280592,0.211275,0.508133,,39072200,,
0,2,,0.257402,0.225963,0.516636,,36026300,,
0,2,,0.053101,0.392064,0.554835,,34994600,,
0,2,,0.135683,0.20055,0.663767,,37675700,,
0,2,,0.212753,0.278351,0.508896,,34375600,,
0,2,,0.082407,0.13956,0.778033,,35775100,,
0,2,,0.153827,0.36294,0.483233,,39203300,,
0,2,,0.103793,0.128485,0.767722,,35044500,,
0,1,,0.178438,0.447688,0.373875,,34842900,,
0,2,,0.086872,0.201907,0.711221,,35747200,,
0,2,,0.106114,0.375832,0.518054,,35295900,,
0,2,,0.143507,0.187369,0.669124,,35177100,,
0,2,,0.104268,0.248879,0.646853,,33871700,,
0,2,,0.067561,0.409002,0.523437,,37322300,,
0,2,,0.096457,0.400931,0.502612,,36922800,,
0,2,,0.065108,0.210408,0.724483,,41372900,,
0,2,,0.079143,0.197221,0.723636,,34302300,,
0,2,,0.242111,0.179399,0.57849,,34858300,,
0,2,,0.084825,0.415623,0.499553,,34825300,,
0,1,,0.114432,0.539049,0.346519,,34136300,,
0,2,,0.123769,0.229403,0.646828,,35655700,,
0,2,,0.097335,0.439175,0.46349,,34449200,,
0,2,,0.143062,0.128289,0.728649,,33971800,,
0,2,,0.08947,0.386141,0.52439,,34434600,,
0,2,,0.266702,0.154753,0.578544,,35750400,,
0,2,,0.219747,0.13092,0.649333,,36475000,,
0,2,,0.072234,0.23972,0.688047,,34098100,,
0,2,,0.094308,0.373107,0.532585,,38642700,,
0,2,,0.110993,0.25387,0.635137,,34495100,,
0,2,,0.074485,0.405114,0.520401,,36278400,,
0,2,,0.290217,0.19476,0.515023,,34249400,,
0,2,,0.052607,0.270583,0.67681,,34925500,,
0,2,,0.29748,0.17801,0.52451,,33988700,,
0,2,,0.060823,0.19302,0.746157,,35378700,,
0,2,,0.074409,0.182539,0.743053,,34607000,,
0,2,,0.138323,0.399385,0.462291,,33847100,,
0,2,,0.116712,0.191456,0.691832,,36381600,,
0,2,,0.060535,0.089718,0.849747,,48423000,,
0,2,,0.202961,0.257273,0.539766,,34956000,,
0,2,,0.176241,0.202589,0.621169,,37585700,,
0,2,,0.125772,0.35246,0.521768,,34132400,,
0,2,,0.092819,0.148134,0.759047,,35225500,,
0,2,,0.112113,0.147318,0.740569,,36568900,,
0,2,,0.224524,0.271207,0.504268,,34806600,,
0,2,,0.294921,0.191871,0.513209,,36035700,,
0,2,,0.124193,0.163787,0.71202,,39077000,,
0,2,,0.215852,0.254452,0.529696,,38987700,,
0,2,,0.285901,0.135985,0.578114,,37919200,,
0,2,,0.211311,0.280859,0.50783,,40043000,,
0,2,,0.075952,0.454933,0.469115,,41571400,,
0,2,,0.135515,0.157843,0.706642,,42776800,,
0,2,,0.110795,0.360021,0.529185,,41550500,,
0,2,,0.107109,0.181934,0.710957,,43261300,,
0,2,,0.153959,0.158547,0.687494,,34161500,,
0,1,,0.097047,0.570261,0.332692,,34323700,,
0,2,,0.135621,0.142872,0.721507,,36131900,,
0,2,,0.06837,0.438858,0.492772,,35205700,,
0,2,,0.113063,0.386367,0.50057,,34617700,,
0,2,,0.122339,0.353636,0.524025,,34423200,,
0,2,,0.126792,0.12066,0.752549,,39338300,,
0,2,,0.312247,0.163459,0.524294,,34378000,,
0,2,,0.234896,0.298778,0.466326,,35007500,,
0,2,,0.287512,0.209922,0.502566,,37132800,,
0,0,,0.403915,0.242687,0.353398,,34015600,,
0,2,,0.152564,0.207144,0.640293,,34790200,,
0,2,,0.105944,0.301302,0.592754,,35683200,,
0,2,,0.058483,0.14365,0.797867,,39924100,,
0,2,,0.184863,0.315552,0.499585,,34227300,,
0,2,,0.069811,0.241324,0.688866,,35008800,,
0,2,,0.203932,0.261436,0.534632,,37297600,,
0,2,,0.096298,0.121202,0.782501,,35704000,,
0,2,,0.062328,0.144435,0.793237,,34179100,,
0,2,,0.332313,0.249999,0.417688,,37030400,,
0,2,,0.228569,0.331595,0.439835,,35121600,,
0,2,,0.330683,0.197961,0.471356,,37694100,,
0,2,,0.113534,0.185066,0.701399,,50232900,,
0,2,,0.308911,0.162115,0.528974,,39979300,,
0,2,,0.252672,0.253951,0.493377,,36599000,,
0,1,,0.203142,0.456081,0.340777,,34690300,,
0,2,,0.274441,0.170085,0.555474,,34896600,,
0,2,,0.231031,0.184382,0.584587,,39815300,,
0,2,,0.087127,0.121632,0.791241,,34571800,,
0,2,,0.075687,0.394984,0.529329,,34188000,,
0,1,,0.162056,0.43773,0.400213,,34094600,,
0,2,,0.252376,0.217209,0.530415,,35201000,,
0,2,,0.074282,0.117158,0.80856,,34081800,,
0,2,,0.258006,0.151778,0.590216,,33978500,,
0,1,,0.118167,0.560923,0.320911,,34963800,,
0,2,,0.13704,0.284818,0.578142,,33729200,,
0,2,,0.096765,0.149061,0.754174,,34835700,,
0,2,,0.173182,0.313882,0.512935,,34464600,,
0,0,,0.385797,0.274978,0.339225,,38003100,,
0,2,,0.070054,0.192247,0.737699,,37207500,,
0,2,,0.233254,0.19392,0.572826,,33833300,,
0,2,,0.084217,0.326128,0.589655,,35672800,,
0,2,,0.103047,0.150113,0.74684,,34979000,,
0,2,,0.236899,0.249557,0.513544,,33870600,,
0,2,,0.106257,0.176531,0.717212,,34639400,,
0,2,,0.230311,0.228379,0.54131,,34872200,,
0,2,,0.087057,0.367041,0.545902,,35413700,,
0,2,,0.068603,0.138733,0.792665,,35988200,,
0,2,,0.155421,0.236662,0.607917,,34497600,,
0,1,,0.205974,0.423242,0.370784,,34123400,,
0,2,,0.164362,0.193355,0.642283,,34674400,,
0,2,,0.127834,0.225951,0.646215,,41259800,,
0,1,,0.107011,0.447581,0.445408,,35335800,,
0,1,,0.165782,0.424668,0.409549,,35067600,,
0,2,,0.197298,0.224795,0.577907,,39174400,,
0,2,,0.102021,0.181674,0.716305,,40151600,,
0,2,,0.245721,0.25766,0.496618,,33908900,,
0,2,,0.082423,0.428419,0.489159,,34625600,,
0,2,,0.108694,0.166269,0.725037,,33795500,,
0,2,,0.167692,0.23143,0.600878,,35804900,,
0,2,,0.132922,0.214701,0.652377,,33838000,,
0,2,,0.096999,0.19539,0.707611,,34799900,,
0,1,,0.093886,0.550728,0.355387,,34421800,,
0,2,,0.247227,0.198437,0.554336,,33596600,,
0,2,,0.102426,0.192075,0.7055,,34195400,,
0,2,,0.108216,0.242867,0.648917,,33985800,,
0,2,,0.170439,0.215562,0.613999,,34158900,,
0,2,,0.141773,0.381153,0.477073,,34025400,,
0,2,,0.214923,0.147023,0.638055,,36007600,,
0,2,,0.193825,0.140278,0.665897,,33485600,,
0,2,,0.276434,0.192635,0.530931,,35953500,,
0,2,,0.330628,0.203149,0.466223,,36265400,,
0,2,,0.079887,0.241546,0.678567,,37197700,,
0,2,,0.302567,0.18792,0.509513,,34720100,,
0,1,,0.078366,0.51543,0.406204,,33841300,,
0,2,,0.183624,0.195022,0.621354,,34137400,,
0,2,,0.091206,0.117155,0.79164,,33296600,,
0,2,,0.159511,0.270614,0.569875,,34108600,,
0,2,,0.068296,0.174939,0.756765,,34296500,,
0,2,,0.137777,0.334,0.528223,,33855000,,
0,2,,0.11102,0.386793,0.502187,,34105100,,
0,2,,0.293543,0.346276,0.36018,,35579900,,
0,2,,0.145675,0.383269,0.471056,,34228200,,
0,2,,0.091044,0.167879,0.741078,,34292100,,
0,1,,0.125965,0.476454,0.397581,,34283000,,
0,2,,0.283609,0.234019,0.482372,,34414900,,
0,2,,0.092186,0.152712,0.755102,,34047400,,
0,2,,0.092272,0.144914,0.762814,,35906000,,
0,2,,0.297134,0.306664,0.396202,,35915900,,
0,2,,0.075296,0.437909,0.486796,,37733900,,
0,2,,0.130641,0.432042,0.437317,,36996800,,
0,1,,0.098811,0.52821,0.372979,,34978400,,
0,2,,0.218761,0.257481,0.523758,,34078000,,
0,2,,0.092324,0.196997,0.710679,,34662600,,
0,2,,0.083799,0.134664,0.781537,,36053800,,
0,2,,0.096237,0.224822,0.678941,,34523500,,
0,2,,0.295243,0.345575,0.359182,,34863100,,
0,2,,0.086343,0.121974,0.791683,,34899900,,
0,2,,0.077192,0.405601,0.517207,,36156000,,
0,2,,0.066172,0.158449,0.775379,,37608200,,
0,2,,0.067822,0.122924,0.809254,,34110600,,
0,2,,0.063589,0.186558,0.749853,,34916900,,
0,2,,0.122746,0.173061,0.704193,,37209100,,
0,2,,0.215467,0.137607,0.646926,,35260300,,
0,2,,0.065628,0.373022,0.56135,,33286100,,
0,2,,0.296126,0.153893,0.54998,,34395400,,
0,2,,0.144701,0.202875,0.652424,,34675900,,
0,2,,0.08303,0.08421,0.83276,,36338800,,
0,2,,0.101689,0.129465,0.768846,,34461900,,
0,2,,0.3145,0.265602,0.419898,,36688900,,
0,2,,0.087681,0.384293,0.528025,,39104600,,
0,2,,0.320317,0.281684,0.397999,,34475700,,
0,2,,0.133028,0.175413,0.691558,,34156900,,
0,1,,0.162795,0.433997,0.403208,,34343100,,
0,2,,0.079742,0.152595,0.767663,,38453900,,
0,2,,0.084083,0.226043,0.689874,,37115200,,
0,2,,0.071376,0.406761,0.521863,,35912400,,
0,1,,0.084825,0.602653,0.312522,,34191500,,
0,2,,0.294447,0.186774,0.518779,,34141300,,
0,2,,0.307308,0.139839,0.552853,,33726700,,
0,2,,0.222807,0.28942,0.487773,,34532500,,
0,2,,0.355189,0.126514,0.518297,,34050700,,
0,2,,0.194685,0.211826,0.593489,,34084200,,
0,2,,0.061521,0.150494,0.787986,,37099900,,
0,2,,0.082817,0.171449,0.745734,,35751200,,
0,2,,0.161141,0.143552,0.695307,,34037500,,
0,2,,0.142662,0.261093,0.596246,,34099900,,
0,2,,0.083814,0.402821,0.513365,,33545100,,
0,1,,0.090193,0.582707,0.3271,,37855600,,
0,1,,0.064324,0.516452,0.419224,,34198700,,
0,2,,0.195655,0.38467,0.419674,,34313000,,
0,2,,0.066948,0.093618,0.839433,,34172200,,
0,2,,0.309433,0.215381,0.475186,,33694000,,
0,2,,0.152018,0.191103,0.656878,,34714200,,
0,2,,0.211301,0.356989,0.43171,,34025600,,
0,2,,0.207999,0.182467,0.609535,,36177500,,
0,2,,0.187613,0.133492,0.678894,,35054700,,
0,1,,0.152721,0.539709,0.30757,,33653800,,
0,2,,0.104524,0.191694,0.703782,,34941200,,
0,2,,0.228131,0.333111,0.438758,,39918900,,
0,2,,0.118563,0.23277,0.648667,,34035000,,
0,2,,0.225912,0.175135,0.598953,,34284900,,
0,2,,0.272549,0.154211,0.57324,,34464500,,
0,2,,0.312199,0.228165,0.459636,,34469100,,
0,2,,0.124078,0.420363,0.45556,,37540200,,
0,2,,0.267276,0.281671,0.451052,,35387900,,
0,2,,0.058463,0.090868,0.85067,,47595300,,
0,2,,0.096457,0.400931,0.502612,,38486100,,
0,2,,0.144724,0.236587,0.618689,,36359300,,
0,2,,0.132457,0.399165,0.468378,,34362000,,
0,2,,0.307624,0.222039,0.470337,,34471500,,
0,2,,0.146005,0.306893,0.547102,,34802200,,
0,2,,0.268148,0.166463,0.565389,,33936200,,
0,2,,0.084754,0.434709,0.480537,,35344800,,
0,2,,0.078534,0.427674,0.493792,,34183700,,
0,1,,0.106797,0.584564,0.308638,,34783900,,
0,2,,0.316839,0.214129,0.469032,,34973600,,
0,1,,0.078075,0.519602,0.402323,,35421600,,
0,2,,0.387975,0.205616,0.406409,,39071600,,
0,2,,0.113357,0.144073,0.74257,,34396300,,
0,1,,0.215342,0.408149,0.376508,,34525800,,
0,1,,0.122468,0.531074,0.346458,,33429600,,
0,2,,0.314524,0.231379,0.454097,,34168600,,
0,2,,0.170313,0.190492,0.639196,,37141900,,
0,1,,0.114585,0.5617,0.323715,,35835400,,
0,2,,0.083122,0.161325,0.755553,,33833700,,
0,2,,0.179663,0.199821,0.620517,,33182100,,
0,2,,0.083481,0.364063,0.552456,,41269600,,
0,2,,0.321739,0.175464,0.502797,,36440600,,
0,2,,0.092672,0.240618,0.66671,,34068600,,
0,2,,0.351873,0.178929,0.469198,,35722600,,
0,2,,0.123476,0.172795,0.703729,,35617600,,
0,1,,0.039255,0.597029,0.363716,,34194100,,
0,2,,0.157439,0.230221,0.61234,,49015400,,
0,2,,0.177568,0.188746,0.633686,,39985800,,
0,2,,0.274256,0.174111,0.551633,,34991400,,
0,2,,0.088258,0.394099,0.517643,,34377300,,
0,2,,0.124513,0.139028,0.736459,,34208300,,
0,2,,0.117017,0.218216,0.664767,,39496300,,
0,1,,0.153802,0.530935,0.315263,,34383100,,
0,2,,0.038212,0.182434,0.779355,,37160800,,
0,2,,0.073015,0.400627,0.526359,,34225500,,
0,2,,0.185874,0.15918,0.654946,,33772200,,
0,1,,0.137118,0.473661,0.389221,,34836700,,
0,2,,0.118008,0.346359,0.535633,,34581700,,
0,2,,0.15911,0.419877,0.421013,,35005600,,
0,1,,0.293543,0.356276,0.35018,,34578800,,
0,2,,0.065432,0.158432,0.776136,,35084800,,
0,2,,0.219099,0.166251,0.61465,,34699400,,
0,0,,0.439564,0.184208,0.376227,,33576000,,
0,2,,0.153063,0.175806,0.671131,,45699200,,
0,2,,0.330583,0.240939,0.428478,,40038300,,
0,2,,0.145907,0.398021,0.456072,,35353500,,
0,2,,0.085592,0.291894,0.622514,,39502300,,
0,2,,0.123496,0.252703,0.623801,,36081800,,
0,2,,0.280431,0.159753,0.559816,,39123000,,
0,2,,0.130268,0.235056,0.634676,,35187500,,
0,1,,0.077929,0.513955,0.408116,,36086600,,
0,1,,0.230589,0.445643,0.323768,,36832300,,
0,2,,0.083552,0.397083,0.519364,,34784500,,
0,2,,0.089719,0.4418,0.468481,,35674100,,
0,2,,0.129304,0.355353,0.515343,,35205300,,
0,2,,0.115375,0.125136,0.759488,,34271100,,
0,1,,0.034961,0.575063,0.389976,,33875700,,
0,2,,0.339202,0.176297,0.4845,,34050400,,
0,2,,0.231197,0.275885,0.492918,,33948000,,
0,2,,0.083332,0.156333,0.760335,,35072900,,
0,2,,0.072399,0.346413,0.581189,,35587700,,
0,2,,0.158103,0.353997,0.4879,,34849100,,
0,2,,0.289979,0.204681,0.50534,,34507400,,
0,1,,0.106535,0.590948,0.302517,,33834500,,
0,2,,0.112837,0.204921,0.682242,,34590100,,
0,2,,0.068074,0.139855,0.792071,,34405400,,
0,2,,0.083351,0.322374,0.594275,,35621600,,
0,2,,0.118419,0.29252,0.589062,,36860600,,
0,2,,0.330148,0.177181,0.492671,,34041100,,
0,1,,0.110076,0.540233,0.349691,,33945200,,
0,0,,0.360036,0.34186,0.298104,,38477500,,
0,2,,0.072831,0.164364,0.762805,,34278600,,
0,2,,0.110859,0.4342,0.454941,,35351100,,
0,2,,0.25614,0.193374,0.550485,,34649600,,
0,1,,0.104599,0.553274,0.342127,,35323600,,
0,2,,0.206588,0.214182,0.57923,,35189900,,
0,2,,0.153893,0.289623,0.556484,,36380200,,
0,2,,0.115245,0.395224,0.489531,,40847200,,
0,2,,0.360467,0.165187,0.474346,,34330200,,
0,2,,0.069333,0.165862,0.764805,,34415500,,
0,2,,0.135756,0.250064,0.614179,,36351700,,
0,2,,0.080244,0.15198,0.767775,,34576500,,
0,2,,0.103685,0.138785,0.757529,,34172200,,
0,2,,0.364655,0.255189,0.380156,,34768600,,
0,0,,0.374413,0.255472,0.370116,,38297200,,
0,2,,0.185916,0.270061,0.544023,,45911800,,
0,2,,0.117791,0.360368,0.521841,,34732500,,
0,2,,0.100394,0.277209,0.622397,,36619900,,
0,2,,0.259975,0.261677,0.478347,,35577900,,
0,2,,0.11148,0.236568,0.651951,,35021100,,
0,2,,0.07299,0.169179,0.757831,,37983700,,
0,2,,0.227618,0.186697,0.585685,,36076100,,
0,2,,0.333495,0.254321,0.412184,,34313200,,
0,1,,0.125102,0.528181,0.346716,,35222000,,
0,2,,0.076297,0.137323,0.78638,,34656400,,
0,2,,0.106069,0.283178,0.610753,,35853800,,
0,1,,0.069152,0.594223,0.336625,,34569000,,
0,2,,0.300119,0.193682,0.506199,,33818200,,
