connect-4,Rotf,test,3,NANOSECONDS,PREDICTIONS, Generated by ClassifierExperiments.java on 2022-05-17 01:33:23.    SYSTEMPROPERTIES:{user.name:matth,os.arch:amd64,os.name:Windows 10},ENDSYSTEMPROPERTIES
No parameter info
0.8360716400236826,516457155200,5594164000,-1,290870160,3,,-1,-1
0,0,,0.374885,0.25925,0.365865,,831000,,
0,0,,0.709393,0.252787,0.03782,,1015300,,
0,2,,0.02476,0.353564,0.621676,,650600,,
0,1,,0.391429,0.577619,0.030952,,408100,,
0,1,,0.192255,0.655694,0.152051,,361200,,
0,1,,0.262122,0.472958,0.26492,,353300,,
0,2,,0.041929,0.406993,0.551079,,564200,,
0,2,,0.462519,0.050146,0.487334,,435500,,
0,1,,0.397301,0.473532,0.129167,,391300,,
0,2,,0.135397,0.291313,0.57329,,438000,,
0,1,,0.123076,0.6317,0.245224,,442500,,
0,2,,0.111403,0.10811,0.780487,,423600,,
0,2,,0.128576,0.015379,0.856045,,455100,,
0,2,,0.45039,0.072142,0.477468,,493000,,
0,1,,0.132263,0.521793,0.345944,,350600,,
0,2,,0.063781,0.026377,0.909841,,332000,,
0,1,,0.318077,0.459155,0.222768,,435400,,
0,1,,0.109286,0.767457,0.123258,,426400,,
0,2,,0.033612,0.014054,0.952334,,529500,,
0,0,,0.906457,0.022873,0.07067,,390900,,
0,2,,0.13447,0.079758,0.785773,,421600,,
0,2,,0.063106,0.119525,0.817368,,383600,,
0,2,,0.37012,0.206716,0.423164,,407200,,
0,1,,0.018008,0.942025,0.039967,,450400,,
0,2,,0.122343,0.406603,0.471054,,512300,,
0,1,,0.261188,0.656971,0.081842,,462000,,
0,2,,0.012303,0.310358,0.677339,,441800,,
0,1,,0.352893,0.373318,0.273788,,404200,,
0,1,,0.109055,0.701984,0.188961,,393500,,
0,1,,0.089585,0.479476,0.430939,,371900,,
0,2,,0.046808,0.00806,0.945132,,326000,,
0,2,,0.373199,0.027009,0.599791,,347800,,
0,2,,0.110926,0.302068,0.587006,,348100,,
0,2,,0.312588,0.101942,0.58547,,507300,,
0,2,,0.179038,0.337507,0.483455,,451300,,
0,0,,0.445924,0.258838,0.295238,,362500,,
0,2,,0.19923,0.028244,0.772526,,366100,,
0,2,,0.052356,0.19,0.757643,,420300,,
0,2,,0.15974,0.180966,0.659294,,355900,,
0,0,,0.855749,0.063303,0.080948,,396500,,
0,2,,0.182584,0.39466,0.422756,,384900,,
0,1,,0.099665,0.461129,0.439206,,362700,,
0,1,,0.236195,0.607134,0.156671,,365600,,
0,2,,0.364793,0.064096,0.571111,,436400,,
0,1,,0.014331,0.739322,0.246347,,348100,,
0,0,,0.553018,0.005882,0.4411,,612300,,
0,2,,0.131502,0.300185,0.568313,,533600,,
0,1,,0.034723,0.559537,0.40574,,663200,,
0,1,,0.367847,0.554808,0.077345,,624600,,
0,2,,0.172553,0.047174,0.780273,,642000,,
0,2,,0.142842,0.336235,0.520923,,502000,,
0,2,,0.239051,0.021506,0.739443,,377000,,
0,2,,0.284437,0.181451,0.534112,,397400,,
0,2,,0.1249,0.169811,0.70529,,403500,,
0,2,,0.157214,0.110213,0.732573,,386500,,
0,2,,0.294806,0.061618,0.643576,,356400,,
0,2,,0.10854,0.114933,0.776527,,327800,,
0,2,,0.176699,0.040727,0.782574,,347000,,
0,1,,0.286339,0.401192,0.312469,,414000,,
0,2,,0.352412,0.170384,0.477204,,546100,,
0,2,,0.214712,0.020424,0.764864,,479700,,
0,2,,0.118208,0.02236,0.859433,,510400,,
0,2,,0.093998,0.16049,0.745511,,467900,,
0,2,,0.137557,0.331354,0.531089,,474200,,
0,1,,0.120162,0.657985,0.221853,,564100,,
0,2,,0.115524,0.0299,0.854575,,477100,,
0,1,,0.132752,0.641222,0.226026,,405900,,
0,1,,0.172822,0.509878,0.317299,,371800,,
0,1,,0.158944,0.562115,0.27894,,401000,,
0,1,,0.144375,0.471313,0.384312,,502000,,
0,2,,0.007688,0.18294,0.809372,,443200,,
0,2,,0.040245,0.034203,0.925552,,444600,,
0,0,,0.751766,0.079689,0.168545,,430400,,
0,1,,0.087735,0.496504,0.415761,,363100,,
0,2,,0.119117,0.012853,0.86803,,338600,,
0,2,,0.0317,0.21428,0.75402,,405300,,
0,2,,0.104268,0.125106,0.770625,,354200,,
0,2,,0.066554,0.05876,0.874686,,364500,,
0,2,,0.030522,0.292898,0.676581,,445300,,
0,2,,0.130526,0.063544,0.805929,,391900,,
0,0,,0.763745,0.215909,0.020346,,599900,,
0,2,,0.175204,0.040797,0.784,,718300,,
0,1,,0.055443,0.483016,0.461541,,617000,,
0,1,,0.3125,0.501389,0.186111,,601800,,
0,1,,0.30275,0.635338,0.061913,,514700,,
0,2,,0.262397,0.127815,0.609788,,422400,,
0,2,,0.032637,0.323299,0.644065,,486300,,
0,0,,0.53912,0.125821,0.335059,,487200,,
0,2,,0.092066,0.125902,0.782033,,413000,,
0,2,,0.02922,0.034551,0.936229,,421100,,
0,1,,0.29626,0.64124,0.0625,,475800,,
0,2,,0.065266,0.278289,0.656445,,512400,,
0,2,,0.056967,0.076411,0.866622,,488500,,
0,0,,0.435021,0.246797,0.318182,,512800,,
0,0,,0.727421,0.155794,0.116786,,615400,,
0,2,,0.215828,0.168606,0.615566,,548200,,
0,2,,0.15121,0.036515,0.812274,,585400,,
0,1,,0.118892,0.628934,0.252174,,510700,,
0,1,,0.246122,0.513542,0.240336,,427400,,
0,0,,0.642734,0.021531,0.335735,,412200,,
0,2,,0.085643,0.281405,0.632953,,427000,,
0,2,,0.26768,0.22909,0.50323,,433100,,
0,1,,0.280025,0.443364,0.276611,,385200,,
0,0,,0.596484,0.101026,0.30249,,376500,,
0,1,,0.187469,0.746156,0.066375,,349400,,
0,1,,0.186293,0.407994,0.405713,,346000,,
0,0,,0.546493,0.259919,0.193588,,332900,,
0,2,,0.418041,0.013361,0.568598,,352300,,
0,2,,0.213013,0.223543,0.563444,,498600,,
0,0,,0.602229,0.128979,0.268792,,473800,,
0,2,,0.326618,0.229738,0.443644,,428400,,
0,2,,0.267376,0.231631,0.500993,,438900,,
0,0,,0.549441,0.281725,0.168834,,442100,,
0,0,,0.436905,0.382143,0.180952,,404900,,
0,2,,0.02502,0.132785,0.842196,,432400,,
0,2,,0.143995,0.373971,0.482034,,366400,,
0,2,,0.073124,0.290157,0.636719,,422100,,
0,2,,0.309343,0.039746,0.650911,,357000,,
0,1,,0.213443,0.573723,0.212834,,346300,,
0,2,,0.325475,0.227429,0.447097,,399100,,
0,0,,0.411085,0.206577,0.382338,,388800,,
0,1,,0.170772,0.774014,0.055214,,417500,,
0,0,,0.609708,0.155807,0.234485,,411800,,
0,2,,0.104268,0.125106,0.770625,,325300,,
0,1,,0.384046,0.480239,0.135714,,360100,,
0,2,,0.169427,0.280061,0.550512,,353200,,
0,1,,0.10068,0.587262,0.312058,,336300,,
0,0,,0.683047,0.015568,0.301385,,462800,,
0,1,,0.344946,0.448147,0.206907,,428800,,
0,1,,0.16571,0.434865,0.399425,,361900,,
0,2,,0.034901,0.145602,0.819497,,355100,,
0,1,,0.323803,0.382295,0.293901,,334000,,
0,2,,0.191559,0.360762,0.447679,,369300,,
0,0,,0.528898,0.364106,0.106996,,415400,,
0,0,,0.735456,0.195313,0.069231,,380200,,
0,2,,0.021839,0.015567,0.962594,,359500,,
0,1,,0.163574,0.432612,0.403815,,340200,,
0,2,,0.148283,0.275758,0.57596,,410200,,
0,2,,0.070675,0.241409,0.687916,,378900,,
0,2,,0.088052,0.033648,0.8783,,415000,,
0,2,,0.015624,0.012031,0.972345,,410300,,
0,1,,0.25457,0.608667,0.136763,,363200,,
0,2,,0.060094,0.338471,0.601435,,351500,,
0,2,,0.158295,0.346013,0.495692,,307000,,
0,2,,0.156602,0.05209,0.791308,,342600,,
0,2,,0.253849,0.304657,0.441494,,389900,,
0,2,,0.201574,0.172951,0.625475,,470500,,
0,0,,0.490925,0.165617,0.343458,,394000,,
0,2,,0.358454,0.041006,0.60054,,339100,,
0,2,,0.352092,0.113502,0.534406,,362400,,
0,0,,0.421561,0.310778,0.267661,,350000,,
0,0,,0.406349,0.394048,0.199603,,337200,,
0,2,,0.312074,0.096455,0.591471,,361400,,
0,1,,0.253484,0.511756,0.23476,,372000,,
0,2,,0.034731,0.211089,0.75418,,353500,,
0,1,,0.356167,0.619759,0.024074,,333900,,
0,2,,0.03688,0.028727,0.934393,,335600,,
0,2,,0.01795,0.156539,0.825511,,392700,,
0,0,,0.518638,0.024863,0.456499,,356300,,
0,2,,0.129036,0.127187,0.743777,,458300,,
0,1,,0.015833,0.699722,0.284444,,416100,,
0,1,,0.232585,0.508532,0.258883,,374400,,
0,2,,0.280533,0.093787,0.62568,,438400,,
0,0,,0.616667,0.166667,0.216667,,422300,,
0,0,,0.661051,0.17612,0.162829,,607000,,
0,2,,0.126832,0.022454,0.850713,,504600,,
0,0,,0.675681,0.122652,0.201667,,489200,,
0,2,,0.222141,0.161161,0.616698,,434500,,
0,0,,0.661182,0.111109,0.227709,,390100,,
0,2,,0.240534,0.151923,0.607542,,436900,,
0,2,,0.252023,0.37168,0.376298,,463200,,
0,2,,0.229998,0.134073,0.63593,,432600,,
0,2,,0.232229,0.028446,0.739325,,455200,,
0,1,,0.360369,0.361006,0.278625,,447700,,
0,2,,0.049212,0.432399,0.518389,,397200,,
0,2,,0.11855,0.068239,0.81321,,403300,,
0,2,,0.3751,0.222369,0.402531,,387000,,
0,2,,0.208088,0.336313,0.455599,,387300,,
0,0,,0.772861,0.200441,0.026698,,311500,,
0,1,,0.194802,0.675475,0.129723,,342400,,
0,2,,0.148147,0.028815,0.823038,,425800,,
0,2,,0.306205,0.234099,0.459696,,427400,,
0,2,,0.255867,0.342428,0.401706,,461700,,
0,2,,0.075278,0.237776,0.686946,,389000,,
0,2,,0.04976,0.22884,0.7214,,376100,,
0,2,,0.17164,0.242873,0.585487,,339300,,
0,1,,0.16539,0.437635,0.396976,,358800,,
0,2,,0.22187,0.02511,0.753019,,386400,,
0,2,,0.216545,0.089995,0.69346,,411300,,
0,0,,0.425026,0.171586,0.403388,,375200,,
0,2,,0.278654,0.083406,0.63794,,336600,,
0,2,,0.132474,0.337302,0.530225,,312500,,
0,1,,0.203692,0.763168,0.03314,,285900,,
0,2,,0.245354,0.326167,0.428479,,411300,,
0,2,,0.304076,0.33277,0.363154,,442100,,
0,2,,0.169303,0.303656,0.527041,,445300,,
0,1,,0.061398,0.647832,0.29077,,419300,,
0,1,,0.083867,0.498037,0.418097,,399100,,
0,2,,0.024365,0.07816,0.897476,,371300,,
0,1,,0.369167,0.433822,0.197011,,367300,,
0,2,,0.028039,0.016884,0.955077,,331000,,
0,0,,0.591285,0.184394,0.224321,,417800,,
0,0,,0.471057,0.18014,0.348803,,440100,,
0,2,,0.148536,0.095713,0.755751,,377400,,
0,1,,0.257108,0.701137,0.041755,,423300,,
0,2,,0.154842,0.137354,0.707804,,354100,,
0,2,,0.027547,0.016771,0.955681,,382700,,
0,1,,0.408842,0.44194,0.149217,,443600,,
0,1,,0.051922,0.752374,0.195704,,382700,,
0,2,,0.139061,0.102454,0.758485,,385100,,
0,2,,0.105687,0.054899,0.839414,,352700,,
0,1,,0.35281,0.473002,0.174188,,363500,,
0,1,,0.194921,0.42644,0.378638,,345700,,
0,2,,0.248519,0.266262,0.485219,,395700,,
0,1,,0.151455,0.840678,0.007868,,497800,,
0,2,,0.323254,0.231538,0.445209,,586400,,
0,2,,0.159533,0.069661,0.770806,,506100,,
0,2,,0.234262,0.091756,0.673983,,527300,,
0,1,,0.119269,0.667194,0.213537,,436500,,
0,2,,0.111709,0.283319,0.604972,,471200,,
0,2,,0.124848,0.435898,0.439254,,383900,,
0,2,,0.273917,0.067002,0.659081,,353500,,
0,2,,0.201109,0.069671,0.72922,,339500,,
0,2,,0.033855,0.222929,0.743216,,375600,,
0,0,,0.473188,0.189855,0.336957,,363500,,
0,1,,0.019763,0.932739,0.047498,,369100,,
0,2,,0.240978,0.377274,0.381749,,328800,,
0,1,,0.056665,0.760135,0.183201,,332100,,
0,2,,0.05974,0.125267,0.814993,,310200,,
0,2,,0.08735,0.143829,0.768821,,296500,,
0,2,,0.063022,0.116172,0.820807,,309000,,
0,2,,0.267287,0.180517,0.552197,,397900,,
0,2,,0.296758,0.129762,0.57348,,407100,,
0,2,,0.249606,0.028416,0.721978,,526300,,
0,0,,0.553052,0.232662,0.214286,,540600,,
0,1,,0.021559,0.944015,0.034427,,453000,,
0,1,,0.395734,0.565063,0.039203,,405900,,
0,1,,0.12313,0.60662,0.270251,,422100,,
0,0,,0.49975,0.154,0.34625,,457700,,
0,2,,0.193564,0.105807,0.700629,,406300,,
0,2,,0.047794,0.009679,0.942527,,407500,,
0,2,,0.335067,0.122757,0.542176,,391000,,
0,1,,0.3958,0.422991,0.181209,,371600,,
0,2,,0.11357,0.229152,0.657277,,454500,,
0,0,,0.585437,0.143929,0.270635,,412400,,
0,2,,0.22455,0.030811,0.74464,,329700,,
0,2,,0.070469,0.03863,0.890901,,338600,,
0,2,,0.15845,0.124481,0.717068,,339000,,
0,2,,0.045,0.025987,0.929014,,385200,,
0,1,,0.419841,0.552937,0.027222,,382600,,
0,2,,0.038742,0.115731,0.845527,,454100,,
0,2,,0.050717,0.304631,0.644652,,366700,,
0,1,,0.048335,0.668376,0.283289,,320500,,
0,2,,0.082365,0.057514,0.860121,,320100,,
0,2,,0.041704,0.022087,0.936209,,337400,,
0,2,,0.305602,0.217231,0.477167,,315600,,
0,2,,0.365785,0.141748,0.492468,,383400,,
0,2,,0.059508,0.221867,0.718625,,369800,,
0,1,,0.237469,0.567352,0.19518,,355200,,
0,1,,0.308335,0.350272,0.341393,,352800,,
0,0,,0.53459,0.165263,0.300147,,400400,,
0,1,,0.123256,0.513065,0.363679,,334900,,
0,1,,0.108938,0.806927,0.084135,,336900,,
0,0,,0.903458,0.040232,0.05631,,362100,,
0,1,,0.065443,0.697066,0.237491,,391600,,
0,2,,0.295169,0.05671,0.648122,,386000,,
0,0,,0.483493,0.108987,0.40752,,338700,,
0,2,,0.016201,0.200048,0.783752,,368200,,
0,1,,0.028921,0.785645,0.185435,,342200,,
0,1,,0.0625,0.559743,0.377757,,463600,,
0,2,,0.280729,0.197743,0.521528,,434700,,
0,0,,0.763347,0.116229,0.120424,,382900,,
0,1,,0.262136,0.724376,0.013488,,406200,,
0,2,,0.370944,0.067625,0.561431,,401700,,
0,0,,0.522222,0.452778,0.025,,350400,,
0,1,,0.077828,0.665299,0.256872,,395900,,
0,1,,0.099881,0.558373,0.341746,,437500,,
0,1,,0.440839,0.533466,0.025695,,412600,,
0,1,,0.095296,0.848262,0.056442,,328500,,
0,1,,0.424127,0.54972,0.026152,,314000,,
0,2,,0.040937,0.433852,0.525211,,342600,,
0,2,,0.231273,0.093698,0.675029,,381500,,
0,2,,0.187765,0.188881,0.623354,,369500,,
0,1,,0.410785,0.419491,0.169723,,342500,,
0,2,,0.076922,0.060386,0.862691,,324700,,
0,2,,0.142233,0.200481,0.657286,,355400,,
0,2,,0.017559,0.210645,0.771796,,348000,,
0,2,,0.36381,0.172878,0.463312,,457200,,
0,1,,0.155368,0.4404,0.404232,,429400,,
0,2,,0.054907,0.084358,0.860736,,398200,,
0,1,,0.090992,0.776109,0.132899,,395200,,
0,2,,0.117712,0.28428,0.598008,,462600,,
0,2,,0.124463,0.053098,0.822439,,510100,,
0,1,,0.255001,0.742367,0.002632,,679100,,
0,2,,0.440076,0.028489,0.531435,,503200,,
0,2,,0.033542,0.202177,0.764281,,368200,,
0,0,,0.824087,0.103346,0.072567,,323200,,
0,2,,0.309975,0.140081,0.549944,,358000,,
0,1,,0.269943,0.39281,0.337247,,343500,,
0,2,,0.131938,0.384039,0.484023,,356100,,
0,2,,0.230592,0.307537,0.461871,,403100,,
0,2,,0.189736,0.03414,0.776124,,352600,,
0,2,,0.176716,0.126276,0.697009,,336300,,
0,2,,0.0277,0.047232,0.925068,,330600,,
0,0,,0.742057,0.031095,0.226848,,386300,,
0,0,,0.497549,0.321569,0.180882,,524600,,
0,0,,0.433677,0.243122,0.3232,,649800,,
0,0,,0.77,0.21,0.02,,489600,,
0,2,,0.077422,0.341276,0.581302,,423100,,
0,2,,0.030745,0.012774,0.956481,,459400,,
0,1,,0.181818,0.564369,0.253813,,470000,,
0,0,,0.398377,0.330406,0.271218,,611300,,
0,0,,0.508327,0.238559,0.253114,,430400,,
0,2,,0.014596,0.104564,0.880839,,375800,,
0,0,,0.497543,0.301934,0.200523,,442400,,
0,0,,0.697894,0.089853,0.212253,,426000,,
0,0,,0.479489,0.383543,0.136968,,419300,,
0,0,,0.724539,0.181877,0.093584,,421500,,
0,0,,0.696204,0.104113,0.199684,,368800,,
0,2,,0.416678,0.140616,0.442706,,405500,,
0,0,,0.829401,0.140144,0.030455,,368100,,
0,2,,0.265371,0.174006,0.560623,,335600,,
0,2,,0.147291,0.196727,0.655983,,355100,,
0,2,,0.061699,0.377753,0.560548,,391300,,
0,1,,0.068661,0.641706,0.289633,,413200,,
0,1,,0.044139,0.589409,0.366453,,330600,,
0,2,,0.093239,0.39591,0.510851,,399300,,
0,2,,0.02309,0.022095,0.954815,,342400,,
0,2,,0.320704,0.08785,0.591446,,443800,,
0,2,,0.199859,0.39369,0.40645,,430600,,
0,1,,0.30626,0.496407,0.197333,,445800,,
0,1,,0.124638,0.675147,0.200215,,434400,,
0,2,,0.224999,0.247244,0.527756,,372200,,
0,2,,0.105687,0.21348,0.680833,,362700,,
0,1,,0.197404,0.719811,0.082785,,420800,,
0,1,,0.214909,0.735403,0.049687,,463900,,
0,0,,0.516841,0.307919,0.17524,,639600,,
0,2,,0.433626,0.102176,0.464199,,582100,,
0,2,,0.364614,0.267335,0.368051,,510200,,
0,2,,0.18607,0.061839,0.752092,,382900,,
0,0,,0.646641,0.278375,0.074984,,351200,,
0,1,,0.202538,0.751812,0.045651,,386300,,
0,1,,0.245073,0.47881,0.276117,,360700,,
0,2,,0.205991,0.095284,0.698724,,357400,,
0,2,,0.193365,0.008571,0.798063,,353400,,
0,2,,0.037668,0.036971,0.925361,,369600,,
0,1,,0.231754,0.399549,0.368697,,331900,,
0,2,,0.142844,0.222927,0.634229,,351200,,
0,2,,0.071334,0.06899,0.859675,,373600,,
0,1,,0.320754,0.516548,0.162698,,325400,,
0,1,,0.1232,0.521189,0.355611,,338700,,
0,2,,0.298041,0.26102,0.44094,,420700,,
0,2,,0.242222,0.02988,0.727898,,335400,,
0,2,,0.394505,0.069694,0.535801,,381600,,
0,1,,0.283874,0.53313,0.182996,,463500,,
0,1,,0.347852,0.565421,0.086727,,376800,,
0,2,,0.327959,0.32363,0.348412,,379800,,
0,2,,0.159217,0.296408,0.544375,,364600,,
0,0,,0.825673,0.13516,0.039167,,340900,,
0,1,,0.098511,0.854249,0.04724,,375600,,
0,2,,0.210306,0.328457,0.461238,,418500,,
0,2,,0.081473,0.04918,0.869347,,411400,,
0,2,,0.03552,0.214369,0.750111,,331700,,
0,1,,0.255049,0.524001,0.22095,,329000,,
0,1,,0.063624,0.682145,0.254231,,362800,,
0,0,,0.416906,0.210719,0.372374,,459600,,
0,0,,0.58828,0.064015,0.347705,,445800,,
0,0,,0.419333,0.245333,0.335333,,356800,,
0,2,,0.247196,0.352725,0.400079,,377100,,
0,2,,0.281389,0.287041,0.43157,,389800,,
0,0,,0.616667,0.233333,0.15,,355400,,
0,1,,0.246373,0.632537,0.12109,,361000,,
0,0,,0.357904,0.336122,0.305975,,460500,,
0,0,,0.412619,0.247778,0.339603,,382400,,
0,2,,0.051335,0.168983,0.779682,,407500,,
0,2,,0.379869,0.146886,0.473244,,409500,,
0,2,,0.067582,0.321968,0.61045,,422600,,
0,0,,0.590192,0.407244,0.002564,,427800,,
0,2,,0.264063,0.208013,0.527924,,414500,,
0,2,,0.047886,0.025595,0.926519,,371000,,
0,1,,0.256802,0.406725,0.336473,,342000,,
0,2,,0.233328,0.135898,0.630774,,356300,,
0,2,,0.31073,0.190192,0.499077,,374300,,
0,2,,0.149062,0.203939,0.646999,,400500,,
0,2,,0.001493,0.121663,0.876845,,486400,,
0,0,,0.537466,0.350995,0.111538,,533500,,
0,2,,0.358795,0.085878,0.555327,,425000,,
0,2,,0.05039,0.10277,0.84684,,395500,,
0,2,,0.0511,0.400203,0.548697,,445400,,
0,2,,0.187201,0.082124,0.730676,,738300,,
0,2,,0.047794,0.009679,0.942527,,1013700,,
0,2,,0.027851,0.031711,0.940438,,688700,,
0,1,,0.042829,0.941325,0.015846,,410100,,
0,0,,0.380404,0.348157,0.271439,,373300,,
0,1,,0.047317,0.622657,0.330026,,403100,,
0,1,,0.25156,0.601754,0.146687,,360800,,
0,2,,0.127128,0.046012,0.82686,,350700,,
0,1,,0.099286,0.8106,0.090114,,373300,,
0,1,,0.301257,0.54447,0.154273,,344800,,
0,0,,0.434104,0.13684,0.429056,,309400,,
0,2,,0.130892,0.06887,0.800239,,317500,,
0,0,,0.800593,0.137989,0.061418,,344900,,
0,1,,0.127172,0.495429,0.377399,,406400,,
0,1,,0.166081,0.44266,0.391259,,413900,,
0,1,,0.162726,0.780458,0.056817,,485700,,
0,0,,0.673571,0.179921,0.146508,,378300,,
0,2,,0.027087,0.011417,0.961496,,364100,,
0,2,,0.018376,0.274496,0.707128,,418700,,
0,0,,0.583663,0.120824,0.295513,,438300,,
0,2,,0.243414,0.084225,0.672361,,495200,,
0,1,,0.226916,0.500718,0.272366,,478100,,
0,2,,0.135543,0.159852,0.704605,,527900,,
0,1,,0.036155,0.800021,0.163824,,457600,,
0,0,,0.670982,0.237538,0.09148,,487300,,
0,1,,0.216785,0.449473,0.333742,,521800,,
0,2,,0.150215,0.340739,0.509046,,423200,,
0,0,,0.755397,0.169048,0.075556,,392400,,
0,2,,0.132381,0.054283,0.813337,,417900,,
0,1,,0.251385,0.488268,0.260346,,389000,,
0,2,,0.155995,0.394556,0.449449,,437800,,
0,2,,0.37753,0.050318,0.572151,,739600,,
0,2,,0.30677,0.253311,0.43992,,625000,,
0,0,,0.781298,0.088645,0.130057,,483000,,
0,0,,0.745961,0.055775,0.198263,,405800,,
0,0,,0.423552,0.188238,0.38821,,391200,,
0,1,,0.249426,0.650382,0.100192,,495800,,
0,0,,0.695278,0.293611,0.011111,,502700,,
0,2,,0.212644,0.107343,0.680012,,437100,,
0,0,,0.599633,0.251135,0.149231,,488600,,
0,0,,0.62406,0.074167,0.301773,,403500,,
0,1,,0.365629,0.414417,0.219954,,412500,,
0,2,,0.037588,0.270088,0.692324,,401600,,
0,2,,0.12389,0.027497,0.848613,,416000,,
0,0,,0.512849,0.282321,0.20483,,453200,,
0,1,,0.242788,0.394491,0.362721,,522700,,
0,2,,0.184026,0.350317,0.465657,,390600,,
0,2,,0.099245,0.162287,0.738468,,381700,,
0,0,,0.505952,0.283968,0.210079,,407600,,
0,0,,0.717886,0.221508,0.060606,,412400,,
0,2,,0.245414,0.276874,0.477712,,387200,,
0,2,,0.402143,0.155952,0.441905,,366400,,
0,2,,0.118871,0.296455,0.584674,,384500,,
0,1,,0.212467,0.779018,0.008514,,395300,,
0,2,,0.091122,0.124945,0.783933,,378100,,
0,1,,0.133986,0.856923,0.009091,,449500,,
0,1,,0.06965,0.739605,0.190745,,451600,,
0,0,,0.421626,0.307313,0.271061,,445000,,
0,2,,0.186591,0.065144,0.748265,,430700,,
0,2,,0.124581,0.104133,0.771286,,401900,,
0,2,,0.143202,0.403771,0.453027,,486100,,
0,1,,0.180262,0.630819,0.188918,,414700,,
0,1,,0.395784,0.481667,0.122549,,530500,,
0,0,,0.616486,0.208065,0.17545,,457000,,
0,2,,0.157459,0.223292,0.619248,,411200,,
0,2,,0.339713,0.206868,0.453419,,359400,,
0,0,,0.698919,0.245519,0.055562,,407700,,
0,1,,0.108655,0.880309,0.011036,,417000,,
0,2,,0.198668,0.093251,0.708081,,516400,,
0,2,,0.05507,0.145495,0.799435,,412500,,
0,1,,0.467332,0.47926,0.053408,,413400,,
0,1,,0.0172,0.501254,0.481546,,367300,,
0,2,,0.088563,0.01237,0.899066,,389000,,
0,1,,0.304352,0.61745,0.078199,,486900,,
0,0,,0.336354,0.329095,0.334551,,406100,,
0,2,,0.046037,0.461219,0.492744,,335200,,
0,0,,0.752381,0.030952,0.216667,,379700,,
0,2,,0.045456,0.0355,0.919044,,370300,,
0,2,,0.099427,0.318785,0.581788,,409700,,
0,0,,0.551564,0.309602,0.138834,,471100,,
0,2,,0.219936,0.157758,0.622306,,414300,,
0,0,,0.594283,0.070817,0.334899,,449700,,
0,2,,0.029436,0.011675,0.958889,,388000,,
0,2,,0.213427,0.209815,0.576757,,380700,,
0,2,,0.438255,0.087008,0.474737,,323700,,
0,2,,0.295367,0.054368,0.650265,,378900,,
0,0,,0.631601,0.083021,0.285378,,380100,,
0,0,,0.558048,0.328362,0.11359,,382500,,
0,2,,0.158234,0.375484,0.466282,,393000,,
0,2,,0.01732,0.038712,0.943968,,368000,,
0,2,,0.048223,0.03913,0.912647,,341800,,
0,0,,0.591625,0.191443,0.216932,,381500,,
0,1,,0.149959,0.480549,0.369492,,393800,,
0,1,,0.335714,0.454068,0.210218,,382000,,
0,1,,0.337991,0.460398,0.20161,,369700,,
0,0,,0.476517,0.313497,0.209986,,320200,,
0,1,,0.028657,0.561566,0.409778,,422700,,
0,2,,0.330229,0.307968,0.361803,,433100,,
0,2,,0.028072,0.021677,0.950251,,371900,,
0,1,,0.133759,0.766472,0.09977,,363300,,
0,2,,0.246205,0.262608,0.491187,,345100,,
0,2,,0.38264,0.214272,0.403088,,335300,,
0,1,,0.223214,0.542619,0.234167,,341900,,
0,1,,0.189531,0.498249,0.31222,,331500,,
0,2,,0.167726,0.321603,0.510671,,336000,,
0,1,,0.305302,0.461702,0.232996,,403700,,
0,2,,0.101388,0.355501,0.54311,,323900,,
0,2,,0.357449,0.200986,0.441565,,317100,,
0,2,,0.071002,0.178887,0.750111,,295000,,
0,2,,0.071245,0.065499,0.863255,,327400,,
0,1,,0.243242,0.505092,0.251667,,300700,,
0,1,,0.092,0.602556,0.305444,,326600,,
0,2,,0.291536,0.291405,0.417059,,363800,,
0,2,,0.047966,0.210692,0.741342,,355600,,
0,1,,0.034767,0.545625,0.419608,,388100,,
0,0,,0.694669,0.058506,0.246824,,465700,,
0,2,,0.261986,0.216443,0.521571,,572500,,
0,2,,0.287268,0.349465,0.363267,,568900,,
0,1,,0.134515,0.76589,0.099595,,526400,,
0,2,,0.07304,0.142315,0.784644,,440700,,
0,2,,0.11987,0.291383,0.588747,,401800,,
0,2,,0.136667,0.166712,0.696621,,351000,,
0,1,,0.213793,0.743069,0.043138,,324900,,
0,2,,0.056609,0.023958,0.919433,,434500,,
0,2,,0.060816,0.040158,0.899026,,284800,,
0,1,,0.107619,0.623929,0.268452,,324500,,
0,2,,0.192046,0.191304,0.616649,,293800,,
0,2,,0.261231,0.100666,0.638103,,368900,,
0,2,,0.137884,0.052771,0.809346,,370800,,
0,2,,0.093463,0.065356,0.841181,,347200,,
0,2,,0.067558,0.299247,0.633195,,329800,,
0,2,,0.396825,0.071384,0.531791,,330400,,
0,2,,0.400769,0.017069,0.582162,,365800,,
0,0,,0.642168,0.226721,0.131111,,383600,,
0,0,,0.55294,0.385191,0.061869,,449100,,
0,1,,0.138377,0.583644,0.27798,,408600,,
0,2,,0.110542,0.073083,0.816375,,338000,,
0,1,,0.183051,0.531866,0.285083,,321200,,
0,0,,0.446492,0.227477,0.32603,,300800,,
0,2,,0.007792,0.045,0.947208,,307500,,
0,0,,0.55697,0.046212,0.396818,,356000,,
0,2,,0.178474,0.059713,0.761813,,444100,,
0,2,,0.074495,0.397002,0.528503,,408500,,
0,2,,0.124872,0.336769,0.538359,,396100,,
0,2,,0.18132,0.213471,0.605208,,375200,,
0,0,,0.471702,0.187464,0.340834,,486900,,
0,2,,0.061884,0.085559,0.852557,,513200,,
0,1,,0.09518,0.875822,0.028997,,578800,,
0,2,,0.431386,0.096408,0.472207,,446200,,
0,2,,0.09974,0.399087,0.501173,,467200,,
0,2,,0.021715,0.023913,0.954372,,494300,,
0,1,,0.115516,0.703702,0.180781,,470500,,
0,2,,0.084496,0.033883,0.881621,,494800,,
0,2,,0.058784,0.127617,0.813599,,560800,,
0,2,,0.486927,0.01618,0.496892,,461500,,
0,1,,0.220881,0.477701,0.301418,,404100,,
0,2,,0.148578,0.014156,0.837265,,354400,,
0,2,,0.059031,0.239025,0.701944,,391100,,
0,0,,0.340994,0.333418,0.325589,,433900,,
0,2,,0.029541,0.116654,0.853805,,367900,,
0,0,,0.562823,0.065057,0.372121,,411500,,
0,0,,0.414196,0.373998,0.211806,,355800,,
0,1,,0.164054,0.519139,0.316807,,302200,,
0,2,,0.116936,0.2136,0.669464,,322900,,
0,1,,0.368779,0.487067,0.144153,,361800,,
0,2,,0.093271,0.364689,0.542041,,340800,,
0,2,,0.134431,0.162184,0.703386,,390600,,
0,0,,0.591638,0.042797,0.365564,,402700,,
0,1,,0.292198,0.690894,0.016908,,405300,,
0,2,,0.082867,0.096068,0.821065,,397400,,
0,2,,0.163496,0.31923,0.517274,,353300,,
0,2,,0.011578,0.016699,0.971723,,372600,,
0,2,,0.127603,0.115324,0.757073,,397900,,
0,2,,0.410862,0.101784,0.487354,,383000,,
0,2,,0.421228,0.102788,0.475984,,354400,,
0,0,,0.454005,0.227774,0.318222,,313700,,
0,0,,0.483663,0.195824,0.320513,,334100,,
0,1,,0.183053,0.771547,0.045401,,306400,,
0,2,,0.181374,0.072143,0.746484,,330600,,
0,0,,0.537038,0.379846,0.083116,,365100,,
0,2,,0.348293,0.079066,0.572641,,364400,,
0,2,,0.149876,0.419595,0.430529,,352400,,
0,2,,0.21215,0.088797,0.699053,,380300,,
0,0,,0.885161,0.051538,0.063301,,406800,,
0,2,,0.16278,0.318046,0.519174,,440100,,
0,2,,0.145071,0.042568,0.812362,,491300,,
0,1,,0.119648,0.492614,0.387738,,830500,,
0,2,,0.085362,0.290242,0.624396,,548400,,
0,2,,0.341586,0.024225,0.634189,,330600,,
0,0,,0.493413,0.375476,0.131111,,402000,,
0,2,,0.388554,0.045487,0.565959,,446400,,
0,1,,0.128544,0.783562,0.087893,,457000,,
0,2,,0.419934,0.030507,0.549559,,394500,,
0,0,,0.653965,0.08287,0.263165,,842100,,
0,2,,0.256368,0.122091,0.62154,,1121500,,
0,2,,0.280834,0.20175,0.517416,,826100,,
0,1,,0.333096,0.634199,0.032705,,529300,,
0,2,,0.075566,0.07076,0.853674,,678500,,
0,2,,0.027087,0.011417,0.961496,,412800,,
0,1,,0.02101,0.684018,0.294972,,402900,,
0,2,,0.245796,0.363679,0.390526,,435000,,
0,0,,0.397843,0.35293,0.249227,,419500,,
0,1,,0.005158,0.835333,0.159509,,309600,,
0,1,,0.157222,0.422973,0.419805,,369500,,
0,1,,0.165354,0.461657,0.372988,,346900,,
0,0,,0.656936,0.303941,0.039123,,344500,,
0,2,,0.026779,0.120293,0.852929,,341700,,
0,0,,0.65914,0.266132,0.074728,,374800,,
0,2,,0.049037,0.057814,0.893149,,413100,,
0,1,,0.332436,0.422784,0.24478,,409900,,
0,2,,0.409865,0.063366,0.52677,,313500,,
0,2,,0.071554,0.206539,0.721907,,302700,,
0,1,,0.179133,0.543979,0.276888,,302700,,
0,2,,0.265369,0.323023,0.411608,,297500,,
0,0,,0.516944,0.158056,0.325,,342800,,
0,2,,0.168932,0.083454,0.747614,,455400,,
0,1,,0.018922,0.66854,0.312538,,518600,,
0,0,,0.571429,0.190568,0.238004,,402900,,
0,2,,0.208289,0.047853,0.743858,,357900,,
0,0,,0.503434,0.130303,0.366263,,360400,,
0,2,,0.273573,0.031192,0.695235,,341600,,
0,2,,0.237095,0.149199,0.613706,,382400,,
0,0,,0.684942,0.071541,0.243517,,440300,,
0,2,,0.13354,0.030214,0.836246,,335200,,
0,2,,0.334345,0.27405,0.391605,,316100,,
0,0,,0.48321,0.273795,0.242995,,336100,,
0,2,,0.104739,0.352835,0.542426,,323000,,
0,0,,0.341088,0.334979,0.323933,,284100,,
0,2,,0.405668,0.047488,0.546844,,431600,,
0,1,,0.257962,0.480011,0.262027,,341700,,
0,2,,0.129695,0.268627,0.601678,,403000,,
0,2,,0.172522,0.28531,0.542168,,426400,,
0,2,,0.433015,0.018857,0.548129,,387900,,
0,0,,0.466481,0.195869,0.33765,,397100,,
0,2,,0.146728,0.360839,0.492433,,482200,,
0,1,,0.425,0.497222,0.077778,,391200,,
0,2,,0.030546,0.032,0.937454,,443100,,
0,2,,0.06351,0.264378,0.672112,,386200,,
0,2,,0.390805,0.115636,0.493559,,322200,,
0,1,,0.11192,0.79008,0.098,,321900,,
0,1,,0.146463,0.750462,0.103075,,335500,,
0,2,,0.302484,0.058566,0.63895,,355800,,
0,1,,0.229139,0.594793,0.176068,,343200,,
0,0,,0.498037,0.038755,0.463208,,424000,,
0,1,,0.326072,0.403047,0.270881,,395200,,
0,2,,0.116189,0.021701,0.86211,,339100,,
0,2,,0.068391,0.133475,0.798134,,339300,,
0,2,,0.051036,0.297259,0.651705,,363200,,
0,2,,0.373834,0.158875,0.467291,,354600,,
0,0,,0.424006,0.273237,0.302757,,390500,,
0,1,,0.054741,0.6703,0.274959,,390600,,
0,0,,0.430337,0.388685,0.180977,,370700,,
0,1,,0.191912,0.614767,0.193321,,409800,,
0,2,,0.233787,0.26382,0.502393,,346700,,
0,1,,0.253184,0.52584,0.220976,,311500,,
0,2,,0.359317,0.147466,0.493217,,318000,,
0,0,,0.862864,0.042775,0.094361,,347700,,
0,2,,0.19119,0.3085,0.50031,,435200,,
0,2,,0.057041,0.007393,0.935565,,341400,,
0,2,,0.147662,0.418098,0.43424,,343700,,
0,0,,0.479818,0.128842,0.391341,,341200,,
0,2,,0.188417,0.32426,0.487323,,344000,,
0,2,,0.109924,0.112644,0.777432,,333600,,
0,2,,0.281015,0.275656,0.443329,,385900,,
0,2,,0.219983,0.235669,0.544348,,394500,,
0,2,,0.38561,0.093034,0.521356,,390300,,
0,1,,0.323913,0.468394,0.207692,,339200,,
0,0,,0.659783,0.106444,0.233773,,327300,,
0,2,,0.226966,0.181897,0.591137,,574700,,
0,0,,0.559841,0.244563,0.195595,,529800,,
0,1,,0.049771,0.501144,0.449085,,780300,,
0,2,,0.080039,0.367413,0.552548,,1157000,,
0,2,,0.172186,0.266074,0.56174,,750700,,
0,2,,0.192946,0.351869,0.455185,,434300,,
0,2,,0.240498,0.074946,0.684556,,418700,,
0,1,,0.038994,0.787419,0.173587,,478000,,
0,2,,0.28669,0.052878,0.660432,,371000,,
0,2,,0.028047,0.177601,0.794353,,423300,,
0,2,,0.312942,0.127714,0.559344,,407400,,
0,2,,0.191512,0.2765,0.531988,,408500,,
0,2,,0.168664,0.013086,0.81825,,437700,,
0,0,,0.59459,0.138199,0.267211,,374900,,
0,0,,0.780179,0.1125,0.107321,,328000,,
0,2,,0.155535,0.2956,0.548865,,413000,,
0,0,,0.418452,0.344048,0.2375,,454500,,
0,2,,0.332429,0.23876,0.428811,,339300,,
0,2,,0.191698,0.030895,0.777407,,373400,,
0,2,,0.214564,0.06354,0.721896,,347700,,
0,2,,0.238008,0.31046,0.451533,,387400,,
0,2,,0.188139,0.243209,0.568652,,302000,,
0,0,,0.383333,0.361905,0.254762,,329700,,
0,2,,0.061235,0.014391,0.924374,,359300,,
0,2,,0.183107,0.218445,0.598448,,430300,,
0,0,,0.472828,0.350354,0.176818,,426600,,
0,1,,0.051718,0.820355,0.127927,,392300,,
0,0,,0.555556,0.129167,0.315278,,382100,,
0,2,,0.125676,0.205297,0.669027,,3612300,,
0,0,,0.472364,0.178176,0.349461,,1163300,,
0,1,,0.111859,0.874057,0.014083,,818600,,
0,0,,0.450453,0.338844,0.210703,,757300,,
0,1,,0.327094,0.481971,0.190936,,434700,,
0,0,,0.655525,0.119403,0.225072,,356000,,
0,2,,0.042369,0.015344,0.942287,,434100,,
0,0,,0.493594,0.338906,0.1675,,560500,,
0,1,,0.291264,0.415298,0.293438,,538500,,
0,0,,0.635294,0.112719,0.251986,,439200,,
0,2,,0.054537,0.024386,0.921077,,488300,,
0,2,,0.034847,0.245112,0.720041,,453500,,
0,1,,0.340931,0.492221,0.166848,,435800,,
0,1,,0.298495,0.591795,0.10971,,387500,,
0,1,,0.197628,0.42514,0.377232,,367800,,
0,1,,0.318503,0.60847,0.073026,,355500,,
0,0,,0.710951,0.114886,0.174163,,324500,,
0,2,,0.056052,0.213428,0.73052,,284400,,
0,1,,0.258669,0.506273,0.235058,,322000,,
0,2,,0.037576,0.236378,0.726046,,322700,,
0,2,,0.019429,0.011603,0.968968,,342900,,
0,0,,0.567089,0.060682,0.372229,,370400,,
0,2,,0.125875,0.03629,0.837835,,346600,,
0,2,,0.032466,0.145716,0.821818,,336400,,
0,1,,0.1504,0.557319,0.292281,,359100,,
0,2,,0.025611,0.020595,0.953794,,332600,,
0,0,,0.532418,0.139941,0.32764,,368400,,
0,1,,0.290966,0.607713,0.101321,,431000,,
0,0,,0.80346,0.105804,0.090736,,401000,,
0,2,,0.330672,0.110574,0.558754,,476600,,
0,2,,0.123429,0.387258,0.489312,,374700,,
0,0,,0.588485,0.135117,0.276399,,365500,,
0,0,,0.709115,0.048506,0.242379,,391200,,
0,2,,0.332777,0.102667,0.564556,,430800,,
0,1,,0.260404,0.526667,0.212929,,510300,,
0,2,,0.045121,0.066756,0.888124,,368700,,
0,2,,0.145219,0.178652,0.676129,,392200,,
0,1,,0.325397,0.444048,0.230556,,398300,,
0,1,,0.384118,0.485905,0.129977,,383500,,
0,2,,0.239238,0.152266,0.608497,,452000,,
0,1,,0.068769,0.879897,0.051334,,362200,,
0,2,,0.13287,0.054465,0.812665,,310400,,
0,2,,0.31658,0.242472,0.440948,,334600,,
0,0,,0.535191,0.087765,0.377044,,330000,,
0,0,,0.561093,0.322226,0.116681,,297300,,
0,0,,0.657917,0.175417,0.166667,,353300,,
0,2,,0.37507,0.062437,0.562492,,362300,,
0,2,,0.315348,0.121061,0.563591,,476100,,
0,1,,0.280626,0.453639,0.265735,,440400,,
0,2,,0.228417,0.160429,0.611154,,407300,,
0,2,,0.085379,0.118932,0.795689,,363000,,
0,0,,0.746508,0.230992,0.0225,,363500,,
0,1,,0.130997,0.653905,0.215097,,390400,,
0,0,,0.788077,0.083686,0.128237,,422400,,
0,0,,0.612717,0.08544,0.301843,,340400,,
0,1,,0.275525,0.579307,0.145168,,302400,,
0,2,,0.094832,0.102936,0.802233,,316900,,
0,0,,0.546924,0.155175,0.297901,,410200,,
0,2,,0.178755,0.022167,0.799078,,384000,,
0,0,,0.762212,0.086314,0.151474,,412900,,
0,2,,0.116182,0.249784,0.634035,,428500,,
0,0,,0.429714,0.340528,0.229758,,373700,,
0,1,,0.284106,0.525856,0.190038,,400400,,
0,2,,0.268333,0.118333,0.613333,,415600,,
0,2,,0.016518,0.022506,0.960976,,390600,,
0,2,,0.124317,0.066478,0.809206,,504000,,
0,1,,0.197361,0.465821,0.336818,,384300,,
0,1,,0.188333,0.585417,0.22625,,328900,,
0,1,,0.228626,0.466374,0.305,,390100,,
0,0,,0.420873,0.419187,0.15994,,356200,,
0,2,,0.367486,0.263038,0.369476,,304000,,
0,2,,0.240989,0.196492,0.562519,,332100,,
0,1,,0.163665,0.656292,0.180043,,352300,,
0,2,,0.223971,0.129858,0.64617,,354000,,
0,1,,0.211608,0.773034,0.015357,,321300,,
0,2,,0.206992,0.016427,0.776581,,346400,,
0,1,,0.112472,0.598406,0.289123,,446700,,
0,0,,0.575344,0.138777,0.285879,,431800,,
0,2,,0.05754,0.018782,0.923678,,410300,,
0,0,,0.566332,0.049187,0.384481,,425000,,
0,0,,0.443371,0.166488,0.390141,,454400,,
0,0,,0.501194,0.055627,0.443179,,438300,,
0,1,,0.25231,0.590079,0.157611,,364800,,
0,0,,0.512099,0.097572,0.39033,,514300,,
0,0,,0.465858,0.094561,0.439582,,473100,,
0,2,,0.197491,0.079005,0.723504,,449600,,
0,2,,0.401627,0.13842,0.459953,,427300,,
0,1,,0.435879,0.437198,0.126923,,426600,,
0,1,,0.083728,0.513848,0.402424,,425900,,
0,0,,0.747562,0.172572,0.079865,,355400,,
0,1,,0.449494,0.518982,0.031523,,341800,,
0,2,,0.363968,0.08487,0.551162,,336800,,
0,2,,0.061381,0.27694,0.661679,,358800,,
0,0,,0.516017,0.130943,0.353041,,390800,,
0,1,,0.122767,0.74453,0.132703,,305100,,
0,1,,0.064944,0.820926,0.11413,,340000,,
0,0,,0.636868,0.332477,0.030655,,351800,,
0,2,,0.154684,0.326938,0.518378,,346600,,
0,1,,0.364752,0.554403,0.080844,,341200,,
0,0,,0.589912,0.055263,0.354825,,364600,,
0,2,,0.296536,0.072774,0.63069,,382100,,
0,2,,0.03562,0.13891,0.82547,,466100,,
0,0,,0.363427,0.332171,0.304402,,420300,,
0,2,,0.027087,0.011417,0.961496,,450800,,
0,0,,0.501329,0.065427,0.433243,,403200,,
0,1,,0.050704,0.79342,0.155876,,400200,,
0,1,,0.031825,0.933908,0.034266,,324300,,
0,2,,0.081793,0.452898,0.465308,,322800,,
0,1,,0.011033,0.567044,0.421923,,321700,,
0,2,,0.086574,0.088954,0.824472,,380400,,
0,1,,0.247492,0.684855,0.067653,,430000,,
0,2,,0.195459,0.357928,0.446613,,434300,,
0,0,,0.83225,0.11719,0.05056,,394600,,
0,0,,0.751374,0.16513,0.083496,,435000,,
0,1,,0.299561,0.527193,0.173246,,750700,,
0,0,,0.667828,0.221726,0.110447,,888000,,
0,0,,0.436544,0.3887,0.174756,,843500,,
0,1,,0.120233,0.519197,0.360569,,497400,,
0,2,,0.096676,0.078077,0.825247,,375100,,
0,2,,0.36776,0.151061,0.481179,,320600,,
0,0,,0.578333,0.25,0.171667,,373200,,
0,0,,0.496003,0.245249,0.258748,,442800,,
0,2,,0.249895,0.176492,0.573614,,483700,,
0,2,,0.321126,0.331054,0.34782,,577600,,
0,2,,0.378407,0.03006,0.591533,,459500,,
0,1,,0.283781,0.619444,0.096774,,464000,,
0,0,,0.469929,0.120545,0.409526,,378600,,
0,2,,0.435549,0.055843,0.508608,,426200,,
0,0,,0.527331,0.155719,0.31695,,457700,,
0,1,,0.29428,0.557264,0.148456,,454700,,
0,2,,0.215206,0.085962,0.698832,,527400,,
0,2,,0.031099,0.11615,0.852751,,695100,,
0,1,,0.233247,0.437872,0.328882,,484500,,
0,1,,0.031441,0.667439,0.30112,,461400,,
0,2,,0.089521,0.260979,0.6495,,367300,,
0,1,,0.102423,0.684819,0.212758,,332800,,
0,0,,0.500552,0.254794,0.244654,,336400,,
0,1,,0.284669,0.38571,0.329622,,299000,,
0,1,,0.116478,0.815214,0.068308,,310300,,
0,2,,0.173106,0.405479,0.421414,,315000,,
0,2,,0.392575,0.0947,0.512725,,409000,,
0,1,,0.228801,0.5908,0.1804,,390500,,
0,1,,0.092921,0.838432,0.068647,,318700,,
0,2,,0.082549,0.106281,0.81117,,348100,,
0,0,,0.669519,0.007579,0.322902,,344800,,
0,1,,0.08022,0.670429,0.249351,,347200,,
0,0,,0.558712,0.177662,0.263626,,388700,,
0,1,,0.098961,0.705438,0.195601,,459300,,
0,0,,0.803348,0.052115,0.144536,,468300,,
0,2,,0.211646,0.280297,0.508056,,469000,,
0,1,,0.151759,0.750488,0.097753,,411800,,
0,2,,0.183359,0.266556,0.550085,,393400,,
0,2,,0.306062,0.099542,0.594396,,431800,,
0,2,,0.173109,0.028032,0.798859,,406400,,
0,0,,0.558333,0.394167,0.0475,,405400,,
0,1,,0.073778,0.649868,0.276354,,368500,,
0,1,,0.212412,0.4568,0.330788,,375400,,
0,2,,0.301667,0.238788,0.459545,,359300,,
0,2,,0.007667,0.123117,0.869216,,345200,,
0,2,,0.228279,0.268312,0.503409,,523300,,
0,0,,0.687429,0.184263,0.128309,,370500,,
0,2,,0.392361,0.143056,0.464583,,326900,,
0,1,,0.335473,0.522519,0.142008,,315700,,
0,1,,0.027046,0.84157,0.131384,,297400,,
0,0,,0.5051,0.070514,0.424386,,342300,,
0,2,,0.02719,0.126214,0.846596,,404700,,
0,2,,0.37697,0.013327,0.609704,,446800,,
0,0,,0.729402,0.077393,0.193205,,387100,,
0,2,,0.359193,0.085065,0.555742,,352600,,
0,0,,0.350714,0.34373,0.305556,,343500,,
0,2,,0.273629,0.34877,0.3776,,382900,,
0,2,,0.072205,0.357838,0.569957,,350400,,
0,0,,0.43313,0.314359,0.252511,,358600,,
0,1,,0.215934,0.477092,0.306974,,366200,,
0,1,,0.105549,0.629239,0.265212,,313900,,
0,2,,0.13314,0.141535,0.725324,,306600,,
0,1,,0.294304,0.542178,0.163519,,330500,,
0,2,,0.289407,0.223821,0.486772,,395800,,
0,1,,0.036339,0.667989,0.295672,,417500,,
0,2,,0.141878,0.05105,0.807073,,351300,,
0,1,,0.226032,0.495476,0.278492,,329900,,
0,1,,0.009116,0.836268,0.154615,,365900,,
0,0,,0.604958,0.029743,0.365299,,428500,,
0,0,,0.351439,0.328409,0.320152,,421500,,
0,2,,0.172155,0.236793,0.591052,,411200,,
0,2,,0.173737,0.356482,0.469781,,436500,,
0,0,,0.456583,0.099542,0.443875,,374900,,
0,2,,0.351643,0.186128,0.462228,,423100,,
0,1,,0.367541,0.447593,0.184867,,372900,,
0,2,,0.063785,0.028516,0.907699,,415500,,
0,2,,0.038812,0.029587,0.931601,,419100,,
0,2,,0.322837,0.126961,0.550202,,455900,,
0,2,,0.411071,0.145387,0.443542,,416200,,
0,2,,0.258688,0.038462,0.702851,,433300,,
0,1,,0.272197,0.384126,0.343677,,411800,,
0,0,,0.8125,0.174167,0.013333,,391100,,
0,2,,0.188805,0.213977,0.597218,,452100,,
0,2,,0.165716,0.053594,0.780691,,397000,,
0,2,,0.1982,0.033114,0.768686,,362500,,
0,1,,0.102321,0.657869,0.239809,,327600,,
0,2,,0.329824,0.050988,0.619189,,316300,,
0,0,,0.429797,0.234359,0.335844,,383100,,
0,1,,0.134148,0.58819,0.277662,,486600,,
0,2,,0.270572,0.347708,0.38172,,447200,,
0,2,,0.014272,0.291722,0.694006,,397300,,
0,0,,0.474415,0.368129,0.157456,,428000,,
0,2,,0.033434,0.032908,0.933658,,486300,,
0,2,,0.215079,0.049931,0.73499,,491400,,
0,0,,0.778402,0.048219,0.173379,,528300,,
0,0,,0.798402,0.041552,0.160046,,459500,,
0,2,,0.241323,0.339843,0.418835,,453600,,
0,2,,0.295794,0.137496,0.56671,,400700,,
0,1,,0.231413,0.389462,0.379125,,418700,,
0,1,,0.212879,0.475,0.312121,,460100,,
0,2,,0.068116,0.322023,0.609861,,493100,,
0,2,,0.143128,0.097622,0.75925,,535300,,
0,2,,0.340725,0.114883,0.544391,,450500,,
0,0,,0.622065,0.306399,0.071536,,482900,,
0,1,,0.386366,0.613634,0,,538500,,
0,1,,0.424622,0.465863,0.109515,,451400,,
0,2,,0.265077,0.258739,0.476183,,403900,,
0,1,,0.021787,0.94502,0.033193,,376100,,
0,2,,0.253497,0.33986,0.406644,,347900,,
0,2,,0.353571,0.278995,0.367434,,401300,,
0,2,,0.247231,0.046211,0.706558,,500900,,
0,0,,0.559396,0.234875,0.205729,,489300,,
0,1,,0.023855,0.842037,0.134108,,543100,,
0,1,,0.035668,0.679748,0.284584,,485600,,
0,2,,0.020674,0.010486,0.96884,,395000,,
0,1,,0.172895,0.768593,0.058511,,415200,,
0,0,,0.839951,0.140833,0.019216,,343600,,
0,2,,0.23096,0.129599,0.639441,,355700,,
0,0,,0.485533,0.037151,0.477316,,372600,,
0,2,,0.019214,0.013132,0.967654,,395200,,
0,1,,0.173085,0.756859,0.070056,,375600,,
0,0,,0.60241,0.374739,0.02285,,329800,,
0,0,,0.477712,0.460096,0.062192,,331700,,
0,2,,0.159135,0.21488,0.625985,,389400,,
0,2,,0.123181,0.192116,0.684703,,382700,,
0,2,,0.161822,0.233629,0.604549,,346200,,
0,2,,0.142197,0.347659,0.510144,,334000,,
0,1,,0.058929,0.885255,0.055816,,397800,,
0,2,,0.348506,0.030347,0.621147,,386900,,
0,2,,0.227764,0.278452,0.493784,,454900,,
0,1,,0.153241,0.559259,0.2875,,461800,,
0,0,,0.634543,0.061905,0.303552,,421600,,
0,2,,0.337631,0.087755,0.574615,,333400,,
0,2,,0.158087,0.21921,0.622703,,322900,,
0,2,,0.280316,0.083643,0.636042,,356600,,
0,0,,0.533564,0.185834,0.280602,,486300,,
0,2,,0.089773,0.039284,0.870943,,475500,,
0,2,,0.195202,0.360081,0.444717,,485600,,
0,2,,0.116333,0.101415,0.782252,,450500,,
0,2,,0.068974,0.172365,0.758661,,433300,,
0,0,,0.534496,0.090416,0.375088,,428700,,
0,2,,0.269711,0.087106,0.643183,,437500,,
0,0,,0.430262,0.324732,0.245006,,401300,,
0,2,,0.125173,0.28361,0.591217,,378300,,
0,2,,0.02436,0.010401,0.965239,,321900,,
0,2,,0.328248,0.272539,0.399213,,319300,,
0,2,,0.023169,0.132425,0.844406,,663800,,
0,0,,0.869475,0.109531,0.020994,,697400,,
0,1,,0.328609,0.604955,0.066436,,559400,,
0,1,,0.132567,0.558065,0.309368,,452800,,
0,2,,0.422831,0.028247,0.548921,,427100,,
0,2,,0.297001,0.054483,0.648516,,424800,,
0,1,,0.138571,0.490238,0.37119,,543600,,
0,0,,0.884864,0.078535,0.036601,,493100,,
0,2,,0.137787,0.206297,0.655917,,499500,,
0,2,,0.029567,0.093377,0.877056,,432700,,
