connect-4,Rotf,test,0,NANOSECONDS,PREDICTIONS, Generated by ClassifierExperiments.java on 2022-05-16 23:44:15.    SYSTEMPROPERTIES:{user.name:matth,os.arch:amd64,os.name:Windows 10},ENDSYSTEMPROPERTIES
No parameter info
0.8351835405565423,333756173900,4222042700,-1,188123096,3,,-1,-1
0,2,,0.178877,0.052712,0.76841,,798400,,
0,0,,0.776669,0.036481,0.18685,,418600,,
0,2,,0.016879,0.022173,0.960948,,327900,,
0,2,,0.065764,0.161606,0.77263,,332300,,
0,0,,0.42583,0.366215,0.207955,,419500,,
0,1,,0.281012,0.716131,0.002857,,445600,,
0,0,,0.383557,0.294869,0.321573,,390100,,
0,2,,0.369424,0.180515,0.450061,,345700,,
0,2,,0.242446,0.036155,0.721399,,356300,,
0,2,,0.156203,0.027292,0.816505,,343600,,
0,1,,0.176075,0.579868,0.244057,,342800,,
0,0,,0.774206,0,0.225794,,371000,,
0,2,,0.106437,0.360088,0.533475,,383500,,
0,2,,0.315137,0.264205,0.420658,,348900,,
0,2,,0.227765,0.143837,0.628398,,374100,,
0,2,,0.204114,0.304744,0.491142,,389300,,
0,1,,0.319466,0.572766,0.107769,,448400,,
0,2,,0.062216,0.426275,0.51151,,444500,,
0,2,,0.155543,0.160751,0.683706,,334200,,
0,2,,0.169321,0.092539,0.73814,,339100,,
0,2,,0.131962,0.13063,0.737408,,364600,,
0,2,,0.054998,0.026036,0.918966,,337300,,
0,1,,0.108254,0.561065,0.330682,,389400,,
0,2,,0.043563,0.151961,0.804476,,667400,,
0,2,,0.246899,0.203661,0.54944,,470600,,
0,2,,0.152606,0.065482,0.781911,,411700,,
0,2,,0.13104,0.209217,0.659742,,534900,,
0,2,,0.306249,0.253267,0.440484,,393000,,
0,2,,0.314631,0.047742,0.637627,,340100,,
0,1,,0.248765,0.685093,0.066142,,330000,,
0,1,,0.472218,0.49189,0.035892,,329500,,
0,2,,0.022955,0.366949,0.610096,,368800,,
0,2,,0.275435,0.092626,0.631939,,361200,,
0,2,,0.057502,0.019406,0.923091,,313000,,
0,2,,0.238685,0.149718,0.611597,,327600,,
0,1,,0.026794,0.665609,0.307597,,442800,,
0,0,,0.495026,0.475808,0.029167,,524200,,
0,2,,0.039155,0.068696,0.892149,,434900,,
0,2,,0.049265,0.06562,0.885116,,341700,,
0,2,,0.151752,0.046463,0.801785,,397100,,
0,0,,0.597149,0.306784,0.096067,,554500,,
0,1,,0.305507,0.404847,0.289646,,474100,,
0,2,,0.182652,0.021296,0.796052,,380700,,
0,0,,0.56731,0.146807,0.285883,,391700,,
0,2,,0.343136,0.153652,0.503212,,459700,,
0,2,,0.2204,0.030112,0.749487,,418800,,
0,2,,0.205787,0.181553,0.61266,,412300,,
0,1,,0.328714,0.553429,0.117856,,426200,,
0,0,,0.403972,0.365071,0.230957,,439700,,
0,1,,0.161194,0.615321,0.223485,,580500,,
0,2,,0.09525,0.13806,0.76669,,474900,,
0,0,,0.462861,0.412796,0.124343,,423000,,
0,2,,0.188702,0.145992,0.665306,,386400,,
0,2,,0.111021,0.125845,0.763134,,381100,,
0,0,,0.433104,0.21352,0.353376,,353100,,
0,2,,0.087085,0.07767,0.835245,,513500,,
0,2,,0.108129,0.066614,0.825257,,458700,,
0,1,,0.205107,0.625449,0.169444,,358200,,
0,0,,0.5975,0.061111,0.341389,,400800,,
0,2,,0.193612,0.328363,0.478025,,455100,,
0,2,,0.0308,0.029292,0.939908,,571400,,
0,1,,0.255819,0.579975,0.164206,,427800,,
0,2,,0.175935,0.380318,0.443746,,387100,,
0,0,,0.592473,0.241548,0.16598,,437400,,
0,0,,0.613944,0.147903,0.238153,,534400,,
0,2,,0.285119,0.285904,0.428977,,432800,,
0,0,,0.516358,0.090979,0.392663,,431200,,
0,2,,0.143199,0.311374,0.545427,,408900,,
0,2,,0.017094,0.235967,0.746939,,333400,,
0,0,,0.740103,0.221833,0.038065,,362000,,
0,1,,0.332125,0.431808,0.236067,,337900,,
0,2,,0.139587,0.254637,0.605776,,314600,,
0,0,,0.705887,0.164805,0.129309,,422700,,
0,0,,0.70649,0.16101,0.1325,,323300,,
0,2,,0.209536,0.218999,0.571464,,329200,,
0,0,,0.538214,0.458452,0.003333,,350100,,
0,1,,0.188271,0.410252,0.401477,,328900,,
0,1,,0.196566,0.79147,0.011964,,338000,,
0,2,,0.17276,0.255177,0.572064,,339200,,
0,0,,0.624363,0.012836,0.362801,,365700,,
0,1,,0.377629,0.56622,0.056151,,382900,,
0,2,,0.041416,0.279679,0.678905,,430000,,
0,0,,0.709641,0.072317,0.218041,,361100,,
0,2,,0.140047,0.019025,0.840928,,380000,,
0,2,,0.095473,0.371223,0.533303,,392800,,
0,2,,0.265894,0.062792,0.671314,,364500,,
0,2,,0.094866,0.130706,0.774428,,403400,,
0,1,,0.372443,0.487038,0.140519,,406500,,
0,0,,0.549872,0.188077,0.262051,,394200,,
0,2,,0.17963,0.266421,0.553949,,416000,,
0,0,,0.38525,0.271211,0.343539,,609100,,
0,2,,0.312675,0.217979,0.469347,,608700,,
0,2,,0.362538,0.209589,0.427873,,494100,,
0,0,,0.469243,0.288592,0.242165,,448900,,
0,0,,0.591548,0.078652,0.3298,,383300,,
0,1,,0.15547,0.573889,0.270641,,382500,,
0,1,,0.027589,0.737953,0.234458,,360700,,
0,2,,0.040701,0.017134,0.942165,,413300,,
0,0,,0.625656,0.208824,0.16552,,485200,,
0,0,,0.490788,0.080895,0.428317,,420100,,
0,2,,0.054466,0.135409,0.810126,,391100,,
0,0,,0.410107,0.308508,0.281385,,345200,,
0,1,,0.351534,0.438063,0.210404,,368500,,
0,2,,0.159558,0.104393,0.736049,,484500,,
0,1,,0.096053,0.506131,0.397816,,639700,,
0,0,,0.554771,0.25143,0.1938,,669900,,
0,1,,0.038788,0.550752,0.41046,,853900,,
0,2,,0.045795,0.035283,0.918923,,774200,,
0,2,,0.09886,0.242826,0.658313,,609500,,
0,2,,0.257774,0.045773,0.696453,,586400,,
0,2,,0.134452,0.164142,0.701406,,535900,,
0,0,,0.52412,0.058994,0.416886,,531500,,
0,2,,0.132373,0.252179,0.615448,,460300,,
0,2,,0.282064,0.214268,0.503668,,462000,,
0,2,,0.045849,0.142519,0.811632,,513300,,
0,2,,0.135883,0.300348,0.563769,,501400,,
0,2,,0.15752,0.217481,0.624999,,568600,,
0,0,,0.877576,0.106667,0.015758,,862000,,
0,1,,0.091956,0.717783,0.19026,,725400,,
0,1,,0.425458,0.527637,0.046905,,584900,,
0,0,,0.471566,0.167451,0.360983,,670500,,
0,2,,0.118377,0.210779,0.670844,,470000,,
0,2,,0.069447,0.006606,0.923947,,437700,,
0,2,,0.066887,0.047731,0.885382,,407900,,
0,2,,0.044402,0.03493,0.920668,,355700,,
0,2,,0.041198,0.033834,0.924968,,334500,,
0,1,,0.276496,0.405647,0.317857,,334700,,
0,0,,0.497727,0.112541,0.389732,,330800,,
0,1,,0.127147,0.754161,0.118693,,563500,,
0,2,,0.04721,0.469858,0.482932,,611100,,
0,0,,0.806648,0.126646,0.066706,,559400,,
0,0,,0.878139,0.036481,0.08538,,593300,,
0,2,,0.245033,0.363056,0.391912,,386900,,
0,2,,0.111782,0.01612,0.872098,,369500,,
0,2,,0.061692,0.240306,0.698002,,388900,,
0,1,,0.038308,0.767236,0.194456,,349500,,
0,0,,0.399527,0.309452,0.291021,,327800,,
0,2,,0.184272,0.156623,0.659105,,303800,,
0,1,,0.074016,0.844144,0.08184,,304500,,
0,2,,0.276208,0.280683,0.443109,,396600,,
0,2,,0.116318,0.063178,0.820505,,401200,,
0,2,,0.066612,0.036111,0.897277,,376300,,
0,2,,0.076191,0.402228,0.521581,,393400,,
0,2,,0.375466,0.118145,0.50639,,417700,,
0,0,,0.597084,0.15259,0.250326,,413100,,
0,2,,0.19773,0.006379,0.795891,,340800,,
0,2,,0.241397,0.064021,0.694582,,338800,,
0,2,,0.019421,0.005698,0.974881,,385600,,
0,2,,0.026307,0.450802,0.522891,,541100,,
0,2,,0.050077,0.007826,0.942097,,481400,,
0,2,,0.017386,0.0198,0.962814,,354700,,
0,2,,0.429185,0.074674,0.496141,,329800,,
0,2,,0.204143,0.307905,0.487951,,403000,,
0,2,,0.022047,0.056032,0.921921,,412400,,
0,0,,0.559079,0.334026,0.106895,,447100,,
0,0,,0.602537,0.397463,0,,403700,,
0,0,,0.501345,0.349369,0.149286,,456800,,
0,2,,0.015577,0.126978,0.857446,,427100,,
0,2,,0.264688,0.021503,0.713809,,375100,,
0,1,,0.033332,0.789379,0.177289,,406800,,
0,1,,0.117542,0.606226,0.276232,,371700,,
0,2,,0.010805,0.018653,0.970543,,323300,,
0,1,,0.344306,0.382602,0.273092,,369800,,
0,2,,0.045547,0.02677,0.927683,,327300,,
0,2,,0.323024,0.03371,0.643266,,330300,,
0,2,,0.246746,0.050861,0.702394,,431400,,
0,2,,0.137837,0.080887,0.781275,,449100,,
0,2,,0.211883,0.079583,0.708533,,435500,,
0,2,,0.031374,0.257021,0.711605,,421300,,
0,2,,0.029159,0.416369,0.554471,,413500,,
0,0,,0.515222,0.20047,0.284308,,320200,,
0,2,,0.034389,0.335222,0.630389,,278600,,
0,2,,0.016353,0.070022,0.913626,,309000,,
0,2,,0.279149,0.100581,0.620271,,355500,,
0,2,,0.055502,0.090497,0.854001,,385900,,
0,2,,0.179286,0.379286,0.441429,,408000,,
0,2,,0.059437,0.088167,0.852396,,355000,,
0,2,,0.04052,0.43041,0.529069,,413800,,
0,1,,0.150625,0.447518,0.401857,,428900,,
0,2,,0.016725,0.148496,0.83478,,444400,,
0,2,,0.145442,0.255589,0.598969,,426100,,
0,2,,0.060361,0.197277,0.742362,,403500,,
0,1,,0.372352,0.463692,0.163956,,374400,,
0,2,,0.032847,0.030745,0.936408,,381100,,
0,2,,0.133692,0.324548,0.54176,,419000,,
0,2,,0.031102,0.101987,0.866911,,312600,,
0,2,,0.135665,0.040537,0.823798,,333000,,
0,1,,0.272372,0.567842,0.159786,,326300,,
0,1,,0.080088,0.787708,0.132204,,328100,,
0,2,,0.230832,0.03258,0.736588,,313200,,
0,2,,0.003704,0.32647,0.669826,,303500,,
0,2,,0.102657,0.195652,0.70169,,343600,,
0,2,,0.171734,0.352556,0.47571,,342800,,
0,2,,0.065476,0.269555,0.664969,,294700,,
0,1,,0.356904,0.533109,0.109987,,335300,,
0,2,,0.160763,0.162407,0.676829,,301700,,
0,2,,0.233916,0.13868,0.627404,,337500,,
0,0,,0.544375,0.269678,0.185946,,380900,,
0,1,,0.305794,0.551277,0.142929,,347000,,
0,1,,0.182429,0.656989,0.160582,,305700,,
0,2,,0.051936,0.152697,0.795367,,310800,,
0,2,,0.329686,0.313065,0.357249,,337900,,
0,0,,0.434195,0.18837,0.377435,,311400,,
0,2,,0.120486,0.390629,0.488885,,324800,,
0,2,,0.256509,0.022551,0.72094,,388000,,
0,2,,0.039628,0.125828,0.834544,,436000,,
0,2,,0.116431,0.086046,0.797522,,399700,,
0,1,,0.080582,0.517156,0.402262,,398200,,
0,2,,0.236254,0.152388,0.611358,,458600,,
0,2,,0.20314,0.09119,0.705669,,420100,,
0,2,,0.269811,0.200307,0.529883,,356800,,
0,0,,0.553319,0.261227,0.185455,,342500,,
0,1,,0.184671,0.53437,0.280959,,330100,,
0,2,,0.137263,0.106728,0.756008,,322200,,
0,1,,0.21272,0.475958,0.311322,,389300,,
0,1,,0.148483,0.597624,0.253893,,341000,,
0,2,,0.391095,0.102356,0.506549,,341000,,
0,1,,0.235027,0.658159,0.106813,,357200,,
0,0,,0.757006,0.033849,0.209144,,319100,,
0,2,,0.172138,0.028539,0.799323,,322100,,
0,2,,0.051571,0.132244,0.816185,,308300,,
0,2,,0.308872,0.146704,0.544424,,308100,,
0,2,,0.062816,0.028265,0.908919,,291200,,
0,2,,0.012276,0.026771,0.960953,,307100,,
0,0,,0.680514,0.070333,0.249152,,417700,,
0,2,,0.072519,0.127753,0.799728,,358800,,
0,2,,0.104035,0.277182,0.618783,,347200,,
0,2,,0.474012,0.016937,0.509052,,308900,,
0,2,,0.177343,0.002105,0.820552,,289100,,
0,1,,0.055405,0.915448,0.029147,,332200,,
0,2,,0.293789,0.245313,0.460898,,306700,,
0,0,,0.576657,0.271817,0.151526,,301700,,
0,2,,0.070208,0.061225,0.868567,,312600,,
0,2,,0.333597,0.03937,0.627033,,325700,,
0,1,,0.320978,0.648183,0.030839,,309900,,
0,0,,0.597224,0.195939,0.206837,,331700,,
0,0,,0.808308,0.067055,0.124637,,333800,,
0,1,,0.206679,0.597393,0.195928,,400500,,
0,2,,0.090587,0.246596,0.662816,,407300,,
0,2,,0.194924,0.310288,0.494788,,344200,,
0,2,,0.042103,0.136604,0.821293,,351100,,
0,2,,0.082975,0.082966,0.834059,,327200,,
0,0,,0.435303,0.382897,0.1818,,311700,,
0,2,,0.36549,0.165263,0.469246,,322000,,
0,2,,0.208652,0.144088,0.64726,,340800,,
0,2,,0.10404,0.242356,0.653604,,362000,,
0,2,,0.322046,0.103474,0.57448,,302800,,
0,2,,0.083832,0.01812,0.898048,,297000,,
0,1,,0.087695,0.630562,0.281743,,288400,,
0,2,,0.076417,0.330404,0.593179,,313900,,
0,1,,0.368271,0.506726,0.125003,,376200,,
0,2,,0.085368,0.08689,0.827741,,341400,,
0,2,,0.018658,0.194863,0.786478,,331300,,
0,1,,0.18633,0.590756,0.222914,,323900,,
0,2,,0.031924,0.027968,0.940107,,296900,,
0,0,,0.586388,0.152065,0.261547,,307700,,
0,2,,0.188046,0.205853,0.606102,,338100,,
0,1,,0.422789,0.48381,0.093401,,339500,,
0,0,,0.344397,0.323837,0.331766,,338700,,
0,2,,0.215692,0.200818,0.58349,,309400,,
0,0,,0.399456,0.286812,0.313731,,306100,,
0,0,,0.53457,0.073628,0.391802,,313400,,
0,1,,0.169063,0.646663,0.184274,,328500,,
0,1,,0.137296,0.751685,0.111019,,340000,,
0,2,,0.087289,0.170249,0.742462,,332700,,
0,1,,0.15719,0.807929,0.034881,,337600,,
0,0,,0.397876,0.373531,0.228592,,398800,,
0,1,,0.257937,0.450952,0.291111,,347600,,
0,2,,0.33121,0.042453,0.626337,,322600,,
0,2,,0.109736,0.076089,0.814175,,306000,,
0,2,,0.024207,0.383268,0.592526,,287700,,
0,0,,0.660977,0.25733,0.081693,,315400,,
0,1,,0.163852,0.750862,0.085286,,296300,,
0,2,,0.404955,0.136639,0.458406,,283800,,
0,0,,0.474499,0.180561,0.34494,,289600,,
0,1,,0.035572,0.521022,0.443406,,373300,,
0,1,,0.083946,0.780412,0.135641,,337900,,
0,2,,0.052191,0.153943,0.793866,,328000,,
0,1,,0.029215,0.754626,0.216159,,373100,,
0,0,,0.565581,0.091318,0.343101,,382000,,
0,1,,0.094413,0.876772,0.028814,,352200,,
0,0,,0.407395,0.251521,0.341084,,314300,,
0,2,,0.090765,0.221371,0.687864,,309000,,
0,2,,0.336325,0.257816,0.405859,,316500,,
0,0,,0.432142,0.256662,0.311196,,314100,,
0,0,,0.553683,0.089848,0.356469,,333800,,
0,0,,0.417917,0.363997,0.218086,,309900,,
0,1,,0.127879,0.834888,0.037233,,441600,,
0,1,,0.089551,0.500432,0.410017,,367000,,
0,2,,0.255475,0.033347,0.711179,,376100,,
0,0,,0.55206,0.227723,0.220217,,320800,,
0,0,,0.716312,0.25549,0.028197,,299100,,
0,2,,0.06013,0.239637,0.700233,,307500,,
0,2,,0.084372,0.355242,0.560386,,312500,,
0,2,,0.018254,0.027451,0.954295,,278800,,
0,2,,0.130004,0.418331,0.451665,,299200,,
0,2,,0.050743,0.435273,0.513984,,339100,,
0,0,,0.420444,0.388828,0.190728,,370600,,
0,1,,0.212042,0.439171,0.348787,,391100,,
0,2,,0.173949,0.182631,0.64342,,352900,,
0,2,,0.049645,0.060751,0.889605,,349500,,
0,2,,0.191719,0.289407,0.518874,,357400,,
0,2,,0.188359,0.057357,0.754284,,340700,,
0,1,,0.175434,0.658252,0.166314,,296800,,
0,1,,0.205987,0.54859,0.245423,,313200,,
0,2,,0.211803,0.390979,0.397218,,310200,,
0,1,,0.03076,0.543004,0.426236,,301700,,
0,1,,0.122799,0.629762,0.247439,,325400,,
0,2,,0.019134,0.187779,0.793087,,454400,,
0,1,,0.02449,0.73794,0.237569,,360400,,
0,2,,0.211711,0.018394,0.769895,,423500,,
0,1,,0.157322,0.577437,0.265241,,389100,,
0,0,,0.781214,0.175377,0.043409,,323000,,
0,0,,0.57984,0.174166,0.245994,,377900,,
0,1,,0.363214,0.364532,0.272254,,355900,,
0,2,,0.374686,0.219345,0.405969,,370400,,
0,0,,0.67811,0.106811,0.215079,,294100,,
0,2,,0.189021,0.356049,0.45493,,296300,,
0,1,,0.33733,0.592594,0.070076,,291600,,
0,1,,0.089677,0.50874,0.401582,,323300,,
0,2,,0.174053,0.264389,0.561559,,301500,,
0,2,,0.177746,0.269387,0.552867,,285700,,
0,1,,0.077638,0.851444,0.070918,,324100,,
0,2,,0.27224,0.156712,0.571048,,290300,,
0,2,,0.096181,0.049388,0.854431,,277800,,
0,1,,0.094566,0.462956,0.442477,,312200,,
0,0,,0.370652,0.26189,0.367458,,344400,,
0,2,,0.018254,0.232867,0.748879,,386900,,
0,2,,0.145203,0.3961,0.458698,,432900,,
0,1,,0.265648,0.563701,0.170651,,364200,,
0,0,,0.651543,0.054937,0.29352,,319600,,
0,1,,0.222156,0.649268,0.128575,,314200,,
0,2,,0.081632,0.036973,0.881394,,296000,,
0,2,,0.045416,0.028912,0.925672,,288600,,
0,2,,0.056265,0.119603,0.824132,,305500,,
0,2,,0.19236,0.373323,0.434317,,298000,,
0,2,,0.06591,0.38088,0.55321,,293800,,
0,1,,0.125709,0.620605,0.253686,,301700,,
0,2,,0.295139,0.080973,0.623888,,338900,,
0,2,,0.099299,0.355899,0.544802,,544300,,
0,0,,0.568156,0.062277,0.369567,,403400,,
0,2,,0.190034,0.368357,0.441609,,406300,,
0,2,,0.23421,0.026471,0.739318,,419100,,
0,2,,0.249582,0.25047,0.499948,,326800,,
0,0,,0.557821,0.051923,0.390256,,333000,,
0,1,,0.412045,0.570152,0.017803,,419200,,
0,2,,0.160234,0.042259,0.797507,,339000,,
0,1,,0.192667,0.415444,0.391889,,554100,,
0,1,,0.240608,0.579022,0.18037,,902100,,
0,1,,0.249702,0.50372,0.246577,,684400,,
0,0,,0.708803,0.064429,0.226767,,559600,,
0,2,,0.374796,0.111909,0.513294,,577000,,
0,2,,0.058711,0.193103,0.748186,,677000,,
0,1,,0.014575,0.562861,0.422564,,698100,,
0,1,,0.423616,0.463871,0.112514,,744200,,
0,2,,0.032695,0.114343,0.852962,,676600,,
0,1,,0.327443,0.355498,0.317059,,720100,,
0,2,,0.144331,0.320794,0.534874,,1041300,,
0,2,,0.323545,0.023522,0.652933,,1022900,,
0,1,,0.368373,0.52627,0.105357,,1428500,,
0,2,,0.07272,0.119013,0.808267,,1616900,,
0,2,,0.081918,0.269194,0.648887,,1347600,,
0,2,,0.444708,0.065758,0.489535,,599500,,
0,2,,0.316026,0.025637,0.658337,,400800,,
0,2,,0.012614,0.013866,0.973521,,411100,,
0,1,,0.411598,0.476446,0.111956,,414900,,
0,0,,0.532468,0.122702,0.34483,,345000,,
0,1,,0.067676,0.783498,0.148826,,366700,,
0,2,,0.28655,0.295417,0.418032,,308600,,
0,2,,0.247543,0.055661,0.696796,,282100,,
0,2,,0.419492,0.117463,0.463046,,305200,,
0,0,,0.482293,0.441164,0.076543,,292000,,
0,1,,0.12423,0.644671,0.231099,,298000,,
0,1,,0.320451,0.650051,0.029498,,323200,,
0,2,,0.127957,0.155932,0.716111,,272300,,
0,1,,0.375857,0.414685,0.209459,,279200,,
0,2,,0.131061,0.126818,0.742121,,478500,,
0,1,,0.143467,0.43391,0.422622,,465700,,
0,1,,0.376129,0.501987,0.121884,,439100,,
0,1,,0.269316,0.702809,0.027875,,352700,,
0,2,,0.225005,0.283042,0.491953,,367500,,
0,2,,0.058137,0.166897,0.774966,,298200,,
0,2,,0.218395,0.061148,0.720456,,313300,,
0,1,,0.01161,0.558762,0.429627,,359500,,
0,2,,0.055246,0.10408,0.840674,,396300,,
0,2,,0.204635,0.279069,0.516296,,318500,,
0,0,,0.389274,0.288059,0.322667,,417400,,
0,1,,0.298962,0.55552,0.145518,,382600,,
0,1,,0.357453,0.474458,0.168089,,401300,,
0,2,,0.252376,0.034152,0.713472,,431300,,
0,2,,0.141981,0.218054,0.639965,,393300,,
0,1,,0.208445,0.482636,0.308919,,398300,,
0,1,,0.278346,0.468008,0.253647,,348700,,
0,1,,0.237977,0.724785,0.037238,,331300,,
0,2,,0.103357,0.042353,0.85429,,307600,,
0,1,,0.207548,0.737484,0.054967,,290600,,
0,1,,0.193198,0.539376,0.267426,,297200,,
0,2,,0.233866,0.156442,0.609693,,287600,,
0,2,,0.068329,0.065813,0.865859,,310500,,
0,2,,0.148822,0.04644,0.804738,,296100,,
0,2,,0.203201,0.034541,0.762258,,284800,,
0,2,,0.106217,0.126803,0.76698,,318600,,
0,1,,0.040475,0.510105,0.449419,,307100,,
0,2,,0.411236,0.013934,0.574829,,294100,,
0,2,,0.212109,0.131221,0.65667,,370700,,
0,2,,0.14844,0.034203,0.817357,,311400,,
0,1,,0.162924,0.59435,0.242726,,332700,,
0,2,,0.171974,0.24374,0.584286,,288600,,
0,2,,0.127254,0.125554,0.747191,,287900,,
0,1,,0.152597,0.554018,0.293386,,286200,,
0,1,,0.185975,0.53776,0.276266,,283600,,
0,1,,0.170909,0.424762,0.404329,,297900,,
0,1,,0.361107,0.596279,0.042614,,289900,,
0,0,,0.625397,0.085397,0.289206,,308300,,
0,2,,0.149985,0.328759,0.521256,,347900,,
0,0,,0.705945,0.115,0.179055,,443600,,
0,1,,0.106503,0.548186,0.345311,,358900,,
0,1,,0.196522,0.559946,0.243532,,347400,,
0,2,,0.218998,0.187323,0.593679,,347000,,
0,0,,0.411429,0.264722,0.323849,,378100,,
0,0,,0.585216,0.278466,0.136318,,299900,,
0,2,,0.059464,0.097532,0.843004,,290000,,
0,0,,0.488846,0.065194,0.44596,,273400,,
0,1,,0.071014,0.528623,0.400362,,297400,,
0,2,,0.047014,0.041725,0.91126,,264700,,
0,2,,0.156719,0.25857,0.584712,,315900,,
0,2,,0.296651,0.042535,0.660814,,335900,,
0,2,,0.49096,0.017124,0.491916,,275500,,
0,0,,0.609083,0.330337,0.06058,,277300,,
0,2,,0.261362,0.095021,0.643618,,280800,,
0,2,,0.004627,0.045124,0.950249,,284100,,
0,2,,0.058583,0.21237,0.729047,,283400,,
0,2,,0.339851,0.293429,0.366719,,295700,,
0,1,,0.119615,0.472762,0.407622,,333800,,
0,1,,0.334756,0.381629,0.283615,,317500,,
0,2,,0.178599,0.402875,0.418526,,272100,,
0,0,,0.465152,0.243939,0.290909,,285000,,
0,2,,0.074865,0.178955,0.74618,,292300,,
0,2,,0.238721,0.156923,0.604357,,308800,,
0,1,,0.089927,0.654958,0.255115,,285600,,
0,1,,0.142723,0.604536,0.252741,,289800,,
0,2,,0.177744,0.024594,0.797662,,267300,,
0,2,,0.033888,0.255661,0.710452,,285200,,
0,0,,0.36965,0.263683,0.366667,,278100,,
0,2,,0.097422,0.206971,0.695608,,274600,,
0,0,,0.429163,0.411726,0.159111,,270200,,
0,2,,0.068225,0.298648,0.633126,,348300,,
0,1,,0.464591,0.517717,0.017692,,340600,,
0,2,,0.267965,0.347185,0.38485,,342600,,
0,2,,0.068422,0.112767,0.81881,,435300,,
0,1,,0.1742,0.566439,0.259361,,468900,,
0,0,,0.46186,0.366865,0.171275,,471800,,
0,1,,0.148802,0.84341,0.007788,,429400,,
0,2,,0.18668,0.403502,0.409818,,353400,,
0,1,,0.22561,0.677417,0.096973,,328600,,
0,1,,0.134715,0.626397,0.238889,,323200,,
0,1,,0.127943,0.482812,0.389245,,301500,,
0,1,,0.245925,0.398994,0.355081,,294600,,
0,2,,0.028979,0.122875,0.848146,,291800,,
0,0,,0.574333,0.234751,0.190916,,291000,,
0,2,,0.055441,0.016359,0.928199,,292200,,
0,1,,0.127055,0.46556,0.407385,,323900,,
0,2,,0.324336,0.168887,0.506777,,375800,,
0,2,,0.159092,0.321497,0.519412,,307500,,
0,2,,0.027615,0.405621,0.566764,,372000,,
0,2,,0.133438,0.096478,0.770084,,349000,,
0,1,,0.057501,0.845502,0.096997,,289100,,
0,2,,0.090247,0.447474,0.462279,,299100,,
0,2,,0.209009,0.002105,0.788885,,281400,,
0,1,,0.165476,0.606877,0.227647,,413100,,
0,2,,0.088223,0.288486,0.623291,,392100,,
0,2,,0.168526,0.300246,0.531228,,350400,,
0,0,,0.456151,0.293849,0.25,,300800,,
0,2,,0.102278,0.235293,0.662429,,280700,,
0,1,,0.066686,0.703861,0.229453,,301600,,
0,2,,0.103942,0.168359,0.727699,,280500,,
0,2,,0.223592,0.281416,0.494992,,308100,,
0,2,,0.285986,0.025934,0.68808,,280500,,
0,1,,0.170278,0.507778,0.321944,,278400,,
0,2,,0.419359,0.09615,0.48449,,275800,,
0,1,,0.134703,0.545994,0.319303,,318300,,
0,0,,0.584983,0.130855,0.284162,,332800,,
0,2,,0.376814,0.192917,0.43027,,362200,,
0,1,,0.046438,0.584106,0.369456,,340700,,
0,1,,0.259558,0.386174,0.354268,,298900,,
0,0,,0.40515,0.249975,0.344875,,283200,,
0,0,,0.805709,0.123667,0.070624,,282200,,
0,0,,0.51305,0.153901,0.333049,,279700,,
0,2,,0.209453,0.301345,0.489202,,282400,,
0,1,,0.261667,0.385,0.353333,,274700,,
0,2,,0.127438,0.425637,0.446924,,284900,,
0,1,,0.081476,0.803714,0.11481,,358800,,
0,2,,0.302423,0.034171,0.663406,,326200,,
0,2,,0.033531,0.14404,0.82243,,282800,,
0,1,,0.121667,0.527331,0.351003,,283200,,
0,2,,0.105866,0.310597,0.583538,,283400,,
0,0,,0.753214,0.078452,0.168333,,321000,,
0,2,,0.023677,0.015577,0.960746,,282500,,
0,2,,0.399597,0.029105,0.571298,,299300,,
0,2,,0.309293,0.039187,0.651521,,299700,,
0,2,,0.152203,0.025919,0.821878,,292900,,
0,1,,0,0.932385,0.067615,,312600,,
0,1,,0.060526,0.474369,0.465105,,272600,,
0,2,,0.08158,0.002993,0.915427,,305700,,
0,2,,0.299394,0.298737,0.401869,,307400,,
0,0,,0.463475,0.199463,0.337061,,290000,,
0,2,,0.284896,0.355708,0.359396,,294800,,
0,2,,0.029158,0.337716,0.633126,,274900,,
0,1,,0.162688,0.83086,0.006452,,275900,,
0,2,,0.230246,0.205111,0.564643,,267500,,
0,1,,0.188975,0.493835,0.31719,,328400,,
0,1,,0.290732,0.439446,0.269821,,342000,,
0,2,,0.052253,0.184378,0.763369,,332700,,
0,1,,0.471886,0.485088,0.043026,,399800,,
0,1,,0.318933,0.633182,0.047885,,479700,,
0,2,,0.029252,0.030618,0.94013,,353300,,
0,0,,0.435471,0.329262,0.235267,,323400,,
0,1,,0.365924,0.429561,0.204516,,304400,,
0,2,,0.367518,0.043405,0.589076,,314500,,
0,1,,0.179405,0.628356,0.19224,,344100,,
0,1,,0.183259,0.632558,0.184183,,290800,,
0,2,,0.282782,0.146316,0.570902,,302700,,
0,2,,0.094608,0.207366,0.698027,,279000,,
0,2,,0.109234,0.038721,0.852044,,273600,,
0,1,,0.286719,0.42357,0.289711,,300100,,
0,2,,0.064977,0.040864,0.894159,,277300,,
0,2,,0.273642,0.25513,0.471228,,287400,,
0,2,,0.40943,0.021849,0.568721,,273800,,
0,2,,0.33109,0.040714,0.628195,,343100,,
0,1,,0.132817,0.435223,0.43196,,315500,,
0,2,,0.121423,0.077698,0.800879,,294500,,
0,2,,0.179369,0.059087,0.761544,,310700,,
0,2,,0.231974,0.163167,0.604859,,287900,,
0,1,,0.23342,0.651104,0.115476,,310400,,
0,2,,0.047301,0.112088,0.84061,,311300,,
0,1,,0.06779,0.546689,0.385521,,311000,,
0,1,,0.38909,0.447512,0.163397,,364600,,
0,2,,0.25677,0.17541,0.56782,,337900,,
0,1,,0.41643,0.443,0.140569,,321100,,
0,0,,0.619626,0.223179,0.157195,,343900,,
0,1,,0.181316,0.608801,0.209883,,343700,,
0,0,,0.584615,0,0.415385,,320600,,
0,2,,0.123798,0.196954,0.679249,,297000,,
0,0,,0.899242,0.075,0.025758,,292300,,
0,2,,0.013058,0.01935,0.967592,,304300,,
0,2,,0.263466,0.30709,0.429444,,321300,,
0,2,,0.423555,0.142689,0.433757,,375900,,
0,0,,0.621014,0.17796,0.201026,,389300,,
0,0,,0.743336,0.175064,0.0816,,389400,,
0,2,,0.160627,0.038442,0.800931,,365400,,
0,2,,0.431218,0.050393,0.518389,,372600,,
0,0,,0.45968,0.414787,0.125533,,350000,,
0,2,,0.114249,0.018096,0.867656,,447700,,
0,0,,0.519762,0.229286,0.250952,,394300,,
0,2,,0.132143,0.152955,0.714902,,335500,,
0,2,,0.079114,0.130991,0.789895,,311100,,
0,2,,0.433772,0.008422,0.557806,,455500,,
0,2,,0.318539,0.159059,0.522402,,518500,,
0,2,,0.207656,0.389211,0.403133,,433400,,
0,1,,0.053919,0.605614,0.340467,,332800,,
0,2,,0.035443,0.139906,0.824651,,346000,,
0,0,,0.585695,0.302538,0.111767,,370300,,
0,1,,0.392288,0.512022,0.09569,,289600,,
0,0,,0.437591,0.431691,0.130717,,327400,,
0,2,,0.136646,0.374705,0.488648,,311900,,
0,2,,0.223268,0.02712,0.749612,,290000,,
0,2,,0.142613,0.338524,0.518863,,292500,,
0,0,,0.685784,0.260027,0.054189,,315000,,
0,2,,0.322066,0.12519,0.552743,,293700,,
0,2,,0.187037,0.019726,0.793237,,262400,,
0,0,,0.683371,0.226586,0.090043,,283200,,
0,0,,0.466459,0.456144,0.077396,,265900,,
0,2,,0.053432,0.025836,0.920732,,255800,,
0,2,,0.289421,0.123811,0.586767,,310500,,
0,2,,0.370657,0.192797,0.436546,,321600,,
0,1,,0.251584,0.524649,0.223767,,368100,,
0,2,,0.161123,0.220742,0.618136,,402100,,
0,0,,0.434231,0.345641,0.220128,,457700,,
0,1,,0.04964,0.938458,0.011902,,437100,,
0,1,,0.27312,0.593106,0.133774,,424600,,
0,2,,0.059079,0.048279,0.892642,,302000,,
0,0,,0.371024,0.330468,0.298508,,331300,,
0,1,,0.214571,0.670568,0.114861,,298900,,
0,2,,0.059465,0.060148,0.880387,,277900,,
0,1,,0.282922,0.421407,0.295671,,287400,,
0,2,,0.067612,0.105232,0.827156,,271200,,
0,1,,0.240959,0.700876,0.058166,,280300,,
0,2,,0.374816,0.243336,0.381848,,287800,,
0,1,,0.277414,0.595009,0.127577,,324200,,
0,2,,0.061293,0.364983,0.573724,,284900,,
0,1,,0.063705,0.476439,0.459856,,282700,,
0,2,,0.365078,0.164282,0.47064,,332500,,
0,2,,0.109898,0.19299,0.697111,,301000,,
0,0,,0.543541,0.399625,0.056834,,324300,,
0,0,,0.570171,0.32354,0.106289,,343400,,
0,1,,0.100736,0.717774,0.181489,,294100,,
0,1,,0.240548,0.456495,0.302958,,278800,,
0,1,,0.211643,0.62356,0.164797,,275700,,
0,2,,0.037841,0.043341,0.918818,,329700,,
0,0,,0.519386,0.081466,0.399148,,369800,,
0,2,,0.295256,0.075632,0.629112,,267500,,
0,0,,0.529118,0.232153,0.238729,,300300,,
0,1,,0.141588,0.816471,0.041941,,281500,,
0,1,,0.148575,0.472976,0.378449,,272200,,
0,2,,0.041149,0.236033,0.722819,,267600,,
0,2,,0.04024,0.017711,0.942049,,274900,,
0,2,,0.061538,0.127545,0.810917,,282700,,
0,2,,0.063693,0.022395,0.913912,,283500,,
0,1,,0.19274,0.598373,0.208887,,307200,,
0,1,,0.058288,0.825491,0.116222,,266500,,
0,2,,0.192152,0.270715,0.537134,,283300,,
0,0,,0.539077,0.166502,0.294422,,352300,,
0,2,,0.08849,0.293315,0.618195,,275700,,
0,2,,0.0579,0.17105,0.77105,,281600,,
0,2,,0.049935,0.462773,0.487292,,333800,,
0,1,,0.254739,0.462958,0.282303,,336400,,
0,1,,0.375492,0.580508,0.044,,279500,,
0,0,,0.455,0.357333,0.187667,,274100,,
0,0,,0.750229,0.006358,0.243414,,272500,,
0,2,,0.132047,0.143322,0.72463,,278900,,
0,1,,0.137771,0.80872,0.053508,,269300,,
0,2,,0.067979,0.41084,0.521182,,278300,,
0,1,,0.050819,0.55335,0.395831,,360500,,
0,2,,0.068172,0.159297,0.772531,,292200,,
0,2,,0.117809,0.142896,0.739295,,266600,,
0,0,,0.555846,0.147228,0.296925,,267600,,
0,2,,0.020718,0.469667,0.509615,,282400,,
0,2,,0.030892,0.422992,0.546116,,294600,,
0,2,,0.120204,0.401006,0.47879,,271200,,
0,1,,0.075071,0.486159,0.43877,,289900,,
0,2,,0.123836,0.398285,0.477879,,295300,,
0,1,,0.094048,0.626587,0.279365,,267100,,
0,2,,0.019945,0.368218,0.611836,,262200,,
0,2,,0.15193,0.053633,0.794438,,262300,,
0,1,,0.218888,0.529563,0.251549,,254800,,
0,1,,0.053055,0.829487,0.117457,,255800,,
0,2,,0.048452,0.264122,0.687426,,280700,,
0,0,,0.432665,0.302627,0.264708,,280300,,
0,2,,0.063383,0.028508,0.908109,,260900,,
0,1,,0.163805,0.610351,0.225843,,266300,,
0,2,,0.074567,0.335096,0.590337,,282200,,
0,2,,0.342073,0.066603,0.591324,,336900,,
0,2,,0.041947,0.055031,0.903022,,343100,,
0,1,,0.430472,0.443092,0.126436,,338500,,
0,2,,0.021633,0.472315,0.506052,,292500,,
0,0,,0.491672,0.230043,0.278285,,305000,,
0,1,,0.368338,0.458674,0.172988,,339700,,
0,2,,0.068468,0.414317,0.517216,,281100,,
0,0,,0.425587,0.197926,0.376487,,270300,,
0,2,,0.178478,0.094407,0.727115,,268100,,
0,2,,0.112273,0.358248,0.529479,,268100,,
0,2,,0.056695,0.31596,0.627345,,292900,,
0,2,,0.160404,0.133286,0.70631,,286400,,
0,0,,0.529424,0.248873,0.221703,,280900,,
0,2,,0.172971,0.28065,0.546379,,265800,,
0,2,,0.12536,0.172459,0.702181,,268700,,
0,0,,0.478777,0.254325,0.266898,,282200,,
0,2,,0.2729,0.338763,0.388337,,331000,,
0,2,,0.217578,0.197828,0.584595,,311300,,
0,0,,0.504341,0.352402,0.143258,,307500,,
0,2,,0.34058,0.127839,0.53158,,354000,,
0,2,,0.23332,0.025801,0.740879,,359300,,
0,2,,0.121837,0.043807,0.834356,,363100,,
0,2,,0.14685,0.215069,0.638082,,338600,,
0,0,,0.483215,0.415976,0.100808,,287300,,
0,2,,0.369338,0.016537,0.614125,,288100,,
0,2,,0.010918,0.374052,0.61503,,269700,,
0,2,,0.103269,0.040686,0.856045,,269300,,
0,0,,0.679167,0.298611,0.022222,,271500,,
0,1,,0.235547,0.557744,0.206709,,387500,,
0,1,,0.197377,0.794241,0.008382,,319300,,
0,0,,0.474444,0.366667,0.158889,,314800,,
0,2,,0.154753,0.151458,0.693789,,388100,,
0,2,,0.030241,0.019212,0.950547,,380400,,
0,2,,0.020245,0.015149,0.964606,,354100,,
0,1,,0.026551,0.794994,0.178456,,379400,,
0,2,,0.372449,0.16045,0.467101,,312200,,
0,1,,0.126499,0.540947,0.332555,,301000,,
0,2,,0.127342,0.112514,0.760144,,299500,,
0,2,,0.230268,0.094568,0.675164,,276800,,
0,2,,0.062712,0.029239,0.90805,,289700,,
0,2,,0.008666,0.01982,0.971514,,338000,,
0,0,,0.458506,0.346732,0.194762,,327800,,
0,1,,0.205714,0.45619,0.338095,,305000,,
0,1,,0.220119,0.599557,0.180324,,286900,,
0,1,,0.097668,0.71136,0.190971,,301000,,
0,2,,0.203194,0.158474,0.638332,,312000,,
0,2,,0.152027,0.051215,0.796759,,274200,,
0,2,,0.325001,0.104596,0.570403,,332200,,
0,0,,0.623791,0.112976,0.263233,,291700,,
0,2,,0.225622,0.386455,0.387923,,286300,,
0,2,,0.17171,0.073657,0.754633,,355500,,
0,1,,0.05914,0.899649,0.041212,,382900,,
0,2,,0.08924,0.161027,0.749733,,422200,,
0,2,,0.101712,0.069503,0.828784,,389400,,
0,1,,0.100761,0.6129,0.286339,,302600,,
0,1,,0.205276,0.789408,0.005315,,290600,,
0,1,,0.062522,0.522917,0.414561,,306200,,
0,2,,0.439379,0.027409,0.533212,,314200,,
0,2,,0.322619,0.22619,0.45119,,301400,,
0,0,,0.43177,0.31824,0.24999,,274800,,
0,2,,0.26391,0.155716,0.580374,,312800,,
0,2,,0.140231,0.040028,0.819741,,348900,,
0,0,,0.745768,0.13217,0.122062,,358700,,
0,1,,0.076047,0.602465,0.321488,,315100,,
0,2,,0.167238,0.095927,0.736835,,287700,,
0,1,,0.034348,0.746231,0.219421,,334800,,
0,2,,0.139687,0.235626,0.624687,,336400,,
0,1,,0.1894,0.538772,0.271828,,312800,,
0,1,,0.237053,0.632935,0.130012,,380500,,
0,2,,0.056741,0.093874,0.849386,,380200,,
0,2,,0.145247,0.151474,0.70328,,327000,,
0,2,,0.059786,0.013855,0.926358,,439800,,
0,2,,0.201749,0.033242,0.765008,,334700,,
0,2,,0.092376,0.139586,0.768038,,285300,,
0,2,,0.155432,0.074413,0.770155,,310100,,
0,2,,0.23428,0.375705,0.390015,,368000,,
0,0,,0.507423,0.214327,0.27825,,316900,,
0,1,,0.123559,0.65283,0.223611,,370700,,
0,0,,0.776111,0.114444,0.109444,,306000,,
0,2,,0.028907,0.122863,0.848229,,285000,,
0,2,,0.10201,0.180941,0.71705,,308600,,
0,2,,0.03093,0.15516,0.81391,,277200,,
0,2,,0.314571,0.118286,0.567143,,324100,,
0,0,,0.637302,0.180308,0.18239,,318300,,
0,2,,0.278917,0.252335,0.468748,,276400,,
0,2,,0.134564,0.306823,0.558614,,280000,,
0,1,,0.090409,0.65848,0.251111,,261200,,
0,2,,0.204359,0.146661,0.64898,,261800,,
0,0,,0.418449,0.206778,0.374773,,285400,,
0,2,,0.058853,0.220876,0.720271,,271100,,
0,1,,0.252964,0.403874,0.343162,,318800,,
0,2,,0.069911,0.212766,0.717324,,276500,,
0,0,,0.716635,0.248795,0.03457,,275000,,
0,2,,0.325283,0.26644,0.408277,,303200,,
0,2,,0.248095,0.22619,0.525714,,388800,,
0,1,,0.070121,0.647628,0.282251,,391600,,
0,0,,0.375756,0.309366,0.314878,,334000,,
0,2,,0.0568,0.047111,0.896089,,308100,,
0,2,,0.067656,0.213281,0.719063,,271800,,
0,0,,0.809229,0.13865,0.052121,,306700,,
0,1,,0.015385,0.597854,0.386761,,260200,,
0,1,,0.055384,0.540646,0.40397,,275800,,
0,1,,0.102081,0.536777,0.361142,,265100,,
0,1,,0.197955,0.683446,0.118599,,318400,,
0,2,,0.226806,0.236471,0.536722,,286900,,
0,2,,0.036597,0.073744,0.889659,,263800,,
0,1,,0.089763,0.499038,0.411199,,268100,,
0,2,,0.182532,0.263711,0.553757,,271600,,
0,2,,0.095446,0.444663,0.459891,,275900,,
0,1,,0.23379,0.561286,0.204924,,275600,,
0,1,,0.01799,0.851916,0.130094,,271000,,
0,0,,0.396358,0.277536,0.326106,,271800,,
0,1,,0.197452,0.430046,0.372503,,299300,,
0,0,,0.403097,0.209291,0.387612,,263900,,
0,2,,0.035553,0.015918,0.948529,,259900,,
0,2,,0.157548,0.057688,0.784764,,299900,,
0,2,,0.129101,0.111733,0.759166,,306800,,
0,1,,0.366553,0.602276,0.031171,,355300,,
0,2,,0.017704,0.220224,0.762071,,304500,,
0,2,,0.136495,0.128882,0.734622,,360800,,
0,0,,0.759129,0.090363,0.150508,,307000,,
0,1,,0.309506,0.442756,0.247738,,351900,,
0,2,,0.340413,0.174937,0.48465,,316000,,
0,2,,0.102311,0.030371,0.867317,,324100,,
0,1,,0.420726,0.489939,0.089335,,356800,,
0,1,,0.378939,0.392424,0.228636,,372800,,
0,2,,0.198629,0.129623,0.671748,,364400,,
0,1,,0.022441,0.803361,0.174199,,402300,,
0,1,,0.346504,0.491549,0.161947,,418100,,
0,0,,0.390497,0.29316,0.316343,,560700,,
0,1,,0.184788,0.453728,0.361484,,409300,,
0,0,,0.598137,0.371863,0.03,,387100,,
0,1,,0.210169,0.636409,0.153423,,340200,,
0,2,,0.108332,0.24348,0.648188,,305600,,
0,2,,0.033042,0.230216,0.736741,,380000,,
0,0,,0.45556,0.280617,0.263823,,441400,,
0,1,,0.048765,0.89665,0.054585,,406300,,
0,1,,0.317927,0.349466,0.332607,,334700,,
0,2,,0.189469,0.135468,0.675064,,300900,,
0,2,,0.194019,0.335531,0.47045,,289900,,
0,2,,0.355566,0.031005,0.613428,,295900,,
0,2,,0.096178,0.229845,0.673977,,273600,,
0,1,,0.143964,0.5239,0.332136,,266500,,
0,1,,0.461949,0.485932,0.052119,,273400,,
0,2,,0.06939,0.269874,0.660736,,325100,,
0,1,,0.197063,0.462181,0.340757,,300100,,
0,2,,0.070191,0.090917,0.838892,,265100,,
0,2,,0.050288,0.111295,0.838417,,280600,,
0,0,,0.415039,0.337436,0.247525,,253600,,
0,0,,0.487045,0.487006,0.02595,,264800,,
0,0,,0.572447,0.088889,0.338664,,263700,,
0,2,,0.024884,0.218561,0.756555,,259300,,
0,1,,0.05247,0.612079,0.33545,,257300,,
0,2,,0.15649,0.415022,0.428488,,260900,,
0,2,,0.157491,0.123256,0.719253,,272100,,
0,2,,0.056155,0.065747,0.878098,,271300,,
0,2,,0.18968,0.165024,0.645297,,293800,,
0,0,,0.733978,0.198283,0.067738,,265900,,
0,1,,0.305,0.478333,0.216667,,301700,,
0,1,,0.230833,0.709167,0.06,,279500,,
0,0,,0.535871,0.349277,0.114852,,392900,,
0,0,,0.431616,0.34827,0.220114,,314500,,
0,2,,0.239735,0.155716,0.604549,,332000,,
0,2,,0.231292,0.05196,0.716748,,301000,,
0,1,,0.23362,0.468522,0.297858,,276700,,
0,1,,0.08794,0.60919,0.30287,,294300,,
0,1,,0.255451,0.407382,0.337167,,282800,,
0,1,,0.160988,0.747682,0.09133,,300000,,
0,2,,0.010864,0.015326,0.97381,,293600,,
0,1,,0.327186,0.571956,0.100858,,269600,,
0,2,,0.051682,0.067646,0.880672,,266900,,
0,2,,0.109685,0.403462,0.486854,,253400,,
0,1,,0.471336,0.503425,0.025239,,282700,,
0,2,,0.028809,0.315247,0.655944,,266800,,
0,2,,0.081477,0.362078,0.556445,,261900,,
0,0,,0.430298,0.263452,0.30625,,279300,,
0,2,,0.377949,0,0.622051,,269100,,
0,2,,0.318249,0.203321,0.47843,,259900,,
0,0,,0.572996,0.254204,0.1728,,264400,,
0,2,,0.10711,0.180842,0.712048,,265900,,
0,0,,0.520045,0.141447,0.338508,,300800,,
0,1,,0.236496,0.548817,0.214687,,282400,,
0,2,,0.262641,0.222827,0.514532,,274000,,
0,1,,0.107346,0.68036,0.212294,,286500,,
0,0,,0.398307,0.349317,0.252376,,341600,,
0,0,,0.433483,0.217455,0.349062,,293300,,
0,2,,0.167801,0.161945,0.670254,,277300,,
0,2,,0.302362,0.277346,0.420291,,270900,,
0,2,,0.289909,0.044939,0.665153,,259400,,
0,2,,0.270393,0.167488,0.562119,,260700,,
0,1,,0.121239,0.477289,0.401473,,273400,,
0,2,,0.383389,0.078146,0.538465,,255600,,
0,0,,0.570148,0.052402,0.37745,,272200,,
0,0,,0.729227,0.212162,0.058611,,294100,,
0,2,,0.189237,0.086684,0.724079,,330700,,
0,2,,0.051537,0.188997,0.759466,,339800,,
0,1,,0.240821,0.500348,0.258831,,321600,,
0,1,,0.308652,0.35257,0.338778,,279900,,
0,0,,0.494583,0.284524,0.220893,,270800,,
0,2,,0.205062,0.1426,0.652338,,271500,,
0,2,,0.204064,0.367269,0.428666,,275400,,
0,1,,0.289801,0.449299,0.2609,,255200,,
0,2,,0.108214,0.170095,0.721691,,262900,,
0,2,,0.367978,0.09034,0.541682,,292300,,
0,2,,0.012917,0.424881,0.562202,,287400,,
0,2,,0.227804,0.227277,0.54492,,255700,,
0,2,,0.08667,0.400877,0.512453,,272000,,
0,1,,0.212157,0.525803,0.262041,,265300,,
0,1,,0.241026,0.61,0.148974,,287700,,
0,0,,0.776136,0.152671,0.071193,,316900,,
0,0,,0.529625,0.073672,0.396703,,277300,,
0,1,,0.307694,0.542194,0.150112,,264900,,
0,2,,0.210261,0.043447,0.746292,,254200,,
0,1,,0.347363,0.553451,0.099186,,291000,,
0,2,,0.051688,0.081637,0.866675,,264300,,
0,2,,0.096636,0.438195,0.465169,,290800,,
0,1,,0.098138,0.470185,0.431677,,276100,,
0,0,,0.523257,0.17982,0.296923,,265700,,
0,2,,0.217044,0.092563,0.690393,,302400,,
0,2,,0.184903,0.205626,0.60947,,291600,,
0,2,,0.037214,0.030536,0.93225,,256900,,
0,2,,0.022258,0.301847,0.675895,,257200,,
0,2,,0.136836,0.02239,0.840773,,309200,,
0,0,,0.600914,0.032168,0.366918,,257800,,
0,2,,0.156029,0.418718,0.425253,,272100,,
0,2,,0.248687,0.018357,0.732957,,292500,,
0,2,,0.194922,0.03882,0.766257,,317800,,
0,0,,0.446967,0.277516,0.275517,,277700,,
0,1,,0.094294,0.511335,0.39437,,281300,,
0,2,,0.046036,0.17487,0.779094,,319500,,
0,0,,0.42941,0.332372,0.238219,,340900,,
0,0,,0.630877,0.013583,0.35554,,352400,,
0,0,,0.535641,0.197692,0.266667,,379200,,
0,1,,0.116831,0.626321,0.256848,,371700,,
0,1,,0.06442,0.489989,0.445591,,331700,,
0,2,,0.063004,0.277475,0.659522,,346600,,
0,2,,0.22793,0.351027,0.421043,,395900,,
0,2,,0.182248,0.357161,0.460591,,339300,,
0,1,,0.205561,0.665939,0.1285,,281100,,
0,0,,0.542647,0.033333,0.42402,,279900,,
0,2,,0.205148,0.040643,0.754208,,285700,,
0,2,,0.258958,0.285249,0.455792,,289700,,
0,2,,0.0273,0.226749,0.745952,,973000,,
0,2,,0.152301,0.114989,0.73271,,539300,,
0,0,,0.397458,0.219029,0.383513,,332400,,
0,2,,0.297347,0.128213,0.57444,,327700,,
0,2,,0.03507,0.007786,0.957145,,266500,,
0,0,,0.546157,0.237374,0.21647,,337000,,
0,0,,0.523905,0.086286,0.38981,,301500,,
0,2,,0.02296,0.026005,0.951035,,290200,,
0,2,,0.089864,0.324126,0.586009,,295500,,
0,2,,0.064075,0.064821,0.871104,,324900,,
0,2,,0.215282,0.041129,0.743589,,376800,,
0,2,,0.374989,0.140344,0.484667,,335200,,
0,1,,0.078615,0.831779,0.089607,,333600,,
0,2,,0.119218,0.189576,0.691206,,277200,,
0,2,,0.034051,0.022518,0.943431,,287500,,
0,0,,0.610784,0.193333,0.195882,,331900,,
0,0,,0.69688,0.174166,0.128953,,333200,,
0,2,,0.043645,0.456452,0.499903,,334700,,
0,0,,0.706841,0.278825,0.014334,,277800,,
0,0,,0.644922,0.314918,0.04016,,278000,,
0,0,,0.543837,0.29413,0.162033,,267700,,
0,2,,0.060013,0.067139,0.872848,,257300,,
0,2,,0.185333,0.312987,0.50168,,279800,,
0,2,,0.064341,0.344168,0.591492,,285900,,
0,0,,0.717547,0.070803,0.21165,,274800,,
0,2,,0.146937,0.031241,0.821822,,272500,,
0,0,,0.515323,0.202097,0.282581,,267600,,
0,0,,0.914167,0.02,0.065833,,265900,,
0,1,,0.2801,0.598262,0.121637,,258900,,
0,2,,0.187684,0.405198,0.407119,,334700,,
0,2,,0.237923,0.114333,0.647744,,297000,,
0,2,,0.383988,0.182259,0.433753,,281300,,
0,1,,0.019164,0.690469,0.290368,,306200,,
0,0,,0.792448,0.023333,0.184218,,352500,,
0,1,,0.391558,0.43526,0.173182,,280900,,
0,2,,0.40834,0.041277,0.550383,,263700,,
0,2,,0.044186,0.336034,0.619781,,289600,,
0,1,,0.328845,0.502569,0.168586,,281800,,
0,2,,0.168531,0.026906,0.804563,,265800,,
0,1,,0.058262,0.675395,0.266343,,274700,,
0,2,,0.323659,0.04876,0.627581,,280100,,
0,2,,0.204096,0.390386,0.405518,,311300,,
0,0,,0.432126,0.392482,0.175391,,301700,,
0,1,,0.186243,0.73624,0.077517,,274700,,
0,0,,0.689272,0.150688,0.16004,,284500,,
0,2,,0.250267,0.342725,0.407008,,287900,,
0,0,,0.743107,0,0.256893,,252500,,
0,2,,0.313535,0.253748,0.432717,,265900,,
0,2,,0.284177,0.080009,0.635814,,290400,,
0,0,,0.44059,0.414195,0.145215,,359500,,
0,1,,0.338326,0.509281,0.152393,,343200,,
0,1,,0.212679,0.516488,0.270833,,354900,,
0,2,,0.265552,0.260788,0.473659,,319000,,
0,1,,0.164648,0.819221,0.016131,,283000,,
0,2,,0.1539,0.166768,0.679332,,320200,,
0,2,,0.280203,0.029382,0.690415,,287100,,
0,2,,0.13039,0.024793,0.844817,,346800,,
0,2,,0.188731,0.014182,0.797087,,303100,,
0,2,,0.140237,0.343687,0.516076,,321100,,
0,2,,0.166272,0.138531,0.695197,,263600,,
0,2,,0.06339,0.048369,0.888241,,263700,,
0,0,,0.419405,0.194233,0.386362,,290000,,
0,2,,0.07656,0.033465,0.889975,,269000,,
0,2,,0.332278,0.280312,0.387411,,280500,,
0,1,,0.393951,0.509228,0.096821,,285300,,
0,1,,0.051725,0.739389,0.208887,,321100,,
0,2,,0.087782,0.336623,0.575594,,327600,,
0,2,,0.076481,0.020979,0.90254,,279100,,
0,0,,0.547796,0.37664,0.075564,,293500,,
0,1,,0.160406,0.757587,0.082007,,300400,,
0,2,,0.003533,0.141445,0.855021,,302400,,
0,2,,0.102769,0.207475,0.689756,,284800,,
