molecular-splice,CWE,test,2,NANOSECONDS,PREDICTIONS, Generated by ClassifierExperiments.java on 2022-05-16 20:55:28.    SYSTEMPROPERTIES:{user.name:matth,os.arch:amd64,os.name:Windows 10},ENDSYSTEMPROPERTIES
No parameter info
0.8560250391236307,1101902400,939018500,-1,63043800,3,,-1,-1
0,0,,0.473755,0.12839,0.397855,,1661200,,
0,0,,0.47592,0.107975,0.416105,,1518800,,
0,0,,0.55321,0.265951,0.180839,,1507200,,
0,2,,0.354561,0.228378,0.417061,,1502200,,
0,2,,0.24838,0.023928,0.727692,,1494200,,
0,2,,0.457503,0.070081,0.472415,,1498800,,
0,0,,0.399477,0.362539,0.237984,,1494900,,
0,0,,0.49324,0.195236,0.311524,,1517600,,
0,0,,0.564532,0.268793,0.166675,,1489100,,
0,2,,0.210937,0.021884,0.76718,,1490500,,
0,0,,0.583298,0.259333,0.157369,,1487500,,
0,0,,0.461482,0.333904,0.204614,,1508400,,
0,0,,0.486465,0.335694,0.177842,,1523000,,
0,0,,0.656562,0.212655,0.130783,,1504700,,
0,0,,0.495454,0.240708,0.263838,,1493700,,
0,0,,0.469881,0.234895,0.295224,,1495200,,
0,0,,0.457056,0.161575,0.381369,,1490700,,
0,2,,0.427677,0.02191,0.550413,,1529100,,
0,2,,0.449486,0.027053,0.523461,,1483900,,
0,0,,0.422105,0.321283,0.256612,,1464200,,
0,0,,0.60861,0.242029,0.149361,,1458100,,
0,1,,0.313777,0.359632,0.32659,,1468000,,
0,2,,0.353995,0.069853,0.576152,,1458900,,
0,0,,0.583298,0.259333,0.157369,,1461900,,
0,2,,0.19747,0.24476,0.55777,,1456400,,
0,2,,0.367731,0.223215,0.409054,,1457900,,
0,0,,0.581731,0.068416,0.349852,,1463400,,
0,0,,0.523352,0.102519,0.374129,,1491300,,
0,0,,0.612455,0.062258,0.325287,,1457900,,
0,0,,0.372736,0.271398,0.355866,,1455200,,
0,0,,0.397239,0.321153,0.281609,,1458400,,
0,0,,0.547087,0.089138,0.363774,,1451500,,
0,0,,0.487562,0.09953,0.412909,,1450500,,
0,0,,0.498807,0.139382,0.361811,,1486700,,
0,0,,0.42493,0.306017,0.269054,,1456200,,
0,0,,0.426974,0.288318,0.284708,,1453600,,
0,0,,0.718838,0.127866,0.153296,,1457700,,
0,2,,0.331802,0.159482,0.508716,,1449900,,
0,0,,0.419475,0.409958,0.170567,,1471700,,
0,0,,0.39798,0.205561,0.39646,,1449700,,
0,0,,0.533669,0.227444,0.238886,,1449600,,
0,0,,0.495899,0.257191,0.24691,,1454000,,
0,0,,0.495899,0.257191,0.24691,,1452000,,
0,0,,0.405545,0.245337,0.349118,,1451600,,
0,0,,0.444383,0.181388,0.374229,,1507900,,
0,0,,0.443316,0.297702,0.258982,,1457200,,
0,2,,0.288984,0.260235,0.450781,,1456300,,
0,0,,0.41854,0.357878,0.223583,,1456500,,
0,0,,0.749836,0.117501,0.132663,,1467100,,
0,0,,0.439576,0.175415,0.38501,,1464400,,
0,0,,0.359467,0.338539,0.301994,,1458800,,
0,0,,0.411008,0.189709,0.399283,,1452800,,
0,0,,0.417274,0.334563,0.248163,,1453000,,
0,0,,0.671233,0.147498,0.181269,,1453500,,
0,0,,0.468204,0.224656,0.30714,,1450900,,
0,0,,0.485749,0.261704,0.252547,,1469900,,
0,0,,0.441719,0.272785,0.285496,,1452600,,
0,1,,0.322642,0.536653,0.140705,,1453900,,
0,2,,0.158941,0.286633,0.554426,,1476200,,
0,2,,0.187509,0.067962,0.744529,,1454800,,
0,0,,0.434994,0.210766,0.35424,,1462400,,
0,0,,0.614761,0.088267,0.296972,,1452800,,
0,0,,0.50901,0.136347,0.354644,,1449800,,
0,0,,0.473147,0.358987,0.167866,,1454400,,
0,0,,0.712449,0.140895,0.146656,,1456800,,
0,1,,0.338476,0.456445,0.205079,,1455300,,
0,2,,0.312084,0.201771,0.486145,,1456100,,
0,2,,0.353126,0.204637,0.442237,,1452200,,
0,0,,0.699825,0.127695,0.17248,,1456900,,
0,2,,0.275776,0.120349,0.603875,,1484200,,
0,2,,0.216692,0.307995,0.475313,,1449700,,
0,2,,0.267684,0.241349,0.490967,,1455500,,
0,0,,0.444117,0.349297,0.206585,,1440500,,
0,0,,0.531095,0.222833,0.246072,,1449400,,
0,0,,0.749836,0.117501,0.132663,,1439300,,
0,0,,0.427515,0.319813,0.252672,,1447900,,
0,0,,0.454584,0.286078,0.259338,,1448500,,
0,0,,0.55321,0.265951,0.180839,,1450500,,
0,2,,0.351617,0.128775,0.519608,,1452500,,
0,2,,0.284431,0.345518,0.370051,,1475600,,
0,0,,0.518424,0.184739,0.296837,,1462500,,
0,0,,0.556997,0.111743,0.331261,,1453100,,
0,1,,0.388394,0.39171,0.219896,,1458100,,
0,0,,0.503153,0.262602,0.234245,,1449000,,
0,2,,0.243841,0.061575,0.694584,,1460700,,
0,0,,0.474114,0.208918,0.316967,,1458400,,
0,0,,0.427515,0.319813,0.252672,,1445400,,
0,2,,0.329113,0.119395,0.551492,,1446700,,
0,2,,0.415306,0.107288,0.477407,,1462400,,
0,0,,0.619475,0.091601,0.288924,,1481000,,
0,2,,0.221974,0.015849,0.762177,,1442400,,
0,2,,0.236733,0.134532,0.628734,,1447100,,
0,2,,0.262361,0.221262,0.516377,,1454800,,
0,2,,0.289683,0.204835,0.505482,,1458100,,
0,0,,0.714107,0.155219,0.130674,,1445800,,
0,0,,0.652653,0.163368,0.183979,,1451900,,
0,2,,0.319582,0.163819,0.516598,,1440500,,
0,0,,0.470133,0.270999,0.258868,,1445800,,
0,0,,0.389076,0.32705,0.283875,,1448500,,
0,0,,0.541117,0.077499,0.381384,,1461600,,
0,0,,0.415752,0.245834,0.338414,,1464600,,
0,0,,0.564532,0.268793,0.166675,,1454500,,
0,2,,0.358391,0.033042,0.608566,,1443300,,
0,0,,0.506276,0.240147,0.253578,,1452800,,
0,0,,0.423874,0.299882,0.276244,,1456800,,
0,0,,0.564679,0.180098,0.255222,,1442200,,
0,0,,0.438008,0.155211,0.406782,,1456800,,
0,0,,0.463343,0.152331,0.384326,,1446400,,
0,2,,0.348122,0.212717,0.439162,,1457000,,
0,2,,0.323937,0.159382,0.516681,,1456000,,
0,0,,0.606364,0.066975,0.326661,,1467400,,
0,0,,0.682992,0.181732,0.135276,,1465800,,
0,0,,0.498703,0.102561,0.398736,,1451800,,
0,0,,0.486465,0.335694,0.177842,,1466900,,
0,0,,0.619475,0.091601,0.288924,,1457600,,
0,2,,0.223657,0.054687,0.721656,,1442800,,
0,0,,0.714107,0.155219,0.130674,,1469400,,
0,0,,0.473484,0.093271,0.433244,,1455900,,
0,0,,0.495899,0.257191,0.24691,,1455600,,
0,1,,0.266825,0.516893,0.216282,,1444300,,
0,0,,0.46387,0.304045,0.232086,,1463900,,
0,0,,0.545958,0.257705,0.196337,,1456900,,
0,0,,0.569547,0.266684,0.163769,,1461600,,
0,2,,0.340869,0.201897,0.457235,,1451700,,
0,0,,0.553386,0.245175,0.20144,,1463800,,
0,0,,0.526174,0.14596,0.327866,,1449600,,
0,2,,0.282274,0.144287,0.573439,,1455500,,
0,0,,0.470268,0.149166,0.380566,,1455900,,
0,0,,0.565689,0.07324,0.36107,,1454700,,
0,0,,0.522436,0.120425,0.357139,,1454600,,
0,2,,0.259989,0.181748,0.558263,,1464600,,
0,0,,0.410791,0.250891,0.338318,,1456700,,
0,0,,0.383177,0.264597,0.352226,,1479400,,
0,0,,0.472029,0.149413,0.378559,,1459600,,
0,2,,0.318442,0.079918,0.60164,,1446700,,
0,1,,0.324822,0.462098,0.21308,,1458400,,
0,2,,0.276184,0.193971,0.529845,,1455900,,
0,0,,0.525512,0.135763,0.338725,,1461900,,
0,0,,0.524309,0.063815,0.411876,,1451800,,
0,1,,0.291788,0.458331,0.249881,,1454500,,
0,2,,0.387976,0.189748,0.422276,,1468100,,
0,0,,0.477224,0.07671,0.446066,,1454600,,
0,2,,0.197205,0.027331,0.775464,,1451800,,
0,2,,0.274544,0.203269,0.522187,,1511600,,
0,0,,0.438186,0.396453,0.165361,,1451200,,
0,2,,0.334172,0.168642,0.497186,,1451300,,
0,0,,0.477818,0.184964,0.337218,,1453700,,
0,0,,0.528374,0.269118,0.202508,,1460900,,
0,2,,0.421104,0.076163,0.502733,,1456500,,
0,2,,0.241066,0.257487,0.501447,,1451800,,
0,0,,0.462377,0.292628,0.244994,,1452700,,
0,0,,0.39101,0.342613,0.266378,,1471900,,
0,2,,0.339949,0.086122,0.573929,,1442300,,
0,2,,0.347817,0.281986,0.370196,,1459200,,
1,1,,0.189386,0.569884,0.240729,,1464500,,
1,1,,0.227273,0.4732,0.299526,,1451300,,
1,1,,0.157122,0.565292,0.277586,,1458500,,
1,1,,0.176226,0.610435,0.21334,,1451600,,
1,0,,0.360956,0.284255,0.354789,,1455200,,
1,1,,0.09099,0.71707,0.191939,,1441400,,
1,1,,0.122226,0.566751,0.311023,,1452500,,
1,1,,0.194811,0.589214,0.215975,,1470000,,
1,1,,0.134924,0.574234,0.290842,,1446900,,
1,1,,0.277256,0.510192,0.212552,,1454200,,
1,1,,0.12843,0.592115,0.279455,,1449700,,
1,1,,0.250326,0.491107,0.258567,,1471300,,
1,1,,0.245819,0.48024,0.273941,,1450200,,
1,1,,0.268922,0.516875,0.214203,,1439800,,
1,2,,0.152673,0.417343,0.429983,,1460100,,
1,1,,0.364422,0.41804,0.217538,,1452600,,
1,2,,0.281063,0.298777,0.42016,,1448700,,
1,1,,0.245653,0.527371,0.226976,,1454000,,
1,1,,0.161879,0.444887,0.393234,,1466100,,
1,1,,0.113358,0.56352,0.323123,,1448500,,
1,1,,0.109402,0.721681,0.168917,,1444600,,
1,1,,0.210262,0.596455,0.193282,,1438700,,
1,1,,0.135594,0.693442,0.170964,,1513900,,
1,1,,0.220631,0.533096,0.246273,,1458700,,
1,1,,0.278173,0.378999,0.342827,,1464500,,
1,2,,0.275097,0.308332,0.416571,,1460900,,
1,1,,0.211633,0.617502,0.170865,,1448400,,
1,1,,0.178265,0.679232,0.142503,,1448100,,
1,1,,0.166392,0.522199,0.311409,,1480200,,
1,1,,0.141702,0.578193,0.280105,,1459000,,
1,1,,0.271773,0.372554,0.355673,,1468400,,
1,1,,0.349447,0.47442,0.176133,,1455500,,
1,1,,0.13353,0.639227,0.227243,,1456700,,
1,1,,0.253548,0.430264,0.316188,,1463000,,
1,1,,0.281535,0.544862,0.173602,,1457100,,
1,1,,0.102532,0.622368,0.2751,,1451900,,
1,1,,0.12177,0.513968,0.364262,,1455500,,
1,1,,0.074634,0.680197,0.245169,,1447600,,
1,1,,0.228588,0.467719,0.303693,,1478300,,
1,1,,0.348165,0.387653,0.264182,,1452000,,
1,1,,0.183141,0.635165,0.181694,,1457700,,
1,1,,0.162431,0.629504,0.208065,,1452000,,
1,1,,0.258897,0.401985,0.339118,,1449300,,
1,1,,0.118193,0.668064,0.213743,,1457600,,
1,1,,0.147919,0.590654,0.261427,,1459000,,
1,1,,0.382137,0.408134,0.209729,,1451400,,
1,1,,0.385954,0.441598,0.172448,,1458800,,
1,1,,0.240467,0.592277,0.167256,,1450800,,
1,0,,0.470993,0.254149,0.274858,,1474200,,
1,1,,0.094624,0.712233,0.193143,,1445700,,
1,1,,0.198294,0.468235,0.333471,,1451500,,
1,0,,0.41884,0.291368,0.289792,,1461400,,
1,1,,0.352394,0.424979,0.222627,,1441200,,
1,1,,0.11655,0.657866,0.225584,,1437800,,
1,1,,0.146296,0.694862,0.158842,,1463200,,
1,1,,0.16729,0.574484,0.258226,,1473500,,
1,1,,0.13212,0.734896,0.132985,,1460000,,
1,1,,0.287241,0.415464,0.297295,,1457000,,
1,1,,0.185491,0.494507,0.320002,,1457400,,
1,1,,0.191681,0.618333,0.189986,,1468700,,
1,1,,0.28748,0.490008,0.222512,,1468700,,
1,1,,0.206842,0.63576,0.157398,,1452200,,
1,1,,0.09778,0.728695,0.173525,,1465500,,
1,1,,0.074634,0.680197,0.245169,,1446500,,
1,1,,0.098683,0.747553,0.153764,,1462900,,
1,1,,0.253314,0.569367,0.177319,,1468200,,
1,1,,0.074541,0.771201,0.154259,,1452600,,
1,1,,0.143622,0.666938,0.18944,,1462500,,
1,1,,0.253985,0.427704,0.31831,,1453900,,
1,1,,0.074066,0.774898,0.151036,,1469900,,
1,1,,0.152331,0.63888,0.208789,,1449000,,
1,1,,0.087403,0.722819,0.189778,,1452700,,
1,1,,0.237632,0.569793,0.192575,,1457700,,
1,1,,0.164949,0.610951,0.224099,,1450500,,
1,1,,0.340275,0.393561,0.266164,,1462000,,
1,1,,0.173904,0.44191,0.384186,,1462900,,
1,1,,0.189625,0.444189,0.366185,,1453000,,
1,1,,0.137696,0.449358,0.412946,,1450000,,
1,0,,0.420155,0.405417,0.174428,,1455100,,
1,1,,0.146857,0.549589,0.303554,,1471400,,
1,1,,0.160332,0.655072,0.184596,,1449600,,
1,1,,0.186259,0.541378,0.272362,,1453200,,
1,1,,0.154312,0.520429,0.325259,,1456300,,
1,1,,0.206842,0.63576,0.157398,,1451000,,
1,0,,0.356789,0.356152,0.287059,,1459200,,
1,1,,0.360661,0.415697,0.223642,,1455500,,
1,1,,0.253861,0.551547,0.194592,,1466300,,
1,1,,0.285001,0.414733,0.300266,,1453400,,
1,1,,0.185491,0.494507,0.320002,,1460100,,
1,1,,0.09778,0.728695,0.173525,,1458500,,
1,1,,0.249471,0.543632,0.206897,,1472700,,
1,1,,0.133349,0.634503,0.232148,,1456200,,
1,1,,0.253301,0.55077,0.19593,,1459900,,
1,1,,0.248969,0.589825,0.161205,,1458100,,
1,1,,0.22468,0.542357,0.232963,,1453600,,
1,1,,0.081871,0.712495,0.205633,,1460600,,
1,0,,0.393796,0.304812,0.301392,,1451400,,
1,1,,0.200728,0.445078,0.354194,,1471300,,
1,1,,0.296416,0.545715,0.157868,,1461000,,
1,1,,0.248969,0.589825,0.161205,,1450400,,
1,1,,0.142005,0.672102,0.185893,,1476600,,
1,1,,0.125649,0.57308,0.301271,,1453900,,
1,1,,0.232223,0.471721,0.296056,,1459300,,
1,1,,0.237706,0.606574,0.15572,,1453600,,
1,1,,0.242405,0.610737,0.146858,,1459000,,
1,1,,0.090326,0.71264,0.197034,,1454600,,
1,1,,0.358502,0.361993,0.279505,,1461100,,
1,0,,0.466028,0.322187,0.211785,,1460400,,
1,1,,0.078399,0.734946,0.186655,,1469700,,
1,1,,0.11692,0.632362,0.250718,,1450600,,
1,2,,0.194672,0.22287,0.582458,,1466600,,
1,1,,0.105634,0.684943,0.209423,,1453800,,
1,1,,0.325479,0.471692,0.202829,,1456900,,
1,1,,0.204224,0.57676,0.219016,,1454600,,
1,1,,0.311732,0.530696,0.157572,,1451500,,
1,2,,0.287929,0.310214,0.401857,,1466700,,
1,1,,0.105808,0.608923,0.285269,,1451800,,
1,1,,0.234821,0.485025,0.280153,,1454800,,
1,1,,0.171456,0.623798,0.204746,,1454300,,
1,1,,0.129795,0.71651,0.153695,,1473100,,
1,1,,0.088721,0.544114,0.367165,,1454100,,
1,1,,0.179717,0.618782,0.2015,,1461700,,
1,1,,0.379272,0.417089,0.203639,,1462800,,
1,1,,0.075566,0.718952,0.205482,,1457000,,
1,1,,0.143622,0.666938,0.18944,,1453800,,
1,1,,0.295325,0.415448,0.289227,,1457200,,
1,1,,0.079876,0.713205,0.206919,,1466200,,
1,2,,0.303523,0.300591,0.395887,,1459100,,
1,1,,0.202998,0.613981,0.183022,,1456700,,
1,1,,0.115356,0.653904,0.230741,,1453500,,
1,1,,0.100411,0.699996,0.199593,,1475200,,
1,1,,0.191942,0.44165,0.366408,,1477200,,
1,1,,0.138812,0.695934,0.165254,,1460600,,
1,0,,0.383934,0.379392,0.236674,,1461300,,
1,1,,0.182696,0.528779,0.288525,,1449200,,
1,1,,0.222222,0.561758,0.21602,,1455300,,
1,1,,0.180238,0.696439,0.123323,,1454800,,
1,1,,0.095209,0.655839,0.248952,,1454500,,
1,1,,0.283756,0.525065,0.191179,,1451500,,
1,1,,0.384074,0.473508,0.142417,,1451900,,
1,1,,0.194811,0.589214,0.215975,,1467200,,
1,2,,0.267665,0.20416,0.528176,,1460900,,
1,1,,0.320667,0.476615,0.202718,,1452300,,
1,1,,0.291904,0.526203,0.181893,,1448300,,
1,1,,0.22114,0.423565,0.355296,,1455900,,
1,0,,0.432931,0.334668,0.2324,,1454200,,
1,0,,0.530582,0.1917,0.277718,,1459000,,
1,1,,0.17831,0.568931,0.252759,,1437800,,
1,1,,0.186587,0.63019,0.183224,,1442500,,
1,1,,0.324055,0.368764,0.307181,,1444700,,
1,1,,0.07984,0.617686,0.302474,,1443200,,
1,1,,0.164384,0.640626,0.19499,,1451400,,
1,1,,0.067766,0.688536,0.243698,,1473000,,
1,2,,0.28244,0.199409,0.518152,,1471600,,
2,2,,0.073221,0.022901,0.903878,,1459900,,
2,2,,0.046988,0.325193,0.627819,,3323800,,
2,2,,0.091374,0.052205,0.856421,,2858900,,
2,0,,0.37838,0.330864,0.290757,,2825700,,
2,2,,0.209579,0.027176,0.763245,,2516000,,
2,2,,0.236082,0.265959,0.49796,,1451200,,
2,2,,0.21483,0.14107,0.6441,,1441100,,
2,2,,0.094683,0.013384,0.891933,,1452900,,
2,2,,0.177413,0.025396,0.79719,,1445200,,
2,2,,0.143462,0.023858,0.83268,,1443700,,
2,2,,0.128679,0.251502,0.619819,,1444700,,
2,2,,0.128116,0.0341,0.837784,,1439400,,
2,2,,0.151088,0.0649,0.784013,,1439300,,
2,2,,0.166244,0.064266,0.76949,,1447500,,
2,2,,0.081985,0.026393,0.891622,,1459100,,
2,2,,0.157419,0.019632,0.822949,,1445000,,
2,2,,0.100573,0.094098,0.805328,,1446700,,
2,2,,0.165139,0.08931,0.745551,,1441000,,
2,2,,0.213609,0.039833,0.746558,,1443300,,
2,1,,0.222421,0.461053,0.316526,,1451100,,
2,2,,0.259714,0.151197,0.589088,,1438000,,
2,2,,0.238957,0.042422,0.718621,,1443000,,
2,2,,0.157089,0.023307,0.819604,,1442300,,
2,2,,0.158924,0.035158,0.805917,,1438000,,
2,2,,0.29518,0.300833,0.403987,,1472200,,
2,2,,0.124487,0.330056,0.545457,,1448600,,
2,2,,0.196427,0.218022,0.585551,,1447900,,
2,2,,0.124214,0.252529,0.623257,,1450200,,
2,2,,0.183614,0.06823,0.748156,,1444200,,
2,2,,0.190127,0.01851,0.791363,,1435000,,
2,2,,0.158134,0.258878,0.582989,,1450900,,
2,2,,0.094011,0.061578,0.844411,,1449700,,
2,2,,0.152659,0.215395,0.631946,,1449200,,
2,2,,0.067126,0.046515,0.886359,,1434200,,
2,2,,0.134033,0.028059,0.837909,,1442000,,
2,2,,0.065154,0.30342,0.631426,,1465200,,
2,2,,0.123842,0.024001,0.852157,,1444600,,
2,2,,0.150154,0.049997,0.799849,,1443300,,
2,2,,0.267749,0.20652,0.525731,,1458700,,
2,2,,0.112131,0.03355,0.854319,,1440600,,
2,2,,0.264931,0.197913,0.537156,,1446000,,
2,2,,0.174832,0.334265,0.490903,,1438600,,
2,2,,0.112787,0.194901,0.692311,,1443500,,
2,2,,0.141594,0.02541,0.832995,,1438700,,
2,0,,0.481696,0.132001,0.386302,,1451200,,
2,2,,0.134378,0.094344,0.771278,,1458400,,
2,2,,0.138791,0.047786,0.813423,,1435600,,
2,2,,0.128857,0.339391,0.531752,,1445400,,
2,2,,0.193112,0.118314,0.688574,,1441900,,
2,2,,0.24585,0.200502,0.553648,,1443500,,
2,1,,0.326903,0.488458,0.184639,,1450200,,
2,2,,0.134568,0.039855,0.825578,,1442500,,
2,2,,0.165099,0.014931,0.819971,,1443100,,
2,2,,0.136672,0.20604,0.657288,,1438600,,
2,2,,0.120359,0.052906,0.826735,,1436800,,
2,2,,0.178191,0.033183,0.788625,,1439100,,
2,2,,0.049611,0.022279,0.92811,,1453100,,
2,2,,0.128397,0.031216,0.840387,,1436000,,
2,2,,0.154448,0.344198,0.501353,,1438100,,
2,2,,0.214397,0.039299,0.746305,,1439400,,
2,2,,0.290914,0.007135,0.701951,,1444500,,
2,2,,0.277262,0.214254,0.508484,,1441900,,
2,2,,0.099844,0.023605,0.876551,,1436600,,
2,2,,0.133695,0.255191,0.611115,,1448800,,
2,2,,0.174612,0.020782,0.804607,,1445100,,
2,2,,0.173414,0.03362,0.792965,,1440900,,
2,1,,0.140508,0.608656,0.250836,,1475700,,
2,2,,0.147197,0.200439,0.652364,,1457600,,
2,2,,0.132683,0.021746,0.845571,,1458900,,
2,0,,0.501283,0.220106,0.278611,,1462500,,
2,2,,0.397722,0.142083,0.460195,,1441400,,
2,2,,0.145385,0.25249,0.602125,,1451400,,
2,2,,0.307994,0.243093,0.448913,,1457700,,
2,2,,0.133176,0.029181,0.837643,,1438700,,
2,2,,0.178743,0.034109,0.787148,,1446300,,
2,2,,0.080987,0.086473,0.83254,,1443800,,
2,2,,0.107234,0.017584,0.875182,,1449700,,
2,2,,0.269742,0.052856,0.677402,,1451300,,
2,2,,0.214183,0.018358,0.76746,,1450500,,
2,2,,0.099429,0.031,0.869571,,1446500,,
2,2,,0.139385,0.02588,0.834735,,1449300,,
2,2,,0.155781,0.023536,0.820683,,1435100,,
2,2,,0.068547,0.013284,0.91817,,1436800,,
2,2,,0.201139,0.004588,0.794273,,1453200,,
2,2,,0.265451,0.024026,0.710523,,1443800,,
2,2,,0.116226,0.061674,0.8221,,1446200,,
2,2,,0.085855,0.040385,0.87376,,1444200,,
2,2,,0.220069,0.046012,0.733919,,1470000,,
2,2,,0.104987,0.022658,0.872355,,1443100,,
2,2,,0.084378,0.165884,0.749738,,1441600,,
2,2,,0.151835,0.020171,0.827994,,1442900,,
2,2,,0.108796,0.239472,0.651732,,1449000,,
2,2,,0.172417,0.058534,0.769049,,1447500,,
2,2,,0.319354,0.212018,0.468628,,1479300,,
2,2,,0.16048,0.056983,0.782537,,1458300,,
2,2,,0.145243,0.213797,0.64096,,1442100,,
2,2,,0.068005,0.072699,0.859296,,1449300,,
2,2,,0.100841,0.216803,0.682356,,1449900,,
2,2,,0.18031,0.273298,0.546392,,1451800,,
2,2,,0.178514,0.237634,0.583853,,1444600,,
2,2,,0.116223,0.04312,0.840657,,1442900,,
2,2,,0.14286,0.248096,0.609044,,1438300,,
2,2,,0.141427,0.028188,0.830385,,1456400,,
2,2,,0.070122,0.013188,0.91669,,1452100,,
2,2,,0.15305,0.26491,0.58204,,1464500,,
2,1,,0.396853,0.403515,0.199631,,1448000,,
2,2,,0.098159,0.049258,0.852584,,1455000,,
2,2,,0.200229,0.053269,0.746502,,1468000,,
2,2,,0.154501,0.031001,0.814498,,1433500,,
2,2,,0.180841,0.037365,0.781794,,1444600,,
2,2,,0.307944,0.132713,0.559343,,1448300,,
2,2,,0.107692,0.032264,0.860044,,1437800,,
2,1,,0.144699,0.58445,0.270851,,1447100,,
2,2,,0.044556,0.015002,0.940443,,1439800,,
2,2,,0.1244,0.0346,0.841,,1465900,,
2,2,,0.119309,0.060465,0.820226,,1439900,,
2,2,,0.319684,0.034255,0.646061,,1440900,,
2,2,,0.126458,0.044117,0.829425,,1439300,,
2,2,,0.152692,0.029016,0.818292,,1457800,,
2,2,,0.239099,0.253432,0.507468,,1445400,,
2,2,,0.16721,0.244995,0.587795,,1436400,,
2,2,,0.089341,0.061156,0.849504,,1437000,,
2,2,,0.327074,0.18436,0.488566,,1450500,,
2,2,,0.154483,0.015246,0.830271,,1439600,,
2,2,,0.063572,0.30194,0.634488,,1446200,,
2,1,,0.165427,0.443671,0.390901,,1455300,,
2,2,,0.234791,0.206879,0.55833,,1437800,,
2,2,,0.345756,0.192104,0.46214,,1448100,,
2,2,,0.114376,0.046021,0.839603,,1453700,,
2,1,,0.163093,0.621893,0.215014,,1448100,,
2,2,,0.307845,0.23554,0.456615,,1451800,,
2,2,,0.161095,0.375861,0.463044,,1448700,,
2,2,,0.149572,0.414078,0.436349,,1447500,,
2,2,,0.189557,0.388365,0.422078,,1437500,,
2,2,,0.256987,0.034873,0.70814,,1440900,,
2,2,,0.172262,0.335771,0.491967,,1447900,,
2,2,,0.114871,0.281317,0.603812,,1451700,,
2,2,,0.072264,0.066025,0.861711,,1444100,,
2,1,,0.183005,0.479755,0.337241,,1470900,,
2,1,,0.180826,0.522559,0.296616,,1437600,,
2,2,,0.257824,0.100748,0.641427,,1444500,,
2,2,,0.16306,0.034754,0.802186,,1437600,,
2,2,,0.112755,0.029613,0.857632,,1441700,,
2,2,,0.324803,0.147906,0.527291,,1452300,,
2,2,,0.121526,0.34527,0.533204,,1440100,,
2,2,,0.123263,0.04629,0.830447,,1435100,,
2,2,,0.263735,0.153024,0.583241,,1449200,,
2,2,,0.306355,0.286001,0.407645,,1451500,,
2,2,,0.187676,0.023884,0.78844,,1441800,,
2,2,,0.143754,0.070133,0.786112,,1458100,,
2,2,,0.29851,0.294453,0.407037,,1441600,,
2,2,,0.170131,0.008182,0.821688,,1438400,,
2,1,,0.072787,0.699888,0.227325,,1443400,,
2,2,,0.159119,0.219997,0.620884,,1439100,,
2,2,,0.20722,0.204095,0.588685,,1440100,,
2,2,,0.150986,0.058862,0.790152,,1439800,,
2,2,,0.084002,0.050601,0.865397,,1440100,,
2,2,,0.241204,0.138008,0.620789,,1442700,,
2,2,,0.138815,0.210805,0.65038,,1461500,,
2,2,,0.184962,0.012117,0.802921,,1467100,,
2,2,,0.132332,0.108555,0.759113,,1442000,,
2,2,,0.065604,0.046489,0.887907,,1445900,,
2,2,,0.136163,0.048698,0.815139,,1443800,,
2,2,,0.361583,0.11504,0.523377,,1444100,,
2,2,,0.131662,0.395337,0.473001,,1482700,,
2,2,,0.204058,0.278855,0.517087,,1445500,,
2,2,,0.128347,0.053291,0.818362,,1473800,,
2,2,,0.290342,0.137777,0.571881,,1453100,,
2,2,,0.220924,0.327228,0.451847,,1447500,,
2,2,,0.109372,0.031646,0.858982,,1443100,,
2,2,,0.188322,0.018065,0.793613,,1471700,,
2,2,,0.364601,0.069569,0.56583,,1451000,,
2,2,,0.159822,0.073996,0.766183,,1441800,,
2,2,,0.081681,0.022737,0.895582,,1437100,,
2,2,,0.122378,0.047404,0.830217,,1459200,,
2,2,,0.058494,0.222394,0.719112,,1449200,,
2,2,,0.200382,0.016299,0.783319,,1446700,,
2,2,,0.215984,0.24869,0.535326,,1444700,,
2,2,,0.133611,0.328079,0.53831,,1440400,,
2,2,,0.059733,0.034131,0.906137,,1460300,,
2,2,,0.241123,0.202586,0.556291,,1463900,,
2,2,,0.269443,0.13865,0.591907,,1453400,,
2,2,,0.065459,0.041521,0.89302,,1439700,,
2,2,,0.097931,0.029095,0.872974,,1436700,,
2,2,,0.144846,0.169859,0.685295,,1442100,,
2,2,,0.096997,0.014275,0.888728,,1439200,,
2,2,,0.179969,0.044315,0.775716,,1439700,,
2,2,,0.036182,0.09834,0.865478,,1435300,,
2,2,,0.168821,0.01969,0.811489,,1438200,,
2,2,,0.256955,0.267346,0.475698,,1446100,,
2,2,,0.112002,0.039883,0.848115,,1454400,,
2,2,,0.154574,0.025131,0.820295,,1454500,,
2,2,,0.06978,0.021115,0.909105,,1452200,,
2,2,,0.1417,0.1426,0.715701,,1447700,,
2,2,,0.113763,0.007915,0.878322,,1443500,,
2,2,,0.17641,0.032031,0.791559,,1439800,,
2,2,,0.065902,0.024855,0.909243,,1435100,,
2,2,,0.126152,0.014166,0.859682,,1450600,,
2,2,,0.15884,0.058116,0.783044,,1437300,,
2,2,,0.170252,0.320934,0.508815,,1453500,,
2,0,,0.352613,0.317904,0.329483,,1451100,,
2,2,,0.23787,0.153409,0.608721,,1478900,,
2,2,,0.151484,0.070428,0.778088,,1443900,,
2,2,,0.091731,0.034863,0.873406,,1442000,,
2,2,,0.221617,0.247737,0.530647,,1445800,,
2,2,,0.216765,0.310145,0.47309,,1452500,,
2,1,,0.122729,0.627424,0.249847,,1443100,,
2,2,,0.153048,0.077173,0.769779,,1453300,,
2,2,,0.153603,0.01375,0.832646,,1455900,,
2,2,,0.153713,0.035222,0.811064,,1437100,,
2,2,,0.037611,0.018881,0.943508,,1439800,,
2,2,,0.11153,0.178432,0.710037,,1462700,,
2,1,,0.327304,0.381121,0.291576,,1448800,,
2,2,,0.205059,0.006579,0.788362,,1450400,,
2,1,,0.174464,0.450928,0.374607,,1449100,,
2,2,,0.113548,0.023882,0.86257,,1442800,,
2,2,,0.128534,0.031237,0.840229,,1439600,,
2,2,,0.222507,0.133232,0.644261,,1443600,,
2,2,,0.107441,0.199379,0.69318,,1438800,,
2,2,,0.272866,0.139411,0.587723,,1441500,,
2,2,,0.381393,0.18355,0.435056,,1445000,,
2,2,,0.258362,0.1569,0.584738,,1449600,,
2,2,,0.130043,0.013023,0.856933,,1438900,,
2,2,,0.255692,0.02479,0.719518,,1455300,,
2,2,,0.168755,0.074185,0.75706,,1439700,,
2,2,,0.154022,0.166843,0.679135,,1437600,,
2,2,,0.101003,0.311969,0.587028,,1450100,,
2,2,,0.10018,0.153751,0.746069,,1446400,,
2,2,,0.391999,0.093771,0.51423,,1449400,,
2,0,,0.415944,0.268141,0.315915,,1455000,,
2,2,,0.125379,0.214306,0.660315,,1452700,,
2,2,,0.141583,0.07046,0.787957,,1466800,,
2,2,,0.211017,0.194413,0.59457,,1481500,,
2,2,,0.289056,0.286447,0.424497,,1453300,,
2,2,,0.14392,0.021514,0.834566,,1453900,,
2,2,,0.088237,0.031045,0.880717,,1459100,,
2,2,,0.132785,0.049976,0.817239,,1461300,,
2,2,,0.285727,0.29834,0.415932,,1464300,,
2,2,,0.111493,0.029943,0.858563,,1453500,,
2,2,,0.230795,0.2713,0.497905,,1468000,,
2,2,,0.127782,0.071367,0.800851,,1441600,,
2,2,,0.267616,0.217731,0.514652,,1448200,,
2,2,,0.25704,0.037277,0.705683,,1466600,,
2,2,,0.212812,0.01632,0.770868,,1443700,,
2,2,,0.064303,0.06725,0.868447,,1445200,,
2,2,,0.181083,0.049899,0.769018,,1449200,,
2,2,,0.130902,0.255064,0.614034,,1443300,,
2,2,,0.205852,0.361864,0.432284,,1453700,,
2,2,,0.093038,0.02402,0.882943,,1445500,,
2,2,,0.085873,0.05545,0.858676,,1441400,,
2,2,,0.176625,0.275126,0.548248,,1447500,,
2,0,,0.385508,0.345531,0.268961,,1445800,,
2,2,,0.240513,0.247251,0.512236,,1465500,,
2,1,,0.22026,0.547371,0.232369,,1443300,,
2,2,,0.366613,0.189522,0.443865,,1449200,,
2,2,,0.160316,0.045198,0.794486,,1448100,,
2,2,,0.079891,0.034874,0.885235,,1440600,,
2,2,,0.114501,0.024084,0.861415,,1455300,,
2,2,,0.234971,0.030021,0.735008,,1453200,,
2,2,,0.09076,0.032385,0.876855,,1449400,,
2,2,,0.25634,0.034736,0.708924,,1453700,,
2,2,,0.088537,0.015607,0.895857,,1441600,,
2,2,,0.266942,0.137429,0.595629,,1446900,,
2,2,,0.379122,0.177015,0.443863,,1476400,,
2,2,,0.147531,0.251909,0.60056,,1445000,,
2,2,,0.109041,0.263058,0.627901,,1453800,,
2,2,,0.184034,0.022464,0.793503,,1445600,,
2,2,,0.19535,0.219455,0.585195,,1439700,,
2,2,,0.130443,0.070811,0.798747,,1460500,,
2,2,,0.113473,0.057578,0.828949,,1450300,,
2,2,,0.097441,0.022623,0.879937,,1437800,,
2,2,,0.23495,0.208907,0.556143,,1462000,,
2,2,,0.150335,0.029899,0.819767,,1443800,,
2,2,,0.260837,0.069476,0.669687,,1473800,,
2,2,,0.320464,0.139196,0.54034,,1446300,,
2,2,,0.137327,0.066271,0.796402,,1460200,,
2,2,,0.100472,0.24731,0.652219,,1445600,,
2,2,,0.226335,0.041702,0.731963,,1441600,,
2,2,,0.088645,0.017401,0.893953,,1440700,,
2,2,,0.226147,0.157335,0.616518,,1464500,,
2,2,,0.193393,0.297427,0.509181,,1463300,,
2,2,,0.146768,0.032655,0.820577,,1450900,,
2,2,,0.240505,0.098651,0.660844,,1443300,,
2,2,,0.045751,0.022705,0.931544,,1457200,,
2,2,,0.238603,0.233708,0.527688,,1442000,,
2,2,,0.084111,0.040384,0.875505,,1459000,,
2,2,,0.1502,0.068027,0.781773,,1448600,,
2,0,,0.443195,0.184414,0.372391,,1448700,,
2,2,,0.14995,0.021394,0.828656,,1448300,,
2,2,,0.141228,0.217609,0.641163,,1454600,,
2,2,,0.173674,0.03323,0.793097,,1473600,,
2,2,,0.100962,0.074528,0.824509,,1460300,,
2,2,,0.191055,0.126181,0.682764,,1457100,,
2,2,,0.351343,0.181348,0.467309,,1454800,,
2,2,,0.216384,0.046408,0.737208,,1447600,,
2,2,,0.069534,0.060221,0.870245,,1452600,,
2,2,,0.28414,0.139342,0.576518,,1457000,,
2,2,,0.111292,0.020284,0.868425,,1454500,,
2,2,,0.145543,0.049719,0.804738,,1454200,,
2,2,,0.130052,0.013915,0.856033,,1448000,,
2,2,,0.153842,0.372298,0.47386,,1454000,,
2,2,,0.121364,0.187233,0.691403,,1459300,,
2,2,,0.334341,0.160971,0.504688,,1464600,,
2,2,,0.0957,0.03972,0.86458,,1460700,,
2,0,,0.361656,0.305527,0.332816,,1478300,,
2,2,,0.161547,0.049357,0.789097,,1450300,,
2,2,,0.17976,0.032892,0.787349,,1442700,,
2,2,,0.125628,0.047232,0.82714,,1444600,,
2,2,,0.297172,0.107791,0.595037,,1444000,,
2,2,,0.226986,0.197653,0.575361,,1442800,,
2,2,,0.203234,0.018536,0.77823,,1447800,,
2,2,,0.170072,0.025588,0.80434,,2379300,,
2,2,,0.096283,0.059849,0.843868,,2948100,,
2,2,,0.125224,0.063732,0.811045,,2406900,,
2,2,,0.19779,0.259253,0.542957,,1469800,,
2,2,,0.120725,0.024655,0.85462,,1535400,,
2,2,,0.146389,0.026518,0.827093,,1437000,,
2,2,,0.10342,0.030015,0.866566,,1460400,,
2,2,,0.201847,0.084269,0.713884,,1460100,,
2,2,,0.204113,0.224597,0.57129,,1521600,,
2,2,,0.175477,0.174451,0.650072,,1469200,,
2,2,,0.150835,0.052413,0.796752,,1519000,,
2,2,,0.081929,0.039337,0.878734,,1454300,,
2,2,,0.343648,0.005044,0.651309,,1547000,,
2,2,,0.100226,0.012569,0.887205,,1496900,,
2,2,,0.117883,0.062166,0.819951,,1565100,,
2,2,,0.134352,0.202896,0.662751,,1416900,,
2,2,,0.056383,0.037216,0.906401,,1405500,,
2,2,,0.125919,0.046243,0.827839,,1438400,,
2,2,,0.215936,0.058362,0.725702,,1499300,,
2,2,,0.123788,0.185267,0.690945,,1413200,,