molecular-splice,CWE,test,2,NANOSECONDS,PREDICTIONS, Generated by ClassifierExperiments.java on 2022-05-15 21:59:54.    SYSTEMPROPERTIES:{user.name:matth,os.arch:amd64,os.name:Windows 10},ENDSYSTEMPROPERTIES
No parameter info
0.837245696400626,1188406200,1076954500,-1,62039736,3,,-1,-1
0,0,,0.534992,0.12484,0.340167,,1825500,,
0,0,,0.43239,0.140575,0.427035,,1652400,,
0,0,,0.495704,0.305802,0.198493,,1605700,,
0,2,,0.30412,0.165558,0.530322,,1620900,,
0,2,,0.289589,0.011036,0.699375,,1606300,,
0,0,,0.502141,0.122805,0.375054,,1589400,,
0,1,,0.350156,0.423936,0.225908,,1565100,,
0,0,,0.508123,0.247026,0.244851,,1573600,,
0,0,,0.634078,0.220322,0.1456,,1591600,,
0,2,,0.180216,0.018431,0.801353,,1576300,,
0,0,,0.561283,0.300939,0.137778,,1585500,,
0,0,,0.477605,0.295477,0.226919,,1615900,,
0,0,,0.444835,0.352362,0.202803,,1610300,,
0,0,,0.609488,0.211065,0.179447,,2464000,,
0,0,,0.474297,0.206073,0.31963,,2087000,,
0,0,,0.43448,0.269035,0.296485,,2071500,,
0,0,,0.413448,0.187041,0.399511,,1873700,,
0,2,,0.341965,0.015941,0.642094,,1976900,,
0,2,,0.363906,0.008473,0.627621,,1938800,,
0,0,,0.402236,0.302773,0.294991,,2100500,,
0,0,,0.588816,0.222982,0.188201,,2381200,,
0,0,,0.359831,0.28263,0.357539,,1901000,,
0,2,,0.339661,0.125838,0.534501,,1956400,,
0,0,,0.561283,0.300939,0.137778,,2024200,,
0,2,,0.221457,0.208888,0.569655,,1887400,,
0,0,,0.414292,0.232031,0.353677,,2024200,,
0,0,,0.572229,0.099143,0.328628,,1866800,,
0,0,,0.521328,0.13129,0.347383,,2034000,,
0,0,,0.599094,0.085221,0.315685,,2154200,,
0,2,,0.348193,0.243422,0.408385,,1925700,,
0,0,,0.393654,0.309657,0.296689,,2168100,,
0,0,,0.55856,0.11284,0.3286,,1846800,,
0,0,,0.445235,0.173911,0.380854,,1659100,,
0,0,,0.486946,0.155301,0.357753,,1758200,,
0,0,,0.44394,0.256098,0.299962,,1677000,,
0,0,,0.496256,0.248394,0.255349,,1654600,,
0,0,,0.688154,0.130477,0.181368,,1707100,,
0,2,,0.335275,0.151485,0.51324,,1923200,,
0,0,,0.393396,0.382551,0.224053,,1931200,,
0,0,,0.446406,0.169587,0.384007,,1728900,,
0,0,,0.563887,0.243393,0.19272,,1658700,,
0,0,,0.520364,0.244177,0.235459,,1610600,,
0,0,,0.520364,0.244177,0.235459,,1856900,,
0,2,,0.379923,0.229118,0.390959,,1668700,,
0,0,,0.427419,0.180578,0.392003,,1725700,,
0,0,,0.516899,0.243103,0.239998,,1659300,,
0,2,,0.376281,0.221051,0.402668,,1907000,,
0,0,,0.39979,0.275625,0.324585,,1813800,,
0,0,,0.729134,0.118221,0.152646,,1666000,,
0,2,,0.358868,0.227759,0.413373,,1639800,,
0,1,,0.380185,0.433885,0.18593,,1790000,,
0,0,,0.442371,0.170023,0.387606,,1676200,,
0,0,,0.431493,0.299459,0.269048,,1602600,,
0,0,,0.674854,0.149707,0.175439,,1819200,,
0,0,,0.433808,0.227047,0.339145,,1709900,,
0,0,,0.478499,0.211731,0.30977,,1734500,,
0,0,,0.454404,0.181406,0.36419,,1868900,,
0,1,,0.382877,0.472918,0.144205,,1814800,,
0,2,,0.193835,0.235887,0.570278,,1973200,,
0,2,,0.264387,0.036361,0.699252,,1669100,,
0,0,,0.569983,0.197229,0.232788,,1660900,,
0,0,,0.612341,0.110527,0.277132,,1707300,,
0,0,,0.493994,0.139718,0.366288,,1768700,,
0,0,,0.508678,0.334545,0.156777,,2069300,,
0,0,,0.640683,0.153366,0.205951,,1904400,,
0,1,,0.345228,0.443432,0.21134,,1902100,,
0,2,,0.343212,0.222896,0.433892,,1964000,,
0,2,,0.337533,0.222618,0.439848,,1929200,,
0,0,,0.685977,0.132032,0.18199,,1965800,,
0,2,,0.232716,0.12194,0.645343,,1877200,,
0,2,,0.283639,0.320314,0.396047,,1874700,,
0,2,,0.377453,0.170688,0.451858,,1925100,,
0,0,,0.411687,0.364348,0.223964,,1859200,,
0,0,,0.503991,0.257316,0.238693,,1863300,,
0,0,,0.729134,0.118221,0.152646,,1871900,,
0,0,,0.416211,0.294195,0.289594,,1863600,,
0,0,,0.365568,0.341837,0.292596,,1868000,,
0,0,,0.495704,0.305802,0.198493,,1775800,,
0,0,,0.450679,0.122214,0.427107,,1597400,,
0,2,,0.271327,0.352541,0.376132,,1582500,,
0,0,,0.467416,0.17679,0.355794,,1624200,,
0,0,,0.519805,0.147048,0.333147,,1583000,,
0,0,,0.453928,0.360063,0.186008,,1586000,,
0,0,,0.375051,0.364723,0.260225,,1613700,,
0,2,,0.186083,0.035846,0.778071,,1593600,,
0,2,,0.360999,0.223395,0.415606,,1631000,,
0,0,,0.416211,0.294195,0.289594,,1592800,,
0,2,,0.358667,0.206761,0.434573,,1581700,,
0,0,,0.510812,0.1014,0.387789,,1586100,,
0,0,,0.641505,0.086378,0.272116,,1971400,,
0,2,,0.213872,0.024203,0.761925,,1606100,,
0,2,,0.274578,0.102673,0.622749,,1583500,,
0,2,,0.236886,0.194627,0.568488,,1594000,,
0,2,,0.412793,0.16929,0.417917,,1601200,,
0,0,,0.713357,0.146106,0.140537,,1877000,,
0,0,,0.590211,0.187403,0.222386,,1747900,,
0,2,,0.30504,0.220533,0.474427,,1591300,,
0,0,,0.450861,0.240484,0.308655,,1604300,,
0,0,,0.407651,0.332229,0.26012,,1795300,,
0,0,,0.514971,0.125139,0.359891,,1770700,,
0,0,,0.402294,0.239444,0.358263,,1626700,,
0,0,,0.634078,0.220322,0.1456,,1666600,,
0,2,,0.330567,0.012499,0.656934,,1593300,,
0,0,,0.588479,0.18664,0.224881,,1620900,,
0,0,,0.50465,0.274521,0.220828,,1623600,,
0,0,,0.571658,0.186952,0.24139,,1602900,,
0,0,,0.411883,0.193498,0.394619,,1583500,,
0,0,,0.468395,0.144673,0.386932,,1571900,,
0,2,,0.350249,0.166684,0.483067,,1612700,,
0,2,,0.344524,0.15606,0.499416,,1661100,,
0,0,,0.589862,0.093976,0.316162,,1583500,,
0,0,,0.658673,0.150332,0.190995,,1622000,,
0,0,,0.509084,0.114326,0.37659,,1589500,,
0,0,,0.444835,0.352362,0.202803,,1676300,,
0,0,,0.641505,0.086378,0.272116,,1625700,,
0,2,,0.205533,0.047019,0.747448,,1706500,,
0,0,,0.713357,0.146106,0.140537,,1592900,,
0,0,,0.465369,0.125277,0.409354,,1590500,,
0,0,,0.520364,0.244177,0.235459,,1596900,,
0,1,,0.382115,0.404422,0.213463,,1591100,,
0,0,,0.447776,0.327637,0.224587,,1573900,,
0,0,,0.548271,0.252537,0.199192,,1561600,,
0,0,,0.550807,0.278823,0.17037,,1578300,,
0,2,,0.375453,0.203615,0.420932,,1619100,,
0,0,,0.580367,0.216884,0.20275,,1654600,,
0,0,,0.535732,0.140456,0.323812,,1773900,,
0,2,,0.210842,0.169014,0.620145,,1640200,,
0,0,,0.423705,0.214948,0.361346,,2262800,,
0,0,,0.551239,0.146037,0.302723,,1632700,,
0,2,,0.419879,0.108712,0.47141,,1570100,,
0,2,,0.249075,0.137116,0.613809,,1567700,,
0,0,,0.434054,0.258497,0.307448,,1565000,,
0,0,,0.357112,0.286524,0.356364,,1578500,,
0,0,,0.412572,0.196453,0.390975,,1578700,,
0,2,,0.323287,0.102249,0.574463,,1604300,,
0,0,,0.40343,0.311258,0.285312,,1577000,,
0,2,,0.266811,0.134284,0.598905,,1626700,,
0,0,,0.495493,0.143953,0.360555,,1576600,,
0,2,,0.385299,0.114116,0.500585,,1576300,,
0,2,,0.272577,0.338618,0.388805,,1617200,,
0,2,,0.338215,0.291306,0.370479,,1634400,,
0,2,,0.42823,0.112073,0.459697,,1586800,,
0,2,,0.208099,0.012897,0.779005,,1571100,,
0,2,,0.244774,0.207814,0.547412,,1591400,,
0,1,,0.382237,0.398394,0.219368,,1718200,,
0,2,,0.368337,0.213412,0.418251,,1740800,,
0,0,,0.424699,0.196443,0.378859,,2273000,,
0,0,,0.487751,0.324662,0.187587,,1644600,,
0,2,,0.391832,0.068452,0.539716,,1712100,,
0,2,,0.212193,0.226529,0.561278,,1770200,,
0,0,,0.533342,0.209064,0.257594,,1913900,,
0,1,,0.350201,0.361348,0.288451,,1900800,,
0,2,,0.381096,0.129641,0.489263,,1919600,,
0,0,,0.364162,0.307058,0.328779,,1987600,,
1,1,,0.351747,0.499385,0.148868,,2054500,,
1,1,,0.334878,0.395823,0.269298,,1906600,,
1,1,,0.164003,0.574912,0.261085,,2125900,,
1,1,,0.143497,0.598333,0.25817,,1937100,,
1,0,,0.427314,0.320928,0.251758,,1913200,,
1,1,,0.094587,0.694802,0.210611,,2040900,,
1,1,,0.1306,0.570492,0.298908,,1906700,,
1,1,,0.192279,0.647728,0.159994,,1917000,,
1,1,,0.140247,0.593449,0.266305,,1982800,,
1,1,,0.150641,0.604331,0.245027,,2044700,,
1,1,,0.102403,0.638495,0.259103,,2033700,,
1,0,,0.365907,0.361936,0.272157,,1926000,,
1,1,,0.210777,0.530974,0.258248,,1983600,,
1,1,,0.212338,0.524496,0.263166,,1895800,,
1,1,,0.157466,0.423908,0.418626,,1894900,,
1,0,,0.38959,0.36155,0.248859,,1915000,,
1,1,,0.2822,0.372052,0.345747,,1942400,,
1,1,,0.196687,0.588834,0.214479,,1987100,,
1,1,,0.112652,0.528623,0.358725,,1903800,,
1,1,,0.110647,0.55637,0.332983,,1889600,,
1,1,,0.103319,0.694686,0.201995,,1954000,,
1,1,,0.154583,0.596056,0.249361,,1840000,,
1,1,,0.109342,0.703437,0.187221,,1650300,,
1,1,,0.181764,0.579268,0.238967,,1665600,,
1,0,,0.382708,0.32316,0.294133,,1639700,,
1,2,,0.173732,0.310056,0.516212,,1762100,,
1,1,,0.215739,0.567179,0.217081,,1858300,,
1,1,,0.159669,0.659523,0.180808,,1821100,,
1,1,,0.170905,0.450574,0.37852,,1667000,,
1,1,,0.222208,0.583949,0.193843,,1628400,,
1,1,,0.260745,0.370718,0.368536,,1625600,,
1,1,,0.319956,0.484284,0.19576,,1614600,,
1,1,,0.159696,0.626317,0.213987,,1689200,,
1,2,,0.186251,0.370503,0.443245,,1698900,,
1,1,,0.260045,0.499024,0.240931,,1725700,,
1,1,,0.185823,0.636411,0.177766,,1741400,,
1,1,,0.10005,0.598153,0.301797,,1651600,,
1,1,,0.095046,0.673433,0.231521,,1675500,,
1,1,,0.185089,0.495078,0.319833,,1665800,,
1,1,,0.233557,0.445204,0.321239,,1616500,,
1,1,,0.19637,0.688358,0.115273,,1622400,,
1,1,,0.165956,0.532393,0.301651,,1621300,,
1,1,,0.323962,0.413617,0.26242,,1635500,,
1,1,,0.150202,0.608948,0.24085,,1689700,,
1,1,,0.111841,0.667577,0.220581,,1749200,,
1,1,,0.325124,0.408188,0.266687,,1614900,,
1,1,,0.346987,0.438955,0.214058,,1622400,,
1,1,,0.241883,0.620655,0.137462,,1650900,,
1,0,,0.408823,0.183351,0.407826,,1666700,,
1,1,,0.096429,0.690464,0.213107,,1635200,,
1,1,,0.240635,0.432544,0.326821,,1649400,,
1,0,,0.390632,0.327352,0.282016,,1702700,,
1,1,,0.367088,0.446039,0.186873,,1712600,,
1,1,,0.087503,0.700453,0.212044,,3184200,,
1,1,,0.175089,0.668548,0.156363,,3398300,,
1,1,,0.263112,0.506781,0.230107,,3387300,,
1,1,,0.110707,0.737855,0.151439,,1956600,,
1,0,,0.404396,0.359967,0.235637,,1686500,,
1,1,,0.194209,0.553945,0.251846,,1681100,,
1,1,,0.233637,0.537585,0.228778,,1996200,,
1,1,,0.284291,0.545324,0.170385,,1817700,,
1,1,,0.176425,0.630732,0.192844,,1638800,,
1,1,,0.08449,0.730906,0.184604,,1633900,,
1,1,,0.095046,0.673433,0.231521,,1613800,,
1,1,,0.130202,0.665291,0.204507,,1601600,,
1,1,,0.184398,0.62095,0.194652,,1576200,,
1,1,,0.098003,0.709199,0.192798,,1594700,,
1,1,,0.122863,0.614918,0.262219,,1593100,,
1,1,,0.346638,0.432963,0.220399,,1611100,,
1,1,,0.116293,0.738314,0.145393,,1632800,,
1,1,,0.118007,0.647402,0.234591,,1591500,,
1,1,,0.119789,0.702884,0.177327,,1582800,,
1,1,,0.189474,0.576519,0.234007,,1604100,,
1,1,,0.12249,0.614648,0.262861,,1630700,,
1,0,,0.424814,0.372875,0.20231,,1630000,,
1,1,,0.171519,0.445563,0.382918,,1580000,,
1,1,,0.302116,0.452507,0.245377,,1584900,,
1,2,,0.099369,0.423576,0.477056,,1585900,,
1,0,,0.43428,0.31767,0.24805,,1595500,,
1,1,,0.168766,0.599042,0.232192,,1604000,,
1,1,,0.169434,0.543873,0.286693,,1630400,,
1,1,,0.212522,0.501685,0.285793,,1571900,,
1,1,,0.199926,0.456463,0.343612,,1610400,,
1,1,,0.176425,0.630732,0.192844,,1641800,,
1,2,,0.28048,0.322695,0.396825,,1630600,,
1,1,,0.334208,0.399792,0.266,,1642600,,
1,1,,0.238366,0.541739,0.219895,,1646100,,
1,1,,0.349581,0.3931,0.257319,,1962600,,
1,1,,0.194209,0.553945,0.251846,,2323200,,
1,1,,0.08449,0.730906,0.184604,,1639100,,
1,1,,0.228391,0.522749,0.24886,,1608200,,
1,1,,0.134254,0.625087,0.240658,,1604600,,
1,1,,0.185699,0.575459,0.238842,,1635700,,
1,1,,0.261106,0.506524,0.232369,,1596100,,
1,1,,0.326161,0.442522,0.231316,,1621700,,
1,1,,0.087109,0.737983,0.174908,,1631500,,
1,1,,0.309194,0.374557,0.316248,,1610200,,
1,1,,0.295632,0.464409,0.239958,,1595100,,
1,1,,0.249878,0.555182,0.19494,,1602700,,
1,1,,0.261106,0.506524,0.232369,,1574500,,
1,1,,0.144888,0.574341,0.280772,,1572500,,
1,1,,0.116977,0.583168,0.299856,,1608500,,
1,1,,0.305482,0.427133,0.267385,,1580500,,
1,1,,0.172672,0.561169,0.266159,,2105700,,
1,1,,0.190758,0.663064,0.146178,,1860000,,
1,1,,0.084387,0.734484,0.181129,,1641400,,
1,0,,0.414402,0.386591,0.199007,,1710800,,
1,0,,0.407035,0.345988,0.246978,,1661600,,
1,1,,0.112368,0.672975,0.214658,,1613300,,
1,1,,0.101125,0.676689,0.222187,,1574900,,
1,2,,0.292419,0.249697,0.457884,,1586500,,
1,1,,0.152037,0.682118,0.165845,,1614100,,
1,1,,0.238547,0.471908,0.289545,,1643000,,
1,1,,0.224357,0.624007,0.151636,,1613000,,
1,1,,0.269476,0.535136,0.195388,,1612100,,
1,0,,0.414828,0.246725,0.338447,,1650000,,
1,1,,0.129631,0.639014,0.231355,,1671900,,
1,1,,0.17927,0.445609,0.375122,,1593300,,
1,1,,0.198629,0.67345,0.127921,,1592700,,
1,1,,0.128172,0.665492,0.206336,,1611500,,
1,1,,0.131177,0.569253,0.29957,,1593000,,
1,1,,0.151788,0.583193,0.265019,,1577300,,
1,0,,0.383144,0.357096,0.25976,,1644700,,
1,1,,0.072677,0.726388,0.200935,,1597400,,
1,1,,0.122863,0.614918,0.262219,,1619700,,
1,1,,0.326938,0.365962,0.3071,,1658600,,
1,1,,0.103179,0.663078,0.233742,,1608400,,
1,0,,0.399316,0.293785,0.306899,,1604200,,
1,1,,0.191645,0.585372,0.222983,,1588200,,
1,1,,0.145896,0.659774,0.194331,,1567800,,
1,1,,0.123806,0.672433,0.20376,,1589700,,
1,1,,0.124451,0.448873,0.426675,,1594200,,
1,1,,0.157648,0.609416,0.232936,,1588200,,
1,1,,0.318776,0.473468,0.207756,,1591800,,
1,1,,0.127859,0.550268,0.321873,,1699400,,
1,1,,0.181787,0.525573,0.29264,,1598400,,
1,1,,0.108372,0.70749,0.184137,,1603700,,
1,1,,0.157118,0.563843,0.279039,,1629300,,
1,1,,0.245136,0.491588,0.263277,,1606900,,
1,1,,0.235515,0.559169,0.205317,,1602200,,
1,1,,0.192279,0.647728,0.159994,,1616200,,
1,2,,0.393535,0.175569,0.430895,,1628100,,
1,1,,0.237041,0.520991,0.241968,,1685700,,
1,1,,0.254629,0.516502,0.228869,,1650400,,
1,1,,0.269758,0.381072,0.34917,,1899200,,
1,0,,0.378876,0.367035,0.254089,,1667500,,
1,0,,0.49968,0.223284,0.277036,,1675600,,
1,1,,0.145479,0.649438,0.205084,,1614500,,
1,1,,0.22959,0.531957,0.238453,,1640000,,
1,1,,0.277555,0.381242,0.341203,,1598500,,
1,1,,0.128545,0.628576,0.242879,,1641500,,
1,1,,0.158619,0.624444,0.216937,,1594700,,
1,1,,0.099435,0.656605,0.243959,,1600300,,
1,2,,0.285601,0.24621,0.468189,,1757800,,
2,2,,0.114549,0.020008,0.865443,,1901400,,
2,2,,0.064683,0.281266,0.654052,,2428600,,
2,2,,0.10446,0.068947,0.826593,,1616800,,
2,1,,0.350764,0.42821,0.221026,,1629800,,
2,2,,0.193791,0.01654,0.789669,,1604300,,
2,2,,0.272943,0.325252,0.401805,,1610700,,
2,2,,0.217454,0.130064,0.652482,,1622800,,
2,2,,0.086469,0.029235,0.884297,,1614700,,
2,2,,0.111723,0.034787,0.853489,,1615500,,
2,2,,0.182341,0.045081,0.772578,,1580400,,
2,2,,0.138552,0.274147,0.587301,,1627900,,
2,2,,0.126429,0.024347,0.849224,,1586800,,
2,2,,0.14824,0.054731,0.79703,,1583900,,
2,2,,0.185226,0.028847,0.785927,,1636700,,
2,2,,0.103841,0.028269,0.867891,,1586200,,
2,2,,0.156225,0.035423,0.808352,,1610800,,
2,2,,0.11202,0.086812,0.801168,,1585500,,
2,2,,0.128673,0.109114,0.762213,,1616600,,
2,2,,0.230779,0.042946,0.726274,,1631700,,
2,1,,0.249425,0.404812,0.345763,,1691900,,
2,2,,0.316531,0.201801,0.481668,,1649200,,
2,2,,0.143224,0.044917,0.811859,,1600100,,
2,2,,0.154344,0.051539,0.794117,,1575600,,
2,2,,0.115493,0.047042,0.837465,,1632400,,
2,2,,0.318983,0.297267,0.38375,,1609900,,
2,2,,0.204778,0.360362,0.43486,,1674500,,
2,2,,0.227129,0.260692,0.51218,,1668200,,
2,2,,0.161344,0.329165,0.50949,,1757400,,
2,2,,0.135382,0.06964,0.794978,,1627100,,
2,2,,0.191901,0.025004,0.783096,,1594200,,
2,2,,0.177186,0.158165,0.664649,,1631000,,
2,2,,0.137945,0.08852,0.773534,,1588000,,
2,2,,0.146744,0.121036,0.73222,,1646900,,
2,2,,0.061447,0.060616,0.877937,,1604500,,
2,2,,0.129566,0.016153,0.854281,,1629600,,
2,2,,0.185827,0.182635,0.631538,,1612000,,
2,2,,0.102481,0.015141,0.882379,,1619400,,
2,2,,0.151192,0.051274,0.797534,,1654600,,
2,2,,0.239872,0.238112,0.522016,,1614700,,
2,2,,0.130177,0.032797,0.837026,,1620300,,
2,2,,0.222379,0.199277,0.578343,,1667600,,
2,2,,0.197071,0.345039,0.45789,,1631400,,
2,2,,0.134963,0.118205,0.746832,,1639100,,
2,2,,0.148089,0.014623,0.837288,,1622200,,
2,0,,0.42764,0.187554,0.384805,,1621400,,
2,2,,0.123599,0.070019,0.806382,,1589500,,
2,2,,0.190306,0.011944,0.79775,,1631300,,
2,2,,0.158164,0.358435,0.4834,,1658700,,
2,2,,0.233904,0.147309,0.618787,,1578000,,
2,2,,0.258409,0.112569,0.629023,,1603600,,
2,1,,0.240021,0.465659,0.294319,,1747000,,
2,2,,0.151538,0.046064,0.802399,,1609500,,
2,2,,0.166457,0.047063,0.78648,,1784200,,
2,2,,0.128622,0.181559,0.689819,,1636700,,
2,2,,0.108462,0.080398,0.81114,,1602100,,
2,2,,0.161678,0.016841,0.821482,,1705400,,
2,2,,0.068445,0.031354,0.900201,,1614100,,
2,2,,0.161143,0.017418,0.821439,,1601800,,
2,2,,0.208316,0.311788,0.479896,,1594400,,
2,2,,0.165873,0.032868,0.801259,,1611500,,
2,2,,0.265878,0.01702,0.717103,,1624900,,
2,2,,0.223353,0.243537,0.53311,,1608000,,
2,2,,0.134991,0.019087,0.845922,,1580200,,
2,2,,0.160631,0.224984,0.614385,,1626300,,
2,2,,0.178,0.022592,0.799408,,1713400,,
2,2,,0.150003,0.043726,0.806271,,1582300,,
2,1,,0.155973,0.622393,0.221635,,1602100,,
2,2,,0.149172,0.188652,0.662176,,1586100,,
2,2,,0.10981,0.036252,0.853938,,1591000,,
2,0,,0.539321,0.247367,0.213311,,1729700,,
2,2,,0.297857,0.208817,0.493326,,1615700,,
2,2,,0.206116,0.153141,0.640742,,1638100,,
2,2,,0.238805,0.287225,0.47397,,1615700,,
2,2,,0.149813,0.040746,0.809441,,1590100,,
2,2,,0.160603,0.047033,0.792364,,1626300,,
2,2,,0.12735,0.048342,0.824307,,1592500,,
2,2,,0.105781,0.020333,0.873885,,1606300,,
2,2,,0.247733,0.0536,0.698668,,1584900,,
2,2,,0.20463,0.023045,0.772325,,1596000,,
2,2,,0.123931,0.077976,0.798093,,1605400,,
2,2,,0.135733,0.010947,0.85332,,1572600,,
2,2,,0.150616,0.026775,0.822609,,1696900,,
2,2,,0.072243,0.044588,0.883169,,1629600,,
2,2,,0.143105,0.028366,0.828529,,1606800,,
2,2,,0.246473,0.020492,0.733035,,1596500,,
2,2,,0.135665,0.054615,0.80972,,1576600,,
2,2,,0.102407,0.02569,0.871902,,1561500,,
2,2,,0.204804,0.03494,0.760256,,2767300,,
2,2,,0.099054,0.035054,0.865892,,1634200,,
2,2,,0.121154,0.153695,0.725151,,1596500,,
2,2,,0.117825,0.0372,0.844975,,1613400,,
2,2,,0.145083,0.13947,0.715446,,1626700,,
2,2,,0.147582,0.053808,0.79861,,1643100,,
2,2,,0.319256,0.22092,0.459824,,1611200,,
2,2,,0.180691,0.069396,0.749913,,1569600,,
2,2,,0.114528,0.216706,0.668766,,1592400,,
2,2,,0.079801,0.051941,0.868257,,1584300,,
2,2,,0.137497,0.219251,0.643252,,1602500,,
2,2,,0.141189,0.327903,0.530908,,1570300,,
2,2,,0.191889,0.285526,0.522584,,1580300,,
2,2,,0.156039,0.04964,0.794321,,1571700,,
2,2,,0.125269,0.212907,0.661824,,1568400,,
2,2,,0.13415,0.045336,0.820513,,1648400,,
2,2,,0.089134,0.067888,0.842977,,1687900,,
2,2,,0.161125,0.252749,0.586126,,1604900,,
2,0,,0.359421,0.299225,0.341353,,1603900,,
2,2,,0.107292,0.048814,0.843894,,1609300,,
2,2,,0.210906,0.056991,0.732102,,1579900,,
2,2,,0.1187,0.056343,0.824957,,1581300,,
2,2,,0.127734,0.019042,0.853224,,1568400,,
2,2,,0.192502,0.204632,0.602867,,1580900,,
2,2,,0.11283,0.048509,0.838661,,1706200,,
2,1,,0.106505,0.590351,0.303145,,1677000,,
2,2,,0.05386,0.017577,0.928563,,1586000,,
2,2,,0.175593,0.058079,0.766328,,1633000,,
2,2,,0.105111,0.055306,0.839583,,1753900,,
2,2,,0.172695,0.019537,0.807767,,1610700,,
2,2,,0.08487,0.049177,0.865954,,1604900,,
2,2,,0.175919,0.013928,0.810153,,1824000,,
2,2,,0.240917,0.255089,0.503994,,1688000,,
2,2,,0.220704,0.353506,0.42579,,1606900,,
2,2,,0.061906,0.053987,0.884107,,1637100,,
2,0,,0.481059,0.162942,0.355999,,1599900,,
2,2,,0.138579,0.015233,0.846188,,1623400,,
2,2,,0.044379,0.30855,0.647071,,1618100,,
2,1,,0.187591,0.423249,0.38916,,1590800,,
2,2,,0.1773,0.293655,0.529045,,1591800,,
2,2,,0.306681,0.242861,0.450458,,1616200,,
2,2,,0.127128,0.057235,0.815637,,1668900,,
2,1,,0.159625,0.522387,0.317988,,1616900,,
2,0,,0.390992,0.237471,0.371537,,1676100,,
2,2,,0.21503,0.335491,0.449479,,1623900,,
2,2,,0.153049,0.404138,0.442813,,1607400,,
2,2,,0.16182,0.382482,0.455698,,1674100,,
2,2,,0.190029,0.052668,0.757302,,1581600,,
2,2,,0.153798,0.326755,0.519447,,1630000,,
2,2,,0.143953,0.202674,0.653374,,1614000,,
2,2,,0.088061,0.013905,0.898033,,1569000,,
2,1,,0.140303,0.49283,0.366866,,1629800,,
2,1,,0.219489,0.559859,0.220652,,1610100,,
2,2,,0.20452,0.069493,0.725988,,1728200,,
2,2,,0.133982,0.066065,0.799954,,1623700,,
2,2,,0.157118,0.008362,0.83452,,1660300,,
2,2,,0.384323,0.164045,0.451632,,1699000,,
2,2,,0.161947,0.32146,0.516593,,1676300,,
2,2,,0.119679,0.044497,0.835824,,1589100,,
2,2,,0.26363,0.166753,0.569617,,1595000,,
2,0,,0.470071,0.228871,0.301058,,1620600,,
2,2,,0.180147,0.014565,0.805288,,1584500,,
2,2,,0.205066,0.051322,0.743611,,1581700,,
2,2,,0.189182,0.362435,0.448384,,1689500,,
2,2,,0.109473,0.032653,0.857874,,1646900,,
2,1,,0.124596,0.606542,0.268862,,1644400,,
2,2,,0.11785,0.178409,0.703741,,1635500,,
2,2,,0.226772,0.148032,0.625196,,1583200,,
2,2,,0.150879,0.027562,0.821559,,1573100,,
2,2,,0.092852,0.066126,0.841022,,1585700,,
2,2,,0.31555,0.175748,0.508701,,1588600,,
2,2,,0.198894,0.294682,0.506424,,1581100,,
2,2,,0.183529,0.0303,0.786172,,1585100,,
2,2,,0.124367,0.080021,0.795612,,1606400,,
2,2,,0.075925,0.046352,0.877723,,1588700,,
2,2,,0.151738,0.04834,0.799922,,1624800,,
2,2,,0.338325,0.18383,0.477845,,1614400,,
2,1,,0.121649,0.477635,0.400716,,1575600,,
2,2,,0.230104,0.285137,0.48476,,1580100,,
2,2,,0.115233,0.071581,0.813186,,1857900,,
2,2,,0.181057,0.183275,0.635668,,1608200,,
2,2,,0.256414,0.336803,0.406783,,1592700,,
2,2,,0.113725,0.063165,0.82311,,1640200,,
2,2,,0.171994,0.046594,0.781412,,1697700,,
2,2,,0.253846,0.065001,0.681154,,1580700,,
2,2,,0.10483,0.020597,0.874573,,1632800,,
2,2,,0.080201,0.045373,0.874426,,1606700,,
2,2,,0.145904,0.018046,0.83605,,1673700,,
2,2,,0.062904,0.221946,0.71515,,1591700,,
2,2,,0.195458,0.011741,0.792801,,1568800,,
2,2,,0.249376,0.287974,0.46265,,1586900,,
2,2,,0.243626,0.340671,0.415703,,1604200,,
2,2,,0.111669,0.026723,0.861608,,1729000,,
2,2,,0.180294,0.244925,0.574781,,1593200,,
2,2,,0.302467,0.139419,0.558114,,1588500,,
2,2,,0.083777,0.07233,0.843892,,1597300,,
2,2,,0.141524,0.033141,0.825334,,1584500,,
2,2,,0.14789,0.279739,0.572371,,1629000,,
2,2,,0.060908,0.02215,0.916942,,1614900,,
2,2,,0.139524,0.023027,0.837449,,1588500,,
2,2,,0.048464,0.04234,0.909196,,1629200,,
2,2,,0.196526,0.007345,0.796129,,1572800,,
2,2,,0.172622,0.290232,0.537146,,1643100,,
2,2,,0.089398,0.067066,0.843536,,1601000,,
2,2,,0.167959,0.01961,0.812431,,1631700,,
2,2,,0.087694,0.055053,0.857253,,1619700,,
2,2,,0.120691,0.186281,0.693028,,1604900,,
2,2,,0.115189,0.010277,0.874533,,1642600,,
2,2,,0.229419,0.023058,0.747523,,1679600,,
2,2,,0.072185,0.049479,0.878336,,1591900,,
2,2,,0.144283,0.016011,0.839706,,1579000,,
2,2,,0.136103,0.062501,0.801396,,1632300,,
2,2,,0.173538,0.37773,0.448732,,1594000,,
2,1,,0.308412,0.350884,0.340704,,1595600,,
2,2,,0.271028,0.194476,0.534497,,1578800,,
2,2,,0.137978,0.063948,0.798074,,1605900,,
2,2,,0.1187,0.061424,0.819876,,1614000,,
2,2,,0.230463,0.249566,0.519971,,1619700,,
2,2,,0.205207,0.286415,0.508378,,1653300,,
2,1,,0.106776,0.653543,0.23968,,1642200,,
2,2,,0.151016,0.032024,0.81696,,1579300,,
2,2,,0.230473,0.009508,0.760019,,1623200,,
2,2,,0.146197,0.029942,0.823861,,1600900,,
2,2,,0.077488,0.046703,0.875808,,1594400,,
2,2,,0.139438,0.231671,0.62889,,1726700,,
2,2,,0.215893,0.328402,0.455705,,1614200,,
2,2,,0.184748,0.030835,0.784417,,1596600,,
2,1,,0.194015,0.453991,0.351995,,1645200,,
2,2,,0.199662,0.024182,0.776156,,1597300,,
2,2,,0.110406,0.036953,0.852641,,1588400,,
2,2,,0.183223,0.181091,0.635686,,1601800,,
2,2,,0.126442,0.165316,0.708241,,1640100,,
2,2,,0.273458,0.169208,0.557334,,1593200,,
2,2,,0.409952,0.155314,0.434734,,1593500,,
2,2,,0.205595,0.14395,0.650455,,1623000,,
2,2,,0.162379,0.035674,0.801947,,1568300,,
2,2,,0.205978,0.03404,0.759982,,1581200,,
2,2,,0.15968,0.093905,0.746415,,1599800,,
2,2,,0.100345,0.172773,0.726882,,1579500,,
2,2,,0.123512,0.272054,0.604433,,1593500,,
2,2,,0.14656,0.117094,0.736346,,1641800,,
2,2,,0.376095,0.11203,0.511875,,1608200,,
2,0,,0.443964,0.271576,0.28446,,1671300,,
2,2,,0.216032,0.131596,0.652372,,1619200,,
2,2,,0.088324,0.080204,0.831472,,1650300,,
2,2,,0.232841,0.260634,0.506526,,1637100,,
2,1,,0.274774,0.380027,0.345199,,1599000,,
2,2,,0.170036,0.040566,0.789399,,1626900,,
2,2,,0.114683,0.038028,0.84729,,1686200,,
2,2,,0.209124,0.009756,0.78112,,1654400,,
2,0,,0.415538,0.228082,0.35638,,1891100,,
2,2,,0.120439,0.024855,0.854706,,1602600,,
2,2,,0.295463,0.253594,0.450943,,1591200,,
2,2,,0.11399,0.066031,0.819979,,1568000,,
2,2,,0.206902,0.271906,0.521193,,1619300,,
2,2,,0.23885,0.028724,0.732425,,1665800,,
2,2,,0.148922,0.013972,0.837106,,1601200,,
2,2,,0.067173,0.062085,0.870742,,1680900,,
2,2,,0.17808,0.069308,0.752612,,1659900,,
2,2,,0.173354,0.210192,0.616454,,1590900,,
2,2,,0.202778,0.339506,0.457716,,1710900,,
2,2,,0.100898,0.040706,0.858396,,1630700,,
2,2,,0.094244,0.033447,0.872309,,1589700,,
2,2,,0.159747,0.23214,0.608113,,1651000,,
2,0,,0.426143,0.313073,0.260783,,1575000,,
2,2,,0.256779,0.286784,0.456437,,1582600,,
2,1,,0.190198,0.509203,0.300599,,1604100,,
2,2,,0.263834,0.227792,0.508374,,1712400,,
2,2,,0.229301,0.05155,0.719149,,1614300,,
2,2,,0.109541,0.025271,0.865188,,1631600,,
2,2,,0.121402,0.030147,0.848451,,1657700,,
2,2,,0.1737,0.029239,0.797062,,1613900,,
2,2,,0.08406,0.065177,0.850763,,1577600,,
2,2,,0.14877,0.029869,0.821361,,1687900,,
2,2,,0.089647,0.025244,0.885108,,1615100,,
2,2,,0.276453,0.155608,0.567939,,1594500,,
2,2,,0.357998,0.214057,0.427945,,1609800,,
2,2,,0.13103,0.265287,0.603683,,1612400,,
2,2,,0.155373,0.243829,0.600798,,1640300,,
2,2,,0.201094,0.01706,0.781846,,2288700,,
2,2,,0.15222,0.176215,0.671565,,3411400,,
2,2,,0.121331,0.053695,0.824974,,2410800,,
2,2,,0.131684,0.060235,0.80808,,1596400,,
2,2,,0.114007,0.052363,0.833631,,1566100,,
2,2,,0.233389,0.231247,0.535363,,1579200,,
2,2,,0.119862,0.032534,0.847604,,1576200,,
2,2,,0.200385,0.027305,0.77231,,1639500,,
2,2,,0.362049,0.166166,0.471784,,1787600,,
2,2,,0.139736,0.041995,0.818269,,1591100,,
2,2,,0.069043,0.273768,0.657189,,1583000,,
2,2,,0.161117,0.038633,0.800251,,1587500,,
2,2,,0.161488,0.038266,0.800246,,1573000,,
2,2,,0.239842,0.169924,0.590234,,1623600,,
2,2,,0.273336,0.257308,0.469356,,1590000,,
2,2,,0.138427,0.0318,0.829773,,1581600,,
2,2,,0.206815,0.132041,0.661143,,1583300,,
2,2,,0.068846,0.042711,0.888442,,1739400,,
2,2,,0.196668,0.286366,0.516966,,1657800,,
2,2,,0.092666,0.057052,0.850282,,1590100,,
2,2,,0.127139,0.060473,0.812389,,1572800,,
2,0,,0.457291,0.240464,0.302244,,1617800,,
2,2,,0.174386,0.046389,0.779225,,1643700,,
2,2,,0.161848,0.170808,0.667344,,1602500,,
2,2,,0.183754,0.021627,0.79462,,1609300,,
2,2,,0.107334,0.031497,0.861169,,1602600,,
2,2,,0.167129,0.143096,0.689775,,1588600,,
2,2,,0.258667,0.200456,0.540876,,1620000,,
2,2,,0.159638,0.074516,0.765846,,1656100,,
2,2,,0.064913,0.062268,0.872818,,1642000,,
2,2,,0.342639,0.103458,0.553903,,1829100,,
2,2,,0.125403,0.021855,0.852742,,1662100,,
2,2,,0.16391,0.010677,0.825413,,1632400,,
2,2,,0.152433,0.052482,0.795085,,1599100,,
2,2,,0.132777,0.302695,0.564528,,1597100,,
2,2,,0.139656,0.149422,0.710921,,1592500,,
2,2,,0.305689,0.23128,0.46303,,1723500,,
2,2,,0.162551,0.050401,0.787048,,1635300,,
2,2,,0.322186,0.242036,0.435778,,1589600,,
2,2,,0.203906,0.059558,0.736536,,1605300,,
2,2,,0.212486,0.033137,0.754377,,1608200,,
2,2,,0.18803,0.015043,0.796927,,1574100,,
2,2,,0.339315,0.215769,0.444916,,1597200,,
2,2,,0.254281,0.21517,0.530549,,1608200,,
2,2,,0.159114,0.038553,0.802334,,1629000,,
2,2,,0.145539,0.074791,0.77967,,1595900,,
2,2,,0.121142,0.077038,0.80182,,1607300,,
2,2,,0.128786,0.021859,0.849354,,1609800,,
2,2,,0.227511,0.290976,0.481514,,1632900,,
2,2,,0.118498,0.036744,0.844758,,1636200,,
2,2,,0.110824,0.014356,0.87482,,1592600,,
2,2,,0.133759,0.015975,0.850267,,1565900,,
2,2,,0.238149,0.032599,0.729251,,1650400,,
2,2,,0.232047,0.268714,0.499239,,1595500,,
2,2,,0.193065,0.135909,0.671027,,1573000,,
2,2,,0.164177,0.081641,0.754182,,1579600,,
2,2,,0.08633,0.047382,0.866288,,1570100,,
2,2,,0.238253,0.044712,0.717035,,1580100,,
2,2,,0.070584,0.028057,0.901359,,1576000,,
2,2,,0.147474,0.017888,0.834638,,1587500,,
2,2,,0.16954,0.122101,0.70836,,1597700,,
2,2,,0.071854,0.041432,0.886714,,1580600,,
2,2,,0.100764,0.055828,0.843408,,1566300,,
2,2,,0.176943,0.05412,0.768937,,1556000,,
2,2,,0.132307,0.138151,0.729542,,1569500,,