connect-4,CWE,test,1,NANOSECONDS,PREDICTIONS, Generated by ClassifierExperiments.java on 2022-05-15 21:49:50.    SYSTEMPROPERTIES:{user.name:matth,os.arch:amd64,os.name:Windows 10},ENDSYSTEMPROPERTIES
No parameter info
0.6845766725873298,20680253000,449557958200,-1,692826528,3,,-1,-1
0,2,,0.098048,0.409294,0.492658,,34822800,,
0,2,,0.08501,0.193344,0.721646,,37772400,,
0,2,,0.135698,0.202042,0.66226,,34057700,,
0,2,,0.145231,0.24729,0.607479,,33607100,,
0,2,,0.08494,0.241478,0.673582,,29792100,,
0,2,,0.11566,0.217814,0.666525,,37877800,,
0,2,,0.090467,0.189316,0.720216,,32051900,,
0,2,,0.161226,0.299523,0.539251,,36038000,,
0,2,,0.112266,0.226427,0.661308,,42495800,,
0,2,,0.127563,0.311995,0.560442,,33180600,,
0,2,,0.115892,0.291082,0.593026,,31122200,,
0,2,,0.188397,0.245425,0.566177,,29191500,,
0,2,,0.091927,0.320449,0.587624,,31008000,,
0,2,,0.132113,0.341573,0.526314,,29494900,,
0,2,,0.149722,0.270544,0.579733,,33455000,,
0,2,,0.141492,0.140265,0.718243,,29149200,,
0,2,,0.091971,0.256603,0.651426,,28550800,,
0,2,,0.101087,0.289858,0.609054,,33051400,,
0,2,,0.191341,0.318747,0.489911,,28122900,,
0,2,,0.131236,0.308139,0.560625,,30174000,,
0,2,,0.111787,0.332255,0.555957,,28186100,,
0,2,,0.121572,0.315168,0.56326,,28932600,,
0,2,,0.127651,0.279098,0.593251,,28751000,,
0,2,,0.137925,0.230875,0.631199,,28302300,,
0,2,,0.188553,0.330499,0.480947,,30827000,,
0,2,,0.073046,0.208742,0.718211,,41015500,,
0,2,,0.09249,0.207155,0.700355,,35423100,,
0,2,,0.133585,0.295271,0.571144,,31960900,,
0,2,,0.108124,0.354148,0.537728,,33030800,,
0,2,,0.115631,0.226166,0.658203,,33985900,,
0,2,,0.108483,0.259374,0.632143,,36427100,,
0,2,,0.139289,0.286392,0.574319,,34733100,,
0,2,,0.140893,0.316409,0.542697,,35223200,,
0,2,,0.091912,0.306611,0.601478,,34694100,,
0,2,,0.14621,0.198791,0.654999,,30936600,,
0,2,,0.139456,0.311786,0.548759,,32706300,,
0,2,,0.286607,0.275514,0.437879,,27985500,,
0,2,,0.138233,0.153235,0.708532,,29517100,,
0,2,,0.133854,0.262938,0.603208,,29424400,,
0,2,,0.098919,0.26474,0.636341,,30935100,,
0,2,,0.151806,0.25468,0.593514,,31782200,,
0,2,,0.092418,0.289191,0.618391,,31100000,,
0,2,,0.126117,0.185089,0.688794,,31694600,,
0,2,,0.166857,0.314625,0.518518,,31039500,,
0,2,,0.121566,0.290255,0.588179,,31285000,,
0,2,,0.123743,0.244682,0.631575,,28586600,,
0,2,,0.118694,0.295141,0.586165,,29289400,,
0,2,,0.063767,0.232821,0.703412,,27696300,,
0,2,,0.183184,0.24036,0.576456,,30307300,,
0,2,,0.149464,0.211729,0.638807,,32095900,,
0,2,,0.122221,0.318681,0.559098,,30587600,,
0,2,,0.133493,0.296157,0.57035,,27859800,,
0,2,,0.153246,0.202274,0.644481,,29128700,,
0,2,,0.173777,0.274807,0.551416,,29659700,,
0,2,,0.078489,0.270879,0.650632,,28787500,,
0,2,,0.151481,0.255759,0.592761,,28234900,,
0,2,,0.117468,0.261725,0.620808,,28256500,,
0,2,,0.198213,0.22502,0.576767,,28177700,,
0,2,,0.152479,0.264619,0.582901,,28995300,,
0,2,,0.096549,0.169028,0.734423,,27957600,,
0,2,,0.147387,0.232222,0.620391,,28042700,,
0,2,,0.175537,0.224029,0.600434,,28469000,,
0,2,,0.126764,0.258486,0.61475,,27863000,,
0,2,,0.138129,0.210692,0.65118,,29022800,,
0,2,,0.136821,0.325339,0.53784,,29655200,,
0,2,,0.115101,0.343312,0.541587,,37029800,,
0,2,,0.181341,0.236703,0.581956,,36816100,,
0,2,,0.133679,0.284861,0.58146,,34929800,,
0,2,,0.05969,0.307852,0.632458,,33531000,,
0,2,,0.074896,0.16261,0.762494,,31033200,,
0,2,,0.104578,0.245445,0.649977,,32148300,,
0,2,,0.121898,0.285941,0.592161,,39231200,,
0,2,,0.148136,0.33535,0.516514,,40580000,,
0,2,,0.089792,0.21825,0.691958,,41072900,,
0,2,,0.123203,0.301622,0.575175,,37862700,,
0,2,,0.152548,0.311576,0.535876,,35581300,,
0,2,,0.150103,0.28441,0.565488,,35422000,,
0,2,,0.103061,0.238996,0.657942,,37318400,,
0,2,,0.133913,0.314059,0.552028,,35793000,,
0,2,,0.126457,0.184564,0.688979,,32869200,,
0,2,,0.091231,0.250482,0.658287,,31918400,,
0,2,,0.128935,0.296346,0.574719,,33290600,,
0,2,,0.106638,0.370473,0.522889,,29634400,,
0,2,,0.106547,0.2486,0.644853,,28531800,,
0,2,,0.104635,0.258955,0.63641,,28720500,,
0,2,,0.128957,0.295649,0.575393,,30676800,,
0,2,,0.13519,0.275654,0.589157,,34990000,,
0,2,,0.103833,0.238191,0.657977,,38218600,,
0,2,,0.186926,0.290962,0.522112,,36130800,,
0,2,,0.162471,0.196213,0.641316,,34932000,,
0,2,,0.126392,0.385374,0.488235,,34363400,,
0,2,,0.135298,0.212113,0.652589,,33224800,,
0,2,,0.104246,0.3406,0.555154,,32826500,,
0,2,,0.099074,0.338309,0.562617,,30634700,,
0,2,,0.05414,0.364997,0.580862,,30399400,,
0,2,,0.115943,0.198818,0.685239,,32448400,,
0,2,,0.12001,0.222113,0.657877,,33883700,,
0,2,,0.067175,0.280584,0.652241,,34696800,,
0,2,,0.068273,0.20657,0.725157,,34522200,,
0,2,,0.182507,0.303307,0.514185,,39248700,,
0,2,,0.111665,0.383173,0.505163,,35517100,,
0,2,,0.167725,0.247086,0.585189,,33333200,,
0,2,,0.078609,0.371395,0.549996,,30770600,,
0,2,,0.133442,0.377891,0.488667,,30893300,,
0,2,,0.10371,0.24436,0.651931,,30179200,,
0,2,,0.162566,0.352455,0.484979,,31095600,,
0,2,,0.148386,0.376906,0.474708,,30514100,,
0,2,,0.133726,0.298498,0.567776,,32712000,,
0,2,,0.117757,0.283136,0.599107,,30451000,,
0,2,,0.149968,0.26985,0.580181,,30296000,,
0,2,,0.137615,0.232292,0.630093,,30983900,,
0,2,,0.15146,0.256962,0.591578,,30396300,,
0,2,,0.127991,0.264218,0.60779,,32241400,,
0,2,,0.122168,0.203971,0.673861,,29985500,,
0,2,,0.079184,0.255677,0.665139,,30255200,,
0,2,,0.069907,0.261572,0.668521,,29819600,,
0,2,,0.149194,0.393213,0.457592,,29358000,,
0,2,,0.125862,0.360544,0.513594,,28652200,,
0,2,,0.067925,0.181726,0.75035,,28196300,,
0,2,,0.176377,0.289241,0.534382,,28309500,,
0,2,,0.119921,0.276509,0.60357,,30826000,,
0,2,,0.074717,0.247076,0.678206,,29512600,,
0,2,,0.16687,0.243069,0.590061,,28438900,,
0,2,,0.117508,0.18584,0.696652,,29112500,,
0,2,,0.070879,0.203569,0.725552,,29486400,,
0,2,,0.108019,0.32364,0.568341,,28375300,,
0,2,,0.123186,0.365431,0.511383,,29114000,,
0,2,,0.164651,0.333418,0.50193,,29130300,,
0,2,,0.117704,0.331333,0.550963,,29025700,,
0,2,,0.116772,0.131409,0.751819,,29901200,,
0,2,,0.089803,0.290064,0.620132,,28506300,,
0,2,,0.099415,0.202041,0.698544,,29077500,,
0,2,,0.06802,0.293769,0.63821,,29299900,,
0,2,,0.101975,0.295268,0.602757,,29246200,,
0,2,,0.061965,0.234131,0.703903,,29572000,,
0,2,,0.166374,0.220396,0.61323,,29112200,,
0,2,,0.125446,0.318523,0.55603,,29355200,,
0,1,,0.186099,0.462819,0.351082,,29525400,,
0,2,,0.098854,0.296845,0.604301,,29528300,,
0,2,,0.092392,0.219552,0.688056,,29434800,,
0,2,,0.091687,0.44574,0.462573,,28804700,,
0,2,,0.108786,0.279225,0.611989,,32245300,,
0,2,,0.117765,0.331417,0.550818,,29414400,,
0,2,,0.138437,0.353297,0.508266,,29362100,,
0,2,,0.105422,0.362465,0.532113,,29950300,,
0,2,,0.167553,0.235775,0.596672,,28934500,,
0,2,,0.114324,0.295709,0.589967,,29425200,,
0,2,,0.098734,0.280729,0.620537,,31377700,,
0,2,,0.084897,0.303574,0.611529,,29700400,,
0,2,,0.11823,0.213697,0.668074,,29515600,,
0,2,,0.106785,0.177569,0.715646,,29144600,,
0,2,,0.112149,0.339125,0.548727,,29114400,,
0,2,,0.106561,0.262774,0.630664,,29577900,,
0,2,,0.191796,0.286302,0.521901,,29132100,,
0,2,,0.123175,0.252596,0.624229,,28829300,,
0,2,,0.097372,0.264076,0.638552,,28308600,,
0,2,,0.121565,0.291307,0.587128,,29022400,,
0,2,,0.095803,0.306085,0.598112,,29258400,,
0,2,,0.151314,0.323478,0.525209,,29109600,,
0,2,,0.085185,0.215899,0.698916,,28688500,,
0,2,,0.106767,0.353137,0.540096,,29301500,,
0,2,,0.11508,0.347896,0.537025,,28184600,,
0,2,,0.094735,0.435866,0.469399,,28497000,,
0,2,,0.134534,0.377691,0.487776,,29551100,,
0,2,,0.118985,0.364968,0.516046,,29981300,,
0,2,,0.083442,0.263083,0.653476,,28466600,,
0,2,,0.143697,0.181608,0.674695,,28817900,,
0,2,,0.130161,0.22728,0.642559,,28986900,,
0,2,,0.076048,0.370594,0.553358,,29376400,,
0,2,,0.102446,0.208849,0.688705,,28915400,,
0,2,,0.125335,0.409253,0.465412,,29663100,,
0,2,,0.089141,0.251486,0.659373,,28825800,,
0,2,,0.148846,0.281779,0.569375,,28518400,,
0,2,,0.161519,0.20761,0.630871,,29366200,,
0,2,,0.114647,0.303141,0.582212,,28379600,,
0,2,,0.123377,0.341559,0.535064,,32177700,,
0,2,,0.143117,0.400337,0.456545,,29993400,,
0,2,,0.104043,0.272995,0.622962,,29239300,,
0,2,,0.126042,0.228784,0.645174,,29472700,,
0,2,,0.105372,0.207284,0.687344,,29268800,,
0,2,,0.161555,0.21225,0.626195,,29569900,,
0,2,,0.133349,0.257162,0.609489,,30494600,,
0,2,,0.12032,0.240095,0.639585,,29928200,,
0,2,,0.138144,0.325221,0.536636,,28735600,,
0,2,,0.104296,0.207195,0.688509,,28763100,,
0,2,,0.089255,0.274274,0.636471,,28439900,,
0,2,,0.118617,0.248309,0.633074,,28819000,,
0,2,,0.176331,0.243888,0.579781,,29654500,,
0,2,,0.11185,0.182719,0.705431,,28936600,,
0,2,,0.188775,0.293005,0.518221,,28365700,,
0,2,,0.117184,0.305947,0.576868,,28307900,,
0,2,,0.086547,0.302772,0.610681,,29068300,,
0,2,,0.111822,0.278617,0.609561,,30264500,,
0,2,,0.186215,0.219558,0.594226,,29353600,,
0,2,,0.094214,0.234447,0.671339,,29475600,,
0,2,,0.194414,0.31732,0.488266,,29261700,,
0,2,,0.145164,0.24967,0.605165,,29203300,,
0,2,,0.1391,0.270965,0.589935,,29831700,,
0,2,,0.133206,0.174977,0.691817,,29471300,,
0,2,,0.13314,0.327491,0.53937,,29302200,,
0,2,,0.100544,0.339495,0.559961,,28209300,,
0,2,,0.119019,0.209599,0.671382,,29156400,,
0,2,,0.097553,0.183677,0.71877,,28832500,,
0,2,,0.106107,0.136335,0.757557,,28872800,,
0,2,,0.11167,0.294359,0.593971,,28853200,,
0,2,,0.127644,0.32316,0.549196,,28722500,,
0,2,,0.125294,0.213137,0.661569,,28614100,,
0,2,,0.160638,0.316564,0.522799,,28988300,,
0,2,,0.186978,0.212332,0.60069,,28771200,,
0,2,,0.139886,0.316589,0.543525,,30298300,,
0,2,,0.093648,0.332379,0.573974,,30158500,,
0,2,,0.099408,0.204588,0.696004,,28962800,,
0,2,,0.100117,0.232308,0.667575,,28996700,,
0,2,,0.164595,0.270585,0.564819,,28695700,,
0,2,,0.074435,0.197413,0.728152,,28707700,,
0,2,,0.08679,0.302723,0.610487,,28507200,,
0,2,,0.117844,0.245891,0.636265,,29461800,,
0,2,,0.136864,0.272198,0.590938,,28829900,,
0,2,,0.137208,0.396659,0.466133,,28905700,,
0,2,,0.108546,0.188239,0.703215,,29370900,,
0,2,,0.126013,0.196963,0.677024,,29254300,,
0,2,,0.121359,0.24429,0.634351,,29366400,,
0,2,,0.096117,0.208537,0.695347,,28859800,,
0,2,,0.113225,0.349373,0.537402,,28850600,,
0,2,,0.186525,0.209657,0.603819,,29410200,,
0,2,,0.077756,0.230195,0.692049,,29278500,,
0,2,,0.110848,0.19203,0.697122,,29569700,,
0,2,,0.108396,0.240035,0.651568,,29544400,,
0,2,,0.145057,0.326748,0.528195,,29439100,,
0,2,,0.161633,0.284028,0.554339,,29570200,,
0,2,,0.109487,0.181673,0.708841,,29329500,,
0,2,,0.091749,0.281685,0.626566,,29328400,,
0,2,,0.114179,0.298951,0.586871,,29741400,,
0,2,,0.089862,0.273568,0.63657,,29818000,,
0,2,,0.100753,0.283935,0.615312,,28715600,,
0,2,,0.127529,0.28292,0.589551,,28924400,,
0,2,,0.138787,0.24393,0.617283,,29395600,,
0,2,,0.147052,0.374417,0.478531,,29622900,,
0,2,,0.094043,0.285377,0.620579,,29394500,,
0,2,,0.115154,0.227481,0.657365,,28940100,,
0,2,,0.156323,0.318263,0.525414,,29193600,,
0,2,,0.143664,0.207579,0.648757,,29423400,,
0,2,,0.132477,0.22665,0.640872,,29415100,,
0,2,,0.113662,0.339543,0.546795,,30207600,,
0,2,,0.139629,0.174835,0.685536,,31500700,,
0,2,,0.106741,0.31654,0.576719,,29161700,,
0,2,,0.133044,0.259515,0.60744,,29684300,,
0,2,,0.128765,0.287686,0.58355,,28973100,,
0,2,,0.128224,0.268835,0.602942,,29053200,,
0,2,,0.180394,0.188548,0.631058,,29270500,,
0,2,,0.114965,0.33255,0.552485,,29278300,,
0,2,,0.16213,0.286924,0.550946,,29924200,,
0,2,,0.05371,0.243865,0.702425,,28272800,,
0,2,,0.084065,0.359625,0.55631,,28725600,,
0,2,,0.144313,0.381072,0.474615,,29120100,,
0,2,,0.091742,0.235726,0.672532,,31758300,,
0,2,,0.123026,0.284006,0.592968,,28730600,,
0,2,,0.143044,0.304263,0.552693,,28299100,,
0,2,,0.132838,0.231958,0.635204,,28386400,,
0,2,,0.149549,0.363597,0.486854,,28194500,,
0,2,,0.099817,0.320653,0.57953,,28248900,,
0,2,,0.140118,0.275781,0.584101,,29093700,,
0,2,,0.138907,0.331247,0.529846,,28924800,,
0,2,,0.123475,0.334152,0.542373,,29229800,,
0,2,,0.105826,0.344723,0.549451,,29211900,,
0,2,,0.121375,0.220636,0.657988,,29234500,,
0,2,,0.151572,0.409294,0.439135,,29893100,,
0,2,,0.094551,0.350258,0.555191,,29639300,,
0,2,,0.141785,0.149494,0.708721,,29397400,,
0,2,,0.14862,0.274721,0.576659,,29054900,,
0,2,,0.123985,0.356654,0.519361,,29516700,,
0,2,,0.101299,0.278953,0.619748,,29453400,,
0,2,,0.07249,0.356538,0.570972,,29083200,,
0,2,,0.118773,0.232514,0.648713,,29632500,,
0,2,,0.127828,0.267957,0.604215,,28901000,,
0,2,,0.164682,0.22462,0.610698,,28562700,,
0,2,,0.083149,0.21796,0.698891,,29658700,,
0,2,,0.048102,0.276831,0.675067,,29219500,,
0,2,,0.106609,0.271841,0.62155,,32255100,,
0,2,,0.1835,0.241576,0.574925,,28922000,,
0,2,,0.125916,0.240781,0.633303,,29300000,,
0,2,,0.121134,0.216908,0.661958,,28791200,,
0,2,,0.161065,0.238855,0.60008,,28107700,,
0,2,,0.121044,0.326353,0.552603,,29133400,,
0,2,,0.154787,0.256682,0.588531,,29495900,,
0,2,,0.143915,0.375528,0.480558,,29662900,,
0,2,,0.130404,0.230859,0.638737,,29633200,,
0,2,,0.078836,0.253807,0.667357,,28232800,,
0,2,,0.089205,0.283495,0.6273,,28792300,,
0,2,,0.128201,0.205868,0.665931,,29602000,,
0,2,,0.122443,0.357237,0.520319,,30339000,,
0,2,,0.106801,0.274606,0.618593,,31426100,,
0,2,,0.170928,0.236019,0.593053,,30596300,,
0,2,,0.087211,0.312967,0.599822,,31561100,,
0,2,,0.097053,0.204708,0.698238,,31060800,,
0,2,,0.151336,0.320414,0.52825,,31115400,,
0,2,,0.109877,0.201422,0.688701,,32566200,,
0,2,,0.123931,0.228464,0.647605,,33495500,,
0,2,,0.117992,0.275253,0.606755,,31781300,,
0,2,,0.129234,0.34127,0.529496,,30549400,,
0,2,,0.090493,0.327733,0.581774,,28522600,,
0,2,,0.120027,0.319592,0.560381,,29108000,,
0,2,,0.191358,0.288906,0.519736,,29604700,,
0,2,,0.154194,0.293684,0.552122,,29681200,,
0,2,,0.143806,0.319015,0.537179,,28587000,,
0,2,,0.179376,0.215349,0.605276,,29294200,,
0,2,,0.126532,0.278021,0.595447,,29547700,,
0,2,,0.145044,0.27206,0.582896,,33185400,,
0,2,,0.099363,0.2367,0.663937,,28569700,,
0,2,,0.097897,0.298421,0.603682,,31875800,,
0,2,,0.20409,0.171628,0.624283,,34556100,,
0,2,,0.11256,0.276323,0.611117,,35699500,,
0,2,,0.097475,0.330925,0.5716,,32990300,,
0,2,,0.088594,0.185674,0.725733,,33919400,,
0,2,,0.178933,0.185652,0.635416,,34373400,,
0,2,,0.16922,0.35984,0.47094,,33212000,,
0,2,,0.210995,0.170758,0.618247,,34399200,,
0,2,,0.084535,0.301414,0.61405,,34578400,,
0,2,,0.101029,0.338642,0.560329,,35169100,,
0,2,,0.092138,0.216027,0.691835,,33057200,,
0,2,,0.112074,0.206847,0.681079,,33813400,,
0,2,,0.218087,0.269916,0.511997,,34266200,,
0,2,,0.060859,0.265666,0.673476,,34545400,,
0,2,,0.076837,0.284983,0.638181,,34285200,,
0,2,,0.13382,0.260525,0.605655,,34590800,,
0,2,,0.150834,0.332542,0.516624,,35219600,,
0,2,,0.118958,0.199772,0.681271,,35605400,,
0,2,,0.201774,0.227986,0.570241,,34833800,,
0,2,,0.117843,0.196179,0.685978,,34934500,,
0,2,,0.126637,0.188861,0.684501,,35608200,,
0,2,,0.120864,0.258335,0.620801,,36805000,,
0,2,,0.104248,0.20427,0.691482,,36516400,,
0,2,,0.146097,0.283741,0.570162,,35873300,,
0,2,,0.169182,0.228949,0.601869,,36588200,,
0,2,,0.056723,0.336376,0.6069,,33696800,,
0,2,,0.089667,0.308635,0.601698,,31013100,,
0,2,,0.045853,0.249108,0.705039,,30407400,,
0,2,,0.116569,0.271122,0.612309,,28911700,,
0,2,,0.164238,0.296969,0.538793,,29288200,,
0,2,,0.09866,0.222734,0.678606,,29001600,,
0,2,,0.160984,0.248969,0.590047,,34229700,,
0,2,,0.141834,0.205264,0.652903,,35374800,,
0,2,,0.094017,0.236827,0.669156,,35898200,,
0,2,,0.146291,0.326208,0.527502,,35687600,,
0,2,,0.080615,0.277054,0.642331,,33797500,,
0,2,,0.150578,0.321757,0.527665,,31029500,,
0,2,,0.162085,0.383538,0.454377,,28747100,,
0,2,,0.078161,0.267143,0.654695,,29496000,,
0,2,,0.087325,0.179548,0.733126,,29095500,,
0,2,,0.113721,0.271165,0.615114,,29155300,,
0,2,,0.16443,0.225342,0.610228,,28101000,,
0,2,,0.152735,0.277582,0.569683,,29717600,,
0,2,,0.110992,0.31461,0.574398,,28779800,,
0,2,,0.10698,0.23402,0.659,,28936600,,
0,2,,0.077133,0.306593,0.616274,,42959100,,
0,2,,0.151991,0.313406,0.534603,,65669300,,
0,2,,0.13643,0.283529,0.580041,,32611600,,
0,2,,0.121485,0.398339,0.480177,,31539700,,
0,2,,0.133353,0.202723,0.663924,,29847200,,
0,2,,0.131034,0.213439,0.655527,,30926900,,
0,2,,0.175607,0.268843,0.55555,,34940400,,
0,2,,0.110453,0.435616,0.453931,,34670600,,
0,2,,0.12766,0.289299,0.583041,,40136900,,
0,2,,0.0817,0.246189,0.672111,,47200100,,
0,2,,0.207648,0.173816,0.618536,,45373800,,
0,2,,0.125242,0.157665,0.717093,,43729200,,
0,2,,0.06666,0.162411,0.770929,,41245500,,
0,2,,0.102673,0.166626,0.730702,,40045900,,
0,2,,0.136261,0.177082,0.686657,,39625300,,
0,2,,0.191691,0.309517,0.498792,,37820100,,
0,2,,0.100764,0.263185,0.636051,,42552200,,
0,2,,0.090432,0.166485,0.743083,,39219100,,
0,2,,0.148874,0.342557,0.508569,,40372300,,
0,2,,0.181134,0.255784,0.563082,,38685800,,
0,2,,0.178263,0.218925,0.602812,,35227700,,
0,2,,0.094502,0.252861,0.652637,,37255200,,
0,2,,0.122091,0.290231,0.587678,,36689000,,
0,2,,0.248589,0.27613,0.475281,,37161900,,
0,2,,0.081956,0.279235,0.63881,,37848200,,
0,2,,0.111112,0.176837,0.712051,,34396300,,
0,2,,0.104599,0.216188,0.679212,,36165500,,
0,2,,0.121669,0.33003,0.548301,,34608400,,
0,2,,0.186234,0.270408,0.543358,,34212800,,
0,2,,0.165654,0.289915,0.544431,,33506300,,
0,2,,0.124568,0.270268,0.605164,,32659200,,
0,2,,0.122711,0.21871,0.65858,,32093100,,
0,2,,0.100807,0.292319,0.606874,,32175400,,
0,2,,0.108856,0.337552,0.553592,,30127400,,
0,2,,0.150571,0.201794,0.647634,,29343300,,
0,2,,0.104645,0.231775,0.66358,,29977400,,
0,2,,0.123104,0.273986,0.60291,,31030400,,
0,2,,0.105835,0.259006,0.635159,,29563000,,
0,2,,0.16547,0.252371,0.58216,,29355900,,
0,2,,0.186923,0.26628,0.546797,,29220600,,
0,2,,0.078324,0.245329,0.676347,,29037600,,
0,2,,0.19251,0.279832,0.527658,,33309000,,
0,2,,0.084708,0.285677,0.629615,,34261000,,
0,2,,0.092344,0.248633,0.659023,,37015800,,
0,2,,0.152655,0.185244,0.6621,,36010700,,
0,2,,0.112871,0.200583,0.686546,,34590800,,
0,2,,0.104522,0.231009,0.664469,,34980900,,
0,2,,0.118347,0.364675,0.516978,,35509600,,
0,2,,0.14986,0.225805,0.624336,,35266000,,
0,2,,0.150644,0.220123,0.629233,,33832600,,
0,2,,0.123359,0.19835,0.678292,,34446200,,
0,2,,0.150345,0.277617,0.572038,,34108400,,
0,2,,0.138657,0.362886,0.498457,,36193400,,
0,2,,0.157255,0.20748,0.635265,,37548700,,
0,2,,0.113035,0.179023,0.707942,,36208300,,
0,2,,0.095865,0.226776,0.677359,,35109500,,
0,2,,0.11859,0.313367,0.568042,,34729100,,
0,2,,0.10394,0.193293,0.702767,,32985700,,
0,2,,0.123262,0.30103,0.575708,,32538000,,
0,2,,0.172648,0.243187,0.584165,,32145400,,
0,2,,0.126886,0.354004,0.519111,,29923300,,
0,2,,0.05825,0.223565,0.718186,,28868100,,
0,2,,0.18011,0.289616,0.530274,,34091800,,
0,2,,0.080883,0.274266,0.644851,,35455400,,
0,2,,0.099386,0.317907,0.582707,,33901300,,
0,2,,0.092779,0.244892,0.66233,,35093800,,
0,2,,0.13293,0.27329,0.59378,,34622100,,
0,2,,0.189848,0.220227,0.589925,,37949300,,
0,2,,0.153636,0.27532,0.571044,,29499500,,
0,2,,0.112182,0.253353,0.634465,,29217700,,
0,2,,0.099584,0.245265,0.655151,,31408900,,
0,2,,0.046677,0.289848,0.663475,,31612800,,
0,2,,0.105173,0.293109,0.601718,,33430300,,
0,2,,0.1616,0.304529,0.533871,,42555100,,
0,2,,0.120301,0.249806,0.629894,,31264700,,
0,2,,0.133612,0.258793,0.607595,,40114300,,
0,2,,0.155209,0.290438,0.554353,,31589100,,
0,2,,0.119088,0.31208,0.568832,,30234100,,
0,2,,0.101154,0.26663,0.632216,,30740300,,
0,2,,0.111958,0.256768,0.631274,,31104200,,
0,2,,0.139961,0.200967,0.659071,,31759900,,
0,2,,0.179229,0.319767,0.501005,,32114200,,
0,2,,0.204323,0.217609,0.578067,,32858200,,
0,2,,0.13866,0.203508,0.657832,,39078600,,
0,2,,0.076759,0.191889,0.731352,,32412600,,
0,2,,0.132598,0.290029,0.577373,,30638800,,
0,2,,0.085099,0.2652,0.649701,,32552000,,
0,2,,0.146228,0.289974,0.563798,,29484400,,
0,2,,0.129894,0.337921,0.532185,,29001000,,
0,2,,0.111901,0.200282,0.687817,,28940100,,
0,2,,0.093903,0.35018,0.555918,,38923900,,
0,2,,0.188338,0.33075,0.480912,,34213700,,
0,2,,0.111355,0.340434,0.548211,,34079100,,
0,2,,0.103749,0.260713,0.635538,,49148300,,
0,2,,0.11039,0.312909,0.576701,,40872900,,
0,2,,0.082937,0.233767,0.683295,,34662900,,
0,2,,0.111257,0.247908,0.640835,,38907500,,
0,2,,0.19808,0.233942,0.567978,,37986700,,
0,2,,0.080318,0.274884,0.644798,,30736800,,
0,2,,0.160988,0.263696,0.575316,,31744900,,
0,2,,0.125985,0.160074,0.713941,,30653500,,
0,2,,0.07604,0.236552,0.687408,,31887800,,
0,2,,0.093161,0.327138,0.579701,,30899200,,
0,2,,0.121825,0.323398,0.554776,,29745300,,
0,2,,0.170037,0.212537,0.617427,,29556500,,
0,2,,0.067754,0.250955,0.681291,,30805100,,
0,2,,0.075547,0.265468,0.658984,,36079900,,
0,2,,0.090366,0.250653,0.658981,,36821300,,
0,2,,0.090974,0.170478,0.738548,,38592200,,
0,2,,0.16039,0.350812,0.488798,,38519900,,
0,2,,0.127192,0.324479,0.548329,,36698700,,
0,2,,0.155596,0.230098,0.614306,,34874700,,
0,2,,0.126593,0.320976,0.552431,,47610500,,
0,2,,0.152074,0.314972,0.532955,,34368300,,
0,2,,0.113676,0.220432,0.665892,,32073700,,
0,2,,0.125562,0.207818,0.66662,,33848100,,
0,2,,0.143715,0.332402,0.523883,,46707300,,
0,2,,0.127059,0.183387,0.689555,,44746800,,
0,2,,0.149984,0.215348,0.634668,,48108700,,
0,2,,0.162574,0.305048,0.532378,,45465100,,
0,2,,0.099564,0.194058,0.706378,,45821200,,
0,2,,0.105604,0.311295,0.583102,,37433800,,
0,2,,0.086049,0.235354,0.678597,,37694000,,
0,2,,0.097487,0.364578,0.537935,,35066200,,
0,2,,0.065226,0.339003,0.595771,,33118800,,
0,2,,0.154715,0.374029,0.471257,,30376400,,
0,2,,0.153799,0.291193,0.555008,,30211800,,
0,2,,0.085157,0.252257,0.662586,,33218300,,
0,2,,0.17183,0.30916,0.51901,,30237300,,
0,2,,0.137162,0.261028,0.601811,,34560700,,
0,2,,0.104607,0.27967,0.615723,,32318600,,
0,2,,0.125855,0.274204,0.599941,,29725600,,
0,2,,0.086979,0.231227,0.681794,,33281500,,
0,2,,0.142834,0.286078,0.571088,,35104200,,
0,2,,0.142691,0.316073,0.541236,,35753900,,
0,2,,0.154228,0.219251,0.626521,,34775700,,
0,2,,0.085935,0.222779,0.691286,,34002800,,
0,2,,0.096178,0.179743,0.724079,,34148200,,
0,2,,0.096296,0.260765,0.642939,,33679300,,
0,2,,0.150612,0.2483,0.601088,,36864600,,
0,2,,0.090978,0.17392,0.735102,,35592400,,
0,2,,0.113121,0.261245,0.625634,,36229900,,
0,2,,0.167421,0.266782,0.565797,,32944700,,
0,2,,0.061915,0.23876,0.699325,,30598800,,
0,2,,0.16167,0.242406,0.595924,,32046600,,
0,2,,0.145558,0.329423,0.52502,,30531500,,
0,2,,0.142419,0.224747,0.632834,,30029700,,
0,2,,0.103044,0.281782,0.615174,,29598800,,
0,2,,0.089232,0.285442,0.625326,,29412800,,
0,2,,0.104231,0.268929,0.626841,,29959400,,
0,2,,0.142516,0.279587,0.577897,,38123300,,
0,2,,0.135344,0.363971,0.500685,,29315300,,
0,2,,0.145843,0.214262,0.639895,,29954200,,
0,2,,0.100668,0.29701,0.602322,,28876600,,
0,2,,0.107227,0.332888,0.559885,,29577800,,
0,2,,0.235502,0.320998,0.443501,,41152600,,
0,2,,0.097287,0.334873,0.56784,,37658300,,
0,2,,0.172758,0.255209,0.572033,,36249400,,
0,2,,0.125612,0.263518,0.61087,,34020400,,
0,2,,0.062913,0.268178,0.668909,,56490900,,
0,2,,0.155802,0.229986,0.614213,,41366900,,
0,2,,0.138139,0.261211,0.60065,,36149700,,
0,2,,0.150706,0.212047,0.637247,,33946200,,
0,2,,0.137005,0.210698,0.652297,,35006800,,
0,2,,0.105025,0.334941,0.560034,,32676200,,
0,2,,0.062936,0.25774,0.679324,,30721700,,
0,1,,0.119527,0.444773,0.4357,,31712700,,
0,2,,0.108701,0.251397,0.639902,,32410900,,
0,2,,0.11393,0.237992,0.648078,,38696900,,
0,2,,0.078317,0.258434,0.663249,,46426100,,
0,2,,0.103551,0.213772,0.682676,,43279900,,
0,2,,0.18218,0.285156,0.532664,,37590000,,
0,2,,0.110683,0.249132,0.640184,,39515300,,
0,2,,0.125025,0.372959,0.502016,,38974700,,
0,2,,0.119956,0.245592,0.634452,,39410700,,
0,2,,0.11297,0.297207,0.589823,,41157200,,
0,2,,0.126239,0.222258,0.651503,,39174200,,
0,2,,0.160219,0.216647,0.623134,,46019500,,
0,2,,0.138928,0.2316,0.629472,,44794800,,
0,2,,0.104648,0.388685,0.506667,,43960300,,
0,2,,0.095759,0.284529,0.619712,,41674200,,
0,2,,0.135627,0.209117,0.655256,,37440400,,
0,2,,0.21312,0.229528,0.557353,,42794100,,
0,2,,0.122663,0.183821,0.693515,,46849700,,
0,2,,0.088859,0.192031,0.71911,,45537200,,
0,2,,0.14543,0.281648,0.572922,,40219500,,
0,2,,0.15616,0.372949,0.470891,,36625400,,
0,2,,0.138408,0.237611,0.62398,,33496000,,
0,2,,0.178883,0.184097,0.63702,,31782500,,
0,2,,0.134263,0.381998,0.483739,,30852200,,
0,2,,0.138861,0.351577,0.509562,,27835400,,
0,2,,0.086766,0.23955,0.673684,,28558300,,
0,2,,0.130653,0.170664,0.698683,,31429000,,
0,2,,0.093415,0.255691,0.650894,,30846600,,
0,2,,0.150971,0.311749,0.53728,,30195700,,
0,2,,0.108181,0.153393,0.738426,,33540100,,
0,2,,0.122487,0.318393,0.55912,,30448700,,
0,2,,0.136271,0.151996,0.711733,,27730300,,
0,2,,0.096554,0.346829,0.556617,,28286700,,
0,2,,0.117622,0.315107,0.567271,,29422200,,
0,2,,0.070765,0.274535,0.654699,,27681100,,
0,2,,0.085667,0.289675,0.624657,,27739000,,
0,2,,0.092159,0.360827,0.547013,,29453500,,
0,2,,0.114339,0.287141,0.59852,,28428500,,
0,2,,0.09482,0.212346,0.692833,,28621000,,
0,2,,0.06683,0.201962,0.731208,,28157500,,
0,2,,0.176867,0.284777,0.538356,,29453500,,
0,2,,0.079949,0.216075,0.703976,,29371000,,
0,2,,0.122234,0.361045,0.516721,,28996600,,
0,2,,0.170608,0.20268,0.626711,,28251100,,
0,2,,0.127641,0.277373,0.594986,,29199100,,
0,2,,0.168198,0.194116,0.637686,,28378700,,
0,2,,0.1709,0.175489,0.65361,,28539900,,
0,2,,0.176505,0.236322,0.587173,,28372100,,
0,2,,0.157605,0.333027,0.509368,,29155200,,
0,2,,0.143432,0.242139,0.614428,,28291400,,
0,2,,0.131934,0.173722,0.694344,,28235400,,
0,2,,0.094793,0.27306,0.632147,,28795300,,
0,2,,0.154992,0.208261,0.636746,,29956400,,
0,2,,0.127711,0.275021,0.597267,,28762600,,
0,2,,0.044837,0.318626,0.636537,,28528500,,
0,2,,0.210846,0.293974,0.49518,,29115900,,
0,2,,0.119857,0.29746,0.582683,,28488100,,
0,2,,0.130917,0.202418,0.666665,,29133100,,
0,2,,0.09953,0.207133,0.693337,,28680600,,
0,2,,0.09754,0.191288,0.711172,,28638300,,
0,2,,0.132615,0.282302,0.585083,,28378400,,
0,2,,0.099468,0.201207,0.699325,,28415000,,
0,2,,0.152742,0.328207,0.519051,,28356900,,
0,2,,0.050231,0.177933,0.771835,,28472700,,
0,2,,0.116999,0.183616,0.699386,,28229800,,
0,2,,0.158996,0.264087,0.576917,,29442400,,
0,2,,0.086963,0.362977,0.55006,,28286800,,
0,2,,0.080241,0.276765,0.642994,,27351000,,
0,2,,0.10237,0.327585,0.570044,,28755300,,
0,2,,0.174371,0.213038,0.612592,,28179400,,
0,2,,0.1293,0.270968,0.599732,,27996200,,
0,2,,0.114848,0.21395,0.671202,,28299000,,
0,2,,0.089162,0.240624,0.670214,,31327900,,
0,2,,0.137811,0.266414,0.595774,,28445200,,
0,2,,0.163888,0.308931,0.527181,,28416600,,
0,2,,0.14445,0.170987,0.684563,,27492500,,
0,2,,0.103555,0.281149,0.615296,,29114900,,
0,2,,0.077146,0.318415,0.604439,,28545200,,
0,2,,0.162203,0.33653,0.501267,,29002800,,
0,2,,0.131789,0.373811,0.4944,,28361700,,
0,2,,0.110725,0.221643,0.667632,,27708600,,
0,2,,0.111322,0.235443,0.653235,,28317000,,
0,2,,0.098317,0.239057,0.662626,,28311600,,
0,2,,0.082099,0.273816,0.644086,,28856100,,
0,2,,0.116356,0.204221,0.679423,,28280900,,
0,2,,0.117762,0.197945,0.684293,,27469900,,
0,2,,0.129419,0.302451,0.568129,,28118400,,
0,2,,0.102523,0.198289,0.699188,,29040400,,
0,2,,0.112875,0.138535,0.74859,,27588200,,
0,2,,0.129187,0.281317,0.589496,,27351500,,
0,2,,0.038917,0.200335,0.760748,,29030300,,
0,2,,0.115125,0.229685,0.655191,,28099000,,
0,2,,0.149709,0.382374,0.467917,,28045400,,
0,2,,0.158693,0.271318,0.56999,,28934700,,
0,2,,0.158038,0.160893,0.681069,,28493800,,
0,2,,0.134925,0.27455,0.590525,,27937700,,
0,2,,0.147107,0.300151,0.552742,,28126800,,
0,2,,0.159617,0.224489,0.615894,,28016900,,
0,2,,0.100207,0.22336,0.676433,,30060800,,
0,2,,0.103494,0.365546,0.53096,,29621100,,
0,2,,0.113049,0.263746,0.623205,,29134000,,
0,2,,0.082101,0.347886,0.570013,,28765400,,
0,2,,0.144523,0.231111,0.624366,,29590200,,
0,2,,0.167718,0.306995,0.525287,,28590600,,
0,2,,0.169392,0.25054,0.580068,,27711200,,
0,2,,0.203939,0.167442,0.628619,,27410100,,
0,2,,0.087354,0.424774,0.487872,,28966300,,
0,2,,0.135867,0.304836,0.559298,,27479700,,
0,2,,0.142985,0.167715,0.6893,,28113400,,
0,2,,0.0724,0.285229,0.642371,,27165600,,
0,2,,0.120237,0.184624,0.695139,,28528600,,
0,2,,0.122598,0.199558,0.677844,,28002900,,
0,2,,0.054855,0.365093,0.580052,,27537100,,
0,2,,0.137617,0.358236,0.504147,,28820400,,
0,2,,0.139178,0.27565,0.585172,,27190500,,
0,2,,0.146234,0.415305,0.438461,,27295600,,
0,2,,0.09834,0.202305,0.699354,,27339400,,
0,2,,0.084681,0.152741,0.762578,,28044800,,
0,2,,0.101197,0.207637,0.691166,,28752400,,
0,2,,0.142204,0.30983,0.547966,,28142300,,
0,2,,0.105373,0.24416,0.650467,,28256300,,
0,2,,0.124097,0.255164,0.620739,,31778600,,
0,2,,0.069965,0.1554,0.774635,,38164800,,
0,2,,0.117877,0.270412,0.611712,,34273900,,
0,2,,0.141175,0.328554,0.530271,,34551200,,
0,2,,0.085534,0.255177,0.659289,,34921900,,
0,2,,0.08308,0.224719,0.6922,,35078600,,
0,2,,0.146283,0.247368,0.606349,,37228700,,
0,2,,0.119328,0.264152,0.61652,,37356900,,
0,2,,0.107347,0.218854,0.673799,,34055400,,
0,2,,0.11601,0.169837,0.714153,,36224800,,
0,2,,0.15756,0.293748,0.548692,,37173100,,
0,2,,0.074313,0.281087,0.644599,,35095700,,
0,2,,0.162951,0.21,0.627049,,32685800,,
0,2,,0.080176,0.162843,0.756982,,34698600,,
0,2,,0.13169,0.221904,0.646406,,39386100,,
0,2,,0.127901,0.322731,0.549368,,34266200,,
0,2,,0.093762,0.274021,0.632217,,33376500,,
0,2,,0.132013,0.353157,0.51483,,32279800,,
0,2,,0.141934,0.3118,0.546266,,31827700,,
0,2,,0.175232,0.23237,0.592398,,30200500,,
0,2,,0.153809,0.270144,0.576047,,30024400,,
0,2,,0.175167,0.250685,0.574148,,29460700,,
0,2,,0.115174,0.324153,0.560673,,27939900,,
0,2,,0.133956,0.216522,0.649521,,30296000,,
0,2,,0.160049,0.331694,0.508256,,28085100,,
0,2,,0.144437,0.33123,0.524333,,28450400,,
0,2,,0.100263,0.267513,0.632224,,28635300,,
0,2,,0.108023,0.242033,0.649943,,29330200,,
0,2,,0.081621,0.262105,0.656274,,29455900,,
0,2,,0.133054,0.307601,0.559345,,28783900,,
0,2,,0.165429,0.259003,0.575568,,28395700,,
0,2,,0.069472,0.236766,0.693762,,29637700,,
0,2,,0.198384,0.223383,0.578233,,32212100,,
0,2,,0.138616,0.411792,0.449592,,28759500,,
0,2,,0.129185,0.211714,0.659101,,29140300,,
0,2,,0.115248,0.278577,0.606175,,29375700,,
0,2,,0.132873,0.20171,0.665416,,29251700,,
0,2,,0.134735,0.19066,0.674605,,28818100,,
0,2,,0.135256,0.322708,0.542036,,29287900,,
0,2,,0.192661,0.260292,0.547047,,30138900,,
0,2,,0.145123,0.322159,0.532717,,31173800,,
0,2,,0.098597,0.245126,0.656277,,32655900,,
0,2,,0.088126,0.126856,0.785017,,34843800,,
0,2,,0.116734,0.261041,0.622224,,36298700,,
0,2,,0.118329,0.354342,0.527329,,37076100,,
0,2,,0.166734,0.300201,0.533065,,34392800,,
0,2,,0.15743,0.322716,0.519854,,36041400,,
0,2,,0.097925,0.303211,0.598864,,32018400,,
0,2,,0.105935,0.32242,0.571645,,29305900,,
0,2,,0.127886,0.305582,0.566532,,29458900,,
0,2,,0.056435,0.212594,0.730971,,28302100,,
0,2,,0.100432,0.312531,0.587037,,29119900,,
0,2,,0.065412,0.218173,0.716415,,29421800,,
0,2,,0.079432,0.284823,0.635745,,29075900,,
0,2,,0.144969,0.24301,0.61202,,28652800,,
0,2,,0.139549,0.18799,0.672461,,29490600,,
0,2,,0.166876,0.26892,0.564204,,35006200,,
0,2,,0.088866,0.253306,0.657828,,29029100,,
0,2,,0.092494,0.244606,0.6629,,30545900,,
0,2,,0.085405,0.290834,0.623761,,30218000,,
0,2,,0.110829,0.31337,0.575801,,31421800,,
0,2,,0.155609,0.275861,0.56853,,29063500,,
0,2,,0.099884,0.22504,0.675075,,29117500,,
0,2,,0.138636,0.277075,0.58429,,28666000,,
0,2,,0.133639,0.158466,0.707895,,31983900,,
0,2,,0.122948,0.23193,0.645121,,28320600,,
0,2,,0.164561,0.32261,0.512829,,29295600,,
0,2,,0.227956,0.354979,0.417064,,30615100,,
0,2,,0.13643,0.14625,0.71732,,30669400,,
0,2,,0.116142,0.21704,0.666818,,31509900,,
0,2,,0.124578,0.246675,0.628747,,31586700,,
0,2,,0.129957,0.175557,0.694486,,31888700,,
0,2,,0.188067,0.283425,0.528509,,32515100,,
0,2,,0.125978,0.3261,0.547923,,35401200,,
0,2,,0.132102,0.32324,0.544658,,32250800,,
0,2,,0.152318,0.302964,0.544719,,35534200,,
0,2,,0.070471,0.247262,0.682266,,41236400,,
0,2,,0.118819,0.234484,0.646697,,35224700,,
0,2,,0.120711,0.415814,0.463475,,36089200,,
0,2,,0.158558,0.260515,0.580927,,36672100,,
0,2,,0.136709,0.228741,0.634549,,35881800,,
0,2,,0.120904,0.326433,0.552663,,39517100,,
0,2,,0.147483,0.264189,0.588327,,43122200,,
0,2,,0.179003,0.198362,0.622635,,39022700,,
0,2,,0.150644,0.254637,0.594719,,36204500,,
0,2,,0.170856,0.290447,0.538697,,37147200,,
0,2,,0.116608,0.213631,0.669761,,41335000,,
0,2,,0.161683,0.232599,0.605719,,34053100,,
0,2,,0.209616,0.24566,0.544724,,30442100,,
0,2,,0.15899,0.299922,0.541088,,30260400,,
0,2,,0.041268,0.280883,0.677849,,29973300,,
0,2,,0.176672,0.32783,0.495499,,30450600,,
0,2,,0.129826,0.26711,0.603064,,28532200,,
0,2,,0.090999,0.306841,0.60216,,30763200,,
0,2,,0.20735,0.184278,0.608372,,32134300,,
0,2,,0.134368,0.190848,0.674784,,29503800,,
0,2,,0.072686,0.317026,0.610288,,31092200,,
0,2,,0.169095,0.262501,0.568404,,30396200,,
0,2,,0.095416,0.24768,0.656904,,31569200,,
0,2,,0.163354,0.315714,0.520932,,35408200,,
0,2,,0.130773,0.345248,0.523979,,35479700,,
0,2,,0.140232,0.369532,0.490236,,41121400,,
0,2,,0.115296,0.245405,0.639298,,38360800,,
0,2,,0.074611,0.162162,0.763228,,34303600,,
0,2,,0.133623,0.265772,0.600605,,30839600,,
0,2,,0.076363,0.287906,0.635731,,29591400,,
0,2,,0.096882,0.321249,0.581868,,30091700,,
0,2,,0.094336,0.164118,0.741546,,31049800,,
0,2,,0.157107,0.388878,0.454015,,29314500,,
0,2,,0.105395,0.276524,0.618082,,30092600,,
0,2,,0.145411,0.213522,0.641067,,28848500,,
0,2,,0.108362,0.191393,0.700244,,29590200,,
0,2,,0.139436,0.37884,0.481725,,30380400,,
0,2,,0.135805,0.404727,0.459468,,29447200,,
0,2,,0.150628,0.268599,0.580773,,30708900,,
0,2,,0.071248,0.258093,0.670659,,29458700,,
0,2,,0.085015,0.355592,0.559393,,29389400,,
0,2,,0.112067,0.292368,0.595564,,30034100,,
0,2,,0.128862,0.298007,0.573131,,29346500,,
0,2,,0.102857,0.321723,0.57542,,29238600,,
0,2,,0.146435,0.282855,0.570709,,29142000,,
0,2,,0.139519,0.255403,0.605078,,29883600,,
0,2,,0.171615,0.226517,0.601868,,30282200,,
0,2,,0.163345,0.28847,0.548186,,32420300,,
0,2,,0.113763,0.314752,0.571485,,32635000,,
0,2,,0.170275,0.33515,0.494575,,36158600,,
0,2,,0.151524,0.137001,0.711474,,39936200,,
0,2,,0.145013,0.172385,0.682603,,35094300,,
0,2,,0.082013,0.258794,0.659193,,41532500,,
0,2,,0.141867,0.348505,0.509629,,39905700,,
0,2,,0.196364,0.235796,0.56784,,35781100,,
0,2,,0.076079,0.366328,0.557593,,35307000,,
0,2,,0.119525,0.364653,0.515822,,34834600,,
0,2,,0.143846,0.298942,0.557212,,33993700,,
0,2,,0.075915,0.301789,0.622296,,35241600,,
0,2,,0.105847,0.299323,0.59483,,32773400,,
0,2,,0.152571,0.244522,0.602907,,31523400,,
0,2,,0.121494,0.221034,0.657472,,30803500,,
0,2,,0.123078,0.30974,0.567183,,32158700,,
0,2,,0.162633,0.352302,0.485064,,29992100,,
0,2,,0.080957,0.306507,0.612535,,29947300,,
0,2,,0.157377,0.241196,0.601427,,29161900,,
0,2,,0.123743,0.145088,0.731168,,29212900,,
0,2,,0.141951,0.273907,0.584142,,30620600,,
0,2,,0.18255,0.185607,0.631843,,30714100,,
0,2,,0.150731,0.236947,0.612322,,30016100,,
0,2,,0.176962,0.346563,0.476475,,32614300,,
0,2,,0.184792,0.298496,0.516712,,32790500,,
0,2,,0.106455,0.280686,0.612859,,30391900,,
0,2,,0.104549,0.160903,0.734548,,29304600,,
0,2,,0.068635,0.317662,0.613703,,29332500,,
0,2,,0.111351,0.195096,0.693553,,29039300,,
0,2,,0.106592,0.241839,0.651568,,30493300,,
0,2,,0.107982,0.291394,0.600623,,29853900,,
0,2,,0.122522,0.205064,0.672414,,29778900,,
0,2,,0.153261,0.253084,0.593656,,29285800,,
0,2,,0.134855,0.242084,0.623061,,32797100,,
0,2,,0.149134,0.186687,0.664179,,30080800,,
0,2,,0.093175,0.267446,0.639379,,29665300,,
0,2,,0.165233,0.284638,0.550129,,29164000,,
0,2,,0.062475,0.239943,0.697582,,28853400,,
0,2,,0.107368,0.238556,0.654075,,29864500,,
0,2,,0.152698,0.18162,0.665682,,30254100,,
0,2,,0.12138,0.281985,0.596634,,30024500,,
0,2,,0.074516,0.291932,0.633552,,29481400,,
0,2,,0.112067,0.234107,0.653826,,29365700,,
0,2,,0.146499,0.316968,0.536533,,29791800,,
0,2,,0.105304,0.254774,0.639922,,31519900,,
0,2,,0.134258,0.179854,0.685889,,28991900,,
0,2,,0.148894,0.21405,0.637056,,28831800,,
0,2,,0.124834,0.227902,0.647264,,28326300,,
0,2,,0.162644,0.208698,0.628658,,29636900,,
0,2,,0.158032,0.266392,0.575576,,28985200,,
0,2,,0.094801,0.285804,0.619394,,29363000,,
0,2,,0.139764,0.287852,0.572385,,29031800,,
0,2,,0.10391,0.26737,0.62872,,29011600,,
0,2,,0.093395,0.248719,0.657886,,28619900,,
0,2,,0.10855,0.279078,0.612372,,29390900,,
0,2,,0.103651,0.317635,0.578714,,30417000,,
0,2,,0.104773,0.21257,0.682657,,27770200,,
0,2,,0.135445,0.323536,0.541019,,28269900,,
0,2,,0.130471,0.240997,0.628532,,29599200,,
0,2,,0.063894,0.259422,0.676684,,30660500,,
0,2,,0.144114,0.299073,0.556813,,29676300,,
0,2,,0.116494,0.282192,0.601314,,29031900,,
0,2,,0.153729,0.174439,0.671832,,28727600,,
0,2,,0.166001,0.173475,0.660523,,29601200,,
0,2,,0.070873,0.176079,0.753049,,29202500,,
0,2,,0.066606,0.140602,0.792792,,29684000,,
0,2,,0.097392,0.293947,0.608661,,28730400,,
0,2,,0.132714,0.301768,0.565518,,32833000,,
0,2,,0.163562,0.206026,0.630412,,29864200,,
0,2,,0.101766,0.291288,0.606946,,29172700,,
0,2,,0.129059,0.30437,0.566571,,29301200,,
0,2,,0.088894,0.256436,0.654671,,29713200,,
0,2,,0.113459,0.205893,0.680648,,29927100,,
0,2,,0.067981,0.17944,0.752579,,29186400,,
0,2,,0.165326,0.204139,0.630535,,29286100,,
0,2,,0.155814,0.244251,0.599936,,29035400,,
0,2,,0.071248,0.199786,0.728965,,28666200,,
0,2,,0.097873,0.270801,0.631325,,28562900,,
0,2,,0.152034,0.306489,0.541477,,28707400,,
0,2,,0.107128,0.30368,0.589192,,28361700,,
0,2,,0.099633,0.227779,0.672589,,28515600,,
0,2,,0.167732,0.355679,0.476589,,28289700,,
0,2,,0.097859,0.19485,0.707291,,28678600,,
0,2,,0.176598,0.248104,0.575298,,28793800,,
0,2,,0.181443,0.271858,0.546699,,28895500,,
0,2,,0.132165,0.294523,0.573312,,28415300,,
0,2,,0.096264,0.252028,0.651707,,28608000,,
0,2,,0.124997,0.327132,0.547871,,28845600,,
0,2,,0.131067,0.293106,0.575827,,28598200,,
0,2,,0.149926,0.339109,0.510964,,28197300,,
0,2,,0.133012,0.347475,0.519513,,28002300,,
0,2,,0.118606,0.295859,0.585535,,28218400,,
0,2,,0.151699,0.189718,0.658582,,28799200,,
0,2,,0.109933,0.176578,0.713489,,28263200,,
0,2,,0.128408,0.209055,0.662537,,28377400,,
0,2,,0.100795,0.247784,0.651422,,28266800,,
0,2,,0.155901,0.273807,0.570292,,28612600,,
0,2,,0.13758,0.192199,0.670221,,28773300,,
0,2,,0.115325,0.166951,0.717724,,28535200,,
0,2,,0.162866,0.318925,0.518209,,28334600,,
0,2,,0.097456,0.187963,0.714581,,28314500,,
0,2,,0.174332,0.335334,0.490334,,29093300,,
0,2,,0.162343,0.254248,0.583409,,31799400,,
0,2,,0.120631,0.279493,0.599876,,29060300,,
0,2,,0.126689,0.34286,0.53045,,28128700,,
0,2,,0.167776,0.353474,0.47875,,27974600,,
0,2,,0.096457,0.195837,0.707707,,27675300,,
0,2,,0.066162,0.27511,0.658728,,28549400,,
0,2,,0.099266,0.253929,0.646805,,28564300,,
0,2,,0.16541,0.264352,0.570238,,27992800,,
0,2,,0.084956,0.379918,0.535127,,28282600,,
0,2,,0.186975,0.161753,0.651272,,29605700,,
0,2,,0.138084,0.264733,0.597183,,29488800,,
0,2,,0.096321,0.34429,0.559389,,29335600,,
0,2,,0.11997,0.403815,0.476214,,27800800,,
0,2,,0.171224,0.228514,0.600262,,30929900,,
0,2,,0.108917,0.308957,0.582126,,28111500,,
0,2,,0.169551,0.24442,0.586029,,28258300,,
0,2,,0.09311,0.256779,0.650111,,29247900,,
0,2,,0.126378,0.190406,0.683216,,28520100,,
0,2,,0.090473,0.275828,0.633699,,27973000,,
0,2,,0.108465,0.245708,0.645826,,28603300,,
0,2,,0.092823,0.248729,0.658448,,29112300,,
0,2,,0.13114,0.278761,0.590099,,28680500,,
0,2,,0.129641,0.326916,0.543443,,28235800,,
0,2,,0.117184,0.292568,0.590249,,28291300,,
0,2,,0.131354,0.295923,0.572723,,28185800,,
0,2,,0.138797,0.363517,0.497686,,28642200,,
0,2,,0.154883,0.219108,0.62601,,28723600,,
0,2,,0.160424,0.240481,0.599094,,28423100,,
0,2,,0.108894,0.26741,0.623695,,28709900,,
0,2,,0.14913,0.327497,0.523373,,28324300,,
0,2,,0.259382,0.285128,0.45549,,28931900,,
0,2,,0.101304,0.285806,0.61289,,28566700,,
0,2,,0.112107,0.270621,0.617272,,28030800,,
0,2,,0.137691,0.204354,0.657955,,28279400,,
0,2,,0.128017,0.13791,0.734073,,29888500,,
0,2,,0.10289,0.310332,0.586778,,31072900,,
0,2,,0.108602,0.248191,0.643207,,29105400,,
0,2,,0.093764,0.21353,0.692706,,29140600,,
0,2,,0.100452,0.180468,0.71908,,28935400,,
0,2,,0.171181,0.251001,0.577818,,28958500,,
0,2,,0.133657,0.176628,0.689715,,29423100,,
0,2,,0.052506,0.316405,0.631088,,29260600,,
0,2,,0.081825,0.256897,0.661278,,29361600,,
