connect-4,CWE,test,3,NANOSECONDS,PREDICTIONS, Generated by ClassifierExperiments.java on 2022-05-16 21:03:06.    SYSTEMPROPERTIES:{user.name:matth,os.arch:amd64,os.name:Windows 10},ENDSYSTEMPROPERTIES
No parameter info
0.6927915926583778,23895621300,395608387600,-1,668488256,3,,-1,-1
0,2,,0.151714,0.334842,0.513444,,37956200,,
0,2,,0.193543,0.263098,0.543359,,35852000,,
0,2,,0.157027,0.285193,0.55778,,36220300,,
0,2,,0.134757,0.260072,0.60517,,35308400,,
0,2,,0.10896,0.30436,0.58668,,34141600,,
0,2,,0.135411,0.327538,0.537051,,32406300,,
0,2,,0.084525,0.333537,0.581938,,31727800,,
0,2,,0.102312,0.274881,0.622808,,35075700,,
0,2,,0.144498,0.284351,0.571151,,32724700,,
0,2,,0.11303,0.255391,0.631579,,30341100,,
0,2,,0.112097,0.310182,0.577721,,30986600,,
0,2,,0.145189,0.233953,0.620858,,29996300,,
0,2,,0.142184,0.168976,0.688839,,44051300,,
0,2,,0.171388,0.195782,0.63283,,41957300,,
0,2,,0.062463,0.359484,0.578053,,37096900,,
0,2,,0.119695,0.201545,0.678761,,34544200,,
0,2,,0.078253,0.322505,0.599242,,37063700,,
0,2,,0.121885,0.308753,0.569362,,44797300,,
0,2,,0.113766,0.114002,0.772232,,44268600,,
0,2,,0.142815,0.201499,0.655686,,44327200,,
0,2,,0.12394,0.19015,0.685911,,39982500,,
0,2,,0.056521,0.248629,0.694851,,39992400,,
0,2,,0.124413,0.223633,0.651954,,41421300,,
0,2,,0.049346,0.318207,0.632447,,40879100,,
0,2,,0.124186,0.29398,0.581835,,34209800,,
0,2,,0.137051,0.333808,0.529141,,36668300,,
0,2,,0.074058,0.22738,0.698562,,39855500,,
0,2,,0.083972,0.39854,0.517488,,40704600,,
0,2,,0.16464,0.303335,0.532025,,41204600,,
0,2,,0.091101,0.208941,0.699958,,41118300,,
0,2,,0.124088,0.176335,0.699577,,39950500,,
0,2,,0.113577,0.208732,0.677691,,38607100,,
0,2,,0.151,0.254783,0.594217,,38759900,,
0,2,,0.143695,0.299306,0.556999,,33317400,,
0,2,,0.0838,0.318863,0.597336,,35570700,,
0,2,,0.16271,0.330057,0.507233,,34099600,,
0,2,,0.168932,0.161481,0.669587,,37260000,,
0,2,,0.103647,0.209592,0.68676,,35714700,,
0,2,,0.125232,0.24427,0.630497,,35870300,,
0,2,,0.132308,0.234047,0.633645,,47165600,,
0,2,,0.107578,0.181772,0.71065,,36978700,,
0,2,,0.109926,0.263041,0.627033,,37651900,,
0,2,,0.141245,0.346784,0.511971,,36052400,,
0,2,,0.121998,0.191843,0.686158,,36204600,,
0,2,,0.126638,0.397119,0.476243,,35749200,,
0,2,,0.168138,0.230188,0.601674,,34210200,,
0,2,,0.119588,0.289262,0.59115,,34332800,,
0,2,,0.094736,0.289492,0.615772,,38650600,,
0,2,,0.151741,0.373179,0.47508,,59613600,,
0,2,,0.105651,0.200138,0.694211,,54732100,,
0,2,,0.107071,0.301451,0.591479,,49571400,,
0,2,,0.123504,0.174831,0.701665,,42748200,,
0,2,,0.095626,0.169977,0.734397,,40218500,,
0,2,,0.114478,0.180127,0.705395,,36159300,,
0,2,,0.154653,0.197478,0.647868,,32971000,,
0,2,,0.126536,0.239903,0.633561,,32655100,,
0,2,,0.048474,0.320911,0.630615,,36257600,,
0,2,,0.093199,0.197978,0.708822,,40013700,,
0,2,,0.161165,0.207207,0.631629,,38033600,,
0,2,,0.125694,0.243041,0.631265,,35260300,,
0,2,,0.151217,0.154794,0.693989,,39161600,,
0,2,,0.095728,0.260756,0.643516,,33121800,,
0,2,,0.149794,0.227184,0.623022,,28833500,,
0,2,,0.09639,0.24732,0.656291,,31351100,,
0,2,,0.108133,0.317812,0.574055,,40931600,,
0,2,,0.12783,0.126124,0.746046,,37532500,,
0,2,,0.129954,0.348827,0.521219,,37007800,,
0,2,,0.116903,0.229832,0.653265,,34670500,,
0,2,,0.178056,0.21505,0.606893,,38007400,,
0,2,,0.148894,0.266022,0.585084,,61170200,,
0,2,,0.08596,0.326754,0.587285,,48466300,,
0,2,,0.128075,0.190403,0.681523,,40738100,,
0,2,,0.153975,0.241103,0.604922,,36462900,,
0,2,,0.11301,0.289051,0.597939,,39008700,,
0,2,,0.119143,0.221044,0.659813,,60072600,,
0,2,,0.099882,0.406459,0.493659,,37328700,,
0,2,,0.105392,0.300569,0.594039,,41269400,,
0,2,,0.096368,0.170105,0.733527,,50727900,,
0,2,,0.075718,0.277207,0.647074,,51192100,,
0,2,,0.11764,0.212059,0.670301,,44447800,,
0,2,,0.123137,0.301312,0.57555,,42411300,,
0,2,,0.128382,0.241898,0.62972,,38689600,,
0,2,,0.081221,0.313908,0.604872,,38891500,,
0,2,,0.141585,0.31841,0.540005,,39236800,,
0,2,,0.132941,0.429294,0.437765,,41011700,,
0,2,,0.1325,0.189698,0.677802,,39643600,,
0,2,,0.09317,0.301562,0.605268,,46496200,,
0,2,,0.193393,0.24565,0.560957,,44452600,,
0,2,,0.149214,0.164222,0.686564,,62394800,,
0,2,,0.085609,0.197437,0.716954,,44089800,,
0,2,,0.134997,0.329824,0.535179,,39556300,,
0,2,,0.103383,0.237199,0.659418,,57441400,,
0,2,,0.082815,0.159335,0.757851,,46257300,,
0,2,,0.136188,0.354869,0.508943,,48519700,,
0,2,,0.221016,0.23356,0.545424,,66963600,,
0,2,,0.129703,0.302765,0.567532,,46656800,,
0,2,,0.111165,0.195257,0.693578,,63249300,,
0,2,,0.081286,0.310624,0.60809,,51815100,,
0,2,,0.1178,0.388983,0.493217,,50667400,,
0,2,,0.186801,0.183839,0.62936,,56900600,,
0,2,,0.111132,0.29649,0.592378,,49674100,,
0,2,,0.175954,0.239347,0.584699,,43572300,,
0,2,,0.106744,0.342296,0.55096,,51344100,,
0,2,,0.228276,0.26712,0.504604,,41291800,,
0,2,,0.128458,0.319938,0.551604,,47297400,,
0,2,,0.11828,0.305039,0.576681,,45589500,,
0,2,,0.146714,0.304638,0.548648,,40304200,,
0,2,,0.089265,0.161919,0.748816,,41067400,,
0,2,,0.102285,0.205435,0.692281,,49879200,,
0,2,,0.183705,0.194876,0.621419,,49185300,,
0,2,,0.140286,0.294551,0.565163,,55699300,,
0,2,,0.1623,0.340802,0.496898,,56800400,,
0,2,,0.151079,0.217052,0.631869,,47656800,,
0,2,,0.139005,0.361769,0.499226,,40092500,,
0,2,,0.110961,0.250436,0.638603,,44370000,,
0,2,,0.090554,0.444104,0.465341,,41222300,,
0,2,,0.139165,0.203533,0.657302,,42444000,,
0,2,,0.133517,0.184646,0.681837,,38242100,,
0,2,,0.133659,0.267254,0.599086,,48363000,,
0,2,,0.100691,0.294184,0.605125,,40354200,,
0,2,,0.173144,0.305211,0.521646,,47546200,,
0,2,,0.137005,0.410133,0.452862,,40232100,,
0,2,,0.153353,0.312732,0.533915,,39370300,,
0,2,,0.096869,0.329642,0.573489,,38608800,,
0,2,,0.143128,0.247482,0.609391,,45092200,,
0,2,,0.130101,0.220563,0.649336,,50099700,,
0,2,,0.158659,0.391695,0.449646,,46538300,,
0,2,,0.145034,0.187548,0.667418,,70938700,,
0,2,,0.115773,0.218496,0.665731,,96690100,,
0,2,,0.102968,0.365549,0.531483,,72521500,,
0,2,,0.07878,0.193788,0.727432,,44043900,,
0,2,,0.147442,0.224148,0.62841,,43513800,,
0,2,,0.143451,0.281698,0.574852,,48570200,,
0,2,,0.146476,0.292969,0.560554,,44740300,,
0,2,,0.177437,0.211351,0.611212,,39584100,,
0,2,,0.091093,0.324477,0.58443,,37929500,,
0,2,,0.098921,0.271053,0.630027,,36794500,,
0,2,,0.137727,0.255599,0.606675,,36014200,,
0,2,,0.114464,0.228829,0.656707,,48602600,,
0,2,,0.138629,0.24926,0.612111,,43883600,,
0,2,,0.093314,0.175126,0.73156,,43248000,,
0,2,,0.144009,0.344791,0.511201,,46375800,,
0,2,,0.093563,0.268143,0.638294,,62879700,,
0,2,,0.111559,0.373002,0.515439,,49960900,,
0,2,,0.105431,0.267315,0.627254,,53357300,,
0,2,,0.084519,0.297063,0.618418,,49920300,,
0,2,,0.118872,0.242314,0.638813,,53632700,,
0,2,,0.153041,0.206093,0.640866,,78556200,,
0,2,,0.122887,0.226516,0.650597,,91507900,,
0,2,,0.121814,0.132512,0.745674,,80313100,,
0,2,,0.110081,0.320624,0.569295,,63937300,,
0,2,,0.123644,0.239765,0.63659,,53049900,,
0,2,,0.126056,0.191841,0.682103,,47231000,,
0,2,,0.145808,0.318353,0.535839,,62336500,,
0,2,,0.144132,0.251127,0.604741,,46119100,,
0,2,,0.181111,0.302155,0.516734,,43106800,,
0,2,,0.090917,0.27408,0.635003,,54664300,,
0,2,,0.084414,0.210839,0.704746,,53999100,,
0,2,,0.140305,0.328453,0.531241,,54050000,,
0,2,,0.093692,0.279169,0.627139,,38105300,,
0,2,,0.076036,0.251581,0.672383,,33322800,,
0,2,,0.11482,0.289,0.59618,,32345800,,
0,2,,0.148082,0.283521,0.568397,,31382900,,
0,2,,0.10552,0.261511,0.632969,,33843100,,
0,2,,0.169394,0.209524,0.621082,,36433400,,
0,2,,0.102395,0.17108,0.726525,,35294800,,
0,2,,0.174214,0.243855,0.581931,,33480300,,
0,2,,0.108148,0.199867,0.691985,,33014600,,
0,2,,0.170523,0.231749,0.597729,,33924600,,
0,2,,0.172265,0.255118,0.572616,,35440000,,
0,2,,0.096318,0.244567,0.659115,,38849100,,
0,2,,0.090754,0.269799,0.639447,,42957900,,
0,2,,0.165361,0.214581,0.620058,,42975800,,
0,2,,0.105553,0.282933,0.611514,,32301100,,
0,2,,0.142561,0.272981,0.584459,,32694900,,
0,2,,0.13871,0.128966,0.732323,,34797100,,
0,2,,0.191244,0.233517,0.57524,,30496500,,
0,2,,0.125322,0.278838,0.595839,,32693600,,
0,2,,0.174749,0.332199,0.493052,,33052900,,
0,2,,0.104014,0.228054,0.667932,,32810800,,
0,2,,0.121455,0.255893,0.622651,,35108800,,
0,2,,0.098705,0.233165,0.66813,,30233700,,
0,2,,0.12049,0.330814,0.548696,,29203800,,
0,2,,0.127334,0.323336,0.54933,,29221800,,
0,2,,0.102251,0.40756,0.490189,,29955400,,
0,2,,0.113628,0.308297,0.578075,,31348200,,
0,2,,0.147583,0.290576,0.561841,,29926000,,
0,2,,0.174242,0.256471,0.569287,,33120700,,
0,2,,0.14118,0.218729,0.640091,,37200300,,
0,2,,0.172802,0.301566,0.525632,,32917100,,
0,2,,0.149728,0.197954,0.652317,,32385200,,
0,2,,0.109969,0.325306,0.564725,,31863700,,
0,2,,0.11223,0.436617,0.451153,,29429600,,
0,2,,0.124057,0.245098,0.630844,,29916600,,
0,2,,0.130738,0.229479,0.639783,,29182800,,
0,2,,0.121959,0.283679,0.594363,,33039600,,
0,2,,0.094252,0.309182,0.596566,,35407600,,
0,2,,0.101854,0.271081,0.627064,,33402800,,
0,2,,0.106507,0.295356,0.598136,,34753000,,
0,2,,0.085109,0.223747,0.691144,,35453600,,
0,2,,0.119937,0.179295,0.700768,,43059400,,
0,2,,0.134181,0.252149,0.61367,,37231000,,
0,2,,0.214503,0.244644,0.540852,,38382300,,
0,2,,0.141511,0.223174,0.635315,,34199000,,
0,2,,0.165628,0.367867,0.466504,,32402800,,
0,2,,0.117743,0.202063,0.680195,,33781400,,
0,2,,0.081766,0.261219,0.657015,,31774500,,
0,2,,0.204624,0.196115,0.599261,,30756200,,
0,2,,0.081508,0.408582,0.50991,,30582400,,
0,2,,0.097432,0.299112,0.603456,,30004000,,
0,2,,0.083409,0.192732,0.723859,,33593300,,
0,2,,0.109135,0.249785,0.64108,,35053200,,
0,2,,0.114723,0.354554,0.530724,,33858500,,
0,2,,0.118628,0.237571,0.643801,,33795600,,
0,2,,0.154812,0.372712,0.472476,,32929100,,
0,2,,0.119976,0.418996,0.461028,,35786500,,
0,2,,0.084162,0.230204,0.685633,,36683800,,
0,2,,0.128321,0.222659,0.64902,,43263700,,
0,2,,0.064035,0.276597,0.659369,,31592800,,
0,2,,0.086781,0.245446,0.667773,,31241000,,
0,2,,0.147611,0.200157,0.652232,,37368600,,
0,2,,0.170425,0.182332,0.647243,,36335100,,
0,2,,0.070561,0.19748,0.731959,,41599100,,
0,2,,0.093982,0.30613,0.599888,,36120200,,
0,2,,0.135141,0.226562,0.638297,,33362100,,
0,2,,0.084741,0.388558,0.526701,,38161900,,
0,2,,0.113148,0.213537,0.673314,,37230800,,
0,2,,0.15261,0.363722,0.483668,,37262600,,
0,2,,0.079807,0.281165,0.639028,,35732600,,
0,2,,0.091798,0.287289,0.620913,,40350100,,
0,2,,0.115068,0.222334,0.662597,,35544600,,
0,2,,0.154171,0.251638,0.594191,,37659100,,
0,2,,0.140173,0.365958,0.493869,,33258400,,
0,2,,0.115166,0.153105,0.731729,,31074100,,
0,2,,0.189413,0.307844,0.502743,,33181000,,
0,2,,0.076221,0.338105,0.585674,,37455000,,
0,2,,0.147834,0.404404,0.447761,,34785400,,
0,2,,0.134245,0.161626,0.704129,,36197100,,
0,2,,0.163846,0.203428,0.632726,,36226300,,
0,2,,0.116754,0.175733,0.707513,,34582900,,
0,2,,0.104626,0.169669,0.725705,,36002700,,
0,2,,0.158254,0.15391,0.687837,,35168300,,
0,2,,0.181281,0.255669,0.56305,,39158200,,
0,2,,0.122761,0.342274,0.534965,,39155600,,
0,2,,0.157146,0.225644,0.61721,,35870300,,
0,2,,0.07078,0.323714,0.605506,,34295600,,
0,2,,0.119383,0.145304,0.735314,,34252700,,
0,2,,0.110285,0.262173,0.627542,,35142100,,
0,2,,0.129293,0.198131,0.672577,,33539400,,
0,2,,0.175953,0.314534,0.509514,,33704700,,
0,2,,0.0814,0.253946,0.664654,,33243000,,
0,2,,0.075243,0.25835,0.666407,,31581400,,
0,2,,0.130481,0.216047,0.653472,,33379200,,
0,2,,0.10577,0.124322,0.769908,,33124900,,
0,2,,0.062549,0.127674,0.809777,,31849500,,
0,2,,0.160328,0.169951,0.669721,,33529700,,
0,2,,0.129196,0.262018,0.608787,,33724800,,
0,2,,0.103313,0.186192,0.710495,,33850700,,
0,2,,0.13533,0.359057,0.505613,,33555700,,
0,2,,0.094998,0.197367,0.707635,,31298800,,
0,2,,0.141591,0.337447,0.520962,,32456800,,
0,2,,0.096472,0.176281,0.727247,,33423500,,
0,2,,0.145957,0.262888,0.591155,,32059200,,
0,2,,0.224223,0.212289,0.563488,,30682900,,
0,2,,0.089388,0.333496,0.577117,,31697100,,
0,2,,0.144844,0.239843,0.615313,,34257200,,
0,2,,0.123742,0.169094,0.707164,,31686800,,
0,2,,0.124812,0.270875,0.604313,,31858200,,
0,2,,0.117168,0.338228,0.544604,,33789100,,
0,2,,0.116764,0.347087,0.536149,,37760500,,
0,2,,0.150259,0.230054,0.619687,,36878600,,
0,2,,0.172816,0.272135,0.555049,,30719100,,
0,2,,0.110302,0.372493,0.517205,,34233000,,
0,2,,0.138479,0.212606,0.648914,,32632100,,
0,2,,0.191427,0.279037,0.529536,,32291900,,
0,2,,0.061333,0.384245,0.554423,,30135300,,
0,2,,0.096724,0.334552,0.568723,,31038200,,
0,2,,0.165649,0.329383,0.504968,,31792500,,
0,2,,0.10773,0.272013,0.620258,,38476000,,
0,2,,0.159478,0.319105,0.521416,,35656900,,
0,2,,0.084141,0.355466,0.560394,,33032100,,
0,2,,0.12203,0.241486,0.636484,,31366300,,
0,2,,0.112349,0.187862,0.699789,,32851300,,
0,2,,0.16199,0.234255,0.603755,,31788100,,
0,2,,0.117338,0.168372,0.71429,,29624600,,
0,2,,0.121251,0.246625,0.632123,,29867200,,
0,2,,0.070946,0.291611,0.637443,,29428100,,
0,2,,0.112161,0.206451,0.681388,,28328900,,
0,2,,0.108423,0.266896,0.624681,,32182000,,
0,2,,0.068747,0.193287,0.737967,,35192300,,
0,2,,0.118666,0.206268,0.675065,,32692100,,
0,2,,0.11086,0.20806,0.68108,,32359200,,
0,2,,0.155776,0.133137,0.711087,,28260600,,
0,2,,0.143943,0.288033,0.568024,,44445400,,
0,2,,0.102073,0.268857,0.629069,,66950500,,
0,2,,0.094375,0.277772,0.627853,,38367300,,
0,2,,0.181821,0.189874,0.628305,,36384400,,
0,2,,0.0998,0.195625,0.704575,,30826200,,
0,2,,0.135338,0.294565,0.570097,,37107100,,
0,2,,0.104415,0.29904,0.596546,,33174200,,
0,2,,0.083643,0.228117,0.68824,,30821700,,
0,2,,0.144124,0.207626,0.64825,,33496400,,
0,2,,0.104881,0.243086,0.652033,,38416800,,
0,2,,0.060689,0.228969,0.710342,,43803200,,
0,2,,0.204747,0.225387,0.569865,,45954200,,
0,2,,0.139627,0.292813,0.56756,,44258700,,
0,2,,0.077385,0.169163,0.753452,,36225100,,
0,2,,0.157952,0.245633,0.596415,,42715900,,
0,2,,0.099615,0.293135,0.60725,,38454800,,
0,2,,0.107786,0.160979,0.731235,,36371700,,
0,2,,0.143594,0.321329,0.535077,,36453200,,
0,2,,0.10832,0.206104,0.685576,,48410200,,
0,2,,0.127185,0.347717,0.525098,,46822700,,
0,2,,0.046252,0.261719,0.692029,,35653400,,
0,2,,0.185967,0.174669,0.639364,,29908400,,
0,2,,0.175987,0.24344,0.580573,,35781800,,
0,2,,0.195138,0.375944,0.428918,,32517400,,
0,2,,0.171424,0.210803,0.617773,,32353500,,
0,2,,0.190612,0.190292,0.619096,,33321600,,
0,2,,0.128037,0.201781,0.670182,,48246800,,
0,2,,0.149011,0.391752,0.459237,,36619500,,
0,2,,0.110625,0.228794,0.660581,,44243200,,
0,2,,0.14294,0.275567,0.581493,,32691600,,
0,2,,0.083583,0.191462,0.724955,,33876100,,
0,2,,0.106268,0.376248,0.517484,,39710500,,
0,2,,0.120544,0.316201,0.563255,,50779800,,
0,2,,0.127664,0.281612,0.590724,,44671000,,
0,2,,0.117112,0.169353,0.713534,,50735000,,
0,2,,0.132706,0.15563,0.711664,,44501600,,
0,2,,0.120931,0.293357,0.585712,,44657100,,
0,2,,0.119021,0.294791,0.586188,,41331700,,
0,2,,0.119221,0.383335,0.497443,,41634500,,
0,2,,0.097061,0.283462,0.619477,,75213500,,
0,2,,0.099075,0.317652,0.583273,,69670900,,
0,2,,0.174585,0.380179,0.445237,,50046400,,
0,2,,0.139811,0.368111,0.492078,,44682500,,
0,2,,0.156579,0.256951,0.58647,,40893600,,
0,2,,0.136439,0.20449,0.659071,,42831300,,
0,2,,0.177061,0.236146,0.586793,,59423500,,
0,2,,0.104322,0.281393,0.614285,,75581000,,
0,2,,0.138943,0.26503,0.596027,,61651300,,
0,2,,0.138075,0.358518,0.503408,,68249700,,
0,2,,0.120585,0.189781,0.689635,,63221000,,
0,2,,0.144612,0.263138,0.59225,,83295700,,
0,2,,0.150804,0.193504,0.655692,,67583300,,
0,2,,0.111824,0.273241,0.614935,,65916500,,
0,2,,0.13706,0.206749,0.656192,,58065800,,
0,2,,0.109418,0.169645,0.720937,,45526500,,
0,2,,0.06997,0.3572,0.57283,,44513100,,
0,2,,0.130734,0.209375,0.659891,,40569900,,
0,2,,0.084951,0.283681,0.631368,,41360500,,
0,2,,0.147923,0.269001,0.583076,,38496600,,
0,2,,0.132554,0.241543,0.625902,,34819900,,
0,2,,0.179056,0.185871,0.635072,,38918600,,
0,2,,0.107885,0.273571,0.618543,,42849500,,
0,2,,0.161349,0.223195,0.615456,,95851900,,
0,2,,0.12054,0.195784,0.683676,,73189200,,
0,2,,0.155971,0.293639,0.55039,,39007600,,
0,2,,0.190908,0.299745,0.509347,,38630800,,
0,2,,0.108511,0.421861,0.469628,,52820500,,
0,2,,0.15568,0.274324,0.569996,,68640400,,
0,2,,0.119617,0.246517,0.633866,,61555300,,
0,2,,0.104869,0.214759,0.680372,,46800800,,
0,2,,0.135258,0.351184,0.513558,,44271000,,
0,2,,0.086452,0.282271,0.631277,,49279000,,
0,2,,0.123443,0.217875,0.658683,,43636400,,
0,2,,0.173949,0.249163,0.576889,,34475100,,
0,2,,0.116601,0.243362,0.640037,,38685200,,
0,2,,0.119878,0.258206,0.621916,,35656400,,
0,2,,0.131888,0.240654,0.627459,,39767000,,
0,2,,0.169871,0.273925,0.556204,,37218300,,
0,2,,0.123604,0.359738,0.516659,,41751100,,
0,2,,0.13631,0.192035,0.671656,,48643900,,
0,2,,0.157074,0.237478,0.605448,,48924200,,
0,2,,0.081275,0.230621,0.688104,,55775100,,
0,2,,0.128253,0.192194,0.679552,,66015100,,
0,2,,0.088382,0.266135,0.645483,,70786900,,
0,2,,0.171261,0.313163,0.515576,,44392200,,
0,2,,0.081915,0.340454,0.577631,,38821400,,
0,2,,0.137532,0.165605,0.696863,,43259100,,
0,2,,0.149138,0.206553,0.644308,,39212900,,
0,2,,0.144475,0.195402,0.660123,,42504100,,
0,2,,0.159093,0.243442,0.597465,,37343300,,
0,2,,0.166371,0.214493,0.619136,,39169200,,
0,2,,0.075691,0.336421,0.587888,,28187100,,
0,2,,0.148861,0.24669,0.604449,,29540100,,
0,2,,0.130293,0.380671,0.489035,,31590300,,
0,2,,0.106683,0.231338,0.661979,,40457300,,
0,2,,0.082966,0.401519,0.515514,,36478900,,
0,2,,0.157274,0.227418,0.615308,,39226000,,
0,2,,0.10515,0.155983,0.738868,,42855600,,
0,2,,0.127824,0.165736,0.70644,,42958300,,
0,2,,0.093564,0.33353,0.572906,,50545400,,
0,2,,0.157323,0.302536,0.540141,,43172600,,
0,2,,0.134272,0.366761,0.498967,,40498600,,
0,2,,0.123561,0.284926,0.591513,,31824000,,
0,2,,0.128564,0.299997,0.571439,,29547800,,
0,2,,0.117855,0.336438,0.545707,,28055500,,
0,2,,0.162394,0.259565,0.578041,,26728900,,
0,2,,0.162028,0.259544,0.578428,,25875100,,
0,2,,0.162887,0.164264,0.67285,,26830700,,
0,2,,0.117706,0.267466,0.614829,,26415100,,
0,2,,0.120495,0.209927,0.669578,,25998500,,
0,2,,0.11111,0.288317,0.600572,,27664900,,
0,2,,0.194425,0.292243,0.513332,,25737600,,
0,2,,0.147861,0.196363,0.655776,,26762300,,
0,2,,0.106335,0.17063,0.723035,,26567400,,
0,2,,0.11162,0.305576,0.582804,,25911400,,
0,2,,0.18038,0.283488,0.536132,,26507000,,
0,2,,0.125569,0.204062,0.670369,,26062200,,
0,2,,0.112362,0.405604,0.482034,,27175900,,
0,2,,0.116369,0.264586,0.619045,,25854200,,
0,2,,0.07378,0.36498,0.56124,,27163400,,
0,2,,0.129718,0.360142,0.51014,,39084200,,
0,2,,0.152447,0.288728,0.558826,,39730000,,
0,2,,0.099997,0.263668,0.636335,,40257900,,
0,2,,0.174285,0.285962,0.539753,,30523300,,
0,2,,0.117225,0.311256,0.571519,,29526300,,
0,2,,0.109668,0.365829,0.524502,,31955400,,
0,2,,0.092608,0.237211,0.670181,,37404500,,
0,2,,0.189546,0.24083,0.569624,,48096700,,
0,2,,0.063403,0.322695,0.613903,,40480000,,
0,2,,0.136538,0.260972,0.60249,,56121100,,
0,2,,0.219219,0.201599,0.579183,,49246400,,
0,2,,0.1827,0.218661,0.598639,,53614400,,
0,2,,0.113838,0.424019,0.462143,,38607200,,
0,2,,0.127514,0.208169,0.664316,,36459000,,
0,2,,0.095416,0.214964,0.68962,,40226800,,
0,2,,0.163561,0.258149,0.57829,,51408600,,
0,2,,0.159366,0.19815,0.642483,,58031500,,
0,2,,0.15811,0.349608,0.492283,,71621300,,
0,2,,0.090344,0.349131,0.560526,,66601800,,
0,2,,0.114227,0.272998,0.612776,,65295800,,
0,2,,0.15698,0.309275,0.533745,,45729500,,
0,2,,0.105188,0.237549,0.657263,,42358600,,
0,2,,0.127512,0.270594,0.601894,,34198200,,
0,2,,0.142195,0.222423,0.635382,,33432000,,
0,2,,0.161082,0.248853,0.590064,,38447100,,
0,2,,0.180455,0.238059,0.581486,,45481800,,
0,2,,0.116684,0.275821,0.607495,,48733400,,
0,2,,0.154998,0.325279,0.519723,,47641800,,
0,2,,0.144915,0.197424,0.657661,,49715600,,
0,2,,0.16714,0.314714,0.518147,,52082900,,
0,2,,0.107289,0.20386,0.688851,,55197300,,
0,2,,0.100805,0.305715,0.59348,,32861500,,
0,2,,0.113611,0.264386,0.622003,,34621400,,
0,2,,0.140908,0.287311,0.57178,,35874800,,
0,2,,0.12622,0.190473,0.683306,,34934700,,
0,2,,0.146842,0.228649,0.624509,,37142800,,
0,2,,0.116754,0.260339,0.622907,,40631600,,
0,2,,0.129739,0.372319,0.497941,,42690000,,
0,2,,0.134733,0.378485,0.486782,,42501100,,
0,2,,0.122485,0.262931,0.614584,,46286600,,
0,2,,0.106613,0.318889,0.574498,,44280500,,
0,2,,0.149637,0.226756,0.623608,,42251000,,
0,2,,0.16263,0.238496,0.598874,,42195600,,
0,2,,0.162826,0.384649,0.452525,,40034000,,
0,2,,0.148259,0.301055,0.550686,,39211200,,
0,2,,0.097744,0.215981,0.686275,,37297200,,
0,2,,0.134735,0.34007,0.525194,,38328600,,
0,2,,0.082399,0.295841,0.621759,,32813000,,
0,2,,0.144649,0.168758,0.686593,,29958200,,
0,2,,0.116861,0.361164,0.521975,,30004700,,
0,2,,0.087514,0.280887,0.631599,,33097200,,
0,2,,0.104947,0.244547,0.650506,,38677600,,
0,2,,0.169173,0.171651,0.659176,,32540600,,
0,2,,0.078753,0.27147,0.649777,,37547000,,
0,2,,0.091159,0.199977,0.708864,,37435900,,
0,2,,0.133578,0.271362,0.595061,,41596400,,
0,2,,0.155154,0.243829,0.601017,,42896100,,
0,2,,0.105296,0.238229,0.656475,,44024300,,
0,2,,0.124651,0.175497,0.699853,,44554100,,
0,2,,0.104171,0.283405,0.612424,,39255600,,
0,2,,0.168182,0.224491,0.607327,,35068800,,
0,2,,0.133716,0.19256,0.673725,,33827300,,
0,2,,0.20789,0.195388,0.596722,,40272300,,
0,2,,0.146166,0.266436,0.587398,,37114500,,
0,2,,0.102154,0.261493,0.636353,,32724000,,
0,2,,0.103365,0.229187,0.667447,,36235100,,
0,2,,0.096796,0.223096,0.680108,,35655200,,
0,2,,0.143978,0.245767,0.610254,,34687000,,
0,2,,0.084281,0.396474,0.519245,,33748300,,
0,2,,0.166568,0.26164,0.571792,,34129300,,
0,2,,0.156578,0.271304,0.572118,,33176400,,
0,2,,0.138664,0.382674,0.478662,,36373700,,
0,2,,0.109728,0.225636,0.664636,,34827000,,
0,2,,0.154772,0.253676,0.591552,,37182300,,
0,2,,0.139947,0.172454,0.687599,,35910600,,
0,2,,0.080075,0.408632,0.511292,,37232000,,
0,2,,0.120363,0.237159,0.642478,,36541600,,
0,2,,0.121689,0.289277,0.589034,,37060000,,
0,2,,0.103361,0.248336,0.648302,,37657800,,
0,2,,0.089022,0.307489,0.603489,,35836100,,
0,2,,0.128822,0.303251,0.567927,,36778800,,
0,2,,0.11431,0.25416,0.63153,,36656500,,
0,2,,0.144359,0.363849,0.491792,,37622500,,
0,2,,0.071272,0.363063,0.565665,,35804100,,
0,2,,0.084149,0.243145,0.672706,,36283700,,
0,2,,0.102208,0.168446,0.729346,,37168800,,
0,2,,0.109734,0.240492,0.649774,,33962500,,
0,2,,0.153396,0.263054,0.58355,,33145300,,
0,2,,0.109482,0.166183,0.724335,,32277200,,
0,2,,0.091104,0.333943,0.574953,,43252100,,
0,2,,0.114836,0.302167,0.582997,,32269100,,
0,2,,0.173931,0.207986,0.618083,,34064200,,
0,2,,0.090663,0.2874,0.621937,,34374100,,
0,2,,0.167264,0.226892,0.605843,,34043300,,
0,2,,0.113388,0.32568,0.560932,,31958700,,
0,2,,0.097963,0.161658,0.740379,,38791900,,
0,2,,0.126844,0.327051,0.546105,,31421400,,
0,2,,0.160902,0.284527,0.554571,,33601100,,
0,1,,0.11621,0.477242,0.406548,,32702100,,
0,2,,0.158106,0.228435,0.613459,,33479000,,
0,2,,0.110653,0.2798,0.609548,,35489500,,
0,2,,0.096507,0.302664,0.600829,,32923600,,
0,2,,0.105322,0.255178,0.6395,,33136600,,
0,2,,0.148395,0.175786,0.675819,,33551400,,
0,2,,0.125497,0.197457,0.677046,,33598500,,
0,2,,0.100568,0.210422,0.68901,,33803800,,
0,2,,0.142686,0.27294,0.584374,,32002000,,
0,2,,0.165501,0.154286,0.680213,,33504100,,
0,2,,0.111231,0.201731,0.687038,,32560100,,
0,2,,0.118049,0.336781,0.545169,,33197100,,
0,2,,0.153845,0.362291,0.483863,,34500200,,
0,2,,0.121187,0.200812,0.678001,,30296800,,
0,2,,0.085147,0.354435,0.560418,,29847500,,
0,2,,0.104414,0.200512,0.695074,,29324100,,
0,2,,0.175495,0.282968,0.541537,,29644400,,
0,2,,0.12283,0.252432,0.624738,,29498900,,
0,2,,0.099651,0.294559,0.60579,,29800000,,
0,2,,0.162305,0.268965,0.568731,,30012300,,
0,2,,0.076954,0.241279,0.681768,,28975500,,
0,2,,0.096263,0.31795,0.585786,,28984900,,
0,2,,0.122602,0.319838,0.557559,,33033400,,
0,2,,0.174097,0.222797,0.603106,,29137600,,
0,2,,0.101842,0.304165,0.593993,,30179800,,
0,2,,0.124872,0.365417,0.509711,,31157200,,
0,2,,0.143364,0.200764,0.655872,,29443500,,
0,2,,0.065817,0.334031,0.600152,,30936200,,
0,2,,0.123412,0.148463,0.728125,,30881900,,
0,2,,0.078472,0.327203,0.594324,,29172300,,
0,2,,0.140186,0.249179,0.610635,,29785600,,
0,2,,0.110546,0.26544,0.624015,,29138200,,
0,2,,0.157098,0.248767,0.594135,,30000400,,
0,2,,0.134946,0.220985,0.644069,,29306000,,
0,2,,0.099506,0.144191,0.756303,,28910600,,
0,2,,0.085407,0.186665,0.727928,,30586400,,
0,2,,0.149788,0.266125,0.584087,,31454800,,
0,2,,0.1059,0.252299,0.641801,,30950000,,
0,2,,0.160245,0.232324,0.607431,,29644100,,
0,2,,0.16089,0.236585,0.602525,,29432100,,
0,2,,0.046049,0.318108,0.635843,,28661200,,
0,2,,0.109782,0.334758,0.55546,,30087800,,
0,2,,0.139327,0.307573,0.5531,,35542100,,
0,2,,0.130464,0.211383,0.658153,,32437900,,
0,2,,0.112598,0.346124,0.541278,,28977300,,
0,2,,0.190697,0.200513,0.608791,,30358900,,
0,2,,0.122481,0.241442,0.636077,,29798300,,
0,2,,0.116017,0.266253,0.61773,,30294300,,
0,2,,0.103359,0.36275,0.533891,,28729300,,
0,2,,0.070863,0.291646,0.63749,,28176500,,
0,2,,0.107986,0.250781,0.641233,,29794700,,
0,2,,0.117093,0.253698,0.629209,,29066700,,
0,2,,0.147084,0.221889,0.631027,,29580100,,
0,2,,0.156464,0.233868,0.609668,,28874100,,
0,2,,0.163176,0.329962,0.506861,,38881500,,
0,2,,0.104468,0.313941,0.581592,,32753900,,
0,2,,0.147706,0.260301,0.591993,,33029800,,
0,2,,0.172843,0.252925,0.574231,,35168100,,
0,2,,0.148769,0.234891,0.61634,,33104100,,
0,2,,0.089813,0.29397,0.616217,,32711900,,
0,2,,0.07672,0.142247,0.781033,,34230400,,
0,2,,0.166378,0.277518,0.556104,,34917800,,
0,2,,0.126243,0.367714,0.506043,,56841100,,
0,2,,0.087529,0.181628,0.730843,,42869200,,
0,2,,0.140107,0.335569,0.524324,,33290400,,
0,2,,0.103,0.336634,0.560366,,29750900,,
0,2,,0.13309,0.21972,0.64719,,31281500,,
0,2,,0.145758,0.29696,0.557282,,29727000,,
0,2,,0.125904,0.204013,0.670083,,30325600,,
0,2,,0.105946,0.254764,0.63929,,29213400,,
0,2,,0.163749,0.199057,0.637195,,28083800,,
0,2,,0.231987,0.261382,0.506631,,28522200,,
0,2,,0.098881,0.119593,0.781526,,29704300,,
0,2,,0.076788,0.398466,0.524746,,29169300,,
0,2,,0.14011,0.355097,0.504793,,31037600,,
0,2,,0.083746,0.175499,0.740756,,28810200,,
0,2,,0.093998,0.254335,0.651667,,29781700,,
0,2,,0.076372,0.399588,0.52404,,29968700,,
0,2,,0.118756,0.255061,0.626183,,29571000,,
0,2,,0.169549,0.210983,0.619468,,29434400,,
0,2,,0.075707,0.220706,0.703588,,29190100,,
0,2,,0.114512,0.378038,0.507451,,36666500,,
0,2,,0.13022,0.282812,0.586968,,28982500,,
0,2,,0.122255,0.381566,0.496179,,45788600,,
0,2,,0.108673,0.190175,0.701152,,42361900,,
0,2,,0.168506,0.354116,0.477378,,31463400,,
0,2,,0.071715,0.243266,0.685018,,28214400,,
0,2,,0.125063,0.292073,0.582864,,29348900,,
0,2,,0.136141,0.192761,0.671097,,29959800,,
0,2,,0.089418,0.356831,0.553751,,29846400,,
0,2,,0.147446,0.22526,0.627294,,33152200,,
0,2,,0.10092,0.337623,0.561456,,29411400,,
0,2,,0.127887,0.319603,0.55251,,31966300,,
0,2,,0.112837,0.186554,0.700609,,29607900,,
0,2,,0.112051,0.278957,0.608991,,33947200,,
0,2,,0.134802,0.260798,0.604401,,41802200,,
0,2,,0.14665,0.200368,0.652982,,43016900,,
0,2,,0.204314,0.212006,0.58368,,42305600,,
0,2,,0.155013,0.205578,0.639408,,44260200,,
0,2,,0.096118,0.297598,0.606284,,44375900,,
0,2,,0.156478,0.178872,0.66465,,46705900,,
0,2,,0.083176,0.183092,0.733732,,62561300,,
0,2,,0.139379,0.322951,0.53767,,42306400,,
0,2,,0.132652,0.404174,0.463173,,35290800,,
0,2,,0.096739,0.232961,0.670301,,29701900,,
0,2,,0.109374,0.281055,0.609571,,35503300,,
0,2,,0.143462,0.19857,0.657967,,61976200,,
0,2,,0.162612,0.33239,0.504997,,58171200,,
0,2,,0.104313,0.323585,0.572102,,60223100,,
0,2,,0.113727,0.383347,0.502926,,53195800,,
0,2,,0.166583,0.248165,0.585252,,29276100,,
0,2,,0.146922,0.293465,0.559612,,30846600,,
0,2,,0.098028,0.315836,0.586136,,30067600,,
0,2,,0.163455,0.29206,0.544485,,30500200,,
0,2,,0.088389,0.247673,0.663939,,30015500,,
0,2,,0.092787,0.252988,0.654225,,33405700,,
0,2,,0.14829,0.340983,0.510728,,34975000,,
0,2,,0.115105,0.23855,0.646345,,31821900,,
0,2,,0.145702,0.299128,0.55517,,29045400,,
0,2,,0.124177,0.196287,0.679536,,31966300,,
0,2,,0.147736,0.309436,0.542828,,46863600,,
0,2,,0.138523,0.19154,0.669937,,55774200,,
0,2,,0.127629,0.329984,0.542387,,58917700,,
0,2,,0.159026,0.188625,0.652348,,55054600,,
0,2,,0.119443,0.156021,0.724536,,52376500,,
0,2,,0.088273,0.242925,0.668801,,39324500,,
0,2,,0.17655,0.315141,0.508309,,30713700,,
0,2,,0.124237,0.288441,0.587322,,29404100,,
0,2,,0.095093,0.326556,0.578351,,28762800,,
0,2,,0.162816,0.242921,0.594263,,29301000,,
0,2,,0.057656,0.254652,0.687691,,28994300,,
0,2,,0.161749,0.230786,0.607465,,29286300,,
0,2,,0.09784,0.233326,0.668833,,30321600,,
0,2,,0.1335,0.197072,0.669428,,31754800,,
0,2,,0.1552,0.272587,0.572213,,28773700,,
0,2,,0.12682,0.232417,0.640764,,29851800,,
0,2,,0.095247,0.188473,0.71628,,31855500,,
0,2,,0.098675,0.205975,0.695351,,33783400,,
0,2,,0.148483,0.281374,0.570144,,30721800,,
0,2,,0.122891,0.28347,0.593639,,30620000,,
0,2,,0.106585,0.194163,0.699252,,31886900,,
0,2,,0.112658,0.215918,0.671424,,29464200,,
0,2,,0.145033,0.306313,0.548654,,30323400,,
0,2,,0.210192,0.181868,0.60794,,30682600,,
0,2,,0.129987,0.240298,0.629714,,36777800,,
0,2,,0.129247,0.22989,0.640863,,34782000,,
0,2,,0.127735,0.220409,0.651856,,32305800,,
0,2,,0.201855,0.304392,0.493753,,28785500,,
0,2,,0.088768,0.343095,0.568137,,28804900,,
0,2,,0.089377,0.288298,0.622326,,28907700,,
0,2,,0.152703,0.225537,0.62176,,29701700,,
0,2,,0.121261,0.302359,0.57638,,28819300,,
0,2,,0.125963,0.206015,0.668022,,29098200,,
0,2,,0.119651,0.433752,0.446598,,28663700,,
0,2,,0.171701,0.249648,0.578651,,31610400,,
0,2,,0.080411,0.380737,0.538852,,28578900,,
0,2,,0.104426,0.212789,0.682785,,28469500,,
0,2,,0.147452,0.263614,0.588934,,28723300,,
0,2,,0.139232,0.174059,0.68671,,30705300,,
0,2,,0.158986,0.224925,0.616089,,29491300,,
0,2,,0.161394,0.308608,0.529998,,30374200,,
0,2,,0.120392,0.388489,0.491119,,28988700,,
0,2,,0.142529,0.304738,0.552733,,29668500,,
0,2,,0.148435,0.25975,0.591816,,28908400,,
0,2,,0.153228,0.203999,0.642773,,31208200,,
0,2,,0.125667,0.244363,0.62997,,29422000,,
0,2,,0.128558,0.22365,0.647792,,30031800,,
0,2,,0.097063,0.297494,0.605443,,30018700,,
0,2,,0.16295,0.218905,0.618145,,29144300,,
0,2,,0.10799,0.14864,0.743369,,30075800,,
0,2,,0.072576,0.246334,0.68109,,28184900,,
0,2,,0.185843,0.264456,0.549701,,29730000,,
0,2,,0.144023,0.268771,0.587206,,29825200,,
0,2,,0.158044,0.232784,0.609171,,28736600,,
0,2,,0.118777,0.281138,0.600085,,29369800,,
0,2,,0.176808,0.18502,0.638171,,31734700,,
0,2,,0.1034,0.367496,0.529104,,29950600,,
0,2,,0.143766,0.342143,0.514092,,43098900,,
0,2,,0.152187,0.224482,0.623332,,38329400,,
0,2,,0.195642,0.209983,0.594375,,30471600,,
0,2,,0.087577,0.133073,0.77935,,28800600,,
0,2,,0.147067,0.229416,0.623517,,28094200,,
0,2,,0.107126,0.36209,0.530783,,29317200,,
0,2,,0.192387,0.268808,0.538805,,29517900,,
0,2,,0.117485,0.163877,0.718638,,29288900,,
0,2,,0.093855,0.200588,0.705558,,28889200,,
0,2,,0.127325,0.369203,0.503473,,28400400,,
0,2,,0.187345,0.273826,0.538829,,31291700,,
0,2,,0.092357,0.202699,0.704944,,30867300,,
0,2,,0.147151,0.331445,0.521404,,29390500,,
0,2,,0.169237,0.33957,0.491194,,28971200,,
0,2,,0.103288,0.306042,0.590671,,32244800,,
0,2,,0.128407,0.257739,0.613854,,29378700,,
0,2,,0.077501,0.218813,0.703686,,29484100,,
0,2,,0.148764,0.174228,0.677008,,29423900,,
0,2,,0.157904,0.222166,0.619929,,30475500,,
0,2,,0.134271,0.185407,0.680322,,30391000,,
0,2,,0.090349,0.300647,0.609004,,29344000,,
0,2,,0.087587,0.355516,0.556897,,32647100,,
0,2,,0.104035,0.174152,0.721813,,31573300,,
0,2,,0.138359,0.305458,0.556183,,32319900,,
0,2,,0.112377,0.32812,0.559504,,31515900,,
0,2,,0.133419,0.242328,0.624254,,30894100,,
0,2,,0.140661,0.236473,0.622866,,32132000,,
0,2,,0.097499,0.355913,0.546588,,30755400,,
0,2,,0.087712,0.34196,0.570329,,30555400,,
0,2,,0.217518,0.21564,0.566841,,31896700,,
0,2,,0.089312,0.255594,0.655094,,32599900,,
0,2,,0.115436,0.355148,0.529416,,30683600,,
0,2,,0.085584,0.390724,0.523691,,33763800,,
0,2,,0.119314,0.255712,0.624975,,33707600,,
0,2,,0.112486,0.243025,0.644489,,31381300,,
0,2,,0.12102,0.253127,0.625853,,29670700,,
0,2,,0.100116,0.195174,0.70471,,30745600,,
0,2,,0.126461,0.346808,0.526731,,33107400,,
0,2,,0.097017,0.260862,0.642121,,34427700,,
0,2,,0.125095,0.285299,0.589607,,33459000,,
0,2,,0.146685,0.249709,0.603606,,29979000,,
0,2,,0.180953,0.270439,0.548608,,30096300,,
0,2,,0.163213,0.25466,0.582127,,29695300,,
0,2,,0.144165,0.238374,0.617462,,30796800,,
0,2,,0.115074,0.194541,0.690386,,31523700,,
0,2,,0.161677,0.235306,0.603017,,30337300,,
0,2,,0.14928,0.263407,0.587312,,31268300,,
0,2,,0.103803,0.303589,0.592608,,28980000,,
0,2,,0.148294,0.241857,0.60985,,28195400,,
0,2,,0.09245,0.409874,0.497676,,29591400,,
0,2,,0.160899,0.258173,0.580928,,31334900,,
0,2,,0.117263,0.155705,0.727033,,28465600,,
0,2,,0.174904,0.331744,0.493352,,29238400,,
0,2,,0.07777,0.288757,0.633474,,29796900,,
0,2,,0.180353,0.19384,0.625807,,30323200,,
0,2,,0.11682,0.258183,0.624997,,28820100,,
0,2,,0.169956,0.341651,0.488393,,28503500,,
0,2,,0.159557,0.266975,0.573468,,29384900,,
0,2,,0.12018,0.181212,0.698608,,37714800,,
0,2,,0.109901,0.334821,0.555279,,37134400,,
0,2,,0.114961,0.208891,0.676149,,30210800,,
0,2,,0.095737,0.217786,0.686477,,31520100,,
0,2,,0.113346,0.172082,0.714572,,33825900,,
0,2,,0.142029,0.356507,0.501464,,31133900,,
0,2,,0.13,0.310652,0.559348,,33291500,,
0,2,,0.133272,0.287004,0.579725,,34278800,,
0,2,,0.146389,0.290679,0.562932,,33601800,,
0,2,,0.139451,0.343676,0.516874,,31476000,,
0,2,,0.10413,0.227723,0.668147,,31952300,,
0,2,,0.113823,0.223417,0.662759,,38534600,,
0,2,,0.138264,0.302045,0.559691,,35270300,,
0,1,,0.161914,0.422429,0.415657,,37451300,,
0,2,,0.126324,0.205408,0.668268,,34546900,,
0,2,,0.091925,0.247649,0.660426,,32790900,,
0,2,,0.119231,0.25709,0.623679,,31858400,,
0,2,,0.13457,0.268902,0.596528,,37062900,,
0,2,,0.099172,0.246398,0.65443,,32305100,,
0,2,,0.135614,0.169382,0.695004,,32146100,,
0,2,,0.175163,0.25232,0.572517,,34710200,,
0,2,,0.097356,0.374211,0.528432,,32981200,,
0,2,,0.159015,0.158985,0.682,,30658000,,
0,2,,0.135069,0.19304,0.671891,,31322600,,
0,2,,0.114879,0.208968,0.676153,,31281200,,
0,2,,0.105942,0.173533,0.720525,,29897900,,
0,2,,0.169368,0.27631,0.554323,,31510100,,
0,2,,0.084567,0.331461,0.583972,,30582600,,
0,2,,0.153266,0.37041,0.476324,,31610300,,
0,2,,0.132737,0.219361,0.647902,,33563300,,
0,2,,0.151922,0.294445,0.553634,,32532200,,
0,2,,0.078115,0.195289,0.726595,,34073400,,
0,2,,0.127759,0.238142,0.634099,,32441300,,
0,2,,0.106526,0.317337,0.576137,,33515200,,
0,2,,0.108006,0.430473,0.46152,,32944500,,
0,2,,0.225113,0.218073,0.556815,,31987600,,
0,2,,0.139156,0.20345,0.657394,,33416700,,
0,2,,0.167209,0.351453,0.481338,,33604200,,
0,2,,0.12661,0.279917,0.593473,,33321300,,
0,2,,0.119848,0.215463,0.664689,,32701100,,
0,2,,0.117284,0.210429,0.672287,,32975000,,
0,2,,0.118167,0.2998,0.582033,,31296900,,
0,2,,0.097594,0.212749,0.689657,,35351000,,
0,2,,0.169262,0.249155,0.581583,,41317400,,
0,2,,0.078206,0.325248,0.596546,,40713300,,
0,2,,0.107816,0.444527,0.447656,,42540500,,
0,2,,0.077979,0.351343,0.570678,,42191300,,
0,2,,0.087983,0.31804,0.593978,,45284600,,
0,2,,0.088112,0.112635,0.799252,,41356700,,
0,2,,0.107577,0.258271,0.634152,,37312200,,
0,2,,0.144858,0.201679,0.653463,,37369200,,
0,2,,0.194837,0.219736,0.585427,,39656500,,
0,2,,0.169919,0.274547,0.555533,,39397800,,
0,2,,0.146051,0.214589,0.63936,,38112100,,
0,2,,0.179894,0.324338,0.495768,,38378700,,
0,2,,0.14436,0.257177,0.598462,,37833900,,
0,2,,0.09721,0.301065,0.601725,,36401900,,
0,2,,0.096986,0.191508,0.711506,,39304100,,
0,2,,0.120426,0.186113,0.693462,,39498100,,
0,2,,0.145416,0.22423,0.630354,,39906400,,
0,2,,0.157642,0.291653,0.550705,,39499300,,
0,2,,0.135414,0.295599,0.568986,,37189100,,
0,2,,0.139913,0.335415,0.524672,,32364800,,
0,2,,0.112065,0.116367,0.771568,,29764100,,
0,2,,0.152532,0.307439,0.540029,,32947700,,
0,2,,0.163821,0.235309,0.600869,,34955700,,
0,2,,0.192896,0.341176,0.465928,,35403800,,
0,2,,0.152686,0.307951,0.539363,,30974900,,
0,2,,0.122828,0.368167,0.509005,,31604800,,
0,2,,0.179535,0.171186,0.649279,,31557800,,
0,2,,0.082799,0.284087,0.633115,,43415000,,
0,2,,0.094511,0.361689,0.5438,,43103400,,
0,2,,0.081994,0.386444,0.531562,,33322600,,
0,2,,0.130929,0.211196,0.657875,,35281400,,
0,2,,0.091185,0.352258,0.556557,,31953600,,
0,2,,0.126635,0.338724,0.534641,,30917500,,
0,2,,0.113815,0.193647,0.692538,,29834700,,
0,1,,0.134254,0.457368,0.408378,,30078000,,
0,2,,0.084838,0.391504,0.523658,,29378700,,
0,2,,0.180621,0.226815,0.592564,,29657500,,
0,2,,0.161245,0.300741,0.538013,,29816800,,
0,1,,0.118941,0.447284,0.433774,,29967000,,
0,2,,0.093279,0.242559,0.664162,,29337100,,
0,2,,0.25849,0.206579,0.534932,,34060500,,
0,2,,0.080613,0.239433,0.679954,,34730200,,
0,2,,0.151366,0.201127,0.647507,,33079400,,
0,2,,0.103453,0.321199,0.575348,,31702100,,
0,2,,0.205459,0.202785,0.591756,,34252300,,
0,2,,0.146665,0.242716,0.610619,,37812000,,
0,2,,0.070078,0.416044,0.513878,,38939800,,
0,2,,0.130703,0.237828,0.631469,,40722800,,
0,2,,0.108221,0.208496,0.683284,,40464000,,
0,2,,0.099595,0.180468,0.719937,,49082400,,
0,2,,0.159058,0.223238,0.617704,,43155500,,
0,2,,0.083685,0.204222,0.712092,,42116800,,
0,2,,0.114542,0.351787,0.533671,,40638800,,
0,2,,0.110466,0.383283,0.50625,,36326800,,
0,2,,0.055463,0.254766,0.689771,,41251300,,
0,2,,0.11079,0.325804,0.563406,,47592500,,
0,2,,0.153125,0.213995,0.63288,,41777100,,
0,2,,0.127346,0.260119,0.612535,,39102000,,
0,2,,0.084795,0.307709,0.607496,,35673100,,
0,2,,0.089643,0.366012,0.544345,,36536700,,
0,2,,0.168927,0.361257,0.469816,,41947900,,
0,2,,0.108407,0.265566,0.626027,,39030900,,
0,2,,0.20455,0.21995,0.575501,,37979300,,
0,2,,0.161546,0.298798,0.539656,,36905800,,
0,2,,0.151446,0.204931,0.643623,,38373400,,
0,2,,0.183017,0.303002,0.513981,,33841100,,
0,2,,0.135331,0.289897,0.574772,,35680900,,
0,2,,0.099757,0.176812,0.723431,,32465400,,
0,2,,0.130168,0.31814,0.551692,,32153000,,
0,2,,0.143457,0.224162,0.632381,,30589100,,
0,2,,0.120716,0.320199,0.559084,,29348100,,
0,2,,0.083107,0.32661,0.590283,,28879400,,
0,1,,0.152233,0.44277,0.404998,,29461200,,
0,2,,0.168535,0.253335,0.578131,,29726900,,
0,2,,0.115322,0.352845,0.531833,,30321800,,
0,2,,0.079035,0.353994,0.566971,,28662400,,
0,2,,0.091986,0.230121,0.677893,,46894500,,
0,1,,0.068107,0.478476,0.453418,,37482500,,
0,2,,0.17558,0.228817,0.595603,,39571700,,
0,2,,0.13293,0.232193,0.634877,,34485200,,
0,2,,0.12649,0.244769,0.628741,,34152200,,
0,2,,0.106093,0.335451,0.558456,,32842100,,
0,2,,0.206858,0.349702,0.44344,,32383200,,
0,2,,0.160399,0.262008,0.577593,,33137800,,
0,2,,0.130543,0.287894,0.581563,,38924200,,
0,2,,0.121275,0.206098,0.672627,,34770300,,
0,2,,0.09051,0.168663,0.740827,,31458400,,
0,2,,0.103268,0.281339,0.615393,,55661500,,
0,2,,0.111381,0.294068,0.594551,,46697300,,
0,2,,0.168183,0.259009,0.572808,,48396200,,
0,2,,0.147378,0.324479,0.528143,,37890000,,
0,2,,0.249053,0.33927,0.411677,,46960900,,
0,2,,0.108305,0.269553,0.622142,,42451100,,
0,2,,0.118584,0.314069,0.567346,,44762700,,
0,2,,0.118678,0.188923,0.692399,,43259600,,
0,2,,0.104635,0.317405,0.57796,,42448700,,
0,2,,0.127973,0.205408,0.666619,,71622400,,
0,2,,0.130128,0.349394,0.520478,,54985200,,
0,2,,0.105981,0.248735,0.645284,,44682900,,
0,2,,0.130865,0.287737,0.581398,,34672300,,
0,2,,0.097856,0.213202,0.688942,,34917600,,
0,2,,0.148718,0.285121,0.566161,,32870700,,
0,2,,0.076015,0.199012,0.724973,,31433500,,
0,2,,0.113853,0.181438,0.704709,,33629400,,
0,2,,0.172374,0.277906,0.54972,,32409400,,
0,2,,0.130984,0.359657,0.509359,,33412200,,
0,2,,0.111709,0.251314,0.636977,,45358500,,
0,2,,0.133352,0.257263,0.609384,,38170700,,
0,2,,0.129802,0.28552,0.584678,,39578700,,
0,2,,0.088228,0.319881,0.591891,,40082600,,
0,2,,0.115272,0.328719,0.55601,,38634800,,
0,2,,0.122265,0.239309,0.638426,,37992300,,
0,2,,0.110697,0.222664,0.666639,,38444500,,
0,2,,0.181288,0.308712,0.510001,,38831200,,
0,2,,0.135892,0.367996,0.496112,,43885500,,
0,2,,0.099222,0.250005,0.650772,,32111300,,
0,2,,0.114335,0.240454,0.645212,,31614500,,
0,2,,0.080167,0.363725,0.556108,,29856500,,
0,2,,0.115398,0.199731,0.68487,,30290100,,
0,2,,0.135187,0.283818,0.580995,,31303600,,
