connect-4,CWE,test,0,NANOSECONDS,PREDICTIONS, Generated by ClassifierExperiments.java on 2022-05-15 21:41:18.    SYSTEMPROPERTIES:{user.name:matth,os.arch:amd64,os.name:Windows 10},ENDSYSTEMPROPERTIES
No parameter info
0.6957519242155121,23301681700,411221230800,-1,681675864,3,,-1,-1
0,2,,0.132525,0.274718,0.592757,,34856700,,
0,2,,0.20963,0.346117,0.444253,,29108500,,
0,2,,0.061574,0.273396,0.66503,,27966700,,
0,2,,0.082538,0.249497,0.667965,,30192600,,
0,2,,0.171874,0.322914,0.505212,,29018800,,
0,2,,0.16105,0.315389,0.523561,,31110000,,
0,2,,0.149054,0.184352,0.666595,,27114400,,
0,2,,0.17772,0.39115,0.43113,,27126500,,
0,2,,0.164788,0.211548,0.623663,,28116600,,
0,2,,0.129522,0.131426,0.739051,,27120400,,
0,2,,0.095797,0.353335,0.550868,,30312300,,
0,2,,0.191727,0.225541,0.582732,,26027700,,
0,2,,0.138683,0.293261,0.568056,,26287500,,
0,2,,0.238958,0.280486,0.480556,,28658300,,
0,2,,0.127307,0.250489,0.622204,,31936100,,
0,2,,0.17283,0.279641,0.547529,,33376500,,
0,2,,0.180853,0.311276,0.507871,,32047700,,
0,2,,0.106994,0.310694,0.582312,,32072100,,
0,2,,0.132501,0.22756,0.639939,,31183600,,
0,2,,0.091631,0.269996,0.638374,,31315000,,
0,2,,0.083285,0.165882,0.750833,,27094900,,
0,2,,0.140244,0.196285,0.663471,,26224900,,
0,2,,0.111842,0.296713,0.591445,,31633900,,
0,2,,0.114085,0.182284,0.70363,,33175500,,
0,2,,0.129926,0.2492,0.620873,,26570200,,
0,2,,0.124666,0.174786,0.700548,,26749100,,
0,2,,0.116106,0.27807,0.605823,,26549500,,
0,2,,0.165224,0.207861,0.626916,,30047000,,
0,2,,0.126773,0.231323,0.641904,,27041000,,
0,2,,0.157227,0.27923,0.563543,,27568800,,
0,2,,0.153941,0.264939,0.581119,,26399300,,
0,2,,0.094924,0.34549,0.559585,,26916300,,
0,2,,0.202368,0.207794,0.589838,,27491000,,
0,2,,0.120362,0.193294,0.686344,,26567200,,
0,2,,0.106751,0.183651,0.709598,,26815800,,
0,2,,0.073694,0.366573,0.559733,,26747000,,
0,2,,0.128105,0.398395,0.4735,,27129700,,
0,2,,0.097443,0.222499,0.680059,,26529000,,
0,2,,0.116692,0.220071,0.663237,,27790600,,
0,2,,0.130944,0.291881,0.577175,,26176900,,
0,2,,0.149119,0.279825,0.571056,,26433400,,
0,2,,0.133795,0.239935,0.62627,,29984000,,
0,2,,0.116093,0.150772,0.733135,,27747500,,
0,2,,0.171468,0.283988,0.544543,,28730700,,
0,2,,0.145982,0.267948,0.58607,,28105800,,
0,2,,0.131998,0.234141,0.633861,,29725000,,
0,2,,0.132975,0.200099,0.666926,,31381800,,
0,2,,0.147976,0.278331,0.573693,,30537100,,
0,2,,0.138565,0.235675,0.62576,,34018300,,
0,2,,0.124789,0.362519,0.512692,,33554500,,
0,2,,0.102998,0.276272,0.62073,,32713600,,
0,2,,0.144413,0.289784,0.565803,,31844000,,
0,2,,0.125165,0.269519,0.605315,,28276000,,
0,2,,0.147813,0.216555,0.635631,,27344000,,
0,2,,0.115019,0.249351,0.63563,,27425500,,
0,2,,0.106478,0.196841,0.696681,,28406000,,
0,2,,0.083556,0.210433,0.706011,,28805900,,
0,2,,0.091082,0.385061,0.523858,,28303000,,
0,2,,0.2058,0.205988,0.588212,,31010300,,
0,2,,0.145626,0.261566,0.592807,,28664700,,
0,2,,0.068754,0.185355,0.745891,,28846900,,
0,2,,0.168179,0.24836,0.583462,,29807800,,
0,2,,0.105085,0.26037,0.634545,,28005000,,
0,2,,0.142641,0.254001,0.603357,,28039000,,
0,2,,0.14563,0.23121,0.62316,,28022300,,
0,2,,0.114994,0.222224,0.662781,,28407900,,
0,2,,0.182349,0.261937,0.555713,,28240400,,
0,2,,0.089053,0.305158,0.605789,,28696900,,
0,2,,0.067381,0.343214,0.589405,,27866300,,
0,2,,0.217384,0.234857,0.54776,,28617900,,
0,2,,0.214735,0.25993,0.525335,,27658500,,
0,2,,0.126263,0.261588,0.612149,,27695500,,
0,2,,0.187463,0.214192,0.598345,,28755100,,
0,2,,0.183915,0.291076,0.525009,,28362100,,
0,2,,0.135247,0.38276,0.481993,,28839100,,
0,2,,0.13571,0.282616,0.581674,,28702000,,
0,2,,0.093066,0.27522,0.631713,,29101700,,
0,2,,0.168753,0.340839,0.490408,,29640600,,
0,2,,0.158499,0.233301,0.6082,,28102200,,
0,2,,0.115471,0.289465,0.595064,,27733500,,
0,2,,0.116981,0.345279,0.53774,,28860600,,
0,2,,0.115152,0.27982,0.605028,,27658500,,
0,2,,0.184475,0.231915,0.58361,,28292300,,
0,2,,0.175119,0.205653,0.619229,,28655800,,
0,2,,0.102819,0.261714,0.635467,,29063900,,
0,2,,0.102754,0.294181,0.603066,,28515800,,
0,2,,0.174113,0.126861,0.699026,,28774300,,
0,2,,0.179346,0.250465,0.57019,,28390100,,
0,2,,0.157897,0.198507,0.643596,,27938000,,
0,2,,0.12636,0.248679,0.624962,,27750400,,
0,2,,0.155226,0.284095,0.560679,,28218600,,
0,2,,0.089331,0.327685,0.582985,,28178200,,
0,2,,0.145091,0.241401,0.613508,,30010300,,
0,2,,0.152593,0.256809,0.590599,,27799300,,
0,2,,0.130542,0.239025,0.630433,,27408400,,
0,2,,0.080373,0.432505,0.487122,,28470000,,
0,2,,0.088617,0.325144,0.586238,,27977300,,
0,2,,0.054743,0.266114,0.679143,,28517700,,
0,2,,0.12208,0.271925,0.605995,,29024300,,
0,2,,0.156298,0.21271,0.630991,,28388800,,
0,2,,0.09958,0.23463,0.66579,,27515500,,
0,2,,0.104274,0.266138,0.629587,,28815500,,
0,2,,0.167906,0.217964,0.61413,,29152800,,
0,2,,0.138107,0.187525,0.674368,,28092400,,
0,2,,0.065615,0.328315,0.606071,,28386300,,
0,2,,0.132658,0.33033,0.537012,,28752800,,
0,2,,0.104795,0.335777,0.559428,,28897300,,
0,2,,0.104426,0.171217,0.724357,,30792500,,
0,2,,0.088495,0.385753,0.525752,,30014900,,
0,2,,0.147187,0.191089,0.661724,,28976100,,
0,2,,0.100997,0.263663,0.63534,,30699800,,
0,2,,0.14483,0.274329,0.580841,,28920300,,
0,2,,0.097068,0.201803,0.70113,,30473100,,
0,2,,0.1304,0.220829,0.648771,,28133500,,
0,2,,0.066523,0.18457,0.748907,,28266400,,
0,2,,0.136053,0.279444,0.584503,,29472100,,
0,2,,0.093504,0.238836,0.66766,,27960700,,
0,2,,0.165112,0.249091,0.585797,,28723400,,
0,2,,0.122218,0.382042,0.49574,,31320700,,
0,2,,0.170062,0.273433,0.556505,,35054400,,
0,2,,0.128153,0.252984,0.618863,,36353400,,
0,2,,0.123698,0.309936,0.566367,,38735100,,
0,2,,0.115382,0.207424,0.677194,,35613500,,
0,2,,0.193904,0.219814,0.586282,,39860600,,
0,2,,0.09409,0.226456,0.679453,,34522400,,
0,2,,0.106267,0.165673,0.728061,,37250600,,
0,2,,0.163295,0.287376,0.549329,,33137100,,
0,2,,0.132392,0.260269,0.607338,,30844300,,
0,2,,0.113669,0.27605,0.610281,,29473600,,
0,2,,0.124,0.348299,0.527701,,28770200,,
0,2,,0.167914,0.237093,0.594993,,28187700,,
0,2,,0.2161,0.324968,0.458932,,28838700,,
0,2,,0.108873,0.312715,0.578412,,29073500,,
0,2,,0.136599,0.180329,0.683072,,28255700,,
0,2,,0.106342,0.301587,0.592071,,28514000,,
0,2,,0.120942,0.312045,0.567013,,29643500,,
0,2,,0.150381,0.330328,0.519291,,28491400,,
0,2,,0.165733,0.256526,0.577741,,27445600,,
0,2,,0.089129,0.341367,0.569504,,27278900,,
0,2,,0.127103,0.231395,0.641502,,28148500,,
0,2,,0.103608,0.267665,0.628728,,30254700,,
0,2,,0.068698,0.284596,0.646706,,27736400,,
0,2,,0.096598,0.436018,0.467384,,30390600,,
0,2,,0.169735,0.367099,0.463166,,27812600,,
0,2,,0.140139,0.207688,0.652173,,27345100,,
0,2,,0.140262,0.154025,0.705712,,29605900,,
0,2,,0.128201,0.211535,0.660264,,31121600,,
0,2,,0.090805,0.258512,0.650683,,37370000,,
0,2,,0.105915,0.296571,0.597515,,35612500,,
0,2,,0.07906,0.244568,0.676371,,37033000,,
0,2,,0.079155,0.197299,0.723546,,114210100,,
0,2,,0.188439,0.224612,0.586949,,81554200,,
0,2,,0.126849,0.24074,0.632412,,72658200,,
0,2,,0.094427,0.24722,0.658354,,51974200,,
0,2,,0.193347,0.28937,0.517283,,50489300,,
0,2,,0.196297,0.305108,0.498595,,49704300,,
0,2,,0.180676,0.306891,0.512433,,42805600,,
0,2,,0.113121,0.278756,0.608123,,41111900,,
0,2,,0.114308,0.174315,0.711377,,35816500,,
0,2,,0.100885,0.395192,0.503923,,36374000,,
0,2,,0.102299,0.353483,0.544218,,37568000,,
0,2,,0.043858,0.290347,0.665795,,39042700,,
0,2,,0.127292,0.211309,0.661399,,40649900,,
0,2,,0.10343,0.154612,0.741958,,76228700,,
0,2,,0.151149,0.237497,0.611355,,71806400,,
0,2,,0.122875,0.284137,0.592988,,45612300,,
0,2,,0.101655,0.262312,0.636033,,33319200,,
0,2,,0.175466,0.19183,0.632704,,35349600,,
0,2,,0.121837,0.280914,0.597249,,32167200,,
0,2,,0.093086,0.314486,0.592428,,36090200,,
0,2,,0.124209,0.275046,0.600745,,38299500,,
0,2,,0.065676,0.334415,0.599908,,35580700,,
0,2,,0.094321,0.209555,0.696124,,36043600,,
0,2,,0.135477,0.190995,0.673528,,36614200,,
0,2,,0.073699,0.250693,0.675608,,37548700,,
0,2,,0.147879,0.299016,0.553104,,47263100,,
0,2,,0.094893,0.331783,0.573324,,38476800,,
0,2,,0.094431,0.403561,0.502009,,45705400,,
0,2,,0.063871,0.394443,0.541687,,41724100,,
0,2,,0.156472,0.17033,0.673199,,29477900,,
0,2,,0.113347,0.26287,0.623783,,28939300,,
0,2,,0.10064,0.24152,0.657839,,26807500,,
0,2,,0.148279,0.331198,0.520522,,30544900,,
0,2,,0.124858,0.218301,0.656841,,27301200,,
0,2,,0.067009,0.408442,0.524548,,27547700,,
0,2,,0.085192,0.283552,0.631256,,27456900,,
0,2,,0.117131,0.299077,0.583791,,26855200,,
0,2,,0.100447,0.297071,0.602482,,27286200,,
0,2,,0.09766,0.316478,0.585862,,26871000,,
0,2,,0.159174,0.245686,0.59514,,27016800,,
0,2,,0.124632,0.374907,0.50046,,29322300,,
0,2,,0.075119,0.22857,0.696311,,38156900,,
0,2,,0.132121,0.295128,0.572751,,38153900,,
0,2,,0.110736,0.217078,0.672186,,38284800,,
0,2,,0.108858,0.235777,0.655365,,43525900,,
0,2,,0.124563,0.216293,0.659144,,41537200,,
0,2,,0.103496,0.215176,0.681328,,38246100,,
0,2,,0.142531,0.263243,0.594226,,38233000,,
0,2,,0.154003,0.288001,0.557997,,31068000,,
0,2,,0.150579,0.282697,0.566724,,26705200,,
0,2,,0.076319,0.270222,0.653459,,27072600,,
0,2,,0.158795,0.244778,0.596427,,25872200,,
0,2,,0.111465,0.248379,0.640156,,27506200,,
0,2,,0.123153,0.342798,0.534049,,27343600,,
0,2,,0.129553,0.223267,0.64718,,28438400,,
0,2,,0.106159,0.237218,0.656623,,27666300,,
0,2,,0.107821,0.20765,0.684529,,26996400,,
0,2,,0.074245,0.329661,0.596095,,27948700,,
0,2,,0.16277,0.259888,0.577342,,27386100,,
0,2,,0.133033,0.278968,0.587999,,27687800,,
0,2,,0.125437,0.241116,0.633447,,31721200,,
0,2,,0.180515,0.262515,0.55697,,34105100,,
0,2,,0.11429,0.265552,0.620158,,33325000,,
0,2,,0.090881,0.182474,0.726645,,32168100,,
0,2,,0.147238,0.314118,0.538644,,31696600,,
0,2,,0.112752,0.41322,0.474028,,28796100,,
0,2,,0.147758,0.218079,0.634162,,30050900,,
0,2,,0.152307,0.296831,0.550862,,35480100,,
0,2,,0.230445,0.226077,0.543478,,37952400,,
0,2,,0.109756,0.261388,0.628857,,36935100,,
0,2,,0.126761,0.267927,0.605312,,37906100,,
0,2,,0.148672,0.252471,0.598857,,37784200,,
0,2,,0.089756,0.148714,0.76153,,37939700,,
0,2,,0.069278,0.245159,0.685563,,36596500,,
0,2,,0.180959,0.209976,0.609066,,37298300,,
0,2,,0.077491,0.196077,0.726432,,34240000,,
0,2,,0.066356,0.332286,0.601358,,32130000,,
0,2,,0.187636,0.197997,0.614366,,39365000,,
0,2,,0.11876,0.239918,0.641322,,31540100,,
0,2,,0.115607,0.357546,0.526847,,30827000,,
0,2,,0.160231,0.334782,0.504987,,28565400,,
0,2,,0.166431,0.370135,0.463434,,26790000,,
0,2,,0.079257,0.229386,0.691357,,27932100,,
0,2,,0.105325,0.240368,0.654308,,33174400,,
0,1,,0.169149,0.432967,0.397884,,35075300,,
0,2,,0.218897,0.311824,0.469279,,31497900,,
0,2,,0.235507,0.196822,0.567672,,32073300,,
0,2,,0.234905,0.222927,0.542169,,30344000,,
0,2,,0.129381,0.2146,0.656019,,28341500,,
0,2,,0.077056,0.208945,0.713999,,27831600,,
0,2,,0.087485,0.193813,0.718702,,28837600,,
0,2,,0.14739,0.16516,0.68745,,26318200,,
0,2,,0.166086,0.334879,0.499034,,27114400,,
0,2,,0.153952,0.287692,0.558356,,28199500,,
0,2,,0.132267,0.239026,0.628707,,26765800,,
0,2,,0.108778,0.171959,0.719263,,27080300,,
0,2,,0.126385,0.269533,0.604082,,28456600,,
0,2,,0.110061,0.218213,0.671726,,31589500,,
0,2,,0.109508,0.383613,0.506879,,31954400,,
0,2,,0.05473,0.354123,0.591147,,30940900,,
0,2,,0.171985,0.260539,0.567476,,31243300,,
0,2,,0.140367,0.234917,0.624715,,31334200,,
0,2,,0.115923,0.333049,0.551028,,29399700,,
0,2,,0.119734,0.31487,0.565397,,31734800,,
0,2,,0.097385,0.194691,0.707924,,33761600,,
0,2,,0.122874,0.25279,0.624336,,33359500,,
0,2,,0.112414,0.240661,0.646925,,35867200,,
0,2,,0.139259,0.268759,0.591981,,33503300,,
0,2,,0.100697,0.279437,0.619866,,31313700,,
0,2,,0.154937,0.31436,0.530703,,30314300,,
0,2,,0.115749,0.377131,0.50712,,29667600,,
0,2,,0.156728,0.261473,0.581799,,28233300,,
0,2,,0.144903,0.277461,0.577636,,29604600,,
0,2,,0.120519,0.379685,0.499796,,29268000,,
0,2,,0.174393,0.252638,0.572969,,30113800,,
0,2,,0.158999,0.403858,0.437144,,30139700,,
0,2,,0.184776,0.31327,0.501953,,29270600,,
0,2,,0.15056,0.244466,0.604974,,29250400,,
0,2,,0.169492,0.220945,0.609563,,29457200,,
0,2,,0.103437,0.238255,0.658308,,27093300,,
0,2,,0.092081,0.285141,0.622777,,29098700,,
0,2,,0.26442,0.245816,0.489763,,27759500,,
0,1,,0.106641,0.492413,0.400946,,28495200,,
0,2,,0.115268,0.208317,0.676415,,26962100,,
0,2,,0.187403,0.328997,0.4836,,26650200,,
0,2,,0.114182,0.352868,0.53295,,26750300,,
0,2,,0.145115,0.353904,0.500981,,27680700,,
0,2,,0.091361,0.272755,0.635885,,27534600,,
0,2,,0.135764,0.290174,0.574062,,26862100,,
0,2,,0.216016,0.234765,0.549219,,27064300,,
0,2,,0.094037,0.36412,0.541842,,26959500,,
0,2,,0.149836,0.266413,0.583751,,26804300,,
0,2,,0.084896,0.257966,0.657138,,28347400,,
0,2,,0.105532,0.195377,0.699091,,27153200,,
0,2,,0.236407,0.188651,0.574942,,26656600,,
0,2,,0.121781,0.251257,0.626962,,28127300,,
0,2,,0.138053,0.254944,0.607003,,27594900,,
0,2,,0.159539,0.371837,0.468624,,27523200,,
0,2,,0.118914,0.305431,0.575656,,26113700,,
0,2,,0.135626,0.225713,0.638661,,26206400,,
0,2,,0.187736,0.22945,0.582814,,26615200,,
0,2,,0.154576,0.322482,0.522941,,26692900,,
0,2,,0.12997,0.34061,0.52942,,30130600,,
0,2,,0.121193,0.338473,0.540334,,27818100,,
0,2,,0.15552,0.192465,0.652014,,27530200,,
0,2,,0.12675,0.264258,0.608991,,26936800,,
0,2,,0.10546,0.256007,0.638533,,28560000,,
0,2,,0.205442,0.216979,0.577579,,27910100,,
0,2,,0.241079,0.243007,0.515914,,27545000,,
0,2,,0.141472,0.239245,0.619283,,26869800,,
0,2,,0.097279,0.281676,0.621045,,27178200,,
0,2,,0.113456,0.308622,0.577922,,26745500,,
0,2,,0.162744,0.224019,0.613237,,27612400,,
0,2,,0.075633,0.435881,0.488486,,27797800,,
0,2,,0.131362,0.297479,0.571159,,26883300,,
0,2,,0.123809,0.339207,0.536985,,27325000,,
0,2,,0.086997,0.344766,0.568238,,26874900,,
0,2,,0.149347,0.258417,0.592235,,29653500,,
0,2,,0.10637,0.206345,0.687285,,28675300,,
0,2,,0.079894,0.301865,0.618241,,26845200,,
0,2,,0.116032,0.353546,0.530422,,27129400,,
0,2,,0.122774,0.182223,0.695003,,27183800,,
0,2,,0.294772,0.237618,0.467609,,26899400,,
0,2,,0.17017,0.341754,0.488076,,28557600,,
0,2,,0.174267,0.24346,0.582273,,26754900,,
0,2,,0.156411,0.269321,0.574268,,27474000,,
0,2,,0.193955,0.299569,0.506476,,27002200,,
0,2,,0.14132,0.338343,0.520337,,27087700,,
0,2,,0.153052,0.349093,0.497855,,27496200,,
0,2,,0.097621,0.256659,0.645721,,26252600,,
0,2,,0.091066,0.199489,0.709445,,26861900,,
0,2,,0.08298,0.32193,0.59509,,28262900,,
0,2,,0.098159,0.449591,0.45225,,27736100,,
0,2,,0.21403,0.23581,0.55016,,29669300,,
0,2,,0.11781,0.2552,0.62699,,29737600,,
0,2,,0.11456,0.195856,0.689584,,28678100,,
0,2,,0.08573,0.221132,0.693138,,28611900,,
0,2,,0.135606,0.311002,0.553392,,28701800,,
0,2,,0.137514,0.251654,0.610832,,29851900,,
0,2,,0.169621,0.294817,0.535562,,28699100,,
0,2,,0.266879,0.169991,0.56313,,28347700,,
0,2,,0.095077,0.315363,0.58956,,28214600,,
0,2,,0.07826,0.143559,0.778181,,27452300,,
0,2,,0.078263,0.294554,0.627183,,28296600,,
0,2,,0.084182,0.264262,0.651556,,29563700,,
0,2,,0.136153,0.273112,0.590735,,28962800,,
0,2,,0.073957,0.234631,0.691411,,31540600,,
0,2,,0.159696,0.305433,0.534872,,29174300,,
0,2,,0.119705,0.164763,0.715532,,28630500,,
0,2,,0.095805,0.242854,0.661341,,26761600,,
0,2,,0.181344,0.235545,0.583111,,26810000,,
0,2,,0.126489,0.250385,0.623126,,26703800,,
0,2,,0.120527,0.224065,0.655409,,26605700,,
0,2,,0.165701,0.273341,0.560958,,29992000,,
0,2,,0.120467,0.198144,0.68139,,27649600,,
0,2,,0.159712,0.315742,0.524546,,26859600,,
0,2,,0.085015,0.322047,0.592938,,26644500,,
0,2,,0.120468,0.378065,0.501467,,26876400,,
0,2,,0.22253,0.24727,0.530199,,27522100,,
0,2,,0.142006,0.259617,0.598377,,27454600,,
0,2,,0.160848,0.272685,0.566467,,26839500,,
0,2,,0.179656,0.154928,0.665416,,26976900,,
0,2,,0.159881,0.271938,0.568181,,26691700,,
0,2,,0.073501,0.290472,0.636027,,27085800,,
0,2,,0.213947,0.350942,0.435111,,27735600,,
0,2,,0.066578,0.377279,0.556143,,26814200,,
0,2,,0.176521,0.234195,0.589284,,26798000,,
0,2,,0.146716,0.258483,0.594801,,26871600,,
0,2,,0.181533,0.138012,0.680454,,26924700,,
0,2,,0.164483,0.348505,0.487012,,28304500,,
0,2,,0.071781,0.229687,0.698532,,26923100,,
0,2,,0.117824,0.180891,0.701285,,26791200,,
0,2,,0.170842,0.273298,0.55586,,26704900,,
0,2,,0.170283,0.243765,0.585952,,26578200,,
0,2,,0.085414,0.209529,0.705057,,27914100,,
0,2,,0.156169,0.313772,0.530059,,27654300,,
0,2,,0.16907,0.23487,0.596059,,27962400,,
0,2,,0.112344,0.275994,0.611662,,27109600,,
0,2,,0.122461,0.32245,0.555089,,30005600,,
0,2,,0.141387,0.201292,0.657322,,28282300,,
0,2,,0.122129,0.194834,0.683037,,27494600,,
0,2,,0.165173,0.255045,0.579782,,26837600,,
0,2,,0.061321,0.351882,0.586797,,26875300,,
0,2,,0.131485,0.353969,0.514546,,26678800,,
0,2,,0.094389,0.320691,0.584921,,27353100,,
0,2,,0.122624,0.278412,0.598964,,27316500,,
0,2,,0.146482,0.252261,0.601257,,26895600,,
0,2,,0.069912,0.354426,0.575662,,27049800,,
0,2,,0.149223,0.308058,0.542719,,26525700,,
0,2,,0.164718,0.319706,0.515576,,27500000,,
0,2,,0.097249,0.234862,0.667889,,30714500,,
0,2,,0.156311,0.213543,0.630145,,26936000,,
0,2,,0.153267,0.324815,0.521918,,26546600,,
0,2,,0.100624,0.310182,0.589194,,27194400,,
0,2,,0.140084,0.206546,0.65337,,27293200,,
0,2,,0.092193,0.346687,0.561119,,27905800,,
0,2,,0.179141,0.225216,0.595643,,26988000,,
0,2,,0.136494,0.225865,0.63764,,27136500,,
0,2,,0.143187,0.291334,0.56548,,28096500,,
0,2,,0.138632,0.172954,0.688413,,27744600,,
0,2,,0.089287,0.268204,0.642509,,33406600,,
0,2,,0.130668,0.263032,0.6063,,34624300,,
0,2,,0.114017,0.299034,0.586949,,34662400,,
0,2,,0.125691,0.431746,0.442563,,36635300,,
0,2,,0.097918,0.18293,0.719151,,37843900,,
0,2,,0.133165,0.37948,0.487355,,36653200,,
0,2,,0.121502,0.270263,0.608235,,35660200,,
0,2,,0.162597,0.250298,0.587105,,31882100,,
0,2,,0.119389,0.195264,0.685347,,31466700,,
0,2,,0.183604,0.173808,0.642588,,27299200,,
0,2,,0.111802,0.274977,0.613221,,27215500,,
0,2,,0.071514,0.284117,0.644369,,26654300,,
0,2,,0.089023,0.344254,0.566723,,27535400,,
0,2,,0.104065,0.187879,0.708056,,26885500,,
0,2,,0.103731,0.251784,0.644485,,29048300,,
0,2,,0.141498,0.199011,0.659491,,30779100,,
0,2,,0.108564,0.322443,0.568993,,31713400,,
0,2,,0.116633,0.209997,0.67337,,31755700,,
0,2,,0.083435,0.196927,0.719637,,32607100,,
0,2,,0.085249,0.308761,0.60599,,31289400,,
0,2,,0.128768,0.387803,0.483429,,30843100,,
0,2,,0.142338,0.315207,0.542454,,29395600,,
0,2,,0.182544,0.333103,0.484354,,31238400,,
0,2,,0.258226,0.198374,0.5434,,29799000,,
0,2,,0.139786,0.239031,0.621183,,30604800,,
0,2,,0.178811,0.250857,0.570332,,27684000,,
0,2,,0.107345,0.247123,0.645532,,27248700,,
0,2,,0.110796,0.334303,0.554901,,28029500,,
0,2,,0.116025,0.301497,0.582478,,27874800,,
0,2,,0.1198,0.280151,0.60005,,26914700,,
0,2,,0.214825,0.318683,0.466492,,27059500,,
0,2,,0.069884,0.253028,0.677088,,26876700,,
0,2,,0.154544,0.183134,0.662322,,27928800,,
0,2,,0.160993,0.282504,0.556502,,28119000,,
0,2,,0.095268,0.229873,0.674859,,26843500,,
0,2,,0.082762,0.292156,0.625083,,27711300,,
0,2,,0.233285,0.130009,0.636706,,27074000,,
0,2,,0.196933,0.212181,0.590886,,29137400,,
0,2,,0.136572,0.260639,0.602789,,29504000,,
0,2,,0.107661,0.218109,0.67423,,31530700,,
0,2,,0.079952,0.231113,0.688935,,28834900,,
0,2,,0.088159,0.180672,0.731168,,28599000,,
0,2,,0.116611,0.263459,0.619929,,29302300,,
0,2,,0.136574,0.291779,0.571647,,34137000,,
0,2,,0.113789,0.260371,0.625839,,34695300,,
0,2,,0.077915,0.20261,0.719475,,35947100,,
0,2,,0.150994,0.313366,0.53564,,37878600,,
0,2,,0.08395,0.21264,0.703411,,38979300,,
0,2,,0.158393,0.235317,0.60629,,38523100,,
0,2,,0.077917,0.334417,0.587666,,38372900,,
0,2,,0.089053,0.276442,0.634504,,38578100,,
0,2,,0.128591,0.171061,0.700348,,36590500,,
0,2,,0.133189,0.193621,0.673189,,31114100,,
0,2,,0.133948,0.277883,0.588169,,27188000,,
0,2,,0.113957,0.318467,0.567576,,27099300,,
0,2,,0.126763,0.374213,0.499024,,27722100,,
0,2,,0.072409,0.225092,0.702498,,27334700,,
0,2,,0.262371,0.227335,0.510294,,26512400,,
0,2,,0.164816,0.322057,0.513127,,25923500,,
0,2,,0.092306,0.206352,0.701342,,26381200,,
0,2,,0.111325,0.360153,0.528522,,26907600,,
0,2,,0.173024,0.205395,0.621581,,28265300,,
0,1,,0.176226,0.479893,0.343881,,26642100,,
0,2,,0.148608,0.290204,0.561188,,26992200,,
0,2,,0.13386,0.354045,0.512094,,26641500,,
0,2,,0.097988,0.438986,0.463026,,26610000,,
0,2,,0.140279,0.357316,0.502405,,28147700,,
0,2,,0.144624,0.379639,0.475737,,26818800,,
0,2,,0.091054,0.225202,0.683745,,27061400,,
0,2,,0.167488,0.254691,0.57782,,26862900,,
0,2,,0.088323,0.164952,0.746725,,26782600,,
0,2,,0.168209,0.336921,0.49487,,27512300,,
0,2,,0.117244,0.262617,0.620139,,27724400,,
0,2,,0.124296,0.22989,0.645814,,27190500,,
0,2,,0.045851,0.251292,0.702857,,26847400,,
0,2,,0.13868,0.204742,0.656577,,26885800,,
0,2,,0.123845,0.421024,0.455132,,28091400,,
0,2,,0.120937,0.30655,0.572512,,31430100,,
0,2,,0.104579,0.258076,0.637345,,28316300,,
0,2,,0.070577,0.27626,0.653163,,28889000,,
0,2,,0.113051,0.288179,0.59877,,29084100,,
0,2,,0.115054,0.350657,0.534288,,28670100,,
0,2,,0.176738,0.306164,0.517099,,28893200,,
0,2,,0.110043,0.20387,0.686087,,29336600,,
0,2,,0.138742,0.338492,0.522766,,29137800,,
0,2,,0.092908,0.200049,0.707043,,29621100,,
0,2,,0.07621,0.320555,0.603235,,30655400,,
0,2,,0.143435,0.162716,0.69385,,30652600,,
0,2,,0.191062,0.236884,0.572054,,30052500,,
0,2,,0.12892,0.182334,0.688746,,29209800,,
0,2,,0.144126,0.243608,0.612265,,28358700,,
0,2,,0.193537,0.333297,0.473165,,29268600,,
0,2,,0.130595,0.28712,0.582285,,29093500,,
0,2,,0.110035,0.233978,0.655986,,29260700,,
0,2,,0.157531,0.273981,0.568489,,28317300,,
0,2,,0.130435,0.228881,0.640685,,28855300,,
0,2,,0.316427,0.286856,0.396717,,29055600,,
0,2,,0.162915,0.189574,0.647511,,29006200,,
0,2,,0.133967,0.339795,0.526239,,29082300,,
0,2,,0.157391,0.376807,0.465802,,28551000,,
0,2,,0.096265,0.432763,0.470971,,28453700,,
0,2,,0.141891,0.32045,0.537659,,29223400,,
0,2,,0.151813,0.234324,0.613864,,28389500,,
0,2,,0.069156,0.257619,0.673225,,28984900,,
0,2,,0.115565,0.239941,0.644494,,29571800,,
0,2,,0.106419,0.265876,0.627704,,30460400,,
0,2,,0.176618,0.191675,0.631706,,32055700,,
0,2,,0.094271,0.180299,0.72543,,31575100,,
0,2,,0.148235,0.213565,0.638201,,32708700,,
0,2,,0.130942,0.320705,0.548352,,33248400,,
0,2,,0.094096,0.197074,0.70883,,35502300,,
0,2,,0.049915,0.312562,0.637522,,33447600,,
0,2,,0.096391,0.362362,0.541246,,31593400,,
0,2,,0.130134,0.256185,0.613681,,29552900,,
0,2,,0.152388,0.253012,0.5946,,29091100,,
0,2,,0.201343,0.326569,0.472088,,28798700,,
0,2,,0.137572,0.22389,0.638538,,28942800,,
0,2,,0.09118,0.204259,0.704561,,28695200,,
0,2,,0.192184,0.221623,0.586192,,29983500,,
0,2,,0.144233,0.233271,0.622496,,29440200,,
0,2,,0.127875,0.287331,0.584795,,28494500,,
0,2,,0.109587,0.255918,0.634495,,27840500,,
0,2,,0.076713,0.370295,0.552992,,49408000,,
0,2,,0.134933,0.316604,0.548463,,44883000,,
0,2,,0.173748,0.326308,0.499944,,36742900,,
0,2,,0.095154,0.200235,0.704611,,36296000,,
0,2,,0.13932,0.300091,0.560589,,34960600,,
0,2,,0.184922,0.280672,0.534405,,29940800,,
0,2,,0.153906,0.231147,0.614946,,28054600,,
0,2,,0.154743,0.328525,0.516732,,35847500,,
0,2,,0.130917,0.349937,0.519146,,34600200,,
0,2,,0.140088,0.242417,0.617495,,40136300,,
0,2,,0.13231,0.186209,0.681481,,34742100,,
0,2,,0.100864,0.158385,0.740751,,28359800,,
0,2,,0.154587,0.241177,0.604236,,27794200,,
0,2,,0.087744,0.273724,0.638532,,33184300,,
0,2,,0.086837,0.236588,0.676575,,30909700,,
0,2,,0.128359,0.241302,0.630339,,29276400,,
0,2,,0.119071,0.2325,0.64843,,28943900,,
0,2,,0.094268,0.331396,0.574336,,27847000,,
0,2,,0.10633,0.274869,0.618801,,27491200,,
0,2,,0.119958,0.16966,0.710382,,35121300,,
0,2,,0.109313,0.23395,0.656738,,27766900,,
0,2,,0.174321,0.293789,0.53189,,27478700,,
0,2,,0.124935,0.252437,0.622628,,26809200,,
0,2,,0.14744,0.316292,0.536268,,26666500,,
0,2,,0.117746,0.24866,0.633594,,27784200,,
0,2,,0.116639,0.188617,0.694744,,28177100,,
0,2,,0.179234,0.284544,0.536222,,26932900,,
0,2,,0.161926,0.274638,0.563436,,27916800,,
0,2,,0.11697,0.309235,0.573796,,29936600,,
0,2,,0.119278,0.285884,0.594838,,30829900,,
0,2,,0.112536,0.215657,0.671808,,29673800,,
0,2,,0.156801,0.334711,0.508488,,26901000,,
0,2,,0.093687,0.201797,0.704516,,26910200,,
0,2,,0.145659,0.283875,0.570466,,26660800,,
0,2,,0.170591,0.231766,0.597643,,28979200,,
0,2,,0.129334,0.251431,0.619235,,34273800,,
0,2,,0.163359,0.280944,0.555697,,34463600,,
0,2,,0.119184,0.176213,0.704603,,40966900,,
0,2,,0.19076,0.227384,0.581857,,60378900,,
0,2,,0.228539,0.262297,0.509164,,48808900,,
0,2,,0.070729,0.30707,0.622202,,37271000,,
0,2,,0.10729,0.290466,0.602244,,34230500,,
0,2,,0.092731,0.278037,0.629233,,28716300,,
0,2,,0.126287,0.230821,0.642892,,29937900,,
0,2,,0.126366,0.253121,0.620513,,28130100,,
0,2,,0.133282,0.229095,0.637624,,28968600,,
0,2,,0.113806,0.2626,0.623594,,33463700,,
0,2,,0.085316,0.326462,0.588222,,33976000,,
0,2,,0.076731,0.225442,0.697827,,35151700,,
0,2,,0.147593,0.292905,0.559502,,36844400,,
0,2,,0.137739,0.339883,0.522378,,38334100,,
0,2,,0.214282,0.317306,0.468412,,33621800,,
0,2,,0.126131,0.273964,0.599905,,30120100,,
0,2,,0.176053,0.237263,0.586684,,26830200,,
0,2,,0.103553,0.28505,0.611396,,27824900,,
0,1,,0.190791,0.414908,0.394301,,29223600,,
0,2,,0.210745,0.241408,0.547847,,28325300,,
0,2,,0.128785,0.188227,0.682989,,30735800,,
0,2,,0.162499,0.256897,0.580604,,33629300,,
0,2,,0.161468,0.306592,0.53194,,35514900,,
0,2,,0.104594,0.238715,0.65669,,35415300,,
0,2,,0.173059,0.273362,0.553579,,35174600,,
0,2,,0.130359,0.331802,0.537839,,35574200,,
0,2,,0.080049,0.257058,0.662893,,36245200,,
0,2,,0.108614,0.22793,0.663456,,34518600,,
0,2,,0.198789,0.197862,0.603349,,33456000,,
0,2,,0.167325,0.325972,0.506703,,33419800,,
0,2,,0.155141,0.336242,0.508617,,32451300,,
0,2,,0.105772,0.218961,0.675267,,32233900,,
0,2,,0.141166,0.304836,0.553998,,30810000,,
0,2,,0.100311,0.303673,0.596017,,27948100,,
0,2,,0.096321,0.177843,0.725835,,27424100,,
0,2,,0.150078,0.354376,0.495546,,31446500,,
0,2,,0.108939,0.292082,0.598978,,37979500,,
0,2,,0.187945,0.287467,0.524587,,44170600,,
0,2,,0.171751,0.238892,0.589358,,48117000,,
0,2,,0.101073,0.353884,0.545043,,45543600,,
0,2,,0.141567,0.260446,0.597986,,36244700,,
0,2,,0.068121,0.3936,0.538279,,30898600,,
0,2,,0.166535,0.220888,0.612578,,27713600,,
0,2,,0.112973,0.298152,0.588875,,31523900,,
0,2,,0.173349,0.387217,0.439434,,31008000,,
0,2,,0.124107,0.305518,0.570375,,28295100,,
0,2,,0.138617,0.268494,0.592888,,27196200,,
0,2,,0.125833,0.285693,0.588474,,28761500,,
0,2,,0.157302,0.265708,0.576989,,27270400,,
0,2,,0.05767,0.194696,0.747634,,28461800,,
0,2,,0.182589,0.206999,0.610412,,27921300,,
0,2,,0.205462,0.137988,0.65655,,29757000,,
0,2,,0.29129,0.202535,0.506175,,30185700,,
0,2,,0.170638,0.281227,0.548134,,30564800,,
0,2,,0.067096,0.266307,0.666597,,28512500,,
0,2,,0.118541,0.396203,0.485256,,28808900,,
0,2,,0.111751,0.183372,0.704877,,28291800,,
0,2,,0.109054,0.192007,0.698939,,33998800,,
0,2,,0.122606,0.21214,0.665254,,40197800,,
0,2,,0.166215,0.250588,0.583198,,39626700,,
0,2,,0.153847,0.349322,0.496831,,34342800,,
0,2,,0.113407,0.171017,0.715577,,35112400,,
0,2,,0.207574,0.233173,0.559253,,29202900,,
0,2,,0.121414,0.190074,0.688511,,28156400,,
0,2,,0.134312,0.237878,0.62781,,28003700,,
0,2,,0.16694,0.228724,0.604335,,28070000,,
0,2,,0.166731,0.309831,0.523437,,28130700,,
0,2,,0.180391,0.298013,0.521596,,28081300,,
0,2,,0.183061,0.253405,0.563534,,27818300,,
0,2,,0.188305,0.18223,0.629465,,29052400,,
0,2,,0.127181,0.200364,0.672454,,28104600,,
0,2,,0.188182,0.333409,0.478409,,28663100,,
0,2,,0.089729,0.269988,0.640283,,28178100,,
0,2,,0.078882,0.378909,0.542209,,28052800,,
0,2,,0.107802,0.189269,0.702929,,28621000,,
0,2,,0.09988,0.219379,0.680741,,27705100,,
0,2,,0.176386,0.169443,0.654171,,29308300,,
0,2,,0.114844,0.275873,0.609282,,27537800,,
0,2,,0.074716,0.275254,0.650029,,27511300,,
0,2,,0.08055,0.273836,0.645614,,27519900,,
0,2,,0.099762,0.348309,0.551928,,27157700,,
0,2,,0.151762,0.327409,0.520829,,27750700,,
0,2,,0.101038,0.335457,0.563504,,27706900,,
0,2,,0.081359,0.259845,0.658796,,27771600,,
0,2,,0.103388,0.231019,0.665593,,27598900,,
0,2,,0.139866,0.308572,0.551562,,29706000,,
0,2,,0.129922,0.296518,0.57356,,29586400,,
0,2,,0.047458,0.261216,0.691326,,27586700,,
0,2,,0.195866,0.310399,0.493736,,27790900,,
0,2,,0.096894,0.203268,0.699839,,28261300,,
0,2,,0.115989,0.277783,0.606228,,27980300,,
0,2,,0.140707,0.31511,0.544183,,28953400,,
0,2,,0.124646,0.18688,0.688474,,28615700,,
0,2,,0.107186,0.168865,0.723949,,28266000,,
0,2,,0.127529,0.275891,0.596579,,28483000,,
0,2,,0.080494,0.341464,0.578042,,28324000,,
0,2,,0.176815,0.305015,0.518171,,28610600,,
0,2,,0.137454,0.329032,0.533514,,31220300,,
0,2,,0.059798,0.380154,0.560048,,28104800,,
0,2,,0.166162,0.277556,0.556282,,28553000,,
0,2,,0.163861,0.217317,0.618823,,28391500,,
0,2,,0.098098,0.26189,0.640012,,31692200,,
0,2,,0.081008,0.350812,0.568179,,26568200,,
0,2,,0.167903,0.209799,0.622298,,26533600,,
0,2,,0.138917,0.20562,0.655463,,27178100,,
0,2,,0.078572,0.307191,0.614237,,27213700,,
0,2,,0.093771,0.22894,0.677289,,27873700,,
0,2,,0.136027,0.238399,0.625574,,27598900,,
0,2,,0.135309,0.283366,0.581325,,26897900,,
0,2,,0.115303,0.194211,0.690486,,27187300,,
0,2,,0.127687,0.374503,0.49781,,26862000,,
0,2,,0.146649,0.311204,0.542147,,28349300,,
0,2,,0.139386,0.240499,0.620115,,29169600,,
0,2,,0.167965,0.26961,0.562425,,26468500,,
0,2,,0.090414,0.292327,0.61726,,27344000,,
0,2,,0.125523,0.364997,0.50948,,27276300,,
0,2,,0.13406,0.219524,0.646416,,27433100,,
0,2,,0.084904,0.344831,0.570265,,28475500,,
0,2,,0.122229,0.222652,0.655119,,27081100,,
0,2,,0.236472,0.218135,0.545394,,27109000,,
0,2,,0.126194,0.32192,0.551886,,27091900,,
0,2,,0.225519,0.376735,0.397745,,30607100,,
0,2,,0.148578,0.355152,0.49627,,27420700,,
0,2,,0.073382,0.288164,0.638454,,28406700,,
0,2,,0.075566,0.249727,0.674707,,27192200,,
0,2,,0.131457,0.177494,0.691049,,27161700,,
0,2,,0.090255,0.311377,0.598369,,27308000,,
0,2,,0.144593,0.164694,0.690713,,28314300,,
0,2,,0.055089,0.352182,0.592729,,27209600,,
0,2,,0.106067,0.265602,0.628331,,26882300,,
0,2,,0.17873,0.265226,0.556044,,27157000,,
0,2,,0.11715,0.230843,0.652007,,27110500,,
0,2,,0.078994,0.20683,0.714176,,27594900,,
0,2,,0.136281,0.323643,0.540076,,28490300,,
0,2,,0.170604,0.238914,0.590482,,28653600,,
0,2,,0.188792,0.364555,0.446653,,26799600,,
0,2,,0.141684,0.345865,0.512451,,27681300,,
0,2,,0.080923,0.198129,0.720948,,27770700,,
0,2,,0.147629,0.175959,0.676412,,28125200,,
0,2,,0.172012,0.223582,0.604405,,27080000,,
0,2,,0.214255,0.331257,0.454488,,27201500,,
0,2,,0.136313,0.225405,0.638283,,27142800,,
0,2,,0.135462,0.215787,0.648751,,26925700,,
0,2,,0.124569,0.360217,0.515214,,28331700,,
0,2,,0.097793,0.279325,0.622881,,27025100,,
0,2,,0.058536,0.310646,0.630817,,27086200,,
0,2,,0.055631,0.332113,0.612256,,27053500,,
0,1,,0.167961,0.421953,0.410086,,27007600,,
0,2,,0.084936,0.333036,0.582029,,29204200,,
0,2,,0.110895,0.185821,0.703284,,26614400,,
0,2,,0.209977,0.329276,0.460747,,27515400,,
0,2,,0.13589,0.325248,0.538862,,27336100,,
0,2,,0.080877,0.179358,0.739765,,27285700,,
0,2,,0.125264,0.207582,0.667154,,29321600,,
0,2,,0.171,0.288511,0.540489,,27181000,,
0,2,,0.136495,0.230941,0.632564,,26906800,,
0,2,,0.113107,0.272152,0.614741,,27069900,,
0,2,,0.14052,0.228384,0.631095,,27417600,,
0,2,,0.149892,0.207135,0.642973,,28070200,,
0,2,,0.124719,0.30305,0.572232,,27725100,,
0,2,,0.141647,0.338612,0.519741,,27028700,,
0,2,,0.063237,0.254351,0.682412,,26111300,,
0,2,,0.112338,0.366815,0.520848,,26526200,,
0,2,,0.11154,0.288046,0.600414,,27355300,,
0,2,,0.116706,0.226454,0.65684,,27817800,,
0,2,,0.183036,0.270607,0.546357,,27440100,,
0,2,,0.138696,0.250916,0.610388,,28772800,,
0,2,,0.066209,0.294656,0.639135,,27210800,,
0,2,,0.125026,0.312098,0.562876,,27156900,,
0,2,,0.116592,0.298452,0.584956,,28224100,,
0,2,,0.122906,0.200603,0.676491,,27166100,,
0,2,,0.085218,0.366738,0.548044,,26392300,,
0,2,,0.131453,0.227621,0.640926,,26685000,,
0,2,,0.102737,0.275876,0.621387,,26534100,,
0,2,,0.204586,0.209751,0.585662,,27534200,,
0,2,,0.239023,0.287618,0.473359,,27002100,,
0,2,,0.144708,0.287318,0.567974,,26985000,,
0,2,,0.116444,0.214157,0.669399,,26795900,,
0,2,,0.096888,0.305663,0.597449,,26774400,,
0,2,,0.149811,0.258203,0.591986,,27463900,,
0,2,,0.149969,0.304535,0.545496,,27576900,,
0,2,,0.132073,0.247296,0.620631,,26772300,,
0,2,,0.184379,0.219003,0.596618,,26923500,,
0,2,,0.114753,0.216449,0.668797,,26636700,,
0,2,,0.166433,0.252462,0.581105,,26875800,,
0,2,,0.166165,0.252982,0.580853,,28941900,,
0,2,,0.175444,0.271745,0.552811,,27689200,,
0,2,,0.101689,0.322902,0.575409,,27245300,,
0,2,,0.149731,0.237425,0.612844,,26875500,,
0,2,,0.145133,0.161672,0.693195,,27026700,,
0,2,,0.090185,0.335462,0.574353,,28452700,,
0,2,,0.188041,0.304479,0.50748,,26843000,,
0,2,,0.054575,0.35082,0.594605,,26772700,,
0,2,,0.095631,0.342996,0.561373,,27009400,,
0,2,,0.12889,0.325057,0.546053,,27604100,,
0,2,,0.129628,0.38201,0.488362,,27979400,,
0,2,,0.199048,0.204477,0.596475,,26955600,,
0,2,,0.114966,0.197533,0.687501,,26882500,,
0,2,,0.13652,0.284364,0.579116,,26648500,,
0,2,,0.074008,0.197484,0.728508,,26984500,,
0,2,,0.115826,0.309575,0.574599,,27685300,,
0,2,,0.115929,0.246415,0.637656,,28221500,,
0,2,,0.094025,0.38154,0.524435,,26835300,,
0,2,,0.103947,0.339767,0.556285,,27055300,,
0,2,,0.1847,0.270205,0.545095,,27450800,,
0,2,,0.111946,0.215466,0.672588,,28530600,,
0,2,,0.101033,0.147267,0.751699,,28362300,,
0,2,,0.097242,0.277655,0.625103,,27267000,,
0,2,,0.111613,0.300362,0.588025,,27922800,,
0,2,,0.159445,0.36342,0.477134,,26112700,,
0,2,,0.086178,0.342039,0.571783,,26921800,,
0,2,,0.127555,0.20039,0.672055,,29820300,,
0,2,,0.160196,0.276549,0.563255,,27130500,,
0,2,,0.092252,0.303889,0.603859,,29060300,,
0,2,,0.172318,0.217553,0.610129,,31522700,,
0,2,,0.135161,0.214763,0.650076,,31637700,,
0,2,,0.144111,0.280569,0.57532,,34698200,,
0,2,,0.116926,0.240906,0.642168,,37412000,,
0,2,,0.166688,0.21501,0.618303,,39097500,,
0,2,,0.045405,0.354517,0.600078,,40392200,,
0,2,,0.092507,0.259437,0.648056,,39584600,,
0,2,,0.12199,0.209826,0.668185,,38432500,,
0,2,,0.127324,0.25251,0.620166,,38705700,,
0,2,,0.183641,0.350398,0.465961,,37684100,,
0,2,,0.106206,0.382553,0.51124,,41620600,,
0,2,,0.10699,0.278462,0.614548,,42776000,,
0,2,,0.038998,0.22442,0.736582,,36195300,,
0,2,,0.168999,0.216695,0.614307,,29219400,,
0,1,,0.095737,0.485428,0.418834,,28732000,,
0,2,,0.119969,0.23376,0.646272,,28692300,,
0,2,,0.116895,0.194212,0.688893,,28267700,,
0,2,,0.143503,0.255337,0.60116,,28866000,,
0,2,,0.110283,0.249998,0.639719,,29867500,,
0,2,,0.110323,0.2098,0.679877,,28415600,,
0,2,,0.190779,0.324203,0.485018,,28382400,,
0,2,,0.274887,0.349313,0.3758,,28255700,,
0,2,,0.088362,0.266615,0.645022,,28433700,,
0,2,,0.140738,0.339821,0.519441,,29797300,,
0,2,,0.108841,0.199371,0.691788,,28477600,,
0,2,,0.114172,0.187802,0.698026,,28783000,,
0,2,,0.088144,0.319339,0.592518,,29552200,,
0,2,,0.109959,0.309288,0.580753,,30098500,,
0,2,,0.146258,0.236424,0.617318,,29716800,,
0,2,,0.081648,0.341759,0.576594,,28655700,,
0,2,,0.087853,0.298448,0.613699,,28496200,,
0,2,,0.113657,0.282139,0.604204,,29038800,,
0,2,,0.107591,0.204164,0.688245,,29732000,,
0,2,,0.106938,0.254578,0.638484,,29293500,,
0,2,,0.105564,0.278159,0.616277,,28973200,,
0,2,,0.158389,0.301085,0.540526,,28226500,,
0,2,,0.135245,0.300677,0.564078,,28138400,,
0,2,,0.101351,0.315149,0.5835,,29694600,,
0,2,,0.162996,0.310497,0.526507,,28266300,,
0,2,,0.142287,0.255369,0.602344,,28528200,,
0,2,,0.108196,0.266335,0.625468,,28093500,,
0,2,,0.10814,0.242207,0.649654,,28246700,,
0,2,,0.120224,0.236926,0.64285,,30382700,,
0,2,,0.088485,0.330948,0.580568,,28283300,,
0,2,,0.098621,0.218064,0.683315,,28291900,,
0,2,,0.152431,0.294073,0.553497,,27383900,,
0,2,,0.100267,0.226644,0.673089,,27485700,,
0,2,,0.103453,0.322759,0.573789,,29178800,,
0,2,,0.095811,0.227851,0.676338,,28293200,,
0,2,,0.108128,0.236629,0.655243,,28119100,,
0,2,,0.224017,0.285285,0.490698,,28011000,,
0,2,,0.04717,0.361811,0.59102,,27377300,,
0,2,,0.113452,0.323896,0.562653,,28614700,,
0,2,,0.17583,0.324031,0.500139,,28022100,,
0,2,,0.108388,0.217172,0.674439,,27965300,,
0,2,,0.166049,0.280044,0.553907,,27599300,,
0,2,,0.154183,0.291099,0.554717,,27828100,,
0,2,,0.12122,0.237648,0.641132,,28346200,,
0,2,,0.277045,0.239485,0.48347,,28016000,,
0,2,,0.171679,0.301296,0.527025,,28375000,,
0,2,,0.166099,0.33688,0.497022,,27599100,,
0,2,,0.111951,0.389136,0.498914,,27778100,,
0,2,,0.138873,0.293913,0.567215,,28784000,,
0,2,,0.168507,0.258649,0.572845,,27974300,,
0,2,,0.087863,0.224632,0.687505,,28013600,,
0,2,,0.117331,0.251304,0.631365,,27608500,,
0,2,,0.203982,0.282035,0.513983,,28727800,,
0,2,,0.118105,0.254564,0.627331,,28413700,,
0,2,,0.098479,0.287009,0.614512,,27927800,,
0,2,,0.104588,0.260118,0.635294,,28078700,,
0,2,,0.164511,0.230658,0.604831,,28198400,,
0,2,,0.190375,0.258978,0.550647,,27874100,,
0,2,,0.103976,0.240483,0.655541,,28524800,,
0,2,,0.097941,0.253174,0.648885,,27714300,,
0,2,,0.196278,0.276214,0.527508,,28381700,,
0,2,,0.127661,0.30247,0.56987,,27091600,,
0,2,,0.115478,0.291087,0.593436,,27344900,,
0,2,,0.102267,0.200375,0.697358,,27618600,,
0,2,,0.136266,0.293252,0.570482,,27764600,,
0,2,,0.071361,0.441416,0.487223,,28043300,,
0,2,,0.089063,0.274117,0.636819,,27418100,,
0,2,,0.121561,0.299367,0.579072,,27340500,,
0,2,,0.081239,0.297031,0.62173,,29263700,,
0,2,,0.111816,0.169943,0.71824,,31187300,,
0,2,,0.135847,0.291967,0.572186,,28331800,,
0,2,,0.12918,0.225073,0.645747,,28200400,,
0,2,,0.157863,0.330822,0.511315,,28145300,,
0,2,,0.218305,0.292952,0.488743,,28471000,,
0,2,,0.160829,0.295308,0.543864,,28376700,,
0,2,,0.130816,0.404108,0.465077,,28234600,,
0,2,,0.1236,0.23456,0.641841,,28429800,,
0,2,,0.159334,0.350872,0.489794,,28172300,,
0,2,,0.109229,0.235226,0.655545,,28222200,,
0,2,,0.098657,0.253122,0.648221,,28967400,,
0,2,,0.109183,0.173988,0.716829,,28559100,,
0,1,,0.192085,0.404521,0.403395,,28133200,,
0,2,,0.110843,0.232858,0.656299,,28467500,,
0,2,,0.164248,0.349905,0.485847,,28920500,,
0,2,,0.087554,0.19123,0.721215,,27651500,,
0,2,,0.039185,0.260487,0.700327,,28611600,,
0,2,,0.143608,0.22487,0.631521,,28605700,,
0,2,,0.193904,0.228468,0.577629,,28071600,,
0,2,,0.105705,0.257618,0.636677,,28611500,,
0,2,,0.100085,0.208758,0.691156,,27910500,,
0,2,,0.133938,0.223214,0.642847,,28254600,,
0,2,,0.166456,0.243478,0.590066,,28386700,,
0,2,,0.125268,0.265578,0.609154,,28324600,,
0,2,,0.10981,0.388638,0.501552,,28480100,,
0,2,,0.136421,0.321974,0.541606,,28961400,,
0,2,,0.214624,0.223926,0.56145,,27871800,,
0,2,,0.129974,0.317575,0.55245,,27521500,,
0,2,,0.152092,0.297782,0.550126,,27512900,,
0,2,,0.110485,0.253706,0.635809,,28051800,,
0,2,,0.046238,0.360316,0.593446,,27956900,,
0,2,,0.119453,0.324557,0.55599,,27520000,,
0,2,,0.091124,0.302272,0.606604,,27796500,,
0,2,,0.159744,0.319337,0.520919,,27525500,,
0,2,,0.122204,0.319216,0.55858,,27631100,,
0,2,,0.122606,0.192364,0.68503,,27768800,,
0,2,,0.113722,0.236447,0.649831,,30214800,,
0,2,,0.101959,0.276213,0.621828,,44701700,,
0,2,,0.171841,0.183939,0.644219,,36710600,,
0,2,,0.218942,0.232121,0.548936,,33263700,,
0,2,,0.194841,0.258766,0.546393,,41965600,,
0,2,,0.089082,0.212022,0.698896,,32343800,,
0,2,,0.152517,0.233373,0.61411,,31377600,,
0,2,,0.146921,0.283105,0.569974,,31579700,,
0,2,,0.043981,0.246559,0.70946,,28284000,,
0,2,,0.084947,0.259369,0.655683,,27714800,,
0,2,,0.10331,0.197083,0.699607,,27846500,,
0,2,,0.108178,0.186986,0.704836,,27635400,,
0,2,,0.089787,0.340215,0.569998,,28691400,,
0,2,,0.123634,0.379999,0.496366,,31474500,,
0,2,,0.134784,0.295435,0.569782,,34135800,,
0,2,,0.122056,0.197436,0.680509,,41073400,,
0,2,,0.235036,0.277647,0.487316,,40536800,,
0,2,,0.159893,0.289741,0.550365,,41061000,,
0,2,,0.096067,0.295926,0.608008,,38116900,,
0,2,,0.164445,0.305167,0.530388,,37633400,,
0,2,,0.203313,0.227733,0.568954,,33380200,,
0,2,,0.187595,0.265978,0.546427,,27486000,,
0,2,,0.102495,0.277505,0.619999,,27144700,,
0,2,,0.108706,0.198965,0.692329,,27379700,,
0,2,,0.109695,0.272017,0.618288,,28638300,,
0,2,,0.177445,0.247125,0.57543,,29067700,,
0,2,,0.12393,0.273776,0.602295,,35153200,,
