connect-4,CWE,test,2,NANOSECONDS,PREDICTIONS, Generated by ClassifierExperiments.java on 2022-05-16 20:55:25.    SYSTEMPROPERTIES:{user.name:matth,os.arch:amd64,os.name:Windows 10},ENDSYSTEMPROPERTIES
No parameter info
0.6983422143280047,22152314800,355857381300,-1,671648504,3,,-1,-1
0,2,,0.078329,0.172389,0.749281,,27136100,,
0,2,,0.112911,0.363969,0.52312,,25368100,,
0,2,,0.182576,0.3493,0.468124,,25465800,,
0,2,,0.074079,0.238303,0.687617,,25765200,,
0,2,,0.107182,0.32788,0.564938,,25648400,,
0,2,,0.109485,0.339587,0.550928,,26145600,,
0,2,,0.140403,0.234404,0.625193,,27576100,,
0,2,,0.10024,0.379414,0.520346,,26056700,,
0,2,,0.134279,0.197195,0.668526,,27843900,,
0,2,,0.106536,0.419715,0.473749,,27713800,,
0,2,,0.120004,0.322214,0.557782,,25297100,,
0,2,,0.077845,0.272478,0.649678,,27124400,,
0,2,,0.128189,0.236677,0.635134,,26278000,,
0,2,,0.094343,0.242504,0.663154,,26471700,,
0,2,,0.161692,0.326623,0.511684,,25383100,,
0,2,,0.15501,0.199498,0.645492,,26482900,,
0,2,,0.187954,0.217234,0.594812,,25756400,,
0,2,,0.070097,0.296111,0.633793,,27092400,,
0,2,,0.137133,0.344006,0.518861,,26827600,,
0,2,,0.102827,0.285591,0.611582,,25892200,,
0,2,,0.211477,0.377835,0.410688,,26856000,,
0,2,,0.100594,0.172487,0.726919,,26018200,,
0,2,,0.119395,0.194312,0.686293,,27488900,,
0,2,,0.050044,0.296941,0.653015,,26288100,,
0,2,,0.138854,0.179904,0.681243,,26667400,,
0,2,,0.142302,0.23746,0.620238,,25459900,,
0,2,,0.079117,0.407152,0.513731,,26507400,,
0,2,,0.189215,0.318801,0.491984,,26261400,,
0,2,,0.202719,0.327346,0.469935,,26656600,,
0,2,,0.15403,0.346665,0.499305,,26412500,,
0,2,,0.161112,0.223292,0.615596,,26480100,,
0,2,,0.106781,0.252985,0.640234,,26527000,,
0,2,,0.129655,0.251079,0.619266,,25498900,,
0,2,,0.196363,0.235014,0.568623,,26475000,,
0,2,,0.263909,0.26083,0.475261,,24874200,,
0,2,,0.144169,0.296569,0.559263,,26002700,,
0,2,,0.094445,0.271225,0.63433,,25246500,,
0,2,,0.144798,0.179212,0.67599,,25875700,,
0,2,,0.137648,0.260553,0.601799,,26213800,,
0,2,,0.182754,0.253983,0.563263,,25950200,,
0,2,,0.213546,0.261566,0.524888,,25563700,,
0,2,,0.111851,0.275622,0.612527,,26074200,,
0,2,,0.139757,0.353066,0.507177,,25533100,,
0,2,,0.151372,0.274447,0.574181,,25661900,,
0,2,,0.140232,0.169169,0.690599,,26046500,,
0,2,,0.087032,0.294859,0.618109,,25297000,,
0,2,,0.157723,0.28941,0.552868,,26162400,,
0,2,,0.143335,0.206141,0.650524,,26024000,,
0,2,,0.188918,0.256732,0.554351,,25860200,,
0,2,,0.113397,0.26335,0.623253,,26136800,,
0,2,,0.12424,0.264026,0.611734,,27246900,,
0,2,,0.111879,0.249835,0.638286,,26824500,,
0,2,,0.114319,0.295427,0.590253,,25796400,,
0,2,,0.140854,0.362234,0.496911,,26254600,,
0,2,,0.065908,0.27451,0.659582,,25955800,,
0,2,,0.129528,0.246659,0.623813,,26806100,,
0,2,,0.173917,0.202394,0.623689,,25219100,,
0,2,,0.21238,0.2538,0.53382,,26656700,,
0,2,,0.180243,0.217075,0.602683,,25531300,,
0,2,,0.12114,0.187416,0.691444,,26298800,,
0,2,,0.104595,0.218802,0.676603,,26381800,,
0,2,,0.125834,0.274176,0.59999,,26646700,,
0,2,,0.085982,0.307194,0.606825,,26435600,,
0,1,,0.23194,0.388494,0.379566,,26125300,,
0,2,,0.164209,0.300625,0.535165,,26365000,,
0,2,,0.157465,0.271362,0.571173,,25999600,,
0,2,,0.172124,0.158575,0.669302,,27469800,,
0,2,,0.117334,0.226245,0.656421,,25505200,,
0,2,,0.140618,0.33972,0.519662,,26760600,,
0,2,,0.144876,0.276215,0.578909,,26123800,,
0,2,,0.186702,0.20161,0.611687,,26340800,,
0,2,,0.151397,0.273373,0.575229,,26832800,,
0,2,,0.197201,0.38531,0.417489,,26259300,,
0,2,,0.154758,0.186492,0.658749,,26271600,,
0,2,,0.099543,0.204733,0.695724,,26029800,,
0,2,,0.072029,0.223617,0.704354,,26586400,,
0,2,,0.073918,0.138285,0.787797,,25769600,,
0,2,,0.112354,0.174888,0.712759,,27378000,,
0,2,,0.138972,0.266205,0.594823,,26311600,,
0,2,,0.098524,0.368664,0.532812,,26341900,,
0,2,,0.087764,0.201055,0.711182,,26542600,,
0,2,,0.141591,0.229658,0.628752,,25968600,,
0,2,,0.167894,0.314044,0.518062,,26915100,,
0,2,,0.149195,0.256523,0.594282,,26214000,,
0,2,,0.164569,0.198995,0.636436,,26904000,,
0,2,,0.113408,0.205092,0.681501,,26616300,,
0,2,,0.188227,0.22136,0.590414,,26558800,,
0,2,,0.176499,0.231904,0.591597,,26039400,,
0,2,,0.061772,0.253342,0.684886,,26131900,,
0,2,,0.073863,0.344747,0.58139,,26350300,,
0,2,,0.194296,0.305638,0.500065,,29268900,,
0,2,,0.104637,0.262639,0.632724,,26539900,,
0,2,,0.148153,0.408701,0.443146,,25974100,,
0,2,,0.145671,0.413537,0.440793,,27429500,,
0,2,,0.088547,0.232846,0.678608,,26383200,,
0,2,,0.075021,0.269626,0.655353,,25758400,,
0,2,,0.124542,0.320151,0.555307,,26331500,,
0,2,,0.113314,0.193977,0.692709,,25617100,,
0,2,,0.155096,0.347313,0.497591,,26989300,,
0,2,,0.10046,0.271396,0.628145,,25924300,,
0,2,,0.12411,0.25277,0.62312,,28344000,,
0,2,,0.263001,0.229705,0.507294,,25477100,,
0,2,,0.099848,0.252091,0.648061,,27571000,,
0,2,,0.121966,0.170712,0.707321,,26850600,,
0,2,,0.097275,0.302759,0.599966,,26671300,,
0,2,,0.179148,0.194604,0.626248,,27852100,,
0,2,,0.134762,0.208265,0.656973,,25756700,,
0,2,,0.130007,0.278544,0.591449,,26468300,,
0,2,,0.102665,0.329997,0.567337,,25609700,,
0,2,,0.078953,0.172167,0.748879,,26859800,,
0,2,,0.115606,0.323896,0.560497,,25108000,,
0,2,,0.167427,0.295245,0.537328,,26139100,,
0,2,,0.164221,0.260979,0.5748,,25988800,,
0,2,,0.096552,0.136901,0.766546,,26268100,,
0,2,,0.129422,0.302324,0.568254,,26993900,,
0,2,,0.135734,0.305255,0.559011,,25726100,,
0,2,,0.126904,0.306749,0.566347,,26320400,,
0,2,,0.14676,0.273836,0.579405,,25786400,,
0,2,,0.205656,0.298802,0.495542,,26643500,,
0,2,,0.111403,0.183242,0.705355,,25403500,,
0,2,,0.097542,0.221405,0.681053,,27363500,,
0,2,,0.158574,0.21144,0.629986,,25924100,,
0,2,,0.140916,0.376046,0.483038,,26919500,,
0,2,,0.216856,0.221353,0.561791,,26522000,,
0,2,,0.109698,0.267112,0.62319,,25998700,,
0,2,,0.161907,0.368296,0.469797,,27494200,,
0,2,,0.111626,0.278495,0.60988,,25481400,,
0,2,,0.180548,0.305807,0.513645,,26746900,,
0,2,,0.067445,0.206004,0.726552,,25648600,,
0,2,,0.090138,0.21732,0.692542,,26559700,,
0,2,,0.150414,0.389836,0.45975,,26646600,,
0,2,,0.137457,0.293467,0.569076,,26782800,,
0,2,,0.080545,0.176456,0.742998,,26349400,,
0,2,,0.101191,0.236986,0.661823,,26073900,,
0,2,,0.128833,0.17946,0.691708,,26507000,,
0,2,,0.100461,0.297716,0.601822,,25695700,,
0,2,,0.120916,0.364637,0.514447,,27047500,,
0,2,,0.09858,0.258896,0.642524,,25963600,,
0,2,,0.156696,0.303489,0.539815,,26529200,,
0,2,,0.170587,0.265253,0.564159,,26388000,,
0,2,,0.103419,0.147755,0.748826,,25951800,,
0,2,,0.110708,0.284393,0.604899,,27103500,,
0,2,,0.230272,0.208007,0.561721,,26513400,,
0,1,,0.211453,0.46582,0.322726,,26528700,,
0,2,,0.187511,0.351737,0.460752,,25667200,,
0,2,,0.186638,0.352049,0.461313,,26690200,,
0,2,,0.153594,0.300431,0.545975,,26569600,,
0,2,,0.182554,0.357455,0.459991,,26903000,,
0,2,,0.081051,0.147963,0.770986,,26696400,,
0,2,,0.071777,0.27597,0.652253,,25820900,,
0,2,,0.118511,0.180956,0.700533,,26826200,,
0,2,,0.139593,0.260363,0.600044,,25623900,,
0,2,,0.125491,0.175695,0.698814,,27572800,,
0,2,,0.11093,0.223028,0.666041,,26069500,,
0,2,,0.120689,0.22222,0.65709,,26171100,,
0,2,,0.13408,0.400967,0.464953,,26333500,,
0,2,,0.15019,0.317618,0.532192,,26215200,,
0,2,,0.120604,0.322836,0.55656,,30187300,,
0,2,,0.133056,0.315509,0.551435,,25545000,,
0,2,,0.122006,0.210742,0.667253,,26482100,,
0,2,,0.09448,0.302241,0.603278,,26619700,,
0,2,,0.179852,0.231682,0.588466,,26209400,,
0,2,,0.134076,0.282896,0.583028,,26699400,,
0,2,,0.107537,0.223631,0.668832,,25842600,,
0,2,,0.168562,0.243678,0.58776,,26334400,,
0,2,,0.073081,0.290043,0.636876,,26239000,,
0,2,,0.117505,0.255451,0.627045,,26362900,,
0,2,,0.159186,0.236045,0.604769,,25532700,,
0,2,,0.109904,0.3116,0.578496,,27506200,,
0,2,,0.133515,0.332656,0.533829,,25947300,,
0,2,,0.234381,0.26467,0.500949,,26459400,,
0,2,,0.085443,0.234072,0.680485,,26430100,,
0,2,,0.15987,0.208112,0.632018,,25847100,,
0,2,,0.147165,0.236985,0.61585,,26874500,,
0,2,,0.106054,0.29059,0.603356,,26707300,,
0,2,,0.156955,0.286191,0.556854,,26572200,,
0,2,,0.215411,0.238058,0.546531,,25714900,,
0,2,,0.175786,0.267126,0.557088,,26568200,,
0,2,,0.171954,0.321244,0.506802,,25721200,,
0,2,,0.142563,0.319791,0.537646,,30775900,,
0,2,,0.103414,0.244242,0.652345,,26632800,,
0,2,,0.168461,0.301868,0.529671,,26103900,,
0,2,,0.097428,0.316608,0.585964,,26736000,,
0,2,,0.10332,0.292555,0.604124,,26137500,,
0,2,,0.098475,0.293922,0.607603,,27459800,,
0,2,,0.080968,0.237815,0.681218,,25741000,,
0,2,,0.128588,0.281718,0.589694,,27000700,,
0,2,,0.155517,0.338601,0.505882,,26066100,,
0,2,,0.122158,0.32467,0.553172,,26586000,,
0,2,,0.229942,0.191677,0.578381,,27179800,,
0,2,,0.179183,0.274114,0.546703,,26525100,,
0,2,,0.099029,0.283759,0.617212,,26269600,,
0,1,,0.142051,0.440846,0.417102,,26108500,,
0,2,,0.075534,0.242737,0.681729,,26544100,,
0,2,,0.108021,0.339585,0.552393,,26287800,,
0,2,,0.13051,0.221477,0.648014,,27429800,,
0,2,,0.118852,0.378178,0.50297,,25819100,,
0,2,,0.185516,0.24831,0.566174,,26597800,,
0,1,,0.173493,0.433968,0.392539,,27032900,,
0,2,,0.076595,0.316772,0.606633,,26998700,,
0,2,,0.103666,0.228791,0.667543,,26737900,,
0,2,,0.183119,0.352497,0.464384,,25733800,,
0,2,,0.160776,0.232724,0.6065,,26000800,,
0,2,,0.131668,0.318755,0.549577,,25637300,,
0,2,,0.115298,0.305972,0.578731,,26631500,,
0,2,,0.146275,0.210321,0.643403,,25739800,,
0,2,,0.145261,0.304561,0.550178,,27556500,,
0,2,,0.199501,0.365784,0.434715,,26154700,,
0,2,,0.184403,0.279265,0.536332,,26383000,,
0,2,,0.113313,0.283842,0.602845,,26603700,,
0,2,,0.177419,0.188817,0.633764,,26196800,,
0,2,,0.109371,0.228126,0.662503,,27374400,,
0,2,,0.1457,0.226576,0.627724,,26030400,,
0,2,,0.107523,0.346277,0.546199,,26718500,,
0,1,,0.168791,0.425638,0.405571,,26109900,,
0,2,,0.075741,0.243234,0.681026,,26605600,,
0,2,,0.090512,0.307699,0.60179,,26434000,,
0,1,,0.176753,0.453955,0.369292,,26887600,,
0,2,,0.120226,0.410027,0.469747,,26148100,,
0,2,,0.15127,0.35522,0.49351,,26244100,,
0,2,,0.158425,0.292553,0.549022,,26705900,,
0,2,,0.117658,0.284681,0.597661,,26451800,,
0,2,,0.141788,0.220008,0.638204,,27213200,,
0,2,,0.108265,0.280189,0.611545,,25726300,,
0,2,,0.128668,0.257506,0.613826,,26796000,,
0,2,,0.110091,0.317638,0.57227,,25923900,,
0,2,,0.079002,0.320864,0.600134,,26596000,,
0,2,,0.150942,0.33675,0.512308,,26990000,,
0,2,,0.118384,0.245849,0.635767,,26329300,,
0,2,,0.135495,0.141551,0.722954,,26641300,,
0,2,,0.143369,0.216245,0.640386,,26109400,,
0,2,,0.176553,0.355459,0.467988,,26530200,,
0,2,,0.102615,0.208386,0.688999,,26028400,,
0,2,,0.177566,0.357945,0.464489,,27174500,,
0,2,,0.107309,0.146237,0.746454,,25883300,,
0,2,,0.194262,0.317093,0.488645,,27029000,,
0,2,,0.127142,0.248051,0.624807,,27146200,,
0,2,,0.15634,0.368382,0.475278,,26042300,,
0,2,,0.113645,0.235911,0.650444,,27224800,,
0,2,,0.098763,0.253517,0.64772,,26273100,,
0,2,,0.108658,0.277148,0.614194,,26154400,,
0,2,,0.128555,0.32553,0.545915,,25192400,,
0,2,,0.15714,0.240485,0.602375,,26691700,,
0,2,,0.090501,0.211182,0.698316,,25578000,,
0,2,,0.206012,0.293422,0.500566,,27524400,,
0,2,,0.108397,0.212921,0.678682,,26311700,,
0,2,,0.133859,0.423472,0.442669,,26219300,,
0,2,,0.081328,0.332051,0.586621,,26409100,,
0,2,,0.172081,0.254235,0.573684,,26206300,,
0,2,,0.130937,0.234919,0.634144,,26691000,,
0,2,,0.121232,0.205339,0.67343,,26297500,,
0,2,,0.111392,0.323773,0.564836,,26667000,,
0,2,,0.12183,0.231733,0.646437,,25780300,,
0,2,,0.193261,0.232288,0.574451,,26425100,,
0,2,,0.127305,0.263253,0.609442,,26617400,,
0,2,,0.077654,0.256116,0.666231,,26752300,,
0,2,,0.184997,0.194112,0.620891,,26644300,,
0,2,,0.166792,0.280836,0.552372,,26061100,,
0,2,,0.152544,0.231396,0.61606,,26375700,,
0,2,,0.105079,0.303837,0.591084,,25992700,,
0,2,,0.148093,0.292355,0.559552,,27200200,,
0,2,,0.185302,0.235505,0.579193,,26162700,,
0,2,,0.084473,0.260214,0.655313,,26694300,,
0,2,,0.143154,0.359396,0.49745,,26471300,,
0,2,,0.113918,0.306768,0.579314,,26007200,,
0,2,,0.106142,0.341471,0.552387,,26735100,,
0,2,,0.172129,0.26493,0.562941,,27026300,,
0,2,,0.106489,0.288984,0.604527,,26804100,,
0,2,,0.222901,0.303071,0.474028,,26029000,,
0,2,,0.126752,0.326036,0.547212,,26807400,,
0,2,,0.092154,0.21599,0.691856,,25568000,,
0,2,,0.136479,0.315175,0.548345,,27647500,,
0,2,,0.12609,0.339266,0.534645,,25945100,,
0,2,,0.135206,0.246474,0.618321,,27597800,,
0,2,,0.169849,0.316772,0.51338,,26498800,,
0,2,,0.074944,0.331493,0.593562,,26052300,,
0,2,,0.16973,0.18369,0.646579,,27436900,,
0,2,,0.104183,0.252675,0.643142,,26368000,,
0,2,,0.167505,0.215695,0.6168,,26856400,,
0,2,,0.067914,0.255406,0.67668,,25174000,,
0,2,,0.084035,0.198526,0.71744,,26510300,,
0,2,,0.090605,0.20045,0.708945,,26362300,,
0,2,,0.09845,0.230752,0.670798,,25667600,,
0,2,,0.095631,0.370803,0.533566,,26582100,,
0,2,,0.153586,0.338889,0.507524,,26014100,,
0,2,,0.096686,0.368438,0.534876,,26525300,,
0,2,,0.167929,0.251151,0.580921,,25670900,,
0,2,,0.106964,0.142939,0.750096,,27359500,,
0,2,,0.126553,0.133746,0.739701,,26193400,,
0,2,,0.095768,0.293593,0.610639,,31762200,,
0,2,,0.106252,0.285238,0.60851,,40813200,,
0,2,,0.125238,0.227762,0.646999,,30089600,,
0,2,,0.134951,0.320598,0.544451,,26089100,,
0,2,,0.213253,0.236623,0.550124,,26650900,,
0,2,,0.086053,0.172536,0.741411,,26114300,,
0,2,,0.075743,0.350946,0.573312,,26502500,,
0,2,,0.132853,0.264233,0.602914,,25941700,,
0,2,,0.108663,0.431373,0.459965,,27579800,,
0,2,,0.097333,0.270555,0.632113,,25823500,,
0,2,,0.100374,0.156346,0.74328,,26228400,,
0,2,,0.102188,0.24587,0.651942,,26529000,,
0,2,,0.173841,0.215438,0.610721,,26000800,,
0,2,,0.166475,0.309007,0.524518,,27179900,,
0,2,,0.092638,0.179764,0.727598,,26232200,,
0,2,,0.189039,0.283392,0.52757,,26485900,,
0,2,,0.071537,0.290716,0.637747,,25995300,,
0,2,,0.116735,0.381125,0.50214,,26667700,,
0,2,,0.146749,0.202139,0.651111,,25674700,,
0,2,,0.18036,0.26842,0.55122,,27389600,,
0,2,,0.103915,0.276617,0.619468,,26195800,,
0,2,,0.103558,0.201299,0.695143,,26980900,,
0,2,,0.162142,0.380515,0.457343,,26567900,,
0,2,,0.097356,0.280003,0.622641,,26546900,,
0,1,,0.19654,0.467505,0.335956,,26501500,,
0,2,,0.158081,0.268795,0.573125,,25633100,,
0,2,,0.092949,0.284108,0.622943,,26775500,,
0,2,,0.102339,0.233669,0.663992,,25592000,,
0,2,,0.129748,0.299401,0.570851,,25994500,,
0,2,,0.152273,0.260002,0.587725,,26819700,,
0,2,,0.112431,0.339842,0.547726,,26755400,,
0,2,,0.088464,0.227447,0.68409,,26856900,,
0,2,,0.077855,0.257838,0.664308,,25903500,,
0,2,,0.153949,0.303461,0.54259,,26293500,,
0,2,,0.101739,0.264676,0.633584,,25917500,,
0,2,,0.103843,0.125757,0.7704,,26989900,,
0,2,,0.197292,0.128786,0.673922,,25760500,,
0,2,,0.134025,0.381706,0.48427,,26768000,,
0,2,,0.143243,0.218979,0.637777,,25990400,,
0,2,,0.11513,0.163464,0.721405,,25960100,,
0,2,,0.12977,0.291162,0.579068,,26516600,,
0,2,,0.157878,0.273948,0.568174,,26244300,,
0,2,,0.092505,0.200022,0.707474,,26488600,,
0,2,,0.100751,0.354812,0.544438,,25928400,,
0,2,,0.15748,0.299037,0.543483,,26415100,,
0,2,,0.115023,0.153035,0.731942,,25889400,,
0,2,,0.167237,0.395866,0.436897,,31133400,,
0,2,,0.169404,0.244181,0.586415,,26062200,,
0,2,,0.100727,0.289389,0.609884,,26221800,,
0,2,,0.184059,0.364708,0.451233,,26326800,,
0,2,,0.215969,0.143065,0.640966,,26183900,,
0,2,,0.092538,0.285015,0.622447,,26626300,,
0,2,,0.152809,0.287723,0.559469,,29361000,,
0,2,,0.107155,0.341297,0.551548,,27110700,,
0,2,,0.083132,0.158198,0.75867,,26070700,,
0,2,,0.109857,0.23317,0.656972,,26079200,,
0,2,,0.179446,0.303482,0.517072,,27098400,,
0,2,,0.110979,0.156027,0.732994,,26236700,,
0,2,,0.125522,0.181275,0.693204,,25430200,,
0,2,,0.119866,0.18752,0.692614,,26679300,,
0,2,,0.100891,0.292238,0.606872,,26753800,,
0,2,,0.086766,0.278872,0.634362,,25927400,,
0,2,,0.211769,0.294062,0.49417,,27296400,,
0,2,,0.070532,0.229857,0.699611,,25950800,,
0,2,,0.122188,0.355573,0.522239,,26505900,,
0,2,,0.037693,0.301064,0.661243,,26492600,,
0,2,,0.105026,0.178949,0.716025,,25211800,,
0,2,,0.151465,0.274348,0.574187,,27075000,,
0,2,,0.167602,0.33825,0.494148,,26153100,,
0,2,,0.085317,0.285829,0.628854,,26497500,,
0,2,,0.135538,0.23866,0.625803,,25795100,,
0,2,,0.198501,0.239256,0.562243,,26614800,,
0,2,,0.109185,0.188337,0.702478,,25741800,,
0,2,,0.10375,0.207628,0.688621,,27178500,,
0,2,,0.142647,0.245862,0.611491,,26170100,,
0,2,,0.134962,0.266267,0.598771,,26372700,,
0,2,,0.205774,0.121745,0.672481,,27241000,,
0,2,,0.181549,0.210093,0.608358,,25891000,,
0,2,,0.074267,0.250823,0.67491,,27162900,,
0,2,,0.178969,0.225864,0.595167,,25857600,,
0,2,,0.118256,0.29296,0.588784,,26688000,,
0,2,,0.120315,0.214053,0.665631,,25769500,,
0,2,,0.138324,0.193256,0.66842,,26716300,,
0,2,,0.164918,0.318164,0.516918,,26369100,,
0,2,,0.078011,0.422987,0.499002,,26584400,,
0,2,,0.147404,0.295711,0.556885,,26370900,,
0,2,,0.17288,0.396459,0.430661,,26121500,,
0,2,,0.127031,0.358801,0.514167,,26333300,,
0,2,,0.097226,0.307132,0.595642,,25847700,,
0,2,,0.132172,0.30899,0.558838,,27161400,,
0,2,,0.091141,0.225919,0.68294,,26027200,,
0,2,,0.137153,0.309964,0.552883,,26432100,,
0,2,,0.116185,0.274577,0.609239,,25861500,,
0,2,,0.11429,0.411724,0.473986,,26242900,,
0,1,,0.12746,0.514125,0.358415,,27119700,,
0,2,,0.186371,0.270667,0.542962,,26468200,,
0,2,,0.168819,0.312743,0.518438,,30964600,,
0,1,,0.168381,0.547118,0.284501,,28235600,,
0,2,,0.07441,0.319859,0.60573,,26310800,,
0,2,,0.164069,0.312292,0.523639,,27101100,,
0,2,,0.158372,0.372569,0.469058,,26667000,,
0,2,,0.133327,0.320009,0.546664,,27288400,,
0,2,,0.145463,0.325599,0.528938,,26279300,,
0,2,,0.116042,0.271953,0.612005,,29552800,,
0,2,,0.141115,0.243079,0.615805,,26322400,,
0,2,,0.123955,0.276055,0.59999,,27740700,,
0,2,,0.195381,0.304432,0.500187,,26911700,,
0,2,,0.171649,0.388566,0.439786,,26391700,,
0,2,,0.100614,0.235956,0.663429,,31117100,,
0,2,,0.139674,0.312001,0.548325,,24806900,,
0,2,,0.085435,0.333167,0.581398,,29166200,,
0,2,,0.108447,0.312388,0.579165,,25706000,,
0,2,,0.087327,0.238816,0.673856,,25510200,,
0,2,,0.104393,0.271277,0.62433,,25401000,,
0,2,,0.129189,0.281275,0.589536,,25347900,,
0,2,,0.086309,0.263316,0.650375,,25828200,,
0,2,,0.119568,0.345915,0.534517,,25718300,,
0,2,,0.150655,0.229298,0.620048,,25865300,,
0,2,,0.151167,0.268627,0.580205,,25396400,,
0,2,,0.131738,0.367944,0.500317,,25585200,,
0,2,,0.086878,0.401512,0.51161,,24974200,,
0,2,,0.107787,0.276743,0.61547,,26083000,,
0,2,,0.152118,0.349548,0.498334,,25410200,,
0,2,,0.162609,0.31329,0.5241,,25740500,,
0,2,,0.10902,0.171106,0.719874,,25606200,,
0,2,,0.194692,0.306834,0.498473,,25441300,,
0,2,,0.144414,0.378565,0.477021,,26213900,,
0,2,,0.167503,0.383339,0.449159,,25886800,,
0,2,,0.116048,0.133775,0.750178,,25883900,,
0,2,,0.25246,0.224345,0.523195,,26271800,,
0,2,,0.090762,0.232854,0.676384,,26120500,,
0,2,,0.228851,0.337038,0.434111,,25486900,,
0,2,,0.112619,0.21448,0.6729,,26555700,,
0,2,,0.149917,0.276461,0.573622,,26103700,,
0,2,,0.142344,0.215451,0.642206,,26033200,,
0,2,,0.122046,0.193091,0.684863,,25631000,,
0,2,,0.113199,0.188102,0.698699,,25142700,,
0,2,,0.167339,0.245518,0.587144,,27456700,,
0,2,,0.072209,0.351335,0.576456,,25631200,,
0,2,,0.188132,0.239661,0.572206,,25970300,,
0,2,,0.095299,0.274543,0.630158,,25461200,,
0,2,,0.212879,0.184194,0.602928,,25695700,,
0,2,,0.220641,0.241046,0.538314,,28483500,,
0,2,,0.157128,0.304494,0.538379,,26371400,,
0,2,,0.070668,0.25517,0.674163,,25537600,,
0,2,,0.053914,0.213583,0.732504,,26232500,,
0,2,,0.204805,0.336993,0.458202,,25692700,,
0,2,,0.101041,0.173023,0.725937,,25423600,,
0,2,,0.119741,0.317342,0.562917,,26306900,,
0,2,,0.110665,0.282133,0.607201,,25466400,,
0,2,,0.158974,0.283161,0.557865,,25784400,,
0,2,,0.081436,0.234567,0.683997,,25538300,,
0,2,,0.095431,0.173098,0.73147,,25706300,,
0,2,,0.097272,0.318323,0.584406,,25789500,,
0,2,,0.112824,0.206403,0.680773,,26360100,,
0,2,,0.078751,0.196385,0.724864,,25518600,,
0,2,,0.114083,0.173121,0.712796,,26098100,,
0,2,,0.112308,0.292846,0.594846,,25330000,,
0,2,,0.071892,0.189895,0.738213,,26215800,,
0,1,,0.111824,0.465498,0.422678,,25902200,,
0,2,,0.116761,0.298082,0.585157,,25812000,,
0,2,,0.166729,0.259409,0.573863,,25956400,,
0,2,,0.099198,0.267235,0.633567,,25722200,,
0,2,,0.171685,0.284955,0.54336,,25752800,,
0,2,,0.147899,0.365589,0.486512,,25415200,,
0,2,,0.090273,0.214983,0.694744,,26865000,,
0,2,,0.152626,0.347021,0.500353,,25730200,,
0,2,,0.082698,0.264729,0.652573,,25836400,,
0,2,,0.11018,0.307872,0.581948,,25730300,,
0,2,,0.104948,0.168671,0.72638,,25962000,,
0,2,,0.189309,0.350671,0.460021,,25985300,,
0,2,,0.111012,0.290647,0.598341,,25749000,,
0,2,,0.085599,0.193074,0.721327,,25872400,,
0,2,,0.158941,0.322185,0.518873,,25641500,,
0,2,,0.104104,0.294913,0.600983,,25409700,,
0,2,,0.175949,0.217543,0.606508,,25126400,,
0,2,,0.114163,0.264174,0.621663,,26398900,,
0,2,,0.118973,0.198992,0.682036,,25867100,,
0,2,,0.055767,0.341324,0.602909,,26151100,,
0,2,,0.184176,0.304128,0.511696,,25413600,,
0,2,,0.111958,0.322012,0.566031,,26335300,,
0,2,,0.109107,0.261608,0.629286,,29624800,,
0,2,,0.165679,0.317398,0.516923,,25664800,,
0,2,,0.136251,0.268091,0.595657,,25854500,,
0,2,,0.173554,0.156562,0.669884,,26026900,,
0,2,,0.076325,0.373478,0.550197,,25790300,,
0,2,,0.179342,0.348592,0.472066,,25473100,,
0,2,,0.143224,0.317137,0.53964,,26503400,,
0,2,,0.204984,0.249048,0.545968,,25483700,,
0,2,,0.132795,0.196378,0.670827,,25846200,,
0,2,,0.117593,0.205187,0.677221,,26201600,,
0,2,,0.119698,0.354167,0.526135,,26150600,,
0,2,,0.108536,0.332197,0.559268,,26332500,,
0,2,,0.120425,0.28022,0.599356,,25752400,,
0,2,,0.122534,0.173595,0.703871,,25949900,,
0,2,,0.085002,0.191751,0.723247,,25893900,,
0,2,,0.128006,0.189238,0.682756,,26091000,,
0,2,,0.173199,0.143478,0.683322,,25579500,,
0,2,,0.183479,0.342095,0.474426,,26421200,,
0,2,,0.181476,0.330707,0.487817,,25576200,,
0,2,,0.164199,0.295746,0.540054,,25821200,,
0,2,,0.136165,0.246177,0.617657,,25801600,,
0,2,,0.195045,0.323418,0.481538,,25681900,,
0,2,,0.130123,0.405682,0.464195,,25835100,,
0,2,,0.164867,0.163573,0.67156,,25824200,,
0,2,,0.134989,0.175344,0.689668,,26049400,,
0,2,,0.13038,0.255908,0.613712,,25789900,,
0,2,,0.278575,0.186082,0.535343,,25896300,,
0,2,,0.055383,0.336828,0.607789,,25841200,,
0,2,,0.185711,0.336168,0.478121,,26415700,,
0,2,,0.13023,0.23811,0.63166,,25655100,,
0,2,,0.081028,0.395108,0.523864,,26426500,,
0,2,,0.12784,0.166043,0.706117,,25211000,,
0,2,,0.140459,0.162019,0.697522,,25438300,,
0,2,,0.083524,0.200569,0.715907,,26420200,,
0,2,,0.153846,0.379177,0.466977,,25691100,,
0,2,,0.114399,0.224511,0.66109,,26292100,,
0,2,,0.099588,0.216156,0.684256,,25454300,,
0,2,,0.271498,0.318315,0.410187,,25933700,,
0,2,,0.097183,0.235274,0.667544,,25495100,,
0,2,,0.111161,0.214554,0.674284,,29418500,,
0,2,,0.143006,0.370077,0.486917,,25904700,,
0,2,,0.142801,0.214675,0.642524,,27035100,,
0,2,,0.105861,0.246271,0.647867,,24565300,,
0,2,,0.171957,0.239434,0.588609,,25215700,,
0,2,,0.171593,0.226838,0.601569,,26040300,,
0,2,,0.075573,0.330178,0.59425,,25514700,,
0,2,,0.189479,0.221187,0.589334,,25835500,,
0,2,,0.086935,0.225907,0.687158,,25329800,,
0,2,,0.141576,0.20577,0.652654,,25699600,,
0,2,,0.176435,0.30532,0.518245,,25346600,,
0,2,,0.19659,0.301928,0.501482,,26415300,,
0,2,,0.109744,0.243095,0.647162,,25545500,,
0,2,,0.150856,0.175228,0.673916,,25727700,,
0,2,,0.134551,0.179811,0.685637,,25910700,,
0,2,,0.074393,0.241176,0.684431,,25633100,,
0,2,,0.115872,0.375874,0.508255,,25917200,,
0,2,,0.113487,0.286831,0.599682,,28391300,,
0,2,,0.135115,0.351856,0.513029,,26643700,,
0,2,,0.118627,0.27219,0.609183,,25357600,,
0,2,,0.083591,0.210465,0.705943,,26419600,,
0,2,,0.194203,0.155539,0.650257,,25247200,,
0,2,,0.152835,0.275779,0.571386,,26291200,,
0,2,,0.147089,0.312123,0.540788,,25342600,,
0,2,,0.223478,0.33055,0.445972,,25884200,,
0,2,,0.08977,0.300127,0.610103,,25297800,,
0,2,,0.192209,0.287643,0.520148,,25963500,,
0,2,,0.122167,0.228846,0.648986,,26022900,,
0,2,,0.102282,0.243008,0.65471,,25939900,,
0,2,,0.110819,0.286536,0.602645,,25263200,,
0,2,,0.135229,0.143813,0.720958,,25837800,,
0,2,,0.181275,0.384297,0.434429,,25475100,,
0,2,,0.119896,0.376821,0.503283,,24963900,,
0,2,,0.165074,0.212035,0.622891,,26701700,,
0,2,,0.095892,0.223765,0.680343,,25139500,,
0,2,,0.118953,0.33319,0.547857,,25754400,,
0,2,,0.085219,0.12065,0.794131,,25349900,,
0,2,,0.138606,0.282646,0.578748,,26082600,,
0,2,,0.127639,0.212508,0.659852,,25624800,,
0,2,,0.273929,0.249503,0.476568,,28803100,,
0,2,,0.155019,0.236208,0.608772,,26206700,,
0,2,,0.144984,0.290424,0.564592,,25714900,,
0,2,,0.164224,0.286106,0.54967,,25692800,,
0,2,,0.148158,0.383206,0.468636,,25298100,,
0,2,,0.176586,0.261974,0.56144,,26074100,,
0,2,,0.132264,0.424303,0.443434,,25542300,,
0,1,,0.240373,0.447406,0.312221,,25777500,,
0,2,,0.20359,0.325343,0.471066,,25388300,,
0,2,,0.110899,0.380738,0.508362,,26055900,,
0,2,,0.178095,0.191516,0.630389,,25875300,,
0,2,,0.169204,0.294416,0.53638,,25889800,,
0,2,,0.197631,0.2685,0.533868,,25761600,,
0,2,,0.200136,0.26536,0.534504,,26368400,,
0,2,,0.102647,0.16698,0.730373,,25905900,,
0,2,,0.133775,0.360919,0.505306,,25429800,,
0,2,,0.097308,0.343995,0.558697,,26278100,,
0,2,,0.185043,0.296445,0.518512,,25632800,,
0,2,,0.083165,0.161983,0.754852,,25980800,,
0,2,,0.198483,0.339029,0.462488,,25309900,,
0,2,,0.10244,0.286215,0.611345,,25940100,,
0,2,,0.242163,0.211192,0.546646,,26123000,,
0,2,,0.112296,0.322561,0.565144,,26437100,,
0,2,,0.144433,0.282155,0.573412,,25552900,,
0,2,,0.159153,0.23815,0.602698,,25759200,,
0,2,,0.063719,0.247953,0.688328,,25931000,,
0,2,,0.132053,0.247732,0.620214,,25412500,,
0,2,,0.155246,0.276549,0.568205,,26450400,,
0,2,,0.08973,0.280576,0.629694,,25427800,,
0,2,,0.203789,0.304895,0.491316,,25736200,,
0,2,,0.0695,0.224213,0.706286,,25212600,,
0,2,,0.112294,0.248415,0.639291,,25516400,,
0,2,,0.085623,0.272704,0.641673,,25111400,,
0,2,,0.125382,0.165717,0.708901,,26273900,,
0,2,,0.079396,0.252693,0.667911,,26130500,,
0,2,,0.119347,0.269621,0.611032,,25768000,,
0,2,,0.150715,0.175274,0.674011,,26060000,,
0,2,,0.082273,0.329972,0.587756,,25390800,,
0,2,,0.08791,0.314743,0.597347,,26227100,,
0,2,,0.116887,0.359997,0.523116,,25565400,,
0,2,,0.116683,0.353239,0.530078,,25607100,,
0,2,,0.140545,0.262688,0.596767,,24966400,,
0,2,,0.149961,0.27255,0.577489,,25848100,,
0,2,,0.112138,0.208863,0.678999,,25379400,,
0,2,,0.143196,0.310064,0.546741,,26634500,,
0,2,,0.134568,0.288678,0.576754,,25931500,,
0,2,,0.207722,0.287533,0.504745,,25824500,,
0,2,,0.116364,0.310099,0.573537,,25894300,,
0,2,,0.151803,0.38358,0.464616,,25622300,,
0,2,,0.065386,0.18117,0.753444,,25987400,,
0,1,,0.200769,0.508912,0.290319,,25972100,,
0,2,,0.221456,0.333484,0.44506,,25702600,,
0,2,,0.125473,0.355646,0.518881,,25780000,,
0,2,,0.213877,0.246043,0.540079,,26394900,,
0,2,,0.154177,0.361728,0.484095,,25273800,,
0,2,,0.11268,0.367261,0.520059,,26334300,,
0,2,,0.141411,0.219461,0.639129,,25758800,,
0,2,,0.130497,0.284941,0.584562,,25726000,,
0,2,,0.132455,0.354628,0.512917,,25714300,,
0,2,,0.185656,0.228233,0.586112,,25717900,,
0,2,,0.051516,0.208446,0.740038,,26302800,,
0,1,,0.126522,0.453885,0.419593,,25743900,,
0,2,,0.098624,0.24449,0.656885,,25751300,,
0,2,,0.112499,0.272911,0.61459,,25655100,,
0,2,,0.120997,0.258494,0.62051,,25770300,,
0,2,,0.094653,0.174798,0.730549,,25522200,,
0,2,,0.180033,0.26368,0.556287,,26408900,,
0,2,,0.118693,0.284652,0.596654,,25911000,,
0,2,,0.099131,0.273652,0.627217,,25718200,,
0,2,,0.172463,0.22094,0.606596,,25547100,,
0,2,,0.170059,0.288821,0.54112,,25224100,,
0,1,,0.213638,0.462452,0.32391,,26443800,,
0,2,,0.078949,0.122728,0.798323,,25818600,,
0,2,,0.149456,0.285322,0.565223,,26132300,,
0,2,,0.154095,0.180316,0.665589,,25445800,,
0,2,,0.061332,0.306029,0.632639,,25815100,,
0,2,,0.044068,0.303036,0.652895,,25247600,,
0,2,,0.091645,0.228492,0.679863,,26713900,,
0,2,,0.164978,0.328517,0.506505,,25684000,,
0,2,,0.131613,0.248171,0.620215,,28925800,,
0,1,,0.23462,0.417859,0.34752,,25767600,,
0,2,,0.113513,0.268171,0.618316,,25407400,,
0,2,,0.130601,0.316168,0.553232,,26361000,,
0,2,,0.096583,0.274005,0.629412,,25990900,,
0,2,,0.109249,0.328923,0.561828,,25879400,,
0,2,,0.139399,0.174516,0.686085,,25200300,,
0,2,,0.128361,0.278254,0.593385,,25757000,,
0,2,,0.13891,0.327609,0.533482,,25674800,,
0,2,,0.13812,0.310828,0.551053,,25895000,,
0,2,,0.13332,0.3104,0.55628,,25742000,,
0,2,,0.108966,0.178595,0.712438,,25823100,,
0,2,,0.118092,0.251477,0.630432,,25419200,,
0,2,,0.094084,0.214526,0.69139,,25646600,,
0,2,,0.107766,0.384326,0.507908,,26198100,,
0,2,,0.075899,0.286607,0.637494,,25679100,,
0,2,,0.058265,0.268358,0.673377,,25857900,,
0,2,,0.221263,0.195789,0.582948,,25341900,,
0,2,,0.089991,0.301808,0.6082,,26048100,,
0,2,,0.143151,0.322578,0.534271,,25224100,,
0,2,,0.130012,0.343786,0.526202,,26198900,,
0,2,,0.085225,0.194164,0.720612,,25582100,,
0,2,,0.153333,0.371859,0.474808,,25773600,,
0,2,,0.11127,0.316784,0.571946,,25263000,,
0,2,,0.102666,0.257342,0.639991,,25136500,,
0,2,,0.171712,0.126003,0.702284,,26117700,,
0,2,,0.121175,0.319822,0.559003,,26075400,,
0,2,,0.121027,0.279814,0.599159,,25838900,,
0,2,,0.074138,0.26532,0.660542,,25577800,,
0,2,,0.117639,0.342628,0.539733,,25663400,,
0,2,,0.11261,0.275259,0.612131,,25059200,,
0,2,,0.133895,0.416056,0.450049,,26141900,,
0,2,,0.128149,0.240634,0.631217,,26450600,,
0,2,,0.154099,0.261673,0.584228,,25846100,,
0,2,,0.240737,0.304718,0.454545,,25795300,,
0,2,,0.366108,0.259885,0.374007,,25827300,,
0,2,,0.131285,0.308299,0.560417,,25877500,,
0,2,,0.099575,0.365277,0.535147,,27010800,,
0,2,,0.132374,0.306365,0.561261,,26171300,,
0,2,,0.094934,0.268576,0.636489,,27913500,,
0,2,,0.240403,0.235636,0.523961,,26697100,,
0,2,,0.112874,0.337061,0.550065,,25174700,,
0,2,,0.150809,0.306244,0.542948,,26771800,,
0,2,,0.127199,0.204073,0.668728,,25345900,,
0,2,,0.135835,0.279367,0.584798,,25817100,,
0,2,,0.085177,0.243681,0.671143,,28155300,,
0,2,,0.166613,0.256022,0.577365,,26330100,,
0,2,,0.155996,0.284574,0.55943,,30817900,,
0,2,,0.11682,0.375781,0.507399,,25761900,,
0,2,,0.104767,0.336017,0.559216,,26710000,,
0,2,,0.212339,0.355953,0.431708,,26128000,,
0,2,,0.138325,0.246943,0.614732,,26463100,,
0,2,,0.225809,0.309456,0.464735,,27572200,,
0,2,,0.233282,0.202053,0.564665,,26520600,,
0,2,,0.111666,0.205327,0.683007,,26568700,,
0,2,,0.233531,0.217385,0.549085,,26292200,,
0,2,,0.173339,0.247842,0.578819,,26795200,,
0,2,,0.135145,0.363845,0.50101,,27515800,,
0,2,,0.156308,0.224983,0.61871,,26651800,,
0,2,,0.047843,0.202831,0.749326,,26650600,,
0,2,,0.124141,0.18784,0.688019,,26165500,,
0,2,,0.144703,0.249975,0.605322,,26559200,,
0,2,,0.076226,0.366266,0.557508,,26070900,,
0,2,,0.154296,0.175102,0.670603,,27369400,,
0,2,,0.156702,0.325973,0.517325,,26067100,,
0,2,,0.164819,0.288504,0.546677,,26978000,,
0,2,,0.121501,0.217334,0.661166,,27460400,,
0,2,,0.081495,0.208514,0.709991,,25778400,,
0,2,,0.110519,0.346791,0.54269,,27048700,,
0,2,,0.105342,0.278665,0.615993,,26338600,,
0,2,,0.133626,0.313304,0.55307,,26609800,,
0,2,,0.096664,0.253997,0.649338,,26165100,,
0,2,,0.173099,0.225063,0.601838,,26651300,,
0,2,,0.131062,0.267913,0.601025,,26634500,,
0,2,,0.124712,0.296287,0.579001,,26312000,,
0,2,,0.127897,0.134486,0.737617,,26404500,,
0,2,,0.12032,0.25069,0.62899,,26271700,,
0,2,,0.104169,0.434333,0.461498,,26466900,,
0,2,,0.095487,0.17581,0.728703,,25888000,,
0,2,,0.062932,0.240626,0.696442,,26469400,,
0,2,,0.136662,0.412148,0.45119,,25293900,,
0,2,,0.156084,0.418104,0.425811,,26829600,,
0,2,,0.160528,0.192919,0.646553,,26303600,,
0,2,,0.125055,0.383414,0.491531,,25227000,,
0,2,,0.099927,0.351178,0.548895,,27019200,,
0,1,,0.207297,0.400623,0.39208,,26601700,,
0,2,,0.094137,0.378503,0.52736,,26878700,,
0,2,,0.168054,0.37829,0.453655,,25748800,,
0,2,,0.167829,0.320163,0.512008,,26939800,,
0,2,,0.201319,0.19941,0.59927,,26137000,,
0,1,,0.125257,0.461289,0.413454,,27442300,,
0,2,,0.08293,0.272909,0.644161,,26556000,,
0,2,,0.088243,0.270087,0.64167,,26849700,,
0,2,,0.102473,0.251346,0.646181,,27429900,,
0,2,,0.082141,0.363699,0.55416,,25776700,,
0,2,,0.136951,0.214759,0.648289,,26750800,,
0,2,,0.080328,0.389371,0.530301,,25954400,,
0,2,,0.075432,0.1757,0.748868,,26842700,,
0,2,,0.142564,0.373075,0.484361,,25292000,,
0,2,,0.187525,0.271851,0.540624,,26290800,,
0,2,,0.076129,0.195782,0.728089,,26460100,,
0,2,,0.205573,0.317124,0.477303,,26612300,,
0,2,,0.188226,0.217385,0.594388,,26108500,,
0,2,,0.115546,0.274362,0.610092,,29367400,,
0,2,,0.095361,0.30579,0.598849,,27260100,,
0,2,,0.131191,0.427302,0.441507,,25742500,,
0,1,,0.112434,0.448196,0.43937,,27936500,,
0,2,,0.165656,0.305291,0.529052,,26188300,,
0,2,,0.126051,0.353635,0.520314,,26602600,,
0,2,,0.092567,0.189169,0.718264,,26376600,,
0,2,,0.154937,0.330661,0.514403,,26384800,,
0,2,,0.120812,0.232387,0.646801,,27427800,,
0,2,,0.080419,0.218112,0.701469,,25634500,,
0,2,,0.133963,0.238782,0.627254,,26300400,,
0,2,,0.18069,0.283642,0.535668,,26168100,,
0,2,,0.192183,0.315981,0.491835,,26509600,,
0,2,,0.155461,0.268173,0.576366,,27581300,,
0,2,,0.09958,0.325643,0.574777,,25579300,,
0,2,,0.138012,0.290544,0.571444,,25669000,,
0,2,,0.172721,0.300715,0.526564,,26256400,,
0,2,,0.147317,0.264633,0.58805,,26945400,,
0,2,,0.1276,0.256253,0.616147,,25716200,,
0,2,,0.116982,0.128924,0.754094,,27573400,,
0,2,,0.168655,0.26698,0.564365,,27522100,,
0,2,,0.107562,0.298161,0.594276,,40251500,,
0,2,,0.137533,0.247245,0.615221,,29249600,,
0,2,,0.10149,0.349765,0.548745,,26724600,,
0,2,,0.116319,0.27199,0.611691,,27073000,,
0,2,,0.144251,0.149725,0.706024,,26332900,,
0,2,,0.178317,0.225767,0.595915,,26398200,,
0,2,,0.157211,0.245506,0.597283,,26457000,,
0,2,,0.258255,0.358145,0.3836,,26494000,,
0,2,,0.118564,0.27403,0.607406,,27685000,,
0,2,,0.05163,0.305073,0.643297,,25988900,,
0,2,,0.139283,0.293005,0.567712,,29326900,,
0,2,,0.248321,0.228391,0.523288,,26067100,,
0,2,,0.131275,0.357072,0.511653,,26336600,,
0,2,,0.115602,0.199486,0.684912,,27779200,,
0,2,,0.20569,0.219859,0.57445,,25302600,,
0,2,,0.052603,0.323476,0.623921,,25443300,,
0,2,,0.110111,0.206144,0.683746,,24781900,,
0,2,,0.160274,0.338674,0.501053,,26322400,,
0,2,,0.079691,0.324931,0.595378,,24769900,,
0,2,,0.115333,0.243977,0.640691,,26561800,,
0,2,,0.093939,0.324974,0.581088,,25227400,,
0,2,,0.048394,0.309704,0.641902,,25848900,,
0,2,,0.135796,0.335713,0.528491,,25439300,,
0,2,,0.195995,0.274016,0.52999,,25548600,,
0,2,,0.150509,0.254543,0.594948,,28330800,,
0,2,,0.203526,0.3198,0.476674,,28031200,,
0,2,,0.10751,0.233014,0.659476,,26296500,,
0,2,,0.075481,0.315055,0.609464,,25555200,,
0,2,,0.219948,0.199943,0.580109,,26618600,,
0,2,,0.17739,0.275296,0.547314,,26757200,,
0,2,,0.154801,0.246443,0.598756,,26875500,,
0,2,,0.09857,0.236611,0.664819,,25235100,,
0,2,,0.116634,0.225098,0.658267,,25734400,,
0,2,,0.207378,0.319676,0.472946,,26256700,,
0,2,,0.094078,0.261705,0.644217,,26141900,,
0,2,,0.093669,0.12215,0.784181,,27943600,,
0,2,,0.122143,0.27618,0.601677,,25925800,,
0,2,,0.132837,0.320076,0.547087,,26766600,,
0,2,,0.163937,0.318154,0.517909,,26163200,,
0,2,,0.111137,0.435269,0.453594,,26294400,,
0,2,,0.098647,0.171669,0.729684,,27145800,,
0,2,,0.115044,0.265637,0.619319,,26586100,,
0,2,,0.120032,0.327357,0.552611,,26246800,,
0,2,,0.102607,0.223909,0.673485,,25920200,,
0,2,,0.093296,0.298559,0.608145,,26762200,,
0,2,,0.260844,0.340411,0.398746,,25883300,,
0,2,,0.145585,0.224554,0.62986,,27403400,,
0,2,,0.076976,0.239952,0.683071,,26345900,,
0,2,,0.036969,0.304237,0.658794,,26212000,,
0,2,,0.119643,0.275185,0.605172,,26618000,,
0,2,,0.205404,0.202564,0.592032,,25400700,,
0,2,,0.102669,0.196053,0.701278,,26113400,,
0,2,,0.163397,0.258617,0.577987,,25529400,,
0,2,,0.146909,0.296074,0.557016,,25690800,,
0,2,,0.135163,0.229888,0.634948,,25280500,,
0,2,,0.102317,0.314286,0.583398,,26723500,,
0,2,,0.156182,0.269373,0.574445,,25084100,,
0,2,,0.098524,0.293931,0.607544,,26542400,,
0,2,,0.165354,0.242128,0.592517,,25176200,,
0,2,,0.123218,0.199977,0.676805,,25692200,,
0,2,,0.137834,0.162405,0.699761,,26127000,,
0,2,,0.088491,0.181842,0.729668,,25139800,,
0,2,,0.102337,0.182164,0.715499,,26152100,,
0,2,,0.152178,0.35605,0.491772,,25691300,,
0,2,,0.117454,0.19294,0.689606,,26425200,,
0,2,,0.169549,0.354524,0.475927,,26177300,,
0,2,,0.264051,0.246122,0.489827,,25452300,,
0,2,,0.153998,0.317061,0.528941,,25680000,,
0,2,,0.129656,0.204904,0.66544,,27484600,,
0,2,,0.100434,0.220509,0.679057,,26366100,,
0,2,,0.107099,0.338836,0.554066,,25312000,,
0,2,,0.143517,0.357553,0.49893,,25784000,,
0,2,,0.10338,0.363228,0.533392,,26240100,,
0,2,,0.121774,0.219404,0.658821,,26859900,,
0,2,,0.19029,0.183686,0.626024,,26104400,,
0,2,,0.126568,0.287394,0.586038,,26405800,,
0,2,,0.146553,0.263592,0.589855,,25906800,,
0,2,,0.148516,0.389318,0.462167,,26471400,,
0,2,,0.177834,0.201264,0.620902,,25814500,,
0,2,,0.094382,0.281157,0.624461,,27519100,,
0,2,,0.133238,0.164347,0.702415,,26146300,,
0,2,,0.110757,0.265692,0.623551,,26242800,,
0,2,,0.100471,0.204695,0.694835,,26228500,,
0,2,,0.145265,0.426511,0.428224,,25914300,,
0,2,,0.110192,0.302409,0.587399,,26605200,,
0,2,,0.171847,0.379566,0.448586,,26486600,,
0,2,,0.089496,0.222287,0.688217,,26413900,,
0,2,,0.104161,0.378558,0.517281,,25985400,,
0,2,,0.105915,0.278818,0.615268,,26387800,,
0,2,,0.091645,0.211701,0.696653,,26451300,,
0,2,,0.144445,0.192575,0.66298,,26791800,,
0,2,,0.127269,0.264762,0.607969,,26427100,,
0,2,,0.227832,0.260256,0.511911,,25730400,,
0,2,,0.178233,0.234839,0.586929,,27012300,,
0,2,,0.127513,0.164982,0.707505,,25736300,,
0,2,,0.179007,0.375627,0.445366,,27501000,,
0,2,,0.175387,0.298497,0.526116,,26250000,,
0,2,,0.191302,0.246783,0.561915,,26538500,,
0,2,,0.099028,0.199879,0.701093,,26150700,,
0,2,,0.132153,0.278766,0.589081,,26245000,,
0,2,,0.186657,0.264753,0.54859,,26537000,,
0,2,,0.124919,0.2776,0.597482,,26860600,,
0,2,,0.109565,0.299474,0.590961,,26186700,,
0,2,,0.112145,0.223192,0.664663,,25061700,,
0,2,,0.078857,0.334098,0.587045,,26236300,,
0,2,,0.163084,0.288093,0.548823,,25090300,,
0,2,,0.116643,0.317611,0.565746,,26759600,,
0,2,,0.087843,0.234954,0.677203,,24985700,,
0,2,,0.124112,0.298734,0.577154,,26253700,,
0,2,,0.102708,0.343255,0.554036,,25294300,,
0,2,,0.212122,0.308493,0.479386,,26209000,,
0,2,,0.138826,0.168822,0.692352,,26535700,,
0,2,,0.147171,0.242817,0.610012,,25669900,,
0,2,,0.085529,0.248372,0.666099,,26026400,,
0,2,,0.175098,0.246299,0.578602,,25146800,,
0,2,,0.144463,0.350856,0.504681,,26228500,,
0,2,,0.107076,0.161305,0.731619,,25422900,,
0,2,,0.075363,0.319428,0.605208,,26926400,,
0,2,,0.125863,0.336807,0.53733,,24947200,,
0,2,,0.126189,0.349672,0.524139,,26089700,,
0,2,,0.211743,0.272655,0.515602,,25324400,,
0,1,,0.143028,0.458689,0.398283,,25688000,,
0,2,,0.111679,0.193511,0.69481,,25934600,,
0,2,,0.123442,0.290948,0.585611,,26185400,,
0,2,,0.156272,0.309202,0.534525,,25780700,,
0,2,,0.120404,0.202556,0.67704,,25190900,,
0,2,,0.099068,0.204075,0.696857,,27602900,,
0,2,,0.088918,0.243999,0.667083,,25874700,,
0,2,,0.118193,0.296162,0.585644,,27475100,,
0,2,,0.186124,0.345105,0.468771,,25641500,,
0,2,,0.111356,0.272503,0.616142,,26369100,,
0,2,,0.062766,0.223247,0.713988,,26686200,,
0,2,,0.109249,0.202869,0.687882,,26482300,,
0,2,,0.14063,0.363868,0.495502,,27030500,,
0,2,,0.151979,0.25956,0.588462,,26364000,,
0,2,,0.14147,0.294674,0.563856,,27042200,,
0,1,,0.221695,0.408383,0.369923,,25642200,,
0,2,,0.125417,0.425872,0.448711,,25957100,,
0,2,,0.159621,0.357365,0.483015,,24841900,,
0,2,,0.081231,0.151548,0.767221,,26664500,,
0,2,,0.137496,0.277128,0.585376,,25314100,,
0,2,,0.046712,0.426551,0.526737,,25996100,,
0,2,,0.129762,0.230923,0.639315,,25490200,,
0,2,,0.224389,0.232223,0.543388,,25313100,,
0,2,,0.099354,0.33526,0.565386,,26645300,,
0,2,,0.117329,0.166184,0.716487,,25448300,,
0,2,,0.109207,0.197365,0.693429,,25992800,,
0,2,,0.09067,0.294785,0.614545,,25963900,,
0,2,,0.078662,0.324725,0.596614,,25724100,,
0,2,,0.141865,0.276448,0.581686,,25345900,,
0,2,,0.141274,0.16281,0.695916,,27316500,,
0,2,,0.137576,0.178552,0.683872,,25571900,,
0,2,,0.15404,0.294945,0.551015,,26516300,,
0,2,,0.094507,0.26831,0.637183,,25784400,,
0,2,,0.103907,0.330847,0.565247,,25991800,,
0,2,,0.161024,0.198139,0.640837,,26701500,,
0,2,,0.092652,0.302206,0.605142,,25935900,,
