connect-4,CWE,test,4,NANOSECONDS,PREDICTIONS, Generated by ClassifierExperiments.java on 2022-05-15 22:25:45.    SYSTEMPROPERTIES:{user.name:matth,os.arch:amd64,os.name:Windows 10},ENDSYSTEMPROPERTIES
No parameter info
0.6835405565423327,29213741000,613682930100,-1,696249432,3,,-1,-1
0,2,,0.157934,0.180268,0.661799,,44766300,,
0,2,,0.118023,0.205079,0.676897,,44561700,,
0,2,,0.282451,0.152682,0.564867,,40733500,,
0,2,,0.181161,0.196455,0.622384,,40622900,,
0,2,,0.096439,0.289816,0.613745,,41720700,,
0,2,,0.151912,0.153224,0.694865,,40148100,,
0,2,,0.134062,0.255982,0.609956,,41113400,,
0,2,,0.140497,0.397457,0.462045,,39135500,,
0,2,,0.095226,0.205916,0.698858,,44656000,,
0,2,,0.102472,0.275144,0.622384,,46215700,,
0,2,,0.167812,0.223067,0.609121,,43303400,,
0,2,,0.120079,0.329641,0.55028,,43759000,,
0,2,,0.211248,0.262177,0.526574,,42709900,,
0,2,,0.075941,0.243693,0.680366,,51617500,,
0,2,,0.155924,0.335451,0.508625,,41918300,,
0,2,,0.1263,0.290959,0.58274,,43209700,,
0,2,,0.106311,0.283867,0.609822,,72904600,,
0,2,,0.059134,0.380517,0.560349,,76430900,,
0,2,,0.095939,0.10237,0.801691,,59336100,,
0,2,,0.102123,0.184583,0.713294,,60099700,,
0,2,,0.145176,0.338967,0.515858,,73704100,,
0,2,,0.11632,0.228303,0.655377,,76402400,,
0,2,,0.186485,0.220539,0.592976,,62840800,,
0,2,,0.102555,0.305125,0.59232,,63848500,,
0,2,,0.136368,0.275798,0.587835,,49073800,,
0,2,,0.141438,0.198658,0.659904,,45345000,,
0,2,,0.052904,0.349861,0.597235,,48703400,,
0,2,,0.111441,0.34638,0.54218,,49720300,,
0,2,,0.111889,0.256761,0.631349,,45904200,,
0,2,,0.093977,0.332934,0.573089,,47623400,,
0,2,,0.146953,0.365695,0.487352,,47042800,,
0,2,,0.066135,0.3334,0.600464,,43205000,,
0,2,,0.120052,0.325831,0.554118,,47484600,,
0,2,,0.127979,0.262753,0.609268,,47820800,,
0,2,,0.122238,0.249453,0.628308,,54840200,,
0,2,,0.121305,0.256873,0.621822,,59353200,,
0,2,,0.140177,0.334701,0.525123,,53245200,,
0,2,,0.139907,0.242043,0.61805,,56030100,,
0,2,,0.14508,0.354009,0.500911,,41329300,,
0,2,,0.104982,0.252242,0.642776,,48743700,,
0,2,,0.15591,0.225439,0.618651,,54452200,,
0,1,,0.116866,0.456724,0.42641,,62420400,,
0,2,,0.067184,0.318299,0.614516,,69051800,,
0,2,,0.107729,0.249859,0.642412,,58053800,,
0,2,,0.227921,0.215535,0.556544,,54321000,,
0,2,,0.072438,0.302764,0.624797,,53851300,,
0,2,,0.105104,0.370039,0.524857,,57230900,,
0,2,,0.127414,0.140337,0.732249,,58335600,,
0,2,,0.080051,0.263777,0.656172,,49915100,,
0,2,,0.10131,0.329814,0.568876,,49169200,,
0,2,,0.131079,0.24678,0.622141,,56928500,,
0,2,,0.120363,0.342694,0.536943,,52954200,,
0,2,,0.135915,0.249425,0.61466,,63964800,,
0,2,,0.122916,0.188607,0.688477,,58450900,,
0,2,,0.197384,0.16708,0.635536,,47748700,,
0,2,,0.124073,0.253399,0.622527,,49608400,,
0,2,,0.145801,0.178929,0.67527,,49118700,,
0,2,,0.14509,0.223253,0.631657,,47782300,,
0,2,,0.132494,0.247268,0.620238,,46621700,,
0,2,,0.123684,0.300425,0.575891,,45935000,,
0,2,,0.129113,0.266329,0.604558,,48275400,,
0,2,,0.087554,0.247154,0.665291,,48036700,,
0,2,,0.049481,0.284627,0.665891,,43779100,,
0,2,,0.099121,0.288278,0.6126,,42064000,,
0,2,,0.149927,0.189968,0.660105,,39376900,,
0,2,,0.097273,0.287143,0.615584,,41641400,,
0,2,,0.102439,0.244086,0.653474,,46712400,,
0,2,,0.138216,0.24883,0.612954,,48157900,,
0,2,,0.071571,0.157795,0.770635,,43106400,,
0,2,,0.131699,0.294135,0.574167,,40893100,,
0,2,,0.110866,0.279605,0.609529,,54458500,,
0,2,,0.123176,0.267895,0.608929,,43417600,,
0,2,,0.140836,0.354412,0.504753,,41556900,,
0,2,,0.064367,0.3381,0.597532,,40250500,,
0,2,,0.108513,0.223274,0.668214,,43232900,,
0,2,,0.169653,0.210497,0.61985,,45801900,,
0,2,,0.138863,0.229823,0.631314,,41309900,,
0,2,,0.152286,0.276613,0.571101,,43248600,,
0,2,,0.159531,0.322683,0.517786,,41681300,,
0,2,,0.112666,0.219635,0.667699,,43716700,,
0,2,,0.155284,0.233959,0.610757,,64425200,,
0,2,,0.10019,0.192256,0.707555,,55628800,,
0,2,,0.102368,0.328393,0.569239,,60962200,,
0,2,,0.123613,0.361861,0.514525,,59672700,,
0,2,,0.112111,0.355957,0.531931,,60293800,,
0,2,,0.161688,0.322434,0.515878,,66145800,,
0,2,,0.101883,0.223874,0.674243,,55364000,,
0,2,,0.176048,0.240872,0.583081,,60503300,,
0,2,,0.07737,0.355863,0.566768,,53448500,,
0,2,,0.188673,0.211802,0.599525,,54092300,,
0,2,,0.115659,0.241914,0.642427,,52520100,,
0,2,,0.082248,0.320512,0.59724,,68939300,,
0,2,,0.153424,0.251566,0.59501,,67445700,,
0,2,,0.133437,0.289338,0.577225,,73818300,,
0,2,,0.128153,0.169525,0.702322,,62279200,,
0,2,,0.142137,0.338706,0.519157,,53575700,,
0,2,,0.09091,0.390913,0.518177,,55959700,,
0,2,,0.080654,0.316757,0.602589,,50368100,,
0,2,,0.109199,0.329661,0.56114,,50567900,,
0,2,,0.216643,0.288631,0.494726,,50695300,,
0,2,,0.087037,0.298143,0.61482,,53086100,,
0,2,,0.12943,0.309992,0.560579,,51219000,,
0,2,,0.113273,0.229086,0.657642,,48952400,,
0,2,,0.160107,0.227702,0.612191,,49475600,,
0,2,,0.166608,0.349715,0.483677,,56112200,,
0,2,,0.0739,0.210655,0.715445,,66893000,,
0,2,,0.123721,0.17533,0.700949,,53011200,,
0,1,,0.20098,0.405982,0.393038,,55857900,,
0,2,,0.101017,0.238088,0.660895,,55456200,,
0,2,,0.153873,0.221458,0.624669,,56089800,,
0,2,,0.210517,0.231443,0.55804,,52779200,,
0,2,,0.092149,0.298105,0.609746,,50034600,,
0,2,,0.073478,0.292219,0.634303,,49471800,,
0,2,,0.121268,0.172753,0.705978,,49589500,,
0,2,,0.104291,0.289482,0.606227,,53485300,,
0,2,,0.095707,0.283411,0.620881,,50141700,,
0,2,,0.145498,0.364889,0.489613,,51397500,,
0,2,,0.112558,0.237337,0.650105,,55959800,,
0,2,,0.159484,0.196382,0.644134,,56174000,,
0,2,,0.20762,0.290031,0.502348,,54481300,,
0,2,,0.136247,0.218148,0.645605,,50600300,,
0,2,,0.102102,0.271414,0.626484,,47608700,,
0,2,,0.139166,0.109294,0.75154,,50812100,,
0,2,,0.089632,0.339233,0.571135,,49344900,,
0,2,,0.063113,0.28937,0.647518,,49162400,,
0,2,,0.081271,0.376505,0.542223,,50384700,,
0,2,,0.194293,0.279509,0.526198,,51345500,,
0,2,,0.111198,0.268152,0.62065,,50649200,,
0,2,,0.166215,0.233311,0.600475,,56092600,,
0,2,,0.150136,0.241369,0.608495,,59705600,,
0,2,,0.073931,0.401388,0.524681,,66522500,,
0,2,,0.114953,0.20408,0.680966,,48027100,,
0,2,,0.112046,0.246914,0.64104,,49351100,,
0,2,,0.146118,0.288492,0.56539,,48046500,,
0,2,,0.190289,0.179816,0.629895,,51838500,,
0,2,,0.180476,0.250959,0.568566,,51910300,,
0,2,,0.151796,0.34598,0.502224,,52118600,,
0,2,,0.107772,0.28442,0.607808,,54268800,,
0,2,,0.085711,0.334056,0.580233,,59155500,,
0,2,,0.118938,0.214254,0.666809,,52230100,,
0,2,,0.073112,0.268584,0.658304,,50072300,,
0,2,,0.087961,0.326061,0.585978,,52496300,,
0,2,,0.191346,0.270446,0.538208,,54182200,,
0,2,,0.089563,0.204324,0.706113,,51883500,,
0,2,,0.1044,0.348106,0.547494,,53873200,,
0,2,,0.127247,0.27831,0.594443,,52964800,,
0,2,,0.109607,0.294365,0.596028,,52463300,,
0,2,,0.124267,0.251252,0.62448,,63645400,,
0,2,,0.128155,0.228127,0.643718,,63427000,,
0,2,,0.091748,0.290748,0.617504,,55622600,,
0,2,,0.091023,0.22131,0.687667,,68121100,,
0,2,,0.153863,0.196053,0.650084,,55870300,,
0,2,,0.140665,0.349932,0.509403,,58796700,,
0,2,,0.164082,0.260413,0.575505,,76257900,,
0,2,,0.151797,0.289188,0.559015,,58821100,,
0,2,,0.081542,0.206143,0.712315,,55627400,,
0,2,,0.168767,0.286721,0.544512,,55948700,,
0,2,,0.108035,0.188055,0.70391,,50785800,,
0,2,,0.169065,0.238747,0.592187,,49709100,,
0,2,,0.092188,0.176124,0.731688,,52731100,,
0,2,,0.046312,0.243574,0.710113,,50552500,,
0,2,,0.089014,0.341533,0.569452,,68379800,,
0,2,,0.174693,0.244015,0.581292,,61023800,,
0,2,,0.140919,0.176536,0.682545,,68914100,,
0,2,,0.12792,0.156425,0.715655,,58929800,,
0,2,,0.193581,0.244755,0.561664,,54908500,,
0,2,,0.102825,0.240413,0.656763,,55093700,,
0,2,,0.090795,0.147288,0.761917,,50586000,,
0,2,,0.142711,0.160914,0.696375,,50149800,,
0,2,,0.103286,0.315913,0.580801,,53322400,,
0,2,,0.089908,0.309969,0.600123,,52386800,,
0,2,,0.153278,0.18208,0.664643,,71515000,,
0,2,,0.139449,0.287803,0.572747,,61860800,,
0,2,,0.118991,0.274335,0.606674,,63264000,,
0,2,,0.16799,0.275944,0.556066,,61757200,,
0,2,,0.172493,0.256017,0.57149,,56111500,,
0,2,,0.099217,0.395114,0.505669,,48151400,,
0,2,,0.139422,0.163816,0.696763,,47118400,,
0,2,,0.142497,0.285256,0.572247,,47621600,,
0,2,,0.106443,0.224595,0.668962,,48162300,,
0,2,,0.123218,0.263208,0.613574,,50978800,,
0,2,,0.098165,0.367951,0.533884,,51413500,,
0,2,,0.124191,0.151958,0.723851,,88081600,,
0,2,,0.143817,0.29988,0.556304,,62978700,,
0,2,,0.116286,0.33303,0.550683,,48346400,,
0,2,,0.104367,0.29429,0.601343,,65227000,,
0,2,,0.151696,0.292325,0.55598,,61364600,,
0,2,,0.127873,0.222209,0.649917,,57493200,,
0,2,,0.155803,0.177369,0.666828,,58173100,,
0,2,,0.101953,0.250926,0.64712,,65260300,,
0,2,,0.152186,0.228703,0.619111,,60057700,,
0,2,,0.117324,0.191152,0.691524,,75985400,,
0,2,,0.173143,0.341868,0.484988,,78727300,,
0,2,,0.105933,0.227118,0.66695,,58357000,,
0,2,,0.113958,0.288743,0.597299,,49640100,,
0,2,,0.170274,0.271264,0.558462,,56599100,,
0,2,,0.147581,0.343905,0.508514,,68633400,,
0,2,,0.11004,0.145462,0.744498,,72875300,,
0,2,,0.166476,0.209186,0.624338,,48108400,,
0,2,,0.171349,0.247291,0.58136,,57123300,,
0,2,,0.112326,0.234684,0.65299,,58903600,,
0,2,,0.104782,0.318169,0.577048,,71432100,,
0,2,,0.144633,0.192041,0.663326,,53495600,,
0,2,,0.096276,0.302386,0.601339,,54550500,,
0,2,,0.08921,0.114891,0.7959,,57138800,,
0,2,,0.116717,0.277446,0.605837,,53542600,,
0,2,,0.135109,0.211746,0.653146,,58988100,,
0,2,,0.117692,0.279909,0.602399,,59221400,,
0,2,,0.097836,0.148051,0.754113,,61469300,,
0,2,,0.089033,0.27819,0.632777,,71127800,,
0,2,,0.13767,0.303678,0.558652,,79149900,,
0,2,,0.112574,0.278123,0.609303,,72702400,,
0,2,,0.095566,0.231084,0.67335,,58977800,,
0,2,,0.141171,0.224863,0.633966,,85809900,,
0,2,,0.12914,0.185214,0.685646,,42860100,,
0,2,,0.210381,0.233245,0.556374,,48056800,,
0,2,,0.085084,0.365368,0.549548,,50738500,,
0,2,,0.093869,0.337683,0.568449,,48653300,,
0,2,,0.128996,0.296064,0.574941,,51759200,,
0,2,,0.121567,0.201659,0.676774,,46216700,,
0,2,,0.155377,0.208882,0.635741,,43087800,,
0,2,,0.107553,0.287796,0.604651,,39958000,,
0,2,,0.080549,0.148632,0.770819,,50515800,,
0,2,,0.18314,0.238989,0.577871,,66929700,,
0,2,,0.121099,0.250076,0.628825,,61586200,,
0,2,,0.102427,0.293623,0.60395,,63657800,,
0,2,,0.200648,0.205219,0.594134,,58024100,,
0,2,,0.152818,0.191673,0.655509,,62503600,,
0,2,,0.12937,0.344102,0.526528,,69097100,,
0,2,,0.089375,0.17981,0.730816,,90181900,,
0,2,,0.152455,0.208992,0.638553,,79068400,,
0,2,,0.088526,0.320293,0.591181,,70904500,,
0,2,,0.101597,0.30547,0.592933,,60022000,,
0,2,,0.120643,0.257502,0.621855,,62067500,,
0,2,,0.108182,0.199419,0.692398,,62107500,,
0,2,,0.140167,0.291335,0.568497,,62715800,,
0,2,,0.086921,0.261008,0.652071,,50070400,,
0,2,,0.141812,0.321032,0.537156,,53524000,,
0,2,,0.129145,0.276042,0.594813,,56013300,,
0,2,,0.125109,0.228633,0.646259,,48134900,,
0,2,,0.185742,0.269539,0.544719,,42433300,,
0,2,,0.143091,0.255984,0.600925,,40733200,,
0,2,,0.166841,0.257214,0.575945,,39599700,,
0,2,,0.134342,0.330561,0.535098,,42969400,,
0,2,,0.124382,0.262593,0.613025,,43031400,,
0,2,,0.094645,0.290924,0.614431,,44872000,,
0,2,,0.088319,0.22462,0.687061,,42362200,,
0,2,,0.133333,0.226164,0.640503,,45582900,,
0,2,,0.146539,0.25574,0.597721,,40345700,,
0,2,,0.143029,0.258612,0.598359,,43381900,,
0,2,,0.123018,0.280839,0.596143,,72012800,,
0,2,,0.201924,0.219398,0.578678,,92584900,,
0,2,,0.139561,0.268796,0.591643,,73645900,,
0,2,,0.145478,0.288704,0.565818,,52723700,,
0,2,,0.136727,0.240577,0.622696,,50143700,,
0,2,,0.082772,0.278447,0.638781,,46858300,,
0,2,,0.096979,0.210681,0.69234,,47371600,,
0,2,,0.130286,0.23786,0.631854,,46486500,,
0,2,,0.10869,0.249273,0.642037,,46024800,,
0,2,,0.103669,0.240014,0.656317,,47982300,,
0,2,,0.105928,0.242767,0.651305,,53584500,,
0,2,,0.206161,0.248156,0.545683,,48322900,,
0,2,,0.090123,0.331957,0.57792,,47188500,,
0,2,,0.116562,0.271352,0.612086,,47182200,,
0,2,,0.140228,0.279585,0.580187,,50994800,,
0,2,,0.09411,0.324,0.58189,,53911500,,
0,2,,0.164483,0.233883,0.601634,,45584200,,
0,2,,0.105683,0.147208,0.747109,,47591800,,
0,2,,0.120696,0.242314,0.636989,,48279800,,
0,2,,0.126966,0.212325,0.66071,,51823600,,
0,2,,0.107267,0.206609,0.686124,,50198000,,
0,2,,0.179934,0.234885,0.585181,,43063700,,
0,2,,0.131777,0.263322,0.604902,,30574800,,
0,2,,0.1709,0.27843,0.55067,,43251700,,
0,2,,0.091948,0.314165,0.593887,,54555900,,
0,2,,0.111831,0.279576,0.608593,,41014000,,
0,2,,0.087062,0.297038,0.615899,,43058800,,
0,2,,0.071775,0.198048,0.730177,,50897700,,
0,2,,0.143658,0.332838,0.523504,,48708100,,
0,2,,0.168528,0.296925,0.534547,,52234900,,
0,2,,0.170421,0.245304,0.584275,,55115200,,
0,2,,0.151778,0.213581,0.634642,,53883300,,
0,2,,0.104074,0.262479,0.633447,,54270200,,
0,2,,0.164197,0.242802,0.593001,,51780200,,
0,2,,0.111083,0.261791,0.627126,,61978300,,
0,2,,0.136924,0.287701,0.575375,,60258700,,
0,2,,0.105682,0.188734,0.705584,,53190500,,
0,2,,0.13634,0.304819,0.558841,,50222700,,
0,2,,0.077692,0.295935,0.626373,,58821800,,
0,2,,0.100745,0.230677,0.668578,,56048000,,
0,2,,0.097651,0.311852,0.590498,,49182400,,
0,2,,0.147272,0.190593,0.662135,,49265000,,
0,2,,0.13164,0.221752,0.646609,,47371100,,
0,2,,0.171736,0.330713,0.49755,,50089100,,
0,2,,0.122316,0.272953,0.60473,,46732200,,
0,2,,0.05041,0.333899,0.61569,,53299000,,
0,2,,0.14588,0.26575,0.58837,,68358900,,
0,2,,0.124408,0.317369,0.558223,,63531200,,
0,2,,0.119625,0.28868,0.591694,,34116800,,
0,2,,0.187629,0.174129,0.638242,,40421500,,
0,2,,0.135155,0.269532,0.595313,,56093400,,
0,2,,0.093396,0.244302,0.662301,,66935600,,
0,2,,0.110195,0.310305,0.5795,,37869800,,
0,2,,0.180273,0.17258,0.647147,,35393400,,
0,2,,0.110983,0.197766,0.69125,,34416400,,
0,2,,0.087258,0.388864,0.523878,,34424800,,
0,2,,0.157769,0.333374,0.508857,,33570100,,
0,2,,0.045882,0.235741,0.718378,,36198900,,
0,2,,0.147162,0.263045,0.589793,,44559000,,
0,2,,0.127155,0.212715,0.660129,,53721100,,
0,2,,0.114072,0.272802,0.613126,,48438300,,
0,2,,0.086121,0.230464,0.683415,,40118500,,
0,2,,0.150681,0.261913,0.587406,,38008500,,
0,2,,0.08287,0.355781,0.561348,,47912600,,
0,2,,0.146851,0.337998,0.515151,,40961800,,
0,2,,0.15109,0.252767,0.596143,,43356600,,
0,2,,0.104086,0.29715,0.598764,,43812100,,
0,2,,0.100908,0.283589,0.615503,,47440700,,
0,2,,0.076917,0.36654,0.556544,,40672000,,
0,2,,0.111295,0.256024,0.632681,,37365400,,
0,2,,0.122762,0.351792,0.525447,,35553700,,
0,2,,0.158731,0.224128,0.617141,,34744800,,
0,2,,0.095416,0.273976,0.630608,,34286000,,
0,2,,0.126145,0.199415,0.67444,,36003700,,
0,2,,0.152479,0.240082,0.607439,,36881400,,
0,2,,0.097672,0.146257,0.756071,,34792500,,
0,2,,0.098075,0.19506,0.706865,,33359300,,
0,2,,0.064588,0.296894,0.638518,,34970000,,
0,2,,0.078154,0.326814,0.595032,,35141100,,
0,2,,0.120298,0.389556,0.490146,,43102000,,
0,2,,0.175448,0.178171,0.646381,,48162000,,
0,2,,0.126773,0.338797,0.53443,,52487000,,
0,2,,0.115763,0.34027,0.543967,,50392700,,
0,2,,0.085956,0.335773,0.578271,,48697500,,
0,2,,0.087586,0.260863,0.651551,,47340900,,
0,2,,0.115007,0.338692,0.5463,,48869200,,
0,2,,0.105461,0.140136,0.754402,,46677200,,
0,2,,0.09532,0.399584,0.505095,,43964200,,
0,2,,0.195042,0.188855,0.616103,,38977800,,
0,2,,0.169226,0.227621,0.603153,,34784700,,
0,2,,0.090376,0.212589,0.697035,,35716300,,
0,2,,0.148531,0.142534,0.708935,,34178900,,
0,2,,0.137464,0.267759,0.594777,,37700400,,
0,2,,0.112043,0.327754,0.560203,,36131900,,
0,2,,0.11268,0.304396,0.582925,,36659300,,
0,2,,0.14925,0.270929,0.57982,,43001900,,
0,2,,0.127912,0.29917,0.572917,,42668500,,
0,2,,0.113167,0.213881,0.672952,,40742100,,
0,2,,0.102988,0.330047,0.566965,,40396600,,
0,2,,0.156611,0.270975,0.572413,,38331500,,
0,2,,0.061932,0.324158,0.613909,,37958900,,
0,2,,0.122068,0.201947,0.675985,,38664500,,
0,2,,0.118606,0.196411,0.684982,,39600000,,
0,2,,0.119781,0.355541,0.524678,,41846200,,
0,1,,0.151983,0.427862,0.420156,,39474200,,
0,2,,0.101765,0.337868,0.560367,,50794400,,
0,2,,0.211309,0.238184,0.550507,,52847200,,
0,2,,0.100095,0.299654,0.600252,,49655000,,
0,2,,0.131577,0.291537,0.576886,,61063000,,
0,2,,0.111636,0.414437,0.473926,,53989400,,
0,2,,0.07241,0.268203,0.659387,,49367100,,
0,2,,0.115607,0.283743,0.600649,,47886500,,
0,2,,0.105303,0.265345,0.629352,,46811300,,
0,2,,0.076158,0.294747,0.629095,,56995100,,
0,2,,0.130507,0.298687,0.570806,,39453100,,
0,2,,0.163884,0.18359,0.652526,,45623500,,
0,2,,0.13506,0.304265,0.560675,,42227700,,
0,2,,0.146437,0.232994,0.620569,,41813400,,
0,2,,0.131174,0.175876,0.69295,,37587400,,
0,2,,0.098881,0.332636,0.568483,,47001200,,
0,2,,0.132589,0.313569,0.553841,,54412400,,
0,2,,0.095167,0.304935,0.599898,,48483800,,
0,2,,0.122111,0.268207,0.609682,,41486800,,
0,2,,0.091948,0.281459,0.626593,,51197200,,
0,2,,0.153819,0.342801,0.50338,,66136300,,
0,2,,0.100352,0.359534,0.540114,,40747400,,
0,2,,0.101733,0.174243,0.724024,,41583400,,
0,2,,0.155141,0.178034,0.666824,,41875900,,
0,2,,0.106881,0.311395,0.581724,,49409800,,
0,2,,0.144964,0.258996,0.59604,,50344500,,
0,2,,0.190953,0.277877,0.53117,,51282800,,
0,2,,0.098979,0.337164,0.563857,,48499600,,
0,2,,0.107162,0.195542,0.697296,,48224900,,
0,2,,0.144487,0.23226,0.623253,,49146800,,
0,2,,0.111436,0.167154,0.721411,,52721500,,
0,2,,0.124888,0.343658,0.531454,,50102900,,
0,2,,0.143436,0.295135,0.561429,,51517300,,
0,2,,0.064591,0.210212,0.725197,,51725700,,
0,2,,0.077604,0.363939,0.558457,,51280800,,
0,2,,0.08635,0.233026,0.680624,,50429700,,
0,2,,0.12437,0.266359,0.609271,,51496300,,
0,2,,0.124616,0.283521,0.591863,,52829200,,
0,2,,0.1433,0.257307,0.599393,,51517000,,
0,2,,0.081647,0.352489,0.565864,,50391800,,
0,2,,0.107895,0.322036,0.57007,,58603900,,
0,2,,0.122548,0.305702,0.57175,,48204200,,
0,2,,0.186248,0.192976,0.620776,,48121200,,
0,2,,0.11499,0.150208,0.734802,,52721700,,
0,2,,0.09651,0.450893,0.452597,,53629900,,
0,2,,0.071322,0.194686,0.733991,,49127800,,
0,2,,0.120195,0.261936,0.617869,,62279800,,
0,2,,0.117672,0.22889,0.653438,,53683900,,
0,2,,0.105061,0.307453,0.587487,,66922100,,
0,2,,0.082676,0.334172,0.583152,,72869100,,
0,2,,0.110325,0.219115,0.670559,,59672900,,
0,2,,0.104394,0.244388,0.651218,,57032700,,
0,2,,0.073642,0.321171,0.605187,,65802300,,
0,2,,0.137744,0.279533,0.582722,,60076400,,
0,2,,0.11909,0.290032,0.590878,,55134700,,
0,2,,0.123592,0.192536,0.683872,,55180300,,
0,2,,0.12579,0.256072,0.618137,,46494000,,
0,2,,0.091666,0.386958,0.521376,,53935400,,
0,2,,0.187394,0.211975,0.600631,,56341200,,
0,2,,0.140701,0.23618,0.623119,,49591600,,
0,2,,0.098648,0.265231,0.636121,,56625900,,
0,2,,0.195886,0.25166,0.552454,,65405500,,
0,2,,0.08211,0.334227,0.583663,,69826800,,
0,2,,0.174526,0.180451,0.645022,,87456400,,
0,2,,0.148709,0.310952,0.540339,,88567000,,
0,2,,0.126322,0.253414,0.620264,,80104800,,
0,2,,0.139415,0.310866,0.549719,,71765400,,
0,2,,0.099431,0.326734,0.573836,,83990500,,
0,2,,0.164168,0.329741,0.50609,,86035900,,
0,2,,0.097356,0.387775,0.514869,,94557000,,
0,2,,0.096603,0.353731,0.549666,,72027500,,
0,2,,0.088034,0.257764,0.654202,,66854700,,
0,2,,0.177587,0.307518,0.514895,,61747000,,
0,2,,0.093873,0.227993,0.678134,,65050200,,
0,2,,0.143743,0.309585,0.546672,,68228000,,
0,2,,0.131901,0.137087,0.731012,,61326600,,
0,2,,0.073112,0.295693,0.631194,,60478800,,
0,2,,0.101717,0.361739,0.536544,,65665100,,
0,2,,0.082169,0.293477,0.624354,,57992600,,
0,2,,0.110608,0.260851,0.628542,,52554300,,
0,2,,0.09804,0.247661,0.6543,,55119900,,
0,2,,0.139948,0.39009,0.469962,,78856700,,
0,2,,0.139138,0.296004,0.564859,,60224400,,
0,2,,0.18755,0.195154,0.617296,,45639800,,
0,2,,0.133676,0.245615,0.620708,,46724000,,
0,2,,0.065202,0.205535,0.729263,,46085200,,
0,2,,0.097502,0.273007,0.629491,,47518600,,
0,2,,0.159143,0.178372,0.662484,,55849400,,
0,2,,0.110013,0.213103,0.676883,,63403500,,
0,2,,0.10587,0.387354,0.506776,,69778500,,
0,2,,0.133828,0.33692,0.529252,,59150400,,
0,2,,0.164121,0.320081,0.515799,,73674700,,
0,2,,0.100433,0.333019,0.566548,,65390400,,
0,2,,0.172782,0.302104,0.525115,,48643700,,
0,2,,0.088735,0.270126,0.64114,,51803200,,
0,2,,0.092055,0.306337,0.601608,,48832800,,
0,2,,0.138849,0.348245,0.512905,,88327800,,
0,2,,0.115154,0.286138,0.598708,,123971100,,
0,2,,0.090124,0.448908,0.460968,,99325800,,
0,2,,0.159203,0.27744,0.563357,,131393400,,
0,2,,0.113872,0.334884,0.551244,,91913500,,
0,2,,0.135654,0.269851,0.594495,,76095100,,
0,2,,0.163648,0.228117,0.608234,,64070900,,
0,2,,0.093336,0.247882,0.658783,,48699900,,
0,2,,0.187377,0.234581,0.578042,,48115400,,
0,2,,0.130541,0.282466,0.586994,,43805000,,
0,2,,0.105534,0.155154,0.739312,,44626300,,
0,2,,0.101329,0.403364,0.495308,,42925100,,
0,2,,0.122879,0.184526,0.692596,,45147000,,
0,2,,0.106936,0.264899,0.628165,,45623600,,
0,2,,0.154059,0.203549,0.642392,,45876700,,
0,2,,0.181499,0.216375,0.602127,,45617700,,
0,2,,0.119419,0.316202,0.564379,,50363400,,
0,2,,0.117729,0.29116,0.591112,,50952600,,
0,2,,0.086984,0.374469,0.538547,,52761900,,
0,2,,0.106044,0.354806,0.53915,,49764100,,
0,2,,0.170975,0.288174,0.540851,,47508500,,
0,2,,0.114079,0.253216,0.632705,,49730500,,
0,2,,0.118004,0.295577,0.586419,,50695100,,
0,2,,0.109379,0.219315,0.671306,,49744300,,
0,2,,0.192757,0.190791,0.616452,,49386000,,
0,2,,0.200392,0.359558,0.44005,,49041000,,
0,2,,0.159926,0.221762,0.618312,,49577200,,
0,2,,0.071984,0.265054,0.662962,,47258200,,
0,2,,0.115361,0.300781,0.583858,,48120700,,
0,2,,0.121316,0.215915,0.662769,,47784200,,
0,2,,0.084693,0.298783,0.616524,,47547900,,
0,2,,0.131372,0.258985,0.609644,,47768700,,
0,2,,0.178187,0.20608,0.615734,,49594000,,
0,2,,0.153801,0.267936,0.578264,,50217700,,
0,2,,0.102272,0.264596,0.633132,,47969400,,
0,2,,0.198593,0.222779,0.578628,,46241500,,
0,2,,0.08378,0.16424,0.75198,,47807000,,
0,2,,0.115832,0.185155,0.699013,,46626800,,
0,2,,0.112823,0.206298,0.680879,,42069400,,
0,2,,0.087024,0.353623,0.559353,,39382200,,
0,2,,0.132827,0.325582,0.541591,,49462700,,
0,2,,0.109543,0.257757,0.632699,,47422700,,
0,2,,0.128677,0.259476,0.611847,,48583000,,
0,2,,0.119933,0.377199,0.502867,,48971000,,
0,2,,0.076523,0.151683,0.771794,,48374100,,
0,2,,0.094678,0.287173,0.618149,,49715100,,
0,2,,0.153425,0.329098,0.517478,,48829900,,
0,2,,0.175222,0.25149,0.573288,,49888700,,
0,2,,0.120266,0.221853,0.657881,,49640500,,
0,2,,0.127673,0.209638,0.662689,,50147800,,
0,2,,0.127303,0.40544,0.467258,,50191000,,
0,2,,0.07098,0.317629,0.611391,,50070300,,
0,2,,0.078512,0.24855,0.672939,,48200100,,
0,2,,0.182978,0.188625,0.628397,,51240700,,
0,2,,0.141289,0.326447,0.532264,,51894700,,
0,2,,0.094581,0.340603,0.564816,,51735800,,
0,2,,0.148783,0.305746,0.545472,,51924200,,
0,2,,0.124853,0.270971,0.604176,,50792300,,
0,2,,0.086082,0.275614,0.638305,,50870300,,
0,2,,0.190362,0.195451,0.614187,,50477600,,
0,2,,0.099906,0.357764,0.54233,,48380700,,
0,2,,0.117671,0.238437,0.643892,,48132900,,
0,2,,0.113807,0.343385,0.542808,,49805300,,
0,2,,0.109251,0.331101,0.559649,,49001700,,
0,2,,0.141885,0.277327,0.580788,,47899800,,
0,2,,0.154868,0.207226,0.637906,,48744000,,
0,2,,0.188198,0.279403,0.532398,,49214000,,
0,2,,0.120781,0.251741,0.627478,,48622000,,
0,2,,0.155763,0.35587,0.488367,,48351900,,
0,2,,0.129068,0.24613,0.624802,,45394300,,
0,2,,0.153232,0.209165,0.637603,,40352800,,
0,2,,0.135329,0.317768,0.546903,,39716500,,
0,2,,0.155497,0.233207,0.611296,,41737800,,
0,2,,0.052647,0.260253,0.6871,,43362400,,
0,2,,0.0969,0.212722,0.690377,,48538500,,
0,2,,0.156942,0.278392,0.564666,,57651400,,
0,2,,0.108802,0.236449,0.654749,,54699000,,
0,2,,0.077543,0.272585,0.649872,,43690500,,
0,2,,0.128313,0.319358,0.552328,,43081100,,
0,2,,0.099889,0.31085,0.589261,,42072100,,
0,2,,0.115216,0.176368,0.708416,,48990100,,
0,2,,0.127678,0.210428,0.661895,,53164500,,
0,2,,0.134355,0.253716,0.611929,,50745300,,
0,2,,0.108573,0.273306,0.618121,,55346500,,
0,2,,0.124192,0.180793,0.695015,,54820500,,
0,2,,0.136539,0.1889,0.674561,,53782900,,
0,2,,0.116061,0.332882,0.551056,,51575700,,
0,2,,0.202572,0.196756,0.600671,,49781600,,
0,2,,0.072955,0.369197,0.557848,,50496900,,
0,2,,0.148006,0.341896,0.510098,,47122900,,
0,2,,0.126718,0.296047,0.577235,,47324800,,
0,2,,0.172952,0.268095,0.558953,,48066200,,
0,2,,0.147206,0.310819,0.541975,,46251500,,
0,2,,0.117282,0.220223,0.662495,,48561700,,
0,2,,0.113302,0.249061,0.637637,,49492900,,
0,2,,0.129256,0.245767,0.624978,,52702600,,
0,2,,0.086592,0.196534,0.716873,,47992500,,
0,2,,0.115661,0.257774,0.626565,,50184800,,
0,2,,0.10209,0.326315,0.571595,,56831400,,
0,2,,0.131793,0.297401,0.570806,,47859800,,
0,2,,0.142163,0.334252,0.523585,,46071200,,
0,2,,0.111346,0.20856,0.680094,,46102100,,
0,2,,0.079108,0.329203,0.59169,,50086500,,
0,2,,0.089592,0.231096,0.679312,,46194200,,
0,2,,0.194988,0.224543,0.580469,,43497600,,
0,2,,0.115115,0.380838,0.504048,,44791500,,
0,2,,0.107515,0.147946,0.744539,,45205600,,
0,2,,0.091868,0.332176,0.575957,,53485600,,
0,2,,0.140574,0.20306,0.656366,,71848900,,
0,2,,0.147562,0.101547,0.750891,,44438900,,
0,2,,0.072052,0.296428,0.63152,,41224000,,
0,2,,0.09601,0.268501,0.635489,,44557800,,
0,2,,0.176164,0.236826,0.58701,,40838900,,
0,2,,0.12787,0.299435,0.572696,,41565200,,
0,2,,0.092559,0.161679,0.745762,,39525000,,
0,2,,0.092503,0.266149,0.641349,,45838300,,
0,2,,0.165886,0.267797,0.566316,,43034800,,
0,2,,0.203083,0.322476,0.474441,,40406200,,
0,2,,0.10877,0.140071,0.751159,,47774800,,
0,2,,0.067017,0.239734,0.693249,,45007800,,
0,2,,0.150333,0.238574,0.611093,,58014200,,
0,2,,0.104482,0.276306,0.619213,,60944200,,
0,2,,0.051843,0.275844,0.672313,,68335500,,
0,2,,0.141555,0.310054,0.548391,,51948600,,
0,2,,0.099705,0.243054,0.65724,,51622600,,
0,2,,0.075948,0.306711,0.617341,,50910400,,
0,2,,0.14401,0.169631,0.686359,,43343200,,
0,2,,0.17196,0.299975,0.528065,,41784000,,
0,2,,0.131278,0.305872,0.56285,,42353700,,
0,2,,0.151551,0.251875,0.596574,,40742600,,
0,2,,0.113522,0.271949,0.614529,,42469600,,
0,2,,0.101661,0.150952,0.747387,,40407500,,
0,2,,0.102204,0.143958,0.753838,,44138000,,
0,2,,0.144887,0.233344,0.621769,,42959200,,
0,2,,0.091681,0.270217,0.638103,,40550200,,
0,2,,0.164997,0.276859,0.558144,,41612400,,
0,2,,0.139614,0.370365,0.490021,,42987700,,
0,2,,0.141479,0.192822,0.6657,,42793200,,
0,2,,0.13897,0.246148,0.614882,,43098600,,
0,2,,0.211672,0.187727,0.600602,,44256100,,
0,2,,0.08047,0.156388,0.763143,,41624000,,
0,2,,0.125382,0.332657,0.541961,,42959800,,
0,2,,0.137474,0.259183,0.603343,,54474900,,
0,2,,0.107131,0.196244,0.696625,,56563100,,
0,2,,0.179829,0.227387,0.592784,,57779700,,
0,2,,0.143375,0.305877,0.550748,,73902800,,
0,2,,0.105677,0.26321,0.631113,,54694200,,
0,2,,0.118949,0.255079,0.625973,,50888900,,
0,2,,0.164602,0.200337,0.635061,,48267100,,
0,2,,0.114934,0.357988,0.527078,,49065700,,
0,2,,0.089464,0.410085,0.500451,,42906500,,
0,2,,0.131873,0.294931,0.573196,,42504500,,
0,2,,0.14122,0.356664,0.502115,,43021400,,
0,2,,0.201308,0.165223,0.633469,,46869500,,
0,2,,0.13185,0.31867,0.54948,,47286200,,
0,2,,0.086976,0.208573,0.704451,,46874600,,
0,2,,0.112624,0.174485,0.712891,,54217100,,
0,2,,0.087133,0.286377,0.626491,,54992700,,
0,2,,0.183242,0.262636,0.554122,,52472400,,
0,2,,0.120707,0.375662,0.503631,,57350900,,
0,2,,0.123764,0.219075,0.657161,,51374800,,
0,2,,0.130664,0.286132,0.583204,,53465400,,
0,2,,0.096913,0.359989,0.543098,,52764600,,
0,2,,0.178955,0.260325,0.560719,,54719800,,
0,2,,0.053759,0.354698,0.591542,,52600400,,
0,2,,0.078623,0.308105,0.613271,,53615800,,
0,2,,0.072392,0.300231,0.627377,,53192600,,
0,2,,0.096622,0.296176,0.607202,,52293700,,
0,2,,0.110547,0.221949,0.667504,,52749300,,
0,2,,0.135344,0.183978,0.680679,,52947300,,
0,2,,0.15101,0.326228,0.522761,,52601500,,
0,2,,0.137836,0.281435,0.580729,,48076100,,
0,2,,0.114038,0.215414,0.670548,,50321100,,
0,2,,0.122408,0.297316,0.580277,,49994600,,
0,2,,0.078199,0.31214,0.609661,,48562100,,
0,2,,0.129512,0.257112,0.613376,,51122700,,
0,2,,0.070255,0.325364,0.60438,,52480900,,
0,2,,0.248037,0.18507,0.566893,,49784700,,
0,2,,0.186385,0.289725,0.523891,,50828700,,
0,2,,0.104037,0.35331,0.542653,,53185100,,
0,2,,0.167216,0.314247,0.518537,,49143700,,
0,2,,0.119349,0.315778,0.564872,,51369900,,
0,2,,0.126266,0.263606,0.610128,,53917500,,
0,2,,0.086439,0.379891,0.53367,,51963500,,
0,2,,0.06911,0.335239,0.595652,,47941400,,
0,2,,0.113849,0.256195,0.629956,,46140200,,
0,2,,0.135692,0.298461,0.565848,,43773900,,
0,2,,0.178834,0.29564,0.525525,,40217900,,
0,2,,0.127225,0.282774,0.590001,,43215900,,
0,2,,0.099688,0.175885,0.724426,,50831600,,
0,2,,0.09972,0.229299,0.67098,,49083600,,
0,2,,0.125699,0.299889,0.574412,,50296400,,
0,2,,0.121871,0.34383,0.534299,,47849500,,
0,2,,0.100973,0.374607,0.52442,,45858500,,
0,2,,0.175376,0.195241,0.629383,,51255300,,
0,2,,0.120133,0.241386,0.63848,,58916600,,
0,2,,0.121623,0.190815,0.687562,,58475400,,
0,2,,0.093868,0.396627,0.509505,,51318500,,
0,2,,0.18838,0.18924,0.62238,,50383100,,
0,2,,0.166327,0.255132,0.578541,,47596800,,
0,2,,0.082962,0.292364,0.624674,,50138800,,
0,2,,0.123419,0.252295,0.624286,,53053400,,
0,2,,0.130735,0.256101,0.613164,,52216400,,
0,2,,0.111048,0.23772,0.651232,,52501700,,
0,2,,0.139803,0.278448,0.581749,,52152900,,
0,2,,0.1399,0.291748,0.568352,,51511900,,
0,2,,0.074237,0.228863,0.6969,,51315900,,
0,2,,0.10179,0.231156,0.667054,,47814800,,
0,2,,0.094552,0.308376,0.597072,,48035300,,
0,2,,0.245484,0.164309,0.590207,,48519200,,
0,2,,0.123948,0.298248,0.577804,,47666900,,
0,2,,0.114398,0.168378,0.717224,,46791400,,
0,2,,0.070852,0.258283,0.670865,,50231000,,
0,2,,0.100629,0.229082,0.670289,,63373500,,
0,2,,0.16159,0.252638,0.585772,,49100900,,
0,2,,0.139287,0.324805,0.535908,,51554500,,
0,2,,0.170509,0.189269,0.640222,,57931600,,
0,2,,0.072669,0.221875,0.705455,,59667400,,
0,2,,0.115759,0.218141,0.6661,,50452500,,
0,2,,0.108009,0.300714,0.591277,,53344100,,
0,2,,0.15864,0.237382,0.603978,,52502000,,
0,2,,0.149008,0.269507,0.581486,,43447900,,
0,2,,0.162124,0.188185,0.649691,,47143700,,
0,2,,0.081834,0.26145,0.656716,,48641800,,
0,2,,0.186609,0.296124,0.517267,,45225200,,
0,2,,0.132613,0.230703,0.636684,,44444700,,
0,2,,0.112542,0.248791,0.638667,,47101000,,
0,2,,0.121816,0.260246,0.617937,,47705400,,
0,2,,0.103584,0.226706,0.66971,,54341700,,
0,2,,0.124815,0.375563,0.499622,,55647600,,
0,2,,0.129395,0.326516,0.544089,,64181000,,
0,2,,0.096389,0.253897,0.649714,,48758800,,
0,2,,0.116102,0.286984,0.596914,,42715500,,
0,2,,0.13719,0.291826,0.570984,,47771200,,
0,2,,0.078402,0.243792,0.677806,,54079400,,
0,2,,0.110285,0.288261,0.601453,,62442100,,
0,2,,0.138933,0.269592,0.591475,,70815800,,
0,2,,0.122735,0.204148,0.673117,,59303000,,
0,2,,0.167901,0.253955,0.578144,,50395500,,
0,2,,0.176591,0.317105,0.506304,,52848600,,
0,2,,0.127866,0.259309,0.612826,,49165400,,
0,2,,0.075695,0.306915,0.61739,,50123000,,
0,2,,0.134891,0.284779,0.58033,,51164200,,
0,2,,0.190552,0.3534,0.456048,,51096900,,
0,2,,0.125779,0.282166,0.592054,,51202100,,
0,2,,0.165332,0.240962,0.593706,,50071800,,
0,2,,0.077583,0.292974,0.629443,,48957700,,
0,2,,0.123077,0.30537,0.571553,,53755200,,
0,2,,0.128726,0.28451,0.586764,,56898000,,
0,2,,0.14624,0.238635,0.615125,,54010600,,
0,2,,0.07607,0.281577,0.642353,,50816700,,
0,2,,0.188819,0.161812,0.649369,,57287800,,
0,2,,0.097627,0.244924,0.657449,,63484000,,
0,2,,0.105653,0.333059,0.561287,,68712600,,
0,2,,0.08015,0.28311,0.63674,,47650600,,
0,2,,0.237962,0.244962,0.517075,,40759500,,
0,2,,0.114962,0.301811,0.583226,,42064800,,
0,2,,0.11933,0.286556,0.594115,,46515900,,
0,2,,0.160125,0.155755,0.68412,,49331500,,
0,2,,0.160697,0.256235,0.583069,,56358600,,
0,2,,0.188669,0.235463,0.575867,,68598300,,
0,2,,0.113639,0.281311,0.60505,,57090500,,
0,2,,0.116696,0.349604,0.5337,,54933300,,
0,2,,0.128493,0.263639,0.607869,,55465400,,
0,2,,0.113828,0.249213,0.63696,,52246600,,
0,2,,0.150906,0.195607,0.653488,,52397200,,
0,2,,0.118754,0.367967,0.513279,,53898100,,
0,2,,0.09999,0.200354,0.699656,,99424700,,
0,1,,0.083785,0.491798,0.424417,,71742000,,
0,2,,0.167085,0.261973,0.570943,,65310100,,
0,2,,0.090599,0.191917,0.717483,,52318600,,
0,2,,0.123793,0.25045,0.625757,,58895600,,
0,2,,0.101515,0.289901,0.608584,,65218400,,
0,2,,0.110332,0.342232,0.547436,,64207700,,
0,2,,0.16319,0.243606,0.593204,,75871200,,
0,2,,0.096986,0.372762,0.530252,,61795200,,
0,2,,0.107207,0.153964,0.738829,,88923000,,
0,2,,0.231418,0.233614,0.534968,,80636800,,
0,2,,0.08043,0.217294,0.702276,,83842300,,
0,2,,0.100736,0.373998,0.525266,,74909500,,
0,2,,0.084633,0.172682,0.742685,,58774300,,
0,2,,0.043475,0.246284,0.710242,,56556000,,
0,2,,0.138078,0.259606,0.602316,,42200500,,
0,2,,0.165486,0.275139,0.559374,,42820200,,
0,2,,0.127405,0.282891,0.589704,,43143500,,
0,2,,0.106601,0.299985,0.593414,,51899700,,
0,2,,0.135965,0.284369,0.579666,,56527000,,
0,2,,0.09066,0.267309,0.642031,,41589000,,
0,2,,0.104764,0.299519,0.595716,,44950300,,
0,2,,0.114225,0.321722,0.564053,,44490100,,
0,2,,0.080177,0.211785,0.708038,,48469200,,
0,2,,0.182857,0.254605,0.562538,,48856500,,
0,2,,0.092369,0.34391,0.563721,,50123800,,
0,2,,0.085234,0.248814,0.665952,,47821500,,
0,2,,0.129777,0.197913,0.672311,,52238100,,
0,2,,0.104265,0.273688,0.622047,,52797900,,
0,2,,0.16395,0.189652,0.646398,,54987500,,
0,2,,0.177483,0.278267,0.54425,,54493000,,
0,2,,0.144373,0.302061,0.553566,,52769400,,
0,2,,0.087694,0.193573,0.718734,,52320800,,
0,2,,0.123021,0.190939,0.68604,,50741800,,
0,2,,0.106226,0.277822,0.615952,,48864800,,
0,2,,0.102694,0.283637,0.613669,,48985000,,
0,2,,0.100739,0.209827,0.689434,,50573100,,
0,2,,0.112905,0.329101,0.557993,,52426300,,
0,2,,0.108818,0.251578,0.639603,,51540600,,
0,2,,0.136359,0.251908,0.611732,,48830000,,
0,2,,0.113201,0.191469,0.69533,,53240900,,
0,2,,0.11625,0.252873,0.630877,,55604800,,
0,2,,0.10326,0.379533,0.517207,,46862100,,
0,2,,0.150764,0.228472,0.620764,,43034800,,
0,2,,0.074612,0.286298,0.63909,,46333400,,
0,2,,0.142463,0.186668,0.670869,,50007900,,
0,2,,0.142697,0.231636,0.625668,,47929700,,
0,2,,0.141241,0.251733,0.607027,,47511700,,
0,2,,0.145797,0.265229,0.588975,,42504100,,
0,2,,0.0976,0.383911,0.518489,,40129500,,
0,2,,0.104054,0.17498,0.720966,,41711400,,
0,2,,0.168895,0.333724,0.497381,,45872200,,
0,2,,0.128788,0.226977,0.644235,,43414600,,
0,2,,0.17836,0.205274,0.616366,,46404000,,
0,2,,0.085031,0.312323,0.602646,,47674000,,
0,2,,0.159102,0.227674,0.613224,,44186400,,
0,2,,0.094211,0.222387,0.683402,,45535300,,
0,2,,0.075302,0.338294,0.586404,,50334200,,
0,2,,0.157833,0.165551,0.676616,,56022000,,
0,2,,0.156291,0.247272,0.596438,,58026400,,
0,2,,0.118261,0.232431,0.649308,,50538600,,
0,2,,0.142014,0.262908,0.595078,,51046300,,
0,2,,0.109565,0.196132,0.694303,,51140200,,
0,2,,0.126082,0.272845,0.601073,,51631400,,
0,2,,0.161943,0.245336,0.592721,,49595700,,
0,2,,0.10325,0.323942,0.572807,,49149100,,
0,2,,0.209739,0.202959,0.587301,,47103900,,
0,2,,0.124726,0.316292,0.558982,,42744300,,
0,2,,0.150205,0.157521,0.692274,,46570000,,
0,2,,0.146304,0.257153,0.596543,,46960400,,
0,2,,0.128316,0.27514,0.596544,,43926500,,
0,2,,0.186471,0.182117,0.631412,,40141500,,
0,2,,0.156811,0.29735,0.545839,,42320100,,
0,2,,0.160298,0.300615,0.539087,,39163800,,
0,2,,0.146372,0.279042,0.574585,,44118200,,
0,2,,0.138417,0.218016,0.643567,,46820800,,
0,2,,0.130062,0.244798,0.62514,,47750000,,
0,2,,0.143057,0.232004,0.624939,,50796500,,
0,2,,0.128824,0.278351,0.592825,,50155400,,
0,2,,0.087505,0.304758,0.607737,,44965900,,
0,2,,0.178357,0.226799,0.594844,,44891700,,
0,2,,0.166353,0.30974,0.523907,,44164800,,
0,2,,0.122562,0.218779,0.658659,,66404500,,
0,2,,0.075345,0.240724,0.683931,,49712200,,
0,2,,0.281842,0.192801,0.525357,,49527600,,
0,2,,0.09881,0.328194,0.572996,,47632100,,
0,2,,0.087198,0.255869,0.656933,,54203500,,
0,2,,0.208168,0.22671,0.565122,,55463900,,
0,2,,0.077846,0.165044,0.75711,,54066600,,
0,2,,0.14749,0.318165,0.534345,,50726100,,
0,2,,0.109132,0.289333,0.601534,,53551000,,
0,2,,0.096248,0.445779,0.457973,,52119000,,
0,2,,0.090058,0.245382,0.66456,,49923000,,
0,2,,0.118653,0.209403,0.671944,,50330800,,
0,2,,0.068253,0.287973,0.643774,,48375900,,
0,2,,0.118108,0.282648,0.599244,,53025800,,
0,2,,0.16444,0.221755,0.613805,,46977000,,
0,2,,0.148699,0.281742,0.569559,,49659500,,
0,2,,0.133839,0.276045,0.590116,,54261700,,
0,2,,0.15357,0.201739,0.644692,,48455100,,
0,2,,0.147806,0.260229,0.591966,,45611000,,
0,2,,0.116032,0.29018,0.593788,,46183200,,
0,2,,0.129709,0.261787,0.608504,,49764800,,
0,2,,0.111274,0.269037,0.619689,,50535900,,
0,2,,0.099574,0.333666,0.56676,,50149500,,
0,2,,0.057966,0.231194,0.71084,,49182600,,
0,2,,0.08382,0.313476,0.602704,,42683500,,
0,2,,0.061424,0.304238,0.634338,,50793500,,
0,2,,0.111342,0.23577,0.652888,,51827000,,
0,2,,0.134447,0.373261,0.492292,,49811200,,
0,2,,0.103754,0.177446,0.718799,,50692300,,
0,2,,0.097936,0.25937,0.642695,,43854100,,
0,2,,0.099418,0.303268,0.597313,,42408900,,
0,2,,0.170387,0.240215,0.589398,,39679700,,
0,2,,0.080034,0.221958,0.698007,,44273300,,
0,2,,0.115165,0.193043,0.691791,,50055700,,
0,2,,0.195416,0.164328,0.640256,,54126400,,
0,2,,0.074708,0.354349,0.570943,,56459900,,
0,2,,0.099863,0.203059,0.697078,,50942500,,
0,2,,0.121002,0.222828,0.65617,,47988200,,
0,2,,0.14627,0.284835,0.568895,,42613800,,
0,2,,0.139052,0.256409,0.604539,,43557200,,
0,2,,0.103696,0.424528,0.471776,,45817600,,
0,2,,0.096425,0.314629,0.588946,,55490500,,
0,2,,0.104442,0.374954,0.520604,,51249600,,
0,2,,0.17514,0.264652,0.560209,,47592900,,
0,2,,0.10602,0.30181,0.59217,,47696600,,
0,2,,0.124288,0.337703,0.538009,,43235200,,
0,2,,0.084845,0.279233,0.635922,,43633300,,
0,2,,0.133923,0.309059,0.557018,,40186100,,
0,2,,0.192784,0.285635,0.521581,,42277100,,
0,2,,0.130562,0.257861,0.611577,,44341300,,
0,2,,0.104744,0.252183,0.643073,,54575800,,
0,2,,0.133966,0.369845,0.496189,,52271700,,
0,2,,0.097857,0.259825,0.642318,,42883300,,
0,2,,0.088685,0.221215,0.6901,,43330000,,
0,2,,0.098688,0.280592,0.620721,,46955000,,
0,2,,0.20819,0.202804,0.589006,,51870900,,
0,2,,0.106132,0.313899,0.579969,,50892600,,
0,2,,0.150598,0.217204,0.632198,,48517500,,
0,2,,0.13401,0.316939,0.549051,,44889900,,
0,2,,0.162448,0.346299,0.491253,,41814600,,
0,2,,0.094367,0.261576,0.644057,,44125000,,
0,2,,0.097323,0.225101,0.677576,,47378100,,
0,2,,0.115519,0.253074,0.631407,,47617600,,
0,2,,0.091475,0.227843,0.680682,,49698800,,
0,2,,0.232134,0.22364,0.544226,,48480500,,
0,2,,0.125441,0.213478,0.661081,,48040200,,
0,2,,0.106456,0.168578,0.724966,,49692100,,
0,2,,0.162569,0.245279,0.592153,,49248400,,
0,2,,0.131856,0.389949,0.478195,,48165800,,
0,2,,0.22315,0.204784,0.572066,,48522400,,
0,2,,0.122892,0.214037,0.663071,,47982400,,
0,2,,0.129106,0.292746,0.578148,,50124400,,
0,2,,0.154038,0.197862,0.6481,,67874300,,
0,2,,0.146116,0.358013,0.49587,,49946300,,
0,2,,0.101269,0.30916,0.58957,,53968300,,
0,2,,0.153098,0.228296,0.618606,,50295700,,
0,2,,0.175723,0.218009,0.606268,,46512200,,
0,2,,0.120639,0.325264,0.554097,,41328300,,
0,2,,0.084382,0.33015,0.585467,,43200400,,
0,2,,0.132152,0.273189,0.594659,,45575800,,
0,2,,0.169969,0.139106,0.690926,,41347800,,
0,2,,0.129819,0.214924,0.655257,,43370600,,
0,2,,0.094307,0.333882,0.571811,,41311600,,
0,2,,0.092444,0.292884,0.614671,,44829500,,
0,1,,0.167237,0.422223,0.41054,,47227300,,
0,2,,0.172904,0.273167,0.553928,,48862300,,
0,2,,0.149887,0.192227,0.657886,,50536100,,
0,2,,0.097651,0.259676,0.642672,,51212900,,
0,2,,0.114203,0.340459,0.545338,,42472000,,
0,2,,0.137731,0.268468,0.593801,,45198300,,
0,2,,0.180809,0.171735,0.647456,,43861500,,
0,2,,0.134456,0.296424,0.569121,,45692100,,
0,2,,0.101404,0.309054,0.589542,,43806200,,
0,2,,0.077554,0.19168,0.730766,,43377000,,
0,2,,0.080733,0.200756,0.718511,,43843500,,
0,2,,0.148811,0.224042,0.627147,,44871400,,
0,2,,0.137621,0.368117,0.494261,,47795000,,
0,2,,0.099972,0.279039,0.620989,,46565300,,
0,2,,0.133171,0.349309,0.51752,,42117500,,
0,2,,0.146723,0.241402,0.611875,,44652100,,
0,2,,0.116799,0.275342,0.607859,,41859400,,
0,2,,0.12911,0.267828,0.603062,,43949500,,
0,2,,0.115657,0.398808,0.485535,,42244400,,
0,2,,0.056179,0.438602,0.505219,,43765200,,
0,2,,0.132314,0.269442,0.598244,,40643400,,
0,2,,0.049878,0.328215,0.621907,,51483500,,
0,2,,0.087699,0.277164,0.635137,,52618000,,
0,2,,0.125117,0.289215,0.585668,,54966300,,
0,2,,0.126593,0.290118,0.583289,,49107900,,
0,2,,0.11516,0.294524,0.590316,,56381200,,
