connect-4,CWE,test,3,NANOSECONDS,PREDICTIONS, Generated by ClassifierExperiments.java on 2022-05-15 22:14:17.    SYSTEMPROPERTIES:{user.name:matth,os.arch:amd64,os.name:Windows 10},ENDSYSTEMPROPERTIES
No parameter info
0.6861308466548254,31068342200,787761501400,-1,689437888,3,,-1,-1
0,2,,0.188596,0.350134,0.461271,,68374500,,
0,2,,0.236333,0.325322,0.438345,,58992500,,
0,2,,0.174659,0.31419,0.511151,,56820000,,
0,2,,0.131962,0.33218,0.535858,,59423400,,
0,2,,0.116209,0.365423,0.518369,,58310400,,
0,2,,0.113486,0.320204,0.56631,,57163600,,
0,2,,0.083999,0.317451,0.59855,,59833800,,
0,2,,0.103063,0.237594,0.659343,,60154400,,
0,2,,0.170094,0.370665,0.459241,,60851300,,
0,2,,0.103747,0.253663,0.64259,,72546500,,
0,2,,0.172757,0.299853,0.52739,,62457400,,
0,2,,0.120319,0.23259,0.647091,,63305700,,
0,2,,0.132706,0.164625,0.702669,,64524400,,
0,2,,0.202492,0.196611,0.600897,,59413900,,
0,2,,0.073788,0.305974,0.620238,,65362200,,
0,2,,0.114927,0.220617,0.664456,,63386700,,
0,2,,0.082299,0.348277,0.569423,,76628700,,
0,2,,0.126091,0.343922,0.529987,,71071900,,
0,2,,0.102858,0.119511,0.777631,,61093200,,
0,2,,0.17646,0.275156,0.548383,,63900800,,
0,2,,0.143451,0.221765,0.634784,,67337300,,
0,2,,0.06235,0.282375,0.655275,,61420400,,
0,2,,0.112138,0.188679,0.699183,,56069300,,
0,2,,0.07426,0.332723,0.593017,,54588600,,
0,2,,0.103193,0.325436,0.571371,,55155800,,
0,2,,0.138839,0.388986,0.472175,,59381400,,
0,2,,0.076626,0.248453,0.674921,,61316300,,
0,2,,0.088755,0.321516,0.589729,,57743000,,
0,2,,0.204049,0.269665,0.526286,,57258400,,
0,2,,0.090312,0.22379,0.685899,,72046800,,
0,2,,0.141181,0.237064,0.621755,,57984100,,
0,2,,0.140908,0.251659,0.607433,,55514700,,
0,2,,0.141641,0.24904,0.609319,,57154300,,
0,2,,0.132589,0.220798,0.646613,,59282300,,
0,2,,0.108566,0.301865,0.589569,,55263000,,
0,2,,0.164763,0.363525,0.471712,,54265600,,
0,2,,0.164187,0.228336,0.607477,,57835000,,
0,2,,0.089639,0.273803,0.636558,,54663800,,
0,2,,0.111082,0.204881,0.684036,,53274000,,
0,2,,0.155828,0.281238,0.562934,,56043400,,
0,2,,0.105471,0.180456,0.714073,,54926100,,
0,2,,0.120065,0.255417,0.624518,,54479900,,
0,2,,0.141734,0.360247,0.498019,,55280900,,
0,2,,0.110001,0.206202,0.683797,,73772400,,
0,2,,0.10382,0.375504,0.520675,,55527400,,
0,2,,0.187898,0.231718,0.580384,,54236400,,
0,2,,0.123971,0.345937,0.530092,,57570000,,
0,2,,0.097961,0.264771,0.637269,,65995500,,
0,2,,0.156724,0.386502,0.456774,,55568200,,
0,2,,0.121354,0.215695,0.662951,,56917400,,
0,2,,0.124333,0.303997,0.57167,,57395400,,
0,2,,0.13752,0.200569,0.661911,,56854900,,
0,2,,0.11251,0.150798,0.736692,,59852600,,
0,2,,0.105245,0.18108,0.713675,,57554500,,
0,2,,0.158835,0.228509,0.612656,,59018000,,
0,2,,0.160976,0.254842,0.584182,,57115500,,
0,2,,0.046944,0.277354,0.675702,,61359800,,
0,2,,0.127998,0.266315,0.605686,,60163100,,
0,2,,0.142902,0.254163,0.602934,,55511400,,
0,2,,0.115469,0.222888,0.661643,,54741200,,
0,2,,0.136982,0.208957,0.654061,,48827600,,
0,2,,0.108822,0.254695,0.636484,,55276200,,
0,2,,0.166342,0.263752,0.569906,,56983100,,
0,2,,0.108293,0.235105,0.656601,,57298400,,
0,2,,0.109902,0.364191,0.525907,,64948000,,
0,2,,0.137222,0.198063,0.664715,,65714000,,
0,2,,0.143079,0.399217,0.457704,,66952100,,
0,2,,0.110235,0.262719,0.627046,,58353000,,
0,2,,0.186525,0.276409,0.537066,,56942000,,
0,2,,0.135275,0.286329,0.578396,,56585400,,
0,2,,0.099553,0.322633,0.577814,,60599300,,
0,2,,0.118623,0.215041,0.666336,,73551700,,
0,2,,0.171635,0.243074,0.585291,,59050100,,
0,2,,0.101303,0.283013,0.615683,,60391200,,
0,2,,0.090537,0.196579,0.712884,,58790900,,
0,2,,0.112859,0.376781,0.51036,,59510500,,
0,2,,0.096076,0.288588,0.615336,,58699500,,
0,2,,0.101942,0.138579,0.759479,,59964400,,
0,2,,0.053576,0.293371,0.653053,,58316700,,
0,2,,0.095141,0.219501,0.685357,,60345800,,
0,2,,0.131334,0.35201,0.516656,,65536900,,
0,2,,0.137864,0.233534,0.628602,,59176700,,
0,2,,0.097561,0.273896,0.628542,,58604600,,
0,2,,0.145338,0.267906,0.586756,,58975700,,
0,2,,0.166923,0.33165,0.501427,,55899100,,
0,2,,0.149576,0.245034,0.60539,,56086900,,
0,2,,0.091789,0.28642,0.621791,,55157900,,
0,2,,0.185456,0.256675,0.55787,,54539200,,
0,2,,0.14924,0.176464,0.674295,,59819500,,
0,2,,0.071749,0.178108,0.750143,,68238000,,
0,2,,0.188082,0.360482,0.451436,,64407700,,
0,2,,0.090743,0.236834,0.672423,,73499200,,
0,2,,0.085245,0.187024,0.727731,,68914100,,
0,2,,0.156573,0.373225,0.470202,,64896900,,
0,2,,0.205297,0.281315,0.513388,,58199000,,
0,2,,0.140174,0.331592,0.528234,,70610500,,
0,2,,0.100833,0.199961,0.699206,,66835800,,
0,2,,0.087288,0.269981,0.642731,,62978700,,
0,2,,0.105241,0.318487,0.576271,,58358300,,
0,2,,0.191081,0.255253,0.553666,,61704900,,
0,2,,0.095792,0.247651,0.656557,,60436500,,
0,2,,0.164855,0.231499,0.603646,,58153800,,
0,2,,0.141032,0.300566,0.558403,,56608700,,
0,2,,0.16889,0.343105,0.488005,,58097900,,
0,2,,0.128205,0.347116,0.524678,,71139200,,
0,2,,0.148173,0.289716,0.562111,,72323000,,
0,2,,0.154785,0.255553,0.589662,,88657100,,
0,2,,0.109723,0.223477,0.6668,,65167500,,
0,2,,0.094592,0.179697,0.725711,,33817300,,
0,2,,0.184968,0.199186,0.615846,,38031900,,
0,2,,0.158893,0.248504,0.592603,,47207000,,
0,2,,0.144676,0.281347,0.573976,,60449500,,
0,2,,0.168069,0.26279,0.569141,,40824400,,
0,2,,0.144949,0.311959,0.543091,,38030600,,
0,2,,0.095989,0.216199,0.687812,,37700500,,
0,2,,0.097485,0.377008,0.525507,,39022300,,
0,2,,0.131149,0.211442,0.657409,,44850800,,
0,2,,0.137378,0.178482,0.68414,,43464800,,
0,2,,0.12826,0.352708,0.519032,,50179800,,
0,2,,0.076056,0.193907,0.730036,,62355800,,
0,2,,0.17537,0.242964,0.581667,,66776800,,
0,2,,0.130407,0.408493,0.4611,,92769000,,
0,2,,0.135758,0.278898,0.585344,,78382900,,
0,2,,0.084825,0.278937,0.636238,,85239800,,
0,2,,0.161815,0.282502,0.555683,,69592600,,
0,2,,0.124581,0.232529,0.64289,,52286900,,
0,2,,0.148639,0.379226,0.472134,,76793900,,
0,2,,0.192838,0.259115,0.548047,,118505100,,
0,2,,0.112903,0.249713,0.637384,,136149300,,
0,2,,0.101661,0.306233,0.592106,,130825700,,
0,2,,0.078843,0.189827,0.73133,,127217500,,
0,2,,0.129265,0.265985,0.60475,,99205000,,
0,2,,0.127956,0.328743,0.543301,,109064400,,
0,2,,0.133007,0.306475,0.560518,,102732800,,
0,2,,0.163642,0.362216,0.474142,,83727200,,
0,2,,0.074404,0.25169,0.673906,,64094600,,
0,2,,0.113655,0.350921,0.535424,,56796300,,
0,2,,0.133529,0.264143,0.602328,,47379400,,
0,2,,0.10356,0.208765,0.687674,,58657700,,
0,2,,0.143623,0.261436,0.594941,,49662200,,
0,2,,0.103636,0.190319,0.706045,,54768700,,
0,2,,0.116227,0.220382,0.663391,,67123100,,
0,2,,0.089401,0.29545,0.615149,,49976600,,
0,2,,0.117465,0.398697,0.483839,,55268200,,
0,2,,0.093007,0.284057,0.622936,,48922400,,
0,2,,0.085639,0.305193,0.609169,,47903400,,
0,2,,0.14888,0.240457,0.610663,,49045100,,
0,2,,0.16627,0.243928,0.589802,,50460000,,
0,2,,0.135127,0.243172,0.621701,,63166700,,
0,2,,0.153526,0.176248,0.670226,,49209900,,
0,2,,0.108699,0.332029,0.559272,,55659400,,
0,2,,0.153542,0.267283,0.579175,,82719800,,
0,2,,0.156302,0.2099,0.633798,,67024800,,
0,2,,0.144543,0.311574,0.543882,,56159700,,
0,2,,0.149412,0.198667,0.651921,,52117600,,
0,2,,0.17218,0.306856,0.520965,,55954000,,
0,2,,0.092582,0.222295,0.685123,,61199500,,
0,2,,0.086682,0.23713,0.676188,,62778700,,
0,2,,0.176701,0.262729,0.56057,,64061300,,
0,2,,0.10059,0.30193,0.597479,,49196800,,
0,2,,0.081273,0.258939,0.659788,,48298100,,
0,2,,0.112698,0.331481,0.555821,,56614700,,
0,2,,0.139868,0.226021,0.634111,,51043000,,
0,2,,0.103181,0.314022,0.582797,,64311000,,
0,2,,0.186141,0.208181,0.605679,,49038800,,
0,2,,0.111478,0.154078,0.734444,,58243000,,
0,2,,0.222863,0.2635,0.513637,,80139300,,
0,2,,0.116867,0.202818,0.680315,,71669100,,
0,2,,0.191956,0.235322,0.572722,,74067900,,
0,2,,0.198288,0.266286,0.535426,,82474900,,
0,2,,0.100519,0.267974,0.631507,,77728900,,
0,2,,0.095177,0.28367,0.621152,,58774800,,
0,2,,0.164403,0.219304,0.616294,,53057500,,
0,2,,0.083321,0.251075,0.665604,,58155800,,
0,2,,0.138053,0.30511,0.556837,,61563300,,
0,2,,0.1521,0.170482,0.677418,,59824200,,
0,2,,0.218332,0.238476,0.543193,,49243900,,
0,2,,0.116853,0.339631,0.543516,,72436700,,
0,2,,0.161169,0.411294,0.427537,,86876100,,
0,2,,0.123916,0.303452,0.572632,,61375800,,
0,2,,0.127478,0.335042,0.53748,,57744500,,
0,2,,0.106011,0.23876,0.655229,,65881100,,
0,2,,0.107894,0.317666,0.57444,,60699700,,
0,2,,0.128394,0.309085,0.562521,,73172900,,
0,2,,0.099363,0.352146,0.548491,,62791100,,
0,2,,0.109984,0.350978,0.539038,,64643900,,
0,2,,0.161882,0.303938,0.53418,,76839200,,
0,2,,0.162454,0.295909,0.541637,,60755600,,
0,2,,0.13734,0.230352,0.632308,,69273700,,
0,2,,0.167375,0.238322,0.594303,,61664600,,
0,2,,0.124532,0.216667,0.658801,,61470200,,
0,2,,0.098632,0.320758,0.58061,,58950300,,
0,2,,0.121665,0.379782,0.498552,,76309900,,
0,2,,0.115191,0.270932,0.613877,,63433000,,
0,2,,0.115191,0.268992,0.615817,,55761700,,
0,2,,0.134468,0.355227,0.510305,,64178500,,
0,2,,0.117625,0.300811,0.581564,,58727100,,
0,2,,0.104197,0.301919,0.593884,,55615100,,
0,2,,0.097586,0.309662,0.592752,,41508600,,
0,2,,0.108502,0.259591,0.631907,,39964100,,
0,2,,0.115498,0.223061,0.661441,,74358200,,
0,2,,0.166396,0.312171,0.521433,,56409000,,
0,2,,0.198562,0.212446,0.588991,,44830400,,
0,2,,0.133273,0.196431,0.670295,,40030900,,
0,2,,0.161576,0.38404,0.454383,,40610300,,
0,2,,0.102389,0.209791,0.68782,,44547500,,
0,2,,0.096352,0.2799,0.623748,,53816000,,
0,2,,0.196044,0.243586,0.56037,,65441400,,
0,2,,0.086783,0.42164,0.491577,,66609900,,
0,2,,0.084964,0.270379,0.644657,,60347800,,
0,2,,0.082695,0.225934,0.691371,,61521700,,
0,2,,0.103906,0.280455,0.615639,,57361300,,
0,2,,0.124063,0.368721,0.507216,,71830000,,
0,2,,0.103033,0.270333,0.626634,,58176000,,
0,2,,0.138618,0.395848,0.465535,,56667400,,
0,2,,0.127248,0.340203,0.532549,,64083100,,
0,2,,0.126236,0.238425,0.635339,,88380200,,
0,2,,0.119105,0.220562,0.660333,,95816200,,
0,2,,0.08033,0.310828,0.608842,,95571300,,
0,2,,0.085928,0.218777,0.695295,,66160400,,
0,2,,0.159273,0.249068,0.59166,,63236900,,
0,2,,0.171357,0.209434,0.619209,,66705300,,
0,2,,0.088417,0.234125,0.677457,,64569600,,
0,2,,0.069997,0.305968,0.624035,,60521600,,
0,2,,0.181237,0.223052,0.595711,,59954200,,
0,2,,0.085918,0.422154,0.491928,,60599300,,
0,2,,0.113987,0.313448,0.572565,,57331700,,
0,2,,0.135124,0.359553,0.505324,,58377600,,
0,2,,0.088936,0.239676,0.671388,,64014500,,
0,2,,0.110703,0.236132,0.653166,,69653000,,
0,2,,0.112744,0.220818,0.666438,,82898900,,
0,2,,0.181186,0.216628,0.602186,,67799500,,
0,2,,0.139403,0.353141,0.507455,,60337100,,
0,2,,0.130924,0.187828,0.681248,,60207500,,
0,2,,0.182636,0.362703,0.454662,,63964000,,
0,2,,0.083911,0.35078,0.565309,,61998500,,
0,2,,0.202058,0.370251,0.427691,,61590300,,
0,2,,0.149724,0.194637,0.655639,,60058800,,
0,2,,0.133361,0.251224,0.615415,,60067600,,
0,2,,0.111521,0.202376,0.686103,,56652200,,
0,2,,0.124941,0.206194,0.668865,,57154300,,
0,2,,0.159482,0.181431,0.659087,,58769200,,
0,2,,0.172315,0.318366,0.509319,,57099200,,
0,2,,0.133509,0.326372,0.540119,,55152100,,
0,2,,0.129403,0.275538,0.595059,,62468300,,
0,2,,0.076973,0.360192,0.562836,,61889900,,
0,2,,0.120611,0.179148,0.700241,,65582400,,
0,2,,0.123618,0.246598,0.629784,,58928700,,
0,2,,0.121952,0.171386,0.706662,,56688800,,
0,2,,0.191251,0.263987,0.544762,,77470800,,
0,2,,0.073822,0.192209,0.733969,,75642000,,
0,2,,0.073805,0.306336,0.619859,,60258100,,
0,2,,0.110052,0.329412,0.560536,,58003100,,
0,2,,0.098507,0.12395,0.777543,,62499000,,
0,2,,0.07761,0.160294,0.762096,,62996000,,
0,2,,0.15852,0.183788,0.657692,,56848200,,
0,2,,0.136045,0.263143,0.600811,,57839700,,
0,2,,0.146771,0.249116,0.604113,,60496800,,
0,2,,0.133481,0.314375,0.552144,,60869300,,
0,2,,0.095388,0.183175,0.721437,,61641500,,
0,2,,0.124024,0.268528,0.607449,,64621000,,
0,2,,0.107763,0.215012,0.677225,,63186200,,
0,2,,0.144536,0.292877,0.562587,,65975100,,
0,2,,0.205814,0.238631,0.555555,,61535500,,
0,2,,0.09513,0.349645,0.555225,,55346000,,
0,2,,0.169996,0.314559,0.515445,,54476800,,
0,2,,0.11564,0.157138,0.727222,,57494000,,
0,2,,0.1088,0.255456,0.635744,,57712200,,
0,2,,0.160802,0.361591,0.477606,,61733700,,
0,2,,0.171474,0.29389,0.534636,,70028100,,
0,2,,0.141169,0.284995,0.573836,,66207800,,
0,2,,0.187096,0.319188,0.493716,,77083100,,
0,2,,0.149574,0.348071,0.502356,,57200300,,
0,2,,0.176067,0.225325,0.598609,,57234000,,
0,2,,0.159972,0.323673,0.516355,,57526900,,
0,2,,0.059867,0.315423,0.62471,,49428100,,
0,2,,0.098111,0.328567,0.573322,,65954100,,
0,2,,0.158265,0.354015,0.487719,,65354800,,
0,2,,0.100895,0.324995,0.57411,,64173000,,
0,2,,0.187321,0.333264,0.479415,,66035000,,
0,2,,0.081381,0.331639,0.58698,,60742500,,
0,2,,0.110509,0.262528,0.626963,,59893600,,
0,2,,0.113203,0.20869,0.678107,,60941600,,
0,2,,0.178001,0.314082,0.507917,,67780400,,
0,2,,0.124282,0.234978,0.64074,,58958500,,
0,2,,0.124041,0.215028,0.660931,,67472800,,
0,2,,0.075954,0.254257,0.669789,,56996800,,
0,2,,0.098896,0.188692,0.712412,,61807000,,
0,2,,0.112496,0.28212,0.605383,,53410000,,
0,2,,0.062365,0.229489,0.708147,,55683800,,
0,2,,0.151417,0.250969,0.597613,,54448000,,
0,2,,0.112989,0.234939,0.652071,,54407300,,
0,2,,0.174185,0.14416,0.681655,,54112400,,
0,2,,0.155496,0.332588,0.511917,,59689900,,
0,2,,0.093597,0.201967,0.704436,,64313600,,
0,2,,0.094789,0.240034,0.665176,,65552100,,
0,2,,0.206058,0.303567,0.490375,,64704100,,
0,2,,0.167144,0.268384,0.564472,,56532500,,
0,2,,0.11188,0.228824,0.659295,,53821200,,
0,2,,0.11682,0.276443,0.606737,,64662900,,
0,2,,0.101513,0.182965,0.715522,,57716100,,
0,2,,0.135095,0.240817,0.624087,,59772600,,
0,2,,0.093505,0.239748,0.666747,,58583500,,
0,2,,0.069404,0.272138,0.658457,,73089500,,
0,2,,0.279727,0.248922,0.471351,,62903200,,
0,2,,0.126047,0.261547,0.612406,,59133600,,
0,2,,0.121485,0.269487,0.609027,,60524600,,
0,2,,0.160503,0.285894,0.553604,,59916000,,
0,2,,0.08478,0.24368,0.67154,,57716600,,
0,2,,0.119768,0.205481,0.674751,,55890800,,
0,2,,0.145941,0.306528,0.547531,,57612600,,
0,2,,0.10677,0.199073,0.694156,,70877600,,
0,2,,0.118842,0.323623,0.557535,,62964700,,
0,2,,0.051146,0.236822,0.712032,,58654200,,
0,2,,0.187871,0.151052,0.661077,,58475000,,
0,2,,0.187087,0.263763,0.549149,,58403900,,
0,2,,0.1644,0.39589,0.43971,,61087500,,
0,2,,0.192241,0.278062,0.529697,,56098700,,
0,2,,0.178433,0.268938,0.552629,,61352000,,
0,2,,0.126268,0.235161,0.638571,,58573000,,
0,2,,0.121546,0.291231,0.587224,,61804700,,
0,2,,0.116075,0.254096,0.629829,,56636300,,
0,2,,0.12958,0.296853,0.573566,,56748700,,
0,2,,0.111403,0.243167,0.64543,,56072600,,
0,2,,0.130802,0.311725,0.557473,,61633700,,
0,2,,0.123651,0.26997,0.606379,,57468500,,
0,2,,0.138743,0.273673,0.587584,,74347900,,
0,2,,0.085707,0.165919,0.748374,,61039300,,
0,2,,0.14311,0.185561,0.671329,,58426800,,
0,2,,0.109823,0.279284,0.610892,,63782100,,
0,2,,0.119041,0.276979,0.60398,,65402100,,
0,2,,0.119757,0.329911,0.550332,,58198600,,
0,2,,0.093092,0.244421,0.662486,,60603200,,
0,2,,0.099574,0.323462,0.576963,,65843000,,
0,2,,0.203326,0.297149,0.499526,,56907800,,
0,2,,0.178049,0.406941,0.41501,,56326900,,
0,2,,0.170362,0.278353,0.551285,,60391000,,
0,2,,0.138594,0.244266,0.61714,,63069500,,
0,2,,0.159099,0.214986,0.625915,,64719400,,
0,2,,0.121849,0.240666,0.637485,,60415800,,
0,2,,0.126407,0.292624,0.58097,,61868700,,
0,2,,0.129944,0.356908,0.513147,,51975000,,
0,2,,0.166064,0.231952,0.601984,,55417700,,
0,2,,0.152683,0.256015,0.591302,,54799200,,
0,2,,0.136275,0.222824,0.640901,,57552200,,
0,2,,0.090314,0.237099,0.672587,,56721900,,
0,2,,0.111579,0.165865,0.722556,,69494200,,
0,2,,0.108413,0.200698,0.69089,,60270200,,
0,2,,0.080657,0.298821,0.620521,,57412500,,
0,2,,0.107272,0.265916,0.626812,,54905600,,
0,2,,0.092089,0.352621,0.55529,,57352800,,
0,2,,0.15557,0.28006,0.564371,,61361200,,
0,2,,0.126684,0.277833,0.595483,,57570700,,
0,2,,0.209955,0.178087,0.611958,,60066200,,
0,2,,0.091655,0.29531,0.613035,,64960200,,
0,2,,0.177799,0.327097,0.495104,,55740100,,
0,2,,0.127596,0.202451,0.669953,,63425100,,
0,2,,0.137813,0.330068,0.532119,,60092800,,
0,2,,0.173933,0.340134,0.485933,,61270600,,
0,2,,0.108814,0.411843,0.479343,,61589900,,
0,2,,0.154528,0.234907,0.610566,,59771800,,
0,2,,0.122689,0.2136,0.663711,,57027400,,
0,2,,0.102577,0.252033,0.64539,,63063700,,
0,2,,0.150836,0.342137,0.507028,,60270600,,
0,2,,0.0913,0.333504,0.575196,,60436400,,
0,2,,0.118009,0.223304,0.658687,,72024000,,
0,2,,0.152229,0.245906,0.601865,,64242100,,
0,2,,0.123395,0.270471,0.606134,,59136300,,
0,2,,0.13633,0.23892,0.624751,,62531100,,
0,2,,0.130168,0.194263,0.675569,,60207400,,
0,2,,0.156519,0.273116,0.570365,,61971100,,
0,2,,0.111848,0.329771,0.55838,,61604000,,
0,2,,0.140732,0.223072,0.636196,,60799400,,
0,2,,0.170011,0.274623,0.555367,,74418300,,
0,2,,0.080706,0.205778,0.713516,,63010300,,
0,2,,0.161859,0.228798,0.609343,,57970700,,
0,2,,0.075809,0.271078,0.653113,,50172000,,
0,2,,0.231872,0.321539,0.446589,,54772500,,
0,2,,0.092728,0.291325,0.615947,,56759900,,
0,2,,0.129442,0.167345,0.703213,,60472900,,
0,2,,0.114625,0.26506,0.620315,,64060900,,
0,2,,0.121882,0.278053,0.600065,,59290000,,
0,2,,0.120314,0.291179,0.588507,,62327500,,
0,2,,0.167318,0.23026,0.602423,,60571800,,
0,2,,0.073084,0.329828,0.597088,,64025600,,
0,2,,0.167688,0.303073,0.529239,,58999000,,
0,2,,0.132944,0.354739,0.512317,,57981100,,
0,2,,0.093235,0.211913,0.694852,,59094500,,
0,2,,0.100854,0.308987,0.590159,,58105700,,
0,2,,0.13988,0.237906,0.622214,,59536000,,
0,2,,0.143959,0.196345,0.659697,,56968100,,
0,2,,0.095668,0.200242,0.70409,,72460000,,
0,2,,0.122319,0.359487,0.518194,,62197700,,
0,2,,0.160917,0.269177,0.569906,,64733400,,
0,2,,0.141937,0.361981,0.496082,,73969700,,
0,2,,0.121486,0.35151,0.527004,,60021300,,
0,2,,0.100945,0.275325,0.623729,,56525000,,
0,2,,0.12583,0.381562,0.492608,,58025000,,
0,2,,0.145219,0.290712,0.564069,,68455300,,
0,2,,0.186726,0.283909,0.529365,,61896900,,
0,2,,0.14791,0.24845,0.60364,,76743200,,
0,2,,0.178056,0.245139,0.576805,,62482300,,
0,2,,0.11804,0.25886,0.6231,,60356000,,
0,2,,0.118807,0.307675,0.573517,,56562300,,
0,2,,0.180569,0.330665,0.488767,,60768800,,
0,2,,0.169324,0.273363,0.557312,,59208300,,
0,2,,0.105879,0.244999,0.649122,,55472600,,
0,2,,0.107451,0.311442,0.581107,,57964900,,
0,2,,0.16754,0.270661,0.561799,,61448900,,
0,2,,0.154969,0.224932,0.620099,,57684700,,
0,2,,0.118113,0.364795,0.517092,,56793400,,
0,2,,0.145015,0.197983,0.657002,,62248900,,
0,2,,0.081825,0.311484,0.606691,,58357500,,
0,2,,0.146293,0.329877,0.52383,,53811000,,
0,2,,0.179609,0.275608,0.544783,,54065900,,
0,2,,0.099634,0.271582,0.628784,,54510600,,
0,2,,0.181101,0.326042,0.492857,,56638500,,
0,2,,0.102398,0.30148,0.596122,,55266600,,
0,2,,0.096335,0.357931,0.545734,,55674400,,
0,2,,0.100553,0.256032,0.643415,,60014700,,
0,2,,0.198495,0.236472,0.565033,,60223500,,
0,2,,0.068705,0.285082,0.646212,,56615500,,
0,2,,0.125798,0.272382,0.60182,,58437200,,
0,2,,0.227316,0.229647,0.543038,,57978000,,
0,2,,0.157508,0.304231,0.538261,,58714200,,
0,2,,0.101527,0.421545,0.476928,,58577000,,
0,2,,0.142369,0.208001,0.64963,,56101100,,
0,2,,0.11083,0.204397,0.684772,,58618000,,
0,2,,0.148088,0.285036,0.566877,,58815100,,
0,2,,0.16505,0.210529,0.624421,,62235000,,
0,2,,0.158778,0.332351,0.508871,,59154800,,
0,2,,0.075327,0.297187,0.627486,,58159100,,
0,2,,0.109244,0.264446,0.62631,,57545600,,
0,2,,0.143252,0.304871,0.551877,,58365500,,
0,2,,0.099977,0.292117,0.607905,,55128500,,
0,2,,0.140644,0.266859,0.592497,,62108400,,
0,2,,0.11499,0.188112,0.696898,,64192700,,
0,2,,0.146501,0.274402,0.579096,,68062700,,
0,2,,0.246322,0.250861,0.502818,,61167700,,
0,2,,0.103263,0.240111,0.656626,,56590700,,
0,2,,0.1893,0.308744,0.501956,,55831800,,
0,2,,0.158126,0.264194,0.57768,,55427600,,
0,2,,0.205361,0.393261,0.401378,,56216700,,
0,2,,0.127794,0.211782,0.660424,,53240600,,
0,2,,0.112279,0.403522,0.4842,,55787200,,
0,2,,0.100219,0.244437,0.655343,,58447600,,
0,2,,0.145618,0.34036,0.514022,,58982200,,
0,2,,0.118952,0.262807,0.618241,,58682600,,
0,2,,0.130927,0.258728,0.610345,,57322100,,
0,2,,0.124893,0.255486,0.619621,,59072000,,
0,2,,0.103849,0.418614,0.477537,,57862200,,
0,2,,0.166973,0.376587,0.45644,,56907500,,
0,2,,0.131939,0.305367,0.562694,,78001200,,
0,2,,0.08652,0.271389,0.64209,,64816400,,
0,2,,0.141188,0.256242,0.60257,,58221900,,
0,2,,0.16126,0.283932,0.554808,,56260300,,
0,2,,0.178694,0.362466,0.45884,,66444900,,
0,2,,0.150824,0.264097,0.585079,,56707100,,
0,2,,0.095532,0.276136,0.628332,,54122900,,
0,2,,0.13086,0.404793,0.464347,,58852300,,
0,2,,0.068349,0.255396,0.676255,,54892100,,
0,2,,0.116167,0.152245,0.731588,,63196100,,
0,2,,0.141357,0.358108,0.500535,,60699000,,
0,2,,0.092424,0.227151,0.680426,,58242500,,
0,2,,0.109349,0.288575,0.602077,,54146500,,
0,2,,0.177205,0.216357,0.606438,,56814200,,
0,2,,0.078178,0.2346,0.687222,,58555900,,
0,2,,0.089652,0.221007,0.689341,,59726100,,
0,2,,0.145387,0.284215,0.570398,,59497200,,
0,2,,0.126609,0.281413,0.591978,,56927500,,
0,2,,0.105119,0.226888,0.667993,,57693700,,
0,2,,0.126918,0.231204,0.641879,,61044200,,
0,2,,0.119062,0.293572,0.587366,,55111700,,
0,2,,0.168121,0.259378,0.572502,,59029700,,
0,2,,0.151924,0.223179,0.624897,,59716800,,
0,2,,0.180703,0.202,0.617297,,60490300,,
0,2,,0.124692,0.354203,0.521105,,57526400,,
0,2,,0.105345,0.23318,0.661475,,62857000,,
0,2,,0.080538,0.236393,0.683068,,60137100,,
0,2,,0.103575,0.240904,0.65552,,71980200,,
0,2,,0.151127,0.245046,0.603827,,61661200,,
0,2,,0.089847,0.345393,0.56476,,56985600,,
0,2,,0.142201,0.293559,0.56424,,55269400,,
0,2,,0.169208,0.324,0.506792,,56520400,,
0,2,,0.153304,0.400041,0.446654,,56749800,,
0,2,,0.109497,0.270247,0.620256,,72161600,,
0,2,,0.166609,0.30858,0.524811,,57606400,,
0,2,,0.138583,0.205812,0.655605,,63190800,,
0,2,,0.068999,0.369491,0.561511,,56867400,,
0,2,,0.118352,0.238658,0.64299,,58007900,,
0,2,,0.095649,0.24379,0.660561,,56628200,,
0,2,,0.097561,0.249304,0.653135,,58855000,,
0,2,,0.101775,0.334564,0.563661,,55018000,,
0,2,,0.125772,0.304729,0.569499,,55365600,,
0,2,,0.105477,0.301961,0.592562,,56865100,,
0,2,,0.1345,0.283114,0.582386,,57056600,,
0,2,,0.085636,0.33519,0.579174,,66852900,,
0,2,,0.097673,0.253394,0.648933,,57663500,,
0,2,,0.084883,0.163752,0.751366,,58774800,,
0,2,,0.140819,0.3494,0.509781,,57410900,,
0,2,,0.137256,0.331145,0.531599,,60391800,,
0,2,,0.090908,0.264769,0.644324,,57728700,,
0,2,,0.090516,0.334353,0.575131,,57986000,,
0,2,,0.086284,0.308175,0.605541,,58819000,,
0,2,,0.203285,0.171391,0.625324,,61052700,,
0,2,,0.099049,0.267577,0.633374,,57098700,,
0,2,,0.143501,0.276427,0.580072,,57511700,,
0,2,,0.116276,0.314752,0.568972,,63583800,,
0,2,,0.117985,0.228432,0.653583,,60658700,,
0,2,,0.123794,0.318949,0.557257,,55492700,,
0,2,,0.120148,0.293986,0.585866,,55730900,,
0,2,,0.153816,0.403281,0.442903,,55367700,,
0,2,,0.124949,0.228566,0.646485,,53503900,,
0,2,,0.100884,0.251087,0.648029,,69946900,,
0,2,,0.104476,0.264273,0.631252,,63254400,,
0,2,,0.095152,0.265556,0.639292,,57959100,,
0,2,,0.142338,0.23192,0.625743,,57966700,,
0,2,,0.117817,0.223214,0.658969,,57365300,,
0,2,,0.123693,0.229303,0.647004,,58194900,,
0,2,,0.115661,0.243743,0.640597,,62830900,,
0,2,,0.177618,0.180043,0.642339,,57811300,,
0,2,,0.127117,0.203001,0.669882,,66094300,,
0,2,,0.121663,0.327171,0.551166,,57465100,,
0,2,,0.18868,0.34203,0.469289,,70679800,,
0,2,,0.124914,0.260845,0.614241,,70479300,,
0,2,,0.061001,0.317907,0.621092,,65274300,,
0,2,,0.12644,0.196548,0.677012,,58261400,,
0,2,,0.185539,0.26993,0.544531,,58077800,,
0,2,,0.124853,0.272642,0.602505,,59480800,,
0,2,,0.109677,0.288056,0.602267,,66544200,,
0,2,,0.171604,0.301397,0.526999,,61890200,,
0,2,,0.077513,0.237494,0.684993,,59796100,,
0,2,,0.111956,0.275734,0.61231,,59164000,,
0,2,,0.096883,0.236228,0.666889,,60569300,,
0,2,,0.160679,0.248899,0.590422,,58779400,,
0,2,,0.095013,0.254401,0.650586,,56331500,,
0,2,,0.122783,0.414955,0.462262,,56315900,,
0,2,,0.138454,0.226259,0.635287,,64551800,,
0,2,,0.063262,0.290856,0.645883,,59389700,,
0,2,,0.118213,0.163132,0.718655,,60300700,,
0,2,,0.085195,0.329432,0.585373,,64009100,,
0,2,,0.121853,0.216154,0.661992,,66693000,,
0,2,,0.108467,0.284824,0.606709,,60953700,,
0,2,,0.150856,0.279556,0.569588,,60814800,,
0,2,,0.094905,0.265696,0.6394,,61157400,,
0,2,,0.08682,0.210626,0.702554,,61898700,,
0,2,,0.091387,0.199921,0.708692,,52954300,,
0,2,,0.139632,0.271327,0.589041,,53680300,,
0,2,,0.090792,0.209451,0.699757,,57208800,,
0,2,,0.221963,0.236714,0.541324,,59836500,,
0,2,,0.151259,0.258474,0.590266,,59739900,,
0,2,,0.057289,0.286701,0.65601,,60541400,,
0,2,,0.111027,0.29415,0.594822,,60241200,,
0,2,,0.15096,0.374493,0.474546,,71273100,,
0,2,,0.11804,0.295312,0.586647,,61049200,,
0,2,,0.102203,0.297653,0.600143,,57810800,,
0,2,,0.152577,0.25206,0.595363,,64087900,,
0,2,,0.106082,0.24285,0.651068,,55133600,,
0,2,,0.111873,0.215095,0.673033,,57444500,,
0,2,,0.100084,0.369862,0.530054,,56608900,,
0,2,,0.073698,0.247053,0.679249,,54790400,,
0,2,,0.107492,0.293846,0.598662,,56807900,,
0,2,,0.128156,0.25069,0.621154,,56443400,,
0,2,,0.131414,0.215955,0.652631,,56955400,,
0,2,,0.17233,0.22142,0.606249,,56516700,,
0,2,,0.167475,0.320955,0.51157,,59055800,,
0,2,,0.13758,0.364669,0.49775,,60102000,,
0,2,,0.154098,0.253557,0.592344,,72071000,,
0,2,,0.150382,0.278058,0.57156,,57158500,,
0,2,,0.163036,0.226059,0.610906,,60168900,,
0,2,,0.106436,0.283862,0.609703,,56923000,,
0,2,,0.098589,0.160201,0.74121,,59897800,,
0,2,,0.161464,0.309041,0.529495,,51239000,,
0,2,,0.142826,0.363034,0.49414,,81828200,,
0,2,,0.064254,0.21688,0.718866,,55315200,,
0,2,,0.192676,0.28284,0.524484,,59002300,,
0,2,,0.093994,0.342716,0.563291,,59133700,,
0,2,,0.104076,0.195922,0.700002,,57048500,,
0,2,,0.169035,0.30326,0.527705,,56576400,,
0,2,,0.114824,0.24353,0.641646,,59855500,,
0,2,,0.095144,0.244558,0.660298,,66354400,,
0,2,,0.150135,0.263357,0.586508,,69407800,,
0,2,,0.274149,0.29597,0.42988,,55392400,,
0,2,,0.140031,0.176996,0.682973,,54794400,,
0,2,,0.076053,0.333879,0.590068,,64985600,,
0,2,,0.169915,0.353041,0.477044,,58314000,,
0,2,,0.102502,0.204534,0.692963,,59298200,,
0,2,,0.087127,0.276806,0.636066,,68836300,,
0,2,,0.068288,0.324367,0.607345,,59325900,,
0,2,,0.130309,0.314719,0.554971,,62068700,,
0,2,,0.192803,0.235639,0.571559,,63160300,,
0,2,,0.051539,0.27711,0.671351,,60481800,,
0,2,,0.117478,0.30744,0.575082,,59843000,,
0,2,,0.127247,0.339897,0.532857,,57945100,,
0,2,,0.109813,0.353114,0.537074,,62835100,,
0,2,,0.087448,0.156695,0.755858,,59018000,,
0,2,,0.219446,0.307811,0.472744,,60070700,,
0,2,,0.059556,0.237973,0.70247,,65073800,,
0,2,,0.106266,0.346706,0.547028,,58033100,,
0,2,,0.135635,0.220601,0.643763,,60224200,,
0,2,,0.089228,0.332028,0.578744,,74702600,,
0,2,,0.154494,0.232417,0.613089,,57340200,,
0,2,,0.101522,0.339989,0.558489,,61173200,,
0,2,,0.093003,0.296806,0.610191,,61024300,,
0,2,,0.126269,0.225668,0.648063,,67682400,,
0,2,,0.11591,0.293266,0.590824,,56755500,,
0,2,,0.147803,0.337931,0.514266,,58404400,,
0,2,,0.131504,0.231656,0.63684,,59046300,,
0,2,,0.183845,0.280682,0.535473,,53614700,,
0,2,,0.170689,0.289838,0.539473,,56699200,,
0,2,,0.096463,0.23653,0.667006,,56179600,,
0,2,,0.12538,0.201148,0.673472,,59639000,,
0,2,,0.057794,0.234195,0.708011,,59330600,,
0,2,,0.15839,0.254033,0.587577,,56852700,,
0,2,,0.164136,0.352536,0.483328,,59611800,,
0,2,,0.085517,0.191217,0.723266,,58382300,,
0,2,,0.096668,0.318765,0.584567,,60857700,,
0,2,,0.185523,0.185951,0.628526,,59956500,,
0,2,,0.155708,0.339459,0.504833,,59073000,,
0,2,,0.117582,0.28873,0.593688,,60522900,,
0,2,,0.132398,0.399769,0.467833,,59450700,,
0,2,,0.177651,0.289861,0.532488,,59606300,,
0,2,,0.143628,0.304554,0.551818,,59070500,,
0,2,,0.103859,0.295825,0.600316,,59778300,,
0,2,,0.158776,0.315652,0.525572,,58396800,,
0,2,,0.067529,0.223774,0.708697,,58209800,,
0,2,,0.090089,0.290954,0.618957,,56937300,,
0,2,,0.189085,0.26412,0.546795,,65167500,,
0,2,,0.129242,0.290702,0.580056,,58799100,,
0,2,,0.158731,0.368783,0.472486,,65007800,,
0,2,,0.108739,0.238287,0.652974,,62207100,,
0,2,,0.129085,0.247223,0.623692,,59763700,,
0,2,,0.137708,0.189493,0.672799,,58877600,,
0,2,,0.141562,0.276862,0.581576,,53739000,,
0,2,,0.163257,0.17274,0.664002,,56342500,,
0,2,,0.118435,0.216575,0.66499,,62611100,,
0,2,,0.091134,0.225162,0.683704,,62733800,,
0,2,,0.162433,0.337121,0.500445,,58694000,,
0,2,,0.134955,0.2887,0.576345,,52670300,,
0,2,,0.092497,0.330054,0.577449,,55499100,,
0,2,,0.197989,0.217912,0.584099,,55711000,,
0,2,,0.060682,0.283768,0.65555,,63570500,,
0,2,,0.148398,0.24312,0.608481,,62585800,,
0,2,,0.078908,0.258123,0.66297,,63738500,,
0,2,,0.127933,0.249953,0.622114,,56071300,,
0,2,,0.181112,0.325306,0.493582,,60903200,,
0,2,,0.103891,0.264035,0.632074,,60607900,,
0,2,,0.122337,0.221479,0.656184,,60699400,,
0,2,,0.09079,0.189758,0.719452,,65350000,,
0,2,,0.153429,0.267184,0.579387,,69272400,,
0,2,,0.111377,0.240136,0.648487,,62125500,,
0,2,,0.098109,0.209976,0.691915,,62279900,,
0,2,,0.122619,0.268194,0.609186,,59042500,,
0,2,,0.141869,0.229266,0.628865,,59640500,,
0,2,,0.220242,0.219831,0.559927,,59679000,,
0,2,,0.105721,0.224614,0.669665,,56531800,,
0,2,,0.145733,0.331984,0.522283,,56274400,,
0,2,,0.104543,0.179359,0.716098,,53858400,,
0,2,,0.253624,0.270701,0.475675,,55175200,,
0,2,,0.076881,0.252546,0.670573,,62039000,,
0,2,,0.090983,0.239526,0.669491,,59174000,,
0,2,,0.157864,0.237287,0.604849,,55788400,,
0,2,,0.111552,0.241777,0.646672,,60678500,,
0,2,,0.137501,0.245968,0.616531,,65382700,,
0,2,,0.115378,0.436202,0.44842,,56146700,,
0,2,,0.16532,0.257578,0.577102,,53518500,,
0,2,,0.077788,0.346675,0.575537,,57189700,,
0,2,,0.117199,0.292581,0.590221,,69118600,,
0,2,,0.144927,0.231833,0.62324,,56754200,,
0,2,,0.118545,0.152135,0.72932,,52396600,,
0,2,,0.166074,0.257656,0.576271,,55226400,,
0,2,,0.164075,0.314062,0.521864,,59053900,,
0,2,,0.121161,0.335923,0.542917,,62031900,,
0,2,,0.162753,0.28094,0.556307,,75068200,,
0,2,,0.157949,0.323016,0.519035,,61931100,,
0,2,,0.15039,0.187721,0.661889,,56349500,,
0,2,,0.122255,0.20941,0.668335,,60245600,,
0,2,,0.142774,0.311992,0.545233,,56222900,,
0,2,,0.096255,0.297396,0.606349,,57978800,,
0,2,,0.190113,0.187769,0.622118,,58166300,,
0,2,,0.107337,0.129951,0.762711,,59073100,,
0,2,,0.082157,0.218095,0.699749,,59396000,,
0,2,,0.148962,0.354862,0.496176,,59616400,,
0,2,,0.115594,0.34616,0.538247,,60901200,,
0,2,,0.178762,0.268984,0.552253,,69727000,,
0,2,,0.117267,0.302556,0.580176,,56809100,,
0,2,,0.180192,0.186834,0.632974,,59377500,,
0,2,,0.110272,0.379521,0.510208,,59970400,,
0,2,,0.172602,0.31787,0.509528,,66319500,,
0,2,,0.151057,0.252027,0.596916,,66179600,,
0,2,,0.191971,0.250641,0.557388,,57390900,,
0,2,,0.088496,0.139572,0.771932,,58537300,,
0,2,,0.149637,0.231421,0.618943,,57624000,,
0,2,,0.126914,0.325824,0.547261,,58756500,,
0,2,,0.185253,0.319504,0.495244,,57729300,,
0,2,,0.125945,0.156014,0.718041,,55896300,,
0,2,,0.10715,0.212108,0.680742,,63452800,,
0,2,,0.140636,0.366923,0.492441,,63580000,,
0,2,,0.210106,0.329119,0.460775,,64303100,,
0,2,,0.090321,0.239077,0.670601,,61854400,,
0,2,,0.157712,0.38683,0.455457,,61966800,,
0,2,,0.169285,0.344255,0.48646,,54499200,,
0,2,,0.11046,0.259983,0.629556,,56313900,,
0,2,,0.125671,0.323759,0.550569,,54716800,,
0,2,,0.073714,0.24209,0.684196,,60547700,,
0,2,,0.120828,0.173209,0.705964,,55467600,,
0,2,,0.175667,0.255741,0.568592,,60807500,,
0,2,,0.103061,0.207219,0.68972,,60106400,,
0,2,,0.090841,0.333206,0.575953,,66171500,,
0,2,,0.103733,0.332677,0.56359,,60425500,,
0,2,,0.103871,0.185252,0.710877,,72601200,,
0,2,,0.132603,0.255424,0.611973,,59524400,,
0,2,,0.126383,0.392362,0.481256,,61004900,,
0,2,,0.171782,0.264022,0.564195,,59732800,,
0,2,,0.126841,0.235201,0.637958,,59054200,,
0,2,,0.16386,0.328103,0.508038,,53378400,,
0,2,,0.08952,0.325083,0.585397,,59978800,,
0,2,,0.203484,0.164766,0.63175,,59559300,,
0,2,,0.091275,0.217137,0.691587,,59547800,,
0,2,,0.137238,0.351023,0.511739,,70060800,,
0,2,,0.07993,0.285613,0.634456,,67134600,,
0,2,,0.113734,0.206862,0.679405,,63449000,,
0,2,,0.105211,0.271966,0.622823,,57867300,,
0,2,,0.121587,0.254656,0.623757,,61171500,,
0,2,,0.100795,0.223111,0.676094,,58306400,,
0,2,,0.101837,0.347835,0.550328,,58953500,,
0,2,,0.090853,0.238769,0.670378,,56664700,,
0,2,,0.121446,0.307402,0.571152,,62466800,,
0,2,,0.14696,0.296589,0.556451,,59117800,,
0,2,,0.168235,0.356275,0.475491,,61338200,,
0,2,,0.16065,0.240121,0.599229,,61071100,,
0,2,,0.095143,0.20377,0.701088,,58763300,,
0,2,,0.095444,0.218832,0.685724,,58191200,,
0,2,,0.154048,0.273,0.572952,,60986500,,
0,2,,0.180633,0.262971,0.556396,,59758300,,
0,2,,0.098535,0.246487,0.654979,,59518500,,
0,2,,0.156655,0.255548,0.587797,,59434400,,
0,2,,0.106054,0.34659,0.547356,,65384200,,
0,2,,0.163354,0.306398,0.530248,,58102100,,
0,2,,0.116345,0.163406,0.720249,,57896400,,
0,2,,0.160325,0.30402,0.535655,,59778700,,
0,2,,0.093776,0.235575,0.670649,,54928800,,
0,2,,0.190551,0.193994,0.615455,,57989600,,
0,2,,0.118486,0.284751,0.596763,,59932700,,
0,2,,0.178304,0.352549,0.469146,,57258800,,
0,2,,0.15572,0.330013,0.514267,,58586900,,
0,2,,0.135593,0.255714,0.608693,,59386600,,
0,2,,0.143435,0.365873,0.490692,,57988500,,
0,2,,0.129757,0.205088,0.665154,,59554700,,
0,2,,0.090557,0.21453,0.694913,,57986700,,
0,2,,0.140498,0.192645,0.666857,,64490800,,
0,2,,0.134873,0.302801,0.562327,,60272700,,
0,2,,0.133167,0.314632,0.552201,,61510200,,
0,2,,0.147693,0.320698,0.531608,,64104100,,
0,2,,0.142169,0.334448,0.523383,,65669900,,
0,2,,0.133767,0.322062,0.544171,,62149900,,
0,2,,0.079698,0.194681,0.725621,,55692100,,
0,2,,0.12259,0.221757,0.655654,,55969400,,
0,2,,0.128718,0.290522,0.58076,,56549200,,
0,2,,0.174931,0.405685,0.419384,,58142000,,
0,2,,0.118105,0.283606,0.59829,,55304200,,
0,2,,0.106052,0.242906,0.651043,,55143500,,
0,2,,0.108438,0.207356,0.684206,,59015200,,
0,2,,0.103403,0.290551,0.606046,,57904000,,
0,2,,0.108331,0.205624,0.686046,,60091800,,
0,2,,0.134426,0.183854,0.68172,,58108200,,
0,2,,0.167947,0.246355,0.585699,,60585200,,
0,2,,0.121246,0.374483,0.504271,,57098600,,
0,2,,0.185895,0.210461,0.603644,,58757400,,
0,2,,0.150933,0.2719,0.577167,,57479300,,
0,2,,0.077466,0.188105,0.734429,,58425900,,
0,2,,0.124446,0.188493,0.687061,,59846800,,
0,2,,0.158891,0.376413,0.464696,,59488000,,
0,2,,0.100116,0.310283,0.589601,,58127600,,
0,2,,0.171925,0.325397,0.502678,,58405200,,
0,2,,0.154495,0.282792,0.562714,,57011300,,
0,2,,0.166393,0.308702,0.524905,,66192700,,
0,2,,0.073004,0.290521,0.636475,,60288500,,
0,2,,0.127769,0.20368,0.668551,,61593400,,
0,2,,0.129836,0.329794,0.54037,,60722000,,
0,2,,0.120538,0.367568,0.511895,,60961400,,
0,2,,0.17778,0.331472,0.490748,,59070700,,
0,2,,0.124462,0.30241,0.573129,,60949500,,
0,2,,0.189889,0.299435,0.510676,,73016000,,
0,2,,0.120692,0.218624,0.660685,,61077400,,
0,2,,0.118527,0.236942,0.644531,,57584500,,
0,2,,0.088525,0.202048,0.709427,,57221300,,
0,2,,0.114764,0.296742,0.588494,,54869300,,
0,2,,0.126191,0.213924,0.659884,,54839400,,
0,2,,0.185313,0.281688,0.533,,54627200,,
0,2,,0.079724,0.350034,0.570241,,61784300,,
0,2,,0.111347,0.36243,0.526222,,75178200,,
0,2,,0.086424,0.327571,0.586005,,66024800,,
0,2,,0.100401,0.343436,0.556163,,57145800,,
0,2,,0.077557,0.110913,0.81153,,61961100,,
0,2,,0.107235,0.357621,0.535144,,76016000,,
0,2,,0.126922,0.236864,0.636214,,59426800,,
0,2,,0.198349,0.291887,0.509765,,56097600,,
0,2,,0.166618,0.343226,0.490156,,54566000,,
0,2,,0.138668,0.231062,0.63027,,59278100,,
0,2,,0.187385,0.308108,0.504507,,57227900,,
0,2,,0.119176,0.255908,0.624917,,56797900,,
0,2,,0.09788,0.308527,0.593592,,58978300,,
0,2,,0.104431,0.251382,0.644187,,68549500,,
0,2,,0.122985,0.265646,0.611369,,67398600,,
0,2,,0.161104,0.252415,0.586481,,54628200,,
0,2,,0.211617,0.245524,0.542859,,59079100,,
0,2,,0.130874,0.262454,0.606672,,55580600,,
0,2,,0.119138,0.258619,0.622242,,60353400,,
0,2,,0.138853,0.123608,0.737539,,62514100,,
0,2,,0.148557,0.343516,0.507926,,58575400,,
0,2,,0.148211,0.200361,0.651428,,62287300,,
0,2,,0.147547,0.363451,0.489002,,63620200,,
0,2,,0.175645,0.265082,0.559273,,74989300,,
0,2,,0.114794,0.369287,0.515919,,57274500,,
0,2,,0.185117,0.217556,0.597327,,57677400,,
0,2,,0.084451,0.282391,0.633158,,58023000,,
0,2,,0.106838,0.341939,0.551223,,56691600,,
0,2,,0.097657,0.37569,0.526653,,58495200,,
0,2,,0.133398,0.252212,0.61439,,66441600,,
0,2,,0.088821,0.331016,0.580163,,68469100,,
0,2,,0.15317,0.291989,0.55484,,73986400,,
0,2,,0.13029,0.222585,0.647125,,67802900,,
0,2,,0.127467,0.427818,0.444715,,83927900,,
0,2,,0.081282,0.351197,0.567521,,64776200,,
0,2,,0.18297,0.304152,0.512878,,80292700,,
0,2,,0.154561,0.261857,0.583582,,89642800,,
0,2,,0.130772,0.431122,0.438106,,89690800,,
0,2,,0.090089,0.286402,0.623509,,72412100,,
0,2,,0.1949,0.204585,0.600515,,80818000,,
0,2,,0.080072,0.293994,0.625934,,62960500,,
0,2,,0.206472,0.22848,0.565049,,65374900,,
0,2,,0.120133,0.329089,0.550778,,57228900,,
0,2,,0.210114,0.246318,0.543568,,71006400,,
0,2,,0.130263,0.258999,0.610738,,77038400,,
0,2,,0.07639,0.349039,0.574572,,65639800,,
0,2,,0.131945,0.232639,0.635416,,57367600,,
0,2,,0.112793,0.266705,0.620503,,61328700,,
0,2,,0.094793,0.225834,0.679373,,57341900,,
0,2,,0.13366,0.225679,0.640662,,67388800,,
0,2,,0.09161,0.177687,0.730703,,64991800,,
0,2,,0.102829,0.278407,0.618763,,57141800,,
0,2,,0.170009,0.342013,0.487978,,68242000,,
0,2,,0.05393,0.257064,0.689006,,73033800,,
0,2,,0.110618,0.312301,0.577081,,64322100,,
0,2,,0.213097,0.242706,0.544198,,62233300,,
0,2,,0.142926,0.291386,0.565689,,61909800,,
0,2,,0.143823,0.282109,0.574068,,73121700,,
0,2,,0.109197,0.394797,0.496006,,83631600,,
0,2,,0.180085,0.352348,0.467567,,75867800,,
0,2,,0.088325,0.236838,0.674837,,79255100,,
0,2,,0.212347,0.178232,0.609422,,62602000,,
0,2,,0.153863,0.282472,0.563665,,57968300,,
0,2,,0.162588,0.243702,0.59371,,56547500,,
0,2,,0.147632,0.361845,0.490523,,55006200,,
0,2,,0.157175,0.286584,0.556242,,68871000,,
0,2,,0.101719,0.249349,0.648932,,57319700,,
0,2,,0.125034,0.292998,0.581968,,68263600,,
0,2,,0.126528,0.236682,0.63679,,56184400,,
0,2,,0.139017,0.318428,0.542555,,60089300,,
0,2,,0.090996,0.325145,0.583859,,52762000,,
0,2,,0.194798,0.394716,0.410486,,54464300,,
0,2,,0.155161,0.274427,0.570411,,60812800,,
0,2,,0.09981,0.329885,0.570304,,61063000,,
0,2,,0.067971,0.273813,0.658215,,55756000,,
0,2,,0.113759,0.295189,0.591052,,57099900,,
0,2,,0.079762,0.375246,0.544992,,52958200,,
0,2,,0.180072,0.282324,0.537603,,55304600,,
0,2,,0.134406,0.315677,0.549917,,53986600,,
0,2,,0.212391,0.210064,0.577545,,65068900,,
0,2,,0.09528,0.295224,0.609496,,54562400,,
0,2,,0.207221,0.376934,0.415844,,55576500,,
0,2,,0.155227,0.266321,0.578452,,53810700,,
0,2,,0.134525,0.356698,0.508777,,51971100,,
0,2,,0.107062,0.210025,0.682913,,52365100,,
0,2,,0.090088,0.242246,0.667666,,58166000,,
0,2,,0.109638,0.25751,0.632851,,54290900,,
0,2,,0.110577,0.294231,0.595192,,54717900,,
0,2,,0.161177,0.284368,0.554455,,55430500,,
0,2,,0.152321,0.316715,0.530964,,58538400,,
0,2,,0.329622,0.320457,0.349921,,57890600,,
0,2,,0.144982,0.218997,0.636021,,58234400,,
0,2,,0.112281,0.335719,0.552001,,56383500,,
0,2,,0.147023,0.200278,0.652699,,59508400,,
0,2,,0.100376,0.359406,0.540218,,53605100,,
0,2,,0.129408,0.290472,0.58012,,61320200,,
0,2,,0.150315,0.300188,0.549496,,71283800,,
0,2,,0.121851,0.268152,0.609997,,58189400,,
0,2,,0.137886,0.290867,0.571247,,56873900,,
0,2,,0.069915,0.205693,0.724391,,57010500,,
0,2,,0.148809,0.330909,0.520282,,57463600,,
0,2,,0.072207,0.207237,0.720556,,56064700,,
0,2,,0.115315,0.155523,0.729162,,59532200,,
0,2,,0.163155,0.312547,0.524298,,56078400,,
0,2,,0.151839,0.367197,0.480964,,54480600,,
0,2,,0.11413,0.318016,0.567854,,54641600,,
0,2,,0.146143,0.25628,0.597577,,57670800,,
0,2,,0.185625,0.2928,0.521574,,58195800,,
0,2,,0.085719,0.294438,0.619843,,59543300,,
0,2,,0.100969,0.249358,0.649673,,58639900,,
0,2,,0.141524,0.238912,0.619564,,59175300,,
0,2,,0.113922,0.285668,0.60041,,57456200,,
0,2,,0.154661,0.362616,0.482724,,73937600,,
0,2,,0.160196,0.377515,0.462289,,65658500,,
0,2,,0.10365,0.239042,0.657308,,57190000,,
0,2,,0.128932,0.292196,0.578873,,56477500,,
0,2,,0.099117,0.408841,0.492042,,58541400,,
0,2,,0.132116,0.253721,0.614163,,58192200,,
0,2,,0.1749,0.310642,0.514458,,56330000,,
