connect-4,CWE,test,4,NANOSECONDS,PREDICTIONS, Generated by ClassifierExperiments.java on 2022-05-16 21:10:44.    SYSTEMPROPERTIES:{user.name:matth,os.arch:amd64,os.name:Windows 10},ENDSYSTEMPROPERTIES
No parameter info
0.6907193605683837,22598992500,393639815600,-1,669483344,3,,-1,-1
0,2,,0.170676,0.197832,0.631492,,38434200,,
0,2,,0.097588,0.265259,0.637153,,37255600,,
0,2,,0.305537,0.151053,0.54341,,35669400,,
0,2,,0.178072,0.241381,0.580548,,31582900,,
0,2,,0.115019,0.295404,0.589577,,27936300,,
0,2,,0.174036,0.17228,0.653683,,28638000,,
0,2,,0.14156,0.274332,0.584108,,28936600,,
0,2,,0.14227,0.361914,0.495817,,30554700,,
0,2,,0.108287,0.213234,0.678479,,32217300,,
0,2,,0.10142,0.287272,0.611308,,28441200,,
0,2,,0.163172,0.280261,0.556566,,27815100,,
0,2,,0.127434,0.361855,0.510711,,28517100,,
0,2,,0.205874,0.270814,0.523312,,29352000,,
0,2,,0.075586,0.240917,0.683497,,28900100,,
0,2,,0.169955,0.340593,0.489452,,29124400,,
0,2,,0.108728,0.285334,0.605938,,28641300,,
0,2,,0.108826,0.297775,0.593399,,28905200,,
0,2,,0.063071,0.33704,0.599889,,29594600,,
0,2,,0.078265,0.081993,0.839742,,29698900,,
0,2,,0.101483,0.165219,0.733299,,31123100,,
0,2,,0.143097,0.358029,0.498873,,28595500,,
0,2,,0.158609,0.200629,0.640763,,32321500,,
0,2,,0.17841,0.243369,0.578221,,36993400,,
0,2,,0.10592,0.280239,0.61384,,35811700,,
0,2,,0.113737,0.235328,0.650935,,33485200,,
0,2,,0.127288,0.21578,0.656933,,28672900,,
0,2,,0.04448,0.341726,0.613795,,28445200,,
0,2,,0.118993,0.338472,0.542535,,27944100,,
0,2,,0.098245,0.247857,0.653899,,27523500,,
0,2,,0.1031,0.356245,0.540655,,31010900,,
0,2,,0.206371,0.337833,0.455796,,29161600,,
0,2,,0.065053,0.311333,0.623613,,32025000,,
0,2,,0.149143,0.373763,0.477095,,31345600,,
0,2,,0.112937,0.290179,0.596884,,32619300,,
0,2,,0.15713,0.277841,0.56503,,32931400,,
0,2,,0.103253,0.285162,0.611584,,32881700,,
0,2,,0.200114,0.389653,0.410232,,30691000,,
0,2,,0.14015,0.210998,0.648851,,28614300,,
0,2,,0.173795,0.364015,0.462191,,28728200,,
0,2,,0.103651,0.320046,0.576303,,27336700,,
0,2,,0.143383,0.204956,0.651662,,34537300,,
0,2,,0.117263,0.426496,0.456241,,29000300,,
0,2,,0.0771,0.334072,0.588828,,27364500,,
0,2,,0.113383,0.253974,0.632643,,32834300,,
0,2,,0.225087,0.251478,0.523435,,26944200,,
0,2,,0.077451,0.282631,0.639918,,29498400,,
0,2,,0.138261,0.402184,0.459556,,30839800,,
0,2,,0.118056,0.156453,0.725491,,31225500,,
0,2,,0.081587,0.334173,0.58424,,31027200,,
0,2,,0.091201,0.354956,0.553843,,32208800,,
0,2,,0.120644,0.23363,0.645726,,30982200,,
0,2,,0.115468,0.350603,0.533929,,29294300,,
0,2,,0.131455,0.284561,0.583983,,27614400,,
0,2,,0.099637,0.23669,0.663674,,27546500,,
0,2,,0.166292,0.192112,0.641596,,31628500,,
0,2,,0.118465,0.232635,0.6489,,34297900,,
0,2,,0.118418,0.18292,0.698663,,39229900,,
0,2,,0.198079,0.252062,0.549859,,38657600,,
0,2,,0.136414,0.209799,0.653787,,40319800,,
0,2,,0.136352,0.306869,0.55678,,37198700,,
0,2,,0.088573,0.302443,0.608984,,35061200,,
0,2,,0.112621,0.286657,0.600722,,29630900,,
0,2,,0.040021,0.262563,0.697416,,32264600,,
0,2,,0.092255,0.307184,0.600561,,34250100,,
0,2,,0.137259,0.203555,0.659186,,33049700,,
0,2,,0.111194,0.343835,0.54497,,35724600,,
0,2,,0.10133,0.208715,0.689955,,34860700,,
0,2,,0.14836,0.258413,0.593227,,35459800,,
0,2,,0.085061,0.139061,0.775877,,34270800,,
0,2,,0.128865,0.274464,0.596671,,34552600,,
0,2,,0.121828,0.278998,0.599174,,48077800,,
0,2,,0.142116,0.289891,0.567992,,36045300,,
0,2,,0.145874,0.357683,0.496443,,32809200,,
0,2,,0.049399,0.335818,0.614783,,35523100,,
0,2,,0.151793,0.291021,0.557186,,32779700,,
0,2,,0.155279,0.228121,0.6166,,31945700,,
0,2,,0.152712,0.212623,0.634666,,35123000,,
0,2,,0.147458,0.234059,0.618483,,30837000,,
0,2,,0.201429,0.326951,0.471619,,31938400,,
0,2,,0.115287,0.236486,0.648227,,31770100,,
0,2,,0.195876,0.264666,0.539459,,30811400,,
0,2,,0.082738,0.180981,0.736281,,28008600,,
0,2,,0.104324,0.271268,0.624409,,28176500,,
0,2,,0.118066,0.29318,0.588754,,29125700,,
0,2,,0.100085,0.346407,0.553508,,28536400,,
0,2,,0.137513,0.222369,0.640118,,29296800,,
0,2,,0.120343,0.219599,0.660058,,30048900,,
0,2,,0.158784,0.237785,0.603431,,28524000,,
0,2,,0.08509,0.334546,0.580364,,32215900,,
0,2,,0.173281,0.253598,0.573121,,31898200,,
0,2,,0.117382,0.226673,0.655945,,31160400,,
0,2,,0.083832,0.255581,0.660587,,30595900,,
0,2,,0.136285,0.314174,0.549541,,29238400,,
0,2,,0.134757,0.316588,0.548655,,29413700,,
0,2,,0.141093,0.199747,0.65916,,31283000,,
0,2,,0.183856,0.365152,0.450992,,27866200,,
0,2,,0.08598,0.37234,0.54168,,28346000,,
0,2,,0.113755,0.247757,0.638488,,30572100,,
0,2,,0.109165,0.309438,0.581397,,29836700,,
0,2,,0.213803,0.3315,0.454697,,30110700,,
0,2,,0.095466,0.299098,0.605436,,30776300,,
0,2,,0.154641,0.315529,0.52983,,31096700,,
0,2,,0.109391,0.295227,0.595382,,31078800,,
0,2,,0.183528,0.234899,0.581573,,32966200,,
0,2,,0.18515,0.368537,0.446313,,29099200,,
0,2,,0.085155,0.249068,0.665778,,29442400,,
0,2,,0.123323,0.191379,0.685298,,30267500,,
0,1,,0.265947,0.399482,0.334571,,31448100,,
0,2,,0.117717,0.259298,0.622985,,28839900,,
0,2,,0.151307,0.225792,0.622902,,29662700,,
0,2,,0.198918,0.239233,0.561849,,29626900,,
0,2,,0.08676,0.311663,0.601577,,29225900,,
0,2,,0.057135,0.220514,0.722351,,30756200,,
0,2,,0.148372,0.183365,0.668262,,29681700,,
0,2,,0.119934,0.352218,0.527847,,29057900,,
0,2,,0.091645,0.293595,0.614761,,28455300,,
0,2,,0.131788,0.344279,0.523932,,28210400,,
0,2,,0.125834,0.263298,0.610868,,28933700,,
0,2,,0.168658,0.176341,0.655001,,28559600,,
0,2,,0.206793,0.294359,0.498848,,28303200,,
0,2,,0.160973,0.238247,0.60078,,29209300,,
0,2,,0.098327,0.282725,0.618949,,30836600,,
0,2,,0.116486,0.118311,0.765203,,31989600,,
0,2,,0.095459,0.279761,0.62478,,31487200,,
0,2,,0.080247,0.29215,0.627602,,32424500,,
0,2,,0.072261,0.351173,0.576566,,33301200,,
0,2,,0.179737,0.243674,0.576589,,34590900,,
0,2,,0.143919,0.287933,0.568148,,34719700,,
0,2,,0.197277,0.245598,0.557124,,30634300,,
0,2,,0.129727,0.202071,0.668202,,30774700,,
0,2,,0.074137,0.357542,0.568321,,28193800,,
0,2,,0.159299,0.225882,0.614819,,28262900,,
0,2,,0.11558,0.239915,0.644505,,28053400,,
0,2,,0.13948,0.314417,0.546103,,28986900,,
0,2,,0.242283,0.190204,0.567512,,27738300,,
0,2,,0.144377,0.271039,0.584584,,28095700,,
0,2,,0.138704,0.347979,0.513317,,28691800,,
0,2,,0.095444,0.281133,0.623423,,28909300,,
0,2,,0.109006,0.341901,0.549093,,29695200,,
0,2,,0.127074,0.268495,0.604431,,30005000,,
0,2,,0.107632,0.314164,0.578204,,28853300,,
0,2,,0.085841,0.348489,0.56567,,31743500,,
0,2,,0.169188,0.295527,0.535285,,28651400,,
0,2,,0.10701,0.204371,0.688619,,28657700,,
0,2,,0.079497,0.334424,0.586079,,29321300,,
0,2,,0.134645,0.262722,0.602633,,29474700,,
0,2,,0.107921,0.254826,0.637253,,29557100,,
0,2,,0.104153,0.263579,0.632267,,30526300,,
0,2,,0.113775,0.228934,0.65729,,31634900,,
0,2,,0.118192,0.270383,0.611425,,31585200,,
0,2,,0.099323,0.23924,0.661437,,33091800,,
0,2,,0.169034,0.210682,0.620284,,32405600,,
0,2,,0.132744,0.290033,0.577223,,33137200,,
0,2,,0.186831,0.233998,0.57917,,32174600,,
0,2,,0.174367,0.294658,0.530976,,30810700,,
0,2,,0.081395,0.239935,0.678671,,28956900,,
0,2,,0.162981,0.287097,0.549922,,27319100,,
0,2,,0.108978,0.235696,0.655325,,29279700,,
0,2,,0.181136,0.240257,0.578607,,28733600,,
0,2,,0.082779,0.206687,0.710534,,28275300,,
0,2,,0.049818,0.275209,0.674973,,29593300,,
0,2,,0.088031,0.35843,0.553539,,27340700,,
0,2,,0.171108,0.221603,0.60729,,28079100,,
0,2,,0.13841,0.18867,0.67292,,28307900,,
0,2,,0.124508,0.154705,0.720787,,27870600,,
0,2,,0.160456,0.275472,0.564072,,28209900,,
0,2,,0.097474,0.24888,0.653646,,32742700,,
0,2,,0.098671,0.177834,0.723495,,29770300,,
0,2,,0.189349,0.180336,0.630315,,29709100,,
0,2,,0.104021,0.323019,0.57296,,33606700,,
0,2,,0.101305,0.299012,0.599683,,34030900,,
0,2,,0.203881,0.270188,0.525931,,32061400,,
0,2,,0.111473,0.267091,0.621436,,34347300,,
0,2,,0.140337,0.266215,0.593448,,35590400,,
0,2,,0.186529,0.302949,0.510523,,35357800,,
0,2,,0.170816,0.282497,0.546687,,33160000,,
0,2,,0.099053,0.382575,0.518372,,29763300,,
0,2,,0.14042,0.185139,0.674441,,34632500,,
0,2,,0.149683,0.256077,0.59424,,29927900,,
0,2,,0.110246,0.244115,0.645638,,30889100,,
0,2,,0.12795,0.222757,0.649294,,31382800,,
0,2,,0.144762,0.368928,0.48631,,27576800,,
0,2,,0.082721,0.13741,0.779869,,28269600,,
0,2,,0.136934,0.260646,0.602419,,29602900,,
0,2,,0.101433,0.365293,0.533274,,28501000,,
0,2,,0.105052,0.27548,0.619468,,28530000,,
0,2,,0.160734,0.252644,0.586622,,28406700,,
0,2,,0.116432,0.23713,0.646438,,28350100,,
0,2,,0.156211,0.155872,0.687917,,29932700,,
0,2,,0.124704,0.233684,0.641612,,27287200,,
0,2,,0.193874,0.203651,0.602475,,28437400,,
0,2,,0.137002,0.200686,0.662312,,28337100,,
0,2,,0.183745,0.302898,0.513357,,28281200,,
0,2,,0.13825,0.24475,0.617,,30503200,,
0,2,,0.105955,0.252786,0.641259,,27841600,,
0,2,,0.148204,0.288526,0.56327,,28265800,,
0,2,,0.152254,0.336643,0.511104,,28061100,,
0,2,,0.082548,0.150759,0.766694,,28832800,,
0,2,,0.191544,0.221481,0.586975,,31059800,,
0,2,,0.164925,0.186337,0.648739,,28584300,,
0,2,,0.099659,0.22864,0.671701,,28379700,,
0,2,,0.101319,0.319661,0.579019,,28286200,,
0,2,,0.148271,0.201933,0.649796,,28271000,,
0,2,,0.114024,0.325643,0.560332,,32546500,,
0,2,,0.100191,0.166769,0.73304,,28775300,,
0,2,,0.111116,0.314787,0.574097,,28421400,,
0,2,,0.116699,0.205234,0.678067,,28486600,,
0,2,,0.107915,0.279498,0.612587,,28370800,,
0,2,,0.108531,0.169934,0.721535,,29246400,,
0,2,,0.108666,0.269985,0.621349,,28982900,,
0,2,,0.152334,0.272862,0.574804,,28044100,,
0,2,,0.122843,0.258164,0.618992,,28882700,,
0,2,,0.131913,0.249634,0.618453,,28970200,,
0,2,,0.125782,0.243295,0.630924,,29104400,,
0,2,,0.117774,0.174722,0.707504,,28544400,,
0,2,,0.160703,0.258102,0.581196,,28516100,,
0,2,,0.079353,0.355379,0.565268,,28707800,,
0,2,,0.092075,0.296957,0.610968,,29325700,,
0,2,,0.138574,0.295629,0.565797,,29288100,,
0,2,,0.164993,0.202862,0.632145,,28341800,,
0,2,,0.166168,0.219497,0.614336,,28575500,,
0,2,,0.136527,0.305612,0.557862,,28192600,,
0,2,,0.084734,0.135891,0.779375,,28211700,,
0,2,,0.191926,0.24457,0.563505,,29761600,,
0,2,,0.118246,0.209075,0.672679,,28133700,,
0,2,,0.12009,0.336597,0.543313,,28268600,,
0,2,,0.188309,0.239281,0.57241,,28041000,,
0,2,,0.14265,0.204597,0.652753,,28636800,,
0,2,,0.13696,0.316548,0.546491,,29818400,,
0,2,,0.08126,0.185369,0.733371,,27568500,,
0,2,,0.164206,0.239838,0.595956,,27366700,,
0,2,,0.093503,0.313438,0.593059,,27547200,,
0,2,,0.090927,0.281228,0.627846,,27452200,,
0,2,,0.18707,0.285552,0.527378,,29603100,,
0,2,,0.125086,0.226541,0.648373,,27918500,,
0,2,,0.139084,0.271595,0.58932,,27929800,,
0,2,,0.105695,0.223946,0.670359,,27595000,,
0,2,,0.138229,0.330749,0.531022,,27745000,,
0,2,,0.107773,0.270939,0.621288,,31554600,,
0,2,,0.129646,0.256443,0.613911,,27799200,,
0,2,,0.317881,0.266299,0.415819,,27489100,,
0,2,,0.14512,0.26749,0.58739,,27915500,,
0,2,,0.159389,0.275778,0.564833,,28785600,,
0,2,,0.138238,0.280853,0.580909,,28929900,,
0,2,,0.13128,0.269276,0.599444,,28035300,,
0,2,,0.103446,0.317302,0.579252,,28699400,,
0,2,,0.08447,0.226625,0.688905,,28724600,,
0,2,,0.160459,0.250096,0.589445,,33834000,,
0,2,,0.15234,0.228597,0.619063,,34146100,,
0,2,,0.127114,0.29312,0.579766,,34427100,,
0,2,,0.125112,0.301933,0.572954,,34925000,,
0,2,,0.150925,0.227179,0.621896,,34886000,,
0,2,,0.149118,0.312044,0.538838,,33564000,,
0,2,,0.142149,0.257305,0.600545,,32462000,,
0,2,,0.138878,0.222282,0.63884,,32012800,,
0,2,,0.102104,0.242094,0.655801,,31953500,,
0,2,,0.110056,0.229743,0.660201,,31697500,,
0,2,,0.162585,0.186206,0.651209,,30929000,,
0,2,,0.137887,0.278315,0.583797,,31816000,,
0,2,,0.130625,0.199781,0.669594,,31280300,,
0,2,,0.10816,0.237195,0.654645,,31308800,,
0,2,,0.202437,0.246245,0.551319,,30278300,,
0,2,,0.098096,0.331405,0.570499,,28535300,,
0,2,,0.09382,0.243553,0.662626,,27523900,,
0,2,,0.147403,0.264597,0.587999,,28619500,,
0,2,,0.111581,0.293144,0.595275,,29208800,,
0,2,,0.214627,0.216245,0.569128,,29574800,,
0,2,,0.119576,0.173582,0.706841,,32305500,,
0,2,,0.145694,0.301424,0.552883,,34773600,,
0,2,,0.166249,0.242898,0.590853,,35121200,,
0,2,,0.121456,0.227715,0.650828,,39969800,,
0,2,,0.152724,0.239329,0.607947,,34549900,,
0,2,,0.099747,0.23835,0.661904,,33518000,,
0,2,,0.193725,0.280413,0.525862,,31819400,,
0,2,,0.100214,0.28954,0.610247,,30478800,,
0,2,,0.086822,0.269648,0.64353,,28174500,,
0,2,,0.072239,0.2642,0.663561,,27275600,,
0,2,,0.082054,0.216244,0.701701,,31095600,,
0,2,,0.163888,0.291641,0.544471,,28889900,,
0,2,,0.166797,0.292809,0.540394,,30469900,,
0,2,,0.166082,0.318103,0.515815,,27049900,,
0,2,,0.178124,0.195731,0.626144,,27655500,,
0,2,,0.114234,0.279463,0.606303,,27521500,,
0,2,,0.208522,0.274945,0.516534,,28054300,,
0,2,,0.115542,0.256356,0.628102,,28283400,,
0,2,,0.119542,0.287633,0.592825,,27978200,,
0,2,,0.132853,0.186957,0.68019,,27500300,,
0,2,,0.135152,0.298293,0.566555,,27928400,,
0,2,,0.067662,0.226854,0.705484,,28655300,,
0,2,,0.083384,0.238523,0.678093,,28683900,,
0,2,,0.110267,0.285968,0.603765,,29331000,,
0,2,,0.115033,0.16928,0.715687,,27394400,,
0,2,,0.207501,0.223864,0.568636,,27737700,,
0,2,,0.165984,0.343917,0.490099,,27586400,,
0,2,,0.133189,0.300202,0.566609,,28148500,,
0,2,,0.056082,0.317901,0.626017,,28060500,,
0,2,,0.11031,0.260724,0.628966,,27474400,,
0,2,,0.125117,0.35057,0.524313,,28074200,,
0,2,,0.116041,0.336918,0.547041,,27986700,,
0,2,,0.158972,0.178479,0.662549,,29275900,,
0,2,,0.137969,0.291368,0.570663,,28363000,,
0,2,,0.109612,0.243895,0.646493,,28117400,,
0,2,,0.128571,0.319909,0.55152,,29692700,,
0,2,,0.194383,0.202773,0.602844,,29715200,,
0,2,,0.106088,0.219087,0.674825,,29715600,,
0,2,,0.086853,0.361152,0.551996,,28272600,,
0,2,,0.163161,0.314521,0.522318,,27864300,,
0,2,,0.025101,0.2295,0.745399,,27965700,,
0,2,,0.163772,0.276899,0.559329,,28076500,,
0,2,,0.137303,0.243047,0.619651,,28912700,,
0,2,,0.150166,0.276571,0.573263,,28274600,,
0,2,,0.073703,0.279955,0.646342,,28099200,,
0,2,,0.172433,0.226827,0.60074,,28548500,,
0,2,,0.074994,0.327798,0.597208,,32529100,,
0,2,,0.134589,0.325563,0.539848,,30006700,,
0,2,,0.151109,0.273053,0.575838,,28156300,,
0,2,,0.1233,0.292811,0.583889,,28639700,,
0,2,,0.14554,0.285353,0.569107,,33003200,,
0,2,,0.088767,0.341119,0.570114,,30971700,,
0,2,,0.110979,0.295697,0.593325,,27558300,,
0,2,,0.125452,0.323342,0.551205,,27843900,,
0,2,,0.133096,0.252262,0.614642,,27683300,,
0,2,,0.103546,0.290065,0.606389,,27934300,,
0,2,,0.129919,0.186774,0.683307,,29682700,,
0,2,,0.147174,0.288602,0.564224,,28044000,,
0,2,,0.104652,0.179691,0.715657,,27991700,,
0,2,,0.132276,0.224228,0.643496,,32351000,,
0,2,,0.043724,0.316208,0.640068,,29908600,,
0,2,,0.086394,0.289743,0.623862,,28983200,,
0,2,,0.117718,0.412922,0.46936,,30048100,,
0,2,,0.183245,0.198743,0.618011,,30898600,,
0,2,,0.127963,0.332467,0.539571,,27735400,,
0,2,,0.145656,0.373312,0.481032,,28525400,,
0,2,,0.095878,0.329653,0.57447,,29534900,,
0,2,,0.099941,0.272675,0.627384,,29062800,,
0,2,,0.117979,0.344602,0.537419,,28770100,,
0,2,,0.113893,0.165737,0.72037,,29013000,,
0,2,,0.09993,0.358995,0.541075,,28355900,,
0,2,,0.151826,0.216763,0.631411,,29439500,,
0,2,,0.163443,0.209073,0.627484,,31823400,,
0,2,,0.090615,0.245531,0.663854,,29090900,,
0,2,,0.14428,0.136975,0.718745,,28583300,,
0,2,,0.159933,0.247066,0.593002,,28935500,,
0,2,,0.122638,0.364639,0.512723,,28446900,,
0,2,,0.129537,0.330146,0.540317,,28450600,,
0,2,,0.122692,0.334923,0.542385,,29976900,,
0,2,,0.121989,0.289711,0.5883,,29120000,,
0,2,,0.132409,0.206649,0.660943,,29765400,,
0,2,,0.104138,0.323923,0.571939,,29911900,,
0,2,,0.166531,0.276878,0.55659,,29272100,,
0,2,,0.041941,0.320462,0.637596,,28658800,,
0,2,,0.184694,0.241676,0.573631,,28450000,,
0,2,,0.143071,0.245703,0.611226,,28473600,,
0,2,,0.110628,0.337566,0.551806,,29513900,,
0,2,,0.142101,0.397421,0.460478,,28969400,,
0,2,,0.10805,0.360251,0.531699,,28772900,,
0,2,,0.227921,0.243664,0.528414,,29302800,,
0,2,,0.097539,0.312219,0.590241,,28575000,,
0,2,,0.115297,0.289926,0.594777,,29057900,,
0,2,,0.123802,0.374696,0.501502,,28553000,,
0,2,,0.077883,0.261656,0.660461,,28985700,,
0,2,,0.118699,0.352057,0.529244,,29191500,,
0,2,,0.094579,0.352433,0.552988,,28570900,,
0,2,,0.071898,0.272985,0.655118,,29041700,,
0,2,,0.113899,0.348617,0.537484,,29559400,,
0,2,,0.14269,0.217879,0.639432,,28853000,,
0,2,,0.12784,0.302738,0.569422,,28206800,,
0,2,,0.159521,0.26426,0.576219,,29677200,,
0,2,,0.122617,0.190105,0.687279,,28198000,,
0,2,,0.101403,0.255834,0.642763,,27434600,,
0,2,,0.12107,0.314523,0.564407,,27886200,,
0,2,,0.136105,0.289731,0.574165,,27721700,,
0,2,,0.122903,0.264031,0.613066,,28373800,,
0,2,,0.085905,0.32297,0.591125,,29749200,,
0,2,,0.191057,0.326307,0.482636,,29718300,,
0,2,,0.103052,0.342014,0.554934,,28725600,,
0,2,,0.109598,0.187279,0.703122,,27746700,,
0,2,,0.191097,0.189418,0.619484,,28280500,,
0,2,,0.11753,0.26333,0.619139,,28058200,,
0,2,,0.144881,0.266561,0.588558,,27624800,,
0,2,,0.167866,0.243065,0.589069,,27592100,,
0,2,,0.101564,0.295926,0.60251,,27778700,,
0,2,,0.117524,0.243742,0.638734,,29451500,,
0,2,,0.127227,0.210835,0.661939,,28267000,,
0,2,,0.109481,0.158295,0.732224,,27964900,,
0,2,,0.157749,0.295448,0.546803,,27829200,,
0,2,,0.142389,0.248275,0.609336,,28726300,,
0,2,,0.036876,0.196584,0.76654,,28576900,,
0,2,,0.061979,0.404206,0.533815,,28371900,,
0,2,,0.089639,0.230098,0.680264,,27973800,,
0,2,,0.171802,0.271292,0.556906,,27906600,,
0,2,,0.117971,0.25474,0.627289,,28153700,,
0,2,,0.118932,0.255736,0.625332,,28303600,,
0,2,,0.089131,0.363227,0.547643,,28753600,,
0,2,,0.136302,0.337903,0.525795,,28324100,,
0,2,,0.120117,0.305363,0.57452,,27676500,,
0,2,,0.160407,0.199607,0.639986,,29030500,,
0,2,,0.102758,0.126617,0.770625,,28581200,,
0,1,,0.119853,0.446326,0.433821,,29373500,,
0,2,,0.089861,0.223945,0.686194,,29777900,,
0,2,,0.116454,0.259793,0.623753,,28671800,,
0,2,,0.102121,0.193168,0.70471,,28853100,,
0,2,,0.10859,0.31929,0.57212,,29509500,,
0,2,,0.074793,0.298174,0.627034,,28819700,,
0,2,,0.125202,0.201102,0.673696,,29564400,,
0,2,,0.095509,0.245056,0.659435,,28788800,,
0,2,,0.04775,0.303413,0.648837,,28534700,,
0,2,,0.150286,0.349344,0.50037,,30548700,,
0,2,,0.118137,0.250531,0.631332,,32629100,,
0,2,,0.134254,0.2176,0.648146,,29989700,,
0,2,,0.139157,0.236088,0.624755,,31051400,,
0,2,,0.137267,0.416723,0.44601,,30839800,,
0,2,,0.175815,0.209331,0.614854,,30584100,,
0,2,,0.121287,0.273519,0.605194,,29300300,,
0,2,,0.111043,0.232805,0.656152,,28655200,,
0,2,,0.140248,0.305602,0.55415,,28787100,,
0,2,,0.082996,0.345468,0.571537,,29153500,,
0,2,,0.190689,0.179541,0.629771,,33358200,,
0,2,,0.219221,0.307606,0.473173,,30165500,,
0,2,,0.125807,0.288015,0.586178,,32233700,,
0,2,,0.165677,0.350324,0.483999,,32850300,,
0,2,,0.098972,0.348908,0.55212,,33474400,,
0,2,,0.131126,0.362456,0.506418,,30253900,,
0,2,,0.088837,0.409257,0.501905,,28517700,,
0,2,,0.107598,0.354398,0.538004,,28628800,,
0,2,,0.094685,0.250254,0.65506,,28796600,,
0,2,,0.153968,0.238802,0.60723,,29225700,,
0,2,,0.100077,0.208534,0.691389,,29314300,,
0,2,,0.119656,0.280975,0.599369,,30663500,,
0,2,,0.120595,0.130561,0.748844,,32456800,,
0,2,,0.080432,0.287464,0.632104,,35699400,,
0,2,,0.093809,0.406496,0.499696,,33058500,,
0,2,,0.099167,0.331824,0.569009,,33834500,,
0,2,,0.095358,0.214768,0.689874,,33100700,,
0,2,,0.093183,0.215456,0.691361,,32897600,,
0,2,,0.175158,0.384479,0.440363,,32146200,,
0,2,,0.112514,0.301801,0.585685,,31220800,,
0,2,,0.180931,0.206352,0.612718,,30848600,,
0,2,,0.161145,0.26731,0.571545,,31205300,,
0,2,,0.04849,0.231133,0.720377,,30851800,,
0,2,,0.106557,0.297466,0.595977,,30331600,,
0,2,,0.167363,0.190888,0.641749,,30588400,,
0,2,,0.120551,0.24154,0.637909,,28057600,,
0,2,,0.103255,0.321744,0.575001,,28759300,,
0,2,,0.165562,0.344209,0.490229,,29133800,,
0,2,,0.174584,0.309132,0.516284,,29004800,,
0,2,,0.075623,0.31474,0.609637,,28650700,,
0,2,,0.16091,0.311058,0.528032,,28343000,,
0,2,,0.080698,0.260821,0.658482,,28643500,,
0,2,,0.108231,0.310054,0.581714,,30471900,,
0,2,,0.127498,0.352727,0.519775,,28688000,,
0,2,,0.115204,0.360824,0.523972,,28955800,,
0,2,,0.091135,0.451951,0.456915,,44322900,,
0,2,,0.16205,0.222874,0.615076,,30649200,,
0,2,,0.127202,0.34645,0.526348,,30168000,,
0,2,,0.168077,0.246373,0.58555,,30139900,,
0,2,,0.128435,0.283745,0.58782,,28485100,,
0,2,,0.108074,0.260153,0.631773,,28688500,,
0,2,,0.154636,0.235554,0.60981,,28996300,,
0,2,,0.155848,0.263179,0.580972,,28778800,,
0,2,,0.123807,0.207419,0.668774,,28481000,,
0,2,,0.103421,0.406355,0.490223,,28651700,,
0,2,,0.150988,0.197637,0.651376,,29200100,,
0,2,,0.099284,0.209945,0.690771,,28969000,,
0,2,,0.184763,0.221575,0.593662,,28729200,,
0,2,,0.183173,0.219087,0.59774,,29254800,,
0,2,,0.119713,0.268315,0.611973,,28635000,,
0,2,,0.1406,0.365061,0.49434,,28178300,,
0,2,,0.098784,0.377167,0.524049,,31138600,,
0,2,,0.112756,0.341906,0.545338,,27513800,,
0,2,,0.135612,0.357688,0.5067,,27906000,,
0,2,,0.100479,0.276834,0.622687,,28258600,,
0,2,,0.118563,0.284131,0.597305,,27884800,,
0,2,,0.129115,0.209063,0.661822,,28107500,,
0,2,,0.204871,0.176758,0.618371,,28144600,,
0,2,,0.226941,0.355475,0.417583,,29462000,,
0,2,,0.175712,0.261035,0.563253,,27292000,,
0,2,,0.068131,0.246624,0.685245,,27576500,,
0,2,,0.157248,0.288614,0.554137,,28436400,,
0,2,,0.097877,0.216401,0.685721,,28264400,,
0,2,,0.075158,0.309536,0.615305,,28003900,,
0,2,,0.141028,0.310339,0.548633,,27811700,,
0,2,,0.177004,0.222963,0.600033,,27780900,,
0,2,,0.14214,0.32306,0.5348,,28850100,,
0,2,,0.109686,0.26789,0.622424,,28188900,,
0,2,,0.171324,0.239079,0.589597,,27017000,,
0,2,,0.089523,0.131683,0.778795,,27595300,,
0,2,,0.131032,0.192688,0.67628,,28459300,,
0,2,,0.137766,0.221701,0.640532,,30037900,,
0,2,,0.10421,0.323014,0.572776,,28039000,,
0,2,,0.114031,0.308056,0.577913,,27528500,,
0,2,,0.125507,0.261284,0.613209,,28128500,,
0,2,,0.12904,0.268989,0.601971,,27925000,,
0,2,,0.130936,0.373719,0.495345,,27614700,,
0,2,,0.074099,0.176201,0.7497,,28154500,,
0,2,,0.100487,0.248806,0.650707,,28579400,,
0,2,,0.134297,0.368104,0.497599,,33047500,,
0,2,,0.160817,0.280238,0.558945,,27752500,,
0,2,,0.128473,0.236765,0.634763,,28218900,,
0,2,,0.112684,0.204142,0.683174,,30803000,,
0,2,,0.147412,0.377043,0.475545,,27883500,,
0,2,,0.05634,0.288974,0.654686,,27315000,,
0,2,,0.058722,0.302789,0.63849,,27521500,,
0,2,,0.174433,0.201005,0.624562,,28013100,,
0,2,,0.147645,0.331375,0.52098,,28965500,,
0,2,,0.126525,0.320862,0.552612,,27366000,,
0,2,,0.152673,0.280646,0.566681,,27651900,,
0,2,,0.123628,0.18448,0.691892,,27530700,,
0,2,,0.09131,0.250876,0.657815,,27753600,,
0,2,,0.222145,0.179144,0.598711,,28103200,,
0,2,,0.122959,0.341633,0.535408,,28477800,,
0,2,,0.130043,0.257741,0.612216,,26846400,,
0,2,,0.133761,0.329464,0.536776,,27876200,,
0,2,,0.1017,0.386707,0.511593,,27650400,,
0,2,,0.173305,0.304409,0.522286,,27923100,,
0,2,,0.130404,0.195682,0.673914,,27722200,,
0,2,,0.202314,0.265384,0.532302,,27913300,,
0,2,,0.121662,0.278482,0.599856,,28218400,,
0,2,,0.165754,0.293939,0.540307,,28291000,,
0,2,,0.126722,0.249862,0.623416,,28002900,,
0,2,,0.132785,0.221094,0.64612,,28189000,,
0,2,,0.129873,0.343322,0.526805,,27886500,,
0,2,,0.133186,0.268802,0.598012,,27773600,,
0,2,,0.038053,0.272606,0.689341,,27637800,,
0,2,,0.096201,0.211238,0.692561,,30923800,,
0,2,,0.175633,0.268848,0.555519,,28413700,,
0,2,,0.120677,0.235214,0.644109,,27588200,,
0,2,,0.086141,0.284374,0.629484,,27935400,,
0,2,,0.132405,0.276929,0.590666,,27893600,,
0,2,,0.087734,0.26663,0.645636,,28051500,,
0,2,,0.096323,0.228319,0.675358,,28763100,,
0,2,,0.130132,0.247622,0.622247,,29176100,,
0,2,,0.18361,0.30121,0.51518,,27941500,,
0,2,,0.092491,0.258815,0.648693,,27682200,,
0,2,,0.119463,0.169786,0.710752,,28684500,,
0,2,,0.146837,0.189119,0.664044,,28662600,,
0,2,,0.131207,0.35916,0.509633,,27201200,,
0,2,,0.254205,0.183692,0.562102,,27111900,,
0,2,,0.091561,0.448941,0.459498,,28925500,,
0,2,,0.135055,0.354681,0.510264,,28494100,,
0,2,,0.147607,0.320209,0.532185,,28024700,,
0,2,,0.162747,0.214526,0.622727,,28041400,,
0,2,,0.168594,0.299027,0.532379,,27673200,,
0,2,,0.157908,0.214231,0.627861,,27916900,,
0,2,,0.114462,0.287169,0.598369,,27999100,,
0,2,,0.113432,0.279871,0.606697,,28517200,,
0,2,,0.080643,0.206316,0.713041,,28252400,,
0,2,,0.115557,0.282201,0.602242,,27784200,,
0,2,,0.10892,0.338144,0.552936,,27956700,,
0,2,,0.126584,0.283634,0.589782,,27998500,,
0,2,,0.14822,0.308319,0.543461,,27874600,,
0,2,,0.112673,0.196098,0.691229,,27511000,,
0,2,,0.085558,0.256227,0.658215,,27894300,,
0,2,,0.110935,0.272004,0.617061,,28444500,,
0,2,,0.227172,0.285273,0.487555,,28170500,,
0,2,,0.148397,0.399231,0.452372,,28455400,,
0,2,,0.090619,0.1577,0.751681,,27704900,,
0,2,,0.086364,0.329789,0.583846,,27826300,,
0,2,,0.131647,0.16914,0.699213,,27565600,,
0,2,,0.100695,0.099929,0.799376,,27752800,,
0,2,,0.083751,0.287629,0.62862,,30919700,,
0,2,,0.09308,0.240686,0.666235,,27580600,,
0,2,,0.179968,0.224623,0.595409,,27830400,,
0,2,,0.154234,0.317403,0.528363,,27864200,,
0,2,,0.102822,0.176367,0.720812,,27867200,,
0,2,,0.122774,0.227905,0.649322,,28127300,,
0,2,,0.194878,0.275886,0.529236,,27945900,,
0,2,,0.195491,0.271447,0.533063,,28587200,,
0,2,,0.117707,0.200292,0.682001,,27819300,,
0,2,,0.0635,0.273458,0.663042,,27754000,,
0,2,,0.182649,0.233079,0.584272,,28355100,,
0,2,,0.119812,0.276508,0.603681,,28182100,,
0,2,,0.05683,0.25806,0.68511,,26889500,,
0,2,,0.123196,0.279467,0.597337,,27474200,,
0,2,,0.112474,0.213902,0.673625,,27824500,,
0,2,,0.082945,0.292466,0.624589,,29117700,,
0,2,,0.176688,0.158641,0.664671,,28625900,,
0,2,,0.153915,0.293029,0.553056,,28085400,,
0,2,,0.164383,0.290431,0.545186,,28010900,,
0,2,,0.183709,0.2222,0.594092,,27274600,,
0,2,,0.096664,0.239996,0.663339,,27897700,,
0,2,,0.098873,0.168926,0.732201,,28492300,,
0,2,,0.12399,0.151916,0.724093,,27120400,,
0,2,,0.148264,0.214493,0.637242,,27637100,,
0,2,,0.108112,0.262693,0.629195,,27515500,,
0,2,,0.199316,0.301441,0.499243,,27943300,,
0,2,,0.150175,0.365576,0.484249,,28063100,,
0,2,,0.144527,0.250156,0.605317,,27749800,,
0,2,,0.142813,0.264192,0.592996,,28075100,,
0,2,,0.183378,0.207626,0.608996,,28149900,,
0,2,,0.078038,0.168122,0.753839,,27953500,,
0,2,,0.112103,0.338669,0.549228,,28012400,,
0,2,,0.159715,0.25899,0.581295,,28109700,,
0,2,,0.139597,0.236495,0.623908,,28207000,,
0,2,,0.154723,0.267905,0.577372,,28171900,,
0,2,,0.165068,0.340045,0.494888,,28453500,,
0,2,,0.094311,0.256294,0.649395,,27498500,,
0,2,,0.14514,0.262132,0.592728,,28188500,,
0,2,,0.153718,0.206208,0.640075,,27028400,,
0,2,,0.110865,0.37978,0.509355,,27398500,,
0,2,,0.08365,0.352057,0.564293,,27891900,,
0,2,,0.134884,0.364368,0.500749,,28540200,,
0,2,,0.129847,0.389669,0.480484,,28472000,,
0,2,,0.243001,0.193494,0.563505,,29778900,,
0,2,,0.120836,0.30463,0.574534,,27218200,,
0,2,,0.116782,0.221909,0.661309,,27531300,,
0,2,,0.08983,0.16205,0.748119,,28244500,,
0,2,,0.09732,0.298159,0.604521,,28240400,,
0,2,,0.145729,0.261086,0.593186,,27221500,,
0,2,,0.113013,0.360863,0.526124,,27373800,,
0,2,,0.144879,0.199649,0.655472,,27946200,,
0,2,,0.114821,0.222153,0.663026,,27260700,,
0,2,,0.1061,0.331184,0.562717,,28203600,,
0,2,,0.165408,0.270492,0.5641,,28710400,,
0,2,,0.04336,0.295094,0.661546,,27968300,,
0,2,,0.067471,0.264588,0.667941,,28027800,,
0,2,,0.090447,0.290383,0.61917,,28033300,,
0,2,,0.087689,0.334635,0.577675,,28988700,,
0,2,,0.108136,0.235325,0.656539,,27017500,,
0,2,,0.13275,0.204188,0.663061,,27617100,,
0,2,,0.137368,0.329779,0.532853,,27776100,,
0,2,,0.128204,0.266289,0.605508,,27831400,,
0,2,,0.11804,0.182995,0.698965,,28255100,,
0,2,,0.125213,0.312405,0.562382,,27613800,,
0,2,,0.056537,0.376724,0.566739,,27979300,,
0,2,,0.146682,0.251317,0.602001,,28248900,,
0,2,,0.051524,0.319474,0.629003,,28691000,,
0,2,,0.231805,0.228186,0.540009,,28364600,,
0,2,,0.190102,0.269107,0.54079,,29227200,,
0,2,,0.086252,0.412698,0.50105,,27834900,,
0,1,,0.215673,0.394453,0.389873,,27926200,,
0,2,,0.112375,0.295051,0.592574,,27714800,,
0,2,,0.151952,0.312984,0.535064,,28191200,,
0,2,,0.103831,0.341565,0.554604,,30254100,,
0,2,,0.067631,0.361379,0.57099,,28669400,,
0,2,,0.125464,0.238811,0.635726,,28333500,,
0,2,,0.126808,0.314328,0.558864,,28028700,,
0,2,,0.184496,0.290235,0.525269,,28743000,,
0,2,,0.121274,0.280109,0.598617,,29068100,,
0,2,,0.111335,0.201531,0.687134,,28035100,,
0,2,,0.089053,0.25853,0.652417,,28022600,,
0,2,,0.166604,0.330536,0.50286,,28035300,,
0,2,,0.175188,0.316805,0.508007,,27778500,,
0,2,,0.093769,0.327568,0.578663,,27348100,,
0,2,,0.167401,0.187426,0.645172,,27223600,,
0,2,,0.141095,0.260396,0.598508,,27884100,,
0,2,,0.117482,0.244631,0.637887,,27984100,,
0,2,,0.095849,0.373288,0.530864,,28041000,,
0,2,,0.168305,0.191644,0.640052,,29417900,,
0,2,,0.133255,0.28496,0.581785,,28782300,,
0,2,,0.077131,0.259917,0.662953,,28500900,,
0,2,,0.13325,0.236429,0.630321,,28479400,,
0,2,,0.097458,0.264372,0.63817,,28472800,,
0,2,,0.101319,0.211561,0.687119,,28103700,,
0,2,,0.144306,0.276796,0.578898,,27188700,,
0,2,,0.140147,0.266695,0.593157,,28124900,,
0,2,,0.052858,0.289348,0.657794,,28163000,,
0,2,,0.099941,0.245275,0.654784,,28393800,,
0,2,,0.087465,0.314548,0.597987,,28622400,,
0,2,,0.261214,0.191721,0.547066,,28350000,,
0,2,,0.126518,0.390129,0.483353,,28765500,,
0,2,,0.121869,0.183645,0.694487,,28849100,,
0,2,,0.068193,0.297953,0.633854,,28361200,,
0,2,,0.152266,0.225536,0.622198,,27672200,,
0,2,,0.155725,0.269021,0.575253,,27895400,,
0,2,,0.155733,0.330933,0.513334,,29632800,,
0,2,,0.167508,0.208615,0.623877,,27510100,,
0,2,,0.076265,0.242336,0.681399,,28455700,,
0,2,,0.111324,0.240166,0.648511,,28371200,,
0,2,,0.094322,0.334447,0.571231,,31653400,,
0,2,,0.132791,0.221024,0.646185,,35289800,,
0,2,,0.157967,0.278459,0.563575,,35392100,,
0,2,,0.178077,0.212878,0.609045,,35535400,,
0,2,,0.10126,0.249255,0.649486,,35912800,,
0,2,,0.177508,0.279318,0.543173,,37114700,,
0,2,,0.12823,0.240781,0.630989,,39139300,,
0,2,,0.112609,0.277619,0.609772,,38123500,,
0,2,,0.124623,0.256468,0.618909,,36990600,,
0,2,,0.12001,0.269114,0.610876,,34319500,,
0,2,,0.198397,0.378375,0.423228,,29929200,,
0,2,,0.118279,0.285716,0.596006,,27387200,,
0,2,,0.09929,0.214984,0.685726,,27771100,,
0,2,,0.137201,0.263198,0.599601,,27877800,,
0,2,,0.135143,0.286884,0.577974,,28062500,,
0,2,,0.08001,0.256775,0.663215,,27584200,,
0,2,,0.11916,0.307928,0.572911,,28389400,,
0,2,,0.123236,0.261978,0.614786,,28576500,,
0,2,,0.176713,0.171754,0.651532,,30944200,,
0,2,,0.176599,0.241535,0.581866,,53852000,,
0,2,,0.172523,0.300758,0.526719,,42318500,,
0,2,,0.143706,0.274455,0.581839,,39252500,,
0,2,,0.074711,0.30084,0.624449,,42100400,,
0,2,,0.114625,0.297015,0.58836,,35932900,,
0,2,,0.265758,0.351337,0.382905,,29939600,,
0,2,,0.131363,0.291659,0.576978,,30802300,,
0,2,,0.151763,0.249594,0.598644,,31358900,,
0,2,,0.080797,0.267667,0.651536,,29035200,,
0,2,,0.097492,0.31842,0.584088,,28681400,,
0,2,,0.126642,0.314663,0.558695,,28360500,,
0,2,,0.122725,0.240886,0.636389,,30788400,,
0,2,,0.08714,0.314914,0.597946,,34351000,,
0,2,,0.14741,0.190885,0.661704,,32745700,,
0,2,,0.118545,0.235284,0.646171,,34075300,,
0,2,,0.131201,0.351597,0.517203,,34648900,,
0,2,,0.084742,0.3126,0.602658,,36524300,,
0,2,,0.165016,0.270144,0.56484,,37562300,,
0,2,,0.120556,0.286258,0.593186,,41680400,,
0,2,,0.125017,0.27789,0.597093,,43665500,,
0,2,,0.1499,0.17054,0.67956,,36700900,,
0,2,,0.177174,0.24461,0.578216,,37222700,,
0,2,,0.166648,0.271687,0.561665,,38101000,,
0,2,,0.13061,0.263495,0.605895,,36686800,,
0,2,,0.111003,0.287905,0.601092,,36179400,,
0,2,,0.116121,0.338456,0.545423,,36363700,,
0,2,,0.142234,0.255636,0.60213,,32710200,,
0,2,,0.152059,0.21791,0.630031,,32505200,,
0,2,,0.096599,0.367369,0.536031,,32580400,,
0,2,,0.077429,0.260346,0.662225,,27405400,,
0,1,,0.093802,0.475244,0.430954,,29121800,,
0,2,,0.209068,0.302135,0.488797,,27885000,,
0,2,,0.095519,0.236229,0.668251,,28931500,,
0,2,,0.123021,0.276746,0.600232,,28164600,,
0,2,,0.112153,0.311724,0.576123,,27711700,,
0,2,,0.110465,0.313257,0.576278,,27680900,,
0,2,,0.169797,0.263408,0.566795,,27996400,,
0,2,,0.105756,0.386571,0.507673,,27980100,,
0,2,,0.16,0.125368,0.714632,,29798200,,
0,2,,0.190556,0.24649,0.562953,,30305900,,
0,2,,0.089919,0.264567,0.645514,,30858800,,
0,2,,0.105676,0.350063,0.544261,,30703900,,
0,2,,0.088888,0.222501,0.688611,,31355600,,
0,2,,0.034999,0.248551,0.71645,,29071500,,
0,2,,0.179347,0.311497,0.509156,,28331900,,
0,2,,0.176913,0.274643,0.548444,,29207500,,
0,2,,0.113067,0.326754,0.560179,,28800100,,
0,2,,0.089412,0.31851,0.592078,,27437400,,
0,2,,0.132457,0.27435,0.593193,,28461900,,
0,2,,0.066092,0.299285,0.634622,,28230700,,
0,2,,0.12639,0.266881,0.606729,,28635600,,
0,2,,0.154385,0.297266,0.548349,,27118900,,
0,2,,0.087123,0.18751,0.725367,,28392500,,
0,2,,0.158703,0.291984,0.549314,,27837000,,
0,2,,0.080338,0.376187,0.543475,,27841100,,
0,2,,0.092921,0.247302,0.659777,,27855000,,
0,2,,0.156517,0.211545,0.631937,,27745700,,
0,2,,0.13916,0.291883,0.568957,,28134100,,
0,2,,0.181542,0.183416,0.635042,,27967400,,
0,2,,0.183181,0.243127,0.573692,,27906400,,
0,2,,0.111155,0.262773,0.626072,,28874700,,
0,2,,0.104265,0.208804,0.686931,,26779200,,
0,2,,0.102206,0.231362,0.666432,,28066600,,
0,2,,0.095571,0.271345,0.633085,,28526700,,
0,2,,0.106176,0.26522,0.628604,,28531700,,
0,2,,0.093557,0.203356,0.703088,,27728400,,
0,2,,0.107386,0.337204,0.555411,,27911600,,
0,2,,0.108956,0.248768,0.642276,,29302400,,
0,2,,0.13674,0.274542,0.588719,,28202200,,
0,2,,0.131945,0.169323,0.698731,,27862400,,
0,2,,0.13102,0.269501,0.599479,,27872800,,
0,2,,0.112055,0.366873,0.521072,,27704500,,
0,2,,0.149553,0.244168,0.606279,,27958400,,
0,2,,0.096389,0.243876,0.659735,,28209200,,
0,2,,0.195604,0.20222,0.602175,,28207000,,
0,2,,0.123455,0.247269,0.629276,,27733200,,
0,2,,0.122541,0.27534,0.60212,,28149900,,
0,2,,0.21067,0.313945,0.475386,,28219100,,
0,2,,0.10021,0.420522,0.479268,,27270300,,
0,2,,0.104421,0.162768,0.732811,,30573100,,
0,2,,0.177613,0.288697,0.53369,,28768300,,
0,2,,0.148427,0.210998,0.640575,,28982200,,
0,2,,0.175619,0.178432,0.645949,,28204400,,
0,2,,0.117479,0.275749,0.606771,,28037200,,
0,2,,0.160735,0.212859,0.626407,,28054400,,
0,2,,0.082286,0.196711,0.721003,,28409900,,
0,2,,0.105104,0.325395,0.569501,,27174700,,
0,2,,0.206507,0.21501,0.578483,,27811800,,
0,2,,0.160523,0.247371,0.592106,,28269800,,
0,2,,0.092892,0.202085,0.705024,,28048800,,
0,2,,0.086984,0.325842,0.587174,,27867200,,
0,2,,0.122279,0.222217,0.655504,,27948100,,
0,2,,0.145707,0.27416,0.580133,,28016100,,
0,2,,0.178454,0.219693,0.601853,,27914000,,
0,2,,0.115776,0.295537,0.588687,,27816300,,
0,2,,0.277987,0.190929,0.531084,,28557300,,
0,2,,0.12332,0.311091,0.565588,,27611600,,
0,2,,0.164031,0.208312,0.627657,,27390600,,
0,2,,0.149061,0.245512,0.605428,,27408300,,
0,2,,0.132356,0.270561,0.597083,,27237900,,
0,2,,0.159909,0.223239,0.616852,,27789600,,
0,2,,0.193812,0.297638,0.508551,,27596400,,
0,2,,0.152159,0.303747,0.544094,,28274000,,
0,2,,0.183186,0.287131,0.529683,,29081100,,
0,2,,0.133532,0.223224,0.643243,,27824100,,
0,2,,0.132967,0.265559,0.601474,,27761700,,
0,2,,0.124452,0.247796,0.627752,,28186400,,
0,2,,0.131463,0.281171,0.587366,,27863200,,
0,2,,0.099708,0.313005,0.587287,,28185800,,
0,2,,0.165095,0.236769,0.598136,,28004700,,
0,2,,0.126873,0.344568,0.528559,,27902200,,
0,2,,0.122798,0.230816,0.646386,,27666100,,
0,2,,0.095099,0.219138,0.685763,,28199700,,
0,2,,0.275708,0.173707,0.550585,,27945900,,
0,2,,0.109323,0.278486,0.612192,,27915700,,
0,2,,0.080766,0.264698,0.654535,,31030300,,
0,2,,0.261906,0.253101,0.484993,,28634800,,
0,2,,0.104078,0.172852,0.72307,,28806800,,
0,2,,0.150555,0.339433,0.510012,,29772100,,
0,2,,0.113357,0.249593,0.63705,,27624200,,
0,2,,0.083649,0.392195,0.524156,,27705100,,
0,2,,0.098831,0.319003,0.582166,,29267100,,
0,2,,0.104684,0.212384,0.682932,,27291900,,
0,2,,0.058358,0.328777,0.612865,,27972200,,
0,2,,0.145572,0.304197,0.550231,,27238100,,
0,2,,0.171418,0.254107,0.574475,,28178400,,
0,2,,0.138936,0.271185,0.589879,,28135300,,
0,2,,0.131452,0.295117,0.573432,,28203800,,
0,2,,0.156942,0.202953,0.640105,,30962700,,
0,2,,0.201888,0.261163,0.536949,,27157300,,
0,2,,0.123578,0.292087,0.584334,,26896500,,
0,2,,0.122816,0.257304,0.61988,,28083100,,
0,2,,0.101251,0.25906,0.63969,,27156300,,
0,2,,0.097287,0.420155,0.482558,,27793900,,
0,2,,0.048161,0.258995,0.692844,,27591300,,
0,2,,0.096604,0.316291,0.587105,,27735100,,
0,2,,0.049687,0.367363,0.582949,,28189100,,
0,2,,0.106546,0.296664,0.59679,,27895300,,
0,2,,0.144672,0.329667,0.525661,,28727900,,
0,2,,0.119291,0.199226,0.681482,,30019200,,
0,2,,0.100186,0.277362,0.622453,,29826600,,
0,2,,0.112855,0.346836,0.540309,,30312700,,
0,2,,0.197058,0.271713,0.531229,,28922600,,
0,2,,0.099944,0.264082,0.635975,,29531800,,
0,2,,0.120699,0.201294,0.678007,,29863500,,
0,2,,0.184428,0.167195,0.648377,,28026400,,
0,2,,0.082407,0.401586,0.516007,,28275400,,
0,2,,0.097286,0.214407,0.688306,,28664600,,
0,2,,0.10318,0.225125,0.671695,,29933900,,
0,2,,0.143481,0.261689,0.594829,,34266800,,
0,2,,0.131754,0.243393,0.624854,,28435400,,
0,1,,0.126939,0.448681,0.42438,,29052800,,
0,2,,0.111463,0.320105,0.568432,,28950200,,
0,2,,0.098209,0.360149,0.541642,,30220000,,
0,2,,0.14283,0.286508,0.570662,,28987400,,
0,2,,0.09907,0.27741,0.62352,,29213800,,
0,2,,0.101536,0.355618,0.542845,,28583900,,
0,2,,0.08232,0.258789,0.658891,,29126400,,
0,2,,0.116887,0.327945,0.555168,,29885100,,
0,2,,0.173689,0.260203,0.566108,,29203000,,
0,2,,0.114326,0.290203,0.595471,,28589000,,
0,2,,0.123956,0.27698,0.599064,,28609000,,
0,2,,0.124185,0.325413,0.550402,,29355800,,
0,2,,0.103758,0.283612,0.61263,,28572200,,
0,2,,0.083403,0.259041,0.657556,,28693300,,
0,2,,0.147342,0.327678,0.52498,,32215700,,
0,2,,0.174995,0.207984,0.617021,,29922300,,
0,2,,0.114602,0.345485,0.539913,,29832600,,
0,2,,0.134173,0.239686,0.62614,,28494300,,
0,2,,0.116219,0.252448,0.631333,,28748900,,
0,2,,0.128211,0.318946,0.552843,,28590900,,
0,2,,0.092216,0.174295,0.73349,,28372300,,
0,2,,0.118202,0.241244,0.640554,,29742000,,
0,2,,0.181923,0.248777,0.5693,,28704700,,
0,2,,0.105995,0.224928,0.669077,,28812100,,
0,2,,0.178688,0.229981,0.591331,,28568700,,
0,2,,0.135949,0.220152,0.643899,,28750600,,
0,2,,0.130507,0.21581,0.653683,,27988000,,
0,2,,0.153548,0.271312,0.57514,,28383900,,
0,2,,0.130425,0.297949,0.571625,,28458300,,
0,2,,0.165453,0.243485,0.591062,,28989300,,
0,2,,0.127744,0.26659,0.605666,,29457900,,
0,2,,0.13326,0.26693,0.599809,,29279100,,
0,2,,0.199614,0.21977,0.580615,,28082400,,
0,2,,0.164511,0.381851,0.453638,,28404200,,
0,2,,0.10402,0.336416,0.559564,,28573000,,
0,2,,0.137997,0.241771,0.620232,,30337000,,
0,2,,0.231474,0.246295,0.52223,,28153700,,
0,2,,0.144849,0.375534,0.479616,,28525700,,
0,2,,0.100076,0.327287,0.572638,,28896100,,
0,2,,0.133628,0.260495,0.605877,,29471600,,
0,2,,0.169363,0.145443,0.685195,,29342200,,
0,2,,0.106336,0.26104,0.632625,,28894400,,
0,2,,0.112648,0.287243,0.600109,,28691800,,
0,2,,0.099065,0.314545,0.58639,,28636700,,
0,1,,0.20581,0.451457,0.342733,,30146100,,
0,2,,0.19203,0.254589,0.553381,,28287900,,
0,2,,0.14444,0.22517,0.63039,,28452700,,
0,2,,0.108887,0.270662,0.62045,,28890100,,
0,2,,0.117442,0.324811,0.557747,,28459100,,
0,2,,0.120981,0.262476,0.616543,,33058300,,
0,2,,0.179441,0.18166,0.638899,,30147300,,
0,2,,0.146165,0.271337,0.582498,,28963000,,
0,2,,0.096749,0.366806,0.536445,,28434900,,
0,2,,0.080677,0.185733,0.73359,,28680300,,
0,2,,0.088619,0.167326,0.744055,,28597400,,
0,2,,0.144458,0.243948,0.611594,,29273400,,
0,2,,0.14148,0.371668,0.486852,,29277000,,
0,2,,0.124479,0.256324,0.619197,,28865900,,
0,2,,0.126847,0.299602,0.573552,,28593900,,
0,2,,0.132039,0.226411,0.64155,,28671500,,
0,2,,0.131483,0.210509,0.658008,,29410300,,
0,2,,0.143875,0.259263,0.596862,,28540000,,
0,2,,0.10694,0.358204,0.534856,,28762400,,
0,2,,0.056681,0.378454,0.564865,,29033600,,
0,2,,0.131649,0.247077,0.621273,,28470900,,
0,2,,0.035457,0.278742,0.685801,,29728400,,
0,2,,0.095067,0.306629,0.598304,,28878800,,
0,2,,0.134773,0.281315,0.583912,,28756100,,
0,2,,0.137994,0.259201,0.602805,,28780600,,
0,2,,0.122484,0.332654,0.544861,,29871000,,
