connect-4,CWE,test,0,NANOSECONDS,PREDICTIONS, Generated by ClassifierExperiments.java on 2022-05-16 20:37:52.    SYSTEMPROPERTIES:{user.name:matth,os.arch:amd64,os.name:Windows 10},ENDSYSTEMPROPERTIES
No parameter info
0.6870189461219657,43788008300,1185741068900,-1,674278768,3,,-1,-1
0,2,,0.140264,0.253795,0.605941,,94859500,,
0,2,,0.178741,0.351145,0.470114,,77895500,,
0,2,,0.061567,0.276641,0.661793,,88910800,,
0,2,,0.089917,0.257225,0.652858,,91283400,,
0,2,,0.170521,0.343742,0.485737,,77077600,,
0,2,,0.165409,0.308194,0.526396,,88962800,,
0,2,,0.137125,0.203972,0.658902,,79704600,,
0,2,,0.147123,0.399047,0.453829,,95889100,,
0,2,,0.125342,0.240756,0.633902,,78711000,,
0,2,,0.104083,0.151426,0.744491,,77887000,,
0,2,,0.098772,0.343304,0.557924,,92683500,,
0,2,,0.20924,0.215098,0.575662,,87699100,,
0,2,,0.130316,0.298219,0.571465,,81452000,,
0,2,,0.21495,0.309815,0.475235,,88749500,,
0,2,,0.119269,0.30574,0.574991,,76880000,,
0,2,,0.136318,0.269552,0.59413,,83271300,,
0,2,,0.159347,0.304839,0.535814,,66972300,,
0,2,,0.104399,0.281863,0.613738,,87530500,,
0,2,,0.136432,0.228056,0.635512,,81151300,,
0,2,,0.084744,0.308426,0.606829,,78051200,,
0,2,,0.09582,0.175733,0.728447,,80708500,,
0,2,,0.127832,0.194778,0.67739,,81541600,,
0,2,,0.094267,0.238546,0.667187,,74010300,,
0,2,,0.098973,0.197679,0.703347,,86292700,,
0,2,,0.122089,0.24581,0.632102,,86270000,,
0,2,,0.137956,0.240354,0.62169,,78661500,,
0,2,,0.108584,0.286227,0.605189,,82119400,,
0,2,,0.144658,0.211564,0.643778,,71559700,,
0,2,,0.109663,0.228986,0.661351,,82420200,,
0,2,,0.19136,0.266407,0.542234,,92077100,,
0,2,,0.146514,0.252552,0.600934,,95979800,,
0,2,,0.099287,0.324247,0.576465,,81777900,,
0,2,,0.194948,0.214887,0.590164,,78344300,,
0,2,,0.117754,0.237147,0.645099,,85010800,,
0,2,,0.104394,0.220133,0.675473,,85703800,,
0,2,,0.064096,0.290112,0.645792,,86375700,,
0,2,,0.132147,0.381686,0.486167,,82466700,,
0,2,,0.086513,0.189497,0.72399,,87164000,,
0,2,,0.108625,0.243326,0.648049,,91010400,,
0,2,,0.146683,0.320489,0.532828,,79693900,,
0,2,,0.132142,0.363512,0.504346,,84064900,,
0,2,,0.109834,0.192927,0.697239,,73417300,,
0,2,,0.152205,0.173725,0.67407,,87082600,,
0,2,,0.189166,0.275848,0.534986,,91388400,,
0,2,,0.144984,0.321625,0.533391,,76380300,,
0,2,,0.122528,0.248751,0.628721,,75645400,,
0,2,,0.136746,0.201002,0.662252,,82239600,,
0,2,,0.141247,0.271241,0.587513,,79770500,,
0,2,,0.155269,0.250778,0.593952,,90703600,,
0,2,,0.098659,0.328076,0.573264,,82332800,,
0,2,,0.103452,0.316429,0.580119,,78390400,,
0,2,,0.128415,0.312127,0.559458,,92296800,,
0,2,,0.124348,0.260423,0.615228,,92103200,,
0,2,,0.130067,0.241285,0.628648,,92322500,,
0,2,,0.11209,0.257667,0.630243,,85987300,,
0,2,,0.133715,0.189911,0.676375,,95573500,,
0,2,,0.08216,0.192334,0.725506,,93493400,,
0,2,,0.103512,0.359798,0.536689,,87717300,,
0,2,,0.157595,0.198162,0.644243,,86460000,,
0,2,,0.122942,0.281218,0.595839,,73501400,,
0,2,,0.080681,0.192597,0.726722,,87128900,,
0,2,,0.171447,0.258634,0.56992,,75520700,,
0,2,,0.160232,0.213795,0.625973,,78808700,,
0,2,,0.148589,0.246862,0.604549,,79490700,,
0,2,,0.103908,0.226684,0.669407,,89328800,,
0,2,,0.119011,0.262679,0.61831,,79645800,,
0,2,,0.144886,0.238619,0.616495,,84317400,,
0,2,,0.095764,0.313733,0.590503,,86681100,,
0,2,,0.071562,0.257173,0.671265,,91813800,,
0,2,,0.228029,0.210749,0.561221,,88446400,,
0,2,,0.182,0.286054,0.531946,,84962700,,
0,2,,0.128605,0.256835,0.61456,,73707400,,
0,2,,0.139169,0.251367,0.609464,,82444400,,
0,2,,0.130376,0.276856,0.592768,,75835800,,
0,2,,0.112572,0.390921,0.496507,,77232700,,
0,2,,0.158693,0.266633,0.574674,,89859300,,
0,2,,0.11234,0.284219,0.603441,,81951700,,
0,2,,0.172569,0.320527,0.506903,,75006900,,
0,2,,0.143574,0.225359,0.631068,,75971000,,
0,2,,0.114253,0.297294,0.588453,,82733900,,
0,2,,0.135122,0.316306,0.548571,,86855700,,
0,2,,0.10237,0.266388,0.631242,,100866200,,
0,2,,0.165131,0.2537,0.581169,,103361600,,
0,2,,0.153686,0.211612,0.634702,,88621900,,
0,2,,0.10335,0.225541,0.671109,,84508300,,
0,2,,0.083273,0.249471,0.667256,,79644300,,
0,2,,0.15718,0.156624,0.686196,,90410800,,
0,2,,0.22336,0.260358,0.516283,,87895200,,
0,2,,0.179828,0.239074,0.581098,,78950700,,
0,2,,0.130302,0.246074,0.623625,,81610200,,
0,2,,0.108481,0.288517,0.603002,,92225100,,
0,2,,0.097576,0.245154,0.65727,,92042600,,
0,2,,0.102969,0.210743,0.686288,,97284300,,
0,2,,0.150714,0.258948,0.590338,,84638300,,
0,2,,0.124067,0.28996,0.585973,,93230100,,
0,2,,0.074623,0.347999,0.577377,,87346400,,
0,2,,0.095646,0.354562,0.549792,,87338300,,
0,2,,0.08157,0.340727,0.577703,,83860800,,
0,2,,0.11412,0.279569,0.606311,,87342600,,
0,2,,0.179346,0.226023,0.594631,,88995900,,
0,2,,0.105677,0.233584,0.660738,,96312700,,
0,2,,0.122441,0.274492,0.603067,,84797100,,
0,2,,0.192738,0.260096,0.547166,,84176300,,
0,2,,0.155602,0.208603,0.635796,,93613400,,
0,2,,0.062878,0.300643,0.636478,,86274800,,
0,2,,0.114446,0.34963,0.535923,,83701700,,
0,2,,0.078343,0.286956,0.634701,,82439500,,
0,2,,0.09064,0.163967,0.745393,,81239200,,
0,2,,0.083771,0.342115,0.574114,,85732200,,
0,2,,0.132441,0.163925,0.703634,,80643500,,
0,2,,0.101344,0.269258,0.629398,,81959600,,
0,2,,0.148981,0.247594,0.603426,,78589800,,
0,2,,0.117435,0.210586,0.671979,,93490600,,
0,2,,0.130863,0.237938,0.631199,,85477300,,
0,2,,0.066382,0.195896,0.737722,,75818400,,
0,2,,0.125806,0.258977,0.615216,,76715200,,
0,2,,0.104933,0.289913,0.605154,,81544900,,
0,2,,0.178575,0.23219,0.589235,,69612700,,
0,2,,0.115549,0.332769,0.551682,,71829200,,
0,2,,0.173465,0.289612,0.536923,,74429100,,
0,2,,0.142294,0.296834,0.560871,,71984400,,
0,2,,0.138178,0.264475,0.597347,,78371100,,
0,2,,0.104075,0.185543,0.710383,,89349700,,
0,2,,0.142078,0.232808,0.625114,,88071600,,
0,2,,0.091458,0.192991,0.71555,,88921100,,
0,2,,0.107989,0.1684,0.723611,,89872900,,
0,2,,0.18867,0.283782,0.527548,,82737400,,
0,2,,0.119875,0.32636,0.553765,,85639800,,
0,2,,0.09367,0.250615,0.655715,,89885800,,
0,2,,0.117568,0.375669,0.506763,,81123000,,
0,2,,0.161266,0.253036,0.585698,,75146500,,
0,2,,0.223621,0.345432,0.430947,,75301300,,
0,2,,0.098084,0.319141,0.582775,,75284300,,
0,2,,0.150312,0.211666,0.638022,,83921000,,
0,2,,0.103067,0.253297,0.643636,,85772100,,
0,2,,0.112767,0.307489,0.579744,,87758900,,
0,2,,0.142806,0.314585,0.542608,,82176600,,
0,2,,0.137581,0.211182,0.651237,,66056000,,
0,2,,0.103733,0.323456,0.57281,,80489500,,
0,2,,0.114642,0.249386,0.635972,,73398700,,
0,2,,0.070633,0.206133,0.723234,,82335300,,
0,2,,0.091355,0.237782,0.670864,,82798900,,
0,2,,0.182315,0.371695,0.44599,,74787800,,
0,2,,0.15335,0.375166,0.471483,,82190500,,
0,2,,0.148749,0.250602,0.600649,,82731600,,
0,2,,0.126513,0.186019,0.687469,,88809900,,
0,2,,0.10769,0.189189,0.70312,,85144800,,
0,2,,0.085038,0.285904,0.629058,,81942000,,
0,2,,0.104591,0.343138,0.552271,,89758300,,
0,2,,0.080086,0.332179,0.587734,,79257100,,
0,2,,0.08412,0.193919,0.721961,,73341400,,
0,2,,0.200338,0.175546,0.624117,,75800700,,
0,2,,0.13308,0.249972,0.616949,,81664100,,
0,2,,0.081853,0.238677,0.67947,,83103200,,
0,2,,0.21599,0.248696,0.535314,,84209800,,
0,2,,0.204726,0.291056,0.504218,,88605000,,
0,2,,0.151065,0.343944,0.50499,,84249100,,
0,2,,0.069958,0.304024,0.626018,,73352500,,
0,2,,0.114375,0.167511,0.718115,,86669800,,
0,2,,0.091804,0.356512,0.551683,,89813800,,
0,2,,0.117177,0.302678,0.580145,,88592000,,
0,2,,0.066672,0.327639,0.605689,,83986200,,
0,2,,0.12886,0.219688,0.651452,,65720800,,
0,2,,0.081433,0.141826,0.776741,,78828400,,
0,2,,0.12159,0.19986,0.678551,,90697800,,
0,2,,0.123464,0.250378,0.626157,,81405800,,
0,2,,0.091332,0.212425,0.696243,,96749500,,
0,2,,0.138837,0.198233,0.662931,,85296300,,
0,2,,0.12388,0.216965,0.659155,,86593900,,
0,2,,0.090813,0.314672,0.594515,,87496500,,
0,2,,0.132038,0.259469,0.608493,,71601400,,
0,2,,0.079251,0.256237,0.664512,,87681800,,
0,2,,0.094515,0.179888,0.725596,,76899800,,
0,2,,0.145189,0.201124,0.653687,,86801000,,
0,2,,0.07423,0.278554,0.647216,,73748000,,
0,2,,0.130414,0.29142,0.578166,,72592300,,
0,2,,0.078322,0.226784,0.694894,,93578700,,
0,2,,0.096969,0.349287,0.553744,,91232600,,
0,2,,0.068034,0.352716,0.579251,,91438900,,
0,2,,0.146783,0.176608,0.676609,,92828900,,
0,2,,0.132687,0.261847,0.605466,,94456900,,
0,2,,0.098249,0.27585,0.625901,,72119100,,
0,2,,0.145816,0.338406,0.515778,,76416000,,
0,2,,0.144748,0.228812,0.626439,,90190500,,
0,2,,0.072892,0.362778,0.564329,,87205400,,
0,2,,0.094104,0.268954,0.636942,,79524900,,
0,2,,0.098913,0.251889,0.649197,,88328100,,
0,2,,0.088526,0.273767,0.637707,,95461800,,
0,2,,0.102891,0.30542,0.591689,,86955200,,
0,2,,0.123361,0.310063,0.566576,,95082600,,
0,2,,0.089798,0.3602,0.550002,,91543600,,
0,2,,0.080153,0.266786,0.653061,,94172500,,
0,2,,0.137777,0.364632,0.497591,,89492300,,
0,2,,0.110671,0.261151,0.628177,,90956300,,
0,2,,0.117065,0.258975,0.62396,,92515800,,
0,2,,0.149257,0.187951,0.662792,,89001800,,
0,2,,0.093677,0.235499,0.670824,,84747000,,
0,2,,0.16343,0.270432,0.566138,,80431200,,
0,2,,0.134139,0.26111,0.604752,,79220800,,
0,2,,0.139064,0.293058,0.567878,,95659300,,
0,2,,0.069584,0.265404,0.665012,,82157200,,
0,2,,0.124353,0.207257,0.66839,,82011400,,
0,2,,0.139487,0.289692,0.570821,,82653400,,
0,2,,0.103635,0.251041,0.645323,,78795600,,
0,2,,0.11923,0.294935,0.585835,,78678800,,
0,2,,0.099791,0.272356,0.627853,,84162700,,
0,2,,0.080551,0.163402,0.756047,,91663000,,
0,2,,0.095437,0.294421,0.610142,,84065100,,
0,2,,0.145711,0.23135,0.622938,,75450200,,
0,2,,0.174713,0.27355,0.551738,,80963600,,
0,2,,0.129163,0.236722,0.634115,,77946000,,
0,2,,0.154566,0.297755,0.547678,,74713700,,
0,2,,0.103644,0.288755,0.6076,,87341100,,
0,2,,0.08604,0.186963,0.726997,,72876900,,
0,2,,0.206715,0.274777,0.518508,,77017200,,
0,2,,0.108168,0.421066,0.470765,,87583700,,
0,2,,0.153169,0.219094,0.627738,,81309400,,
0,2,,0.133451,0.285172,0.581377,,74496000,,
0,2,,0.23,0.187236,0.582764,,92815000,,
0,2,,0.089307,0.195572,0.715122,,91957000,,
0,2,,0.106093,0.307015,0.586893,,84835700,,
0,2,,0.154796,0.214559,0.630645,,80624200,,
0,2,,0.08262,0.15229,0.765089,,90024400,,
0,2,,0.102365,0.171916,0.725719,,92214000,,
0,2,,0.195453,0.225103,0.579444,,82927900,,
0,2,,0.077233,0.222336,0.700431,,86409800,,
0,2,,0.074948,0.253707,0.671346,,96102000,,
0,2,,0.166388,0.277182,0.556431,,87592500,,
0,2,,0.116039,0.254109,0.629853,,79252200,,
0,2,,0.124188,0.361393,0.514419,,81107100,,
0,2,,0.127081,0.296709,0.57621,,91494600,,
0,2,,0.15249,0.341404,0.506106,,88071700,,
0,2,,0.080147,0.251582,0.668272,,82358600,,
0,2,,0.128509,0.213935,0.657556,,75521100,,
0,2,,0.173128,0.371489,0.455383,,78105100,,
0,2,,0.185115,0.303819,0.511066,,80423300,,
0,2,,0.241773,0.195404,0.562823,,72852500,,
0,2,,0.152491,0.256171,0.591338,,72067500,,
0,2,,0.116443,0.24512,0.638436,,84319200,,
0,2,,0.088528,0.231884,0.679587,,80046700,,
0,2,,0.083205,0.191351,0.725445,,72272500,,
0,2,,0.142172,0.160835,0.696994,,73503100,,
0,2,,0.159273,0.329667,0.51106,,90182200,,
0,2,,0.130884,0.239573,0.629543,,82036800,,
0,2,,0.122886,0.287328,0.589786,,97079800,,
0,2,,0.125265,0.169786,0.704949,,77804900,,
0,2,,0.102123,0.257776,0.6401,,83486700,,
0,2,,0.111309,0.22422,0.664471,,77848800,,
0,2,,0.109237,0.333624,0.557139,,83167100,,
0,2,,0.062484,0.366978,0.570538,,74198500,,
0,2,,0.170311,0.277559,0.55213,,83774000,,
0,2,,0.135531,0.274027,0.590442,,78096900,,
0,2,,0.140124,0.336348,0.523528,,89037400,,
0,2,,0.125017,0.332454,0.542529,,94512000,,
0,2,,0.110806,0.179631,0.709563,,102199600,,
0,2,,0.161908,0.242588,0.595503,,97770300,,
0,2,,0.145385,0.271817,0.582798,,101184700,,
0,2,,0.141068,0.280304,0.578628,,93831600,,
0,2,,0.122577,0.24559,0.631833,,90694900,,
0,2,,0.149707,0.304643,0.54565,,89673000,,
0,2,,0.134464,0.328829,0.536707,,94193400,,
0,2,,0.146482,0.285921,0.567597,,93052400,,
0,2,,0.146875,0.34392,0.509204,,88475700,,
0,2,,0.13059,0.375447,0.493964,,93702600,,
0,2,,0.144517,0.236006,0.619477,,92613000,,
0,2,,0.138309,0.388271,0.47342,,86229600,,
0,2,,0.152045,0.275114,0.572841,,93158900,,
0,2,,0.106008,0.260014,0.633977,,87850800,,
0,2,,0.173514,0.201145,0.625341,,77769900,,
0,2,,0.097565,0.254711,0.647724,,89827900,,
0,2,,0.081438,0.308003,0.610559,,79413900,,
0,2,,0.182841,0.263475,0.553684,,89075600,,
0,2,,0.131198,0.393537,0.475266,,73135200,,
0,2,,0.085188,0.273847,0.640966,,76282700,,
0,2,,0.189507,0.326046,0.484447,,90011200,,
0,2,,0.117353,0.323215,0.559432,,96130600,,
0,2,,0.144043,0.343386,0.512571,,90258100,,
0,2,,0.097358,0.310674,0.591968,,92015200,,
0,2,,0.161738,0.250655,0.587607,,84416700,,
0,2,,0.17869,0.215449,0.605861,,80969800,,
0,2,,0.102514,0.375852,0.521634,,80643400,,
0,2,,0.16839,0.251168,0.580442,,93237700,,
0,2,,0.073595,0.233114,0.693292,,90106600,,
0,2,,0.124638,0.243061,0.632301,,85635200,,
0,2,,0.273602,0.176638,0.549761,,77033200,,
0,2,,0.110854,0.196701,0.692445,,65467700,,
0,2,,0.141439,0.303532,0.55503,,79363300,,
0,2,,0.141641,0.325971,0.532389,,91769500,,
0,2,,0.090549,0.219423,0.690028,,78028100,,
0,2,,0.132468,0.209071,0.658461,,83062300,,
0,2,,0.162808,0.253174,0.584018,,77282600,,
0,2,,0.124274,0.347836,0.527889,,85482500,,
0,2,,0.117106,0.357107,0.525788,,81163800,,
0,2,,0.112819,0.33563,0.551551,,85034500,,
0,2,,0.116042,0.176832,0.707126,,90030700,,
0,2,,0.109171,0.319736,0.571093,,82332700,,
0,2,,0.094896,0.293228,0.611877,,79194200,,
0,2,,0.128808,0.273401,0.597791,,76732400,,
0,2,,0.249461,0.201193,0.549346,,83720300,,
0,2,,0.114004,0.266172,0.619824,,75748200,,
0,2,,0.093931,0.239289,0.66678,,90574300,,
0,2,,0.090823,0.333591,0.575585,,82932300,,
0,2,,0.160849,0.195264,0.643887,,77447800,,
0,2,,0.087662,0.319528,0.59281,,79077700,,
0,2,,0.139211,0.324578,0.536212,,87909600,,
0,2,,0.136998,0.321378,0.541624,,86292000,,
0,2,,0.083851,0.326472,0.589677,,72989900,,
0,2,,0.140833,0.294051,0.565117,,73800000,,
0,2,,0.104984,0.191287,0.70373,,85078700,,
0,2,,0.074816,0.288058,0.637127,,88783400,,
0,2,,0.14675,0.345775,0.507475,,92030800,,
0,2,,0.108627,0.208752,0.682621,,90681800,,
0,2,,0.190232,0.271583,0.538185,,87824500,,
0,2,,0.15589,0.369369,0.474741,,76137200,,
0,2,,0.169689,0.267556,0.562755,,93591500,,
0,2,,0.146514,0.242462,0.611025,,90842400,,
0,2,,0.183841,0.292445,0.523713,,87882400,,
0,2,,0.145501,0.323583,0.530916,,76028100,,
0,2,,0.1338,0.343705,0.522495,,91292500,,
0,2,,0.080909,0.308957,0.610134,,94953700,,
0,2,,0.098257,0.201813,0.69993,,94609800,,
0,2,,0.084684,0.298755,0.616561,,89470000,,
0,2,,0.111004,0.386557,0.502439,,87254700,,
0,2,,0.18546,0.204589,0.60995,,90470700,,
0,2,,0.107033,0.228818,0.664148,,85167900,,
0,2,,0.099813,0.198444,0.701743,,90906700,,
0,2,,0.086262,0.217985,0.695753,,90672700,,
0,2,,0.130007,0.327269,0.542724,,89683600,,
0,2,,0.142336,0.20123,0.656433,,96760000,,
0,2,,0.157187,0.26901,0.573803,,88584800,,
0,2,,0.214343,0.180631,0.605027,,98511000,,
0,2,,0.101552,0.403674,0.494774,,90121500,,
0,2,,0.077887,0.165256,0.756858,,88204600,,
0,2,,0.070412,0.290551,0.639037,,92326500,,
0,2,,0.075572,0.238459,0.685969,,93698200,,
0,2,,0.124784,0.260624,0.614592,,95792300,,
0,2,,0.081058,0.261533,0.657409,,96006500,,
0,2,,0.1637,0.280214,0.556086,,91145600,,
0,2,,0.131049,0.169781,0.69917,,86569200,,
0,2,,0.094077,0.230142,0.675781,,85225900,,
0,2,,0.147564,0.24609,0.606345,,85920000,,
0,2,,0.100049,0.235257,0.664694,,81626500,,
0,2,,0.116411,0.220781,0.662808,,76661900,,
0,2,,0.15085,0.29106,0.55809,,89308400,,
0,2,,0.129332,0.208956,0.661712,,98433500,,
0,2,,0.155747,0.269954,0.574299,,89789200,,
0,2,,0.079576,0.283776,0.636648,,101194000,,
0,2,,0.117125,0.363343,0.519532,,92194800,,
0,2,,0.164476,0.275052,0.560473,,91540800,,
0,2,,0.136535,0.254027,0.609438,,96968300,,
0,2,,0.142602,0.231214,0.626184,,81940600,,
0,2,,0.212587,0.192093,0.595319,,92718500,,
0,2,,0.165513,0.220341,0.614146,,95802300,,
0,2,,0.065995,0.24685,0.687154,,77145600,,
0,2,,0.179759,0.348132,0.472108,,81252000,,
0,2,,0.08994,0.33767,0.57239,,87395100,,
0,2,,0.170987,0.251545,0.577468,,91462200,,
0,2,,0.126917,0.291352,0.581731,,94458800,,
0,2,,0.147171,0.13358,0.719248,,94220100,,
0,2,,0.141242,0.274631,0.584128,,93566800,,
0,2,,0.0745,0.219728,0.705771,,97522400,,
0,2,,0.119523,0.185318,0.695159,,91051000,,
0,2,,0.142831,0.244089,0.61308,,86844000,,
0,2,,0.146185,0.228005,0.62581,,94993000,,
0,2,,0.084811,0.218178,0.697012,,96363000,,
0,2,,0.137958,0.325764,0.536278,,82661200,,
0,2,,0.158722,0.224743,0.616535,,90083900,,
0,2,,0.1017,0.340707,0.557593,,81612600,,
0,2,,0.127657,0.294178,0.578166,,93198500,,
0,2,,0.174253,0.217947,0.607799,,99464700,,
0,2,,0.129248,0.233668,0.637084,,82348500,,
0,2,,0.166274,0.283025,0.550702,,88034400,,
0,2,,0.075959,0.275098,0.648943,,78130400,,
0,2,,0.112218,0.349297,0.538485,,91718800,,
0,2,,0.080833,0.252821,0.666346,,84313100,,
0,2,,0.111713,0.294689,0.593598,,85388000,,
0,2,,0.14701,0.236458,0.616532,,91798800,,
0,2,,0.073939,0.339942,0.586119,,79450500,,
0,2,,0.152806,0.331219,0.515975,,73738900,,
0,2,,0.161154,0.309298,0.529549,,86063400,,
0,2,,0.114229,0.256004,0.629766,,82350000,,
0,2,,0.153497,0.226144,0.620358,,88688000,,
0,2,,0.162232,0.30228,0.535488,,94700800,,
0,2,,0.086099,0.28703,0.626871,,94347100,,
0,2,,0.162199,0.21591,0.621891,,89063600,,
0,2,,0.109704,0.27064,0.619657,,92655600,,
0,2,,0.184519,0.238358,0.577123,,92358100,,
0,2,,0.10493,0.259231,0.635838,,83551700,,
0,2,,0.126575,0.275016,0.598409,,90730400,,
0,2,,0.145381,0.190537,0.664082,,75045900,,
0,2,,0.079786,0.242428,0.677786,,87881400,,
0,2,,0.121811,0.224499,0.653689,,90406600,,
0,2,,0.093367,0.284336,0.622297,,85358000,,
0,1,,0.108919,0.451379,0.439702,,92504200,,
0,2,,0.125894,0.217486,0.65662,,90849900,,
0,2,,0.12808,0.367532,0.504387,,83975100,,
0,2,,0.098286,0.297268,0.604446,,95343700,,
0,2,,0.12951,0.239931,0.630559,,90919200,,
0,2,,0.101211,0.221887,0.676902,,93276700,,
0,2,,0.147319,0.1752,0.677481,,82403100,,
0,2,,0.095558,0.257593,0.646849,,90410700,,
0,2,,0.07421,0.25021,0.67558,,94436200,,
0,2,,0.075798,0.295895,0.628306,,91536600,,
0,2,,0.128728,0.176376,0.694896,,84576300,,
0,2,,0.105167,0.262106,0.632726,,75774800,,
0,2,,0.146986,0.20327,0.649744,,85804000,,
0,2,,0.10209,0.369507,0.528402,,93898400,,
0,2,,0.114776,0.248147,0.637077,,97025500,,
0,2,,0.077331,0.160245,0.762424,,92793300,,
0,2,,0.099462,0.369284,0.531254,,99287800,,
0,2,,0.114861,0.348487,0.536652,,90501900,,
0,2,,0.114371,0.270765,0.614865,,91470300,,
0,2,,0.180659,0.281341,0.538,,96300000,,
0,2,,0.234066,0.214342,0.551592,,91927600,,
0,2,,0.143897,0.206773,0.64933,,80321400,,
0,2,,0.141403,0.202245,0.656352,,82066500,,
0,2,,0.115045,0.24684,0.638114,,98229100,,
0,2,,0.094678,0.334634,0.570689,,98679000,,
0,2,,0.095534,0.307586,0.59688,,102120900,,
0,2,,0.14456,0.312316,0.543124,,105206100,,
0,2,,0.186106,0.366862,0.447032,,94361700,,
0,2,,0.090351,0.262638,0.647011,,98776300,,
0,2,,0.124625,0.184574,0.690802,,93024800,,
0,2,,0.15287,0.268963,0.578166,,89704600,,
0,2,,0.116465,0.262719,0.620816,,83975300,,
0,2,,0.080995,0.294657,0.624348,,90776500,,
0,2,,0.17778,0.143627,0.678593,,90751800,,
0,2,,0.20589,0.177564,0.616546,,96850800,,
0,2,,0.13279,0.29944,0.567769,,88599200,,
0,2,,0.107358,0.245699,0.646943,,96172600,,
0,2,,0.077583,0.269129,0.653288,,92174800,,
0,2,,0.098437,0.217475,0.684087,,86808100,,
0,2,,0.098256,0.262778,0.638966,,86438600,,
0,2,,0.122591,0.279233,0.598177,,80279700,,
0,2,,0.128511,0.268419,0.60307,,80128400,,
0,2,,0.077771,0.184849,0.73738,,85368200,,
0,2,,0.14771,0.336503,0.515786,,93701600,,
0,2,,0.08616,0.238883,0.674958,,89317300,,
0,2,,0.145297,0.201378,0.653326,,89008500,,
0,2,,0.092467,0.30255,0.604983,,63138700,,
0,2,,0.100607,0.298466,0.600927,,74810500,,
0,2,,0.124004,0.18025,0.695746,,90208200,,
0,2,,0.147318,0.227706,0.624976,,97645700,,
0,2,,0.11106,0.286372,0.602568,,85951600,,
0,2,,0.110422,0.281533,0.608044,,94049100,,
0,2,,0.142214,0.346625,0.511161,,82887800,,
0,2,,0.082678,0.303096,0.614226,,82830400,,
0,2,,0.231283,0.220418,0.548299,,56923700,,
0,2,,0.154851,0.321003,0.524145,,72523600,,
0,2,,0.101917,0.238177,0.659906,,83705200,,
0,2,,0.122147,0.379788,0.498066,,80436800,,
0,2,,0.165328,0.215009,0.619663,,89090400,,
0,1,,0.154603,0.473926,0.371472,,95205600,,
0,2,,0.10148,0.315078,0.583442,,108840800,,
0,2,,0.123509,0.361898,0.514593,,102220300,,
0,2,,0.093483,0.375907,0.53061,,77506500,,
0,2,,0.139552,0.326645,0.533803,,101906200,,
0,2,,0.141017,0.360058,0.498925,,93841200,,
0,2,,0.082137,0.281119,0.636744,,90206200,,
0,2,,0.136479,0.216842,0.64668,,92588500,,
0,2,,0.061603,0.139448,0.798949,,90018000,,
0,2,,0.120243,0.305142,0.574615,,88687800,,
0,2,,0.13808,0.289161,0.572759,,97637300,,
0,2,,0.123726,0.193689,0.682585,,83518700,,
0,2,,0.070868,0.242698,0.686434,,80324200,,
0,2,,0.12032,0.180906,0.698775,,71961500,,
0,2,,0.105344,0.410436,0.484219,,84045600,,
0,2,,0.108818,0.305369,0.585814,,84478900,,
0,2,,0.111705,0.245492,0.642803,,95415000,,
0,2,,0.073624,0.315874,0.610502,,91621500,,
0,2,,0.101642,0.319294,0.579063,,93321700,,
0,2,,0.105623,0.296281,0.598097,,92007700,,
0,2,,0.170394,0.27936,0.550246,,98724800,,
0,2,,0.096403,0.250315,0.653282,,104407600,,
0,2,,0.131269,0.289693,0.579037,,111030600,,
0,2,,0.109909,0.251414,0.638677,,110272500,,
0,2,,0.062263,0.259672,0.678065,,103657500,,
0,2,,0.155095,0.179286,0.66562,,105707600,,
0,2,,0.174874,0.259937,0.565189,,106232300,,
0,2,,0.131532,0.206041,0.662427,,98181700,,
0,2,,0.136064,0.296533,0.567402,,100658300,,
0,2,,0.157534,0.321554,0.520912,,99904300,,
0,2,,0.118085,0.238776,0.64314,,99682700,,
0,2,,0.084193,0.296019,0.619788,,93611200,,
0,2,,0.155023,0.310298,0.53468,,97886100,,
0,2,,0.120197,0.218056,0.661747,,90804800,,
0,2,,0.302295,0.279271,0.418434,,88196300,,
0,2,,0.187163,0.220116,0.592721,,90682900,,
0,2,,0.171897,0.320393,0.507711,,88536800,,
0,2,,0.11444,0.328392,0.557167,,90600200,,
0,2,,0.097663,0.344317,0.55802,,97688400,,
0,2,,0.132051,0.345755,0.522193,,100385600,,
0,2,,0.14319,0.280555,0.576255,,100610400,,
0,2,,0.062166,0.261831,0.676003,,88703500,,
0,2,,0.133933,0.287608,0.578459,,97185300,,
0,2,,0.100281,0.27963,0.620089,,104336900,,
0,2,,0.140489,0.209443,0.650068,,97726000,,
0,2,,0.126176,0.195151,0.678673,,86938100,,
0,2,,0.141536,0.277413,0.581051,,75254300,,
0,2,,0.159039,0.309057,0.531904,,80540000,,
0,2,,0.101188,0.212434,0.686378,,81018600,,
0,2,,0.065277,0.299119,0.635604,,89715800,,
0,2,,0.08852,0.340752,0.570728,,91918600,,
0,2,,0.090923,0.21797,0.691106,,102038200,,
0,2,,0.142827,0.237678,0.619495,,98490500,,
0,2,,0.173657,0.347411,0.478932,,102402600,,
0,2,,0.148277,0.24516,0.606563,,103174200,,
0,2,,0.091393,0.219904,0.688703,,110961100,,
0,2,,0.204831,0.227686,0.567483,,101695400,,
0,2,,0.106378,0.227828,0.665794,,99630600,,
0,2,,0.116649,0.255524,0.627827,,94177000,,
0,2,,0.114461,0.247831,0.637708,,96213700,,
0,2,,0.076018,0.277829,0.646153,,99633400,,
0,2,,0.142174,0.322383,0.535443,,99515000,,
0,2,,0.149386,0.401735,0.448879,,99333600,,
0,2,,0.103222,0.214009,0.682769,,98750800,,
0,2,,0.128781,0.326731,0.544489,,93539400,,
0,2,,0.179081,0.288533,0.532386,,95985100,,
0,2,,0.189424,0.194598,0.615978,,91226700,,
0,2,,0.143698,0.297403,0.558898,,96603800,,
0,2,,0.113535,0.350281,0.536184,,95614900,,
0,2,,0.162444,0.256097,0.581459,,95205500,,
0,2,,0.130654,0.271073,0.598273,,90983200,,
0,2,,0.11992,0.225537,0.654543,,96045800,,
0,2,,0.183232,0.249705,0.567063,,95124200,,
0,2,,0.089279,0.306382,0.604339,,92144000,,
0,2,,0.09207,0.26342,0.64451,,90430300,,
0,2,,0.143513,0.331925,0.524562,,99625900,,
0,2,,0.12495,0.291093,0.583956,,100263200,,
0,2,,0.120369,0.333933,0.545699,,94344900,,
0,2,,0.096466,0.269391,0.634143,,95917000,,
0,2,,0.154257,0.155767,0.689976,,96199100,,
0,2,,0.117029,0.307517,0.575454,,88638600,,
0,2,,0.15173,0.280076,0.568194,,105908300,,
0,2,,0.107761,0.262019,0.630219,,100822700,,
0,2,,0.150274,0.301392,0.548335,,100689200,,
0,2,,0.1174,0.263266,0.619334,,95649800,,
0,2,,0.143919,0.183238,0.672843,,83704300,,
0,2,,0.16525,0.296889,0.537861,,98180000,,
0,2,,0.157082,0.299108,0.54381,,111785500,,
0,2,,0.103239,0.295329,0.601433,,102596800,,
0,2,,0.129295,0.281983,0.588722,,92214900,,
0,2,,0.122879,0.228635,0.648486,,90076300,,
0,2,,0.125944,0.302018,0.572037,,99938300,,
0,2,,0.092433,0.181524,0.726043,,101611100,,
0,2,,0.123991,0.293266,0.582743,,91374900,,
0,2,,0.141542,0.230594,0.627863,,92867800,,
0,2,,0.137085,0.24777,0.615145,,102129500,,
0,2,,0.166313,0.261627,0.572059,,107928100,,
0,2,,0.122515,0.187721,0.689764,,89178900,,
0,2,,0.150423,0.236011,0.613566,,88312200,,
0,2,,0.209211,0.304437,0.486352,,99913600,,
0,2,,0.06318,0.280089,0.656732,,105150900,,
0,2,,0.09431,0.307747,0.597943,,101248300,,
0,2,,0.081379,0.234072,0.684549,,100642400,,
0,2,,0.115027,0.193581,0.691393,,95244800,,
0,2,,0.112377,0.236422,0.651201,,97886100,,
0,2,,0.117245,0.310318,0.572436,,89082900,,
0,2,,0.107231,0.280587,0.612182,,87923200,,
0,2,,0.092431,0.272785,0.634784,,102980200,,
0,2,,0.079545,0.250482,0.669973,,105249400,,
0,2,,0.134157,0.344407,0.521436,,98779200,,
0,2,,0.124701,0.397867,0.477432,,95672000,,
0,2,,0.198078,0.323202,0.478721,,102687900,,
0,2,,0.142162,0.253522,0.604316,,105821300,,
0,2,,0.196086,0.258782,0.545132,,94608000,,
0,2,,0.096777,0.279967,0.623256,,91515900,,
0,2,,0.143061,0.385252,0.471688,,100623500,,
0,2,,0.158767,0.256123,0.58511,,102397300,,
0,2,,0.132373,0.2425,0.625127,,89539000,,
0,2,,0.166891,0.274903,0.558206,,96685300,,
0,2,,0.167326,0.286929,0.545744,,82728600,,
0,2,,0.145495,0.293951,0.560553,,95954700,,
0,2,,0.178975,0.211784,0.609241,,90113000,,
0,2,,0.146991,0.314283,0.538726,,87372400,,
0,2,,0.094066,0.35685,0.549085,,97645400,,
0,2,,0.088008,0.226139,0.685853,,110417600,,
0,2,,0.172607,0.287791,0.539603,,114129000,,
0,2,,0.158818,0.340072,0.501111,,106045800,,
0,2,,0.133189,0.350756,0.516055,,102179800,,
0,2,,0.104188,0.219803,0.676009,,110547900,,
0,2,,0.146673,0.270293,0.583033,,103182100,,
0,2,,0.099464,0.297551,0.602985,,104722700,,
0,2,,0.115695,0.22545,0.658855,,96150400,,
0,2,,0.148235,0.315616,0.536149,,97841800,,
0,2,,0.108491,0.26109,0.630419,,101958100,,
0,2,,0.159107,0.301196,0.539697,,100685000,,
0,2,,0.133773,0.256311,0.609916,,100401800,,
0,2,,0.098379,0.27012,0.631501,,92165200,,
0,2,,0.107961,0.265453,0.626586,,84209700,,
0,2,,0.078031,0.334498,0.587472,,96920400,,
0,2,,0.15912,0.238196,0.602685,,84677700,,
0,2,,0.117095,0.251898,0.631007,,93648400,,
0,2,,0.143369,0.399944,0.456687,,79226600,,
0,2,,0.129729,0.287021,0.58325,,78670800,,
0,2,,0.110564,0.30434,0.585096,,96682500,,
0,2,,0.104585,0.330004,0.56541,,86678400,,
0,2,,0.153853,0.257615,0.588533,,87988100,,
0,2,,0.071669,0.213522,0.71481,,87925600,,
0,2,,0.209796,0.191827,0.598376,,85763000,,
0,2,,0.165961,0.134053,0.699986,,95329800,,
0,2,,0.219124,0.227862,0.553014,,89503300,,
0,2,,0.145488,0.32345,0.531061,,102577000,,
0,2,,0.078039,0.263149,0.658812,,90164500,,
0,2,,0.10603,0.424651,0.469319,,82083000,,
0,2,,0.115819,0.183934,0.700247,,89904500,,
0,2,,0.107261,0.244799,0.64794,,86730700,,
0,2,,0.127244,0.234645,0.638111,,94611900,,
0,2,,0.153589,0.275324,0.571087,,93944100,,
0,2,,0.121818,0.34899,0.529192,,94831900,,
0,2,,0.111783,0.138579,0.749637,,89002000,,
0,2,,0.181513,0.229329,0.589158,,85451400,,
0,2,,0.110699,0.230529,0.658772,,93783900,,
0,2,,0.134157,0.212169,0.653674,,85965100,,
0,2,,0.138904,0.223067,0.638028,,88809300,,
0,2,,0.13238,0.325249,0.542371,,89845000,,
0,2,,0.158285,0.295012,0.546703,,97057900,,
0,2,,0.21981,0.194413,0.585777,,84670200,,
0,2,,0.155707,0.192459,0.651835,,93506300,,
0,2,,0.144491,0.216915,0.638594,,87463800,,
0,2,,0.17564,0.358379,0.465981,,89203500,,
0,2,,0.092215,0.280087,0.627698,,83730400,,
0,2,,0.084568,0.406117,0.509315,,88797100,,
0,2,,0.09947,0.227222,0.673308,,97495400,,
0,2,,0.112317,0.237691,0.649991,,93149000,,
0,2,,0.148151,0.184095,0.667755,,100008900,,
0,2,,0.136419,0.275757,0.587824,,82738200,,
0,2,,0.111165,0.281439,0.607396,,82548300,,
0,2,,0.090494,0.248308,0.661198,,91914400,,
0,2,,0.09965,0.371863,0.528487,,82958900,,
0,2,,0.138628,0.373308,0.488064,,73352000,,
0,2,,0.081211,0.345666,0.573123,,75096800,,
0,2,,0.099896,0.378603,0.521501,,90920100,,
0,2,,0.089914,0.199488,0.710597,,87261500,,
0,2,,0.11316,0.254745,0.632095,,95620900,,
0,2,,0.119769,0.240208,0.640023,,88173600,,
0,2,,0.046562,0.307899,0.64554,,80357700,,
0,2,,0.182692,0.329794,0.487513,,87999200,,
0,2,,0.091901,0.228674,0.679426,,92935400,,
0,2,,0.137946,0.261119,0.600935,,94501500,,
0,2,,0.108218,0.291888,0.599894,,98682000,,
0,2,,0.134626,0.198023,0.667351,,90083000,,
0,2,,0.113576,0.20966,0.676764,,93679800,,
0,2,,0.131645,0.309393,0.558961,,94446400,,
0,2,,0.078459,0.372095,0.549446,,97029500,,
0,2,,0.145889,0.265868,0.588244,,92424800,,
0,2,,0.117613,0.302715,0.579672,,86621400,,
0,2,,0.064397,0.335622,0.599981,,90834000,,
0,2,,0.180416,0.292104,0.52748,,91219200,,
0,2,,0.12877,0.181292,0.689938,,95336000,,
0,2,,0.092884,0.248605,0.658511,,81816200,,
0,2,,0.070905,0.351162,0.577933,,89890800,,
0,2,,0.166813,0.185995,0.647193,,79380800,,
0,2,,0.150938,0.201941,0.647122,,83806000,,
0,2,,0.096026,0.304567,0.599407,,92721900,,
0,2,,0.097746,0.294382,0.607872,,96746200,,
0,2,,0.139483,0.282322,0.578195,,92513900,,
0,2,,0.173558,0.267479,0.558963,,93307100,,
0,2,,0.166098,0.206918,0.626984,,84338500,,
0,2,,0.132284,0.374159,0.493557,,85321800,,
0,2,,0.102107,0.31257,0.585323,,91177900,,
0,2,,0.14151,0.244298,0.614192,,83801800,,
0,2,,0.142964,0.275942,0.581094,,86422000,,
0,2,,0.083172,0.22395,0.692878,,92667300,,
0,2,,0.137679,0.334584,0.527737,,94041300,,
0,2,,0.133779,0.204561,0.66166,,89618200,,
0,2,,0.077402,0.346863,0.575736,,81188700,,
0,2,,0.128564,0.248192,0.623244,,88965700,,
0,2,,0.20923,0.249069,0.541701,,88498000,,
0,2,,0.102207,0.297889,0.599903,,94537200,,
0,2,,0.140253,0.429748,0.429999,,85778300,,
0,2,,0.156798,0.31757,0.525633,,96955300,,
0,2,,0.093538,0.212961,0.693501,,99773200,,
0,2,,0.0662,0.252332,0.681467,,88807900,,
0,2,,0.156833,0.177314,0.665853,,88807600,,
0,2,,0.088544,0.330355,0.581102,,90457200,,
0,2,,0.138019,0.173954,0.688027,,101477200,,
0,2,,0.099022,0.299945,0.601033,,101927600,,
0,2,,0.091907,0.245361,0.662732,,98107300,,
0,2,,0.153814,0.238644,0.607542,,88497800,,
0,2,,0.127685,0.231993,0.640322,,87545300,,
0,2,,0.072178,0.240464,0.687358,,87325700,,
0,2,,0.131895,0.327624,0.540481,,78046000,,
0,2,,0.129088,0.260146,0.610766,,85013900,,
0,2,,0.149931,0.278256,0.571813,,88866000,,
0,2,,0.134652,0.373534,0.491813,,87779600,,
0,2,,0.096233,0.207575,0.696192,,81610600,,
0,2,,0.105761,0.155291,0.738948,,90372600,,
0,2,,0.165502,0.227067,0.607431,,91837100,,
0,2,,0.172333,0.303587,0.52408,,92618400,,
0,2,,0.120297,0.26026,0.619442,,83698100,,
0,2,,0.120309,0.195712,0.68398,,88844300,,
0,2,,0.140159,0.360794,0.499047,,85703300,,
0,2,,0.113799,0.318837,0.567364,,75681100,,
0,2,,0.062593,0.264413,0.672994,,85358300,,
0,2,,0.098975,0.268662,0.632362,,78026600,,
0,2,,0.19328,0.388955,0.417764,,81495000,,
0,2,,0.095888,0.299151,0.604961,,88508400,,
0,2,,0.099803,0.183358,0.716839,,85345400,,
0,2,,0.18183,0.319054,0.499115,,76899600,,
0,2,,0.164043,0.336631,0.499326,,86072000,,
0,2,,0.107215,0.19659,0.696195,,78264900,,
0,2,,0.151531,0.236891,0.611579,,81411100,,
0,2,,0.147695,0.284043,0.568262,,93585900,,
0,2,,0.15518,0.254078,0.590742,,96330400,,
0,2,,0.160569,0.278473,0.560957,,97342500,,
0,2,,0.152568,0.188387,0.659046,,98484700,,
0,2,,0.172974,0.176781,0.650246,,91542900,,
0,2,,0.1162,0.285926,0.597874,,95068600,,
0,2,,0.124796,0.320736,0.554468,,94918000,,
0,2,,0.060981,0.208571,0.730449,,97207300,,
0,2,,0.096333,0.355545,0.548121,,97180500,,
0,2,,0.117143,0.30936,0.573496,,97490100,,
0,2,,0.131034,0.258893,0.610073,,97817300,,
0,2,,0.09217,0.21669,0.691141,,101616700,,
0,2,,0.11371,0.264895,0.621394,,94399400,,
0,2,,0.082756,0.258181,0.659064,,91522400,,
0,2,,0.123503,0.326292,0.550205,,90732800,,
0,2,,0.120685,0.297992,0.581323,,92169300,,
0,2,,0.14393,0.237129,0.618942,,88492800,,
0,2,,0.087178,0.260915,0.651907,,86089200,,
0,2,,0.123003,0.248533,0.628464,,98059100,,
0,2,,0.096708,0.283168,0.620124,,89713800,,
0,2,,0.169938,0.209344,0.620718,,86960700,,
0,2,,0.223667,0.325242,0.451091,,94497100,,
0,2,,0.126143,0.259601,0.614256,,99252100,,
0,2,,0.115732,0.25579,0.628478,,90487900,,
0,2,,0.098017,0.281925,0.620058,,95324600,,
0,2,,0.132091,0.243236,0.624674,,97190400,,
0,2,,0.13275,0.304817,0.562434,,87592200,,
0,2,,0.132572,0.257158,0.610269,,84688600,,
0,2,,0.150223,0.205792,0.643985,,90215100,,
0,2,,0.120618,0.221725,0.657657,,98332700,,
0,2,,0.175535,0.26185,0.562615,,89167800,,
0,2,,0.154189,0.247706,0.598105,,89317100,,
0,2,,0.138536,0.269427,0.592037,,91770000,,
0,2,,0.106669,0.312493,0.580838,,89243800,,
0,2,,0.145584,0.305207,0.54921,,90099500,,
0,2,,0.149994,0.152326,0.69768,,82956200,,
0,2,,0.137514,0.345531,0.516955,,98645300,,
0,2,,0.183983,0.273639,0.542378,,100523200,,
0,2,,0.083436,0.298993,0.617571,,96631000,,
0,2,,0.101333,0.379311,0.519356,,92770100,,
0,2,,0.112012,0.310541,0.577447,,85316800,,
0,2,,0.12783,0.405162,0.467008,,93965500,,
0,2,,0.192576,0.219504,0.58792,,84072100,,
0,2,,0.125092,0.240873,0.634035,,92558600,,
0,2,,0.145192,0.256329,0.598479,,75192800,,
0,2,,0.098339,0.166002,0.735659,,83408900,,
0,2,,0.11862,0.285996,0.595384,,90533600,,
0,2,,0.113256,0.251574,0.635171,,86192500,,
0,2,,0.080227,0.430158,0.489615,,88781600,,
0,2,,0.138837,0.310193,0.55097,,80332700,,
0,2,,0.166037,0.27219,0.561773,,89772700,,
0,2,,0.119791,0.261294,0.618915,,88486300,,
0,2,,0.115558,0.155306,0.729137,,100794100,,
0,2,,0.114727,0.263917,0.621356,,98532600,,
0,2,,0.12633,0.304272,0.569398,,96887800,,
0,2,,0.149541,0.346149,0.50431,,84187800,,
0,2,,0.088503,0.350639,0.560858,,87851900,,
0,2,,0.116087,0.188154,0.695759,,84237900,,
0,2,,0.171112,0.277139,0.551749,,86583700,,
0,2,,0.084265,0.33217,0.583566,,89313600,,
0,2,,0.133516,0.244335,0.622149,,91969300,,
0,2,,0.135486,0.20846,0.656054,,99448700,,
0,2,,0.15585,0.288401,0.555749,,90459900,,
0,2,,0.088706,0.28613,0.625164,,90260400,,
0,2,,0.166453,0.175436,0.658111,,98124400,,
0,2,,0.062344,0.366297,0.571359,,89804000,,
0,2,,0.091608,0.232307,0.676085,,100252600,,
0,2,,0.116514,0.187495,0.695991,,92924300,,
0,2,,0.124441,0.316124,0.559435,,88827800,,
0,2,,0.149439,0.340033,0.510529,,92725400,,
0,2,,0.097769,0.323798,0.578434,,97879400,,
0,2,,0.094792,0.301385,0.603823,,94947000,,
0,2,,0.046807,0.272062,0.681131,,98832700,,
0,2,,0.14099,0.214215,0.644796,,91722500,,
0,2,,0.098692,0.446613,0.454694,,85690500,,
0,2,,0.128227,0.238634,0.633139,,91867000,,
0,2,,0.133105,0.189887,0.677008,,94993200,,
0,2,,0.11125,0.235502,0.653248,,90063100,,
0,2,,0.114597,0.249982,0.635421,,90033200,,
0,2,,0.112482,0.269445,0.618074,,97869200,,
0,2,,0.166618,0.306879,0.526503,,92286300,,
0,1,,0.22851,0.394933,0.376557,,96483300,,
0,2,,0.114182,0.305376,0.580442,,96741400,,
0,2,,0.130334,0.33605,0.533616,,96375100,,
0,2,,0.111346,0.197789,0.690865,,92214500,,
0,2,,0.113856,0.194366,0.691777,,96285500,,
0,2,,0.116053,0.302895,0.581051,,94109300,,
0,2,,0.11899,0.269388,0.611622,,89592900,,
0,2,,0.13659,0.232946,0.630463,,96260900,,
0,2,,0.077488,0.273551,0.648962,,97236900,,
0,2,,0.09948,0.332301,0.568219,,97127900,,
0,2,,0.113889,0.281312,0.6048,,94633100,,
0,2,,0.083833,0.18746,0.728707,,100269900,,
0,2,,0.112303,0.247587,0.64011,,90688000,,
0,2,,0.094139,0.239944,0.665917,,99872400,,
0,2,,0.19112,0.268642,0.540238,,98793300,,
0,2,,0.127622,0.334671,0.537707,,93438600,,
0,2,,0.094246,0.333579,0.572175,,98943700,,
0,2,,0.16024,0.27584,0.56392,,91106000,,
0,2,,0.176976,0.283617,0.539406,,90635100,,
0,2,,0.100109,0.24872,0.65117,,85064900,,
0,2,,0.118412,0.206145,0.675443,,102239900,,
0,2,,0.101568,0.23317,0.665262,,98267100,,
0,2,,0.086798,0.304674,0.608528,,91520500,,
0,2,,0.122703,0.280978,0.596319,,93575100,,
0,2,,0.175879,0.277462,0.546659,,93010100,,
0,2,,0.102702,0.232027,0.665271,,91307400,,
0,2,,0.09981,0.332308,0.567882,,93018100,,
0,2,,0.096803,0.229099,0.674098,,94041800,,
0,2,,0.121068,0.280524,0.598408,,99895200,,
0,2,,0.243219,0.252276,0.504506,,93342300,,
0,2,,0.054615,0.31653,0.628856,,94197500,,
0,2,,0.129069,0.34856,0.522371,,91780800,,
0,2,,0.159783,0.35587,0.484346,,93534100,,
0,2,,0.116063,0.232827,0.65111,,73762200,,
0,2,,0.141282,0.25046,0.608258,,87178500,,
0,2,,0.14163,0.287413,0.570957,,94644400,,
0,2,,0.117654,0.196701,0.685646,,88968200,,
0,2,,0.18673,0.255576,0.557694,,86965800,,
0,2,,0.187076,0.309336,0.503588,,93842300,,
0,2,,0.143537,0.368965,0.487498,,98389000,,
0,2,,0.105239,0.347684,0.547078,,97137600,,
0,2,,0.136886,0.275898,0.587216,,93824800,,
0,2,,0.190683,0.214354,0.594963,,90879200,,
0,2,,0.088245,0.268509,0.643246,,90836700,,
0,2,,0.119885,0.256073,0.624042,,87478800,,
0,2,,0.183744,0.275511,0.540745,,93412900,,
0,2,,0.10137,0.234934,0.663696,,89317900,,
0,2,,0.118221,0.27367,0.60811,,102903300,,
0,2,,0.122732,0.339598,0.53767,,92802800,,
0,2,,0.171461,0.238972,0.589567,,104355300,,
0,2,,0.152859,0.313637,0.533503,,99964000,,
0,2,,0.099491,0.229365,0.671144,,93991100,,
0,2,,0.105997,0.243724,0.650279,,102372500,,
0,2,,0.219461,0.308575,0.471964,,97260200,,
0,2,,0.135498,0.247241,0.61726,,93944700,,
0,2,,0.134075,0.362818,0.503107,,99092300,,
0,2,,0.138665,0.234815,0.626521,,91174900,,
0,2,,0.125529,0.292261,0.582211,,95760700,,
0,2,,0.091286,0.374396,0.534318,,95365900,,
0,2,,0.082574,0.262848,0.654577,,89790800,,
0,2,,0.127682,0.281165,0.591154,,103514500,,
0,2,,0.084195,0.271382,0.644423,,90640600,,
0,2,,0.105731,0.159564,0.734704,,83563200,,
0,2,,0.122038,0.301794,0.576169,,99598900,,
0,2,,0.12607,0.2332,0.64073,,98990200,,
0,2,,0.144691,0.344938,0.510371,,103986400,,
0,2,,0.184899,0.273392,0.541709,,102594200,,
0,2,,0.142827,0.320544,0.536629,,100657200,,
0,2,,0.146483,0.39094,0.462577,,95242900,,
0,2,,0.115032,0.224162,0.660806,,97503600,,
0,2,,0.144471,0.370491,0.485039,,95831500,,
0,2,,0.104964,0.179806,0.715231,,92835300,,
0,2,,0.104345,0.271835,0.62382,,93878800,,
0,2,,0.099155,0.198315,0.70253,,92650000,,
0,2,,0.140186,0.395382,0.464432,,98762400,,
0,2,,0.102238,0.224067,0.673695,,95570200,,
0,2,,0.140381,0.331357,0.528261,,87801000,,
0,2,,0.082878,0.17742,0.739702,,95422400,,
0,2,,0.057624,0.275647,0.666729,,96871800,,
0,2,,0.117523,0.201361,0.681116,,96733400,,
0,2,,0.182992,0.254231,0.562777,,100878700,,
0,2,,0.103209,0.28037,0.61642,,98611600,,
0,2,,0.104517,0.271007,0.624475,,97284400,,
0,2,,0.096612,0.20259,0.700798,,93883300,,
0,2,,0.144876,0.243251,0.611874,,97624500,,
0,2,,0.110638,0.290705,0.598657,,104727100,,
0,2,,0.136541,0.316904,0.546555,,101757600,,
0,2,,0.11119,0.359675,0.529135,,100879600,,
0,2,,0.212008,0.201654,0.586339,,87541800,,
0,2,,0.122165,0.348967,0.528868,,99321700,,
0,2,,0.140358,0.318106,0.541536,,93032100,,
0,2,,0.121196,0.235846,0.642957,,104559200,,
0,2,,0.050253,0.325314,0.624433,,103468100,,
0,2,,0.141884,0.311231,0.546884,,106320000,,
0,2,,0.106564,0.264692,0.628743,,102342000,,
0,2,,0.162349,0.288461,0.549191,,87664600,,
0,2,,0.120469,0.237473,0.642058,,101920800,,
0,2,,0.125196,0.186755,0.688048,,101455500,,
0,2,,0.101127,0.219015,0.679858,,102730500,,
0,2,,0.097922,0.352337,0.549741,,99867000,,
0,2,,0.157296,0.196816,0.645888,,97441700,,
0,2,,0.210509,0.24737,0.542121,,90747500,,
0,2,,0.162831,0.272949,0.564219,,91891800,,
0,2,,0.092469,0.269459,0.638072,,92959200,,
0,2,,0.156887,0.210156,0.632957,,90875000,,
0,2,,0.130716,0.307366,0.561918,,96451400,,
0,2,,0.055497,0.196457,0.748046,,100696000,,
0,2,,0.078647,0.316382,0.604971,,96927400,,
0,2,,0.099881,0.180173,0.719946,,101808800,,
0,2,,0.103292,0.19046,0.706248,,92171600,,
0,2,,0.088885,0.305462,0.605653,,97842300,,
0,2,,0.123887,0.374561,0.501552,,102253000,,
0,2,,0.137717,0.28855,0.573733,,99307400,,
0,2,,0.134977,0.181416,0.683607,,102857700,,
0,2,,0.155245,0.274082,0.570672,,108351300,,
0,2,,0.165884,0.293958,0.540158,,105029000,,
0,2,,0.117342,0.334595,0.548062,,95714600,,
0,2,,0.166751,0.304046,0.529203,,97642900,,
0,2,,0.208493,0.244229,0.547278,,100472300,,
0,2,,0.175972,0.296066,0.527962,,92288800,,
0,2,,0.091371,0.259792,0.648837,,98872000,,
0,2,,0.12349,0.18074,0.69577,,90267300,,
0,2,,0.101626,0.290717,0.607657,,98901400,,
