connect-4,CWE,test,2,NANOSECONDS,PREDICTIONS, Generated by ClassifierExperiments.java on 2022-05-15 21:59:51.    SYSTEMPROPERTIES:{user.name:matth,os.arch:amd64,os.name:Windows 10},ENDSYSTEMPROPERTIES
No parameter info
0.6996743635287153,23187885400,535150034200,-1,692154112,3,,-1,-1
0,2,,0.089708,0.179263,0.731029,,29452100,,
0,2,,0.125935,0.380656,0.493409,,28131300,,
0,2,,0.134594,0.361607,0.503799,,26993100,,
0,2,,0.082733,0.290129,0.627137,,26279900,,
0,2,,0.114118,0.282187,0.603695,,25635300,,
0,2,,0.098537,0.34221,0.559253,,26056700,,
0,2,,0.11679,0.171928,0.711282,,26910200,,
0,2,,0.094973,0.377643,0.527384,,31223500,,
0,2,,0.141656,0.17088,0.687464,,58643700,,
0,2,,0.099623,0.412067,0.48831,,37748600,,
0,2,,0.106681,0.306573,0.586746,,31233400,,
0,2,,0.097135,0.317857,0.585008,,32393300,,
0,2,,0.149999,0.216135,0.633866,,26488600,,
0,2,,0.093187,0.239392,0.667421,,24726600,,
0,2,,0.144025,0.243724,0.612251,,25567200,,
0,2,,0.115502,0.162949,0.721548,,27766200,,
0,2,,0.181143,0.225865,0.592992,,30579100,,
0,2,,0.065357,0.3482,0.586442,,32526600,,
0,2,,0.129791,0.343324,0.526885,,31364200,,
0,2,,0.081693,0.267363,0.650944,,28450600,,
0,2,,0.241172,0.337862,0.420966,,26839500,,
0,2,,0.098786,0.158274,0.742941,,27637900,,
0,2,,0.130849,0.190421,0.67873,,25623100,,
0,2,,0.055075,0.365428,0.579498,,25749300,,
0,2,,0.125005,0.160632,0.714363,,25612500,,
0,2,,0.142633,0.178458,0.678909,,26513800,,
0,2,,0.089598,0.369243,0.541159,,28141000,,
0,2,,0.152223,0.280287,0.56749,,29661800,,
0,2,,0.174697,0.304709,0.520594,,30154700,,
0,2,,0.136113,0.381863,0.482023,,34257900,,
0,2,,0.148292,0.210168,0.64154,,41503700,,
0,2,,0.139775,0.285423,0.574802,,33536900,,
0,2,,0.130216,0.222667,0.647118,,37024900,,
0,2,,0.21291,0.249189,0.537901,,29315800,,
0,2,,0.220762,0.264984,0.514254,,28457700,,
0,2,,0.131524,0.282107,0.586368,,27813700,,
0,2,,0.093338,0.312724,0.593938,,26429700,,
0,2,,0.158342,0.208679,0.632979,,26794000,,
0,2,,0.135508,0.203965,0.660527,,26279600,,
0,2,,0.173045,0.25558,0.571375,,26955200,,
0,2,,0.243017,0.265538,0.491444,,26563000,,
0,2,,0.136741,0.280908,0.582351,,26925800,,
0,2,,0.131931,0.321434,0.546635,,25410300,,
0,2,,0.161657,0.251859,0.586484,,25598000,,
0,2,,0.111175,0.131828,0.756997,,25612100,,
0,2,,0.092976,0.293169,0.613855,,26585900,,
0,2,,0.174732,0.229546,0.595722,,27121800,,
0,2,,0.100455,0.194749,0.704796,,26583000,,
0,2,,0.199253,0.223039,0.577708,,25459900,,
0,2,,0.108506,0.24248,0.649014,,30654500,,
0,2,,0.131715,0.225226,0.643059,,35142300,,
0,2,,0.133749,0.276005,0.590246,,62802000,,
0,2,,0.109231,0.292125,0.598644,,41629500,,
0,2,,0.131741,0.364855,0.503404,,35000600,,
0,2,,0.068876,0.224396,0.706728,,29801300,,
0,2,,0.103928,0.190454,0.705618,,25899700,,
0,2,,0.177961,0.209064,0.612974,,25478200,,
0,2,,0.238618,0.247069,0.514313,,32215200,,
0,2,,0.181179,0.230939,0.587882,,32641100,,
0,2,,0.114616,0.222946,0.662439,,33967200,,
0,2,,0.11774,0.25281,0.62945,,31306700,,
0,2,,0.123928,0.30369,0.572382,,32030200,,
0,2,,0.073859,0.350407,0.575734,,31839600,,
0,1,,0.211426,0.401238,0.387335,,37069000,,
0,2,,0.151139,0.313973,0.534888,,34764200,,
0,2,,0.152927,0.201349,0.645724,,43164800,,
0,2,,0.152279,0.188078,0.659643,,37041100,,
0,2,,0.128431,0.189572,0.681996,,37320000,,
0,2,,0.160025,0.341718,0.498258,,40231500,,
0,2,,0.087195,0.273027,0.639778,,39023700,,
0,2,,0.164091,0.226068,0.609842,,38759500,,
0,2,,0.133703,0.224244,0.642053,,36915500,,
0,2,,0.154364,0.374942,0.470694,,49917500,,
0,2,,0.129165,0.19908,0.671755,,41025900,,
0,2,,0.107867,0.211259,0.680873,,31266500,,
0,2,,0.057676,0.264089,0.678235,,26726500,,
0,2,,0.082914,0.131954,0.785132,,27149000,,
0,2,,0.119483,0.21765,0.662867,,26827500,,
0,2,,0.171366,0.335398,0.493236,,26320400,,
0,2,,0.076688,0.445739,0.477574,,26450200,,
0,2,,0.090549,0.198088,0.711364,,26523600,,
0,2,,0.161595,0.184966,0.653439,,30208800,,
0,2,,0.158373,0.324786,0.516841,,41452100,,
0,2,,0.133339,0.245506,0.621155,,41456700,,
0,2,,0.161904,0.215001,0.623096,,39787000,,
0,2,,0.108044,0.213862,0.678094,,39568500,,
0,2,,0.163803,0.195621,0.640576,,29589300,,
0,2,,0.149835,0.232821,0.617344,,28395300,,
0,2,,0.068411,0.273144,0.658445,,38762600,,
0,2,,0.069886,0.365426,0.564688,,45895000,,
0,2,,0.156906,0.31237,0.530723,,46923800,,
0,2,,0.126625,0.284152,0.589223,,64166400,,
0,2,,0.154767,0.415738,0.429496,,46653000,,
0,2,,0.13669,0.38691,0.4764,,45738700,,
0,2,,0.092896,0.226281,0.680823,,39403000,,
0,2,,0.080221,0.327014,0.592765,,36855700,,
0,2,,0.159726,0.267972,0.572302,,37128100,,
0,2,,0.102651,0.237982,0.659367,,35538400,,
0,2,,0.150397,0.385855,0.463748,,37456100,,
0,2,,0.097023,0.259474,0.643502,,35170400,,
0,2,,0.148433,0.22153,0.630037,,31621800,,
0,2,,0.252604,0.264772,0.482624,,30386200,,
0,2,,0.095469,0.289179,0.615352,,30552100,,
0,2,,0.076602,0.180071,0.743327,,29308400,,
0,2,,0.128462,0.247959,0.623579,,28313000,,
0,2,,0.161826,0.205958,0.632216,,26255500,,
0,2,,0.149937,0.229084,0.620979,,26704200,,
0,2,,0.13117,0.317334,0.551496,,38096500,,
0,2,,0.098703,0.309245,0.592052,,35327400,,
0,2,,0.072017,0.171184,0.756799,,43245100,,
0,2,,0.121091,0.305735,0.573173,,50054400,,
0,2,,0.126779,0.293565,0.579656,,40549400,,
0,2,,0.186591,0.239854,0.573555,,40117400,,
0,2,,0.092849,0.119171,0.78798,,31911300,,
0,2,,0.119625,0.335989,0.544386,,31102500,,
0,2,,0.107143,0.292103,0.600754,,31077700,,
0,2,,0.139769,0.31353,0.546701,,37425800,,
0,2,,0.143444,0.291717,0.564839,,44819800,,
0,2,,0.155883,0.246562,0.597555,,45820300,,
0,2,,0.14411,0.224088,0.631802,,35975400,,
0,2,,0.083034,0.193833,0.723133,,36092300,,
0,2,,0.129849,0.206431,0.66372,,35674800,,
0,2,,0.146039,0.357249,0.496712,,36296200,,
0,2,,0.208362,0.237062,0.554576,,34150500,,
0,2,,0.125359,0.289835,0.584806,,30970800,,
0,2,,0.163803,0.360981,0.475216,,29227400,,
0,2,,0.107478,0.263221,0.6293,,32919400,,
0,2,,0.138497,0.320942,0.540562,,34323900,,
0,2,,0.063914,0.242801,0.693284,,37259300,,
0,2,,0.089417,0.251526,0.659057,,48444300,,
0,2,,0.178698,0.341392,0.47991,,31110500,,
0,2,,0.141628,0.307982,0.55039,,52969800,,
0,2,,0.070332,0.166326,0.763342,,74102100,,
0,2,,0.093462,0.224384,0.682154,,60600500,,
0,2,,0.151477,0.153184,0.695339,,54209300,,
0,2,,0.111366,0.29308,0.595554,,37015800,,
0,2,,0.134111,0.3563,0.509589,,42982300,,
0,2,,0.096315,0.226056,0.677629,,44183800,,
0,2,,0.153945,0.28145,0.564605,,38855300,,
0,2,,0.146099,0.26207,0.591832,,39256100,,
0,2,,0.100698,0.175795,0.723507,,36559500,,
0,2,,0.128245,0.218174,0.653581,,27557300,,
0,2,,0.221394,0.233985,0.544621,,26730800,,
0,2,,0.187936,0.393043,0.419021,,29499700,,
0,2,,0.21861,0.332363,0.449027,,26616000,,
0,2,,0.208518,0.330574,0.460908,,29802300,,
0,2,,0.126612,0.270138,0.60325,,27528500,,
0,2,,0.171851,0.359403,0.468746,,28369600,,
0,2,,0.099754,0.155088,0.745158,,31162800,,
0,2,,0.065785,0.253985,0.68023,,33535200,,
0,2,,0.119037,0.163828,0.717135,,39332000,,
0,2,,0.154145,0.291331,0.554524,,39382900,,
0,2,,0.1279,0.202818,0.669282,,36057700,,
0,2,,0.138152,0.21539,0.646459,,30792500,,
0,2,,0.131571,0.21355,0.654879,,30934500,,
0,2,,0.123311,0.366152,0.510537,,33427600,,
0,2,,0.135961,0.268514,0.595526,,39359800,,
0,2,,0.140545,0.34023,0.519224,,38575600,,
0,2,,0.179495,0.263,0.557505,,38376600,,
0,2,,0.111389,0.234133,0.654478,,39664200,,
0,2,,0.111959,0.297558,0.590483,,39620700,,
0,2,,0.174338,0.196,0.629662,,31982500,,
0,2,,0.121017,0.246174,0.632809,,28595000,,
0,2,,0.100197,0.203474,0.696329,,30564700,,
0,2,,0.164196,0.261642,0.574162,,33083600,,
0,2,,0.09447,0.296339,0.609191,,36428200,,
0,2,,0.12919,0.204058,0.666752,,39721600,,
0,2,,0.149333,0.171552,0.679115,,37347800,,
0,2,,0.107056,0.307618,0.585326,,33944600,,
0,2,,0.106985,0.278695,0.61432,,34054100,,
0,2,,0.209719,0.254669,0.535612,,33272900,,
0,2,,0.102277,0.246822,0.650901,,33586200,,
0,2,,0.166775,0.226452,0.606773,,32565000,,
0,2,,0.127483,0.21585,0.656668,,30695100,,
0,2,,0.089335,0.284751,0.625913,,32227800,,
0,2,,0.155867,0.263706,0.580427,,29762900,,
0,2,,0.212337,0.265198,0.522465,,35738600,,
0,2,,0.185487,0.234489,0.580024,,27404100,,
0,2,,0.201559,0.294115,0.504325,,30687400,,
0,2,,0.150669,0.326401,0.52293,,36836200,,
0,2,,0.089477,0.269654,0.640869,,49783200,,
0,2,,0.186144,0.261243,0.552613,,36110000,,
0,2,,0.099004,0.272047,0.628949,,35177500,,
0,2,,0.089977,0.289695,0.620328,,34502700,,
0,2,,0.10862,0.296391,0.594989,,31938600,,
0,2,,0.085045,0.210427,0.704529,,27818800,,
0,2,,0.132498,0.265989,0.601513,,28199000,,
0,2,,0.153622,0.294523,0.551855,,28414900,,
0,2,,0.115214,0.340064,0.544722,,28385000,,
0,2,,0.217983,0.19512,0.586897,,35121500,,
0,2,,0.15531,0.286772,0.557918,,39828500,,
0,2,,0.105385,0.297832,0.596783,,33978600,,
0,1,,0.124283,0.450336,0.425381,,35824700,,
0,2,,0.072839,0.24684,0.680321,,39661000,,
0,2,,0.127561,0.297087,0.575352,,38980900,,
0,2,,0.129719,0.209648,0.660633,,44677300,,
0,2,,0.136516,0.355323,0.508161,,41811200,,
0,2,,0.182534,0.284571,0.532895,,39129400,,
0,2,,0.170896,0.378352,0.450753,,39536800,,
0,2,,0.094345,0.287428,0.618227,,35466100,,
0,2,,0.112915,0.223897,0.663188,,33311600,,
0,2,,0.210517,0.378607,0.410876,,29277400,,
0,2,,0.189446,0.248328,0.562225,,29161800,,
0,2,,0.134097,0.367661,0.498242,,32696400,,
0,2,,0.120961,0.376383,0.502656,,27721500,,
0,2,,0.145514,0.234262,0.620224,,30725200,,
0,2,,0.137829,0.261936,0.600235,,32188100,,
0,2,,0.183945,0.366572,0.449483,,31341800,,
0,2,,0.184708,0.283015,0.532277,,27098800,,
0,2,,0.095886,0.286281,0.617833,,28168600,,
0,2,,0.207992,0.215539,0.576468,,28502600,,
0,2,,0.103027,0.228542,0.668431,,29732500,,
0,2,,0.123273,0.220231,0.656495,,30130900,,
0,2,,0.139704,0.323279,0.537017,,26333400,,
0,2,,0.190735,0.36512,0.444145,,28301500,,
0,2,,0.082406,0.246272,0.671322,,28463300,,
0,2,,0.103779,0.263588,0.632633,,26245400,,
0,2,,0.152999,0.384006,0.462995,,26593300,,
0,2,,0.148608,0.359151,0.492241,,26556500,,
0,2,,0.187419,0.296571,0.51601,,26846900,,
0,2,,0.155337,0.293361,0.551303,,28520800,,
0,2,,0.114797,0.261542,0.623661,,27947900,,
0,2,,0.153802,0.227831,0.618367,,26986500,,
0,2,,0.104602,0.2465,0.648898,,27065800,,
0,2,,0.122173,0.297516,0.580311,,32167300,,
0,2,,0.091173,0.316057,0.592771,,32499700,,
0,2,,0.090543,0.348359,0.561098,,37416100,,
0,2,,0.144997,0.311589,0.543415,,42863100,,
0,2,,0.128172,0.256437,0.615391,,34276300,,
0,2,,0.152139,0.176052,0.671809,,39409300,,
0,2,,0.1233,0.2015,0.6752,,46911900,,
0,2,,0.16528,0.320156,0.514564,,46294700,,
0,2,,0.09518,0.195722,0.709098,,37368500,,
0,2,,0.181523,0.343324,0.475153,,37182900,,
0,2,,0.107278,0.185243,0.707479,,41901900,,
0,2,,0.228846,0.293598,0.477556,,35621200,,
0,2,,0.164526,0.241357,0.594117,,40287200,,
0,2,,0.118081,0.345551,0.536368,,32492000,,
0,2,,0.097379,0.21971,0.682911,,33132400,,
0,2,,0.082577,0.325645,0.591778,,30725300,,
0,2,,0.106778,0.30552,0.587701,,29863400,,
0,2,,0.137312,0.278196,0.584492,,28746400,,
0,2,,0.18326,0.210499,0.606241,,27364000,,
0,2,,0.101278,0.209039,0.689682,,27388600,,
0,2,,0.142604,0.324014,0.533383,,27723400,,
0,2,,0.107772,0.264321,0.627907,,27880800,,
0,2,,0.128153,0.380623,0.491224,,28985200,,
0,2,,0.07709,0.34603,0.57688,,29167700,,
0,2,,0.164896,0.233941,0.601163,,31456400,,
0,2,,0.127459,0.273426,0.599115,,33035900,,
0,2,,0.103429,0.194814,0.701757,,31893600,,
0,2,,0.125904,0.302492,0.571604,,29933700,,
0,2,,0.10535,0.198681,0.695968,,29551800,,
0,2,,0.204048,0.210919,0.585033,,28916200,,
0,2,,0.131527,0.270853,0.59762,,28080900,,
0,2,,0.080629,0.221379,0.697991,,26598600,,
0,2,,0.187496,0.195702,0.616802,,27143400,,
0,2,,0.176947,0.191269,0.631784,,26981900,,
0,2,,0.125327,0.27661,0.598062,,27671400,,
0,2,,0.107119,0.297562,0.595319,,27067200,,
0,2,,0.137479,0.266998,0.595523,,27114400,,
0,2,,0.16935,0.241187,0.589463,,27021300,,
0,2,,0.084205,0.255755,0.66004,,26940400,,
0,2,,0.139912,0.339014,0.521074,,27305600,,
0,2,,0.108315,0.366551,0.525134,,27602200,,
0,2,,0.09101,0.297847,0.611143,,28146900,,
0,2,,0.166312,0.231731,0.601957,,26640200,,
0,2,,0.100169,0.287134,0.612697,,27382100,,
0,2,,0.18508,0.334288,0.480631,,31161700,,
0,2,,0.121144,0.328173,0.550684,,27945500,,
0,2,,0.087328,0.192558,0.720114,,27158900,,
0,2,,0.159612,0.2886,0.551787,,27199400,,
0,2,,0.120327,0.299281,0.580392,,27325700,,
0,2,,0.134264,0.229076,0.63666,,27338800,,
0,2,,0.151538,0.287618,0.560844,,27753600,,
0,2,,0.079657,0.242352,0.677991,,27930500,,
0,2,,0.177017,0.210661,0.612322,,28121900,,
0,2,,0.110041,0.231606,0.658353,,28320100,,
0,2,,0.161716,0.226923,0.611361,,27771100,,
0,2,,0.08358,0.243806,0.672613,,27545100,,
0,2,,0.091589,0.220783,0.687628,,28319600,,
0,2,,0.083689,0.191658,0.724653,,28332600,,
0,2,,0.102586,0.280872,0.616542,,27123500,,
0,2,,0.079896,0.356228,0.563876,,25624800,,
0,2,,0.162271,0.282066,0.555663,,26108800,,
0,2,,0.104965,0.321538,0.573498,,27314700,,
0,2,,0.151767,0.205494,0.642739,,26270400,,
0,2,,0.122158,0.126955,0.750887,,26142200,,
0,2,,0.139099,0.159064,0.701837,,26951400,,
0,2,,0.086427,0.327845,0.585728,,25461900,,
0,2,,0.104031,0.26011,0.635859,,26714000,,
0,2,,0.153362,0.222917,0.623721,,26930600,,
0,2,,0.136778,0.304755,0.558467,,31707000,,
0,2,,0.180496,0.202922,0.616582,,37282100,,
0,2,,0.085059,0.235738,0.679203,,39103400,,
0,2,,0.077904,0.382339,0.539757,,41633800,,
0,2,,0.137303,0.291388,0.571309,,40700200,,
0,1,,0.105725,0.492215,0.40206,,39000800,,
0,2,,0.095813,0.273917,0.63027,,37431000,,
0,2,,0.132129,0.11864,0.749231,,37832400,,
0,2,,0.11091,0.233553,0.655537,,31831300,,
0,2,,0.182269,0.253401,0.56433,,33355100,,
0,2,,0.130627,0.316902,0.552471,,32740100,,
0,2,,0.093857,0.16267,0.743473,,32744100,,
0,2,,0.205708,0.247021,0.547271,,28835800,,
0,2,,0.097535,0.357708,0.544757,,27986100,,
0,2,,0.127951,0.271331,0.600719,,27904200,,
0,2,,0.179505,0.156905,0.663589,,27566300,,
0,2,,0.175929,0.253162,0.570909,,26255100,,
0,2,,0.090127,0.256632,0.653241,,25846200,,
0,2,,0.118629,0.184079,0.697292,,27132000,,
0,2,,0.172775,0.374071,0.453154,,55356500,,
0,2,,0.092406,0.278928,0.628666,,42437900,,
0,2,,0.191167,0.381594,0.427239,,39513800,,
0,2,,0.114092,0.257917,0.627991,,33155900,,
0,2,,0.09995,0.312674,0.587376,,31079900,,
0,2,,0.103012,0.210258,0.68673,,29760800,,
0,2,,0.126489,0.21633,0.65718,,28710200,,
0,2,,0.201113,0.268513,0.530374,,30781400,,
0,2,,0.122214,0.34861,0.529176,,34164500,,
0,2,,0.096811,0.209897,0.693292,,28318700,,
0,2,,0.079312,0.315342,0.605346,,26478200,,
0,2,,0.150247,0.306338,0.543416,,27156000,,
0,2,,0.095037,0.273925,0.631038,,28319000,,
0,2,,0.118301,0.133348,0.748351,,28436800,,
0,2,,0.188575,0.140495,0.67093,,26287200,,
0,2,,0.141058,0.382009,0.476933,,26226500,,
0,2,,0.151626,0.233677,0.614697,,26970500,,
0,2,,0.104481,0.153423,0.742096,,25761000,,
0,2,,0.124816,0.270697,0.604487,,26074800,,
0,2,,0.159381,0.263731,0.576888,,26369600,,
0,2,,0.096916,0.182123,0.720961,,26493600,,
0,2,,0.080033,0.325274,0.594693,,26011200,,
0,2,,0.187021,0.288017,0.524963,,26353500,,
0,2,,0.16229,0.16008,0.67763,,26337700,,
0,1,,0.146087,0.427606,0.426307,,28360700,,
0,2,,0.147635,0.248435,0.60393,,32865300,,
0,2,,0.108906,0.32401,0.567084,,31221300,,
0,2,,0.163478,0.336415,0.500107,,32126400,,
0,2,,0.227922,0.139229,0.63285,,31911500,,
0,2,,0.100924,0.327421,0.571656,,32086000,,
0,2,,0.147409,0.302243,0.550348,,32683600,,
0,2,,0.111651,0.355078,0.533271,,30008100,,
0,2,,0.066563,0.15606,0.777377,,26033300,,
0,2,,0.098755,0.244145,0.6571,,26890800,,
0,2,,0.156141,0.277335,0.566524,,27594700,,
0,2,,0.089651,0.174396,0.735953,,27297100,,
0,2,,0.120078,0.200967,0.678955,,26999000,,
0,2,,0.12363,0.207081,0.669289,,33894800,,
0,2,,0.106599,0.287387,0.606015,,30996600,,
0,2,,0.090376,0.223384,0.686241,,32004000,,
0,2,,0.221096,0.271181,0.507723,,32252800,,
0,2,,0.076702,0.213137,0.710162,,31927900,,
0,2,,0.130416,0.356434,0.51315,,29614600,,
0,2,,0.048145,0.352197,0.599658,,30224300,,
0,2,,0.09437,0.222796,0.682833,,30413000,,
0,2,,0.163087,0.294001,0.542912,,29008500,,
0,2,,0.126706,0.336277,0.537017,,30657400,,
0,2,,0.074668,0.24284,0.682492,,32934600,,
0,2,,0.126772,0.277139,0.596088,,26922600,,
0,2,,0.181136,0.20967,0.609194,,26158900,,
0,2,,0.113255,0.20742,0.679325,,28240300,,
0,2,,0.125352,0.198399,0.676249,,25302300,,
0,2,,0.119641,0.269353,0.611006,,25555400,,
0,2,,0.126322,0.278285,0.595393,,25674700,,
0,2,,0.170108,0.117367,0.712525,,26581700,,
0,2,,0.129687,0.253426,0.616887,,25192100,,
0,2,,0.081993,0.305139,0.612867,,25980200,,
0,2,,0.231639,0.192127,0.576234,,28077100,,
0,2,,0.133509,0.278118,0.588373,,30720500,,
0,2,,0.133569,0.198439,0.667992,,26115100,,
0,2,,0.101841,0.134982,0.763177,,26488300,,
0,2,,0.139696,0.320093,0.540211,,26392400,,
0,2,,0.087601,0.354889,0.55751,,25990600,,
0,2,,0.172532,0.233656,0.593812,,26093100,,
0,1,,0.167737,0.42102,0.411244,,26161000,,
0,2,,0.128392,0.349717,0.521891,,30186500,,
0,2,,0.104661,0.340014,0.555326,,33267500,,
0,2,,0.131602,0.252238,0.61616,,32973100,,
0,2,,0.088788,0.251275,0.659937,,32262800,,
0,2,,0.159329,0.228641,0.612031,,36239500,,
0,2,,0.101957,0.255737,0.642306,,32553400,,
0,2,,0.110823,0.426729,0.462448,,29153700,,
0,1,,0.108504,0.491575,0.399921,,26439200,,
0,2,,0.205096,0.227576,0.567329,,25495800,,
0,2,,0.186122,0.297507,0.516371,,26734300,,
0,1,,0.156559,0.46465,0.378791,,25649100,,
0,2,,0.075607,0.34895,0.575444,,25768400,,
0,2,,0.119086,0.269593,0.611322,,25957000,,
0,2,,0.184139,0.364691,0.45117,,29476800,,
0,2,,0.138375,0.3182,0.543425,,25565500,,
0,2,,0.083211,0.401742,0.515048,,25673700,,
0,2,,0.121601,0.319316,0.559082,,25228500,,
0,2,,0.143207,0.279949,0.576844,,25363400,,
0,2,,0.105738,0.260678,0.633583,,25448300,,
0,2,,0.189409,0.300086,0.510505,,26326100,,
0,2,,0.153332,0.33503,0.511638,,28057800,,
0,2,,0.127659,0.250021,0.62232,,26640100,,
0,2,,0.142571,0.345532,0.511897,,26603600,,
0,2,,0.09979,0.355649,0.544561,,25427300,,
0,2,,0.089357,0.396059,0.514584,,25940400,,
0,2,,0.095615,0.311766,0.592619,,26213300,,
0,2,,0.094376,0.287973,0.617652,,29504400,,
0,2,,0.15687,0.230253,0.612877,,26040900,,
0,2,,0.087218,0.265762,0.64702,,27068300,,
0,2,,0.121371,0.355827,0.522803,,30504100,,
0,2,,0.163828,0.234414,0.601758,,28407600,,
0,2,,0.164198,0.270534,0.565268,,28728500,,
0,2,,0.114305,0.345356,0.540339,,30053700,,
0,2,,0.099009,0.323014,0.577977,,32338500,,
0,2,,0.108489,0.215938,0.675572,,31271600,,
0,2,,0.146006,0.372188,0.481806,,33209600,,
0,2,,0.146391,0.349122,0.504488,,32713500,,
0,2,,0.105162,0.184658,0.71018,,33663300,,
0,2,,0.168414,0.252985,0.578601,,31542200,,
0,2,,0.189779,0.330413,0.479807,,33017900,,
0,2,,0.156039,0.333553,0.510408,,32970800,,
0,2,,0.131914,0.150116,0.71797,,32518900,,
0,2,,0.213845,0.205387,0.580768,,33768000,,
0,2,,0.097051,0.265045,0.637904,,30015900,,
0,2,,0.218918,0.292069,0.489012,,31259700,,
0,2,,0.145739,0.195309,0.658951,,31702600,,
0,2,,0.134931,0.342005,0.523064,,29104500,,
0,2,,0.152133,0.236902,0.610965,,28174600,,
0,2,,0.100299,0.171159,0.728542,,26582800,,
0,2,,0.113395,0.174221,0.712384,,28538900,,
0,2,,0.145414,0.179722,0.674864,,27262900,,
0,2,,0.066443,0.379369,0.554188,,27428500,,
0,2,,0.153389,0.220582,0.626029,,25626500,,
0,2,,0.075209,0.272388,0.652403,,26095300,,
0,2,,0.15991,0.1715,0.66859,,27893600,,
0,2,,0.223826,0.208738,0.567436,,26902100,,
0,2,,0.117837,0.32152,0.560643,,28910500,,
0,2,,0.10621,0.288613,0.605177,,28189700,,
0,2,,0.056352,0.293337,0.650311,,27433400,,
0,2,,0.225909,0.319585,0.454505,,28425700,,
0,2,,0.109115,0.15398,0.736905,,27743000,,
0,2,,0.132306,0.302868,0.564826,,29840000,,
0,2,,0.090713,0.252781,0.656506,,26443800,,
0,2,,0.141719,0.223861,0.63442,,27086800,,
0,2,,0.073898,0.304312,0.62179,,25385100,,
0,2,,0.100369,0.211692,0.687939,,25136900,,
0,2,,0.111486,0.332811,0.555702,,26209100,,
0,2,,0.102111,0.18785,0.710039,,26025000,,
0,2,,0.089221,0.172548,0.738231,,27996700,,
0,2,,0.122406,0.181802,0.695793,,27190800,,
0,2,,0.105076,0.242009,0.652915,,30372500,,
0,2,,0.080002,0.207704,0.712295,,30018600,,
0,2,,0.104754,0.40112,0.494126,,30647400,,
0,2,,0.123366,0.314814,0.56182,,31972600,,
0,2,,0.14567,0.218054,0.636277,,31730500,,
0,2,,0.100362,0.265291,0.634347,,30337100,,
0,2,,0.158191,0.280378,0.561431,,25602300,,
0,2,,0.170404,0.263411,0.566185,,26174100,,
0,2,,0.092257,0.239782,0.667961,,26648200,,
0,2,,0.153064,0.304682,0.542254,,25939100,,
0,2,,0.084521,0.264279,0.6512,,31314800,,
0,2,,0.077415,0.306475,0.616109,,32594500,,
0,2,,0.129218,0.18926,0.681522,,36090000,,
0,2,,0.153924,0.316927,0.529149,,32791000,,
0,2,,0.110534,0.252774,0.636692,,34370400,,
0,2,,0.084666,0.192007,0.723326,,34285500,,
0,2,,0.218628,0.301527,0.479845,,33412800,,
0,2,,0.067583,0.249128,0.683289,,31799800,,
0,2,,0.166499,0.178152,0.655349,,28704100,,
0,2,,0.107952,0.267972,0.624076,,28078800,,
0,2,,0.131624,0.174748,0.693628,,25720300,,
0,2,,0.069875,0.334073,0.596052,,26536200,,
0,2,,0.159478,0.301788,0.538734,,30012600,,
0,2,,0.103589,0.246518,0.649893,,27045300,,
0,2,,0.124917,0.207732,0.667351,,27200700,,
0,2,,0.162316,0.276078,0.561607,,26231400,,
0,2,,0.136877,0.218264,0.644859,,26081200,,
0,2,,0.171821,0.151462,0.676716,,27269600,,
0,2,,0.085124,0.303266,0.61161,,26164800,,
0,2,,0.160608,0.338317,0.501076,,27897800,,
0,2,,0.147954,0.313566,0.538481,,26140500,,
0,2,,0.212093,0.219323,0.568584,,26083100,,
0,2,,0.107165,0.233918,0.658917,,26595100,,
0,2,,0.127213,0.192509,0.680278,,26469300,,
0,2,,0.110052,0.30417,0.585778,,26312900,,
0,2,,0.084653,0.275704,0.639643,,26787700,,
0,2,,0.102871,0.256422,0.640708,,25851200,,
0,2,,0.133881,0.187022,0.679097,,26115200,,
0,2,,0.081405,0.241687,0.676907,,26904700,,
0,2,,0.145942,0.225379,0.628679,,26223400,,
0,2,,0.177871,0.182399,0.639731,,28220200,,
0,2,,0.188581,0.374764,0.436654,,30154700,,
0,2,,0.17167,0.309045,0.519285,,29083800,,
0,2,,0.169441,0.326651,0.503908,,28299200,,
0,2,,0.13445,0.21411,0.65144,,29439200,,
0,2,,0.184466,0.269286,0.546248,,29560100,,
0,2,,0.144121,0.342216,0.513663,,27857300,,
0,2,,0.14346,0.139495,0.717045,,27247600,,
0,2,,0.11784,0.205556,0.676604,,26440300,,
0,2,,0.142726,0.27704,0.580234,,25931400,,
0,2,,0.245237,0.186369,0.568394,,26490000,,
0,2,,0.069187,0.388135,0.542678,,26118000,,
0,2,,0.193645,0.289776,0.516579,,26060600,,
0,2,,0.121273,0.276689,0.602038,,26169300,,
0,2,,0.082731,0.348516,0.568752,,27226500,,
0,2,,0.110593,0.14215,0.747256,,26481100,,
0,2,,0.133031,0.169924,0.697045,,25595700,,
0,2,,0.101921,0.191328,0.706751,,26070400,,
0,2,,0.134025,0.377554,0.488421,,30070000,,
0,2,,0.145027,0.224858,0.630116,,33148900,,
0,2,,0.104835,0.178881,0.716284,,42900300,,
0,2,,0.240674,0.32247,0.436856,,41247200,,
0,2,,0.094293,0.248738,0.656969,,42407800,,
0,2,,0.11933,0.232511,0.64816,,40398900,,
0,2,,0.20096,0.315905,0.483135,,36747600,,
0,2,,0.121395,0.200898,0.677707,,37702100,,
0,2,,0.119558,0.294929,0.585513,,31556400,,
0,2,,0.160653,0.220313,0.619034,,32047800,,
0,2,,0.165036,0.234657,0.600307,,26426200,,
0,2,,0.063155,0.387009,0.549836,,26761200,,
0,2,,0.160271,0.19954,0.640189,,28522000,,
0,2,,0.10996,0.223245,0.666795,,27860400,,
0,2,,0.169477,0.239816,0.590708,,31378300,,
0,2,,0.156756,0.307944,0.5353,,29306000,,
0,2,,0.172504,0.347759,0.479737,,27509300,,
0,2,,0.112062,0.239619,0.64832,,27398700,,
0,2,,0.187339,0.205447,0.607214,,26392200,,
0,2,,0.13702,0.183832,0.679148,,29297300,,
0,2,,0.073618,0.277821,0.648561,,27263700,,
0,2,,0.114491,0.350644,0.534864,,26034800,,
0,2,,0.127886,0.287879,0.584235,,26262600,,
0,2,,0.126573,0.330885,0.542542,,25590000,,
0,2,,0.15672,0.244727,0.598554,,26137600,,
0,2,,0.070015,0.299849,0.630136,,30358100,,
0,2,,0.213912,0.157252,0.628836,,29010700,,
0,2,,0.145285,0.286172,0.568543,,29504400,,
0,2,,0.14222,0.277557,0.580224,,27387500,,
0,2,,0.241479,0.34791,0.410611,,25413000,,
0,2,,0.101058,0.308449,0.590493,,27112200,,
0,2,,0.165224,0.21877,0.616005,,26026800,,
0,2,,0.12746,0.196588,0.675952,,25738300,,
0,2,,0.081844,0.205782,0.712375,,25607300,,
0,2,,0.118658,0.266851,0.614491,,27726600,,
0,2,,0.140779,0.159967,0.699254,,26594000,,
0,2,,0.199853,0.337044,0.463102,,29388500,,
0,2,,0.126128,0.42037,0.453502,,28647300,,
0,2,,0.157527,0.207271,0.635202,,26109100,,
0,2,,0.104911,0.269903,0.625185,,26507300,,
0,2,,0.112131,0.250221,0.637648,,27703400,,
0,2,,0.078915,0.107824,0.813261,,26675500,,
0,2,,0.142122,0.291282,0.566595,,25862200,,
0,2,,0.131787,0.190866,0.677348,,25753400,,
0,2,,0.206616,0.27869,0.514694,,26155700,,
0,2,,0.156996,0.277144,0.565859,,36418400,,
0,2,,0.125675,0.266445,0.60788,,35273200,,
0,2,,0.176109,0.299797,0.524094,,30873000,,
0,2,,0.115787,0.338729,0.545483,,30278800,,
0,2,,0.230164,0.234347,0.535489,,29391000,,
0,2,,0.120308,0.401905,0.477787,,30209500,,
0,1,,0.191351,0.456337,0.352312,,30129400,,
0,2,,0.180641,0.317486,0.501873,,28549200,,
0,2,,0.132175,0.37923,0.488595,,27123700,,
0,2,,0.17332,0.188239,0.638441,,26801800,,
0,2,,0.155422,0.298436,0.546142,,27161900,,
0,2,,0.182421,0.239675,0.577904,,27364500,,
0,2,,0.165928,0.300421,0.533651,,31000600,,
0,2,,0.096813,0.188231,0.714956,,36000200,,
0,2,,0.160754,0.391929,0.447317,,30246900,,
0,2,,0.091633,0.351025,0.557342,,26586300,,
0,2,,0.193172,0.288853,0.517974,,26240700,,
0,2,,0.083341,0.153827,0.762832,,26426700,,
0,2,,0.192869,0.247287,0.559844,,26526500,,
0,2,,0.11604,0.258764,0.625196,,26764700,,
0,2,,0.223218,0.19525,0.581532,,27332800,,
0,2,,0.089529,0.331583,0.578888,,27374000,,
0,2,,0.121911,0.300716,0.577372,,26774100,,
0,2,,0.133102,0.223412,0.643487,,27133000,,
0,2,,0.074833,0.300642,0.624525,,27204500,,
0,2,,0.126428,0.228935,0.644637,,31627700,,
0,2,,0.137109,0.310406,0.552485,,29007700,,
0,2,,0.101219,0.294614,0.604167,,28605300,,
0,2,,0.21057,0.265964,0.523466,,31883200,,
0,2,,0.083269,0.278676,0.638055,,36429100,,
0,2,,0.118403,0.267075,0.614521,,34128400,,
0,2,,0.099778,0.279496,0.620726,,34870900,,
0,2,,0.122386,0.191068,0.686546,,30244000,,
0,2,,0.072723,0.312087,0.61519,,31630800,,
0,2,,0.105233,0.242814,0.651953,,28777900,,
0,2,,0.17433,0.153993,0.671677,,26896500,,
0,2,,0.075632,0.296363,0.628005,,26994700,,
0,2,,0.098428,0.296273,0.605299,,27115500,,
0,2,,0.105594,0.400193,0.494213,,27645100,,
0,2,,0.123801,0.356457,0.519742,,26769900,,
0,2,,0.150278,0.199748,0.649973,,27785300,,
0,2,,0.126509,0.291786,0.581705,,37164400,,
0,2,,0.110594,0.192123,0.697283,,36035000,,
0,2,,0.144602,0.324542,0.530856,,25991200,,
0,2,,0.148975,0.288944,0.56208,,27234600,,
0,2,,0.154264,0.295206,0.550531,,27037300,,
0,2,,0.118311,0.308777,0.572912,,27405200,,
0,2,,0.118811,0.367005,0.514184,,27268800,,
0,2,,0.071459,0.229082,0.699459,,26484700,,
0,1,,0.161088,0.43198,0.406932,,27060600,,
0,2,,0.195265,0.3801,0.424635,,27028000,,
0,2,,0.125216,0.335192,0.539592,,27086400,,
0,2,,0.171863,0.261415,0.566722,,26989600,,
0,2,,0.155458,0.363353,0.481189,,27038700,,
0,2,,0.112018,0.346015,0.541967,,26895300,,
0,2,,0.171261,0.217609,0.61113,,27686300,,
0,2,,0.123961,0.29164,0.584399,,27521200,,
0,2,,0.139577,0.376717,0.483706,,27147300,,
0,2,,0.185652,0.211798,0.60255,,27090700,,
0,2,,0.061904,0.247095,0.691001,,27045600,,
0,1,,0.096812,0.501826,0.401361,,28615700,,
0,2,,0.105176,0.220444,0.67438,,26711100,,
0,2,,0.07239,0.278955,0.648655,,29459100,,
0,2,,0.117002,0.259959,0.623039,,27675900,,
0,2,,0.1072,0.141341,0.751459,,31429300,,
0,2,,0.217089,0.234207,0.548703,,27533700,,
0,2,,0.120001,0.246814,0.633185,,27135800,,
0,2,,0.118451,0.295953,0.585596,,26899100,,
0,2,,0.149018,0.258632,0.59235,,27502500,,
0,2,,0.190453,0.252626,0.556921,,27225300,,
0,2,,0.202201,0.39677,0.401028,,28119500,,
0,2,,0.074982,0.136423,0.788594,,26462800,,
0,2,,0.195535,0.327684,0.476781,,26477900,,
0,2,,0.165649,0.221567,0.612784,,27363900,,
0,2,,0.075984,0.267052,0.656964,,27521200,,
0,2,,0.050512,0.308523,0.640965,,28145600,,
0,2,,0.085362,0.182151,0.732487,,29427700,,
0,2,,0.140284,0.337283,0.522434,,32724900,,
0,2,,0.135904,0.271338,0.592758,,40146500,,
0,1,,0.18194,0.425639,0.392422,,58307700,,
0,2,,0.135887,0.219057,0.645056,,38365600,,
0,2,,0.136023,0.356675,0.507302,,35131000,,
0,2,,0.089308,0.308327,0.602364,,30949600,,
0,2,,0.11824,0.322134,0.559626,,31063000,,
0,2,,0.203665,0.136368,0.659967,,29721200,,
0,2,,0.150001,0.295419,0.55458,,25649400,,
0,2,,0.135092,0.317583,0.547326,,25620600,,
0,2,,0.145114,0.286689,0.568197,,27233100,,
0,2,,0.178728,0.346236,0.475036,,30420700,,
0,2,,0.11701,0.237981,0.645009,,29545400,,
0,2,,0.118319,0.252415,0.629266,,29211100,,
0,2,,0.121752,0.234876,0.643372,,27739100,,
0,2,,0.091331,0.322317,0.586352,,28339500,,
0,2,,0.079434,0.301892,0.618674,,30413100,,
0,2,,0.043326,0.253699,0.702975,,25899700,,
0,2,,0.226878,0.193115,0.580008,,28961300,,
0,2,,0.086198,0.333564,0.580238,,34332800,,
0,2,,0.141849,0.277457,0.580694,,35306800,,
0,2,,0.150856,0.336132,0.513012,,33294900,,
0,2,,0.08931,0.184207,0.726483,,34046200,,
0,2,,0.142455,0.365496,0.49205,,35157100,,
0,2,,0.12353,0.309636,0.566834,,34487400,,
0,2,,0.143376,0.264449,0.592175,,34363200,,
0,2,,0.151262,0.113141,0.735597,,30064600,,
0,2,,0.100795,0.262845,0.636359,,29854800,,
0,2,,0.143597,0.219045,0.637357,,28213500,,
0,2,,0.061628,0.332821,0.605551,,27541200,,
0,2,,0.114777,0.327951,0.557272,,27684100,,
0,2,,0.157368,0.298689,0.543943,,26666900,,
0,2,,0.149755,0.307744,0.542501,,25982200,,
0,2,,0.122229,0.215814,0.661957,,28328800,,
0,2,,0.160186,0.249731,0.590082,,26048500,,
0,2,,0.282423,0.236822,0.480755,,28698900,,
0,2,,0.324072,0.270957,0.40497,,28637600,,
0,2,,0.16177,0.276124,0.562106,,28077600,,
0,2,,0.102052,0.291065,0.606883,,27256300,,
0,2,,0.119611,0.277827,0.602562,,26271600,,
0,2,,0.078544,0.31935,0.602106,,26664500,,
0,2,,0.241469,0.238168,0.520364,,26337400,,
0,2,,0.109283,0.319431,0.571286,,26023100,,
0,2,,0.160785,0.287928,0.551287,,26046000,,
0,2,,0.127865,0.20553,0.666605,,25992300,,
0,2,,0.159164,0.256059,0.584776,,26330700,,
0,2,,0.088519,0.230256,0.681225,,26271200,,
0,2,,0.170064,0.27611,0.553826,,25532800,,
0,2,,0.132823,0.259697,0.60748,,25871000,,
0,2,,0.129566,0.372993,0.497441,,25653600,,
0,2,,0.119331,0.315814,0.564855,,25792800,,
0,2,,0.191387,0.395232,0.413381,,27582600,,
0,2,,0.130597,0.280414,0.588989,,28228000,,
0,2,,0.190398,0.27123,0.538373,,26061400,,
0,2,,0.193426,0.212284,0.59429,,27980700,,
0,2,,0.120498,0.20385,0.675652,,33989800,,
0,2,,0.219305,0.226324,0.554371,,32788000,,
0,2,,0.209874,0.250968,0.539158,,31271800,,
0,2,,0.133777,0.373563,0.49266,,31063700,,
0,2,,0.132691,0.226752,0.640557,,30174000,,
0,2,,0.047094,0.243163,0.709744,,27489000,,
0,2,,0.121918,0.192218,0.685864,,26857400,,
0,2,,0.156341,0.307457,0.536203,,25995400,,
0,2,,0.08735,0.409671,0.502979,,26399900,,
0,2,,0.13119,0.17116,0.697649,,25959200,,
0,2,,0.155973,0.312819,0.531208,,26009900,,
0,2,,0.140891,0.265693,0.593415,,27973800,,
0,2,,0.145636,0.22182,0.632545,,25859100,,
0,2,,0.098851,0.222388,0.678761,,27040400,,
0,2,,0.130134,0.30265,0.567216,,27087200,,
0,2,,0.105015,0.290744,0.604242,,26313300,,
0,2,,0.175863,0.282333,0.541804,,26607400,,
0,2,,0.093046,0.285955,0.621,,26739200,,
0,2,,0.177522,0.216194,0.606284,,25508900,,
0,2,,0.12786,0.26884,0.6033,,25154000,,
0,2,,0.118965,0.265945,0.61509,,25144800,,
0,2,,0.160934,0.116285,0.722781,,25362300,,
0,2,,0.117143,0.203972,0.678885,,27483500,,
0,1,,0.097596,0.47152,0.430885,,27310100,,
0,2,,0.085394,0.150626,0.76398,,24983300,,
0,2,,0.065959,0.242037,0.692004,,25175000,,
0,2,,0.13739,0.413108,0.449502,,25105800,,
0,2,,0.137896,0.395369,0.466735,,26197500,,
0,2,,0.125562,0.181217,0.693221,,26703300,,
0,2,,0.187472,0.369917,0.442611,,26355600,,
0,2,,0.111007,0.3604,0.528593,,28501100,,
0,2,,0.161283,0.386067,0.452649,,27417700,,
0,2,,0.105079,0.367088,0.527833,,27115000,,
0,2,,0.205565,0.305882,0.488553,,25883500,,
0,2,,0.167097,0.279006,0.553897,,28000900,,
0,2,,0.203822,0.198894,0.597284,,26399000,,
0,2,,0.153051,0.408436,0.438512,,26148800,,
0,2,,0.096796,0.302471,0.600733,,30494000,,
0,2,,0.107222,0.292064,0.600714,,26302100,,
0,2,,0.087862,0.232467,0.679671,,25156300,,
0,2,,0.06542,0.421512,0.513068,,25955400,,
0,2,,0.129111,0.230516,0.640373,,26186400,,
0,2,,0.069421,0.421144,0.509435,,25752900,,
0,2,,0.075248,0.247787,0.676966,,27015400,,
0,2,,0.12325,0.365362,0.511388,,26222800,,
0,2,,0.177193,0.30456,0.518247,,25850600,,
0,2,,0.095324,0.20932,0.695355,,25733200,,
0,2,,0.198549,0.261671,0.53978,,26109000,,
0,2,,0.211125,0.172552,0.616324,,26321900,,
0,2,,0.141455,0.274484,0.584062,,26544100,,
0,2,,0.07948,0.272449,0.64807,,26260500,,
0,2,,0.132794,0.417061,0.450145,,26468400,,
0,1,,0.13847,0.457533,0.403997,,28265200,,
0,2,,0.155037,0.276649,0.568314,,26444100,,
0,2,,0.123433,0.360769,0.515798,,27917400,,
0,2,,0.107558,0.205338,0.687104,,33819300,,
0,2,,0.185064,0.285582,0.529353,,41207200,,
0,2,,0.129206,0.237295,0.633498,,35394800,,
0,2,,0.085626,0.241076,0.673298,,41865600,,
0,2,,0.11644,0.203855,0.679705,,56038300,,
0,2,,0.127716,0.31639,0.555894,,52296800,,
0,2,,0.175336,0.301822,0.522841,,47354400,,
0,2,,0.144977,0.260189,0.594835,,52112300,,
0,2,,0.07895,0.253637,0.667412,,37123900,,
0,2,,0.1887,0.240654,0.570646,,36192400,,
0,2,,0.160343,0.274531,0.565126,,32330800,,
0,2,,0.157977,0.209791,0.632232,,37496800,,
0,2,,0.11076,0.253894,0.635346,,39432500,,
0,2,,0.14215,0.129456,0.728394,,38522200,,
0,2,,0.152073,0.283078,0.564849,,51502300,,
0,2,,0.112055,0.289863,0.598082,,48269200,,
0,2,,0.13941,0.244953,0.615637,,41158100,,
0,2,,0.111975,0.293868,0.594157,,29401900,,
0,2,,0.098623,0.234935,0.666442,,40293300,,
0,2,,0.146002,0.15123,0.702769,,46559300,,
0,2,,0.155525,0.224141,0.620334,,53942400,,
0,2,,0.167278,0.269475,0.563247,,54688400,,
0,2,,0.189458,0.352679,0.457862,,45184900,,
0,2,,0.096585,0.265097,0.638318,,44143500,,
0,2,,0.059839,0.361662,0.578499,,47478400,,
0,2,,0.135224,0.287994,0.576782,,50001800,,
0,2,,0.175751,0.202985,0.621264,,44344600,,
0,2,,0.124071,0.334862,0.541068,,45401000,,
0,2,,0.12187,0.246894,0.631235,,63807000,,
0,2,,0.161273,0.270125,0.568603,,43174600,,
0,2,,0.062047,0.372009,0.565944,,33336700,,
0,2,,0.145181,0.206205,0.648614,,35056200,,
0,2,,0.117637,0.323632,0.558731,,31358800,,
0,2,,0.081598,0.28492,0.633482,,29926400,,
0,2,,0.119763,0.266168,0.614069,,27728900,,
0,2,,0.100097,0.282817,0.617086,,27679000,,
0,2,,0.064934,0.336683,0.598384,,31177200,,
0,2,,0.138118,0.327447,0.534435,,26183600,,
0,2,,0.196429,0.223187,0.580385,,27118300,,
0,2,,0.234213,0.22933,0.536457,,26260800,,
0,2,,0.181148,0.282381,0.536471,,26159800,,
0,2,,0.098792,0.260861,0.640346,,27584400,,
0,2,,0.083264,0.352385,0.564351,,26973000,,
0,2,,0.151364,0.187197,0.661438,,26837000,,
0,2,,0.167002,0.277149,0.555849,,27354400,,
0,2,,0.177956,0.23773,0.584314,,28087000,,
0,2,,0.088017,0.234719,0.677265,,30463700,,
0,2,,0.096476,0.190468,0.713056,,32815600,,
0,2,,0.137279,0.315366,0.547355,,33709600,,
0,2,,0.075855,0.261256,0.662889,,38547800,,
0,2,,0.110019,0.15793,0.732051,,35364300,,
0,2,,0.115848,0.305705,0.578447,,34613800,,
0,2,,0.128825,0.292464,0.578711,,39118400,,
0,2,,0.145467,0.320619,0.533914,,46525900,,
0,2,,0.119613,0.381575,0.498812,,33735900,,
0,2,,0.112883,0.167177,0.719939,,46531600,,
0,2,,0.114159,0.265178,0.620663,,35584100,,
0,2,,0.123787,0.306474,0.569739,,31026400,,
0,2,,0.082727,0.236444,0.680829,,31640800,,
0,2,,0.095548,0.315859,0.588593,,30424500,,
0,2,,0.221061,0.337923,0.441016,,30464500,,
0,2,,0.09673,0.197963,0.705306,,29762600,,
0,2,,0.096954,0.222908,0.680138,,29163800,,
0,2,,0.04835,0.293856,0.657793,,28977200,,
0,2,,0.149173,0.242662,0.608165,,27966900,,
0,2,,0.250961,0.198409,0.55063,,28179200,,
0,2,,0.13285,0.243111,0.624039,,27586900,,
0,2,,0.192838,0.236929,0.570233,,27448600,,
0,2,,0.125164,0.259689,0.615147,,32604900,,
0,2,,0.102537,0.237234,0.660229,,27661300,,
0,2,,0.08063,0.353636,0.565734,,27578400,,
0,2,,0.134013,0.248138,0.617849,,28849300,,
0,2,,0.100614,0.277471,0.621915,,27642800,,
0,2,,0.175292,0.223431,0.601277,,28711000,,
0,2,,0.086143,0.141492,0.772365,,28120400,,
0,2,,0.137899,0.175407,0.686694,,27646200,,
0,2,,0.097122,0.188026,0.714852,,27817300,,
0,2,,0.090147,0.195497,0.714356,,28604500,,
0,2,,0.142127,0.300634,0.557239,,27959100,,
0,2,,0.115709,0.21319,0.671101,,27570300,,
0,2,,0.185067,0.319601,0.495332,,27832400,,
0,2,,0.243706,0.248015,0.508279,,27924000,,
0,2,,0.198077,0.282009,0.519914,,27315600,,
0,2,,0.14074,0.216869,0.642391,,29093200,,
0,2,,0.126269,0.312675,0.561056,,26004100,,
0,2,,0.113671,0.376202,0.510128,,28841000,,
0,2,,0.130666,0.31821,0.551124,,29114700,,
0,2,,0.093033,0.400313,0.506654,,29206100,,
0,2,,0.142407,0.217882,0.639711,,31107100,,
0,2,,0.169372,0.205229,0.625399,,33700200,,
0,2,,0.148082,0.298378,0.55354,,32366100,,
0,2,,0.136581,0.196149,0.66727,,32440800,,
0,2,,0.163211,0.353422,0.483367,,33401800,,
0,2,,0.143082,0.199455,0.657462,,32716400,,
0,2,,0.12326,0.259339,0.617402,,31516100,,
0,2,,0.142873,0.173046,0.684082,,28733700,,
0,2,,0.119,0.29272,0.588281,,27641200,,
0,2,,0.127495,0.215554,0.656951,,27230000,,
0,2,,0.157779,0.352465,0.489756,,27579600,,
0,2,,0.114739,0.280308,0.604953,,28886500,,
0,2,,0.164352,0.41274,0.422908,,28646500,,
0,2,,0.088807,0.216038,0.695155,,28296900,,
0,2,,0.102421,0.34907,0.548509,,33768700,,
0,2,,0.081264,0.340611,0.578125,,30624100,,
0,2,,0.124913,0.29229,0.582796,,28655400,,
0,2,,0.128325,0.189896,0.681779,,28549000,,
0,2,,0.117406,0.277493,0.605102,,29493700,,
0,2,,0.187382,0.25325,0.559368,,27073500,,
0,2,,0.193102,0.245028,0.56187,,26064900,,
0,2,,0.128628,0.171589,0.699784,,27527600,,
0,2,,0.188833,0.372859,0.438308,,27983700,,
0,2,,0.146509,0.263899,0.589592,,27391100,,
0,2,,0.156165,0.255501,0.588334,,27894500,,
0,2,,0.083875,0.208661,0.707464,,26320700,,
0,2,,0.12907,0.256454,0.614477,,31501000,,
0,2,,0.176495,0.235569,0.587937,,28459800,,
0,2,,0.130694,0.262697,0.606609,,25646800,,
0,2,,0.121129,0.274141,0.60473,,28425800,,
0,2,,0.115393,0.254402,0.630205,,26040700,,
0,2,,0.059597,0.417598,0.522805,,25841100,,
0,2,,0.141754,0.319586,0.53866,,26724500,,
0,2,,0.125068,0.27366,0.601272,,26932200,,
0,2,,0.081098,0.25448,0.664422,,29814600,,
0,2,,0.130762,0.329118,0.54012,,25946400,,
0,2,,0.086789,0.288925,0.624286,,31564600,,
0,2,,0.184305,0.285129,0.530566,,29998900,,
0,2,,0.157686,0.197858,0.644456,,26920400,,
0,2,,0.143532,0.236013,0.620455,,27097100,,
0,2,,0.110084,0.240706,0.64921,,25914000,,
0,2,,0.179596,0.230666,0.589738,,26391300,,
0,2,,0.165233,0.386793,0.447974,,26150400,,
0,2,,0.118703,0.165681,0.715616,,28737800,,
0,2,,0.079891,0.344179,0.57593,,27185000,,
0,2,,0.129714,0.351308,0.518978,,27751600,,
0,2,,0.1311,0.327066,0.541834,,27253900,,
0,2,,0.224637,0.256619,0.518744,,27115800,,
0,1,,0.151568,0.454972,0.39346,,28085600,,
0,2,,0.13708,0.185576,0.677344,,27721200,,
0,2,,0.148144,0.326909,0.524947,,31674300,,
0,2,,0.126506,0.302596,0.570898,,28226000,,
0,2,,0.136091,0.222137,0.641773,,27486700,,
0,2,,0.121662,0.222139,0.6562,,27573500,,
0,2,,0.086667,0.199611,0.713721,,28348500,,
0,2,,0.132912,0.346451,0.520637,,26650000,,
0,2,,0.199258,0.26831,0.532432,,27659400,,
0,2,,0.105512,0.271398,0.623091,,26955800,,
0,2,,0.083482,0.208994,0.707524,,27433100,,
0,2,,0.105334,0.185491,0.709175,,27511000,,
0,2,,0.13114,0.316084,0.552777,,27984400,,
0,2,,0.192149,0.242059,0.565792,,27900200,,
0,2,,0.141014,0.266493,0.592493,,29035700,,
0,2,,0.146012,0.366196,0.487792,,33530800,,
0,2,,0.121224,0.373784,0.504992,,33313200,,
0,2,,0.165049,0.288475,0.546476,,33112500,,
0,2,,0.079502,0.182545,0.737953,,33568300,,
0,2,,0.115499,0.255457,0.629044,,35633200,,
0,2,,0.045458,0.436388,0.518153,,40088000,,
0,2,,0.131116,0.221937,0.646947,,30162300,,
0,2,,0.169859,0.229294,0.600847,,31239500,,
0,2,,0.111553,0.327979,0.560468,,34523200,,
0,2,,0.14629,0.175323,0.678388,,31981900,,
0,2,,0.113666,0.243449,0.642885,,29126100,,
0,2,,0.093841,0.325057,0.581103,,26504800,,
0,2,,0.067081,0.361751,0.571168,,27851800,,
0,2,,0.1657,0.274082,0.560218,,30432200,,
0,2,,0.134499,0.148726,0.716775,,31889900,,
0,2,,0.145344,0.215606,0.63905,,31456800,,
0,2,,0.118221,0.266472,0.615306,,30604200,,
0,2,,0.092476,0.230287,0.677237,,29194300,,
0,2,,0.094376,0.325192,0.580432,,28495200,,
0,2,,0.131841,0.216177,0.651982,,27385600,,
0,2,,0.100065,0.363758,0.536177,,30651900,,
0,2,,0.081403,0.28044,0.638157,,27484800,,
