synthetic-control,Tuned_CWT,test,2,NANOSECONDS,PREDICTIONS, Generated by ClassifierExperiments.java on 2022-05-16 02:13:19.    SYSTEMPROPERTIES:{user.name:matth,os.arch:amd64,os.name:Windows 10},ENDSYSTEMPROPERTIES
No parameter info
0.4,163779400,139545600,-1,20773304,6,,-1,-1
0,2,,0.143417,0.103417,0.458667,0.02,0.2545,0.02,,1171800,,
0,2,,0.13875,0.108083,0.452,0.026667,0.247833,0.026667,,1097200,,
0,2,,0.143417,0.123417,0.438667,0.02,0.2545,0.02,,1099300,,
0,2,,0.137917,0.108917,0.498667,0,0.2545,0,,1097900,,
0,2,,0.160583,0.10625,0.445333,0.033333,0.221167,0.033333,,1104600,,
0,2,,0.142083,0.12475,0.452,0.026667,0.227833,0.026667,,1098200,,
0,2,,0.137917,0.108917,0.498667,0,0.2545,0,,1098000,,
0,2,,0.141917,0.104917,0.452,0.026667,0.247833,0.026667,,1096400,,
0,2,,0.127917,0.118917,0.465333,0.033333,0.221167,0.033333,,1092200,,
0,2,,0.135917,0.130917,0.472,0.006667,0.247833,0.006667,,1122900,,
0,2,,0.122083,0.125417,0.380667,0.093333,0.165167,0.113333,,1094500,,
0,2,,0.126583,0.14025,0.438667,0.04,0.2145,0.04,,1094800,,
0,2,,0.16525,0.101583,0.452,0.026667,0.227833,0.026667,,1100100,,
0,2,,0.125083,0.14175,0.432,0.046667,0.207833,0.046667,,1106900,,
0,2,,0.141917,0.104917,0.452,0.026667,0.247833,0.026667,,1090900,,
0,2,,0.14525,0.101583,0.452,0.046667,0.227833,0.026667,,1094700,,
0,2,,0.130583,0.11625,0.392,0.066667,0.207833,0.086667,,1093600,,
0,2,,0.127917,0.118917,0.425333,0.033333,0.261167,0.033333,,1091600,,
0,2,,0.141583,0.10525,0.465333,0.013333,0.261167,0.013333,,1091500,,
0,2,,0.141583,0.10525,0.465333,0.013333,0.261167,0.013333,,1093900,,
1,4,,0.163417,0.117083,0.253333,0.074833,0.312667,0.078667,,1096700,,
1,2,,0.113083,0.13375,0.412,0.086667,0.167833,0.086667,,1094700,,
1,1,,0.10375,0.26175,0.235333,0.133333,0.1305,0.135333,,1096800,,
1,2,,0.121917,0.124917,0.405333,0.093333,0.161167,0.093333,,1113000,,
1,2,,0.116417,0.130417,0.418667,0.08,0.1745,0.08,,1092200,,
1,2,,0.120583,0.14625,0.378667,0.1,0.1545,0.1,,1091400,,
1,2,,0.149083,0.17375,0.318,0.033333,0.2925,0.033333,,1092700,,
1,2,,0.150917,0.17125,0.378667,0.04,0.219167,0.04,,1090900,,
1,2,,0.17875,0.15575,0.302667,0.068167,0.222,0.072667,,1091100,,
1,2,,0.138583,0.155917,0.385333,0.033333,0.2535,0.033333,,1093500,,
1,4,,0.102417,0.185083,0.189333,0.14,0.243167,0.14,,1098800,,
1,2,,0.112583,0.17425,0.365333,0.093333,0.161167,0.093333,,1114300,,
1,2,,0.115083,0.15175,0.398667,0.08,0.1745,0.08,,1100200,,
1,2,,0.11275,0.21975,0.282,0.126667,0.130167,0.128667,,1101600,,
1,2,,0.09975,0.18775,0.260667,0.133333,0.185167,0.133333,,1105500,,
1,2,,0.136417,0.110417,0.492,0.006667,0.247833,0.006667,,1103500,,
1,2,,0.136417,0.110417,0.492,0.006667,0.247833,0.006667,,1111300,,
1,2,,0.11375,0.15375,0.387333,0.086667,0.171833,0.086667,,1132700,,
1,2,,0.149083,0.173083,0.348,0.033333,0.263167,0.033333,,1112000,,
1,2,,0.147083,0.11975,0.425333,0.033333,0.241167,0.033333,,1103500,,
2,2,,0.137917,0.108917,0.498667,0,0.2545,0,,1097300,,
2,2,,0.137917,0.108917,0.498667,0,0.2545,0,,1096000,,
2,2,,0.137917,0.108917,0.498667,0,0.2545,0,,1096600,,
2,2,,0.137917,0.108917,0.498667,0,0.2545,0,,1094000,,
2,2,,0.137917,0.108917,0.498667,0,0.2545,0,,1095400,,
2,2,,0.137917,0.108917,0.498667,0,0.2545,0,,1091100,,
2,2,,0.137917,0.108917,0.498667,0,0.2545,0,,1093800,,
2,2,,0.137917,0.108917,0.498667,0,0.2545,0,,1094900,,
2,2,,0.137917,0.108917,0.498667,0,0.2545,0,,1095200,,
2,2,,0.137917,0.108917,0.498667,0,0.2545,0,,1093700,,
2,2,,0.137917,0.108917,0.498667,0,0.2545,0,,1111300,,
2,2,,0.137917,0.108917,0.498667,0,0.2545,0,,1094700,,
2,2,,0.137917,0.108917,0.498667,0,0.2545,0,,1091900,,
2,2,,0.137917,0.108917,0.498667,0,0.2545,0,,1089600,,
2,2,,0.137917,0.108917,0.498667,0,0.2545,0,,1088100,,
2,2,,0.137917,0.108917,0.498667,0,0.2545,0,,1088100,,
2,2,,0.137917,0.108917,0.498667,0,0.2545,0,,1089200,,
2,2,,0.137917,0.108917,0.498667,0,0.2545,0,,1087200,,
2,2,,0.137917,0.108917,0.498667,0,0.2545,0,,1092000,,
2,2,,0.137917,0.108917,0.498667,0,0.2545,0,,1088000,,
3,3,,0.110083,0.21675,0.006667,0.351833,0.026667,0.288,,1093000,,
3,3,,0.10875,0.178083,0,0.411833,0,0.301333,,1095900,,
3,3,,0.16875,0.138083,0,0.3585,0.02,0.314667,,1099400,,
3,5,,0.12875,0.158083,0.02,0.3385,0,0.354667,,1098700,,
3,3,,0.12875,0.158083,0,0.353833,0.06,0.299333,,1102200,,
3,3,,0.124083,0.123417,0.168667,0.247833,0.097333,0.238667,,1102800,,
3,5,,0.10875,0.198083,0.06,0.2925,0.04,0.300667,,1099400,,
3,3,,0.117417,0.165417,0.089333,0.263167,0.108667,0.256,,1099400,,
3,3,,0.14875,0.178083,0.02,0.3785,0.02,0.254667,,1101400,,
3,3,,0.10875,0.158083,0.02,0.4185,0.02,0.274667,,1095600,,
3,3,,0.10875,0.138083,0,0.4125,0,0.340667,,1098800,,
3,3,,0.10875,0.198083,0,0.3985,0,0.294667,,1090600,,
3,3,,0.10875,0.178083,0.06,0.351833,0.02,0.281333,,1089900,,
3,3,,0.12875,0.15875,0.04,0.3425,0.04,0.29,,1096200,,
3,3,,0.111417,0.155417,0.113333,0.3325,0.033333,0.254,,1093300,,
3,5,,0.11875,0.143417,0.156,0.2385,0.055333,0.288,,1088700,,
3,3,,0.124083,0.16275,0.136667,0.246667,0.123167,0.206667,,1091900,,
3,3,,0.10975,0.22475,0.148667,0.24,0.076833,0.2,,1089000,,
3,3,,0.11275,0.172083,0,0.371833,0,0.343333,,1106500,,
3,3,,0.134083,0.15275,0.12,0.281167,0.04,0.272,,1094200,,
4,2,,0.137917,0.108917,0.478667,0,0.2745,0,,1093800,,
4,2,,0.137917,0.108917,0.498667,0,0.2545,0,,1087500,,
4,2,,0.137917,0.108917,0.498667,0,0.2545,0,,1089300,,
4,2,,0.137917,0.108917,0.478667,0,0.2745,0,,1091300,,
4,2,,0.137917,0.108917,0.498667,0,0.2545,0,,1088600,,
4,2,,0.137917,0.108917,0.498667,0,0.2545,0,,1090600,,
4,2,,0.137917,0.108917,0.498667,0,0.2545,0,,1087000,,
4,2,,0.137917,0.108917,0.498667,0,0.2545,0,,1090500,,
4,2,,0.137917,0.108917,0.498667,0,0.2545,0,,1087700,,
4,2,,0.137917,0.108917,0.498667,0,0.2545,0,,1087400,,
4,2,,0.137917,0.108917,0.478667,0,0.2745,0,,1089500,,
4,2,,0.137917,0.108917,0.478667,0,0.2745,0,,1111500,,
4,2,,0.137917,0.108917,0.498667,0,0.2545,0,,1439800,,
4,2,,0.137917,0.108917,0.498667,0,0.2545,0,,2226900,,
4,2,,0.137917,0.108917,0.498667,0,0.2545,0,,2203100,,
4,2,,0.137917,0.108917,0.498667,0,0.2545,0,,2171800,,
4,2,,0.137917,0.108917,0.498667,0,0.2545,0,,2170000,,
4,2,,0.137917,0.108917,0.498667,0,0.2545,0,,2171600,,
4,2,,0.137917,0.108917,0.498667,0,0.2545,0,,2164500,,
4,2,,0.137917,0.108917,0.478667,0,0.2745,0,,2060400,,
5,3,,0.16875,0.138083,0.1,0.301167,0,0.292,,1099200,,
5,2,,0.158583,0.175917,0.249333,0.1615,0.108667,0.146,,1096800,,
5,5,,0.14075,0.165417,0.08,0.2805,0.04,0.293333,,1094800,,
5,5,,0.107083,0.17275,0.188,0.202,0.052167,0.278,,1092000,,
5,5,,0.115417,0.151417,0.146667,0.265167,0.026667,0.294667,,1099700,,
5,5,,0.15275,0.174083,0.12,0.2605,0.02,0.272667,,1092200,,
5,2,,0.13275,0.154083,0.26,0.1985,0.08,0.174667,,1093100,,
5,5,,0.143917,0.215917,0.113333,0.236833,0.033333,0.256667,,1093100,,
5,2,,0.127083,0.148083,0.317333,0.153333,0.120833,0.133333,,1093100,,
5,2,,0.11625,0.130583,0.305333,0.173333,0.101167,0.173333,,1092400,,
5,5,,0.111417,0.155417,0.153333,0.249833,0.013333,0.316667,,1093200,,
5,2,,0.111083,0.18875,0.221333,0.206667,0.0655,0.206667,,1093600,,
5,5,,0.14875,0.178083,0.04,0.273833,0,0.359333,,1102300,,
5,3,,0.13275,0.192083,0.06,0.311833,0,0.303333,,1099700,,
5,5,,0.127917,0.169917,0.193333,0.214833,0.033333,0.260667,,1149000,,
5,2,,0.170583,0.10925,0.326667,0.1415,0.126667,0.125333,,1100600,,
5,5,,0.15275,0.192083,0.04,0.271833,0,0.343333,,1097000,,
5,2,,0.127417,0.13475,0.242667,0.2185,0.062,0.214667,,1100900,,
5,2,,0.137917,0.141917,0.244,0.168167,0.116,0.192,,1100200,,
5,5,,0.15275,0.154083,0.113333,0.2585,0.013333,0.308,,1097500,,