molecular-splice,LADTree,test,2,NANOSECONDS,PREDICTIONS, Generated by ClassifierExperiments.java on 2022-05-16 13:31:56.    SYSTEMPROPERTIES:{user.name:matth,os.arch:amd64,os.name:Windows 10},ENDSYSTEMPROPERTIES
No parameter info
0.8560250391236307,942951100,928750000,-1,66106368,3,,-1,-1
0,0,,0.493747,0.163522,0.342731,,1619900,,
0,0,,0.505967,0.122704,0.371329,,1494300,,
0,0,,0.5278,0.25102,0.221179,,1485600,,
0,2,,0.329045,0.169189,0.501766,,1486500,,
0,2,,0.307276,0.030622,0.662103,,1472400,,
0,0,,0.58741,0.075233,0.337357,,1671700,,
0,0,,0.385939,0.33798,0.276081,,1497000,,
0,0,,0.493213,0.216789,0.289998,,1528900,,
0,0,,0.537275,0.270517,0.192208,,1492000,,
0,2,,0.286463,0.027931,0.685606,,1473200,,
0,0,,0.547608,0.269248,0.183144,,1474400,,
0,0,,0.451978,0.307365,0.240657,,1485500,,
0,0,,0.548568,0.287757,0.163675,,1525400,,
0,0,,0.612534,0.229993,0.157473,,1472100,,
0,0,,0.593478,0.1568,0.249722,,1479300,,
0,0,,0.442874,0.278776,0.27835,,1476100,,
0,2,,0.434157,0.129113,0.43673,,1439900,,
0,2,,0.445329,0.021586,0.533084,,1462500,,
0,2,,0.478952,0.023523,0.497525,,1396200,,
0,0,,0.477698,0.287198,0.235104,,1413500,,
0,0,,0.621534,0.214932,0.163534,,1401000,,
0,2,,0.325675,0.311831,0.362494,,1435700,,
0,2,,0.379437,0.103661,0.516902,,1423400,,
0,0,,0.547608,0.269248,0.183144,,1398200,,
0,2,,0.295058,0.15139,0.553552,,1404600,,
0,0,,0.428127,0.243722,0.328151,,1406600,,
0,0,,0.582413,0.065548,0.352039,,1486500,,
0,0,,0.541256,0.127188,0.331556,,1390200,,
0,0,,0.622122,0.071899,0.305979,,1403500,,
0,0,,0.400338,0.260965,0.338697,,1393200,,
0,0,,0.437949,0.237988,0.324063,,1396000,,
0,0,,0.597762,0.077058,0.32518,,1460000,,
0,0,,0.472667,0.16345,0.363883,,1399700,,
0,0,,0.48607,0.181538,0.332392,,1404200,,
0,0,,0.466891,0.305976,0.227133,,1412900,,
0,0,,0.441941,0.269548,0.288511,,1410600,,
0,0,,0.705042,0.124583,0.170375,,1463800,,
0,2,,0.341634,0.165724,0.492642,,1390000,,
0,0,,0.497672,0.347668,0.154659,,1408800,,
0,0,,0.432231,0.195921,0.371847,,1413800,,
0,0,,0.573672,0.249227,0.177102,,1403200,,
0,0,,0.4908,0.267659,0.241541,,1444500,,
0,0,,0.4908,0.267659,0.241541,,1416900,,
0,2,,0.327017,0.297373,0.37561,,1403200,,
0,0,,0.421974,0.179183,0.398843,,1385900,,
0,0,,0.562425,0.199704,0.237871,,1415000,,
0,2,,0.363058,0.237816,0.399126,,1450200,,
0,0,,0.465452,0.273387,0.261161,,1403000,,
0,0,,0.74201,0.102276,0.155714,,1414800,,
0,0,,0.480095,0.19633,0.323575,,1430000,,
0,0,,0.422797,0.340716,0.236487,,1413300,,
0,0,,0.523349,0.16619,0.310461,,1441800,,
0,0,,0.387223,0.341494,0.271282,,1408200,,
0,0,,0.66476,0.163599,0.171641,,1420600,,
0,0,,0.477872,0.191358,0.33077,,1394900,,
0,0,,0.627171,0.150853,0.221976,,1390400,,
0,0,,0.442066,0.233378,0.324555,,1475200,,
0,1,,0.362592,0.442942,0.194466,,1414300,,
0,2,,0.271893,0.261047,0.46706,,1397100,,
0,2,,0.343133,0.03034,0.626527,,1410100,,
0,0,,0.499803,0.219927,0.28027,,1402300,,
0,0,,0.599901,0.09309,0.307009,,1448300,,
0,0,,0.541476,0.133286,0.325238,,1421500,,
0,0,,0.488888,0.363337,0.147775,,1411100,,
0,0,,0.64385,0.128876,0.227274,,1404700,,
0,0,,0.441522,0.361407,0.197071,,1418100,,
0,2,,0.387491,0.209474,0.403036,,1450400,,
0,0,,0.431441,0.170225,0.398334,,1415800,,
0,0,,0.688838,0.125548,0.185614,,1413500,,
0,2,,0.295179,0.154399,0.550422,,1404400,,
0,2,,0.275168,0.306158,0.418674,,1466900,,
0,2,,0.400328,0.171759,0.427913,,1410600,,
0,0,,0.47287,0.33381,0.19332,,1424800,,
0,0,,0.572098,0.207698,0.220204,,1410700,,
0,0,,0.74201,0.102276,0.155714,,1402200,,
0,0,,0.464499,0.278155,0.257346,,1442800,,
0,0,,0.481226,0.245556,0.273219,,1436100,,
0,0,,0.5278,0.25102,0.221179,,1409700,,
0,0,,0.46583,0.155089,0.379081,,1406900,,
0,1,,0.226376,0.454774,0.31885,,1501500,,
0,0,,0.486811,0.143906,0.369283,,1475900,,
0,0,,0.589574,0.126762,0.283665,,1496700,,
0,0,,0.485471,0.302647,0.211883,,1430500,,
0,0,,0.413926,0.337016,0.249058,,1427500,,
0,2,,0.295682,0.131214,0.573104,,1435300,,
0,0,,0.452402,0.168539,0.379059,,1471900,,
0,0,,0.464499,0.278155,0.257346,,1419100,,
0,2,,0.370402,0.219044,0.410554,,1436900,,
0,0,,0.448878,0.110669,0.440453,,1443100,,
0,0,,0.608982,0.08909,0.301929,,1418500,,
0,2,,0.29781,0.017406,0.684784,,1471700,,
0,2,,0.379011,0.069831,0.551158,,1418100,,
0,2,,0.319482,0.213757,0.466761,,1405100,,
0,0,,0.465228,0.15456,0.380211,,1403600,,
0,0,,0.677529,0.149071,0.1734,,1408500,,
0,0,,0.633537,0.19372,0.172743,,1465200,,
0,2,,0.292504,0.163964,0.543532,,1417000,,
0,0,,0.363463,0.280138,0.3564,,1407500,,
0,0,,0.489286,0.248264,0.26245,,1423700,,
0,0,,0.507333,0.096072,0.396595,,1404700,,
0,0,,0.494202,0.186795,0.319003,,1454500,,
0,0,,0.537275,0.270517,0.192208,,1424700,,
0,2,,0.36537,0.039147,0.595482,,1397800,,
0,0,,0.629974,0.2009,0.169125,,1401700,,
0,0,,0.485839,0.264834,0.249327,,1464900,,
0,0,,0.548295,0.152898,0.298807,,1414500,,
0,0,,0.44525,0.183783,0.370967,,1395800,,
0,0,,0.465157,0.183912,0.350931,,1415300,,
0,0,,0.446544,0.145736,0.40772,,1400400,,
0,0,,0.458543,0.189582,0.351876,,1452200,,
0,0,,0.563923,0.126401,0.309676,,1420200,,
0,0,,0.677074,0.16659,0.156337,,1402400,,
0,0,,0.559654,0.097703,0.342643,,1416000,,
0,0,,0.548568,0.287757,0.163675,,1413000,,
0,0,,0.608982,0.08909,0.301929,,1457100,,
0,2,,0.326038,0.060558,0.613404,,1418400,,
0,0,,0.677529,0.149071,0.1734,,1405400,,
0,0,,0.491762,0.09848,0.409758,,1401200,,
0,0,,0.4908,0.267659,0.241541,,1416200,,
0,1,,0.361265,0.445244,0.193492,,1450700,,
0,0,,0.539387,0.21525,0.245363,,1409300,,
0,0,,0.588798,0.276201,0.135001,,1418900,,
0,0,,0.598812,0.227471,0.173717,,1417600,,
0,2,,0.405466,0.161139,0.433395,,1402700,,
0,0,,0.570085,0.216968,0.212947,,1454300,,
0,0,,0.549204,0.144731,0.306064,,1394700,,
0,2,,0.208461,0.202783,0.588756,,1416800,,
0,0,,0.466779,0.206781,0.32644,,1408700,,
0,0,,0.611923,0.110104,0.277974,,1414600,,
0,0,,0.502284,0.102983,0.394732,,1473200,,
0,2,,0.336777,0.16455,0.498673,,1406000,,
0,0,,0.479001,0.197362,0.323637,,1434400,,
0,0,,0.381191,0.27636,0.342449,,1409700,,
0,0,,0.496982,0.116551,0.386467,,1409300,,
0,2,,0.429471,0.099454,0.471074,,1450600,,
0,0,,0.39833,0.246805,0.354865,,1411200,,
0,2,,0.364776,0.199004,0.436219,,1417800,,
0,0,,0.547352,0.127823,0.324826,,1400700,,
0,0,,0.514571,0.080173,0.405256,,1428300,,
0,0,,0.342811,0.323841,0.333348,,1474100,,
0,0,,0.407906,0.239969,0.352125,,1430800,,
0,0,,0.500664,0.141228,0.358108,,2815800,,
0,2,,0.306627,0.028926,0.664447,,1434100,,
0,2,,0.242671,0.191028,0.566301,,1424000,,
0,0,,0.431107,0.348767,0.220126,,1414400,,
0,0,,0.414283,0.173446,0.412271,,1412400,,
0,0,,0.491198,0.206433,0.302369,,1408500,,
0,0,,0.5028,0.27852,0.218679,,1451000,,
0,0,,0.522969,0.075469,0.401561,,1410700,,
0,2,,0.266438,0.214594,0.518968,,1432900,,
0,0,,0.586083,0.179665,0.234252,,1404100,,
0,0,,0.439599,0.282414,0.277987,,1434400,,
0,2,,0.429523,0.065676,0.504801,,1464700,,
0,1,,0.342446,0.362681,0.294873,,1428900,,
1,1,,0.309451,0.48346,0.207089,,1409900,,
1,1,,0.187065,0.489039,0.323896,,1407900,,
1,1,,0.15057,0.52058,0.32885,,1412800,,
1,1,,0.117703,0.606348,0.275949,,1452400,,
1,2,,0.261715,0.3684,0.369886,,1404700,,
1,1,,0.147463,0.619351,0.233186,,1408500,,
1,1,,0.125454,0.492896,0.38165,,1415100,,
1,1,,0.171038,0.551942,0.27702,,1423300,,
1,1,,0.093696,0.493708,0.412596,,1479000,,
1,1,,0.164684,0.578724,0.256593,,1415600,,
1,1,,0.136511,0.554619,0.30887,,1404700,,
1,1,,0.295911,0.399759,0.304329,,1421900,,
1,1,,0.231249,0.424797,0.343953,,1409400,,
1,1,,0.206846,0.495513,0.297641,,1459000,,
1,2,,0.0973,0.373332,0.529368,,1412200,,
1,0,,0.385438,0.299651,0.314911,,1406500,,
1,2,,0.258203,0.32619,0.415607,,1421300,,
1,1,,0.184206,0.532494,0.2833,,1423200,,
1,1,,0.097798,0.538026,0.364176,,1495900,,
1,1,,0.116739,0.518915,0.364346,,1426600,,
1,1,,0.133685,0.676891,0.189424,,1417600,,
1,1,,0.199089,0.456286,0.344625,,1407000,,
1,1,,0.117972,0.653226,0.228802,,1414600,,
1,1,,0.184873,0.503297,0.311831,,1492000,,
1,2,,0.299844,0.267637,0.432519,,1409400,,
1,2,,0.140747,0.402753,0.4565,,2024200,,
1,1,,0.226199,0.526659,0.247142,,2889100,,
1,1,,0.153993,0.617593,0.228414,,2367700,,
1,1,,0.12414,0.457501,0.418359,,1432500,,
1,1,,0.190757,0.488659,0.320584,,1442700,,
1,1,,0.262217,0.428025,0.309757,,1445100,,
1,1,,0.262333,0.444866,0.292801,,1440700,,
1,1,,0.124191,0.612091,0.263718,,1447800,,
1,1,,0.161537,0.439447,0.399017,,1435700,,
1,1,,0.279032,0.404419,0.316549,,1431400,,
1,1,,0.128016,0.650546,0.221439,,1431500,,
1,1,,0.108781,0.526394,0.364826,,1436000,,
1,1,,0.099607,0.558113,0.342281,,1471800,,
1,1,,0.194727,0.502818,0.302456,,1425200,,
1,1,,0.315625,0.352422,0.331953,,1432400,,
1,1,,0.206148,0.644517,0.149335,,1424800,,
1,1,,0.133878,0.50668,0.359442,,1429900,,
1,1,,0.234384,0.438498,0.327118,,1421800,,
1,1,,0.113271,0.623825,0.262904,,1424500,,
1,1,,0.173994,0.576264,0.249742,,1431600,,
1,0,,0.401269,0.358071,0.24066,,1429900,,
1,0,,0.40079,0.341777,0.257433,,1434600,,
1,1,,0.320156,0.540833,0.139011,,1473600,,
1,2,,0.311619,0.232261,0.45612,,1438400,,
1,1,,0.120426,0.636623,0.242951,,1431300,,
1,1,,0.189236,0.478872,0.331892,,1439100,,
1,0,,0.432372,0.237548,0.330079,,1439000,,
1,1,,0.318483,0.394823,0.286694,,1432700,,
1,1,,0.103309,0.570122,0.326569,,1432400,,
1,1,,0.189153,0.631559,0.179288,,1433100,,
1,1,,0.235515,0.459477,0.305007,,1434700,,
1,1,,0.094958,0.6827,0.222342,,1426000,,
1,0,,0.430297,0.307651,0.262052,,1453600,,
1,1,,0.133477,0.553194,0.31333,,1435500,,
1,1,,0.160094,0.570297,0.269609,,1428200,,
1,1,,0.244833,0.484312,0.270855,,1433500,,
1,1,,0.189116,0.579525,0.231359,,1434100,,
1,1,,0.089824,0.64138,0.268796,,1426700,,
1,1,,0.099607,0.558113,0.342281,,1428400,,
1,1,,0.103747,0.659161,0.237091,,1427700,,
1,1,,0.168386,0.600905,0.230709,,1429900,,
1,1,,0.082695,0.651963,0.265342,,1422400,,
1,1,,0.11906,0.54355,0.33739,,1427000,,
1,2,,0.34136,0.292592,0.366048,,1447800,,
1,1,,0.116723,0.666823,0.216454,,2017600,,
1,1,,0.161237,0.607776,0.230987,,1811100,,
1,1,,0.146094,0.677256,0.17665,,1805700,,
1,1,,0.200297,0.494427,0.305276,,1809300,,
1,1,,0.138423,0.607615,0.253962,,1801700,,
1,0,,0.414643,0.303286,0.282071,,1803000,,
1,2,,0.209993,0.369145,0.420862,,1799000,,
1,1,,0.183983,0.412441,0.403576,,1820500,,
1,2,,0.101422,0.327921,0.570657,,1622600,,
1,0,,0.376273,0.283555,0.340172,,1408400,,
1,1,,0.167577,0.605115,0.227308,,1416400,,
1,1,,0.140232,0.582211,0.277557,,1416700,,
1,1,,0.179826,0.480085,0.340089,,1419300,,
1,1,,0.113478,0.453956,0.432565,,1428700,,
1,1,,0.189116,0.579525,0.231359,,1422700,,
1,0,,0.354581,0.314589,0.330831,,1419400,,
1,1,,0.270201,0.391133,0.338667,,1418900,,
1,1,,0.180433,0.520272,0.299296,,1427600,,
1,1,,0.276519,0.388519,0.334962,,1412400,,
1,1,,0.133477,0.553194,0.31333,,1407600,,
1,1,,0.089824,0.64138,0.268796,,1411200,,
1,1,,0.277623,0.520702,0.201675,,1410700,,
1,1,,0.111979,0.489264,0.398758,,1407800,,
1,1,,0.22461,0.485077,0.290313,,1409300,,
1,1,,0.175145,0.477372,0.347483,,1411400,,
1,1,,0.20599,0.461594,0.332416,,1413000,,
1,1,,0.098725,0.60365,0.297625,,1406500,,
1,2,,0.301491,0.333205,0.365304,,1422300,,
1,2,,0.322044,0.321888,0.356068,,1419000,,
1,1,,0.26797,0.496982,0.235047,,1419600,,
1,1,,0.175145,0.477372,0.347483,,1410900,,
1,1,,0.106074,0.581364,0.312562,,1415800,,
1,1,,0.111568,0.61543,0.273003,,1417500,,
1,1,,0.227255,0.445957,0.326789,,1414700,,
1,1,,0.189155,0.518323,0.292522,,1407100,,
1,1,,0.191941,0.601342,0.206717,,1414600,,
1,1,,0.079244,0.688046,0.23271,,1409900,,
1,1,,0.38701,0.410624,0.202366,,1434800,,
1,0,,0.477936,0.337704,0.18436,,1433700,,
1,1,,0.107481,0.627234,0.265285,,1442800,,
1,1,,0.093939,0.605236,0.300825,,1407400,,
1,2,,0.186518,0.260849,0.552633,,1412800,,
1,1,,0.123963,0.610434,0.265602,,1482300,,
1,1,,0.22929,0.420165,0.350545,,1422800,,
1,1,,0.221753,0.493468,0.284779,,1420600,,
1,1,,0.240054,0.477869,0.282077,,1421700,,
1,0,,0.452841,0.26122,0.285938,,1420600,,
1,1,,0.114043,0.569669,0.316288,,1432400,,
1,2,,0.185042,0.402964,0.411994,,1421600,,
1,1,,0.222606,0.638252,0.139142,,1437200,,
1,1,,0.123143,0.635779,0.241078,,1405300,,
1,1,,0.192104,0.493314,0.314582,,1422000,,
1,1,,0.128024,0.59005,0.281927,,1426500,,
1,1,,0.326727,0.451489,0.221784,,1425200,,
1,1,,0.083757,0.652843,0.2634,,1410000,,
1,1,,0.11906,0.54355,0.33739,,1414700,,
1,0,,0.401051,0.375896,0.223053,,1421100,,
1,1,,0.085724,0.644449,0.269827,,1426500,,
1,2,,0.322375,0.265344,0.412281,,1432900,,
1,1,,0.201867,0.550867,0.247266,,1424300,,
1,1,,0.138211,0.617542,0.244247,,3429400,,
1,1,,0.09282,0.638113,0.269067,,1404900,,
1,1,,0.117991,0.474769,0.40724,,1407700,,
1,1,,0.172348,0.618628,0.209025,,1407200,,
1,1,,0.317303,0.343801,0.338896,,1414200,,
1,1,,0.101182,0.569294,0.329524,,1420700,,
1,1,,0.180397,0.502536,0.317067,,1408900,,
1,1,,0.147285,0.643949,0.208766,,1405600,,
1,1,,0.139086,0.491971,0.368943,,1414800,,
1,1,,0.239064,0.456447,0.304488,,1430000,,
1,1,,0.22389,0.496161,0.279949,,1420900,,
1,1,,0.171038,0.551942,0.27702,,1423200,,
1,2,,0.393207,0.200693,0.4061,,1429300,,
1,1,,0.234487,0.453089,0.312424,,1420100,,
1,1,,0.192414,0.525187,0.282399,,1413600,,
1,1,,0.24054,0.415581,0.343879,,1419300,,
1,0,,0.429576,0.343112,0.227312,,1417300,,
1,0,,0.560704,0.16832,0.270977,,1421200,,
1,1,,0.10592,0.627762,0.266319,,1416000,,
1,1,,0.146874,0.558982,0.294144,,1423100,,
1,2,,0.293178,0.335329,0.371493,,1421900,,
1,1,,0.096068,0.569977,0.333955,,1412300,,
1,1,,0.143312,0.565329,0.291359,,1416100,,
1,1,,0.10805,0.580924,0.311027,,1419100,,
1,2,,0.269328,0.21868,0.511992,,1414000,,
2,2,,0.104333,0.051119,0.844548,,1427700,,
2,2,,0.108596,0.283453,0.607951,,1419200,,
2,2,,0.072576,0.136498,0.790926,,1416100,,
2,1,,0.2262,0.431425,0.342375,,1415300,,
2,2,,0.130489,0.053506,0.816005,,1424300,,
2,2,,0.197793,0.255026,0.547181,,1437900,,
2,2,,0.251651,0.228887,0.519462,,1422800,,
2,2,,0.081585,0.063282,0.855133,,1421600,,
2,2,,0.105574,0.07354,0.820886,,1434200,,
2,2,,0.232058,0.073251,0.694691,,1418500,,
2,2,,0.14125,0.232276,0.626474,,1413400,,
2,2,,0.100885,0.059255,0.83986,,1433700,,
2,2,,0.151029,0.095663,0.753308,,1419600,,
2,2,,0.249044,0.081194,0.669762,,1410000,,
2,2,,0.110637,0.09424,0.795123,,1425100,,
2,2,,0.122487,0.066399,0.811114,,1420900,,
2,2,,0.109676,0.073979,0.816345,,1436000,,
2,2,,0.153691,0.158247,0.688061,,1413800,,
2,2,,0.333503,0.0453,0.621197,,1415100,,
2,2,,0.206497,0.367049,0.426454,,1429600,,
2,2,,0.253727,0.211003,0.53527,,1417300,,
2,2,,0.159063,0.060191,0.780745,,1418300,,
2,2,,0.252471,0.04966,0.697869,,1422900,,
2,2,,0.096154,0.057759,0.846087,,1424700,,
2,2,,0.23615,0.301247,0.462602,,1427900,,
2,2,,0.147803,0.38902,0.463177,,1416900,,
2,2,,0.189631,0.179035,0.631334,,1434300,,
2,2,,0.117463,0.333672,0.548865,,1411800,,
2,2,,0.092947,0.144884,0.76217,,1416400,,
2,2,,0.242821,0.060771,0.696408,,1420600,,
2,2,,0.163364,0.210439,0.626197,,1414500,,
2,2,,0.114358,0.134909,0.750734,,1427500,,
2,2,,0.286128,0.156676,0.557196,,1418000,,
2,2,,0.081909,0.06229,0.855801,,1408000,,
2,2,,0.179731,0.03234,0.787929,,1412300,,
2,2,,0.110075,0.249478,0.640447,,1407800,,
2,2,,0.089155,0.031788,0.879057,,1412900,,
2,2,,0.185236,0.116571,0.698193,,1452900,,
2,2,,0.225617,0.252636,0.521747,,1427000,,
2,2,,0.120213,0.051967,0.82782,,1431600,,
2,2,,0.183082,0.193313,0.623605,,1422800,,
2,2,,0.15645,0.377908,0.465643,,1419800,,
2,2,,0.166938,0.135895,0.697166,,1431200,,
2,2,,0.10548,0.035736,0.858784,,1424700,,
2,0,,0.446877,0.165088,0.388035,,1424200,,
2,2,,0.09254,0.133923,0.773537,,1443300,,
2,2,,0.244835,0.045162,0.710003,,1419100,,
2,2,,0.140822,0.375269,0.483909,,1435200,,
2,2,,0.14463,0.185725,0.669645,,1427500,,
2,2,,0.290114,0.117837,0.592048,,1422600,,
2,1,,0.273604,0.489215,0.237181,,1423900,,
2,2,,0.095529,0.104829,0.799641,,1415700,,
2,2,,0.151685,0.043864,0.804451,,1413000,,
2,2,,0.149855,0.205969,0.644176,,1423000,,
2,2,,0.097525,0.096892,0.805584,,1414000,,
2,2,,0.13164,0.045735,0.822626,,1408800,,
2,2,,0.056321,0.080536,0.863143,,1423400,,
2,2,,0.125888,0.038448,0.835665,,1428300,,
2,2,,0.156554,0.322877,0.520569,,1445100,,
2,2,,0.159546,0.059539,0.780915,,1420200,,
2,2,,0.197163,0.089232,0.713605,,1410000,,
2,2,,0.278429,0.241874,0.479697,,1418000,,
2,2,,0.085667,0.035736,0.878598,,1411700,,
2,2,,0.165193,0.208528,0.62628,,1421700,,
2,2,,0.172985,0.071125,0.75589,,1417700,,
2,2,,0.157451,0.110826,0.731722,,1416200,,
2,1,,0.135322,0.593241,0.271437,,1418200,,
2,2,,0.112772,0.234203,0.653025,,1418800,,
2,2,,0.128662,0.050109,0.821228,,1424100,,
2,0,,0.37151,0.284395,0.344094,,1419900,,
2,0,,0.436992,0.186956,0.376052,,1423100,,
2,2,,0.299002,0.188858,0.51214,,1422700,,
2,2,,0.267927,0.259695,0.472378,,1414800,,
2,2,,0.214306,0.037652,0.748042,,1423400,,
2,2,,0.119421,0.141695,0.738884,,1412100,,
2,2,,0.094516,0.135407,0.770078,,1416600,,
2,2,,0.086974,0.057089,0.855937,,1409600,,
2,2,,0.292568,0.11014,0.597292,,1416700,,
2,2,,0.16604,0.092969,0.740991,,1423800,,
2,2,,0.078184,0.116632,0.805184,,1412900,,
2,2,,0.144258,0.060863,0.794878,,1417400,,
2,2,,0.15128,0.026616,0.822104,,1417500,,
2,2,,0.101981,0.096139,0.801879,,1414900,,
2,2,,0.140405,0.046015,0.81358,,1431500,,
2,2,,0.324483,0.051299,0.624217,,1423300,,
2,2,,0.085755,0.121358,0.792887,,1417900,,
2,2,,0.07154,0.038793,0.889667,,1411200,,
2,2,,0.169104,0.110153,0.720742,,1425300,,
2,2,,0.084815,0.052831,0.862354,,1414600,,
2,2,,0.102656,0.158317,0.739027,,1415400,,
2,2,,0.106861,0.03305,0.860088,,1431000,,
2,2,,0.123153,0.206815,0.670031,,1414100,,
2,2,,0.138874,0.116742,0.744384,,1437800,,
2,2,,0.235641,0.291009,0.47335,,1426700,,
2,2,,0.324357,0.037906,0.637737,,1421000,,
2,2,,0.148834,0.180841,0.670325,,1419300,,
2,2,,0.05091,0.126212,0.822878,,1417200,,
2,2,,0.168551,0.224803,0.606646,,1423000,,
2,2,,0.1725,0.270665,0.556835,,1425600,,
2,2,,0.227485,0.253398,0.519117,,1429000,,
2,2,,0.144035,0.097045,0.75892,,1416600,,
2,2,,0.118091,0.212769,0.66914,,1421300,,
2,2,,0.087633,0.10631,0.806057,,1424900,,
2,2,,0.108981,0.094964,0.796055,,1417200,,
2,2,,0.104632,0.302451,0.592917,,1425500,,
2,1,,0.321036,0.344484,0.33448,,1421900,,
2,2,,0.080191,0.139307,0.780502,,1429600,,
2,2,,0.156122,0.094268,0.74961,,1417200,,
2,2,,0.126122,0.080723,0.793155,,1420000,,
2,2,,0.139213,0.049578,0.811209,,1418700,,
2,2,,0.186736,0.192107,0.621156,,1413900,,
2,2,,0.130748,0.100476,0.768776,,1431100,,
2,1,,0.094147,0.519803,0.38605,,1423600,,
2,2,,0.07049,0.051622,0.877888,,1421000,,
2,2,,0.105482,0.048783,0.845736,,1415400,,
2,2,,0.117104,0.068206,0.81469,,1432500,,
2,2,,0.174041,0.053178,0.772781,,1421400,,
2,2,,0.104364,0.057321,0.838315,,1427000,,
2,2,,0.239015,0.036382,0.724604,,2595000,,
2,2,,0.180117,0.190837,0.629046,,2631300,,
2,2,,0.151346,0.268721,0.579933,,1950400,,
2,2,,0.070661,0.119652,0.809687,,1443000,,
2,0,,0.447384,0.13617,0.416447,,1433000,,
2,2,,0.089804,0.030159,0.880036,,1426800,,
2,2,,0.038637,0.326733,0.634629,,1431900,,
2,2,,0.111983,0.430811,0.457207,,1437900,,
2,2,,0.18499,0.203389,0.611621,,1424300,,
2,2,,0.23553,0.21494,0.549531,,1435200,,
2,2,,0.08126,0.096603,0.822137,,1431700,,
2,1,,0.168957,0.460805,0.370238,,1425500,,
2,2,,0.353921,0.222361,0.423718,,1465500,,
2,2,,0.126334,0.349172,0.524494,,1423200,,
2,2,,0.09743,0.434233,0.468337,,1444700,,
2,2,,0.180152,0.397615,0.422233,,1429600,,
2,2,,0.180832,0.100855,0.718314,,1441100,,
2,2,,0.131434,0.311153,0.557414,,1430300,,
2,2,,0.142154,0.186986,0.670859,,1428600,,
2,2,,0.072409,0.093591,0.834,,1431000,,
2,1,,0.124483,0.51984,0.355677,,1435000,,
2,1,,0.144249,0.5353,0.320451,,1438400,,
2,2,,0.175978,0.096627,0.727395,,1442100,,
2,2,,0.153683,0.13734,0.708978,,1429000,,
2,2,,0.116888,0.062126,0.820986,,1427700,,
2,0,,0.443606,0.141905,0.41449,,1430000,,
2,2,,0.142226,0.356557,0.501217,,1449300,,
2,2,,0.084816,0.144496,0.770689,,1433100,,
2,2,,0.286774,0.152655,0.56057,,1441900,,
2,0,,0.483397,0.206406,0.310197,,1445300,,
2,2,,0.204704,0.074706,0.72059,,1435700,,
2,2,,0.147583,0.134702,0.717714,,1430800,,
2,2,,0.199679,0.356176,0.444145,,1435500,,
2,2,,0.123416,0.088616,0.787968,,1450800,,
2,1,,0.104885,0.5947,0.300415,,1424300,,
2,2,,0.104936,0.178275,0.716789,,1433500,,
2,2,,0.288541,0.178608,0.532851,,1433900,,
2,2,,0.1159,0.060366,0.823734,,1471700,,
2,2,,0.083086,0.152088,0.764826,,1439000,,
2,2,,0.242002,0.17686,0.581137,,1435200,,
2,2,,0.161343,0.355062,0.483596,,1436700,,
2,2,,0.169571,0.063904,0.766525,,1431500,,
2,2,,0.101859,0.106394,0.791747,,1431700,,
2,2,,0.075051,0.131809,0.79314,,1460100,,
2,2,,0.098017,0.097914,0.80407,,1428500,,
2,2,,0.318044,0.195559,0.486398,,1439300,,
2,1,,0.11927,0.494974,0.385756,,1434200,,
2,2,,0.177996,0.257985,0.564019,,1425800,,
2,2,,0.140486,0.123257,0.736257,,1437300,,
2,2,,0.196505,0.177017,0.626478,,1435400,,
2,2,,0.140276,0.387697,0.472027,,1429000,,
2,2,,0.126877,0.157239,0.715884,,1428300,,
2,2,,0.213793,0.027437,0.75877,,1437500,,
2,2,,0.263855,0.068244,0.667901,,1466100,,
2,2,,0.087617,0.078152,0.834231,,1424600,,
2,2,,0.097577,0.098941,0.803482,,1433300,,
2,2,,0.130413,0.068766,0.800821,,1427200,,
2,2,,0.058774,0.215208,0.726018,,1426700,,
2,2,,0.1819,0.057765,0.760335,,1428000,,
2,2,,0.207545,0.272929,0.519526,,1454300,,
2,2,,0.166623,0.408559,0.424819,,1430800,,
2,2,,0.084755,0.093209,0.822036,,1426300,,
2,2,,0.193447,0.263088,0.543465,,1441700,,
2,2,,0.20574,0.171757,0.622503,,1436200,,
2,2,,0.052068,0.118371,0.82956,,1458100,,
2,2,,0.077189,0.079833,0.842977,,1436600,,
2,2,,0.145358,0.224043,0.630599,,1432900,,
2,2,,0.086979,0.034373,0.878648,,1427300,,
2,2,,0.132259,0.043714,0.824027,,1429900,,
2,2,,0.050086,0.103823,0.846091,,1438900,,
2,2,,0.191031,0.077713,0.731256,,1460300,,
2,2,,0.175457,0.255715,0.568828,,1428200,,
2,2,,0.116241,0.129238,0.754521,,1428000,,
2,2,,0.155438,0.137509,0.707053,,1428000,,
2,2,,0.073176,0.074703,0.852121,,1453200,,
2,2,,0.124465,0.135022,0.740514,,1434800,,
2,2,,0.148642,0.022386,0.828971,,1430300,,
2,2,,0.242392,0.051595,0.706013,,1427100,,
2,2,,0.058348,0.074999,0.866653,,1424200,,
2,2,,0.122924,0.028766,0.848309,,1425600,,
2,2,,0.185047,0.083409,0.731544,,1423800,,
2,2,,0.161652,0.356042,0.482306,,1460500,,
2,2,,0.341605,0.268227,0.390168,,1435100,,
2,2,,0.233775,0.170384,0.595841,,1431900,,
2,2,,0.123109,0.116081,0.76081,,1430200,,
2,2,,0.09559,0.053355,0.851055,,1437900,,
2,2,,0.177056,0.321804,0.501141,,1430900,,
2,2,,0.140232,0.361628,0.49814,,1431100,,
2,1,,0.096684,0.608535,0.294781,,1436500,,
2,2,,0.137438,0.107744,0.754818,,1431200,,
2,2,,0.21336,0.033753,0.752887,,1430800,,
2,2,,0.121564,0.044897,0.833539,,1430500,,
2,2,,0.038311,0.072383,0.889306,,1444100,,
2,2,,0.160788,0.195513,0.643699,,1434900,,
2,2,,0.203163,0.359574,0.437263,,1439300,,
2,2,,0.154203,0.104754,0.741042,,1450100,,
2,1,,0.171093,0.434975,0.393932,,1435200,,
2,2,,0.190049,0.018609,0.791342,,1429800,,
2,2,,0.075568,0.082699,0.841734,,1432200,,
2,2,,0.112225,0.155232,0.732543,,1427500,,
2,2,,0.103437,0.136985,0.759577,,1428000,,
2,2,,0.223605,0.219415,0.55698,,1429500,,
2,2,,0.235972,0.253091,0.510937,,1428100,,
2,2,,0.145389,0.176993,0.677618,,1431400,,
2,2,,0.176393,0.048686,0.774921,,1465500,,
2,2,,0.200736,0.093465,0.7058,,1429900,,
2,2,,0.1648,0.137081,0.698119,,1434600,,
2,2,,0.114443,0.123658,0.761899,,1432900,,
2,2,,0.091871,0.313934,0.594194,,1431400,,
2,2,,0.13109,0.161129,0.707782,,1430200,,
2,2,,0.326362,0.110908,0.56273,,1434600,,
2,0,,0.333713,0.332583,0.333705,,1433500,,
2,2,,0.173333,0.1715,0.655166,,1430800,,
2,2,,0.084342,0.140814,0.774843,,1432400,,
2,2,,0.122027,0.289953,0.58802,,1440500,,
2,2,,0.236237,0.330031,0.433732,,1446800,,
2,2,,0.114837,0.092993,0.79217,,1453200,,
2,2,,0.116492,0.099416,0.784092,,1432200,,
2,2,,0.144487,0.062418,0.793095,,1431300,,
2,2,,0.223875,0.328619,0.447507,,1433000,,
2,2,,0.112589,0.051405,0.836006,,1426500,,
2,2,,0.276438,0.238216,0.485345,,1430100,,
2,2,,0.138905,0.140399,0.720697,,1428500,,
2,2,,0.25231,0.269064,0.478626,,1434700,,
2,2,,0.206112,0.122982,0.670905,,1429900,,
2,2,,0.206925,0.025249,0.767826,,1430800,,
2,2,,0.052144,0.087852,0.860004,,1454800,,
2,2,,0.114951,0.063551,0.821497,,1446200,,
2,2,,0.145139,0.285373,0.569488,,1426100,,
2,2,,0.149709,0.367324,0.482967,,1430000,,
2,2,,0.08678,0.079049,0.834171,,1421500,,
2,2,,0.080817,0.105294,0.813888,,1429300,,
2,2,,0.158958,0.219946,0.621096,,1442200,,
2,0,,0.366416,0.344304,0.28928,,1437500,,
2,2,,0.198625,0.291278,0.510098,,1430900,,
2,1,,0.186478,0.490136,0.323386,,1435600,,
2,2,,0.238582,0.18382,0.577599,,1508000,,
2,2,,0.109744,0.119572,0.770684,,1462600,,
2,2,,0.101891,0.048559,0.84955,,1453900,,
2,2,,0.110621,0.066736,0.822643,,1432200,,
2,2,,0.136614,0.036413,0.826973,,1436400,,
2,2,,0.081427,0.107052,0.811521,,1432300,,
2,2,,0.173325,0.081558,0.745117,,1436700,,
2,2,,0.083228,0.053039,0.863733,,1429900,,
2,2,,0.204384,0.126144,0.669472,,3471100,,
2,2,,0.275054,0.160574,0.564372,,2091500,,
2,2,,0.149019,0.14931,0.701671,,1914900,,
2,2,,0.131318,0.193323,0.675359,,1441600,,
2,2,,0.175147,0.027832,0.79702,,1433200,,
2,2,,0.116111,0.204345,0.679544,,1431300,,
2,2,,0.127318,0.098736,0.773946,,1428400,,
2,2,,0.063075,0.114945,0.82198,,1432900,,
2,2,,0.091017,0.085394,0.823588,,1419800,,
2,2,,0.201245,0.210448,0.588307,,1432400,,
2,2,,0.082396,0.039457,0.878147,,1431500,,
2,2,,0.210351,0.052209,0.73744,,1424500,,
2,2,,0.211593,0.220983,0.567424,,1447600,,
2,2,,0.102747,0.124931,0.772323,,1415700,,
2,2,,0.072996,0.273969,0.653036,,1418700,,
2,2,,0.23277,0.063963,0.703267,,1416100,,
2,2,,0.11842,0.026327,0.855253,,1419900,,
2,2,,0.160697,0.17273,0.666573,,1422200,,
2,2,,0.184353,0.252643,0.563004,,1422400,,
2,2,,0.109375,0.061284,0.829341,,1418700,,
2,2,,0.131583,0.141595,0.726822,,1419500,,
2,2,,0.047133,0.122598,0.830269,,1419500,,
2,2,,0.187127,0.252413,0.56046,,1438800,,
2,2,,0.090307,0.056028,0.853665,,1438200,,
2,2,,0.181437,0.131482,0.687081,,1420900,,
2,0,,0.376969,0.270861,0.35217,,1424500,,
2,2,,0.124956,0.066142,0.808901,,1425100,,
2,2,,0.203933,0.170311,0.625757,,1421900,,
2,2,,0.132366,0.050656,0.816979,,1416600,,
2,2,,0.124954,0.108389,0.766657,,1417100,,
2,2,,0.153442,0.073379,0.773179,,1420300,,
2,2,,0.306227,0.148291,0.545482,,1421900,,
2,2,,0.168822,0.075392,0.755786,,1425400,,
2,2,,0.068927,0.065663,0.865409,,1441100,,
2,2,,0.318536,0.129461,0.552003,,1426800,,
2,2,,0.193186,0.038444,0.76837,,1428800,,
2,2,,0.144728,0.067248,0.788024,,1421300,,
2,2,,0.175067,0.10898,0.715953,,1424100,,
2,2,,0.12368,0.356715,0.519605,,1426300,,
2,2,,0.133487,0.188938,0.677575,,1419000,,
2,2,,0.328018,0.215885,0.456097,,1422200,,
2,2,,0.137889,0.056071,0.80604,,1416300,,
2,2,,0.254317,0.294485,0.451198,,1422200,,
2,2,,0.159446,0.089926,0.750628,,1420700,,
2,2,,0.239207,0.07753,0.683264,,1423600,,
2,2,,0.12878,0.049304,0.821916,,1427700,,
2,0,,0.42671,0.174293,0.398998,,1417300,,
2,2,,0.289737,0.21618,0.494083,,1422600,,
2,2,,0.131215,0.054616,0.81417,,1415900,,
2,2,,0.214019,0.069727,0.716254,,1409000,,
2,2,,0.077805,0.114356,0.807838,,1419000,,
2,2,,0.224681,0.052453,0.722866,,1416400,,
2,2,,0.174729,0.28605,0.53922,,1426700,,
2,2,,0.101129,0.095307,0.803564,,1415400,,
2,2,,0.102915,0.050292,0.846793,,1419200,,
2,2,,0.104098,0.048987,0.846915,,1417900,,
2,2,,0.338069,0.091365,0.570566,,1422600,,
2,2,,0.204242,0.203783,0.591975,,1442700,,
2,2,,0.131212,0.173261,0.695527,,1422200,,
2,2,,0.126347,0.134164,0.739489,,1410000,,
2,2,,0.097677,0.074741,0.827582,,1419200,,
2,2,,0.321507,0.044436,0.634057,,1422600,,
2,2,,0.050669,0.036249,0.913082,,1435000,,
2,2,,0.181937,0.114385,0.703679,,1430100,,
2,2,,0.176084,0.151247,0.672669,,1437800,,
2,2,,0.146072,0.061855,0.792073,,1420000,,
2,2,,0.086029,0.117177,0.796794,,1423500,,
2,2,,0.164347,0.10501,0.730643,,1433200,,
2,2,,0.133064,0.160413,0.706523,,1439900,,