wine-quality-white,CWE,test,3,NANOSECONDS,PREDICTIONS, Generated by ClassifierExperiments.java on 2022-05-16 22:48:14.    SYSTEMPROPERTIES:{user.name:matth,os.arch:amd64,os.name:Windows 10},ENDSYSTEMPROPERTIES
No parameter info
0.49133537206931704,515974400,904408100,-1,0,7,,-1,-1
0,3,,0.007537,0.053547,0.377887,0.411692,0.122674,0.026191,0.000472,,1022100,,
0,2,,0.003414,0.057456,0.49756,0.364666,0.063938,0.012799,0.000166,,881100,,
0,2,,0.003414,0.057456,0.49756,0.364666,0.063938,0.012799,0.000166,,871200,,
0,3,,0.002806,0.043954,0.353991,0.419073,0.135665,0.044156,0.000354,,869300,,
1,3,,0.007454,0.09218,0.363592,0.38844,0.104262,0.04326,0.000811,,893000,,
1,2,,0.003643,0.116748,0.442654,0.34978,0.072726,0.014112,0.000336,,1353200,,
1,2,,0.003561,0.096886,0.457226,0.363717,0.066024,0.012364,0.000222,,956500,,
1,2,,0.003925,0.155686,0.382985,0.335695,0.084296,0.037035,0.000378,,875200,,
1,2,,0.004855,0.055401,0.441462,0.3913,0.072754,0.034006,0.000222,,873500,,
1,2,,0.003404,0.054773,0.459378,0.405858,0.064521,0.011901,0.000166,,866700,,
1,2,,0.00328,0.030949,0.441024,0.399119,0.088817,0.036565,0.000246,,869800,,
1,2,,0.003435,0.090258,0.36812,0.360386,0.14783,0.029135,0.000835,,870100,,
1,2,,0.003406,0.098037,0.475787,0.345802,0.064131,0.012615,0.000222,,866400,,
1,3,,0.003026,0.069045,0.388065,0.393566,0.106382,0.039587,0.000329,,866900,,
1,3,,0.003002,0.063623,0.200429,0.413826,0.251401,0.066525,0.001194,,876100,,
1,3,,0.007496,0.121018,0.312362,0.380501,0.145866,0.032016,0.000742,,878200,,
1,2,,0.003818,0.13885,0.390578,0.348926,0.081885,0.035565,0.000378,,871900,,
1,2,,0.004099,0.073841,0.413462,0.410006,0.064453,0.033917,0.000222,,866000,,
1,3,,0.005178,0.028253,0.286096,0.410653,0.20488,0.063442,0.001497,,870100,,
1,2,,0.003409,0.077729,0.455117,0.366819,0.06347,0.033234,0.000222,,866100,,
1,2,,0.003665,0.058698,0.447724,0.333302,0.117456,0.038866,0.00029,,868400,,
1,3,,0.003671,0.077767,0.385338,0.395014,0.098731,0.039092,0.000386,,869900,,
1,2,,0.003754,0.132508,0.417355,0.355899,0.076123,0.014154,0.000207,,919400,,
1,3,,0.005517,0.096193,0.270179,0.389265,0.197828,0.040067,0.000951,,885300,,
1,3,,0.003507,0.052136,0.397603,0.414969,0.089139,0.041869,0.000777,,873400,,
1,3,,0.00433,0.027178,0.371174,0.436351,0.140178,0.020697,0.000092,,870000,,
1,2,,0.003326,0.053774,0.471542,0.388447,0.067913,0.01464,0.000359,,865400,,
1,2,,0.003488,0.05729,0.475461,0.385003,0.065473,0.013063,0.000222,,873700,,
1,2,,0.003707,0.135167,0.387126,0.340733,0.111041,0.021766,0.000461,,866200,,
1,2,,0.004371,0.077808,0.376045,0.339478,0.169022,0.032439,0.000837,,890800,,
1,3,,0.003967,0.108899,0.27118,0.358187,0.200482,0.056529,0.000756,,880000,,
1,2,,0.003178,0.051729,0.372175,0.371506,0.153888,0.046944,0.000579,,875500,,
1,3,,0.002999,0.122486,0.220634,0.357184,0.249159,0.045888,0.00165,,871600,,
1,2,,0.003414,0.057456,0.47756,0.384666,0.063938,0.012799,0.000166,,869100,,
1,2,,0.00394,0.073796,0.443158,0.389959,0.073031,0.015895,0.000222,,882700,,
1,3,,0.004534,0.103861,0.248343,0.409186,0.176736,0.056577,0.000763,,869100,,
1,2,,0.004064,0.061714,0.450866,0.384161,0.081864,0.016994,0.000336,,866700,,
2,3,,0.002998,0.047972,0.39944,0.441245,0.089042,0.018961,0.000341,,869000,,
2,2,,0.003644,0.093656,0.44569,0.371374,0.07202,0.013408,0.000207,,878200,,
2,3,,0.003227,0.073051,0.357533,0.411394,0.113427,0.041041,0.000328,,873200,,
2,2,,0.003094,0.070453,0.437123,0.371242,0.0823,0.035584,0.000204,,947700,,
2,2,,0.004926,0.057532,0.455694,0.38323,0.063805,0.034648,0.000166,,871500,,
2,2,,0.003345,0.092595,0.417101,0.364227,0.086082,0.036303,0.000347,,866800,,
2,2,,0.003079,0.048664,0.426606,0.399673,0.084989,0.036841,0.000148,,866900,,
2,2,,0.003717,0.080157,0.423591,0.385045,0.073555,0.033673,0.000263,,866500,,
2,3,,0.006709,0.087911,0.292644,0.393674,0.167662,0.050596,0.000805,,954600,,
2,3,,0.003024,0.049799,0.391648,0.432649,0.084488,0.03805,0.000341,,1009900,,
2,2,,0.003089,0.029885,0.45338,0.394358,0.083373,0.035767,0.000148,,1011500,,
2,3,,0.008807,0.092425,0.288135,0.385966,0.166691,0.056903,0.001074,,996200,,
2,2,,0.003255,0.053121,0.426067,0.409854,0.070101,0.037106,0.000496,,990500,,
2,3,,0.005073,0.0546,0.358006,0.404334,0.129642,0.047563,0.000783,,989500,,
2,2,,0.003653,0.078365,0.449947,0.36599,0.069246,0.032536,0.000263,,989600,,
2,3,,0.003163,0.049719,0.414615,0.414695,0.101574,0.016031,0.000204,,995200,,
2,2,,0.003354,0.052334,0.433443,0.409057,0.081995,0.019197,0.000621,,1007800,,
2,3,,0.00299,0.047738,0.402033,0.418455,0.090722,0.037858,0.000204,,1007400,,
2,2,,0.003603,0.079048,0.451928,0.366139,0.066897,0.032178,0.000207,,989800,,
2,2,,0.003499,0.051791,0.415241,0.396151,0.090342,0.042142,0.000834,,990600,,
2,3,,0.002604,0.022697,0.32072,0.455671,0.149086,0.048674,0.000548,,1017000,,
2,2,,0.023326,0.094271,0.452607,0.346407,0.070319,0.012849,0.000222,,992400,,
2,2,,0.003549,0.03661,0.480296,0.372283,0.073464,0.033534,0.000263,,1016200,,
2,2,,0.003056,0.050431,0.461971,0.3626,0.084657,0.037081,0.000204,,1011600,,
2,2,,0.003446,0.075764,0.452912,0.328925,0.100227,0.038379,0.000347,,1001700,,
2,3,,0.003613,0.052041,0.279079,0.393913,0.208329,0.061895,0.001131,,990900,,
2,3,,0.002937,0.026718,0.350857,0.438236,0.140952,0.040166,0.000134,,996300,,
2,3,,0.003997,0.024977,0.272189,0.434394,0.204336,0.058991,0.001115,,988700,,
2,3,,0.003024,0.049799,0.391648,0.452649,0.084488,0.01805,0.000341,,990500,,
2,3,,0.003105,0.081524,0.300197,0.466238,0.107963,0.04084,0.000134,,1002700,,
2,3,,0.003515,0.131343,0.317037,0.385915,0.116021,0.045157,0.001013,,1020200,,
2,3,,0.008273,0.032091,0.224791,0.378632,0.266148,0.087809,0.002256,,1007200,,
2,3,,0.003507,0.050399,0.387456,0.423221,0.092088,0.042495,0.000834,,1020900,,
2,2,,0.003477,0.054607,0.437279,0.406195,0.066055,0.032165,0.000222,,991100,,
2,2,,0.003276,0.054476,0.482138,0.371186,0.074892,0.013867,0.000166,,990400,,
2,3,,0.002498,0.024928,0.292731,0.480853,0.147677,0.05084,0.000473,,988500,,
2,3,,0.003204,0.126804,0.333986,0.364187,0.126425,0.044968,0.000427,,1006800,,
2,2,,0.003326,0.054271,0.452607,0.406407,0.070319,0.012849,0.000222,,882000,,
2,2,,0.003832,0.121695,0.396315,0.351835,0.088827,0.037058,0.000437,,866500,,
2,3,,0.004706,0.072434,0.357762,0.394817,0.125492,0.044421,0.000369,,865900,,
2,2,,0.003544,0.115922,0.40889,0.371806,0.083305,0.016197,0.000336,,866300,,
2,2,,0.003404,0.054773,0.499378,0.345858,0.064521,0.031901,0.000166,,862100,,
2,2,,0.003466,0.09718,0.410186,0.364405,0.107063,0.017352,0.000347,,863900,,
2,2,,0.003396,0.054428,0.437017,0.407041,0.065724,0.032173,0.000222,,862900,,
2,2,,0.003354,0.05283,0.434507,0.387017,0.084402,0.037406,0.000484,,865800,,
2,2,,0.003414,0.057456,0.47756,0.364666,0.063938,0.032799,0.000166,,877200,,
2,2,,0.003516,0.055921,0.477322,0.329558,0.095632,0.037704,0.000347,,872300,,
2,3,,0.003068,0.048626,0.404915,0.419839,0.086854,0.036494,0.000204,,865100,,
2,2,,0.003373,0.054329,0.438857,0.39405,0.073205,0.035827,0.000359,,871600,,
2,3,,0.004679,0.084016,0.294168,0.465475,0.129991,0.021538,0.000134,,867800,,
2,2,,0.003396,0.034428,0.497017,0.367041,0.065724,0.032173,0.000222,,868000,,
2,3,,0.003082,0.048341,0.400097,0.419376,0.091119,0.037781,0.000204,,866000,,
2,2,,0.003488,0.05729,0.475461,0.385003,0.065473,0.013063,0.000222,,881400,,
2,2,,0.003132,0.05113,0.444458,0.385007,0.079043,0.036889,0.000341,,873300,,
2,2,,0.00437,0.059421,0.377073,0.375772,0.137697,0.045252,0.000415,,935000,,
2,2,,0.003202,0.031783,0.469933,0.3836,0.076854,0.034423,0.000204,,877600,,
2,3,,0.00682,0.071838,0.385889,0.398168,0.095297,0.041371,0.000618,,875000,,
2,3,,0.023085,0.049722,0.398652,0.410492,0.081574,0.036271,0.000204,,863400,,
2,3,,0.002732,0.023816,0.360893,0.448789,0.123454,0.040224,0.000092,,867800,,
2,3,,0.003247,0.071199,0.368974,0.409368,0.120379,0.025986,0.000847,,868300,,
2,2,,0.003322,0.056068,0.470666,0.331039,0.118125,0.020412,0.000369,,870400,,
2,3,,0.00682,0.071838,0.385889,0.398168,0.095297,0.041371,0.000618,,876000,,
2,2,,0.003173,0.05235,0.450401,0.399883,0.078704,0.015323,0.000166,,876400,,
2,3,,0.004573,0.051168,0.321406,0.438415,0.136691,0.047298,0.000449,,865500,,
2,2,,0.003247,0.053383,0.509725,0.325023,0.074188,0.034212,0.000222,,867000,,
2,3,,0.005954,0.047851,0.331671,0.444177,0.128739,0.041473,0.000134,,866700,,
2,3,,0.003026,0.080513,0.297361,0.443777,0.130583,0.044482,0.000259,,870800,,
2,3,,0.005191,0.066022,0.372989,0.437137,0.081215,0.037242,0.000204,,866200,,
2,2,,0.003533,0.092111,0.422781,0.359531,0.101199,0.020384,0.000461,,877200,,
2,2,,0.003404,0.054773,0.499378,0.345858,0.064521,0.031901,0.000166,,877100,,
2,3,,0.003213,0.108118,0.306362,0.403311,0.132508,0.046044,0.000443,,874700,,
2,3,,0.002811,0.048849,0.345155,0.410851,0.14359,0.048021,0.000724,,871200,,
2,3,,0.00404,0.098516,0.326049,0.364411,0.156037,0.050362,0.000586,,863600,,
2,3,,0.002371,0.018066,0.231984,0.395544,0.253566,0.096225,0.002244,,902800,,
2,2,,0.023226,0.051431,0.433979,0.400948,0.074587,0.015607,0.000222,,870900,,
2,3,,0.004698,0.088149,0.283964,0.406647,0.161557,0.054371,0.000614,,865500,,
2,3,,0.003969,0.115903,0.22543,0.412523,0.184667,0.056752,0.000756,,874700,,
2,2,,0.003336,0.056913,0.481247,0.3244,0.096125,0.037633,0.000347,,879400,,
2,2,,0.003836,0.102121,0.426996,0.363113,0.070714,0.032956,0.000263,,874400,,
2,2,,0.003412,0.056095,0.431909,0.404636,0.068681,0.035046,0.000222,,867900,,
2,3,,0.002639,0.02398,0.2962,0.415121,0.208607,0.052782,0.000672,,868400,,
2,2,,0.003202,0.051783,0.429933,0.4236,0.076854,0.014423,0.000204,,865800,,
2,2,,0.003406,0.078037,0.495787,0.325802,0.064131,0.032615,0.000222,,876200,,
2,2,,0.003232,0.052469,0.433121,0.400682,0.075974,0.034301,0.000222,,868600,,
2,3,,0.002898,0.08882,0.31399,0.394622,0.151359,0.047446,0.000864,,869600,,
2,2,,0.003356,0.108021,0.375196,0.370941,0.102365,0.039809,0.000312,,923400,,
2,2,,0.003334,0.05412,0.457236,0.387264,0.083376,0.014367,0.000303,,870200,,
2,3,,0.003079,0.048664,0.406606,0.419673,0.084989,0.036841,0.000148,,864700,,
2,3,,0.004437,0.026737,0.354396,0.46588,0.127486,0.020931,0.000134,,867300,,
2,2,,0.003024,0.050296,0.412713,0.410609,0.086895,0.036259,0.000204,,863100,,
2,3,,0.004738,0.07381,0.318582,0.406127,0.144315,0.05121,0.001218,,865700,,
2,2,,0.005005,0.058405,0.452737,0.403301,0.066727,0.013605,0.000222,,905500,,
2,3,,0.00328,0.107725,0.310744,0.378063,0.150599,0.048495,0.001093,,876600,,
2,2,,0.003465,0.056558,0.43372,0.407196,0.066468,0.032371,0.000222,,884200,,
2,2,,0.003356,0.055426,0.435256,0.383345,0.086446,0.035823,0.000347,,868500,,
2,2,,0.003406,0.098037,0.495787,0.325802,0.064131,0.012615,0.000222,,870900,,
2,2,,0.003163,0.032482,0.458586,0.391901,0.094138,0.019122,0.000608,,864400,,
2,3,,0.007382,0.087701,0.272773,0.396537,0.180217,0.053696,0.001695,,864800,,
2,2,,0.003311,0.031978,0.442024,0.374755,0.106231,0.04108,0.000621,,863600,,
2,3,,0.006366,0.047458,0.267767,0.44726,0.177376,0.053179,0.000594,,869200,,
2,2,,0.00355,0.077524,0.44883,0.366655,0.070288,0.03289,0.000263,,878600,,
2,3,,0.002206,0.021758,0.246626,0.436106,0.211372,0.080639,0.001293,,873400,,
2,3,,0.003015,0.049565,0.394242,0.429858,0.086169,0.036947,0.000204,,878600,,
2,3,,0.003885,0.094763,0.356542,0.372052,0.12621,0.046276,0.000272,,866600,,
2,2,,0.003407,0.053953,0.451804,0.407601,0.068244,0.014631,0.000359,,864900,,
2,3,,0.003071,0.048318,0.387578,0.440856,0.102859,0.017114,0.000204,,869400,,
2,2,,0.003396,0.054428,0.457017,0.407041,0.065724,0.012173,0.000222,,865900,,
2,3,,0.003422,0.076286,0.346239,0.405124,0.1236,0.044773,0.000557,,867800,,
2,3,,0.003341,0.046492,0.388416,0.392155,0.118143,0.050226,0.001227,,949100,,
2,3,,0.004702,0.068781,0.298596,0.402984,0.168022,0.056033,0.000882,,888400,,
2,3,,0.006579,0.075795,0.390988,0.418914,0.09016,0.017193,0.000371,,873900,,
2,3,,0.002782,0.026292,0.375819,0.43788,0.114261,0.042753,0.000213,,872400,,
2,2,,0.003313,0.072648,0.413383,0.399837,0.076305,0.034292,0.000222,,877800,,
2,2,,0.003398,0.053735,0.460237,0.406124,0.063134,0.013207,0.000166,,871800,,
2,2,,0.003453,0.055853,0.437913,0.409136,0.078454,0.01489,0.000301,,863400,,
2,3,,0.003482,0.076762,0.374235,0.394925,0.108838,0.041259,0.000499,,865400,,
2,3,,0.004265,0.066823,0.252029,0.415466,0.201128,0.059504,0.000786,,872700,,
2,2,,0.003345,0.092595,0.417101,0.364227,0.086082,0.036303,0.000347,,888000,,
2,2,,0.003272,0.052154,0.41318,0.409903,0.081664,0.039205,0.000621,,878200,,
2,2,,0.00342,0.056826,0.450381,0.385387,0.069407,0.034358,0.000222,,876400,,
2,3,,0.002883,0.023826,0.353291,0.448624,0.129013,0.042273,0.000092,,876300,,
2,2,,0.003963,0.051268,0.471121,0.349128,0.087242,0.03713,0.000148,,864400,,
2,3,,0.002729,0.043114,0.250565,0.40632,0.224749,0.070023,0.0025,,864800,,
2,2,,0.003407,0.07445,0.452869,0.365561,0.07065,0.032841,0.000222,,868400,,
2,2,,0.003385,0.089481,0.378294,0.37278,0.110635,0.04443,0.000995,,881700,,
2,2,,0.003771,0.120353,0.39265,0.335279,0.106492,0.040954,0.000501,,888000,,
2,2,,0.003238,0.093795,0.411575,0.341396,0.107801,0.041598,0.000598,,872500,,
2,3,,0.008397,0.050377,0.312355,0.418701,0.172226,0.037139,0.000805,,866500,,
2,2,,0.003406,0.057111,0.435199,0.405849,0.065142,0.033071,0.000222,,867300,,
2,2,,0.003226,0.075736,0.423855,0.35207,0.102822,0.041809,0.000481,,866900,,
2,3,,0.006843,0.040487,0.277532,0.418132,0.197643,0.058312,0.001051,,863700,,
2,2,,0.003477,0.054607,0.437279,0.406195,0.066055,0.032165,0.000222,,867800,,
2,2,,0.003465,0.076558,0.45372,0.387196,0.066468,0.012371,0.000222,,876100,,
2,3,,0.003393,0.109203,0.31356,0.368589,0.1581,0.046586,0.00057,,872700,,
2,2,,0.003631,0.120573,0.365368,0.354272,0.134354,0.021342,0.000461,,889400,,
2,2,,0.003737,0.113977,0.429893,0.370178,0.069215,0.012736,0.000263,,863500,,
2,3,,0.003804,0.110277,0.342247,0.374401,0.141965,0.02664,0.000666,,863000,,
2,2,,0.003407,0.053953,0.431804,0.407601,0.068244,0.034631,0.000359,,865600,,
2,2,,0.003234,0.073087,0.453039,0.381652,0.074302,0.014463,0.000222,,866500,,
2,3,,0.003059,0.04855,0.355669,0.419424,0.131743,0.041421,0.000134,,873900,,
2,2,,0.003414,0.051632,0.409568,0.392456,0.099533,0.042678,0.00072,,882700,,
2,2,,0.003741,0.155877,0.37737,0.348857,0.079187,0.034704,0.000263,,874800,,
2,3,,0.004224,0.068111,0.270333,0.41518,0.187354,0.054234,0.000564,,898700,,
2,3,,0.00494,0.111672,0.258808,0.364907,0.215205,0.043315,0.001152,,865000,,
2,3,,0.002902,0.024037,0.320223,0.465005,0.143531,0.044043,0.000259,,864100,,
2,2,,0.003414,0.057456,0.47756,0.364666,0.063938,0.032799,0.000166,,868700,,
2,2,,0.003962,0.057716,0.453907,0.406294,0.063618,0.014282,0.000222,,864200,,
2,3,,0.004127,0.118009,0.328783,0.382454,0.121042,0.045295,0.00029,,866400,,
2,3,,0.002661,0.024878,0.358444,0.458505,0.113355,0.041987,0.000171,,876400,,
2,2,,0.003346,0.054633,0.486548,0.37182,0.070297,0.013191,0.000166,,873600,,
2,2,,0.003334,0.05412,0.473903,0.367264,0.066709,0.034367,0.000303,,871800,,
2,2,,0.023317,0.05354,0.434136,0.385657,0.069593,0.033537,0.000222,,868400,,
2,2,,0.003077,0.048971,0.450609,0.378656,0.102317,0.016222,0.000148,,865400,,
2,3,,0.003446,0.063307,0.373844,0.402674,0.113695,0.042549,0.000486,,868400,,
2,3,,0.003163,0.049719,0.411281,0.414695,0.084908,0.036031,0.000204,,865400,,
2,2,,0.003614,0.077618,0.400242,0.362191,0.111072,0.04425,0.001013,,869700,,
2,2,,0.003344,0.0573,0.476483,0.364033,0.0852,0.013475,0.000166,,870300,,
2,3,,0.003723,0.071936,0.293111,0.392153,0.177025,0.060307,0.001745,,876200,,
2,2,,0.003338,0.054287,0.464187,0.373003,0.0715,0.033463,0.000222,,870700,,
2,3,,0.007066,0.116146,0.331197,0.396898,0.121929,0.026021,0.000742,,869500,,
2,3,,0.002405,0.040203,0.232297,0.397812,0.230762,0.093763,0.002757,,863400,,
2,3,,0.00478,0.072317,0.317614,0.411664,0.159568,0.033172,0.000885,,904800,,
2,3,,0.003723,0.072752,0.377145,0.404521,0.097576,0.043408,0.000875,,868300,,
2,3,,0.00297,0.070941,0.361489,0.388386,0.130896,0.044853,0.000466,,869700,,
2,2,,0.003557,0.051931,0.428071,0.390189,0.084566,0.040852,0.000834,,869400,,
2,2,,0.003406,0.058037,0.475787,0.385802,0.064131,0.012615,0.000222,,876800,,
2,3,,0.00666,0.076369,0.324834,0.387819,0.151575,0.051879,0.000863,,869400,,
2,2,,0.003734,0.054004,0.437807,0.395174,0.074905,0.034153,0.000222,,864900,,
2,2,,0.003516,0.096847,0.417911,0.349512,0.094621,0.037247,0.000347,,866200,,
2,3,,0.003244,0.051188,0.372415,0.421514,0.108796,0.042423,0.00042,,869800,,
2,3,,0.003218,0.07031,0.307053,0.392539,0.172144,0.053973,0.000763,,868500,,
2,2,,0.00356,0.05748,0.473877,0.368776,0.080901,0.015063,0.000343,,867200,,
2,2,,0.003462,0.058851,0.469217,0.364566,0.069931,0.033695,0.000278,,902000,,
2,2,,0.003737,0.100643,0.469893,0.323512,0.069215,0.032736,0.000263,,874100,,
2,3,,0.003395,0.068519,0.360953,0.377816,0.154382,0.033671,0.001264,,867600,,
2,3,,0.003018,0.049257,0.413571,0.430875,0.085508,0.017566,0.000204,,862400,,
2,2,,0.003482,0.058356,0.456548,0.403181,0.065012,0.013199,0.000222,,866100,,
2,2,,0.003326,0.053774,0.451542,0.408447,0.067913,0.01464,0.000359,,864800,,
2,2,,0.003553,0.073623,0.440345,0.374085,0.071967,0.036149,0.00028,,910300,,
2,2,,0.023822,0.060074,0.416343,0.387747,0.077196,0.034554,0.000263,,870100,,
2,2,,0.003406,0.078037,0.475787,0.365802,0.064131,0.012615,0.000222,,875100,,
2,3,,0.003077,0.048971,0.407276,0.438656,0.08565,0.016222,0.000148,,869300,,
2,2,,0.004055,0.058155,0.451868,0.386162,0.063729,0.035808,0.000222,,864200,,
2,3,,0.00293,0.048317,0.285415,0.38162,0.235507,0.045995,0.000216,,868500,,
2,3,,0.00626,0.026885,0.287482,0.423127,0.19488,0.059835,0.001531,,865400,,
2,2,,0.003409,0.097729,0.475117,0.346819,0.06347,0.013234,0.000222,,865100,,
2,2,,0.003892,0.057559,0.469497,0.36566,0.068213,0.034957,0.000222,,871100,,
2,2,,0.004996,0.057673,0.434265,0.38255,0.086,0.034293,0.000222,,882000,,
2,3,,0.006746,0.055472,0.321103,0.365051,0.193433,0.056965,0.00123,,884300,,
2,2,,0.003445,0.057774,0.468385,0.384999,0.070409,0.014655,0.000334,,869200,,
2,3,,0.003236,0.075732,0.381766,0.392763,0.10585,0.040243,0.000409,,865100,,
2,3,,0.005255,0.049599,0.262753,0.475043,0.171748,0.034798,0.000805,,864800,,
2,2,,0.003946,0.13651,0.403538,0.335164,0.084143,0.036322,0.000378,,864700,,
2,3,,0.003192,0.045306,0.320436,0.439236,0.146112,0.045287,0.00043,,865200,,
2,2,,0.003396,0.054428,0.437017,0.407041,0.065724,0.032173,0.000222,,863200,,
2,3,,0.004395,0.07138,0.286332,0.407698,0.174898,0.054517,0.00078,,874100,,
2,2,,0.003208,0.070767,0.446643,0.342387,0.100393,0.036397,0.000204,,944200,,
2,2,,0.003334,0.054616,0.474968,0.365224,0.069115,0.032576,0.000166,,873900,,
2,2,,0.005195,0.0617,0.410959,0.399402,0.086166,0.036188,0.000389,,868400,,
2,3,,0.003515,0.131343,0.317037,0.385915,0.116021,0.045157,0.001013,,863700,,
2,2,,0.003396,0.054428,0.477017,0.367041,0.065724,0.032173,0.000222,,862100,,
2,2,,0.023326,0.094271,0.452607,0.346407,0.070319,0.012849,0.000222,,865000,,
2,3,,0.003556,0.052042,0.413026,0.426216,0.085043,0.019476,0.00064,,871100,,
2,3,,0.003435,0.054061,0.410759,0.419212,0.077211,0.035059,0.000263,,895400,,
2,3,,0.002672,0.045812,0.296049,0.39668,0.180905,0.0768,0.001081,,876500,,
2,3,,0.003202,0.071798,0.333996,0.400393,0.145571,0.044557,0.000483,,870400,,
2,3,,0.003238,0.1009,0.277156,0.426939,0.159351,0.031822,0.000594,,867200,,
2,2,,0.007182,0.10163,0.392781,0.385163,0.093354,0.01929,0.000601,,864800,,
2,3,,0.002998,0.048469,0.400504,0.439205,0.091448,0.01717,0.000204,,865300,,
2,2,,0.003454,0.077969,0.412442,0.374124,0.093968,0.037737,0.000304,,867500,,
2,3,,0.004702,0.068781,0.298596,0.402984,0.168022,0.056033,0.000882,,880000,,
2,2,,0.003737,0.040643,0.489893,0.363512,0.069215,0.032736,0.000263,,868800,,
2,3,,0.003424,0.055066,0.397621,0.398367,0.10428,0.040785,0.000458,,877100,,
2,3,,0.002967,0.070954,0.260212,0.435138,0.189791,0.039621,0.001317,,868200,,
2,2,,0.003828,0.079008,0.415256,0.389569,0.077657,0.034418,0.000263,,872900,,
2,2,,0.003404,0.054773,0.519378,0.345858,0.064521,0.011901,0.000166,,926900,,
2,2,,0.023317,0.05354,0.434136,0.385657,0.069593,0.033537,0.000222,,874200,,
2,2,,0.003466,0.09718,0.410186,0.364405,0.107063,0.017352,0.000347,,866500,,
2,2,,0.003202,0.09299,0.4509,0.34519,0.091072,0.016299,0.000347,,867100,,
2,2,,0.00353,0.076124,0.433994,0.373816,0.077803,0.034471,0.000263,,873400,,
2,2,,0.003549,0.058837,0.433666,0.404718,0.066438,0.032571,0.000222,,881200,,
2,2,,0.005053,0.110667,0.389322,0.36454,0.108749,0.021339,0.00033,,884700,,
2,2,,0.003717,0.080157,0.443591,0.365045,0.073555,0.033673,0.000263,,868300,,
2,2,,0.003396,0.054428,0.437017,0.407041,0.065724,0.032173,0.000222,,866600,,
2,2,,0.003407,0.05445,0.452869,0.385561,0.07065,0.032841,0.000222,,861900,,
2,3,,0.003379,0.055723,0.384077,0.413734,0.10279,0.039831,0.000466,,862200,,
2,2,,0.003223,0.052359,0.442711,0.374682,0.086237,0.040223,0.000565,,863600,,
2,3,,0.008809,0.117793,0.346252,0.347455,0.133912,0.044813,0.000967,,871600,,
2,2,,0.003414,0.077456,0.47756,0.364666,0.063938,0.012799,0.000166,,867700,,
2,2,,0.003561,0.098957,0.401552,0.33669,0.115465,0.043216,0.00056,,867700,,
2,3,,0.002732,0.043203,0.309724,0.476325,0.1053,0.062625,0.000092,,870800,,
2,3,,0.003001,0.048162,0.399834,0.440222,0.090788,0.017789,0.000204,,865500,,
2,2,,0.003358,0.03189,0.428137,0.411468,0.088101,0.036842,0.000204,,876400,,
2,3,,0.003218,0.044264,0.335191,0.4086,0.166525,0.04211,0.000092,,898800,,
2,2,,0.004932,0.058571,0.494835,0.362963,0.065192,0.013341,0.000166,,870100,,
2,3,,0.006702,0.02562,0.295854,0.481398,0.159046,0.030699,0.000681,,876500,,
2,3,,0.003024,0.050296,0.392713,0.430609,0.086895,0.036259,0.000204,,876200,,
2,3,,0.0031,0.047129,0.326793,0.465988,0.131009,0.025722,0.000259,,871800,,
2,3,,0.003065,0.0746,0.293323,0.431137,0.148016,0.049274,0.000585,,866000,,
2,2,,0.003377,0.044526,0.40304,0.400632,0.116669,0.030608,0.001148,,868100,,
2,3,,0.003647,0.077251,0.385456,0.394528,0.099546,0.039186,0.000386,,863700,,
2,2,,0.003194,0.031052,0.471462,0.38285,0.076128,0.03511,0.000204,,864800,,
2,3,,0.00494,0.105005,0.258808,0.371574,0.215205,0.043315,0.001152,,867400,,
2,2,,0.003477,0.054607,0.457279,0.386195,0.066055,0.032165,0.000222,,869900,,
2,3,,0.004029,0.093684,0.389052,0.409373,0.069048,0.034593,0.000222,,878200,,
2,2,,0.003412,0.056095,0.431909,0.404636,0.068681,0.035046,0.000222,,879400,,
2,2,,0.003292,0.03415,0.478594,0.374895,0.072874,0.035836,0.000359,,871500,,
2,2,,0.003565,0.052277,0.450433,0.369007,0.083363,0.040579,0.000777,,872100,,
2,2,,0.003105,0.050491,0.458814,0.371076,0.080436,0.03593,0.000148,,872100,,
2,3,,0.00728,0.073256,0.375838,0.398619,0.10081,0.043524,0.000674,,873000,,
2,2,,0.003404,0.054773,0.479378,0.365858,0.064521,0.031901,0.000166,,863200,,
2,2,,0.003079,0.048664,0.426606,0.399673,0.084989,0.036841,0.000148,,956400,,
2,2,,0.003477,0.054607,0.477279,0.386195,0.066055,0.012165,0.000222,,950200,,
2,2,,0.003441,0.057159,0.462157,0.369031,0.073213,0.034834,0.000166,,876900,,
2,2,,0.003346,0.05508,0.472054,0.390139,0.066096,0.01312,0.000166,,877800,,
2,3,,0.004809,0.116208,0.298225,0.41116,0.140647,0.028438,0.000512,,869600,,
2,2,,0.003202,0.051398,0.433823,0.401667,0.074925,0.034838,0.000148,,865600,,
2,2,,0.003508,0.099207,0.432219,0.366421,0.064968,0.033454,0.000222,,865000,,
2,3,,0.008273,0.032091,0.224791,0.378632,0.266148,0.087809,0.002256,,869300,,
2,2,,0.007873,0.062837,0.430159,0.376883,0.082822,0.038868,0.00056,,881300,,
2,2,,0.003105,0.050491,0.458814,0.371076,0.080436,0.03593,0.000148,,875400,,
2,3,,0.003366,0.06519,0.373992,0.406034,0.113567,0.037662,0.00019,,867700,,
2,3,,0.002749,0.024912,0.37463,0.459442,0.118174,0.020001,0.000092,,880800,,
2,2,,0.003404,0.054773,0.479378,0.365858,0.064521,0.031901,0.000166,,864500,,
2,3,,0.003971,0.071768,0.35193,0.413366,0.114827,0.043729,0.000408,,879200,,
2,2,,0.003414,0.057456,0.49756,0.364666,0.063938,0.012799,0.000166,,872300,,
2,2,,0.00341,0.034025,0.448573,0.326441,0.123565,0.063309,0.000677,,874400,,
2,3,,0.003783,0.133724,0.348911,0.362929,0.108235,0.041918,0.000501,,901300,,
2,2,,0.003631,0.057894,0.435648,0.348015,0.116875,0.037605,0.000332,,879800,,
2,2,,0.00355,0.077524,0.46883,0.366655,0.070288,0.01289,0.000263,,892700,,
2,2,,0.003313,0.072648,0.413383,0.399837,0.076305,0.034292,0.000222,,865200,,
2,3,,0.003429,0.073189,0.363851,0.377852,0.134394,0.046538,0.000747,,866600,,
2,3,,0.002954,0.070002,0.368799,0.399719,0.115608,0.042525,0.000392,,889900,,
2,2,,0.003317,0.053043,0.453071,0.407697,0.067187,0.015327,0.000359,,866800,,
2,2,,0.003479,0.056321,0.460853,0.382629,0.063764,0.032788,0.000166,,866800,,
2,2,,0.003488,0.05729,0.455461,0.405003,0.065473,0.013063,0.000222,,895600,,
2,2,,0.003754,0.099174,0.437355,0.369232,0.076123,0.014154,0.000207,,879300,,
2,3,,0.004922,0.033041,0.30186,0.388167,0.176458,0.094824,0.000728,,873000,,
2,2,,0.003479,0.056321,0.460853,0.382629,0.063764,0.032788,0.000166,,872300,,
2,2,,0.003279,0.053159,0.433499,0.39497,0.076209,0.038388,0.000496,,874800,,
2,2,,0.003465,0.056558,0.47372,0.367196,0.066468,0.032371,0.000222,,870400,,
2,2,,0.003151,0.073479,0.40554,0.378371,0.100646,0.038465,0.000347,,871600,,
2,3,,0.006451,0.096462,0.35751,0.364257,0.128793,0.046059,0.000467,,870100,,
2,2,,0.003548,0.031697,0.470665,0.367399,0.086246,0.039748,0.000697,,881500,,
2,2,,0.003396,0.074428,0.457017,0.367041,0.065724,0.032173,0.000222,,880000,,
2,2,,0.023481,0.096592,0.410996,0.347392,0.08477,0.036427,0.000343,,871100,,
2,2,,0.003508,0.099207,0.432219,0.366421,0.064968,0.033454,0.000222,,867600,,
2,3,,0.002911,0.024768,0.318694,0.485756,0.144257,0.023355,0.000259,,868600,,
2,3,,0.003132,0.05113,0.404458,0.425007,0.079043,0.036889,0.000341,,934600,,
2,3,,0.004759,0.073331,0.336902,0.388898,0.143784,0.051108,0.001219,,893000,,
2,2,,0.003396,0.054428,0.437017,0.427041,0.065724,0.012173,0.000222,,870300,,
2,2,,0.003396,0.034428,0.497017,0.367041,0.065724,0.032173,0.000222,,880400,,
3,2,,0.002984,0.049521,0.398693,0.346921,0.152733,0.048365,0.000784,,889800,,
3,3,,0.003499,0.049687,0.343958,0.412113,0.140805,0.048818,0.001121,,870700,,
3,3,,0.009191,0.054459,0.185945,0.37465,0.261503,0.112049,0.002202,,870200,,
3,2,,0.003404,0.054773,0.459378,0.405858,0.064521,0.011901,0.000166,,868300,,
3,3,,0.002652,0.044767,0.299763,0.45712,0.14679,0.048488,0.000421,,863500,,
3,3,,0.002998,0.047972,0.37944,0.461245,0.089042,0.018961,0.000341,,866200,,
3,2,,0.003488,0.070623,0.435461,0.39167,0.065473,0.033063,0.000222,,874800,,
3,2,,0.003341,0.05398,0.423517,0.414019,0.070839,0.034083,0.000222,,877200,,
3,3,,0.002996,0.087072,0.291387,0.38487,0.177753,0.055176,0.000745,,868200,,
3,2,,0.003617,0.050228,0.404103,0.393206,0.100459,0.047223,0.001165,,865500,,
3,3,,0.003043,0.046759,0.375045,0.409236,0.119164,0.046036,0.000717,,866100,,
3,2,,0.003406,0.057111,0.435199,0.405849,0.065142,0.033071,0.000222,,868500,,
3,3,,0.002603,0.045548,0.250607,0.412628,0.221841,0.064541,0.002232,,868300,,
3,3,,0.002734,0.045126,0.353219,0.479706,0.099715,0.019407,0.000092,,868200,,
3,3,,0.002739,0.04194,0.275047,0.410453,0.202103,0.066147,0.00157,,929600,,
3,2,,0.005263,0.059558,0.436159,0.386779,0.07665,0.035384,0.000207,,873900,,
3,2,,0.003285,0.052056,0.430235,0.391131,0.086566,0.036578,0.000148,,868200,,
3,3,,0.002641,0.063906,0.242194,0.38691,0.235422,0.067442,0.001485,,868500,,
3,2,,0.003317,0.07354,0.494136,0.325657,0.069593,0.033537,0.000222,,866900,,
3,2,,0.006603,0.039802,0.371666,0.362472,0.150524,0.067985,0.000948,,867900,,
3,2,,0.003114,0.049454,0.389844,0.375361,0.132851,0.048085,0.001292,,871100,,
3,2,,0.002975,0.051088,0.404879,0.39062,0.107825,0.042166,0.000447,,870000,,
3,2,,0.003092,0.051162,0.42217,0.403495,0.080351,0.039234,0.000496,,875300,,
3,2,,0.002931,0.068005,0.455424,0.359589,0.095383,0.018465,0.000204,,880200,,
3,2,,0.00326,0.095759,0.467237,0.344848,0.072945,0.015729,0.000222,,869200,,
3,2,,0.003091,0.05177,0.42819,0.397482,0.083234,0.036067,0.000166,,868200,,
3,3,,0.002819,0.047146,0.275418,0.390291,0.222717,0.060404,0.001206,,864500,,
3,3,,0.002495,0.041771,0.21229,0.423212,0.255688,0.063544,0.001,,867300,,
3,3,,0.002876,0.047292,0.364918,0.438353,0.106273,0.040154,0.000134,,864100,,
3,2,,0.003268,0.053634,0.438712,0.394409,0.073689,0.03593,0.000359,,866000,,
3,3,,0.002655,0.024115,0.350383,0.457245,0.122335,0.04305,0.000217,,881900,,
3,3,,0.002711,0.02259,0.358392,0.446073,0.128469,0.041673,0.000092,,886700,,
3,3,,0.002741,0.047613,0.351217,0.439237,0.116085,0.042757,0.00035,,921100,,
3,3,,0.003271,0.025455,0.258878,0.419702,0.237944,0.053896,0.000853,,880900,,
3,3,,0.007367,0.029698,0.241175,0.397881,0.213013,0.108796,0.00207,,882500,,
3,3,,0.005239,0.051078,0.372869,0.433575,0.096922,0.039988,0.000329,,866800,,
3,3,,0.004867,0.069382,0.266518,0.424065,0.172619,0.060827,0.001722,,861800,,
3,2,,0.003276,0.053979,0.441073,0.393226,0.072485,0.035658,0.000303,,868300,,
3,3,,0.004361,0.034376,0.333221,0.347008,0.219949,0.060079,0.001008,,871900,,
3,2,,0.00335,0.056669,0.46597,0.384753,0.074002,0.015034,0.000222,,879400,,
3,3,,0.002319,0.022969,0.275178,0.423566,0.219307,0.056018,0.000643,,876300,,
3,2,,0.00422,0.058449,0.42461,0.384158,0.087649,0.040354,0.00056,,870100,,
3,3,,0.002865,0.04718,0.33082,0.351844,0.224689,0.041277,0.001325,,868900,,
3,3,,0.002962,0.06449,0.219466,0.431722,0.213286,0.06649,0.001584,,865400,,
3,3,,0.002734,0.025126,0.353219,0.459706,0.119715,0.039407,0.000092,,866200,,
3,2,,0.003499,0.051405,0.419131,0.394218,0.088413,0.042557,0.000777,,869100,,
3,3,,0.002741,0.023141,0.290441,0.434323,0.183213,0.065928,0.000213,,882100,,
3,3,,0.007723,0.049716,0.260966,0.372934,0.216754,0.089705,0.002202,,875700,,
3,3,,0.002734,0.045126,0.356553,0.459706,0.116382,0.019407,0.000092,,878300,,
3,3,,0.002923,0.043713,0.337584,0.437241,0.131796,0.046235,0.000509,,868400,,
3,3,,0.002678,0.021659,0.221675,0.426145,0.258797,0.067461,0.001586,,881600,,
3,3,,0.008212,0.034024,0.263168,0.38993,0.219684,0.083502,0.00148,,865900,,
3,3,,0.002998,0.048469,0.380504,0.439205,0.091448,0.03717,0.000204,,864000,,
3,2,,0.006486,0.094833,0.372548,0.372,0.115332,0.038556,0.000246,,866600,,
3,3,,0.00426,0.022556,0.176334,0.455797,0.251312,0.088214,0.001527,,868800,,
3,3,,0.002662,0.023162,0.355418,0.450196,0.125643,0.04269,0.000229,,886000,,
3,3,,0.003051,0.08408,0.181164,0.446227,0.222553,0.061651,0.001274,,882000,,
3,3,,0.006752,0.128999,0.302593,0.369166,0.141668,0.050056,0.000765,,873000,,
3,2,,0.003336,0.05788,0.451377,0.405169,0.068726,0.013291,0.000222,,873700,,
3,2,,0.003355,0.046594,0.420941,0.402212,0.101103,0.025036,0.00076,,888200,,
3,2,,0.003354,0.053327,0.435572,0.384978,0.086808,0.035615,0.000347,,870500,,
3,2,,0.003334,0.054196,0.433821,0.392434,0.080545,0.035367,0.000301,,872100,,
3,3,,0.006101,0.025739,0.241188,0.384293,0.275616,0.065695,0.001369,,876300,,
3,3,,0.002664,0.024473,0.347744,0.481113,0.101904,0.041874,0.000229,,879100,,
3,2,,0.003406,0.057111,0.455199,0.385849,0.065142,0.033071,0.000222,,873200,,
3,2,,0.003507,0.050013,0.431346,0.401288,0.090158,0.02291,0.000777,,873600,,
3,3,,0.002702,0.042261,0.361869,0.448569,0.122882,0.021625,0.000092,,866300,,
3,3,,0.00266,0.044268,0.383917,0.420341,0.107109,0.041613,0.000092,,875700,,
3,2,,0.003737,0.060643,0.429893,0.403512,0.069215,0.032736,0.000263,,873100,,
3,3,,0.003238,0.05253,0.400233,0.416351,0.086626,0.040401,0.000621,,915500,,
3,3,,0.008044,0.121856,0.314002,0.379667,0.145055,0.030847,0.000529,,877900,,
3,3,,0.002681,0.026928,0.260468,0.443418,0.208366,0.056949,0.00119,,877300,,
3,3,,0.00523,0.071689,0.313594,0.401007,0.15496,0.053021,0.000499,,871800,,
3,2,,0.003639,0.134722,0.406777,0.349551,0.07156,0.033544,0.000207,,868200,,
3,2,,0.003557,0.051931,0.448071,0.390189,0.084566,0.020852,0.000834,,868100,,
3,3,,0.002885,0.028249,0.338879,0.395627,0.181321,0.052321,0.000717,,867400,,
3,3,,0.004548,0.022402,0.19811,0.427124,0.248995,0.095708,0.003113,,870900,,
3,2,,0.003009,0.068507,0.422195,0.399039,0.089584,0.017517,0.000148,,878600,,
3,2,,0.003294,0.055869,0.435183,0.384466,0.08403,0.036868,0.000291,,886900,,
3,3,,0.002752,0.046498,0.260001,0.507428,0.152037,0.030987,0.000297,,886400,,
3,2,,0.003737,0.080643,0.449893,0.363512,0.069215,0.032736,0.000263,,897400,,
3,3,,0.005254,0.056784,0.382143,0.398914,0.112332,0.043839,0.000734,,865800,,
3,2,,0.003276,0.053979,0.441073,0.393226,0.072485,0.035658,0.000303,,867500,,
3,3,,0.006096,0.025709,0.227608,0.392273,0.242091,0.104853,0.001369,,868200,,
3,3,,0.003,0.047267,0.303799,0.385303,0.202609,0.057087,0.000935,,863800,,
3,2,,0.004064,0.076575,0.403752,0.38145,0.0938,0.039901,0.000459,,868500,,
3,3,,0.003094,0.050067,0.421013,0.429309,0.08037,0.015999,0.000148,,874200,,
3,3,,0.003025,0.045774,0.366263,0.43461,0.12492,0.024884,0.000524,,1040600,,
3,3,,0.006212,0.027164,0.243383,0.378855,0.270081,0.072184,0.002121,,894400,,
3,3,,0.003163,0.049719,0.391281,0.454695,0.084908,0.016031,0.000204,,906000,,
3,3,,0.002815,0.025305,0.373482,0.43886,0.120046,0.039399,0.000092,,876300,,
3,3,,0.003928,0.066843,0.360142,0.402001,0.121388,0.044635,0.001064,,874900,,
3,3,,0.003024,0.050296,0.392713,0.430609,0.086895,0.036259,0.000204,,873100,,
3,3,,0.004863,0.04833,0.265688,0.405389,0.206676,0.066233,0.002821,,873900,,
3,3,,0.003194,0.073692,0.389899,0.398487,0.096655,0.037729,0.000343,,876700,,
3,3,,0.002799,0.067271,0.251546,0.405317,0.209586,0.062303,0.001178,,872400,,
3,3,,0.002568,0.021992,0.330061,0.471116,0.128646,0.045251,0.000366,,880700,,
3,3,,0.003695,0.053227,0.283543,0.388986,0.207203,0.062088,0.001258,,872000,,
3,3,,0.002533,0.043413,0.209985,0.4067,0.257242,0.079378,0.000749,,874100,,
3,3,,0.002928,0.023846,0.321442,0.460261,0.153878,0.036737,0.000907,,877400,,
3,3,,0.002702,0.067843,0.222352,0.419994,0.221996,0.063725,0.001389,,866000,,
3,2,,0.003601,0.057813,0.413021,0.38897,0.09844,0.037766,0.000389,,869000,,
3,2,,0.004784,0.056695,0.424744,0.41348,0.082899,0.01695,0.000448,,879700,,
3,2,,0.003737,0.060643,0.449893,0.383512,0.069215,0.032736,0.000263,,874800,,
3,2,,0.023411,0.074213,0.438428,0.366776,0.064183,0.032766,0.000222,,873200,,
3,3,,0.008747,0.069659,0.220889,0.39357,0.22169,0.083857,0.001588,,936200,,
3,3,,0.002658,0.021123,0.270482,0.478355,0.170628,0.056019,0.000735,,877200,,
3,3,,0.003458,0.075437,0.376954,0.397192,0.106232,0.040339,0.000386,,875000,,
3,3,,0.002635,0.043011,0.218978,0.421167,0.251311,0.061958,0.00094,,875100,,
3,2,,0.003318,0.079364,0.399172,0.382274,0.115925,0.019542,0.000405,,875500,,
3,3,,0.002412,0.047407,0.337263,0.364647,0.205661,0.040838,0.001773,,877900,,
3,2,,0.003513,0.055585,0.403145,0.402482,0.100316,0.034713,0.000246,,883100,,
3,3,,0.003032,0.102814,0.21591,0.397377,0.232075,0.047102,0.00169,,885500,,
3,3,,0.004521,0.065709,0.257099,0.424944,0.185074,0.061232,0.001421,,878800,,
3,3,,0.002445,0.043515,0.298279,0.383716,0.204218,0.065428,0.0024,,875800,,
3,3,,0.003151,0.052081,0.359808,0.398961,0.133172,0.051211,0.001615,,862600,,
3,3,,0.002664,0.024473,0.367744,0.481113,0.101904,0.021874,0.000229,,870100,,
3,2,,0.003259,0.033399,0.481306,0.371619,0.075369,0.034827,0.000222,,875100,,
3,3,,0.004556,0.047125,0.305214,0.400692,0.179468,0.060998,0.001947,,881300,,
3,3,,0.002834,0.06711,0.334855,0.419388,0.128668,0.04687,0.000276,,878700,,
3,2,,0.005334,0.053782,0.412459,0.403194,0.098836,0.02531,0.001085,,869400,,
3,3,,0.003097,0.064886,0.281605,0.41968,0.168802,0.060193,0.001738,,887500,,
3,2,,0.003009,0.068507,0.422195,0.399039,0.089584,0.017517,0.000148,,927900,,
3,3,,0.002954,0.070395,0.371877,0.397626,0.114019,0.042777,0.000351,,873200,,
3,3,,0.003104,0.104411,0.252575,0.384971,0.194571,0.059243,0.001124,,870600,,
3,3,,0.002369,0.026752,0.308427,0.413116,0.191616,0.056202,0.00152,,875000,,
3,3,,0.006237,0.054012,0.404484,0.420195,0.079362,0.035507,0.000204,,879600,,
3,3,,0.004484,0.025628,0.246038,0.453935,0.225946,0.042757,0.001212,,871300,,
3,3,,0.022891,0.06824,0.313511,0.420344,0.130027,0.04477,0.000216,,878000,,
3,3,,0.004616,0.023297,0.237095,0.408686,0.262848,0.062259,0.0012,,874400,,
3,3,,0.004184,0.070696,0.27523,0.431533,0.181162,0.035819,0.001376,,872300,,
3,3,,0.003575,0.074602,0.326839,0.397707,0.143798,0.052311,0.001169,,876900,,
3,3,,0.002876,0.02668,0.333302,0.351755,0.226413,0.056938,0.002037,,872100,,
3,3,,0.003296,0.052193,0.400613,0.415019,0.087772,0.040487,0.000621,,873500,,
3,3,,0.006131,0.028393,0.260304,0.419738,0.22261,0.061295,0.001528,,879700,,
3,2,,0.003272,0.052154,0.43318,0.389903,0.081664,0.039205,0.000621,,877900,,
3,2,,0.003763,0.122288,0.449095,0.342776,0.069179,0.012692,0.000207,,883500,,
3,3,,0.002844,0.067959,0.255275,0.404807,0.209404,0.058661,0.001051,,868800,,
3,3,,0.004371,0.023091,0.322798,0.447617,0.156217,0.045553,0.000354,,871200,,
3,2,,0.003354,0.052334,0.433443,0.389057,0.081995,0.039197,0.000621,,865500,,
3,3,,0.022557,0.023881,0.362385,0.418877,0.129812,0.042318,0.000171,,903300,,
3,3,,0.003111,0.069802,0.285824,0.374274,0.202514,0.063097,0.001378,,876800,,
3,3,,0.002758,0.025643,0.373102,0.440192,0.118901,0.039313,0.000092,,876700,,
3,2,,0.004923,0.058225,0.452474,0.384146,0.066396,0.033613,0.000222,,890000,,
3,2,,0.003009,0.048507,0.422195,0.419039,0.089584,0.017517,0.000148,,879600,,
3,2,,0.003349,0.076622,0.427067,0.342718,0.108353,0.041293,0.000598,,876900,,
3,3,,0.003191,0.06386,0.208447,0.467234,0.214691,0.041263,0.001314,,879000,,
3,3,,0.003174,0.070668,0.338959,0.394247,0.145131,0.047327,0.000494,,877700,,
3,3,,0.006708,0.055924,0.339939,0.391707,0.170794,0.033797,0.001132,,867800,,
3,3,,0.002998,0.048469,0.400504,0.439205,0.091448,0.01717,0.000204,,891800,,
3,2,,0.003144,0.07285,0.41807,0.371152,0.096848,0.03759,0.000347,,885900,,
3,3,,0.003035,0.048034,0.335787,0.438938,0.132558,0.041515,0.000134,,889200,,
3,3,,0.002758,0.045643,0.353102,0.460192,0.098901,0.039313,0.000092,,876000,,
3,3,,0.002471,0.043773,0.249751,0.406891,0.239626,0.056864,0.000623,,874100,,
3,2,,0.003631,0.059016,0.453929,0.383872,0.066769,0.032562,0.000222,,873500,,
3,3,,0.002928,0.046406,0.359822,0.419298,0.130111,0.041342,0.000092,,889000,,
3,3,,0.005848,0.025616,0.201106,0.44021,0.25798,0.066982,0.002258,,917700,,
3,3,,0.005519,0.058271,0.383598,0.403739,0.102753,0.044993,0.001126,,1022400,,
3,2,,0.003302,0.056701,0.391734,0.367778,0.134054,0.045638,0.000792,,971800,,
3,3,,0.004841,0.046234,0.241694,0.396256,0.242364,0.066863,0.001748,,927600,,
3,3,,0.003077,0.070553,0.278792,0.393405,0.199258,0.05383,0.001085,,911400,,
3,2,,0.003486,0.1004,0.379766,0.354494,0.118271,0.043064,0.00052,,925600,,
3,2,,0.003341,0.054284,0.429883,0.390059,0.082408,0.039403,0.000621,,875000,,
3,3,,0.006595,0.077035,0.367519,0.412112,0.112577,0.023692,0.000471,,897100,,
3,3,,0.00367,0.050926,0.255672,0.415393,0.210298,0.062727,0.001314,,887600,,
3,3,,0.002996,0.087072,0.271387,0.40487,0.177753,0.055176,0.000745,,913000,,
3,2,,0.003211,0.052129,0.472294,0.362418,0.075651,0.03415,0.000148,,909600,,
3,2,,0.003539,0.08923,0.385537,0.365947,0.113625,0.041736,0.000386,,907800,,
3,3,,0.003429,0.081675,0.21167,0.430472,0.208608,0.062845,0.001301,,885600,,
3,2,,0.003276,0.054476,0.482138,0.371186,0.074892,0.013867,0.000166,,883100,,
3,3,,0.002673,0.022577,0.23667,0.404389,0.262256,0.06904,0.002395,,878900,,
3,3,,0.00315,0.048805,0.405177,0.418993,0.087185,0.036486,0.000204,,888500,,
3,2,,0.003407,0.053953,0.431804,0.407601,0.068244,0.034631,0.000359,,891500,,
3,2,,0.003721,0.075548,0.416798,0.390335,0.090893,0.021887,0.000819,,895800,,
3,3,,0.00288,0.028625,0.321264,0.391112,0.199983,0.055294,0.000842,,995000,,
3,2,,0.003418,0.077133,0.471051,0.34437,0.070068,0.033739,0.000222,,935800,,
3,3,,0.005007,0.128845,0.323132,0.388176,0.112374,0.04208,0.000386,,976200,,
3,3,,0.009277,0.090126,0.245838,0.371412,0.211824,0.069321,0.002202,,937000,,
3,3,,0.00274,0.044983,0.336793,0.457568,0.115188,0.042511,0.000217,,1106400,,
3,3,,0.005588,0.050974,0.290946,0.37071,0.211976,0.067718,0.002087,,986300,,
3,3,,0.002758,0.025643,0.373102,0.460192,0.098901,0.039313,0.000092,,919100,,
3,2,,0.003488,0.05729,0.495461,0.365003,0.065473,0.013063,0.000222,,1198800,,
3,3,,0.002748,0.044344,0.387336,0.441283,0.101574,0.022485,0.000229,,1562400,,
3,3,,0.002952,0.049264,0.383889,0.434107,0.091902,0.037737,0.000148,,1174300,,
