wine-quality-white,CWE,test,0,NANOSECONDS,PREDICTIONS, Generated by ClassifierExperiments.java on 2022-05-16 22:38:23.    SYSTEMPROPERTIES:{user.name:matth,os.arch:amd64,os.name:Windows 10},ENDSYSTEMPROPERTIES
No parameter info
0.47196738022426094,458952500,904829800,-1,0,7,,-1,-1
0,2,,0.003853,0.059524,0.424283,0.417222,0.078017,0.016808,0.000292,,998200,,
0,3,,0.009112,0.0568,0.351395,0.404246,0.14512,0.032235,0.001092,,1008200,,
0,3,,0.004975,0.059101,0.319119,0.429821,0.156408,0.03023,0.000347,,899100,,
0,3,,0.025742,0.074931,0.378264,0.405104,0.093814,0.022022,0.000122,,877900,,
1,3,,0.007483,0.07489,0.349815,0.418858,0.122713,0.025395,0.000847,,915000,,
1,3,,0.02667,0.051712,0.380773,0.428809,0.091422,0.020491,0.000124,,1106000,,
1,3,,0.024663,0.071984,0.25482,0.446208,0.166065,0.035712,0.000549,,889100,,
1,3,,0.026373,0.052268,0.361102,0.433077,0.104662,0.022203,0.000316,,970600,,
1,2,,0.026897,0.107591,0.398902,0.378416,0.072598,0.015222,0.000373,,875800,,
1,3,,0.026747,0.115024,0.322355,0.379704,0.13055,0.024823,0.000798,,874600,,
1,2,,0.025965,0.077627,0.412837,0.395579,0.073234,0.014469,0.000289,,975100,,
1,2,,0.00467,0.14906,0.367313,0.367129,0.092865,0.018513,0.00045,,877000,,
1,3,,0.024277,0.044992,0.37556,0.437705,0.093735,0.023665,0.000066,,875500,,
1,2,,0.009823,0.075194,0.399057,0.370525,0.119719,0.024787,0.000894,,874800,,
1,2,,0.026807,0.060663,0.418252,0.399392,0.077151,0.017517,0.000218,,874700,,
1,3,,0.025695,0.104284,0.373117,0.393924,0.084122,0.018716,0.000141,,877500,,
1,2,,0.003952,0.138749,0.374783,0.374332,0.09272,0.01493,0.000534,,884500,,
1,3,,0.004689,0.050105,0.265048,0.449365,0.193777,0.036651,0.000366,,878100,,
1,3,,0.005966,0.120101,0.195897,0.392358,0.242062,0.042093,0.001524,,878600,,
1,2,,0.026654,0.057,0.423167,0.399957,0.07557,0.017453,0.000199,,879100,,
1,3,,0.005004,0.029229,0.197245,0.503204,0.219594,0.04465,0.001073,,971600,,
1,3,,0.004365,0.057106,0.30595,0.475091,0.131117,0.026205,0.000166,,876400,,
1,2,,0.006613,0.092859,0.40719,0.363392,0.10921,0.020247,0.000489,,878900,,
1,3,,0.006275,0.098219,0.262237,0.392115,0.206942,0.032466,0.001747,,881400,,
1,2,,0.027155,0.07001,0.414726,0.389965,0.081515,0.016287,0.000342,,879300,,
1,2,,0.026897,0.107591,0.398902,0.378416,0.072598,0.015222,0.000373,,1003800,,
1,3,,0.026718,0.053359,0.379782,0.428791,0.09037,0.020761,0.000218,,877600,,
1,3,,0.007481,0.088541,0.393315,0.394682,0.097374,0.018483,0.000124,,876100,,
1,3,,0.02669,0.068064,0.384903,0.399732,0.099394,0.02089,0.000326,,878500,,
1,3,,0.027015,0.091526,0.39018,0.392903,0.082382,0.015577,0.000416,,888900,,
1,2,,0.026717,0.063948,0.413839,0.400538,0.078143,0.016522,0.000292,,968400,,
1,3,,0.026633,0.055894,0.398986,0.404891,0.091669,0.021544,0.000382,,879200,,
1,3,,0.003513,0.089187,0.353652,0.404406,0.125221,0.023593,0.000428,,874100,,
1,3,,0.005369,0.147926,0.328974,0.372314,0.12313,0.021607,0.00068,,876600,,
1,2,,0.026053,0.079176,0.40354,0.392791,0.078643,0.019509,0.000289,,876000,,
1,3,,0.026771,0.05525,0.38104,0.425225,0.091672,0.019919,0.000124,,896800,,
1,3,,0.009279,0.083909,0.205591,0.365089,0.260427,0.073233,0.002471,,890000,,
2,2,,0.027361,0.08588,0.420329,0.369978,0.080078,0.016175,0.000199,,882600,,
2,3,,0.004113,0.054824,0.418388,0.424179,0.079697,0.01839,0.00041,,874400,,
2,3,,0.024573,0.05236,0.391325,0.425131,0.086958,0.019434,0.000218,,885500,,
2,3,,0.026564,0.056131,0.378902,0.430556,0.088653,0.019052,0.000143,,977200,,
2,2,,0.025745,0.108252,0.384251,0.382964,0.080876,0.017541,0.000371,,879900,,
2,3,,0.008816,0.051421,0.304575,0.421809,0.171019,0.041112,0.001248,,968400,,
2,2,,0.026192,0.085698,0.409042,0.375415,0.085122,0.018408,0.000122,,883500,,
2,3,,0.009127,0.08595,0.331465,0.428131,0.118665,0.025716,0.000945,,882500,,
2,3,,0.026281,0.085555,0.329451,0.40024,0.132893,0.024973,0.000607,,880000,,
2,3,,0.003877,0.03556,0.348681,0.462432,0.124792,0.024238,0.00042,,892600,,
2,2,,0.026717,0.063948,0.413839,0.400538,0.078143,0.016522,0.000292,,876300,,
2,3,,0.026603,0.085712,0.391886,0.40035,0.078695,0.016336,0.000418,,875000,,
2,3,,0.003983,0.065954,0.309126,0.466315,0.128365,0.025957,0.0003,,1034100,,
2,3,,0.026926,0.052477,0.40192,0.40346,0.09339,0.021628,0.000199,,876800,,
2,3,,0.026456,0.055595,0.397298,0.41703,0.084778,0.01858,0.000263,,891900,,
2,3,,0.007572,0.068838,0.359748,0.441997,0.102868,0.018674,0.000301,,876300,,
2,3,,0.026209,0.077572,0.293738,0.410259,0.157794,0.033531,0.000897,,884800,,
2,3,,0.026394,0.052603,0.373738,0.433561,0.093292,0.020224,0.000187,,876400,,
2,3,,0.02662,0.05192,0.379817,0.430312,0.09077,0.020419,0.000143,,879600,,
2,3,,0.028387,0.091202,0.340456,0.39644,0.118831,0.023842,0.000842,,876400,,
2,2,,0.004322,0.061337,0.448786,0.387383,0.081285,0.016688,0.000199,,910000,,
2,3,,0.005931,0.097869,0.34531,0.406915,0.120902,0.022234,0.00084,,1009800,,
2,3,,0.026446,0.114589,0.329097,0.386621,0.120553,0.022054,0.00064,,1027400,,
2,3,,0.004233,0.078908,0.357037,0.436944,0.102593,0.020098,0.000187,,1279300,,
2,3,,0.003724,0.044371,0.227795,0.49077,0.192856,0.039184,0.001301,,953700,,
2,2,,0.026838,0.052141,0.418462,0.397277,0.085653,0.019411,0.000218,,882400,,
2,3,,0.003899,0.087751,0.229363,0.413378,0.213806,0.050704,0.0011,,925600,,
2,3,,0.026969,0.050111,0.381359,0.410234,0.106152,0.024967,0.000207,,926900,,
2,3,,0.003736,0.049275,0.385497,0.444625,0.09566,0.02102,0.000187,,872600,,
2,3,,0.008066,0.068734,0.335986,0.375153,0.161015,0.048942,0.002104,,1170900,,
2,3,,0.005281,0.049521,0.264399,0.442747,0.204641,0.032278,0.001133,,884700,,
2,2,,0.009453,0.076348,0.410715,0.372025,0.108227,0.022604,0.000627,,881400,,
2,2,,0.027072,0.055381,0.431215,0.37186,0.092924,0.021264,0.000283,,894200,,
2,3,,0.027512,0.093328,0.373416,0.395915,0.090556,0.018461,0.000812,,879800,,
2,3,,0.003832,0.063994,0.393082,0.412734,0.104364,0.021466,0.000527,,881000,,
2,3,,0.026704,0.051846,0.373124,0.435419,0.091815,0.02095,0.000143,,874100,,
2,2,,0.026609,0.083551,0.400361,0.378519,0.090636,0.019942,0.000382,,879200,,
2,3,,0.02662,0.05192,0.379817,0.430312,0.09077,0.020419,0.000143,,870800,,
2,3,,0.024248,0.072418,0.295805,0.456773,0.123973,0.026652,0.000131,,948900,,
2,3,,0.004249,0.024774,0.297069,0.491977,0.149353,0.032187,0.000392,,874800,,
2,3,,0.026354,0.095131,0.351289,0.398113,0.106928,0.021738,0.000447,,1058500,,
2,3,,0.024641,0.073163,0.295307,0.425351,0.148049,0.032911,0.000578,,884200,,
2,2,,0.027098,0.061684,0.412875,0.398879,0.080688,0.018558,0.000218,,871900,,
2,3,,0.026704,0.051846,0.373124,0.435419,0.091815,0.02095,0.000143,,870100,,
2,3,,0.003633,0.084859,0.341947,0.4099,0.125003,0.033815,0.000844,,873700,,
2,3,,0.024541,0.047788,0.304103,0.432458,0.154998,0.035303,0.000809,,882900,,
2,3,,0.026681,0.061197,0.383182,0.403035,0.102391,0.02311,0.000403,,876500,,
2,3,,0.024081,0.041993,0.299415,0.421686,0.178864,0.033071,0.00089,,982600,,
2,3,,0.007795,0.085861,0.333322,0.418122,0.12476,0.028386,0.001754,,878800,,
2,3,,0.003641,0.048522,0.331726,0.466202,0.123199,0.026604,0.000106,,883000,,
2,3,,0.003592,0.077504,0.378266,0.42903,0.094953,0.016271,0.000384,,874400,,
2,2,,0.026531,0.059577,0.41204,0.404433,0.079548,0.017608,0.000263,,874200,,
2,2,,0.026781,0.054594,0.426363,0.395129,0.079323,0.017477,0.000333,,875900,,
2,2,,0.026447,0.057881,0.421029,0.405288,0.07255,0.016586,0.000218,,872300,,
2,2,,0.026996,0.057469,0.412707,0.409867,0.074806,0.017789,0.000365,,882500,,
2,3,,0.026704,0.051846,0.373124,0.435419,0.091815,0.02095,0.000143,,1080900,,
2,3,,0.027236,0.056722,0.407196,0.411146,0.078219,0.019115,0.000365,,886200,,
2,3,,0.026119,0.057478,0.39178,0.408884,0.094357,0.020978,0.000403,,888900,,
2,3,,0.004852,0.04783,0.277782,0.450579,0.170255,0.04713,0.001572,,991400,,
2,2,,0.025421,0.059729,0.418596,0.393182,0.084572,0.0183,0.000199,,884000,,
2,3,,0.024488,0.052479,0.364956,0.400381,0.127852,0.029376,0.000468,,884200,,
2,3,,0.027433,0.066052,0.370231,0.398887,0.11327,0.023525,0.000603,,884100,,
2,3,,0.027582,0.080908,0.336581,0.402364,0.125146,0.026627,0.000792,,879100,,
2,3,,0.026484,0.055335,0.325104,0.450981,0.116845,0.024958,0.000293,,964600,,
2,3,,0.026704,0.051846,0.373124,0.435419,0.091815,0.02095,0.000143,,879400,,
2,3,,0.004028,0.07865,0.251387,0.465414,0.157177,0.04304,0.000304,,886900,,
2,2,,0.026996,0.057469,0.412707,0.409867,0.074806,0.017789,0.000365,,883500,,
2,3,,0.003393,0.042866,0.272913,0.489125,0.157556,0.033577,0.00057,,878200,,
2,3,,0.003433,0.046546,0.251824,0.496579,0.167477,0.033633,0.000508,,887400,,
2,3,,0.005458,0.047454,0.330699,0.443701,0.128842,0.041989,0.001857,,885000,,
2,2,,0.026688,0.057134,0.415518,0.406567,0.075963,0.017912,0.000218,,878300,,
2,3,,0.026828,0.055467,0.373921,0.424336,0.099142,0.020119,0.000187,,878200,,
2,2,,0.026895,0.056252,0.457656,0.361236,0.078982,0.01878,0.000199,,976600,,
2,2,,0.026654,0.057,0.443167,0.379957,0.07557,0.017453,0.000199,,881200,,
2,3,,0.026487,0.079648,0.233603,0.420146,0.197782,0.041145,0.001188,,881400,,
2,3,,0.005662,0.129309,0.275099,0.38803,0.165708,0.034903,0.001289,,931200,,
2,3,,0.003311,0.041769,0.194998,0.508372,0.202564,0.047732,0.001255,,892800,,
2,3,,0.003633,0.084859,0.341947,0.4099,0.125003,0.033815,0.000844,,884600,,
2,2,,0.026654,0.057,0.463167,0.359957,0.07557,0.017453,0.000199,,882900,,
2,3,,0.02655,0.05193,0.37492,0.429733,0.09566,0.02102,0.000187,,881000,,
2,3,,0.025972,0.078902,0.355249,0.398422,0.109487,0.031428,0.00054,,1064000,,
2,3,,0.00524,0.059378,0.375327,0.435144,0.102208,0.022579,0.000124,,880900,,
2,3,,0.005271,0.04876,0.265768,0.480209,0.164896,0.034645,0.00045,,889900,,
2,3,,0.006662,0.03675,0.267156,0.460971,0.188038,0.039084,0.001339,,883900,,
2,3,,0.005747,0.057582,0.373749,0.392973,0.138084,0.030922,0.000943,,894800,,
2,3,,0.024455,0.048606,0.271226,0.473041,0.148592,0.033775,0.000304,,890200,,
2,2,,0.026996,0.057469,0.412707,0.409867,0.074806,0.017789,0.000365,,883500,,
2,3,,0.026394,0.052603,0.373738,0.433561,0.093292,0.020224,0.000187,,876300,,
2,3,,0.004799,0.0501,0.379156,0.453039,0.091815,0.02095,0.000143,,977100,,
2,3,,0.00358,0.049948,0.384316,0.448453,0.093292,0.020224,0.000187,,909100,,
2,2,,0.026654,0.057,0.463167,0.359957,0.07557,0.017453,0.000199,,913000,,
2,3,,0.026463,0.052593,0.378635,0.43414,0.088402,0.019623,0.000143,,928100,,
2,3,,0.005213,0.068179,0.221901,0.462578,0.193232,0.04782,0.001077,,901500,,
2,3,,0.005763,0.053536,0.307846,0.432824,0.158492,0.040356,0.001182,,954200,,
2,3,,0.026463,0.052593,0.378635,0.43414,0.088402,0.019623,0.000143,,894000,,
2,3,,0.025297,0.092339,0.380062,0.391676,0.092034,0.017736,0.000856,,891700,,
2,3,,0.006621,0.055955,0.18133,0.378707,0.311787,0.062863,0.002736,,891800,,
2,3,,0.005557,0.125486,0.339269,0.412678,0.100252,0.016251,0.000507,,988600,,
2,3,,0.025357,0.07747,0.373315,0.387551,0.110994,0.024708,0.000605,,914100,,
2,3,,0.00412,0.053787,0.232046,0.469487,0.198813,0.040589,0.001158,,873500,,
2,3,,0.026718,0.053359,0.379782,0.428791,0.09037,0.020761,0.000218,,888000,,
2,2,,0.025872,0.077685,0.403545,0.395765,0.079323,0.017477,0.000333,,891300,,
2,3,,0.026561,0.093569,0.359064,0.387237,0.111739,0.021275,0.000556,,878600,,
2,3,,0.026926,0.057479,0.407811,0.409288,0.079697,0.01839,0.00041,,880600,,
2,3,,0.026466,0.081263,0.339302,0.437045,0.0975,0.018202,0.000222,,878900,,
2,3,,0.026451,0.056084,0.374702,0.430951,0.092712,0.018958,0.000143,,971500,,
2,3,,0.003789,0.05419,0.309631,0.481423,0.125634,0.025148,0.000185,,881300,,
2,3,,0.004634,0.092462,0.330648,0.393645,0.151257,0.026325,0.00103,,880700,,
2,2,,0.026996,0.057469,0.412707,0.409867,0.074806,0.017789,0.000365,,877400,,
2,3,,0.006065,0.033612,0.280294,0.424161,0.216614,0.037876,0.001379,,883400,,
2,2,,0.026708,0.063022,0.410783,0.397717,0.083459,0.018048,0.000263,,1080600,,
2,3,,0.003712,0.052931,0.412772,0.432501,0.079888,0.017979,0.000218,,1006000,,
2,3,,0.02778,0.055752,0.377401,0.407692,0.1046,0.026097,0.000677,,1007100,,
2,2,,0.026604,0.057208,0.422211,0.40146,0.074918,0.017381,0.000218,,1076700,,
2,3,,0.026478,0.054107,0.385293,0.427511,0.086958,0.019434,0.000218,,1015900,,
2,2,,0.026534,0.057218,0.417314,0.400881,0.079808,0.017982,0.000263,,1003900,,
2,3,,0.024355,0.044118,0.311018,0.429475,0.147573,0.042411,0.00105,,1009600,,
2,3,,0.026704,0.051846,0.373124,0.435419,0.091815,0.02095,0.000143,,1000800,,
2,3,,0.004555,0.087711,0.397323,0.407385,0.084635,0.018018,0.000374,,997100,,
2,3,,0.026672,0.085702,0.396782,0.400929,0.073805,0.015735,0.000373,,1002800,,
2,3,,0.002834,0.040892,0.180461,0.488082,0.239003,0.047415,0.001314,,1073200,,
2,2,,0.026895,0.056252,0.437656,0.381236,0.078982,0.01878,0.000199,,1000600,,
2,3,,0.026682,0.054913,0.403376,0.413781,0.082255,0.018775,0.000218,,1001800,,
2,3,,0.026865,0.056613,0.4018,0.410994,0.083296,0.019903,0.000529,,998600,,
2,2,,0.024956,0.050745,0.395406,0.392066,0.104447,0.031792,0.000587,,1002400,,
2,2,,0.025671,0.086183,0.382959,0.364525,0.11431,0.025969,0.000384,,1061000,,
2,3,,0.003736,0.049275,0.385497,0.444625,0.09566,0.02102,0.000187,,900700,,
2,3,,0.007469,0.065087,0.393493,0.417706,0.097227,0.018894,0.000124,,948300,,
2,2,,0.026996,0.077469,0.412707,0.389867,0.074806,0.017789,0.000365,,865500,,
2,2,,0.026733,0.054704,0.424333,0.392278,0.082907,0.018846,0.000199,,865300,,
2,3,,0.026272,0.052367,0.366597,0.433846,0.099171,0.021449,0.000298,,893900,,
2,3,,0.026035,0.081632,0.37885,0.395048,0.098475,0.019716,0.000244,,881200,,
2,3,,0.025012,0.045318,0.360172,0.430986,0.10956,0.028746,0.000207,,879000,,
2,3,,0.004054,0.045518,0.309788,0.474704,0.136582,0.028734,0.000619,,877600,,
2,2,,0.026604,0.057208,0.422211,0.40146,0.074918,0.017381,0.000218,,872900,,
2,3,,0.030297,0.068444,0.281367,0.391577,0.190732,0.035625,0.001957,,875700,,
2,3,,0.003538,0.0451,0.34434,0.438992,0.135677,0.032167,0.000185,,960000,,
2,2,,0.027066,0.064002,0.453312,0.351912,0.086175,0.017289,0.000244,,875100,,
2,3,,0.004009,0.048026,0.284972,0.472703,0.156724,0.03327,0.000296,,877400,,
2,2,,0.026895,0.056252,0.457656,0.361236,0.078982,0.01878,0.000199,,886800,,
2,3,,0.025656,0.076534,0.37876,0.403741,0.094216,0.020831,0.000263,,875800,,
2,3,,0.004869,0.066068,0.408111,0.419112,0.083146,0.018114,0.000579,,882300,,
2,3,,0.004017,0.048889,0.383134,0.445677,0.096127,0.022033,0.000124,,917600,,
2,3,,0.026316,0.050475,0.320088,0.433479,0.133009,0.036026,0.000606,,884600,,
2,3,,0.028365,0.09385,0.35984,0.392958,0.102892,0.021309,0.000785,,1086400,,
2,2,,0.02545,0.078348,0.39533,0.386536,0.092093,0.021938,0.000305,,1630900,,
2,3,,0.029349,0.088627,0.31379,0.395333,0.142182,0.02959,0.001129,,1681700,,
2,3,,0.027157,0.089213,0.372001,0.399946,0.091354,0.019596,0.000732,,1558600,,
2,3,,0.02662,0.05192,0.359817,0.450312,0.09077,0.020419,0.000143,,1800000,,
2,3,,0.028035,0.06558,0.334956,0.428404,0.117811,0.024502,0.000711,,1688700,,
2,3,,0.006855,0.06012,0.23234,0.423465,0.21687,0.05882,0.001528,,1692200,,
2,2,,0.025024,0.083128,0.402103,0.395442,0.078265,0.01582,0.000218,,1683700,,
2,3,,0.02748,0.08138,0.298645,0.415903,0.143733,0.031828,0.001031,,1597700,,
2,2,,0.026805,0.05739,0.417742,0.382408,0.092775,0.022364,0.000515,,1024200,,
2,2,,0.026447,0.057881,0.421029,0.405288,0.07255,0.016586,0.000218,,928300,,
2,2,,0.026616,0.058778,0.41302,0.406207,0.077337,0.017677,0.000365,,938600,,
2,3,,0.026688,0.086545,0.393418,0.40004,0.07704,0.015821,0.000448,,924500,,
2,3,,0.003538,0.0451,0.34434,0.438992,0.135677,0.032167,0.000185,,1219100,,
2,2,,0.024647,0.061949,0.415633,0.399164,0.081091,0.017252,0.000263,,889100,,
2,3,,0.004205,0.042715,0.240051,0.42845,0.210493,0.071588,0.002497,,888500,,
2,3,,0.027587,0.053285,0.358138,0.418485,0.10897,0.033109,0.000425,,875600,,
2,3,,0.00346,0.042055,0.215056,0.479834,0.215526,0.043439,0.000631,,876000,,
2,2,,0.026585,0.057009,0.41827,0.399378,0.08046,0.018054,0.000244,,867600,,
2,3,,0.02592,0.077341,0.395805,0.39586,0.085802,0.018854,0.000417,,865800,,
2,2,,0.025774,0.086924,0.398641,0.390129,0.08198,0.016337,0.000216,,866200,,
2,2,,0.00613,0.054523,0.440895,0.383007,0.092137,0.022855,0.000453,,1065800,,
2,2,,0.025483,0.079253,0.399225,0.387728,0.087757,0.020284,0.00027,,872100,,
2,2,,0.02685,0.054585,0.43126,0.395708,0.074432,0.016876,0.000289,,864600,,
2,2,,0.026604,0.057208,0.422211,0.40146,0.074918,0.017381,0.000218,,866000,,
2,3,,0.026531,0.04889,0.394704,0.415049,0.093846,0.02083,0.000151,,1057000,,
2,2,,0.009453,0.076348,0.410715,0.372025,0.108227,0.022604,0.000627,,876400,,
2,3,,0.003449,0.048576,0.409526,0.427666,0.091474,0.019123,0.000186,,870300,,
2,3,,0.003493,0.046633,0.345839,0.457306,0.115479,0.03098,0.000271,,872200,,
2,3,,0.007065,0.047051,0.152368,0.405779,0.301443,0.084315,0.001979,,962300,,
2,3,,0.00354,0.044984,0.331459,0.469786,0.122949,0.027175,0.000106,,866800,,
2,2,,0.026842,0.08206,0.392557,0.387306,0.091396,0.019385,0.000454,,879900,,
2,3,,0.025497,0.083652,0.379526,0.38468,0.102816,0.023504,0.000326,,869900,,
2,2,,0.026701,0.063105,0.417204,0.401428,0.074908,0.016436,0.000218,,868400,,
2,3,,0.026805,0.092351,0.380862,0.398767,0.083286,0.017479,0.00045,,866400,,
2,2,,0.026912,0.055446,0.433304,0.392083,0.074792,0.017099,0.000365,,879000,,
2,3,,0.024409,0.053528,0.326322,0.470503,0.100504,0.024392,0.000342,,929300,,
2,3,,0.003881,0.045918,0.352397,0.454435,0.111834,0.031411,0.000124,,957300,,
2,3,,0.003778,0.051619,0.280071,0.495746,0.143095,0.025539,0.000153,,889500,,
2,3,,0.025661,0.077919,0.378767,0.402871,0.094523,0.019606,0.000653,,876400,,
2,3,,0.027488,0.061662,0.290031,0.406579,0.177183,0.035762,0.001295,,879400,,
2,2,,0.026844,0.05646,0.4167,0.402739,0.07833,0.018708,0.000218,,878600,,
2,3,,0.003471,0.044994,0.326563,0.469207,0.127839,0.027776,0.000151,,891800,,
2,3,,0.024489,0.050857,0.37977,0.43118,0.093292,0.020224,0.000187,,934100,,
2,3,,0.026875,0.052686,0.380964,0.424963,0.092738,0.021557,0.000218,,877500,,
2,3,,0.026705,0.057933,0.388858,0.400977,0.102318,0.022937,0.000273,,897900,,
2,3,,0.005141,0.037277,0.323167,0.452776,0.150303,0.030972,0.000362,,953700,,
2,3,,0.003899,0.087751,0.229363,0.413378,0.213806,0.050704,0.0011,,884400,,
2,3,,0.005626,0.118,0.351337,0.387636,0.115403,0.02153,0.000466,,878700,,
2,2,,0.025421,0.059729,0.418596,0.393182,0.084572,0.0183,0.000199,,873800,,
2,3,,0.026704,0.051846,0.373124,0.435419,0.091815,0.02095,0.000143,,873500,,
2,2,,0.026447,0.057881,0.421029,0.405288,0.07255,0.016586,0.000218,,873400,,
2,3,,0.026394,0.052603,0.373738,0.433561,0.093292,0.020224,0.000187,,872400,,
2,3,,0.02549,0.073817,0.362133,0.401193,0.113735,0.023335,0.000298,,877000,,
2,3,,0.004442,0.052447,0.249728,0.473134,0.184831,0.034522,0.000895,,943100,,
2,3,,0.026825,0.053985,0.382781,0.419034,0.094618,0.022455,0.000302,,875300,,
2,3,,0.025395,0.052949,0.326421,0.389403,0.172324,0.03262,0.000889,,875900,,
2,3,,0.004695,0.049179,0.271936,0.484623,0.156093,0.03318,0.000294,,878700,,
2,3,,0.026456,0.055595,0.397298,0.41703,0.084778,0.01858,0.000263,,871200,,
2,3,,0.025821,0.075034,0.34559,0.394346,0.123235,0.035221,0.000752,,875800,,
2,3,,0.023737,0.102655,0.350804,0.384329,0.11343,0.02459,0.000455,,972500,,
2,3,,0.026218,0.057446,0.37681,0.405798,0.107757,0.025066,0.000906,,876900,,
2,3,,0.025583,0.076472,0.305884,0.391716,0.156834,0.041997,0.001514,,1044900,,
2,3,,0.002971,0.058039,0.155046,0.398509,0.305472,0.076924,0.003039,,877300,,
2,2,,0.026996,0.057469,0.412707,0.409867,0.074806,0.017789,0.000365,,877100,,
2,3,,0.024545,0.05012,0.361825,0.431878,0.107339,0.023944,0.00035,,887200,,
2,3,,0.026396,0.114815,0.336924,0.375598,0.120996,0.024189,0.001082,,879500,,
2,3,,0.024353,0.047886,0.35211,0.451285,0.099,0.025179,0.000187,,869200,,
2,2,,0.027294,0.069915,0.437446,0.36765,0.081518,0.015979,0.000199,,866400,,
2,3,,0.005308,0.079336,0.336173,0.415314,0.1359,0.027205,0.000764,,872400,,
2,3,,0.003468,0.046928,0.32058,0.45739,0.139886,0.031519,0.00023,,944200,,
2,3,,0.025708,0.107074,0.374979,0.383369,0.089012,0.019433,0.000425,,884200,,
2,3,,0.003145,0.05502,0.343293,0.452918,0.11931,0.025814,0.0005,,869600,,
2,2,,0.004301,0.061002,0.436149,0.386899,0.092655,0.018666,0.000327,,877600,,
2,2,,0.025483,0.079253,0.399225,0.387728,0.087757,0.020284,0.00027,,875600,,
2,3,,0.003999,0.047508,0.355817,0.444004,0.119206,0.028826,0.00064,,875600,,
2,3,,0.026598,0.06139,0.381268,0.419425,0.089993,0.02094,0.000386,,878500,,
2,2,,0.026688,0.057134,0.415518,0.406567,0.075963,0.017912,0.000218,,882400,,
2,3,,0.025292,0.052426,0.341041,0.420451,0.131354,0.029123,0.000313,,944900,,
2,3,,0.003434,0.078063,0.370504,0.435658,0.092918,0.019311,0.00011,,918700,,
2,2,,0.026237,0.083693,0.38895,0.384601,0.094462,0.021577,0.000479,,876800,,
2,2,,0.025616,0.053803,0.404645,0.402928,0.090856,0.021636,0.000516,,875600,,
2,3,,0.003649,0.045959,0.327021,0.473478,0.117847,0.031775,0.000271,,902300,,
2,3,,0.028171,0.076399,0.304558,0.421579,0.139926,0.028756,0.000611,,877500,,
2,2,,0.02559,0.080194,0.402115,0.390472,0.083645,0.017798,0.000186,,875700,,
2,2,,0.026688,0.057134,0.415518,0.406567,0.075963,0.017912,0.000218,,871300,,
2,3,,0.024353,0.047886,0.35211,0.451285,0.099,0.025179,0.000187,,874900,,
2,3,,0.003449,0.048576,0.409526,0.427666,0.091474,0.019123,0.000186,,995300,,
2,3,,0.026682,0.054913,0.403376,0.413781,0.082255,0.018775,0.000218,,873700,,
2,3,,0.003816,0.052053,0.298837,0.432931,0.162498,0.048246,0.001619,,884400,,
2,3,,0.003581,0.077123,0.309806,0.393097,0.177478,0.037751,0.001165,,877300,,
2,3,,0.003468,0.04511,0.322521,0.469759,0.130568,0.028345,0.00023,,879600,,
2,3,,0.003736,0.045842,0.343289,0.462922,0.112607,0.031382,0.000222,,886900,,
2,3,,0.027583,0.063894,0.366807,0.401192,0.116076,0.023889,0.000559,,874700,,
2,3,,0.004002,0.058145,0.287902,0.467926,0.15278,0.028891,0.000354,,873800,,
2,2,,0.026688,0.057134,0.415518,0.406567,0.075963,0.017912,0.000218,,950600,,
2,3,,0.02696,0.05062,0.387522,0.410183,0.101314,0.023195,0.000207,,1090500,,
2,3,,0.004752,0.044822,0.257861,0.512237,0.146069,0.033828,0.000432,,879000,,
2,3,,0.025983,0.080455,0.392612,0.398878,0.083534,0.018205,0.000333,,878700,,
2,3,,0.024612,0.040368,0.215406,0.446017,0.218921,0.052932,0.001745,,880800,,
2,2,,0.026893,0.056116,0.40896,0.402834,0.08481,0.020085,0.000302,,876700,,
2,2,,0.02566,0.078915,0.413044,0.384384,0.078755,0.019101,0.000141,,877000,,
2,3,,0.004476,0.059789,0.292213,0.478614,0.137187,0.027529,0.000193,,880400,,
2,2,,0.026844,0.05646,0.4167,0.402739,0.07833,0.018708,0.000218,,1072100,,
2,2,,0.026672,0.105702,0.396782,0.380929,0.073805,0.015735,0.000373,,876500,,
2,3,,0.005313,0.077901,0.351102,0.404789,0.126564,0.033693,0.000639,,872800,,
2,2,,0.008065,0.09713,0.418798,0.363049,0.095013,0.017541,0.000405,,879200,,
2,3,,0.00519,0.053235,0.242675,0.49807,0.167091,0.033119,0.000619,,871500,,
2,3,,0.026394,0.052603,0.373738,0.433561,0.093292,0.020224,0.000187,,868300,,
2,3,,0.003832,0.063994,0.393082,0.412734,0.104364,0.021466,0.000527,,867200,,
2,3,,0.004176,0.049641,0.214857,0.483727,0.198658,0.047941,0.001001,,867800,,
2,2,,0.02687,0.065886,0.418208,0.394575,0.077423,0.01682,0.000218,,1112900,,
2,3,,0.005871,0.140047,0.347154,0.386736,0.102918,0.016458,0.000817,,882000,,
2,2,,0.02559,0.080194,0.402115,0.390472,0.083645,0.017798,0.000186,,899500,,
2,2,,0.026808,0.058686,0.439075,0.379681,0.077677,0.017875,0.000199,,887000,,
2,3,,0.004035,0.061772,0.338289,0.444945,0.127058,0.02296,0.000939,,908000,,
2,2,,0.026688,0.057134,0.415518,0.406567,0.075963,0.017912,0.000218,,882100,,
2,3,,0.007741,0.056372,0.338085,0.437927,0.133139,0.02617,0.000566,,874700,,
2,3,,0.026442,0.052259,0.365998,0.433656,0.099772,0.021602,0.000271,,877700,,
2,3,,0.005844,0.034688,0.217633,0.505259,0.200011,0.035416,0.001147,,947400,,
2,3,,0.028224,0.057464,0.267403,0.427394,0.183911,0.034424,0.001179,,872100,,
2,3,,0.005618,0.054089,0.289027,0.460371,0.156871,0.033136,0.000887,,868300,,
2,3,,0.004149,0.086347,0.349266,0.415325,0.119046,0.02515,0.000718,,887100,,
2,2,,0.026633,0.056665,0.43053,0.379472,0.08694,0.019431,0.000327,,873700,,
2,2,,0.004065,0.061373,0.418351,0.418003,0.080327,0.017434,0.000448,,871900,,
2,3,,0.02667,0.053689,0.37995,0.42852,0.090895,0.020133,0.000143,,872500,,
2,3,,0.026042,0.046266,0.361459,0.426844,0.114226,0.024681,0.000483,,868800,,
2,3,,0.003397,0.05194,0.310707,0.49027,0.121051,0.0224,0.000237,,934700,,
2,3,,0.003483,0.031403,0.326752,0.488082,0.123088,0.02683,0.00036,,870800,,
2,3,,0.02666,0.087412,0.388765,0.396935,0.08318,0.016712,0.000337,,879800,,
2,3,,0.02545,0.074309,0.364571,0.416485,0.097129,0.021944,0.00011,,871900,,
2,3,,0.026634,0.053433,0.386475,0.423683,0.089326,0.02023,0.000218,,964700,,
2,2,,0.026996,0.057469,0.412707,0.409867,0.074806,0.017789,0.000365,,878000,,
2,2,,0.024783,0.088745,0.408199,0.380216,0.081829,0.015776,0.000452,,874200,,
2,3,,0.025575,0.082478,0.394136,0.39588,0.085779,0.015882,0.00027,,873400,,
2,2,,0.026604,0.057208,0.422211,0.40146,0.074918,0.017381,0.000218,,968100,,
2,3,,0.027672,0.050838,0.360487,0.43116,0.105269,0.024304,0.000271,,867000,,
2,3,,0.007135,0.069024,0.371361,0.444627,0.090156,0.01732,0.000377,,868900,,
2,3,,0.02508,0.077638,0.287304,0.396273,0.168828,0.043609,0.001268,,878800,,
2,3,,0.003894,0.051229,0.306038,0.484457,0.126758,0.027519,0.000106,,876800,,
2,3,,0.026441,0.061945,0.388693,0.401756,0.098979,0.021784,0.000403,,877200,,
2,3,,0.025444,0.080855,0.366115,0.387453,0.114638,0.024889,0.000607,,877400,,
2,3,,0.004021,0.050927,0.30547,0.479822,0.131071,0.028602,0.000087,,876300,,
2,2,,0.025709,0.109646,0.385704,0.380097,0.08193,0.016423,0.000492,,971300,,
2,3,,0.026746,0.056281,0.401615,0.406713,0.087281,0.021062,0.000302,,873300,,
2,3,,0.005477,0.080347,0.2904,0.413591,0.176997,0.031816,0.001371,,875800,,
2,2,,0.026053,0.079176,0.40354,0.392791,0.078643,0.019509,0.000289,,877700,,
2,3,,0.003468,0.04511,0.322521,0.469759,0.130568,0.028345,0.00023,,872600,,
3,3,,0.004006,0.049419,0.327835,0.456687,0.134466,0.027457,0.000132,,911200,,
3,3,,0.00518,0.076977,0.241752,0.374111,0.252119,0.047959,0.001903,,879000,,
3,3,,0.004959,0.052067,0.29513,0.427079,0.185736,0.034317,0.000712,,875600,,
3,3,,0.026746,0.056281,0.401615,0.406713,0.087281,0.021062,0.000302,,943700,,
3,3,,0.00343,0.044609,0.322526,0.45477,0.138591,0.035396,0.000679,,872800,,
3,3,,0.003389,0.035158,0.173317,0.498681,0.230468,0.057194,0.001794,,893000,,
3,2,,0.027085,0.0842,0.397253,0.393994,0.080633,0.016616,0.000218,,904100,,
3,3,,0.003519,0.044649,0.318823,0.469302,0.134319,0.029153,0.000234,,880200,,
3,3,,0.023936,0.077385,0.239782,0.398635,0.217606,0.041743,0.000913,,878500,,
3,3,,0.026408,0.054116,0.380396,0.426933,0.091848,0.020036,0.000263,,877600,,
3,3,,0.003371,0.025855,0.204311,0.503577,0.220547,0.041354,0.000985,,876300,,
3,3,,0.005371,0.131092,0.29974,0.377317,0.161071,0.024486,0.000922,,888300,,
3,2,,0.026696,0.063613,0.401203,0.400054,0.089513,0.018501,0.000421,,982300,,
3,2,,0.026717,0.063948,0.413839,0.400538,0.078143,0.016522,0.000292,,875500,,
3,3,,0.024254,0.04455,0.234094,0.442157,0.197699,0.055715,0.00153,,882000,,
3,2,,0.026805,0.05739,0.417742,0.382408,0.092775,0.022364,0.000515,,977900,,
3,3,,0.025967,0.112271,0.332873,0.388913,0.118486,0.020579,0.000911,,882000,,
3,3,,0.004959,0.052067,0.29513,0.427079,0.185736,0.034317,0.000712,,960500,,
3,3,,0.024745,0.026914,0.202669,0.403583,0.269584,0.070055,0.00245,,878400,,
3,3,,0.003747,0.044103,0.33052,0.453109,0.135968,0.032465,0.000087,,874300,,
3,3,,0.005371,0.04268,0.202156,0.474367,0.224033,0.050193,0.0012,,875800,,
3,3,,0.004756,0.047474,0.267844,0.482741,0.162487,0.034283,0.000415,,947900,,
3,3,,0.003697,0.044311,0.332641,0.465958,0.125316,0.027971,0.000106,,876300,,
3,3,,0.003552,0.073194,0.368691,0.433603,0.102451,0.018081,0.000428,,901700,,
3,2,,0.026667,0.062179,0.413706,0.40233,0.078017,0.016808,0.000292,,878200,,
3,3,,0.004927,0.043362,0.290764,0.420171,0.174597,0.063989,0.002189,,880500,,
3,3,,0.009094,0.07967,0.17114,0.373369,0.282841,0.081447,0.002439,,874400,,
3,3,,0.00374,0.043763,0.292533,0.487747,0.14117,0.030833,0.000215,,874100,,
3,3,,0.026177,0.049078,0.373116,0.417919,0.108519,0.024708,0.000483,,890000,,
3,3,,0.02667,0.051712,0.400773,0.408809,0.091422,0.020491,0.000124,,874000,,
3,3,,0.004455,0.04489,0.246684,0.375497,0.269505,0.056364,0.002606,,955500,,
3,3,,0.005834,0.047534,0.220185,0.424251,0.254638,0.046155,0.001404,,875300,,
3,2,,0.026688,0.057134,0.415518,0.406567,0.075963,0.017912,0.000218,,874000,,
3,3,,0.026929,0.057028,0.39501,0.40104,0.099919,0.019905,0.000168,,873100,,
3,3,,0.02655,0.05193,0.37492,0.429733,0.09566,0.02102,0.000187,,877400,,
3,3,,0.00321,0.041575,0.183265,0.501764,0.22637,0.042622,0.001194,,982900,,
3,3,,0.026457,0.052337,0.336079,0.432089,0.124892,0.027512,0.000634,,890300,,
3,3,,0.024508,0.050921,0.35164,0.45158,0.096716,0.024492,0.000143,,878100,,
3,3,,0.024225,0.047194,0.282268,0.461713,0.1483,0.035877,0.000423,,962700,,
3,3,,0.026359,0.056731,0.386269,0.410164,0.097769,0.022305,0.000403,,885600,,
3,3,,0.007038,0.085316,0.21373,0.404585,0.238999,0.048679,0.001653,,886700,,
3,3,,0.007003,0.042301,0.152445,0.39296,0.338121,0.06525,0.00192,,886500,,
3,3,,0.004536,0.044235,0.303947,0.42987,0.168673,0.047795,0.000943,,886000,,
3,3,,0.024724,0.046543,0.324339,0.473312,0.103539,0.027401,0.000143,,882300,,
3,3,,0.003471,0.044994,0.326563,0.469207,0.127839,0.027776,0.000151,,880100,,
3,3,,0.002863,0.057357,0.294993,0.425583,0.178793,0.038888,0.001523,,879600,,
3,3,,0.027411,0.054658,0.330194,0.432158,0.126106,0.028436,0.001037,,927900,,
3,3,,0.026456,0.055595,0.397298,0.41703,0.084778,0.01858,0.000263,,923200,,
3,3,,0.003711,0.047636,0.348283,0.466268,0.109069,0.024611,0.000422,,893600,,
3,3,,0.005411,0.077,0.365359,0.440875,0.093306,0.017475,0.000574,,879700,,
3,2,,0.026654,0.057,0.463167,0.359957,0.07557,0.017453,0.000199,,882600,,
3,3,,0.00776,0.082173,0.305282,0.413865,0.158258,0.031737,0.000925,,882300,,
3,3,,0.003737,0.052011,0.316196,0.449102,0.150157,0.028606,0.000191,,1013800,,
3,3,,0.024543,0.048794,0.2735,0.412569,0.185719,0.052818,0.002057,,1301300,,
3,2,,0.027737,0.052142,0.408101,0.383029,0.104476,0.024187,0.000327,,1318000,,
3,3,,0.005605,0.046754,0.302246,0.431525,0.180355,0.032003,0.001512,,1011600,,
3,3,,0.025763,0.113023,0.326417,0.389856,0.122916,0.021029,0.000995,,889500,,
3,3,,0.024398,0.047667,0.341461,0.450622,0.106998,0.028391,0.000462,,891000,,
3,3,,0.026601,0.051721,0.395876,0.40823,0.096312,0.021092,0.000168,,884800,,
3,3,,0.026599,0.051585,0.36718,0.429828,0.10214,0.022397,0.000271,,882200,,
3,3,,0.004453,0.053815,0.247819,0.454516,0.202383,0.035884,0.001131,,879600,,
3,3,,0.026311,0.059429,0.299476,0.450385,0.135661,0.028363,0.000375,,878900,,
3,3,,0.006041,0.05809,0.384834,0.42079,0.104894,0.024429,0.000921,,970700,,
3,3,,0.009254,0.03209,0.17693,0.441259,0.271879,0.067122,0.001465,,911500,,
3,3,,0.003638,0.048638,0.347684,0.446754,0.125928,0.027173,0.000185,,877900,,
3,3,,0.002944,0.022238,0.172113,0.486712,0.270593,0.044525,0.000875,,885200,,
3,3,,0.028557,0.051076,0.262517,0.432272,0.177787,0.046458,0.001332,,897300,,
3,3,,0.003317,0.044727,0.285204,0.488243,0.147582,0.030755,0.000172,,884800,,
3,2,,0.026295,0.059061,0.407245,0.387597,0.098605,0.020871,0.000326,,879100,,
3,3,,0.024854,0.045754,0.348,0.451113,0.102898,0.027257,0.000124,,952700,,
3,3,,0.003325,0.046784,0.323175,0.491608,0.112497,0.022536,0.000074,,946300,,
3,3,,0.0244,0.047874,0.30511,0.440587,0.147162,0.033949,0.000918,,879800,,
3,3,,0.02799,0.053887,0.380372,0.409745,0.101836,0.025383,0.000786,,877400,,
3,3,,0.029423,0.060946,0.32061,0.396099,0.160519,0.03126,0.001143,,880800,,
3,3,,0.003398,0.044272,0.248202,0.488115,0.178725,0.036329,0.00096,,877300,,
3,3,,0.005371,0.131092,0.29974,0.377317,0.161071,0.024486,0.000922,,898100,,
3,2,,0.026908,0.062224,0.439342,0.376097,0.077928,0.017303,0.000199,,887500,,
3,3,,0.007523,0.053198,0.233127,0.437771,0.229574,0.037353,0.001454,,888300,,
3,3,,0.003328,0.02072,0.167688,0.480913,0.27663,0.049474,0.001247,,959300,,
3,3,,0.027713,0.082179,0.347612,0.399889,0.117579,0.024391,0.000636,,880600,,
3,3,,0.026394,0.052603,0.373738,0.433561,0.093292,0.020224,0.000187,,889100,,
3,2,,0.028895,0.062056,0.398468,0.379968,0.105991,0.023934,0.000688,,882700,,
3,2,,0.026688,0.057134,0.415518,0.406567,0.075963,0.017912,0.000218,,880900,,
3,3,,0.003303,0.045482,0.301979,0.492095,0.129974,0.027015,0.000151,,885900,,
3,3,,0.0038,0.043616,0.278694,0.47068,0.163899,0.038625,0.000686,,889200,,
3,3,,0.003627,0.044321,0.307745,0.485379,0.130207,0.028572,0.000151,,883900,,
3,3,,0.024594,0.045869,0.288595,0.478406,0.129184,0.032941,0.000411,,887700,,
3,3,,0.026673,0.051913,0.358328,0.39638,0.13429,0.031188,0.001227,,1035200,,
3,3,,0.023753,0.04438,0.237644,0.48285,0.174351,0.036215,0.000807,,882500,,
3,2,,0.026701,0.063105,0.417204,0.401428,0.074908,0.016436,0.000218,,889400,,
3,3,,0.026328,0.050734,0.363454,0.443732,0.094109,0.021501,0.000143,,888900,,
3,3,,0.02548,0.051362,0.287615,0.425363,0.169573,0.039657,0.000951,,889900,,
3,3,,0.00389,0.076629,0.388734,0.417788,0.093112,0.019723,0.000124,,899400,,
3,3,,0.026342,0.05384,0.364414,0.427974,0.105116,0.021888,0.000426,,890700,,
3,3,,0.029179,0.088425,0.315763,0.395697,0.14058,0.029357,0.000999,,879300,,
3,3,,0.00354,0.046802,0.329519,0.457417,0.132267,0.030348,0.000106,,888500,,
3,3,,0.026698,0.087377,0.34465,0.382987,0.131521,0.026008,0.000759,,1136600,,
3,3,,0.026185,0.084108,0.331171,0.384484,0.147715,0.025417,0.00092,,894100,,
3,3,,0.025514,0.075478,0.363489,0.409951,0.102165,0.023133,0.00027,,879300,,
3,3,,0.026617,0.064441,0.400648,0.401348,0.088284,0.018085,0.000576,,872800,,
3,2,,0.026895,0.056252,0.417656,0.401236,0.078982,0.01878,0.000199,,881200,,
3,3,,0.028358,0.05563,0.392763,0.412573,0.087827,0.022399,0.000449,,878400,,
3,3,,0.02624,0.052336,0.352379,0.432597,0.113035,0.023204,0.000208,,876100,,
3,3,,0.007963,0.055926,0.146056,0.364948,0.356902,0.066021,0.002184,,878500,,
3,3,,0.005756,0.06825,0.235263,0.427875,0.205564,0.055374,0.001918,,1178500,,
3,2,,0.027085,0.0642,0.417253,0.393994,0.080633,0.016616,0.000218,,888200,,
3,3,,0.003568,0.048647,0.319711,0.454829,0.140818,0.032197,0.00023,,870500,,
3,3,,0.025578,0.074008,0.364004,0.411851,0.101442,0.023027,0.000091,,867300,,
3,2,,0.027023,0.081241,0.409113,0.384943,0.081304,0.016234,0.000141,,867400,,
3,3,,0.025633,0.053846,0.22995,0.411949,0.225215,0.051464,0.001942,,866400,,
3,2,,0.026378,0.057891,0.416132,0.404709,0.077441,0.017187,0.000263,,866100,,
3,2,,0.025977,0.052837,0.444987,0.363283,0.09003,0.022434,0.000453,,868200,,
3,3,,0.024093,0.040884,0.230788,0.413768,0.237855,0.050823,0.001789,,868600,,
3,3,,0.004015,0.052408,0.217694,0.433198,0.232347,0.058572,0.001765,,951400,,
3,3,,0.026387,0.053781,0.36776,0.426448,0.103218,0.022014,0.000391,,867200,,
3,3,,0.005455,0.08598,0.372472,0.413805,0.099365,0.022123,0.000799,,866900,,
3,3,,0.026392,0.081432,0.311663,0.373713,0.173523,0.031754,0.001523,,866800,,
3,3,,0.025408,0.079828,0.22219,0.355623,0.272542,0.042724,0.001685,,866800,,
3,3,,0.002897,0.039921,0.170777,0.490226,0.234462,0.059652,0.002065,,866000,,
3,3,,0.024508,0.050921,0.35164,0.45158,0.096716,0.024492,0.000143,,867100,,
3,3,,0.003721,0.047197,0.396169,0.433292,0.097129,0.022369,0.000124,,876100,,
3,3,,0.023028,0.064101,0.217516,0.42113,0.226326,0.046438,0.00146,,1098000,,
3,2,,0.007597,0.099676,0.393098,0.39254,0.089255,0.017022,0.000812,,963800,,
3,3,,0.02452,0.054375,0.331463,0.468556,0.096863,0.02408,0.000143,,883000,,
3,3,,0.027279,0.08412,0.375353,0.383505,0.108687,0.020612,0.000445,,865800,,
3,3,,0.003504,0.042544,0.228909,0.485895,0.195033,0.042699,0.001417,,868000,,
3,3,,0.006132,0.067962,0.370885,0.411233,0.117539,0.0252,0.001049,,888400,,
3,3,,0.025265,0.081166,0.368194,0.393041,0.108373,0.023635,0.000326,,874100,,
3,3,,0.024353,0.047886,0.35211,0.451285,0.099,0.025179,0.000187,,875100,,
3,3,,0.006101,0.042794,0.159649,0.417305,0.303218,0.068112,0.002821,,1088700,,
3,3,,0.025864,0.107755,0.368774,0.38449,0.096014,0.016525,0.000579,,1031000,,
3,3,,0.026684,0.047332,0.235045,0.404068,0.233513,0.051987,0.001369,,950000,,
3,3,,0.026318,0.049709,0.397188,0.419982,0.088028,0.01871,0.000066,,897900,,
3,3,,0.003571,0.089219,0.375115,0.414958,0.096553,0.020214,0.000371,,878600,,
3,3,,0.026775,0.049104,0.360081,0.43968,0.100541,0.023695,0.000124,,879600,,
3,3,,0.026926,0.052477,0.38192,0.42346,0.09339,0.021628,0.000199,,1018800,,
3,3,,0.006681,0.081991,0.295581,0.384832,0.193949,0.035702,0.001264,,1200900,,
3,3,,0.02349,0.049977,0.222051,0.44063,0.214462,0.047919,0.001471,,877300,,
3,3,,0.003863,0.086183,0.204228,0.415199,0.243289,0.045717,0.00152,,889300,,
3,3,,0.003268,0.047804,0.244897,0.474531,0.18654,0.042077,0.000883,,923100,,
3,3,,0.002782,0.019847,0.181778,0.452403,0.278981,0.06217,0.002039,,876300,,
3,3,,0.024875,0.046779,0.284022,0.467263,0.141068,0.034495,0.001499,,881600,,
3,3,,0.026975,0.057135,0.400071,0.409382,0.086176,0.019767,0.000494,,882400,,
3,3,,0.026408,0.054116,0.380396,0.426933,0.091848,0.020036,0.000263,,923300,,
3,3,,0.004124,0.045615,0.220293,0.424589,0.236245,0.066651,0.002482,,916500,,
3,3,,0.02524,0.047633,0.251012,0.425761,0.205597,0.043658,0.001099,,881900,,
3,3,,0.003459,0.048943,0.324225,0.460103,0.129042,0.034076,0.000152,,887900,,
3,3,,0.026742,0.050792,0.362414,0.431404,0.10533,0.023066,0.000252,,881600,,
3,2,,0.026604,0.057208,0.422211,0.40146,0.074918,0.017381,0.000218,,880800,,
3,3,,0.025994,0.091747,0.328568,0.387576,0.142682,0.022522,0.000911,,887800,,
3,3,,0.025201,0.07033,0.319409,0.419796,0.136975,0.027532,0.000757,,881400,,
3,3,,0.005871,0.046829,0.264743,0.460874,0.185774,0.034792,0.001117,,873500,,
3,3,,0.026463,0.052593,0.378635,0.43414,0.088402,0.019623,0.000143,,973300,,
3,3,,0.006823,0.052371,0.186892,0.418924,0.249267,0.082354,0.003369,,884200,,
3,3,,0.024653,0.051103,0.34184,0.423041,0.126669,0.031744,0.00095,,884000,,
3,3,,0.026752,0.051501,0.365384,0.435514,0.098294,0.022327,0.000226,,883300,,
3,3,,0.004394,0.046929,0.39677,0.442281,0.090407,0.019152,0.000066,,891400,,
3,2,,0.027009,0.066312,0.403816,0.396372,0.086742,0.019325,0.000424,,937700,,
3,3,,0.00522,0.05784,0.225731,0.42287,0.227873,0.058448,0.002018,,883600,,
3,3,,0.006938,0.055757,0.297628,0.398816,0.182977,0.056065,0.001819,,882600,,
3,2,,0.02744,0.088315,0.398667,0.389963,0.079835,0.015482,0.000298,,954600,,
3,3,,0.007107,0.046822,0.259654,0.43822,0.19493,0.051566,0.001702,,880900,,
3,3,,0.028035,0.06601,0.382015,0.395476,0.105086,0.022804,0.000574,,885100,,
3,3,,0.003388,0.04029,0.199352,0.521858,0.193337,0.040049,0.001726,,894600,,
3,3,,0.003869,0.043499,0.315762,0.468717,0.137996,0.029985,0.000171,,891500,,
3,3,,0.027392,0.089978,0.379907,0.389674,0.093783,0.018798,0.000469,,891100,,
3,3,,0.026349,0.0529,0.389395,0.393019,0.112374,0.025553,0.00041,,887800,,
3,3,,0.004238,0.04738,0.392377,0.428154,0.103853,0.023791,0.000207,,882000,,
3,3,,0.024711,0.049014,0.347587,0.451903,0.100376,0.026188,0.000222,,878500,,
3,3,,0.003428,0.046484,0.347945,0.460512,0.111356,0.030087,0.000187,,975000,,
3,2,,0.006166,0.058208,0.389873,0.382724,0.132846,0.029098,0.001085,,878800,,
3,3,,0.007445,0.081067,0.267457,0.413107,0.188829,0.040812,0.001283,,882500,,
3,3,,0.024078,0.052031,0.314927,0.472851,0.110519,0.025062,0.000531,,888700,,
3,3,,0.026437,0.052002,0.323442,0.431605,0.136262,0.029491,0.000762,,905400,,
3,2,,0.026585,0.057009,0.43827,0.379378,0.08046,0.018054,0.000244,,883200,,
3,3,,0.02456,0.047004,0.354248,0.445953,0.102019,0.026047,0.000168,,909000,,
3,3,,0.003829,0.056624,0.336067,0.437763,0.135959,0.028104,0.001654,,883300,,
3,2,,0.026378,0.057891,0.416132,0.404709,0.077441,0.017187,0.000263,,883100,,
3,3,,0.004133,0.028848,0.24741,0.425843,0.238445,0.053685,0.001636,,954000,,
3,3,,0.003519,0.048567,0.414423,0.428245,0.086584,0.018522,0.000141,,886100,,
3,3,,0.003706,0.041841,0.236037,0.469545,0.17508,0.071374,0.002417,,874700,,
3,2,,0.026393,0.056642,0.404497,0.403612,0.088256,0.020218,0.000382,,883700,,
3,3,,0.024423,0.047876,0.357007,0.451863,0.094109,0.024578,0.000143,,881400,,
3,3,,0.00529,0.023429,0.236259,0.50856,0.181367,0.043677,0.001417,,895400,,
3,3,,0.004052,0.040439,0.185233,0.463883,0.255525,0.049215,0.001652,,886100,,
