wine-quality-white,CWE,test,1,NANOSECONDS,PREDICTIONS, Generated by ClassifierExperiments.java on 2022-05-16 22:41:24.    SYSTEMPROPERTIES:{user.name:matth,os.arch:amd64,os.name:Windows 10},ENDSYSTEMPROPERTIES
No parameter info
0.4841997961264016,594150500,886980000,-1,0,7,,-1,-1
0,2,,0.045943,0.029019,0.433262,0.379048,0.093456,0.018737,0.000535,,1021800,,
0,3,,0.024276,0.077517,0.204608,0.458908,0.190375,0.041751,0.002565,,888300,,
0,2,,0.04377,0.031812,0.433574,0.410766,0.067669,0.011969,0.000439,,882800,,
0,3,,0.024013,0.046864,0.354059,0.434625,0.121013,0.018431,0.000994,,912900,,
1,3,,0.045657,0.05551,0.357376,0.429775,0.093237,0.018181,0.000264,,870300,,
1,3,,0.044062,0.066843,0.398336,0.40915,0.069028,0.012043,0.000539,,867200,,
1,2,,0.045223,0.058511,0.41545,0.408746,0.061174,0.010779,0.000118,,939800,,
1,2,,0.045375,0.055093,0.43114,0.392615,0.06443,0.011146,0.000201,,866400,,
1,3,,0.043573,0.07188,0.39502,0.409424,0.067179,0.012807,0.000116,,863200,,
1,3,,0.003875,0.101087,0.260906,0.453193,0.149607,0.030548,0.000785,,863700,,
1,3,,0.043713,0.083673,0.30947,0.428552,0.112776,0.021389,0.000427,,872700,,
1,3,,0.045657,0.05551,0.357376,0.429775,0.093237,0.018181,0.000264,,872900,,
1,3,,0.023323,0.021723,0.341226,0.45434,0.140508,0.018569,0.000312,,871100,,
1,3,,0.023991,0.085006,0.360303,0.436707,0.078513,0.015179,0.000301,,866900,,
1,3,,0.025438,0.0771,0.174298,0.434874,0.238512,0.04722,0.002558,,934900,,
1,2,,0.043813,0.052476,0.444022,0.383182,0.064617,0.011754,0.000137,,946700,,
1,2,,0.043691,0.031166,0.427941,0.410416,0.072746,0.013518,0.000521,,863300,,
1,3,,0.023997,0.096025,0.277758,0.451094,0.124694,0.025676,0.000757,,867200,,
1,2,,0.043871,0.074879,0.425448,0.379007,0.064191,0.012468,0.000137,,866600,,
1,3,,0.04414,0.064797,0.374393,0.432045,0.071652,0.012449,0.000524,,866200,,
1,3,,0.044153,0.068647,0.354906,0.432612,0.067858,0.031306,0.000519,,868000,,
1,3,,0.047235,0.078319,0.390664,0.396898,0.073451,0.013317,0.000116,,873700,,
1,3,,0.003521,0.055258,0.322564,0.482907,0.112985,0.022279,0.000485,,868200,,
1,2,,0.044859,0.032796,0.414086,0.400984,0.093836,0.013244,0.000194,,962600,,
1,3,,0.003686,0.125041,0.311175,0.436315,0.103126,0.020229,0.000428,,879100,,
1,3,,0.004397,0.048445,0.309094,0.471928,0.121948,0.043578,0.00061,,866400,,
1,3,,0.024617,0.082348,0.187405,0.418258,0.236494,0.049704,0.001175,,884200,,
1,3,,0.024663,0.04052,0.147675,0.429532,0.238956,0.115792,0.002861,,881500,,
1,3,,0.024211,0.08949,0.361539,0.446543,0.066663,0.011193,0.000362,,875100,,
1,3,,0.044009,0.036838,0.406488,0.419775,0.061862,0.030847,0.000181,,872800,,
1,3,,0.00401,0.101568,0.249164,0.453992,0.154384,0.035356,0.001526,,883700,,
1,3,,0.043752,0.072815,0.310644,0.41749,0.129238,0.025557,0.000505,,958400,,
1,3,,0.003917,0.100332,0.273554,0.466886,0.127667,0.026309,0.001335,,914600,,
1,3,,0.043676,0.046255,0.346012,0.440622,0.107825,0.015148,0.000462,,873800,,
1,3,,0.005364,0.067832,0.3062,0.461213,0.130574,0.027452,0.001365,,873400,,
1,3,,0.044694,0.067997,0.287723,0.421212,0.145081,0.031522,0.001771,,882000,,
1,3,,0.005311,0.022246,0.35567,0.438435,0.162972,0.015306,0.000061,,873600,,
2,2,,0.043881,0.033073,0.447425,0.401374,0.062751,0.011058,0.000439,,871800,,
2,3,,0.04484,0.032321,0.397949,0.419876,0.091115,0.01346,0.000439,,873700,,
2,2,,0.049618,0.036751,0.494951,0.343715,0.062998,0.011528,0.000439,,961600,,
2,3,,0.044887,0.030584,0.403907,0.423309,0.081674,0.015353,0.000284,,871300,,
2,2,,0.046786,0.070093,0.420307,0.376755,0.071671,0.014168,0.000219,,870300,,
2,2,,0.045681,0.027179,0.418032,0.41712,0.077752,0.013952,0.000284,,884200,,
2,3,,0.047375,0.060387,0.350349,0.400943,0.102008,0.038634,0.000304,,878900,,
2,3,,0.045024,0.032681,0.418085,0.424217,0.068275,0.0116,0.000118,,879700,,
2,3,,0.024857,0.052474,0.398895,0.439725,0.0709,0.012949,0.0002,,868200,,
2,3,,0.024347,0.050257,0.29656,0.444596,0.148793,0.033634,0.001814,,867800,,
2,2,,0.043946,0.030807,0.426569,0.42433,0.063002,0.011146,0.000201,,867300,,
2,3,,0.043049,0.023868,0.321925,0.451932,0.132217,0.026437,0.000573,,885800,,
2,2,,0.049522,0.033363,0.505659,0.333278,0.06592,0.012056,0.000201,,941000,,
2,3,,0.043849,0.073986,0.38129,0.411281,0.075453,0.014024,0.000116,,904700,,
2,3,,0.044944,0.049513,0.234035,0.442768,0.187215,0.039673,0.001853,,875000,,
2,3,,0.043397,0.047317,0.361154,0.411582,0.113466,0.022503,0.000582,,872000,,
2,3,,0.043067,0.065743,0.322099,0.419627,0.123694,0.025205,0.000565,,881700,,
2,2,,0.045371,0.041397,0.419458,0.41103,0.066833,0.01543,0.000481,,866700,,
2,3,,0.004112,0.040839,0.348842,0.440297,0.121694,0.043679,0.000537,,870000,,
2,3,,0.043712,0.027869,0.400357,0.418919,0.094708,0.014233,0.000201,,869000,,
2,2,,0.045385,0.058368,0.411739,0.393775,0.07614,0.014372,0.000221,,973900,,
2,2,,0.045544,0.086228,0.407886,0.358328,0.082792,0.0189,0.000321,,869000,,
2,3,,0.043835,0.069161,0.311645,0.420886,0.128015,0.025807,0.000651,,874400,,
2,2,,0.047214,0.034184,0.473425,0.370929,0.062751,0.011058,0.000439,,881900,,
2,3,,0.043642,0.030706,0.393457,0.429325,0.069589,0.033017,0.000263,,874800,,
2,3,,0.0432,0.04482,0.372615,0.394774,0.122692,0.021129,0.000771,,867800,,
2,3,,0.044805,0.052614,0.384309,0.436939,0.068654,0.012479,0.0002,,866100,,
2,3,,0.04413,0.055109,0.381697,0.413201,0.088099,0.017336,0.000429,,865900,,
2,3,,0.046745,0.027015,0.395562,0.427241,0.085416,0.017676,0.000345,,1040100,,
2,3,,0.045041,0.081977,0.278678,0.415344,0.133945,0.044638,0.000377,,883600,,
2,3,,0.045185,0.047192,0.245447,0.418618,0.200716,0.040791,0.002051,,880900,,
2,3,,0.024577,0.054359,0.373681,0.466613,0.067575,0.012994,0.0002,,1372800,,
2,2,,0.043583,0.048514,0.41091,0.41081,0.071557,0.01449,0.000137,,879400,,
2,3,,0.043712,0.027869,0.400357,0.438919,0.074708,0.014233,0.000201,,878200,,
2,2,,0.045936,0.033441,0.486893,0.34717,0.072105,0.01385,0.000606,,869100,,
2,3,,0.044361,0.028883,0.272107,0.432802,0.163176,0.056538,0.002133,,955300,,
2,3,,0.044042,0.066299,0.288298,0.432369,0.124523,0.043938,0.000531,,878900,,
2,3,,0.004751,0.054126,0.276077,0.481794,0.151213,0.029899,0.002139,,881000,,
2,3,,0.04472,0.031316,0.367522,0.406247,0.108582,0.041241,0.000373,,885200,,
2,3,,0.004706,0.026483,0.155513,0.424183,0.26137,0.12326,0.004484,,885500,,
2,2,,0.043881,0.053073,0.427425,0.401374,0.062751,0.011058,0.000439,,875900,,
2,3,,0.004324,0.058333,0.197376,0.490881,0.18641,0.060627,0.002049,,891700,,
2,3,,0.004651,0.043234,0.280777,0.470928,0.165578,0.033497,0.001335,,882000,,
2,3,,0.023819,0.072723,0.202697,0.430298,0.190691,0.078188,0.001584,,877400,,
2,3,,0.022855,0.045368,0.149778,0.449628,0.241074,0.089227,0.002071,,967500,,
2,3,,0.043998,0.030668,0.421154,0.427115,0.065249,0.011616,0.000201,,880400,,
2,2,,0.049736,0.059454,0.477407,0.338814,0.062484,0.011904,0.000201,,885600,,
2,3,,0.043368,0.047466,0.380538,0.42808,0.084257,0.015808,0.000484,,881100,,
2,3,,0.023284,0.054012,0.385489,0.44021,0.081199,0.015266,0.000539,,913500,,
2,3,,0.044048,0.036077,0.416079,0.421026,0.069238,0.01329,0.000243,,878800,,
2,2,,0.044006,0.053991,0.4141,0.40431,0.069821,0.013634,0.000137,,867500,,
2,3,,0.043433,0.027114,0.325135,0.443165,0.117294,0.04344,0.000419,,971200,,
2,3,,0.043759,0.0627,0.271489,0.437608,0.150683,0.03178,0.001981,,883800,,
2,3,,0.043432,0.024849,0.357404,0.452106,0.105417,0.016647,0.000145,,885500,,
2,3,,0.044172,0.05366,0.339412,0.415048,0.122225,0.02475,0.000732,,888400,,
2,3,,0.043791,0.035914,0.403628,0.426529,0.075104,0.014496,0.000539,,880600,,
2,3,,0.027929,0.050447,0.388678,0.409828,0.102578,0.020041,0.000498,,876500,,
2,2,,0.043894,0.054904,0.442483,0.380563,0.06527,0.01275,0.000137,,885200,,
2,3,,0.043759,0.082983,0.374647,0.412411,0.072058,0.013905,0.000237,,876700,,
2,2,,0.043925,0.035405,0.42742,0.419049,0.062659,0.011103,0.000439,,949700,,
2,3,,0.024603,0.047432,0.370062,0.429202,0.106638,0.021311,0.000752,,878500,,
2,3,,0.043242,0.026273,0.296564,0.448002,0.137729,0.047598,0.000591,,870500,,
2,2,,0.043762,0.029271,0.429928,0.411062,0.07185,0.013926,0.000201,,878600,,
2,3,,0.043721,0.030339,0.315445,0.447543,0.119578,0.042879,0.000494,,879700,,
2,2,,0.043871,0.054974,0.441924,0.380435,0.066191,0.012468,0.000137,,877900,,
2,2,,0.043629,0.02904,0.411208,0.40672,0.094732,0.014303,0.000368,,904400,,
2,2,,0.04396,0.030973,0.444475,0.403908,0.064667,0.011815,0.000201,,879900,,
2,3,,0.043186,0.025407,0.373354,0.389471,0.141737,0.025988,0.000856,,954900,,
2,3,,0.043743,0.051026,0.402526,0.413202,0.074993,0.013988,0.000521,,868600,,
2,3,,0.004648,0.126029,0.300524,0.43154,0.113909,0.0222,0.00115,,892800,,
2,3,,0.043563,0.031306,0.412064,0.423764,0.074481,0.014216,0.000606,,929200,,
2,2,,0.044109,0.084013,0.408394,0.377893,0.072368,0.012987,0.000237,,881500,,
2,2,,0.046533,0.045836,0.402139,0.382901,0.100692,0.021129,0.000771,,877100,,
2,3,,0.043344,0.047592,0.282775,0.411899,0.160714,0.052711,0.000965,,873700,,
2,2,,0.049515,0.038515,0.393988,0.380037,0.099163,0.03819,0.000591,,888500,,
2,3,,0.044899,0.050877,0.368537,0.420312,0.096609,0.018538,0.000229,,950100,,
2,3,,0.045933,0.030829,0.347825,0.379204,0.159081,0.035881,0.001248,,881900,,
2,3,,0.04524,0.046678,0.371984,0.441422,0.07946,0.015099,0.000118,,878900,,
2,3,,0.043552,0.031745,0.419799,0.423488,0.068047,0.012848,0.000521,,872000,,
2,2,,0.043782,0.050311,0.441933,0.385085,0.066374,0.012379,0.000137,,883500,,
2,3,,0.043669,0.029339,0.413528,0.42923,0.070546,0.013405,0.000283,,880300,,
2,3,,0.023443,0.044698,0.331967,0.445485,0.136841,0.017441,0.000125,,879500,,
2,3,,0.043695,0.049235,0.379777,0.427732,0.083714,0.015404,0.000443,,880700,,
2,3,,0.043615,0.074647,0.308997,0.442856,0.112287,0.017438,0.00016,,942200,,
2,3,,0.043285,0.041727,0.256291,0.421753,0.176053,0.05866,0.00223,,969200,,
2,3,,0.025223,0.058606,0.411926,0.430175,0.063174,0.010779,0.000118,,875500,,
2,2,,0.043707,0.050674,0.424828,0.406409,0.063166,0.011079,0.000137,,879200,,
2,3,,0.02383,0.050783,0.385996,0.453593,0.071966,0.013595,0.000237,,873900,,
2,3,,0.044204,0.024365,0.286095,0.445235,0.163754,0.034709,0.001638,,881600,,
2,2,,0.049085,0.030273,0.445632,0.369317,0.088315,0.01681,0.000569,,884900,,
2,3,,0.04897,0.031186,0.370575,0.388482,0.116292,0.043977,0.000519,,874600,,
2,2,,0.045854,0.030452,0.437609,0.38711,0.083033,0.015714,0.000227,,888600,,
2,3,,0.004061,0.069838,0.312598,0.484709,0.091627,0.036758,0.000408,,965700,,
2,2,,0.043563,0.051306,0.412064,0.403764,0.074481,0.014216,0.000606,,875400,,
2,3,,0.0449,0.031005,0.405724,0.429413,0.075063,0.013777,0.000118,,873400,,
2,3,,0.044625,0.027479,0.367822,0.462474,0.081958,0.01526,0.000383,,881100,,
2,2,,0.04971,0.035159,0.419308,0.370241,0.088462,0.036197,0.000923,,874000,,
2,3,,0.043896,0.031616,0.402463,0.430997,0.076447,0.014213,0.000368,,876600,,
2,2,,0.043782,0.050311,0.441933,0.385085,0.066374,0.012379,0.000137,,878400,,
2,2,,0.043721,0.05084,0.442735,0.385988,0.064831,0.011749,0.000137,,877300,,
2,2,,0.047294,0.032084,0.430475,0.413464,0.064667,0.011815,0.000201,,1174200,,
2,2,,0.046897,0.032417,0.458064,0.37332,0.074481,0.014216,0.000606,,876300,,
2,3,,0.044476,0.046232,0.365195,0.430326,0.093793,0.019648,0.00033,,882500,,
2,3,,0.044184,0.071537,0.386624,0.413783,0.07107,0.012537,0.000265,,868100,,
2,2,,0.047259,0.036516,0.47342,0.368604,0.062659,0.011103,0.000439,,865100,,
2,3,,0.025159,0.058594,0.330316,0.445359,0.102119,0.038109,0.000345,,868200,,
2,2,,0.047115,0.031422,0.447933,0.39464,0.066374,0.012379,0.000137,,876000,,
2,3,,0.046856,0.044257,0.316898,0.383208,0.16976,0.037737,0.001283,,869800,,
2,3,,0.043552,0.031745,0.419799,0.423488,0.068047,0.012848,0.000521,,1068600,,
2,2,,0.049567,0.05689,0.480366,0.340929,0.060751,0.011058,0.000439,,876800,,
2,3,,0.043674,0.031371,0.411203,0.424396,0.074641,0.014348,0.000368,,874600,,
2,2,,0.049333,0.033952,0.454154,0.375518,0.072457,0.014146,0.000439,,881700,,
2,3,,0.024252,0.026706,0.309308,0.442148,0.147238,0.049807,0.000542,,875000,,
2,3,,0.023939,0.084679,0.304454,0.46374,0.103079,0.019579,0.000529,,880200,,
2,2,,0.043707,0.050674,0.424828,0.406409,0.063166,0.011079,0.000137,,870200,,
2,2,,0.063742,0.071512,0.403956,0.385601,0.063752,0.011321,0.000116,,885000,,
2,3,,0.046428,0.058778,0.373879,0.402283,0.098913,0.019229,0.000489,,947000,,
2,3,,0.045817,0.09745,0.269693,0.411942,0.141617,0.031981,0.0015,,865500,,
2,3,,0.023858,0.065746,0.400139,0.4287,0.068434,0.012584,0.000539,,958600,,
2,2,,0.049612,0.059222,0.480361,0.338604,0.060659,0.011103,0.000439,,875800,,
2,3,,0.043695,0.049235,0.379777,0.427732,0.083714,0.015404,0.000443,,876700,,
2,2,,0.043453,0.048982,0.434307,0.3872,0.071671,0.014168,0.000219,,888200,,
2,3,,0.043585,0.051715,0.324483,0.42698,0.131087,0.021855,0.000296,,892300,,
2,2,,0.043739,0.094175,0.391173,0.387072,0.070795,0.01283,0.000216,,871400,,
2,3,,0.023723,0.05675,0.393509,0.444516,0.069803,0.011518,0.000181,,1001400,,
2,3,,0.023868,0.062756,0.257752,0.469555,0.135719,0.049019,0.00133,,867800,,
2,3,,0.023391,0.030909,0.386842,0.446088,0.094726,0.017781,0.000263,,872500,,
2,3,,0.043794,0.095596,0.352924,0.393588,0.095803,0.018057,0.000239,,870300,,
2,3,,0.043617,0.029478,0.418943,0.426445,0.068299,0.012935,0.000283,,943000,,
2,3,,0.023067,0.07519,0.311955,0.427118,0.11946,0.042838,0.000372,,886400,,
2,3,,0.043583,0.048609,0.407386,0.412239,0.073557,0.01449,0.000137,,874900,,
2,3,,0.044701,0.050251,0.39331,0.393565,0.097304,0.020181,0.000688,,890400,,
2,3,,0.004737,0.02481,0.378106,0.444357,0.131248,0.01636,0.000383,,912800,,
2,3,,0.04508,0.024776,0.320967,0.451384,0.127843,0.028363,0.001588,,900400,,
2,2,,0.043925,0.035405,0.45542,0.391049,0.062659,0.011103,0.000439,,1041600,,
2,3,,0.043966,0.058163,0.373656,0.43307,0.076041,0.014586,0.000519,,922800,,
2,3,,0.003526,0.056007,0.264067,0.454647,0.163799,0.056092,0.001862,,871500,,
2,2,,0.043946,0.030807,0.446569,0.40433,0.063002,0.011146,0.000201,,867800,,
2,3,,0.045541,0.05796,0.382734,0.424808,0.075622,0.013153,0.000181,,891500,,
2,2,,0.045223,0.038606,0.451926,0.390175,0.063174,0.010779,0.000118,,1209800,,
2,2,,0.045134,0.033942,0.431935,0.414824,0.063357,0.01069,0.000118,,957600,,
2,2,,0.043881,0.033073,0.427425,0.421374,0.062751,0.011058,0.000439,,877900,,
2,3,,0.043974,0.052954,0.193595,0.456549,0.190061,0.060723,0.002146,,867600,,
2,3,,0.024498,0.036373,0.206585,0.467603,0.21802,0.044879,0.002042,,865300,,
2,3,,0.045248,0.033015,0.392967,0.424168,0.087566,0.016754,0.000283,,874300,,
2,3,,0.043569,0.024041,0.373391,0.422963,0.111993,0.023249,0.000794,,968900,,
2,2,,0.043453,0.048887,0.437831,0.385771,0.069671,0.014168,0.000219,,873800,,
2,2,,0.049618,0.036751,0.494951,0.343715,0.062998,0.011528,0.000439,,862300,,
2,3,,0.044403,0.081447,0.319336,0.442488,0.094129,0.017771,0.000426,,865200,,
2,2,,0.043788,0.053102,0.423289,0.403791,0.063818,0.012075,0.000137,,866000,,
2,3,,0.023931,0.025495,0.279542,0.440839,0.17384,0.055401,0.000952,,868700,,
2,3,,0.025038,0.055858,0.353023,0.457998,0.093893,0.014072,0.000118,,866200,,
2,2,,0.04396,0.030973,0.424475,0.423908,0.064667,0.011815,0.000201,,897900,,
2,3,,0.043333,0.025628,0.354877,0.473641,0.085884,0.016451,0.000186,,1091700,,
2,3,,0.045894,0.045803,0.319499,0.440222,0.120367,0.026564,0.001651,,876500,,
2,3,,0.046719,0.029753,0.412973,0.418889,0.077637,0.013628,0.000402,,880200,,
2,3,,0.047142,0.029871,0.40767,0.425714,0.075244,0.014075,0.000283,,873400,,
2,3,,0.043571,0.030751,0.367807,0.420675,0.118476,0.018184,0.000537,,887000,,
2,2,,0.04496,0.053379,0.406982,0.396469,0.08214,0.015625,0.000445,,873700,,
2,3,,0.043571,0.030751,0.367807,0.420675,0.118476,0.018184,0.000537,,870400,,
2,3,,0.023737,0.027326,0.371093,0.433782,0.128886,0.014813,0.000362,,866700,,
2,2,,0.046937,0.032716,0.440384,0.39583,0.070294,0.013318,0.000521,,940000,,
2,3,,0.025004,0.07261,0.32681,0.456966,0.099495,0.018798,0.000319,,865300,,
2,3,,0.044007,0.063913,0.389213,0.413475,0.059944,0.029028,0.000419,,867400,,
2,2,,0.043322,0.045492,0.40915,0.404865,0.080762,0.016272,0.000137,,870100,,
2,2,,0.043881,0.033073,0.447425,0.401374,0.062751,0.011058,0.000439,,871800,,
2,2,,0.04377,0.031812,0.433574,0.410766,0.067669,0.011969,0.000439,,873100,,
2,2,,0.04396,0.030973,0.444475,0.403908,0.064667,0.011815,0.000201,,858700,,
2,3,,0.043534,0.047207,0.397815,0.420095,0.076416,0.014797,0.000137,,861100,,
2,3,,0.043488,0.028866,0.324979,0.4559,0.122793,0.023627,0.000347,,944000,,
2,3,,0.043473,0.027654,0.408643,0.430884,0.074834,0.014102,0.000409,,865600,,
2,2,,0.049189,0.031599,0.426222,0.388607,0.086622,0.017498,0.000263,,892900,,
2,3,,0.043575,0.041678,0.282278,0.423087,0.169793,0.037522,0.002068,,866300,,
2,3,,0.044073,0.063547,0.38603,0.416854,0.075462,0.013411,0.000624,,869500,,
2,3,,0.024057,0.066592,0.329271,0.439319,0.116327,0.023171,0.001264,,886200,,
2,3,,0.023659,0.056975,0.344739,0.428968,0.104649,0.040604,0.000406,,879500,,
2,2,,0.044998,0.052633,0.417574,0.399518,0.07132,0.01382,0.000137,,905100,,
2,3,,0.023957,0.085108,0.307338,0.437336,0.119997,0.024786,0.001478,,880800,,
2,2,,0.046202,0.033567,0.452712,0.387793,0.066981,0.012468,0.000278,,997700,,
2,2,,0.043946,0.030807,0.426569,0.42433,0.063002,0.011146,0.000201,,870800,,
2,3,,0.004169,0.068479,0.365316,0.465503,0.080234,0.015278,0.001022,,875500,,
2,2,,0.044996,0.051896,0.407037,0.406653,0.075599,0.01362,0.0002,,871900,,
2,3,,0.02515,0.083521,0.379873,0.416319,0.065469,0.02957,0.000097,,882300,,
2,3,,0.043762,0.049271,0.409928,0.411062,0.07185,0.013926,0.000201,,875400,,
2,3,,0.045112,0.039674,0.418395,0.419533,0.064233,0.012614,0.000439,,876900,,
2,3,,0.0439,0.097931,0.360771,0.390128,0.090105,0.016967,0.000199,,870300,,
2,3,,0.043756,0.034302,0.412864,0.425526,0.070395,0.012591,0.000565,,862100,,
2,3,,0.044995,0.075709,0.351415,0.40692,0.101222,0.019456,0.000284,,939900,,
2,3,,0.025223,0.058606,0.411926,0.430175,0.063174,0.010779,0.000118,,865000,,
2,3,,0.023512,0.093852,0.236069,0.381863,0.209076,0.052847,0.00278,,1443200,,
2,3,,0.043534,0.047207,0.397815,0.420095,0.076416,0.014797,0.000137,,1597900,,
2,3,,0.002373,0.01894,0.118901,0.474935,0.268094,0.112488,0.004269,,1780900,,
2,3,,0.044794,0.034514,0.413662,0.418663,0.074255,0.013848,0.000264,,1648200,,
2,3,,0.0461,0.05775,0.364251,0.3968,0.11289,0.021754,0.000455,,1794500,,
2,3,,0.043524,0.051034,0.372249,0.408315,0.1026,0.021386,0.000892,,1567600,,
2,2,,0.046916,0.031846,0.437952,0.394725,0.074105,0.01385,0.000606,,894000,,
2,3,,0.026423,0.047837,0.26738,0.442691,0.160551,0.053917,0.001201,,959100,,
2,3,,0.025061,0.077388,0.206123,0.396585,0.230923,0.062336,0.001584,,890100,,
2,3,,0.043848,0.104417,0.337453,0.40155,0.094781,0.017668,0.000283,,877600,,
2,2,,0.043563,0.051306,0.412064,0.403764,0.074481,0.014216,0.000606,,995200,,
2,3,,0.043691,0.031166,0.407941,0.430416,0.072746,0.013518,0.000521,,1166900,,
2,2,,0.04298,0.030011,0.420473,0.39033,0.0955,0.019743,0.000962,,899900,,
2,3,,0.045906,0.041654,0.393182,0.396712,0.105919,0.016165,0.000462,,889100,,
2,2,,0.043552,0.031745,0.419799,0.403488,0.088047,0.012848,0.000521,,872600,,
2,3,,0.024868,0.051156,0.36402,0.461904,0.08205,0.015718,0.000284,,873900,,
2,3,,0.044078,0.058216,0.395997,0.402123,0.067241,0.031926,0.000419,,863300,,
2,2,,0.049919,0.041755,0.421002,0.367788,0.084232,0.03471,0.000594,,873100,,
2,2,,0.043881,0.033073,0.427425,0.421374,0.062751,0.011058,0.000439,,862500,,
2,3,,0.043323,0.06573,0.310885,0.418714,0.132434,0.028106,0.000809,,1075700,,
2,2,,0.045096,0.074015,0.388954,0.388654,0.083581,0.019396,0.000304,,863300,,
2,3,,0.043735,0.030576,0.40191,0.438201,0.072193,0.012945,0.000439,,876500,,
2,3,,0.043836,0.029546,0.412718,0.433723,0.06792,0.012056,0.000201,,867700,,
2,3,,0.04502,0.029635,0.419489,0.424387,0.068641,0.012627,0.000201,,864400,,
2,3,,0.043701,0.029801,0.41073,0.431965,0.070306,0.013296,0.000201,,868500,,
2,2,,0.043946,0.030807,0.426569,0.42433,0.063002,0.011146,0.000201,,861900,,
2,3,,0.046669,0.029134,0.335164,0.422583,0.122493,0.043716,0.000242,,859500,,
2,2,,0.049389,0.034544,0.473147,0.350248,0.07718,0.014886,0.000606,,1180400,,
2,3,,0.044157,0.070112,0.382513,0.423531,0.067736,0.011412,0.000539,,867100,,
2,3,,0.047929,0.050447,0.388678,0.389828,0.102578,0.020041,0.000498,,869500,,
2,3,,0.044517,0.047745,0.382077,0.420788,0.086338,0.018191,0.000345,,1011700,,
2,3,,0.044279,0.061608,0.269219,0.446766,0.129256,0.047318,0.001553,,879300,,
2,3,,0.005024,0.063565,0.23266,0.475694,0.166254,0.055056,0.001747,,871400,,
2,3,,0.044481,0.038171,0.360623,0.428905,0.089666,0.03699,0.001164,,870400,,
2,3,,0.044919,0.035102,0.418185,0.420557,0.068905,0.012216,0.000118,,862200,,
2,3,,0.023834,0.038064,0.206723,0.409111,0.245898,0.07367,0.002701,,979700,,
2,3,,0.043488,0.028866,0.324979,0.4559,0.122793,0.023627,0.000347,,876400,,
2,2,,0.045186,0.033803,0.446521,0.39761,0.065604,0.01116,0.000118,,873200,,
2,3,,0.044794,0.034514,0.413662,0.418663,0.074255,0.013848,0.000264,,868700,,
2,2,,0.047462,0.086347,0.408128,0.381325,0.065218,0.011081,0.000439,,876800,,
2,3,,0.043552,0.031745,0.419799,0.423488,0.068047,0.012848,0.000521,,871300,,
2,3,,0.043789,0.028656,0.370215,0.447722,0.091146,0.018209,0.000263,,863500,,
2,2,,0.047294,0.052084,0.450475,0.373464,0.064667,0.011815,0.000201,,862500,,
2,3,,0.043447,0.048112,0.386171,0.42843,0.07918,0.014258,0.000402,,950400,,
2,3,,0.024175,0.098652,0.232028,0.419098,0.185203,0.039318,0.001526,,866300,,
2,3,,0.046766,0.028398,0.371654,0.392619,0.116958,0.043061,0.000544,,863800,,
2,3,,0.043433,0.027114,0.325135,0.443165,0.117294,0.04344,0.000419,,861900,,
2,3,,0.003891,0.104469,0.217896,0.473868,0.164258,0.034481,0.001136,,918200,,
2,3,,0.045345,0.057929,0.275545,0.434981,0.151976,0.032415,0.001808,,868500,,
2,2,,0.049567,0.03689,0.500366,0.340929,0.060751,0.011058,0.000439,,870200,,
2,3,,0.043308,0.045421,0.387719,0.426716,0.081097,0.015603,0.000137,,871800,,
2,2,,0.043881,0.033073,0.447425,0.401374,0.062751,0.011058,0.000439,,861000,,
2,3,,0.043733,0.027225,0.387686,0.441083,0.083955,0.01595,0.000368,,956200,,
2,3,,0.043899,0.051297,0.363358,0.417864,0.10318,0.020079,0.000324,,863100,,
2,3,,0.044123,0.065984,0.354554,0.436587,0.067453,0.03078,0.000519,,865400,,
2,3,,0.0449,0.051005,0.385724,0.429413,0.075063,0.013777,0.000118,,865700,,
2,3,,0.049293,0.030528,0.28979,0.40422,0.189014,0.035858,0.001297,,866300,,
2,2,,0.043782,0.050311,0.421933,0.405085,0.066374,0.012379,0.000137,,862900,,
2,3,,0.00385,0.101989,0.290439,0.451249,0.126621,0.025359,0.000494,,861700,,
2,2,,0.045934,0.026343,0.405479,0.371232,0.12837,0.021885,0.000756,,937000,,
2,3,,0.043598,0.029203,0.392227,0.437641,0.081529,0.015155,0.000647,,866700,,
2,3,,0.02415,0.022547,0.265427,0.432645,0.213874,0.039703,0.001654,,866000,,
2,3,,0.045249,0.02686,0.331068,0.363382,0.190366,0.041364,0.001711,,876000,,
2,3,,0.043562,0.034848,0.382963,0.441069,0.080557,0.0167,0.000301,,869800,,
2,3,,0.043887,0.029406,0.407304,0.436508,0.070167,0.012526,0.000201,,993600,,
2,3,,0.003553,0.054917,0.354398,0.42077,0.121934,0.044092,0.000337,,869100,,
2,3,,0.04727,0.035891,0.331313,0.455076,0.113497,0.016746,0.000209,,882000,,
2,3,,0.024969,0.076473,0.386736,0.421378,0.076049,0.014214,0.000181,,962500,,
2,2,,0.043881,0.033073,0.447425,0.401374,0.062751,0.011058,0.000439,,872200,,
2,2,,0.049703,0.047586,0.413289,0.397458,0.077211,0.014468,0.000285,,869100,,
2,3,,0.027144,0.029688,0.314114,0.405442,0.196266,0.026824,0.000522,,876500,,
2,3,,0.003497,0.076639,0.338753,0.4678,0.09348,0.019548,0.000283,,886700,,
2,2,,0.049663,0.039083,0.474946,0.36139,0.062906,0.011573,0.000439,,867000,,
2,2,,0.045375,0.035093,0.43114,0.412615,0.06443,0.011146,0.000201,,874200,,
2,3,,0.02383,0.050783,0.385996,0.453593,0.071966,0.013595,0.000237,,865700,,
2,3,,0.043464,0.050801,0.373829,0.432652,0.083877,0.014914,0.000462,,1005400,,
2,2,,0.043881,0.033073,0.447425,0.401374,0.062751,0.011058,0.000439,,991000,,
2,3,,0.024692,0.050845,0.323503,0.436732,0.136777,0.026737,0.000714,,982800,,
2,3,,0.02449,0.047447,0.298498,0.437798,0.157239,0.033266,0.001264,,1001500,,
2,3,,0.0439,0.097931,0.360771,0.390128,0.090105,0.016967,0.000199,,986400,,
2,3,,0.044112,0.084923,0.377946,0.413285,0.067827,0.011368,0.000539,,1018500,,
2,3,,0.046955,0.032295,0.363496,0.428075,0.107438,0.021257,0.000485,,996800,,
2,3,,0.024564,0.049394,0.315041,0.420934,0.159368,0.029408,0.001291,,1117100,,
2,3,,0.045695,0.092722,0.298857,0.405749,0.128285,0.028118,0.000574,,1069900,,
2,3,,0.045297,0.037901,0.40338,0.434307,0.066876,0.011973,0.000265,,991500,,
2,2,,0.049656,0.041554,0.500356,0.33628,0.060568,0.011147,0.000439,,989500,,
2,3,,0.043998,0.030668,0.421154,0.427115,0.065249,0.011616,0.000201,,990200,,
2,3,,0.003289,0.049387,0.298024,0.440871,0.184492,0.023584,0.000353,,993400,,
2,3,,0.02662,0.046658,0.252187,0.4457,0.191511,0.036103,0.001221,,987000,,
2,3,,0.043995,0.056671,0.388581,0.420197,0.060197,0.030178,0.000181,,1081100,,
2,2,,0.043881,0.033073,0.427425,0.421374,0.062751,0.011058,0.000439,,870200,,
2,2,,0.049779,0.048861,0.460127,0.37019,0.060474,0.01013,0.000439,,875600,,
2,2,,0.043917,0.041627,0.443125,0.399799,0.061652,0.009762,0.000118,,869600,,
2,2,,0.049567,0.03689,0.500366,0.340929,0.060751,0.011058,0.000439,,887000,,
2,2,,0.044036,0.03547,0.446559,0.39968,0.062819,0.011235,0.000201,,877100,,
2,2,,0.044879,0.052663,0.413237,0.396183,0.077868,0.014867,0.000304,,863400,,
2,3,,0.026282,0.048065,0.318283,0.429535,0.131899,0.045099,0.000837,,917000,,
2,3,,0.024477,0.070573,0.329955,0.451025,0.087499,0.035625,0.000847,,947800,,
2,3,,0.043477,0.050628,0.336402,0.423687,0.122311,0.02289,0.000606,,865400,,
2,3,,0.04595,0.053269,0.368372,0.397976,0.111153,0.022599,0.000682,,865500,,
2,2,,0.04381,0.055504,0.422725,0.401338,0.064648,0.011838,0.000137,,871400,,
2,2,,0.043322,0.045492,0.40915,0.404865,0.080762,0.016272,0.000137,,865500,,
2,3,,0.044412,0.073797,0.268761,0.416503,0.158524,0.035443,0.00256,,864800,,
3,3,,0.043366,0.028152,0.37695,0.447083,0.087573,0.016399,0.000478,,878400,,
3,3,,0.021986,0.039438,0.157906,0.429215,0.25841,0.090973,0.002072,,876800,,
3,3,,0.04321,0.026381,0.30768,0.435484,0.159347,0.027382,0.000514,,964100,,
3,3,,0.044046,0.087322,0.364615,0.407628,0.065206,0.030664,0.000519,,868100,,
3,3,,0.02361,0.029529,0.37561,0.377986,0.169974,0.022398,0.000893,,869000,,
3,3,,0.004289,0.025974,0.329823,0.446035,0.176309,0.017426,0.000143,,880400,,
3,3,,0.00335,0.044706,0.098396,0.406749,0.313897,0.128541,0.004359,,874200,,
3,3,,0.045267,0.059345,0.398467,0.40267,0.077845,0.016021,0.000386,,870600,,
3,2,,0.043998,0.030668,0.441154,0.407115,0.065249,0.011616,0.000201,,863700,,
3,3,,0.043384,0.023193,0.363924,0.453437,0.096552,0.019199,0.000312,,865100,,
3,3,,0.044473,0.026874,0.34522,0.456759,0.105047,0.02128,0.000347,,967900,,
3,3,,0.044058,0.077379,0.236886,0.45478,0.155349,0.030366,0.001182,,885500,,
3,3,,0.045175,0.055704,0.395874,0.419334,0.071205,0.012528,0.000181,,867100,,
3,3,,0.004897,0.062308,0.215622,0.500495,0.177882,0.037016,0.001781,,875700,,
3,3,,0.046311,0.02235,0.303829,0.432384,0.15959,0.034223,0.001313,,872100,,
3,3,,0.043312,0.02815,0.382376,0.450088,0.08088,0.014832,0.000362,,873600,,
3,3,,0.043224,0.027814,0.378192,0.447862,0.086156,0.016314,0.000439,,867600,,
3,3,,0.024517,0.05627,0.300364,0.472684,0.118574,0.025903,0.001688,,904400,,
3,3,,0.003703,0.027715,0.168023,0.468535,0.275587,0.053617,0.002818,,950300,,
3,3,,0.043344,0.025792,0.336258,0.454873,0.116485,0.022925,0.000324,,867400,,
3,3,,0.003553,0.047349,0.17236,0.423447,0.265484,0.085583,0.002223,,870600,,
3,3,,0.063772,0.070067,0.384676,0.388232,0.077691,0.01524,0.000321,,869300,,
3,3,,0.043868,0.090266,0.380861,0.406023,0.066799,0.011645,0.000539,,868200,,
3,2,,0.043946,0.030807,0.426569,0.42433,0.063002,0.011146,0.000201,,876900,,
3,3,,0.023413,0.044604,0.346503,0.454245,0.114061,0.016708,0.000465,,899200,,
3,2,,0.045375,0.035093,0.43114,0.412615,0.06443,0.011146,0.000201,,867000,,
3,3,,0.045186,0.033185,0.411656,0.421658,0.074426,0.013606,0.000283,,941100,,
3,3,,0.044993,0.057168,0.232628,0.425322,0.182896,0.055033,0.00196,,893000,,
3,3,,0.023547,0.100137,0.274995,0.435641,0.138174,0.026927,0.000578,,865900,,
3,3,,0.043943,0.022329,0.32132,0.394185,0.174972,0.040974,0.002277,,923200,,
3,3,,0.043789,0.03021,0.390407,0.442881,0.078046,0.014401,0.000265,,879000,,
3,3,,0.04346,0.02676,0.242623,0.446682,0.181522,0.057704,0.001251,,871600,,
3,3,,0.0447,0.032613,0.140688,0.408697,0.294502,0.076523,0.002277,,871800,,
3,3,,0.043368,0.027466,0.400538,0.42808,0.084257,0.015808,0.000484,,872500,,
3,3,,0.044003,0.033528,0.369718,0.443643,0.09154,0.016624,0.000943,,950100,,
3,3,,0.047046,0.036078,0.388687,0.395505,0.093711,0.038002,0.000971,,867400,,
3,3,,0.026057,0.020654,0.293829,0.42497,0.201741,0.032036,0.000714,,878200,,
3,3,,0.02359,0.024551,0.207432,0.4211,0.217888,0.104298,0.001141,,874300,,
3,2,,0.045097,0.032745,0.430959,0.399419,0.07669,0.014806,0.000283,,870500,,
3,3,,0.043438,0.047004,0.366249,0.41799,0.103767,0.020479,0.001073,,868200,,
3,2,,0.04952,0.036115,0.441178,0.381977,0.076715,0.014231,0.000265,,868300,,
3,3,,0.045612,0.060879,0.263208,0.451905,0.130889,0.046162,0.001345,,869000,,
3,3,,0.043785,0.053683,0.345052,0.456924,0.085172,0.014993,0.000391,,971600,,
3,3,,0.003109,0.025666,0.147453,0.426457,0.2716,0.122811,0.002905,,889000,,
3,3,,0.045716,0.037303,0.410466,0.423259,0.067817,0.015238,0.000201,,879400,,
3,3,,0.023579,0.026728,0.155962,0.402868,0.285394,0.102295,0.003174,,910900,,
3,3,,0.002233,0.020153,0.161421,0.511127,0.227293,0.075495,0.002278,,899600,,
3,3,,0.043497,0.030178,0.368362,0.408015,0.127444,0.021576,0.000927,,892600,,
3,3,,0.043156,0.025994,0.36943,0.405893,0.112728,0.042426,0.000373,,864100,,
3,2,,0.043916,0.055795,0.422807,0.402737,0.063363,0.010943,0.000439,,859800,,
3,3,,0.04344,0.02739,0.361051,0.45181,0.101237,0.014689,0.000383,,864000,,
3,2,,0.046076,0.032685,0.39918,0.394659,0.104215,0.021892,0.001292,,944400,,
3,3,,0.043464,0.030923,0.326076,0.449225,0.12627,0.023567,0.000476,,861500,,
3,3,,0.043757,0.048899,0.407085,0.413373,0.072997,0.013606,0.000283,,859100,,
3,3,,0.043863,0.031027,0.415678,0.425371,0.070646,0.013137,0.000278,,860100,,
3,3,,0.043353,0.044203,0.351771,0.451756,0.090494,0.018196,0.000227,,868000,,
3,3,,0.003319,0.038242,0.225241,0.53011,0.171196,0.031264,0.000628,,866300,,
3,3,,0.023871,0.0232,0.226754,0.437149,0.229529,0.057991,0.001506,,866600,,
3,3,,0.00587,0.03721,0.229697,0.474937,0.21068,0.040192,0.001414,,864200,,
3,3,,0.043035,0.024843,0.321108,0.423725,0.138556,0.048081,0.000652,,942800,,
3,2,,0.043615,0.031167,0.406649,0.40655,0.096728,0.014685,0.000606,,860800,,
3,2,,0.045748,0.041367,0.411378,0.402461,0.08034,0.018082,0.000624,,872500,,
3,3,,0.043907,0.094339,0.319441,0.401344,0.118506,0.022172,0.000292,,871500,,
3,2,,0.043453,0.048887,0.417831,0.405771,0.069671,0.014168,0.000219,,893600,,
3,3,,0.046007,0.03518,0.370168,0.386349,0.118928,0.042762,0.000606,,871100,,
3,3,,0.023335,0.048484,0.356581,0.449833,0.10242,0.019138,0.000208,,872300,,
3,3,,0.04436,0.029534,0.326133,0.441033,0.114036,0.043825,0.001079,,870700,,
3,2,,0.043833,0.050076,0.440043,0.386442,0.066621,0.012849,0.000137,,944100,,
3,2,,0.043458,0.030665,0.445802,0.381207,0.082249,0.016012,0.000606,,865400,,
3,2,,0.043756,0.069825,0.396109,0.393445,0.08086,0.015743,0.000262,,859400,,
3,3,,0.00306,0.033224,0.208426,0.530079,0.188322,0.035143,0.001747,,867500,,
3,3,,0.022875,0.029207,0.11893,0.417133,0.327117,0.081926,0.002811,,867500,,
3,2,,0.04317,0.028201,0.410063,0.391435,0.109236,0.017325,0.000569,,865400,,
3,3,,0.043222,0.044463,0.363967,0.430744,0.097917,0.019319,0.000368,,865800,,
3,3,,0.024649,0.032664,0.144903,0.379091,0.329504,0.085068,0.004122,,862900,,
3,3,,0.044585,0.030234,0.310103,0.440891,0.141815,0.030238,0.002135,,952600,,
3,3,,0.044228,0.058948,0.307433,0.432846,0.130259,0.025688,0.000598,,864300,,
3,3,,0.043663,0.044396,0.220936,0.406587,0.216279,0.065422,0.002717,,858800,,
3,3,,0.023682,0.032029,0.401995,0.426113,0.096169,0.01969,0.000321,,871200,,
3,3,,0.044779,0.031785,0.325164,0.466723,0.109962,0.021361,0.000226,,865900,,
3,3,,0.045389,0.055921,0.39738,0.409281,0.076295,0.015028,0.000707,,862500,,
3,3,,0.044266,0.04811,0.367638,0.411279,0.105329,0.022762,0.000616,,964900,,
3,3,,0.023274,0.050263,0.395398,0.423212,0.089229,0.01836,0.000263,,876900,,
3,3,,0.003994,0.054224,0.268533,0.452023,0.196544,0.024244,0.000437,,957400,,
3,2,,0.043407,0.029921,0.409499,0.407928,0.094583,0.014015,0.000647,,875700,,
3,3,,0.044448,0.031659,0.39414,0.410412,0.097899,0.020368,0.001073,,869800,,
3,3,,0.003017,0.046406,0.170736,0.444681,0.243166,0.089874,0.002119,,876200,,
3,3,,0.024633,0.02767,0.308102,0.433872,0.182068,0.02329,0.000365,,877100,,
3,3,,0.049488,0.033853,0.373947,0.390637,0.133456,0.01805,0.000567,,877800,,
3,3,,0.042747,0.023108,0.206398,0.404428,0.244875,0.07514,0.003305,,876700,,
3,3,,0.044774,0.029045,0.383556,0.437083,0.088201,0.017096,0.000246,,880300,,
3,2,,0.043881,0.076537,0.403443,0.387729,0.07453,0.013744,0.000137,,963600,,
3,3,,0.043864,0.051527,0.367513,0.414339,0.102483,0.01995,0.000324,,875500,,
3,3,,0.043447,0.028112,0.386171,0.44843,0.07918,0.014258,0.000402,,872000,,
3,3,,0.023413,0.044604,0.346503,0.454245,0.114061,0.016708,0.000465,,891400,,
3,3,,0.043493,0.072228,0.165079,0.387473,0.25153,0.07714,0.003057,,873600,,
3,3,,0.043378,0.025482,0.375157,0.433597,0.100985,0.020565,0.000835,,882900,,
3,3,,0.04409,0.026634,0.268819,0.423269,0.163033,0.073462,0.000695,,880200,,
3,3,,0.049251,0.049558,0.299425,0.368343,0.175888,0.056456,0.00108,,947000,,
3,3,,0.002828,0.02432,0.216606,0.434619,0.212853,0.106929,0.001845,,918000,,
3,3,,0.023687,0.048725,0.29163,0.43418,0.176007,0.025399,0.000373,,874000,,
3,3,,0.044695,0.031109,0.197869,0.451035,0.226991,0.045895,0.002406,,878400,,
3,3,,0.02403,0.047613,0.324018,0.432982,0.148261,0.022294,0.000802,,879900,,
3,3,,0.042913,0.047401,0.189332,0.44255,0.219673,0.05735,0.000781,,875300,,
3,3,,0.044662,0.050066,0.365943,0.393014,0.121508,0.024431,0.000375,,873700,,
3,3,,0.023729,0.075025,0.193759,0.432821,0.227962,0.045004,0.001701,,871700,,
3,3,,0.043994,0.0338,0.310388,0.437931,0.126291,0.046061,0.001535,,931800,,
3,2,,0.04678,0.029223,0.432171,0.397986,0.07918,0.014258,0.000402,,893000,,
3,3,,0.043678,0.031938,0.333515,0.429467,0.138782,0.022065,0.000554,,871600,,
3,3,,0.004051,0.064477,0.359501,0.475804,0.080056,0.015809,0.000301,,875700,,
3,3,,0.023329,0.029557,0.239696,0.420046,0.206105,0.080261,0.001006,,877100,,
3,3,,0.043072,0.043328,0.279586,0.424006,0.156094,0.053043,0.000872,,881200,,
3,3,,0.042872,0.047033,0.160038,0.43018,0.232065,0.085611,0.0022,,868600,,
3,3,,0.023305,0.055429,0.248512,0.493438,0.15006,0.028022,0.001233,,875900,,
3,3,,0.003682,0.051419,0.343439,0.468595,0.109239,0.02248,0.001145,,876000,,
3,3,,0.043464,0.030923,0.326076,0.449225,0.12627,0.023567,0.000476,,942100,,
3,3,,0.043281,0.026927,0.343646,0.43133,0.131098,0.022744,0.000976,,874900,,
3,3,,0.043754,0.030588,0.394791,0.433478,0.081427,0.015356,0.000606,,899000,,
3,3,,0.048555,0.026812,0.348172,0.356989,0.178368,0.03948,0.001624,,883600,,
3,3,,0.044303,0.0484,0.239529,0.460059,0.155648,0.05117,0.000891,,875700,,
3,2,,0.04698,0.031247,0.447213,0.385518,0.074457,0.014146,0.000439,,871900,,
3,2,,0.049448,0.033088,0.462869,0.370618,0.06985,0.013926,0.000201,,867900,,
3,3,,0.043509,0.02879,0.411814,0.424821,0.076874,0.013752,0.000439,,957500,,
3,3,,0.043491,0.071172,0.235561,0.419161,0.186999,0.041425,0.002191,,869500,,
3,3,,0.04359,0.049038,0.333846,0.420546,0.110739,0.04186,0.00038,,873900,,
3,2,,0.043886,0.051336,0.42737,0.405233,0.061458,0.010516,0.000201,,882700,,
3,3,,0.003393,0.026029,0.349609,0.476131,0.129451,0.014964,0.000424,,878900,,
3,3,,0.04376,0.073885,0.280603,0.444401,0.115456,0.041437,0.000458,,881000,,
3,3,,0.044825,0.050567,0.276509,0.419977,0.169817,0.036479,0.001827,,879200,,
3,2,,0.044885,0.031745,0.426465,0.415488,0.068047,0.012848,0.000521,,871900,,
3,3,,0.02485,0.07485,0.387828,0.433186,0.066562,0.012524,0.0002,,974000,,
3,3,,0.022622,0.023979,0.203799,0.428066,0.237409,0.083058,0.001066,,871300,,
3,3,,0.024261,0.04851,0.281868,0.426463,0.174815,0.041643,0.00244,,872500,,
3,3,,0.047149,0.01986,0.301493,0.386662,0.197644,0.044851,0.00234,,876200,,
3,3,,0.044272,0.026181,0.298422,0.428163,0.166585,0.034713,0.001665,,912600,,
3,3,,0.046953,0.029369,0.329794,0.460862,0.113798,0.01908,0.000144,,877100,,
3,3,,0.047188,0.031794,0.390409,0.404457,0.104752,0.020409,0.000991,,877400,,
3,2,,0.046638,0.048521,0.399704,0.380834,0.102698,0.020532,0.001073,,907600,,
3,3,,0.004057,0.047239,0.180524,0.487469,0.243838,0.035942,0.000931,,933000,,
3,3,,0.003977,0.028196,0.270027,0.457091,0.209701,0.029802,0.001206,,875600,,
3,3,,0.043961,0.047937,0.213458,0.409495,0.213793,0.068853,0.002503,,872900,,
3,3,,0.003205,0.029547,0.217331,0.424801,0.251203,0.071881,0.002031,,875000,,
3,3,,0.02214,0.019779,0.179114,0.438883,0.26354,0.074188,0.002355,,880000,,
3,3,,0.043669,0.029339,0.413528,0.42923,0.070546,0.013405,0.000283,,880300,,
3,3,,0.043302,0.026395,0.2945,0.469832,0.13773,0.027417,0.000822,,874500,,
3,2,,0.045134,0.053942,0.431935,0.394824,0.063357,0.01069,0.000118,,966400,,
3,3,,0.004335,0.067428,0.186412,0.388279,0.251608,0.097959,0.00398,,878600,,
3,3,,0.023088,0.027433,0.117891,0.428085,0.281119,0.119329,0.003054,,874100,,
3,2,,0.049698,0.034651,0.472002,0.346249,0.084914,0.012285,0.000201,,877900,,
3,3,,0.04292,0.017636,0.21099,0.441829,0.235251,0.048847,0.002527,,872300,,
3,3,,0.02407,0.049934,0.213907,0.441543,0.188454,0.080405,0.001688,,876400,,
3,2,,0.043782,0.050311,0.449933,0.377085,0.066374,0.012379,0.000137,,960400,,
3,3,,0.044768,0.029606,0.390266,0.420567,0.094729,0.019078,0.000986,,874600,,
3,2,,0.04932,0.033532,0.472338,0.349414,0.079068,0.015721,0.000606,,951700,,
3,3,,0.025223,0.058606,0.391926,0.450175,0.063174,0.010779,0.000118,,876700,,
3,3,,0.044853,0.032739,0.287924,0.423659,0.158779,0.051419,0.000628,,869200,,
3,3,,0.045658,0.062514,0.326773,0.392505,0.142447,0.029366,0.000736,,871600,,
3,3,,0.043709,0.032341,0.414376,0.43167,0.066126,0.011339,0.000439,,883600,,
3,3,,0.004137,0.040487,0.190894,0.437076,0.233584,0.090766,0.003057,,873100,,
3,3,,0.042886,0.020447,0.292871,0.415788,0.190142,0.036399,0.001468,,871200,,
3,3,,0.046689,0.027486,0.36439,0.4417,0.103694,0.015961,0.00008,,1005100,,
3,3,,0.023371,0.02429,0.15677,0.415989,0.280837,0.096346,0.002398,,886400,,
3,3,,0.044185,0.030665,0.393411,0.407181,0.101048,0.021963,0.001546,,868100,,
3,3,,0.024787,0.032434,0.394005,0.440656,0.094272,0.013653,0.000194,,867800,,
3,3,,0.045305,0.057002,0.329436,0.406801,0.131535,0.028524,0.001396,,868000,,
3,3,,0.044108,0.070918,0.340548,0.427954,0.097263,0.018504,0.000705,,877900,,
3,3,,0.004335,0.067428,0.186412,0.388279,0.251608,0.097959,0.00398,,869000,,
3,3,,0.023432,0.022849,0.353904,0.472106,0.110917,0.016647,0.000145,,865700,,
3,3,,0.02214,0.019779,0.179114,0.438883,0.26354,0.074188,0.002355,,936600,,
3,2,,0.043721,0.05084,0.422735,0.405988,0.064831,0.011749,0.000137,,892300,,
3,3,,0.022302,0.041269,0.234069,0.413874,0.206177,0.08155,0.000759,,867700,,
3,3,,0.024853,0.074181,0.291181,0.438976,0.142032,0.028324,0.000453,,876400,,
3,3,,0.044211,0.064776,0.358971,0.421583,0.091968,0.017617,0.000874,,872700,,
3,3,,0.043633,0.051234,0.365397,0.427493,0.095098,0.016922,0.000224,,873700,,
3,3,,0.046382,0.045317,0.320833,0.396797,0.141128,0.049,0.000542,,869100,,
3,3,,0.043381,0.048235,0.379248,0.42565,0.086842,0.016039,0.000606,,863100,,
3,3,,0.023327,0.033131,0.324302,0.44739,0.126615,0.044898,0.000337,,904700,,
3,2,,0.049157,0.032655,0.398204,0.381498,0.114705,0.023281,0.000501,,917300,,
3,2,,0.046989,0.031041,0.422277,0.407407,0.07727,0.014495,0.000521,,867000,,
3,3,,0.023222,0.019192,0.15133,0.422919,0.306831,0.074263,0.002244,,873400,,
3,3,,0.043603,0.031605,0.414384,0.426274,0.070294,0.013318,0.000521,,876000,,
3,3,,0.024818,0.074839,0.194989,0.388156,0.21014,0.105427,0.001631,,868100,,
3,3,,0.046487,0.025957,0.293975,0.37783,0.205528,0.047654,0.002569,,869800,,
3,3,,0.04454,0.028165,0.374079,0.442011,0.093841,0.017016,0.000348,,865800,,
