wine-quality-white,CWE,test,4,NANOSECONDS,PREDICTIONS, Generated by ClassifierExperiments.java on 2022-05-16 22:51:24.    SYSTEMPROPERTIES:{user.name:matth,os.arch:amd64,os.name:Windows 10},ENDSYSTEMPROPERTIES
No parameter info
0.46687054026503566,464271600,876801600,-1,0,7,,-1,-1
0,3,,0.003691,0.025153,0.376914,0.448581,0.127019,0.018345,0.000298,,981400,,
0,2,,0.010732,0.050316,0.398186,0.374306,0.133692,0.031552,0.001216,,872600,,
0,2,,0.00578,0.065443,0.474616,0.372374,0.071222,0.010194,0.000371,,863300,,
0,2,,0.005609,0.04806,0.492078,0.360965,0.079788,0.013216,0.000285,,861900,,
1,2,,0.007025,0.062306,0.476444,0.356985,0.082945,0.013884,0.000411,,863900,,
1,2,,0.010393,0.089706,0.355761,0.344109,0.166426,0.032257,0.001347,,866400,,
1,2,,0.007088,0.041888,0.498599,0.371397,0.070348,0.010552,0.000127,,878000,,
1,3,,0.010447,0.063215,0.194121,0.446759,0.237203,0.046907,0.001348,,873800,,
1,2,,0.005178,0.095562,0.386187,0.358657,0.127957,0.025468,0.000991,,870800,,
1,2,,0.00709,0.098856,0.434707,0.363092,0.0801,0.015867,0.000289,,867000,,
1,3,,0.005014,0.029637,0.384849,0.417732,0.142568,0.020047,0.000154,,867100,,
1,2,,0.007125,0.061944,0.478019,0.355783,0.082896,0.013821,0.000411,,863900,,
1,3,,0.00891,0.056711,0.274793,0.426246,0.189296,0.042666,0.001378,,865100,,
1,2,,0.004752,0.043336,0.510059,0.360782,0.070313,0.010628,0.000127,,863600,,
1,2,,0.003815,0.032149,0.485885,0.366558,0.092175,0.019036,0.000383,,947600,,
1,2,,0.007729,0.044963,0.49271,0.3727,0.070184,0.01153,0.000185,,889900,,
1,2,,0.007467,0.056321,0.425147,0.362721,0.122147,0.025249,0.000948,,875800,,
1,2,,0.006072,0.049724,0.502224,0.356479,0.073576,0.011575,0.000349,,864300,,
1,2,,0.005911,0.04991,0.490341,0.366733,0.073524,0.013259,0.000323,,866300,,
1,3,,0.013434,0.07739,0.267242,0.395523,0.199323,0.045518,0.00157,,866700,,
1,2,,0.005313,0.045625,0.489318,0.375141,0.071269,0.01313,0.000204,,863400,,
1,2,,0.003815,0.032149,0.485885,0.366558,0.092175,0.019036,0.000383,,864900,,
1,3,,0.008783,0.058199,0.365583,0.378851,0.154015,0.033524,0.001046,,868800,,
1,2,,0.007008,0.058053,0.450991,0.38518,0.082281,0.015955,0.000532,,870000,,
1,3,,0.007144,0.060399,0.257832,0.392645,0.212452,0.067991,0.001537,,1086600,,
1,2,,0.004606,0.042942,0.499061,0.365951,0.074418,0.012757,0.000265,,880900,,
1,3,,0.009823,0.065543,0.294969,0.4161,0.173202,0.038681,0.001682,,871200,,
1,3,,0.005668,0.070722,0.40725,0.410884,0.089944,0.014898,0.000635,,867700,,
1,3,,0.005706,0.071058,0.384784,0.38911,0.124017,0.024515,0.000811,,868900,,
1,2,,0.00552,0.075016,0.462278,0.357795,0.084516,0.014222,0.000654,,866200,,
1,3,,0.003722,0.031301,0.393161,0.412312,0.13955,0.019699,0.000256,,902700,,
1,3,,0.010924,0.112681,0.320597,0.358263,0.160312,0.035709,0.001515,,862700,,
1,3,,0.008355,0.035379,0.375066,0.400635,0.150741,0.028965,0.000859,,862800,,
1,3,,0.007345,0.05373,0.402449,0.409655,0.106622,0.019776,0.000422,,866100,,
1,2,,0.007983,0.049226,0.46309,0.39447,0.072528,0.012434,0.000268,,863300,,
1,2,,0.007171,0.062766,0.480123,0.356719,0.080017,0.012932,0.000273,,860100,,
1,2,,0.004671,0.074989,0.461757,0.361311,0.082471,0.014327,0.000475,,857700,,
2,3,,0.003669,0.028143,0.406999,0.408803,0.135032,0.017164,0.00019,,871900,,
2,3,,0.00361,0.024321,0.412192,0.413326,0.127628,0.018625,0.000298,,866800,,
2,2,,0.003688,0.04203,0.409173,0.377241,0.136628,0.030588,0.000651,,864800,,
2,2,,0.004832,0.045545,0.502802,0.361622,0.072522,0.01239,0.000287,,867700,,
2,2,,0.003551,0.029511,0.415604,0.404314,0.130085,0.016706,0.000228,,890900,,
2,3,,0.003427,0.025881,0.411264,0.418302,0.123985,0.016931,0.000209,,868000,,
2,2,,0.003594,0.027887,0.450837,0.40561,0.098413,0.013532,0.000127,,861600,,
2,2,,0.004502,0.053167,0.45382,0.371816,0.098589,0.017812,0.000294,,864500,,
2,2,,0.003815,0.032149,0.485885,0.366558,0.092175,0.019036,0.000383,,866000,,
2,3,,0.005892,0.050427,0.347107,0.376149,0.178798,0.040055,0.001573,,876900,,
2,2,,0.004821,0.069404,0.477039,0.356743,0.079153,0.012388,0.000451,,863000,,
2,2,,0.0067,0.038412,0.466009,0.376114,0.096029,0.01624,0.000497,,862900,,
2,3,,0.006859,0.036663,0.323089,0.401272,0.19617,0.035023,0.000924,,863700,,
2,2,,0.005313,0.045625,0.489318,0.375141,0.071269,0.01313,0.000204,,877400,,
2,2,,0.003578,0.028541,0.40959,0.401905,0.132469,0.023505,0.000411,,865600,,
2,2,,0.004866,0.042999,0.511933,0.359175,0.070348,0.010552,0.000127,,866500,,
2,2,,0.007013,0.030931,0.412266,0.408012,0.122486,0.018896,0.000397,,865300,,
2,2,,0.008754,0.042038,0.427972,0.362514,0.131382,0.026263,0.001078,,865900,,
2,2,,0.011118,0.050507,0.429577,0.357193,0.124786,0.025829,0.00099,,869800,,
2,2,,0.007244,0.053668,0.441665,0.368986,0.107181,0.020835,0.000422,,866100,,
2,2,,0.003686,0.031156,0.444909,0.391384,0.115137,0.0136,0.000127,,874400,,
2,3,,0.004293,0.034032,0.391756,0.407529,0.13992,0.022108,0.000363,,935900,,
2,3,,0.002947,0.035496,0.293862,0.39863,0.214498,0.053211,0.001356,,1002900,,
2,3,,0.002484,0.035545,0.292929,0.39661,0.21609,0.054573,0.001771,,1005100,,
2,3,,0.006071,0.046045,0.374413,0.376705,0.160436,0.034919,0.001412,,1004900,,
2,2,,0.003594,0.027887,0.446587,0.40361,0.102163,0.016032,0.000127,,1001000,,
2,2,,0.005419,0.04334,0.426158,0.37597,0.12397,0.024482,0.000661,,995300,,
2,2,,0.004821,0.067586,0.484226,0.351375,0.079153,0.012388,0.000451,,992100,,
2,2,,0.005447,0.04476,0.5065,0.361425,0.070178,0.011486,0.000204,,990100,,
2,2,,0.006975,0.042225,0.496726,0.373005,0.070313,0.010628,0.000127,,1014000,,
2,3,,0.003509,0.025903,0.377717,0.430038,0.139926,0.02253,0.000377,,988700,,
2,2,,0.00361,0.032458,0.461623,0.377102,0.098562,0.026217,0.000427,,999100,,
2,2,,0.003524,0.027416,0.44606,0.407,0.10164,0.014233,0.000127,,990500,,
2,2,,0.006975,0.042225,0.496726,0.373005,0.070313,0.010628,0.000127,,994800,,
2,2,,0.004467,0.043257,0.502681,0.360205,0.076297,0.012881,0.000213,,995800,,
2,3,,0.006142,0.054208,0.33686,0.381792,0.179145,0.040687,0.001164,,995200,,
2,3,,0.005269,0.034271,0.391408,0.41018,0.135927,0.022439,0.000506,,1009900,,
2,3,,0.003739,0.027711,0.412058,0.420359,0.121698,0.014327,0.000108,,999200,,
2,2,,0.003799,0.030819,0.446782,0.389777,0.115171,0.013524,0.000127,,1021700,,
2,3,,0.003034,0.021258,0.345186,0.419718,0.174686,0.035089,0.001029,,1092500,,
2,2,,0.003473,0.062098,0.369092,0.36462,0.164734,0.033987,0.001997,,989200,,
2,3,,0.00478,0.026368,0.327836,0.416302,0.188628,0.035242,0.000844,,988900,,
2,3,,0.003667,0.026586,0.385005,0.430275,0.132233,0.021916,0.000318,,992200,,
2,3,,0.003744,0.032343,0.403011,0.40501,0.131782,0.023691,0.000419,,991500,,
2,2,,0.004673,0.038163,0.474642,0.367857,0.0941,0.020209,0.000357,,999400,,
2,2,,0.003594,0.028476,0.444633,0.402833,0.106834,0.01342,0.00021,,996600,,
2,2,,0.004618,0.044201,0.492878,0.374499,0.071404,0.012272,0.000127,,991200,,
2,2,,0.003815,0.032149,0.485885,0.366558,0.092175,0.019036,0.000383,,990600,,
2,3,,0.004864,0.024262,0.329045,0.424744,0.179596,0.036536,0.000952,,989900,,
2,2,,0.003738,0.027783,0.450196,0.387279,0.104209,0.026453,0.000342,,992100,,
2,2,,0.004866,0.042999,0.511933,0.359175,0.070348,0.010552,0.000127,,989500,,
2,3,,0.0033,0.030187,0.34224,0.435056,0.159951,0.028843,0.000424,,992400,,
2,2,,0.005311,0.031096,0.442297,0.388266,0.118314,0.01457,0.000147,,988400,,
2,3,,0.003602,0.060295,0.349642,0.371215,0.171053,0.043124,0.00107,,1014000,,
2,3,,0.004482,0.021441,0.319165,0.422848,0.190925,0.040065,0.001074,,999400,,
2,2,,0.004382,0.038593,0.442297,0.377897,0.112939,0.023433,0.00046,,1001400,,
2,2,,0.003686,0.031156,0.444909,0.391384,0.115137,0.0136,0.000127,,1004900,,
2,2,,0.003594,0.027887,0.446587,0.40361,0.102163,0.016032,0.000127,,993100,,
2,2,,0.003661,0.028524,0.420609,0.399712,0.125552,0.021598,0.000342,,990200,,
2,2,,0.007338,0.046597,0.379656,0.3776,0.156135,0.031719,0.000956,,1013600,,
2,2,,0.003594,0.027887,0.44617,0.402499,0.106191,0.013532,0.000127,,992100,,
2,2,,0.004618,0.044201,0.492878,0.374499,0.071404,0.012272,0.000127,,987900,,
2,2,,0.005019,0.088158,0.419964,0.349559,0.115122,0.021498,0.000681,,989700,,
2,2,,0.00579,0.040343,0.450052,0.373641,0.108866,0.020789,0.000519,,990800,,
2,2,,0.006189,0.046686,0.41835,0.376654,0.12634,0.024946,0.000833,,998000,,
2,3,,0.009702,0.089786,0.336465,0.352235,0.175913,0.034348,0.001551,,993100,,
2,2,,0.004606,0.042942,0.499061,0.365951,0.074418,0.012757,0.000265,,1022100,,
2,2,,0.004536,0.042587,0.49434,0.364435,0.079878,0.013874,0.000351,,1043700,,
2,3,,0.005067,0.032127,0.396172,0.402347,0.143828,0.020157,0.000302,,992400,,
2,2,,0.006015,0.056687,0.43579,0.405789,0.08037,0.014965,0.000385,,997900,,
2,2,,0.008373,0.057312,0.381919,0.373329,0.146287,0.0319,0.00088,,992600,,
2,2,,0.011402,0.056327,0.442132,0.373246,0.098151,0.018206,0.000536,,993100,,
2,2,,0.004618,0.044201,0.492878,0.374499,0.071404,0.012272,0.000127,,925300,,
2,3,,0.003792,0.024754,0.377911,0.436202,0.133571,0.023466,0.000305,,864600,,
2,3,,0.004345,0.025802,0.307909,0.400506,0.216782,0.043246,0.001409,,866300,,
2,2,,0.005755,0.04852,0.495756,0.360699,0.076859,0.012264,0.000147,,909600,,
2,2,,0.006124,0.093516,0.415307,0.350433,0.111153,0.022636,0.000831,,866700,,
2,2,,0.010589,0.04516,0.446516,0.371088,0.103857,0.022331,0.00046,,866900,,
2,2,,0.003855,0.026054,0.421755,0.40747,0.126488,0.014289,0.00009,,864700,,
2,2,,0.005301,0.044365,0.495501,0.366593,0.074283,0.013615,0.000342,,1006500,,
2,2,,0.004664,0.039731,0.475727,0.379979,0.085524,0.014109,0.000265,,985500,,
2,3,,0.003336,0.027255,0.396357,0.410837,0.139075,0.022678,0.000462,,872500,,
2,2,,0.006164,0.03,0.445389,0.396966,0.097973,0.023211,0.000298,,875300,,
2,2,,0.003993,0.030098,0.437901,0.408593,0.103595,0.015632,0.000189,,870400,,
2,2,,0.008618,0.048155,0.445144,0.381954,0.097329,0.018429,0.000372,,874800,,
2,2,,0.005028,0.034982,0.432376,0.374172,0.122124,0.030764,0.000555,,872200,,
2,2,,0.004752,0.043336,0.510059,0.360782,0.070313,0.010628,0.000127,,876700,,
2,2,,0.004684,0.05614,0.492491,0.3604,0.074392,0.011767,0.000127,,1111400,,
2,2,,0.003686,0.02808,0.437217,0.403692,0.113599,0.0136,0.000127,,884600,,
2,2,,0.003594,0.027887,0.446587,0.40361,0.102163,0.016032,0.000127,,873300,,
2,3,,0.006943,0.03459,0.377573,0.388074,0.157054,0.034901,0.000866,,869600,,
2,2,,0.007199,0.050697,0.413545,0.358412,0.140396,0.028524,0.001227,,891200,,
2,2,,0.007725,0.054231,0.405291,0.373423,0.131551,0.02704,0.000738,,867600,,
2,2,,0.004866,0.042999,0.511933,0.359175,0.070348,0.010552,0.000127,,865400,,
2,3,,0.009151,0.054913,0.285042,0.373237,0.227813,0.04828,0.001565,,867400,,
2,2,,0.004761,0.090467,0.396654,0.357292,0.125229,0.024605,0.000991,,865300,,
2,2,,0.006248,0.059662,0.426377,0.368443,0.116759,0.021909,0.000601,,866400,,
2,2,,0.004365,0.073247,0.397653,0.365815,0.131716,0.026554,0.00065,,866400,,
2,2,,0.004843,0.032186,0.396507,0.384114,0.148313,0.033176,0.000861,,869600,,
2,2,,0.003598,0.031198,0.467805,0.368554,0.101576,0.026702,0.000565,,866600,,
2,2,,0.004622,0.041785,0.495031,0.370147,0.076089,0.012198,0.000127,,862400,,
2,2,,0.00676,0.044319,0.486883,0.379311,0.070837,0.011764,0.000127,,863700,,
2,2,,0.007077,0.059552,0.399207,0.377585,0.129274,0.026567,0.000738,,867800,,
2,3,,0.003661,0.047265,0.403913,0.408297,0.116741,0.01978,0.000342,,864700,,
2,3,,0.00905,0.05395,0.333341,0.376683,0.184048,0.041663,0.001265,,869400,,
2,3,,0.003639,0.033817,0.374145,0.419935,0.1424,0.025461,0.000602,,883100,,
2,2,,0.003825,0.030332,0.432453,0.403415,0.110434,0.01933,0.000211,,867500,,
2,2,,0.003746,0.026698,0.408238,0.408139,0.130804,0.022033,0.000342,,870900,,
2,3,,0.003357,0.023318,0.383388,0.436448,0.129887,0.023413,0.00019,,863600,,
2,2,,0.006975,0.042225,0.496726,0.373005,0.070313,0.010628,0.000127,,885700,,
2,2,,0.005059,0.03419,0.397757,0.389869,0.149091,0.023653,0.000381,,867400,,
2,3,,0.003854,0.032666,0.370689,0.397576,0.167244,0.027317,0.000654,,866600,,
2,2,,0.007088,0.041888,0.498599,0.371397,0.070348,0.010552,0.000127,,866900,,
2,2,,0.007045,0.060342,0.452601,0.371447,0.092985,0.015149,0.000433,,870100,,
2,2,,0.004866,0.042999,0.511933,0.359175,0.070348,0.010552,0.000127,,868300,,
2,2,,0.004618,0.042383,0.500064,0.369131,0.071404,0.012272,0.000127,,864700,,
2,3,,0.007721,0.033706,0.312883,0.425074,0.183568,0.036103,0.000945,,863400,,
2,2,,0.004231,0.030162,0.413113,0.409983,0.126523,0.015818,0.00017,,870100,,
2,3,,0.008617,0.051782,0.308954,0.365221,0.211812,0.051517,0.002097,,865000,,
2,2,,0.005665,0.066252,0.489122,0.352567,0.074781,0.011224,0.00039,,865800,,
2,2,,0.005238,0.061483,0.457512,0.366675,0.093355,0.015202,0.000536,,868800,,
2,2,,0.005065,0.066496,0.426642,0.363138,0.116058,0.021919,0.000681,,868900,,
2,2,,0.00368,0.024877,0.41791,0.413771,0.122483,0.017027,0.000253,,867100,,
2,2,,0.004752,0.043336,0.510059,0.360782,0.070313,0.010628,0.000127,,863800,,
2,2,,0.011402,0.056327,0.442132,0.373246,0.098151,0.018206,0.000536,,1028500,,
2,2,,0.004651,0.043274,0.509276,0.360113,0.070871,0.011687,0.000127,,869300,,
2,2,,0.00485,0.051328,0.474303,0.371184,0.082163,0.015802,0.00037,,862600,,
2,2,,0.004684,0.077958,0.485305,0.345768,0.074392,0.011767,0.000127,,860800,,
2,3,,0.005028,0.049094,0.346346,0.386175,0.172728,0.039268,0.001362,,861600,,
2,2,,0.004078,0.028271,0.426691,0.408745,0.113459,0.018567,0.000189,,863000,,
2,2,,0.005031,0.043381,0.492304,0.368441,0.077808,0.012749,0.000287,,861200,,
2,2,,0.008695,0.040723,0.428428,0.363462,0.131376,0.026219,0.001097,,865300,,
2,2,,0.006951,0.055902,0.493592,0.357399,0.073645,0.012299,0.000211,,859500,,
2,3,,0.008488,0.036795,0.336864,0.404792,0.175299,0.036669,0.001093,,859600,,
2,2,,0.003698,0.032536,0.426165,0.386558,0.13146,0.019246,0.000337,,859100,,
2,2,,0.003729,0.030348,0.442005,0.411166,0.098399,0.014225,0.000127,,857400,,
2,2,,0.004971,0.114461,0.424197,0.346492,0.092741,0.016536,0.000602,,864500,,
2,2,,0.004636,0.066529,0.476579,0.355352,0.082687,0.013727,0.00049,,860500,,
2,2,,0.005634,0.043334,0.487486,0.373117,0.078062,0.012181,0.000185,,859500,,
2,2,,0.004655,0.05366,0.452761,0.370868,0.099966,0.017777,0.000313,,858300,,
2,2,,0.006975,0.044044,0.48954,0.378373,0.070313,0.010628,0.000127,,866900,,
2,2,,0.005313,0.043807,0.496505,0.369773,0.071269,0.01313,0.000204,,863600,,
2,3,,0.003735,0.040065,0.363254,0.403708,0.161425,0.027244,0.000569,,919200,,
2,2,,0.005922,0.070955,0.449579,0.360517,0.095578,0.016889,0.00056,,879200,,
2,2,,0.003594,0.027887,0.446587,0.40361,0.102163,0.016032,0.000127,,870700,,
2,2,,0.004618,0.042383,0.500064,0.369131,0.071404,0.012272,0.000127,,867100,,
2,2,,0.011049,0.048729,0.384962,0.370536,0.151268,0.032435,0.00102,,865600,,
2,2,,0.005934,0.053013,0.393046,0.380537,0.138252,0.028264,0.000954,,861700,,
2,2,,0.003665,0.029173,0.417477,0.402707,0.130119,0.01663,0.000228,,873800,,
2,2,,0.003713,0.032086,0.485102,0.365889,0.092733,0.020095,0.000383,,863600,,
2,2,,0.003799,0.027742,0.43909,0.402084,0.113633,0.013524,0.000127,,865000,,
2,2,,0.004618,0.042383,0.500064,0.369131,0.071404,0.012272,0.000127,,864800,,
2,2,,0.006092,0.050375,0.498948,0.356101,0.076044,0.012072,0.000368,,867300,,
2,2,,0.006257,0.047678,0.42891,0.374146,0.119128,0.023175,0.000706,,869300,,
2,2,,0.003455,0.031607,0.46409,0.365088,0.110116,0.024985,0.000659,,865200,,
2,2,,0.005232,0.036547,0.399861,0.39299,0.14357,0.021462,0.000338,,860400,,
2,2,,0.003885,0.032704,0.491603,0.367003,0.08703,0.017438,0.000338,,864100,,
2,3,,0.003214,0.02484,0.337394,0.409613,0.186987,0.036756,0.001196,,863300,,
2,2,,0.004618,0.042383,0.500064,0.369131,0.071404,0.012272,0.000127,,863500,,
2,3,,0.003316,0.041048,0.3448,0.403032,0.163988,0.042558,0.001258,,932300,,
2,2,,0.004618,0.042383,0.500064,0.369131,0.071404,0.012272,0.000127,,949500,,
2,3,,0.004248,0.048655,0.373342,0.37859,0.159453,0.034546,0.001167,,930000,,
2,2,,0.00626,0.044829,0.392128,0.379918,0.146034,0.029927,0.000904,,918600,,
2,2,,0.003594,0.027887,0.450837,0.40561,0.098413,0.013532,0.000127,,875200,,
2,2,,0.003381,0.024742,0.406963,0.403491,0.137816,0.023116,0.000491,,883900,,
2,3,,0.004939,0.025065,0.388952,0.403994,0.15358,0.023131,0.000339,,866800,,
2,2,,0.005048,0.033968,0.414352,0.389841,0.136752,0.019703,0.000335,,887500,,
2,2,,0.004398,0.051208,0.406273,0.379207,0.131183,0.027081,0.00065,,868300,,
2,2,,0.003594,0.027887,0.446587,0.40361,0.102163,0.016032,0.000127,,915300,,
2,2,,0.003525,0.026148,0.419897,0.401789,0.130154,0.01819,0.000298,,869100,,
2,2,,0.007004,0.054873,0.425433,0.379279,0.110381,0.022454,0.000576,,866600,,
2,3,,0.003823,0.036001,0.237731,0.395127,0.244267,0.081489,0.001562,,901400,,
2,2,,0.003668,0.031754,0.473523,0.368999,0.096432,0.025104,0.000521,,865400,,
2,2,,0.003799,0.030819,0.446782,0.389777,0.115171,0.013524,0.000127,,863500,,
2,2,,0.005161,0.044932,0.507332,0.359077,0.072033,0.011179,0.000287,,864000,,
2,2,,0.004537,0.043612,0.507402,0.36172,0.070837,0.011764,0.000127,,881000,,
2,2,,0.005745,0.038522,0.44907,0.375919,0.111321,0.01896,0.000462,,1008400,,
2,2,,0.006703,0.060416,0.428871,0.366879,0.115888,0.020559,0.000685,,924400,,
2,2,,0.007389,0.060449,0.45959,0.371799,0.082774,0.017549,0.000449,,904300,,
2,2,,0.004896,0.058912,0.444977,0.365513,0.105808,0.019294,0.0006,,920200,,
2,2,,0.003686,0.031156,0.444909,0.391384,0.115137,0.0136,0.000127,,866000,,
2,2,,0.005711,0.056918,0.474924,0.364345,0.082142,0.015587,0.000372,,865200,,
2,2,,0.007992,0.05731,0.459829,0.375818,0.08272,0.015959,0.000372,,857400,,
2,3,,0.002431,0.018139,0.254432,0.419797,0.247687,0.055737,0.001778,,902200,,
2,2,,0.003679,0.02606,0.438466,0.414036,0.103665,0.013967,0.000127,,968300,,
2,2,,0.003594,0.027887,0.446587,0.40361,0.102163,0.016032,0.000127,,939100,,
2,3,,0.006074,0.045832,0.374768,0.401785,0.14167,0.028869,0.001003,,887500,,
2,2,,0.004682,0.042982,0.505338,0.359267,0.075773,0.011745,0.000213,,861800,,
2,2,,0.004752,0.043336,0.510059,0.360782,0.070313,0.010628,0.000127,,887400,,
2,2,,0.00461,0.041447,0.455549,0.379213,0.099016,0.019564,0.000601,,870000,,
2,2,,0.00368,0.031195,0.474526,0.372179,0.093418,0.024619,0.000383,,864700,,
2,2,,0.007102,0.039486,0.478169,0.385644,0.078191,0.01128,0.000127,,916900,,
2,2,,0.004651,0.043274,0.509276,0.360113,0.070871,0.011687,0.000127,,862800,,
2,2,,0.004833,0.044168,0.510781,0.360038,0.069704,0.010349,0.000127,,910500,,
2,2,,0.008598,0.048441,0.446788,0.414273,0.070184,0.01153,0.000185,,908800,,
2,2,,0.004537,0.043612,0.507402,0.36172,0.070837,0.011764,0.000127,,860300,,
2,2,,0.004219,0.056485,0.395075,0.386302,0.129653,0.027656,0.00061,,863500,,
2,2,,0.004606,0.042942,0.499061,0.365951,0.074418,0.012757,0.000265,,889100,,
2,3,,0.0069,0.031458,0.388693,0.40519,0.141227,0.025798,0.000733,,889000,,
2,2,,0.008613,0.038816,0.401574,0.373726,0.14594,0.030066,0.001266,,991400,,
2,3,,0.007549,0.031275,0.300855,0.415598,0.202166,0.041318,0.001238,,879200,,
2,3,,0.003615,0.030941,0.389357,0.433294,0.122284,0.020335,0.000175,,863800,,
2,2,,0.009295,0.059265,0.413713,0.379445,0.11585,0.021704,0.000727,,909300,,
2,2,,0.004866,0.042999,0.511933,0.359175,0.070348,0.010552,0.000127,,867400,,
2,2,,0.004618,0.042383,0.500064,0.369131,0.071404,0.012272,0.000127,,860500,,
2,2,,0.007186,0.05247,0.402532,0.394771,0.119135,0.023219,0.000687,,865300,,
2,2,,0.004832,0.045545,0.502802,0.361622,0.072522,0.01239,0.000287,,887400,,
2,2,,0.00368,0.024877,0.41791,0.413771,0.122483,0.017027,0.000253,,921200,,
2,3,,0.006755,0.047541,0.352505,0.382846,0.171738,0.037521,0.001094,,866600,,
2,2,,0.005331,0.048863,0.464971,0.376777,0.087091,0.016564,0.000404,,891200,,
2,2,,0.004618,0.042383,0.500064,0.369131,0.071404,0.012272,0.000127,,883700,,
2,3,,0.007975,0.031612,0.27467,0.406581,0.226611,0.050826,0.001725,,944400,,
2,2,,0.003684,0.030597,0.469493,0.373195,0.098102,0.024545,0.000383,,952700,,
2,2,,0.003799,0.027742,0.43909,0.402084,0.113633,0.013524,0.000127,,868600,,
2,3,,0.006053,0.049606,0.358668,0.381076,0.170026,0.033647,0.000923,,863800,,
2,2,,0.009346,0.088498,0.358144,0.35324,0.155538,0.033683,0.001551,,864800,,
2,3,,0.007706,0.033996,0.365121,0.420544,0.146606,0.025727,0.0003,,866500,,
2,2,,0.003594,0.027887,0.44617,0.402499,0.106191,0.013532,0.000127,,864700,,
2,2,,0.004651,0.043274,0.509276,0.360113,0.070871,0.011687,0.000127,,870300,,
2,2,,0.003763,0.025861,0.431121,0.417447,0.107498,0.014221,0.00009,,859500,,
2,2,,0.004606,0.042942,0.499061,0.365951,0.074418,0.012757,0.000265,,858700,,
2,2,,0.004537,0.043612,0.507402,0.36172,0.070837,0.011764,0.000127,,859400,,
2,3,,0.007726,0.052249,0.334791,0.381951,0.181035,0.04095,0.001298,,859200,,
2,3,,0.003278,0.02486,0.391059,0.410061,0.147621,0.022678,0.000443,,861600,,
2,3,,0.004536,0.026191,0.349178,0.413605,0.17,0.035621,0.000869,,859800,,
2,2,,0.00706,0.040399,0.484355,0.381431,0.075565,0.011063,0.000127,,867800,,
2,3,,0.004826,0.029326,0.371929,0.406599,0.158243,0.028492,0.000584,,867200,,
2,2,,0.003525,0.026148,0.419897,0.401789,0.130154,0.01819,0.000298,,866300,,
2,2,,0.008867,0.057235,0.445354,0.358238,0.108408,0.02145,0.000448,,868700,,
2,2,,0.004618,0.042383,0.500064,0.369131,0.071404,0.012272,0.000127,,867200,,
2,2,,0.005698,0.057349,0.455263,0.3844,0.081602,0.015338,0.000351,,1056400,,
2,2,,0.00468,0.05406,0.422638,0.376295,0.118663,0.02318,0.000484,,876400,,
2,3,,0.003169,0.029525,0.370458,0.415925,0.151177,0.028922,0.000825,,864000,,
2,2,,0.006368,0.041271,0.462621,0.382486,0.089792,0.017082,0.00038,,859300,,
2,2,,0.004925,0.06641,0.468578,0.359423,0.086873,0.01332,0.000471,,859200,,
2,3,,0.003718,0.057796,0.283384,0.375638,0.217952,0.059914,0.001598,,867900,,
2,2,,0.003458,0.027988,0.442307,0.372251,0.124368,0.029037,0.000591,,866400,,
2,2,,0.006124,0.093516,0.415307,0.350433,0.111153,0.022636,0.000831,,863800,,
2,2,,0.004226,0.039158,0.448684,0.386644,0.101131,0.019638,0.000518,,863100,,
2,2,,0.003728,0.030243,0.438723,0.395597,0.117763,0.013817,0.000127,,869500,,
2,3,,0.007266,0.063255,0.365604,0.400587,0.134033,0.028315,0.00094,,881800,,
2,2,,0.005313,0.043807,0.496505,0.369773,0.071269,0.01313,0.000204,,866500,,
2,3,,0.006062,0.041494,0.353758,0.433715,0.1476,0.01698,0.000392,,865800,,
2,2,,0.004691,0.041115,0.48669,0.374377,0.07967,0.013191,0.000265,,862400,,
2,2,,0.004606,0.042942,0.499061,0.365951,0.074418,0.012757,0.000265,,873100,,
2,2,,0.004622,0.041785,0.495031,0.370147,0.076089,0.012198,0.000127,,864000,,
2,2,,0.004801,0.062687,0.46612,0.360346,0.08946,0.016007,0.000579,,866600,,
2,2,,0.007088,0.041888,0.498599,0.371397,0.070348,0.010552,0.000127,,875900,,
2,2,,0.007992,0.05731,0.459829,0.375818,0.08272,0.015959,0.000372,,989200,,
2,3,,0.003726,0.022933,0.384734,0.427814,0.1403,0.020278,0.000215,,984500,,
2,2,,0.004785,0.068882,0.415156,0.371503,0.116184,0.022809,0.000681,,876800,,
2,2,,0.003455,0.025592,0.414179,0.401344,0.135299,0.019789,0.000342,,872800,,
2,2,,0.003595,0.026704,0.425614,0.402233,0.125009,0.016592,0.000253,,871800,,
2,3,,0.003323,0.024593,0.372194,0.412514,0.158769,0.028014,0.000594,,874500,,
2,2,,0.00676,0.0425,0.494069,0.373943,0.070837,0.011764,0.000127,,874600,,
2,2,,0.003594,0.027887,0.450837,0.40561,0.098413,0.013532,0.000127,,875500,,
2,2,,0.008797,0.046323,0.416814,0.391787,0.114522,0.021316,0.000441,,872600,,
2,2,,0.007248,0.051988,0.44796,0.360337,0.109534,0.022388,0.000546,,879300,,
2,3,,0.003505,0.024298,0.388773,0.433695,0.12715,0.022389,0.00019,,890400,,
2,2,,0.004536,0.042587,0.49434,0.364435,0.079878,0.013874,0.000351,,871100,,
2,2,,0.005602,0.046224,0.469727,0.374007,0.089339,0.014873,0.000228,,873500,,
2,2,,0.003698,0.032536,0.426165,0.386558,0.13146,0.019246,0.000337,,876800,,
2,2,,0.004734,0.040202,0.480504,0.37859,0.082296,0.013408,0.000265,,878500,,
2,2,,0.003686,0.02808,0.437217,0.403692,0.113599,0.0136,0.000127,,873900,,
2,3,,0.009352,0.039076,0.33583,0.406368,0.173097,0.035428,0.000849,,874100,,
2,2,,0.004752,0.043336,0.510059,0.360782,0.070313,0.010628,0.000127,,873900,,
2,3,,0.007975,0.031612,0.27467,0.406581,0.226611,0.050826,0.001725,,996400,,
2,2,,0.005301,0.044365,0.495501,0.366593,0.074283,0.013615,0.000342,,894900,,
2,2,,0.005983,0.073,0.46863,0.355243,0.083309,0.013402,0.000433,,923600,,
2,2,,0.003686,0.02808,0.437217,0.403692,0.113599,0.0136,0.000127,,871800,,
2,2,,0.003381,0.024742,0.406963,0.403491,0.137816,0.023116,0.000491,,879100,,
2,2,,0.004458,0.069838,0.436759,0.371251,0.098641,0.018213,0.000839,,874900,,
2,2,,0.004651,0.043274,0.509276,0.360113,0.070871,0.011687,0.000127,,865500,,
2,2,,0.007052,0.061442,0.407873,0.374506,0.123314,0.025058,0.000755,,867700,,
2,2,,0.006975,0.042225,0.496726,0.373005,0.070313,0.010628,0.000127,,866800,,
2,2,,0.006072,0.049724,0.502224,0.356479,0.073576,0.011575,0.000349,,864600,,
2,2,,0.003479,0.03264,0.415621,0.405464,0.125824,0.016677,0.000295,,865500,,
2,2,,0.005255,0.05354,0.468452,0.370945,0.084042,0.017179,0.000587,,865200,,
2,2,,0.003885,0.032704,0.491603,0.367003,0.08703,0.017438,0.000338,,867100,,
2,3,,0.008261,0.032375,0.358192,0.419451,0.154224,0.027128,0.000369,,872000,,
2,3,,0.008416,0.037134,0.29456,0.426125,0.19136,0.041005,0.001401,,869200,,
2,3,,0.00754,0.057785,0.384877,0.395121,0.128736,0.025277,0.000664,,875400,,
2,3,,0.005997,0.045248,0.355088,0.375791,0.177152,0.039607,0.001117,,865800,,
2,2,,0.003995,0.056897,0.412418,0.373668,0.128187,0.024024,0.000811,,863700,,
2,3,,0.003162,0.025513,0.383825,0.403884,0.157267,0.025676,0.000675,,903800,,
2,2,,0.003594,0.028476,0.4373,0.40061,0.116389,0.01342,0.00021,,877000,,
2,2,,0.004651,0.043274,0.509276,0.360113,0.070871,0.011687,0.000127,,871100,,
2,2,,0.006692,0.04129,0.483291,0.376487,0.078457,0.013616,0.000166,,867900,,
2,2,,0.004767,0.041155,0.492967,0.367693,0.081025,0.01218,0.000213,,868000,,
2,3,,0.004568,0.036774,0.34513,0.462714,0.128916,0.021596,0.000302,,869100,,
2,2,,0.004548,0.043847,0.488157,0.372983,0.076864,0.013389,0.000213,,863200,,
2,2,,0.00367,0.030743,0.466921,0.362422,0.107767,0.0279,0.000576,,864000,,
3,3,,0.006756,0.027926,0.357543,0.395382,0.174138,0.03714,0.001115,,874400,,
3,3,,0.010743,0.047643,0.349072,0.378759,0.174189,0.038345,0.001251,,881100,,
3,3,,0.004642,0.029169,0.332786,0.402807,0.190913,0.038663,0.001018,,893500,,
3,2,,0.003594,0.027887,0.44617,0.402499,0.106191,0.013532,0.000127,,886200,,
3,2,,0.004746,0.039643,0.481508,0.38177,0.079282,0.012923,0.000127,,881800,,
3,2,,0.006157,0.047897,0.489853,0.364906,0.078828,0.012009,0.000349,,873600,,
3,3,,0.00359,0.024872,0.40304,0.42875,0.119333,0.020074,0.000342,,867700,,
3,3,,0.004843,0.02972,0.380647,0.413873,0.147255,0.023302,0.00036,,870900,,
3,3,,0.002797,0.02205,0.299837,0.431752,0.201304,0.040895,0.001365,,870100,,
3,3,,0.003101,0.037927,0.372284,0.377498,0.164889,0.043062,0.001239,,869300,,
3,2,,0.006921,0.045033,0.488044,0.378198,0.070795,0.010881,0.000127,,883400,,
3,2,,0.006314,0.037259,0.417084,0.387015,0.125324,0.026418,0.000587,,962400,,
3,3,,0.004858,0.029608,0.395237,0.411362,0.13686,0.021794,0.000279,,869900,,
3,2,,0.004618,0.044201,0.492878,0.374499,0.071404,0.012272,0.000127,,856300,,
3,2,,0.003686,0.031156,0.444909,0.391384,0.115137,0.0136,0.000127,,872200,,
3,3,,0.007477,0.033585,0.362628,0.400741,0.16236,0.032412,0.000798,,868000,,
3,2,,0.005301,0.0443,0.502821,0.361692,0.073106,0.012438,0.000342,,867800,,
3,2,,0.003736,0.028455,0.439097,0.411701,0.102897,0.013967,0.000147,,864100,,
3,2,,0.006922,0.045175,0.401854,0.373692,0.141011,0.030695,0.000651,,866800,,
3,3,,0.006138,0.025073,0.281579,0.410333,0.225337,0.049703,0.001836,,870000,,
3,3,,0.008169,0.033425,0.401355,0.407735,0.126677,0.022321,0.000317,,865700,,
3,2,,0.004678,0.029913,0.433873,0.393267,0.120479,0.017537,0.000253,,888300,,
3,3,,0.008586,0.038438,0.334796,0.406892,0.173719,0.036336,0.001232,,866700,,
3,3,,0.008502,0.040304,0.320557,0.396238,0.189179,0.044048,0.001173,,866200,,
3,2,,0.004439,0.035551,0.453237,0.363654,0.112369,0.030174,0.000576,,875200,,
3,2,,0.010467,0.043915,0.406784,0.3737,0.133632,0.030568,0.000933,,858400,,
3,3,,0.00748,0.055734,0.29298,0.406029,0.197745,0.038767,0.001265,,878800,,
3,2,,0.006452,0.052196,0.43988,0.369299,0.108825,0.022623,0.000726,,864000,,
3,3,,0.0057,0.031446,0.361606,0.399797,0.16857,0.03217,0.00071,,869600,,
3,3,,0.004154,0.03426,0.351573,0.410493,0.166203,0.032642,0.000675,,892800,,
3,2,,0.007148,0.052427,0.474014,0.369366,0.083928,0.012767,0.000349,,866700,,
3,3,,0.009477,0.056482,0.254043,0.388574,0.223063,0.067169,0.001193,,869200,,
3,3,,0.007222,0.035556,0.266388,0.472007,0.186809,0.03104,0.000978,,871300,,
3,3,,0.01032,0.043387,0.358084,0.377213,0.168812,0.040906,0.001277,,865900,,
3,3,,0.003145,0.024074,0.35495,0.450449,0.140845,0.026161,0.000375,,869600,,
3,2,,0.006975,0.042225,0.496726,0.373005,0.070313,0.010628,0.000127,,867300,,
3,3,,0.009145,0.04222,0.309503,0.375532,0.196154,0.065468,0.001977,,865800,,
3,3,,0.004502,0.029959,0.278795,0.413081,0.223327,0.049198,0.001137,,866400,,
3,2,,0.003679,0.02606,0.433799,0.410925,0.111443,0.013967,0.000127,,874400,,
3,2,,0.006078,0.039273,0.441336,0.393697,0.099483,0.019714,0.000419,,868400,,
3,3,,0.007696,0.066105,0.269122,0.385808,0.208857,0.061198,0.001215,,870800,,
3,3,,0.003109,0.022989,0.337876,0.402197,0.19401,0.038498,0.001322,,878900,,
3,2,,0.004606,0.042942,0.499061,0.365951,0.074418,0.012757,0.000265,,878200,,
3,3,,0.003241,0.040198,0.352917,0.382068,0.174284,0.045885,0.001407,,868000,,
3,2,,0.004606,0.042942,0.499061,0.365951,0.074418,0.012757,0.000265,,867900,,
3,3,,0.006802,0.027939,0.378469,0.412255,0.147984,0.025953,0.000598,,866200,,
3,2,,0.003376,0.026263,0.407398,0.372566,0.152569,0.036934,0.000895,,898100,,
3,2,,0.009053,0.047044,0.394737,0.38551,0.13427,0.028804,0.000582,,869800,,
3,2,,0.003676,0.027535,0.428002,0.4076,0.116622,0.016312,0.000253,,867600,,
3,2,,0.003799,0.030819,0.446782,0.389777,0.115171,0.013524,0.000127,,867300,,
3,2,,0.007054,0.044434,0.489468,0.373844,0.072522,0.01239,0.000287,,876100,,
3,2,,0.003525,0.026148,0.424563,0.4049,0.122376,0.01819,0.000298,,868100,,
3,2,,0.003679,0.02606,0.433799,0.410925,0.111443,0.013967,0.000127,,863700,,
3,2,,0.003726,0.028342,0.449193,0.384099,0.107223,0.026938,0.00048,,866300,,
3,3,,0.00651,0.032653,0.408866,0.410432,0.120838,0.020331,0.00037,,868500,,
3,3,,0.00366,0.028504,0.41645,0.416887,0.115727,0.018475,0.000298,,886100,,
3,2,,0.003688,0.029973,0.428353,0.413118,0.107956,0.01666,0.000253,,864400,,
3,2,,0.009747,0.062309,0.406766,0.353735,0.137387,0.028962,0.001095,,866500,,
3,3,,0.009251,0.03564,0.262109,0.404109,0.235919,0.051472,0.0015,,889900,,
3,3,,0.003223,0.022044,0.357943,0.406998,0.175869,0.032934,0.000989,,864500,,
3,3,,0.003682,0.02503,0.411892,0.424978,0.114828,0.0195,0.00009,,870000,,
3,3,,0.003513,0.024872,0.37706,0.42909,0.139561,0.025564,0.000339,,872400,,
3,3,,0.008396,0.034674,0.352916,0.39692,0.170915,0.035085,0.001094,,869900,,
3,2,,0.003701,0.028859,0.427761,0.4212,0.103617,0.014735,0.000127,,863600,,
3,3,,0.003209,0.022858,0.380323,0.39997,0.16143,0.031311,0.000899,,861600,,
3,3,,0.003468,0.027078,0.405545,0.419021,0.123386,0.02115,0.000353,,896300,,
3,3,,0.00496,0.030105,0.326331,0.415932,0.189926,0.031959,0.000786,,867000,,
3,3,,0.005862,0.033485,0.348169,0.40323,0.174146,0.034165,0.000943,,866500,,
3,2,,0.003852,0.028632,0.42881,0.401076,0.12327,0.014251,0.000108,,865700,,
3,3,,0.006201,0.025346,0.283734,0.42847,0.208697,0.045987,0.001566,,867600,,
3,2,,0.003884,0.025915,0.426719,0.410511,0.118885,0.013958,0.000127,,868800,,
3,3,,0.010605,0.062049,0.300478,0.370158,0.190886,0.063917,0.001906,,867600,,
3,3,,0.003217,0.025268,0.382252,0.411138,0.149805,0.027554,0.000766,,870200,,
3,2,,0.008108,0.046682,0.435176,0.379942,0.107494,0.022044,0.000555,,890000,,
3,3,,0.003491,0.025892,0.406589,0.417896,0.128612,0.017291,0.000228,,869200,,
3,3,,0.004092,0.022925,0.29647,0.403416,0.211915,0.059348,0.001833,,863500,,
3,2,,0.007756,0.054793,0.425883,0.366217,0.121544,0.023259,0.000547,,865000,,
3,2,,0.004415,0.060712,0.440018,0.37817,0.09694,0.019145,0.000601,,864500,,
3,3,,0.005095,0.029503,0.30511,0.393657,0.20887,0.055953,0.001812,,866100,,
3,2,,0.00317,0.039635,0.395442,0.380947,0.142777,0.03709,0.000939,,868100,,
3,3,,0.004361,0.036244,0.364238,0.419856,0.146885,0.027745,0.000671,,869900,,
3,3,,0.004592,0.030717,0.29039,0.401408,0.223529,0.047835,0.001528,,911500,,
3,2,,0.004837,0.04151,0.497688,0.369209,0.075565,0.011063,0.000127,,895100,,
3,2,,0.007054,0.044434,0.489468,0.373844,0.072522,0.01239,0.000287,,871100,,
3,2,,0.003584,0.026501,0.417041,0.409499,0.122034,0.021048,0.000294,,866500,,
3,3,,0.005901,0.036582,0.349158,0.404893,0.173353,0.029473,0.000639,,866100,,
3,3,,0.004229,0.048005,0.376618,0.378968,0.156985,0.034048,0.001148,,869000,,
3,2,,0.005422,0.04836,0.47204,0.366341,0.091091,0.016422,0.000323,,866900,,
3,3,,0.007477,0.033585,0.362628,0.400741,0.16236,0.032412,0.000798,,868700,,
3,2,,0.005233,0.042742,0.419253,0.373268,0.132757,0.026051,0.000696,,869400,,
3,2,,0.003819,0.028615,0.450918,0.386534,0.103599,0.026173,0.000342,,894200,,
3,2,,0.003679,0.02606,0.434216,0.412036,0.107415,0.016467,0.000127,,865900,,
3,2,,0.007212,0.058419,0.449372,0.366966,0.099604,0.01789,0.000538,,866800,,
3,3,,0.003864,0.028394,0.400193,0.429465,0.118989,0.018962,0.000133,,866800,,
3,3,,0.003103,0.021805,0.374687,0.405822,0.163573,0.030064,0.000946,,867500,,
3,3,,0.002286,0.018427,0.220013,0.420491,0.259908,0.07698,0.001895,,863800,,
3,2,,0.004053,0.029281,0.449884,0.405737,0.097242,0.013695,0.000109,,868100,,
3,2,,0.003524,0.028005,0.439856,0.404222,0.110062,0.014121,0.00021,,864900,,
3,2,,0.007472,0.035722,0.483441,0.365246,0.091291,0.016352,0.000476,,889500,,
3,3,,0.003725,0.024117,0.409957,0.431191,0.113704,0.017218,0.00009,,908600,,
3,3,,0.009118,0.040433,0.308433,0.406073,0.192656,0.041848,0.001439,,868100,,
3,3,,0.003779,0.027374,0.395343,0.41972,0.131525,0.02194,0.000319,,861400,,
3,2,,0.005845,0.039758,0.399793,0.376199,0.148224,0.029296,0.000886,,865800,,
3,2,,0.003679,0.02606,0.438466,0.414036,0.103665,0.013967,0.000127,,867200,,
3,2,,0.003731,0.02908,0.424509,0.411066,0.113135,0.018182,0.000298,,875800,,
3,2,,0.003884,0.028992,0.434411,0.398203,0.120423,0.013958,0.000127,,865800,,
3,2,,0.003455,0.025592,0.414179,0.401344,0.135299,0.019789,0.000342,,868000,,
3,2,,0.010112,0.058271,0.399045,0.359095,0.142401,0.029952,0.001124,,869600,,
3,3,,0.007888,0.033809,0.322208,0.424564,0.173989,0.036798,0.000744,,870400,,
3,2,,0.003784,0.033007,0.405831,0.40444,0.129321,0.023237,0.000381,,866500,,
3,2,,0.003994,0.027966,0.450341,0.406685,0.097236,0.013651,0.000127,,865400,,
3,2,,0.005183,0.082894,0.462246,0.34394,0.090675,0.014546,0.000517,,866000,,
3,3,,0.009073,0.051061,0.297496,0.382949,0.210065,0.048087,0.00127,,871000,,
3,3,,0.009628,0.043355,0.291923,0.370982,0.212528,0.069469,0.002115,,869300,,
3,3,,0.007042,0.046471,0.35679,0.372206,0.177582,0.038303,0.001605,,868700,,
3,2,,0.004752,0.043336,0.510059,0.360782,0.070313,0.010628,0.000127,,886700,,
3,2,,0.004832,0.045545,0.502802,0.361622,0.072522,0.01239,0.000287,,866500,,
3,2,,0.005447,0.04476,0.5065,0.361425,0.070178,0.011486,0.000204,,884900,,
3,3,,0.006659,0.027216,0.252985,0.405064,0.233572,0.072511,0.001992,,867200,,
3,3,,0.004726,0.024322,0.344083,0.416829,0.173674,0.035432,0.000934,,866700,,
3,2,,0.003799,0.030819,0.446782,0.389777,0.115171,0.013524,0.000127,,875900,,
3,2,,0.003381,0.024742,0.402713,0.401491,0.141566,0.025616,0.000491,,873100,,
3,3,,0.00307,0.026689,0.399704,0.429846,0.121213,0.01921,0.000267,,876400,,
3,3,,0.004331,0.036537,0.405754,0.40964,0.125356,0.018105,0.000276,,866800,,
3,3,,0.003657,0.023968,0.402293,0.436199,0.115832,0.017961,0.00009,,873200,,
3,3,,0.003106,0.02872,0.351672,0.414169,0.166825,0.034218,0.001291,,870900,,
3,3,,0.008349,0.03475,0.337747,0.394838,0.183946,0.039124,0.001244,,863400,,
3,3,,0.00307,0.026689,0.399704,0.429846,0.121213,0.01921,0.000267,,865800,,
3,2,,0.003594,0.028476,0.4493,0.405944,0.099056,0.01342,0.00021,,863900,,
3,2,,0.004525,0.039268,0.472542,0.378397,0.088862,0.016113,0.000294,,869800,,
3,2,,0.003799,0.030819,0.446782,0.389777,0.115171,0.013524,0.000127,,872000,,
3,2,,0.0053,0.029262,0.427327,0.395504,0.127119,0.015299,0.000189,,861700,,
3,2,,0.003679,0.02606,0.438466,0.414036,0.103665,0.013967,0.000127,,866500,,
3,3,,0.003654,0.026935,0.395307,0.4265,0.128185,0.019187,0.000232,,866900,,
3,2,,0.004618,0.042383,0.500064,0.369131,0.071404,0.012272,0.000127,,869500,,
3,2,,0.005276,0.048218,0.476187,0.365799,0.088192,0.015998,0.00033,,902000,,
3,3,,0.013305,0.054343,0.309626,0.377907,0.198016,0.045252,0.001551,,869800,,
3,2,,0.004776,0.062123,0.49832,0.351371,0.072313,0.010726,0.000371,,865900,,
3,2,,0.00536,0.04568,0.495044,0.365646,0.074289,0.013658,0.000323,,873500,,
3,2,,0.005752,0.044769,0.414374,0.380582,0.127714,0.026198,0.000611,,867700,,
3,3,,0.004582,0.026275,0.327404,0.407405,0.197023,0.036352,0.00096,,864900,,
3,3,,0.003863,0.024474,0.393555,0.425217,0.135279,0.017439,0.000173,,869200,,
3,2,,0.006975,0.044044,0.48954,0.378373,0.070313,0.010628,0.000127,,860900,,
3,2,,0.003594,0.027887,0.450837,0.40561,0.098413,0.013532,0.000127,,863600,,
3,3,,0.00376,0.071796,0.328114,0.385311,0.171929,0.037818,0.001272,,864600,,
3,3,,0.003236,0.024106,0.261036,0.410188,0.230633,0.06922,0.00158,,864400,,
3,3,,0.006399,0.029583,0.338218,0.417171,0.176772,0.031319,0.000537,,866200,,
3,2,,0.008469,0.042472,0.392543,0.389121,0.137725,0.028996,0.000675,,866800,,
3,3,,0.002693,0.019995,0.283779,0.424754,0.220049,0.047248,0.001482,,900800,,
3,2,,0.003455,0.031018,0.465627,0.366087,0.108139,0.025096,0.000576,,868100,,
3,3,,0.006818,0.037202,0.38824,0.399363,0.140478,0.02717,0.000729,,865200,,
3,3,,0.007634,0.034234,0.329077,0.41864,0.174513,0.034854,0.001047,,861200,,
3,3,,0.004775,0.027074,0.348721,0.425542,0.166295,0.026972,0.00062,,869200,,
3,2,,0.003647,0.0257,0.428615,0.414909,0.110262,0.01676,0.000108,,987100,,
3,3,,0.003222,0.037612,0.363323,0.379983,0.169585,0.044972,0.001303,,870100,,
3,2,,0.005788,0.046163,0.438278,0.374159,0.113288,0.021828,0.000495,,866200,,
3,3,,0.004783,0.032765,0.409538,0.415028,0.119668,0.018002,0.000217,,867500,,
3,3,,0.002494,0.019362,0.242852,0.434901,0.241941,0.05704,0.00141,,870100,,
3,2,,0.007964,0.037097,0.449872,0.385832,0.099997,0.018866,0.000372,,863700,,
3,2,,0.007752,0.036331,0.44074,0.379388,0.112388,0.022711,0.000691,,888500,,
3,2,,0.005563,0.036491,0.42245,0.391434,0.12377,0.019998,0.000296,,912200,,
3,3,,0.00437,0.023967,0.29385,0.409291,0.223098,0.04426,0.001164,,888800,,
3,3,,0.003016,0.025259,0.332335,0.424356,0.178856,0.035255,0.000922,,885300,,
3,2,,0.005561,0.027122,0.405903,0.386987,0.140315,0.033353,0.00076,,861200,,
3,3,,0.00567,0.038295,0.367482,0.400073,0.160885,0.026924,0.000671,,863500,,
3,3,,0.004793,0.024218,0.370002,0.415151,0.155294,0.029931,0.000611,,879100,,
3,3,,0.00366,0.028504,0.41645,0.416887,0.115727,0.018475,0.000298,,855400,,
3,2,,0.004202,0.028205,0.440254,0.398989,0.11494,0.013283,0.000127,,859100,,
3,2,,0.005893,0.029632,0.454951,0.377372,0.107615,0.023961,0.000576,,859600,,
3,3,,0.004009,0.026872,0.245406,0.408731,0.234923,0.078447,0.001613,,860000,,
3,3,,0.003388,0.023882,0.302653,0.42594,0.199246,0.043838,0.001053,,887300,,
3,3,,0.00785,0.050788,0.371921,0.373905,0.160188,0.034417,0.000932,,869500,,
3,3,,0.004877,0.029209,0.361133,0.380762,0.180137,0.041545,0.002336,,860600,,
3,3,,0.00742,0.05864,0.253096,0.431459,0.205634,0.042779,0.000971,,861100,,
3,3,,0.003417,0.023517,0.354895,0.413587,0.169963,0.033858,0.000764,,857200,,
3,3,,0.00347,0.021885,0.379863,0.416013,0.151732,0.026584,0.000453,,859300,,
3,2,,0.003312,0.024352,0.40506,0.399331,0.14168,0.025774,0.000491,,880100,,
3,2,,0.003682,0.02503,0.423321,0.417021,0.116356,0.0145,0.00009,,865400,,
3,3,,0.006528,0.02521,0.223025,0.408117,0.256403,0.078888,0.001828,,863000,,
3,3,,0.005703,0.035844,0.350956,0.401816,0.174053,0.030721,0.000906,,871000,,
3,3,,0.003677,0.026308,0.408767,0.416888,0.123646,0.020373,0.000342,,858400,,
3,2,,0.004327,0.02816,0.403667,0.372402,0.154828,0.034232,0.002384,,859700,,
3,3,,0.002643,0.02078,0.288024,0.409941,0.228726,0.048005,0.001881,,858000,,
3,3,,0.003468,0.025447,0.399454,0.405762,0.140595,0.024589,0.000685,,857000,,
3,3,,0.003657,0.023968,0.402293,0.436199,0.115832,0.017961,0.00009,,867800,,
