wine-quality-white,CWE,test,2,NANOSECONDS,PREDICTIONS, Generated by ClassifierExperiments.java on 2022-05-16 22:44:27.    SYSTEMPROPERTIES:{user.name:matth,os.arch:amd64,os.name:Windows 10},ENDSYSTEMPROPERTIES
No parameter info
0.48827726809378186,419926600,916789100,-1,0,7,,-1,-1
0,3,,0.005351,0.045104,0.365904,0.4382,0.123776,0.021294,0.000371,,1412500,,
0,3,,0.005997,0.03941,0.414643,0.423188,0.099708,0.016758,0.000296,,894400,,
0,3,,0.004684,0.026346,0.367741,0.415297,0.153862,0.030858,0.001213,,882400,,
0,2,,0.007513,0.04002,0.427547,0.420377,0.089057,0.015398,0.000089,,891500,,
1,3,,0.006311,0.052718,0.30251,0.431516,0.17329,0.033247,0.000409,,881300,,
1,3,,0.011067,0.084298,0.330427,0.396149,0.147152,0.030167,0.000741,,878100,,
1,3,,0.009458,0.044825,0.298731,0.424178,0.18208,0.038664,0.002063,,882000,,
1,2,,0.007221,0.035868,0.430924,0.423075,0.087766,0.015056,0.000089,,880700,,
1,3,,0.007321,0.043232,0.407468,0.424405,0.100934,0.016416,0.000224,,876800,,
1,3,,0.00477,0.092286,0.319183,0.395252,0.140239,0.047526,0.000745,,883200,,
1,3,,0.00882,0.068679,0.24602,0.416961,0.208584,0.048193,0.002743,,876900,,
1,3,,0.007721,0.055575,0.371955,0.404653,0.131915,0.027659,0.000521,,998000,,
1,3,,0.007794,0.036064,0.422613,0.427713,0.08639,0.019189,0.000237,,885600,,
1,3,,0.008086,0.042336,0.367884,0.447625,0.114776,0.019065,0.000227,,940300,,
1,2,,0.005896,0.050101,0.421992,0.411768,0.093681,0.016397,0.000164,,883600,,
1,3,,0.007717,0.072656,0.346956,0.421091,0.126269,0.024699,0.000612,,873600,,
1,3,,0.007517,0.033887,0.398291,0.438336,0.103899,0.017982,0.000089,,903200,,
1,3,,0.008769,0.061586,0.397547,0.410229,0.101662,0.019784,0.000423,,882400,,
1,3,,0.007413,0.033636,0.392101,0.443242,0.105593,0.017926,0.000089,,880900,,
1,2,,0.007982,0.047295,0.419927,0.416091,0.092932,0.015626,0.000148,,874300,,
1,2,,0.008324,0.057818,0.419197,0.406751,0.092668,0.015093,0.000148,,893100,,
1,2,,0.006011,0.050351,0.423356,0.404713,0.092263,0.023216,0.000089,,1099400,,
1,3,,0.008502,0.051809,0.363508,0.439935,0.116424,0.019594,0.000227,,894100,,
1,2,,0.007094,0.036686,0.428306,0.423225,0.089466,0.015089,0.000133,,926500,,
1,3,,0.00954,0.065582,0.355264,0.419685,0.124341,0.024357,0.001231,,892300,,
1,2,,0.005917,0.078318,0.429434,0.370882,0.097479,0.017708,0.000262,,890000,,
1,3,,0.007993,0.063523,0.365292,0.414775,0.124444,0.023703,0.00027,,869500,,
1,2,,0.008849,0.044896,0.427027,0.412732,0.091006,0.015401,0.000089,,881700,,
1,3,,0.007474,0.036235,0.40032,0.435826,0.102635,0.017361,0.000148,,887400,,
1,2,,0.008849,0.044896,0.427027,0.412732,0.091006,0.015401,0.000089,,876000,,
1,3,,0.007585,0.036362,0.387379,0.442885,0.107768,0.017951,0.00007,,1016600,,
1,3,,0.00596,0.062141,0.380881,0.389469,0.1353,0.025919,0.00033,,890100,,
1,2,,0.00815,0.051106,0.415919,0.413151,0.095905,0.015546,0.000224,,884800,,
1,3,,0.008176,0.052736,0.41094,0.411269,0.100447,0.016165,0.000268,,882700,,
1,3,,0.008102,0.049877,0.389016,0.41767,0.114945,0.020083,0.000307,,883900,,
1,3,,0.009351,0.071044,0.398953,0.399156,0.10222,0.018839,0.000438,,898000,,
1,3,,0.011314,0.077361,0.326361,0.399377,0.152496,0.031881,0.00121,,882200,,
2,3,,0.007414,0.033323,0.387624,0.44561,0.107741,0.018218,0.00007,,883800,,
2,3,,0.005397,0.03656,0.342827,0.419336,0.15757,0.037238,0.001071,,880400,,
2,3,,0.007071,0.06085,0.36746,0.43838,0.108636,0.017512,0.000092,,902400,,
2,3,,0.008327,0.04621,0.277973,0.436491,0.187941,0.04087,0.002188,,960600,,
2,3,,0.005558,0.042121,0.290906,0.417926,0.200783,0.041771,0.000936,,878200,,
2,2,,0.007153,0.036576,0.433162,0.423744,0.084938,0.014337,0.000089,,878200,,
2,3,,0.007542,0.032207,0.371324,0.452135,0.116638,0.019999,0.000154,,880300,,
2,3,,0.006765,0.034375,0.338496,0.437247,0.151711,0.030767,0.00064,,904100,,
2,3,,0.00753,0.059759,0.405839,0.408928,0.098125,0.019557,0.000262,,875800,,
2,3,,0.008113,0.053901,0.381593,0.413787,0.120915,0.021385,0.000307,,880200,,
2,3,,0.007345,0.034031,0.389862,0.44628,0.104913,0.017498,0.00007,,877400,,
2,3,,0.007591,0.033157,0.383786,0.443623,0.112228,0.019442,0.000173,,931000,,
2,3,,0.00693,0.076141,0.353736,0.4204,0.123014,0.019251,0.000529,,1129100,,
2,2,,0.009729,0.055352,0.404136,0.396356,0.1155,0.018632,0.000295,,875700,,
2,3,,0.008295,0.046549,0.348873,0.431776,0.137654,0.026552,0.000301,,905800,,
2,3,,0.007528,0.036302,0.412698,0.425401,0.097223,0.02024,0.000607,,872100,,
2,3,,0.007518,0.033067,0.387665,0.444184,0.108759,0.018717,0.000089,,896700,,
2,3,,0.007862,0.035356,0.420375,0.427044,0.089218,0.019908,0.000237,,876100,,
2,3,,0.00534,0.027137,0.392468,0.448096,0.107523,0.019385,0.000051,,889500,,
2,3,,0.004953,0.033705,0.368851,0.457336,0.113109,0.021955,0.00009,,875500,,
2,2,,0.007271,0.035533,0.448006,0.407704,0.086376,0.015021,0.000089,,882600,,
2,3,,0.008746,0.053853,0.412607,0.412747,0.09446,0.017421,0.000166,,875500,,
2,3,,0.006522,0.036586,0.378131,0.422649,0.126134,0.029274,0.000704,,872200,,
2,2,,0.007221,0.035868,0.430924,0.423075,0.087766,0.015056,0.000089,,990600,,
2,3,,0.00825,0.077752,0.376045,0.403124,0.111124,0.023183,0.000522,,906800,,
2,2,,0.007153,0.036576,0.433162,0.423744,0.084938,0.014337,0.000089,,880800,,
2,2,,0.00807,0.03537,0.428602,0.423625,0.085227,0.018888,0.000217,,877900,,
2,3,,0.006432,0.049492,0.3256,0.456531,0.136223,0.025402,0.000321,,884900,,
2,3,,0.007576,0.035456,0.421269,0.427123,0.090219,0.01812,0.000237,,882100,,
2,3,,0.007342,0.035312,0.404715,0.436102,0.098835,0.017458,0.000237,,874400,,
2,2,,0.007467,0.03468,0.435262,0.409325,0.095801,0.017292,0.000173,,898100,,
2,2,,0.008051,0.046635,0.424056,0.414761,0.091006,0.015401,0.000089,,899000,,
2,3,,0.005473,0.027655,0.399667,0.442963,0.106631,0.017501,0.000109,,876600,,
2,3,,0.012366,0.065504,0.28477,0.388213,0.207518,0.039973,0.001658,,1003400,,
2,3,,0.005766,0.026299,0.318152,0.460736,0.15518,0.033403,0.000464,,877400,,
2,3,,0.008333,0.03642,0.36993,0.449864,0.113984,0.021399,0.00007,,883200,,
2,3,,0.007526,0.033777,0.396434,0.442081,0.103169,0.0169,0.000114,,888200,,
2,3,,0.007349,0.065606,0.285996,0.403383,0.197347,0.039582,0.000736,,883500,,
2,2,,0.006347,0.033755,0.430482,0.421779,0.090434,0.016502,0.000702,,875000,,
2,3,,0.008354,0.040002,0.382906,0.441955,0.109214,0.017479,0.00009,,873100,,
2,3,,0.007912,0.059022,0.410865,0.410934,0.094398,0.01668,0.000188,,874500,,
2,2,,0.008562,0.0675,0.406274,0.398406,0.100362,0.018573,0.000322,,886400,,
2,2,,0.007024,0.052484,0.425709,0.413337,0.086453,0.014924,0.00007,,969700,,
2,3,,0.006913,0.062176,0.361204,0.414424,0.129891,0.025018,0.000374,,878500,,
2,3,,0.007911,0.042447,0.376573,0.443228,0.110877,0.018872,0.000091,,994800,,
2,3,,0.005911,0.041574,0.256115,0.436122,0.211217,0.047492,0.00157,,896800,,
2,3,,0.007927,0.0326,0.365968,0.452346,0.118085,0.02286,0.000214,,887300,,
2,3,,0.008236,0.049658,0.363794,0.428234,0.126601,0.023172,0.000307,,902400,,
2,3,,0.005429,0.027309,0.401559,0.441626,0.105663,0.018178,0.000237,,875000,,
2,2,,0.005989,0.047517,0.417749,0.3916,0.109062,0.027696,0.000387,,871200,,
2,3,,0.007217,0.034065,0.424892,0.426189,0.090434,0.016502,0.000702,,876200,,
2,3,,0.008457,0.046484,0.376059,0.422649,0.121669,0.024052,0.000629,,1004500,,
2,3,,0.007217,0.034065,0.424892,0.426189,0.090434,0.016502,0.000702,,889900,,
2,2,,0.005332,0.038861,0.42518,0.414569,0.098552,0.017289,0.000218,,884900,,
2,3,,0.007762,0.039686,0.40817,0.425048,0.099932,0.019136,0.000266,,874500,,
2,3,,0.007993,0.03899,0.365123,0.441156,0.124868,0.021715,0.000154,,875200,,
2,3,,0.007305,0.075538,0.314258,0.419279,0.150962,0.031958,0.0007,,891100,,
2,3,,0.005237,0.038454,0.392778,0.420047,0.121055,0.021642,0.000786,,874600,,
2,3,,0.008186,0.038917,0.371208,0.443505,0.118005,0.02,0.000179,,871600,,
2,3,,0.005511,0.024711,0.39079,0.440949,0.117823,0.020087,0.00013,,886800,,
2,3,,0.005071,0.036342,0.327874,0.432942,0.162665,0.034352,0.000754,,966900,,
2,2,,0.007221,0.035868,0.430924,0.423075,0.087766,0.015056,0.000089,,1117500,,
2,3,,0.007781,0.040545,0.331079,0.442457,0.149069,0.028634,0.000436,,1146600,,
2,3,,0.007135,0.087723,0.366239,0.399063,0.116486,0.022802,0.000553,,1126800,,
2,3,,0.006186,0.027148,0.36367,0.463367,0.116616,0.022804,0.00021,,1128600,,
2,2,,0.008042,0.048867,0.41782,0.405458,0.103817,0.015908,0.000089,,1128500,,
2,3,,0.005432,0.027161,0.401809,0.443587,0.104732,0.017191,0.000089,,1108500,,
2,3,,0.00584,0.038868,0.417416,0.426842,0.094735,0.01621,0.000089,,1118700,,
2,2,,0.008763,0.043377,0.42715,0.414095,0.090993,0.015534,0.000089,,1175700,,
2,3,,0.007996,0.045712,0.407252,0.416069,0.104725,0.017953,0.000293,,887000,,
2,2,,0.008153,0.050335,0.419681,0.413365,0.092959,0.015359,0.000148,,876500,,
2,2,,0.005683,0.029134,0.417057,0.407731,0.11678,0.02236,0.001255,,871900,,
2,2,,0.005785,0.054028,0.453457,0.369756,0.093851,0.022974,0.000148,,868200,,
2,3,,0.009225,0.074932,0.344773,0.408461,0.132462,0.02854,0.001607,,871200,,
2,3,,0.00741,0.034603,0.402477,0.435433,0.101663,0.018178,0.000237,,867100,,
2,3,,0.006606,0.021846,0.351412,0.443123,0.147176,0.028162,0.001675,,864700,,
2,2,,0.00684,0.065953,0.416763,0.396939,0.095563,0.01768,0.000262,,1129400,,
2,3,,0.007821,0.046162,0.418334,0.420649,0.090735,0.01621,0.000089,,873800,,
2,2,,0.008153,0.050335,0.419681,0.413365,0.092959,0.015359,0.000148,,878000,,
2,3,,0.007134,0.061731,0.398355,0.404164,0.108812,0.019449,0.000354,,878300,,
2,2,,0.007956,0.044891,0.436405,0.400233,0.094131,0.016251,0.000133,,869700,,
2,2,,0.005227,0.039154,0.436217,0.415982,0.087715,0.015469,0.000237,,894500,,
2,3,,0.007851,0.045924,0.267804,0.445915,0.195991,0.034936,0.001579,,892000,,
2,2,,0.008835,0.061183,0.411092,0.404025,0.096456,0.018167,0.000241,,895400,,
2,3,,0.007794,0.036064,0.422613,0.427713,0.08639,0.019189,0.000237,,876100,,
2,3,,0.0058,0.038427,0.404517,0.42109,0.106606,0.023016,0.000544,,885000,,
2,3,,0.007286,0.033584,0.321756,0.460026,0.150716,0.02633,0.000302,,991400,,
2,3,,0.00852,0.034338,0.405044,0.429536,0.098085,0.024157,0.000321,,876700,,
2,3,,0.007217,0.034065,0.424892,0.426189,0.090434,0.016502,0.000702,,882300,,
2,3,,0.006494,0.042207,0.370888,0.431024,0.125278,0.023701,0.000409,,883000,,
2,2,,0.006352,0.035557,0.436515,0.418665,0.087766,0.015056,0.000089,,879300,,
2,3,,0.00773,0.042304,0.400306,0.428658,0.103776,0.017003,0.000224,,881300,,
2,3,,0.004559,0.023538,0.298053,0.389853,0.225338,0.054615,0.004044,,887500,,
2,3,,0.006218,0.037196,0.314789,0.449894,0.157355,0.033879,0.000669,,931200,,
2,3,,0.007739,0.036187,0.401283,0.436318,0.101478,0.016944,0.000051,,883500,,
2,2,,0.007065,0.05911,0.400967,0.39806,0.108723,0.025798,0.000277,,984000,,
2,2,,0.004671,0.033893,0.451812,0.3983,0.089755,0.021307,0.000262,,873400,,
2,3,,0.010829,0.055185,0.349294,0.420448,0.136041,0.026415,0.001789,,878400,,
2,3,,0.005798,0.06221,0.266794,0.399352,0.224473,0.040294,0.001079,,890600,,
2,3,,0.006948,0.040569,0.355545,0.455851,0.116322,0.024537,0.000227,,889700,,
2,2,,0.007221,0.035868,0.430924,0.423075,0.087766,0.015056,0.000089,,882000,,
2,2,,0.007153,0.036576,0.433162,0.423744,0.084938,0.014337,0.000089,,878600,,
2,2,,0.007963,0.045887,0.420417,0.415909,0.093939,0.01572,0.000164,,874500,,
2,3,,0.007293,0.022175,0.388318,0.426338,0.126002,0.027386,0.002488,,884800,,
2,3,,0.005919,0.038207,0.414229,0.422129,0.097549,0.021511,0.000456,,983700,,
2,3,,0.0068,0.026772,0.37149,0.461692,0.109821,0.023354,0.00007,,876300,,
2,3,,0.010391,0.059548,0.300607,0.421379,0.1717,0.034525,0.001851,,881600,,
2,3,,0.010339,0.065951,0.292353,0.406881,0.184384,0.03827,0.001822,,883300,,
2,2,,0.007093,0.045577,0.426007,0.411499,0.093939,0.01572,0.000164,,876900,,
2,3,,0.007782,0.039035,0.330725,0.445537,0.147968,0.028592,0.00036,,878200,,
2,3,,0.005433,0.025057,0.380913,0.456038,0.114041,0.018447,0.00007,,935500,,
2,3,,0.00854,0.049957,0.371728,0.417916,0.128715,0.022727,0.000416,,880000,,
2,3,,0.007217,0.034065,0.424892,0.426189,0.090434,0.016502,0.000702,,884600,,
2,2,,0.008253,0.059298,0.417673,0.407206,0.092786,0.01456,0.000224,,981800,,
2,3,,0.005254,0.026921,0.379786,0.453486,0.112307,0.022094,0.000152,,891200,,
2,3,,0.0058,0.038427,0.404517,0.42109,0.106606,0.023016,0.000544,,888700,,
2,3,,0.006301,0.037965,0.411098,0.418348,0.106767,0.018996,0.000525,,888500,,
2,3,,0.007354,0.033746,0.387245,0.442723,0.110121,0.018678,0.000133,,891400,,
2,3,,0.00711,0.061343,0.336937,0.425215,0.141706,0.027241,0.000449,,880400,,
2,3,,0.009169,0.049188,0.352474,0.432901,0.132119,0.023918,0.000232,,877600,,
2,3,,0.007769,0.04117,0.406492,0.423504,0.102073,0.018536,0.000456,,886000,,
2,3,,0.008339,0.040883,0.358466,0.4489,0.122169,0.020817,0.000426,,881800,,
2,3,,0.007517,0.033887,0.398291,0.438336,0.103899,0.017982,0.000089,,978900,,
2,3,,0.007134,0.061731,0.398355,0.404164,0.108812,0.019449,0.000354,,886100,,
2,3,,0.008067,0.035212,0.416399,0.426562,0.093053,0.020362,0.000346,,881900,,
2,3,,0.008655,0.040479,0.376382,0.431562,0.117802,0.023733,0.001387,,880800,,
2,3,,0.004681,0.053723,0.354161,0.444624,0.122195,0.020522,0.000095,,887000,,
2,3,,0.007516,0.03779,0.24956,0.472447,0.194206,0.036897,0.001584,,928000,,
2,3,,0.009161,0.039868,0.337221,0.454341,0.134978,0.023442,0.000989,,885900,,
2,2,,0.006336,0.035869,0.423382,0.420414,0.095368,0.017791,0.00084,,882800,,
2,2,,0.007963,0.045887,0.420417,0.415909,0.093939,0.01572,0.000164,,885000,,
2,3,,0.005268,0.03296,0.230201,0.452684,0.229001,0.048132,0.001754,,999300,,
2,3,,0.007414,0.033323,0.387624,0.44561,0.107741,0.018218,0.00007,,885200,,
2,3,,0.007463,0.032017,0.398913,0.434474,0.108651,0.018412,0.00007,,894600,,
2,3,,0.00745,0.033463,0.385426,0.447222,0.108079,0.01829,0.00007,,882900,,
2,3,,0.004846,0.037887,0.346249,0.423772,0.153909,0.032652,0.000685,,889000,,
2,3,,0.007414,0.032352,0.381831,0.449845,0.110041,0.018447,0.00007,,949200,,
2,3,,0.00735,0.034713,0.397621,0.434913,0.106191,0.01893,0.000281,,881700,,
2,3,,0.009328,0.05303,0.268284,0.424763,0.200485,0.042088,0.002022,,916600,,
2,3,,0.005158,0.029896,0.361026,0.424007,0.150148,0.028954,0.000811,,879400,,
2,3,,0.00838,0.056234,0.354021,0.423887,0.132405,0.024766,0.000307,,979700,,
2,3,,0.004736,0.032645,0.395514,0.408355,0.132841,0.024976,0.000934,,884200,,
2,3,,0.007322,0.034103,0.421289,0.426026,0.093655,0.017136,0.000469,,881500,,
2,3,,0.006932,0.034468,0.300704,0.474772,0.153326,0.029071,0.000727,,1031500,,
2,3,,0.00599,0.062985,0.268831,0.399979,0.22172,0.039417,0.001079,,1053900,,
2,3,,0.007282,0.035422,0.399859,0.435583,0.103363,0.018211,0.000281,,906300,,
2,3,,0.007675,0.048935,0.203832,0.386105,0.285096,0.065848,0.002509,,897700,,
2,2,,0.007271,0.035533,0.448006,0.407704,0.086376,0.015021,0.000089,,920800,,
2,3,,0.005512,0.030517,0.384332,0.445152,0.113829,0.020567,0.00009,,882100,,
2,2,,0.007037,0.044915,0.424913,0.411195,0.095521,0.016286,0.000133,,1007600,,
2,3,,0.007217,0.034065,0.424892,0.426189,0.090434,0.016502,0.000702,,879100,,
2,3,,0.00369,0.037869,0.350595,0.406598,0.165367,0.034187,0.001694,,892700,,
2,3,,0.007254,0.035693,0.417759,0.423235,0.098552,0.017289,0.000218,,882700,,
2,2,,0.005236,0.026771,0.443974,0.412382,0.094434,0.016502,0.000702,,879500,,
2,3,,0.006797,0.043988,0.26211,0.458341,0.184535,0.043561,0.000668,,886100,,
2,2,,0.007933,0.046303,0.422667,0.419488,0.088311,0.015184,0.000114,,881000,,
2,2,,0.006274,0.034089,0.425789,0.421982,0.093465,0.017621,0.00078,,877900,,
2,3,,0.00742,0.039568,0.380072,0.436777,0.113345,0.022248,0.00057,,878000,,
2,2,,0.00787,0.045828,0.420526,0.418739,0.090774,0.016175,0.000089,,1006400,,
2,3,,0.009363,0.058413,0.355008,0.419213,0.132288,0.025199,0.000515,,873000,,
2,3,,0.004221,0.031877,0.419529,0.419934,0.106933,0.017289,0.000218,,882500,,
2,3,,0.00549,0.037623,0.410147,0.428727,0.100732,0.017191,0.000089,,984200,,
2,3,,0.00721,0.056174,0.361209,0.403533,0.137699,0.033685,0.00049,,878400,,
2,3,,0.008411,0.061921,0.404413,0.413492,0.093912,0.017381,0.00047,,881000,,
2,2,,0.007326,0.035299,0.426489,0.424017,0.090933,0.015848,0.000089,,887700,,
2,3,,0.007422,0.038959,0.371063,0.426799,0.127897,0.027253,0.000607,,881700,,
2,3,,0.005285,0.04988,0.376667,0.413685,0.130559,0.023564,0.00036,,881100,,
2,2,,0.007966,0.045116,0.424179,0.416124,0.090993,0.015534,0.000089,,975200,,
2,3,,0.004684,0.076302,0.36171,0.373203,0.135149,0.048379,0.000574,,882500,,
2,2,,0.007966,0.045116,0.424179,0.416124,0.090993,0.015534,0.000089,,874600,,
2,3,,0.005882,0.028061,0.419458,0.433237,0.093218,0.019908,0.000237,,891400,,
2,3,,0.010142,0.060304,0.374893,0.420716,0.110832,0.022049,0.001065,,887500,,
2,2,,0.005568,0.032865,0.444431,0.408182,0.093395,0.01547,0.000089,,890500,,
2,2,,0.007153,0.036576,0.433162,0.423744,0.084938,0.014337,0.000089,,888900,,
2,2,,0.007093,0.045577,0.426007,0.411499,0.093939,0.01572,0.000164,,897100,,
2,3,,0.008792,0.044901,0.414274,0.41776,0.095853,0.018191,0.000229,,876600,,
2,3,,0.012976,0.075154,0.337989,0.3891,0.149295,0.033519,0.001967,,883400,,
2,3,,0.006617,0.034464,0.39301,0.43252,0.113418,0.019733,0.000238,,1035500,,
2,2,,0.010836,0.082586,0.397944,0.382204,0.104136,0.021695,0.000598,,888600,,
2,3,,0.007234,0.034072,0.390022,0.441928,0.107858,0.018715,0.000171,,874500,,
2,3,,0.006088,0.034424,0.315381,0.456134,0.156197,0.031519,0.000258,,876800,,
2,3,,0.00798,0.031619,0.374808,0.451658,0.112649,0.021216,0.00007,,887700,,
2,3,,0.007463,0.032017,0.398913,0.434474,0.108651,0.018412,0.00007,,933300,,
2,2,,0.007467,0.03468,0.435262,0.409325,0.095801,0.017292,0.000173,,879500,,
2,3,,0.014115,0.057124,0.294251,0.414655,0.180401,0.037594,0.001859,,885900,,
2,3,,0.010942,0.067057,0.368815,0.405122,0.122594,0.024972,0.000497,,880200,,
2,3,,0.007621,0.033651,0.400328,0.439824,0.101601,0.016906,0.00007,,977900,,
2,3,,0.006698,0.075406,0.3635,0.405918,0.123734,0.024056,0.000688,,876600,,
2,3,,0.007978,0.033723,0.395704,0.439207,0.10334,0.019959,0.000089,,875600,,
2,2,,0.006347,0.033755,0.430482,0.421779,0.090434,0.016502,0.000702,,877700,,
2,3,,0.007757,0.04898,0.359743,0.429,0.130977,0.023311,0.000232,,902700,,
2,3,,0.030938,0.037185,0.215942,0.411164,0.245316,0.058323,0.001132,,889800,,
2,3,,0.007794,0.036064,0.422613,0.427713,0.08639,0.019189,0.000237,,893600,,
2,2,,0.007326,0.035299,0.426489,0.424017,0.090933,0.015848,0.000089,,879500,,
2,3,,0.008616,0.071234,0.250309,0.421823,0.202987,0.042637,0.002394,,883500,,
2,3,,0.005511,0.023739,0.390106,0.438645,0.121552,0.020317,0.00013,,1100400,,
2,3,,0.00584,0.038868,0.417416,0.426842,0.094735,0.01621,0.000089,,1021100,,
2,3,,0.00654,0.034293,0.408067,0.431023,0.101663,0.018178,0.000237,,1050700,,
2,3,,0.008664,0.029555,0.264099,0.457825,0.197372,0.040288,0.002197,,1018100,,
2,3,,0.009101,0.06258,0.398875,0.412436,0.098028,0.018677,0.000303,,1040300,,
2,3,,0.007622,0.032366,0.390057,0.446426,0.10605,0.017427,0.000051,,1066700,,
2,3,,0.005043,0.023508,0.23183,0.436137,0.230851,0.07159,0.001041,,1037100,,
2,2,,0.00698,0.065772,0.414269,0.389624,0.098019,0.025095,0.000241,,1033700,,
2,2,,0.007271,0.035533,0.433116,0.421165,0.087805,0.015021,0.000089,,1030200,,
2,3,,0.006906,0.073979,0.351743,0.424886,0.123302,0.018732,0.000452,,1456600,,
2,2,,0.005836,0.050211,0.417136,0.411249,0.09821,0.017149,0.000208,,1200500,,
2,3,,0.007853,0.045988,0.405169,0.420808,0.101521,0.018442,0.000218,,876100,,
2,3,,0.007621,0.025507,0.237066,0.433789,0.238352,0.055799,0.001865,,882800,,
2,2,,0.009595,0.040892,0.426525,0.3953,0.106188,0.021449,0.000051,,875000,,
2,3,,0.007978,0.033723,0.395704,0.439207,0.10334,0.019959,0.000089,,871600,,
2,3,,0.004412,0.026167,0.409402,0.414883,0.12476,0.020158,0.000218,,902100,,
2,3,,0.007387,0.036396,0.406939,0.434574,0.097957,0.016637,0.000109,,881900,,
2,2,,0.005571,0.067562,0.415755,0.378759,0.110439,0.021523,0.000391,,874900,,
2,3,,0.008792,0.044901,0.414274,0.41776,0.095853,0.018191,0.000229,,985600,,
2,3,,0.007028,0.063826,0.303255,0.413969,0.174629,0.036205,0.001089,,894500,,
2,3,,0.005403,0.025427,0.366161,0.459086,0.123473,0.020252,0.000199,,878200,,
2,3,,0.008351,0.054199,0.313125,0.437757,0.15463,0.031349,0.00059,,874000,,
2,3,,0.006981,0.037159,0.418866,0.421269,0.094153,0.021197,0.000374,,875300,,
2,3,,0.007978,0.033723,0.395704,0.439207,0.10334,0.019959,0.000089,,870700,,
2,3,,0.004259,0.025578,0.256039,0.427324,0.232752,0.051226,0.002822,,883400,,
2,3,,0.005861,0.024027,0.353486,0.452869,0.136614,0.026535,0.000609,,883500,,
2,3,,0.007971,0.053993,0.403945,0.41288,0.103213,0.017779,0.000219,,874500,,
2,3,,0.005437,0.02772,0.417262,0.430889,0.101191,0.017328,0.000173,,878700,,
2,3,,0.007109,0.056478,0.40557,0.410539,0.100544,0.019395,0.000366,,874100,,
2,3,,0.008386,0.039828,0.369741,0.442114,0.12,0.019711,0.000219,,880800,,
2,3,,0.005043,0.023508,0.23183,0.436137,0.230851,0.07159,0.001041,,891600,,
2,3,,0.007369,0.034821,0.348142,0.435716,0.139737,0.033511,0.000704,,1038400,,
2,3,,0.005457,0.087743,0.257393,0.379473,0.222119,0.046829,0.000986,,879700,,
2,2,,0.005364,0.045108,0.442047,0.393703,0.096742,0.016872,0.000164,,878300,,
2,2,,0.006252,0.037094,0.431918,0.418914,0.089869,0.015766,0.000188,,878200,,
2,3,,0.008084,0.050161,0.338761,0.454049,0.126646,0.021488,0.000811,,884700,,
2,3,,0.008106,0.033657,0.376728,0.439713,0.119876,0.021223,0.000698,,882700,,
2,3,,0.007186,0.036402,0.419997,0.423904,0.095724,0.016569,0.000218,,890000,,
2,2,,0.008088,0.049326,0.418326,0.414719,0.094002,0.015376,0.000164,,878700,,
2,3,,0.007418,0.035014,0.41818,0.424696,0.097191,0.017328,0.000173,,893700,,
2,2,,0.007326,0.035299,0.426489,0.424017,0.090933,0.015848,0.000089,,881600,,
2,2,,0.007153,0.036576,0.433162,0.423744,0.084938,0.014337,0.000089,,871200,,
2,3,,0.005956,0.053292,0.216875,0.388535,0.27604,0.057455,0.001847,,989500,,
2,3,,0.005401,0.036373,0.393324,0.421917,0.12159,0.020998,0.000397,,878200,,
2,3,,0.006495,0.025467,0.38021,0.449051,0.115621,0.022912,0.000245,,875800,,
2,3,,0.008184,0.064154,0.366193,0.430161,0.112337,0.018743,0.000227,,873300,,
2,3,,0.008413,0.042108,0.387747,0.430305,0.112324,0.018876,0.000227,,883100,,
2,3,,0.007418,0.035014,0.41818,0.424696,0.097191,0.017328,0.000173,,883600,,
2,3,,0.005365,0.025766,0.403151,0.436707,0.111213,0.017728,0.00007,,876400,,
2,3,,0.010265,0.059322,0.289638,0.443871,0.163516,0.032912,0.000475,,909200,,
2,3,,0.008689,0.061406,0.38425,0.412634,0.108952,0.023572,0.000497,,964500,,
2,2,,0.007221,0.035868,0.430924,0.423075,0.087766,0.015056,0.000089,,875700,,
2,3,,0.006175,0.027615,0.373657,0.45936,0.111741,0.021337,0.000114,,875500,,
2,3,,0.007913,0.033119,0.399142,0.430469,0.108647,0.019547,0.001163,,978400,,
2,3,,0.005688,0.023857,0.291336,0.428344,0.212628,0.037454,0.000692,,874900,,
2,2,,0.007326,0.035299,0.426489,0.424017,0.090933,0.015848,0.000089,,876500,,
2,3,,0.007135,0.037655,0.414129,0.422711,0.099904,0.018156,0.000309,,881200,,
2,2,,0.007221,0.035868,0.430924,0.423075,0.087766,0.015056,0.000089,,899800,,
2,2,,0.00815,0.051106,0.415919,0.413151,0.095905,0.015546,0.000224,,869500,,
2,3,,0.004137,0.045804,0.370767,0.412415,0.132037,0.034585,0.000256,,868100,,
2,3,,0.007272,0.041347,0.32753,0.423012,0.166707,0.033637,0.000495,,877400,,
2,2,,0.00807,0.03537,0.428602,0.423625,0.085227,0.018888,0.000217,,872500,,
2,3,,0.005055,0.088707,0.318636,0.394768,0.141392,0.050927,0.000515,,942400,,
2,3,,0.007821,0.046162,0.418334,0.420649,0.090735,0.01621,0.000089,,916100,,
2,2,,0.005407,0.03408,0.433404,0.409878,0.099436,0.017606,0.000189,,871900,,
2,3,,0.008003,0.033014,0.374531,0.448772,0.113779,0.021747,0.000154,,872100,,
2,2,,0.011631,0.061393,0.412034,0.400353,0.094862,0.019424,0.000303,,873000,,
2,3,,0.006086,0.021557,0.360207,0.433738,0.146762,0.03015,0.001499,,925800,,
2,3,,0.00745,0.033776,0.389903,0.444854,0.105931,0.017997,0.000089,,871400,,
2,3,,0.007129,0.063714,0.268726,0.435568,0.189419,0.034032,0.001412,,886700,,
2,2,,0.007966,0.045116,0.424179,0.416124,0.090993,0.015534,0.000089,,871500,,
2,3,,0.005308,0.025189,0.360242,0.456893,0.129665,0.022385,0.000318,,876200,,
2,3,,0.00464,0.031553,0.318666,0.420732,0.185207,0.03833,0.000873,,994900,,
2,3,,0.007411,0.032632,0.346913,0.451768,0.136502,0.024051,0.000723,,871700,,
2,3,,0.005365,0.025766,0.403151,0.436707,0.111213,0.017728,0.00007,,871000,,
2,3,,0.006366,0.038619,0.348996,0.427721,0.147548,0.030148,0.000603,,913300,,
2,2,,0.007722,0.042195,0.422297,0.420423,0.090914,0.016213,0.000237,,869700,,
2,3,,0.007463,0.032988,0.389816,0.443701,0.10778,0.018183,0.00007,,865700,,
2,3,,0.004128,0.021423,0.190977,0.428239,0.288909,0.064735,0.001591,,879300,,
2,3,,0.007978,0.033723,0.395704,0.439207,0.10334,0.019959,0.000089,,872100,,
2,2,,0.011631,0.061393,0.412034,0.400353,0.094862,0.019424,0.000303,,873300,,
2,2,,0.00807,0.03537,0.428602,0.423625,0.085227,0.018888,0.000217,,890600,,
2,2,,0.007513,0.04002,0.427547,0.420377,0.089057,0.015398,0.000089,,1106500,,
2,2,,0.007326,0.035299,0.426489,0.424017,0.090933,0.015848,0.000089,,878000,,
2,3,,0.007269,0.033617,0.3813,0.449854,0.109218,0.018612,0.00013,,1041900,,
2,2,,0.007966,0.045116,0.424179,0.416124,0.090993,0.015534,0.000089,,878200,,
2,3,,0.00745,0.033776,0.389903,0.444854,0.105931,0.017997,0.000089,,872400,,
2,2,,0.007153,0.036576,0.433162,0.423744,0.084938,0.014337,0.000089,,870900,,
2,3,,0.005911,0.041574,0.256115,0.436122,0.211217,0.047492,0.00157,,874400,,
2,3,,0.007345,0.034345,0.394339,0.443911,0.102764,0.017206,0.000089,,880800,,
2,3,,0.007413,0.034456,0.402727,0.437394,0.100732,0.017191,0.000089,,868000,,
2,2,,0.008051,0.046635,0.424056,0.414761,0.091006,0.015401,0.000089,,1083200,,
2,3,,0.00599,0.062985,0.268831,0.399979,0.22172,0.039417,0.001079,,872200,,
2,3,,0.006761,0.06618,0.382113,0.401907,0.119389,0.023244,0.000405,,870900,,
2,3,,0.007821,0.028577,0.319611,0.45551,0.154891,0.03244,0.00115,,877200,,
2,2,,0.005264,0.055728,0.437114,0.401637,0.086551,0.013501,0.000204,,876200,,
2,3,,0.005306,0.023618,0.392936,0.425646,0.128416,0.023164,0.000914,,875100,,
3,3,,0.0063,0.049099,0.238222,0.41127,0.23676,0.055199,0.003149,,872400,,
3,3,,0.006017,0.027128,0.349331,0.456531,0.133751,0.026942,0.0003,,871300,,
3,3,,0.007355,0.032462,0.376975,0.449326,0.114569,0.0192,0.000114,,878500,,
3,3,,0.006632,0.035469,0.390281,0.419137,0.119581,0.028215,0.000684,,1219800,,
3,3,,0.002717,0.034754,0.241572,0.430409,0.228026,0.059755,0.002767,,1041300,,
3,3,,0.007875,0.033048,0.40956,0.428681,0.0993,0.020751,0.000786,,1028200,,
3,2,,0.007794,0.042076,0.424425,0.418849,0.090966,0.0158,0.000089,,1013500,,
3,3,,0.004352,0.050314,0.231175,0.421891,0.235567,0.05489,0.00181,,1040100,,
3,3,,0.007515,0.041257,0.409617,0.423108,0.099721,0.018451,0.000331,,980300,,
3,3,,0.006199,0.01962,0.212964,0.416373,0.273936,0.066534,0.004372,,886700,,
3,3,,0.007354,0.033746,0.387245,0.442723,0.110121,0.018678,0.000133,,886300,,
3,3,,0.007254,0.035693,0.417759,0.423235,0.098552,0.017289,0.000218,,970400,,
3,3,,0.007798,0.040219,0.381185,0.444503,0.108808,0.017397,0.00009,,889000,,
3,3,,0.005707,0.028338,0.212336,0.432585,0.263325,0.056766,0.000944,,884100,,
3,3,,0.006464,0.029611,0.388255,0.440594,0.113207,0.021755,0.000114,,882000,,
3,3,,0.00556,0.024947,0.384545,0.434903,0.127996,0.021791,0.000257,,879100,,
3,3,,0.006033,0.036204,0.319822,0.410129,0.183056,0.042128,0.002628,,876500,,
3,3,,0.005621,0.023087,0.374457,0.440933,0.131383,0.024275,0.000245,,880600,,
3,3,,0.006912,0.033313,0.359911,0.436694,0.135329,0.027276,0.000566,,917000,,
3,3,,0.006996,0.033027,0.320703,0.443569,0.161734,0.033365,0.000606,,966000,,
3,3,,0.007517,0.033887,0.398291,0.438336,0.103899,0.017982,0.000089,,880700,,
3,3,,0.007562,0.033448,0.390995,0.441673,0.108278,0.01795,0.000095,,881200,,
3,3,,0.005518,0.023728,0.333837,0.462256,0.146123,0.027845,0.000693,,984200,,
3,3,,0.007414,0.035194,0.406843,0.434528,0.098886,0.017046,0.000089,,875000,,
3,3,,0.004799,0.037514,0.339224,0.429775,0.140476,0.047766,0.000446,,879200,,
3,3,,0.007821,0.037709,0.348256,0.449298,0.133249,0.023493,0.000174,,879700,,
3,3,,0.005594,0.060988,0.334096,0.416202,0.151158,0.031325,0.000637,,886100,,
3,3,,0.007414,0.033323,0.387624,0.44561,0.107741,0.018218,0.00007,,895500,,
3,3,,0.006209,0.032365,0.364021,0.451907,0.123662,0.021582,0.000255,,1154700,,
3,3,,0.006868,0.026064,0.369252,0.461023,0.112649,0.024073,0.00007,,887700,,
3,2,,0.007414,0.054538,0.414859,0.412916,0.093346,0.016663,0.000264,,889300,,
3,3,,0.007923,0.041024,0.345644,0.441436,0.138544,0.025126,0.000302,,885700,,
3,2,,0.006103,0.066629,0.392283,0.385337,0.125924,0.023395,0.00033,,1022400,,
3,3,,0.007355,0.035304,0.401987,0.434009,0.103415,0.017798,0.000133,,907600,,
3,3,,0.007446,0.034743,0.400279,0.437044,0.102002,0.018249,0.000237,,898700,,
3,3,,0.007414,0.032352,0.381831,0.449845,0.110041,0.018447,0.00007,,1013600,,
3,3,,0.007083,0.041086,0.361418,0.42433,0.136974,0.028357,0.000752,,879800,,
3,3,,0.006303,0.034641,0.232033,0.430524,0.234217,0.060621,0.001661,,1057500,,
3,3,,0.005259,0.027146,0.392386,0.439123,0.115285,0.020438,0.000363,,883600,,
3,3,,0.005999,0.025592,0.309267,0.416901,0.183235,0.058398,0.000608,,881600,,
3,3,,0.008017,0.050013,0.354801,0.424029,0.134616,0.028237,0.000288,,885000,,
3,3,,0.012989,0.040112,0.316144,0.447219,0.151668,0.031558,0.000311,,881600,,
3,3,,0.006567,0.03602,0.317325,0.426404,0.171291,0.041281,0.001111,,1206200,,
3,2,,0.005543,0.02551,0.416205,0.408081,0.119951,0.023273,0.001436,,908900,,
3,3,,0.009479,0.048587,0.268839,0.447892,0.185805,0.038269,0.00113,,945300,,
3,3,,0.005034,0.031569,0.239866,0.393233,0.2698,0.058665,0.001833,,1007800,,
3,3,,0.007868,0.063202,0.236068,0.38405,0.2309,0.075772,0.00214,,884500,,
3,2,,0.007162,0.035978,0.426068,0.422556,0.092294,0.015809,0.000133,,1054900,,
3,3,,0.005997,0.026428,0.394786,0.4454,0.10734,0.019959,0.000089,,882100,,
3,3,,0.008896,0.039288,0.377229,0.428978,0.122357,0.022401,0.00085,,950900,,
3,3,,0.007585,0.035391,0.381585,0.44712,0.110068,0.018181,0.00007,,1103600,,
3,3,,0.007701,0.049551,0.234009,0.46682,0.197367,0.042142,0.002409,,1256300,,
3,3,,0.007934,0.053649,0.324569,0.446228,0.141127,0.025357,0.001135,,907200,,
3,3,,0.007414,0.032352,0.381831,0.449845,0.110041,0.018447,0.00007,,874300,,
3,3,,0.00761,0.032783,0.379357,0.444863,0.115017,0.020197,0.000173,,872100,,
3,3,,0.006766,0.041143,0.259453,0.398652,0.241727,0.051017,0.001243,,886800,,
3,3,,0.005143,0.036679,0.198281,0.421626,0.278159,0.058056,0.002057,,906500,,
3,3,,0.007414,0.033323,0.387624,0.44561,0.107741,0.018218,0.00007,,869500,,
3,3,,0.008521,0.038333,0.286827,0.464805,0.174701,0.026041,0.000772,,875600,,
3,3,,0.005711,0.025696,0.318149,0.462903,0.15444,0.032579,0.000524,,873000,,
3,3,,0.006917,0.035055,0.352897,0.436568,0.140829,0.027211,0.000522,,1058100,,
3,3,,0.006982,0.032065,0.338922,0.446482,0.147054,0.027932,0.000564,,1016700,,
3,3,,0.006029,0.069067,0.229193,0.387658,0.250515,0.055254,0.002283,,1020000,,
3,3,,0.005157,0.03492,0.390439,0.414619,0.128719,0.025558,0.000588,,1027200,,
3,3,,0.007693,0.041745,0.342651,0.442304,0.139459,0.025872,0.000276,,1051300,,
3,3,,0.005278,0.074379,0.276316,0.393936,0.205318,0.044052,0.00072,,1020700,,
3,3,,0.00789,0.047934,0.38364,0.427805,0.111927,0.020534,0.00027,,1046100,,
3,3,,0.007081,0.030119,0.369701,0.457525,0.112113,0.023371,0.00009,,1012500,,
3,3,,0.007626,0.037379,0.388073,0.442112,0.107204,0.017516,0.00009,,1034800,,
3,3,,0.007464,0.046413,0.315322,0.403364,0.19071,0.036307,0.00042,,1095400,,
3,3,,0.005044,0.044204,0.327434,0.422853,0.142833,0.05721,0.000421,,1019000,,
3,3,,0.004624,0.028136,0.348796,0.434832,0.129335,0.053951,0.000326,,1020400,,
3,3,,0.006368,0.065671,0.369151,0.41307,0.124771,0.020774,0.000195,,1016600,,
3,2,,0.007162,0.035978,0.426068,0.422556,0.092294,0.015809,0.000133,,1030700,,
3,3,,0.007927,0.040182,0.38132,0.442529,0.109209,0.018764,0.00007,,1024000,,
3,3,,0.005432,0.027161,0.401809,0.443587,0.104732,0.017191,0.000089,,1019800,,
3,2,,0.008137,0.048155,0.423934,0.413398,0.09102,0.015267,0.000089,,1014000,,
3,3,,0.00484,0.082205,0.342951,0.423239,0.124414,0.021905,0.000446,,1023400,,
3,3,,0.006702,0.022181,0.225336,0.459825,0.232957,0.051474,0.001524,,1093500,,
3,3,,0.005432,0.027161,0.401809,0.443587,0.104732,0.017191,0.000089,,1011000,,
3,3,,0.004587,0.022042,0.26901,0.439755,0.222861,0.04078,0.000966,,1049700,,
3,2,,0.007444,0.040728,0.429785,0.421047,0.086229,0.014679,0.000089,,1013700,,
3,3,,0.006354,0.030792,0.297776,0.463394,0.170738,0.030583,0.000362,,1290800,,
3,3,,0.007517,0.033887,0.398291,0.438336,0.103899,0.017982,0.000089,,1333300,,
3,3,,0.007346,0.03306,0.384069,0.450514,0.107213,0.017728,0.00007,,1125300,,
3,3,,0.006352,0.026461,0.393357,0.443839,0.108651,0.021269,0.00007,,1123800,,
3,3,,0.004954,0.059986,0.250975,0.381117,0.238663,0.060268,0.004038,,1136300,,
3,3,,0.005762,0.024714,0.282039,0.42695,0.21841,0.041389,0.000737,,1164000,,
3,3,,0.007914,0.031641,0.358993,0.453032,0.123745,0.024402,0.000273,,1192300,,
3,3,,0.009166,0.05413,0.277721,0.425363,0.189965,0.041658,0.001998,,1130100,,
3,3,,0.006923,0.077641,0.260389,0.396626,0.21266,0.044967,0.000794,,1150800,,
3,3,,0.007875,0.033048,0.40956,0.428681,0.0993,0.020751,0.000786,,1186000,,
3,3,,0.006344,0.027812,0.376969,0.458437,0.109478,0.020869,0.00009,,1122100,,
3,3,,0.007355,0.035304,0.401987,0.434009,0.103415,0.017798,0.000133,,1145200,,
3,3,,0.007462,0.033301,0.394293,0.441332,0.105631,0.017891,0.000089,,1141900,,
3,3,,0.00628,0.018756,0.250564,0.454905,0.219155,0.047448,0.002892,,993000,,
3,3,,0.007446,0.033148,0.374459,0.44577,0.118527,0.02045,0.000199,,889800,,
3,3,,0.007474,0.036235,0.40032,0.435826,0.102635,0.017361,0.000148,,1031900,,
3,3,,0.00801,0.04653,0.402396,0.417155,0.106495,0.01899,0.000425,,886400,,
3,3,,0.008218,0.033648,0.388164,0.432262,0.115991,0.020866,0.00085,,892100,,
3,2,,0.00815,0.051106,0.415919,0.413151,0.095905,0.015546,0.000224,,878200,,
3,3,,0.007447,0.032177,0.368666,0.450005,0.120828,0.02068,0.000199,,889300,,
3,3,,0.004563,0.033135,0.256169,0.3865,0.241565,0.073294,0.004775,,875500,,
3,3,,0.004878,0.039601,0.318215,0.456275,0.149348,0.031444,0.000239,,875000,,
3,3,,0.006464,0.029611,0.388255,0.440594,0.113207,0.021755,0.000114,,1003000,,
3,3,,0.007414,0.032352,0.381831,0.449845,0.110041,0.018447,0.00007,,872200,,
3,3,,0.011079,0.040557,0.397221,0.414676,0.115353,0.020906,0.000207,,875000,,
3,3,,0.006243,0.026906,0.371419,0.458691,0.114569,0.022057,0.000114,,878500,,
3,3,,0.005571,0.03222,0.22363,0.433493,0.249927,0.053175,0.001985,,874600,,
3,2,,0.00813,0.04982,0.416184,0.414095,0.095901,0.015686,0.000185,,887700,,
3,3,,0.011459,0.048105,0.228621,0.421998,0.239045,0.049355,0.001418,,873800,,
3,3,,0.007659,0.032448,0.396438,0.429492,0.113628,0.020162,0.000173,,884200,,
3,3,,0.008151,0.039164,0.344635,0.452955,0.12921,0.025573,0.000312,,873600,,
3,3,,0.007791,0.057967,0.389926,0.418104,0.10412,0.021654,0.000438,,872800,,
3,3,,0.007354,0.033433,0.382768,0.445091,0.112269,0.01897,0.000114,,979400,,
3,3,,0.006186,0.028277,0.336659,0.459216,0.140674,0.02865,0.000338,,900500,,
3,3,,0.007944,0.040362,0.386417,0.440161,0.106761,0.018266,0.000089,,870900,,
3,3,,0.007803,0.030397,0.348882,0.455283,0.13114,0.02614,0.000355,,874400,,
3,3,,0.007016,0.044672,0.323439,0.460304,0.138198,0.025989,0.000381,,876100,,
3,3,,0.006243,0.042411,0.416089,0.424678,0.093962,0.016528,0.000089,,877600,,
3,3,,0.006649,0.029837,0.337452,0.451972,0.145369,0.027877,0.000844,,876000,,
3,3,,0.004892,0.022975,0.307162,0.433103,0.19338,0.037752,0.000737,,871100,,
3,3,,0.00772,0.035737,0.412917,0.428714,0.093594,0.020999,0.000319,,869600,,
3,3,,0.007462,0.033301,0.394293,0.441332,0.105631,0.017891,0.000089,,887900,,
3,2,,0.006857,0.042474,0.432253,0.415108,0.088138,0.015081,0.000089,,1005000,,
3,3,,0.007249,0.023114,0.364269,0.438593,0.137219,0.02812,0.001436,,873000,,
3,3,,0.004837,0.045255,0.322875,0.436875,0.158465,0.031248,0.000445,,877300,,
3,3,,0.005386,0.028958,0.229584,0.417042,0.263844,0.053255,0.001931,,873300,,
3,3,,0.006415,0.029945,0.371173,0.455965,0.114596,0.02179,0.000114,,875200,,
3,3,,0.006171,0.031504,0.26947,0.458622,0.192143,0.041667,0.000424,,875300,,
3,3,,0.008514,0.035919,0.40291,0.428001,0.099476,0.024744,0.000437,,867200,,
3,3,,0.007462,0.02651,0.238703,0.467534,0.217431,0.040838,0.001524,,877900,,
3,3,,0.007278,0.032047,0.368412,0.4529,0.118875,0.020313,0.000174,,891000,,
3,3,,0.009581,0.046965,0.288898,0.434117,0.184534,0.034523,0.001383,,874700,,
3,3,,0.007735,0.036174,0.417757,0.427194,0.090919,0.019941,0.000281,,1137100,,
3,3,,0.005155,0.061272,0.270997,0.445541,0.174146,0.042357,0.000531,,888600,,
3,3,,0.007328,0.034309,0.350421,0.427706,0.145253,0.03402,0.000963,,874800,,
3,3,,0.010431,0.075812,0.300282,0.409981,0.166486,0.035992,0.001016,,874900,,
3,3,,0.008755,0.031969,0.357289,0.436797,0.129808,0.034303,0.001079,,874400,,
3,3,,0.006723,0.046999,0.23172,0.451688,0.218114,0.042459,0.002296,,877400,,
3,3,,0.008857,0.031351,0.372628,0.435788,0.12333,0.026343,0.001704,,871900,,
3,3,,0.006787,0.056032,0.317422,0.450053,0.142013,0.027215,0.000477,,870100,,
3,3,,0.005736,0.037262,0.400983,0.424033,0.112669,0.019227,0.00009,,904800,,
3,3,,0.008129,0.040386,0.306588,0.454724,0.15849,0.031381,0.000302,,895500,,
3,3,,0.008528,0.069498,0.251505,0.403411,0.224687,0.040943,0.001428,,871600,,
3,3,,0.008654,0.038357,0.278057,0.449884,0.187408,0.036466,0.001173,,973000,,
3,3,,0.005561,0.039969,0.222934,0.467143,0.226249,0.036755,0.001389,,886900,,
3,3,,0.007217,0.034065,0.424892,0.426189,0.090434,0.016502,0.000702,,874800,,
3,3,,0.006624,0.018323,0.223942,0.473556,0.22145,0.053194,0.00291,,937600,,
3,3,,0.009751,0.04381,0.272479,0.461499,0.177488,0.033173,0.001799,,913800,,
3,3,,0.007915,0.039176,0.381139,0.441924,0.111675,0.018081,0.00009,,876800,,
3,3,,0.007445,0.034281,0.389562,0.437553,0.111518,0.019423,0.000218,,876500,,
3,3,,0.007355,0.032462,0.376975,0.449326,0.114569,0.0192,0.000114,,884000,,
3,3,,0.006303,0.026796,0.376275,0.45921,0.110041,0.021305,0.00007,,894800,,
3,3,,0.004139,0.024353,0.315413,0.460449,0.157003,0.03778,0.000863,,984900,,
3,3,,0.010496,0.030425,0.204959,0.413346,0.2715,0.067988,0.001285,,878300,,
3,3,,0.007117,0.035632,0.351596,0.431572,0.145372,0.028315,0.000396,,890600,,
3,3,,0.006218,0.032891,0.376937,0.433348,0.123067,0.025754,0.001786,,900400,,
3,3,,0.00525,0.026796,0.366802,0.464022,0.115755,0.021305,0.00007,,876800,,
3,3,,0.004027,0.024149,0.358539,0.423827,0.159426,0.029484,0.000548,,875000,,
3,3,,0.00699,0.032352,0.329751,0.446408,0.154092,0.029859,0.000548,,874500,,
3,3,,0.006417,0.025396,0.308627,0.396093,0.207971,0.051504,0.003991,,892300,,
3,3,,0.007023,0.027133,0.22858,0.384084,0.262522,0.088137,0.002522,,876600,,
3,3,,0.008637,0.041852,0.375488,0.442207,0.110968,0.020758,0.00009,,882200,,
3,3,,0.006806,0.034701,0.337007,0.452322,0.143502,0.024915,0.000748,,976100,,
3,3,,0.005982,0.05444,0.341182,0.441334,0.133242,0.023558,0.000263,,880700,,
3,2,,0.007326,0.035299,0.426489,0.424017,0.090933,0.015848,0.000089,,892600,,
3,2,,0.007895,0.046596,0.422655,0.416579,0.091111,0.015001,0.000164,,873900,,
3,3,,0.00591,0.026912,0.295936,0.460055,0.177108,0.033554,0.000526,,891300,,
3,3,,0.007292,0.034968,0.351833,0.443397,0.136901,0.025272,0.000338,,873400,,
3,3,,0.008416,0.068894,0.342218,0.413014,0.134827,0.03141,0.001221,,874000,,
3,3,,0.011901,0.050191,0.206142,0.418329,0.246693,0.063945,0.002799,,876700,,
3,3,,0.005764,0.049406,0.271036,0.409785,0.21135,0.049763,0.002896,,881500,,
3,3,,0.005166,0.030611,0.277279,0.403446,0.230796,0.051451,0.001251,,1008500,,
3,3,,0.007129,0.032847,0.336373,0.442808,0.149283,0.031042,0.000518,,875300,,
3,3,,0.008416,0.068894,0.342218,0.413014,0.134827,0.03141,0.001221,,875100,,
3,3,,0.007253,0.034252,0.363742,0.432999,0.135137,0.026158,0.000458,,874600,,
3,3,,0.006885,0.024035,0.224482,0.402514,0.279357,0.060441,0.002286,,879900,,
3,3,,0.005163,0.0252,0.30146,0.400592,0.20701,0.057553,0.003021,,873800,,
3,3,,0.008026,0.02798,0.313251,0.464959,0.153029,0.03062,0.002135,,876800,,
3,3,,0.00811,0.039586,0.316001,0.455431,0.151049,0.029649,0.000174,,896000,,
3,3,,0.009391,0.039156,0.374585,0.446402,0.111904,0.01845,0.000112,,886100,,
3,3,,0.004045,0.046434,0.342469,0.436827,0.135034,0.034937,0.000255,,1107200,,
