pendigits,CWE,test,0,NANOSECONDS,PREDICTIONS, Generated by ClassifierExperiments.java on 2022-05-16 23:02:38.    SYSTEMPROPERTIES:{user.name:matth,os.arch:amd64,os.name:Windows 10},ENDSYSTEMPROPERTIES
No parameter info
0.5047705588368924,2675239300,3755921100,-1,86551200,10,,-1,-1
0,0,,0.529799,0.00444,0.000606,0.019237,0.006215,0.154443,0.05518,0.000485,0.215099,0.014496,,1849200,,
0,0,,0.446722,0.005008,0.003216,0.012925,0.028478,0.206969,0.006917,0.002806,0.268482,0.018476,,1690000,,
0,0,,0.427098,0.028374,0.007943,0,0.021163,0.246966,0.003988,0.013296,0.213487,0.037685,,1960500,,
0,0,,0.513034,0.002417,0.001793,0.020563,0.018289,0.176757,0.006917,0.001844,0.244641,0.013745,,2228000,,
0,0,,0.514128,0.003928,0.001483,0.009877,0.021051,0.18496,0.015714,0.003464,0.238603,0.006793,,2008800,,
0,0,,0.397832,0.00371,0.006,0.011763,0.021762,0.084289,0.09518,0.019679,0.288702,0.071084,,2018200,,
0,0,,0.48343,0.004578,0.004899,0.006324,0.01335,0.184919,0.013253,0.004488,0.275413,0.009346,,1629400,,
0,5,,0.308822,0.017317,0.003737,0.003457,0.043271,0.389732,0.014321,0.010406,0.173837,0.0351,,1637400,,
0,0,,0.475663,0.00245,0.002751,0.014088,0.019122,0.195459,0.006917,0.003039,0.265066,0.015445,,1704900,,
0,0,,0.485015,0.001375,0.001786,0.012425,0.035579,0.182834,0.014404,0.0032,0.261383,0.002,,1641700,,
0,0,,0.491401,0.013155,0.004616,0.003886,0.018559,0.174346,0.013994,0.004217,0.269421,0.006405,,1600700,,
0,0,,0.542888,0.00478,0.006577,0.011456,0.018088,0.14147,0.039286,0,0.231252,0.004203,,2275500,,
0,0,,0.380421,0.016879,0.006169,0.000435,0.026367,0.355149,0.006186,0.015206,0.180466,0.012723,,2076600,,
0,0,,0.492551,0.00414,0.00077,0.019647,0.008918,0.131208,0.006917,0.001644,0.275893,0.05831,,1950300,,
0,0,,0.362511,0.00558,0.005431,0.007052,0.024097,0.361276,0.014125,0.005103,0.20236,0.012464,,1943000,,
0,0,,0.507969,0.003407,0.002751,0.004865,0.013583,0.177867,0.013801,0.004459,0.262536,0.008762,,2458900,,
0,0,,0.378806,0.009567,0.006472,0.001636,0.018632,0.357085,0.014598,0.003926,0.198506,0.010772,,2221900,,
0,0,,0.361167,0.00982,0.007943,0.011763,0.046049,0.317343,0.023252,0.010743,0.193614,0.018306,,2175100,,
0,0,,0.434515,0.01369,0.006272,0,0.048581,0.198086,0.016647,0.004678,0.260223,0.01731,,2137200,,
0,0,,0.466272,0.004269,0.005578,0.012788,0.024559,0.1961,0.00743,0.002669,0.261318,0.019017,,2138600,,
0,0,,0.424259,0.011198,0.00426,0.010312,0.04034,0.10844,0.040667,0.017222,0.297072,0.046232,,2041900,,
0,0,,0.521504,0.00337,0.000789,0.012122,0.023013,0.147366,0.077022,0.000645,0.201303,0.012865,,1962000,,
0,0,,0.477696,0.005045,0.006109,0.003312,0.015954,0.2022,0.014661,0.004342,0.261287,0.009394,,2036100,,
0,0,,0.457916,0.009668,0.018182,0.005846,0.042577,0.110961,0.116224,0.035035,0.197766,0.005824,,2003400,,
0,0,,0.436894,0.005993,0.006593,0.008,0.06322,0.18443,0.022938,0.005357,0.256787,0.009789,,1986500,,
0,0,,0.353291,0.007012,0.029078,0.005455,0.032913,0.283104,0.071341,0.055655,0.136309,0.025841,,2004100,,
0,0,,0.378393,0.014896,0.018182,0.011763,0.025031,0.280904,0.110634,0.034023,0.10183,0.024345,,2111400,,
0,0,,0.534282,0.004012,0.001282,0.01766,0.006813,0.150442,0.066718,0.000741,0.203374,0.014674,,2186000,,
0,0,,0.478347,0.002556,0.006,0.01583,0.035062,0.122,0.09518,0.018485,0.209582,0.016957,,2141100,,
0,8,,0.278648,0.002121,0.009438,0.013548,0.041533,0.071112,0.047763,0.025223,0.442148,0.068466,,2422700,,
0,0,,0.514501,0.004803,0.000799,0.013281,0.010179,0.182817,0.017222,0.001804,0.248462,0.006132,,2119300,,
0,5,,0.287896,0.009986,0.008094,0.002857,0.024572,0.445457,0.004877,0.012131,0.19019,0.013938,,2070000,,
0,0,,0.485552,0.005303,0.008911,0.011178,0.014963,0.15743,0.046809,0.022389,0.240065,0.007401,,2299600,,
0,0,,0.482619,0.006743,0.006407,0.000476,0.037653,0.166467,0.006093,0.011812,0.269627,0.012103,,2334000,,
0,0,,0.462775,0.019375,0.064286,0.050455,0.057764,0.071481,0.021299,0.024481,0.194654,0.033431,,1613700,,
0,0,,0.416888,0.012743,0.00669,0.005106,0.060505,0.092328,0.083011,0.040187,0.227275,0.055267,,1943300,,
0,0,,0.539912,0.012203,0.001681,0.005434,0.035599,0.062983,0.031815,0.020224,0.277646,0.012504,,1583800,,
0,5,,0.330655,0.010712,0.008094,0.001404,0.016717,0.372673,0.014902,0.006549,0.212366,0.025929,,1713600,,
0,0,,0.371704,0.008011,0.013607,0.011489,0.064866,0.07638,0.079057,0.040154,0.279619,0.055111,,1587000,,
0,0,,0.49748,0.008792,0.003564,0.000939,0.019811,0.175967,0.01433,0.004602,0.260849,0.013667,,1701700,,
0,0,,0.494145,0.005159,0.004616,0.004775,0.018958,0.186201,0.014501,0.002312,0.25954,0.009792,,1584900,,
0,0,,0.39565,0.015639,0.028124,0.007143,0.033933,0.068045,0.161489,0.043041,0.220405,0.026531,,1712700,,
0,0,,0.386047,0.019004,0.006593,0.001905,0.048462,0.344153,0.020223,0.012001,0.151023,0.010589,,1852500,,
0,0,,0.486462,0.001873,0.008643,0.010912,0.020013,0.153803,0.048267,0.021771,0.246436,0.00182,,2057600,,
0,0,,0.492416,0.002925,0.001786,0.016187,0.011878,0.182182,0.006917,0.002352,0.26737,0.015987,,1956300,,
0,0,,0.512496,0.001524,0.000571,0.013264,0.025599,0.155803,0.05387,0.000909,0.230657,0.005307,,1950000,,
0,0,,0.50521,0.00287,0.003889,0.013284,0.015067,0.178032,0.006917,0.002296,0.253782,0.018653,,2129200,,
0,0,,0.361974,0.01894,0.006593,0,0.028079,0.295737,0.004938,0.013053,0.257128,0.013558,,1782800,,
0,0,,0.499164,0.010343,0.006472,0.001771,0.017687,0.171908,0.013437,0.002625,0.270553,0.006038,,1729200,,
0,0,,0.501992,0.005411,0.003889,0.002306,0.028407,0.181449,0.007228,0.004948,0.255583,0.008786,,1620100,,
0,0,,0.358993,0.027626,0.007629,0.003784,0.037806,0.311225,0.02875,0.007177,0.207493,0.009516,,1984600,,
0,0,,0.504836,0.003319,0.003889,0.004188,0.016157,0.184565,0.015738,0.001811,0.25464,0.010857,,1846900,,
0,0,,0.451943,0.013184,0.003216,0.00402,0.016022,0.191996,0.013881,0.003036,0.294632,0.008071,,1601700,,
0,0,,0.412847,0.014969,0.007629,0.002667,0.024049,0.297025,0.018302,0.006726,0.201209,0.014578,,1587400,,
0,0,,0.473203,0.015041,0.003216,0.001963,0.019308,0.189297,0.008938,0.007121,0.272613,0.0093,,1603700,,
0,0,,0.524575,0.004952,0.000535,0.018771,0.014399,0.177604,0.006917,0.001985,0.24113,0.009129,,1579900,,
0,0,,0.452366,0.003217,0.005443,0.013763,0.04985,0.191229,0.012251,0.002644,0.250584,0.018653,,1580300,,
0,0,,0.445125,0.007379,0.005763,0,0.046567,0.187945,0.004016,0.010488,0.272495,0.020221,,1765300,,
0,0,,0.483527,0.025046,0.007629,0,0.027783,0.256212,0.006395,0.018221,0.150095,0.025092,,1592100,,
0,5,,0.264467,0.011876,0.006593,0.004138,0.04712,0.447491,0.021949,0.009116,0.176343,0.010907,,1639700,,
0,0,,0.371093,0.016619,0.006593,0.000909,0.021007,0.325379,0.01312,0.010534,0.221703,0.013044,,1588200,,
0,0,,0.525051,0.002275,0.006597,0.006172,0.031777,0.149012,0.042973,0,0.231237,0.004905,,1605400,,
0,0,,0.618334,0.006833,0.015,0.002784,0.033387,0.028831,0.087063,0.018124,0.175346,0.014299,,1798400,,
0,0,,0.471345,0.008298,0.006472,0.004079,0.022066,0.182419,0.013437,0.004831,0.276848,0.010205,,1596200,,
0,0,,0.422313,0.012342,0.010292,0,0.07382,0.180767,0.023661,0.009301,0.254837,0.012667,,1598800,,
0,8,,0.032738,0.027022,0.064834,0.040989,0.067965,0.013062,0.110996,0.212475,0.404464,0.025456,,1610000,,
0,0,,0.493103,0.005687,0.002751,0.003235,0.018913,0.181232,0.00992,0.007099,0.273151,0.004909,,1591900,,
0,0,,0.440163,0.008763,0.035368,0.011763,0.052054,0.093271,0.096127,0.026942,0.219852,0.015697,,1811800,,
0,0,,0.513778,0.003697,0.007212,0.012727,0.038982,0.150389,0.040182,0.000727,0.228791,0.003515,,1595800,,
0,8,,0.228589,0.008803,0.006959,0.013548,0.062343,0.05415,0.126491,0.032608,0.428248,0.03826,,1868400,,
0,0,,0.457649,0.018603,0.008441,0.002857,0.034625,0.248256,0.009728,0.015113,0.190693,0.014036,,1945800,,
0,0,,0.53308,0.000517,0.000862,0.009125,0.019215,0.140381,0.033995,0.001114,0.255828,0.005883,,1953600,,
0,0,,0.372969,0.028004,0.00907,0,0.032688,0.325492,0.005899,0.014745,0.202215,0.008918,,2313900,,
0,0,,0.501121,0.004349,0.004071,0.003712,0.020442,0.175102,0.016738,0.004028,0.263937,0.0065,,1995500,,
0,0,,0.492527,0.020443,0.007972,0.000698,0.049102,0.160974,0.005635,0.014406,0.225379,0.022863,,2001200,,
0,0,,0.387518,0.006632,0.006188,0.01618,0.031986,0.117051,0.018368,0.023375,0.37931,0.013392,,1964100,,
0,8,,0.234928,0.01652,0.048722,0.011763,0.071454,0.009719,0.060584,0.091979,0.427795,0.026537,,2110400,,
0,5,,0.352941,0.007913,0.005193,0.001396,0.020056,0.408962,0.014562,0.003708,0.166338,0.01893,,1586200,,
0,0,,0.543376,0.026109,0.005763,0.011763,0.040241,0.127911,0.015863,0.007481,0.208296,0.013197,,1585700,,
0,0,,0.48715,0.043143,0.007943,0.001746,0.021882,0.156279,0.018699,0.008055,0.247128,0.007973,,1579500,,
0,5,,0.298718,0.014362,0.005763,0,0.025204,0.448167,0.012905,0.005202,0.178034,0.011645,,1722800,,
0,0,,0.521577,0.003188,0.000777,0.01953,0.028126,0.153597,0.02918,0.000485,0.232858,0.010683,,1592900,,
0,0,,0.477388,0.002857,0.005431,0.00119,0.018571,0.19393,0.015309,0.00473,0.268926,0.011667,,1592100,,
0,0,,0.462854,0.028937,0.007028,0.001622,0.021796,0.155008,0.005833,0.011736,0.223583,0.081603,,1646600,,
0,5,,0.282729,0.013318,0.005193,0.002657,0.026077,0.448377,0.008445,0.008583,0.192533,0.012086,,1579300,,
0,0,,0.511498,0.002795,0.003889,0.004379,0.019348,0.179156,0.013881,0.002525,0.254672,0.007857,,1716300,,
0,0,,0.496619,0.003857,0.016271,0.013074,0.01802,0.103599,0.098739,0.020824,0.208622,0.020375,,1719100,,
0,0,,0.516875,0.002406,0.00208,0.018178,0.011345,0.172392,0.006917,0.001832,0.254108,0.013866,,1810600,,
0,0,,0.478632,0.005135,0.016961,0.00901,0.042706,0.11824,0.087063,0.016905,0.222462,0.002885,,1578700,,
0,0,,0.480486,0.005688,0.005578,0.004056,0.016853,0.202352,0.013766,0.003396,0.253168,0.014657,,1727700,,
0,0,,0.390768,0.011059,0.006272,0.001569,0.022627,0.329028,0.012914,0.009629,0.205388,0.010745,,1748800,,
0,0,,0.403678,0.012006,0.048722,0.011763,0.074579,0.010344,0.026834,0.058229,0.326545,0.027301,,1661700,,
0,0,,0.378876,0.005034,0.009057,0.012044,0.021652,0.289563,0.131972,0.015197,0.113292,0.023313,,1728900,,
0,0,,0.499387,0.003078,0.001483,0.017784,0.01796,0.190717,0.006917,0.002504,0.246426,0.013745,,1669000,,
0,0,,0.378469,0.025019,0.006593,0.001548,0.022454,0.222599,0.0097,0.011149,0.281149,0.04132,,1627700,,
0,0,,0.506138,0.00914,0.019412,0.007121,0.047736,0.081067,0.076824,0.045565,0.191788,0.015209,,1809600,,
0,5,,0.349997,0.02416,0.004667,0.001905,0.017221,0.370866,0.009758,0.015062,0.180358,0.026006,,1606100,,
0,8,,0.348786,0.014242,0.006593,0.001538,0.021235,0.164594,0.015707,0.008008,0.359983,0.059314,,1591800,,
0,0,,0.475868,0.018044,0.006272,0.000909,0.018622,0.23087,0.011684,0.01195,0.188076,0.037705,,1581000,,
0,0,,0.509037,0.003367,0.004071,0.004694,0.01471,0.184717,0.013881,0.004118,0.251519,0.009887,,1573700,,
0,0,,0.531693,0.003515,0.001786,0.005828,0.017793,0.168891,0.013668,0.00327,0.251451,0.002105,,1789400,,
0,5,,0.345489,0.017465,0.005947,0.001905,0.019596,0.387598,0.009228,0.01266,0.174993,0.02512,,1623800,,
0,0,,0.497186,0.004289,0.003889,0.004552,0.025037,0.181359,0.013253,0.003023,0.264383,0.00303,,1622200,,
0,0,,0.499791,0.002417,0.001793,0.020563,0.017991,0.190026,0.006917,0.001844,0.249529,0.009129,,1574700,,
0,0,,0.594151,0.001938,0.001803,0.007954,0.011591,0.127148,0.021249,0.002102,0.223281,0.008785,,1577000,,
0,0,,0.497229,0.002925,0.001786,0.016187,0.017021,0.188699,0.006917,0.002352,0.253753,0.013129,,1819300,,
0,0,,0.547057,0.010652,0.005798,0.004571,0.033404,0.114371,0.017845,0.018773,0.224701,0.022827,,1608500,,
0,0,,0.476913,0.002074,0.015323,0.006521,0.047942,0.120687,0.087143,0.016429,0.219066,0.007903,,1637900,,
0,0,,0.543595,0.003884,0.002045,0.019911,0.003205,0.173736,0.006917,0.001644,0.229563,0.0155,,1597500,,
0,0,,0.352814,0.019875,0.036923,0.011763,0.064504,0.254737,0.045459,0.066585,0.128474,0.018867,,1654300,,
0,0,,0.392682,0.003159,0.004899,0.015057,0.023128,0.36085,0.006917,0.003761,0.173274,0.016272,,1643500,,
0,8,,0.124064,0.015933,0.07554,0.032042,0.06199,0.005058,0.126736,0.116086,0.418817,0.023734,,1653000,,
0,5,,0.359166,0.002446,0.005443,0.005855,0.01424,0.421609,0.015714,0.003604,0.155241,0.016681,,1592700,,
0,0,,0.452,0.056138,0.0312,0.096784,0.039033,0.063974,0.00789,0.025036,0.184947,0.042999,,1623700,,
0,0,,0.495812,0.00553,0.003216,0.007738,0.023534,0.18085,0.012697,0.003417,0.257555,0.009651,,1587300,,
0,0,,0.507523,0.002788,0.016744,0.008,0.058129,0.056625,0.118713,0.024568,0.19013,0.016781,,1752900,,
0,0,,0.463549,0.002834,0.003889,0.005158,0.019136,0.180607,0.01192,0.002538,0.300795,0.009576,,1615100,,
0,0,,0.476391,0.000339,0.006,0.008416,0.015043,0.265899,0.043043,0.00087,0.173591,0.010408,,1621700,,
0,0,,0.512034,0.010669,0.018182,0.004348,0.027647,0.01965,0.118498,0.035861,0.236774,0.016337,,1632500,,
0,0,,0.493177,0.004236,0.003216,0.005018,0.018067,0.1819,0.015714,0.003767,0.266612,0.008291,,1600500,,
0,0,,0.393503,0.010038,0.005193,0.003292,0.026436,0.351263,0.005164,0.008689,0.183718,0.012703,,1684300,,
0,0,,0.482274,0.00415,0.003889,0.002236,0.01723,0.204909,0.013881,0.003239,0.254827,0.013367,,1611700,,
0,0,,0.476254,0.006125,0.003564,0.003653,0.026636,0.202154,0.014759,0.002507,0.245181,0.019167,,1601900,,
0,8,,0.224999,0.007049,0.012406,0.01618,0.059563,0.079891,0.057905,0.042838,0.429279,0.069891,,1639200,,
0,0,,0.507228,0.003082,0.001483,0.008244,0.037115,0.172083,0.015071,0.002759,0.252193,0.000741,,1678400,,
0,0,,0.550534,0.001667,0.002045,0.009687,0.00604,0.158493,0.012507,0.001928,0.249192,0.007909,,1600800,,
0,0,,0.548952,0.00414,0.017129,0.019647,0.014818,0.123787,0.038283,0.017037,0.205731,0.010476,,1708100,,
0,0,,0.490467,0.005159,0.004616,0.004775,0.020126,0.181513,0.014501,0.002312,0.265958,0.010571,,1607400,,
0,0,,0.510473,0.002709,0.001996,0.015861,0.016013,0.181913,0.006917,0.002299,0.248687,0.013129,,1609200,,
0,0,,0.533963,0.002462,0.001282,0.013897,0.019821,0.123162,0.052667,0.01759,0.228362,0.006795,,1594800,,
0,0,,0.428994,0.010313,0.035122,0.011763,0.053113,0.007914,0.048107,0.07331,0.265367,0.065997,,1600800,,
0,5,,0.362249,0.008385,0.006472,0.002772,0.052363,0.38181,0.014731,0.003761,0.150085,0.017373,,1749800,,
0,5,,0.347627,0.010094,0.005763,0.002222,0.022109,0.367097,0.01735,0.009119,0.19282,0.0258,,1636800,,
0,0,,0.495104,0.004955,0.005193,0.001466,0.024207,0.18437,0.00791,0.00475,0.261759,0.010285,,1616800,,
0,0,,0.495294,0.00267,0.004071,0.005692,0.017831,0.190239,0.015714,0.004849,0.258636,0.005005,,1642000,,
0,0,,0.397878,0.009675,0.003216,0.012925,0.021467,0.3141,0.006917,0.003473,0.212552,0.017796,,1734200,,
0,0,,0.465,0.015452,0.005456,0,0.033824,0.154196,0.012405,0.013633,0.222284,0.077749,,1614700,,
0,0,,0.497401,0.003821,0,0.004948,0.011473,0.081015,0.08561,0.014442,0.286839,0.014451,,1651000,,
0,0,,0.531606,0.005597,0.002154,0.009501,0.028118,0.160256,0.013253,0.002371,0.243135,0.004011,,1671400,,
0,0,,0.477985,0.03467,0.003737,0.001622,0.028463,0.106372,0.01212,0.016539,0.300168,0.018325,,1593900,,
0,0,,0.382489,0.024868,0.005456,0.0006,0.046704,0.358321,0.006344,0.012272,0.147875,0.015072,,1689400,,
0,0,,0.443903,0.005401,0.006109,0.006088,0.045893,0.196375,0.021909,0.004481,0.25451,0.015332,,1597400,,
0,0,,0.497816,0.002482,0.002047,0.015604,0.013447,0.193096,0.006917,0.002438,0.253945,0.012206,,1621300,,
0,0,,0.521286,0.004108,0.000777,0.008551,0.016171,0.295814,0.012763,0.003137,0.125621,0.011771,,1656400,,
0,0,,0.51124,0.002098,0.003889,0.005377,0.019597,0.174332,0.015714,0.003256,0.258283,0.006213,,1847300,,
0,0,,0.528144,0.003007,0.000789,0.018078,0.009541,0.158338,0.05518,0.000485,0.214413,0.012024,,1844700,,
0,0,,0.512092,0.037588,0.06,0.070392,0.067387,0.027727,0.014078,0.028205,0.150684,0.031848,,1604800,,
0,5,,0.338902,0.003462,0.00077,0.011731,0.010214,0.436282,0.012507,0.003466,0.173486,0.009181,,1616400,,
0,0,,0.450193,0.003761,0.009663,0.011321,0.032346,0.115969,0.137562,0.015893,0.215139,0.008155,,1595600,,
0,0,,0.388633,0.004174,0.005193,0.012197,0.015471,0.36633,0.008439,0.0036,0.177309,0.018653,,1585600,,
0,5,,0.36256,0.005598,0.006472,0.001636,0.018617,0.42844,0.014598,0.00326,0.139207,0.019613,,1813100,,
0,0,,0.365643,0.045798,0.008441,0.002565,0.016666,0.319305,0.010523,0.009377,0.214921,0.006762,,1619200,,
0,0,,0.44805,0.011867,0.003737,0.004615,0.026051,0.103198,0.010552,0.018641,0.312776,0.060513,,1606200,,
0,0,,0.446669,0.032008,0.0046,0.005622,0.041978,0.137435,0.01997,0.018879,0.218769,0.07407,,1888700,,
0,0,,0.506531,0.004344,0.001786,0.007455,0.01401,0.187766,0.013253,0.003079,0.255669,0.006107,,2065500,,
0,5,,0.35632,0.006936,0.005872,0.001538,0.046849,0.382325,0.014482,0.004721,0.168529,0.012428,,1906100,,
0,0,,0.459804,0.003948,0.004616,0.013109,0.014038,0.192668,0.00711,0.002797,0.286464,0.015445,,1593200,,
0,8,,0.214326,0.005374,0.025976,0.012515,0.080818,0.040558,0.124579,0.032769,0.423422,0.039663,,1640000,,
0,0,,0.487572,0.012816,0.005431,0.001261,0.02226,0.169834,0.008656,0.006439,0.277309,0.008422,,1593100,,
0,0,,0.452951,0.013128,0.003564,0.003861,0.015778,0.193549,0.012369,0.003234,0.294158,0.007409,,1586000,,
0,5,,0.343851,0.008742,0.006109,0.008282,0.042368,0.385796,0.020068,0.005945,0.165177,0.013663,,1851300,,
0,0,,0.516749,0.003188,0.000777,0.01953,0.014471,0.159942,0.05518,0.000485,0.218996,0.010683,,1597100,,
0,0,,0.503165,0.001319,0.003889,0.009522,0.013205,0.179268,0.014404,0.003144,0.263228,0.008857,,1682000,,
0,0,,0.549991,0.003188,0.017328,0.01953,0.019126,0.117425,0.038283,0.017037,0.20441,0.013683,,1609800,,
0,0,,0.497598,0.003498,0.005431,0.004614,0.023474,0.180718,0.013511,0.004681,0.257353,0.009122,,1653000,,
0,0,,0.496577,0.012833,0.018182,0.003571,0.028553,0.144328,0.11474,0.034619,0.129065,0.017532,,1956600,,
0,7,,0.037549,0.033976,0.093219,0.036373,0.183949,0.010278,0.113673,0.306626,0.172562,0.011795,,1978000,,
0,8,,0.188497,0.003833,0.003638,0.0063,0.098593,0.106113,0.115997,0.092491,0.380186,0.004352,,2092100,,
0,0,,0.448791,0.015073,0.003152,0,0.062234,0.107094,0.052754,0.02549,0.22621,0.059202,,2014700,,
0,0,,0.406488,0.004422,0.011255,0.004726,0.030392,0.229388,0.122345,0.033968,0.143256,0.013761,,2270900,,
0,0,,0.497813,0.010971,0.003889,0.00566,0.018477,0.171069,0.012083,0.00319,0.269591,0.007259,,1593600,,
0,0,,0.486463,0.006513,0.013091,0.002667,0.013988,0.018347,0.140545,0.01386,0.287666,0.01686,,1761600,,
0,5,,0.280135,0.007075,0.005872,0,0.040272,0.459407,0.013491,0.005791,0.177138,0.010819,,1636300,,
0,0,,0.426624,0.013236,0.006593,0.004571,0.066455,0.180325,0.015985,0.011165,0.258516,0.016529,,1584300,,
0,0,,0.499461,0.01925,0.007943,0,0.029375,0.115079,0.013543,0.007908,0.287028,0.020412,,1657400,,
0,0,,0.503437,0.005159,0.004616,0.005918,0.023529,0.178015,0.007644,0.005741,0.253863,0.012078,,1574900,,
0,0,,0.413118,0.021025,0.009474,0,0.038234,0.345812,0.002972,0.011804,0.140869,0.016692,,1582800,,
0,8,,0.211456,0.00354,0.021871,0.01618,0.060611,0.025901,0.156911,0.048038,0.388737,0.066753,,1709900,,
0,0,,0.470391,0.003394,0.003564,0.001763,0.019301,0.176127,0.012956,0.003276,0.298618,0.010608,,1582800,,
0,5,,0.300167,0.043429,0.006788,0.004198,0.045282,0.380157,0.053082,0.007747,0.152762,0.006387,,1671300,,
0,5,,0.394303,0.004878,0.003564,0.003861,0.022243,0.406826,0.012369,0.003234,0.130708,0.018013,,1834600,,
0,0,,0.521672,0.002586,0.000862,0.011724,0.019363,0.16182,0.034345,0.001724,0.238184,0.007719,,1623600,,
0,0,,0.377426,0.005058,0.005431,0.012239,0.038426,0.218216,0.010785,0.004492,0.283703,0.044223,,1618800,,
0,0,,0.512772,0.003827,0.003889,0.004061,0.013745,0.187129,0.013801,0.003715,0.248299,0.008762,,1594300,,
0,8,,0.373811,0.003884,0.002045,0.019911,0.025898,0.171105,0.006917,0.001644,0.380362,0.014423,,1839900,,
0,0,,0.496485,0.003319,0.003889,0.004188,0.016207,0.190293,0.015738,0.001811,0.260421,0.007649,,1600200,,
0,0,,0.436262,0.002919,0.001947,0.019657,0.016598,0.103638,0.006917,0.001644,0.401288,0.009129,,1598300,,
0,4,,0.007363,0.143473,0.059855,0.104655,0.193046,0.042126,0.136089,0.172157,0.030315,0.110921,,1617200,,
0,5,,0.33323,0.003948,0.004616,0.013109,0.016845,0.374424,0.00711,0.002797,0.212242,0.031679,,1610300,,
0,0,,0.504607,0.002051,0.005578,0.002564,0.0246,0.171924,0.01302,0.002953,0.264498,0.008205,,2023800,,
0,5,,0.370355,0.003159,0.004899,0.015057,0.019233,0.400622,0.006917,0.003761,0.162867,0.013129,,1968000,,
0,0,,0.497848,0.003836,0.001793,0.01183,0.02489,0.17913,0.013253,0.002571,0.261819,0.00303,,1954800,,
0,0,,0.404812,0.006236,0.006,0.00413,0.021447,0.0799,0.102571,0.019404,0.290018,0.065482,,1943900,,
0,0,,0.568713,0.00403,0.018513,0.010609,0.011211,0.118271,0.043448,0.017931,0.203536,0.003739,,2013100,,
0,0,,0.561129,0.00469,0.017764,0.011631,0.017267,0.115597,0.045167,0.018456,0.202788,0.005511,,1594700,,
0,0,,0.488061,0.002556,0.015,0.01583,0.032186,0.123617,0.08018,0.015485,0.215582,0.011502,,1603400,,
0,0,,0.475453,0.004349,0.004071,0.003712,0.018644,0.205216,0.016738,0.004028,0.256509,0.01128,,1587800,,
0,7,,0.031641,0.011449,0.074454,0.020456,0.163276,0.006097,0.17251,0.269252,0.228664,0.0222,,1616000,,
0,0,,0.46271,0.015013,0.003737,0,0.030634,0.168697,0.020444,0.010863,0.230462,0.057439,,1812300,,
0,0,,0.41415,0.002538,0.005443,0.005846,0.018574,0.365017,0.012507,0.004466,0.165634,0.005824,,1589200,,
0,0,,0.386591,0.017374,0.005193,0.000682,0.026263,0.358144,0.003531,0.00865,0.182833,0.010741,,1589400,,
0,0,,0.485399,0.001524,0.00763,0.013264,0.024,0.148388,0.048021,0.022086,0.238926,0.010762,,1606900,,
0,0,,0.375738,0.020328,0.004676,0.003571,0.029872,0.216332,0.010614,0.011273,0.286201,0.041393,,1601100,,
0,0,,0.450907,0.01039,0.005193,0.003539,0.031733,0.206926,0.004324,0.006904,0.265992,0.014092,,1593500,,
0,0,,0.433418,0.007062,0.008094,0.008,0.040565,0.200516,0.019894,0.005381,0.262149,0.014922,,1577200,,
0,8,,0.312581,0.010513,0.017391,0,0.035827,0.01088,0.141063,0.021639,0.400876,0.049231,,1724300,,
0,0,,0.433181,0.010213,0.005719,0.003448,0.055178,0.195552,0.015748,0.004117,0.262637,0.014206,,1620800,,
0,0,,0.50253,0.003948,0.004616,0.013109,0.018057,0.176017,0.00711,0.002797,0.256322,0.015493,,1627800,,
0,0,,0.522344,0.010645,0.008094,0.006575,0.021042,0.231101,0.013931,0.006241,0.153798,0.026229,,1643300,,
0,0,,0.492397,0.013354,0.004616,0.004824,0.024023,0.173447,0.007147,0.006457,0.263329,0.010406,,1588900,,
0,0,,0.418886,0.002735,0.001055,0.019349,0.013854,0.369003,0.006917,0.001988,0.153581,0.012632,,1589300,,
0,0,,0.518932,0.004074,0.007823,0.009235,0.009458,0.110973,0.042571,0.015,0.269307,0.012628,,1782700,,
0,0,,0.532257,0.003402,0.001854,0.004625,0.023817,0.1547,0.02949,0.003932,0.239001,0.006922,,1595200,,
0,5,,0.375786,0.002406,0.00208,0.018178,0.012681,0.421347,0.006917,0.001832,0.138129,0.020644,,1629600,,
0,5,,0.348393,0.020096,0.008911,0.001633,0.032472,0.354517,0.004605,0.010115,0.206723,0.012535,,1607100,,
0,0,,0.522032,0.008125,0.001584,0.011795,0.016774,0.15911,0.034,0.003261,0.241788,0.001531,,1592100,,
0,0,,0.469459,0.005647,0.003564,0.004071,0.024994,0.175655,0.012956,0.00552,0.287419,0.010715,,2229500,,
0,0,,0.496029,0.00557,0.004616,0.013109,0.019728,0.183853,0.00711,0.002797,0.253194,0.013994,,1790300,,
0,0,,0.521621,0.003967,0.007584,0.009668,0.024302,0.148733,0.042063,0.002499,0.233459,0.006103,,1589300,,
0,0,,0.587004,0.007921,0.021493,0.011763,0.037586,0.0172,0.09115,0.026469,0.175505,0.023911,,1588500,,
0,0,,0.480361,0.009563,0.003564,0.001134,0.026183,0.170755,0.010369,0.007758,0.280228,0.010086,,1822300,,
0,5,,0.260112,0.029757,0.004726,0.003448,0.050588,0.429525,0.029854,0.009906,0.176636,0.005447,,1601200,,
0,0,,0.377585,0.011604,0.030354,0.000784,0.060311,0.057778,0.135899,0.052497,0.195942,0.077244,,1606200,,
0,8,,0.264026,0.026941,0.069554,0.039906,0.066356,0.010612,0.085735,0.078688,0.333896,0.024285,,1609600,,
0,0,,0.473364,0.002556,0.016271,0.01583,0.034175,0.116749,0.098739,0.020824,0.209989,0.011502,,1610500,,
0,0,,0.435035,0.016387,0.005947,0.002278,0.046046,0.150714,0.011165,0.012552,0.259585,0.060292,,1782300,,
0,5,,0.330388,0.011013,0.006109,0.004853,0.038982,0.423925,0.012086,0.008324,0.135775,0.028545,,1617800,,
0,0,,0.487573,0.001731,0.004616,0.002885,0.020892,0.182168,0.012699,0.003082,0.276453,0.007902,,1694600,,
0,0,,0.514719,0.001986,0.007599,0.006828,0.004477,0.143746,0.04927,0.022622,0.23677,0.011982,,1583700,,
1,1,,0.014647,0.471168,0.014122,0.04089,0.092246,0.016545,0.079122,0.107041,0.018101,0.146118,,1595900,,
1,9,,0.005092,0.130991,0.158806,0.225685,0.005302,0.116089,0.009437,0.067621,0.03872,0.242256,,1798500,,
1,1,,0.006732,0.35043,0.022748,0.019674,0.184396,0.014702,0.081731,0.136121,0.028162,0.155304,,1587100,,
1,1,,0.010989,0.233563,0.220547,0.176839,0.009566,0.093272,0.017729,0.024635,0.043574,0.169287,,1620500,,
1,1,,0.009895,0.335314,0.023345,0.021434,0.191179,0.011228,0.085242,0.142273,0.022057,0.158034,,1613800,,
1,3,,0.005962,0.115341,0.232107,0.292908,0.043909,0.086732,0.011073,0.051242,0.026287,0.134439,,1581600,,
1,2,,0.00511,0.071557,0.271592,0.155632,0.050578,0.066496,0.089577,0.110158,0.070968,0.108331,,1789800,,
1,2,,0.007405,0.173754,0.338867,0.159618,0.043934,0.075857,0.018152,0.058911,0.026374,0.097127,,1688600,,
1,1,,0.023336,0.245078,0.02813,0.034255,0.167419,0.016629,0.111998,0.193773,0.03229,0.147092,,1599900,,
1,1,,0.01667,0.279227,0.026245,0.010726,0.157949,0.030813,0.12566,0.157637,0.032613,0.16246,,1632300,,
1,4,,0.015892,0.214712,0.01761,0.029345,0.242229,0.017078,0.114041,0.146895,0.042067,0.160132,,1860800,,
1,1,,0.026575,0.291939,0.027173,0.009361,0.111812,0.041073,0.15087,0.133609,0.029647,0.17794,,1583900,,
1,3,,0.003833,0.107323,0.179108,0.310157,0.005099,0.099641,0.015346,0.054725,0.040133,0.184636,,1596900,,
1,1,,0.012375,0.221222,0.117699,0.132664,0.044765,0.094831,0.104983,0.097747,0.040545,0.133169,,1607100,,
1,3,,0.018209,0.095788,0.142363,0.337811,0.005408,0.119245,0.02568,0.023799,0.019145,0.212551,,1574800,,
1,1,,0.014517,0.290168,0.066947,0.019314,0.093712,0.067515,0.110902,0.10091,0.032895,0.20312,,1800800,,
1,2,,0.00202,0.197246,0.261791,0.184133,0.005199,0.099775,0.021357,0.071269,0.025602,0.131609,,1620500,,
1,1,,0.004348,0.376588,0.031746,0.029688,0.164235,0.012342,0.115319,0.120727,0.024134,0.120873,,1709700,,
1,2,,0.012699,0.199504,0.227333,0.199466,0.026565,0.089797,0.006452,0.022612,0.032649,0.182923,,1604400,,
1,1,,0.017727,0.388686,0.065512,0.020824,0.063852,0.030744,0.123509,0.091331,0.023535,0.17428,,1578300,,
1,1,,0.017876,0.341549,0.0175,0.027111,0.177251,0.013256,0.09067,0.128638,0.025055,0.161093,,2242200,,
1,1,,0.008475,0.3504,0.031514,0.019674,0.166974,0.013705,0.115311,0.134024,0.026949,0.132975,,1965800,,
1,9,,0.011491,0.205028,0.109243,0.057787,0.06299,0.053311,0.140705,0.104099,0.012769,0.242577,,2107500,,
1,3,,0.006264,0.084229,0.180713,0.342372,0.040891,0.121126,0.013559,0.039012,0.027867,0.143967,,2021900,,
1,3,,0.009415,0.130293,0.194045,0.307873,0.027301,0.1096,0.013325,0.04778,0.023092,0.137275,,1975900,,
1,2,,0.00621,0.072191,0.323682,0.132486,0.063254,0.07927,0.075943,0.106965,0.046489,0.09351,,2111100,,
1,3,,0.01574,0.103825,0.140674,0.280259,0.026707,0.123161,0.005609,0.076731,0.045161,0.182133,,1948400,,
1,2,,0.008735,0.198143,0.292986,0.176467,0.027207,0.111184,0.007634,0.052785,0.018566,0.106294,,1946400,,
1,1,,0.010703,0.486203,0.022619,0.016645,0.093956,0.025164,0.074285,0.120142,0.016652,0.133631,,1597600,,
1,2,,0.007207,0.169834,0.311028,0.11071,0.082513,0.067543,0.023984,0.081416,0.048638,0.097127,,1590900,,
1,1,,0.022581,0.208848,0.192582,0.178454,0.04841,0.090163,0.055451,0.077109,0.036704,0.089699,,1608600,,
1,1,,0.011957,0.33377,0.078275,0.022996,0.055424,0.034404,0.120583,0.10164,0.048342,0.192608,,1725200,,
1,1,,0.015796,0.33305,0.043629,0.016469,0.115216,0.039013,0.13814,0.13918,0.024674,0.134834,,1590200,,
1,1,,0.01618,0.483451,0.019063,0.022452,0.083691,0.023386,0.089769,0.114565,0.012853,0.134592,,1588400,,
1,1,,0.018792,0.484964,0.027241,0.032738,0.083365,0.014366,0.088261,0.092643,0.017693,0.139937,,1611900,,
1,1,,0.021832,0.338692,0.0175,0.025078,0.178186,0.012597,0.092153,0.129407,0.02478,0.159774,,1583000,,
1,2,,0.006965,0.193108,0.310722,0.185375,0.016969,0.089158,0.009094,0.081057,0.015057,0.092496,,1721000,,
1,2,,0.018522,0.119312,0.290516,0.160191,0.049666,0.052788,0.10078,0.081884,0.045931,0.08041,,1619200,,
1,9,,0.00373,0.10107,0.161056,0.215832,0.006107,0.126311,0.008733,0.086002,0.041021,0.250139,,1583400,,
1,1,,0.011307,0.449271,0.019072,0.013426,0.092705,0.010217,0.074285,0.13295,0.021739,0.175028,,1586900,,
1,1,,0.014666,0.369194,0.016822,0.019312,0.16657,0.024719,0.093852,0.138388,0.017946,0.138529,,1676800,,
1,9,,0.004672,0.169953,0.225329,0.142988,0.01901,0.081666,0.008146,0.066972,0.027862,0.253402,,1590200,,
1,2,,0.005263,0.148973,0.280127,0.192478,0.01427,0.090131,0.020082,0.055873,0.02089,0.171915,,1618200,,
1,1,,0.018545,0.350907,0.007071,0.027687,0.178839,0.029661,0.085853,0.127364,0.024026,0.150046,,1834700,,
1,2,,0.007792,0.198949,0.253407,0.176133,0.032472,0.07646,0.004581,0.063035,0.015683,0.171489,,1593400,,
1,2,,0.004187,0.224049,0.259903,0.114997,0.007446,0.117077,0.009913,0.059249,0.014295,0.188883,,1871500,,
1,4,,0.024763,0.095391,0.018134,0.000833,0.221587,0.03706,0.147095,0.185123,0.103178,0.166835,,1593900,,
1,1,,0.022925,0.257441,0.030085,0.021768,0.170111,0.012478,0.103441,0.208157,0.029061,0.144534,,1589600,,
1,2,,0.006633,0.22347,0.282759,0.13032,0.071107,0.060922,0.041736,0.06993,0.031125,0.081997,,1591700,,
1,1,,0.013734,0.305546,0.075893,0.008237,0.075268,0.033273,0.122011,0.086962,0.040427,0.238648,,1674100,,
1,1,,0.02109,0.481531,0.014862,0.023087,0.086401,0.026017,0.079618,0.107394,0.023156,0.136843,,1584800,,
1,1,,0.03076,0.28379,0.018,0.003964,0.115525,0.068775,0.143473,0.136309,0.022749,0.176654,,1588100,,
1,2,,0.008087,0.14925,0.317208,0.168505,0.050614,0.070927,0.025113,0.055962,0.024129,0.130206,,1622700,,
1,1,,0.006303,0.370682,0.030959,0.016645,0.15647,0.023386,0.113432,0.137393,0.024106,0.120624,,1579800,,
1,1,,0.017511,0.301026,0.020286,0.00867,0.127602,0.012889,0.13814,0.167395,0.031275,0.175207,,1703500,,
1,1,,0.019993,0.336637,0.0175,0.026988,0.183023,0.010076,0.09035,0.130125,0.0248,0.160508,,1649400,,
1,2,,0.009812,0.165235,0.325859,0.171282,0.050614,0.084798,0.020557,0.062606,0.017997,0.09124,,1605200,,
1,3,,0.010542,0.109999,0.198207,0.283061,0.011899,0.13086,0.041653,0.040473,0.026659,0.146646,,1602300,,
1,2,,0.01584,0.174874,0.260406,0.100566,0.071347,0.049634,0.063861,0.114406,0.060519,0.088547,,1663200,,
1,1,,0.014338,0.488028,0.018438,0.030712,0.099698,0.012671,0.077151,0.100817,0.023443,0.134704,,1591000,,
1,1,,0.010143,0.376259,0.026281,0.028609,0.13769,0.015759,0.127956,0.132063,0.019369,0.125872,,1602900,,
1,1,,0.019834,0.462384,0.017357,0.034897,0.088276,0.023842,0.086085,0.108401,0.018083,0.140842,,1830600,,
1,2,,0.008666,0.223522,0.273017,0.180572,0.026713,0.108367,0.016538,0.050878,0.02605,0.085679,,1587700,,
1,3,,0.007496,0.085199,0.158417,0.322612,0.016677,0.13128,0.011104,0.032008,0.034432,0.200773,,1797700,,
1,1,,0.015494,0.39053,0.061679,0.032082,0.054338,0.035889,0.125762,0.082499,0.024604,0.177122,,1580600,,
1,1,,0.016779,0.325593,0.019842,0.008631,0.133719,0.036591,0.133159,0.110869,0.011618,0.203199,,1577200,,
1,1,,0.01825,0.28509,0.030105,0.012502,0.155732,0.035797,0.119034,0.109327,0.021525,0.212637,,1581600,,
1,1,,0.014999,0.280724,0.030105,0.011361,0.168857,0.027408,0.116011,0.152657,0.03751,0.160369,,1785900,,
1,2,,0.011918,0.230706,0.277389,0.171145,0.044894,0.073879,0.023372,0.044819,0.022097,0.099781,,1599300,,
1,1,,0.013191,0.212085,0.198288,0.165794,0.056224,0.067589,0.047779,0.094314,0.038068,0.106667,,1587800,,
1,1,,0.007849,0.362159,0.039136,0.02854,0.164282,0.01391,0.114339,0.116779,0.02108,0.131925,,1706800,,
1,1,,0.009111,0.276496,0.147318,0.196729,0.040009,0.059856,0.074849,0.072169,0.024217,0.099247,,1606200,,
1,1,,0.019188,0.201661,0.194046,0.182434,0.050752,0.090468,0.05566,0.076029,0.035971,0.09379,,1795600,,
1,2,,0.007544,0.199387,0.276792,0.169267,0.010523,0.084333,0.004774,0.071326,0.027774,0.14828,,1616200,,
1,4,,0.016375,0.190582,0.022761,0.020423,0.234478,0.010854,0.154626,0.142876,0.028583,0.178444,,1596500,,
1,1,,0.004335,0.355119,0.053226,0.028786,0.148414,0.022312,0.113089,0.121183,0.021472,0.132063,,1579600,,
1,9,,0.008327,0.1423,0.206455,0.180469,0.008328,0.120033,0.009066,0.034049,0.031946,0.259026,,1780300,,
1,2,,0.009734,0.134961,0.27649,0.110164,0.011686,0.12365,0.009581,0.096496,0.029972,0.197266,,1580600,,
1,1,,0.011083,0.35361,0.018349,0.036948,0.175082,0.021759,0.085606,0.130901,0.017048,0.149614,,1580400,,
1,2,,0.014491,0.157698,0.255414,0.196532,0.040027,0.082936,0.0113,0.066848,0.025323,0.149431,,1653000,,
1,3,,0.011717,0.098695,0.149744,0.27474,0.005559,0.124827,0.007269,0.039547,0.041993,0.245908,,1586900,,
1,1,,0.015345,0.361726,0.018421,0.017881,0.178839,0.024106,0.086709,0.124682,0.021227,0.151063,,1803700,,
1,1,,0.014817,0.478744,0.025852,0.027226,0.092028,0.008407,0.078967,0.10446,0.025221,0.144278,,1581300,,
1,1,,0.00275,0.37071,0.045049,0.016662,0.143253,0.031558,0.113432,0.142097,0.018513,0.115977,,1577300,,
1,1,,0.019428,0.25175,0.029797,0.022596,0.172999,0.013734,0.104334,0.197454,0.034282,0.153626,,1575400,,
1,6,,0.028218,0.099767,0.113246,0.117905,0.073819,0.091422,0.181274,0.092643,0.027675,0.174031,,1615800,,
1,1,,0.006069,0.175762,0.148746,0.051064,0.072534,0.079035,0.157263,0.145704,0.079741,0.084082,,1949500,,
1,1,,0.009111,0.276496,0.147318,0.196729,0.040009,0.059856,0.074849,0.072169,0.024217,0.099247,,1580500,,
1,1,,0.009433,0.484299,0.021349,0.016645,0.090401,0.025672,0.074285,0.128777,0.016779,0.132361,,1853600,,
1,1,,0.018597,0.226622,0.0175,0.02354,0.184007,0.008895,0.128542,0.164608,0.036122,0.191568,,1589800,,
1,2,,0.007102,0.172612,0.293456,0.217366,0.040796,0.088751,0.007867,0.059274,0.019922,0.092854,,1942100,,
1,2,,0.008478,0.239965,0.275129,0.171652,0.016235,0.075812,0.013787,0.059732,0.022286,0.116924,,1581000,,
1,2,,0.007512,0.154511,0.288841,0.127793,0.067009,0.064011,0.049366,0.078633,0.053988,0.108336,,1579700,,
1,2,,0.013269,0.165065,0.275787,0.119146,0.063636,0.063086,0.107256,0.066459,0.045302,0.080994,,1574400,,
1,2,,0.007026,0.123794,0.317369,0.169117,0.050614,0.091094,0.031631,0.084665,0.021575,0.103115,,1579000,,
1,4,,0.016965,0.214477,0.022901,0.019089,0.218568,0.013062,0.117168,0.168797,0.026576,0.182396,,1653700,,
1,1,,0.005724,0.363471,0.026017,0.033127,0.160115,0.010579,0.114422,0.136904,0.023124,0.126515,,1578200,,
1,2,,0.007967,0.237553,0.26378,0.173289,0.007984,0.096648,0.006889,0.033175,0.02015,0.152565,,1628300,,
1,1,,0.014983,0.21759,0.127235,0.06657,0.040486,0.081403,0.086675,0.13813,0.016864,0.210062,,2006000,,
1,2,,0.005876,0.182843,0.283854,0.096166,0.057537,0.054606,0.077495,0.098555,0.062286,0.080781,,2168000,,
1,3,,0.007979,0.12076,0.186054,0.306966,0.010523,0.100893,0.008925,0.040359,0.032771,0.18477,,2158400,,
1,1,,0.009565,0.468584,0.028952,0.022761,0.088586,0.035178,0.073942,0.113728,0.019859,0.138845,,2143900,,
1,1,,0.013212,0.366052,0.013675,0.02862,0.183728,0.015131,0.08233,0.127754,0.02368,0.145818,,1946400,,
1,1,,0.022533,0.227094,0.018691,0.029345,0.178605,0.012056,0.129635,0.15752,0.038825,0.185697,,1709100,,
1,2,,0.007059,0.194824,0.265447,0.221535,0.012889,0.075884,0.011057,0.05132,0.020262,0.139723,,1695400,,
1,3,,0.013503,0.096562,0.152829,0.314639,0.00577,0.130745,0.019579,0.027204,0.037369,0.201799,,1721300,,
1,1,,0.014792,0.350796,0.018691,0.029345,0.18848,0.0131,0.082477,0.127351,0.027934,0.147034,,1708700,,
1,1,,0.017119,0.222745,0.016667,0.013342,0.184827,0.009294,0.134638,0.168246,0.038873,0.194251,,1703400,,
1,1,,0.011778,0.48321,0.014362,0.032722,0.082643,0.031986,0.079464,0.102604,0.018541,0.142688,,1576700,,
1,1,,0.011057,0.29379,0.13593,0.181078,0.035953,0.061763,0.077116,0.074488,0.023513,0.105313,,1575000,,
1,1,,0.010672,0.316949,0.028427,0.009782,0.153506,0.050899,0.125222,0.156676,0.019045,0.128822,,1574300,,
1,4,,0.027843,0.202643,0.016667,0.017779,0.240027,0.013197,0.131917,0.146353,0.042902,0.160672,,1660400,,
1,2,,0.011371,0.21948,0.255148,0.158519,0.005559,0.09359,0.006923,0.038856,0.028798,0.181756,,1577600,,
1,2,,0.005524,0.193327,0.277995,0.239989,0.018144,0.091144,0.00741,0.04572,0.013372,0.107375,,1575800,,
1,3,,0.005052,0.134752,0.17848,0.334587,0.01682,0.095874,0.012157,0.049814,0.023084,0.149379,,1575500,,
1,1,,0.013624,0.371805,0.037589,0.020952,0.140634,0.015774,0.1224,0.127234,0.020036,0.12995,,1574500,,
1,2,,0.007623,0.105018,0.301042,0.130608,0.06007,0.065734,0.073758,0.109013,0.044758,0.102376,,1977600,,
1,1,,0.01469,0.210722,0.016197,0.030121,0.195581,0.018586,0.108814,0.158693,0.058565,0.188032,,2173400,,
1,1,,0.014818,0.303567,0.074366,0.006666,0.081178,0.026729,0.122518,0.085371,0.035265,0.249522,,2246700,,
1,1,,0.018637,0.284197,0.019842,0.011951,0.14108,0.012916,0.134543,0.1386,0.048111,0.190123,,2208600,,
1,1,,0.007637,0.298506,0.141552,0.170376,0.043259,0.076559,0.0691,0.068128,0.025973,0.098911,,2204600,,
1,2,,0.007026,0.219358,0.316145,0.167278,0.009696,0.089073,0.004581,0.046206,0.023432,0.117204,,1958800,,
1,1,,0.022894,0.207544,0.193222,0.178117,0.0501,0.09123,0.054117,0.076624,0.036808,0.089342,,2003000,,
1,1,,0.013705,0.277495,0.148527,0.146949,0.06344,0.076535,0.074301,0.076116,0.035622,0.087312,,1954600,,
1,3,,0.010023,0.08326,0.19866,0.314434,0.037432,0.11345,0.013501,0.057566,0.022575,0.1491,,1914600,,
1,1,,0.00275,0.368319,0.043342,0.03217,0.143253,0.03008,0.113432,0.134055,0.017579,0.115021,,1593700,,
1,1,,0.024016,0.384704,0.070568,0.029713,0.05481,0.031458,0.132725,0.080114,0.022681,0.169211,,1587300,,
1,3,,0.010524,0.080681,0.217081,0.309607,0.036918,0.10389,0.014341,0.064255,0.025425,0.137278,,1922200,,
1,3,,0.007614,0.081519,0.199457,0.335482,0.026041,0.112591,0.023789,0.047143,0.022891,0.143473,,1950800,,
1,6,,0.02811,0.106844,0.1022,0.118121,0.077484,0.084212,0.178153,0.096666,0.041429,0.166782,,1944800,,
1,1,,0.00541,0.360203,0.025247,0.028697,0.167959,0.020926,0.113089,0.13,0.019527,0.128942,,1940900,,
1,1,,0.006205,0.38143,0.037443,0.016699,0.139328,0.011178,0.124192,0.14365,0.020626,0.119247,,1939100,,
1,4,,0.036077,0.044555,0.02855,0.041143,0.274523,0.075431,0.157545,0.153559,0.054223,0.134394,,2158500,,
1,1,,0.013474,0.207429,0.192582,0.187186,0.048653,0.094702,0.049115,0.076382,0.034679,0.095798,,1991100,,
1,1,,0.017758,0.376568,0.070037,0.030752,0.072145,0.015074,0.124405,0.105896,0.022036,0.16533,,1980200,,
1,1,,0.019291,0.490924,0.020662,0.020281,0.083115,0.02301,0.086428,0.095311,0.018904,0.142074,,2101400,,
1,1,,0.021198,0.228438,0.016296,0.019674,0.186704,0.013422,0.128889,0.168876,0.030939,0.185565,,2118100,,
1,2,,0.007296,0.22848,0.275338,0.16362,0.01648,0.080746,0.010518,0.069795,0.018303,0.129424,,1960000,,
1,2,,0.004212,0.194267,0.291982,0.227918,0.017252,0.086264,0.00601,0.060722,0.013543,0.097831,,1954200,,
1,1,,0.011333,0.222845,0.192754,0.189682,0.034872,0.074642,0.04271,0.092043,0.0271,0.112019,,1931500,,
1,4,,0.01333,0.209515,0.02221,0.029345,0.215555,0.014489,0.117163,0.171925,0.027999,0.178468,,1948900,,
1,2,,0.006969,0.184743,0.261199,0.118593,0.005735,0.115542,0.007143,0.066334,0.025438,0.208304,,2192700,,
1,1,,0.02647,0.313527,0.059609,0.009182,0.066518,0.03206,0.131027,0.121184,0.041154,0.19927,,1718700,,
1,1,,0.011564,0.294106,0.033932,0.003981,0.133591,0.032979,0.123159,0.165041,0.029081,0.172565,,1801300,,
1,2,,0.025896,0.177813,0.281597,0.214993,0.010015,0.088484,0.022098,0.024436,0.026579,0.128089,,1770400,,
1,1,,0.017657,0.249771,0.02813,0.032852,0.175313,0.015928,0.100069,0.196119,0.035426,0.148737,,1607200,,
1,2,,0.005098,0.210263,0.318969,0.167941,0.024185,0.068194,0.009117,0.072514,0.027739,0.095979,,1687000,,
1,1,,0.012317,0.36725,0.031381,0.028445,0.126822,0.031805,0.12758,0.1283,0.01589,0.130211,,1721200,,
1,9,,0.008421,0.209584,0.22023,0.12284,0.010772,0.097798,0.020165,0.04761,0.020242,0.242339,,1637100,,
1,1,,0.023967,0.208761,0.192297,0.194838,0.037068,0.072042,0.058315,0.075759,0.036934,0.10002,,2051100,,
1,1,,0.015311,0.353321,0.061679,0.028108,0.063833,0.051289,0.127698,0.076538,0.035952,0.186271,,1944600,,
