pendigits,CWE,test,4,NANOSECONDS,PREDICTIONS, Generated by ClassifierExperiments.java on 2022-05-16 23:37:30.    SYSTEMPROPERTIES:{user.name:matth,os.arch:amd64,os.name:Windows 10},ENDSYSTEMPROPERTIES
No parameter info
0.5461154020899591,2360562700,3634430500,-1,84450256,10,,-1,-1
0,0,,0.427861,0.014013,0.002141,0.028799,0.007696,0.186323,0.012798,0.003174,0.271832,0.045364,,1846900,,
0,5,,0.373521,0.015921,0.004151,0.001231,0.020024,0.39438,0.038638,0.00738,0.120071,0.024684,,1582800,,
0,0,,0.428814,0.012184,0.00793,0.010435,0.060582,0.170215,0.05183,0.009061,0.237271,0.011677,,1577100,,
0,5,,0.327972,0.015562,0.006462,0.001538,0.039116,0.41411,0.030084,0.008315,0.13067,0.02617,,1577600,,
0,0,,0.367803,0.011617,0.001011,0.030827,0.02097,0.132834,0.016434,0.003133,0.354671,0.0607,,1580500,,
0,0,,0.442323,0.019053,0,0.006222,0.005901,0.073579,0.059429,0.021016,0.355815,0.016661,,1577200,,
0,0,,0.330505,0.026764,0.006395,0,0.076438,0.288027,0.042279,0.010195,0.204994,0.014402,,1583300,,
0,0,,0.487419,0.026373,0.006068,0.002194,0.016242,0.173175,0.0089,0.01475,0.253438,0.011442,,1573900,,
0,0,,0.429379,0.0288,0.006359,0.00032,0.069649,0.246411,0.035977,0.00862,0.145435,0.029051,,1578400,,
0,0,,0.465049,0.021751,0.008335,0.001481,0.036229,0.107531,0.018452,0.005438,0.282241,0.053493,,1578100,,
0,8,,0.342415,0.021085,0.01339,0.004466,0.059702,0.116733,0.032399,0.024546,0.371124,0.01414,,1575700,,
0,7,,0.015738,0.01482,0.066719,0.008784,0.192753,0.014986,0.193186,0.246242,0.207838,0.038932,,1575100,,
0,0,,0.513139,0.011659,0.00622,0.007233,0.009899,0.174546,0.022074,0.003508,0.242152,0.009569,,1590400,,
0,5,,0.343839,0.013437,0.00622,0.008526,0.013466,0.373382,0.019797,0.003934,0.203703,0.013696,,1584800,,
0,0,,0.507706,0.016329,0.003511,0.008713,0.00904,0.176274,0.025749,0.00349,0.241296,0.007892,,1586600,,
0,0,,0.494681,0.010879,0.003619,0.025556,0.00798,0.17735,0.012798,0.00328,0.239796,0.024062,,1584200,,
0,0,,0.462005,0.020599,0.00652,0.004573,0.034075,0.245487,0.04259,0.006339,0.147069,0.030744,,1617000,,
0,0,,0.474495,0.013182,0.004151,0.003019,0.015228,0.180486,0.019393,0.00498,0.272846,0.012221,,1584400,,
0,0,,0.421271,0.012172,0.023226,0.023535,0.063157,0.188351,0.108544,0.017714,0.111087,0.030944,,1593600,,
0,0,,0.494819,0.015564,0.003619,0.00602,0.012222,0.179349,0.034319,0.002161,0.238667,0.013261,,1586600,,
0,0,,0.520329,0.009358,0.007381,0.029342,0.011822,0.131206,0.038714,0.008178,0.222894,0.020775,,1585800,,
0,0,,0.435803,0.009489,0,0.025179,0.006793,0.287956,0.066479,0.001119,0.142957,0.024224,,1609700,,
0,0,,0.396047,0.024462,0.006039,0.002259,0.039335,0.171244,0.017896,0.01789,0.283271,0.041557,,1577400,,
0,0,,0.442205,0.019649,0.006627,0,0.027084,0.13994,0.041996,0.014556,0.242819,0.065123,,1578100,,
0,0,,0.335638,0.0234,0.006484,0.005517,0.055983,0.333411,0.042922,0.007513,0.179423,0.009709,,1588700,,
0,0,,0.491891,0.016823,0.005053,0.002205,0.026852,0.174488,0.012216,0.00716,0.249231,0.01408,,1609100,,
0,5,,0.302219,0.015574,0.009154,0.005563,0.051201,0.397011,0.072794,0.008128,0.115185,0.023173,,1582000,,
0,0,,0.382223,0.015036,0.002222,0.021949,0.045782,0.277921,0.07845,0.003607,0.150233,0.022577,,1582100,,
0,0,,0.560073,0.010447,0.017151,0.014125,0.010071,0.122281,0.052786,0.007742,0.197206,0.008119,,1578700,,
0,0,,0.479443,0.01566,0.003511,0.004061,0.016143,0.187484,0.023868,0.002829,0.253308,0.013693,,1580200,,
0,0,,0.491616,0.007563,0.001818,0.012523,0.014887,0.134003,0.076491,0.009305,0.246806,0.004989,,1583000,,
0,0,,0.421489,0.014102,0.044308,0.023535,0.057978,0.019502,0.032633,0.075761,0.215865,0.094827,,1607100,,
0,0,,0.477383,0.017568,0.00622,0.006548,0.008607,0.206246,0.02116,0.004194,0.235845,0.016229,,1579400,,
0,0,,0.375038,0.009121,0.010768,0.007939,0.034574,0.231285,0.136601,0.021203,0.161591,0.01188,,1584500,,
0,0,,0.471754,0.013536,0.002634,0.025783,0.008948,0.194384,0.012798,0.004719,0.243094,0.02235,,1613800,,
0,0,,0.381269,0.016517,0.006462,0.01125,0.022658,0.259324,0.033331,0.004692,0.236652,0.027844,,1571800,,
0,0,,0.443766,0.023284,0.009854,0,0.032401,0.209383,0.013825,0.022144,0.199992,0.045352,,1585100,,
0,0,,0.503548,0.017036,0.037183,0.023789,0.047598,0.048733,0.111887,0.024781,0.129429,0.056014,,1593800,,
0,0,,0.433298,0.014993,0.022154,0.02388,0.041283,0.092322,0.110171,0.035384,0.201402,0.025113,,1585600,,
0,0,,0.470794,0.013355,0.005214,0.004398,0.016225,0.206287,0.018923,0.004459,0.244416,0.015928,,1586200,,
0,0,,0.47262,0.011927,0.002441,0.012974,0.013199,0.193017,0.027826,0.002175,0.255219,0.008602,,1595900,,
0,0,,0.374387,0.019983,0.004566,0.007403,0.043305,0.312917,0.027537,0.014399,0.163605,0.0319,,1575600,,
0,5,,0.294123,0.020959,0.004857,0.004226,0.0527,0.397394,0.020797,0.011742,0.17614,0.017063,,1583100,,
0,5,,0.377631,0.015789,0.00074,0.030969,0.005682,0.378327,0.012798,0.002649,0.153888,0.021527,,1585500,,
0,0,,0.512221,0.007779,0.002405,0.013496,0.015984,0.169833,0.027826,0.002087,0.242041,0.006328,,1609100,,
0,0,,0.346307,0.023683,0.005238,0.003791,0.047788,0.338179,0.043759,0.013058,0.165108,0.013089,,1583500,,
0,8,,0.232863,0.025689,0.055522,0.028909,0.073315,0.035396,0.035554,0.061464,0.390164,0.061124,,1581100,,
0,0,,0.499942,0.004024,0.001818,0.016184,0.014615,0.133929,0.052936,0.020753,0.24929,0.006509,,1584600,,
0,0,,0.528763,0.007748,0.003791,0.005627,0.009847,0.165315,0.030118,0.004647,0.239098,0.005046,,1582700,,
0,0,,0.511707,0.00236,0.003791,0.004508,0.018682,0.163413,0.019691,0.004777,0.261654,0.009417,,1581300,,
0,0,,0.492982,0.018306,0.0181,0.008159,0.007681,0.117281,0.059085,0.017778,0.249549,0.011078,,1606800,,
0,0,,0.395943,0.022329,0.009181,0.000235,0.03405,0.299571,0.012615,0.02124,0.189076,0.01576,,1593200,,
0,0,,0.349297,0.009636,0.055522,0.028909,0.071261,0.240732,0.035554,0.062128,0.109717,0.037245,,1586300,,
0,8,,0.30673,0.010523,0.014545,0.007692,0.048327,0.021123,0.115105,0.024736,0.40682,0.044399,,1592900,,
0,0,,0.458697,0.016481,0.006974,0.004,0.022008,0.279315,0.037252,0.004913,0.157185,0.013173,,1580200,,
0,0,,0.365562,0.009858,0.013333,0.024083,0.024844,0.29188,0.130479,0.019719,0.093278,0.026964,,1572800,,
0,0,,0.491518,0.006268,0.01191,0.011032,0.040434,0.112456,0.082729,0.014718,0.221919,0.007016,,1632300,,
0,0,,0.538074,0.009458,0.01609,0.026869,0.006681,0.126837,0.041447,0.009164,0.201356,0.024025,,1580700,,
0,0,,0.4384,0.022879,0.004233,0.002259,0.04371,0.109991,0.021218,0.018793,0.290025,0.048493,,1586200,,
0,0,,0.557875,0.011721,0.001163,0.005814,0.016628,0.220379,0.022592,0.008743,0.138781,0.016305,,1585400,,
0,0,,0.487047,0.010452,0.002141,0.028799,0.024124,0.173826,0.014322,0.004316,0.231593,0.023381,,1674200,,
0,0,,0.428005,0.016708,0.005563,0.004,0.021865,0.300764,0.036549,0.004125,0.15444,0.027981,,1595100,,
0,0,,0.400792,0.012148,0.002634,0.025783,0.013868,0.298393,0.013353,0.004719,0.203145,0.025165,,1598200,,
0,5,,0.347769,0.009935,0.005669,0.009051,0.013491,0.412217,0.034104,0.004282,0.145877,0.017605,,1590500,,
0,0,,0.460902,0.012451,0.003619,0.003251,0.01882,0.206988,0.029396,0.005853,0.237286,0.021435,,1589200,,
0,8,,0.225584,0.013969,0.013147,0.003621,0.090958,0.06465,0.079499,0.040985,0.448025,0.019562,,1587800,,
0,0,,0.450217,0.017377,0.005053,0.007475,0.04021,0.192873,0.004509,0.011933,0.254081,0.016271,,1583500,,
0,0,,0.418989,0.024883,0.003624,0.0026,0.050826,0.072456,0.019073,0.008633,0.376584,0.022331,,1572800,,
0,8,,0.359628,0.025329,0.008302,0.002268,0.074555,0.110056,0.015299,0.015311,0.366337,0.022915,,1574800,,
0,0,,0.496809,0.010468,0.002405,0.027756,0.008509,0.177257,0.012798,0.003206,0.237769,0.023023,,1655900,,
0,0,,0.461418,0.018326,0.008335,0.005517,0.048833,0.256364,0.023003,0.008941,0.134,0.035263,,1588200,,
0,0,,0.525415,0.008462,0.022154,0.01125,0.037726,0.009378,0.129692,0.034481,0.200561,0.020882,,1584600,,
0,0,,0.507385,0.017144,0.003791,0.007103,0.013985,0.170265,0.022181,0.006075,0.244811,0.007261,,1608900,,
0,0,,0.418909,0.021952,0.012885,0.001563,0.069967,0.169584,0.037538,0.020886,0.233461,0.013256,,1589100,,
0,0,,0.419425,0.016186,0.011174,0.007559,0.054842,0.169669,0.058763,0.010509,0.244486,0.007389,,1571700,,
0,0,,0.494861,0.012318,0.003791,0.009161,0.01236,0.176126,0.025545,0.004943,0.251302,0.009592,,1585900,,
0,0,,0.503954,0.012569,0,0.011631,0.008968,0.114884,0.118408,0.015715,0.205719,0.008153,,1580300,,
0,0,,0.489747,0.011247,0.002141,0.012536,0.011179,0.183856,0.03141,0.002054,0.245624,0.010206,,1579600,,
0,0,,0.341393,0.012147,0.005333,0.025758,0.01458,0.308886,0.090479,0.022897,0.152806,0.025722,,1593100,,
0,0,,0.354685,0.006805,0.013846,0.006805,0.01202,0.288017,0.133251,0.019752,0.149348,0.01547,,1584700,,
0,8,,0.127542,0.023043,0.067979,0.032195,0.065985,0.005939,0.127683,0.118234,0.39469,0.03671,,1578800,,
0,5,,0.301863,0.029571,0.006484,0,0.023268,0.412985,0.006375,0.014587,0.183704,0.021164,,1587000,,
0,0,,0.415878,0.021086,0.005529,0,0.075562,0.219526,0.01164,0.014976,0.187712,0.048091,,1625900,,
0,0,,0.329822,0.021057,0.005186,0.001111,0.079044,0.156792,0.009454,0.021672,0.219893,0.15597,,1582500,,
0,0,,0.417526,0.020615,0.006691,0.005517,0.024574,0.294147,0.02061,0.006312,0.189342,0.014667,,1581500,,
0,0,,0.518844,0.006304,0.000412,0.03034,0.004196,0.141767,0.066479,0.001119,0.207307,0.023232,,1577100,,
0,0,,0.532492,0.018323,0.003619,0.004373,0.010097,0.171107,0.025848,0.002161,0.223817,0.008163,,1584900,,
0,0,,0.421085,0.014626,0.001489,0.014453,0.013592,0.34048,0.029416,0.002643,0.149467,0.01275,,1593200,,
0,5,,0.30074,0.024859,0.007683,0.001739,0.062666,0.341021,0.035939,0.018565,0.190562,0.016226,,1612300,,
0,5,,0.363484,0.012242,0.005929,0.003019,0.055754,0.364858,0.035051,0.00458,0.142795,0.012288,,1581100,,
0,0,,0.470158,0.015807,0.014545,0.007273,0.042878,0.017941,0.127273,0.022802,0.207683,0.073641,,1584400,,
0,8,,0.235768,0.015746,0.021263,0.0026,0.066948,0.049293,0.058335,0.028296,0.456749,0.065001,,1618500,,
0,0,,0.49608,0.016427,0.004125,0.012606,0.008259,0.182649,0.023617,0.004696,0.240579,0.010961,,1579300,,
0,7,,0.015461,0.013843,0.064709,0.025301,0.159105,0.016598,0.217184,0.279816,0.179603,0.02838,,1604700,,
0,0,,0.304222,0.017141,0.004508,0.004237,0.054894,0.296296,0.091851,0.022841,0.189412,0.014598,,1577500,,
0,5,,0.328149,0.016081,0.005053,0.001897,0.016849,0.39142,0.030062,0.005707,0.181829,0.022953,,1589100,,
0,0,,0.441273,0.018364,0.008335,0,0.027956,0.231944,0.008883,0.009844,0.209815,0.043586,,1581900,,
0,4,,0.008987,0.143911,0.067711,0.102049,0.175688,0.059091,0.135783,0.156705,0.028621,0.121455,,1578700,,
0,0,,0.460845,0.021298,0.007151,0.002539,0.018449,0.180324,0.013546,0.010296,0.269774,0.015777,,1577400,,
0,8,,0.149698,0.022134,0.044308,0.023535,0.08175,0.03442,0.1368,0.180806,0.293965,0.032584,,1586200,,
0,0,,0.472901,0.0037,0.013833,0.0099,0.025478,0.106249,0.1392,0.019378,0.192395,0.016967,,1589800,,
0,0,,0.48899,0.008054,0.002405,0.014655,0.02127,0.179128,0.028986,0.004405,0.243766,0.008341,,1580900,,
0,0,,0.467103,0.031332,0.007954,0.002759,0.033132,0.254678,0.009362,0.020072,0.144661,0.028948,,1587200,,
0,0,,0.550985,0.011836,0.015838,0.012513,0.011133,0.123114,0.050015,0.012998,0.207581,0.003987,,1579600,,
0,0,,0.506606,0.009243,0.005053,0.003686,0.030555,0.164308,0.023226,0.003968,0.239602,0.013753,,1580500,,
0,0,,0.348419,0.02128,0.044308,0.006359,0.058956,0.009373,0.04044,0.074931,0.33823,0.057704,,1591500,,
0,0,,0.360823,0.011977,0.013846,0.005199,0.02673,0.322096,0.136259,0.022017,0.080594,0.020457,,1568100,,
0,0,,0.518706,0.005679,0,0.025179,0.007154,0.15549,0.066479,0.001119,0.198485,0.021708,,1578100,,
0,0,,0.46418,0.018096,0.004857,0.007854,0.035075,0.177179,0.016918,0.013185,0.24563,0.017026,,1578300,,
0,0,,0.471554,0.011436,0.002405,0.008584,0.021088,0.185771,0.029955,0.003976,0.256089,0.009142,,1588600,,
0,0,,0.512662,0.010701,0.002634,0.007327,0.011322,0.174175,0.021366,0.008679,0.242845,0.008288,,1603400,,
0,0,,0.512954,0.017556,0.002256,0.013304,0.011551,0.164094,0.021366,0.006432,0.241654,0.008833,,1579000,,
0,7,,0.036225,0.016092,0.071632,0.011239,0.17037,0.010284,0.152236,0.260211,0.24385,0.027861,,1582400,,
0,0,,0.44479,0.014557,0.006068,0.000455,0.040361,0.177864,0.037319,0.012162,0.241495,0.024929,,1594000,,
0,0,,0.32468,0.016465,0.012246,0.006798,0.057976,0.270032,0.099228,0.025045,0.174934,0.012596,,1585500,,
0,0,,0.436631,0.023869,0.006234,0,0.032894,0.276595,0.029013,0.006889,0.176388,0.011486,,1580100,,
0,0,,0.500444,0.010561,0.001754,0.009401,0.010664,0.141739,0.055015,0.022652,0.243133,0.004636,,1579800,,
0,0,,0.474532,0.014486,0.004125,0.001495,0.014167,0.194351,0.025363,0.010093,0.247745,0.013642,,1605900,,
0,0,,0.505401,0.008171,0.003791,0.009161,0.018365,0.17324,0.025545,0.004876,0.240388,0.011063,,1603600,,
0,0,,0.408023,0.01742,0.005053,0.000667,0.013357,0.342271,0.025843,0.009634,0.165555,0.012178,,1610600,,
0,0,,0.431941,0.017877,0.004538,0,0.038758,0.129329,0.042798,0.014711,0.249486,0.070563,,1581000,,
0,0,,0.514322,0.01017,0.022154,0.023535,0.035617,0.016195,0.110171,0.035195,0.203237,0.029403,,1590200,,
0,0,,0.445677,0.021392,0.005529,0,0.039194,0.105352,0.017835,0.013118,0.272238,0.079665,,1570000,,
0,0,,0.400415,0.017931,0.003511,0.006656,0.013488,0.332174,0.022385,0.005201,0.188498,0.009741,,1572400,,
0,5,,0.315885,0.025655,0.008812,0.001667,0.035168,0.377087,0.007391,0.00947,0.207692,0.011173,,1589600,,
0,8,,0.258769,0.016002,0.000455,0.00667,0.062827,0.065578,0.095944,0.01435,0.43698,0.042426,,1593100,,
0,0,,0.495937,0.017156,0.000625,0.015713,0.013198,0.108298,0.116946,0.01578,0.207052,0.009295,,1589300,,
0,8,,0.222248,0.01184,0.04517,0.012942,0.090608,0.018504,0.11848,0.055647,0.339045,0.085518,,1588400,,
0,8,,0.314418,0.019569,0.002661,0.007988,0.078713,0.082741,0.051536,0.016418,0.359096,0.066862,,1582400,,
0,0,,0.495213,0.012223,0.00622,0.007233,0.011817,0.17624,0.022074,0.003508,0.255533,0.009938,,1607800,,
0,0,,0.462168,0.014011,0.018947,0.007273,0.039297,0.027217,0.12067,0.026642,0.235588,0.048187,,1577600,,
0,0,,0.531869,0.013579,0.007665,0.012609,0.015797,0.125626,0.053743,0.007362,0.224637,0.007115,,1593500,,
0,0,,0.493467,0.021348,0.004125,0.006575,0.012476,0.17835,0.021553,0.007554,0.245769,0.008784,,1587400,,
0,0,,0.493716,0.009061,0.000935,0.015709,0.010255,0.147218,0.084949,0.001096,0.233213,0.003848,,1578800,,
0,8,,0.275259,0.018674,0.010435,0.011111,0.032599,0.040105,0.135894,0.023937,0.387159,0.064826,,1588200,,
0,5,,0.263241,0.0246,0.008609,0.013704,0.051504,0.390755,0.046945,0.015909,0.173088,0.011645,,1581400,,
0,0,,0.431926,0.028145,0.032727,0,0.065865,0.006122,0.076753,0.04488,0.305039,0.008543,,1594400,,
0,0,,0.423896,0.012927,0.00631,0.023535,0.030513,0.192684,0.035666,0.005688,0.24009,0.02869,,1580200,,
0,0,,0.435015,0.00912,0.022154,0.023535,0.033369,0.090913,0.110171,0.035028,0.197481,0.043213,,1633500,,
0,5,,0.332922,0.011888,0.007606,0.009864,0.018355,0.362637,0.029297,0.002907,0.213024,0.011502,,1674800,,
0,0,,0.494497,0.010125,0.002405,0.005451,0.016446,0.169271,0.029396,0.005779,0.251093,0.015538,,1666800,,
0,0,,0.346181,0.028545,0.008342,0.000388,0.074606,0.344981,0.035425,0.010677,0.134594,0.016259,,1641200,,
0,5,,0.348874,0.008902,0.005929,0.003019,0.040048,0.405209,0.034274,0.005138,0.117954,0.030654,,1619700,,
0,0,,0.338477,0.011942,0.013333,0.023535,0.029699,0.061175,0.137146,0.017786,0.30269,0.064217,,1639200,,
0,0,,0.566736,0.0176,0.003738,0.003447,0.015287,0.122726,0.017216,0.008926,0.231627,0.012697,,1658400,,
0,0,,0.513507,0.009057,0.000606,0.026869,0.005224,0.149383,0.066479,0.001422,0.204407,0.023047,,1626600,,
0,0,,0.365264,0.013234,0.034576,0.004,0.059971,0.008096,0.093017,0.048814,0.345178,0.02785,,1634200,,
0,0,,0.466018,0.013859,0.002441,0.027234,0.00762,0.200808,0.012798,0.003294,0.242415,0.023512,,1613500,,
0,0,,0.498558,0.016823,0.005053,0.002205,0.030186,0.169673,0.012216,0.00716,0.244046,0.01408,,1584100,,
0,0,,0.450785,0.040837,0.004857,0.002816,0.031034,0.198998,0.006547,0.015345,0.233001,0.015781,,1570700,,
0,8,,0.29328,0.0097,0.014545,0.009275,0.051047,0.017796,0.123689,0.023197,0.417228,0.040242,,1584300,,
0,0,,0.298112,0.043252,0.061955,0.025098,0.06174,0.115416,0.058446,0.096893,0.215131,0.023956,,1576000,,
0,0,,0.425644,0.017079,0.007615,0.003556,0.023109,0.293028,0.025098,0.006571,0.185703,0.012595,,1577100,,
0,5,,0.35306,0.011641,0.000748,0.011615,0.007153,0.430847,0.071914,0.001379,0.097588,0.014056,,1585400,,
0,0,,0.4936,0.008505,0.000935,0.015709,0.011334,0.143987,0.084949,0.001096,0.235167,0.004718,,1581900,,
0,0,,0.500957,0.009417,0.001391,0.008,0.016746,0.142,0.077255,0.008511,0.22367,0.012053,,1578300,,
0,0,,0.469128,0.029,0.005529,0.002759,0.025993,0.093306,0.01003,0.01984,0.270767,0.073649,,1641900,,
0,0,,0.502983,0.017798,0.004151,0.001951,0.01294,0.171651,0.012546,0.011275,0.250157,0.014549,,1609600,,
0,0,,0.541881,0.004337,0.008161,0.016984,0.016901,0.128551,0.045158,0.008597,0.222646,0.006784,,1578700,,
0,8,,0.223359,0.02376,0.035676,0.022591,0.088323,0.011263,0.135324,0.049638,0.335852,0.074213,,1581500,,
0,8,,0.108946,0.022725,0.057242,0.025669,0.09497,0.021609,0.130495,0.096882,0.394141,0.047322,,1573200,,
0,5,,0.329968,0.025037,0.009282,0.001667,0.035288,0.359115,0.008667,0.010234,0.207624,0.013119,,1590100,,
0,0,,0.529293,0.018081,0.019768,0.003977,0.052622,0.06807,0.093921,0.022006,0.143541,0.048722,,1587400,,
0,0,,0.431045,0.018586,0.004538,0,0.040538,0.128777,0.043033,0.0136,0.250578,0.069305,,1590800,,
0,0,,0.462963,0.016423,0.006462,0,0.017626,0.180574,0.026189,0.011232,0.26259,0.015942,,1583200,,
0,0,,0.509005,0.009688,0.003619,0.009691,0.00997,0.173321,0.025333,0.003257,0.250637,0.00548,,1610500,,
0,0,,0.426865,0.012579,0.004151,0.001231,0.060188,0.186803,0.037715,0.00738,0.243344,0.019744,,1598800,,
0,0,,0.407384,0.018941,0.004857,0.007044,0.0289,0.344252,0.003966,0.013533,0.156542,0.014582,,1580500,,
0,0,,0.427027,0.019094,0.009116,0.00032,0.049557,0.176955,0.040573,0.012199,0.247711,0.01745,,1574600,,
0,0,,0.414729,0.034067,0.001304,0.002609,0.080988,0.142079,0.051451,0.005982,0.221919,0.044873,,1592300,,
0,5,,0.329093,0.01658,0.005563,0.001538,0.047559,0.400949,0.034456,0.007862,0.127304,0.029094,,1586200,,
0,0,,0.45606,0.03307,0.008796,0.000594,0.0362,0.260655,0.007441,0.011301,0.150022,0.035861,,1593500,,
0,0,,0.355952,0.027876,0.003301,0.00375,0.087139,0.078342,0.102571,0.011837,0.310994,0.018237,,1576700,,
0,0,,0.495812,0.018164,0,0.002245,0.012203,0.099538,0.066598,0.015297,0.269928,0.020214,,1589100,,
0,5,,0.364223,0.01642,0.007151,0.006202,0.018344,0.366935,0.023439,0.005259,0.181603,0.010423,,1584100,,
0,0,,0.499489,0.01869,0.004151,0.005614,0.013295,0.172443,0.022439,0.006277,0.247102,0.010499,,1597300,,
0,0,,0.488663,0.01474,0.003791,0.006651,0.014934,0.171425,0.029628,0.004558,0.255275,0.010336,,1587400,,
0,0,,0.374804,0.01265,0.024706,0.023535,0.028536,0.24404,0.109303,0.022974,0.129573,0.02988,,1573400,,
0,0,,0.463366,0.018473,0.007151,0.009009,0.03963,0.171508,0.02529,0.006039,0.241935,0.017599,,1585200,,
0,0,,0.400639,0.021927,0.004969,0.003256,0.06677,0.115955,0.076597,0.009073,0.238654,0.062159,,1585300,,
0,0,,0.488695,0.019577,0.004125,0.009916,0.015144,0.156911,0.022155,0.005281,0.271391,0.006805,,1581300,,
0,0,,0.371808,0.00912,0.014545,0.023535,0.04383,0.254567,0.108661,0.023615,0.120437,0.02988,,1587100,,
0,0,,0.408241,0.014182,0.004151,0.001231,0.015386,0.305295,0.029866,0.007163,0.198863,0.015622,,1589700,,
0,0,,0.527447,0.01483,0.00074,0.015126,0.011717,0.181005,0.019242,0.003068,0.217015,0.009809,,1585700,,
0,0,,0.373513,0.009714,0.004151,0.003019,0.023535,0.362385,0.019393,0.00598,0.1847,0.013609,,1574300,,
0,8,,0.344607,0.02636,0.013562,0.00375,0.067188,0.049653,0.096958,0.02414,0.353,0.020782,,1599200,,
0,0,,0.410898,0.0301,0.004233,0.00186,0.057323,0.140154,0.034172,0.015837,0.240912,0.06451,,1592000,,
0,0,,0.531126,0.001809,0.000708,0.015414,0.014565,0.142221,0.058182,0.000354,0.229303,0.006318,,1595500,,
0,0,,0.487228,0.01351,0.005798,0.002824,0.011665,0.184501,0.025411,0.010854,0.244029,0.01418,,1591500,,
0,0,,0.372659,0.014321,0.003619,0.025556,0.014056,0.337659,0.012798,0.00386,0.191146,0.024328,,1583200,,
0,0,,0.415367,0.017825,0.01278,0,0.070689,0.170128,0.048152,0.012463,0.233986,0.018609,,1573800,,
0,0,,0.39165,0.004661,0,0.024785,0.008698,0.302742,0.072415,0.001119,0.164938,0.028993,,1575900,,
0,0,,0.395368,0.014609,0.006062,0.003556,0.040693,0.182863,0.030362,0.011268,0.274955,0.040265,,1585200,,
0,0,,0.393534,0.01371,0.000333,0.005828,0.005414,0.074669,0.124394,0.014597,0.318773,0.048748,,1580500,,
0,0,,0.447498,0.022145,0.007921,0.005818,0.027744,0.191634,0.026016,0.008255,0.250506,0.012463,,1581400,,
0,0,,0.386133,0.017867,0.005563,0.005614,0.015558,0.340967,0.022674,0.006224,0.187898,0.011503,,1617400,,
0,0,,0.420788,0.023879,0.004233,0.008421,0.034006,0.220009,0.046923,0.009801,0.184343,0.047597,,1574100,,
0,0,,0.365982,0.015324,0.023543,0.0087,0.064532,0.061137,0.15708,0.055355,0.192063,0.056284,,1574200,,
0,0,,0.494266,0.018072,0.003619,0.010441,0.014705,0.180846,0.021968,0.004968,0.240547,0.010569,,1583800,,
0,0,,0.467455,0.006078,0.013846,0.026263,0.014991,0.11707,0.116633,0.019581,0.197485,0.020599,,1580100,,
0,0,,0.553332,0.013323,0.016586,0.014371,0.009186,0.115813,0.050015,0.012821,0.20916,0.005392,,1584400,,
0,0,,0.362822,0.018589,0.016208,0.014584,0.046428,0.166309,0.104307,0.036794,0.180752,0.053207,,1579400,,
0,0,,0.367294,0.011147,0.000333,0.024202,0.004802,0.317247,0.072415,0.001452,0.172757,0.028351,,1590700,,
0,0,,0.36219,0.016975,0.021182,0.001489,0.049053,0.292894,0.035768,0.02818,0.187341,0.004927,,1586900,,
0,0,,0.528636,0.014564,0.003619,0.004373,0.010719,0.175817,0.025848,0.002161,0.226739,0.007525,,1616000,,
0,0,,0.480295,0.012935,0.002111,0.030087,0.007593,0.191435,0.012798,0.002817,0.237309,0.02262,,1607800,,
0,0,,0.45546,0.014675,0,0.006411,0.00931,0.289814,0.083097,0.00129,0.125037,0.014906,,1623200,,
0,4,,0.000952,0.042572,0.083063,0.017872,0.266845,0.018114,0.160262,0.225327,0.099056,0.085937,,1601200,,
0,0,,0.366277,0.02494,0.018947,0.009412,0.042148,0.057861,0.115108,0.031377,0.183179,0.15075,,1621300,,
0,0,,0.434926,0.012782,0.008335,0,0.05526,0.129309,0.013206,0.010001,0.267131,0.06905,,1736200,,
0,0,,0.510443,0.009607,0.001778,0.031535,0.007425,0.174386,0.012798,0.002472,0.230029,0.019527,,1591700,,
0,0,,0.512335,0.010066,0.005798,0.012099,0.012268,0.174871,0.028061,0.003235,0.231318,0.009949,,1579900,,
0,0,,0.326036,0.006289,0.036522,0.023535,0.068969,0.211566,0.086131,0.023679,0.158433,0.058839,,1595300,,
0,0,,0.422935,0.009646,0.007522,0.027222,0.053545,0.180688,0.02966,0.009236,0.233309,0.026238,,1979600,,
0,0,,0.569198,0.013803,0.002018,0.008584,0.024619,0.119798,0.034909,0.002188,0.223428,0.001455,,1582900,,
0,0,,0.487315,0.012894,0.003619,0.00602,0.01285,0.184362,0.034899,0.002161,0.244329,0.011551,,1595800,,
0,0,,0.498917,0.014842,0.005563,0.003019,0.01668,0.174704,0.019628,0.004274,0.251583,0.010789,,1585300,,
0,0,,0.507374,0.00878,0.000748,0.031012,0.00548,0.144153,0.046843,0.001119,0.233688,0.020804,,1588600,,
0,8,,0.33462,0.016963,0.002995,0.004419,0.022638,0.087709,0.019031,0.020334,0.437377,0.053913,,1603100,,
0,4,,0.119328,0.099925,0.013333,0.088889,0.226812,0.050123,0.106835,0.144962,0.047824,0.101969,,1592800,,
0,8,,0.270001,0.025939,0.044571,0.005714,0.074513,0.013193,0.057714,0.074727,0.368504,0.065123,,1593600,,
0,0,,0.52228,0.006074,0.000708,0.01116,0.016051,0.156072,0.038422,0.001863,0.241511,0.005858,,1607300,,
0,0,,0.481531,0.012933,0.003619,0.025556,0.011376,0.188824,0.012798,0.00328,0.236141,0.023942,,1595200,,
0,8,,0.125872,0.013345,0.024654,0.005366,0.140829,0.024859,0.227648,0.128741,0.286799,0.021887,,1605800,,
0,0,,0.475299,0.014171,0.001892,0.029557,0.014265,0.182123,0.012798,0.003332,0.243613,0.02295,,1597800,,
0,5,,0.388127,0.013194,0.00622,0.003852,0.015977,0.392866,0.032778,0.002126,0.126192,0.018668,,1711700,,
0,0,,0.321499,0.032135,0.014479,0.004576,0.056258,0.081999,0.092771,0.028002,0.315375,0.052907,,1621500,,
0,0,,0.563811,0.012884,0.00652,0.0064,0.024642,0.137275,0.026021,0.007788,0.174257,0.040403,,1592200,,
0,5,,0.286913,0.017607,0.00652,0.006809,0.043181,0.410321,0.011538,0.013915,0.184246,0.018952,,1595000,,
1,1,,0.02402,0.355208,0.038199,0.019717,0.149811,0.026913,0.112273,0.109666,0.028115,0.136077,,1591500,,
1,4,,0.018168,0.215063,0.022626,0.026077,0.220164,0.014084,0.092481,0.163799,0.046981,0.180556,,1632800,,
1,9,,0.013457,0.141633,0.146046,0.082828,0.084821,0.123044,0.118257,0.08479,0.016873,0.188252,,1592800,,
1,2,,0.005776,0.153312,0.367679,0.115764,0.074173,0.066717,0.020417,0.085259,0.024894,0.086008,,1597400,,
1,1,,0.013094,0.353095,0.051193,0.030256,0.144995,0.018223,0.097341,0.121968,0.031351,0.138484,,1593300,,
1,2,,0.006788,0.24621,0.260704,0.195962,0.025383,0.081415,0.010738,0.05075,0.02272,0.099329,,1602500,,
1,2,,0.00808,0.145691,0.334042,0.167256,0.050283,0.09839,0.021152,0.075789,0.017673,0.081645,,1694200,,
1,1,,0.026125,0.355457,0.038562,0.03244,0.129815,0.019502,0.112298,0.119446,0.032722,0.133632,,1761900,,
1,3,,0.012775,0.120101,0.181001,0.283133,0.028075,0.116987,0.010591,0.05194,0.034144,0.161253,,2296600,,
1,3,,0.009507,0.121656,0.177463,0.285099,0.026378,0.116165,0.015991,0.0551,0.034767,0.157873,,2254900,,
1,2,,0.009283,0.200934,0.298953,0.18635,0.020436,0.082544,0.020837,0.062132,0.032395,0.086136,,2269000,,
1,1,,0.021119,0.32497,0.017964,0.041725,0.142681,0.03329,0.105894,0.115343,0.031675,0.165338,,2264700,,
1,9,,0.02273,0.224867,0.11056,0.045026,0.043356,0.09584,0.094883,0.102012,0.030161,0.230566,,2573000,,
1,2,,0.006127,0.127272,0.31373,0.190908,0.019512,0.105798,0.008029,0.078179,0.022064,0.128381,,5946100,,
1,1,,0.018374,0.45429,0.019805,0.02226,0.087394,0.036586,0.11132,0.100522,0.024562,0.124887,,4049900,,
1,4,,0.031872,0.226822,0.019118,0.034283,0.230079,0.01485,0.123585,0.147946,0.034038,0.137408,,1686000,,
1,2,,0.007902,0.159609,0.292925,0.107419,0.054283,0.070111,0.044605,0.12814,0.046904,0.088101,,2157000,,
1,9,,0.014906,0.110437,0.150621,0.218403,0.007271,0.142245,0.004699,0.056926,0.047193,0.247299,,1593700,,
1,1,,0.009622,0.349738,0.061779,0.022702,0.123142,0.038863,0.097256,0.133071,0.027435,0.136392,,2033900,,
1,1,,0.017522,0.461464,0.033042,0.027676,0.105483,0.018183,0.075876,0.101999,0.02434,0.134415,,1921900,,
1,1,,0.012823,0.341301,0.049394,0.021583,0.134857,0.031246,0.123736,0.105269,0.032352,0.147439,,1610800,,
1,1,,0.017443,0.279839,0.032442,0.037301,0.138261,0.058099,0.129582,0.104399,0.023376,0.179258,,1589600,,
1,1,,0.016953,0.420898,0.011948,0.029893,0.085033,0.01785,0.09827,0.135209,0.029247,0.154699,,1582600,,
1,2,,0.009842,0.200479,0.307084,0.169201,0.029741,0.097805,0.0176,0.04993,0.019817,0.0985,,1588800,,
1,1,,0.018671,0.337224,0.022626,0.026077,0.175176,0.015734,0.093487,0.133399,0.024673,0.152933,,2185300,,
1,1,,0.026008,0.29784,0.056345,0.026231,0.070817,0.03722,0.152733,0.076258,0.061859,0.19469,,3395500,,
1,1,,0.026861,0.226121,0.02107,0.023523,0.183079,0.021399,0.122364,0.159286,0.035415,0.180883,,1619600,,
1,1,,0.036022,0.451717,0.022385,0.020269,0.090739,0.019889,0.084951,0.106487,0.030719,0.136821,,1593100,,
1,1,,0.02844,0.345212,0.009184,0.027355,0.155128,0.028238,0.112132,0.114833,0.039185,0.140293,,1586500,,
1,9,,0.016159,0.154675,0.158983,0.162981,0.048051,0.141841,0.019977,0.052042,0.043689,0.201602,,1934800,,
1,4,,0.035798,0.18783,0.017054,0.006251,0.228973,0.011256,0.144527,0.151809,0.05186,0.164643,,2233700,,
1,9,,0.01404,0.148507,0.155687,0.114953,0.075292,0.083403,0.082251,0.143713,0.025543,0.15661,,2211000,,
1,2,,0.008503,0.187157,0.302374,0.148599,0.05512,0.093482,0.017512,0.090733,0.020734,0.075785,,2089000,,
1,1,,0.024553,0.228897,0.027132,0.034912,0.149702,0.022001,0.142263,0.148816,0.039081,0.182643,,1705500,,
1,1,,0.034971,0.448223,0.022385,0.021751,0.096472,0.021349,0.09048,0.100125,0.033539,0.130707,,1716100,,
1,3,,0.036143,0.086398,0.14915,0.308876,0.015834,0.120813,0.030875,0.022877,0.032354,0.19668,,1622000,,
1,2,,0.007335,0.177082,0.327216,0.180675,0.020424,0.091827,0.00782,0.060819,0.024668,0.102136,,1624700,,
1,4,,0.051577,0.181587,0.022695,0.008626,0.202081,0.004158,0.116029,0.168033,0.057416,0.187797,,1585000,,
1,4,,0.040272,0.133253,0.019084,0.00229,0.222857,0.025435,0.108849,0.167926,0.070085,0.209947,,2003200,,
1,3,,0.00759,0.134557,0.178743,0.311776,0.035615,0.097891,0.016376,0.040687,0.030369,0.146396,,2098800,,
1,1,,0.031526,0.239069,0.09454,0.124966,0.021635,0.11722,0.111615,0.079564,0.05053,0.129335,,1688000,,
1,1,,0.020453,0.450868,0.025706,0.016398,0.118416,0.020579,0.077728,0.109527,0.025527,0.1348,,1715300,,
1,4,,0.024322,0.205168,0.018751,0.021913,0.214177,0.020333,0.093187,0.174699,0.031803,0.195648,,1724300,,
1,2,,0.016418,0.222194,0.270577,0.172212,0.035292,0.098448,0.009733,0.045381,0.033894,0.095852,,1647600,,
1,1,,0.007718,0.258691,0.242916,0.103433,0.025913,0.081452,0.013885,0.044253,0.032488,0.18925,,1633000,,
1,2,,0.004236,0.162172,0.283026,0.097023,0.053531,0.075398,0.071596,0.096106,0.062286,0.094627,,1724000,,
1,2,,0.008425,0.226736,0.283907,0.176652,0.023288,0.089487,0.01993,0.054336,0.024891,0.092348,,1735700,,
1,1,,0.02421,0.453579,0.017173,0.033828,0.100847,0.024411,0.0866,0.09866,0.028195,0.132497,,2030600,,
1,3,,0.010113,0.107987,0.164488,0.300779,0.044504,0.094707,0.015041,0.040544,0.037421,0.184417,,2111900,,
1,1,,0.022959,0.446132,0.024472,0.019053,0.111543,0.018419,0.075876,0.109199,0.028443,0.143903,,1783200,,
1,2,,0.00985,0.106353,0.22736,0.170908,0.078101,0.077827,0.04852,0.079488,0.06995,0.131644,,1704300,,
1,2,,0.00929,0.175013,0.245694,0.101848,0.02,0.116622,0.011536,0.055963,0.032027,0.232007,,1653700,,
1,9,,0.020708,0.201429,0.110941,0.070463,0.03749,0.084691,0.098883,0.093144,0.021888,0.260362,,1770200,,
1,1,,0.006962,0.310138,0.034206,0.010525,0.168856,0.009033,0.108864,0.166955,0.037203,0.147257,,1763400,,
1,2,,0.008725,0.082127,0.312682,0.114002,0.049621,0.08727,0.117359,0.075543,0.042439,0.110232,,1669700,,
1,1,,0.021744,0.352538,0.053177,0.022141,0.081652,0.030465,0.13302,0.077096,0.029163,0.199003,,1608800,,
1,9,,0.007791,0.162062,0.11634,0.217835,0.04278,0.109581,0.008193,0.0379,0.054947,0.242573,,1646500,,
1,1,,0.035511,0.22214,0.019432,0.021913,0.170604,0.022435,0.120948,0.154357,0.046868,0.185792,,1696200,,
1,1,,0.01876,0.336346,0.049832,0.04572,0.061239,0.045012,0.145308,0.063956,0.027359,0.206468,,1676100,,
1,1,,0.024338,0.302363,0.031517,0.02635,0.142673,0.027174,0.145912,0.132662,0.026537,0.140472,,1726200,,
1,1,,0.012185,0.348952,0.076401,0.027709,0.122,0.030771,0.097374,0.12365,0.028339,0.132619,,2040300,,
1,1,,0.036906,0.32204,0.029038,0.022669,0.12227,0.016002,0.143261,0.126919,0.036055,0.144841,,2084500,,
1,1,,0.034145,0.446117,0.019805,0.016986,0.088597,0.034695,0.107098,0.097857,0.027089,0.127611,,2009100,,
1,1,,0.023868,0.453911,0.024511,0.022654,0.100197,0.019938,0.081797,0.11391,0.027171,0.132045,,2113500,,
1,9,,0.013839,0.188889,0.174298,0.127558,0.019525,0.119537,0.035299,0.054294,0.028186,0.238577,,1973600,,
1,1,,0.021955,0.340432,0.019118,0.038178,0.14432,0.021464,0.11489,0.120624,0.032414,0.146605,,1949200,,
1,1,,0.024939,0.446086,0.028355,0.030063,0.099008,0.021332,0.088012,0.100751,0.025156,0.136299,,1761600,,
1,2,,0.002533,0.185242,0.272283,0.163333,0.006124,0.108785,0.019079,0.0875,0.022687,0.132433,,1859300,,
1,2,,0.008132,0.204483,0.29708,0.179502,0.017503,0.089945,0.013724,0.047401,0.030457,0.111772,,1826500,,
1,2,,0.011181,0.200027,0.301076,0.183364,0.038828,0.094563,0.015018,0.052467,0.028999,0.074476,,1721600,,
1,2,,0.010762,0.139807,0.321957,0.104378,0.062076,0.067681,0.081486,0.087215,0.048103,0.076536,,2117900,,
1,1,,0.035011,0.447613,0.033042,0.029157,0.093301,0.020041,0.089209,0.08608,0.033816,0.132729,,2206000,,
1,2,,0.005827,0.198518,0.292062,0.155161,0.026493,0.098371,0.016367,0.052225,0.025152,0.129826,,1994000,,
1,1,,0.036687,0.239954,0.038216,0.022636,0.121773,0.07513,0.146624,0.079844,0.033567,0.205569,,1705200,,
1,1,,0.009432,0.358039,0.038117,0.02438,0.159742,0.029011,0.117441,0.116234,0.033794,0.11381,,1768000,,
1,2,,0.005062,0.165075,0.292735,0.139794,0.079764,0.082461,0.033421,0.069605,0.040669,0.091414,,1809300,,
1,2,,0.015845,0.135144,0.280878,0.177718,0.054466,0.097981,0.017978,0.079488,0.0249,0.115601,,2081700,,
1,1,,0.038413,0.327628,0.012139,0.029277,0.149726,0.021945,0.110699,0.117305,0.039348,0.153521,,1627100,,
1,1,,0.014898,0.274489,0.066048,0.007998,0.095783,0.048886,0.135978,0.072227,0.044253,0.239442,,1680700,,
1,2,,0.009415,0.169878,0.328321,0.150202,0.056056,0.086976,0.035352,0.05596,0.018276,0.089565,,1892600,,
1,1,,0.015053,0.208114,0.112934,0.149377,0.021193,0.130011,0.088592,0.085011,0.043902,0.145812,,1761800,,
1,1,,0.011502,0.344856,0.071714,0.025652,0.117613,0.03758,0.100621,0.131141,0.028388,0.130934,,1659400,,
1,1,,0.019575,0.354123,0.034574,0.033053,0.147085,0.019678,0.097341,0.129794,0.025377,0.1394,,2070500,,
1,1,,0.031637,0.450924,0.012971,0.026949,0.092792,0.022911,0.09281,0.103266,0.031049,0.134691,,2427600,,
1,2,,0.00703,0.168973,0.295974,0.104504,0.07707,0.070018,0.036033,0.098637,0.062056,0.079703,,2557100,,
1,1,,0.025194,0.354397,0.029383,0.009384,0.148578,0.006908,0.110182,0.119673,0.0501,0.146199,,2967700,,
1,1,,0.043638,0.261425,0.040438,0.018566,0.117666,0.055699,0.147573,0.095086,0.044615,0.175292,,3177000,,
1,2,,0.003621,0.110583,0.269175,0.126299,0.052755,0.08559,0.05378,0.146565,0.057134,0.094498,,2615400,,
1,1,,0.014257,0.452725,0.041214,0.02073,0.082128,0.040159,0.077144,0.116757,0.0239,0.130986,,2771100,,
1,9,,0.012312,0.153549,0.224969,0.06998,0.038772,0.102382,0.033323,0.028158,0.031481,0.305073,,2710300,,
1,9,,0.0166,0.139413,0.201702,0.157948,0.021145,0.084107,0.026523,0.065838,0.036044,0.25068,,1684000,,
1,2,,0.026014,0.089283,0.262172,0.109159,0.038605,0.078875,0.132228,0.109816,0.053509,0.100339,,1733000,,
1,1,,0.017246,0.264138,0.13449,0.166299,0.039561,0.080888,0.088303,0.069889,0.025703,0.113483,,1667200,,
1,2,,0.010102,0.163173,0.298889,0.105789,0.068952,0.077826,0.049811,0.104622,0.041852,0.078983,,1585000,,
1,1,,0.014348,0.246105,0.184425,0.177461,0.051661,0.06272,0.063673,0.071565,0.029269,0.098773,,1656700,,
1,1,,0.021908,0.238035,0.040508,0.030994,0.181125,0.022959,0.105043,0.164656,0.036092,0.15868,,2038600,,
1,2,,0.004492,0.141938,0.340686,0.189846,0.043902,0.10922,0.014015,0.058161,0.036544,0.061198,,1721300,,
1,1,,0.03878,0.242293,0.180862,0.165819,0.061453,0.073371,0.065279,0.062094,0.030451,0.079599,,2744700,,
1,2,,0.008589,0.213346,0.301292,0.171984,0.025538,0.114329,0.00672,0.058006,0.021897,0.078298,,3124700,,
1,1,,0.031595,0.300983,0.028546,0.009171,0.148632,0.028433,0.128,0.117031,0.033801,0.173807,,3171700,,
1,1,,0.017008,0.244764,0.180027,0.18272,0.062215,0.079619,0.057137,0.060325,0.026014,0.090171,,2759300,,
1,1,,0.032439,0.449658,0.02342,0.022097,0.092733,0.023384,0.092777,0.098363,0.030329,0.134799,,2785000,,
1,2,,0.01112,0.177636,0.333162,0.182113,0.015797,0.092476,0.004875,0.066827,0.017076,0.098917,,4246600,,
1,1,,0.019747,0.350752,0.034921,0.012848,0.167065,0.033316,0.100977,0.124427,0.024687,0.131262,,6053400,,
1,2,,0.011839,0.227083,0.243882,0.154339,0.034975,0.091908,0.023861,0.048921,0.040068,0.123124,,2603400,,
1,1,,0.027257,0.311625,0.025665,0.053054,0.095541,0.03723,0.149066,0.121683,0.031595,0.147285,,3002800,,
1,2,,0.028243,0.112824,0.208965,0.202411,0.039518,0.130959,0.057204,0.04774,0.04154,0.130597,,3266100,,
1,2,,0.017794,0.116939,0.2887,0.15615,0.04418,0.061313,0.098808,0.088615,0.050734,0.076766,,3660200,,
1,1,,0.03469,0.452509,0.016468,0.027858,0.092003,0.018344,0.092099,0.0936,0.035957,0.136472,,3280800,,
1,9,,0.009797,0.146028,0.200503,0.158345,0.043977,0.13078,0.014192,0.039159,0.03497,0.222247,,3016600,,
1,1,,0.013107,0.355232,0.050771,0.021913,0.122066,0.016492,0.099263,0.143496,0.039359,0.1383,,2852900,,
1,1,,0.056128,0.222867,0.031677,0.019291,0.147564,0.00653,0.141122,0.163696,0.056559,0.154564,,2867700,,
1,1,,0.019388,0.340029,0.052495,0.045356,0.053166,0.042249,0.147322,0.067424,0.026204,0.206367,,2824000,,
1,1,,0.023356,0.445869,0.015758,0.0358,0.10947,0.021484,0.078543,0.109948,0.028085,0.131687,,2965100,,
1,2,,0.008762,0.140487,0.28076,0.197049,0.018778,0.106892,0.015269,0.054858,0.030615,0.14653,,2770000,,
1,1,,0.011376,0.343407,0.061268,0.033075,0.125107,0.045332,0.100177,0.135509,0.022744,0.122004,,3311800,,
1,1,,0.018344,0.24177,0.022662,0.012302,0.126783,0.080886,0.148394,0.138552,0.035462,0.174844,,2840300,,
1,1,,0.014634,0.264922,0.130171,0.181122,0.023194,0.0779,0.084848,0.066663,0.029111,0.127435,,2513300,,
1,1,,0.023915,0.239548,0.018106,0.02831,0.161473,0.022511,0.123568,0.153612,0.042425,0.186532,,2760500,,
1,2,,0.005894,0.147983,0.26084,0.206883,0.023163,0.107296,0.017034,0.066052,0.023029,0.141826,,2395300,,
1,1,,0.019987,0.3619,0.032745,0.028149,0.149431,0.015232,0.11647,0.11432,0.028568,0.133197,,2234800,,
1,1,,0.014696,0.342554,0.022993,0.021913,0.167382,0.021595,0.092666,0.131296,0.038183,0.146723,,3006100,,
1,1,,0.025993,0.257696,0.052571,0.030953,0.068052,0.054441,0.161485,0.094395,0.038088,0.216325,,2257500,,
1,2,,0.006719,0.236949,0.25112,0.156732,0.022906,0.101213,0.019174,0.050646,0.027971,0.12657,,2437900,,
1,2,,0.005952,0.177966,0.278974,0.210148,0.023927,0.115058,0.018706,0.055434,0.033259,0.080577,,2572400,,
1,1,,0.016441,0.345692,0.043242,0.019949,0.165577,0.025249,0.11703,0.120755,0.020707,0.125359,,2338900,,
1,1,,0.02768,0.451853,0.022186,0.018682,0.09965,0.017525,0.078182,0.101938,0.03569,0.146613,,2000400,,
1,1,,0.02277,0.451573,0.022281,0.016629,0.121334,0.023562,0.085036,0.105407,0.024357,0.127049,,2325400,,
1,1,,0.024975,0.444688,0.019329,0.02645,0.117282,0.021266,0.078258,0.101787,0.031112,0.134855,,2309200,,
1,1,,0.020007,0.224159,0.027132,0.0255,0.187919,0.025587,0.118154,0.153522,0.032969,0.185051,,2040800,,
1,1,,0.021118,0.328806,0.012844,0.032935,0.185062,0.016571,0.090625,0.130996,0.033067,0.147976,,1951800,,
1,1,,0.014999,0.209848,0.097215,0.131902,0.023787,0.135938,0.096117,0.097908,0.045956,0.146329,,1938600,,
1,1,,0.031633,0.437608,0.013513,0.032951,0.09289,0.029579,0.106483,0.089765,0.029914,0.135662,,1934700,,
1,1,,0.027055,0.238657,0.020734,0.007709,0.147699,0.063051,0.151133,0.151742,0.027921,0.1643,,1956700,,
1,1,,0.023065,0.344708,0.019091,0.016279,0.16227,0.02193,0.109873,0.123154,0.028659,0.150971,,1954600,,
1,1,,0.035534,0.349326,0.017581,0.02645,0.15956,0.019686,0.095706,0.115444,0.034958,0.145755,,1951700,,
1,1,,0.022297,0.225741,0.021643,0.033158,0.10685,0.050787,0.161584,0.113534,0.046748,0.217657,,1981800,,
1,1,,0.022979,0.448219,0.012971,0.02603,0.11577,0.02146,0.081301,0.116046,0.024781,0.130444,,2025600,,
1,3,,0.014268,0.127816,0.181392,0.303045,0.020422,0.101375,0.014632,0.05522,0.030402,0.151428,,1934100,,
1,1,,0.031288,0.247114,0.054768,0.015679,0.125296,0.050961,0.125165,0.09658,0.046008,0.207141,,1966900,,
1,1,,0.04517,0.246927,0.035552,0.015077,0.109477,0.046545,0.16934,0.126037,0.034746,0.171127,,2909600,,
1,3,,0.006182,0.089924,0.232401,0.249203,0.074173,0.087985,0.018558,0.089563,0.034089,0.117922,,6507700,,
1,1,,0.014425,0.301741,0.038108,0.031314,0.155412,0.01318,0.122611,0.103096,0.025899,0.194215,,1905800,,
1,1,,0.015183,0.321797,0.034563,0.011358,0.142723,0.006198,0.108982,0.181185,0.035407,0.142603,,1629900,,
1,1,,0.027387,0.352757,0.055201,0.022654,0.089379,0.02597,0.129849,0.09161,0.035855,0.169337,,1581900,,
1,9,,0.017908,0.116939,0.186597,0.154019,0.045453,0.122431,0.039162,0.051427,0.032994,0.233071,,1615800,,
1,1,,0.014152,0.284482,0.111762,0.043148,0.079154,0.058012,0.130872,0.064147,0.018828,0.195443,,2582400,,
1,2,,0.005952,0.177031,0.285919,0.211025,0.022927,0.113366,0.020808,0.059063,0.024026,0.079884,,2327000,,
1,3,,0.004408,0.093413,0.211169,0.306235,0.019442,0.123684,0.005098,0.082008,0.025207,0.129335,,2347400,,
1,1,,0.014337,0.193949,0.101945,0.15944,0.023407,0.119955,0.096321,0.08858,0.040975,0.161091,,3033800,,
1,1,,0.012968,0.261631,0.048571,0.017188,0.087616,0.083051,0.134961,0.078595,0.034052,0.241366,,2602700,,
