pendigits,CWE,test,1,NANOSECONDS,PREDICTIONS, Generated by ClassifierExperiments.java on 2022-05-16 23:13:42.    SYSTEMPROPERTIES:{user.name:matth,os.arch:amd64,os.name:Windows 10},ENDSYSTEMPROPERTIES
No parameter info
0.5229441163107679,2462509600,3577740500,-1,83206224,10,,-1,-1
0,0,,0.47073,0.01922,0.011589,0.004706,0.026225,0.17047,0.013152,0.010275,0.262714,0.01092,,1773200,,
0,8,,0.110471,0.022913,0.036675,0.021895,0.077735,0.012855,0.152277,0.108062,0.432422,0.024695,,1631600,,
0,0,,0.407496,0.023247,0.008646,0.003158,0.038245,0.126951,0.015027,0.023555,0.286264,0.06741,,1593800,,
0,0,,0.469124,0.010556,0.007553,0.027826,0.01525,0.175505,0.011048,0.006,0.248191,0.028947,,1606800,,
0,0,,0.48297,0.010684,0.004163,0.009945,0.027579,0.178457,0.009489,0.008553,0.256092,0.012067,,1587800,,
0,0,,0.48517,0.007983,0.009676,0.014953,0.015678,0.138589,0.054772,0.019196,0.242228,0.011755,,1618700,,
0,0,,0.414501,0.021249,0.039855,0.024156,0.058126,0.051246,0.039748,0.05892,0.194957,0.097243,,1579000,,
0,0,,0.412603,0.010781,0.036024,0.025723,0.046351,0.102051,0.088336,0.033091,0.204554,0.040485,,1578500,,
0,0,,0.477358,0.0146,0.011589,0.005106,0.023989,0.170501,0.023248,0.006291,0.254785,0.012533,,1575100,,
0,0,,0.481292,0.01158,0.0025,0.011,0.024507,0.255883,0.019102,0.010526,0.163381,0.020228,,1567900,,
0,0,,0.456224,0.027613,0.011553,0.001304,0.033926,0.120674,0.023329,0.008254,0.270542,0.046581,,1588700,,
0,0,,0.460557,0.004075,0.002182,0.040092,0.019084,0.165508,0.050486,0.001444,0.235253,0.02132,,1574600,,
0,5,,0.352409,0.018474,0.011647,0.003333,0.028333,0.407681,0.023689,0.013435,0.118985,0.022013,,1608700,,
0,0,,0.459039,0.030929,0.014948,0,0.0336,0.23517,0.017888,0.011442,0.155203,0.041781,,1575000,,
0,0,,0.471511,0.009623,0.009549,0.01558,0.014772,0.179156,0.032116,0.008449,0.252697,0.006547,,1607800,,
0,0,,0.291378,0.007291,0.035,0.025183,0.061308,0.246406,0.080406,0.027161,0.169309,0.056558,,1656700,,
0,0,,0.446361,0.017039,0.016789,0.000172,0.03653,0.165101,0.028291,0.016304,0.255874,0.017539,,1583900,,
0,5,,0.315254,0.029563,0.015153,0,0.038486,0.342198,0.017111,0.010807,0.209189,0.02224,,1588500,,
0,0,,0.380764,0.015887,0.012918,0,0.035056,0.368508,0.022646,0.017349,0.128088,0.018784,,1650600,,
0,0,,0.444974,0.006378,0.016923,0.028819,0.034122,0.123377,0.096752,0.01764,0.200383,0.030633,,1604200,,
0,5,,0.341363,0.016695,0.011406,0.008596,0.020118,0.387039,0.01896,0.003339,0.176589,0.015895,,1595100,,
0,5,,0.292484,0.009154,0.02129,0.026473,0.03592,0.332682,0.100164,0.02104,0.125029,0.035765,,1607600,,
0,5,,0.342225,0.019474,0.010241,0.005899,0.021614,0.378832,0.017841,0.011805,0.168575,0.023494,,1657800,,
0,5,,0.320856,0.039858,0.012184,0.002424,0.023665,0.347421,0.009044,0.019924,0.212173,0.01245,,1680700,,
0,5,,0.339092,0.014879,0.014507,0,0.035775,0.393003,0.024972,0.012313,0.151628,0.013831,,1606000,,
0,5,,0.341572,0.00922,0.001616,0.020606,0.021279,0.427098,0.059505,0,0.099117,0.019986,,1667400,,
0,5,,0.323195,0.02879,0.015148,0.0002,0.039432,0.383386,0.027702,0.012042,0.158609,0.011497,,1583800,,
0,0,,0.394352,0.022322,0.004211,0.006785,0.032019,0.162905,0.060961,0.035247,0.261341,0.019857,,1644600,,
0,0,,0.469074,0.010228,0.018003,0.013141,0.021562,0.127362,0.023605,0.015004,0.29823,0.003791,,1621000,,
0,5,,0.335072,0.009453,0.009549,0.031619,0.016409,0.397527,0.010308,0.005738,0.160606,0.02372,,1588800,,
0,0,,0.467432,0.011735,0.008254,0.005516,0.02756,0.172325,0.026587,0.005744,0.26623,0.008616,,1584600,,
0,0,,0.42643,0.014331,0.001212,0.006636,0.010687,0.082311,0.115119,0.021425,0.262935,0.058914,,1606100,,
0,0,,0.474795,0.01463,0.008254,0.008046,0.016282,0.177221,0.024789,0.006199,0.259986,0.009797,,1582100,,
0,0,,0.384781,0.022799,0.005126,0.013667,0.046609,0.039618,0.113923,0.051709,0.311883,0.009885,,1586300,,
0,0,,0.542611,0.032228,0.011262,0.000526,0.018974,0.114722,0.022514,0.019005,0.188574,0.049584,,1633600,,
0,0,,0.507015,0.009562,0.001969,0.028915,0.017241,0.076724,0.027059,0.003202,0.276328,0.051985,,1583000,,
0,0,,0.468949,0.007676,0.001616,0.041344,0.016702,0.147107,0.060011,0.006507,0.225469,0.024619,,1604300,,
0,8,,0.157643,0.034822,0.041575,0.025183,0.066346,0.010258,0.061158,0.110686,0.443369,0.048961,,1599100,,
0,0,,0.490915,0.024368,0.004619,0.002222,0.033228,0.133205,0.03952,0.028961,0.225906,0.017056,,1572500,,
0,0,,0.411396,0.025328,0.010353,0,0.062857,0.219792,0.010813,0.015169,0.184119,0.060172,,1577500,,
0,8,,0.07006,0.013056,0.032533,0.028135,0.093978,0.013162,0.166429,0.221628,0.345764,0.015253,,1638000,,
0,0,,0.47778,0.012552,0.001379,0.038516,0.014206,0.180977,0.009848,0.002284,0.24094,0.021518,,1597400,,
0,0,,0.476017,0.012507,0.008423,0.010777,0.022643,0.169507,0.013722,0.008351,0.263772,0.014281,,1584000,,
0,0,,0.471281,0.007784,0.001835,0.02529,0.019376,0.148872,0.08182,0.009218,0.226471,0.008054,,1654700,,
0,0,,0.488673,0.010758,0.004317,0.012214,0.019236,0.16742,0.023371,0.005542,0.258224,0.010244,,1584300,,
0,0,,0.462847,0.011922,0.000833,0.038933,0.015363,0.177396,0.039334,0.000717,0.228568,0.024087,,1612300,,
0,0,,0.479375,0.010757,0.004163,0.008435,0.032423,0.177686,0.022368,0.004218,0.250297,0.010277,,1611700,,
0,0,,0.433305,0.040347,0.012985,0.002159,0.028699,0.162382,0.015627,0.01653,0.272861,0.015105,,1578700,,
0,0,,0.424691,0.01872,0.014948,0.008,0.027693,0.219037,0.034174,0.009834,0.190067,0.052837,,1585000,,
0,5,,0.308463,0.010191,0.011836,0.037441,0.018788,0.400178,0.023954,0.006134,0.158212,0.024803,,1780700,,
0,0,,0.464911,0.007845,0.004237,0.039163,0.021226,0.183207,0.009848,0.002377,0.245124,0.022062,,1649100,,
0,0,,0.454816,0.034271,0.010353,0.002951,0.026297,0.1155,0.014893,0.021033,0.273773,0.046113,,1638400,,
0,0,,0.496934,0.012409,0.00343,0.02052,0.02141,0.159895,0.024295,0.003236,0.249058,0.008814,,1579600,,
0,5,,0.330912,0.025463,0.011553,0.003721,0.030469,0.373825,0.014614,0.014149,0.163996,0.031298,,1670300,,
0,0,,0.379309,0.023014,0.002872,0.003182,0.043158,0.108203,0.03046,0.022066,0.269547,0.118189,,1601400,,
0,7,,0.070858,0.060418,0.018033,0.118107,0.080946,0.040649,0.127836,0.292264,0.133506,0.057383,,1575400,,
0,7,,0.013169,0.014307,0.053794,0.025935,0.187126,0.018216,0.209398,0.274839,0.194558,0.008659,,1575900,,
0,0,,0.455364,0.029456,0.013989,0.003243,0.034108,0.082734,0.009273,0.032489,0.32349,0.015851,,1630500,,
0,0,,0.468688,0.007085,0.001159,0.01256,0.013594,0.129736,0.11763,0.018857,0.216648,0.014042,,1593100,,
0,0,,0.480352,0.008276,0.004317,0.012372,0.02176,0.170258,0.031572,0.002685,0.260361,0.008047,,1600700,,
0,8,,0.213278,0.046924,0.046183,0.051944,0.057918,0.076388,0.038108,0.02979,0.395721,0.043747,,1574700,,
0,0,,0.469231,0.007388,0.001212,0.040536,0.00887,0.176334,0.039334,0.000717,0.231567,0.02481,,1590300,,
0,5,,0.352852,0.008405,0.010702,0.011675,0.016899,0.417789,0.04058,0.007065,0.115124,0.018911,,1722200,,
0,0,,0.474858,0.021867,0.007909,0.000444,0.031289,0.167254,0.014151,0.009144,0.261128,0.011956,,1599500,,
0,0,,0.429816,0.025421,0.016923,0.007502,0.026744,0.151745,0.115965,0.018798,0.150342,0.056744,,1591600,,
0,0,,0.361554,0.011584,0,0.006944,0.018502,0.085933,0.11763,0.018857,0.355065,0.023931,,1589600,,
0,0,,0.409846,0.02153,0.011262,0.003243,0.049042,0.126338,0.014186,0.025961,0.281785,0.056806,,1583600,,
0,0,,0.455849,0.014376,0.012328,0.007273,0.033378,0.165817,0.034265,0.00746,0.255471,0.013784,,1601800,,
0,0,,0.506433,0.007044,0.001212,0.023158,0.01904,0.140793,0.058015,0.007067,0.229453,0.007783,,1599800,,
0,0,,0.453461,0.008558,0.00381,0.018758,0.016822,0.193442,0.05192,0.002923,0.240639,0.009668,,1575600,,
0,0,,0.518089,0.007388,0.015406,0.040536,0.015601,0.121868,0.022099,0.014911,0.221793,0.02231,,1582900,,
0,0,,0.477908,0.009557,0.00381,0.009945,0.031272,0.154078,0.050128,0.00767,0.244019,0.011614,,1588500,,
0,0,,0.4689,0.015018,0.009584,0.002829,0.019643,0.168142,0.033919,0.008856,0.259834,0.013275,,1604000,,
0,0,,0.345777,0.030999,0.038037,0.012545,0.062248,0.105203,0.060325,0.090356,0.241558,0.012951,,1592400,,
0,8,,0.348169,0.019331,0.002164,0.005405,0.020663,0.128664,0.031023,0.025263,0.398406,0.020911,,1578700,,
0,0,,0.421486,0.005418,0.00984,0.014401,0.048787,0.110724,0.133649,0.025882,0.209087,0.020725,,1601200,,
0,0,,0.481351,0.012927,0.00739,0.013656,0.01639,0.170774,0.033243,0.003284,0.249408,0.011576,,1601800,,
0,0,,0.409615,0.007647,0.004237,0.023123,0.021923,0.372407,0.031657,0.005088,0.11921,0.005094,,1594400,,
0,5,,0.311561,0.038884,0.015639,0.004664,0.029556,0.376561,0.0313,0.008583,0.170839,0.012413,,1580800,,
0,5,,0.355624,0.010359,0.002185,0.027463,0.0111,0.386814,0.031657,0.004311,0.159669,0.010818,,1619600,,
0,0,,0.442642,0.009112,0.002188,0.041329,0.019229,0.21873,0.015386,0.0016,0.184449,0.065334,,1600100,,
0,0,,0.380446,0.011185,0.010681,0.003554,0.025324,0.335686,0.019805,0.008877,0.183971,0.020471,,1618500,,
0,0,,0.371081,0.014181,0.010853,0.005106,0.021745,0.321292,0.02595,0.007863,0.210328,0.011599,,1630300,,
0,0,,0.383368,0.012438,0.011075,0.025183,0.017495,0.341374,0.014348,0.007519,0.158776,0.028425,,1592700,,
0,0,,0.461354,0.02258,0.009584,0.001538,0.025864,0.16338,0.016566,0.01365,0.270518,0.014966,,1632600,,
0,0,,0.463044,0.013268,0.00354,0.022694,0.022559,0.149438,0.070729,0.005506,0.245922,0.003301,,1592500,,
0,0,,0.338589,0.028067,0.011422,0,0.04172,0.311576,0.030656,0.015446,0.211679,0.010847,,1581700,,
0,0,,0.361637,0.010288,0,0.009518,0.019827,0.093078,0.103439,0.020261,0.357296,0.024657,,1585600,,
0,0,,0.467477,0.007566,0.004237,0.039163,0.015865,0.182129,0.009848,0.002377,0.246949,0.02439,,1617100,,
0,0,,0.484151,0.009774,0.003743,0.017567,0.018167,0.177685,0.024295,0.003575,0.253845,0.007197,,1592400,,
0,0,,0.480042,0.010176,0.014507,0.007059,0.017209,0.169057,0.027911,0.006667,0.253882,0.01349,,1573300,,
0,0,,0.448539,0.009054,0.001212,0.040536,0.01437,0.161484,0.060011,0.006507,0.233311,0.024977,,1581200,,
0,5,,0.328262,0.009154,0,0.026473,0.022973,0.346337,0.073311,0.033027,0.118031,0.042431,,1644600,,
0,0,,0.329629,0.00981,0.016923,0.00906,0.030034,0.319271,0.115965,0.018279,0.130629,0.020401,,1590600,,
0,0,,0.454893,0.010335,0.001026,0.038516,0.018078,0.183892,0.039334,0.001401,0.230598,0.021929,,1583200,,
0,5,,0.328553,0.014488,0.007909,0.000444,0.031519,0.39385,0.015018,0.015977,0.174968,0.017272,,1576900,,
0,0,,0.288622,0.012494,0.012754,0.005995,0.033802,0.2864,0.141901,0.019012,0.172215,0.026805,,1588600,,
0,0,,0.46046,0.010966,0.008423,0.028341,0.016295,0.185516,0.010199,0.003354,0.251548,0.024899,,1599700,,
0,0,,0.454433,0.047427,0.013548,0.00022,0.02532,0.237406,0.018108,0.012407,0.156486,0.034645,,1583200,,
0,4,,0.009503,0.046516,0.063278,0.013144,0.269455,0.012788,0.183109,0.246696,0.088927,0.066583,,1581800,,
0,0,,0.467566,0.008436,0.01048,0.017532,0.019777,0.173378,0.028192,0.005914,0.255492,0.013233,,1603400,,
0,0,,0.474418,0.013987,0.008254,0.005273,0.021999,0.176699,0.024665,0.006903,0.255887,0.011914,,1644900,,
0,0,,0.474139,0.009785,0.005353,0.004927,0.023877,0.17082,0.031593,0.008845,0.259446,0.011216,,1626900,,
0,0,,0.401789,0.025826,0.004845,0.005725,0.047996,0.081442,0.062351,0.034792,0.277744,0.057489,,1577900,,
0,5,,0.317128,0.027459,0.011647,0,0.057483,0.392172,0.004766,0.009449,0.162666,0.017229,,1582000,,
0,0,,0.430667,0.007853,0.010244,0.025304,0.037748,0.108169,0.141871,0.029311,0.202173,0.006661,,1602200,,
0,5,,0.331457,0.027509,0.012767,0.003721,0.020258,0.345257,0.011202,0.013523,0.218567,0.015739,,1638500,,
0,0,,0.483936,0.012694,0.00739,0.008495,0.017201,0.176007,0.027749,0.001994,0.25304,0.011495,,1596100,,
0,0,,0.521869,0.005222,0.018077,0.021981,0.022896,0.121283,0.035527,0.017637,0.228575,0.006934,,1575300,,
0,8,,0.174518,0.037614,0.071077,0.044,0.066792,0.023912,0.090154,0.029125,0.443071,0.019736,,1585700,,
0,0,,0.449393,0.006728,0.003743,0.035691,0.017399,0.175513,0.009848,0.001939,0.274701,0.025046,,1592400,,
0,0,,0.456576,0.003303,0.001835,0.02431,0.019709,0.151606,0.07986,0.005789,0.244115,0.012896,,1603600,,
0,5,,0.3713,0.009105,0,0.028819,0.012469,0.381461,0.04562,0.000717,0.118517,0.031992,,1585300,,
0,0,,0.473609,0.011984,0.002185,0.043503,0.018078,0.171994,0.009848,0.0016,0.244551,0.022647,,1572300,,
0,0,,0.358682,0.015357,0.008254,0.029991,0.020696,0.339231,0.010272,0.004984,0.185745,0.026788,,1602900,,
0,0,,0.373323,0.017951,0.011589,0.001509,0.030856,0.318136,0.011287,0.010038,0.211781,0.01353,,1590200,,
0,5,,0.313987,0.025859,0.010352,0.006206,0.027271,0.341961,0.026375,0.015194,0.217303,0.015491,,1583900,,
0,0,,0.447067,0.036727,0.01897,0.001304,0.042461,0.246299,0.013225,0.014385,0.14218,0.037381,,1588200,,
0,0,,0.380728,0.020719,0.007909,0.007462,0.015522,0.13145,0.017825,0.005842,0.356002,0.05654,,1606400,,
0,5,,0.358947,0.014031,0.001186,0.020768,0.016411,0.389334,0.017381,0.002286,0.163113,0.016543,,1598200,,
0,5,,0.331064,0.021856,0.010853,0.007273,0.024034,0.375649,0.02906,0.009402,0.162476,0.028333,,1610600,,
0,0,,0.352237,0.016541,0.026972,0.009438,0.054459,0.059216,0.118125,0.057451,0.251006,0.054556,,1655000,,
0,5,,0.282948,0.017025,0.013179,0.008,0.024593,0.451747,0.035537,0.010642,0.142932,0.013397,,1617400,,
0,0,,0.358315,0.022439,0.014458,0.000842,0.037171,0.314233,0.01289,0.022595,0.207254,0.009801,,1631200,,
0,0,,0.492299,0.006522,0.000635,0.037246,0.026147,0.136374,0.038603,0.005833,0.231778,0.024561,,1591400,,
0,0,,0.364946,0.017062,0.013326,0.005106,0.018808,0.320634,0.026612,0.009319,0.210979,0.013208,,1584300,,
0,0,,0.488789,0.011449,0.009549,0.007727,0.016527,0.167777,0.030789,0.008892,0.247903,0.0106,,1579700,,
0,0,,0.468672,0.036292,0.008646,0.002937,0.025246,0.083505,0.020656,0.021643,0.282177,0.050226,,1652800,,
0,0,,0.455671,0.004257,0,0.032079,0.024152,0.080331,0.073311,0.030447,0.237597,0.062155,,1587700,,
0,0,,0.386803,0.015488,0.018082,0.006897,0.046249,0.215843,0.105328,0.02504,0.15101,0.029261,,1591200,,
0,0,,0.367685,0.010515,0.018135,0.009212,0.028921,0.254563,0.110179,0.020802,0.160932,0.019055,,1580100,,
0,0,,0.461711,0.00428,0.001212,0.019848,0.035604,0.123411,0.091655,0.03223,0.218382,0.011667,,1648700,,
0,8,,0.347644,0.013229,0.011114,0.012007,0.014238,0.079239,0.050367,0.015136,0.442854,0.014173,,1604300,,
0,0,,0.47417,0.00591,0.004237,0.039163,0.01559,0.176499,0.009848,0.002377,0.248376,0.023831,,1585300,,
0,5,,0.320415,0.023263,0.010053,0.003908,0.029502,0.337383,0.025577,0.017459,0.213272,0.019169,,1586100,,
0,0,,0.483479,0.012442,0.01048,0.005244,0.022366,0.174125,0.016857,0.005191,0.257905,0.011911,,1584100,,
0,0,,0.352337,0.010756,0.000541,0.025723,0.024525,0.09028,0.073311,0.032068,0.309316,0.081143,,1601400,,
0,0,,0.421302,0.027863,0.01321,0,0.027953,0.218653,0.013238,0.020165,0.208126,0.049489,,1592900,,
0,0,,0.540878,0.038687,0.01321,0.004505,0.016988,0.115188,0.031551,0.012262,0.180428,0.046302,,1595800,,
0,0,,0.371128,0.011179,0.002058,0.018687,0.02038,0.31466,0.055687,0.01832,0.173536,0.014364,,1578500,,
0,0,,0.495778,0.006242,0.017934,0.009962,0.03349,0.073935,0.103266,0.037655,0.165814,0.055924,,1806400,,
0,0,,0.348353,0.020387,0.010547,0.007059,0.022274,0.3147,0.038607,0.012672,0.21247,0.012931,,1580100,,
0,0,,0.479845,0.013724,0.00541,0.012175,0.033498,0.170808,0.005276,0.004555,0.266575,0.008134,,1586200,,
0,0,,0.467578,0.011922,0.000833,0.038933,0.015363,0.160837,0.050486,0.000717,0.229244,0.024087,,1588600,,
0,0,,0.47461,0.006641,0.001616,0.041344,0.009678,0.157829,0.050486,0.000717,0.231864,0.025214,,1577400,,
0,5,,0.334077,0.018452,0.009584,0.008205,0.030081,0.392833,0.018865,0.014331,0.159172,0.014398,,1601400,,
0,0,,0.475432,0.014918,0.008423,0.007444,0.021445,0.175059,0.023722,0.005494,0.256989,0.011073,,1585900,,
0,0,,0.471976,0.012204,0.001379,0.038516,0.018586,0.179985,0.009848,0.002284,0.243508,0.021715,,1584600,,
0,5,,0.339837,0.017725,0.008254,0.006411,0.01999,0.393494,0.029555,0.005623,0.166194,0.012918,,1581000,,
0,0,,0.403947,0.014742,0.013548,0.005161,0.021286,0.291843,0.033695,0.008061,0.191616,0.016101,,1633000,,
0,0,,0.443635,0.00951,0,0.012779,0.013237,0.227644,0.061143,0.003429,0.172324,0.0563,,1589200,,
0,0,,0.475015,0.015973,0.014507,0.004286,0.0215,0.166581,0.025217,0.007488,0.257009,0.012425,,1575600,,
0,0,,0.474595,0.007359,0.003743,0.035691,0.023065,0.170148,0.010632,0.002527,0.24987,0.02237,,1612400,,
0,5,,0.328327,0.015274,0.010853,0,0.032524,0.38805,0.019074,0.015804,0.172989,0.017105,,1588200,,
0,5,,0.349722,0.007946,0.004237,0.039163,0.015966,0.418866,0.018771,0.002377,0.109074,0.033878,,1588500,,
0,5,,0.324489,0.018339,0.012184,0.006667,0.03261,0.389669,0.018329,0.015493,0.167593,0.014627,,1578600,,
0,0,,0.455268,0.031371,0.012184,0,0.051315,0.239048,0.009573,0.013073,0.158994,0.029175,,1585600,,
0,0,,0.41585,0.024965,0.010353,0,0.057162,0.218023,0.012903,0.017673,0.1914,0.05167,,1590400,,
0,0,,0.479609,0.013409,0.010241,0.002189,0.022322,0.166133,0.031997,0.005653,0.255041,0.013405,,1581800,,
0,0,,0.423473,0.014711,0.013586,0.035183,0.044891,0.133663,0.075128,0.012939,0.220581,0.025845,,1827700,,
0,5,,0.314014,0.03037,0.016617,0,0.030416,0.392112,0.018975,0.010258,0.166063,0.021175,,1608100,,
0,0,,0.487491,0.007054,0.004163,0.021189,0.016691,0.172461,0.02629,0.004834,0.249166,0.010662,,1592300,,
0,5,,0.224599,0.031965,0.035,0.02407,0.055524,0.378916,0.080336,0.025035,0.108087,0.036469,,1624700,,
0,0,,0.366576,0.016895,0.007131,0.014934,0.060607,0.06276,0.048183,0.031336,0.350856,0.040722,,1581100,,
0,0,,0.508909,0.010719,0.001212,0.010272,0.014929,0.227673,0.064833,0.001356,0.122383,0.037714,,1587300,,
0,0,,0.380137,0.018523,0.010629,0.014422,0.028309,0.188495,0.080767,0.042125,0.183995,0.052597,,1582000,,
0,5,,0.336043,0.010987,0.007553,0.028383,0.018211,0.405697,0.010248,0.006,0.153412,0.023467,,1591100,,
0,0,,0.470295,0.006111,0.004459,0.039545,0.022726,0.170817,0.010305,0.002599,0.244592,0.028552,,1604000,,
0,5,,0.284277,0.026183,0.010458,0.000842,0.033994,0.440034,0.019175,0.006974,0.164341,0.01372,,1604200,,
0,0,,0.496237,0.011181,0.002976,0.04092,0.007806,0.170139,0.009848,0.0016,0.237012,0.02228,,1618500,,
0,5,,0.314269,0.009062,0.015439,0.025754,0.02628,0.332252,0.119835,0.01401,0.103592,0.039507,,1598700,,
0,0,,0.455459,0.015246,0.013997,0.003128,0.030528,0.160412,0.035789,0.014574,0.255321,0.015545,,1599000,,
0,0,,0.474899,0.00903,0.008423,0.028341,0.013833,0.178201,0.010199,0.003354,0.248432,0.025288,,1578000,,
0,5,,0.337397,0.007847,0,0.027683,0.017734,0.36272,0.060011,0.006507,0.14472,0.035382,,1576600,,
0,0,,0.453192,0.016538,0.009584,0.003701,0.042442,0.165388,0.014181,0.015279,0.263895,0.0158,,1633400,,
0,0,,0.45057,0.023169,0.010458,0.000842,0.045695,0.167706,0.025922,0.005935,0.25497,0.014732,,1593600,,
0,0,,0.47497,0.010503,0.01048,0.015285,0.013831,0.176358,0.026623,0.005733,0.252859,0.013358,,1575500,,
0,0,,0.527559,0.013439,0.015219,0.014624,0.020453,0.118991,0.042581,0.018748,0.222884,0.005503,,1581500,,
0,0,,0.481985,0.041907,0.056897,0.060149,0.057349,0.021203,0.027659,0.039637,0.171478,0.041736,,1576200,,
0,7,,0.009859,0.092112,0.07295,0.061165,0.208153,0.034236,0.17353,0.208904,0.031246,0.107845,,1646200,,
0,5,,0.330311,0.012218,0.008423,0.028341,0.019618,0.386067,0.010199,0.003354,0.159514,0.041955,,1615900,,
0,0,,0.467899,0.009442,0.004163,0.033618,0.015116,0.183315,0.009848,0.003233,0.248698,0.024669,,1582800,,
0,0,,0.490969,0.014804,0.0025,0.023754,0.013975,0.159158,0.062062,0.002319,0.219002,0.011457,,1581700,,
0,8,,0.339834,0.017951,0.008688,0.005614,0.070094,0.068538,0.06534,0.036762,0.349455,0.037723,,1601600,,
0,8,,0.103371,0.019992,0.04363,0.032759,0.081955,0.012896,0.053833,0.125652,0.518678,0.007233,,1600400,,
0,0,,0.441549,0.0044,0.012222,0.032079,0.033639,0.135299,0.075128,0.012939,0.226693,0.026051,,1588000,,
0,0,,0.413049,0.021764,0.004033,0.004815,0.044933,0.073726,0.065177,0.025674,0.33648,0.010348,,1579300,,
0,5,,0.339658,0.016865,0.008254,0.005273,0.017522,0.39527,0.023865,0.006703,0.174863,0.011727,,1595400,,
0,0,,0.485884,0.01083,0.00739,0.010392,0.023161,0.173406,0.024295,0.004735,0.250917,0.008989,,1624400,,
0,0,,0.46929,0.008416,0.003743,0.035691,0.014066,0.180421,0.009848,0.001939,0.253569,0.023018,,1583300,,
0,0,,0.465389,0.017957,0.012985,0.009552,0.025692,0.235946,0.029636,0.007117,0.165272,0.030454,,1597300,,
0,0,,0.457312,0.016692,0.018173,0.000187,0.033149,0.165086,0.033343,0.013642,0.245867,0.01655,,1575100,,
0,0,,0.475476,0.00746,0.004317,0.012456,0.028335,0.170504,0.026093,0.004194,0.261855,0.009309,,1583300,,
0,0,,0.337287,0.021546,0.010932,0.003243,0.030303,0.137022,0.019921,0.02178,0.294764,0.123202,,1582100,,
0,0,,0.404952,0.013317,0.003077,0.020479,0.021793,0.316168,0.035439,0.001404,0.171606,0.011767,,1588700,,
0,0,,0.488254,0.005594,0.004317,0.01748,0.019351,0.169138,0.023435,0.002685,0.260187,0.009559,,1566300,,
0,0,,0.423395,0.012399,0.03115,0.005161,0.058524,0.005204,0.082267,0.042832,0.293925,0.045143,,1612200,,
0,0,,0.474527,0.019261,0.007909,0.00473,0.019937,0.167471,0.023815,0.007296,0.261054,0.014,,1608700,,
0,0,,0.468734,0.013086,0.011406,0.014333,0.018039,0.168737,0.028669,0.004454,0.258796,0.013747,,1577800,,
0,0,,0.382138,0.023939,0.011725,0.001593,0.021714,0.329977,0.047192,0.01796,0.153055,0.010705,,1608800,,
0,0,,0.474903,0.01092,0.00739,0.004689,0.022348,0.175557,0.027705,0.007418,0.257005,0.012065,,1572500,,
0,0,,0.480587,0.012413,0.00739,0.008495,0.017921,0.179849,0.027749,0.001994,0.250959,0.012643,,1532800,,
0,0,,0.443793,0.009912,0.012941,0.027632,0.031494,0.104102,0.095259,0.027416,0.215725,0.031726,,1524400,,
0,0,,0.454649,0.016877,0.015153,0.007475,0.027842,0.169412,0.028573,0.007807,0.25925,0.012964,,1532900,,
0,0,,0.474886,0.009819,0.007553,0.012343,0.019146,0.173707,0.032057,0.008711,0.254041,0.007738,,1520700,,
0,0,,0.341912,0.042762,0.014948,0.001633,0.025014,0.316749,0.016051,0.015857,0.214377,0.010697,,1531600,,
0,0,,0.564728,0.013275,0.017602,0.006763,0.023261,0.065377,0.049927,0.046099,0.158661,0.054305,,1552100,,
0,0,,0.435645,0.012859,0.009584,0.025875,0.025026,0.168504,0.017725,0.005852,0.26718,0.031752,,1557500,,
0,0,,0.479534,0.006706,0.001832,0.043503,0.020495,0.157359,0.027906,0.000717,0.238387,0.02356,,1632000,,
0,0,,0.46247,0.007869,0.001364,0.035183,0.018895,0.178293,0.039334,0.000717,0.227924,0.02795,,1689200,,
0,0,,0.443953,0.019387,0.013241,0.007619,0.033038,0.160212,0.024402,0.013169,0.265516,0.019463,,1764800,,
0,8,,0.230637,0.013278,0.021566,0.009865,0.054156,0.037206,0.098989,0.035526,0.456243,0.042534,,1652700,,
0,5,,0.332744,0.02704,0.011262,0.003721,0.017918,0.378032,0.016008,0.016805,0.165587,0.030883,,1677900,,
0,0,,0.467652,0.018309,0.008254,0.005432,0.016815,0.169619,0.032066,0.003846,0.266119,0.011889,,1601300,,
0,0,,0.475017,0.02066,0.011907,0.002566,0.03028,0.16545,0.006174,0.005115,0.273959,0.008872,,1640300,,
0,0,,0.483735,0.012717,0.007909,0.009587,0.017521,0.23916,0.032434,0.007867,0.157042,0.032029,,1601600,,
0,0,,0.489679,0.012728,0.011406,0.006685,0.014484,0.173735,0.022245,0.003638,0.256046,0.009355,,1592100,,
0,0,,0.436282,0.024849,0.015267,0,0.04278,0.166115,0.006075,0.022299,0.273583,0.01275,,1651300,,
0,0,,0.456559,0.023482,0.018082,0.011221,0.036475,0.098773,0.117112,0.025044,0.202552,0.010701,,1770600,,
0,0,,0.391888,0.008982,0.010624,0.011675,0.025136,0.376418,0.040191,0.007131,0.119342,0.008615,,1716200,,
0,0,,0.303335,0.015152,0.010154,0.025183,0.041853,0.278253,0.085752,0.033154,0.169337,0.037828,,1612600,,
0,0,,0.364668,0.023078,0.021767,0.011485,0.049907,0.013348,0.113161,0.057194,0.327953,0.017441,,1606300,,
0,0,,0.460283,0.014243,0.011406,0.001579,0.038886,0.167636,0.009103,0.01225,0.27319,0.011424,,1630600,,
0,0,,0.469496,0.018811,0.008254,0.00826,0.018893,0.174602,0.024254,0.006755,0.262326,0.008349,,1590300,,
0,7,,0.038321,0.016981,0.060042,0.013271,0.170242,0.009522,0.165681,0.263249,0.24668,0.016011,,1586400,,
0,0,,0.390149,0.018594,0.011589,0.003333,0.034926,0.367088,0.01374,0.011913,0.132367,0.0163,,1650000,,
0,0,,0.481167,0.008087,0.003743,0.017567,0.013352,0.175222,0.024295,0.003575,0.262387,0.010606,,2029800,,
0,0,,0.449308,0.006667,0.013056,0.02875,0.039693,0.123158,0.093472,0.014722,0.221569,0.009605,,1625000,,
0,5,,0.316797,0.036107,0.015153,0,0.031307,0.388915,0.008042,0.013592,0.17534,0.014746,,1583800,,
1,1,,0.021665,0.504142,0.008211,0.004648,0.123638,0.006948,0.086364,0.10058,0.020161,0.123646,,1580000,,
1,3,,0.00937,0.081844,0.203541,0.330189,0.036432,0.108642,0.013012,0.037656,0.024083,0.155231,,1596600,,
1,1,,0.031514,0.219712,0.009333,0.005967,0.187785,0.014541,0.138368,0.159973,0.040085,0.192723,,1575000,,
1,3,,0.014752,0.103903,0.20011,0.296094,0.017513,0.134622,0.014378,0.033519,0.028573,0.156537,,1567200,,
1,1,,0.030775,0.323084,0.003291,0.012348,0.191067,0.012069,0.119244,0.119051,0.033062,0.156008,,1575100,,
1,2,,0.018876,0.1853,0.29131,0.176217,0.018421,0.097473,0.016037,0.047857,0.024905,0.123603,,1585700,,
1,2,,0.007814,0.173459,0.305313,0.102581,0.072793,0.074055,0.048897,0.093077,0.035235,0.086777,,1598000,,
1,2,,0.013565,0.16388,0.297471,0.180177,0.028774,0.102039,0.028042,0.052248,0.02543,0.108373,,1624500,,
1,1,,0.01441,0.372951,0.031503,0.009019,0.192874,0.012272,0.112886,0.126,0.01632,0.111766,,1589600,,
1,1,,0.0125,0.31914,0.02,0.001454,0.163851,0.005407,0.131734,0.173102,0.032168,0.140643,,1574900,,
1,1,,0.017758,0.481536,0.008124,0.005076,0.131815,0.015476,0.080509,0.09955,0.020493,0.139661,,1593200,,
1,7,,0.031001,0.136916,0.004324,0.002297,0.224872,0.006056,0.13341,0.233798,0.075284,0.152041,,1590700,,
1,1,,0.018806,0.280036,0.034834,0.032481,0.16135,0.062103,0.129195,0.119296,0.015176,0.146721,,1598900,,
1,2,,0.010759,0.207184,0.275093,0.172886,0.017645,0.098817,0.020262,0.045364,0.027971,0.124021,,1587700,,
1,1,,0.011635,0.277849,0.117801,0.006319,0.11865,0.039289,0.132351,0.112124,0.014876,0.169106,,1585100,,
1,3,,0.017272,0.099883,0.110058,0.365505,0.016338,0.102551,0.0182,0.013639,0.038074,0.218481,,1592600,,
1,2,,0.009799,0.176821,0.287968,0.206817,0.036643,0.099845,0.013873,0.062524,0.022732,0.082977,,1600900,,
1,1,,0.03729,0.339133,0.04714,0.028964,0.064472,0.035878,0.164069,0.060275,0.026125,0.196654,,1584800,,
1,2,,0.007509,0.13651,0.35349,0.199805,0.038565,0.087236,0.030872,0.048241,0.034642,0.063131,,1587800,,
1,1,,0.013975,0.323635,0.033436,0.003778,0.192131,0.024606,0.098391,0.130743,0.029252,0.150051,,1576900,,
1,1,,0.022673,0.25968,0.017865,0.002586,0.176633,0.029147,0.149813,0.137586,0.02392,0.180097,,1586500,,
1,1,,0.013553,0.282885,0.043518,0.001281,0.107691,0.069546,0.144943,0.070026,0.021698,0.244859,,1589700,,
1,1,,0.020686,0.296092,0.037388,0.019368,0.185375,0.015298,0.120331,0.106472,0.021984,0.177008,,1586900,,
1,2,,0.005887,0.172338,0.350314,0.157231,0.042469,0.09054,0.018664,0.060038,0.018858,0.083662,,1594400,,
1,1,,0.011946,0.386044,0.015675,0.007218,0.16803,0.011375,0.127298,0.122739,0.022457,0.127217,,1589000,,
1,1,,0.021948,0.214531,0.007881,0.006392,0.20093,0.01356,0.136744,0.172452,0.033354,0.192209,,1587500,,
1,3,,0.019129,0.083371,0.196243,0.293956,0.020153,0.141792,0.01455,0.055954,0.04434,0.130512,,1587100,,
1,1,,0.022457,0.466915,0.00821,0.005967,0.138377,0.013068,0.08001,0.101022,0.023729,0.140244,,1662100,,
1,1,,0.041085,0.321661,0.003291,0.007788,0.188874,0.017973,0.112675,0.117271,0.03193,0.157452,,1593300,,
1,2,,0.011913,0.224365,0.261381,0.180243,0.016982,0.094847,0.023375,0.046088,0.023859,0.116947,,1587100,,
1,2,,0.01283,0.227591,0.259399,0.179804,0.013271,0.100194,0.023738,0.037494,0.027501,0.118178,,1586800,,
1,1,,0.019634,0.27247,0.043129,0.037701,0.125917,0.067413,0.149411,0.116668,0.026962,0.140695,,1607200,,
1,1,,0.015738,0.306131,0.12597,0.159409,0.040914,0.06715,0.094013,0.071446,0.024824,0.094403,,1587000,,
1,1,,0.014838,0.486813,0.00821,0.005967,0.121224,0.012836,0.082363,0.104062,0.018028,0.145661,,1587700,,
1,2,,0.002226,0.160956,0.31601,0.104215,0.064881,0.076112,0.055079,0.086687,0.035002,0.098832,,1590700,,
1,1,,0.015593,0.321884,0.003832,0.032644,0.182232,0.029935,0.105341,0.117459,0.024141,0.166937,,1603000,,
1,1,,0.008863,0.372115,0.016843,0.00623,0.157341,0.011366,0.129778,0.129328,0.030676,0.13746,,1603700,,
1,1,,0.016168,0.249972,0.120126,0.030794,0.082668,0.054752,0.165615,0.092111,0.020892,0.166902,,1639800,,
1,1,,0.01218,0.242095,0.08971,0.131416,0.031323,0.120784,0.111626,0.079496,0.045099,0.136271,,1587400,,
1,1,,0.007,0.384895,0.018086,0.004661,0.157131,0.009952,0.133367,0.137046,0.026373,0.121489,,1584400,,
1,3,,0.013348,0.114996,0.183851,0.302954,0.010469,0.133618,0.011164,0.043764,0.038827,0.147009,,1588100,,
1,1,,0.019754,0.273835,0.038195,0.043701,0.119943,0.061922,0.151692,0.098134,0.030395,0.162429,,1571700,,
1,4,,0.043271,0.199621,0.003291,0.012856,0.257586,0.012008,0.133167,0.127443,0.046623,0.164135,,1576600,,
1,1,,0.047602,0.218678,0.015924,0.016079,0.188429,0.008001,0.152689,0.169498,0.047256,0.135843,,1567400,,
1,3,,0.007688,0.093335,0.186342,0.28309,0.015567,0.13569,0.019866,0.052675,0.041594,0.164153,,1581400,,
1,4,,0.020981,0.177549,0.007673,0.007461,0.238853,0.015068,0.173686,0.15254,0.032469,0.17372,,1582200,,
1,1,,0.01389,0.326938,0.003377,0.005967,0.233318,0.014247,0.096926,0.119712,0.026929,0.158696,,1581100,,
1,1,,0.021001,0.292217,0.083845,0.013469,0.082399,0.07882,0.095678,0.124572,0.02909,0.178909,,1583200,,
1,4,,0.035969,0.177248,0.004324,0.003069,0.238684,0.008873,0.113928,0.173932,0.044331,0.199642,,1575600,,
1,1,,0.022929,0.217825,0.006814,0.006343,0.190545,0.013144,0.145966,0.16303,0.03116,0.202244,,1609800,,
1,1,,0.027789,0.223794,0.008859,0.007313,0.19491,0.009509,0.139438,0.159832,0.043228,0.185328,,1577600,,
1,2,,0.009432,0.174484,0.333003,0.113657,0.069327,0.074585,0.020223,0.079688,0.025582,0.100017,,1573400,,
1,2,,0.00612,0.152549,0.304594,0.097102,0.050697,0.073708,0.075903,0.084238,0.057034,0.098055,,1559400,,
1,2,,0.010701,0.127076,0.287298,0.197975,0.022659,0.104973,0.0208,0.058662,0.032691,0.137163,,1563700,,
1,3,,0.015999,0.118326,0.193348,0.309332,0.025158,0.125589,0.02407,0.036254,0.028676,0.123249,,1572600,,
1,1,,0.01544,0.261985,0.178675,0.16284,0.046886,0.082215,0.060351,0.059938,0.030312,0.101356,,1581200,,
1,3,,0.007092,0.086119,0.2264,0.280934,0.053995,0.114009,0.019626,0.056089,0.032079,0.123656,,1609700,,
1,2,,0.01133,0.204366,0.257904,0.193865,0.015,0.104361,0.021907,0.053663,0.026219,0.111386,,1577300,,
1,1,,0.034862,0.478677,0.008866,0.00846,0.102426,0.010862,0.09055,0.102455,0.025317,0.137524,,1592700,,
1,2,,0.006513,0.132557,0.381503,0.172686,0.039731,0.082117,0.020577,0.065689,0.038293,0.060333,,1580400,,
1,1,,0.049635,0.316013,0.018154,0.009437,0.138299,0.010551,0.168383,0.121704,0.036619,0.131206,,1581600,,
1,3,,0.013459,0.112555,0.222288,0.275532,0.015581,0.099901,0.015891,0.041941,0.059442,0.14341,,1592800,,
1,9,,0.015557,0.161219,0.130893,0.046204,0.081136,0.078773,0.15154,0.110292,0.013985,0.210401,,1582600,,
1,2,,0.012601,0.131337,0.246188,0.139833,0.00752,0.092468,0.036919,0.067587,0.049216,0.21633,,1577800,,
1,3,,0.01729,0.068325,0.128279,0.346162,0.022737,0.101343,0.022457,0.048206,0.037186,0.208016,,1572200,,
1,1,,0.03411,0.496234,0.007697,0.014115,0.087993,0.012662,0.097901,0.094375,0.025377,0.129536,,1578600,,
1,1,,0.033844,0.282524,0.034993,0.010923,0.160057,0.052963,0.148347,0.117746,0.021505,0.137098,,1568000,,
1,2,,0.012999,0.181127,0.240075,0.117281,0.03118,0.084015,0.014199,0.087377,0.036524,0.195223,,1629400,,
1,2,,0.014511,0.20921,0.266582,0.16553,0.023167,0.096459,0.031806,0.057932,0.025528,0.109275,,1607800,,
1,2,,0.020208,0.165548,0.274108,0.099636,0.060193,0.059624,0.058967,0.099519,0.06743,0.094766,,1608100,,
1,2,,0.008098,0.161843,0.277867,0.100999,0.050827,0.074888,0.102834,0.081902,0.055096,0.085646,,1580600,,
1,2,,0.011606,0.184839,0.29063,0.1613,0.018885,0.096997,0.023744,0.056914,0.030624,0.124461,,1581000,,
1,1,,0.023495,0.230024,0.015865,0.028488,0.146393,0.071361,0.159749,0.103177,0.025372,0.196078,,1595100,,
1,1,,0.015635,0.259534,0.184654,0.179951,0.054645,0.092849,0.055068,0.043602,0.023588,0.090474,,1593800,,
1,1,,0.022475,0.36024,0.04698,0.024258,0.09067,0.033669,0.145041,0.064965,0.019474,0.192228,,1581900,,
1,4,,0.03347,0.1744,0.008075,0.026905,0.202908,0.021123,0.182874,0.145605,0.030733,0.173908,,1582300,,
1,1,,0.013609,0.231357,0.078142,0.035093,0.067298,0.116148,0.093045,0.099543,0.045003,0.220762,,1613800,,
1,1,,0.032155,0.281226,0.034994,0.011478,0.16745,0.051023,0.134881,0.125056,0.029304,0.132433,,1595500,,
1,1,,0.026999,0.248112,0.015138,0.014035,0.137155,0.032957,0.156823,0.159022,0.035552,0.174206,,1581700,,
1,1,,0.029983,0.234323,0.029813,0.007071,0.169122,0.067063,0.149237,0.12877,0.022206,0.162411,,1583700,,
1,4,,0.015313,0.201598,0.006892,0.006998,0.258911,0.011826,0.139107,0.175314,0.026796,0.157245,,1631400,,
1,2,,0.011148,0.169106,0.32869,0.221662,0.01592,0.092119,0.006875,0.050281,0.028086,0.076115,,1583800,,
1,1,,0.010626,0.500448,0.027707,0.005227,0.106328,0.021325,0.08023,0.10777,0.016586,0.123753,,1588700,,
1,1,,0.015663,0.262158,0.17912,0.164247,0.047479,0.088352,0.05189,0.059198,0.028908,0.102986,,1645700,,
1,1,,0.01829,0.24502,0.029337,0.008641,0.182364,0.029183,0.129451,0.153347,0.037885,0.166481,,1643000,,
1,9,,0.02394,0.217685,0.097366,0.010992,0.080173,0.102704,0.100917,0.115002,0.017388,0.233833,,1602400,,
1,1,,0.028987,0.375112,0.016555,0.00914,0.1343,0.012805,0.136772,0.127365,0.037788,0.121177,,1591300,,
1,1,,0.037224,0.238488,0.014911,0.013715,0.190657,0.014308,0.130073,0.173089,0.054724,0.13281,,1588100,,
1,1,,0.033476,0.341281,0.047139,0.026349,0.066545,0.035324,0.170182,0.057762,0.025416,0.196525,,1978900,,
1,1,,0.009425,0.22497,0.208688,0.149992,0.024843,0.071406,0.025192,0.060121,0.030787,0.194576,,2100900,,
1,2,,0.008744,0.166665,0.311224,0.102734,0.06573,0.078869,0.036663,0.084322,0.058979,0.086072,,1937600,,
1,1,,0.018501,0.220663,0.013678,0.004434,0.194627,0.014443,0.136104,0.160823,0.032106,0.20462,,1950200,,
1,2,,0.019228,0.112396,0.288614,0.169404,0.047837,0.06924,0.092985,0.071881,0.045761,0.082654,,1981700,,
1,1,,0.00945,0.379016,0.034319,0.008705,0.184278,0.008405,0.114455,0.133019,0.016394,0.11196,,2022600,,
1,1,,0.022241,0.506505,0.00753,0.006385,0.122303,0.00814,0.08197,0.099725,0.020477,0.124724,,2090000,,
1,1,,0.021805,0.372919,0.016153,0.011164,0.137395,0.007274,0.154619,0.124502,0.031219,0.122951,,2009300,,
1,3,,0.011968,0.095907,0.178835,0.377508,0.015085,0.108156,0.013658,0.040321,0.02959,0.128972,,1943500,,
1,1,,0.01397,0.499518,0.010453,0.004111,0.104397,0.013265,0.084034,0.127427,0.016224,0.126601,,1935000,,
1,3,,0.01154,0.106208,0.184788,0.338837,0.027424,0.105197,0.012924,0.045139,0.019305,0.148638,,1974700,,
1,2,,0.013231,0.208455,0.32222,0.177972,0.024873,0.088889,0.010608,0.042259,0.021051,0.090443,,1967200,,
1,2,,0.009608,0.09738,0.249847,0.168793,0.068208,0.07377,0.063162,0.082347,0.055808,0.131076,,2087100,,
1,3,,0.012724,0.113663,0.187774,0.305439,0.018951,0.12589,0.011678,0.065914,0.027145,0.130822,,1983300,,
1,1,,0.028962,0.238659,0.016037,0.010343,0.149326,0.041604,0.176643,0.13526,0.039473,0.163691,,2092200,,
1,1,,0.031345,0.48104,0.007422,0.011995,0.091669,0.010536,0.110149,0.095256,0.022875,0.137713,,1728000,,
1,4,,0.019274,0.186362,0.005535,0.00456,0.254444,0.018119,0.102592,0.178772,0.024345,0.205998,,1588300,,
1,1,,0.011045,0.371601,0.046434,0.006544,0.132776,0.022746,0.127104,0.130144,0.024488,0.127117,,1581200,,
1,1,,0.021167,0.444383,0.011951,0.002099,0.112146,0.009509,0.084625,0.141983,0.024131,0.148005,,1607000,,
1,2,,0.019432,0.171863,0.279936,0.184323,0.054291,0.076866,0.03889,0.044515,0.019543,0.110341,,1620900,,
1,1,,0.020267,0.338885,0.04823,0.031531,0.073248,0.036172,0.169331,0.067146,0.027677,0.187514,,1592000,,
1,4,,0.033866,0.191824,0.004211,0.003535,0.275498,0.010816,0.123834,0.141575,0.040344,0.174497,,1578300,,
1,1,,0.033662,0.486422,0.008643,0.00601,0.106368,0.012752,0.08229,0.106108,0.023246,0.134499,,1579600,,
1,1,,0.006807,0.329428,0.014979,0.001707,0.17562,0.006832,0.132259,0.167751,0.031595,0.133021,,1725800,,
1,1,,0.030437,0.351421,0.002549,0.013541,0.177835,0.011077,0.119239,0.118277,0.027267,0.148357,,1586600,,
1,4,,0.030699,0.202187,0.003521,0.011101,0.273951,0.012055,0.123897,0.135771,0.030913,0.175906,,1593500,,
1,7,,0.046696,0.094099,0.013023,0.008397,0.11398,0.036838,0.136712,0.270741,0.104953,0.174561,,1578800,,
1,1,,0.034443,0.474251,0.008666,0.014157,0.091807,0.015795,0.102081,0.094298,0.031561,0.132942,,1580700,,
1,1,,0.023077,0.295772,0.029193,0.005174,0.177236,0.009322,0.131056,0.167485,0.030931,0.130754,,1610500,,
1,2,,0.00862,0.200521,0.315921,0.163955,0.017646,0.072153,0.03419,0.057877,0.02298,0.106136,,1574900,,
1,1,,0.021762,0.492211,0.008866,0.005127,0.107526,0.009729,0.08225,0.101422,0.032817,0.138291,,1575300,,
1,1,,0.016786,0.348371,0.017039,0.003891,0.168225,0.011189,0.151724,0.12464,0.032116,0.126018,,1578400,,
1,1,,0.030539,0.266174,0.01513,0.005987,0.146507,0.035387,0.140884,0.113757,0.037062,0.208573,,1577700,,
1,1,,0.016525,0.216771,0.200516,0.16243,0.036572,0.086736,0.013495,0.035106,0.021987,0.209862,,1587200,,
1,2,,0.009899,0.152364,0.272216,0.217488,0.015391,0.102783,0.018348,0.05169,0.019325,0.140496,,1573800,,
1,1,,0.013814,0.352334,0.039684,0.017321,0.144987,0.02326,0.140617,0.10705,0.03514,0.125792,,1600400,,
1,4,,0.024146,0.200449,0.00786,0.007104,0.252789,0.015224,0.137783,0.174791,0.02941,0.150444,,1579300,,
1,4,,0.020004,0.181523,0.005034,0.007615,0.256828,0.016905,0.102818,0.184394,0.030504,0.194376,,1600100,,
1,2,,0.005378,0.178063,0.29341,0.182493,0.035671,0.099789,0.025295,0.05653,0.023293,0.100078,,1579400,,
1,2,,0.010971,0.177231,0.288051,0.184657,0.027234,0.101555,0.032031,0.054004,0.028756,0.09551,,1574000,,
1,1,,0.016289,0.323719,0.002642,0.006998,0.224701,0.014331,0.096667,0.12922,0.029527,0.155907,,1580900,,
1,1,,0.018471,0.290888,0.03412,0.006478,0.208858,0.044328,0.120803,0.127839,0.012533,0.135683,,1582100,,
1,4,,0.030871,0.191933,0.011404,0.005967,0.239955,0.013978,0.145204,0.178845,0.02445,0.157391,,1586000,,
1,2,,0.031533,0.097399,0.287765,0.123218,0.030641,0.083738,0.127854,0.057333,0.046661,0.113858,,1584300,,
1,9,,0.013887,0.127605,0.186331,0.162405,0.048739,0.158072,0.028675,0.048998,0.016476,0.208812,,1593600,,
1,2,,0.010562,0.206687,0.302301,0.204161,0.022028,0.087405,0.019636,0.044166,0.016335,0.086719,,1588700,,
1,3,,0.014978,0.103308,0.224146,0.278579,0.017629,0.109768,0.026422,0.049638,0.048275,0.127256,,1592600,,
1,1,,0.011704,0.385357,0.01641,0.006187,0.170153,0.011566,0.127558,0.122533,0.028271,0.12026,,1603500,,
1,1,,0.017539,0.317915,0.04908,0.004428,0.144353,0.028641,0.145434,0.133529,0.027393,0.131689,,1575500,,
1,1,,0.008506,0.221305,0.108294,0.129327,0.039239,0.12228,0.11273,0.085969,0.047141,0.125208,,1585900,,
1,1,,0.020701,0.235412,0.014911,0.009009,0.227724,0.016849,0.120661,0.167885,0.04413,0.142717,,1574200,,
1,1,,0.025783,0.332414,0.00381,0.009731,0.193905,0.017535,0.102566,0.121792,0.034117,0.158349,,1588400,,
1,1,,0.018184,0.295957,0.124891,0.164763,0.045549,0.067976,0.097183,0.05692,0.03062,0.097956,,1648600,,
1,9,,0.019645,0.08798,0.237193,0.133965,0.047482,0.132595,0.034063,0.034102,0.029054,0.243921,,1614900,,
1,1,,0.033216,0.453025,0.008145,0.009671,0.103767,0.018318,0.104696,0.097809,0.030747,0.140606,,1585600,,
1,2,,0.008957,0.181666,0.298811,0.208479,0.036432,0.090703,0.029845,0.042892,0.018512,0.083704,,1601900,,
1,1,,0.017859,0.337705,0.04714,0.046241,0.064907,0.047798,0.154314,0.058639,0.018943,0.206453,,1586600,,
1,4,,0.034398,0.144118,0.004286,0.003286,0.22812,0.02429,0.13114,0.210546,0.05903,0.160786,,1581600,,
1,2,,0.006205,0.069668,0.29074,0.257805,0.044097,0.087064,0.018901,0.061635,0.041021,0.122865,,1587400,,
1,1,,0.009555,0.358443,0.003226,0.007285,0.215762,0.008406,0.102205,0.131677,0.023969,0.139472,,1581600,,
1,1,,0.013111,0.508991,0.011606,0.00623,0.107662,0.013953,0.080287,0.111302,0.021067,0.125792,,1579800,,
1,3,,0.013969,0.110283,0.195721,0.296167,0.041987,0.115992,0.009791,0.054938,0.02718,0.133971,,1588900,,
1,1,,0.010997,0.339484,0.017299,0.00456,0.203511,0.015165,0.097121,0.12391,0.035826,0.152126,,1633400,,
