pendigits,CWE,test,3,NANOSECONDS,PREDICTIONS, Generated by ClassifierExperiments.java on 2022-05-16 23:29:06.    SYSTEMPROPERTIES:{user.name:matth,os.arch:amd64,os.name:Windows 10},ENDSYSTEMPROPERTIES
No parameter info
0.5851885506587915,2388904700,3439783400,-1,83113272,10,,-1,-1
0,0,,0.480397,0.011787,0.020927,0.044365,0.017676,0.122678,0.053046,0.017546,0.184475,0.047104,,1856700,,
0,0,,0.439884,0.01751,0.012312,0.008707,0.074399,0.16683,0.026237,0.004836,0.225008,0.024278,,1562700,,
0,5,,0.347234,0.010092,0.003798,0.023351,0.023867,0.35958,0.046797,0.010262,0.157322,0.017697,,1553600,,
0,8,,0.241604,0.042797,0.051636,0.015756,0.07192,0.017361,0.061356,0.09865,0.344739,0.054181,,1562000,,
0,0,,0.342559,0.034125,0.005238,0.002766,0.068504,0.288757,0.045233,0.032674,0.159205,0.020939,,1560900,,
0,0,,0.403306,0.038408,0.016918,0.005957,0.068999,0.246545,0.008469,0.017239,0.146841,0.047316,,1586200,,
0,0,,0.37146,0.019581,0.014176,0.014357,0.042852,0.341896,0.051813,0.004055,0.113613,0.026197,,1562300,,
0,0,,0.393804,0.044638,0.015796,0.003713,0.08053,0.2406,0.045727,0.016349,0.126968,0.031875,,1561800,,
0,8,,0.317013,0.015878,0.016627,0.004121,0.044617,0.064612,0.145138,0.02235,0.326176,0.043468,,1566100,,
0,0,,0.284353,0.020408,0.029461,0.0393,0.057099,0.231895,0.097371,0.022754,0.160102,0.057257,,1559600,,
0,0,,0.386518,0.010762,0.011665,0.019023,0.040852,0.267154,0.046046,0.005159,0.197375,0.015445,,1560800,,
0,0,,0.514729,0.012172,0.008349,0.028978,0.030956,0.126218,0.062007,0.005235,0.192276,0.01908,,1561100,,
0,0,,0.498617,0.008442,0.006936,0.052109,0.031173,0.134121,0.035009,0.004817,0.19358,0.035196,,1562900,,
0,0,,0.446123,0.014874,0.005822,0.055079,0.025887,0.172111,0.023573,0.005512,0.218634,0.032385,,1561400,,
0,0,,0.461707,0.006743,0.007622,0.031881,0.038136,0.164455,0.049588,0.005474,0.217723,0.016671,,1571500,,
0,0,,0.326355,0.00838,0.019108,0.027779,0.032357,0.196028,0.06216,0.019866,0.285341,0.022625,,1602400,,
0,0,,0.464999,0.009896,0.010779,0.022842,0.042007,0.09921,0.125254,0.024427,0.18251,0.018076,,1568600,,
0,0,,0.328648,0.038896,0.010435,0.001714,0.059883,0.265028,0.035995,0.02674,0.208963,0.023696,,1564800,,
0,0,,0.407231,0.013759,0.007451,0.024837,0.031432,0.244364,0.049276,0.00736,0.195744,0.018544,,1565900,,
0,8,,0.254566,0.032711,0.056588,0.03191,0.098875,0.013089,0.092093,0.090495,0.284479,0.045195,,1573800,,
0,0,,0.321417,0.028605,0.013644,0.00849,0.075177,0.321152,0.014703,0.016336,0.177866,0.02261,,1565900,,
0,0,,0.360751,0.005698,0.006174,0.026087,0.036405,0.325691,0.051853,0.008251,0.164633,0.014458,,1561700,,
0,0,,0.4319,0.006891,0.005714,0.029867,0.035473,0.140557,0.10667,0.01113,0.213438,0.018359,,1564400,,
0,8,,0.215256,0.014212,0.018544,0.015672,0.096587,0.043253,0.102654,0.040338,0.394663,0.058821,,1569400,,
0,0,,0.375448,0.01157,0.003564,0.01512,0.032812,0.08787,0.091903,0.021146,0.330779,0.029786,,1606600,,
0,0,,0.463969,0.009907,0.006137,0.033852,0.036363,0.130723,0.097546,0.008705,0.193892,0.018905,,1561200,,
0,0,,0.48622,0.011826,0.006557,0.027659,0.041074,0.219264,0.044467,0.005689,0.131178,0.026066,,1563600,,
0,0,,0.327939,0.032182,0.010986,0.003535,0.072713,0.259948,0.035299,0.023104,0.206026,0.028269,,1563100,,
0,0,,0.294522,0.051801,0.045276,0.041515,0.05746,0.201836,0.046829,0.057738,0.160416,0.042607,,1561900,,
0,8,,0.205635,0.044893,0.055937,0.052261,0.051673,0.056429,0.067853,0.038122,0.327241,0.099957,,1563000,,
0,0,,0.507549,0.024438,0.015231,0.009407,0.043769,0.127142,0.030375,0.012749,0.211019,0.018322,,1560000,,
0,5,,0.324446,0.017924,0.008803,0.012069,0.057896,0.333983,0.041481,0.005517,0.173803,0.024076,,1561000,,
0,0,,0.31578,0.023213,0.032029,0.039441,0.043099,0.199921,0.103074,0.030144,0.155463,0.057837,,1561900,,
0,0,,0.471216,0.012669,0.005746,0.029933,0.036953,0.154307,0.05239,0.005272,0.218954,0.01256,,1561500,,
0,8,,0.130087,0.010559,0.031435,0.015882,0.091467,0.027388,0.213084,0.139604,0.303808,0.036686,,1593900,,
0,0,,0.33569,0.039983,0.049817,0.070641,0.100514,0.03834,0.045683,0.032326,0.236216,0.05079,,1528700,,
0,0,,0.462831,0.014159,0.012913,0.016441,0.030416,0.164745,0.054098,0.01318,0.212422,0.018796,,1523500,,
0,0,,0.453934,0.01545,0.019951,0.05181,0.030943,0.139108,0.047571,0.017943,0.186409,0.036881,,1528800,,
0,5,,0.348309,0.021023,0.010446,0.003795,0.071196,0.354656,0.030006,0.0121,0.109272,0.039198,,1534400,,
0,0,,0.477227,0.007358,0.00616,0.017928,0.016359,0.139411,0.077238,0.018881,0.212782,0.026656,,1526400,,
0,1,,0.014831,0.214442,0.128527,0.073702,0.103715,0.077205,0.139021,0.108836,0.04389,0.09583,,1536100,,
0,0,,0.346227,0.009393,0.012405,0.044888,0.036549,0.340708,0.034667,0.006829,0.134165,0.034168,,1528300,,
0,0,,0.394645,0.018016,0.028921,0.037571,0.049938,0.106598,0.106684,0.032906,0.18029,0.044432,,1525700,,
0,0,,0.459965,0.012431,0.01773,0.055663,0.029983,0.130502,0.057008,0.016635,0.184679,0.035404,,1520900,,
0,0,,0.470976,0.014702,0.020571,0.051907,0.027835,0.12698,0.054002,0.015001,0.182198,0.035826,,1533600,,
0,0,,0.412124,0.023334,0.023386,0.040076,0.037993,0.107636,0.101228,0.025897,0.175444,0.052882,,1521600,,
0,0,,0.404054,0.022021,0.013139,0.016212,0.079944,0.152321,0.026979,0.018025,0.234959,0.032347,,1530000,,
0,0,,0.391627,0.039852,0.010106,0.001855,0.071194,0.118142,0.033551,0.023576,0.2261,0.083996,,1530400,,
0,0,,0.464293,0.009278,0.01109,0.052467,0.026619,0.16014,0.030768,0.005248,0.204073,0.036024,,1523900,,
0,0,,0.306716,0.021192,0.021265,0.015996,0.091438,0.009104,0.137489,0.057692,0.263242,0.075865,,1526400,,
0,0,,0.382386,0.017667,0.029894,0.012027,0.059431,0.059085,0.132516,0.026624,0.239325,0.041045,,1526300,,
0,0,,0.472259,0.013377,0.005594,0.05389,0.01377,0.150604,0.054866,0.001908,0.197516,0.036216,,1521800,,
0,0,,0.452588,0.008444,0.004993,0.051815,0.036704,0.167845,0.028075,0.004897,0.212339,0.032301,,1520900,,
0,0,,0.298597,0.020734,0.020645,0.038925,0.022715,0.279748,0.12189,0.017357,0.128747,0.05064,,1523700,,
0,8,,0.078353,0.035537,0.053171,0.037455,0.116929,0.01757,0.101162,0.132594,0.412727,0.014502,,1549000,,
0,0,,0.435447,0.032209,0.020052,0.007153,0.055678,0.2231,0.029428,0.016888,0.145741,0.034303,,1523400,,
0,0,,0.352408,0.020054,0.013358,0.004547,0.044314,0.321697,0.03888,0.009264,0.166292,0.029188,,1523800,,
0,0,,0.465362,0.010466,0.011843,0.019437,0.038408,0.160481,0.038668,0.009143,0.215781,0.030411,,1529900,,
0,0,,0.420575,0.044231,0.012261,0.008019,0.046904,0.109299,0.016276,0.027325,0.243439,0.071672,,1525100,,
0,0,,0.480448,0.012828,0.010002,0.015452,0.027162,0.152347,0.055326,0.01366,0.216432,0.016343,,1526300,,
0,8,,0.168261,0.028239,0.01461,0.001714,0.064976,0.158236,0.014466,0.020293,0.494397,0.034808,,1525100,,
0,0,,0.415075,0.034013,0.014615,0.004056,0.110777,0.124306,0.008355,0.02456,0.206392,0.057851,,1523000,,
0,0,,0.476753,0.007322,0.005064,0.032038,0.039551,0.151905,0.076327,0.008825,0.192028,0.010186,,1522200,,
0,0,,0.450184,0.01924,0.009997,0.012035,0.038256,0.160882,0.03013,0.009163,0.245432,0.024679,,1550000,,
0,0,,0.371475,0.017473,0.013778,0.003333,0.065328,0.299887,0.015569,0.018968,0.175234,0.018954,,1521400,,
0,0,,0.454739,0.007956,0.005812,0.052659,0.043268,0.166105,0.027151,0.003241,0.207573,0.031497,,1523000,,
0,0,,0.459788,0.011411,0.006721,0.056536,0.034025,0.136703,0.045218,0.011737,0.197465,0.040398,,1523700,,
0,0,,0.435972,0.031305,0.009296,0.00428,0.08045,0.152487,0.023592,0.013415,0.223876,0.025326,,1522500,,
0,0,,0.375487,0.016646,0.017543,0.003323,0.055722,0.288445,0.041287,0.009999,0.153859,0.037688,,1523700,,
0,0,,0.454119,0.013477,0.004853,0.049315,0.034414,0.164567,0.059747,0.002111,0.183559,0.033837,,1533100,,
0,5,,0.328315,0.011064,0.012556,0.043546,0.033887,0.332643,0.029865,0.00831,0.161907,0.037907,,1530300,,
0,5,,0.296561,0.025574,0.01271,0.005443,0.075529,0.363439,0.029468,0.00769,0.161627,0.021958,,1536600,,
0,0,,0.40156,0.030881,0.012006,0.007174,0.073328,0.125067,0.031965,0.010021,0.230553,0.077445,,1521400,,
0,0,,0.479451,0.011483,0.010489,0.013896,0.038745,0.1646,0.034604,0.007535,0.222225,0.01697,,1546400,,
0,0,,0.42536,0.020998,0.015688,0.011831,0.071383,0.0695,0.078189,0.045741,0.201139,0.060172,,1520600,,
0,8,,0.188419,0.039232,0.014621,0.008235,0.096182,0.02612,0.121615,0.079538,0.36834,0.057697,,1526600,,
0,0,,0.453546,0.012379,0.002547,0.054298,0.02733,0.141757,0.039151,0.002796,0.229953,0.036243,,1531400,,
0,8,,0.208757,0.019016,0.038534,0.01211,0.091601,0.014105,0.144553,0.050737,0.372456,0.048131,,1538900,,
0,0,,0.445016,0.024451,0.017385,0.020574,0.027753,0.117534,0.096194,0.025926,0.201935,0.023233,,1535600,,
0,0,,0.41926,0.024484,0.011455,0.007578,0.064549,0.210232,0.050047,0.014383,0.15261,0.045402,,1524800,,
0,0,,0.339302,0.032928,0.014594,0.002391,0.069724,0.327965,0.023499,0.017499,0.14568,0.026417,,1533400,,
0,0,,0.45209,0.039172,0.012779,0.004416,0.03497,0.109203,0.039515,0.032083,0.234624,0.041149,,1534300,,
0,5,,0.310883,0.012526,0.016717,0.02559,0.061103,0.332668,0.053395,0.011727,0.150706,0.024684,,1534900,,
0,0,,0.404118,0.012976,0.01102,0.037027,0.05071,0.175643,0.037214,0.006434,0.21866,0.046199,,1551800,,
0,0,,0.330274,0.011348,0.014467,0.039246,0.040765,0.320883,0.037846,0.006172,0.158114,0.040885,,1531900,,
0,0,,0.431032,0.015,0.022528,0.018477,0.038269,0.112429,0.135582,0.016348,0.186417,0.02392,,1528600,,
0,0,,0.459145,0.015476,0.01048,0.01114,0.040407,0.154844,0.044353,0.009656,0.231643,0.022855,,1523300,,
0,5,,0.26793,0.028794,0.012376,0.011584,0.054396,0.385524,0.030244,0.018144,0.172826,0.018181,,1536400,,
0,0,,0.465053,0.013378,0.010597,0.004132,0.043751,0.148794,0.037599,0.007189,0.249505,0.020004,,1530600,,
0,0,,0.293624,0.032645,0.007849,0,0.090145,0.26943,0.105842,0.038154,0.13869,0.023622,,1537100,,
0,8,,0.170088,0.011426,0.006622,0.052562,0.029813,0.172048,0.033506,0.003443,0.479685,0.040807,,1526400,,
0,0,,0.458931,0.012625,0.006898,0.046023,0.035948,0.147833,0.074843,0.003947,0.174389,0.038565,,1520900,,
0,8,,0.22048,0.039515,0.045685,0.012432,0.059507,0.012241,0.126567,0.068961,0.375969,0.038644,,1528800,,
0,5,,0.215618,0.045142,0.038445,0.045376,0.064827,0.316728,0.085242,0.026076,0.121988,0.040559,,1561600,,
0,0,,0.380016,0.020406,0.016097,0.012564,0.04012,0.24667,0.050825,0.008799,0.199474,0.02503,,1532400,,
0,8,,0.3129,0.014415,0.006252,0.020333,0.046952,0.069498,0.09171,0.024328,0.386583,0.027029,,1525900,,
0,0,,0.480471,0.020706,0.008482,0.02556,0.028327,0.130611,0.063331,0.019341,0.201487,0.021685,,1517200,,
0,1,,0.020119,0.187108,0.080337,0.060286,0.129375,0.059563,0.145358,0.140181,0.055229,0.122445,,1533400,,
0,0,,0.360106,0.035211,0.014759,0.00521,0.050972,0.255745,0.029922,0.020455,0.199935,0.027686,,1525600,,
0,5,,0.328367,0.022121,0.005757,0.0232,0.030281,0.39468,0.085694,0.009127,0.067678,0.033098,,1520700,,
0,0,,0.34559,0.008939,0.005011,0.053246,0.023826,0.337686,0.038803,0.003268,0.151475,0.032156,,1510000,,
0,0,,0.279789,0.021319,0.049302,0.039529,0.064953,0.271501,0.086761,0.022167,0.106953,0.057725,,1522500,,
0,0,,0.389845,0.018764,0.012446,0.004621,0.059314,0.251245,0.016524,0.011276,0.2087,0.027266,,1523400,,
0,0,,0.435941,0.011477,0.004598,0.052507,0.021992,0.22425,0.062074,0.002812,0.144235,0.040113,,1550000,,
0,8,,0.141422,0.061573,0.012483,0.012857,0.066412,0.162494,0.022198,0.026076,0.473884,0.0206,,1517200,,
0,5,,0.323745,0.008519,0.00806,0.01992,0.052433,0.332227,0.038881,0.009911,0.176799,0.029504,,1521400,,
0,0,,0.48182,0.013643,0.010059,0.01908,0.039683,0.152594,0.046043,0.005747,0.217912,0.01342,,1515900,,
0,0,,0.483559,0.010073,0.007102,0.017656,0.043823,0.153076,0.046965,0.001903,0.215273,0.020571,,1511800,,
0,0,,0.444123,0.010556,0.007085,0.020514,0.045349,0.135611,0.071964,0.018474,0.228085,0.018239,,1516900,,
0,0,,0.414354,0.022567,0.016208,0.004,0.074598,0.210333,0.019636,0.034944,0.152618,0.050742,,1518700,,
0,0,,0.46279,0.017586,0.023315,0.053602,0.018798,0.134461,0.042511,0.020462,0.188918,0.037557,,1513100,,
0,0,,0.464976,0.014512,0.010084,0.011443,0.027745,0.161831,0.063413,0.005381,0.217972,0.022643,,1512900,,
0,0,,0.388136,0.010938,0.018489,0.012472,0.061463,0.070393,0.119156,0.034394,0.224091,0.060468,,1517800,,
0,0,,0.340479,0.035865,0.009143,0.006234,0.084007,0.118962,0.022537,0.032862,0.288358,0.061553,,1545700,,
0,0,,0.467296,0.012051,0.003813,0.040417,0.026641,0.1524,0.076599,0.00289,0.175729,0.042165,,1512700,,
0,0,,0.279714,0.024021,0.019359,0.006276,0.029285,0.197421,0.161692,0.023995,0.221931,0.036306,,1530300,,
0,5,,0.282814,0.010296,0.010022,0.015642,0.046129,0.40494,0.051841,0.009444,0.143901,0.024972,,1532300,,
0,0,,0.387787,0.025218,0.03603,0.039033,0.039609,0.178745,0.098668,0.032317,0.086804,0.075789,,1523300,,
0,0,,0.470683,0.012163,0.015479,0.010927,0.024024,0.170061,0.044865,0.010855,0.22533,0.015613,,1522500,,
0,0,,0.438734,0.010467,0.008928,0.053259,0.031517,0.166651,0.032334,0.006556,0.208925,0.042629,,1522200,,
0,0,,0.442362,0.02112,0.01586,0.015878,0.053829,0.153945,0.035258,0.010676,0.232575,0.018497,,1525200,,
0,0,,0.454219,0.014808,0.014356,0.019637,0.025673,0.156276,0.05598,0.011427,0.233278,0.014347,,1523000,,
0,0,,0.44492,0.01844,0.017626,0.008702,0.047215,0.110604,0.12401,0.018409,0.183841,0.026233,,1572100,,
0,0,,0.374941,0.024164,0.002401,0.013913,0.057921,0.269537,0.085248,0.024332,0.113599,0.033944,,1514800,,
0,8,,0.291156,0.017731,0.014667,0.015253,0.052237,0.017661,0.134728,0.021658,0.375455,0.059453,,1519000,,
0,0,,0.325878,0.038942,0.010393,0.002917,0.089623,0.245561,0.045903,0.022205,0.199632,0.018946,,1532000,,
0,0,,0.355273,0.042542,0.063346,0.078068,0.050725,0.042569,0.021367,0.041257,0.204304,0.100549,,1535600,,
0,0,,0.428903,0.012354,0.012564,0.045692,0.038475,0.119132,0.088879,0.026569,0.184772,0.04266,,1523700,,
0,0,,0.374506,0.037535,0.040411,0.016614,0.091557,0.016662,0.052817,0.074907,0.263131,0.03186,,1526400,,
0,0,,0.454907,0.019093,0.014176,0.00563,0.04698,0.144047,0.031488,0.010225,0.244498,0.028956,,1524900,,
0,0,,0.345617,0.018756,0.012216,0.015971,0.030203,0.31196,0.052805,0.006335,0.184462,0.021676,,1526400,,
0,0,,0.516058,0.012886,0.005633,0.032487,0.029307,0.076654,0.03798,0.006418,0.22053,0.062047,,1530300,,
0,0,,0.47863,0.003516,0.003522,0.034689,0.032066,0.085319,0.07537,0.015572,0.208966,0.062351,,1552400,,
0,0,,0.435575,0.012396,0.007029,0.052207,0.030726,0.170016,0.029789,0.004916,0.220183,0.037165,,1524300,,
0,4,,0.011696,0.074483,0.103858,0.030371,0.276517,0.015497,0.159988,0.203426,0.072606,0.051559,,1526100,,
0,0,,0.424572,0.018924,0.020995,0.026244,0.027296,0.103239,0.073566,0.018674,0.265291,0.021198,,1866900,,
0,0,,0.366897,0.041451,0.00955,0.015,0.098861,0.109987,0.027228,0.033331,0.227953,0.069742,,1875200,,
0,0,,0.379793,0.029034,0.030619,0.011487,0.048355,0.173869,0.117592,0.032161,0.139799,0.037289,,1866800,,
0,4,,0.013711,0.023677,0.112678,0.024983,0.270204,0.012375,0.16538,0.255281,0.088139,0.033573,,2101200,,
0,0,,0.463682,0.013046,0.010069,0.012336,0.036861,0.1709,0.040504,0.008047,0.224762,0.019794,,2180700,,
0,0,,0.348545,0.022597,0.012258,0.021494,0.12859,0.064658,0.035021,0.038266,0.292776,0.035794,,2218600,,
0,8,,0.039411,0.025994,0.062498,0.01952,0.101608,0.01203,0.21829,0.103435,0.377746,0.039467,,1944100,,
0,0,,0.440501,0.007753,0.008765,0.042834,0.033264,0.162547,0.033889,0.007164,0.225488,0.037796,,1511100,,
0,0,,0.430278,0.034347,0.011764,0.002531,0.073219,0.154108,0.030932,0.014807,0.228376,0.019638,,1501000,,
0,0,,0.416895,0.0101,0.022297,0.044171,0.029001,0.121059,0.04403,0.017095,0.250995,0.044357,,1518500,,
0,0,,0.453415,0.01817,0.015233,0.052441,0.021343,0.164243,0.020493,0.011119,0.211538,0.032003,,1505600,,
0,0,,0.447646,0.050443,0.017448,0.012369,0.034601,0.113282,0.039003,0.015859,0.225204,0.044145,,1513400,,
0,0,,0.35327,0.014192,0.01302,0.017246,0.047344,0.30945,0.041047,0.010204,0.165785,0.028442,,1509400,,
0,0,,0.318516,0.033448,0.00755,0.011423,0.097832,0.114728,0.029145,0.031318,0.295322,0.060718,,1522600,,
0,0,,0.504016,0.021673,0.010421,0.015581,0.04422,0.131689,0.039457,0.015946,0.194767,0.022231,,1512100,,
0,0,,0.395013,0.031557,0.00634,0.003036,0.077572,0.092513,0.063383,0.029819,0.239352,0.061415,,1542600,,
0,0,,0.448831,0.010181,0.008424,0.016141,0.039073,0.173223,0.046959,0.0061,0.228728,0.022341,,1512600,,
0,0,,0.464165,0.032171,0.014017,0.003542,0.040262,0.111263,0.032046,0.022333,0.235305,0.044895,,1516500,,
0,0,,0.495704,0.012977,0.008466,0.012732,0.04752,0.125915,0.060225,0.009518,0.207321,0.019621,,1515900,,
0,0,,0.485144,0.00784,0.010808,0.014896,0.040101,0.155664,0.04126,0.010732,0.214089,0.019466,,1519900,,
0,0,,0.371885,0.017933,0.016534,0.008898,0.053418,0.274643,0.049025,0.013735,0.165405,0.028523,,1516900,,
0,0,,0.291011,0.028186,0.017699,0.017344,0.100734,0.141306,0.077372,0.031149,0.260049,0.035151,,1533100,,
0,8,,0.202717,0.031268,0.049252,0.037749,0.067432,0.026057,0.035117,0.06174,0.425584,0.063084,,1530400,,
0,0,,0.381284,0.040045,0.026544,0.104951,0.040869,0.045052,0.06164,0.034762,0.16744,0.097414,,1519900,,
0,0,,0.303693,0.032556,0.0147,0.003448,0.070669,0.252173,0.007417,0.023124,0.277532,0.014688,,1525100,,
0,0,,0.500907,0.026458,0.004122,0.010793,0.049377,0.060078,0.043582,0.033487,0.215309,0.055887,,1541000,,
0,0,,0.36563,0.037701,0.016989,0.006846,0.044099,0.272035,0.017129,0.02364,0.194335,0.021597,,1513600,,
0,0,,0.473032,0.014122,0.011191,0.013114,0.031592,0.154043,0.052757,0.004672,0.225371,0.020104,,1509400,,
0,0,,0.329581,0.0381,0.01292,0.002941,0.065353,0.317758,0.015051,0.024581,0.175408,0.018307,,1524900,,
0,0,,0.321333,0.060263,0.016696,0.00983,0.065818,0.270937,0.020888,0.019285,0.193747,0.021201,,1524900,,
0,0,,0.429855,0.011344,0.014156,0.039409,0.039644,0.171029,0.03661,0.004544,0.21505,0.038359,,1523600,,
0,0,,0.484526,0.029183,0.013396,0.005994,0.089319,0.09548,0.016073,0.034603,0.190493,0.040932,,1522300,,
0,8,,0.174576,0.008042,0.022942,0.015447,0.125396,0.022244,0.141799,0.068841,0.369695,0.05102,,1526500,,
0,0,,0.428477,0.011879,0.021203,0.024271,0.034151,0.105889,0.084068,0.018629,0.248998,0.022434,,1527300,,
0,0,,0.409304,0.017019,0.005299,0.020801,0.024631,0.214857,0.0793,0.007089,0.201185,0.020516,,1530000,,
0,8,,0.094852,0.062675,0.029263,0.135552,0.111679,0.055111,0.111811,0.146835,0.185728,0.066494,,1528800,,
0,5,,0.326315,0.007675,0.009843,0.013728,0.045651,0.342769,0.047297,0.008091,0.171038,0.027595,,1529200,,
0,0,,0.320163,0.039159,0.016224,0.002286,0.088254,0.305991,0.039392,0.016949,0.150569,0.021014,,1528800,,
0,0,,0.375712,0.0224,0.012003,0.013848,0.048789,0.294227,0.018953,0.019758,0.174226,0.020083,,1539500,,
0,0,,0.34214,0.036539,0.013129,0.002766,0.069632,0.329373,0.024315,0.017711,0.140856,0.02354,,1527300,,
0,0,,0.437382,0.019386,0.014761,0.006422,0.067321,0.149739,0.022294,0.013863,0.24,0.028831,,1521600,,
0,5,,0.2851,0.023244,0.020118,0.006003,0.050878,0.373651,0.035037,0.01642,0.164779,0.024769,,1528000,,
0,0,,0.480174,0.008418,0.007271,0.015028,0.040981,0.158562,0.039234,0.00475,0.225449,0.020132,,1522100,,
0,8,,0.142825,0.031386,0.032768,0.008843,0.059086,0.082632,0.123253,0.037013,0.446522,0.035671,,1527800,,
0,0,,0.429241,0.01864,0.013148,0.006903,0.06942,0.114159,0.04396,0.018949,0.221867,0.063711,,1551200,,
0,0,,0.391883,0.013392,0.018869,0.045803,0.03705,0.123879,0.122015,0.016341,0.191673,0.039095,,1523800,,
0,7,,0.027338,0.021036,0.058809,0.024905,0.15172,0.014285,0.208728,0.293224,0.165925,0.034031,,1517100,,
0,0,,0.340752,0.03258,0.042152,0.045365,0.072246,0.024997,0.033517,0.064058,0.286891,0.057442,,1519200,,
0,0,,0.451368,0.019438,0.011286,0.001983,0.056305,0.155821,0.03355,0.009193,0.228734,0.032321,,1518900,,
0,5,,0.296898,0.022785,0.018175,0.023016,0.032544,0.305943,0.14461,0.013459,0.106459,0.03611,,1530900,,
0,0,,0.335924,0.044873,0.010173,0.003319,0.082341,0.281093,0.039242,0.019848,0.140561,0.042626,,1520800,,
0,0,,0.446952,0.009408,0.02233,0.018588,0.043511,0.102821,0.060149,0.019193,0.264799,0.012248,,1526900,,
0,0,,0.305644,0.016622,0.023832,0.038777,0.033306,0.220281,0.127696,0.016721,0.167182,0.049939,,1520200,,
0,0,,0.306362,0.024193,0.028167,0.013689,0.138658,0.027048,0.140857,0.036821,0.248796,0.03541,,1530900,,
0,8,,0.127697,0.030188,0.069008,0.026573,0.087611,0.007669,0.094632,0.079843,0.433159,0.04362,,1562000,,
0,0,,0.475097,0.006843,0.007019,0.02596,0.050354,0.152284,0.042721,0.004446,0.213986,0.021291,,1523600,,
0,0,,0.468204,0.012498,0.012316,0.009408,0.035135,0.159288,0.042177,0.013054,0.228493,0.019426,,1520800,,
0,0,,0.348235,0.021868,0.01414,0.003366,0.057114,0.32275,0.039189,0.021993,0.154274,0.017071,,1537700,,
0,0,,0.366952,0.015719,0.013778,0.007333,0.031052,0.298993,0.066756,0.005498,0.172878,0.021041,,1528600,,
0,8,,0.295004,0.029117,0.016398,0.0055,0.071526,0.128819,0.03017,0.045095,0.356675,0.021696,,1542800,,
0,0,,0.307917,0.018578,0.030067,0.040184,0.037734,0.231004,0.102124,0.031336,0.151729,0.049327,,1528700,,
0,0,,0.477136,0.013863,0.010015,0.0131,0.027429,0.160118,0.055021,0.011233,0.215305,0.016781,,1524800,,
0,0,,0.436792,0.007746,0.013479,0.028938,0.043404,0.157213,0.05036,0.008738,0.232192,0.021138,,1522400,,
0,0,,0.396242,0.0145,0.024979,0.037471,0.042297,0.108655,0.123944,0.01782,0.183119,0.050973,,1525100,,
0,0,,0.423812,0.026785,0.018167,0.012334,0.055141,0.168794,0.03064,0.013468,0.227301,0.023558,,1553200,,
0,8,,0.124315,0.023505,0.011842,0.009496,0.110904,0.156583,0.021947,0.033484,0.491156,0.016768,,1525200,,
0,0,,0.262617,0.019134,0.021816,0.012796,0.116382,0.052629,0.146137,0.052729,0.256634,0.059126,,1521700,,
0,0,,0.417766,0.011442,0.008085,0.03026,0.028075,0.21134,0.079781,0.006903,0.185005,0.021342,,1527500,,
0,0,,0.325468,0.043917,0.037792,0.023812,0.054692,0.093416,0.119099,0.067355,0.197924,0.036523,,1540000,,
0,0,,0.458552,0.01098,0.017858,0.019898,0.025947,0.101179,0.080985,0.01525,0.244269,0.025082,,1519800,,
0,0,,0.396046,0.016368,0.026846,0.041921,0.041836,0.128208,0.112541,0.018161,0.174559,0.043515,,1529100,,
0,0,,0.451457,0.016404,0.007664,0.014223,0.021499,0.139167,0.101877,0.019516,0.203255,0.024938,,1524500,,
0,0,,0.457917,0.007665,0.005937,0.029207,0.035698,0.142347,0.070543,0.016181,0.211737,0.022769,,1527500,,
0,0,,0.418383,0.00623,0.008944,0.022407,0.049379,0.116656,0.149872,0.03081,0.172488,0.024831,,1523000,,
0,0,,0.465726,0.016126,0.004626,0.019211,0.067957,0.129398,0.056045,0.007738,0.215491,0.017681,,1542300,,
0,8,,0.117051,0.024727,0.058319,0.025086,0.08017,0.019885,0.134847,0.055447,0.44347,0.040998,,1543500,,
0,0,,0.449507,0.010555,0.009216,0.046397,0.027173,0.16519,0.029132,0.006338,0.217001,0.03949,,1526900,,
0,0,,0.51416,0.015679,0.01074,0.041035,0.02967,0.112732,0.031728,0.007556,0.19505,0.04165,,1533500,,
0,0,,0.381836,0.024357,0.014588,0.004778,0.093091,0.120053,0.022135,0.041103,0.272719,0.025341,,1528900,,
0,0,,0.446963,0.012763,0.009107,0.051918,0.024729,0.167804,0.026379,0.005285,0.219092,0.035961,,1522000,,
0,0,,0.453082,0.014419,0.008432,0.007713,0.033658,0.164195,0.067886,0.007773,0.22113,0.021711,,1527600,,
0,5,,0.274809,0.020756,0.014714,0.002817,0.065046,0.377814,0.032517,0.020111,0.162521,0.028895,,1522200,,
0,0,,0.352834,0.023146,0.003703,0.005712,0.038141,0.091836,0.078917,0.018577,0.34149,0.045643,,1525300,,
0,0,,0.349569,0.024179,0.010224,0.012881,0.053404,0.121315,0.051793,0.023354,0.296503,0.056779,,1566400,,
0,0,,0.432255,0.017614,0.009843,0.001365,0.062183,0.156487,0.041793,0.012202,0.231643,0.034616,,1525200,,
0,0,,0.443272,0.009188,0.013031,0.005221,0.057967,0.153091,0.040437,0.014752,0.232557,0.030485,,1527100,,
0,0,,0.416867,0.027987,0.016971,0.008984,0.048338,0.246484,0.050351,0.011686,0.140803,0.031529,,1521200,,
0,8,,0.133735,0.026618,0.034043,0.036138,0.092037,0.029376,0.115738,0.185068,0.282047,0.065201,,1528100,,
0,0,,0.374073,0.026193,0.064216,0.018036,0.093387,0.132844,0.072932,0.042082,0.110596,0.065641,,1527800,,
0,0,,0.395559,0.00955,0.006416,0.0308,0.03166,0.318649,0.043175,0.003598,0.137043,0.023551,,1523800,,
0,0,,0.354984,0.054503,0.013934,0.002121,0.04592,0.247771,0.037535,0.017042,0.198511,0.02768,,1523100,,
0,0,,0.292711,0.024392,0.02597,0.04138,0.037958,0.269253,0.110429,0.024207,0.124354,0.049345,,1525200,,
0,0,,0.467347,0.01545,0.011527,0.016747,0.039484,0.157721,0.042458,0.003338,0.226288,0.01964,,1519200,,
0,0,,0.337939,0.020553,0.019092,0.003243,0.042511,0.324353,0.04469,0.021333,0.174143,0.012143,,1548600,,
1,1,,0.014997,0.22944,0.052933,0.066582,0.081039,0.098014,0.085393,0.112734,0.065051,0.193816,,1523900,,
1,2,,0.020393,0.159956,0.307071,0.099099,0.062912,0.092603,0.044711,0.078238,0.061428,0.073588,,1532600,,
1,1,,0.018938,0.221287,0.024001,0.033955,0.199894,0.015126,0.105752,0.162822,0.039071,0.179154,,1539900,,
1,1,,0.027079,0.157783,0.135495,0.147356,0.042933,0.120953,0.108424,0.091199,0.031478,0.137302,,1533800,,
1,3,,0.010394,0.135637,0.197568,0.285841,0.020609,0.08772,0.011889,0.084216,0.039182,0.126943,,1529600,,
1,2,,0.011355,0.194201,0.301849,0.16646,0.014667,0.081358,0.01801,0.07904,0.036013,0.097047,,1520400,,
1,1,,0.014354,0.450463,0.024646,0.023015,0.136203,0.016117,0.063781,0.116175,0.026223,0.129024,,1529900,,
1,4,,0.026588,0.14694,0.029467,0.003462,0.236291,0.025027,0.093592,0.171333,0.063525,0.203775,,1530000,,
1,9,,0.022318,0.110541,0.175175,0.163379,0.054099,0.111828,0.03033,0.060668,0.0449,0.226762,,1527100,,
1,1,,0.033988,0.44996,0.023689,0.019385,0.108691,0.020749,0.061639,0.114724,0.054111,0.113062,,1549800,,
1,2,,0.016132,0.202212,0.280026,0.160779,0.026919,0.107149,0.024345,0.078279,0.028522,0.075638,,1531300,,
1,1,,0.023118,0.290375,0.038935,0.025544,0.148632,0.028716,0.118165,0.162984,0.025283,0.138248,,1527300,,
1,2,,0.004974,0.198143,0.253438,0.16535,0.015891,0.10741,0.025755,0.078474,0.03379,0.116775,,1525400,,
1,4,,0.026903,0.201191,0.019296,0.023654,0.224335,0.017339,0.120254,0.154688,0.060854,0.151487,,1525300,,
1,1,,0.013839,0.239124,0.031447,0.021054,0.137185,0.021074,0.118165,0.218606,0.037101,0.162405,,1523400,,
1,2,,0.034622,0.200137,0.236889,0.192845,0.033913,0.058168,0.026473,0.029197,0.045773,0.141982,,1528200,,
1,1,,0.015772,0.460242,0.025049,0.021293,0.121563,0.015429,0.05917,0.123884,0.024868,0.13273,,1521400,,
1,1,,0.025503,0.472564,0.022002,0.021478,0.118668,0.019099,0.062718,0.112124,0.034128,0.111715,,1535600,,
1,1,,0.018518,0.341157,0.086362,0.074997,0.063489,0.050841,0.054178,0.069789,0.024571,0.216098,,1545000,,
1,1,,0.020507,0.250041,0.124324,0.19022,0.029229,0.086041,0.086793,0.059477,0.032803,0.120565,,1548500,,
1,1,,0.008019,0.227101,0.090604,0.106786,0.059137,0.122649,0.085996,0.119932,0.0665,0.113275,,1526700,,
1,1,,0.043759,0.359474,0.045923,0.032829,0.053429,0.038719,0.118242,0.068803,0.048379,0.190442,,1533000,,
1,1,,0.017835,0.238683,0.121406,0.188926,0.024623,0.091024,0.08388,0.071328,0.027802,0.134495,,1524400,,
1,1,,0.034242,0.408529,0.01456,0.012533,0.11009,0.017306,0.05917,0.173694,0.05129,0.118586,,1525900,,
1,4,,0.030822,0.131243,0.021016,0.021677,0.246455,0.010593,0.118134,0.216832,0.071813,0.131415,,1533000,,
1,1,,0.022951,0.429149,0.021961,0.070315,0.081828,0.029707,0.076273,0.101949,0.027417,0.13845,,1537200,,
1,1,,0.023341,0.31909,0.026375,0.034119,0.158477,0.024786,0.103709,0.130156,0.035581,0.144366,,1525700,,
1,1,,0.032581,0.261954,0.020636,0.016913,0.130808,0.020891,0.139983,0.192871,0.044596,0.138768,,1526400,,
1,1,,0.023009,0.249369,0.02582,0.063383,0.138731,0.070008,0.107712,0.135987,0.019132,0.16685,,1531500,,
1,3,,0.008216,0.156335,0.180716,0.286185,0.018111,0.088946,0.013809,0.102586,0.025958,0.119137,,1563100,,
1,1,,0.016022,0.367057,0.034524,0.02407,0.184218,0.011132,0.100385,0.123295,0.025832,0.113464,,1534600,,
1,1,,0.013461,0.261381,0.018761,0.039925,0.196802,0.05026,0.094278,0.147599,0.020831,0.156703,,1534900,,
1,2,,0.00911,0.160534,0.281989,0.111312,0.061703,0.072721,0.064123,0.116696,0.054373,0.06744,,1537400,,
1,2,,0.011893,0.189949,0.273919,0.186829,0.020717,0.089284,0.019959,0.07867,0.031376,0.097404,,1541000,,
1,3,,0.011077,0.122737,0.206724,0.245803,0.027167,0.121195,0.01845,0.079836,0.034279,0.132731,,1536200,,
1,1,,0.01617,0.232065,0.032685,0.017339,0.214178,0.019381,0.103504,0.162263,0.040183,0.162233,,1535400,,
1,1,,0.007467,0.470204,0.028141,0.020691,0.115592,0.01544,0.059611,0.130976,0.032014,0.119865,,1536100,,
1,1,,0.029365,0.343964,0.038588,0.023206,0.159669,0.019668,0.09114,0.126736,0.034896,0.132766,,1532800,,
1,1,,0.035692,0.223769,0.020677,0.022617,0.21852,0.014497,0.090975,0.164417,0.057809,0.151027,,1561300,,
1,2,,0.024863,0.148937,0.272068,0.170181,0.01874,0.11745,0.022094,0.077862,0.027009,0.120796,,1533200,,
1,1,,0.027424,0.336984,0.044893,0.05849,0.043697,0.057606,0.125123,0.062788,0.036557,0.206439,,1533700,,
1,2,,0.019242,0.23795,0.255467,0.139994,0.01081,0.115543,0.019155,0.062211,0.029861,0.109767,,1546100,,
1,9,,0.053678,0.157567,0.097437,0.064519,0.073363,0.078371,0.150363,0.137178,0.012319,0.175205,,1532100,,
1,2,,0.017072,0.195352,0.303654,0.157647,0.017854,0.080513,0.017334,0.080096,0.030075,0.100402,,1530800,,
1,1,,0.021868,0.217653,0.024759,0.022014,0.207844,0.027292,0.081055,0.16489,0.049084,0.18354,,1537800,,
1,2,,0.023977,0.204518,0.267395,0.161765,0.014942,0.09987,0.017519,0.073726,0.031956,0.104332,,1532100,,
1,1,,0.051361,0.208031,0.029502,0.029591,0.154966,0.015856,0.148111,0.16104,0.046593,0.154949,,1547200,,
1,1,,0.01765,0.331076,0.050712,0.036419,0.109125,0.036155,0.112293,0.073048,0.030982,0.202541,,1543200,,
1,1,,0.044163,0.456378,0.019308,0.019319,0.083592,0.026547,0.07517,0.121626,0.041099,0.112798,,1558600,,
1,9,,0.029714,0.201938,0.100431,0.073806,0.040978,0.096958,0.10444,0.099552,0.023104,0.22908,,1540500,,
1,1,,0.024331,0.323812,0.04628,0.056248,0.052987,0.057209,0.125708,0.0745,0.029356,0.209569,,1535900,,
1,2,,0.017298,0.142282,0.214042,0.18543,0.034871,0.106713,0.046809,0.044795,0.039111,0.16865,,1534200,,
1,3,,0.02522,0.130939,0.231252,0.245243,0.012366,0.09953,0.022302,0.052269,0.037015,0.143863,,1536700,,
1,2,,0.0114,0.234872,0.281694,0.172767,0.024318,0.078211,0.023413,0.074913,0.02277,0.075643,,1536500,,
1,1,,0.05034,0.230918,0.030509,0.024061,0.160771,0.022181,0.1141,0.155421,0.058093,0.153605,,1536400,,
1,2,,0.015881,0.176766,0.283909,0.148351,0.050205,0.092254,0.030367,0.088186,0.030815,0.083267,,1532800,,
1,2,,0.019144,0.149805,0.278507,0.131464,0.008038,0.114637,0.02722,0.069396,0.040221,0.161566,,1534400,,
1,2,,0.008212,0.155962,0.324671,0.084772,0.055642,0.099392,0.052864,0.099258,0.036537,0.082691,,1548800,,
1,4,,0.025952,0.138398,0.026297,0.009508,0.239878,0.01782,0.113728,0.178071,0.082192,0.168155,,1569700,,
1,2,,0.013235,0.158713,0.318196,0.165502,0.049454,0.088082,0.032857,0.075802,0.037183,0.060977,,1534500,,
1,1,,0.030712,0.349409,0.026727,0.018928,0.176806,0.013851,0.078325,0.137739,0.035579,0.131923,,1544100,,
1,2,,0.013575,0.159263,0.318798,0.150494,0.046342,0.096912,0.027123,0.087927,0.018628,0.080938,,1531800,,
1,1,,0.034636,0.455832,0.017685,0.031371,0.085936,0.018683,0.080557,0.117117,0.040381,0.117803,,1534100,,
1,3,,0.020391,0.206677,0.143562,0.213256,0.04274,0.086242,0.050425,0.085023,0.033278,0.118406,,1537600,,
1,1,,0.03675,0.44753,0.028409,0.016955,0.083418,0.017362,0.085763,0.113977,0.053306,0.11653,,1537300,,
1,1,,0.040721,0.304238,0.021957,0.025744,0.168835,0.015047,0.10158,0.134434,0.037499,0.149943,,1531700,,
1,1,,0.012711,0.296506,0.039712,0.006669,0.167559,0.016845,0.100506,0.188719,0.035412,0.135361,,1535400,,
1,4,,0.038853,0.191656,0.02587,0.02227,0.195002,0.022488,0.16141,0.152576,0.037102,0.152773,,1559000,,
1,3,,0.033198,0.115437,0.192036,0.206311,0.050219,0.119199,0.051551,0.056923,0.048522,0.126604,,1563700,,
1,1,,0.040194,0.25389,0.027265,0.026015,0.141521,0.052461,0.116835,0.13918,0.040366,0.162273,,1536400,,
1,1,,0.021302,0.252579,0.119548,0.193237,0.02928,0.086072,0.084919,0.057767,0.034475,0.120822,,1539900,,
1,1,,0.023746,0.251888,0.015543,0.046112,0.140213,0.071056,0.106942,0.149453,0.026276,0.168771,,1531800,,
1,1,,0.003651,0.373002,0.053353,0.023562,0.146979,0.026426,0.101116,0.146672,0.028802,0.096438,,1543900,,
1,1,,0.008428,0.316809,0.053358,0.027094,0.165792,0.0293,0.090748,0.133811,0.034348,0.140313,,1529900,,
1,1,,0.005619,0.358053,0.067459,0.018732,0.141208,0.031803,0.10324,0.116405,0.052647,0.104834,,1533600,,
1,2,,0.008015,0.118429,0.303288,0.100006,0.061181,0.075892,0.070068,0.110363,0.037064,0.115694,,1534600,,
1,2,,0.013393,0.164303,0.250644,0.106763,0.095553,0.058314,0.049226,0.106906,0.065322,0.089576,,1536100,,
1,2,,0.03916,0.096111,0.314211,0.11125,0.036094,0.067646,0.137222,0.064211,0.053091,0.081003,,1575800,,
1,2,,0.016511,0.193913,0.255231,0.194289,0.022141,0.095197,0.021527,0.094292,0.025798,0.081101,,1536000,,
1,4,,0.030394,0.104745,0.016504,0.022512,0.284793,0.035747,0.116463,0.137404,0.067301,0.184137,,1544200,,
1,2,,0.014628,0.197031,0.257825,0.144348,0.012615,0.109197,0.014409,0.100241,0.031958,0.117747,,1530500,,
1,1,,0.017758,0.231682,0.066564,0.010733,0.106983,0.067419,0.119671,0.193054,0.030938,0.155198,,1535600,,
1,1,,0.02241,0.256725,0.016408,0.032773,0.190005,0.021997,0.091518,0.132979,0.044451,0.190735,,1534200,,
1,1,,0.025535,0.391673,0.045923,0.025861,0.073766,0.032053,0.116305,0.081535,0.026096,0.181253,,1537500,,
1,1,,0.027716,0.331393,0.033714,0.015693,0.165864,0.018593,0.116698,0.117475,0.039205,0.13365,,1529600,,
1,2,,0.01937,0.189719,0.273228,0.167616,0.014109,0.092591,0.016438,0.095742,0.027819,0.103369,,1532000,,
1,2,,0.011053,0.15854,0.32266,0.085442,0.060851,0.082211,0.051278,0.116089,0.031798,0.080079,,1543500,,
1,1,,0.020276,0.452709,0.018689,0.022033,0.102688,0.021904,0.05917,0.122049,0.056105,0.124377,,1556500,,
1,1,,0.046889,0.284003,0.052659,0.027027,0.07628,0.033198,0.138393,0.087535,0.041186,0.212831,,1536100,,
1,1,,0.02437,0.247324,0.128222,0.19908,0.028997,0.077583,0.085712,0.059097,0.033851,0.115764,,1540400,,
1,4,,0.012789,0.187131,0.020727,0.017285,0.242302,0.032446,0.078235,0.181614,0.044813,0.182658,,1547100,,
1,2,,0.012733,0.08302,0.253871,0.141388,0.060898,0.089164,0.078834,0.127772,0.053252,0.099069,,1538400,,
1,2,,0.015801,0.15362,0.324257,0.147979,0.043505,0.085169,0.021024,0.092514,0.027738,0.088392,,1533500,,
1,2,,0.018201,0.220958,0.231455,0.146932,0.028231,0.104489,0.043108,0.071508,0.03879,0.096328,,1530500,,
1,1,,0.019978,0.369774,0.045923,0.025437,0.109234,0.044529,0.10803,0.067466,0.026657,0.182972,,1541300,,
1,3,,0.009964,0.138073,0.160076,0.28981,0.032939,0.100705,0.015761,0.043688,0.033233,0.17575,,1534300,,
1,1,,0.010284,0.318241,0.134912,0.062228,0.027564,0.086688,0.054187,0.115208,0.028333,0.162354,,1534300,,
1,2,,0.014584,0.146588,0.264922,0.175181,0.021462,0.085109,0.020425,0.100752,0.025402,0.145575,,1558300,,
1,1,,0.016677,0.355051,0.037052,0.027954,0.183767,0.01327,0.1,0.119341,0.028373,0.118516,,1543400,,
1,4,,0.034271,0.114375,0.031746,0.002929,0.232398,0.054277,0.089313,0.167282,0.054539,0.21887,,1537900,,
1,1,,0.02367,0.241323,0.038795,0.016282,0.169129,0.020333,0.100525,0.147937,0.046993,0.195013,,1530400,,
1,1,,0.054884,0.205857,0.150588,0.179297,0.047117,0.083145,0.073671,0.066059,0.043133,0.096247,,1536500,,
1,2,,0.020672,0.119277,0.274012,0.166403,0.056348,0.072902,0.072648,0.070391,0.033199,0.114147,,1536400,,
1,2,,0.01269,0.24679,0.257352,0.108139,0.018113,0.059619,0.026169,0.07788,0.047898,0.14535,,1535700,,
1,1,,0.02332,0.315157,0.028276,0.027467,0.176426,0.020266,0.082629,0.131961,0.049251,0.145247,,1531100,,
1,1,,0.010935,0.215303,0.214537,0.166192,0.028999,0.090835,0.011226,0.077912,0.040638,0.143422,,1536100,,
1,2,,0.009339,0.158156,0.284516,0.078822,0.05037,0.100625,0.080057,0.099658,0.053678,0.084778,,1537000,,
1,1,,0.04251,0.443388,0.02758,0.026121,0.079284,0.020975,0.100178,0.103435,0.033733,0.122795,,1555000,,
1,2,,0.012799,0.1476,0.288747,0.147281,0.07012,0.08648,0.031137,0.101338,0.043159,0.07134,,1532400,,
1,1,,0.018256,0.29836,0.021066,0.055103,0.154371,0.037447,0.091952,0.125083,0.02914,0.16922,,1536400,,
1,1,,0.010864,0.44223,0.027439,0.033667,0.130061,0.012288,0.064653,0.123089,0.030926,0.124781,,1534500,,
1,9,,0.025469,0.138265,0.17492,0.17477,0.016018,0.120874,0.022292,0.047975,0.03051,0.248908,,1542700,,
1,1,,0.005799,0.320097,0.042215,0.017838,0.183366,0.027607,0.075101,0.140644,0.04466,0.142673,,1538500,,
1,2,,0.015417,0.174481,0.269896,0.159892,0.018821,0.094881,0.026031,0.07709,0.031652,0.131838,,1534700,,
1,1,,0.007041,0.4686,0.035502,0.027546,0.107899,0.021329,0.05917,0.116929,0.048294,0.107689,,1538600,,
1,1,,0.031284,0.451235,0.024145,0.024232,0.118925,0.017297,0.063872,0.103879,0.050459,0.114671,,1531400,,
1,1,,0.025576,0.235493,0.024632,0.022876,0.169634,0.02336,0.101397,0.158707,0.071842,0.166483,,1541500,,
1,1,,0.037518,0.335888,0.023423,0.032168,0.155486,0.015836,0.099392,0.127133,0.043562,0.129595,,1538400,,
1,2,,0.0154,0.148969,0.347183,0.105156,0.063007,0.05712,0.044645,0.104224,0.032515,0.081782,,1547300,,
1,1,,0.027193,0.215425,0.136833,0.181043,0.084039,0.068039,0.039324,0.096245,0.046761,0.105098,,1536700,,
1,1,,0.015215,0.268635,0.02202,0.043529,0.133133,0.026754,0.116194,0.121474,0.048896,0.20415,,1535600,,
1,1,,0.020331,0.347754,0.031225,0.022551,0.151456,0.018731,0.090748,0.130936,0.051346,0.134921,,1540200,,
1,1,,0.014871,0.315916,0.019371,0.02134,0.218558,0.020316,0.074139,0.133879,0.039882,0.141728,,1540700,,
1,3,,0.019937,0.206068,0.144374,0.211573,0.042285,0.086436,0.050425,0.084587,0.034835,0.119479,,1543600,,
1,9,,0.01075,0.194857,0.126249,0.01347,0.06925,0.067698,0.104998,0.142983,0.070686,0.199058,,1542900,,
1,1,,0.033958,0.214391,0.035117,0.024983,0.206592,0.014658,0.098262,0.161518,0.054504,0.156017,,1536100,,
1,1,,0.01496,0.252061,0.239076,0.17085,0.011028,0.081894,0.02011,0.092301,0.025932,0.091788,,1557500,,
1,1,,0.016241,0.301641,0.044503,0.032362,0.12403,0.025863,0.119308,0.131696,0.021049,0.183308,,1556500,,
1,3,,0.050199,0.205935,0.136731,0.21067,0.040411,0.08676,0.076519,0.062048,0.028319,0.102408,,1532900,,
1,9,,0.008762,0.168903,0.192575,0.124423,0.045359,0.101496,0.008076,0.076092,0.056763,0.217552,,1538200,,
1,2,,0.014646,0.154498,0.283488,0.086061,0.060473,0.073721,0.08227,0.097654,0.072167,0.075023,,1530800,,
1,2,,0.016241,0.082504,0.258559,0.140002,0.062783,0.09801,0.063935,0.091581,0.057925,0.128459,,1535200,,
1,1,,0.012121,0.445033,0.049593,0.015794,0.11092,0.023897,0.060027,0.112889,0.041951,0.127776,,1539900,,
1,1,,0.022362,0.207695,0.081113,0.154859,0.033005,0.114671,0.106158,0.077848,0.050528,0.151762,,1542400,,
1,1,,0.015154,0.349176,0.032255,0.024716,0.192946,0.020106,0.090748,0.133803,0.021824,0.119271,,1534600,,
1,1,,0.049421,0.253274,0.039909,0.032776,0.097809,0.043903,0.137901,0.140262,0.036508,0.168237,,1547600,,
1,1,,0.005519,0.315942,0.040256,0.01595,0.178629,0.020099,0.101363,0.151579,0.044081,0.12658,,1559500,,
1,4,,0.036382,0.106086,0.021711,0.011435,0.273202,0.040727,0.129483,0.136582,0.095522,0.148869,,1538200,,
1,2,,0.015225,0.128202,0.287386,0.154758,0.053249,0.075394,0.045613,0.09161,0.050985,0.097577,,1546800,,
1,1,,0.014588,0.331374,0.053545,0.032255,0.134474,0.027822,0.105912,0.129315,0.033688,0.137026,,1548700,,
1,2,,0.015359,0.148978,0.255949,0.092225,0.01637,0.140741,0.015139,0.097134,0.033472,0.184633,,1538700,,
1,1,,0.020511,0.2447,0.033268,0.021645,0.131331,0.041286,0.118165,0.146315,0.03425,0.20853,,1532200,,
1,3,,0.022452,0.20823,0.149792,0.209175,0.041176,0.092415,0.052176,0.069656,0.032723,0.122204,,1535900,,
1,1,,0.048454,0.430198,0.02227,0.030703,0.088298,0.019039,0.100316,0.105414,0.033433,0.121874,,1533300,,
1,2,,0.020714,0.220301,0.247512,0.149583,0.029772,0.094403,0.034443,0.081524,0.043837,0.077913,,1536600,,
1,3,,0.00951,0.210723,0.18337,0.211838,0.049688,0.080931,0.021577,0.11152,0.035816,0.085026,,1526600,,
1,1,,0.024955,0.243735,0.02746,0.066998,0.103116,0.03373,0.135049,0.123903,0.031358,0.209698,,1560100,,
1,1,,0.052307,0.221069,0.029742,0.029902,0.148744,0.027231,0.130289,0.149284,0.054952,0.156481,,1542300,,
1,1,,0.029051,0.361384,0.021107,0.022762,0.166838,0.016804,0.073374,0.125489,0.046252,0.13694,,1540100,,
