pendigits,CWE,test,2,NANOSECONDS,PREDICTIONS, Generated by ClassifierExperiments.java on 2022-05-16 23:21:06.    SYSTEMPROPERTIES:{user.name:matth,os.arch:amd64,os.name:Windows 10},ENDSYSTEMPROPERTIES
No parameter info
0.5915492957746479,2295228700,3410619100,-1,85291528,10,,-1,-1
0,0,,0.458949,0.008419,0.008235,0.03922,0.020956,0.180143,0.020211,0.005532,0.237374,0.020961,,1769400,,
0,8,,0.105199,0.009275,0.057701,0.000896,0.137812,0.02321,0.212792,0.143432,0.297053,0.01263,,1583500,,
0,0,,0.453023,0.010822,0.013849,0.002268,0.034241,0.189019,0.030184,0.012295,0.240508,0.013792,,1600800,,
0,0,,0.450173,0.009009,0.016515,0.028581,0.015934,0.188823,0.022421,0.010023,0.238215,0.020306,,1568600,,
0,0,,0.476802,0.011077,0.013849,0.005504,0.024313,0.181973,0.033755,0.008142,0.242502,0.002083,,1574200,,
0,0,,0.361554,0.023383,0.021337,0,0.054718,0.143667,0.02116,0.020543,0.318532,0.035106,,1579300,,
0,0,,0.346463,0.005391,0.011263,0.032477,0.019813,0.306453,0.020107,0.010161,0.227375,0.020498,,1570500,,
0,0,,0.361637,0.020956,0.030738,0.025185,0.052711,0.083484,0.157879,0.035541,0.150619,0.08125,,1563200,,
0,0,,0.345283,0.008404,0.036525,0.006809,0.051843,0.053124,0.208165,0.04724,0.200824,0.041784,,1561800,,
0,5,,0.283607,0.015778,0.025778,0.00678,0.02241,0.403055,0.029975,0.011337,0.191662,0.009618,,1561600,,
0,0,,0.374447,0.014455,0.027515,0.001818,0.021262,0.295768,0.026005,0.013667,0.214341,0.010724,,1553400,,
0,0,,0.413968,0.001127,0.010141,0.029108,0.019592,0.215516,0.074841,0.003674,0.220763,0.01127,,1554800,,
0,0,,0.360387,0.015143,0.022433,0.0064,0.024783,0.304576,0.023518,0.012926,0.223762,0.006073,,1580200,,
0,8,,0.095935,0.014569,0.044449,0,0.097488,0.012864,0.165786,0.074866,0.487298,0.006745,,1545100,,
0,0,,0.481202,0.032703,0.008411,0.012187,0.022232,0.104016,0.086613,0.00501,0.204777,0.042849,,1534500,,
0,0,,0.517299,0.022716,0.016833,0.00593,0.033296,0.0488,0.122364,0.024385,0.16436,0.044019,,1539400,,
0,0,,0.388937,0.00976,0.029606,0.008485,0.028656,0.322839,0.037377,0.007107,0.16259,0.004641,,1522900,,
0,0,,0.495794,0.019349,0.019087,0,0.024386,0.111055,0.031427,0.022475,0.271711,0.004717,,1534400,,
0,0,,0.457075,0.007826,0.01095,0.013913,0.024585,0.177083,0.020463,0.017552,0.266995,0.003557,,1517400,,
0,0,,0.390428,0.006132,0.020515,0.006349,0.025619,0.321049,0.04646,0.015257,0.160893,0.007296,,1518000,,
0,7,,0.011829,0.06088,0.118565,0.037384,0.155234,0.023353,0.160901,0.311171,0.067374,0.05331,,1523300,,
0,0,,0.555963,0.011969,0.016986,0.030056,0.01393,0.131998,0.021346,0.005862,0.189214,0.022677,,1524800,,
0,8,,0.271489,0.078209,0.042019,0.000253,0.079002,0.009667,0.108218,0.059706,0.332957,0.01848,,1535300,,
0,5,,0.26479,0.014774,0.017509,0.007335,0.030439,0.406443,0.046835,0.01856,0.187029,0.006285,,1560200,,
0,5,,0.253378,0.021111,0.032653,0.024048,0.036018,0.270455,0.184411,0.022303,0.104723,0.050901,,1600100,,
0,0,,0.464081,0.00714,0.021515,0.012615,0.031748,0.183852,0.027004,0.005046,0.241704,0.005294,,1561500,,
0,0,,0.363642,0.028577,0.016309,0.000556,0.036387,0.326323,0.035081,0.020476,0.147812,0.024837,,1519500,,
0,0,,0.478796,0.005299,0.013849,0.011282,0.029244,0.179688,0.033836,0.003994,0.239427,0.004586,,1520700,,
0,0,,0.442975,0.005093,0.008969,0.037373,0.01735,0.132112,0.123044,0.012513,0.212724,0.007847,,1520400,,
0,0,,0.38158,0.023603,0.023051,0,0.038055,0.31374,0.038131,0.024904,0.14839,0.008545,,1544200,,
0,0,,0.477596,0.009309,0,0.016334,0.025077,0.201104,0.07439,0.002627,0.143681,0.049881,,1523100,,
0,0,,0.498443,0.011676,0.007129,0.034646,0.019394,0.137319,0.083175,0.001799,0.199121,0.007298,,1528900,,
0,0,,0.362816,0.011629,0.024642,0.011188,0.03523,0.348865,0.034821,0.016044,0.138812,0.015951,,1518900,,
0,0,,0.319542,0.094982,0.059154,0.116059,0.049836,0.129813,0.011667,0.031641,0.150477,0.036829,,1522900,,
0,0,,0.366466,0.0108,0.030706,0.026395,0.039123,0.109654,0.200365,0.01931,0.178134,0.019047,,1527400,,
0,0,,0.47909,0.00734,0.016515,0.011149,0.014776,0.174368,0.03656,0.010536,0.242468,0.007197,,1562100,,
0,8,,0.119021,0.024804,0.072845,0.005526,0.084915,0.005714,0.151769,0.159208,0.359167,0.01703,,1521200,,
0,0,,0.327135,0.010124,0.012511,0,0.06903,0.104743,0.08419,0.048086,0.305555,0.038626,,1519200,,
0,0,,0.452728,0.011798,0.022567,0,0.029565,0.20679,0.02625,0.028347,0.186887,0.03507,,1527300,,
0,0,,0.45106,0.028346,0.029849,0,0.044315,0.230648,0.01946,0.016966,0.150833,0.028523,,1518200,,
0,0,,0.450918,0.019124,0.022751,0.023781,0.049749,0.029821,0.149934,0.048812,0.146096,0.059014,,1522100,,
0,0,,0.448553,0.00828,0.021424,0.03469,0.018109,0.187124,0.02054,0.010205,0.232207,0.018868,,1541100,,
0,0,,0.466132,0.011979,0.023104,0.007672,0.014132,0.176451,0.037907,0.012867,0.241424,0.008333,,1540500,,
0,0,,0.388318,0.011165,0,0.033056,0.023783,0.320864,0.076626,0.000992,0.108994,0.036202,,1530700,,
0,0,,0.365097,0.020952,0.031753,0,0.042993,0.343496,0.012494,0.021031,0.149883,0.012299,,1536700,,
0,5,,0.252,0.009671,0.028942,0.025263,0.041104,0.280403,0.184117,0.022793,0.109174,0.046531,,1529900,,
0,0,,0.358629,0.017939,0.021028,0.001758,0.035208,0.301276,0.019165,0.023317,0.215359,0.00632,,1524500,,
0,0,,0.304656,0.065475,0.034023,0.005303,0.067631,0.21883,0.147036,0.039408,0.095129,0.02251,,1533000,,
0,0,,0.444591,0.007765,0.001618,0.026245,0.020251,0.137757,0.118132,0.012759,0.208772,0.022111,,1547600,,
0,0,,0.459572,0.010103,0.023104,0.008157,0.019036,0.179128,0.045182,0.010458,0.24171,0.00355,,1524700,,
0,0,,0.474132,0.00734,0.016515,0.011149,0.017262,0.177848,0.034946,0.0103,0.243456,0.007051,,1523800,,
0,0,,0.446916,0.012066,0.019484,0.026255,0.013207,0.192189,0.021281,0.002848,0.246886,0.018868,,1530200,,
0,8,,0.32178,0.023304,0.02464,0,0.0504,0.039453,0.064316,0.045231,0.396138,0.034737,,1532900,,
0,5,,0.272811,0.011196,0.031867,0.006809,0.03215,0.418142,0.01644,0.016504,0.182539,0.011544,,1526200,,
0,0,,0.384708,0.005702,0.021515,0.014809,0.020789,0.341994,0.030346,0.008435,0.164672,0.007029,,1521500,,
0,1,,0.018808,0.195355,0.127133,0.125518,0.172745,0.056717,0.10095,0.116288,0.036302,0.050185,,1542300,,
0,0,,0.446351,0.005078,0.01095,0.032477,0.020468,0.189769,0.022473,0.009849,0.242802,0.019784,,1550000,,
0,0,,0.443222,0.00986,0.003704,0.033129,0.020814,0.123933,0.126494,0.013652,0.216408,0.008784,,1521400,,
0,5,,0.279194,0.019334,0.018977,0.008158,0.020173,0.414904,0.02376,0.015359,0.194023,0.006119,,1519600,,
0,7,,0.076137,0.044786,0.070698,0.075176,0.179651,0.032426,0.128533,0.213885,0.120341,0.058367,,1536500,,
0,0,,0.247652,0.011129,0.02381,0.024924,0.043696,0.232762,0.187297,0.035881,0.14685,0.045998,,1527500,,
0,0,,0.409607,0.010441,0.029087,0.001379,0.020476,0.314408,0.033516,0.011851,0.155983,0.013251,,1544200,,
0,0,,0.411891,0.020629,0.003384,0,0.051727,0.097899,0.070866,0.02709,0.266186,0.050328,,1531100,,
0,0,,0.371208,0.012633,0.018977,0.004721,0.019109,0.317367,0.028655,0.010424,0.207309,0.009596,,1533700,,
0,5,,0.18633,0.024007,0.041042,0.026369,0.088646,0.271024,0.143517,0.034673,0.12841,0.055981,,1531600,,
0,8,,0.335181,0.013238,0.019087,0,0.058659,0.172829,0.026149,0.024327,0.343128,0.007402,,1522600,,
0,0,,0.344795,0.017438,0.031038,0.001951,0.035899,0.334838,0.01064,0.011616,0.203012,0.008772,,1519100,,
0,0,,0.295456,0.027813,0.0201,0.004044,0.037918,0.06573,0.193854,0.03058,0.253044,0.071461,,1560900,,
0,5,,0.320719,0.015918,0.025778,0.004138,0.029787,0.360686,0.037195,0.010005,0.185549,0.010225,,1534800,,
0,0,,0.357512,0.022087,0.027515,0.003721,0.028825,0.351269,0.022444,0.019349,0.155759,0.011519,,1526300,,
0,0,,0.344469,0.026841,0.027515,0,0.033326,0.25844,0.014927,0.018935,0.268885,0.006661,,1533400,,
0,0,,0.476863,0.014019,0.016986,0.009033,0.024294,0.180252,0.028159,0.006942,0.235718,0.007734,,1529300,,
0,0,,0.446987,0.017113,0.006162,0.026134,0.013352,0.165756,0.059356,0.022486,0.205328,0.037326,,1533400,,
0,0,,0.467566,0.015318,0.024726,0.004864,0.017745,0.171363,0.036312,0.008,0.24708,0.007027,,1531900,,
0,5,,0.287365,0.015673,0.007644,0.034442,0.026149,0.401781,0.027375,0.003805,0.186447,0.009318,,1530900,,
0,0,,0.34206,0.024029,0.012234,0,0.056507,0.092855,0.105757,0.026757,0.297939,0.041863,,1526300,,
0,0,,0.418443,0.008004,0.017524,0.052733,0.014111,0.1559,0.062462,0.019655,0.229012,0.022156,,1541500,,
0,0,,0.345964,0.015224,0.021337,0.004324,0.025308,0.312169,0.03824,0.01741,0.209683,0.010341,,1538400,,
0,0,,0.353661,0.018449,0.028985,0.029819,0.068748,0.102721,0.140791,0.036262,0.175463,0.0451,,1536900,,
0,0,,0.457497,0.003614,0.010656,0.024259,0.032169,0.183504,0.028169,0.002737,0.252753,0.004641,,1528400,,
0,0,,0.388865,0.010645,0.029087,0.002963,0.026913,0.332805,0.024244,0.009195,0.15287,0.022413,,1559900,,
0,0,,0.483529,0.011447,0.024726,0.005068,0.027456,0.172091,0.019365,0.006738,0.242918,0.006661,,1531800,,
0,0,,0.436506,0.011822,0.027515,0.001379,0.040794,0.17668,0.044834,0.014184,0.233034,0.013251,,1562900,,
0,0,,0.454377,0.008419,0.008235,0.03922,0.022707,0.181577,0.018999,0.005532,0.241118,0.019816,,1537400,,
0,0,,0.460108,0.006089,0.004219,0.038855,0.023371,0.176876,0.034094,0.003214,0.246812,0.006362,,1531800,,
0,5,,0.24541,0.031751,0.034904,0.024513,0.043488,0.276661,0.153479,0.036662,0.096259,0.056873,,1544600,,
0,5,,0.288404,0.018711,0.027832,0.001429,0.024762,0.395014,0.025735,0.010168,0.199018,0.008929,,1535100,,
0,0,,0.487913,0.010963,0.013849,0.003852,0.017565,0.180704,0.022473,0.009623,0.246531,0.006528,,1546200,,
0,0,,0.459871,0.009483,0.016986,0.014759,0.024042,0.187642,0.033315,0.004168,0.245036,0.004697,,1539800,,
0,0,,0.436552,0.01192,0.023648,0.023781,0.017502,0.193929,0.030401,0.006842,0.233554,0.021871,,1551900,,
0,8,,0.230779,0.026085,0.06254,0.012971,0.100006,0.008071,0.11924,0.096471,0.324376,0.019461,,1565200,,
0,8,,0.244603,0.031614,0.034757,0.005115,0.09527,0.074399,0.154357,0.030168,0.288068,0.041648,,1535600,,
0,0,,0.358741,0.011983,0.023648,0.023781,0.018652,0.355774,0.025239,0.006858,0.155109,0.020215,,1540500,,
0,0,,0.454959,0.009214,0.023104,0.004305,0.039832,0.186214,0.020204,0.014903,0.236043,0.011224,,1533800,,
0,0,,0.378767,0.006564,0.020506,0.031647,0.039973,0.105934,0.191476,0.021631,0.182746,0.020756,,1538900,,
0,0,,0.46325,0.008824,0.012925,0.043685,0.027885,0.135418,0.087805,0,0.214077,0.00613,,1542900,,
0,0,,0.345407,0.00575,0.004153,0,0.042253,0.339403,0.045831,0.02868,0.179708,0.008817,,1536000,,
0,7,,0.018701,0.018314,0.065966,0.003611,0.141702,0.01181,0.257236,0.312617,0.158908,0.011136,,1539300,,
0,5,,0.242682,0.027699,0.034349,0.024034,0.048411,0.269688,0.153732,0.035742,0.112617,0.051046,,1552300,,
0,0,,0.467119,0.017346,0.0082,0.036178,0.014689,0.162243,0.06988,0.001736,0.210557,0.012052,,1545500,,
0,0,,0.450834,0.007671,0.009288,0.052733,0.01417,0.188682,0.019426,0.002023,0.232882,0.02229,,1560300,,
0,0,,0.217995,0.036487,0.054012,0.025319,0.066231,0.204757,0.105576,0.07616,0.155444,0.058017,,1535000,,
0,0,,0.471434,0.012471,0.009343,0.039116,0.029286,0.13541,0.081377,0.003404,0.206513,0.011645,,1556300,,
0,0,,0.398489,0.002778,0.001277,0.020392,0.020599,0.296082,0.090238,0.002778,0.150799,0.016566,,1544400,,
0,0,,0.471294,0.006791,0.008235,0.028342,0.024375,0.179307,0.030685,0.00712,0.235428,0.008423,,1537900,,
0,8,,0.18452,0.01403,0.034038,0.002707,0.065715,0.009723,0.180347,0.073002,0.416316,0.019602,,1549900,,
0,0,,0.339926,0.019697,0.002812,0,0.074221,0.074563,0.088717,0.029701,0.317064,0.053299,,1557000,,
0,8,,0.249495,0.01895,0.012755,0,0.044945,0.076656,0.091109,0.06098,0.404666,0.040443,,1541700,,
0,0,,0.451119,0.006431,0.013849,0.030448,0.024473,0.195771,0.020211,0.004986,0.231752,0.020961,,1561900,,
0,0,,0.445253,0.008971,0.000952,0.050448,0.017268,0.208434,0.07871,0.001945,0.158783,0.029236,,1551400,,
0,0,,0.453787,0.011692,0,0.008989,0.029676,0.098757,0.13223,0.028639,0.205405,0.030825,,1545200,,
0,5,,0.33854,0.021016,0.029087,0.002963,0.029106,0.346475,0.034674,0.013639,0.177721,0.00678,,1570200,,
0,0,,0.462225,0.022035,0.011701,0.011371,0.018195,0.14466,0.09008,0.004107,0.207025,0.028601,,1567000,,
0,0,,0.464368,0.00675,0.008235,0.021788,0.022243,0.174001,0.034146,0.005809,0.255608,0.007051,,1561100,,
0,0,,0.242367,0.02468,0.023274,0.025201,0.04771,0.227506,0.148973,0.050911,0.154476,0.054902,,1557700,,
0,0,,0.266898,0.030251,0.025399,0.024034,0.047945,0.25034,0.149848,0.040798,0.107541,0.056947,,1554500,,
0,0,,0.386414,0.014461,0.001285,0.035327,0.020187,0.348185,0.027965,0.004751,0.146808,0.014619,,1567700,,
0,0,,0.405151,0.015193,0.024906,0.00381,0.021091,0.330528,0.038011,0.003973,0.136513,0.020826,,1562400,,
0,7,,0.011881,0.028836,0.075868,0.01006,0.170312,0.008553,0.202264,0.271746,0.195672,0.02481,,1573700,,
0,0,,0.351197,0.01484,0.046823,0.012903,0.080024,0.060974,0.151495,0.039826,0.168718,0.073199,,1605200,,
0,5,,0.318281,0.011877,0.023648,0,0.04112,0.360909,0.018632,0.016122,0.198461,0.010951,,1564900,,
0,0,,0.475258,0.012276,0.021515,0.012138,0.017016,0.182761,0.030358,0.00641,0.2331,0.009169,,1559800,,
0,0,,0.475577,0.022892,0.029606,0.002222,0.022678,0.225473,0.015644,0.018218,0.166797,0.020893,,1556700,,
0,0,,0.407701,0.005339,0.01729,0.024605,0.042242,0.117102,0.128828,0.020138,0.212393,0.024362,,1567100,,
0,0,,0.441126,0.006957,0,0.022609,0.025039,0.164809,0.090915,0.001667,0.19677,0.050108,,1561400,,
0,8,,0.263233,0.023241,0.022461,0,0.060509,0.024692,0.214983,0.045429,0.332696,0.012755,,1565400,,
0,0,,0.458546,0.018643,0.011678,0.01237,0.030185,0.176128,0.020922,0.014346,0.25064,0.006541,,1561400,,
0,0,,0.363966,0.011797,0.005635,0.040533,0.024363,0.332729,0.038593,0.001046,0.175867,0.00547,,1556000,,
0,0,,0.49389,0.004575,0.013849,0.013725,0.023234,0.174964,0.031678,0.006346,0.232829,0.004909,,1557200,,
0,0,,0.400394,0.008915,0.023104,0.026605,0.013812,0.216862,0.025201,0.011435,0.230531,0.043143,,1578900,,
0,0,,0.457349,0.014531,0.00129,0.052168,0.015781,0.175029,0.045668,0.002518,0.21555,0.020116,,1553800,,
0,7,,0.019332,0.030704,0.109869,0.015565,0.255309,0.013814,0.167848,0.255516,0.087757,0.044285,,1561100,,
0,5,,0.265895,0.0184,0.000606,0.029819,0.028127,0.309649,0.110614,0.045213,0.146498,0.04518,,1560900,,
0,6,,0.022136,0.015121,0.066026,0.000896,0.1888,0.008517,0.261772,0.221008,0.19167,0.024055,,1555900,,
0,5,,0.283653,0.012415,0.024642,0.007388,0.024596,0.417055,0.033306,0.00982,0.17803,0.009094,,1566300,,
0,0,,0.254991,0.046733,0.085725,0.096969,0.0887,0.027333,0.032844,0.040754,0.229136,0.096815,,1561700,,
0,0,,0.467401,0.006176,0.021424,0.017258,0.012496,0.178527,0.038981,0.0108,0.240586,0.006349,,1562900,,
0,8,,0.243666,0.029184,0.049031,0.025176,0.072456,0.051484,0.06571,0.11755,0.259416,0.086325,,1565100,,
0,0,,0.470986,0.004899,0.010984,0.025125,0.020383,0.180378,0.033671,0.005127,0.238223,0.010224,,1600200,,
0,0,,0.409348,0.036615,0.024473,0.010462,0.036447,0.140949,0.145949,0.031681,0.122839,0.041237,,1561800,,
0,0,,0.367323,0.013439,0.001285,0.056089,0.022232,0.1448,0.018442,0.002023,0.319455,0.054913,,1560300,,
0,0,,0.464506,0.005044,0.013849,0.008046,0.034445,0.186024,0.028754,0.008147,0.235711,0.015474,,1572300,,
0,0,,0.44543,0.008464,0.006473,0.04676,0.016055,0.191944,0.021074,0.004811,0.238873,0.020116,,1564300,,
0,0,,0.368696,0.021867,0.024906,0.003721,0.030608,0.307292,0.014386,0.013276,0.20373,0.011519,,1565300,,
0,0,,0.467503,0.006581,0.021515,0.020903,0.02323,0.185294,0.030224,0.007611,0.228869,0.00827,,1567500,,
0,5,,0.343159,0.011066,0.007644,0.038742,0.015411,0.35345,0.035069,0.003619,0.184609,0.007231,,1563400,,
0,0,,0.364809,0.02946,0.025778,0,0.036401,0.345025,0.014772,0.015898,0.160791,0.007065,,1557500,,
0,0,,0.452098,0.008419,0.008235,0.03922,0.019753,0.187376,0.022473,0.005532,0.237112,0.019784,,1557400,,
0,0,,0.451859,0.012587,0.024726,0.002105,0.037706,0.179135,0.010135,0.015513,0.257864,0.008371,,1601900,,
0,0,,0.305341,0.015781,0.029765,0,0.078185,0.055456,0.149635,0.062855,0.260551,0.04243,,1562500,,
0,8,,0.317733,0.019784,0.003555,0.023636,0.051826,0.116676,0.011257,0.008785,0.434247,0.0125,,1562400,,
0,0,,0.460644,0.010741,0.021337,0,0.041775,0.22586,0.021721,0.023358,0.172124,0.022441,,1564100,,
0,0,,0.469084,0.007682,0.024642,0.008889,0.01743,0.183562,0.035673,0.008665,0.237075,0.007296,,1556700,,
0,0,,0.441417,0.006144,0.003871,0.054749,0.020202,0.148352,0.076626,0.002928,0.224452,0.02126,,1556500,,
0,0,,0.459289,0.022273,0.029606,0,0.013135,0.181107,0.025684,0.017091,0.247007,0.004808,,1561300,,
0,5,,0.323493,0.007845,0.021424,0.03469,0.016998,0.365458,0.022378,0.010205,0.178002,0.019508,,1562300,,
0,0,,0.455861,0.01692,0.021515,0.009429,0.040342,0.188394,0.015355,0.005046,0.235555,0.011582,,1554100,,
0,5,,0.292126,0.012816,0.022433,0.004848,0.023967,0.397841,0.032437,0.00895,0.196305,0.008278,,1577300,,
0,0,,0.36065,0.018384,0.001702,0.005975,0.036852,0.095619,0.117616,0.047167,0.244572,0.071462,,1571100,,
0,4,,0.012729,0.092462,0.085549,0.092525,0.223454,0.067894,0.134372,0.17463,0.027842,0.088542,,1569900,,
0,0,,0.444674,0.015483,0.030649,0,0.038879,0.181671,0.036876,0.013799,0.228422,0.009548,,1554800,,
0,0,,0.456371,0.011998,0.005953,0.058981,0.012486,0.173521,0.041472,0.001548,0.213308,0.024363,,1558600,,
0,0,,0.442181,0.011481,0.002131,0.052872,0.020373,0.223089,0.018961,0.002023,0.174017,0.052872,,1554500,,
0,0,,0.348569,0.022988,0.029606,0,0.039268,0.335952,0.029629,0.014064,0.171379,0.008545,,1559100,,
0,0,,0.516294,0.003503,0.028986,0.035551,0.021821,0.108643,0.051735,0.025806,0.200679,0.006984,,1566200,,
0,0,,0.516161,0.013987,0.022624,0.03135,0.021874,0.116597,0.041684,0.024807,0.204015,0.006901,,1555900,,
0,0,,0.461687,0.005357,0.008015,0.025724,0.01628,0.18316,0.03712,0.005435,0.24993,0.007292,,1559000,,
0,0,,0.383632,0.019082,0.024906,0.0064,0.013735,0.352076,0.034717,0.011059,0.141549,0.012844,,1599900,,
0,0,,0.350961,0.012194,0.003369,0.034614,0.014993,0.273418,0.033671,0.003436,0.258068,0.015276,,1570100,,
0,0,,0.341015,0.019336,0.031606,0,0.03179,0.270571,0.0132,0.011107,0.268457,0.012919,,1560000,,
0,8,,0.246787,0.014577,0.038893,0.00237,0.125232,0.010224,0.171909,0.06603,0.266923,0.057055,,1557500,,
0,0,,0.394797,0.017426,0.011678,0.009054,0.015018,0.330549,0.045277,0.005682,0.167214,0.003305,,1561500,,
0,0,,0.366978,0.009318,0.025778,0.003478,0.02543,0.329561,0.040049,0.00861,0.184071,0.006727,,1557700,,
0,0,,0.474048,0.007576,0.023104,0.011245,0.02051,0.177103,0.032971,0.013265,0.232347,0.007831,,1557200,,
0,0,,0.444433,0.008737,0.002264,0.056234,0.015164,0.148788,0.078787,0.000992,0.218258,0.026344,,1563300,,
0,0,,0.392229,0.01173,0.001071,0.030108,0.042562,0.160321,0.109413,0.043455,0.137298,0.071812,,1557100,,
0,5,,0.27904,0.020989,0.027832,0,0.017635,0.403793,0.019326,0.020622,0.195855,0.014908,,1587800,,
0,0,,0.35784,0.011256,0.023104,0.011472,0.02839,0.311624,0.02565,0.019107,0.205016,0.006541,,1555300,,
0,0,,0.327496,0.011388,0.029789,0.024337,0.02078,0.322494,0.034811,0.012835,0.196255,0.019816,,1544100,,
0,0,,0.433493,0.00975,0.021603,0.027797,0.025096,0.120039,0.06942,0.020313,0.251519,0.02097,,1534300,,
0,0,,0.480922,0.030882,0.027515,0,0.040113,0.11621,0.018662,0.017319,0.260654,0.007721,,1539000,,
0,0,,0.465209,0.022093,0.011678,0.005388,0.022859,0.185504,0.021778,0.014015,0.239394,0.012083,,1533300,,
0,0,,0.438583,0.004209,0,0.037114,0.036145,0.094459,0.111419,0.043098,0.203758,0.031215,,1537200,,
0,0,,0.47147,0.006777,0.021424,0.015524,0.028372,0.179228,0.027913,0.009228,0.234769,0.005294,,1534800,,
0,0,,0.4725,0.00609,0.031867,0.006809,0.017917,0.147165,0.036865,0.013099,0.233306,0.034382,,1536500,,
0,0,,0.453322,0.006471,0.023104,0.009632,0.020315,0.20499,0.032643,0.01216,0.229223,0.00814,,1547800,,
0,0,,0.378299,0.007845,0.021424,0.03469,0.018475,0.328746,0.01987,0.010205,0.160364,0.020082,,1564400,,
0,0,,0.453795,0.013623,0.008346,0.055464,0.012994,0.184757,0.020562,0.002374,0.226398,0.021688,,1552100,,
0,0,,0.392812,0.025131,0.023592,0,0.035719,0.106165,0.018044,0.029372,0.363869,0.005294,,1512000,,
0,7,,0.070039,0.085455,0.051321,0.103412,0.1284,0.021313,0.121841,0.191057,0.150047,0.077114,,1513400,,
0,8,,0.305946,0.008757,0.017746,0.006349,0.021383,0.113699,0.060798,0.013393,0.444633,0.007296,,1510000,,
0,0,,0.493222,0.009439,0.023597,0.056234,0.014995,0.121705,0.039061,0.023027,0.192226,0.026492,,1514800,,
0,0,,0.461316,0.012156,0.011678,0.017054,0.020618,0.179296,0.030787,0.007364,0.247513,0.012217,,1511000,,
0,5,,0.273666,0.024617,0.018977,0.0092,0.029529,0.410688,0.025843,0.018261,0.18328,0.005938,,1510400,,
0,0,,0.453657,0.008044,0.001654,0.03957,0.018858,0.154853,0.076012,0.022707,0.206563,0.018081,,1511900,,
0,8,,0.274471,0.030015,0.06576,0.026991,0.107762,0.017673,0.044908,0.079927,0.291553,0.060939,,1511300,,
0,0,,0.478502,0.0158,0.024906,0.005217,0.022029,0.13797,0.020979,0.012669,0.250912,0.031015,,1535200,,
0,0,,0.449602,0.005351,0.008763,0.059245,0.017985,0.182694,0.022433,0.003483,0.230034,0.02041,,1510100,,
0,8,,0.193659,0.043909,0.051538,0.00381,0.071952,0.012435,0.12576,0.072278,0.383855,0.040803,,1537800,,
0,0,,0.472509,0.017179,0.021436,0.004425,0.032352,0.177322,0.011852,0.005758,0.249232,0.007937,,1516800,,
0,0,,0.373161,0.009842,0.031867,0.001818,0.032912,0.344214,0.02201,0.013331,0.159537,0.011308,,1514500,,
0,0,,0.405129,0.022317,0.023592,0.003721,0.023273,0.203872,0.032585,0.018041,0.234045,0.033424,,1521300,,
0,0,,0.469553,0.012042,0.0158,0.008618,0.04706,0.174795,0.005878,0.007912,0.250271,0.008071,,1506800,,
0,0,,0.450175,0.005648,0.010969,0.039556,0.020499,0.188306,0.020107,0.004026,0.240218,0.020498,,1508200,,
0,0,,0.444763,0.01002,0.027832,0,0.034293,0.185913,0.014859,0.020083,0.253867,0.008371,,1509100,,
0,0,,0.346137,0.017316,0.01546,0.001429,0.035749,0.309914,0.040435,0.010717,0.211261,0.011582,,1525100,,
0,0,,0.476715,0.01048,0.025797,0.009271,0.014307,0.178149,0.033138,0.009003,0.234463,0.008678,,1526400,,
0,8,,0.246534,0.075273,0.063265,0.026026,0.082347,0.013409,0.058805,0.089766,0.312058,0.032516,,1527700,,
0,0,,0.448629,0.017316,0.007375,0.052168,0.014857,0.191464,0.01481,0.006098,0.227512,0.01977,,1580700,,
0,5,,0.300429,0.020427,0.022433,0.007442,0.024646,0.386793,0.02429,0.015828,0.191774,0.005938,,1523400,,
0,0,,0.359894,0.016083,0.018977,0.005568,0.025738,0.305106,0.040166,0.008959,0.209633,0.009877,,1531700,,
0,0,,0.373027,0.021185,0.027515,0,0.055831,0.141931,0.014927,0.019743,0.308109,0.037732,,1546600,,
0,0,,0.459945,0.004,0.021515,0.021333,0.01737,0.186699,0.034501,0.006697,0.234976,0.012963,,1527200,,
0,0,,0.445963,0.029167,0.015753,0,0.029803,0.146537,0.022597,0.027095,0.242181,0.040903,,1520200,,
0,0,,0.452799,0.015352,0.024971,0.002963,0.02212,0.039873,0.09857,0.044636,0.259051,0.039663,,1530200,,
0,0,,0.308112,0.016844,0.027513,0.023781,0.037829,0.277921,0.118964,0.034368,0.097242,0.057427,,1520900,,
0,0,,0.353149,0.015223,0.023606,0.005404,0.028508,0.348191,0.048287,0.020928,0.148427,0.008278,,1550400,,
0,0,,0.481634,0.013795,0.011678,0.010529,0.014508,0.185075,0.032738,0.009086,0.233878,0.007078,,1525000,,
0,0,,0.468329,0.011528,0.006473,0.027827,0.021817,0.178099,0.033364,0.006008,0.238619,0.007936,,1578200,,
0,5,,0.282768,0.014309,0.025778,0.004444,0.043408,0.410596,0.016792,0.01307,0.184394,0.004439,,1534000,,
0,0,,0.445255,0.009493,0.00512,0.043621,0.020327,0.125396,0.122574,0.012504,0.206747,0.008963,,1529500,,
0,0,,0.480177,0.007902,0.002812,0.004444,0.048289,0.06137,0.032365,0.021838,0.219108,0.121695,,1543300,,
0,0,,0.474744,0.013979,0.016986,0.010846,0.026107,0.184316,0.027568,0.004184,0.232196,0.009074,,1525300,,
0,8,,0.117456,0.024328,0.053799,0.000896,0.101613,0.021494,0.21086,0.123922,0.329869,0.015764,,1531600,,
0,0,,0.454806,0.007528,0.023104,0.004203,0.024895,0.185026,0.035343,0.014596,0.237249,0.013251,,1520500,,
0,0,,0.430948,0.005673,0.012847,0.038855,0.027616,0.142917,0.075957,0.020053,0.239801,0.005334,,1531000,,
0,5,,0.305837,0.012989,0.025399,0.023781,0.03041,0.362747,0.041123,0.005937,0.171694,0.020082,,1534900,,
0,0,,0.374306,0.02232,0.023648,0,0.026353,0.345933,0.02362,0.009502,0.163011,0.011308,,1526400,,
0,0,,0.482028,0.019496,0.021337,0.001429,0.033341,0.145907,0.028506,0.013101,0.244794,0.010062,,1522000,,
1,2,,0.015151,0.157406,0.329902,0.148584,0.053017,0.080908,0.040522,0.066975,0.034704,0.072831,,1537700,,
1,1,,0.017738,0.263317,0.011163,0.012961,0.182974,0.007875,0.101901,0.146458,0.031327,0.224286,,1517500,,
1,2,,0.014557,0.137928,0.276131,0.137025,0.102571,0.075447,0.052416,0.099385,0.02978,0.074758,,1525700,,
1,1,,0.035793,0.448822,0.016301,0.011064,0.089699,0.005136,0.078074,0.114448,0.027585,0.173077,,1521700,,
1,1,,0.00671,0.476315,0.02866,0.009564,0.094604,0.0098,0.068893,0.115573,0.030315,0.159567,,1523200,,
1,2,,0.022588,0.191883,0.258536,0.196957,0.018375,0.086216,0.001241,0.056888,0.028523,0.138793,,1523800,,
1,1,,0.013544,0.468004,0.022545,0.015383,0.085545,0.007431,0.068596,0.125397,0.039624,0.15393,,1540100,,
1,9,,0.019363,0.233261,0.037411,0.014037,0.114616,0.026939,0.107614,0.159008,0.049544,0.238207,,1521000,,
1,1,,0.013627,0.34816,0.011036,0.015417,0.167029,0.007628,0.078035,0.132353,0.029954,0.196761,,1541000,,
1,2,,0.014941,0.183213,0.298767,0.167141,0.059874,0.081356,0.021834,0.074559,0.025795,0.072519,,1519700,,
1,1,,0.024277,0.241671,0.044426,0.024795,0.115555,0.073837,0.102766,0.103491,0.037045,0.232138,,1531500,,
1,2,,0.007211,0.160625,0.291107,0.135011,0.103415,0.082065,0.05244,0.086576,0.019759,0.061791,,1517400,,
1,1,,0.008207,0.362257,0.011201,0.012335,0.159333,0.012192,0.072066,0.138123,0.019737,0.20455,,1521400,,
1,1,,0.024478,0.367563,0.010938,0.01911,0.131611,0.003644,0.107788,0.126803,0.024153,0.183912,,1520600,,
1,1,,0.004547,0.40719,0.022212,0.018073,0.157775,0.009294,0.093927,0.109514,0.020007,0.157462,,1516800,,
1,3,,0.024604,0.130657,0.179837,0.301979,0.026019,0.115677,0.003721,0.049531,0.030191,0.137784,,1527400,,
1,1,,0.034951,0.372816,0.037428,0.043196,0.056256,0.050357,0.129942,0.060825,0.030706,0.183522,,1536700,,
1,9,,0.0234,0.213098,0.150355,0.153131,0.033521,0.091978,0.006439,0.03454,0.022289,0.271248,,1520000,,
1,1,,0.031144,0.447917,0.017579,0.014026,0.091248,0.005078,0.075869,0.109623,0.030208,0.177309,,1528000,,
1,3,,0.014138,0.14139,0.188125,0.319643,0.021434,0.094655,0.010919,0.055989,0.025969,0.127737,,1531000,,
1,2,,0.024434,0.16004,0.266634,0.251755,0.029825,0.083279,0.004895,0.062166,0.02783,0.089142,,1526600,,
1,9,,0.020629,0.208589,0.080902,0.044276,0.044612,0.111754,0.107893,0.108957,0.037015,0.235373,,1523000,,
1,1,,0.017502,0.471058,0.018866,0.016969,0.101418,0.006865,0.073041,0.10461,0.0325,0.157172,,1528900,,
1,1,,0.029792,0.468112,0.011885,0.020752,0.086671,0.010174,0.07629,0.103411,0.029295,0.163618,,1517800,,
1,3,,0.038321,0.201221,0.173577,0.234092,0.050026,0.099991,0.059006,0.052446,0.030308,0.061012,,1523000,,
1,1,,0.029779,0.469696,0.013575,0.019041,0.078,0.008022,0.091673,0.102575,0.030666,0.156974,,1524400,,
1,1,,0.028739,0.283607,0.013254,0.015284,0.154381,0.003041,0.102224,0.166407,0.038127,0.194937,,1546500,,
1,1,,0.028448,0.321494,0.019212,0.021264,0.093974,0.007148,0.126685,0.113464,0.043506,0.224804,,1539600,,
1,9,,0.037833,0.261968,0.034781,0.05565,0.066383,0.053326,0.110127,0.077254,0.029837,0.272842,,1539700,,
1,2,,0.023464,0.152832,0.292724,0.251263,0.026878,0.084011,0.002019,0.061061,0.027369,0.078378,,1538500,,
1,1,,0.011451,0.267966,0.010993,0.009099,0.203368,0.006431,0.094493,0.142279,0.0347,0.219219,,1542100,,
1,1,,0.012974,0.465336,0.01038,0.038367,0.070718,0.021426,0.079306,0.106357,0.022164,0.172971,,1551400,,
1,2,,0.00473,0.144993,0.28954,0.094872,0.088084,0.079477,0.071391,0.104205,0.045965,0.076741,,1532200,,
1,1,,0.038593,0.346423,0.02667,0.013176,0.092364,0.005516,0.147799,0.131948,0.034046,0.163466,,1528200,,
1,3,,0.021016,0.217469,0.168969,0.232641,0.050809,0.069081,0.00368,0.026351,0.032768,0.177216,,1532800,,
1,3,,0.027297,0.137688,0.174339,0.282332,0.030607,0.105026,0.007359,0.080889,0.030565,0.123898,,1530800,,
1,2,,0.01711,0.209129,0.230859,0.179229,0.036131,0.101017,0.005668,0.068401,0.042431,0.110026,,1557200,,
1,3,,0.015743,0.073822,0.167115,0.333908,0.037827,0.119377,0.0003,0.03828,0.034805,0.178823,,1530300,,
1,1,,0.032082,0.468913,0.015453,0.017655,0.070307,0.010858,0.0945,0.102139,0.028966,0.159128,,1531200,,
1,2,,0.019525,0.234527,0.248762,0.193033,0.01825,0.101646,0.008289,0.046428,0.027017,0.102523,,1535500,,
1,2,,0.008832,0.147131,0.259012,0.097836,0.102805,0.063909,0.073089,0.131906,0.04691,0.068571,,1540700,,
1,1,,0.009931,0.31481,0.020117,0.029688,0.110775,0.014051,0.104856,0.141385,0.032914,0.221472,,1538800,,
1,1,,0.032982,0.244031,0.009154,0.015264,0.209639,0.005941,0.120444,0.134173,0.022621,0.205751,,1530200,,
1,3,,0.02309,0.121056,0.10671,0.353705,0.025139,0.082043,0.01101,0.01255,0.036003,0.228695,,1529900,,
1,3,,0.013635,0.084015,0.190288,0.319145,0.039274,0.113928,0.014583,0.080096,0.030997,0.114039,,1529600,,
1,2,,0.006894,0.162087,0.286074,0.083235,0.104747,0.064561,0.05749,0.131455,0.040012,0.063446,,1554700,,
1,1,,0.016128,0.238957,0.143934,0.18876,0.060811,0.072333,0.074124,0.060358,0.023154,0.121444,,1542100,,
1,2,,0.018121,0.157541,0.289005,0.096892,0.108248,0.069276,0.03118,0.093792,0.062143,0.073802,,1548200,,
1,1,,0.018773,0.240869,0.150268,0.196069,0.057183,0.094696,0.071293,0.040406,0.022372,0.10807,,1546600,,
1,2,,0.009268,0.150123,0.226353,0.094807,0.061811,0.061014,0.081783,0.167017,0.079073,0.06875,,1553700,,
1,1,,0.029143,0.28178,0.019576,0.009985,0.1189,0.019659,0.116784,0.150399,0.033161,0.220615,,1553800,,
1,1,,0.029706,0.269729,0.011299,0.013999,0.190437,0.007325,0.113984,0.143503,0.036755,0.183264,,1576900,,
1,1,,0.006025,0.46974,0.027875,0.009268,0.085058,0.018672,0.068967,0.11575,0.044733,0.153912,,1559700,,
1,1,,0.027725,0.363947,0.010447,0.014335,0.148934,0.009504,0.092912,0.131519,0.016771,0.183905,,1557700,,
1,1,,0.016511,0.24612,0.040744,0.042629,0.0906,0.075255,0.113476,0.108619,0.031814,0.234232,,1548300,,
1,6,,0.060342,0.055827,0.174889,0.14561,0.043908,0.079303,0.191624,0.107078,0.071122,0.070297,,1576800,,
1,1,,0.017767,0.244022,0.191361,0.104865,0.020173,0.091527,0.007551,0.047408,0.054837,0.220489,,1548900,,
1,2,,0.020089,0.137967,0.25358,0.23243,0.023133,0.115748,0.013973,0.058683,0.020142,0.124254,,1554600,,
1,1,,0.019049,0.160275,0.100699,0.157479,0.096032,0.092281,0.103942,0.112121,0.018659,0.139462,,1565300,,
1,1,,0.014481,0.280423,0.013858,0.020836,0.175424,0.005405,0.102178,0.163935,0.034251,0.18921,,1551600,,
1,1,,0.00344,0.40939,0.042704,0.011358,0.123132,0.015393,0.095652,0.105243,0.041357,0.152331,,1548400,,
1,2,,0.013929,0.164941,0.307257,0.185045,0.040834,0.087574,0.012618,0.06583,0.019595,0.102376,,1555400,,
1,2,,0.011164,0.143108,0.300131,0.173891,0.064114,0.112468,0.030981,0.068926,0.014747,0.080469,,1577100,,
1,2,,0.015784,0.116132,0.320128,0.122634,0.107098,0.0579,0.038907,0.097203,0.070067,0.054147,,1552100,,
1,2,,0.015235,0.196278,0.274605,0.187405,0.035146,0.112971,0.007151,0.051684,0.026881,0.092645,,1555600,,
1,1,,0.01165,0.255544,0.160217,0.167675,0.038939,0.103646,0.058109,0.060482,0.025142,0.118597,,1575700,,
1,1,,0.006436,0.27282,0.010844,0.01082,0.193366,0.007888,0.095562,0.154122,0.021846,0.226296,,1552700,,
1,3,,0.017982,0.128465,0.192177,0.266388,0.01836,0.141063,0.029095,0.035743,0.021595,0.149132,,1557700,,
1,1,,0.009131,0.448585,0.016962,0.011397,0.106799,0.004724,0.069185,0.122794,0.02687,0.183552,,1552200,,
1,1,,0.016287,0.265743,0.01043,0.01465,0.165172,0.007649,0.101074,0.150411,0.026448,0.242135,,1553400,,
1,3,,0.026832,0.125347,0.164001,0.296701,0.029178,0.108367,0.007359,0.067853,0.051334,0.123028,,1552100,,
1,1,,0.025125,0.471305,0.011642,0.02821,0.073507,0.012002,0.081846,0.109966,0.032676,0.15372,,1605300,,
1,1,,0.021699,0.18323,0.120969,0.159361,0.058895,0.11234,0.108486,0.096384,0.015828,0.122807,,1559300,,
1,1,,0.024879,0.372636,0.027252,0.012185,0.095027,0.009197,0.1201,0.126437,0.03842,0.173867,,1547100,,
1,1,,0.005726,0.385519,0.03097,0.01435,0.161838,0.004292,0.091185,0.121028,0.016077,0.169015,,1573300,,
1,1,,0.024111,0.444583,0.014017,0.020784,0.082087,0.008027,0.094667,0.105197,0.036772,0.169755,,1545700,,
1,2,,0.012672,0.070772,0.249015,0.128947,0.091032,0.082299,0.069226,0.119771,0.069446,0.106819,,1536700,,
1,1,,0.01531,0.213767,0.181166,0.175879,0.01834,0.123944,0.003697,0.061325,0.031893,0.174681,,1587200,,
1,2,,0.030906,0.175427,0.249749,0.187356,0.035285,0.079703,0.035543,0.053902,0.028914,0.123215,,1535900,,
1,3,,0.026141,0.101922,0.182102,0.326531,0.032445,0.106205,0.042434,0.02797,0.033044,0.121207,,1534000,,
1,1,,0.035792,0.265318,0.033935,0.022634,0.080569,0.066785,0.125415,0.090094,0.032104,0.247356,,1542600,,
1,3,,0.015762,0.205949,0.17475,0.239963,0.053565,0.082592,0.045714,0.076048,0.022233,0.083423,,1557000,,
1,1,,0.012825,0.379113,0.037363,0.04049,0.092385,0.04726,0.107126,0.070384,0.017772,0.195282,,1528000,,
1,1,,0.016603,0.363485,0.037428,0.060628,0.056667,0.058253,0.115255,0.075547,0.019692,0.196441,,1527700,,
1,2,,0.019099,0.153165,0.281123,0.083996,0.101809,0.081283,0.055009,0.093323,0.067375,0.063819,,1556200,,
1,3,,0.026714,0.122829,0.163315,0.274043,0.052791,0.120858,0.008103,0.060896,0.038842,0.131609,,1532800,,
1,1,,0.020708,0.27179,0.130806,0.182029,0.061259,0.07876,0.061645,0.047755,0.018634,0.126614,,1524500,,
1,1,,0.025263,0.285211,0.014724,0.020782,0.15509,0.006735,0.115407,0.15552,0.035914,0.185355,,1532800,,
1,2,,0.02027,0.161362,0.302775,0.246322,0.026915,0.074701,0.008228,0.052484,0.024778,0.082165,,1520500,,
1,1,,0.009463,0.48705,0.020549,0.011908,0.095135,0.006362,0.068856,0.104145,0.033244,0.163288,,1534900,,
1,7,,0.008769,0.166976,0.121647,0.01877,0.08194,0.081584,0.153503,0.197642,0.095982,0.073188,,1530200,,
1,1,,0.028495,0.310071,0.024541,0.021575,0.099709,0.010888,0.126355,0.111398,0.036959,0.23001,,1545400,,
1,7,,0.019887,0.172674,0.012408,0.004432,0.190163,0.014655,0.099651,0.223248,0.050313,0.212571,,1520600,,
1,1,,0.008413,0.48286,0.012317,0.017333,0.096307,0.010438,0.071046,0.110769,0.026145,0.164371,,1524600,,
1,1,,0.014884,0.45828,0.013869,0.014094,0.081106,0.007241,0.094078,0.114901,0.03144,0.170106,,1539900,,
1,9,,0.01415,0.188593,0.165378,0.127429,0.018696,0.134249,0.020003,0.042496,0.025423,0.263584,,1516200,,
1,3,,0.01962,0.116603,0.200028,0.314825,0.028026,0.092258,0.005634,0.06639,0.022123,0.134493,,1526800,,
1,1,,0.007353,0.305236,0.031107,0.012982,0.169914,0.063689,0.087549,0.132703,0.014067,0.175399,,1518200,,
1,2,,0.024023,0.132255,0.247343,0.112185,0.090792,0.067618,0.068099,0.097917,0.067052,0.092715,,1521400,,
1,1,,0.004516,0.374788,0.026755,0.012198,0.147798,0.008646,0.096533,0.113203,0.027893,0.187671,,1515100,,
1,1,,0.003685,0.407211,0.044812,0.013479,0.11381,0.018575,0.095633,0.120563,0.030294,0.151938,,1525000,,
1,2,,0.003748,0.158089,0.316801,0.108786,0.070896,0.067346,0.041728,0.124044,0.034916,0.073647,,1541100,,
1,1,,0.033965,0.274419,0.038917,0.017811,0.091262,0.051995,0.125796,0.089126,0.032572,0.244137,,1518000,,
1,2,,0.012385,0.189303,0.29013,0.136502,0.0698,0.078087,0.0458,0.065891,0.030584,0.081519,,1517600,,
1,1,,0.023194,0.452405,0.012096,0.015703,0.094396,0.012902,0.070548,0.111716,0.036701,0.17034,,1541100,,
1,1,,0.029681,0.471153,0.014949,0.014756,0.071687,0.013666,0.091159,0.103501,0.027139,0.162309,,1515100,,
1,1,,0.00199,0.414062,0.038772,0.016424,0.113132,0.017495,0.094597,0.131892,0.024135,0.147501,,1520600,,
1,1,,0.024943,0.268732,0.010248,0.021453,0.17537,0.005333,0.126812,0.137824,0.021222,0.208063,,1528900,,
1,1,,0.020797,0.357231,0.012113,0.009376,0.151711,0.0041,0.075325,0.139183,0.026845,0.203321,,1526500,,
1,1,,0.009986,0.350527,0.011264,0.035003,0.135579,0.016854,0.084227,0.1282,0.019625,0.208735,,1515800,,
1,1,,0.025343,0.475357,0.016311,0.015245,0.073507,0.012638,0.081614,0.106669,0.034688,0.158627,,1520000,,
1,1,,0.024688,0.357093,0.009768,0.019522,0.141045,0.004675,0.090513,0.129299,0.02932,0.194077,,1523200,,
1,1,,0.020676,0.479377,0.016301,0.011011,0.088879,0.005136,0.080613,0.104507,0.031501,0.161998,,1522200,,
1,2,,0.02091,0.125601,0.30255,0.145031,0.0698,0.083486,0.022364,0.069802,0.028196,0.132261,,1524500,,
1,9,,0.022849,0.111076,0.190805,0.173027,0.015966,0.114107,0.01071,0.039052,0.021792,0.300616,,1522900,,
1,1,,0.016525,0.402106,0.038974,0.015413,0.143543,0.007239,0.085157,0.106192,0.024178,0.160674,,1529500,,
1,1,,0.023198,0.354404,0.013136,0.01481,0.142532,0.008379,0.078093,0.13454,0.025314,0.205595,,1532800,,
1,9,,0.038019,0.075388,0.118488,0.141474,0.062301,0.114816,0.187633,0.046298,0.020517,0.195067,,1531800,,
1,2,,0.024494,0.11599,0.282946,0.087288,0.065259,0.084983,0.123595,0.071757,0.07108,0.072608,,1526600,,
1,1,,0.008272,0.23096,0.083987,0.131796,0.056991,0.12946,0.078591,0.097664,0.05112,0.131158,,1529300,,
1,1,,0.02432,0.218696,0.169602,0.21838,0.087472,0.069394,0.039236,0.078001,0.025051,0.069848,,1530400,,
1,2,,0.017295,0.161991,0.295343,0.216434,0.018857,0.095578,0.003592,0.065136,0.029297,0.096477,,1540200,,
1,1,,0.030425,0.433185,0.016315,0.013555,0.095717,0.00839,0.07661,0.111831,0.031338,0.182633,,1527600,,
1,3,,0.020189,0.10528,0.165517,0.308545,0.017552,0.108378,0.000316,0.06718,0.04213,0.164913,,1549600,,
1,1,,0.041336,0.217055,0.08341,0.147628,0.039268,0.123916,0.103045,0.072448,0.046814,0.12508,,1534200,,
1,9,,0.010479,0.164345,0.219925,0.06534,0.034086,0.113546,0.02875,0.02948,0.023529,0.31052,,1531900,,
1,1,,0.013744,0.246821,0.132969,0.226487,0.044615,0.080785,0.069865,0.043304,0.023419,0.117991,,1524100,,
1,2,,0.007891,0.097433,0.253461,0.086937,0.082102,0.062861,0.071597,0.155245,0.071061,0.111412,,1529000,,
1,1,,0.009553,0.282475,0.014881,0.013834,0.194739,0.010204,0.097866,0.148066,0.028749,0.199633,,1524800,,
1,1,,0.013916,0.244066,0.023985,0.01666,0.153772,0.018551,0.08954,0.158708,0.044963,0.23584,,1527100,,
1,1,,0.012203,0.264758,0.009286,0.01343,0.210405,0.009474,0.087263,0.15613,0.030006,0.207045,,1535800,,
1,1,,0.017288,0.47663,0.017358,0.014344,0.087094,0.005725,0.07159,0.116655,0.022434,0.17088,,1529800,,
1,2,,0.007211,0.184212,0.276319,0.196361,0.04416,0.108632,0.022161,0.059277,0.0227,0.078968,,1553700,,
1,2,,0.013592,0.172044,0.268382,0.214793,0.043242,0.111424,0.017473,0.051764,0.023404,0.083882,,1547300,,
1,1,,0.010016,0.227448,0.008009,0.012092,0.196382,0.008005,0.09525,0.215471,0.047454,0.179874,,1538600,,
1,1,,0.007104,0.389537,0.034009,0.013279,0.151834,0.012052,0.085462,0.113983,0.026268,0.166472,,1522300,,
1,9,,0.007387,0.25338,0.019124,0.008919,0.159778,0.011957,0.093927,0.133448,0.045964,0.266116,,1519000,,
1,1,,0.038751,0.263234,0.027058,0.014194,0.084054,0.061621,0.14005,0.119537,0.033233,0.218268,,1518900,,
1,9,,0.019717,0.145277,0.01494,0.004371,0.18722,0.011675,0.102362,0.219474,0.061272,0.233694,,1517900,,
1,1,,0.007011,0.394491,0.03028,0.015079,0.162473,0.01513,0.085462,0.107392,0.017337,0.165346,,1525600,,
1,1,,0.021765,0.472413,0.013836,0.020885,0.089819,0.010174,0.070969,0.103678,0.03608,0.160381,,1521200,,
1,1,,0.028032,0.272177,0.010116,0.017969,0.197752,0.00644,0.105258,0.13407,0.039292,0.188893,,1517100,,
1,1,,0.038988,0.422574,0.012819,0.020211,0.077682,0.008307,0.092379,0.111334,0.025712,0.189993,,1568600,,
1,1,,0.01522,0.255213,0.010617,0.009573,0.189005,0.006688,0.096646,0.155546,0.037765,0.223727,,1540100,,
1,1,,0.017592,0.484111,0.01676,0.012099,0.081974,0.003872,0.077722,0.115325,0.026889,0.163656,,1529100,,
1,2,,0.023749,0.220125,0.252835,0.196196,0.022599,0.095103,0.003421,0.04731,0.023313,0.115349,,1528600,,
1,2,,0.027485,0.194027,0.27429,0.17841,0.032749,0.093237,0.007774,0.069033,0.026523,0.096472,,1526700,,
1,1,,0.026163,0.471767,0.018602,0.014994,0.073786,0.00644,0.08103,0.108313,0.039413,0.159492,,1527100,,
1,4,,0.022795,0.114778,0.009927,0.004138,0.213764,0.040762,0.121768,0.208628,0.067948,0.195491,,1533300,,
1,1,,0.019121,0.485201,0.015159,0.009299,0.085442,0.003368,0.071347,0.114997,0.031748,0.164317,,1525900,,
1,1,,0.028164,0.242803,0.040647,0.031246,0.092268,0.071965,0.127701,0.105006,0.036033,0.224168,,1528100,,
1,1,,0.023387,0.389074,0.011605,0.024215,0.127973,0.004268,0.103679,0.123614,0.016856,0.175328,,1533700,,
