wall-following,Rotf,test,3,NANOSECONDS,PREDICTIONS, Generated by ClassifierExperiments.java on 2022-05-17 03:18:33.    SYSTEMPROPERTIES:{user.name:matth,os.arch:amd64,os.name:Windows 10},ENDSYSTEMPROPERTIES
No parameter info
0.9734675205855444,3460495900,55840700,-1,33695904,4,,-1,-1
0,0,,0.782957,0.017003,0.200039,0,,266500,,
0,0,,0.989619,0.0027,0.004984,0.002696,,74300,,
0,0,,0.991422,0.004151,0.001942,0.002485,,57200,,
0,0,,0.960369,0,0.039631,0,,69100,,
0,0,,0.991775,0.004526,0.003699,0,,54900,,
0,0,,0.993513,0.00289,0.002212,0.001385,,51700,,
0,0,,0.987181,0.006288,0.005561,0.000971,,67100,,
0,0,,0.992762,0.004681,0.002187,0.00037,,85500,,
0,0,,0.989953,0.005925,0.003347,0.000775,,60900,,
0,0,,0.994422,0.003237,0.00234,0,,56600,,
0,0,,0.741295,0.033333,0.224167,0.001205,,60200,,
0,0,,0.99535,0.002983,0.001667,0,,54700,,
0,0,,0.691192,0,0.308808,0,,60700,,
0,0,,0.991808,0.004086,0.004106,0,,57800,,
0,0,,0.991203,0.00636,0.001371,0.001066,,55700,,
0,0,,0.986739,0.004348,0.006667,0.002246,,53100,,
0,0,,0.995993,0.002305,0.000588,0.001114,,55000,,
0,0,,0.970768,0.002565,0.026667,0,,50100,,
0,0,,0.691283,0.002182,0.305325,0.001211,,56200,,
0,0,,0.625971,0.373152,0.000877,0,,135000,,
0,0,,0.994019,0.003181,0.002189,0.00061,,51300,,
0,0,,0.971552,0.003448,0.025,0,,57600,,
0,0,,0.993853,0.003892,0.00109,0.001165,,61400,,
0,0,,0.819324,0.177396,0.00328,0,,58600,,
0,0,,0.988523,0.005606,0.0055,0.00037,,58700,,
0,0,,0.985649,0.012963,0.001388,0,,55300,,
0,0,,0.934395,0.061933,0.003333,0.000339,,55300,,
0,0,,0.980271,0.002326,0.017403,0,,54200,,
0,0,,0.996321,0.002372,0.001307,0,,148100,,
0,0,,0.892428,0.003792,0.101509,0.002271,,114900,,
0,0,,0.769543,0.003309,0.227147,0,,53100,,
0,0,,0.90102,0.097296,0.000617,0.001066,,53400,,
0,0,,0.910697,0.086865,0.001371,0.001066,,58500,,
0,0,,0.692789,0,0.307211,0,,56100,,
0,0,,0.993695,0.00289,0.002804,0.00061,,50200,,
0,0,,0.990412,0.00658,0.001942,0.001066,,50400,,
0,3,,0.395105,0,0.123377,0.481518,,55700,,
0,0,,0.995056,0.003405,0.001299,0.00024,,55900,,
0,0,,0.991271,0.003998,0.00436,0.00037,,48300,,
0,2,,0.393125,0.11678,0.489308,0.000787,,54600,,
0,0,,0.995516,0.004033,0.00045,0,,52400,,
0,0,,0.893812,0.037137,0.069051,0,,50700,,
0,0,,0.993736,0.002565,0.003699,0,,51500,,
0,0,,0.996398,0.001652,0.001371,0.000579,,49300,,
0,0,,0.795282,0.003011,0.200736,0.000971,,53300,,
0,0,,0.991165,0.004838,0.003053,0.000944,,52500,,
0,0,,0.994845,0.002545,0.001382,0.001228,,52700,,
0,0,,0.994881,0.001822,0.001534,0.001764,,52000,,
0,0,,0.756806,0.102909,0.140285,0,,54500,,
0,0,,0.991778,0.00233,0.003648,0.002245,,53400,,
0,0,,0.9926,0.002571,0.004828,0,,53600,,
0,0,,0.993401,0.00191,0.004449,0.00024,,48000,,
0,0,,0.877514,0.104993,0.016667,0.000826,,53500,,
0,0,,0.884752,0.001429,0.010519,0.1033,,50000,,
0,0,,0.996015,0.003166,0.00082,0,,51400,,
0,0,,0.99641,0.001887,0.000588,0.001114,,51600,,
0,0,,0.995683,0.002372,0.001945,0,,51300,,
0,0,,0.99023,0.005378,0.004392,0,,52200,,
0,0,,0.99571,0.002983,0.001307,0,,50700,,
0,0,,0.992483,0.002239,0.000992,0.004286,,49300,,
0,0,,0.988218,0.003448,0.008333,0,,55900,,
0,0,,0.993489,0.00424,0.001382,0.000889,,49600,,
0,0,,0.88598,0.004081,0.101299,0.008639,,50400,,
0,0,,0.996616,0.00202,0.000588,0.000775,,54000,,
0,0,,0.980118,0.003813,0.002973,0.013095,,50400,,
0,0,,0.995063,0.001679,0.002648,0.00061,,50800,,
0,0,,0.986256,0.010886,0.001887,0.000971,,55200,,
0,0,,0.995023,0.002612,0.001787,0.000579,,49000,,
0,0,,0.984629,0.001786,0.013585,0,,56900,,
0,0,,0.996267,0.001277,0.002117,0.000339,,55400,,
0,2,,0.214668,0.006674,0.777453,0.001205,,52100,,
0,0,,0.992586,0.00037,0.004213,0.00283,,52000,,
0,0,,0.992791,0.00252,0.004449,0.00024,,51000,,
0,0,,0.969581,0,0.016848,0.013571,,51000,,
0,0,,0.890278,0.103385,0.006337,0,,53600,,
0,0,,0.889991,0.006453,0.102851,0.000704,,56900,,
0,0,,0.985181,0.008288,0.005561,0.000971,,52900,,
0,0,,0.967608,0.030988,0.000577,0.000826,,50500,,
0,0,,0.991452,0.007591,0.000957,0,,56900,,
0,0,,0.996536,0.002076,0.001388,0,,51600,,
0,0,,0.993024,0.005514,0.001462,0,,49700,,
0,0,,0.995993,0.002305,0.000588,0.001114,,51500,,
0,0,,0.982639,0.012784,0.004238,0.000339,,54100,,
0,0,,0.984556,0.003467,0.001497,0.010481,,52900,,
0,0,,0.994599,0.00313,0.001382,0.000889,,57000,,
0,0,,0.891544,0,0.103192,0.005263,,51300,,
0,0,,0.7871,0.203277,0.009284,0.000339,,52400,,
0,0,,0.811781,0.186949,0.00127,0,,51000,,
0,0,,0.994599,0.00313,0.001382,0.000889,,48700,,
0,0,,0.984716,0.009539,0.004326,0.001418,,51400,,
0,0,,0.997517,0.00157,0.000138,0.000775,,50600,,
0,0,,0.987219,0.007972,0.004439,0.00037,,50200,,
0,0,,0.929009,0.068767,0.002224,0,,52700,,
0,0,,0.992483,0.002239,0.000992,0.004286,,47600,,
0,0,,0.993643,0.003437,0.002582,0.000339,,50700,,
0,0,,0.79836,0.199821,0.001818,0,,50700,,
0,0,,0.995817,0.002237,0.001057,0.000889,,48700,,
0,0,,0.994412,0.003222,0.001787,0.000579,,49500,,
0,0,,0.99571,0.002983,0.001307,0,,47800,,
0,0,,0.989202,0.003118,0.004984,0.002696,,48800,,
0,0,,0.990652,0.004753,0.003385,0.001211,,50500,,
0,0,,0.993906,0.003822,0.001382,0.000889,,49000,,
0,0,,0.897785,0.100218,0.001627,0.00037,,49700,,
0,0,,0.997164,0.001194,0.001642,0,,53300,,
0,0,,0.990826,0.007528,0.001307,0.000339,,48300,,
0,0,,0.994538,0.002702,0.001281,0.001479,,49300,,
0,0,,0.85089,0.002133,0.002133,0.144844,,51300,,
0,0,,0.972978,0.00157,0.025452,0,,49800,,
0,0,,0.975892,0.00037,0.022326,0.001412,,49400,,
0,0,,0.995658,0.000826,0.002474,0.001042,,48200,,
0,0,,0.854942,0.045833,0.09845,0.000775,,49400,,
0,0,,0.992564,0.001451,0.005745,0.00024,,56600,,
0,0,,0.996616,0.00202,0.000588,0.000775,,50000,,
0,0,,0.9918,0.001069,0.005103,0.002029,,50100,,
0,0,,0.654587,0,0.345413,0,,53700,,
0,0,,0.993934,0.004698,0.001029,0.000339,,51200,,
0,0,,0.994452,0.003085,0.002093,0.00037,,49200,,
0,0,,0.996184,0,0.002435,0.001381,,51300,,
0,0,,0.766508,0.20664,0.026852,0,,50000,,
0,0,,0.988907,0.009393,0.0017,0,,51000,,
0,0,,0.782957,0.017003,0.200039,0,,53100,,
0,0,,0.970768,0.002565,0.026667,0,,80300,,
0,0,,0.993188,0.004688,0.001297,0.000826,,53300,,
0,0,,0.890067,0,0.108891,0.001042,,48600,,
0,0,,0.795172,0.00037,0.201627,0.00283,,48500,,
0,0,,0.995063,0.001679,0.002648,0.00061,,52700,,
0,0,,0.996946,0.001546,0.001169,0.000339,,48100,,
0,0,,0.994014,0.002565,0.003421,0,,50200,,
0,0,,0.989566,0.002677,0.004326,0.003431,,51100,,
0,0,,0.986661,0.011465,0.001534,0.000339,,50400,,
0,0,,0.897571,0.002429,0.1,0,,52600,,
0,0,,0.992053,0.003467,0.001076,0.003404,,53000,,
0,0,,0.997122,0.001211,0.001667,0,,49300,,
0,0,,0.993879,0.003254,0.002092,0.000775,,54000,,
0,0,,0.896212,0.101517,0.001382,0.000889,,49200,,
0,0,,0.897754,0,0.1,0.002246,,50100,,
0,0,,0.996018,0.00218,0.001462,0.000339,,50400,,
0,0,,0.99039,0.001211,0.008399,0,,49200,,
0,0,,0.965885,0,0.02781,0.006305,,50700,,
0,0,,0.993972,0.002552,0.002505,0.000971,,52400,,
0,0,,0.991,0.0021,0.0069,0,,53000,,
0,0,,0.692449,0.004916,0.132124,0.170512,,55500,,
0,0,,0.991009,0.004624,0.003053,0.001314,,50100,,
0,0,,0.992389,0.002983,0.000992,0.003636,,54700,,
0,0,,0.991407,0.008143,0.00045,0,,50600,,
0,0,,0.894934,0.101868,0.001194,0.002003,,48000,,
0,0,,0.773077,0,0.126923,0.1,,49300,,
0,0,,0.894391,0.002677,0.101961,0.000971,,50800,,
0,0,,0.997423,0.001613,0.000314,0.000649,,48800,,
0,0,,0.930221,0.067251,0.002527,0,,49800,,
0,0,,0.995372,0.002983,0.001307,0.000339,,49700,,
0,0,,0.994841,0.003862,0.001297,0,,48900,,
0,0,,0.890618,0.00362,0.101786,0.003975,,51600,,
0,0,,0.898135,0.101277,0.000588,0,,53400,,
0,0,,0.985849,0.005461,0.0063,0.002389,,48000,,
0,0,,0.980118,0.003813,0.002973,0.013095,,50800,,
0,0,,0.99534,0.001679,0.00237,0.00061,,49100,,
0,0,,0.982054,0.013662,0.003913,0.00037,,50400,,
0,0,,0.807624,0,0.192376,0,,51500,,
0,0,,0.993857,0.0021,0.004043,0,,49000,,
0,0,,0.848886,0.000893,0.016667,0.133554,,56100,,
0,0,,0.975176,0.000704,0.000704,0.023415,,56600,,
0,0,,0.7054,0.093082,0.201148,0.00037,,52700,,
0,0,,0.991185,0.002479,0.001472,0.004865,,50700,,
0,0,,0.679426,0,0.304199,0.016374,,61700,,
0,0,,0.982639,0.002133,0.002133,0.013095,,51100,,
0,3,,0.395105,0,0.123377,0.481518,,54300,,
0,0,,0.996636,0.001197,0.000755,0.001412,,48900,,
0,0,,0.991422,0.004151,0.001942,0.002485,,52400,,
0,0,,0.896684,0.102305,0.00101,0,,53400,,
0,0,,0.992053,0.003467,0.001076,0.003404,,49500,,
0,0,,0.995498,0.002824,0.001029,0.000649,,50700,,
0,1,,0.190283,0.783483,0,0.026235,,57800,,
0,0,,0.883652,0.004589,0.10384,0.007918,,48300,,
0,0,,0.993014,0.002156,0.000855,0.003975,,52600,,
0,0,,0.985649,0.012963,0.001388,0,,53700,,
0,0,,0.993877,0.005221,0.000903,0,,49600,,
0,0,,0.990585,0.004825,0.00422,0.00037,,51600,,
0,0,,0.563891,0.002698,0.433411,0,,52300,,
0,0,,0.748222,0.144611,0.068211,0.038956,,55800,,
0,0,,0.984875,0.004348,0.009573,0.001205,,65900,,
0,0,,0.504564,0.000392,0.48978,0.005263,,50600,,
0,0,,0.99571,0.002983,0.001307,0,,50600,,
0,0,,0.995063,0.001679,0.002648,0.00061,,48500,,
0,0,,0.995658,0.000826,0.002474,0.001042,,48500,,
0,0,,0.995982,0.002372,0.001307,0.000339,,50300,,
0,0,,0.994599,0.00313,0.001382,0.000889,,48000,,
0,0,,0.794487,0.204604,0.000909,0,,51000,,
0,0,,0.968188,0.004688,0.026297,0.000826,,49800,,
0,0,,0.899188,0.00282,0.097992,0,,49800,,
0,0,,0.992452,0.001822,0.004951,0.000775,,49500,,
0,0,,0.993643,0.003437,0.002582,0.000339,,53100,,
0,0,,0.696671,0.002178,0.301151,0,,49500,,
0,0,,0.983918,0.001786,0.012878,0.001418,,51200,,
0,0,,0.99179,0.006702,0.001169,0.000339,,49600,,
0,0,,0.994655,0.002651,0.002324,0.00037,,47700,,
0,0,,0.993319,0.002826,0.002474,0.001381,,50500,,
0,0,,0.906403,0.0907,0.002526,0.00037,,48600,,
0,0,,0.994599,0.00313,0.001382,0.000889,,50600,,
0,0,,0.991325,0.004454,0.00422,0,,51300,,
0,0,,0.994599,0.00313,0.001382,0.000889,,51200,,
0,2,,0.398745,0.10608,0.46024,0.034935,,56500,,
0,0,,0.996321,0.002372,0.001307,0,,50500,,
0,0,,0.994412,0.003222,0.001787,0.000579,,49100,,
0,0,,0.984067,0.012653,0.00328,0,,55200,,
0,0,,0.994599,0.00313,0.001382,0.000889,,48400,,
0,0,,0.90205,0.095711,0.000794,0.001445,,50200,,
0,0,,0.994321,0.001365,0.003168,0.001146,,51500,,
0,0,,0.993489,0.00424,0.001382,0.000889,,49300,,
0,0,,0.987671,0.000826,0.010461,0.001042,,53500,,
0,0,,0.716833,0.088393,0.091667,0.103107,,53000,,
0,0,,0.886763,0.007535,0.104283,0.001418,,53200,,
0,0,,0.990895,0.004556,0.002635,0.001915,,52800,,
0,0,,0.991431,0.005291,0.002574,0.000704,,50500,,
0,0,,0.982292,0.004982,0.007053,0.005673,,50100,,
0,0,,0.788988,0.108942,0.10207,0,,52300,,
0,0,,0.99571,0.002983,0.001307,0,,48400,,
0,0,,0.992398,0.002432,0.003785,0.001385,,48400,,
0,0,,0.988254,0.009967,0.000704,0.001075,,55100,,
0,0,,0.868708,0.102255,0.026566,0.00247,,55000,,
0,0,,0.990826,0.007528,0.001307,0.000339,,50600,,
0,0,,0.689213,0.177587,0.1332,0,,55500,,
0,0,,0.7954,0.002892,0.102375,0.099333,,49600,,
0,0,,0.995743,0.002239,0.001029,0.000988,,50300,,
0,0,,0.909854,0.089354,0.000452,0.000339,,52000,,
0,0,,0.886163,0.103813,0.002973,0.007051,,48200,,
0,0,,0.993972,0.002552,0.002505,0.000971,,53500,,
0,2,,0.289276,0.008547,0.629043,0.073135,,51700,,
0,0,,0.990731,0.004624,0.003331,0.001314,,49600,,
0,0,,0.995635,0.002527,0.001838,0,,52500,,
0,0,,0.994253,0.002826,0.002582,0.000339,,57100,,
0,0,,0.995982,0.002372,0.001307,0.000339,,49700,,
0,0,,0.985649,0.012963,0.001388,0,,53300,,
0,0,,0.994253,0.002826,0.002582,0.000339,,48500,,
0,0,,0.995988,0.002983,0.001029,0,,49400,,
0,0,,0.987119,0.002768,0.009142,0.000971,,51300,,
0,0,,0.991866,0.001211,0.006922,0,,48600,,
0,0,,0.992316,0,0.007684,0,,54400,,
0,0,,0.99057,0,0.00943,0,,57600,,
0,0,,0.954176,0.003448,0.042376,0,,54500,,
0,0,,0.993454,0.002768,0.001765,0.002013,,52100,,
0,0,,0.996189,0.002605,0.001205,0,,50500,,
0,0,,0.786289,0.003448,0.210263,0,,51600,,
0,0,,0.991767,0.002455,0.004952,0.000826,,53800,,
0,0,,0.882639,0.002133,0.014633,0.100595,,55100,,
0,0,,0.875,0,0.125,0,,54600,,
0,0,,0.98778,0.009539,0.002681,0,,68500,,
0,0,,0.994099,0.003629,0.001382,0.000889,,52700,,
0,0,,0.995098,0.00289,0.000588,0.001425,,51700,,
0,0,,0.895516,0.104033,0.00045,0,,56700,,
0,0,,0.990826,0.007528,0.001307,0.000339,,49600,,
0,0,,0.992483,0.002239,0.000992,0.004286,,52400,,
0,0,,0.874753,0.003424,0.020405,0.101418,,55000,,
0,0,,0.74219,0.033725,0.222879,0.001205,,52800,,
0,0,,0.991426,0.003564,0.003341,0.001668,,52700,,
0,0,,0.995372,0.002983,0.001307,0.000339,,50400,,
0,0,,0.993489,0.00424,0.001382,0.000889,,48300,,
0,0,,0.880118,0.003813,0.002973,0.113095,,54300,,
0,0,,0.996267,0.001277,0.002117,0.000339,,51200,,
0,0,,0.996435,0.001646,0.00127,0.000649,,52000,,
0,0,,0.900367,0.002768,0.095894,0.000971,,54000,,
0,0,,0.621029,0.378971,0,0,,52600,,
0,0,,0.992666,0.002983,0.000715,0.003636,,53100,,
0,0,,0.992389,0.002983,0.000992,0.003636,,50400,,
0,0,,0.99223,0.001638,0.005521,0.00061,,50400,,
0,0,,0.682775,0.313999,0.003226,0,,60100,,
0,0,,0.994022,0.005389,0.000588,0,,49400,,
0,0,,0.994599,0.00313,0.001382,0.000889,,50800,,
0,0,,0.995873,0.00289,0.000588,0.000649,,55800,,
0,0,,0.99112,0.002712,0.005928,0.00024,,48600,,
0,0,,0.9743,0.006299,0.002133,0.017268,,52600,,
0,0,,0.889372,0.00037,0.003336,0.106922,,53100,,
0,0,,0.906854,0.091502,0.001273,0.00037,,50600,,
0,0,,0.993489,0.00424,0.001382,0.000889,,49200,,
0,0,,0.991016,0.003454,0.002797,0.002733,,54200,,
0,0,,0.620676,0.372512,0.006812,0,,59100,,
0,0,,0.994556,0.003822,0.001382,0.00024,,52200,,
0,0,,0.841168,0.004346,0.154486,0,,51300,,
0,0,,0.888761,0.002214,0.107367,0.001658,,53100,,
0,0,,0.992434,0.003454,0.002797,0.001314,,51600,,
0,0,,0.886884,0.0034,0.10747,0.002246,,56500,,
0,0,,0.98675,0.005677,0.005561,0.002013,,51500,,
0,0,,0.892841,0.005082,0.101707,0.00037,,52200,,
0,0,,0.894067,0.001211,0.104722,0,,50200,,
0,0,,0.994599,0.00313,0.001382,0.000889,,49700,,
0,0,,0.892301,0.104681,0.001872,0.001146,,47800,,
0,0,,0.985178,0.003648,0.001545,0.009629,,49800,,
0,0,,0.783281,0,0.003704,0.213015,,60000,,
0,0,,0.994412,0.003222,0.001787,0.000579,,47600,,
0,0,,0.991431,0.005291,0.002574,0.000704,,49700,,
0,0,,0.974967,0.023645,0.001388,0,,54000,,
0,0,,0.699333,0,0.093333,0.207333,,48200,,
0,0,,0.995988,0.002983,0.001029,0,,48900,,
0,0,,0.992922,0.003754,0.001509,0.001815,,49000,,
0,0,,0.995367,0.000611,0.004023,0,,51200,,
0,1,,0.497722,0.501108,0.00093,0.00024,,51700,,
0,0,,0.991171,0.006204,0.002624,0,,49400,,
0,0,,0.99053,0.007433,0.001667,0.00037,,49800,,
0,0,,0.996165,0.002306,0.001529,0,,50100,,
0,0,,0.993532,0.002768,0.002729,0.000971,,47500,,
0,0,,0.990231,0.004665,0.00379,0.001314,,49200,,
0,0,,0.994722,0.002326,0.002952,0,,53100,,
0,0,,0.995063,0.001679,0.002648,0.00061,,48800,,
0,0,,0.782957,0.017003,0.200039,0,,53000,,
0,0,,0.991053,0.005209,0.002259,0.001479,,48300,,
0,1,,0.404164,0.591907,0.003929,0,,51500,,
0,0,,0.801378,0.194827,0.003795,0,,49100,,
0,0,,0.985651,0.001786,0.011359,0.001205,,52500,,
0,0,,0.893884,0.10257,0.002127,0.001418,,49600,,
0,0,,0.993853,0.003892,0.00109,0.001165,,51600,,
0,0,,0.697047,0.295617,0.007337,0,,50500,,
0,0,,0.794127,0.203803,0.00207,0,,51600,,
0,0,,0.990826,0.007528,0.001307,0.000339,,49300,,
0,2,,0.390181,0.100392,0.508008,0.001418,,51500,,
0,0,,0.989986,0.00289,0.006513,0.00061,,51200,,
0,0,,0.996453,0.002305,0.000903,0.000339,,47900,,
0,1,,0.302311,0.695903,0.001786,0,,50500,,
0,0,,0.776169,0,0.222413,0.001418,,53000,,
0,0,,0.990826,0.007528,0.001307,0.000339,,47400,,
0,0,,0.99384,0.003384,0.001371,0.001405,,49200,,
0,0,,0.980118,0.003813,0.002973,0.013095,,50600,,
0,0,,0.899672,0.099318,0.00101,0,,50700,,
0,0,,0.994187,0.003093,0.001732,0.000988,,49600,,
0,0,,0.995372,0.002983,0.001307,0.000339,,48900,,
0,0,,0.658228,0.274279,0.066667,0.000826,,50300,,
0,0,,0.89178,0.069344,0.035659,0.003217,,49500,,
0,0,,0.992527,0.004777,0.002695,0,,53200,,
0,0,,0.912795,0.085898,0.001307,0,,48600,,
0,0,,0.989411,0.009238,0.00135,0,,57300,,
0,0,,0.978027,0.004167,0.017806,0,,48800,,
0,0,,0.980118,0.003813,0.002973,0.013095,,48900,,
0,0,,0.880354,0.116779,0.002092,0.000775,,51300,,
0,0,,0.980118,0.003813,0.002973,0.013095,,46600,,
0,0,,0.997464,0.001822,0.000715,0,,52500,,
0,0,,0.995283,0.002239,0.000715,0.001764,,48500,,
0,0,,0.985416,0.013019,0.001564,0,,48900,,
0,0,,0.993724,0.00228,0.001967,0.002029,,49400,,
0,0,,0.995372,0.002983,0.001307,0.000339,,48900,,
0,0,,0.893879,0.06992,0.035425,0.000775,,49200,,
0,0,,0.991778,0.00233,0.003648,0.002245,,50000,,
0,0,,0.993925,0.002305,0.002995,0.000775,,49800,,
0,0,,0.990509,0.004665,0.003512,0.001314,,48500,,
0,0,,0.920819,0.077007,0.002174,0,,49600,,
0,0,,0.530053,0.467251,0.002695,0,,50400,,
0,0,,0.996522,0.002063,0.000765,0.000649,,49300,,
0,0,,0.80223,0.19777,0,0,,51700,,
0,0,,0.990274,0.002396,0.005912,0.001418,,52100,,
0,0,,0.993695,0.00289,0.002804,0.00061,,49100,,
0,0,,0.989442,0.00024,0.006442,0.003876,,49400,,
0,0,,0.991271,0.003998,0.00436,0.00037,,47500,,
0,0,,0.994841,0.003862,0.001297,0,,50900,,
0,0,,0.996267,0.001277,0.002117,0.000339,,48400,,
0,0,,0.993761,0.002941,0.002353,0.000944,,49500,,
0,0,,0.974411,0,0.024547,0.001042,,51000,,
0,0,,0.994599,0.00313,0.001382,0.000889,,49500,,
0,0,,0.987219,0.007972,0.004439,0.00037,,49200,,
0,0,,0.995223,0.0027,0.001707,0.00037,,49200,,
0,0,,0.992691,0.004526,0.002784,0,,47800,,
0,1,,0.337686,0.338889,0.318754,0.004671,,53500,,
0,0,,0.990412,0.00658,0.001942,0.001066,,47400,,
0,0,,0.88317,0,0.002326,0.114505,,48600,,
0,0,,0.991648,0.006949,0.001403,0,,52000,,
0,0,,0.994599,0.00313,0.001382,0.000889,,47500,,
0,0,,0.696421,0.001976,0.301603,0,,52600,,
0,0,,0.99571,0.002983,0.001307,0,,49100,,
0,0,,0.993537,0.001773,0.001957,0.002733,,49100,,
0,0,,0.993489,0.00424,0.001382,0.000889,,50700,,
0,0,,0.598912,0.011127,0.389257,0.000704,,50100,,
0,0,,0.991767,0.005991,0.001872,0.00037,,47300,,
0,0,,0.885649,0.112963,0.001388,0,,50300,,
0,0,,0.994814,0.004734,0.000452,0,,51000,,
0,0,,0.695764,0,0.304236,0,,48000,,
0,0,,0.496883,0.006187,0.495725,0.001205,,50900,,
0,0,,0.99571,0.002983,0.001307,0,,52100,,
0,0,,0.696641,0.301435,0.00048,0.001445,,50700,,
0,0,,0.952708,0,0.03514,0.012153,,51100,,
0,0,,0.991869,0.001679,0.005066,0.001385,,48800,,
0,0,,0.893997,0.003177,0.101615,0.001211,,50100,,
0,0,,0.991606,0.005435,0.002349,0.00061,,50700,,
0,0,,0.988831,0.002969,0.0082,0,,48100,,
0,0,,0.99179,0.006702,0.001169,0.000339,,52500,,
0,0,,0.97441,0.00625,0.01534,0.004,,59800,,
0,0,,0.996575,0.001931,0.001494,0,,54500,,
0,0,,0.993994,0.004734,0.001272,0,,56400,,
0,0,,0.907153,0.092128,0.00048,0.00024,,57300,,
0,0,,0.874008,0,0.125992,0,,51900,,
0,0,,0.893752,0.001942,0.103336,0.000971,,61100,,
0,0,,0.88339,0.006299,0.002133,0.108177,,49100,,
0,0,,0.980118,0.003813,0.002973,0.013095,,47700,,
0,0,,0.996453,0.002305,0.000903,0.000339,,52200,,
0,0,,0.995982,0.002372,0.001307,0.000339,,47500,,
0,0,,0.986384,0.012228,0.001388,0,,50900,,
0,0,,0.795993,0,0.204007,0,,52100,,
0,0,,0.995778,0.003907,0.000314,0,,52200,,
0,0,,0.994853,0.003064,0.001194,0.000889,,50900,,
0,0,,0.994599,0.00313,0.001382,0.000889,,49900,,
0,0,,0.969089,0.029762,0,0.001149,,49200,,
0,0,,0.985849,0.005461,0.0063,0.002389,,49600,,
0,0,,0.989732,0.008237,0.001255,0.000775,,51200,,
0,0,,0.895361,0.099219,0.001413,0.004007,,50300,,
0,0,,0.893629,0.101309,0.004822,0.00024,,50900,,
0,0,,0.995494,0.002545,0.001382,0.000579,,46900,,
0,0,,0.893133,0.105964,0.000903,0,,51700,,
0,0,,0.99702,0.001061,0.00127,0.000649,,50900,,
0,0,,0.993973,0.00289,0.002526,0.00061,,47400,,
0,0,,0.983944,0.013023,0.002663,0.00037,,55300,,
0,0,,0.895589,0.000274,0.102932,0.001205,,51800,,
0,0,,0.991,0.0021,0.0069,0,,52000,,
0,0,,0.994412,0.003222,0.001787,0.000579,,50300,,
0,0,,0.994732,0.004077,0.001192,0,,47900,,
0,0,,0.777404,0.22019,0.002407,0,,51200,,
0,0,,0.893111,0.004694,0.093813,0.008382,,51600,,
0,0,,0.916937,0.00037,0.081117,0.001575,,54600,,
0,0,,0.787149,0.003109,0.102269,0.107473,,50900,,
0,0,,0.996378,0.001955,0.001667,0,,50700,,
0,0,,0.792768,0.206098,0.001134,0,,51900,,
0,0,,0.994599,0.00313,0.001382,0.000889,,55300,,
0,2,,0.198273,0.001681,0.800047,0,,52300,,
0,0,,0.877397,0,0.122603,0,,50500,,
0,0,,0.890608,0.000704,0.000704,0.107984,,51100,,
0,0,,0.864614,0,0.133968,0.001418,,49300,,
0,0,,0.980838,0.001525,0.012935,0.004703,,48800,,
0,0,,0.893879,0.06992,0.035425,0.000775,,51100,,
0,0,,0.891685,0.006339,0.1,0.001976,,48500,,
0,0,,0.985985,0.007433,0.006212,0.00037,,51800,,
0,0,,0.993906,0.003822,0.001382,0.000889,,51600,,
0,0,,0.997185,0.001887,0.000588,0.000339,,48700,,
0,0,,0.994184,0.004903,0.000138,0.000775,,49700,,
0,0,,0.795765,0.201111,0.002785,0.000339,,50100,,
0,0,,0.991003,0.00733,0.001667,0,,49200,,
0,2,,0.46773,0,0.53227,0,,53300,,
0,0,,0.995017,0.00282,0.001388,0.000775,,50200,,
0,0,,0.994558,0.001822,0.00362,0,,48300,,
0,0,,0.996435,0.001646,0.00127,0.000649,,54400,,
0,0,,0.989962,0.008327,0.001711,0,,51600,,
0,0,,0.763818,0.200611,0.035572,0,,53800,,
0,0,,0.995376,0.002396,0.001649,0.000579,,49500,,
0,0,,0.995768,0.002565,0.001667,0,,47700,,
0,0,,0.621894,0.375443,0.002663,0,,51700,,
0,0,,0.906973,0.090778,0.001545,0.000704,,47800,,
0,0,,0.893972,0.102552,0.002505,0.000971,,49300,,
1,1,,0.489216,0.510784,0,0,,53900,,
1,1,,0.232283,0.666483,0,0.101235,,50700,,
1,1,,0.014182,0.984049,0.000535,0.001235,,50200,,
1,1,,0.007493,0.988527,0.00398,0,,54000,,
1,1,,0.004766,0.987589,0.007645,0,,49800,,
1,1,,0.00082,0.996759,0.002422,0,,49600,,
1,1,,0.004766,0.987589,0.007645,0,,50500,,
1,1,,0.326495,0.398505,0.275,0,,48500,,
1,1,,0.004545,0.895455,0.1,0,,51100,,
1,1,,0.002932,0.994405,0.002662,0,,47900,,
1,1,,0.112879,0.885839,0.001282,0,,51800,,
1,1,,0.001646,0.993368,0.004986,0,,53100,,
1,1,,0.007486,0.991979,0.000535,0,,47200,,
1,1,,0.107652,0.789639,0.102709,0,,48400,,
1,1,,0.008257,0.991743,0,0,,52000,,
1,1,,0.004766,0.99325,0.001984,0,,47600,,
1,1,,0.004146,0.995319,0.000535,0,,48100,,
1,1,,0.010428,0.989572,0,0,,50100,,
1,1,,0.298021,0.70116,0.00082,0,,48600,,
1,1,,0.002222,0.997183,0.000595,0,,51400,,
1,1,,0.104242,0.888378,0.00738,0,,49000,,
1,1,,0.003123,0.893778,0.103099,0,,49100,,
1,1,,0.005064,0.988519,0.006417,0,,49500,,
1,1,,0.036164,0.699372,0.264464,0,,49700,,
1,1,,0.0071,0.988378,0.004523,0,,51600,,
1,1,,0.006173,0.992593,0,0.001235,,50100,,
1,1,,0.104051,0.893965,0.001984,0,,49000,,
1,1,,0.010428,0.989572,0,0,,50600,,
1,1,,0.100732,0.899268,0,0,,51500,,
1,1,,0,0.999405,0.000595,0,,48400,,
1,1,,0.004872,0.990142,0.004986,0,,52800,,
1,1,,0.175,0.724405,0.100595,0,,49700,,
1,1,,0.104766,0.89325,0.001984,0,,48500,,
1,1,,0.010428,0.989572,0,0,,51500,,
1,1,,0.002268,0.995748,0.001984,0,,47700,,
1,1,,0.001342,0.996236,0.002422,0,,49800,,
1,1,,0.008257,0.991743,0,0,,50900,,
1,1,,0.091667,0.908333,0,0,,48300,,
1,1,,0.002106,0.989511,0.008383,0,,49600,,
1,1,,0.205727,0.793263,0.00101,0,,49400,,
1,1,,0.000926,0.997685,0.001389,0,,48600,,
1,1,,0.004766,0.987589,0.007645,0,,49500,,
1,1,,0.096472,0.901354,0.002174,0,,47200,,
1,1,,0.206234,0.790314,0.003452,0,,51100,,
1,1,,0.001746,0.996331,0.001924,0,,48300,,
1,1,,0.002106,0.895767,0.102128,0,,48200,,
1,1,,0.003148,0.994868,0.001984,0,,50300,,
1,0,,0.598795,0.299596,0.10127,0.000339,,52200,,
1,1,,0.202657,0.796524,0.00082,0,,48900,,
1,1,,0.001618,0.997787,0.000595,0,,49900,,
1,1,,0.002106,0.989511,0.008383,0,,50000,,
1,1,,0.002268,0.995808,0.001924,0,,57400,,
1,1,,0.001746,0.996331,0.001924,0,,48100,,
1,1,,0.00082,0.998646,0.000535,0,,46200,,
1,1,,0.109091,0.886364,0.004545,0,,49800,,
1,1,,0.125951,0.872815,0,0.001235,,50800,,
1,1,,0.003148,0.988348,0.008504,0,,48100,,
1,1,,0.101689,0.890666,0.007645,0,,50600,,
1,0,,0.694127,0.303803,0.00207,0,,52500,,
1,1,,0.005345,0.991389,0.003266,0,,47400,,
1,1,,0.009506,0.987977,0.001282,0.001235,,50700,,
1,1,,0.001646,0.997819,0.000535,0,,47200,,
1,1,,0.015985,0.98348,0.000535,0,,46900,,
1,1,,0.0025,0.995648,0.001852,0,,50400,,
1,1,,0.378887,0.594558,0.026555,0,,48000,,
1,1,,0.010428,0.989572,0,0,,48500,,
1,1,,0.105,0.887488,0.007512,0,,51800,,
1,1,,0.001646,0.997819,0.000535,0,,46100,,
1,1,,0.003886,0.988469,0.007645,0,,50400,,
1,0,,0.501355,0.380744,0.066667,0.051235,,51800,,
1,1,,0.205882,0.794118,0,0,,50600,,
1,1,,0.00082,0.998646,0.000535,0,,50600,,
1,1,,0.002222,0.922183,0.075595,0,,48800,,
1,1,,0.00082,0.998646,0.000535,0,,46600,,
1,1,,0.016252,0.981824,0.001924,0,,49800,,
1,1,,0.156862,0.841353,0.001786,0,,48400,,
1,1,,0.010433,0.988972,0.000595,0,,51400,,
1,1,,0.0145,0.977196,0.008304,0,,56000,,
1,0,,0.594881,0.405119,0,0,,53600,,
1,1,,0.184506,0.812977,0.001282,0.001235,,52800,,
1,1,,0.016116,0.981367,0.001282,0.001235,,52900,,
1,1,,0.006108,0.991907,0.001984,0,,50500,,
1,2,,0.105861,0.201275,0.692076,0.000787,,53700,,
1,1,,0.008257,0.991743,0,0,,52600,,
1,1,,0.023259,0.974225,0.001282,0.001235,,48600,,
1,1,,0.00082,0.998646,0.000535,0,,49900,,
1,1,,0.21359,0.782707,0.003704,0,,49900,,
1,1,,0.122702,0.877298,0,0,,53300,,
1,1,,0.001781,0.990575,0.007645,0,,52000,,
1,1,,0.001342,0.995935,0.002723,0,,48700,,
1,1,,0.004003,0.987071,0.008927,0,,50800,,
1,1,,0.001618,0.992126,0.006256,0,,50600,,
1,1,,0.007037,0.990979,0.001984,0,,48500,,
1,1,,0.007694,0.990382,0.001924,0,,51900,,
1,1,,0.004648,0.995352,0,0,,51000,,
1,1,,0.027447,0.971319,0,0.001235,,48700,,
1,1,,0.0071,0.988378,0.004523,0,,52200,,
1,1,,0.133226,0.866774,0,0,,52700,,
1,1,,0.002544,0.989812,0.007645,0,,50400,,
1,1,,0.002106,0.989511,0.008383,0,,49900,,
1,0,,0.888124,0.100702,0.002973,0.0082,,50400,,
1,1,,0.020553,0.977463,0.001984,0,,52200,,
1,0,,0.699811,0.297153,0.003036,0,,51200,,
1,1,,0.005072,0.993004,0.001924,0,,53400,,
1,1,,0.0071,0.988378,0.004523,0,,50300,,
1,1,,0.005322,0.994678,0,0,,51000,,
1,1,,0.005475,0.994525,0,0,,49700,,
1,1,,0.00082,0.99918,0,0,,49500,,
1,1,,0.000926,0.92209,0.076984,0,,48400,,
1,1,,0.102066,0.897934,0,0,,55900,,
1,1,,0.004648,0.995352,0,0,,50100,,
1,1,,0.1954,0.803629,0,0.000971,,50300,,
1,1,,0.001746,0.996331,0.001924,0,,48300,,
1,0,,0.598302,0.399083,0.001966,0.000649,,51500,,
1,1,,0.009331,0.990669,0,0,,51100,,
1,1,,0.018356,0.974,0.007645,0,,51100,,
1,1,,0.012941,0.98529,0.000535,0.001235,,48200,,
1,1,,0.100855,0.791608,0.107538,0,,49700,,
1,1,,0.007694,0.990382,0.001924,0,,48900,,
1,1,,0.009091,0.984431,0.006478,0,,49000,,
1,1,,0.003448,0.983157,0.013395,0,,50700,,
1,1,,0.100763,0.899237,0,0,,50200,,
1,1,,0.102838,0.830496,0.066667,0,,50900,,
1,1,,0.002268,0.990545,0.007187,0,,49500,,
1,1,,0.002268,0.989228,0.008504,0,,47500,,
1,0,,0.795977,0.200745,0.002574,0.000704,,49200,,
1,0,,0.658374,0.316626,0.025,0,,53100,,
1,1,,0.317641,0.682359,0,0,,49600,,
1,1,,0.026342,0.971236,0.002422,0,,50100,,
1,1,,0.007694,0.990382,0.001924,0,,50800,,
1,1,,0.000926,0.995833,0.003241,0,,49600,,
1,1,,0.004252,0.992507,0.003241,0,,48100,,
1,1,,0.300153,0.499847,0.2,0,,49000,,
1,1,,0.134506,0.859529,0.00473,0.001235,,49500,,
1,1,,0.005072,0.993004,0.001924,0,,49300,,
1,1,,0.104045,0.695935,0.20002,0,,47400,,
1,1,,0.004648,0.995352,0,0,,50000,,
1,1,,0.329617,0.667866,0.001282,0.001235,,50400,,
1,1,,0.004146,0.995319,0.000535,0,,48300,,
1,1,,0.115426,0.875416,0.009158,0,,53500,,
1,1,,0.002932,0.994405,0.002662,0,,51700,,
1,1,,0.019355,0.978129,0.001282,0.001235,,47900,,
1,1,,0.002544,0.995472,0.001984,0,,53300,,
1,1,,0.112133,0.887867,0,0,,49500,,
1,1,,0.191504,0.804045,0.004451,0,,50200,,
1,1,,0.281173,0.71361,0.003983,0.001235,,49200,,
1,1,,0.102171,0.897829,0,0,,49200,,
1,1,,0.002197,0.897208,0.100595,0,,49900,,
1,1,,0.001746,0.994738,0.003517,0,,48800,,
1,1,,0.025826,0.873294,0.100879,0,,50700,,
1,1,,0.006174,0.990692,0.003134,0,,54300,,
1,1,,0.1,0.9,0,0,,50000,,
1,1,,0.005475,0.99399,0.000535,0,,49200,,
1,1,,0.438237,0.55708,0.004683,0,,53600,,
1,1,,0.05837,0.890396,0.05,0.001235,,47900,,
1,1,,0.012879,0.981856,0.005265,0,,48200,,
1,1,,0.097176,0.900697,0.002128,0,,50000,,
1,1,,0.005072,0.993004,0.001924,0,,46200,,
1,1,,0.002268,0.995808,0.001924,0,,48700,,
1,1,,0.002268,0.995808,0.001924,0,,49100,,
1,1,,0.198687,0.596023,0.20529,0,,47700,,
1,1,,0.212879,0.785304,0.001817,0,,49100,,
1,1,,0.214236,0.551149,0.234615,0,,51400,,
1,1,,0.00082,0.898646,0.000535,0.1,,48900,,
1,1,,0.402403,0.597459,0.000138,0,,52300,,
1,1,,0.002564,0.992985,0.004451,0,,49100,,
2,2,,0.010203,0.102631,0.887064,0.000102,,48600,,
2,2,,0.002495,0.000626,0.996565,0.000315,,50600,,
2,2,,0.003249,0.000488,0.99355,0.002713,,49800,,
2,2,,0.004964,0.000805,0.994129,0.000102,,50500,,
2,2,,0.005905,0.002646,0.991449,0,,51500,,
2,2,,0.011639,0.005733,0.982525,0.000102,,46700,,
2,2,,0.002839,0.002328,0.994834,0,,48400,,
2,2,,0.007696,0.003102,0.9891,0.000102,,47500,,
2,2,,0.004301,0.000805,0.994792,0.000102,,47700,,
2,2,,0.004536,0.000138,0.993469,0.001857,,51900,,
2,2,,0.005015,0.001318,0.992777,0.00089,,46600,,
2,2,,0.003573,0,0.98699,0.009437,,47700,,
2,2,,0.106773,0.000488,0.89274,0,,49900,,
2,2,,0.001865,0.000626,0.897509,0.1,,48300,,
2,2,,0.009375,0.004554,0.985969,0.000102,,47600,,
2,2,,0.003249,0.000488,0.99355,0.002713,,49100,,
2,2,,0.001756,0.000392,0.997852,0,,47100,,
2,2,,0.005606,0,0.911061,0.083333,,51400,,
2,2,,0.002273,0,0.989632,0.008095,,49700,,
2,2,,0.004536,0.000138,0.994331,0.000995,,46700,,
2,2,,0.005946,0,0.988172,0.005882,,49700,,
2,2,,0.106069,0.005864,0.888067,0,,47600,,
2,2,,0.0045,0.000605,0.994792,0.000102,,47400,,
2,2,,0.002655,0.002507,0.994838,0,,49100,,
2,2,,0.300145,0.095076,0.604779,0,,53700,,
2,2,,0.101961,0.000392,0.897544,0.000102,,51700,,
2,2,,0.006926,0.000926,0.991046,0.001102,,49200,,
2,2,,0.003322,0.000392,0.995503,0.000783,,46200,,
2,2,,0.005615,0.000413,0.993658,0.000315,,47500,,
2,2,,0.10663,0.000805,0.892462,0.000102,,47500,,
2,2,,0.10337,0.000626,0.895689,0.000315,,46000,,
2,2,,0.001836,0.000274,0.99789,0,,48700,,
2,2,,0.08816,0.00053,0.911207,0.000102,,47700,,
2,2,,0.197852,0.004866,0.797282,0,,49500,,
2,2,,0.004616,0.000274,0.994795,0.000315,,47000,,
2,2,,0.007259,0.002475,0.990163,0.000102,,45300,,
2,2,,0.225352,0,0.774648,0,,52000,,
2,2,,0.001318,0,0.998368,0.000315,,49400,,
2,2,,0.003573,0,0.993657,0.002771,,45300,,
2,2,,0.003937,0.000488,0.992862,0.002713,,48200,,
2,2,,0.101594,0,0.897351,0.001055,,47300,,
2,2,,0.000876,0,0.999124,0,,46500,,
2,2,,0.012617,0.000352,0.986036,0.000995,,48000,,
2,2,,0.001173,0.006043,0.992783,0,,47200,,
2,2,,0.001594,0,0.989213,0.009193,,51200,,
2,2,,0.014619,0.004958,0.979437,0.000986,,53100,,
2,2,,0.040172,0.102995,0.85673,0.000102,,48800,,
2,2,,0.001318,0,0.998368,0.000315,,48600,,
2,2,,0.001961,0.000392,0.997544,0.000102,,48200,,
2,2,,0.002679,0.000488,0.996519,0.000315,,54100,,
2,2,,0.100896,0.100138,0.798863,0.000102,,54000,,
2,2,,0.005851,0.000605,0.993441,0.000102,,46600,,
2,2,,0.079964,0.000805,0.919129,0.000102,,48600,,
2,2,,0.304106,0.000787,0.695005,0.000102,,50200,,
2,2,,0.201364,0.002341,0.692193,0.104102,,47900,,
2,2,,0.105385,0.002602,0.892013,0,,50700,,
2,2,,0.00567,0.00053,0.993697,0.000102,,48600,,
2,2,,0.001756,0.000392,0.997852,0,,48400,,
2,2,,0.493874,0.000274,0.505749,0.000102,,49900,,
2,2,,0.006609,0,0.993391,0,,48400,,
2,2,,0.005944,0.002888,0.991065,0.000102,,48700,,
2,2,,0.096977,0.000488,0.891322,0.011214,,48800,,
2,2,,0.001756,0.000392,0.997852,0,,47300,,
2,2,,0.185559,0.000138,0.811662,0.00264,,48700,,
2,2,,0.172282,0.005133,0.822585,0,,50800,,
2,2,,0.009447,0,0.986898,0.003655,,51000,,
2,2,,0.004,0,0.690631,0.305369,,52600,,
2,2,,0.000876,0,0.999124,0,,48100,,
2,2,,0.008317,0,0.989865,0.001818,,47200,,
2,2,,0.110357,0,0.887824,0.001818,,49800,,
2,2,,0.006038,0.000605,0.993254,0.000102,,47600,,
2,2,,0.003821,0.100929,0.895148,0.000102,,48800,,
2,2,,0.009349,0.001575,0.987315,0.001761,,48900,,
2,2,,0.105025,0.000138,0.890837,0.004,,47200,,
2,2,,0.193339,0.004118,0.802543,0,,51800,,
2,2,,0.003322,0.000392,0.995503,0.000783,,48600,,
2,2,,0.004755,0.002764,0.992378,0.000102,,48900,,
2,2,,0.013166,0.007023,0.978825,0.000986,,49400,,
2,2,,0.003333,0,0.773333,0.223333,,54100,,
2,2,,0.005549,0.000912,0.993437,0.000102,,48400,,
2,2,,0.003863,0.000138,0.994821,0.001177,,49600,,
2,2,,0.00515,0.002888,0.991859,0.000102,,47600,,
2,2,,0.002653,0.00053,0.996714,0.000102,,49400,,
2,2,,0.00945,0.0017,0.988748,0.000102,,48400,,
2,2,,0.213708,0.0064,0.778687,0.001205,,47900,,
2,2,,0.301254,0.101942,0.595833,0.000971,,51400,,
2,2,,0.009609,0.001186,0.989102,0.000102,,52500,,
2,0,,0.772422,0.001942,0.224562,0.001073,,51600,,
2,2,,0.007964,0.002508,0.989316,0.000212,,49400,,
2,2,,0.118782,0.000488,0.869517,0.011214,,49800,,
2,2,,0.010151,0.005329,0.983532,0.000988,,47000,,
2,2,,0.002465,0.000274,0.996945,0.000315,,47600,,
2,2,,0.009095,0.003183,0.98762,0.000102,,46900,,
2,2,,0.005001,0.00785,0.987149,0,,46900,,
2,2,,0.006303,0.000413,0.992108,0.001177,,49000,,
2,2,,0.009722,0.005604,0.983687,0.000988,,48100,,
2,2,,0.375336,0.003449,0.621214,0,,48300,,
2,2,,0.008977,0.001713,0.987549,0.001761,,49300,,
2,2,,0.006634,0,0.993366,0,,50300,,
2,2,,0.004034,0.101142,0.894721,0.000102,,49000,,
2,2,,0.004844,0.000138,0.992394,0.002623,,49500,,
2,2,,0.007539,0.002508,0.989953,0,,47700,,
2,2,,0.008036,0.0045,0.987464,0,,48700,,
2,2,,0.004397,0.000274,0.991935,0.003394,,46900,,
2,2,,0.015924,0.0045,0.979577,0,,47000,,
2,2,,0.386871,0.002159,0.606758,0.004212,,79800,,
2,2,,0.011524,0.004579,0.983897,0,,49200,,
2,2,,0.157088,0.005677,0.787234,0.05,,50400,,
2,2,,0.009866,0,0.990134,0,,49200,,
2,2,,0.009179,0.002523,0.988297,0,,49400,,
2,2,,0.008961,0,0.988268,0.002771,,49400,,
2,2,,0.098901,0.00793,0.893169,0,,50200,,
2,2,,0.00194,0,0.99806,0,,47300,,
2,2,,0.008431,0.004799,0.986769,0,,49900,,
2,2,,0.00859,0.003209,0.988099,0.000102,,48200,,
2,2,,0.002203,0.004759,0.991091,0.001947,,47800,,
2,2,,0.004403,0.001062,0.993645,0.00089,,48600,,
2,2,,0.00194,0,0.99806,0,,46700,,
2,2,,0.011467,0.104093,0.88444,0,,51800,,
2,2,,0.223761,0.002946,0.773293,0,,50100,,
2,2,,0.002655,0.000138,0.996995,0.000212,,47600,,
2,2,,0.307212,0.002036,0.690752,0,,49400,,
2,2,,0.001836,0.000274,0.99789,0,,47400,,
2,2,,0.010623,0,0.987559,0.001818,,47100,,
2,2,,0.00625,0,0.99375,0,,49600,,
2,2,,0.008163,0.000274,0.99146,0.000102,,48200,,
2,2,,0.000896,0.000138,0.998863,0.000102,,50400,,
2,2,,0.009854,0.003215,0.976845,0.010086,,50700,,
2,2,,0.00769,0.001874,0.98877,0.001665,,47100,,
2,2,,0.002442,0,0.997558,0,,47800,,
2,2,,0.100692,0.000138,0.89917,0,,51900,,
2,2,,0.007117,0.003551,0.989229,0.000102,,47300,,
2,2,,0.009475,0.002287,0.987239,0.001,,50200,,
2,2,,0.004536,0.000138,0.993469,0.001857,,49000,,
2,2,,0.011721,0.002485,0.984135,0.001659,,48000,,
2,2,,0.108996,0.002362,0.887642,0.001,,50700,,
2,2,,0.006609,0,0.993391,0,,45500,,
2,2,,0.041132,0.10327,0.855496,0.000102,,49500,,
2,2,,0.005938,0.000274,0.993473,0.000315,,52400,,
2,2,,0.006324,0.003376,0.990198,0.000102,,47600,,
2,2,,0.181582,0,0.817241,0.001177,,50600,,
2,2,,0.10286,0.100655,0.796382,0.000102,,49400,,
2,2,,0.004536,0.000138,0.993469,0.001857,,46900,,
2,2,,0.000188,0.1,0.89393,0.005882,,51500,,
2,2,,0.001756,0.000392,0.997852,0,,46400,,
2,2,,0.000876,0,0.999124,0,,47400,,
2,2,,0.002955,0.003571,0.993159,0.000315,,51700,,
2,2,,0,0,1,0,,48100,,
2,2,,0.109798,0.004484,0.885718,0,,49400,,
2,2,,0.009616,0.003826,0.986456,0.000102,,47400,,
2,2,,0,0,1,0,,48700,,
2,2,,0.001725,0.002328,0.995735,0.000212,,49600,,
2,2,,0.037397,0.001852,0.960752,0,,51300,,
2,2,,0.004118,0.00118,0.993915,0.000787,,47100,,
2,2,,0.105041,0.001275,0.892582,0.001102,,49100,,
2,2,,0.005944,0.002888,0.991065,0.000102,,46800,,
2,2,,0.293919,0.104283,0.6,0.001797,,48200,,
2,2,,0.003341,0.00053,0.996026,0.000102,,48000,,
2,2,,0.00546,0.00088,0.993558,0.000102,,46900,,
2,2,,0.200188,0,0.799812,0,,50900,,
2,2,,0.103535,0.000605,0.895077,0.000783,,48500,,
2,2,,0.003472,0.004684,0.990668,0.001177,,48100,,
2,2,,0.018678,0.007769,0.973554,0,,49600,,
2,2,,0.004536,0.000138,0.994331,0.000995,,48600,,
2,2,,0.002273,0,0.994072,0.003655,,48500,,
2,2,,0.008472,0.001582,0.989631,0.000315,,49500,,
2,2,,0.200188,0,0.799812,0,,48900,,
2,2,,0.001569,0.000392,0.997177,0.000862,,49800,,
2,2,,0.009069,0,0.990931,0,,48500,,
2,2,,0.011179,0.00322,0.9856,0,,47100,,
2,2,,0.105209,0.001398,0.893393,0,,49700,,
2,2,,0.002839,0.002328,0.994834,0,,48400,,
2,2,,0.002839,0.002328,0.994834,0,,46500,,
2,2,,0.096358,0.002382,0.901157,0.000102,,50300,,
2,2,,0.103341,0.00053,0.896026,0.000102,,47900,,
2,2,,0.006413,0.102233,0.86547,0.025883,,47500,,
2,2,,0.005304,0.00053,0.994063,0.000102,,48500,,
2,2,,0.007087,0.095649,0.897161,0.000102,,46300,,
2,2,,0.003863,0.000138,0.994821,0.001177,,45900,,
2,3,,0.200667,0,0.397297,0.402036,,54600,,
2,2,,0.008012,0.101631,0.890254,0.000102,,46700,,
2,2,,0.006894,0.00199,0.989939,0.001177,,48900,,
2,2,,0.096296,0,0.903704,0,,49200,,
2,2,,0.103658,0.002341,0.892733,0.001267,,46900,,
2,2,,0.184298,0.002387,0.798927,0.014388,,48100,,
2,2,,0.005491,0.00053,0.993876,0.000102,,47100,,
2,2,,0.002444,0.000392,0.997164,0,,48000,,
2,2,,0.001505,0,0.99818,0.000315,,69900,,
2,2,,0.001754,0,0.994591,0.003655,,48400,,
2,2,,0.005108,0.002475,0.992314,0.000102,,47900,,
2,2,,0.000876,0,0.999124,0,,49800,,
2,2,,0.104885,0,0.895012,0.000102,,52400,,
2,2,,0.001389,0,0.88952,0.109091,,53200,,
2,2,,0.009415,0.00317,0.987312,0.000102,,48100,,
2,2,,0.106873,0.001361,0.882462,0.009303,,49300,,
2,2,,0.003351,0.000488,0.995166,0.000995,,49200,,
2,2,,0.104405,0.00052,0.89476,0.000315,,48300,,
2,2,,0.007475,0.000274,0.992148,0.000102,,47600,,
2,2,,0.004043,0.000626,0.994336,0.000995,,49700,,
2,2,,0.00949,0.005159,0.985248,0.000102,,49500,,
2,2,,0.083786,0.002287,0.912927,0.001,,49200,,
2,2,,0.17296,0.000912,0.826025,0.000102,,50700,,
2,2,,0.006324,0.003376,0.990198,0.000102,,49000,,
2,2,,0.006513,0.002984,0.99029,0.000212,,49500,,
2,2,,0.00194,0,0.99806,0,,47500,,
2,2,,0.103681,0.000213,0.895893,0.000212,,49200,,
2,0,,0.39949,0.285927,0.314582,0,,56000,,
2,2,,0.015924,0.0045,0.979577,0,,50400,,
2,2,,0.002111,0,0.997574,0.000315,,47200,,
2,2,,0.295042,0.004958,0.7,0,,54800,,
2,2,,0.103657,0.000274,0.894239,0.00183,,48600,,
2,2,,0.013166,0.005171,0.980677,0.000986,,51300,,
2,2,,0.009291,0.003028,0.961798,0.025883,,49700,,
2,2,,0.005507,0.00118,0.992526,0.000787,,46100,,
2,2,,0.007023,0.000626,0.992036,0.000315,,60300,,
2,2,,0.003724,0.000274,0.993288,0.002713,,51800,,
2,2,,0.103948,0.000413,0.895325,0.000315,,47900,,
2,2,,0.001505,0,0.997318,0.001177,,48900,,
2,2,,0.005323,0.008547,0.985136,0.000995,,47200,,
2,2,,0.038743,0.000787,0.958907,0.001563,,51600,,
2,2,,0.002653,0.00053,0.996714,0.000102,,48000,,
2,2,,0.10247,0.000352,0.896395,0.000783,,47000,,
2,3,,0.272887,0.000704,0.253323,0.473085,,57400,,
2,2,,0.001961,0.000392,0.997544,0.000102,,50800,,
2,2,,0.008783,0,0.991217,0,,47100,,
2,2,,0.016941,0,0.980743,0.002316,,55300,,
2,2,,0.005606,0,0.881691,0.112703,,50100,,
2,2,,0.090645,0.000392,0.908963,0,,46600,,
2,2,,0.006288,0.001361,0.891473,0.100878,,48900,,
2,2,,0.00955,0.103483,0.886864,0.000102,,49000,,
2,2,,0.007739,0,0.990443,0.001818,,50400,,
2,2,,0.001818,0.039286,0.957078,0.001818,,50100,,
2,2,,0.010372,0.005298,0.975026,0.009303,,49900,,
2,2,,0.001274,0.002115,0.996611,0,,49600,,
2,2,,0.328937,0.10629,0.564773,0,,51600,,
2,2,,0.035995,0.074933,0.889071,0,,47700,,
2,2,,0.003389,0,0.911642,0.084969,,48600,,
2,2,,0.004536,0.000138,0.994331,0.000995,,46700,,
2,2,,0.009316,0.003163,0.987419,0.000102,,46800,,
2,2,,0.006432,0.000138,0.992435,0.000995,,50200,,
2,2,,0.006904,0.103163,0.88983,0.000102,,46500,,
2,2,,0.004909,0.000626,0.994151,0.000315,,47300,,
2,2,,0.007632,0.1024,0.889865,0.000102,,48200,,
2,2,,0.007005,0,0.992995,0,,47400,,
2,2,,0.021881,0.085841,0.892278,0,,47800,,
2,2,,0.124014,0.122898,0.752301,0.000787,,49600,,
2,2,,0.003892,0.000488,0.995518,0.000102,,47700,,
2,2,,0.007641,0.102523,0.889836,0,,50300,,
2,2,,0.012112,0,0.98607,0.001818,,47100,,
2,2,,0.013484,0.001361,0.983394,0.001761,,47600,,
2,2,,0.045468,0.000787,0.922481,0.031264,,49800,,
2,2,,0.002842,0.000138,0.99702,0,,47600,,
2,2,,0.001772,0.000138,0.997987,0.000102,,47600,,
2,2,,0.181602,0.000138,0.818158,0.000102,,50200,,
2,2,,0.009095,0.003183,0.98762,0.000102,,46100,,
2,2,,0.003573,0,0.993657,0.002771,,46600,,
2,2,,0.006718,0.002984,0.989983,0.000315,,47300,,
2,2,,0.004691,0.000488,0.994719,0.000102,,45700,,
2,2,,0.008867,0.003558,0.98726,0.000315,,47800,,
2,2,,0.002593,0,0.987194,0.010212,,45500,,
2,2,,0.003266,0.000488,0.994204,0.002042,,50700,,
2,2,,0.007862,0.003376,0.988659,0.000102,,49300,,
2,2,,0.004034,0,0.995966,0,,49000,,
