wall-following,Tuned_CWT,test,2,NANOSECONDS,PREDICTIONS, Generated by ClassifierExperiments.java on 2022-05-16 02:13:24.    SYSTEMPROPERTIES:{user.name:matth,os.arch:amd64,os.name:Windows 10},ENDSYSTEMPROPERTIES
No parameter info
0.6065873741994511,697843000,1223855400,-1,21701488,4,,-1,-1
0,0,,0.407265,0.123182,0.379724,0.089829,,2213400,,
0,2,,0.282207,0.077583,0.426503,0.213707,,2078500,,
0,0,,0.430111,0.179159,0.216039,0.174691,,2076800,,
0,2,,0.3098,0.161912,0.450975,0.077313,,2014100,,
0,0,,0.427099,0.095909,0.358822,0.11817,,1093700,,
0,0,,0.458872,0.116185,0.286915,0.138027,,1098800,,
0,0,,0.549188,0.130799,0.214025,0.105989,,1096200,,
0,0,,0.520359,0.150086,0.21524,0.114315,,1091300,,
0,0,,0.418505,0.176595,0.317959,0.086942,,1091200,,
0,0,,0.399144,0.162107,0.343365,0.095385,,1090800,,
0,2,,0.276956,0.165782,0.48244,0.074822,,1088200,,
0,2,,0.326841,0.0871,0.429175,0.156884,,1093200,,
0,2,,0.280791,0.147579,0.446271,0.12536,,1093100,,
0,0,,0.414892,0.153444,0.235417,0.196248,,1094700,,
0,0,,0.403494,0.163056,0.259095,0.174355,,1091700,,
0,0,,0.422388,0.25691,0.232351,0.088351,,1088800,,
0,0,,0.537368,0.150815,0.234558,0.077259,,1100300,,
0,0,,0.419357,0.233301,0.254802,0.09254,,1090100,,
0,0,,0.463434,0.12587,0.28462,0.126076,,1090400,,
0,2,,0.291792,0.10966,0.428863,0.169685,,1092200,,
0,2,,0.300113,0.133957,0.485114,0.080815,,1093400,,
0,2,,0.385378,0.151353,0.398563,0.064706,,1130900,,
0,2,,0.293642,0.089768,0.433035,0.183555,,1096500,,
0,2,,0.284769,0.070523,0.553812,0.090896,,1093100,,
0,2,,0.256087,0.092784,0.551689,0.09944,,1092900,,
0,0,,0.369797,0.214529,0.322618,0.093056,,1095400,,
0,0,,0.402561,0.243908,0.300566,0.052965,,1095800,,
0,0,,0.42818,0.123708,0.324213,0.123899,,1098700,,
0,0,,0.443205,0.138969,0.323478,0.094347,,1092500,,
0,2,,0.31933,0.191204,0.412153,0.077313,,1108800,,
0,2,,0.358302,0.183538,0.416053,0.042108,,1092000,,
0,2,,0.360245,0.085882,0.403746,0.150128,,1096100,,
0,0,,0.332669,0.128607,0.321028,0.217696,,1093600,,
0,0,,0.363537,0.232722,0.249408,0.154333,,1093200,,
0,2,,0.242968,0.109638,0.544576,0.102818,,1090600,,
0,0,,0.39446,0.272097,0.293621,0.039822,,1105300,,
0,0,,0.450086,0.151486,0.308409,0.09002,,1096600,,
0,2,,0.331367,0.126516,0.35209,0.190028,,1090700,,
0,0,,0.412065,0.246202,0.253455,0.088278,,1094400,,
0,0,,0.476531,0.11806,0.322594,0.082815,,1093500,,
0,0,,0.391713,0.222151,0.213296,0.17284,,1093200,,
0,0,,0.410903,0.254703,0.286309,0.048084,,1088900,,
0,2,,0.232717,0.094977,0.574751,0.097555,,1097500,,
0,0,,0.433643,0.241424,0.209702,0.115231,,1110600,,
0,2,,0.238181,0.130564,0.530419,0.100837,,1093100,,
0,0,,0.423494,0.163056,0.239095,0.174355,,1092200,,
0,2,,0.362756,0.134384,0.400858,0.102001,,1090600,,
0,2,,0.255882,0.100709,0.516342,0.127067,,1094700,,
0,0,,0.470086,0.151486,0.288409,0.09002,,1096400,,
0,2,,0.270251,0.141154,0.497552,0.091043,,1116100,,
0,0,,0.477189,0.167717,0.212867,0.142228,,1105600,,
0,2,,0.3098,0.161912,0.450975,0.077313,,1094800,,
0,0,,0.470814,0.174562,0.314656,0.039968,,1094400,,
0,0,,0.356176,0.175049,0.313808,0.154967,,1092000,,
0,2,,0.256547,0.078619,0.551113,0.113721,,1097500,,
0,0,,0.404272,0.249287,0.24277,0.10367,,1096400,,
0,2,,0.326124,0.119855,0.477524,0.076496,,1089600,,
0,2,,0.297402,0.118408,0.45747,0.12672,,1096100,,
0,0,,0.394087,0.19502,0.311693,0.0992,,1092400,,
0,0,,0.454177,0.078675,0.348979,0.11817,,1091800,,
0,0,,0.453067,0.214713,0.217905,0.114315,,1151200,,
0,2,,0.276956,0.145782,0.50244,0.074822,,1090100,,
0,0,,0.422388,0.25691,0.232351,0.088351,,1091000,,
0,0,,0.385339,0.257813,0.260271,0.096577,,1091400,,
0,2,,0.356556,0.062637,0.359698,0.221109,,1167700,,
0,0,,0.371412,0.259358,0.225469,0.143761,,1095500,,
0,2,,0.299449,0.068729,0.541988,0.089834,,1091500,,
0,2,,0.309194,0.071462,0.382382,0.236961,,1094300,,
0,0,,0.358625,0.184143,0.278217,0.179014,,1093100,,
0,0,,0.368983,0.253615,0.216234,0.161168,,1093200,,
0,2,,0.358026,0.198078,0.360493,0.083403,,1093600,,
0,2,,0.263872,0.104437,0.544753,0.086938,,1091800,,
0,0,,0.462833,0.113619,0.309677,0.113871,,1092600,,
0,2,,0.30132,0.137797,0.523552,0.03733,,1095000,,
0,0,,0.433054,0.119338,0.323709,0.123899,,1100800,,
0,2,,0.237086,0.125193,0.533988,0.103733,,1103300,,
0,0,,0.43159,0.115778,0.337386,0.115245,,1094100,,
0,2,,0.318319,0.076306,0.42755,0.177826,,1094500,,
0,0,,0.428158,0.248548,0.25796,0.065333,,1100800,,
0,2,,0.324047,0.08173,0.432602,0.161621,,1095200,,
0,2,,0.298723,0.0972,0.496215,0.107862,,1092700,,
0,0,,0.385053,0.223034,0.261784,0.13013,,1091900,,
0,0,,0.485183,0.170469,0.214743,0.129605,,1089600,,
0,0,,0.428158,0.248548,0.25796,0.065333,,1091600,,
0,0,,0.413313,0.223917,0.242168,0.120602,,1111500,,
0,2,,0.34415,0.170411,0.353339,0.1321,,1104400,,
0,0,,0.441925,0.220474,0.237637,0.099965,,1103200,,
0,2,,0.299449,0.068729,0.541988,0.089834,,1102300,,
0,0,,0.351412,0.279358,0.225469,0.143761,,1090300,,
0,0,,0.407368,0.242035,0.276377,0.07422,,1092600,,
0,0,,0.443358,0.1067,0.333323,0.116618,,1093000,,
0,2,,0.385393,0.103457,0.388957,0.122194,,1093300,,
0,0,,0.378555,0.274393,0.251097,0.095955,,1092900,,
0,0,,0.480713,0.203322,0.275996,0.039968,,1102300,,
0,2,,0.389295,0.070133,0.39368,0.146892,,1091500,,
0,0,,0.368983,0.253615,0.216234,0.161168,,1096000,,
0,2,,0.261862,0.107437,0.514464,0.116237,,1091300,,
0,2,,0.315276,0.148459,0.497857,0.038407,,1090800,,
0,0,,0.485183,0.170469,0.214743,0.129605,,1110200,,
0,0,,0.485896,0.16988,0.202139,0.142085,,1099900,,
0,2,,0.321743,0.097579,0.470017,0.110661,,1099600,,
0,2,,0.25859,0.09731,0.55758,0.08652,,1093200,,
0,0,,0.40623,0.268548,0.275746,0.049476,,1092400,,
0,0,,0.427168,0.094419,0.336213,0.142201,,1092600,,
0,0,,0.41354,0.195477,0.287201,0.103782,,1091300,,
0,0,,0.410903,0.254703,0.286309,0.048084,,1103400,,
0,2,,0.3098,0.161912,0.450975,0.077313,,1100600,,
0,2,,0.377712,0.103103,0.440226,0.078958,,1098300,,
0,2,,0.244579,0.074382,0.54377,0.137268,,1143100,,
0,2,,0.350654,0.055016,0.403522,0.190809,,1097800,,
0,2,,0.385819,0.090558,0.405965,0.117657,,1093100,,
0,2,,0.235953,0.093744,0.556582,0.113721,,1093100,,
0,0,,0.401097,0.240247,0.230286,0.12837,,1093600,,
0,2,,0.277576,0.107437,0.489606,0.12538,,1091200,,
0,2,,0.276956,0.145782,0.50244,0.074822,,1089600,,
0,2,,0.283586,0.152949,0.442844,0.120622,,1086900,,
0,2,,0.35202,0.078055,0.363974,0.205951,,1093400,,
0,0,,0.356176,0.175049,0.313808,0.154967,,1090000,,
0,0,,0.423892,0.225618,0.226858,0.123632,,1093600,,
0,2,,0.27897,0.065872,0.552019,0.103139,,1088700,,
0,0,,0.40482,0.223421,0.258293,0.113466,,1092700,,
0,0,,0.383481,0.163521,0.254182,0.198816,,1092200,,
0,0,,0.44441,0.191195,0.241629,0.122766,,1101900,,
0,2,,0.327302,0.162196,0.341109,0.169393,,1092300,,
0,0,,0.416262,0.131295,0.326368,0.126076,,1103100,,
0,2,,0.354928,0.117341,0.40192,0.125811,,1107000,,
0,0,,0.412883,0.234617,0.299462,0.053038,,1101700,,
0,2,,0.329302,0.082168,0.414938,0.173592,,1099600,,
0,2,,0.296956,0.145782,0.48244,0.074822,,1107300,,
0,0,,0.397937,0.180767,0.289075,0.132221,,1099800,,
0,2,,0.323296,0.066252,0.372799,0.237653,,1095200,,
0,2,,0.227101,0.037712,0.571171,0.164016,,1094200,,
0,2,,0.299449,0.068729,0.541988,0.089834,,1090100,,
0,2,,0.324047,0.08173,0.432602,0.161621,,1094700,,
0,0,,0.539198,0.144517,0.245374,0.070911,,1092500,,
0,0,,0.4531,0.132877,0.334599,0.079423,,1104400,,
0,2,,0.276956,0.145782,0.50244,0.074822,,1098400,,
0,2,,0.258175,0.157863,0.512214,0.071748,,2002600,,
0,0,,0.484362,0.123461,0.309362,0.082815,,1653400,,
0,2,,0.3098,0.181912,0.430975,0.077313,,1104600,,
0,0,,0.518268,0.130291,0.255151,0.096291,,1095300,,
0,0,,0.373511,0.117358,0.345163,0.163967,,1096200,,
0,0,,0.52849,0.143919,0.2388,0.088791,,1090700,,
0,0,,0.391796,0.207722,0.215977,0.184505,,1088200,,
0,0,,0.356176,0.175049,0.313808,0.154967,,1091500,,
0,0,,0.356139,0.224342,0.265674,0.153846,,1087100,,
0,2,,0.371275,0.123457,0.399545,0.105723,,1092900,,
0,2,,0.299357,0.099846,0.407135,0.193661,,1092200,,
0,0,,0.517787,0.168926,0.219298,0.093989,,1094500,,
0,2,,0.354928,0.117341,0.40192,0.125811,,1099600,,
0,0,,0.36708,0.185622,0.352501,0.094797,,1166800,,
0,0,,0.366332,0.238092,0.245981,0.149595,,1108800,,
0,0,,0.427351,0.226098,0.269366,0.077185,,1085200,,
0,0,,0.495382,0.207895,0.22658,0.070144,,1081600,,
0,0,,0.426751,0.204028,0.265439,0.103782,,1095200,,
0,0,,0.474846,0.160014,0.250462,0.114678,,1087500,,
0,2,,0.247125,0.094406,0.542163,0.116306,,1084100,,
0,0,,0.52127,0.146495,0.257794,0.07444,,1087800,,
0,0,,0.359729,0.185444,0.236322,0.218506,,1086700,,
0,0,,0.386781,0.199411,0.291367,0.122442,,1086000,,
0,2,,0.333692,0.088179,0.445589,0.13254,,1090600,,
0,0,,0.337655,0.268278,0.23882,0.155248,,1085900,,
0,0,,0.409113,0.099719,0.360998,0.13017,,1085700,,
0,2,,0.303296,0.066252,0.392799,0.237653,,1085200,,
0,0,,0.460904,0.113619,0.327463,0.098014,,1086300,,
0,2,,0.367796,0.061034,0.48353,0.08764,,1110300,,
0,0,,0.539198,0.144517,0.245374,0.070911,,1087300,,
0,0,,0.470586,0.101721,0.338882,0.08881,,1085300,,
0,2,,0.308555,0.100944,0.41386,0.17664,,1091800,,
0,2,,0.294459,0.070881,0.447292,0.187369,,1087200,,
0,0,,0.397038,0.178958,0.307996,0.116008,,1086700,,
0,0,,0.436587,0.101807,0.330228,0.131379,,1095700,,
0,2,,0.366382,0.114837,0.427353,0.091429,,1086700,,
0,2,,0.240275,0.094541,0.56243,0.102754,,1088000,,
0,2,,0.275063,0.142154,0.441219,0.141564,,1097600,,
0,0,,0.412883,0.254617,0.279462,0.053038,,1097300,,
0,0,,0.357655,0.268278,0.21882,0.155248,,1084500,,
0,0,,0.337655,0.208278,0.29882,0.155248,,1088800,,
0,0,,0.385339,0.257813,0.260271,0.096577,,1105100,,
0,2,,0.320191,0.091545,0.460592,0.127672,,1100100,,
0,0,,0.500038,0.111701,0.273897,0.114364,,1103800,,
0,0,,0.410903,0.254703,0.286309,0.048084,,1096300,,
0,2,,0.276065,0.062206,0.442766,0.218963,,1089100,,
0,0,,0.442829,0.105728,0.349177,0.102267,,1087400,,
0,0,,0.432161,0.162551,0.304946,0.100342,,1089400,,
0,2,,0.331367,0.126516,0.35209,0.190028,,1086500,,
0,2,,0.293642,0.089768,0.433035,0.183555,,1097500,,
0,0,,0.385339,0.257813,0.260271,0.096577,,1099800,,
0,0,,0.520359,0.170086,0.19524,0.114315,,1086900,,
0,0,,0.42755,0.194091,0.3228,0.05556,,1089600,,
0,0,,0.435636,0.154465,0.297561,0.112338,,1090500,,
0,0,,0.363537,0.212722,0.269408,0.154333,,1084900,,
0,2,,0.259442,0.068673,0.52675,0.145135,,1106900,,
0,0,,0.543588,0.095934,0.230872,0.129605,,1101100,,
0,0,,0.407775,0.27816,0.243901,0.070164,,1110600,,
0,2,,0.320466,0.066824,0.345639,0.267071,,1092400,,
0,2,,0.30443,0.14787,0.47167,0.076031,,1086700,,
0,0,,0.436587,0.101807,0.330228,0.131379,,1089900,,
0,2,,0.354928,0.117341,0.40192,0.125811,,1103500,,
0,0,,0.368983,0.253615,0.216234,0.161168,,1094100,,
0,2,,0.308739,0.090657,0.47264,0.127964,,1094500,,
0,2,,0.330303,0.21891,0.373474,0.077313,,1086400,,
0,2,,0.347725,0.097581,0.470045,0.084649,,1087800,,
0,0,,0.421485,0.222035,0.285788,0.070691,,1084700,,
0,2,,0.262568,0.109415,0.528297,0.099721,,1086000,,
0,0,,0.414397,0.127014,0.328859,0.12973,,1098600,,
0,0,,0.393111,0.243803,0.22561,0.137475,,1116600,,
0,0,,0.476196,0.163966,0.219519,0.14032,,1097400,,
0,0,,0.431272,0.19394,0.272689,0.102099,,1116900,,
0,0,,0.395336,0.203994,0.231147,0.169523,,1095900,,
0,0,,0.436587,0.101807,0.330228,0.131379,,1089900,,
0,0,,0.483057,0.140196,0.251201,0.125547,,1096500,,
0,2,,0.27765,0.149092,0.535928,0.03733,,1096300,,
0,2,,0.256918,0.141154,0.497552,0.104376,,1091200,,
0,0,,0.373518,0.258197,0.211959,0.156326,,1097800,,
0,0,,0.392903,0.274132,0.298024,0.034941,,1097100,,
0,0,,0.416456,0.224214,0.24293,0.1164,,1094100,,
0,2,,0.375702,0.15708,0.426319,0.040899,,1088700,,
0,0,,0.378555,0.294393,0.231097,0.095955,,1095900,,
0,2,,0.31933,0.191204,0.412153,0.077313,,1105100,,
0,0,,0.392438,0.180011,0.349758,0.077794,,1092600,,
0,2,,0.256087,0.092784,0.551689,0.09944,,1091500,,
0,2,,0.276956,0.165782,0.48244,0.074822,,1085100,,
0,0,,0.414632,0.194794,0.261802,0.128773,,1529500,,
0,0,,0.374214,0.222331,0.307449,0.096006,,2107900,,
0,0,,0.420898,0.21716,0.283081,0.078861,,2063900,,
0,2,,0.280499,0.05162,0.557537,0.110343,,2059800,,
0,0,,0.397533,0.118543,0.341284,0.14264,,2062000,,
0,2,,0.318319,0.076306,0.42755,0.177826,,2080000,,
0,0,,0.401117,0.17898,0.254874,0.165029,,1337300,,
0,0,,0.381928,0.262331,0.259163,0.096577,,1077200,,
0,0,,0.40109,0.198088,0.303263,0.097559,,1076000,,
0,2,,0.371758,0.111657,0.43165,0.084935,,1088500,,
0,0,,0.37105,0.243994,0.20629,0.178666,,1176800,,
0,0,,0.372673,0.289948,0.240508,0.09687,,1084300,,
0,0,,0.424782,0.282806,0.252517,0.039895,,1089100,,
0,0,,0.359355,0.248278,0.238962,0.153406,,1085100,,
0,0,,0.46323,0.081634,0.325112,0.130024,,1082500,,
0,0,,0.402193,0.263234,0.246386,0.088187,,1084300,,
0,2,,0.317678,0.134872,0.45033,0.097119,,1082200,,
0,0,,0.462816,0.07717,0.341363,0.118652,,1091200,,
0,0,,0.336551,0.119339,0.329668,0.214442,,1079000,,
0,0,,0.364893,0.151825,0.287986,0.195296,,1099000,,
0,2,,0.335422,0.176365,0.351359,0.136854,,1079600,,
0,0,,0.442816,0.214708,0.228161,0.114315,,1083900,,
0,0,,0.471745,0.160485,0.241244,0.126526,,1085700,,
0,2,,0.225134,0.042373,0.572474,0.16002,,1085800,,
0,2,,0.31348,0.071462,0.38724,0.227818,,1100400,,
0,0,,0.379472,0.238786,0.224563,0.157179,,1091600,,
0,0,,0.452828,0.193676,0.192998,0.160498,,1090400,,
0,0,,0.447158,0.098621,0.330323,0.123899,,1086100,,
0,2,,0.28402,0.100707,0.500343,0.11493,,1084700,,
0,0,,0.397183,0.084248,0.340102,0.178466,,1090100,,
0,0,,0.381355,0.252151,0.230676,0.135819,,1087600,,
0,0,,0.363537,0.232722,0.249408,0.154333,,1088200,,
0,0,,0.399431,0.263034,0.212885,0.12465,,1090600,,
0,0,,0.481275,0.078621,0.319735,0.120369,,1119400,,
0,2,,0.397712,0.103103,0.420226,0.078958,,1094100,,
0,0,,0.359472,0.238786,0.244563,0.157179,,1091100,,
0,0,,0.486753,0.131173,0.279661,0.102413,,1089100,,
0,2,,0.26402,0.100707,0.520343,0.11493,,1085100,,
0,0,,0.443434,0.12587,0.30462,0.126076,,1088900,,
0,0,,0.459773,0.140106,0.29931,0.10081,,1105900,,
0,0,,0.364007,0.18045,0.300575,0.154967,,1089500,,
0,0,,0.478746,0.109404,0.319511,0.09234,,1087700,,
0,0,,0.485183,0.170469,0.214743,0.129605,,1084700,,
0,0,,0.430848,0.216054,0.233129,0.119969,,1084700,,
0,0,,0.46027,0.187261,0.226922,0.125547,,1085900,,
0,0,,0.453077,0.181361,0.271793,0.093769,,1085600,,
0,2,,0.222502,0.037712,0.588617,0.151169,,1091300,,
0,0,,0.358625,0.164143,0.278217,0.199014,,1087600,,
0,0,,0.447983,0.192183,0.246287,0.113547,,1084600,,
0,0,,0.384418,0.162379,0.343322,0.10988,,1082800,,
0,2,,0.331367,0.126516,0.35209,0.190028,,1088800,,
0,2,,0.260791,0.107579,0.506271,0.12536,,1082700,,
0,0,,0.469483,0.07717,0.321363,0.131985,,1085100,,
0,0,,0.469057,0.115972,0.333364,0.081606,,1084500,,
0,0,,0.379431,0.243034,0.252885,0.12465,,1090700,,
0,2,,0.335422,0.176365,0.351359,0.136854,,1093600,,
0,0,,0.442816,0.214708,0.228161,0.114315,,1082100,,
0,2,,0.288638,0.118408,0.456857,0.136097,,1083300,,
0,2,,0.324047,0.08173,0.432602,0.161621,,1087400,,
0,0,,0.37105,0.243994,0.20629,0.178666,,1084000,,
0,2,,0.331515,0.148937,0.394572,0.124976,,1088300,,
0,0,,0.429574,0.10819,0.328586,0.133649,,1087000,,
0,0,,0.372654,0.146534,0.316408,0.164405,,1085800,,
0,2,,0.218217,0.037712,0.58376,0.160312,,1087300,,
0,2,,0.281573,0.14304,0.48724,0.088147,,1086200,,
0,0,,0.38663,0.135985,0.255638,0.221748,,1091400,,
0,0,,0.539198,0.144517,0.245374,0.070911,,1088900,,
0,0,,0.384561,0.263337,0.31228,0.039822,,1091300,,
0,2,,0.243562,0.114622,0.537734,0.104082,,1094300,,
0,0,,0.432873,0.252717,0.235634,0.078776,,1083600,,
0,2,,0.250152,0.112497,0.545305,0.092046,,1085200,,
0,2,,0.243799,0.115113,0.517573,0.123516,,1085900,,
0,2,,0.310845,0.074218,0.43832,0.176617,,1084000,,
0,2,,0.3098,0.161912,0.450975,0.077313,,1084400,,
0,0,,0.397615,0.176358,0.337847,0.08818,,1107900,,
0,0,,0.359355,0.228278,0.258962,0.153406,,1085500,,
0,0,,0.367717,0.233994,0.225179,0.17311,,1095000,,
0,0,,0.386781,0.199411,0.291367,0.122442,,1086800,,
0,2,,0.270606,0.142571,0.54244,0.044384,,1099300,,
0,0,,0.441967,0.167981,0.301461,0.088591,,1084000,,
0,0,,0.401993,0.231185,0.282349,0.084473,,1086600,,
0,0,,0.451934,0.154158,0.236082,0.157826,,1084700,,
0,2,,0.276956,0.145782,0.50244,0.074822,,1088600,,
0,0,,0.494435,0.148655,0.214681,0.142228,,1120700,,
0,0,,0.423784,0.123316,0.32226,0.13064,,1085100,,
0,2,,0.273763,0.190746,0.485114,0.050377,,1094400,,
0,0,,0.403494,0.163056,0.259095,0.174355,,1089300,,
0,2,,0.257818,0.11455,0.554676,0.072957,,1084900,,
0,2,,0.303296,0.066252,0.392799,0.237653,,1091300,,
0,2,,0.228401,0.042922,0.578201,0.150477,,1087600,,
0,2,,0.299854,0.114307,0.474582,0.111257,,1087600,,
0,2,,0.30583,0.133832,0.428935,0.131404,,1087000,,
0,0,,0.511762,0.144334,0.214299,0.129605,,1086900,,
0,0,,0.374641,0.249552,0.231128,0.14468,,1084600,,
0,2,,0.264023,0.133292,0.565927,0.036759,,1083500,,
0,0,,0.332669,0.128607,0.321028,0.217696,,1086500,,
0,0,,0.543588,0.095934,0.230872,0.129605,,1087100,,
0,2,,0.37551,0.106354,0.396382,0.121754,,1089500,,
0,2,,0.3098,0.181912,0.430975,0.077313,,1111400,,
0,0,,0.331644,0.278971,0.228959,0.160425,,1090100,,
0,0,,0.52127,0.146495,0.257794,0.07444,,1087300,,
0,0,,0.422507,0.175714,0.260865,0.140914,,1091700,,
0,2,,0.320149,0.11461,0.488745,0.076496,,1085300,,
0,2,,0.261407,0.112429,0.581033,0.04513,,1087100,,
0,0,,0.37105,0.243994,0.20629,0.178666,,1088000,,
0,0,,0.363071,0.202331,0.332306,0.102292,,1089500,,
0,2,,0.300113,0.133957,0.485114,0.080815,,1085600,,
0,2,,0.299449,0.068729,0.541988,0.089834,,1086500,,
0,2,,0.278175,0.117863,0.532214,0.071748,,1080400,,
0,0,,0.439442,0.255215,0.222602,0.082741,,1087500,,
0,2,,0.259349,0.102154,0.506076,0.132421,,1083800,,
0,0,,0.332669,0.128607,0.321028,0.217696,,1088600,,
0,0,,0.371344,0.239519,0.290276,0.098861,,1161900,,
0,2,,0.296956,0.145782,0.48244,0.074822,,1091000,,
0,0,,0.526471,0.122578,0.256962,0.093989,,1080100,,
0,0,,0.485896,0.16988,0.202139,0.142085,,1104900,,
0,0,,0.521597,0.166948,0.217466,0.093989,,1088700,,
0,0,,0.388852,0.12459,0.315398,0.17116,,1090700,,
0,2,,0.350151,0.175726,0.379327,0.094797,,1083000,,
0,2,,0.283586,0.152949,0.442844,0.120622,,1092700,,
0,2,,0.243685,0.042386,0.505769,0.20816,,1087700,,
0,2,,0.264526,0.121075,0.512214,0.102186,,1087100,,
0,0,,0.489057,0.115972,0.313364,0.081606,,1083300,,
0,0,,0.445301,0.157981,0.302572,0.094146,,1085600,,
0,0,,0.414375,0.261964,0.239055,0.084607,,1088000,,
0,0,,0.417783,0.20898,0.235985,0.137251,,1088600,,
0,2,,0.258723,0.1172,0.516215,0.107862,,1093400,,
0,2,,0.27017,0.098486,0.557295,0.07405,,1088100,,
0,2,,0.286985,0.068794,0.458062,0.18616,,1083300,,
0,0,,0.485183,0.170469,0.214743,0.129605,,1106500,,
0,0,,0.428816,0.125571,0.330828,0.114785,,1087200,,
0,2,,0.349165,0.068179,0.429822,0.152834,,1088300,,
0,0,,0.455021,0.186497,0.250999,0.107483,,1086300,,
0,0,,0.454906,0.16939,0.231854,0.143849,,1088200,,
0,0,,0.409425,0.141355,0.232211,0.21701,,1088700,,
0,0,,0.464076,0.107435,0.310319,0.11817,,1087700,,
0,0,,0.395777,0.253785,0.24835,0.102088,,1086800,,
0,2,,0.308969,0.123172,0.491363,0.076496,,1086200,,
0,0,,0.430866,0.071255,0.364271,0.133607,,1088000,,
0,0,,0.410099,0.134947,0.261978,0.192975,,1087800,,
0,2,,0.36708,0.165622,0.372501,0.094797,,1112400,,
0,2,,0.284391,0.139417,0.537784,0.038407,,1095300,,
0,0,,0.467965,0.128457,0.302212,0.101366,,1169100,,
0,2,,0.343105,0.171303,0.343339,0.142254,,1118100,,
0,0,,0.407656,0.196849,0.303492,0.092004,,1083500,,
0,2,,0.32056,0.114428,0.381749,0.183263,,1085300,,
0,2,,0.324047,0.08173,0.432602,0.161621,,1090400,,
0,2,,0.248015,0.074642,0.536588,0.140755,,1084000,,
0,0,,0.431826,0.156713,0.32287,0.088591,,1088500,,
0,2,,0.256666,0.073209,0.552143,0.117982,,1087400,,
0,0,,0.401755,0.168445,0.345966,0.083834,,1087700,,
0,0,,0.450466,0.110639,0.286555,0.15234,,1088200,,
0,0,,0.354214,0.222331,0.327449,0.096006,,1087800,,
0,2,,0.290152,0.112497,0.505305,0.092046,,1084100,,
0,2,,0.248712,0.096289,0.557288,0.097712,,1088500,,
0,2,,0.337273,0.184,0.400205,0.078522,,1140100,,
0,2,,0.237132,0.095113,0.557573,0.110182,,1105700,,
0,2,,0.323296,0.066252,0.372799,0.237653,,1087900,,
0,0,,0.511414,0.179369,0.225982,0.083235,,1090600,,
0,2,,0.345614,0.07526,0.466219,0.112908,,1086200,,
0,2,,0.354928,0.117341,0.40192,0.125811,,1086700,,
0,0,,0.471081,0.206425,0.266934,0.05556,,1088400,,
0,2,,0.348202,0.190324,0.363148,0.098326,,1088500,,
0,0,,0.395777,0.273785,0.22835,0.102088,,1085000,,
0,0,,0.388497,0.218215,0.220008,0.17328,,1087800,,
0,0,,0.368983,0.253615,0.216234,0.161168,,1091100,,
0,0,,0.348996,0.144717,0.286776,0.219511,,1083000,,
0,0,,0.399588,0.193231,0.249356,0.157824,,1098600,,
0,2,,0.297402,0.118408,0.45747,0.12672,,1078000,,
0,2,,0.28122,0.150307,0.429126,0.139347,,1089700,,
0,0,,0.37105,0.243994,0.20629,0.178666,,1103800,,
0,0,,0.343537,0.212722,0.289408,0.154333,,1088100,,
0,2,,0.300001,0.072365,0.516377,0.111257,,1085300,,
0,2,,0.275063,0.102154,0.481219,0.141564,,1088100,,
0,2,,0.263872,0.104437,0.544753,0.086938,,1085200,,
0,2,,0.264657,0.132807,0.491036,0.1115,,1090600,,
0,2,,0.233311,0.119961,0.550131,0.096597,,1087000,,
0,2,,0.331367,0.126516,0.35209,0.190028,,1090700,,
0,0,,0.340321,0.248786,0.25612,0.154772,,1083600,,
0,2,,0.324047,0.08173,0.432602,0.161621,,1083900,,
0,2,,0.224297,0.042426,0.56762,0.165657,,1084100,,
0,2,,0.343682,0.177248,0.351743,0.127327,,1086400,,
0,2,,0.3098,0.161912,0.450975,0.077313,,1084000,,
0,2,,0.287007,0.081618,0.535986,0.09539,,1092200,,
0,2,,0.269943,0.15821,0.504312,0.067534,,1106700,,
0,0,,0.460959,0.083905,0.325259,0.129877,,1087500,,
0,0,,0.418316,0.12063,0.329204,0.131849,,1085000,,
0,0,,0.389425,0.141355,0.252211,0.21701,,1089900,,
0,0,,0.356176,0.175049,0.313808,0.154967,,1083800,,
0,0,,0.43917,0.165312,0.265914,0.129605,,1089600,,
0,2,,0.352312,0.217507,0.360493,0.069689,,1083700,,
0,2,,0.245654,0.132651,0.519648,0.102046,,1084400,,
0,2,,0.287007,0.081618,0.535986,0.09539,,1083700,,
0,2,,0.312942,0.161341,0.455832,0.069884,,1086900,,
0,2,,0.246301,0.099638,0.543465,0.110596,,1084300,,
0,0,,0.389425,0.141355,0.252211,0.21701,,1086500,,
0,2,,0.281375,0.09926,0.49028,0.129084,,1088900,,
0,2,,0.299449,0.068729,0.541988,0.089834,,1086200,,
0,2,,0.315656,0.095318,0.461354,0.127672,,1090200,,
0,2,,0.324047,0.08173,0.432602,0.161621,,1100500,,
0,2,,0.347174,0.091127,0.485203,0.076496,,1086500,,
0,0,,0.365237,0.232722,0.24955,0.152491,,1087400,,
0,2,,0.275805,0.099798,0.51638,0.108016,,1087900,,
0,0,,0.40387,0.118142,0.328974,0.149014,,1087200,,
0,2,,0.276956,0.145782,0.50244,0.074822,,1085700,,
0,0,,0.46368,0.182743,0.22803,0.125547,,1103000,,
0,2,,0.227101,0.037712,0.571171,0.164016,,1085300,,
0,2,,0.241804,0.08029,0.567948,0.109958,,1084500,,
0,2,,0.320189,0.103157,0.33737,0.239284,,1084700,,
0,0,,0.365739,0.164954,0.363058,0.106249,,1084700,,
0,2,,0.377712,0.123103,0.420226,0.078958,,1089400,,
0,0,,0.447983,0.192183,0.246287,0.113547,,1088400,,
0,0,,0.428269,0.254517,0.23065,0.086564,,1085000,,
0,0,,0.337526,0.263416,0.239548,0.15951,,1098700,,
0,0,,0.440635,0.081588,0.329012,0.148765,,1099500,,
0,0,,0.43568,0.116702,0.312497,0.135121,,1090600,,
0,0,,0.497189,0.147717,0.212867,0.142228,,1090300,,
0,2,,0.310916,0.050551,0.520552,0.117982,,1088200,,
1,0,,0.384158,0.228301,0.322294,0.065246,,1091400,,
1,2,,0.348119,0.16459,0.446392,0.040899,,1086800,,
1,0,,0.364158,0.228301,0.342294,0.065246,,1085900,,
1,0,,0.398444,0.232659,0.350684,0.018212,,1086000,,
1,0,,0.421097,0.240247,0.210286,0.12837,,1087100,,
1,0,,0.422724,0.167226,0.303339,0.106711,,1085800,,
1,2,,0.31933,0.211204,0.392153,0.077313,,1090100,,
1,2,,0.318893,0.188853,0.427447,0.064808,,1089900,,
1,0,,0.411254,0.257809,0.24763,0.083307,,1094700,,
1,0,,0.366584,0.294974,0.274405,0.064037,,1085700,,
1,0,,0.370414,0.280399,0.285589,0.063599,,1096100,,
1,2,,0.333446,0.198339,0.398331,0.069884,,1084800,,
1,0,,0.441509,0.191079,0.235408,0.132005,,1089800,,
1,2,,0.3098,0.201912,0.410975,0.077313,,1086600,,
1,2,,0.331922,0.203763,0.400716,0.063599,,1087000,,
1,2,,0.3098,0.161912,0.450975,0.077313,,1086100,,
1,2,,0.31933,0.211204,0.392153,0.077313,,1087400,,
1,0,,0.471081,0.206425,0.266934,0.05556,,1089300,,
1,2,,0.287815,0.165926,0.525535,0.020724,,1085400,,
1,2,,0.331922,0.203763,0.400716,0.063599,,1084500,,
1,0,,0.393993,0.196857,0.285518,0.123632,,1086000,,
1,2,,0.3098,0.201912,0.410975,0.077313,,1103300,,
1,2,,0.32095,0.196057,0.419394,0.063599,,1088600,,
1,0,,0.423744,0.192664,0.268361,0.115231,,1082400,,
1,0,,0.439018,0.220392,0.239023,0.101567,,1086900,,
1,2,,0.3098,0.161912,0.450975,0.077313,,1083400,,
1,2,,0.270606,0.182571,0.50244,0.044384,,1086000,,
1,0,,0.358458,0.244434,0.3323,0.064808,,1083700,,
1,0,,0.404145,0.236526,0.340679,0.01865,,1088100,,
1,2,,0.312942,0.181341,0.435832,0.069884,,1083800,,
1,0,,0.384077,0.317091,0.220002,0.078829,,1097100,,
1,0,,0.369512,0.228301,0.331093,0.071094,,1083600,,
1,2,,0.278576,0.170635,0.489682,0.061107,,1084100,,
1,0,,0.396268,0.297633,0.227577,0.078522,,1081800,,
1,2,,0.373152,0.199483,0.393821,0.033544,,1086700,,
1,2,,0.272225,0.167424,0.529682,0.030669,,1101100,,
1,2,,0.331922,0.203763,0.400716,0.063599,,1083100,,
1,0,,0.366584,0.254974,0.314405,0.064037,,1085500,,
1,2,,0.320416,0.183428,0.425062,0.071094,,1084500,,
1,2,,0.272225,0.187424,0.509682,0.030669,,1089600,,
1,2,,0.31933,0.211204,0.392153,0.077313,,1083000,,
1,0,,0.366584,0.294974,0.274405,0.064037,,1084400,,
1,0,,0.406305,0.191145,0.250701,0.151849,,1089300,,
1,0,,0.401205,0.280874,0.26677,0.051151,,1089700,,
1,2,,0.3098,0.201912,0.410975,0.077313,,1085600,,
1,0,,0.416268,0.297633,0.207577,0.078522,,1096700,,
1,2,,0.32095,0.196057,0.419394,0.063599,,1090500,,
1,2,,0.340919,0.200426,0.387561,0.071094,,1085000,,
1,2,,0.339396,0.225851,0.369945,0.064808,,1090200,,
1,2,,0.348119,0.16459,0.446392,0.040899,,1092700,,
1,2,,0.31933,0.191204,0.412153,0.077313,,1085300,,
1,0,,0.358458,0.224434,0.3523,0.064808,,1095800,,
1,0,,0.405113,0.187909,0.246337,0.16064,,1098500,,
1,0,,0.430295,0.265266,0.204372,0.100067,,1086600,,
1,2,,0.31933,0.211204,0.392153,0.077313,,1095100,,
1,2,,0.305768,0.134509,0.464358,0.095365,,1089300,,
1,0,,0.466043,0.196909,0.235481,0.101567,,1090800,,
1,0,,0.356685,0.246214,0.333065,0.064037,,1088600,,
1,0,,0.42565,0.251311,0.218234,0.104805,,1089600,,
1,0,,0.434631,0.204502,0.327973,0.032895,,1098300,,
1,2,,0.272225,0.167424,0.529682,0.030669,,1086700,,
1,2,,0.31933,0.191204,0.412153,0.077313,,1085600,,
1,2,,0.287534,0.158846,0.522641,0.030979,,1109700,,
1,2,,0.259754,0.152823,0.495412,0.09201,,1096500,,
1,2,,0.3098,0.161912,0.450975,0.077313,,1113600,,
1,0,,0.384158,0.228301,0.322294,0.065246,,1095000,,
1,2,,0.32095,0.196057,0.419394,0.063599,,1093700,,
1,0,,0.384158,0.228301,0.322294,0.065246,,1097900,,
1,0,,0.423892,0.245618,0.206858,0.123632,,1102700,,
1,0,,0.449464,0.243903,0.273739,0.032895,,1098700,,
1,2,,0.373152,0.199483,0.393821,0.033544,,1087100,,
1,0,,0.386369,0.248873,0.286236,0.078522,,1092400,,
1,2,,0.270606,0.182571,0.50244,0.044384,,1091400,,
1,0,,0.427845,0.25905,0.266497,0.046609,,1107400,,
1,0,,0.409732,0.296179,0.203596,0.090493,,1094500,,
1,2,,0.350984,0.222347,0.363071,0.063599,,1096700,,
1,2,,0.31933,0.211204,0.392153,0.077313,,1116200,,
1,2,,0.311419,0.186765,0.438217,0.063599,,1117100,,
1,2,,0.320416,0.183428,0.425062,0.071094,,1089300,,
1,0,,0.364158,0.228301,0.342294,0.065246,,1096200,,
1,0,,0.409076,0.155726,0.305249,0.129948,,1093800,,
1,0,,0.378818,0.241606,0.279506,0.10007,,1096000,,
1,0,,0.439018,0.220392,0.239023,0.101567,,1085400,,
1,0,,0.421051,0.303375,0.234819,0.040755,,1103700,,
1,0,,0.450177,0.243313,0.261135,0.045375,,1091300,,
1,2,,0.305768,0.134509,0.464358,0.095365,,1091400,,
1,0,,0.398444,0.232659,0.350684,0.018212,,1085400,,
1,0,,0.409732,0.256179,0.243596,0.090493,,1090700,,
1,0,,0.401338,0.219901,0.307667,0.071094,,1087200,,
1,2,,0.339396,0.205851,0.389945,0.064808,,1091700,,
1,0,,0.421097,0.240247,0.210286,0.12837,,1106600,,
1,0,,0.364158,0.228301,0.342294,0.065246,,1098000,,
1,0,,0.366584,0.254974,0.314405,0.064037,,1102000,,
1,0,,0.401509,0.211079,0.255408,0.132005,,1097200,,
1,0,,0.387988,0.253726,0.293478,0.064808,,1097400,,
1,0,,0.446983,0.240843,0.2668,0.045375,,1098200,,
1,2,,0.270606,0.182571,0.50244,0.044384,,1095200,,
1,0,,0.446964,0.299175,0.213106,0.040755,,1098500,,
1,0,,0.379014,0.329622,0.237286,0.054078,,1126000,,
1,0,,0.401338,0.239901,0.287667,0.071094,,1102700,,
1,0,,0.384158,0.228301,0.322294,0.065246,,1100900,,
1,2,,0.370903,0.228097,0.383499,0.017502,,1096600,,
1,2,,0.3098,0.181912,0.430975,0.077313,,1093800,,
1,2,,0.270606,0.182571,0.50244,0.044384,,1108300,,
1,0,,0.364158,0.228301,0.342294,0.065246,,1098900,,
1,2,,0.270606,0.182571,0.50244,0.044384,,1094700,,
1,2,,0.31933,0.191204,0.412153,0.077313,,1093800,,
1,0,,0.446983,0.240843,0.2668,0.045375,,1096700,,
1,0,,0.364158,0.228301,0.342294,0.065246,,1092500,,
1,0,,0.431915,0.250119,0.231614,0.086352,,1099400,,
1,0,,0.423892,0.245618,0.206858,0.123632,,1101500,,
1,2,,0.305768,0.134509,0.464358,0.095365,,1100600,,
1,0,,0.369512,0.228301,0.331093,0.071094,,1099400,,
1,2,,0.3098,0.181912,0.430975,0.077313,,1099800,,
1,0,,0.395985,0.239901,0.298868,0.065246,,1103200,,
1,0,,0.359981,0.21901,0.349916,0.071094,,1110000,,
1,2,,0.340919,0.200426,0.387561,0.071094,,1096000,,
1,2,,0.305768,0.134509,0.464358,0.095365,,1120000,,
1,0,,0.364158,0.228301,0.342294,0.065246,,1105300,,
1,0,,0.409732,0.256179,0.243596,0.090493,,1097800,,
1,0,,0.428167,0.254471,0.2057,0.111662,,1093600,,
1,2,,0.348119,0.16459,0.446392,0.040899,,1097600,,
1,0,,0.40454,0.171145,0.289525,0.13479,,1093500,,
1,0,,0.367988,0.233726,0.333478,0.064808,,1091100,,
1,0,,0.395985,0.199901,0.338868,0.065246,,1090400,,
1,0,,0.421097,0.240247,0.210286,0.12837,,1095800,,
1,0,,0.384158,0.228301,0.322294,0.065246,,1091600,,
1,0,,0.466043,0.196909,0.235481,0.101567,,1111000,,
1,0,,0.409732,0.276179,0.223596,0.090493,,1105400,,
1,2,,0.368903,0.228668,0.371785,0.030644,,1091000,,
1,0,,0.446983,0.240843,0.2668,0.045375,,1093600,,
1,0,,0.393993,0.196857,0.285518,0.123632,,1117700,,
1,0,,0.416268,0.277633,0.227577,0.078522,,1093300,,
1,0,,0.416268,0.277633,0.227577,0.078522,,1097400,,
1,2,,0.270606,0.162571,0.52244,0.044384,,1089200,,
1,0,,0.369512,0.228301,0.331093,0.071094,,1093600,,
1,0,,0.392478,0.308168,0.233305,0.066049,,1092500,,
1,0,,0.364158,0.228301,0.342294,0.065246,,1099700,,
1,2,,0.286431,0.148014,0.549907,0.015648,,1090900,,
1,2,,0.368623,0.181588,0.408891,0.040899,,1091700,,
1,2,,0.311419,0.186765,0.438217,0.063599,,1095100,,
1,0,,0.421205,0.300874,0.22677,0.051151,,1135900,,
1,2,,0.272225,0.187424,0.509682,0.030669,,1237500,,
1,0,,0.384158,0.228301,0.322294,0.065246,,1099100,,
1,0,,0.394614,0.227234,0.359501,0.01865,,1112300,,
1,0,,0.377887,0.282486,0.274819,0.064808,,1096000,,
1,0,,0.394614,0.227234,0.359501,0.01865,,1095600,,
1,0,,0.426964,0.299175,0.233106,0.040755,,1094000,,
1,0,,0.414071,0.160144,0.310702,0.115082,,1100400,,
1,0,,0.389512,0.228301,0.311093,0.071094,,1090800,,
1,0,,0.389512,0.208301,0.331093,0.071094,,1087900,,
1,0,,0.358458,0.224434,0.3523,0.064808,,1097600,,
1,0,,0.423892,0.245618,0.206858,0.123632,,1097200,,
1,2,,0.31933,0.211204,0.392153,0.077313,,1092100,,
1,0,,0.421051,0.303375,0.234819,0.040755,,1098300,,
1,2,,0.287534,0.158846,0.522641,0.030979,,1091600,,
1,2,,0.305768,0.154509,0.444358,0.095365,,1109000,,
1,2,,0.272225,0.187424,0.509682,0.030669,,1095800,,
1,0,,0.364158,0.228301,0.342294,0.065246,,1112800,,
1,2,,0.333446,0.198339,0.398331,0.069884,,1084700,,
1,0,,0.421205,0.300874,0.22677,0.051151,,1091700,,
1,2,,0.311419,0.186765,0.438217,0.063599,,1083300,,
1,2,,0.31933,0.211204,0.392153,0.077313,,1087800,,
1,2,,0.3098,0.181912,0.430975,0.077313,,1082600,,
1,0,,0.364158,0.228301,0.342294,0.065246,,1087700,,
1,0,,0.398444,0.232659,0.350684,0.018212,,1085200,,
2,2,,0.22451,0.13476,0.624682,0.016048,,1099500,,
2,2,,0.207101,0.070671,0.587747,0.134481,,1101100,,
2,2,,0.238074,0.174872,0.570234,0.016819,,1090600,,
2,2,,0.20811,0.08664,0.591665,0.113585,,1086600,,
2,2,,0.318361,0.098035,0.375362,0.208242,,1090500,,
2,2,,0.253958,0.090504,0.565704,0.089834,,1110400,,
2,2,,0.252024,0.104866,0.54772,0.09539,,1100800,,
2,2,,0.167797,0.049432,0.657388,0.125384,,1091700,,
2,2,,0.25221,0.11581,0.542984,0.088995,,1096500,,
2,2,,0.203267,0.12736,0.653763,0.01561,,1094700,,
2,2,,0.162177,0.038583,0.667994,0.131246,,1087700,,
2,2,,0.239148,0.03157,0.548886,0.180396,,1088300,,
2,2,,0.151538,0.027734,0.653798,0.166929,,1104500,,
2,2,,0.311189,0.042504,0.576016,0.07029,,1100100,,
2,2,,0.23661,0.07592,0.570684,0.116785,,1099400,,
2,2,,0.211734,0.126778,0.656114,0.005374,,1098100,,
2,2,,0.288666,0.107364,0.582351,0.021619,,1087300,,
2,2,,0.17266,0.064775,0.673538,0.089027,,1087900,,
2,2,,0.210601,0.132785,0.641004,0.01561,,1089600,,
2,2,,0.299424,0.096713,0.567332,0.036532,,1092900,,
2,2,,0.273749,0.141999,0.547297,0.036955,,1085800,,
2,2,,0.286291,0.151351,0.547919,0.014439,,1084300,,
2,2,,0.171657,0.054857,0.657646,0.115841,,1097900,,
2,2,,0.247111,0.105351,0.567519,0.080019,,1091400,,
2,0,,0.376544,0.21352,0.334366,0.07557,,1100900,,
2,2,,0.323974,0.093911,0.368011,0.214104,,1097800,,
2,2,,0.200395,0.068313,0.632359,0.098933,,1088500,,
2,2,,0.234244,0.129448,0.619051,0.017257,,1084500,,
2,2,,0.193887,0.102692,0.678146,0.025275,,1087200,,
2,2,,0.230672,0.109853,0.608799,0.050676,,1085900,,
2,2,,0.162821,0.044802,0.689163,0.103213,,1085800,,
2,2,,0.264738,0.086617,0.554651,0.093994,,1083900,,
2,2,,0.239009,0.07492,0.571375,0.114696,,1098800,,
2,2,,0.209297,0.041158,0.680113,0.069432,,1111800,,
2,2,,0.272225,0.147424,0.549682,0.030669,,1097700,,
2,2,,0.213439,0.087515,0.572541,0.126505,,1096800,,
2,2,,0.219802,0.065593,0.682126,0.03248,,1093200,,
2,2,,0.206771,0.12736,0.649821,0.016048,,1094200,,
2,2,,0.239913,0.044822,0.578102,0.137163,,1096200,,
2,2,,0.227061,0.088342,0.555881,0.128717,,1091300,,
2,2,,0.199694,0.102653,0.648393,0.04926,,1088200,,
2,2,,0.194613,0.096966,0.673584,0.034837,,1085800,,
2,2,,0.206199,0.118665,0.575454,0.099682,,1089800,,
2,2,,0.218355,0.181953,0.593128,0.006564,,1095700,,
2,2,,0.225159,0.027232,0.647558,0.10005,,1092400,,
2,2,,0.166463,0.038583,0.672851,0.122103,,1087800,,
2,2,,0.190863,0.095199,0.632255,0.081682,,1089100,,
2,2,,0.209014,0.056809,0.676374,0.057803,,1113800,,
2,2,,0.286135,0.149399,0.533359,0.031107,,1098500,,
2,2,,0.210881,0.139865,0.643898,0.005355,,1089300,,
2,2,,0.274611,0.065763,0.559193,0.100432,,1096500,,
2,2,,0.166463,0.038583,0.672851,0.122103,,1086900,,
2,2,,0.272225,0.147424,0.549682,0.030669,,1087800,,
2,2,,0.183544,0.066172,0.652309,0.097975,,1089300,,
2,2,,0.299944,0.063043,0.384224,0.25279,,1088300,,
2,2,,0.191202,0.101484,0.672477,0.034837,,1090500,,
2,2,,0.268395,0.141999,0.558498,0.031107,,1093000,,
2,2,,0.278595,0.047645,0.552884,0.120876,,1088100,,
2,2,,0.192333,0.075866,0.657027,0.074775,,1084100,,
2,2,,0.24557,0.133652,0.564907,0.055871,,1088800,,
2,2,,0.205348,0.071831,0.594454,0.128367,,1101100,,
2,2,,0.199751,0.049704,0.619387,0.131158,,1097100,,
2,2,,0.277914,0.123862,0.470552,0.127672,,1095300,,
2,2,,0.221006,0.11476,0.648623,0.01561,,1091800,,
2,2,,0.176975,0.055569,0.67188,0.095576,,1091900,,
2,2,,0.162468,0.048556,0.676512,0.112464,,1087200,,
2,2,,0.306301,0.094123,0.539481,0.060095,,1085500,,
2,2,,0.230138,0.070067,0.561466,0.138329,,1089600,,
2,2,,0.205871,0.077381,0.651516,0.065231,,1085700,,
2,2,,0.248434,0.100504,0.561958,0.089104,,1092300,,
2,2,,0.206771,0.14736,0.629821,0.016048,,1084300,,
2,2,,0.213669,0.098635,0.568159,0.119537,,1099700,,
2,2,,0.213439,0.087515,0.572541,0.126505,,1096300,,
2,2,,0.262155,0.088699,0.588761,0.060385,,1093600,,
2,2,,0.235866,0.075491,0.566518,0.122124,,1107900,,
2,2,,0.211302,0.107065,0.590646,0.090986,,1095900,,
2,2,,0.282631,0.129399,0.557301,0.030669,,1125000,,
2,2,,0.272225,0.147424,0.549682,0.030669,,1089500,,
2,2,,0.318361,0.118035,0.355362,0.208242,,1097400,,
2,2,,0.210112,0.158653,0.608963,0.022271,,1101300,,
2,2,,0.175707,0.07991,0.675895,0.068489,,1093600,,
2,0,,0.445134,0.272493,0.264234,0.018139,,1100800,,
2,2,,0.286291,0.151351,0.547919,0.014439,,1101700,,
2,2,,0.208981,0.147932,0.613763,0.029324,,1098100,,
2,2,,0.241693,0.108598,0.621768,0.027941,,1095900,,
2,2,,0.229543,0.043493,0.578201,0.148763,,1098500,,
2,2,,0.189421,0.095771,0.62754,0.087269,,1095400,,
2,2,,0.246495,0.115239,0.562984,0.075281,,1095800,,
2,2,,0.214244,0.169448,0.599051,0.017257,,1109400,,
2,2,,0.274399,0.123097,0.56705,0.035454,,1096200,,
2,2,,0.238839,0.049065,0.597642,0.114454,,1108200,,
2,2,,0.171657,0.054857,0.657646,0.115841,,1103500,,
2,2,,0.19797,0.031194,0.67449,0.096346,,1097400,,
2,2,,0.196803,0.075242,0.639308,0.088647,,1096100,,
2,2,,0.268663,0.050795,0.578765,0.101776,,1095000,,
2,2,,0.200194,0.076777,0.662547,0.060482,,1098500,,
2,2,,0.235814,0.142272,0.605095,0.016819,,1094600,,
2,0,,0.404455,0.132326,0.368585,0.094634,,1096500,,
2,2,,0.304993,0.084831,0.509527,0.100649,,1099200,,
2,2,,0.18269,0.052314,0.663445,0.101551,,1101600,,
2,2,,0.183671,0.055773,0.645273,0.115282,,1097800,,
2,2,,0.264892,0.141999,0.56244,0.030669,,1122300,,
2,2,,0.270606,0.142571,0.54244,0.044384,,1102200,,
2,2,,0.184777,0.07664,0.630554,0.108029,,1102100,,
2,2,,0.272225,0.147424,0.549682,0.030669,,1098600,,
2,2,,0.169852,0.074552,0.631913,0.123683,,1255900,,
2,2,,0.221006,0.11476,0.648623,0.01561,,1319600,,
2,2,,0.320191,0.091545,0.460592,0.127672,,1316900,,
2,2,,0.213439,0.087515,0.572541,0.126505,,1313000,,
2,2,,0.206771,0.14736,0.629821,0.016048,,1312900,,
2,2,,0.151538,0.027734,0.653798,0.166929,,1314300,,
2,0,,0.394057,0.257062,0.283635,0.065246,,1305900,,
2,0,,0.438405,0.154867,0.317599,0.089129,,1309300,,
2,2,,0.29057,0.190968,0.502815,0.015648,,1342400,,
2,2,,0.210601,0.152785,0.621004,0.01561,,1313200,,
2,2,,0.228112,0.119225,0.617249,0.035414,,1303100,,
2,2,,0.218355,0.181953,0.593128,0.006564,,1300100,,
2,2,,0.166328,0.053981,0.67677,0.102921,,1362400,,
2,2,,0.235656,0.052346,0.565736,0.146263,,1363700,,
2,2,,0.283682,0.061323,0.509583,0.145411,,1356400,,
2,2,,0.210601,0.132785,0.641004,0.01561,,1308300,,
2,2,,0.199534,0.040536,0.686722,0.073208,,1312400,,
2,0,,0.401993,0.231185,0.282349,0.084473,,1312900,,
2,2,,0.25221,0.11581,0.542984,0.088995,,1304800,,
2,2,,0.231984,0.136848,0.613911,0.017257,,1305100,,
2,2,,0.22395,0.13896,0.615194,0.021896,,1344000,,
2,2,,0.234244,0.129448,0.619051,0.017257,,1308400,,
2,2,,0.260624,0.090504,0.545704,0.103167,,1304000,,
2,2,,0.14716,0.026858,0.688575,0.137407,,1305300,,
2,2,,0.210981,0.14736,0.625477,0.016181,,1312700,,
2,0,,0.376544,0.21352,0.334366,0.07557,,1305400,,
2,2,,0.286362,0.108419,0.555714,0.049504,,1306800,,
2,2,,0.15858,0.028625,0.672758,0.140037,,1299200,,
2,0,,0.376544,0.21352,0.334366,0.07557,,1297700,,
2,2,,0.219166,0.13294,0.537593,0.1103,,1309100,,
2,2,,0.169651,0.040671,0.657224,0.132455,,1305700,,
2,2,,0.17761,0.055446,0.63025,0.136694,,1324600,,
2,2,,0.273198,0.047023,0.578004,0.101776,,1295400,,
2,2,,0.219598,0.149448,0.607849,0.023105,,1305100,,
2,2,,0.16262,0.028625,0.664176,0.144579,,1299000,,
2,2,,0.239009,0.07492,0.571375,0.114696,,1301900,,
2,2,,0.200837,0.112366,0.666306,0.020491,,1307100,,
2,2,,0.211021,0.136528,0.645886,0.006564,,1303600,,
2,2,,0.218355,0.181953,0.593128,0.006564,,1294700,,
2,2,,0.234244,0.149448,0.599051,0.017257,,1298400,,
2,0,,0.370554,0.237062,0.327577,0.064808,,1294800,,
2,2,,0.233291,0.057863,0.634072,0.074775,,1297200,,
2,2,,0.201636,0.040536,0.685682,0.072146,,1299300,,
2,2,,0.27519,0.093463,0.548884,0.082462,,1323000,,
2,2,,0.254188,0.109838,0.541074,0.0949,,1296300,,
2,2,,0.320707,0.093362,0.362284,0.223647,,1299000,,
2,2,,0.266301,0.094123,0.579481,0.060095,,1302800,,
2,0,,0.368794,0.215546,0.338347,0.077313,,1298700,,
2,2,,0.214244,0.149448,0.619051,0.017257,,1295500,,
2,2,,0.310214,0.090913,0.361512,0.237361,,1154200,,
2,2,,0.177247,0.047969,0.65844,0.116344,,1085900,,
2,2,,0.194613,0.096966,0.673584,0.034837,,1088000,,
2,2,,0.261059,0.094541,0.531842,0.112558,,1083500,,
2,2,,0.200639,0.137137,0.628019,0.034205,,1086100,,
2,2,,0.243987,0.130672,0.608521,0.016819,,1081800,,
2,2,,0.304595,0.101762,0.360853,0.23279,,1092400,,
2,2,,0.252517,0.047535,0.586324,0.113624,,1083900,,
2,2,,0.243987,0.150672,0.588521,0.016819,,1085500,,
2,2,,0.333913,0.094058,0.370782,0.201247,,1093800,,
