wall-following,Tuned_CWT,test,4,NANOSECONDS,PREDICTIONS, Generated by ClassifierExperiments.java on 2022-05-16 02:17:22.    SYSTEMPROPERTIES:{user.name:matth,os.arch:amd64,os.name:Windows 10},ENDSYSTEMPROPERTIES
No parameter info
0.5873741994510522,833255900,1204304400,-1,22179408,4,,-1,-1
0,2,,0.268075,0.122619,0.514635,0.094671,,1237500,,
0,0,,0.430369,0.20224,0.278326,0.089066,,1137300,,
0,2,,0.242145,0.075222,0.605525,0.077108,,1116200,,
0,0,,0.437779,0.222698,0.232841,0.106682,,1113300,,
0,2,,0.260393,0.119432,0.535783,0.084392,,1121400,,
0,2,,0.273479,0.111319,0.551506,0.063696,,1122600,,
0,0,,0.423594,0.266349,0.227185,0.082872,,1124000,,
0,2,,0.301099,0.156788,0.464927,0.077186,,1112700,,
0,0,,0.403312,0.253413,0.259069,0.084205,,1118700,,
0,0,,0.493859,0.257064,0.174143,0.074934,,1143000,,
0,0,,0.433055,0.16768,0.27416,0.125104,,1129100,,
0,2,,0.303109,0.132966,0.460759,0.103166,,1128300,,
0,2,,0.29652,0.106361,0.515395,0.081724,,1150000,,
0,0,,0.504315,0.073577,0.27711,0.144998,,1118400,,
0,2,,0.301236,0.248637,0.362017,0.08811,,1093600,,
0,2,,0.249929,0.108676,0.531712,0.109683,,1110000,,
0,0,,0.392774,0.345976,0.195791,0.065459,,1113700,,
0,0,,0.456654,0.200214,0.264817,0.078315,,1114000,,
0,2,,0.24238,0.064193,0.514403,0.179023,,1107300,,
0,2,,0.326093,0.166737,0.42599,0.08118,,1103000,,
0,0,,0.45142,0.2268,0.195172,0.126608,,1118800,,
0,2,,0.270808,0.115136,0.520633,0.093423,,1109900,,
0,0,,0.37734,0.26237,0.250499,0.109791,,1108700,,
0,0,,0.450402,0.305076,0.170514,0.074008,,1104400,,
0,2,,0.2444,0.074268,0.566367,0.114965,,1108400,,
0,0,,0.422772,0.206728,0.29562,0.074879,,1110500,,
0,2,,0.301439,0.10563,0.49699,0.095941,,1137600,,
0,0,,0.437666,0.261895,0.193057,0.107382,,1095500,,
0,0,,0.411682,0.287462,0.221715,0.079141,,1075700,,
0,0,,0.370548,0.288745,0.218792,0.121915,,1083800,,
0,0,,0.341744,0.286022,0.244483,0.127751,,1081700,,
0,0,,0.370325,0.262991,0.151042,0.215642,,1081400,,
0,2,,0.322487,0.137944,0.465589,0.07398,,1084000,,
0,2,,0.354264,0.107335,0.454196,0.084205,,1081700,,
0,2,,0.250231,0.095356,0.611418,0.042994,,1081700,,
0,2,,0.309937,0.226519,0.380229,0.083316,,1082400,,
0,0,,0.420639,0.168558,0.204981,0.205823,,1082300,,
0,2,,0.226338,0.134039,0.567994,0.071629,,1084700,,
0,0,,0.374777,0.20594,0.269247,0.150036,,1095000,,
0,0,,0.531553,0.173999,0.202804,0.091644,,1105600,,
0,0,,0.373686,0.266525,0.241746,0.118044,,1095700,,
0,2,,0.2951,0.109579,0.546454,0.048867,,1089700,,
0,0,,0.32786,0.187633,0.31962,0.164888,,1091500,,
0,0,,0.317915,0.301662,0.287744,0.092679,,1093100,,
0,2,,0.256983,0.102681,0.553983,0.086354,,1092600,,
0,0,,0.395411,0.251278,0.214901,0.138411,,1092400,,
0,2,,0.254093,0.132094,0.52846,0.085353,,1087800,,
0,0,,0.373292,0.26633,0.21274,0.147638,,1092000,,
0,2,,0.244731,0.117947,0.530958,0.106364,,1086300,,
0,2,,0.245167,0.135429,0.524659,0.094745,,1090200,,
0,0,,0.351729,0.28364,0.236881,0.127749,,1088500,,
0,2,,0.300155,0.091754,0.452631,0.15546,,1090900,,
0,2,,0.280393,0.119432,0.535783,0.064392,,1088000,,
0,0,,0.414226,0.232058,0.267097,0.086619,,1091200,,
0,0,,0.388731,0.271787,0.214882,0.1246,,1097700,,
0,2,,0.238842,0.069258,0.5841,0.1078,,1090300,,
0,2,,0.311558,0.129778,0.458486,0.100179,,1090400,,
0,0,,0.335329,0.218474,0.32384,0.122357,,1090100,,
0,2,,0.244691,0.128893,0.525877,0.100539,,1087400,,
0,0,,0.426453,0.236207,0.262678,0.074662,,1092200,,
0,2,,0.342987,0.10194,0.470648,0.084425,,1092800,,
0,2,,0.273479,0.111319,0.551506,0.063696,,1095400,,
0,0,,0.33032,0.207664,0.244175,0.21784,,1090200,,
0,0,,0.426617,0.311578,0.192693,0.069113,,1088700,,
0,2,,0.325884,0.093295,0.422422,0.158399,,1090600,,
0,0,,0.404876,0.253915,0.216609,0.1246,,1093000,,
0,0,,0.588293,0.170863,0.166416,0.074428,,1092500,,
0,0,,0.588089,0.120466,0.215536,0.075909,,1119200,,
0,2,,0.269381,0.115048,0.494265,0.121306,,1089000,,
0,0,,0.395611,0.238555,0.269655,0.096179,,1094200,,
0,0,,0.341987,0.297083,0.276844,0.084087,,1092900,,
0,2,,0.258533,0.052346,0.576201,0.112921,,1091700,,
0,2,,0.24531,0.081473,0.564166,0.109052,,1088800,,
0,0,,0.45509,0.268707,0.201542,0.074662,,1094700,,
0,0,,0.655454,0.118759,0.150923,0.074863,,1090900,,
0,2,,0.219677,0.096377,0.628371,0.055575,,1089900,,
0,0,,0.398271,0.280913,0.201125,0.11969,,1092300,,
0,0,,0.428665,0.260567,0.236104,0.074663,,1090500,,
0,2,,0.317494,0.092611,0.429918,0.159978,,1088600,,
0,2,,0.301282,0.234037,0.381365,0.083316,,1089300,,
0,2,,0.305951,0.101902,0.481272,0.110875,,1091800,,
0,0,,0.638374,0.12299,0.175275,0.063362,,1108600,,
0,0,,0.399316,0.215134,0.275748,0.109802,,1090500,,
0,2,,0.241339,0.123068,0.593883,0.04171,,1090400,,
0,2,,0.299765,0.106639,0.479558,0.114039,,1095000,,
0,2,,0.263726,0.119432,0.535783,0.081059,,1087200,,
0,0,,0.532797,0.158217,0.201366,0.10762,,1090500,,
0,0,,0.455493,0.231044,0.211088,0.102375,,1091800,,
0,0,,0.476971,0.223286,0.193135,0.106608,,1091500,,
0,0,,0.449075,0.258543,0.205836,0.086546,,1089000,,
0,0,,0.60831,0.140131,0.156458,0.0951,,1090000,,
0,0,,0.349766,0.079442,0.329966,0.240826,,1096900,,
0,0,,0.373267,0.284297,0.214761,0.127675,,1092100,,
0,0,,0.358677,0.24809,0.281364,0.111868,,1090700,,
0,2,,0.237081,0.07744,0.577124,0.108356,,1092900,,
0,0,,0.407798,0.206489,0.264603,0.121111,,1093300,,
0,0,,0.468352,0.192879,0.260031,0.078738,,1089800,,
0,0,,0.382778,0.260667,0.193788,0.162767,,1092000,,
0,0,,0.405132,0.268767,0.218639,0.107462,,1092700,,
0,0,,0.625101,0.142813,0.129637,0.102448,,1092500,,
0,0,,0.523976,0.221775,0.179895,0.074354,,1093300,,
0,2,,0.281486,0.098702,0.525141,0.094671,,1089000,,
0,2,,0.222726,0.069962,0.630423,0.076889,,1098400,,
0,0,,0.383336,0.239603,0.219257,0.157805,,1093000,,
0,0,,0.472534,0.229938,0.209309,0.088219,,1093300,,
0,0,,0.371782,0.246815,0.259706,0.121698,,1094300,,
0,0,,0.416371,0.279797,0.168609,0.135223,,1089900,,
0,2,,0.272708,0.093962,0.53626,0.09707,,1088800,,
0,2,,0.272074,0.098702,0.534552,0.094671,,1109700,,
0,0,,0.402942,0.285884,0.237092,0.074082,,1092700,,
0,0,,0.548587,0.165456,0.20654,0.079416,,1092600,,
0,0,,0.3721,0.262183,0.142762,0.222955,,1089900,,
0,0,,0.383123,0.21539,0.322217,0.079271,,1088700,,
0,2,,0.222726,0.069962,0.630423,0.076889,,1088900,,
0,0,,0.383601,0.273213,0.224075,0.11911,,1092000,,
0,2,,0.261001,0.07564,0.561321,0.102038,,1093800,,
0,0,,0.338494,0.094582,0.3314,0.235523,,1092600,,
0,2,,0.2831,0.14678,0.479473,0.090647,,1090700,,
0,0,,0.506646,0.130837,0.271678,0.090839,,1090000,,
0,2,,0.280749,0.096574,0.580161,0.042516,,1088400,,
0,2,,0.250372,0.109874,0.539275,0.100479,,1091900,,
0,0,,0.433241,0.330649,0.16814,0.06797,,1091800,,
0,0,,0.372561,0.216671,0.285472,0.125296,,1117200,,
0,2,,0.237579,0.102801,0.578111,0.081509,,1085500,,
0,0,,0.464842,0.198124,0.258517,0.078517,,1097300,,
0,0,,0.328827,0.094582,0.312015,0.264576,,1093400,,
0,2,,0.288709,0.116655,0.480612,0.114024,,1090300,,
0,0,,0.333769,0.21924,0.244886,0.202105,,1100500,,
0,2,,0.266192,0.098702,0.540435,0.094671,,1080500,,
0,2,,0.226141,0.125231,0.542749,0.10588,,1083000,,
0,0,,0.336458,0.274152,0.298762,0.090629,,1093200,,
0,2,,0.2831,0.14678,0.479473,0.090647,,1094500,,
0,0,,0.464208,0.202864,0.256809,0.076119,,1089600,,
0,2,,0.255715,0.069994,0.627295,0.046996,,1090300,,
0,0,,0.437411,0.237598,0.221658,0.103333,,1095900,,
0,0,,0.625101,0.147813,0.124637,0.102448,,1091500,,
0,2,,0.358155,0.114975,0.436238,0.090632,,1110700,,
0,2,,0.300155,0.091754,0.452631,0.15546,,1091100,,
0,0,,0.411682,0.287462,0.221715,0.079141,,1091000,,
0,2,,0.248164,0.061489,0.513463,0.176884,,1094400,,
0,2,,0.232483,0.120852,0.558036,0.088629,,1091800,,
0,2,,0.23287,0.061489,0.528757,0.176884,,1086300,,
0,0,,0.404411,0.27365,0.240759,0.08118,,1100900,,
0,2,,0.258082,0.10563,0.554786,0.081503,,1091100,,
0,2,,0.249106,0.074856,0.565191,0.110847,,1090400,,
0,2,,0.253846,0.12217,0.540149,0.083835,,1090500,,
0,2,,0.24632,0.091866,0.580906,0.080908,,1095300,,
0,2,,0.277857,0.168474,0.476338,0.077331,,1089400,,
0,0,,0.402312,0.338703,0.181642,0.077343,,1089400,,
0,0,,0.345169,0.281777,0.268391,0.104663,,1095000,,
0,2,,0.280393,0.119432,0.535783,0.064392,,1095000,,
0,0,,0.373926,0.283812,0.192226,0.150036,,1091500,,
0,0,,0.364553,0.121039,0.358342,0.156067,,1095100,,
0,0,,0.625101,0.142813,0.129637,0.102448,,1095200,,
0,2,,0.367191,0.167226,0.383914,0.081669,,1091500,,
0,0,,0.360866,0.250405,0.281192,0.107537,,1089700,,
0,2,,0.28662,0.087089,0.504266,0.122025,,1092900,,
0,0,,0.390989,0.26623,0.224153,0.118628,,1094500,,
0,2,,0.248355,0.124097,0.594212,0.033335,,1090300,,
0,0,,0.435699,0.196762,0.259053,0.108486,,1091700,,
0,2,,0.281392,0.114288,0.49609,0.108229,,1091100,,
0,2,,0.30325,0.113761,0.51315,0.06984,,1091200,,
0,0,,0.368833,0.290772,0.226927,0.113467,,1090400,,
0,0,,0.344304,0.078687,0.325458,0.251551,,1116600,,
0,2,,0.301236,0.228637,0.382017,0.08811,,1090900,,
0,2,,0.281392,0.094288,0.49609,0.128229,,1087400,,
0,2,,0.237081,0.07744,0.577124,0.108356,,1089000,,
0,0,,0.428561,0.226441,0.260868,0.08413,,1091400,,
0,0,,0.431972,0.180828,0.277473,0.109727,,1093000,,
0,0,,0.419377,0.202085,0.299194,0.079345,,1092000,,
0,0,,0.388142,0.344127,0.202273,0.065459,,1090700,,
0,0,,0.358502,0.24029,0.237835,0.163373,,1094700,,
0,0,,0.365853,0.287425,0.277009,0.069713,,1091200,,
0,2,,0.276937,0.088573,0.556284,0.078206,,1090200,,
0,2,,0.350311,0.156148,0.397898,0.095643,,1086000,,
0,2,,0.250349,0.07055,0.571445,0.107656,,1091400,,
0,2,,0.288709,0.116655,0.480612,0.114024,,1086100,,
0,2,,0.348283,0.127612,0.440044,0.084061,,1103100,,
0,2,,0.266192,0.098702,0.540435,0.094671,,1090100,,
0,2,,0.2444,0.074268,0.566367,0.114965,,1092500,,
0,0,,0.419989,0.334278,0.171724,0.074008,,1090100,,
0,2,,0.260194,0.160001,0.495207,0.084598,,1091000,,
0,0,,0.434888,0.207294,0.279429,0.078389,,1092100,,
0,2,,0.263789,0.103998,0.564159,0.068053,,1093900,,
0,2,,0.36181,0.10194,0.451825,0.084425,,1089400,,
0,0,,0.379679,0.249318,0.243542,0.127462,,1093400,,
0,2,,0.214344,0.061701,0.575491,0.148464,,1092300,,
0,2,,0.256491,0.044421,0.521715,0.177373,,1090300,,
0,2,,0.342987,0.10194,0.470648,0.084425,,1089100,,
0,0,,0.605101,0.162813,0.129637,0.102448,,1092300,,
0,0,,0.44115,0.254264,0.241818,0.062768,,1113900,,
0,0,,0.468765,0.130122,0.29273,0.108382,,1091700,,
0,0,,0.340677,0.081547,0.312015,0.265761,,1092500,,
0,2,,0.281503,0.192845,0.448245,0.077407,,1091100,,
0,2,,0.255585,0.110918,0.554457,0.079041,,1089300,,
0,0,,0.61304,0.090246,0.202525,0.094189,,1093100,,
0,0,,0.547886,0.127995,0.169685,0.154434,,1089900,,
0,2,,0.249929,0.108676,0.531712,0.109683,,1088800,,
0,0,,0.47443,0.128037,0.276947,0.120586,,1091800,,
0,0,,0.395605,0.260597,0.259669,0.08413,,1089200,,
0,2,,0.235473,0.076094,0.502274,0.186159,,1091200,,
0,0,,0.428103,0.20125,0.296347,0.0743,,1092200,,
0,2,,0.235307,0.098142,0.555403,0.111148,,1090900,,
0,2,,0.21201,0.061701,0.557439,0.16885,,1088300,,
0,0,,0.484582,0.126428,0.243217,0.145772,,1113500,,
0,0,,0.399446,0.318068,0.192116,0.09037,,1090400,,
0,0,,0.389777,0.221172,0.30125,0.087801,,1089400,,
0,2,,0.238033,0.092086,0.576831,0.09305,,1088500,,
0,0,,0.373606,0.335111,0.21142,0.079863,,1095100,,
0,0,,0.398747,0.211466,0.200928,0.188859,,1092400,,
0,0,,0.413366,0.247985,0.228675,0.109974,,1089300,,
0,2,,0.254222,0.125808,0.532481,0.087489,,1089400,,
0,2,,0.327307,0.10456,0.499349,0.068784,,1091000,,
0,0,,0.548587,0.165456,0.20654,0.079416,,1092700,,
0,2,,0.286388,0.091754,0.467123,0.154735,,1089300,,
0,0,,0.417333,0.264921,0.230611,0.087135,,1093300,,
0,2,,0.271689,0.126226,0.512447,0.089638,,1089900,,
0,0,,0.520784,0.223726,0.153116,0.102375,,1090200,,
0,0,,0.436792,0.227004,0.261469,0.074735,,1107000,,
0,2,,0.264592,0.133471,0.514659,0.087278,,1095900,,
0,2,,0.333988,0.138575,0.443376,0.084061,,1095500,,
0,0,,0.347957,0.312557,0.225943,0.113543,,1091100,,
0,0,,0.338407,0.295157,0.248099,0.118337,,1091800,,
0,0,,0.363267,0.285686,0.223372,0.127675,,1091900,,
0,2,,0.270478,0.091754,0.482309,0.15546,,1096500,,
0,0,,0.426761,0.240857,0.254065,0.078317,,1092600,,
0,0,,0.37402,0.254986,0.234515,0.136478,,1094700,,
0,0,,0.375252,0.205357,0.230053,0.189339,,1090600,,
0,0,,0.547474,0.11515,0.262973,0.074403,,1093200,,
0,2,,0.295307,0.116965,0.49658,0.091148,,1091800,,
0,2,,0.225605,0.046957,0.51373,0.213709,,1095000,,
0,0,,0.47612,0.241158,0.176114,0.106608,,1090300,,
0,2,,0.244837,0.132305,0.525448,0.097409,,1110200,,
0,2,,0.244837,0.132305,0.525448,0.097409,,1091700,,
0,0,,0.508249,0.195398,0.203758,0.092595,,1096900,,
0,0,,0.461676,0.222698,0.209018,0.106608,,1090900,,
0,0,,0.412468,0.253521,0.250099,0.083912,,1088500,,
0,2,,0.222726,0.069962,0.630423,0.076889,,1090100,,
0,2,,0.256813,0.111319,0.551506,0.080363,,1089400,,
0,2,,0.296315,0.084108,0.570689,0.048888,,1090300,,
0,0,,0.395394,0.311074,0.16549,0.128042,,1092200,,
0,2,,0.250808,0.096312,0.559457,0.093423,,1091600,,
0,2,,0.249929,0.108676,0.531712,0.109683,,1087900,,
0,2,,0.301236,0.228637,0.382017,0.08811,,1089400,,
0,0,,0.380866,0.267257,0.245482,0.106395,,1091700,,
0,0,,0.474129,0.127886,0.277473,0.120511,,1117900,,
0,0,,0.575861,0.154149,0.175256,0.094734,,1088400,,
0,0,,0.3818,0.263709,0.236413,0.118078,,1093100,,
0,0,,0.442122,0.221527,0.262196,0.074155,,1091500,,
0,2,,0.198512,0.068469,0.633757,0.099262,,1089700,,
0,2,,0.351157,0.092596,0.471823,0.084425,,1088400,,
0,0,,0.400296,0.279292,0.193775,0.126637,,1093700,,
0,0,,0.383757,0.210649,0.323925,0.081669,,1084600,,
0,0,,0.567106,0.156335,0.199629,0.076929,,1084500,,
0,2,,0.288709,0.116655,0.480612,0.114024,,1092700,,
0,2,,0.311443,0.070174,0.469925,0.148458,,1095000,,
0,0,,0.496471,0.267661,0.163217,0.072651,,1102400,,
0,2,,0.251106,0.087055,0.580931,0.080908,,1093100,,
0,2,,0.212693,0.112816,0.612015,0.062475,,1089700,,
0,2,,0.24472,0.048454,0.528757,0.178069,,1112200,,
0,2,,0.306192,0.118702,0.480435,0.094671,,1090400,,
0,2,,0.2739,0.113944,0.535329,0.076827,,1091200,,
0,2,,0.29548,0.126244,0.483604,0.094671,,1091700,,
0,0,,0.390073,0.301323,0.240633,0.06797,,1091800,,
0,0,,0.365408,0.265792,0.250097,0.118703,,1090500,,
0,2,,0.219677,0.096377,0.628371,0.055575,,1094500,,
0,0,,0.357344,0.081547,0.312015,0.249095,,1094100,,
0,0,,0.444612,0.213132,0.239881,0.102375,,1093100,,
0,0,,0.546078,0.118897,0.22805,0.106975,,1089500,,
0,2,,0.319347,0.154415,0.442251,0.083987,,1090600,,
0,0,,0.395155,0.24941,0.281351,0.074084,,1104000,,
0,0,,0.47243,0.2608,0.189325,0.077445,,1096700,,
0,0,,0.367093,0.302192,0.229781,0.100934,,1091900,,
0,0,,0.572545,0.12462,0.194524,0.10831,,1118700,,
0,2,,0.281392,0.114288,0.47609,0.128229,,1091500,,
0,2,,0.281392,0.094288,0.51609,0.108229,,1090200,,
0,0,,0.548587,0.165456,0.20654,0.079416,,1095000,,
0,0,,0.388365,0.290199,0.254051,0.067385,,1096700,,
0,0,,0.405841,0.315413,0.201403,0.077343,,1091600,,
0,0,,0.365885,0.332601,0.21568,0.085834,,1089400,,
0,0,,0.431074,0.205034,0.284475,0.079416,,1089900,,
0,0,,0.522472,0.140767,0.257301,0.079461,,1090300,,
0,2,,0.2444,0.074268,0.566367,0.114965,,1091400,,
0,2,,0.29988,0.107089,0.48324,0.109791,,1092500,,
0,0,,0.335895,0.243134,0.308174,0.112797,,1094900,,
0,2,,0.269487,0.110072,0.514413,0.106029,,1098800,,
0,2,,0.276584,0.090418,0.454724,0.178274,,1115500,,
0,2,,0.325944,0.103242,0.497236,0.073578,,1089700,,
0,0,,0.662398,0.088221,0.160845,0.088537,,1095200,,
0,2,,0.245167,0.115429,0.544659,0.094745,,1094900,,
0,0,,0.44676,0.221723,0.263329,0.068188,,1089200,,
0,2,,0.224963,0.115967,0.565223,0.093847,,1088000,,
0,0,,0.534661,0.145787,0.235348,0.084204,,1098800,,
0,0,,0.588089,0.120466,0.215536,0.075909,,1085000,,
0,2,,0.314172,0.113992,0.507517,0.064319,,1081700,,
0,2,,0.36181,0.10194,0.451825,0.084425,,1092000,,
0,0,,0.410996,0.304794,0.206867,0.077343,,1094800,,
0,0,,0.402216,0.297577,0.217406,0.082801,,1090200,,
0,2,,0.307826,0.113876,0.514676,0.063622,,1087400,,
0,0,,0.501529,0.092254,0.285865,0.120352,,1093200,,
0,0,,0.360721,0.31993,0.226446,0.092904,,1107800,,
0,0,,0.563323,0.124614,0.162164,0.1499,,1091400,,
0,2,,0.301282,0.234037,0.381365,0.083316,,1088500,,
0,0,,0.531553,0.173999,0.202804,0.091644,,1092600,,
0,2,,0.27548,0.126244,0.503604,0.094671,,1091000,,
0,2,,0.23287,0.061489,0.528757,0.176884,,1092000,,
0,0,,0.352113,0.332847,0.22693,0.08811,,1094900,,
0,2,,0.260294,0.10999,0.548211,0.081504,,1094700,,
0,2,,0.267611,0.095721,0.501031,0.135637,,1090900,,
0,0,,0.491109,0.236572,0.194801,0.077519,,1091300,,
0,2,,0.224802,0.048666,0.571938,0.154594,,1090700,,
0,2,,0.29519,0.096738,0.528527,0.079546,,1087800,,
0,0,,0.372416,0.242074,0.261414,0.124096,,1091000,,
0,2,,0.241845,0.134999,0.535538,0.087618,,1099900,,
0,2,,0.30106,0.125728,0.484946,0.088266,,1111200,,
0,2,,0.281503,0.192845,0.448245,0.077407,,1093400,,
0,0,,0.427811,0.271171,0.193057,0.107962,,1090400,,
0,0,,0.377944,0.264353,0.237938,0.119765,,1091400,,
0,0,,0.57739,0.157913,0.174758,0.08994,,1095200,,
0,2,,0.282874,0.1056,0.475291,0.136234,,1088600,,
0,0,,0.583101,0.157741,0.150672,0.108486,,1091000,,
0,2,,0.343034,0.10421,0.461232,0.091524,,1091100,,
0,0,,0.625101,0.142813,0.129637,0.102448,,1092100,,
0,2,,0.252068,0.107202,0.582898,0.057831,,1089000,,
0,0,,0.333769,0.21924,0.244886,0.202105,,1091400,,
0,2,,0.317488,0.097938,0.431196,0.153378,,1089100,,
0,0,,0.45509,0.268707,0.201542,0.074662,,1094500,,
0,0,,0.406282,0.324294,0.224525,0.044898,,1088300,,
0,0,,0.408517,0.24819,0.235911,0.107382,,1097400,,
0,0,,0.398425,0.296983,0.17663,0.127962,,1095200,,
0,0,,0.39103,0.343592,0.173663,0.091714,,1090700,,
0,0,,0.374493,0.319684,0.215195,0.090629,,1090700,,
0,2,,0.295343,0.09342,0.535395,0.075841,,1089200,,
0,2,,0.263602,0.110768,0.561935,0.063696,,1086900,,
0,0,,0.354212,0.265079,0.296622,0.084087,,1089900,,
0,2,,0.307602,0.098702,0.498656,0.095039,,1083200,,
0,0,,0.406786,0.329729,0.198568,0.064917,,1090300,,
0,0,,0.613444,0.134157,0.149145,0.103254,,1089700,,
0,2,,0.253816,0.135139,0.52862,0.082424,,1088800,,
0,2,,0.325723,0.097938,0.422961,0.153378,,1091700,,
0,0,,0.411123,0.345092,0.168664,0.075121,,1095400,,
0,0,,0.464208,0.202864,0.256809,0.076119,,1106700,,
0,2,,0.354264,0.127335,0.434196,0.084205,,1090100,,
0,0,,0.457839,0.203531,0.262276,0.076355,,1089400,,
0,0,,0.452866,0.315175,0.159769,0.07219,,1089300,,
0,0,,0.390175,0.253301,0.28247,0.074054,,1089300,,
0,0,,0.35798,0.214543,0.261706,0.165771,,1092200,,
0,2,,0.266948,0.109656,0.515167,0.108229,,1098900,,
0,2,,0.29548,0.126244,0.483604,0.094671,,1089200,,
0,2,,0.29551,0.114288,0.480234,0.109968,,1091500,,
0,2,,0.258345,0.104,0.556096,0.08156,,1088700,,
0,2,,0.262498,0.119031,0.538734,0.079737,,1094200,,
0,0,,0.373765,0.293471,0.176759,0.156005,,1088500,,
0,0,,0.376859,0.300747,0.25742,0.064974,,1090400,,
0,0,,0.385841,0.315413,0.221403,0.077343,,1098500,,
0,0,,0.433241,0.315649,0.18314,0.06797,,1108700,,
0,2,,0.284068,0.069867,0.472767,0.173299,,1090700,,
0,2,,0.259537,0.061489,0.489783,0.189192,,1094500,,
0,2,,0.263726,0.119432,0.535783,0.081059,,1093100,,
0,0,,0.338645,0.265827,0.307418,0.08811,,1088700,,
0,0,,0.437666,0.261895,0.193057,0.107382,,1092300,,
0,0,,0.435066,0.215958,0.269926,0.07905,,1092900,,
0,2,,0.313455,0.12887,0.473619,0.084057,,1093100,,
0,2,,0.20988,0.061991,0.539904,0.188225,,1089000,,
0,0,,0.367278,0.284882,0.268322,0.079518,,1093300,,
0,2,,0.296147,0.074156,0.503293,0.126404,,1086100,,
0,0,,0.399539,0.329632,0.188269,0.082561,,1082600,,
0,0,,0.452866,0.315175,0.159769,0.07219,,1098500,,
0,0,,0.408237,0.243296,0.266921,0.081546,,1092200,,
0,2,,0.23287,0.061489,0.528757,0.176884,,1107300,,
0,2,,0.342987,0.10194,0.470648,0.084425,,1092200,,
0,0,,0.401473,0.202192,0.275748,0.120586,,1091900,,
0,0,,0.412468,0.253521,0.250099,0.083912,,1092400,,
0,0,,0.398337,0.083875,0.24549,0.272298,,1095400,,
0,2,,0.300155,0.091754,0.452631,0.15546,,1091500,,
0,2,,0.219271,0.106149,0.613071,0.061509,,1089200,,
0,0,,0.49161,0.149613,0.274278,0.084499,,1093100,,
0,2,,0.263814,0.11495,0.541499,0.079737,,1089000,,
0,0,,0.388673,0.309907,0.222645,0.078775,,1091800,,
0,0,,0.405977,0.261725,0.192608,0.13969,,1090400,,
0,2,,0.316055,0.117909,0.501718,0.064319,,1091900,,
0,2,,0.272164,0.1154,0.548741,0.063696,,1092300,,
0,0,,0.385603,0.239652,0.281428,0.093318,,1094700,,
0,2,,0.324258,0.119386,0.507562,0.048793,,1122800,,
0,0,,0.602898,0.172515,0.149724,0.074863,,1095600,,
0,2,,0.239959,0.070818,0.569688,0.119534,,1090700,,
0,0,,0.493677,0.191464,0.211635,0.103224,,1091700,,
0,2,,0.260393,0.119432,0.535783,0.084392,,1091900,,
0,2,,0.2831,0.14678,0.479473,0.090647,,1093500,,
0,2,,0.281392,0.094288,0.49609,0.128229,,1088400,,
0,2,,0.286552,0.129596,0.480612,0.10324,,1090100,,
0,0,,0.375667,0.267767,0.246517,0.110049,,1094400,,
0,0,,0.377614,0.313508,0.219541,0.089337,,1090400,,
0,0,,0.401276,0.230113,0.258637,0.109974,,1087300,,
0,2,,0.280034,0.139405,0.376964,0.203597,,1095400,,
0,0,,0.597844,0.142414,0.137294,0.122448,,1094300,,
0,0,,0.366912,0.274464,0.255688,0.102936,,1107800,,
0,2,,0.24238,0.064193,0.514403,0.179023,,1092300,,
0,2,,0.259491,0.08026,0.607633,0.052616,,1093800,,
0,2,,0.272117,0.11,0.549393,0.06849,,1088300,,
0,0,,0.426761,0.240857,0.254065,0.078317,,1095300,,
0,0,,0.501848,0.198461,0.205722,0.093969,,1100400,,
0,2,,0.33544,0.127335,0.45302,0.084205,,1104900,,
0,0,,0.372666,0.257359,0.266735,0.10324,,1102500,,
0,0,,0.513922,0.221641,0.162062,0.102375,,1098400,,
0,2,,0.342436,0.172454,0.345506,0.139604,,1114800,,
0,0,,0.380866,0.267257,0.245482,0.106395,,1158600,,
0,0,,0.407481,0.292137,0.182489,0.117893,,1093200,,
0,0,,0.390781,0.273946,0.227811,0.107462,,1095300,,
0,2,,0.263244,0.095429,0.562881,0.078446,,1094300,,
0,2,,0.300155,0.091754,0.452631,0.15546,,1095800,,
0,2,,0.325758,0.143015,0.412027,0.1192,,1092300,,
0,2,,0.250349,0.07055,0.571445,0.107656,,1090300,,
0,0,,0.398954,0.287833,0.249482,0.063732,,1096200,,
0,0,,0.450249,0.302867,0.171397,0.075487,,1090100,,
0,2,,0.313822,0.110783,0.502184,0.073211,,1091700,,
0,2,,0.287457,0.117037,0.495172,0.100334,,1099200,,
0,2,,0.246878,0.116074,0.559642,0.077407,,1090800,,
0,2,,0.295185,0.112102,0.524297,0.068417,,1086900,,
0,0,,0.364478,0.260207,0.157292,0.218023,,1092700,,
0,0,,0.41198,0.272663,0.207315,0.108042,,1093800,,
0,0,,0.457779,0.222698,0.212841,0.106682,,1093600,,
0,0,,0.426812,0.20166,0.296521,0.075008,,1092300,,
0,2,,0.295185,0.112102,0.524297,0.068417,,1088400,,
0,2,,0.360172,0.097303,0.463211,0.079314,,1111800,,
0,0,,0.395394,0.311074,0.16549,0.128042,,1092400,,
0,2,,0.288709,0.116655,0.480612,0.114024,,1090300,,
0,2,,0.287457,0.117037,0.495172,0.100334,,1089900,,
0,0,,0.392367,0.238149,0.279228,0.090256,,1096700,,
0,2,,0.304794,0.131281,0.460686,0.10324,,1088700,,
0,0,,0.526201,0.12468,0.194611,0.154507,,1091100,,
0,0,,0.588457,0.140907,0.175536,0.0951,,1092600,,
0,0,,0.325534,0.212476,0.244151,0.21784,,1091000,,
0,2,,0.257081,0.07744,0.557124,0.108356,,1089500,,
0,0,,0.373659,0.290617,0.216035,0.11969,,1090600,,
0,0,,0.605101,0.162813,0.129637,0.102448,,1095900,,
0,2,,0.272161,0.105197,0.541021,0.081621,,1090800,,
0,0,,0.395877,0.271844,0.229403,0.102876,,1110800,,
0,0,,0.416187,0.273683,0.227258,0.082872,,1090700,,
0,0,,0.437666,0.261895,0.193057,0.107382,,1091300,,
0,2,,0.281708,0.115352,0.538548,0.064392,,1089300,,
1,2,,0.272284,0.201635,0.446419,0.079662,,1092200,,
1,0,,0.389599,0.296364,0.233264,0.080772,,1096600,,
1,0,,0.408701,0.325002,0.195244,0.071053,,1090900,,
1,2,,0.279275,0.199411,0.437999,0.083316,,1092400,,
1,0,,0.44115,0.254264,0.241818,0.062768,,1093800,,
1,2,,0.259688,0.169375,0.487622,0.083316,,1090900,,
1,0,,0.379769,0.313132,0.195747,0.111352,,1093400,,
1,2,,0.249056,0.113955,0.55651,0.080479,,1091600,,
1,2,,0.249056,0.113955,0.55651,0.080479,,1098100,,
1,2,,0.262197,0.138881,0.51926,0.079662,,1087900,,
1,0,,0.416014,0.342552,0.196535,0.044898,,1112500,,
1,0,,0.352709,0.287357,0.141869,0.218064,,1090300,,
1,0,,0.408701,0.325002,0.195244,0.071053,,1094100,,
1,2,,0.283414,0.202866,0.449749,0.063971,,1093900,,
1,2,,0.307849,0.216761,0.443842,0.031548,,1082300,,
1,2,,0.286333,0.177937,0.478431,0.0573,,1091000,,
1,2,,0.271695,0.164834,0.480155,0.083316,,1093300,,
1,2,,0.280892,0.179271,0.4601,0.079737,,1089400,,
1,2,,0.273314,0.128635,0.516993,0.081059,,1092700,,
1,0,,0.388453,0.307981,0.146225,0.157341,,1094000,,
1,2,,0.257494,0.109922,0.569468,0.063116,,1090500,,
1,0,,0.343579,0.336128,0.256398,0.063895,,1091200,,
1,0,,0.411938,0.307065,0.183203,0.097794,,1094500,,
1,2,,0.26998,0.128635,0.536993,0.064392,,1090600,,
1,2,,0.331387,0.168247,0.436471,0.063895,,1110600,,
1,2,,0.271695,0.164834,0.480155,0.083316,,1092000,,
1,2,,0.226941,0.121114,0.586906,0.065038,,1093800,,
1,2,,0.281268,0.182909,0.452432,0.083391,,1090700,,
1,2,,0.270291,0.148345,0.504032,0.077331,,1092500,,
1,2,,0.242459,0.120505,0.576094,0.060942,,1090600,,
1,0,,0.389221,0.340812,0.180751,0.089215,,1091900,,
1,2,,0.240505,0.155533,0.524301,0.079662,,1092000,,
1,2,,0.265723,0.113955,0.55651,0.063812,,1090900,,
1,2,,0.251032,0.120535,0.577454,0.050979,,1090000,,
1,2,,0.270106,0.155948,0.488531,0.085416,,1092100,,
1,0,,0.393061,0.330483,0.183587,0.092869,,1090200,,
1,2,,0.252165,0.168759,0.525023,0.054053,,1091400,,
1,2,,0.249607,0.122396,0.542581,0.085416,,1090300,,
1,2,,0.248996,0.14119,0.548176,0.061638,,1110400,,
1,2,,0.301188,0.191806,0.455963,0.051043,,1089000,,
1,0,,0.392084,0.368865,0.177486,0.061565,,1088600,,
1,0,,0.343579,0.336128,0.256398,0.063895,,1092000,,
1,2,,0.262498,0.119031,0.538734,0.079737,,1091200,,
1,2,,0.26998,0.128635,0.536993,0.064392,,1091600,,
1,2,,0.243726,0.119432,0.555783,0.081059,,1089700,,
1,2,,0.27793,0.20703,0.451145,0.063895,,1090800,,
1,0,,0.399534,0.32743,0.192264,0.080772,,1093600,,
1,2,,0.259688,0.189375,0.467622,0.083316,,1090100,,
1,2,,0.301268,0.182909,0.432432,0.083391,,1097300,,
1,2,,0.27793,0.18703,0.471145,0.063895,,1103200,,
1,2,,0.268144,0.124426,0.543459,0.063971,,1091500,,
1,2,,0.293414,0.1837,0.458916,0.063971,,1110600,,
1,2,,0.273314,0.128635,0.516993,0.081059,,1093600,,
1,0,,0.399534,0.28743,0.232264,0.080772,,1092100,,
1,2,,0.279082,0.183945,0.475335,0.061638,,1093000,,
1,2,,0.249056,0.113955,0.55651,0.080479,,1092500,,
1,2,,0.265835,0.130055,0.525028,0.079082,,1092200,,
1,2,,0.270968,0.181925,0.463792,0.083316,,1086500,,
1,2,,0.245835,0.110055,0.565028,0.079082,,1091400,,
1,0,,0.346074,0.286128,0.279838,0.08796,,1092300,,
1,0,,0.45606,0.323073,0.178326,0.042542,,1095300,,
1,2,,0.2913,0.182453,0.47528,0.050968,,1089900,,
1,2,,0.301501,0.230202,0.406658,0.061638,,1089300,,
1,2,,0.272284,0.201635,0.446419,0.079662,,1092300,,
1,0,,0.4035,0.324639,0.17541,0.096452,,1094800,,
1,2,,0.283414,0.202866,0.449749,0.063971,,1108400,,
1,2,,0.271695,0.164834,0.480155,0.083316,,1087800,,
1,2,,0.235497,0.1154,0.568741,0.080363,,1093000,,
1,2,,0.283414,0.202866,0.449749,0.063971,,1091200,,
1,0,,0.369972,0.274623,0.156686,0.198719,,1099500,,
1,0,,0.343579,0.336128,0.256398,0.063895,,1091600,,
1,2,,0.271695,0.184834,0.460155,0.083316,,1095400,,
1,0,,0.3989,0.297081,0.167545,0.136474,,1092800,,
1,2,,0.262197,0.158881,0.49926,0.079662,,1090300,,
1,2,,0.300887,0.191655,0.456489,0.050968,,1094000,,
1,2,,0.293414,0.1837,0.458916,0.063971,,1090600,,
1,2,,0.243726,0.119432,0.555783,0.081059,,1091600,,
1,0,,0.32613,0.272492,0.225501,0.175877,,1091900,,
1,0,,0.377977,0.364133,0.196326,0.061565,,1091500,,
1,2,,0.257605,0.140352,0.545439,0.056604,,1120400,,
1,0,,0.389221,0.340812,0.180751,0.089215,,1094600,,
1,0,,0.368004,0.363168,0.133739,0.13509,,1093800,,
1,2,,0.243385,0.140535,0.565101,0.050979,,1087800,,
1,2,,0.289073,0.102998,0.589627,0.018301,,1095900,,
1,0,,0.397703,0.354687,0.202711,0.044898,,1091300,,
1,2,,0.303841,0.185625,0.446639,0.063895,,1091600,,
1,2,,0.242459,0.120505,0.576094,0.060942,,1088300,,
1,2,,0.287853,0.15809,0.509085,0.044972,,1092300,,
1,0,,0.45606,0.328073,0.173326,0.042542,,1089800,,
1,2,,0.280968,0.182758,0.452958,0.083316,,1093500,,
1,2,,0.302929,0.270445,0.34331,0.083316,,1098800,,
1,0,,0.376833,0.301575,0.225696,0.095896,,1100800,,
1,2,,0.252164,0.1154,0.568741,0.063696,,1124100,,
1,2,,0.262197,0.158881,0.49926,0.079662,,1091000,,
1,0,,0.407045,0.333536,0.178091,0.081327,,1093000,,
1,2,,0.270591,0.198287,0.45146,0.079662,,1092200,,
1,2,,0.291695,0.164834,0.460155,0.083316,,1097800,,
1,2,,0.27793,0.18703,0.471145,0.063895,,1088800,,
1,2,,0.271187,0.15809,0.509085,0.061638,,1090100,,
1,2,,0.266151,0.140928,0.529026,0.063895,,1087800,,
1,2,,0.272164,0.1154,0.548741,0.063696,,1092600,,
1,2,,0.301501,0.230202,0.406658,0.061638,,1093600,,
1,0,,0.376623,0.320947,0.221585,0.080845,,1098400,,
1,0,,0.365919,0.303231,0.221554,0.109295,,1096700,,
1,0,,0.384173,0.317921,0.217135,0.080772,,1093200,,
1,2,,0.280774,0.167293,0.490295,0.061638,,1099900,,
1,2,,0.261004,0.189085,0.47025,0.079662,,1108500,,
1,2,,0.249056,0.113955,0.55651,0.080479,,1088700,,
1,2,,0.300887,0.191655,0.456489,0.050968,,1093100,,
1,2,,0.242459,0.120505,0.576094,0.060942,,1091400,,
1,2,,0.310774,0.228126,0.399461,0.061638,,1094700,,
1,2,,0.266533,0.167217,0.489499,0.076752,,1092100,,
1,2,,0.235308,0.135873,0.567509,0.06131,,1089100,,
1,2,,0.235492,0.11169,0.576621,0.076197,,1091000,,
1,2,,0.27793,0.18703,0.471145,0.063895,,1091000,,
1,2,,0.262197,0.118881,0.53926,0.079662,,1086600,,
1,2,,0.270968,0.201925,0.443792,0.083316,,1087400,,
1,2,,0.279082,0.183945,0.475335,0.061638,,1089900,,
1,2,,0.240827,0.109922,0.569468,0.079783,,1092900,,
1,2,,0.260393,0.119432,0.555783,0.064392,,1091900,,
1,2,,0.243726,0.119432,0.555783,0.081059,,1112400,,
1,2,,0.281268,0.182909,0.452432,0.083391,,1091000,,
1,2,,0.284012,0.209161,0.369017,0.13781,,1096400,,
1,2,,0.303002,0.232902,0.400126,0.063971,,1091200,,
1,2,,0.238121,0.160505,0.540505,0.060869,,1089500,,
1,2,,0.260393,0.119432,0.555783,0.064392,,1089600,,
1,2,,0.256719,0.159837,0.528134,0.055311,,1087200,,
1,2,,0.273812,0.202187,0.442942,0.081059,,1090300,,
1,2,,0.280774,0.207293,0.450295,0.061638,,1090200,,
1,0,,0.405181,0.310259,0.223896,0.060665,,1092000,,
1,2,,0.270591,0.198287,0.45146,0.079662,,1091800,,
1,2,,0.310774,0.188126,0.439461,0.061638,,1089800,,
1,2,,0.272284,0.201635,0.446419,0.079662,,1087500,,
1,2,,0.249056,0.113955,0.55651,0.080479,,1091500,,
1,2,,0.25168,0.15906,0.528275,0.060985,,1095200,,
1,0,,0.373289,0.343177,0.202133,0.081401,,1091800,,
1,2,,0.283414,0.202866,0.449749,0.063971,,1094700,,
1,0,,0.428172,0.310095,0.183359,0.078374,,1089600,,
1,2,,0.268144,0.164426,0.503459,0.063971,,1091200,,
1,2,,0.267828,0.113553,0.539461,0.079157,,1091200,,
1,2,,0.272164,0.1154,0.548741,0.063696,,1088300,,
1,0,,0.402383,0.356644,0.190036,0.050936,,1093600,,
1,2,,0.281268,0.182909,0.452432,0.083391,,1090500,,
1,2,,0.271996,0.164985,0.479629,0.083391,,1089600,,
1,0,,0.37936,0.319975,0.204769,0.095896,,1095100,,
1,2,,0.294145,0.202715,0.45443,0.048711,,1089200,,
1,2,,0.267843,0.144276,0.523986,0.063895,,1090200,,
1,2,,0.280555,0.251128,0.385002,0.083316,,1112300,,
1,2,,0.281268,0.182909,0.452432,0.083391,,1093900,,
1,2,,0.273314,0.128635,0.516993,0.081059,,1087700,,
1,2,,0.27793,0.20703,0.451145,0.063895,,1088700,,
1,0,,0.40892,0.326618,0.18369,0.080772,,1096500,,
1,2,,0.240827,0.109922,0.569468,0.079783,,1091900,,
1,0,,0.380557,0.338661,0.20001,0.080772,,1089200,,
1,2,,0.243385,0.140535,0.565101,0.050979,,1090200,,
1,2,,0.286333,0.177937,0.478431,0.0573,,1093600,,
1,2,,0.267843,0.144276,0.523986,0.063895,,1091400,,
1,2,,0.251238,0.119532,0.548751,0.080479,,1091900,,
1,2,,0.302929,0.250445,0.36331,0.083316,,1093900,,
1,2,,0.2913,0.182453,0.47528,0.050968,,1089200,,
1,2,,0.260276,0.13374,0.544346,0.061638,,1091900,,
1,2,,0.301282,0.234037,0.381365,0.083316,,1110100,,
1,2,,0.314012,0.191171,0.357007,0.13781,,1094800,,
1,2,,0.241679,0.138514,0.535013,0.084795,,1082300,,
1,2,,0.280555,0.231128,0.405002,0.083316,,1085600,,
1,0,,0.399534,0.32743,0.192264,0.080772,,1094700,,
2,0,,0.350806,0.093078,0.288003,0.268113,,1098400,,
2,2,,0.212628,0.084856,0.628176,0.07434,,1089700,,
2,2,,0.146591,0.063209,0.734406,0.055794,,1089400,,
2,2,,0.151093,0.064469,0.72488,0.059558,,1090800,,
2,2,,0.160598,0.065581,0.736628,0.037193,,1090300,,
2,2,,0.212327,0.124705,0.588703,0.074265,,1090600,,
2,2,,0.191288,0.084186,0.687408,0.037118,,1091700,,
2,2,,0.13022,0.076576,0.727782,0.065422,,1095100,,
2,2,,0.274025,0.068598,0.554991,0.102386,,1091700,,
2,2,,0.284106,0.097505,0.608086,0.010303,,1107100,,
2,2,,0.230252,0.108445,0.563793,0.09751,,1090300,,
2,0,,0.353658,0.064986,0.31166,0.269696,,1096100,,
2,2,,0.219724,0.101777,0.627719,0.05078,,1090600,,
2,2,,0.226682,0.100073,0.564095,0.10915,,1088000,,
2,2,,0.214809,0.064074,0.583604,0.137513,,1094400,,
2,2,,0.179582,0.04556,0.718439,0.056419,,1089300,,
2,2,,0.200299,0.047162,0.692027,0.060513,,1091500,,
2,2,,0.238981,0.111133,0.545918,0.103967,,1091400,,
2,2,,0.226003,0.041518,0.587379,0.1451,,1093700,,
2,2,,0.230407,0.031384,0.612434,0.125774,,1090500,,
2,2,,0.154121,0.098221,0.727882,0.019775,,1089300,,
2,2,,0.263994,0.107647,0.55997,0.068389,,1090200,,
2,2,,0.118122,0.033197,0.79512,0.053561,,1106500,,
2,2,,0.108465,0.017592,0.790237,0.083706,,1089900,,
2,2,,0.260903,0.112343,0.588453,0.038301,,1092300,,
2,2,,0.134638,0.027802,0.753854,0.083706,,1091800,,
2,2,,0.188381,0.075248,0.687369,0.049002,,1093100,,
2,2,,0.197203,0.100084,0.665595,0.037118,,1092200,,
2,2,,0.146842,0.123639,0.694967,0.034552,,1088500,,
2,2,,0.152197,0.028382,0.755874,0.063547,,1091800,,
2,2,,0.27078,0.076379,0.580706,0.072134,,1090400,,
2,2,,0.287691,0.072306,0.488348,0.151655,,1089900,,
2,2,,0.16621,0.087059,0.664251,0.08248,,1089600,,
2,2,,0.136066,0.104071,0.715893,0.043971,,1089100,,
2,2,,0.243613,0.073682,0.615396,0.06731,,1091800,,
2,2,,0.156063,0.033555,0.77894,0.031442,,1087700,,
2,2,,0.238981,0.111133,0.545918,0.103967,,1108900,,
2,2,,0.218405,0.087032,0.626157,0.068406,,1090700,,
2,2,,0.325441,0.095787,0.529612,0.049161,,1092500,,
2,0,,0.334319,0.191758,0.248832,0.225091,,1092600,,
2,2,,0.168965,0.064788,0.683767,0.08248,,1090000,,
2,2,,0.148722,0.050147,0.732249,0.068883,,1089100,,
2,2,,0.235545,0.084856,0.570375,0.109225,,1087900,,
2,2,,0.202449,0.100363,0.619269,0.077919,,1092700,,
2,2,,0.225007,0.095533,0.565515,0.113944,,1093000,,
2,2,,0.269273,0.101064,0.514992,0.114671,,1092200,,
2,2,,0.228394,0.100223,0.56179,0.109593,,1093100,,
2,2,,0.24791,0.077268,0.609531,0.065291,,1090000,,
2,2,,0.14851,0.026633,0.776238,0.048619,,1089100,,
2,2,,0.226686,0.106882,0.635072,0.03136,,1088900,,
2,2,,0.224886,0.119006,0.617847,0.038261,,1118000,,
2,2,,0.155101,0.058445,0.729218,0.057235,,1092000,,
2,2,,0.241655,0.095944,0.567776,0.094624,,1092600,,
2,2,,0.240869,0.071404,0.573708,0.114019,,1087800,,
2,2,,0.237481,0.098928,0.653215,0.010377,,1090500,,
2,2,,0.133659,0.080525,0.738757,0.04706,,1093400,,
2,2,,0.154051,0.054705,0.69006,0.101183,,1095500,,
2,0,,0.350806,0.093078,0.288003,0.268113,,1105700,,
2,2,,0.140318,0.12073,0.716285,0.022668,,1091400,,
2,2,,0.165284,0.074376,0.759349,0.00099,,1089300,,
2,2,,0.241655,0.115944,0.547776,0.094624,,1091000,,
2,2,,0.209395,0.112605,0.669085,0.008915,,1091700,,
2,2,,0.150754,0.082792,0.717252,0.049201,,1091300,,
2,2,,0.139007,0.087484,0.71757,0.055939,,1089400,,
2,2,,0.181149,0.092214,0.657635,0.069002,,1115100,,
2,2,,0.160331,0.084799,0.707321,0.047549,,1093500,,
2,2,,0.228394,0.080223,0.58179,0.109593,,1091500,,
2,2,,0.141975,0.077431,0.741399,0.039196,,1095400,,
2,0,,0.446196,0.116455,0.332417,0.104932,,1094200,,
2,2,,0.233869,0.100316,0.551795,0.114019,,1094500,,
2,0,,0.31911,0.200784,0.299551,0.180555,,1101900,,
2,2,,0.136751,0.053264,0.754081,0.055904,,1089800,,
2,2,,0.166291,0.030816,0.714589,0.088303,,1089500,,
2,2,,0.282111,0.097893,0.582274,0.037721,,1099300,,
2,2,,0.174614,0.075248,0.701861,0.048277,,1091900,,
2,2,,0.136148,0.029172,0.797944,0.036735,,1091400,,
2,2,,0.232385,0.126056,0.584844,0.056715,,1092600,,
2,2,,0.141674,0.07728,0.741925,0.03912,,1093600,,
2,2,,0.181616,0.083623,0.685558,0.049203,,1089800,,
2,2,,0.239028,0.116533,0.545266,0.099173,,1089100,,
2,2,,0.165379,0.04556,0.700758,0.088303,,1093700,,
2,2,,0.1546,0.065771,0.716624,0.063005,,1088600,,
2,2,,0.1467,0.083276,0.769034,0.00099,,1094000,,
2,0,,0.380418,0.309989,0.256621,0.052972,,1096100,,
2,2,,0.141242,0.049808,0.715652,0.093298,,1093600,,
2,2,,0.234322,0.115944,0.546443,0.103291,,1089200,,
2,2,,0.226682,0.100073,0.564095,0.10915,,1093000,,
2,2,,0.239731,0.109763,0.547065,0.103441,,1101100,,
2,2,,0.234322,0.095944,0.566443,0.103291,,1091800,,
2,2,,0.14728,0.125835,0.723638,0.003247,,1091600,,
2,2,,0.222412,0.044791,0.707064,0.025733,,1092700,,
2,2,,0.166059,0.104111,0.691601,0.038229,,1116700,,
2,2,,0.147443,0.113141,0.705878,0.033538,,1097000,,
2,2,,0.183242,0.058152,0.671621,0.086984,,1093900,,
2,2,,0.148007,0.108744,0.740002,0.003247,,1091900,,
2,2,,0.167554,0.074433,0.732809,0.025205,,1096900,,
2,2,,0.182254,0.04355,0.69332,0.080877,,1094200,,
2,2,,0.246028,0.08762,0.567179,0.099173,,1094500,,
2,2,,0.161739,0.034568,0.767102,0.036591,,1093600,,
2,2,,0.208016,0.073101,0.635062,0.083821,,1091500,,
2,2,,0.136007,0.026535,0.768466,0.068992,,1089400,,
2,2,,0.136131,0.092031,0.739732,0.032106,,1090500,,
2,2,,0.181962,0.060979,0.719868,0.037191,,1094500,,
2,2,,0.203812,0.105472,0.621244,0.069471,,1091100,,
2,0,,0.376008,0.278441,0.300653,0.044898,,1096300,,
2,2,,0.126823,0.027952,0.772168,0.073057,,1118600,,
2,2,,0.202449,0.120363,0.599269,0.077919,,1091600,,
2,2,,0.224886,0.119006,0.617847,0.038261,,1096500,,
2,0,,0.359375,0.082713,0.333481,0.224431,,1095600,,
2,2,,0.166063,0.084673,0.712147,0.037118,,1094800,,
2,2,,0.201243,0.095016,0.666496,0.037246,,1091600,,
2,2,,0.211774,0.088017,0.657259,0.04295,,1092700,,
2,2,,0.253434,0.09819,0.638,0.010377,,1090500,,
2,2,,0.146842,0.123639,0.694967,0.034552,,1091400,,
2,2,,0.162306,0.06432,0.705696,0.067678,,1093100,,
2,2,,0.129265,0.018678,0.748952,0.103104,,1091000,,
2,2,,0.224462,0.030196,0.55267,0.192672,,1093400,,
2,2,,0.143655,0.03908,0.718128,0.099137,,1093300,,
2,0,,0.379088,0.252755,0.287783,0.080374,,1123200,,
2,2,,0.199484,0.033334,0.6483,0.118882,,1089800,,
2,2,,0.19251,0.089211,0.705478,0.012801,,1098600,,
2,2,,0.224162,0.100617,0.62444,0.05078,,1090600,,
2,2,,0.187004,0.07808,0.706434,0.028481,,1090800,,
2,2,,0.166945,0.046931,0.754793,0.031332,,1092200,,
2,2,,0.201676,0.070773,0.69001,0.037541,,1095900,,
2,2,,0.159683,0.067242,0.724798,0.048277,,1091500,,
2,2,,0.167219,0.036839,0.759351,0.036591,,1089900,,
2,2,,0.304743,0.078989,0.56738,0.048888,,1093300,,
2,2,,0.146415,0.08088,0.738078,0.034627,,1098800,,
2,2,,0.152464,0.120344,0.723945,0.003247,,1090400,,
2,2,,0.254539,0.051588,0.599881,0.093992,,1093100,,
2,2,,0.25545,0.15,0.509393,0.085157,,1095200,,
2,2,,0.156171,0.075004,0.715287,0.053538,,1118600,,
2,2,,0.167219,0.036839,0.759351,0.036591,,1090800,,
2,2,,0.215451,0.108445,0.602754,0.07335,,1089900,,
2,2,,0.158911,0.061286,0.721663,0.05814,,1092300,,
2,2,,0.232478,0.093064,0.623678,0.05078,,1090100,,
2,0,,0.345741,0.327773,0.26259,0.063895,,1095700,,
2,2,,0.122918,0.024674,0.791311,0.061098,,1090600,,
2,2,,0.157864,0.078352,0.710247,0.053538,,1094700,,
2,2,,0.173709,0.038741,0.751609,0.035941,,1089500,,
2,2,,0.158497,0.05037,0.734713,0.056419,,1092800,,
2,2,,0.198512,0.068469,0.633757,0.099262,,1093800,,
2,2,,0.174614,0.075248,0.701861,0.048277,,1126200,,
2,2,,0.235601,0.135984,0.577634,0.05078,,1092400,,
2,2,,0.141346,0.083789,0.752122,0.022743,,1090300,,
2,2,,0.155593,0.062091,0.719633,0.062682,,1115200,,
2,2,,0.207162,0.054465,0.62075,0.117623,,1088700,,
2,2,,0.152464,0.101521,0.742769,0.003247,,1089900,,
2,2,,0.127743,0.080123,0.738596,0.053538,,1087700,,
2,2,,0.178988,0.10443,0.701451,0.015131,,1090100,,
2,0,,0.31911,0.200784,0.299551,0.180555,,1091000,,
2,2,,0.196881,0.092194,0.678602,0.032324,,1089700,,
2,2,,0.171625,0.034715,0.742218,0.051442,,1097900,,
2,2,,0.212908,0.086998,0.619526,0.080568,,1087700,,
2,2,,0.167917,0.089353,0.697934,0.044796,,1090400,,
2,2,,0.131271,0.050993,0.761832,0.055904,,1085400,,
2,2,,0.241315,0.07487,0.590039,0.093776,,1091900,,
2,2,,0.278152,0.103457,0.593142,0.025248,,1091400,,
2,2,,0.155839,0.051052,0.709779,0.083331,,1087400,,
2,2,,0.268617,0.10105,0.555129,0.075204,,1113500,,
2,2,,0.154659,0.026184,0.746347,0.07281,,1101600,,
2,2,,0.168595,0.086817,0.716252,0.028335,,1095100,,
