wall-following,Tuned_CWT,test,1,NANOSECONDS,PREDICTIONS, Generated by ClassifierExperiments.java on 2022-05-16 02:11:28.    SYSTEMPROPERTIES:{user.name:matth,os.arch:amd64,os.name:Windows 10},ENDSYSTEMPROPERTIES
No parameter info
0.6038426349496798,763567600,1191099600,-1,21690320,4,,-1,-1
0,0,,0.332399,0.227084,0.210074,0.230443,,1221700,,
0,2,,0.248888,0.135084,0.531251,0.084777,,1102400,,
0,0,,0.524522,0.141509,0.176693,0.157276,,1127900,,
0,0,,0.564403,0.114984,0.170836,0.149778,,1092700,,
0,2,,0.237687,0.10365,0.520124,0.138539,,1090000,,
0,0,,0.349428,0.245318,0.273186,0.132069,,1094300,,
0,0,,0.386152,0.301001,0.195098,0.117749,,1091700,,
0,0,,0.40496,0.226871,0.197461,0.170708,,1091100,,
0,2,,0.266777,0.103204,0.515038,0.114981,,1089000,,
0,2,,0.273478,0.049649,0.55708,0.119792,,1087500,,
0,0,,0.405093,0.243194,0.221677,0.130036,,1091100,,
0,2,,0.259748,0.092884,0.396745,0.250624,,1119400,,
0,2,,0.268339,0.081849,0.459773,0.190038,,1089700,,
0,2,,0.283849,0.155556,0.449536,0.111059,,1089400,,
0,0,,0.3656,0.303517,0.162021,0.168863,,1090400,,
0,2,,0.275052,0.045272,0.561184,0.118492,,1088000,,
0,0,,0.379158,0.255395,0.185708,0.179739,,1093300,,
0,2,,0.351069,0.09997,0.412833,0.136128,,1090700,,
0,2,,0.258754,0.102053,0.527151,0.112042,,1090200,,
0,2,,0.241176,0.092884,0.415316,0.250624,,1091200,,
0,0,,0.394711,0.245826,0.202188,0.157276,,1099200,,
0,0,,0.353654,0.283322,0.167644,0.19538,,1089600,,
0,0,,0.397693,0.220236,0.268621,0.11345,,1092100,,
0,2,,0.284407,0.115868,0.480023,0.119702,,1087500,,
0,0,,0.396515,0.265746,0.176449,0.161291,,1113900,,
0,0,,0.369093,0.273618,0.203787,0.153501,,1101300,,
0,0,,0.376946,0.252355,0.199594,0.171105,,1102000,,
0,0,,0.378887,0.295629,0.207662,0.117823,,1098600,,
0,0,,0.364602,0.314903,0.188609,0.131886,,1089500,,
0,2,,0.268339,0.081849,0.459773,0.190038,,1090100,,
0,2,,0.301565,0.184901,0.366949,0.146585,,1088000,,
0,0,,0.532431,0.127047,0.139097,0.201425,,1094300,,
0,0,,0.496411,0.163942,0.180149,0.159497,,1089700,,
0,2,,0.253154,0.089125,0.433617,0.224105,,1093500,,
0,0,,0.505486,0.169722,0.154084,0.170708,,1091800,,
0,2,,0.289047,0.116109,0.477518,0.117327,,1090400,,
0,0,,0.381824,0.290457,0.193122,0.134598,,1091500,,
0,0,,0.371973,0.24727,0.265506,0.11525,,1088700,,
0,0,,0.585671,0.09606,0.17879,0.139479,,1113000,,
0,0,,0.33963,0.139506,0.300668,0.220196,,1093000,,
0,2,,0.296475,0.131493,0.453842,0.11819,,1088400,,
0,2,,0.266172,0.090268,0.393023,0.250537,,1093500,,
0,2,,0.225039,0.100452,0.530737,0.143772,,1087800,,
0,0,,0.372433,0.164604,0.282199,0.180765,,1090800,,
0,2,,0.238256,0.142188,0.538385,0.081171,,1089000,,
0,0,,0.350881,0.242311,0.301425,0.105382,,1096300,,
0,2,,0.355276,0.117379,0.357985,0.169361,,1100100,,
0,2,,0.341441,0.151741,0.380458,0.12636,,1105200,,
0,0,,0.35876,0.253766,0.258769,0.128706,,1093200,,
0,2,,0.268339,0.081849,0.439773,0.210038,,1090700,,
0,0,,0.347179,0.247388,0.238011,0.167421,,1095400,,
0,0,,0.558378,0.123748,0.154628,0.163246,,1090800,,
0,0,,0.39184,0.258141,0.215019,0.135,,1119800,,
0,0,,0.331811,0.215553,0.24348,0.209157,,1096200,,
0,2,,0.227657,0.097371,0.559627,0.115345,,1092500,,
0,0,,0.389055,0.295672,0.181545,0.133729,,1104000,,
0,2,,0.311953,0.059407,0.519372,0.109268,,1094700,,
0,0,,0.332029,0.28642,0.199422,0.182129,,1099600,,
0,2,,0.251865,0.096601,0.549798,0.101736,,1100400,,
0,0,,0.432291,0.21024,0.192001,0.165468,,1104200,,
0,0,,0.344201,0.25089,0.25791,0.146999,,1137200,,
0,0,,0.449714,0.223505,0.184338,0.142443,,1100500,,
0,2,,0.27328,0.046435,0.549717,0.130569,,1099400,,
0,0,,0.42464,0.218077,0.207439,0.149843,,1102700,,
0,0,,0.355891,0.274601,0.224676,0.144833,,1096100,,
0,0,,0.382307,0.250371,0.229389,0.137932,,1101500,,
0,0,,0.426846,0.266339,0.207797,0.099017,,1091700,,
0,0,,0.362951,0.206687,0.303618,0.126745,,1092100,,
0,2,,0.268339,0.081849,0.459773,0.190038,,1093500,,
0,2,,0.247806,0.109348,0.506096,0.13675,,1087300,,
0,0,,0.536856,0.137645,0.161972,0.163527,,1099700,,
0,2,,0.244807,0.098214,0.552236,0.104742,,1097500,,
0,0,,0.427401,0.191059,0.202208,0.179332,,1098000,,
0,2,,0.21018,0.098192,0.523935,0.167692,,1095800,,
0,0,,0.451883,0.19299,0.197851,0.157276,,1098000,,
0,0,,0.380653,0.255035,0.241718,0.122593,,1096500,,
0,2,,0.243895,0.093907,0.505363,0.156835,,1097800,,
0,2,,0.294073,0.067621,0.44387,0.194437,,1097300,,
0,0,,0.359716,0.239977,0.274739,0.125569,,1099000,,
0,0,,0.404988,0.317181,0.196332,0.081499,,1118500,,
0,0,,0.43142,0.213876,0.193575,0.161129,,1096700,,
0,2,,0.201127,0.061866,0.560261,0.176746,,1088500,,
0,2,,0.180011,0.046528,0.54303,0.23043,,1097000,,
0,2,,0.27689,0.081849,0.444991,0.19627,,1090500,,
0,0,,0.49433,0.164139,0.166639,0.174892,,1090900,,
0,0,,0.355978,0.250882,0.200606,0.192533,,1087900,,
0,2,,0.291443,0.153174,0.468343,0.087039,,1089600,,
0,0,,0.383327,0.25631,0.233798,0.126565,,1089800,,
0,2,,0.252337,0.119066,0.512221,0.116376,,1089900,,
0,0,,0.515475,0.140943,0.166288,0.177294,,1121900,,
0,0,,0.365997,0.286574,0.203349,0.144079,,1095000,,
0,2,,0.243802,0.087739,0.432148,0.236311,,1097300,,
0,0,,0.355265,0.218837,0.291346,0.134552,,1093700,,
0,0,,0.505216,0.173819,0.178522,0.142443,,1118500,,
0,2,,0.261082,0.065397,0.449826,0.223695,,1102000,,
0,2,,0.247806,0.109348,0.506096,0.13675,,1090000,,
0,0,,0.406615,0.105639,0.233007,0.254739,,1090900,,
0,2,,0.316475,0.131493,0.433842,0.11819,,1089900,,
0,0,,0.371547,0.285721,0.148769,0.193962,,1091100,,
0,0,,0.471514,0.092776,0.258161,0.177549,,1090300,,
0,2,,0.34196,0.081101,0.415042,0.161897,,1089700,,
0,2,,0.268339,0.081849,0.439773,0.210038,,1089500,,
0,2,,0.266085,0.102906,0.484995,0.146014,,1091300,,
0,2,,0.290391,0.12793,0.384151,0.197529,,1090600,,
0,0,,0.358313,0.227734,0.227229,0.186724,,1089200,,
0,0,,0.365904,0.226912,0.248942,0.158242,,1091200,,
0,2,,0.27907,0.113722,0.477117,0.13009,,1104300,,
0,0,,0.408937,0.217715,0.231083,0.142265,,1092300,,
0,2,,0.237702,0.095502,0.477312,0.189484,,1088400,,
0,0,,0.358745,0.220294,0.285188,0.135774,,1092800,,
0,2,,0.245939,0.088825,0.428925,0.236311,,1092400,,
0,2,,0.212342,0.063493,0.499146,0.225018,,1090500,,
0,0,,0.493506,0.160036,0.155749,0.190708,,1091000,,
0,0,,0.481092,0.157088,0.163024,0.198796,,1089100,,
0,2,,0.298328,0.066767,0.362168,0.272737,,1091900,,
0,0,,0.355907,0.263205,0.244545,0.136343,,1089500,,
0,3,,0.338093,0.070836,0.241119,0.349952,,1093200,,
0,2,,0.297097,0.153996,0.464016,0.084891,,1086700,,
0,2,,0.283557,0.07105,0.447366,0.198027,,1090300,,
0,2,,0.22213,0.074748,0.527098,0.176023,,1091900,,
0,2,,0.268787,0.058885,0.460688,0.211639,,1094200,,
0,0,,0.351747,0.251044,0.254361,0.142849,,1090000,,
0,2,,0.223303,0.051686,0.511907,0.213104,,1089800,,
0,2,,0.301862,0.090167,0.454271,0.1537,,1097000,,
0,0,,0.40062,0.282129,0.193692,0.123559,,1083900,,
0,0,,0.324363,0.175658,0.244445,0.255533,,1083300,,
0,2,,0.245174,0.097855,0.487266,0.169704,,1093000,,
0,0,,0.431889,0.190524,0.21406,0.163527,,1094400,,
0,0,,0.358164,0.28529,0.226509,0.130036,,1090800,,
0,0,,0.338392,0.238595,0.280209,0.142804,,1090600,,
0,0,,0.380653,0.255035,0.241718,0.122593,,1089500,,
0,2,,0.336795,0.066938,0.41651,0.179757,,1088600,,
0,0,,0.362404,0.221072,0.283295,0.133229,,1089900,,
0,2,,0.270029,0.054493,0.544583,0.130895,,1090400,,
0,0,,0.488764,0.109775,0.217803,0.183658,,1112000,,
0,0,,0.36786,0.335691,0.176678,0.119771,,1091500,,
0,2,,0.306104,0.110349,0.458314,0.125234,,1088500,,
0,2,,0.284407,0.115868,0.480023,0.119702,,1088000,,
0,0,,0.37814,0.247309,0.230445,0.144107,,1088600,,
0,3,,0.313639,0.059094,0.292459,0.334807,,1090400,,
0,2,,0.247038,0.112754,0.515739,0.124469,,1088300,,
0,0,,0.403929,0.270591,0.188079,0.137401,,1089400,,
0,2,,0.268339,0.081849,0.459773,0.190038,,1089200,,
0,0,,0.378977,0.246392,0.233908,0.140723,,1091000,,
0,2,,0.27377,0.101606,0.451914,0.172711,,1089900,,
0,0,,0.515191,0.106791,0.170825,0.207193,,1093300,,
0,2,,0.259676,0.094262,0.406812,0.239251,,1088700,,
0,0,,0.356899,0.263457,0.253787,0.125857,,1088000,,
0,2,,0.305071,0.178767,0.315801,0.200361,,1124200,,
0,0,,0.357098,0.290391,0.167082,0.185429,,1087200,,
0,0,,0.359269,0.270299,0.20111,0.169322,,1088500,,
0,0,,0.334953,0.306759,0.232286,0.126003,,1090900,,
0,0,,0.528671,0.136569,0.15262,0.18214,,1089200,,
0,0,,0.409145,0.092569,0.332818,0.165468,,1090000,,
0,0,,0.409441,0.222906,0.234212,0.13344,,1089800,,
0,0,,0.495237,0.168676,0.178812,0.157276,,1089800,,
0,2,,0.244966,0.126186,0.5441,0.084749,,1088200,,
0,0,,0.568097,0.100742,0.174549,0.156612,,1089800,,
0,0,,0.371547,0.285721,0.148769,0.193962,,1092700,,
0,2,,0.31738,0.15162,0.400427,0.130573,,1091000,,
0,0,,0.560024,0.118853,0.163931,0.157193,,1090400,,
0,2,,0.1928,0.041512,0.594066,0.171622,,1109100,,
0,0,,0.373418,0.265915,0.19982,0.160848,,1088400,,
0,0,,0.440551,0.160267,0.224889,0.174292,,1094600,,
0,0,,0.391105,0.254317,0.214857,0.139721,,1099600,,
0,0,,0.507472,0.092712,0.21334,0.186476,,1092400,,
0,0,,0.389441,0.222906,0.254212,0.13344,,1090000,,
0,2,,0.276793,0.140746,0.499286,0.083174,,1092700,,
0,0,,0.413765,0.239408,0.176119,0.170708,,1092800,,
0,0,,0.38034,0.120032,0.33416,0.165468,,1087900,,
0,2,,0.28579,0.065463,0.536781,0.111966,,1088600,,
0,0,,0.358164,0.28529,0.226509,0.130036,,1092200,,
0,2,,0.309263,0.177001,0.431671,0.082065,,1091700,,
0,0,,0.449566,0.164953,0.213441,0.17204,,1092100,,
0,2,,0.253657,0.110434,0.512873,0.123035,,1090500,,
0,2,,0.31414,0.050832,0.535345,0.099683,,1096500,,
0,2,,0.241028,0.10365,0.516927,0.138394,,1092400,,
0,0,,0.375861,0.228557,0.218877,0.176704,,1131000,,
0,0,,0.50575,0.093244,0.205618,0.195387,,1119800,,
0,0,,0.355907,0.263205,0.244545,0.136343,,1106300,,
0,0,,0.431803,0.222462,0.149421,0.196313,,1097400,,
0,2,,0.237702,0.095502,0.477312,0.189484,,1095500,,
0,0,,0.385275,0.262397,0.207095,0.145233,,1096000,,
0,0,,0.564403,0.114984,0.170836,0.149778,,1093100,,
0,2,,0.268339,0.081849,0.439773,0.210038,,1097900,,
0,2,,0.27815,0.054372,0.499618,0.167861,,1106500,,
0,2,,0.234695,0.074748,0.4983,0.192258,,1092500,,
0,0,,0.544415,0.115791,0.180296,0.159497,,1099500,,
0,0,,0.313474,0.163123,0.277794,0.245609,,1101400,,
0,0,,0.560062,0.129976,0.143102,0.166861,,1131700,,
0,2,,0.30629,0.133228,0.448711,0.111771,,1147100,,
0,2,,0.289973,0.148295,0.440216,0.121516,,2277700,,
0,0,,0.383922,0.254738,0.147489,0.213851,,1141800,,
0,0,,0.383431,0.227587,0.264432,0.12455,,1131300,,
0,2,,0.260222,0.118,0.52154,0.100239,,1131400,,
0,0,,0.580198,0.086036,0.177154,0.156612,,1129000,,
0,2,,0.227339,0.103428,0.498777,0.170456,,1132900,,
0,2,,0.263524,0.058319,0.486881,0.191275,,1126900,,
0,0,,0.361098,0.243951,0.259952,0.135,,1122100,,
0,0,,0.388877,0.262406,0.198905,0.149813,,1112100,,
0,0,,0.434262,0.270597,0.196123,0.099017,,1133600,,
0,0,,0.439088,0.084391,0.241874,0.234647,,1157800,,
0,0,,0.547503,0.140204,0.1896,0.122693,,1125800,,
0,0,,0.383188,0.230395,0.257836,0.128581,,1136300,,
0,2,,0.287201,0.153174,0.456402,0.103223,,1126200,,
0,0,,0.365808,0.240601,0.251332,0.14226,,1131400,,
0,0,,0.493048,0.160646,0.171415,0.174892,,1125700,,
0,2,,0.237375,0.107415,0.535508,0.119702,,1127900,,
0,0,,0.428577,0.189446,0.205652,0.176325,,1121400,,
0,2,,0.298731,0.085509,0.491124,0.124636,,1125700,,
0,2,,0.298858,0.06789,0.438833,0.194418,,1127900,,
0,0,,0.401213,0.084484,0.3558,0.158504,,1128800,,
0,2,,0.265219,0.101606,0.466697,0.166479,,1121700,,
0,0,,0.38184,0.203549,0.281929,0.132682,,1125600,,
0,2,,0.283849,0.155556,0.449536,0.111059,,1128300,,
0,2,,0.330185,0.054099,0.480156,0.13556,,1125000,,
0,2,,0.35689,0.073964,0.394419,0.174726,,1120100,,
0,0,,0.343708,0.268042,0.197432,0.190818,,1125300,,
0,0,,0.378378,0.179742,0.16828,0.2736,,1134300,,
0,0,,0.410417,0.227272,0.217297,0.145014,,1136700,,
0,0,,0.349473,0.316408,0.19589,0.138229,,1118000,,
0,0,,0.441764,0.141632,0.153909,0.262695,,1121900,,
0,0,,0.35561,0.290663,0.204458,0.149269,,1119100,,
0,2,,0.254495,0.109073,0.528805,0.107627,,1119000,,
0,2,,0.330648,0.086378,0.406534,0.176441,,1124700,,
0,0,,0.390419,0.093093,0.357985,0.158504,,1113800,,
0,2,,0.221567,0.101126,0.583517,0.09379,,1120900,,
0,0,,0.361489,0.246452,0.261093,0.130966,,1115500,,
0,0,,0.507625,0.162361,0.157039,0.172975,,1131000,,
0,0,,0.326798,0.218875,0.228023,0.226304,,1120100,,
0,0,,0.407348,0.250232,0.179174,0.163246,,1083200,,
0,2,,0.241028,0.10365,0.516927,0.138394,,1087700,,
0,2,,0.292337,0.119066,0.472221,0.116376,,1084700,,
0,2,,0.279697,0.053465,0.502188,0.16465,,1088900,,
0,2,,0.276079,0.107574,0.364124,0.252223,,1087700,,
0,0,,0.562527,0.12625,0.171744,0.139479,,1086400,,
0,0,,0.352566,0.105204,0.317435,0.224795,,1084600,,
0,0,,0.352729,0.218677,0.204191,0.224403,,1086200,,
0,0,,0.385705,0.249085,0.217385,0.147824,,1087100,,
0,2,,0.226048,0.07807,0.50264,0.193242,,1084500,,
0,0,,0.505216,0.173819,0.178522,0.142443,,1084100,,
0,2,,0.243895,0.093907,0.505363,0.156835,,1096900,,
0,2,,0.239895,0.098797,0.502758,0.15855,,1082700,,
0,2,,0.294073,0.067621,0.44387,0.194437,,1081100,,
0,0,,0.357913,0.274232,0.247517,0.120338,,1077400,,
0,0,,0.355907,0.263205,0.244545,0.136343,,1077300,,
0,0,,0.452291,0.19024,0.192001,0.165468,,1096000,,
0,2,,0.235223,0.05148,0.479548,0.233749,,1078300,,
0,0,,0.392968,0.233401,0.199192,0.174438,,1077700,,
0,2,,0.266085,0.102906,0.484995,0.146014,,1074600,,
0,0,,0.527646,0.126778,0.144133,0.201443,,1080600,,
0,2,,0.244407,0.115868,0.520023,0.119702,,1074200,,
0,0,,0.355089,0.262616,0.251326,0.130969,,1077700,,
0,0,,0.368251,0.235504,0.276984,0.11926,,1076500,,
0,2,,0.262071,0.108847,0.544811,0.084271,,1077000,,
0,0,,0.472449,0.175401,0.219468,0.132682,,1102000,,
0,0,,0.375891,0.254601,0.224676,0.144833,,1075400,,
0,2,,0.247601,0.090268,0.411595,0.250537,,1078500,,
0,0,,0.355029,0.263805,0.172583,0.208583,,1072700,,
0,0,,0.331717,0.261407,0.193905,0.21297,,1077200,,
0,2,,0.198507,0.049426,0.546859,0.205207,,1070500,,
0,0,,0.357056,0.219828,0.226812,0.196305,,1094100,,
0,2,,0.30658,0.068282,0.430701,0.194437,,1072200,,
0,0,,0.504598,0.134582,0.149174,0.211646,,1076300,,
0,0,,0.321325,0.168495,0.264571,0.245609,,1075000,,
0,2,,0.266172,0.090268,0.393023,0.250537,,1077200,,
0,0,,0.349167,0.228674,0.266403,0.155756,,1071600,,
0,2,,0.292959,0.121568,0.502395,0.083078,,1081800,,
0,2,,0.339556,0.085201,0.395945,0.179298,,1070700,,
0,2,,0.196077,0.090062,0.582433,0.131429,,1087200,,
0,2,,0.27404,0.106372,0.502942,0.116646,,1069200,,
0,0,,0.523396,0.149819,0.163259,0.163527,,1076000,,
0,2,,0.305517,0.090646,0.414331,0.189506,,1078900,,
0,0,,0.505216,0.173819,0.178522,0.142443,,1074500,,
0,0,,0.381702,0.259168,0.238143,0.120987,,1072800,,
0,2,,0.321264,0.066328,0.422733,0.189674,,1076900,,
0,2,,0.370579,0.091208,0.372744,0.165468,,1083300,,
0,0,,0.358829,0.249372,0.28198,0.109819,,1068900,,
0,0,,0.431889,0.209191,0.195393,0.163527,,1076000,,
0,2,,0.287895,0.104023,0.551826,0.056257,,1072800,,
0,0,,0.363827,0.251772,0.264063,0.120338,,1074500,,
0,0,,0.40496,0.226871,0.197461,0.170708,,1077400,,
0,2,,0.198786,0.05054,0.559528,0.191146,,1075000,,
0,0,,0.348528,0.264846,0.266288,0.120338,,1086300,,
0,0,,0.346521,0.253819,0.263317,0.136343,,1091200,,
0,0,,0.505486,0.169722,0.154084,0.170708,,1086400,,
0,2,,0.267306,0.140746,0.506722,0.085226,,1082200,,
0,2,,0.210221,0.114986,0.567998,0.106795,,1084000,,
0,2,,0.237375,0.107415,0.535508,0.119702,,1083100,,
0,0,,0.397465,0.226061,0.199575,0.1769,,1084000,,
0,2,,0.206359,0.054798,0.533636,0.205207,,1087200,,
0,0,,0.358474,0.213396,0.258636,0.169494,,1089800,,
0,2,,0.185321,0.037283,0.550706,0.22669,,1080100,,
0,0,,0.448711,0.172381,0.221487,0.157421,,1084400,,
0,0,,0.401086,0.266306,0.208848,0.12376,,1081600,,
0,0,,0.410379,0.199358,0.220757,0.169506,,1085000,,
0,2,,0.251492,0.087683,0.450947,0.209879,,1074800,,
0,2,,0.302612,0.063835,0.360816,0.272737,,1089000,,
0,0,,0.326329,0.223561,0.226204,0.223905,,1070600,,
0,2,,0.220388,0.079034,0.546581,0.153997,,1067500,,
0,0,,0.351219,0.262015,0.187684,0.199082,,1069900,,
0,0,,0.352262,0.207693,0.297759,0.142287,,1078200,,
0,2,,0.237226,0.037677,0.489181,0.235916,,1072000,,
0,2,,0.218164,0.094885,0.589509,0.097442,,1077600,,
0,2,,0.254672,0.063907,0.430551,0.25087,,1077300,,
0,0,,0.55302,0.117245,0.18945,0.140285,,1078800,,
0,0,,0.418479,0.181714,0.203464,0.196344,,1081800,,
0,0,,0.375429,0.246704,0.237926,0.13994,,1080200,,
0,0,,0.334394,0.231785,0.216052,0.217769,,1088400,,
0,2,,0.266777,0.103204,0.515038,0.114981,,1078100,,
0,2,,0.272092,0.060576,0.517248,0.150084,,1078600,,
0,2,,0.216319,0.132711,0.52361,0.127359,,1099200,,
0,2,,0.251653,0.093111,0.418925,0.236311,,1075600,,
0,2,,0.325155,0.133996,0.458009,0.08284,,1079600,,
0,2,,0.275052,0.045272,0.561184,0.118492,,1073400,,
0,2,,0.337817,0.067409,0.415017,0.179757,,1075000,,
0,0,,0.43142,0.213876,0.193575,0.161129,,1080500,,
0,2,,0.305517,0.090646,0.414331,0.189506,,1079700,,
0,2,,0.219131,0.095502,0.495883,0.189484,,1078900,,
0,0,,0.495093,0.165297,0.150636,0.188975,,1079200,,
0,0,,0.313474,0.163123,0.277794,0.245609,,1092500,,
0,2,,0.267306,0.140746,0.506722,0.085226,,1077600,,
0,2,,0.308544,0.128295,0.441644,0.121516,,1072300,,
0,0,,0.440486,0.218931,0.181085,0.159497,,1080200,,
0,0,,0.434991,0.194459,0.241055,0.129494,,1078900,,
0,2,,0.308544,0.128295,0.441644,0.121516,,1092800,,
0,2,,0.252829,0.122551,0.418996,0.205623,,1069700,,
0,0,,0.520475,0.150898,0.171351,0.157276,,1073400,,
0,2,,0.328818,0.082698,0.418978,0.169506,,1084600,,
0,0,,0.373803,0.26555,0.178558,0.182089,,1085400,,
0,0,,0.382695,0.243409,0.240754,0.133142,,1078600,,
0,0,,0.432291,0.21024,0.192001,0.165468,,1078600,,
0,0,,0.344987,0.290602,0.171617,0.192794,,1076400,,
0,0,,0.534167,0.136425,0.175195,0.154214,,1086900,,
0,0,,0.406056,0.117383,0.318058,0.158504,,1074800,,
0,2,,0.237812,0.102087,0.52634,0.13376,,1082100,,
0,2,,0.305144,0.059147,0.475127,0.160582,,1078600,,
0,0,,0.452443,0.159372,0.222436,0.165749,,1083700,,
0,0,,0.349005,0.274332,0.231813,0.144851,,1088600,,
0,0,,0.387282,0.232355,0.209257,0.171105,,1079100,,
0,0,,0.386307,0.295744,0.170257,0.147692,,1069100,,
0,0,,0.422375,0.188161,0.196452,0.193012,,1079200,,
0,2,,0.257877,0.094979,0.482102,0.165042,,1081100,,
0,0,,0.547408,0.128568,0.160137,0.163887,,1077600,,
0,0,,0.377459,0.288659,0.148128,0.185755,,1076500,,
0,0,,0.59187,0.115426,0.164219,0.128485,,1077700,,
0,0,,0.360816,0.27518,0.181025,0.182979,,1077200,,
0,2,,0.26606,0.056303,0.52255,0.155087,,1078100,,
0,2,,0.287201,0.153174,0.456402,0.103223,,1078700,,
0,2,,0.336655,0.086378,0.416761,0.160206,,1078200,,
0,2,,0.299507,0.07186,0.365552,0.26308,,1104300,,
0,2,,0.200696,0.093882,0.583087,0.122335,,1080300,,
0,0,,0.540062,0.148642,0.144435,0.166861,,1097600,,
0,0,,0.376899,0.303457,0.193787,0.125857,,1080900,,
0,0,,0.344201,0.25089,0.25791,0.146999,,1077100,,
0,2,,0.224409,0.103942,0.57031,0.10134,,1075500,,
0,2,,0.265006,0.079627,0.445329,0.210038,,1069000,,
0,2,,0.277773,0.055011,0.365494,0.301723,,1074300,,
0,0,,0.342299,0.249893,0.194237,0.21357,,1072100,,
0,0,,0.353587,0.260276,0.239138,0.146999,,1072100,,
0,2,,0.225323,0.093907,0.523935,0.156835,,1077100,,
0,2,,0.209178,0.127947,0.521107,0.141768,,1077500,,
0,0,,0.50239,0.140996,0.207974,0.14864,,1082200,,
0,2,,0.261967,0.10308,0.507151,0.127802,,1075800,,
0,0,,0.370522,0.273618,0.202358,0.153501,,1096500,,
0,0,,0.313474,0.163123,0.277794,0.245609,,1080100,,
0,0,,0.398367,0.225409,0.216017,0.160206,,1086000,,
0,0,,0.497833,0.162248,0.185045,0.154874,,1079300,,
0,2,,0.30093,0.153174,0.460908,0.084988,,1079900,,
0,2,,0.272092,0.060576,0.517248,0.150084,,1085000,,
0,2,,0.259004,0.059698,0.460433,0.220865,,1089300,,
0,0,,0.451883,0.19299,0.197851,0.157276,,1078200,,
0,0,,0.473048,0.180646,0.171415,0.174892,,1078400,,
0,2,,0.316325,0.057605,0.490528,0.135542,,1076100,,
0,2,,0.227257,0.062317,0.498785,0.211641,,1086600,,
0,0,,0.552738,0.116425,0.176623,0.154214,,1078100,,
0,0,,0.508437,0.136242,0.205599,0.149721,,1084600,,
0,2,,0.240702,0.074748,0.508527,0.176023,,1080700,,
0,2,,0.257375,0.107415,0.515508,0.119702,,1076500,,
0,0,,0.444822,0.14565,0.201122,0.208405,,1081100,,
0,0,,0.365277,0.283987,0.205904,0.144833,,1109400,,
0,2,,0.263641,0.079924,0.486523,0.169912,,1081400,,
0,2,,0.258992,0.11049,0.512203,0.118315,,1072800,,
0,2,,0.279507,0.09186,0.365552,0.26308,,1088000,,
0,2,,0.234956,0.076893,0.492052,0.196099,,1085600,,
0,2,,0.274464,0.094034,0.378672,0.25283,,1075300,,
0,0,,0.400449,0.265345,0.20766,0.126547,,1080900,,
0,0,,0.377459,0.288659,0.148128,0.185755,,1090800,,
0,2,,0.21018,0.098192,0.523935,0.167692,,1082300,,
0,0,,0.38097,0.271726,0.227538,0.119766,,1083500,,
0,2,,0.325908,0.066001,0.455859,0.152232,,1083200,,
0,0,,0.365101,0.214061,0.308422,0.112416,,1082700,,
0,0,,0.570378,0.072463,0.155079,0.20208,,1079600,,
0,0,,0.358356,0.279519,0.231156,0.130969,,1079500,,
0,0,,0.439343,0.086426,0.338279,0.135951,,1119000,,
0,2,,0.267306,0.140746,0.506722,0.085226,,1078800,,
0,2,,0.272092,0.060576,0.517248,0.150084,,1085600,,
0,0,,0.43685,0.088773,0.315873,0.158504,,1074800,,
0,2,,0.288159,0.106433,0.490861,0.114547,,1087600,,
0,0,,0.560062,0.129976,0.143102,0.166861,,1097800,,
0,2,,0.341188,0.105281,0.341437,0.212094,,1108100,,
0,0,,0.407733,0.2312,0.17658,0.184487,,1101700,,
0,2,,0.342568,0.071986,0.392434,0.193012,,1112500,,
0,2,,0.237233,0.100187,0.475494,0.187085,,1124000,,
0,0,,0.562257,0.11379,0.174029,0.149924,,1081100,,
0,0,,0.386636,0.295898,0.199735,0.117731,,1082400,,
0,0,,0.39685,0.251201,0.217459,0.134491,,1076600,,
0,2,,0.187787,0.054798,0.552208,0.205207,,1068500,,
0,0,,0.424782,0.116858,0.292891,0.165468,,1078700,,
0,2,,0.246845,0.045049,0.493749,0.214358,,1100300,,
0,2,,0.280361,0.048157,0.477249,0.194233,,1090900,,
0,0,,0.450876,0.194968,0.218028,0.136128,,1088900,,
0,2,,0.360963,0.076028,0.377426,0.185583,,1084300,,
0,0,,0.48239,0.162996,0.185974,0.16864,,1087700,,
0,2,,0.251907,0.116022,0.529781,0.10229,,1086200,,
0,2,,0.196546,0.085376,0.584251,0.133827,,1081400,,
0,0,,0.34177,0.25212,0.270964,0.135146,,1096800,,
0,0,,0.517292,0.138597,0.177578,0.166534,,1079500,,
0,2,,0.250145,0.161568,0.489025,0.099262,,1082000,,
0,0,,0.338442,0.256946,0.199434,0.205179,,1089800,,
0,0,,0.373627,0.231705,0.266785,0.127883,,1088300,,
0,0,,0.585671,0.09606,0.17879,0.139479,,1097600,,
0,2,,0.254987,0.141043,0.504389,0.099581,,1082300,,
0,2,,0.295364,0.120746,0.500715,0.083174,,1088200,,
0,0,,0.370924,0.222033,0.239801,0.167242,,1089500,,
0,2,,0.282032,0.075776,0.529076,0.113116,,1089500,,
0,0,,0.397682,0.254942,0.197563,0.149813,,1088100,,
0,2,,0.236244,0.114986,0.509981,0.138789,,1085100,,
0,2,,0.265276,0.05408,0.525557,0.155087,,1082000,,
0,0,,0.41372,0.219358,0.197561,0.169361,,1090400,,
0,0,,0.419155,0.081737,0.33364,0.165468,,1083200,,
0,2,,0.249751,0.064244,0.522042,0.163963,,1090400,,
0,0,,0.410538,0.198825,0.248372,0.142265,,1087300,,
0,0,,0.357528,0.291111,0.178605,0.172756,,1089100,,
0,0,,0.347432,0.246978,0.255035,0.150555,,1090900,,
0,2,,0.244492,0.160746,0.493352,0.10141,,1099200,,
0,2,,0.312226,0.153471,0.434399,0.099904,,1085800,,
0,0,,0.332399,0.227084,0.210074,0.230443,,1077000,,
0,0,,0.366322,0.293779,0.209174,0.130724,,1097500,,
0,3,,0.311735,0.076237,0.277221,0.334807,,1090500,,
0,2,,0.190834,0.068098,0.619898,0.12117,,1087100,,
1,2,,0.245836,0.115868,0.518594,0.119702,,1076800,,
1,2,,0.307289,0.160879,0.413642,0.11819,,1077100,,
1,2,,0.271424,0.124023,0.548296,0.056257,,1077100,,
1,2,,0.301018,0.121568,0.496388,0.081026,,1076700,,
1,2,,0.307289,0.160879,0.413642,0.11819,,1086400,,
1,2,,0.244407,0.115868,0.520023,0.119702,,1083800,,
1,2,,0.353212,0.142048,0.445149,0.059591,,1073600,,
1,2,,0.276639,0.126187,0.513916,0.083258,,1076100,,
1,0,,0.39855,0.271435,0.170349,0.159666,,1095900,,
1,2,,0.31175,0.153135,0.421739,0.113376,,1080500,,
1,0,,0.430214,0.219556,0.17071,0.17952,,1084300,,
1,2,,0.305861,0.140879,0.43507,0.11819,,1088000,,
1,2,,0.300602,0.159137,0.430748,0.109514,,1091300,,
1,2,,0.325861,0.140879,0.41507,0.11819,,1082800,,
1,0,,0.369091,0.302486,0.194121,0.134302,,1082100,,
1,2,,0.29793,0.137681,0.442873,0.121516,,1076000,,
1,2,,0.308756,0.191622,0.375503,0.124119,,1080900,,
1,2,,0.304116,0.171382,0.378008,0.146494,,1082000,,
1,2,,0.278068,0.126187,0.512488,0.083258,,1080600,,
1,2,,0.292854,0.153996,0.452075,0.101075,,1081300,,
1,2,,0.330459,0.19658,0.36602,0.106941,,1083500,,
1,2,,0.358866,0.142869,0.440822,0.057443,,1084400,,
1,0,,0.340061,0.262977,0.205407,0.191555,,1099300,,
1,2,,0.319502,0.133174,0.462336,0.084988,,1092400,,
1,2,,0.290445,0.073716,0.480425,0.155413,,1077600,,
1,2,,0.244407,0.115868,0.520023,0.119702,,1078300,,
1,0,,0.359707,0.221111,0.314617,0.104565,,1089500,,
1,0,,0.418082,0.301813,0.198606,0.081499,,1092100,,
1,0,,0.340808,0.253475,0.239365,0.166351,,1084600,,
1,2,,0.30224,0.183382,0.413303,0.101075,,1086600,,
1,0,,0.372487,0.335652,0.175863,0.115998,,1084600,,
1,2,,0.283849,0.155556,0.449536,0.111059,,1087300,,
1,2,,0.372197,0.170871,0.397486,0.059446,,1079700,,
1,2,,0.330459,0.19658,0.36602,0.106941,,1083700,,
1,2,,0.294355,0.142558,0.416593,0.146494,,1084700,,
1,2,,0.262317,0.124209,0.511931,0.101544,,1076000,,
1,2,,0.277903,0.151493,0.452413,0.11819,,1089100,,
1,2,,0.320183,0.162857,0.417056,0.099904,,1076900,,
1,0,,0.360778,0.288465,0.211525,0.139232,,1093600,,
1,0,,0.333579,0.242333,0.32226,0.101828,,1078400,,
1,0,,0.357819,0.258882,0.298678,0.084621,,1081100,,
1,2,,0.325088,0.215727,0.337412,0.121773,,1084900,,
1,2,,0.32699,0.158883,0.429073,0.085053,,1093500,,
1,0,,0.344931,0.310639,0.196605,0.147824,,1084800,,
1,2,,0.30224,0.183382,0.413303,0.101075,,1079100,,
1,2,,0.30669,0.183621,0.322951,0.186738,,1093500,,
1,2,,0.25037,0.121622,0.548457,0.079551,,1096800,,
1,2,,0.280008,0.121,0.538642,0.06035,,1080200,,
1,2,,0.284734,0.139955,0.497146,0.078165,,1078800,,
1,2,,0.294309,0.160184,0.441106,0.104401,,1110900,,
1,2,,0.277591,0.121799,0.518229,0.082381,,1084000,,
1,2,,0.270765,0.143513,0.497966,0.087755,,1077000,,
1,0,,0.364602,0.334903,0.168609,0.131886,,1099600,,
1,2,,0.28747,0.133053,0.431303,0.148173,,1092300,,
1,2,,0.29287,0.132617,0.445681,0.128832,,1078800,,
1,2,,0.316475,0.131493,0.433842,0.11819,,1075000,,
1,2,,0.313036,0.193569,0.404053,0.089342,,1095100,,
1,2,,0.31409,0.171678,0.394834,0.119398,,1085200,,
1,2,,0.325861,0.140879,0.41507,0.11819,,1077200,,
1,2,,0.263745,0.124209,0.510502,0.101544,,1075000,,
1,2,,0.330389,0.215627,0.347414,0.106569,,1082900,,
1,2,,0.29793,0.137681,0.442873,0.121516,,1081900,,
1,2,,0.316475,0.131493,0.433842,0.11819,,1081100,,
1,2,,0.279671,0.071061,0.520054,0.129214,,1099100,,
1,0,,0.341004,0.306455,0.208799,0.143741,,1076400,,
1,2,,0.336349,0.1382,0.426405,0.099046,,1077500,,
1,0,,0.372487,0.293652,0.217863,0.115998,,1079800,,
1,2,,0.262317,0.124209,0.511931,0.101544,,1076300,,
1,2,,0.294355,0.162558,0.396593,0.146494,,1077200,,
1,2,,0.283849,0.155556,0.449536,0.111059,,1077500,,
1,0,,0.397353,0.241546,0.154276,0.206825,,1078300,,
1,2,,0.333978,0.143065,0.418649,0.104308,,1089100,,
1,0,,0.380535,0.280275,0.223446,0.115745,,1077100,,
1,2,,0.31409,0.171678,0.394834,0.119398,,1082700,,
1,0,,0.403853,0.220672,0.164669,0.210806,,1077100,,
1,2,,0.274555,0.07543,0.520801,0.129214,,1082600,,
1,0,,0.37338,0.289642,0.201311,0.135667,,1078200,,
1,0,,0.369806,0.252389,0.25818,0.119625,,1098800,,
1,2,,0.255815,0.121011,0.518305,0.10487,,1077400,,
1,2,,0.311532,0.176815,0.403444,0.108208,,1081600,,
1,2,,0.330162,0.168,0.416766,0.085072,,1080600,,
1,2,,0.263926,0.116383,0.488164,0.131528,,1074900,,
1,0,,0.370135,0.254557,0.25971,0.115599,,1083300,,
1,2,,0.283849,0.155556,0.449536,0.111059,,1072500,,
1,0,,0.372487,0.335652,0.175863,0.115998,,1076500,,
1,2,,0.287201,0.153174,0.456402,0.103223,,1088500,,
1,0,,0.335157,0.248042,0.232215,0.184586,,1088000,,
1,2,,0.294948,0.138315,0.435075,0.131662,,1077600,,
1,2,,0.294355,0.142558,0.416593,0.146494,,1074500,,
1,2,,0.274386,0.141011,0.479733,0.10487,,1074600,,
1,0,,0.36518,0.174589,0.305383,0.154849,,1077100,,
1,2,,0.30224,0.183382,0.413303,0.101075,,1093000,,
1,0,,0.372487,0.334475,0.177039,0.115998,,1076700,,
1,0,,0.390155,0.264309,0.201719,0.143818,,1087100,,
1,2,,0.325861,0.140879,0.41507,0.11819,,1078200,,
1,2,,0.362436,0.142048,0.436071,0.059446,,1080300,,
1,2,,0.287201,0.153174,0.456402,0.103223,,1078400,,
1,0,,0.364602,0.333727,0.169786,0.131886,,1082900,,
1,2,,0.33409,0.191678,0.354834,0.119398,,1077200,,
1,2,,0.244407,0.115868,0.520023,0.119702,,1080600,,
1,2,,0.312001,0.212205,0.374719,0.101075,,1091000,,
1,2,,0.253947,0.11124,0.488454,0.14636,,1081500,,
1,2,,0.274555,0.07543,0.520801,0.129214,,1076600,,
1,0,,0.384454,0.295975,0.180262,0.139308,,1079100,,
1,0,,0.441459,0.279691,0.197352,0.081499,,1085800,,
1,0,,0.340808,0.253475,0.239365,0.166351,,1094100,,
1,0,,0.376078,0.275391,0.209299,0.139232,,1081500,,
1,2,,0.280936,0.074859,0.520801,0.123404,,1075200,,
1,2,,0.325546,0.14256,0.446761,0.085133,,1083600,,
1,2,,0.328382,0.190881,0.376626,0.104111,,1077800,,
1,0,,0.383853,0.219848,0.185492,0.210806,,1085400,,
1,0,,0.372487,0.335652,0.175863,0.115998,,1077900,,
1,2,,0.262317,0.124209,0.511931,0.101544,,1076300,,
1,0,,0.340061,0.262977,0.205407,0.191555,,1093100,,
1,2,,0.319359,0.137681,0.421444,0.121516,,1083100,,
1,0,,0.40039,0.313351,0.199375,0.086884,,1082300,,
1,0,,0.361776,0.299578,0.218875,0.119771,,1085500,,
1,2,,0.290734,0.145061,0.454826,0.109379,,1078400,,
1,2,,0.252337,0.119066,0.512221,0.116376,,1076100,,
1,2,,0.332013,0.165979,0.38544,0.116568,,1083900,,
1,2,,0.311591,0.188,0.415337,0.085072,,1075800,,
1,0,,0.386151,0.231332,0.263151,0.119366,,1082100,,
1,2,,0.325861,0.140879,0.41507,0.11819,,1077700,,
1,2,,0.301771,0.147992,0.442029,0.108208,,1084800,,
1,0,,0.402139,0.242991,0.168064,0.186806,,1071300,,
1,2,,0.253947,0.11124,0.488454,0.14636,,1078000,,
1,0,,0.373916,0.293652,0.216434,0.115998,,1076400,,
1,2,,0.262317,0.124209,0.511931,0.101544,,1080100,,
1,2,,0.274386,0.141011,0.479733,0.10487,,1084300,,
1,2,,0.328382,0.190881,0.376626,0.104111,,1083300,,
1,2,,0.319359,0.137681,0.421444,0.121516,,1090500,,
1,2,,0.318371,0.173625,0.423384,0.084621,,1076600,,
1,2,,0.319359,0.137681,0.421444,0.121516,,1083100,,
1,2,,0.294309,0.160184,0.441106,0.104401,,1085200,,
1,2,,0.308756,0.191622,0.375503,0.124119,,1094600,,
1,2,,0.340777,0.138614,0.435537,0.085072,,1075200,,
1,2,,0.316221,0.150256,0.436625,0.096898,,1080900,,
1,2,,0.324761,0.193384,0.394859,0.086996,,1078800,,
1,0,,0.355726,0.213495,0.31518,0.115599,,1080000,,
1,2,,0.307289,0.160879,0.413642,0.11819,,1088700,,
1,2,,0.358866,0.142869,0.440822,0.057443,,1081600,,
1,2,,0.342755,0.162814,0.432413,0.062019,,1080900,,
1,2,,0.255815,0.121011,0.518305,0.10487,,1078900,,
1,0,,0.375144,0.309642,0.179597,0.135617,,1090300,,
1,0,,0.357345,0.253569,0.268601,0.120485,,1076900,,
1,0,,0.354162,0.278733,0.220612,0.146494,,1091500,,
1,0,,0.387457,0.259485,0.209317,0.143741,,1080100,,
1,2,,0.325861,0.140879,0.41507,0.11819,,1077500,,
1,2,,0.350162,0.148,0.416766,0.085072,,1082700,,
1,0,,0.382139,0.241815,0.16924,0.206806,,1086400,,
1,2,,0.274555,0.07543,0.520801,0.129214,,1077400,,
1,2,,0.319359,0.137681,0.421444,0.121516,,1089000,,
1,2,,0.294355,0.142558,0.416593,0.146494,,1081400,,
1,0,,0.365071,0.330218,0.170427,0.134284,,1087100,,
1,2,,0.245836,0.115868,0.518594,0.119702,,1075000,,
1,2,,0.304289,0.165327,0.440816,0.089569,,1078700,,
1,2,,0.244407,0.115868,0.520023,0.119702,,1083100,,
1,2,,0.244407,0.115868,0.520023,0.119702,,1085800,,
1,2,,0.340777,0.138614,0.435537,0.085072,,1089000,,
1,2,,0.245836,0.115868,0.518594,0.119702,,1076100,,
1,2,,0.350162,0.148,0.416766,0.085072,,1088000,,
1,2,,0.269592,0.117258,0.57408,0.039069,,1070600,,
1,2,,0.262317,0.124209,0.511931,0.101544,,1077900,,
1,2,,0.317907,0.16338,0.394367,0.124346,,1081800,,
1,0,,0.354449,0.330226,0.176067,0.139258,,1089900,,
1,2,,0.30224,0.183382,0.413303,0.101075,,1079200,,
2,2,,0.190934,0.10344,0.62823,0.077396,,1081000,,
2,2,,0.23953,0.038646,0.612745,0.109078,,1086600,,
2,2,,0.25927,0.094581,0.532319,0.11383,,1076100,,
2,2,,0.156631,0.02884,0.714265,0.100263,,1077000,,
2,2,,0.191355,0.03779,0.644306,0.12655,,1084800,,
2,2,,0.167906,0.022914,0.680431,0.128748,,1086900,,
2,2,,0.28285,0.121278,0.521524,0.074348,,1100400,,
2,2,,0.202081,0.100939,0.645791,0.051189,,1082600,,
2,2,,0.227314,0.090476,0.629006,0.053204,,1078500,,
2,2,,0.20527,0.091768,0.642619,0.060342,,1079900,,
2,2,,0.205187,0.101767,0.683032,0.010014,,1075600,,
2,2,,0.245049,0.038473,0.603762,0.112715,,1087700,,
2,2,,0.260444,0.126245,0.557054,0.056257,,1079700,,
2,2,,0.209008,0.101264,0.623228,0.0665,,1071300,,
2,0,,0.318721,0.17983,0.317421,0.184028,,1078200,,
2,2,,0.192012,0.033031,0.588364,0.186594,,1083600,,
2,2,,0.199967,0.093273,0.617457,0.089303,,1083000,,
2,2,,0.241806,0.03298,0.631548,0.093665,,1082200,,
2,2,,0.191485,0.09399,0.64017,0.074354,,1074400,,
2,2,,0.20814,0.086906,0.635469,0.069485,,1075800,,
2,2,,0.151227,0.075688,0.677963,0.095121,,1087200,,
2,0,,0.378609,0.269392,0.261005,0.090994,,1089300,,
2,2,,0.176024,0.097412,0.69332,0.033243,,1098100,,
2,2,,0.18629,0.113931,0.646574,0.053204,,1080200,,
2,2,,0.249941,0.043749,0.612644,0.093665,,1084600,,
2,2,,0.182508,0.050449,0.674468,0.092576,,1077300,,
2,2,,0.255441,0.042875,0.598857,0.102827,,1081400,,
2,2,,0.160727,0.033243,0.65523,0.150801,,1082700,,
2,2,,0.188525,0.106337,0.649868,0.05527,,1080500,,
2,2,,0.197675,0.103681,0.623624,0.07502,,1079600,,
2,2,,0.2194,0.034546,0.621258,0.124795,,1091200,,
2,2,,0.213392,0.043425,0.618407,0.124776,,1084100,,
2,2,,0.186828,0.070351,0.648957,0.093864,,1084500,,
2,2,,0.153298,0.026618,0.699821,0.120263,,1077000,,
2,2,,0.154541,0.018075,0.734168,0.093216,,1083800,,
2,2,,0.139436,0.03871,0.685302,0.136552,,1080200,,
2,2,,0.205187,0.101767,0.643032,0.050014,,1083700,,
2,2,,0.162787,0.036726,0.705369,0.095119,,1086200,,
2,2,,0.187851,0.033031,0.60121,0.177908,,1080600,,
2,2,,0.216347,0.080904,0.644146,0.058603,,1080800,,
2,2,,0.219079,0.080385,0.636259,0.064278,,1081000,,
2,2,,0.207097,0.086337,0.651296,0.05527,,1075900,,
2,2,,0.200208,0.092307,0.629586,0.077899,,1089500,,
2,2,,0.205516,0.039464,0.651753,0.103268,,1089300,,
2,0,,0.363546,0.22233,0.289578,0.124546,,1081600,,
2,2,,0.152606,0.041716,0.648103,0.157575,,1075800,,
2,2,,0.284708,0.056895,0.527836,0.13056,,1086500,,
2,2,,0.2146,0.111786,0.596717,0.076897,,1081300,,
2,2,,0.204649,0.112967,0.629199,0.053186,,1080800,,
2,2,,0.154541,0.018075,0.734168,0.093216,,1086700,,
2,2,,0.170193,0.020532,0.699505,0.109769,,1083500,,
2,2,,0.266941,0.037749,0.62198,0.07333,,1118400,,
2,2,,0.240942,0.114717,0.582073,0.062267,,1086400,,
2,2,,0.165564,0.092784,0.701751,0.039901,,1086300,,
2,2,,0.190793,0.025807,0.67979,0.10361,,1079000,,
2,2,,0.216697,0.065247,0.546055,0.172001,,1081000,,
2,2,,0.246601,0.071331,0.549862,0.132207,,1089500,,
2,2,,0.13597,0.018075,0.73274,0.113216,,1082300,,
2,2,,0.230489,0.104936,0.578798,0.085777,,1093600,,
2,2,,0.235781,0.05833,0.585455,0.120434,,1079900,,
2,2,,0.25927,0.094581,0.532319,0.11383,,1085900,,
2,2,,0.218807,0.036652,0.649201,0.09534,,1080600,,
2,2,,0.167232,0.032444,0.683757,0.116567,,1089300,,
2,2,,0.211911,0.110089,0.609075,0.068925,,1092300,,
2,2,,0.183936,0.050449,0.673039,0.092576,,1086200,,
2,2,,0.205542,0.092363,0.628917,0.073178,,1089000,,
2,2,,0.197997,0.062285,0.661682,0.078036,,1088600,,
2,2,,0.192269,0.122588,0.637276,0.047866,,1083300,,
2,2,,0.232963,0.139072,0.568927,0.059038,,1086100,,
2,2,,0.183635,0.030929,0.676962,0.108474,,1074500,,
2,2,,0.238616,0.139893,0.5646,0.05689,,1077600,,
2,0,,0.343475,0.166456,0.319635,0.170434,,1093700,,
2,2,,0.211918,0.104936,0.597369,0.085777,,1083400,,
2,2,,0.202948,0.041567,0.599958,0.155528,,1074900,,
2,2,,0.185115,0.030047,0.681228,0.10361,,1079800,,
2,2,,0.134188,0.03199,0.739646,0.094176,,1088800,,
2,2,,0.23913,0.114176,0.578859,0.067834,,1081500,,
2,2,,0.195462,0.044278,0.654766,0.105494,,1089000,,
2,2,,0.232634,0.073683,0.608945,0.084738,,1082500,,
2,2,,0.249533,0.09852,0.563848,0.088099,,1083400,,
2,2,,0.258384,0.028894,0.609895,0.102827,,1087500,,
2,2,,0.215405,0.090775,0.621145,0.072675,,1086100,,
2,2,,0.200498,0.08012,0.647968,0.071415,,1090600,,
2,2,,0.233847,0.108742,0.594405,0.063006,,1076200,,
2,2,,0.209721,0.039733,0.627586,0.12296,,1083000,,
2,2,,0.268616,0.125036,0.526029,0.080319,,1079300,,
2,2,,0.190957,0.097741,0.636736,0.074566,,1086800,,
2,2,,0.235625,0.072299,0.60402,0.088055,,1084300,,
2,2,,0.188021,0.035567,0.669862,0.10655,,1083000,,
2,2,,0.281202,0.102029,0.563452,0.053318,,1076300,,
2,2,,0.292884,0.135098,0.328861,0.243158,,1086300,,
2,2,,0.195462,0.044278,0.654766,0.105494,,1090000,,
2,2,,0.193563,0.099689,0.629564,0.077184,,1085800,,
2,2,,0.230697,0.092636,0.623463,0.053204,,1079500,,
2,2,,0.200498,0.08012,0.647968,0.071415,,1092000,,
2,2,,0.232044,0.070432,0.610178,0.087346,,1091100,,
2,2,,0.24151,0.09737,0.575961,0.085159,,1082700,,
2,2,,0.245036,0.121566,0.549127,0.084271,,1082300,,
2,2,,0.21065,0.093507,0.525753,0.170091,,1083800,,
2,2,,0.18615,0.093935,0.64084,0.079075,,1075300,,
2,2,,0.201431,0.041463,0.677067,0.080038,,1082100,,
2,2,,0.179392,0.030929,0.665021,0.124658,,1089600,,
2,2,,0.165564,0.092784,0.701751,0.039901,,1075000,,
2,2,,0.204774,0.103736,0.641241,0.050249,,1080800,,
2,2,,0.199299,0.081799,0.646587,0.072315,,1083500,,
2,2,,0.217774,0.085397,0.641477,0.055352,,1097200,,
2,0,,0.491105,0.088544,0.267277,0.153074,,1081300,,
2,2,,0.199798,0.103495,0.624031,0.072675,,1087500,,
2,2,,0.201431,0.041463,0.677067,0.080038,,1086600,,
2,2,,0.15053,0.022898,0.725569,0.101003,,1081300,,
2,2,,0.225823,0.039918,0.609464,0.124795,,1086100,,
2,2,,0.294708,0.072367,0.534364,0.09856,,1075600,,
2,2,,0.215895,0.102478,0.513935,0.167692,,1088400,,
2,2,,0.185298,0.038994,0.665921,0.109787,,1087300,,
2,2,,0.219545,0.040612,0.515611,0.224232,,1084200,,
2,0,,0.419811,0.236912,0.230262,0.113015,,1083500,,
2,2,,0.287892,0.129664,0.33262,0.249825,,1084100,,
2,2,,0.214686,0.097024,0.62179,0.0665,,1078900,,
2,2,,0.219545,0.040612,0.515611,0.224232,,1079400,,
2,2,,0.197507,0.085455,0.637963,0.079075,,1104700,,
2,2,,0.230924,0.034273,0.631988,0.102815,,1076300,,
2,2,,0.2027,0.041852,0.66355,0.091898,,1082400,,
2,2,,0.212831,0.060587,0.599218,0.127364,,1078500,,
2,2,,0.246473,0.107923,0.540918,0.104687,,1083000,,
2,2,,0.219545,0.040612,0.515611,0.224232,,1122600,,
2,2,,0.219545,0.040612,0.515611,0.224232,,1091200,,
2,2,,0.241138,0.107867,0.541587,0.109408,,1091900,,
2,2,,0.21018,0.098192,0.563935,0.127692,,1085700,,
2,2,,0.152014,0.021766,0.696132,0.130088,,1076700,,
2,2,,0.212977,0.028632,0.655124,0.103268,,1082700,,
2,2,,0.193341,0.090562,0.653973,0.062123,,1083500,,
2,2,,0.210453,0.099496,0.639802,0.050249,,1076500,,
2,2,,0.176024,0.097412,0.69332,0.033243,,1085900,,
2,2,,0.18615,0.093935,0.64084,0.079075,,1101600,,
2,2,,0.213803,0.055215,0.60303,0.127952,,1087400,,
2,2,,0.199757,0.038653,0.652378,0.109211,,1076400,,
2,2,,0.213668,0.085376,0.585389,0.115566,,1077100,,
2,2,,0.246065,0.041073,0.628339,0.084524,,1076700,,
2,2,,0.252635,0.02789,0.611955,0.107521,,1083500,,
2,2,,0.166998,0.076293,0.61541,0.1413,,1096900,,
2,2,,0.176118,0.030427,0.701093,0.092361,,1083300,,
2,2,,0.185363,0.126044,0.640727,0.047866,,1081700,,
2,2,,0.227368,0.069548,0.629744,0.07334,,1077400,,
2,2,,0.109686,0.015751,0.737537,0.137027,,1082100,,
2,2,,0.138934,0.021198,0.651428,0.188441,,1079200,,
2,2,,0.175046,0.035165,0.717354,0.072435,,1090900,,
2,2,,0.25598,0.042836,0.611053,0.090131,,1083200,,
2,2,,0.245023,0.107923,0.580628,0.066426,,1075300,,
2,2,,0.25598,0.042836,0.611053,0.090131,,1079900,,
2,2,,0.148306,0.021184,0.70358,0.12693,,1082100,,
2,2,,0.176024,0.097412,0.71332,0.013243,,1077200,,
2,2,,0.251066,0.115568,0.580575,0.052791,,1078900,,
2,2,,0.18761,0.038906,0.667989,0.105494,,1083300,,
2,2,,0.235283,0.062596,0.543834,0.158287,,1083400,,
2,2,,0.19358,0.036091,0.670291,0.100038,,1077600,,
2,2,,0.24193,0.122029,0.574754,0.061287,,1084300,,
2,2,,0.174334,0.057443,0.639484,0.128739,,1081800,,
2,2,,0.145376,0.032065,0.699915,0.122644,,1077200,,
2,2,,0.237006,0.11722,0.58231,0.063464,,1092800,,
2,2,,0.240942,0.114717,0.582073,0.062267,,1077500,,
2,2,,0.193197,0.090476,0.663124,0.053204,,1088000,,
2,2,,0.208644,0.054453,0.62722,0.109684,,1078700,,
2,2,,0.176118,0.030427,0.701093,0.092361,,1080800,,
