statlog-image,CWE,test,2,NANOSECONDS,PREDICTIONS, Generated by ClassifierExperiments.java on 2022-05-16 22:42:06.    SYSTEMPROPERTIES:{user.name:matth,os.arch:amd64,os.name:Windows 10},ENDSYSTEMPROPERTIES
No parameter info
0.525974025974026,212309700,327559200,-1,0,7,,-1,-1
0,0,,0.206098,0.164261,0.18177,0.109875,0.141369,0.111264,0.085363,,782800,,
0,6,,0.200688,0.000342,0.238659,0.026847,0.223556,0.043534,0.266374,,689900,,
0,6,,0.200688,0.000342,0.218659,0.026847,0.203556,0.043534,0.306374,,683700,,
0,0,,0.207057,0.057386,0.20428,0.037023,0.188444,0.119483,0.186327,,680400,,
0,6,,0.200688,0.000342,0.198659,0.026847,0.223556,0.043534,0.306374,,683800,,
0,4,,0.222567,0.102097,0.179532,0.060784,0.227986,0.070874,0.13616,,703700,,
0,0,,0.216482,0.068778,0.170853,0.046894,0.175367,0.150359,0.171267,,682000,,
0,6,,0.200688,0.000342,0.241516,0.026847,0.240699,0.043534,0.246374,,680300,,
0,0,,0.18606,0.162233,0.153383,0.094289,0.152434,0.171264,0.080336,,696300,,
0,6,,0.200688,0.000342,0.198659,0.026847,0.223556,0.043534,0.306374,,712700,,
0,6,,0.200688,0.000342,0.218659,0.026847,0.223556,0.043534,0.286374,,679900,,
0,0,,0.239761,0.068778,0.199073,0.04748,0.177873,0.130874,0.13616,,689900,,
0,4,,0.214718,0.079836,0.172517,0.050372,0.220931,0.130874,0.130752,,679900,,
0,0,,0.224249,0.090705,0.209526,0.05173,0.21798,0.059483,0.146327,,782400,,
0,6,,0.200688,0.000342,0.198659,0.026847,0.223556,0.043534,0.306374,,681500,,
0,6,,0.200688,0.000342,0.218659,0.026847,0.203556,0.043534,0.306374,,682600,,
0,6,,0.200688,0.000342,0.238659,0.026847,0.203556,0.043534,0.286374,,684000,,
0,0,,0.234718,0.079836,0.172517,0.050372,0.200931,0.130874,0.130752,,682100,,
0,4,,0.224249,0.110705,0.189526,0.05173,0.23798,0.039483,0.146327,,678300,,
0,6,,0.200688,0.000342,0.238659,0.026847,0.203556,0.043534,0.286374,,679500,,
0,6,,0.200688,0.000342,0.218659,0.026847,0.203556,0.043534,0.306374,,693900,,
0,0,,0.221443,0.057386,0.20621,0.038427,0.190724,0.119483,0.166327,,1253200,,
0,6,,0.170347,0.045958,0.185189,0.03962,0.170089,0.122426,0.26637,,1197200,,
0,6,,0.200688,0.000342,0.198659,0.026847,0.223556,0.043534,0.306374,,732700,,
0,2,,0.201443,0.057386,0.20621,0.038427,0.190724,0.119483,0.186327,,686600,,
0,6,,0.195807,0.011721,0.218443,0.024118,0.202821,0.041364,0.305726,,683800,,
0,0,,0.227057,0.057386,0.187137,0.037023,0.205587,0.119483,0.166327,,841200,,
0,6,,0.200688,0.000342,0.238659,0.026847,0.223556,0.043534,0.266374,,707100,,
0,0,,0.222787,0.113155,0.174729,0.065079,0.222623,0.070874,0.130752,,687200,,
0,2,,0.200688,0.000342,0.261516,0.026847,0.220699,0.043534,0.246374,,692800,,
0,0,,0.210946,0.172833,0.190428,0.100135,0.149508,0.079446,0.096705,,684800,,
0,0,,0.221443,0.057386,0.209067,0.038427,0.207867,0.119483,0.146327,,680700,,
0,4,,0.21618,0.057386,0.187313,0.037023,0.236288,0.119483,0.146327,,709900,,
0,6,,0.200688,0.000342,0.218659,0.026847,0.203556,0.043534,0.306374,,680000,,
0,6,,0.200688,0.000342,0.218659,0.026847,0.223556,0.043534,0.286374,,686300,,
0,6,,0.200688,0.000342,0.198659,0.026847,0.223556,0.043534,0.306374,,703900,,
0,0,,0.214718,0.079836,0.192517,0.050372,0.200931,0.130874,0.130752,,686200,,
0,6,,0.200688,0.000342,0.218659,0.026847,0.203556,0.043534,0.306374,,684800,,
0,6,,0.200688,0.000342,0.218659,0.026847,0.223556,0.043534,0.286374,,687200,,
0,6,,0.200688,0.000342,0.218659,0.026847,0.203556,0.043534,0.306374,,769400,,
0,6,,0.200688,0.000342,0.238659,0.026847,0.203556,0.043534,0.286374,,684100,,
0,6,,0.200688,0.000342,0.218659,0.026847,0.223556,0.043534,0.286374,,683600,,
0,6,,0.200688,0.000342,0.218659,0.026847,0.223556,0.043534,0.286374,,682700,,
0,6,,0.200688,0.000342,0.198659,0.026847,0.223556,0.043534,0.306374,,687300,,
0,0,,0.219761,0.068778,0.176216,0.04748,0.18073,0.130874,0.17616,,686000,,
0,1,,0.19413,0.195552,0.135596,0.108996,0.174126,0.111264,0.080336,,711800,,
0,1,,0.17413,0.215552,0.175596,0.108996,0.154126,0.091264,0.080336,,695700,,
0,4,,0.204249,0.110705,0.209526,0.05173,0.23798,0.039483,0.146327,,686600,,
0,6,,0.200688,0.000342,0.218659,0.026847,0.243556,0.043534,0.266374,,702400,,
0,6,,0.200688,0.000342,0.218659,0.026847,0.203556,0.043534,0.306374,,711500,,
0,0,,0.241443,0.057386,0.189067,0.038427,0.207867,0.119483,0.146327,,684900,,
0,6,,0.200688,0.000342,0.238659,0.026847,0.203556,0.043534,0.286374,,696600,,
0,6,,0.200688,0.000342,0.238659,0.026847,0.203556,0.043534,0.286374,,901100,,
0,6,,0.195807,0.011721,0.218443,0.024118,0.202821,0.041364,0.305726,,695800,,
0,0,,0.222787,0.113155,0.174729,0.065079,0.222623,0.070874,0.130752,,699400,,
0,1,,0.169636,0.232354,0.127436,0.118894,0.140831,0.11696,0.093889,,693300,,
0,1,,0.19413,0.215552,0.155596,0.108996,0.154126,0.091264,0.080336,,689500,,
0,6,,0.200688,0.000342,0.238659,0.026847,0.203556,0.043534,0.286374,,723100,,
0,6,,0.189678,0.000342,0.224594,0.025836,0.203321,0.043534,0.312696,,716900,,
0,6,,0.200688,0.000342,0.218659,0.026847,0.223556,0.043534,0.286374,,681000,,
0,6,,0.200688,0.000342,0.218659,0.026847,0.223556,0.043534,0.286374,,679200,,
0,0,,0.202877,0.119514,0.148216,0.085427,0.187816,0.159446,0.096705,,692500,,
0,4,,0.21618,0.057386,0.187313,0.037023,0.236288,0.119483,0.146327,,729600,,
0,4,,0.221443,0.057386,0.189067,0.038427,0.227867,0.119483,0.146327,,687200,,
0,6,,0.195807,0.011721,0.238443,0.024118,0.222821,0.041364,0.265726,,931500,,
0,0,,0.18606,0.162233,0.133383,0.094289,0.172434,0.171264,0.080336,,698100,,
1,1,,0.057226,0.585933,0.021007,0.191075,0.013007,0.128255,0.003497,,696200,,
1,1,,0.057226,0.585933,0.021007,0.191075,0.013007,0.128255,0.003497,,695300,,
1,1,,0.057226,0.585933,0.021007,0.191075,0.013007,0.128255,0.003497,,690700,,
1,1,,0.049157,0.532614,0.018794,0.176368,0.011315,0.208255,0.003497,,687000,,
1,1,,0.057226,0.585933,0.021007,0.191075,0.013007,0.128255,0.003497,,689100,,
1,1,,0.057226,0.585933,0.021007,0.191075,0.013007,0.128255,0.003497,,680300,,
1,1,,0.057226,0.585933,0.021007,0.191075,0.013007,0.128255,0.003497,,677900,,
1,1,,0.057226,0.585933,0.021007,0.191075,0.013007,0.128255,0.003497,,707200,,
1,1,,0.057226,0.585933,0.021007,0.191075,0.013007,0.128255,0.003497,,678000,,
1,1,,0.057226,0.585933,0.021007,0.191075,0.013007,0.128255,0.003497,,711400,,
1,1,,0.057226,0.585933,0.021007,0.191075,0.013007,0.128255,0.003497,,681100,,
1,1,,0.057226,0.585933,0.021007,0.191075,0.013007,0.128255,0.003497,,911800,,
1,1,,0.057226,0.585933,0.021007,0.191075,0.013007,0.128255,0.003497,,1195100,,
1,1,,0.057226,0.585933,0.021007,0.191075,0.013007,0.128255,0.003497,,994700,,
1,1,,0.057226,0.585933,0.021007,0.191075,0.013007,0.128255,0.003497,,697600,,
1,1,,0.057226,0.585933,0.021007,0.191075,0.013007,0.128255,0.003497,,687300,,
1,1,,0.057226,0.565933,0.021007,0.191075,0.013007,0.148255,0.003497,,683400,,
1,1,,0.049157,0.532614,0.018794,0.176368,0.011315,0.208255,0.003497,,679000,,
1,1,,0.057226,0.585933,0.021007,0.191075,0.013007,0.128255,0.003497,,678200,,
1,1,,0.057226,0.585933,0.021007,0.191075,0.013007,0.128255,0.003497,,679900,,
1,1,,0.057226,0.565933,0.021007,0.191075,0.013007,0.148255,0.003497,,682300,,
1,1,,0.057226,0.585933,0.021007,0.191075,0.013007,0.128255,0.003497,,678900,,
1,1,,0.057226,0.525933,0.021007,0.191075,0.013007,0.188255,0.003497,,694700,,
1,1,,0.057226,0.565933,0.041007,0.191075,0.013007,0.128255,0.003497,,686800,,
1,1,,0.057226,0.585933,0.021007,0.191075,0.013007,0.128255,0.003497,,681300,,
1,1,,0.057226,0.585933,0.021007,0.191075,0.013007,0.128255,0.003497,,908100,,
1,1,,0.057226,0.545933,0.021007,0.191075,0.013007,0.168255,0.003497,,692500,,
1,1,,0.057226,0.545933,0.021007,0.191075,0.013007,0.168255,0.003497,,691200,,
1,1,,0.057226,0.585933,0.021007,0.191075,0.013007,0.128255,0.003497,,684600,,
1,1,,0.057226,0.585933,0.021007,0.191075,0.013007,0.128255,0.003497,,694700,,
1,1,,0.057226,0.585933,0.021007,0.191075,0.013007,0.128255,0.003497,,711300,,
1,1,,0.057226,0.585933,0.021007,0.191075,0.013007,0.128255,0.003497,,698900,,
1,1,,0.057226,0.585933,0.021007,0.191075,0.013007,0.128255,0.003497,,688100,,
1,1,,0.057226,0.585933,0.021007,0.191075,0.013007,0.128255,0.003497,,684600,,
1,1,,0.057226,0.585933,0.021007,0.191075,0.013007,0.128255,0.003497,,681900,,
1,1,,0.057226,0.585933,0.021007,0.191075,0.013007,0.128255,0.003497,,685200,,
1,1,,0.057226,0.585933,0.021007,0.191075,0.013007,0.128255,0.003497,,697400,,
1,1,,0.057226,0.585933,0.021007,0.191075,0.013007,0.128255,0.003497,,683200,,
1,1,,0.057226,0.585933,0.021007,0.191075,0.013007,0.128255,0.003497,,779500,,
1,1,,0.057226,0.585933,0.021007,0.191075,0.013007,0.128255,0.003497,,686900,,
1,1,,0.057226,0.585933,0.021007,0.191075,0.013007,0.128255,0.003497,,686800,,
1,1,,0.049157,0.532614,0.018794,0.176368,0.011315,0.208255,0.003497,,685100,,
1,1,,0.057226,0.585933,0.021007,0.191075,0.013007,0.128255,0.003497,,694300,,
1,1,,0.049157,0.532614,0.018794,0.176368,0.011315,0.208255,0.003497,,698000,,
1,1,,0.057226,0.585933,0.021007,0.191075,0.013007,0.128255,0.003497,,687500,,
1,1,,0.057226,0.585933,0.021007,0.191075,0.013007,0.128255,0.003497,,686300,,
1,1,,0.057226,0.585933,0.021007,0.191075,0.013007,0.128255,0.003497,,689400,,
1,1,,0.057226,0.585933,0.021007,0.191075,0.013007,0.128255,0.003497,,687300,,
1,1,,0.057226,0.585933,0.021007,0.191075,0.013007,0.128255,0.003497,,683300,,
1,1,,0.057226,0.585933,0.021007,0.191075,0.013007,0.128255,0.003497,,685500,,
1,1,,0.057226,0.585933,0.021007,0.191075,0.013007,0.128255,0.003497,,730700,,
1,1,,0.049157,0.532614,0.018794,0.176368,0.011315,0.208255,0.003497,,738200,,
1,1,,0.057226,0.585933,0.021007,0.191075,0.013007,0.128255,0.003497,,683800,,
1,1,,0.057226,0.585933,0.021007,0.191075,0.013007,0.128255,0.003497,,703400,,
1,1,,0.057226,0.585933,0.021007,0.191075,0.013007,0.128255,0.003497,,693600,,
1,1,,0.057226,0.585933,0.021007,0.191075,0.013007,0.128255,0.003497,,687100,,
1,1,,0.057226,0.585933,0.021007,0.191075,0.013007,0.128255,0.003497,,684500,,
1,1,,0.057226,0.585933,0.021007,0.191075,0.013007,0.128255,0.003497,,687400,,
1,1,,0.057226,0.585933,0.021007,0.191075,0.013007,0.128255,0.003497,,684900,,
1,1,,0.057226,0.585933,0.021007,0.191075,0.013007,0.128255,0.003497,,694100,,
1,1,,0.057226,0.585933,0.021007,0.191075,0.013007,0.128255,0.003497,,683900,,
1,1,,0.057226,0.585933,0.021007,0.191075,0.013007,0.128255,0.003497,,684400,,
1,1,,0.033459,0.425566,0.01463,0.148585,0.009707,0.35734,0.010713,,688500,,
1,1,,0.057226,0.565933,0.021007,0.191075,0.013007,0.148255,0.003497,,718600,,
1,1,,0.049157,0.532614,0.018794,0.176368,0.011315,0.208255,0.003497,,740800,,
1,1,,0.057226,0.585933,0.021007,0.191075,0.013007,0.128255,0.003497,,680000,,
2,5,,0.148161,0.097386,0.192978,0.072426,0.14824,0.199872,0.140937,,699000,,
2,6,,0.157132,0,0.240703,0.025411,0.206274,0.010256,0.360223,,684900,,
2,6,,0.17325,0.000342,0.249375,0.018058,0.202855,0.016752,0.339369,,678400,,
2,2,,0.14476,0.034578,0.24287,0.036346,0.205533,0.117814,0.218099,,711200,,
2,6,,0.157132,0.000342,0.262071,0.018231,0.206103,0.036752,0.319369,,688400,,
2,6,,0.170219,0.000342,0.253266,0.020844,0.221122,0.036752,0.297455,,682500,,
2,6,,0.17325,0.000342,0.229375,0.018058,0.222855,0.016752,0.339369,,681300,,
2,2,,0.151324,0.000342,0.286189,0.017711,0.214006,0.056752,0.273676,,683200,,
2,4,,0.181228,0.000342,0.250189,0.021855,0.2585,0.036752,0.251133,,685100,,
2,6,,0.157132,0.000342,0.262071,0.018231,0.206103,0.036752,0.319369,,755300,,
2,6,,0.181424,0.000342,0.249635,0.018753,0.204975,0.036752,0.308119,,728800,,
2,6,,0.168243,0,0.242242,0.021821,0.207129,0.000855,0.35971,,677400,,
2,6,,0.155393,0.000342,0.248332,0.018058,0.201755,0.036752,0.339369,,678000,,
2,6,,0.131539,0.057386,0.194151,0.035723,0.178406,0.119483,0.283312,,690600,,
2,4,,0.188076,0.000342,0.232339,0.019943,0.265093,0.036752,0.257455,,694100,,
2,6,,0.168243,0,0.242242,0.021821,0.207129,0.000855,0.35971,,678900,,
2,6,,0.168243,0,0.265099,0.021821,0.244272,0.000855,0.29971,,712400,,
2,6,,0.157132,0.000342,0.242071,0.018231,0.206103,0.036752,0.339369,,679000,,
2,2,,0.170219,0.000342,0.276123,0.020844,0.238265,0.036752,0.257455,,683600,,
2,6,,0.157132,0.000342,0.242071,0.018231,0.206103,0.036752,0.339369,,682900,,
2,4,,0.170219,0.000342,0.256123,0.020844,0.258265,0.036752,0.257455,,683600,,
2,4,,0.155769,0.034578,0.216935,0.037358,0.225768,0.117814,0.211777,,680700,,
2,6,,0.181424,0.000342,0.229635,0.018753,0.204975,0.036752,0.328119,,835300,,
2,6,,0.188076,0.000342,0.252339,0.019943,0.245093,0.036752,0.257455,,702100,,
2,6,,0.1492,0.057386,0.208064,0.037924,0.181616,0.119483,0.246327,,700900,,
2,6,,0.13819,0.057386,0.193998,0.036913,0.181381,0.119483,0.272648,,689800,,
2,6,,0.157132,0.000342,0.262071,0.018231,0.206103,0.036752,0.319369,,700400,,
2,6,,0.168243,0,0.222242,0.021821,0.227129,0.000855,0.35971,,695600,,
2,6,,0.117945,0.114336,0.176,0.080028,0.158205,0.165142,0.188345,,684000,,
2,6,,0.168243,0,0.242242,0.021821,0.207129,0.000855,0.35971,,693200,,
2,6,,0.168243,0,0.242242,0.021821,0.227129,0.000855,0.33971,,703700,,
2,1,,0.107546,0.244378,0.130916,0.115564,0.123295,0.218628,0.059673,,692800,,
2,2,,0.160103,0.023199,0.241704,0.033976,0.210795,0.113202,0.217021,,693700,,
2,1,,0.093452,0.385698,0.081084,0.16214,0.069249,0.176926,0.03145,,751000,,
2,5,,0.100308,0.136996,0.182671,0.084195,0.117045,0.297352,0.081433,,707300,,
2,6,,0.188076,0.000342,0.252339,0.019943,0.245093,0.036752,0.257455,,688400,,
2,6,,0.181228,0.000342,0.227332,0.021855,0.221358,0.036752,0.311133,,695200,,
2,1,,0.086464,0.329278,0.117859,0.132592,0.082124,0.182972,0.068709,,780600,,
2,2,,0.13819,0.057386,0.236856,0.036913,0.198524,0.119483,0.212648,,697000,,
2,4,,0.188076,0.000342,0.232339,0.019943,0.265093,0.036752,0.257455,,682700,,
2,5,,0.100308,0.136996,0.182671,0.084195,0.117045,0.297352,0.081433,,691400,,
2,1,,0.098335,0.221655,0.185075,0.100631,0.131568,0.082624,0.180112,,696500,,
2,2,,0.181228,0.000342,0.270189,0.021855,0.2385,0.036752,0.251133,,688900,,
2,6,,0.181424,0.000342,0.229635,0.018753,0.204975,0.036752,0.328119,,694000,,
2,6,,0.187057,0.057386,0.16428,0.037023,0.188444,0.119483,0.246327,,700000,,
2,6,,0.199086,0.000342,0.246405,0.020954,0.245328,0.036752,0.251133,,688900,,
2,6,,0.157132,0.000342,0.264928,0.018231,0.243246,0.036752,0.279369,,692400,,
2,6,,0.157132,0.000342,0.264928,0.018231,0.243246,0.036752,0.279369,,704500,,
2,6,,0.181424,0.000342,0.232492,0.018753,0.262118,0.036752,0.268119,,692900,,
2,6,,0.157132,0.000342,0.264928,0.018231,0.243246,0.036752,0.279369,,767700,,
2,6,,0.168243,0,0.262242,0.021821,0.207129,0.000855,0.33971,,693600,,
2,1,,0.110561,0.331169,0.098505,0.142274,0.108896,0.162972,0.045623,,701700,,
2,6,,0.149093,0.023199,0.204781,0.032965,0.193417,0.113202,0.283343,,687100,,
2,6,,0.1492,0.057386,0.208064,0.037924,0.181616,0.119483,0.246327,,687500,,
2,6,,0.167057,0.057386,0.18428,0.037023,0.168444,0.119483,0.266327,,696000,,
2,6,,0.157132,0.000342,0.262071,0.018231,0.206103,0.016752,0.339369,,683600,,
2,4,,0.188076,0.000342,0.232339,0.019943,0.265093,0.036752,0.257455,,804700,,
2,2,,0.151324,0.000342,0.286189,0.017711,0.214006,0.056752,0.273676,,704800,,
2,2,,0.131539,0.057386,0.237008,0.035723,0.195549,0.119483,0.223312,,701000,,
2,2,,0.156995,0.000342,0.2863,0.023951,0.214269,0.043534,0.274609,,688700,,
2,1,,0.105543,0.382597,0.094138,0.148311,0.084051,0.142972,0.042388,,692600,,
2,6,,0.131434,0.090705,0.234134,0.048834,0.200849,0.059483,0.234562,,692300,,
2,6,,0.181424,0.000342,0.229635,0.018753,0.204975,0.036752,0.328119,,775300,,
2,6,,0.168243,0,0.242242,0.021821,0.207129,0.000855,0.35971,,687700,,
2,6,,0.1492,0.057386,0.188064,0.037924,0.181616,0.119483,0.266327,,692000,,
2,2,,0.16615,0.000342,0.271123,0.020497,0.233374,0.056752,0.251763,,713300,,
3,5,,0.161875,0.097349,0.137229,0.069733,0.122691,0.237691,0.173432,,692200,,
3,1,,0.122492,0.33785,0.076293,0.127567,0.087204,0.182972,0.065623,,689400,,
3,6,,0.1692,0.057386,0.168064,0.037924,0.181616,0.119483,0.266327,,714900,,
3,5,,0.075587,0.180065,0.066462,0.096037,0.080188,0.431542,0.070119,,684600,,
3,6,,0.156824,0.034578,0.195086,0.036239,0.187845,0.117814,0.271614,,697000,,
3,1,,0.068214,0.563224,0.031044,0.18442,0.023734,0.119395,0.009968,,691300,,
3,5,,0.075587,0.200065,0.066462,0.116037,0.080188,0.391542,0.070119,,689100,,
3,4,,0.15301,0.085958,0.141636,0.062686,0.196378,0.168054,0.192279,,696600,,
3,1,,0.068214,0.543224,0.031044,0.18442,0.023734,0.139395,0.009968,,692500,,
3,1,,0.105543,0.382597,0.074138,0.148311,0.104051,0.142972,0.042388,,765100,,
3,1,,0.130561,0.371169,0.078505,0.142274,0.088896,0.122972,0.065623,,692200,,
3,5,,0.087964,0.264394,0.06906,0.115604,0.101316,0.312572,0.049089,,764700,,
3,5,,0.105129,0.125902,0.101345,0.085071,0.115934,0.263616,0.203003,,692200,,
3,1,,0.057226,0.585933,0.021007,0.191075,0.013007,0.128255,0.003497,,687100,,
3,5,,0.089378,0.137281,0.081212,0.087173,0.09576,0.407713,0.101482,,692700,,
3,5,,0.04507,0.275437,0.035832,0.116324,0.033375,0.454688,0.039274,,690900,,
3,1,,0.1434,0.362597,0.110354,0.14741,0.090879,0.102972,0.042388,,696800,,
3,1,,0.075502,0.529398,0.044417,0.17178,0.037543,0.114763,0.026597,,694400,,
3,5,,0.087964,0.264394,0.06906,0.115604,0.101316,0.312572,0.049089,,702000,,
3,6,,0.184797,0.011721,0.204377,0.023106,0.222586,0.041364,0.312048,,704900,,
3,1,,0.153259,0.221893,0.099947,0.107626,0.13265,0.194016,0.09061,,691300,,
3,1,,0.097474,0.369278,0.071925,0.133604,0.102359,0.182972,0.042388,,773200,,
3,6,,0.157079,0.085958,0.16798,0.062131,0.160826,0.148054,0.217972,,699600,,
3,1,,0.105543,0.422597,0.074138,0.148311,0.084051,0.102972,0.062388,,686000,,
3,5,,0.037782,0.329263,0.02246,0.128964,0.019566,0.43932,0.022645,,690400,,
3,5,,0.087964,0.264394,0.06906,0.115604,0.081316,0.312572,0.069089,,690700,,
3,5,,0.076911,0.275749,0.067038,0.118507,0.095834,0.316916,0.049045,,691900,,
3,5,,0.064534,0.19142,0.06444,0.09894,0.074706,0.435886,0.070075,,687400,,
3,1,,0.147766,0.255437,0.086114,0.119859,0.117931,0.198628,0.074266,,697600,,
3,1,,0.105543,0.382597,0.074138,0.148311,0.084051,0.142972,0.062388,,689600,,
3,1,,0.057226,0.545933,0.021007,0.191075,0.013007,0.168255,0.003497,,685400,,
3,5,,0.071041,0.200065,0.060726,0.116274,0.074992,0.427529,0.049372,,683400,,
3,5,,0.080605,0.168636,0.07083,0.09,0.105032,0.411542,0.073354,,759700,,
3,6,,0.1692,0.057386,0.168064,0.037924,0.181616,0.119483,0.266327,,683200,,
3,1,,0.068214,0.563224,0.031044,0.18442,0.023734,0.119395,0.009968,,784000,,
3,1,,0.068923,0.492322,0.032009,0.206613,0.023352,0.16677,0.01001,,693900,,
3,1,,0.068923,0.492322,0.032009,0.206613,0.023352,0.16677,0.01001,,690800,,
3,1,,0.075502,0.509398,0.044417,0.17178,0.037543,0.134763,0.026597,,688900,,
3,5,,0.07511,0.168636,0.065553,0.092854,0.099884,0.442897,0.055065,,693400,,
3,5,,0.03849,0.258361,0.023425,0.151157,0.019184,0.486695,0.022688,,691200,,
3,5,,0.148161,0.097386,0.154322,0.071525,0.147796,0.199872,0.180937,,678300,,
3,1,,0.070053,0.511933,0.035327,0.179756,0.028324,0.159395,0.015212,,691200,,
3,1,,0.09449,0.393952,0.072115,0.151214,0.098569,0.147316,0.042344,,693200,,
3,1,,0.097474,0.329278,0.071925,0.153604,0.082359,0.222972,0.042388,,688300,,
3,1,,0.060145,0.469905,0.028832,0.169713,0.022042,0.239395,0.009968,,685800,,
3,1,,0.1234,0.402597,0.070354,0.14741,0.090879,0.122972,0.042388,,699300,,
3,1,,0.105543,0.402597,0.074138,0.148311,0.084051,0.122972,0.062388,,702800,,
3,1,,0.154638,0.190786,0.107066,0.10307,0.15412,0.174016,0.116302,,772800,,
3,1,,0.075502,0.469398,0.0482,0.172681,0.052859,0.154763,0.026597,,696300,,
3,5,,0.080605,0.148636,0.07083,0.09,0.105032,0.431542,0.073354,,695600,,
3,1,,0.130561,0.331169,0.078505,0.142274,0.088896,0.162972,0.065623,,690300,,
3,5,,0.060625,0.181279,0.058974,0.118302,0.067701,0.457713,0.055407,,700900,,
3,5,,0.092968,0.148636,0.081769,0.091954,0.086711,0.422897,0.075065,,685800,,
3,1,,0.097474,0.329278,0.071925,0.133604,0.082359,0.222972,0.062388,,739400,,
3,1,,0.068618,0.408926,0.04802,0.167215,0.040833,0.234763,0.031624,,700400,,
3,1,,0.097474,0.369278,0.071925,0.133604,0.082359,0.182972,0.062388,,689200,,
3,1,,0.057226,0.585933,0.021007,0.191075,0.013007,0.128255,0.003497,,696100,,
3,5,,0.134805,0.103082,0.137888,0.076,0.153194,0.244329,0.150703,,689900,,
3,1,,0.105543,0.362597,0.074138,0.148311,0.084051,0.162972,0.062388,,692400,,
3,5,,0.081775,0.222229,0.067761,0.105821,0.080752,0.372057,0.069604,,894800,,
3,1,,0.067433,0.476079,0.042204,0.157073,0.035851,0.194763,0.026597,,690600,,
3,5,,0.04507,0.315437,0.035832,0.116324,0.033375,0.414688,0.039274,,686600,,
3,6,,0.1492,0.057386,0.189409,0.037023,0.181173,0.119483,0.266327,,685000,,
3,1,,0.097474,0.329278,0.071925,0.133604,0.082359,0.222972,0.062388,,685400,,
3,1,,0.1234,0.402597,0.070354,0.14741,0.090879,0.122972,0.042388,,688300,,
3,1,,0.068214,0.523224,0.031044,0.18442,0.023734,0.159395,0.009968,,709200,,
4,6,,0.195807,0.011721,0.218443,0.024118,0.202821,0.041364,0.305726,,712900,,
4,5,,0.115346,0.168388,0.127314,0.092662,0.121687,0.308228,0.066374,,688700,,
4,4,,0.18275,0.087897,0.195028,0.050946,0.233951,0.037814,0.211614,,690200,,
4,4,,0.170347,0.045958,0.188047,0.03962,0.227232,0.122426,0.20637,,682800,,
4,4,,0.188076,0.000342,0.232339,0.019943,0.265093,0.036752,0.257455,,686800,,
4,4,,0.199086,0.000342,0.226405,0.020954,0.265328,0.036752,0.251133,,681800,,
4,6,,0.145814,0.034578,0.20102,0.035228,0.18761,0.117814,0.277935,,777100,,
4,6,,0.1492,0.057386,0.188064,0.037924,0.181616,0.119483,0.266327,,688400,,
4,6,,0.17325,0.000342,0.232232,0.018058,0.259998,0.016752,0.299369,,676100,,
4,6,,0.155393,0,0.208008,0.025237,0.220883,0.010256,0.380223,,683200,,
4,5,,0.150623,0.125902,0.106622,0.082217,0.161083,0.252261,0.121293,,707800,,
4,5,,0.10259,0.199173,0.088018,0.098478,0.141915,0.263616,0.106211,,682700,,
4,6,,0.168243,0,0.242242,0.021821,0.207129,0.000855,0.35971,,682400,,
4,6,,0.157132,0,0.240703,0.025411,0.206274,0.010256,0.360223,,677000,,
4,6,,0.157132,0.000342,0.242071,0.018231,0.246103,0.016752,0.319369,,679000,,
4,6,,0.155393,0,0.208008,0.025237,0.220883,0.010256,0.380223,,680500,,
4,2,,0.1492,0.057386,0.230921,0.037924,0.198759,0.119483,0.206327,,680200,,
4,6,,0.197132,0,0.22356,0.025411,0.263417,0.010256,0.280223,,686700,,
4,2,,0.175127,0.110705,0.20935,0.05173,0.207279,0.039483,0.206327,,676000,,
4,2,,0.1692,0.057386,0.230921,0.037924,0.218759,0.119483,0.166327,,683300,,
4,6,,0.157132,0,0.220703,0.025411,0.226274,0.010256,0.360223,,757100,,
4,5,,0.095346,0.168388,0.087314,0.092662,0.181687,0.308228,0.066374,,678900,,
4,6,,0.181424,0.000342,0.209635,0.018753,0.224975,0.036752,0.328119,,705600,,
4,4,,0.1692,0.057386,0.188064,0.037924,0.221616,0.119483,0.206327,,692100,,
4,6,,0.168243,0,0.222242,0.021821,0.227129,0.000855,0.35971,,678300,,
4,6,,0.195807,0.011721,0.218443,0.024118,0.202821,0.041364,0.305726,,678800,,
4,4,,0.1492,0.057386,0.210921,0.037924,0.218759,0.119483,0.206327,,684000,,
4,6,,0.155393,0.000342,0.229375,0.018058,0.200712,0.016752,0.379369,,685800,,
4,6,,0.1692,0.057386,0.190921,0.037924,0.198759,0.119483,0.226327,,677200,,
4,6,,0.157132,0,0.220703,0.025411,0.226274,0.010256,0.360223,,690500,,
4,6,,0.188076,0.000342,0.209482,0.019943,0.22795,0.036752,0.317455,,682500,,
4,6,,0.155393,0,0.208008,0.025237,0.220883,0.010256,0.380223,,681300,,
4,6,,0.168243,0,0.242242,0.021821,0.207129,0.000855,0.35971,,722200,,
4,6,,0.168243,0,0.222242,0.021821,0.227129,0.000855,0.35971,,761100,,
4,5,,0.134805,0.103082,0.117888,0.076,0.173194,0.264329,0.130703,,691600,,
4,6,,0.199086,0.000342,0.223548,0.020954,0.208185,0.036752,0.311133,,677000,,
4,4,,0.161634,0.108493,0.158137,0.08272,0.208207,0.159872,0.120937,,683600,,
4,6,,0.1692,0.057386,0.190921,0.037924,0.198759,0.119483,0.226327,,682700,,
4,4,,0.161634,0.108493,0.158137,0.08272,0.208207,0.159872,0.120937,,681700,,
4,4,,0.1492,0.057386,0.190921,0.037924,0.238759,0.119483,0.206327,,678000,,
4,6,,0.157132,0,0.240703,0.025411,0.206274,0.010256,0.360223,,677400,,
4,4,,0.1492,0.057386,0.190921,0.037924,0.238759,0.119483,0.206327,,679800,,
4,4,,0.140448,0.119784,0.133528,0.087233,0.223225,0.159872,0.13591,,685500,,
4,4,,0.178417,0.099277,0.190259,0.054328,0.228924,0.042426,0.20637,,679500,,
4,5,,0.115346,0.148388,0.107314,0.092662,0.141687,0.328228,0.066374,,712300,,
4,6,,0.1492,0.057386,0.210921,0.037924,0.198759,0.119483,0.226327,,683000,,
4,6,,0.168243,0,0.222242,0.021821,0.227129,0.000855,0.35971,,787500,,
4,6,,0.168243,0,0.222242,0.021821,0.227129,0.000855,0.35971,,680900,,
4,6,,0.157132,0,0.220703,0.025411,0.226274,0.010256,0.360223,,688700,,
4,4,,0.1492,0.057386,0.190921,0.037924,0.238759,0.119483,0.206327,,689300,,
4,6,,0.1492,0.057386,0.208064,0.037924,0.201616,0.119483,0.226327,,679700,,
4,4,,0.16056,0.099277,0.214043,0.055229,0.222096,0.042426,0.20637,,684300,,
4,6,,0.157132,0.000342,0.222071,0.018231,0.226103,0.016752,0.359369,,722700,,
4,6,,0.195807,0.011721,0.218443,0.024118,0.202821,0.041364,0.305726,,678900,,
4,5,,0.118036,0.179494,0.088051,0.097565,0.162251,0.288228,0.066374,,691100,,
4,4,,0.1492,0.057386,0.190921,0.037924,0.238759,0.119483,0.206327,,748300,,
4,4,,0.1492,0.057386,0.190921,0.037924,0.238759,0.119483,0.206327,,684000,,
4,6,,0.1692,0.057386,0.170921,0.037924,0.218759,0.119483,0.226327,,681000,,
4,5,,0.148161,0.097386,0.132978,0.072426,0.16824,0.199872,0.180937,,679600,,
4,6,,0.16694,0.011721,0.209505,0.023106,0.235315,0.041364,0.312048,,755500,,
4,6,,0.1492,0.057386,0.210921,0.037924,0.198759,0.119483,0.226327,,680700,,
4,4,,0.16056,0.099277,0.194043,0.055229,0.242096,0.042426,0.20637,,698400,,
4,4,,0.1692,0.057386,0.208064,0.037924,0.221616,0.119483,0.186327,,685500,,
4,6,,0.155393,0.000342,0.229375,0.018058,0.200712,0.016752,0.379369,,685800,,
4,6,,0.157132,0,0.220703,0.025411,0.226274,0.010256,0.360223,,691700,,
4,6,,0.188076,0.000342,0.209482,0.019943,0.22795,0.016752,0.337455,,716400,,
5,5,,0.07511,0.148636,0.066898,0.091954,0.09944,0.462897,0.055065,,679500,,
5,5,,0.07511,0.148636,0.066898,0.091954,0.09944,0.462897,0.055065,,680100,,
5,5,,0.03973,0.212855,0.034432,0.106258,0.032763,0.532685,0.041277,,680800,,
5,5,,0.125129,0.125902,0.102689,0.08417,0.115491,0.263616,0.183003,,682300,,
5,5,,0.027863,0.224629,0.020269,0.114795,0.019032,0.567959,0.025454,,688900,,
5,5,,0.064058,0.199991,0.064875,0.094856,0.093958,0.427241,0.055021,,767000,,
5,5,,0.07511,0.148636,0.066898,0.091954,0.07944,0.462897,0.075065,,686400,,
5,5,,0.027863,0.224629,0.020269,0.114795,0.019032,0.567959,0.025454,,680900,,
5,5,,0.07511,0.148636,0.066898,0.091954,0.09944,0.462897,0.055065,,685500,,
5,5,,0.07511,0.148636,0.066898,0.091954,0.09944,0.462897,0.055065,,687600,,
5,5,,0.07511,0.148636,0.066898,0.091954,0.09944,0.462897,0.055065,,689500,,
5,5,,0.07511,0.168636,0.066898,0.091954,0.09944,0.442897,0.055065,,733500,,
5,5,,0.030142,0.184863,0.021964,0.134214,0.018258,0.584938,0.025622,,722500,,
5,5,,0.028571,0.193727,0.021234,0.136988,0.01865,0.575334,0.025496,,679100,,
5,5,,0.034475,0.184863,0.026991,0.134582,0.023285,0.565701,0.030103,,679900,,
5,5,,0.027863,0.224629,0.020269,0.114795,0.019032,0.567959,0.025454,,679100,,
5,5,,0.032905,0.193727,0.026261,0.137356,0.023677,0.556097,0.029977,,718200,,
5,5,,0.033767,0.255765,0.026026,0.112389,0.023667,0.518326,0.030061,,787300,,
5,5,,0.027863,0.224629,0.020269,0.114795,0.019032,0.567959,0.025454,,682200,,
5,5,,0.045331,0.18399,0.045555,0.104004,0.072399,0.50353,0.04519,,681400,,
5,5,,0.080605,0.148636,0.072174,0.089099,0.084589,0.431542,0.093354,,708700,,
5,5,,0.07511,0.148636,0.066898,0.091954,0.09944,0.462897,0.055065,,679500,,
5,5,,0.027863,0.224629,0.020269,0.114795,0.019032,0.567959,0.025454,,691600,,
5,5,,0.07511,0.148636,0.066898,0.091954,0.09944,0.462897,0.055065,,696600,,
5,5,,0.117781,0.125902,0.092325,0.083237,0.105235,0.363101,0.112418,,682400,,
5,5,,0.053098,0.182703,0.055139,0.121828,0.064127,0.47382,0.049285,,682900,,
5,5,,0.117781,0.125902,0.092325,0.083237,0.105235,0.343101,0.132418,,686400,,
5,5,,0.07511,0.188636,0.066898,0.091954,0.09944,0.422897,0.055065,,674500,,
5,5,,0.080605,0.148636,0.072174,0.089099,0.084589,0.431542,0.093354,,671500,,
5,5,,0.053806,0.171801,0.056104,0.124021,0.063745,0.481195,0.049327,,678500,,
5,5,,0.027863,0.244629,0.020269,0.114795,0.019032,0.547959,0.025454,,755000,,
5,5,,0.07511,0.148636,0.066898,0.091954,0.09944,0.462897,0.055065,,692600,,
5,5,,0.094501,0.165902,0.086962,0.082651,0.099871,0.362586,0.107526,,683400,,
5,5,,0.07511,0.148636,0.066898,0.091954,0.09944,0.462897,0.055065,,695800,,
5,5,,0.044469,0.181953,0.045791,0.128971,0.05241,0.5013,0.045107,,714900,,
5,5,,0.033767,0.215765,0.026026,0.112389,0.023667,0.558326,0.030061,,694200,,
5,5,,0.07511,0.148636,0.066898,0.091954,0.09944,0.462897,0.055065,,700200,,
5,5,,0.041301,0.20399,0.035161,0.103484,0.03237,0.54229,0.041403,,682500,,
5,5,,0.07511,0.148636,0.066898,0.111954,0.07944,0.462897,0.055065,,686100,,
5,5,,0.07511,0.148636,0.066898,0.091954,0.07944,0.462897,0.075065,,690300,,
5,5,,0.07511,0.188636,0.066898,0.091954,0.09944,0.422897,0.055065,,679800,,
5,5,,0.07511,0.148636,0.066898,0.091954,0.09944,0.462897,0.055065,,678200,,
5,5,,0.033767,0.215765,0.026026,0.112389,0.023667,0.558326,0.030061,,817400,,
5,5,,0.027863,0.224629,0.020269,0.114795,0.019032,0.567959,0.025454,,680000,,
5,5,,0.07511,0.148636,0.066898,0.091954,0.09944,0.462897,0.055065,,687000,,
5,5,,0.07511,0.188636,0.066898,0.091954,0.09944,0.422897,0.055065,,692900,,
5,5,,0.080605,0.148636,0.072174,0.089099,0.084589,0.431542,0.093354,,706100,,
5,5,,0.07511,0.188636,0.066898,0.091954,0.07944,0.422897,0.075065,,680000,,
5,5,,0.07511,0.148636,0.066898,0.091954,0.07944,0.462897,0.075065,,684600,,
5,5,,0.07511,0.148636,0.086898,0.091954,0.07944,0.442897,0.075065,,682500,,
5,5,,0.034475,0.184863,0.026991,0.134582,0.023285,0.565701,0.030103,,683500,,
5,5,,0.07511,0.148636,0.106898,0.091954,0.07944,0.422897,0.075065,,687500,,
5,5,,0.117781,0.125902,0.112325,0.083237,0.105235,0.323101,0.132418,,680600,,
5,5,,0.07511,0.148636,0.086898,0.091954,0.07944,0.442897,0.075065,,680600,,
5,5,,0.07511,0.188636,0.066898,0.091954,0.07944,0.422897,0.075065,,681900,,
5,5,,0.07511,0.148636,0.066898,0.091954,0.09944,0.462897,0.055065,,789500,,
5,5,,0.029433,0.215765,0.020999,0.112021,0.01864,0.577563,0.02558,,696500,,
5,5,,0.094501,0.125902,0.086962,0.082651,0.099871,0.402586,0.107526,,679300,,
5,5,,0.07511,0.148636,0.066898,0.091954,0.09944,0.462897,0.055065,,675000,,
5,5,,0.07511,0.148636,0.066898,0.091954,0.09944,0.462897,0.055065,,682200,,
5,5,,0.034475,0.184863,0.026991,0.134582,0.023285,0.565701,0.030103,,675700,,
5,5,,0.07511,0.148636,0.066898,0.091954,0.07944,0.462897,0.075065,,694700,,
5,5,,0.097781,0.125902,0.092325,0.103237,0.105235,0.323101,0.152418,,681000,,
5,5,,0.07511,0.148636,0.066898,0.111954,0.07944,0.462897,0.055065,,678700,,
5,5,,0.07511,0.148636,0.066898,0.091954,0.07944,0.462897,0.075065,,703400,,
5,5,,0.097781,0.125902,0.092325,0.083237,0.105235,0.303101,0.192418,,681900,,
6,6,,0.152114,0.011721,0.22427,0.021221,0.195348,0.041364,0.353961,,680200,,
6,6,,0.112614,0.063082,0.160007,0.041421,0.150825,0.136533,0.335518,,773500,,
6,6,,0.101407,0.085828,0.139729,0.053368,0.13031,0.171029,0.318328,,686100,,
6,6,,0.123365,0.057386,0.190108,0.034127,0.16097,0.119483,0.314562,,687000,,
6,6,,0.112614,0.063082,0.160007,0.041421,0.150825,0.136533,0.335518,,676700,,
6,6,,0.092634,0.085828,0.129088,0.055636,0.119798,0.201869,0.315146,,673500,,
6,6,,0.123365,0.057386,0.190108,0.034127,0.16097,0.119483,0.314562,,693400,,
6,6,,0.123365,0.057386,0.190108,0.034127,0.16097,0.119483,0.314562,,683100,,
6,6,,0.112614,0.063082,0.160007,0.041421,0.150825,0.136533,0.335518,,677900,,
6,6,,0.118108,0.063082,0.165284,0.038567,0.155973,0.125179,0.333807,,676700,,
6,6,,0.123365,0.057386,0.170108,0.034127,0.16097,0.119483,0.334562,,673700,,
6,6,,0.152114,0.011721,0.22427,0.021221,0.195348,0.041364,0.353961,,691500,,
6,6,,0.112614,0.063082,0.160007,0.041421,0.150825,0.136533,0.335518,,715500,,
6,6,,0.123365,0.057386,0.170108,0.034127,0.16097,0.119483,0.334562,,758900,,
6,6,,0.143711,0.023101,0.194502,0.024257,0.205429,0.065976,0.343025,,684000,,
6,6,,0.112614,0.063082,0.160007,0.041421,0.150825,0.136533,0.335518,,685200,,
6,6,,0.143711,0.023101,0.214502,0.024257,0.185429,0.065976,0.343025,,680600,,
6,5,,0.068305,0.137257,0.093092,0.087541,0.084776,0.279315,0.249713,,684300,,
6,6,,0.112614,0.063082,0.160007,0.041421,0.150825,0.136533,0.335518,,682200,,
6,6,,0.112614,0.063082,0.180007,0.041421,0.150825,0.136533,0.315518,,710900,,
6,6,,0.152114,0.011721,0.22427,0.021221,0.195348,0.041364,0.353961,,682100,,
6,6,,0.152114,0.011721,0.22427,0.021221,0.195348,0.041364,0.353961,,681900,,
6,6,,0.112614,0.063082,0.160007,0.041421,0.150825,0.136533,0.335518,,683900,,
6,6,,0.098128,0.085828,0.134365,0.052782,0.124946,0.190514,0.313436,,679600,,
6,6,,0.108584,0.063082,0.154741,0.040901,0.145668,0.155294,0.331731,,689800,,
6,6,,0.112614,0.063082,0.160007,0.041421,0.150825,0.136533,0.335518,,679400,,
6,6,,0.112614,0.063082,0.160007,0.041421,0.150825,0.136533,0.335518,,1031000,,
6,6,,0.123365,0.057386,0.170108,0.034127,0.16097,0.119483,0.334562,,1416900,,
6,6,,0.112614,0.063082,0.160007,0.041421,0.150825,0.136533,0.335518,,1368100,,
6,6,,0.118108,0.063082,0.165284,0.038567,0.155973,0.125179,0.333807,,1415000,,
6,6,,0.118108,0.063082,0.165284,0.038567,0.155973,0.125179,0.333807,,761200,,
6,6,,0.112614,0.063082,0.178963,0.041421,0.151868,0.136533,0.315518,,681600,,
6,6,,0.118108,0.063082,0.165284,0.038567,0.155973,0.125179,0.333807,,940500,,
6,6,,0.112614,0.063082,0.180007,0.041421,0.150825,0.136533,0.315518,,679000,,
6,6,,0.112614,0.063082,0.160007,0.041421,0.150825,0.136533,0.335518,,711000,,
6,6,,0.123365,0.057386,0.170108,0.034127,0.16097,0.119483,0.334562,,679900,,
6,6,,0.14778,0.023101,0.219502,0.024603,0.190321,0.045976,0.348718,,677200,,
6,6,,0.112614,0.063082,0.160007,0.041421,0.150825,0.136533,0.335518,,822600,,
6,6,,0.123365,0.057386,0.170108,0.034127,0.16097,0.119483,0.334562,,690500,,
6,6,,0.123365,0.057386,0.170108,0.034127,0.16097,0.119483,0.334562,,679400,,
6,6,,0.112614,0.063082,0.160007,0.041421,0.150825,0.136533,0.335518,,682100,,
6,6,,0.112614,0.063082,0.160007,0.041421,0.150825,0.136533,0.335518,,679200,,
6,6,,0.112614,0.063082,0.160007,0.041421,0.150825,0.136533,0.335518,,678500,,
6,6,,0.14778,0.023101,0.219502,0.024603,0.190321,0.045976,0.348718,,695000,,
6,6,,0.112614,0.063082,0.160007,0.041421,0.150825,0.136533,0.335518,,680400,,
6,6,,0.112614,0.063082,0.160007,0.041421,0.150825,0.136533,0.335518,,678600,,
6,6,,0.118108,0.063082,0.165284,0.038567,0.155973,0.125179,0.333807,,686200,,
6,6,,0.123365,0.057386,0.190108,0.034127,0.16097,0.119483,0.314562,,681200,,
6,6,,0.152114,0.011721,0.22427,0.021221,0.195348,0.041364,0.353961,,679900,,
6,6,,0.152114,0.011721,0.20427,0.021221,0.215348,0.041364,0.353961,,700000,,
6,6,,0.112614,0.063082,0.160007,0.041421,0.150825,0.136533,0.335518,,761100,,
6,6,,0.112614,0.063082,0.160007,0.041421,0.150825,0.136533,0.335518,,687600,,
6,6,,0.152114,0.011721,0.20427,0.021221,0.215348,0.041364,0.353961,,684900,,
6,6,,0.123365,0.057386,0.190108,0.034127,0.16097,0.119483,0.314562,,686600,,
6,6,,0.123365,0.057386,0.170108,0.034127,0.16097,0.119483,0.334562,,708200,,
6,6,,0.112614,0.063082,0.160007,0.041421,0.150825,0.136533,0.335518,,679300,,
6,6,,0.112614,0.063082,0.160007,0.041421,0.150825,0.136533,0.335518,,704400,,
6,6,,0.123365,0.057386,0.170108,0.034127,0.16097,0.119483,0.334562,,686400,,
6,6,,0.123365,0.057386,0.170108,0.034127,0.16097,0.119483,0.334562,,674000,,
6,6,,0.123365,0.057386,0.170108,0.034127,0.18097,0.119483,0.314562,,681300,,
6,6,,0.118108,0.063082,0.165284,0.038567,0.175973,0.125179,0.313807,,708500,,
6,6,,0.14778,0.023101,0.219502,0.024603,0.190321,0.045976,0.348718,,682800,,
6,6,,0.127434,0.045958,0.194934,0.030707,0.165862,0.114851,0.320254,,684400,,
6,6,,0.112614,0.063082,0.160007,0.041421,0.150825,0.136533,0.335518,,827400,,
6,6,,0.118108,0.063082,0.185284,0.038567,0.155973,0.125179,0.313807,,684500,,
6,6,,0.14778,0.023101,0.199502,0.024603,0.210321,0.045976,0.348718,,691400,,