statlog-image,CWE,test,3,NANOSECONDS,PREDICTIONS, Generated by ClassifierExperiments.java on 2022-05-16 22:45:10.    SYSTEMPROPERTIES:{user.name:matth,os.arch:amd64,os.name:Windows 10},ENDSYSTEMPROPERTIES
No parameter info
0.5995670995670995,227909400,331838500,-1,0,7,,-1,-1
0,6,,0.215631,0.011355,0.219585,0.046448,0.198951,0.031537,0.276493,,905700,,
0,6,,0.215631,0.011355,0.219585,0.046448,0.198951,0.031537,0.276493,,780600,,
0,6,,0.219007,0.011355,0.211144,0.0474,0.198648,0.03158,0.280865,,959100,,
0,6,,0.219007,0.011355,0.211144,0.0474,0.198648,0.03158,0.280865,,784900,,
0,6,,0.214349,0.011355,0.224317,0.040705,0.20351,0.024582,0.281182,,792700,,
0,0,,0.220606,0.137579,0.213348,0.0787,0.178716,0.048096,0.122955,,785600,,
0,6,,0.215631,0.011355,0.239585,0.046448,0.198951,0.031537,0.256493,,782200,,
0,0,,0.224874,0.095444,0.204817,0.067607,0.176207,0.107927,0.123124,,843900,,
0,6,,0.219007,0.011355,0.211144,0.0474,0.198648,0.03158,0.280865,,855400,,
0,6,,0.214349,0.011355,0.224317,0.040705,0.20351,0.024582,0.281182,,781400,,
0,2,,0.19608,0.089742,0.221727,0.064102,0.162967,0.117225,0.148158,,785700,,
0,6,,0.214349,0.011355,0.224317,0.040705,0.20351,0.024582,0.281182,,681400,,
0,2,,0.159769,0.066909,0.213373,0.065755,0.189699,0.095243,0.209252,,684800,,
0,2,,0.193811,0.154722,0.208603,0.096923,0.159631,0.080239,0.106072,,704400,,
0,2,,0.202005,0.131877,0.241278,0.077282,0.177175,0.042394,0.127989,,687000,,
0,0,,0.245925,0.089742,0.19583,0.063031,0.155089,0.102225,0.148158,,683900,,
0,0,,0.203838,0.123941,0.173179,0.087483,0.166531,0.144456,0.10057,,683800,,
0,2,,0.189763,0.166077,0.203797,0.100663,0.154674,0.084626,0.100401,,683400,,
0,6,,0.215631,0.011355,0.239585,0.046448,0.198951,0.031537,0.256493,,684000,,
0,1,,0.145362,0.239337,0.191188,0.114862,0.140739,0.084626,0.083886,,688100,,
0,0,,0.209416,0.146077,0.200814,0.097505,0.141162,0.104626,0.100401,,681900,,
0,0,,0.276882,0.089742,0.18144,0.064074,0.155218,0.102225,0.130419,,750200,,
0,6,,0.215631,0.011355,0.239585,0.046448,0.198951,0.031537,0.256493,,684400,,
0,2,,0.195029,0.095444,0.196779,0.068679,0.178019,0.122927,0.143124,,696100,,
0,0,,0.213463,0.154722,0.16562,0.093765,0.166119,0.100239,0.106072,,686900,,
0,0,,0.225925,0.089742,0.209764,0.063031,0.181155,0.102225,0.128158,,713700,,
0,6,,0.202925,0.031355,0.225213,0.041777,0.211212,0.024582,0.262936,,689500,,
0,0,,0.244874,0.095444,0.210883,0.067607,0.150141,0.107927,0.123124,,689100,,
0,6,,0.215631,0.011355,0.219585,0.046448,0.198951,0.031537,0.276493,,711600,,
0,0,,0.245925,0.089742,0.21583,0.063031,0.155089,0.102225,0.128158,,734800,,
0,6,,0.215631,0.011355,0.219585,0.046448,0.198951,0.031537,0.276493,,680500,,
0,0,,0.213463,0.134722,0.20562,0.093765,0.146119,0.100239,0.106072,,685500,,
0,2,,0.234349,0.011355,0.244317,0.040705,0.20351,0.024582,0.241182,,721400,,
0,6,,0.215631,0.011355,0.219585,0.046448,0.198951,0.031537,0.276493,,692600,,
0,0,,0.265925,0.089742,0.19583,0.063031,0.155089,0.102225,0.128158,,772600,,
0,6,,0.214349,0.011355,0.244317,0.040705,0.20351,0.024582,0.261182,,681100,,
0,6,,0.215631,0.011355,0.219585,0.046448,0.198951,0.031537,0.276493,,687800,,
0,6,,0.219007,0.011355,0.21721,0.0474,0.192582,0.03158,0.280865,,679800,,
0,0,,0.265925,0.089742,0.174764,0.063031,0.161155,0.117225,0.128158,,683500,,
0,6,,0.218644,0,0.247711,0.037348,0.207786,0.020195,0.268316,,694400,,
0,6,,0.215631,0.011355,0.219585,0.046448,0.198951,0.031537,0.276493,,678200,,
0,6,,0.215631,0.011355,0.219585,0.046448,0.198951,0.031537,0.276493,,681600,,
0,0,,0.276882,0.089742,0.18144,0.064074,0.155218,0.102225,0.130419,,691100,,
0,0,,0.228714,0.100809,0.195549,0.068042,0.181504,0.097309,0.128074,,683400,,
0,2,,0.196428,0.089742,0.239709,0.06726,0.176478,0.102225,0.128158,,681200,,
0,2,,0.224874,0.095444,0.230883,0.067607,0.150141,0.107927,0.123124,,682400,,
0,0,,0.224874,0.095444,0.215883,0.067607,0.150141,0.122927,0.123124,,857000,,
0,6,,0.203082,0.011355,0.230158,0.039656,0.203721,0.024539,0.28749,,1262700,,
0,1,,0.167246,0.208212,0.175408,0.109992,0.165458,0.084626,0.089059,,1373400,,
0,0,,0.220606,0.137579,0.192282,0.0787,0.184782,0.063096,0.122955,,1414400,,
0,0,,0.221657,0.131877,0.197229,0.074124,0.18973,0.057394,0.127989,,798500,,
0,2,,0.169763,0.186077,0.203797,0.100663,0.154674,0.084626,0.100401,,776900,,
0,6,,0.214349,0.011355,0.224317,0.040705,0.20351,0.024582,0.281182,,773800,,
0,6,,0.199933,0,0.233359,0.044861,0.232991,0.02054,0.268316,,776100,,
0,6,,0.214349,0.011355,0.224317,0.040705,0.20351,0.024582,0.281182,,787300,,
0,6,,0.215631,0.011355,0.219585,0.046448,0.198951,0.031537,0.276493,,776600,,
0,0,,0.231503,0.131877,0.202399,0.073052,0.175786,0.057394,0.127989,,850000,,
0,6,,0.214349,0.011355,0.224317,0.040705,0.20351,0.024582,0.281182,,800200,,
0,0,,0.189763,0.166077,0.17773,0.100663,0.18074,0.084626,0.100401,,784800,,
0,6,,0.214349,0.011355,0.224317,0.040705,0.20351,0.024582,0.281182,,779800,,
0,6,,0.215631,0.011355,0.219585,0.046448,0.198951,0.031537,0.276493,,777000,,
0,2,,0.235631,0.011355,0.239585,0.046448,0.198951,0.031537,0.236493,,781200,,
0,6,,0.217428,0.031355,0.211144,0.0474,0.198473,0.03158,0.26262,,780100,,
0,6,,0.215631,0.011355,0.219585,0.046448,0.198951,0.031537,0.276493,,785700,,
0,6,,0.215631,0.011355,0.239585,0.046448,0.198951,0.031537,0.256493,,778400,,
0,0,,0.224874,0.095444,0.215883,0.067607,0.150141,0.122927,0.123124,,777200,,
1,1,,0.047655,0.555811,0.075568,0.202987,0.010052,0.107323,0.000605,,855900,,
1,1,,0.047655,0.575811,0.060568,0.182987,0.010052,0.122323,0.000605,,777800,,
1,1,,0.047655,0.575811,0.075568,0.182987,0.010052,0.107323,0.000605,,779600,,
1,1,,0.047655,0.575811,0.075568,0.182987,0.010052,0.107323,0.000605,,907900,,
1,1,,0.047655,0.595811,0.040568,0.182987,0.010052,0.122323,0.000605,,775100,,
1,1,,0.047655,0.575811,0.060568,0.182987,0.010052,0.122323,0.000605,,694600,,
1,1,,0.047655,0.575811,0.060568,0.182987,0.010052,0.122323,0.000605,,691300,,
1,1,,0.047655,0.555811,0.060568,0.182987,0.010052,0.142323,0.000605,,691700,,
1,1,,0.047655,0.555811,0.075568,0.182987,0.010052,0.127323,0.000605,,684300,,
1,1,,0.047655,0.555811,0.075568,0.202987,0.010052,0.107323,0.000605,,1030000,,
1,1,,0.047655,0.575811,0.060568,0.182987,0.010052,0.122323,0.000605,,717400,,
1,1,,0.047655,0.595811,0.055568,0.182987,0.010052,0.107323,0.000605,,686500,,
1,1,,0.047655,0.575811,0.060568,0.182987,0.010052,0.122323,0.000605,,682500,,
1,1,,0.047655,0.595811,0.055568,0.182987,0.010052,0.107323,0.000605,,683700,,
1,1,,0.047655,0.575811,0.075568,0.182987,0.010052,0.107323,0.000605,,679300,,
1,1,,0.042077,0.533676,0.058999,0.172965,0.009355,0.182153,0.000775,,682300,,
1,1,,0.047655,0.575811,0.060568,0.182987,0.010052,0.122323,0.000605,,687900,,
1,1,,0.042077,0.513676,0.058999,0.192965,0.009355,0.182153,0.000775,,693700,,
1,1,,0.047655,0.575811,0.075568,0.182987,0.010052,0.107323,0.000605,,688900,,
1,1,,0.042077,0.533676,0.058999,0.172965,0.009355,0.182153,0.000775,,686800,,
1,1,,0.047655,0.535983,0.061085,0.186435,0.010052,0.157667,0.001122,,805100,,
1,1,,0.047655,0.575811,0.075568,0.182987,0.010052,0.107323,0.000605,,695000,,
1,1,,0.047655,0.575811,0.060568,0.182987,0.010052,0.122323,0.000605,,690500,,
1,1,,0.047655,0.595811,0.055568,0.182987,0.010052,0.107323,0.000605,,688700,,
1,1,,0.044866,0.544743,0.059784,0.177976,0.009703,0.162238,0.00069,,824300,,
1,1,,0.044866,0.544743,0.074784,0.177976,0.009703,0.147238,0.00069,,698200,,
1,1,,0.047655,0.575811,0.060568,0.182987,0.010052,0.122323,0.000605,,684700,,
1,1,,0.047655,0.595811,0.040568,0.182987,0.010052,0.122323,0.000605,,685200,,
1,1,,0.047655,0.575811,0.075568,0.182987,0.010052,0.107323,0.000605,,695400,,
1,1,,0.047655,0.575811,0.075568,0.182987,0.010052,0.107323,0.000605,,772200,,
1,1,,0.047655,0.595811,0.055568,0.182987,0.010052,0.107323,0.000605,,691000,,
1,1,,0.042077,0.553676,0.053999,0.172965,0.009355,0.167153,0.000775,,813500,,
1,1,,0.047655,0.555811,0.075568,0.202987,0.010052,0.107323,0.000605,,689400,,
1,1,,0.041903,0.522284,0.073173,0.169284,0.009135,0.178489,0.005731,,689500,,
1,1,,0.047655,0.575811,0.075568,0.182987,0.010052,0.107323,0.000605,,688500,,
1,1,,0.047655,0.555811,0.075568,0.202987,0.010052,0.107323,0.000605,,717500,,
1,1,,0.047655,0.595811,0.055568,0.182987,0.010052,0.107323,0.000605,,689700,,
1,1,,0.047655,0.575811,0.075568,0.182987,0.010052,0.107323,0.000605,,683000,,
1,1,,0.047655,0.575811,0.075568,0.182987,0.010052,0.107323,0.000605,,684900,,
1,1,,0.047655,0.595811,0.055568,0.182987,0.010052,0.107323,0.000605,,685600,,
1,1,,0.047655,0.575811,0.075568,0.182987,0.010052,0.107323,0.000605,,679900,,
1,1,,0.047655,0.575811,0.075568,0.182987,0.010052,0.107323,0.000605,,711600,,
1,1,,0.047655,0.575811,0.060568,0.182987,0.010052,0.122323,0.000605,,689500,,
1,1,,0.042077,0.533676,0.058999,0.172965,0.009355,0.182153,0.000775,,763400,,
1,1,,0.047655,0.595811,0.055568,0.182987,0.010052,0.107323,0.000605,,691100,,
1,1,,0.047655,0.575811,0.075568,0.182987,0.010052,0.107323,0.000605,,785100,,
1,1,,0.047655,0.575811,0.060568,0.182987,0.010052,0.122323,0.000605,,696100,,
1,1,,0.047655,0.575811,0.075568,0.182987,0.010052,0.107323,0.000605,,691700,,
1,1,,0.047655,0.555811,0.060568,0.182987,0.010052,0.142323,0.000605,,691800,,
1,1,,0.047655,0.575811,0.055568,0.202987,0.010052,0.107323,0.000605,,693600,,
1,1,,0.042077,0.533676,0.058999,0.172965,0.009355,0.182153,0.000775,,714300,,
1,1,,0.047655,0.575811,0.060568,0.182987,0.010052,0.122323,0.000605,,688700,,
1,1,,0.047655,0.575811,0.075568,0.182987,0.010052,0.107323,0.000605,,686600,,
1,1,,0.047655,0.575811,0.075568,0.182987,0.010052,0.107323,0.000605,,683300,,
1,1,,0.047655,0.575811,0.075568,0.182987,0.010052,0.107323,0.000605,,684800,,
1,1,,0.047655,0.555811,0.075568,0.202987,0.010052,0.107323,0.000605,,696100,,
1,1,,0.047655,0.575811,0.075568,0.182987,0.010052,0.107323,0.000605,,772600,,
1,1,,0.047655,0.535983,0.076085,0.186435,0.010052,0.142667,0.001122,,699100,,
1,1,,0.047655,0.575811,0.075568,0.182987,0.010052,0.107323,0.000605,,690000,,
1,1,,0.047655,0.575811,0.075568,0.182987,0.010052,0.107323,0.000605,,697100,,
1,1,,0.047655,0.575811,0.075568,0.182987,0.010052,0.107323,0.000605,,687300,,
1,1,,0.047655,0.555811,0.075568,0.202987,0.010052,0.107323,0.000605,,680200,,
1,1,,0.047655,0.575811,0.075568,0.182987,0.010052,0.107323,0.000605,,683500,,
1,1,,0.047655,0.575811,0.060568,0.182987,0.010052,0.122323,0.000605,,681700,,
1,1,,0.047655,0.595811,0.040568,0.182987,0.010052,0.122323,0.000605,,685800,,
1,1,,0.042077,0.533676,0.058999,0.172965,0.009355,0.182153,0.000775,,682300,,
2,2,,0.142523,0.16902,0.229794,0.073864,0.16844,0.126383,0.089977,,683600,,
2,2,,0.171489,0,0.306115,0.034745,0.230414,0.020152,0.237086,,700500,,
2,6,,0.191316,0,0.264571,0.014745,0.212131,0.020152,0.297086,,751500,,
2,6,,0.151489,0,0.280049,0.034745,0.21648,0.020152,0.297086,,790900,,
2,2,,0.171489,0,0.300049,0.034745,0.23648,0.020152,0.237086,,682900,,
2,2,,0.182187,0.032845,0.276704,0.063165,0.194094,0.096199,0.154806,,684700,,
2,2,,0.147587,0.044273,0.261419,0.059258,0.17279,0.093645,0.221028,,680300,,
2,2,,0.191489,0,0.280049,0.034745,0.23648,0.020152,0.237086,,682400,,
2,1,,0.119012,0.339961,0.155213,0.141376,0.083059,0.126318,0.035061,,703000,,
2,2,,0.171489,0,0.306115,0.034745,0.230414,0.020152,0.237086,,679000,,
2,2,,0.167715,0,0.280785,0.036134,0.220592,0.020152,0.274624,,677800,,
2,6,,0.191316,0,0.264571,0.014745,0.212131,0.020152,0.297086,,681700,,
2,2,,0.154695,0.032845,0.281809,0.060727,0.190193,0.096156,0.183576,,685400,,
2,2,,0.182187,0.032845,0.270638,0.063165,0.20016,0.096199,0.154806,,683300,,
2,2,,0.141784,0.089742,0.233991,0.065258,0.176993,0.102138,0.190094,,688700,,
2,2,,0.161784,0.089742,0.253991,0.065258,0.196993,0.102138,0.130094,,697700,,
2,6,,0.191316,0,0.264571,0.014745,0.212131,0.020152,0.297086,,817200,,
2,6,,0.151489,0,0.280049,0.034745,0.21648,0.020152,0.297086,,678600,,
2,2,,0.198982,0,0.32101,0.037183,0.234315,0.020195,0.188316,,680400,,
2,2,,0.187715,0,0.320785,0.036134,0.240592,0.020152,0.194624,,713900,,
2,2,,0.187715,0,0.300785,0.036134,0.240592,0.020152,0.214624,,689300,,
2,2,,0.151489,0,0.300049,0.034745,0.21648,0.020152,0.277086,,687200,,
2,6,,0.191316,0,0.264571,0.014745,0.212131,0.020152,0.297086,,687400,,
2,1,,0.108302,0.394185,0.119534,0.155606,0.080831,0.108646,0.032896,,690100,,
2,2,,0.191489,0,0.300049,0.014745,0.23648,0.020152,0.237086,,684700,,
2,2,,0.156428,0.089742,0.219709,0.06726,0.176478,0.102225,0.188158,,753400,,
2,2,,0.175285,0.011379,0.277277,0.053978,0.188322,0.059098,0.234661,,684900,,
2,2,,0.147587,0.044273,0.255353,0.059258,0.178856,0.093645,0.221028,,774100,,
2,2,,0.167715,0,0.280785,0.036134,0.220592,0.020152,0.274624,,682500,,
2,6,,0.171316,0,0.267361,0.014745,0.22934,0.020152,0.297086,,692900,,
2,2,,0.212257,0,0.309255,0.040631,0.229,0.02054,0.188316,,682600,,
2,2,,0.187715,0,0.300785,0.036134,0.240592,0.020152,0.214624,,681600,,
2,6,,0.191316,0,0.264571,0.014745,0.212131,0.020152,0.297086,,685100,,
2,2,,0.151489,0,0.300049,0.034745,0.21648,0.020152,0.277086,,679600,,
2,2,,0.145041,0.126885,0.244248,0.064535,0.17159,0.126383,0.121319,,685200,,
2,2,,0.187715,0,0.300785,0.036134,0.220592,0.020152,0.234624,,771000,,
2,2,,0.198982,0,0.314944,0.037183,0.240381,0.020195,0.188316,,689800,,
2,6,,0.171316,0,0.247361,0.014745,0.22934,0.020152,0.317086,,679500,,
2,2,,0.191489,0,0.280049,0.034745,0.23648,0.020152,0.237086,,762400,,
2,1,,0.063527,0.431569,0.091975,0.207859,0.045077,0.147734,0.01226,,690800,,
2,2,,0.192257,0,0.289255,0.040631,0.209,0.02054,0.248316,,680700,,
2,2,,0.167587,0.044273,0.281419,0.059258,0.19279,0.093645,0.161028,,680700,,
2,6,,0.151489,0,0.286115,0.034745,0.210414,0.020152,0.297086,,683300,,
2,2,,0.194299,0.022447,0.298797,0.060377,0.212783,0.039183,0.172114,,680500,,
2,2,,0.161609,0.089742,0.251487,0.0621,0.18783,0.117138,0.130094,,689500,,
2,6,,0.19315,0,0.213262,0.017813,0.231863,0.000195,0.343719,,694000,,
2,2,,0.187715,0,0.326851,0.036134,0.234526,0.020152,0.194624,,765200,,
2,2,,0.20099,0,0.315096,0.039582,0.229211,0.020496,0.194624,,728300,,
2,2,,0.212257,0,0.309255,0.040631,0.229,0.02054,0.188316,,690200,,
2,2,,0.137541,0.126885,0.246582,0.063464,0.162827,0.141383,0.121319,,688300,,
2,6,,0.151489,0,0.280049,0.034745,0.21648,0.020152,0.297086,,929300,,
2,6,,0.151489,0,0.280049,0.034745,0.21648,0.020152,0.297086,,691500,,
2,6,,0.151489,0,0.280049,0.034745,0.21648,0.020152,0.297086,,683600,,
2,2,,0.167715,0,0.280785,0.036134,0.220592,0.020152,0.274624,,682300,,
2,6,,0.151489,0,0.280049,0.034745,0.21648,0.020152,0.297086,,684700,,
2,2,,0.187715,0,0.326851,0.036134,0.234526,0.020152,0.194624,,686500,,
2,1,,0.050481,0.463261,0.079871,0.182697,0.032565,0.189833,0.001292,,692700,,
2,6,,0.203182,0,0.205471,0.016741,0.230506,0.000195,0.343906,,679700,,
2,2,,0.167715,0,0.280785,0.036134,0.220592,0.020152,0.274624,,696900,,
2,2,,0.18099,0,0.275096,0.039582,0.209211,0.020496,0.274624,,681600,,
2,6,,0.191316,0,0.264571,0.014745,0.212131,0.020152,0.297086,,764200,,
2,2,,0.152564,0.106885,0.228389,0.087061,0.179615,0.126128,0.119358,,686600,,
2,2,,0.156428,0.089742,0.219709,0.06726,0.176478,0.102225,0.188158,,681700,,
2,2,,0.187715,0,0.300785,0.036134,0.240592,0.020152,0.214624,,682900,,
2,2,,0.20099,0,0.315096,0.039582,0.209211,0.020496,0.214624,,685300,,
2,2,,0.131698,0.118264,0.26415,0.090826,0.155357,0.13093,0.108775,,716900,,
3,1,,0.06815,0.419704,0.073749,0.187981,0.048453,0.18881,0.013153,,686500,,
3,5,,0.069666,0.181098,0.090622,0.12835,0.073271,0.408176,0.048818,,692200,,
3,2,,0.168593,0.106885,0.203311,0.088645,0.180449,0.126426,0.125691,,689500,,
3,5,,0.028176,0.291516,0.056392,0.139329,0.031896,0.432499,0.020191,,719200,,
3,2,,0.168593,0.106885,0.203311,0.088645,0.180449,0.126426,0.125691,,759500,,
3,1,,0.110647,0.391878,0.124474,0.164208,0.089702,0.078474,0.040617,,701900,,
3,5,,0.080976,0.169718,0.092677,0.125649,0.078468,0.403651,0.048861,,692500,,
3,1,,0.10507,0.329915,0.123422,0.157634,0.089005,0.153649,0.041304,,688100,,
3,1,,0.135977,0.287045,0.132029,0.144934,0.098568,0.153692,0.047754,,681300,,
3,1,,0.102552,0.371878,0.099517,0.163515,0.079789,0.153304,0.029445,,707000,,
3,6,,0.214869,0.011355,0.228678,0.041845,0.205054,0.024582,0.273616,,686900,,
3,1,,0.072198,0.428152,0.077994,0.181042,0.05341,0.168897,0.018307,,686000,,
3,1,,0.039827,0.387737,0.041651,0.163734,0.032123,0.325987,0.008941,,687000,,
3,1,,0.102552,0.371878,0.099517,0.163515,0.079789,0.153304,0.029445,,680500,,
3,1,,0.10507,0.369743,0.102905,0.154186,0.089005,0.138304,0.040787,,1021100,,
3,1,,0.127654,0.275915,0.106203,0.142299,0.093436,0.203566,0.050927,,706700,,
3,5,,0.091897,0.256527,0.096813,0.148,0.079347,0.289804,0.037611,,692000,,
3,2,,0.18099,0,0.275096,0.039582,0.209211,0.020496,0.274624,,693400,,
3,1,,0.110647,0.37205,0.124991,0.167656,0.089702,0.093819,0.041134,,691200,,
3,1,,0.074456,0.471251,0.07644,0.180057,0.048498,0.136314,0.012984,,690700,,
3,1,,0.102552,0.35205,0.100034,0.166964,0.079789,0.168649,0.029962,,692700,,
3,5,,0.054027,0.223324,0.076488,0.138138,0.05894,0.406409,0.042673,,692700,,
3,1,,0.073728,0.501666,0.0748,0.174554,0.049151,0.113635,0.012467,,689600,,
3,1,,0.049753,0.473676,0.063232,0.197194,0.033218,0.182153,0.000775,,766400,,
3,2,,0.156428,0.089742,0.219709,0.06726,0.196478,0.102225,0.168158,,896000,,
3,1,,0.107859,0.36081,0.108689,0.159197,0.089354,0.133389,0.040702,,788700,,
3,5,,0.083494,0.147583,0.116065,0.11632,0.087684,0.388651,0.060203,,782600,,
3,1,,0.059378,0.504431,0.069563,0.203726,0.038871,0.117754,0.006276,,781300,,
3,1,,0.053626,0.431077,0.067685,0.193472,0.037954,0.204265,0.01192,,776500,,
3,2,,0.148593,0.106885,0.203311,0.088645,0.180449,0.126426,0.145691,,778200,,
3,1,,0.10507,0.369743,0.102905,0.154186,0.089005,0.138304,0.040787,,785700,,
3,5,,0.114749,0.147497,0.126325,0.110981,0.097687,0.346021,0.05674,,777500,,
3,1,,0.052541,0.504743,0.064016,0.182205,0.033566,0.162238,0.00069,,773200,,
3,2,,0.167384,0.089742,0.205319,0.068304,0.176608,0.102225,0.190419,,860200,,
3,1,,0.102378,0.340658,0.099207,0.163283,0.079569,0.179985,0.034919,,778000,,
3,5,,0.083494,0.147583,0.116065,0.11632,0.087684,0.388651,0.060203,,773900,,
3,1,,0.10507,0.349743,0.107905,0.154186,0.089005,0.153304,0.040787,,772200,,
3,1,,0.077848,0.439392,0.084806,0.190066,0.059444,0.124411,0.024034,,773700,,
3,5,,0.050621,0.225993,0.071154,0.143177,0.052089,0.419243,0.037724,,777000,,
3,5,,0.083494,0.147583,0.101065,0.11632,0.087684,0.403651,0.060203,,773600,,
3,5,,0.080976,0.169718,0.092677,0.125649,0.078468,0.403651,0.048861,,788800,,
3,5,,0.107022,0.147022,0.177874,0.103463,0.11443,0.280773,0.069416,,774600,,
3,1,,0.102552,0.37205,0.095034,0.166964,0.079789,0.153649,0.029962,,839400,,
3,1,,0.049753,0.453848,0.063749,0.200643,0.033218,0.197498,0.001292,,787500,,
3,5,,0.125323,0.191522,0.128808,0.12597,0.098126,0.274847,0.055403,,775400,,
3,2,,0.145216,0.106885,0.190686,0.087693,0.186818,0.161383,0.121319,,777900,,
3,1,,0.056059,0.505396,0.06644,0.192719,0.033262,0.145002,0.001122,,775900,,
3,4,,0.156428,0.109742,0.193643,0.06726,0.202544,0.102225,0.168158,,774600,,
3,5,,0.080976,0.169718,0.092677,0.125649,0.078468,0.403651,0.048861,,787300,,
3,1,,0.056059,0.485396,0.06644,0.212719,0.033262,0.145002,0.001122,,759400,,
3,5,,0.032224,0.260137,0.061154,0.155839,0.036853,0.42793,0.025862,,765300,,
3,1,,0.05533,0.495983,0.065318,0.210665,0.033915,0.137667,0.001122,,683100,,
3,2,,0.148593,0.106885,0.243311,0.088645,0.160449,0.126426,0.125691,,683100,,
3,1,,0.05533,0.535811,0.064801,0.187216,0.033915,0.122323,0.000605,,682600,,
3,5,,0.083494,0.147583,0.116065,0.11632,0.087684,0.388651,0.060203,,683700,,
3,5,,0.129727,0.124269,0.199055,0.100673,0.136173,0.227935,0.082169,,712100,,
3,5,,0.083494,0.167411,0.115548,0.112872,0.087684,0.373306,0.059686,,686200,,
3,5,,0.028176,0.291516,0.056392,0.139329,0.031896,0.432499,0.020191,,684100,,
3,1,,0.107859,0.340983,0.124207,0.162645,0.089354,0.133734,0.041219,,685200,,
3,1,,0.046883,0.45111,0.041709,0.188209,0.032867,0.232049,0.007172,,683000,,
3,1,,0.044675,0.400288,0.06158,0.188253,0.033473,0.263477,0.008254,,761800,,
3,2,,0.169285,0.106885,0.206982,0.082325,0.183881,0.119367,0.131275,,679000,,
3,1,,0.073728,0.461839,0.075317,0.198002,0.049151,0.12898,0.012984,,679100,,
3,5,,0.080976,0.169718,0.092677,0.125649,0.078468,0.403651,0.048861,,683900,,
3,5,,0.022599,0.269381,0.054823,0.129307,0.031199,0.47233,0.020361,,697100,,
3,1,,0.072198,0.448152,0.057994,0.181042,0.05341,0.168897,0.018307,,721000,,
4,6,,0.194834,0,0.202514,0.016567,0.242506,0.000195,0.343384,,682600,,
4,4,,0.176428,0.095456,0.198643,0.081546,0.222544,0.097225,0.128158,,683200,,
4,4,,0.176428,0.089742,0.213643,0.06726,0.222544,0.102225,0.128158,,684800,,
4,2,,0.169285,0.106885,0.206982,0.082325,0.163881,0.119367,0.151275,,682900,,
4,2,,0.202777,0.011379,0.292172,0.056416,0.212223,0.059142,0.165891,,736300,,
4,6,,0.182193,0,0.221586,0.016769,0.237799,0.020195,0.321458,,719100,,
4,4,,0.176428,0.089742,0.213643,0.06726,0.222544,0.102225,0.128158,,691200,,
4,6,,0.171316,0,0.247361,0.014745,0.22934,0.000152,0.337086,,685700,,
4,6,,0.194834,0,0.202514,0.016567,0.242506,0.000195,0.343384,,683500,,
4,2,,0.176428,0.089742,0.239709,0.06726,0.196478,0.102225,0.128158,,691800,,
4,2,,0.167715,0,0.286851,0.036134,0.214526,0.020152,0.274624,,685300,,
4,2,,0.168593,0.126885,0.203311,0.088645,0.160449,0.126426,0.125691,,685000,,
4,4,,0.129912,0.166719,0.144792,0.100805,0.170499,0.169684,0.117591,,684800,,
4,6,,0.194834,0,0.202514,0.016567,0.242506,0.000195,0.343384,,683600,,
4,6,,0.202193,0,0.218795,0.016769,0.22059,0.020195,0.321458,,679900,,
4,2,,0.15626,0.078338,0.224744,0.05974,0.179021,0.092732,0.209166,,724500,,
4,4,,0.176428,0.089742,0.213643,0.06726,0.222544,0.102225,0.128158,,732500,,
4,2,,0.192876,0.089742,0.21958,0.06315,0.193685,0.117181,0.123786,,680500,,
4,2,,0.167715,0,0.280785,0.036134,0.220592,0.020152,0.274624,,680000,,
4,6,,0.187542,0,0.265306,0.036134,0.216243,0.020152,0.274624,,679700,,
4,2,,0.191316,0,0.284571,0.014745,0.212131,0.020152,0.277086,,683200,,
4,2,,0.169687,0.032845,0.23937,0.064236,0.182857,0.096199,0.214806,,708800,,
4,6,,0.191316,0,0.264571,0.014745,0.212131,0.020152,0.297086,,681300,,
4,6,,0.194834,0,0.202514,0.016567,0.242506,0.000195,0.343384,,681300,,
4,4,,0.173051,0.089742,0.207084,0.066308,0.222847,0.117181,0.123786,,684400,,
4,4,,0.176428,0.109742,0.198643,0.06726,0.222544,0.097225,0.128158,,684700,,
4,2,,0.17626,0.078338,0.244744,0.05974,0.199021,0.092732,0.149166,,761900,,
4,4,,0.169285,0.106885,0.200916,0.082325,0.209947,0.119367,0.111275,,682900,,
4,6,,0.194834,0,0.202514,0.016567,0.242506,0.000195,0.343384,,684800,,
4,2,,0.189285,0.106885,0.200916,0.082325,0.189947,0.119367,0.111275,,685400,,
4,2,,0.169285,0.106885,0.226982,0.082325,0.183881,0.119367,0.111275,,682500,,
4,5,,0.110983,0.167022,0.145094,0.103658,0.136669,0.259502,0.077072,,682300,,
4,4,,0.168593,0.126885,0.177244,0.088645,0.206515,0.126426,0.105691,,709700,,
4,2,,0.195265,0.07498,0.254872,0.074258,0.20962,0.036369,0.154637,,681400,,
4,2,,0.169687,0.032845,0.23937,0.064236,0.182857,0.096199,0.214806,,683200,,
4,2,,0.176428,0.089742,0.239709,0.06726,0.196478,0.102225,0.128158,,684200,,
4,2,,0.187765,0.07498,0.272206,0.073186,0.200857,0.036369,0.154637,,754200,,
4,2,,0.182005,0.131877,0.220211,0.077282,0.203242,0.057394,0.127989,,683100,,
4,2,,0.205566,0.042447,0.28689,0.061426,0.218638,0.019227,0.165806,,676600,,
4,2,,0.145376,0.089742,0.24298,0.062078,0.158856,0.097181,0.203786,,677900,,
4,6,,0.184989,0,0.22062,0.037639,0.233174,0.020195,0.303384,,688300,,
4,2,,0.177177,0.031379,0.236276,0.057197,0.213284,0.058797,0.225891,,682800,,
4,4,,0.171894,0.106885,0.189635,0.083195,0.21601,0.119367,0.113014,,737400,,
4,4,,0.176428,0.089742,0.213643,0.06726,0.222544,0.102225,0.128158,,685600,,
4,4,,0.149912,0.166719,0.164792,0.100805,0.170499,0.149684,0.097591,,685200,,
4,6,,0.191316,0,0.264571,0.014745,0.212131,0.020152,0.297086,,682900,,
4,6,,0.151489,0,0.280049,0.034745,0.21648,0.020152,0.297086,,763400,,
4,6,,0.194834,0,0.202514,0.016567,0.242506,0.000195,0.343384,,682700,,
4,5,,0.12326,0.188854,0.131187,0.109636,0.156088,0.208243,0.082733,,682600,,
4,6,,0.194834,0,0.202514,0.016567,0.242506,0.000195,0.343384,,682500,,
4,2,,0.19544,0.07498,0.242376,0.077416,0.218782,0.036369,0.154637,,684000,,
4,2,,0.181837,0.120473,0.246312,0.069761,0.199718,0.032902,0.148996,,680600,,
4,2,,0.185221,0.109118,0.251476,0.066239,0.205055,0.028514,0.154376,,681500,,
4,6,,0.187542,0,0.265306,0.036134,0.216243,0.020152,0.274624,,677200,,
4,2,,0.193051,0.089742,0.233151,0.066308,0.176781,0.117181,0.123786,,683500,,
4,5,,0.1241,0.124312,0.193925,0.103342,0.131171,0.239249,0.083901,,682200,,
4,2,,0.182005,0.131877,0.226278,0.077282,0.197175,0.037394,0.147989,,682400,,
4,6,,0.194834,0,0.202514,0.016567,0.242506,0.000195,0.343384,,760700,,
4,6,,0.171316,0,0.247361,0.014745,0.22934,0.020152,0.317086,,682000,,
4,6,,0.191316,0,0.264571,0.014745,0.212131,0.020152,0.297086,,686400,,
4,2,,0.189285,0.106885,0.200916,0.082325,0.189947,0.119367,0.111275,,690700,,
4,2,,0.149285,0.106885,0.226982,0.082325,0.163881,0.119367,0.151275,,692300,,
4,2,,0.188593,0.106885,0.197244,0.088645,0.186515,0.126426,0.105691,,691100,,
4,2,,0.181837,0.120473,0.246312,0.069761,0.199718,0.032902,0.148996,,678800,,
4,4,,0.179037,0.089742,0.202362,0.06813,0.228608,0.102225,0.129897,,682900,,
4,6,,0.178816,0,0.230027,0.015817,0.238103,0.000152,0.337086,,711200,,
5,5,,0.04095,0.181362,0.074187,0.130494,0.048065,0.461584,0.06336,,695200,,
5,5,,0.041679,0.170774,0.075309,0.132548,0.047412,0.468919,0.063359,,831300,,
5,5,,0.012342,0.216335,0.053259,0.141598,0.020148,0.510317,0.046001,,687700,,
5,5,,0.030185,0.204169,0.062962,0.130562,0.036256,0.482958,0.052906,,687000,,
5,5,,0.075398,0.147583,0.091108,0.115628,0.077771,0.443481,0.049031,,686300,,
5,5,,0.04095,0.181362,0.074187,0.130494,0.048065,0.461584,0.06336,,692100,,
5,5,,0.045026,0.159395,0.076355,0.135625,0.048934,0.471219,0.063446,,714100,,
5,5,,0.075398,0.147583,0.091108,0.115628,0.077771,0.443481,0.049031,,679000,,
5,5,,0.083494,0.147583,0.116065,0.11632,0.087684,0.388651,0.060203,,684800,,
5,5,,0.103483,0.167022,0.143844,0.102586,0.106491,0.259502,0.117072,,707500,,
5,5,,0.067898,0.147583,0.089858,0.114556,0.067592,0.443481,0.069031,,680000,,
5,5,,0.067898,0.147583,0.089858,0.114556,0.067592,0.443481,0.069031,,754300,,
5,5,,0.123169,0.146891,0.159918,0.102885,0.130695,0.203588,0.132853,,692100,,
5,5,,0.075398,0.147583,0.091108,0.115628,0.077771,0.443481,0.049031,,686200,,
5,5,,0.083494,0.147583,0.116065,0.11632,0.087684,0.388651,0.060203,,695100,,
5,5,,0.067898,0.147583,0.089858,0.114556,0.067592,0.443481,0.069031,,693800,,
5,5,,0.067898,0.147583,0.089858,0.114556,0.067592,0.443481,0.069031,,687200,,
5,5,,0.011614,0.226922,0.052136,0.139544,0.020801,0.502982,0.046002,,678700,,
5,5,,0.04845,0.201189,0.07492,0.128117,0.058243,0.446239,0.042842,,682600,,
5,5,,0.034961,0.182203,0.068848,0.129127,0.040561,0.485724,0.058577,,681700,,
5,5,,0.075398,0.147583,0.091108,0.115628,0.077771,0.443481,0.049031,,681800,,
5,5,,0.075398,0.167411,0.090591,0.112179,0.077771,0.428136,0.048514,,907000,,
5,5,,0.067898,0.167411,0.089341,0.111108,0.067592,0.428136,0.068514,,705000,,
5,5,,0.122887,0.167022,0.135137,0.102965,0.106756,0.299333,0.0659,,698700,,
5,5,,0.067898,0.147583,0.089858,0.114556,0.067592,0.443481,0.069031,,693100,,
5,5,,0.067898,0.147583,0.089858,0.114556,0.067592,0.443481,0.069031,,708800,,
5,5,,0.103483,0.147194,0.144361,0.106035,0.106491,0.274847,0.11759,,692800,,
5,5,,0.083494,0.147583,0.116065,0.11632,0.087684,0.388651,0.060203,,680400,,
5,5,,0.067898,0.147583,0.089858,0.114556,0.067592,0.443481,0.069031,,691200,,
5,5,,0.04095,0.181362,0.074187,0.130494,0.048065,0.461584,0.06336,,693100,,
5,5,,0.067898,0.147583,0.089858,0.114556,0.067592,0.443481,0.069031,,711400,,
5,5,,0.056588,0.17879,0.087286,0.113809,0.062395,0.432661,0.06847,,756100,,
5,5,,0.037685,0.204169,0.064212,0.131634,0.046435,0.482958,0.032906,,696600,,
5,5,,0.011614,0.226922,0.052136,0.139544,0.020801,0.502982,0.046002,,699000,,
5,5,,0.083494,0.147583,0.116065,0.11632,0.087684,0.388651,0.060203,,686500,,
5,5,,0.075398,0.147583,0.091108,0.115628,0.077771,0.443481,0.049031,,700400,,
5,5,,0.067898,0.147583,0.089858,0.114556,0.067592,0.443481,0.069031,,700300,,
5,5,,0.11134,0.147194,0.129426,0.104996,0.091621,0.334593,0.080831,,682000,,
5,5,,0.011614,0.246922,0.052136,0.119544,0.020801,0.502982,0.046002,,701900,,
5,5,,0.04845,0.201189,0.07492,0.128117,0.058243,0.446239,0.042842,,692700,,
5,5,,0.067898,0.147583,0.089858,0.114556,0.067592,0.443481,0.069031,,772900,,
5,5,,0.045117,0.19279,0.074311,0.128708,0.056728,0.459073,0.043273,,694700,,
5,5,,0.075398,0.147583,0.091108,0.115628,0.077771,0.443481,0.049031,,690700,,
5,5,,0.107249,0.147497,0.125075,0.109909,0.087508,0.346021,0.07674,,742500,,
5,5,,0.083494,0.147583,0.116065,0.11632,0.087684,0.388651,0.060203,,688500,,
5,5,,0.067898,0.147583,0.089858,0.114556,0.067592,0.443481,0.069031,,701600,,
5,5,,0.012342,0.216335,0.053259,0.141598,0.020148,0.510317,0.046001,,704800,,
5,5,,0.037617,0.19279,0.073061,0.127636,0.046549,0.459073,0.063273,,693600,,
5,5,,0.123483,0.147194,0.144361,0.106035,0.106491,0.274847,0.09759,,698900,,
5,5,,0.012342,0.216335,0.053259,0.141598,0.020148,0.510317,0.046001,,695600,,
5,5,,0.011614,0.226922,0.052136,0.139544,0.020801,0.502982,0.046002,,790300,,
5,5,,0.011614,0.226922,0.052136,0.139544,0.020801,0.502982,0.046002,,687000,,
5,5,,0.083494,0.147583,0.116065,0.11632,0.087684,0.388651,0.060203,,704800,,
5,5,,0.019114,0.226922,0.053386,0.140615,0.030979,0.502982,0.026002,,692100,,
5,5,,0.045117,0.19279,0.074311,0.128708,0.056728,0.459073,0.043273,,685900,,
5,5,,0.075398,0.167411,0.090591,0.112179,0.077771,0.428136,0.048514,,692500,,
5,5,,0.012342,0.216335,0.053259,0.141598,0.020148,0.510317,0.046001,,696700,,
5,5,,0.011614,0.226922,0.052136,0.139544,0.020801,0.502982,0.046002,,695300,,
5,5,,0.034961,0.182203,0.068848,0.129127,0.040561,0.485724,0.058577,,680100,,
5,5,,0.123483,0.147194,0.144361,0.106035,0.106491,0.274847,0.09759,,693200,,
5,5,,0.067898,0.147583,0.089858,0.114556,0.067592,0.443481,0.069031,,773700,,
5,5,,0.011614,0.226922,0.052136,0.139544,0.020801,0.502982,0.046002,,683900,,
5,5,,0.067898,0.147583,0.089858,0.114556,0.067592,0.443481,0.069031,,696800,,
5,5,,0.123483,0.147194,0.144361,0.106035,0.106491,0.274847,0.09759,,698200,,
5,5,,0.012342,0.216335,0.053259,0.141598,0.020148,0.510317,0.046001,,689100,,
5,5,,0.067898,0.147583,0.089858,0.114556,0.067592,0.443481,0.069031,,699500,,
6,6,,0.123306,0.089742,0.176332,0.06745,0.160482,0.103985,0.278703,,874700,,
6,6,,0.12126,0.089742,0.185582,0.060593,0.148715,0.097181,0.296928,,697900,,
6,6,,0.14653,0.042759,0.209511,0.043058,0.187144,0.029031,0.341968,,691800,,
6,6,,0.12126,0.089742,0.185582,0.060593,0.148715,0.097181,0.296928,,738800,,
6,6,,0.151493,0.011355,0.214674,0.039648,0.192656,0.024582,0.365593,,732800,,
6,6,,0.132051,0.12114,0.169788,0.073513,0.141632,0.124665,0.23721,,690300,,
6,6,,0.112051,0.10114,0.166243,0.073513,0.150178,0.119665,0.27721,,683500,,
6,6,,0.130339,0.076848,0.196223,0.053681,0.161251,0.06229,0.319368,,723600,,
6,6,,0.104551,0.10114,0.171059,0.072442,0.133933,0.119665,0.29721,,693600,,
6,6,,0.12876,0.089742,0.186832,0.061664,0.158893,0.097181,0.276928,,686000,,
6,6,,0.12126,0.089742,0.185582,0.060593,0.148715,0.097181,0.296928,,703900,,
6,6,,0.123868,0.089742,0.168235,0.061462,0.160844,0.097181,0.298668,,685500,,
6,6,,0.114659,0.10114,0.154962,0.074383,0.156241,0.119665,0.278949,,682400,,
6,6,,0.130339,0.076848,0.190157,0.053681,0.167317,0.06229,0.319368,,685400,,
6,6,,0.151493,0.011355,0.214674,0.039648,0.192656,0.024582,0.365593,,756300,,
6,6,,0.132216,0.089742,0.171191,0.061636,0.148844,0.097181,0.299189,,690000,,
6,6,,0.112051,0.10114,0.172309,0.073513,0.144112,0.119665,0.27721,,684000,,
6,6,,0.11957,0.138307,0.154013,0.080874,0.125856,0.170739,0.21064,,686300,,
6,6,,0.151493,0.011355,0.22074,0.039648,0.18659,0.024582,0.365593,,680300,,
6,6,,0.12126,0.089742,0.179515,0.060593,0.154781,0.097181,0.296928,,678000,,
6,6,,0.112051,0.12114,0.169788,0.093513,0.141632,0.124665,0.23721,,716700,,
6,6,,0.118415,0.089742,0.178801,0.067248,0.156367,0.108985,0.280442,,684100,,
6,6,,0.14653,0.042759,0.209511,0.043058,0.187144,0.029031,0.341968,,681600,,
6,6,,0.151493,0.011355,0.22074,0.039648,0.18659,0.024582,0.365593,,721700,,
6,6,,0.161123,0.076848,0.181833,0.054725,0.161553,0.06229,0.301629,,687200,,
6,6,,0.12126,0.089742,0.185582,0.060593,0.148715,0.097181,0.296928,,837600,,
6,6,,0.130339,0.076848,0.190157,0.053681,0.167317,0.06229,0.319368,,688000,,
6,6,,0.155383,0.011355,0.198662,0.04626,0.19416,0.031537,0.362643,,688200,,
6,6,,0.14653,0.042759,0.215577,0.043058,0.181078,0.029031,0.341968,,720000,,
6,6,,0.134659,0.10114,0.154962,0.074383,0.156241,0.119665,0.258949,,682100,,
6,6,,0.104551,0.10114,0.171059,0.072442,0.133933,0.119665,0.29721,,682600,,
6,6,,0.132216,0.089742,0.171191,0.061636,0.148844,0.097181,0.299189,,695600,,
6,6,,0.148116,0.011355,0.229182,0.038696,0.186893,0.024539,0.36122,,684000,,
6,6,,0.126249,0.132562,0.164091,0.073628,0.135805,0.133723,0.233942,,688400,,
6,6,,0.144732,0.022759,0.217952,0.042106,0.187622,0.028988,0.355841,,681000,,
6,6,,0.130999,0.126842,0.164841,0.07809,0.136685,0.130367,0.232176,,688600,,
6,6,,0.112051,0.10114,0.181243,0.073513,0.150178,0.124665,0.25721,,765300,,
6,6,,0.107159,0.10114,0.153712,0.073311,0.146063,0.119665,0.298949,,689000,,
6,6,,0.139892,0.089742,0.175424,0.065866,0.172707,0.097181,0.259189,,695300,,
6,6,,0.12126,0.089742,0.185582,0.060593,0.148715,0.097181,0.296928,,690200,,
6,6,,0.12126,0.089742,0.179515,0.060593,0.154781,0.097181,0.296928,,683300,,
6,6,,0.12126,0.089742,0.185582,0.060593,0.148715,0.097181,0.296928,,686200,,
6,6,,0.124723,0.101312,0.156987,0.074511,0.131799,0.129838,0.280831,,688500,,
6,6,,0.131368,0.089742,0.169485,0.062534,0.171022,0.097181,0.278668,,688000,,
6,6,,0.115806,0.089742,0.175082,0.066378,0.150304,0.103985,0.298703,,687600,,
6,6,,0.143007,0.10114,0.157919,0.074557,0.144241,0.119665,0.259471,,685000,,
6,6,,0.12126,0.089742,0.185582,0.060593,0.148715,0.097181,0.296928,,820800,,
6,6,,0.131368,0.089742,0.169485,0.062534,0.171022,0.097181,0.278668,,692500,,
6,6,,0.132216,0.089742,0.171191,0.061636,0.148844,0.097181,0.299189,,688300,,
6,6,,0.149397,0.011355,0.218384,0.044438,0.1884,0.031493,0.356532,,679700,,
6,6,,0.124723,0.101312,0.171987,0.074511,0.131799,0.134838,0.260831,,722500,,
6,6,,0.151493,0.011355,0.22074,0.039648,0.18659,0.024582,0.365593,,681900,,
6,6,,0.1515,0,0.22828,0.035174,0.198295,0.020152,0.3666,,682800,,
6,6,,0.148116,0.011355,0.229182,0.038696,0.186893,0.024539,0.36122,,684800,,
6,6,,0.132216,0.089742,0.171191,0.061636,0.148844,0.097181,0.299189,,696900,,
6,6,,0.104551,0.10114,0.171059,0.072442,0.133933,0.119665,0.29721,,694700,,
6,6,,0.104723,0.101312,0.171987,0.074511,0.131799,0.134838,0.280831,,775200,,
6,6,,0.132216,0.089742,0.171191,0.061636,0.148844,0.097181,0.299189,,690300,,
6,6,,0.104551,0.10114,0.171059,0.072442,0.133933,0.119665,0.29721,,687500,,
6,6,,0.112051,0.10114,0.181243,0.073513,0.150178,0.124665,0.25721,,685600,,
6,6,,0.115806,0.089742,0.181148,0.066378,0.144238,0.103985,0.298703,,689100,,
6,6,,0.143007,0.10114,0.157919,0.074557,0.144241,0.119665,0.259471,,709900,,
6,6,,0.12876,0.089742,0.180765,0.061664,0.164959,0.097181,0.276928,,679300,,
6,6,,0.12126,0.089742,0.179515,0.060593,0.154781,0.097181,0.296928,,687100,,
6,6,,0.132216,0.089742,0.171191,0.061636,0.148844,0.097181,0.299189,,687800,,
6,6,,0.104551,0.10114,0.171059,0.072442,0.133933,0.119665,0.29721,,681500,,