statlog-image,CWE,test,0,NANOSECONDS,PREDICTIONS, Generated by ClassifierExperiments.java on 2022-05-16 22:36:14.    SYSTEMPROPERTIES:{user.name:matth,os.arch:amd64,os.name:Windows 10},ENDSYSTEMPROPERTIES
No parameter info
0.474025974025974,265400400,337442600,-1,0,7,,-1,-1
0,2,,0.156387,0.054586,0.19729,0.069439,0.193837,0.186676,0.141785,,814500,,
0,1,,0.132135,0.246323,0.18557,0.121871,0.096858,0.135605,0.081638,,783000,,
0,2,,0.162019,0.000355,0.253037,0.043285,0.236318,0.056,0.248986,,700400,,
0,6,,0.158628,0.000355,0.227711,0.042633,0.231035,0.075319,0.264319,,715600,,
0,6,,0.156573,0.00057,0.222557,0.047196,0.226658,0.086698,0.259748,,682800,,
0,6,,0.158628,0.000355,0.207711,0.042633,0.251035,0.075319,0.264319,,867000,,
0,6,,0.156573,0.00057,0.222557,0.047196,0.226658,0.086698,0.259748,,814300,,
0,2,,0.156387,0.054586,0.19729,0.069439,0.193837,0.186676,0.141785,,892200,,
0,6,,0.158628,0.000355,0.207711,0.042633,0.231035,0.075319,0.284319,,698700,,
0,6,,0.156573,0.00057,0.202557,0.047196,0.246658,0.086698,0.259748,,688800,,
0,1,,0.111734,0.274704,0.146509,0.138238,0.09769,0.157205,0.07392,,704600,,
0,5,,0.124533,0.156456,0.164633,0.094673,0.120123,0.235745,0.103837,,687800,,
0,2,,0.175251,0.11144,0.188919,0.073049,0.139999,0.179866,0.131477,,695900,,
0,2,,0.176387,0.054586,0.19479,0.064439,0.173837,0.194176,0.141785,,686800,,
0,5,,0.155251,0.09144,0.170586,0.073049,0.158333,0.219866,0.131477,,685500,,
0,5,,0.151932,0.080276,0.169939,0.068178,0.178333,0.219185,0.132158,,684000,,
0,6,,0.156573,0.00057,0.202557,0.047196,0.246658,0.086698,0.259748,,686500,,
0,6,,0.162019,0.000355,0.213037,0.043285,0.236318,0.056,0.288986,,687200,,
0,2,,0.188062,0.153123,0.20054,0.088165,0.17536,0.069486,0.125264,,839300,,
0,6,,0.156573,0.00057,0.202557,0.047196,0.246658,0.086698,0.259748,,690900,,
0,1,,0.132135,0.246323,0.16557,0.121871,0.116858,0.135605,0.081638,,688100,,
0,6,,0.158628,0.000355,0.187711,0.042633,0.251035,0.075319,0.284319,,684200,,
0,5,,0.155251,0.09144,0.170586,0.073049,0.158333,0.219866,0.131477,,683900,,
0,2,,0.188062,0.173123,0.204265,0.088165,0.151636,0.069486,0.125264,,687200,,
0,6,,0.156573,0.00057,0.222557,0.047196,0.226658,0.086698,0.259748,,684100,,
0,5,,0.175251,0.09144,0.170586,0.073049,0.158333,0.199866,0.131477,,686500,,
0,1,,0.115807,0.303374,0.151321,0.134766,0.102479,0.112656,0.079597,,688200,,
0,1,,0.188062,0.213123,0.204265,0.088165,0.151636,0.029486,0.125264,,717700,,
0,2,,0.188062,0.173123,0.204265,0.088165,0.151636,0.069486,0.125264,,859000,,
0,6,,0.158628,0.000355,0.207711,0.042633,0.251035,0.075319,0.264319,,690300,,
0,6,,0.158628,0.000355,0.207711,0.042633,0.231035,0.075319,0.284319,,682600,,
0,1,,0.159672,0.252499,0.200217,0.110798,0.112212,0.066592,0.098011,,689300,,
0,4,,0.156387,0.054586,0.182682,0.069439,0.188445,0.186676,0.161785,,683100,,
0,1,,0.135446,0.274993,0.186532,0.124632,0.098732,0.09794,0.081725,,687600,,
0,4,,0.167155,0.078911,0.20006,0.08351,0.214059,0.115978,0.140328,,689500,,
0,5,,0.155251,0.11144,0.170586,0.073049,0.158333,0.199866,0.131477,,684200,,
0,1,,0.132135,0.246323,0.16557,0.121871,0.116858,0.135605,0.081638,,686200,,
0,2,,0.188062,0.173123,0.20054,0.088165,0.17536,0.049486,0.125264,,686700,,
0,6,,0.156573,0.00057,0.222557,0.047196,0.226658,0.086698,0.259748,,816000,,
0,6,,0.156573,0.00057,0.222557,0.047196,0.226658,0.086698,0.259748,,686700,,
0,1,,0.132135,0.246323,0.18557,0.121871,0.096858,0.135605,0.081638,,691100,,
0,4,,0.156387,0.054586,0.182682,0.069439,0.188445,0.186676,0.161785,,686600,,
0,6,,0.156573,0.00057,0.222557,0.047196,0.226658,0.086698,0.259748,,688300,,
0,4,,0.162019,0.000355,0.233037,0.043285,0.256318,0.056,0.248986,,691600,,
0,6,,0.156573,0.00057,0.222557,0.047196,0.226658,0.086698,0.259748,,684300,,
0,6,,0.156573,0.00057,0.222557,0.047196,0.226658,0.086698,0.259748,,684100,,
0,0,,0.179967,0.133494,0.171884,0.077476,0.157991,0.148486,0.130701,,686800,,
0,6,,0.158628,0.000355,0.207711,0.042633,0.231035,0.075319,0.284319,,684300,,
0,2,,0.176387,0.074586,0.19479,0.064439,0.173837,0.174176,0.141785,,1309600,,
0,1,,0.131734,0.274704,0.126509,0.138238,0.09769,0.157205,0.07392,,968100,,
0,1,,0.111734,0.274704,0.166509,0.138238,0.07769,0.157205,0.07392,,706100,,
0,6,,0.158628,0.000355,0.227711,0.042633,0.231035,0.075319,0.264319,,697200,,
0,6,,0.156387,0.034586,0.160182,0.064439,0.188445,0.174176,0.221785,,688200,,
0,2,,0.158628,0.000355,0.247711,0.042633,0.231035,0.075319,0.244319,,710400,,
0,6,,0.156573,0.00057,0.202557,0.047196,0.246658,0.086698,0.259748,,719600,,
0,6,,0.158628,0.000355,0.207711,0.042633,0.251035,0.075319,0.264319,,682900,,
0,5,,0.142997,0.091692,0.154575,0.077429,0.127493,0.270601,0.135213,,688000,,
0,5,,0.175251,0.09144,0.170586,0.073049,0.158333,0.199866,0.131477,,686800,,
0,6,,0.158628,0.000355,0.207711,0.042633,0.251035,0.075319,0.264319,,753300,,
0,6,,0.156573,0.00057,0.222557,0.047196,0.226658,0.086698,0.259748,,691600,,
0,4,,0.158628,0.000355,0.227711,0.042633,0.251035,0.075319,0.244319,,685600,,
0,1,,0.131734,0.274704,0.126509,0.138238,0.09769,0.157205,0.07392,,689300,,
0,2,,0.155251,0.09144,0.185194,0.073049,0.183724,0.179866,0.131477,,686300,,
0,1,,0.135446,0.234993,0.186532,0.124632,0.098732,0.13794,0.081725,,685100,,
0,6,,0.156573,0.00057,0.222557,0.047196,0.226658,0.086698,0.259748,,688500,,
0,2,,0.158628,0.000355,0.247711,0.042633,0.231035,0.075319,0.244319,,686800,,
1,1,,0.043003,0.61213,0.020768,0.172136,0.010445,0.133444,0.008075,,689100,,
1,1,,0.04768,0.526872,0.022568,0.159686,0.013452,0.202599,0.027143,,689000,,
1,1,,0.043003,0.57213,0.020768,0.212136,0.010445,0.113444,0.028075,,743800,,
1,1,,0.043003,0.57213,0.020768,0.172136,0.010445,0.173444,0.008075,,687200,,
1,1,,0.043003,0.61213,0.020768,0.172136,0.010445,0.113444,0.028075,,691200,,
1,1,,0.043003,0.561062,0.0217,0.208519,0.016599,0.108607,0.04051,,700800,,
1,1,,0.043003,0.63213,0.020768,0.172136,0.010445,0.113444,0.008075,,716200,,
1,1,,0.043003,0.63213,0.020768,0.172136,0.010445,0.113444,0.008075,,690400,,
1,1,,0.043003,0.61213,0.020768,0.172136,0.010445,0.133444,0.008075,,682200,,
1,1,,0.043003,0.61213,0.020768,0.172136,0.010445,0.133444,0.008075,,684900,,
1,1,,0.043003,0.61213,0.020768,0.172136,0.010445,0.133444,0.008075,,729900,,
1,1,,0.043003,0.63213,0.020768,0.172136,0.010445,0.113444,0.008075,,684500,,
1,1,,0.043003,0.61213,0.020768,0.192136,0.010445,0.113444,0.008075,,744100,,
1,1,,0.043003,0.61213,0.020768,0.172136,0.010445,0.133444,0.008075,,708900,,
1,1,,0.043003,0.61213,0.020768,0.172136,0.010445,0.113444,0.028075,,685100,,
1,1,,0.043003,0.57213,0.020768,0.172136,0.010445,0.173444,0.008075,,686000,,
1,1,,0.043003,0.57213,0.020768,0.172136,0.010445,0.173444,0.008075,,683500,,
1,1,,0.043003,0.61213,0.020768,0.172136,0.010445,0.113444,0.028075,,687100,,
1,1,,0.043003,0.61213,0.020768,0.172136,0.010445,0.113444,0.028075,,687200,,
1,1,,0.043003,0.61213,0.020768,0.172136,0.010445,0.113444,0.028075,,684500,,
1,1,,0.043003,0.59213,0.020768,0.192136,0.010445,0.113444,0.028075,,685900,,
1,1,,0.043003,0.61213,0.020768,0.172136,0.010445,0.133444,0.008075,,701300,,
1,1,,0.043003,0.59213,0.020768,0.192136,0.010445,0.113444,0.028075,,734300,,
1,1,,0.043003,0.55213,0.020768,0.192136,0.010445,0.173444,0.008075,,685200,,
1,1,,0.043003,0.63213,0.020768,0.172136,0.010445,0.113444,0.008075,,694400,,
1,1,,0.043003,0.61213,0.020768,0.172136,0.010445,0.133444,0.008075,,685800,,
1,1,,0.043003,0.59213,0.020768,0.192136,0.010445,0.113444,0.028075,,689900,,
1,1,,0.043003,0.57213,0.020768,0.172136,0.010445,0.153444,0.028075,,683100,,
1,1,,0.043003,0.61213,0.020768,0.172136,0.010445,0.113444,0.028075,,704200,,
1,1,,0.043003,0.61213,0.020768,0.172136,0.010445,0.113444,0.028075,,694600,,
1,1,,0.031328,0.473593,0.015018,0.16841,0.008922,0.258134,0.044596,,688800,,
1,1,,0.021956,0.420159,0.012901,0.133896,0.008358,0.356772,0.045957,,717400,,
1,1,,0.043003,0.61213,0.020768,0.172136,0.010445,0.113444,0.028075,,757800,,
1,1,,0.043003,0.55213,0.020768,0.212136,0.010445,0.133444,0.028075,,690300,,
1,1,,0.043003,0.61213,0.020768,0.172136,0.010445,0.113444,0.028075,,722500,,
1,1,,0.043003,0.61213,0.020768,0.172136,0.010445,0.113444,0.028075,,693400,,
1,1,,0.036912,0.482547,0.019799,0.145616,0.013229,0.273297,0.0286,,686600,,
1,1,,0.043003,0.61213,0.020768,0.172136,0.010445,0.133444,0.008075,,682500,,
1,1,,0.043003,0.61213,0.020768,0.172136,0.010445,0.133444,0.008075,,701500,,
1,1,,0.043003,0.57213,0.029339,0.172136,0.010445,0.144873,0.028075,,689400,,
1,1,,0.043003,0.61213,0.020768,0.172136,0.010445,0.133444,0.008075,,689400,,
1,1,,0.043003,0.61213,0.020768,0.172136,0.010445,0.113444,0.028075,,689400,,
1,1,,0.043003,0.53213,0.020768,0.192136,0.010445,0.173444,0.028075,,747900,,
1,1,,0.043003,0.59213,0.020768,0.192136,0.010445,0.113444,0.028075,,689000,,
1,1,,0.043003,0.61213,0.020768,0.172136,0.010445,0.133444,0.008075,,685600,,
1,1,,0.043003,0.61213,0.020768,0.172136,0.010445,0.133444,0.008075,,680600,,
1,1,,0.043003,0.61213,0.020768,0.172136,0.010445,0.133444,0.008075,,695200,,
1,1,,0.043003,0.59213,0.020768,0.172136,0.010445,0.153444,0.008075,,692000,,
1,1,,0.031328,0.473593,0.015018,0.16841,0.008922,0.278134,0.024596,,688800,,
1,1,,0.043003,0.61213,0.020768,0.172136,0.010445,0.113444,0.028075,,683800,,
1,1,,0.043003,0.61213,0.020768,0.172136,0.010445,0.133444,0.008075,,707900,,
1,1,,0.043003,0.61213,0.020768,0.172136,0.010445,0.113444,0.028075,,708900,,
1,1,,0.043003,0.61213,0.020768,0.172136,0.010445,0.133444,0.008075,,750300,,
1,1,,0.043003,0.59213,0.020768,0.172136,0.010445,0.153444,0.008075,,720300,,
1,1,,0.036044,0.515648,0.016317,0.152837,0.008581,0.246755,0.02382,,684100,,
1,1,,0.043003,0.61213,0.020768,0.172136,0.010445,0.133444,0.008075,,684700,,
1,1,,0.043003,0.61213,0.020768,0.172136,0.010445,0.113444,0.028075,,691200,,
1,1,,0.043003,0.61213,0.020768,0.172136,0.010445,0.113444,0.028075,,683600,,
1,1,,0.043003,0.59213,0.020768,0.192136,0.010445,0.113444,0.028075,,688900,,
1,1,,0.042398,0.529322,0.018781,0.185699,0.009578,0.176105,0.038117,,684000,,
1,1,,0.036044,0.515648,0.016317,0.152837,0.008581,0.246755,0.02382,,722000,,
1,1,,0.043003,0.57213,0.020768,0.172136,0.010445,0.173444,0.008075,,690200,,
1,1,,0.021956,0.420159,0.012901,0.133896,0.008358,0.356772,0.045957,,749900,,
1,1,,0.043003,0.63213,0.020768,0.172136,0.010445,0.113444,0.008075,,683800,,
1,1,,0.043003,0.61213,0.020768,0.172136,0.010445,0.133444,0.008075,,697600,,
1,1,,0.043003,0.61213,0.020768,0.172136,0.010445,0.113444,0.028075,,685200,,
2,2,,0.162019,0.000355,0.253037,0.043285,0.236318,0.056,0.248986,,689800,,
2,6,,0.182019,0.000355,0.213037,0.023285,0.256318,0.056,0.268986,,696700,,
2,6,,0.124035,0.023016,0.212122,0.056658,0.196375,0.158238,0.229556,,686500,,
2,1,,0.066103,0.376721,0.07804,0.126112,0.042053,0.21543,0.09554,,687400,,
2,4,,0.162019,0.000355,0.253037,0.043285,0.256318,0.056,0.228986,,689700,,
2,5,,0.106399,0.106002,0.223239,0.053691,0.160237,0.225592,0.12484,,696500,,
2,6,,0.162019,0.000355,0.213037,0.043285,0.256318,0.056,0.268986,,680700,,
2,6,,0.162019,0.000355,0.233037,0.043285,0.236318,0.056,0.268986,,678100,,
2,1,,0.031328,0.433593,0.04359,0.14841,0.008922,0.289563,0.044596,,876600,,
2,2,,0.162019,0.000355,0.253037,0.043285,0.236318,0.056,0.248986,,685900,,
2,4,,0.162019,0.000355,0.253037,0.043285,0.256318,0.056,0.228986,,682000,,
2,5,,0.106399,0.106002,0.223239,0.053691,0.140237,0.225592,0.14484,,697700,,
2,6,,0.182019,0.000355,0.213037,0.023285,0.256318,0.056,0.268986,,698600,,
2,6,,0.162019,0.000355,0.233037,0.043285,0.236318,0.056,0.268986,,692400,,
2,6,,0.162019,0.000355,0.213037,0.043285,0.256318,0.056,0.268986,,683400,,
2,6,,0.176435,0.000333,0.209188,0.022462,0.238164,0.056,0.297417,,715200,,
2,6,,0.182019,0.000355,0.213037,0.023285,0.256318,0.056,0.268986,,691500,,
2,6,,0.176435,0.000333,0.209188,0.022462,0.238164,0.056,0.297417,,700300,,
2,6,,0.162019,0.000355,0.233037,0.043285,0.236318,0.056,0.268986,,779500,,
2,1,,0.031328,0.433593,0.04359,0.14841,0.008922,0.289563,0.044596,,698500,,
2,6,,0.116387,0.074586,0.161896,0.064439,0.186731,0.174176,0.221785,,683500,,
2,6,,0.176435,0.000333,0.209188,0.022462,0.238164,0.056,0.297417,,688400,,
2,2,,0.162019,0.000355,0.253037,0.043285,0.236318,0.056,0.248986,,685500,,
2,4,,0.153872,0.011685,0.223197,0.046324,0.24674,0.080549,0.237632,,681400,,
2,4,,0.162019,0.000355,0.253037,0.043285,0.256318,0.056,0.228986,,685400,,
2,6,,0.162019,0.000355,0.213037,0.043285,0.256318,0.056,0.268986,,699900,,
2,4,,0.162019,0.000355,0.253037,0.043285,0.256318,0.056,0.228986,,685200,,
2,4,,0.162019,0.000355,0.253037,0.043285,0.256318,0.056,0.228986,,712100,,
2,6,,0.162019,0.000355,0.213037,0.043285,0.256318,0.056,0.268986,,684600,,
2,6,,0.162019,0.000355,0.233037,0.043285,0.236318,0.056,0.268986,,683600,,
2,2,,0.162019,0.000355,0.253037,0.043285,0.236318,0.056,0.248986,,689700,,
2,2,,0.153872,0.011685,0.243197,0.046324,0.22674,0.080549,0.237632,,1028500,,
2,6,,0.162019,0.000355,0.233037,0.043285,0.236318,0.056,0.268986,,949100,,
2,6,,0.182019,0.000355,0.213037,0.023285,0.256318,0.056,0.268986,,940500,,
2,2,,0.162019,0.000355,0.253037,0.043285,0.236318,0.056,0.248986,,941500,,
2,6,,0.176435,0.000333,0.209188,0.022462,0.238164,0.056,0.297417,,940100,,
2,4,,0.162019,0.000355,0.253037,0.043285,0.256318,0.056,0.228986,,938700,,
2,6,,0.182019,0.000355,0.213037,0.023285,0.256318,0.056,0.268986,,941100,,
2,4,,0.162019,0.000355,0.253037,0.043285,0.256318,0.056,0.228986,,946200,,
2,2,,0.115334,0.054586,0.239436,0.069439,0.132743,0.186676,0.201785,,946100,,
2,6,,0.162019,0.000355,0.213037,0.043285,0.256318,0.056,0.268986,,941100,,
2,4,,0.162019,0.000355,0.253037,0.043285,0.256318,0.056,0.228986,,948600,,
2,6,,0.162019,0.000355,0.213037,0.043285,0.256318,0.056,0.268986,,1020000,,
2,6,,0.162019,0.000355,0.233037,0.043285,0.236318,0.056,0.268986,,939400,,
2,6,,0.139647,0.011685,0.232315,0.054705,0.216024,0.094369,0.251254,,938700,,
2,5,,0.102326,0.117333,0.198426,0.057163,0.135448,0.230142,0.159163,,948600,,
2,5,,0.073651,0.219281,0.134458,0.085425,0.082564,0.287729,0.116891,,945700,,
2,6,,0.162019,0.000355,0.213037,0.043285,0.256318,0.056,0.268986,,950800,,
2,4,,0.127426,0.023016,0.217449,0.057311,0.221658,0.138918,0.214223,,1496900,,
2,4,,0.162019,0.000355,0.233037,0.043285,0.276318,0.056,0.228986,,1314300,,
2,2,,0.096759,0.176214,0.187262,0.102018,0.103166,0.178148,0.156433,,1271500,,
2,4,,0.153872,0.011685,0.243197,0.046324,0.24674,0.080549,0.217632,,749700,,
2,6,,0.126373,0.023016,0.234203,0.057311,0.185956,0.138918,0.234223,,701900,,
2,6,,0.162019,0.000355,0.213037,0.043285,0.256318,0.056,0.268986,,701100,,
2,2,,0.162019,0.000355,0.253037,0.043285,0.236318,0.056,0.248986,,693900,,
2,6,,0.162019,0.000355,0.233037,0.043285,0.236318,0.056,0.268986,,799800,,
2,1,,0.078169,0.328272,0.137178,0.155398,0.059658,0.140104,0.101222,,693900,,
2,6,,0.162019,0.000355,0.233037,0.043285,0.236318,0.056,0.268986,,687200,,
2,2,,0.127426,0.023016,0.235782,0.057311,0.203324,0.138918,0.214223,,698800,,
2,5,,0.073651,0.219281,0.134458,0.085425,0.082564,0.287729,0.116891,,726800,,
2,2,,0.162019,0.000355,0.253037,0.043285,0.236318,0.056,0.248986,,695600,,
2,2,,0.162019,0.000355,0.253037,0.043285,0.236318,0.056,0.248986,,689800,,
2,4,,0.127426,0.023016,0.217449,0.057311,0.221658,0.138918,0.214223,,693300,,
2,6,,0.182019,0.000355,0.213037,0.023285,0.256318,0.056,0.268986,,708000,,
2,5,,0.102326,0.097333,0.218426,0.057163,0.135448,0.250142,0.139163,,689500,,
2,4,,0.157946,0.011685,0.248225,0.046757,0.251529,0.060549,0.223309,,692100,,
3,5,,0.106399,0.086002,0.184953,0.073691,0.158522,0.225592,0.16484,,748800,,
3,1,,0.036618,0.422189,0.039269,0.162497,0.013497,0.298134,0.027795,,747200,,
3,1,,0.067478,0.464249,0.057711,0.168205,0.03961,0.146956,0.055791,,688700,,
3,1,,0.048293,0.480726,0.053591,0.186223,0.015021,0.204873,0.011274,,692100,,
3,1,,0.099952,0.28323,0.1156,0.174196,0.073403,0.144425,0.109195,,703300,,
3,5,,0.058987,0.176728,0.064112,0.147595,0.046773,0.413338,0.092467,,699000,,
3,5,,0.039418,0.256901,0.062744,0.117164,0.040619,0.403166,0.079988,,709800,,
3,1,,0.050319,0.401583,0.05071,0.180204,0.023705,0.257913,0.035566,,699600,,
3,1,,0.057278,0.518065,0.063732,0.159503,0.02557,0.156031,0.019821,,685900,,
3,1,,0.043003,0.57213,0.040768,0.192136,0.010445,0.133444,0.008075,,701400,,
3,5,,0.07747,0.151404,0.129122,0.097268,0.106168,0.29675,0.141818,,695500,,
3,5,,0.038078,0.248007,0.058542,0.121502,0.036395,0.443166,0.054311,,693100,,
3,1,,0.067909,0.393354,0.048704,0.214157,0.03961,0.160519,0.075747,,688200,,
3,1,,0.06925,0.402247,0.072907,0.189818,0.043835,0.160519,0.061424,,697600,,
3,1,,0.06925,0.442247,0.072907,0.169818,0.043835,0.140519,0.061424,,754200,,
3,1,,0.063479,0.484684,0.063837,0.177628,0.034703,0.145068,0.030601,,685500,,
3,1,,0.06925,0.462247,0.052907,0.169818,0.043835,0.140519,0.061424,,696000,,
3,1,,0.068819,0.422075,0.074274,0.180249,0.049989,0.130691,0.073903,,697500,,
3,1,,0.06925,0.382247,0.052907,0.189818,0.043835,0.180519,0.081424,,689300,,
3,1,,0.06229,0.385766,0.048455,0.15052,0.04197,0.233829,0.07717,,706300,,
3,5,,0.06373,0.162759,0.093995,0.119619,0.091324,0.32131,0.147264,,795800,,
3,1,,0.048293,0.520726,0.045019,0.206223,0.015021,0.153444,0.011274,,805800,,
3,5,,0.105637,0.086002,0.181102,0.079924,0.155607,0.232477,0.15925,,686500,,
3,1,,0.056234,0.354817,0.062954,0.190431,0.038087,0.245209,0.052268,,697400,,
3,6,,0.126053,0.023231,0.211996,0.061655,0.196786,0.149617,0.230661,,797500,,
3,1,,0.057278,0.558065,0.055161,0.159503,0.02557,0.124603,0.019821,,707300,,
3,5,,0.046863,0.261383,0.060837,0.175918,0.037523,0.363847,0.05363,,763800,,
3,1,,0.057278,0.498065,0.055161,0.179503,0.02557,0.164603,0.019821,,709900,,
3,1,,0.06925,0.442247,0.072907,0.209818,0.043835,0.120519,0.041424,,698700,,
3,5,,0.102326,0.097333,0.18014,0.077163,0.153734,0.230142,0.159163,,698000,,
3,5,,0.112955,0.216171,0.11665,0.113435,0.097535,0.221905,0.12135,,691300,,
3,5,,0.039418,0.236901,0.062744,0.117164,0.040619,0.443166,0.059988,,694300,,
3,1,,0.053887,0.469395,0.058578,0.182885,0.020287,0.200495,0.014473,,697100,,
3,5,,0.038078,0.228007,0.058542,0.161502,0.036395,0.423166,0.054311,,684100,,
3,1,,0.051804,0.346148,0.038087,0.153902,0.033179,0.309758,0.067122,,692700,,
3,5,,0.033648,0.239337,0.053675,0.144974,0.031487,0.447715,0.049164,,758200,,
3,5,,0.038078,0.208007,0.038542,0.141502,0.036395,0.463166,0.074311,,723300,,
3,1,,0.06925,0.462247,0.072907,0.209818,0.043835,0.100519,0.041424,,728600,,
3,5,,0.048625,0.317254,0.049926,0.184416,0.025688,0.336626,0.037464,,788000,,
3,5,,0.065011,0.16557,0.067817,0.133826,0.045886,0.438702,0.083187,,719200,,
3,5,,0.110473,0.086002,0.18998,0.074124,0.163311,0.205592,0.170517,,696100,,
3,5,,0.053796,0.238947,0.058684,0.128241,0.047014,0.390812,0.082506,,701000,,
3,1,,0.063479,0.484684,0.063837,0.177628,0.034703,0.145068,0.030601,,701300,,
3,1,,0.052843,0.346148,0.0578,0.193813,0.032804,0.249672,0.066921,,741300,,
3,5,,0.036231,0.346095,0.047294,0.141263,0.023482,0.367931,0.037703,,727600,,
3,5,,0.038078,0.208007,0.038542,0.141502,0.036395,0.463166,0.074311,,702400,,
3,5,,0.027446,0.292718,0.05357,0.106848,0.022354,0.458679,0.038384,,799300,,
3,1,,0.045603,0.379528,0.049411,0.175777,0.024046,0.289293,0.036342,,686100,,
3,1,,0.048293,0.540726,0.053591,0.166223,0.015021,0.164873,0.011274,,713600,,
3,1,,0.051522,0.321441,0.045686,0.136449,0.041747,0.304528,0.098626,,701800,,
3,5,,0.048203,0.250277,0.065039,0.171579,0.041747,0.343847,0.079307,,1259500,,
3,1,,0.055803,0.365712,0.06339,0.144479,0.038087,0.280218,0.052312,,709000,,
3,1,,0.048293,0.520726,0.053591,0.186223,0.015021,0.164873,0.011274,,709300,,
3,5,,0.034913,0.267796,0.058153,0.110778,0.035831,0.438175,0.054355,,696100,,
3,1,,0.102219,0.297201,0.094144,0.184761,0.085862,0.121678,0.114134,,704100,,
3,1,,0.057278,0.498065,0.055161,0.159503,0.02557,0.184603,0.019821,,704600,,
3,5,,0.038987,0.207796,0.04318,0.131211,0.040619,0.458175,0.080032,,696500,,
3,5,,0.027305,0.270233,0.045125,0.124763,0.023432,0.469593,0.039551,,698800,,
3,5,,0.010438,0.295677,0.029781,0.154709,0.006666,0.476091,0.026638,,699900,,
3,1,,0.036618,0.402189,0.039269,0.182497,0.013497,0.298134,0.027795,,693700,,
3,5,,0.126399,0.086002,0.184953,0.073691,0.138522,0.225592,0.16484,,721900,,
3,5,,0.039418,0.196901,0.062744,0.137164,0.040619,0.443166,0.079988,,702500,,
3,1,,0.048293,0.520726,0.045019,0.186223,0.015021,0.173444,0.011274,,943300,,
3,1,,0.045603,0.399528,0.057983,0.135777,0.024046,0.300721,0.036342,,695500,,
3,1,,0.057278,0.458065,0.063732,0.179503,0.02557,0.196031,0.019821,,697500,,
3,5,,0.030483,0.239126,0.061858,0.114249,0.030923,0.474153,0.049208,,685400,,
4,6,,0.162019,0.000355,0.213037,0.043285,0.256318,0.056,0.268986,,688300,,
4,2,,0.135334,0.054586,0.22115,0.069439,0.171029,0.186676,0.161785,,685300,,
4,4,,0.155265,0.073898,0.199819,0.055435,0.263079,0.020549,0.231955,,843100,,
4,4,,0.155265,0.073898,0.199819,0.055435,0.263079,0.020549,0.231955,,693000,,
4,6,,0.162019,0.000355,0.233037,0.043285,0.236318,0.056,0.268986,,693300,,
4,4,,0.120927,0.023231,0.198223,0.066222,0.224296,0.182117,0.184984,,697200,,
4,2,,0.135334,0.054586,0.19315,0.069439,0.179029,0.186676,0.181785,,688400,,
4,4,,0.182019,0.040355,0.213037,0.023285,0.276318,0.016,0.248986,,686300,,
4,6,,0.162019,0.000355,0.233037,0.043285,0.236318,0.056,0.268986,,803600,,
4,6,,0.182019,0.000355,0.233037,0.023285,0.236318,0.056,0.268986,,686800,,
4,4,,0.135334,0.094586,0.17865,0.064439,0.191029,0.174176,0.161785,,685400,,
4,6,,0.176435,0.000333,0.189188,0.022462,0.238164,0.056,0.317417,,683900,,
4,6,,0.110802,0.074565,0.158047,0.063617,0.208577,0.174176,0.210216,,686800,,
4,6,,0.176435,0.000333,0.189188,0.022462,0.238164,0.056,0.317417,,684900,,
4,6,,0.176435,0.000333,0.189188,0.022462,0.238164,0.056,0.317417,,682100,,
4,6,,0.162019,0.000355,0.213037,0.043285,0.256318,0.056,0.268986,,694000,,
4,6,,0.182019,0.000355,0.213037,0.023285,0.256318,0.056,0.268986,,680800,,
4,5,,0.126399,0.086002,0.184953,0.073691,0.138522,0.225592,0.16484,,688500,,
4,2,,0.14005,0.076641,0.202449,0.073867,0.170688,0.155297,0.181009,,684000,,
4,2,,0.162019,0.000355,0.253037,0.043285,0.236318,0.056,0.248986,,685100,,
4,4,,0.156605,0.042792,0.204022,0.051096,0.267304,0.040549,0.237632,,994300,,
4,5,,0.155334,0.074586,0.15865,0.064439,0.171029,0.194176,0.181785,,705100,,
4,6,,0.156573,0.00057,0.222557,0.047196,0.226658,0.086698,0.259748,,687100,,
4,6,,0.162019,0.000355,0.213037,0.043285,0.256318,0.056,0.268986,,692900,,
4,2,,0.135334,0.074586,0.19865,0.064439,0.171029,0.174176,0.181785,,864900,,
4,6,,0.176435,0.000333,0.209188,0.022462,0.238164,0.056,0.297417,,737200,,
4,2,,0.135334,0.054586,0.20115,0.069439,0.171029,0.186676,0.181785,,689900,,
4,6,,0.162019,0.000355,0.233037,0.043285,0.236318,0.056,0.268986,,706100,,
4,6,,0.176435,0.000333,0.209188,0.022462,0.238164,0.056,0.297417,,694700,,
4,6,,0.162019,0.000355,0.213037,0.043285,0.256318,0.056,0.268986,,686800,,
4,6,,0.176435,0.000333,0.189188,0.022462,0.238164,0.056,0.317417,,699100,,
4,6,,0.162019,0.000355,0.213037,0.043285,0.256318,0.056,0.268986,,887300,,
4,2,,0.105059,0.128439,0.19925,0.081935,0.156012,0.190142,0.139163,,893500,,
4,6,,0.176435,0.000333,0.209188,0.022462,0.238164,0.056,0.297417,,891400,,
4,6,,0.162019,0.000355,0.213037,0.043285,0.256318,0.056,0.268986,,891100,,
4,6,,0.176435,0.000333,0.209188,0.022462,0.238164,0.056,0.297417,,883700,,
4,6,,0.162019,0.000355,0.213037,0.043285,0.256318,0.056,0.268986,,891300,,
4,5,,0.062413,0.236302,0.085163,0.111894,0.081886,0.305092,0.11725,,894600,,
4,5,,0.05951,0.214067,0.10972,0.102393,0.112182,0.305092,0.097035,,906600,,
4,6,,0.135334,0.034586,0.20115,0.069439,0.171029,0.186676,0.201785,,901900,,
4,6,,0.176435,0.000333,0.209188,0.022462,0.238164,0.056,0.297417,,896300,,
4,6,,0.182019,0.000355,0.213037,0.023285,0.256318,0.056,0.268986,,909000,,
4,5,,0.146399,0.086002,0.144953,0.073691,0.158522,0.225592,0.16484,,901700,,
4,2,,0.116387,0.034586,0.202729,0.069439,0.188398,0.186676,0.201785,,932800,,
4,5,,0.115334,0.054586,0.20115,0.069439,0.191029,0.206676,0.161785,,907700,,
4,5,,0.120815,0.105981,0.141104,0.072868,0.140369,0.225592,0.193271,,911700,,
4,6,,0.176435,0.000333,0.189188,0.022462,0.238164,0.056,0.317417,,951000,,
4,2,,0.130473,0.106002,0.20998,0.074124,0.143311,0.185592,0.150517,,899800,,
4,2,,0.135334,0.094586,0.19865,0.064439,0.191029,0.174176,0.141785,,765100,,
4,6,,0.182019,0.000355,0.213037,0.023285,0.256318,0.056,0.268986,,721900,,
4,6,,0.182019,0.000355,0.213037,0.023285,0.256318,0.056,0.268986,,784400,,
4,5,,0.129133,0.117109,0.165777,0.078463,0.159086,0.185592,0.16484,,691600,,
4,4,,0.157946,0.011685,0.208225,0.046757,0.271529,0.060549,0.243309,,696200,,
4,6,,0.182019,0.000355,0.213037,0.023285,0.256318,0.056,0.268986,,693300,,
4,6,,0.176435,0.000333,0.209188,0.022462,0.238164,0.056,0.297417,,693100,,
4,6,,0.182019,0.000355,0.213037,0.023285,0.256318,0.056,0.268986,,685700,,
4,4,,0.153872,0.011685,0.203197,0.046324,0.26674,0.080549,0.237632,,772900,,
4,6,,0.176435,0.000333,0.209188,0.022462,0.238164,0.056,0.297417,,739600,,
4,6,,0.162019,0.000355,0.213037,0.043285,0.256318,0.056,0.268986,,688900,,
4,6,,0.176435,0.000333,0.209188,0.022462,0.238164,0.056,0.297417,,686200,,
4,6,,0.176435,0.000333,0.189188,0.022462,0.238164,0.056,0.317417,,692500,,
4,6,,0.176435,0.000333,0.209188,0.022462,0.238164,0.056,0.297417,,688600,,
4,6,,0.176435,0.000333,0.209188,0.022462,0.238164,0.056,0.297417,,819200,,
4,6,,0.156435,0.000333,0.189188,0.042462,0.238164,0.056,0.317417,,705300,,
4,6,,0.182019,0.000355,0.233037,0.023285,0.236318,0.056,0.268986,,717500,,
4,2,,0.162019,0.000355,0.253037,0.043285,0.236318,0.056,0.248986,,698700,,
5,5,,0.02198,0.250506,0.051921,0.117304,0.021226,0.498679,0.038384,,716500,,
5,5,,0.035344,0.196901,0.046289,0.11673,0.035831,0.494595,0.074311,,688800,,
5,5,,0.02198,0.250506,0.031921,0.117304,0.041226,0.498679,0.038384,,687100,,
5,5,,0.012995,0.293167,0.033208,0.124024,0.010677,0.496091,0.029837,,687600,,
5,5,,0.018588,0.261836,0.046767,0.120686,0.015944,0.503142,0.033036,,705800,,
5,5,,0.02198,0.250506,0.051921,0.117304,0.021226,0.498679,0.038384,,692900,,
5,5,,0.02198,0.250506,0.051921,0.117304,0.021226,0.498679,0.038384,,690800,,
5,5,,0.034913,0.247796,0.058153,0.110778,0.035831,0.438175,0.074355,,692700,,
5,5,,0.024572,0.239126,0.052872,0.11999,0.022868,0.501021,0.039551,,760300,,
5,5,,0.039418,0.196901,0.042744,0.157164,0.040619,0.423166,0.099988,,696200,,
5,5,,0.038987,0.187796,0.071751,0.151211,0.040619,0.429604,0.080032,,701500,,
5,5,,0.035344,0.196901,0.037717,0.13673,0.035831,0.483166,0.074311,,721300,,
5,5,,0.034913,0.227796,0.066724,0.110778,0.035831,0.469604,0.054355,,689200,,
5,5,,0.018588,0.261836,0.046767,0.120686,0.015944,0.503142,0.033036,,690600,,
5,5,,0.035344,0.196901,0.057717,0.13673,0.035831,0.483166,0.054311,,688800,,
5,5,,0.030914,0.208231,0.061422,0.120201,0.030923,0.499144,0.049164,,690700,,
5,5,,0.012995,0.273167,0.04178,0.124024,0.010677,0.50752,0.029837,,691100,,
5,5,,0.012995,0.273167,0.04178,0.124024,0.010677,0.50752,0.029837,,691300,,
5,5,,0.08458,0.165398,0.069185,0.144257,0.05204,0.388875,0.095666,,704900,,
5,5,,0.02641,0.239126,0.05683,0.113816,0.026134,0.494153,0.043531,,744500,,
5,5,,0.035344,0.196901,0.046289,0.13673,0.035831,0.474595,0.074311,,699800,,
5,5,,0.035344,0.196901,0.066289,0.11673,0.035831,0.494595,0.054311,,712800,,
5,5,,0.035344,0.236901,0.057717,0.11673,0.035831,0.463166,0.054311,,688300,,
5,5,,0.035344,0.196901,0.046289,0.11673,0.035831,0.494595,0.074311,,682000,,
5,5,,0.012995,0.313167,0.033208,0.124024,0.010677,0.476091,0.029837,,685600,,
5,5,,0.071794,0.15424,0.078298,0.131096,0.056451,0.41492,0.093202,,699100,,
5,5,,0.07951,0.154067,0.10972,0.142393,0.072182,0.325092,0.117035,,685700,,
5,5,,0.039418,0.196901,0.042744,0.137164,0.040619,0.463166,0.079988,,690900,,
5,5,,0.034913,0.247796,0.038153,0.110778,0.035831,0.458175,0.074355,,693000,,
5,5,,0.012995,0.273167,0.04178,0.124024,0.010677,0.50752,0.029837,,687600,,
5,5,,0.039418,0.196901,0.051316,0.137164,0.040619,0.434595,0.099988,,689400,,
5,5,,0.018588,0.261836,0.046767,0.120686,0.015944,0.503142,0.033036,,762700,,
5,5,,0.09951,0.154067,0.10972,0.122393,0.072182,0.325092,0.117035,,692300,,
5,5,,0.018588,0.261836,0.046767,0.120686,0.015944,0.503142,0.033036,,684500,,
5,5,,0.035344,0.196901,0.046289,0.11673,0.035831,0.494595,0.074311,,689300,,
5,5,,0.024572,0.279126,0.024301,0.11999,0.022868,0.469593,0.059551,,688100,,
5,5,,0.035344,0.196901,0.057717,0.13673,0.035831,0.483166,0.054311,,684300,,
5,5,,0.030483,0.239126,0.061858,0.114249,0.030923,0.474153,0.049208,,689600,,
5,5,,0.035344,0.236901,0.057717,0.11673,0.035831,0.463166,0.054311,,690000,,
5,5,,0.024572,0.239126,0.032872,0.11999,0.022868,0.501021,0.059551,,687800,,
5,5,,0.024572,0.239126,0.052872,0.11999,0.022868,0.501021,0.039551,,725000,,
5,5,,0.018588,0.261836,0.046767,0.120686,0.015944,0.503142,0.033036,,692600,,
5,5,,0.012995,0.273167,0.04178,0.124024,0.010677,0.50752,0.029837,,803800,,
5,5,,0.035344,0.196901,0.057717,0.13673,0.035831,0.483166,0.054311,,689400,,
5,5,,0.034913,0.207796,0.066724,0.130778,0.035831,0.449604,0.074355,,718600,,
5,5,,0.030483,0.259126,0.053286,0.114249,0.030923,0.462724,0.049208,,689700,,
5,5,,0.034913,0.247796,0.038153,0.110778,0.035831,0.458175,0.074355,,685900,,
5,5,,0.035344,0.196901,0.066289,0.13673,0.035831,0.474595,0.054311,,706500,,
5,5,,0.095436,0.154067,0.084693,0.14196,0.067394,0.345092,0.111358,,706500,,
5,5,,0.02198,0.250506,0.051921,0.117304,0.021226,0.498679,0.038384,,698300,,
5,5,,0.088654,0.185398,0.074212,0.12469,0.056828,0.368875,0.101343,,690900,,
5,5,,0.039418,0.236901,0.062744,0.137164,0.040619,0.403166,0.079988,,679500,,
5,5,,0.012995,0.273167,0.04178,0.124024,0.010677,0.50752,0.029837,,687100,,
5,5,,0.030483,0.239126,0.061858,0.114249,0.030923,0.474153,0.049208,,685100,,
5,5,,0.035344,0.196901,0.057717,0.13673,0.035831,0.483166,0.054311,,755200,,
5,5,,0.018588,0.261836,0.046767,0.120686,0.015944,0.503142,0.033036,,690300,,
5,5,,0.018588,0.281836,0.038196,0.120686,0.015944,0.491714,0.033036,,687000,,
5,5,,0.035344,0.196901,0.046289,0.11673,0.035831,0.494595,0.074311,,694200,,
5,5,,0.035344,0.196901,0.066289,0.11673,0.035831,0.494595,0.054311,,690700,,
5,5,,0.035344,0.196901,0.037717,0.13673,0.035831,0.483166,0.074311,,685400,,
5,5,,0.02198,0.250506,0.02335,0.137304,0.041226,0.48725,0.038384,,690100,,
5,5,,0.012995,0.273167,0.04178,0.124024,0.010677,0.50752,0.029837,,691400,,
5,5,,0.035344,0.196901,0.057717,0.13673,0.035831,0.483166,0.054311,,686100,,
5,5,,0.024572,0.239126,0.032872,0.11999,0.042868,0.501021,0.039551,,688200,,
5,5,,0.035344,0.196901,0.057717,0.13673,0.035831,0.483166,0.054311,,686200,,
5,5,,0.035344,0.196901,0.066289,0.13673,0.035831,0.474595,0.054311,,688100,,
6,6,,0.094768,0.091637,0.143221,0.082715,0.168034,0.198037,0.221588,,758400,,
6,6,,0.110802,0.054565,0.158047,0.063617,0.188577,0.174176,0.250216,,754500,,
6,6,,0.094768,0.071637,0.143221,0.082715,0.168034,0.198037,0.241588,,704500,,
6,6,,0.10006,0.071637,0.147647,0.077334,0.172352,0.191227,0.239744,,685500,,
6,6,,0.094475,0.071615,0.143798,0.076511,0.174199,0.191227,0.248175,,688300,,
6,6,,0.088425,0.091637,0.135504,0.10798,0.128063,0.204948,0.243443,,693700,,
6,6,,0.094768,0.071637,0.143221,0.082715,0.168034,0.198037,0.241588,,727100,,
6,6,,0.139647,0.011685,0.212315,0.054705,0.216024,0.094369,0.271254,,740600,,
6,6,,0.134356,0.011685,0.207889,0.060086,0.211705,0.101179,0.273098,,693300,,
6,6,,0.088131,0.091615,0.174412,0.101893,0.115893,0.198037,0.230019,,691300,,
6,6,,0.094475,0.071615,0.143798,0.076511,0.174199,0.191227,0.248175,,685300,,
6,6,,0.089184,0.091615,0.139372,0.081893,0.16988,0.198037,0.230019,,690500,,
6,6,,0.128608,0.043256,0.156763,0.061834,0.201097,0.129627,0.278816,,813700,,
6,6,,0.10006,0.071637,0.147647,0.077334,0.172352,0.191227,0.239744,,693700,,
6,6,,0.094768,0.091637,0.123221,0.082715,0.168034,0.198037,0.241588,,687000,,
6,6,,0.110802,0.054565,0.158047,0.063617,0.188577,0.174176,0.250216,,692600,,
6,6,,0.094768,0.071637,0.143221,0.082715,0.168034,0.198037,0.241588,,714800,,
6,6,,0.10006,0.071637,0.127647,0.077334,0.172352,0.191227,0.259744,,692800,,
6,6,,0.116387,0.054586,0.141896,0.064439,0.186731,0.174176,0.261785,,688400,,
6,6,,0.089184,0.091615,0.139372,0.081893,0.16988,0.198037,0.230019,,705900,,
6,6,,0.10006,0.071637,0.127647,0.077334,0.172352,0.191227,0.259744,,687100,,
6,6,,0.094768,0.071637,0.143221,0.082715,0.168034,0.198037,0.241588,,695800,,
6,6,,0.116387,0.054586,0.161896,0.064439,0.186731,0.174176,0.241785,,760500,,
6,6,,0.094768,0.071637,0.123221,0.082715,0.168034,0.198037,0.261588,,787200,,
6,6,,0.128608,0.043256,0.176763,0.061834,0.201097,0.129627,0.258816,,686400,,
6,6,,0.12046,0.054586,0.166923,0.064873,0.19152,0.154176,0.247462,,693200,,
6,6,,0.128608,0.043256,0.176763,0.061834,0.201097,0.129627,0.258816,,711300,,
6,6,,0.094768,0.071637,0.143221,0.082715,0.168034,0.198037,0.241588,,684300,,
6,6,,0.094768,0.071637,0.123221,0.082715,0.168034,0.198037,0.261588,,696400,,
6,6,,0.10006,0.071637,0.147647,0.077334,0.172352,0.191227,0.239744,,695600,,
6,6,,0.128608,0.043256,0.176763,0.061834,0.201097,0.129627,0.258816,,714700,,
6,6,,0.123325,0.011879,0.153561,0.063175,0.203892,0.131878,0.31229,,689200,,
6,6,,0.134356,0.011685,0.187889,0.060086,0.211705,0.101179,0.293098,,693200,,
6,6,,0.130964,0.011685,0.202563,0.059434,0.206423,0.120499,0.268431,,697900,,
6,6,,0.094768,0.071637,0.143221,0.082715,0.168034,0.198037,0.241588,,748000,,
6,6,,0.10006,0.071637,0.147647,0.077334,0.172352,0.191227,0.239744,,699100,,
6,6,,0.089184,0.071615,0.139372,0.081893,0.16988,0.198037,0.250019,,684300,,
6,6,,0.123325,0.011879,0.153561,0.063175,0.203892,0.131878,0.31229,,688900,,
6,6,,0.094768,0.071637,0.143221,0.082715,0.168034,0.198037,0.241588,,693900,,
6,6,,0.10006,0.071637,0.147647,0.077334,0.172352,0.191227,0.239744,,690500,,
6,6,,0.093716,0.071637,0.159975,0.082715,0.132332,0.198037,0.261588,,713000,,
6,6,,0.12046,0.054586,0.166923,0.064873,0.19152,0.154176,0.247462,,699600,,
6,6,,0.134356,0.011685,0.187889,0.060086,0.211705,0.101179,0.293098,,698500,,
6,6,,0.130964,0.031685,0.182563,0.059434,0.206423,0.120499,0.268431,,688400,,
6,6,,0.130964,0.011685,0.202563,0.059434,0.206423,0.120499,0.268431,,685600,,
6,6,,0.128608,0.043256,0.156763,0.061834,0.201097,0.129627,0.278816,,854400,,
6,6,,0.094768,0.071637,0.143221,0.082715,0.168034,0.198037,0.241588,,913100,,
6,6,,0.116387,0.054586,0.161896,0.064439,0.186731,0.174176,0.241785,,696100,,
6,6,,0.116387,0.054586,0.161896,0.064439,0.186731,0.174176,0.241785,,691300,,
6,6,,0.094475,0.071615,0.143798,0.076511,0.174199,0.191227,0.248175,,689900,,
6,6,,0.130964,0.011685,0.202563,0.059434,0.206423,0.120499,0.268431,,689300,,
6,6,,0.094768,0.071637,0.143221,0.082715,0.168034,0.198037,0.241588,,698700,,
6,6,,0.093716,0.091637,0.159975,0.082715,0.132332,0.198037,0.241588,,683800,,
6,6,,0.128909,0.031901,0.17741,0.063997,0.202045,0.131878,0.263859,,691200,,
6,6,,0.134356,0.011685,0.207889,0.060086,0.211705,0.101179,0.273098,,683400,,
6,6,,0.094768,0.071637,0.123221,0.082715,0.168034,0.198037,0.261588,,674400,,
6,6,,0.084729,0.077305,0.129129,0.085631,0.159768,0.223046,0.240392,,683200,,
6,6,,0.110802,0.054565,0.158047,0.063617,0.188577,0.174176,0.250216,,685000,,
6,6,,0.134356,0.011685,0.187889,0.060086,0.231705,0.101179,0.273098,,748200,,
6,6,,0.110802,0.054565,0.158047,0.063617,0.188577,0.174176,0.250216,,688700,,
6,6,,0.110802,0.054565,0.158047,0.063617,0.188577,0.174176,0.250216,,691800,,
6,6,,0.089184,0.071615,0.139372,0.081893,0.16988,0.198037,0.250019,,678500,,
6,6,,0.139647,0.011685,0.192315,0.054705,0.216024,0.094369,0.291254,,684400,,
6,6,,0.094768,0.071637,0.143221,0.082715,0.168034,0.198037,0.241588,,689700,,
6,6,,0.10006,0.071637,0.147647,0.077334,0.172352,0.191227,0.239744,,681900,,
6,6,,0.116387,0.054586,0.161896,0.064439,0.186731,0.174176,0.241785,,677000,,