optdigits,CWE,test,0,NANOSECONDS,PREDICTIONS, Generated by ClassifierExperiments.java on 2022-05-16 18:38:37.    SYSTEMPROPERTIES:{user.name:matth,os.arch:amd64,os.name:Windows 10},ENDSYSTEMPROPERTIES
No parameter info
0.566873339238264,9462447100,3572568900,-1,161763672,10,,-1,-1
0,0,,0.448692,0.043967,0.031986,0.020995,0.127235,0.021214,0.185066,0.033871,0.066444,0.02053,,3338600,,
0,0,,0.448692,0.043967,0.031986,0.020995,0.127235,0.021214,0.185066,0.033871,0.066444,0.02053,,3180700,,
0,6,,0.208692,0.123967,0.031986,0.020995,0.207235,0.021214,0.265066,0.033871,0.066444,0.02053,,3044700,,
0,0,,0.42835,0.039363,0.069496,0.020995,0.065195,0.044847,0.104369,0.059012,0.147844,0.02053,,3195300,,
0,0,,0.28251,0.108173,0.152843,0.091412,0.032881,0.219068,0.020184,0.043716,0.026599,0.022613,,3054100,,
0,6,,0.233874,0.071339,0.030706,0.020995,0.152687,0.021214,0.294236,0.033871,0.120549,0.02053,,2946400,,
0,0,,0.414002,0.078531,0.063124,0.020995,0.071723,0.039268,0.07267,0.091892,0.127265,0.02053,,4079700,,
0,0,,0.717389,0.027222,0.04139,0.022488,0.037677,0.02662,0.032575,0.02677,0.041743,0.026127,,3029800,,
0,0,,0.28651,0.08284,0.18751,0.103412,0.056881,0.145735,0.020184,0.043716,0.050599,0.022613,,2956700,,
0,0,,0.448692,0.043967,0.031986,0.020995,0.127235,0.021214,0.185066,0.033871,0.066444,0.02053,,3261300,,
0,0,,0.459002,0.078531,0.048124,0.020995,0.071723,0.024268,0.05767,0.091892,0.127265,0.02053,,3091800,,
0,0,,0.357264,0.043967,0.031986,0.020995,0.127235,0.021214,0.230781,0.033871,0.112159,0.02053,,2922900,,
0,0,,0.448692,0.043967,0.031986,0.020995,0.127235,0.021214,0.185066,0.033871,0.066444,0.02053,,3115700,,
0,0,,0.422025,0.043967,0.031986,0.020995,0.127235,0.021214,0.185066,0.033871,0.093111,0.02053,,3016400,,
0,0,,0.448692,0.043967,0.031986,0.020995,0.127235,0.021214,0.185066,0.033871,0.066444,0.02053,,3027200,,
0,0,,0.478044,0.046785,0.039742,0.023206,0.058842,0.020526,0.125357,0.031853,0.155116,0.02053,,3270100,,
0,0,,0.402978,0.043967,0.031986,0.020995,0.172949,0.021214,0.185066,0.033871,0.066444,0.02053,,3473100,,
0,0,,0.478044,0.046785,0.039742,0.023206,0.058842,0.020526,0.125357,0.031853,0.155116,0.02053,,3513900,,
0,0,,0.462736,0.049051,0.042474,0.022689,0.066859,0.04945,0.126496,0.03435,0.125364,0.02053,,3452400,,
0,0,,0.478044,0.046785,0.039742,0.023206,0.058842,0.020526,0.125357,0.031853,0.155116,0.02053,,3387200,,
0,2,,0.095412,0.043647,0.390706,0.020995,0.124995,0.021214,0.183466,0.033871,0.065164,0.02053,,3479100,,
0,0,,0.522712,0.046801,0.042133,0.020995,0.090055,0.029016,0.057464,0.056996,0.113297,0.02053,,3424700,,
0,0,,0.414002,0.078531,0.063124,0.020995,0.071723,0.039268,0.07267,0.091892,0.127265,0.02053,,3491300,,
0,0,,0.478044,0.046785,0.039742,0.023206,0.058842,0.020526,0.125357,0.031853,0.155116,0.02053,,3040000,,
0,0,,0.448692,0.043967,0.031986,0.020995,0.127235,0.021214,0.185066,0.033871,0.066444,0.02053,,3006700,,
0,0,,0.405493,0.073257,0.102339,0.025813,0.048249,0.096641,0.037165,0.102709,0.087804,0.02053,,3252400,,
0,0,,0.442712,0.046801,0.042133,0.020995,0.090055,0.029016,0.057464,0.056996,0.193297,0.02053,,3091700,,
0,0,,0.448692,0.043967,0.031986,0.020995,0.127235,0.021214,0.185066,0.033871,0.066444,0.02053,,3258900,,
0,0,,0.489403,0.049051,0.042474,0.022689,0.066859,0.022783,0.126496,0.03435,0.125364,0.02053,,3089300,,
0,0,,0.42835,0.039363,0.069496,0.020995,0.065195,0.044847,0.104369,0.059012,0.147844,0.02053,,3318200,,
0,0,,0.489403,0.049051,0.042474,0.022689,0.066859,0.022783,0.126496,0.03435,0.125364,0.02053,,3243200,,
0,0,,0.442712,0.046801,0.042133,0.020995,0.090055,0.029016,0.057464,0.056996,0.193297,0.02053,,3009200,,
0,0,,0.489403,0.049051,0.042474,0.022689,0.066859,0.022783,0.126496,0.03435,0.125364,0.02053,,2966600,,
0,0,,0.522712,0.046801,0.042133,0.020995,0.090055,0.029016,0.057464,0.056996,0.113297,0.02053,,3148000,,
0,0,,0.448692,0.043967,0.031986,0.020995,0.127235,0.021214,0.185066,0.033871,0.066444,0.02053,,3019100,,
0,0,,0.522712,0.046801,0.042133,0.020995,0.090055,0.029016,0.057464,0.056996,0.113297,0.02053,,2964100,,
0,0,,0.478044,0.046785,0.039742,0.023206,0.058842,0.020526,0.125357,0.031853,0.155116,0.02053,,3126000,,
0,0,,0.489403,0.049051,0.042474,0.022689,0.066859,0.022783,0.126496,0.03435,0.125364,0.02053,,2983500,,
0,4,,0.169403,0.049051,0.042474,0.022689,0.386859,0.022783,0.126496,0.03435,0.125364,0.02053,,2981600,,
0,0,,0.405493,0.073257,0.102339,0.025813,0.048249,0.096641,0.037165,0.102709,0.087804,0.02053,,3015600,,
0,0,,0.489403,0.049051,0.042474,0.022689,0.066859,0.022783,0.126496,0.03435,0.125364,0.02053,,3079900,,
0,0,,0.448692,0.043967,0.031986,0.020995,0.127235,0.021214,0.185066,0.033871,0.066444,0.02053,,2953500,,
0,0,,0.522712,0.046801,0.042133,0.020995,0.090055,0.029016,0.057464,0.056996,0.113297,0.02053,,3177100,,
0,0,,0.489403,0.049051,0.042474,0.022689,0.066859,0.022783,0.126496,0.03435,0.125364,0.02053,,3021800,,
0,0,,0.442712,0.046801,0.042133,0.020995,0.090055,0.029016,0.057464,0.056996,0.193297,0.02053,,2935300,,
0,0,,0.342025,0.043967,0.031986,0.020995,0.127235,0.021214,0.185066,0.033871,0.173111,0.02053,,3197400,,
0,0,,0.701389,0.027222,0.04139,0.022488,0.037677,0.04262,0.032575,0.02677,0.041743,0.026127,,2952700,,
0,0,,0.448692,0.043967,0.031986,0.020995,0.127235,0.021214,0.185066,0.033871,0.066444,0.02053,,3179900,,
0,0,,0.489403,0.049051,0.042474,0.022689,0.066859,0.022783,0.126496,0.03435,0.125364,0.02053,,2916500,,
0,0,,0.489403,0.049051,0.042474,0.022689,0.066859,0.022783,0.126496,0.03435,0.125364,0.02053,,2996900,,
0,0,,0.522712,0.046801,0.042133,0.020995,0.090055,0.029016,0.057464,0.056996,0.113297,0.02053,,3111200,,
0,0,,0.405493,0.073257,0.102339,0.025813,0.048249,0.096641,0.037165,0.102709,0.087804,0.02053,,2948500,,
0,0,,0.42835,0.039363,0.069496,0.020995,0.065195,0.044847,0.104369,0.059012,0.147844,0.02053,,2945500,,
0,0,,0.478044,0.046785,0.039742,0.023206,0.058842,0.020526,0.125357,0.031853,0.155116,0.02053,,3078900,,
0,0,,0.478044,0.046785,0.039742,0.023206,0.058842,0.020526,0.125357,0.031853,0.155116,0.02053,,3051800,,
0,0,,0.717389,0.027222,0.04139,0.022488,0.037677,0.02662,0.032575,0.02677,0.041743,0.026127,,3337300,,
0,0,,0.489403,0.049051,0.042474,0.022689,0.066859,0.022783,0.126496,0.03435,0.125364,0.02053,,3435000,,
0,0,,0.489403,0.049051,0.042474,0.022689,0.066859,0.022783,0.126496,0.03435,0.125364,0.02053,,3396900,,
0,8,,0.095412,0.043647,0.030706,0.140995,0.124995,0.021214,0.183466,0.033871,0.185164,0.14053,,3499500,,
0,0,,0.522712,0.046801,0.042133,0.020995,0.090055,0.029016,0.057464,0.056996,0.113297,0.02053,,3450600,,
0,0,,0.462736,0.049051,0.042474,0.022689,0.066859,0.04945,0.126496,0.03435,0.125364,0.02053,,3489100,,
0,0,,0.414002,0.078531,0.063124,0.020995,0.071723,0.039268,0.07267,0.091892,0.127265,0.02053,,3439700,,
0,0,,0.448692,0.043967,0.031986,0.020995,0.127235,0.021214,0.185066,0.033871,0.066444,0.02053,,3415900,,
0,0,,0.448692,0.043967,0.031986,0.020995,0.127235,0.021214,0.185066,0.033871,0.066444,0.02053,,3454400,,
0,0,,0.701389,0.027222,0.04139,0.022488,0.037677,0.04262,0.032575,0.02677,0.041743,0.026127,,3517600,,
0,0,,0.357264,0.043967,0.031986,0.020995,0.127235,0.021214,0.230781,0.033871,0.112159,0.02053,,3405300,,
0,0,,0.442712,0.046801,0.042133,0.020995,0.090055,0.029016,0.057464,0.056996,0.193297,0.02053,,3479000,,
0,0,,0.522712,0.046801,0.042133,0.020995,0.090055,0.029016,0.057464,0.056996,0.113297,0.02053,,3362800,,
0,0,,0.448692,0.043967,0.031986,0.020995,0.127235,0.021214,0.185066,0.033871,0.066444,0.02053,,3457500,,
0,0,,0.448692,0.043967,0.031986,0.020995,0.127235,0.021214,0.185066,0.033871,0.066444,0.02053,,3426900,,
0,0,,0.717389,0.027222,0.04139,0.022488,0.037677,0.02662,0.032575,0.02677,0.041743,0.026127,,3303600,,
0,0,,0.717389,0.027222,0.04139,0.022488,0.037677,0.02662,0.032575,0.02677,0.041743,0.026127,,2947700,,
0,0,,0.414002,0.078531,0.063124,0.020995,0.071723,0.039268,0.07267,0.091892,0.127265,0.02053,,2932400,,
0,0,,0.402978,0.043967,0.031986,0.020995,0.172949,0.021214,0.185066,0.033871,0.066444,0.02053,,3129700,,
0,0,,0.489403,0.049051,0.042474,0.022689,0.066859,0.022783,0.126496,0.03435,0.125364,0.02053,,2953500,,
0,0,,0.442712,0.046801,0.042133,0.020995,0.090055,0.029016,0.057464,0.056996,0.193297,0.02053,,3031400,,
0,0,,0.489403,0.049051,0.042474,0.022689,0.066859,0.022783,0.126496,0.03435,0.125364,0.02053,,2949900,,
0,0,,0.478044,0.046785,0.039742,0.023206,0.058842,0.020526,0.125357,0.031853,0.155116,0.02053,,2944200,,
0,0,,0.522712,0.046801,0.042133,0.020995,0.090055,0.029016,0.057464,0.056996,0.113297,0.02053,,3102500,,
0,0,,0.717389,0.027222,0.04139,0.022488,0.037677,0.02662,0.032575,0.02677,0.041743,0.026127,,2978700,,
0,0,,0.717389,0.027222,0.04139,0.022488,0.037677,0.02662,0.032575,0.02677,0.041743,0.026127,,2940400,,
0,0,,0.448692,0.043967,0.031986,0.020995,0.127235,0.021214,0.185066,0.033871,0.066444,0.02053,,3046200,,
0,0,,0.478044,0.046785,0.039742,0.023206,0.058842,0.020526,0.125357,0.031853,0.155116,0.02053,,2946000,,
0,0,,0.275412,0.043647,0.030706,0.020995,0.124995,0.021214,0.273466,0.033871,0.065164,0.11053,,3019000,,
0,0,,0.701389,0.027222,0.04139,0.022488,0.037677,0.04262,0.032575,0.02677,0.041743,0.026127,,3034500,,
0,0,,0.357264,0.043967,0.031986,0.020995,0.127235,0.021214,0.230781,0.033871,0.112159,0.02053,,2903900,,
0,0,,0.42835,0.039363,0.069496,0.020995,0.065195,0.044847,0.104369,0.059012,0.147844,0.02053,,3025200,,
0,0,,0.42835,0.039363,0.069496,0.020995,0.065195,0.044847,0.104369,0.059012,0.147844,0.02053,,2943100,,
0,0,,0.478044,0.046785,0.039742,0.023206,0.058842,0.020526,0.125357,0.031853,0.155116,0.02053,,3055700,,
0,0,,0.42835,0.039363,0.069496,0.020995,0.065195,0.044847,0.104369,0.059012,0.147844,0.02053,,3117300,,
0,0,,0.342025,0.043967,0.031986,0.020995,0.127235,0.021214,0.185066,0.033871,0.173111,0.02053,,2916400,,
0,0,,0.478044,0.046785,0.039742,0.023206,0.058842,0.020526,0.125357,0.031853,0.155116,0.02053,,3080600,,
0,0,,0.448692,0.043967,0.031986,0.020995,0.127235,0.021214,0.185066,0.033871,0.066444,0.02053,,2988200,,
0,0,,0.478044,0.046785,0.039742,0.023206,0.058842,0.020526,0.125357,0.031853,0.155116,0.02053,,2927800,,
0,0,,0.701389,0.027222,0.04139,0.022488,0.037677,0.04262,0.032575,0.02677,0.041743,0.026127,,4165400,,
0,0,,0.522712,0.046801,0.042133,0.020995,0.090055,0.029016,0.057464,0.056996,0.113297,0.02053,,2994000,,
0,0,,0.448692,0.043967,0.031986,0.020995,0.127235,0.021214,0.185066,0.033871,0.066444,0.02053,,3027800,,
0,0,,0.522712,0.046801,0.042133,0.020995,0.090055,0.029016,0.057464,0.056996,0.113297,0.02053,,3195300,,
0,0,,0.439002,0.098531,0.048124,0.020995,0.071723,0.024268,0.05767,0.091892,0.127265,0.02053,,2949500,,
0,0,,0.474756,0.03405,0.029704,0.023581,0.036581,0.08197,0.02259,0.040627,0.234748,0.021392,,3076000,,
0,0,,0.448692,0.043967,0.031986,0.020995,0.127235,0.021214,0.185066,0.033871,0.066444,0.02053,,3066200,,
0,0,,0.448692,0.043967,0.031986,0.020995,0.127235,0.021214,0.185066,0.033871,0.066444,0.02053,,2943300,,
0,0,,0.717389,0.027222,0.04139,0.022488,0.037677,0.02662,0.032575,0.02677,0.041743,0.026127,,3132100,,
0,0,,0.422025,0.043967,0.031986,0.020995,0.127235,0.021214,0.185066,0.033871,0.093111,0.02053,,2941600,,
0,0,,0.522712,0.046801,0.042133,0.020995,0.090055,0.029016,0.057464,0.056996,0.113297,0.02053,,3117300,,
0,0,,0.557389,0.027222,0.20139,0.022488,0.037677,0.02662,0.032575,0.02677,0.041743,0.026127,,3002700,,
0,0,,0.448692,0.043967,0.031986,0.020995,0.127235,0.021214,0.185066,0.033871,0.066444,0.02053,,3006000,,
0,0,,0.522712,0.046801,0.042133,0.020995,0.090055,0.029016,0.057464,0.056996,0.113297,0.02053,,3108300,,
0,0,,0.405493,0.073257,0.102339,0.025813,0.048249,0.096641,0.037165,0.102709,0.087804,0.02053,,3133000,,
0,0,,0.448692,0.043967,0.031986,0.020995,0.127235,0.021214,0.185066,0.033871,0.066444,0.02053,,3147700,,
0,0,,0.448692,0.043967,0.031986,0.020995,0.127235,0.021214,0.185066,0.033871,0.066444,0.02053,,3185900,,
1,1,,0.028327,0.445481,0.029704,0.023724,0.104088,0.086225,0.05125,0.165961,0.043242,0.021999,,3039900,,
1,1,,0.020426,0.39434,0.048322,0.128946,0.04848,0.114405,0.027514,0.058887,0.030705,0.127975,,3024700,,
1,6,,0.05575,0.106947,0.026092,0.025753,0.06675,0.022338,0.438027,0.129657,0.104393,0.024293,,3328900,,
1,9,,0.020426,0.072479,0.047392,0.175724,0.035457,0.216331,0.019142,0.056096,0.075621,0.28133,,3458800,,
1,1,,0.020426,0.393455,0.049831,0.134051,0.035945,0.117865,0.024996,0.065364,0.029071,0.128996,,3413300,,
1,6,,0.095412,0.064218,0.112991,0.041566,0.155852,0.134357,0.276038,0.033871,0.065164,0.02053,,3475200,,
1,1,,0.020569,0.422372,0.047392,0.124438,0.040297,0.113759,0.021135,0.056096,0.026613,0.127329,,3444300,,
1,1,,0.144368,0.395549,0.039742,0.023348,0.063682,0.020972,0.107713,0.031853,0.151635,0.021137,,3505500,,
1,1,,0.020569,0.225449,0.047392,0.124438,0.114143,0.113759,0.021135,0.056096,0.14969,0.127329,,3037600,,
1,1,,0.095554,0.392411,0.030706,0.021137,0.129835,0.02166,0.185459,0.033871,0.06823,0.021137,,3233000,,
1,1,,0.023982,0.389547,0.085585,0.051857,0.109512,0.061932,0.021135,0.106132,0.101874,0.048444,,3185600,,
1,1,,0.095554,0.392411,0.030706,0.021137,0.129835,0.02166,0.185459,0.033871,0.06823,0.021137,,3547400,,
1,5,,0.020426,0.159288,0.129094,0.126848,0.042266,0.27773,0.027653,0.056947,0.031001,0.128747,,3092100,,
1,1,,0.020569,0.395706,0.047392,0.124438,0.040297,0.113759,0.021135,0.056096,0.05328,0.127329,,3211200,,
1,1,,0.011909,0.309153,0.220102,0.111384,0.020876,0.07499,0.10199,0.032297,0.034098,0.083201,,2975700,,
1,4,,0.020426,0.139406,0.047392,0.124783,0.240628,0.118352,0.019142,0.135218,0.025169,0.129484,,3481100,,
1,5,,0.119779,0.126171,0.151198,0.023548,0.072003,0.196245,0.087165,0.059863,0.141795,0.022232,,3303200,,
1,2,,0.011909,0.125296,0.314816,0.115098,0.020876,0.078705,0.168847,0.032297,0.037812,0.094344,,3110900,,
1,4,,0.02384,0.174609,0.085585,0.05498,0.301407,0.062302,0.072203,0.106132,0.06784,0.051102,,2967600,,
1,1,,0.028327,0.382814,0.029704,0.108724,0.041421,0.023558,0.024583,0.125627,0.213242,0.021999,,3099000,,
1,1,,0.144226,0.378035,0.039742,0.023831,0.075717,0.022401,0.112595,0.031853,0.15107,0.02053,,2997700,,
1,1,,0.011909,0.328439,0.165102,0.071384,0.020876,0.116419,0.01199,0.032297,0.168384,0.073201,,2969900,,
1,1,,0.020426,0.172479,0.047392,0.124295,0.145457,0.143474,0.069142,0.066096,0.074193,0.137045,,3172900,,
1,1,,0.020569,0.422372,0.047392,0.124438,0.040297,0.113759,0.021135,0.056096,0.026613,0.127329,,3045900,,
1,1,,0.095554,0.392411,0.030706,0.021137,0.129835,0.02166,0.185459,0.033871,0.06823,0.021137,,2962200,,
1,1,,0.034111,0.371914,0.062838,0.03468,0.169317,0.055687,0.022325,0.107479,0.100011,0.041638,,3056600,,
1,1,,0.020569,0.395706,0.047392,0.124438,0.040297,0.113759,0.021135,0.056096,0.05328,0.127329,,3099200,,
1,1,,0.144368,0.395549,0.039742,0.023348,0.063682,0.020972,0.107713,0.031853,0.151635,0.021137,,3080200,,
1,8,,0.095412,0.220536,0.031594,0.023662,0.132106,0.021214,0.1888,0.033871,0.231387,0.021419,,3028600,,
1,1,,0.020426,0.398418,0.098417,0.081161,0.067176,0.089087,0.026017,0.118447,0.044284,0.056567,,3032600,,
1,1,,0.102478,0.422021,0.102339,0.025956,0.053089,0.040245,0.039158,0.102709,0.090869,0.021137,,3172500,,
1,9,,0.020426,0.072479,0.05496,0.210782,0.035457,0.115636,0.019142,0.137177,0.024193,0.309747,,3037400,,
1,1,,0.033969,0.338021,0.062838,0.097395,0.142191,0.088354,0.022237,0.064813,0.110924,0.039258,,2980800,,
1,1,,0.020569,0.417061,0.098417,0.080678,0.055141,0.087497,0.021135,0.118447,0.044204,0.056852,,3173600,,
1,1,,0.020569,0.321629,0.078241,0.047285,0.054063,0.084313,0.127802,0.147805,0.033976,0.084317,,2971600,,
1,1,,0.028185,0.41951,0.030593,0.026248,0.262264,0.023112,0.027924,0.113484,0.046399,0.022281,,2944300,,
1,3,,0.020426,0.077377,0.047392,0.340894,0.102668,0.114291,0.026489,0.056096,0.030724,0.183643,,3056000,,
1,1,,0.022652,0.408049,0.112843,0.104887,0.037721,0.050625,0.046621,0.163716,0.029665,0.023221,,3059100,,
1,1,,0.134052,0.397815,0.041348,0.022831,0.069446,0.022666,0.127926,0.03435,0.128429,0.021137,,2973500,,
1,1,,0.028327,0.382814,0.029704,0.108724,0.041421,0.023558,0.024583,0.125627,0.213242,0.021999,,3193600,,
1,2,,0.016671,0.152086,0.336905,0.110381,0.02221,0.080085,0.121111,0.027605,0.098338,0.034607,,3032100,,
1,1,,0.020569,0.422372,0.047392,0.124438,0.040297,0.113759,0.021135,0.056096,0.026613,0.127329,,2915400,,
1,1,,0.020426,0.398418,0.098417,0.081161,0.067176,0.089087,0.026017,0.118447,0.044284,0.056567,,3089300,,
1,1,,0.020426,0.418921,0.102925,0.059977,0.049561,0.073348,0.024475,0.142951,0.062887,0.044529,,3178300,,
1,1,,0.102478,0.422021,0.102339,0.025956,0.053089,0.040245,0.039158,0.102709,0.090869,0.021137,,2983400,,
1,9,,0.020426,0.072479,0.061238,0.151988,0.035457,0.196551,0.019142,0.056096,0.024193,0.362429,,3349000,,
1,7,,0.020426,0.07434,0.048322,0.128946,0.04848,0.114405,0.027514,0.378887,0.030705,0.127975,,2984900,,
1,1,,0.099144,0.427295,0.048124,0.021137,0.076563,0.024714,0.059663,0.091892,0.13033,0.021137,,3020700,,
1,1,,0.102478,0.422021,0.102339,0.025956,0.053089,0.040245,0.039158,0.102709,0.090869,0.021137,,3101600,,
1,1,,0.020569,0.422372,0.047392,0.124438,0.040297,0.113759,0.021135,0.056096,0.026613,0.127329,,3026000,,
1,1,,0.011909,0.217486,0.193769,0.071384,0.020876,0.13699,0.08399,0.104297,0.014098,0.145201,,3115700,,
1,1,,0.023982,0.388176,0.085585,0.051857,0.149512,0.061771,0.021135,0.106132,0.063729,0.048121,,2976900,,
1,8,,0.119779,0.069363,0.099496,0.020995,0.185195,0.03199,0.108655,0.089012,0.254987,0.02053,,2997600,,
1,1,,0.02384,0.400143,0.086515,0.056366,0.117696,0.062416,0.027514,0.108923,0.067821,0.048767,,3050200,,
1,1,,0.028327,0.349481,0.029704,0.023724,0.154754,0.023558,0.024583,0.267294,0.076575,0.021999,,3047100,,
1,6,,0.02384,0.079024,0.085585,0.051715,0.117265,0.062967,0.363586,0.106873,0.061309,0.047836,,2974300,,
1,9,,0.020426,0.154622,0.131678,0.217867,0.035457,0.121331,0.019142,0.05681,0.024193,0.218473,,3111500,,
1,1,,0.020569,0.422372,0.047392,0.124438,0.040297,0.113759,0.021135,0.056096,0.026613,0.127329,,2964300,,
1,1,,0.020569,0.430797,0.102036,0.057453,0.047289,0.073794,0.021135,0.142951,0.05973,0.044247,,3049900,,
1,5,,0.020426,0.074112,0.053106,0.246472,0.036273,0.331706,0.021591,0.056096,0.033173,0.127045,,3058200,,
1,2,,0.020426,0.067168,0.178417,0.120536,0.050301,0.167212,0.019142,0.118447,0.121784,0.136567,,3045100,,
1,7,,0.02251,0.199034,0.12951,0.031412,0.151269,0.032831,0.020184,0.319845,0.063696,0.02971,,2972500,,
1,4,,0.13391,0.049051,0.044903,0.075514,0.206193,0.028442,0.1286,0.086287,0.179078,0.068022,,5183300,,
1,5,,0.144226,0.046785,0.039742,0.023206,0.103842,0.245526,0.15072,0.031853,0.19357,0.02053,,3626800,,
1,2,,0.013993,0.291286,0.297171,0.076036,0.025037,0.031643,0.107476,0.065045,0.068159,0.024154,,3110600,,
1,1,,0.102478,0.422021,0.102339,0.025956,0.053089,0.040245,0.039158,0.102709,0.090869,0.021137,,3013100,,
1,9,,0.020426,0.072479,0.05496,0.210782,0.035457,0.115636,0.019142,0.137177,0.024193,0.309747,,4031800,,
1,0,,0.165212,0.116801,0.162133,0.060995,0.090055,0.037766,0.147464,0.056996,0.132047,0.03053,,3154700,,
1,1,,0.165212,0.209728,0.042133,0.021483,0.103226,0.032644,0.057464,0.072118,0.113023,0.182969,,3301200,,
1,2,,0.02384,0.133668,0.214815,0.051715,0.187749,0.061486,0.074527,0.115363,0.079771,0.057067,,3012200,,
1,4,,0.020426,0.120479,0.047392,0.124295,0.263457,0.113474,0.043142,0.068096,0.036193,0.163045,,2967900,,
1,4,,0.020426,0.162479,0.058642,0.124295,0.170457,0.135974,0.064142,0.078596,0.057943,0.127045,,3025800,,
1,1,,0.05575,0.433299,0.026092,0.023113,0.069748,0.023396,0.117555,0.129657,0.100363,0.021028,,2985800,,
1,1,,0.165355,0.395565,0.042133,0.021137,0.094895,0.028212,0.059457,0.056996,0.115112,0.021137,,3099600,,
1,1,,0.020426,0.172479,0.047392,0.124295,0.145457,0.143474,0.069142,0.066096,0.074193,0.137045,,2975100,,
1,1,,0.020569,0.422372,0.047392,0.124438,0.040297,0.113759,0.021135,0.056096,0.026613,0.127329,,2970300,,
1,1,,0.011909,0.217486,0.211769,0.071384,0.020876,0.15499,0.10199,0.032297,0.104098,0.073201,,3027500,,
1,2,,0.011909,0.20082,0.328435,0.111384,0.020876,0.07499,0.10199,0.032297,0.034098,0.083201,,2984900,,
1,1,,0.095554,0.392411,0.030706,0.021137,0.129835,0.02166,0.185459,0.033871,0.06823,0.021137,,3178900,,
1,0,,0.345212,0.046801,0.042133,0.020995,0.090055,0.027766,0.147464,0.056996,0.112047,0.11053,,3270800,,
1,8,,0.119779,0.069363,0.099496,0.020995,0.185195,0.03199,0.108655,0.089012,0.254987,0.02053,,3052900,,
1,1,,0.020569,0.395706,0.047392,0.124438,0.040297,0.113759,0.021135,0.056096,0.05328,0.127329,,3171300,,
1,1,,0.020569,0.422372,0.047392,0.124438,0.040297,0.113759,0.021135,0.056096,0.026613,0.127329,,3031900,,
1,1,,0.011909,0.388736,0.121769,0.072009,0.197751,0.066865,0.018865,0.032297,0.016598,0.073201,,3081800,,
1,6,,0.13391,0.10048,0.041348,0.022689,0.064606,0.02222,0.280219,0.085779,0.176793,0.071959,,3141400,,
1,1,,0.099144,0.393962,0.048124,0.021137,0.076563,0.024714,0.059663,0.091892,0.163664,0.021137,,2957200,,
1,1,,0.099144,0.427295,0.048124,0.021137,0.076563,0.024714,0.059663,0.091892,0.13033,0.021137,,3015200,,
1,1,,0.020569,0.403414,0.120731,0.040791,0.076109,0.055366,0.021135,0.133807,0.092201,0.035877,,3156400,,
1,4,,0.020426,0.209368,0.048281,0.126962,0.242568,0.113474,0.024475,0.056096,0.030415,0.127933,,3036400,,
1,1,,0.020569,0.422372,0.047392,0.124438,0.040297,0.113759,0.021135,0.056096,0.026613,0.127329,,2966800,,
1,8,,0.020426,0.083729,0.047392,0.12492,0.052332,0.115349,0.026017,0.056096,0.346693,0.127045,,3019000,,
1,6,,0.095412,0.043647,0.030706,0.020995,0.253566,0.021214,0.350609,0.046728,0.116593,0.02053,,2964000,,
1,1,,0.119921,0.388127,0.069496,0.021137,0.070034,0.032436,0.080647,0.059012,0.138052,0.021137,,2991000,,
1,2,,0.011909,0.076653,0.269602,0.071384,0.020876,0.20899,0.04449,0.032297,0.046598,0.217201,,3691300,,
1,1,,0.020569,0.382372,0.047392,0.124438,0.080297,0.113759,0.021135,0.056096,0.026613,0.127329,,2945800,,
1,8,,0.095412,0.060536,0.031594,0.023662,0.132106,0.021214,0.1888,0.033871,0.391387,0.021419,,2970100,,
1,9,,0.020426,0.144479,0.155392,0.196295,0.035457,0.113474,0.055142,0.056096,0.024193,0.199045,,3301800,,
1,1,,0.020426,0.172479,0.047392,0.124295,0.145457,0.143474,0.069142,0.066096,0.074193,0.137045,,3416000,,
1,1,,0.020426,0.319146,0.047392,0.133819,0.127838,0.114427,0.021047,0.056096,0.024193,0.135616,,3438000,,
1,1,,0.020569,0.28015,0.047392,0.124438,0.040297,0.113759,0.021135,0.056096,0.168835,0.127329,,3450100,,
1,1,,0.020569,0.421243,0.047392,0.124438,0.040297,0.11392,0.021135,0.056096,0.027258,0.127652,,3525300,,
1,1,,0.020569,0.422372,0.047392,0.124438,0.040297,0.113759,0.021135,0.056096,0.026613,0.127329,,3530000,,
1,3,,0.011909,0.240721,0.104808,0.34307,0.022445,0.139187,0.01199,0.033474,0.014098,0.078299,,3519600,,
1,4,,0.020426,0.162479,0.058642,0.124295,0.170457,0.135974,0.064142,0.078596,0.057943,0.127045,,3488700,,
1,2,,0.165212,0.046801,0.258133,0.044995,0.090055,0.027766,0.081464,0.056996,0.184047,0.04453,,3434800,,
1,1,,0.020569,0.422372,0.047392,0.124438,0.040297,0.113759,0.021135,0.056096,0.026613,0.127329,,3450100,,
1,9,,0.020426,0.144479,0.155392,0.196295,0.035457,0.113474,0.055142,0.056096,0.024193,0.199045,,3491100,,
1,1,,0.022652,0.355246,0.076176,0.104887,0.173106,0.048968,0.022177,0.08987,0.065686,0.041231,,3136800,,
1,1,,0.020426,0.182032,0.102036,0.05731,0.152449,0.103348,0.069142,0.152951,0.106665,0.05364,,2981100,,
1,7,,0.020426,0.194918,0.04788,0.124295,0.08375,0.155426,0.019142,0.199999,0.024193,0.129971,,3222500,,
1,6,,0.233874,0.071339,0.030706,0.020995,0.152687,0.021214,0.294236,0.033871,0.120549,0.02053,,3047200,,
1,4,,0.020426,0.162479,0.058642,0.124295,0.170457,0.135974,0.064142,0.078596,0.057943,0.127045,,2978800,,
1,1,,0.055892,0.335429,0.026092,0.02263,0.057712,0.045044,0.112673,0.129657,0.147082,0.067789,,3309800,,
1,6,,0.099002,0.089781,0.048124,0.02162,0.088598,0.026143,0.384545,0.091892,0.129765,0.02053,,2951500,,
1,1,,0.095554,0.392411,0.030706,0.021137,0.129835,0.02166,0.185459,0.033871,0.06823,0.021137,,3282800,,
2,2,,0.011909,0.044153,0.499808,0.091384,0.040876,0.10499,0.087284,0.032297,0.014098,0.073201,,3138200,,
2,2,,0.020426,0.133787,0.207472,0.047143,0.1323,0.084029,0.074527,0.157036,0.050017,0.093263,,3326400,,
2,4,,0.13391,0.049051,0.041348,0.022689,0.244606,0.11222,0.125933,0.03435,0.215364,0.02053,,3295400,,
2,3,,0.020426,0.0875,0.170966,0.205522,0.050633,0.088209,0.060693,0.144375,0.104443,0.067232,,3016400,,
2,0,,0.717389,0.027222,0.04139,0.022488,0.037677,0.02662,0.032575,0.02677,0.041743,0.026127,,2994300,,
2,2,,0.102335,0.073257,0.302339,0.045813,0.108249,0.039799,0.117165,0.102709,0.087804,0.02053,,3030100,,
2,3,,0.020426,0.074048,0.052098,0.395982,0.037026,0.18767,0.019142,0.057273,0.024193,0.132143,,3032500,,
2,3,,0.011909,0.063717,0.202195,0.246894,0.021692,0.229888,0.059266,0.032297,0.041009,0.091132,,3175700,,
2,2,,0.011909,0.117141,0.40236,0.045964,0.029008,0.123828,0.104039,0.067362,0.055798,0.04259,,3117600,,
2,2,,0.020426,0.074979,0.277225,0.136795,0.035457,0.117974,0.019142,0.057596,0.024693,0.235711,,2984800,,
2,2,,0.02251,0.108173,0.312843,0.051412,0.092881,0.099068,0.100184,0.163716,0.026599,0.022613,,2954900,,
2,5,,0.02384,0.098854,0.16787,0.072286,0.13553,0.174629,0.111713,0.106132,0.061309,0.047836,,3415600,,
2,2,,0.144226,0.046785,0.219742,0.023206,0.058842,0.020526,0.10572,0.031853,0.14857,0.20053,,3015500,,
2,2,,0.047233,0.030367,0.260135,0.017492,0.106968,0.196699,0.09228,0.018099,0.207017,0.023711,,3050600,,
2,0,,0.222736,0.049051,0.149141,0.022689,0.173526,0.022783,0.17983,0.03435,0.125364,0.02053,,3112900,,
2,5,,0.119779,0.039363,0.069496,0.020995,0.065195,0.27199,0.078655,0.059012,0.254987,0.02053,,2998900,,
2,4,,0.020426,0.072479,0.047392,0.124295,0.241171,0.113474,0.121999,0.056096,0.075621,0.127045,,3045600,,
2,6,,0.128692,0.043967,0.138652,0.020995,0.233902,0.021214,0.291733,0.033871,0.066444,0.02053,,3128900,,
2,2,,0.099002,0.110295,0.196359,0.020995,0.071723,0.098386,0.131788,0.091892,0.15903,0.02053,,2950100,,
2,2,,0.011909,0.046653,0.439602,0.147884,0.020876,0.19749,0.01199,0.033797,0.014598,0.075201,,3116900,,
2,9,,0.011909,0.08898,0.223378,0.251384,0.020876,0.06499,0.029921,0.032297,0.014098,0.262166,,2951600,,
2,7,,0.020426,0.074787,0.052007,0.126603,0.037765,0.119628,0.024527,0.226865,0.189578,0.127814,,2934100,,
2,2,,0.028185,0.065815,0.395375,0.048094,0.036581,0.09723,0.096708,0.06514,0.120967,0.045905,,3041000,,
2,8,,0.099002,0.078531,0.128124,0.060995,0.071723,0.104268,0.05767,0.091892,0.207265,0.10053,,2955300,,
2,0,,0.377287,0.068011,0.230827,0.012286,0.037714,0.031402,0.097148,0.033977,0.090313,0.021036,,3051700,,
2,2,,0.020426,0.05465,0.480731,0.040648,0.071269,0.05492,0.019142,0.133807,0.089136,0.03527,,2959600,,
2,2,,0.020426,0.080902,0.254741,0.219643,0.049223,0.088529,0.019142,0.149305,0.032056,0.086033,,3002000,,
2,2,,0.028185,0.03405,0.36714,0.048094,0.036581,0.083112,0.08259,0.06514,0.089203,0.165905,,3042500,,
2,2,,0.02384,0.172211,0.284942,0.064215,0.104672,0.1117,0.019142,0.107632,0.061809,0.049836,,3139800,,
2,2,,0.099002,0.133915,0.177355,0.020995,0.1548,0.024268,0.113055,0.101122,0.145727,0.029761,,2973600,,
2,2,,0.011909,0.062084,0.286481,0.071384,0.020876,0.15499,0.146817,0.032297,0.122029,0.091132,,3073900,,
2,7,,0.011909,0.062416,0.19903,0.07637,0.021209,0.065988,0.058369,0.218225,0.194688,0.091797,,2946800,,
2,2,,0.020426,0.142479,0.167392,0.164295,0.035457,0.123474,0.109142,0.056096,0.044193,0.137045,,3150800,,
2,9,,0.165212,0.046801,0.132133,0.020995,0.090055,0.117766,0.057464,0.056996,0.112047,0.20053,,2971700,,
2,3,,0.020426,0.074048,0.052098,0.459982,0.037026,0.12367,0.019142,0.057273,0.024193,0.132143,,3051000,,
2,8,,0.02384,0.108283,0.115585,0.111715,0.119672,0.121486,0.094142,0.106132,0.136309,0.062836,,2909500,,
2,8,,0.011909,0.056271,0.197255,0.084854,0.021364,0.073095,0.084701,0.041565,0.34269,0.086295,,2962300,,
2,6,,0.128692,0.043967,0.138652,0.020995,0.233902,0.021214,0.291733,0.033871,0.066444,0.02053,,3128700,,
2,2,,0.011909,0.067871,0.305313,0.174344,0.024684,0.112801,0.056817,0.081839,0.121232,0.04319,,2979400,,
2,2,,0.011909,0.153153,0.376102,0.111384,0.020876,0.07499,0.10199,0.032297,0.034098,0.083201,,2934800,,
2,2,,0.011909,0.084582,0.300018,0.047654,0.059263,0.161068,0.149389,0.083999,0.036182,0.065936,,3469800,,
2,2,,0.011909,0.077628,0.360041,0.16114,0.021364,0.069381,0.130344,0.041565,0.051476,0.075152,,3109800,,
2,9,,0.011909,0.076653,0.197602,0.071384,0.020876,0.06499,0.04449,0.032297,0.046598,0.433201,,3219700,,
2,2,,0.011909,0.04608,0.301059,0.147082,0.148406,0.047925,0.147284,0.083999,0.018251,0.048005,,3006300,,
2,2,,0.011909,0.05848,0.443228,0.069964,0.029008,0.04971,0.080817,0.067362,0.113965,0.075556,,2921200,,
2,2,,0.020426,0.082032,0.192036,0.14731,0.042449,0.163348,0.019142,0.142951,0.146665,0.04364,,3209000,,
2,2,,0.011909,0.089313,0.417926,0.07637,0.021209,0.065988,0.031472,0.122225,0.016757,0.146831,,2971300,,
2,2,,0.011909,0.101829,0.45906,0.063468,0.042248,0.04156,0.10199,0.07643,0.071049,0.030458,,3061300,,
2,2,,0.033969,0.142523,0.462318,0.036356,0.04981,0.04225,0.020332,0.064813,0.116942,0.030687,,3181400,,
2,2,,0.020426,0.05715,0.350565,0.053148,0.071269,0.05942,0.019142,0.135307,0.089636,0.143937,,2962300,,
2,0,,0.47391,0.069051,0.041348,0.022689,0.064606,0.02222,0.125933,0.03435,0.125364,0.02053,,2922200,,
2,2,,0.028185,0.03655,0.39164,0.124594,0.036581,0.155612,0.02259,0.06664,0.089703,0.047905,,3256500,,
2,2,,0.011909,0.083153,0.30753,0.242812,0.020876,0.082133,0.063418,0.032297,0.048384,0.107487,,3038300,,
2,9,,0.011909,0.078198,0.199522,0.090784,0.107778,0.078901,0.078847,0.054807,0.017812,0.281442,,3025000,,
2,8,,0.13391,0.054506,0.052257,0.184507,0.064606,0.030402,0.125933,0.03435,0.299,0.02053,,3075500,,
2,3,,0.020426,0.072479,0.201678,0.227152,0.035457,0.113474,0.121999,0.056096,0.024193,0.127045,,2978900,,
2,0,,0.222736,0.049051,0.149141,0.022689,0.173526,0.022783,0.17983,0.03435,0.125364,0.02053,,3236900,,
2,3,,0.011909,0.219055,0.126474,0.24707,0.022445,0.075187,0.01199,0.033474,0.014098,0.238299,,3036700,,
2,8,,0.05575,0.090858,0.089729,0.022488,0.024812,0.021521,0.096211,0.02677,0.550833,0.021028,,3102600,,
2,2,,0.011909,0.087876,0.510625,0.058464,0.029008,0.05421,0.029921,0.068862,0.104534,0.04459,,3056300,,
2,2,,0.011909,0.17608,0.456353,0.027082,0.028406,0.047925,0.01199,0.173999,0.018251,0.048005,,2993300,,
2,2,,0.011909,0.179549,0.286849,0.045964,0.139008,0.07971,0.06199,0.077362,0.074034,0.043625,,2982300,,
2,2,,0.013993,0.215985,0.317552,0.063274,0.075894,0.130341,0.105603,0.035045,0.018159,0.024154,,3112200,,
2,5,,0.020426,0.072479,0.047392,0.124295,0.035457,0.473474,0.019142,0.056096,0.024193,0.127045,,3009500,,
2,2,,0.165212,0.046801,0.312133,0.020995,0.120055,0.027766,0.087464,0.056996,0.112047,0.05053,,3048600,,
2,2,,0.020426,0.087168,0.238417,0.160536,0.050301,0.087212,0.099142,0.118447,0.081784,0.056567,,3073300,,
2,2,,0.011909,0.078221,0.308974,0.300403,0.022445,0.075187,0.04449,0.033474,0.046598,0.078299,,2929900,,
2,2,,0.020426,0.078402,0.405809,0.05363,0.049223,0.086191,0.019142,0.148886,0.031556,0.106735,,3068700,,
2,2,,0.02384,0.190404,0.20316,0.053533,0.104672,0.069668,0.019142,0.106132,0.181612,0.047836,,3057900,,
2,2,,0.095332,0.07238,0.31839,0.012286,0.106026,0.016161,0.106376,0.032984,0.219029,0.021036,,2983600,,
2,2,,0.020426,0.054983,0.31528,0.045635,0.071601,0.055917,0.020693,0.223735,0.091796,0.099935,,3016800,,
2,5,,0.033969,0.091354,0.147544,0.062773,0.09481,0.259069,0.065332,0.083636,0.112003,0.04951,,3054000,,
2,3,,0.119779,0.039363,0.149496,0.180995,0.065195,0.07199,0.078655,0.059012,0.174987,0.06053,,2968400,,
2,2,,0.165212,0.046801,0.222133,0.020995,0.090055,0.027766,0.057464,0.056996,0.112047,0.20053,,3011200,,
2,2,,0.095332,0.066553,0.338257,0.012286,0.054597,0.286161,0.037017,0.032984,0.064743,0.01207,,3230800,,
2,6,,0.13391,0.049051,0.041348,0.022689,0.104606,0.02222,0.285933,0.03435,0.285364,0.02053,,3241700,,
2,8,,0.05575,0.027222,0.106092,0.182488,0.024812,0.061521,0.032575,0.02677,0.421743,0.061028,,3023800,,
2,9,,0.039602,0.062084,0.196481,0.099076,0.076261,0.06499,0.056817,0.032297,0.032029,0.340363,,3074600,,
2,2,,0.020426,0.078402,0.438241,0.047143,0.049223,0.084029,0.019142,0.147805,0.031556,0.084033,,2960800,,
2,2,,0.011909,0.062084,0.232481,0.143384,0.056876,0.07399,0.092817,0.131297,0.077029,0.118132,,3619400,,
2,2,,0.020426,0.072812,0.187083,0.174996,0.03579,0.114472,0.066408,0.082024,0.118281,0.127709,,3497500,,
2,3,,0.020426,0.069668,0.221584,0.306369,0.050301,0.091712,0.019142,0.119947,0.042284,0.058567,,3441100,,
2,0,,0.462335,0.073257,0.102339,0.025813,0.048249,0.039799,0.037165,0.102709,0.087804,0.02053,,3423700,,
2,8,,0.119779,0.039363,0.069496,0.020995,0.065195,0.03199,0.078655,0.239012,0.314987,0.02053,,3489900,,
2,2,,0.028185,0.03655,0.476973,0.060594,0.036581,0.027612,0.02259,0.06664,0.089703,0.154572,,3456000,,
2,2,,0.02251,0.09984,0.35451,0.051412,0.142881,0.025735,0.020184,0.223716,0.026599,0.032613,,3375000,,
2,9,,0.011909,0.076653,0.197894,0.071968,0.020876,0.075793,0.04449,0.032297,0.046598,0.421522,,3542400,,
2,6,,0.082934,0.072478,0.03994,0.021201,0.044508,0.019637,0.317997,0.10847,0.26547,0.027365,,3394700,,
2,3,,0.020426,0.072479,0.083392,0.196295,0.071457,0.122474,0.055142,0.155096,0.069193,0.154045,,3376000,,
2,2,,0.011909,0.055296,0.230816,0.147098,0.056876,0.077705,0.114847,0.131297,0.062812,0.111344,,3091900,,
2,6,,0.128692,0.043967,0.138652,0.020995,0.233902,0.021214,0.291733,0.033871,0.066444,0.02053,,2986200,,
2,5,,0.13391,0.049051,0.041348,0.022689,0.064606,0.38222,0.125933,0.03435,0.125364,0.02053,,3098000,,
2,2,,0.020426,0.078402,0.348241,0.047143,0.049223,0.084029,0.019142,0.237805,0.031556,0.084033,,2923200,,
2,2,,0.011909,0.219794,0.286384,0.073691,0.023184,0.071144,0.017374,0.203066,0.019483,0.07397,,3110200,,
2,4,,0.095412,0.091647,0.030706,0.020995,0.352995,0.021214,0.207466,0.045871,0.077164,0.05653,,3136000,,
2,2,,0.011909,0.055628,0.334507,0.125798,0.021209,0.069702,0.126113,0.058225,0.1119,0.085009,,2946800,,
2,9,,0.011909,0.099555,0.202308,0.08707,0.107778,0.075187,0.04449,0.054807,0.046598,0.270299,,3015400,,
2,2,,0.011909,0.044153,0.315808,0.143384,0.056876,0.07399,0.063284,0.131297,0.059098,0.100201,,3052700,,
2,9,,0.020426,0.072479,0.127392,0.164295,0.035457,0.193474,0.019142,0.056096,0.104193,0.207045,,3000300,,
2,2,,0.02384,0.172211,0.284942,0.064215,0.104672,0.1117,0.019142,0.107632,0.061809,0.049836,,3048200,,
2,2,,0.011909,0.083153,0.472102,0.095384,0.020876,0.06499,0.03599,0.032297,0.086098,0.097201,,3153700,,
2,2,,0.011909,0.08508,0.547353,0.027082,0.028406,0.047925,0.01199,0.173999,0.018251,0.048005,,2929600,,
2,8,,0.13391,0.049051,0.041348,0.202689,0.064606,0.02222,0.125933,0.03435,0.305364,0.02053,,3025000,,
2,7,,0.020426,0.072812,0.049941,0.129281,0.03579,0.114472,0.020693,0.242024,0.186852,0.127709,,3037500,,
2,9,,0.020426,0.067168,0.170417,0.152536,0.050301,0.159212,0.019142,0.118447,0.041784,0.200567,,3085200,,
2,2,,0.020426,0.080902,0.414741,0.059643,0.049223,0.088529,0.019142,0.149305,0.032056,0.086033,,2969200,,
2,2,,0.033969,0.123119,0.31774,0.034537,0.04981,0.108186,0.09445,0.118146,0.089356,0.030687,,3484000,,
2,2,,0.19175,0.027222,0.248378,0.022488,0.024812,0.07295,0.032575,0.02677,0.177743,0.175313,,3460000,,
2,3,,0.020426,0.074622,0.051678,0.457867,0.035457,0.121331,0.019142,0.05681,0.024193,0.138473,,3452900,,
2,3,,0.011909,0.13082,0.187114,0.266759,0.020876,0.227153,0.01199,0.033378,0.014098,0.095904,,4490400,,
2,2,,0.222471,0.03405,0.235418,0.072153,0.036581,0.12597,0.02259,0.140627,0.088748,0.021392,,2976100,,
2,2,,0.033969,0.181127,0.280407,0.075273,0.04981,0.125841,0.020332,0.085136,0.067503,0.080601,,3112100,,
3,2,,0.172416,0.087222,0.256092,0.199154,0.081479,0.021521,0.032575,0.02677,0.101743,0.021028,,3279800,,
3,3,,0.020426,0.082032,0.136322,0.17731,0.059592,0.176205,0.036285,0.142951,0.073808,0.095068,,3479100,,
3,5,,0.020426,0.162479,0.077392,0.124295,0.065457,0.173474,0.049142,0.056096,0.144193,0.127045,,3381200,,
3,3,,0.020426,0.0875,0.170966,0.205522,0.050633,0.088209,0.060693,0.144375,0.104443,0.067232,,3696500,,
3,8,,0.186756,0.03405,0.029704,0.023581,0.036581,0.22597,0.02259,0.040627,0.378748,0.021392,,3629600,,
3,5,,0.020426,0.083008,0.104475,0.147066,0.042937,0.237739,0.024996,0.152219,0.141543,0.045591,,3418600,,
3,5,,0.020426,0.108402,0.078241,0.137143,0.109223,0.174029,0.019142,0.147805,0.121556,0.084033,,3539000,,
3,9,,0.020426,0.072479,0.05496,0.210782,0.035457,0.115636,0.019142,0.137177,0.024193,0.309747,,3725800,,
3,3,,0.020426,0.074622,0.051678,0.457867,0.035457,0.121331,0.019142,0.05681,0.024193,0.138473,,3433100,,
3,6,,0.020426,0.067168,0.098417,0.080536,0.050301,0.087212,0.379142,0.118447,0.041784,0.056567,,3517700,,
3,2,,0.02384,0.078283,0.306485,0.164868,0.104672,0.063648,0.019142,0.107213,0.061309,0.070539,,3479500,,
3,6,,0.020426,0.071739,0.09956,0.083964,0.060587,0.090641,0.348285,0.11959,0.047498,0.05771,,3404300,,
3,8,,0.020426,0.072479,0.098821,0.175724,0.086886,0.113474,0.019142,0.056096,0.178479,0.178473,,3461700,,
3,3,,0.020426,0.074112,0.053106,0.459805,0.036273,0.118372,0.021591,0.056096,0.033173,0.127045,,3508200,,
3,2,,0.011909,0.102827,0.237224,0.182153,0.020876,0.141144,0.029921,0.032297,0.014098,0.227551,,3445800,,
3,2,,0.020426,0.078402,0.438241,0.047143,0.049223,0.084029,0.019142,0.147805,0.031556,0.084033,,2950400,,
3,9,,0.020426,0.074048,0.052098,0.139982,0.037026,0.12367,0.019142,0.217273,0.024193,0.292143,,2976000,,
3,3,,0.020426,0.074048,0.158765,0.353315,0.037026,0.12367,0.019142,0.057273,0.024193,0.132143,,4120900,,
3,3,,0.020426,0.072479,0.069892,0.199295,0.072957,0.143474,0.056642,0.153596,0.084193,0.127045,,2994800,,
3,2,,0.020426,0.072479,0.263392,0.148295,0.035457,0.113474,0.043142,0.056096,0.096193,0.151045,,3032200,,
3,3,,0.020426,0.07434,0.048322,0.235613,0.04848,0.114405,0.134181,0.058887,0.137371,0.127975,,3052300,,
3,8,,0.020426,0.073455,0.049831,0.134051,0.035945,0.117865,0.024996,0.065364,0.349071,0.128996,,3042800,,
3,9,,0.020426,0.154622,0.131678,0.217867,0.035457,0.121331,0.019142,0.05681,0.024193,0.218473,,3090400,,
3,3,,0.020426,0.072479,0.050948,0.177121,0.177044,0.119697,0.021809,0.108033,0.077907,0.174537,,2976600,,
3,2,,0.020426,0.072812,0.187083,0.174996,0.03579,0.114472,0.066408,0.082024,0.118281,0.127709,,3029200,,
3,5,,0.020426,0.072479,0.047392,0.124295,0.125457,0.293474,0.019142,0.056096,0.024193,0.217045,,3142500,,
3,3,,0.020426,0.074979,0.223892,0.296795,0.035457,0.117974,0.019142,0.057596,0.024693,0.129045,,2959800,,
3,2,,0.011909,0.062084,0.416481,0.091384,0.040876,0.10499,0.116817,0.032297,0.032029,0.091132,,2954600,,
3,3,,0.020426,0.092812,0.119941,0.249281,0.03579,0.114472,0.060693,0.082024,0.086852,0.137709,,3159600,,
3,3,,0.020426,0.108479,0.047392,0.340295,0.035457,0.113474,0.019142,0.056096,0.096193,0.163045,,2951700,,
3,3,,0.020426,0.074048,0.116098,0.331982,0.037026,0.18767,0.019142,0.057273,0.024193,0.132143,,3018100,,
3,3,,0.020426,0.072812,0.103274,0.262615,0.03579,0.141138,0.074027,0.082024,0.080186,0.127709,,3090400,,
3,2,,0.020426,0.054983,0.31528,0.045635,0.071601,0.055917,0.020693,0.223735,0.091796,0.099935,,2979400,,
3,7,,0.020426,0.078402,0.114241,0.119143,0.085223,0.093029,0.055142,0.246805,0.076556,0.111033,,3006600,,
3,9,,0.020426,0.075442,0.047392,0.235406,0.035457,0.146067,0.019142,0.056096,0.024934,0.339637,,2920500,,
3,2,,0.020426,0.078402,0.438241,0.047143,0.049223,0.084029,0.019142,0.147805,0.031556,0.084033,,3281300,,
3,3,,0.020426,0.074787,0.052007,0.190603,0.037765,0.183628,0.088527,0.130865,0.093578,0.127814,,2969900,,
3,9,,0.020426,0.154622,0.131678,0.217867,0.035457,0.121331,0.019142,0.05681,0.024193,0.218473,,2947900,,
3,9,,0.033969,0.091354,0.147544,0.114201,0.04981,0.136926,0.020332,0.083636,0.118431,0.203796,,3233400,,
3,3,,0.020426,0.072812,0.071274,0.257281,0.03579,0.135805,0.020693,0.082024,0.176186,0.127709,,3036100,,
3,5,,0.020426,0.072479,0.047392,0.196295,0.035457,0.257474,0.019142,0.056096,0.096193,0.199045,,3087500,,
