optdigits,CWE,test,4,NANOSECONDS,PREDICTIONS, Generated by ClassifierExperiments.java on 2022-05-16 19:33:03.    SYSTEMPROPERTIES:{user.name:matth,os.arch:amd64,os.name:Windows 10},ENDSYSTEMPROPERTIES
No parameter info
0.5491585473870682,7599759100,3243757200,-1,161391928,10,,-1,-1
0,0,,0.257482,0.070873,0.028591,0.015427,0.205617,0.015075,0.216522,0.040237,0.135895,0.014281,,3313700,,
0,0,,0.62829,0.031059,0.022237,0.015647,0.027037,0.015295,0.027514,0.179251,0.038337,0.015333,,2982600,,
0,0,,0.50319,0.043508,0.044204,0.014594,0.096281,0.027863,0.064539,0.061274,0.130266,0.014281,,3212700,,
0,0,,0.45119,0.043508,0.044204,0.014594,0.096281,0.027863,0.064539,0.061274,0.182266,0.014281,,2907800,,
0,1,,0.022611,0.392035,0.073179,0.023021,0.051273,0.249191,0.015259,0.069182,0.077328,0.026921,,3150500,,
0,0,,0.490115,0.021527,0.045537,0.017031,0.165134,0.021065,0.092449,0.021109,0.105538,0.020494,,2913500,,
0,0,,0.473208,0.055678,0.03764,0.017358,0.071105,0.014242,0.133169,0.028229,0.155092,0.014281,,2939700,,
0,0,,0.37319,0.043508,0.044204,0.014594,0.096281,0.157863,0.064539,0.061274,0.130266,0.014281,,3113700,,
0,0,,0.275139,0.044206,0.037239,0.024076,0.164897,0.015075,0.216522,0.044201,0.164364,0.014281,,2880500,,
0,0,,0.324231,0.074857,0.04243,0.016713,0.097653,0.016361,0.152977,0.051738,0.208759,0.014281,,3345700,,
0,4,,0.151923,0.102146,0.051002,0.016713,0.228752,0.016361,0.152977,0.079028,0.186818,0.014281,,3054600,,
0,0,,0.473208,0.055678,0.03764,0.017358,0.071105,0.014242,0.133169,0.028229,0.155092,0.014281,,2868300,,
0,0,,0.473208,0.055678,0.03764,0.017358,0.071105,0.014242,0.133169,0.028229,0.155092,0.014281,,2849200,,
0,0,,0.62829,0.031059,0.022237,0.015647,0.027037,0.015295,0.027514,0.179251,0.038337,0.015333,,2839300,,
0,0,,0.399933,0.048618,0.031238,0.015427,0.143362,0.015075,0.216522,0.030433,0.085111,0.014281,,2939200,,
0,0,,0.50319,0.043508,0.044204,0.014594,0.096281,0.027863,0.064539,0.061274,0.130266,0.014281,,2873600,,
0,0,,0.343923,0.082241,0.04243,0.016713,0.073038,0.016361,0.152977,0.027123,0.230913,0.014281,,2775800,,
0,0,,0.734549,0.021527,0.046983,0.017031,0.040749,0.021788,0.034233,0.021109,0.041538,0.020494,,2778000,,
0,0,,0.45119,0.043508,0.044204,0.014594,0.096281,0.027863,0.064539,0.061274,0.182266,0.014281,,2750400,,
0,4,,0.196148,0.06554,0.049924,0.015427,0.245617,0.015075,0.216522,0.048237,0.133229,0.014281,,2764000,,
0,0,,0.62829,0.031059,0.022237,0.015647,0.027037,0.015295,0.027514,0.179251,0.038337,0.015333,,2786400,,
0,0,,0.42345,0.042489,0.071261,0.014594,0.065183,0.023666,0.093841,0.075663,0.175573,0.014281,,2786700,,
0,0,,0.473208,0.055678,0.03764,0.017358,0.071105,0.014242,0.133169,0.028229,0.155092,0.014281,,2752700,,
0,0,,0.257482,0.070873,0.028591,0.015427,0.205617,0.015075,0.216522,0.040237,0.135895,0.014281,,2761000,,
0,0,,0.448649,0.021527,0.192564,0.017031,0.024277,0.016183,0.034233,0.021109,0.209538,0.01489,,2767600,,
0,0,,0.275139,0.044206,0.037239,0.024076,0.164897,0.015075,0.216522,0.044201,0.164364,0.014281,,2754700,,
0,0,,0.50319,0.043508,0.044204,0.014594,0.096281,0.027863,0.064539,0.061274,0.130266,0.014281,,2806400,,
0,0,,0.734549,0.021527,0.046983,0.017031,0.040749,0.021788,0.034233,0.021109,0.041538,0.020494,,2757900,,
0,0,,0.329701,0.050241,0.04243,0.016713,0.090816,0.016361,0.152977,0.044901,0.24158,0.014281,,2773700,,
0,0,,0.275139,0.044206,0.037239,0.024076,0.164897,0.015075,0.216522,0.044201,0.164364,0.014281,,2759100,,
0,0,,0.335891,0.077015,0.135449,0.020303,0.053314,0.048211,0.048083,0.161985,0.105468,0.014281,,2763000,,
0,0,,0.62829,0.031059,0.022237,0.015647,0.027037,0.015295,0.027514,0.179251,0.038337,0.015333,,2819800,,
0,4,,0.271724,0.049661,0.028591,0.015427,0.276223,0.015075,0.216522,0.032358,0.080138,0.014281,,2765500,,
0,0,,0.734549,0.021527,0.046983,0.017031,0.040749,0.021788,0.034233,0.021109,0.041538,0.020494,,2741600,,
0,0,,0.42345,0.042489,0.071261,0.014594,0.065183,0.023666,0.093841,0.075663,0.175573,0.014281,,2741600,,
0,0,,0.42345,0.042489,0.071261,0.014594,0.065183,0.023666,0.093841,0.075663,0.175573,0.014281,,2741900,,
0,0,,0.399933,0.048618,0.031238,0.015427,0.143362,0.015075,0.216522,0.030433,0.085111,0.014281,,2731700,,
0,0,,0.303502,0.067083,0.04243,0.016713,0.073038,0.016361,0.152977,0.043965,0.26965,0.014281,,2759700,,
0,0,,0.734549,0.021527,0.046983,0.017031,0.040749,0.021788,0.034233,0.021109,0.041538,0.020494,,2747600,,
0,0,,0.734549,0.021527,0.046983,0.017031,0.040749,0.021788,0.034233,0.021109,0.041538,0.020494,,2776500,,
0,0,,0.734549,0.021527,0.046983,0.017031,0.040749,0.021788,0.034233,0.021109,0.041538,0.020494,,2737900,,
0,0,,0.329701,0.050241,0.04243,0.016713,0.090816,0.016361,0.152977,0.044901,0.24158,0.014281,,2748100,,
0,0,,0.401724,0.049661,0.028591,0.015427,0.146223,0.015075,0.216522,0.032358,0.080138,0.014281,,2771100,,
0,0,,0.50319,0.043508,0.044204,0.014594,0.096281,0.027863,0.064539,0.061274,0.130266,0.014281,,2759400,,
0,0,,0.416524,0.043508,0.044204,0.014594,0.096281,0.11453,0.064539,0.061274,0.130266,0.014281,,2738700,,
0,4,,0.196148,0.06554,0.049924,0.015427,0.245617,0.015075,0.216522,0.048237,0.133229,0.014281,,2747700,,
0,0,,0.275139,0.044206,0.037239,0.024076,0.164897,0.015075,0.216522,0.044201,0.164364,0.014281,,2754700,,
0,4,,0.196148,0.06554,0.049924,0.015427,0.245617,0.015075,0.216522,0.048237,0.133229,0.014281,,2753000,,
0,0,,0.416524,0.043508,0.044204,0.014594,0.096281,0.11453,0.064539,0.061274,0.130266,0.014281,,2791300,,
0,0,,0.401724,0.049661,0.028591,0.015427,0.146223,0.015075,0.216522,0.032358,0.080138,0.014281,,2781400,,
0,0,,0.473208,0.055678,0.03764,0.017358,0.071105,0.014242,0.133169,0.028229,0.155092,0.014281,,2780100,,
0,0,,0.317084,0.070886,0.052753,0.016713,0.083361,0.016361,0.152977,0.037445,0.238139,0.014281,,2750600,,
0,0,,0.317084,0.070886,0.052753,0.016713,0.083361,0.016361,0.152977,0.037445,0.238139,0.014281,,2744200,,
0,0,,0.473208,0.055678,0.03764,0.017358,0.071105,0.014242,0.133169,0.028229,0.155092,0.014281,,2762000,,
0,0,,0.335891,0.077015,0.135449,0.020303,0.053314,0.048211,0.048083,0.161985,0.105468,0.014281,,2764800,,
0,8,,0.279923,0.050241,0.05523,0.016713,0.098638,0.016361,0.152977,0.027123,0.288513,0.014281,,2754500,,
0,0,,0.62829,0.031059,0.022237,0.015647,0.027037,0.015295,0.027514,0.179251,0.038337,0.015333,,2763700,,
0,0,,0.329701,0.050241,0.04243,0.016713,0.090816,0.016361,0.152977,0.044901,0.24158,0.014281,,2756300,,
0,0,,0.335891,0.077015,0.135449,0.020303,0.053314,0.048211,0.048083,0.161985,0.105468,0.014281,,2734000,,
0,0,,0.473208,0.055678,0.03764,0.017358,0.071105,0.014242,0.133169,0.028229,0.155092,0.014281,,2777800,,
0,0,,0.257482,0.070873,0.028591,0.015427,0.205617,0.015075,0.216522,0.040237,0.135895,0.014281,,2815300,,
0,0,,0.734549,0.021527,0.046983,0.017031,0.040749,0.021788,0.034233,0.021109,0.041538,0.020494,,2769500,,
0,0,,0.734549,0.021527,0.046983,0.017031,0.040749,0.021788,0.034233,0.021109,0.041538,0.020494,,2761800,,
0,0,,0.257482,0.070873,0.028591,0.015427,0.205617,0.015075,0.216522,0.040237,0.135895,0.014281,,2749300,,
0,0,,0.50319,0.043508,0.044204,0.014594,0.096281,0.027863,0.064539,0.061274,0.130266,0.014281,,2757100,,
0,0,,0.473208,0.055678,0.03764,0.017358,0.071105,0.014242,0.133169,0.028229,0.155092,0.014281,,2781100,,
0,0,,0.50319,0.043508,0.044204,0.014594,0.096281,0.027863,0.064539,0.061274,0.130266,0.014281,,2759100,,
0,0,,0.265298,0.066275,0.05066,0.015427,0.194123,0.015075,0.216522,0.026904,0.135436,0.014281,,2736900,,
0,0,,0.399933,0.048618,0.031238,0.015427,0.143362,0.015075,0.216522,0.030433,0.085111,0.014281,,2775800,,
0,0,,0.734549,0.021527,0.046983,0.017031,0.040749,0.021788,0.034233,0.021109,0.041538,0.020494,,2771400,,
0,0,,0.265298,0.066275,0.05066,0.015427,0.194123,0.015075,0.216522,0.026904,0.135436,0.014281,,2741800,,
0,0,,0.257482,0.070873,0.028591,0.015427,0.205617,0.015075,0.216522,0.040237,0.135895,0.014281,,2791000,,
0,0,,0.343923,0.082241,0.04243,0.016713,0.073038,0.016361,0.152977,0.027123,0.230913,0.014281,,2736400,,
0,0,,0.265298,0.066275,0.05066,0.015427,0.194123,0.015075,0.216522,0.026904,0.135436,0.014281,,2760500,,
0,0,,0.317084,0.070886,0.052753,0.016713,0.083361,0.016361,0.152977,0.037445,0.238139,0.014281,,2761100,,
0,4,,0.196148,0.06554,0.049924,0.015427,0.245617,0.015075,0.216522,0.048237,0.133229,0.014281,,2762200,,
0,0,,0.324231,0.074857,0.04243,0.016713,0.097653,0.016361,0.152977,0.051738,0.208759,0.014281,,2771700,,
0,8,,0.141724,0.049661,0.028591,0.015427,0.146223,0.015075,0.216522,0.032358,0.340138,0.014281,,2771900,,
0,0,,0.473208,0.055678,0.03764,0.017358,0.071105,0.014242,0.133169,0.028229,0.155092,0.014281,,2762500,,
0,0,,0.271724,0.179661,0.028591,0.015427,0.146223,0.015075,0.216522,0.032358,0.080138,0.014281,,2755000,,
0,4,,0.196148,0.06554,0.049924,0.015427,0.245617,0.015075,0.216522,0.048237,0.133229,0.014281,,2769400,,
0,0,,0.473208,0.055678,0.03764,0.017358,0.071105,0.014242,0.133169,0.028229,0.155092,0.014281,,2757400,,
0,0,,0.50319,0.043508,0.044204,0.014594,0.096281,0.027863,0.064539,0.061274,0.130266,0.014281,,2795500,,
0,0,,0.324231,0.074857,0.04243,0.016713,0.097653,0.016361,0.152977,0.051738,0.208759,0.014281,,2764800,,
0,0,,0.50319,0.043508,0.044204,0.014594,0.096281,0.027863,0.064539,0.061274,0.130266,0.014281,,2759200,,
0,0,,0.473208,0.055678,0.03764,0.017358,0.071105,0.014242,0.133169,0.028229,0.155092,0.014281,,2738900,,
0,0,,0.50319,0.043508,0.044204,0.014594,0.096281,0.027863,0.064539,0.061274,0.130266,0.014281,,2781000,,
0,0,,0.473208,0.055678,0.03764,0.017358,0.071105,0.014242,0.133169,0.028229,0.155092,0.014281,,2751000,,
0,0,,0.473208,0.055678,0.03764,0.017358,0.071105,0.014242,0.133169,0.028229,0.155092,0.014281,,2771700,,
0,0,,0.734549,0.021527,0.046983,0.017031,0.040749,0.021788,0.034233,0.021109,0.041538,0.020494,,2784600,,
0,0,,0.42345,0.042489,0.071261,0.014594,0.065183,0.023666,0.093841,0.075663,0.175573,0.014281,,2764100,,
0,0,,0.317084,0.070886,0.052753,0.016713,0.083361,0.016361,0.152977,0.037445,0.238139,0.014281,,2772000,,
0,0,,0.401724,0.049661,0.028591,0.015427,0.146223,0.015075,0.216522,0.032358,0.080138,0.014281,,2763500,,
0,0,,0.734549,0.021527,0.046983,0.017031,0.040749,0.021788,0.034233,0.021109,0.041538,0.020494,,2766400,,
0,0,,0.45119,0.043508,0.044204,0.014594,0.096281,0.027863,0.064539,0.061274,0.182266,0.014281,,2810200,,
0,0,,0.265298,0.066275,0.05066,0.015427,0.194123,0.015075,0.216522,0.026904,0.135436,0.014281,,2770000,,
0,0,,0.50319,0.043508,0.044204,0.014594,0.096281,0.027863,0.064539,0.061274,0.130266,0.014281,,2758300,,
0,0,,0.473208,0.055678,0.03764,0.017358,0.071105,0.014242,0.133169,0.028229,0.155092,0.014281,,2767700,,
0,8,,0.104902,0.194591,0.029755,0.016718,0.037777,0.016366,0.017016,0.033524,0.534009,0.015343,,2766200,,
0,0,,0.50319,0.043508,0.044204,0.014594,0.096281,0.027863,0.064539,0.061274,0.130266,0.014281,,2785900,,
0,0,,0.62829,0.031059,0.022237,0.015647,0.027037,0.015295,0.027514,0.179251,0.038337,0.015333,,2804800,,
0,0,,0.265298,0.066275,0.05066,0.015427,0.194123,0.015075,0.216522,0.026904,0.135436,0.014281,,2756600,,
0,0,,0.473208,0.055678,0.03764,0.017358,0.071105,0.014242,0.133169,0.028229,0.155092,0.014281,,2783300,,
0,0,,0.734549,0.021527,0.046983,0.017031,0.040749,0.021788,0.034233,0.021109,0.041538,0.020494,,2769600,,
0,0,,0.50319,0.043508,0.044204,0.014594,0.096281,0.027863,0.064539,0.061274,0.130266,0.014281,,2789800,,
0,0,,0.399933,0.048618,0.031238,0.015427,0.143362,0.015075,0.216522,0.030433,0.085111,0.014281,,2784200,,
0,0,,0.329701,0.050241,0.04243,0.016713,0.090816,0.016361,0.152977,0.044901,0.24158,0.014281,,2776900,,
0,8,,0.022611,0.218702,0.073179,0.023021,0.051273,0.032524,0.015259,0.199182,0.337328,0.026921,,2792200,,
0,0,,0.324231,0.074857,0.04243,0.016713,0.097653,0.016361,0.152977,0.051738,0.208759,0.014281,,2773100,,
0,0,,0.46668,0.030147,0.029755,0.164718,0.037777,0.016366,0.017016,0.033524,0.188676,0.015343,,2789900,,
0,0,,0.473208,0.055678,0.03764,0.017358,0.071105,0.014242,0.133169,0.028229,0.155092,0.014281,,2762300,,
1,7,,0.014184,0.075234,0.098546,0.068193,0.060899,0.088659,0.01383,0.474891,0.027527,0.078037,,2802000,,
1,3,,0.056215,0.021527,0.023119,0.437031,0.020662,0.01546,0.348449,0.021109,0.041538,0.01489,,2769200,,
1,2,,0.018341,0.161271,0.200807,0.047846,0.118364,0.089525,0.01383,0.196674,0.109965,0.043376,,2774100,,
1,1,,0.014184,0.346871,0.053369,0.145098,0.032373,0.171914,0.01383,0.056618,0.019799,0.145944,,2777400,,
1,3,,0.014184,0.14157,0.086873,0.238274,0.044059,0.2147,0.01383,0.068615,0.019799,0.158097,,2760100,,
1,9,,0.014184,0.154972,0.052257,0.211026,0.033526,0.128546,0.01383,0.063052,0.020332,0.308274,,2817800,,
1,3,,0.00994,0.201658,0.187147,0.289485,0.020738,0.118631,0.038896,0.034379,0.013174,0.085949,,2771400,,
1,3,,0.014184,0.199286,0.05308,0.210657,0.051888,0.128546,0.01383,0.101276,0.020843,0.20641,,2782100,,
1,9,,0.014184,0.094199,0.059422,0.161284,0.045999,0.128546,0.01383,0.114865,0.020843,0.346828,,2771900,,
1,1,,0.014184,0.323972,0.052257,0.146026,0.033526,0.128546,0.01383,0.069552,0.020332,0.197774,,2779400,,
1,0,,0.275139,0.044206,0.037239,0.024076,0.164897,0.015075,0.216522,0.044201,0.164364,0.014281,,2781400,,
1,1,,0.116944,0.253015,0.117764,0.020303,0.053314,0.031369,0.112083,0.111459,0.169468,0.014281,,2815200,,
1,1,,0.03629,0.501359,0.022237,0.015647,0.057003,0.015295,0.027514,0.031251,0.278071,0.015333,,2780500,,
1,1,,0.00994,0.371913,0.076206,0.18044,0.032424,0.161417,0.010007,0.046376,0.013174,0.098102,,2788400,,
1,2,,0.018341,0.161271,0.200807,0.047846,0.118364,0.089525,0.01383,0.196674,0.109965,0.043376,,2786600,,
1,4,,0.014184,0.084588,0.059064,0.168673,0.294789,0.131584,0.01383,0.061623,0.022837,0.148827,,2764100,,
1,1,,0.00994,0.291214,0.172703,0.243263,0.020738,0.118631,0.010007,0.034379,0.013174,0.085949,,2802100,,
1,8,,0.02268,0.030147,0.029755,0.016718,0.037777,0.016366,0.017016,0.28019,0.534009,0.015343,,2775700,,
1,3,,0.014184,0.161157,0.090512,0.293669,0.032373,0.171914,0.01383,0.056618,0.019799,0.145944,,2781500,,
1,8,,0.146117,0.088203,0.083451,0.014594,0.133754,0.023666,0.118222,0.09852,0.279192,0.014281,,2767900,,
1,5,,0.014184,0.072029,0.103356,0.079553,0.062861,0.362559,0.01383,0.190788,0.040641,0.060199,,2785200,,
1,1,,0.03629,0.501359,0.022237,0.015647,0.057003,0.015295,0.027514,0.031251,0.278071,0.015333,,2771600,,
1,1,,0.014184,0.232218,0.115469,0.186121,0.033686,0.128546,0.01383,0.077203,0.035534,0.163208,,2799200,,
1,7,,0.014184,0.095072,0.11248,0.157253,0.135819,0.089124,0.01383,0.306293,0.044754,0.031191,,2799900,,
1,1,,0.014184,0.323972,0.052257,0.146026,0.033526,0.128546,0.01383,0.069552,0.020332,0.197774,,2766700,,
1,1,,0.116944,0.253015,0.117764,0.020303,0.053314,0.031369,0.112083,0.111459,0.169468,0.014281,,2782600,,
1,2,,0.022611,0.153702,0.333179,0.023021,0.051273,0.032524,0.015259,0.069182,0.272328,0.026921,,2769900,,
1,7,,0.014184,0.205234,0.098546,0.068193,0.060899,0.088659,0.01383,0.344891,0.027527,0.078037,,2789200,,
1,0,,0.187,0.096841,0.044204,0.014594,0.180091,0.025958,0.095015,0.175559,0.166456,0.014281,,2796700,,
1,1,,0.014789,0.249683,0.185223,0.018739,0.21227,0.060597,0.011219,0.184132,0.049637,0.013711,,2780800,,
1,2,,0.018341,0.161271,0.200807,0.047846,0.118364,0.089525,0.01383,0.196674,0.109965,0.043376,,2807200,,
1,8,,0.056215,0.185561,0.045444,0.039356,0.057184,0.022902,0.134637,0.157064,0.279303,0.022332,,2826700,,
1,6,,0.110815,0.219068,0.029737,0.015427,0.177203,0.015266,0.321879,0.026904,0.06942,0.014281,,2917400,,
1,8,,0.187,0.123508,0.044204,0.014594,0.136281,0.025958,0.064539,0.061274,0.328361,0.014281,,2811400,,
1,1,,0.116944,0.253015,0.117764,0.020303,0.053314,0.031369,0.112083,0.111459,0.169468,0.014281,,2889200,,
1,2,,0.014184,0.102336,0.226546,0.132193,0.053552,0.083761,0.01383,0.173259,0.059527,0.140813,,2846800,,
1,4,,0.174815,0.044206,0.028591,0.015427,0.298951,0.015075,0.216522,0.090904,0.101229,0.014281,,2854100,,
1,3,,0.014184,0.161157,0.090512,0.293669,0.032373,0.171914,0.01383,0.056618,0.019799,0.145944,,2809700,,
1,1,,0.022611,0.296702,0.073179,0.023021,0.155273,0.032524,0.015259,0.173182,0.181328,0.026921,,2858300,,
1,2,,0.00994,0.143691,0.292052,0.17456,0.024507,0.088434,0.105219,0.035532,0.016836,0.109229,,4466700,,
1,1,,0.022611,0.608702,0.073179,0.023021,0.051273,0.032524,0.015259,0.069182,0.077328,0.026921,,2850900,,
1,1,,0.00994,0.346583,0.216036,0.123074,0.027901,0.118631,0.010007,0.041542,0.013174,0.093112,,2834900,,
1,1,,0.00994,0.24788,0.216036,0.243263,0.020738,0.118631,0.010007,0.034379,0.013174,0.085949,,2880700,,
1,4,,0.019033,0.079471,0.03943,0.023079,0.372544,0.093207,0.015042,0.316453,0.023824,0.017917,,2862700,,
1,1,,0.00994,0.371345,0.191274,0.123074,0.027901,0.118631,0.010007,0.041542,0.013174,0.093112,,2908000,,
1,1,,0.230611,0.296702,0.073179,0.023021,0.051273,0.032524,0.015259,0.069182,0.181328,0.026921,,2856300,,
1,1,,0.116944,0.253015,0.117764,0.020303,0.053314,0.031369,0.112083,0.111459,0.169468,0.014281,,2840100,,
1,3,,0.014184,0.219031,0.05295,0.291813,0.033751,0.129546,0.01383,0.062307,0.019799,0.162789,,2841000,,
1,8,,0.056215,0.185561,0.045444,0.039356,0.057184,0.022902,0.134637,0.157064,0.279303,0.022332,,2835100,,
1,0,,0.187,0.096841,0.044204,0.014594,0.180091,0.025958,0.095015,0.175559,0.166456,0.014281,,2868500,,
1,3,,0.014184,0.088603,0.053623,0.390765,0.035424,0.175553,0.01383,0.058756,0.022248,0.147013,,2863500,,
1,1,,0.00994,0.346583,0.216036,0.123074,0.027901,0.118631,0.010007,0.041542,0.013174,0.093112,,2831300,,
1,8,,0.151923,0.050241,0.088144,0.016713,0.073038,0.016361,0.152977,0.072837,0.363484,0.014281,,2833200,,
1,8,,0.146117,0.042489,0.220594,0.014594,0.065183,0.023666,0.072508,0.075663,0.324907,0.014281,,2875200,,
1,0,,0.329701,0.050241,0.04243,0.016713,0.090816,0.016361,0.152977,0.044901,0.24158,0.014281,,2870200,,
1,2,,0.014184,0.130339,0.283356,0.079553,0.053565,0.091574,0.01383,0.153605,0.040641,0.139354,,2907500,,
1,0,,0.257482,0.070873,0.028591,0.015427,0.205617,0.015075,0.216522,0.040237,0.135895,0.014281,,2842600,,
1,0,,0.265298,0.066275,0.05066,0.015427,0.194123,0.015075,0.216522,0.026904,0.135436,0.014281,,2832700,,
1,3,,0.014184,0.130941,0.180859,0.197994,0.039024,0.186728,0.01383,0.06358,0.019799,0.153062,,2841300,,
1,1,,0.00994,0.346583,0.216036,0.123074,0.027901,0.118631,0.010007,0.041542,0.013174,0.093112,,2846000,,
1,7,,0.225699,0.297854,0.03943,0.023079,0.026686,0.022727,0.015042,0.307742,0.023824,0.017917,,2871500,,
1,1,,0.00994,0.346583,0.216036,0.123074,0.027901,0.118631,0.010007,0.041542,0.013174,0.093112,,2837100,,
1,1,,0.014184,0.323972,0.052257,0.146026,0.033526,0.128546,0.01383,0.069552,0.020332,0.197774,,2825500,,
1,8,,0.056215,0.103387,0.101873,0.039356,0.133519,0.022902,0.124762,0.06576,0.329894,0.022332,,2855700,,
1,7,,0.014184,0.072029,0.103356,0.079553,0.062861,0.113864,0.01383,0.439484,0.040641,0.060199,,2875700,,
1,1,,0.00994,0.389916,0.172703,0.123074,0.027901,0.118631,0.010007,0.041542,0.013174,0.093112,,2858000,,
1,3,,0.014184,0.122698,0.135283,0.274924,0.060195,0.149879,0.01383,0.056307,0.019799,0.1529,,2851000,,
1,5,,0.014184,0.070339,0.103356,0.079553,0.053565,0.411574,0.01383,0.153605,0.040641,0.059354,,2841100,,
1,9,,0.014184,0.089972,0.052257,0.146026,0.033526,0.128546,0.01383,0.236386,0.020332,0.264941,,2821000,,
1,1,,0.014184,0.2174,0.057318,0.15876,0.168067,0.129599,0.01383,0.058412,0.019799,0.162631,,2849500,,
1,1,,0.00994,0.296028,0.223259,0.123074,0.027901,0.118631,0.046118,0.041542,0.013174,0.100334,,2881100,,
1,2,,0.018341,0.161271,0.200807,0.047846,0.118364,0.089525,0.01383,0.196674,0.109965,0.043376,,2841700,,
1,1,,0.014184,0.323972,0.052257,0.146026,0.033526,0.128546,0.01383,0.069552,0.020332,0.197774,,2956800,,
1,1,,0.03629,0.501359,0.022237,0.015647,0.057003,0.015295,0.027514,0.031251,0.278071,0.015333,,2870800,,
1,8,,0.056215,0.061709,0.049785,0.043697,0.020662,0.01546,0.126995,0.021109,0.589477,0.01489,,2906900,,
1,0,,0.317084,0.070886,0.052753,0.016713,0.083361,0.016361,0.152977,0.037445,0.238139,0.014281,,2854900,,
1,2,,0.018341,0.076565,0.321278,0.047846,0.108953,0.070701,0.01383,0.226791,0.072318,0.043376,,2839500,,
1,4,,0.110815,0.06554,0.028591,0.015427,0.416284,0.015075,0.237855,0.026904,0.069229,0.014281,,2876300,,
1,0,,0.187,0.096841,0.044204,0.014594,0.180091,0.025958,0.095015,0.175559,0.166456,0.014281,,2844100,,
1,8,,0.02268,0.030147,0.029755,0.016718,0.037777,0.016366,0.017016,0.28019,0.534009,0.015343,,2863800,,
1,2,,0.00994,0.067459,0.365853,0.047381,0.032446,0.054206,0.033644,0.089655,0.156155,0.143261,,2842800,,
1,8,,0.02268,0.178147,0.029755,0.016718,0.185777,0.016366,0.165016,0.181524,0.188676,0.015343,,2878700,,
1,1,,0.00994,0.389916,0.172703,0.123074,0.027901,0.118631,0.010007,0.041542,0.013174,0.093112,,2830000,,
1,4,,0.178184,0.145259,0.045433,0.015427,0.240003,0.015075,0.216522,0.026904,0.102913,0.014281,,2838200,,
1,3,,0.014184,0.14157,0.086873,0.238274,0.044059,0.2147,0.01383,0.068615,0.019799,0.158097,,2868400,,
1,2,,0.018341,0.161271,0.200807,0.047846,0.118364,0.089525,0.01383,0.196674,0.109965,0.043376,,2834400,,
1,9,,0.014184,0.122472,0.052257,0.178526,0.066026,0.128546,0.01383,0.128052,0.020332,0.275774,,2836200,,
1,3,,0.014184,0.122698,0.135283,0.274924,0.060195,0.149879,0.01383,0.056307,0.019799,0.1529,,2823200,,
1,3,,0.014184,0.113477,0.059064,0.313118,0.034789,0.189362,0.01383,0.061623,0.022837,0.177716,,2878400,,
1,2,,0.018341,0.161271,0.200807,0.047846,0.118364,0.089525,0.01383,0.196674,0.109965,0.043376,,2885100,,
1,0,,0.187,0.096841,0.044204,0.014594,0.180091,0.025958,0.095015,0.175559,0.166456,0.014281,,2863300,,
1,3,,0.014184,0.141031,0.10495,0.265813,0.033751,0.129546,0.01383,0.062307,0.019799,0.214789,,2845300,,
1,8,,0.02268,0.135861,0.029755,0.016718,0.037777,0.016366,0.017016,0.139238,0.569247,0.015343,,2853100,,
1,1,,0.014184,0.232218,0.115469,0.186121,0.033686,0.128546,0.01383,0.077203,0.035534,0.163208,,2856800,,
1,3,,0.014184,0.199286,0.05308,0.210657,0.051888,0.128546,0.01383,0.101276,0.020843,0.20641,,2839500,,
1,1,,0.014184,0.289574,0.053369,0.180908,0.039535,0.171914,0.01383,0.06378,0.019799,0.153106,,2841000,,
1,2,,0.014184,0.1976,0.325814,0.069552,0.042945,0.081882,0.01383,0.179282,0.04372,0.031191,,2836800,,
1,5,,0.018341,0.156565,0.097278,0.047846,0.188953,0.230701,0.01383,0.130791,0.072318,0.043376,,2848200,,
1,0,,0.257482,0.070873,0.028591,0.015427,0.205617,0.015075,0.216522,0.040237,0.135895,0.014281,,2854600,,
1,8,,0.157913,0.055678,0.03764,0.017358,0.111994,0.014242,0.198241,0.028229,0.364425,0.014281,,2850100,,
1,2,,0.00994,0.11695,0.363608,0.152098,0.026432,0.048795,0.105219,0.104643,0.030572,0.041743,,2846700,,
1,7,,0.019033,0.031187,0.09943,0.023079,0.336686,0.022727,0.015042,0.351075,0.083824,0.017917,,2836500,,
1,1,,0.03629,0.501359,0.022237,0.015647,0.057003,0.015295,0.027514,0.031251,0.278071,0.015333,,2838500,,
1,8,,0.146117,0.079412,0.060594,0.014594,0.126721,0.035973,0.084816,0.186432,0.25106,0.014281,,2833400,,
1,8,,0.022611,0.218702,0.073179,0.023021,0.051273,0.032524,0.015259,0.199182,0.337328,0.026921,,2836800,,
1,1,,0.014184,0.232218,0.115469,0.186121,0.033686,0.128546,0.01383,0.077203,0.035534,0.163208,,2875300,,
1,2,,0.014184,0.1976,0.325814,0.069552,0.042945,0.081882,0.01383,0.179282,0.04372,0.031191,,2850300,,
1,1,,0.014184,0.232218,0.115469,0.186121,0.033686,0.128546,0.01383,0.077203,0.035534,0.163208,,2840600,,
1,1,,0.014184,0.289574,0.053369,0.180908,0.039535,0.171914,0.01383,0.06378,0.019799,0.153106,,2746000,,
1,8,,0.02268,0.030147,0.214755,0.016718,0.037777,0.016366,0.017016,0.033524,0.595676,0.015343,,2793000,,
1,7,,0.014184,0.205234,0.098546,0.068193,0.060899,0.088659,0.01383,0.344891,0.027527,0.078037,,2765000,,
1,7,,0.014184,0.14145,0.138911,0.115108,0.08912,0.091574,0.01383,0.153605,0.111752,0.130465,,2781200,,
1,9,,0.014184,0.205713,0.06195,0.160813,0.056887,0.131546,0.01383,0.085943,0.044936,0.224198,,2755000,,
1,4,,0.02268,0.135861,0.029755,0.016718,0.566349,0.016366,0.017016,0.139238,0.040676,0.015343,,2774500,,
1,8,,0.187,0.043508,0.150871,0.014594,0.096281,0.025958,0.064539,0.061274,0.341694,0.014281,,2795000,,
2,2,,0.019033,0.06909,0.323647,0.168402,0.026686,0.119294,0.015042,0.099739,0.082487,0.076581,,2840000,,
2,2,,0.00994,0.209885,0.232972,0.131949,0.022052,0.075263,0.105219,0.054965,0.032571,0.125185,,2837000,,
2,2,,0.014184,0.086871,0.313369,0.145098,0.032373,0.171914,0.01383,0.056618,0.019799,0.145944,,2774600,,
2,8,,0.056215,0.150054,0.092111,0.039356,0.020662,0.022902,0.09,0.06576,0.440608,0.022332,,2768100,,
2,5,,0.187,0.043508,0.044204,0.014594,0.096281,0.345958,0.064539,0.061274,0.128361,0.014281,,2762900,,
2,9,,0.00994,0.080262,0.211555,0.106666,0.020629,0.075263,0.105219,0.141761,0.017862,0.230843,,2772900,,
2,3,,0.014184,0.105894,0.138911,0.292886,0.053565,0.127129,0.01383,0.153605,0.040641,0.059354,,2784500,,
2,0,,0.324231,0.074857,0.04243,0.016713,0.097653,0.016361,0.152977,0.051738,0.208759,0.014281,,2797200,,
2,8,,0.104902,0.194591,0.029755,0.016718,0.037777,0.016366,0.017016,0.033524,0.534009,0.015343,,2794300,,
2,2,,0.187,0.043508,0.204204,0.014594,0.149614,0.025958,0.064539,0.114607,0.181694,0.014281,,2755300,,
2,3,,0.014184,0.130941,0.180859,0.197994,0.039024,0.186728,0.01383,0.06358,0.019799,0.153062,,2789200,,
2,1,,0.116944,0.253015,0.117764,0.020303,0.053314,0.031369,0.112083,0.111459,0.169468,0.014281,,2775500,,
2,7,,0.188055,0.077015,0.13732,0.020303,0.08887,0.031369,0.083639,0.253681,0.105468,0.014281,,2794100,,
2,2,,0.00994,0.069406,0.353956,0.100274,0.024507,0.1751,0.105219,0.035532,0.016836,0.109229,,2749100,,
2,2,,0.014184,0.086871,0.183369,0.145098,0.162373,0.171914,0.01383,0.056618,0.019799,0.145944,,2796000,,
2,8,,0.187,0.043508,0.044204,0.014594,0.096281,0.132625,0.171205,0.061274,0.235028,0.014281,,2790300,,
2,1,,0.00994,0.371147,0.198264,0.051043,0.032446,0.054206,0.105219,0.089655,0.029514,0.058566,,2773600,,
2,5,,0.00994,0.058946,0.272369,0.116264,0.02379,0.338936,0.040596,0.036518,0.015623,0.087019,,2791800,,
2,2,,0.014184,0.144267,0.325814,0.122885,0.042945,0.081882,0.01383,0.179282,0.04372,0.031191,,2750800,,
2,2,,0.00994,0.186416,0.347029,0.10449,0.03214,0.050322,0.010007,0.100806,0.049499,0.10935,,2748700,,
2,2,,0.018341,0.076565,0.321278,0.047846,0.108953,0.070701,0.01383,0.226791,0.072318,0.043376,,2765200,,
2,2,,0.014184,0.070336,0.226546,0.164193,0.053552,0.147761,0.01383,0.173259,0.027527,0.108813,,2751400,,
2,6,,0.146117,0.042489,0.124594,0.014594,0.065183,0.023666,0.264508,0.075663,0.228907,0.014281,,2762200,,
2,5,,0.014184,0.070339,0.156689,0.132886,0.053565,0.19824,0.01383,0.153605,0.040641,0.166021,,2822600,,
2,8,,0.146117,0.042489,0.060594,0.014594,0.065183,0.023666,0.072508,0.235663,0.324907,0.014281,,2780800,,
2,2,,0.00994,0.103823,0.479507,0.047381,0.032446,0.054206,0.040596,0.089655,0.025852,0.116594,,2762300,,
2,8,,0.05197,0.088865,0.312509,0.016353,0.016772,0.011226,0.119838,0.016798,0.333013,0.032656,,2761400,,
2,8,,0.146117,0.042489,0.100594,0.014594,0.145183,0.023666,0.112508,0.115663,0.284907,0.014281,,2750900,,
2,2,,0.018436,0.038844,0.52074,0.048458,0.033887,0.012131,0.076608,0.058951,0.138387,0.053558,,2788600,,
2,9,,0.00994,0.162276,0.214924,0.103485,0.037186,0.075263,0.010007,0.132579,0.013707,0.240632,,2844000,,
2,9,,0.00994,0.080262,0.211555,0.106666,0.020629,0.075263,0.105219,0.141761,0.017862,0.230843,,2780900,,
2,9,,0.00994,0.079007,0.258297,0.130734,0.048269,0.075908,0.05728,0.043101,0.013819,0.283644,,2800000,,
2,2,,0.022611,0.088702,0.346863,0.077758,0.051273,0.032524,0.015259,0.123919,0.159433,0.081658,,2796600,,
2,2,,0.014184,0.070845,0.360009,0.071351,0.090034,0.036842,0.01383,0.161306,0.14459,0.037009,,2799600,,
2,2,,0.00994,0.050312,0.326626,0.140152,0.03214,0.114322,0.105219,0.100806,0.021161,0.099322,,2805800,,
2,2,,0.018341,0.161271,0.200807,0.047846,0.118364,0.089525,0.01383,0.196674,0.109965,0.043376,,2796000,,
2,3,,0.014184,0.166025,0.174549,0.228732,0.036141,0.141717,0.01383,0.05777,0.019799,0.147252,,2751500,,
2,2,,0.014184,0.070336,0.205212,0.068193,0.160218,0.190427,0.01383,0.173259,0.027527,0.076813,,2759100,,
2,7,,0.018341,0.076565,0.142992,0.047846,0.108953,0.070701,0.01383,0.313648,0.163747,0.043376,,2739200,,
2,8,,0.146117,0.042489,0.167261,0.014594,0.065183,0.023666,0.072508,0.075663,0.37824,0.014281,,2745100,,
2,4,,0.03629,0.031059,0.022237,0.015647,0.34418,0.015295,0.133229,0.242679,0.144052,0.015333,,2798800,,
2,3,,0.014184,0.130941,0.180859,0.197994,0.039024,0.186728,0.01383,0.06358,0.019799,0.153062,,2766700,,
2,2,,0.00994,0.08013,0.360934,0.12049,0.03214,0.130322,0.010007,0.100806,0.017499,0.137731,,2758500,,
2,2,,0.014184,0.086871,0.313369,0.145098,0.032373,0.171914,0.01383,0.056618,0.019799,0.145944,,2766000,,
2,2,,0.014184,0.116053,0.240499,0.125267,0.053565,0.137288,0.01383,0.153605,0.086355,0.059354,,2778500,,
2,1,,0.014184,0.273791,0.158194,0.069552,0.042945,0.081882,0.01383,0.179282,0.04372,0.122619,,2752300,,
2,4,,0.174815,0.044206,0.028591,0.015427,0.298951,0.015075,0.216522,0.090904,0.101229,0.014281,,2789000,,
2,2,,0.00994,0.075762,0.419803,0.075659,0.032446,0.054206,0.105219,0.089655,0.078744,0.058566,,2755200,,
2,2,,0.00994,0.275261,0.301709,0.041769,0.026432,0.048795,0.046118,0.104643,0.02691,0.118422,,2768400,,
2,6,,0.110815,0.045735,0.045031,0.015427,0.178902,0.015266,0.478219,0.026904,0.06942,0.014281,,2751600,,
2,2,,0.00994,0.193265,0.231505,0.152823,0.040253,0.075263,0.033644,0.079038,0.037854,0.146415,,2752200,,
2,3,,0.014184,0.130941,0.180859,0.197994,0.039024,0.186728,0.01383,0.06358,0.019799,0.153062,,2768100,,
2,1,,0.151923,0.210241,0.12243,0.016713,0.153038,0.016361,0.152977,0.027123,0.134913,0.014281,,2753700,,
2,2,,0.014184,0.091739,0.32312,0.154447,0.036141,0.141717,0.01383,0.05777,0.019799,0.147252,,2739000,,
2,8,,0.116944,0.077015,0.101764,0.020303,0.053314,0.031369,0.048083,0.111459,0.425468,0.014281,,2735600,,
2,4,,0.187,0.043508,0.044204,0.014594,0.256281,0.025958,0.144539,0.061274,0.208361,0.014281,,2749100,,
2,8,,0.056215,0.021527,0.128119,0.122031,0.148662,0.01546,0.197449,0.021109,0.274538,0.01489,,2741600,,
2,3,,0.00994,0.081379,0.235743,0.295926,0.026432,0.076316,0.033644,0.036174,0.036811,0.167636,,2766200,,
2,2,,0.022611,0.088702,0.333179,0.023021,0.051273,0.032524,0.015259,0.329182,0.077328,0.026921,,2747500,,
2,2,,0.02268,0.030147,0.513676,0.059398,0.037777,0.016366,0.017016,0.076203,0.168715,0.058022,,2756800,,
2,2,,0.014184,0.116053,0.240499,0.125267,0.053565,0.137288,0.01383,0.153605,0.086355,0.059354,,2736100,,
2,2,,0.019033,0.061178,0.389581,0.177632,0.026686,0.085008,0.015042,0.082596,0.065345,0.077899,,2739600,,
2,2,,0.00994,0.140966,0.460572,0.047381,0.032446,0.054206,0.010007,0.089655,0.025852,0.128975,,2746300,,
2,2,,0.014184,0.070845,0.360009,0.071351,0.090034,0.036842,0.01383,0.161306,0.14459,0.037009,,2767000,,
2,9,,0.014184,0.082596,0.067736,0.16768,0.039106,0.128546,0.01383,0.09821,0.020825,0.367287,,2749400,,
2,8,,0.151923,0.210241,0.04243,0.016713,0.073038,0.016361,0.152977,0.027123,0.294913,0.014281,,2740700,,
2,2,,0.014184,0.070336,0.354546,0.068193,0.053552,0.147761,0.01383,0.173259,0.027527,0.076813,,2756700,,
2,8,,0.03629,0.031059,0.022237,0.015647,0.027037,0.015295,0.212514,0.031251,0.593337,0.015333,,2744500,,
2,2,,0.018341,0.076565,0.321278,0.047846,0.108953,0.070701,0.01383,0.226791,0.072318,0.043376,,2751000,,
2,3,,0.00994,0.054931,0.277809,0.344839,0.023155,0.078301,0.040596,0.039385,0.042212,0.088832,,2763600,,
2,6,,0.151923,0.051575,0.17643,0.016713,0.080371,0.049528,0.26331,0.027123,0.168746,0.014281,,2756700,,
2,6,,0.110815,0.045735,0.045031,0.015427,0.148314,0.015266,0.508807,0.026904,0.06942,0.014281,,2732600,,
2,1,,0.00994,0.233596,0.171555,0.149999,0.020629,0.075263,0.105219,0.041761,0.017862,0.174176,,2733800,,
2,2,,0.00994,0.098868,0.374783,0.082981,0.054715,0.049603,0.046118,0.094138,0.138425,0.050428,,2741600,,
2,7,,0.116944,0.077015,0.101764,0.020303,0.133314,0.031369,0.048083,0.271459,0.185468,0.014281,,5728500,,
2,2,,0.014184,0.086083,0.238105,0.101827,0.090034,0.063508,0.01383,0.161306,0.178875,0.052247,,5403100,,
2,2,,0.03629,0.031059,0.392237,0.015647,0.212037,0.015295,0.212514,0.031251,0.038337,0.015333,,5249000,,
2,2,,0.00994,0.187632,0.387238,0.154048,0.032446,0.054206,0.010007,0.089655,0.025852,0.048975,,2892400,,
2,2,,0.014184,0.094954,0.324894,0.104168,0.053565,0.091574,0.01383,0.153605,0.089872,0.059354,,3094500,,
2,0,,0.317084,0.070886,0.052753,0.016713,0.083361,0.016361,0.152977,0.037445,0.238139,0.014281,,3814500,,
2,4,,0.126215,0.021527,0.163119,0.157031,0.218662,0.01546,0.092449,0.021109,0.169538,0.01489,,5104600,,
2,2,,0.00994,0.135671,0.222652,0.046832,0.03214,0.130322,0.073422,0.100806,0.030182,0.218033,,2742300,,
2,3,,0.162881,0.021527,0.023119,0.437031,0.020662,0.01546,0.135116,0.127776,0.041538,0.01489,,2771600,,
2,4,,0.014184,0.084588,0.059064,0.168673,0.294789,0.131584,0.01383,0.061623,0.022837,0.148827,,2784400,,
2,8,,0.252783,0.042489,0.060594,0.014594,0.065183,0.023666,0.072508,0.075663,0.37824,0.014281,,2780500,,
2,0,,0.211247,0.055678,0.19764,0.017358,0.124438,0.014242,0.128463,0.028229,0.208425,0.014281,,2788000,,
2,2,,0.00994,0.092074,0.310873,0.214839,0.075155,0.078301,0.010007,0.091385,0.016212,0.101213,,2774800,,
2,8,,0.146117,0.042489,0.167261,0.014594,0.17185,0.023666,0.072508,0.075663,0.271573,0.014281,,2800800,,
2,2,,0.00994,0.119237,0.204375,0.184102,0.032424,0.161417,0.105219,0.046376,0.016836,0.120074,,2760600,,
2,2,,0.014184,0.130339,0.283356,0.079553,0.053565,0.091574,0.01383,0.153605,0.040641,0.139354,,2766500,,
2,9,,0.00994,0.113607,0.193546,0.131594,0.022298,0.076354,0.038896,0.041705,0.013174,0.358885,,2752300,,
2,0,,0.26458,0.055678,0.144306,0.017358,0.071105,0.014242,0.128463,0.028229,0.261759,0.014281,,2779800,,
2,2,,0.00994,0.111147,0.378264,0.051043,0.032446,0.054206,0.105219,0.089655,0.029514,0.138566,,2763100,,
2,2,,0.014184,0.086871,0.313369,0.145098,0.032373,0.171914,0.01383,0.056618,0.019799,0.145944,,2781400,,
2,2,,0.014184,0.090934,0.43248,0.069552,0.042945,0.081882,0.01383,0.179282,0.04372,0.031191,,2777800,,
2,2,,0.00994,0.043823,0.379507,0.047381,0.032446,0.134206,0.040596,0.169655,0.025852,0.116594,,2763500,,
2,8,,0.151923,0.050241,0.095763,0.070047,0.126371,0.016361,0.20631,0.027123,0.24158,0.014281,,2785500,,
2,6,,0.151923,0.051575,0.04643,0.016713,0.080371,0.017028,0.371643,0.027123,0.222913,0.014281,,2752800,,
2,6,,0.146117,0.042489,0.220594,0.014594,0.065183,0.023666,0.232508,0.075663,0.164907,0.014281,,2790200,,
2,8,,0.203628,0.055678,0.03764,0.017358,0.208248,0.014242,0.174177,0.028229,0.246521,0.014281,,2757600,,
2,2,,0.00994,0.069897,0.454898,0.093605,0.020738,0.118631,0.073422,0.034379,0.025857,0.098632,,2769000,,
2,1,,0.014184,0.390339,0.103356,0.079553,0.053565,0.091574,0.01383,0.153605,0.040641,0.059354,,2793100,,
2,6,,0.151923,0.051575,0.04643,0.016713,0.080371,0.017028,0.371643,0.027123,0.222913,0.014281,,2757700,,
2,9,,0.014184,0.089972,0.132257,0.206026,0.033526,0.128546,0.01383,0.103052,0.020332,0.258274,,2755900,,
2,2,,0.00994,0.27388,0.346036,0.087263,0.020738,0.118631,0.010007,0.034379,0.013174,0.085949,,2801000,,
2,2,,0.00994,0.062255,0.371566,0.114501,0.023155,0.078301,0.105219,0.104385,0.019874,0.110804,,2763000,,
2,2,,0.00994,0.064538,0.430872,0.090925,0.020738,0.118631,0.105219,0.034379,0.016836,0.107921,,2763500,,
2,2,,0.022611,0.088702,0.333179,0.023021,0.051273,0.032524,0.015259,0.329182,0.077328,0.026921,,2776600,,
2,2,,0.014184,0.086871,0.313369,0.145098,0.032373,0.171914,0.01383,0.056618,0.019799,0.145944,,2756200,,
2,2,,0.012364,0.168444,0.377324,0.029648,0.074632,0.06277,0.010007,0.143858,0.081526,0.039425,,2793000,,
2,9,,0.014184,0.085486,0.059768,0.16054,0.033933,0.129637,0.01383,0.063943,0.019799,0.41888,,2765700,,
2,4,,0.271724,0.049661,0.028591,0.015427,0.276223,0.015075,0.216522,0.032358,0.080138,0.014281,,2750500,,
3,2,,0.022611,0.088702,0.346863,0.077758,0.051273,0.032524,0.015259,0.123919,0.159433,0.081658,,2779300,,
3,9,,0.014184,0.085486,0.059768,0.23854,0.033933,0.155637,0.01383,0.063943,0.019799,0.31488,,2755800,,
3,2,,0.019033,0.040418,0.53584,0.03231,0.026686,0.022727,0.015042,0.041075,0.23049,0.036379,,2764100,,
3,0,,0.39268,0.030147,0.122255,0.016718,0.037777,0.108866,0.017016,0.218524,0.040676,0.015343,,2777800,,
3,3,,0.014184,0.088603,0.053623,0.390765,0.035424,0.175553,0.01383,0.058756,0.022248,0.147013,,2767900,,
3,3,,0.014184,0.130941,0.180859,0.197994,0.039024,0.186728,0.01383,0.06358,0.019799,0.153062,,2755000,,
3,3,,0.014184,0.0874,0.122318,0.22376,0.103067,0.129599,0.01383,0.123412,0.019799,0.162631,,2776600,,
3,9,,0.014184,0.089972,0.052257,0.162276,0.033526,0.128546,0.01383,0.079302,0.028457,0.397649,,2767800,,
3,3,,0.014184,0.14157,0.086873,0.238274,0.044059,0.2147,0.01383,0.068615,0.019799,0.158097,,2762500,,
3,3,,0.014184,0.088603,0.053623,0.390765,0.035424,0.175553,0.01383,0.058756,0.022248,0.147013,,2794100,,
3,9,,0.014184,0.083902,0.120111,0.183925,0.068767,0.129191,0.01383,0.065339,0.020444,0.300305,,2792200,,
3,3,,0.014184,0.082596,0.054052,0.420838,0.032264,0.128546,0.01383,0.063999,0.020825,0.168866,,2790100,,
3,3,,0.014184,0.082596,0.054052,0.420838,0.032264,0.128546,0.01383,0.063999,0.020825,0.168866,,2810300,,
3,3,,0.014184,0.082596,0.054052,0.420838,0.032264,0.128546,0.01383,0.063999,0.020825,0.168866,,2777100,,
3,7,,0.014184,0.072029,0.103356,0.079553,0.137146,0.139702,0.01383,0.33936,0.040641,0.060199,,2784800,,
3,4,,0.019033,0.091187,0.03943,0.023079,0.646686,0.022727,0.015042,0.101075,0.023824,0.017917,,2850300,,
3,3,,0.014184,0.17527,0.053623,0.260765,0.035424,0.132219,0.01383,0.145423,0.022248,0.147013,,2796500,,
3,1,,0.014184,0.2174,0.057318,0.15876,0.168067,0.129599,0.01383,0.058412,0.019799,0.162631,,2782500,,
3,9,,0.014184,0.185358,0.05308,0.219943,0.033316,0.128546,0.01383,0.096633,0.020843,0.234267,,2802000,,
3,3,,0.014184,0.086871,0.053369,0.405098,0.032373,0.171914,0.01383,0.056618,0.019799,0.145944,,2779900,,
3,5,,0.014184,0.070339,0.103356,0.079553,0.053565,0.411574,0.01383,0.153605,0.040641,0.059354,,2824100,,
3,3,,0.014184,0.087858,0.05308,0.414943,0.033316,0.128546,0.01383,0.064133,0.020843,0.169267,,2814900,,
3,1,,0.022611,0.296702,0.073179,0.023021,0.051273,0.240524,0.015259,0.069182,0.181328,0.026921,,2872700,,
3,2,,0.022611,0.088702,0.346863,0.077758,0.051273,0.032524,0.015259,0.123919,0.159433,0.081658,,2803400,,
3,3,,0.014184,0.136588,0.059064,0.324673,0.034789,0.131584,0.01383,0.061623,0.074837,0.148827,,2828900,,
3,9,,0.014184,0.089972,0.052257,0.146026,0.033526,0.128546,0.01383,0.236386,0.020332,0.264941,,2807300,,
3,2,,0.059033,0.051947,0.346504,0.208402,0.026686,0.085008,0.015042,0.082596,0.065345,0.059438,,2817400,,
3,9,,0.014184,0.089972,0.052257,0.198026,0.033526,0.128546,0.01383,0.080386,0.020332,0.368941,,2804200,,
3,9,,0.014184,0.0874,0.057318,0.15876,0.038067,0.129599,0.01383,0.058412,0.019799,0.422631,,2782400,,
3,5,,0.037164,0.133036,0.097278,0.123141,0.127776,0.145995,0.01383,0.130791,0.072318,0.11867,,2849200,,
3,3,,0.014184,0.082596,0.054052,0.420838,0.032264,0.128546,0.01383,0.063999,0.020825,0.168866,,2825300,,
3,3,,0.014184,0.089031,0.05295,0.421813,0.033751,0.129546,0.01383,0.062307,0.019799,0.162789,,2790700,,
3,3,,0.014184,0.150339,0.143356,0.199553,0.053565,0.131574,0.01383,0.153605,0.040641,0.099354,,2831900,,
3,5,,0.014184,0.091739,0.06312,0.154447,0.036141,0.401717,0.01383,0.05777,0.019799,0.147252,,2786800,,
3,3,,0.014184,0.085486,0.059768,0.42054,0.033933,0.129637,0.01383,0.063943,0.019799,0.15888,,2805300,,
3,9,,0.014184,0.089972,0.052257,0.162276,0.033526,0.128546,0.01383,0.079302,0.028457,0.397649,,2817900,,
3,1,,0.014184,0.289574,0.053369,0.180908,0.039535,0.171914,0.01383,0.06378,0.019799,0.153106,,2834300,,
3,3,,0.014184,0.130941,0.180859,0.197994,0.039024,0.186728,0.01383,0.06358,0.019799,0.153062,,2851400,,
3,3,,0.014184,0.153603,0.053623,0.304098,0.035424,0.132219,0.01383,0.058756,0.087248,0.147013,,2845000,,
3,9,,0.014184,0.087773,0.057692,0.243899,0.033686,0.128546,0.01383,0.062759,0.021089,0.336542,,2830400,,
