optdigits,CWE,test,2,NANOSECONDS,PREDICTIONS, Generated by ClassifierExperiments.java on 2022-05-16 19:06:26.    SYSTEMPROPERTIES:{user.name:matth,os.arch:amd64,os.name:Windows 10},ENDSYSTEMPROPERTIES
No parameter info
0.6058458813108946,9932476200,3476379400,-1,163305688,10,,-1,-1
0,0,,0.444367,0.03008,0.020465,0.016677,0.165326,0.018639,0.218532,0.020332,0.043681,0.021901,,3138400,,
0,0,,0.361733,0.100508,0.053813,0.013566,0.053131,0.064971,0.057517,0.032451,0.239066,0.023244,,2878700,,
0,0,,0.522354,0.031314,0.16769,0.014856,0.077932,0.03735,0.077675,0.021775,0.023062,0.025991,,2892900,,
0,8,,0.135382,0.040313,0.035814,0.01301,0.134706,0.018639,0.164129,0.045913,0.390192,0.021901,,2893200,,
0,0,,0.701957,0.023036,0.02769,0.01337,0.058676,0.034595,0.06161,0.027461,0.024603,0.027001,,3120700,,
0,0,,0.538145,0.03379,0.024064,0.012566,0.074949,0.030304,0.121777,0.032989,0.108506,0.022911,,2931900,,
0,0,,0.447508,0.056343,0.020465,0.01301,0.136134,0.018639,0.188957,0.044675,0.052368,0.021901,,2928300,,
0,0,,0.458232,0.065235,0.060983,0.017114,0.085483,0.058909,0.087554,0.080989,0.0636,0.021901,,2910900,,
0,0,,0.484367,0.03008,0.020465,0.016677,0.125326,0.018639,0.218532,0.020332,0.043681,0.021901,,2924200,,
0,0,,0.510733,0.054636,0.031264,0.013715,0.096853,0.034424,0.130073,0.025788,0.078809,0.023705,,3045700,,
0,0,,0.527973,0.02939,0.031264,0.013715,0.070958,0.018194,0.182224,0.020378,0.084003,0.021901,,2957800,,
0,0,,0.552689,0.021985,0.063182,0.012566,0.093104,0.034946,0.051672,0.044299,0.103656,0.021901,,3027800,,
0,0,,0.538145,0.03379,0.024064,0.012566,0.074949,0.030304,0.121777,0.032989,0.108506,0.022911,,3169200,,
0,0,,0.41687,0.052529,0.020465,0.015255,0.106618,0.060169,0.162485,0.058495,0.063885,0.043228,,3004100,,
0,0,,0.536593,0.038875,0.032211,0.012566,0.09143,0.039806,0.082608,0.051876,0.091124,0.022911,,3153100,,
0,0,,0.428542,0.042068,0.024064,0.014052,0.094205,0.033059,0.137842,0.027302,0.176965,0.021901,,3137900,,
0,0,,0.662354,0.031314,0.02769,0.014856,0.077932,0.03735,0.077675,0.021775,0.023062,0.025991,,3592300,,
0,0,,0.518524,0.050962,0.024064,0.012566,0.09596,0.034424,0.105431,0.02528,0.109085,0.023705,,3139400,,
0,0,,0.527973,0.02939,0.031264,0.013715,0.070958,0.018194,0.182224,0.020378,0.084003,0.021901,,3332100,,
0,0,,0.280867,0.026372,0.031839,0.014722,0.234461,0.050243,0.143876,0.01987,0.143724,0.054027,,3086800,,
0,0,,0.510733,0.054636,0.031264,0.013715,0.096853,0.034424,0.130073,0.025788,0.078809,0.023705,,2949200,,
0,0,,0.510965,0.050802,0.033387,0.012566,0.090734,0.041814,0.096861,0.048169,0.092802,0.021901,,2908700,,
0,0,,0.468412,0.046432,0.020465,0.014497,0.1392,0.033503,0.182659,0.027764,0.045167,0.021901,,2959500,,
0,0,,0.701957,0.023036,0.02769,0.01337,0.058676,0.034595,0.06161,0.027461,0.024603,0.027001,,2915100,,
0,0,,0.434355,0.068651,0.063182,0.012566,0.054104,0.050946,0.051672,0.090966,0.135656,0.037901,,2948600,,
0,0,,0.536593,0.038875,0.032211,0.012566,0.09143,0.039806,0.082608,0.051876,0.091124,0.022911,,2927200,,
0,0,,0.512417,0.02939,0.031264,0.013715,0.070958,0.018194,0.197779,0.020378,0.084003,0.021901,,2902900,,
0,0,,0.512517,0.045716,0.02524,0.012566,0.074253,0.032312,0.136029,0.029282,0.110184,0.021901,,2945800,,
0,0,,0.536593,0.038875,0.032211,0.012566,0.09143,0.039806,0.082608,0.051876,0.091124,0.022911,,2899700,,
0,0,,0.510965,0.050802,0.033387,0.012566,0.090734,0.041814,0.096861,0.048169,0.092802,0.021901,,3023600,,
0,0,,0.482386,0.05008,0.021642,0.01301,0.119247,0.032756,0.180846,0.029744,0.048387,0.021901,,2932800,,
0,0,,0.497835,0.056957,0.060983,0.015627,0.066227,0.056154,0.071489,0.086676,0.065141,0.022911,,2911600,,
0,0,,0.508015,0.038154,0.020465,0.01301,0.119943,0.030749,0.166594,0.033451,0.046708,0.022911,,2941400,,
0,0,,0.298825,0.083555,0.192944,0.019208,0.083305,0.034768,0.104815,0.063547,0.086799,0.032235,,2895700,,
0,0,,0.415382,0.040313,0.035814,0.01301,0.134706,0.018639,0.164129,0.045913,0.110192,0.021901,,2998100,,
0,0,,0.392049,0.040313,0.035814,0.01301,0.134706,0.018639,0.164129,0.045913,0.133526,0.021901,,2895200,,
0,0,,0.460388,0.079198,0.053338,0.017484,0.102694,0.034424,0.086091,0.059545,0.080675,0.026164,,2917900,,
0,0,,0.610812,0.037412,0.02769,0.015615,0.045351,0.064016,0.057502,0.052505,0.04178,0.047318,,2916900,,
0,0,,0.662354,0.031314,0.02769,0.014856,0.077932,0.03735,0.077675,0.021775,0.023062,0.025991,,2908700,,
0,0,,0.516972,0.056047,0.032211,0.012566,0.112441,0.043925,0.066263,0.044167,0.091703,0.023705,,2960900,,
0,0,,0.495178,0.054636,0.031264,0.013715,0.096853,0.034424,0.145628,0.025788,0.078809,0.023705,,2959700,,
0,8,,0.202386,0.05008,0.021642,0.01301,0.119247,0.032756,0.180846,0.029744,0.328387,0.021901,,2936000,,
0,0,,0.439209,0.051839,0.031264,0.01596,0.062517,0.059725,0.142309,0.058541,0.095407,0.043228,,2921400,,
0,0,,0.420164,0.05008,0.021642,0.01301,0.119247,0.032756,0.211957,0.029744,0.079498,0.021901,,2923500,,
0,0,,0.701957,0.023036,0.02769,0.01337,0.058676,0.034595,0.06161,0.027461,0.024603,0.027001,,2945300,,
0,0,,0.456932,0.05008,0.021642,0.01301,0.119247,0.032756,0.180846,0.029744,0.073841,0.021901,,2914500,,
0,0,,0.740642,0.014963,0.02769,0.01337,0.056725,0.022485,0.032883,0.014342,0.036243,0.040658,,2933500,,
0,0,,0.456932,0.05008,0.021642,0.01301,0.119247,0.032756,0.180846,0.029744,0.073841,0.021901,,2894900,,
0,0,,0.440405,0.070303,0.053338,0.01897,0.100939,0.033059,0.118501,0.061568,0.078555,0.02436,,2932800,,
0,0,,0.512517,0.045716,0.02524,0.012566,0.074253,0.032312,0.136029,0.029282,0.110184,0.021901,,2947300,,
0,0,,0.408129,0.034009,0.020465,0.01301,0.230088,0.022567,0.134985,0.047832,0.067014,0.021901,,3025200,,
0,0,,0.480009,0.062025,0.053338,0.017484,0.081683,0.030304,0.102436,0.067255,0.080096,0.02537,,2968700,,
0,0,,0.342112,0.11768,0.053813,0.013566,0.074142,0.06909,0.041171,0.024742,0.239645,0.024038,,2927400,,
0,0,,0.439209,0.051839,0.031264,0.01596,0.062517,0.059725,0.142309,0.058541,0.095407,0.043228,,2961700,,
0,0,,0.428612,0.030802,0.142211,0.122566,0.060146,0.027696,0.039214,0.038757,0.088096,0.021901,,2918700,,
0,5,,0.158918,0.090899,0.072004,0.023816,0.159764,0.184444,0.012789,0.159832,0.058134,0.079401,,2955600,,
0,8,,0.228015,0.038154,0.020465,0.01301,0.119943,0.030749,0.166594,0.033451,0.326708,0.022911,,2993800,,
0,0,,0.438246,0.033319,0.031264,0.013715,0.185987,0.022123,0.130365,0.047878,0.075203,0.021901,,3115200,,
0,0,,0.503497,0.075716,0.024064,0.012566,0.043664,0.018194,0.125049,0.037648,0.128811,0.03079,,2988700,,
0,0,,0.447532,0.025716,0.024064,0.012566,0.240507,0.018194,0.078382,0.025659,0.105478,0.021901,,2961300,,
0,0,,0.610812,0.037412,0.02769,0.015615,0.045351,0.064016,0.057502,0.052505,0.04178,0.047318,,2962800,,
0,0,,0.614766,0.030802,0.032211,0.012566,0.077069,0.027696,0.056137,0.038757,0.088096,0.021901,,2961400,,
0,0,,0.407891,0.045795,0.028322,0.044439,0.088659,0.050067,0.127128,0.051761,0.094752,0.061187,,3062900,,
0,0,,0.510965,0.050802,0.033387,0.012566,0.090734,0.041814,0.096861,0.048169,0.092802,0.021901,,2953600,,
0,0,,0.480009,0.062025,0.053338,0.017484,0.081683,0.030304,0.102436,0.067255,0.080096,0.02537,,2944500,,
0,0,,0.504726,0.04939,0.03244,0.013715,0.075146,0.032312,0.160671,0.02979,0.079909,0.021901,,2980000,,
0,0,,0.459053,0.05008,0.021642,0.01301,0.119247,0.032756,0.180846,0.029744,0.07172,0.021901,,3041800,,
0,0,,0.458912,0.03008,0.020465,0.016677,0.125326,0.018639,0.218532,0.020332,0.069135,0.021901,,2959600,,
0,0,,0.595164,0.025716,0.024064,0.012566,0.043664,0.018194,0.096716,0.01987,0.142145,0.021901,,2948100,,
0,0,,0.48917,0.04939,0.03244,0.013715,0.075146,0.032312,0.176226,0.02979,0.079909,0.021901,,3015500,,
0,8,,0.202386,0.05008,0.021642,0.01301,0.119247,0.032756,0.180846,0.029744,0.328387,0.021901,,2974300,,
0,0,,0.422373,0.041612,0.074042,0.022882,0.05678,0.042639,0.106079,0.053989,0.151592,0.028013,,3019600,,
0,0,,0.504726,0.04939,0.03244,0.013715,0.075146,0.032312,0.160671,0.02979,0.079909,0.021901,,3056600,,
0,0,,0.536593,0.038875,0.032211,0.012566,0.09143,0.039806,0.082608,0.051876,0.091124,0.022911,,2965700,,
0,0,,0.350751,0.045741,0.171264,0.015202,0.095099,0.033059,0.162483,0.02781,0.076689,0.021901,,2960800,,
0,0,,0.49699,0.047153,0.032211,0.014052,0.110686,0.042561,0.098673,0.046189,0.089583,0.021901,,2948600,,
0,0,,0.508015,0.038154,0.020465,0.01301,0.119943,0.030749,0.166594,0.033451,0.046708,0.022911,,2965700,,
0,0,,0.45438,0.073952,0.054515,0.017484,0.080987,0.032312,0.116689,0.063547,0.081774,0.02436,,3050400,,
0,0,,0.490751,0.045741,0.031264,0.015202,0.095099,0.033059,0.162483,0.02781,0.076689,0.021901,,2982300,,
0,0,,0.46973,0.051898,0.020465,0.01301,0.118356,0.018639,0.188957,0.035787,0.061256,0.021901,,2994300,,
0,0,,0.468412,0.046432,0.020465,0.014497,0.1392,0.033503,0.182659,0.027764,0.045167,0.021901,,3023300,,
0,0,,0.497835,0.056957,0.060983,0.015627,0.066227,0.056154,0.071489,0.086676,0.065141,0.022911,,3026900,,
0,0,,0.447,0.048165,0.024064,0.014811,0.061624,0.059725,0.117668,0.058033,0.125682,0.043228,,2985000,,
0,0,,0.498542,0.042068,0.024064,0.014052,0.094205,0.033059,0.137842,0.027302,0.106965,0.021901,,2964000,,
0,0,,0.158918,0.099583,0.121214,0.023816,0.110553,0.158391,0.027263,0.093253,0.124713,0.082296,,3031000,,
0,0,,0.504726,0.04939,0.03244,0.013715,0.075146,0.032312,0.160671,0.02979,0.079909,0.021901,,3115600,,
0,0,,0.701957,0.023036,0.02769,0.01337,0.058676,0.034595,0.06161,0.027461,0.024603,0.027001,,3054400,,
0,0,,0.667599,0.040209,0.02769,0.01337,0.079687,0.053451,0.045265,0.019752,0.025182,0.027795,,3228700,,
0,0,,0.42973,0.051898,0.020465,0.01301,0.158356,0.018639,0.188957,0.035787,0.061256,0.021901,,2959300,,
0,0,,0.468145,0.03379,0.024064,0.012566,0.074949,0.030304,0.121777,0.032989,0.178506,0.022911,,2916400,,
0,0,,0.510965,0.050802,0.033387,0.012566,0.090734,0.041814,0.096861,0.048169,0.092802,0.021901,,2947100,,
0,0,,0.436469,0.046516,0.040068,0.043994,0.060146,0.059125,0.043142,0.070185,0.139168,0.061187,,2905100,,
0,0,,0.68722,0.023036,0.02769,0.01337,0.058676,0.049332,0.06161,0.027461,0.024603,0.027001,,3051000,,
0,0,,0.68722,0.023036,0.02769,0.01337,0.058676,0.049332,0.06161,0.027461,0.024603,0.027001,,2900200,,
0,0,,0.516972,0.056047,0.032211,0.012566,0.112441,0.043925,0.066263,0.044167,0.091703,0.023705,,2902400,,
0,0,,0.498542,0.042068,0.024064,0.014052,0.094205,0.033059,0.137842,0.027302,0.106965,0.021901,,2935300,,
0,0,,0.725905,0.014963,0.02769,0.01337,0.056725,0.037222,0.032883,0.014342,0.036243,0.040658,,2911700,,
0,0,,0.465061,0.055326,0.020465,0.01301,0.140954,0.034868,0.150248,0.025742,0.070621,0.023705,,3141200,,
0,0,,0.510733,0.054636,0.031264,0.013715,0.096853,0.034424,0.130073,0.025788,0.078809,0.023705,,2937800,,
0,0,,0.480009,0.062025,0.053338,0.017484,0.081683,0.030304,0.102436,0.067255,0.080096,0.02537,,2955600,,
0,0,,0.614766,0.030802,0.032211,0.012566,0.077069,0.027696,0.056137,0.038757,0.088096,0.021901,,2911400,,
0,0,,0.510965,0.050802,0.033387,0.012566,0.090734,0.041814,0.096861,0.048169,0.092802,0.021901,,2931700,,
0,0,,0.498164,0.059716,0.024064,0.017899,0.059664,0.018194,0.125049,0.03587,0.134145,0.027235,,3025900,,
0,0,,0.435103,0.054533,0.031264,0.013715,0.160844,0.021337,0.140579,0.045521,0.075203,0.021901,,2921200,,
0,0,,0.468412,0.046432,0.020465,0.014497,0.1392,0.033503,0.182659,0.027764,0.045167,0.021901,,2953900,,
0,0,,0.447508,0.056343,0.020465,0.01301,0.136134,0.018639,0.188957,0.044675,0.052368,0.021901,,2900000,,
0,0,,0.536593,0.038875,0.032211,0.012566,0.09143,0.039806,0.082608,0.051876,0.091124,0.022911,,2962800,,
0,0,,0.614766,0.030802,0.032211,0.012566,0.077069,0.027696,0.056137,0.038757,0.088096,0.021901,,2926100,,
0,0,,0.473162,0.026222,0.01667,0.050709,0.053131,0.102114,0.057517,0.032451,0.16478,0.023244,,2977600,,
0,0,,0.484367,0.03008,0.020465,0.016677,0.125326,0.018639,0.218532,0.020332,0.043681,0.021901,,2962500,,
0,0,,0.68722,0.023036,0.02769,0.01337,0.058676,0.049332,0.06161,0.027461,0.024603,0.027001,,2916100,,
1,6,,0.096855,0.080331,0.076092,0.034583,0.203426,0.065084,0.263001,0.087517,0.057112,0.036,,2971500,,
1,6,,0.09204,0.182082,0.03748,0.022021,0.083018,0.052499,0.23944,0.104819,0.167082,0.01952,,2912700,,
1,1,,0.007915,0.330271,0.197736,0.114324,0.031546,0.083028,0.073907,0.038658,0.032635,0.08998,,3169700,,
1,2,,0.007915,0.059036,0.345575,0.051027,0.032063,0.056015,0.058029,0.098072,0.245354,0.046915,,2942800,,
1,1,,0.025926,0.499951,0.022149,0.020328,0.048514,0.020299,0.081575,0.142745,0.121966,0.016547,,2945100,,
1,1,,0.033591,0.399027,0.042485,0.092786,0.069589,0.15053,0.018822,0.0717,0.026805,0.094666,,2979100,,
1,1,,0.012257,0.394045,0.082866,0.063734,0.088258,0.099197,0.020434,0.135673,0.060697,0.042841,,2905700,,
1,1,,0.031383,0.23099,0.067624,0.034478,0.102862,0.084166,0.172982,0.121306,0.100549,0.053659,,3036400,,
1,1,,0.085821,0.328664,0.03652,0.020673,0.057617,0.045897,0.110089,0.086877,0.159498,0.068346,,2933700,,
1,8,,0.054094,0.127267,0.117959,0.040168,0.139231,0.056249,0.088948,0.044095,0.314911,0.017076,,2941400,,
1,1,,0.013938,0.422644,0.040647,0.04547,0.030513,0.05943,0.020249,0.076514,0.269953,0.020641,,2972200,,
1,1,,0.012257,0.381402,0.039892,0.093487,0.039319,0.18578,0.018822,0.056985,0.049083,0.122971,,2921100,,
1,4,,0.096899,0.101703,0.078176,0.069439,0.22005,0.083702,0.15052,0.092554,0.065249,0.041708,,2983900,,
1,2,,0.01214,0.140385,0.144779,0.138635,0.03408,0.108681,0.081977,0.086371,0.113401,0.139552,,2999400,,
1,1,,0.067359,0.478157,0.067108,0.022585,0.04916,0.02908,0.03574,0.140055,0.094408,0.016346,,2987600,,
1,9,,0.012393,0.059762,0.042951,0.174558,0.049716,0.177428,0.064679,0.03665,0.02407,0.357793,,2938100,,
1,4,,0.096899,0.228541,0.068801,0.032233,0.255491,0.056753,0.079344,0.092554,0.057051,0.032333,,2947500,,
1,1,,0.012257,0.363915,0.079892,0.09486,0.039515,0.097937,0.018822,0.113848,0.084805,0.094148,,2945300,,
1,1,,0.031514,0.375701,0.223089,0.018912,0.03123,0.017201,0.020155,0.03345,0.234487,0.014262,,3047500,,
1,1,,0.019757,0.520172,0.078129,0.030774,0.068981,0.031147,0.020434,0.116331,0.090429,0.023846,,2978200,,
1,1,,0.01214,0.328289,0.042951,0.091543,0.179155,0.14816,0.025155,0.054235,0.020024,0.098348,,2935600,,
1,2,,0.008032,0.171076,0.264879,0.09794,0.176834,0.050124,0.061893,0.110794,0.035387,0.02304,,2942000,,
1,1,,0.01964,0.21604,0.086202,0.037882,0.066515,0.154896,0.017882,0.104174,0.207983,0.088784,,2923500,,
1,1,,0.019757,0.520172,0.078129,0.030774,0.068981,0.031147,0.020434,0.116331,0.090429,0.023846,,3100000,,
1,1,,0.120239,0.339868,0.039892,0.08486,0.064132,0.090047,0.062217,0.063634,0.049954,0.085157,,2943600,,
1,1,,0.081094,0.359158,0.021294,0.020601,0.115078,0.057843,0.167441,0.072613,0.069623,0.035255,,2906200,,
1,5,,0.09204,0.151427,0.069031,0.024723,0.120476,0.155982,0.117613,0.113782,0.137694,0.017234,,2913300,,
1,1,,0.061438,0.483226,0.045178,0.024442,0.064617,0.019897,0.052401,0.120634,0.109363,0.018805,,2885100,,
1,1,,0.012257,0.477786,0.074947,0.046796,0.045913,0.058533,0.020434,0.167467,0.065883,0.029983,,2970200,,
1,1,,0.008032,0.366581,0.275198,0.057811,0.039178,0.051135,0.035226,0.079,0.051244,0.036594,,2906000,,
1,1,,0.092157,0.45499,0.030189,0.019524,0.057882,0.019897,0.085258,0.086368,0.137389,0.016346,,2977800,,
1,1,,0.008032,0.525609,0.123726,0.080549,0.028604,0.073905,0.015226,0.046223,0.017807,0.080318,,2903200,,
1,8,,0.09204,0.092013,0.053939,0.046188,0.105897,0.064773,0.213437,0.04499,0.271906,0.014816,,2890200,,
1,2,,0.008428,0.059434,0.327207,0.046203,0.031774,0.056364,0.081717,0.199241,0.038133,0.1515,,2953600,,
1,1,,0.014591,0.707422,0.022796,0.020524,0.036065,0.02123,0.021767,0.085831,0.053095,0.01668,,2958700,,
1,4,,0.01214,0.119702,0.118734,0.091689,0.206279,0.094926,0.03088,0.174059,0.064669,0.086921,,2969300,,
1,8,,0.012184,0.168566,0.075958,0.088615,0.084828,0.147201,0.02891,0.104613,0.201517,0.087609,,2910800,,
1,1,,0.029094,0.354243,0.039892,0.087105,0.050807,0.119468,0.058108,0.088678,0.06713,0.105474,,2913600,,
1,4,,0.03622,0.056906,0.046377,0.169923,0.215274,0.147636,0.060718,0.03665,0.021496,0.208801,,2909700,,
1,8,,0.082925,0.079415,0.100121,0.12903,0.127668,0.056767,0.109053,0.103539,0.178817,0.032665,,2978400,,
1,0,,0.250911,0.039624,0.061086,0.021921,0.203287,0.03337,0.180481,0.068773,0.125514,0.015034,,2943400,,
1,4,,0.129703,0.07611,0.050448,0.03717,0.274798,0.019617,0.182615,0.066028,0.123265,0.040246,,2897100,,
1,1,,0.065926,0.37746,0.037314,0.018716,0.043679,0.01627,0.139964,0.130365,0.156179,0.01413,,2940000,,
1,1,,0.085821,0.323474,0.153907,0.019061,0.052781,0.015868,0.108477,0.034496,0.192186,0.013929,,2917200,,
1,1,,0.008032,0.287605,0.185631,0.117692,0.168604,0.073731,0.015226,0.046223,0.017285,0.079971,,2996000,,
1,1,,0.007915,0.262654,0.181038,0.102002,0.026442,0.110742,0.014592,0.036716,0.174635,0.083265,,2939800,,
1,1,,0.01251,0.284076,0.039892,0.173113,0.07386,0.153087,0.018822,0.050768,0.025518,0.168355,,2888900,,
1,1,,0.012184,0.156905,0.104453,0.093398,0.141799,0.103508,0.06568,0.091918,0.133695,0.096458,,2920100,,
1,1,,0.007915,0.352885,0.131676,0.081737,0.023833,0.122479,0.013201,0.033501,0.146858,0.085915,,2918600,,
1,1,,0.086028,0.451258,0.059932,0.019524,0.052322,0.027274,0.049942,0.110798,0.126576,0.016346,,2951400,,
1,1,,0.09461,0.224521,0.041069,0.08486,0.114345,0.092055,0.076469,0.059927,0.127996,0.084148,,2973800,,
1,1,,0.01605,0.361042,0.039892,0.08486,0.207331,0.089317,0.022615,0.073273,0.021472,0.084148,,2897500,,
1,1,,0.012257,0.477786,0.074947,0.046796,0.045913,0.058533,0.020434,0.167467,0.065883,0.029983,,2967400,,
1,1,,0.103894,0.290038,0.044849,0.02589,0.130774,0.03068,0.091497,0.105256,0.16127,0.015853,,3574900,,
1,5,,0.029918,0.124608,0.163378,0.115729,0.09037,0.176532,0.063997,0.072002,0.072897,0.090568,,2984300,,
1,1,,0.029094,0.239698,0.039892,0.087105,0.050807,0.154468,0.058108,0.088678,0.146676,0.105474,,2979600,,
1,1,,0.012257,0.406857,0.039892,0.093487,0.039319,0.18578,0.018822,0.056985,0.023629,0.122971,,2934900,,
1,1,,0.10908,0.383269,0.143816,0.017912,0.053047,0.015868,0.083646,0.033987,0.145447,0.013929,,2934000,,
1,1,,0.012257,0.368726,0.100705,0.08486,0.038214,0.083477,0.03492,0.118482,0.073863,0.084496,,2912500,,
1,1,,0.086028,0.414115,0.059932,0.019524,0.052322,0.027274,0.049942,0.110798,0.163719,0.016346,,2959300,,
1,4,,0.094537,0.155159,0.050159,0.084714,0.169899,0.110018,0.120975,0.069018,0.052428,0.093093,,2935700,,
1,1,,0.012184,0.154952,0.107372,0.084714,0.135586,0.103084,0.067304,0.125149,0.118986,0.090669,,2990000,,
1,1,,0.012184,0.199131,0.078405,0.091226,0.107851,0.107564,0.063461,0.133478,0.117513,0.089187,,2931700,,
1,6,,0.147006,0.052909,0.088673,0.017532,0.182134,0.092882,0.187776,0.150769,0.052222,0.028097,,2936100,,
1,1,,0.014055,0.540122,0.026668,0.024018,0.032675,0.022593,0.020883,0.216022,0.085268,0.017695,,2935400,,
1,1,,0.012184,0.25421,0.074588,0.041934,0.159007,0.078287,0.064939,0.175891,0.075669,0.063289,,2917600,,
1,1,,0.012257,0.406857,0.039892,0.093487,0.039319,0.18578,0.018822,0.056985,0.023629,0.122971,,3174200,,
1,1,,0.012257,0.369769,0.100705,0.08486,0.038214,0.083303,0.03492,0.118482,0.073342,0.084148,,2908700,,
1,4,,0.01214,0.195723,0.09371,0.053905,0.26793,0.062282,0.028572,0.166,0.063438,0.0563,,2946300,,
1,1,,0.013938,0.243702,0.082177,0.159217,0.128602,0.025345,0.069905,0.210102,0.048431,0.018582,,2897800,,
1,1,,0.012437,0.214847,0.039892,0.173261,0.179173,0.114044,0.021697,0.050768,0.025672,0.168209,,2947100,,
1,1,,0.129821,0.279216,0.031685,0.030061,0.092781,0.055694,0.174477,0.067496,0.125188,0.013581,,3011100,,
1,2,,0.007915,0.073589,0.371097,0.081737,0.023833,0.079622,0.013201,0.033501,0.218286,0.097219,,2908100,,
1,1,,0.01462,0.479218,0.07246,0.033697,0.084424,0.045881,0.020434,0.135524,0.0785,0.035244,,2953700,,
1,1,,0.094537,0.206169,0.047581,0.091226,0.119846,0.098348,0.121108,0.059927,0.077256,0.084002,,2894700,,
1,1,,0.081094,0.229158,0.021294,0.020601,0.115078,0.083843,0.167441,0.072613,0.121623,0.087255,,2918500,,
1,1,,0.01462,0.381171,0.189847,0.032085,0.079589,0.041852,0.018822,0.083143,0.126045,0.032826,,2985100,,
1,8,,0.01214,0.16627,0.047183,0.130215,0.051767,0.146118,0.065861,0.056803,0.193116,0.130527,,2915200,,
1,1,,0.012184,0.22995,0.039892,0.105169,0.149459,0.149942,0.079237,0.068353,0.061359,0.104457,,2912200,,
1,1,,0.012393,0.222143,0.042951,0.179796,0.156382,0.117904,0.025155,0.03665,0.02407,0.182555,,2899800,,
1,1,,0.061321,0.250387,0.100854,0.094883,0.060059,0.021519,0.117749,0.113069,0.159192,0.020967,,2955400,,
1,3,,0.012393,0.06115,0.168414,0.237251,0.028995,0.173914,0.023004,0.039731,0.02599,0.229158,,2975600,,
1,1,,0.092157,0.383269,0.160739,0.017912,0.053047,0.015868,0.100569,0.05091,0.111601,0.013929,,2995900,,
1,1,,0.094537,0.228019,0.041069,0.085008,0.20875,0.093012,0.079344,0.059927,0.026332,0.084002,,2978900,,
1,5,,0.012184,0.068019,0.051174,0.1527,0.178161,0.252741,0.021697,0.073079,0.061113,0.12913,,2970200,,
1,5,,0.094537,0.086431,0.041569,0.086214,0.062809,0.188169,0.174854,0.15376,0.027156,0.084502,,2994300,,
1,1,,0.012257,0.473001,0.082866,0.063734,0.048258,0.059371,0.020434,0.135673,0.061218,0.043189,,2924500,,
1,8,,0.102747,0.047653,0.184135,0.095944,0.061372,0.067527,0.121931,0.09066,0.191886,0.036143,,3232400,,
1,1,,0.029094,0.372959,0.078031,0.064367,0.061382,0.096872,0.058108,0.121455,0.055635,0.062097,,2920300,,
1,1,,0.012257,0.217249,0.095225,0.08486,0.188848,0.077937,0.042155,0.050515,0.146805,0.084148,,2989200,,
1,1,,0.061438,0.260269,0.045178,0.024442,0.176617,0.019723,0.108401,0.120634,0.164841,0.018458,,2919000,,
1,1,,0.064184,0.289163,0.032641,0.026334,0.158364,0.026461,0.174406,0.086831,0.125763,0.015853,,2961300,,
1,7,,0.012184,0.188922,0.045227,0.087826,0.037055,0.178081,0.118818,0.196729,0.048237,0.08692,,2964000,,
1,4,,0.042803,0.109717,0.027335,0.056266,0.439388,0.048076,0.116207,0.101926,0.035139,0.023143,,2931300,,
1,8,,0.007915,0.244719,0.116697,0.148936,0.024753,0.078135,0.014819,0.035649,0.246953,0.081424,,2920800,,
1,9,,0.094493,0.072935,0.044128,0.129162,0.059292,0.18211,0.082326,0.045809,0.067587,0.222158,,2898500,,
1,1,,0.067359,0.441014,0.067108,0.022585,0.04916,0.02908,0.03574,0.140055,0.131551,0.016346,,3001200,,
1,1,,0.012257,0.40128,0.213415,0.062122,0.043423,0.055341,0.035745,0.100215,0.035431,0.040771,,2945500,,
1,1,,0.012393,0.222143,0.042951,0.179796,0.156382,0.117904,0.025155,0.03665,0.02407,0.182555,,2950700,,
1,0,,0.210719,0.138357,0.129177,0.051687,0.090248,0.029653,0.103928,0.092987,0.129654,0.023591,,2955400,,
1,7,,0.012184,0.071596,0.076445,0.090272,0.036562,0.100333,0.168501,0.246564,0.109446,0.088096,,2907100,,
1,1,,0.103967,0.460075,0.038336,0.019524,0.074364,0.02456,0.046859,0.105256,0.110714,0.016346,,2990500,,
1,1,,0.019591,0.368461,0.050892,0.110527,0.043848,0.103604,0.018822,0.076182,0.10926,0.098815,,2905300,,
1,6,,0.154289,0.055975,0.061086,0.023407,0.198827,0.048235,0.239941,0.076205,0.127,0.015034,,3017500,,
1,1,,0.092157,0.45499,0.030189,0.019524,0.057882,0.019897,0.085258,0.086368,0.137389,0.016346,,2946800,,
1,1,,0.067359,0.348157,0.067108,0.022585,0.04916,0.05508,0.03574,0.140055,0.146408,0.068346,,2915400,,
1,1,,0.007915,0.226104,0.183948,0.166142,0.024046,0.075528,0.095725,0.038658,0.044908,0.137026,,2984100,,
1,3,,0.100501,0.136298,0.078062,0.276337,0.088602,0.082415,0.043846,0.107774,0.044533,0.041632,,2908600,,
1,7,,0.012184,0.141497,0.143086,0.041952,0.15906,0.087295,0.076365,0.185436,0.092252,0.060872,,3328600,,
1,1,,0.012393,0.222143,0.042951,0.179796,0.156382,0.117904,0.025155,0.03665,0.02407,0.182555,,3401000,,
1,1,,0.040722,0.387939,0.021833,0.022406,0.172689,0.030208,0.019272,0.268186,0.021816,0.014929,,3477100,,
1,1,,0.014055,0.324774,0.186833,0.022406,0.02784,0.018564,0.046772,0.206974,0.136505,0.015277,,3444600,,
1,1,,0.012184,0.198689,0.107218,0.091226,0.094624,0.089597,0.079558,0.118482,0.12442,0.084002,,3422700,,
1,1,,0.168173,0.226173,0.032861,0.019061,0.08337,0.055985,0.166124,0.043907,0.138416,0.065929,,3435400,,
1,1,,0.120804,0.360033,0.033501,0.020157,0.087488,0.062061,0.084533,0.091038,0.10513,0.035255,,3450700,,
2,0,,0.422373,0.036603,0.067329,0.017322,0.044558,0.039833,0.110237,0.074476,0.16176,0.025508,,3501200,,
2,2,,0.086216,0.047756,0.380328,0.026921,0.06106,0.027745,0.133106,0.056141,0.146841,0.033887,,3429800,,
2,2,,0.014474,0.032827,0.382315,0.10093,0.031254,0.090891,0.037374,0.100589,0.118378,0.090968,,3447000,,
2,2,,0.007915,0.062774,0.318279,0.144688,0.023739,0.138685,0.089567,0.035186,0.021884,0.157282,,3424600,,
2,2,,0.007915,0.104771,0.294881,0.176542,0.024046,0.075528,0.095725,0.038658,0.044908,0.137026,,3398300,,
2,5,,0.01214,0.061576,0.087842,0.096048,0.034744,0.403828,0.016797,0.101126,0.085806,0.100092,,3381200,,
2,2,,0.01964,0.110697,0.199783,0.152937,0.124954,0.094106,0.0336,0.124352,0.11634,0.023591,,3402400,,
2,8,,0.100525,0.028653,0.140112,0.01429,0.045982,0.020651,0.080025,0.01987,0.520118,0.029775,,3409300,,
2,7,,0.025654,0.077118,0.074132,0.090044,0.08599,0.117106,0.101853,0.225338,0.133026,0.06974,,3178600,,
2,2,,0.013938,0.143702,0.207706,0.203806,0.028602,0.129345,0.055199,0.080102,0.119019,0.018582,,2972000,,
2,2,,0.012653,0.050982,0.287341,0.050514,0.036018,0.056443,0.125154,0.203533,0.038193,0.139169,,2917500,,
2,2,,0.007959,0.058502,0.420869,0.154213,0.027405,0.073988,0.034754,0.121937,0.018644,0.081729,,3000000,,
2,2,,0.079207,0.059348,0.207808,0.106247,0.045663,0.080475,0.057683,0.117603,0.15846,0.087505,,3013300,,
2,2,,0.01214,0.110884,0.497184,0.048607,0.042844,0.061122,0.023004,0.103383,0.044103,0.05673,,2923500,,
2,8,,0.01964,0.218198,0.092108,0.035756,0.066819,0.035043,0.019799,0.106823,0.379022,0.026793,,2997300,,
2,7,,0.018495,0.028434,0.270711,0.041338,0.058399,0.037773,0.113701,0.341449,0.059443,0.030257,,2922300,,
2,5,,0.01214,0.061326,0.094611,0.165059,0.034564,0.25981,0.069817,0.088016,0.126378,0.088278,,3007300,,
2,3,,0.007959,0.065299,0.229281,0.314482,0.036717,0.080767,0.085046,0.091964,0.035545,0.05294,,2958100,,
2,2,,0.007915,0.065919,0.331617,0.059257,0.035035,0.109848,0.102902,0.064882,0.029274,0.193352,,2929600,,
2,2,,0.007915,0.0621,0.451455,0.125877,0.024753,0.082262,0.084978,0.035649,0.02708,0.097932,,2995400,,
2,2,,0.007915,0.113335,0.38354,0.061117,0.065888,0.061061,0.135469,0.09601,0.015547,0.060118,,2916100,,
2,5,,0.007915,0.061094,0.195266,0.160748,0.024531,0.230784,0.121907,0.040303,0.059739,0.097714,,2999300,,
2,2,,0.10385,0.048809,0.230836,0.0191,0.070123,0.031613,0.187891,0.10812,0.180133,0.019525,,3444400,,
2,5,,0.100525,0.043126,0.088007,0.022974,0.057561,0.32644,0.094499,0.054607,0.176697,0.035565,,3409600,,
2,2,,0.007915,0.051215,0.521654,0.037938,0.048748,0.039039,0.084751,0.099747,0.070109,0.038883,,3413400,,
2,2,,0.012184,0.076905,0.240168,0.167208,0.043228,0.083984,0.034252,0.160966,0.08941,0.091696,,3398700,,
2,2,,0.007915,0.103258,0.357113,0.085748,0.079076,0.131202,0.041521,0.040303,0.072657,0.081206,,3400700,,
2,2,,0.01214,0.052633,0.447665,0.047035,0.055179,0.052912,0.036041,0.164436,0.103897,0.028062,,3458100,,
2,2,,0.007915,0.087592,0.308665,0.055714,0.065809,0.075792,0.084978,0.09868,0.159062,0.055792,,3392400,,
2,2,,0.01214,0.061326,0.218141,0.160648,0.034564,0.10981,0.067611,0.088016,0.159466,0.088278,,3402100,,
2,2,,0.071799,0.058233,0.287028,0.038276,0.075784,0.06017,0.129994,0.116978,0.129935,0.031803,,3396100,,
2,2,,0.007959,0.110613,0.396044,0.133075,0.026142,0.073955,0.014887,0.099187,0.01798,0.120157,,3398700,,
2,2,,0.007915,0.058684,0.432042,0.171902,0.024753,0.078135,0.059647,0.035649,0.031918,0.099355,,2942500,,
2,2,,0.067242,0.077942,0.263717,0.037163,0.071637,0.046887,0.167408,0.135482,0.106573,0.02595,,2984000,,
2,2,,0.007915,0.135271,0.392736,0.114324,0.031546,0.083028,0.073907,0.038658,0.032635,0.08998,,3007500,,
2,2,,0.01214,0.10397,0.346113,0.041656,0.132937,0.062186,0.074297,0.101697,0.059632,0.065371,,3002500,,
2,2,,0.007915,0.138542,0.341219,0.100552,0.042121,0.060258,0.118735,0.071435,0.055038,0.064186,,3159500,,
2,9,,0.020625,0.060664,0.242871,0.058645,0.048089,0.065005,0.038534,0.106702,0.081912,0.276953,,2932200,,
2,3,,0.01214,0.052106,0.158959,0.331403,0.056355,0.052934,0.032804,0.169552,0.109252,0.024493,,3046000,,
2,2,,0.007915,0.06856,0.41048,0.115903,0.024046,0.075528,0.064058,0.038658,0.065003,0.129848,,2970100,,
2,2,,0.01214,0.065163,0.229743,0.160648,0.034141,0.086229,0.069235,0.112562,0.144757,0.085383,,3041600,,
2,1,,0.007915,0.308604,0.219403,0.114324,0.031546,0.083028,0.073907,0.038658,0.032635,0.08998,,3114700,,
2,8,,0.01214,0.063913,0.127788,0.161472,0.02829,0.101373,0.07087,0.097048,0.246841,0.090264,,3378900,,
2,7,,0.007959,0.215656,0.142982,0.081172,0.02713,0.076974,0.018124,0.330838,0.018955,0.080209,,3419800,,
2,2,,0.014451,0.049145,0.538272,0.067735,0.028569,0.049451,0.030077,0.065508,0.087014,0.069776,,3427400,,
2,2,,0.007915,0.125266,0.193581,0.11888,0.023833,0.139622,0.193201,0.033501,0.078286,0.085915,,3418000,,
2,6,,0.120033,0.036747,0.136829,0.02301,0.171689,0.038639,0.250472,0.083665,0.107014,0.031901,,3477900,,
2,2,,0.10385,0.035702,0.495022,0.02605,0.064664,0.025184,0.076929,0.041838,0.112376,0.018385,,3583800,,
2,2,,0.007959,0.067467,0.349785,0.163178,0.027405,0.073988,0.06101,0.121937,0.027609,0.09966,,3405100,,
2,2,,0.01214,0.050209,0.4653,0.052855,0.043857,0.060699,0.128415,0.103845,0.029299,0.05338,,3465200,,
2,2,,0.01214,0.055011,0.27682,0.102671,0.055485,0.049882,0.15054,0.167908,0.103775,0.025768,,3487800,,
2,2,,0.094188,0.038993,0.226443,0.025439,0.052383,0.190651,0.104856,0.083711,0.143561,0.039775,,3579100,,
2,2,,0.014474,0.05785,0.316413,0.098446,0.033653,0.088533,0.057913,0.099469,0.170528,0.062722,,3434100,,
2,5,,0.072625,0.032863,0.190718,0.102734,0.090054,0.244428,0.124534,0.020332,0.091936,0.029775,,3530000,,
2,2,,0.012653,0.052945,0.445852,0.042596,0.05546,0.042528,0.031252,0.16996,0.111544,0.03521,,3455200,,
2,2,,0.008428,0.051234,0.312772,0.192106,0.034118,0.113075,0.056386,0.067446,0.038307,0.126129,,3438800,,
2,8,,0.007959,0.058918,0.279738,0.084153,0.028476,0.076429,0.034516,0.04914,0.30043,0.080241,,3273300,,
2,3,,0.007915,0.219613,0.229134,0.258544,0.039613,0.056493,0.014819,0.099553,0.025112,0.049203,,3008300,,
2,2,,0.007915,0.065152,0.315434,0.144324,0.024046,0.079655,0.204066,0.038658,0.021762,0.098988,,2938000,,
2,2,,0.007915,0.0703,0.356285,0.059683,0.065888,0.061061,0.180296,0.09601,0.024512,0.078049,,3010000,,
2,2,,0.007915,0.096698,0.529319,0.07635,0.034314,0.095788,0.019408,0.067963,0.031194,0.041049,,3177300,,
2,8,,0.09279,0.040009,0.186567,0.014722,0.065846,0.136257,0.093025,0.01987,0.319966,0.03095,,3030800,,
2,2,,0.01214,0.066843,0.397227,0.092999,0.033349,0.08813,0.039102,0.107446,0.073814,0.088951,,2986300,,
2,3,,0.007915,0.100956,0.272696,0.273781,0.033145,0.124973,0.016171,0.104874,0.041214,0.024275,,2980200,,
2,2,,0.086953,0.040949,0.340628,0.020251,0.053219,0.108953,0.119882,0.082929,0.125912,0.020325,,2969500,,
2,3,,0.007915,0.123291,0.205357,0.219137,0.057793,0.161406,0.03775,0.032105,0.015837,0.139409,,3428600,,
2,8,,0.09279,0.046675,0.194567,0.024722,0.056512,0.156257,0.093025,0.083203,0.2113,0.04095,,3509600,,
2,8,,0.012184,0.094542,0.19261,0.142985,0.030387,0.106162,0.069816,0.063479,0.203501,0.084334,,3507000,,
2,2,,0.014474,0.101368,0.265969,0.179647,0.027156,0.073524,0.062034,0.04378,0.17922,0.052828,,3619800,,
2,2,,0.007959,0.067578,0.208789,0.09164,0.026142,0.073955,0.059715,0.199187,0.166946,0.098088,,3462800,,
2,6,,0.01214,0.051005,0.138707,0.140897,0.076365,0.056964,0.220003,0.075727,0.147759,0.080433,,2995100,,
2,2,,0.014502,0.085532,0.26043,0.067439,0.080397,0.04884,0.065179,0.143545,0.151779,0.082357,,2918200,,
2,2,,0.01214,0.063426,0.407863,0.098877,0.033886,0.095378,0.031452,0.101866,0.06951,0.085601,,2973100,,
2,2,,0.085703,0.046515,0.197653,0.168188,0.061894,0.05874,0.120399,0.057076,0.179177,0.024656,,2921400,,
2,2,,0.007959,0.059752,0.368309,0.08207,0.100143,0.076012,0.053028,0.082473,0.090013,0.080241,,2921000,,
2,5,,0.08214,0.059005,0.189257,0.125384,0.037005,0.207256,0.055343,0.116439,0.099719,0.028452,,2959200,,
2,5,,0.01214,0.090991,0.147305,0.134546,0.047949,0.151043,0.102309,0.106521,0.107526,0.099669,,2902500,,
2,7,,0.014502,0.176937,0.077968,0.038896,0.1783,0.096325,0.019455,0.234475,0.078805,0.084336,,2968500,,
2,2,,0.313975,0.021629,0.34769,0.02337,0.034058,0.042485,0.018216,0.077675,0.084909,0.035991,,2933600,,
2,2,,0.007915,0.045274,0.304767,0.116357,0.189391,0.055015,0.107819,0.104208,0.020271,0.048984,,2988800,,
2,2,,0.015474,0.047953,0.440838,0.107451,0.039572,0.059571,0.062859,0.072717,0.111688,0.041876,,3063900,,
2,2,,0.014474,0.025426,0.466137,0.158937,0.086672,0.078823,0.018836,0.042135,0.075886,0.032674,,2972400,,
2,2,,0.007959,0.085619,0.275139,0.128605,0.041003,0.05644,0.112142,0.123092,0.096524,0.073476,,2914400,,
2,2,,0.057608,0.105914,0.525859,0.028094,0.052237,0.01775,0.057349,0.050869,0.077941,0.026379,,2904500,,
2,2,,0.162472,0.046158,0.287366,0.081185,0.020941,0.080077,0.031857,0.032105,0.012541,0.245298,,2917700,,
2,2,,0.007915,0.099803,0.270388,0.195759,0.032761,0.106621,0.057105,0.104874,0.079071,0.045704,,2929600,,
2,9,,0.132114,0.049944,0.167445,0.026739,0.070207,0.119178,0.057233,0.069025,0.117316,0.190799,,2922400,,
2,2,,0.086661,0.029307,0.401582,0.024722,0.050952,0.054543,0.044073,0.107633,0.159578,0.04095,,2906600,,
2,4,,0.120033,0.037293,0.056531,0.016617,0.368659,0.040278,0.130412,0.07443,0.130238,0.025508,,2976900,,
2,5,,0.02051,0.208321,0.055335,0.128046,0.028145,0.25505,0.019083,0.07039,0.071162,0.143957,,2956700,,
2,2,,0.025809,0.062141,0.317169,0.098484,0.090132,0.03396,0.106468,0.079349,0.167904,0.018586,,3020300,,
2,2,,0.014502,0.091754,0.248045,0.046296,0.075445,0.109849,0.156679,0.069025,0.146487,0.041917,,3028000,,
2,8,,0.159037,0.066409,0.131007,0.056403,0.082264,0.05235,0.121403,0.023921,0.225505,0.081701,,2944900,,
2,6,,0.133503,0.03457,0.110298,0.035459,0.165023,0.045577,0.259451,0.05625,0.120007,0.039861,,2981200,,
2,2,,0.007915,0.077526,0.339396,0.124868,0.024046,0.075528,0.090314,0.038658,0.073969,0.14778,,2924300,,
2,2,,0.007915,0.140152,0.245434,0.134324,0.024046,0.079655,0.134066,0.038658,0.046762,0.148988,,2955300,,
2,7,,0.007959,0.071126,0.221901,0.041497,0.03536,0.057494,0.088282,0.39541,0.041185,0.039787,,3026100,,
2,2,,0.130029,0.0208,0.341034,0.026021,0.028764,0.149839,0.045104,0.15796,0.081251,0.0192,,2920800,,
2,1,,0.007959,0.235835,0.124226,0.081903,0.167976,0.216512,0.020278,0.046723,0.018263,0.080325,,2946400,,
2,2,,0.01214,0.066547,0.25586,0.100653,0.041961,0.18765,0.030744,0.123095,0.086127,0.095223,,2921100,,
2,2,,0.01214,0.123777,0.331396,0.048002,0.041196,0.073258,0.029834,0.22429,0.082946,0.033162,,2953200,,
2,5,,0.01214,0.084219,0.048474,0.128961,0.103071,0.255519,0.018415,0.082626,0.138288,0.128287,,3054000,,
2,2,,0.01214,0.059987,0.395692,0.087426,0.048746,0.073736,0.031452,0.165771,0.071669,0.05338,,2945400,,
2,2,,0.067242,0.061643,0.292908,0.022161,0.082411,0.030768,0.07496,0.082225,0.266157,0.019525,,3595400,,
2,6,,0.120033,0.036747,0.136829,0.02301,0.171689,0.038639,0.250472,0.083665,0.107014,0.031901,,2912700,,
2,2,,0.009757,0.100225,0.462524,0.069119,0.050122,0.017427,0.018573,0.173964,0.0473,0.050991,,2942300,,
2,2,,0.012653,0.041847,0.533559,0.036442,0.051854,0.041311,0.056477,0.100454,0.087629,0.037775,,2937500,,
2,2,,0.007915,0.048144,0.466562,0.087658,0.026138,0.137654,0.031246,0.094066,0.015361,0.085256,,2995400,,
2,2,,0.007915,0.061094,0.368951,0.117327,0.056109,0.080784,0.131775,0.040303,0.038028,0.097714,,2922400,,
2,2,,0.100138,0.052464,0.322959,0.012776,0.119711,0.078777,0.043624,0.155491,0.078837,0.035224,,2981300,,
2,2,,0.01214,0.068705,0.391766,0.098526,0.042265,0.087796,0.032661,0.075744,0.097165,0.093231,,2974200,,
2,2,,0.013938,0.125661,0.371073,0.123878,0.022975,0.023217,0.040377,0.13286,0.126288,0.019733,,2965500,,
3,3,,0.012437,0.123804,0.039892,0.193421,0.126686,0.119686,0.079237,0.050768,0.065405,0.188663,,3602500,,
3,3,,0.012437,0.069675,0.041142,0.176717,0.173732,0.115784,0.01954,0.053684,0.168662,0.168626,,2919200,,
3,1,,0.012437,0.192996,0.046405,0.179479,0.09027,0.11938,0.063461,0.050768,0.076596,0.168209,,2952400,,
3,8,,0.012184,0.133585,0.041815,0.23215,0.031374,0.15118,0.021719,0.05513,0.236475,0.084387,,2914500,,
3,3,,0.012437,0.06937,0.057748,0.290532,0.031398,0.113311,0.018483,0.063732,0.174449,0.168541,,2926100,,
3,3,,0.012393,0.060624,0.047708,0.39562,0.030171,0.187935,0.019766,0.044848,0.031345,0.16959,,3116300,,
3,3,,0.012393,0.153957,0.047708,0.18562,0.030171,0.117935,0.1131,0.044848,0.124678,0.16959,,2932600,,
3,3,,0.014799,0.06978,0.068757,0.311387,0.080237,0.078872,0.019383,0.182012,0.058233,0.11654,,2940500,,
3,6,,0.007915,0.049005,0.040118,0.124851,0.02446,0.163787,0.281083,0.032105,0.058694,0.21798,,2916700,,
3,3,,0.012393,0.089208,0.046728,0.296765,0.151727,0.115013,0.018188,0.040546,0.027846,0.201584,,2946500,,
3,3,,0.012393,0.088041,0.073972,0.221169,0.044072,0.173155,0.089272,0.044848,0.069202,0.183876,,3020100,,
3,2,,0.012393,0.060476,0.26453,0.2555,0.030009,0.11749,0.018415,0.040193,0.031186,0.169808,,2944600,,
3,3,,0.012437,0.069941,0.095329,0.371813,0.031914,0.114686,0.020373,0.087621,0.026541,0.169345,,2915900,,
3,5,,0.092293,0.036825,0.033464,0.105725,0.046482,0.359815,0.083888,0.020123,0.111228,0.110157,,2915800,,
3,5,,0.024105,0.051203,0.136217,0.170134,0.028397,0.214588,0.027904,0.037022,0.155253,0.155177,,2932100,,
3,8,,0.019684,0.159018,0.10579,0.124621,0.116685,0.082168,0.049594,0.131914,0.189259,0.021267,,2963600,,
3,1,,0.012393,0.213528,0.045568,0.176888,0.066802,0.114883,0.055003,0.043203,0.100868,0.170864,,2998900,,
3,3,,0.012393,0.060476,0.19453,0.3255,0.030009,0.11749,0.018415,0.040193,0.031186,0.169808,,2937700,,
3,7,,0.012184,0.072628,0.071944,0.135287,0.08599,0.124013,0.092873,0.211984,0.096187,0.096909,,2944700,,
3,3,,0.01214,0.053648,0.101197,0.55058,0.028997,0.082341,0.018415,0.03994,0.02714,0.085601,,2909300,,
3,3,,0.012393,0.097435,0.120881,0.195872,0.048759,0.153909,0.018415,0.040193,0.123584,0.188558,,3041000,,
3,8,,0.019518,0.099098,0.052024,0.114909,0.043484,0.105649,0.019383,0.081465,0.365802,0.098669,,2945100,,
3,9,,0.012393,0.058901,0.090823,0.265936,0.031394,0.159867,0.01627,0.038611,0.023594,0.302212,,2901900,,
3,3,,0.012393,0.060624,0.141042,0.278953,0.030171,0.211269,0.019766,0.044848,0.031345,0.16959,,2939100,,
3,3,,0.012437,0.070413,0.041815,0.220403,0.032386,0.209663,0.068386,0.055383,0.120521,0.168593,,2902900,,
3,2,,0.015268,0.059754,0.223828,0.194513,0.075028,0.079453,0.020795,0.070303,0.129855,0.131202,,2925800,,
3,3,,0.012393,0.060476,0.05453,0.4655,0.030009,0.11749,0.018415,0.040193,0.031186,0.169808,,3020700,,
3,6,,0.02561,0.05173,0.094559,0.086016,0.039279,0.086447,0.333659,0.105093,0.109787,0.067821,,2932700,,
3,9,,0.012906,0.100612,0.05644,0.182633,0.028286,0.115713,0.020795,0.037676,0.044826,0.400112,,2986600,,
3,3,,0.012393,0.06115,0.056414,0.423918,0.028995,0.117914,0.023004,0.039731,0.044656,0.191825,,2896200,,
3,3,,0.012393,0.06115,0.149747,0.274585,0.028995,0.117914,0.023004,0.133064,0.02599,0.173158,,2965100,,
3,3,,0.024357,0.058031,0.136217,0.258387,0.029408,0.139737,0.027904,0.037275,0.049299,0.239384,,3132200,,
3,9,,0.012393,0.058901,0.167966,0.240222,0.031394,0.11701,0.01627,0.038611,0.023594,0.29364,,2988600,,
3,3,,0.012393,0.058901,0.072966,0.355222,0.031394,0.21701,0.01627,0.038611,0.023594,0.17364,,2923700,,
3,4,,0.012437,0.069259,0.041024,0.177495,0.313496,0.115132,0.019383,0.056051,0.027515,0.168209,,2916100,,
3,3,,0.012437,0.069941,0.095329,0.371813,0.031914,0.114686,0.020373,0.087621,0.026541,0.169345,,2953400,,
3,1,,0.012437,0.192996,0.046405,0.179479,0.09027,0.11938,0.063461,0.050768,0.076596,0.168209,,2940100,,
3,2,,0.019893,0.120794,0.205286,0.184348,0.0606,0.063889,0.080661,0.056638,0.100095,0.107797,,2997400,,
3,5,,0.122748,0.025484,0.142711,0.163295,0.073188,0.239885,0.01733,0.019776,0.021119,0.174464,,2928100,,
3,3,,0.020041,0.078256,0.080245,0.211747,0.030387,0.10959,0.053522,0.094907,0.197683,0.12362,,2956000,,
