optdigits,CWE,test,3,NANOSECONDS,PREDICTIONS, Generated by ClassifierExperiments.java on 2022-05-16 19:20:42.    SYSTEMPROPERTIES:{user.name:matth,os.arch:amd64,os.name:Windows 10},ENDSYSTEMPROPERTIES
No parameter info
0.5695305580159433,9660970500,3520975500,-1,161715120,10,,-1,-1
0,0,,0.533346,0.045386,0.042571,0.02634,0.057663,0.023919,0.091781,0.032992,0.121844,0.024157,,3352400,,
0,2,,0.114523,0.045386,0.322571,0.02634,0.057663,0.023919,0.090997,0.032992,0.261452,0.024157,,3044700,,
0,8,,0.262452,0.046346,0.048387,0.025884,0.055869,0.025206,0.122593,0.060822,0.328284,0.024157,,3318900,,
0,0,,0.721776,0.026719,0.043212,0.025007,0.037448,0.028218,0.030501,0.025915,0.033243,0.027962,,3179500,,
0,0,,0.516234,0.045499,0.043895,0.024597,0.082948,0.044702,0.050936,0.054075,0.112958,0.024157,,3556300,,
0,0,,0.721776,0.026719,0.043212,0.025007,0.037448,0.028218,0.030501,0.025915,0.033243,0.027962,,3244000,,
0,0,,0.641776,0.026719,0.043212,0.025007,0.117448,0.028218,0.030501,0.025915,0.033243,0.027962,,3316800,,
0,8,,0.262452,0.046346,0.048387,0.025884,0.055869,0.025206,0.122593,0.060822,0.328284,0.024157,,3340100,,
0,0,,0.516234,0.045499,0.043895,0.024597,0.082948,0.044702,0.050936,0.054075,0.112958,0.024157,,3595300,,
0,4,,0.231081,0.063479,0.034224,0.025111,0.254655,0.024434,0.146182,0.07554,0.121137,0.024157,,2955500,,
0,0,,0.499495,0.048395,0.063816,0.024597,0.060425,0.031897,0.079477,0.058843,0.1089,0.024157,,2982700,,
0,0,,0.267157,0.042479,0.044993,0.035881,0.150732,0.024434,0.146182,0.065847,0.198137,0.024157,,2971400,,
0,0,,0.494081,0.043447,0.034546,0.025111,0.109268,0.024434,0.146182,0.035475,0.063299,0.024157,,3090300,,
0,4,,0.126081,0.168479,0.055224,0.025111,0.254655,0.024434,0.146182,0.03354,0.142137,0.024157,,2994000,,
0,0,,0.311108,0.065182,0.045575,0.025111,0.175763,0.024434,0.146182,0.056242,0.126245,0.024157,,2914100,,
0,0,,0.384952,0.081346,0.083387,0.025884,0.090869,0.025206,0.122593,0.034572,0.127034,0.024157,,3184800,,
0,0,,0.384952,0.081346,0.083387,0.025884,0.090869,0.025206,0.122593,0.034572,0.127034,0.024157,,2986000,,
0,0,,0.494081,0.043447,0.034546,0.025111,0.109268,0.024434,0.146182,0.035475,0.063299,0.024157,,2963200,,
0,0,,0.384952,0.186346,0.048387,0.025884,0.055869,0.025206,0.122593,0.034572,0.092034,0.024157,,3164400,,
0,0,,0.664633,0.026719,0.043212,0.025007,0.094591,0.028218,0.030501,0.025915,0.033243,0.027962,,2982100,,
0,0,,0.326004,0.046346,0.048387,0.025884,0.077975,0.025206,0.122593,0.056677,0.246771,0.024157,,2927300,,
0,0,,0.280081,0.084479,0.034224,0.025111,0.191655,0.024434,0.146182,0.04754,0.142137,0.024157,,3131500,,
0,0,,0.499495,0.048395,0.063816,0.024597,0.060425,0.031897,0.079477,0.058843,0.1089,0.024157,,3111500,,
0,0,,0.516234,0.045499,0.043895,0.024597,0.082948,0.044702,0.050936,0.054075,0.112958,0.024157,,2942400,,
0,0,,0.533346,0.045386,0.042571,0.02634,0.057663,0.023919,0.091781,0.032992,0.121844,0.024157,,3236600,,
0,0,,0.499495,0.048395,0.063816,0.024597,0.060425,0.031897,0.079477,0.058843,0.1089,0.024157,,2972500,,
0,8,,0.244952,0.046346,0.068387,0.025884,0.115869,0.025206,0.122593,0.034572,0.292034,0.024157,,2914200,,
0,0,,0.533346,0.045386,0.042571,0.02634,0.057663,0.023919,0.091781,0.032992,0.121844,0.024157,,3237800,,
0,8,,0.244952,0.046346,0.068387,0.025884,0.115869,0.025206,0.122593,0.034572,0.292034,0.024157,,2961100,,
0,4,,0.189081,0.077479,0.104224,0.025111,0.212655,0.024434,0.146182,0.03354,0.163137,0.024157,,2899300,,
0,0,,0.326004,0.046346,0.048387,0.025884,0.077975,0.025206,0.122593,0.056677,0.246771,0.024157,,2946700,,
0,0,,0.677331,0.026719,0.043212,0.025007,0.037448,0.028218,0.030501,0.025915,0.033243,0.072406,,2915400,,
0,0,,0.494081,0.043447,0.034546,0.025111,0.109268,0.024434,0.146182,0.035475,0.063299,0.024157,,2934400,,
0,0,,0.438472,0.072899,0.047675,0.027683,0.054059,0.027005,0.057069,0.159276,0.091705,0.024157,,3035100,,
0,0,,0.516234,0.045499,0.043895,0.024597,0.082948,0.044702,0.050936,0.054075,0.112958,0.024157,,3059500,,
0,0,,0.516234,0.045499,0.043895,0.024597,0.082948,0.044702,0.050936,0.054075,0.112958,0.024157,,2912300,,
0,0,,0.533346,0.045386,0.042571,0.02634,0.057663,0.023919,0.091781,0.032992,0.121844,0.024157,,3140700,,
0,0,,0.516234,0.045499,0.043895,0.024597,0.082948,0.044702,0.050936,0.054075,0.112958,0.024157,,2932700,,
0,0,,0.326004,0.046346,0.048387,0.025884,0.077975,0.025206,0.122593,0.056677,0.246771,0.024157,,3242500,,
0,0,,0.721776,0.026719,0.043212,0.025007,0.037448,0.028218,0.030501,0.025915,0.033243,0.027962,,2957400,,
0,0,,0.516234,0.045499,0.043895,0.024597,0.082948,0.044702,0.050936,0.054075,0.112958,0.024157,,2963100,,
0,0,,0.516234,0.045499,0.043895,0.024597,0.082948,0.044702,0.050936,0.054075,0.112958,0.024157,,3045200,,
0,0,,0.438472,0.072899,0.047675,0.027683,0.054059,0.027005,0.057069,0.159276,0.091705,0.024157,,2986600,,
0,0,,0.311108,0.065182,0.045575,0.025111,0.175763,0.024434,0.146182,0.056242,0.126245,0.024157,,3072300,,
0,0,,0.533346,0.045386,0.042571,0.02634,0.057663,0.023919,0.091781,0.032992,0.121844,0.024157,,3121900,,
0,7,,0.02738,0.05365,0.05087,0.029889,0.040836,0.188221,0.02429,0.506913,0.048503,0.029449,,3144200,,
0,0,,0.655109,0.026719,0.043212,0.025007,0.104115,0.028218,0.030501,0.025915,0.033243,0.027962,,2907700,,
0,0,,0.533346,0.045386,0.042571,0.02634,0.057663,0.023919,0.091781,0.032992,0.121844,0.024157,,2918200,,
0,8,,0.262452,0.046346,0.048387,0.025884,0.055869,0.025206,0.122593,0.060822,0.328284,0.024157,,2959000,,
0,8,,0.244952,0.046346,0.068387,0.025884,0.115869,0.025206,0.122593,0.034572,0.292034,0.024157,,3023400,,
0,0,,0.356815,0.030758,0.163743,0.025337,0.055234,0.08503,0.024919,0.1402,0.093437,0.024527,,3014400,,
0,4,,0.231081,0.063479,0.034224,0.025111,0.254655,0.024434,0.146182,0.07554,0.121137,0.024157,,2886700,,
0,0,,0.655109,0.026719,0.043212,0.025007,0.104115,0.028218,0.030501,0.025915,0.033243,0.027962,,3016100,,
0,0,,0.309081,0.072479,0.064224,0.025111,0.167655,0.024434,0.146182,0.03354,0.133137,0.024157,,2972800,,
0,0,,0.533346,0.045386,0.042571,0.02634,0.057663,0.023919,0.091781,0.032992,0.121844,0.024157,,2943200,,
0,0,,0.311108,0.065182,0.045575,0.025111,0.175763,0.024434,0.146182,0.056242,0.126245,0.024157,,2960000,,
0,8,,0.208149,0.069204,0.074511,0.028038,0.111904,0.105743,0.041333,0.093107,0.243854,0.024157,,2979900,,
0,0,,0.516234,0.045499,0.043895,0.024597,0.082948,0.044702,0.050936,0.054075,0.112958,0.024157,,2907500,,
0,0,,0.326004,0.046346,0.048387,0.025884,0.077975,0.025206,0.122593,0.056677,0.246771,0.024157,,2910200,,
0,4,,0.02738,0.05365,0.17487,0.029889,0.288836,0.033221,0.02429,0.165913,0.048503,0.153449,,3031300,,
0,0,,0.516234,0.045499,0.043895,0.024597,0.082948,0.044702,0.050936,0.054075,0.112958,0.024157,,2905400,,
0,8,,0.094081,0.043447,0.034546,0.025111,0.109268,0.024434,0.146182,0.035475,0.463299,0.024157,,2953800,,
0,0,,0.438472,0.072899,0.047675,0.027683,0.054059,0.027005,0.057069,0.159276,0.091705,0.024157,,3045300,,
0,0,,0.499495,0.048395,0.063816,0.024597,0.060425,0.031897,0.079477,0.058843,0.1089,0.024157,,2916900,,
0,0,,0.533346,0.045386,0.042571,0.02634,0.057663,0.023919,0.091781,0.032992,0.121844,0.024157,,2959500,,
0,0,,0.309081,0.072479,0.064224,0.025111,0.167655,0.024434,0.146182,0.03354,0.133137,0.024157,,3298600,,
0,0,,0.516234,0.045499,0.043895,0.024597,0.082948,0.044702,0.050936,0.054075,0.112958,0.024157,,3426400,,
0,0,,0.236419,0.121704,0.127011,0.028038,0.047288,0.146128,0.041333,0.093107,0.134815,0.024157,,3368200,,
0,0,,0.453346,0.045386,0.042571,0.02634,0.057663,0.023919,0.091781,0.032992,0.201844,0.024157,,3466500,,
0,0,,0.533346,0.045386,0.042571,0.02634,0.057663,0.023919,0.091781,0.032992,0.121844,0.024157,,3493700,,
0,0,,0.267157,0.042479,0.044993,0.035881,0.150732,0.024434,0.146182,0.065847,0.198137,0.024157,,3470500,,
0,8,,0.236419,0.069204,0.074511,0.028038,0.099788,0.041128,0.041333,0.093107,0.292315,0.024157,,3593800,,
0,0,,0.267157,0.042479,0.044993,0.035881,0.150732,0.024434,0.146182,0.065847,0.198137,0.024157,,3426100,,
0,0,,0.494081,0.043447,0.034546,0.025111,0.109268,0.024434,0.146182,0.035475,0.063299,0.024157,,3448800,,
0,0,,0.516234,0.045499,0.043895,0.024597,0.082948,0.044702,0.050936,0.054075,0.112958,0.024157,,3407600,,
0,0,,0.438472,0.072899,0.047675,0.027683,0.054059,0.027005,0.057069,0.159276,0.091705,0.024157,,3373100,,
0,8,,0.244952,0.046346,0.068387,0.025884,0.115869,0.025206,0.122593,0.034572,0.292034,0.024157,,3408100,,
0,0,,0.533346,0.045386,0.042571,0.02634,0.057663,0.023919,0.091781,0.032992,0.121844,0.024157,,3388800,,
0,0,,0.516234,0.045499,0.043895,0.024597,0.082948,0.044702,0.050936,0.054075,0.112958,0.024157,,3424200,,
0,4,,0.084081,0.042479,0.086724,0.025111,0.317655,0.024434,0.146182,0.08604,0.163137,0.024157,,3410100,,
0,0,,0.384952,0.081346,0.083387,0.025884,0.090869,0.025206,0.122593,0.034572,0.127034,0.024157,,3434600,,
0,8,,0.262452,0.046346,0.048387,0.025884,0.055869,0.025206,0.122593,0.060822,0.328284,0.024157,,3298100,,
0,0,,0.309081,0.072479,0.064224,0.025111,0.167655,0.024434,0.146182,0.03354,0.133137,0.024157,,2924000,,
0,0,,0.309081,0.072479,0.064224,0.025111,0.167655,0.024434,0.146182,0.03354,0.133137,0.024157,,3009300,,
0,0,,0.516234,0.045499,0.043895,0.024597,0.082948,0.044702,0.050936,0.054075,0.112958,0.024157,,2972500,,
0,0,,0.641776,0.026719,0.043212,0.025007,0.117448,0.028218,0.030501,0.025915,0.033243,0.027962,,2939000,,
0,0,,0.267157,0.042479,0.044993,0.035881,0.150732,0.024434,0.146182,0.065847,0.198137,0.024157,,2930800,,
0,0,,0.516234,0.045499,0.043895,0.024597,0.082948,0.044702,0.050936,0.054075,0.112958,0.024157,,3015100,,
0,0,,0.267157,0.042479,0.044993,0.035881,0.150732,0.024434,0.146182,0.065847,0.198137,0.024157,,3003400,,
0,0,,0.516234,0.045499,0.043895,0.024597,0.082948,0.044702,0.050936,0.054075,0.112958,0.024157,,2903400,,
0,0,,0.356815,0.030758,0.103743,0.025337,0.055234,0.08503,0.024919,0.0802,0.213437,0.024527,,3000400,,
0,0,,0.499495,0.048395,0.063816,0.024597,0.060425,0.031897,0.079477,0.058843,0.1089,0.024157,,3558600,,
0,0,,0.533346,0.045386,0.042571,0.02634,0.057663,0.023919,0.091781,0.032992,0.121844,0.024157,,3274100,,
0,0,,0.533346,0.045386,0.042571,0.02634,0.057663,0.023919,0.091781,0.032992,0.121844,0.024157,,3236700,,
0,1,,0.078919,0.249204,0.194511,0.088038,0.047288,0.041128,0.101333,0.093107,0.082315,0.024157,,2965200,,
0,0,,0.267157,0.042479,0.044993,0.035881,0.150732,0.024434,0.146182,0.065847,0.198137,0.024157,,2905800,,
0,8,,0.208149,0.069204,0.074511,0.028038,0.111904,0.105743,0.041333,0.093107,0.243854,0.024157,,3530700,,
0,0,,0.516234,0.045499,0.043895,0.024597,0.082948,0.044702,0.050936,0.054075,0.112958,0.024157,,3421900,,
0,0,,0.494081,0.043447,0.034546,0.025111,0.109268,0.024434,0.146182,0.035475,0.063299,0.024157,,3219000,,
0,0,,0.516234,0.045499,0.043895,0.024597,0.082948,0.044702,0.050936,0.054075,0.112958,0.024157,,2935600,,
0,0,,0.533346,0.045386,0.042571,0.02634,0.057663,0.023919,0.091781,0.032992,0.121844,0.024157,,3008900,,
0,0,,0.280081,0.084479,0.034224,0.025111,0.191655,0.024434,0.146182,0.04754,0.142137,0.024157,,3612800,,
0,4,,0.126081,0.168479,0.055224,0.025111,0.254655,0.024434,0.146182,0.03354,0.142137,0.024157,,4842500,,
0,0,,0.516234,0.045499,0.043895,0.024597,0.082948,0.044702,0.050936,0.054075,0.112958,0.024157,,2995400,,
0,0,,0.327305,0.083405,0.073093,0.025884,0.068222,0.025206,0.122593,0.059278,0.190857,0.024157,,3103000,,
0,0,,0.327305,0.083405,0.073093,0.025884,0.068222,0.025206,0.122593,0.059278,0.190857,0.024157,,2921900,,
0,0,,0.516234,0.045499,0.043895,0.024597,0.082948,0.044702,0.050936,0.054075,0.112958,0.024157,,2963100,,
0,0,,0.398952,0.046346,0.048387,0.025884,0.055869,0.025206,0.122593,0.034572,0.218034,0.024157,,3357000,,
0,0,,0.533346,0.045386,0.042571,0.02634,0.057663,0.023919,0.091781,0.032992,0.121844,0.024157,,3208700,,
0,0,,0.721776,0.026719,0.043212,0.025007,0.037448,0.028218,0.030501,0.025915,0.033243,0.027962,,3055100,,
0,4,,0.224081,0.070479,0.034224,0.025111,0.275655,0.024434,0.146182,0.03354,0.142137,0.024157,,3290300,,
1,1,,0.023852,0.467386,0.051492,0.11062,0.035826,0.095723,0.023808,0.053662,0.02655,0.11108,,3061200,,
1,3,,0.023852,0.067965,0.050343,0.31531,0.034677,0.096174,0.023808,0.252913,0.026976,0.107982,,3171300,,
1,2,,0.023852,0.200542,0.318825,0.10982,0.034493,0.095323,0.023808,0.054284,0.026995,0.112058,,3070700,,
1,1,,0.023852,0.318576,0.050005,0.208436,0.084339,0.10558,0.023808,0.052575,0.02655,0.10628,,3042700,,
1,9,,0.023852,0.105964,0.050093,0.144378,0.034366,0.095323,0.023808,0.054585,0.02661,0.44102,,3098000,,
1,1,,0.023852,0.364643,0.050093,0.106283,0.085979,0.095323,0.023808,0.080391,0.039514,0.130114,,2985000,,
1,8,,0.115094,0.048815,0.042571,0.02634,0.058806,0.023919,0.09614,0.034706,0.529452,0.024157,,3278500,,
1,2,,0.02738,0.05365,0.36087,0.029889,0.040836,0.033221,0.02429,0.041913,0.048503,0.339449,,3058700,,
1,1,,0.038826,0.274663,0.031159,0.027229,0.05412,0.024124,0.094637,0.194359,0.23541,0.025473,,3165000,,
1,1,,0.023852,0.467386,0.051492,0.11062,0.035826,0.095723,0.023808,0.053662,0.02655,0.11108,,3169100,,
1,7,,0.023852,0.160163,0.081984,0.06666,0.154935,0.071126,0.023808,0.221652,0.042202,0.153618,,3105900,,
1,1,,0.023852,0.411334,0.103547,0.120081,0.030674,0.088741,0.051227,0.04341,0.025687,0.101448,,3156400,,
1,1,,0.025536,0.353434,0.063815,0.027965,0.060978,0.059174,0.264229,0.077274,0.042176,0.02542,,3180500,,
1,7,,0.123775,0.120165,0.043895,0.024597,0.194948,0.030931,0.078936,0.203409,0.155188,0.024157,,3130500,,
1,7,,0.023852,0.065534,0.086845,0.049775,0.159982,0.067788,0.023808,0.421297,0.029402,0.071716,,3061700,,
1,3,,0.023852,0.130687,0.152052,0.225028,0.071121,0.179236,0.023808,0.052062,0.02655,0.115604,,3139300,,
1,1,,0.023852,0.364643,0.050093,0.106283,0.085979,0.095323,0.023808,0.080391,0.039514,0.130114,,3162200,,
1,9,,0.023852,0.067208,0.052159,0.10982,0.10722,0.095323,0.023808,0.054284,0.063358,0.402967,,3012100,,
1,1,,0.02738,0.545439,0.05087,0.029889,0.104942,0.033221,0.056343,0.041913,0.080555,0.029449,,2925700,,
1,2,,0.023852,0.112533,0.207983,0.198915,0.057599,0.174569,0.023808,0.067911,0.02655,0.10628,,2967400,,
1,4,,0.026815,0.270758,0.028743,0.025337,0.327734,0.02503,0.024919,0.1002,0.145937,0.024527,,2972100,,
1,8,,0.262452,0.046346,0.048387,0.025884,0.055869,0.025206,0.122593,0.060822,0.328284,0.024157,,2967900,,
1,7,,0.023852,0.100676,0.082603,0.083552,0.047177,0.072824,0.023808,0.449686,0.046002,0.069821,,3005300,,
1,9,,0.023852,0.087869,0.090093,0.186283,0.054366,0.095323,0.023808,0.194585,0.02661,0.217211,,2916900,,
1,1,,0.02738,0.545439,0.05087,0.029889,0.104942,0.033221,0.056343,0.041913,0.080555,0.029449,,2895300,,
1,1,,0.023852,0.466608,0.052465,0.112199,0.034907,0.096675,0.023808,0.053954,0.027631,0.107902,,2979100,,
1,2,,0.02738,0.05365,0.67087,0.029889,0.040836,0.033221,0.02429,0.041913,0.048503,0.029449,,2937500,,
1,9,,0.023852,0.09644,0.078664,0.191997,0.091509,0.095323,0.023808,0.111728,0.02661,0.260068,,3118200,,
1,7,,0.123775,0.120165,0.043895,0.024597,0.194948,0.030931,0.078936,0.203409,0.155188,0.024157,,2978900,,
1,1,,0.094836,0.352899,0.047675,0.027683,0.071559,0.027005,0.057069,0.082912,0.214205,0.024157,,2941600,,
1,9,,0.023852,0.065986,0.050992,0.20732,0.034826,0.095573,0.023808,0.155812,0.0268,0.31503,,2893300,,
1,1,,0.023852,0.417525,0.050684,0.143186,0.033929,0.10952,0.023808,0.052114,0.02655,0.118832,,2958300,,
1,9,,0.023852,0.148259,0.050583,0.191093,0.034553,0.095687,0.023808,0.05388,0.02655,0.351735,,2903800,,
1,1,,0.023852,0.364643,0.050093,0.106283,0.085979,0.095323,0.023808,0.080391,0.039514,0.130114,,2940100,,
1,1,,0.013913,0.322565,0.075326,0.213233,0.033759,0.168019,0.014007,0.059485,0.015792,0.083901,,2943700,,
1,2,,0.023852,0.14399,0.376551,0.056363,0.042656,0.053757,0.03026,0.082652,0.03678,0.153139,,2944100,,
1,2,,0.023852,0.164352,0.186984,0.17139,0.104192,0.120112,0.023808,0.10976,0.042202,0.053347,,2944800,,
1,8,,0.114523,0.045386,0.042571,0.02634,0.057663,0.023919,0.230997,0.032992,0.401452,0.024157,,2999000,,
1,3,,0.023852,0.200542,0.185492,0.243154,0.034493,0.095323,0.023808,0.054284,0.026995,0.112058,,2982000,,
1,1,,0.023852,0.439828,0.113762,0.118468,0.030674,0.087128,0.023808,0.04341,0.025687,0.093383,,2910500,,
1,3,,0.023852,0.200542,0.185492,0.243154,0.034493,0.095323,0.023808,0.054284,0.026995,0.112058,,3749300,,
1,1,,0.023852,0.449352,0.104239,0.118468,0.030674,0.087128,0.023808,0.04341,0.025687,0.093383,,2965800,,
1,1,,0.026815,0.638258,0.028743,0.025337,0.030234,0.02503,0.024919,0.0302,0.145937,0.024527,,2963500,,
1,1,,0.02738,0.545439,0.05087,0.029889,0.104942,0.033221,0.056343,0.041913,0.080555,0.029449,,3077000,,
1,3,,0.023852,0.065986,0.117659,0.373987,0.034826,0.095573,0.023808,0.055812,0.0268,0.181697,,3125200,,
1,2,,0.023852,0.071033,0.250603,0.138623,0.045034,0.154324,0.023808,0.122543,0.129645,0.040535,,3165200,,
1,2,,0.023852,0.100534,0.331845,0.084775,0.039982,0.137788,0.023808,0.121297,0.029402,0.106716,,3183500,,
1,1,,0.025536,0.629434,0.063815,0.027965,0.060978,0.059174,0.024229,0.044274,0.039176,0.02542,,3333100,,
1,1,,0.038826,0.274663,0.031159,0.027229,0.05412,0.024124,0.094637,0.194359,0.23541,0.025473,,3370600,,
1,2,,0.023852,0.071033,0.250603,0.138623,0.045034,0.154324,0.023808,0.122543,0.129645,0.040535,,2922900,,
1,1,,0.038826,0.274663,0.031159,0.027229,0.05412,0.024124,0.094637,0.194359,0.23541,0.025473,,2894900,,
1,1,,0.023852,0.473162,0.080429,0.118468,0.030674,0.087128,0.023808,0.04341,0.025687,0.093383,,3904400,,
1,2,,0.023852,0.059352,0.291984,0.06639,0.051692,0.172612,0.023808,0.10976,0.042202,0.158347,,2954900,,
1,8,,0.094081,0.129161,0.034546,0.025111,0.109268,0.024434,0.146182,0.035475,0.377584,0.024157,,2917100,,
1,1,,0.023852,0.486495,0.067096,0.118468,0.030674,0.087128,0.023808,0.04341,0.025687,0.093383,,3022600,,
1,0,,0.311108,0.065182,0.045575,0.025111,0.175763,0.024434,0.146182,0.056242,0.126245,0.024157,,2886500,,
1,1,,0.038826,0.274663,0.031159,0.027229,0.05412,0.024124,0.094637,0.194359,0.23541,0.025473,,2982300,,
1,9,,0.023852,0.179869,0.050093,0.122283,0.034366,0.095323,0.023808,0.054585,0.02661,0.389211,,2999800,,
1,4,,0.026438,0.076177,0.150276,0.05304,0.430083,0.056753,0.023808,0.088918,0.049665,0.044843,,3186900,,
1,1,,0.023852,0.439828,0.113762,0.118468,0.030674,0.087128,0.023808,0.04341,0.025687,0.093383,,2956000,,
1,8,,0.123775,0.115499,0.043895,0.024597,0.187948,0.030931,0.120936,0.054075,0.274188,0.024157,,2912500,,
1,9,,0.023852,0.167208,0.052159,0.10982,0.034493,0.095323,0.023808,0.054284,0.026995,0.412058,,3010600,,
1,4,,0.126081,0.168479,0.055224,0.025111,0.254655,0.024434,0.146182,0.03354,0.142137,0.024157,,3008100,,
1,1,,0.023852,0.364643,0.050093,0.106283,0.085979,0.095323,0.023808,0.080391,0.039514,0.130114,,2948900,,
1,1,,0.023852,0.19865,0.117812,0.176933,0.033991,0.162155,0.023808,0.055037,0.026881,0.180881,,2957000,,
1,0,,0.267157,0.042479,0.044993,0.035881,0.150732,0.024434,0.146182,0.065847,0.198137,0.024157,,3092100,,
1,7,,0.023852,0.100676,0.082603,0.083552,0.047177,0.072824,0.023808,0.449686,0.046002,0.069821,,2946200,,
1,1,,0.023852,0.176033,0.082603,0.159623,0.045034,0.175324,0.023808,0.122543,0.045645,0.145535,,2978300,,
1,1,,0.02738,0.545439,0.05087,0.029889,0.104942,0.033221,0.056343,0.041913,0.080555,0.029449,,3182400,,
1,9,,0.023852,0.105964,0.050093,0.144378,0.034366,0.095323,0.023808,0.054585,0.02661,0.44102,,3177200,,
1,6,,0.114523,0.045386,0.042571,0.09634,0.127663,0.023919,0.300997,0.032992,0.191452,0.024157,,2995300,,
1,3,,0.023852,0.067208,0.152159,0.30982,0.034493,0.095323,0.023808,0.054284,0.026995,0.212058,,3242500,,
1,9,,0.023852,0.065317,0.151145,0.110267,0.033991,0.095489,0.023808,0.221704,0.026881,0.247547,,3004100,,
1,9,,0.023852,0.112313,0.094537,0.106283,0.034366,0.095323,0.023808,0.099029,0.02661,0.383878,,2891400,,
1,1,,0.023852,0.19865,0.117812,0.176933,0.033991,0.162155,0.023808,0.055037,0.026881,0.180881,,3208900,,
1,8,,0.094081,0.129161,0.034546,0.025111,0.109268,0.024434,0.146182,0.035475,0.377584,0.024157,,2976700,,
1,0,,0.280081,0.084479,0.034224,0.025111,0.191655,0.024434,0.146182,0.04754,0.142137,0.024157,,2908300,,
1,9,,0.023852,0.067869,0.050093,0.150727,0.034366,0.095323,0.023808,0.054585,0.02661,0.472766,,3023600,,
1,9,,0.023852,0.067869,0.094537,0.150727,0.034366,0.095323,0.023808,0.054585,0.02661,0.428322,,2915000,,
1,2,,0.023852,0.059352,0.408651,0.06639,0.051692,0.067612,0.023808,0.10976,0.135535,0.053347,,2987200,,
1,4,,0.023852,0.046523,0.089293,0.050334,0.381194,0.04598,0.023808,0.22487,0.082636,0.03151,,2957900,,
1,3,,0.023852,0.143736,0.088867,0.248195,0.046951,0.200323,0.023808,0.078312,0.02655,0.119405,,2888900,,
1,1,,0.023852,0.164352,0.134484,0.11889,0.104192,0.067612,0.023808,0.10976,0.147202,0.105847,,2888100,,
1,1,,0.025536,0.383434,0.063815,0.027965,0.060978,0.059174,0.264229,0.062274,0.027176,0.02542,,2935000,,
1,1,,0.025536,0.353434,0.063815,0.027965,0.060978,0.119174,0.264229,0.032274,0.027176,0.02542,,3022700,,
1,1,,0.023852,0.417525,0.050684,0.143186,0.033929,0.10952,0.023808,0.052114,0.02655,0.118832,,2873700,,
1,1,,0.094836,0.352899,0.047675,0.027683,0.071559,0.027005,0.057069,0.082912,0.214205,0.024157,,3011700,,
1,6,,0.084081,0.142987,0.034732,0.025111,0.211084,0.024497,0.361547,0.033603,0.058201,0.024157,,2908100,,
1,7,,0.078919,0.069204,0.074511,0.028038,0.047288,0.041128,0.146333,0.408107,0.082315,0.024157,,2880800,,
1,1,,0.023852,0.364643,0.050093,0.106283,0.085979,0.095323,0.023808,0.080391,0.039514,0.130114,,3148500,,
1,1,,0.026815,0.428258,0.028743,0.025337,0.030234,0.02503,0.234919,0.0302,0.145937,0.024527,,2899600,,
1,0,,0.326004,0.046346,0.048387,0.025884,0.077975,0.025206,0.122593,0.056677,0.246771,0.024157,,2890300,,
1,1,,0.094836,0.352899,0.047675,0.027683,0.071559,0.027005,0.057069,0.082912,0.214205,0.024157,,2934300,,
1,5,,0.023852,0.068097,0.054825,0.11182,0.235159,0.296657,0.023808,0.052062,0.02655,0.107169,,2877200,,
1,0,,0.309081,0.072479,0.064224,0.025111,0.167655,0.024434,0.146182,0.03354,0.133137,0.024157,,2858800,,
1,8,,0.038826,0.089749,0.027826,0.025007,0.025453,0.024124,0.20792,0.025915,0.510819,0.024362,,3028800,,
1,1,,0.023852,0.364643,0.050093,0.106283,0.085979,0.095323,0.023808,0.080391,0.039514,0.130114,,2957000,,
1,3,,0.023852,0.066608,0.052465,0.432199,0.034907,0.096675,0.023808,0.053954,0.107631,0.107902,,2947800,,
1,1,,0.026438,0.391177,0.080276,0.05304,0.185083,0.056753,0.023808,0.088918,0.049665,0.044843,,2877700,,
1,4,,0.023852,0.046523,0.089293,0.050334,0.381194,0.04598,0.023808,0.22487,0.082636,0.03151,,2887400,,
1,1,,0.023852,0.417525,0.050684,0.143186,0.033929,0.10952,0.023808,0.052114,0.02655,0.118832,,3068400,,
1,0,,0.398952,0.046346,0.048387,0.025884,0.055869,0.025206,0.122593,0.034572,0.218034,0.024157,,2901600,,
1,1,,0.026438,0.391177,0.080276,0.05304,0.185083,0.056753,0.023808,0.088918,0.049665,0.044843,,2868900,,
1,4,,0.102305,0.078929,0.052448,0.025111,0.418308,0.024434,0.146182,0.051764,0.076362,0.024157,,2969400,,
1,4,,0.026815,0.270758,0.028743,0.025337,0.327734,0.02503,0.024919,0.1002,0.145937,0.024527,,2902200,,
1,3,,0.023852,0.217525,0.100684,0.305686,0.033929,0.10952,0.023808,0.052114,0.02655,0.106332,,3111300,,
1,8,,0.038826,0.026719,0.034492,0.025007,0.025453,0.024124,0.104081,0.025915,0.671021,0.024362,,3166500,,
1,2,,0.023852,0.112533,0.207983,0.198915,0.057599,0.174569,0.023808,0.067911,0.02655,0.10628,,3129400,,
1,8,,0.114523,0.087386,0.042571,0.02634,0.141663,0.023919,0.174997,0.032992,0.331452,0.024157,,3187900,,
1,1,,0.094836,0.352899,0.047675,0.027683,0.071559,0.027005,0.057069,0.082912,0.214205,0.024157,,3104800,,
1,1,,0.023852,0.417525,0.050684,0.143186,0.033929,0.10952,0.023808,0.052114,0.02655,0.118832,,3085700,,
1,1,,0.023852,0.364643,0.050093,0.106283,0.085979,0.095323,0.023808,0.080391,0.039514,0.130114,,3182400,,
1,6,,0.078919,0.209204,0.074511,0.028038,0.047288,0.041128,0.321333,0.093107,0.082315,0.024157,,2964800,,
1,7,,0.123775,0.120165,0.043895,0.024597,0.194948,0.030931,0.078936,0.203409,0.155188,0.024157,,2947100,,
1,9,,0.023852,0.148259,0.050583,0.191093,0.034553,0.095687,0.023808,0.05388,0.02655,0.351735,,3172500,,
2,8,,0.038826,0.03783,0.031159,0.027229,0.025453,0.024124,0.105193,0.030359,0.654354,0.025473,,3070500,,
2,9,,0.023852,0.09644,0.078664,0.191997,0.091509,0.095323,0.023808,0.111728,0.02661,0.260068,,3273600,,
2,2,,0.078919,0.069204,0.242511,0.028038,0.047288,0.041128,0.125333,0.177107,0.166315,0.024157,,3254100,,
2,2,,0.023852,0.076495,0.527096,0.080968,0.030674,0.087128,0.023808,0.04341,0.025687,0.080883,,3046700,,
2,4,,0.09127,0.037017,0.044029,0.026269,0.347718,0.030528,0.132687,0.042929,0.214179,0.033374,,3157100,,
2,8,,0.023852,0.046523,0.194293,0.155334,0.066194,0.04598,0.023808,0.11987,0.292636,0.03151,,3198000,,
2,9,,0.023852,0.059125,0.204008,0.087162,0.030735,0.074709,0.051227,0.213,0.026017,0.230163,,2996500,,
2,4,,0.023852,0.04462,0.12889,0.044082,0.368835,0.040851,0.051227,0.090657,0.169658,0.037328,,2986400,,
2,2,,0.023852,0.138102,0.318234,0.06639,0.051692,0.067612,0.023808,0.10976,0.042202,0.158347,,2877500,,
2,8,,0.023852,0.046523,0.194293,0.155334,0.066194,0.04598,0.023808,0.11987,0.292636,0.03151,,2896900,,
2,8,,0.095649,0.121087,0.096123,0.024597,0.076579,0.039974,0.103707,0.147689,0.270439,0.024157,,2852300,,
2,2,,0.023852,0.067525,0.450684,0.105686,0.033929,0.10952,0.023808,0.052114,0.02655,0.106332,,3121000,,
2,4,,0.231081,0.063479,0.034224,0.025111,0.254655,0.024434,0.146182,0.07554,0.121137,0.024157,,2931300,,
2,2,,0.023852,0.055777,0.462667,0.053137,0.042656,0.053757,0.043808,0.082652,0.133447,0.048247,,2966400,,
2,2,,0.18238,0.05365,0.20587,0.029889,0.195836,0.033221,0.02429,0.041913,0.048503,0.184449,,2906700,,
2,8,,0.038826,0.026719,0.027826,0.025007,0.025453,0.024124,0.107718,0.025915,0.674051,0.024362,,2898700,,
2,2,,0.023852,0.159163,0.26442,0.089965,0.034625,0.099395,0.03026,0.09094,0.042617,0.164764,,3070300,,
2,9,,0.023852,0.062845,0.115237,0.085103,0.103964,0.072931,0.043808,0.04558,0.065828,0.380852,,2934400,,
2,2,,0.11887,0.048858,0.275673,0.087545,0.075337,0.120466,0.024229,0.097442,0.055607,0.095973,,2896400,,
2,2,,0.026815,0.030758,0.255556,0.057535,0.230234,0.02503,0.024919,0.162397,0.13003,0.056725,,3043800,,
2,8,,0.023852,0.176033,0.082603,0.159623,0.045034,0.070324,0.023808,0.122543,0.255645,0.040535,,2876800,,
2,8,,0.123775,0.045499,0.201395,0.024597,0.135448,0.030931,0.050936,0.106575,0.256688,0.024157,,2901000,,
2,2,,0.023852,0.227352,0.249984,0.15039,0.051692,0.067612,0.023808,0.10976,0.042202,0.053347,,3045000,,
2,8,,0.02738,0.05365,0.05087,0.029889,0.040836,0.033221,0.02429,0.041913,0.668503,0.029449,,2894000,,
2,2,,0.176815,0.030758,0.330556,0.057535,0.055234,0.02503,0.024919,0.112397,0.13003,0.056725,,2921200,,
2,1,,0.078919,0.279204,0.074511,0.028038,0.047288,0.251128,0.041333,0.093107,0.082315,0.024157,,2960000,,
2,1,,0.023852,0.25462,0.12889,0.044082,0.053835,0.250851,0.051227,0.090657,0.064658,0.037328,,2902100,,
2,2,,0.023852,0.067525,0.450684,0.105686,0.033929,0.10952,0.023808,0.052114,0.02655,0.106332,,3082900,,
2,2,,0.026815,0.070044,0.255556,0.057535,0.148091,0.089316,0.024919,0.062397,0.208602,0.056725,,3024600,,
2,2,,0.093294,0.053367,0.4345,0.024597,0.065836,0.028792,0.044519,0.044984,0.181193,0.028919,,3123200,,
2,2,,0.023852,0.059352,0.408651,0.06639,0.051692,0.067612,0.023808,0.10976,0.135535,0.053347,,3106900,,
2,7,,0.023852,0.140463,0.114071,0.169559,0.048961,0.073181,0.023808,0.221021,0.043328,0.141755,,3035400,,
2,8,,0.023852,0.046523,0.194293,0.155334,0.066194,0.04598,0.023808,0.11987,0.292636,0.03151,,3018600,,
2,2,,0.023852,0.112533,0.207983,0.198915,0.057599,0.174569,0.023808,0.067911,0.02655,0.10628,,3121400,,
2,2,,0.026815,0.037425,0.388889,0.057535,0.0969,0.02503,0.044919,0.062397,0.20003,0.060058,,3052000,,
2,2,,0.023852,0.141033,0.362603,0.124623,0.045034,0.070324,0.023808,0.122543,0.045645,0.040535,,3195200,,
2,2,,0.025536,0.044902,0.269025,0.096776,0.13367,0.056657,0.024229,0.042204,0.257036,0.049965,,5785900,,
2,2,,0.023852,0.138102,0.318234,0.06639,0.051692,0.067612,0.023808,0.10976,0.042202,0.158347,,5666200,,
2,0,,0.209952,0.151346,0.048387,0.025884,0.055869,0.025206,0.122593,0.139572,0.197034,0.024157,,5700000,,
2,7,,0.094836,0.072899,0.187675,0.027683,0.194059,0.027005,0.057069,0.222912,0.091705,0.024157,,3375800,,
2,3,,0.023852,0.137545,0.141731,0.225091,0.043695,0.179544,0.051227,0.069608,0.025687,0.102021,,3212600,,
2,3,,0.023852,0.067525,0.250684,0.305686,0.033929,0.10952,0.023808,0.052114,0.02655,0.106332,,2945000,,
2,2,,0.023852,0.071033,0.222603,0.194623,0.045034,0.070324,0.023808,0.122543,0.185645,0.040535,,2908700,,
2,2,,0.023852,0.069863,0.529829,0.087481,0.031651,0.074283,0.023808,0.04525,0.026768,0.087215,,3196300,,
2,2,,0.023852,0.056356,0.347904,0.085903,0.03257,0.073331,0.023808,0.044958,0.025687,0.285631,,3125800,,
2,2,,0.023852,0.089176,0.304856,0.097006,0.031325,0.073309,0.023808,0.045245,0.025687,0.285737,,2962300,,
2,2,,0.023852,0.100534,0.331845,0.084775,0.039982,0.137788,0.023808,0.121297,0.029402,0.106716,,2885300,,
2,8,,0.208149,0.069204,0.074511,0.028038,0.111904,0.105743,0.041333,0.093107,0.243854,0.024157,,2893200,,
2,0,,0.477544,0.057207,0.122588,0.027822,0.049043,0.029458,0.077798,0.048274,0.082884,0.027383,,2981500,,
2,8,,0.104952,0.186346,0.048387,0.025884,0.055869,0.025206,0.122593,0.174572,0.232034,0.024157,,2914200,,
2,1,,0.104952,0.256346,0.153387,0.025884,0.160869,0.025206,0.122593,0.034572,0.092034,0.024157,,3054600,,
2,9,,0.023852,0.115569,0.171901,0.081565,0.031111,0.072931,0.023808,0.090325,0.025747,0.363191,,3009200,,
2,0,,0.283138,0.063587,0.097523,0.028352,0.044625,0.027675,0.181942,0.169988,0.07095,0.032221,,2875400,,
2,2,,0.023852,0.066608,0.252465,0.212199,0.034907,0.096675,0.023808,0.053954,0.027631,0.207902,,2983000,,
2,7,,0.094081,0.043447,0.034546,0.025111,0.109268,0.024434,0.146182,0.435475,0.063299,0.024157,,2972500,,
2,2,,0.023852,0.071033,0.292603,0.264623,0.045034,0.070324,0.023808,0.122543,0.045645,0.040535,,2962900,,
2,2,,0.023852,0.111852,0.239484,0.11889,0.051692,0.120112,0.023808,0.10976,0.147202,0.053347,,2920400,,
2,2,,0.023852,0.0947,0.385119,0.076739,0.034625,0.124395,0.043808,0.09094,0.03095,0.094871,,2950700,,
2,9,,0.023852,0.112313,0.094537,0.106283,0.034366,0.095323,0.023808,0.099029,0.02661,0.383878,,2946900,,
2,5,,0.023852,0.267965,0.050343,0.11531,0.034677,0.296174,0.023808,0.052913,0.026976,0.107982,,2960100,,
2,0,,0.304836,0.072899,0.047675,0.027683,0.054059,0.027005,0.162069,0.187912,0.091705,0.024157,,3026500,,
2,2,,0.023852,0.04462,0.33889,0.149082,0.053835,0.040851,0.051227,0.195657,0.064658,0.037328,,2948500,,
2,3,,0.023852,0.065986,0.050992,0.373987,0.034826,0.095573,0.023808,0.055812,0.0268,0.248363,,2868900,,
2,2,,0.023852,0.067525,0.450684,0.105686,0.033929,0.10952,0.023808,0.052114,0.02655,0.106332,,2988500,,
2,2,,0.023852,0.067965,0.450343,0.11531,0.034677,0.096174,0.023808,0.052913,0.026976,0.107982,,2925500,,
2,9,,0.023852,0.063023,0.114571,0.219236,0.03257,0.073331,0.043808,0.044958,0.02902,0.355631,,2942000,,
2,2,,0.023852,0.143034,0.287896,0.086739,0.034625,0.099395,0.029364,0.09094,0.042617,0.161538,,3017700,,
2,2,,0.023852,0.0947,0.385119,0.076739,0.034625,0.124395,0.043808,0.09094,0.03095,0.094871,,2900200,,
2,0,,0.236419,0.121704,0.127011,0.028038,0.047288,0.146128,0.041333,0.093107,0.134815,0.024157,,2927700,,
2,8,,0.023852,0.046523,0.194293,0.155334,0.066194,0.04598,0.023808,0.11987,0.292636,0.03151,,2947700,,
2,2,,0.176815,0.030758,0.330556,0.057535,0.055234,0.02503,0.024919,0.112397,0.13003,0.056725,,3040900,,
2,8,,0.109536,0.100287,0.127101,0.087545,0.11267,0.056657,0.024229,0.126204,0.131036,0.124735,,3086100,,
2,2,,0.023852,0.14399,0.376551,0.056363,0.042656,0.053757,0.03026,0.082652,0.03678,0.153139,,2921900,,
2,3,,0.023852,0.130687,0.152052,0.225028,0.071121,0.179236,0.023808,0.052062,0.02655,0.115604,,2943300,,
2,2,,0.023852,0.1327,0.362035,0.05475,0.042656,0.05537,0.051227,0.082652,0.03678,0.157978,,2971300,,
2,9,,0.023852,0.12395,0.125785,0.12475,0.112656,0.05537,0.051227,0.082652,0.10678,0.192978,,2906000,,
2,8,,0.038826,0.103107,0.03354,0.025007,0.178231,0.024124,0.173804,0.031629,0.36737,0.024362,,3014700,,
2,7,,0.026438,0.076177,0.185276,0.05304,0.080083,0.161753,0.023808,0.193918,0.154665,0.044843,,2983000,,
2,8,,0.123775,0.045499,0.043895,0.024597,0.240448,0.030931,0.103436,0.054075,0.309188,0.024157,,2940800,,
2,2,,0.023852,0.071033,0.334603,0.138623,0.045034,0.070324,0.023808,0.122543,0.129645,0.040535,,2928700,,
2,2,,0.023852,0.075578,0.528877,0.087481,0.031651,0.074283,0.023808,0.04525,0.026768,0.082453,,2977200,,
2,2,,0.023852,0.059352,0.408651,0.06639,0.051692,0.067612,0.023808,0.10976,0.135535,0.053347,,2972200,,
2,2,,0.023852,0.179341,0.244896,0.048447,0.038197,0.160794,0.03026,0.091774,0.143807,0.038633,,2960800,,
2,3,,0.023852,0.054956,0.208515,0.349269,0.03157,0.073181,0.029364,0.047108,0.025937,0.156248,,2989000,,
2,2,,0.023852,0.059352,0.408651,0.06639,0.051692,0.067612,0.023808,0.10976,0.135535,0.053347,,2891900,,
2,8,,0.023852,0.059352,0.081984,0.06639,0.051692,0.067612,0.023808,0.10976,0.462202,0.053347,,2900400,,
2,9,,0.023852,0.067869,0.050093,0.150727,0.034366,0.095323,0.023808,0.054585,0.02661,0.472766,,3056200,,
2,4,,0.023852,0.060416,0.105329,0.089094,0.431651,0.075895,0.051227,0.04525,0.026768,0.090518,,2892400,,
2,3,,0.023852,0.065317,0.051145,0.460267,0.033991,0.095489,0.023808,0.055037,0.026881,0.164214,,2922100,,
2,2,,0.023852,0.067525,0.450684,0.105686,0.033929,0.10952,0.023808,0.052114,0.02655,0.106332,,3000700,,
2,2,,0.023852,0.136495,0.467096,0.080968,0.030674,0.087128,0.023808,0.04341,0.025687,0.080883,,2893500,,
2,2,,0.025536,0.034972,0.35843,0.117196,0.02867,0.026867,0.024229,0.032274,0.317176,0.034651,,2893200,,
2,9,,0.023852,0.161601,0.079838,0.11966,0.031111,0.072931,0.023808,0.04588,0.025747,0.415572,,3232200,,
2,2,,0.023852,0.292351,0.30803,0.085895,0.031325,0.073309,0.023808,0.045245,0.025687,0.090499,,2966300,,
2,2,,0.026815,0.030758,0.355556,0.057535,0.130234,0.02503,0.024919,0.062397,0.23003,0.056725,,2949200,,
2,2,,0.026438,0.076177,0.260276,0.05304,0.140083,0.116753,0.023808,0.088918,0.049665,0.164843,,2889600,,
2,6,,0.094836,0.072899,0.047675,0.027683,0.054059,0.027005,0.337069,0.152912,0.161705,0.024157,,2944100,,
2,2,,0.025656,0.074838,0.225134,0.123196,0.062896,0.126128,0.023808,0.121886,0.120602,0.095855,,3066700,,
2,2,,0.023852,0.111852,0.239484,0.11889,0.051692,0.120112,0.023808,0.10976,0.147202,0.053347,,3210000,,
2,4,,0.184523,0.045386,0.182571,0.02634,0.197663,0.023919,0.160997,0.032992,0.121452,0.024157,,4010500,,
2,0,,0.294081,0.043447,0.034546,0.025111,0.109268,0.024434,0.146182,0.235475,0.063299,0.024157,,3369800,,
2,6,,0.078919,0.209204,0.074511,0.028038,0.047288,0.041128,0.321333,0.093107,0.082315,0.024157,,3765400,,
2,2,,0.023852,0.060416,0.305329,0.289094,0.031651,0.075895,0.051227,0.04525,0.026768,0.090518,,3455600,,
2,2,,0.023852,0.071033,0.334603,0.138623,0.045034,0.070324,0.023808,0.122543,0.129645,0.040535,,3406800,,
2,2,,0.023852,0.046523,0.369293,0.050334,0.206194,0.04598,0.023808,0.11987,0.082636,0.03151,,3360100,,
2,4,,0.026438,0.076177,0.150276,0.05304,0.430083,0.056753,0.023808,0.088918,0.049665,0.044843,,3307300,,
2,2,,0.023852,0.061462,0.505467,0.087827,0.031459,0.075877,0.051227,0.046025,0.026131,0.090674,,3408200,,
2,8,,0.109536,0.100287,0.127101,0.087545,0.11267,0.056657,0.024229,0.126204,0.131036,0.124735,,3349400,,
2,2,,0.073698,0.045916,0.528072,0.02621,0.049043,0.031071,0.082612,0.048274,0.082884,0.032221,,3358000,,
2,2,,0.025536,0.050287,0.567101,0.087545,0.02867,0.056657,0.024229,0.042204,0.077036,0.040735,,2925800,,
2,2,,0.023852,0.04462,0.44389,0.044082,0.053835,0.040851,0.051227,0.090657,0.064658,0.142328,,2943700,,
2,2,,0.023852,0.072485,0.318872,0.089128,0.03257,0.073331,0.03026,0.044958,0.025687,0.288857,,2987800,,
3,3,,0.023852,0.065317,0.051145,0.510267,0.033991,0.095489,0.023808,0.055037,0.026881,0.114214,,2891100,,
3,9,,0.023852,0.065317,0.051145,0.310267,0.033991,0.095489,0.023808,0.055037,0.026881,0.314214,,2891600,,
3,3,,0.023852,0.065986,0.050992,0.373987,0.034826,0.095573,0.023808,0.055812,0.0268,0.248363,,2944800,,
3,3,,0.023852,0.067869,0.050093,0.372949,0.034366,0.095323,0.023808,0.054585,0.02661,0.250544,,2923200,,
3,0,,0.206815,0.070044,0.088743,0.025337,0.148091,0.149316,0.024919,0.0902,0.172008,0.024527,,3019300,,
3,2,,0.023852,0.155534,0.206845,0.094775,0.039982,0.112788,0.023808,0.121297,0.044402,0.176716,,3003000,,
3,3,,0.023852,0.066873,0.052888,0.510613,0.034581,0.095701,0.023808,0.053949,0.02655,0.111186,,2916300,,
3,3,,0.023852,0.065317,0.051145,0.510267,0.033991,0.095489,0.023808,0.055037,0.026881,0.114214,,2905800,,
3,9,,0.023852,0.065986,0.050992,0.10732,0.034826,0.095573,0.023808,0.055812,0.0268,0.51503,,3052800,,
3,2,,0.023852,0.065986,0.450992,0.10732,0.034826,0.095573,0.023808,0.055812,0.0268,0.11503,,2884900,,
3,1,,0.023852,0.205534,0.133511,0.143109,0.086649,0.114455,0.023808,0.121297,0.076069,0.071716,,3016800,,
3,3,,0.023852,0.065317,0.101145,0.360267,0.033991,0.095489,0.023808,0.105037,0.026881,0.164214,,3020200,,
3,3,,0.023852,0.120744,0.113422,0.376306,0.031421,0.073782,0.043808,0.044209,0.029445,0.14301,,2893100,,
3,9,,0.013913,0.047058,0.070546,0.211834,0.021175,0.163019,0.014007,0.035397,0.082639,0.340412,,2896400,,
3,9,,0.023852,0.179869,0.050093,0.122283,0.034366,0.095323,0.023808,0.054585,0.02661,0.389211,,2921400,,
3,9,,0.023852,0.068229,0.050753,0.246796,0.034366,0.095323,0.023808,0.054224,0.026731,0.375916,,3035800,,
3,1,,0.023852,0.466608,0.052465,0.112199,0.034907,0.096675,0.023808,0.053954,0.027631,0.107902,,2983300,,
3,1,,0.023852,0.417525,0.050684,0.143186,0.033929,0.10952,0.023808,0.052114,0.02655,0.118832,,2897800,,
3,9,,0.023852,0.182155,0.050093,0.220568,0.053414,0.095323,0.023808,0.054585,0.02661,0.269592,,2987500,,
3,9,,0.023852,0.167208,0.052159,0.10982,0.034493,0.095323,0.023808,0.054284,0.026995,0.412058,,2968300,,
3,5,,0.023852,0.068576,0.050005,0.108436,0.034339,0.50558,0.023808,0.052575,0.02655,0.10628,,2919200,,
3,1,,0.023852,0.468097,0.054825,0.11182,0.035159,0.096657,0.023808,0.052062,0.02655,0.107169,,2870500,,
3,9,,0.023852,0.066873,0.052888,0.110613,0.034581,0.095701,0.023808,0.053949,0.02655,0.511186,,2945100,,
3,2,,0.045536,0.040287,0.357101,0.107545,0.02867,0.056657,0.024229,0.042204,0.257036,0.040735,,2888800,,
3,3,,0.023852,0.065317,0.051145,0.510267,0.033991,0.095489,0.023808,0.055037,0.026881,0.114214,,2886200,,
3,3,,0.023852,0.066608,0.052465,0.378865,0.034907,0.163341,0.023808,0.053954,0.094298,0.107902,,3043500,,
3,1,,0.023852,0.417525,0.050684,0.143186,0.033929,0.10952,0.023808,0.052114,0.02655,0.118832,,2914000,,
3,1,,0.023852,0.417525,0.050684,0.143186,0.033929,0.10952,0.023808,0.052114,0.02655,0.118832,,2889300,,
3,3,,0.023852,0.068259,0.050583,0.511093,0.034553,0.095687,0.023808,0.05388,0.02655,0.111735,,2964500,,
3,3,,0.023852,0.143736,0.088867,0.248195,0.046951,0.200323,0.023808,0.078312,0.02655,0.119405,,2956100,,
3,2,,0.174826,0.03783,0.439159,0.027229,0.161453,0.024124,0.029637,0.030359,0.04991,0.025473,,2900800,,
3,2,,0.023852,0.059352,0.408651,0.06639,0.051692,0.067612,0.023808,0.10976,0.135535,0.053347,,3033600,,
3,3,,0.023852,0.068259,0.050583,0.511093,0.034553,0.095687,0.023808,0.05388,0.02655,0.111735,,2911200,,
3,2,,0.174826,0.026719,0.435826,0.025007,0.161453,0.024124,0.032162,0.025915,0.069607,0.024362,,2870600,,
3,3,,0.023852,0.065317,0.051145,0.510267,0.033991,0.095489,0.023808,0.055037,0.026881,0.114214,,2979000,,
3,2,,0.023852,0.066873,0.372888,0.110613,0.034581,0.095701,0.023808,0.133949,0.02655,0.111186,,2922300,,
3,3,,0.023852,0.067653,0.052603,0.510931,0.034715,0.096657,0.023808,0.054729,0.026995,0.108058,,2980600,,
3,3,,0.023852,0.066608,0.052465,0.378865,0.034907,0.163341,0.023808,0.053954,0.094298,0.107902,,3000900,,
3,5,,0.023852,0.167525,0.050684,0.155686,0.033929,0.35952,0.023808,0.052114,0.02655,0.106332,,2886100,,
3,3,,0.023852,0.066608,0.052465,0.378865,0.034907,0.163341,0.023808,0.053954,0.094298,0.107902,,2934100,,
