optdigits,CWE,test,1,NANOSECONDS,PREDICTIONS, Generated by ClassifierExperiments.java on 2022-05-16 18:51:01.    SYSTEMPROPERTIES:{user.name:matth,os.arch:amd64,os.name:Windows 10},ENDSYSTEMPROPERTIES
No parameter info
0.5580159433126661,8283029000,3512969500,-1,162091432,10,,-1,-1
0,0,,0.41644,0.078265,0.087285,0.012444,0.059985,0.0666,0.034498,0.126352,0.102385,0.015745,,3121900,,
0,0,,0.376817,0.055093,0.085821,0.012444,0.064363,0.035076,0.110872,0.059901,0.183868,0.015745,,2976500,,
0,4,,0.172596,0.095254,0.039155,0.017255,0.313281,0.013934,0.132859,0.033805,0.169078,0.012785,,3093800,,
0,0,,0.55786,0.018114,0.016717,0.053836,0.018895,0.082322,0.013077,0.020242,0.202844,0.016093,,2968600,,
0,0,,0.376817,0.055093,0.085821,0.012444,0.064363,0.035076,0.110872,0.059901,0.183868,0.015745,,2846800,,
0,0,,0.482225,0.046,0.038749,0.015261,0.063217,0.014006,0.131262,0.029142,0.164392,0.015745,,2968300,,
0,0,,0.49904,0.047565,0.047552,0.012444,0.088,0.03624,0.061967,0.060466,0.13098,0.015745,,2883000,,
0,0,,0.482225,0.046,0.038749,0.015261,0.063217,0.014006,0.131262,0.029142,0.164392,0.015745,,2881800,,
0,0,,0.403321,0.097283,0.057451,0.022454,0.082006,0.014006,0.065202,0.102329,0.135197,0.02075,,2942100,,
0,0,,0.376817,0.055093,0.085821,0.012444,0.064363,0.035076,0.110872,0.059901,0.183868,0.015745,,2890700,,
0,0,,0.41251,0.043957,0.029802,0.012444,0.144872,0.014875,0.221491,0.026151,0.078153,0.015745,,2905200,,
0,0,,0.803695,0.015118,0.038643,0.012861,0.031118,0.022243,0.017381,0.014326,0.02084,0.023775,,3080600,,
0,0,,0.41251,0.043957,0.029802,0.012444,0.144872,0.014875,0.221491,0.026151,0.078153,0.015745,,2941800,,
0,0,,0.376817,0.055093,0.085821,0.012444,0.064363,0.035076,0.110872,0.059901,0.183868,0.015745,,2828600,,
0,0,,0.803695,0.015118,0.038643,0.012861,0.031118,0.022243,0.017381,0.014326,0.02084,0.023775,,2838600,,
0,0,,0.49904,0.047565,0.047552,0.012444,0.088,0.03624,0.061967,0.060466,0.13098,0.015745,,2810300,,
0,0,,0.38251,0.043957,0.029802,0.012444,0.144872,0.014875,0.221491,0.026151,0.108153,0.015745,,3085600,,
0,0,,0.378224,0.043957,0.029802,0.012444,0.179158,0.014875,0.221491,0.026151,0.078153,0.015745,,3207300,,
0,0,,0.482225,0.046,0.038749,0.015261,0.063217,0.014006,0.131262,0.029142,0.164392,0.015745,,2935900,,
0,0,,0.41251,0.043957,0.029802,0.012444,0.144872,0.014875,0.221491,0.026151,0.078153,0.015745,,3027000,,
0,0,,0.482225,0.046,0.038749,0.015261,0.063217,0.014006,0.131262,0.029142,0.164392,0.015745,,2918200,,
0,6,,0.112881,0.044465,0.029805,0.012814,0.142705,0.060036,0.219263,0.026151,0.205341,0.146539,,2972600,,
0,0,,0.41251,0.043957,0.029802,0.012444,0.144872,0.014875,0.221491,0.026151,0.078153,0.015745,,2828500,,
0,0,,0.49904,0.047565,0.047552,0.012444,0.088,0.03624,0.061967,0.060466,0.13098,0.015745,,2820500,,
0,0,,0.376817,0.055093,0.085821,0.012444,0.064363,0.035076,0.110872,0.059901,0.183868,0.015745,,2866400,,
0,0,,0.456087,0.053693,0.045848,0.014628,0.070202,0.014006,0.169855,0.025345,0.13459,0.015745,,2826000,,
0,0,,0.456087,0.053693,0.045848,0.014628,0.070202,0.014006,0.169855,0.025345,0.13459,0.015745,,2802700,,
0,0,,0.49904,0.047565,0.047552,0.012444,0.088,0.03624,0.061967,0.060466,0.13098,0.015745,,2823500,,
0,0,,0.482225,0.046,0.038749,0.015261,0.063217,0.014006,0.131262,0.029142,0.164392,0.015745,,3240700,,
0,0,,0.49904,0.047565,0.047552,0.012444,0.088,0.03624,0.061967,0.060466,0.13098,0.015745,,3069700,,
0,0,,0.38251,0.043957,0.029802,0.012444,0.144872,0.014875,0.221491,0.026151,0.108153,0.015745,,2789300,,
0,0,,0.456087,0.053693,0.045848,0.014628,0.070202,0.014006,0.169855,0.025345,0.13459,0.015745,,2818000,,
0,0,,0.49904,0.047565,0.047552,0.012444,0.088,0.03624,0.061967,0.060466,0.13098,0.015745,,2983200,,
0,0,,0.41251,0.043957,0.029802,0.012444,0.144872,0.014875,0.221491,0.026151,0.078153,0.015745,,2904500,,
0,0,,0.456087,0.053693,0.045848,0.014628,0.070202,0.014006,0.169855,0.025345,0.13459,0.015745,,2864200,,
0,0,,0.456087,0.053693,0.045848,0.014628,0.070202,0.014006,0.169855,0.025345,0.13459,0.015745,,2797100,,
0,0,,0.403321,0.097283,0.057451,0.022454,0.082006,0.014006,0.065202,0.102329,0.135197,0.02075,,2926900,,
0,0,,0.376817,0.055093,0.085821,0.012444,0.064363,0.035076,0.110872,0.059901,0.183868,0.015745,,2836000,,
0,0,,0.403321,0.097283,0.057451,0.022454,0.082006,0.014006,0.065202,0.102329,0.135197,0.02075,,2962600,,
0,0,,0.803695,0.015118,0.038643,0.012861,0.031118,0.022243,0.017381,0.014326,0.02084,0.023775,,2866200,,
0,0,,0.456087,0.053693,0.045848,0.014628,0.070202,0.014006,0.169855,0.025345,0.13459,0.015745,,2936000,,
0,0,,0.49904,0.047565,0.047552,0.012444,0.088,0.03624,0.061967,0.060466,0.13098,0.015745,,2898200,,
0,0,,0.49904,0.047565,0.047552,0.012444,0.088,0.03624,0.061967,0.060466,0.13098,0.015745,,2828000,,
0,0,,0.791695,0.015118,0.038643,0.012861,0.031118,0.034243,0.017381,0.014326,0.02084,0.023775,,3043200,,
0,0,,0.378224,0.043957,0.029802,0.012444,0.179158,0.014875,0.221491,0.026151,0.078153,0.015745,,2856000,,
0,0,,0.456087,0.053693,0.045848,0.014628,0.070202,0.014006,0.169855,0.025345,0.13459,0.015745,,2810500,,
0,0,,0.41251,0.043957,0.029802,0.012444,0.144872,0.014875,0.221491,0.026151,0.078153,0.015745,,2889900,,
0,0,,0.482225,0.046,0.038749,0.015261,0.063217,0.014006,0.131262,0.029142,0.164392,0.015745,,2842600,,
0,0,,0.49904,0.047565,0.047552,0.012444,0.088,0.03624,0.061967,0.060466,0.13098,0.015745,,2834400,,
0,0,,0.803695,0.015118,0.038643,0.012861,0.031118,0.022243,0.017381,0.014326,0.02084,0.023775,,2873500,,
0,0,,0.456087,0.053693,0.045848,0.014628,0.070202,0.014006,0.169855,0.025345,0.13459,0.015745,,2914100,,
0,0,,0.49904,0.047565,0.047552,0.012444,0.088,0.03624,0.061967,0.060466,0.13098,0.015745,,2820800,,
0,0,,0.41251,0.043957,0.029802,0.012444,0.144872,0.014875,0.221491,0.026151,0.078153,0.015745,,2904600,,
0,1,,0.098835,0.219136,0.04721,0.163384,0.120252,0.043083,0.015776,0.104593,0.169778,0.017954,,2869000,,
0,6,,0.112881,0.044465,0.029805,0.012814,0.142705,0.060036,0.219263,0.026151,0.205341,0.146539,,2886900,,
0,0,,0.482225,0.046,0.038749,0.015261,0.063217,0.014006,0.131262,0.029142,0.164392,0.015745,,2898300,,
0,0,,0.456087,0.053693,0.045848,0.014628,0.070202,0.014006,0.169855,0.025345,0.13459,0.015745,,2878300,,
0,0,,0.41251,0.043957,0.029802,0.012444,0.144872,0.014875,0.221491,0.026151,0.078153,0.015745,,2870300,,
0,0,,0.38251,0.043957,0.029802,0.012444,0.144872,0.014875,0.221491,0.026151,0.108153,0.015745,,2895800,,
0,0,,0.41251,0.043957,0.029802,0.012444,0.144872,0.014875,0.221491,0.026151,0.078153,0.015745,,2915200,,
0,0,,0.38251,0.043957,0.029802,0.012444,0.144872,0.014875,0.221491,0.026151,0.108153,0.015745,,2855100,,
0,0,,0.376817,0.055093,0.085821,0.012444,0.064363,0.035076,0.110872,0.059901,0.183868,0.015745,,2817100,,
0,0,,0.456087,0.053693,0.045848,0.014628,0.070202,0.014006,0.169855,0.025345,0.13459,0.015745,,2966000,,
0,0,,0.376817,0.055093,0.085821,0.012444,0.064363,0.035076,0.110872,0.059901,0.183868,0.015745,,2868500,,
0,0,,0.38251,0.043957,0.029802,0.012444,0.144872,0.014875,0.221491,0.026151,0.108153,0.015745,,2829600,,
0,0,,0.49904,0.047565,0.047552,0.012444,0.088,0.03624,0.061967,0.060466,0.13098,0.015745,,2938700,,
0,0,,0.35251,0.043957,0.029802,0.012444,0.144872,0.014875,0.221491,0.026151,0.138153,0.015745,,2946600,,
0,0,,0.456087,0.053693,0.045848,0.014628,0.070202,0.014006,0.169855,0.025345,0.13459,0.015745,,2864300,,
0,0,,0.376817,0.055093,0.085821,0.012444,0.064363,0.035076,0.110872,0.059901,0.183868,0.015745,,2929400,,
0,0,,0.403321,0.097283,0.057451,0.022454,0.082006,0.014006,0.065202,0.102329,0.135197,0.02075,,2905000,,
0,0,,0.456087,0.053693,0.045848,0.014628,0.070202,0.014006,0.169855,0.025345,0.13459,0.015745,,3056400,,
0,0,,0.38251,0.043957,0.029802,0.012444,0.144872,0.014875,0.221491,0.026151,0.108153,0.015745,,2855600,,
0,0,,0.803695,0.015118,0.038643,0.012861,0.031118,0.022243,0.017381,0.014326,0.02084,0.023775,,2837300,,
0,0,,0.359177,0.043957,0.029802,0.012444,0.144872,0.014875,0.248158,0.026151,0.104819,0.015745,,2916000,,
0,0,,0.49904,0.047565,0.047552,0.012444,0.088,0.03624,0.061967,0.060466,0.13098,0.015745,,2874300,,
0,0,,0.49904,0.047565,0.047552,0.012444,0.088,0.03624,0.061967,0.060466,0.13098,0.015745,,2848700,,
0,0,,0.41251,0.043957,0.029802,0.012444,0.144872,0.014875,0.221491,0.026151,0.078153,0.015745,,2867300,,
0,0,,0.791695,0.015118,0.038643,0.012861,0.031118,0.034243,0.017381,0.014326,0.02084,0.023775,,2874000,,
0,6,,0.242225,0.046,0.038749,0.015261,0.063217,0.014006,0.371262,0.029142,0.164392,0.015745,,2829900,,
0,0,,0.41251,0.043957,0.029802,0.012444,0.144872,0.014875,0.221491,0.026151,0.078153,0.015745,,2896600,,
0,0,,0.41251,0.043957,0.029802,0.012444,0.144872,0.014875,0.221491,0.026151,0.078153,0.015745,,2918400,,
0,0,,0.49904,0.047565,0.047552,0.012444,0.088,0.03624,0.061967,0.060466,0.13098,0.015745,,2852800,,
0,0,,0.403321,0.097283,0.057451,0.022454,0.082006,0.014006,0.065202,0.102329,0.135197,0.02075,,2916600,,
0,0,,0.791695,0.015118,0.038643,0.012861,0.031118,0.034243,0.017381,0.014326,0.02084,0.023775,,2898000,,
0,0,,0.216087,0.053693,0.205848,0.014628,0.110202,0.014006,0.209855,0.025345,0.13459,0.015745,,2858500,,
0,0,,0.456087,0.053693,0.045848,0.014628,0.070202,0.014006,0.169855,0.025345,0.13459,0.015745,,2853600,,
0,0,,0.41251,0.043957,0.029802,0.012444,0.144872,0.014875,0.221491,0.026151,0.078153,0.015745,,3017800,,
0,0,,0.456087,0.053693,0.045848,0.014628,0.070202,0.014006,0.169855,0.025345,0.13459,0.015745,,2856700,,
0,0,,0.41251,0.043957,0.029802,0.012444,0.144872,0.014875,0.221491,0.026151,0.078153,0.015745,,2832500,,
0,0,,0.803695,0.015118,0.038643,0.012861,0.031118,0.022243,0.017381,0.014326,0.02084,0.023775,,2915600,,
0,0,,0.803695,0.015118,0.038643,0.012861,0.031118,0.022243,0.017381,0.014326,0.02084,0.023775,,2876600,,
0,0,,0.482225,0.046,0.038749,0.015261,0.063217,0.014006,0.131262,0.029142,0.164392,0.015745,,2857100,,
0,0,,0.456087,0.053693,0.045848,0.014628,0.070202,0.014006,0.169855,0.025345,0.13459,0.015745,,2940100,,
0,0,,0.49904,0.047565,0.047552,0.012444,0.088,0.03624,0.061967,0.060466,0.13098,0.015745,,2881800,,
0,9,,0.11171,0.043465,0.030433,0.014128,0.143134,0.016122,0.220263,0.026151,0.076141,0.318453,,2850700,,
0,0,,0.456087,0.053693,0.045848,0.014628,0.070202,0.014006,0.169855,0.025345,0.13459,0.015745,,2898900,,
0,0,,0.403321,0.097283,0.057451,0.022454,0.082006,0.014006,0.065202,0.102329,0.135197,0.02075,,2904200,,
0,0,,0.41251,0.043957,0.029802,0.012444,0.144872,0.014875,0.221491,0.026151,0.078153,0.015745,,2978700,,
0,0,,0.41251,0.043957,0.029802,0.012444,0.144872,0.014875,0.221491,0.026151,0.078153,0.015745,,4978500,,
0,0,,0.482225,0.046,0.038749,0.015261,0.063217,0.014006,0.131262,0.029142,0.164392,0.015745,,2853100,,
0,0,,0.49904,0.047565,0.047552,0.012444,0.088,0.03624,0.061967,0.060466,0.13098,0.015745,,2900400,,
0,0,,0.224711,0.095139,0.105068,0.065284,0.097804,0.167031,0.012381,0.150947,0.055607,0.026028,,2871000,,
0,0,,0.41251,0.043957,0.029802,0.012444,0.144872,0.014875,0.221491,0.026151,0.078153,0.015745,,3025400,,
0,0,,0.803695,0.015118,0.038643,0.012861,0.031118,0.022243,0.017381,0.014326,0.02084,0.023775,,3344500,,
0,0,,0.403321,0.097283,0.057451,0.022454,0.082006,0.014006,0.065202,0.102329,0.135197,0.02075,,3324600,,
0,0,,0.403321,0.097283,0.057451,0.022454,0.082006,0.014006,0.065202,0.102329,0.135197,0.02075,,3281900,,
0,0,,0.456087,0.053693,0.045848,0.014628,0.070202,0.014006,0.169855,0.025345,0.13459,0.015745,,3316600,,
0,0,,0.49904,0.047565,0.047552,0.012444,0.088,0.03624,0.061967,0.060466,0.13098,0.015745,,3067800,,
0,0,,0.41251,0.043957,0.029802,0.012444,0.144872,0.014875,0.221491,0.026151,0.078153,0.015745,,2844900,,
0,0,,0.791695,0.015118,0.038643,0.012861,0.031118,0.034243,0.017381,0.014326,0.02084,0.023775,,2953400,,
0,0,,0.41251,0.043957,0.029802,0.012444,0.144872,0.014875,0.221491,0.026151,0.078153,0.015745,,2929500,,
1,1,,0.012052,0.364149,0.050544,0.144536,0.044243,0.134181,0.017543,0.062177,0.021879,0.148697,,2885200,,
1,1,,0.026844,0.389986,0.015585,0.014855,0.090961,0.01435,0.142543,0.138989,0.152894,0.012993,,2910900,,
1,1,,0.012052,0.305202,0.050544,0.144536,0.044243,0.134181,0.017192,0.062177,0.081177,0.148697,,2933300,,
1,1,,0.012052,0.218644,0.050544,0.145282,0.177784,0.137166,0.024738,0.062177,0.023138,0.148475,,2899000,,
1,9,,0.012052,0.150088,0.051196,0.163167,0.03574,0.135449,0.016252,0.057514,0.036254,0.342288,,2893900,,
1,4,,0.012052,0.093428,0.052008,0.144314,0.299908,0.134759,0.02141,0.06364,0.028543,0.149939,,2911400,,
1,5,,0.016555,0.090585,0.103882,0.050532,0.126097,0.2428,0.014132,0.18979,0.07289,0.092738,,3023300,,
1,1,,0.012052,0.335202,0.050544,0.144536,0.044243,0.134181,0.017192,0.062177,0.051177,0.148697,,2945600,,
1,3,,0.012052,0.09057,0.093497,0.20039,0.049677,0.189049,0.068332,0.060452,0.073587,0.162394,,2937400,,
1,5,,0.012052,0.162648,0.052588,0.145844,0.121755,0.220218,0.056644,0.060452,0.019042,0.148757,,2920300,,
1,1,,0.016555,0.376956,0.101404,0.050464,0.134582,0.061485,0.017543,0.133987,0.076226,0.030797,,2894500,,
1,4,,0.012052,0.097646,0.053338,0.145844,0.234156,0.136754,0.013787,0.116413,0.019042,0.170969,,3189700,,
1,1,,0.132168,0.366466,0.08769,0.014439,0.070049,0.037957,0.03966,0.131015,0.107772,0.012785,,3473100,,
1,1,,0.016555,0.311451,0.101404,0.05121,0.148123,0.06447,0.024738,0.133987,0.117485,0.030576,,3359000,,
1,2,,0.009926,0.181387,0.299578,0.105165,0.024833,0.091087,0.012692,0.036917,0.01504,0.223375,,3344300,,
1,3,,0.009926,0.311422,0.068044,0.349814,0.024259,0.081513,0.012162,0.036204,0.017831,0.088826,,3334100,,
1,9,,0.012052,0.077777,0.053022,0.144604,0.035758,0.135496,0.014132,0.057979,0.168542,0.300638,,3435100,,
1,1,,0.012052,0.330916,0.050544,0.144536,0.044243,0.134181,0.017192,0.062177,0.055463,0.148697,,3338800,,
1,1,,0.012052,0.170257,0.060544,0.144314,0.136493,0.153295,0.054093,0.072177,0.048299,0.148475,,3319200,,
1,8,,0.012052,0.093428,0.052008,0.144314,0.059908,0.134759,0.02141,0.06364,0.268543,0.149939,,3320300,,
1,2,,0.012052,0.118483,0.230198,0.159898,0.035758,0.191732,0.014132,0.060332,0.018542,0.158873,,3314700,,
1,3,,0.012052,0.123535,0.114147,0.205214,0.05799,0.069667,0.016033,0.175158,0.128108,0.098096,,3243800,,
1,1,,0.012052,0.356095,0.105119,0.088332,0.05895,0.100143,0.017543,0.149298,0.05015,0.062319,,3045300,,
1,1,,0.014835,0.409232,0.024622,0.01958,0.100209,0.014977,0.018239,0.096155,0.289019,0.013132,,2885400,,
1,1,,0.012052,0.371757,0.115596,0.067584,0.057433,0.089222,0.017543,0.167483,0.057544,0.043786,,2887900,,
1,1,,0.132168,0.366466,0.08769,0.014439,0.070049,0.037957,0.03966,0.131015,0.107772,0.012785,,2913300,,
1,8,,0.026844,0.027662,0.11273,0.014923,0.133667,0.142475,0.24237,0.014791,0.25889,0.025648,,3014700,,
1,1,,0.009926,0.353001,0.246188,0.052474,0.040159,0.058728,0.058596,0.086787,0.054982,0.039159,,3011300,,
1,1,,0.012052,0.237147,0.105119,0.088332,0.17895,0.100143,0.017192,0.149298,0.049448,0.062319,,2942400,,
1,7,,0.031867,0.107275,0.146886,0.171894,0.100608,0.047377,0.046212,0.19474,0.121979,0.031162,,2995500,,
1,1,,0.012052,0.330916,0.050544,0.144536,0.044243,0.134181,0.017192,0.062177,0.055463,0.148697,,2883600,,
1,5,,0.012052,0.098644,0.050544,0.145282,0.057784,0.377166,0.024738,0.062177,0.023138,0.148475,,2940200,,
1,2,,0.032284,0.095109,0.25349,0.067337,0.099698,0.106949,0.081331,0.151156,0.087489,0.025159,,3064500,,
1,6,,0.016555,0.089989,0.103277,0.051285,0.141495,0.064111,0.298161,0.130036,0.073331,0.031761,,2932700,,
1,8,,0.132168,0.116939,0.089848,0.090546,0.061836,0.038542,0.036208,0.165137,0.217823,0.050952,,2924700,,
1,1,,0.012052,0.33059,0.105119,0.089079,0.072491,0.103128,0.024738,0.149298,0.051408,0.062097,,2942500,,
1,1,,0.014835,0.382566,0.024622,0.08958,0.100209,0.014977,0.018239,0.166155,0.175685,0.013132,,2955200,,
1,7,,0.014835,0.29882,0.094295,0.01675,0.02132,0.015116,0.015317,0.331224,0.177845,0.014478,,2925200,,
1,3,,0.012052,0.07736,0.051196,0.244985,0.23574,0.135449,0.016252,0.057514,0.018072,0.151378,,2925400,,
1,1,,0.031867,0.383341,0.105473,0.067279,0.107868,0.046959,0.017543,0.15561,0.060993,0.023068,,2944900,,
1,2,,0.10756,0.097253,0.205873,0.024507,0.0839,0.073924,0.117486,0.102538,0.167079,0.01988,,3672500,,
1,6,,0.110281,0.044201,0.030072,0.015358,0.279051,0.014942,0.375407,0.027133,0.089424,0.01413,,2900000,,
1,1,,0.012052,0.351639,0.116728,0.070758,0.063269,0.089469,0.022017,0.167483,0.061889,0.044696,,2875000,,
1,1,,0.110281,0.331697,0.027899,0.014439,0.152167,0.014803,0.223884,0.030814,0.081232,0.012785,,2860000,,
1,5,,0.012052,0.091796,0.096698,0.161622,0.053801,0.167911,0.054477,0.137177,0.070222,0.154245,,2854700,,
1,1,,0.012052,0.285202,0.050544,0.144536,0.044243,0.134181,0.017192,0.062177,0.101177,0.148697,,2866700,,
1,1,,0.012052,0.27697,0.052632,0.14409,0.135535,0.134287,0.01508,0.057865,0.017971,0.153518,,2962900,,
1,1,,0.110281,0.331697,0.027899,0.014439,0.152167,0.014803,0.223884,0.030814,0.081232,0.012785,,3215500,,
1,2,,0.009926,0.133082,0.249063,0.135068,0.024248,0.084419,0.124073,0.03702,0.043239,0.159862,,2873700,,
1,1,,0.107144,0.385485,0.057856,0.024448,0.09207,0.013934,0.053698,0.106992,0.140584,0.017789,,2947300,,
1,1,,0.012052,0.360502,0.112275,0.054393,0.066396,0.069594,0.017543,0.17911,0.031003,0.097132,,2871900,,
1,1,,0.012052,0.333428,0.052008,0.144314,0.059908,0.134759,0.02141,0.06364,0.028543,0.149939,,2875800,,
1,1,,0.012052,0.330916,0.050544,0.144536,0.078528,0.134181,0.017192,0.062177,0.021177,0.148697,,2899000,,
1,2,,0.009926,0.186491,0.245722,0.049231,0.183747,0.053663,0.100406,0.098438,0.03704,0.035337,,3015200,,
1,1,,0.012052,0.365202,0.050544,0.144536,0.044243,0.134181,0.017192,0.062177,0.021177,0.148697,,3187500,,
1,1,,0.012052,0.365202,0.050544,0.144536,0.044243,0.134181,0.017192,0.062177,0.021177,0.148697,,2972600,,
1,7,,0.012052,0.084348,0.051908,0.151133,0.052857,0.136022,0.027729,0.306268,0.027844,0.149839,,2949700,,
1,1,,0.012052,0.305202,0.050544,0.144536,0.074243,0.134181,0.017192,0.062177,0.051177,0.148697,,2889400,,
1,8,,0.132168,0.07897,0.189863,0.015358,0.06241,0.038096,0.036739,0.127334,0.304932,0.01413,,3328900,,
1,1,,0.172596,0.308696,0.039155,0.018002,0.086823,0.016919,0.140405,0.033805,0.171038,0.012563,,2931700,,
1,1,,0.012052,0.335202,0.050544,0.144536,0.044243,0.134181,0.017192,0.062177,0.051177,0.148697,,2891400,,
1,1,,0.110281,0.331697,0.027899,0.014439,0.152167,0.014803,0.223884,0.030814,0.081232,0.012785,,2924100,,
1,1,,0.012052,0.365202,0.050544,0.144536,0.044243,0.134181,0.017192,0.062177,0.021177,0.148697,,2854800,,
1,4,,0.012052,0.101653,0.056126,0.169896,0.171842,0.160272,0.026651,0.084967,0.046671,0.169871,,2909700,,
1,1,,0.031867,0.383341,0.105473,0.067279,0.107868,0.046959,0.017543,0.15561,0.060993,0.023068,,2892500,,
1,1,,0.204946,0.235648,0.049089,0.017613,0.1839,0.02704,0.071603,0.065129,0.131337,0.013695,,2883300,,
1,1,,0.026844,0.423319,0.015585,0.014855,0.090961,0.01435,0.142543,0.138989,0.11956,0.012993,,2906300,,
1,1,,0.012052,0.245202,0.050544,0.144536,0.164243,0.134181,0.017192,0.062177,0.021177,0.148697,,2901100,,
1,1,,0.024993,0.642759,0.060779,0.030614,0.051119,0.030554,0.017987,0.058962,0.062977,0.019255,,2967000,,
1,9,,0.012052,0.123114,0.050544,0.162682,0.146698,0.139418,0.075317,0.062177,0.055034,0.172965,,3301300,,
1,0,,0.172596,0.046986,0.078698,0.018564,0.10258,0.164257,0.166954,0.06958,0.166942,0.012845,,2969500,,
1,3,,0.012052,0.078687,0.059836,0.405795,0.036603,0.14754,0.014622,0.059512,0.019039,0.166314,,3519700,,
1,1,,0.012052,0.329781,0.113738,0.054171,0.082062,0.070172,0.02141,0.180573,0.037667,0.098374,,5318900,,
1,1,,0.031867,0.383341,0.105473,0.067279,0.107868,0.046959,0.017543,0.15561,0.060993,0.023068,,4996800,,
1,8,,0.009926,0.106635,0.173847,0.084727,0.024066,0.084554,0.101896,0.03563,0.218362,0.160358,,3304300,,
1,1,,0.110281,0.331697,0.027899,0.014439,0.152167,0.014803,0.223884,0.030814,0.081232,0.012785,,3279900,,
1,1,,0.062795,0.353182,0.20212,0.025258,0.059011,0.011817,0.100086,0.064832,0.10001,0.020889,,3317200,,
1,4,,0.012052,0.097646,0.053338,0.145844,0.234156,0.136754,0.013787,0.116413,0.019042,0.170969,,3368800,,
1,1,,0.110281,0.331697,0.027899,0.014439,0.152167,0.014803,0.223884,0.030814,0.081232,0.012785,,3294300,,
1,1,,0.012052,0.371757,0.115596,0.067584,0.057433,0.089222,0.017543,0.167483,0.057544,0.043786,,3326100,,
1,1,,0.204946,0.335767,0.047957,0.014439,0.098064,0.026793,0.067129,0.065129,0.126992,0.012785,,3354100,,
1,3,,0.063481,0.075917,0.053078,0.294225,0.035209,0.1355,0.013922,0.057514,0.066788,0.204365,,3321400,,
1,4,,0.204946,0.096819,0.047957,0.014439,0.338064,0.026793,0.066778,0.065129,0.12629,0.012785,,3296500,,
1,9,,0.012052,0.150088,0.051196,0.163167,0.03574,0.135449,0.016252,0.057514,0.036254,0.342288,,3315800,,
1,1,,0.012052,0.34674,0.050544,0.144536,0.044243,0.134181,0.017192,0.062177,0.039639,0.148697,,3289200,,
1,1,,0.012052,0.335202,0.050544,0.144536,0.044243,0.134181,0.017192,0.062177,0.051177,0.148697,,3347700,,
1,8,,0.172596,0.079692,0.13089,0.017596,0.063895,0.088739,0.194605,0.029357,0.206593,0.016038,,3362600,,
1,1,,0.024993,0.300283,0.060779,0.030614,0.262884,0.063495,0.017637,0.141315,0.062276,0.035725,,5716100,,
1,1,,0.012052,0.330916,0.050544,0.144536,0.044243,0.134181,0.017192,0.062177,0.055463,0.148697,,3014900,,
1,1,,0.012052,0.324348,0.051908,0.151133,0.052857,0.136022,0.027729,0.066268,0.027844,0.149839,,3063400,,
1,1,,0.012052,0.365202,0.050544,0.144536,0.044243,0.134181,0.017192,0.062177,0.021177,0.148697,,3025000,,
1,6,,0.110281,0.04473,0.029772,0.01526,0.15908,0.257429,0.264502,0.026862,0.078337,0.013748,,4614800,,
1,1,,0.012052,0.335202,0.050544,0.144536,0.044243,0.134181,0.017192,0.062177,0.051177,0.148697,,3604200,,
1,1,,0.012052,0.284031,0.051676,0.207711,0.050078,0.134427,0.022017,0.062177,0.026223,0.149607,,3364100,,
1,6,,0.012052,0.09059,0.105119,0.089079,0.152491,0.103128,0.184738,0.149298,0.051408,0.062097,,3354000,,
1,4,,0.012052,0.097646,0.053338,0.145844,0.234156,0.136754,0.013787,0.116413,0.019042,0.170969,,3416900,,
1,5,,0.012052,0.09888,0.137162,0.089641,0.110748,0.190466,0.043787,0.147573,0.107312,0.06238,,3332200,,
1,1,,0.025409,0.354527,0.208796,0.030673,0.042949,0.090544,0.081775,0.054508,0.089472,0.021346,,3346000,,
1,1,,0.012052,0.330916,0.050544,0.144536,0.078528,0.134181,0.017192,0.062177,0.021177,0.148697,,3372200,,
1,6,,0.110281,0.048761,0.030057,0.015546,0.164409,0.016752,0.486341,0.031527,0.082874,0.013452,,3298000,,
1,8,,0.012052,0.161036,0.11706,0.067362,0.133098,0.0898,0.02141,0.168946,0.184208,0.045028,,3330000,,
1,6,,0.204946,0.135767,0.047957,0.014439,0.098064,0.026793,0.267129,0.065129,0.126992,0.012785,,2899000,,
1,1,,0.172596,0.334201,0.039155,0.017255,0.073281,0.013934,0.13321,0.033805,0.169779,0.012785,,2877900,,
1,9,,0.012052,0.123114,0.050544,0.162682,0.146698,0.139418,0.075317,0.062177,0.055034,0.172965,,2932100,,
1,1,,0.012052,0.228059,0.050544,0.144536,0.1471,0.168466,0.017192,0.062177,0.021177,0.148697,,2887700,,
1,1,,0.012052,0.170257,0.060544,0.144314,0.136493,0.153295,0.054093,0.072177,0.048299,0.148475,,3196500,,
1,5,,0.012052,0.114682,0.052417,0.145357,0.073336,0.209254,0.016033,0.076975,0.112734,0.187161,,5561100,,
1,1,,0.012052,0.285202,0.050544,0.144536,0.044243,0.134181,0.017192,0.062177,0.101177,0.148697,,5386500,,
1,9,,0.205133,0.048469,0.050614,0.116152,0.089472,0.027212,0.062443,0.061774,0.123386,0.215345,,5530400,,
1,1,,0.016555,0.343623,0.101404,0.050464,0.134582,0.061485,0.017543,0.133987,0.10956,0.030797,,4484300,,
1,1,,0.012052,0.325202,0.050544,0.144536,0.044243,0.134181,0.017192,0.062177,0.061177,0.148697,,3324500,,
1,7,,0.012052,0.10926,0.121178,0.092944,0.185033,0.115314,0.026651,0.190273,0.082336,0.06496,,3279700,,
1,1,,0.016555,0.376956,0.101404,0.050464,0.134582,0.061485,0.017543,0.133987,0.076226,0.030797,,4343000,,
1,1,,0.151814,0.341895,0.042825,0.016622,0.076838,0.013934,0.173303,0.030008,0.139977,0.012785,,3081500,,
1,1,,0.014835,0.374288,0.019279,0.091938,0.020747,0.015563,0.014787,0.096528,0.338236,0.0138,,2889300,,
2,3,,0.02096,0.067686,0.222315,0.312726,0.059664,0.043726,0.09959,0.087775,0.041004,0.044554,,2927700,,
2,3,,0.009926,0.061937,0.195628,0.259268,0.023987,0.094032,0.099995,0.037736,0.017921,0.199571,,2937300,,
2,1,,0.012052,0.338129,0.070633,0.151697,0.037518,0.135619,0.022211,0.059616,0.021861,0.150664,,2939000,,
2,2,,0.009926,0.058082,0.324063,0.185068,0.024248,0.084419,0.149073,0.03702,0.018239,0.109862,,2928400,,
2,3,,0.012052,0.080029,0.146532,0.192948,0.05169,0.100562,0.046212,0.188428,0.111135,0.070413,,2915900,,
2,2,,0.031867,0.098008,0.226062,0.098315,0.099662,0.149723,0.013727,0.151398,0.057286,0.073951,,2968800,,
2,1,,0.009926,0.311516,0.160875,0.114943,0.024266,0.180492,0.011798,0.03537,0.014173,0.136641,,2881800,,
2,3,,0.012052,0.09057,0.161679,0.186753,0.036041,0.14814,0.04106,0.060452,0.114496,0.148757,,4101700,,
2,7,,0.012052,0.153024,0.130368,0.108634,0.050543,0.184891,0.016033,0.228464,0.048034,0.067958,,4974800,,
2,2,,0.012052,0.063801,0.407658,0.069592,0.083301,0.047726,0.016033,0.161288,0.108508,0.030041,,6107800,,
2,2,,0.012052,0.078722,0.318302,0.170443,0.03603,0.137966,0.014091,0.058799,0.02183,0.151765,,5480700,,
2,2,,0.009926,0.076902,0.337417,0.158115,0.026242,0.082918,0.121572,0.054012,0.045081,0.087815,,3398400,,
2,2,,0.009926,0.08217,0.426638,0.093875,0.032899,0.059147,0.014283,0.160203,0.035002,0.085857,,2943200,,
2,3,,0.009926,0.051702,0.229132,0.323511,0.031953,0.072246,0.09959,0.082576,0.033687,0.065679,,2863100,,
2,6,,0.174024,0.045969,0.210439,0.016945,0.101748,0.015252,0.223339,0.029142,0.164689,0.018453,,2931100,,
2,5,,0.012052,0.071375,0.190598,0.09154,0.053205,0.280032,0.044528,0.144635,0.047033,0.065001,,3070900,,
2,8,,0.026844,0.016591,0.017849,0.01659,0.016088,0.135534,0.018727,0.074777,0.60252,0.074481,,2982700,,
2,2,,0.012052,0.114836,0.291929,0.069755,0.057911,0.127145,0.014132,0.177265,0.027667,0.107308,,2889200,,
2,2,,0.016555,0.091529,0.369162,0.076371,0.126369,0.065271,0.014091,0.13061,0.076177,0.033865,,2930400,,
2,2,,0.151814,0.099874,0.230914,0.071784,0.070113,0.015372,0.177971,0.027447,0.139959,0.014752,,2881900,,
2,2,,0.014835,0.020795,0.250387,0.133462,0.070735,0.144916,0.013906,0.118815,0.202079,0.03007,,2917500,,
2,2,,0.012052,0.081078,0.235793,0.164837,0.035836,0.138929,0.016033,0.061342,0.019763,0.234336,,2972400,,
2,2,,0.02096,0.128899,0.32863,0.049459,0.058484,0.105013,0.114151,0.087539,0.078149,0.028716,,2883900,,
2,2,,0.02726,0.015087,0.293602,0.144914,0.016124,0.074341,0.216331,0.014534,0.182722,0.015084,,2905100,,
2,2,,0.009926,0.106283,0.273102,0.091068,0.025748,0.079166,0.020281,0.03702,0.257862,0.099544,,2907700,,
2,5,,0.012052,0.076934,0.127588,0.220844,0.036041,0.284504,0.013787,0.060452,0.019042,0.148757,,2880300,,
2,1,,0.009926,0.198205,0.187091,0.118548,0.02427,0.094717,0.061857,0.037856,0.165043,0.102485,,2975500,,
2,9,,0.107331,0.098187,0.060513,0.126162,0.083478,0.014353,0.049012,0.103638,0.136978,0.22035,,2865100,,
2,2,,0.009926,0.062204,0.290382,0.150393,0.081522,0.103602,0.07071,0.095877,0.099581,0.035804,,2858800,,
2,8,,0.151814,0.097572,0.130627,0.016176,0.068131,0.014039,0.17084,0.025696,0.221784,0.10332,,2927000,,
2,8,,0.151814,0.078004,0.113928,0.063597,0.068431,0.083238,0.171793,0.049134,0.183236,0.036825,,2866800,,
2,3,,0.012052,0.078816,0.075133,0.415573,0.036036,0.140946,0.013727,0.057965,0.018172,0.15158,,2975500,,
2,2,,0.031867,0.101675,0.369127,0.082641,0.099383,0.056509,0.014132,0.153765,0.057657,0.033244,,2878000,,
2,2,,0.033296,0.095109,0.276757,0.066968,0.136335,0.048277,0.107672,0.150947,0.055903,0.028736,,2894500,,
2,2,,0.012052,0.081078,0.315793,0.164837,0.035836,0.138929,0.016033,0.061342,0.019763,0.154336,,2907900,,
2,5,,0.032367,0.095609,0.107829,0.066004,0.099656,0.199885,0.012922,0.150947,0.055581,0.1792,,2919500,,
2,2,,0.133596,0.078234,0.258974,0.014128,0.098516,0.039276,0.129789,0.126352,0.102681,0.018453,,3266900,,
2,2,,0.009926,0.101778,0.459757,0.104208,0.024066,0.082476,0.071881,0.038747,0.015764,0.091397,,3080600,,
2,3,,0.012052,0.072529,0.13085,0.204539,0.05169,0.12238,0.03803,0.188428,0.116589,0.062913,,2919800,,
2,6,,0.17251,0.043957,0.125802,0.012444,0.192872,0.014875,0.317491,0.026151,0.078153,0.015745,,2912200,,
2,2,,0.132584,0.078234,0.235707,0.014497,0.061879,0.097947,0.103448,0.126561,0.134267,0.014876,,2988300,,
2,3,,0.012052,0.088083,0.091957,0.249151,0.036983,0.134599,0.046212,0.101307,0.082864,0.156791,,2924700,,
2,0,,0.205363,0.047534,0.195974,0.014497,0.089894,0.086784,0.130917,0.060674,0.153487,0.014876,,2946000,,
2,7,,0.084835,0.08882,0.094295,0.01675,0.02132,0.015116,0.015317,0.331224,0.317845,0.014478,,3192900,,
2,2,,0.132168,0.083395,0.352939,0.03474,0.061643,0.042705,0.03815,0.130181,0.105656,0.018424,,2834500,,
2,3,,0.016555,0.128171,0.160939,0.207908,0.126175,0.100519,0.016033,0.133153,0.07411,0.036436,,2989700,,
2,3,,0.009926,0.061207,0.228963,0.311636,0.024066,0.082476,0.073532,0.038747,0.030621,0.138826,,3091800,,
2,2,,0.032054,0.096043,0.34813,0.068992,0.099275,0.047378,0.012857,0.212256,0.057387,0.025628,,2886200,,
2,2,,0.116592,0.109137,0.332728,0.011818,0.055791,0.019034,0.046929,0.0371,0.157839,0.113031,,2879300,,
2,8,,0.122082,0.055063,0.077543,0.014497,0.066257,0.125391,0.077465,0.060109,0.386717,0.014876,,2914500,,
2,2,,0.205446,0.048034,0.258005,0.013164,0.089852,0.029719,0.085586,0.060466,0.12158,0.088148,,2922800,,
2,2,,0.012052,0.073024,0.250368,0.228634,0.050543,0.104891,0.016033,0.148464,0.048034,0.067958,,2898800,,
2,9,,0.011354,0.08576,0.213677,0.091024,0.023439,0.079046,0.049136,0.034918,0.01279,0.398855,,3033600,,
2,2,,0.009926,0.073089,0.481377,0.109814,0.024259,0.081513,0.055495,0.036204,0.039498,0.088826,,2948000,,
2,6,,0.16171,0.043465,0.030433,0.164128,0.143134,0.016122,0.220263,0.026151,0.126141,0.068453,,2900100,,
2,2,,0.016555,0.093885,0.286653,0.070765,0.126175,0.066233,0.016033,0.133153,0.07411,0.116436,,2904000,,
2,6,,0.154414,0.087234,0.193302,0.014997,0.067376,0.060881,0.228111,0.025345,0.135515,0.032824,,2916600,,
2,2,,0.016555,0.091623,0.221993,0.081501,0.126376,0.16425,0.013727,0.129776,0.072519,0.08168,,2934800,,
2,8,,0.026844,0.016377,0.191465,0.015196,0.014908,0.016182,0.169073,0.014541,0.519167,0.016247,,2937200,,
2,8,,0.151814,0.084867,0.044983,0.01773,0.098625,0.074519,0.169851,0.02663,0.227528,0.103452,,2935000,,
2,2,,0.012052,0.065206,0.406063,0.064653,0.083222,0.052528,0.014132,0.160278,0.107288,0.034578,,2926200,,
2,7,,0.012052,0.080583,0.054457,0.151651,0.036983,0.134599,0.016212,0.221307,0.142864,0.149291,,2902600,,
2,3,,0.012052,0.105902,0.107178,0.227516,0.036018,0.134119,0.095029,0.059616,0.046134,0.176437,,2980300,,
2,2,,0.031867,0.134112,0.295237,0.069013,0.099662,0.048142,0.013727,0.151398,0.057286,0.099556,,2979500,,
2,8,,0.121666,0.094509,0.134222,0.171883,0.06602,0.0625,0.079909,0.063729,0.187138,0.018424,,2927400,,
2,2,,0.009926,0.07824,0.287755,0.113394,0.092519,0.178867,0.012692,0.143106,0.031177,0.052323,,2947100,,
2,3,,0.031867,0.100269,0.153579,0.201866,0.099461,0.085993,0.016033,0.189061,0.058877,0.062992,,2967800,,
2,2,,0.009926,0.056387,0.331161,0.113786,0.052842,0.113375,0.142507,0.037856,0.032706,0.109455,,2910200,,
2,2,,0.009926,0.070983,0.247966,0.146418,0.032487,0.060835,0.132075,0.137568,0.102104,0.059638,,3109900,,
2,2,,0.024993,0.079688,0.45866,0.109863,0.042713,0.035302,0.016478,0.087601,0.105072,0.039631,,3350600,,
2,2,,0.009926,0.061621,0.474311,0.06771,0.031534,0.064202,0.099954,0.09506,0.041069,0.054612,,3345900,,
2,2,,0.012708,0.026363,0.628097,0.063462,0.018798,0.016646,0.072286,0.035838,0.087808,0.037992,,3371900,,
2,5,,0.012052,0.087037,0.164712,0.09261,0.051689,0.272748,0.044528,0.16282,0.065336,0.046467,,3313700,,
2,9,,0.121853,0.055997,0.077345,0.076152,0.065834,0.023884,0.076733,0.121209,0.185648,0.195345,,3195500,,
2,9,,0.009926,0.062612,0.227369,0.106697,0.023987,0.087278,0.071631,0.037736,0.029401,0.343363,,2986700,,
2,2,,0.009926,0.053778,0.348392,0.218493,0.024066,0.116762,0.014104,0.073032,0.015764,0.125683,,3282100,,
2,8,,0.012052,0.070574,0.107207,0.149494,0.110725,0.100082,0.013211,0.146737,0.167132,0.122786,,3918200,,
2,2,,0.026844,0.057654,0.289906,0.030217,0.01581,0.166568,0.113798,0.017144,0.25889,0.023169,,2977000,,
2,2,,0.011704,0.029108,0.549609,0.099342,0.015842,0.025023,0.100398,0.046619,0.069348,0.053007,,2941800,,
2,2,,0.014835,0.023244,0.543547,0.052602,0.020553,0.019726,0.016729,0.120541,0.152981,0.035242,,3217300,,
2,2,,0.012052,0.089324,0.238457,0.183244,0.050725,0.100082,0.031961,0.146737,0.084632,0.062786,,3344500,,
2,3,,0.009926,0.198678,0.159671,0.213898,0.151106,0.088331,0.018546,0.047241,0.024513,0.08809,,3302200,,
2,2,,0.009926,0.055236,0.312655,0.115258,0.043385,0.091489,0.018239,0.216869,0.031986,0.104958,,3365200,,
2,8,,0.151814,0.055106,0.043477,0.017072,0.218335,0.015202,0.172012,0.025345,0.286171,0.015466,,3393700,,
2,2,,0.009926,0.045093,0.368707,0.119921,0.035432,0.044131,0.072101,0.098441,0.061803,0.144447,,3322400,,
2,2,,0.116592,0.068776,0.334105,0.019761,0.056014,0.105958,0.083123,0.037214,0.072696,0.105761,,3322800,,
2,1,,0.009926,0.226291,0.162463,0.097154,0.136152,0.082964,0.017061,0.159581,0.022872,0.085537,,3311600,,
2,0,,0.803695,0.015118,0.038643,0.012861,0.031118,0.022243,0.017381,0.014326,0.02084,0.023775,,3393000,,
2,2,,0.175196,0.079541,0.189632,0.01563,0.06382,0.060881,0.188018,0.029142,0.165317,0.032824,,3345700,,
2,0,,0.403321,0.097283,0.057451,0.022454,0.082006,0.014006,0.065202,0.102329,0.135197,0.02075,,3333200,,
2,3,,0.012052,0.09057,0.161679,0.186753,0.036041,0.14814,0.04106,0.060452,0.114496,0.148757,,3197300,,
2,2,,0.024993,0.07558,0.249534,0.030168,0.042412,0.18066,0.015525,0.147984,0.05907,0.174076,,2890800,,
2,6,,0.17251,0.043957,0.125802,0.012444,0.192872,0.014875,0.317491,0.026151,0.078153,0.015745,,3045900,,
2,2,,0.009926,0.172491,0.213186,0.092643,0.109985,0.163765,0.091857,0.037856,0.015043,0.093247,,2894800,,
2,2,,0.024717,0.05361,0.330956,0.013022,0.012959,0.093792,0.169801,0.012381,0.250987,0.037776,,2935400,,
2,6,,0.110281,0.074482,0.059943,0.015747,0.203965,0.105126,0.250128,0.029089,0.138395,0.012845,,2877300,,
2,4,,0.012052,0.084577,0.217684,0.067138,0.248726,0.089328,0.01508,0.163171,0.053636,0.048607,,2927000,,
2,9,,0.033419,0.056046,0.20657,0.11447,0.070456,0.079653,0.071088,0.035127,0.0302,0.30297,,3093200,,
2,6,,0.112881,0.077036,0.178376,0.012814,0.142705,0.06175,0.278692,0.026151,0.07677,0.032824,,2862600,,
2,2,,0.009926,0.052957,0.335796,0.097154,0.136152,0.082964,0.017061,0.159581,0.022872,0.085537,,2916200,,
2,6,,0.151814,0.097536,0.130583,0.039359,0.090065,0.057114,0.212404,0.028283,0.179997,0.012845,,2890000,,
2,9,,0.132168,0.079738,0.089953,0.016173,0.061843,0.03914,0.035844,0.126803,0.204065,0.214273,,2842100,,
2,3,,0.132355,0.079169,0.11762,0.261607,0.061457,0.065648,0.034974,0.127661,0.104166,0.015345,,2875800,,
2,6,,0.151814,0.070166,0.045089,0.113357,0.068632,0.110117,0.169487,0.025796,0.13627,0.109273,,2958400,,
2,2,,0.016555,0.122447,0.19314,0.050805,0.125195,0.13629,0.078938,0.12954,0.11304,0.034051,,2815700,,
2,3,,0.012052,0.078629,0.107178,0.200243,0.036018,0.134119,0.040483,0.059616,0.182497,0.149164,,2917800,,
2,9,,0.132355,0.079169,0.090347,0.116152,0.061457,0.038376,0.034974,0.127661,0.104166,0.215345,,2888000,,
2,2,,0.014835,0.019587,0.352718,0.017564,0.020753,0.016161,0.014423,0.114027,0.215311,0.21462,,2861200,,
2,1,,0.121666,0.356506,0.07534,0.014888,0.065924,0.024734,0.080128,0.059901,0.185448,0.015466,,3997000,,
2,3,,0.012052,0.06888,0.150019,0.246784,0.050748,0.100466,0.07093,0.147573,0.075884,0.076665,,3219300,,
2,0,,0.433596,0.078234,0.090224,0.014128,0.061016,0.039276,0.036039,0.126352,0.102681,0.018453,,3005000,,
2,2,,0.012052,0.078722,0.318302,0.170443,0.03603,0.137966,0.014091,0.058799,0.02183,0.151765,,3374200,,
3,3,,0.012052,0.076934,0.095445,0.302987,0.036041,0.134504,0.07093,0.060452,0.047613,0.163043,,2865600,,
3,3,,0.012052,0.081078,0.135793,0.344837,0.035836,0.138929,0.016033,0.061342,0.019763,0.154336,,3140800,,
3,8,,0.209768,0.079234,0.089596,0.012814,0.060587,0.077833,0.035039,0.126352,0.21581,0.092967,,2946400,,
3,7,,0.016555,0.10089,0.142817,0.155079,0.127322,0.061904,0.046212,0.173118,0.137212,0.038891,,2954000,,
3,8,,0.012052,0.084968,0.159105,0.068033,0.091787,0.090491,0.016252,0.16282,0.225166,0.089325,,3294900,,
3,3,,0.012052,0.080583,0.070457,0.247651,0.036983,0.150599,0.016212,0.101307,0.134864,0.149291,,2932800,,
3,3,,0.012052,0.081078,0.075793,0.284837,0.035836,0.138929,0.016033,0.061342,0.079763,0.214336,,2898200,,
3,9,,0.012052,0.078687,0.059836,0.285795,0.036603,0.14754,0.014622,0.059512,0.019039,0.286314,,2920000,,
3,3,,0.012052,0.09057,0.161679,0.186753,0.036041,0.14814,0.04106,0.060452,0.114496,0.148757,,2849400,,
3,2,,0.012239,0.076852,0.253201,0.146249,0.03565,0.1346,0.012857,0.158822,0.018273,0.151257,,2953800,,
3,3,,0.012052,0.080257,0.051769,0.397784,0.045065,0.139418,0.01899,0.07932,0.02687,0.148475,,3228700,,
3,3,,0.009926,0.061937,0.195628,0.339268,0.023987,0.094032,0.099995,0.037736,0.017921,0.119571,,3108300,,
3,5,,0.012052,0.110455,0.052702,0.145643,0.03603,0.2681,0.014091,0.058799,0.086096,0.216031,,3144500,,
3,3,,0.012239,0.076852,0.053201,0.246249,0.03565,0.1346,0.112857,0.058822,0.118273,0.151257,,2942600,,
3,3,,0.031867,0.099775,0.127848,0.295933,0.100608,0.047377,0.016212,0.19474,0.061979,0.023662,,2923400,,
3,9,,0.012052,0.163492,0.095879,0.144604,0.035758,0.178353,0.014132,0.057979,0.061399,0.236352,,2914900,,
3,3,,0.012052,0.078816,0.235133,0.255573,0.036036,0.140946,0.013727,0.057965,0.018172,0.15158,,2915300,,
3,3,,0.012052,0.078687,0.059836,0.325795,0.036603,0.14754,0.014622,0.059512,0.019039,0.246314,,2963200,,
3,3,,0.012052,0.078687,0.059836,0.405795,0.036603,0.14754,0.014622,0.059512,0.019039,0.166314,,2855900,,
3,3,,0.012052,0.078722,0.078302,0.290443,0.03603,0.137966,0.014091,0.058799,0.02183,0.271765,,2959300,,
3,1,,0.012052,0.245202,0.050544,0.144536,0.104243,0.134181,0.077192,0.062177,0.021177,0.148697,,2918700,,
3,3,,0.012052,0.078722,0.078302,0.410443,0.03603,0.137966,0.014091,0.058799,0.02183,0.151765,,2991800,,
3,5,,0.012052,0.098629,0.052633,0.205697,0.056018,0.234119,0.013211,0.059616,0.078861,0.189164,,2941900,,
3,6,,0.110281,0.04467,0.030057,0.075546,0.203954,0.075389,0.220432,0.027436,0.198783,0.013452,,2991500,,
3,9,,0.012052,0.078629,0.052633,0.205697,0.096018,0.134119,0.013211,0.059616,0.138861,0.209164,,2912000,,
3,3,,0.012052,0.080037,0.060864,0.246534,0.03811,0.139676,0.018959,0.060452,0.193524,0.149792,,2857800,,
3,3,,0.012052,0.078816,0.075133,0.415573,0.036036,0.140946,0.013727,0.057965,0.018172,0.15158,,2968200,,
3,3,,0.012052,0.078816,0.075133,0.415573,0.036036,0.140946,0.013727,0.057965,0.018172,0.15158,,2910000,,
3,9,,0.114939,0.015087,0.27812,0.101211,0.101928,0.015669,0.018922,0.014326,0.021136,0.318661,,2900000,,
3,7,,0.031867,0.099775,0.131205,0.183485,0.100608,0.069196,0.03803,0.19474,0.127433,0.023662,,2936300,,
3,3,,0.012052,0.078722,0.078302,0.290443,0.03603,0.257966,0.014091,0.058799,0.02183,0.151765,,2867800,,
3,7,,0.012052,0.077887,0.116105,0.184384,0.06503,0.080198,0.020476,0.186769,0.157636,0.099464,,2976200,,
3,8,,0.012052,0.069366,0.107382,0.090067,0.150744,0.101326,0.013727,0.145086,0.246443,0.063807,,2862500,,
3,3,,0.012052,0.081078,0.09865,0.279123,0.035836,0.173215,0.016033,0.095628,0.019763,0.188622,,2974600,,
3,9,,0.012052,0.080257,0.061211,0.154981,0.06916,0.134628,0.020759,0.194177,0.058966,0.213809,,2977300,,
3,3,,0.012052,0.088083,0.091957,0.249151,0.036983,0.134599,0.046212,0.101307,0.082864,0.156791,,2850600,,
3,5,,0.012052,0.077421,0.052808,0.14627,0.036036,0.255364,0.013727,0.117965,0.078172,0.210185,,2968400,,
3,3,,0.012052,0.082536,0.054342,0.278745,0.038012,0.139371,0.140168,0.076607,0.027413,0.150754,,2935900,,
3,4,,0.012052,0.173202,0.050544,0.144536,0.188243,0.134181,0.065192,0.062177,0.021177,0.148697,,4321400,,
3,3,,0.012052,0.080257,0.051769,0.397784,0.045065,0.139418,0.01899,0.07932,0.02687,0.148475,,4878100,,
