waveform-noise,CWE,test,4,NANOSECONDS,PREDICTIONS, Generated by ClassifierExperiments.java on 2022-05-17 03:11:29.    SYSTEMPROPERTIES:{user.name:matth,os.arch:amd64,os.name:Windows 10},ENDSYSTEMPROPERTIES
No parameter info
0.7722277722277723,1536768900,1384513000,-1,75168776,3,,-1,-1
0,2,,0.348104,0.1208,0.531096,,1518300,,
0,2,,0.331709,0.03431,0.633981,,1382500,,
0,0,,0.629735,0.22285,0.147415,,1379100,,
0,0,,0.503712,0.089189,0.407099,,1371800,,
0,1,,0.387821,0.425622,0.186557,,1388200,,
0,0,,0.589147,0.287085,0.123769,,1374500,,
0,0,,0.477632,0.454744,0.067624,,1370400,,
0,1,,0.383868,0.479447,0.136685,,1380900,,
0,2,,0.272406,0.047615,0.679979,,1374000,,
0,1,,0.434361,0.459746,0.105893,,1576500,,
0,1,,0.178602,0.666585,0.154813,,1436200,,
0,1,,0.318676,0.542143,0.13918,,1414700,,
0,1,,0.317843,0.511568,0.170589,,1385600,,
0,1,,0.459737,0.465334,0.074929,,1385200,,
0,0,,0.61271,0.313858,0.073431,,1381700,,
0,0,,0.422191,0.249529,0.32828,,1382200,,
0,0,,0.512455,0.398794,0.088751,,1389900,,
0,0,,0.446663,0.266819,0.286518,,1387500,,
0,0,,0.59298,0.126879,0.280141,,1385700,,
0,0,,0.488738,0.443752,0.06751,,1384600,,
0,0,,0.48444,0.422411,0.093149,,1387800,,
0,2,,0.368872,0.059243,0.571885,,1400900,,
0,1,,0.449488,0.475674,0.074839,,1386200,,
0,0,,0.62514,0.186013,0.188847,,1382300,,
0,0,,0.473289,0.435011,0.091701,,1387200,,
0,0,,0.602398,0.141032,0.25657,,1380700,,
0,1,,0.313463,0.478286,0.208251,,1380600,,
0,0,,0.508574,0.115751,0.375675,,1384400,,
0,0,,0.461363,0.39527,0.143367,,1384400,,
0,2,,0.375855,0.106232,0.517913,,1385800,,
0,2,,0.381993,0.164716,0.453291,,1382700,,
0,0,,0.495498,0.457641,0.046861,,1384100,,
0,1,,0.31977,0.535696,0.144533,,1409100,,
0,0,,0.545416,0.07168,0.382904,,1403300,,
0,1,,0.438493,0.465305,0.096202,,1395100,,
0,2,,0.287396,0.177712,0.534892,,1391400,,
0,1,,0.360625,0.605747,0.033629,,1381400,,
0,1,,0.457366,0.475906,0.066728,,1403400,,
0,2,,0.408032,0.106899,0.485069,,1388000,,
0,0,,0.498148,0.464883,0.036968,,1385900,,
0,0,,0.485344,0.444926,0.069729,,1383100,,
0,2,,0.384075,0.035595,0.58033,,1379700,,
0,1,,0.296265,0.652621,0.051114,,1378400,,
0,0,,0.612383,0.121294,0.266323,,1398500,,
0,1,,0.418614,0.525943,0.055443,,1365600,,
0,1,,0.294474,0.676576,0.02895,,1366300,,
0,1,,0.36384,0.585787,0.050373,,1366900,,
0,1,,0.438493,0.506191,0.055316,,1373200,,
0,2,,0.386867,0.022643,0.59049,,1376000,,
0,2,,0.40516,0.086908,0.507932,,1372400,,
0,0,,0.628931,0.072783,0.298286,,1382400,,
0,0,,0.433461,0.184652,0.381888,,1374400,,
0,0,,0.621362,0.044977,0.333661,,1364500,,
0,2,,0.354987,0.105523,0.539491,,1377800,,
0,1,,0.426203,0.466863,0.106934,,1399000,,
0,2,,0.416649,0.023767,0.559583,,1382700,,
0,1,,0.337905,0.615976,0.046119,,1370900,,
0,0,,0.474556,0.450214,0.07523,,1370700,,
0,0,,0.612774,0.132883,0.254343,,1385600,,
0,0,,0.483163,0.464988,0.051848,,1380500,,
0,2,,0.326641,0.330236,0.343123,,1377800,,
0,0,,0.473055,0.339332,0.187612,,1378000,,
0,1,,0.444413,0.45526,0.100327,,1372900,,
0,1,,0.443454,0.508089,0.048457,,1374300,,
0,2,,0.311523,0.027935,0.660543,,1377000,,
0,0,,0.495174,0.06409,0.440736,,1372200,,
0,2,,0.243262,0.062921,0.693818,,1389200,,
0,1,,0.359668,0.506641,0.133691,,1378800,,
0,1,,0.429083,0.54352,0.027397,,1381900,,
0,0,,0.510119,0.209503,0.280378,,1376000,,
0,1,,0.37397,0.497704,0.128326,,1374900,,
0,0,,0.544629,0.198435,0.256935,,1373800,,
0,0,,0.502515,0.204245,0.293239,,1376200,,
0,1,,0.341895,0.370699,0.287407,,1375900,,
0,0,,0.477113,0.107463,0.415424,,1379500,,
0,0,,0.512389,0.065908,0.421703,,1380100,,
0,0,,0.458859,0.100893,0.440248,,1387300,,
0,2,,0.375372,0.03999,0.584639,,1385800,,
0,0,,0.501771,0.121711,0.376518,,1379900,,
0,0,,0.532945,0.402221,0.064834,,1379600,,
0,0,,0.565638,0.100275,0.334087,,1387600,,
0,0,,0.449585,0.358002,0.192413,,1369300,,
0,1,,0.230291,0.659953,0.109756,,1386300,,
0,2,,0.383117,0.045981,0.570902,,1391900,,
0,0,,0.501317,0.301047,0.197636,,1384800,,
0,2,,0.270616,0.189705,0.539679,,1371800,,
0,1,,0.311917,0.626587,0.061496,,1368500,,
0,2,,0.342494,0.252276,0.40523,,1397600,,
0,1,,0.381743,0.510985,0.107273,,1380500,,
0,1,,0.395228,0.518753,0.086019,,1379700,,
0,0,,0.622169,0.14629,0.23154,,1375100,,
0,1,,0.267991,0.610299,0.12171,,1379900,,
0,0,,0.489321,0.284245,0.226435,,1377000,,
0,2,,0.35251,0.059245,0.588245,,1369600,,
0,2,,0.362771,0.142327,0.494903,,1367900,,
0,0,,0.447343,0.405388,0.147268,,1370000,,
0,2,,0.397303,0.047392,0.555305,,1383600,,
0,2,,0.381887,0.045776,0.572337,,1404500,,
0,0,,0.559447,0.387341,0.053213,,1382100,,
0,0,,0.500917,0.367539,0.131545,,1377000,,
0,0,,0.636387,0.269651,0.093963,,1376600,,
0,0,,0.429419,0.40323,0.16735,,1374700,,
0,0,,0.448644,0.357812,0.193544,,1377700,,
0,1,,0.427075,0.486264,0.086661,,1374600,,
0,0,,0.469527,0.454478,0.075995,,1387200,,
0,0,,0.651523,0.214405,0.134072,,1389300,,
0,1,,0.305272,0.632593,0.062134,,1377700,,
0,0,,0.585851,0.228082,0.186067,,1377900,,
0,0,,0.450216,0.258497,0.291287,,1390500,,
0,0,,0.489974,0.445738,0.064288,,1377100,,
0,2,,0.439213,0.066102,0.494685,,1377800,,
0,0,,0.479598,0.33721,0.183192,,1379900,,
0,0,,0.531128,0.240347,0.228525,,1381100,,
0,2,,0.27265,0.050792,0.676558,,1387300,,
0,0,,0.425857,0.362867,0.211276,,1376800,,
0,2,,0.420505,0.071464,0.508031,,1376700,,
0,2,,0.413835,0.115668,0.470497,,1382200,,
0,0,,0.552009,0.33773,0.110261,,1381000,,
0,1,,0.357296,0.566663,0.076041,,1383600,,
0,2,,0.406429,0.055802,0.537768,,1389500,,
0,1,,0.35588,0.517447,0.126673,,1384200,,
0,0,,0.475431,0.315035,0.209534,,1381000,,
0,0,,0.497071,0.134584,0.368345,,1380500,,
0,2,,0.346804,0.03455,0.618646,,1391000,,
0,1,,0.404132,0.528708,0.06716,,1396400,,
0,1,,0.40494,0.481036,0.114023,,1371100,,
0,0,,0.517268,0.093191,0.389541,,1378600,,
0,0,,0.629744,0.182972,0.187283,,1381100,,
0,0,,0.457129,0.404431,0.138441,,1379300,,
0,1,,0.328164,0.557855,0.113981,,1385800,,
0,1,,0.334486,0.579809,0.085705,,1376200,,
0,0,,0.450101,0.397592,0.152307,,1381700,,
0,1,,0.387352,0.535718,0.07693,,1372500,,
0,2,,0.401166,0.163967,0.434867,,1379000,,
0,0,,0.461559,0.322311,0.21613,,1369900,,
0,2,,0.387442,0.049155,0.563403,,1371600,,
0,0,,0.532369,0.349156,0.118476,,1364900,,
0,0,,0.655496,0.229935,0.114569,,1376300,,
0,0,,0.642426,0.194535,0.163039,,1378600,,
0,1,,0.271996,0.55153,0.176474,,1381100,,
0,2,,0.247108,0.213204,0.539688,,1379600,,
0,1,,0.255406,0.612141,0.132454,,1385200,,
0,0,,0.565037,0.051646,0.383317,,1382200,,
0,0,,0.582694,0.192813,0.224494,,1373300,,
0,1,,0.355254,0.567342,0.077404,,1398000,,
0,0,,0.59774,0.22102,0.18124,,1377600,,
0,2,,0.449169,0.079729,0.471102,,1370000,,
0,0,,0.560671,0.142944,0.296385,,1373300,,
0,2,,0.377281,0.046138,0.576581,,1379100,,
0,1,,0.358295,0.590226,0.051479,,1379100,,
0,1,,0.407021,0.51803,0.074948,,1371400,,
0,1,,0.412393,0.469287,0.118321,,1371200,,
0,2,,0.33576,0.0477,0.61654,,1380000,,
0,0,,0.484071,0.278819,0.23711,,1376700,,
0,1,,0.364817,0.562205,0.072978,,1376600,,
0,0,,0.47564,0.370535,0.153825,,1378600,,
0,0,,0.457641,0.130441,0.411918,,1376000,,
0,0,,0.536156,0.291393,0.172451,,1377100,,
0,2,,0.340895,0.08718,0.571925,,1375500,,
0,0,,0.490702,0.40355,0.105747,,1375900,,
0,2,,0.437641,0.099993,0.462366,,1377400,,
0,1,,0.40638,0.522504,0.071115,,1385900,,
0,1,,0.303011,0.615042,0.081947,,1379400,,
0,0,,0.617954,0.253224,0.128822,,1383400,,
0,2,,0.154779,0.060546,0.784674,,1385300,,
0,1,,0.34953,0.568115,0.082355,,1384100,,
0,1,,0.463005,0.485334,0.051661,,1377600,,
0,2,,0.358461,0.18568,0.455859,,1376600,,
0,1,,0.392253,0.468523,0.139223,,1387000,,
0,0,,0.566374,0.036056,0.39757,,1382500,,
0,2,,0.435956,0.081452,0.482592,,1380000,,
0,2,,0.419889,0.102627,0.477485,,1373100,,
0,2,,0.396049,0.116689,0.487262,,1383200,,
0,0,,0.528652,0.356203,0.115145,,1370100,,
0,0,,0.669243,0.200346,0.130411,,1380300,,
0,0,,0.484057,0.459551,0.056392,,1376200,,
0,1,,0.33002,0.636119,0.033861,,1382300,,
0,2,,0.418087,0.07256,0.509353,,1385100,,
0,2,,0.202693,0.121034,0.676273,,1384600,,
0,0,,0.458239,0.204131,0.33763,,1383900,,
0,2,,0.433107,0.089551,0.477343,,1378100,,
0,2,,0.334446,0.039812,0.625742,,1378600,,
0,0,,0.468517,0.449409,0.082073,,1381100,,
0,0,,0.406517,0.27472,0.318763,,1379500,,
0,2,,0.301741,0.053023,0.645236,,1397200,,
0,2,,0.400682,0.069286,0.530032,,1376600,,
0,2,,0.320373,0.094348,0.585279,,1375100,,
0,0,,0.595919,0.114006,0.290075,,1377000,,
0,2,,0.328148,0.025591,0.64626,,1372100,,
0,0,,0.454391,0.28793,0.257679,,1410800,,
0,1,,0.458122,0.491533,0.050345,,1380600,,
0,0,,0.519478,0.356198,0.124324,,1385000,,
0,2,,0.368143,0.054628,0.577229,,1382100,,
0,0,,0.463023,0.137426,0.39955,,1377400,,
0,0,,0.492133,0.203002,0.304865,,1369200,,
0,1,,0.387807,0.542278,0.069915,,1388100,,
0,2,,0.459449,0.065463,0.475088,,1376400,,
0,0,,0.47532,0.254037,0.270643,,1376300,,
0,0,,0.432751,0.380144,0.187105,,1377900,,
0,1,,0.322779,0.603832,0.073389,,1377600,,
0,1,,0.33583,0.611554,0.052616,,1378100,,
0,2,,0.304199,0.048766,0.647035,,1376800,,
0,0,,0.418593,0.366674,0.214732,,1379700,,
0,0,,0.456499,0.221679,0.321823,,1380300,,
0,0,,0.592603,0.372968,0.034429,,1378800,,
0,0,,0.47779,0.121127,0.401083,,1383100,,
0,1,,0.314033,0.556798,0.129169,,1387900,,
0,0,,0.533233,0.391016,0.075751,,1377400,,
0,1,,0.387426,0.53076,0.081814,,1380300,,
0,1,,0.311235,0.496442,0.192323,,1382600,,
0,0,,0.463649,0.08694,0.449411,,1376400,,
0,0,,0.569999,0.263905,0.166096,,1374100,,
0,2,,0.384408,0.023593,0.591999,,1378200,,
0,2,,0.399899,0.171082,0.429019,,1399500,,
0,2,,0.360953,0.197292,0.441755,,1380000,,
0,1,,0.370102,0.583526,0.046372,,1378500,,
0,1,,0.39842,0.488376,0.113204,,1379800,,
0,0,,0.536546,0.276843,0.186611,,1382600,,
0,0,,0.449757,0.426788,0.123455,,1372600,,
0,2,,0.396852,0.083248,0.519899,,1374400,,
0,0,,0.522747,0.31841,0.158844,,1371100,,
0,0,,0.497086,0.14747,0.355443,,1371400,,
0,0,,0.489727,0.240992,0.269282,,1372800,,
0,0,,0.527427,0.32434,0.148233,,1377800,,
0,1,,0.41482,0.452534,0.132646,,1380900,,
0,0,,0.536119,0.30917,0.154712,,1377500,,
0,1,,0.392204,0.511479,0.096318,,1377900,,
0,2,,0.333159,0.048662,0.618179,,1390900,,
0,0,,0.45308,0.397529,0.149391,,1397200,,
0,2,,0.420979,0.106263,0.472757,,1380000,,
0,0,,0.493078,0.254425,0.252497,,1372800,,
0,0,,0.525693,0.280565,0.193742,,1381300,,
0,0,,0.504643,0.07363,0.421727,,1371300,,
0,2,,0.394962,0.026532,0.578506,,1380300,,
0,0,,0.547974,0.233282,0.218744,,1378800,,
0,2,,0.376688,0.070607,0.552705,,1375500,,
0,1,,0.385093,0.494514,0.120393,,1375500,,
0,0,,0.4714,0.154791,0.373809,,1377200,,
0,2,,0.436916,0.091797,0.471287,,1377200,,
0,2,,0.390786,0.046955,0.562259,,1373600,,
0,0,,0.504921,0.377188,0.117891,,1364900,,
0,2,,0.309123,0.176593,0.514283,,1372000,,
0,2,,0.301667,0.059205,0.639129,,1383900,,
0,1,,0.424884,0.499221,0.075895,,1378500,,
0,0,,0.624963,0.187824,0.187213,,1374700,,
0,0,,0.51149,0.057475,0.431035,,1374000,,
0,0,,0.508724,0.298162,0.193114,,1374600,,
0,2,,0.278156,0.110625,0.611219,,1376600,,
0,0,,0.684746,0.155451,0.159803,,1372500,,
0,0,,0.677752,0.154686,0.167562,,1376200,,
0,0,,0.550249,0.265487,0.184264,,1389800,,
0,2,,0.345715,0.106391,0.547894,,1385300,,
0,2,,0.346916,0.153287,0.499798,,1377600,,
0,0,,0.55654,0.357452,0.086007,,1379600,,
0,2,,0.447493,0.091896,0.460611,,1374900,,
0,0,,0.605974,0.248862,0.145164,,1373900,,
0,0,,0.528779,0.422492,0.048729,,1382000,,
0,0,,0.486128,0.241589,0.272283,,1398800,,
0,0,,0.604876,0.263624,0.1315,,1381400,,
0,2,,0.40602,0.058137,0.535843,,1375600,,
0,0,,0.453649,0.140692,0.405659,,1371900,,
0,1,,0.397015,0.579683,0.023302,,1384100,,
0,2,,0.392304,0.096685,0.511012,,1371600,,
0,1,,0.442753,0.467848,0.0894,,1382900,,
0,1,,0.260335,0.646668,0.092997,,1376700,,
0,0,,0.49179,0.206064,0.302146,,1372000,,
0,2,,0.360386,0.026057,0.613557,,1376500,,
0,2,,0.425384,0.054996,0.519619,,1374700,,
0,0,,0.572203,0.213398,0.214399,,1373100,,
0,2,,0.404103,0.025149,0.570748,,1374200,,
0,0,,0.584314,0.219272,0.196414,,1372300,,
0,0,,0.605781,0.230759,0.16346,,1392900,,
0,1,,0.393597,0.542937,0.063466,,1382500,,
0,2,,0.339269,0.107228,0.553502,,1374400,,
0,1,,0.421023,0.495675,0.083302,,1385100,,
0,1,,0.270944,0.678322,0.050734,,1374900,,
0,1,,0.451464,0.459128,0.089408,,1371200,,
0,0,,0.471753,0.094027,0.43422,,1378500,,
0,1,,0.372458,0.576531,0.05101,,1379300,,
0,0,,0.611305,0.150969,0.237726,,1389900,,
0,0,,0.488383,0.424589,0.087028,,1378800,,
0,2,,0.356502,0.207481,0.436017,,1378400,,
0,0,,0.510368,0.444235,0.045397,,1385400,,
0,0,,0.386413,0.261435,0.352152,,1370200,,
0,0,,0.506577,0.367695,0.125728,,1376100,,
0,0,,0.467915,0.393178,0.138907,,1378200,,
0,2,,0.379764,0.136995,0.483241,,1376100,,
0,0,,0.490873,0.062761,0.446366,,1376200,,
0,1,,0.486214,0.48647,0.027317,,1371000,,
0,1,,0.341565,0.598588,0.059847,,1380100,,
0,0,,0.485969,0.439804,0.074227,,1381900,,
0,2,,0.386984,0.022963,0.590053,,1377000,,
0,2,,0.417149,0.043607,0.539244,,1373600,,
0,0,,0.509963,0.092642,0.397396,,1388300,,
0,0,,0.580198,0.184041,0.235761,,1375200,,
0,2,,0.439872,0.080886,0.479242,,1380200,,
0,1,,0.397195,0.487695,0.115111,,1370300,,
0,0,,0.472349,0.161031,0.36662,,1377300,,
0,0,,0.658539,0.200048,0.141414,,1375500,,
0,2,,0.457682,0.042924,0.499394,,1381300,,
0,0,,0.63669,0.213844,0.149466,,1386200,,
0,0,,0.4219,0.413096,0.165004,,1381900,,
0,0,,0.609362,0.152053,0.238585,,1376600,,
0,0,,0.561534,0.357222,0.081244,,1373200,,
0,0,,0.471466,0.0947,0.433835,,1379000,,
0,1,,0.362718,0.56657,0.070712,,1382300,,
0,0,,0.475817,0.475257,0.048925,,1378200,,
0,1,,0.45522,0.490732,0.054047,,1373100,,
0,1,,0.46324,0.485837,0.050923,,1375200,,
0,0,,0.422678,0.347385,0.229937,,1372200,,
0,2,,0.314331,0.059328,0.626341,,1376700,,
0,1,,0.331397,0.361968,0.306635,,1372500,,
0,1,,0.414514,0.534294,0.051192,,1375200,,
0,0,,0.64037,0.262833,0.096797,,1378100,,
0,2,,0.450812,0.023508,0.52568,,1379100,,
0,2,,0.452464,0.043927,0.503609,,1391000,,
0,2,,0.437712,0.101274,0.461014,,1373500,,
0,1,,0.378783,0.4509,0.170316,,1376000,,
0,0,,0.557697,0.254289,0.188014,,1372300,,
0,2,,0.456279,0.059317,0.484404,,1379200,,
0,0,,0.459905,0.458118,0.081977,,1377800,,
0,0,,0.534953,0.092431,0.372616,,1375400,,
0,1,,0.321059,0.541055,0.137885,,1394800,,
0,0,,0.550274,0.230927,0.218799,,1382700,,
0,2,,0.334039,0.301523,0.364438,,1383900,,
0,0,,0.517413,0.17516,0.307427,,1387600,,
0,0,,0.550476,0.069404,0.380121,,1377200,,
0,1,,0.257433,0.67144,0.071127,,1378200,,
0,0,,0.444034,0.323699,0.232266,,1383200,,
0,0,,0.46584,0.359844,0.174316,,1400000,,
0,0,,0.44035,0.343916,0.215735,,1379700,,
0,0,,0.535762,0.339944,0.124294,,1375700,,
0,0,,0.492222,0.418038,0.08974,,1378400,,
0,1,,0.30504,0.509105,0.185855,,1376900,,
0,1,,0.445361,0.49016,0.064479,,1372500,,
0,1,,0.343069,0.578786,0.078145,,1373500,,
0,0,,0.398689,0.338868,0.262442,,1390600,,
0,2,,0.445983,0.034552,0.519465,,1389600,,
0,1,,0.219412,0.727426,0.053162,,1382200,,
1,2,,0.082535,0.442961,0.474504,,1381600,,
1,1,,0.13585,0.678495,0.185656,,1378500,,
1,1,,0.140956,0.440025,0.419019,,1379100,,
1,1,,0.102796,0.734152,0.163053,,1378700,,
1,1,,0.157215,0.753332,0.089453,,1381300,,
1,1,,0.269895,0.552066,0.178039,,1383300,,
1,1,,0.297873,0.580073,0.122054,,1378800,,
1,1,,0.155901,0.692683,0.151416,,1376300,,
1,1,,0.144287,0.743522,0.112192,,1379300,,
1,1,,0.073826,0.529795,0.396379,,1386400,,
1,1,,0.158066,0.773811,0.068123,,1373900,,
1,1,,0.341833,0.519687,0.13848,,1380800,,
1,1,,0.152313,0.650021,0.197666,,1377100,,
1,1,,0.167952,0.701626,0.130421,,1377000,,
1,1,,0.096081,0.529318,0.374601,,1365200,,
1,1,,0.129376,0.703893,0.166731,,1377300,,
1,2,,0.077565,0.446565,0.47587,,1385000,,
1,1,,0.127941,0.55464,0.317418,,1379400,,
1,1,,0.131856,0.678228,0.189916,,1377500,,
1,1,,0.256914,0.648808,0.094278,,1387000,,
1,1,,0.413132,0.550428,0.03644,,1378900,,
1,1,,0.336697,0.533155,0.130148,,1374000,,
1,1,,0.134725,0.584311,0.280964,,1366600,,
1,1,,0.131343,0.597553,0.271104,,1376000,,
1,1,,0.248788,0.530696,0.220517,,1372100,,
1,1,,0.13583,0.762248,0.101922,,1381000,,
1,1,,0.398147,0.544365,0.057487,,1386900,,
1,1,,0.24371,0.586345,0.169945,,1374400,,
1,0,,0.487067,0.432348,0.080586,,1378400,,
1,1,,0.152306,0.732232,0.115462,,1375600,,
1,1,,0.304436,0.576849,0.118715,,1389400,,
1,1,,0.207479,0.572764,0.219758,,1399700,,
1,1,,0.239279,0.614495,0.146226,,1405300,,
1,1,,0.26654,0.594689,0.138772,,1472800,,
1,1,,0.30785,0.615431,0.07672,,1383700,,
1,1,,0.357403,0.56235,0.080247,,1374300,,
1,1,,0.322413,0.551572,0.126015,,1371300,,
1,1,,0.18877,0.54499,0.266239,,1377200,,
1,1,,0.29902,0.559577,0.141403,,1368500,,
1,2,,0.109388,0.441312,0.4493,,1370400,,
1,2,,0.11451,0.402685,0.482805,,1375500,,
1,1,,0.124597,0.697339,0.178064,,1373800,,
1,1,,0.12532,0.462176,0.412504,,1373400,,
1,1,,0.372024,0.583213,0.044763,,1380600,,
1,1,,0.13636,0.56192,0.30172,,1376200,,
1,1,,0.11625,0.492626,0.391124,,1377100,,
1,1,,0.277791,0.670383,0.051826,,1373000,,
1,1,,0.147479,0.647866,0.204655,,1380100,,
1,1,,0.296589,0.601627,0.101785,,1397600,,
1,1,,0.426013,0.542311,0.031675,,1374900,,
1,1,,0.306089,0.621637,0.072274,,1369600,,
1,1,,0.199756,0.599805,0.200439,,1369500,,
1,2,,0.09028,0.431841,0.477879,,1377900,,
1,2,,0.081779,0.401998,0.516223,,1380800,,
1,1,,0.330251,0.602533,0.067216,,1377600,,
1,1,,0.109413,0.585382,0.305204,,1370800,,
1,1,,0.246564,0.694919,0.058517,,1379000,,
1,1,,0.108231,0.553656,0.338113,,1373700,,
1,1,,0.141558,0.67397,0.184472,,1367100,,
1,1,,0.363452,0.547352,0.089195,,1379100,,
1,1,,0.170854,0.665201,0.163945,,1382600,,
1,1,,0.121463,0.61557,0.262967,,1380000,,
1,1,,0.265293,0.55829,0.176417,,1388800,,
1,1,,0.210232,0.449093,0.340674,,1402400,,
1,1,,0.091863,0.579405,0.328731,,1404300,,
1,1,,0.128877,0.668297,0.202825,,1375100,,
1,1,,0.321381,0.532952,0.145667,,1376200,,
1,1,,0.096069,0.567367,0.336564,,1376500,,
1,1,,0.133531,0.493107,0.373362,,1374100,,
1,1,,0.468244,0.481017,0.050739,,1379400,,
1,1,,0.257004,0.597966,0.14503,,1388200,,
1,1,,0.192977,0.658673,0.14835,,1382800,,
1,1,,0.138677,0.639673,0.22165,,1371600,,
1,1,,0.301067,0.647405,0.051528,,1378100,,
1,1,,0.115679,0.570396,0.313925,,1413700,,
1,1,,0.349293,0.580074,0.070634,,1377900,,
1,1,,0.167715,0.646647,0.185638,,1375100,,
1,2,,0.099554,0.425936,0.47451,,1380500,,
1,1,,0.093866,0.539146,0.366988,,1378200,,
1,1,,0.1609,0.662683,0.176418,,1377200,,
1,1,,0.436942,0.53473,0.028329,,1390900,,
1,1,,0.307188,0.668857,0.023955,,1379100,,
1,1,,0.30652,0.644181,0.049299,,1369900,,
1,1,,0.216735,0.587024,0.196241,,1379000,,
1,1,,0.18364,0.659263,0.157097,,1381400,,
1,1,,0.381108,0.564471,0.054421,,1412400,,
1,1,,0.176512,0.665051,0.158437,,1379700,,
1,1,,0.166642,0.678707,0.15465,,1385700,,
1,1,,0.142658,0.697625,0.159716,,1373400,,
1,1,,0.109284,0.567593,0.323122,,1376800,,
1,1,,0.180283,0.667688,0.152029,,1379200,,
1,1,,0.284537,0.612452,0.103011,,1379800,,
1,1,,0.348385,0.60628,0.045335,,1383500,,
1,1,,0.09633,0.761554,0.142116,,1371400,,
1,1,,0.257523,0.637303,0.105174,,1364000,,
1,1,,0.192784,0.690936,0.11628,,1385600,,
1,1,,0.378248,0.508011,0.113741,,1382000,,
1,1,,0.279537,0.606002,0.11446,,1371300,,
1,1,,0.133404,0.596327,0.270269,,1382100,,
1,1,,0.346194,0.521488,0.132318,,1376500,,
1,1,,0.144582,0.593408,0.26201,,1373600,,
1,1,,0.325498,0.643499,0.031003,,1376400,,
1,1,,0.078675,0.626101,0.295224,,1369000,,
1,1,,0.379406,0.596256,0.024338,,1380800,,
1,1,,0.182438,0.619139,0.198423,,1371400,,
1,1,,0.179732,0.630235,0.190033,,1373300,,
1,1,,0.275121,0.670131,0.054748,,1403100,,
1,1,,0.190981,0.691581,0.117438,,1373100,,
1,1,,0.112365,0.652801,0.234834,,1375800,,
1,1,,0.251329,0.574082,0.17459,,1375900,,
1,1,,0.189102,0.727448,0.08345,,1375900,,
1,1,,0.256947,0.675501,0.067551,,1378600,,
1,1,,0.168789,0.703035,0.128176,,1375900,,
1,1,,0.385794,0.561685,0.052521,,1391900,,
1,1,,0.259199,0.539589,0.201211,,1383400,,
1,1,,0.150421,0.632176,0.217402,,1376300,,
1,1,,0.150617,0.698374,0.15101,,1377600,,
1,1,,0.165192,0.684806,0.150002,,1381200,,
1,1,,0.331521,0.410304,0.258175,,1377000,,
1,1,,0.146726,0.66554,0.187734,,1382700,,
1,1,,0.27249,0.57687,0.15064,,1379800,,
1,1,,0.184609,0.739908,0.075482,,1393300,,
1,1,,0.185503,0.724587,0.08991,,1391600,,
1,1,,0.13658,0.742594,0.120827,,1374700,,
1,1,,0.15384,0.647117,0.199043,,1377500,,
1,1,,0.09761,0.628321,0.274069,,1382900,,
1,1,,0.14426,0.722751,0.132989,,1376800,,
1,1,,0.339631,0.576362,0.084007,,1379700,,
1,1,,0.381933,0.545158,0.072909,,1419100,,
1,1,,0.336645,0.531074,0.132281,,1384300,,
1,1,,0.352441,0.56582,0.081739,,1378100,,
1,2,,0.073321,0.36944,0.557239,,1382100,,
1,1,,0.354966,0.526562,0.118473,,1386500,,
1,1,,0.272981,0.652327,0.074691,,1377500,,
1,1,,0.420831,0.543961,0.035208,,1378200,,
1,2,,0.098024,0.422259,0.479717,,1379100,,
1,1,,0.199041,0.65275,0.148209,,1378700,,
1,1,,0.240313,0.611171,0.148516,,1379800,,
1,1,,0.281138,0.371081,0.347781,,1371800,,
1,1,,0.404511,0.57122,0.02427,,1381700,,
1,1,,0.233883,0.70153,0.064587,,1380300,,
1,1,,0.15557,0.633275,0.211155,,1365800,,
1,1,,0.428131,0.524872,0.046997,,1386700,,
1,1,,0.178357,0.654061,0.167582,,1420900,,
1,1,,0.33004,0.615313,0.054647,,1377500,,
1,1,,0.18263,0.64416,0.173209,,1447600,,
1,1,,0.208443,0.655474,0.136083,,1372300,,
1,1,,0.341777,0.577275,0.080948,,1375500,,
1,1,,0.349851,0.537487,0.112662,,1380600,,
1,1,,0.286724,0.616806,0.096469,,1387100,,
1,1,,0.152376,0.642141,0.205483,,1410000,,
1,1,,0.391042,0.58388,0.025078,,1378100,,
1,1,,0.197801,0.653698,0.148501,,1376500,,
1,1,,0.182952,0.418162,0.398886,,1382900,,
1,1,,0.223279,0.562002,0.214719,,1387400,,
1,1,,0.096076,0.531231,0.372693,,1382700,,
1,1,,0.080388,0.497526,0.422087,,1378600,,
1,1,,0.278455,0.632707,0.088838,,1392700,,
1,1,,0.099954,0.575832,0.324214,,1381900,,
1,1,,0.134101,0.634301,0.231598,,1376800,,
1,1,,0.195106,0.723907,0.080988,,1374900,,
1,1,,0.179125,0.729502,0.091373,,1425800,,
1,1,,0.146895,0.660651,0.192454,,1377300,,
1,1,,0.266686,0.685945,0.04737,,1378100,,
1,1,,0.102166,0.465936,0.431899,,1376700,,
1,1,,0.138431,0.669108,0.192462,,1377300,,
1,1,,0.319153,0.651863,0.028983,,1378400,,
1,1,,0.302894,0.651906,0.0452,,1377700,,
1,1,,0.361569,0.583342,0.055089,,1370500,,
1,1,,0.358156,0.5529,0.088945,,1370800,,
1,1,,0.266717,0.611598,0.121684,,1366700,,
1,1,,0.286137,0.661473,0.05239,,1403800,,
1,1,,0.40987,0.557437,0.032694,,1373000,,
1,1,,0.093757,0.6498,0.256443,,1371400,,
1,1,,0.151234,0.684589,0.164177,,1374200,,
1,1,,0.192445,0.664314,0.143241,,1374900,,
1,1,,0.317748,0.604943,0.07731,,1374600,,
1,1,,0.092276,0.619293,0.288431,,1396800,,
1,1,,0.290062,0.672802,0.037135,,1397600,,
1,1,,0.258614,0.607227,0.134159,,1384600,,
1,1,,0.393227,0.551617,0.055156,,1377200,,
1,1,,0.086714,0.560637,0.352649,,1379300,,
1,1,,0.260327,0.687801,0.051872,,1379700,,
1,1,,0.297319,0.536014,0.166667,,1378100,,
1,1,,0.182784,0.72213,0.095086,,1373300,,
1,2,,0.137206,0.414162,0.448633,,1374500,,
1,1,,0.33382,0.58067,0.08551,,1369900,,
1,1,,0.277543,0.644597,0.07786,,1396800,,
1,1,,0.121824,0.69206,0.186116,,1383200,,
1,1,,0.297691,0.637834,0.064475,,1373700,,
1,1,,0.108145,0.630082,0.261773,,1367000,,
1,2,,0.117991,0.41529,0.466719,,1382600,,
1,1,,0.387716,0.563827,0.048457,,1384000,,
1,1,,0.377283,0.570547,0.05217,,1422600,,
1,1,,0.322834,0.647812,0.029354,,1375600,,
1,1,,0.344329,0.520975,0.134696,,1374600,,
1,1,,0.142115,0.477519,0.380366,,1366500,,
1,1,,0.17299,0.73189,0.09512,,1377400,,
1,1,,0.095785,0.587724,0.316491,,1378200,,
1,1,,0.200897,0.66462,0.134483,,1375500,,
1,2,,0.100018,0.272084,0.627898,,1384500,,
1,1,,0.244338,0.615898,0.139765,,1383500,,
1,1,,0.09984,0.525173,0.374988,,1389700,,
1,2,,0.091307,0.349344,0.559349,,1382500,,
1,1,,0.347544,0.562915,0.089541,,1404600,,
1,1,,0.247857,0.526826,0.225317,,1381100,,
1,1,,0.246923,0.695629,0.057448,,1384800,,
1,1,,0.086691,0.649031,0.264277,,1384500,,
1,1,,0.385895,0.542863,0.071242,,1392000,,
1,1,,0.114835,0.47213,0.413034,,1409700,,
1,1,,0.136795,0.578357,0.284848,,1395800,,
1,1,,0.208367,0.529625,0.262008,,1390600,,
1,1,,0.063222,0.489718,0.44706,,1376600,,
1,1,,0.099966,0.49512,0.404914,,1379200,,
1,2,,0.101327,0.3816,0.517074,,1389400,,
1,1,,0.142268,0.759155,0.098577,,1411600,,
1,1,,0.176808,0.580159,0.243033,,1376000,,
1,1,,0.294413,0.656288,0.049299,,1373700,,
1,1,,0.126946,0.538193,0.33486,,1376700,,
1,1,,0.163619,0.514018,0.322363,,1375100,,
1,1,,0.137758,0.580863,0.281379,,1374900,,
1,1,,0.117552,0.639893,0.242555,,1379700,,
1,1,,0.103657,0.632273,0.264071,,1376300,,
1,1,,0.198269,0.568219,0.233512,,1374900,,
1,1,,0.116312,0.741158,0.14253,,1372300,,
1,1,,0.32648,0.624221,0.049299,,1380300,,
1,1,,0.27156,0.615072,0.113368,,1385700,,
1,1,,0.284202,0.63421,0.081588,,1373700,,
1,1,,0.168491,0.648059,0.18345,,1379500,,
1,1,,0.332252,0.58414,0.083608,,1381100,,
1,1,,0.276976,0.647288,0.075735,,1373000,,
1,1,,0.331209,0.443374,0.225417,,1372800,,
1,1,,0.326486,0.598305,0.075209,,1395600,,
1,1,,0.119835,0.487834,0.392331,,1406200,,
1,1,,0.081603,0.494253,0.424144,,1390000,,
1,1,,0.34865,0.581266,0.070084,,1390400,,
1,1,,0.138524,0.684275,0.177201,,1391200,,
1,1,,0.258078,0.65422,0.087702,,1390900,,
1,1,,0.317494,0.551324,0.131182,,1387100,,
1,1,,0.141224,0.605201,0.253575,,1388800,,
1,1,,0.316652,0.543818,0.13953,,1397200,,
1,1,,0.129897,0.731855,0.138248,,1379700,,
1,1,,0.223334,0.469368,0.307299,,1393100,,
1,1,,0.342101,0.607162,0.050737,,1393100,,
1,1,,0.221091,0.656979,0.12193,,1398600,,
1,1,,0.095494,0.689066,0.215441,,1385300,,
1,1,,0.119885,0.533488,0.346626,,1392800,,
1,1,,0.337095,0.591309,0.071596,,1391700,,
1,1,,0.170274,0.580346,0.24938,,1394400,,
1,1,,0.146448,0.464349,0.389203,,1391900,,
1,1,,0.168614,0.728893,0.102494,,1391500,,
1,1,,0.1469,0.623135,0.229965,,1395900,,
1,1,,0.210596,0.672496,0.116908,,1391700,,
1,1,,0.41859,0.531015,0.050395,,1387500,,
1,1,,0.158529,0.609902,0.231569,,1386300,,
1,1,,0.371868,0.521096,0.107036,,1391600,,
1,1,,0.111458,0.632934,0.255608,,1397400,,
1,1,,0.163355,0.687739,0.148906,,1399900,,
1,1,,0.375027,0.521711,0.103262,,1406300,,
1,1,,0.362276,0.504318,0.133406,,1389900,,
1,1,,0.182216,0.694273,0.12351,,1388700,,
1,1,,0.32299,0.612353,0.064657,,1389000,,
1,1,,0.146713,0.606292,0.246994,,1391400,,
1,1,,0.117702,0.598593,0.283705,,1387600,,
1,1,,0.327399,0.566453,0.106147,,1396800,,
1,1,,0.301718,0.631884,0.066398,,1401100,,
1,1,,0.098983,0.464874,0.436142,,1395300,,
1,1,,0.11858,0.53956,0.341861,,1394000,,
1,1,,0.066669,0.648472,0.284859,,1389500,,
1,1,,0.108173,0.523237,0.36859,,1383700,,
1,1,,0.116355,0.537559,0.346086,,1395500,,
1,1,,0.114881,0.577481,0.307638,,1387100,,
1,1,,0.235084,0.65961,0.105306,,1395700,,
1,1,,0.088373,0.460175,0.451452,,1401300,,
1,1,,0.285,0.631929,0.083072,,1399500,,
1,1,,0.176617,0.747532,0.075851,,1393600,,
1,1,,0.300895,0.627185,0.07192,,1387100,,
1,1,,0.330351,0.604554,0.065095,,1393500,,
1,1,,0.237302,0.611302,0.151396,,1388300,,
1,1,,0.211675,0.396468,0.391856,,1390700,,
1,1,,0.313465,0.600847,0.085688,,1401300,,
1,1,,0.339176,0.560437,0.100388,,1393600,,
1,1,,0.13005,0.523325,0.346625,,1396900,,
1,1,,0.292714,0.619496,0.087789,,1391600,,
1,1,,0.114775,0.640974,0.244251,,1392500,,
1,1,,0.327435,0.483361,0.189204,,1391500,,
1,1,,0.108773,0.697014,0.194213,,1398300,,
1,1,,0.216436,0.702368,0.081196,,1396200,,
1,0,,0.475321,0.472346,0.052333,,1391400,,
1,1,,0.236186,0.682786,0.081028,,1388700,,
1,1,,0.273086,0.661597,0.065316,,1463000,,
1,1,,0.315164,0.611568,0.073268,,1388100,,
1,1,,0.232438,0.567384,0.200178,,1392800,,
1,1,,0.152803,0.65069,0.196507,,1393300,,
1,1,,0.2863,0.578707,0.134993,,1387400,,
1,1,,0.328373,0.625333,0.046294,,1387000,,
1,1,,0.113868,0.62219,0.263943,,1390500,,
1,1,,0.122539,0.650539,0.226922,,1389000,,
1,1,,0.324884,0.609087,0.066029,,1374100,,
1,1,,0.17156,0.667675,0.160765,,1379600,,
1,1,,0.068038,0.543999,0.387962,,1464900,,
1,1,,0.357821,0.590372,0.051807,,1480500,,
1,1,,0.143197,0.60144,0.255363,,1379400,,
1,1,,0.121034,0.726596,0.15237,,1372800,,
1,2,,0.10911,0.353187,0.537703,,1372700,,
1,1,,0.244572,0.614129,0.141299,,1375200,,
1,1,,0.27475,0.633726,0.091524,,1382200,,
1,1,,0.124294,0.556852,0.318855,,1377200,,
1,1,,0.242817,0.425564,0.331619,,1384400,,
1,1,,0.292453,0.562411,0.145136,,1371300,,
1,1,,0.127921,0.665184,0.206896,,1371500,,
1,1,,0.351233,0.601735,0.047032,,1365300,,
1,1,,0.094511,0.616199,0.28929,,1396600,,
1,1,,0.269818,0.650626,0.079556,,1376700,,
1,1,,0.132065,0.664831,0.203105,,1375400,,
1,1,,0.103993,0.712235,0.183772,,1373400,,
1,1,,0.129249,0.540006,0.330745,,1378900,,
1,1,,0.292415,0.666671,0.040914,,1378100,,
1,1,,0.363544,0.595794,0.040661,,1373200,,
1,1,,0.211985,0.699761,0.088254,,1372200,,
1,1,,0.4347,0.516571,0.048729,,1376800,,
1,1,,0.144224,0.575294,0.280482,,1382700,,
1,1,,0.382674,0.570705,0.046621,,1389700,,
1,1,,0.196578,0.721097,0.082325,,1385800,,
1,1,,0.214038,0.727455,0.058507,,1376100,,
1,1,,0.154515,0.585147,0.260337,,1378300,,
1,1,,0.318984,0.561808,0.119207,,1381700,,
1,1,,0.414262,0.555428,0.03031,,1378200,,
1,1,,0.371381,0.599678,0.028941,,1375300,,
1,1,,0.119779,0.707335,0.172887,,1381100,,
1,1,,0.189439,0.71825,0.092311,,1390700,,
2,2,,0.152531,0.210296,0.637173,,1389400,,
2,2,,0.243418,0.042976,0.713606,,1381200,,
2,2,,0.400831,0.090676,0.508493,,1384300,,
2,2,,0.403765,0.124977,0.471258,,1403400,,
2,1,,0.126797,0.456132,0.417071,,1378600,,
2,2,,0.144331,0.273889,0.58178,,1380700,,
2,2,,0.351238,0.051735,0.597027,,1378800,,
2,2,,0.0787,0.317104,0.604196,,1375000,,
2,2,,0.152216,0.122144,0.72564,,1381600,,
2,2,,0.216007,0.21813,0.565862,,1375700,,
2,2,,0.316045,0.069849,0.614106,,1375400,,
2,2,,0.113269,0.150047,0.736685,,1377400,,
2,2,,0.251757,0.188566,0.559677,,1378200,,
2,2,,0.201423,0.123586,0.67499,,1392500,,
2,2,,0.107729,0.418762,0.473509,,1387200,,
2,2,,0.103689,0.241707,0.654603,,1380500,,
2,2,,0.205641,0.291761,0.502598,,1377100,,
2,2,,0.305363,0.06733,0.627307,,1375700,,
2,2,,0.342277,0.137001,0.520722,,1378000,,
2,2,,0.242073,0.211915,0.546012,,1377800,,
2,2,,0.173924,0.154579,0.671497,,1387900,,
2,2,,0.104418,0.353519,0.542063,,1388300,,
2,2,,0.113408,0.362302,0.52429,,1386200,,
2,2,,0.150635,0.318242,0.531123,,1370900,,
2,2,,0.268786,0.183988,0.547226,,1400900,,
2,2,,0.30196,0.075133,0.622908,,1382300,,
2,2,,0.06466,0.463816,0.471525,,1377700,,
2,2,,0.321212,0.069211,0.609577,,1374800,,
2,2,,0.128202,0.280259,0.591539,,1377600,,
2,2,,0.15375,0.11173,0.734519,,1376300,,
2,2,,0.09586,0.447043,0.457096,,1374300,,
2,2,,0.13911,0.124708,0.736182,,1369800,,
2,2,,0.445298,0.026876,0.527826,,1362800,,
2,2,,0.141095,0.416994,0.441911,,1381600,,
2,2,,0.275978,0.097877,0.626145,,1381900,,
2,2,,0.370852,0.057553,0.571594,,1390600,,
2,2,,0.201987,0.132113,0.665901,,1379600,,
2,2,,0.257298,0.106853,0.635849,,1375100,,
2,2,,0.247715,0.070263,0.682021,,1378200,,
2,2,,0.33963,0.046619,0.613751,,1376000,,
2,2,,0.076959,0.443549,0.479492,,1396000,,
2,2,,0.146397,0.194218,0.659384,,1381500,,
2,2,,0.266873,0.071494,0.661634,,1386900,,
2,2,,0.234891,0.164001,0.601108,,1382200,,
2,2,,0.367655,0.025818,0.606527,,1376500,,
2,2,,0.099337,0.213114,0.687549,,1378700,,
2,2,,0.320661,0.11398,0.565358,,1400800,,
2,2,,0.12873,0.411992,0.459278,,1380000,,
2,1,,0.07162,0.46577,0.46261,,1377900,,
2,2,,0.235554,0.102905,0.661541,,1377300,,
2,2,,0.159023,0.353583,0.487394,,1376600,,
2,2,,0.359867,0.121793,0.51834,,1370800,,
2,2,,0.241067,0.065391,0.693542,,1369400,,
2,2,,0.108893,0.285932,0.605174,,1370400,,
2,2,,0.232044,0.050517,0.717438,,1374000,,
2,1,,0.123255,0.468416,0.408329,,1374800,,
2,2,,0.241106,0.348169,0.410726,,1383600,,
2,2,,0.153803,0.099508,0.74669,,1377200,,
2,2,,0.402915,0.04598,0.551105,,1375200,,
2,2,,0.139304,0.249311,0.611385,,1376900,,
2,2,,0.163848,0.18107,0.655082,,1375900,,
2,2,,0.107975,0.320037,0.571988,,1375000,,
2,2,,0.116318,0.361374,0.522308,,1374800,,
2,2,,0.18618,0.282459,0.53136,,1389700,,
2,2,,0.258295,0.121076,0.620629,,1382600,,
2,2,,0.274422,0.13585,0.589728,,1382200,,
2,2,,0.173977,0.171535,0.654488,,1380300,,
2,2,,0.280562,0.202383,0.517055,,1365800,,
2,1,,0.103406,0.482186,0.414408,,1386400,,
2,2,,0.319654,0.160532,0.519814,,1376300,,
2,2,,0.269833,0.225142,0.505025,,1371000,,
2,1,,0.124596,0.457526,0.417878,,1379700,,
2,2,,0.10688,0.406849,0.48627,,1374100,,
2,2,,0.25362,0.175943,0.570436,,1373000,,
2,2,,0.363598,0.061818,0.574584,,1372800,,
2,2,,0.14554,0.137149,0.717311,,1375900,,
2,2,,0.16373,0.4148,0.421469,,1373200,,
2,2,,0.234779,0.205894,0.559327,,1366800,,
2,2,,0.237949,0.049093,0.712958,,1379300,,
2,2,,0.325491,0.045591,0.628918,,1371900,,
2,2,,0.177545,0.182819,0.639635,,1371800,,
2,2,,0.310723,0.051581,0.637696,,1369700,,
2,2,,0.087431,0.313671,0.598898,,1372400,,
2,2,,0.278653,0.091307,0.63004,,1368700,,
2,2,,0.175128,0.175426,0.649446,,1370700,,
2,2,,0.109135,0.380952,0.509913,,1378400,,
2,2,,0.374375,0.077216,0.548409,,1377200,,
2,2,,0.112786,0.429001,0.458213,,1379600,,
2,2,,0.259238,0.090388,0.650374,,1381700,,
2,2,,0.274317,0.078062,0.647621,,1371900,,
2,2,,0.273798,0.053582,0.67262,,1408500,,
2,2,,0.198149,0.362443,0.439408,,1381600,,
2,2,,0.088313,0.341594,0.570093,,1375500,,
2,2,,0.18085,0.0792,0.73995,,1379700,,
2,2,,0.279157,0.066134,0.65471,,1376700,,
2,2,,0.316247,0.276813,0.406939,,1378500,,
2,2,,0.115559,0.43499,0.449451,,1376200,,
2,2,,0.350165,0.05871,0.591126,,1373100,,
2,2,,0.139204,0.305914,0.554882,,1374000,,
2,1,,0.094975,0.471537,0.433488,,1376400,,
2,2,,0.123799,0.198436,0.677765,,1382900,,
2,2,,0.13049,0.077583,0.791927,,1409800,,
2,1,,0.092903,0.492834,0.414263,,1385900,,
2,2,,0.135437,0.128626,0.735937,,1374600,,
2,2,,0.175495,0.299785,0.52472,,1378600,,
2,2,,0.43,0.084775,0.485225,,1386900,,
2,2,,0.124793,0.330461,0.544746,,1383100,,
2,1,,0.158621,0.460013,0.381366,,1381800,,
2,2,,0.186569,0.074386,0.739045,,1379100,,
2,2,,0.129506,0.387629,0.482865,,1376200,,
2,1,,0.174148,0.53778,0.288071,,1382800,,
2,2,,0.355315,0.110436,0.534249,,1450200,,
2,2,,0.337538,0.056931,0.605531,,1376700,,
2,2,,0.084831,0.44147,0.473699,,1374700,,
2,2,,0.326843,0.185203,0.487955,,1378900,,
2,0,,0.461898,0.094027,0.444076,,1387100,,
2,1,,0.145729,0.49512,0.359151,,1384700,,
2,2,,0.292796,0.133346,0.573858,,1380800,,
2,2,,0.341029,0.05455,0.604421,,1378500,,
2,2,,0.119428,0.346765,0.533807,,1381600,,
2,2,,0.258241,0.081287,0.660473,,1379900,,
2,2,,0.109976,0.230326,0.659698,,1397700,,
2,2,,0.132495,0.216764,0.650741,,1435700,,
2,2,,0.230702,0.233416,0.535882,,1387400,,
2,2,,0.076717,0.242127,0.681156,,1379100,,
2,2,,0.155996,0.152326,0.691679,,1376500,,
2,2,,0.280361,0.180191,0.539448,,1377600,,
2,2,,0.328701,0.03653,0.634769,,1375600,,
2,2,,0.152186,0.348967,0.498847,,1383400,,
2,2,,0.239719,0.077692,0.682589,,1385500,,
2,2,,0.290923,0.05358,0.655496,,1370200,,
2,2,,0.180275,0.177615,0.64211,,1374400,,
2,2,,0.163314,0.354303,0.482383,,1381300,,
2,0,,0.469179,0.135944,0.394877,,1385900,,
2,1,,0.111553,0.457325,0.431122,,1378400,,
2,2,,0.293137,0.131866,0.574997,,1378200,,
2,2,,0.253495,0.098258,0.648248,,1378800,,
2,2,,0.283048,0.051244,0.665708,,1385000,,
2,2,,0.393694,0.022643,0.583663,,1377700,,
2,2,,0.124503,0.28481,0.590687,,1379300,,
2,2,,0.347772,0.061312,0.590916,,1371900,,
2,2,,0.442162,0.050596,0.507242,,1381400,,
2,2,,0.16537,0.324852,0.509778,,2196100,,
2,1,,0.089524,0.560797,0.349679,,1426400,,
2,2,,0.143711,0.350645,0.505644,,1370400,,
2,2,,0.129291,0.432474,0.438235,,1365500,,
2,2,,0.149884,0.132599,0.717518,,1372600,,
2,0,,0.467605,0.089195,0.4432,,1383500,,
2,2,,0.21637,0.052455,0.731175,,1372800,,
2,2,,0.347982,0.047812,0.604206,,1374300,,
2,2,,0.441276,0.107088,0.451636,,1523700,,
2,2,,0.23319,0.206353,0.560457,,1384800,,
2,2,,0.460179,0.026168,0.513653,,1375800,,
2,2,,0.116433,0.311941,0.571626,,1375500,,
2,2,,0.396047,0.095996,0.507957,,1405000,,
2,2,,0.286563,0.170184,0.543254,,1380300,,
2,2,,0.191986,0.075118,0.732896,,1374200,,
2,2,,0.170856,0.104075,0.725069,,1370100,,
2,2,,0.111385,0.313069,0.575546,,1393500,,
2,2,,0.13109,0.389738,0.479172,,1381700,,
2,2,,0.180837,0.138103,0.681061,,1379200,,
2,2,,0.136783,0.218432,0.644785,,1376600,,
2,2,,0.188214,0.106101,0.705686,,1373000,,
2,2,,0.20745,0.179861,0.612689,,1378100,,
2,2,,0.125335,0.323399,0.551266,,1391500,,
2,1,,0.121495,0.527852,0.350653,,1419500,,
2,2,,0.338436,0.062079,0.599485,,1384400,,
2,2,,0.181902,0.097276,0.720822,,1375400,,
2,2,,0.125021,0.343529,0.53145,,1375500,,
2,2,,0.301447,0.060708,0.637845,,1375700,,
2,2,,0.101971,0.346989,0.551041,,1395700,,
2,2,,0.313291,0.16953,0.517179,,1380200,,
2,2,,0.145221,0.318395,0.536384,,1390600,,
2,1,,0.107907,0.586924,0.305169,,1384300,,
2,2,,0.254716,0.178173,0.567111,,1387500,,
2,2,,0.262522,0.219696,0.517782,,1381700,,
2,2,,0.126679,0.264466,0.608855,,1385900,,
2,2,,0.393365,0.070838,0.535797,,1383200,,
2,2,,0.138115,0.217904,0.643981,,1369000,,
2,2,,0.169265,0.097417,0.733318,,1378200,,
2,2,,0.278812,0.226819,0.494369,,1377200,,
2,0,,0.494744,0.070927,0.434329,,1374200,,
2,2,,0.187703,0.353652,0.458645,,1380400,,
2,2,,0.134882,0.207999,0.657119,,1373600,,
2,2,,0.229619,0.081587,0.688793,,1376000,,
2,2,,0.242701,0.199548,0.557751,,1378000,,
2,2,,0.12821,0.382553,0.489237,,1388900,,
2,2,,0.168168,0.114583,0.717249,,1392800,,
2,2,,0.125408,0.143547,0.731044,,1374800,,
2,2,,0.309832,0.072286,0.617881,,1382100,,
2,2,,0.17372,0.136223,0.690057,,1385000,,
2,2,,0.240054,0.112621,0.647326,,1374200,,
2,2,,0.339732,0.075025,0.585243,,1378900,,
2,1,,0.096107,0.47074,0.433153,,1389000,,
2,1,,0.112671,0.582651,0.304678,,1389900,,
2,2,,0.195801,0.18475,0.61945,,1384800,,
2,2,,0.439852,0.029918,0.53023,,1380700,,
2,2,,0.15953,0.248493,0.591977,,1403700,,
2,2,,0.279396,0.051563,0.669041,,1376600,,
2,2,,0.091885,0.278208,0.629907,,1376400,,
2,2,,0.086125,0.287499,0.626376,,1368700,,
2,2,,0.157709,0.230775,0.611516,,1375400,,
2,2,,0.256804,0.053269,0.689927,,1377000,,
2,2,,0.3532,0.06158,0.58522,,1383100,,
2,2,,0.127935,0.190274,0.681791,,1373800,,
2,2,,0.225493,0.107538,0.666969,,1372400,,
2,2,,0.26779,0.151742,0.580468,,1381300,,
2,0,,0.460138,0.107048,0.432814,,1383600,,
2,2,,0.335661,0.027536,0.636802,,1416100,,
2,2,,0.328976,0.240663,0.430361,,1386100,,
2,2,,0.208191,0.081525,0.710284,,1387100,,
2,2,,0.148281,0.128553,0.723166,,1377700,,
2,2,,0.136506,0.291558,0.571936,,1375100,,
2,2,,0.140008,0.180446,0.679546,,1376600,,
2,2,,0.165893,0.224557,0.60955,,1380700,,
2,2,,0.164313,0.22305,0.612637,,1393600,,
2,2,,0.125343,0.299816,0.57484,,1381300,,
2,2,,0.189256,0.115968,0.694777,,1379600,,
2,2,,0.147805,0.080859,0.771336,,1374900,,
2,2,,0.141951,0.230941,0.627109,,1375000,,
2,2,,0.282487,0.157988,0.559525,,1372300,,
2,2,,0.121199,0.314922,0.563879,,1379100,,
2,2,,0.234251,0.18785,0.577899,,1380600,,
2,2,,0.345087,0.147275,0.507638,,1375400,,
2,2,,0.111405,0.337035,0.55156,,1376700,,
2,2,,0.108267,0.404368,0.487365,,1376500,,
2,2,,0.306288,0.070526,0.623186,,1375700,,
2,1,,0.122593,0.520837,0.35657,,1382100,,
2,1,,0.115776,0.450151,0.434073,,1375900,,
2,2,,0.350783,0.092198,0.557019,,1384900,,
2,2,,0.328852,0.067479,0.603669,,1433500,,
2,2,,0.138676,0.129875,0.731449,,1391300,,
2,2,,0.180218,0.349357,0.470424,,1377300,,
2,1,,0.110558,0.569472,0.31997,,1381900,,
2,1,,0.118893,0.446048,0.435059,,1377600,,
2,2,,0.199004,0.21376,0.587236,,1375300,,
2,2,,0.098589,0.282656,0.618756,,1388600,,
2,2,,0.33151,0.168016,0.500474,,1389500,,
2,2,,0.318754,0.159473,0.521773,,1378400,,
2,2,,0.137352,0.26144,0.601208,,1380500,,
2,2,,0.290475,0.142465,0.567059,,1377000,,
2,2,,0.325728,0.141851,0.532421,,1379900,,
2,2,,0.298563,0.028138,0.673299,,1376500,,
2,2,,0.123634,0.358219,0.518148,,1377300,,
2,2,,0.381917,0.033347,0.584735,,1375800,,
2,2,,0.420507,0.094175,0.485319,,1376900,,
2,2,,0.302263,0.027935,0.669802,,1371500,,
2,2,,0.253859,0.260515,0.485626,,1373800,,
2,2,,0.111471,0.393541,0.494989,,1374100,,
2,2,,0.113311,0.356368,0.530321,,1374500,,
2,2,,0.197575,0.140742,0.661683,,1379400,,
2,2,,0.323109,0.108669,0.568222,,1383200,,
2,2,,0.229697,0.258385,0.511918,,1412700,,
2,2,,0.232313,0.193838,0.573848,,1376300,,
2,2,,0.137143,0.385242,0.477615,,1378600,,
2,2,,0.180738,0.224464,0.594798,,1381500,,
2,2,,0.239937,0.164538,0.595525,,1380900,,
2,1,,0.141541,0.54444,0.314019,,1377700,,
2,2,,0.343141,0.047402,0.609457,,1378100,,
2,2,,0.296577,0.089792,0.61363,,1388600,,
2,2,,0.385805,0.078414,0.535782,,1380900,,
