waveform-noise,CWE,test,3,NANOSECONDS,PREDICTIONS, Generated by ClassifierExperiments.java on 2022-05-17 03:09:12.    SYSTEMPROPERTIES:{user.name:matth,os.arch:amd64,os.name:Windows 10},ENDSYSTEMPROPERTIES
No parameter info
0.7392607392607392,1500900200,1353290100,-1,74948088,3,,-1,-1
0,1,,0.374017,0.601573,0.024409,,2081900,,
0,0,,0.471708,0.142733,0.385559,,1438400,,
0,2,,0.267773,0.134806,0.597421,,1428300,,
0,0,,0.502175,0.382729,0.115096,,1370000,,
0,2,,0.463045,0.060137,0.476817,,1363500,,
0,2,,0.344757,0.109478,0.545764,,1356900,,
0,2,,0.347114,0.056126,0.596759,,1354700,,
0,2,,0.323199,0.148054,0.528747,,1358000,,
0,2,,0.392655,0.056239,0.551106,,1359200,,
0,0,,0.41344,0.174118,0.412442,,1358500,,
0,1,,0.391013,0.566135,0.042853,,1374800,,
0,1,,0.439938,0.524382,0.03568,,1353900,,
0,1,,0.456568,0.502052,0.04138,,1349700,,
0,1,,0.386688,0.589062,0.02425,,1387000,,
0,2,,0.421116,0.075019,0.503865,,1352000,,
0,1,,0.438771,0.46142,0.099809,,1361100,,
0,2,,0.323722,0.063165,0.613113,,1381300,,
0,1,,0.384803,0.580957,0.03424,,1356000,,
0,0,,0.601869,0.210549,0.187582,,1350900,,
0,1,,0.384071,0.565903,0.050026,,1348900,,
0,0,,0.485268,0.473821,0.04091,,1366700,,
0,0,,0.512071,0.231603,0.256326,,1387700,,
0,2,,0.408813,0.116419,0.474768,,1346200,,
0,1,,0.439056,0.479798,0.081146,,1318400,,
0,0,,0.566624,0.16266,0.270716,,1320000,,
0,1,,0.454817,0.520852,0.024331,,1333400,,
0,1,,0.429872,0.513914,0.056214,,1317900,,
0,2,,0.352499,0.110533,0.536968,,1305500,,
0,2,,0.449647,0.089247,0.461106,,1326600,,
0,0,,0.525228,0.412139,0.062633,,1317400,,
0,0,,0.419711,0.178009,0.40228,,1317400,,
0,0,,0.46319,0.118527,0.418284,,1331400,,
0,1,,0.442309,0.504753,0.052938,,1344100,,
0,2,,0.395821,0.055577,0.548602,,1321300,,
0,2,,0.349947,0.09646,0.553592,,1314000,,
0,0,,0.518762,0.430643,0.050595,,1316900,,
0,1,,0.46055,0.51504,0.024409,,1343400,,
0,2,,0.407919,0.032241,0.559839,,1369500,,
0,2,,0.355308,0.076206,0.568486,,1317100,,
0,0,,0.468874,0.144726,0.3864,,1315800,,
0,0,,0.612609,0.254579,0.132811,,1311200,,
0,1,,0.475122,0.475756,0.049122,,1314600,,
0,1,,0.370141,0.54593,0.08393,,1312000,,
0,0,,0.538169,0.379808,0.082022,,1321300,,
0,2,,0.431445,0.132136,0.436419,,1313800,,
0,0,,0.507113,0.372498,0.120388,,1314300,,
0,0,,0.557255,0.300596,0.142148,,1311800,,
0,2,,0.406947,0.095893,0.49716,,1322100,,
0,1,,0.402351,0.573719,0.023929,,1326400,,
0,0,,0.52167,0.175039,0.303291,,1330400,,
0,2,,0.42323,0.075493,0.501277,,1316800,,
0,2,,0.407238,0.039364,0.553398,,1320900,,
0,2,,0.402087,0.128927,0.468985,,1323200,,
0,2,,0.397138,0.082224,0.520638,,1319900,,
0,1,,0.483683,0.492067,0.02425,,1336600,,
0,0,,0.511555,0.347551,0.140894,,1353500,,
0,2,,0.358415,0.058727,0.582858,,1311900,,
0,0,,0.464824,0.417044,0.118133,,1310500,,
0,2,,0.350271,0.172943,0.476786,,1324500,,
0,1,,0.31951,0.587359,0.09313,,1334400,,
0,0,,0.488076,0.435363,0.07656,,1322300,,
0,1,,0.397393,0.563207,0.0394,,1335000,,
0,1,,0.403561,0.531274,0.065165,,1320900,,
0,0,,0.600627,0.304078,0.095296,,1323100,,
0,0,,0.516827,0.414999,0.068174,,1326600,,
0,1,,0.404224,0.561003,0.034773,,1318700,,
0,2,,0.289635,0.12899,0.581375,,1347900,,
0,0,,0.525117,0.174583,0.300301,,1319500,,
0,1,,0.408602,0.526039,0.065358,,1321600,,
0,1,,0.443683,0.532067,0.02425,,1320600,,
0,0,,0.591473,0.158,0.250527,,1340200,,
0,1,,0.363154,0.602606,0.03424,,1320200,,
0,1,,0.458571,0.497803,0.043626,,1322500,,
0,0,,0.509798,0.140905,0.349297,,1381300,,
0,0,,0.494467,0.422832,0.082701,,1312400,,
0,2,,0.337429,0.07029,0.592281,,1322400,,
0,1,,0.429477,0.516866,0.053657,,1326600,,
0,0,,0.587194,0.174327,0.238479,,1331600,,
0,2,,0.36198,0.142097,0.495923,,1321500,,
0,2,,0.300548,0.074533,0.624919,,1322200,,
0,1,,0.440299,0.53489,0.024811,,1343400,,
0,0,,0.620222,0.230524,0.149254,,1325000,,
0,0,,0.502129,0.04897,0.448901,,1323200,,
0,2,,0.458692,0.070369,0.470939,,1311300,,
0,0,,0.4515,0.122806,0.425694,,1327300,,
0,2,,0.313903,0.161717,0.52438,,1320500,,
0,0,,0.458625,0.446819,0.094556,,1323600,,
0,0,,0.614353,0.15234,0.233307,,1316400,,
0,1,,0.422101,0.553568,0.024331,,1319300,,
0,2,,0.430256,0.124803,0.44494,,1346200,,
0,2,,0.326023,0.075979,0.597999,,1319400,,
0,0,,0.601741,0.152053,0.246206,,1319000,,
0,0,,0.495432,0.171881,0.332688,,1319800,,
0,1,,0.384428,0.591643,0.023929,,1360100,,
0,2,,0.420609,0.117959,0.461432,,1355300,,
0,0,,0.456246,0.178749,0.365005,,1567800,,
0,0,,0.407056,0.295561,0.297383,,1922600,,
0,0,,0.49322,0.42088,0.0859,,1315300,,
0,1,,0.39464,0.569681,0.03568,,1325300,,
0,2,,0.324375,0.074533,0.601092,,1350200,,
0,1,,0.352197,0.561871,0.085932,,1325900,,
0,1,,0.456543,0.508283,0.035174,,1330100,,
0,0,,0.553359,0.377395,0.069246,,1323900,,
0,0,,0.446228,0.363699,0.190072,,1322900,,
0,0,,0.461229,0.104318,0.434453,,1318400,,
0,1,,0.389196,0.555997,0.054807,,1319400,,
0,1,,0.431836,0.459512,0.108652,,1326100,,
0,0,,0.50427,0.426346,0.069384,,1339200,,
0,0,,0.47793,0.463621,0.058449,,1320200,,
0,2,,0.275358,0.083776,0.640866,,1319300,,
0,0,,0.50201,0.460925,0.037065,,1346200,,
0,0,,0.641765,0.163085,0.19515,,1327300,,
0,0,,0.526417,0.363553,0.110031,,1325400,,
0,1,,0.423994,0.551597,0.024409,,1337300,,
0,0,,0.428423,0.276003,0.295574,,1326300,,
0,1,,0.437103,0.503109,0.059788,,1333100,,
0,1,,0.348395,0.362269,0.289336,,1339200,,
0,0,,0.561747,0.378393,0.05986,,1328300,,
0,1,,0.442649,0.499174,0.058177,,1324400,,
0,0,,0.550062,0.140619,0.309319,,1337000,,
0,1,,0.473786,0.501883,0.024331,,1328900,,
0,0,,0.52436,0.218987,0.256653,,1329400,,
0,0,,0.37656,0.354269,0.269171,,1352400,,
0,0,,0.503509,0.077365,0.419127,,1327500,,
0,1,,0.414901,0.525741,0.059358,,1317400,,
0,2,,0.387863,0.208099,0.404038,,1320800,,
0,2,,0.409261,0.160402,0.430337,,1322400,,
0,0,,0.400993,0.256836,0.342172,,1327000,,
0,0,,0.573202,0.321449,0.105349,,1326800,,
0,2,,0.347396,0.096487,0.556117,,1330700,,
0,2,,0.365903,0.160645,0.473452,,1318600,,
0,2,,0.327082,0.110368,0.56255,,1334100,,
0,1,,0.396732,0.474148,0.12912,,1328600,,
0,1,,0.427048,0.548141,0.024811,,1344000,,
0,0,,0.475065,0.237815,0.287121,,1326800,,
0,0,,0.475562,0.419583,0.104854,,1329300,,
0,2,,0.438309,0.105991,0.4557,,1325900,,
0,0,,0.483775,0.447846,0.068379,,1335400,,
0,0,,0.526164,0.328465,0.145371,,1375300,,
0,1,,0.459795,0.503046,0.037159,,1320700,,
0,1,,0.369922,0.447517,0.182561,,1312100,,
0,2,,0.399999,0.074008,0.525993,,1312500,,
0,0,,0.489716,0.434403,0.075882,,1311400,,
0,1,,0.463683,0.492067,0.04425,,1352000,,
0,1,,0.407127,0.568623,0.02425,,1327400,,
0,0,,0.513674,0.227614,0.258711,,1333500,,
0,0,,0.677007,0.191552,0.131441,,1327200,,
0,2,,0.343137,0.089225,0.567638,,1329600,,
0,0,,0.51746,0.303535,0.179005,,1325100,,
0,0,,0.560818,0.292045,0.147137,,1320500,,
0,0,,0.488373,0.449279,0.062349,,1326800,,
0,0,,0.556497,0.279537,0.163966,,1335100,,
0,0,,0.452676,0.443448,0.103876,,1330500,,
0,2,,0.362427,0.055182,0.582392,,1329400,,
0,2,,0.387463,0.218331,0.394206,,1315400,,
0,1,,0.463994,0.511597,0.024409,,1328200,,
0,0,,0.537615,0.353741,0.108644,,1334800,,
0,1,,0.44286,0.520159,0.036981,,1334200,,
0,0,,0.456254,0.119851,0.423895,,1335100,,
0,2,,0.323339,0.074566,0.602095,,1327800,,
0,0,,0.58359,0.060584,0.355826,,1322600,,
0,2,,0.383669,0.092219,0.524112,,1358200,,
0,0,,0.453896,0.334616,0.211488,,1344800,,
0,1,,0.286391,0.59879,0.114819,,1343300,,
0,0,,0.517819,0.235729,0.246452,,1334400,,
0,0,,0.524856,0.40642,0.068723,,1331100,,
0,2,,0.340093,0.057116,0.602791,,1334900,,
0,2,,0.437665,0.098415,0.463919,,1351700,,
0,1,,0.390968,0.568461,0.040572,,1329300,,
0,1,,0.399801,0.561323,0.038876,,1321600,,
0,0,,0.535446,0.134392,0.330162,,1326700,,
0,2,,0.345161,0.228828,0.426011,,1324000,,
0,2,,0.381384,0.11761,0.501006,,1324800,,
0,2,,0.320062,0.096044,0.583894,,1330600,,
0,2,,0.357909,0.056564,0.585527,,1329600,,
0,0,,0.566711,0.097493,0.335796,,1325100,,
0,0,,0.477406,0.118866,0.403728,,1330000,,
0,2,,0.346081,0.041407,0.612512,,1350800,,
0,0,,0.553147,0.280318,0.166535,,1347100,,
0,2,,0.312465,0.078086,0.609449,,1343500,,
0,1,,0.422943,0.552648,0.024409,,1343100,,
0,0,,0.45792,0.436942,0.105138,,1326900,,
0,2,,0.338351,0.073975,0.587674,,1324300,,
0,0,,0.387113,0.343867,0.26902,,1327800,,
0,1,,0.445517,0.461226,0.093257,,1368000,,
0,2,,0.425807,0.073587,0.500606,,1340700,,
0,0,,0.521521,0.312092,0.166386,,1339200,,
0,1,,0.462429,0.476517,0.061054,,1331800,,
0,0,,0.487342,0.287358,0.225301,,1333000,,
0,1,,0.413588,0.551039,0.035373,,1340700,,
0,2,,0.436861,0.113539,0.449599,,1324000,,
0,1,,0.406931,0.500873,0.092196,,1339900,,
0,1,,0.386275,0.531735,0.08199,,1338200,,
0,0,,0.470028,0.34455,0.185422,,1328100,,
0,2,,0.447992,0.068562,0.483445,,1327400,,
0,1,,0.358819,0.461732,0.179449,,1328000,,
0,2,,0.358232,0.075019,0.566748,,1365200,,
0,1,,0.427829,0.527684,0.044487,,1322700,,
0,0,,0.517462,0.274882,0.207656,,1320100,,
0,1,,0.419542,0.556529,0.023929,,1320600,,
0,1,,0.442288,0.511509,0.046202,,1335600,,
0,2,,0.386674,0.054138,0.559188,,1357100,,
0,0,,0.482607,0.413479,0.103914,,1334000,,
0,1,,0.463356,0.480628,0.056016,,1352900,,
0,0,,0.507488,0.391133,0.101379,,1347100,,
0,0,,0.453171,0.371612,0.175217,,1326400,,
0,1,,0.366755,0.435756,0.197489,,1334400,,
0,0,,0.559207,0.375703,0.06509,,1328800,,
0,0,,0.467727,0.094463,0.43781,,1324800,,
0,2,,0.339709,0.106245,0.554046,,1326300,,
0,0,,0.444559,0.321246,0.234195,,1342300,,
0,1,,0.40806,0.446794,0.145147,,1331700,,
0,0,,0.51896,0.314512,0.166528,,1388000,,
0,1,,0.384428,0.591643,0.023929,,1324600,,
0,0,,0.571806,0.175113,0.253082,,1324600,,
0,0,,0.474355,0.34512,0.180524,,1368300,,
0,1,,0.448665,0.526839,0.024496,,1337700,,
0,0,,0.510066,0.408037,0.081898,,1342900,,
0,2,,0.417996,0.060607,0.521397,,1344400,,
0,0,,0.415392,0.177421,0.407187,,1350100,,
0,0,,0.484059,0.116833,0.399108,,1343200,,
0,2,,0.363887,0.0876,0.548513,,1344700,,
0,0,,0.550747,0.336824,0.112429,,1342000,,
0,0,,0.526938,0.237799,0.235263,,1371400,,
0,2,,0.330598,0.075577,0.593825,,1364600,,
0,1,,0.455318,0.503838,0.040844,,1356500,,
0,1,,0.447528,0.447612,0.10486,,1363500,,
0,2,,0.402164,0.035019,0.562816,,1382300,,
0,2,,0.376616,0.037688,0.585696,,1352500,,
0,2,,0.273237,0.055657,0.671107,,1350400,,
0,2,,0.384567,0.076239,0.539194,,1357600,,
0,0,,0.484982,0.417045,0.097973,,1348500,,
0,0,,0.510567,0.167206,0.322227,,1336600,,
0,1,,0.422197,0.553873,0.023929,,1341500,,
0,2,,0.331877,0.077528,0.590595,,1356500,,
0,1,,0.366535,0.581726,0.051738,,1338900,,
0,0,,0.443996,0.190661,0.365343,,1336900,,
0,0,,0.65779,0.157706,0.184504,,1333200,,
0,0,,0.524459,0.23717,0.238371,,1347800,,
0,2,,0.398774,0.097371,0.503856,,1326200,,
0,0,,0.557359,0.26556,0.177082,,1327500,,
0,0,,0.560473,0.205436,0.234091,,1338900,,
0,0,,0.516975,0.3757,0.107325,,1343900,,
0,2,,0.336448,0.12334,0.540212,,1329300,,
0,2,,0.384209,0.036549,0.579242,,1332400,,
0,0,,0.474599,0.425964,0.099437,,1355000,,
0,1,,0.424428,0.551643,0.023929,,1345500,,
0,2,,0.367363,0.054695,0.577941,,1322800,,
0,0,,0.411785,0.185491,0.402724,,1324700,,
0,2,,0.366989,0.054448,0.578564,,1349700,,
0,0,,0.510456,0.37729,0.112254,,1350200,,
0,0,,0.503421,0.450722,0.045857,,1347700,,
0,1,,0.44262,0.461393,0.095987,,1342000,,
0,0,,0.457094,0.438901,0.104005,,1351600,,
0,0,,0.478133,0.159855,0.362012,,1332300,,
0,2,,0.368368,0.084984,0.546648,,1337700,,
0,0,,0.545386,0.365432,0.089182,,1408900,,
0,2,,0.439999,0.074008,0.485993,,1330300,,
0,0,,0.567712,0.201791,0.230497,,1332000,,
0,0,,0.470896,0.393064,0.13604,,1328400,,
0,2,,0.30321,0.057528,0.639262,,1330100,,
0,2,,0.420502,0.081858,0.49764,,1339500,,
0,1,,0.460304,0.488168,0.051528,,1330300,,
0,0,,0.579773,0.210381,0.209846,,1341200,,
0,0,,0.492433,0.225452,0.282116,,1332000,,
0,1,,0.455173,0.517374,0.027453,,1332100,,
0,1,,0.466688,0.509062,0.02425,,1329400,,
0,0,,0.528165,0.350663,0.121173,,1318500,,
0,2,,0.323759,0.058215,0.618026,,1361600,,
0,0,,0.496889,0.447254,0.055857,,1320900,,
0,2,,0.304265,0.069085,0.62665,,1317500,,
0,2,,0.328649,0.307336,0.364016,,1319000,,
0,0,,0.535095,0.41589,0.049014,,1321100,,
0,2,,0.379254,0.033761,0.586985,,1341000,,
0,1,,0.423994,0.551597,0.024409,,1322900,,
0,0,,0.508631,0.147369,0.343999,,1309200,,
0,2,,0.321597,0.114101,0.564302,,1342900,,
0,1,,0.426031,0.435513,0.138456,,1315700,,
0,2,,0.319186,0.081354,0.599461,,1318900,,
0,2,,0.340955,0.094658,0.564387,,1340800,,
0,0,,0.482236,0.093851,0.423913,,1337200,,
0,2,,0.453366,0.054094,0.492541,,1322900,,
0,0,,0.512163,0.248621,0.239216,,1327800,,
0,0,,0.478853,0.16932,0.351827,,1333400,,
0,0,,0.498949,0.165409,0.335642,,1348400,,
0,0,,0.631351,0.283976,0.084673,,1328400,,
0,1,,0.377515,0.570279,0.052206,,1328800,,
0,2,,0.326333,0.145796,0.527871,,1363500,,
0,0,,0.517748,0.221546,0.260707,,1324400,,
0,0,,0.496708,0.401544,0.101748,,1323300,,
0,0,,0.485268,0.473821,0.04091,,1350300,,
0,0,,0.511531,0.235768,0.252701,,1323400,,
0,1,,0.373825,0.570495,0.05568,,1332600,,
0,2,,0.342396,0.130982,0.526622,,1324200,,
0,0,,0.524915,0.195111,0.279974,,1320600,,
0,1,,0.337391,0.346684,0.315925,,1323600,,
0,1,,0.348793,0.375365,0.275842,,1338700,,
0,0,,0.532039,0.409469,0.058492,,1314700,,
0,0,,0.636663,0.163647,0.199691,,1318700,,
0,2,,0.369041,0.088277,0.542682,,1313900,,
0,1,,0.337641,0.63843,0.023929,,1324900,,
0,1,,0.463509,0.51216,0.024331,,1332900,,
0,2,,0.317095,0.062166,0.620739,,1340300,,
0,1,,0.400224,0.507112,0.092664,,1326400,,
0,1,,0.388552,0.566752,0.044696,,1309100,,
0,1,,0.365199,0.602783,0.032018,,1308300,,
0,0,,0.490326,0.096628,0.413046,,1320200,,
0,1,,0.442873,0.481688,0.075439,,1316300,,
0,0,,0.603531,0.342391,0.054078,,1338200,,
0,1,,0.377121,0.502045,0.120834,,1335400,,
0,0,,0.420396,0.311059,0.268546,,1319000,,
0,1,,0.409447,0.546725,0.043828,,1315500,,
0,1,,0.401549,0.437075,0.161376,,1313600,,
0,0,,0.481819,0.118744,0.399437,,1341600,,
0,2,,0.442998,0.110966,0.446036,,1315000,,
0,0,,0.546909,0.425485,0.027606,,1313700,,
0,2,,0.394024,0.035019,0.570956,,1313200,,
0,0,,0.431064,0.138232,0.430705,,1312200,,
0,2,,0.331246,0.077036,0.591718,,1313900,,
0,1,,0.470358,0.504744,0.024898,,1326200,,
0,1,,0.406594,0.553205,0.040201,,1321500,,
0,2,,0.392278,0.104351,0.503371,,1311400,,
0,2,,0.467456,0.053786,0.478758,,1315600,,
0,2,,0.366995,0.056484,0.576521,,1326300,,
0,1,,0.317567,0.546939,0.135495,,1341200,,
0,0,,0.502117,0.432012,0.065871,,1328100,,
0,2,,0.366767,0.109499,0.523733,,1340100,,
0,0,,0.396447,0.351296,0.252257,,1330700,,
0,2,,0.463894,0.051617,0.484489,,1325200,,
0,2,,0.313009,0.105867,0.581125,,1360400,,
0,2,,0.39718,0.080787,0.522033,,1333500,,
0,1,,0.328297,0.638333,0.033371,,1324700,,
0,1,,0.462304,0.474647,0.063049,,1340800,,
0,2,,0.416826,0.108785,0.474389,,1334600,,
0,1,,0.454832,0.509242,0.035926,,1331300,,
0,2,,0.396202,0.107264,0.496535,,1363000,,
0,0,,0.589868,0.290772,0.11936,,1332300,,
0,2,,0.404279,0.122179,0.473543,,1339800,,
0,1,,0.473124,0.488835,0.038041,,1363900,,
1,1,,0.224344,0.518117,0.257539,,1365200,,
1,1,,0.344224,0.621003,0.034773,,1352300,,
1,2,,0.145756,0.411065,0.443179,,1360400,,
1,1,,0.133578,0.515816,0.350606,,1343000,,
1,1,,0.253258,0.512791,0.233951,,1353900,,
1,1,,0.257767,0.63908,0.103153,,1349600,,
1,1,,0.336826,0.631274,0.031901,,1373800,,
1,1,,0.111387,0.638105,0.250508,,1385000,,
1,1,,0.300305,0.655233,0.044463,,1341300,,
1,1,,0.301477,0.649737,0.048786,,1337800,,
1,1,,0.361756,0.452293,0.185951,,1358100,,
1,1,,0.220861,0.631161,0.147977,,1364400,,
1,1,,0.295977,0.622194,0.081829,,1362100,,
1,1,,0.170595,0.415741,0.413664,,1358400,,
1,1,,0.129922,0.493064,0.377014,,1345000,,
1,1,,0.32043,0.638708,0.040861,,1343600,,
1,1,,0.205462,0.728682,0.065855,,1367300,,
1,1,,0.156339,0.660843,0.182819,,1352300,,
1,1,,0.171499,0.506654,0.321847,,1362400,,
1,1,,0.13273,0.632811,0.234459,,1341300,,
1,1,,0.37868,0.597391,0.023929,,1343300,,
1,2,,0.11929,0.381903,0.498807,,1355900,,
1,1,,0.335344,0.620194,0.044463,,1346100,,
1,1,,0.156913,0.645225,0.197862,,1341400,,
1,1,,0.137876,0.544279,0.317845,,1340900,,
1,1,,0.160946,0.688463,0.150591,,1341600,,
1,1,,0.376235,0.593223,0.030542,,1341400,,
1,1,,0.344127,0.575541,0.080332,,1339200,,
1,1,,0.337996,0.605631,0.056373,,1346600,,
1,1,,0.169635,0.516904,0.313461,,1340400,,
1,1,,0.294181,0.662789,0.04303,,1346700,,
1,1,,0.170373,0.695864,0.133763,,1339000,,
1,1,,0.169872,0.483484,0.346644,,1322800,,
1,2,,0.114146,0.373221,0.512633,,1316200,,
1,1,,0.413511,0.541376,0.045113,,1315900,,
1,1,,0.399915,0.564958,0.035127,,1319800,,
1,1,,0.385885,0.582577,0.031538,,1335900,,
1,1,,0.267611,0.628712,0.103677,,1325700,,
1,1,,0.403256,0.544363,0.052381,,1318400,,
1,1,,0.220363,0.68025,0.099388,,1330600,,
1,1,,0.122959,0.496323,0.380719,,1324700,,
1,1,,0.419542,0.556529,0.023929,,1338200,,
1,1,,0.189662,0.694733,0.115605,,1326800,,
1,1,,0.383271,0.581922,0.034807,,1323200,,
1,1,,0.269844,0.665784,0.064372,,1319600,,
1,1,,0.277084,0.603883,0.119033,,1313300,,
1,1,,0.406842,0.555203,0.037954,,1321500,,
1,1,,0.438511,0.53756,0.023929,,1327800,,
1,1,,0.301438,0.662145,0.036417,,1324500,,
1,1,,0.253593,0.631475,0.114931,,1315600,,
1,1,,0.242964,0.654364,0.102673,,1322500,,
1,1,,0.353192,0.600488,0.04632,,1354000,,
1,1,,0.205731,0.56056,0.233709,,1459300,,
1,1,,0.34991,0.62568,0.024409,,1556600,,
1,1,,0.142986,0.6229,0.234114,,1557900,,
1,1,,0.402776,0.526797,0.070427,,1554900,,
1,1,,0.357002,0.575108,0.06789,,1554600,,
1,1,,0.413542,0.554557,0.031901,,1556200,,
1,1,,0.152669,0.688991,0.15834,,1553500,,
1,1,,0.322819,0.626622,0.050559,,1543000,,
1,1,,0.188881,0.657394,0.153725,,1544600,,
1,1,,0.123183,0.517166,0.359651,,1573000,,
1,1,,0.207569,0.566323,0.226108,,1579200,,
1,1,,0.217012,0.68007,0.102918,,1631300,,
1,1,,0.165634,0.475851,0.358516,,1548300,,
1,1,,0.372434,0.603636,0.023929,,1537600,,
1,2,,0.141526,0.327337,0.531137,,1545900,,
1,1,,0.125162,0.575958,0.29888,,1539800,,
1,1,,0.388008,0.575976,0.036016,,1535800,,
1,1,,0.272612,0.6536,0.073788,,1538100,,
1,1,,0.454846,0.521225,0.023929,,1540300,,
1,1,,0.142543,0.662459,0.194998,,1549300,,
1,1,,0.379343,0.595684,0.024974,,1544300,,
1,1,,0.172804,0.639565,0.187631,,1564700,,
1,1,,0.123831,0.565019,0.31115,,1553400,,
1,2,,0.170907,0.392899,0.436194,,1555200,,
1,1,,0.238337,0.616529,0.145134,,1546300,,
1,1,,0.448922,0.515389,0.035688,,1552500,,
1,1,,0.383922,0.548187,0.067891,,1538000,,
1,1,,0.331018,0.568929,0.100053,,1539600,,
1,1,,0.152903,0.549888,0.297208,,1555600,,
1,1,,0.177461,0.623268,0.19927,,1578500,,
1,1,,0.167735,0.672965,0.1593,,1551200,,
1,1,,0.153272,0.743665,0.103062,,1576400,,
1,1,,0.142215,0.511917,0.345868,,1562500,,
1,1,,0.383994,0.591597,0.024409,,1556700,,
1,1,,0.413372,0.515489,0.071138,,1547400,,
1,1,,0.37639,0.587183,0.036427,,1496000,,
1,1,,0.355807,0.556314,0.087879,,1356100,,
1,1,,0.283552,0.65348,0.062968,,1335600,,
1,1,,0.194463,0.508865,0.296672,,1340800,,
1,1,,0.356822,0.552884,0.090294,,1347200,,
1,1,,0.40931,0.54485,0.04584,,1326800,,
1,1,,0.371432,0.57655,0.052018,,1343400,,
1,1,,0.384346,0.537097,0.078557,,1381800,,
1,1,,0.364428,0.611643,0.023929,,1351300,,
1,1,,0.125288,0.530185,0.344527,,1343400,,
1,1,,0.212851,0.584692,0.202458,,1341100,,
1,1,,0.15548,0.579574,0.264945,,1387800,,
1,1,,0.361481,0.612694,0.025825,,1363400,,
1,1,,0.459175,0.516896,0.023929,,1340600,,
1,1,,0.257219,0.600995,0.141787,,1333700,,
1,2,,0.131565,0.39457,0.473864,,1354300,,
1,1,,0.241436,0.638162,0.120402,,1331600,,
1,1,,0.420281,0.55579,0.023929,,1362700,,
1,2,,0.182741,0.331631,0.485628,,1371700,,
1,1,,0.138417,0.605202,0.256381,,1377600,,
1,1,,0.284109,0.573602,0.142288,,1352600,,
1,1,,0.412024,0.555958,0.032018,,1350000,,
1,1,,0.150381,0.562525,0.287094,,1362700,,
1,1,,0.199243,0.592299,0.208458,,1353400,,
1,1,,0.238374,0.631297,0.13033,,1350600,,
1,1,,0.356886,0.618705,0.024409,,1352800,,
1,1,,0.210119,0.605145,0.184736,,1403400,,
1,1,,0.449626,0.471586,0.078788,,1360400,,
1,1,,0.423994,0.551597,0.024409,,1350100,,
1,1,,0.345329,0.53251,0.122161,,1349500,,
1,2,,0.118621,0.425874,0.455505,,1373100,,
1,1,,0.363166,0.366354,0.27048,,1364400,,
1,1,,0.436864,0.539207,0.023929,,1353900,,
1,1,,0.139243,0.681479,0.179278,,1354200,,
1,1,,0.239752,0.671798,0.08845,,1356500,,
1,1,,0.344073,0.623472,0.032455,,1361200,,
1,1,,0.4179,0.521163,0.060937,,1347900,,
1,1,,0.324133,0.639734,0.036133,,1352600,,
1,1,,0.463606,0.498755,0.037639,,1375600,,
1,1,,0.35518,0.525831,0.118989,,1366400,,
1,1,,0.34432,0.599836,0.055844,,1361800,,
1,2,,0.119768,0.401307,0.478925,,1362800,,
1,1,,0.212187,0.659804,0.12801,,1386700,,
1,1,,0.34611,0.526965,0.126925,,1376000,,
1,1,,0.366826,0.609245,0.023929,,1358800,,
1,1,,0.408693,0.560285,0.031022,,1351100,,
1,1,,0.363163,0.530786,0.10605,,1356900,,
1,1,,0.320155,0.56472,0.115125,,1366300,,
1,1,,0.401313,0.557041,0.041646,,1358900,,
1,1,,0.245805,0.663065,0.09113,,1402400,,
1,1,,0.133212,0.69261,0.174178,,1350700,,
1,1,,0.248723,0.591778,0.159499,,1350000,,
1,1,,0.12513,0.497128,0.377742,,1357900,,
1,1,,0.294318,0.646993,0.05869,,1371800,,
1,1,,0.184647,0.418555,0.396798,,1353400,,
1,1,,0.24511,0.689032,0.065858,,1355000,,
1,1,,0.252341,0.58504,0.162619,,1349300,,
1,1,,0.267668,0.612024,0.120309,,1354000,,
1,1,,0.161302,0.593911,0.244787,,1354000,,
1,1,,0.154473,0.602258,0.243269,,1347800,,
1,1,,0.203127,0.723924,0.072949,,1354200,,
1,1,,0.239894,0.627349,0.132757,,1338200,,
1,1,,0.351921,0.624149,0.023929,,1316000,,
1,1,,0.187428,0.593873,0.218699,,1312500,,
1,1,,0.147996,0.575136,0.276868,,1307700,,
1,2,,0.168933,0.40819,0.422876,,1335300,,
1,1,,0.317229,0.649401,0.033371,,1316300,,
1,1,,0.30034,0.58422,0.115441,,1318700,,
1,1,,0.40772,0.568351,0.023929,,1362300,,
1,1,,0.428671,0.53417,0.037159,,1325000,,
1,1,,0.141985,0.704729,0.153286,,1316600,,
1,1,,0.222445,0.612631,0.164924,,1335200,,
1,1,,0.318229,0.644874,0.036897,,1319900,,
1,1,,0.444288,0.512087,0.043625,,1320900,,
1,2,,0.172921,0.412973,0.414106,,1329300,,
1,2,,0.111894,0.415896,0.47221,,1320300,,
1,1,,0.186868,0.753442,0.05969,,1314300,,
1,1,,0.368016,0.591584,0.0404,,1380900,,
1,2,,0.123045,0.386732,0.490224,,1328700,,
1,1,,0.368859,0.586731,0.044409,,1323100,,
1,1,,0.343103,0.574913,0.081984,,1330200,,
1,1,,0.226488,0.69433,0.079181,,1331000,,
1,1,,0.167038,0.725139,0.107823,,1355300,,
1,1,,0.180557,0.641986,0.177457,,1333100,,
1,1,,0.188867,0.441032,0.3701,,1328000,,
1,1,,0.235199,0.660942,0.103859,,1323600,,
1,1,,0.464052,0.50922,0.026727,,1312300,,
1,1,,0.35643,0.619563,0.024007,,1321600,,
1,1,,0.358024,0.598047,0.043929,,1316900,,
1,1,,0.377695,0.588065,0.03424,,1360300,,
1,1,,0.373924,0.583298,0.042778,,1344500,,
1,1,,0.249755,0.677367,0.072877,,1343700,,
1,1,,0.429831,0.545355,0.024814,,1326200,,
1,1,,0.266571,0.667513,0.065916,,1351600,,
1,1,,0.184264,0.507008,0.308727,,1331200,,
1,1,,0.304347,0.636946,0.058706,,1328600,,
1,1,,0.235992,0.584245,0.179763,,1326100,,
1,1,,0.33235,0.64133,0.02632,,1322200,,
1,1,,0.134052,0.613032,0.252915,,1325400,,
1,1,,0.1859,0.652385,0.161715,,1331100,,
1,2,,0.102135,0.389642,0.508224,,1340700,,
1,1,,0.307834,0.638342,0.053824,,1324100,,
1,1,,0.150757,0.587946,0.261298,,1322500,,
1,1,,0.168043,0.635661,0.196296,,1322500,,
1,1,,0.228071,0.412729,0.3592,,1330000,,
1,1,,0.346603,0.594166,0.059231,,1349000,,
1,1,,0.208849,0.705285,0.085867,,1334800,,
1,1,,0.442802,0.532788,0.024409,,1338300,,
1,1,,0.184628,0.597429,0.217943,,1335900,,
1,1,,0.382151,0.534227,0.083621,,1330100,,
1,1,,0.291346,0.594349,0.114305,,1329000,,
1,1,,0.144851,0.626172,0.228977,,1340400,,
1,1,,0.266597,0.652968,0.080435,,1345400,,
1,1,,0.106252,0.577974,0.315774,,1343600,,
1,1,,0.379779,0.486159,0.134063,,1346000,,
1,1,,0.119242,0.643333,0.237425,,1344600,,
1,1,,0.287544,0.588653,0.123803,,1366000,,
1,1,,0.194133,0.520063,0.285804,,1339700,,
1,1,,0.141634,0.580275,0.278091,,1327100,,
1,1,,0.30043,0.663153,0.036417,,1326000,,
1,1,,0.300723,0.618212,0.081066,,1341200,,
1,1,,0.349812,0.626259,0.023929,,1330300,,
1,2,,0.230403,0.299321,0.470276,,1332700,,
1,1,,0.28255,0.63641,0.08104,,1345300,,
1,1,,0.256223,0.517275,0.226502,,1314700,,
1,1,,0.310339,0.639188,0.050473,,1325400,,
1,1,,0.128068,0.504553,0.367379,,1324300,,
1,1,,0.3648,0.603107,0.032093,,1348800,,
1,2,,0.140337,0.256604,0.603059,,1322300,,
1,1,,0.225537,0.666799,0.107664,,1337000,,
1,1,,0.211757,0.661054,0.127189,,1321800,,
1,1,,0.15914,0.580966,0.259894,,1319400,,
1,1,,0.309158,0.621076,0.069767,,1322400,,
1,1,,0.276985,0.661161,0.061853,,1316400,,
1,1,,0.126579,0.481602,0.391819,,1315400,,
1,1,,0.270451,0.693132,0.036417,,1331000,,
1,1,,0.170749,0.618802,0.210449,,1323100,,
1,1,,0.363637,0.525397,0.110966,,1316700,,
1,1,,0.278317,0.612688,0.108995,,1334200,,
1,1,,0.159947,0.610676,0.229378,,1324500,,
1,1,,0.329204,0.564376,0.106419,,1330500,,
1,1,,0.355239,0.600754,0.044007,,1326000,,
1,1,,0.236669,0.578386,0.184945,,1327100,,
1,1,,0.377656,0.565253,0.057091,,1343900,,
1,1,,0.330787,0.563752,0.105461,,1332800,,
1,1,,0.26447,0.66306,0.072471,,1327500,,
1,1,,0.213642,0.555228,0.23113,,1340000,,
1,1,,0.367027,0.574809,0.058164,,1335500,,
1,1,,0.217627,0.637688,0.144685,,1328700,,
1,1,,0.444288,0.520426,0.035287,,1324000,,
1,1,,0.32768,0.613703,0.058617,,1344800,,
1,1,,0.32457,0.644887,0.030542,,1334600,,
1,1,,0.432967,0.522624,0.044409,,1328100,,
1,2,,0.129677,0.425745,0.444578,,1330100,,
1,1,,0.437257,0.507892,0.054851,,1329900,,
1,2,,0.113265,0.430653,0.456083,,1333100,,
1,2,,0.172678,0.306569,0.520753,,1328500,,
1,1,,0.400086,0.572461,0.027453,,1325400,,
1,1,,0.424428,0.551643,0.023929,,1326700,,
1,1,,0.140972,0.504788,0.35424,,1338600,,
1,1,,0.163094,0.43632,0.400587,,1329400,,
1,2,,0.122581,0.401508,0.475912,,1343300,,
1,1,,0.150648,0.675928,0.173424,,1334900,,
1,1,,0.281583,0.60999,0.108427,,1315500,,
1,1,,0.45542,0.46752,0.07706,,1323200,,
1,1,,0.411146,0.547468,0.041386,,1320900,,
1,1,,0.243826,0.665547,0.090627,,1314500,,
1,1,,0.207211,0.633456,0.159333,,1320900,,
1,2,,0.147893,0.347528,0.504579,,1327500,,
1,1,,0.307024,0.593625,0.099352,,1319100,,
1,2,,0.126217,0.433899,0.439884,,1323700,,
1,1,,0.384439,0.583661,0.031901,,1320300,,
1,1,,0.4363,0.524726,0.038974,,1356500,,
1,1,,0.430245,0.502299,0.067456,,1320900,,
1,1,,0.362428,0.568113,0.069459,,1322800,,
1,1,,0.206997,0.707974,0.085029,,1319000,,
1,1,,0.244268,0.704966,0.050766,,1319500,,
1,1,,0.312109,0.640151,0.04774,,1319000,,
1,1,,0.207483,0.70226,0.090256,,1321200,,
1,1,,0.126578,0.596508,0.276915,,1319200,,
1,1,,0.153415,0.5758,0.270785,,1317100,,
1,1,,0.307857,0.645026,0.047117,,1317900,,
1,1,,0.190591,0.554884,0.254525,,1319700,,
1,1,,0.176122,0.601618,0.22226,,1322400,,
1,1,,0.195224,0.677046,0.12773,,1357700,,
1,1,,0.184033,0.587031,0.228936,,1312900,,
1,1,,0.458511,0.51756,0.023929,,1317400,,
1,1,,0.213434,0.65051,0.136056,,1327900,,
1,1,,0.116397,0.535818,0.347786,,1318800,,
1,2,,0.112207,0.407404,0.48039,,1312900,,
1,1,,0.420847,0.54406,0.035093,,1325800,,
1,1,,0.095958,0.591273,0.312769,,1317100,,
1,1,,0.175678,0.727383,0.096938,,1317000,,
1,2,,0.127979,0.433688,0.438333,,1322000,,
1,1,,0.373043,0.602707,0.02425,,1329000,,
1,1,,0.130705,0.524984,0.34431,,1343500,,
1,1,,0.413906,0.554228,0.031866,,1343200,,
1,1,,0.137313,0.599489,0.263198,,1334400,,
1,1,,0.209524,0.505808,0.284668,,1334900,,
1,1,,0.365503,0.591754,0.042743,,1340000,,
1,1,,0.199112,0.703442,0.097447,,1321600,,
1,1,,0.326611,0.593634,0.079755,,1326500,,
1,1,,0.158712,0.630879,0.210409,,1326600,,
1,1,,0.423994,0.551597,0.024409,,1331900,,
1,1,,0.222701,0.69447,0.082829,,1336500,,
1,2,,0.103136,0.402909,0.493955,,1332500,,
1,2,,0.121465,0.380325,0.498209,,1345000,,
1,1,,0.316945,0.601486,0.081569,,1335800,,
1,1,,0.216068,0.710383,0.073549,,1339000,,
1,1,,0.362599,0.602148,0.035253,,1327800,,
1,1,,0.310841,0.611691,0.077469,,1324100,,
1,1,,0.389899,0.556359,0.053743,,1330200,,
1,1,,0.147793,0.564532,0.287675,,1328600,,
1,2,,0.137449,0.408666,0.453885,,1327000,,
1,1,,0.13601,0.581208,0.282782,,1331400,,
1,1,,0.170448,0.426869,0.402683,,1325400,,
1,1,,0.251966,0.63472,0.113314,,1324000,,
1,1,,0.170833,0.673418,0.155749,,1343300,,
1,1,,0.205984,0.681066,0.112949,,1344400,,
1,1,,0.109291,0.496431,0.394278,,1329500,,
1,1,,0.376882,0.54922,0.073898,,1343000,,
1,1,,0.402802,0.572788,0.024409,,1319700,,
1,1,,0.233847,0.627736,0.138417,,1322900,,
1,2,,0.126177,0.372152,0.501672,,1321300,,
1,1,,0.146559,0.468282,0.385159,,1321600,,
1,1,,0.212381,0.658288,0.129331,,1321300,,
1,1,,0.178164,0.539089,0.282747,,1318700,,
1,1,,0.431751,0.534009,0.03424,,1317800,,
1,1,,0.323867,0.422804,0.253329,,1320400,,
1,1,,0.150037,0.649503,0.20046,,1347500,,
1,1,,0.314527,0.635735,0.049737,,1341200,,
1,2,,0.149001,0.381746,0.469253,,1320300,,
1,1,,0.171795,0.684681,0.143524,,1330100,,
1,1,,0.316245,0.630322,0.053432,,1319200,,
1,1,,0.259261,0.697609,0.04313,,1315000,,
1,1,,0.228459,0.69584,0.075701,,1317600,,
1,1,,0.388085,0.507083,0.104832,,1327200,,
1,1,,0.313016,0.573681,0.113303,,1324700,,
1,1,,0.297179,0.658468,0.044353,,1323600,,
1,1,,0.265546,0.666296,0.068158,,1325100,,
1,1,,0.143774,0.569947,0.286279,,1336800,,
1,1,,0.368182,0.518567,0.11325,,1321400,,
1,1,,0.378459,0.583422,0.038119,,1319800,,
1,1,,0.361579,0.595126,0.043295,,1330500,,
2,2,,0.328345,0.062267,0.609388,,1332100,,
2,2,,0.365393,0.054789,0.579818,,1322600,,
2,2,,0.177526,0.248126,0.574348,,1316600,,
2,2,,0.135251,0.16169,0.703059,,1322600,,
2,2,,0.13896,0.334211,0.526829,,1336600,,
2,2,,0.101363,0.432902,0.465734,,1336600,,
2,1,,0.129898,0.440852,0.42925,,1324400,,
2,2,,0.311214,0.055866,0.63292,,1347500,,
2,2,,0.119639,0.364587,0.515773,,1344600,,
2,2,,0.120541,0.186241,0.693217,,1329200,,
2,2,,0.224225,0.12278,0.652994,,1330900,,
2,2,,0.237088,0.088295,0.674617,,1339300,,
2,2,,0.245007,0.109634,0.645359,,1330500,,
2,2,,0.318685,0.055099,0.626216,,1326500,,
2,2,,0.410386,0.073975,0.515639,,1336100,,
2,2,,0.362417,0.083618,0.553965,,1328900,,
2,2,,0.267304,0.139987,0.592709,,1378300,,
2,2,,0.224327,0.08574,0.689933,,1317600,,
2,2,,0.271794,0.121643,0.606563,,1316600,,
2,2,,0.375011,0.094319,0.53067,,1338900,,
2,2,,0.303783,0.036131,0.660086,,1318000,,
2,2,,0.395508,0.056643,0.547848,,1312700,,
2,2,,0.354687,0.100876,0.544437,,1316900,,
2,2,,0.282205,0.118245,0.59955,,1326400,,
2,2,,0.22219,0.097603,0.680207,,1344400,,
2,2,,0.251569,0.103649,0.644781,,1322300,,
2,2,,0.179941,0.169086,0.650972,,1317700,,
2,2,,0.263804,0.106847,0.629349,,1381600,,
2,2,,0.338346,0.077173,0.584481,,1322100,,
2,2,,0.159039,0.188527,0.652434,,1329500,,
2,2,,0.160658,0.23383,0.605511,,1347500,,
2,2,,0.106363,0.359503,0.534134,,1328000,,
2,2,,0.126064,0.317281,0.556654,,1321900,,
2,2,,0.34261,0.033975,0.623415,,1329700,,
2,2,,0.211881,0.090804,0.697315,,1349000,,
2,2,,0.144731,0.411486,0.443784,,1319600,,
2,2,,0.114267,0.2601,0.625633,,1339100,,
2,2,,0.399154,0.091936,0.50891,,1316300,,
2,2,,0.119587,0.251573,0.628841,,1377600,,
2,2,,0.127824,0.373537,0.498639,,1314700,,
2,2,,0.257206,0.095013,0.647782,,1326400,,
2,2,,0.163382,0.169147,0.667471,,1339900,,
2,2,,0.1407,0.096951,0.762349,,1339200,,
2,2,,0.123514,0.38667,0.489815,,1319800,,
2,2,,0.247662,0.131677,0.620662,,1315200,,
2,2,,0.09619,0.316999,0.586812,,1317400,,
2,2,,0.363452,0.092856,0.543692,,1356700,,
2,2,,0.170751,0.251217,0.578031,,1316900,,
2,2,,0.168133,0.304022,0.527845,,1341200,,
2,2,,0.300675,0.097042,0.602283,,1334900,,
2,2,,0.208559,0.141325,0.650116,,1335200,,
2,2,,0.30562,0.054055,0.640325,,1323800,,
2,2,,0.238676,0.110857,0.650467,,1340600,,
2,2,,0.236038,0.147975,0.615987,,1330700,,
2,2,,0.186483,0.238725,0.574792,,1336000,,
2,2,,0.168103,0.189581,0.642317,,1325200,,
2,2,,0.221926,0.110884,0.66719,,1320000,,
2,2,,0.198237,0.092404,0.709359,,1353200,,
2,2,,0.297529,0.103916,0.598555,,1324400,,
2,1,,0.098335,0.471145,0.430521,,1381800,,
2,2,,0.263327,0.098668,0.638005,,1339100,,
2,1,,0.127536,0.480326,0.392138,,1342400,,
2,2,,0.133476,0.269511,0.597013,,1331900,,
2,2,,0.152415,0.413477,0.434108,,1328600,,
2,2,,0.259811,0.080296,0.659893,,1340600,,
2,2,,0.233179,0.10915,0.657671,,1348200,,
2,2,,0.213654,0.250777,0.535569,,1338000,,
2,2,,0.326504,0.122517,0.550978,,1340100,,
2,2,,0.309893,0.07481,0.615297,,1339300,,
2,2,,0.131727,0.355482,0.51279,,1344400,,
2,2,,0.232509,0.066784,0.700707,,1352500,,
2,2,,0.285095,0.094533,0.620373,,1343900,,
2,2,,0.399154,0.071936,0.52891,,1349200,,
2,2,,0.21284,0.206407,0.580753,,1357000,,
2,2,,0.14457,0.290095,0.565335,,1352100,,
2,2,,0.186177,0.339512,0.474311,,1405500,,
2,2,,0.299522,0.056564,0.643914,,1368300,,
2,2,,0.196918,0.190196,0.612886,,1358000,,
2,2,,0.31194,0.122076,0.565984,,1356400,,
2,2,,0.296178,0.100595,0.603227,,1370700,,
2,2,,0.360435,0.054134,0.58543,,1363600,,
2,2,,0.22193,0.292268,0.485802,,1376100,,
2,2,,0.445071,0.041289,0.513639,,1354300,,
2,2,,0.199062,0.074348,0.72659,,1368200,,
2,2,,0.374569,0.05306,0.572371,,1362300,,
2,2,,0.103462,0.384689,0.511849,,1359900,,
2,1,,0.117178,0.442554,0.440268,,1380400,,
2,2,,0.326877,0.037528,0.635595,,1363900,,
2,2,,0.306995,0.076484,0.616521,,1351600,,
2,2,,0.272832,0.311223,0.415946,,1354700,,
2,2,,0.259757,0.116171,0.624072,,1355000,,
2,2,,0.283461,0.059657,0.656882,,1351100,,
2,2,,0.394382,0.052089,0.553529,,1348500,,
2,2,,0.346608,0.114279,0.539113,,1357700,,
2,1,,0.209714,0.577561,0.212725,,1366800,,
2,2,,0.351539,0.057443,0.591017,,1320600,,
2,2,,0.344027,0.074116,0.581856,,1324800,,
2,2,,0.120123,0.236022,0.643854,,1323700,,
2,2,,0.227083,0.084789,0.688128,,1336200,,
2,1,,0.136993,0.584125,0.278882,,1332400,,
2,2,,0.36269,0.096614,0.540696,,1321900,,
2,2,,0.283469,0.057402,0.659129,,1331800,,
2,2,,0.217088,0.068138,0.714774,,1327200,,
2,2,,0.356735,0.076643,0.566622,,1323900,,
2,2,,0.263352,0.088408,0.64824,,1345600,,
2,2,,0.235655,0.089151,0.675194,,1395000,,
2,2,,0.377076,0.056634,0.56629,,1324300,,
2,2,,0.157339,0.334166,0.508495,,1325700,,
2,2,,0.176073,0.162662,0.661265,,1341500,,
2,2,,0.251051,0.110595,0.638354,,1321400,,
2,2,,0.158826,0.233802,0.607372,,1354500,,
2,1,,0.14532,0.429444,0.425236,,1320100,,
2,2,,0.146096,0.157052,0.696852,,1309900,,
2,2,,0.167707,0.187929,0.644364,,1325600,,
2,2,,0.113088,0.412423,0.47449,,1315200,,
2,1,,0.153644,0.631086,0.21527,,1318100,,
2,2,,0.214816,0.071928,0.713256,,1321300,,
2,1,,0.157477,0.624632,0.217891,,1328800,,
2,2,,0.15807,0.324271,0.517658,,1322300,,
2,2,,0.10818,0.381474,0.510346,,1338900,,
2,1,,0.100573,0.492568,0.406858,,1335000,,
2,2,,0.144323,0.323214,0.532463,,1339100,,
2,2,,0.35427,0.087205,0.558526,,1335300,,
2,2,,0.134588,0.398984,0.466428,,1332800,,
2,2,,0.236355,0.117792,0.645853,,1342500,,
2,2,,0.145053,0.303165,0.551782,,1334500,,
2,2,,0.170291,0.100286,0.729424,,1335100,,
2,2,,0.150222,0.129829,0.719949,,1328700,,
2,1,,0.129453,0.449345,0.421201,,1341700,,
2,2,,0.183636,0.162822,0.653542,,1328900,,
2,2,,0.286987,0.178515,0.534498,,1334700,,
2,0,,0.490249,0.079913,0.429838,,1363700,,
2,2,,0.172446,0.218559,0.608994,,1349900,,
2,2,,0.365651,0.05509,0.579259,,1333000,,
2,2,,0.145958,0.419115,0.434927,,1339100,,
2,2,,0.10544,0.399283,0.495278,,1331800,,
2,2,,0.210979,0.120147,0.668874,,1336800,,
2,2,,0.372365,0.052074,0.575561,,1336700,,
2,2,,0.141266,0.347634,0.5111,,1333100,,
2,2,,0.14889,0.276971,0.574139,,1349400,,
2,2,,0.160457,0.30718,0.532363,,1329300,,
2,2,,0.264266,0.121786,0.613948,,1329400,,
2,2,,0.239305,0.155785,0.60491,,1340600,,
2,2,,0.120976,0.370586,0.508437,,2470500,,
2,2,,0.353068,0.056643,0.590289,,1639400,,
2,2,,0.114408,0.389962,0.495631,,1630500,,
2,2,,0.276442,0.125761,0.597797,,1635800,,
2,2,,0.218291,0.164584,0.617126,,1900800,,
2,2,,0.259619,0.09555,0.644831,,1947100,,
2,2,,0.286995,0.076484,0.636521,,1916500,,
2,2,,0.207471,0.121734,0.670795,,1952000,,
2,2,,0.122245,0.345892,0.531863,,1507800,,
2,2,,0.213622,0.096888,0.68949,,1331300,,
2,1,,0.175445,0.517443,0.307112,,1345000,,
2,2,,0.161558,0.176329,0.662113,,1335100,,
2,2,,0.267096,0.099971,0.632933,,1339900,,
2,2,,0.258622,0.091848,0.649529,,1334500,,
2,2,,0.171217,0.409855,0.418928,,1338700,,
2,2,,0.184894,0.143681,0.671425,,1332100,,
2,2,,0.273932,0.073429,0.652639,,1392500,,
2,1,,0.173375,0.473687,0.352938,,1344600,,
2,2,,0.315486,0.10411,0.580405,,1366100,,
2,2,,0.228509,0.101951,0.66954,,1374600,,
2,2,,0.248455,0.105144,0.646401,,1371900,,
2,2,,0.321452,0.103591,0.574957,,1339100,,
2,2,,0.140163,0.19352,0.666316,,1336500,,
2,2,,0.273543,0.088924,0.637533,,1341800,,
2,2,,0.310273,0.171135,0.518592,,1338400,,
2,2,,0.174634,0.10583,0.719536,,1337100,,
2,2,,0.191742,0.14509,0.663167,,1341100,,
2,2,,0.306995,0.056484,0.636521,,1362000,,
2,2,,0.13505,0.299229,0.565721,,1348800,,
2,2,,0.393792,0.080834,0.525374,,1341100,,
2,2,,0.178238,0.177701,0.644061,,1353400,,
2,2,,0.249958,0.115332,0.63471,,1340800,,
2,2,,0.217493,0.281976,0.50053,,1347800,,
2,2,,0.337535,0.075308,0.587157,,1338600,,
2,2,,0.311827,0.057036,0.631137,,1347000,,
2,2,,0.219971,0.082177,0.697852,,1344200,,
2,2,,0.163105,0.138463,0.698432,,1337600,,
2,1,,0.132936,0.493596,0.373469,,1338200,,
2,1,,0.157465,0.470573,0.371962,,1341900,,
2,1,,0.157678,0.524033,0.31829,,1380000,,
2,2,,0.272313,0.131922,0.595765,,1339800,,
2,2,,0.175521,0.116108,0.708371,,1345000,,
2,2,,0.25804,0.070055,0.671905,,1341700,,
2,2,,0.246692,0.117854,0.635453,,1341000,,
2,2,,0.284338,0.117337,0.598324,,1351400,,
2,2,,0.127541,0.260947,0.611512,,1329400,,
2,2,,0.231455,0.24845,0.520095,,1343900,,
2,2,,0.237578,0.121759,0.640663,,1343200,,
2,1,,0.101468,0.4974,0.401133,,1347900,,
2,2,,0.378674,0.054138,0.567188,,1340400,,
2,2,,0.151215,0.31873,0.530054,,1360200,,
2,2,,0.137486,0.363636,0.498879,,1348900,,
2,2,,0.1863,0.367615,0.446086,,1359800,,
2,2,,0.148737,0.280931,0.570332,,1365700,,
2,2,,0.13392,0.321867,0.544213,,1334900,,
2,2,,0.240812,0.096589,0.662598,,1336600,,
2,2,,0.124469,0.354876,0.520654,,1340600,,
2,2,,0.389774,0.032881,0.577345,,1344400,,
2,2,,0.130157,0.338078,0.531764,,1345600,,
2,2,,0.199905,0.068775,0.73132,,1349400,,
2,2,,0.135724,0.341092,0.523185,,1359400,,
2,2,,0.316256,0.055815,0.62793,,1347200,,
2,2,,0.200952,0.209735,0.589313,,1357700,,
2,2,,0.143145,0.213774,0.643082,,1330900,,
2,2,,0.185505,0.103985,0.710511,,1346500,,
2,2,,0.190526,0.216289,0.593185,,1331000,,
2,2,,0.156048,0.206095,0.637857,,1326400,,
2,2,,0.193091,0.167598,0.639311,,1346600,,
2,2,,0.201336,0.269003,0.52966,,1340900,,
2,2,,0.318737,0.047639,0.633624,,1344600,,
2,2,,0.1826,0.153225,0.664176,,1342300,,
2,2,,0.20803,0.168469,0.623501,,1346000,,
2,2,,0.159564,0.22332,0.617116,,1332300,,
2,2,,0.140436,0.17465,0.684915,,1340900,,
2,2,,0.182622,0.147544,0.669834,,1335600,,
2,2,,0.134124,0.248986,0.616891,,1334100,,
2,2,,0.164716,0.344977,0.490307,,1340600,,
2,2,,0.098105,0.292391,0.609504,,1353500,,
2,2,,0.22478,0.050804,0.724416,,1344100,,
2,1,,0.155321,0.521084,0.323595,,1386200,,
2,2,,0.317966,0.131522,0.550512,,1347200,,
2,2,,0.360783,0.063131,0.576086,,1349900,,
2,2,,0.161948,0.222901,0.615151,,1365500,,
2,2,,0.290008,0.122044,0.587948,,1359800,,
2,2,,0.12973,0.15346,0.71681,,1350800,,
2,2,,0.182836,0.138031,0.679133,,1345700,,
2,2,,0.422313,0.051129,0.526558,,1337000,,
2,2,,0.2861,0.103916,0.609984,,1336100,,
2,2,,0.228947,0.092322,0.678731,,1332800,,
2,2,,0.410973,0.031129,0.557898,,1335200,,
2,2,,0.22862,0.074046,0.697335,,1334100,,
2,2,,0.191284,0.172166,0.63655,,1334600,,
2,2,,0.183836,0.148189,0.667974,,1332400,,
2,2,,0.262149,0.081833,0.656018,,1336900,,
2,1,,0.121764,0.496349,0.381887,,1336900,,
2,2,,0.409214,0.05642,0.534367,,1336900,,
2,2,,0.103689,0.323184,0.573127,,1348700,,
2,2,,0.12387,0.34668,0.529451,,1361200,,
2,2,,0.256206,0.276944,0.46685,,1340000,,
2,2,,0.197799,0.379627,0.422575,,1348200,,
2,2,,0.402873,0.118878,0.478249,,1345200,,
2,2,,0.190755,0.304428,0.504818,,1366500,,
2,2,,0.416522,0.051129,0.532349,,1346800,,
2,2,,0.128929,0.23992,0.631151,,1355200,,
2,2,,0.376093,0.094138,0.529769,,1347300,,
2,1,,0.151471,0.585003,0.263525,,1392100,,
2,2,,0.276946,0.142319,0.580736,,1355100,,
2,1,,0.149666,0.48418,0.366154,,1346400,,
2,1,,0.133816,0.573315,0.292869,,1357500,,
2,2,,0.295653,0.121621,0.582726,,1353000,,
2,2,,0.11903,0.22378,0.65719,,1338600,,
2,2,,0.140309,0.247278,0.612412,,1348800,,
2,1,,0.189114,0.507091,0.303795,,1343600,,
2,2,,0.134574,0.380684,0.484742,,1351600,,
2,2,,0.290089,0.070499,0.639412,,1350500,,
2,2,,0.273671,0.090457,0.635872,,1337800,,
2,2,,0.240531,0.117953,0.641516,,1344600,,
