waveform-noise,CWE,test,2,NANOSECONDS,PREDICTIONS, Generated by ClassifierExperiments.java on 2022-05-17 03:06:48.    SYSTEMPROPERTIES:{user.name:matth,os.arch:amd64,os.name:Windows 10},ENDSYSTEMPROPERTIES
No parameter info
0.7702297702297702,1484369700,1363872600,-1,74936240,3,,-1,-1
0,0,,0.524211,0.404058,0.071731,,1837000,,
0,1,,0.446148,0.491603,0.06225,,1748700,,
0,1,,0.36037,0.548491,0.091139,,1686800,,
0,1,,0.399677,0.438354,0.161969,,1661800,,
0,0,,0.608487,0.083025,0.308488,,1684300,,
0,0,,0.523111,0.336633,0.140255,,1660100,,
0,0,,0.451714,0.227771,0.320515,,1394300,,
0,1,,0.427039,0.551934,0.021027,,1384500,,
0,0,,0.592614,0.390927,0.016459,,1387200,,
0,0,,0.48443,0.103443,0.412128,,1384300,,
0,2,,0.317923,0.296137,0.385941,,1386100,,
0,2,,0.412585,0.042417,0.544998,,1381800,,
0,1,,0.351554,0.38908,0.259366,,1383700,,
0,2,,0.382282,0.093955,0.523763,,1383900,,
0,1,,0.442872,0.499335,0.057793,,1378300,,
0,2,,0.302678,0.102452,0.59487,,1410800,,
0,0,,0.486549,0.182283,0.331167,,1388300,,
0,0,,0.585814,0.148781,0.265405,,1378100,,
0,1,,0.383948,0.600677,0.015376,,1389800,,
0,2,,0.369214,0.045808,0.584978,,1370600,,
0,1,,0.482924,0.492184,0.024891,,1392200,,
0,0,,0.516905,0.330543,0.152552,,1376300,,
0,1,,0.440395,0.5286,0.031005,,1376300,,
0,0,,0.404474,0.354984,0.240543,,1385500,,
0,0,,0.511743,0.049925,0.438332,,1375300,,
0,0,,0.644331,0.220624,0.135045,,1381100,,
0,0,,0.4945,0.177957,0.327543,,1386000,,
0,0,,0.643734,0.172185,0.184081,,1399300,,
0,2,,0.37468,0.070301,0.555019,,1331900,,
0,2,,0.392731,0.082681,0.524588,,1324300,,
0,2,,0.432083,0.055678,0.512239,,1322300,,
0,0,,0.527345,0.455455,0.0172,,1338200,,
0,1,,0.411701,0.562601,0.025698,,1338700,,
0,0,,0.500707,0.33434,0.164953,,1345000,,
0,0,,0.466284,0.406359,0.127357,,1332900,,
0,0,,0.61292,0.192601,0.19448,,1326400,,
0,1,,0.386825,0.547171,0.066004,,1326100,,
0,2,,0.401022,0.059767,0.539211,,1347200,,
0,2,,0.432821,0.055888,0.511292,,1321100,,
0,0,,0.636644,0.205794,0.157562,,1371900,,
0,0,,0.508077,0.117104,0.374819,,1341500,,
0,1,,0.339068,0.616425,0.044507,,1336000,,
0,1,,0.365369,0.619952,0.014679,,1332000,,
0,0,,0.544838,0.415486,0.039676,,1345100,,
0,1,,0.42701,0.554814,0.018176,,1336600,,
0,0,,0.674341,0.231585,0.094074,,1338300,,
0,1,,0.430404,0.488757,0.080839,,1348600,,
0,2,,0.405719,0.050742,0.543539,,1348000,,
0,2,,0.356235,0.184202,0.459563,,1344000,,
0,0,,0.508476,0.270708,0.220815,,1356900,,
0,0,,0.407965,0.369777,0.222258,,1349100,,
0,2,,0.311447,0.041569,0.646985,,1364200,,
0,1,,0.472126,0.488747,0.039127,,1346900,,
0,0,,0.566725,0.219169,0.214106,,1338900,,
0,2,,0.282148,0.123919,0.593933,,1351000,,
0,2,,0.418707,0.052055,0.529238,,1344200,,
0,0,,0.505049,0.201879,0.293072,,1351900,,
0,1,,0.309694,0.668243,0.022063,,1352600,,
0,0,,0.590363,0.162613,0.247024,,1342200,,
0,1,,0.349224,0.598787,0.051989,,1343500,,
0,0,,0.571012,0.28014,0.148847,,1356600,,
0,2,,0.355775,0.155536,0.488689,,1369900,,
0,1,,0.397219,0.546386,0.056395,,1362000,,
0,2,,0.329418,0.088809,0.581773,,1345300,,
0,0,,0.661289,0.23133,0.107381,,1352400,,
0,0,,0.378589,0.315924,0.305487,,1346200,,
0,0,,0.561695,0.293837,0.144468,,1346000,,
0,0,,0.525632,0.083472,0.390895,,1343500,,
0,2,,0.385793,0.044549,0.569657,,1340100,,
0,1,,0.446807,0.481094,0.072098,,1348000,,
0,2,,0.434799,0.045662,0.519538,,1346000,,
0,1,,0.464569,0.520084,0.015347,,1355500,,
0,1,,0.350895,0.56887,0.080235,,1353300,,
0,1,,0.365758,0.619105,0.015137,,1358800,,
0,2,,0.345541,0.049481,0.604978,,1350100,,
0,2,,0.340454,0.027909,0.631637,,1348200,,
0,0,,0.413168,0.296389,0.290442,,1344800,,
0,1,,0.445295,0.509108,0.045597,,1356100,,
0,1,,0.315383,0.652169,0.032448,,1347200,,
0,2,,0.344353,0.046742,0.608904,,1360200,,
0,1,,0.395739,0.507997,0.096263,,1371500,,
0,0,,0.52255,0.460696,0.016754,,1345600,,
0,1,,0.458156,0.509133,0.032711,,1359500,,
0,2,,0.349796,0.064152,0.586052,,1351600,,
0,2,,0.406408,0.05335,0.540242,,1362200,,
0,1,,0.39295,0.590903,0.016147,,1335800,,
0,2,,0.446904,0.04045,0.512646,,1341500,,
0,0,,0.66287,0.186587,0.150542,,1342100,,
0,0,,0.688491,0.222972,0.088537,,1331200,,
0,0,,0.47449,0.106921,0.418589,,1338000,,
0,2,,0.237391,0.119342,0.643267,,1335100,,
0,2,,0.457014,0.073912,0.469074,,1325700,,
0,2,,0.399877,0.059889,0.540234,,1334800,,
0,0,,0.477953,0.049282,0.472764,,1347100,,
0,0,,0.619019,0.222327,0.158654,,1337800,,
0,0,,0.513359,0.047618,0.439023,,1345200,,
0,1,,0.474955,0.495671,0.029374,,1414000,,
0,0,,0.598438,0.301248,0.100314,,1359200,,
0,1,,0.386067,0.592223,0.021711,,1351700,,
0,2,,0.45314,0.052624,0.494236,,1347500,,
0,0,,0.485001,0.472933,0.042066,,1352800,,
0,0,,0.47328,0.264236,0.262484,,1347000,,
0,1,,0.428165,0.454805,0.11703,,1350800,,
0,0,,0.545706,0.246438,0.207857,,1358700,,
0,0,,0.488322,0.331864,0.179814,,1373900,,
0,0,,0.527417,0.123741,0.348842,,1346500,,
0,2,,0.369331,0.05368,0.576989,,1361800,,
0,0,,0.644957,0.204211,0.150832,,1372600,,
0,1,,0.388533,0.593077,0.01839,,1345400,,
0,2,,0.288838,0.043376,0.667786,,1359600,,
0,0,,0.532389,0.291808,0.175803,,1352900,,
0,2,,0.384227,0.028997,0.586776,,1353600,,
0,1,,0.349991,0.588958,0.061051,,1355400,,
0,0,,0.405053,0.202878,0.392069,,1353000,,
0,2,,0.364091,0.063881,0.572028,,1352800,,
0,0,,0.466237,0.075996,0.457767,,1359100,,
0,0,,0.53907,0.266456,0.194474,,1349900,,
0,2,,0.2942,0.048369,0.657431,,1344700,,
0,1,,0.430162,0.533924,0.035914,,1341200,,
0,2,,0.277336,0.058689,0.663975,,1336700,,
0,0,,0.527108,0.122183,0.350709,,1347800,,
0,1,,0.483879,0.496089,0.020032,,1353800,,
0,0,,0.5332,0.315922,0.150878,,1345200,,
0,1,,0.378909,0.605875,0.015216,,1349100,,
0,0,,0.507426,0.123251,0.369323,,1350200,,
0,0,,0.557201,0.392569,0.05023,,1340000,,
0,1,,0.359275,0.609108,0.031617,,1354800,,
0,1,,0.34461,0.639218,0.016172,,1332800,,
0,0,,0.558282,0.125586,0.316133,,1346900,,
0,2,,0.410326,0.105492,0.484181,,1358700,,
0,0,,0.447423,0.155392,0.397185,,1375400,,
0,0,,0.514243,0.120405,0.365352,,1349200,,
0,0,,0.554432,0.249405,0.196163,,1347900,,
0,0,,0.503833,0.051867,0.4443,,1340900,,
0,1,,0.382566,0.571606,0.045828,,1360700,,
0,0,,0.608094,0.149715,0.242192,,1351900,,
0,1,,0.364903,0.620581,0.014516,,1344800,,
0,1,,0.442352,0.47944,0.078208,,1376200,,
0,1,,0.278004,0.648167,0.073829,,1339500,,
0,2,,0.333586,0.065115,0.601299,,1342500,,
0,0,,0.692217,0.135182,0.172601,,1344400,,
0,0,,0.520815,0.265924,0.213261,,1370000,,
0,0,,0.652937,0.153138,0.193926,,1347200,,
0,0,,0.510393,0.396438,0.093169,,1354900,,
0,0,,0.648986,0.247016,0.103997,,1350100,,
0,2,,0.367387,0.132233,0.50038,,1341300,,
0,2,,0.409631,0.075904,0.514465,,1348600,,
0,0,,0.45607,0.438326,0.105605,,1350600,,
0,0,,0.431705,0.153842,0.414453,,1361900,,
0,1,,0.399635,0.525741,0.074624,,1345000,,
0,0,,0.523766,0.08897,0.387264,,1350300,,
0,1,,0.365334,0.622405,0.012261,,1352000,,
0,2,,0.404246,0.060272,0.535482,,1337400,,
0,1,,0.334156,0.649991,0.015852,,1372800,,
0,0,,0.541548,0.109662,0.34879,,1359200,,
0,2,,0.422504,0.05759,0.519907,,1343900,,
0,2,,0.433061,0.132067,0.434871,,1346800,,
0,1,,0.402824,0.461863,0.135313,,1358100,,
0,1,,0.46069,0.508444,0.030866,,1353800,,
0,0,,0.479164,0.186226,0.33461,,1345200,,
0,0,,0.648141,0.230469,0.12139,,1374500,,
0,0,,0.665602,0.29152,0.042879,,1349300,,
0,2,,0.349209,0.076871,0.573921,,1343500,,
0,0,,0.570661,0.320162,0.109177,,1349000,,
0,0,,0.632303,0.165864,0.201834,,1344700,,
0,0,,0.609155,0.22203,0.168814,,1364500,,
0,0,,0.661672,0.232982,0.105346,,1351400,,
0,0,,0.436297,0.366863,0.19684,,1342000,,
0,0,,0.587221,0.377515,0.035263,,1356000,,
0,0,,0.420958,0.17277,0.406272,,1340200,,
0,0,,0.521257,0.321896,0.156847,,1337700,,
0,0,,0.494339,0.211076,0.294585,,1361400,,
0,1,,0.413077,0.553863,0.03306,,1344900,,
0,1,,0.424798,0.487557,0.087645,,1347300,,
0,2,,0.408155,0.068586,0.523259,,1347600,,
0,1,,0.461695,0.503017,0.035288,,1344700,,
0,2,,0.428612,0.023363,0.548025,,1351500,,
0,0,,0.631568,0.171804,0.196628,,1382400,,
0,0,,0.522902,0.05204,0.425058,,1363900,,
0,0,,0.4765,0.396199,0.127301,,1356200,,
0,0,,0.57663,0.053438,0.369933,,1357200,,
0,0,,0.578759,0.116698,0.304543,,1355400,,
0,2,,0.327188,0.078145,0.594666,,1364600,,
0,0,,0.613362,0.249066,0.137572,,1353000,,
0,2,,0.304781,0.092452,0.602767,,1348300,,
0,0,,0.61744,0.267371,0.115188,,1354500,,
0,0,,0.605452,0.150181,0.244367,,1343000,,
0,0,,0.53566,0.441013,0.023327,,1355300,,
0,0,,0.520799,0.128727,0.350474,,1376000,,
0,2,,0.389745,0.022531,0.587724,,1354700,,
0,0,,0.47867,0.39948,0.12185,,1349700,,
0,2,,0.25285,0.094585,0.652566,,1355400,,
0,1,,0.390012,0.596023,0.013965,,1351000,,
0,2,,0.466229,0.045806,0.487965,,1357400,,
0,0,,0.730656,0.225065,0.044278,,1350500,,
0,1,,0.282046,0.667926,0.050028,,1362100,,
0,0,,0.552082,0.066463,0.381455,,1364200,,
0,1,,0.288063,0.641436,0.0705,,1346200,,
0,0,,0.571277,0.035398,0.393325,,1356000,,
0,0,,0.548618,0.221193,0.23019,,1377300,,
0,0,,0.555004,0.198244,0.246751,,1356000,,
0,1,,0.41884,0.551352,0.029807,,1352000,,
0,0,,0.607203,0.342776,0.050021,,1366400,,
0,0,,0.70052,0.27059,0.02889,,1377700,,
0,2,,0.424211,0.099849,0.47594,,1367900,,
0,0,,0.685242,0.168736,0.146021,,1377000,,
0,0,,0.520896,0.099775,0.379329,,1373000,,
0,0,,0.523809,0.105779,0.370412,,1370600,,
0,0,,0.532324,0.221952,0.245723,,1364800,,
0,0,,0.584572,0.162734,0.252694,,1374600,,
0,2,,0.435892,0.06108,0.503027,,1398100,,
0,0,,0.436716,0.185569,0.377715,,1360500,,
0,0,,0.491361,0.414334,0.094306,,1374700,,
0,0,,0.514281,0.47046,0.015259,,1379900,,
0,1,,0.29628,0.561568,0.142152,,1360000,,
0,1,,0.457606,0.495376,0.047019,,1384000,,
0,0,,0.453985,0.13059,0.415426,,1375300,,
0,1,,0.481613,0.50086,0.017527,,1344900,,
0,1,,0.421715,0.469606,0.108678,,1354400,,
0,0,,0.64077,0.158544,0.200685,,1343800,,
0,2,,0.380714,0.144029,0.475257,,1348100,,
0,0,,0.521026,0.263295,0.215679,,1354200,,
0,1,,0.35922,0.584333,0.056447,,1375100,,
0,1,,0.387042,0.598646,0.014313,,1348700,,
0,1,,0.432355,0.526967,0.040678,,1363700,,
0,1,,0.383077,0.585975,0.030947,,1362200,,
0,1,,0.379815,0.570248,0.049937,,1357600,,
0,2,,0.431939,0.113352,0.454708,,1358600,,
0,0,,0.462242,0.296892,0.240867,,1352000,,
0,1,,0.359662,0.534009,0.10633,,1357400,,
0,1,,0.358746,0.628406,0.012848,,1361900,,
0,0,,0.573878,0.063606,0.362517,,1359000,,
0,2,,0.362787,0.148366,0.488847,,1357300,,
0,0,,0.494613,0.489695,0.015692,,1356800,,
0,1,,0.457477,0.484152,0.058371,,1385300,,
0,0,,0.541445,0.441306,0.017249,,1360600,,
0,0,,0.436138,0.333628,0.230234,,1351500,,
0,1,,0.482927,0.501141,0.015933,,1363500,,
0,0,,0.593733,0.318438,0.08783,,1356300,,
0,0,,0.734761,0.160498,0.104741,,1357400,,
0,0,,0.486159,0.339011,0.17483,,1351300,,
0,0,,0.471434,0.110041,0.418525,,1359200,,
0,0,,0.515358,0.33925,0.145391,,1357400,,
0,1,,0.382496,0.446928,0.170576,,1353900,,
0,0,,0.461148,0.458088,0.080764,,1352200,,
0,0,,0.488071,0.435707,0.076222,,1346200,,
0,0,,0.512379,0.472986,0.014635,,1373500,,
0,2,,0.304775,0.045221,0.650004,,1358400,,
0,0,,0.615161,0.266156,0.118683,,1359500,,
0,0,,0.582481,0.084727,0.332792,,1354800,,
0,0,,0.412297,0.349553,0.238151,,1356200,,
0,2,,0.318249,0.081376,0.600375,,1353300,,
0,2,,0.459281,0.047099,0.49362,,1359100,,
0,2,,0.436942,0.122169,0.440889,,1353600,,
0,0,,0.484918,0.457401,0.057681,,1361200,,
0,0,,0.452825,0.433194,0.113981,,1357000,,
0,0,,0.419039,0.393343,0.187619,,1355700,,
0,0,,0.433007,0.204398,0.362595,,1379800,,
0,0,,0.615629,0.147345,0.237026,,1348700,,
0,0,,0.502229,0.108838,0.388933,,1367100,,
0,0,,0.563208,0.150524,0.286268,,1361700,,
0,0,,0.547294,0.312795,0.13991,,1354300,,
0,1,,0.331072,0.653791,0.015137,,1349100,,
0,1,,0.42749,0.43605,0.13646,,1352700,,
0,1,,0.380374,0.558463,0.061163,,1354400,,
0,1,,0.346045,0.558073,0.095882,,1351100,,
0,0,,0.507377,0.479576,0.013047,,1348400,,
0,2,,0.45439,0.061011,0.484598,,1351000,,
0,2,,0.422703,0.084448,0.492848,,1350900,,
0,0,,0.777891,0.121956,0.100152,,1371000,,
0,0,,0.505003,0.479028,0.01597,,1360600,,
0,1,,0.426202,0.530648,0.04315,,1362300,,
0,0,,0.532689,0.092718,0.374593,,1345400,,
0,1,,0.293695,0.539803,0.166502,,1360100,,
0,2,,0.467182,0.052344,0.480474,,1359700,,
0,0,,0.424117,0.228635,0.347248,,1356800,,
0,0,,0.490772,0.360146,0.149082,,1363600,,
0,2,,0.372986,0.102311,0.524703,,1362900,,
0,0,,0.579557,0.239947,0.180496,,1352200,,
0,0,,0.591513,0.369425,0.039061,,1359400,,
0,0,,0.468352,0.069519,0.46213,,1364900,,
0,0,,0.497999,0.332671,0.16933,,1365400,,
0,1,,0.453402,0.507731,0.038868,,1348900,,
0,0,,0.489665,0.055415,0.45492,,1362900,,
0,1,,0.355349,0.559979,0.084672,,1350800,,
0,0,,0.498071,0.162182,0.339748,,1353200,,
0,0,,0.509681,0.451248,0.039072,,1356200,,
0,1,,0.258473,0.603007,0.13852,,1344300,,
0,0,,0.522343,0.020293,0.457364,,1359400,,
0,1,,0.271709,0.689231,0.03906,,1362700,,
0,0,,0.497503,0.074497,0.428,,1351200,,
0,1,,0.351127,0.629158,0.019715,,1377100,,
0,1,,0.288072,0.628451,0.083476,,1363700,,
0,0,,0.497394,0.482064,0.020542,,1351100,,
0,2,,0.325724,0.049038,0.625239,,1353800,,
0,1,,0.481279,0.502797,0.015924,,1353600,,
0,0,,0.504836,0.04678,0.448384,,1351200,,
0,0,,0.510937,0.071458,0.417605,,1358800,,
0,2,,0.469689,0.059255,0.471056,,1354400,,
0,0,,0.545796,0.087606,0.366598,,1359600,,
0,1,,0.384898,0.533911,0.081191,,1351800,,
0,2,,0.401131,0.142315,0.456554,,1359900,,
0,0,,0.417075,0.410731,0.172193,,1375300,,
0,0,,0.531397,0.396786,0.071818,,1365900,,
0,1,,0.474528,0.510067,0.015405,,1354000,,
0,1,,0.431312,0.525952,0.042736,,1365800,,
0,0,,0.607348,0.229365,0.163287,,1359200,,
0,1,,0.356233,0.627381,0.016385,,1348000,,
0,2,,0.335425,0.128475,0.5361,,1358100,,
0,1,,0.429072,0.470365,0.100562,,1346500,,
0,1,,0.410924,0.472655,0.116422,,1343800,,
0,2,,0.459839,0.04556,0.494601,,1364100,,
0,1,,0.417749,0.461085,0.121166,,1359800,,
0,0,,0.519935,0.43983,0.040235,,1388800,,
0,2,,0.464879,0.029985,0.505136,,1360400,,
0,0,,0.462296,0.39698,0.140724,,1351000,,
0,0,,0.432013,0.137192,0.430795,,1348500,,
0,0,,0.551108,0.0659,0.382992,,1342500,,
0,0,,0.631135,0.347289,0.021577,,1345100,,
0,0,,0.505922,0.45821,0.035868,,1347100,,
0,0,,0.470007,0.464132,0.065861,,1357200,,
0,0,,0.541213,0.423409,0.035378,,1359000,,
0,2,,0.374371,0.220376,0.405253,,1353500,,
0,2,,0.34346,0.071439,0.585102,,1349500,,
0,0,,0.405146,0.390772,0.204081,,1354100,,
0,1,,0.354563,0.536369,0.109067,,1399100,,
0,2,,0.402902,0.071385,0.525713,,1351600,,
0,1,,0.464322,0.471733,0.063946,,1363000,,
0,0,,0.600399,0.276389,0.123212,,1348400,,
0,0,,0.488819,0.456613,0.054568,,1347900,,
0,0,,0.660693,0.217893,0.121415,,1357200,,
0,1,,0.38776,0.478744,0.133496,,1348100,,
0,0,,0.472986,0.415011,0.112004,,1339600,,
0,1,,0.443756,0.444522,0.111722,,1353800,,
0,2,,0.31007,0.112669,0.577262,,1347900,,
0,1,,0.433328,0.455723,0.11095,,1347700,,
0,0,,0.5055,0.478808,0.015692,,1366600,,
0,2,,0.426291,0.062249,0.51146,,1406400,,
0,2,,0.356487,0.060623,0.582889,,1348300,,
1,1,,0.281797,0.543245,0.174958,,1350800,,
1,2,,0.131812,0.423294,0.444894,,1350300,,
1,1,,0.230182,0.532254,0.237564,,1349300,,
1,1,,0.169842,0.541416,0.288742,,1352600,,
1,1,,0.295777,0.658772,0.045452,,1345400,,
1,1,,0.206995,0.682011,0.110994,,1356000,,
1,1,,0.282883,0.695465,0.021652,,1355700,,
1,1,,0.218548,0.703388,0.078064,,1344600,,
1,1,,0.154657,0.507342,0.338001,,1368300,,
1,1,,0.33679,0.632457,0.030753,,1345300,,
1,1,,0.379844,0.586866,0.03329,,1368900,,
1,1,,0.337253,0.638782,0.023965,,1357300,,
1,1,,0.263758,0.615515,0.120727,,1347400,,
1,1,,0.191418,0.69379,0.114792,,1348000,,
1,1,,0.375933,0.562323,0.061744,,1370500,,
1,1,,0.253519,0.589793,0.156687,,1354600,,
1,2,,0.089212,0.401336,0.509453,,1361900,,
1,2,,0.161835,0.418813,0.419352,,1357100,,
1,1,,0.358632,0.617429,0.023938,,1346300,,
1,1,,0.115772,0.442654,0.441573,,1370400,,
1,1,,0.394221,0.590851,0.014928,,1354100,,
1,1,,0.295985,0.540795,0.16322,,1683900,,
1,1,,0.222639,0.673918,0.103443,,1657500,,
1,1,,0.261672,0.702924,0.035404,,1700200,,
1,1,,0.369648,0.595372,0.03498,,1920400,,
1,1,,0.27226,0.664328,0.063411,,1930500,,
1,1,,0.201298,0.67962,0.119082,,1929300,,
1,1,,0.3941,0.593319,0.012581,,1918200,,
1,1,,0.284949,0.659191,0.05586,,1943200,,
1,1,,0.254304,0.718542,0.027154,,1400000,,
1,1,,0.411728,0.559463,0.028809,,1339000,,
1,1,,0.37215,0.561655,0.066195,,1352000,,
1,1,,0.16018,0.773263,0.066557,,1353100,,
1,1,,0.30201,0.636506,0.061484,,1350800,,
1,1,,0.289694,0.669429,0.040877,,1351500,,
1,1,,0.194112,0.663532,0.142356,,1348700,,
1,1,,0.481935,0.503049,0.015016,,1353100,,
1,1,,0.245706,0.662648,0.091646,,1354400,,
1,1,,0.238553,0.610122,0.151325,,1359500,,
1,1,,0.211898,0.691636,0.096466,,1369000,,
1,1,,0.313649,0.672636,0.013715,,1353900,,
1,1,,0.205537,0.752673,0.04179,,1355400,,
1,1,,0.323224,0.584537,0.092239,,1346900,,
1,1,,0.245061,0.63018,0.124758,,1347400,,
1,1,,0.104177,0.52168,0.374143,,1367000,,
1,1,,0.273266,0.673354,0.05338,,1359600,,
1,1,,0.225291,0.613423,0.161286,,1368600,,
1,2,,0.093436,0.368168,0.538397,,1352300,,
1,1,,0.131988,0.547545,0.320468,,1358000,,
1,1,,0.372245,0.58818,0.039575,,1356600,,
1,1,,0.140797,0.430842,0.42836,,1394200,,
1,2,,0.089619,0.377531,0.53285,,1343900,,
1,1,,0.227197,0.591185,0.181618,,1343300,,
1,1,,0.323863,0.552543,0.123594,,1352600,,
1,1,,0.159021,0.703695,0.137284,,1355000,,
1,1,,0.333797,0.622097,0.044106,,1350200,,
1,1,,0.344991,0.609967,0.045042,,1356600,,
1,1,,0.184378,0.752228,0.063394,,1351200,,
1,1,,0.195022,0.671202,0.133776,,1346800,,
1,1,,0.265507,0.715646,0.018847,,1355700,,
1,1,,0.278016,0.586605,0.135379,,1361400,,
1,1,,0.23502,0.610485,0.154495,,1353000,,
1,1,,0.283967,0.595763,0.120269,,1360400,,
1,1,,0.123004,0.531321,0.345675,,1356100,,
1,1,,0.271234,0.649398,0.079368,,1352600,,
1,1,,0.247365,0.721221,0.031414,,1349400,,
1,1,,0.276063,0.69066,0.033278,,1351700,,
1,1,,0.220801,0.684046,0.095152,,1361500,,
1,1,,0.417919,0.568871,0.013209,,1358900,,
1,1,,0.233169,0.747076,0.019755,,1353100,,
1,1,,0.373402,0.42543,0.201167,,1352600,,
1,1,,0.28616,0.668295,0.045546,,1354200,,
1,1,,0.286285,0.624909,0.088806,,1358700,,
1,1,,0.402928,0.488073,0.108999,,1349000,,
1,2,,0.145923,0.372185,0.481892,,1354800,,
1,1,,0.28497,0.686569,0.028461,,1347800,,
1,1,,0.139639,0.650069,0.210293,,1353900,,
1,2,,0.156559,0.403382,0.440059,,1353600,,
1,1,,0.130528,0.462027,0.407445,,1359700,,
1,1,,0.305306,0.525909,0.168785,,1351200,,
1,1,,0.281629,0.626162,0.092209,,1354300,,
1,1,,0.233211,0.657236,0.109553,,1354900,,
1,1,,0.372584,0.607842,0.019574,,1362300,,
1,1,,0.13568,0.557124,0.307197,,1367900,,
1,1,,0.27681,0.589184,0.134006,,1351700,,
1,1,,0.423684,0.5294,0.046916,,1351200,,
1,1,,0.318754,0.574175,0.10707,,1350100,,
1,1,,0.231542,0.660516,0.107943,,1361900,,
1,1,,0.231362,0.450221,0.318417,,1356800,,
1,2,,0.156929,0.373183,0.469888,,1357500,,
1,1,,0.271677,0.649298,0.079025,,1365200,,
1,1,,0.384273,0.598143,0.017583,,1352800,,
1,1,,0.30159,0.684219,0.014191,,1347800,,
1,1,,0.240734,0.727164,0.032102,,1353400,,
1,1,,0.360282,0.625085,0.014633,,1359300,,
1,1,,0.408268,0.571209,0.020523,,1363300,,
1,2,,0.134188,0.37386,0.491952,,1354800,,
1,1,,0.187358,0.624017,0.188625,,1352100,,
1,1,,0.073528,0.593737,0.332734,,1357800,,
1,2,,0.092308,0.406722,0.50097,,1352300,,
1,1,,0.279253,0.668837,0.05191,,1353600,,
1,1,,0.140044,0.513911,0.346045,,1352400,,
1,1,,0.17137,0.47846,0.35017,,1356400,,
1,1,,0.384314,0.56808,0.047606,,1355100,,
1,2,,0.135684,0.416756,0.44756,,1361500,,
1,1,,0.315059,0.416396,0.268545,,1363000,,
1,1,,0.200671,0.730857,0.068472,,1360700,,
1,1,,0.474428,0.511736,0.013836,,1351700,,
1,1,,0.201585,0.464329,0.334086,,1348200,,
1,2,,0.142322,0.413402,0.444276,,1354700,,
1,1,,0.373743,0.613093,0.013164,,1356600,,
1,1,,0.187796,0.689813,0.122391,,1355400,,
1,1,,0.232502,0.659854,0.107644,,1363800,,
1,1,,0.195524,0.654304,0.150172,,1358500,,
1,1,,0.196428,0.689651,0.11392,,1355100,,
1,1,,0.215875,0.575497,0.208628,,1356100,,
1,1,,0.356921,0.628002,0.015077,,1358400,,
1,1,,0.098106,0.479959,0.421936,,1354200,,
1,1,,0.412537,0.572535,0.014928,,1352400,,
1,1,,0.420385,0.567433,0.012181,,1357600,,
1,1,,0.206588,0.66868,0.124732,,1347500,,
1,1,,0.264789,0.61782,0.117391,,1350600,,
1,1,,0.167224,0.553854,0.278922,,1352500,,
1,1,,0.481151,0.505093,0.013756,,1349300,,
1,1,,0.221883,0.546204,0.231913,,1356100,,
1,1,,0.250854,0.613628,0.135518,,1354300,,
1,1,,0.171513,0.557971,0.270516,,1355600,,
1,1,,0.324317,0.599874,0.075808,,1377100,,
1,1,,0.161149,0.635281,0.20357,,1354500,,
1,1,,0.130704,0.616429,0.252867,,1360500,,
1,1,,0.212611,0.758466,0.028923,,1352700,,
1,1,,0.324283,0.585741,0.089976,,1357900,,
1,1,,0.223269,0.759027,0.017704,,1357300,,
1,1,,0.342894,0.626521,0.030585,,1356400,,
1,1,,0.471309,0.509426,0.019265,,1377000,,
1,1,,0.33731,0.565532,0.097159,,1357900,,
1,1,,0.166168,0.708865,0.124967,,1353300,,
1,1,,0.420979,0.530809,0.048212,,1354900,,
1,1,,0.202638,0.651181,0.146181,,1357000,,
1,1,,0.195382,0.77292,0.031698,,1352600,,
1,1,,0.436802,0.542325,0.020874,,1354600,,
1,1,,0.156635,0.632475,0.210891,,1356300,,
1,1,,0.229,0.5363,0.2347,,1355100,,
1,1,,0.319519,0.565063,0.115418,,1358600,,
1,1,,0.416793,0.50753,0.075677,,1352000,,
1,1,,0.392809,0.59285,0.014341,,1355100,,
1,1,,0.203835,0.660145,0.136021,,1353900,,
1,1,,0.328385,0.56491,0.106705,,1351400,,
1,1,,0.218957,0.553123,0.227921,,1356000,,
1,1,,0.171295,0.596958,0.231746,,1364100,,
1,1,,0.283481,0.591045,0.125474,,1357100,,
1,1,,0.241789,0.713988,0.044223,,1352200,,
1,1,,0.24586,0.606003,0.148137,,1354800,,
1,1,,0.222743,0.63963,0.137626,,1350300,,
1,2,,0.145931,0.33042,0.523649,,1358000,,
1,1,,0.289373,0.455849,0.254778,,1357000,,
1,1,,0.27527,0.546447,0.178283,,1365100,,
1,1,,0.431958,0.555861,0.012181,,1363800,,
1,1,,0.260624,0.628334,0.111042,,1364000,,
1,1,,0.150882,0.450618,0.3985,,1372900,,
1,1,,0.242812,0.614814,0.142373,,1368800,,
1,2,,0.125165,0.381799,0.493036,,1369700,,
1,1,,0.206993,0.593197,0.199809,,1361900,,
1,1,,0.225147,0.586824,0.18803,,1368800,,
1,1,,0.252114,0.687045,0.060842,,1366900,,
1,1,,0.398912,0.588003,0.013085,,1356100,,
1,1,,0.15052,0.468914,0.380567,,1360700,,
1,1,,0.156889,0.727664,0.115447,,1352200,,
1,1,,0.112666,0.454332,0.433001,,1384500,,
1,2,,0.121825,0.364595,0.513581,,1353400,,
1,1,,0.2438,0.693271,0.062929,,1351400,,
1,1,,0.19401,0.655497,0.150493,,1357500,,
1,1,,0.267031,0.649769,0.083199,,1343000,,
1,1,,0.17533,0.689452,0.135218,,1344900,,
1,2,,0.160249,0.23473,0.605021,,1345000,,
1,1,,0.306812,0.648327,0.044861,,1345300,,
1,2,,0.092277,0.415477,0.492246,,1338200,,
1,1,,0.138137,0.49707,0.364794,,1343800,,
1,1,,0.174195,0.626918,0.198887,,1352600,,
1,1,,0.332808,0.634107,0.033085,,1345700,,
1,1,,0.117382,0.522108,0.360511,,1355500,,
1,1,,0.17522,0.606813,0.217967,,1340700,,
1,1,,0.257283,0.701919,0.040799,,1342800,,
1,1,,0.128688,0.457802,0.41351,,1346500,,
1,1,,0.270061,0.636047,0.093892,,1342800,,
1,1,,0.143019,0.514418,0.342563,,1361300,,
1,1,,0.235767,0.686038,0.078195,,1342400,,
1,1,,0.184444,0.733271,0.082285,,1339100,,
1,1,,0.244788,0.629346,0.125866,,1342300,,
1,1,,0.305896,0.678968,0.015137,,1340400,,
1,1,,0.285319,0.570126,0.144555,,1343500,,
1,1,,0.373241,0.568841,0.057917,,1346700,,
1,1,,0.128886,0.727722,0.143393,,1341000,,
1,1,,0.15986,0.556376,0.283765,,1351600,,
1,1,,0.153527,0.595849,0.250624,,1374200,,
1,1,,0.387414,0.58541,0.027176,,1339600,,
1,1,,0.206674,0.663271,0.130054,,1338700,,
1,1,,0.15139,0.601454,0.247156,,1343500,,
1,1,,0.342404,0.618344,0.039252,,1342500,,
1,1,,0.180053,0.579601,0.240346,,1340400,,
1,1,,0.41576,0.527308,0.056932,,1346800,,
1,1,,0.256335,0.507074,0.236591,,1358900,,
1,1,,0.303133,0.675871,0.020996,,1341000,,
1,1,,0.391962,0.594709,0.013328,,1344900,,
1,1,,0.222085,0.532792,0.245123,,1345000,,
1,2,,0.136601,0.41494,0.44846,,1352000,,
1,1,,0.316377,0.615985,0.067639,,1348200,,
1,1,,0.278581,0.635081,0.086338,,1350400,,
1,1,,0.221603,0.662014,0.116383,,1341600,,
1,1,,0.107609,0.504636,0.387756,,1347800,,
1,1,,0.212825,0.758999,0.028176,,1341000,,
1,2,,0.190001,0.358326,0.451673,,1344200,,
1,1,,0.321663,0.523371,0.154966,,1338400,,
1,1,,0.175971,0.67729,0.146739,,1340500,,
1,2,,0.097488,0.44625,0.456262,,1344200,,
1,1,,0.208387,0.724341,0.067272,,1362400,,
1,1,,0.355653,0.607512,0.036835,,1354300,,
1,2,,0.130702,0.331413,0.537885,,1350900,,
1,1,,0.231398,0.518633,0.249969,,1340800,,
1,2,,0.178466,0.322003,0.499531,,1342200,,
1,1,,0.134075,0.454743,0.411181,,1340900,,
1,2,,0.178994,0.378287,0.442719,,1343100,,
1,1,,0.418517,0.555503,0.02598,,1350100,,
1,1,,0.186518,0.742248,0.071234,,1357000,,
1,1,,0.170743,0.73721,0.092047,,1343000,,
1,1,,0.239917,0.742379,0.017704,,1341000,,
1,1,,0.327538,0.580034,0.092428,,1342500,,
1,1,,0.209265,0.664957,0.125778,,1356700,,
1,1,,0.309951,0.580471,0.109578,,1340900,,
1,1,,0.144098,0.585979,0.269923,,1349100,,
1,1,,0.247585,0.617793,0.134622,,1342000,,
1,1,,0.134152,0.508103,0.357745,,1339900,,
1,1,,0.321705,0.587703,0.090592,,1343100,,
1,1,,0.422593,0.489274,0.088133,,1338000,,
1,1,,0.209537,0.621217,0.169245,,1339800,,
1,1,,0.135568,0.613187,0.251245,,1345800,,
1,1,,0.17274,0.561536,0.265725,,1338700,,
1,1,,0.223326,0.625526,0.151148,,1357000,,
1,1,,0.246738,0.718786,0.034476,,1352800,,
1,1,,0.202845,0.717874,0.079281,,1348600,,
1,1,,0.157883,0.730545,0.111572,,1340200,,
1,1,,0.37176,0.613805,0.014435,,1339600,,
1,1,,0.351529,0.6221,0.026372,,1336900,,
1,1,,0.38151,0.601809,0.016681,,1340900,,
1,1,,0.180289,0.717521,0.10219,,1340700,,
1,2,,0.150143,0.41046,0.439397,,1351600,,
1,1,,0.154985,0.577493,0.267522,,1345900,,
1,1,,0.314683,0.622248,0.063069,,1342800,,
1,1,,0.195021,0.518271,0.286708,,1340500,,
1,1,,0.366096,0.555986,0.077918,,1341300,,
1,1,,0.132293,0.471315,0.396392,,1340100,,
1,1,,0.350139,0.63163,0.018231,,1355700,,
1,1,,0.170127,0.497439,0.332433,,1345200,,
1,1,,0.165396,0.643781,0.190823,,1339600,,
1,1,,0.237678,0.599742,0.16258,,1340800,,
1,1,,0.233886,0.479409,0.286705,,1348000,,
1,1,,0.379443,0.601657,0.0189,,1335100,,
1,1,,0.23905,0.678641,0.082309,,1335300,,
1,1,,0.210172,0.598895,0.190932,,1341400,,
1,1,,0.153872,0.608294,0.237834,,1345900,,
1,1,,0.138464,0.536104,0.325432,,1352800,,
1,1,,0.284469,0.699462,0.016069,,1350300,,
1,1,,0.125993,0.597318,0.276688,,1345900,,
1,1,,0.219401,0.572381,0.208218,,1342000,,
1,1,,0.389833,0.571589,0.038578,,1341000,,
1,1,,0.267972,0.679483,0.052545,,1340200,,
1,1,,0.26878,0.715603,0.015617,,1336300,,
1,1,,0.162251,0.557319,0.28043,,1354000,,
1,1,,0.141663,0.587877,0.270459,,1348900,,
1,1,,0.246739,0.53083,0.22243,,1346500,,
1,1,,0.318059,0.662738,0.019203,,1340600,,
1,1,,0.194248,0.628242,0.17751,,1344500,,
1,1,,0.239784,0.62786,0.132356,,1348700,,
1,1,,0.172764,0.714113,0.113123,,1364700,,
1,1,,0.193796,0.727253,0.078952,,1352200,,
1,1,,0.226802,0.682217,0.09098,,1349800,,
1,1,,0.35215,0.583882,0.063968,,1345500,,
1,1,,0.351878,0.461797,0.186325,,1348500,,
1,1,,0.252929,0.686205,0.060866,,1347900,,
1,1,,0.326913,0.656597,0.01649,,1349900,,
1,1,,0.278796,0.695514,0.02569,,1340500,,
1,1,,0.163196,0.615775,0.221029,,1351700,,
1,1,,0.256583,0.615455,0.127962,,1362100,,
1,0,,0.518982,0.46529,0.015729,,1378400,,
1,2,,0.139013,0.419743,0.441244,,1351600,,
1,2,,0.193297,0.333311,0.473392,,1344100,,
1,1,,0.171545,0.703597,0.124858,,1341300,,
1,1,,0.417619,0.565665,0.016716,,1354900,,
1,1,,0.180748,0.535822,0.28343,,1341700,,
1,1,,0.346979,0.619221,0.033801,,1347400,,
1,1,,0.121377,0.521506,0.357117,,1363400,,
1,1,,0.288697,0.684723,0.02658,,1345100,,
1,1,,0.333662,0.636829,0.029508,,1344900,,
1,1,,0.176433,0.489763,0.333804,,1350400,,
1,1,,0.12783,0.464232,0.407937,,1351000,,
1,1,,0.157149,0.53395,0.3089,,1349300,,
1,1,,0.144589,0.509384,0.346027,,1350100,,
1,1,,0.302559,0.558375,0.139066,,1347100,,
1,1,,0.140315,0.62165,0.238035,,1350000,,
1,2,,0.16681,0.411555,0.421634,,1344400,,
1,1,,0.180149,0.64552,0.17433,,1343000,,
1,1,,0.117791,0.58433,0.297879,,1348200,,
1,1,,0.286815,0.574125,0.13906,,1347900,,
1,1,,0.214833,0.68279,0.102377,,1343300,,
1,1,,0.18784,0.525394,0.286767,,1370500,,
1,1,,0.266083,0.715893,0.018024,,1357600,,
1,2,,0.141844,0.283558,0.574598,,1352600,,
1,1,,0.249142,0.728529,0.02233,,1346200,,
1,1,,0.144024,0.688232,0.167744,,1346700,,
1,2,,0.110484,0.336572,0.552944,,1350100,,
1,1,,0.340678,0.553386,0.105936,,1344200,,
1,1,,0.230696,0.64865,0.120654,,1344500,,
1,1,,0.40491,0.568848,0.026242,,1356000,,
1,1,,0.446109,0.536621,0.01727,,1346500,,
1,1,,0.104915,0.554612,0.340473,,1348700,,
1,1,,0.174326,0.635281,0.190392,,1346200,,
1,1,,0.147197,0.574655,0.278148,,1350500,,
1,1,,0.192008,0.74791,0.060082,,1339300,,
1,1,,0.178203,0.42557,0.396226,,1345000,,
1,1,,0.290272,0.694181,0.015546,,1359000,,
1,1,,0.176018,0.495773,0.328209,,1348900,,
1,2,,0.118497,0.360373,0.52113,,1346300,,
1,1,,0.127231,0.563229,0.30954,,1346100,,
1,1,,0.119714,0.465473,0.414813,,1349200,,
1,1,,0.345184,0.594598,0.060218,,1346100,,
1,1,,0.277772,0.637702,0.084526,,1349700,,
1,1,,0.143215,0.521729,0.335056,,1350300,,
1,1,,0.270515,0.614627,0.114858,,1380800,,
1,1,,0.172135,0.617429,0.210436,,1347200,,
1,1,,0.231306,0.661549,0.107146,,1343200,,
1,1,,0.469303,0.484288,0.046409,,1351600,,
2,2,,0.368892,0.045661,0.585447,,1355100,,
2,2,,0.266968,0.056812,0.67622,,1350300,,
2,2,,0.316224,0.056076,0.6277,,1349500,,
2,2,,0.125625,0.212483,0.661892,,1354800,,
2,2,,0.117902,0.13779,0.744308,,1350100,,
2,2,,0.342529,0.052454,0.605016,,1350900,,
2,2,,0.295571,0.081462,0.622967,,1347800,,
2,2,,0.130589,0.149535,0.719877,,1381800,,
2,2,,0.296813,0.105144,0.598044,,1348900,,
2,2,,0.1017,0.276761,0.621539,,1344300,,
2,2,,0.073371,0.274984,0.651645,,1383900,,
2,2,,0.411606,0.022193,0.566201,,1343200,,
2,2,,0.270234,0.125018,0.604747,,1345800,,
2,2,,0.123269,0.42635,0.450381,,1344600,,
2,2,,0.409026,0.075062,0.515912,,1341000,,
2,2,,0.196356,0.056187,0.747456,,1345600,,
2,2,,0.180463,0.280575,0.538962,,1346600,,
2,2,,0.111212,0.301083,0.587705,,1350400,,
2,2,,0.236182,0.028847,0.734972,,1362500,,
2,2,,0.154349,0.121361,0.72429,,1352700,,
2,2,,0.222485,0.057862,0.719653,,1347500,,
2,2,,0.258758,0.098349,0.642893,,1356100,,
2,1,,0.107363,0.561183,0.331454,,1357000,,
2,2,,0.21287,0.083187,0.703944,,1352900,,
2,2,,0.310984,0.189485,0.499532,,1346600,,
2,2,,0.101305,0.205322,0.693373,,1366800,,
2,2,,0.184067,0.120831,0.695102,,1349200,,
2,2,,0.194019,0.227806,0.578175,,1345200,,
2,1,,0.105856,0.512733,0.381411,,1347600,,
2,2,,0.144241,0.282414,0.573344,,1357200,,
2,2,,0.261721,0.1153,0.622979,,1345500,,
2,2,,0.133554,0.31981,0.546636,,1346300,,
2,2,,0.112616,0.217759,0.669625,,1348400,,
2,2,,0.326977,0.026849,0.646174,,1342800,,
2,2,,0.35554,0.072371,0.572089,,1346400,,
2,2,,0.306573,0.107496,0.585931,,1351100,,
2,2,,0.164415,0.314374,0.521211,,1345700,,
2,2,,0.12731,0.109556,0.763133,,1350800,,
2,2,,0.098851,0.287991,0.613158,,1348800,,
2,2,,0.424347,0.148428,0.427225,,1347700,,
2,2,,0.398829,0.042085,0.559086,,1358600,,
2,2,,0.388163,0.044351,0.567486,,1357000,,
2,2,,0.138532,0.116102,0.745367,,1351900,,
2,2,,0.40402,0.064783,0.531197,,1347600,,
2,2,,0.126541,0.256453,0.617006,,1346600,,
2,2,,0.376057,0.043368,0.580575,,1347800,,
2,2,,0.125528,0.34453,0.529942,,1349700,,
2,1,,0.153016,0.461296,0.385688,,1349500,,
2,2,,0.085135,0.361482,0.553384,,1361000,,
2,2,,0.333295,0.113344,0.553361,,1351300,,
2,1,,0.183293,0.413072,0.403635,,1353100,,
2,2,,0.175104,0.301774,0.523121,,1345400,,
2,2,,0.119955,0.170142,0.709903,,1355700,,
2,2,,0.129613,0.114881,0.755506,,1347600,,
2,1,,0.220713,0.486534,0.292753,,1345300,,
2,2,,0.126355,0.319697,0.553949,,1344700,,
2,2,,0.38048,0.048163,0.571357,,1345900,,
2,2,,0.306504,0.057227,0.63627,,1348700,,
2,2,,0.220396,0.167071,0.612533,,1348700,,
2,2,,0.310433,0.05172,0.637846,,1344900,,
2,2,,0.143692,0.398715,0.457594,,1347900,,
2,2,,0.190529,0.144029,0.665442,,1343700,,
2,2,,0.33513,0.071018,0.593852,,1357800,,
2,2,,0.180222,0.191711,0.628067,,1369000,,
2,2,,0.198774,0.260311,0.540915,,1359300,,
2,2,,0.181265,0.06844,0.750294,,1394900,,
2,0,,0.516818,0.048664,0.434518,,1353400,,
2,2,,0.230268,0.094777,0.674954,,1353200,,
2,2,,0.188041,0.293411,0.518549,,1365700,,
2,2,,0.179467,0.098049,0.722484,,1377400,,
2,2,,0.252941,0.103634,0.643424,,1369600,,
2,2,,0.085056,0.445074,0.46987,,1383300,,
2,2,,0.406683,0.049505,0.543813,,1367400,,
2,2,,0.292642,0.09767,0.609688,,1358600,,
2,2,,0.254575,0.088461,0.656964,,1362900,,
2,2,,0.158578,0.162152,0.679271,,1374500,,
2,2,,0.148662,0.236828,0.61451,,1371100,,
2,2,,0.241276,0.083503,0.675221,,1366400,,
2,2,,0.102419,0.378486,0.519095,,1361100,,
2,2,,0.191106,0.212592,0.596302,,1358800,,
2,2,,0.280077,0.041899,0.678024,,1358900,,
2,1,,0.168658,0.429081,0.402262,,1362600,,
2,2,,0.055584,0.429898,0.514517,,1362400,,
2,2,,0.33854,0.044913,0.616546,,1362600,,
2,2,,0.211676,0.186072,0.602252,,1375500,,
2,2,,0.349405,0.116129,0.534466,,1367700,,
2,1,,0.157571,0.438606,0.403823,,1367600,,
2,2,,0.207395,0.384645,0.40796,,1365700,,
2,2,,0.383679,0.057416,0.558905,,1365700,,
2,2,,0.215309,0.092087,0.692603,,1355700,,
2,2,,0.340349,0.051595,0.608056,,1367700,,
2,2,,0.290298,0.056581,0.653122,,1362800,,
2,2,,0.391955,0.159069,0.448976,,1367300,,
2,2,,0.119731,0.206179,0.67409,,1351200,,
2,2,,0.17081,0.254091,0.575099,,1355800,,
2,2,,0.213409,0.12429,0.662301,,1353800,,
2,2,,0.221692,0.15232,0.625988,,1361200,,
2,2,,0.154269,0.152495,0.693236,,1355400,,
2,1,,0.103942,0.515131,0.380927,,1354000,,
2,2,,0.135708,0.382345,0.481948,,1349600,,
2,2,,0.190224,0.149076,0.660699,,1354500,,
2,2,,0.189691,0.193981,0.616328,,1359200,,
2,2,,0.138349,0.308409,0.553242,,1381700,,
2,2,,0.242559,0.096405,0.661036,,1350000,,
2,2,,0.087715,0.394627,0.517657,,1354700,,
2,2,,0.21203,0.116709,0.671261,,1352600,,
2,2,,0.241204,0.146299,0.612496,,1367100,,
2,2,,0.170146,0.40257,0.427284,,1363600,,
2,2,,0.168626,0.181425,0.649949,,1366200,,
2,2,,0.309463,0.057528,0.633009,,1366300,,
2,2,,0.284985,0.138401,0.576614,,1362100,,
2,2,,0.376612,0.059357,0.564031,,1356400,,
2,2,,0.137853,0.098948,0.763199,,1353800,,
2,2,,0.20703,0.219484,0.573486,,1361400,,
2,2,,0.088697,0.380061,0.531242,,1372300,,
2,2,,0.181474,0.09649,0.722036,,1362200,,
2,1,,0.287115,0.406763,0.306122,,1365900,,
2,2,,0.378184,0.098023,0.523794,,1361600,,
2,1,,0.146485,0.46054,0.392975,,1362500,,
2,2,,0.156429,0.360464,0.483107,,1356100,,
2,2,,0.099109,0.287321,0.613571,,1359300,,
2,1,,0.113657,0.532112,0.354231,,1359600,,
2,2,,0.280202,0.338861,0.380937,,1357200,,
2,2,,0.170068,0.207899,0.622032,,1352100,,
2,2,,0.184874,0.098017,0.717109,,1352500,,
2,2,,0.214296,0.061231,0.724474,,1355900,,
2,2,,0.243612,0.060822,0.695567,,1353100,,
2,2,,0.17795,0.219106,0.602945,,1354200,,
2,2,,0.298769,0.043683,0.657548,,1373300,,
2,2,,0.1697,0.279193,0.551107,,1376800,,
2,2,,0.126154,0.254677,0.61917,,1356500,,
2,0,,0.403005,0.238385,0.358611,,1360300,,
2,2,,0.316676,0.269431,0.413894,,1365700,,
2,2,,0.320194,0.056729,0.623077,,1372300,,
2,2,,0.211142,0.100597,0.688262,,1366000,,
2,2,,0.131434,0.402861,0.465705,,1369300,,
2,2,,0.270479,0.099087,0.630434,,1382500,,
2,2,,0.312441,0.113675,0.573884,,1399000,,
2,2,,0.271702,0.055857,0.67244,,2273700,,
2,2,,0.142258,0.295379,0.562364,,1354500,,
2,2,,0.108178,0.373085,0.518737,,1344000,,
2,2,,0.187396,0.270112,0.542492,,1349300,,
2,2,,0.291826,0.059299,0.648875,,1345300,,
2,1,,0.147141,0.580205,0.272654,,1348400,,
2,1,,0.107533,0.504658,0.387808,,1355900,,
2,2,,0.461353,0.043612,0.495035,,1344400,,
2,2,,0.442577,0.05972,0.497704,,1346500,,
2,2,,0.143742,0.178679,0.677579,,1347300,,
2,2,,0.115484,0.2685,0.616015,,1362000,,
2,2,,0.158612,0.115529,0.72586,,1349900,,
2,2,,0.353871,0.051139,0.59499,,1363800,,
2,2,,0.394651,0.046657,0.558692,,1349800,,
2,2,,0.205004,0.076911,0.718085,,1350300,,
2,2,,0.304406,0.055085,0.64051,,1345400,,
2,2,,0.360284,0.065844,0.573872,,1351400,,
2,2,,0.193247,0.077052,0.729701,,1348400,,
2,2,,0.121259,0.297959,0.580782,,1348000,,
2,2,,0.112815,0.432954,0.454231,,1359100,,
2,2,,0.313526,0.107618,0.578855,,1350600,,
2,2,,0.372694,0.09276,0.534547,,1357800,,
2,2,,0.200526,0.391883,0.407591,,1337500,,
2,1,,0.092447,0.616892,0.290661,,1339000,,
2,2,,0.085728,0.330349,0.583924,,1333200,,
2,2,,0.326371,0.041969,0.631659,,1335900,,
2,2,,0.335985,0.13762,0.526395,,1336500,,
2,2,,0.369208,0.082551,0.548241,,1334800,,
2,2,,0.147433,0.166278,0.686288,,1330000,,
2,2,,0.104279,0.385336,0.510385,,1339500,,
2,0,,0.536672,0.118852,0.344477,,1336300,,
2,2,,0.244672,0.06864,0.686689,,1340500,,
2,2,,0.426163,0.09858,0.475257,,1341700,,
2,2,,0.221627,0.231862,0.546511,,1356400,,
2,2,,0.156581,0.163461,0.679958,,1354200,,
2,1,,0.130989,0.557691,0.31132,,1349200,,
2,1,,0.124845,0.472284,0.402871,,1340400,,
2,2,,0.210049,0.183802,0.606149,,1338500,,
2,2,,0.170802,0.412921,0.416278,,1338200,,
2,1,,0.158593,0.466864,0.374543,,1340300,,
2,2,,0.168645,0.40925,0.422105,,1337700,,
2,2,,0.229486,0.13982,0.630695,,1343500,,
2,2,,0.357799,0.040356,0.601845,,1342200,,
2,2,,0.143951,0.145411,0.710638,,1339400,,
2,2,,0.204988,0.094934,0.700078,,1336100,,
2,2,,0.196316,0.19895,0.604734,,1341000,,
2,2,,0.371145,0.081983,0.546872,,1341400,,
2,2,,0.162467,0.228739,0.608794,,1336600,,
2,2,,0.221718,0.091068,0.687214,,1342700,,
2,2,,0.320182,0.047565,0.632253,,1340300,,
2,2,,0.209619,0.119894,0.670487,,1338500,,
2,2,,0.292665,0.087524,0.619811,,1331500,,
2,2,,0.410771,0.039092,0.550137,,1334200,,
2,2,,0.32401,0.055281,0.620709,,1336100,,
2,2,,0.2875,0.054763,0.657737,,1332300,,
2,2,,0.284021,0.120818,0.595161,,1334400,,
2,2,,0.133535,0.144064,0.722402,,1348600,,
2,2,,0.312161,0.034597,0.653242,,1342100,,
2,2,,0.410727,0.021668,0.567605,,1337200,,
2,2,,0.112473,0.282346,0.605181,,1337800,,
2,2,,0.214181,0.127933,0.657886,,1336100,,
2,2,,0.283789,0.051274,0.664937,,1337400,,
2,2,,0.171251,0.104439,0.72431,,1335300,,
2,2,,0.44164,0.039572,0.518788,,1336100,,
2,1,,0.126559,0.671905,0.201536,,1348100,,
2,2,,0.362514,0.077254,0.560232,,1342300,,
2,2,,0.163442,0.319968,0.51659,,1336000,,
2,0,,0.486831,0.048583,0.464586,,1336300,,
2,2,,0.190123,0.160034,0.649844,,1338200,,
2,2,,0.294758,0.042492,0.66275,,1334500,,
2,2,,0.238088,0.110598,0.651314,,1344000,,
2,2,,0.277502,0.057077,0.66542,,1343400,,
2,2,,0.112923,0.274674,0.612403,,1338000,,
2,2,,0.330323,0.074608,0.595069,,1338400,,
2,2,,0.167042,0.15326,0.679697,,1334000,,
2,2,,0.332159,0.045865,0.621975,,1334600,,
2,2,,0.30612,0.048619,0.645261,,1339500,,
2,1,,0.175968,0.430555,0.393476,,1333800,,
2,2,,0.123899,0.154927,0.721174,,1339800,,
2,2,,0.165865,0.189562,0.644573,,1372400,,
2,2,,0.191821,0.121934,0.686246,,1333200,,
2,2,,0.111826,0.269758,0.618416,,1342600,,
2,2,,0.112975,0.226277,0.660747,,1336700,,
2,2,,0.071546,0.233116,0.695338,,1337700,,
2,2,,0.2262,0.062041,0.711759,,1333200,,
2,2,,0.167009,0.126379,0.706612,,1334100,,
2,2,,0.288441,0.118897,0.592662,,1346200,,
2,1,,0.093343,0.488575,0.418082,,1351500,,
2,2,,0.103309,0.304216,0.592475,,1340700,,
2,2,,0.304202,0.047604,0.648194,,1335900,,
2,2,,0.287747,0.113008,0.599245,,1334200,,
2,2,,0.482574,0.029012,0.488413,,1344300,,
2,2,,0.24857,0.06587,0.68556,,1336100,,
2,2,,0.195794,0.080637,0.723569,,1336000,,
2,2,,0.182047,0.107765,0.710189,,1338900,,
2,2,,0.141847,0.137141,0.721013,,1338400,,
2,2,,0.168307,0.218337,0.613356,,1338100,,
2,2,,0.137,0.351991,0.511009,,1337600,,
2,2,,0.216861,0.11052,0.672618,,1332000,,
2,2,,0.135793,0.143443,0.720764,,1333200,,
2,2,,0.423091,0.042419,0.53449,,1333900,,
2,2,,0.229239,0.120875,0.649887,,1350700,,
2,2,,0.430515,0.030203,0.539282,,1346700,,
2,2,,0.381714,0.065474,0.552811,,1339800,,
2,0,,0.52651,0.062942,0.410548,,1335300,,
2,2,,0.249274,0.10242,0.648306,,1334700,,
2,2,,0.309734,0.111776,0.57849,,1336200,,
2,1,,0.146363,0.500678,0.352959,,1335300,,
2,2,,0.402933,0.051896,0.545171,,1339300,,
2,1,,0.135308,0.495247,0.369445,,1345600,,
2,2,,0.175951,0.18337,0.64068,,1336100,,
2,2,,0.322952,0.026735,0.650313,,1338100,,
2,2,,0.311021,0.091841,0.597137,,1334700,,
2,2,,0.329529,0.053924,0.616547,,1348700,,
2,2,,0.387353,0.046901,0.565746,,1369700,,
2,2,,0.096881,0.200958,0.70216,,1330800,,
2,2,,0.18413,0.239238,0.576632,,1334500,,
2,2,,0.182701,0.128129,0.68917,,1331200,,
2,2,,0.213255,0.058431,0.728314,,1327400,,
2,1,,0.159427,0.543508,0.297065,,1335800,,
2,2,,0.395132,0.075327,0.52954,,1330700,,
2,2,,0.13436,0.351163,0.514477,,1334200,,
2,2,,0.194934,0.107141,0.697925,,1332100,,
