waveform-noise,CWE,test,0,NANOSECONDS,PREDICTIONS, Generated by ClassifierExperiments.java on 2022-05-17 03:02:16.    SYSTEMPROPERTIES:{user.name:matth,os.arch:amd64,os.name:Windows 10},ENDSYSTEMPROPERTIES
No parameter info
0.7872127872127872,1637099900,1382996400,-1,74830400,3,,-1,-1
0,0,,0.530356,0.426515,0.043129,,1577200,,
0,1,,0.458608,0.507488,0.033905,,1403100,,
0,1,,0.407279,0.558502,0.034219,,1410000,,
0,1,,0.355688,0.578332,0.06598,,1415800,,
0,0,,0.582456,0.119893,0.297651,,1407600,,
0,2,,0.465733,0.017698,0.516569,,1402500,,
0,0,,0.466381,0.346245,0.187374,,1423900,,
0,0,,0.608641,0.317679,0.07368,,1377100,,
0,0,,0.505896,0.446498,0.047607,,1377000,,
0,0,,0.566595,0.18394,0.249464,,1401400,,
0,0,,0.355027,0.303182,0.341791,,1395800,,
0,2,,0.466422,0.016179,0.517399,,1397300,,
0,0,,0.417861,0.358757,0.223382,,1387500,,
0,1,,0.456931,0.500077,0.042992,,1393500,,
0,0,,0.471542,0.073598,0.45486,,1436000,,
0,1,,0.429319,0.553408,0.017273,,1389500,,
0,1,,0.349317,0.629407,0.021277,,1395100,,
0,2,,0.412319,0.116206,0.471476,,1433800,,
0,2,,0.444738,0.107403,0.447859,,1392700,,
0,0,,0.574659,0.319529,0.105812,,1394100,,
0,2,,0.372644,0.194753,0.432603,,1400800,,
0,2,,0.436386,0.034268,0.529347,,1390000,,
0,1,,0.297831,0.364589,0.33758,,1392900,,
0,0,,0.491113,0.132065,0.376822,,1382100,,
0,1,,0.287305,0.49761,0.215085,,1408900,,
0,0,,0.569948,0.296926,0.133126,,1400900,,
0,2,,0.372571,0.033389,0.59404,,1409100,,
0,0,,0.507858,0.452395,0.039747,,1394900,,
0,1,,0.43445,0.502601,0.062949,,1413200,,
0,1,,0.475929,0.502655,0.021416,,1397800,,
0,1,,0.384293,0.499765,0.115942,,1389600,,
0,0,,0.573705,0.258741,0.167554,,1403600,,
0,0,,0.566978,0.068479,0.364543,,1391500,,
0,0,,0.608704,0.121608,0.269688,,1398000,,
0,1,,0.482262,0.485295,0.032443,,1394900,,
0,2,,0.249557,0.087003,0.66344,,1414400,,
0,2,,0.391687,0.137194,0.471119,,1390000,,
0,2,,0.415106,0.016012,0.568882,,1388700,,
0,2,,0.39412,0.130892,0.474989,,1385700,,
0,1,,0.441879,0.448034,0.110088,,1401200,,
0,1,,0.420219,0.440612,0.139169,,1397300,,
0,2,,0.397719,0.088569,0.513712,,1385800,,
0,1,,0.452452,0.510275,0.037273,,1395800,,
0,0,,0.491269,0.224374,0.284357,,1386800,,
0,0,,0.482425,0.472876,0.044699,,1393900,,
0,1,,0.264706,0.696364,0.03893,,1400600,,
0,1,,0.385039,0.571085,0.043876,,1401600,,
0,2,,0.422159,0.03697,0.540872,,1395900,,
0,0,,0.576082,0.345253,0.078665,,1335200,,
0,0,,0.520204,0.45174,0.028056,,1377500,,
0,0,,0.405508,0.213142,0.381349,,1339500,,
0,2,,0.424983,0.035849,0.539169,,1367400,,
0,0,,0.464455,0.448556,0.086989,,1346600,,
0,2,,0.421863,0.01498,0.563158,,1330100,,
0,0,,0.48538,0.388135,0.126485,,1344100,,
0,0,,0.566728,0.237433,0.195838,,1357400,,
0,1,,0.437458,0.524008,0.038533,,1341600,,
0,1,,0.423951,0.469752,0.106297,,1352600,,
0,0,,0.653736,0.266034,0.08023,,1336700,,
0,1,,0.339375,0.570664,0.089961,,1339500,,
0,0,,0.53874,0.441996,0.019264,,1342000,,
0,0,,0.517879,0.015139,0.466982,,1344400,,
0,0,,0.672537,0.176594,0.150869,,1333600,,
0,1,,0.380752,0.410077,0.209171,,1361700,,
0,1,,0.354924,0.441253,0.203823,,1372300,,
0,0,,0.507442,0.295081,0.197477,,1355700,,
0,0,,0.488156,0.404018,0.107826,,1371200,,
0,2,,0.196542,0.054564,0.748893,,1346300,,
0,1,,0.455385,0.515368,0.029247,,1355200,,
0,2,,0.389046,0.052139,0.558815,,1358800,,
0,1,,0.349857,0.586877,0.063266,,1342200,,
0,0,,0.428029,0.369357,0.202615,,1343400,,
0,1,,0.282015,0.69599,0.021995,,1345400,,
0,0,,0.473582,0.357782,0.168636,,1333100,,
0,1,,0.465974,0.498014,0.036012,,1340400,,
0,0,,0.547427,0.405666,0.046907,,1403700,,
0,2,,0.344747,0.028438,0.626815,,1345800,,
0,1,,0.381968,0.578568,0.039464,,1347800,,
0,0,,0.606029,0.195522,0.198449,,1355200,,
0,1,,0.412768,0.562693,0.024539,,1344000,,
0,0,,0.674194,0.200134,0.125672,,1352200,,
0,2,,0.460193,0.063082,0.476725,,1353100,,
0,0,,0.512476,0.222291,0.265234,,1350800,,
0,0,,0.441602,0.285116,0.273282,,1353600,,
0,0,,0.559292,0.191632,0.249075,,1350100,,
0,1,,0.390733,0.522704,0.086563,,1356200,,
0,0,,0.638463,0.273784,0.087753,,1454000,,
0,1,,0.461698,0.504917,0.033386,,1355200,,
0,0,,0.56181,0.385612,0.052578,,1353600,,
0,0,,0.429767,0.424703,0.14553,,1340800,,
0,2,,0.317832,0.208858,0.473311,,1365400,,
0,0,,0.669135,0.173164,0.157702,,1359300,,
0,0,,0.503156,0.397119,0.099726,,1353300,,
0,0,,0.531765,0.379222,0.089013,,1354000,,
0,1,,0.476502,0.491609,0.031889,,1353800,,
0,2,,0.371333,0.016012,0.612654,,1439100,,
0,1,,0.426971,0.485562,0.087467,,1354100,,
0,0,,0.516297,0.451431,0.032271,,1389500,,
0,1,,0.472958,0.494684,0.032358,,1366600,,
0,0,,0.582052,0.207339,0.210609,,1369400,,
0,1,,0.245777,0.704436,0.049787,,1364700,,
0,0,,0.632981,0.208597,0.158422,,1376900,,
0,1,,0.330685,0.648279,0.021036,,1348600,,
0,0,,0.522113,0.310182,0.167705,,1356300,,
0,1,,0.367436,0.609915,0.022649,,1353500,,
0,0,,0.549538,0.327337,0.123124,,1358200,,
0,0,,0.44902,0.186628,0.364352,,1358900,,
0,1,,0.258455,0.630931,0.110614,,1362300,,
0,2,,0.333895,0.139749,0.526356,,1422300,,
0,0,,0.68479,0.165997,0.149213,,1358200,,
0,1,,0.415371,0.545733,0.038896,,1355700,,
0,0,,0.498544,0.37651,0.124946,,1355700,,
0,0,,0.494351,0.117931,0.387718,,1362800,,
0,1,,0.368729,0.534948,0.096323,,1353300,,
0,0,,0.452008,0.144566,0.403427,,1354100,,
0,0,,0.656295,0.258199,0.085506,,1366700,,
0,0,,0.495359,0.365678,0.138963,,1360100,,
0,2,,0.336169,0.016164,0.647668,,1349500,,
0,1,,0.474687,0.491953,0.03336,,1347000,,
0,1,,0.355492,0.576972,0.067536,,1363000,,
0,2,,0.41953,0.075259,0.505212,,1410600,,
0,0,,0.479814,0.079396,0.44079,,1353700,,
0,0,,0.423309,0.18411,0.392581,,1374100,,
0,1,,0.437786,0.529046,0.033168,,1393000,,
0,0,,0.527687,0.091242,0.381071,,1367200,,
0,0,,0.453437,0.144044,0.402519,,1355600,,
0,0,,0.509783,0.215363,0.274854,,1354800,,
0,0,,0.636216,0.2021,0.161684,,1342000,,
0,0,,0.471733,0.433847,0.09442,,1336800,,
0,0,,0.483818,0.209834,0.306347,,1333000,,
0,1,,0.468965,0.496945,0.03409,,1349900,,
0,1,,0.432226,0.550197,0.017577,,1341700,,
0,0,,0.585157,0.369303,0.045541,,1417500,,
0,0,,0.482293,0.134721,0.382986,,1345700,,
0,1,,0.37468,0.599528,0.025792,,1358400,,
0,0,,0.478693,0.068064,0.453243,,1348200,,
0,2,,0.407775,0.034585,0.55764,,1350100,,
0,1,,0.350621,0.528379,0.121,,1347300,,
0,0,,0.545297,0.06019,0.394513,,1340600,,
0,1,,0.326619,0.555103,0.118278,,1338900,,
0,0,,0.578709,0.265004,0.156287,,1340600,,
0,0,,0.610413,0.047104,0.342483,,1334800,,
0,2,,0.44419,0.05458,0.50123,,1335200,,
0,1,,0.313731,0.645233,0.041036,,1349700,,
0,0,,0.436107,0.354372,0.209521,,1585000,,
0,0,,0.594261,0.116713,0.289026,,1359800,,
0,0,,0.538581,0.292729,0.16869,,1348400,,
0,0,,0.437787,0.336619,0.225595,,1354500,,
0,0,,0.474572,0.121346,0.404082,,1361200,,
0,0,,0.535505,0.390631,0.073864,,1348800,,
0,0,,0.43731,0.215704,0.346986,,1340800,,
0,1,,0.402269,0.55089,0.046842,,1338200,,
0,0,,0.636482,0.06941,0.294108,,1360900,,
0,1,,0.345829,0.377981,0.276189,,1344300,,
0,0,,0.465125,0.264963,0.269912,,1352200,,
0,2,,0.39428,0.104397,0.501323,,1387700,,
0,0,,0.494884,0.244488,0.260628,,1368400,,
0,1,,0.435888,0.498683,0.065429,,1365700,,
0,1,,0.461264,0.471442,0.067294,,1354700,,
0,0,,0.488257,0.378426,0.133317,,1371700,,
0,1,,0.317752,0.622636,0.059612,,1357300,,
0,0,,0.588,0.160915,0.251085,,1366000,,
0,0,,0.534031,0.268735,0.197234,,1361100,,
0,0,,0.467365,0.115723,0.416911,,1363800,,
0,0,,0.459973,0.365508,0.174519,,1353500,,
0,0,,0.430993,0.415925,0.153082,,1372000,,
0,1,,0.479221,0.489695,0.031083,,1394200,,
0,2,,0.398938,0.085523,0.515538,,1359500,,
0,0,,0.445589,0.431773,0.122638,,1342600,,
0,1,,0.42073,0.522234,0.057036,,1353000,,
0,0,,0.454134,0.345548,0.200318,,1348500,,
0,0,,0.580707,0.269621,0.149672,,1353700,,
0,2,,0.32277,0.202813,0.474417,,1359900,,
0,1,,0.393881,0.585334,0.020785,,1363600,,
0,0,,0.495032,0.211811,0.293158,,1372600,,
0,0,,0.512042,0.452767,0.035192,,1367900,,
0,2,,0.300264,0.195241,0.504495,,1346600,,
0,1,,0.390449,0.588619,0.020932,,1365200,,
0,0,,0.424689,0.29559,0.279722,,1366100,,
0,0,,0.384321,0.362939,0.25274,,1349100,,
0,1,,0.440693,0.532254,0.027053,,1365900,,
0,2,,0.325499,0.051629,0.622872,,1369200,,
0,0,,0.453522,0.440357,0.106121,,1348700,,
0,0,,0.603681,0.165995,0.230324,,1353700,,
0,2,,0.335438,0.165684,0.498878,,1352200,,
0,1,,0.349628,0.624642,0.02573,,1355000,,
0,2,,0.412967,0.157084,0.429948,,1363900,,
0,0,,0.41387,0.311919,0.274211,,1355500,,
0,0,,0.489329,0.433395,0.077277,,1386200,,
0,1,,0.451499,0.4596,0.088901,,1386900,,
0,0,,0.561381,0.042446,0.396173,,1398700,,
0,1,,0.263802,0.697798,0.038401,,1388400,,
0,1,,0.361336,0.574623,0.064041,,1418000,,
0,2,,0.413848,0.034584,0.551569,,1370200,,
0,1,,0.430196,0.5243,0.045505,,1352400,,
0,1,,0.331694,0.403656,0.26465,,1349900,,
0,1,,0.348034,0.612608,0.039358,,1357300,,
0,2,,0.355715,0.027611,0.616674,,1357100,,
0,0,,0.598436,0.372642,0.028922,,1356000,,
0,2,,0.462234,0.064909,0.472857,,1389900,,
0,2,,0.425142,0.036687,0.53817,,1356100,,
0,0,,0.518526,0.068016,0.413458,,1363700,,
0,1,,0.471561,0.494349,0.03409,,1369300,,
0,1,,0.363849,0.61737,0.018781,,1360300,,
0,1,,0.327257,0.65547,0.017273,,1355700,,
0,0,,0.563361,0.107123,0.329516,,1358500,,
0,0,,0.430273,0.373867,0.19586,,1350400,,
0,1,,0.422041,0.454269,0.12369,,1360900,,
0,2,,0.352987,0.033709,0.613303,,1357000,,
0,2,,0.341311,0.124561,0.534128,,1353100,,
0,0,,0.588957,0.320751,0.090291,,1361000,,
0,1,,0.308219,0.638841,0.05294,,1391100,,
0,0,,0.650753,0.169465,0.179782,,1355100,,
0,1,,0.432622,0.533945,0.033433,,1356800,,
0,0,,0.571095,0.091764,0.337142,,1361300,,
0,0,,0.470281,0.114097,0.415622,,1351800,,
0,1,,0.38015,0.570332,0.049518,,1364900,,
0,0,,0.640917,0.103377,0.255706,,1356900,,
0,0,,0.550928,0.22053,0.228542,,1368800,,
0,1,,0.408422,0.529362,0.062216,,1356900,,
0,2,,0.327475,0.062227,0.610299,,1358800,,
0,1,,0.461497,0.509105,0.029398,,1369300,,
0,0,,0.493377,0.479313,0.02731,,1408800,,
0,0,,0.463376,0.353596,0.183028,,1376500,,
0,0,,0.566527,0.216769,0.216703,,1379500,,
0,0,,0.447542,0.301863,0.250595,,1372900,,
0,0,,0.59106,0.116021,0.292919,,1375200,,
0,0,,0.430494,0.417398,0.152108,,1372800,,
0,1,,0.419296,0.558206,0.022497,,1383200,,
0,1,,0.472407,0.488823,0.03877,,1366400,,
0,0,,0.591228,0.040864,0.367908,,1379100,,
0,0,,0.4843,0.036888,0.478812,,1383800,,
0,2,,0.4392,0.114369,0.446431,,1377400,,
0,1,,0.411546,0.540023,0.048431,,1400900,,
0,0,,0.469774,0.444125,0.086101,,1366800,,
0,0,,0.477163,0.477011,0.045826,,1343600,,
0,0,,0.421946,0.215275,0.362779,,1340800,,
0,0,,0.54094,0.19877,0.26029,,1348700,,
0,1,,0.39458,0.444872,0.160547,,1347400,,
0,1,,0.390253,0.59255,0.017197,,1345900,,
0,0,,0.518357,0.215183,0.26646,,1350500,,
0,2,,0.400964,0.0298,0.569235,,1359200,,
0,2,,0.265706,0.193585,0.540709,,1358200,,
0,1,,0.266425,0.652742,0.080834,,1341300,,
0,0,,0.608843,0.328721,0.062435,,1368900,,
0,0,,0.518098,0.221847,0.260055,,1384500,,
0,2,,0.338628,0.11365,0.547722,,1373800,,
0,0,,0.460714,0.33798,0.201306,,1361900,,
0,0,,0.45093,0.384724,0.164347,,1351500,,
0,0,,0.702759,0.120089,0.177152,,1348700,,
0,1,,0.363198,0.612752,0.02405,,1340500,,
0,1,,0.431883,0.550267,0.01785,,1354800,,
0,0,,0.636881,0.097611,0.265508,,1346700,,
0,0,,0.453033,0.161386,0.385581,,1346800,,
0,0,,0.540432,0.233985,0.225583,,1365800,,
0,2,,0.366971,0.122316,0.510713,,1370800,,
0,1,,0.46007,0.49204,0.04789,,1345500,,
0,0,,0.571936,0.376006,0.052058,,1384700,,
0,0,,0.531882,0.156671,0.311448,,1349500,,
0,1,,0.436909,0.530974,0.032117,,1347100,,
0,0,,0.54367,0.364457,0.091873,,1351700,,
0,2,,0.371429,0.245696,0.382874,,1345600,,
0,2,,0.414019,0.078753,0.507228,,1353400,,
0,1,,0.395761,0.516979,0.08726,,1346500,,
0,1,,0.330773,0.628736,0.040491,,1364000,,
0,0,,0.501454,0.466254,0.032291,,1354000,,
0,0,,0.492136,0.470755,0.037109,,1366400,,
0,1,,0.409589,0.567201,0.02321,,1345300,,
0,0,,0.53863,0.05685,0.40452,,1385400,,
0,0,,0.481283,0.103731,0.414986,,1362400,,
0,0,,0.461467,0.181632,0.356901,,1365400,,
0,0,,0.508718,0.149203,0.34208,,1362300,,
0,2,,0.449602,0.055453,0.494945,,1348400,,
0,2,,0.435418,0.041961,0.522621,,1349800,,
0,1,,0.420351,0.422055,0.157593,,1374700,,
0,1,,0.367017,0.390919,0.242064,,1346200,,
0,0,,0.523743,0.180661,0.295596,,1354600,,
0,2,,0.433384,0.075084,0.491532,,1366400,,
0,2,,0.401375,0.092398,0.506227,,1346200,,
0,2,,0.331766,0.071415,0.596819,,1360000,,
0,0,,0.470027,0.27123,0.258742,,1398800,,
0,1,,0.410353,0.542933,0.046714,,1358000,,
0,2,,0.427917,0.037934,0.534149,,1358900,,
0,0,,0.446115,0.127629,0.426256,,1355200,,
0,1,,0.364975,0.614462,0.020564,,1363000,,
0,0,,0.520779,0.094188,0.385033,,1354000,,
0,1,,0.39122,0.509554,0.099226,,1356100,,
0,1,,0.406883,0.570836,0.022281,,1351800,,
0,1,,0.434924,0.536378,0.028698,,1380300,,
0,0,,0.363472,0.356971,0.279557,,1351800,,
0,0,,0.58125,0.077602,0.341147,,1354900,,
0,0,,0.570775,0.392005,0.03722,,1375500,,
0,2,,0.343404,0.075323,0.581272,,1355000,,
0,0,,0.613608,0.183934,0.202458,,1353200,,
0,0,,0.370575,0.351895,0.277529,,1364400,,
0,0,,0.489467,0.054913,0.45562,,1370100,,
0,2,,0.384259,0.017051,0.598689,,1361300,,
0,2,,0.453986,0.03963,0.506384,,1362700,,
0,2,,0.375499,0.014818,0.609683,,1352800,,
0,1,,0.427224,0.555422,0.017353,,1378100,,
0,0,,0.426465,0.169274,0.404261,,1358900,,
0,2,,0.472499,0.052837,0.474664,,1360800,,
0,0,,0.489908,0.037205,0.472887,,1388500,,
0,2,,0.420378,0.034829,0.544792,,1349600,,
0,1,,0.393888,0.57355,0.032562,,1370100,,
0,0,,0.490065,0.131371,0.378564,,1356300,,
0,0,,0.508295,0.038337,0.453368,,1357200,,
0,0,,0.629251,0.24953,0.121219,,1355600,,
0,0,,0.58359,0.331495,0.084915,,1351100,,
0,0,,0.517914,0.177131,0.304955,,1358600,,
0,0,,0.465038,0.365997,0.168965,,1367800,,
0,0,,0.592277,0.143965,0.263757,,1350900,,
0,2,,0.412942,0.082701,0.504356,,1361500,,
0,1,,0.482867,0.488281,0.028851,,1359900,,
0,1,,0.271407,0.701561,0.027032,,1386700,,
0,0,,0.505727,0.46159,0.032683,,1366700,,
0,1,,0.414179,0.470187,0.115634,,1362500,,
0,0,,0.545594,0.264704,0.189702,,1356900,,
0,1,,0.468238,0.511864,0.019898,,1373500,,
0,1,,0.40367,0.579057,0.017273,,1376600,,
0,0,,0.46001,0.148944,0.391046,,1369000,,
0,0,,0.483379,0.415046,0.101575,,1376100,,
0,0,,0.610098,0.236206,0.153696,,1351400,,
0,0,,0.516035,0.319269,0.164697,,1357000,,
0,1,,0.329051,0.648452,0.022497,,1354700,,
0,2,,0.462586,0.062919,0.474495,,1369000,,
0,1,,0.433313,0.471204,0.095484,,1367000,,
0,0,,0.513191,0.226663,0.260146,,1358900,,
0,2,,0.357767,0.104089,0.538143,,1361000,,
0,0,,0.473935,0.461855,0.06421,,1357300,,
0,1,,0.386707,0.586527,0.026766,,1369700,,
0,0,,0.469525,0.122242,0.408233,,1356400,,
0,0,,0.549394,0.425434,0.025172,,1371100,,
0,0,,0.478703,0.352851,0.168446,,1352700,,
0,2,,0.462244,0.015698,0.522058,,1357800,,
0,1,,0.341623,0.415749,0.242628,,1363600,,
0,0,,0.588686,0.370318,0.040996,,1352300,,
0,0,,0.538752,0.24668,0.214567,,1374500,,
0,0,,0.625674,0.253635,0.120691,,1350500,,
1,1,,0.170611,0.754518,0.07487,,1354600,,
1,1,,0.077251,0.476905,0.445845,,1361100,,
1,1,,0.309282,0.664602,0.026116,,1360500,,
1,1,,0.315605,0.662883,0.021512,,1350700,,
1,1,,0.205892,0.705927,0.088181,,1378600,,
1,1,,0.249669,0.651465,0.098866,,1363900,,
1,1,,0.130916,0.596128,0.272956,,1373300,,
1,1,,0.254887,0.618513,0.1266,,1360200,,
1,1,,0.14849,0.639018,0.212492,,1353300,,
1,1,,0.335265,0.645928,0.018807,,1386700,,
1,1,,0.285486,0.664534,0.04998,,1351800,,
1,1,,0.315459,0.645998,0.038543,,1359300,,
1,2,,0.114753,0.430728,0.45452,,1367100,,
1,1,,0.102377,0.48045,0.417173,,1354700,,
1,1,,0.235943,0.665482,0.098576,,1358200,,
1,1,,0.201779,0.717178,0.081044,,1369700,,
1,1,,0.409395,0.572537,0.018067,,1369900,,
1,1,,0.3203,0.661539,0.018161,,1364400,,
1,1,,0.121588,0.634019,0.244393,,1365800,,
1,1,,0.336491,0.613879,0.04963,,1349100,,
1,1,,0.351527,0.610794,0.037679,,1381100,,
1,1,,0.127608,0.476114,0.396278,,1360200,,
1,1,,0.104474,0.547527,0.347999,,1354400,,
1,1,,0.153441,0.599824,0.246735,,1354000,,
1,1,,0.120091,0.581913,0.297996,,1363400,,
1,1,,0.107365,0.642602,0.250033,,1354100,,
1,1,,0.132959,0.682142,0.184899,,1387700,,
1,1,,0.330031,0.581691,0.088278,,1360000,,
1,1,,0.19875,0.725819,0.075431,,1357600,,
1,1,,0.102419,0.490792,0.406788,,1365400,,
1,1,,0.298216,0.617719,0.084065,,1363000,,
1,1,,0.236458,0.643165,0.120377,,1364400,,
1,1,,0.261621,0.652566,0.085814,,1380600,,
1,1,,0.245356,0.568377,0.186267,,1356300,,
1,1,,0.133892,0.702077,0.164031,,1352900,,
1,1,,0.188367,0.708724,0.102909,,1357600,,
1,1,,0.291725,0.634503,0.073772,,1354500,,
1,1,,0.289096,0.674474,0.036429,,1379300,,
1,1,,0.179497,0.670925,0.149578,,1351300,,
1,1,,0.187627,0.707867,0.104506,,1359700,,
1,1,,0.145693,0.707957,0.14635,,1358500,,
1,1,,0.085275,0.71284,0.201886,,1353700,,
1,1,,0.148315,0.689846,0.161839,,1351000,,
1,1,,0.333018,0.524153,0.142829,,1357600,,
1,1,,0.096659,0.729111,0.17423,,1381500,,
1,1,,0.193901,0.655613,0.150487,,1361000,,
1,2,,0.159687,0.350668,0.489645,,1367800,,
1,1,,0.195306,0.744721,0.059973,,1372600,,
1,1,,0.311097,0.65455,0.034353,,1374600,,
1,1,,0.167277,0.549624,0.283099,,1353800,,
1,1,,0.348143,0.63163,0.020227,,1368600,,
1,1,,0.194295,0.708459,0.097246,,1357300,,
1,1,,0.105204,0.60427,0.290526,,1379700,,
1,1,,0.317917,0.649387,0.032696,,1394100,,
1,1,,0.111579,0.591879,0.296542,,1372700,,
1,1,,0.247575,0.619169,0.133256,,1396300,,
1,1,,0.237495,0.616345,0.14616,,1372500,,
1,1,,0.223835,0.602178,0.173987,,1377900,,
1,1,,0.366591,0.596195,0.037214,,1354700,,
1,1,,0.211786,0.58188,0.206333,,1366700,,
1,1,,0.329574,0.645811,0.024616,,1373400,,
1,1,,0.338661,0.634634,0.026706,,1362200,,
1,1,,0.239541,0.56533,0.195129,,1370900,,
1,1,,0.32985,0.624071,0.046079,,1460300,,
1,2,,0.10314,0.404705,0.492155,,1393100,,
1,2,,0.072115,0.382364,0.545521,,1366800,,
1,1,,0.129923,0.609863,0.260213,,1389900,,
1,1,,0.430973,0.510932,0.058095,,1388000,,
1,1,,0.134146,0.783066,0.082788,,1373400,,
1,1,,0.227814,0.720134,0.052052,,1364300,,
1,1,,0.285903,0.633563,0.080534,,1393100,,
1,1,,0.209433,0.724341,0.066226,,1364600,,
1,1,,0.154052,0.6192,0.226748,,1379400,,
1,2,,0.07159,0.318711,0.609699,,1391000,,
1,1,,0.146208,0.771416,0.082376,,1365800,,
1,1,,0.227258,0.655159,0.117584,,1365100,,
1,1,,0.158223,0.447547,0.39423,,1373700,,
1,1,,0.08613,0.625687,0.288183,,1369400,,
1,1,,0.149592,0.624208,0.226201,,1478300,,
1,1,,0.131195,0.722124,0.14668,,1383000,,
1,1,,0.202542,0.741517,0.05594,,1370800,,
1,1,,0.154655,0.701079,0.144266,,1386000,,
1,2,,0.112998,0.432877,0.454125,,1382400,,
1,1,,0.179435,0.691541,0.129024,,1394400,,
1,1,,0.29536,0.559283,0.145356,,1376500,,
1,1,,0.200045,0.721089,0.078865,,1369400,,
1,1,,0.197615,0.542193,0.260192,,1369000,,
1,1,,0.267626,0.668016,0.064358,,1353500,,
1,1,,0.268167,0.702583,0.02925,,1355700,,
1,1,,0.378344,0.598581,0.023074,,1376600,,
1,1,,0.161037,0.763599,0.075364,,1367400,,
1,1,,0.222949,0.65447,0.122581,,1365000,,
1,1,,0.412375,0.570272,0.017353,,1369700,,
1,1,,0.093417,0.563476,0.343106,,1369800,,
1,1,,0.140165,0.740735,0.1191,,1371900,,
1,1,,0.316632,0.52662,0.156748,,1374700,,
1,1,,0.269214,0.560177,0.170609,,1364100,,
1,1,,0.11079,0.757192,0.132017,,1377300,,
1,1,,0.233854,0.543964,0.222182,,1363800,,
1,1,,0.461269,0.508593,0.030139,,1379800,,
1,1,,0.256068,0.585074,0.158858,,1364100,,
1,1,,0.350728,0.626831,0.02244,,1391900,,
1,1,,0.147686,0.580719,0.271595,,1380300,,
1,1,,0.268721,0.550051,0.181228,,1382200,,
1,1,,0.229953,0.711968,0.058078,,1361500,,
1,1,,0.098057,0.563395,0.338548,,1381800,,
1,1,,0.323133,0.657372,0.019495,,1371600,,
1,1,,0.134484,0.565929,0.299587,,1369300,,
1,1,,0.361564,0.521348,0.117088,,1377900,,
1,2,,0.146667,0.401042,0.45229,,1354800,,
1,1,,0.421869,0.518551,0.05958,,1361400,,
1,1,,0.107734,0.677054,0.215212,,1367000,,
1,1,,0.332686,0.531847,0.135467,,1365700,,
1,1,,0.142182,0.617969,0.239849,,1439000,,
1,1,,0.167537,0.546894,0.285568,,1380500,,
1,1,,0.197136,0.642882,0.159981,,1368300,,
1,1,,0.20309,0.682944,0.113967,,1361800,,
1,1,,0.157425,0.647598,0.194977,,1372700,,
1,1,,0.335012,0.626756,0.038232,,1372900,,
1,1,,0.392956,0.587341,0.019703,,1361400,,
1,1,,0.133094,0.527623,0.339283,,1372600,,
1,1,,0.337963,0.624137,0.0379,,1373100,,
1,1,,0.397453,0.544776,0.05777,,1360500,,
1,1,,0.310774,0.55633,0.132895,,1389200,,
1,1,,0.268525,0.593614,0.137861,,1392900,,
1,1,,0.360356,0.618859,0.020785,,1380600,,
1,1,,0.277512,0.656931,0.065556,,1382000,,
1,1,,0.199501,0.756039,0.04446,,1378200,,
1,1,,0.090125,0.642058,0.267818,,1381100,,
1,1,,0.301551,0.598082,0.100368,,1382600,,
1,2,,0.100233,0.418585,0.481182,,1368300,,
1,1,,0.245234,0.563398,0.191369,,1372700,,
1,1,,0.181588,0.654463,0.163949,,1363900,,
1,1,,0.193481,0.555055,0.251464,,1377800,,
1,2,,0.082307,0.350237,0.567456,,1375400,,
1,1,,0.212087,0.644661,0.143252,,1368000,,
1,1,,0.364234,0.61708,0.018686,,1392100,,
1,1,,0.177739,0.727437,0.094823,,1389500,,
1,1,,0.13443,0.490924,0.374646,,1397600,,
1,1,,0.147588,0.576779,0.275633,,1395200,,
1,1,,0.092693,0.473876,0.43343,,1376700,,
1,1,,0.42087,0.54615,0.03298,,1375800,,
1,1,,0.155648,0.747041,0.097311,,1390300,,
1,1,,0.252426,0.635951,0.111623,,1385900,,
1,1,,0.143438,0.717888,0.138675,,1378700,,
1,1,,0.082686,0.585207,0.332106,,1373400,,
1,1,,0.21243,0.503429,0.284141,,1383800,,
1,1,,0.388439,0.590202,0.021359,,1498700,,
1,1,,0.431604,0.546012,0.022384,,1391200,,
1,1,,0.179264,0.604273,0.216463,,1425700,,
1,1,,0.241192,0.660101,0.098707,,1398000,,
1,1,,0.118518,0.627152,0.25433,,1370300,,
1,1,,0.186271,0.712951,0.100779,,1386500,,
1,1,,0.36284,0.538423,0.098737,,1381400,,
1,1,,0.234019,0.726919,0.039062,,1384600,,
1,1,,0.17098,0.693691,0.135328,,1376800,,
1,2,,0.088386,0.448233,0.463382,,1384400,,
1,1,,0.202976,0.649356,0.147669,,1400300,,
1,1,,0.297367,0.682931,0.019703,,1386200,,
1,1,,0.266844,0.584883,0.148272,,1386300,,
1,1,,0.395448,0.572923,0.031628,,1396500,,
1,1,,0.40063,0.575995,0.023375,,1371600,,
1,1,,0.276802,0.680199,0.043,,1373100,,
1,1,,0.386028,0.59061,0.023362,,1396400,,
1,1,,0.246383,0.69047,0.063147,,1374900,,
1,1,,0.134319,0.506693,0.358987,,1386000,,
1,1,,0.212412,0.698754,0.088835,,1370000,,
1,1,,0.261163,0.715784,0.023053,,1370000,,
1,1,,0.321327,0.627038,0.051635,,1417000,,
1,1,,0.16284,0.545284,0.291875,,1380600,,
1,1,,0.208081,0.751023,0.040897,,1402200,,
1,1,,0.164399,0.647173,0.188429,,1388300,,
1,1,,0.270167,0.543278,0.186555,,1394700,,
1,1,,0.27532,0.630974,0.093707,,1413000,,
1,2,,0.104899,0.424377,0.470725,,1391200,,
1,1,,0.354954,0.480603,0.164443,,1409000,,
1,1,,0.378199,0.592635,0.029166,,1387700,,
1,1,,0.310883,0.647687,0.04143,,1387900,,
1,1,,0.367012,0.614207,0.018781,,1409500,,
1,1,,0.201793,0.745309,0.052898,,1412100,,
1,1,,0.396779,0.563909,0.039312,,1403100,,
1,1,,0.07791,0.719348,0.202742,,1400200,,
1,1,,0.174684,0.622919,0.202397,,1456400,,
1,1,,0.078884,0.540699,0.380417,,1401300,,
1,1,,0.063449,0.581644,0.354907,,1379800,,
1,1,,0.336006,0.639896,0.024098,,1378000,,
1,1,,0.405195,0.571859,0.022946,,1370100,,
1,1,,0.217869,0.627463,0.154668,,1394300,,
1,1,,0.205882,0.689229,0.104889,,1397100,,
1,1,,0.372668,0.602608,0.024724,,1394600,,
1,1,,0.320168,0.6448,0.035032,,1394600,,
1,1,,0.105763,0.52981,0.364427,,1377500,,
1,1,,0.154709,0.780644,0.064647,,1377600,,
1,1,,0.135799,0.624698,0.239504,,1420100,,
1,1,,0.152156,0.72352,0.124324,,1372900,,
1,1,,0.187114,0.632091,0.180795,,1377100,,
1,1,,0.245981,0.685619,0.0684,,1375200,,
1,1,,0.114077,0.502113,0.38381,,1394500,,
1,1,,0.327715,0.568193,0.104092,,1398900,,
1,1,,0.267332,0.671791,0.060877,,1377500,,
1,1,,0.151526,0.527367,0.321107,,1400000,,
1,1,,0.290904,0.684742,0.024353,,1383900,,
1,1,,0.09802,0.54203,0.359951,,1379200,,
1,1,,0.21063,0.644646,0.144724,,1408400,,
1,1,,0.36365,0.600567,0.035783,,1380100,,
1,1,,0.225852,0.691124,0.083023,,1391900,,
1,1,,0.159255,0.664369,0.176376,,1390000,,
1,1,,0.332367,0.639598,0.028035,,1386700,,
1,1,,0.401324,0.575466,0.02321,,1398900,,
1,1,,0.266437,0.65339,0.080173,,1381700,,
1,1,,0.144839,0.551532,0.303629,,1376300,,
1,1,,0.295287,0.58215,0.122564,,1393900,,
1,1,,0.305456,0.644643,0.049901,,1397400,,
1,2,,0.133244,0.391796,0.47496,,1397200,,
1,1,,0.133311,0.502067,0.364623,,1401800,,
1,1,,0.144728,0.58018,0.275092,,1388000,,
1,1,,0.29397,0.603626,0.102404,,1486800,,
1,1,,0.167056,0.625049,0.207895,,1435600,,
1,1,,0.201114,0.701952,0.096933,,1422400,,
1,1,,0.424595,0.549244,0.02616,,1428700,,
1,1,,0.244926,0.67453,0.080544,,1412400,,
1,1,,0.211613,0.690866,0.09752,,1406200,,
1,1,,0.182886,0.625017,0.192097,,1464900,,
1,1,,0.152758,0.67998,0.167262,,1401000,,
1,1,,0.122755,0.675586,0.20166,,1391700,,
1,1,,0.215011,0.645115,0.139873,,1407200,,
1,1,,0.329474,0.653253,0.017273,,1387400,,
1,1,,0.283351,0.674116,0.042533,,1415000,,
1,2,,0.157113,0.268172,0.574715,,1404800,,
1,1,,0.409864,0.572446,0.01769,,1372500,,
1,1,,0.135529,0.466183,0.398289,,1375500,,
1,1,,0.318648,0.658424,0.022928,,1374700,,
1,1,,0.245845,0.68498,0.069175,,1390300,,
1,1,,0.361713,0.617852,0.020436,,1383500,,
1,1,,0.094643,0.613834,0.291523,,1373300,,
1,1,,0.076949,0.612077,0.310974,,1380600,,
1,1,,0.060573,0.473556,0.465872,,1378200,,
1,1,,0.228236,0.725711,0.046053,,1387000,,
1,1,,0.214887,0.715014,0.070099,,1424200,,
1,1,,0.051223,0.514905,0.433872,,1371000,,
1,1,,0.237872,0.708034,0.054094,,1369600,,
1,1,,0.315596,0.659161,0.025244,,1376500,,
1,1,,0.16324,0.707832,0.128929,,1370000,,
1,1,,0.39581,0.56633,0.03786,,1399400,,
1,1,,0.159753,0.49791,0.342336,,1378400,,
1,1,,0.054782,0.502713,0.442506,,1379400,,
1,1,,0.205619,0.712912,0.081469,,1393400,,
1,1,,0.15261,0.565695,0.281695,,1387700,,
1,1,,0.080745,0.496679,0.422576,,1398800,,
1,1,,0.332778,0.613742,0.05348,,1418200,,
1,1,,0.168665,0.72608,0.105256,,1365800,,
1,1,,0.181306,0.727087,0.091607,,1375700,,
1,1,,0.108293,0.550667,0.341041,,1377400,,
1,1,,0.110102,0.597416,0.292482,,1376100,,
1,1,,0.336986,0.645661,0.017353,,1424600,,
1,1,,0.218074,0.669367,0.112559,,1395600,,
1,2,,0.124292,0.390074,0.485634,,1380400,,
1,1,,0.095114,0.492784,0.412101,,1382300,,
1,1,,0.203533,0.603478,0.192989,,1383500,,
1,1,,0.24601,0.682853,0.071137,,1386800,,
1,1,,0.201634,0.698248,0.100118,,1385600,,
1,1,,0.301226,0.617674,0.0811,,1409500,,
1,1,,0.212041,0.661132,0.126827,,1389400,,
1,1,,0.328899,0.60142,0.069682,,1384900,,
1,1,,0.201435,0.59687,0.201695,,1395200,,
1,1,,0.140497,0.566694,0.29281,,1375000,,
1,2,,0.129617,0.405901,0.464482,,1377100,,
1,1,,0.159484,0.633824,0.206691,,1379600,,
1,2,,0.08065,0.388367,0.530983,,1384200,,
1,1,,0.292098,0.620729,0.087173,,1409400,,
1,1,,0.31344,0.592221,0.09434,,1377200,,
1,1,,0.326293,0.607726,0.065982,,1382800,,
1,1,,0.153379,0.701069,0.145552,,1468200,,
1,1,,0.13981,0.626998,0.233193,,1409500,,
1,1,,0.232821,0.634361,0.132818,,1369500,,
1,1,,0.235079,0.67009,0.094831,,1389400,,
1,1,,0.270727,0.632549,0.096724,,1366700,,
1,1,,0.231786,0.721709,0.046505,,1380700,,
1,2,,0.085457,0.414809,0.499733,,1377500,,
1,1,,0.126492,0.461541,0.411967,,1361400,,
1,1,,0.254955,0.694768,0.050277,,1368600,,
1,1,,0.475263,0.490738,0.033999,,1359600,,
1,1,,0.176796,0.690787,0.132417,,1394000,,
1,1,,0.193072,0.612828,0.1941,,1395300,,
1,1,,0.323674,0.573213,0.103113,,1367900,,
1,1,,0.283992,0.572942,0.143066,,1367300,,
1,1,,0.299805,0.607787,0.092407,,1374300,,
1,1,,0.281775,0.63718,0.081045,,1371600,,
1,1,,0.353513,0.616833,0.029654,,1390400,,
1,1,,0.118988,0.571996,0.309016,,1374800,,
1,1,,0.390323,0.584926,0.024752,,1366700,,
1,1,,0.081914,0.582635,0.335451,,1381400,,
1,1,,0.124347,0.639772,0.235881,,1373800,,
1,1,,0.333309,0.640859,0.025832,,1401500,,
1,1,,0.326035,0.648487,0.025478,,1402500,,
1,1,,0.349594,0.595748,0.054658,,1370600,,
1,1,,0.376591,0.572238,0.051172,,1373500,,
1,1,,0.195806,0.702044,0.10215,,1375600,,
1,1,,0.112199,0.61019,0.277611,,1383400,,
1,1,,0.185436,0.646264,0.168301,,1372400,,
1,1,,0.294343,0.656984,0.048673,,1370600,,
1,1,,0.332028,0.645145,0.022828,,1366000,,
1,1,,0.160518,0.597191,0.242291,,1378200,,
1,1,,0.2833,0.566443,0.150257,,1375700,,
1,1,,0.205077,0.601509,0.193415,,1380000,,
1,1,,0.121497,0.705567,0.172937,,1366300,,
1,1,,0.297039,0.667429,0.035532,,1398900,,
1,1,,0.339147,0.611649,0.049204,,1396700,,
1,2,,0.121106,0.393283,0.485611,,1396900,,
1,1,,0.446231,0.535333,0.018436,,1385000,,
1,1,,0.401475,0.534617,0.063908,,1369800,,
1,1,,0.328137,0.654032,0.017831,,1365400,,
1,1,,0.372914,0.527651,0.099435,,1405400,,
1,1,,0.25835,0.628647,0.113002,,1386400,,
1,1,,0.138672,0.632223,0.229105,,1376300,,
1,1,,0.254027,0.709507,0.036466,,1367300,,
1,1,,0.262533,0.641013,0.096454,,1390900,,
1,1,,0.131931,0.703722,0.164347,,1399300,,
1,1,,0.332618,0.649221,0.018161,,1397900,,
1,1,,0.237636,0.706363,0.056001,,1395000,,
1,1,,0.095743,0.475538,0.428719,,1394500,,
1,1,,0.141535,0.549709,0.308756,,1389000,,
1,1,,0.395489,0.585649,0.018861,,1388500,,
1,2,,0.083515,0.441565,0.47492,,1388300,,
1,1,,0.451567,0.529283,0.01915,,1384900,,
1,1,,0.070998,0.631562,0.29744,,1388000,,
1,1,,0.170517,0.590442,0.239042,,1382800,,
1,1,,0.35487,0.626523,0.018606,,1387500,,
1,1,,0.185721,0.726953,0.087326,,1456300,,
1,1,,0.266805,0.60768,0.125515,,1423000,,
1,2,,0.130052,0.433958,0.43599,,1412800,,
2,2,,0.29809,0.035619,0.666291,,1379000,,
2,2,,0.428847,0.135755,0.435398,,1364500,,
2,2,,0.120204,0.217738,0.662058,,1379300,,
2,2,,0.336656,0.015851,0.647493,,1368500,,
2,2,,0.157032,0.165265,0.677703,,1367600,,
2,2,,0.229246,0.212897,0.557857,,1367700,,
2,2,,0.355042,0.07999,0.564968,,1380300,,
2,2,,0.201913,0.083846,0.714241,,1375400,,
2,2,,0.334885,0.095651,0.569464,,1355000,,
2,2,,0.298003,0.131686,0.570311,,1397700,,
2,2,,0.224293,0.106021,0.669686,,1381300,,
2,2,,0.202883,0.167055,0.630062,,1383800,,
2,2,,0.264299,0.127449,0.608252,,1402600,,
2,2,,0.422948,0.078736,0.498316,,1377400,,
2,1,,0.100444,0.496695,0.402861,,1382000,,
2,2,,0.168527,0.369976,0.461497,,1372800,,
2,2,,0.427267,0.034269,0.538464,,1365700,,
2,2,,0.348335,0.055663,0.596002,,1388300,,
2,2,,0.176004,0.105598,0.718398,,1373800,,
2,2,,0.13801,0.296573,0.565417,,1396200,,
2,2,,0.232759,0.247918,0.519323,,1379500,,
2,2,,0.094062,0.308615,0.597323,,1373900,,
2,2,,0.325327,0.091634,0.583039,,1385500,,
2,2,,0.369137,0.087555,0.543308,,1382000,,
2,2,,0.352505,0.046406,0.601089,,1377000,,
2,2,,0.349875,0.034978,0.615147,,1368300,,
2,2,,0.161012,0.228725,0.610263,,1374100,,
2,2,,0.288885,0.162327,0.548789,,1374900,,
2,2,,0.217436,0.374035,0.408529,,1374300,,
2,2,,0.185419,0.213741,0.60084,,1375200,,
2,2,,0.117432,0.309435,0.573133,,1372100,,
2,2,,0.238626,0.094399,0.666975,,1463700,,
2,2,,0.413365,0.016406,0.570229,,1362800,,
2,2,,0.331899,0.176758,0.491343,,1326700,,
2,2,,0.39482,0.05355,0.551629,,1328700,,
2,2,,0.2005,0.117053,0.682447,,1342600,,
2,2,,0.336011,0.056606,0.607383,,1342200,,
2,2,,0.22871,0.146948,0.624343,,1347900,,
2,2,,0.316871,0.049708,0.633421,,1335500,,
2,2,,0.220186,0.110174,0.66964,,1346900,,
2,2,,0.174776,0.256225,0.569,,1339500,,
2,2,,0.230145,0.080837,0.689018,,1336700,,
2,2,,0.118879,0.389722,0.491399,,1353200,,
2,2,,0.423936,0.071454,0.504611,,1388000,,
2,2,,0.102655,0.285564,0.611781,,1346100,,
2,2,,0.151545,0.31416,0.534295,,1343100,,
2,2,,0.31679,0.116675,0.566534,,1341100,,
2,0,,0.479012,0.05458,0.466408,,1353200,,
2,2,,0.147574,0.216317,0.636109,,1353400,,
2,2,,0.225946,0.080275,0.693778,,1365600,,
2,2,,0.34631,0.099557,0.554133,,1355000,,
2,0,,0.530207,0.056041,0.413753,,1348900,,
2,2,,0.221058,0.152964,0.625978,,1345900,,
2,2,,0.104003,0.414011,0.481986,,1357400,,
2,2,,0.354948,0.130059,0.514993,,1364100,,
2,1,,0.072109,0.580405,0.347486,,1348400,,
2,2,,0.118098,0.30686,0.575042,,1354500,,
2,2,,0.134569,0.285906,0.579525,,1341400,,
2,2,,0.123884,0.34708,0.529036,,1359200,,
2,2,,0.125747,0.421658,0.452595,,1360600,,
2,2,,0.199894,0.16963,0.630476,,1357300,,
2,2,,0.249743,0.153965,0.596292,,1356700,,
2,1,,0.066291,0.470082,0.463627,,1358000,,
2,1,,0.118982,0.444267,0.436752,,1361100,,
2,2,,0.379025,0.028166,0.592809,,1376300,,
2,2,,0.110042,0.371539,0.518419,,1350900,,
2,2,,0.367568,0.034106,0.598326,,1446400,,
2,2,,0.379418,0.081468,0.539114,,1336300,,
2,2,,0.387644,0.046522,0.565833,,1341500,,
2,2,,0.202743,0.176344,0.620913,,1330800,,
2,2,,0.187027,0.112354,0.70062,,1337100,,
2,2,,0.148623,0.345527,0.50585,,1334600,,
2,2,,0.168903,0.224561,0.606536,,1342400,,
2,2,,0.349273,0.095091,0.555635,,1333600,,
2,2,,0.394706,0.094585,0.510708,,1332400,,
2,2,,0.113509,0.423274,0.463217,,1360400,,
2,2,,0.222661,0.177272,0.600067,,1335600,,
2,2,,0.145835,0.289003,0.565161,,1346600,,
2,2,,0.173336,0.243085,0.583579,,1343300,,
2,2,,0.182368,0.182464,0.635169,,1336800,,
2,2,,0.182386,0.087944,0.72967,,1333900,,
2,2,,0.186304,0.277743,0.535952,,1344100,,
2,2,,0.402453,0.034671,0.562876,,1335500,,
2,2,,0.081627,0.443554,0.474819,,1352600,,
2,2,,0.112706,0.40619,0.481104,,1359000,,
2,2,,0.382038,0.050858,0.567104,,1343800,,
2,2,,0.121722,0.303162,0.575117,,1352600,,
2,2,,0.059564,0.461554,0.478882,,1359300,,
2,2,,0.169535,0.153807,0.676657,,1364700,,
2,2,,0.170062,0.321766,0.508172,,1363900,,
2,2,,0.354686,0.058899,0.586415,,1343900,,
2,2,,0.187232,0.114453,0.698315,,1341800,,
2,2,,0.389145,0.035935,0.574919,,1343400,,
2,2,,0.060398,0.304214,0.635388,,1349900,,
2,1,,0.101924,0.455505,0.442571,,1343200,,
2,2,,0.182674,0.231589,0.585737,,1344400,,
2,2,,0.187841,0.211677,0.600483,,1337900,,
2,2,,0.264246,0.126287,0.609467,,1341300,,
2,2,,0.391594,0.150479,0.457927,,1371000,,
2,2,,0.132315,0.428439,0.439246,,1345900,,
2,2,,0.172779,0.294225,0.532995,,1345800,,
2,2,,0.145277,0.177413,0.67731,,1365300,,
2,2,,0.306193,0.114537,0.57927,,1348400,,
2,2,,0.127674,0.358818,0.513508,,1351300,,
2,2,,0.16618,0.292556,0.541264,,1350700,,
2,2,,0.219332,0.168177,0.61249,,1358700,,
2,2,,0.389975,0.099713,0.510312,,1346200,,
2,2,,0.282633,0.116697,0.600669,,1344600,,
2,2,,0.127231,0.291379,0.581389,,1362900,,
2,2,,0.180562,0.309744,0.509694,,1387200,,
2,2,,0.194912,0.101563,0.703524,,1349700,,
2,2,,0.213341,0.363812,0.422847,,1345800,,
2,2,,0.127458,0.312447,0.560095,,1373200,,
2,2,,0.16681,0.220259,0.612931,,1353000,,
2,2,,0.344574,0.185155,0.470271,,1718400,,
2,2,,0.196234,0.155521,0.648246,,1356800,,
2,2,,0.124103,0.346793,0.529104,,1355600,,
2,2,,0.225667,0.221423,0.552909,,1374400,,
2,1,,0.270515,0.483089,0.246396,,1358100,,
2,1,,0.10043,0.474391,0.425179,,1354000,,
2,2,,0.135125,0.183619,0.681257,,1370300,,
2,2,,0.186089,0.195852,0.618059,,1360900,,
2,2,,0.399773,0.082703,0.517524,,1366200,,
2,2,,0.148688,0.195987,0.655326,,1353500,,
2,2,,0.221962,0.085136,0.692902,,1376500,,
2,2,,0.140767,0.250759,0.608474,,1353800,,
2,2,,0.315618,0.108984,0.575398,,1355500,,
2,2,,0.311082,0.03458,0.654338,,1347200,,
2,2,,0.257547,0.184567,0.557887,,1350200,,
2,2,,0.221996,0.110711,0.667293,,1348300,,
2,2,,0.193919,0.083483,0.722598,,1346600,,
2,2,,0.261989,0.035166,0.702845,,1355800,,
2,2,,0.22906,0.136825,0.634115,,1358300,,
2,2,,0.141412,0.258871,0.599717,,1348800,,
2,2,,0.238603,0.253509,0.507888,,1351000,,
2,2,,0.238952,0.180172,0.580876,,1345100,,
2,2,,0.086516,0.221029,0.692455,,1359600,,
2,1,,0.131317,0.458675,0.410008,,1348000,,
2,1,,0.179042,0.514864,0.306094,,1345800,,
2,2,,0.138173,0.219276,0.64255,,1342500,,
2,2,,0.158193,0.11143,0.730377,,1343500,,
2,2,,0.161143,0.074247,0.76461,,1334000,,
2,2,,0.107236,0.409583,0.483181,,1362900,,
2,2,,0.078365,0.348486,0.573149,,1339100,,
2,2,,0.361039,0.025861,0.6131,,1342200,,
2,0,,0.50145,0.019033,0.479516,,1354300,,
2,2,,0.311307,0.086905,0.601788,,1338900,,
2,2,,0.262469,0.050432,0.687099,,1336200,,
2,2,,0.370371,0.138286,0.491343,,1355600,,
2,2,,0.15573,0.282746,0.561524,,1339200,,
2,2,,0.461755,0.016014,0.522232,,1337700,,
2,2,,0.366594,0.014818,0.618589,,1342200,,
2,2,,0.259297,0.216036,0.524667,,1341400,,
2,2,,0.218764,0.122303,0.658933,,1376400,,
2,2,,0.266288,0.06052,0.673192,,1340100,,
2,2,,0.354328,0.028876,0.616796,,1553300,,
2,2,,0.330903,0.154007,0.51509,,1957400,,
2,2,,0.373834,0.162409,0.463757,,2019900,,
2,2,,0.226355,0.314552,0.459093,,2019300,,
2,2,,0.181976,0.40726,0.410764,,1943800,,
2,2,,0.391978,0.062929,0.545093,,1904700,,
2,2,,0.3289,0.065911,0.605189,,2642600,,
2,2,,0.272627,0.073665,0.653709,,1919600,,
2,2,,0.155576,0.227112,0.617312,,1977500,,
2,2,,0.229939,0.187538,0.582523,,1958800,,
2,2,,0.30083,0.062926,0.636244,,1960900,,
2,2,,0.117869,0.250232,0.6319,,1988900,,
2,2,,0.167938,0.297825,0.534237,,1938200,,
2,2,,0.13914,0.300446,0.560414,,1950400,,
2,2,,0.399424,0.084876,0.515701,,1978200,,
2,2,,0.231922,0.15379,0.614288,,1370700,,
2,2,,0.308814,0.065404,0.625782,,1340500,,
2,2,,0.237357,0.199402,0.563241,,1336800,,
2,2,,0.300799,0.055134,0.644067,,1347600,,
2,2,,0.3449,0.043146,0.611954,,1360200,,
2,2,,0.201255,0.225114,0.573631,,1459400,,
2,2,,0.168816,0.225566,0.605618,,1402400,,
2,2,,0.217789,0.241158,0.541053,,1376700,,
2,2,,0.150781,0.22006,0.629158,,1369000,,
2,2,,0.339796,0.055663,0.604542,,1386100,,
2,2,,0.277647,0.111716,0.610636,,1386200,,
2,2,,0.201826,0.296046,0.502128,,1369700,,
2,2,,0.388796,0.066828,0.544376,,1372500,,
2,2,,0.352481,0.091705,0.555814,,1379000,,
2,2,,0.355433,0.102503,0.542064,,1374400,,
2,2,,0.190705,0.148111,0.661184,,1370300,,
2,2,,0.22941,0.226625,0.543965,,1372700,,
2,2,,0.089405,0.373391,0.537204,,1379000,,
2,2,,0.146132,0.23485,0.619018,,1381400,,
2,2,,0.127019,0.260487,0.612494,,1377700,,
2,2,,0.471221,0.018148,0.510631,,1385500,,
2,2,,0.176166,0.250579,0.573255,,1381200,,
2,2,,0.179392,0.241875,0.578732,,1345900,,
2,2,,0.145323,0.115417,0.73926,,1349700,,
2,2,,0.371619,0.034106,0.594275,,1358100,,
2,2,,0.393497,0.034668,0.571835,,1345600,,
2,2,,0.290788,0.046902,0.66231,,1338800,,
2,2,,0.157832,0.24947,0.592699,,1337900,,
2,2,,0.410994,0.053163,0.535843,,1367300,,
2,2,,0.138927,0.380199,0.480874,,1347300,,
2,1,,0.117236,0.509526,0.373238,,1354900,,
2,2,,0.133865,0.398608,0.467527,,1355700,,
2,2,,0.302976,0.163428,0.533596,,1343600,,
2,2,,0.297118,0.165746,0.537136,,1334600,,
2,2,,0.404541,0.070826,0.524632,,1360400,,
2,2,,0.283707,0.113293,0.603,,1370000,,
2,2,,0.320167,0.131039,0.548794,,1399600,,
2,1,,0.146879,0.449107,0.404015,,1397700,,
2,2,,0.105718,0.309651,0.58463,,1398100,,
2,2,,0.318174,0.036415,0.645411,,1409700,,
2,2,,0.097708,0.288543,0.613749,,1448800,,
2,2,,0.451512,0.036564,0.511925,,1394300,,
2,1,,0.138302,0.459436,0.402261,,1411700,,
2,2,,0.101545,0.393609,0.504846,,1387400,,
2,2,,0.064043,0.439476,0.496481,,1385800,,
2,2,,0.300474,0.19578,0.503745,,1391400,,
2,2,,0.28069,0.212832,0.506478,,1388900,,
2,2,,0.131556,0.233591,0.634854,,1388300,,
2,2,,0.236872,0.053737,0.709391,,1395400,,
2,2,,0.343402,0.122829,0.533769,,1387100,,
2,2,,0.251512,0.065519,0.682969,,1394900,,
2,1,,0.089222,0.476025,0.434752,,1421100,,
2,2,,0.249315,0.2102,0.540485,,1397200,,
2,2,,0.191886,0.3935,0.414614,,1434100,,
2,2,,0.067575,0.270641,0.661784,,1391000,,
2,2,,0.125288,0.423571,0.451141,,1357100,,
2,2,,0.167481,0.105259,0.72726,,1350300,,
2,2,,0.198784,0.351007,0.450209,,1362800,,
2,2,,0.299271,0.123486,0.577243,,1352300,,
2,2,,0.398154,0.055771,0.546075,,1348900,,
2,2,,0.108495,0.386493,0.505011,,1343000,,
2,2,,0.235621,0.172806,0.591574,,1343900,,
2,2,,0.162128,0.25376,0.584113,,1339700,,
2,2,,0.38815,0.016245,0.595605,,1351900,,
2,2,,0.069642,0.449465,0.480892,,1353900,,
2,2,,0.232193,0.198485,0.569321,,1340900,,
2,2,,0.227103,0.226832,0.546066,,1328600,,
2,2,,0.280072,0.195089,0.524839,,1339400,,
2,2,,0.226712,0.232771,0.540516,,1343900,,
2,2,,0.336316,0.110703,0.552982,,1345800,,
2,2,,0.389231,0.066227,0.544542,,1349500,,
2,2,,0.332223,0.173817,0.49396,,1370600,,
2,2,,0.155088,0.248686,0.596226,,1381300,,
2,2,,0.356269,0.079648,0.564083,,1377700,,
2,2,,0.077961,0.411161,0.510878,,1412000,,
2,2,,0.362637,0.207066,0.430297,,1388500,,
2,2,,0.306195,0.074127,0.619678,,1351400,,
2,2,,0.129968,0.308502,0.56153,,1345100,,
2,2,,0.199067,0.268396,0.532537,,1363600,,
2,2,,0.350055,0.067437,0.582508,,1365900,,
2,2,,0.418399,0.028215,0.553386,,1359500,,
2,2,,0.439576,0.016657,0.543766,,1359500,,
2,2,,0.126939,0.408536,0.464525,,1356000,,
2,2,,0.192261,0.11277,0.694969,,1372100,,
2,2,,0.193594,0.251345,0.555062,,1361000,,
2,2,,0.111375,0.271009,0.617616,,1360000,,
2,2,,0.304552,0.067538,0.627911,,1398000,,
2,2,,0.074258,0.384057,0.541685,,1352600,,
2,2,,0.36986,0.053702,0.576439,,1356900,,
2,2,,0.210099,0.126612,0.663289,,1364000,,
