waveform-noise,CWE,test,1,NANOSECONDS,PREDICTIONS, Generated by ClassifierExperiments.java on 2022-05-17 03:04:29.    SYSTEMPROPERTIES:{user.name:matth,os.arch:amd64,os.name:Windows 10},ENDSYSTEMPROPERTIES
No parameter info
0.7362637362637363,1532529300,1407742000,-1,75375592,3,,-1,-1
0,1,,0.353192,0.608769,0.038039,,1554600,,
0,1,,0.375921,0.585184,0.038895,,1444500,,
0,0,,0.573696,0.19761,0.228693,,1399800,,
0,0,,0.463574,0.293424,0.243001,,1388500,,
0,0,,0.383886,0.240989,0.375125,,1390600,,
0,1,,0.333762,0.559599,0.106639,,1390200,,
0,2,,0.413926,0.088201,0.497873,,1387100,,
0,0,,0.485012,0.362836,0.152152,,1383800,,
0,2,,0.376481,0.246181,0.377338,,1388400,,
0,0,,0.520659,0.415307,0.064033,,1401900,,
0,1,,0.448175,0.497946,0.053879,,1385900,,
0,1,,0.4186,0.474856,0.106544,,1389000,,
0,0,,0.530004,0.289637,0.180359,,1388000,,
0,2,,0.356308,0.077888,0.565804,,1390700,,
0,1,,0.281524,0.613936,0.10454,,1390900,,
0,0,,0.505554,0.206311,0.288135,,1410400,,
0,0,,0.518664,0.23258,0.248756,,1394000,,
0,2,,0.322689,0.067033,0.610278,,1398900,,
0,1,,0.391502,0.424723,0.183775,,1399900,,
0,0,,0.463566,0.282234,0.2542,,1437900,,
0,1,,0.269956,0.60619,0.123853,,1386800,,
0,1,,0.430535,0.452867,0.116598,,1395200,,
0,2,,0.429765,0.108927,0.461308,,1393700,,
0,0,,0.468908,0.152297,0.378795,,1406400,,
0,2,,0.388861,0.186293,0.424846,,1404000,,
0,1,,0.259464,0.661555,0.078981,,1390100,,
0,0,,0.441458,0.145785,0.412757,,1380900,,
0,0,,0.488187,0.102696,0.409117,,1382100,,
0,1,,0.429783,0.432869,0.137348,,1385400,,
0,1,,0.282564,0.656062,0.061374,,1397300,,
0,0,,0.546758,0.144167,0.309075,,1401200,,
0,2,,0.432888,0.063543,0.503569,,1400300,,
0,2,,0.341532,0.060624,0.597843,,1380200,,
0,1,,0.396419,0.468232,0.135349,,1397100,,
0,1,,0.342621,0.501339,0.156041,,1434600,,
0,0,,0.520148,0.345007,0.134846,,1453600,,
0,1,,0.322815,0.6175,0.059686,,1387700,,
0,1,,0.455065,0.495953,0.048982,,1383800,,
0,0,,0.412966,0.300657,0.286377,,1387900,,
0,2,,0.383588,0.062499,0.553913,,1391200,,
0,2,,0.431288,0.078629,0.490083,,1388300,,
0,1,,0.38066,0.530508,0.088832,,1384700,,
0,1,,0.381924,0.519778,0.098298,,1382400,,
0,2,,0.243508,0.152462,0.604029,,1391000,,
0,1,,0.302333,0.6415,0.056167,,1412500,,
0,0,,0.439867,0.137186,0.422947,,1399100,,
0,0,,0.484506,0.217003,0.298491,,1387900,,
0,1,,0.320512,0.638235,0.041253,,1417700,,
0,0,,0.466845,0.167132,0.366023,,1380300,,
0,1,,0.350443,0.567443,0.082115,,1427300,,
0,0,,0.411042,0.393773,0.195186,,1397500,,
0,1,,0.37963,0.559987,0.060383,,1388700,,
0,2,,0.397049,0.113231,0.489719,,1396300,,
0,2,,0.322619,0.079632,0.597749,,1388600,,
0,1,,0.387727,0.495687,0.116586,,1390700,,
0,0,,0.4826,0.348745,0.168655,,1389300,,
0,0,,0.518919,0.309655,0.171426,,1392200,,
0,1,,0.386229,0.387494,0.226277,,1390200,,
0,1,,0.349681,0.618839,0.03148,,1405500,,
0,0,,0.460133,0.223077,0.31679,,1450500,,
0,2,,0.391859,0.155907,0.452234,,1387700,,
0,2,,0.354181,0.094844,0.550975,,1387700,,
0,0,,0.576223,0.150324,0.273452,,1382600,,
0,1,,0.406529,0.457318,0.136152,,1395800,,
0,1,,0.359416,0.550384,0.0902,,1382100,,
0,1,,0.389701,0.538149,0.07215,,1391600,,
0,1,,0.291089,0.611979,0.096932,,1398400,,
0,1,,0.411577,0.491332,0.097091,,1403000,,
0,0,,0.524744,0.251701,0.223555,,1393900,,
0,2,,0.336053,0.125446,0.538501,,1444200,,
0,2,,0.380561,0.13256,0.486879,,1395100,,
0,1,,0.310006,0.667931,0.022063,,1387500,,
0,1,,0.340154,0.640699,0.019147,,1381100,,
0,0,,0.574481,0.166632,0.258886,,1391200,,
0,1,,0.433672,0.54056,0.025768,,1401200,,
0,2,,0.41491,0.114547,0.470542,,1386400,,
0,1,,0.198745,0.729994,0.071261,,1388500,,
0,1,,0.304979,0.614356,0.080665,,1417200,,
0,0,,0.436122,0.376549,0.187329,,1376100,,
0,0,,0.486015,0.414003,0.099982,,1387700,,
0,2,,0.414968,0.084203,0.500829,,1396000,,
0,0,,0.524513,0.296961,0.178525,,1388400,,
0,1,,0.334623,0.458702,0.206675,,1387600,,
0,1,,0.398936,0.508959,0.092105,,1385300,,
0,0,,0.49553,0.186039,0.318431,,1385500,,
0,2,,0.410095,0.064333,0.525571,,1387400,,
0,2,,0.257228,0.160063,0.582709,,1382900,,
0,1,,0.369037,0.508202,0.122761,,1394200,,
0,2,,0.378314,0.23961,0.382076,,1419000,,
0,0,,0.513973,0.161901,0.324127,,1387600,,
0,1,,0.365161,0.576817,0.058022,,1393600,,
0,0,,0.368888,0.293449,0.337663,,1385800,,
0,0,,0.490659,0.226693,0.282648,,1381900,,
0,2,,0.413639,0.161792,0.424569,,1381900,,
0,0,,0.533191,0.223577,0.243233,,1388100,,
0,1,,0.318712,0.615913,0.065375,,1396100,,
0,2,,0.477191,0.02078,0.502029,,1386500,,
0,0,,0.543217,0.289715,0.167069,,1385800,,
0,0,,0.474711,0.39698,0.128309,,1382000,,
0,1,,0.344007,0.53837,0.117623,,1410600,,
0,0,,0.557366,0.302029,0.140605,,1382700,,
0,2,,0.43584,0.064173,0.499988,,1381200,,
0,0,,0.504637,0.26595,0.229413,,1413700,,
0,2,,0.416203,0.106048,0.47775,,1382400,,
0,2,,0.307027,0.047866,0.645107,,1383400,,
0,1,,0.288333,0.665847,0.04582,,1385300,,
0,2,,0.406964,0.12419,0.468846,,1373100,,
0,0,,0.46002,0.094913,0.445067,,1383300,,
0,0,,0.474093,0.462298,0.06361,,1385300,,
0,1,,0.423419,0.454483,0.122098,,1393800,,
0,0,,0.480592,0.120516,0.398892,,1428000,,
0,2,,0.345909,0.181061,0.47303,,1389100,,
0,1,,0.350328,0.562633,0.087039,,1382300,,
0,2,,0.294903,0.066289,0.638808,,1388500,,
0,2,,0.371148,0.123696,0.505156,,1394900,,
0,2,,0.45054,0.097667,0.451793,,1398800,,
0,1,,0.368981,0.556454,0.074565,,1399800,,
0,0,,0.531556,0.174022,0.294422,,1415100,,
0,1,,0.443757,0.45109,0.105153,,1381800,,
0,0,,0.465158,0.217886,0.316956,,1384600,,
0,0,,0.466452,0.419853,0.113695,,1386600,,
0,1,,0.314326,0.663579,0.022095,,1372900,,
0,2,,0.410075,0.115147,0.474779,,1379500,,
0,1,,0.411695,0.463686,0.124619,,1380800,,
0,2,,0.413274,0.141398,0.445328,,1387400,,
0,1,,0.303742,0.658219,0.038039,,1389000,,
0,0,,0.532943,0.132811,0.334245,,1383700,,
0,1,,0.384147,0.542593,0.07326,,1381700,,
0,2,,0.367296,0.168321,0.464383,,1385200,,
0,0,,0.469718,0.429016,0.101266,,1382400,,
0,1,,0.448163,0.491008,0.060829,,1388000,,
0,2,,0.423424,0.129301,0.447275,,1422500,,
0,2,,0.324153,0.126415,0.549431,,1404000,,
0,1,,0.288499,0.684407,0.027093,,1778300,,
0,2,,0.384519,0.079309,0.536171,,3458200,,
0,0,,0.490919,0.416058,0.093023,,3090800,,
0,0,,0.494531,0.350867,0.154601,,2500100,,
0,0,,0.547917,0.09704,0.355043,,1822900,,
0,1,,0.347794,0.531055,0.121151,,1817600,,
0,1,,0.46331,0.463856,0.072833,,1910800,,
0,2,,0.395395,0.020847,0.583758,,1617200,,
0,0,,0.479941,0.094104,0.425955,,1378800,,
0,1,,0.432339,0.453907,0.113754,,1478300,,
0,1,,0.324745,0.551509,0.123746,,1459300,,
0,0,,0.489552,0.4566,0.053847,,1406100,,
0,0,,0.507508,0.249712,0.24278,,1388300,,
0,1,,0.433281,0.494039,0.07268,,1380700,,
0,1,,0.289731,0.681148,0.02912,,1381400,,
0,1,,0.333669,0.571195,0.095136,,1402100,,
0,1,,0.348267,0.555973,0.09576,,1375000,,
0,2,,0.444939,0.107382,0.447679,,1387900,,
0,1,,0.457663,0.466837,0.0755,,1382700,,
0,0,,0.547105,0.255903,0.196992,,1382600,,
0,2,,0.36552,0.215571,0.418909,,1394500,,
0,0,,0.414072,0.383177,0.202751,,1407000,,
0,1,,0.283742,0.67142,0.044838,,1385000,,
0,0,,0.518507,0.273741,0.207752,,1384200,,
0,1,,0.30597,0.674963,0.019067,,1383000,,
0,0,,0.449705,0.159411,0.390884,,1386500,,
0,0,,0.579432,0.14427,0.276298,,1397200,,
0,2,,0.411634,0.125542,0.462824,,1388000,,
0,2,,0.378771,0.060937,0.560292,,1402900,,
0,0,,0.553599,0.147042,0.299359,,1369300,,
0,1,,0.428858,0.546355,0.024787,,1369600,,
0,1,,0.370696,0.43732,0.191984,,1396400,,
0,1,,0.336986,0.350276,0.312738,,1380500,,
0,2,,0.442616,0.063853,0.493531,,1374000,,
0,0,,0.40014,0.328808,0.271052,,1363500,,
0,2,,0.392978,0.074323,0.532699,,1381700,,
0,1,,0.31567,0.637326,0.047004,,1401500,,
0,1,,0.391042,0.589566,0.019392,,1370200,,
0,1,,0.420919,0.51513,0.063951,,1375500,,
0,0,,0.433698,0.211361,0.354941,,1386000,,
0,1,,0.266661,0.458234,0.275105,,1369700,,
0,2,,0.391137,0.151628,0.457236,,1373200,,
0,1,,0.408378,0.521116,0.070507,,1390000,,
0,1,,0.420451,0.519796,0.059753,,1387000,,
0,0,,0.439535,0.174584,0.385881,,1383000,,
0,2,,0.373873,0.111438,0.514689,,1386500,,
0,0,,0.496556,0.07863,0.424815,,1379700,,
0,2,,0.230278,0.148095,0.621627,,1412400,,
0,1,,0.38691,0.538647,0.074443,,1388300,,
0,1,,0.429632,0.511054,0.059315,,1396900,,
0,0,,0.586762,0.259472,0.153766,,1401400,,
0,1,,0.33214,0.625161,0.042699,,1384100,,
0,0,,0.460808,0.10716,0.432032,,1383500,,
0,0,,0.472723,0.419592,0.107685,,1377800,,
0,0,,0.548279,0.312298,0.139422,,1428300,,
0,2,,0.393448,0.187453,0.419099,,1378300,,
0,0,,0.446667,0.378872,0.174461,,1415800,,
0,2,,0.337681,0.24547,0.416849,,1382300,,
0,0,,0.46045,0.412861,0.12669,,1418000,,
0,0,,0.473,0.197862,0.329138,,1376000,,
0,0,,0.431898,0.365447,0.202654,,1376900,,
0,0,,0.467394,0.116853,0.415753,,1401900,,
0,1,,0.444798,0.490934,0.064268,,1378700,,
0,0,,0.480005,0.265712,0.254283,,1365700,,
0,1,,0.334033,0.602472,0.063495,,1423200,,
0,1,,0.399032,0.411828,0.18914,,1393800,,
0,1,,0.362545,0.598467,0.038987,,1384000,,
0,0,,0.60947,0.177659,0.212872,,1374900,,
0,2,,0.374477,0.074324,0.551199,,1408500,,
0,1,,0.380515,0.517799,0.101686,,1409400,,
0,1,,0.369241,0.54882,0.081939,,1380800,,
0,1,,0.345303,0.63438,0.020317,,1402600,,
0,0,,0.430253,0.28043,0.289318,,1390200,,
0,1,,0.428717,0.521251,0.050032,,1380400,,
0,1,,0.414632,0.551304,0.034064,,1383000,,
0,0,,0.480938,0.440591,0.078472,,1397200,,
0,1,,0.319218,0.579506,0.101276,,1384800,,
0,0,,0.48908,0.325895,0.185025,,1379600,,
0,2,,0.411558,0.08242,0.506021,,1379800,,
0,2,,0.327883,0.094829,0.577288,,1414100,,
0,2,,0.408934,0.066152,0.524914,,1373800,,
0,0,,0.510534,0.1836,0.305866,,1372400,,
0,0,,0.490388,0.283543,0.226069,,1407000,,
0,1,,0.31839,0.599666,0.081945,,1383100,,
0,0,,0.59572,0.261372,0.142908,,1388400,,
0,2,,0.343413,0.239206,0.417381,,1369200,,
0,0,,0.434477,0.327855,0.237668,,1378300,,
0,0,,0.576342,0.134168,0.28949,,1393000,,
0,0,,0.577071,0.212728,0.210201,,1379500,,
0,0,,0.538891,0.218738,0.242371,,1377100,,
0,0,,0.482722,0.283877,0.233402,,1434300,,
0,2,,0.354744,0.076255,0.569001,,1388500,,
0,2,,0.30174,0.127451,0.57081,,1394600,,
0,1,,0.446429,0.465746,0.087825,,1384900,,
0,1,,0.339243,0.587402,0.073355,,1416500,,
0,2,,0.324346,0.11215,0.563504,,1386500,,
0,1,,0.4216,0.453446,0.124953,,1426600,,
0,2,,0.4221,0.063853,0.514047,,1394500,,
0,1,,0.277175,0.647629,0.075196,,1413100,,
0,1,,0.387745,0.558787,0.053468,,1375400,,
0,0,,0.570063,0.075631,0.354307,,1370000,,
0,0,,0.454501,0.110368,0.435131,,1436900,,
0,1,,0.348539,0.546721,0.104739,,1392000,,
0,0,,0.516777,0.284898,0.198325,,1384400,,
0,0,,0.523866,0.266497,0.209637,,1399100,,
0,0,,0.447219,0.444494,0.108287,,1378800,,
0,0,,0.573735,0.092955,0.33331,,1393400,,
0,0,,0.413065,0.182835,0.4041,,1386900,,
0,2,,0.386407,0.099891,0.513702,,1391800,,
0,0,,0.480806,0.09043,0.428764,,1382800,,
0,1,,0.342183,0.385987,0.27183,,1611600,,
0,0,,0.566326,0.17937,0.254304,,1404300,,
0,1,,0.362689,0.531974,0.105337,,1393300,,
0,0,,0.489032,0.240454,0.270515,,1385500,,
0,0,,0.557878,0.178853,0.263269,,1377000,,
0,2,,0.336314,0.126875,0.536812,,1379300,,
0,1,,0.304509,0.615845,0.079645,,1379600,,
0,1,,0.420409,0.435861,0.14373,,1380400,,
0,2,,0.409629,0.112761,0.47761,,1380600,,
0,0,,0.528684,0.317602,0.153714,,1392500,,
0,1,,0.362744,0.565235,0.07202,,1389400,,
0,1,,0.373337,0.477096,0.149567,,1445400,,
0,2,,0.336854,0.071574,0.591572,,1414300,,
0,0,,0.45156,0.262482,0.285958,,1383200,,
0,2,,0.436179,0.066079,0.497742,,1386400,,
0,2,,0.385973,0.172548,0.441479,,1383400,,
0,0,,0.482063,0.33476,0.183177,,1440600,,
0,1,,0.346637,0.608581,0.044782,,1495000,,
0,1,,0.370864,0.593213,0.035923,,1392300,,
0,2,,0.373795,0.072286,0.553919,,1403700,,
0,0,,0.455291,0.101709,0.443,,1383700,,
0,0,,0.448669,0.105731,0.4456,,1387800,,
0,0,,0.512553,0.19311,0.294338,,1404000,,
0,2,,0.409437,0.132654,0.45791,,1381200,,
0,2,,0.407583,0.119379,0.473038,,1375100,,
0,0,,0.401127,0.336957,0.261916,,1370700,,
0,1,,0.351114,0.512267,0.136619,,1375900,,
0,0,,0.385255,0.281169,0.333577,,1379800,,
0,0,,0.474578,0.408535,0.116887,,1378700,,
0,1,,0.344616,0.539565,0.115819,,1371800,,
0,0,,0.509911,0.150442,0.339646,,1375800,,
0,1,,0.393496,0.436102,0.170402,,1372000,,
0,0,,0.492005,0.430732,0.077263,,1409800,,
0,0,,0.460322,0.149486,0.390192,,1394100,,
0,1,,0.298846,0.679378,0.021776,,1421000,,
0,1,,0.332844,0.622044,0.045113,,1378400,,
0,0,,0.469664,0.418461,0.111874,,1376600,,
0,1,,0.266019,0.593091,0.14089,,1378100,,
0,1,,0.285355,0.651544,0.063101,,1370300,,
0,1,,0.412499,0.450767,0.136734,,1373700,,
0,0,,0.428858,0.159926,0.411215,,1384500,,
0,0,,0.448434,0.35345,0.198117,,1388500,,
0,1,,0.350523,0.58969,0.059787,,1389900,,
0,2,,0.308655,0.043038,0.648307,,1379100,,
0,2,,0.33822,0.091049,0.570731,,1376500,,
0,2,,0.353212,0.18046,0.466328,,1380200,,
0,1,,0.287597,0.625339,0.087063,,1510400,,
0,2,,0.384098,0.172734,0.443168,,3193300,,
0,2,,0.289628,0.162121,0.548251,,3091600,,
0,1,,0.376303,0.427313,0.196384,,1450900,,
0,0,,0.437557,0.131404,0.431039,,1486100,,
0,0,,0.529075,0.267377,0.203548,,1393500,,
0,1,,0.296887,0.622275,0.080838,,1396600,,
0,0,,0.517566,0.363483,0.118951,,1482200,,
0,2,,0.395919,0.103273,0.500809,,1383600,,
0,0,,0.489239,0.210994,0.299767,,1378200,,
0,1,,0.453322,0.484167,0.062511,,1379800,,
0,1,,0.322461,0.577773,0.099767,,1376900,,
0,0,,0.449407,0.366294,0.184299,,1391400,,
0,0,,0.458289,0.306745,0.234966,,1387100,,
0,0,,0.491013,0.374202,0.134785,,1399900,,
0,1,,0.306415,0.672054,0.021531,,1384800,,
0,0,,0.512285,0.126915,0.3608,,1385800,,
0,2,,0.396784,0.148253,0.454963,,1376600,,
0,1,,0.332909,0.545271,0.12182,,1383400,,
0,1,,0.333475,0.583669,0.082855,,1383800,,
0,2,,0.36109,0.104367,0.534543,,1383600,,
0,2,,0.418855,0.155079,0.426067,,1376500,,
0,2,,0.434851,0.060222,0.504926,,1400900,,
0,2,,0.182041,0.068982,0.748977,,1397000,,
0,0,,0.488595,0.165158,0.346247,,1390400,,
0,0,,0.496693,0.160503,0.342804,,1389000,,
0,0,,0.504592,0.227711,0.267696,,1383400,,
0,0,,0.499988,0.429084,0.070928,,1395900,,
0,0,,0.471413,0.373636,0.154951,,1405200,,
0,2,,0.327667,0.079,0.593334,,1388100,,
0,0,,0.442759,0.210141,0.3471,,1389600,,
0,2,,0.378673,0.113596,0.507731,,1379900,,
0,1,,0.392182,0.410889,0.196929,,1406000,,
0,1,,0.430877,0.523636,0.045487,,1387100,,
0,0,,0.478846,0.254289,0.266865,,1387400,,
0,1,,0.325587,0.569426,0.104987,,1435500,,
0,2,,0.432287,0.115415,0.452297,,1392100,,
0,1,,0.325889,0.636175,0.037937,,1404300,,
0,0,,0.454533,0.344947,0.20052,,1389200,,
0,2,,0.423456,0.073256,0.503288,,1430800,,
0,2,,0.31557,0.102253,0.582177,,1395400,,
0,2,,0.37443,0.075401,0.550169,,1382300,,
0,2,,0.43406,0.079445,0.486494,,1389600,,
0,0,,0.535257,0.311563,0.153181,,1386300,,
0,1,,0.411591,0.467494,0.120916,,1383300,,
0,2,,0.398971,0.098071,0.502957,,1382000,,
0,1,,0.421814,0.514206,0.06398,,1391900,,
0,1,,0.298858,0.61846,0.082682,,1386600,,
0,0,,0.461539,0.227615,0.310846,,1389300,,
0,1,,0.226868,0.703106,0.070026,,1394000,,
1,1,,0.193488,0.642109,0.164403,,1389700,,
1,1,,0.243051,0.531297,0.225652,,1417900,,
1,1,,0.257747,0.549096,0.193157,,1385000,,
1,1,,0.219843,0.703474,0.076683,,1381300,,
1,1,,0.218582,0.582538,0.198879,,1383500,,
1,1,,0.182104,0.667089,0.150806,,1378400,,
1,1,,0.114981,0.525042,0.359978,,1424600,,
1,1,,0.209836,0.667509,0.122655,,1405100,,
1,2,,0.123792,0.308987,0.567222,,1398000,,
1,1,,0.279156,0.645042,0.075802,,1386200,,
1,1,,0.300714,0.66331,0.035976,,1383700,,
1,2,,0.148965,0.374462,0.476573,,1422800,,
1,1,,0.134267,0.5033,0.362432,,1457600,,
1,1,,0.34343,0.597759,0.05881,,1412400,,
1,1,,0.154165,0.658477,0.187358,,1397600,,
1,1,,0.109154,0.641901,0.248945,,1387800,,
1,1,,0.108325,0.655444,0.236231,,1397300,,
1,1,,0.136836,0.468696,0.394467,,1389100,,
1,1,,0.143069,0.565087,0.291844,,1391600,,
1,1,,0.32913,0.649339,0.021531,,1389300,,
1,1,,0.122547,0.633184,0.244269,,1404500,,
1,1,,0.124445,0.459025,0.416529,,1415300,,
1,1,,0.104266,0.500834,0.3949,,1394800,,
1,1,,0.176243,0.600755,0.223002,,1503700,,
1,1,,0.227491,0.610978,0.16153,,1406100,,
1,2,,0.134523,0.427076,0.438401,,1418300,,
1,1,,0.214895,0.663967,0.121138,,1421200,,
1,1,,0.119107,0.532723,0.34817,,1421500,,
1,1,,0.082001,0.543572,0.374427,,1421000,,
1,1,,0.36506,0.558414,0.076526,,1413300,,
1,1,,0.163379,0.438432,0.398189,,1417900,,
1,1,,0.265155,0.663602,0.071242,,1411800,,
1,1,,0.338852,0.642001,0.019147,,1411800,,
1,1,,0.185213,0.678919,0.135868,,1408000,,
1,1,,0.282048,0.672404,0.045548,,1436600,,
1,1,,0.106885,0.697973,0.195143,,1400000,,
1,1,,0.229143,0.566495,0.204361,,1388800,,
1,1,,0.298332,0.612338,0.08933,,1390200,,
1,1,,0.121893,0.604294,0.273813,,1383900,,
1,1,,0.19992,0.400338,0.399742,,1385600,,
1,1,,0.290123,0.674757,0.035119,,1385500,,
1,1,,0.157923,0.58106,0.261017,,1389900,,
1,2,,0.116897,0.353372,0.529731,,1397800,,
1,1,,0.330432,0.501762,0.167806,,1398500,,
1,1,,0.264473,0.662955,0.072572,,1393200,,
1,1,,0.109356,0.579014,0.31163,,1386100,,
1,1,,0.358996,0.586395,0.054609,,1383700,,
1,1,,0.197112,0.7101,0.092787,,1384700,,
1,1,,0.306061,0.565809,0.12813,,1381300,,
1,1,,0.085717,0.458505,0.455779,,1398800,,
1,1,,0.326034,0.610123,0.063843,,1399700,,
1,1,,0.254463,0.691744,0.053793,,1412800,,
1,1,,0.268264,0.659685,0.072051,,1389700,,
1,1,,0.158575,0.673822,0.167603,,1413200,,
1,2,,0.128141,0.322707,0.549152,,1409500,,
1,1,,0.361912,0.432466,0.205622,,1460700,,
1,1,,0.247476,0.597294,0.15523,,1485700,,
1,1,,0.109676,0.607595,0.282728,,1426900,,
1,1,,0.303982,0.635783,0.060235,,1397700,,
1,1,,0.311731,0.623436,0.064833,,1396900,,
1,1,,0.254339,0.48507,0.260591,,1407400,,
1,1,,0.101162,0.636559,0.262279,,1399500,,
1,1,,0.192401,0.771021,0.036578,,1400000,,
1,1,,0.155259,0.586574,0.258167,,1407400,,
1,1,,0.333265,0.644001,0.022734,,1427200,,
1,1,,0.169262,0.480613,0.350124,,1382200,,
1,1,,0.320753,0.558145,0.121102,,1396200,,
1,1,,0.323147,0.597672,0.079181,,1400700,,
1,1,,0.153166,0.608335,0.238499,,1398200,,
1,1,,0.09871,0.52883,0.372461,,1405800,,
1,1,,0.17039,0.712868,0.116743,,1408500,,
1,1,,0.327305,0.639793,0.032901,,1509900,,
1,1,,0.119685,0.662023,0.218292,,1417100,,
1,1,,0.088454,0.509329,0.402217,,1399900,,
1,1,,0.296977,0.572735,0.130288,,1396800,,
1,1,,0.15443,0.621969,0.2236,,1389200,,
1,1,,0.164516,0.694927,0.140557,,1409400,,
1,1,,0.265648,0.510663,0.223689,,1428900,,
1,1,,0.203522,0.694177,0.102301,,1395800,,
1,1,,0.161889,0.669949,0.168161,,1394100,,
1,1,,0.191429,0.647171,0.1614,,1405700,,
1,1,,0.245862,0.673033,0.081105,,1404600,,
1,1,,0.273752,0.665571,0.060677,,1390500,,
1,1,,0.296066,0.664652,0.039282,,1386100,,
1,1,,0.128949,0.595378,0.275674,,1400100,,
1,1,,0.273156,0.695684,0.03116,,1407200,,
1,1,,0.122572,0.62391,0.253518,,1400200,,
1,1,,0.276481,0.68548,0.038039,,1395800,,
1,1,,0.277335,0.658322,0.064344,,1412800,,
1,1,,0.25839,0.611144,0.130466,,1405700,,
1,1,,0.1556,0.580072,0.264328,,1395300,,
1,1,,0.138838,0.485345,0.375817,,1402800,,
1,1,,0.181903,0.526976,0.291121,,1424100,,
1,1,,0.235502,0.622452,0.142046,,1396500,,
1,1,,0.272172,0.58855,0.139278,,1388700,,
1,1,,0.37993,0.562742,0.057328,,1390200,,
1,1,,0.132078,0.577158,0.290764,,1401700,,
1,1,,0.152889,0.473986,0.373124,,1394600,,
1,1,,0.216697,0.602122,0.18118,,1389200,,
1,1,,0.357549,0.585845,0.056606,,1395800,,
1,1,,0.282112,0.695098,0.02279,,1389200,,
1,1,,0.170879,0.682816,0.146305,,1394100,,
1,1,,0.111134,0.625815,0.263051,,1391800,,
1,1,,0.231645,0.509827,0.258529,,1385000,,
1,1,,0.390634,0.509904,0.099462,,1373400,,
1,1,,0.373799,0.522404,0.103797,,1419300,,
1,1,,0.224063,0.642958,0.132979,,1396300,,
1,1,,0.28627,0.670112,0.043618,,1418700,,
1,1,,0.250692,0.603728,0.14558,,1390300,,
1,1,,0.112744,0.484298,0.402959,,1394100,,
1,1,,0.127297,0.439101,0.433601,,1383800,,
1,1,,0.312789,0.664185,0.023026,,1395000,,
1,1,,0.160505,0.511123,0.328372,,1392000,,
1,1,,0.143327,0.721133,0.13554,,1401400,,
1,1,,0.124792,0.460687,0.414521,,1398600,,
1,1,,0.143429,0.636681,0.21989,,1400700,,
1,1,,0.237477,0.609677,0.152845,,1393800,,
1,1,,0.358116,0.528602,0.113282,,1396400,,
1,1,,0.150572,0.64818,0.201248,,1386000,,
1,1,,0.269536,0.693083,0.037381,,1390000,,
1,1,,0.101948,0.663416,0.234636,,1403800,,
1,1,,0.172132,0.70614,0.121728,,1395900,,
1,1,,0.328592,0.647546,0.023862,,1394000,,
1,1,,0.346274,0.615578,0.038148,,1385900,,
1,1,,0.275427,0.667642,0.05693,,1391600,,
1,1,,0.148862,0.650659,0.20048,,1414600,,
1,1,,0.233571,0.448325,0.318104,,1398900,,
1,1,,0.257104,0.560669,0.182227,,1399100,,
1,1,,0.303159,0.602845,0.093995,,1398700,,
1,2,,0.117212,0.391053,0.491734,,1389700,,
1,1,,0.141988,0.672973,0.185039,,1392700,,
1,1,,0.146294,0.661973,0.191733,,1393400,,
1,1,,0.317687,0.643246,0.039067,,1387400,,
1,2,,0.158148,0.362693,0.479159,,1393500,,
1,1,,0.278902,0.661979,0.059119,,1747300,,
1,1,,0.270163,0.667875,0.061962,,1451800,,
1,1,,0.289538,0.672178,0.038284,,1394900,,
1,1,,0.262501,0.542162,0.195337,,1379400,,
1,1,,0.244828,0.480687,0.274485,,1401900,,
1,1,,0.282955,0.58543,0.131615,,1447000,,
1,1,,0.215126,0.68865,0.096224,,1398700,,
1,2,,0.125653,0.403506,0.470841,,1405500,,
1,1,,0.283447,0.677823,0.03873,,1401300,,
1,1,,0.202519,0.741351,0.05613,,1393000,,
1,2,,0.108468,0.369783,0.521749,,1387000,,
1,1,,0.1875,0.664771,0.147729,,1515400,,
1,1,,0.318528,0.637059,0.044413,,1376600,,
1,1,,0.402942,0.523803,0.073255,,1379100,,
1,1,,0.269552,0.617049,0.113399,,1380600,,
1,1,,0.276596,0.674978,0.048426,,1403900,,
1,1,,0.146537,0.635426,0.218037,,1411500,,
1,1,,0.26591,0.708338,0.025751,,1395000,,
1,1,,0.183673,0.610254,0.206073,,1399900,,
1,1,,0.272967,0.649983,0.07705,,1376400,,
1,1,,0.347499,0.582156,0.070345,,1455100,,
1,2,,0.094444,0.436473,0.469083,,1415200,,
1,1,,0.287767,0.679338,0.032895,,1415700,,
1,1,,0.194634,0.760503,0.044863,,1396500,,
1,1,,0.276118,0.648686,0.075196,,1391000,,
1,1,,0.11019,0.546027,0.343783,,1404700,,
1,1,,0.152809,0.6612,0.185991,,1391200,,
1,1,,0.106396,0.484455,0.409149,,1386800,,
1,1,,0.294498,0.682721,0.022781,,1384600,,
1,1,,0.137082,0.600669,0.26225,,1400900,,
1,2,,0.159567,0.4066,0.433833,,1397400,,
1,1,,0.360943,0.563468,0.075589,,1390900,,
1,1,,0.109824,0.57463,0.315546,,1403400,,
1,1,,0.293516,0.645081,0.061402,,1401500,,
1,1,,0.369111,0.595149,0.03574,,1391200,,
1,1,,0.171351,0.62632,0.202329,,1435600,,
1,1,,0.355904,0.574371,0.069725,,1454600,,
1,1,,0.103646,0.521336,0.375019,,1433100,,
1,1,,0.164079,0.709091,0.126831,,1412700,,
1,1,,0.199765,0.705249,0.094986,,1451100,,
1,1,,0.182244,0.638039,0.179716,,1418000,,
1,1,,0.187903,0.775436,0.036661,,1396800,,
1,1,,0.183274,0.651221,0.165506,,1402800,,
1,1,,0.149826,0.660149,0.190025,,1401200,,
1,1,,0.293317,0.623135,0.083548,,1508600,,
1,1,,0.218814,0.689931,0.091255,,1439900,,
1,1,,0.175445,0.70315,0.121405,,1409300,,
1,2,,0.108242,0.435817,0.455942,,1389000,,
1,1,,0.31108,0.652363,0.036557,,1452500,,
1,1,,0.282651,0.521694,0.195655,,1383200,,
1,1,,0.286739,0.639069,0.074192,,1457300,,
1,1,,0.177067,0.586664,0.236269,,1400500,,
1,1,,0.160194,0.612578,0.227227,,1395300,,
1,1,,0.242412,0.725466,0.032123,,1437700,,
1,1,,0.163099,0.499641,0.33726,,1400100,,
1,1,,0.161191,0.665128,0.173681,,1611500,,
1,1,,0.190996,0.666359,0.142645,,1392300,,
1,1,,0.316489,0.65559,0.027922,,1389700,,
1,1,,0.222258,0.629348,0.148395,,1389200,,
1,1,,0.100539,0.48189,0.417571,,1382400,,
1,1,,0.133394,0.616406,0.2502,,1390900,,
1,1,,0.131705,0.504989,0.363306,,1375400,,
1,1,,0.194508,0.67843,0.127062,,1381300,,
1,1,,0.164537,0.643746,0.191718,,1384100,,
1,1,,0.241966,0.660778,0.097256,,1390500,,
1,1,,0.199598,0.67836,0.122041,,1452500,,
1,1,,0.333215,0.636121,0.030664,,1400900,,
1,1,,0.156725,0.604859,0.238416,,1389000,,
1,1,,0.141959,0.656652,0.20139,,1385100,,
1,1,,0.172672,0.630396,0.196932,,1384300,,
1,1,,0.139312,0.705499,0.155189,,1394000,,
1,1,,0.270569,0.707163,0.022268,,1389300,,
1,1,,0.129529,0.577658,0.292813,,1373800,,
1,1,,0.327152,0.555469,0.117379,,1373600,,
1,1,,0.174332,0.721025,0.104643,,1385800,,
1,1,,0.156637,0.572563,0.2708,,1392600,,
1,1,,0.138195,0.53695,0.324855,,1389800,,
1,1,,0.145839,0.549958,0.304203,,1386400,,
1,1,,0.196942,0.700399,0.102659,,1663100,,
1,1,,0.301331,0.58504,0.11363,,1439500,,
1,1,,0.194956,0.69285,0.112194,,1454700,,
1,1,,0.184475,0.537311,0.278214,,1419700,,
1,1,,0.354684,0.543173,0.102143,,1433400,,
1,1,,0.399815,0.563992,0.036193,,1396300,,
1,1,,0.316526,0.618784,0.06469,,1410000,,
1,1,,0.129549,0.643323,0.227128,,1435300,,
1,1,,0.138431,0.647348,0.214221,,1430400,,
1,1,,0.25425,0.661707,0.084042,,1402100,,
1,1,,0.115326,0.613254,0.271419,,1433100,,
1,1,,0.168843,0.524907,0.30625,,1459200,,
1,1,,0.09162,0.582822,0.325558,,1420400,,
1,1,,0.114638,0.498021,0.387341,,1412200,,
1,1,,0.163526,0.690036,0.146438,,1410600,,
1,1,,0.277264,0.662865,0.059871,,1535900,,
1,1,,0.272388,0.706081,0.021531,,1387800,,
1,1,,0.107318,0.452074,0.440608,,1379100,,
1,1,,0.292221,0.625458,0.082321,,1372600,,
1,1,,0.331723,0.646495,0.021781,,1369400,,
1,1,,0.197281,0.630679,0.17204,,1373800,,
1,1,,0.113463,0.445798,0.440739,,1388400,,
1,1,,0.380599,0.533533,0.085868,,1393100,,
1,1,,0.351353,0.519206,0.129442,,1382000,,
1,1,,0.132845,0.670791,0.196365,,1376200,,
1,1,,0.388305,0.566587,0.045108,,1392300,,
1,1,,0.127563,0.688769,0.183668,,1399800,,
1,2,,0.143205,0.320452,0.536343,,1391200,,
1,1,,0.225828,0.697723,0.076449,,1383900,,
1,1,,0.221259,0.738659,0.040082,,1387300,,
1,1,,0.13529,0.683331,0.181379,,1388400,,
1,1,,0.3263,0.636134,0.037566,,1408100,,
1,1,,0.094159,0.588889,0.316952,,1388900,,
1,1,,0.230617,0.612336,0.157047,,1417500,,
1,1,,0.129851,0.664574,0.205575,,1384200,,
1,1,,0.225879,0.63882,0.1353,,1380300,,
1,1,,0.133715,0.667054,0.199231,,1381400,,
1,1,,0.185879,0.655841,0.158279,,1379600,,
1,1,,0.117553,0.586176,0.296271,,1367900,,
1,1,,0.14432,0.56831,0.28737,,1387600,,
1,1,,0.179116,0.599411,0.221473,,1378500,,
1,1,,0.275657,0.690141,0.034202,,1386200,,
1,1,,0.246057,0.64418,0.109762,,1386400,,
1,1,,0.237738,0.652082,0.110179,,1397400,,
1,1,,0.198728,0.665163,0.136109,,1379100,,
1,1,,0.212572,0.566575,0.220853,,1381300,,
1,1,,0.173111,0.676817,0.150072,,1380200,,
1,1,,0.293885,0.551476,0.154639,,1381500,,
1,1,,0.312488,0.639625,0.047887,,1374500,,
1,1,,0.10596,0.711608,0.182432,,1380700,,
1,1,,0.164092,0.639538,0.19637,,1388700,,
1,1,,0.165626,0.672484,0.16189,,1387600,,
1,2,,0.131073,0.302503,0.566423,,1389100,,
1,2,,0.093735,0.384976,0.521289,,1380500,,
1,1,,0.290819,0.655485,0.053696,,1417300,,
1,1,,0.123513,0.547233,0.329255,,1395000,,
1,1,,0.34775,0.585774,0.066476,,1389300,,
1,1,,0.197093,0.689507,0.1134,,1400400,,
1,1,,0.081648,0.509466,0.408887,,1388600,,
1,1,,0.23373,0.675395,0.090875,,1383200,,
1,1,,0.149035,0.616203,0.234762,,1377600,,
1,1,,0.192304,0.744547,0.063149,,1376000,,
1,1,,0.109175,0.447013,0.443812,,1384400,,
1,1,,0.201403,0.717664,0.080933,,1377200,,
1,1,,0.24369,0.608912,0.147398,,1382200,,
1,1,,0.198762,0.701958,0.09928,,1400700,,
1,1,,0.199441,0.734862,0.065698,,1386500,,
1,1,,0.10027,0.475287,0.424443,,1382800,,
1,1,,0.344635,0.616377,0.038987,,1379800,,
1,1,,0.293659,0.649882,0.056459,,1381300,,
1,1,,0.318912,0.627014,0.054074,,1384800,,
1,1,,0.137641,0.65273,0.209629,,1393000,,
1,1,,0.281121,0.579419,0.13946,,1405600,,
1,1,,0.10311,0.547146,0.349744,,1390300,,
1,1,,0.230145,0.694293,0.075562,,1384400,,
1,1,,0.124104,0.590395,0.285501,,1392300,,
1,1,,0.159707,0.740536,0.099757,,1483000,,
1,1,,0.314578,0.60641,0.079011,,1545800,,
1,1,,0.308962,0.62673,0.064308,,1380900,,
1,1,,0.09634,0.532423,0.371237,,1387400,,
1,1,,0.269113,0.617116,0.113771,,1382000,,
1,1,,0.095303,0.549716,0.354981,,1382900,,
1,1,,0.146974,0.64276,0.210266,,1381700,,
1,1,,0.150065,0.597864,0.252071,,1377100,,
1,1,,0.127802,0.599153,0.273045,,1381900,,
1,1,,0.182774,0.658971,0.158255,,1378500,,
1,1,,0.160757,0.692552,0.146691,,1396400,,
1,1,,0.207424,0.646226,0.146351,,1418400,,
1,1,,0.203159,0.61836,0.178481,,1399000,,
1,1,,0.197994,0.69313,0.108876,,1387300,,
1,1,,0.120784,0.456606,0.422611,,1390300,,
1,1,,0.239774,0.584574,0.175652,,1433800,,
1,1,,0.134395,0.523089,0.342516,,1401500,,
1,1,,0.279261,0.513292,0.207446,,1404500,,
1,1,,0.248172,0.62929,0.122538,,1398200,,
1,2,,0.111806,0.336038,0.552155,,1395600,,
1,1,,0.15122,0.600423,0.248357,,1401100,,
1,1,,0.169393,0.737073,0.093534,,1389000,,
1,1,,0.114142,0.508113,0.377744,,1389500,,
1,1,,0.210421,0.624914,0.164665,,1381800,,
1,1,,0.121671,0.596355,0.281974,,1396900,,
1,1,,0.308136,0.614928,0.076937,,1392500,,
1,1,,0.181418,0.487126,0.331456,,1386800,,
1,1,,0.113392,0.667697,0.218912,,1390800,,
1,1,,0.19563,0.682116,0.122254,,1391700,,
1,1,,0.134963,0.464796,0.400241,,1384600,,
1,1,,0.380618,0.500975,0.118407,,1395900,,
1,1,,0.27267,0.687597,0.039733,,1399200,,
1,1,,0.231297,0.669782,0.098921,,1398200,,
1,1,,0.160314,0.665862,0.173825,,1380400,,
1,1,,0.190795,0.688428,0.120777,,1395900,,
1,1,,0.117091,0.478831,0.404078,,1427400,,
1,1,,0.166982,0.689841,0.143177,,1379600,,
1,1,,0.212042,0.688234,0.099724,,1384000,,
1,1,,0.151399,0.764208,0.084392,,1377900,,
1,1,,0.270212,0.631512,0.098276,,1387500,,
1,2,,0.083555,0.401136,0.515309,,1435700,,
1,1,,0.342565,0.548421,0.109013,,1390000,,
1,1,,0.217749,0.633635,0.148616,,1382000,,
2,2,,0.170548,0.330952,0.498499,,1393900,,
2,2,,0.322678,0.124115,0.553207,,1381800,,
2,1,,0.12096,0.459767,0.419273,,1383500,,
2,2,,0.165554,0.262905,0.571541,,1385200,,
2,2,,0.17287,0.250992,0.576138,,1379800,,
2,2,,0.281289,0.17666,0.542051,,1380100,,
2,2,,0.247249,0.130808,0.621943,,1382500,,
2,2,,0.409588,0.117728,0.472684,,1386300,,
2,1,,0.097135,0.543328,0.359537,,1386300,,
2,2,,0.205678,0.176041,0.618282,,1385600,,
2,2,,0.260832,0.135333,0.603835,,1395500,,
2,2,,0.271899,0.188403,0.539698,,1403400,,
2,1,,0.107356,0.57401,0.318634,,1393900,,
2,2,,0.237893,0.190725,0.571382,,1380000,,
2,1,,0.15315,0.51256,0.334291,,1381300,,
2,2,,0.425504,0.11007,0.464426,,1385300,,
2,2,,0.13478,0.292912,0.572309,,1386500,,
2,2,,0.411427,0.031095,0.557478,,1386000,,
2,2,,0.143523,0.167473,0.689004,,1381100,,
2,2,,0.434556,0.063852,0.501592,,1379400,,
2,2,,0.158419,0.287456,0.554125,,1379300,,
2,2,,0.189313,0.150346,0.660341,,1374200,,
2,2,,0.137979,0.384843,0.477178,,1388100,,
2,2,,0.383153,0.162553,0.454294,,1379600,,
2,2,,0.215253,0.04036,0.744387,,1382200,,
2,1,,0.136564,0.609551,0.253885,,1427500,,
2,2,,0.165265,0.324909,0.509826,,1381000,,
2,2,,0.198846,0.198809,0.602344,,1387800,,
2,2,,0.420282,0.089585,0.490133,,1379800,,
2,1,,0.212609,0.403392,0.383999,,1385300,,
2,2,,0.403101,0.020302,0.576598,,1379700,,
2,2,,0.134653,0.410107,0.45524,,1383700,,
2,2,,0.12731,0.234013,0.638677,,1404300,,
2,2,,0.342595,0.076995,0.58041,,1399800,,
2,2,,0.209395,0.212923,0.577683,,1385700,,
2,2,,0.210714,0.153355,0.635931,,1382300,,
2,2,,0.11139,0.3365,0.55211,,1383600,,
2,2,,0.218248,0.265747,0.516006,,1382200,,
2,2,,0.241959,0.267813,0.490228,,1386000,,
2,2,,0.197296,0.108387,0.694317,,1401000,,
2,2,,0.102304,0.364407,0.53329,,1390100,,
2,2,,0.320288,0.061552,0.61816,,1378300,,
2,2,,0.207864,0.157765,0.634371,,1382200,,
2,2,,0.13761,0.381905,0.480485,,1388000,,
2,2,,0.166894,0.244627,0.588479,,1379700,,
2,2,,0.302717,0.078182,0.619101,,1381900,,
2,2,,0.117546,0.334177,0.548278,,1382500,,
2,2,,0.317279,0.137916,0.544805,,1386400,,
2,2,,0.146941,0.37924,0.473819,,1396600,,
2,1,,0.093577,0.599869,0.306554,,1369100,,
2,2,,0.20718,0.134878,0.657943,,1375500,,
2,2,,0.09481,0.447284,0.457906,,1379000,,
2,2,,0.445278,0.031016,0.523706,,1386500,,
2,2,,0.379452,0.120656,0.499892,,1397900,,
2,2,,0.31698,0.125067,0.557953,,1397200,,
2,2,,0.144485,0.338299,0.517215,,1386200,,
2,2,,0.140906,0.171733,0.68736,,1388300,,
2,2,,0.259999,0.166461,0.57354,,1401500,,
2,0,,0.534351,0.03572,0.429928,,1393500,,
2,0,,0.403172,0.21393,0.382897,,1390100,,
2,2,,0.281238,0.143438,0.575325,,1374800,,
2,2,,0.277054,0.152578,0.570368,,1386500,,
2,2,,0.292917,0.170506,0.536577,,1372500,,
2,2,,0.184864,0.255611,0.559525,,1375600,,
2,0,,0.469489,0.094747,0.435764,,1381500,,
2,1,,0.118635,0.442291,0.439074,,1380900,,
2,2,,0.295723,0.043359,0.660919,,1380800,,
2,0,,0.501461,0.021249,0.47729,,1382000,,
2,2,,0.326411,0.023387,0.650201,,1378600,,
2,2,,0.122036,0.254885,0.623079,,1384200,,
2,2,,0.28758,0.131097,0.581323,,1380100,,
2,2,,0.353732,0.0241,0.622168,,1378900,,
2,2,,0.220901,0.219326,0.559773,,1386400,,
2,2,,0.311827,0.08119,0.606983,,1382200,,
2,2,,0.151359,0.235156,0.613485,,1380500,,
2,2,,0.394209,0.129418,0.476373,,1391500,,
2,2,,0.346872,0.105628,0.5475,,1387300,,
2,2,,0.193802,0.211842,0.594357,,1386500,,
2,2,,0.281221,0.071771,0.647008,,1372600,,
2,2,,0.179439,0.289286,0.531275,,1379600,,
2,1,,0.091638,0.537713,0.370649,,1395600,,
2,2,,0.440316,0.101999,0.457685,,1379100,,
2,1,,0.084267,0.57158,0.344153,,1401000,,
2,2,,0.258816,0.151563,0.58962,,1394300,,
2,2,,0.300326,0.296746,0.402928,,1385800,,
2,2,,0.16995,0.324047,0.506002,,1377500,,
2,2,,0.323784,0.295024,0.381191,,1377500,,
2,2,,0.095969,0.441724,0.462307,,1401600,,
2,2,,0.136031,0.411742,0.452227,,1379600,,
2,2,,0.146242,0.273885,0.579873,,1379300,,
2,2,,0.409108,0.099611,0.491281,,1383000,,
2,1,,0.123633,0.49751,0.378858,,1380800,,
2,2,,0.296771,0.098233,0.604996,,1377900,,
2,2,,0.295512,0.130448,0.57404,,1378300,,
2,2,,0.190049,0.16448,0.645471,,1383800,,
2,2,,0.117871,0.332292,0.549837,,1388600,,
2,2,,0.364158,0.118836,0.517006,,1396400,,
2,2,,0.301048,0.078684,0.620268,,1412300,,
2,2,,0.267066,0.185077,0.547856,,1386400,,
2,2,,0.177853,0.223641,0.598507,,1378400,,
2,2,,0.333037,0.072527,0.594437,,1384600,,
2,2,,0.30869,0.109419,0.58189,,1379300,,
2,2,,0.320565,0.141885,0.53755,,1379600,,
2,2,,0.213129,0.238333,0.548539,,1381400,,
2,2,,0.152381,0.146297,0.701321,,1419500,,
2,2,,0.320915,0.024563,0.654522,,1402200,,
2,2,,0.28567,0.159051,0.555279,,1401500,,
2,2,,0.229059,0.260045,0.510896,,1391400,,
2,2,,0.230529,0.216702,0.552768,,1393900,,
2,2,,0.163152,0.160311,0.676537,,1392200,,
2,2,,0.15232,0.183088,0.664592,,1392900,,
2,2,,0.394238,0.126516,0.479246,,1394600,,
2,2,,0.393949,0.021558,0.584493,,1407200,,
2,2,,0.325963,0.115267,0.55877,,1398800,,
2,2,,0.121406,0.304984,0.573609,,1395400,,
2,1,,0.122296,0.48724,0.390465,,1393300,,
2,2,,0.147138,0.152093,0.700768,,1391900,,
2,2,,0.108477,0.416679,0.474845,,1395000,,
2,2,,0.118316,0.207236,0.674448,,1408000,,
2,2,,0.426056,0.074077,0.499867,,1403500,,
2,2,,0.236471,0.160257,0.603272,,1397500,,
2,2,,0.209537,0.208345,0.582118,,1393200,,
2,2,,0.177126,0.332543,0.490331,,1391000,,
2,2,,0.432993,0.040302,0.526705,,1389500,,
2,2,,0.425487,0.066313,0.5082,,1391000,,
2,2,,0.216533,0.171488,0.611979,,1391000,,
2,2,,0.137493,0.121225,0.741282,,1450700,,
2,2,,0.154848,0.312824,0.532328,,1380600,,
2,2,,0.130152,0.301719,0.56813,,1395200,,
2,2,,0.177863,0.185394,0.636744,,1382700,,
2,2,,0.15292,0.273741,0.573338,,1387000,,
2,2,,0.265089,0.079488,0.655423,,1376500,,
2,1,,0.132372,0.438572,0.429056,,1385500,,
2,2,,0.245496,0.139727,0.614778,,1386000,,
2,2,,0.163348,0.206004,0.630647,,2153600,,
2,2,,0.149262,0.252697,0.598041,,1379000,,
2,2,,0.203699,0.136685,0.659617,,1365800,,
2,2,,0.424246,0.060622,0.515132,,1373300,,
2,2,,0.099428,0.26151,0.639062,,1372500,,
2,2,,0.378741,0.112816,0.508443,,1394700,,
2,2,,0.134037,0.241705,0.624258,,1393800,,
2,2,,0.232676,0.160991,0.606333,,1379300,,
2,2,,0.219834,0.172624,0.607542,,1377600,,
2,1,,0.104568,0.500648,0.394784,,1379500,,
2,2,,0.320624,0.166635,0.51274,,1379500,,
2,2,,0.307733,0.089001,0.603266,,1378100,,
2,2,,0.186027,0.204154,0.609819,,1385700,,
2,2,,0.249494,0.14488,0.605626,,1389800,,
2,2,,0.299037,0.108192,0.592771,,1381800,,
2,2,,0.336831,0.121495,0.541674,,1380100,,
2,2,,0.228888,0.165612,0.6055,,1383600,,
2,2,,0.187522,0.28705,0.525428,,1394300,,
2,1,,0.136256,0.459178,0.404566,,1396200,,
2,2,,0.194184,0.229894,0.575921,,1384900,,
2,2,,0.361403,0.075562,0.563035,,1383300,,
2,2,,0.387907,0.124722,0.487371,,1382400,,
2,2,,0.244315,0.165569,0.590116,,1372100,,
2,2,,0.3184,0.122767,0.558833,,1386600,,
2,2,,0.334176,0.060302,0.605522,,1376400,,
2,2,,0.178751,0.105319,0.71593,,1378000,,
2,2,,0.348554,0.020462,0.630983,,1445900,,
2,2,,0.445169,0.089623,0.465208,,1383000,,
2,2,,0.385535,0.101519,0.512946,,1388000,,
2,2,,0.106539,0.288048,0.605413,,1379900,,
2,2,,0.341984,0.133279,0.524738,,1379500,,
2,2,,0.358142,0.122379,0.519479,,1379300,,
2,2,,0.342083,0.11344,0.544477,,1412200,,
2,2,,0.288426,0.146084,0.565491,,1386000,,
2,2,,0.202129,0.152215,0.645656,,1385100,,
2,2,,0.186611,0.384987,0.428402,,1400400,,
2,2,,0.242595,0.081489,0.675916,,1390600,,
2,1,,0.13631,0.44624,0.41745,,1425100,,
2,2,,0.217808,0.314263,0.467929,,1399700,,
2,2,,0.347768,0.096305,0.555927,,1383800,,
2,2,,0.380886,0.024101,0.595012,,1380700,,
2,2,,0.27823,0.091044,0.630726,,1383400,,
2,2,,0.159818,0.291828,0.548354,,1389300,,
2,2,,0.233069,0.221018,0.545913,,1386000,,
2,2,,0.256392,0.069694,0.673913,,1388500,,
2,2,,0.326856,0.107596,0.565548,,1381900,,
2,2,,0.29567,0.171858,0.532471,,1380400,,
2,2,,0.31839,0.062762,0.618848,,1381200,,
2,2,,0.384117,0.085223,0.53066,,1402300,,
2,2,,0.253702,0.266133,0.480165,,1451700,,
2,2,,0.139435,0.339829,0.520737,,1382400,,
2,2,,0.173985,0.269783,0.556232,,1380000,,
2,2,,0.101358,0.405397,0.493246,,1377400,,
2,1,,0.185322,0.503022,0.311656,,1374900,,
2,2,,0.096275,0.397118,0.506606,,1386500,,
2,2,,0.130786,0.374945,0.494268,,1384100,,
2,2,,0.138654,0.327876,0.53347,,1396600,,
2,2,,0.118546,0.308475,0.572979,,1388400,,
2,2,,0.206643,0.11568,0.677676,,1374600,,
2,2,,0.242474,0.078692,0.678834,,1375500,,
2,1,,0.103419,0.451672,0.444908,,1386400,,
2,2,,0.324241,0.124906,0.550852,,1383600,,
2,2,,0.161723,0.353894,0.484384,,1379500,,
2,2,,0.313614,0.096102,0.590284,,1384000,,
2,1,,0.122514,0.440749,0.436737,,1399100,,
2,2,,0.157239,0.295451,0.54731,,1380600,,
2,0,,0.467027,0.093551,0.439422,,1382400,,
2,2,,0.161484,0.182644,0.655872,,1390800,,
2,2,,0.081625,0.38762,0.530754,,1387900,,
2,2,,0.106623,0.365052,0.528325,,1381000,,
2,2,,0.332346,0.242286,0.425367,,1412200,,
2,2,,0.213376,0.150088,0.636535,,1392400,,
2,2,,0.221597,0.231468,0.546935,,1379100,,
2,2,,0.259736,0.136053,0.604211,,1381600,,
2,1,,0.121976,0.580528,0.297497,,1384600,,
2,2,,0.162516,0.350947,0.486537,,1385000,,
2,2,,0.371575,0.070994,0.557431,,1380200,,
2,2,,0.178036,0.236319,0.585645,,1390800,,
2,2,,0.379599,0.166595,0.453806,,1392700,,
2,2,,0.173081,0.158612,0.668307,,1383700,,
2,2,,0.190075,0.214535,0.59539,,1385500,,
2,2,,0.305799,0.020302,0.673899,,1370200,,
2,2,,0.210404,0.168826,0.62077,,1391200,,
2,2,,0.336365,0.023227,0.640408,,1382800,,
2,2,,0.141254,0.370641,0.488106,,1389100,,
2,2,,0.293439,0.042136,0.664425,,1386000,,
2,2,,0.173147,0.39005,0.436803,,1384700,,
2,2,,0.429714,0.088091,0.482195,,1378700,,
2,2,,0.422276,0.066232,0.511492,,1385200,,
2,1,,0.100108,0.472537,0.427355,,1387600,,
2,2,,0.106147,0.304168,0.589685,,1393100,,
2,1,,0.137223,0.461493,0.401284,,1381500,,
2,1,,0.1383,0.509171,0.352529,,1402200,,
2,2,,0.215927,0.168997,0.615075,,1419500,,
2,1,,0.129423,0.488888,0.38169,,1386800,,
2,2,,0.213111,0.117548,0.669341,,1389200,,
2,2,,0.158525,0.073469,0.768005,,1386700,,
2,2,,0.420142,0.048986,0.530872,,1374400,,
2,2,,0.206499,0.072157,0.721344,,1377600,,
2,2,,0.150505,0.246637,0.602857,,1387900,,
2,2,,0.281934,0.291755,0.426311,,1379400,,
2,2,,0.340136,0.094844,0.56502,,1387900,,
2,2,,0.159687,0.238828,0.601485,,1379100,,
2,2,,0.35354,0.083535,0.562925,,1386900,,
2,2,,0.298153,0.067877,0.63397,,1400600,,
2,2,,0.210803,0.178541,0.610656,,1385000,,
2,2,,0.233971,0.105265,0.660764,,1384700,,
2,2,,0.274705,0.084019,0.641276,,1388600,,
2,2,,0.251628,0.08502,0.663352,,1386700,,
2,2,,0.266555,0.217387,0.516058,,1385100,,
2,0,,0.399602,0.201987,0.398411,,1378200,,
2,2,,0.149688,0.182796,0.667515,,1381700,,
2,2,,0.133874,0.325328,0.540798,,1388400,,
2,2,,0.18481,0.210301,0.604889,,1395500,,
2,2,,0.318002,0.073395,0.608603,,1398800,,
2,2,,0.109084,0.251737,0.639179,,1387200,,
2,2,,0.415891,0.060302,0.523807,,1386700,,
2,2,,0.117246,0.269869,0.612885,,1378800,,
2,2,,0.411989,0.088959,0.499052,,1379500,,
2,2,,0.285333,0.135328,0.579339,,1384900,,
2,2,,0.183276,0.255749,0.560975,,1379100,,
2,1,,0.121471,0.455858,0.422671,,1395700,,
2,2,,0.105731,0.34725,0.547019,,1390200,,
2,2,,0.175427,0.268976,0.555597,,1385000,,
2,1,,0.120566,0.463448,0.415986,,1388500,,
2,2,,0.17729,0.220665,0.602046,,1384700,,
2,2,,0.197634,0.225029,0.577337,,1382700,,
