oocytes_trisopterus_states_5b,Rotf,test,1,NANOSECONDS,PREDICTIONS, Generated by ClassifierExperiments.java on 2022-05-17 03:14:23.    SYSTEMPROPERTIES:{user.name:matth,os.arch:amd64,os.name:Windows 10},ENDSYSTEMPROPERTIES
No parameter info
0.9234972677595629,419591900,12318300,-1,0,3,,-1,-1
0,0,,0.774976,0,0.225024,,175400,,
0,0,,0.98148,0,0.01852,,71800,,
0,0,,0.945805,0,0.054195,,73100,,
0,0,,0.980611,0,0.019389,,69100,,
0,0,,0.882844,0,0.117156,,65800,,
0,2,,0.391355,0.000595,0.60805,,66100,,
0,0,,0.973305,0,0.026695,,64900,,
0,0,,0.86847,0,0.13153,,66200,,
0,0,,0.798375,0,0.201625,,65400,,
0,0,,0.971979,0,0.028021,,65000,,
0,0,,0.982212,0,0.017788,,64900,,
0,0,,0.663277,0.000595,0.336128,,67400,,
0,0,,0.775714,0,0.224286,,73500,,
0,0,,0.979787,0,0.020213,,93300,,
0,0,,0.884252,0,0.115748,,84100,,
0,0,,0.980611,0,0.019389,,78200,,
0,0,,0.970619,0,0.029381,,79000,,
0,0,,0.974757,0,0.025243,,77300,,
0,0,,0.674702,0,0.325298,,79100,,
0,0,,0.917171,0,0.082829,,72100,,
0,0,,0.974757,0,0.025243,,72100,,
0,0,,0.968002,0,0.031998,,73400,,
0,0,,0.98148,0,0.01852,,76700,,
0,0,,0.973305,0,0.026695,,75100,,
0,0,,0.983461,0,0.016539,,73800,,
0,0,,0.860388,0,0.139612,,71800,,
0,0,,0.68775,0.2,0.11225,,71800,,
0,0,,0.985356,0,0.014644,,69600,,
0,0,,0.976208,0,0.023792,,70100,,
0,0,,0.978957,0,0.021043,,71600,,
0,0,,0.981384,0,0.018616,,66700,,
0,0,,0.98148,0,0.01852,,66500,,
0,0,,0.978841,0,0.021159,,71900,,
0,0,,0.982592,0,0.017408,,67500,,
0,0,,0.852411,0,0.147589,,67200,,
0,0,,0.977594,0,0.022406,,65000,,
0,0,,0.98148,0,0.01852,,64100,,
0,2,,0.293328,0.007597,0.699075,,65700,,
0,0,,0.978375,0,0.021625,,65600,,
0,0,,0.980092,0,0.019908,,64200,,
0,0,,0.786638,0,0.213362,,66100,,
0,0,,0.708091,0,0.291909,,67700,,
0,0,,0.982932,0,0.017068,,64600,,
0,0,,0.988121,0,0.011879,,64200,,
0,0,,0.697171,0,0.302829,,64300,,
0,0,,0.973305,0,0.026695,,65100,,
0,0,,0.986638,0,0.013362,,65300,,
0,0,,0.975055,0,0.024945,,68700,,
0,0,,0.976177,0,0.023823,,65400,,
0,0,,0.969972,0,0.030028,,66400,,
0,0,,0.988882,0,0.011118,,66700,,
0,0,,0.763194,0,0.236806,,65000,,
0,0,,0.974757,0,0.025243,,64400,,
0,0,,0.824205,0,0.175795,,67200,,
0,0,,0.982932,0,0.017068,,65300,,
0,0,,0.503333,0.011111,0.485556,,65100,,
0,2,,0.205799,0.009307,0.784893,,66400,,
0,0,,0.880272,0,0.119728,,65800,,
0,0,,0.980624,0,0.019376,,65700,,
0,0,,0.96793,0,0.03207,,65500,,
0,0,,0.983461,0,0.016539,,64100,,
0,0,,0.980611,0,0.019389,,65200,,
0,0,,0.905313,0,0.094687,,67800,,
0,0,,0.972446,0,0.027554,,67700,,
0,0,,0.99121,0,0.00879,,69100,,
0,0,,0.873832,0,0.126168,,67400,,
0,0,,0.786614,0,0.213386,,64400,,
0,0,,0.974477,0,0.025523,,66800,,
0,0,,0.974757,0,0.025243,,75100,,
0,0,,0.98148,0,0.01852,,73000,,
0,0,,0.976937,0,0.023063,,69700,,
0,0,,0.985502,0,0.014498,,76000,,
0,0,,0.989204,0,0.010796,,73400,,
0,0,,0.783713,0,0.216287,,73900,,
0,0,,0.982561,0,0.017439,,70000,,
0,0,,0.672616,0,0.327384,,70200,,
0,0,,0.882516,0,0.117484,,69300,,
0,0,,0.982932,0,0.017068,,67000,,
0,0,,0.985428,0,0.014572,,69400,,
0,0,,0.979815,0,0.020185,,67900,,
0,0,,0.974757,0,0.025243,,63800,,
0,0,,0.982651,0,0.017349,,64900,,
0,0,,0.982651,0,0.017349,,64500,,
0,0,,0.966455,0,0.033545,,64900,,
0,0,,0.982063,0,0.017937,,63100,,
0,0,,0.978945,0,0.021055,,65800,,
0,0,,0.902651,0,0.097349,,67400,,
0,0,,0.983461,0,0.016539,,65000,,
0,0,,0.875538,0,0.124462,,64800,,
0,0,,0.867614,0,0.132386,,64700,,
0,0,,0.970512,0,0.029488,,64000,,
0,0,,0.978606,0,0.021394,,64300,,
0,0,,0.795998,0,0.204002,,65100,,
0,2,,0.115119,0.009307,0.875574,,65300,,
0,0,,0.986367,0,0.013633,,65800,,
0,0,,0.716233,0,0.283767,,66000,,
0,0,,0.884243,0,0.115757,,63600,,
0,0,,0.878984,0,0.121016,,63300,,
0,0,,0.980621,0,0.019379,,65000,,
0,2,,0.480952,0,0.519048,,64900,,
0,0,,0.981886,0,0.018114,,63600,,
0,0,,0.974757,0,0.025243,,66500,,
0,0,,0.894813,0,0.105187,,66800,,
0,0,,0.793236,0,0.206764,,66200,,
0,0,,0.668396,0,0.331604,,64800,,
1,1,,0.01771,0.563658,0.418632,,69700,,
1,1,,0.033333,0.837879,0.128788,,63800,,
1,1,,0.319048,0.563636,0.117316,,65000,,
2,0,,0.967526,0,0.032474,,64700,,
2,0,,0.692787,0,0.307213,,66300,,
2,2,,0.027322,0,0.972678,,65000,,
2,2,,0.014182,0.00178,0.984039,,62700,,
2,2,,0.293703,0,0.706297,,64300,,
2,2,,0.005848,0.002421,0.991731,,65100,,
2,2,,0.176669,0.000455,0.822877,,70300,,
2,2,,0.270764,0.000455,0.728781,,73600,,
2,2,,0.003807,0.006587,0.989605,,69700,,
2,2,,0.212015,0.000455,0.78753,,69500,,
2,2,,0.005848,0.002421,0.991731,,65900,,
2,2,,0.105119,0.088474,0.806407,,64400,,
2,2,,0.039385,0.009545,0.95107,,63000,,
2,0,,0.974933,0,0.025067,,65100,,
2,2,,0.29453,0,0.70547,,68000,,
2,2,,0.003149,0.018276,0.978575,,63300,,
2,0,,0.700486,0,0.299514,,66300,,
2,2,,0.392262,0.016603,0.591135,,64900,,
2,2,,0.221234,0,0.778766,,64400,,
2,2,,0.012225,0.007121,0.980654,,63900,,
2,2,,0.018028,0.00105,0.980922,,64400,,
2,2,,0.426707,0.000595,0.572698,,62100,,
2,0,,0.626196,0.000455,0.373349,,63700,,
2,0,,0.968925,0,0.031075,,64800,,
2,2,,0.005848,0.002421,0.991731,,61800,,
2,2,,0.021167,0.006236,0.972596,,62300,,
2,2,,0.009182,0.001691,0.989128,,62300,,
2,2,,0.005848,0.002421,0.991731,,62700,,
2,2,,0.288056,0.004762,0.707183,,63300,,
2,2,,0.108523,0,0.891477,,64600,,
2,2,,0.121786,0.009307,0.868907,,66600,,
2,2,,0.004063,0.001825,0.994112,,64100,,
2,0,,0.675538,0,0.324462,,65700,,
2,2,,0.005848,0.002421,0.991731,,62800,,
2,2,,0.012225,0.007121,0.980654,,63300,,
2,2,,0.119964,0.00105,0.878987,,63500,,
2,2,,0.005848,0.002421,0.991731,,62900,,
2,2,,0.422484,0,0.577516,,63600,,
2,2,,0.103071,0.00178,0.89515,,62100,,
2,2,,0.390765,0.001184,0.608051,,65100,,
2,2,,0.005119,0.021059,0.973821,,62700,,
2,2,,0.014182,0.00178,0.984039,,63000,,
2,2,,0.005848,0.002421,0.991731,,62400,,
2,2,,0.009952,0.000455,0.989594,,63800,,
2,2,,0.245576,0,0.754424,,64500,,
2,2,,0.175896,0,0.824104,,65400,,
2,2,,0.026494,0.001096,0.972411,,62500,,
2,2,,0.294998,0.005351,0.699651,,65800,,
2,2,,0.003149,0.019756,0.977095,,62000,,
2,2,,0.488151,0,0.511849,,63100,,
2,2,,0.093336,0.007121,0.899543,,62900,,
2,2,,0.022484,0,0.977516,,64500,,
2,0,,0.791553,0,0.208447,,64000,,
2,2,,0.103405,0.001825,0.89477,,61900,,
2,2,,0.43261,0,0.56739,,65000,,
2,2,,0.467356,0.011752,0.520892,,68100,,
2,2,,0.153734,0,0.846266,,66500,,
2,2,,0.004488,0.011133,0.98438,,62200,,
2,2,,0.006467,0.005403,0.98813,,62500,,
2,2,,0.121139,0,0.878861,,62500,,
2,0,,0.852886,0,0.147114,,64300,,
2,2,,0.009182,0.001691,0.989128,,63300,,
2,2,,0.218413,0.011841,0.769746,,63800,,
2,2,,0.009182,0.001691,0.989128,,61700,,
2,2,,0.010745,0,0.989255,,62700,,
2,2,,0.21872,0.008492,0.772788,,62100,,
2,2,,0.005848,0.002421,0.991731,,62600,,
2,2,,0.005848,0.002421,0.991731,,64100,,
2,2,,0.093408,0.006587,0.900004,,63300,,
2,2,,0.10383,0.005857,0.890313,,65700,,
2,2,,0.020409,0.000455,0.979137,,96100,,
2,2,,0.005848,0.002421,0.991731,,63800,,
2,2,,0.005848,0.002421,0.991731,,65600,,
2,2,,0.005848,0.002421,0.991731,,62400,,
2,2,,0.202724,0.001825,0.79545,,62400,,