image-segmentation,CWE,test,2,NANOSECONDS,PREDICTIONS, Generated by ClassifierExperiments.java on 2022-05-17 03:04:34.    SYSTEMPROPERTIES:{user.name:matth,os.arch:amd64,os.name:Windows 10},ENDSYSTEMPROPERTIES
No parameter info
0.38311688311688313,320761600,311409700,-1,0,7,,-1,-1
0,5,,0.077889,0.17098,0.236871,0.136544,0.079017,0.255594,0.043105,,825500,,
0,5,,0.091941,0.135793,0.265285,0.129601,0.069165,0.265752,0.042462,,659200,,
0,2,,0.102057,0.079025,0.267409,0.113751,0.111064,0.249993,0.076701,,711000,,
0,2,,0.102614,0.166224,0.24151,0.132914,0.083439,0.230839,0.042462,,672500,,
0,5,,0.091565,0.095898,0.2664,0.124559,0.071529,0.303261,0.046787,,698500,,
0,5,,0.091739,0.093784,0.273209,0.12293,0.078621,0.289335,0.050382,,664100,,
0,2,,0.102614,0.166224,0.24151,0.132914,0.083439,0.230839,0.042462,,705700,,
0,5,,0.079071,0.162773,0.237857,0.134749,0.077615,0.264531,0.043405,,662300,,
0,5,,0.082614,0.146224,0.24151,0.132914,0.083439,0.270839,0.042462,,665000,,
0,2,,0.10223,0.079025,0.261891,0.113751,0.116409,0.249993,0.076701,,693300,,
0,5,,0.083796,0.158017,0.242495,0.131119,0.082036,0.259775,0.042761,,659000,,
0,2,,0.102614,0.166224,0.24151,0.132914,0.083439,0.230839,0.042462,,688200,,
0,2,,0.185703,0.095908,0.243615,0.112435,0.137484,0.119792,0.105063,,711500,,
0,5,,0.079071,0.162773,0.237857,0.134749,0.077615,0.264531,0.043405,,664100,,
0,2,,0.10223,0.079025,0.261891,0.113751,0.116409,0.249993,0.076701,,670700,,
0,2,,0.10223,0.079025,0.261891,0.113751,0.116409,0.249993,0.076701,,669300,,
0,5,,0.077889,0.17098,0.236871,0.136544,0.079017,0.255594,0.043105,,661700,,
0,5,,0.082614,0.166224,0.24151,0.132914,0.083439,0.250839,0.042462,,671500,,
0,2,,0.196588,0.082605,0.228002,0.103186,0.174751,0.114583,0.100285,,702200,,
0,2,,0.10223,0.079025,0.261891,0.113751,0.116409,0.249993,0.076701,,663400,,
0,2,,0.111941,0.155793,0.245285,0.129601,0.089165,0.225752,0.042462,,677600,,
0,2,,0.083796,0.158017,0.262495,0.131119,0.062036,0.259775,0.042761,,668300,,
0,5,,0.081055,0.134536,0.241639,0.129667,0.087205,0.27941,0.046487,,671900,,
0,2,,0.102614,0.166224,0.24151,0.132914,0.083439,0.230839,0.042462,,665100,,
0,5,,0.082238,0.126329,0.242625,0.127872,0.085803,0.288347,0.046787,,726100,,
0,2,,0.102057,0.079025,0.267409,0.113751,0.111064,0.249993,0.076701,,687200,,
0,2,,0.10223,0.079025,0.281891,0.113751,0.096409,0.249993,0.076701,,667700,,
0,5,,0.090383,0.104105,0.245415,0.126354,0.092931,0.294324,0.046487,,748300,,
0,2,,0.102057,0.079025,0.267409,0.113751,0.111064,0.249993,0.076701,,675100,,
0,5,,0.090383,0.104105,0.265415,0.126354,0.072931,0.294324,0.046487,,667600,,
0,5,,0.093124,0.127586,0.26627,0.127806,0.067763,0.274689,0.042761,,705000,,
0,2,,0.113124,0.147586,0.24627,0.127806,0.087763,0.234689,0.042761,,671900,,
0,5,,0.091565,0.095898,0.2464,0.124559,0.091529,0.303261,0.046787,,681500,,
0,2,,0.102057,0.079025,0.287409,0.113751,0.091064,0.249993,0.076701,,674800,,
0,2,,0.102057,0.079025,0.267409,0.113751,0.111064,0.249993,0.076701,,673200,,
0,2,,0.102057,0.079025,0.267409,0.113751,0.111064,0.249993,0.076701,,671400,,
0,5,,0.081055,0.114536,0.241639,0.129667,0.087205,0.29941,0.046487,,708800,,
0,2,,0.083796,0.158017,0.262495,0.131119,0.062036,0.259775,0.042761,,673300,,
0,5,,0.082238,0.126329,0.242625,0.127872,0.085803,0.288347,0.046787,,668100,,
0,2,,0.102057,0.079025,0.267409,0.113751,0.111064,0.249993,0.076701,,695600,,
0,2,,0.102057,0.079025,0.267409,0.113751,0.111064,0.249993,0.076701,,677100,,
0,2,,0.10223,0.079025,0.261891,0.113751,0.116409,0.249993,0.076701,,799500,,
0,2,,0.102057,0.079025,0.267409,0.113751,0.111064,0.249993,0.076701,,669300,,
0,2,,0.10223,0.079025,0.281891,0.113751,0.096409,0.249993,0.076701,,676300,,
0,5,,0.082614,0.166224,0.24151,0.132914,0.083439,0.250839,0.042462,,676300,,
0,5,,0.099071,0.162773,0.217857,0.134749,0.097615,0.244531,0.043405,,668700,,
0,2,,0.10223,0.079025,0.261891,0.113751,0.116409,0.249993,0.076701,,670600,,
0,2,,0.153731,0.082605,0.25943,0.103186,0.16618,0.114583,0.120285,,715800,,
0,2,,0.10223,0.079025,0.281891,0.113751,0.096409,0.249993,0.076701,,664000,,
0,2,,0.10223,0.079025,0.261891,0.113751,0.116409,0.249993,0.076701,,680600,,
0,5,,0.083796,0.158017,0.242495,0.131119,0.082036,0.259775,0.042761,,669300,,
0,5,,0.082238,0.106329,0.262625,0.127872,0.065803,0.308347,0.046787,,664500,,
0,5,,0.082614,0.166224,0.24151,0.132914,0.083439,0.250839,0.042462,,669400,,
0,2,,0.095407,0.071772,0.275556,0.112045,0.111406,0.259884,0.07393,,740300,,
0,2,,0.10223,0.079025,0.281891,0.113751,0.096409,0.249993,0.076701,,679000,,
0,2,,0.186289,0.092081,0.227663,0.110761,0.142807,0.118988,0.121411,,671100,,
0,5,,0.102614,0.166224,0.22151,0.132914,0.103439,0.230839,0.042462,,669500,,
0,2,,0.102057,0.079025,0.267409,0.113751,0.111064,0.249993,0.076701,,668700,,
0,5,,0.077889,0.17098,0.236871,0.136544,0.079017,0.255594,0.043105,,663600,,
0,2,,0.102057,0.079025,0.267409,0.113751,0.111064,0.249993,0.076701,,710400,,
0,2,,0.102057,0.079025,0.287409,0.113751,0.091064,0.249993,0.076701,,667400,,
0,2,,0.10223,0.079025,0.281891,0.113751,0.096409,0.249993,0.076701,,661600,,
0,2,,0.102057,0.079025,0.287409,0.113751,0.091064,0.249993,0.076701,,667500,,
0,2,,0.093124,0.147586,0.26627,0.127806,0.067763,0.254689,0.042761,,697900,,
0,2,,0.102614,0.166224,0.24151,0.132914,0.083439,0.230839,0.042462,,667800,,
0,2,,0.102057,0.079025,0.287409,0.113751,0.091064,0.249993,0.076701,,696300,,
1,5,,0.067947,0.240867,0.21545,0.123988,0.053718,0.253799,0.04423,,671000,,
1,1,,0.084787,0.332749,0.151835,0.129737,0.084739,0.142311,0.073842,,663800,,
1,1,,0.067947,0.280867,0.21545,0.123988,0.053718,0.213799,0.04423,,689300,,
1,1,,0.067947,0.280867,0.21545,0.123988,0.053718,0.213799,0.04423,,669400,,
1,1,,0.077889,0.271391,0.217217,0.121413,0.057091,0.211894,0.043105,,663700,,
1,1,,0.067947,0.280867,0.21545,0.123988,0.053718,0.213799,0.04423,,702800,,
1,5,,0.067947,0.240867,0.21545,0.123988,0.053718,0.253799,0.04423,,674200,,
1,1,,0.067947,0.280867,0.21545,0.123988,0.053718,0.213799,0.04423,,667000,,
1,1,,0.067947,0.280867,0.21545,0.123988,0.053718,0.213799,0.04423,,673200,,
1,1,,0.077889,0.271391,0.217217,0.121413,0.057091,0.211894,0.043105,,672900,,
1,1,,0.085112,0.401425,0.110953,0.137945,0.081075,0.136777,0.046712,,670900,,
1,1,,0.067947,0.280867,0.21545,0.123988,0.053718,0.213799,0.04423,,698700,,
1,1,,0.067947,0.280867,0.21545,0.123988,0.053718,0.213799,0.04423,,675600,,
1,1,,0.067947,0.280867,0.21545,0.123988,0.053718,0.213799,0.04423,,677700,,
1,1,,0.067947,0.280867,0.21545,0.123988,0.053718,0.213799,0.04423,,673900,,
1,1,,0.067947,0.280867,0.21545,0.123988,0.053718,0.213799,0.04423,,668900,,
1,1,,0.067947,0.280867,0.21545,0.123988,0.053718,0.213799,0.04423,,671000,,
1,1,,0.072506,0.278418,0.204606,0.122756,0.053149,0.218911,0.049654,,725500,,
1,1,,0.067947,0.280867,0.21545,0.123988,0.053718,0.213799,0.04423,,682700,,
1,1,,0.067947,0.280867,0.21545,0.123988,0.053718,0.213799,0.04423,,702300,,
1,1,,0.067947,0.280867,0.21545,0.123988,0.053718,0.213799,0.04423,,668100,,
1,1,,0.067947,0.280867,0.21545,0.123988,0.053718,0.213799,0.04423,,673500,,
1,1,,0.067947,0.280867,0.21545,0.123988,0.053718,0.213799,0.04423,,713300,,
1,1,,0.067947,0.280867,0.198037,0.123988,0.051132,0.233799,0.04423,,670300,,
1,1,,0.067947,0.260867,0.21545,0.123988,0.053718,0.233799,0.04423,,674700,,
1,1,,0.067947,0.280867,0.21545,0.123988,0.053718,0.213799,0.04423,,673200,,
1,1,,0.077889,0.271391,0.217217,0.121413,0.057091,0.211894,0.043105,,665500,,
1,1,,0.097328,0.31804,0.169254,0.127058,0.095161,0.13654,0.056619,,695500,,
1,1,,0.067947,0.280867,0.21545,0.123988,0.053718,0.213799,0.04423,,703300,,
1,1,,0.067947,0.280867,0.21545,0.123988,0.053718,0.213799,0.04423,,668900,,
1,1,,0.08267,0.362922,0.111772,0.153341,0.083092,0.14742,0.058783,,677800,,
1,1,,0.084787,0.332749,0.151835,0.129737,0.084739,0.142311,0.073842,,694900,,
1,5,,0.07633,0.199702,0.217347,0.118166,0.060857,0.280466,0.047131,,676600,,
1,5,,0.067947,0.240867,0.21545,0.123988,0.053718,0.253799,0.04423,,678500,,
1,1,,0.084787,0.332749,0.151835,0.129737,0.084739,0.142311,0.073842,,731400,,
1,1,,0.085112,0.401425,0.110953,0.137945,0.081075,0.136777,0.046712,,672600,,
1,5,,0.067947,0.240867,0.21545,0.123988,0.053718,0.253799,0.04423,,709800,,
1,5,,0.077889,0.231391,0.217217,0.121413,0.057091,0.251894,0.043105,,679800,,
1,1,,0.067947,0.280867,0.21545,0.123988,0.053718,0.213799,0.04423,,676400,,
1,5,,0.067947,0.240867,0.21545,0.123988,0.053718,0.253799,0.04423,,668200,,
1,1,,0.067947,0.280867,0.21545,0.123988,0.053718,0.213799,0.04423,,712100,,
1,1,,0.067947,0.280867,0.21545,0.123988,0.053718,0.213799,0.04423,,678400,,
1,1,,0.067947,0.280867,0.198037,0.123988,0.051132,0.233799,0.04423,,673600,,
1,1,,0.067947,0.280867,0.21545,0.123988,0.053718,0.213799,0.04423,,684800,,
1,1,,0.091873,0.328083,0.164167,0.130611,0.090897,0.141885,0.052485,,675300,,
1,1,,0.067947,0.280867,0.21545,0.123988,0.053718,0.213799,0.04423,,670500,,
1,1,,0.067947,0.280867,0.21545,0.123988,0.053718,0.213799,0.04423,,723100,,
1,5,,0.066388,0.209179,0.198167,0.120741,0.054898,0.302371,0.048256,,675500,,
1,1,,0.067947,0.280867,0.21545,0.123988,0.053718,0.213799,0.04423,,671400,,
1,1,,0.067947,0.260867,0.21545,0.123988,0.053718,0.233799,0.04423,,678800,,
1,5,,0.067947,0.240867,0.21545,0.123988,0.053718,0.253799,0.04423,,676300,,
1,5,,0.078061,0.231391,0.2117,0.121413,0.062436,0.251894,0.043105,,669800,,
1,1,,0.077889,0.271391,0.217217,0.121413,0.057091,0.211894,0.043105,,703200,,
1,1,,0.067947,0.280867,0.21545,0.123988,0.053718,0.213799,0.04423,,673200,,
1,1,,0.067947,0.280867,0.21545,0.123988,0.053718,0.213799,0.04423,,672200,,
1,1,,0.067947,0.280867,0.21545,0.123988,0.053718,0.213799,0.04423,,674400,,
1,1,,0.077889,0.271391,0.217217,0.121413,0.057091,0.211894,0.043105,,670400,,
1,5,,0.077889,0.231391,0.217217,0.121413,0.057091,0.251894,0.043105,,679600,,
1,1,,0.067947,0.280867,0.21545,0.123988,0.053718,0.213799,0.04423,,727100,,
1,1,,0.067947,0.280867,0.21545,0.123988,0.053718,0.213799,0.04423,,675900,,
1,1,,0.067817,0.276452,0.202799,0.120135,0.053469,0.229384,0.049945,,696600,,
1,1,,0.069129,0.27266,0.216436,0.122193,0.052316,0.222736,0.04453,,667300,,
1,1,,0.067947,0.280867,0.21545,0.123988,0.053718,0.213799,0.04423,,674900,,
1,1,,0.067947,0.280867,0.198037,0.123988,0.051132,0.233799,0.04423,,718600,,
1,1,,0.067947,0.280867,0.21545,0.123988,0.053718,0.213799,0.04423,,671500,,
1,1,,0.067947,0.280867,0.21545,0.123988,0.053718,0.213799,0.04423,,674700,,
2,2,,0.147203,0.082471,0.230227,0.101872,0.226373,0.114348,0.097505,,677500,,
2,2,,0.157068,0.082735,0.284455,0.103238,0.168797,0.114348,0.08936,,697700,,
2,2,,0.101819,0.086768,0.282921,0.110538,0.128027,0.212742,0.077185,,677900,,
2,2,,0.098367,0.096092,0.295001,0.115771,0.104274,0.213483,0.077013,,702300,,
2,2,,0.093921,0.099025,0.286718,0.117788,0.087734,0.254781,0.060033,,679200,,
2,2,,0.101819,0.086768,0.282921,0.110538,0.128027,0.212742,0.077185,,683400,,
2,2,,0.101819,0.086768,0.282921,0.110538,0.128027,0.212742,0.077185,,673600,,
2,2,,0.100935,0.131711,0.302666,0.11765,0.094367,0.202376,0.050296,,670700,,
2,2,,0.097909,0.099979,0.279834,0.114367,0.118072,0.212827,0.077013,,673200,,
2,5,,0.080925,0.13012,0.246401,0.125814,0.089542,0.274995,0.052202,,724000,,
2,5,,0.091435,0.111482,0.251162,0.120706,0.093867,0.278845,0.052502,,675700,,
2,5,,0.090383,0.124105,0.265415,0.126354,0.072931,0.274324,0.046487,,667200,,
2,2,,0.097909,0.099979,0.279834,0.114367,0.118072,0.212827,0.077013,,675600,,
2,6,,0.124344,0.096049,0.163632,0.116535,0.129791,0.149145,0.220504,,680800,,
2,2,,0.098195,0.096092,0.280518,0.115771,0.118929,0.213483,0.077013,,673500,,
2,2,,0.097909,0.099979,0.279834,0.114367,0.118072,0.212827,0.077013,,711100,,
2,5,,0.079071,0.162773,0.257857,0.134749,0.057615,0.264531,0.043405,,677000,,
2,2,,0.094683,0.096092,0.289738,0.115244,0.099011,0.231602,0.07363,,669800,,
2,2,,0.090073,0.070824,0.262013,0.128625,0.094829,0.204396,0.149241,,673100,,
2,2,,0.090073,0.070824,0.262013,0.128625,0.094829,0.204396,0.149241,,672600,,
2,2,,0.100935,0.131711,0.302666,0.11765,0.094367,0.202376,0.050296,,675900,,
2,2,,0.098367,0.096092,0.275001,0.115771,0.124274,0.213483,0.077013,,667200,,
2,2,,0.097909,0.099979,0.299834,0.114367,0.098072,0.212827,0.077013,,667500,,
2,2,,0.097909,0.099979,0.279834,0.114367,0.118072,0.212827,0.077013,,669000,,
2,2,,0.092994,0.143171,0.251032,0.123953,0.090101,0.250274,0.048476,,670700,,
2,2,,0.143866,0.082341,0.305203,0.101821,0.143756,0.114583,0.10843,,673000,,
2,2,,0.101647,0.086768,0.308438,0.110538,0.102682,0.212742,0.077185,,672000,,
2,5,,0.090383,0.124105,0.245415,0.126354,0.092931,0.274324,0.046487,,671600,,
2,2,,0.098195,0.096092,0.280518,0.115771,0.118929,0.213483,0.077013,,669200,,
2,2,,0.09435,0.13285,0.278826,0.120529,0.07579,0.245284,0.052371,,668900,,
2,2,,0.090073,0.070824,0.282013,0.108625,0.094829,0.224396,0.129241,,679200,,
2,2,,0.098367,0.096092,0.275001,0.115771,0.124274,0.213483,0.077013,,706800,,
2,2,,0.097909,0.099979,0.279834,0.114367,0.118072,0.212827,0.077013,,678000,,
2,2,,0.100559,0.091816,0.283781,0.112608,0.116731,0.239884,0.054622,,670100,,
2,2,,0.101819,0.086768,0.282921,0.110538,0.128027,0.212742,0.077185,,669200,,
2,2,,0.100559,0.091816,0.283781,0.112608,0.116731,0.239884,0.054622,,672500,,
2,2,,0.098195,0.096092,0.280518,0.115771,0.118929,0.213483,0.077013,,669300,,
2,2,,0.093921,0.099025,0.266718,0.117788,0.107734,0.254781,0.060033,,669600,,
2,2,,0.090073,0.090824,0.299426,0.108625,0.097415,0.209834,0.103802,,669500,,
2,2,,0.098195,0.096092,0.300518,0.115771,0.098929,0.213483,0.077013,,669000,,
2,5,,0.090383,0.124105,0.245415,0.126354,0.092931,0.274324,0.046487,,663500,,
2,5,,0.091565,0.115898,0.2464,0.124559,0.091529,0.283261,0.046787,,694000,,
2,2,,0.100559,0.091816,0.283781,0.112608,0.116731,0.239884,0.054622,,659500,,
2,5,,0.090383,0.124105,0.245415,0.126354,0.092931,0.274324,0.046487,,668000,,
2,2,,0.090073,0.070824,0.282013,0.108625,0.094829,0.224396,0.129241,,666800,,
2,5,,0.090383,0.124105,0.265415,0.126354,0.072931,0.274324,0.046487,,664900,,
2,5,,0.079071,0.182773,0.237857,0.128082,0.077615,0.251198,0.043405,,664800,,
2,2,,0.090253,0.119689,0.270177,0.122502,0.075269,0.269908,0.052202,,663500,,
2,5,,0.082108,0.121913,0.247387,0.124019,0.08814,0.283931,0.052502,,663300,,
2,2,,0.104619,0.131711,0.307929,0.118176,0.09963,0.184256,0.053679,,662900,,
2,2,,0.100188,0.081348,0.295676,0.106049,0.106133,0.187929,0.122677,,662600,,
2,2,,0.095407,0.091772,0.275556,0.112045,0.111406,0.239884,0.07393,,664900,,
2,2,,0.157068,0.082735,0.284455,0.103238,0.168797,0.114348,0.08936,,664500,,
2,2,,0.095664,0.132937,0.266835,0.118518,0.101264,0.234853,0.049929,,662200,,
2,2,,0.102117,0.123504,0.303651,0.115855,0.092965,0.211312,0.050596,,679700,,
2,2,,0.147203,0.082471,0.290227,0.101872,0.166373,0.114348,0.097505,,665600,,
2,2,,0.100559,0.091816,0.283781,0.112608,0.116731,0.239884,0.054622,,669300,,
2,2,,0.101819,0.086768,0.302921,0.110538,0.108027,0.212742,0.077185,,665300,,
2,2,,0.101647,0.086768,0.288438,0.110538,0.122682,0.212742,0.077185,,664600,,
2,2,,0.098367,0.096092,0.275001,0.115771,0.124274,0.213483,0.077013,,671600,,
2,5,,0.082238,0.126329,0.242625,0.127872,0.085803,0.288347,0.046787,,669400,,
2,2,,0.097909,0.099979,0.279834,0.114367,0.118072,0.212827,0.077013,,659900,,
2,2,,0.095664,0.132937,0.286835,0.118518,0.081264,0.234853,0.049929,,662300,,
2,5,,0.077513,0.131085,0.237987,0.131502,0.081381,0.293103,0.047431,,663900,,
2,2,,0.098195,0.096092,0.280518,0.115771,0.118929,0.213483,0.077013,,667100,,
2,2,,0.095783,0.131667,0.294441,0.117087,0.089042,0.202376,0.069604,,665300,,
3,5,,0.077513,0.131085,0.237987,0.131502,0.081381,0.293103,0.047431,,665100,,
3,2,,0.087947,0.220867,0.23545,0.123988,0.073718,0.213799,0.04423,,665600,,
3,5,,0.067947,0.180456,0.235104,0.139119,0.075644,0.257499,0.04423,,664700,,
3,1,,0.086446,0.286316,0.15671,0.149805,0.092351,0.145615,0.082758,,667600,,
3,2,,0.097889,0.211391,0.237217,0.121413,0.077091,0.211894,0.043105,,657400,,
3,2,,0.097889,0.211391,0.237217,0.121413,0.077091,0.211894,0.043105,,660000,,
3,5,,0.081055,0.134536,0.241639,0.129667,0.087205,0.27941,0.046487,,668800,,
3,5,,0.066388,0.178985,0.235408,0.124932,0.078449,0.267582,0.048256,,658900,,
3,2,,0.077889,0.211391,0.237217,0.121413,0.077091,0.231894,0.043105,,663500,,
3,5,,0.077513,0.131085,0.237987,0.131502,0.081381,0.293103,0.047431,,663300,,
3,5,,0.077513,0.161301,0.25816,0.120561,0.06042,0.274614,0.047431,,663100,,
3,5,,0.067947,0.180456,0.235104,0.139119,0.075644,0.257499,0.04423,,677300,,
3,2,,0.077889,0.211391,0.237217,0.121413,0.077091,0.231894,0.043105,,666700,,
3,5,,0.07633,0.179702,0.237347,0.118166,0.080857,0.260466,0.047131,,662500,,
3,1,,0.092245,0.302447,0.161926,0.141907,0.093059,0.126641,0.081774,,666000,,
3,5,,0.07633,0.139292,0.237001,0.133297,0.082783,0.284166,0.047131,,664500,,
3,5,,0.077513,0.131085,0.257987,0.131502,0.061381,0.293103,0.047431,,662500,,
3,5,,0.066388,0.178985,0.235408,0.124932,0.078449,0.267582,0.048256,,665200,,
3,5,,0.066388,0.158985,0.235408,0.131599,0.078449,0.280916,0.048256,,664600,,
3,2,,0.067947,0.220867,0.23545,0.123988,0.073718,0.233799,0.04423,,663800,,
3,5,,0.07633,0.139292,0.257001,0.133297,0.062783,0.284166,0.047131,,680500,,
3,5,,0.079071,0.162773,0.237857,0.134749,0.077615,0.264531,0.043405,,665700,,
3,5,,0.077889,0.17098,0.236871,0.136544,0.079017,0.255594,0.043105,,666200,,
3,2,,0.095407,0.091772,0.275556,0.112045,0.111406,0.239884,0.07393,,666400,,
3,5,,0.066388,0.158985,0.235408,0.131599,0.078449,0.280916,0.048256,,666200,,
3,5,,0.07633,0.139292,0.237001,0.133297,0.082783,0.284166,0.047131,,663100,,
3,5,,0.07633,0.139292,0.237001,0.133297,0.082783,0.284166,0.047131,,664400,,
3,5,,0.079071,0.162773,0.237857,0.134749,0.077615,0.264531,0.043405,,668800,,
3,5,,0.090383,0.124105,0.265415,0.126354,0.072931,0.274324,0.046487,,664900,,
3,2,,0.112065,0.092081,0.300201,0.108082,0.123245,0.136177,0.12815,,667000,,
3,2,,0.067947,0.220867,0.23545,0.123988,0.073718,0.233799,0.04423,,668700,,
3,5,,0.089129,0.17225,0.21609,0.137324,0.094241,0.246436,0.04453,,665000,,
3,5,,0.077513,0.141301,0.23816,0.127228,0.08042,0.287948,0.047431,,664300,,
3,2,,0.156588,0.082605,0.248002,0.103186,0.174751,0.114583,0.120285,,665500,,
3,5,,0.07633,0.169508,0.237174,0.122357,0.081822,0.265678,0.047131,,661000,,
3,5,,0.07633,0.139292,0.237001,0.133297,0.082783,0.284166,0.047131,,665900,,
3,5,,0.067571,0.150778,0.236393,0.129803,0.077047,0.289852,0.048556,,666100,,
3,5,,0.07633,0.139292,0.237001,0.133297,0.082783,0.284166,0.047131,,665700,,
3,5,,0.066388,0.189179,0.23558,0.120741,0.077484,0.262371,0.048256,,664100,,
3,5,,0.07633,0.139292,0.237001,0.133297,0.082783,0.284166,0.047131,,666000,,
3,5,,0.089129,0.17225,0.23609,0.137324,0.074241,0.246436,0.04453,,663500,,
3,5,,0.066388,0.158985,0.235408,0.131599,0.078449,0.280916,0.048256,,664400,,
3,5,,0.097889,0.17098,0.216871,0.136544,0.099017,0.235594,0.043105,,693700,,
3,5,,0.077889,0.17098,0.236871,0.136544,0.079017,0.255594,0.043105,,663800,,
3,1,,0.087947,0.220867,0.21545,0.123988,0.093718,0.213799,0.04423,,668800,,
3,2,,0.097889,0.211391,0.237217,0.121413,0.077091,0.211894,0.043105,,666900,,
3,5,,0.07633,0.139292,0.237001,0.133297,0.082783,0.284166,0.047131,,658700,,
3,1,,0.086446,0.246316,0.15671,0.149805,0.092351,0.185615,0.082758,,662300,,
3,5,,0.066388,0.189179,0.23558,0.120741,0.077484,0.262371,0.048256,,668800,,
3,5,,0.066388,0.209179,0.23558,0.120741,0.057484,0.262371,0.048256,,674900,,
3,5,,0.07633,0.139292,0.237001,0.133297,0.082783,0.284166,0.047131,,665400,,
3,5,,0.07633,0.169508,0.237174,0.122357,0.081822,0.265678,0.047131,,667100,,
3,5,,0.067571,0.140561,0.25622,0.134077,0.058008,0.295007,0.048556,,665700,,
3,5,,0.089129,0.182466,0.236263,0.13305,0.073281,0.241281,0.04453,,667700,,
3,2,,0.097889,0.211391,0.217217,0.121413,0.097091,0.211894,0.043105,,665600,,
3,5,,0.097889,0.17098,0.216871,0.136544,0.099017,0.235594,0.043105,,664900,,
3,5,,0.07633,0.139292,0.237001,0.133297,0.082783,0.284166,0.047131,,665800,,
3,2,,0.077889,0.211391,0.237217,0.121413,0.077091,0.231894,0.043105,,665400,,
3,5,,0.077889,0.17098,0.236871,0.136544,0.079017,0.255594,0.043105,,665900,,
3,5,,0.069129,0.182466,0.256263,0.13305,0.053281,0.261281,0.04453,,664200,,
3,5,,0.066388,0.189179,0.25558,0.120741,0.057484,0.262371,0.048256,,667300,,
3,5,,0.07633,0.139292,0.237001,0.133297,0.082783,0.284166,0.047131,,667800,,
3,5,,0.082238,0.126329,0.242625,0.127872,0.085803,0.288347,0.046787,,666800,,
3,5,,0.067947,0.190673,0.235278,0.134845,0.074683,0.252344,0.04423,,667200,,
3,5,,0.066388,0.189179,0.25558,0.120741,0.057484,0.262371,0.048256,,667400,,
3,5,,0.07633,0.139292,0.237001,0.133297,0.082783,0.284166,0.047131,,696700,,
4,5,,0.076503,0.139292,0.231484,0.133297,0.088128,0.284166,0.047131,,667400,,
4,5,,0.090555,0.124105,0.239898,0.126354,0.098276,0.274324,0.046487,,665100,,
4,2,,0.090073,0.070824,0.242013,0.128625,0.114829,0.204396,0.149241,,666500,,
4,5,,0.082614,0.166224,0.24151,0.132914,0.083439,0.250839,0.042462,,666100,,
4,2,,0.085841,0.141144,0.25526,0.119662,0.103083,0.22428,0.070729,,664800,,
4,5,,0.082614,0.166224,0.24151,0.132914,0.083439,0.250839,0.042462,,665900,,
4,5,,0.092922,0.105577,0.254194,0.121135,0.097219,0.278271,0.050682,,666000,,
4,2,,0.090073,0.070824,0.262013,0.108625,0.114829,0.224396,0.129241,,663800,,
4,2,,0.144864,0.082605,0.29304,0.103006,0.15519,0.114272,0.107024,,665700,,
4,2,,0.093298,0.145472,0.273079,0.126177,0.074855,0.240763,0.046356,,671300,,
4,5,,0.077513,0.131085,0.237987,0.131502,0.081381,0.293103,0.047431,,662900,,
4,2,,0.091941,0.155793,0.265285,0.129601,0.069165,0.245752,0.042462,,665100,,
4,2,,0.090073,0.070824,0.242013,0.128625,0.114829,0.204396,0.149241,,664800,,
4,6,,0.132915,0.116049,0.083632,0.116535,0.18122,0.149145,0.220504,,666500,,
4,5,,0.090555,0.124105,0.239898,0.126354,0.098276,0.274324,0.046487,,667200,,
4,2,,0.099549,0.100022,0.277278,0.114403,0.123478,0.230947,0.054322,,810300,,
4,2,,0.09451,0.096092,0.275255,0.115244,0.113666,0.231602,0.07363,,705600,,
4,2,,0.143866,0.082341,0.285203,0.101821,0.143756,0.114583,0.12843,,672300,,
4,5,,0.07633,0.139292,0.237001,0.133297,0.082783,0.284166,0.047131,,671700,,
4,2,,0.094225,0.099979,0.294571,0.11384,0.092809,0.230947,0.07363,,668100,,
4,2,,0.100015,0.081348,0.281193,0.106049,0.120788,0.207929,0.102677,,671500,,
4,2,,0.090073,0.090824,0.262013,0.108625,0.114829,0.229834,0.103802,,694300,,
4,2,,0.094225,0.099979,0.274571,0.11384,0.112809,0.230947,0.07363,,663400,,
4,2,,0.090073,0.070824,0.242013,0.128625,0.114829,0.204396,0.149241,,655600,,
4,2,,0.095955,0.131667,0.268923,0.117087,0.114387,0.202376,0.069604,,660700,,
4,2,,0.094784,0.14556,0.25557,0.124166,0.105673,0.230332,0.043915,,656600,,
4,2,,0.094683,0.096092,0.269738,0.115244,0.119011,0.231602,0.07363,,659100,,
4,2,,0.153731,0.082605,0.27943,0.103186,0.14618,0.114583,0.120285,,666400,,
4,2,,0.090073,0.070824,0.262013,0.108625,0.114829,0.224396,0.129241,,661900,,
4,2,,0.107948,0.102512,0.23662,0.111345,0.125799,0.219382,0.096394,,661600,,
4,2,,0.156588,0.082605,0.248002,0.103186,0.194751,0.114583,0.100285,,661700,,
4,2,,0.094225,0.099979,0.294571,0.11384,0.092809,0.230947,0.07363,,667100,,
4,5,,0.091941,0.155793,0.245285,0.129601,0.089165,0.245752,0.042462,,668500,,
4,2,,0.084283,0.109456,0.25539,0.116416,0.106849,0.252852,0.074755,,663300,,
4,2,,0.098367,0.096092,0.295001,0.115771,0.104274,0.213483,0.077013,,659300,,
4,2,,0.101647,0.086768,0.288438,0.110538,0.122682,0.212742,0.077185,,668300,,
4,2,,0.094225,0.099979,0.274571,0.11384,0.112809,0.230947,0.07363,,676200,,
4,2,,0.099925,0.127781,0.274871,0.119017,0.120508,0.184911,0.072987,,666000,,
4,2,,0.090073,0.070824,0.242013,0.128625,0.114829,0.204396,0.149241,,709800,,
4,2,,0.090073,0.070824,0.242013,0.128625,0.114829,0.204396,0.149241,,661500,,
4,2,,0.090073,0.070824,0.242013,0.128625,0.114829,0.204396,0.149241,,656800,,
4,2,,0.094225,0.099979,0.274571,0.11384,0.112809,0.230947,0.07363,,665200,,
4,2,,0.090073,0.070824,0.242013,0.128625,0.114829,0.204396,0.149241,,660300,,
4,5,,0.093124,0.147586,0.24627,0.127806,0.087763,0.254689,0.042761,,662900,,
4,2,,0.094397,0.099979,0.269053,0.11384,0.118154,0.230947,0.07363,,675800,,
4,2,,0.098367,0.096092,0.295001,0.115771,0.104274,0.213483,0.077013,,661200,,
4,2,,0.146289,0.092081,0.267663,0.110761,0.142807,0.118988,0.121411,,661500,,
4,2,,0.090073,0.070824,0.242013,0.128625,0.114829,0.204396,0.149241,,659700,,
4,2,,0.114482,0.141144,0.245849,0.120313,0.122666,0.205917,0.04963,,662700,,
4,2,,0.119633,0.141187,0.254075,0.120876,0.128424,0.186507,0.049299,,661700,,
4,2,,0.098247,0.109499,0.288687,0.117629,0.097535,0.235079,0.053325,,667600,,
4,2,,0.090073,0.070824,0.242013,0.128625,0.114829,0.204396,0.149241,,661800,,
4,2,,0.09451,0.096092,0.295255,0.115244,0.093666,0.231602,0.07363,,658600,,
4,2,,0.113298,0.145472,0.233079,0.126177,0.114855,0.220763,0.046356,,663700,,
4,5,,0.092792,0.101161,0.258956,0.117282,0.099556,0.273856,0.056397,,663200,,
4,5,,0.090555,0.124105,0.239898,0.126354,0.098276,0.274324,0.046487,,662400,,
4,2,,0.094225,0.099979,0.274571,0.11384,0.112809,0.230947,0.07363,,666500,,
4,2,,0.090246,0.090824,0.293909,0.108625,0.10276,0.189834,0.123802,,657900,,
4,2,,0.133979,0.095908,0.288652,0.112256,0.137923,0.119481,0.111802,,663100,,
4,2,,0.101647,0.086768,0.308438,0.110538,0.102682,0.212742,0.077185,,662900,,
4,2,,0.101819,0.086768,0.302921,0.110538,0.108027,0.212742,0.077185,,665100,,
4,2,,0.146723,0.082341,0.233774,0.101821,0.212327,0.114583,0.10843,,663900,,
4,2,,0.09451,0.096092,0.275255,0.115244,0.113666,0.231602,0.07363,,686600,,
4,2,,0.100188,0.081348,0.275676,0.106049,0.126133,0.207929,0.102677,,665200,,
4,5,,0.082108,0.121913,0.247387,0.124019,0.08814,0.283931,0.052502,,673600,,
4,2,,0.114482,0.141144,0.245849,0.120313,0.122666,0.205917,0.04963,,663000,,
5,5,,0.077513,0.131085,0.257987,0.131502,0.061381,0.293103,0.047431,,685500,,
5,5,,0.077513,0.171496,0.238333,0.116371,0.079455,0.269402,0.047431,,661200,,
5,5,,0.077513,0.131085,0.257987,0.131502,0.061381,0.293103,0.047431,,668500,,
5,5,,0.077513,0.131085,0.237987,0.131502,0.081381,0.293103,0.047431,,663700,,
5,5,,0.077513,0.131085,0.237987,0.131502,0.081381,0.293103,0.047431,,665200,,
5,5,,0.077513,0.171496,0.238333,0.116371,0.079455,0.269402,0.047431,,666900,,
5,5,,0.077513,0.161301,0.23816,0.120561,0.08042,0.274614,0.047431,,674400,,
5,5,,0.077513,0.141301,0.23816,0.127228,0.08042,0.287948,0.047431,,666000,,
5,5,,0.07633,0.179702,0.237347,0.118166,0.080857,0.260466,0.047131,,664600,,
5,5,,0.077513,0.171496,0.238333,0.116371,0.079455,0.269402,0.047431,,665500,,
5,5,,0.077513,0.161301,0.25816,0.120561,0.06042,0.274614,0.047431,,661600,,
5,5,,0.077513,0.171496,0.238333,0.116371,0.079455,0.269402,0.047431,,663500,,
5,5,,0.077513,0.161301,0.25816,0.120561,0.06042,0.274614,0.047431,,667000,,
5,5,,0.077513,0.171496,0.238333,0.116371,0.079455,0.269402,0.047431,,666400,,
5,5,,0.077513,0.161301,0.23816,0.120561,0.08042,0.274614,0.047431,,670000,,
5,5,,0.084359,0.202966,0.156752,0.12996,0.09182,0.227348,0.106795,,670800,,
5,5,,0.077513,0.171496,0.238333,0.116371,0.079455,0.269402,0.047431,,661500,,
5,5,,0.077513,0.131085,0.237987,0.131502,0.081381,0.293103,0.047431,,664800,,
5,5,,0.077513,0.141301,0.23816,0.127228,0.08042,0.287948,0.047431,,691200,,
5,5,,0.077513,0.171496,0.258333,0.116371,0.059455,0.269402,0.047431,,659600,,
5,5,,0.077513,0.141301,0.23816,0.127228,0.08042,0.287948,0.047431,,700500,,
5,5,,0.077513,0.171496,0.238333,0.116371,0.079455,0.269402,0.047431,,666700,,
5,5,,0.077513,0.171496,0.238333,0.116371,0.079455,0.269402,0.047431,,680500,,
5,5,,0.07633,0.139292,0.237001,0.133297,0.082783,0.284166,0.047131,,660500,,
5,5,,0.077513,0.131085,0.257987,0.131502,0.061381,0.293103,0.047431,,668800,,
5,5,,0.077513,0.161301,0.23816,0.120561,0.08042,0.274614,0.047431,,667500,,
5,5,,0.077513,0.171496,0.238333,0.116371,0.079455,0.269402,0.047431,,671500,,
5,5,,0.077513,0.171496,0.238333,0.116371,0.079455,0.269402,0.047431,,659400,,
5,5,,0.084359,0.202966,0.156752,0.12996,0.09182,0.252787,0.081356,,668000,,
5,5,,0.084359,0.202966,0.156752,0.12996,0.09182,0.252787,0.081356,,662600,,
5,5,,0.07633,0.139292,0.237001,0.133297,0.082783,0.284166,0.047131,,660400,,
5,5,,0.084359,0.202966,0.156752,0.12996,0.09182,0.252787,0.081356,,668000,,
5,5,,0.084359,0.182966,0.156752,0.14996,0.09182,0.232787,0.101356,,667400,,
5,5,,0.077513,0.171496,0.238333,0.116371,0.079455,0.269402,0.047431,,658000,,
5,5,,0.084359,0.202966,0.136752,0.14996,0.09182,0.252787,0.081356,,670900,,
5,5,,0.077513,0.161301,0.25816,0.120561,0.06042,0.274614,0.047431,,666300,,
5,5,,0.077513,0.161301,0.23816,0.120561,0.08042,0.274614,0.047431,,654500,,
5,5,,0.07633,0.179702,0.237347,0.118166,0.080857,0.260466,0.047131,,667000,,
5,5,,0.077513,0.131085,0.237987,0.131502,0.081381,0.293103,0.047431,,667300,,
5,5,,0.077513,0.171496,0.238333,0.116371,0.079455,0.269402,0.047431,,658500,,
5,5,,0.077513,0.171496,0.238333,0.116371,0.079455,0.269402,0.047431,,666700,,
5,5,,0.077513,0.161301,0.23816,0.120561,0.08042,0.274614,0.047431,,757900,,
5,5,,0.077513,0.141301,0.23816,0.127228,0.08042,0.287948,0.047431,,677000,,
5,5,,0.07633,0.179702,0.257347,0.118166,0.060857,0.260466,0.047131,,828600,,
5,5,,0.077513,0.141301,0.23816,0.127228,0.08042,0.287948,0.047431,,664000,,
5,5,,0.077513,0.131085,0.257987,0.131502,0.061381,0.293103,0.047431,,684300,,
5,5,,0.077513,0.161301,0.23816,0.120561,0.08042,0.274614,0.047431,,659100,,
5,5,,0.077513,0.161301,0.25816,0.120561,0.06042,0.274614,0.047431,,669900,,
5,5,,0.077383,0.126669,0.242748,0.127649,0.083718,0.288687,0.053145,,662400,,
5,5,,0.07633,0.149508,0.237174,0.129023,0.081822,0.279011,0.047131,,660400,,
5,5,,0.077513,0.161301,0.23816,0.120561,0.08042,0.274614,0.047431,,674500,,
5,5,,0.07633,0.179702,0.237347,0.118166,0.080857,0.260466,0.047131,,662500,,
5,5,,0.077513,0.131085,0.237987,0.131502,0.081381,0.293103,0.047431,,672200,,
5,5,,0.077513,0.171496,0.238333,0.116371,0.079455,0.269402,0.047431,,676900,,
5,5,,0.077513,0.141301,0.25816,0.127228,0.06042,0.287948,0.047431,,661800,,
5,5,,0.077513,0.131085,0.237987,0.131502,0.081381,0.293103,0.047431,,662600,,
5,5,,0.077513,0.131085,0.237987,0.131502,0.081381,0.293103,0.047431,,674600,,
5,5,,0.077513,0.171496,0.238333,0.116371,0.079455,0.269402,0.047431,,661600,,
5,5,,0.067571,0.140561,0.25622,0.134077,0.058008,0.295007,0.048556,,661700,,
5,5,,0.077513,0.141301,0.23816,0.127228,0.08042,0.287948,0.047431,,667700,,
5,5,,0.077513,0.141301,0.23816,0.127228,0.08042,0.287948,0.047431,,666300,,
5,5,,0.07633,0.179702,0.237347,0.118166,0.080857,0.260466,0.047131,,661100,,
5,5,,0.077513,0.141301,0.23816,0.127228,0.08042,0.287948,0.047431,,670900,,
5,5,,0.077513,0.171496,0.238333,0.116371,0.079455,0.269402,0.047431,,712700,,
5,5,,0.084359,0.202966,0.156752,0.12996,0.09182,0.232787,0.101356,,663600,,
5,5,,0.084359,0.202966,0.136752,0.14996,0.09182,0.232787,0.101356,,674300,,
6,5,,0.0628,0.117098,0.249777,0.117712,0.080861,0.25912,0.112632,,669100,,
6,2,,0.08052,0.081247,0.274731,0.106056,0.103907,0.214742,0.138796,,661700,,
6,5,,0.061617,0.125305,0.248791,0.119508,0.082264,0.250183,0.112332,,675700,,
6,2,,0.07567,0.110118,0.257205,0.112565,0.092845,0.220932,0.130665,,664100,,
6,5,,0.0628,0.117098,0.249777,0.117712,0.080861,0.25912,0.112632,,659700,,
6,2,,0.114552,0.086078,0.264805,0.10101,0.147279,0.121345,0.16493,,669900,,
6,2,,0.078024,0.089366,0.265737,0.109863,0.099836,0.216236,0.140938,,677800,,
6,2,,0.07567,0.110118,0.257205,0.112565,0.092845,0.220932,0.130665,,658900,,
6,2,,0.0628,0.117098,0.269777,0.117712,0.060861,0.25912,0.112632,,675200,,
6,5,,0.0628,0.117098,0.249777,0.117712,0.080861,0.25912,0.112632,,666300,,
6,5,,0.061617,0.125305,0.248791,0.119508,0.082264,0.250183,0.112332,,660400,,
6,2,,0.067525,0.112342,0.254415,0.114082,0.085716,0.234955,0.130965,,666400,,
6,5,,0.0628,0.117098,0.249777,0.117712,0.080861,0.25912,0.112632,,660700,,
6,2,,0.067525,0.112342,0.254415,0.114082,0.085716,0.234955,0.130965,,662200,,
6,2,,0.076852,0.101911,0.27819,0.11077,0.071443,0.229869,0.130965,,681900,,
6,2,,0.066342,0.120549,0.253429,0.115877,0.087118,0.226018,0.130665,,662400,,
6,5,,0.0628,0.117098,0.249777,0.117712,0.080861,0.25912,0.112632,,660500,,
6,5,,0.061617,0.125305,0.248791,0.119508,0.082264,0.250183,0.112332,,669800,,
6,2,,0.061617,0.125305,0.268791,0.119508,0.062264,0.250183,0.112332,,666700,,
6,5,,0.0628,0.117098,0.249777,0.117712,0.080861,0.25912,0.112632,,656500,,
6,6,,0.124147,0.090046,0.149062,0.111964,0.133184,0.139752,0.251846,,677800,,
6,2,,0.078024,0.089366,0.265737,0.109863,0.099836,0.216236,0.140938,,671200,,
6,5,,0.0628,0.117098,0.249777,0.117712,0.080861,0.25912,0.112632,,662300,,
6,5,,0.061617,0.125305,0.248791,0.119508,0.082264,0.250183,0.112332,,669100,,
6,5,,0.061617,0.125305,0.248791,0.119508,0.082264,0.250183,0.112332,,677000,,
6,2,,0.07567,0.110118,0.257205,0.112565,0.092845,0.220932,0.130665,,659500,,
6,5,,0.0628,0.117098,0.249777,0.117712,0.080861,0.25912,0.112632,,670200,,
6,5,,0.0628,0.117098,0.249777,0.117712,0.080861,0.25912,0.112632,,696500,,
6,2,,0.061617,0.125305,0.248791,0.119508,0.082697,0.230774,0.131308,,669500,,
6,2,,0.067525,0.112342,0.254415,0.114082,0.085283,0.254364,0.111989,,659800,,
6,5,,0.0628,0.117098,0.249777,0.117712,0.080861,0.25912,0.112632,,660900,,
6,2,,0.066342,0.120549,0.253429,0.115877,0.087118,0.226018,0.130665,,668900,,
6,5,,0.066265,0.13029,0.24589,0.119818,0.085736,0.247332,0.104669,,688400,,
6,5,,0.061617,0.125305,0.248791,0.119508,0.082264,0.250183,0.112332,,676200,,
6,2,,0.079522,0.091678,0.273993,0.105334,0.102606,0.214448,0.132419,,673600,,
6,2,,0.076852,0.101911,0.25819,0.11077,0.091443,0.229869,0.130965,,672300,,
6,5,,0.061617,0.125305,0.248791,0.119508,0.082264,0.250183,0.112332,,671000,,
6,2,,0.142005,0.073034,0.25503,0.093249,0.171894,0.105016,0.159772,,693600,,
6,2,,0.0628,0.117098,0.269777,0.117712,0.060861,0.25912,0.112632,,716600,,
6,2,,0.066342,0.120549,0.273429,0.115877,0.066685,0.245427,0.111689,,703300,,
6,2,,0.142005,0.073034,0.23503,0.093249,0.191894,0.105016,0.159772,,674400,,
6,5,,0.061617,0.125305,0.248791,0.119508,0.082264,0.250183,0.112332,,679300,,
6,2,,0.061617,0.125305,0.268791,0.119508,0.062697,0.230774,0.131308,,676200,,
6,2,,0.061617,0.125305,0.268791,0.119508,0.062264,0.250183,0.112332,,673100,,
6,2,,0.139148,0.073034,0.286458,0.093249,0.143323,0.105016,0.159772,,664600,,
6,5,,0.061617,0.125305,0.248791,0.119508,0.082264,0.250183,0.112332,,700200,,
6,6,,0.09941,0.090306,0.199451,0.110673,0.111209,0.13637,0.252583,,685300,,
6,2,,0.067525,0.112342,0.274415,0.114082,0.065283,0.254364,0.111989,,698400,,
6,5,,0.0628,0.117098,0.249777,0.117712,0.080861,0.25912,0.112632,,672400,,
6,5,,0.061617,0.125305,0.248791,0.119508,0.082264,0.250183,0.112332,,665100,,
6,2,,0.066342,0.120549,0.253429,0.115877,0.087118,0.226018,0.130665,,664900,,
6,5,,0.061617,0.125305,0.248791,0.119508,0.082264,0.250183,0.112332,,662400,,
6,5,,0.0628,0.117098,0.249777,0.117712,0.080861,0.25912,0.112632,,661800,,
6,5,,0.061617,0.125305,0.248791,0.119508,0.082264,0.250183,0.112332,,660700,,
6,5,,0.061617,0.125305,0.248791,0.119508,0.082264,0.250183,0.112332,,669600,,
6,5,,0.0628,0.117098,0.249777,0.117712,0.080861,0.25912,0.112632,,666900,,
6,2,,0.078197,0.089366,0.26022,0.109863,0.105181,0.216236,0.140938,,657300,,
6,5,,0.061617,0.125305,0.248791,0.119508,0.082264,0.250183,0.112332,,669500,,
6,5,,0.0628,0.117098,0.249777,0.117712,0.080861,0.25912,0.112632,,687700,,
6,5,,0.061617,0.125305,0.248791,0.119508,0.082264,0.250183,0.112332,,659400,,
6,5,,0.0628,0.117098,0.249777,0.117712,0.080861,0.25912,0.112632,,664000,,
6,5,,0.0628,0.117098,0.249777,0.117712,0.080861,0.25912,0.112632,,666900,,
6,2,,0.061617,0.125305,0.248791,0.119508,0.082697,0.230774,0.131308,,659200,,
6,6,,0.113991,0.090306,0.205484,0.108352,0.139342,0.136681,0.205844,,671300,,
6,2,,0.066342,0.120549,0.273429,0.115877,0.067118,0.226018,0.130665,,660700,,
6,6,,0.111134,0.090306,0.176913,0.108352,0.11077,0.136681,0.265844,,662000,,