semeion,LADTree,test,3,NANOSECONDS,PREDICTIONS, Generated by ClassifierExperiments.java on 2022-05-16 13:40:01.    SYSTEMPROPERTIES:{user.name:matth,os.arch:amd64,os.name:Windows 10},ENDSYSTEMPROPERTIES
No parameter info
0.8390092879256966,1819788000,1604546600,-1,102515208,10,,-1,-1
0,0,,0.668861,0.014909,0.037645,0.000681,0.115733,0.004205,0.048684,0.013394,0.058311,0.037577,,5143100,,
0,0,,0.655132,0.015169,0.034061,0.000761,0.105764,0.004364,0.056769,0.013745,0.08345,0.030785,,4997000,,
0,0,,0.688077,0.014909,0.030978,0.000681,0.109458,0.004205,0.04888,0.013394,0.058507,0.03091,,5024600,,
0,9,,0.053735,0.073047,0.082086,0.095192,0.081516,0.179048,0.013087,0.103626,0.114681,0.203983,,5101400,,
0,6,,0.259503,0.03252,0.070823,0.007035,0.132016,0.012196,0.291473,0.025057,0.159057,0.010319,,5073100,,
0,0,,0.676869,0.015436,0.03184,0.000491,0.11611,0.004015,0.048689,0.012705,0.059297,0.034549,,4947300,,
0,0,,0.688861,0.014909,0.030978,0.000681,0.109066,0.004205,0.048684,0.013394,0.058311,0.03091,,4965400,,
0,0,,0.569932,0.024619,0.035016,0.033554,0.084727,0.06496,0.02363,0.029349,0.044866,0.089347,,4994400,,
0,0,,0.688861,0.014909,0.030978,0.000681,0.109066,0.004205,0.048684,0.013394,0.058311,0.03091,,4912600,,
0,6,,0.172685,0.033564,0.087133,0.025164,0.134954,0.026417,0.283109,0.051621,0.156768,0.028585,,4938200,,
0,0,,0.688077,0.014909,0.030978,0.000681,0.109458,0.004205,0.04888,0.013394,0.058507,0.03091,,4966900,,
0,0,,0.65162,0.014909,0.030978,0.000681,0.125618,0.004205,0.068684,0.014083,0.058311,0.03091,,4918100,,
0,0,,0.676869,0.015436,0.03184,0.000491,0.11611,0.004015,0.048689,0.012705,0.059297,0.034549,,4886300,,
0,0,,0.552055,0.025032,0.042469,0.027407,0.0862,0.064578,0.024973,0.035681,0.048272,0.093335,,4955400,,
0,9,,0.07493,0.097354,0.11856,0.083076,0.079345,0.136516,0.015857,0.114384,0.085682,0.194297,,4910100,,
0,0,,0.286237,0.053453,0.076728,0.006709,0.135691,0.031079,0.218858,0.024354,0.155054,0.011837,,4886200,,
0,0,,0.619453,0.035151,0.039729,0.029425,0.097371,0.01222,0.040441,0.026163,0.057851,0.042197,,4921500,,
0,0,,0.676869,0.015436,0.03184,0.000491,0.11611,0.004015,0.048689,0.012705,0.059297,0.034549,,4901300,,
0,0,,0.676869,0.015436,0.03184,0.000491,0.11611,0.004015,0.048689,0.012705,0.059297,0.034549,,4874900,,
0,0,,0.616869,0.014746,0.030116,0.009062,0.1268,0.012586,0.048344,0.028468,0.058262,0.054746,,4973300,,
0,0,,0.676869,0.015436,0.03184,0.000491,0.11611,0.004015,0.048689,0.012705,0.059297,0.034549,,5010500,,
0,0,,0.688077,0.014909,0.030978,0.000681,0.109458,0.004205,0.04888,0.013394,0.058507,0.03091,,5017700,,
0,0,,0.597931,0.015259,0.05784,0.000491,0.135933,0.004015,0.048689,0.012705,0.085297,0.041841,,5051900,,
0,0,,0.688077,0.014909,0.030978,0.000681,0.109458,0.004205,0.04888,0.013394,0.058507,0.03091,,5038700,,
0,0,,0.688077,0.014909,0.030978,0.000681,0.109458,0.004205,0.04888,0.013394,0.058507,0.03091,,5004700,,
0,0,,0.676869,0.015436,0.03184,0.000491,0.11611,0.004015,0.048689,0.012705,0.059297,0.034549,,5021500,,
0,0,,0.387299,0.029934,0.063213,0.057723,0.073283,0.084826,0.010497,0.061612,0.070344,0.16127,,5090300,,
0,0,,0.30137,0.031453,0.131614,0.006274,0.115978,0.010992,0.21666,0.022789,0.150732,0.012138,,5041700,,
0,0,,0.688077,0.014909,0.030978,0.000681,0.109458,0.004205,0.04888,0.013394,0.058507,0.03091,,5039900,,
0,0,,0.556157,0.023016,0.074278,0.014813,0.093052,0.018046,0.062032,0.026281,0.08139,0.050933,,5044300,,
0,0,,0.672201,0.018608,0.039985,0.011595,0.097866,0.013583,0.032685,0.019257,0.05396,0.040261,,4912700,,
0,0,,0.362517,0.029973,0.054389,0.035114,0.146257,0.105167,0.013651,0.040554,0.032454,0.179924,,4950200,,
0,0,,0.688077,0.014909,0.030978,0.000681,0.109458,0.004205,0.04888,0.013394,0.058507,0.03091,,4986600,,
1,1,,0.004925,0.339146,0.081539,0.105368,0.043154,0.108254,0.011969,0.168297,0.041413,0.095934,,4987900,,
1,1,,0.006669,0.31064,0.166701,0.070616,0.061104,0.07073,0.034401,0.106864,0.114317,0.057959,,4919200,,
1,1,,0.009411,0.294243,0.075547,0.156148,0.040281,0.10853,0.01166,0.119452,0.039132,0.145596,,5039300,,
1,7,,0.006669,0.197614,0.095543,0.095696,0.042206,0.130355,0.014363,0.22102,0.09739,0.099143,,4960500,,
1,1,,0.004925,0.339146,0.081539,0.105368,0.043154,0.108254,0.011969,0.168297,0.041413,0.095934,,6999400,,
1,3,,0.004966,0.181159,0.113827,0.198702,0.085649,0.113002,0.013447,0.120731,0.060928,0.107588,,9372200,,
1,1,,0.006157,0.198144,0.136999,0.07924,0.073756,0.108633,0.045075,0.178191,0.100054,0.073751,,6822500,,
1,1,,0.005632,0.311312,0.085331,0.109133,0.041334,0.117581,0.011415,0.166075,0.049127,0.103059,,4881300,,
1,1,,0.005628,0.231071,0.103191,0.12878,0.059799,0.111421,0.010675,0.203755,0.042345,0.103336,,4857900,,
1,1,,0.005328,0.296726,0.116844,0.106732,0.043824,0.109723,0.011097,0.148343,0.042559,0.118825,,4860700,,
1,1,,0.006111,0.265686,0.095059,0.132527,0.034908,0.118817,0.008341,0.181163,0.044775,0.112613,,4871000,,
1,1,,0.006547,0.312292,0.140189,0.075203,0.042495,0.078881,0.031741,0.128446,0.120093,0.064112,,4876200,,
1,7,,0.007702,0.162005,0.170981,0.075107,0.071581,0.104908,0.046472,0.174227,0.11461,0.072408,,4860000,,
1,1,,0.004925,0.251293,0.10295,0.133558,0.041617,0.128026,0.011884,0.188542,0.041248,0.095957,,4862100,,
1,1,,0.01543,0.230743,0.107197,0.112503,0.098913,0.121841,0.034031,0.13978,0.049266,0.090295,,4864700,,
1,1,,0.005628,0.303963,0.084513,0.109441,0.040625,0.132413,0.01084,0.165408,0.043172,0.103997,,4858500,,
1,1,,0.004772,0.337429,0.111958,0.105144,0.042137,0.104774,0.011566,0.148528,0.038602,0.095089,,4865700,,
1,1,,0.151524,0.208093,0.116946,0.02126,0.150724,0.026355,0.093867,0.04231,0.163291,0.025631,,4881400,,
1,1,,0.015231,0.230689,0.110724,0.092681,0.053501,0.123194,0.043858,0.176112,0.064107,0.089903,,4897200,,
1,1,,0.091109,0.269961,0.082888,0.041608,0.134864,0.045362,0.07743,0.086287,0.122887,0.047602,,4873700,,
1,1,,0.041394,0.222969,0.082685,0.062576,0.191147,0.04749,0.115743,0.091947,0.099283,0.044767,,5040300,,
1,1,,0.005475,0.254556,0.135278,0.130124,0.038076,0.112539,0.010437,0.164278,0.041499,0.107739,,5074800,,
1,1,,0.011599,0.206151,0.109152,0.101647,0.058035,0.146201,0.035037,0.148118,0.072557,0.111502,,5047400,,
1,1,,0.005853,0.208968,0.187631,0.077928,0.073398,0.08239,0.060796,0.108772,0.127425,0.06684,,5028300,,
1,1,,0.042125,0.290775,0.101586,0.067547,0.100606,0.073544,0.070331,0.123599,0.067424,0.062463,,4978800,,
1,1,,0.009274,0.28328,0.072109,0.178514,0.049138,0.110952,0.011932,0.11847,0.038518,0.127812,,4891300,,
1,4,,0.052043,0.168574,0.110158,0.010909,0.230776,0.01853,0.151806,0.064462,0.177228,0.015515,,4894900,,
1,1,,0.054615,0.21027,0.088041,0.034842,0.108662,0.04235,0.18892,0.101968,0.136015,0.034317,,4942700,,
1,1,,0.009679,0.262025,0.136079,0.099838,0.036235,0.11105,0.017007,0.155205,0.073437,0.099442,,5105800,,
1,1,,0.005632,0.303622,0.085676,0.110041,0.039802,0.121187,0.011415,0.164714,0.050264,0.107646,,5099100,,
1,1,,0.006003,0.293966,0.100168,0.118729,0.036925,0.115506,0.009068,0.163011,0.048079,0.108542,,5026700,,
1,1,,0.042822,0.291816,0.072431,0.068142,0.090708,0.078506,0.074786,0.14413,0.073742,0.062916,,5076000,,
1,1,,0.004925,0.339146,0.081539,0.105368,0.043154,0.108254,0.011969,0.168297,0.041413,0.095934,,5083100,,
2,2,,0.006406,0.194438,0.213462,0.120754,0.035088,0.117968,0.008361,0.141376,0.050052,0.112095,,5142100,,
2,3,,0.007436,0.095501,0.155003,0.286359,0.050164,0.128643,0.029351,0.097135,0.035938,0.11447,,5064700,,
2,2,,0.01161,0.100984,0.294406,0.081057,0.036922,0.087777,0.050687,0.115307,0.129495,0.091755,,5074100,,
2,2,,0.010972,0.107857,0.264655,0.07768,0.037417,0.084171,0.054904,0.137172,0.157109,0.068064,,5098200,,
2,2,,0.056277,0.047192,0.274543,0.013093,0.111533,0.021383,0.256454,0.036719,0.176236,0.00657,,5126700,,
2,2,,0.005958,0.16397,0.225478,0.132302,0.033891,0.135337,0.007938,0.141394,0.041964,0.111768,,5112100,,
2,2,,0.006513,0.153882,0.245184,0.133891,0.032244,0.120287,0.007468,0.138183,0.046844,0.115504,,5098100,,
2,2,,0.005778,0.165825,0.248594,0.132207,0.033335,0.11077,0.007592,0.149139,0.040031,0.10673,,5064800,,
2,5,,0.009334,0.11313,0.107398,0.096994,0.132206,0.192344,0.029561,0.117103,0.05791,0.144021,,5058400,,
2,1,,0.008294,0.234187,0.170633,0.114605,0.039217,0.124164,0.016242,0.147212,0.053306,0.09214,,5671000,,
2,2,,0.007453,0.12862,0.263321,0.105147,0.04078,0.149166,0.008538,0.118809,0.045683,0.132482,,4915200,,
2,2,,0.006376,0.150157,0.222182,0.148067,0.052639,0.122937,0.007825,0.126648,0.045472,0.117698,,4933100,,
2,2,,0.030935,0.051488,0.315425,0.040767,0.077582,0.040993,0.197922,0.050589,0.163376,0.030923,,4920800,,
2,1,,0.008294,0.213604,0.129656,0.114851,0.036858,0.106778,0.016077,0.144198,0.113617,0.116066,,4910100,,
2,2,,0.009866,0.168566,0.201661,0.13068,0.03826,0.130984,0.007662,0.139471,0.047323,0.125527,,4912300,,
2,2,,0.008276,0.173431,0.249988,0.074798,0.043654,0.082782,0.041991,0.136143,0.123501,0.065437,,4906900,,
2,5,,0.015225,0.074895,0.166305,0.084238,0.07255,0.191585,0.017533,0.109896,0.117149,0.150624,,4905200,,
2,2,,0.005778,0.145825,0.248594,0.132207,0.033335,0.11077,0.007592,0.169139,0.040031,0.10673,,4879400,,
2,2,,0.012197,0.111319,0.343639,0.075609,0.035788,0.076427,0.049682,0.09369,0.137375,0.064273,,4873300,,
2,2,,0.029802,0.05783,0.299822,0.040096,0.071161,0.03993,0.167529,0.049835,0.211808,0.032186,,4887700,,
2,2,,0.056235,0.058352,0.271721,0.01117,0.103575,0.019227,0.209417,0.034737,0.226132,0.009435,,4893100,,
2,2,,0.006041,0.132537,0.203702,0.134652,0.032793,0.120383,0.007871,0.199697,0.046285,0.116039,,4918800,,
2,2,,0.006663,0.118376,0.308732,0.089186,0.057662,0.094573,0.027241,0.098371,0.110034,0.089162,,4917300,,
2,2,,0.010143,0.11024,0.343489,0.080475,0.03377,0.071522,0.058701,0.10948,0.122397,0.059783,,4904700,,
2,2,,0.030827,0.0513,0.263791,0.03516,0.078062,0.057454,0.198564,0.072374,0.185593,0.026875,,4936100,,
2,2,,0.054227,0.075775,0.207463,0.05049,0.102733,0.045467,0.186142,0.074581,0.164591,0.038531,,4869100,,
2,2,,0.006973,0.127546,0.196796,0.138959,0.031985,0.125092,0.00816,0.146318,0.090441,0.127731,,4858700,,
2,2,,0.005888,0.13082,0.249121,0.134427,0.031775,0.116903,0.007468,0.166594,0.043475,0.113527,,4874600,,
2,2,,0.009599,0.172877,0.241276,0.098652,0.035683,0.108653,0.016762,0.146432,0.071991,0.098073,,4860300,,
2,2,,0.046385,0.100831,0.228362,0.023309,0.092076,0.027506,0.216258,0.040199,0.204204,0.020869,,4857700,,
2,1,,0.00603,0.196745,0.158152,0.132374,0.037256,0.11848,0.010133,0.162412,0.046282,0.132136,,4879800,,
2,1,,0.006593,0.20303,0.179988,0.135077,0.032796,0.122684,0.007714,0.146956,0.04829,0.116873,,4872600,,
3,3,,0.006386,0.126507,0.067151,0.31282,0.03438,0.127265,0.009155,0.092725,0.038619,0.184993,,4866400,,
3,3,,0.007168,0.086014,0.068824,0.427833,0.029474,0.126229,0.008661,0.091901,0.035697,0.118198,,4894600,,
3,3,,0.007168,0.086014,0.068824,0.427833,0.029474,0.126229,0.008661,0.091901,0.035697,0.118198,,4861000,,
3,3,,0.007168,0.086014,0.068824,0.407833,0.029474,0.126229,0.008661,0.091901,0.035697,0.138198,,4862900,,
3,3,,0.007168,0.086014,0.068824,0.427833,0.029474,0.126229,0.008661,0.091901,0.035697,0.118198,,4886300,,
3,3,,0.008221,0.086014,0.071722,0.402556,0.030527,0.14597,0.008661,0.092954,0.035697,0.117679,,4845500,,
3,3,,0.007168,0.086014,0.068824,0.407833,0.029474,0.126229,0.008661,0.091901,0.035697,0.138198,,4853100,,
3,3,,0.007305,0.096977,0.072002,0.354505,0.030617,0.143548,0.00839,0.102883,0.036311,0.147462,,4914300,,
3,3,,0.009282,0.101974,0.066231,0.242498,0.069975,0.211924,0.009783,0.107106,0.036196,0.145032,,4887600,,
3,3,,0.007168,0.086014,0.088564,0.348872,0.029474,0.14597,0.008661,0.091901,0.035697,0.157679,,4923500,,
3,3,,0.007168,0.086014,0.068824,0.427833,0.029474,0.126229,0.008661,0.091901,0.035697,0.118198,,4936200,,
3,9,,0.01318,0.094133,0.06436,0.213887,0.033349,0.14698,0.008236,0.091161,0.060275,0.274439,,4912600,,
3,3,,0.012251,0.071538,0.131654,0.229121,0.051128,0.172705,0.056004,0.066792,0.102442,0.106365,,4901900,,
3,3,,0.007212,0.110825,0.089686,0.327723,0.035546,0.13148,0.009573,0.105776,0.046566,0.135613,,4932100,,
3,3,,0.007168,0.086014,0.068824,0.427833,0.029474,0.126229,0.008661,0.091901,0.035697,0.118198,,4906200,,
3,3,,0.007168,0.086014,0.068564,0.316872,0.049474,0.14597,0.008661,0.091901,0.035697,0.189679,,4895900,,
3,3,,0.007319,0.111783,0.096673,0.305217,0.035402,0.151752,0.009141,0.108737,0.038331,0.135645,,5822300,,
3,3,,0.007168,0.086014,0.068824,0.427833,0.029474,0.126229,0.008661,0.091901,0.035697,0.118198,,4883900,,
3,3,,0.007168,0.086014,0.068824,0.427833,0.029474,0.126229,0.008661,0.091901,0.035697,0.118198,,4878100,,
3,3,,0.007168,0.086014,0.068824,0.367833,0.029474,0.166229,0.008661,0.091901,0.035697,0.138198,,4927800,,
3,3,,0.007168,0.086014,0.068824,0.427833,0.029474,0.126229,0.008661,0.091901,0.035697,0.118198,,4902600,,
3,3,,0.005888,0.13082,0.129381,0.193388,0.031775,0.117163,0.007468,0.166594,0.063475,0.154047,,4875600,,
3,3,,0.007168,0.086014,0.068824,0.427833,0.029474,0.126229,0.008661,0.091901,0.035697,0.118198,,4925200,,
3,3,,0.011114,0.074668,0.13436,0.315122,0.034149,0.117532,0.056315,0.068042,0.103874,0.084824,,4889600,,
3,3,,0.007168,0.086014,0.068824,0.427833,0.029474,0.126229,0.008661,0.091901,0.035697,0.118198,,4872100,,
3,3,,0.007305,0.096977,0.072262,0.405466,0.030617,0.123807,0.00839,0.102883,0.036311,0.115982,,4917200,,
3,3,,0.010135,0.080583,0.084623,0.421711,0.027374,0.119678,0.013642,0.085784,0.045618,0.110852,,4897300,,
3,0,,0.246679,0.101205,0.065646,0.086055,0.107035,0.103596,0.003947,0.127741,0.058696,0.0994,,4885800,,
3,3,,0.008234,0.10082,0.096133,0.322307,0.035312,0.153914,0.009413,0.098807,0.037717,0.137342,,4881700,,
3,3,,0.005935,0.11883,0.112515,0.246763,0.031937,0.14012,0.008053,0.176718,0.04427,0.11486,,4952600,,
3,3,,0.007573,0.082727,0.068811,0.363697,0.028926,0.15724,0.029614,0.090805,0.039637,0.130971,,4913900,,
3,3,,0.00915,0.093672,0.087563,0.273337,0.053107,0.205176,0.009653,0.093816,0.034674,0.139852,,4904300,,
4,7,,0.021748,0.132157,0.099998,0.080489,0.110604,0.139468,0.03033,0.205173,0.055621,0.12441,,4895400,,
4,4,,0.057447,0.115046,0.090612,0.00728,0.263149,0.036256,0.211623,0.065051,0.136542,0.016993,,4884800,,
4,4,,0.057381,0.052218,0.065012,0.007999,0.397667,0.01657,0.226127,0.051681,0.111423,0.013923,,4905400,,
4,4,,0.020847,0.085807,0.061054,0.084388,0.25278,0.186902,0.025684,0.108563,0.039836,0.13414,,4879000,,
4,4,,0.020847,0.0855,0.080285,0.084354,0.231414,0.175638,0.02553,0.108462,0.040403,0.147569,,4889600,,
4,4,,0.051597,0.107372,0.093142,0.030028,0.327092,0.037284,0.140237,0.086144,0.093817,0.033288,,4873100,,
4,0,,0.412443,0.017173,0.045851,0.004738,0.34608,0.004882,0.078192,0.015611,0.049453,0.025577,,4870800,,
4,0,,0.548861,0.058909,0.032978,0.000681,0.149066,0.004205,0.048684,0.013394,0.078311,0.06491,,4902000,,
4,4,,0.098181,0.051218,0.064012,0.006999,0.368067,0.01557,0.226127,0.044481,0.111423,0.013923,,4891700,,
4,0,,0.22857,0.037755,0.0793,0.057798,0.209531,0.130986,0.02377,0.07223,0.028676,0.131383,,4902400,,
4,4,,0.01132,0.113619,0.0673,0.096047,0.220385,0.197082,0.011125,0.101267,0.037346,0.14451,,4886500,,
4,4,,0.051702,0.063947,0.153717,0.011806,0.313793,0.019957,0.170275,0.047236,0.156438,0.01113,,4877700,,
4,4,,0.057925,0.050542,0.065276,0.007369,0.318752,0.037051,0.270179,0.044443,0.13493,0.013531,,4861400,,
4,4,,0.127809,0.130548,0.060004,0.053514,0.265622,0.04133,0.128214,0.062627,0.093386,0.036946,,4894500,,
4,0,,0.318041,0.032665,0.038285,0.033634,0.201707,0.13111,0.013952,0.046863,0.028104,0.155639,,4906600,,
4,4,,0.054891,0.104569,0.078159,0.031635,0.211326,0.087942,0.18576,0.107042,0.103001,0.035676,,4911700,,
4,4,,0.057381,0.051218,0.064012,0.006999,0.409667,0.01557,0.226127,0.043681,0.111423,0.013923,,4930200,,
4,6,,0.028056,0.074642,0.165455,0.091149,0.181747,0.041551,0.188806,0.05258,0.142752,0.033262,,4928700,,
4,4,,0.037653,0.101705,0.144807,0.038036,0.227733,0.059745,0.124589,0.102922,0.128021,0.03479,,4922500,,
4,4,,0.255003,0.023969,0.038402,0.012292,0.306407,0.066615,0.070667,0.064614,0.045008,0.117021,,4900900,,
4,4,,0.02185,0.091321,0.063185,0.076793,0.259363,0.169817,0.035303,0.095036,0.046596,0.140736,,4937100,,
4,4,,0.05155,0.104003,0.071382,0.038539,0.331052,0.043331,0.144999,0.084184,0.091952,0.03901,,4961300,,
4,4,,0.054156,0.076679,0.061931,0.021607,0.371128,0.073434,0.145667,0.06439,0.089221,0.041787,,5838800,,
4,4,,0.070881,0.069207,0.062978,0.006999,0.378188,0.017205,0.226026,0.042521,0.112498,0.013498,,4887800,,
4,4,,0.057381,0.051218,0.064012,0.006999,0.409667,0.01557,0.226127,0.043681,0.111423,0.013923,,4901200,,
4,4,,0.023094,0.120449,0.189244,0.031735,0.214732,0.038262,0.160908,0.066047,0.1269,0.02863,,4883500,,
4,7,,0.018638,0.142605,0.111385,0.127952,0.155522,0.104542,0.031541,0.167417,0.045833,0.094564,,4900800,,
4,4,,0.064696,0.09806,0.068721,0.03157,0.332011,0.042314,0.144732,0.091656,0.088581,0.037658,,4886900,,
4,4,,0.010322,0.089158,0.071575,0.112878,0.19564,0.174676,0.007805,0.099126,0.044713,0.194108,,4880900,,
4,4,,0.078754,0.083726,0.07357,0.00641,0.232607,0.014848,0.210398,0.081618,0.161436,0.056635,,4918200,,
4,0,,0.412443,0.017173,0.045851,0.004738,0.28608,0.004882,0.098192,0.035611,0.069453,0.025577,,4874400,,
4,4,,0.057381,0.051218,0.064012,0.006999,0.409667,0.01557,0.226127,0.043681,0.111423,0.013923,,4868100,,
4,4,,0.057381,0.051218,0.064012,0.006999,0.409667,0.01557,0.226127,0.043681,0.111423,0.013923,,4897200,,
5,5,,0.011766,0.07548,0.063185,0.124363,0.059286,0.324535,0.008993,0.082203,0.039798,0.210389,,4892100,,
5,5,,0.007103,0.120266,0.064172,0.210499,0.036359,0.277899,0.012779,0.103787,0.041027,0.126108,,4888100,,
5,5,,0.012105,0.074335,0.062797,0.1148,0.051407,0.374253,0.015619,0.081859,0.040329,0.172496,,4872000,,
5,6,,0.052643,0.08242,0.07291,0.048756,0.161523,0.110009,0.184969,0.130859,0.102514,0.053398,,4925300,,
5,5,,0.011684,0.081973,0.069698,0.101613,0.061116,0.343679,0.02848,0.106373,0.040049,0.155335,,4907600,,
5,5,,0.011272,0.080451,0.070647,0.107527,0.052156,0.366759,0.008348,0.093933,0.041813,0.167095,,4888200,,
5,5,,0.010933,0.100407,0.070603,0.106057,0.060656,0.337965,0.008598,0.093845,0.042018,0.168918,,4876900,,
5,5,,0.010115,0.095081,0.079882,0.124929,0.054311,0.324165,0.008232,0.113162,0.04243,0.147693,,4882000,,
5,5,,0.013056,0.098177,0.077424,0.115873,0.060421,0.328621,0.00825,0.10625,0.041329,0.1506,,4859100,,
5,5,,0.011044,0.081195,0.071979,0.134809,0.053046,0.343167,0.008235,0.09653,0.04091,0.159085,,4912400,,
5,5,,0.006674,0.151143,0.087905,0.111409,0.036597,0.25775,0.010058,0.156786,0.051676,0.130004,,4883500,,
5,5,,0.011766,0.074291,0.062753,0.113329,0.059907,0.371768,0.009203,0.081771,0.040535,0.174677,,4867500,,
5,5,,0.011272,0.080451,0.070647,0.107527,0.052156,0.347116,0.008348,0.093933,0.041813,0.186737,,4869800,,
5,5,,0.009882,0.073905,0.143157,0.094834,0.051776,0.281732,0.054138,0.077051,0.087999,0.125526,,4937100,,
5,9,,0.009991,0.113842,0.089331,0.164187,0.037129,0.175763,0.007924,0.143275,0.049109,0.209449,,4891000,,
5,5,,0.011066,0.105173,0.065706,0.097242,0.065394,0.360274,0.010875,0.097594,0.039111,0.147565,,4922200,,
5,5,,0.011272,0.080451,0.070647,0.107527,0.052156,0.366759,0.008348,0.093933,0.041813,0.167095,,4911300,,
5,5,,0.013056,0.098177,0.077424,0.115873,0.060421,0.328621,0.00825,0.10625,0.041329,0.1506,,4874400,,
5,5,,0.011162,0.090743,0.061711,0.107765,0.062588,0.3651,0.010302,0.087203,0.040055,0.163371,,4900000,,
5,5,,0.013394,0.090368,0.078879,0.125533,0.050384,0.33683,0.007915,0.106584,0.040958,0.149156,,4931200,,
5,9,,0.013846,0.089354,0.085907,0.099014,0.097503,0.207121,0.009053,0.094123,0.044953,0.259125,,4905400,,
5,5,,0.011272,0.080451,0.070647,0.107527,0.052156,0.366759,0.008348,0.093933,0.041813,0.167095,,4934000,,
5,5,,0.006818,0.137853,0.09885,0.136292,0.033088,0.248145,0.007787,0.158941,0.052489,0.119738,,4895000,,
5,5,,0.010833,0.092273,0.061896,0.119768,0.054537,0.368442,0.009965,0.087432,0.038839,0.156016,,4907900,,
5,5,,0.012105,0.074335,0.062797,0.118133,0.051407,0.357586,0.028953,0.081859,0.040329,0.172496,,4926200,,
5,5,,0.060571,0.072535,0.109583,0.121272,0.071158,0.20806,0.043934,0.07362,0.08583,0.153437,,4908500,,
5,5,,0.010728,0.105128,0.065662,0.095772,0.073894,0.33148,0.011125,0.117506,0.039316,0.149389,,4955400,,
5,5,,0.011896,0.075135,0.06478,0.115983,0.057966,0.329771,0.008953,0.083459,0.039495,0.212562,,4937800,,
5,5,,0.010933,0.080407,0.070603,0.106057,0.060656,0.358322,0.008598,0.093845,0.042018,0.168561,,5860100,,
5,5,,0.011272,0.080451,0.071259,0.107527,0.052564,0.347116,0.027327,0.093933,0.041813,0.166737,,4890300,,
5,5,,0.011272,0.080451,0.070647,0.107527,0.052156,0.366759,0.008348,0.093933,0.041813,0.167095,,4923700,,
5,5,,0.012105,0.074335,0.062797,0.1148,0.051407,0.380562,0.008953,0.081859,0.040329,0.172854,,4883900,,
6,6,,0.063686,0.03343,0.088316,0.008377,0.131633,0.015629,0.470204,0.031174,0.149138,0.008411,,4905000,,
6,6,,0.063285,0.032819,0.083584,0.008012,0.13611,0.016237,0.474801,0.031206,0.145326,0.00862,,4908800,,
6,6,,0.056028,0.044322,0.129553,0.012454,0.116768,0.02153,0.41383,0.035679,0.162908,0.00693,,4856800,,
6,6,,0.063686,0.03343,0.088316,0.008377,0.131633,0.035629,0.450204,0.031174,0.149138,0.008411,,4916600,,
6,6,,0.063285,0.032819,0.083584,0.008012,0.13611,0.016237,0.474801,0.031206,0.145326,0.00862,,4907800,,
6,6,,0.040769,0.059514,0.157134,0.036375,0.093643,0.030338,0.359717,0.046158,0.162054,0.014298,,4896600,,
6,6,,0.046748,0.039593,0.102862,0.017813,0.117775,0.0384,0.44563,0.03629,0.139373,0.015516,,4899700,,
6,6,,0.083285,0.032819,0.083584,0.008012,0.13611,0.016237,0.454801,0.031206,0.145326,0.00862,,4882000,,
6,6,,0.037757,0.073837,0.076435,0.015683,0.237991,0.024214,0.318072,0.062963,0.130731,0.022318,,4884800,,
6,6,,0.063285,0.032819,0.083584,0.008012,0.13611,0.016237,0.474801,0.031206,0.145326,0.00862,,4882000,,
6,6,,0.07623,0.032559,0.080501,0.007932,0.139805,0.016078,0.466912,0.030854,0.140384,0.008745,,4956700,,
6,6,,0.063285,0.032819,0.083584,0.008012,0.13611,0.016237,0.474801,0.031206,0.145326,0.00862,,4906800,,
6,6,,0.061034,0.039199,0.074595,0.007289,0.175563,0.015773,0.413543,0.037081,0.144831,0.031091,,4879100,,
6,6,,0.063285,0.032819,0.082972,0.008012,0.135702,0.016237,0.475821,0.031206,0.145326,0.00862,,4881200,,
6,6,,0.063285,0.032819,0.083584,0.008012,0.13611,0.016237,0.474801,0.031206,0.145326,0.00862,,4867400,,
6,6,,0.041822,0.077827,0.096987,0.095511,0.087642,0.141994,0.224558,0.067244,0.099051,0.067365,,4845800,,
6,6,,0.063285,0.032819,0.083584,0.008012,0.13611,0.016237,0.474801,0.031206,0.145326,0.00862,,4882500,,
6,6,,0.063285,0.032819,0.083584,0.008012,0.13611,0.016237,0.474801,0.031206,0.145326,0.00862,,4861900,,
6,6,,0.039716,0.059514,0.153976,0.022691,0.092591,0.030338,0.379717,0.045105,0.162054,0.014298,,4886700,,
6,6,,0.017211,0.151647,0.126935,0.071064,0.062309,0.074987,0.207603,0.112946,0.112725,0.062575,,4864400,,
6,6,,0.063874,0.034301,0.084527,0.008382,0.137575,0.016809,0.464548,0.034303,0.147212,0.008468,,4876800,,
6,6,,0.039565,0.061158,0.156081,0.022965,0.091833,0.030799,0.366938,0.045869,0.170647,0.014146,,4871500,,
6,6,,0.063285,0.032819,0.083584,0.008012,0.13611,0.016237,0.474801,0.031206,0.145326,0.00862,,4879500,,
6,6,,0.063285,0.032819,0.083584,0.008012,0.13611,0.016237,0.474801,0.031206,0.145326,0.00862,,4888100,,
6,6,,0.059094,0.039052,0.075142,0.007443,0.190426,0.020727,0.431128,0.039583,0.12621,0.011194,,4883500,,
6,6,,0.076078,0.034203,0.082606,0.008206,0.139047,0.016539,0.454133,0.031618,0.148976,0.008593,,4905000,,
6,6,,0.076819,0.034041,0.081444,0.008303,0.141269,0.01665,0.436659,0.053952,0.142269,0.008593,,4920400,,
6,6,,0.056929,0.048774,0.130532,0.026178,0.11544,0.021168,0.377851,0.036473,0.179878,0.006779,,4904300,,
6,6,,0.063285,0.032819,0.083584,0.008012,0.13611,0.016237,0.474801,0.031206,0.145326,0.00862,,4905200,,
6,6,,0.056843,0.05225,0.068244,0.006721,0.228334,0.036718,0.344779,0.044823,0.147623,0.013665,,4925200,,
6,6,,0.063285,0.032819,0.083584,0.008012,0.13611,0.016237,0.474801,0.031206,0.145326,0.00862,,4925800,,
6,6,,0.063285,0.032819,0.083584,0.008012,0.13611,0.036237,0.454801,0.031206,0.145326,0.00862,,4903400,,
6,6,,0.063285,0.032819,0.083584,0.008012,0.15611,0.016237,0.454801,0.031206,0.145326,0.00862,,4921600,,
7,7,,0.015223,0.214265,0.076383,0.08968,0.057374,0.094986,0.046592,0.251466,0.070871,0.083161,,4939400,,
7,7,,0.015308,0.142831,0.101652,0.119887,0.064993,0.095062,0.036844,0.29435,0.047631,0.081443,,4902500,,
7,4,,0.037934,0.15426,0.076341,0.015514,0.224872,0.022732,0.191404,0.143874,0.106043,0.027026,,5774600,,
7,7,,0.005632,0.170729,0.084354,0.10938,0.038976,0.140196,0.01125,0.243061,0.049438,0.146985,,4896000,,
7,7,,0.015082,0.205783,0.074217,0.09312,0.085557,0.099317,0.031681,0.243035,0.067405,0.084804,,4868900,,
7,7,,0.138894,0.081153,0.089088,0.072578,0.063942,0.058605,0.003118,0.290019,0.049221,0.15338,,4933500,,
7,7,,0.025823,0.155219,0.125635,0.12747,0.033833,0.110461,0.008387,0.243515,0.065731,0.103927,,4973500,,
7,6,,0.045733,0.088468,0.181563,0.044628,0.095584,0.028562,0.217374,0.084327,0.194797,0.018963,,4898400,,
7,7,,0.005628,0.211071,0.083191,0.10878,0.059799,0.131421,0.010675,0.243755,0.042345,0.103336,,4933700,,
7,7,,0.00771,0.124181,0.106542,0.132156,0.032768,0.123492,0.009969,0.289441,0.056907,0.116834,,4904700,,
7,7,,0.007818,0.151488,0.11312,0.101262,0.046977,0.112607,0.014192,0.30115,0.054156,0.097228,,4884100,,
7,7,,0.005396,0.159985,0.084996,0.108808,0.037226,0.115806,0.009984,0.3284,0.045435,0.103965,,4890100,,
7,7,,0.015175,0.162983,0.081256,0.086704,0.066784,0.091627,0.036145,0.323126,0.058413,0.077786,,4901200,,
7,7,,0.006733,0.127362,0.16549,0.115096,0.033668,0.125378,0.011617,0.208391,0.08852,0.117744,,4893700,,
7,4,,0.05606,0.090384,0.067412,0.011984,0.270023,0.016528,0.216406,0.141902,0.111939,0.017361,,4897800,,
7,7,,0.006041,0.119787,0.119642,0.155297,0.031793,0.120133,0.007621,0.278878,0.046035,0.114772,,4926200,,
7,7,,0.042788,0.131252,0.096062,0.07115,0.08584,0.08673,0.07154,0.257922,0.087337,0.06938,,4981900,,
7,7,,0.01464,0.174738,0.075292,0.094168,0.070818,0.102114,0.049985,0.277485,0.053077,0.087682,,4966900,,
7,7,,0.03435,0.116645,0.104535,0.046479,0.146701,0.053622,0.148514,0.210863,0.090831,0.047461,,4903400,,
7,7,,0.005243,0.183911,0.116197,0.128599,0.058035,0.113567,0.009996,0.236969,0.043701,0.103781,,4889600,,
7,7,,0.046121,0.147876,0.071398,0.065774,0.122532,0.107415,0.080628,0.186721,0.086156,0.08538,,4927900,,
7,1,,0.006201,0.206986,0.156584,0.137632,0.035896,0.103226,0.010378,0.190498,0.057473,0.095126,,4877400,,
7,7,,0.00625,0.14753,0.088346,0.153751,0.034697,0.123601,0.008855,0.25184,0.050376,0.134755,,4891100,,
7,7,,0.006818,0.132813,0.096118,0.130774,0.033798,0.134048,0.007707,0.217043,0.075161,0.165721,,4914000,,
7,7,,0.014408,0.176427,0.076155,0.094354,0.062169,0.118733,0.040583,0.286573,0.045274,0.085324,,4865100,,
7,1,,0.042432,0.196625,0.077408,0.083447,0.074864,0.07899,0.080476,0.137661,0.144893,0.083203,,4897200,,
7,7,,0.005548,0.162712,0.085372,0.109678,0.037226,0.119442,0.009984,0.294729,0.048617,0.126693,,4935300,,
7,0,,0.273824,0.070283,0.053911,0.061476,0.091873,0.055831,0.01317,0.236013,0.03093,0.112686,,4888800,,
7,4,,0.041813,0.149111,0.125528,0.043486,0.185103,0.029837,0.15397,0.092664,0.157557,0.020929,,4871700,,
7,7,,0.012542,0.14724,0.13058,0.070383,0.098863,0.099326,0.106669,0.193237,0.079677,0.061484,,5014700,,
7,7,,0.006193,0.122514,0.100019,0.156167,0.031793,0.12377,0.007621,0.265207,0.069217,0.1175,,4894900,,
7,7,,0.006898,0.15195,0.107298,0.098288,0.056091,0.128748,0.012209,0.252931,0.066539,0.119048,,4895100,,
8,8,,0.062742,0.040643,0.088312,0.00771,0.130747,0.015746,0.295176,0.03355,0.315644,0.009731,,4981000,,
8,8,,0.092066,0.053201,0.133524,0.011292,0.079186,0.01789,0.173994,0.031804,0.395147,0.011895,,4896700,,
8,2,,0.008242,0.109422,0.172186,0.127179,0.034687,0.131904,0.00837,0.150612,0.091766,0.165632,,4908100,,
8,8,,0.066616,0.057924,0.220926,0.033359,0.045715,0.033961,0.116104,0.047768,0.345427,0.0322,,4963500,,
8,8,,0.092132,0.055925,0.136147,0.021082,0.085209,0.01762,0.214493,0.031381,0.315468,0.030544,,5135400,,
8,8,,0.06057,0.085924,0.144623,0.061009,0.12084,0.038008,0.079814,0.060485,0.289469,0.059259,,4923300,,
8,8,,0.06008,0.045977,0.098616,0.007001,0.168746,0.01539,0.264249,0.037443,0.290295,0.012202,,4950200,,
8,8,,0.059731,0.13193,0.153504,0.076777,0.060791,0.085447,0.049309,0.134892,0.15487,0.092749,,4916400,,
8,6,,0.074642,0.038539,0.091869,0.051714,0.123462,0.030741,0.296346,0.053947,0.212225,0.026515,,5812700,,
8,0,,0.30485,0.04282,0.067608,0.011405,0.235648,0.003863,0.119036,0.054922,0.069092,0.090757,,4938000,,
8,8,,0.118923,0.03828,0.126495,0.006719,0.10422,0.014027,0.243783,0.028386,0.305376,0.013793,,4899400,,
8,8,,0.084439,0.051347,0.182833,0.023086,0.074192,0.026963,0.177785,0.057815,0.297873,0.023668,,4882800,,
8,8,,0.031035,0.059827,0.173527,0.059273,0.069308,0.038421,0.15351,0.048309,0.333891,0.0329,,4901900,,
8,8,,0.080635,0.103065,0.149785,0.062903,0.105904,0.026181,0.137171,0.044524,0.266498,0.023333,,4892300,,
8,7,,0.006335,0.155547,0.107328,0.113452,0.036446,0.124355,0.01012,0.160172,0.131197,0.155048,,4908300,,
8,8,,0.059296,0.107425,0.147468,0.050317,0.121105,0.036073,0.05879,0.056022,0.326854,0.036651,,4940600,,
8,2,,0.012333,0.078392,0.237085,0.183123,0.032444,0.081269,0.061774,0.067326,0.177485,0.068771,,4992500,,
8,8,,0.065942,0.07684,0.160206,0.052405,0.052207,0.034915,0.120825,0.045775,0.344388,0.046496,,4895600,,
8,6,,0.063874,0.034301,0.087915,0.008382,0.137167,0.016809,0.365569,0.034303,0.243212,0.008468,,4895700,,
8,8,,0.040099,0.064359,0.15234,0.045596,0.123161,0.066357,0.156479,0.093609,0.187754,0.070245,,4880700,,
8,6,,0.047285,0.085254,0.094218,0.052131,0.172255,0.071587,0.172715,0.096396,0.124385,0.083776,,4889400,,
8,3,,0.027847,0.061047,0.088618,0.248353,0.054343,0.118332,0.172196,0.065608,0.077753,0.085903,,4888300,,
8,6,,0.073134,0.034463,0.105077,0.028286,0.134944,0.016697,0.333042,0.031969,0.233919,0.008468,,4949700,,
8,8,,0.056377,0.052723,0.136928,0.011833,0.104882,0.019633,0.215242,0.035461,0.358374,0.008547,,4929200,,
8,8,,0.066724,0.057497,0.194406,0.038966,0.045234,0.0375,0.115462,0.045674,0.362287,0.036248,,4896800,,
8,8,,0.11559,0.030548,0.081716,0.007321,0.106449,0.014396,0.267381,0.027542,0.336433,0.012623,,4897500,,
8,8,,0.012524,0.097137,0.172036,0.08628,0.033077,0.087044,0.041502,0.105576,0.289013,0.075811,,4891000,,
8,6,,0.054536,0.066864,0.10408,0.117466,0.120285,0.049009,0.189875,0.05479,0.183034,0.060062,,4880900,,
8,8,,0.118751,0.039617,0.125215,0.006782,0.108933,0.014218,0.271253,0.028423,0.274106,0.012702,,4894000,,
8,8,,0.067835,0.052622,0.220993,0.039085,0.05143,0.035344,0.145071,0.054512,0.302582,0.030526,,4881300,,
8,8,,0.012927,0.101165,0.153819,0.072795,0.037397,0.097313,0.042527,0.098582,0.275287,0.108189,,4866600,,
9,9,,0.013846,0.095713,0.065138,0.09898,0.062804,0.156214,0.008899,0.094022,0.04552,0.358864,,4859800,,
9,9,,0.013349,0.079815,0.067875,0.105226,0.046794,0.170162,0.007655,0.093351,0.045895,0.369877,,4920800,,
9,9,,0.013349,0.079507,0.067106,0.105748,0.045428,0.158898,0.007501,0.09325,0.046462,0.382751,,4896700,,
9,9,,0.013143,0.111203,0.062934,0.094941,0.066699,0.18332,0.010182,0.097012,0.043193,0.317372,,4890600,,
9,3,,0.009793,0.143106,0.12582,0.189942,0.036968,0.129169,0.007339,0.146822,0.065132,0.145909,,4906100,,
9,1,,0.007222,0.194548,0.100326,0.095173,0.06103,0.125905,0.016773,0.182865,0.123294,0.092864,,4867000,,
9,9,,0.041246,0.104829,0.107014,0.097709,0.107493,0.132762,0.026466,0.098268,0.073675,0.210538,,4888800,,
9,9,,0.245729,0.036473,0.04544,0.05436,0.098048,0.108651,0.004114,0.039773,0.03563,0.331781,,4893700,,
9,9,,0.127756,0.154686,0.084444,0.069512,0.074701,0.056106,0.003482,0.149163,0.027924,0.252225,,4890600,,
9,9,,0.012647,0.114997,0.064901,0.101153,0.049323,0.186003,0.008784,0.09624,0.044136,0.321815,,4879500,,
9,9,,0.204896,0.040629,0.049362,0.055515,0.069993,0.109743,0.003482,0.063289,0.035676,0.367414,,4884500,,
9,9,,0.013349,0.079815,0.067875,0.105226,0.046794,0.170162,0.007655,0.113351,0.045895,0.349877,,4901700,,
9,9,,0.01182,0.122301,0.070623,0.117372,0.064317,0.199946,0.010614,0.131919,0.046237,0.224851,,4897600,,
9,9,,0.032402,0.085714,0.058865,0.116781,0.09199,0.217121,0.00982,0.10423,0.052285,0.230791,,4884300,,
9,0,,0.228798,0.037012,0.083969,0.050517,0.14944,0.134935,0.003882,0.048833,0.075578,0.187035,,4882100,,
9,9,,0.012911,0.075503,0.061505,0.142701,0.070408,0.214051,0.00826,0.084944,0.048648,0.28107,,4895700,,
9,9,,0.013349,0.079507,0.067106,0.105193,0.045428,0.158898,0.007501,0.09325,0.046462,0.383306,,5979600,,
9,9,,0.013846,0.096021,0.085907,0.099014,0.06417,0.167479,0.009053,0.094123,0.044953,0.325435,,4907000,,
9,9,,0.013349,0.099507,0.067106,0.105193,0.045428,0.158898,0.007501,0.09325,0.046462,0.363306,,4919100,,
9,9,,0.127513,0.042121,0.04203,0.061583,0.100475,0.107632,0.003095,0.080573,0.026573,0.408405,,4900100,,
9,9,,0.013349,0.079507,0.067106,0.105193,0.045428,0.158898,0.007501,0.11325,0.046462,0.363306,,4897000,,
9,9,,0.034182,0.07458,0.059688,0.123499,0.044059,0.165468,0.007897,0.081608,0.084242,0.324777,,4915000,,
9,9,,0.013349,0.079815,0.067875,0.105226,0.046794,0.170162,0.007655,0.093351,0.065895,0.349877,,4883500,,
9,3,,0.009765,0.097649,0.074132,0.2524,0.052743,0.199108,0.008333,0.087428,0.040787,0.177655,,4927200,,
9,3,,0.029077,0.077791,0.183233,0.228771,0.033451,0.136262,0.041015,0.092479,0.094279,0.083643,,4931400,,
9,0,,0.280016,0.040199,0.041832,0.150867,0.07937,0.112807,0.004355,0.050024,0.025683,0.214847,,4931800,,
9,9,,0.013121,0.080251,0.068437,0.112474,0.046319,0.154948,0.007389,0.095847,0.04556,0.375654,,4911400,,
9,9,,0.014182,0.073391,0.059255,0.112465,0.04468,0.172701,0.008106,0.081176,0.044979,0.389065,,4976500,,
9,9,,0.013349,0.079507,0.067106,0.105748,0.045428,0.158898,0.007501,0.09325,0.046462,0.382751,,4951900,,
9,9,,0.126452,0.047709,0.049008,0.060336,0.085239,0.096203,0.002695,0.090123,0.026751,0.415483,,4964500,,
9,7,,0.009793,0.143106,0.14582,0.149942,0.036968,0.129169,0.007339,0.166822,0.065132,0.145909,,5058900,,
9,9,,0.014149,0.079507,0.067106,0.125193,0.063828,0.158898,0.007501,0.09405,0.046462,0.343306,,4975700,,