semeion,LADTree,test,0,NANOSECONDS,PREDICTIONS, Generated by ClassifierExperiments.java on 2022-05-16 13:17:47.    SYSTEMPROPERTIES:{user.name:matth,os.arch:amd64,os.name:Windows 10},ENDSYSTEMPROPERTIES
No parameter info
0.826625386996904,1998788500,1652699800,-1,102985824,10,,-1,-1
0,0,,0.671774,0.019785,0.036065,0.00455,0.082282,0.002045,0.041818,0.013372,0.089701,0.038607,,5354000,,
0,0,,0.671774,0.019785,0.036065,0.00455,0.082282,0.002045,0.041818,0.013372,0.089701,0.038607,,5144300,,
0,0,,0.671774,0.019785,0.036065,0.00455,0.082282,0.002045,0.041818,0.013372,0.089701,0.038607,,5150500,,
0,0,,0.671774,0.019785,0.036065,0.00455,0.082282,0.002045,0.041818,0.013372,0.089701,0.038607,,5026400,,
0,0,,0.263379,0.115807,0.068851,0.109229,0.046322,0.063211,0.007627,0.126004,0.065552,0.134018,,4949100,,
0,0,,0.320729,0.033584,0.112106,0.014169,0.066521,0.011009,0.159656,0.022547,0.236144,0.023534,,4960200,,
0,0,,0.369357,0.045105,0.040127,0.088404,0.081245,0.111843,0.006806,0.048443,0.042115,0.166556,,4955300,,
0,0,,0.671774,0.019785,0.036065,0.00455,0.082282,0.002045,0.041818,0.013372,0.089701,0.038607,,4945500,,
0,0,,0.671774,0.019785,0.036065,0.00455,0.082282,0.002045,0.041818,0.013372,0.089701,0.038607,,4940500,,
0,0,,0.671774,0.019785,0.036065,0.00455,0.082282,0.002045,0.041818,0.013372,0.089701,0.038607,,4992800,,
0,0,,0.617402,0.022494,0.033595,0.01248,0.077194,0.026438,0.027525,0.020734,0.079979,0.082159,,4931400,,
0,0,,0.591774,0.039785,0.036065,0.00455,0.122282,0.002045,0.041818,0.013372,0.109701,0.038607,,4935100,,
0,0,,0.631774,0.039785,0.036065,0.00455,0.082282,0.002045,0.061818,0.013372,0.089701,0.038607,,4978300,,
0,0,,0.671774,0.019785,0.036065,0.00455,0.082282,0.002045,0.041818,0.013372,0.089701,0.038607,,4989700,,
0,0,,0.671774,0.019785,0.036065,0.00455,0.082282,0.002045,0.041818,0.013372,0.089701,0.038607,,4970000,,
0,0,,0.671774,0.019785,0.036065,0.00455,0.082282,0.002045,0.041818,0.013372,0.089701,0.038607,,4974200,,
0,0,,0.38007,0.032194,0.06962,0.008705,0.115147,0.009828,0.14321,0.021556,0.177401,0.042269,,4935900,,
0,0,,0.671774,0.019785,0.036065,0.00455,0.082282,0.002045,0.041818,0.013372,0.089701,0.038607,,4961700,,
0,0,,0.419226,0.0328,0.042928,0.019549,0.129488,0.027471,0.128018,0.096185,0.057517,0.046816,,5031100,,
0,0,,0.591774,0.019785,0.036065,0.00455,0.142282,0.002045,0.041818,0.013372,0.109701,0.038607,,4947700,,
0,0,,0.616846,0.026687,0.035337,0.016467,0.075163,0.020978,0.027436,0.024618,0.080137,0.076331,,4951200,,
0,9,,0.135929,0.077294,0.065464,0.066361,0.056091,0.177017,0.033711,0.076018,0.079034,0.233082,,4972700,,
0,0,,0.671774,0.019785,0.036065,0.00455,0.082282,0.002045,0.041818,0.013372,0.089701,0.038607,,4925200,,
0,0,,0.277067,0.056359,0.055518,0.053049,0.056905,0.130648,0.005829,0.058635,0.063885,0.242105,,4957100,,
0,0,,0.655811,0.019923,0.042645,0.004964,0.081484,0.002183,0.044977,0.013647,0.096213,0.038153,,4962100,,
0,0,,0.531974,0.022895,0.042526,0.008317,0.111665,0.009928,0.148484,0.023797,0.07124,0.029174,,4932800,,
0,0,,0.671774,0.019785,0.036065,0.00455,0.082282,0.002045,0.041818,0.013372,0.089701,0.038607,,4943600,,
0,0,,0.511763,0.022789,0.040961,0.008174,0.142706,0.009823,0.13769,0.025959,0.07078,0.029355,,4972000,,
0,0,,0.391287,0.040905,0.038367,0.049352,0.081877,0.115642,0.006658,0.045616,0.043462,0.186835,,5045800,,
0,0,,0.671774,0.019785,0.036065,0.00455,0.082282,0.002045,0.041818,0.013372,0.089701,0.038607,,6291400,,
0,0,,0.651774,0.019785,0.036065,0.00455,0.102282,0.002045,0.041818,0.013372,0.089701,0.038607,,8952600,,
0,0,,0.671774,0.019785,0.036065,0.00455,0.082282,0.002045,0.041818,0.013372,0.089701,0.038607,,8266700,,
0,0,,0.51351,0.032197,0.045422,0.015357,0.0941,0.029471,0.05092,0.033031,0.093864,0.09213,,4887200,,
1,1,,0.006489,0.283708,0.151904,0.117901,0.03465,0.102148,0.014099,0.148793,0.04905,0.091258,,4880800,,
1,1,,0.006106,0.271176,0.141531,0.112779,0.036034,0.08896,0.018046,0.205264,0.040152,0.079952,,4891700,,
1,1,,0.008228,0.296885,0.104967,0.143561,0.035753,0.099971,0.014099,0.163953,0.046665,0.085917,,4929100,,
1,1,,0.006639,0.264144,0.097587,0.119742,0.03848,0.107053,0.013754,0.218333,0.046293,0.087975,,4911900,,
1,1,,0.01421,0.367141,0.094641,0.079227,0.078538,0.075453,0.034049,0.139779,0.05104,0.065922,,4947400,,
1,1,,0.010893,0.353409,0.093219,0.112552,0.040792,0.09893,0.016624,0.153323,0.040336,0.079922,,4894600,,
1,1,,0.007045,0.363939,0.093657,0.100109,0.061989,0.08169,0.037139,0.141603,0.042447,0.070382,,4904200,,
1,6,,0.044895,0.199059,0.129253,0.045666,0.130835,0.033751,0.213631,0.066426,0.113604,0.02288,,4915800,,
1,1,,0.017738,0.369214,0.087659,0.108113,0.035533,0.085263,0.028139,0.14912,0.044336,0.074885,,4895400,,
1,1,,0.019423,0.323058,0.108148,0.111962,0.067269,0.074428,0.047853,0.135172,0.049202,0.063484,,4888900,,
1,1,,0.018382,0.336342,0.092684,0.109399,0.031519,0.103317,0.010966,0.165264,0.045005,0.087122,,4930600,,
1,1,,0.005893,0.311591,0.113219,0.112552,0.035792,0.08893,0.018442,0.193323,0.040336,0.079922,,4926700,,
1,1,,0.006006,0.301814,0.094608,0.113616,0.03423,0.093937,0.036524,0.173463,0.04364,0.102163,,4897700,,
1,1,,0.005893,0.3562,0.093684,0.112552,0.035792,0.08893,0.016624,0.169602,0.040336,0.080388,,4893700,,
1,1,,0.018495,0.341956,0.093609,0.130463,0.029956,0.088324,0.010866,0.149124,0.048309,0.088897,,4870300,,
1,6,,0.0555,0.229715,0.095345,0.014394,0.137633,0.0225,0.24905,0.041548,0.145846,0.008469,,4911200,,
1,1,,0.006006,0.348232,0.096948,0.113391,0.033556,0.093487,0.015239,0.153365,0.056812,0.082964,,4932700,,
1,1,,0.018382,0.373552,0.092219,0.109399,0.031519,0.083317,0.010966,0.148985,0.045005,0.086656,,4888100,,
1,1,,0.006006,0.289389,0.095527,0.113962,0.036413,0.09463,0.036544,0.182054,0.042966,0.10251,,4904800,,
1,0,,0.235859,0.226589,0.084752,0.012265,0.154626,0.011663,0.079078,0.054739,0.119173,0.021255,,4921600,,
1,1,,0.006639,0.264144,0.097587,0.119742,0.03848,0.107053,0.013754,0.218333,0.046293,0.087975,,4897800,,
1,3,,0.007059,0.219744,0.096347,0.253245,0.054824,0.098746,0.013389,0.12813,0.039501,0.089016,,4892900,,
1,1,,0.006752,0.292548,0.098977,0.120806,0.036918,0.112059,0.013654,0.178472,0.049598,0.090216,,4956900,,
1,1,,0.020901,0.337901,0.115379,0.133727,0.055974,0.078029,0.008959,0.106945,0.038514,0.103673,,4927200,,
1,1,,0.01807,0.327574,0.112423,0.150327,0.029167,0.081222,0.008411,0.142406,0.043352,0.087049,,4892200,,
1,3,,0.006538,0.208675,0.100823,0.211058,0.034903,0.108126,0.013917,0.15436,0.067507,0.094094,,4923800,,
1,1,,0.006832,0.335251,0.084511,0.099604,0.063286,0.081661,0.060612,0.155539,0.042352,0.070353,,4959400,,
1,1,,0.020982,0.350472,0.107868,0.143033,0.032301,0.083009,0.00904,0.107108,0.03933,0.106856,,5777300,,
1,1,,0.155723,0.293413,0.073954,0.047187,0.123383,0.026406,0.0684,0.064831,0.110405,0.036298,,4940100,,
1,9,,0.018849,0.101108,0.101115,0.088422,0.077781,0.216315,0.011858,0.07068,0.047662,0.26621,,4966000,,
1,4,,0.047055,0.205739,0.071437,0.011836,0.298806,0.020406,0.162142,0.067136,0.104007,0.011435,,4927500,,
1,1,,0.006063,0.211849,0.203027,0.115767,0.053285,0.089246,0.013442,0.145143,0.040044,0.122134,,4983200,,
1,1,,0.020791,0.297648,0.092095,0.200939,0.029734,0.088707,0.009221,0.091326,0.038695,0.130843,,5016300,,
2,2,,0.006248,0.158568,0.256004,0.103165,0.034014,0.07364,0.020562,0.204854,0.074154,0.068792,,5009000,,
2,2,,0.106235,0.055154,0.307413,0.021962,0.067777,0.01548,0.171478,0.034669,0.199532,0.020299,,4967300,,
2,1,,0.006831,0.212416,0.186414,0.11826,0.056732,0.108439,0.013654,0.162745,0.04726,0.087249,,4925000,,
2,2,,0.017995,0.130829,0.220376,0.141173,0.034159,0.072051,0.077794,0.128198,0.114413,0.063012,,4894900,,
2,2,,0.014663,0.14611,0.301229,0.083187,0.088776,0.075228,0.050609,0.119641,0.051861,0.068697,,4897900,,
2,8,,0.02885,0.116003,0.159782,0.090629,0.02845,0.085729,0.065563,0.165057,0.1712,0.088736,,4897300,,
2,2,,0.01445,0.140203,0.303407,0.104513,0.08943,0.074803,0.030609,0.120082,0.053223,0.069282,,4888000,,
2,3,,0.015251,0.176964,0.137709,0.187028,0.109949,0.06225,0.053371,0.071913,0.078885,0.10668,,4923400,,
2,4,,0.200192,0.051253,0.089149,0.012775,0.245334,0.015722,0.226905,0.036702,0.100036,0.021932,,4934100,,
2,2,,0.015857,0.129369,0.348773,0.072501,0.034166,0.061056,0.077615,0.117027,0.089961,0.053675,,4897800,,
2,2,,0.018553,0.161312,0.30144,0.115052,0.029012,0.083633,0.007784,0.136082,0.046164,0.100967,,4878800,,
2,2,,0.046883,0.044957,0.265793,0.021826,0.097379,0.026771,0.225206,0.071391,0.181148,0.018645,,4962400,,
2,2,,0.021053,0.160325,0.299712,0.113077,0.029012,0.083633,0.007784,0.14386,0.045176,0.096368,,4898600,,
2,2,,0.005793,0.168683,0.266235,0.113429,0.033683,0.086864,0.013673,0.170407,0.039555,0.101678,,4908200,,
2,8,,0.104182,0.065247,0.142265,0.020626,0.13633,0.01536,0.126482,0.061483,0.303705,0.02432,,4915200,,
2,2,,0.026434,0.074717,0.236753,0.051925,0.07731,0.153578,0.075899,0.080495,0.081334,0.141556,,4880800,,
2,7,,0.008145,0.165472,0.166424,0.123707,0.035428,0.098965,0.013442,0.257182,0.045752,0.085484,,4888600,,
2,2,,0.008026,0.16603,0.251601,0.097467,0.047036,0.112594,0.013427,0.159712,0.040849,0.103257,,4947300,,
2,2,,0.014718,0.115292,0.215495,0.170926,0.109737,0.076015,0.032164,0.117005,0.084922,0.063726,,4916700,,
2,2,,0.006519,0.155936,0.318136,0.112213,0.033193,0.09343,0.013535,0.136913,0.041821,0.088304,,4893300,,
2,2,,0.016127,0.127732,0.346086,0.075166,0.034211,0.06543,0.077532,0.106604,0.094439,0.056674,,4929100,,
2,2,,0.015906,0.12599,0.241211,0.10012,0.035219,0.068033,0.083102,0.15532,0.116201,0.058897,,4898100,,
2,7,,0.008094,0.177,0.164525,0.141254,0.034469,0.103399,0.013654,0.226108,0.046004,0.085492,,4884600,,
2,6,,0.05178,0.039316,0.263722,0.015431,0.126916,0.023805,0.267963,0.037166,0.16631,0.007592,,4961500,,
2,2,,0.051683,0.036783,0.283234,0.015557,0.118334,0.020649,0.264862,0.03637,0.164937,0.007592,,8487300,,
2,2,,0.041339,0.18696,0.213254,0.09617,0.05228,0.071678,0.020652,0.136257,0.072335,0.109075,,6957500,,
2,2,,0.005793,0.212433,0.264652,0.113429,0.034933,0.093114,0.013673,0.138407,0.040721,0.082844,,4981600,,
2,2,,0.028616,0.1289,0.329468,0.072013,0.029937,0.059816,0.072387,0.102381,0.112046,0.064434,,4948900,,
2,7,,0.007238,0.133485,0.120484,0.106673,0.033253,0.08906,0.021085,0.282508,0.119147,0.087068,,4952700,,
2,8,,0.016602,0.13276,0.17268,0.113756,0.033889,0.07737,0.078007,0.112945,0.187359,0.074633,,4958700,,
2,6,,0.051683,0.036783,0.23034,0.016891,0.12144,0.020869,0.324657,0.037704,0.152043,0.007592,,4959500,,
2,8,,0.131386,0.042907,0.133154,0.011471,0.082734,0.012923,0.2166,0.049487,0.275993,0.043345,,4971800,,
3,3,,0.006828,0.097616,0.071432,0.458527,0.029618,0.10249,0.014031,0.091577,0.038047,0.089835,,4996300,,
3,3,,0.006828,0.097616,0.071432,0.458527,0.029618,0.10249,0.014031,0.091577,0.038047,0.089835,,4956000,,
3,3,,0.006828,0.097616,0.071432,0.458527,0.029618,0.10249,0.014031,0.091577,0.038047,0.089835,,4981800,,
3,3,,0.007194,0.128952,0.077675,0.234005,0.034051,0.204578,0.013833,0.128097,0.041144,0.130471,,4981200,,
3,3,,0.007199,0.140773,0.079214,0.373036,0.030665,0.098529,0.01402,0.129958,0.038384,0.088222,,4946500,,
3,3,,0.006828,0.097616,0.071432,0.458527,0.029618,0.10249,0.014031,0.091577,0.038047,0.089835,,4993100,,
3,3,,0.006828,0.097616,0.071432,0.438527,0.029618,0.12249,0.014031,0.091577,0.038047,0.089835,,5042000,,
3,3,,0.006828,0.097616,0.071432,0.458527,0.029618,0.10249,0.014031,0.091577,0.038047,0.089835,,4994400,,
3,3,,0.008663,0.110482,0.07341,0.428796,0.031323,0.097107,0.013918,0.112208,0.036772,0.087323,,4986500,,
3,3,,0.006828,0.097616,0.071432,0.458527,0.029618,0.10249,0.014031,0.091577,0.038047,0.089835,,4990200,,
3,7,,0.018816,0.142063,0.106293,0.123114,0.028298,0.112994,0.007784,0.289045,0.058917,0.112676,,5000400,,
3,3,,0.006828,0.097616,0.071432,0.458527,0.029618,0.10249,0.014031,0.091577,0.038047,0.089835,,4959300,,
3,3,,0.00747,0.107744,0.077547,0.406677,0.030232,0.10124,0.013799,0.105413,0.039673,0.110207,,4957400,,
3,3,,0.018816,0.142063,0.106293,0.203114,0.028298,0.092994,0.007784,0.169045,0.098917,0.132676,,5065300,,
3,3,,0.006396,0.103561,0.070063,0.367817,0.030015,0.163754,0.013887,0.091289,0.037581,0.115637,,4994100,,
3,3,,0.006752,0.165022,0.107177,0.186421,0.032571,0.123927,0.013654,0.178419,0.057865,0.128192,,4997900,,
3,3,,0.006828,0.097616,0.076306,0.421215,0.029618,0.11003,0.014031,0.093577,0.037588,0.113192,,5014900,,
3,3,,0.019959,0.107886,0.076547,0.423524,0.025958,0.095627,0.008142,0.101074,0.044342,0.096941,,5001700,,
3,3,,0.006396,0.105986,0.070356,0.420189,0.030621,0.12693,0.013887,0.091289,0.037121,0.097225,,4962200,,
3,3,,0.007448,0.121612,0.091093,0.295587,0.033134,0.089451,0.013192,0.227051,0.039512,0.081921,,4992000,,
3,3,,0.007199,0.120773,0.079214,0.393036,0.050665,0.098529,0.01402,0.109958,0.038384,0.088222,,5026000,,
3,3,,0.008515,0.136767,0.07324,0.336728,0.031746,0.098483,0.01377,0.153351,0.037322,0.110079,,5014400,,
3,3,,0.019959,0.107886,0.076547,0.423524,0.025958,0.095627,0.008142,0.101074,0.044342,0.096941,,5834400,,
3,3,,0.00747,0.134696,0.080798,0.347468,0.050873,0.104087,0.013789,0.109749,0.059469,0.0916,,5034300,,
3,3,,0.006828,0.097616,0.07323,0.439581,0.031841,0.104712,0.014031,0.093799,0.044714,0.093649,,4961800,,
3,3,,0.006828,0.097616,0.071432,0.458527,0.029618,0.10249,0.014031,0.091577,0.038047,0.089835,,4979700,,
3,3,,0.017127,0.061638,0.057434,0.26877,0.060451,0.202891,0.012464,0.064909,0.028433,0.225884,,5075500,,
3,3,,0.007283,0.093369,0.075548,0.427198,0.029526,0.114214,0.014124,0.091381,0.037992,0.109362,,5069300,,
3,3,,0.019317,0.097758,0.070432,0.415375,0.025345,0.096877,0.008374,0.107238,0.062717,0.096569,,4989500,,
3,3,,0.019317,0.097758,0.070432,0.455375,0.025345,0.096877,0.008374,0.087238,0.042717,0.096569,,5045900,,
3,7,,0.006752,0.145022,0.102177,0.142671,0.032571,0.121427,0.013654,0.194669,0.076615,0.164442,,5013500,,
3,3,,0.006828,0.097616,0.071432,0.458527,0.029618,0.10249,0.014031,0.091577,0.038047,0.089835,,4977300,,
4,4,,0.019253,0.084422,0.060794,0.062902,0.245498,0.221159,0.032133,0.073744,0.033535,0.166558,,5003500,,
4,4,,0.020257,0.079719,0.060357,0.064406,0.25175,0.221675,0.011951,0.068485,0.029019,0.19238,,4969300,,
4,4,,0.020257,0.079719,0.060357,0.064406,0.25175,0.221675,0.011951,0.068485,0.029019,0.19238,,4957100,,
4,4,,0.046174,0.108491,0.079142,0.012244,0.347469,0.019685,0.173441,0.076403,0.125427,0.011524,,5033200,,
4,4,,0.06536,0.073491,0.071657,0.016573,0.385198,0.060615,0.154905,0.06757,0.092991,0.01164,,5005400,,
4,9,,0.071188,0.054727,0.051001,0.051267,0.102936,0.169025,0.003528,0.057458,0.051101,0.387768,,4996200,,
4,6,,0.053007,0.060749,0.099561,0.015002,0.207484,0.048244,0.280804,0.057975,0.169412,0.007762,,5003500,,
4,5,,0.017316,0.089082,0.083376,0.073449,0.096085,0.178702,0.035921,0.15905,0.123508,0.143511,,4966700,,
4,4,,0.035209,0.072465,0.056036,0.050872,0.286879,0.198668,0.032416,0.068744,0.030781,0.167931,,4959700,,
4,4,,0.046977,0.063146,0.072347,0.012118,0.455529,0.020294,0.165169,0.055343,0.097544,0.011533,,5041600,,
4,0,,0.421202,0.022343,0.040932,0.008046,0.287458,0.00913,0.083109,0.022897,0.075128,0.029755,,5002800,,
4,0,,0.324962,0.030131,0.061303,0.019939,0.292226,0.03202,0.068723,0.033416,0.083355,0.053926,,4976400,,
4,4,,0.046977,0.063146,0.077347,0.012118,0.415529,0.020294,0.185169,0.065343,0.097544,0.016533,,4994000,,
4,5,,0.050171,0.06246,0.127199,0.052889,0.120789,0.191321,0.129421,0.060346,0.079274,0.126129,,4982600,,
4,0,,0.348277,0.058788,0.063198,0.027675,0.207285,0.019528,0.073146,0.05987,0.101716,0.040515,,4989200,,
4,4,,0.041103,0.098579,0.070594,0.07164,0.269128,0.1666,0.027555,0.08599,0.030101,0.138711,,4972000,,
4,4,,0.046977,0.063146,0.072347,0.012118,0.455159,0.020294,0.165169,0.055714,0.097544,0.011533,,4980100,,
4,4,,0.049691,0.076615,0.086861,0.012412,0.364193,0.023999,0.186028,0.071916,0.110658,0.017627,,5131900,,
4,4,,0.037719,0.187944,0.077052,0.045161,0.269533,0.034131,0.154648,0.073404,0.095447,0.024961,,5005700,,
4,4,,0.21458,0.052823,0.052075,0.034402,0.369914,0.025777,0.098863,0.056112,0.060165,0.035289,,4988600,,
4,9,,0.163015,0.039189,0.041878,0.055013,0.163564,0.145656,0.001817,0.043335,0.033784,0.312749,,5009100,,
4,4,,0.040976,0.077565,0.08772,0.022619,0.325525,0.020742,0.158146,0.131783,0.120351,0.014572,,8368500,,
4,4,,0.121114,0.076463,0.058901,0.062542,0.270101,0.143119,0.020876,0.080446,0.026307,0.140131,,9074800,,
4,4,,0.060562,0.060719,0.071402,0.012118,0.448417,0.020115,0.165408,0.054411,0.095547,0.011302,,5080000,,
4,4,,0.041961,0.1118,0.079215,0.065514,0.258945,0.039707,0.20448,0.074249,0.100549,0.02358,,5088600,,
4,4,,0.058118,0.073661,0.075522,0.012839,0.408848,0.026733,0.146263,0.079513,0.099677,0.018825,,5033800,,
4,4,,0.046977,0.063146,0.072347,0.012118,0.455159,0.020294,0.165169,0.055714,0.097544,0.011533,,4861800,,
4,4,,0.040879,0.072851,0.086999,0.022174,0.414996,0.019171,0.167772,0.061273,0.099886,0.014001,,4993700,,
4,0,,0.42099,0.042343,0.040932,0.008046,0.271671,0.00913,0.083109,0.022897,0.071128,0.029755,,5041900,,
4,4,,0.21458,0.052823,0.052075,0.034402,0.329914,0.025777,0.098863,0.056112,0.080165,0.055289,,5025100,,
4,4,,0.017788,0.103865,0.122961,0.074778,0.193345,0.179926,0.032785,0.090203,0.033698,0.150651,,4971500,,
4,4,,0.26786,0.035788,0.049178,0.010039,0.384122,0.013935,0.108826,0.037267,0.06951,0.023475,,5035000,,
4,4,,0.202529,0.061829,0.047212,0.04113,0.217448,0.130755,0.00234,0.050476,0.036993,0.209288,,4982600,,
5,5,,0.019173,0.04512,0.049279,0.10036,0.079011,0.405975,0.012263,0.052259,0.028784,0.207776,,4867000,,
5,5,,0.019623,0.056004,0.056828,0.061751,0.06338,0.438355,0.013356,0.067169,0.028916,0.194619,,5012500,,
5,5,,0.016555,0.068595,0.056732,0.13857,0.095189,0.31775,0.012316,0.085301,0.033989,0.175003,,4982800,,
5,5,,0.019623,0.056004,0.056828,0.061751,0.06338,0.438355,0.013356,0.067169,0.028916,0.194619,,4989900,,
5,5,,0.019749,0.04946,0.050328,0.096225,0.061666,0.435811,0.012555,0.055142,0.027903,0.19116,,4969800,,
5,5,,0.019623,0.056004,0.056828,0.061751,0.06338,0.438355,0.013356,0.067169,0.028916,0.194619,,5053200,,
5,5,,0.019871,0.043874,0.052454,0.120003,0.116024,0.361396,0.012486,0.051194,0.027191,0.195507,,5135100,,
5,5,,0.01949,0.059464,0.058234,0.065815,0.061808,0.432886,0.013466,0.070459,0.02966,0.188716,,4969800,,
5,3,,0.030817,0.113515,0.075928,0.241925,0.054419,0.17997,0.013276,0.134855,0.062198,0.093098,,5035500,,
5,5,,0.007243,0.144701,0.116428,0.135479,0.055549,0.211398,0.014756,0.170515,0.048854,0.095077,,4976000,,
5,3,,0.008646,0.098616,0.072088,0.283468,0.029618,0.221575,0.014031,0.091577,0.042588,0.137793,,4995900,,
5,5,,0.019833,0.04166,0.047873,0.097348,0.061109,0.448811,0.012678,0.048969,0.028041,0.193679,,4920600,,
5,5,,0.017298,0.079058,0.064246,0.082803,0.077415,0.382123,0.013733,0.08406,0.032338,0.166925,,4972000,,
5,5,,0.017298,0.079058,0.064246,0.082803,0.057415,0.402123,0.013733,0.08406,0.032338,0.166925,,5026200,,
5,5,,0.008498,0.104901,0.072342,0.250346,0.030042,0.282951,0.013883,0.092719,0.043138,0.10118,,4877600,,
5,5,,0.019623,0.056004,0.056828,0.061751,0.06338,0.438355,0.013356,0.067169,0.028916,0.194619,,5055300,,
5,5,,0.020205,0.045214,0.049571,0.088875,0.061574,0.446662,0.012649,0.052947,0.028308,0.193996,,5158100,,
5,5,,0.019623,0.056004,0.056828,0.061751,0.06338,0.438355,0.013356,0.067169,0.028916,0.194619,,5038400,,
5,5,,0.059701,0.040148,0.046518,0.088059,0.074417,0.389569,0.044748,0.050449,0.036228,0.170162,,4926400,,
5,5,,0.019167,0.06025,0.057586,0.065767,0.063472,0.43417,0.013262,0.069364,0.028512,0.188449,,6043000,,
5,9,,0.12968,0.046858,0.048646,0.053403,0.105641,0.243191,0.010093,0.059279,0.027442,0.275767,,5074800,,
5,5,,0.007109,0.148161,0.097834,0.119544,0.033977,0.26593,0.014866,0.153805,0.049598,0.109174,,5068900,,
5,5,,0.019623,0.056004,0.056828,0.061751,0.06338,0.438355,0.013356,0.067169,0.028916,0.194619,,5060000,,
5,5,,0.027723,0.055767,0.119304,0.059719,0.052669,0.330029,0.069704,0.063724,0.066134,0.155227,,5044900,,
5,5,,0.019833,0.04166,0.047873,0.097348,0.061109,0.448811,0.012678,0.048969,0.028041,0.193679,,5042700,,
5,5,,0.019623,0.055701,0.063495,0.061751,0.06944,0.428961,0.012144,0.06626,0.028916,0.19371,,5069300,,
5,5,,0.019833,0.04166,0.047873,0.100681,0.061109,0.442145,0.012678,0.048969,0.028041,0.197012,,4889500,,
5,5,,0.019623,0.056004,0.056828,0.061751,0.06338,0.438355,0.013356,0.067169,0.028916,0.194619,,4983600,,
5,5,,0.019048,0.046957,0.053379,0.109771,0.078351,0.375657,0.032538,0.056074,0.036317,0.191907,,4985300,,
5,5,,0.019678,0.045517,0.049571,0.091155,0.061654,0.438688,0.013334,0.053856,0.028308,0.198239,,4892400,,
5,5,,0.017127,0.06269,0.058899,0.186622,0.080451,0.317388,0.012464,0.064909,0.03105,0.1684,,5004800,,
5,3,,0.006396,0.103561,0.068937,0.270504,0.032237,0.269961,0.016109,0.091289,0.043788,0.097217,,5043300,,
6,6,,0.048028,0.047601,0.080184,0.014727,0.171117,0.024411,0.400141,0.040739,0.164069,0.008982,,5100200,,
6,6,,0.051629,0.037505,0.095843,0.015129,0.13063,0.021334,0.459437,0.039478,0.141243,0.007772,,5012000,,
6,6,,0.049967,0.040348,0.095802,0.015136,0.157608,0.045139,0.389515,0.058493,0.13953,0.008463,,5226200,,
6,6,,0.05184,0.037611,0.097408,0.015272,0.119589,0.02144,0.470231,0.037316,0.141702,0.007592,,5063300,,
6,6,,0.051644,0.037415,0.097408,0.015272,0.139001,0.021244,0.451808,0.03712,0.141498,0.007592,,5025700,,
6,6,,0.05184,0.042055,0.097408,0.015272,0.124033,0.02144,0.461547,0.037316,0.141498,0.007592,,4959300,,
6,6,,0.05184,0.037611,0.097408,0.015272,0.119589,0.02144,0.470231,0.037316,0.141702,0.007592,,4987800,,
6,6,,0.053182,0.037415,0.118947,0.015272,0.120539,0.06432,0.381039,0.040197,0.161498,0.007592,,4968700,,
6,6,,0.05184,0.037611,0.097408,0.015272,0.119589,0.02144,0.470231,0.037316,0.141702,0.007592,,4896500,,
6,6,,0.051072,0.040035,0.118883,0.015129,0.11931,0.020958,0.43966,0.037804,0.149387,0.007762,,5025400,,
6,6,,0.051879,0.036979,0.123673,0.015557,0.119362,0.021065,0.441747,0.036566,0.14558,0.007592,,4961400,,
6,6,,0.063644,0.037415,0.117408,0.015272,0.123001,0.021244,0.435808,0.03712,0.141498,0.007592,,4982700,,
6,6,,0.05184,0.037611,0.097408,0.015272,0.119589,0.02144,0.470231,0.037316,0.141702,0.007592,,4897700,,
6,6,,0.05184,0.037611,0.097408,0.015272,0.119589,0.02144,0.470231,0.037316,0.141702,0.007592,,5033400,,
6,6,,0.05184,0.037611,0.097408,0.015272,0.119589,0.02144,0.470231,0.037316,0.141702,0.007592,,4996100,,
6,6,,0.045493,0.0445,0.117541,0.037215,0.117949,0.022797,0.396976,0.058592,0.14661,0.012328,,4890300,,
6,6,,0.05184,0.037611,0.097408,0.015272,0.119589,0.02144,0.470231,0.037316,0.141702,0.007592,,5026500,,
6,6,,0.051072,0.040035,0.098883,0.015129,0.13931,0.020958,0.439456,0.037804,0.149591,0.007762,,6002900,,
6,6,,0.047367,0.046104,0.076939,0.015522,0.182111,0.021808,0.373381,0.043617,0.183598,0.009553,,5040100,,
6,6,,0.04261,0.049485,0.092586,0.020039,0.160706,0.02509,0.404957,0.042245,0.152485,0.009796,,4906400,,
6,6,,0.040433,0.129569,0.079193,0.045784,0.139408,0.033996,0.339827,0.068112,0.100278,0.0234,,5085500,,
6,6,,0.059907,0.059014,0.115847,0.013044,0.220351,0.02013,0.27848,0.04899,0.173299,0.010939,,5033000,,
6,6,,0.07184,0.037611,0.097408,0.015272,0.119589,0.02144,0.450231,0.037316,0.141702,0.007592,,5085300,,
6,6,,0.05184,0.037611,0.097408,0.015272,0.119589,0.02144,0.470231,0.037316,0.141702,0.007592,,4922900,,
6,6,,0.051879,0.036979,0.103673,0.015557,0.119362,0.021065,0.461747,0.036566,0.14558,0.007592,,5024100,,
6,6,,0.046862,0.080298,0.118141,0.147547,0.058316,0.09386,0.170766,0.072226,0.133617,0.078366,,5006100,,
6,6,,0.05184,0.037611,0.097408,0.015272,0.119589,0.02144,0.470231,0.037316,0.141702,0.007592,,4875700,,
6,6,,0.064189,0.039739,0.13565,0.015051,0.122992,0.020802,0.411916,0.037305,0.144469,0.007888,,4975500,,
6,6,,0.046215,0.050452,0.113173,0.014432,0.222718,0.024473,0.294624,0.066066,0.157994,0.009853,,5025800,,
6,6,,0.0442,0.043637,0.102193,0.020161,0.151446,0.038215,0.383061,0.046693,0.159907,0.010487,,5056500,,
6,6,,0.07184,0.037611,0.117408,0.015272,0.119589,0.02144,0.430231,0.037316,0.141702,0.007592,,4957000,,
6,6,,0.05184,0.037611,0.097408,0.015272,0.119589,0.02144,0.470231,0.037316,0.141702,0.007592,,5193400,,
6,6,,0.05184,0.037611,0.097408,0.015272,0.119589,0.02144,0.470231,0.037316,0.141702,0.007592,,5043900,,
7,7,,0.005985,0.131213,0.096897,0.119137,0.031786,0.090839,0.013294,0.386615,0.042137,0.082097,,4995900,,
7,7,,0.020705,0.144401,0.103332,0.163698,0.028991,0.094062,0.007884,0.221917,0.059928,0.155082,,4914900,,
7,7,,0.00558,0.165535,0.114729,0.114993,0.032446,0.085498,0.015739,0.348351,0.038437,0.07869,,4994500,,
7,7,,0.007044,0.197969,0.112414,0.12781,0.034213,0.08846,0.014411,0.298032,0.039364,0.080284,,5008900,,
7,7,,0.006441,0.186664,0.094892,0.114211,0.031694,0.096737,0.013387,0.324896,0.043113,0.087964,,4850300,,
7,7,,0.020168,0.129406,0.105364,0.098741,0.055019,0.112772,0.055137,0.292502,0.060658,0.070233,,8365300,,
7,7,,0.007044,0.144381,0.092349,0.119173,0.053139,0.083747,0.013808,0.371217,0.037081,0.078061,,8868200,,
7,7,,0.006752,0.198034,0.101591,0.131267,0.035428,0.10257,0.013654,0.242161,0.055627,0.112915,,4911000,,
7,4,,0.040206,0.106947,0.074161,0.0451,0.200632,0.033521,0.156182,0.17184,0.145164,0.026249,,4909300,,
7,9,,0.042136,0.091182,0.073467,0.154749,0.09809,0.086478,0.016969,0.165049,0.101924,0.169954,,4933100,,
7,7,,0.096111,0.106527,0.083484,0.115063,0.065029,0.073604,0.011453,0.308092,0.037289,0.103348,,4918200,,
7,7,,0.009335,0.169835,0.108425,0.107641,0.048165,0.102062,0.040288,0.24044,0.100915,0.072893,,4911500,,
7,7,,0.008296,0.232279,0.08213,0.103784,0.063979,0.079909,0.040499,0.278405,0.040996,0.069724,,4957100,,
7,7,,0.007044,0.144381,0.092349,0.119173,0.033139,0.083747,0.013808,0.391217,0.037081,0.078061,,4943100,,
7,7,,0.00558,0.145616,0.092236,0.126574,0.03241,0.085827,0.013932,0.380294,0.038181,0.07935,,4949800,,
7,1,,0.024734,0.222761,0.080408,0.090989,0.101077,0.125655,0.056521,0.18098,0.054338,0.062537,,5906900,,
7,7,,0.007044,0.162497,0.095373,0.116229,0.034249,0.088131,0.0144,0.362368,0.03962,0.08009,,5007000,,
7,7,,0.00641,0.153037,0.115718,0.117257,0.033502,0.174889,0.015311,0.231234,0.046388,0.106255,,4935200,,
7,7,,0.00779,0.16686,0.125214,0.104789,0.035187,0.083654,0.017837,0.325821,0.054683,0.078165,,4943900,,
7,7,,0.006327,0.137392,0.104335,0.136597,0.032535,0.096437,0.013452,0.310297,0.055242,0.107386,,4968700,,
7,7,,0.00641,0.173726,0.115718,0.117947,0.034192,0.135579,0.015311,0.267096,0.046388,0.087634,,4961900,,
7,1,,0.006845,0.26166,0.092994,0.112327,0.070356,0.088481,0.014826,0.2322,0.040614,0.079698,,4960500,,
7,7,,0.006187,0.136089,0.130775,0.190737,0.030259,0.100748,0.015364,0.23459,0.03873,0.116521,,5068500,,
7,7,,0.006771,0.175741,0.090788,0.099259,0.048365,0.089631,0.034315,0.329677,0.044104,0.081348,,4979800,,
7,7,,0.007779,0.136108,0.085676,0.1104,0.048041,0.079311,0.033516,0.387308,0.039805,0.072056,,4979400,,
7,7,,0.13377,0.12193,0.084532,0.087044,0.044023,0.071055,0.00934,0.249902,0.045757,0.152647,,4965800,,
7,1,,0.018495,0.267372,0.096525,0.130185,0.031206,0.094574,0.010866,0.188846,0.070532,0.091397,,4968600,,
7,7,,0.006832,0.22602,0.104511,0.099604,0.061747,0.081661,0.037535,0.249385,0.062352,0.070353,,4979000,,
7,7,,0.032195,0.195542,0.112931,0.088484,0.097702,0.062938,0.037278,0.26516,0.051224,0.056546,,4986600,,
7,7,,0.006327,0.150725,0.096521,0.191085,0.033899,0.097576,0.01525,0.276004,0.045599,0.087014,,4989200,,
7,7,,0.007197,0.186573,0.087848,0.122299,0.049904,0.093236,0.037605,0.254333,0.066804,0.094201,,5029900,,
7,4,,0.041156,0.115203,0.09439,0.051031,0.222236,0.033704,0.149784,0.16314,0.097265,0.032091,,4982900,,
8,9,,0.041,0.04493,0.048193,0.088071,0.077517,0.226086,0.011788,0.073633,0.071346,0.317436,,4939000,,
8,8,,0.100794,0.102693,0.136835,0.01875,0.193053,0.013883,0.095057,0.106018,0.205617,0.027299,,4966800,,
8,8,,0.030124,0.118953,0.144753,0.086688,0.037119,0.086207,0.046879,0.171288,0.185502,0.092486,,4954200,,
8,9,,0.157901,0.053958,0.056697,0.050366,0.070877,0.165057,0.024676,0.064541,0.100156,0.255773,,5006700,,
8,8,,0.145758,0.032536,0.161169,0.011553,0.073406,0.01208,0.175203,0.023237,0.34496,0.020098,,5014500,,
8,8,,0.127911,0.043537,0.105459,0.011946,0.1262,0.012774,0.148988,0.027934,0.373326,0.021924,,4938700,,
8,8,,0.138136,0.045417,0.096495,0.011171,0.140628,0.015231,0.139331,0.049322,0.34348,0.020787,,4956300,,
8,8,,0.159301,0.033518,0.091978,0.011326,0.099988,0.012124,0.234432,0.02429,0.313582,0.01946,,4956400,,
8,7,,0.020958,0.149049,0.111935,0.138879,0.036646,0.119289,0.007731,0.164083,0.113565,0.137866,,4939600,,
8,6,,0.051683,0.041228,0.183234,0.015557,0.122778,0.020649,0.315973,0.05637,0.184937,0.007592,,4967700,,
8,4,,0.046695,0.121798,0.114477,0.011836,0.268074,0.020226,0.160788,0.078991,0.165689,0.011426,,4940400,,
8,6,,0.061244,0.044614,0.072823,0.025912,0.144432,0.111244,0.250919,0.054113,0.147598,0.087102,,4961700,,
8,8,,0.044806,0.069346,0.113732,0.025322,0.123103,0.021801,0.238114,0.051476,0.278414,0.033886,,4950700,,
8,9,,0.027995,0.034711,0.083366,0.079799,0.051904,0.217667,0.095426,0.037556,0.12173,0.249846,,4984400,,
8,8,,0.132173,0.034939,0.106781,0.011553,0.07428,0.01208,0.176787,0.023795,0.40747,0.020143,,7042400,,
8,8,,0.019242,0.145202,0.102013,0.117543,0.028298,0.095813,0.00851,0.149134,0.214143,0.120103,,8958100,,
8,8,,0.067595,0.058848,0.115582,0.01843,0.098934,0.038382,0.212492,0.033101,0.325506,0.03113,,4959700,,
8,8,,0.10863,0.097218,0.120345,0.015662,0.171635,0.013871,0.141329,0.041785,0.247605,0.041922,,4959800,,
8,3,,0.009284,0.105417,0.167703,0.228192,0.044141,0.152318,0.013626,0.099532,0.041219,0.138567,,5246900,,
8,8,,0.130306,0.03669,0.136552,0.011328,0.079203,0.012637,0.192452,0.025241,0.356271,0.019321,,4962300,,
8,8,,0.04862,0.047601,0.101689,0.0146,0.170029,0.024411,0.24973,0.040106,0.273961,0.029253,,4963700,,
8,8,,0.161227,0.053112,0.142186,0.012472,0.085631,0.012371,0.176663,0.025723,0.310331,0.020282,,4986800,,
8,8,,0.047877,0.042868,0.121186,0.014726,0.153853,0.035152,0.2576,0.042932,0.26246,0.021347,,4939300,,
8,6,,0.045565,0.038882,0.165591,0.065071,0.130726,0.038533,0.233406,0.038181,0.17915,0.064893,,4938700,,
8,8,,0.121622,0.035824,0.134018,0.016446,0.073626,0.047955,0.184304,0.027116,0.318801,0.040289,,4967900,,
8,7,,0.050642,0.138084,0.09864,0.095159,0.086298,0.109327,0.037012,0.18659,0.089461,0.108786,,4942600,,
8,8,,0.029305,0.108223,0.146247,0.12806,0.029188,0.092327,0.072611,0.112293,0.20691,0.074837,,4962800,,
8,8,,0.051773,0.109621,0.103375,0.122709,0.042749,0.107619,0.036133,0.142556,0.142784,0.140681,,5018100,,
8,3,,0.033505,0.083458,0.088882,0.216324,0.038578,0.110261,0.081474,0.059985,0.193051,0.094482,,4974300,,
8,8,,0.108063,0.05006,0.123583,0.021902,0.063081,0.015299,0.164811,0.034999,0.396057,0.022146,,4966100,,
8,8,,0.181129,0.036842,0.093084,0.011266,0.079736,0.011942,0.216067,0.043594,0.306057,0.020282,,4985500,,
9,9,,0.033315,0.059951,0.053934,0.058781,0.052875,0.177105,0.005853,0.08691,0.038139,0.433138,,4961200,,
9,9,,0.149821,0.095466,0.093505,0.068396,0.042337,0.10003,0.02323,0.151821,0.054411,0.220985,,4958400,,
9,9,,0.023855,0.089572,0.062031,0.207109,0.029632,0.146883,0.00794,0.074962,0.04134,0.316676,,4972400,,
9,9,,0.070236,0.052857,0.05273,0.053243,0.047698,0.169025,0.003528,0.059681,0.041137,0.449867,,4960200,,
9,9,,0.071681,0.056001,0.054784,0.057728,0.055283,0.246853,0.007553,0.062018,0.034471,0.353627,,4931000,,
9,4,,0.127298,0.064633,0.08365,0.008383,0.224435,0.011583,0.118867,0.05099,0.21458,0.095581,,4981100,,
9,9,,0.035815,0.056249,0.054519,0.059496,0.049328,0.175272,0.005853,0.073556,0.039126,0.450786,,4954400,,
9,9,,0.033315,0.056249,0.054519,0.059496,0.049328,0.175272,0.005853,0.063556,0.039126,0.463286,,4927300,,
9,9,,0.033315,0.056249,0.054519,0.059496,0.049328,0.175272,0.005853,0.063556,0.039126,0.463286,,4935500,,
9,9,,0.031931,0.065635,0.052322,0.168604,0.064792,0.165753,0.006419,0.058457,0.033827,0.35226,,4967500,,
9,9,,0.022028,0.116889,0.075345,0.20659,0.026001,0.096032,0.00791,0.100698,0.067619,0.280888,,4930200,,
9,9,,0.238804,0.043609,0.050391,0.047748,0.059505,0.158444,0.00211,0.054583,0.055513,0.289294,,4955500,,
9,3,,0.015989,0.088499,0.105093,0.247309,0.054666,0.129234,0.076158,0.078479,0.08376,0.120813,,4978000,,
9,9,,0.160162,0.036361,0.039583,0.05139,0.097334,0.142025,0.001817,0.042351,0.03439,0.394586,,4962200,,
9,9,,0.016837,0.057849,0.053072,0.127627,0.056025,0.217155,0.012354,0.060868,0.027694,0.370519,,6702600,,
9,9,,0.020513,0.05626,0.056134,0.063105,0.055732,0.192886,0.011665,0.068356,0.033827,0.441523,,7286700,,
9,9,,0.031994,0.055848,0.054168,0.057272,0.053153,0.214853,0.0074,0.061556,0.035101,0.428656,,6890000,,
9,9,,0.021978,0.131356,0.112567,0.184241,0.028881,0.114715,0.00987,0.104053,0.06865,0.22369,,5006900,,
9,9,,0.159376,0.047855,0.045764,0.048101,0.079063,0.138726,0.001824,0.053541,0.03512,0.39063,,4971300,,
9,9,,0.119691,0.06235,0.052077,0.062785,0.078798,0.140493,0.004843,0.064843,0.03473,0.379389,,4985400,,
9,9,,0.020825,0.056106,0.060519,0.066398,0.053602,0.183386,0.011511,0.071645,0.035707,0.440302,,4982000,,
9,9,,0.022028,0.116889,0.075345,0.20659,0.028223,0.122699,0.010132,0.100698,0.074286,0.243111,,4986200,,
9,9,,0.03186,0.059992,0.057302,0.063312,0.050975,0.193324,0.006298,0.066159,0.036833,0.433943,,4974400,,
9,9,,0.055815,0.056249,0.054519,0.059496,0.049328,0.175272,0.005853,0.073556,0.039126,0.430786,,4950000,,
9,9,,0.158734,0.043609,0.065856,0.043998,0.099738,0.191687,0.00211,0.071065,0.034122,0.289082,,4996900,,
9,3,,0.007283,0.093369,0.075331,0.297633,0.029526,0.174214,0.016982,0.091381,0.049421,0.164859,,4991100,,
9,9,,0.033727,0.044774,0.045533,0.083592,0.047603,0.181915,0.005832,0.048021,0.03753,0.471473,,4956100,,
9,9,,0.075051,0.051506,0.048005,0.083704,0.054597,0.273112,0.006655,0.050253,0.032406,0.32471,,4976700,,
9,9,,0.072776,0.039886,0.041338,0.076901,0.085153,0.172419,0.003448,0.040079,0.038477,0.429524,,5036100,,
9,9,,0.033182,0.059709,0.055925,0.063561,0.047757,0.169804,0.005964,0.066846,0.03987,0.457383,,4971700,,
9,9,,0.019776,0.151966,0.105242,0.135827,0.02951,0.145867,0.00809,0.142053,0.093322,0.168346,,5028400,,
9,7,,0.019242,0.145164,0.121177,0.119518,0.028298,0.135813,0.007997,0.190331,0.101284,0.131176,,4975000,,