semeion,LADTree,test,2,NANOSECONDS,PREDICTIONS, Generated by ClassifierExperiments.java on 2022-05-16 13:32:16.    SYSTEMPROPERTIES:{user.name:matth,os.arch:amd64,os.name:Windows 10},ENDSYSTEMPROPERTIES
No parameter info
0.7987616099071208,1941551000,1644233000,-1,102301248,10,,-1,-1
0,0,,0.709081,0.016234,0.033884,0.002689,0.084437,0.003095,0.042074,0.009222,0.071632,0.027652,,9709800,,
0,0,,0.59006,0.025915,0.035384,0.078811,0.075191,0.022603,0.025082,0.026194,0.071776,0.048984,,5011100,,
0,0,,0.640874,0.022665,0.038084,0.015303,0.083539,0.014326,0.042485,0.024013,0.072441,0.04627,,4919200,,
0,0,,0.635747,0.016234,0.033884,0.012689,0.106659,0.023095,0.063185,0.009222,0.071632,0.027652,,4967100,,
0,9,,0.096627,0.090522,0.08234,0.058503,0.06961,0.131162,0.009534,0.085339,0.11466,0.261703,,4940800,,
0,0,,0.690528,0.016441,0.035408,0.012573,0.085703,0.003095,0.043185,0.009196,0.076787,0.027083,,4917400,,
0,0,,0.709081,0.016234,0.033884,0.002689,0.084437,0.003095,0.042074,0.009222,0.071632,0.027652,,4929300,,
0,0,,0.696462,0.016234,0.033884,0.004832,0.088802,0.005952,0.043899,0.009222,0.071632,0.02908,,5182900,,
0,0,,0.709081,0.016234,0.033884,0.002689,0.084437,0.003095,0.042074,0.009222,0.071632,0.027652,,4972900,,
0,0,,0.709081,0.016234,0.033884,0.002689,0.084437,0.003095,0.042074,0.009222,0.071632,0.027652,,4931200,,
0,0,,0.704636,0.016234,0.033884,0.002689,0.084437,0.003095,0.042074,0.009222,0.071632,0.032096,,4977700,,
0,0,,0.379893,0.016996,0.05263,0.00837,0.117537,0.010397,0.238888,0.024887,0.128873,0.021529,,4944600,,
0,0,,0.335718,0.03878,0.043521,0.146871,0.069238,0.156112,0.009233,0.055978,0.028354,0.116195,,4942700,,
0,0,,0.53243,0.017403,0.038653,0.007219,0.143855,0.008328,0.148536,0.020732,0.06291,0.019934,,4926300,,
0,0,,0.695051,0.018025,0.038958,0.002689,0.085034,0.003095,0.04297,0.009819,0.076109,0.028249,,4970600,,
0,0,,0.594636,0.021724,0.030626,0.022094,0.087154,0.044481,0.025614,0.017817,0.070597,0.085257,,4945700,,
0,0,,0.429938,0.029457,0.070063,0.003918,0.089257,0.005741,0.096748,0.019168,0.199643,0.056066,,4903200,,
0,0,,0.248121,0.03298,0.078498,0.091972,0.060496,0.102214,0.007235,0.034559,0.100033,0.243892,,4957000,,
0,9,,0.194592,0.032527,0.048779,0.065348,0.10204,0.14256,0.007049,0.069708,0.031271,0.306126,,4922700,,
0,0,,0.709081,0.016234,0.033884,0.002689,0.084437,0.003095,0.042074,0.009222,0.071632,0.027652,,4900300,,
0,0,,0.709081,0.016234,0.033884,0.002689,0.084437,0.003095,0.042074,0.009222,0.071632,0.027652,,4990500,,
0,0,,0.699259,0.01546,0.032335,0.00256,0.084521,0.003331,0.04218,0.009222,0.068231,0.0429,,4901800,,
0,0,,0.709081,0.016234,0.033884,0.002689,0.084437,0.003095,0.042074,0.009222,0.071632,0.027652,,4914000,,
0,0,,0.709081,0.016234,0.033884,0.002689,0.084437,0.003095,0.042074,0.009222,0.071632,0.027652,,4934800,,
0,0,,0.434605,0.024544,0.02692,0.060946,0.076756,0.119691,0.012668,0.025655,0.048283,0.169931,,4917800,,
0,0,,0.695051,0.018025,0.038958,0.002689,0.085034,0.003095,0.04297,0.009819,0.076109,0.028249,,4905700,,
0,0,,0.394351,0.024294,0.029838,0.077172,0.077363,0.137503,0.012815,0.028849,0.022228,0.195586,,4901900,,
0,0,,0.569493,0.016069,0.038387,0.005275,0.126055,0.005436,0.13342,0.020689,0.064845,0.020332,,4937200,,
0,0,,0.709081,0.016234,0.033884,0.002689,0.084437,0.003095,0.042074,0.009222,0.071632,0.027652,,4912800,,
0,0,,0.695051,0.018025,0.038958,0.002689,0.085034,0.003095,0.04297,0.009819,0.076109,0.028249,,4926000,,
0,0,,0.709081,0.016234,0.033884,0.002689,0.084437,0.003095,0.042074,0.009222,0.071632,0.027652,,4972000,,
0,0,,0.709081,0.016234,0.033884,0.002689,0.084437,0.003095,0.042074,0.009222,0.071632,0.027652,,4948100,,
0,0,,0.356735,0.031741,0.071101,0.007525,0.116849,0.01349,0.24114,0.027109,0.124192,0.01012,,4931200,,
1,1,,0.017335,0.372652,0.118546,0.091552,0.034855,0.075522,0.004125,0.170785,0.03457,0.080058,,4990600,,
1,1,,0.011294,0.36195,0.078647,0.068996,0.095342,0.065584,0.046869,0.16693,0.045907,0.058481,,4986500,,
1,7,,0.004894,0.201453,0.152648,0.144861,0.033499,0.089171,0.002345,0.232277,0.047823,0.091028,,4938900,,
1,1,,0.004693,0.310304,0.114104,0.111718,0.035573,0.090578,0.003175,0.203916,0.04181,0.084127,,4971500,,
1,1,,0.004893,0.397373,0.097644,0.094841,0.037351,0.080763,0.004464,0.171167,0.032211,0.079293,,10043500,,
1,1,,0.004379,0.352896,0.119304,0.094501,0.038841,0.082464,0.009389,0.172307,0.044442,0.081476,,8418900,,
1,1,,0.028092,0.345658,0.141433,0.048314,0.062124,0.057857,0.047236,0.107714,0.117664,0.043909,,4939000,,
1,1,,0.00482,0.218195,0.126779,0.121624,0.040411,0.155803,0.003348,0.191418,0.041538,0.096065,,4922300,,
1,2,,0.016722,0.131759,0.182954,0.091597,0.102587,0.069833,0.104367,0.151706,0.063218,0.085257,,4899200,,
1,1,,0.03102,0.268864,0.070521,0.049834,0.177768,0.041426,0.107394,0.126056,0.088901,0.038217,,4877000,,
1,1,,0.011548,0.336285,0.081893,0.069003,0.095383,0.060994,0.068514,0.156333,0.061595,0.058452,,4876400,,
1,1,,0.003875,0.385445,0.07237,0.161848,0.04883,0.101261,0.006849,0.095564,0.025305,0.098653,,4927500,,
1,1,,0.00502,0.318749,0.118303,0.115797,0.034982,0.104728,0.003106,0.172064,0.037341,0.08991,,4867700,,
1,1,,0.02307,0.389683,0.101026,0.090676,0.034348,0.076322,0.006453,0.155926,0.046107,0.07639,,4872300,,
1,1,,0.004567,0.390943,0.113244,0.092928,0.034716,0.077147,0.007193,0.149221,0.054488,0.075553,,4871100,,
1,1,,0.013138,0.290913,0.098602,0.071007,0.07665,0.067604,0.091988,0.177958,0.052244,0.059897,,4857300,,
1,1,,0.004893,0.397373,0.097644,0.094841,0.037351,0.080763,0.004464,0.171167,0.032211,0.079293,,4883100,,
1,1,,0.018342,0.320237,0.134675,0.063792,0.106426,0.06352,0.047289,0.134332,0.053632,0.057756,,4918500,,
1,1,,0.022387,0.336409,0.140312,0.049907,0.0646,0.039409,0.046605,0.121476,0.133972,0.044924,,4904800,,
1,1,,0.127785,0.281273,0.075932,0.100584,0.09427,0.07187,0.005267,0.092771,0.0241,0.126146,,4865900,,
1,1,,0.004693,0.330304,0.114104,0.111718,0.035573,0.090578,0.003175,0.183916,0.04181,0.084127,,4889300,,
1,1,,0.004643,0.328439,0.10651,0.089119,0.054197,0.097091,0.027033,0.153583,0.064145,0.07524,,4875500,,
1,1,,0.02307,0.389683,0.101026,0.090676,0.034348,0.076322,0.006453,0.155926,0.046107,0.07639,,4861500,,
1,1,,0.007546,0.199006,0.170666,0.111851,0.046716,0.10485,0.003921,0.195151,0.03808,0.122212,,4878100,,
1,1,,0.095092,0.238867,0.116327,0.025876,0.13965,0.016905,0.081332,0.073501,0.189571,0.02288,,4886200,,
1,4,,0.032189,0.203575,0.105831,0.041269,0.232332,0.034408,0.123796,0.11588,0.079278,0.031442,,4872600,,
1,1,,0.004893,0.397373,0.097644,0.094841,0.037351,0.080763,0.004464,0.171167,0.032211,0.079293,,4903100,,
1,1,,0.004893,0.397373,0.097644,0.094841,0.037351,0.080763,0.004464,0.171167,0.032211,0.079293,,4877300,,
1,1,,0.004324,0.373984,0.062863,0.185835,0.046232,0.105771,0.007437,0.089106,0.025783,0.098665,,4855900,,
1,1,,0.004379,0.362896,0.119304,0.094501,0.043841,0.087464,0.009389,0.152307,0.044442,0.081476,,4886400,,
1,4,,0.03999,0.176249,0.1693,0.022869,0.200751,0.027325,0.133037,0.092198,0.118348,0.019933,,4911900,,
1,1,,0.033756,0.231211,0.114128,0.042263,0.119877,0.035847,0.198481,0.10262,0.092171,0.029646,,4961700,,
1,1,,0.010906,0.362603,0.078907,0.06945,0.082531,0.065845,0.046745,0.175245,0.049415,0.058353,,4893200,,
2,2,,0.004744,0.167123,0.211995,0.140234,0.037777,0.094439,0.003272,0.185726,0.040131,0.114558,,4948400,,
2,2,,0.030437,0.043813,0.244181,0.054014,0.05369,0.153957,0.116528,0.048277,0.144707,0.110395,,4930700,,
2,2,,0.007765,0.11322,0.231869,0.120122,0.045283,0.162747,0.001481,0.153287,0.042843,0.121385,,4900200,,
2,2,,0.013991,0.17704,0.217629,0.118468,0.028934,0.089046,0.013583,0.174722,0.068707,0.09788,,4922200,,
2,2,,0.012141,0.138196,0.273922,0.108775,0.026787,0.09442,0.012364,0.170936,0.062105,0.100353,,4928600,,
2,2,,0.00644,0.137828,0.323003,0.107777,0.026787,0.097068,0.013777,0.140844,0.05575,0.090726,,4887200,,
2,2,,0.038027,0.065399,0.29251,0.028267,0.082918,0.026175,0.252259,0.045465,0.154736,0.014243,,4924100,,
2,2,,0.022197,0.088845,0.175374,0.16115,0.054554,0.121316,0.121333,0.074281,0.122937,0.058011,,4937100,,
2,2,,0.060481,0.070785,0.241923,0.04211,0.077399,0.037749,0.239653,0.04282,0.172177,0.014902,,6613600,,
2,6,,0.046692,0.026609,0.122889,0.009125,0.114885,0.017345,0.499119,0.03399,0.12704,0.002307,,9723000,,
2,7,,0.030325,0.191598,0.124174,0.066518,0.114282,0.060945,0.030772,0.206041,0.092834,0.08251,,7563800,,
2,2,,0.023621,0.086779,0.37854,0.060932,0.034384,0.056425,0.10305,0.089271,0.118929,0.048069,,4906500,,
2,2,,0.046527,0.095617,0.219726,0.07648,0.028482,0.107746,0.05684,0.106301,0.201402,0.060879,,4986300,,
2,2,,0.096627,0.05695,0.300748,0.036377,0.047774,0.022483,0.113915,0.04504,0.261437,0.018648,,5005300,,
2,6,,0.046792,0.037024,0.262435,0.013229,0.103129,0.019731,0.282759,0.0375,0.1942,0.003201,,4801600,,
2,2,,0.037482,0.057446,0.337811,0.035519,0.069141,0.027724,0.204429,0.044825,0.16828,0.017344,,4928900,,
2,6,,0.043799,0.031377,0.287812,0.014848,0.124099,0.020065,0.299974,0.03712,0.137045,0.003862,,4956700,,
2,8,,0.098445,0.054991,0.273073,0.03192,0.048644,0.021063,0.113679,0.042108,0.296559,0.019518,,4853100,,
2,2,,0.018343,0.124159,0.310074,0.078656,0.083955,0.082045,0.051166,0.119579,0.06825,0.063773,,4960200,,
2,8,,0.162543,0.071313,0.189638,0.013679,0.116732,0.012586,0.119237,0.04935,0.242794,0.022128,,5034900,,
2,2,,0.038128,0.040382,0.289839,0.061446,0.101456,0.030056,0.2316,0.059209,0.131589,0.016295,,4946500,,
2,7,,0.026937,0.134156,0.177093,0.115011,0.031183,0.098735,0.002082,0.215548,0.061086,0.138168,,5022800,,
2,2,,0.00482,0.145466,0.237417,0.155349,0.027446,0.086713,0.002345,0.212888,0.040893,0.086663,,5047100,,
2,2,,0.008175,0.128834,0.318862,0.115159,0.034681,0.108548,0.013706,0.128517,0.053919,0.089601,,4953300,,
2,2,,0.052978,0.094426,0.325201,0.069415,0.027391,0.062407,0.055004,0.097707,0.157746,0.057724,,4891500,,
2,2,,0.041106,0.050054,0.348827,0.033827,0.075968,0.02771,0.204136,0.044531,0.159412,0.014428,,4890800,,
2,4,,0.066798,0.053206,0.059484,0.025303,0.373212,0.017824,0.200446,0.05922,0.13624,0.008268,,4996700,,
2,2,,0.006068,0.202468,0.253303,0.124005,0.033531,0.089765,0.00227,0.165764,0.038697,0.08413,,4927900,,
2,2,,0.042832,0.09321,0.231383,0.045696,0.100787,0.039333,0.139329,0.089637,0.176066,0.041726,,5007700,,
2,2,,0.038226,0.055605,0.317422,0.039221,0.079055,0.030511,0.21805,0.052236,0.154041,0.015632,,4916500,,
2,2,,0.008951,0.140638,0.18899,0.108577,0.042677,0.153399,0.006145,0.157153,0.073467,0.120004,,4930800,,
2,8,,0.056179,0.04046,0.245126,0.00956,0.092594,0.011924,0.206077,0.035448,0.295222,0.00741,,4851400,,
3,3,,0.006424,0.07765,0.077686,0.505525,0.021991,0.099178,0.004328,0.084214,0.033812,0.089191,,4923500,,
3,3,,0.015195,0.06806,0.051926,0.346943,0.073295,0.216215,0.005768,0.058299,0.017614,0.146684,,4888700,,
3,3,,0.006238,0.078538,0.066586,0.523478,0.022503,0.09992,0.004499,0.079219,0.028155,0.090865,,4920700,,
3,3,,0.006238,0.076999,0.066586,0.526811,0.022503,0.09915,0.004499,0.079475,0.028155,0.089583,,4845800,,
3,3,,0.006424,0.079189,0.073686,0.514192,0.021991,0.099947,0.004328,0.079958,0.029812,0.090473,,4895200,,
3,1,,0.003882,0.230287,0.085244,0.227143,0.044536,0.143152,0.007406,0.142347,0.026437,0.089566,,4921400,,
3,3,,0.006045,0.082562,0.067333,0.515175,0.024119,0.09682,0.004039,0.084822,0.028446,0.090639,,4841700,,
3,3,,0.006238,0.076999,0.066586,0.526811,0.022503,0.09915,0.004499,0.079475,0.028155,0.089583,,4969500,,
3,3,,0.006238,0.076999,0.066586,0.526811,0.022503,0.09915,0.004499,0.079475,0.028155,0.089583,,4964100,,
3,3,,0.006238,0.076999,0.066586,0.526811,0.022503,0.09915,0.004499,0.079475,0.028155,0.089583,,4934900,,
3,3,,0.006238,0.076999,0.066586,0.526811,0.022503,0.09915,0.004499,0.079475,0.028155,0.089583,,4864500,,
3,3,,0.017975,0.147895,0.166187,0.182689,0.051856,0.088452,0.006504,0.151477,0.102408,0.084557,,4986300,,
3,3,,0.006238,0.076999,0.066586,0.526811,0.022503,0.09915,0.004499,0.079475,0.028155,0.089583,,4962900,,
3,3,,0.006238,0.076999,0.066586,0.507842,0.022503,0.098738,0.004293,0.079475,0.027949,0.109377,,4847600,,
3,3,,0.006424,0.080383,0.072386,0.493627,0.022354,0.10189,0.004166,0.080052,0.029324,0.109395,,5881400,,
3,3,,0.026761,0.057237,0.182419,0.332044,0.037436,0.057101,0.106452,0.05521,0.101708,0.043632,,4989800,,
3,3,,0.006231,0.083213,0.074433,0.505889,0.023606,0.096848,0.003868,0.085561,0.030103,0.090247,,4942500,,
3,3,,0.006238,0.076999,0.066586,0.527331,0.022503,0.098891,0.004499,0.079475,0.028155,0.089323,,4852800,,
3,3,,0.022729,0.056608,0.116303,0.349839,0.031785,0.108566,0.097204,0.058216,0.077933,0.080816,,4962200,,
3,1,,0.004893,0.374168,0.104045,0.098549,0.037417,0.082789,0.004125,0.178823,0.033925,0.081265,,5013400,,
3,3,,0.013195,0.059809,0.056885,0.371026,0.070709,0.218125,0.00652,0.05675,0.019958,0.127022,,4980000,,
3,3,,0.005428,0.134176,0.149266,0.293639,0.027679,0.088632,0.018777,0.148109,0.055386,0.078907,,4835000,,
3,3,,0.006238,0.076999,0.066586,0.527331,0.022503,0.098891,0.004499,0.079475,0.028155,0.089323,,4987500,,
3,3,,0.00556,0.193401,0.130707,0.202581,0.033499,0.095972,0.002345,0.173617,0.068086,0.094233,,4980800,,
3,3,,0.006238,0.076999,0.066586,0.526811,0.022503,0.09915,0.004499,0.079475,0.028155,0.089583,,4906600,,
3,3,,0.006074,0.159499,0.065468,0.261859,0.042094,0.236101,0.007677,0.099771,0.031698,0.08976,,5112100,,
3,3,,0.006238,0.076999,0.066586,0.526811,0.022503,0.09915,0.004499,0.079475,0.028155,0.089583,,4958200,,
3,3,,0.006238,0.076999,0.066586,0.527331,0.022503,0.098891,0.004499,0.079475,0.028155,0.089323,,4974700,,
3,3,,0.006238,0.076999,0.070586,0.515331,0.022503,0.098891,0.004499,0.083475,0.032155,0.089323,,4879200,,
3,3,,0.006238,0.076999,0.066586,0.526811,0.022503,0.09915,0.004499,0.079475,0.028155,0.089583,,4989300,,
3,3,,0.009665,0.079132,0.08042,0.498138,0.024084,0.099844,0.014605,0.072654,0.035823,0.085634,,4924400,,
3,5,,0.005882,0.163951,0.065103,0.208,0.045028,0.210435,0.007216,0.165118,0.034451,0.094815,,4882700,,
4,5,,0.019105,0.063667,0.054698,0.064532,0.230511,0.313835,0.003414,0.060621,0.020295,0.169323,,5147700,,
4,4,,0.0468,0.066222,0.059376,0.005433,0.408111,0.014706,0.244713,0.054741,0.092214,0.007685,,5069300,,
4,4,,0.14951,0.042002,0.052583,0.004104,0.41814,0.010954,0.188154,0.043879,0.08327,0.007404,,4980300,,
4,5,,0.040565,0.078596,0.057282,0.05223,0.15347,0.245425,0.003042,0.114238,0.036517,0.218635,,4921600,,
4,4,,0.046145,0.086206,0.06241,0.007929,0.430912,0.01837,0.177978,0.072115,0.086026,0.011909,,4940900,,
4,4,,0.040593,0.120925,0.086204,0.053365,0.246365,0.052138,0.124315,0.165089,0.078481,0.032526,,4928800,,
4,5,,0.021526,0.049207,0.040047,0.069274,0.262836,0.272853,0.040772,0.052946,0.02735,0.163188,,4889000,,
4,4,,0.046504,0.04672,0.058189,0.00597,0.456276,0.012658,0.219796,0.053907,0.091711,0.008268,,4945800,,
4,4,,0.05186,0.049998,0.119201,0.010549,0.361956,0.015776,0.196678,0.057443,0.128653,0.007886,,4959200,,
4,4,,0.048712,0.114814,0.066259,0.010283,0.340595,0.013244,0.173058,0.063842,0.157533,0.01166,,4952400,,
4,4,,0.04881,0.064249,0.080359,0.019355,0.433838,0.01692,0.177565,0.056071,0.094429,0.008404,,4850900,,
4,4,,0.037482,0.09235,0.15349,0.038609,0.242202,0.026849,0.170483,0.106685,0.11399,0.01786,,4932700,,
4,4,,0.054445,0.04316,0.058055,0.004678,0.479261,0.02395,0.179109,0.049829,0.095639,0.011872,,4977200,,
4,4,,0.146525,0.078506,0.087276,0.05838,0.262539,0.051909,0.030997,0.159992,0.050981,0.072895,,4886900,,
4,4,,0.038388,0.124223,0.084269,0.039677,0.311406,0.035367,0.148167,0.099503,0.090976,0.028026,,4981800,,
4,4,,0.03413,0.100985,0.052834,0.055282,0.336343,0.097319,0.135072,0.087031,0.064908,0.036096,,4937300,,
4,4,,0.076342,0.084712,0.069772,0.00341,0.287143,0.009892,0.177135,0.049062,0.231327,0.011204,,4916600,,
4,1,,0.039206,0.215738,0.112047,0.035779,0.178081,0.021047,0.102707,0.099075,0.17623,0.02009,,4968800,,
4,0,,0.433946,0.017013,0.039333,0.005901,0.200184,0.006346,0.192427,0.021932,0.065375,0.017542,,4981500,,
4,4,,0.046798,0.046867,0.077817,0.005303,0.421658,0.012952,0.232953,0.054348,0.093035,0.008268,,5069900,,
4,4,,0.054445,0.04316,0.058055,0.004678,0.469098,0.025489,0.184657,0.051367,0.097178,0.011872,,5782000,,
4,4,,0.145378,0.037887,0.038131,0.063707,0.282702,0.152012,0.00266,0.040663,0.015947,0.220912,,5022000,,
4,4,,0.237734,0.062513,0.036684,0.034279,0.408591,0.031411,0.069843,0.040473,0.038404,0.040069,,5144500,,
4,6,,0.047435,0.029093,0.094328,0.009634,0.151414,0.016168,0.466934,0.034557,0.147951,0.002486,,5031600,,
4,4,,0.046798,0.053534,0.059484,0.005303,0.452556,0.017824,0.200774,0.05922,0.09624,0.008268,,4918200,,
4,4,,0.046119,0.048097,0.107243,0.025862,0.310006,0.056854,0.230226,0.054112,0.114087,0.007395,,4985100,,
4,4,,0.059612,0.069108,0.058183,0.00631,0.437847,0.024355,0.185893,0.055368,0.090931,0.012393,,5085100,,
4,4,,0.046047,0.065609,0.063316,0.012781,0.433664,0.022472,0.179031,0.075093,0.086705,0.015283,,5014800,,
4,4,,0.03231,0.048535,0.051001,0.055213,0.330017,0.184363,0.058957,0.060695,0.060916,0.117993,,4857100,,
4,4,,0.168804,0.081665,0.056504,0.003655,0.380001,0.025733,0.133787,0.037017,0.095733,0.0171,,4918400,,
4,4,,0.044112,0.148907,0.142375,0.021177,0.214013,0.017486,0.112874,0.130345,0.151939,0.016771,,4943200,,
4,7,,0.032911,0.173973,0.084904,0.057347,0.190474,0.074491,0.003151,0.194291,0.041632,0.146826,,4842800,,
4,5,,0.022027,0.055055,0.042116,0.05042,0.19592,0.371858,0.041113,0.062369,0.027601,0.131522,,4976000,,
5,5,,0.013655,0.062321,0.057498,0.063596,0.068644,0.473428,0.003849,0.06741,0.023517,0.166082,,5010900,,
5,6,,0.054391,0.073998,0.069963,0.044164,0.112039,0.139041,0.221584,0.093092,0.13011,0.061618,,4956500,,
5,5,,0.017588,0.045356,0.042688,0.075935,0.067638,0.507879,0.003862,0.042736,0.021131,0.175186,,4847700,,
5,5,,0.016073,0.057561,0.048552,0.061342,0.072304,0.486045,0.003791,0.058697,0.02146,0.174175,,4986300,,
5,7,,0.006754,0.140559,0.162506,0.111045,0.031283,0.131228,0.015671,0.26394,0.057843,0.079171,,4956200,,
5,5,,0.014823,0.058343,0.054362,0.06284,0.072528,0.477142,0.003791,0.063435,0.022064,0.170673,,4840800,,
5,1,,0.00511,0.214726,0.127595,0.105252,0.034277,0.152333,0.003441,0.207597,0.041638,0.108031,,4971600,,
5,7,,0.013665,0.135644,0.112493,0.088024,0.081753,0.117345,0.080805,0.246073,0.048616,0.07558,,4949500,,
5,5,,0.017924,0.045852,0.048985,0.081148,0.125616,0.390936,0.00438,0.045358,0.020797,0.219005,,4854700,,
5,5,,0.018086,0.05614,0.042737,0.075647,0.072915,0.473332,0.004476,0.067459,0.024084,0.165124,,4944200,,
5,5,,0.017588,0.045356,0.042688,0.075935,0.067638,0.507879,0.003862,0.042736,0.021131,0.175186,,4903800,,
5,5,,0.015093,0.061331,0.060804,0.071148,0.084729,0.44329,0.00344,0.067697,0.034127,0.158341,,4906300,,
5,5,,0.015924,0.048746,0.065652,0.121991,0.085642,0.405217,0.00438,0.045358,0.020297,0.186794,,4898000,,
5,6,,0.032474,0.146338,0.079564,0.026466,0.166898,0.073289,0.17683,0.15233,0.107794,0.038017,,4925500,,
5,5,,0.017488,0.080182,0.078272,0.284967,0.02616,0.295303,0.012396,0.07218,0.037264,0.095788,,4932500,,
5,5,,0.01487,0.077706,0.053762,0.064974,0.068919,0.472525,0.004486,0.068927,0.023623,0.150208,,4916900,,
5,5,,0.030898,0.044464,0.04902,0.030972,0.150782,0.3416,0.139524,0.054948,0.045755,0.112037,,5050700,,
5,1,,0.024693,0.308992,0.106195,0.098443,0.037577,0.108515,0.003735,0.189243,0.039478,0.083128,,5140100,,
5,1,,0.00536,0.28598,0.102642,0.097267,0.057215,0.114654,0.004093,0.182028,0.060826,0.089935,,4954900,,
5,5,,0.018564,0.045649,0.045529,0.153438,0.078239,0.415132,0.004957,0.044074,0.019874,0.174544,,4869600,,
5,5,,0.028881,0.060966,0.106743,0.061029,0.067876,0.286217,0.119957,0.041099,0.107554,0.119677,,5000500,,
5,5,,0.015593,0.081242,0.069365,0.065216,0.074306,0.423114,0.014741,0.066231,0.032194,0.157998,,4969500,,
5,5,,0.010238,0.13225,0.097441,0.138589,0.044021,0.199493,0.002779,0.167542,0.040172,0.167475,,6169100,,
5,5,,0.014198,0.061495,0.052125,0.16996,0.089017,0.363415,0.00471,0.075177,0.024524,0.145381,,4886400,,
5,5,,0.009005,0.11452,0.097218,0.107689,0.036203,0.33488,0.002483,0.131977,0.04048,0.125546,,4985900,,
5,5,,0.013271,0.087899,0.091659,0.131188,0.066159,0.339517,0.004182,0.094566,0.0244,0.147157,,5652100,,
5,5,,0.043295,0.043257,0.053465,0.068659,0.097164,0.356427,0.073068,0.050569,0.038184,0.175913,,5006700,,
5,5,,0.008687,0.16823,0.099429,0.093422,0.066841,0.23874,0.004703,0.17298,0.041602,0.105366,,5042100,,
5,5,,0.005049,0.123523,0.082377,0.217028,0.035983,0.263482,0.037132,0.083342,0.043605,0.108479,,5000900,,
5,5,,0.02026,0.123656,0.1334,0.068801,0.035984,0.231019,0.107827,0.127365,0.093801,0.057889,,4981200,,
5,5,,0.019784,0.051143,0.048321,0.042906,0.099725,0.412647,0.093812,0.065897,0.038624,0.127142,,4903600,,
5,5,,0.005985,0.149157,0.138885,0.157074,0.058462,0.171786,0.015842,0.155882,0.062788,0.084138,,4929200,,
6,6,,0.046135,0.036912,0.061383,0.005739,0.237236,0.013579,0.406031,0.047196,0.11935,0.026441,,4939700,,
6,1,,0.020909,0.234705,0.173506,0.044427,0.07946,0.047493,0.128125,0.11019,0.125418,0.035767,,4943700,,
6,6,,0.046924,0.026842,0.119839,0.008125,0.114696,0.016295,0.367541,0.03442,0.263011,0.002307,,4851600,,
6,6,,0.046692,0.026609,0.082889,0.009125,0.114885,0.017345,0.539119,0.03399,0.12704,0.002307,,4932000,,
6,6,,0.046692,0.026609,0.082889,0.009125,0.114885,0.017345,0.539119,0.03399,0.12704,0.002307,,4924300,,
6,6,,0.046692,0.026609,0.082889,0.009125,0.114885,0.017345,0.539119,0.03399,0.12704,0.002307,,4870100,,
6,6,,0.044404,0.05122,0.073772,0.007401,0.249349,0.026301,0.371185,0.064304,0.106493,0.00557,,5007100,,
6,6,,0.046692,0.026609,0.082889,0.009125,0.114885,0.017345,0.539119,0.03399,0.12704,0.002307,,5188600,,
6,6,,0.046692,0.026609,0.082889,0.009125,0.114885,0.017345,0.539119,0.03399,0.12704,0.002307,,5145700,,
6,6,,0.046692,0.026609,0.082889,0.009125,0.114885,0.017345,0.539119,0.03399,0.12704,0.002307,,4983100,,
6,6,,0.04857,0.054739,0.091707,0.005898,0.221997,0.034558,0.327083,0.069208,0.140709,0.005531,,5129500,,
6,6,,0.046692,0.026609,0.082889,0.009125,0.114885,0.017345,0.539119,0.03399,0.12704,0.002307,,5018500,,
6,6,,0.046692,0.026609,0.082889,0.009125,0.114885,0.017345,0.539119,0.03399,0.12704,0.002307,,5030200,,
6,6,,0.047435,0.029093,0.092326,0.009634,0.109975,0.016622,0.524921,0.034557,0.132951,0.002486,,4985100,,
6,6,,0.046692,0.026609,0.082889,0.009125,0.114885,0.017345,0.539119,0.03399,0.12704,0.002307,,5095300,,
6,6,,0.046692,0.026609,0.082618,0.009125,0.114885,0.017345,0.537723,0.03399,0.128706,0.002307,,4955900,,
6,6,,0.046692,0.026609,0.082889,0.009125,0.114885,0.017345,0.539119,0.03399,0.12704,0.002307,,4844500,,
6,6,,0.046692,0.026609,0.082618,0.009125,0.124116,0.018884,0.525543,0.035528,0.128578,0.002307,,4932900,,
6,6,,0.046692,0.026609,0.082618,0.009125,0.114885,0.017345,0.537723,0.03399,0.128706,0.002307,,4943200,,
6,6,,0.046692,0.026609,0.082889,0.009125,0.114885,0.017345,0.539119,0.03399,0.12704,0.002307,,4954500,,
6,6,,0.046692,0.026609,0.082889,0.009125,0.114885,0.017345,0.539119,0.03399,0.12704,0.002307,,4843800,,
6,6,,0.046692,0.026609,0.082889,0.009125,0.114885,0.017345,0.539119,0.03399,0.12704,0.002307,,4959800,,
6,6,,0.046049,0.031453,0.093986,0.007161,0.203071,0.016794,0.433176,0.042465,0.121376,0.00447,,4960100,,
6,6,,0.046692,0.026609,0.082889,0.009125,0.114885,0.017345,0.539119,0.03399,0.12704,0.002307,,4908300,,
6,6,,0.046692,0.026609,0.082889,0.009125,0.114885,0.017345,0.539119,0.03399,0.12704,0.002307,,4977500,,
6,6,,0.044583,0.040901,0.067155,0.006167,0.201735,0.014286,0.429973,0.061088,0.128341,0.005772,,5008100,,
6,6,,0.046692,0.026609,0.082618,0.009125,0.124116,0.018884,0.525543,0.035528,0.128578,0.002307,,4966500,,
6,6,,0.043799,0.030418,0.112657,0.01502,0.106377,0.019477,0.496661,0.03698,0.13475,0.003862,,4896900,,
6,6,,0.054021,0.0349,0.073498,0.014982,0.151431,0.060673,0.438499,0.046327,0.120225,0.005445,,5003900,,
6,6,,0.046302,0.027908,0.08159,0.00945,0.115015,0.015852,0.529509,0.041912,0.129702,0.002761,,4956500,,
6,6,,0.1174,0.037084,0.127058,0.00793,0.115238,0.013997,0.346854,0.042518,0.187468,0.004453,,4874800,,
6,6,,0.046398,0.026462,0.083367,0.009125,0.141503,0.016596,0.498977,0.049549,0.125716,0.002307,,5852000,,
6,6,,0.026412,0.090111,0.111748,0.136422,0.079188,0.084533,0.270149,0.050214,0.105544,0.045679,,4960500,,
7,7,,0.004693,0.214775,0.099477,0.095923,0.034244,0.084915,0.003735,0.347728,0.035872,0.078637,,4946000,,
7,7,,0.005164,0.131913,0.10397,0.127412,0.049602,0.07879,0.010768,0.376527,0.039583,0.076271,,4908600,,
7,7,,0.00482,0.153497,0.141835,0.134387,0.029373,0.086894,0.003345,0.315794,0.040994,0.089061,,5026900,,
7,7,,0.004312,0.180716,0.087408,0.094476,0.037506,0.07948,0.004061,0.406665,0.02855,0.076825,,4988700,,
7,7,,0.010429,0.119292,0.09209,0.100396,0.058443,0.07281,0.079089,0.351741,0.048357,0.067353,,4929600,,
7,7,,0.015706,0.193268,0.078239,0.068588,0.07586,0.066696,0.046206,0.343052,0.048896,0.063489,,4953400,,
7,7,,0.005931,0.182694,0.093653,0.177357,0.06192,0.120501,0.007524,0.233124,0.029772,0.087523,,9382300,,
7,5,,0.01487,0.074108,0.082631,0.060303,0.125834,0.322436,0.003781,0.095338,0.023188,0.197512,,5579300,,
7,7,,0.010941,0.127963,0.122805,0.166124,0.084677,0.084364,0.047691,0.245096,0.048108,0.062232,,4938600,,
7,7,,0.01305,0.12634,0.1944,0.094974,0.050342,0.076487,0.04593,0.247904,0.073254,0.07732,,5003400,,
7,7,,0.004693,0.22028,0.099346,0.093469,0.033786,0.079439,0.003925,0.355132,0.031692,0.078238,,4904100,,
7,6,,0.038197,0.068914,0.135494,0.044713,0.186617,0.058166,0.189814,0.131801,0.124039,0.022244,,4911600,,
7,7,,0.010456,0.174472,0.079957,0.067906,0.076301,0.064431,0.046473,0.372078,0.048938,0.058987,,5012700,,
7,3,,0.030142,0.065868,0.099669,0.232809,0.058336,0.105876,0.048152,0.086861,0.160821,0.111467,,4906500,,
7,9,,0.006232,0.159906,0.09057,0.083901,0.077567,0.103052,0.002828,0.193979,0.035568,0.246395,,4863100,,
7,7,,0.01001,0.156987,0.080727,0.075039,0.072166,0.070961,0.039596,0.385468,0.043069,0.065977,,4946300,,
7,7,,0.00462,0.181389,0.100082,0.102871,0.031117,0.086738,0.003735,0.369908,0.038881,0.080658,,4914100,,
7,7,,0.004693,0.22028,0.099346,0.093469,0.033786,0.079439,0.003925,0.355132,0.031692,0.078238,,4902100,,
7,7,,0.015534,0.146196,0.120554,0.118582,0.029516,0.090407,0.00306,0.350008,0.041322,0.084822,,4944200,,
7,7,,0.004562,0.178238,0.094283,0.095303,0.037521,0.079914,0.003604,0.39837,0.032689,0.075514,,4940700,,
7,7,,0.010871,0.171639,0.082172,0.068798,0.110383,0.066761,0.049231,0.330112,0.044901,0.065132,,4942200,,
7,7,,0.026266,0.148941,0.142544,0.071809,0.125814,0.09018,0.079961,0.178989,0.093175,0.042323,,4912100,,
7,7,,0.016454,0.180912,0.099283,0.089877,0.174818,0.094473,0.041004,0.18459,0.03916,0.079429,,4975300,,
7,7,,0.011342,0.174043,0.082138,0.070418,0.100727,0.065168,0.051419,0.329403,0.052918,0.062423,,4914200,,
7,7,,0.004443,0.173035,0.100419,0.098778,0.03082,0.088039,0.003441,0.317754,0.079652,0.103619,,4910200,,
7,7,,0.004217,0.159823,0.088089,0.094283,0.036595,0.08164,0.004775,0.421869,0.032469,0.07624,,4941000,,
7,7,,0.015812,0.178143,0.062963,0.115746,0.133896,0.099478,0.092825,0.193416,0.047696,0.060024,,4919300,,
7,7,,0.004689,0.165532,0.115212,0.12443,0.054949,0.124744,0.002214,0.286647,0.037877,0.083707,,4914400,,
7,7,,0.007084,0.1809,0.104026,0.09966,0.034578,0.115781,0.003104,0.263292,0.06183,0.129746,,5060100,,
7,7,,0.00482,0.146196,0.120813,0.115698,0.029373,0.106809,0.003345,0.34823,0.041322,0.083394,,5088900,,
7,7,,0.00482,0.146847,0.122972,0.124811,0.027838,0.088852,0.002345,0.353543,0.042624,0.085347,,5072700,,
7,1,,0.00711,0.225645,0.080993,0.105457,0.080915,0.103509,0.003028,0.133045,0.075891,0.184406,,5102900,,
8,9,,0.060851,0.058573,0.057461,0.111268,0.066055,0.164918,0.009941,0.068056,0.089017,0.31386,,5072800,,
8,8,,0.098602,0.098545,0.189739,0.021507,0.083586,0.017387,0.122687,0.056879,0.293116,0.017951,,5125900,,
8,8,,0.133455,0.037205,0.094476,0.006044,0.063372,0.007025,0.142838,0.026288,0.476339,0.012958,,5079000,,
8,8,,0.101139,0.0683,0.125362,0.026965,0.051244,0.020105,0.117566,0.039157,0.393675,0.056488,,4949700,,
8,0,,0.442106,0.025958,0.085426,0.002543,0.078058,0.003802,0.044654,0.047183,0.181552,0.088718,,4998600,,
8,8,,0.110813,0.038614,0.121789,0.045312,0.066106,0.064798,0.214916,0.053,0.249728,0.034924,,5906500,,
8,6,,0.046805,0.029129,0.131492,0.00827,0.12975,0.016119,0.358249,0.035398,0.242424,0.002363,,4954200,,
8,8,,0.057593,0.099649,0.105925,0.05486,0.04303,0.060706,0.092814,0.109822,0.267205,0.108396,,4974400,,
8,6,,0.046263,0.032699,0.176444,0.0845,0.100329,0.087339,0.24346,0.036461,0.149341,0.043165,,5056500,,
8,8,,0.123087,0.037391,0.139484,0.013577,0.068745,0.015405,0.236891,0.04895,0.302893,0.013578,,4945100,,
8,8,,0.066067,0.035004,0.127639,0.007375,0.102364,0.01377,0.287344,0.036691,0.32035,0.003394,,4952600,,
8,8,,0.093343,0.071499,0.12464,0.059874,0.094929,0.022421,0.070371,0.058188,0.381963,0.022773,,4973700,,
8,8,,0.065317,0.048446,0.132846,0.008429,0.133336,0.01099,0.242349,0.073614,0.27981,0.004863,,4944000,,
8,8,,0.136716,0.036811,0.105259,0.025541,0.061009,0.013144,0.179717,0.048128,0.382083,0.011592,,4934200,,
8,8,,0.096355,0.098815,0.140971,0.045612,0.080339,0.02354,0.109128,0.085342,0.294128,0.02577,,4966400,,
8,8,,0.03746,0.083779,0.116959,0.237451,0.035259,0.055594,0.081106,0.055857,0.246292,0.050242,,4905600,,
8,8,,0.089395,0.110963,0.114429,0.096961,0.059473,0.030061,0.077821,0.093977,0.245864,0.081057,,4926800,,
8,3,,0.026606,0.154359,0.066723,0.204507,0.111633,0.146564,0.004323,0.087662,0.029098,0.168525,,4925400,,
8,8,,0.034503,0.044651,0.069322,0.152285,0.094791,0.038961,0.144849,0.042705,0.30597,0.071962,,4964200,,
8,8,,0.155811,0.032213,0.117531,0.006577,0.063348,0.007748,0.17046,0.024228,0.405997,0.016086,,4966200,,
8,8,,0.042994,0.055507,0.159949,0.03268,0.067083,0.022149,0.154029,0.043769,0.40517,0.016669,,4909600,,
8,9,,0.02328,0.044961,0.044966,0.086186,0.079988,0.250192,0.007364,0.048191,0.098873,0.315999,,4948900,,
8,1,,0.009182,0.27813,0.121627,0.118296,0.062084,0.080608,0.036001,0.171629,0.057294,0.06515,,4935200,,
8,8,,0.071869,0.046929,0.136102,0.031188,0.082744,0.02568,0.229498,0.040641,0.276776,0.058574,,4899500,,
8,8,,0.160781,0.065723,0.098554,0.033157,0.119403,0.019062,0.137465,0.047294,0.296794,0.021767,,6969000,,
8,1,,0.033415,0.184922,0.099421,0.075846,0.073813,0.054819,0.101503,0.139969,0.14493,0.091361,,6920700,,
8,3,,0.027267,0.054236,0.20965,0.226336,0.032643,0.054301,0.078867,0.053062,0.218826,0.044811,,5010700,,
8,9,,0.04024,0.046015,0.066579,0.075385,0.094812,0.274711,0.010951,0.054601,0.031312,0.305394,,8465700,,
8,2,,0.146772,0.149622,0.172709,0.059404,0.03675,0.056875,0.036978,0.108119,0.169427,0.063345,,4882200,,
8,8,,0.070524,0.136567,0.113996,0.074898,0.062655,0.056138,0.113112,0.136104,0.178249,0.057758,,5118300,,
8,5,,0.028856,0.039851,0.067778,0.070562,0.087271,0.292989,0.046069,0.040538,0.093308,0.232777,,4993500,,
9,3,,0.006045,0.085294,0.106032,0.333737,0.024482,0.11866,0.00367,0.084403,0.057752,0.179923,,4899200,,
9,5,,0.025162,0.058112,0.076841,0.094559,0.072094,0.302939,0.002117,0.069998,0.021379,0.276796,,4949000,,
9,9,,0.245422,0.038987,0.043312,0.043352,0.060098,0.134597,0.001771,0.049512,0.020735,0.362213,,4914600,,
9,3,,0.005583,0.093205,0.065559,0.471693,0.028155,0.123813,0.006171,0.084739,0.028261,0.092819,,4924300,,
9,9,,0.019867,0.049391,0.043542,0.056187,0.04718,0.162309,0.001422,0.051259,0.031132,0.537711,,5025300,,
9,9,,0.019743,0.055873,0.049815,0.059694,0.045615,0.155728,0.001538,0.061138,0.031228,0.519627,,5079500,,
9,3,,0.004868,0.250398,0.068573,0.283058,0.038625,0.113867,0.007121,0.109258,0.032084,0.092147,,5069100,,
9,3,,0.013332,0.183927,0.100478,0.189161,0.038606,0.101123,0.016121,0.083155,0.119671,0.154426,,5063100,,
9,9,,0.019683,0.053574,0.0483,0.066305,0.045792,0.150317,0.001514,0.056792,0.033464,0.524258,,5077300,,
9,9,,0.032987,0.047203,0.045666,0.062673,0.052049,0.159574,0.001422,0.051268,0.053171,0.493988,,5072700,,
9,9,,0.03052,0.047538,0.045307,0.076458,0.037946,0.167858,0.008036,0.040885,0.109903,0.435548,,5068900,,
9,9,,0.032309,0.046864,0.042493,0.05216,0.048075,0.154832,0.001422,0.049238,0.032096,0.540513,,4951800,,
9,9,,0.052949,0.043253,0.037092,0.070557,0.042579,0.193918,0.001306,0.039371,0.071105,0.447869,,6843600,,
9,9,,0.018718,0.046818,0.04759,0.100324,0.120322,0.261102,0.002627,0.047252,0.022341,0.332905,,8095300,,
9,3,,0.006231,0.085945,0.074799,0.342784,0.027303,0.125355,0.003499,0.085142,0.029409,0.219531,,4931900,,
9,3,,0.019422,0.088699,0.075419,0.328201,0.022436,0.103017,0.010518,0.075137,0.091062,0.186089,,4995500,,
9,9,,0.031107,0.042727,0.037385,0.070557,0.042758,0.162832,0.00161,0.039649,0.032004,0.539373,,5012000,,
9,9,,0.006817,0.111409,0.093001,0.109324,0.030906,0.111712,0.001362,0.131116,0.065194,0.339158,,4901500,,
9,3,,0.007779,0.07566,0.089005,0.337323,0.032448,0.187451,0.003264,0.07932,0.041314,0.146434,,4903900,,
9,9,,0.041709,0.049918,0.043249,0.057726,0.046069,0.173698,0.001422,0.050981,0.03084,0.504389,,4929200,,
9,9,,0.030389,0.06417,0.05043,0.069407,0.042892,0.133714,0.001672,0.08333,0.055964,0.468031,,4908700,,
9,7,,0.016322,0.139795,0.120974,0.104894,0.052213,0.12541,0.003393,0.186083,0.091112,0.159803,,4825700,,
9,9,,0.019743,0.055873,0.049815,0.060647,0.045615,0.15668,0.001538,0.062091,0.03218,0.515818,,4954300,,
9,1,,0.139457,0.165148,0.098939,0.091179,0.087476,0.092869,0.002034,0.151018,0.069367,0.102513,,4936300,,
9,9,,0.019867,0.049391,0.050208,0.062854,0.04718,0.168976,0.001422,0.051259,0.031132,0.517711,,4813200,,
9,5,,0.017924,0.045852,0.049541,0.100874,0.101403,0.355149,0.002988,0.045358,0.040797,0.240116,,4934900,,
9,9,,0.018699,0.05337,0.046677,0.076943,0.043296,0.155261,0.00148,0.055234,0.032586,0.516453,,4990400,,
9,3,,0.0079,0.203232,0.076142,0.248478,0.045891,0.171559,0.005609,0.096601,0.035607,0.108982,,4971000,,
9,8,,0.148767,0.067383,0.075697,0.003364,0.166195,0.007163,0.132161,0.0518,0.285742,0.06173,,4886700,,
9,9,,0.019214,0.063689,0.071319,0.084341,0.143362,0.260587,0.002627,0.051966,0.021963,0.280932,,5082500,,
9,1,,0.00822,0.238395,0.101738,0.111644,0.05017,0.117029,0.005093,0.188409,0.032844,0.146457,,4920700,,
9,9,,0.019867,0.049391,0.043542,0.056187,0.04718,0.158976,0.001422,0.051259,0.031132,0.541044,,4857000,,