semeion,LADTree,test,1,NANOSECONDS,PREDICTIONS, Generated by ClassifierExperiments.java on 2022-05-16 13:24:36.    SYSTEMPROPERTIES:{user.name:matth,os.arch:amd64,os.name:Windows 10},ENDSYSTEMPROPERTIES
No parameter info
0.804953560371517,2067454200,1621745900,-1,102500712,10,,-1,-1
0,0,,0.635833,0.022185,0.044537,0.00383,0.116292,0.003228,0.054534,0.01453,0.077997,0.027034,,6930900,,
0,0,,0.649113,0.019139,0.034084,0.001912,0.111875,0.002836,0.049365,0.013122,0.07668,0.041872,,6158300,,
0,0,,0.651368,0.020168,0.035382,0.001645,0.115056,0.00306,0.054198,0.013838,0.077678,0.027606,,5082200,,
0,8,,0.18057,0.047929,0.065233,0.002501,0.165144,0.007211,0.171794,0.027283,0.309437,0.022898,,5041800,,
0,0,,0.651368,0.020168,0.035382,0.001645,0.115056,0.00306,0.054198,0.013838,0.077678,0.027606,,5053500,,
0,0,,0.651368,0.020168,0.035382,0.001645,0.115056,0.00306,0.054198,0.013838,0.077678,0.027606,,4989600,,
0,0,,0.651368,0.020168,0.035382,0.001645,0.115056,0.00306,0.054198,0.013838,0.077678,0.027606,,4923100,,
0,0,,0.548814,0.034013,0.043653,0.019784,0.101042,0.050848,0.052775,0.021477,0.075527,0.052067,,4958300,,
0,0,,0.651368,0.020168,0.035382,0.001645,0.115056,0.00306,0.054198,0.013838,0.077678,0.027606,,4922700,,
0,0,,0.651368,0.020168,0.035382,0.001645,0.115056,0.00306,0.054198,0.013838,0.077678,0.027606,,4939500,,
0,0,,0.651368,0.020168,0.035382,0.001645,0.115056,0.00306,0.054198,0.013838,0.077678,0.027606,,4939900,,
0,0,,0.375282,0.039517,0.03227,0.065793,0.070819,0.108168,0.012022,0.065279,0.090164,0.140687,,5013000,,
0,0,,0.651368,0.020168,0.035382,0.001645,0.115056,0.00306,0.054198,0.013838,0.077678,0.027606,,4965200,,
0,0,,0.651368,0.020168,0.035382,0.001645,0.115056,0.00306,0.054198,0.013838,0.077678,0.027606,,4988800,,
0,0,,0.634071,0.019305,0.034401,0.00249,0.112505,0.009283,0.049365,0.013635,0.076954,0.047991,,4962800,,
0,0,,0.541806,0.024725,0.039825,0.002049,0.163994,0.005511,0.106745,0.020388,0.07051,0.024448,,4909100,,
0,0,,0.603216,0.020102,0.040729,0.003475,0.13273,0.005373,0.056994,0.016094,0.10063,0.020657,,5003300,,
0,0,,0.631368,0.020168,0.035382,0.001645,0.115056,0.00306,0.054198,0.013838,0.097678,0.027606,,4926400,,
0,0,,0.242931,0.075197,0.080291,0.125205,0.040413,0.173863,0.004673,0.090292,0.069598,0.097538,,4915000,,
0,0,,0.651368,0.020168,0.035382,0.001645,0.115056,0.00306,0.054198,0.013838,0.077678,0.027606,,4933400,,
0,0,,0.265484,0.041019,0.113261,0.014463,0.223465,0.013276,0.100589,0.035939,0.154366,0.038138,,4891100,,
0,4,,0.051068,0.042464,0.067866,0.006833,0.390626,0.02974,0.232365,0.05275,0.11719,0.009097,,4917200,,
0,0,,0.651368,0.020168,0.035382,0.001645,0.115056,0.00306,0.054198,0.013838,0.077678,0.027606,,4935400,,
0,0,,0.651368,0.020168,0.035382,0.001645,0.115056,0.00306,0.054198,0.013838,0.077678,0.027606,,4926800,,
0,0,,0.561806,0.024725,0.039825,0.002049,0.144778,0.005511,0.11096,0.020388,0.06551,0.024448,,4916500,,
0,0,,0.649113,0.019139,0.034084,0.001912,0.111875,0.002836,0.049365,0.013122,0.07668,0.041872,,4923300,,
0,0,,0.425977,0.018955,0.041649,0.012121,0.101663,0.022453,0.119436,0.027731,0.130858,0.099157,,4951400,,
0,0,,0.651368,0.020168,0.035382,0.001645,0.115056,0.00306,0.054198,0.013838,0.077678,0.027606,,4930700,,
0,0,,0.651368,0.020168,0.035382,0.001645,0.115056,0.00306,0.054198,0.013838,0.077678,0.027606,,4929800,,
0,0,,0.651368,0.020168,0.035382,0.001645,0.115056,0.00306,0.054198,0.013838,0.077678,0.027606,,4953800,,
0,9,,0.200001,0.042199,0.057994,0.099401,0.077754,0.129103,0.002908,0.052975,0.082302,0.255363,,4953800,,
0,0,,0.551368,0.020168,0.035382,0.001645,0.175056,0.00306,0.054198,0.013838,0.077678,0.067606,,4951000,,
0,0,,0.651368,0.020168,0.035382,0.001645,0.115056,0.00306,0.054198,0.013838,0.077678,0.027606,,4950800,,
1,1,,0.015435,0.362852,0.137724,0.082955,0.034526,0.064971,0.025476,0.133667,0.076644,0.06575,,4927800,,
1,1,,0.007879,0.332557,0.116089,0.117004,0.030514,0.076773,0.007606,0.175735,0.056604,0.07924,,5040600,,
1,1,,0.040306,0.269318,0.103104,0.048354,0.122129,0.037188,0.139515,0.090899,0.112448,0.036739,,5691500,,
1,1,,0.033916,0.324886,0.079195,0.069803,0.087929,0.066737,0.077414,0.128702,0.070343,0.061076,,5006200,,
1,4,,0.053014,0.051099,0.101227,0.011924,0.300747,0.027684,0.216219,0.101647,0.127339,0.0091,,4954500,,
1,1,,0.007439,0.371338,0.09668,0.120689,0.0262,0.094152,0.006159,0.146252,0.036493,0.094599,,4899200,,
1,1,,0.007439,0.351338,0.09668,0.120689,0.0462,0.094152,0.006159,0.146252,0.036493,0.094599,,4937700,,
1,1,,0.064483,0.273243,0.113922,0.029464,0.133509,0.022676,0.126254,0.068057,0.146675,0.021716,,4923600,,
1,1,,0.007589,0.356042,0.122638,0.112881,0.026582,0.0909,0.006379,0.148213,0.036366,0.092409,,4903300,,
1,1,,0.007477,0.375849,0.123083,0.101892,0.02905,0.08175,0.00743,0.144525,0.045754,0.083191,,4922300,,
1,1,,0.013663,0.371244,0.094438,0.102893,0.030718,0.08155,0.006117,0.166771,0.048036,0.084569,,4962300,,
1,1,,0.007589,0.316899,0.122352,0.132596,0.026582,0.0909,0.006379,0.167927,0.036366,0.092409,,4921400,,
1,1,,0.029783,0.223788,0.115364,0.13069,0.02566,0.094429,0.00444,0.214506,0.061718,0.099624,,4925000,,
1,1,,0.040306,0.248725,0.106092,0.048354,0.111128,0.037943,0.143258,0.111357,0.116711,0.036127,,4957600,,
1,1,,0.007756,0.302664,0.112559,0.121469,0.02483,0.115776,0.005102,0.176617,0.03803,0.095197,,4909400,,
1,1,,0.007407,0.355075,0.089268,0.17767,0.025657,0.093635,0.008629,0.117017,0.032511,0.09313,,4913200,,
1,1,,0.008966,0.311574,0.090947,0.138873,0.026455,0.132733,0.006379,0.145545,0.038402,0.100126,,4951500,,
1,1,,0.00752,0.329354,0.088304,0.120987,0.025844,0.135303,0.006159,0.153533,0.037925,0.095068,,4938600,,
1,1,,0.008195,0.229878,0.12693,0.13206,0.025472,0.098214,0.005363,0.212692,0.06056,0.100635,,4905700,,
1,1,,0.007209,0.37386,0.109463,0.112553,0.027139,0.08631,0.006874,0.146202,0.043446,0.086943,,4950300,,
1,1,,0.007407,0.355932,0.088982,0.177385,0.025657,0.093635,0.008629,0.116731,0.032511,0.09313,,4925900,,
1,1,,0.007505,0.279906,0.087449,0.151258,0.064504,0.097975,0.005627,0.14431,0.040104,0.121362,,4924100,,
1,1,,0.014114,0.333215,0.077567,0.08067,0.0728,0.075938,0.074773,0.139215,0.060525,0.071183,,4946400,,
1,1,,0.040228,0.258251,0.091565,0.044088,0.110676,0.036343,0.135129,0.11753,0.129184,0.037006,,4922900,,
1,1,,0.012751,0.247547,0.120076,0.108964,0.040955,0.099885,0.00896,0.15629,0.064683,0.139889,,4913300,,
1,1,,0.007509,0.370781,0.116334,0.098518,0.02968,0.081872,0.009248,0.147199,0.056032,0.082827,,4900600,,
1,6,,0.046669,0.189561,0.093794,0.020593,0.146989,0.026632,0.215376,0.083163,0.157742,0.019482,,4938500,,
1,0,,0.246883,0.196125,0.078449,0.025986,0.144867,0.022285,0.070261,0.048241,0.126861,0.040043,,4919100,,
1,1,,0.007439,0.371338,0.09668,0.120689,0.0262,0.094152,0.006159,0.146252,0.036493,0.094599,,4932000,,
1,1,,0.00828,0.218484,0.125227,0.14035,0.024075,0.12194,0.004087,0.173814,0.060791,0.122954,,4996200,,
1,1,,0.007407,0.355932,0.088982,0.177385,0.025657,0.093635,0.008629,0.116731,0.032511,0.09313,,4919100,,
1,1,,0.007671,0.374059,0.094262,0.113179,0.026227,0.092051,0.006379,0.155495,0.037799,0.092878,,4971900,,
1,1,,0.007788,0.371343,0.101924,0.110326,0.027755,0.090743,0.006715,0.151857,0.040234,0.091316,,4960300,,
2,3,,0.015843,0.147653,0.14676,0.164837,0.053706,0.110178,0.031299,0.11512,0.085577,0.129026,,4954700,,
2,0,,0.145391,0.131505,0.114433,0.140477,0.116319,0.074298,0.001021,0.139652,0.037522,0.099381,,4966900,,
2,2,,0.008535,0.135974,0.285039,0.112885,0.025207,0.082493,0.007104,0.179051,0.079862,0.08385,,4976400,,
2,2,,0.010294,0.125718,0.248481,0.135618,0.025953,0.122101,0.00422,0.154591,0.048363,0.124661,,4953600,,
2,9,,0.043966,0.100993,0.121543,0.059612,0.117779,0.1463,0.064981,0.092707,0.052324,0.199796,,4962800,,
2,3,,0.015977,0.160703,0.130663,0.182295,0.031832,0.142246,0.004361,0.121005,0.039202,0.171717,,5728000,,
2,2,,0.05054,0.039425,0.267127,0.021555,0.146939,0.020382,0.261655,0.046837,0.13722,0.00832,,4969400,,
2,6,,0.054994,0.042938,0.233558,0.009226,0.150258,0.016527,0.26556,0.043371,0.177539,0.00603,,4930200,,
2,2,,0.017447,0.130792,0.302269,0.091232,0.032475,0.069078,0.026614,0.125263,0.132744,0.072085,,4902800,,
2,3,,0.057692,0.137182,0.137439,0.182775,0.050115,0.092673,0.002348,0.151531,0.058082,0.130164,,4921400,,
2,1,,0.010337,0.183568,0.182829,0.140261,0.045682,0.126359,0.004087,0.133186,0.045371,0.128321,,4931300,,
2,8,,0.124887,0.070259,0.155222,0.019643,0.117449,0.021641,0.145082,0.068498,0.247485,0.029834,,4897200,,
2,2,,0.07363,0.043056,0.235432,0.009103,0.150005,0.016403,0.235013,0.042877,0.188575,0.005907,,4920300,,
2,2,,0.008349,0.158505,0.256228,0.132244,0.024813,0.097536,0.004306,0.183493,0.035898,0.098628,,4932100,,
2,2,,0.008264,0.167019,0.23524,0.144876,0.025451,0.095547,0.004838,0.185441,0.036261,0.097063,,4885300,,
2,2,,0.015701,0.127713,0.222727,0.199151,0.029931,0.070516,0.029357,0.084424,0.110367,0.110111,,4899600,,
2,2,,0.027016,0.063018,0.288573,0.059171,0.046981,0.205878,0.02482,0.059356,0.076768,0.148419,,4903000,,
2,1,,0.008199,0.200467,0.153603,0.140052,0.02443,0.140789,0.004087,0.186532,0.039358,0.102485,,4925400,,
2,2,,0.043449,0.053956,0.351577,0.034351,0.101464,0.025271,0.158662,0.052791,0.158039,0.020442,,4937200,,
2,2,,0.072012,0.131198,0.210494,0.09776,0.050902,0.066135,0.019382,0.129857,0.142011,0.080249,,4941000,,
2,5,,0.019329,0.149804,0.155526,0.067431,0.089158,0.1955,0.009172,0.089535,0.063938,0.160606,,4988500,,
2,2,,0.008375,0.173446,0.268755,0.11987,0.027004,0.118492,0.004776,0.137877,0.042712,0.098695,,4900500,,
2,2,,0.065836,0.056769,0.356151,0.033862,0.078318,0.023481,0.125188,0.047735,0.189338,0.02332,,4900900,,
2,2,,0.008244,0.156893,0.194984,0.129048,0.025126,0.095103,0.004888,0.18932,0.041292,0.155102,,4927900,,
2,2,,0.016595,0.124942,0.348273,0.114495,0.030726,0.067774,0.026572,0.109305,0.09094,0.070379,,4908500,,
2,6,,0.057975,0.038207,0.212121,0.005584,0.181384,0.015679,0.269176,0.043328,0.170328,0.006217,,4969600,,
2,2,,0.01678,0.117715,0.363066,0.091737,0.029854,0.077338,0.025424,0.112625,0.087515,0.077945,,4961500,,
2,2,,0.007547,0.17905,0.288003,0.107953,0.026854,0.086642,0.006512,0.169332,0.039358,0.088749,,4914400,,
2,2,,0.047473,0.051577,0.302041,0.054626,0.121594,0.03937,0.16697,0.054437,0.132383,0.029529,,4967000,,
2,2,,0.016795,0.118925,0.303673,0.137873,0.033069,0.070254,0.029403,0.13745,0.080871,0.071686,,4947500,,
2,2,,0.065509,0.054083,0.330313,0.034162,0.106755,0.024703,0.135748,0.050666,0.176109,0.021953,,4926000,,
2,2,,0.009018,0.150376,0.299932,0.126477,0.024839,0.093695,0.007104,0.130958,0.061736,0.095866,,4920700,,
3,3,,0.010973,0.091704,0.074864,0.428076,0.020609,0.122605,0.005181,0.087801,0.03336,0.124828,,4937600,,
3,3,,0.008974,0.08974,0.072463,0.424723,0.021208,0.12679,0.009909,0.083724,0.038256,0.124213,,4908000,,
3,3,,0.008569,0.096072,0.073612,0.456439,0.019674,0.109655,0.005331,0.088862,0.032348,0.109439,,4925600,,
3,3,,0.008269,0.10773,0.074235,0.388437,0.020406,0.103662,0.005537,0.095817,0.05201,0.143896,,5009000,,
3,3,,0.008397,0.129101,0.129555,0.217496,0.025603,0.100632,0.004423,0.205176,0.059892,0.119725,,4943800,,
3,3,,0.008569,0.096072,0.073612,0.456439,0.019674,0.109655,0.005331,0.088862,0.032348,0.109439,,4938700,,
3,7,,0.00828,0.131817,0.101894,0.14035,0.024075,0.10194,0.004087,0.328814,0.037457,0.121288,,4958200,,
3,3,,0.008302,0.094472,0.073345,0.466975,0.019674,0.106097,0.005331,0.088862,0.031281,0.10566,,4942100,,
3,3,,0.008569,0.096072,0.073612,0.424204,0.019674,0.136321,0.005331,0.094869,0.032348,0.108999,,4935800,,
3,7,,0.008333,0.130713,0.116724,0.211344,0.023392,0.121821,0.004236,0.244917,0.037019,0.101502,,4954800,,
3,3,,0.008302,0.094472,0.073345,0.466975,0.019674,0.106097,0.005331,0.088862,0.031281,0.10566,,5713700,,
3,3,,0.025244,0.054949,0.126343,0.290975,0.044103,0.179645,0.027609,0.051773,0.064237,0.135123,,4957700,,
3,3,,0.008302,0.094472,0.073345,0.466975,0.019674,0.106097,0.005331,0.088862,0.031281,0.10566,,4984100,,
3,3,,0.008302,0.094472,0.073345,0.466975,0.019674,0.106097,0.005331,0.088862,0.031281,0.10566,,4932400,,
3,3,,0.011819,0.092708,0.079471,0.422391,0.020153,0.126941,0.006071,0.091978,0.048945,0.099523,,4965700,,
3,3,,0.008302,0.094472,0.073345,0.446975,0.019674,0.106097,0.005331,0.088862,0.031281,0.12566,,4955600,,
3,3,,0.008302,0.094472,0.073345,0.466975,0.019674,0.106097,0.005331,0.088862,0.031281,0.10566,,4940600,,
3,3,,0.008416,0.108379,0.082865,0.382189,0.020314,0.145538,0.004731,0.112429,0.033383,0.101757,,4931500,,
3,3,,0.008577,0.092775,0.074126,0.462567,0.023673,0.102867,0.008347,0.09294,0.032526,0.1016,,4940700,,
3,3,,0.009345,0.090859,0.079713,0.455581,0.021949,0.1049,0.01065,0.084226,0.039477,0.1033,,4964300,,
3,3,,0.008569,0.096072,0.073612,0.417538,0.019674,0.109655,0.005331,0.088203,0.032348,0.148999,,4945900,,
3,3,,0.017197,0.090002,0.056989,0.297705,0.035214,0.187449,0.004332,0.070075,0.027658,0.213379,,4955800,,
3,5,,0.018983,0.070433,0.0726,0.224663,0.041034,0.27925,0.004762,0.092041,0.024296,0.17194,,6770600,,
3,3,,0.008249,0.095577,0.078515,0.435981,0.020357,0.106216,0.005181,0.092759,0.031719,0.125446,,6783700,,
3,3,,0.008569,0.096072,0.073612,0.416439,0.019674,0.129655,0.005331,0.088862,0.052348,0.109439,,5004600,,
3,3,,0.008354,0.099215,0.075224,0.435805,0.019768,0.10565,0.005005,0.09387,0.031648,0.125461,,4925100,,
3,3,,0.008302,0.094472,0.073345,0.466975,0.019674,0.106097,0.005331,0.088862,0.031281,0.10566,,4958700,,
3,3,,0.008302,0.094472,0.073345,0.466975,0.019674,0.106097,0.005331,0.088862,0.031281,0.10566,,4958800,,
3,3,,0.008302,0.094472,0.073345,0.468074,0.019674,0.106097,0.005331,0.088203,0.031281,0.105221,,4951800,,
3,3,,0.008301,0.10032,0.080393,0.42481,0.020451,0.10577,0.004856,0.117767,0.032085,0.105247,,4939100,,
3,3,,0.008302,0.094472,0.073345,0.466975,0.019674,0.106097,0.005331,0.088862,0.031281,0.10566,,4910000,,
3,3,,0.010888,0.120218,0.093876,0.340708,0.021248,0.120616,0.005713,0.089748,0.053722,0.143262,,4908900,,
4,5,,0.056515,0.084811,0.085492,0.090361,0.101658,0.195566,0.078414,0.119387,0.060122,0.127674,,4901700,,
4,4,,0.056351,0.04306,0.070678,0.005429,0.321685,0.016522,0.303914,0.048423,0.126826,0.007112,,4880700,,
4,4,,0.02325,0.071799,0.072709,0.050779,0.242612,0.169613,0.069427,0.126611,0.042062,0.131137,,4930200,,
4,5,,0.033945,0.063927,0.052529,0.05038,0.181669,0.216933,0.061768,0.121315,0.04714,0.170393,,4908900,,
4,4,,0.05673,0.047096,0.091937,0.005214,0.293692,0.01538,0.247124,0.048562,0.165796,0.028467,,4892300,,
4,9,,0.091319,0.079899,0.069046,0.090633,0.06634,0.207304,0.001333,0.075038,0.032649,0.286439,,4915100,,
4,4,,0.299426,0.032753,0.041437,0.010015,0.382495,0.015976,0.105173,0.032731,0.06123,0.018763,,4913300,,
4,4,,0.121814,0.042448,0.091044,0.015725,0.228201,0.030201,0.137621,0.070025,0.173989,0.088932,,4931600,,
4,4,,0.056351,0.043653,0.06769,0.005429,0.392686,0.015767,0.240171,0.047965,0.122563,0.007724,,4947800,,
4,4,,0.053806,0.087843,0.079915,0.006953,0.346054,0.017118,0.2234,0.048779,0.128762,0.007369,,4953000,,
4,4,,0.025893,0.074109,0.055025,0.057773,0.246546,0.172888,0.069915,0.128915,0.039951,0.128985,,4943700,,
4,5,,0.109471,0.054042,0.056691,0.067924,0.200008,0.241962,0.003046,0.064292,0.030031,0.172531,,4955400,,
4,9,,0.020175,0.101587,0.055805,0.073267,0.063529,0.249025,0.00428,0.097569,0.032155,0.302609,,4945900,,
4,5,,0.020498,0.080979,0.056934,0.093304,0.145018,0.263218,0.00428,0.117123,0.030616,0.188031,,4956900,,
4,4,,0.056351,0.043653,0.06769,0.005429,0.392686,0.015767,0.240171,0.047965,0.122563,0.007724,,6578500,,
4,4,,0.04612,0.058544,0.06621,0.042742,0.347155,0.025062,0.207269,0.061424,0.128221,0.017254,,6235500,,
4,4,,0.053132,0.048383,0.088888,0.009071,0.382275,0.016377,0.216555,0.048009,0.129774,0.007537,,4905600,,
4,4,,0.050699,0.081209,0.1018,0.041851,0.267483,0.054432,0.176201,0.055221,0.1456,0.025504,,4961400,,
4,4,,0.056351,0.043653,0.06769,0.005429,0.392686,0.015767,0.240171,0.047965,0.122563,0.007724,,4933100,,
4,4,,0.042423,0.153116,0.155185,0.029653,0.188218,0.023244,0.169168,0.090182,0.128605,0.020206,,4921000,,
4,4,,0.056351,0.043653,0.08769,0.005429,0.372686,0.015767,0.240171,0.047965,0.122563,0.007724,,4938700,,
4,4,,0.056351,0.043653,0.06769,0.005429,0.392686,0.015767,0.240171,0.047965,0.122563,0.007724,,4964800,,
4,4,,0.046273,0.054937,0.0648,0.015367,0.343257,0.035509,0.20553,0.079419,0.107044,0.047864,,4933500,,
4,4,,0.056351,0.043653,0.06769,0.005429,0.392686,0.015767,0.240171,0.047965,0.122563,0.007724,,4907600,,
4,0,,0.264743,0.2057,0.112936,0.028332,0.119794,0.019455,0.060153,0.052131,0.111529,0.025227,,4976300,,
4,5,,0.020772,0.079282,0.097715,0.068897,0.129017,0.259989,0.007296,0.101201,0.031862,0.203971,,4939000,,
4,4,,0.046258,0.077763,0.07084,0.020652,0.301724,0.028768,0.238318,0.061791,0.134676,0.01921,,4896400,,
4,5,,0.020498,0.080979,0.056934,0.073304,0.145018,0.303218,0.00428,0.097123,0.030616,0.188031,,4970600,,
4,4,,0.056351,0.043653,0.06769,0.005429,0.392686,0.015767,0.240171,0.047965,0.122563,0.007724,,4966700,,
4,5,,0.020498,0.100979,0.056934,0.073304,0.125018,0.263218,0.00428,0.137123,0.030616,0.188031,,4927300,,
4,4,,0.056351,0.043653,0.06769,0.005429,0.392686,0.015767,0.240171,0.047965,0.122563,0.007724,,4947200,,
4,4,,0.040835,0.073849,0.066047,0.01723,0.320728,0.048264,0.197724,0.084967,0.103304,0.047051,,4910400,,
4,6,,0.046684,0.126142,0.070742,0.015308,0.15752,0.054129,0.20633,0.12125,0.154372,0.047523,,4916400,,
5,5,,0.024578,0.051949,0.048287,0.09902,0.090619,0.338718,0.078723,0.066888,0.066557,0.134661,,4920200,,
5,5,,0.019583,0.083747,0.056474,0.080895,0.045165,0.398642,0.00428,0.078244,0.050525,0.182444,,4900600,,
5,5,,0.022479,0.05395,0.072316,0.094006,0.043097,0.420872,0.00408,0.056566,0.030061,0.202572,,4912200,,
5,5,,0.022479,0.05395,0.052316,0.094006,0.063097,0.420872,0.00408,0.056566,0.030061,0.202572,,4910700,,
5,5,,0.018196,0.073879,0.069376,0.094766,0.042435,0.410435,0.003933,0.08306,0.032995,0.170925,,4911100,,
5,5,,0.00933,0.178344,0.086511,0.115567,0.030161,0.28507,0.011647,0.146025,0.038197,0.099148,,4921500,,
5,5,,0.007521,0.126073,0.069608,0.230593,0.04105,0.246244,0.012559,0.102088,0.035634,0.12863,,4950500,,
5,5,,0.021397,0.06487,0.05931,0.077015,0.044788,0.43003,0.003933,0.069893,0.030794,0.197971,,4953200,,
5,5,,0.017456,0.079079,0.072167,0.10916,0.040668,0.391611,0.003933,0.089504,0.030882,0.165541,,4903300,,
5,1,,0.00752,0.216878,0.088018,0.120702,0.045844,0.18197,0.006159,0.176581,0.057925,0.098402,,4945900,,
5,5,,0.022479,0.05395,0.072316,0.094006,0.043097,0.420872,0.00408,0.056566,0.030061,0.202572,,4946500,,
5,3,,0.009294,0.092213,0.125976,0.288538,0.043117,0.151094,0.010175,0.089748,0.041669,0.148176,,4934500,,
5,5,,0.007605,0.161697,0.089006,0.130005,0.025206,0.28826,0.005627,0.151945,0.039498,0.10115,,4951100,,
5,5,,0.020075,0.058318,0.051064,0.122369,0.042162,0.427922,0.00423,0.057627,0.029049,0.187184,,4993000,,
5,5,,0.023097,0.06275,0.058419,0.086391,0.053203,0.409337,0.027719,0.05804,0.041617,0.179428,,4967500,,
5,5,,0.028642,0.119203,0.092832,0.124159,0.03271,0.264291,0.023226,0.151824,0.069484,0.09363,,4952500,,
5,9,,0.062842,0.081279,0.074728,0.074987,0.042524,0.215948,0.003664,0.076954,0.03398,0.333095,,4974100,,
5,5,,0.010419,0.118251,0.094454,0.113892,0.025634,0.326894,0.004087,0.133801,0.043471,0.129098,,4964600,,
5,3,,0.008452,0.095689,0.087196,0.23871,0.022911,0.218624,0.028301,0.084783,0.04003,0.175304,,5834100,,
5,5,,0.020498,0.100979,0.056934,0.073304,0.065018,0.263218,0.00428,0.197123,0.030616,0.188031,,4967000,,
5,7,,0.009676,0.136933,0.123754,0.14314,0.065005,0.12194,0.004087,0.191139,0.038853,0.165474,,4994000,,
5,5,,0.00933,0.114205,0.068101,0.225459,0.025367,0.306011,0.008047,0.094866,0.035905,0.11271,,4945400,,
5,5,,0.024641,0.053643,0.051239,0.093237,0.051359,0.408032,0.003465,0.055951,0.030293,0.22814,,4958000,,
5,5,,0.023283,0.071935,0.073533,0.050216,0.098348,0.303466,0.105654,0.085327,0.06422,0.124018,,4932300,,
5,5,,0.033766,0.052246,0.099124,0.104152,0.049046,0.313227,0.044396,0.056723,0.094388,0.152934,,4926000,,
5,5,,0.007605,0.161697,0.089006,0.130005,0.025206,0.26826,0.005627,0.151945,0.059498,0.10115,,4929900,,
5,5,,0.022479,0.05395,0.052316,0.094006,0.06279,0.401487,0.00408,0.056566,0.030061,0.222265,,4971100,,
5,5,,0.021441,0.096373,0.055753,0.100639,0.04909,0.306887,0.004768,0.074405,0.049409,0.241235,,4888300,,
5,5,,0.020498,0.080979,0.056934,0.073304,0.045325,0.422603,0.00428,0.077123,0.030616,0.188339,,4908800,,
5,5,,0.022479,0.05395,0.052316,0.094006,0.043097,0.440872,0.00408,0.056566,0.030061,0.202572,,5020300,,
5,5,,0.013747,0.124541,0.093337,0.082431,0.075148,0.220624,0.07922,0.189997,0.052316,0.068639,,4914600,,
5,5,,0.023438,0.062685,0.049218,0.090038,0.06756,0.40169,0.004915,0.059957,0.028766,0.211732,,4916700,,
6,6,,0.057975,0.038207,0.092121,0.005584,0.181384,0.035679,0.369176,0.043328,0.170328,0.006217,,4964100,,
6,0,,0.284939,0.031594,0.068494,0.004717,0.201291,0.012269,0.272036,0.031319,0.086466,0.006876,,4922000,,
6,6,,0.057975,0.038207,0.072121,0.005584,0.222168,0.015679,0.388391,0.043328,0.150328,0.006217,,4875900,,
6,6,,0.050266,0.046821,0.085623,0.010646,0.148581,0.02048,0.441653,0.050323,0.138058,0.007549,,4974200,,
6,6,,0.057975,0.038207,0.072121,0.005584,0.162168,0.015679,0.468391,0.043328,0.130328,0.006217,,4926400,,
6,6,,0.056371,0.040348,0.093295,0.005461,0.183154,0.01631,0.400611,0.064721,0.133636,0.006094,,4892100,,
6,6,,0.04475,0.106829,0.130116,0.029362,0.106663,0.065151,0.272585,0.066937,0.157786,0.01982,,4902700,,
6,6,,0.056371,0.040348,0.073295,0.005461,0.163154,0.03631,0.420611,0.044721,0.153636,0.006094,,4928000,,
6,6,,0.058094,0.036731,0.092789,0.007204,0.15768,0.017176,0.445788,0.041717,0.135879,0.00694,,4884300,,
6,6,,0.057975,0.038207,0.072121,0.005584,0.162168,0.015679,0.468391,0.043328,0.130328,0.006217,,4885500,,
6,6,,0.058094,0.036731,0.072789,0.007204,0.15768,0.017176,0.465788,0.041717,0.135879,0.00694,,4983800,,
6,6,,0.057975,0.038207,0.072121,0.005584,0.162168,0.015679,0.468391,0.043328,0.130328,0.006217,,4931000,,
6,6,,0.057885,0.039382,0.070925,0.005636,0.17184,0.015436,0.459346,0.045561,0.127204,0.006784,,4917200,,
6,6,,0.057975,0.038207,0.072121,0.005584,0.162168,0.015679,0.468391,0.043328,0.130328,0.006217,,4929000,,
6,6,,0.057975,0.038207,0.072121,0.005584,0.182168,0.015679,0.428391,0.043328,0.150328,0.006217,,4910800,,
6,6,,0.05754,0.058748,0.081332,0.007702,0.157674,0.015176,0.441546,0.042557,0.13134,0.006385,,4915800,,
6,6,,0.056371,0.040941,0.070307,0.005461,0.17494,0.015556,0.396083,0.104262,0.129373,0.006706,,4938500,,
6,6,,0.057422,0.041464,0.073671,0.010555,0.156146,0.016484,0.46121,0.046195,0.128905,0.007947,,4932800,,
6,6,,0.057975,0.038207,0.072121,0.005584,0.162168,0.015679,0.468391,0.043328,0.130328,0.006217,,4931500,,
6,6,,0.05673,0.036848,0.074664,0.007081,0.157427,0.017053,0.415241,0.041223,0.186916,0.006816,,4929700,,
6,6,,0.044918,0.074899,0.146695,0.029884,0.163961,0.045505,0.274355,0.055566,0.145478,0.018739,,4954400,,
6,1,,0.016002,0.245091,0.161058,0.10401,0.055195,0.067504,0.070128,0.132251,0.084023,0.064739,,4963600,,
6,6,,0.056354,0.041036,0.07114,0.005429,0.180376,0.055529,0.281931,0.106537,0.194555,0.007112,,4945000,,
6,1,,0.018547,0.2009,0.168833,0.122486,0.061827,0.086154,0.066899,0.131437,0.077824,0.065094,,10170600,,
6,6,,0.056371,0.040348,0.073295,0.005461,0.183154,0.01631,0.440611,0.044721,0.133636,0.006094,,7895100,,
6,6,,0.049711,0.068838,0.094166,0.011144,0.148575,0.018479,0.417411,0.051163,0.133519,0.006994,,4945500,,
6,6,,0.057975,0.038207,0.092121,0.005584,0.162168,0.015679,0.448391,0.043328,0.130328,0.006217,,4897900,,
6,6,,0.077975,0.038207,0.092121,0.005584,0.161384,0.015679,0.349176,0.043328,0.210328,0.006217,,4898200,,
6,6,,0.057975,0.038207,0.072121,0.005584,0.162168,0.015679,0.468391,0.043328,0.130328,0.006217,,4873700,,
6,6,,0.057975,0.038207,0.072121,0.005584,0.162168,0.015679,0.468391,0.043328,0.130328,0.006217,,4903800,,
6,6,,0.057975,0.038207,0.072121,0.005584,0.162168,0.015679,0.468391,0.043328,0.130328,0.006217,,4936300,,
6,6,,0.057975,0.038207,0.072121,0.005584,0.162168,0.015679,0.468391,0.043328,0.130328,0.006217,,4890500,,
6,6,,0.058094,0.036731,0.072789,0.007204,0.15768,0.017176,0.465788,0.041717,0.135879,0.00694,,4880700,,
7,1,,0.033455,0.188098,0.097084,0.076549,0.104694,0.100717,0.070175,0.164282,0.050959,0.113987,,4909500,,
7,7,,0.007605,0.181697,0.109006,0.128069,0.045206,0.097292,0.005627,0.2713,0.057563,0.096633,,4915600,,
7,7,,0.00828,0.131817,0.101894,0.14035,0.024075,0.10194,0.004087,0.328814,0.037457,0.121288,,4855100,,
7,7,,0.138653,0.148466,0.106226,0.082823,0.086082,0.068977,0.001147,0.234175,0.040698,0.092751,,4964300,,
7,6,,0.046981,0.060054,0.089782,0.025798,0.204319,0.028459,0.230657,0.145499,0.126821,0.041631,,4917000,,
7,7,,0.029826,0.161638,0.109713,0.135332,0.025388,0.118687,0.004306,0.253101,0.038726,0.123283,,4949900,,
7,7,,0.008431,0.136521,0.107852,0.132542,0.024458,0.098687,0.004306,0.350775,0.037331,0.099097,,4934400,,
7,7,,0.013504,0.193449,0.097583,0.081141,0.104303,0.074195,0.070175,0.24738,0.049571,0.068697,,4934300,,
7,4,,0.040505,0.138364,0.112106,0.039368,0.171522,0.032445,0.165508,0.137947,0.130141,0.032094,,4918400,,
7,1,,0.00752,0.269354,0.088304,0.120987,0.065844,0.095303,0.006159,0.213533,0.037925,0.095068,,4922500,,
7,7,,0.008555,0.13012,0.102675,0.135942,0.028074,0.09871,0.007103,0.352892,0.038703,0.097228,,4905800,,
7,7,,0.015914,0.141888,0.202985,0.124788,0.030804,0.081011,0.023341,0.229009,0.07145,0.07881,,4897500,,
7,7,,0.008555,0.13012,0.102675,0.135942,0.028074,0.100139,0.007103,0.351463,0.038703,0.097228,,4906500,,
7,7,,0.00828,0.131817,0.101894,0.14035,0.024075,0.10194,0.004087,0.348814,0.037457,0.101288,,4889100,,
7,7,,0.00752,0.170211,0.088018,0.120702,0.025844,0.095303,0.006159,0.333248,0.037925,0.115068,,4891600,,
7,7,,0.008388,0.172672,0.117503,0.127899,0.044729,0.114429,0.00444,0.27418,0.040322,0.095437,,4924600,,
7,7,,0.007946,0.193219,0.094758,0.128486,0.030226,0.088821,0.009395,0.319287,0.039045,0.088818,,4888200,,
7,7,,0.007946,0.193219,0.094758,0.108486,0.050226,0.088821,0.009395,0.319287,0.039045,0.088818,,4895900,,
7,7,,0.014108,0.124025,0.080704,0.081008,0.07564,0.077336,0.082329,0.341284,0.052978,0.070588,,4933000,,
7,7,,0.007671,0.174916,0.093977,0.112894,0.026227,0.092051,0.006379,0.355209,0.037799,0.092878,,4917000,,
7,1,,0.014057,0.229336,0.07632,0.076456,0.090325,0.073391,0.077356,0.204798,0.050995,0.106967,,4928500,,
7,7,,0.0295,0.183481,0.136895,0.089412,0.039807,0.090596,0.039069,0.227737,0.091151,0.072353,,4940900,,
7,7,,0.054532,0.11039,0.071132,0.089717,0.161513,0.074922,0.095071,0.207878,0.067355,0.067491,,4908500,,
7,7,,0.033574,0.108952,0.066986,0.114601,0.116221,0.070643,0.091269,0.272541,0.064015,0.061199,,4934900,,
7,7,,0.008431,0.136521,0.127852,0.132542,0.024458,0.098687,0.004306,0.310775,0.037331,0.119097,,4956200,,
7,6,,0.042509,0.079986,0.071696,0.022777,0.148628,0.029634,0.26717,0.18672,0.131034,0.019846,,4917200,,
7,7,,0.008195,0.143212,0.103597,0.15206,0.025472,0.099643,0.005363,0.286263,0.037227,0.138969,,5756600,,
7,7,,0.007671,0.174916,0.093977,0.112894,0.026227,0.092051,0.006379,0.355209,0.037799,0.092878,,4990500,,
7,7,,0.017496,0.139008,0.104971,0.131391,0.029025,0.082827,0.004181,0.302366,0.063912,0.124823,,4885300,,
7,7,,0.014389,0.172375,0.078063,0.075976,0.096799,0.072709,0.077789,0.243008,0.06177,0.107123,,4880900,,
7,7,,0.008484,0.135417,0.102682,0.163536,0.023774,0.098568,0.004456,0.326878,0.036893,0.099312,,4946000,,
7,7,,0.007671,0.174916,0.093977,0.112894,0.026227,0.092051,0.006379,0.355209,0.037799,0.092878,,4893300,,
8,8,,0.135957,0.031196,0.077924,0.004304,0.101004,0.00869,0.170063,0.030752,0.421973,0.018137,,4865700,,
8,8,,0.068059,0.051969,0.150329,0.033462,0.077918,0.023081,0.145054,0.044535,0.378227,0.027365,,4920600,,
8,8,,0.016659,0.122555,0.166696,0.100036,0.030868,0.07096,0.031005,0.117541,0.255451,0.088229,,4949300,,
8,0,,0.357766,0.026777,0.11617,0.003515,0.108753,0.005658,0.108523,0.017656,0.233476,0.021705,,4875300,,
8,9,,0.022042,0.064709,0.078181,0.076209,0.043835,0.216452,0.003933,0.089893,0.091116,0.313631,,4860500,,
8,8,,0.056991,0.062362,0.075255,0.005246,0.153137,0.014414,0.241839,0.042973,0.340336,0.007448,,4945500,,
8,8,,0.054185,0.066419,0.107021,0.008462,0.168181,0.038233,0.232625,0.044653,0.273037,0.007184,,4878600,,
8,0,,0.319413,0.027326,0.06285,0.005364,0.151043,0.008773,0.088919,0.020875,0.301271,0.014167,,4884000,,
8,8,,0.102487,0.087116,0.103689,0.056165,0.055706,0.054965,0.08035,0.109415,0.27126,0.078846,,4973700,,
8,3,,0.015988,0.155351,0.137514,0.183083,0.031179,0.099654,0.032174,0.088907,0.139146,0.117005,,4926000,,
8,8,,0.066537,0.04394,0.122026,0.023565,0.091983,0.085879,0.143494,0.039098,0.337919,0.045559,,4888600,,
8,8,,0.07456,0.065301,0.121282,0.030265,0.109979,0.039318,0.14479,0.092248,0.285768,0.036488,,4892300,,
8,8,,0.120421,0.033213,0.147079,0.006489,0.122241,0.008858,0.170399,0.031444,0.342291,0.017564,,4884900,,
8,1,,0.007756,0.240402,0.098965,0.120261,0.025589,0.094039,0.005847,0.155262,0.137437,0.114443,,4880200,,
8,2,,0.043218,0.077489,0.246893,0.044622,0.109076,0.025455,0.145089,0.048988,0.237001,0.022168,,4922300,,
8,8,,0.052201,0.058071,0.13078,0.028603,0.100821,0.026589,0.163559,0.041578,0.380008,0.017791,,4905900,,
8,7,,0.007879,0.187414,0.179803,0.096718,0.030514,0.076773,0.007606,0.21745,0.076604,0.11924,,4904000,,
8,0,,0.306333,0.04842,0.063907,0.003996,0.245348,0.010104,0.114243,0.087794,0.087441,0.032414,,4903300,,
8,8,,0.017004,0.103476,0.129355,0.195935,0.035232,0.083063,0.034701,0.088399,0.233747,0.079089,,4918800,,
8,8,,0.0519,0.038874,0.117313,0.018657,0.148852,0.022261,0.234688,0.046919,0.305124,0.015411,,5090800,,
8,8,,0.056991,0.062362,0.115255,0.005246,0.153137,0.014414,0.256839,0.042973,0.265336,0.027448,,5142300,,
8,7,,0.008636,0.159549,0.116952,0.156155,0.026887,0.086873,0.004753,0.161158,0.129641,0.149397,,5115700,,
8,6,,0.057959,0.044276,0.110099,0.00541,0.216775,0.014727,0.303867,0.047759,0.191169,0.007958,,5033000,,
8,8,,0.114969,0.034537,0.108171,0.027445,0.140786,0.017794,0.180725,0.037096,0.302095,0.036382,,5040300,,
8,6,,0.056762,0.042857,0.093632,0.00537,0.186949,0.014387,0.280971,0.085796,0.225891,0.007384,,5114800,,
8,8,,0.117876,0.037403,0.199304,0.008013,0.095609,0.010209,0.153628,0.032258,0.32849,0.017209,,5104200,,
8,3,,0.016782,0.090882,0.237873,0.251869,0.033056,0.077254,0.030539,0.073641,0.108989,0.079116,,5030100,,
8,8,,0.10642,0.120951,0.156211,0.078804,0.055728,0.065569,0.027814,0.117066,0.1718,0.099638,,4934200,,
8,9,,0.034051,0.05234,0.136648,0.103292,0.064403,0.180531,0.023771,0.048886,0.170865,0.185213,,4956400,,
8,9,,0.048811,0.055463,0.072768,0.084572,0.041731,0.19131,0.00533,0.103899,0.131547,0.264568,,4970000,,
8,7,,0.010541,0.146501,0.116761,0.157107,0.026887,0.088778,0.004753,0.182015,0.135356,0.131301,,4986700,,
9,9,,0.007572,0.130816,0.071486,0.199422,0.041144,0.150798,0.007234,0.107097,0.076,0.208431,,6134800,,
9,9,,0.024709,0.064401,0.057104,0.075706,0.04283,0.203375,0.003317,0.069278,0.032942,0.426338,,7230800,,
9,9,,0.024709,0.064401,0.057104,0.075706,0.04283,0.203375,0.003317,0.069278,0.032942,0.426338,,7192800,,
9,5,,0.022479,0.05395,0.072316,0.134006,0.08279,0.321487,0.00408,0.076566,0.030061,0.202265,,5523200,,
9,9,,0.113738,0.048907,0.047536,0.057944,0.11428,0.14952,0.00262,0.086025,0.030079,0.349351,,4843100,,
9,9,,0.045791,0.053481,0.05011,0.092697,0.041139,0.214217,0.003465,0.055951,0.032209,0.41094,,4846700,,
9,9,,0.019012,0.064126,0.072726,0.13479,0.038906,0.263936,0.00423,0.083873,0.046538,0.271862,,4840400,,
9,9,,0.007717,0.136277,0.067657,0.237305,0.04197,0.114676,0.00698,0.104407,0.036132,0.246879,,4850400,,
9,3,,0.008686,0.133356,0.081273,0.373585,0.021202,0.108347,0.005667,0.085224,0.034782,0.147877,,4853400,,
9,9,,0.025791,0.053481,0.05011,0.092697,0.061139,0.214217,0.003465,0.055951,0.032209,0.41094,,4872900,,
9,9,,0.023716,0.071673,0.073518,0.071251,0.047518,0.194924,0.003664,0.071205,0.033187,0.409344,,4836500,,
9,9,,0.021987,0.090307,0.063307,0.085105,0.039034,0.192421,0.003317,0.077061,0.036936,0.390525,,4870600,,
9,9,,0.022955,0.069538,0.063307,0.084336,0.039878,0.192421,0.003317,0.076614,0.05572,0.391914,,4845100,,
9,9,,0.159577,0.052731,0.048517,0.081068,0.092162,0.148144,0.000715,0.083659,0.035741,0.297685,,4855100,,
9,9,,0.024709,0.064401,0.057104,0.075706,0.04283,0.203375,0.003317,0.089278,0.032942,0.406338,,4884300,,
9,9,,0.020595,0.068581,0.062044,0.08533,0.044434,0.207811,0.003933,0.075723,0.030539,0.401009,,4913600,,
9,9,,0.025286,0.053481,0.05011,0.09243,0.048714,0.215838,0.003465,0.075951,0.050616,0.384108,,4876700,,
9,9,,0.02189,0.104995,0.057788,0.073323,0.044904,0.182543,0.003801,0.141591,0.035867,0.333299,,4845700,,
9,9,,0.025791,0.053481,0.05011,0.092697,0.041139,0.254217,0.003465,0.055951,0.035066,0.388083,,4863200,,
9,9,,0.024709,0.064401,0.057104,0.075706,0.04283,0.203375,0.003317,0.069278,0.032942,0.426338,,4896800,,
9,9,,0.153754,0.048755,0.046336,0.054655,0.080857,0.14827,0.000841,0.056087,0.030996,0.379447,,4882700,,
9,9,,0.132011,0.063861,0.058399,0.200838,0.044996,0.084703,0.017728,0.064493,0.117287,0.215683,,4884600,,
9,9,,0.111484,0.101395,0.040712,0.080288,0.092231,0.140409,0.004669,0.060509,0.032294,0.336009,,4880900,,
9,9,,0.022042,0.064709,0.058181,0.078431,0.043835,0.216452,0.003933,0.089893,0.051116,0.371408,,4871300,,
9,9,,0.011715,0.086753,0.073166,0.200667,0.022554,0.159088,0.004856,0.082967,0.039162,0.319071,,4910200,,
9,9,,0.020595,0.068581,0.062044,0.08533,0.044434,0.207811,0.003933,0.075723,0.030539,0.401009,,4877700,,
9,9,,0.023926,0.054863,0.053588,0.131833,0.037839,0.204251,0.003568,0.05811,0.037573,0.39445,,4874900,,
9,9,,0.024709,0.064401,0.057104,0.075706,0.04283,0.203375,0.003317,0.069278,0.032942,0.426338,,4908300,,
9,5,,0.022156,0.054558,0.051187,0.113969,0.041301,0.327294,0.00408,0.057013,0.051599,0.276843,,4940600,,
9,9,,0.024823,0.054251,0.05011,0.093466,0.040296,0.214217,0.003465,0.056397,0.033425,0.429551,,4896200,,
9,9,,0.010419,0.118251,0.114454,0.113892,0.025326,0.12751,0.004087,0.133801,0.043471,0.308791,,4930700,,
9,9,,0.112768,0.048032,0.048585,0.061055,0.060922,0.169531,0.024175,0.080946,0.028319,0.365667,,4923200,,