ecoli,Tuned_CWT,test,2,NANOSECONDS,PREDICTIONS, Generated by ClassifierExperiments.java on 2022-05-16 02:11:34.    SYSTEMPROPERTIES:{user.name:matth,os.arch:amd64,os.name:Windows 10},ENDSYSTEMPROPERTIES
No parameter info
0.6428571428571429,19317800,25622900,-1,21598576,8,,-1,-1
0,0,,0.572777,0.150628,0.108634,0.081366,0.079654,0.005738,0.00062,0.000584,,479300,,
0,0,,0.730226,0.121029,0.05677,0.029532,0.05831,0.002892,0.00124,0,,416300,,
0,0,,0.445934,0.189954,0.153739,0.082904,0.082233,0.040555,0.002058,0.002624,,446600,,
0,1,,0.227926,0.326715,0.080371,0.272613,0.061489,0.01884,0.006644,0.005403,,420700,,
0,0,,0.695782,0.169917,0.057882,0.028421,0.044977,0.001781,0.00124,0,,426800,,
0,0,,0.654376,0.167606,0.08834,0.018629,0.065935,0.00392,0.000465,0.00073,,419800,,
0,0,,0.592777,0.143961,0.108634,0.068033,0.079654,0.005738,0.00062,0.000584,,420400,,
0,0,,0.654447,0.170159,0.078304,0.024209,0.067654,0.004024,0.00062,0.000584,,420000,,
0,0,,0.664655,0.191748,0.062534,0.037505,0.040923,0.001394,0.00124,0,,418300,,
0,0,,0.4135,0.300402,0.136699,0.056148,0.084037,0.00687,0.000588,0.001756,,421100,,
0,0,,0.55312,0.103491,0.129552,0.127601,0.07622,0.00728,0.002591,0.000147,,417800,,
0,0,,0.524224,0.254845,0.100948,0.031108,0.083663,0.004044,0,0.001168,,437000,,
0,0,,0.730226,0.121029,0.05677,0.029532,0.05831,0.002892,0.00124,0,,418100,,
0,0,,0.363151,0.254194,0.129927,0.167961,0.027294,0.047183,0.006354,0.003937,,419300,,
0,0,,0.332608,0.192984,0.228134,0.082329,0.112814,0.043794,0.004274,0.003063,,421000,,
0,0,,0.659099,0.182859,0.061423,0.038616,0.054256,0.002505,0.00124,0,,418400,,
0,0,,0.62165,0.119125,0.113286,0.033784,0.075599,0.035351,0.00062,0.000584,,421100,,
0,1,,0.280559,0.381853,0.097631,0.149607,0.073805,0.010964,0.002809,0.002773,,422000,,
0,0,,0.332608,0.18318,0.226957,0.124486,0.112814,0.013794,0.003098,0.003063,,420900,,
0,0,,0.710226,0.160584,0.05777,0.042421,0.024977,0.002781,0.00124,0,,417800,,
0,0,,0.480605,0.391577,0.03712,0.054409,0.031302,0.001394,0.003005,0.000588,,419600,,
0,0,,0.750226,0.120584,0.05777,0.042421,0.024977,0.002781,0.00124,0,,418500,,
0,0,,0.408044,0.21452,0.164505,0.110242,0.086905,0.011121,0.001748,0.002916,,419900,,
0,0,,0.712296,0.079572,0.058689,0.116626,0.025583,0.005387,0.001543,0.000303,,420000,,
0,0,,0.679099,0.182415,0.062423,0.051505,0.020923,0.002394,0.00124,0,,418100,,
0,1,,0.104269,0.274107,0.244364,0.220928,0.12117,0.022885,0.006745,0.005533,,420800,,
0,1,,0.28651,0.342611,0.144105,0.125238,0.085365,0.011507,0.001748,0.002916,,420000,,
0,0,,0.332608,0.192984,0.228134,0.082329,0.112814,0.043794,0.004274,0.003063,,419400,,
0,0,,0.620003,0.205714,0.079415,0.036431,0.05432,0.002913,0.00062,0.000584,,420100,,
1,1,,0.047842,0.320943,0.166054,0.258375,0.169426,0.024548,0.005541,0.007272,,418500,,
1,1,,0.072395,0.340238,0.160531,0.248712,0.142787,0.023102,0.005394,0.006839,,419300,,
1,1,,0.057192,0.311586,0.216477,0.240339,0.137478,0.022885,0.007627,0.006415,,418100,,
1,1,,0.211989,0.34092,0.125527,0.212323,0.080495,0.01792,0.00543,0.005394,,419900,,
1,1,,0.106737,0.307648,0.154269,0.299516,0.0961,0.022862,0.006465,0.006403,,420200,,
1,1,,0.047842,0.320943,0.166054,0.258375,0.169426,0.024548,0.005541,0.007272,,418800,,
1,3,,0.14314,0.307868,0.093576,0.339403,0.079346,0.023176,0.007085,0.006407,,421300,,
1,1,,0.22813,0.552702,0.08591,0.078521,0.043146,0.004246,0.004265,0.00308,,430900,,
1,1,,0.094676,0.314095,0.149904,0.282367,0.122419,0.023699,0.006006,0.006834,,448700,,
1,1,,0.047842,0.320943,0.166054,0.258375,0.169426,0.024548,0.005541,0.007272,,419000,,
1,1,,0.148174,0.311108,0.138998,0.274035,0.093444,0.021971,0.006014,0.006256,,418700,,
1,1,,0.047842,0.320943,0.166054,0.258375,0.169426,0.024548,0.005541,0.007272,,420800,,
1,1,,0.193702,0.555708,0.057794,0.101528,0.080534,0.005744,0.001912,0.00308,,391600,,
1,1,,0.10362,0.311812,0.14452,0.303698,0.100083,0.023416,0.006162,0.006688,,282000,,
1,1,,0.213702,0.538845,0.07897,0.096038,0.060534,0.005744,0.003088,0.00308,,280800,,
1,1,,0.10362,0.311812,0.14452,0.283698,0.120083,0.023416,0.006162,0.006688,,281300,,
2,2,,0.214147,0.224409,0.243829,0.17216,0.116805,0.019591,0.004547,0.004512,,281500,,
2,1,,0.050958,0.316778,0.195803,0.254193,0.145443,0.023993,0.005844,0.006987,,283000,,
2,1,,0.094919,0.283463,0.173941,0.238963,0.173118,0.024548,0.004659,0.00639,,281700,,
2,1,,0.095082,0.307021,0.20571,0.263001,0.092806,0.022319,0.007937,0.006123,,280800,,
2,1,,0.057192,0.311586,0.216477,0.240339,0.137478,0.022885,0.007627,0.006415,,281700,,
2,2,,0.173889,0.236473,0.245504,0.189163,0.122455,0.022297,0.005127,0.005092,,280400,,
2,2,,0.182762,0.231637,0.250157,0.154913,0.118401,0.05191,0.005127,0.005092,,280600,,
2,2,,0.205274,0.229245,0.239176,0.176409,0.120859,0.019978,0.004547,0.004512,,280800,,
2,1,,0.180231,0.245352,0.173093,0.195331,0.173605,0.0228,0.003928,0.005659,,293500,,
2,1,,0.050958,0.316778,0.195803,0.254193,0.145443,0.023993,0.005844,0.006987,,279600,,
2,1,,0.113142,0.269271,0.249017,0.186678,0.117116,0.052499,0.006745,0.005533,,280000,,
3,1,,0.047842,0.320943,0.166054,0.258375,0.169426,0.024548,0.005541,0.007272,,280400,,
3,1,,0.085731,0.316377,0.155287,0.281037,0.124754,0.023982,0.005851,0.00698,,281700,,
3,3,,0.15249,0.298512,0.123999,0.321367,0.067398,0.021514,0.00917,0.00555,,279500,,
3,1,,0.047842,0.320943,0.166054,0.258375,0.169426,0.024548,0.005541,0.007272,,280100,,
3,1,,0.106737,0.307648,0.154269,0.279516,0.1161,0.022862,0.006465,0.006403,,281500,,
3,1,,0.047842,0.320943,0.166054,0.258375,0.169426,0.024548,0.005541,0.007272,,280200,,
3,1,,0.047842,0.320943,0.166054,0.258375,0.169426,0.024548,0.005541,0.007272,,282600,,
4,1,,0.047842,0.320943,0.166054,0.258375,0.169426,0.024548,0.005541,0.007272,,280100,,
4,1,,0.150611,0.257636,0.17657,0.205826,0.174349,0.024548,0.004365,0.006096,,282300,,
4,0,,0.314385,0.200509,0.153058,0.141281,0.168816,0.015843,0.002189,0.00392,,281500,,
4,1,,0.047842,0.320943,0.166054,0.258375,0.169426,0.024548,0.005541,0.007272,,279400,,
5,1,,0.085731,0.316377,0.155287,0.281037,0.124754,0.023982,0.005851,0.00698,,281000,,
6,1,,0.113142,0.269271,0.249017,0.186678,0.117116,0.052499,0.006745,0.005533,,280500,,
7,1,,0.047842,0.320943,0.166054,0.258375,0.169426,0.024548,0.005541,0.007272,,279500,,