semeion,CWE,test,2,NANOSECONDS,PREDICTIONS, Generated by ClassifierExperiments.java on 2022-05-16 23:21:09.    SYSTEMPROPERTIES:{user.name:matth,os.arch:amd64,os.name:Windows 10},ENDSYSTEMPROPERTIES
No parameter info
0.7368421052631579,1836748500,1667649700,-1,100570336,10,,-1,-1
0,0,,0.744992,0.013283,0.025854,0.001568,0.092571,0.002218,0.020384,0.007321,0.072378,0.01943,,5512700,,
0,0,,0.595455,0.023473,0.031199,0.057979,0.115905,0.029363,0.01546,0.023218,0.066074,0.041873,,5347300,,
0,0,,0.63084,0.028628,0.045038,0.01167,0.090646,0.011325,0.046824,0.017073,0.090848,0.027108,,5181900,,
0,0,,0.698269,0.017603,0.033771,0.00163,0.100126,0.002343,0.027746,0.008117,0.090078,0.020316,,5179900,,
0,9,,0.180752,0.034049,0.054317,0.036053,0.086046,0.181839,0.017534,0.051486,0.065247,0.292677,,5177300,,
0,0,,0.698734,0.017281,0.031322,0.001514,0.098859,0.002589,0.034692,0.009394,0.088839,0.016776,,5131100,,
0,0,,0.744992,0.013283,0.025854,0.001568,0.092571,0.002218,0.020384,0.007321,0.072378,0.01943,,5079700,,
0,0,,0.73669,0.012988,0.026254,0.00163,0.097576,0.002343,0.027746,0.008117,0.067528,0.019128,,5106900,,
0,0,,0.744992,0.013283,0.025854,0.001568,0.092571,0.002218,0.020384,0.007321,0.072378,0.01943,,5186700,,
0,0,,0.744992,0.013283,0.025854,0.001568,0.092571,0.002218,0.020384,0.007321,0.072378,0.01943,,5065400,,
0,0,,0.744992,0.013283,0.025854,0.001568,0.092571,0.002218,0.020384,0.007321,0.072378,0.01943,,5091300,,
0,0,,0.37543,0.022944,0.0549,0.004259,0.144563,0.00864,0.211444,0.037481,0.125494,0.014846,,5111700,,
0,3,,0.186373,0.058236,0.061518,0.220377,0.045636,0.147983,0.019308,0.080249,0.064811,0.115508,,5098900,,
0,0,,0.50777,0.018581,0.040123,0.002726,0.151539,0.010734,0.159958,0.027218,0.067085,0.014265,,5174300,,
0,0,,0.744992,0.013283,0.025854,0.001568,0.092571,0.002218,0.020384,0.007321,0.072378,0.01943,,5274100,,
0,0,,0.637996,0.014359,0.024043,0.006629,0.100563,0.03848,0.015389,0.01047,0.065833,0.086236,,5167900,,
0,0,,0.515333,0.035807,0.072249,0.013224,0.06783,0.013012,0.079274,0.021994,0.161795,0.019481,,5115200,,
0,9,,0.18495,0.028453,0.043796,0.06413,0.070218,0.180717,0.00361,0.027618,0.027281,0.369226,,5102900,,
0,9,,0.202222,0.034872,0.039459,0.041348,0.094795,0.183119,0.006092,0.043331,0.035434,0.319328,,5212800,,
0,0,,0.744992,0.013283,0.025854,0.001568,0.092571,0.002218,0.020384,0.007321,0.072378,0.01943,,5214000,,
0,0,,0.744992,0.013283,0.025854,0.001568,0.092571,0.002218,0.020384,0.007321,0.072378,0.01943,,6411700,,
0,0,,0.744992,0.013283,0.025854,0.001568,0.092571,0.002218,0.020384,0.007321,0.072378,0.01943,,6186500,,
0,0,,0.744992,0.013283,0.025854,0.001568,0.092571,0.002218,0.020384,0.007321,0.072378,0.01943,,5561400,,
0,0,,0.744992,0.013283,0.025854,0.001568,0.092571,0.002218,0.020384,0.007321,0.072378,0.01943,,5058500,,
0,0,,0.32331,0.016015,0.024851,0.035435,0.087144,0.182083,0.012625,0.028331,0.086017,0.20419,,5013600,,
0,0,,0.744992,0.013283,0.025854,0.001568,0.092571,0.002218,0.020384,0.007321,0.072378,0.01943,,4997300,,
0,0,,0.345864,0.020734,0.024647,0.089605,0.077845,0.162528,0.012478,0.032269,0.041811,0.19222,,5073000,,
0,0,,0.576216,0.017646,0.034112,0.002836,0.136761,0.010026,0.129942,0.018372,0.058728,0.015359,,4963700,,
0,0,,0.744992,0.013283,0.025854,0.001568,0.092571,0.002218,0.020384,0.007321,0.072378,0.01943,,5002800,,
0,0,,0.744992,0.013283,0.025854,0.001568,0.092571,0.002218,0.020384,0.007321,0.072378,0.01943,,4969800,,
0,0,,0.744992,0.013283,0.025854,0.001568,0.092571,0.002218,0.020384,0.007321,0.072378,0.01943,,4921700,,
0,0,,0.744992,0.013283,0.025854,0.001568,0.092571,0.002218,0.020384,0.007321,0.072378,0.01943,,4983200,,
0,0,,0.279053,0.051946,0.05716,0.004941,0.147053,0.013388,0.266804,0.050061,0.122197,0.007397,,4964800,,
1,1,,0.01757,0.367701,0.141772,0.089729,0.029039,0.058918,0.009003,0.164746,0.046077,0.075446,,4967000,,
1,1,,0.016399,0.372265,0.08068,0.073309,0.086382,0.048565,0.046305,0.182158,0.048226,0.045711,,5014200,,
1,7,,0.006831,0.182261,0.1342,0.122909,0.022174,0.074152,0.007146,0.276539,0.060023,0.113765,,4976500,,
1,1,,0.004338,0.304575,0.109149,0.093686,0.027243,0.078786,0.008794,0.246722,0.05168,0.075028,,4927400,,
1,1,,0.004515,0.392764,0.095997,0.08788,0.029205,0.067792,0.010061,0.19435,0.05197,0.065465,,4973400,,
1,1,,0.003544,0.405968,0.15264,0.085063,0.033879,0.055453,0.013478,0.144492,0.042746,0.062736,,4929000,,
1,1,,0.009656,0.341676,0.174398,0.051819,0.046026,0.040456,0.040548,0.141834,0.10367,0.049918,,5009200,,
1,1,,0.005333,0.245579,0.134594,0.125717,0.028732,0.098435,0.007641,0.196341,0.067917,0.089712,,4991100,,
1,1,,0.037557,0.249776,0.170641,0.07167,0.06375,0.050839,0.090206,0.154581,0.068358,0.042624,,5056200,,
1,1,,0.026871,0.250087,0.07565,0.048584,0.196746,0.034611,0.096546,0.106394,0.129016,0.035493,,4976500,,
1,1,,0.016839,0.358238,0.086341,0.069391,0.057534,0.046795,0.065582,0.186636,0.06775,0.044894,,4994600,,
1,1,,0.003701,0.381524,0.10622,0.129185,0.03917,0.073182,0.009261,0.12062,0.030818,0.10632,,4959900,,
1,1,,0.004017,0.293003,0.126589,0.118625,0.022233,0.075357,0.007503,0.2272,0.052813,0.072659,,4986300,,
1,1,,0.004496,0.408143,0.124873,0.085297,0.030937,0.055355,0.011231,0.161362,0.051046,0.06726,,5022100,,
1,1,,0.003753,0.40724,0.106495,0.087033,0.0357,0.056893,0.011174,0.177085,0.050481,0.064145,,5079600,,
1,1,,0.016309,0.270055,0.216789,0.06564,0.056473,0.050953,0.078185,0.145862,0.052861,0.046875,,5030900,,
1,1,,0.00504,0.371318,0.09838,0.088892,0.047652,0.059975,0.009314,0.198032,0.048787,0.07261,,5000800,,
1,1,,0.009512,0.242218,0.234542,0.058537,0.080889,0.052003,0.048868,0.147274,0.070589,0.055568,,5020800,,
1,1,,0.009803,0.333319,0.147477,0.048793,0.041419,0.044334,0.039885,0.164403,0.124999,0.045569,,4975100,,
1,1,,0.057786,0.341229,0.100252,0.105019,0.055669,0.062857,0.005686,0.099167,0.030154,0.142182,,5025700,,
1,1,,0.004338,0.324575,0.109149,0.093686,0.027243,0.078786,0.008794,0.226722,0.05168,0.075028,,5096500,,
1,1,,0.0039,0.398882,0.099574,0.084007,0.031093,0.060771,0.010512,0.199653,0.051811,0.059796,,5049300,,
1,1,,0.004825,0.377605,0.099831,0.084387,0.030635,0.056449,0.010438,0.193651,0.054585,0.087594,,5049000,,
1,2,,0.011985,0.170097,0.19965,0.100611,0.039165,0.131443,0.007522,0.174025,0.055234,0.110268,,5001900,,
1,1,,0.097745,0.262835,0.121507,0.021361,0.104619,0.021767,0.060921,0.062513,0.21946,0.027272,,4995200,,
1,4,,0.037416,0.199916,0.0881,0.035135,0.25167,0.020917,0.122758,0.093296,0.129014,0.021778,,4985400,,
1,1,,0.003787,0.401505,0.125692,0.085184,0.027474,0.061395,0.009141,0.180908,0.041401,0.063513,,5114800,,
1,1,,0.004523,0.385723,0.096235,0.088377,0.040088,0.064843,0.009388,0.200132,0.045877,0.064815,,5055500,,
1,1,,0.004588,0.323179,0.07355,0.230613,0.033862,0.089132,0.009664,0.087594,0.033547,0.114272,,5029400,,
1,1,,0.003544,0.403423,0.139708,0.086562,0.035495,0.05592,0.013572,0.154722,0.043494,0.06356,,5042100,,
1,4,,0.029687,0.124645,0.144686,0.010346,0.254796,0.017068,0.218112,0.068966,0.120525,0.011169,,5040000,,
1,6,,0.026416,0.186351,0.086967,0.035969,0.141869,0.02793,0.25424,0.081298,0.141221,0.017738,,4991300,,
1,1,,0.015621,0.38138,0.10735,0.070113,0.073182,0.047402,0.046928,0.16835,0.044036,0.045638,,5104200,,
2,2,,0.003542,0.17911,0.312653,0.116737,0.021639,0.084411,0.005991,0.157251,0.044867,0.0738,,5040100,,
2,2,,0.028341,0.050342,0.224369,0.056774,0.068462,0.177909,0.077267,0.057038,0.121756,0.137742,,5061500,,
2,2,,0.00833,0.150172,0.278737,0.100208,0.031236,0.132472,0.005714,0.120867,0.046886,0.125378,,5107200,,
2,2,,0.007293,0.249393,0.276637,0.084954,0.023834,0.060844,0.01062,0.148227,0.063627,0.07457,,5087900,,
2,2,,0.008216,0.146623,0.222772,0.122205,0.017846,0.073193,0.009962,0.212147,0.076584,0.110454,,5028100,,
2,2,,0.004491,0.151421,0.352252,0.109324,0.021072,0.075283,0.011886,0.147863,0.057498,0.06891,,5878900,,
2,6,,0.018785,0.065835,0.236229,0.036343,0.096004,0.029077,0.263484,0.090456,0.143186,0.020602,,5167800,,
2,2,,0.010251,0.156713,0.15898,0.119263,0.050612,0.11554,0.053044,0.112519,0.106002,0.117076,,5200900,,
2,6,,0.019904,0.057763,0.193813,0.025237,0.101898,0.025466,0.257043,0.049626,0.251789,0.017461,,5025500,,
2,6,,0.033689,0.03179,0.19308,0.008984,0.144662,0.01496,0.396194,0.040384,0.132228,0.00403,,5074800,,
2,1,,0.050703,0.23573,0.220983,0.070096,0.066912,0.050069,0.023866,0.156992,0.057724,0.066926,,4987200,,
2,2,,0.012215,0.127095,0.366274,0.071327,0.030162,0.051683,0.057103,0.119133,0.116879,0.048128,,5013400,,
2,2,,0.025225,0.121417,0.240583,0.078492,0.023783,0.06155,0.057635,0.160478,0.164352,0.066485,,5033300,,
2,8,,0.109324,0.073651,0.257026,0.01829,0.041479,0.016113,0.102637,0.041982,0.317411,0.022086,,5038100,,
2,6,,0.023774,0.03667,0.244502,0.021259,0.116648,0.02445,0.336692,0.04301,0.142393,0.010602,,5002200,,
2,2,,0.019554,0.063228,0.288029,0.028316,0.093824,0.026932,0.231554,0.049113,0.180042,0.019409,,5042100,,
2,6,,0.022739,0.045011,0.226752,0.041865,0.109659,0.028762,0.32566,0.042528,0.143784,0.01324,,4966600,,
2,8,,0.108195,0.077434,0.193569,0.022221,0.038992,0.020356,0.100223,0.057356,0.355935,0.025718,,4966500,,
2,2,,0.009047,0.140482,0.30509,0.079989,0.1023,0.054525,0.050924,0.140311,0.065864,0.051467,,4974000,,
2,8,,0.14224,0.069046,0.157744,0.006471,0.151879,0.009954,0.131243,0.061202,0.243793,0.026428,,5009100,,
2,6,,0.021952,0.033158,0.239185,0.077921,0.101877,0.029503,0.303961,0.041575,0.134757,0.016111,,4952100,,
2,2,,0.010284,0.143159,0.267719,0.107508,0.029297,0.116842,0.005672,0.153432,0.053724,0.112363,,5002500,,
2,7,,0.004276,0.153117,0.1906,0.144168,0.022373,0.083088,0.006967,0.269962,0.051286,0.074164,,4956400,,
2,2,,0.009148,0.142535,0.33979,0.099114,0.028296,0.086098,0.01174,0.139603,0.05572,0.087956,,4986500,,
2,2,,0.023167,0.129707,0.323027,0.073484,0.022159,0.052671,0.035631,0.118906,0.166443,0.054805,,5003900,,
2,2,,0.020083,0.04973,0.273199,0.033392,0.105984,0.025587,0.24864,0.069588,0.157092,0.016704,,4999500,,
2,4,,0.030869,0.053807,0.09373,0.006043,0.393797,0.013187,0.243467,0.055643,0.099121,0.010336,,5006100,,
2,2,,0.003907,0.204391,0.310664,0.11201,0.023474,0.07259,0.005977,0.150877,0.043842,0.072267,,4992000,,
2,8,,0.03593,0.084664,0.167422,0.056947,0.080041,0.034398,0.150335,0.07817,0.269899,0.042192,,4984000,,
2,6,,0.019175,0.078521,0.229966,0.026676,0.100423,0.027685,0.301434,0.049676,0.148106,0.018339,,4987900,,
2,7,,0.009077,0.156781,0.184229,0.105174,0.037516,0.11564,0.006863,0.19484,0.050035,0.139846,,4973900,,
2,8,,0.051191,0.060524,0.22287,0.006063,0.106399,0.009618,0.208808,0.043126,0.282346,0.009055,,4985900,,
3,3,,0.00618,0.073464,0.075157,0.536757,0.018633,0.091064,0.008205,0.076836,0.034545,0.07916,,5011300,,
3,5,,0.02198,0.045818,0.050203,0.243426,0.085354,0.302781,0.006328,0.038148,0.020341,0.185622,,5008900,,
3,3,,0.00618,0.073464,0.075157,0.536757,0.018633,0.091064,0.008205,0.076836,0.034545,0.07916,,4978700,,
3,3,,0.00618,0.073464,0.075157,0.536757,0.018633,0.091064,0.008205,0.076836,0.034545,0.07916,,5001400,,
3,3,,0.008,0.07219,0.074817,0.505449,0.018633,0.102208,0.008631,0.077194,0.035198,0.09768,,4979700,,
3,3,,0.005235,0.15799,0.070402,0.409286,0.02327,0.087777,0.010465,0.123558,0.036994,0.075023,,5024700,,
3,3,,0.006541,0.093351,0.071231,0.497786,0.020342,0.086628,0.009272,0.103083,0.034556,0.077209,,4961600,,
3,3,,0.006994,0.07182,0.069681,0.536975,0.01892,0.100747,0.008534,0.072965,0.034068,0.079296,,5006700,,
3,3,,0.007291,0.071079,0.068894,0.537682,0.018448,0.090399,0.008376,0.072965,0.032925,0.091941,,5001300,,
3,3,,0.006522,0.072353,0.069694,0.546942,0.018448,0.091092,0.008376,0.073232,0.033547,0.079794,,4985700,,
3,3,,0.008316,0.066341,0.068882,0.536723,0.023225,0.104211,0.008808,0.068227,0.032942,0.082324,,4980000,,
3,2,,0.006174,0.18347,0.19131,0.123833,0.030374,0.072963,0.008376,0.166726,0.131735,0.085038,,5004700,,
3,3,,0.006652,0.07469,0.077644,0.512752,0.020605,0.103237,0.008363,0.079569,0.034825,0.081662,,4941900,,
3,3,,0.007291,0.071079,0.068894,0.537682,0.018448,0.090399,0.008376,0.072965,0.032925,0.091941,,4947600,,
3,3,,0.005268,0.096071,0.071769,0.415506,0.021523,0.099952,0.007437,0.076531,0.030622,0.175322,,4998700,,
3,3,,0.011265,0.061975,0.145679,0.373808,0.02838,0.075849,0.06075,0.066266,0.114666,0.061361,,5026500,,
3,3,,0.007116,0.083167,0.072824,0.509421,0.020592,0.097438,0.009521,0.085427,0.034276,0.080219,,4974800,,
3,3,,0.006522,0.072353,0.069694,0.546942,0.018448,0.091092,0.008376,0.073232,0.033547,0.079794,,5054200,,
3,3,,0.012722,0.047074,0.109595,0.414012,0.030531,0.085602,0.075612,0.050274,0.104745,0.069832,,4974800,,
3,1,,0.004792,0.320178,0.105758,0.110173,0.027848,0.0745,0.008945,0.225562,0.049277,0.072968,,4954600,,
3,3,,0.018872,0.041698,0.044375,0.307612,0.085826,0.263281,0.006608,0.038287,0.021572,0.17187,,4962200,,
3,2,,0.005306,0.162773,0.231028,0.193713,0.022258,0.081959,0.013526,0.160351,0.055149,0.073936,,5091800,,
3,3,,0.007291,0.07182,0.068894,0.535291,0.018448,0.091595,0.008376,0.072965,0.033665,0.091655,,5018100,,
3,7,,0.005418,0.187757,0.158312,0.181523,0.023083,0.077641,0.008258,0.212835,0.055392,0.089779,,5043200,,
3,3,,0.006522,0.071612,0.069694,0.549333,0.018448,0.089897,0.008376,0.073232,0.032807,0.08008,,5096300,,
3,3,,0.013043,0.153955,0.068387,0.361124,0.03215,0.126189,0.010405,0.107964,0.04229,0.084493,,5006000,,
3,3,,0.007275,0.07129,0.066255,0.533746,0.021474,0.104189,0.00847,0.071052,0.032408,0.083843,,4989200,,
3,3,,0.006994,0.071079,0.069681,0.539366,0.01892,0.099551,0.008534,0.072965,0.033327,0.079582,,5226600,,
3,3,,0.006994,0.071584,0.069681,0.51721,0.01892,0.100747,0.008534,0.072965,0.034068,0.099296,,5084100,,
3,3,,0.006664,0.079323,0.067284,0.535299,0.022001,0.095155,0.008175,0.071818,0.032698,0.081582,,5069400,,
3,3,,0.009143,0.063852,0.077196,0.517564,0.025663,0.108017,0.014647,0.064013,0.03746,0.082445,,5064700,,
3,3,,0.00633,0.154833,0.063958,0.265155,0.027784,0.156458,0.031575,0.166113,0.042376,0.085419,,5034700,,
4,5,,0.024498,0.040341,0.06443,0.047423,0.215647,0.290249,0.005305,0.062618,0.021968,0.227522,,5027200,,
4,4,,0.030679,0.053894,0.071946,0.009376,0.353118,0.022997,0.270559,0.075295,0.105799,0.006336,,5062100,,
4,4,,0.186634,0.045144,0.073047,0.004626,0.371305,0.010779,0.181539,0.03812,0.081631,0.007175,,5077600,,
4,5,,0.035903,0.033136,0.056427,0.04447,0.224373,0.275339,0.0021,0.05776,0.027582,0.242911,,5083000,,
4,4,,0.034712,0.060295,0.075473,0.007705,0.41501,0.013822,0.225507,0.061144,0.098574,0.00776,,5043700,,
4,4,,0.025032,0.111918,0.07072,0.0384,0.347415,0.032532,0.175342,0.096026,0.076919,0.025696,,5019000,,
4,5,,0.021663,0.039147,0.041114,0.062281,0.22313,0.31645,0.017222,0.036771,0.027991,0.214233,,5019400,,
4,4,,0.057381,0.053562,0.065512,0.005968,0.406518,0.013234,0.225342,0.074336,0.091804,0.006344,,5103300,,
4,4,,0.020311,0.064215,0.098216,0.016948,0.400669,0.021452,0.196436,0.061478,0.107331,0.012943,,5122800,,
4,4,,0.034411,0.101435,0.074755,0.006688,0.310155,0.011419,0.16536,0.059355,0.225356,0.011066,,5135000,,
4,4,,0.030712,0.054676,0.070562,0.020608,0.421426,0.014829,0.225924,0.055545,0.098514,0.007205,,5070100,,
4,4,,0.017576,0.079763,0.139683,0.045821,0.257001,0.028397,0.183109,0.12413,0.106196,0.018326,,5275200,,
4,4,,0.031128,0.054085,0.073396,0.006598,0.414583,0.023289,0.230896,0.055744,0.098001,0.01228,,5082900,,
4,4,,0.114154,0.140009,0.087621,0.090102,0.179121,0.088705,0.046132,0.136975,0.038239,0.078942,,7003100,,
4,4,,0.014986,0.186646,0.086202,0.04316,0.286843,0.028522,0.154794,0.089873,0.084841,0.024134,,5609900,,
4,4,,0.026103,0.075257,0.066986,0.06007,0.327522,0.051024,0.196171,0.08102,0.084748,0.0311,,5142800,,
4,4,,0.043371,0.113677,0.104442,0.004964,0.261239,0.011225,0.150242,0.096316,0.204266,0.010259,,5198000,,
4,1,,0.029471,0.232216,0.098689,0.039422,0.166174,0.047934,0.106975,0.061357,0.185352,0.032409,,5100400,,
4,0,,0.444446,0.019309,0.039792,0.004874,0.205855,0.010654,0.185459,0.021316,0.056247,0.012048,,5114400,,
4,4,,0.030869,0.054242,0.070165,0.006043,0.424928,0.013187,0.239467,0.055643,0.099121,0.006336,,5130700,,
4,4,,0.031128,0.054519,0.069831,0.006598,0.425713,0.023289,0.226896,0.055744,0.098001,0.00828,,5030400,,
4,9,,0.090178,0.043965,0.037124,0.05062,0.169735,0.212613,0.002479,0.029212,0.022515,0.341559,,5108300,,
4,4,,0.275141,0.062911,0.042244,0.045187,0.331509,0.015871,0.096975,0.053518,0.048222,0.028422,,5091200,,
4,6,,0.025674,0.035714,0.135555,0.018075,0.120446,0.022735,0.418123,0.042517,0.171059,0.010103,,5092700,,
4,4,,0.030869,0.054242,0.090165,0.006043,0.404928,0.013187,0.239467,0.055643,0.099121,0.006336,,5082700,,
4,4,,0.019173,0.057334,0.117844,0.017381,0.285483,0.024164,0.275234,0.071071,0.11719,0.015125,,5058400,,
4,4,,0.045128,0.054085,0.073396,0.006598,0.399059,0.023289,0.22642,0.065744,0.098001,0.00828,,5080200,,
4,4,,0.030712,0.060295,0.071836,0.007705,0.383556,0.034367,0.244052,0.061144,0.098574,0.00776,,5054000,,
4,4,,0.036871,0.042101,0.060434,0.026328,0.312359,0.220347,0.045605,0.0387,0.030141,0.187114,,5116100,,
4,4,,0.206352,0.065422,0.052353,0.005001,0.331595,0.020521,0.167707,0.03696,0.103663,0.010426,,5080900,,
4,4,,0.020936,0.150251,0.103684,0.02016,0.210693,0.0229,0.145802,0.140159,0.164669,0.020748,,5104000,,
4,7,,0.018941,0.20236,0.111112,0.067537,0.101304,0.083602,0.02714,0.231503,0.050641,0.10586,,5130700,,
4,5,,0.0246,0.047047,0.04515,0.038738,0.143683,0.379898,0.016815,0.065359,0.026014,0.212696,,5093400,,
5,5,,0.020068,0.056005,0.068869,0.059676,0.072332,0.414804,0.005823,0.071347,0.028769,0.202306,,5026900,,
5,6,,0.034254,0.067849,0.09622,0.026011,0.175619,0.048644,0.246051,0.075108,0.17301,0.057233,,5309900,,
5,5,,0.026737,0.029076,0.043401,0.070084,0.074806,0.468635,0.006106,0.031474,0.026478,0.223203,,6746300,,
5,5,,0.023252,0.042357,0.045862,0.074732,0.086442,0.43079,0.005853,0.050517,0.021222,0.218974,,7057600,,
5,7,,0.004823,0.176361,0.147703,0.126174,0.023403,0.146854,0.013062,0.205665,0.058474,0.097481,,6323600,,
5,5,,0.022012,0.043979,0.059888,0.053121,0.084347,0.426356,0.005582,0.066586,0.023907,0.214223,,6237900,,
5,7,,0.004566,0.223413,0.11036,0.11655,0.026211,0.14444,0.009054,0.233346,0.055646,0.076415,,5542800,,
5,7,,0.011857,0.145511,0.107139,0.092799,0.058236,0.170573,0.052128,0.184456,0.060754,0.116547,,5092800,,
5,5,,0.02615,0.029977,0.04026,0.065843,0.146206,0.402949,0.00584,0.030251,0.025701,0.226823,,5055100,,
5,5,,0.025291,0.039288,0.040219,0.067811,0.078227,0.462807,0.006042,0.031019,0.024628,0.224667,,5062500,,
5,5,,0.026737,0.029076,0.043401,0.070084,0.074806,0.468635,0.006106,0.031474,0.026478,0.223203,,5027000,,
5,5,,0.022578,0.050136,0.059345,0.052822,0.076903,0.42628,0.005747,0.061151,0.027388,0.217651,,5035500,,
5,5,,0.042641,0.035767,0.039882,0.066263,0.08781,0.403962,0.00584,0.030251,0.024069,0.263515,,5007500,,
5,4,,0.047878,0.117187,0.071325,0.0344,0.183705,0.079008,0.160713,0.177006,0.084966,0.043811,,5114300,,
5,3,,0.006287,0.092838,0.083497,0.331999,0.021879,0.223775,0.013496,0.073965,0.036581,0.115684,,5052900,,
5,5,,0.022578,0.058907,0.056824,0.04651,0.077049,0.425362,0.005789,0.063224,0.027317,0.216439,,5037700,,
5,5,,0.036958,0.032303,0.044994,0.02461,0.164418,0.310423,0.116158,0.049932,0.037721,0.182483,,5101700,,
5,1,,0.005513,0.252222,0.100301,0.112243,0.050659,0.109918,0.011641,0.218905,0.060646,0.077953,,5069900,,
5,1,,0.005558,0.286442,0.095016,0.092018,0.042996,0.104364,0.011912,0.206136,0.056347,0.09921,,5057800,,
5,5,,0.024651,0.033684,0.053899,0.145625,0.078076,0.386955,0.005879,0.035364,0.025126,0.21074,,5122600,,
5,5,,0.042889,0.046235,0.083837,0.094845,0.11723,0.297518,0.05129,0.037414,0.065109,0.163631,,5057700,,
5,5,,0.02197,0.04215,0.066975,0.050968,0.079227,0.422663,0.010512,0.062551,0.032249,0.210735,,5092200,,
5,5,,0.015854,0.12534,0.087809,0.162508,0.053823,0.198812,0.008362,0.141791,0.050384,0.155316,,5050900,,
5,5,,0.020726,0.041556,0.043788,0.14768,0.092439,0.339512,0.006195,0.035214,0.020815,0.252076,,5018300,,
5,5,,0.009591,0.134644,0.109372,0.104939,0.033775,0.211976,0.007902,0.157073,0.079316,0.15141,,5019800,,
5,5,,0.021359,0.059159,0.065986,0.081924,0.078369,0.382265,0.005611,0.093949,0.023219,0.18816,,5055900,,
5,5,,0.054439,0.025576,0.031001,0.075214,0.097673,0.372753,0.071491,0.037733,0.040141,0.193979,,5028900,,
5,5,,0.012739,0.176963,0.098664,0.087358,0.044423,0.211883,0.011719,0.173193,0.062623,0.120434,,5065300,,
5,3,,0.006779,0.112775,0.089829,0.285649,0.025118,0.230646,0.018066,0.100235,0.053582,0.07732,,5065900,,
5,7,,0.015239,0.146712,0.129209,0.060168,0.041478,0.155153,0.093172,0.178308,0.092624,0.087938,,5040800,,
5,5,,0.030666,0.037826,0.052147,0.03254,0.109866,0.380499,0.07755,0.061735,0.040954,0.176216,,5041000,,
5,5,,0.005821,0.14661,0.13856,0.136136,0.022166,0.192951,0.01402,0.18136,0.063411,0.098964,,5328600,,
6,6,,0.029827,0.047414,0.071874,0.006359,0.247717,0.015649,0.341924,0.087844,0.142756,0.008637,,5338700,,
6,1,,0.010751,0.247067,0.120728,0.053005,0.066696,0.049166,0.119505,0.189392,0.101187,0.042503,,5264400,,
6,6,,0.032364,0.037091,0.092029,0.006861,0.144851,0.014369,0.47906,0.04178,0.147877,0.003717,,5136000,,
6,6,,0.033854,0.031955,0.084241,0.007109,0.145051,0.014618,0.508626,0.040715,0.130113,0.003717,,5135400,,
6,6,,0.033854,0.031955,0.084241,0.007109,0.145051,0.014618,0.508626,0.040715,0.130113,0.003717,,5068600,,
6,6,,0.033854,0.031955,0.084241,0.007109,0.145051,0.014618,0.508626,0.040715,0.130113,0.003717,,5170500,,
6,6,,0.036181,0.047593,0.078856,0.007695,0.222991,0.018815,0.394436,0.055089,0.111597,0.026747,,5064900,,
6,6,,0.033854,0.031955,0.084241,0.007109,0.145051,0.014618,0.508626,0.040715,0.130113,0.003717,,5180300,,
6,6,,0.033854,0.031955,0.084241,0.007109,0.145051,0.014618,0.508626,0.040715,0.130113,0.003717,,5122700,,
6,6,,0.033854,0.031955,0.084241,0.007109,0.145051,0.014618,0.508626,0.040715,0.130113,0.003717,,5155300,,
6,6,,0.040888,0.053153,0.086032,0.006082,0.23904,0.015403,0.339342,0.074132,0.136097,0.009833,,5088400,,
6,6,,0.033854,0.031955,0.084241,0.007109,0.145051,0.014618,0.508626,0.040715,0.130113,0.003717,,5183900,,
6,6,,0.033854,0.031955,0.084241,0.007109,0.145051,0.014618,0.508626,0.040715,0.130113,0.003717,,5130300,,
6,6,,0.024424,0.035714,0.108419,0.018075,0.120992,0.02328,0.476668,0.042517,0.139809,0.010103,,5149200,,
6,6,,0.033854,0.031955,0.084241,0.007109,0.145051,0.014618,0.508626,0.040715,0.130113,0.003717,,5171800,,
6,6,,0.033854,0.031955,0.084241,0.007109,0.145051,0.014618,0.508626,0.040715,0.130113,0.003717,,5111500,,
6,6,,0.033854,0.031955,0.084241,0.007109,0.145051,0.014618,0.508626,0.040715,0.130113,0.003717,,5119900,,
6,6,,0.033854,0.031955,0.084241,0.007109,0.145051,0.014618,0.508626,0.040715,0.130113,0.003717,,5136600,,
6,6,,0.033854,0.031955,0.084241,0.007109,0.145051,0.014618,0.508626,0.040715,0.130113,0.003717,,5107300,,
6,6,,0.033854,0.031955,0.084241,0.007109,0.145051,0.014618,0.508626,0.040715,0.130113,0.003717,,5101500,,
6,6,,0.033854,0.031955,0.084241,0.007109,0.145051,0.014618,0.508626,0.040715,0.130113,0.003717,,6507400,,
6,6,,0.033854,0.031955,0.084241,0.007109,0.145051,0.014618,0.508626,0.040715,0.130113,0.003717,,5817600,,
6,6,,0.030914,0.043352,0.07359,0.006404,0.218673,0.0166,0.4379,0.054949,0.110182,0.007437,,5781600,,
6,6,,0.033854,0.031955,0.084241,0.007109,0.145051,0.014618,0.508626,0.040715,0.130113,0.003717,,5775800,,
6,6,,0.033854,0.031955,0.084035,0.007109,0.144845,0.014205,0.50945,0.040715,0.130113,0.003717,,5751300,,
6,6,,0.029346,0.045265,0.073097,0.006476,0.2382,0.015514,0.393869,0.066882,0.122833,0.008518,,5729800,,
6,6,,0.033854,0.031955,0.084241,0.007109,0.145051,0.014618,0.508626,0.040715,0.130113,0.003717,,5855800,,
6,6,,0.022504,0.035195,0.116301,0.04368,0.110044,0.027852,0.456034,0.041071,0.135002,0.012316,,5753900,,
6,6,,0.034594,0.034382,0.082321,0.007548,0.154807,0.024309,0.485563,0.04178,0.128915,0.005781,,5702300,,
6,6,,0.033854,0.031955,0.083877,0.007109,0.144506,0.014072,0.51008,0.040715,0.130113,0.003717,,5089400,,
6,6,,0.039211,0.043261,0.112758,0.007524,0.122471,0.012254,0.411466,0.042181,0.202249,0.006625,,5058200,,
6,6,,0.060367,0.031275,0.079588,0.007034,0.166641,0.014665,0.4745,0.039408,0.122796,0.003726,,5085000,,
6,6,,0.046414,0.121988,0.116692,0.126276,0.079757,0.076652,0.225747,0.082427,0.088225,0.035823,,5111100,,
7,7,,0.00498,0.221403,0.126748,0.092823,0.026576,0.085429,0.007842,0.288244,0.073447,0.072507,,5144300,,
7,7,,0.015306,0.128838,0.124781,0.111974,0.069613,0.062279,0.036486,0.346866,0.050497,0.053361,,5205900,,
7,7,,0.004146,0.144058,0.144653,0.148941,0.022942,0.082188,0.006227,0.324719,0.048695,0.07343,,5082400,,
7,7,,0.004901,0.211133,0.09668,0.092952,0.028641,0.063958,0.008147,0.386827,0.041897,0.064863,,5069700,,
7,7,,0.006254,0.157698,0.116902,0.113252,0.052889,0.068733,0.028164,0.34062,0.051649,0.063841,,5044500,,
7,7,,0.017508,0.193302,0.074402,0.066562,0.057432,0.053598,0.052522,0.376719,0.056806,0.051149,,5180800,,
7,3,,0.005303,0.186755,0.101976,0.245164,0.033388,0.127673,0.032035,0.149176,0.041075,0.077454,,5173500,,
7,9,,0.023203,0.065568,0.058266,0.044591,0.106139,0.285924,0.009032,0.085736,0.031245,0.290297,,5098800,,
7,7,,0.016918,0.125297,0.102695,0.126046,0.070017,0.063589,0.053241,0.331407,0.057203,0.053588,,5116600,,
7,7,,0.007728,0.136059,0.168737,0.111228,0.0294,0.06662,0.037459,0.277639,0.073596,0.091534,,5035200,,
7,7,,0.005226,0.227209,0.091308,0.086356,0.025763,0.064058,0.007953,0.384997,0.042366,0.064763,,5054000,,
7,6,,0.017613,0.076244,0.130309,0.035087,0.217096,0.049838,0.233078,0.075524,0.121593,0.043618,,5098300,,
7,7,,0.015482,0.207629,0.091003,0.0727,0.055224,0.051429,0.053867,0.346093,0.057631,0.048943,,5137500,,
7,3,,0.025492,0.087492,0.073488,0.247926,0.080652,0.118455,0.023962,0.108261,0.053426,0.180846,,5137100,,
7,1,,0.011411,0.236709,0.084963,0.073331,0.03666,0.119193,0.008029,0.208302,0.05798,0.163422,,5094100,,
7,7,,0.005927,0.200344,0.096362,0.083293,0.047968,0.062426,0.026726,0.362029,0.053194,0.06173,,5048900,,
7,7,,0.005006,0.176273,0.116101,0.103119,0.022032,0.071904,0.00767,0.3733,0.049373,0.075224,,5081800,,
7,7,,0.005226,0.227209,0.102635,0.088611,0.023541,0.063281,0.007953,0.373494,0.042954,0.065096,,5121400,,
7,7,,0.005287,0.14875,0.149314,0.114744,0.023075,0.067256,0.009695,0.359388,0.057966,0.064525,,5168200,,
7,7,,0.004288,0.193281,0.099105,0.094684,0.041514,0.073996,0.007604,0.372634,0.046412,0.066483,,5152800,,
7,7,,0.016229,0.236678,0.088696,0.069815,0.084053,0.050373,0.06701,0.293369,0.04761,0.046166,,5139800,,
7,7,,0.011328,0.136724,0.147608,0.09086,0.089207,0.055776,0.107229,0.217842,0.096584,0.046843,,5062400,,
7,1,,0.01276,0.281587,0.084074,0.080023,0.110644,0.088036,0.017128,0.188189,0.049117,0.088441,,5066200,,
7,7,,0.016243,0.164545,0.085639,0.072901,0.072938,0.067672,0.053106,0.355579,0.058438,0.05294,,5122400,,
7,7,,0.005907,0.195869,0.11091,0.133805,0.023012,0.079206,0.00869,0.248999,0.080512,0.113092,,5082000,,
7,7,,0.00375,0.181736,0.121832,0.094167,0.02991,0.082443,0.007864,0.361647,0.047451,0.069199,,5218900,,
7,1,,0.038944,0.181086,0.094206,0.152157,0.078983,0.082343,0.100663,0.165079,0.058191,0.048349,,5123300,,
7,7,,0.005079,0.141435,0.131497,0.128492,0.031788,0.071968,0.009405,0.356687,0.054214,0.069435,,5109300,,
7,7,,0.009543,0.196455,0.105493,0.091437,0.028899,0.088215,0.008354,0.258695,0.069139,0.14377,,5069700,,
7,7,,0.004146,0.143482,0.143307,0.14671,0.021442,0.078188,0.006227,0.337873,0.048195,0.07043,,5155200,,
7,7,,0.006312,0.139763,0.142397,0.144322,0.022032,0.069212,0.00947,0.335476,0.054675,0.076341,,5091500,,
7,7,,0.011919,0.186483,0.088602,0.093526,0.034897,0.11362,0.008226,0.213853,0.079676,0.169196,,5165700,,
8,9,,0.069524,0.047196,0.064837,0.049772,0.061579,0.194837,0.008904,0.053973,0.085439,0.36394,,5128400,,
8,8,,0.109892,0.09024,0.154466,0.0147,0.05281,0.015855,0.114156,0.053377,0.373358,0.021144,,5239700,,
8,8,,0.121932,0.04729,0.097524,0.013707,0.050324,0.014281,0.135376,0.030894,0.471265,0.017407,,5060100,,
8,8,,0.10492,0.074516,0.136457,0.019242,0.051876,0.01988,0.132648,0.061749,0.376105,0.022607,,5139100,,
8,0,,0.483888,0.033594,0.078084,0.009269,0.098755,0.009156,0.025193,0.026711,0.16923,0.06612,,5150500,,
8,8,,0.107664,0.029345,0.122834,0.02311,0.096463,0.065506,0.205679,0.055145,0.256447,0.037807,,5110900,,
8,6,,0.032198,0.036926,0.16111,0.008736,0.183916,0.014166,0.348083,0.04145,0.169386,0.00403,,5159700,,
8,8,,0.081134,0.089977,0.079494,0.061438,0.054511,0.13264,0.068392,0.134841,0.159803,0.13777,,5205600,,
8,6,,0.029341,0.059528,0.14728,0.024489,0.131443,0.069882,0.254005,0.03919,0.18451,0.060332,,5137700,,
8,8,,0.180821,0.033506,0.144982,0.006654,0.084701,0.010623,0.232621,0.029504,0.264539,0.012049,,5133500,,
8,8,,0.037368,0.044856,0.122228,0.007585,0.133076,0.011902,0.284555,0.041054,0.311547,0.005829,,5198500,,
8,8,,0.096291,0.077336,0.135795,0.061043,0.113817,0.02283,0.069851,0.066045,0.310417,0.046575,,5215500,,
8,6,,0.022073,0.048032,0.186124,0.016416,0.157512,0.018707,0.278524,0.058335,0.202302,0.011976,,5194000,,
8,8,,0.116308,0.059424,0.139339,0.027676,0.085179,0.02074,0.174165,0.047168,0.312787,0.017214,,5159300,,
8,8,,0.102462,0.069271,0.114432,0.025112,0.061087,0.023713,0.126028,0.086265,0.363283,0.028348,,5169700,,
8,3,,0.027695,0.065725,0.102568,0.274878,0.02708,0.07301,0.064951,0.068292,0.204757,0.091043,,5155200,,
8,8,,0.099453,0.107398,0.143448,0.057637,0.052686,0.030314,0.096325,0.077653,0.284501,0.050587,,5233400,,
8,3,,0.009292,0.196031,0.090245,0.203744,0.037716,0.144663,0.007415,0.079386,0.032755,0.198753,,5111600,,
8,3,,0.047472,0.061528,0.088331,0.242478,0.087506,0.055674,0.106798,0.063715,0.203839,0.04266,,5115900,,
8,8,,0.155003,0.047835,0.114539,0.005323,0.086038,0.007549,0.160886,0.029664,0.378793,0.014369,,5171400,,
8,8,,0.037961,0.083047,0.145291,0.027166,0.069202,0.023286,0.146221,0.05491,0.388097,0.024819,,5196700,,
8,9,,0.032432,0.029297,0.045161,0.063265,0.089742,0.281357,0.005312,0.031108,0.052507,0.369818,,5137100,,
8,1,,0.007105,0.269096,0.159458,0.082624,0.028255,0.078733,0.015125,0.222893,0.059307,0.077402,,5189400,,
8,8,,0.047988,0.052006,0.097539,0.019006,0.10584,0.014336,0.262941,0.051668,0.314911,0.033765,,5129600,,
8,8,,0.163569,0.070051,0.087258,0.006471,0.142621,0.009954,0.131421,0.043761,0.309042,0.035852,,5112200,,
8,1,,0.039025,0.209736,0.103029,0.086841,0.085993,0.05246,0.077104,0.194453,0.10949,0.041869,,5193100,,
8,3,,0.016435,0.055176,0.152319,0.365352,0.025549,0.082456,0.049825,0.046228,0.144212,0.062447,,5194900,,
8,9,,0.031617,0.030416,0.050652,0.075116,0.092891,0.304482,0.00995,0.031689,0.057948,0.315239,,6063000,,
8,1,,0.145401,0.184496,0.12576,0.064384,0.039847,0.054883,0.032032,0.151335,0.135272,0.06659,,6725900,,
8,1,,0.073527,0.187692,0.08436,0.063483,0.058345,0.099931,0.09002,0.163097,0.088851,0.090694,,6608900,,
8,5,,0.035416,0.030551,0.07749,0.086675,0.088998,0.294241,0.018002,0.033194,0.08999,0.245443,,5616000,,
9,3,,0.008009,0.118779,0.074014,0.275258,0.026465,0.105264,0.009947,0.082822,0.057369,0.242073,,5464000,,
9,9,,0.02247,0.043966,0.054142,0.051287,0.095765,0.303253,0.00538,0.06762,0.024025,0.332092,,5528900,,
9,9,,0.121341,0.036317,0.052853,0.042416,0.073837,0.196411,0.002518,0.049179,0.03218,0.392948,,5150700,,
9,3,,0.007075,0.085794,0.075282,0.470386,0.02249,0.125522,0.009947,0.082328,0.037163,0.084013,,5072800,,
9,9,,0.025827,0.036107,0.042571,0.042818,0.076918,0.225716,0.004514,0.044525,0.027379,0.473626,,5133300,,
9,9,,0.024806,0.039984,0.050922,0.049338,0.071869,0.20849,0.004516,0.048287,0.031817,0.469972,,5102500,,
9,3,,0.007751,0.145146,0.067393,0.382616,0.025646,0.123086,0.010736,0.104023,0.041139,0.092465,,5174500,,
9,3,,0.008028,0.184923,0.101675,0.261864,0.02726,0.092045,0.014128,0.112496,0.088535,0.109046,,5150400,,
9,9,,0.027316,0.034115,0.041398,0.044302,0.07644,0.219965,0.004441,0.03809,0.030435,0.483498,,5189300,,
9,9,,0.047844,0.033839,0.076996,0.042676,0.076601,0.225173,0.004643,0.037262,0.028314,0.426651,,5091200,,
9,9,,0.030957,0.034645,0.042857,0.088333,0.055035,0.220315,0.007563,0.029133,0.052576,0.438587,,5083600,,
9,9,,0.039655,0.03426,0.041892,0.041988,0.0754,0.210985,0.004441,0.038467,0.031845,0.481066,,5096900,,
9,9,,0.065409,0.03397,0.035501,0.060356,0.065179,0.239784,0.005094,0.028999,0.027109,0.438599,,5123100,,
9,9,,0.085738,0.030319,0.040047,0.065125,0.091292,0.309165,0.00547,0.033267,0.024578,0.314998,,5144000,,
9,3,,0.008804,0.1016,0.066411,0.327158,0.027992,0.126008,0.009294,0.07506,0.033075,0.224597,,5189400,,
9,3,,0.009966,0.095578,0.09628,0.338246,0.025455,0.12106,0.011203,0.08167,0.048369,0.172172,,5089500,,
9,9,,0.036493,0.03397,0.034727,0.060889,0.061042,0.212633,0.004522,0.029276,0.027378,0.499071,,5095100,,
9,9,,0.012952,0.129612,0.126253,0.102878,0.035039,0.145124,0.007464,0.144087,0.067011,0.229581,,5136700,,
9,3,,0.012664,0.060915,0.068584,0.37147,0.029584,0.192646,0.013536,0.065154,0.07554,0.109906,,5118100,,
9,9,,0.026198,0.036449,0.044342,0.063284,0.087807,0.25375,0.004716,0.044418,0.057081,0.381953,,5157400,,
9,9,,0.036883,0.054728,0.052326,0.043598,0.061224,0.193871,0.004723,0.054375,0.036816,0.461455,,5177400,,
9,9,,0.014076,0.131704,0.113498,0.10296,0.049189,0.124838,0.007863,0.164616,0.073592,0.217664,,5133200,,
9,9,,0.023735,0.047305,0.050082,0.048445,0.075861,0.20849,0.004516,0.047037,0.028603,0.465927,,5080800,,
9,7,,0.073739,0.179655,0.137005,0.132045,0.028506,0.068086,0.004094,0.201058,0.052529,0.123283,,5220400,,
9,9,,0.024827,0.036607,0.045304,0.043018,0.093784,0.224016,0.004514,0.048425,0.049845,0.429659,,5096600,,
9,5,,0.025461,0.03135,0.042474,0.107279,0.097386,0.358406,0.00584,0.032032,0.025357,0.274414,,5125500,,
9,9,,0.023055,0.047804,0.055526,0.052558,0.062596,0.209519,0.004755,0.058359,0.032421,0.453408,,5188900,,
9,3,,0.006562,0.13468,0.07373,0.375758,0.026143,0.143727,0.010183,0.108175,0.038237,0.082806,,5116200,,
9,8,,0.181276,0.066879,0.112355,0.004584,0.146564,0.008148,0.082911,0.042948,0.296877,0.057459,,5077200,,
9,9,,0.021619,0.037588,0.042206,0.086755,0.095178,0.291266,0.005525,0.04385,0.023928,0.352084,,5289900,,
9,1,,0.031404,0.232769,0.09809,0.082448,0.033141,0.102914,0.009389,0.193447,0.06387,0.152528,,5128100,,
9,9,,0.027316,0.034115,0.041398,0.042483,0.07644,0.219965,0.004441,0.03809,0.030435,0.485317,,5116900,,