semeion,CWE,test,4,NANOSECONDS,PREDICTIONS, Generated by ClassifierExperiments.java on 2022-05-16 23:37:34.    SYSTEMPROPERTIES:{user.name:matth,os.arch:amd64,os.name:Windows 10},ENDSYSTEMPROPERTIES
No parameter info
0.8018575851393189,2163381400,1672698700,-1,100715216,10,,-1,-1
0,0,,0.677726,0.017699,0.036698,0.005744,0.077201,0.004696,0.033331,0.017312,0.099521,0.030073,,5538800,,
0,0,,0.662817,0.01579,0.032107,0.002984,0.105997,0.007088,0.026142,0.013815,0.090658,0.042601,,5305200,,
0,0,,0.671713,0.017168,0.035145,0.002652,0.07706,0.001196,0.025623,0.013957,0.118488,0.036997,,5209700,,
0,6,,0.143297,0.038485,0.084759,0.012105,0.157928,0.036885,0.270889,0.050809,0.175138,0.029704,,5181700,,
0,0,,0.694052,0.01586,0.036206,0.002573,0.074105,0.001456,0.033069,0.01204,0.096234,0.034405,,5222700,,
0,0,,0.551586,0.022572,0.040319,0.004111,0.145228,0.005808,0.122266,0.023546,0.055149,0.029416,,5168100,,
0,0,,0.704484,0.01579,0.032751,0.002652,0.077034,0.001196,0.025743,0.013483,0.09054,0.036326,,5038400,,
0,0,,0.416341,0.037874,0.052755,0.179571,0.046594,0.066862,0.007183,0.050517,0.036133,0.10617,,5090300,,
0,0,,0.626474,0.021095,0.039933,0.058225,0.069017,0.00819,0.021651,0.023404,0.087091,0.04492,,5133000,,
0,0,,0.694052,0.01586,0.036206,0.002573,0.074105,0.001456,0.033069,0.01204,0.096234,0.034405,,5087500,,
0,0,,0.704484,0.01579,0.032751,0.002652,0.077034,0.001196,0.025743,0.013483,0.09054,0.036326,,5060300,,
0,0,,0.486572,0.027222,0.06914,0.008709,0.06961,0.010796,0.117561,0.015747,0.174847,0.019797,,5068100,,
0,0,,0.528347,0.023181,0.075077,0.005477,0.072773,0.006962,0.097475,0.013243,0.152455,0.02501,,5010700,,
0,0,,0.704484,0.01579,0.032751,0.002652,0.077034,0.001196,0.025743,0.013483,0.09054,0.036326,,5234100,,
0,0,,0.653396,0.019885,0.033851,0.008428,0.082438,0.019743,0.02981,0.018407,0.089849,0.044195,,5167800,,
0,6,,0.237233,0.078842,0.081728,0.009792,0.153655,0.016056,0.2393,0.027998,0.145302,0.010094,,5167800,,
0,0,,0.449132,0.019268,0.025366,0.041733,0.077824,0.106923,0.012214,0.026095,0.042176,0.199269,,5102700,,
0,0,,0.704484,0.01579,0.032751,0.002652,0.077034,0.001196,0.025743,0.013483,0.09054,0.036326,,5156000,,
0,0,,0.689484,0.01579,0.032107,0.002984,0.07933,0.007088,0.026142,0.013815,0.090658,0.042601,,5057000,,
0,0,,0.704484,0.01579,0.032751,0.002652,0.077034,0.001196,0.025743,0.013483,0.09054,0.036326,,5117200,,
0,0,,0.677726,0.017699,0.036698,0.005744,0.077201,0.004696,0.033331,0.017312,0.099521,0.030073,,5151300,,
0,0,,0.689823,0.015649,0.033143,0.003185,0.075319,0.00813,0.025549,0.01375,0.092212,0.043242,,5143000,,
0,8,,0.308006,0.032214,0.081196,0.015005,0.058175,0.011672,0.118955,0.019552,0.332589,0.022637,,5061200,,
0,0,,0.578954,0.022346,0.043846,0.008266,0.0754,0.020811,0.06632,0.019749,0.113079,0.051227,,5184200,,
0,0,,0.704484,0.01579,0.032751,0.002652,0.077034,0.001196,0.025743,0.013483,0.09054,0.036326,,5067500,,
0,0,,0.704484,0.01579,0.032751,0.002652,0.077034,0.001196,0.025743,0.013483,0.09054,0.036326,,5116800,,
0,0,,0.704484,0.01579,0.032751,0.002652,0.077034,0.001196,0.025743,0.013483,0.09054,0.036326,,5275200,,
0,0,,0.704484,0.01579,0.032751,0.002652,0.077034,0.001196,0.025743,0.013483,0.09054,0.036326,,5159800,,
0,0,,0.528527,0.021642,0.056796,0.005477,0.073314,0.007322,0.116033,0.013243,0.152636,0.02501,,5101200,,
0,0,,0.694052,0.01586,0.036206,0.002573,0.074105,0.001456,0.033069,0.01204,0.096234,0.034405,,5204200,,
0,0,,0.689484,0.01579,0.032107,0.002984,0.07933,0.007088,0.026142,0.013815,0.090658,0.042601,,5100600,,
0,0,,0.704484,0.01579,0.032751,0.002652,0.077034,0.001196,0.025743,0.013483,0.09054,0.036326,,5192500,,
0,0,,0.704484,0.01579,0.032751,0.002652,0.077034,0.001196,0.025743,0.013483,0.09054,0.036326,,5220700,,
1,1,,0.004484,0.378875,0.117328,0.082757,0.054612,0.062241,0.022351,0.169576,0.047578,0.060199,,5196200,,
1,1,,0.004757,0.397074,0.090761,0.096878,0.025659,0.067769,0.010999,0.201377,0.039339,0.065386,,5101700,,
1,1,,0.00939,0.309654,0.100243,0.088923,0.04542,0.110033,0.01659,0.13938,0.038082,0.142284,,5154200,,
1,1,,0.054452,0.324023,0.09749,0.12854,0.060926,0.061565,0.02621,0.081249,0.069858,0.095688,,5146000,,
1,1,,0.01468,0.430179,0.08675,0.078993,0.041831,0.062626,0.011908,0.175037,0.039548,0.058448,,5132300,,
1,1,,0.005381,0.282703,0.118476,0.130829,0.02147,0.101786,0.008233,0.188039,0.052839,0.090244,,5140700,,
1,4,,0.036822,0.1774,0.080885,0.023503,0.268119,0.030446,0.177992,0.085284,0.096841,0.02271,,5198100,,
1,1,,0.005126,0.378748,0.124368,0.062444,0.050375,0.051123,0.027182,0.122829,0.124758,0.053047,,5193500,,
1,1,,0.00458,0.426905,0.127711,0.090043,0.027743,0.06561,0.009919,0.144932,0.03591,0.066647,,5695100,,
1,1,,0.020152,0.323048,0.092551,0.030705,0.147585,0.025435,0.121476,0.066178,0.145808,0.027061,,5457500,,
1,1,,0.026393,0.283535,0.104198,0.025951,0.169422,0.025015,0.141487,0.062721,0.136704,0.024575,,5312500,,
1,1,,0.004448,0.400964,0.1006,0.078535,0.055017,0.058945,0.02304,0.169858,0.053116,0.055477,,5725800,,
1,3,,0.005232,0.202563,0.109557,0.228183,0.057117,0.092017,0.019117,0.118909,0.051067,0.116238,,5651200,,
1,5,,0.024068,0.084778,0.112193,0.052051,0.106341,0.290672,0.008522,0.084365,0.045106,0.191904,,5573600,,
1,1,,0.004752,0.290602,0.097689,0.097863,0.026029,0.091169,0.009865,0.262049,0.049073,0.070907,,5377200,,
1,1,,0.04157,0.417314,0.107572,0.080374,0.026079,0.059427,0.007576,0.153156,0.038674,0.068258,,5326500,,
1,1,,0.010172,0.353113,0.125988,0.074005,0.072658,0.061052,0.047733,0.15019,0.045269,0.05982,,5190900,,
1,1,,0.005297,0.301735,0.130481,0.123663,0.023264,0.09014,0.008917,0.185444,0.04933,0.081728,,5219900,,
1,1,,0.010389,0.376421,0.149541,0.065213,0.063716,0.048791,0.02864,0.107997,0.097615,0.051677,,5162300,,
1,1,,0.004796,0.35453,0.097668,0.090383,0.030332,0.073183,0.010834,0.218115,0.04994,0.070221,,5299700,,
1,1,,0.007831,0.275908,0.102808,0.156677,0.071555,0.086237,0.023671,0.097687,0.0556,0.122026,,5355900,,
1,1,,0.004832,0.326894,0.098771,0.11487,0.029442,0.077161,0.01054,0.176781,0.066439,0.094271,,5227400,,
1,1,,0.004484,0.37519,0.1638,0.086583,0.035973,0.064079,0.021667,0.133616,0.049006,0.065602,,5217400,,
1,1,,0.007448,0.39746,0.071142,0.174859,0.030033,0.07801,0.01207,0.099872,0.034173,0.094934,,5170400,,
1,1,,0.010172,0.34839,0.080079,0.068877,0.069603,0.056994,0.048588,0.20239,0.06453,0.050378,,5217500,,
1,9,,0.025921,0.097966,0.076431,0.052681,0.080173,0.201409,0.008837,0.127123,0.038754,0.290705,,5249400,,
1,4,,0.028241,0.198839,0.090659,0.026662,0.259771,0.025819,0.163571,0.09128,0.095825,0.019332,,5242900,,
1,7,,0.005645,0.160506,0.11549,0.161689,0.024092,0.093447,0.008278,0.272104,0.050313,0.108436,,5185700,,
1,7,,0.004973,0.231151,0.11485,0.13357,0.020437,0.082635,0.008438,0.280407,0.044602,0.078936,,5235300,,
1,1,,0.178728,0.274093,0.057895,0.092074,0.080931,0.036768,0.047796,0.057923,0.109465,0.064327,,5233300,,
1,1,,0.178728,0.289093,0.057895,0.101144,0.079264,0.037233,0.047796,0.057923,0.109465,0.041459,,5828600,,
1,1,,0.008648,0.396771,0.074934,0.079507,0.063383,0.076134,0.010845,0.162136,0.03648,0.091162,,5244200,,
1,1,,0.010852,0.360168,0.070509,0.165845,0.070096,0.072399,0.011979,0.100116,0.033603,0.104433,,5276800,,
2,2,,0.006128,0.132076,0.377509,0.11547,0.025595,0.077607,0.025984,0.117837,0.055014,0.066779,,5180300,,
2,2,,0.011087,0.096362,0.322003,0.100358,0.032626,0.077981,0.06332,0.090547,0.128222,0.077494,,5140400,,
2,2,,0.005483,0.174336,0.316733,0.126965,0.018872,0.073209,0.00845,0.147052,0.054754,0.074147,,5177300,,
2,2,,0.026698,0.055181,0.324167,0.042969,0.101757,0.038133,0.181781,0.042083,0.162807,0.024424,,5249300,,
2,2,,0.006878,0.147142,0.31025,0.139241,0.018843,0.076777,0.007359,0.150233,0.041033,0.102244,,5256400,,
2,2,,0.018429,0.194274,0.224973,0.071009,0.052354,0.060206,0.046701,0.159483,0.111213,0.061357,,5286200,,
2,2,,0.010845,0.11157,0.324058,0.116992,0.032339,0.069664,0.072811,0.126583,0.081856,0.053281,,5185900,,
2,8,,0.010589,0.100901,0.180928,0.098707,0.022185,0.066431,0.041004,0.133656,0.284787,0.060811,,5140900,,
2,8,,0.124998,0.066618,0.153503,0.06013,0.075615,0.023659,0.081562,0.063214,0.321747,0.028953,,5204800,,
2,3,,0.026319,0.071686,0.168749,0.296216,0.039665,0.094227,0.026286,0.093498,0.093798,0.089556,,5195000,,
2,2,,0.024732,0.051635,0.270345,0.09033,0.058359,0.15817,0.066451,0.06108,0.074708,0.144189,,5201000,,
2,8,,0.012499,0.114697,0.122185,0.159752,0.023419,0.093022,0.046583,0.094411,0.218956,0.114478,,5357200,,
2,2,,0.023512,0.073352,0.322089,0.04168,0.095057,0.027107,0.170757,0.037217,0.187983,0.021247,,5224000,,
2,4,,0.029254,0.093259,0.143716,0.038504,0.236574,0.047533,0.172556,0.1046,0.108522,0.025481,,5207500,,
2,2,,0.004973,0.14558,0.329075,0.129236,0.024844,0.089401,0.007976,0.146993,0.040198,0.081724,,5272000,,
2,2,,0.023512,0.053352,0.342089,0.04168,0.095057,0.027107,0.190757,0.037217,0.167983,0.021247,,5183200,,
2,6,,0.032802,0.039621,0.244755,0.032566,0.149357,0.021565,0.313019,0.032329,0.127614,0.006372,,5223800,,
2,2,,0.009578,0.130823,0.379526,0.098448,0.022612,0.059076,0.040608,0.090851,0.110339,0.058137,,5463300,,
2,2,,0.00605,0.082112,0.267701,0.192329,0.076699,0.091802,0.048837,0.101678,0.06546,0.067333,,5139300,,
2,8,,0.128056,0.05371,0.210553,0.036875,0.047146,0.023613,0.103167,0.030674,0.339601,0.026607,,5161300,,
2,2,,0.005816,0.173074,0.233649,0.090344,0.027691,0.082297,0.028739,0.166971,0.101093,0.090325,,5152000,,
2,2,,0.005225,0.13846,0.232168,0.137434,0.019233,0.106722,0.007754,0.213268,0.053392,0.086344,,5173500,,
2,2,,0.004796,0.141004,0.303837,0.121468,0.022372,0.086409,0.007751,0.195691,0.038809,0.077862,,5132100,,
2,6,,0.03304,0.042317,0.278594,0.016342,0.147224,0.021746,0.29606,0.033639,0.124241,0.006797,,5275400,,
2,2,,0.029294,0.043444,0.290543,0.021137,0.147954,0.021875,0.256296,0.058084,0.123172,0.0082,,5165600,,
2,2,,0.024732,0.051635,0.288038,0.05033,0.058359,0.15817,0.066451,0.08108,0.077016,0.144189,,5141900,,
2,2,,0.032859,0.062317,0.278414,0.016342,0.166683,0.021385,0.257501,0.033639,0.124061,0.006797,,5123400,,
2,2,,0.027515,0.044214,0.231966,0.091973,0.125315,0.028144,0.229097,0.034614,0.168839,0.018324,,5159000,,
2,2,,0.176477,0.121656,0.196712,0.030563,0.077024,0.030917,0.098514,0.057776,0.172755,0.037605,,5150800,,
2,9,,0.030221,0.046602,0.113929,0.060276,0.074232,0.233957,0.031111,0.056946,0.069327,0.2834,,5194500,,
2,2,,0.010589,0.123102,0.225274,0.097605,0.029685,0.104939,0.041004,0.140821,0.147364,0.079617,,5177900,,
2,2,,0.005718,0.145694,0.319342,0.116162,0.059194,0.064421,0.058251,0.106527,0.062086,0.062606,,5192600,,
3,3,,0.008348,0.106835,0.075911,0.399744,0.027315,0.106429,0.009158,0.088491,0.041039,0.13673,,5241400,,
3,3,,0.007051,0.06916,0.112339,0.46463,0.021397,0.097327,0.020895,0.083572,0.045485,0.078144,,5393700,,
3,3,,0.006503,0.074719,0.078498,0.503942,0.0196,0.102723,0.008103,0.085834,0.036316,0.083763,,5218300,,
3,3,,0.009184,0.07727,0.07573,0.491745,0.021003,0.089424,0.007831,0.082558,0.039046,0.106209,,5245600,,
3,3,,0.006211,0.081763,0.092245,0.480293,0.019476,0.100904,0.008103,0.091125,0.036837,0.083044,,5260200,,
3,3,,0.007969,0.081653,0.087318,0.446888,0.019576,0.112616,0.00799,0.110096,0.037374,0.088519,,5253000,,
3,3,,0.006211,0.081763,0.092245,0.480293,0.019476,0.100904,0.008103,0.091125,0.036837,0.083044,,5149700,,
3,3,,0.006503,0.077026,0.083585,0.491843,0.0196,0.101302,0.008103,0.091475,0.037085,0.083478,,5236300,,
3,3,,0.006503,0.074719,0.078498,0.503942,0.0196,0.102723,0.008103,0.085834,0.036316,0.083763,,5197000,,
3,3,,0.009385,0.07878,0.077312,0.493335,0.019991,0.091432,0.007831,0.086068,0.039102,0.096764,,5284700,,
3,3,,0.009385,0.08378,0.07793,0.441653,0.021658,0.108264,0.007831,0.110353,0.039102,0.100044,,5191200,,
3,3,,0.006503,0.074719,0.078498,0.503942,0.0196,0.102723,0.008103,0.085834,0.036316,0.083763,,5336300,,
3,3,,0.006503,0.074719,0.078498,0.503942,0.0196,0.102723,0.008103,0.085834,0.036316,0.083763,,5235900,,
3,7,,0.017268,0.126267,0.110499,0.221165,0.021985,0.084534,0.008001,0.28041,0.046931,0.082939,,5208000,,
3,3,,0.005915,0.085245,0.077079,0.483019,0.020358,0.102622,0.007809,0.086298,0.03509,0.096565,,5223300,,
3,3,,0.006667,0.087528,0.113608,0.311578,0.05582,0.120547,0.05886,0.090823,0.069227,0.085343,,5206900,,
3,3,,0.006677,0.085525,0.077989,0.486003,0.0212,0.104418,0.008103,0.084503,0.03813,0.087451,,5196800,,
3,3,,0.006966,0.083621,0.097214,0.457476,0.02743,0.095196,0.026194,0.080621,0.048624,0.076659,,5267200,,
3,3,,0.02297,0.037636,0.05563,0.309272,0.063916,0.23894,0.008516,0.04955,0.033058,0.180513,,5247600,,
3,3,,0.006503,0.074719,0.078498,0.503942,0.0196,0.102723,0.008103,0.085834,0.036316,0.083763,,5265800,,
3,3,,0.006385,0.074628,0.075229,0.473964,0.019658,0.113849,0.008748,0.09833,0.039064,0.090144,,5241300,,
3,3,,0.006503,0.074719,0.078498,0.503942,0.0196,0.102723,0.008103,0.085834,0.036316,0.083763,,5215400,,
3,3,,0.006503,0.074719,0.078498,0.503942,0.0196,0.102723,0.008103,0.085834,0.036316,0.083763,,5231800,,
3,7,,0.005645,0.159667,0.134465,0.148562,0.024092,0.122037,0.008278,0.185383,0.075256,0.136615,,5260300,,
3,3,,0.006757,0.075769,0.076477,0.492434,0.022536,0.113659,0.00833,0.082566,0.035593,0.08588,,5311200,,
3,5,,0.024017,0.040695,0.051679,0.252746,0.088652,0.272197,0.009433,0.048023,0.031826,0.180733,,5195000,,
3,3,,0.009385,0.09878,0.09793,0.450722,0.019991,0.088729,0.007831,0.090353,0.039102,0.097176,,5250300,,
3,5,,0.023929,0.041524,0.057509,0.178477,0.066026,0.307424,0.029948,0.05354,0.043809,0.197815,,5175500,,
3,3,,0.008176,0.084352,0.083938,0.474117,0.019358,0.089953,0.007905,0.110776,0.036596,0.084829,,5184000,,
3,3,,0.006503,0.070538,0.077338,0.473586,0.02267,0.118143,0.010718,0.082128,0.035688,0.102689,,5966400,,
3,3,,0.009385,0.07878,0.07793,0.490722,0.019991,0.088729,0.007831,0.090353,0.039102,0.097176,,5350800,,
3,3,,0.006463,0.077379,0.096108,0.442905,0.029156,0.115123,0.021823,0.078395,0.04249,0.090159,,5211500,,
4,4,,0.023919,0.102668,0.099536,0.036345,0.277977,0.035288,0.220339,0.078546,0.102165,0.023216,,5181900,,
4,4,,0.014281,0.148215,0.156835,0.085514,0.196533,0.094427,0.046531,0.107573,0.040938,0.109153,,5158500,,
4,4,,0.032548,0.045744,0.067775,0.012925,0.395457,0.085952,0.156229,0.040317,0.09693,0.066121,,5130800,,
4,7,,0.119278,0.17857,0.066885,0.061987,0.086595,0.065285,0.027071,0.193249,0.052469,0.148612,,5103600,,
4,0,,0.272638,0.050506,0.067667,0.067826,0.232314,0.012441,0.112015,0.090201,0.055712,0.038679,,5227000,,
4,4,,0.033511,0.03895,0.042212,0.03109,0.330207,0.177064,0.049509,0.064848,0.062121,0.170487,,5207600,,
4,4,,0.09901,0.134411,0.056353,0.059633,0.276748,0.036989,0.152785,0.04626,0.107759,0.030052,,5107600,,
4,4,,0.068503,0.067321,0.06235,0.015912,0.395176,0.023651,0.206639,0.059108,0.086698,0.014641,,5126100,,
4,9,,0.067994,0.031764,0.080433,0.048717,0.133901,0.264597,0.003723,0.048384,0.035121,0.285367,,5140800,,
4,4,,0.178798,0.078781,0.077556,0.025829,0.30748,0.017455,0.119222,0.05787,0.082161,0.054848,,5152800,,
4,4,,0.036483,0.044494,0.053709,0.013654,0.389476,0.078647,0.175256,0.059804,0.088651,0.059826,,5223300,,
4,0,,0.180483,0.049854,0.056044,0.012447,0.164609,0.108151,0.096437,0.066735,0.157711,0.107529,,5235100,,
4,4,,0.068734,0.047508,0.064251,0.01023,0.424065,0.018872,0.223556,0.038131,0.09353,0.011122,,5139700,,
4,7,,0.017402,0.165412,0.069307,0.056619,0.164018,0.088217,0.049861,0.258106,0.044635,0.086421,,5211800,,
4,5,,0.02894,0.056846,0.062279,0.047,0.192415,0.26563,0.008617,0.06067,0.032435,0.245168,,5130700,,
4,4,,0.03398,0.050936,0.066691,0.011689,0.404296,0.053195,0.214579,0.040868,0.099835,0.02393,,5136100,,
4,4,,0.029506,0.089135,0.063518,0.115373,0.321171,0.040724,0.174129,0.051822,0.087655,0.026966,,5154900,,
4,4,,0.030668,0.105601,0.067221,0.011467,0.382845,0.02314,0.227698,0.042355,0.097112,0.011893,,5131000,,
4,4,,0.045791,0.03805,0.04317,0.060186,0.306242,0.182758,0.049989,0.058447,0.044486,0.17088,,5007600,,
4,4,,0.124728,0.14897,0.105679,0.033936,0.209116,0.023778,0.081836,0.039081,0.201479,0.031397,,5105300,,
4,9,,0.132574,0.027714,0.076772,0.040846,0.210909,0.19708,0.006261,0.046796,0.026766,0.234281,,5057500,,
4,0,,0.178365,0.092512,0.136741,0.104099,0.166232,0.057551,0.031357,0.109697,0.039316,0.08413,,5071400,,
4,0,,0.288051,0.028108,0.084744,0.050043,0.239477,0.012881,0.135067,0.051395,0.05637,0.053862,,5008800,,
4,4,,0.020779,0.105254,0.110384,0.041195,0.312364,0.029714,0.206001,0.048862,0.100866,0.024579,,5090800,,
4,4,,0.232094,0.061272,0.090725,0.022419,0.298792,0.02164,0.115192,0.049566,0.053969,0.05433,,5060900,,
4,9,,0.078554,0.039838,0.043667,0.060209,0.16188,0.200734,0.019411,0.073491,0.064875,0.257342,,5054900,,
4,4,,0.072003,0.045418,0.059561,0.012198,0.417262,0.032781,0.208838,0.039828,0.08728,0.024832,,5013200,,
4,4,,0.030615,0.053535,0.064833,0.02256,0.429992,0.022643,0.223174,0.041539,0.097538,0.013572,,5098300,,
4,4,,0.07399,0.041324,0.05012,0.011942,0.417501,0.061033,0.170563,0.039206,0.081502,0.052819,,5078700,,
4,4,,0.251497,0.070855,0.071254,0.021101,0.277654,0.016565,0.114894,0.051587,0.052893,0.0717,,5080000,,
4,4,,0.030615,0.053535,0.064833,0.02256,0.419992,0.022643,0.223174,0.051539,0.097538,0.013572,,5070100,,
4,6,,0.030026,0.150053,0.076569,0.046984,0.199425,0.046118,0.226385,0.108937,0.098999,0.016504,,5135200,,
4,4,,0.030712,0.053026,0.071381,0.009721,0.4311,0.019285,0.229297,0.039171,0.106085,0.01022,,5042100,,
5,5,,0.02466,0.057205,0.059524,0.060751,0.060573,0.418785,0.007838,0.071718,0.040631,0.198316,,5077400,,
5,0,,0.286296,0.030427,0.035864,0.041969,0.104272,0.163671,0.006171,0.044939,0.025811,0.26058,,5066400,,
5,5,,0.029217,0.036085,0.045372,0.05507,0.078066,0.441673,0.007618,0.051598,0.034312,0.22099,,5060400,,
5,5,,0.02466,0.059513,0.085422,0.064597,0.062573,0.344067,0.007838,0.079359,0.0614,0.210572,,5075700,,
5,5,,0.029217,0.036085,0.045372,0.05507,0.078066,0.441673,0.007618,0.051598,0.034312,0.22099,,5086700,,
5,5,,0.029217,0.036085,0.045372,0.05507,0.076066,0.445673,0.007618,0.051598,0.034312,0.21899,,5104900,,
5,5,,0.029376,0.037969,0.042581,0.050705,0.076976,0.449994,0.00784,0.054997,0.034493,0.215068,,5060500,,
5,5,,0.02844,0.033085,0.037956,0.078808,0.102392,0.386474,0.05825,0.055831,0.056156,0.162608,,5126500,,
5,5,,0.02466,0.057205,0.059524,0.060751,0.062573,0.414785,0.007838,0.071718,0.040631,0.200316,,5026200,,
5,5,,0.02523,0.030416,0.042207,0.104608,0.062177,0.388226,0.008059,0.062345,0.036982,0.239749,,5021000,,
5,7,,0.005225,0.141633,0.149771,0.160918,0.022634,0.137608,0.007584,0.167613,0.052434,0.154581,,5084000,,
5,3,,0.005623,0.07975,0.075767,0.328961,0.023136,0.167502,0.008846,0.086651,0.036033,0.18773,,5023900,,
5,5,,0.012185,0.124805,0.09546,0.121879,0.042224,0.19314,0.008173,0.150159,0.06484,0.187135,,5049300,,
5,5,,0.026362,0.030258,0.04162,0.104083,0.085736,0.393552,0.0079,0.064884,0.037419,0.208185,,5092600,,
5,5,,0.026437,0.03954,0.037004,0.083997,0.064753,0.459076,0.008806,0.047922,0.036338,0.196126,,5066400,,
5,5,,0.02297,0.033455,0.042722,0.165955,0.060129,0.336635,0.008908,0.040488,0.07265,0.216089,,5054700,,
5,5,,0.0056,0.173678,0.100951,0.101822,0.029796,0.225488,0.009705,0.192116,0.057188,0.103655,,5083000,,
5,5,,0.018478,0.070243,0.082023,0.257179,0.022792,0.304809,0.026571,0.078248,0.044112,0.095546,,5098400,,
5,5,,0.026362,0.030258,0.041255,0.09203,0.062773,0.457148,0.0079,0.042027,0.037419,0.202828,,5057600,,
5,5,,0.028763,0.035858,0.04577,0.053876,0.109053,0.391144,0.007391,0.052085,0.035707,0.240353,,5069400,,
5,5,,0.023854,0.032242,0.058186,0.112748,0.057708,0.389414,0.019042,0.045621,0.069276,0.19191,,5036800,,
5,5,,0.064648,0.032314,0.107598,0.097748,0.072645,0.262016,0.029113,0.045122,0.078786,0.210011,,5098100,,
5,7,,0.013284,0.117349,0.092373,0.072602,0.039687,0.214485,0.046089,0.246426,0.068295,0.089409,,5058800,,
5,5,,0.027052,0.030258,0.04188,0.092655,0.084019,0.428773,0.00859,0.042027,0.037419,0.207328,,5140300,,
5,5,,0.026108,0.034207,0.043277,0.094468,0.061504,0.445747,0.007673,0.045295,0.038142,0.203579,,5103300,,
5,5,,0.009605,0.118547,0.117236,0.128415,0.037197,0.245332,0.007759,0.175268,0.047444,0.113197,,5100900,,
5,5,,0.029217,0.036085,0.045372,0.05507,0.091066,0.425673,0.007618,0.056598,0.034312,0.21899,,5076700,,
5,5,,0.031295,0.038913,0.041204,0.039239,0.115685,0.380216,0.057968,0.065402,0.053049,0.17703,,5093800,,
5,5,,0.024734,0.068487,0.059274,0.054718,0.064553,0.396713,0.008744,0.085613,0.04155,0.195613,,5977700,,
5,5,,0.024976,0.034366,0.06504,0.122993,0.060908,0.392861,0.007832,0.045612,0.044371,0.201041,,6507800,,
5,5,,0.029031,0.053865,0.033588,0.072367,0.168736,0.309778,0.05215,0.061971,0.054366,0.164147,,5832800,,
5,5,,0.025399,0.046017,0.045754,0.086699,0.064485,0.415111,0.019333,0.042102,0.064785,0.190316,,5183500,,
6,6,,0.034102,0.037631,0.082933,0.01177,0.153867,0.041205,0.477405,0.032005,0.122536,0.006546,,5099100,,
6,6,,0.034102,0.037631,0.082933,0.01177,0.153867,0.021205,0.497405,0.032005,0.122536,0.006546,,5065800,,
6,6,,0.049579,0.063168,0.080229,0.011783,0.194805,0.028853,0.409237,0.035933,0.111609,0.014804,,5231900,,
6,6,,0.03483,0.037196,0.07764,0.034162,0.149929,0.041006,0.449273,0.035579,0.112979,0.027406,,5130700,,
6,6,,0.024165,0.062883,0.113694,0.045167,0.141792,0.051928,0.379286,0.044527,0.120793,0.015765,,5135700,,
6,6,,0.035988,0.036596,0.090885,0.034227,0.15342,0.021432,0.433466,0.033308,0.153706,0.006972,,5072900,,
6,6,,0.02968,0.04868,0.098875,0.023045,0.142625,0.042749,0.443475,0.040084,0.121788,0.008999,,5043900,,
6,6,,0.034102,0.037631,0.082933,0.01177,0.153867,0.021205,0.497405,0.032005,0.122536,0.006546,,5014400,,
6,6,,0.034102,0.037631,0.082933,0.01177,0.153867,0.021205,0.497405,0.032005,0.122536,0.006546,,5028200,,
6,6,,0.033346,0.036361,0.063684,0.013247,0.21878,0.115977,0.278079,0.077128,0.100104,0.063292,,5037400,,
6,6,,0.034102,0.037631,0.082933,0.01177,0.153867,0.021205,0.497405,0.032005,0.122536,0.006546,,5180900,,
6,6,,0.034102,0.037631,0.082933,0.01177,0.153867,0.021205,0.497405,0.032005,0.122536,0.006546,,5160100,,
6,6,,0.034102,0.037631,0.082933,0.01177,0.153867,0.021205,0.497405,0.032005,0.122536,0.006546,,5234200,,
6,6,,0.034102,0.037631,0.082933,0.01177,0.153867,0.021205,0.497405,0.032005,0.122536,0.006546,,5185100,,
6,3,,0.011398,0.057489,0.118975,0.208019,0.105014,0.117757,0.115613,0.063055,0.117848,0.084833,,5247800,,
6,6,,0.034102,0.037631,0.082933,0.01177,0.153867,0.021205,0.497405,0.032005,0.122536,0.006546,,5226700,,
6,6,,0.035255,0.037631,0.082753,0.01177,0.153326,0.023511,0.493513,0.033338,0.122356,0.006546,,5199600,,
6,6,,0.048895,0.057631,0.082727,0.01177,0.163654,0.020998,0.448855,0.031799,0.127124,0.006546,,5155400,,
6,6,,0.030379,0.049324,0.069662,0.013744,0.206083,0.026799,0.413736,0.064352,0.114802,0.011118,,5091200,,
6,6,,0.034102,0.037631,0.082933,0.01177,0.153867,0.021205,0.497405,0.032005,0.122536,0.006546,,5046100,,
6,6,,0.034102,0.037631,0.082933,0.01177,0.153867,0.021205,0.497405,0.032005,0.122536,0.006546,,5125200,,
6,6,,0.033895,0.037631,0.082727,0.01177,0.153867,0.020998,0.498642,0.031799,0.122124,0.006546,,5116500,,
6,6,,0.028572,0.051456,0.07551,0.015261,0.200924,0.027226,0.419065,0.062668,0.106837,0.012481,,5124700,,
6,6,,0.033895,0.057631,0.082727,0.01177,0.153867,0.020998,0.478642,0.031799,0.122124,0.006546,,5154400,,
6,6,,0.034102,0.037631,0.082933,0.01177,0.153867,0.021205,0.497405,0.032005,0.122536,0.006546,,5266000,,
6,6,,0.034102,0.037631,0.082933,0.01177,0.153867,0.021205,0.497405,0.032005,0.122536,0.006546,,5186000,,
6,6,,0.034102,0.037631,0.082933,0.01177,0.153867,0.021205,0.497405,0.032005,0.122536,0.006546,,5256900,,
6,6,,0.034102,0.037631,0.082933,0.01177,0.153867,0.021205,0.497405,0.032005,0.122536,0.006546,,5187200,,
6,6,,0.029474,0.045484,0.096891,0.018735,0.147512,0.021799,0.458089,0.041493,0.132789,0.007735,,5183900,,
6,6,,0.045562,0.037631,0.082727,0.01177,0.173654,0.020998,0.462188,0.031799,0.127124,0.006546,,5151200,,
6,6,,0.039474,0.045484,0.096891,0.018735,0.147512,0.021799,0.460232,0.035779,0.12636,0.007735,,5228400,,
6,6,,0.034102,0.037631,0.082933,0.01177,0.153867,0.021205,0.497405,0.032005,0.122536,0.006546,,5172300,,
6,6,,0.034289,0.036527,0.085285,0.013992,0.154242,0.027813,0.488772,0.032813,0.119165,0.007102,,5163800,,
7,7,,0.00458,0.249397,0.086668,0.08724,0.022325,0.068502,0.010648,0.360714,0.047522,0.062404,,5220100,,
7,7,,0.004732,0.171285,0.08668,0.092703,0.021694,0.08832,0.009865,0.409336,0.046683,0.0687,,5166200,,
7,7,,0.026436,0.117745,0.084222,0.04016,0.127764,0.030562,0.205637,0.251406,0.095553,0.020515,,5137800,,
7,7,,0.016976,0.13504,0.131248,0.151719,0.042383,0.088384,0.008206,0.292654,0.049647,0.083742,,5254800,,
7,4,,0.025575,0.107375,0.084505,0.044802,0.194661,0.060765,0.167582,0.1725,0.114138,0.028098,,5225200,,
7,7,,0.03097,0.098222,0.074242,0.026509,0.166676,0.026802,0.161957,0.178192,0.171508,0.064921,,5081100,,
7,8,,0.005677,0.111724,0.163271,0.143329,0.042875,0.072575,0.019577,0.14155,0.20968,0.089742,,5151300,,
7,7,,0.016976,0.130902,0.112498,0.15271,0.041693,0.090496,0.008206,0.289766,0.070078,0.086673,,5072400,,
7,7,,0.004853,0.161859,0.124199,0.119871,0.020777,0.073309,0.009416,0.369386,0.045109,0.071222,,5069300,,
7,7,,0.010454,0.229182,0.083907,0.108504,0.063784,0.079072,0.048032,0.281289,0.043108,0.052667,,5060500,,
7,7,,0.005265,0.155569,0.118353,0.166165,0.040355,0.080593,0.008233,0.302857,0.043955,0.078656,,5164600,,
7,1,,0.022972,0.240539,0.08563,0.043062,0.131587,0.033204,0.127073,0.193355,0.094526,0.028053,,5158100,,
7,7,,0.022972,0.185426,0.066498,0.055964,0.117462,0.123344,0.079374,0.227832,0.047288,0.073842,,5122700,,
7,6,,0.055793,0.115086,0.074313,0.039496,0.170657,0.080363,0.206016,0.119263,0.108448,0.030564,,5057800,,
7,7,,0.021917,0.195576,0.102663,0.072158,0.053357,0.062121,0.060145,0.329324,0.048756,0.053982,,5140500,,
7,7,,0.00735,0.136333,0.113058,0.176773,0.02176,0.077739,0.010037,0.32681,0.054646,0.075495,,5070500,,
7,7,,0.030623,0.198536,0.088053,0.073278,0.063574,0.106969,0.070185,0.235267,0.063653,0.069863,,5069500,,
7,7,,0.010113,0.165696,0.081184,0.082319,0.099238,0.080376,0.048138,0.322994,0.052891,0.057051,,5070600,,
7,7,,0.021917,0.213782,0.102663,0.072158,0.054126,0.062121,0.060145,0.310349,0.048756,0.053982,,5095800,,
7,7,,0.005517,0.131624,0.132569,0.147041,0.019167,0.084608,0.007549,0.343318,0.047339,0.081268,,5007400,,
7,1,,0.010172,0.321317,0.085412,0.068877,0.075895,0.05675,0.048588,0.238081,0.04453,0.050378,,5043200,,
7,7,,0.04652,0.1459,0.112913,0.118474,0.03382,0.103502,0.005478,0.271023,0.040116,0.122254,,5085700,,
7,7,,0.013313,0.127293,0.128389,0.142176,0.06119,0.097314,0.059689,0.243923,0.065111,0.061602,,5145300,,
7,1,,0.019942,0.195352,0.127018,0.088963,0.0775,0.089034,0.111878,0.155547,0.078499,0.056267,,5178600,,
7,6,,0.026448,0.09955,0.100552,0.034027,0.125512,0.055864,0.296252,0.124117,0.115031,0.022647,,5210900,,
7,7,,0.004871,0.168748,0.115113,0.131257,0.034052,0.082449,0.016608,0.317795,0.063814,0.065294,,5212600,,
7,6,,0.030173,0.05252,0.091234,0.014721,0.221195,0.024004,0.224453,0.141578,0.167738,0.032382,,5150200,,
7,7,,0.015623,0.116962,0.066593,0.212436,0.081561,0.081071,0.061114,0.264489,0.045755,0.054395,,5177100,,
7,7,,0.016725,0.14622,0.109923,0.126482,0.02119,0.080424,0.00889,0.367844,0.04323,0.079071,,5800000,,
7,7,,0.004973,0.151578,0.111993,0.131427,0.018372,0.080963,0.008438,0.370752,0.043639,0.077864,,5270200,,
7,7,,0.008668,0.146562,0.134198,0.105944,0.05867,0.069894,0.058531,0.280173,0.076936,0.060424,,5211000,,
7,7,,0.004941,0.180032,0.096836,0.121556,0.020936,0.089679,0.009136,0.357272,0.048659,0.070953,,5107400,,
8,8,,0.126389,0.051371,0.127025,0.036875,0.047146,0.023613,0.103167,0.030274,0.427534,0.026607,,5131200,,
8,8,,0.19675,0.038822,0.083595,0.0089,0.065249,0.012233,0.141869,0.020183,0.392853,0.039545,,5151700,,
8,8,,0.026588,0.041972,0.14748,0.042174,0.105235,0.057595,0.189102,0.032271,0.304956,0.052628,,5280100,,
8,2,,0.088719,0.100637,0.162967,0.091022,0.022945,0.114563,0.041757,0.128435,0.156411,0.092543,,5248200,,
8,8,,0.178908,0.057368,0.104625,0.008779,0.060037,0.011445,0.140117,0.018704,0.398072,0.021945,,5207500,,
8,0,,0.28476,0.025515,0.051193,0.027972,0.197467,0.010241,0.147576,0.13934,0.065891,0.050045,,5175900,,
8,8,,0.129047,0.074932,0.102599,0.017872,0.057953,0.052917,0.129568,0.023978,0.33462,0.076513,,5105600,,
8,8,,0.129133,0.038144,0.102205,0.022388,0.074762,0.062517,0.102822,0.021753,0.383948,0.062328,,5175600,,
8,8,,0.131158,0.042892,0.129128,0.03865,0.059564,0.026171,0.138832,0.034367,0.375574,0.023663,,5128200,,
8,6,,0.025084,0.105655,0.118484,0.075582,0.045893,0.119691,0.158467,0.156263,0.14082,0.05406,,5045500,,
8,8,,0.014811,0.060753,0.133929,0.206271,0.024552,0.132776,0.043549,0.072055,0.229181,0.082124,,5106600,,
8,8,,0.038946,0.059275,0.086379,0.009995,0.139795,0.017518,0.247333,0.057706,0.313565,0.029489,,5002600,,
8,8,,0.192036,0.032572,0.09576,0.012092,0.068947,0.015155,0.149914,0.029193,0.380776,0.023554,,4984100,,
8,7,,0.007239,0.132873,0.160767,0.138562,0.024016,0.146521,0.007564,0.16271,0.093239,0.12651,,5091800,,
8,8,,0.210665,0.05058,0.097971,0.010091,0.074032,0.013989,0.168457,0.020406,0.337085,0.016723,,5030300,,
8,8,,0.131887,0.041916,0.121776,0.020866,0.056107,0.067634,0.111556,0.021104,0.355972,0.071183,,5058400,,
8,8,,0.178243,0.063191,0.129563,0.067602,0.059363,0.021807,0.106893,0.044538,0.295427,0.033372,,5046000,,
8,8,,0.13713,0.056096,0.108483,0.036018,0.108466,0.024709,0.087465,0.036984,0.377673,0.026976,,5049400,,
8,6,,0.031073,0.084218,0.087378,0.123112,0.132109,0.068029,0.205101,0.040874,0.189767,0.038337,,5012200,,
8,8,,0.048347,0.079096,0.103152,0.034181,0.135153,0.048244,0.182836,0.071355,0.221467,0.076168,,5062500,,
8,8,,0.126389,0.051371,0.127025,0.036875,0.047146,0.023613,0.103167,0.030274,0.427534,0.026607,,5017100,,
8,8,,0.013573,0.059028,0.131279,0.211868,0.032746,0.082933,0.067007,0.063682,0.265535,0.07235,,5052900,,
8,8,,0.180252,0.063845,0.10012,0.029596,0.060439,0.066084,0.14077,0.025129,0.298783,0.034982,,5027800,,
8,3,,0.009658,0.115631,0.154175,0.196462,0.024276,0.099283,0.010643,0.159206,0.094567,0.136099,,5087200,,
8,2,,0.032859,0.062317,0.258414,0.016342,0.166683,0.021385,0.257501,0.033639,0.144061,0.006797,,5068000,,
8,8,,0.161971,0.044667,0.186529,0.058066,0.055929,0.025369,0.129755,0.050497,0.263433,0.023784,,5048400,,
8,8,,0.030723,0.050162,0.106395,0.015575,0.183315,0.021213,0.248851,0.047294,0.28356,0.012912,,5072400,,
8,8,,0.013446,0.088806,0.139334,0.102233,0.02409,0.085308,0.041253,0.106159,0.327629,0.071742,,5037200,,
8,8,,0.176269,0.039708,0.089636,0.010717,0.062838,0.019266,0.122093,0.020121,0.432782,0.026571,,5012100,,
8,7,,0.006825,0.130536,0.130132,0.113335,0.022331,0.098372,0.02037,0.165499,0.159447,0.153152,,5093800,,
8,6,,0.038715,0.059962,0.107816,0.01177,0.207213,0.020076,0.297165,0.034299,0.216438,0.006546,,5079000,,
9,9,,0.034204,0.036958,0.039901,0.083455,0.06095,0.199944,0.007469,0.0422,0.039198,0.45572,,5092800,,
9,9,,0.034204,0.036958,0.039901,0.083455,0.06095,0.199944,0.007469,0.0422,0.039198,0.45572,,5061100,,
9,3,,0.008175,0.080333,0.080663,0.287739,0.024957,0.150503,0.007352,0.092591,0.059783,0.207904,,5161100,,
9,9,,0.031906,0.035858,0.044885,0.053537,0.074384,0.214293,0.007391,0.050975,0.035423,0.451349,,5097900,,
9,9,,0.17962,0.043493,0.055278,0.033706,0.126251,0.158127,0.001915,0.040904,0.068882,0.291824,,5100900,,
9,9,,0.031906,0.035858,0.044885,0.053537,0.074384,0.214293,0.007391,0.050975,0.034312,0.45246,,5146600,,
9,9,,0.031906,0.035858,0.044885,0.053537,0.074384,0.214293,0.007391,0.050975,0.034312,0.45246,,5135200,,
9,9,,0.031906,0.035858,0.044885,0.053537,0.094384,0.214293,0.007391,0.050975,0.035423,0.431349,,5129600,,
9,9,,0.02466,0.077205,0.05989,0.078709,0.063678,0.240439,0.007838,0.122384,0.060631,0.264566,,5162900,,
9,9,,0.146736,0.02562,0.032208,0.095248,0.078794,0.144661,0.001769,0.037686,0.033629,0.403649,,5085100,,
9,9,,0.137804,0.061456,0.056343,0.200013,0.047085,0.059094,0.002862,0.091476,0.033126,0.310741,,5100100,,
9,9,,0.02466,0.057205,0.059265,0.060751,0.059053,0.220814,0.007838,0.071718,0.040631,0.398066,,5071800,,
9,9,,0.031061,0.039625,0.040568,0.085836,0.060855,0.199944,0.007469,0.042581,0.039865,0.452196,,5153200,,
9,7,,0.007562,0.14636,0.113673,0.118201,0.025581,0.135453,0.008043,0.199606,0.075704,0.169816,,5155000,,
9,9,,0.144986,0.041399,0.032441,0.053277,0.098999,0.164874,0.001882,0.037134,0.03128,0.393726,,5088600,,
9,9,,0.029396,0.038427,0.042784,0.12644,0.072279,0.207563,0.00756,0.047385,0.082029,0.346136,,5070600,,
9,1,,0.045701,0.280708,0.088063,0.172324,0.034603,0.093656,0.008357,0.083556,0.060948,0.132084,,5109200,,
9,9,,0.031398,0.03552,0.04532,0.048505,0.076461,0.210614,0.007391,0.050754,0.038543,0.455494,,5084300,,
9,9,,0.051906,0.035858,0.044885,0.053537,0.074384,0.214293,0.007391,0.070975,0.054312,0.39246,,5120300,,
9,3,,0.006211,0.071532,0.081353,0.310481,0.022378,0.164183,0.011363,0.089328,0.092808,0.150363,,5145200,,
9,7,,0.00891,0.155544,0.116857,0.124079,0.030475,0.150697,0.008274,0.16398,0.099007,0.142176,,5144000,,
9,3,,0.006503,0.070538,0.076851,0.364805,0.02267,0.194798,0.012146,0.082128,0.080688,0.088873,,5090500,,
9,7,,0.007647,0.110752,0.105304,0.127433,0.025423,0.127304,0.007359,0.227171,0.05788,0.203726,,5159600,,
9,9,,0.02466,0.057205,0.059265,0.080751,0.059053,0.200814,0.007838,0.071718,0.040631,0.398066,,5164400,,
9,9,,0.028984,0.032697,0.042304,0.095487,0.063496,0.280551,0.007673,0.043323,0.039624,0.36586,,5150200,,
9,3,,0.00856,0.172623,0.067433,0.202383,0.033686,0.119636,0.027761,0.105538,0.066154,0.196226,,5333100,,
9,9,,0.031906,0.035858,0.044885,0.053537,0.074384,0.214293,0.007391,0.050975,0.034312,0.45246,,5118200,,
9,9,,0.031906,0.035858,0.044885,0.053537,0.094384,0.214293,0.007391,0.050975,0.034312,0.43246,,5214400,,
9,9,,0.223202,0.081651,0.054356,0.163712,0.039959,0.061122,0.008833,0.065289,0.030979,0.270895,,5148200,,
9,9,,0.034204,0.036958,0.039901,0.083455,0.06095,0.199944,0.007469,0.0422,0.039198,0.45572,,5141800,,
9,9,,0.031906,0.035858,0.044885,0.053537,0.074384,0.214293,0.007391,0.050975,0.054312,0.43246,,6096900,,
9,9,,0.0308,0.034251,0.040535,0.092469,0.060887,0.205555,0.00756,0.041955,0.040879,0.44511,,5639800,,