semeion,CWE,test,3,NANOSECONDS,PREDICTIONS, Generated by ClassifierExperiments.java on 2022-05-16 23:29:10.    SYSTEMPROPERTIES:{user.name:matth,os.arch:amd64,os.name:Windows 10},ENDSYSTEMPROPERTIES
No parameter info
0.8761609907120743,2352068600,1661831700,-1,101241720,10,,-1,-1
0,0,,0.636192,0.039065,0.030252,0.002223,0.13636,0.002323,0.030608,0.009382,0.069045,0.04455,,5344400,,
0,0,,0.702776,0.016592,0.033271,0.002223,0.07742,0.002323,0.050364,0.009642,0.080387,0.025002,,5142100,,
0,0,,0.735122,0.015429,0.030252,0.002223,0.080709,0.002323,0.030787,0.009382,0.069224,0.02455,,5076100,,
0,9,,0.087033,0.05055,0.040251,0.100665,0.064583,0.160485,0.003472,0.116778,0.117595,0.258587,,5081000,,
0,0,,0.488708,0.023563,0.058764,0.002986,0.109592,0.005851,0.147274,0.015815,0.141713,0.005733,,5047300,,
0,0,,0.735122,0.015429,0.030252,0.002223,0.080709,0.002323,0.030787,0.009382,0.069224,0.02455,,5023100,,
0,0,,0.73287,0.015429,0.030072,0.002223,0.082015,0.003989,0.030607,0.009382,0.069043,0.02437,,5050100,,
0,0,,0.528199,0.024949,0.028317,0.026916,0.065349,0.117482,0.013807,0.02801,0.045041,0.12193,,5101300,,
0,0,,0.73287,0.015429,0.030072,0.002223,0.082015,0.003989,0.030607,0.009382,0.069043,0.02437,,5042600,,
0,0,,0.309554,0.04793,0.090129,0.017263,0.123116,0.020807,0.221419,0.02218,0.137446,0.010156,,5028700,,
0,0,,0.735122,0.015429,0.030252,0.002223,0.080709,0.002323,0.030787,0.009382,0.069224,0.02455,,5063200,,
0,0,,0.700525,0.020021,0.034617,0.002107,0.090354,0.004233,0.038202,0.010069,0.077624,0.022247,,5024800,,
0,0,,0.704013,0.018072,0.036988,0.001797,0.076652,0.002291,0.035285,0.007927,0.093335,0.023641,,5051800,,
0,0,,0.496448,0.027338,0.036386,0.044174,0.072699,0.100105,0.022994,0.034129,0.045855,0.119871,,5079300,,
0,9,,0.065613,0.088144,0.080167,0.088082,0.042524,0.122316,0.00349,0.111519,0.167873,0.230271,,5038200,,
0,0,,0.489743,0.021799,0.07761,0.002273,0.106433,0.002519,0.090519,0.009396,0.183634,0.016075,,5121800,,
0,0,,0.650067,0.039904,0.035524,0.006422,0.097736,0.018289,0.028303,0.010846,0.073359,0.03955,,5230500,,
0,0,,0.735122,0.015429,0.030252,0.002223,0.080709,0.002323,0.030787,0.009382,0.069224,0.02455,,5050000,,
0,0,,0.735122,0.015429,0.030252,0.002223,0.080709,0.002323,0.030787,0.009382,0.069224,0.02455,,5068300,,
0,0,,0.674726,0.017,0.032062,0.007821,0.074447,0.028037,0.032636,0.019603,0.07802,0.035648,,5035600,,
0,0,,0.735122,0.015429,0.030252,0.002223,0.080709,0.002323,0.030787,0.009382,0.069224,0.02455,,5000100,,
0,0,,0.735122,0.015429,0.030252,0.002223,0.080709,0.002323,0.030787,0.009382,0.069224,0.02455,,5114900,,
0,0,,0.566674,0.018072,0.061808,0.001797,0.137737,0.002291,0.034754,0.015427,0.137979,0.023461,,5037800,,
0,0,,0.735122,0.015429,0.030252,0.002223,0.080709,0.002323,0.030787,0.009382,0.069224,0.02455,,5033400,,
0,0,,0.735122,0.015429,0.030252,0.002223,0.080709,0.002323,0.030787,0.009382,0.069224,0.02455,,5028900,,
0,0,,0.735122,0.015429,0.030252,0.002223,0.080709,0.002323,0.030787,0.009382,0.069224,0.02455,,5009000,,
0,0,,0.27473,0.036693,0.058291,0.055636,0.055301,0.103911,0.002368,0.036782,0.103068,0.273219,,4996800,,
0,0,,0.509743,0.021799,0.05761,0.002273,0.146433,0.002519,0.090519,0.009396,0.143634,0.016075,,5110000,,
0,0,,0.735122,0.015429,0.030252,0.002223,0.080709,0.002323,0.030787,0.009382,0.069224,0.02455,,5028800,,
0,0,,0.495231,0.024087,0.071516,0.008756,0.071248,0.021553,0.104259,0.018442,0.143458,0.041449,,5073000,,
0,0,,0.73122,0.018029,0.030721,0.004379,0.077333,0.002096,0.025963,0.009863,0.068994,0.031403,,5042300,,
0,9,,0.222397,0.034696,0.029027,0.06858,0.135433,0.100964,0.006912,0.054874,0.040091,0.307026,,5050500,,
0,0,,0.735122,0.015429,0.030252,0.002223,0.080709,0.002323,0.030787,0.009382,0.069224,0.02455,,5002500,,
1,1,,0.003645,0.376166,0.085469,0.091953,0.039371,0.083467,0.004326,0.215798,0.029893,0.069911,,5085700,,
1,1,,0.012328,0.355237,0.15955,0.058872,0.050594,0.063491,0.044319,0.111584,0.096128,0.047897,,5063100,,
1,1,,0.016915,0.38991,0.067237,0.156532,0.039686,0.073836,0.003845,0.089765,0.034935,0.127339,,5061900,,
1,1,,0.007278,0.298105,0.089786,0.077529,0.030042,0.106643,0.004838,0.234143,0.047915,0.103722,,5093100,,
1,1,,0.011956,0.451047,0.073327,0.083808,0.029287,0.072266,0.003895,0.152959,0.037681,0.083774,,5066900,,
1,3,,0.005004,0.215236,0.07561,0.249203,0.032963,0.095106,0.005435,0.089737,0.088266,0.143438,,5020000,,
1,1,,0.009177,0.241368,0.129946,0.088816,0.041144,0.103969,0.055133,0.212354,0.062366,0.055727,,5045700,,
1,1,,0.004942,0.414098,0.077877,0.08816,0.037235,0.097346,0.003999,0.163196,0.038381,0.074765,,5043100,,
1,1,,0.004656,0.321341,0.127964,0.114827,0.036327,0.111007,0.004315,0.164106,0.034585,0.080869,,5100200,,
1,1,,0.004066,0.441506,0.108303,0.081177,0.032153,0.083444,0.004514,0.145031,0.032848,0.066958,,5117700,,
1,1,,0.005566,0.24964,0.100483,0.103546,0.055787,0.100689,0.003338,0.237554,0.038871,0.104525,,5093600,,
1,1,,0.015678,0.429016,0.104701,0.060532,0.033593,0.051382,0.031148,0.113878,0.100129,0.059943,,5018100,,
1,7,,0.010507,0.100194,0.151864,0.092685,0.041266,0.137901,0.072984,0.250743,0.07693,0.064926,,5040800,,
1,1,,0.003645,0.345766,0.087869,0.091687,0.039638,0.085867,0.004059,0.239264,0.031493,0.070711,,5020700,,
1,1,,0.009709,0.306716,0.129545,0.078871,0.071544,0.079627,0.030676,0.149878,0.055272,0.088162,,5096700,,
1,1,,0.00441,0.348592,0.107967,0.085561,0.036348,0.093205,0.004696,0.206267,0.035049,0.077906,,5095900,,
1,1,,0.005914,0.440454,0.101221,0.087432,0.030878,0.076138,0.00374,0.137028,0.0347,0.082493,,5113000,,
1,1,,0.242138,0.260994,0.092186,0.028685,0.125386,0.009973,0.045322,0.040324,0.128413,0.026581,,5037300,,
1,1,,0.009709,0.304363,0.169545,0.078871,0.054339,0.103156,0.030676,0.146839,0.036448,0.066054,,5072500,,
1,1,,0.187972,0.283498,0.109392,0.023987,0.141355,0.022745,0.032992,0.064889,0.100924,0.032246,,5070400,,
1,4,,0.022738,0.26206,0.079512,0.026963,0.267312,0.029559,0.105772,0.100943,0.078101,0.027039,,5079000,,
1,1,,0.00596,0.264654,0.218063,0.110776,0.033405,0.093476,0.003047,0.145214,0.042168,0.083236,,5134100,,
1,1,,0.006829,0.266758,0.100047,0.064302,0.042875,0.126978,0.02429,0.174246,0.061313,0.132362,,5135900,,
1,1,,0.010016,0.235813,0.222862,0.088182,0.055126,0.072303,0.060172,0.102836,0.093221,0.05947,,5057000,,
1,1,,0.029047,0.381274,0.09222,0.068464,0.084404,0.072748,0.018662,0.132866,0.063982,0.056334,,5081500,,
1,1,,0.016499,0.33625,0.064499,0.205586,0.036657,0.072685,0.004041,0.103179,0.033562,0.127042,,5020600,,
1,4,,0.059159,0.184513,0.087841,0.002679,0.29755,0.00817,0.132547,0.053717,0.162106,0.011719,,5065500,,
1,1,,0.031152,0.237112,0.111709,0.023071,0.123811,0.02499,0.187579,0.069005,0.172054,0.019517,,5081300,,
1,1,,0.006921,0.297752,0.153551,0.089284,0.035332,0.104126,0.003667,0.168951,0.055986,0.08443,,5139400,,
1,1,,0.006826,0.295164,0.09925,0.095406,0.036433,0.11116,0.003047,0.190933,0.070149,0.091631,,5096800,,
1,1,,0.005966,0.331364,0.098744,0.097695,0.03571,0.102437,0.003738,0.196066,0.041963,0.086318,,5075700,,
1,1,,0.029009,0.39209,0.064569,0.067267,0.044355,0.07283,0.059353,0.152199,0.063939,0.054389,,5048700,,
1,1,,0.004261,0.430435,0.073679,0.103269,0.032596,0.087466,0.004912,0.164905,0.029946,0.06853,,5084100,,
2,2,,0.006003,0.193472,0.299794,0.098178,0.031831,0.094856,0.003047,0.145304,0.042468,0.085048,,5068300,,
2,3,,0.004636,0.106557,0.190903,0.287493,0.08202,0.113669,0.006215,0.104261,0.025287,0.078959,,5300300,,
2,2,,0.021323,0.102077,0.319945,0.076456,0.032763,0.078007,0.041338,0.11412,0.125953,0.088019,,5096000,,
2,2,,0.014239,0.128774,0.263339,0.097019,0.031017,0.089251,0.026753,0.135563,0.147138,0.066907,,5087900,,
2,2,,0.035504,0.027514,0.347249,0.00756,0.115927,0.014381,0.294313,0.028092,0.127727,0.001733,,5069600,,
2,2,,0.005603,0.171748,0.321534,0.104029,0.031909,0.093107,0.002647,0.146792,0.039377,0.083255,,5152600,,
2,2,,0.005466,0.167091,0.270646,0.126284,0.071503,0.093094,0.003373,0.135175,0.040254,0.087115,,5122900,,
2,2,,0.003355,0.14222,0.343576,0.107409,0.027065,0.081746,0.002903,0.193629,0.027967,0.070131,,5124500,,
2,5,,0.014018,0.069502,0.154576,0.063938,0.158674,0.250405,0.004306,0.085783,0.02891,0.169888,,5089000,,
2,1,,0.012088,0.352418,0.137679,0.078616,0.048503,0.067551,0.003558,0.15511,0.045161,0.099317,,5116100,,
2,2,,0.007327,0.122858,0.280504,0.082527,0.059632,0.163287,0.00347,0.15804,0.030429,0.091927,,5081300,,
2,2,,0.005049,0.151077,0.211438,0.195338,0.060974,0.111942,0.003569,0.133589,0.037705,0.089318,,5092600,,
2,2,,0.025612,0.038286,0.36442,0.019969,0.094087,0.019739,0.263202,0.038631,0.128694,0.00736,,5130800,,
2,1,,0.013144,0.273932,0.197442,0.15235,0.025351,0.073623,0.003076,0.119064,0.051774,0.090243,,6860600,,
2,2,,0.005623,0.1405,0.262652,0.143857,0.034966,0.113497,0.003611,0.160999,0.043529,0.090765,,6773700,,
2,2,,0.020959,0.148739,0.301979,0.066803,0.035605,0.05974,0.042147,0.097328,0.111857,0.114844,,5375300,,
2,9,,0.013597,0.062287,0.156726,0.056539,0.084924,0.199199,0.005297,0.114878,0.085803,0.220752,,5506000,,
2,2,,0.00419,0.149288,0.320689,0.10635,0.028782,0.083436,0.002903,0.199301,0.029844,0.075215,,5345500,,
2,2,,0.021926,0.125128,0.341494,0.066772,0.029089,0.062146,0.030707,0.116657,0.130825,0.075255,,5042300,,
2,2,,0.024605,0.040787,0.370885,0.019368,0.090817,0.018998,0.240687,0.038012,0.14796,0.007881,,5044400,,
2,2,,0.041848,0.047471,0.304536,0.003831,0.090707,0.006799,0.213453,0.024121,0.260841,0.006393,,5111700,,
2,2,,0.005363,0.118746,0.264091,0.110495,0.027627,0.099112,0.002939,0.241051,0.047456,0.08312,,5138500,,
2,2,,0.009733,0.107973,0.391502,0.069743,0.054257,0.07976,0.049085,0.10016,0.079254,0.058532,,5099000,,
2,2,,0.008033,0.128639,0.399804,0.076444,0.037908,0.063697,0.041055,0.131978,0.066499,0.045943,,5133400,,
2,6,,0.025402,0.055165,0.225096,0.017269,0.111792,0.02525,0.323058,0.07541,0.130044,0.011514,,5051900,,
2,2,,0.034038,0.07548,0.300018,0.035159,0.089945,0.022705,0.195078,0.056851,0.167955,0.022771,,5078700,,
2,2,,0.028954,0.16224,0.268464,0.09861,0.025927,0.084069,0.002292,0.129711,0.096656,0.103078,,5126000,,
2,2,,0.012455,0.175036,0.262713,0.130456,0.022729,0.080064,0.001508,0.173917,0.04422,0.096901,,5123700,,
2,2,,0.006213,0.204548,0.244394,0.086354,0.033691,0.117007,0.003667,0.173041,0.051732,0.079353,,5084400,,
2,8,,0.029621,0.063268,0.12406,0.01268,0.110853,0.056694,0.262025,0.030197,0.301472,0.009131,,5096200,,
2,2,,0.005863,0.153288,0.221555,0.112087,0.030569,0.123426,0.003233,0.158155,0.044067,0.147756,,5045100,,
2,2,,0.006711,0.186676,0.248951,0.101107,0.033473,0.101974,0.003047,0.161214,0.046723,0.110124,,5106500,,
3,3,,0.012825,0.113345,0.058813,0.401652,0.02204,0.099927,0.002941,0.070659,0.039953,0.177845,,5069300,,
3,3,,0.006131,0.078652,0.060214,0.494106,0.022054,0.103396,0.004343,0.073158,0.029649,0.128298,,5193900,,
3,3,,0.005413,0.074586,0.061069,0.532036,0.020966,0.107261,0.003721,0.073797,0.029981,0.091169,,5197500,,
3,3,,0.005837,0.079828,0.061067,0.498572,0.021097,0.094522,0.003386,0.073628,0.031737,0.130327,,5226700,,
3,3,,0.005708,0.073409,0.060217,0.507571,0.021923,0.136135,0.004678,0.073327,0.027893,0.08914,,5073400,,
3,3,,0.005497,0.072988,0.060907,0.454904,0.021502,0.166404,0.005789,0.073116,0.027893,0.111,,5093700,,
3,3,,0.00557,0.077058,0.061346,0.531411,0.020726,0.095881,0.003549,0.073849,0.031262,0.099348,,5028300,,
3,3,,0.016112,0.067921,0.067709,0.469794,0.02174,0.088699,0.003476,0.152899,0.028141,0.083509,,5160100,,
3,5,,0.019845,0.091345,0.045108,0.177233,0.073326,0.303355,0.005062,0.06116,0.03032,0.193246,,5111200,,
3,3,,0.004896,0.074839,0.062416,0.481882,0.020277,0.116135,0.003549,0.074131,0.029717,0.13216,,5147600,,
3,3,,0.004896,0.074839,0.062416,0.541882,0.020277,0.096135,0.003549,0.074131,0.029717,0.09216,,5027000,,
3,9,,0.047286,0.082913,0.052663,0.229341,0.02248,0.113415,0.002061,0.075648,0.047757,0.326436,,5089800,,
3,3,,0.014885,0.054633,0.090566,0.286426,0.073152,0.153712,0.071219,0.05534,0.080176,0.119892,,5100700,,
3,3,,0.007544,0.100063,0.064983,0.366878,0.026289,0.113137,0.003118,0.102926,0.083151,0.13191,,5067600,,
3,3,,0.012454,0.0793,0.061241,0.520316,0.019247,0.091928,0.002852,0.071092,0.034833,0.106738,,5104100,,
3,3,,0.016587,0.074508,0.06065,0.465173,0.043366,0.11141,0.003836,0.073579,0.02955,0.121341,,5062100,,
3,3,,0.005933,0.119859,0.065826,0.387389,0.026309,0.136407,0.003719,0.112439,0.036573,0.105545,,5061700,,
3,3,,0.004896,0.074839,0.062416,0.541882,0.020277,0.096135,0.003549,0.074131,0.029717,0.09216,,5065400,,
3,3,,0.005708,0.073409,0.060217,0.527571,0.021923,0.116135,0.004678,0.073327,0.027893,0.08914,,5020800,,
3,3,,0.004896,0.094839,0.062194,0.482104,0.020277,0.096135,0.003549,0.074131,0.029717,0.13216,,5043800,,
3,3,,0.004896,0.074839,0.062416,0.541882,0.020277,0.096135,0.003549,0.074131,0.029717,0.09216,,5086800,,
3,3,,0.005562,0.123486,0.154086,0.261801,0.022426,0.083848,0.00237,0.188015,0.04125,0.117157,,5116100,,
3,3,,0.006376,0.079524,0.061484,0.522743,0.020788,0.095881,0.003388,0.074494,0.031808,0.103513,,5034500,,
3,3,,0.009707,0.067405,0.094604,0.391412,0.037719,0.117943,0.052814,0.061705,0.078471,0.08822,,5074200,,
3,3,,0.004896,0.074839,0.062416,0.541882,0.020277,0.096135,0.003549,0.074131,0.029717,0.09216,,5018500,,
3,3,,0.004489,0.074222,0.067757,0.519079,0.019464,0.094116,0.003353,0.097194,0.029717,0.090611,,5085400,,
3,3,,0.005797,0.079893,0.076853,0.527092,0.019238,0.089101,0.004008,0.072793,0.036101,0.089124,,5062500,,
3,7,,0.126823,0.094965,0.095481,0.158798,0.090719,0.077691,0.003706,0.187926,0.043138,0.120753,,5180200,,
3,3,,0.005968,0.089494,0.100513,0.404685,0.023996,0.109417,0.004699,0.085435,0.034393,0.141398,,5124800,,
3,3,,0.004593,0.09965,0.114808,0.286112,0.025579,0.091013,0.002705,0.263119,0.033797,0.078623,,5131600,,
3,3,,0.005699,0.067448,0.060875,0.359354,0.023305,0.221532,0.006503,0.068584,0.029411,0.157288,,5110700,,
3,3,,0.011806,0.05227,0.048264,0.325575,0.047757,0.267832,0.006127,0.059687,0.025529,0.155153,,5277900,,
4,4,,0.010994,0.175173,0.069348,0.065398,0.202006,0.102269,0.031162,0.183538,0.054575,0.105538,,5141000,,
4,4,,0.036718,0.145246,0.09402,0.016631,0.334326,0.013564,0.135848,0.037946,0.150171,0.035529,,5128900,,
4,4,,0.032968,0.049849,0.073902,0.003807,0.491419,0.013007,0.198447,0.036482,0.092264,0.007854,,5132300,,
4,4,,0.030156,0.061577,0.069043,0.0552,0.278604,0.196302,0.024104,0.121983,0.027398,0.135633,,5165000,,
4,4,,0.031989,0.059324,0.050835,0.055753,0.28567,0.181878,0.024069,0.08305,0.053785,0.173647,,5135600,,
4,4,,0.028496,0.149126,0.067137,0.019144,0.406482,0.024312,0.141098,0.066661,0.0771,0.020443,,5098000,,
4,4,,0.288612,0.023397,0.049919,0.02355,0.398295,0.006384,0.100151,0.023081,0.068534,0.018078,,5106000,,
4,0,,0.508815,0.038857,0.050072,0.002223,0.258999,0.003989,0.030428,0.009382,0.072865,0.02437,,5093100,,
4,4,,0.087017,0.070347,0.092085,0.007152,0.381765,0.025149,0.195943,0.039554,0.089702,0.011286,,5221300,,
4,4,,0.116746,0.038584,0.047205,0.058842,0.220952,0.211174,0.004174,0.077748,0.021944,0.202631,,5105300,,
4,4,,0.026639,0.065503,0.071919,0.059264,0.251363,0.211927,0.004698,0.088537,0.026774,0.193377,,5163900,,
4,4,,0.032414,0.05081,0.131134,0.005967,0.376716,0.035346,0.189433,0.057668,0.113596,0.006917,,5163100,,
4,4,,0.039634,0.069849,0.093902,0.003807,0.444753,0.013007,0.198447,0.036482,0.092264,0.007854,,5133500,,
4,4,,0.142586,0.171082,0.053904,0.033999,0.336284,0.020799,0.092679,0.049481,0.077575,0.021611,,5084700,,
4,4,,0.179605,0.036874,0.058073,0.028961,0.258644,0.133474,0.007691,0.072647,0.052432,0.1716,,5191100,,
4,4,,0.032978,0.090187,0.075585,0.027353,0.303465,0.055088,0.195546,0.105234,0.086072,0.028492,,5162300,,
4,4,,0.032968,0.049849,0.073902,0.003807,0.491419,0.013007,0.198447,0.036482,0.092264,0.007854,,5156300,,
4,6,,0.024477,0.04994,0.107718,0.016495,0.285816,0.022583,0.300633,0.051558,0.133059,0.00772,,5157600,,
4,4,,0.035944,0.073418,0.101735,0.010472,0.395805,0.019471,0.171167,0.067798,0.112372,0.011819,,5113800,,
4,4,,0.254366,0.022038,0.073708,0.008094,0.353385,0.038347,0.075601,0.035255,0.071375,0.06783,,5100600,,
4,4,,0.017391,0.062816,0.05315,0.055891,0.286655,0.194454,0.032171,0.092616,0.031608,0.173247,,5172800,,
4,4,,0.028174,0.170083,0.0967,0.029577,0.28693,0.030695,0.151746,0.082449,0.076211,0.047435,,5156700,,
4,4,,0.030959,0.057307,0.056185,0.010816,0.451422,0.084313,0.13381,0.065574,0.072412,0.037202,,5219800,,
4,4,,0.108368,0.053216,0.069867,0.009546,0.412943,0.020077,0.165184,0.066597,0.081722,0.012479,,5204000,,
4,4,,0.032968,0.049849,0.073902,0.003807,0.491419,0.013007,0.198447,0.036482,0.092264,0.007854,,5157800,,
4,4,,0.023129,0.074942,0.098902,0.017851,0.394753,0.026588,0.199135,0.055714,0.095655,0.01333,,5099500,,
4,1,,0.01008,0.247992,0.12561,0.078727,0.159104,0.092814,0.031379,0.156441,0.02915,0.068702,,5169200,,
4,4,,0.056572,0.087908,0.063667,0.027147,0.426992,0.029835,0.115865,0.08476,0.074155,0.033098,,5149300,,
4,4,,0.04394,0.073841,0.050746,0.055907,0.282716,0.179737,0.003989,0.072903,0.053946,0.182275,,5210700,,
4,4,,0.039726,0.103051,0.098107,0.002091,0.312285,0.00809,0.154948,0.033483,0.195185,0.053034,,7390700,,
4,0,,0.366315,0.019761,0.043252,0.00355,0.323344,0.006384,0.16068,0.016414,0.048888,0.011412,,7253600,,
4,4,,0.032968,0.049849,0.073902,0.003807,0.491419,0.013007,0.198447,0.036482,0.092264,0.007854,,6318700,,
4,4,,0.032968,0.049849,0.073902,0.003807,0.491419,0.013007,0.198447,0.036482,0.092264,0.007854,,5097700,,
5,5,,0.035923,0.050991,0.044259,0.099197,0.054036,0.460014,0.004508,0.05802,0.031737,0.161316,,5091300,,
5,5,,0.009922,0.073312,0.057991,0.225444,0.03863,0.3459,0.010037,0.074009,0.034835,0.129919,,5156200,,
5,5,,0.016023,0.047116,0.044052,0.092385,0.069668,0.487453,0.005386,0.05407,0.030089,0.153758,,5064400,,
5,7,,0.035469,0.08298,0.105501,0.05343,0.104304,0.124579,0.151205,0.213262,0.078212,0.051058,,5049300,,
5,5,,0.015934,0.060248,0.051526,0.065017,0.064969,0.472703,0.004076,0.07585,0.030195,0.159482,,5164600,,
5,5,,0.014027,0.064549,0.055942,0.066712,0.061157,0.473477,0.004415,0.080667,0.031661,0.147394,,5060000,,
5,5,,0.015934,0.060248,0.051526,0.065017,0.084969,0.452703,0.004076,0.07585,0.030195,0.159482,,5103100,,
5,5,,0.012654,0.095479,0.088788,0.099085,0.069426,0.361944,0.003797,0.098707,0.0284,0.14172,,5158100,,
5,5,,0.012941,0.091563,0.061335,0.075331,0.068416,0.409553,0.004479,0.104901,0.033783,0.137699,,5043800,,
5,5,,0.015934,0.060248,0.051526,0.065017,0.064969,0.472703,0.004076,0.07585,0.030195,0.159482,,5058500,,
5,5,,0.006284,0.126398,0.086917,0.091924,0.031928,0.347809,0.00347,0.165045,0.048773,0.091451,,5009400,,
5,5,,0.016154,0.047018,0.043954,0.093535,0.059078,0.497576,0.005058,0.053874,0.030778,0.152974,,5074000,,
5,5,,0.013895,0.068542,0.056065,0.06969,0.06967,0.453516,0.004506,0.084847,0.031423,0.147845,,5173800,,
5,5,,0.015473,0.062702,0.112232,0.071839,0.060114,0.316825,0.0732,0.075349,0.093166,0.119098,,5203900,,
5,5,,0.007369,0.112757,0.08452,0.113718,0.033465,0.362086,0.002763,0.145718,0.043383,0.094222,,5067300,,
5,5,,0.015363,0.060251,0.053598,0.062916,0.075684,0.462666,0.004404,0.080718,0.028286,0.156116,,5079700,,
5,5,,0.015934,0.060248,0.051526,0.065017,0.064969,0.472703,0.004076,0.07585,0.030195,0.159482,,5050000,,
5,5,,0.012941,0.091563,0.061335,0.075331,0.068416,0.409553,0.004479,0.104901,0.033783,0.137699,,5157200,,
5,5,,0.016154,0.047018,0.043954,0.093535,0.059078,0.497576,0.005058,0.053874,0.030778,0.152974,,5086500,,
5,5,,0.013073,0.091465,0.061237,0.076481,0.057826,0.419675,0.004151,0.104705,0.034473,0.136915,,5173400,,
5,9,,0.01953,0.060267,0.056121,0.07274,0.051743,0.235177,0.002386,0.065884,0.057138,0.379013,,5085900,,
5,5,,0.015934,0.060248,0.051526,0.065017,0.064969,0.472703,0.004076,0.07585,0.030195,0.159482,,5046100,,
5,5,,0.006172,0.128981,0.090349,0.108441,0.028534,0.335015,0.002525,0.164197,0.046618,0.089168,,5025900,,
5,5,,0.016154,0.047018,0.043954,0.093535,0.059078,0.497576,0.005058,0.053874,0.030778,0.152974,,5084000,,
5,5,,0.016555,0.047018,0.043402,0.094805,0.06003,0.494121,0.005058,0.053874,0.030627,0.15451,,5053700,,
5,9,,0.112422,0.045434,0.076321,0.108209,0.059391,0.223036,0.038026,0.048691,0.064559,0.22391,,5080600,,
5,5,,0.015802,0.060346,0.051624,0.063868,0.075559,0.46258,0.004404,0.076046,0.029505,0.160266,,6294800,,
5,5,,0.016154,0.047018,0.063954,0.155073,0.072369,0.378687,0.00478,0.056951,0.050501,0.154513,,5553500,,
5,5,,0.013895,0.064647,0.05604,0.065563,0.071747,0.463354,0.004743,0.080863,0.030971,0.148178,,5069500,,
5,5,,0.015934,0.060248,0.051526,0.065017,0.064969,0.472703,0.004076,0.07585,0.030195,0.159482,,5070600,,
5,5,,0.014737,0.064222,0.054235,0.065822,0.061152,0.469355,0.004134,0.080458,0.031689,0.154196,,5033700,,
5,5,,0.016555,0.047018,0.043402,0.094805,0.06003,0.494121,0.005058,0.053874,0.030627,0.15451,,5092800,,
6,6,,0.035703,0.026554,0.11479,0.005073,0.119503,0.012317,0.531327,0.025656,0.127344,0.001733,,5109100,,
6,6,,0.035703,0.026554,0.09479,0.005073,0.119503,0.012317,0.551327,0.025656,0.127344,0.001733,,5044400,,
6,6,,0.035176,0.027514,0.111426,0.007232,0.115927,0.014969,0.532342,0.028092,0.125588,0.001733,,5101200,,
6,6,,0.035703,0.026554,0.09479,0.005073,0.119503,0.012317,0.551327,0.025656,0.127344,0.001733,,5090500,,
6,6,,0.055703,0.026554,0.09479,0.005073,0.119503,0.011729,0.532122,0.025656,0.127137,0.001733,,5028800,,
6,6,,0.030763,0.029804,0.114239,0.03359,0.140112,0.023616,0.471969,0.027457,0.126057,0.002392,,5023600,,
6,6,,0.05093,0.026889,0.091234,0.014444,0.138585,0.032223,0.490181,0.028816,0.120875,0.005824,,5034800,,
6,6,,0.055703,0.026554,0.09479,0.005073,0.119503,0.011729,0.531915,0.025656,0.127344,0.001733,,5013500,,
6,6,,0.02805,0.045352,0.072635,0.010165,0.258572,0.022078,0.419226,0.038434,0.096127,0.009361,,5080300,,
6,6,,0.035703,0.026554,0.09479,0.005073,0.119503,0.011729,0.551915,0.025656,0.127344,0.001733,,5022000,,
6,6,,0.049125,0.025917,0.09255,0.004995,0.11924,0.012084,0.543378,0.024925,0.125929,0.001858,,5042500,,
6,6,,0.035703,0.026554,0.09479,0.005073,0.119503,0.012317,0.551327,0.025656,0.127344,0.001733,,5016800,,
6,6,,0.034044,0.034099,0.085259,0.004426,0.17202,0.011439,0.469522,0.028621,0.156622,0.003948,,5086300,,
6,6,,0.035703,0.026554,0.09479,0.005073,0.119503,0.011729,0.551915,0.025656,0.127344,0.001733,,5070800,,
6,6,,0.035703,0.026554,0.09479,0.005073,0.119503,0.012317,0.551327,0.025656,0.127344,0.001733,,5105400,,
6,6,,0.029954,0.059681,0.072463,0.154195,0.070385,0.203166,0.215003,0.052969,0.072598,0.069585,,5085000,,
6,6,,0.035703,0.026554,0.09479,0.005073,0.119503,0.012317,0.551327,0.025656,0.127344,0.001733,,5067100,,
6,6,,0.035703,0.026554,0.09479,0.005073,0.119503,0.012317,0.551327,0.025656,0.127344,0.001733,,5048200,,
6,6,,0.030233,0.029681,0.113876,0.007479,0.114291,0.018137,0.528,0.033322,0.122706,0.002276,,5099400,,
6,6,,0.008765,0.183141,0.103339,0.057889,0.046109,0.088127,0.253102,0.134262,0.080372,0.044895,,5216900,,
6,6,,0.036312,0.028842,0.092818,0.004982,0.1462,0.011882,0.527188,0.026086,0.123804,0.001886,,5148400,,
6,6,,0.030233,0.029681,0.113876,0.007479,0.154291,0.018137,0.488,0.033322,0.122706,0.002276,,5172400,,
6,6,,0.035703,0.026554,0.09479,0.005073,0.119503,0.012317,0.531327,0.025656,0.147344,0.001733,,5115300,,
6,6,,0.035703,0.026554,0.09479,0.005073,0.119503,0.012317,0.551327,0.025656,0.127344,0.001733,,5069300,,
6,6,,0.033512,0.036561,0.084658,0.004545,0.17984,0.014157,0.49167,0.035674,0.113047,0.006335,,5065900,,
6,6,,0.049125,0.025917,0.09255,0.004995,0.11924,0.012084,0.523378,0.024925,0.145929,0.001858,,5001000,,
6,6,,0.069375,0.029584,0.087542,0.007917,0.133136,0.027131,0.489913,0.030968,0.11899,0.005443,,5110900,,
6,6,,0.035176,0.033772,0.1303,0.006969,0.121071,0.014084,0.472271,0.026995,0.157628,0.001733,,5074800,,
6,6,,0.035703,0.026554,0.09479,0.005073,0.119503,0.012317,0.551327,0.025656,0.127344,0.001733,,5086600,,
6,4,,0.031853,0.044106,0.115128,0.003898,0.3095,0.013278,0.272723,0.038638,0.162325,0.00855,,5036300,,
6,6,,0.035703,0.026554,0.09479,0.005073,0.119503,0.012317,0.551327,0.025656,0.127344,0.001733,,5063200,,
6,6,,0.035703,0.026554,0.09479,0.005073,0.119503,0.012317,0.551327,0.025656,0.127344,0.001733,,5096700,,
6,6,,0.035703,0.026554,0.09479,0.005073,0.119503,0.012317,0.551327,0.025656,0.127344,0.001733,,5472400,,
7,7,,0.009163,0.197376,0.102286,0.071835,0.041923,0.102391,0.015177,0.3271,0.05169,0.081058,,5356400,,
7,7,,0.007944,0.119533,0.099592,0.097088,0.073224,0.073532,0.031326,0.409715,0.027249,0.060797,,5192900,,
7,4,,0.029732,0.142532,0.081769,0.007095,0.289925,0.01945,0.165622,0.130505,0.10197,0.0314,,5093900,,
7,7,,0.008145,0.184057,0.092103,0.118821,0.028263,0.106118,0.002444,0.260095,0.056786,0.143168,,5167300,,
7,7,,0.009323,0.230926,0.082324,0.077356,0.055046,0.088125,0.031774,0.318875,0.0365,0.069751,,5111100,,
7,7,,0.06658,0.076361,0.079011,0.092287,0.062299,0.075319,0.002295,0.417615,0.030701,0.097532,,5131500,,
7,7,,0.037323,0.126067,0.117714,0.104872,0.030023,0.079841,0.003323,0.372988,0.03208,0.095769,,5233300,,
7,6,,0.03522,0.133586,0.134924,0.015156,0.176392,0.010193,0.203608,0.086762,0.195826,0.008332,,5200200,,
7,7,,0.00441,0.240989,0.084715,0.085615,0.0511,0.088487,0.004962,0.330158,0.032184,0.077379,,5111500,,
7,7,,0.017849,0.134213,0.113273,0.118938,0.036689,0.10873,0.003497,0.327581,0.048475,0.090756,,5146300,,
7,7,,0.006062,0.122543,0.123742,0.090568,0.036578,0.096108,0.004693,0.393013,0.04451,0.082183,,5085700,,
7,7,,0.005102,0.156279,0.105379,0.094989,0.027037,0.101798,0.003305,0.386356,0.041313,0.078443,,5861600,,
7,7,,0.00851,0.143709,0.100217,0.078639,0.046476,0.097901,0.03166,0.401722,0.032042,0.059124,,5262400,,
7,7,,0.007338,0.121283,0.171843,0.130677,0.022269,0.087167,0.002664,0.229128,0.135977,0.091656,,5181700,,
7,4,,0.032237,0.109577,0.095441,0.008934,0.288101,0.033515,0.189944,0.142067,0.092329,0.007854,,5095700,,
7,7,,0.012436,0.107982,0.098988,0.129068,0.019505,0.083769,0.001508,0.384004,0.045366,0.117374,,5146700,,
7,7,,0.028755,0.158889,0.066751,0.083514,0.059911,0.091915,0.035463,0.33161,0.062042,0.081148,,5137800,,
7,7,,0.008929,0.216076,0.070262,0.075423,0.051719,0.089478,0.032031,0.358255,0.033629,0.064198,,5155800,,
7,7,,0.023211,0.079148,0.100281,0.029852,0.205493,0.030736,0.180294,0.246138,0.082675,0.022172,,5139400,,
7,7,,0.005196,0.212544,0.160457,0.088838,0.06602,0.090772,0.003205,0.236358,0.037475,0.099137,,5198400,,
7,7,,0.029146,0.229788,0.06727,0.082406,0.106631,0.080378,0.036357,0.267969,0.04344,0.056614,,5128100,,
7,7,,0.00427,0.165998,0.152465,0.174083,0.02991,0.089381,0.003522,0.265132,0.033634,0.081605,,5150700,,
7,7,,0.013979,0.129238,0.094996,0.178256,0.025471,0.098537,0.002216,0.198531,0.066913,0.191864,,5151400,,
7,7,,0.006572,0.132039,0.113943,0.143257,0.028456,0.118745,0.002925,0.268728,0.072376,0.11296,,5108800,,
7,7,,0.008534,0.153381,0.069141,0.079744,0.047284,0.082421,0.031526,0.435976,0.029813,0.06218,,5099700,,
7,1,,0.04874,0.299906,0.107732,0.073186,0.055742,0.061562,0.012075,0.203305,0.071872,0.065881,,5108300,,
7,7,,0.007135,0.162705,0.091031,0.117745,0.028198,0.106001,0.002909,0.312649,0.053086,0.11854,,5068200,,
7,7,,0.099199,0.067251,0.081605,0.080893,0.071917,0.064162,0.022259,0.400086,0.032124,0.080504,,5163400,,
7,4,,0.047056,0.16684,0.129561,0.018261,0.203968,0.048342,0.178714,0.09264,0.098464,0.016154,,5132100,,
7,7,,0.06317,0.127317,0.137931,0.066598,0.057881,0.060902,0.068999,0.329848,0.040717,0.046637,,5078500,,
7,7,,0.007242,0.119052,0.102899,0.156799,0.02337,0.094201,0.002044,0.305539,0.06964,0.119214,,5064900,,
7,7,,0.006625,0.144476,0.123401,0.132399,0.028929,0.110331,0.003545,0.300878,0.05969,0.089725,,4981000,,
8,8,,0.041077,0.062675,0.097566,0.002902,0.103588,0.006794,0.227407,0.023841,0.407662,0.02649,,5040000,,
8,8,,0.117376,0.042196,0.101738,0.003603,0.051433,0.004248,0.15316,0.017763,0.493167,0.015317,,4985800,,
8,9,,0.037068,0.08783,0.090975,0.084606,0.022382,0.085633,0.001739,0.188552,0.187852,0.213363,,5077800,,
8,8,,0.095201,0.048457,0.140943,0.012471,0.042333,0.010965,0.145634,0.044473,0.432966,0.026557,,5009500,,
8,8,,0.156522,0.045617,0.146567,0.003603,0.052422,0.005232,0.153602,0.01888,0.387177,0.030379,,5075300,,
8,8,,0.090006,0.067083,0.095957,0.011451,0.140957,0.018399,0.093897,0.062041,0.383975,0.036234,,4984700,,
8,8,,0.033038,0.0366,0.094177,0.003824,0.167779,0.010697,0.269543,0.028001,0.351871,0.004469,,5081600,,
8,8,,0.142571,0.092805,0.161658,0.093653,0.025156,0.073814,0.014941,0.124268,0.180925,0.090208,,5087000,,
8,6,,0.051787,0.031433,0.113411,0.036207,0.128102,0.040352,0.364484,0.028099,0.178739,0.027385,,5103600,,
8,0,,0.251581,0.038232,0.087162,0.005349,0.202511,0.004388,0.109702,0.0784,0.184605,0.03807,,5050200,,
8,8,,0.117925,0.042479,0.139087,0.003015,0.052416,0.003856,0.167571,0.01816,0.440696,0.014795,,5059500,,
8,8,,0.127852,0.04239,0.123028,0.009264,0.052064,0.015168,0.161491,0.023784,0.419058,0.0259,,5037400,,
8,8,,0.03238,0.072553,0.122704,0.012259,0.076137,0.012674,0.199185,0.029045,0.424685,0.018378,,4993800,,
8,8,,0.097635,0.064692,0.224908,0.01,0.111419,0.011197,0.118286,0.02765,0.312674,0.021541,,5026100,,
8,8,,0.014191,0.136459,0.123969,0.123188,0.025868,0.096152,0.002508,0.153101,0.175106,0.149459,,5143400,,
8,8,,0.090414,0.105332,0.106056,0.033998,0.157322,0.015423,0.072763,0.049309,0.335056,0.034327,,5020800,,
8,3,,0.014676,0.103577,0.181364,0.260751,0.02712,0.067866,0.023201,0.060082,0.185125,0.076237,,5063100,,
8,8,,0.096158,0.0385,0.133205,0.010888,0.046014,0.02101,0.148414,0.019699,0.447917,0.038194,,5024400,,
8,6,,0.036312,0.077413,0.116151,0.018315,0.1482,0.011882,0.345188,0.034658,0.209994,0.001886,,5041400,,
8,8,,0.036446,0.062488,0.106504,0.025192,0.113487,0.027602,0.174427,0.05654,0.332836,0.064476,,4986200,,
8,8,,0.028866,0.079576,0.096233,0.020382,0.181155,0.08424,0.166369,0.08995,0.190198,0.06303,,5107100,,
8,3,,0.010043,0.071527,0.161161,0.26046,0.08109,0.107064,0.076525,0.060625,0.094059,0.077447,,5083500,,
8,6,,0.035703,0.066554,0.166083,0.007073,0.120532,0.011729,0.359481,0.027656,0.203456,0.001733,,5118700,,
8,8,,0.041585,0.041126,0.127459,0.004094,0.09157,0.007684,0.216589,0.024429,0.438552,0.006914,,5016600,,
8,8,,0.093696,0.04612,0.140518,0.012607,0.045923,0.011509,0.153964,0.024707,0.445094,0.025862,,5046100,,
8,8,,0.16,0.03768,0.094709,0.003752,0.081589,0.005142,0.217516,0.03659,0.349793,0.01323,,5027800,,
8,8,,0.044255,0.096123,0.134882,0.095916,0.024436,0.091598,0.041751,0.10239,0.255005,0.113644,,5154900,,
8,8,,0.030582,0.052335,0.125195,0.094626,0.094704,0.032772,0.219046,0.058737,0.235,0.057003,,5067800,,
8,8,,0.117925,0.042479,0.103603,0.003015,0.052416,0.003856,0.207571,0.01816,0.43618,0.014795,,5100400,,
8,8,,0.094157,0.065045,0.199393,0.024187,0.045645,0.01101,0.166668,0.060179,0.31069,0.023026,,5092200,,
8,8,,0.018333,0.092132,0.133694,0.06395,0.029705,0.111507,0.041767,0.117881,0.289008,0.102021,,5115500,,
9,9,,0.02477,0.059574,0.04717,0.064685,0.046474,0.149133,0.001678,0.082622,0.041552,0.482342,,5090700,,
9,9,,0.018151,0.06072,0.04939,0.065729,0.051312,0.162246,0.002214,0.068039,0.040716,0.481485,,5142000,,
9,9,,0.02477,0.059574,0.04717,0.063257,0.046474,0.147704,0.001678,0.062622,0.041552,0.505199,,5167000,,
9,9,,0.02423,0.067162,0.049147,0.063301,0.076437,0.158293,0.001678,0.064637,0.06374,0.431376,,5061600,,
9,9,,0.017052,0.154324,0.180059,0.160296,0.032091,0.089203,0.002326,0.125658,0.048784,0.190208,,5071600,,
9,7,,0.00796,0.130512,0.132027,0.093573,0.026449,0.09178,0.004475,0.193476,0.182908,0.136841,,5073000,,
9,9,,0.11017,0.100241,0.055856,0.068809,0.073177,0.117962,0.006258,0.100314,0.067314,0.299897,,5091500,,
9,9,,0.144733,0.059445,0.032504,0.045921,0.107878,0.15034,0.001756,0.033851,0.052105,0.371467,,5063200,,
9,9,,0.066693,0.170981,0.0922,0.090988,0.082301,0.073098,0.003076,0.160651,0.058963,0.201049,,5146000,,
9,9,,0.016027,0.112482,0.050314,0.07082,0.044764,0.149961,0.002538,0.176217,0.051466,0.325411,,5068600,,
9,9,,0.09626,0.043468,0.039442,0.048124,0.051401,0.149733,0.001181,0.050815,0.034073,0.485503,,5066600,,
9,9,,0.016244,0.068916,0.053831,0.07155,0.045423,0.153182,0.002316,0.07684,0.042634,0.469065,,5031100,,
9,9,,0.015038,0.078944,0.045103,0.159377,0.082994,0.218624,0.003142,0.079086,0.06223,0.255462,,5065800,,
9,9,,0.037527,0.070045,0.063609,0.143656,0.065535,0.213709,0.004179,0.054457,0.054235,0.293049,,5031500,,
9,9,,0.107764,0.039966,0.083575,0.040738,0.088534,0.193668,0.002262,0.050981,0.029503,0.363008,,5077600,,
9,9,,0.014481,0.069805,0.045378,0.098733,0.055615,0.252405,0.003315,0.092367,0.041101,0.3268,,5091200,,
9,9,,0.02477,0.059574,0.04717,0.063257,0.046474,0.147133,0.001678,0.062622,0.041552,0.505771,,5076300,,
9,9,,0.02423,0.067162,0.049147,0.063301,0.056437,0.158293,0.001678,0.084637,0.04374,0.451376,,5056000,,
9,9,,0.02477,0.059574,0.04717,0.063257,0.046474,0.147133,0.001678,0.062622,0.061552,0.485771,,5076400,,
9,9,,0.073104,0.043368,0.058111,0.057306,0.05659,0.133726,0.002102,0.059419,0.029797,0.486477,,5037500,,
9,9,,0.033461,0.063311,0.049805,0.065104,0.039882,0.138727,0.001735,0.067217,0.11264,0.428117,,5078500,,
9,9,,0.064577,0.056752,0.06317,0.079266,0.038592,0.134442,0.001592,0.052095,0.09684,0.412673,,5091200,,
9,9,,0.018151,0.06072,0.04939,0.065729,0.051312,0.162246,0.002214,0.068039,0.040716,0.481485,,5055800,,
9,9,,0.013016,0.054371,0.071286,0.16955,0.057151,0.19771,0.003693,0.060596,0.037201,0.335425,,5220000,,
9,3,,0.010344,0.070122,0.164611,0.236951,0.03392,0.093836,0.053821,0.064629,0.086383,0.185384,,5114800,,
9,9,,0.122069,0.055065,0.060438,0.183085,0.058913,0.16706,0.003376,0.048506,0.026163,0.275324,,5078300,,
9,9,,0.02477,0.059574,0.04717,0.063257,0.046474,0.147133,0.001678,0.062622,0.041552,0.505771,,5135100,,
9,9,,0.02344,0.054557,0.040637,0.108343,0.041749,0.149042,0.001851,0.051493,0.040401,0.488487,,5093000,,
9,9,,0.037371,0.055643,0.045945,0.063999,0.045971,0.145066,0.001678,0.058048,0.042076,0.504202,,6297800,,
9,9,,0.117686,0.065136,0.038836,0.044909,0.088818,0.123636,0.001029,0.075306,0.033616,0.411027,,6257300,,
9,2,,0.011693,0.182218,0.186943,0.146178,0.029382,0.109676,0.022953,0.126318,0.043419,0.141221,,6215000,,
9,9,,0.02477,0.059574,0.04717,0.085935,0.046474,0.149133,0.001678,0.062622,0.041552,0.481092,,5166600,,