steel-plates,CWE,test,4,NANOSECONDS,PREDICTIONS, Generated by ClassifierExperiments.java on 2022-05-16 22:51:13.    SYSTEMPROPERTIES:{user.name:matth,os.arch:amd64,os.name:Windows 10},ENDSYSTEMPROPERTIES
No parameter info
0.4884910485933504,506392400,332086000,-1,0,7,,-1,-1
0,6,,0.104911,0.177034,0.077408,0.002775,0.042075,0.239459,0.356339,,942500,,
0,6,,0.125472,0.023015,0.154944,0.014618,0.057268,0.146946,0.477737,,840200,,
0,6,,0.175206,0.075584,0.046919,0.009014,0.089296,0.23301,0.37097,,835700,,
0,6,,0.189309,0.021799,0.153317,0.011456,0.098576,0.111526,0.414018,,832800,,
0,2,,0.138075,0.032878,0.322805,0.02972,0.043948,0.156302,0.276272,,824800,,
0,6,,0.149111,0.04216,0.0571,0.004116,0.044373,0.287508,0.415632,,825500,,
0,2,,0.125985,0.032758,0.328293,0.024697,0.067555,0.131938,0.288775,,832300,,
0,6,,0.117076,0.022794,0.191642,0.014886,0.093519,0.165493,0.39459,,834600,,
0,6,,0.148129,0.064635,0.026482,0.003029,0.028809,0.279604,0.449312,,828900,,
0,5,,0.093567,0.046845,0.04893,0.005993,0.044537,0.393488,0.36664,,894600,,
0,6,,0.113036,0.035163,0.05068,0.006377,0.040824,0.366444,0.387476,,820000,,
0,6,,0.080184,0.166315,0.086838,0.016341,0.038718,0.215936,0.395668,,837400,,
0,6,,0.059802,0.129606,0.053741,0.002881,0.041315,0.31872,0.393935,,829600,,
0,6,,0.114149,0.041317,0.208146,0.022694,0.054035,0.161225,0.398434,,825500,,
0,6,,0.123794,0.044105,0.171138,0.024446,0.030876,0.180457,0.425184,,821700,,
0,6,,0.113743,0.022794,0.211642,0.014886,0.093519,0.165493,0.377923,,822200,,
0,6,,0.133943,0.044854,0.219428,0.025392,0.052443,0.170973,0.352967,,815900,,
0,6,,0.13221,0.088629,0.059353,0.002524,0.044937,0.303247,0.369099,,820000,,
0,6,,0.133645,0.035962,0.215625,0.02928,0.067119,0.188615,0.329754,,827400,,
0,2,,0.145525,0.033139,0.312528,0.024426,0.051095,0.154143,0.279144,,840100,,
0,5,,0.155902,0.043157,0.062714,0.006821,0.041893,0.348018,0.341494,,825300,,
0,6,,0.121977,0.038027,0.27655,0.031208,0.0436,0.171649,0.31699,,824900,,
0,6,,0.153887,0.041609,0.161,0.019595,0.054486,0.158394,0.411029,,820000,,
0,6,,0.126204,0.022986,0.189774,0.013061,0.076966,0.159537,0.411472,,825000,,
0,6,,0.171451,0.014019,0.200122,0.03736,0.056455,0.212074,0.308519,,827200,,
0,6,,0.133817,0.032601,0.087321,0.01119,0.041047,0.343903,0.350121,,824100,,
0,6,,0.132444,0.087811,0.059353,0.002641,0.042831,0.280324,0.394597,,820900,,
0,6,,0.186386,0.021489,0.160844,0.016478,0.09518,0.138521,0.381102,,817700,,
0,6,,0.13497,0.053342,0.048802,0.00611,0.04237,0.344847,0.36956,,910500,,
0,6,,0.150111,0.043268,0.171734,0.022879,0.057434,0.164771,0.389803,,841600,,
0,5,,0.110974,0.03643,0.075102,0.01395,0.040141,0.390054,0.333349,,830600,,
0,6,,0.223016,0.045286,0.145081,0.013366,0.066012,0.14501,0.362228,,830700,,
1,6,,0.083444,0.201674,0.082839,0.005461,0.018884,0.302705,0.304993,,828500,,
1,6,,0.132517,0.050782,0.131448,0.008022,0.159549,0.097674,0.420007,,825200,,
1,6,,0.060047,0.218323,0.082713,0.005592,0.037795,0.25885,0.33668,,820100,,
1,6,,0.093749,0.161811,0.156549,0.001823,0.036852,0.234399,0.314817,,822100,,
1,6,,0.0777,0.177158,0.086841,0.016473,0.0379,0.270714,0.333215,,824300,,
1,6,,0.053289,0.141123,0.06452,0.028691,0.039586,0.296318,0.376473,,826500,,
1,6,,0.07764,0.203079,0.10299,0.004082,0.038136,0.206021,0.368051,,827300,,
1,6,,0.059923,0.215648,0.082841,0.005465,0.037797,0.263507,0.334819,,823700,,
1,6,,0.089423,0.14093,0.262028,0.001563,0.018373,0.146868,0.340815,,827400,,
1,2,,0.038007,0.052033,0.432795,0.046369,0.032553,0.084869,0.313374,,824700,,
1,6,,0.079923,0.215648,0.082841,0.005465,0.017797,0.283507,0.314819,,831000,,
1,6,,0.076522,0.140088,0.097331,0.013535,0.038329,0.248186,0.386009,,827400,,
1,6,,0.105783,0.066979,0.136514,0.018572,0.109297,0.12457,0.438285,,833500,,
1,6,,0.041762,0.17211,0.083568,0.01369,0.030595,0.215974,0.4423,,823100,,
1,6,,0.092184,0.2048,0.115847,0.001754,0.017815,0.253012,0.314587,,865300,,
1,6,,0.075084,0.195571,0.097333,0.013539,0.03745,0.261905,0.319117,,838600,,
1,6,,0.05512,0.211502,0.083205,0.013711,0.034807,0.240495,0.36116,,831300,,
1,6,,0.053829,0.042103,0.061582,0.006737,0.036481,0.348574,0.450694,,827000,,
1,6,,0.078946,0.222869,0.110731,0.003816,0.043005,0.198133,0.3425,,825600,,
1,6,,0.135095,0.202554,0.184043,0.003816,0.061841,0.115116,0.297535,,820700,,
1,6,,0.057725,0.219571,0.076606,0.005699,0.037353,0.24085,0.362196,,824100,,
1,6,,0.035104,0.19677,0.110319,0.011595,0.030118,0.26695,0.349145,,826600,,
1,6,,0.07904,0.154747,0.096732,0.005568,0.038234,0.288455,0.337226,,825900,,
1,6,,0.089187,0.180124,0.128733,0.001883,0.037174,0.230225,0.332674,,825400,,
1,6,,0.083176,0.204473,0.082713,0.005465,0.017943,0.290707,0.315523,,824900,,
1,6,,0.059425,0.149296,0.063668,0.018238,0.039143,0.27157,0.398661,,826800,,
1,6,,0.082726,0.158557,0.082649,0.005529,0.037622,0.261072,0.371846,,823000,,
1,6,,0.137901,0.182448,0.15059,0.003816,0.062794,0.18078,0.281672,,823500,,
1,2,,0.028677,0.051076,0.515851,0.035543,0.033844,0.071674,0.263335,,825600,,
1,6,,0.10513,0.178198,0.113312,0.003774,0.066172,0.222838,0.310577,,826700,,
1,6,,0.152247,0.097766,0.048626,0.01404,0.054291,0.264821,0.368209,,828900,,
1,5,,0.079373,0.177529,0.062902,0.006228,0.037545,0.32778,0.308643,,820800,,
1,6,,0.06213,0.199832,0.082713,0.005592,0.038004,0.271767,0.339962,,822200,,
1,6,,0.075208,0.178246,0.097205,0.013667,0.037448,0.257248,0.340978,,933600,,
1,6,,0.040851,0.120919,0.129963,0.001855,0.031083,0.215903,0.459425,,829500,,
1,6,,0.103497,0.202605,0.096709,0.00371,0.062952,0.185805,0.344722,,828600,,
1,6,,0.079146,0.16649,0.082585,0.005721,0.037152,0.273331,0.355574,,828500,,
1,6,,0.11674,0.171246,0.102861,0.004211,0.037493,0.260503,0.306946,,821700,,
2,2,,0.023892,0.033321,0.659309,0.010102,0.009541,0.039118,0.224718,,827000,,
2,2,,0.048757,0.031169,0.611452,0.012743,0.010769,0.069839,0.215271,,825500,,
2,2,,0.023892,0.033321,0.659309,0.010102,0.009541,0.059118,0.204718,,825700,,
2,2,,0.030786,0.029532,0.581695,0.015543,0.051569,0.068503,0.222371,,826900,,
2,2,,0.024569,0.030607,0.611538,0.012829,0.028501,0.060048,0.231908,,825600,,
2,2,,0.024569,0.030607,0.631538,0.012829,0.028501,0.060048,0.211908,,816300,,
2,2,,0.026816,0.02897,0.598271,0.015629,0.029301,0.061569,0.239444,,824000,,
2,2,,0.024569,0.030607,0.611538,0.012829,0.028501,0.060048,0.231908,,830000,,
2,2,,0.024569,0.030607,0.611538,0.012829,0.028501,0.060048,0.231908,,825500,,
2,2,,0.023892,0.033321,0.659309,0.010102,0.009541,0.039118,0.224718,,828800,,
2,2,,0.051004,0.029532,0.598186,0.015543,0.011569,0.07636,0.217806,,828600,,
2,2,,0.023892,0.033321,0.659309,0.010102,0.029541,0.039118,0.204718,,822100,,
2,2,,0.021763,0.030712,0.644991,0.012829,0.007549,0.054385,0.227771,,827900,,
2,2,,0.021763,0.030712,0.644991,0.012829,0.007549,0.054385,0.227771,,905900,,
2,2,,0.021763,0.030712,0.644991,0.012829,0.027549,0.054385,0.207771,,825100,,
2,2,,0.021763,0.030712,0.644991,0.012829,0.027549,0.054385,0.207771,,825600,,
2,2,,0.024569,0.030607,0.611538,0.012829,0.028501,0.060048,0.231908,,827200,,
2,2,,0.021763,0.030712,0.644991,0.012829,0.007549,0.054385,0.227771,,819700,,
2,2,,0.026138,0.031684,0.646043,0.012902,0.010341,0.040639,0.232253,,825300,,
2,6,,0.062065,0.032469,0.307161,0.055107,0.040675,0.15651,0.346014,,827900,,
2,2,,0.023892,0.033321,0.659309,0.010102,0.009541,0.039118,0.224718,,825300,,
2,2,,0.031516,0.029532,0.540412,0.024774,0.031569,0.095633,0.246564,,826200,,
2,2,,0.025951,0.031275,0.644906,0.012743,0.009816,0.049175,0.226134,,819200,,
2,2,,0.021763,0.030712,0.644991,0.012829,0.027549,0.054385,0.207771,,824300,,
2,2,,0.075169,0.031531,0.310165,0.10542,0.040395,0.137585,0.299736,,828200,,
2,2,,0.023892,0.033321,0.659309,0.010102,0.009541,0.059118,0.204718,,824000,,
2,6,,0.079619,0.0313,0.256771,0.089174,0.042314,0.178816,0.322006,,833600,,
2,2,,0.023892,0.033321,0.659309,0.010102,0.009541,0.039118,0.224718,,819900,,
2,2,,0.051522,0.030259,0.399089,0.059682,0.039896,0.148316,0.271236,,820200,,
2,2,,0.026816,0.02897,0.598271,0.015629,0.029301,0.061569,0.239444,,826700,,
2,6,,0.051742,0.029196,0.286971,0.139713,0.039141,0.135417,0.317819,,827500,,
2,6,,0.079619,0.0313,0.276771,0.089174,0.042314,0.170816,0.310006,,845500,,
2,2,,0.026138,0.031684,0.646043,0.012902,0.010341,0.040639,0.232253,,868100,,
2,2,,0.026816,0.02897,0.598271,0.015629,0.029301,0.056569,0.244444,,829600,,
2,6,,0.102063,0.033518,0.261293,0.034719,0.10014,0.125103,0.343162,,824300,,
2,2,,0.024569,0.030607,0.611538,0.012829,0.028501,0.060048,0.231908,,827400,,
2,2,,0.026816,0.02897,0.598271,0.015629,0.029301,0.061569,0.239444,,823600,,
2,2,,0.044569,0.030607,0.631538,0.012829,0.008501,0.060048,0.211908,,826200,,
2,2,,0.021763,0.030712,0.644991,0.012829,0.007549,0.054385,0.227771,,824500,,
2,2,,0.043892,0.033321,0.659309,0.010102,0.009541,0.039118,0.204718,,818700,,
2,2,,0.023892,0.033321,0.659309,0.010102,0.009541,0.064118,0.199718,,820400,,
2,2,,0.021763,0.030712,0.644991,0.012829,0.007549,0.054385,0.227771,,828000,,
2,2,,0.023892,0.033321,0.659309,0.010102,0.009541,0.039118,0.224718,,828400,,
2,2,,0.024569,0.030607,0.611538,0.012829,0.028501,0.055048,0.236908,,827300,,
2,2,,0.026816,0.02897,0.618271,0.015629,0.009301,0.061569,0.239444,,828300,,
2,2,,0.024569,0.030607,0.631538,0.012829,0.028501,0.060048,0.211908,,832800,,
2,2,,0.021763,0.030712,0.644991,0.012829,0.007549,0.054385,0.227771,,822600,,
2,2,,0.021763,0.030712,0.644991,0.012829,0.007549,0.054385,0.227771,,831700,,
2,2,,0.023892,0.033321,0.659309,0.010102,0.009541,0.039118,0.224718,,824400,,
2,6,,0.079103,0.029132,0.282026,0.124347,0.042654,0.148217,0.294521,,844200,,
2,2,,0.023892,0.033321,0.659309,0.010102,0.009541,0.039118,0.224718,,830600,,
2,2,,0.026816,0.02897,0.618271,0.015629,0.029301,0.056569,0.224444,,871100,,
2,6,,0.080424,0.032416,0.286092,0.066454,0.041336,0.180001,0.313277,,826400,,
2,2,,0.026816,0.02897,0.598271,0.015629,0.029301,0.061569,0.239444,,831200,,
2,2,,0.026816,0.02897,0.598271,0.015629,0.029301,0.056569,0.244444,,829100,,
2,2,,0.024569,0.030607,0.631538,0.012829,0.008501,0.060048,0.231908,,822300,,
2,2,,0.023892,0.033321,0.659309,0.010102,0.009541,0.039118,0.224718,,829400,,
2,2,,0.026816,0.02897,0.598271,0.015629,0.029301,0.076569,0.224444,,826200,,
2,2,,0.079619,0.0313,0.296771,0.107174,0.042314,0.152816,0.290006,,824200,,
2,2,,0.024569,0.030607,0.631538,0.012829,0.028501,0.060048,0.211908,,829200,,
2,2,,0.024569,0.030607,0.631538,0.012829,0.008501,0.060048,0.231908,,827900,,
2,2,,0.024569,0.030607,0.611538,0.012829,0.008501,0.075048,0.236908,,828700,,
2,2,,0.021763,0.030712,0.644991,0.012829,0.027549,0.054385,0.207771,,828400,,
2,2,,0.023892,0.033321,0.659309,0.010102,0.009541,0.059118,0.204718,,824700,,
2,6,,0.10598,0.012309,0.285326,0.035723,0.020502,0.212895,0.327264,,832900,,
2,2,,0.021763,0.030712,0.644991,0.012829,0.007549,0.054385,0.227771,,824700,,
2,2,,0.021763,0.030712,0.644991,0.012829,0.007549,0.054385,0.227771,,826500,,
2,2,,0.021763,0.030712,0.644991,0.012829,0.007549,0.054385,0.227771,,850000,,
2,2,,0.026816,0.02897,0.618271,0.015629,0.029301,0.061569,0.219444,,832500,,
2,2,,0.052992,0.02909,0.330203,0.11999,0.038202,0.144316,0.285207,,833300,,
2,2,,0.024569,0.030607,0.631538,0.012829,0.028501,0.060048,0.211908,,821400,,
2,2,,0.026816,0.02897,0.598271,0.015629,0.029301,0.056569,0.244444,,901000,,
2,2,,0.023892,0.033321,0.659309,0.010102,0.009541,0.039118,0.224718,,827500,,
2,2,,0.021763,0.030712,0.644991,0.012829,0.007549,0.054385,0.227771,,826500,,
2,2,,0.023892,0.033321,0.659309,0.010102,0.009541,0.039118,0.224718,,830900,,
2,2,,0.026816,0.02897,0.618271,0.015629,0.029301,0.061569,0.219444,,826900,,
2,2,,0.023892,0.033321,0.659309,0.010102,0.009541,0.039118,0.224718,,817300,,
2,2,,0.023892,0.033321,0.659309,0.010102,0.009541,0.039118,0.224718,,826600,,
2,2,,0.026816,0.02897,0.618271,0.015629,0.029301,0.056569,0.224444,,830700,,
3,6,,0.072223,0.031758,0.295699,0.070493,0.044981,0.160713,0.324133,,828200,,
3,6,,0.05075,0.009475,0.282123,0.124633,0.038294,0.187931,0.306793,,828000,,
3,6,,0.093515,0.032758,0.274226,0.08262,0.046385,0.160772,0.309724,,829900,,
3,6,,0.051818,0.011069,0.311312,0.111243,0.037666,0.144948,0.331944,,821500,,
3,6,,0.04912,0.029212,0.275209,0.1093,0.039313,0.193366,0.304478,,835000,,
3,2,,0.066275,0.030506,0.330932,0.085802,0.035637,0.135877,0.314971,,835600,,
3,6,,0.096892,0.033457,0.212882,0.061386,0.049184,0.212948,0.333252,,841900,,
3,6,,0.058429,0.009265,0.290256,0.075333,0.037383,0.187946,0.341388,,829300,,
3,6,,0.088476,0.032758,0.255295,0.094263,0.046914,0.185487,0.296807,,822500,,
3,6,,0.057894,0.030116,0.297406,0.079894,0.037516,0.193162,0.304011,,829200,,
3,6,,0.091065,0.012968,0.257775,0.090013,0.046266,0.171992,0.329921,,832100,,
3,6,,0.072819,0.013609,0.235228,0.044524,0.045381,0.209874,0.378565,,1042700,,
3,6,,0.049249,0.010116,0.277872,0.105421,0.037278,0.146943,0.373121,,833900,,
3,6,,0.088693,0.03059,0.26348,0.1108,0.04662,0.16913,0.290687,,833600,,
3,6,,0.047744,0.009338,0.278713,0.12611,0.037276,0.143877,0.356942,,839300,,
4,6,,0.106215,0.067068,0.165685,0.013817,0.168945,0.118789,0.359482,,830000,,
4,6,,0.155941,0.01087,0.243416,0.015534,0.095669,0.108185,0.370385,,822800,,
4,6,,0.101909,0.067068,0.169684,0.024825,0.168839,0.113079,0.354596,,822100,,
4,6,,0.159491,0.048893,0.145317,0.016271,0.137955,0.096343,0.39573,,822600,,
4,6,,0.093673,0.046758,0.173212,0.01884,0.145548,0.0982,0.423769,,825400,,
4,6,,0.0536,0.028236,0.11888,0.022448,0.071472,0.259712,0.445653,,824900,,
4,6,,0.106215,0.047068,0.165685,0.013817,0.168945,0.118789,0.379482,,819800,,
4,6,,0.093131,0.066907,0.163699,0.040328,0.060756,0.185041,0.390138,,833300,,
4,6,,0.153284,0.034653,0.21742,0.066222,0.097169,0.121281,0.309971,,817900,,
4,6,,0.15808,0.034483,0.227524,0.043101,0.124567,0.106066,0.30618,,830400,,
4,6,,0.053724,0.03091,0.135419,0.022575,0.054803,0.255055,0.447514,,830000,,
5,6,,0.104198,0.031458,0.243096,0.048176,0.042274,0.233886,0.296911,,819900,,
5,6,,0.065606,0.090508,0.047622,0.010783,0.046541,0.358022,0.380917,,821600,,
5,5,,0.067123,0.035267,0.052791,0.009962,0.039577,0.402998,0.392281,,822000,,
5,6,,0.036345,0.038218,0.218584,0.051994,0.013616,0.188236,0.453008,,820200,,
5,6,,0.092345,0.059249,0.066533,0.003286,0.040394,0.285511,0.452683,,963600,,
5,5,,0.069376,0.075022,0.090864,0.010077,0.038808,0.361479,0.354374,,848000,,
5,5,,0.060845,0.025256,0.087536,0.011482,0.038354,0.390982,0.385543,,828500,,
5,6,,0.113171,0.033259,0.267041,0.029448,0.080821,0.136285,0.339974,,826700,,
5,6,,0.104442,0.032913,0.265362,0.039191,0.043803,0.232362,0.281927,,820600,,
5,6,,0.124215,0.146566,0.093227,0.014586,0.042666,0.225973,0.352767,,823000,,
5,6,,0.066661,0.086572,0.064092,0.006047,0.038837,0.365246,0.372545,,821300,,
5,6,,0.092192,0.012003,0.245063,0.045289,0.04448,0.185326,0.375648,,826300,,
5,6,,0.063508,0.030197,0.118602,0.022426,0.073355,0.253437,0.438474,,824200,,
5,2,,0.104361,0.033457,0.325914,0.021463,0.070354,0.149275,0.295176,,820500,,
5,6,,0.048619,0.043292,0.093717,0.002338,0.033802,0.264692,0.51354,,823400,,
5,6,,0.104931,0.031458,0.246027,0.067541,0.041639,0.212128,0.296276,,822600,,
5,6,,0.139215,0.146566,0.093227,0.014586,0.042666,0.225973,0.337767,,845000,,
5,6,,0.069471,0.027921,0.093508,0.02469,0.034319,0.366744,0.383346,,830800,,
5,5,,0.087868,0.055527,0.050809,0.014037,0.043315,0.383844,0.3646,,823400,,
5,5,,0.062262,0.038962,0.075383,0.004461,0.040584,0.3989,0.379449,,822600,,
5,6,,0.087732,0.063313,0.142701,0.023471,0.077754,0.195852,0.409176,,826200,,
5,5,,0.067717,0.02716,0.087372,0.011952,0.038809,0.38965,0.37734,,818400,,
5,6,,0.108843,0.055709,0.060819,0.003529,0.040446,0.321758,0.408896,,837900,,
5,6,,0.07996,0.074575,0.135227,0.00878,0.036733,0.271233,0.393491,,819700,,
5,6,,0.079842,0.056516,0.075193,0.003813,0.040314,0.295552,0.448771,,823900,,
5,2,,0.084931,0.031458,0.326027,0.065541,0.041639,0.183747,0.266657,,822300,,
5,6,,0.089639,0.032161,0.269286,0.034949,0.041089,0.204842,0.328034,,821300,,
5,2,,0.084415,0.00929,0.311282,0.082714,0.04198,0.191529,0.278791,,823800,,
5,6,,0.062249,0.043731,0.111089,0.010384,0.037771,0.356955,0.377821,,823400,,
5,6,,0.06584,0.116356,0.047622,0.0109,0.044436,0.32621,0.388636,,823600,,
5,6,,0.064357,0.034391,0.049275,0.009984,0.037859,0.363709,0.440425,,822700,,
5,6,,0.043565,0.117131,0.125685,0.001916,0.032163,0.211721,0.467819,,820000,,
5,6,,0.04072,0.112307,0.098409,0.004607,0.035713,0.225685,0.482559,,822300,,
5,6,,0.089881,0.064063,0.042046,0.003368,0.041369,0.342164,0.417109,,820700,,
5,6,,0.150578,0.053375,0.072329,0.006474,0.068347,0.274042,0.374856,,873100,,
5,6,,0.109376,0.055022,0.096579,0.010077,0.038808,0.307193,0.382945,,825800,,
5,6,,0.080467,0.034585,0.060989,0.0037,0.035912,0.332176,0.452171,,827700,,
5,6,,0.0601,0.135465,0.060651,0.003054,0.040332,0.276977,0.423422,,819300,,
5,6,,0.108585,0.035705,0.051034,0.006556,0.040639,0.334338,0.423144,,823000,,
5,6,,0.109968,0.073427,0.044512,0.003368,0.041551,0.308693,0.418481,,821000,,
5,6,,0.064548,0.043902,0.271875,0.021883,0.065569,0.09996,0.432263,,842200,,
5,6,,0.065297,0.044714,0.087183,0.011304,0.038539,0.346302,0.406661,,823800,,
5,6,,0.089164,0.023199,0.082414,0.024278,0.040383,0.365937,0.374625,,822500,,
5,2,,0.028118,0.027703,0.380638,0.068042,0.011469,0.111694,0.372338,,822000,,
5,6,,0.072423,0.130157,0.058591,0.014287,0.039908,0.270203,0.414431,,823800,,
5,6,,0.087375,0.096856,0.05082,0.010047,0.045357,0.271487,0.438058,,820000,,
5,6,,0.076647,0.116834,0.064608,0.005138,0.083135,0.291539,0.362099,,822200,,
5,6,,0.064357,0.034391,0.049275,0.009984,0.037859,0.363709,0.440425,,821000,,
5,2,,0.064415,0.02929,0.311282,0.082714,0.04198,0.191529,0.278791,,823200,,
5,6,,0.047771,0.052729,0.075032,0.003595,0.03522,0.312475,0.473177,,817500,,
5,6,,0.066372,0.032469,0.283162,0.044099,0.04078,0.168469,0.36465,,827300,,
5,6,,0.088567,0.024168,0.081363,0.025051,0.040053,0.36201,0.378787,,819700,,
5,6,,0.058485,0.173024,0.057873,0.011254,0.038398,0.274879,0.386088,,842000,,
5,6,,0.058284,0.113994,0.078153,0.00435,0.042514,0.276308,0.426397,,822800,,
5,6,,0.067536,0.032151,0.289775,0.047062,0.041521,0.193336,0.328618,,821300,,
5,6,,0.068597,0.128768,0.044741,0.014352,0.055321,0.308293,0.379928,,820800,,
5,5,,0.085037,0.055584,0.070496,0.017898,0.039973,0.369153,0.361859,,833200,,
5,6,,0.040011,0.041689,0.318607,0.039009,0.035663,0.111995,0.413027,,822200,,
5,6,,0.055189,0.122028,0.14577,0.001757,0.01194,0.225877,0.437437,,853500,,
5,6,,0.082787,0.032913,0.26675,0.050724,0.045574,0.187643,0.333609,,822600,,
5,6,,0.071895,0.073333,0.060754,0.00335,0.040072,0.358198,0.392398,,831400,,
5,5,,0.094241,0.052903,0.053489,0.008882,0.040674,0.388296,0.361515,,824600,,
5,6,,0.080845,0.045256,0.087536,0.011482,0.038354,0.354196,0.382329,,820100,,
5,6,,0.07056,0.053746,0.066129,0.005837,0.039011,0.374362,0.390356,,827900,,
5,6,,0.08242,0.167167,0.082839,0.005462,0.038243,0.301844,0.322026,,823300,,
5,6,,0.088301,0.065424,0.122007,0.002046,0.041879,0.278312,0.402031,,823900,,
5,5,,0.069376,0.075022,0.090864,0.010077,0.038808,0.361479,0.354374,,824200,,
5,2,,0.057298,0.02909,0.346204,0.088982,0.038308,0.168692,0.271426,,827200,,
5,5,,0.056921,0.02359,0.087354,0.011475,0.034005,0.399935,0.386722,,820600,,
5,6,,0.065125,0.058,0.127607,0.002366,0.033489,0.194994,0.518418,,819900,,
5,5,,0.090986,0.035032,0.078225,0.013251,0.05989,0.369897,0.35272,,855400,,
5,2,,0.066435,0.029141,0.313219,0.050327,0.041191,0.209624,0.290063,,825000,,
5,6,,0.068261,0.036379,0.05156,0.017883,0.034278,0.295637,0.496002,,823300,,
5,6,,0.092069,0.137055,0.046958,0.001048,0.047932,0.258778,0.416161,,822200,,
5,6,,0.069856,0.080499,0.090881,0.01287,0.040252,0.301723,0.403919,,820800,,
5,6,,0.067536,0.032151,0.27081,0.047062,0.041521,0.213509,0.327411,,829400,,
5,6,,0.089496,0.031801,0.090303,0.01119,0.038114,0.366832,0.372266,,827000,,
5,6,,0.082263,0.031999,0.251462,0.084575,0.050192,0.1728,0.326708,,820500,,
5,6,,0.074514,0.047507,0.062762,0.006079,0.03541,0.287841,0.485887,,879900,,
5,6,,0.038913,0.041838,0.292351,0.040497,0.035315,0.136091,0.414995,,822500,,
5,6,,0.115707,0.04496,0.206268,0.019671,0.057361,0.137299,0.418733,,820700,,
6,6,,0.073171,0.031794,0.32757,0.057677,0.041935,0.117713,0.35014,,824000,,
6,6,,0.109576,0.033208,0.271055,0.05156,0.09788,0.119447,0.317273,,821000,,
6,6,,0.140997,0.022465,0.191067,0.01934,0.05412,0.133706,0.438304,,822400,,
6,6,,0.139791,0.05496,0.048751,0.005358,0.026774,0.340583,0.383783,,829900,,
6,6,,0.07709,0.033249,0.284432,0.046631,0.079681,0.136518,0.342399,,821000,,
6,6,,0.139355,0.054228,0.245013,0.035542,0.055182,0.160123,0.310556,,819700,,
6,6,,0.108585,0.035705,0.051034,0.006556,0.040639,0.334338,0.423144,,823100,,
6,6,,0.063082,0.051103,0.297444,0.024158,0.043066,0.14387,0.377277,,817900,,
6,6,,0.089549,0.131444,0.02715,0.001943,0.027376,0.360425,0.362114,,848200,,
6,6,,0.07,0.112616,0.02102,0.003416,0.045803,0.312536,0.43461,,822600,,
6,6,,0.08512,0.044105,0.169469,0.044367,0.051273,0.175963,0.429705,,824100,,
6,5,,0.065413,0.067599,0.066671,0.006778,0.039277,0.401043,0.353219,,823600,,
6,6,,0.103139,0.011824,0.2781,0.04676,0.046174,0.172307,0.341697,,820800,,
6,6,,0.123734,0.046669,0.152858,0.014263,0.104496,0.096402,0.461578,,837900,,
6,6,,0.094437,0.032758,0.250942,0.051721,0.045249,0.221802,0.30309,,830100,,
6,6,,0.136833,0.091368,0.080608,0.001145,0.042423,0.21729,0.430333,,853200,,
6,6,,0.1091,0.021192,0.177494,0.018023,0.049934,0.184944,0.439313,,885700,,
6,6,,0.081297,0.046372,0.179228,0.02165,0.054945,0.155518,0.460989,,827200,,
6,6,,0.136833,0.091368,0.080608,0.001145,0.042423,0.23729,0.410333,,825600,,
6,6,,0.154694,0.034662,0.232932,0.043101,0.116842,0.115579,0.30219,,823400,,
6,6,,0.092718,0.068872,0.081957,0.001922,0.04404,0.325435,0.385056,,824100,,
6,6,,0.1031,0.046328,0.148722,0.020774,0.061809,0.149092,0.470175,,825400,,
6,6,,0.053977,0.071169,0.093504,0.002253,0.036007,0.266266,0.476825,,824600,,
6,6,,0.055369,0.059487,0.176399,0.004162,0.032999,0.235926,0.435658,,824800,,
6,2,,0.026912,0.008097,0.439934,0.039958,0.009861,0.104969,0.370269,,828600,,
6,6,,0.037992,0.028274,0.315614,0.100317,0.03391,0.117026,0.366868,,819400,,
6,5,,0.065038,0.02471,0.077398,0.014331,0.038731,0.398882,0.380908,,856100,,
6,6,,0.035245,0.060146,0.163194,0.004035,0.033001,0.243916,0.460464,,831700,,
6,6,,0.103073,0.047667,0.187428,0.014378,0.12676,0.131597,0.389096,,819800,,
6,5,,0.063874,0.025028,0.090784,0.011368,0.037991,0.434014,0.33694,,822300,,
6,6,,0.091917,0.045288,0.209419,0.032167,0.055849,0.174089,0.39127,,818900,,
6,6,,0.142238,0.045494,0.19106,0.019384,0.070963,0.10834,0.422521,,825300,,
6,6,,0.119115,0.046669,0.152858,0.014263,0.084496,0.115069,0.46753,,837100,,
6,5,,0.133691,0.049519,0.048802,0.006121,0.024536,0.368831,0.368501,,947000,,
6,6,,0.170296,0.075529,0.048488,0.000871,0.030289,0.243474,0.431053,,897100,,
6,2,,0.024555,0.01138,0.448507,0.060425,0.008808,0.126451,0.319874,,899200,,
6,6,,0.077023,0.025102,0.228825,0.011356,0.072545,0.08964,0.495509,,896800,,
6,6,,0.131643,0.033259,0.27104,0.040456,0.071827,0.156826,0.29495,,898000,,
6,6,,0.134068,0.14925,0.047423,0.004198,0.073716,0.235301,0.356045,,899600,,
6,6,,0.079123,0.032273,0.280995,0.04356,0.065474,0.136538,0.362038,,905400,,
6,6,,0.100233,0.023796,0.24653,0.007637,0.052734,0.104757,0.464313,,893600,,
6,6,,0.135783,0.042337,0.172714,0.017695,0.073047,0.194934,0.363489,,900300,,
6,6,,0.051883,0.051431,0.342249,0.047905,0.057558,0.103455,0.345519,,896500,,
6,6,,0.088585,0.035705,0.051034,0.006556,0.040639,0.361005,0.416477,,922300,,
6,2,,0.032833,0.05099,0.49108,0.042894,0.012207,0.077998,0.291999,,896600,,
6,6,,0.1157,0.033357,0.247022,0.053048,0.079754,0.158682,0.312436,,901900,,
6,6,,0.072708,0.143864,0.084033,0.024239,0.038679,0.232991,0.403484,,896600,,
6,6,,0.099487,0.043757,0.148504,0.066868,0.049953,0.181968,0.409463,,894500,,
6,6,,0.091872,0.035481,0.064066,0.003414,0.040083,0.34479,0.420293,,892400,,
6,6,,0.072802,0.035982,0.05068,0.00626,0.042929,0.389368,0.401979,,905900,,
6,6,,0.063635,0.04366,0.039088,0.003725,0.041678,0.336454,0.47176,,891200,,
6,6,,0.048683,0.165823,0.154415,0.003652,0.011053,0.216614,0.399759,,911200,,
6,6,,0.11049,0.041466,0.164186,0.043468,0.053449,0.165944,0.420997,,907000,,
6,6,,0.118663,0.033201,0.230142,0.0495,0.122018,0.12357,0.322907,,899600,,
6,2,,0.065608,0.031739,0.385196,0.036315,0.045785,0.141659,0.293698,,897400,,
6,6,,0.077331,0.124999,0.059631,0.01466,0.037337,0.310467,0.375576,,894600,,
6,6,,0.120041,0.046265,0.183083,0.011936,0.060461,0.118672,0.459542,,895200,,
6,6,,0.099285,0.085532,0.044955,0.01431,0.013055,0.285243,0.457621,,897700,,
6,2,,0.040317,0.027799,0.384822,0.055773,0.037022,0.144405,0.309862,,892900,,
6,6,,0.19249,0.035264,0.200225,0.032515,0.059875,0.191278,0.288353,,925000,,
6,6,,0.057912,0.031472,0.135333,0.022489,0.077071,0.244131,0.431591,,896200,,
6,6,,0.131879,0.053753,0.040232,0.003165,0.023108,0.328926,0.418937,,895100,,
6,6,,0.029251,0.027729,0.33535,0.081044,0.032029,0.140205,0.354392,,901000,,
6,6,,0.078212,0.031326,0.274691,0.071506,0.046789,0.174937,0.322538,,896300,,
6,6,,0.160389,0.023505,0.152825,0.009595,0.059606,0.12327,0.47081,,900500,,
6,6,,0.127551,0.0724,0.114013,0.004326,0.061261,0.266088,0.354361,,895200,,
6,6,,0.05405,0.034152,0.118945,0.022383,0.071793,0.235596,0.463081,,926300,,
6,6,,0.087025,0.043207,0.279082,0.010566,0.049328,0.101458,0.429334,,894200,,
6,2,,0.033577,0.028125,0.379643,0.089598,0.034258,0.082406,0.352392,,895600,,
6,6,,0.031836,0.105177,0.167614,0.001924,0.0119,0.18151,0.500039,,895400,,
6,6,,0.099626,0.045811,0.167442,0.016421,0.172092,0.125785,0.372823,,900100,,
6,6,,0.033492,0.092665,0.145947,0.001857,0.012765,0.221371,0.491903,,906100,,
6,6,,0.033492,0.092665,0.145947,0.001857,0.012765,0.221371,0.491903,,899800,,
6,6,,0.130422,0.046265,0.183083,0.011936,0.080461,0.111089,0.436745,,922700,,
6,2,,0.062827,0.012891,0.350438,0.05158,0.040053,0.153733,0.328478,,897300,,
6,6,,0.112645,0.022943,0.165386,0.016374,0.07317,0.16959,0.439891,,894300,,
6,6,,0.133341,0.04107,0.053361,0.00901,0.040031,0.342242,0.380945,,919800,,
6,6,,0.0331,0.104896,0.085753,0.003218,0.032419,0.289174,0.45144,,895300,,
6,2,,0.068465,0.033124,0.320929,0.029821,0.061719,0.191841,0.294102,,892400,,
6,2,,0.084931,0.031458,0.306027,0.065541,0.041639,0.186128,0.284276,,896400,,
6,6,,0.086095,0.031141,0.252641,0.070504,0.04238,0.216996,0.300244,,897600,,
6,6,,0.115117,0.010656,0.250757,0.091834,0.047707,0.178821,0.305108,,900000,,
6,2,,0.067301,0.053441,0.334315,0.028858,0.0432,0.186723,0.286162,,899200,,
6,2,,0.059899,0.034291,0.363377,0.076448,0.042695,0.135236,0.288054,,906100,,
6,2,,0.124361,0.033457,0.325914,0.021463,0.110354,0.109275,0.275176,,897100,,
6,6,,0.097993,0.052575,0.068074,0.008028,0.046048,0.347555,0.379727,,898500,,
6,6,,0.063967,0.04005,0.173401,0.061902,0.040743,0.161205,0.458732,,898100,,
6,6,,0.125558,0.022188,0.236422,0.007245,0.052703,0.112623,0.44326,,894500,,
6,2,,0.027547,0.031611,0.413789,0.064812,0.029764,0.127907,0.30457,,891300,,
6,6,,0.116378,0.022465,0.151067,0.01934,0.05412,0.156373,0.480256,,896700,,
6,6,,0.034388,0.107253,0.092239,0.006308,0.013158,0.309384,0.43727,,905400,,
6,6,,0.058552,0.00951,0.285102,0.120117,0.041422,0.17637,0.308927,,892800,,
6,6,,0.144186,0.023015,0.134944,0.014618,0.077268,0.125613,0.480356,,895000,,
6,6,,0.091917,0.045288,0.189419,0.032167,0.055849,0.160339,0.42502,,925800,,
6,6,,0.114383,0.067469,0.134394,0.013549,0.147191,0.09731,0.425703,,899500,,
6,6,,0.191635,0.023336,0.135413,0.008107,0.082632,0.108104,0.450773,,895500,,
6,2,,0.151489,0.009696,0.384269,0.015227,0.044103,0.082211,0.313006,,897600,,
6,6,,0.053151,0.087019,0.16774,0.001792,0.01278,0.192448,0.48507,,900200,,
6,6,,0.143175,0.042816,0.167304,0.018745,0.079529,0.113219,0.435211,,899500,,
6,6,,0.060843,0.063806,0.117477,0.003828,0.029901,0.269148,0.454998,,916100,,
6,2,,0.053072,0.029361,0.474726,0.018299,0.034179,0.088453,0.30191,,903900,,
6,2,,0.064369,0.027992,0.440601,0.021262,0.082297,0.086715,0.276763,,894000,,
6,2,,0.054111,0.04965,0.388092,0.060431,0.038158,0.110589,0.298968,,895400,,
6,6,,0.121183,0.110993,0.027487,0.000899,0.04094,0.303375,0.395123,,901900,,
6,6,,0.048106,0.046475,0.161622,0.063262,0.037011,0.149562,0.493961,,898500,,
6,2,,0.031735,0.054472,0.468157,0.044382,0.035192,0.105428,0.260634,,895200,,
6,5,,0.092463,0.048262,0.050559,0.009644,0.021369,0.391114,0.386588,,901800,,
6,5,,0.112463,0.048262,0.050559,0.009644,0.041369,0.391114,0.346588,,899100,,
6,6,,0.087771,0.045404,0.205696,0.019777,0.076356,0.12803,0.436966,,895600,,
6,6,,0.058607,0.107195,0.021472,0.010908,0.040598,0.342993,0.418227,,927300,,
6,6,,0.067377,0.012627,0.316416,0.033474,0.04,0.201155,0.328951,,931400,,
6,6,,0.140628,0.068245,0.188199,0.013943,0.096609,0.133913,0.358463,,931200,,
6,6,,0.136833,0.091368,0.080608,0.001145,0.042423,0.23729,0.410333,,894800,,
6,6,,0.100424,0.032416,0.246092,0.066454,0.041336,0.208668,0.30461,,899400,,
6,6,,0.080787,0.049554,0.277651,0.071921,0.044229,0.169382,0.306475,,901900,,
6,6,,0.087579,0.070915,0.173299,0.026334,0.072832,0.178095,0.390945,,901800,,
6,2,,0.028118,0.027703,0.380638,0.068042,0.011469,0.131694,0.352338,,913600,,
6,6,,0.094073,0.149233,0.101809,0.009962,0.034084,0.285754,0.325085,,899700,,
6,6,,0.102555,0.041625,0.209095,0.014048,0.179437,0.106219,0.34702,,900900,,
6,6,,0.098697,0.040664,0.192513,0.053013,0.052661,0.155566,0.406887,,896400,,
6,6,,0.145317,0.03251,0.247339,0.032888,0.071828,0.197372,0.272747,,898100,,
6,6,,0.098095,0.011282,0.257746,0.026581,0.046359,0.17793,0.382006,,900900,,
6,6,,0.171517,0.008707,0.238707,0.028976,0.02503,0.198209,0.328854,,896000,,
6,6,,0.106095,0.031141,0.232641,0.070504,0.04238,0.196996,0.320244,,896200,,
6,2,,0.033816,0.052207,0.436581,0.06036,0.035489,0.1058,0.275747,,896400,,
6,6,,0.090546,0.062337,0.093236,0.010077,0.038746,0.330762,0.374296,,896100,,
6,6,,0.113042,0.042796,0.063938,0.003414,0.040021,0.34574,0.391049,,933600,,
6,6,,0.119115,0.046669,0.152858,0.014263,0.104496,0.095069,0.46753,,901800,,
6,6,,0.033884,0.098405,0.154057,0.001665,0.01268,0.236818,0.462492,,899200,,
6,6,,0.119115,0.046669,0.152858,0.014263,0.104496,0.095069,0.46753,,901600,,
6,6,,0.110631,0.147794,0.040767,0.00259,0.025158,0.288723,0.384337,,894200,,
6,6,,0.155853,0.023015,0.154944,0.014618,0.037268,0.125613,0.488689,,900700,,
6,6,,0.121833,0.091368,0.080608,0.001145,0.042423,0.25729,0.405333,,893000,,
6,6,,0.062619,0.04284,0.320187,0.016515,0.044804,0.094772,0.418263,,937000,,
6,6,,0.115279,0.046583,0.163504,0.013401,0.102987,0.091922,0.466323,,900700,,