optdigits,CWE,test,3,NANOSECONDS,PREDICTIONS, Generated by ClassifierExperiments.java on 2022-05-16 23:29:00.    SYSTEMPROPERTIES:{user.name:matth,os.arch:amd64,os.name:Windows 10},ENDSYSTEMPROPERTIES
No parameter info
0.7838795394154119,2662710300,2087267900,-1,99909120,10,,-1,-1
0,0,,0.248264,0.054834,0.058615,0.034219,0.085269,0.08419,0.103359,0.058896,0.169562,0.10279,,2084100,,
0,0,,0.208681,0.061132,0.092161,0.034886,0.090293,0.046609,0.148533,0.091295,0.170563,0.055847,,1894200,,
0,0,,0.35179,0.05324,0.053911,0.030112,0.081193,0.03601,0.17304,0.05771,0.109158,0.053836,,1894400,,
0,0,,0.478476,0.032617,0.035404,0.030948,0.100632,0.03803,0.082067,0.062811,0.04805,0.090965,,1886300,,
0,0,,0.376257,0.073295,0.051398,0.036676,0.116425,0.047619,0.060229,0.072364,0.113817,0.051921,,1878900,,
0,0,,0.565866,0.033757,0.036315,0.036316,0.064195,0.040073,0.051038,0.052762,0.059878,0.059801,,1871600,,
0,0,,0.413248,0.033305,0.038778,0.035851,0.125833,0.045675,0.074393,0.125059,0.052655,0.055203,,1881300,,
0,0,,0.355544,0.047511,0.042047,0.033001,0.067875,0.049718,0.16569,0.052473,0.11795,0.068192,,1891700,,
0,0,,0.388014,0.06288,0.046272,0.037667,0.109205,0.063714,0.050417,0.07291,0.117123,0.051801,,1926800,,
0,0,,0.298391,0.045883,0.040709,0.025796,0.183405,0.034999,0.189813,0.071143,0.074578,0.035283,,1868800,,
0,0,,0.399044,0.048665,0.057248,0.032982,0.085633,0.051205,0.081199,0.074957,0.110309,0.058757,,1870800,,
0,0,,0.265689,0.057369,0.042198,0.028262,0.136829,0.050243,0.161584,0.088575,0.110524,0.058727,,1886300,,
0,6,,0.149041,0.0481,0.105484,0.039285,0.176524,0.054778,0.192129,0.059437,0.100352,0.07487,,1883600,,
0,0,,0.362612,0.060614,0.036212,0.037751,0.139914,0.040245,0.147208,0.053031,0.072075,0.050338,,1880900,,
0,0,,0.224358,0.055659,0.037273,0.027186,0.160128,0.053762,0.200545,0.094064,0.096757,0.050267,,1882100,,
0,0,,0.340706,0.058124,0.05949,0.035703,0.079526,0.04289,0.158709,0.065102,0.105072,0.054679,,1879400,,
0,0,,0.410794,0.054845,0.045889,0.03444,0.086883,0.043123,0.12432,0.044887,0.095655,0.059164,,1910200,,
0,0,,0.330156,0.059877,0.031058,0.034113,0.134502,0.050248,0.150526,0.071581,0.068129,0.069809,,1867700,,
0,0,,0.409273,0.059654,0.045862,0.033518,0.083723,0.036511,0.128541,0.060833,0.093472,0.048612,,1878400,,
0,0,,0.516142,0.038933,0.039777,0.036326,0.121728,0.040782,0.056296,0.054416,0.052052,0.043549,,1932200,,
0,0,,0.40818,0.051011,0.040866,0.027147,0.082856,0.03564,0.129075,0.056803,0.116052,0.052368,,1900600,,
0,0,,0.344774,0.059551,0.03227,0.027455,0.145208,0.038696,0.144573,0.061522,0.077295,0.068657,,1867400,,
0,0,,0.428334,0.046525,0.055234,0.034872,0.072299,0.043245,0.086784,0.070133,0.108555,0.054018,,1869700,,
0,0,,0.389782,0.04911,0.049821,0.032175,0.104621,0.050358,0.082665,0.072514,0.112229,0.056725,,1868000,,
0,0,,0.403587,0.049732,0.038353,0.035993,0.086331,0.038064,0.103546,0.052623,0.138306,0.053467,,1893400,,
0,0,,0.403529,0.053597,0.061401,0.038252,0.084088,0.04683,0.078256,0.073808,0.109754,0.050484,,1879500,,
0,0,,0.342577,0.04565,0.045145,0.027818,0.104223,0.04863,0.145731,0.056278,0.121449,0.062498,,1888900,,
0,0,,0.413554,0.053389,0.045564,0.034082,0.082769,0.036942,0.104787,0.051095,0.126306,0.051512,,1868500,,
0,0,,0.217623,0.059021,0.053829,0.058339,0.129806,0.065984,0.155921,0.080318,0.124106,0.055052,,1876000,,
0,0,,0.325633,0.047614,0.044002,0.031111,0.152417,0.042174,0.15822,0.068727,0.074974,0.055128,,1877200,,
0,0,,0.381897,0.055984,0.053141,0.04312,0.072113,0.043877,0.140298,0.049493,0.105204,0.054872,,1870800,,
0,0,,0.529898,0.040892,0.035622,0.030404,0.089686,0.040508,0.048015,0.068303,0.065209,0.051464,,1877100,,
0,0,,0.391755,0.047644,0.032286,0.02905,0.128705,0.034581,0.152997,0.055503,0.065633,0.061846,,1873800,,
0,0,,0.245792,0.076045,0.056577,0.045829,0.087311,0.064058,0.091238,0.130622,0.095386,0.107141,,1879300,,
0,0,,0.427661,0.044986,0.04259,0.033688,0.103722,0.042077,0.060591,0.077952,0.108777,0.057955,,1883500,,
0,0,,0.358025,0.052001,0.047701,0.031369,0.135571,0.049924,0.072194,0.071413,0.105355,0.076448,,1873100,,
0,0,,0.4328,0.050465,0.039858,0.037349,0.077486,0.042239,0.094706,0.036902,0.131603,0.056592,,1882600,,
0,0,,0.40642,0.043133,0.038002,0.041337,0.107715,0.043976,0.084453,0.068783,0.113412,0.052769,,1866900,,
0,0,,0.28363,0.059107,0.055715,0.033613,0.075003,0.101381,0.136063,0.05543,0.122548,0.077509,,1872400,,
0,0,,0.533018,0.031888,0.045122,0.041946,0.062015,0.053373,0.058329,0.05721,0.059467,0.057632,,1866900,,
0,0,,0.390669,0.049287,0.041066,0.042419,0.101277,0.057472,0.063798,0.074222,0.113939,0.065851,,1907700,,
0,0,,0.420103,0.048065,0.04733,0.034584,0.103836,0.044148,0.075801,0.066297,0.104053,0.055783,,1835400,,
0,0,,0.366361,0.07261,0.048161,0.038036,0.080902,0.042858,0.073358,0.09834,0.10046,0.078913,,1790600,,
0,0,,0.341577,0.04896,0.032574,0.035137,0.135975,0.030982,0.185879,0.055674,0.0784,0.054844,,1806900,,
0,0,,0.298658,0.058097,0.049684,0.063505,0.097712,0.039416,0.09265,0.060203,0.136489,0.103586,,1816400,,
0,0,,0.304921,0.071655,0.060684,0.038682,0.066424,0.094285,0.039282,0.16453,0.092528,0.067008,,1817600,,
0,0,,0.461969,0.04622,0.047069,0.029559,0.085664,0.054541,0.055093,0.060133,0.073988,0.085764,,1806200,,
0,0,,0.416007,0.054639,0.037657,0.032589,0.078613,0.034254,0.098997,0.056518,0.140231,0.050495,,1798800,,
0,0,,0.339829,0.055041,0.04191,0.024604,0.086786,0.042731,0.180084,0.05962,0.123103,0.046291,,1832400,,
0,0,,0.366314,0.050385,0.052798,0.035133,0.083888,0.046119,0.137581,0.061091,0.109904,0.056788,,1816700,,
0,0,,0.411091,0.058525,0.084512,0.037994,0.102486,0.059145,0.037573,0.087737,0.069864,0.051072,,1815100,,
0,0,,0.346862,0.052552,0.040124,0.026509,0.155165,0.043507,0.156885,0.057878,0.075892,0.044624,,1808200,,
0,0,,0.478941,0.040915,0.038338,0.036642,0.069705,0.043955,0.081871,0.049702,0.084124,0.075806,,1810300,,
0,0,,0.32793,0.053779,0.031702,0.031702,0.14096,0.039334,0.160159,0.061548,0.091466,0.06142,,1816500,,
0,0,,0.423547,0.054521,0.043237,0.033968,0.079427,0.038062,0.089572,0.057978,0.130308,0.049381,,1805400,,
0,0,,0.337448,0.051145,0.030843,0.029323,0.137989,0.035332,0.153187,0.075759,0.09309,0.055883,,1802000,,
0,0,,0.356905,0.072555,0.081202,0.033729,0.098605,0.057256,0.052324,0.097061,0.092972,0.057391,,1866200,,
0,0,,0.427365,0.044442,0.046796,0.036793,0.096748,0.051504,0.061789,0.062267,0.10873,0.063564,,1840500,,
0,0,,0.245012,0.051657,0.060999,0.030958,0.083424,0.048793,0.200203,0.080524,0.119944,0.078486,,1847000,,
0,4,,0.133868,0.116826,0.089244,0.034176,0.166819,0.055222,0.037765,0.143055,0.086516,0.136509,,1837800,,
0,0,,0.283792,0.057908,0.061335,0.035881,0.123766,0.092765,0.067685,0.073376,0.122256,0.081236,,1849100,,
0,0,,0.209551,0.06746,0.033913,0.020466,0.19185,0.039846,0.191514,0.064547,0.108956,0.071897,,1892600,,
0,0,,0.372665,0.073539,0.046221,0.044775,0.089251,0.041219,0.068774,0.109029,0.097664,0.056862,,1857700,,
0,0,,0.423202,0.052594,0.059483,0.037842,0.081724,0.044678,0.071262,0.067262,0.106503,0.055451,,1848800,,
0,0,,0.421533,0.047683,0.03861,0.035004,0.078311,0.037785,0.100027,0.053584,0.130566,0.056898,,1851400,,
0,0,,0.222349,0.057409,0.053884,0.052185,0.14457,0.086518,0.143999,0.064654,0.088059,0.086373,,1848200,,
0,0,,0.4303,0.051351,0.051414,0.037823,0.105836,0.042193,0.06129,0.069456,0.099308,0.051029,,1848100,,
0,0,,0.340808,0.079971,0.07342,0.03919,0.077827,0.062642,0.053908,0.107827,0.090909,0.073498,,1864200,,
0,0,,0.418042,0.046549,0.040238,0.033507,0.082361,0.037442,0.098243,0.051988,0.132529,0.059102,,1852700,,
0,0,,0.368207,0.052308,0.056696,0.032112,0.103107,0.041767,0.121021,0.057329,0.11447,0.052983,,1844100,,
0,0,,0.248966,0.053949,0.048619,0.036834,0.154908,0.069968,0.144592,0.087094,0.099563,0.055507,,1848100,,
0,0,,0.351321,0.07381,0.072556,0.03915,0.079071,0.051823,0.055106,0.105957,0.097339,0.073869,,1845000,,
0,0,,0.352505,0.044285,0.033424,0.029,0.119654,0.041927,0.154513,0.067032,0.104871,0.05279,,1845900,,
0,0,,0.321614,0.061525,0.041178,0.022779,0.15131,0.037111,0.174408,0.059417,0.069886,0.060771,,1870200,,
0,0,,0.425725,0.051826,0.047419,0.04074,0.101576,0.045522,0.063869,0.06503,0.108209,0.050084,,1844400,,
0,0,,0.407124,0.07127,0.045139,0.040204,0.080437,0.042378,0.071985,0.09362,0.093156,0.054686,,1852400,,
0,0,,0.341866,0.051697,0.049232,0.036944,0.131677,0.028114,0.136767,0.068457,0.111585,0.043659,,1842500,,
0,0,,0.414157,0.044926,0.036621,0.035126,0.075181,0.041081,0.118977,0.050788,0.127804,0.05534,,1848400,,
0,0,,0.397579,0.059295,0.051536,0.035297,0.105091,0.050196,0.070581,0.067143,0.108028,0.055256,,1854800,,
0,0,,0.312362,0.047726,0.039078,0.037952,0.160917,0.043217,0.14001,0.057705,0.097622,0.063412,,1860600,,
0,0,,0.367629,0.058609,0.047324,0.033918,0.097579,0.043594,0.135578,0.057884,0.100601,0.057282,,1863800,,
0,0,,0.340086,0.047303,0.055162,0.048935,0.085598,0.042323,0.145958,0.054842,0.143671,0.036122,,1883700,,
0,0,,0.353731,0.042687,0.033623,0.031257,0.133464,0.038979,0.137519,0.06574,0.094062,0.068938,,1851600,,
0,0,,0.35866,0.043331,0.033837,0.042402,0.128264,0.047859,0.148334,0.057021,0.07106,0.069232,,1863200,,
0,0,,0.39223,0.049097,0.053222,0.035419,0.112687,0.040098,0.076802,0.07074,0.118965,0.050741,,1858700,,
0,0,,0.505474,0.038053,0.049162,0.031764,0.100307,0.045314,0.073027,0.040383,0.06019,0.056326,,1869400,,
0,0,,0.308688,0.040893,0.043672,0.02484,0.174793,0.046147,0.156295,0.084999,0.06818,0.051493,,1863600,,
0,0,,0.412229,0.045014,0.046143,0.037945,0.11906,0.036925,0.089202,0.065153,0.102128,0.046201,,1850600,,
0,0,,0.343313,0.045843,0.038486,0.034783,0.129494,0.04642,0.164472,0.062712,0.078785,0.055693,,1842300,,
0,0,,0.32329,0.055517,0.056997,0.048558,0.11399,0.054606,0.069267,0.078001,0.127604,0.072172,,1877900,,
0,0,,0.414365,0.049253,0.075456,0.042733,0.077378,0.063506,0.040086,0.084402,0.088077,0.064743,,1856600,,
0,0,,0.431121,0.052106,0.070047,0.032864,0.080531,0.040869,0.065928,0.071683,0.104595,0.050258,,1842800,,
0,0,,0.413041,0.044512,0.044087,0.03626,0.080668,0.040282,0.104417,0.049536,0.134207,0.05299,,1845800,,
0,0,,0.360078,0.05748,0.051376,0.02674,0.095645,0.045782,0.112378,0.058542,0.141995,0.049984,,1851500,,
0,0,,0.341592,0.080818,0.076707,0.044564,0.06989,0.063679,0.071251,0.106076,0.083457,0.061968,,1850000,,
0,0,,0.346877,0.0454,0.035517,0.045184,0.12882,0.039615,0.147779,0.065144,0.087091,0.058571,,1856000,,
0,0,,0.222476,0.084235,0.095309,0.033741,0.141326,0.051895,0.060217,0.137701,0.104344,0.068754,,1864900,,
0,0,,0.439278,0.049747,0.041886,0.034402,0.095737,0.050721,0.059294,0.064927,0.108932,0.055076,,1888600,,
0,0,,0.32815,0.061684,0.040262,0.02867,0.132006,0.038172,0.174717,0.048773,0.07861,0.068957,,1800300,,
0,0,,0.444215,0.047122,0.04812,0.030362,0.090455,0.045957,0.049296,0.067566,0.108978,0.067928,,1800100,,
0,0,,0.264889,0.0673,0.061893,0.029339,0.120781,0.031701,0.14522,0.061214,0.13843,0.079232,,1797300,,
0,0,,0.334976,0.050157,0.042207,0.04112,0.127914,0.039724,0.178996,0.043365,0.07606,0.06548,,1816800,,
0,0,,0.289979,0.082086,0.047185,0.03363,0.164576,0.039212,0.165088,0.062703,0.074411,0.041129,,1807400,,
0,0,,0.383769,0.052836,0.047661,0.046639,0.114571,0.055741,0.053235,0.070138,0.108769,0.066641,,1804800,,
0,0,,0.358265,0.05759,0.051952,0.026513,0.096785,0.044298,0.133168,0.062001,0.109271,0.060156,,1809200,,
0,0,,0.38672,0.056698,0.043436,0.02894,0.082061,0.035846,0.125986,0.058927,0.116815,0.064571,,1832100,,
0,0,,0.362085,0.057944,0.053461,0.035088,0.106273,0.047416,0.07594,0.068836,0.120697,0.072259,,1799100,,
0,0,,0.336269,0.052557,0.040975,0.032792,0.079468,0.039141,0.13332,0.11,0.115855,0.059624,,1801700,,
0,0,,0.323422,0.066061,0.071688,0.029821,0.082907,0.036564,0.11451,0.061165,0.148989,0.064871,,1818400,,
0,0,,0.598224,0.027551,0.046136,0.038716,0.049592,0.040613,0.037045,0.045491,0.058171,0.05846,,1812700,,
0,0,,0.226513,0.053657,0.053165,0.063191,0.174354,0.060777,0.196219,0.04618,0.090043,0.035901,,1816100,,
1,1,,0.057163,0.232477,0.104612,0.137171,0.063967,0.107723,0.044634,0.07397,0.061812,0.116471,,1803200,,
1,1,,0.042671,0.236364,0.089017,0.153297,0.065394,0.10703,0.043892,0.081502,0.06804,0.112792,,1798600,,
1,1,,0.034693,0.2297,0.134457,0.139306,0.043649,0.103976,0.040085,0.062083,0.082234,0.129817,,1826900,,
1,1,,0.024568,0.248959,0.091189,0.147617,0.062083,0.124491,0.035482,0.069213,0.069552,0.126846,,1811100,,
1,9,,0.047008,0.106848,0.067649,0.117934,0.075538,0.138186,0.054889,0.083327,0.059157,0.249465,,1803300,,
1,1,,0.034414,0.225473,0.070458,0.14856,0.039556,0.117374,0.030645,0.093618,0.077536,0.162367,,1824700,,
1,1,,0.132966,0.221099,0.060551,0.041958,0.115367,0.03434,0.119643,0.057243,0.173938,0.042895,,1803800,,
1,1,,0.04551,0.211265,0.129612,0.06638,0.167367,0.064295,0.04741,0.07171,0.089975,0.106476,,1807200,,
1,1,,0.054676,0.314341,0.080292,0.051246,0.050701,0.032653,0.090571,0.093539,0.184622,0.047358,,1816400,,
1,1,,0.028751,0.173258,0.108705,0.1528,0.068928,0.109088,0.028979,0.112504,0.08731,0.129677,,1816600,,
1,2,,0.016335,0.165723,0.16929,0.084899,0.069047,0.120166,0.064137,0.131566,0.080576,0.098262,,1861200,,
1,5,,0.021762,0.116101,0.131362,0.132646,0.093903,0.157467,0.089027,0.062711,0.089605,0.105414,,1821200,,
1,1,,0.03395,0.367006,0.100492,0.059389,0.054177,0.052839,0.107597,0.105397,0.07768,0.041472,,1803300,,
1,1,,0.111627,0.177999,0.06656,0.028133,0.144114,0.110967,0.130512,0.062974,0.131033,0.03608,,1804700,,
1,1,,0.044232,0.186882,0.130972,0.08995,0.074074,0.08486,0.056452,0.140278,0.07017,0.122129,,1801800,,
1,1,,0.017292,0.255184,0.118261,0.135925,0.075756,0.115482,0.028535,0.097912,0.051902,0.103751,,1806700,,
1,1,,0.048299,0.221023,0.073211,0.131958,0.049324,0.095985,0.032463,0.090592,0.06423,0.192916,,1802400,,
1,1,,0.033028,0.1597,0.107518,0.141702,0.057827,0.108382,0.028685,0.132041,0.080666,0.150451,,1803300,,
1,1,,0.030603,0.46341,0.088652,0.054087,0.059238,0.04484,0.048374,0.054702,0.112991,0.043102,,1814400,,
1,1,,0.047743,0.240876,0.099435,0.141713,0.058831,0.1118,0.055962,0.065365,0.074026,0.104249,,1815300,,
1,1,,0.056876,0.280141,0.05271,0.056329,0.167332,0.038245,0.058764,0.072472,0.170346,0.046783,,1804300,,
1,1,,0.127478,0.263599,0.068096,0.040511,0.066281,0.027978,0.151798,0.064152,0.156147,0.03396,,1801500,,
1,1,,0.018719,0.290751,0.136376,0.102795,0.064155,0.083176,0.030804,0.148748,0.072354,0.052121,,1811000,,
1,1,,0.033774,0.179036,0.099494,0.160411,0.041077,0.143307,0.043933,0.082273,0.054978,0.161716,,1826300,,
1,1,,0.033862,0.477036,0.091309,0.050711,0.065829,0.046519,0.041211,0.071647,0.086274,0.035603,,1820500,,
1,1,,0.024545,0.23551,0.096843,0.177039,0.050726,0.127553,0.034122,0.058947,0.060774,0.133941,,1812000,,
1,2,,0.121441,0.114885,0.178935,0.077572,0.079934,0.066656,0.052667,0.057587,0.124036,0.126287,,1810400,,
1,9,,0.02693,0.118929,0.09152,0.177011,0.033478,0.166959,0.040664,0.060302,0.075457,0.208749,,1826700,,
1,1,,0.119819,0.295145,0.074307,0.049189,0.089547,0.039183,0.063804,0.087031,0.156254,0.025719,,1831200,,
1,1,,0.130644,0.209326,0.063153,0.057005,0.086699,0.047261,0.093753,0.112568,0.153276,0.046315,,1841900,,
1,9,,0.059144,0.149913,0.058145,0.156113,0.050362,0.121882,0.030725,0.077325,0.076099,0.220291,,1846200,,
1,1,,0.032075,0.248197,0.103812,0.118452,0.046751,0.121143,0.074959,0.063589,0.07974,0.111284,,1833300,,
1,1,,0.056093,0.195136,0.062465,0.170214,0.054492,0.137868,0.033072,0.072933,0.073002,0.144724,,1829100,,
1,1,,0.063672,0.254815,0.072617,0.116325,0.057056,0.093063,0.035135,0.083556,0.068334,0.155427,,1810000,,
1,1,,0.014527,0.299155,0.084335,0.133204,0.090989,0.105814,0.023497,0.083406,0.06849,0.096583,,1802400,,
1,2,,0.020779,0.117119,0.186633,0.090917,0.061517,0.107515,0.080404,0.120543,0.132483,0.08209,,1823800,,
1,1,,0.028779,0.190002,0.151777,0.116657,0.080376,0.078437,0.043908,0.132861,0.095424,0.081781,,1817700,,
1,6,,0.102904,0.158273,0.081042,0.047797,0.087766,0.090262,0.202442,0.042437,0.145963,0.041114,,1811100,,
1,1,,0.06259,0.227776,0.105874,0.131994,0.070871,0.098327,0.031262,0.074766,0.082212,0.114327,,1828200,,
1,3,,0.015936,0.125755,0.182105,0.183144,0.049465,0.133769,0.060828,0.066807,0.066149,0.116042,,1854900,,
1,1,,0.049954,0.264029,0.075878,0.148111,0.05144,0.106698,0.050801,0.068327,0.070288,0.114474,,1880300,,
1,1,,0.015936,0.185785,0.175631,0.128102,0.049023,0.12202,0.047381,0.053935,0.104132,0.118055,,1830600,,
1,1,,0.020582,0.345022,0.08436,0.054584,0.127678,0.052841,0.03893,0.086874,0.151986,0.037144,,1828500,,
1,1,,0.021939,0.432375,0.083892,0.051421,0.058733,0.044824,0.03784,0.077673,0.135585,0.055717,,1875700,,
1,9,,0.051632,0.110126,0.088208,0.159312,0.050189,0.15711,0.019863,0.078595,0.07991,0.205055,,1852200,,
1,1,,0.082234,0.193697,0.108539,0.076965,0.08168,0.075074,0.024866,0.188866,0.089003,0.079076,,1850800,,
1,1,,0.017879,0.21578,0.176494,0.093749,0.079245,0.088589,0.039745,0.141649,0.056981,0.089889,,1847500,,
1,1,,0.025497,0.385843,0.107532,0.071936,0.0747,0.069321,0.034413,0.089281,0.096475,0.045001,,1862000,,
1,1,,0.062552,0.304159,0.083632,0.044875,0.054096,0.033343,0.092125,0.091789,0.189207,0.044221,,1857500,,
1,1,,0.027483,0.319353,0.13114,0.089926,0.054292,0.077712,0.034656,0.133178,0.076983,0.055277,,1846600,,
1,1,,0.055083,0.312445,0.111306,0.046311,0.062049,0.040347,0.092678,0.082925,0.168845,0.028009,,1860600,,
1,2,,0.020235,0.162494,0.198584,0.147066,0.047789,0.126609,0.051643,0.069054,0.055243,0.121283,,1865100,,
1,1,,0.017879,0.242532,0.139003,0.095831,0.098517,0.090579,0.045325,0.133504,0.073409,0.063422,,1845500,,
1,1,,0.099094,0.242087,0.047931,0.03059,0.143377,0.033454,0.142815,0.095645,0.110937,0.05407,,1851600,,
1,2,,0.023884,0.141903,0.164604,0.141794,0.046891,0.138584,0.0631,0.079471,0.070766,0.129005,,1841100,,
1,1,,0.114132,0.276716,0.043518,0.035098,0.142913,0.025965,0.183189,0.053271,0.093718,0.031481,,1846000,,
1,1,,0.043961,0.32291,0.082386,0.039244,0.061469,0.064196,0.115496,0.080601,0.161848,0.02789,,1848900,,
1,9,,0.086206,0.10515,0.061445,0.123737,0.066518,0.123769,0.071377,0.097603,0.049714,0.214482,,1851400,,
1,1,,0.031445,0.231177,0.139213,0.088323,0.108312,0.067218,0.055617,0.112882,0.095349,0.070464,,1838000,,
1,5,,0.015958,0.15734,0.137455,0.131627,0.06135,0.176651,0.068025,0.076246,0.050099,0.125248,,1861400,,
1,8,,0.133628,0.142072,0.085637,0.067036,0.133672,0.039508,0.087461,0.08785,0.153031,0.070107,,1878400,,
1,1,,0.063383,0.200207,0.068692,0.162449,0.056779,0.117007,0.034006,0.065106,0.080007,0.152364,,1845400,,
1,6,,0.113602,0.172426,0.067197,0.052435,0.184371,0.047469,0.184531,0.064373,0.088357,0.025238,,1856400,,
1,1,,0.056876,0.178762,0.061019,0.116397,0.063754,0.119771,0.034819,0.106353,0.104901,0.157349,,1848400,,
1,1,,0.032117,0.210093,0.089226,0.137452,0.065822,0.1137,0.074247,0.07726,0.075083,0.125,,1863400,,
1,1,,0.1213,0.242034,0.049964,0.038984,0.143154,0.028895,0.186596,0.059433,0.095818,0.033822,,1860400,,
1,1,,0.017307,0.272399,0.124313,0.11254,0.073268,0.100051,0.030963,0.142118,0.086226,0.040815,,1861500,,
1,1,,0.016919,0.180692,0.174297,0.112261,0.080434,0.090964,0.032608,0.174233,0.068875,0.068718,,1849300,,
1,1,,0.01888,0.437233,0.124008,0.060984,0.087207,0.051773,0.042811,0.052698,0.092398,0.032008,,1872800,,
1,9,,0.056162,0.087685,0.076194,0.137364,0.140652,0.113025,0.027542,0.07137,0.041505,0.248499,,1849600,,
1,8,,0.110211,0.160792,0.138936,0.046259,0.099368,0.068852,0.110968,0.059262,0.173419,0.031934,,1855700,,
1,1,,0.063616,0.247962,0.071042,0.135235,0.060736,0.110568,0.051107,0.070377,0.066659,0.122698,,1852000,,
1,9,,0.048923,0.122747,0.103176,0.14408,0.049933,0.092667,0.022124,0.161285,0.078763,0.176302,,1846300,,
1,9,,0.068812,0.140883,0.069645,0.112764,0.072957,0.124235,0.03756,0.093365,0.066638,0.213141,,1850600,,
1,3,,0.028207,0.099504,0.110147,0.212116,0.049476,0.136513,0.034232,0.062838,0.08288,0.184086,,1849700,,
1,4,,0.097037,0.111693,0.071254,0.048644,0.206741,0.039485,0.177576,0.081124,0.118119,0.048329,,1840200,,
1,1,,0.117131,0.249138,0.047634,0.04777,0.14134,0.027144,0.187922,0.046676,0.096947,0.038299,,1878300,,
1,9,,0.088626,0.085725,0.081823,0.126469,0.049488,0.127945,0.111652,0.067444,0.033266,0.227562,,1831000,,
1,9,,0.036455,0.120544,0.067217,0.147359,0.14159,0.14574,0.032042,0.090592,0.05288,0.165581,,1832400,,
1,1,,0.027913,0.287091,0.134033,0.098269,0.063883,0.078154,0.047173,0.128567,0.072812,0.062106,,1818900,,
1,1,,0.021784,0.222195,0.146216,0.065153,0.123687,0.077088,0.031023,0.143671,0.135373,0.033811,,1827200,,
1,1,,0.021153,0.17164,0.129926,0.15363,0.071922,0.134572,0.038919,0.06942,0.096348,0.112468,,1835600,,
1,1,,0.016203,0.169008,0.167083,0.094293,0.071287,0.134185,0.071135,0.118604,0.090799,0.067404,,1827000,,
1,1,,0.029779,0.39499,0.058768,0.052468,0.071527,0.050582,0.091189,0.130135,0.059878,0.060684,,1832500,,
1,1,,0.028672,0.386037,0.081898,0.050349,0.054318,0.122562,0.092333,0.072041,0.057754,0.054038,,1862000,,
1,2,,0.018492,0.12094,0.156112,0.144663,0.056403,0.128668,0.081238,0.091921,0.08107,0.120494,,1821300,,
1,1,,0.09535,0.32448,0.08157,0.057728,0.0681,0.032703,0.068608,0.109013,0.128684,0.033764,,1837300,,
1,1,,0.078279,0.224208,0.082314,0.039732,0.121145,0.054452,0.219179,0.047032,0.098493,0.035169,,1820500,,
1,1,,0.071042,0.312521,0.103111,0.053479,0.055236,0.045605,0.056383,0.133934,0.139712,0.028975,,1826400,,
1,1,,0.026656,0.182974,0.090451,0.162025,0.072057,0.122878,0.058895,0.080819,0.049523,0.153721,,1824000,,
1,1,,0.057853,0.390559,0.073015,0.041635,0.080399,0.033382,0.086329,0.061389,0.123394,0.052044,,1823200,,
1,1,,0.140565,0.191621,0.083021,0.056383,0.06957,0.0413,0.158322,0.067442,0.148811,0.042966,,1821500,,
1,1,,0.089149,0.311845,0.093138,0.059761,0.060659,0.037288,0.081595,0.103532,0.128062,0.034971,,1854400,,
1,3,,0.027495,0.181271,0.082417,0.201305,0.05392,0.141845,0.01968,0.068858,0.088299,0.13491,,1821600,,
1,1,,0.098588,0.272471,0.061723,0.040282,0.137121,0.028071,0.168812,0.0605,0.094054,0.038377,,1868600,,
1,8,,0.053725,0.197157,0.097898,0.060737,0.051993,0.046907,0.096302,0.049128,0.306416,0.039738,,1837000,,
1,1,,0.071873,0.192347,0.073409,0.132342,0.071382,0.093592,0.02243,0.115649,0.07801,0.148967,,1829300,,
1,1,,0.023167,0.314959,0.098707,0.140436,0.044305,0.10761,0.034656,0.0709,0.05788,0.107378,,1831500,,
1,1,,0.020961,0.249781,0.118894,0.10243,0.09247,0.073836,0.030771,0.125374,0.135219,0.050265,,1830500,,
1,1,,0.031558,0.215774,0.13412,0.078219,0.114681,0.056261,0.039869,0.145768,0.131307,0.052443,,1821200,,
1,5,,0.031141,0.112873,0.150286,0.123287,0.051629,0.151092,0.13491,0.069936,0.057564,0.117282,,1852900,,
1,1,,0.134524,0.272136,0.059306,0.039607,0.090937,0.03029,0.154796,0.059918,0.132188,0.026298,,1825600,,
1,1,,0.031393,0.338736,0.110478,0.078381,0.093687,0.073332,0.031026,0.110031,0.082956,0.04998,,1829300,,
1,6,,0.102774,0.120389,0.102726,0.033631,0.193661,0.045804,0.201635,0.061107,0.08736,0.050913,,1860300,,
1,1,,0.043361,0.293182,0.08309,0.057479,0.142686,0.046474,0.070095,0.065473,0.15208,0.04608,,1837300,,
1,1,,0.015952,0.198521,0.117879,0.132279,0.070381,0.129082,0.070171,0.080939,0.067632,0.117163,,1824600,,
1,8,,0.051621,0.183029,0.088523,0.036749,0.125605,0.046979,0.087881,0.070553,0.284512,0.024547,,1827800,,
1,1,,0.026061,0.247163,0.107165,0.144577,0.07553,0.119081,0.029275,0.07285,0.073147,0.10515,,1830600,,
1,1,,0.105743,0.229984,0.078647,0.05219,0.113348,0.052052,0.123186,0.046982,0.163135,0.034732,,1852400,,
1,1,,0.085952,0.236373,0.086028,0.067427,0.079663,0.049065,0.077289,0.115045,0.144464,0.058695,,1824900,,
1,2,,0.015936,0.126231,0.161393,0.130963,0.058013,0.141526,0.072695,0.101746,0.084815,0.106682,,1824200,,
1,1,,0.044345,0.209071,0.078901,0.13199,0.057531,0.095733,0.034623,0.097693,0.092177,0.157935,,1831000,,
1,1,,0.072863,0.324841,0.07717,0.052069,0.065788,0.039144,0.076153,0.141388,0.097599,0.052986,,1827100,,
1,1,,0.116678,0.204911,0.065298,0.045237,0.122164,0.040458,0.083647,0.10547,0.166167,0.049969,,1828000,,
1,1,,0.064851,0.196197,0.060884,0.166768,0.072838,0.128255,0.037658,0.067733,0.064674,0.140144,,1843500,,
2,8,,0.049545,0.102153,0.102883,0.08174,0.038821,0.040108,0.076547,0.110524,0.307793,0.089886,,1826300,,
2,9,,0.033548,0.109833,0.141201,0.153208,0.039751,0.127841,0.055645,0.090789,0.08374,0.164443,,1824500,,
2,2,,0.075183,0.121717,0.184137,0.068757,0.055675,0.082375,0.073498,0.146408,0.138469,0.053781,,1850900,,
2,2,,0.016307,0.111134,0.198454,0.136954,0.03506,0.12449,0.08381,0.080161,0.072332,0.141299,,1833600,,
2,2,,0.10647,0.115432,0.192484,0.079415,0.109626,0.043934,0.141242,0.050978,0.112878,0.047541,,1852800,,
2,2,,0.015936,0.088977,0.289923,0.101576,0.063318,0.088973,0.063046,0.130869,0.113703,0.043678,,1847100,,
2,3,,0.033061,0.087273,0.142965,0.160064,0.060732,0.116549,0.084596,0.092328,0.073789,0.148644,,1837100,,
2,2,,0.020378,0.08325,0.233629,0.109834,0.082867,0.058175,0.055835,0.151846,0.15076,0.053426,,1834600,,
2,2,,0.035685,0.086429,0.174997,0.10425,0.091573,0.09716,0.044596,0.139559,0.113403,0.112349,,1839600,,
2,2,,0.015936,0.095997,0.213289,0.099214,0.100889,0.103478,0.062869,0.137493,0.119634,0.0512,,1835200,,
2,8,,0.083869,0.107563,0.159491,0.050016,0.077148,0.066878,0.080909,0.12828,0.196619,0.049226,,1868600,,
2,3,,0.021156,0.129931,0.145478,0.164796,0.063052,0.160223,0.067767,0.081091,0.058657,0.107851,,1835400,,
2,6,,0.103287,0.072024,0.123361,0.08414,0.123692,0.034197,0.186703,0.074403,0.158077,0.040116,,1851500,,
2,2,,0.016117,0.080179,0.225206,0.115811,0.055975,0.105011,0.100322,0.131359,0.077342,0.092679,,1840000,,
2,2,,0.048935,0.078128,0.267435,0.080774,0.085281,0.088032,0.090719,0.095117,0.085456,0.080122,,1833200,,
2,8,,0.053207,0.073428,0.163123,0.061531,0.045967,0.039813,0.087856,0.089381,0.321854,0.063842,,1830800,,
2,2,,0.016427,0.098111,0.277803,0.10125,0.04407,0.109054,0.03563,0.1676,0.065608,0.084446,,1842200,,
2,2,,0.037199,0.101074,0.181561,0.150286,0.047894,0.163562,0.045432,0.059553,0.060855,0.152584,,1826400,,
2,2,,0.052839,0.077222,0.241281,0.117255,0.051878,0.111207,0.062317,0.116615,0.074068,0.095317,,1856800,,
2,2,,0.048328,0.076993,0.189622,0.094612,0.141418,0.074846,0.053572,0.134871,0.108452,0.077286,,1838000,,
2,2,,0.019935,0.106034,0.200979,0.115838,0.051036,0.126635,0.06166,0.158363,0.085397,0.074122,,1848200,,
2,8,,0.121553,0.083343,0.154239,0.087556,0.09881,0.050835,0.07163,0.108637,0.167701,0.055697,,1850600,,
2,2,,0.033608,0.102745,0.172735,0.117963,0.054245,0.083364,0.058157,0.171393,0.107135,0.098654,,1856500,,
2,8,,0.02055,0.091519,0.19798,0.051422,0.068105,0.086772,0.102822,0.11376,0.221012,0.046058,,1858400,,
2,2,,0.105113,0.091315,0.265007,0.072348,0.055389,0.044471,0.053922,0.109608,0.148519,0.054308,,1841800,,
2,2,,0.07158,0.125585,0.207687,0.056916,0.055043,0.09877,0.11333,0.113212,0.114262,0.043614,,1839500,,
2,7,,0.020592,0.094171,0.180825,0.109216,0.071716,0.070942,0.058834,0.194514,0.117276,0.081914,,1862900,,
2,2,,0.016427,0.103146,0.196067,0.171276,0.032579,0.131955,0.058991,0.08254,0.084937,0.12208,,1844600,,
2,2,,0.027538,0.086289,0.232281,0.071655,0.097112,0.111051,0.086293,0.090674,0.150364,0.046742,,1834000,,
2,2,,0.11425,0.09756,0.216178,0.061931,0.098576,0.072,0.067449,0.104161,0.127703,0.040193,,1838200,,
2,2,,0.018108,0.083245,0.293516,0.105448,0.051509,0.100656,0.080045,0.110044,0.068558,0.08887,,1842900,,
2,3,,0.025569,0.105645,0.138098,0.160221,0.038307,0.113382,0.085748,0.099502,0.084418,0.149109,,1845000,,
2,2,,0.029813,0.094404,0.19471,0.146489,0.070994,0.058383,0.027237,0.18632,0.136452,0.055196,,1835200,,
2,3,,0.019768,0.153245,0.138041,0.181977,0.063178,0.116955,0.042195,0.075899,0.094327,0.114415,,1835200,,
2,2,,0.022416,0.119365,0.226501,0.106454,0.107972,0.050415,0.039161,0.077729,0.191313,0.058675,,1874000,,
2,2,,0.017487,0.160277,0.230221,0.110406,0.046299,0.109139,0.072028,0.126913,0.07189,0.055342,,1839700,,
2,2,,0.01993,0.083725,0.298814,0.087073,0.075157,0.083025,0.091701,0.06846,0.120097,0.072018,,1834100,,
2,2,,0.021741,0.092283,0.262027,0.144459,0.06001,0.08038,0.045491,0.146118,0.084463,0.063029,,1830800,,
2,2,,0.108113,0.087794,0.192251,0.052701,0.089714,0.078072,0.143456,0.062,0.157243,0.028656,,1877000,,
2,2,,0.08661,0.152738,0.170117,0.091147,0.05665,0.047041,0.082226,0.1316,0.136893,0.044978,,1827300,,
2,2,,0.016508,0.11719,0.191522,0.169326,0.040174,0.117194,0.068195,0.064485,0.080794,0.134612,,1832700,,
2,2,,0.020475,0.096241,0.220852,0.144508,0.04407,0.142731,0.062227,0.084271,0.064818,0.119807,,1839200,,
2,2,,0.017415,0.157563,0.222699,0.132642,0.052859,0.082591,0.074308,0.123936,0.074779,0.061207,,1858800,,
2,2,,0.024372,0.117787,0.204642,0.172319,0.046911,0.118787,0.048106,0.078393,0.076385,0.112297,,1841500,,
2,2,,0.029287,0.106369,0.19901,0.172495,0.047098,0.116537,0.026109,0.103611,0.056498,0.142984,,1824900,,
2,3,,0.027088,0.119146,0.139107,0.196281,0.038587,0.159292,0.02302,0.086489,0.057007,0.153982,,1824000,,
2,2,,0.023347,0.130272,0.191206,0.135281,0.044962,0.093156,0.027237,0.178528,0.078152,0.097859,,1830700,,
2,2,,0.074505,0.161399,0.182636,0.061676,0.075347,0.083559,0.058113,0.126247,0.142117,0.034401,,1837900,,
2,0,,0.251048,0.06458,0.112495,0.035156,0.093134,0.043732,0.108443,0.085114,0.128783,0.077516,,1836600,,
2,8,,0.089819,0.123846,0.117172,0.051072,0.120523,0.040643,0.148985,0.116522,0.159731,0.031688,,1842800,,
2,8,,0.090787,0.092521,0.136363,0.092208,0.109048,0.046913,0.15261,0.046598,0.192728,0.040224,,1858900,,
2,9,,0.034532,0.113779,0.184199,0.144324,0.034879,0.14228,0.028865,0.070512,0.056115,0.190515,,1837800,,
2,2,,0.078013,0.150493,0.182134,0.071939,0.082339,0.04576,0.097969,0.101691,0.14167,0.047992,,1836000,,
2,2,,0.026558,0.116599,0.206468,0.153747,0.047017,0.128603,0.043914,0.068252,0.077071,0.131773,,1843000,,
2,6,,0.090841,0.069479,0.116067,0.053793,0.165011,0.044918,0.200834,0.095092,0.109733,0.054232,,1846300,,
2,2,,0.017149,0.091786,0.231023,0.08707,0.057004,0.120926,0.060319,0.155106,0.069977,0.10964,,1838000,,
2,2,,0.017967,0.127936,0.220514,0.119493,0.087777,0.088341,0.041099,0.134138,0.096232,0.066502,,1835900,,
2,2,,0.022985,0.10519,0.234394,0.093528,0.046893,0.107229,0.099282,0.147155,0.051352,0.091992,,1840600,,
2,9,,0.027112,0.109826,0.156977,0.154602,0.045598,0.141719,0.045402,0.09378,0.067202,0.157782,,1835900,,
2,3,,0.020749,0.09807,0.137876,0.181462,0.040486,0.115051,0.058498,0.099709,0.095439,0.15266,,1869800,,
2,8,,0.093438,0.111126,0.127991,0.092508,0.078523,0.051901,0.064785,0.145235,0.165107,0.069386,,1847100,,
2,2,,0.02332,0.099234,0.222061,0.113335,0.064983,0.062802,0.027151,0.179804,0.128624,0.078686,,1845000,,
2,3,,0.031784,0.086293,0.135329,0.155423,0.067705,0.120638,0.031749,0.133992,0.099681,0.137407,,1837300,,
2,2,,0.021023,0.103107,0.167172,0.138064,0.042641,0.158553,0.10493,0.076725,0.048328,0.139456,,1854700,,
2,2,,0.017436,0.098746,0.257428,0.168614,0.036365,0.110239,0.05129,0.087693,0.053098,0.119089,,1848900,,
2,3,,0.044463,0.093046,0.161165,0.164094,0.068252,0.110289,0.118035,0.059851,0.045353,0.135454,,1839100,,
2,2,,0.023233,0.132584,0.240764,0.142982,0.053846,0.08444,0.050255,0.135342,0.054717,0.081837,,1832100,,
2,2,,0.018316,0.115927,0.235746,0.087545,0.059253,0.092474,0.05278,0.168203,0.053156,0.1166,,1861200,,
2,2,,0.075175,0.126388,0.161082,0.084061,0.066821,0.084538,0.080512,0.110026,0.13794,0.073457,,1843700,,
2,2,,0.018319,0.07629,0.240614,0.081564,0.069104,0.084655,0.085826,0.147415,0.121788,0.074425,,1842000,,
2,2,,0.11873,0.104557,0.196207,0.117589,0.067323,0.050575,0.035125,0.124883,0.136998,0.048013,,1840400,,
2,1,,0.044859,0.175227,0.162659,0.08902,0.101813,0.054947,0.030698,0.133207,0.139196,0.068372,,1851800,,
2,2,,0.017077,0.123361,0.280035,0.104724,0.060137,0.087719,0.041245,0.117972,0.077848,0.089881,,1839900,,
2,2,,0.01793,0.137227,0.230258,0.149038,0.044994,0.128153,0.052388,0.069877,0.057132,0.113003,,1842200,,
2,2,,0.015936,0.091234,0.241892,0.128835,0.049646,0.127281,0.059533,0.130442,0.086793,0.068408,,1821700,,
2,2,,0.018203,0.087756,0.198223,0.131259,0.064739,0.128011,0.071913,0.143734,0.073501,0.082661,,1876100,,
2,8,,0.06236,0.084959,0.152154,0.061947,0.089366,0.054699,0.103567,0.085409,0.234825,0.070715,,1855500,,
2,2,,0.019022,0.112598,0.193417,0.070118,0.088447,0.127533,0.125644,0.118902,0.084752,0.059568,,1857800,,
2,8,,0.127623,0.070713,0.163193,0.058142,0.131783,0.049991,0.072321,0.099729,0.179554,0.046951,,1852400,,
2,2,,0.016153,0.123293,0.259706,0.10759,0.046596,0.090144,0.051442,0.144973,0.079217,0.080885,,1842000,,
2,2,,0.042606,0.101436,0.200273,0.190041,0.059229,0.125882,0.028998,0.055484,0.057235,0.138816,,1846900,,
2,2,,0.016443,0.10475,0.226978,0.120516,0.049768,0.106477,0.058191,0.132891,0.099186,0.084799,,1843100,,
2,2,,0.02272,0.101231,0.25466,0.114385,0.04974,0.08783,0.069036,0.127254,0.104288,0.068856,,1846800,,
2,2,,0.030384,0.11897,0.176765,0.151544,0.045213,0.112028,0.054635,0.079913,0.091461,0.139088,,1885900,,
2,2,,0.016991,0.086379,0.256741,0.10398,0.06362,0.109422,0.05146,0.134609,0.069502,0.107296,,1852100,,
2,2,,0.031346,0.080159,0.18051,0.116552,0.064306,0.100889,0.03094,0.176984,0.140381,0.077934,,1851500,,
2,9,,0.042796,0.091336,0.112699,0.149942,0.075965,0.127583,0.077991,0.057483,0.062767,0.201438,,1845000,,
2,2,,0.022678,0.10881,0.211147,0.166652,0.039535,0.121568,0.047415,0.065027,0.092009,0.125159,,1849800,,
2,2,,0.031242,0.082934,0.218383,0.157508,0.047395,0.106551,0.033607,0.098537,0.087137,0.136705,,1853000,,
2,2,,0.020388,0.1206,0.17985,0.15403,0.042698,0.126917,0.037141,0.097719,0.086698,0.133958,,1854700,,
2,2,,0.015936,0.139439,0.158331,0.148541,0.042593,0.149244,0.118875,0.049537,0.057924,0.11958,,1860700,,
2,2,,0.025047,0.078856,0.287603,0.077068,0.04609,0.130446,0.061565,0.070685,0.140945,0.081695,,1883800,,
2,9,,0.041876,0.111615,0.129612,0.123764,0.075691,0.099249,0.062578,0.062133,0.035914,0.257568,,1835400,,
2,2,,0.022633,0.126164,0.201175,0.16157,0.03536,0.103025,0.073029,0.099019,0.050884,0.12714,,1831100,,
2,2,,0.026733,0.079946,0.255708,0.104457,0.089904,0.050112,0.045773,0.105898,0.176156,0.065313,,1848900,,
2,2,,0.01821,0.144963,0.224225,0.115909,0.079758,0.103191,0.061619,0.101171,0.086577,0.064376,,1862000,,
2,8,,0.091765,0.114373,0.132017,0.096158,0.06138,0.048424,0.063297,0.13032,0.208179,0.054087,,1888200,,
2,2,,0.027135,0.107867,0.210765,0.157232,0.08474,0.067418,0.049354,0.135174,0.087373,0.072941,,1869200,,
2,2,,0.017439,0.10499,0.24868,0.121164,0.060169,0.08246,0.087414,0.127528,0.080206,0.069949,,1856100,,
2,8,,0.103184,0.10287,0.146904,0.059861,0.084259,0.039247,0.130328,0.070839,0.22153,0.040978,,1885800,,
2,6,,0.100732,0.07141,0.087632,0.058899,0.14985,0.043925,0.245531,0.084619,0.098671,0.058731,,1831100,,
2,2,,0.071099,0.103832,0.240989,0.055854,0.060472,0.083593,0.115801,0.109742,0.118041,0.040577,,1846700,,
2,2,,0.020375,0.098639,0.232611,0.154885,0.040702,0.107283,0.072507,0.067951,0.081283,0.123764,,1848700,,
2,2,,0.016935,0.149929,0.264747,0.100879,0.053376,0.091499,0.047132,0.13228,0.092505,0.050719,,1840700,,
2,2,,0.029528,0.078438,0.20722,0.141728,0.076503,0.062178,0.051239,0.147437,0.141948,0.063781,,1839900,,
2,2,,0.018194,0.120182,0.239878,0.098887,0.096364,0.097613,0.046603,0.094663,0.133156,0.054459,,1850200,,
2,2,,0.022604,0.094203,0.17511,0.158443,0.050775,0.109304,0.047639,0.161564,0.06734,0.113019,,1838300,,
2,1,,0.054834,0.17025,0.151034,0.107572,0.073186,0.070261,0.034664,0.132531,0.125197,0.080471,,1860900,,
2,2,,0.082426,0.081987,0.234762,0.077439,0.073573,0.061062,0.081374,0.102745,0.170993,0.03364,,1849300,,
2,2,,0.021499,0.154942,0.326444,0.10372,0.045965,0.049339,0.055244,0.072009,0.109879,0.060958,,1863200,,
2,2,,0.017149,0.087928,0.262405,0.074713,0.078332,0.068198,0.068112,0.129692,0.126802,0.08667,,1838200,,
2,2,,0.023217,0.088859,0.192785,0.174297,0.039463,0.114371,0.064905,0.098896,0.07011,0.133098,,1846900,,
3,3,,0.034381,0.085576,0.106939,0.264646,0.032929,0.154531,0.023614,0.079693,0.067502,0.150187,,1867400,,
3,3,,0.054219,0.08107,0.146423,0.191634,0.040237,0.117527,0.027558,0.090682,0.106904,0.143745,,1865300,,
3,3,,0.042627,0.081873,0.086225,0.241568,0.032895,0.128241,0.017822,0.088725,0.077944,0.202081,,1859100,,
3,3,,0.031066,0.089897,0.0827,0.242562,0.042758,0.137424,0.02176,0.116768,0.059526,0.175539,,2510000,,
3,8,,0.08235,0.100594,0.08719,0.104928,0.115225,0.095597,0.038122,0.113494,0.218151,0.044349,,1848400,,
3,9,,0.038689,0.083182,0.152643,0.119038,0.062485,0.129798,0.054733,0.121269,0.075426,0.162739,,1843800,,
3,3,,0.037174,0.088642,0.127704,0.242326,0.042071,0.130074,0.023117,0.100802,0.049695,0.158394,,1848600,,
3,3,,0.038022,0.091144,0.080046,0.277732,0.034071,0.124963,0.024378,0.096319,0.080047,0.153278,,1848300,,
3,3,,0.042989,0.082511,0.089062,0.267998,0.034743,0.133902,0.027545,0.082361,0.05882,0.180069,,1849100,,
3,3,,0.035397,0.088049,0.112838,0.258001,0.032181,0.124844,0.028187,0.062856,0.064005,0.193642,,1862300,,
3,7,,0.023112,0.089365,0.159335,0.11379,0.050143,0.087432,0.058513,0.162631,0.113124,0.142553,,1844900,,
3,3,,0.038093,0.078469,0.135563,0.199073,0.043367,0.155945,0.024044,0.087419,0.055716,0.182311,,1871800,,
3,3,,0.01737,0.162429,0.185923,0.19298,0.038902,0.110937,0.047329,0.060177,0.061424,0.122527,,1863100,,
3,3,,0.028274,0.074021,0.101229,0.205474,0.026624,0.201271,0.031149,0.051941,0.135526,0.14449,,1843000,,
3,3,,0.020998,0.099671,0.128439,0.260614,0.030009,0.10554,0.056201,0.076344,0.044744,0.17744,,1847800,,
3,3,,0.041039,0.087049,0.088,0.303628,0.033376,0.12692,0.020286,0.070552,0.053869,0.17528,,1848300,,
3,3,,0.032875,0.105965,0.106934,0.278563,0.047045,0.1315,0.020814,0.064239,0.066539,0.145527,,1865600,,
3,5,,0.032569,0.104173,0.078652,0.205201,0.05355,0.210393,0.033233,0.057775,0.052009,0.172445,,1841800,,
3,3,,0.02789,0.117187,0.108023,0.261664,0.034083,0.126031,0.028748,0.065532,0.064298,0.166544,,1876600,,
3,3,,0.050468,0.104554,0.130302,0.201724,0.054046,0.121944,0.056838,0.059302,0.074751,0.146071,,1865200,,
3,5,,0.034017,0.116191,0.095621,0.15784,0.069955,0.200746,0.063627,0.058837,0.080351,0.122816,,1845800,,
3,3,,0.016846,0.132055,0.141132,0.196285,0.047917,0.120766,0.050637,0.065704,0.052524,0.176135,,1851100,,
3,3,,0.03719,0.115652,0.114828,0.222947,0.048154,0.147894,0.022558,0.071911,0.052245,0.166618,,1850600,,
3,3,,0.045753,0.073944,0.160554,0.171493,0.051398,0.085649,0.080642,0.072236,0.136414,0.121917,,1863400,,
3,3,,0.038355,0.134358,0.110259,0.211877,0.049381,0.121479,0.023886,0.080523,0.0992,0.130682,,1842500,,
3,2,,0.026465,0.133155,0.16841,0.143648,0.063125,0.125668,0.033366,0.075586,0.086131,0.144447,,1851400,,
3,3,,0.025644,0.083286,0.087988,0.258658,0.039911,0.178841,0.059525,0.075197,0.049255,0.141696,,1848900,,
3,5,,0.027787,0.133837,0.084307,0.166245,0.085709,0.185326,0.057618,0.062482,0.059165,0.137524,,1856200,,
3,3,,0.029763,0.087228,0.145335,0.199706,0.053123,0.110867,0.030863,0.104292,0.115575,0.123248,,1844200,,
3,5,,0.043367,0.109839,0.066941,0.187576,0.061787,0.200734,0.043502,0.065886,0.042529,0.17784,,1850100,,
3,2,,0.140565,0.066692,0.191489,0.152139,0.062658,0.04713,0.069434,0.043129,0.112612,0.114152,,1869000,,
3,3,,0.031303,0.092466,0.150772,0.2456,0.050094,0.098676,0.036117,0.115499,0.069194,0.110279,,1848800,,
3,3,,0.03362,0.125078,0.12097,0.194107,0.042001,0.147462,0.022094,0.068478,0.091846,0.154344,,1855000,,
3,2,,0.085829,0.127369,0.181006,0.041814,0.078155,0.038555,0.053519,0.131712,0.172582,0.089459,,1849200,,
3,3,,0.038022,0.0886,0.093234,0.274682,0.035209,0.145319,0.02537,0.082681,0.067424,0.14946,,1865600,,
3,3,,0.033046,0.119773,0.112108,0.27954,0.034382,0.131876,0.019848,0.086354,0.043539,0.139534,,1875500,,
3,3,,0.028788,0.116619,0.095441,0.215884,0.04382,0.138461,0.032222,0.056703,0.062577,0.209484,,1862200,,
3,3,,0.03449,0.105477,0.105529,0.243037,0.034601,0.126766,0.052164,0.07048,0.054124,0.173332,,1854400,,
3,5,,0.026861,0.098105,0.130466,0.188152,0.051762,0.21268,0.048045,0.054844,0.047317,0.141769,,1864800,,
3,3,,0.033564,0.084141,0.078494,0.258014,0.034755,0.141906,0.02466,0.081425,0.051227,0.211815,,1846200,,
