optdigits,CWE,test,2,NANOSECONDS,PREDICTIONS, Generated by ClassifierExperiments.java on 2022-05-16 23:21:00.    SYSTEMPROPERTIES:{user.name:matth,os.arch:amd64,os.name:Windows 10},ENDSYSTEMPROPERTIES
No parameter info
0.804251550044287,2934711500,2093141300,-1,100014256,10,,-1,-1
0,0,,0.448332,0.036389,0.027619,0.014107,0.130283,0.035541,0.130312,0.056935,0.04982,0.070662,,2239100,,
0,0,,0.421784,0.069498,0.040669,0.016635,0.109624,0.04569,0.041918,0.043146,0.149648,0.061388,,1903000,,
0,0,,0.440411,0.039287,0.055093,0.037938,0.096531,0.053123,0.061461,0.070053,0.039739,0.106362,,1898700,,
0,0,,0.39418,0.033376,0.028777,0.015899,0.145392,0.030911,0.129776,0.065455,0.079616,0.076619,,1887400,,
0,0,,0.583565,0.019521,0.017901,0.016591,0.119166,0.03478,0.050168,0.084528,0.02123,0.05255,,1889900,,
0,0,,0.503124,0.033898,0.034065,0.018766,0.082094,0.02645,0.092871,0.038319,0.097239,0.073173,,1882200,,
0,0,,0.437547,0.040102,0.027254,0.018292,0.116498,0.023577,0.152811,0.054517,0.049745,0.079658,,1897400,,
0,0,,0.451403,0.054042,0.053386,0.01852,0.104318,0.045406,0.061446,0.087349,0.060927,0.063203,,1879100,,
0,0,,0.498624,0.035136,0.019748,0.01602,0.121773,0.034011,0.126028,0.040432,0.044698,0.063529,,1887300,,
0,0,,0.494278,0.044917,0.028456,0.01662,0.102467,0.028913,0.101032,0.044372,0.076001,0.062943,,1881600,,
0,0,,0.425114,0.042956,0.048907,0.016056,0.110753,0.024338,0.112024,0.062682,0.080437,0.076734,,1875200,,
0,0,,0.521632,0.026367,0.048913,0.014226,0.090847,0.043366,0.044294,0.063032,0.086413,0.060911,,1887500,,
0,0,,0.52533,0.035009,0.023007,0.014424,0.082979,0.024962,0.093114,0.048602,0.096426,0.056146,,1888800,,
0,0,,0.315717,0.063188,0.028232,0.015749,0.128857,0.054688,0.143046,0.068675,0.059429,0.122418,,1874100,,
0,0,,0.506405,0.034378,0.028766,0.016568,0.112827,0.033064,0.057575,0.061456,0.080383,0.068579,,1872100,,
0,0,,0.357921,0.050361,0.03715,0.017223,0.107052,0.045915,0.10815,0.060179,0.105107,0.110942,,1807500,,
0,0,,0.592369,0.025665,0.037275,0.020709,0.093525,0.029826,0.053078,0.056654,0.027706,0.063194,,1857600,,
0,0,,0.365671,0.066077,0.030618,0.015208,0.130611,0.034409,0.097027,0.051898,0.101014,0.107467,,1814000,,
0,0,,0.444152,0.032644,0.033831,0.01402,0.097056,0.027147,0.133063,0.049983,0.078181,0.089923,,1831900,,
0,0,,0.178721,0.050874,0.049237,0.037911,0.128339,0.103972,0.151523,0.053546,0.153432,0.092446,,1842900,,
0,0,,0.417183,0.04629,0.05101,0.018275,0.104428,0.038552,0.130672,0.0525,0.076431,0.06466,,1820000,,
0,0,,0.410791,0.044989,0.051147,0.012434,0.124706,0.04844,0.075827,0.076114,0.078986,0.076565,,1816900,,
0,0,,0.464924,0.036704,0.020683,0.013685,0.146281,0.029584,0.14651,0.042893,0.041664,0.057072,,1826100,,
0,0,,0.673898,0.020656,0.017356,0.022078,0.067964,0.030834,0.037504,0.046229,0.020706,0.062775,,1825500,,
0,0,,0.413384,0.038402,0.067809,0.014309,0.094557,0.052696,0.047293,0.072412,0.106699,0.092439,,1827400,,
0,0,,0.530009,0.036031,0.029816,0.014724,0.093911,0.032097,0.061368,0.061131,0.075568,0.065346,,1824900,,
0,0,,0.499646,0.034378,0.033413,0.022502,0.078043,0.024249,0.130037,0.04552,0.072464,0.059749,,1815100,,
0,0,,0.496597,0.040613,0.02893,0.01539,0.08468,0.02647,0.099892,0.050205,0.09924,0.057983,,1821700,,
0,0,,0.511714,0.034288,0.030383,0.016158,0.109293,0.034824,0.062545,0.061178,0.075423,0.064194,,1817600,,
0,0,,0.502585,0.041736,0.029272,0.015849,0.104378,0.035523,0.073103,0.061228,0.077628,0.058697,,1822000,,
0,0,,0.458152,0.040041,0.020847,0.01512,0.139995,0.029502,0.137812,0.046449,0.051228,0.060853,,1845000,,
0,0,,0.365642,0.060374,0.075525,0.021609,0.112661,0.071273,0.046424,0.088382,0.064815,0.093296,,1831400,,
0,0,,0.461244,0.033736,0.020165,0.013317,0.143808,0.033718,0.128145,0.047578,0.04932,0.068968,,1808600,,
0,0,,0.360863,0.068972,0.059705,0.0212,0.105944,0.035016,0.088604,0.076811,0.08071,0.102176,,1834000,,
0,0,,0.403809,0.038733,0.029974,0.021043,0.123564,0.050543,0.125098,0.045141,0.063658,0.098437,,1820800,,
0,0,,0.290009,0.055163,0.024964,0.015421,0.207143,0.033536,0.13833,0.091326,0.078698,0.06541,,1822000,,
0,0,,0.476166,0.063325,0.040742,0.022696,0.104657,0.02805,0.053206,0.069932,0.07357,0.067656,,1855100,,
0,0,,0.469728,0.050722,0.021378,0.022293,0.08088,0.047695,0.049358,0.089209,0.051993,0.116744,,1833300,,
0,0,,0.577202,0.02244,0.020653,0.018666,0.096409,0.03517,0.066917,0.070601,0.024234,0.067708,,1846100,,
0,0,,0.48856,0.050028,0.034579,0.018018,0.116068,0.034556,0.047707,0.056128,0.078033,0.076324,,1839300,,
0,0,,0.385296,0.039524,0.030675,0.013438,0.130685,0.038866,0.108184,0.103857,0.06856,0.080916,,1825600,,
0,0,,0.326575,0.067898,0.026344,0.01828,0.141673,0.037391,0.140682,0.052462,0.053857,0.134837,,1835700,,
0,0,,0.391214,0.056806,0.035611,0.018599,0.09013,0.05061,0.11538,0.049708,0.080068,0.111875,,1829400,,
0,0,,0.43189,0.042184,0.029191,0.014075,0.137552,0.027614,0.141893,0.057526,0.047758,0.070316,,1818200,,
0,0,,0.658987,0.022848,0.017348,0.019001,0.068276,0.034354,0.039127,0.049684,0.02556,0.064815,,1807500,,
0,0,,0.480563,0.043604,0.023858,0.017188,0.120384,0.026913,0.13387,0.04692,0.046916,0.059783,,1801300,,
0,0,,0.658972,0.023677,0.018628,0.018313,0.069595,0.037517,0.023707,0.053333,0.026642,0.069616,,1810000,,
0,0,,0.457582,0.040271,0.023834,0.016264,0.129255,0.026229,0.140684,0.047365,0.053636,0.06488,,1803500,,
0,0,,0.43485,0.059667,0.04512,0.025688,0.102427,0.027038,0.07028,0.07896,0.075149,0.080821,,1805200,,
0,0,,0.472579,0.037502,0.025055,0.020126,0.093822,0.025471,0.109981,0.047563,0.106457,0.061443,,1829300,,
0,0,,0.348641,0.036188,0.03165,0.011213,0.300009,0.025334,0.112352,0.066619,0.037327,0.030666,,1851300,,
0,0,,0.381229,0.067174,0.06194,0.028995,0.115698,0.047494,0.062331,0.069358,0.082708,0.083074,,1813700,,
0,0,,0.42101,0.104269,0.043068,0.019831,0.098033,0.036048,0.032188,0.034695,0.150823,0.060034,,1808600,,
0,0,,0.440195,0.045091,0.03037,0.015681,0.064687,0.060551,0.115364,0.053297,0.099418,0.075346,,1806600,,
0,0,,0.436795,0.039639,0.061927,0.039341,0.091506,0.029884,0.054347,0.063114,0.106414,0.077032,,1816600,,
0,0,,0.27188,0.096699,0.069195,0.032766,0.10725,0.103719,0.028968,0.091293,0.108015,0.090216,,1833800,,
0,0,,0.256304,0.074239,0.032707,0.019131,0.1427,0.046871,0.194093,0.050845,0.058821,0.124288,,1806100,,
0,0,,0.379435,0.029918,0.028811,0.014974,0.256786,0.022803,0.098424,0.068484,0.06667,0.033696,,1813500,,
0,0,,0.441025,0.040824,0.029516,0.043914,0.082612,0.026864,0.100152,0.061653,0.104028,0.069411,,1818800,,
0,0,,0.3801,0.02303,0.023675,0.015368,0.287837,0.018082,0.068447,0.054309,0.091499,0.037653,,1827400,,
0,0,,0.544411,0.027941,0.020134,0.015296,0.097504,0.044805,0.074378,0.062658,0.031644,0.081229,,1846400,,
0,0,,0.507615,0.044613,0.029829,0.017403,0.10881,0.044645,0.045277,0.061539,0.074049,0.066221,,1837000,,
0,0,,0.306448,0.063493,0.032826,0.027142,0.228739,0.036049,0.122619,0.059507,0.076883,0.046294,,1805900,,
0,0,,0.481853,0.044368,0.034036,0.014475,0.10679,0.034294,0.074703,0.068043,0.076867,0.064572,,1814600,,
0,0,,0.478876,0.052983,0.035963,0.024891,0.091644,0.027425,0.066341,0.073808,0.074185,0.073885,,1815700,,
0,0,,0.490409,0.040036,0.03031,0.01488,0.090677,0.027651,0.126495,0.044464,0.072128,0.06295,,1832900,,
0,0,,0.395669,0.042507,0.031494,0.014606,0.162602,0.033109,0.158594,0.046535,0.047986,0.066899,,1814100,,
0,0,,0.409126,0.042039,0.02427,0.013366,0.138775,0.041309,0.127889,0.065778,0.049136,0.088313,,1817500,,
0,0,,0.509802,0.033691,0.026408,0.017742,0.086263,0.031576,0.077492,0.049915,0.101701,0.06541,,2150300,,
0,0,,0.427206,0.046345,0.033841,0.017282,0.102715,0.035329,0.139267,0.033104,0.076251,0.088662,,1940100,,
0,0,,0.473354,0.040834,0.030624,0.01782,0.109168,0.029341,0.138275,0.035981,0.054407,0.070197,,1855800,,
0,0,,0.296873,0.04567,0.074819,0.035633,0.088641,0.076745,0.108808,0.048244,0.133958,0.090608,,1830900,,
0,0,,0.484921,0.051182,0.032108,0.018347,0.076183,0.024397,0.117599,0.04867,0.071668,0.074925,,1911400,,
0,0,,0.499143,0.056783,0.036304,0.015601,0.084047,0.035111,0.063392,0.050628,0.070902,0.08809,,1985300,,
0,0,,0.390658,0.058188,0.051866,0.017254,0.100762,0.036069,0.151474,0.044649,0.088066,0.061014,,1814800,,
0,0,,0.4667,0.040017,0.034026,0.015421,0.122258,0.040609,0.067295,0.065205,0.076899,0.071569,,1900300,,
0,0,,0.455723,0.032779,0.022521,0.013034,0.129665,0.029392,0.138361,0.067419,0.044895,0.066211,,2798800,,
0,0,,0.461134,0.060983,0.040625,0.019576,0.076184,0.031611,0.080246,0.062276,0.068217,0.099148,,2634200,,
0,0,,0.469202,0.038148,0.032743,0.015296,0.10063,0.030865,0.115542,0.05561,0.076676,0.065288,,2484300,,
0,0,,0.289615,0.043346,0.02488,0.016609,0.176433,0.047197,0.125371,0.102276,0.057387,0.116887,,1807900,,
0,0,,0.35377,0.047181,0.027921,0.015692,0.13245,0.058234,0.138864,0.045313,0.060857,0.119716,,1845900,,
0,0,,0.473059,0.051596,0.052959,0.018963,0.09252,0.045443,0.052657,0.087759,0.057046,0.067999,,1822700,,
0,0,,0.451744,0.036524,0.025202,0.013875,0.079778,0.04177,0.105564,0.063571,0.106153,0.075819,,1815800,,
0,0,,0.491987,0.035698,0.02416,0.013324,0.092077,0.033588,0.104042,0.04451,0.09559,0.065024,,1832700,,
0,4,,0.137378,0.093568,0.105651,0.029863,0.161098,0.07651,0.0386,0.128123,0.113917,0.115292,,1823500,,
0,0,,0.284127,0.069952,0.07718,0.024855,0.068995,0.073821,0.176359,0.041066,0.140714,0.042933,,1823500,,
0,0,,0.638839,0.027355,0.02388,0.016651,0.070217,0.02641,0.039442,0.070092,0.021061,0.066052,,1851100,,
0,0,,0.632188,0.035547,0.016913,0.019281,0.08597,0.034782,0.037822,0.043251,0.034495,0.059752,,1813600,,
0,0,,0.364119,0.05079,0.027075,0.021664,0.126077,0.068508,0.126914,0.048076,0.074282,0.092494,,1818300,,
0,0,,0.423498,0.046354,0.043972,0.015363,0.101901,0.038442,0.100079,0.046283,0.096907,0.087201,,1838900,,
0,0,,0.488748,0.047527,0.031648,0.012048,0.088645,0.035885,0.076555,0.066143,0.070483,0.082318,,1841300,,
0,0,,0.388001,0.047595,0.046618,0.027666,0.104281,0.065635,0.046549,0.061909,0.11749,0.094256,,1870900,,
0,0,,0.641938,0.023249,0.026138,0.019058,0.065454,0.031586,0.039046,0.057278,0.027587,0.068666,,1846900,,
0,0,,0.632463,0.022727,0.024718,0.019354,0.071634,0.03044,0.038622,0.058004,0.027018,0.075022,,1844400,,
0,0,,0.442098,0.068365,0.037547,0.015667,0.106341,0.04174,0.05249,0.049233,0.07514,0.111377,,1849100,,
0,0,,0.369993,0.056132,0.022424,0.016109,0.111959,0.041554,0.119537,0.050253,0.108832,0.103206,,1821300,,
0,0,,0.59296,0.024984,0.024507,0.019976,0.088599,0.032916,0.044558,0.057166,0.031883,0.08245,,1838100,,
0,0,,0.409861,0.041034,0.020365,0.013775,0.188659,0.034859,0.119445,0.08135,0.042419,0.048233,,1844600,,
0,0,,0.49807,0.048294,0.030571,0.015107,0.099266,0.027402,0.0996,0.04579,0.071411,0.064488,,1827100,,
0,0,,0.46903,0.052878,0.040243,0.023524,0.095077,0.029077,0.067835,0.075667,0.073532,0.073136,,1831600,,
0,0,,0.520464,0.035926,0.034373,0.013412,0.098241,0.040862,0.044679,0.06241,0.078097,0.071536,,1896500,,
0,0,,0.506953,0.04291,0.030444,0.01651,0.097182,0.038499,0.071243,0.05965,0.071441,0.065169,,1825500,,
0,0,,0.444268,0.042022,0.040162,0.019908,0.093549,0.038915,0.117401,0.036034,0.100612,0.067129,,1862600,,
0,0,,0.392036,0.039971,0.026137,0.0135,0.214609,0.024275,0.102183,0.088769,0.067824,0.030696,,1831200,,
0,0,,0.43546,0.038199,0.025367,0.013605,0.139069,0.0337,0.139867,0.054837,0.058697,0.061199,,1831500,,
0,0,,0.41805,0.058849,0.025531,0.012982,0.132615,0.029279,0.127178,0.065259,0.062133,0.068124,,1832900,,
0,0,,0.371766,0.051962,0.04494,0.019297,0.114607,0.064945,0.058329,0.068617,0.081994,0.123543,,1835600,,
0,0,,0.552494,0.039571,0.030424,0.01543,0.085755,0.033955,0.041812,0.06159,0.073849,0.065119,,1848300,,
0,0,,0.488935,0.035097,0.036105,0.03752,0.066282,0.061279,0.040807,0.056409,0.088308,0.089258,,1838700,,
0,0,,0.449666,0.041651,0.022471,0.016688,0.143259,0.043007,0.120261,0.048029,0.054067,0.060901,,1845100,,
0,0,,0.62594,0.019463,0.019615,0.021116,0.079386,0.030758,0.046747,0.065444,0.026017,0.065512,,1845000,,
1,1,,0.062565,0.134092,0.129009,0.085676,0.115683,0.088843,0.116081,0.090612,0.113923,0.063516,,1838100,,
1,6,,0.082278,0.142692,0.118565,0.070319,0.087185,0.062866,0.167429,0.061651,0.155066,0.051949,,1840300,,
1,1,,0.013816,0.159151,0.131176,0.1562,0.05589,0.117718,0.065932,0.076075,0.127688,0.096355,,1832100,,
1,8,,0.012201,0.117203,0.202886,0.097622,0.063529,0.077127,0.055875,0.122386,0.21003,0.041141,,1821800,,
1,1,,0.011018,0.404923,0.076115,0.040484,0.059163,0.043666,0.096512,0.077053,0.165766,0.025299,,1834000,,
1,1,,0.032426,0.320579,0.063804,0.109991,0.068166,0.133669,0.035014,0.071659,0.083453,0.08124,,1831400,,
1,1,,0.01025,0.243166,0.176084,0.138324,0.06137,0.084081,0.038422,0.12111,0.071279,0.055913,,1858800,,
1,1,,0.02408,0.2464,0.09057,0.05615,0.139844,0.084966,0.075969,0.105161,0.12342,0.053438,,1843500,,
1,1,,0.080206,0.340801,0.062156,0.045427,0.05686,0.033261,0.126048,0.063845,0.150746,0.040651,,1826100,,
1,8,,0.026519,0.218188,0.128316,0.035269,0.114659,0.045767,0.121651,0.045496,0.241915,0.022221,,1830600,,
1,1,,0.011571,0.299724,0.155938,0.061931,0.058753,0.073677,0.062129,0.089197,0.142081,0.044999,,1831500,,
1,1,,0.014706,0.363449,0.067256,0.109484,0.057019,0.142366,0.036625,0.057105,0.064658,0.08733,,1825600,,
1,1,,0.062515,0.197925,0.096289,0.092731,0.136482,0.080176,0.089835,0.090709,0.095069,0.05827,,1839700,,
1,2,,0.011017,0.154663,0.17083,0.147247,0.041871,0.140984,0.054981,0.05963,0.098214,0.120563,,1847300,,
1,1,,0.056855,0.376793,0.094792,0.058346,0.051136,0.035313,0.051339,0.12732,0.123269,0.024838,,1844200,,
1,3,,0.013815,0.111445,0.112895,0.187617,0.052484,0.168716,0.055457,0.063863,0.052452,0.181256,,1852500,,
1,1,,0.058928,0.243579,0.083951,0.049379,0.151038,0.092527,0.07005,0.083443,0.105052,0.062053,,1859000,,
1,1,,0.01353,0.307413,0.108182,0.137644,0.038468,0.099904,0.032301,0.081828,0.08818,0.09255,,1831200,,
1,1,,0.018577,0.365347,0.15208,0.060066,0.045389,0.032193,0.043011,0.05817,0.194728,0.030439,,1845600,,
1,1,,0.022373,0.368665,0.107531,0.056352,0.087037,0.032853,0.030747,0.129067,0.119359,0.046017,,1837800,,
1,9,,0.16306,0.13215,0.045013,0.152937,0.090572,0.100697,0.028594,0.082686,0.035722,0.168569,,1836500,,
1,4,,0.025046,0.178473,0.107698,0.062991,0.203385,0.135426,0.064736,0.115367,0.067027,0.039852,,1829800,,
1,1,,0.016852,0.231714,0.122762,0.067568,0.082871,0.098856,0.052302,0.095764,0.177096,0.054216,,1831400,,
1,1,,0.021996,0.448575,0.111015,0.054751,0.059328,0.047877,0.037131,0.079029,0.109168,0.03113,,1874600,,
1,1,,0.075392,0.342967,0.055831,0.098215,0.064724,0.099248,0.063011,0.059984,0.057101,0.083526,,1873000,,
1,1,,0.065488,0.322406,0.036062,0.038067,0.10881,0.078816,0.167387,0.061476,0.091298,0.030191,,1830100,,
1,1,,0.080257,0.255174,0.075059,0.056831,0.067341,0.072527,0.102669,0.088477,0.168845,0.032818,,1834700,,
1,1,,0.05501,0.390552,0.068713,0.046378,0.068041,0.036296,0.071269,0.090531,0.1336,0.03961,,1832600,,
1,1,,0.013785,0.32697,0.094981,0.080625,0.067029,0.052064,0.031623,0.192634,0.093651,0.046639,,1827200,,
1,1,,0.016773,0.289626,0.151809,0.114464,0.048115,0.069555,0.070957,0.099736,0.082802,0.056162,,1832400,,
1,1,,0.080159,0.361228,0.054899,0.057046,0.057072,0.043124,0.094356,0.064138,0.164486,0.023492,,1825200,,
1,1,,0.011108,0.22004,0.12572,0.154077,0.047026,0.137873,0.051589,0.066757,0.090037,0.095774,,1875100,,
1,8,,0.078748,0.192575,0.081394,0.049948,0.092109,0.044381,0.154105,0.079158,0.210069,0.017514,,1877500,,
1,2,,0.013108,0.126055,0.207157,0.084126,0.065342,0.094908,0.072184,0.12853,0.152138,0.056452,,1847700,,
1,1,,0.010288,0.59301,0.049301,0.049082,0.043032,0.031342,0.044467,0.075416,0.082262,0.021799,,1840000,,
1,2,,0.010296,0.149783,0.167781,0.148102,0.060781,0.134938,0.048442,0.111494,0.060594,0.107788,,1846000,,
1,1,,0.012204,0.252116,0.089022,0.119336,0.070236,0.125117,0.055631,0.069989,0.104672,0.101679,,1837900,,
1,1,,0.021105,0.327249,0.053394,0.104192,0.062664,0.145828,0.05302,0.074047,0.062916,0.095585,,1840300,,
1,9,,0.09458,0.060395,0.066974,0.12136,0.100564,0.126799,0.033228,0.060544,0.030611,0.304945,,1832100,,
1,2,,0.054644,0.123589,0.150747,0.108386,0.107677,0.065768,0.062356,0.148701,0.124734,0.053398,,1833700,,
1,1,,0.122928,0.20077,0.089504,0.035723,0.103029,0.066479,0.115894,0.063443,0.181969,0.020261,,1887200,,
1,1,,0.083966,0.193045,0.063,0.051737,0.133606,0.068013,0.167254,0.071846,0.129676,0.037857,,1836000,,
1,1,,0.019753,0.396034,0.071372,0.036443,0.058262,0.04613,0.106052,0.08077,0.166925,0.018259,,1835700,,
1,1,,0.07027,0.315104,0.106514,0.04217,0.07822,0.034375,0.155181,0.0444,0.132086,0.02168,,1854200,,
1,1,,0.015299,0.179409,0.17555,0.152321,0.056462,0.097334,0.034911,0.084,0.098584,0.106129,,1845100,,
1,2,,0.012917,0.122474,0.194735,0.127763,0.041986,0.123074,0.066849,0.067667,0.128233,0.114303,,1859100,,
1,3,,0.014813,0.160693,0.103707,0.230279,0.054428,0.126784,0.023738,0.067057,0.077183,0.141319,,1839300,,
1,1,,0.010243,0.233867,0.127888,0.133878,0.070474,0.102709,0.049226,0.079698,0.090673,0.101343,,1844900,,
1,1,,0.012766,0.195291,0.134167,0.132592,0.039869,0.133206,0.064531,0.054955,0.140816,0.091807,,1859800,,
1,1,,0.070881,0.337244,0.114966,0.048964,0.047239,0.038061,0.067753,0.094026,0.15333,0.027536,,1844400,,
1,1,,0.055026,0.308278,0.065509,0.100606,0.087005,0.103225,0.070825,0.063581,0.061066,0.084879,,1846500,,
1,1,,0.01914,0.297483,0.055469,0.112466,0.143547,0.122986,0.033922,0.062555,0.060654,0.091777,,1855400,,
1,1,,0.011158,0.419533,0.107575,0.072465,0.043159,0.068569,0.030348,0.127119,0.083121,0.036952,,1850900,,
1,1,,0.089569,0.245001,0.055282,0.051799,0.122395,0.041786,0.068738,0.117655,0.163103,0.044673,,1845100,,
1,1,,0.028349,0.166454,0.097916,0.134515,0.083567,0.136496,0.056658,0.078611,0.108236,0.109198,,1848300,,
1,1,,0.024402,0.226304,0.080164,0.127862,0.053225,0.14765,0.049837,0.07826,0.09081,0.121484,,1846600,,
1,1,,0.015946,0.318682,0.058769,0.119407,0.0555,0.165336,0.030011,0.05772,0.068406,0.110221,,1888100,,
1,1,,0.091409,0.302245,0.089982,0.049673,0.071786,0.035093,0.108662,0.051871,0.163334,0.035946,,1849400,,
1,1,,0.010296,0.234148,0.135647,0.147881,0.057039,0.123679,0.049929,0.075785,0.072539,0.093056,,1845000,,
1,1,,0.073189,0.362694,0.082902,0.04316,0.047557,0.049885,0.067493,0.086301,0.153845,0.032975,,1840900,,
1,1,,0.058418,0.272058,0.058404,0.098228,0.084152,0.103903,0.078027,0.05878,0.103723,0.084307,,1842500,,
1,1,,0.010334,0.227887,0.125455,0.131422,0.072207,0.102868,0.055341,0.093492,0.083057,0.097937,,1849100,,
1,1,,0.015612,0.211971,0.120173,0.128414,0.057901,0.103549,0.039301,0.109045,0.10553,0.108503,,1843400,,
1,1,,0.096459,0.188171,0.110598,0.049669,0.124875,0.061503,0.182373,0.053047,0.094106,0.039199,,1842900,,
1,1,,0.018835,0.430221,0.029767,0.039269,0.064273,0.057224,0.027423,0.188406,0.082278,0.062303,,1848100,,
1,1,,0.010288,0.280254,0.120307,0.085632,0.09411,0.076466,0.045803,0.147742,0.075002,0.064397,,1859200,,
1,1,,0.018475,0.332242,0.056255,0.102974,0.047938,0.174489,0.035827,0.067253,0.067697,0.096851,,1847800,,
1,1,,0.011368,0.258716,0.134545,0.147686,0.040059,0.109564,0.050285,0.076483,0.08155,0.089744,,1835000,,
1,1,,0.010259,0.223316,0.186328,0.118206,0.099894,0.07434,0.028546,0.125903,0.070956,0.062253,,1845000,,
1,1,,0.010752,0.209074,0.161748,0.158237,0.052071,0.054645,0.044798,0.171134,0.0998,0.037741,,1866800,,
1,1,,0.010368,0.262818,0.081376,0.154453,0.07083,0.123571,0.043052,0.048173,0.0639,0.141459,,1839800,,
1,1,,0.078556,0.278185,0.069938,0.037957,0.061102,0.049004,0.151571,0.076448,0.180883,0.016356,,1848600,,
1,5,,0.030374,0.123416,0.133387,0.104387,0.057652,0.187851,0.069775,0.054866,0.128893,0.109399,,1861300,,
1,1,,0.012178,0.385091,0.101093,0.074726,0.079022,0.057625,0.027597,0.114857,0.096878,0.050933,,1889400,,
1,1,,0.058587,0.286909,0.070433,0.108996,0.064701,0.099554,0.073069,0.053533,0.089682,0.094537,,1847900,,
1,1,,0.061094,0.227812,0.09033,0.042597,0.133559,0.063854,0.177654,0.069179,0.100369,0.033554,,1838500,,
1,1,,0.059459,0.299312,0.114623,0.046412,0.097099,0.043376,0.02538,0.112372,0.085964,0.116004,,1849900,,
1,1,,0.050231,0.168273,0.082,0.150673,0.073668,0.134479,0.049141,0.066725,0.09772,0.127089,,1840800,,
1,1,,0.050082,0.252957,0.065492,0.135948,0.074776,0.135846,0.046103,0.06642,0.073814,0.098562,,1835100,,
1,9,,0.028758,0.112215,0.05604,0.128027,0.158419,0.112147,0.026856,0.080704,0.039896,0.256938,,1850100,,
1,1,,0.052171,0.294059,0.089106,0.064323,0.076382,0.043616,0.114268,0.090258,0.140049,0.035769,,1860000,,
1,9,,0.126313,0.093007,0.066,0.151137,0.084085,0.092989,0.025418,0.0855,0.048345,0.227205,,1851500,,
1,1,,0.075652,0.358178,0.09308,0.041262,0.063796,0.035866,0.114524,0.050495,0.142671,0.024477,,1828500,,
1,1,,0.06153,0.300616,0.058685,0.097964,0.108398,0.105463,0.072182,0.056005,0.059568,0.079589,,1830300,,
1,1,,0.014822,0.225585,0.082539,0.146396,0.089016,0.150987,0.0405,0.065054,0.075497,0.109604,,1828800,,
1,1,,0.061663,0.230322,0.089972,0.112774,0.054714,0.129672,0.094665,0.067102,0.072612,0.086503,,1824100,,
1,1,,0.017122,0.378309,0.115974,0.090185,0.043595,0.067312,0.031618,0.09896,0.092585,0.06434,,1845600,,
1,8,,0.07993,0.100512,0.143725,0.071141,0.079163,0.08261,0.121129,0.090967,0.200085,0.030739,,1850200,,
1,1,,0.023748,0.311031,0.100382,0.088679,0.053795,0.103633,0.063258,0.114437,0.087715,0.053322,,1856800,,
1,3,,0.011809,0.13824,0.1511,0.157384,0.072323,0.102994,0.0904,0.083077,0.100801,0.091873,,1855300,,
1,1,,0.049715,0.332952,0.129655,0.051729,0.076912,0.032471,0.067669,0.08918,0.138429,0.031287,,1830000,,
1,1,,0.056065,0.283255,0.066131,0.064917,0.119174,0.036313,0.153894,0.07325,0.118122,0.028879,,1837400,,
1,1,,0.010288,0.271764,0.09697,0.14147,0.04924,0.119782,0.052186,0.093351,0.069039,0.09591,,1832400,,
1,4,,0.03293,0.200579,0.06759,0.070027,0.2911,0.055707,0.070655,0.080159,0.090353,0.040899,,1835300,,
1,3,,0.010302,0.166658,0.126513,0.242971,0.044773,0.137637,0.035648,0.049691,0.054603,0.131206,,1827900,,
1,5,,0.069161,0.153567,0.061921,0.119264,0.086198,0.156687,0.075953,0.063858,0.064775,0.148616,,1832200,,
1,1,,0.058682,0.413135,0.093217,0.045418,0.042833,0.035621,0.052014,0.114949,0.122031,0.022102,,1822800,,
1,1,,0.014086,0.386411,0.157363,0.087762,0.041447,0.068586,0.038485,0.087998,0.064427,0.053435,,1835300,,
1,9,,0.091574,0.105088,0.058296,0.119398,0.110439,0.1303,0.05535,0.079574,0.041676,0.208307,,1895200,,
1,8,,0.117809,0.144012,0.102763,0.074221,0.097353,0.078086,0.086484,0.09019,0.163706,0.045376,,1860800,,
1,1,,0.048104,0.162443,0.08729,0.104808,0.073326,0.090956,0.047003,0.150232,0.076925,0.158912,,1839100,,
1,1,,0.096541,0.337476,0.063346,0.039784,0.094469,0.04581,0.068338,0.074864,0.152031,0.027342,,1830000,,
1,1,,0.102547,0.227345,0.064565,0.114064,0.088218,0.080927,0.015833,0.107888,0.064201,0.134412,,1822800,,
1,1,,0.109107,0.172786,0.092671,0.04961,0.111079,0.063755,0.143339,0.057724,0.172608,0.027321,,1840500,,
1,1,,0.079618,0.372366,0.055074,0.040545,0.055453,0.031308,0.100933,0.065811,0.171808,0.027082,,1835600,,
1,1,,0.061253,0.351113,0.102843,0.057538,0.04354,0.041902,0.055757,0.114809,0.132943,0.038303,,1858600,,
1,2,,0.013111,0.129337,0.208408,0.147736,0.047713,0.13875,0.060205,0.053485,0.06974,0.131513,,1865200,,
1,1,,0.062002,0.163651,0.110876,0.105895,0.081696,0.112161,0.045999,0.133199,0.084358,0.100164,,1841500,,
1,1,,0.013182,0.244911,0.140941,0.084347,0.083934,0.081024,0.048127,0.149312,0.09262,0.061601,,1834500,,
1,9,,0.013509,0.13315,0.116583,0.179101,0.053804,0.151456,0.052275,0.056496,0.063028,0.180598,,1823100,,
1,1,,0.055675,0.362933,0.046673,0.054827,0.167958,0.057231,0.038669,0.130867,0.065928,0.019238,,1859600,,
1,1,,0.014524,0.361742,0.132798,0.048617,0.02592,0.043036,0.038673,0.157422,0.124321,0.052948,,1848600,,
1,1,,0.010527,0.266276,0.120535,0.130994,0.059713,0.09694,0.045246,0.088627,0.09089,0.090253,,1837300,,
1,1,,0.117543,0.29923,0.049916,0.041046,0.080986,0.04015,0.160708,0.048171,0.129668,0.032582,,1839000,,
1,1,,0.094016,0.339749,0.062021,0.035259,0.083963,0.056134,0.098806,0.07399,0.12661,0.029451,,1886000,,
2,6,,0.167167,0.089557,0.130401,0.04223,0.073075,0.063591,0.172761,0.044999,0.171141,0.045077,,1832900,,
2,2,,0.070741,0.09648,0.262142,0.079453,0.055927,0.047589,0.159239,0.057867,0.135409,0.035153,,1850800,,
2,2,,0.011416,0.046948,0.330128,0.130483,0.059123,0.059477,0.070471,0.082054,0.122071,0.087829,,1845500,,
2,2,,0.010399,0.092623,0.339575,0.14433,0.049129,0.09771,0.050089,0.054878,0.056057,0.10521,,1845500,,
2,2,,0.021309,0.09192,0.214439,0.152411,0.046354,0.141237,0.048798,0.081679,0.077405,0.124448,,1840600,,
2,2,,0.011905,0.088699,0.269314,0.122576,0.033234,0.194682,0.047111,0.068096,0.069392,0.094991,,1838700,,
2,2,,0.022842,0.140815,0.163722,0.117109,0.092287,0.080528,0.039031,0.137876,0.157215,0.048575,,1848500,,
2,8,,0.089388,0.066741,0.166843,0.076857,0.051842,0.045372,0.120769,0.036652,0.302524,0.043012,,1843000,,
2,2,,0.016261,0.084758,0.206456,0.115327,0.066051,0.108294,0.058723,0.149981,0.092118,0.102031,,1932700,,
2,7,,0.02006,0.134159,0.134725,0.153439,0.055904,0.134004,0.031498,0.155234,0.120652,0.060324,,1845800,,
2,2,,0.011442,0.100274,0.279528,0.110964,0.047867,0.079112,0.084034,0.115151,0.091638,0.07999,,1851700,,
2,2,,0.011074,0.090597,0.215636,0.18644,0.042508,0.110203,0.027173,0.093423,0.120578,0.102368,,1856700,,
2,2,,0.057724,0.088866,0.222633,0.083639,0.055727,0.078925,0.049427,0.101667,0.210689,0.050703,,1838000,,
2,2,,0.01098,0.100797,0.230434,0.164674,0.044132,0.093181,0.054403,0.132764,0.085205,0.083431,,1834500,,
2,2,,0.016703,0.194339,0.240969,0.094108,0.074327,0.050418,0.03843,0.100881,0.146723,0.043101,,1844900,,
2,2,,0.021838,0.086851,0.221723,0.130604,0.027529,0.080654,0.090686,0.212411,0.081048,0.046658,,1836600,,
2,2,,0.010884,0.103899,0.22243,0.173524,0.042237,0.130996,0.045408,0.068748,0.103595,0.098278,,1873500,,
2,2,,0.012941,0.089604,0.298314,0.145411,0.042864,0.074053,0.052931,0.100999,0.126317,0.056566,,1837800,,
2,2,,0.025332,0.083888,0.197182,0.135744,0.059371,0.100244,0.103625,0.079295,0.123929,0.091391,,1845900,,
2,2,,0.011229,0.089104,0.296754,0.182746,0.031649,0.11533,0.043605,0.059118,0.083807,0.086659,,1843000,,
2,2,,0.012403,0.089082,0.262674,0.107675,0.059287,0.117086,0.093129,0.102812,0.069705,0.086148,,1825200,,
2,2,,0.01036,0.101597,0.252379,0.150814,0.031377,0.138534,0.035384,0.06402,0.107494,0.108042,,1835300,,
2,2,,0.087723,0.082451,0.223464,0.080638,0.069453,0.043442,0.097785,0.082267,0.196159,0.036617,,1855500,,
2,8,,0.080492,0.088131,0.169923,0.057322,0.065955,0.079794,0.105541,0.044129,0.213547,0.095165,,1845500,,
2,2,,0.010146,0.091832,0.284438,0.12688,0.063188,0.065743,0.034851,0.145285,0.139435,0.038203,,1859600,,
2,2,,0.010891,0.121427,0.250611,0.181386,0.053651,0.089014,0.032828,0.096092,0.069123,0.094978,,1841700,,
2,2,,0.017708,0.104808,0.263436,0.138851,0.055935,0.110928,0.040773,0.072628,0.096497,0.098436,,1851400,,
2,2,,0.010137,0.082733,0.359142,0.088133,0.05723,0.073314,0.047454,0.13192,0.103694,0.046242,,1848500,,
2,2,,0.01441,0.115419,0.281145,0.10887,0.053407,0.067574,0.025066,0.150574,0.133101,0.050434,,1834800,,
2,2,,0.012004,0.087248,0.225542,0.168841,0.040578,0.11046,0.049603,0.100217,0.105215,0.10029,,1851300,,
2,2,,0.071786,0.092043,0.223583,0.070595,0.05549,0.071425,0.078145,0.11336,0.128742,0.094831,,1864000,,
2,2,,0.010754,0.100015,0.271116,0.149431,0.044807,0.122489,0.038865,0.081776,0.078902,0.101844,,1840100,,
2,3,,0.017027,0.094647,0.172485,0.222301,0.056933,0.122695,0.038988,0.067453,0.087986,0.119485,,1845200,,
2,2,,0.055574,0.114157,0.23799,0.055071,0.047059,0.099694,0.104031,0.114914,0.128001,0.043509,,1953900,,
2,2,,0.018265,0.117751,0.21399,0.141839,0.061734,0.111046,0.0414,0.093712,0.084907,0.115357,,1854500,,
2,2,,0.010259,0.121193,0.284804,0.111933,0.072443,0.076778,0.046531,0.136985,0.051291,0.087784,,1907600,,
2,2,,0.015886,0.098755,0.259032,0.127151,0.05383,0.10209,0.044384,0.119761,0.101582,0.077528,,1832900,,
2,2,,0.021007,0.082547,0.285794,0.09683,0.046925,0.061577,0.047295,0.103448,0.138498,0.116079,,1830400,,
2,2,,0.010747,0.092071,0.218982,0.174041,0.055316,0.060544,0.0484,0.156372,0.132146,0.05138,,1843600,,
2,2,,0.022931,0.118164,0.231769,0.162348,0.034667,0.128582,0.038026,0.056252,0.087231,0.12003,,1847900,,
2,2,,0.010783,0.100076,0.299618,0.149847,0.032198,0.098016,0.044893,0.082635,0.091067,0.090868,,1841300,,
2,3,,0.014059,0.113905,0.179311,0.211125,0.046686,0.107097,0.046225,0.076093,0.096786,0.108713,,1840700,,
2,3,,0.012413,0.085348,0.171285,0.180321,0.032825,0.111016,0.064425,0.068731,0.143463,0.130173,,1869600,,
2,2,,0.015964,0.085134,0.242651,0.148479,0.042064,0.101093,0.040885,0.135813,0.090164,0.097754,,1868500,,
2,2,,0.012498,0.108246,0.376641,0.171176,0.030855,0.045213,0.03028,0.072236,0.090664,0.062191,,1889200,,
2,2,,0.010774,0.118999,0.163649,0.131502,0.035035,0.162908,0.09981,0.046113,0.106858,0.124352,,1856600,,
2,6,,0.085353,0.067908,0.127257,0.029745,0.092838,0.086855,0.29918,0.048096,0.102526,0.060242,,1858800,,
2,2,,0.083857,0.098365,0.270132,0.102812,0.060158,0.035434,0.096292,0.072645,0.126719,0.053587,,1852500,,
2,3,,0.01039,0.10957,0.175507,0.20237,0.053648,0.096899,0.046169,0.112028,0.087443,0.105976,,1850500,,
2,2,,0.010259,0.115845,0.229687,0.148307,0.051297,0.082426,0.082278,0.135784,0.068464,0.075653,,1854400,,
2,2,,0.01424,0.076099,0.259611,0.144852,0.057171,0.054547,0.059289,0.169059,0.110565,0.054566,,1876500,,
2,2,,0.079033,0.100931,0.205813,0.062421,0.056177,0.080855,0.118749,0.061835,0.157484,0.0767,,1834500,,
2,2,,0.016289,0.098836,0.31525,0.130668,0.036611,0.05639,0.04367,0.08789,0.164632,0.049765,,1853300,,
2,2,,0.061086,0.091473,0.173707,0.090036,0.086096,0.085004,0.147703,0.051091,0.130891,0.082911,,1838400,,
2,2,,0.010794,0.095155,0.326886,0.106402,0.058396,0.059196,0.040821,0.129618,0.115423,0.057309,,1854400,,
2,2,,0.012625,0.07908,0.291163,0.119183,0.048418,0.138202,0.051658,0.110361,0.07644,0.072869,,1833800,,
2,2,,0.013181,0.129829,0.198706,0.169253,0.051032,0.106245,0.034201,0.085833,0.112127,0.099593,,1841700,,
2,2,,0.010697,0.101796,0.281383,0.136471,0.048077,0.081046,0.068168,0.145194,0.054005,0.073163,,1846100,,
2,3,,0.057574,0.085679,0.154198,0.176225,0.061324,0.13538,0.089371,0.066779,0.081325,0.092145,,1879500,,
2,2,,0.010909,0.092322,0.263063,0.117937,0.057971,0.113634,0.119004,0.111733,0.040676,0.07275,,1854300,,
2,2,,0.011397,0.102108,0.376244,0.116666,0.050699,0.079683,0.035727,0.090007,0.081181,0.056288,,1835100,,
2,8,,0.095604,0.076617,0.223111,0.049129,0.057998,0.070043,0.116902,0.038474,0.226632,0.045491,,1849300,,
2,2,,0.010705,0.088386,0.285541,0.162051,0.03714,0.104026,0.036994,0.080149,0.095533,0.099476,,1852200,,
2,2,,0.010525,0.113169,0.198236,0.123929,0.06408,0.11702,0.057176,0.150501,0.113535,0.051828,,1861700,,
2,2,,0.075197,0.07434,0.283933,0.069582,0.048686,0.05548,0.142308,0.053789,0.153502,0.043183,,1849600,,
2,2,,0.01614,0.09243,0.2148,0.200396,0.054955,0.116609,0.036929,0.054627,0.045644,0.16747,,1846500,,
2,2,,0.079565,0.070434,0.224006,0.077125,0.056877,0.072896,0.122752,0.048982,0.185883,0.061479,,1869500,,
2,8,,0.015251,0.090942,0.177742,0.161304,0.038848,0.106619,0.039588,0.089466,0.182912,0.097327,,1854500,,
2,2,,0.018171,0.094297,0.300977,0.156005,0.065254,0.048469,0.037894,0.073879,0.143034,0.062021,,1840400,,
2,2,,0.010814,0.112976,0.260936,0.163916,0.041424,0.108208,0.039567,0.085481,0.079153,0.097525,,1836600,,
2,2,,0.017235,0.091039,0.262394,0.137257,0.049768,0.080245,0.07962,0.118325,0.097614,0.066502,,1851800,,
2,2,,0.020456,0.0946,0.250243,0.071883,0.093357,0.101253,0.064294,0.127356,0.111298,0.06526,,1851300,,
2,2,,0.018144,0.093336,0.205383,0.153888,0.046171,0.128844,0.043025,0.082906,0.111207,0.117095,,1843300,,
2,2,,0.071985,0.06401,0.171365,0.161602,0.055994,0.060825,0.11608,0.101555,0.146986,0.049598,,1843300,,
2,2,,0.014394,0.111072,0.218224,0.152758,0.05489,0.098596,0.04187,0.086717,0.109968,0.111511,,1852800,,
2,2,,0.010667,0.086375,0.313558,0.124224,0.051389,0.106449,0.037134,0.12056,0.108971,0.040672,,1835600,,
2,2,,0.016709,0.089944,0.243321,0.140876,0.037918,0.126624,0.057119,0.09631,0.096954,0.094225,,1847000,,
2,7,,0.020403,0.111674,0.162445,0.108405,0.098069,0.098205,0.028265,0.175662,0.142137,0.054736,,1839900,,
2,6,,0.152575,0.086049,0.144564,0.038329,0.041659,0.105486,0.180664,0.040938,0.155433,0.054303,,1848500,,
2,2,,0.014093,0.100831,0.251059,0.145138,0.076316,0.074142,0.053613,0.150791,0.069236,0.064781,,1855700,,
2,2,,0.011352,0.08813,0.315413,0.187857,0.039124,0.072857,0.034095,0.081846,0.116427,0.052899,,1859300,,
2,2,,0.017463,0.099148,0.196354,0.092095,0.147025,0.090794,0.054322,0.080613,0.157652,0.064534,,1858000,,
2,2,,0.010435,0.109279,0.233086,0.129507,0.056092,0.069011,0.075118,0.149264,0.093198,0.075009,,1852900,,
2,2,,0.050905,0.139689,0.242227,0.059455,0.067179,0.045051,0.084634,0.109521,0.150093,0.051247,,1878900,,
2,9,,0.071266,0.085968,0.165313,0.1497,0.044081,0.147405,0.039204,0.065145,0.061391,0.170526,,1842100,,
2,2,,0.03568,0.076994,0.241703,0.161347,0.04825,0.080491,0.039813,0.120872,0.126225,0.068623,,1847200,,
2,2,,0.065687,0.104385,0.1809,0.060294,0.083556,0.117119,0.106391,0.07713,0.091575,0.112962,,2556900,,
2,2,,0.074077,0.067239,0.25463,0.07864,0.05476,0.073716,0.069222,0.072909,0.177521,0.077286,,2336100,,
2,6,,0.084905,0.116328,0.108449,0.078107,0.116107,0.069758,0.165477,0.041604,0.140079,0.079188,,2281400,,
2,9,,0.021853,0.101164,0.146647,0.136154,0.066513,0.138413,0.042536,0.080267,0.077047,0.189404,,2278200,,
2,2,,0.06786,0.081783,0.209917,0.070278,0.062171,0.063255,0.118964,0.057579,0.198131,0.070062,,2282800,,
2,2,,0.013824,0.099893,0.214515,0.091878,0.085828,0.07497,0.138961,0.126992,0.08741,0.065729,,2242500,,
2,8,,0.107747,0.060129,0.073459,0.069892,0.083385,0.048786,0.134801,0.112601,0.247794,0.061406,,2236600,,
2,6,,0.108388,0.077316,0.134032,0.049755,0.168883,0.04614,0.18501,0.044546,0.119907,0.066021,,2254800,,
2,2,,0.044492,0.089353,0.244444,0.178108,0.032641,0.099961,0.033609,0.055271,0.083123,0.138999,,1982000,,
2,2,,0.011399,0.126318,0.230559,0.158679,0.032789,0.117707,0.04921,0.059679,0.098522,0.115139,,1845300,,
2,7,,0.018889,0.087315,0.160044,0.110262,0.060716,0.113154,0.05369,0.223788,0.1084,0.063743,,1829700,,
2,2,,0.08442,0.119934,0.244179,0.077744,0.060527,0.087209,0.040556,0.108553,0.138809,0.038068,,1820000,,
2,2,,0.015502,0.115943,0.174038,0.154631,0.091241,0.131444,0.042031,0.07587,0.101171,0.098131,,2472600,,
2,2,,0.010054,0.086038,0.286135,0.153081,0.034387,0.145129,0.038723,0.07168,0.073377,0.101396,,2610200,,
2,2,,0.010488,0.116447,0.27489,0.132746,0.061288,0.083085,0.035379,0.158258,0.079425,0.047993,,2451700,,
2,3,,0.013387,0.101236,0.131538,0.207877,0.056696,0.15289,0.088865,0.063331,0.087264,0.096919,,2062100,,
2,2,,0.014571,0.086982,0.278648,0.117418,0.044554,0.086031,0.035002,0.153195,0.11328,0.07032,,1832000,,
2,8,,0.059344,0.103574,0.193051,0.057343,0.060014,0.072818,0.055973,0.136956,0.207407,0.053518,,1860700,,
2,6,,0.154035,0.052764,0.062058,0.04593,0.106469,0.084099,0.310178,0.041937,0.086577,0.055952,,1917000,,
2,2,,0.010803,0.08005,0.306234,0.166545,0.069556,0.048317,0.041995,0.122831,0.097689,0.05598,,2080200,,
2,2,,0.012276,0.085283,0.284785,0.082888,0.085013,0.049891,0.146511,0.106432,0.101277,0.045643,,1977300,,
2,2,,0.039505,0.082408,0.179041,0.116674,0.044868,0.168587,0.041073,0.102611,0.071949,0.153284,,1828100,,
2,2,,0.017116,0.081531,0.23758,0.136539,0.049382,0.160049,0.045916,0.075224,0.096047,0.100616,,1840100,,
2,2,,0.086653,0.10491,0.223596,0.071131,0.114284,0.056973,0.05557,0.090129,0.146794,0.049959,,1837200,,
2,2,,0.010054,0.087458,0.233528,0.188328,0.046687,0.102638,0.041555,0.083562,0.104249,0.101938,,1840300,,
2,2,,0.011129,0.193772,0.313705,0.091743,0.032747,0.058633,0.068957,0.047369,0.127884,0.054061,,1856500,,
3,3,,0.011108,0.142344,0.089677,0.207478,0.062367,0.143598,0.050673,0.062702,0.078559,0.151495,,1866500,,
3,3,,0.010743,0.121857,0.090202,0.221533,0.078768,0.149349,0.061133,0.068573,0.076449,0.121392,,2113200,,
3,3,,0.014874,0.176825,0.10935,0.213259,0.053494,0.108231,0.040687,0.068288,0.076033,0.138959,,1853400,,
3,3,,0.01497,0.0981,0.15387,0.1967,0.079674,0.120313,0.056712,0.075366,0.102604,0.101692,,1850500,,
3,3,,0.013846,0.084854,0.129443,0.241354,0.048832,0.104733,0.040715,0.098479,0.091859,0.145885,,1859100,,
3,3,,0.012718,0.09475,0.11424,0.243851,0.041702,0.1639,0.044789,0.062997,0.072357,0.148696,,1853500,,
3,3,,0.018211,0.100348,0.085677,0.213067,0.040177,0.159071,0.049391,0.064149,0.112622,0.157286,,1845300,,
3,3,,0.016669,0.098594,0.149203,0.199598,0.077765,0.072331,0.029423,0.159309,0.106286,0.090823,,1844700,,
3,3,,0.017155,0.073571,0.053633,0.244901,0.040981,0.118956,0.13136,0.053317,0.052415,0.213711,,1848600,,
3,3,,0.015659,0.130872,0.111603,0.236171,0.037962,0.131853,0.046736,0.054999,0.071702,0.162443,,1845700,,
3,5,,0.033978,0.088013,0.119172,0.158621,0.064956,0.172573,0.081708,0.053366,0.078876,0.148737,,1899300,,
3,3,,0.014251,0.07743,0.117582,0.233268,0.059999,0.152298,0.038847,0.076128,0.070519,0.159678,,1844700,,
3,3,,0.013188,0.108567,0.127245,0.287371,0.032971,0.104314,0.05108,0.083618,0.06498,0.126666,,1854300,,
3,8,,0.079373,0.060975,0.077023,0.139181,0.074093,0.088868,0.088915,0.038496,0.212237,0.140839,,1846700,,
3,3,,0.030272,0.065658,0.083559,0.17818,0.101724,0.165062,0.023679,0.071789,0.108689,0.171388,,1839000,,
3,8,,0.033837,0.140606,0.108875,0.115252,0.093304,0.079313,0.055011,0.147671,0.182913,0.043219,,1854600,,
3,3,,0.010449,0.118278,0.090074,0.253908,0.04956,0.144458,0.041248,0.062896,0.092303,0.136825,,1846200,,
3,3,,0.015928,0.07531,0.109141,0.260838,0.03963,0.146222,0.040963,0.05621,0.080988,0.174768,,1845100,,
3,7,,0.029192,0.087673,0.133861,0.122681,0.058421,0.102178,0.052158,0.183615,0.108635,0.121586,,1994200,,
3,3,,0.014406,0.079573,0.129134,0.316772,0.0372,0.116411,0.039291,0.059691,0.088817,0.118704,,1864000,,
3,3,,0.015751,0.079401,0.125508,0.277418,0.032938,0.131001,0.051296,0.059014,0.087662,0.140011,,1852100,,
3,3,,0.016837,0.100013,0.141136,0.210014,0.061914,0.111494,0.023254,0.086408,0.144862,0.104069,,1841400,,
3,3,,0.015229,0.073877,0.115697,0.254475,0.043474,0.133193,0.039369,0.074496,0.058629,0.191561,,1857300,,
3,3,,0.014664,0.090578,0.123456,0.302726,0.033243,0.1385,0.021324,0.07069,0.061959,0.14286,,1846700,,
3,3,,0.014152,0.100031,0.12582,0.270647,0.035081,0.124095,0.043055,0.08623,0.067018,0.133872,,1847100,,
3,9,,0.034058,0.076741,0.123765,0.169133,0.097093,0.071709,0.017863,0.101057,0.093093,0.215488,,1849300,,
3,3,,0.012446,0.105386,0.128268,0.292458,0.033636,0.131128,0.033224,0.059196,0.067946,0.136312,,1895100,,
3,2,,0.019025,0.087517,0.215059,0.124677,0.037505,0.148433,0.07042,0.094232,0.129507,0.073624,,1850000,,
3,9,,0.021273,0.080587,0.067977,0.210832,0.033604,0.129038,0.032009,0.062938,0.07243,0.289312,,1852200,,
3,3,,0.015928,0.081009,0.106712,0.258403,0.037789,0.133202,0.037283,0.074417,0.090943,0.164314,,1843400,,
3,3,,0.015361,0.086329,0.080802,0.25134,0.042444,0.148909,0.051084,0.112397,0.059114,0.152219,,1857200,,
3,3,,0.026816,0.068278,0.096566,0.247982,0.032077,0.132708,0.033662,0.051066,0.064255,0.24659,,1837900,,
3,3,,0.010302,0.105805,0.157817,0.236424,0.030761,0.111533,0.060438,0.046874,0.057172,0.182873,,1843400,,
3,3,,0.013597,0.081553,0.104322,0.314406,0.03347,0.155496,0.055409,0.057493,0.054375,0.129879,,1841700,,
3,3,,0.014129,0.120072,0.117573,0.234897,0.07672,0.122937,0.023665,0.090293,0.068624,0.13109,,1854200,,
3,3,,0.011163,0.095207,0.106311,0.303147,0.033608,0.101843,0.083791,0.075943,0.059074,0.129914,,1838800,,
3,3,,0.017092,0.125877,0.08431,0.188137,0.062881,0.137862,0.080498,0.072089,0.098192,0.133061,,1868400,,
3,3,,0.016746,0.148414,0.187017,0.207073,0.072286,0.057603,0.050666,0.073915,0.101476,0.084806,,1868700,,
3,3,,0.077487,0.054142,0.139056,0.253436,0.059365,0.086136,0.036854,0.088705,0.078773,0.126044,,1841100,,
3,9,,0.022596,0.079608,0.091168,0.131266,0.067357,0.161156,0.039532,0.131055,0.106032,0.170231,,1844700,,
