optdigits,CWE,test,1,NANOSECONDS,PREDICTIONS, Generated by ClassifierExperiments.java on 2022-05-16 23:13:36.    SYSTEMPROPERTIES:{user.name:matth,os.arch:amd64,os.name:Windows 10},ENDSYSTEMPROPERTIES
No parameter info
0.812223206377325,2696902100,2128203400,-1,99970168,10,,-1,-1
0,0,,0.423685,0.060163,0.050673,0.040225,0.076619,0.059162,0.035798,0.096384,0.099028,0.058264,,2114700,,
0,0,,0.342534,0.06565,0.06309,0.032584,0.070201,0.0385,0.079487,0.074339,0.157924,0.075691,,1901100,,
0,0,,0.249376,0.118543,0.030629,0.038318,0.15117,0.034354,0.105987,0.090784,0.124048,0.056793,,1899200,,
0,0,,0.46683,0.085399,0.052779,0.042491,0.059391,0.050375,0.025318,0.061679,0.096368,0.059371,,1901100,,
0,0,,0.358267,0.055119,0.064589,0.026522,0.079715,0.050666,0.079488,0.071591,0.151437,0.062606,,1878600,,
0,0,,0.405275,0.026375,0.027401,0.03981,0.159295,0.026269,0.090827,0.057899,0.107658,0.05919,,1891200,,
0,0,,0.451453,0.065266,0.035184,0.043331,0.096139,0.040555,0.064487,0.068185,0.08027,0.055129,,1911700,,
0,0,,0.481577,0.047805,0.027703,0.032593,0.066853,0.033846,0.082001,0.057755,0.102639,0.067229,,1971500,,
0,0,,0.429208,0.059266,0.035762,0.043184,0.08782,0.041208,0.048559,0.078345,0.085848,0.0908,,1906200,,
0,0,,0.407525,0.068396,0.042783,0.041369,0.080379,0.048144,0.060245,0.05848,0.133521,0.059159,,1887200,,
0,0,,0.271993,0.05873,0.050071,0.053364,0.17309,0.043215,0.14678,0.073603,0.077158,0.051996,,1877000,,
0,0,,0.558738,0.041607,0.029934,0.031526,0.09202,0.038606,0.036666,0.057027,0.053969,0.059907,,1951400,,
0,0,,0.359714,0.059531,0.022493,0.041098,0.156476,0.031161,0.142867,0.06875,0.068561,0.04935,,1880300,,
0,0,,0.388382,0.062407,0.04579,0.036893,0.080516,0.057527,0.079631,0.062059,0.121402,0.065393,,1885100,,
0,0,,0.585336,0.032595,0.027148,0.030912,0.078514,0.035712,0.038817,0.059695,0.045254,0.066017,,1891500,,
0,0,,0.536687,0.046819,0.039177,0.030305,0.069135,0.031575,0.051286,0.056073,0.082684,0.056259,,1928700,,
0,0,,0.392239,0.068982,0.021511,0.025493,0.122679,0.032724,0.130753,0.052023,0.066524,0.087072,,1905300,,
0,0,,0.380192,0.044954,0.036451,0.024771,0.11422,0.040442,0.173632,0.04885,0.079985,0.056501,,1873500,,
0,0,,0.499372,0.038668,0.028326,0.037572,0.07197,0.033776,0.07717,0.042923,0.110633,0.059591,,1884500,,
0,0,,0.347781,0.034817,0.027487,0.033699,0.171635,0.032311,0.132401,0.064611,0.092853,0.062404,,1906700,,
0,0,,0.491428,0.048868,0.024298,0.031739,0.05434,0.039388,0.080958,0.047932,0.110658,0.070393,,1887400,,
0,0,,0.196504,0.06815,0.047937,0.017355,0.15034,0.040262,0.143048,0.068875,0.121278,0.146251,,1893400,,
0,0,,0.337589,0.047741,0.035798,0.025887,0.186614,0.033765,0.129639,0.072235,0.081138,0.049593,,1893400,,
0,0,,0.518425,0.040015,0.036285,0.037741,0.081736,0.03945,0.068016,0.058791,0.077015,0.042526,,1905900,,
0,0,,0.465908,0.04839,0.049764,0.038988,0.087747,0.035647,0.061915,0.057388,0.103328,0.050924,,1897700,,
0,0,,0.415868,0.06383,0.036579,0.020518,0.083877,0.033328,0.103799,0.059744,0.098914,0.083543,,1896200,,
0,0,,0.362745,0.045197,0.033321,0.03738,0.099257,0.041735,0.127949,0.065381,0.113941,0.073094,,1893800,,
0,0,,0.427037,0.055508,0.038146,0.032455,0.127272,0.044284,0.049132,0.077569,0.088894,0.059703,,1919100,,
0,0,,0.351368,0.071847,0.037735,0.030644,0.078799,0.042666,0.099009,0.072282,0.129479,0.086172,,1877600,,
0,0,,0.372163,0.05841,0.04303,0.026295,0.12308,0.044829,0.071802,0.083689,0.117939,0.058763,,1889700,,
0,0,,0.395301,0.043601,0.039842,0.035307,0.119849,0.032029,0.146789,0.057213,0.070145,0.059925,,1892600,,
0,0,,0.443472,0.056077,0.029111,0.035625,0.100981,0.034225,0.099095,0.04727,0.099925,0.05422,,1896700,,
0,0,,0.487652,0.048784,0.033359,0.026177,0.102443,0.031009,0.0459,0.05741,0.078582,0.088684,,2121900,,
0,0,,0.323117,0.057076,0.035595,0.023874,0.131509,0.039216,0.142224,0.090386,0.108602,0.0484,,1889600,,
0,0,,0.393066,0.063867,0.037531,0.02148,0.10299,0.029773,0.122418,0.052789,0.09322,0.082866,,1881000,,
0,0,,0.425137,0.040267,0.038912,0.031906,0.090596,0.034996,0.110717,0.056393,0.112512,0.058564,,1881500,,
0,0,,0.342727,0.083928,0.062991,0.038799,0.133073,0.071784,0.053332,0.074138,0.084508,0.054719,,1879100,,
0,0,,0.439982,0.047236,0.050237,0.031846,0.067042,0.037049,0.080884,0.062443,0.114752,0.068529,,1880700,,
0,0,,0.465249,0.064747,0.032917,0.037263,0.084071,0.038887,0.039294,0.076916,0.088308,0.072347,,1875000,,
0,0,,0.532277,0.03862,0.027326,0.030397,0.101837,0.03632,0.044852,0.066596,0.072532,0.049243,,1870600,,
0,0,,0.278865,0.051823,0.041618,0.030808,0.109225,0.039153,0.138007,0.090675,0.14383,0.075995,,1902900,,
0,0,,0.445545,0.060859,0.035494,0.050266,0.106828,0.038756,0.063707,0.079072,0.076495,0.042978,,1876600,,
0,0,,0.345949,0.059807,0.054661,0.030157,0.098734,0.042943,0.074596,0.092123,0.124675,0.076355,,1867900,,
0,0,,0.536199,0.033856,0.032548,0.048782,0.080041,0.042322,0.0446,0.066045,0.051382,0.064224,,1926400,,
0,0,,0.379541,0.050061,0.021255,0.027226,0.131111,0.028551,0.151795,0.063875,0.075995,0.07059,,1876600,,
0,0,,0.300453,0.056097,0.041925,0.043822,0.105657,0.043368,0.124047,0.058718,0.151214,0.074698,,1870400,,
0,0,,0.370912,0.056091,0.026543,0.024284,0.12725,0.038965,0.146043,0.065309,0.076826,0.067776,,1863700,,
0,0,,0.510838,0.039608,0.031795,0.032281,0.085408,0.026721,0.082333,0.044506,0.100102,0.046407,,1871200,,
0,0,,0.442228,0.067041,0.034771,0.041021,0.094269,0.040923,0.051858,0.058642,0.098032,0.071214,,1883400,,
0,0,,0.545412,0.034062,0.03315,0.045004,0.077845,0.044139,0.04141,0.064018,0.04746,0.067499,,1881700,,
0,0,,0.405607,0.064357,0.033864,0.028417,0.078417,0.034135,0.099017,0.060976,0.0918,0.103408,,1872100,,
0,0,,0.483779,0.049219,0.030445,0.025888,0.072661,0.043123,0.052054,0.062558,0.083116,0.097157,,1887100,,
0,0,,0.432116,0.036669,0.028241,0.039702,0.10856,0.034178,0.120205,0.056304,0.075125,0.0689,,1870300,,
0,0,,0.256856,0.106943,0.049928,0.068976,0.069958,0.069839,0.079765,0.097846,0.095145,0.104745,,1889600,,
0,0,,0.167578,0.071493,0.048021,0.021557,0.167535,0.046593,0.142276,0.068673,0.116835,0.149438,,1888200,,
0,0,,0.502528,0.04993,0.025101,0.037683,0.078926,0.031316,0.07585,0.039592,0.120572,0.038503,,1879300,,
0,0,,0.380848,0.076399,0.040671,0.023944,0.076725,0.032444,0.117009,0.058955,0.107856,0.085148,,1868200,,
0,0,,0.403602,0.048717,0.032098,0.036524,0.124199,0.031384,0.130899,0.055155,0.07994,0.057481,,1867900,,
0,0,,0.397895,0.061887,0.024307,0.022234,0.112572,0.027209,0.116305,0.066982,0.081296,0.089313,,1876100,,
0,0,,0.292065,0.04083,0.061188,0.032557,0.131212,0.045182,0.134838,0.072014,0.098419,0.091694,,1884300,,
0,0,,0.301629,0.063037,0.052132,0.017019,0.150794,0.040297,0.139323,0.069534,0.084259,0.081975,,1871900,,
0,0,,0.420123,0.053631,0.0425,0.026358,0.075669,0.049549,0.059781,0.059746,0.11749,0.095153,,1890100,,
0,0,,0.382702,0.057512,0.038384,0.03554,0.124625,0.037304,0.092981,0.064417,0.099779,0.066757,,1892000,,
0,0,,0.469329,0.03626,0.050904,0.039604,0.063143,0.03074,0.065105,0.062815,0.118743,0.063358,,1879100,,
0,0,,0.394586,0.060491,0.031729,0.026108,0.124439,0.025832,0.158003,0.050784,0.067072,0.060957,,1887900,,
0,0,,0.487367,0.056625,0.028264,0.034741,0.0843,0.042363,0.065903,0.067829,0.093166,0.03944,,1878700,,
0,0,,0.319214,0.059166,0.031733,0.036363,0.135158,0.026983,0.154811,0.065423,0.081007,0.090142,,2155100,,
0,0,,0.408111,0.052184,0.043343,0.028555,0.082291,0.052899,0.13323,0.055853,0.100906,0.042629,,1898000,,
0,0,,0.354875,0.055413,0.055245,0.042043,0.091593,0.058088,0.066955,0.054433,0.16767,0.053686,,1886500,,
0,0,,0.312636,0.081579,0.049417,0.034352,0.0895,0.049071,0.061287,0.091422,0.118107,0.11263,,1896200,,
0,0,,0.379349,0.065725,0.044105,0.023197,0.108804,0.037044,0.129953,0.058699,0.096757,0.056367,,1914200,,
0,0,,0.36816,0.066718,0.024569,0.025493,0.115168,0.040466,0.114791,0.059001,0.086429,0.099205,,1928900,,
0,0,,0.530707,0.054112,0.040997,0.040321,0.079037,0.047101,0.070064,0.04615,0.04297,0.048541,,1897500,,
0,0,,0.398277,0.051018,0.030945,0.028504,0.129988,0.02476,0.153271,0.052995,0.075804,0.054438,,1894200,,
0,0,,0.402769,0.089029,0.036473,0.048775,0.077456,0.073328,0.046556,0.073731,0.103169,0.048713,,1954400,,
0,0,,0.433195,0.045683,0.033712,0.039066,0.161705,0.037336,0.062424,0.063418,0.069608,0.053853,,1887000,,
0,0,,0.3792,0.070148,0.026021,0.018547,0.102575,0.039045,0.129891,0.073098,0.080317,0.081157,,1900000,,
0,0,,0.5895,0.032469,0.028578,0.034661,0.055349,0.038936,0.041587,0.05063,0.054475,0.073815,,1893900,,
0,0,,0.324348,0.061293,0.031549,0.043848,0.107867,0.075792,0.095305,0.043637,0.140853,0.075508,,1878900,,
0,0,,0.346,0.063962,0.023682,0.030399,0.121353,0.044383,0.123011,0.072301,0.079879,0.095029,,1886400,,
0,0,,0.312749,0.079997,0.026015,0.017754,0.14159,0.050002,0.145956,0.061024,0.078608,0.086305,,1887500,,
0,0,,0.438883,0.070061,0.042116,0.037615,0.093625,0.05039,0.055364,0.074179,0.090752,0.047015,,1910500,,
0,0,,0.333267,0.088044,0.047171,0.018459,0.112722,0.024889,0.088493,0.09262,0.112312,0.082022,,1940800,,
0,0,,0.589346,0.045905,0.028036,0.041238,0.063275,0.046181,0.043285,0.043114,0.040832,0.058788,,1910200,,
0,0,,0.388628,0.045503,0.045303,0.034398,0.11532,0.05884,0.112813,0.045292,0.119273,0.03463,,1922700,,
0,0,,0.337462,0.051748,0.045073,0.062305,0.162359,0.033118,0.117109,0.059153,0.095561,0.036112,,1896800,,
0,0,,0.392239,0.044938,0.03009,0.029463,0.121968,0.022308,0.164938,0.061545,0.079652,0.052859,,1889100,,
0,0,,0.343676,0.060863,0.043029,0.037583,0.147677,0.02584,0.132744,0.071343,0.106553,0.030692,,1907100,,
0,0,,0.363509,0.055431,0.02496,0.025712,0.132379,0.057586,0.123369,0.062311,0.088384,0.066359,,1901600,,
0,0,,0.497276,0.052301,0.045,0.060971,0.066264,0.043527,0.053901,0.03987,0.073963,0.066928,,1886600,,
0,0,,0.603785,0.032502,0.024839,0.030114,0.070322,0.031681,0.043415,0.047795,0.047439,0.068106,,1895100,,
0,0,,0.506254,0.039785,0.024005,0.031174,0.080253,0.031912,0.09003,0.041575,0.097244,0.057769,,1937900,,
0,0,,0.437646,0.055901,0.030077,0.027419,0.087785,0.033243,0.104346,0.05921,0.103984,0.06039,,1913500,,
0,0,,0.460455,0.052392,0.027445,0.03524,0.096055,0.051292,0.071203,0.062261,0.091277,0.05238,,1900700,,
0,0,,0.220243,0.06811,0.04599,0.054887,0.106083,0.04516,0.117105,0.070972,0.087677,0.183774,,1892400,,
0,0,,0.444567,0.05936,0.031782,0.051599,0.092959,0.037006,0.112588,0.045581,0.08008,0.044479,,1908400,,
0,0,,0.46078,0.066762,0.036871,0.041203,0.075445,0.031949,0.049589,0.080672,0.094846,0.061882,,1901500,,
0,0,,0.396736,0.052096,0.027112,0.03011,0.146187,0.032768,0.137646,0.046509,0.067209,0.063627,,1896000,,
0,0,,0.370719,0.052215,0.034657,0.034452,0.134887,0.031028,0.139967,0.062736,0.085043,0.054294,,1915200,,
0,0,,0.471809,0.056505,0.024188,0.032427,0.084407,0.06075,0.075834,0.056872,0.093054,0.044154,,1935700,,
0,0,,0.478958,0.053382,0.027388,0.035167,0.073479,0.039188,0.059508,0.069774,0.097978,0.065178,,1894900,,
0,0,,0.383328,0.08611,0.053078,0.04975,0.102745,0.074501,0.025871,0.105131,0.061803,0.057681,,1891400,,
0,0,,0.438411,0.052633,0.024959,0.027528,0.10939,0.032562,0.115959,0.064636,0.086744,0.047178,,1899900,,
0,0,,0.577834,0.028468,0.028384,0.043594,0.065467,0.036047,0.041587,0.058322,0.052123,0.068173,,1898100,,
0,0,,0.44359,0.0806,0.04086,0.040389,0.082255,0.029362,0.063877,0.080971,0.083323,0.054774,,1895100,,
0,0,,0.39327,0.076571,0.040948,0.04475,0.07905,0.06473,0.05773,0.089466,0.095767,0.057719,,1885600,,
0,0,,0.453052,0.054563,0.033121,0.033649,0.071304,0.034262,0.098435,0.052172,0.096609,0.072833,,1904100,,
0,0,,0.372874,0.082667,0.031511,0.057521,0.092853,0.07612,0.06299,0.069811,0.108983,0.044671,,1942400,,
0,0,,0.38412,0.046834,0.030965,0.028384,0.127679,0.028446,0.140213,0.06127,0.099462,0.052628,,1893500,,
0,0,,0.511702,0.043365,0.027629,0.035872,0.067418,0.056369,0.068122,0.051014,0.080314,0.058194,,1911500,,
0,0,,0.453271,0.04451,0.025127,0.029018,0.103808,0.024391,0.128753,0.05655,0.076332,0.05824,,1872600,,
1,1,,0.034809,0.237735,0.083695,0.132654,0.06391,0.08549,0.027459,0.122198,0.080195,0.131855,,1894300,,
1,1,,0.055435,0.328139,0.071348,0.065185,0.079362,0.035107,0.074972,0.095391,0.163097,0.031963,,1873500,,
1,1,,0.098599,0.281999,0.07987,0.110335,0.056904,0.099491,0.03491,0.06932,0.07449,0.094081,,1879900,,
1,1,,0.072407,0.23701,0.076027,0.11359,0.085538,0.092762,0.067717,0.101195,0.0692,0.084554,,1902900,,
1,9,,0.034064,0.166232,0.055468,0.117605,0.070318,0.113587,0.023989,0.087847,0.072642,0.258248,,1891200,,
1,1,,0.006409,0.177644,0.1145,0.129846,0.112761,0.127469,0.097778,0.089568,0.051622,0.092402,,1917100,,
1,1,,0.009902,0.19002,0.138523,0.062202,0.136766,0.119167,0.101993,0.125675,0.074774,0.040978,,1895900,,
1,1,,0.054063,0.252784,0.060382,0.127737,0.133267,0.091842,0.039063,0.07622,0.063805,0.100838,,1885300,,
1,1,,0.101123,0.163951,0.059326,0.152609,0.087799,0.091188,0.050545,0.071094,0.118177,0.104188,,1870600,,
1,1,,0.011057,0.197262,0.126041,0.130905,0.121602,0.121446,0.048262,0.068909,0.072567,0.101948,,1898700,,
1,1,,0.0175,0.288328,0.145986,0.081315,0.110923,0.057,0.028822,0.1032,0.129423,0.037503,,1891800,,
1,3,,0.006393,0.124997,0.134599,0.144409,0.062236,0.14058,0.093441,0.118634,0.080049,0.094662,,1911200,,
1,1,,0.080228,0.314479,0.089539,0.070818,0.070211,0.029708,0.056853,0.126525,0.134841,0.026798,,1929600,,
1,1,,0.082093,0.220922,0.072768,0.058277,0.149206,0.056749,0.08389,0.108279,0.095837,0.07198,,1952400,,
1,2,,0.027901,0.147462,0.15035,0.118646,0.042186,0.148524,0.106801,0.059979,0.088713,0.109439,,1903900,,
1,3,,0.009924,0.149635,0.134034,0.226902,0.071934,0.141941,0.030779,0.052167,0.056641,0.126043,,1898500,,
1,9,,0.064762,0.128567,0.07732,0.124682,0.058563,0.111869,0.058937,0.081131,0.077095,0.217074,,1913100,,
1,1,,0.043031,0.248877,0.077713,0.09876,0.071511,0.091705,0.03106,0.114711,0.122661,0.099971,,1898700,,
1,1,,0.05316,0.24768,0.058222,0.114074,0.089076,0.097944,0.057757,0.081948,0.063814,0.136324,,1907000,,
1,1,,0.109125,0.183838,0.05665,0.107205,0.082363,0.080658,0.052648,0.089997,0.140256,0.097259,,1892900,,
1,2,,0.006394,0.131263,0.220403,0.112625,0.050148,0.144853,0.089797,0.079006,0.058837,0.106674,,1905500,,
1,1,,0.008573,0.208345,0.173154,0.088353,0.095134,0.090636,0.05094,0.133882,0.073437,0.077545,,1926500,,
1,1,,0.048991,0.296025,0.089373,0.094333,0.056711,0.098436,0.078755,0.09582,0.070168,0.071388,,1894600,,
1,1,,0.022359,0.295831,0.062902,0.122084,0.058681,0.024124,0.032737,0.138866,0.172989,0.069428,,1904000,,
1,1,,0.041597,0.245516,0.100534,0.057886,0.09279,0.094929,0.020939,0.139074,0.093538,0.113199,,1894300,,
1,1,,0.071715,0.269166,0.119788,0.033376,0.074766,0.088848,0.123193,0.094222,0.109809,0.015117,,1889300,,
1,1,,0.067517,0.228291,0.091303,0.04484,0.156062,0.052411,0.093736,0.090964,0.146436,0.028441,,1896600,,
1,1,,0.02831,0.209281,0.15417,0.117039,0.056381,0.066455,0.106652,0.106132,0.085014,0.070568,,1895500,,
1,1,,0.007678,0.223145,0.15637,0.086672,0.12151,0.098627,0.035939,0.11207,0.109737,0.048253,,1905100,,
1,7,,0.036282,0.119087,0.164057,0.110726,0.07499,0.046652,0.055676,0.188026,0.09314,0.111363,,1905900,,
1,1,,0.009951,0.256788,0.142393,0.128262,0.081731,0.100937,0.023506,0.074683,0.077805,0.103944,,1890600,,
1,4,,0.057592,0.172381,0.077317,0.105998,0.190488,0.122542,0.078787,0.052251,0.057608,0.085036,,1917700,,
1,7,,0.02241,0.145612,0.148456,0.053804,0.097781,0.118649,0.108182,0.153461,0.106059,0.045587,,1895000,,
1,1,,0.08252,0.151341,0.086803,0.071307,0.146222,0.053365,0.093312,0.120906,0.10626,0.087964,,1880200,,
1,1,,0.077774,0.223147,0.109658,0.072422,0.070944,0.068601,0.057135,0.115064,0.168517,0.036738,,1924700,,
1,1,,0.009745,0.251654,0.158187,0.087749,0.094578,0.093252,0.035759,0.117149,0.089268,0.062659,,1902200,,
1,1,,0.010026,0.354053,0.07484,0.073175,0.0605,0.084841,0.095489,0.099834,0.11857,0.028673,,1905500,,
1,1,,0.009296,0.283574,0.107913,0.051652,0.108164,0.05053,0.030512,0.184196,0.140308,0.033853,,1943000,,
1,3,,0.011293,0.107433,0.077721,0.232575,0.145016,0.133223,0.066364,0.046104,0.032163,0.148107,,1897800,,
1,1,,0.041241,0.274948,0.124126,0.110375,0.072415,0.043393,0.030891,0.129505,0.11809,0.055015,,1890400,,
1,1,,0.060695,0.161281,0.113906,0.030205,0.09339,0.123805,0.135226,0.116505,0.131124,0.033863,,1886100,,
1,6,,0.057917,0.137343,0.114665,0.060928,0.165654,0.058891,0.171992,0.072822,0.139778,0.02001,,1901100,,
1,1,,0.006922,0.202358,0.171841,0.099604,0.062496,0.126148,0.036624,0.152704,0.085985,0.055318,,1917000,,
1,1,,0.108815,0.306745,0.06298,0.045863,0.148262,0.027415,0.123642,0.051687,0.108397,0.016194,,1889100,,
1,1,,0.052449,0.19098,0.076539,0.142923,0.04691,0.1078,0.03792,0.117471,0.08467,0.142339,,1896000,,
1,1,,0.043361,0.262492,0.103059,0.152812,0.04817,0.086888,0.02113,0.067181,0.076768,0.13814,,1980700,,
1,9,,0.045992,0.111836,0.079945,0.149558,0.095782,0.118742,0.029238,0.073802,0.056261,0.238845,,1897700,,
1,1,,0.061494,0.242389,0.083091,0.050232,0.183381,0.038081,0.141714,0.06391,0.112548,0.02316,,1894200,,
1,3,,0.018813,0.131925,0.108414,0.206147,0.088237,0.125871,0.036134,0.071688,0.055672,0.157099,,1889000,,
1,1,,0.0537,0.312418,0.126929,0.045831,0.070522,0.061917,0.08296,0.100769,0.125293,0.019661,,1891500,,
1,1,,0.017005,0.362102,0.130794,0.069436,0.093718,0.054424,0.040962,0.115643,0.046133,0.069784,,1909400,,
1,1,,0.03224,0.283076,0.070366,0.121958,0.065593,0.087803,0.032901,0.088311,0.098167,0.119584,,1887600,,
1,1,,0.014495,0.298564,0.11505,0.162858,0.049748,0.084467,0.029887,0.060963,0.062311,0.121657,,1903700,,
1,4,,0.025873,0.178348,0.113876,0.04958,0.185207,0.110624,0.128936,0.103607,0.059965,0.043983,,1927200,,
1,1,,0.111121,0.238709,0.077781,0.100415,0.089625,0.079514,0.04395,0.089447,0.083373,0.086065,,1890100,,
1,1,,0.052493,0.248063,0.068805,0.097126,0.202393,0.076265,0.073638,0.055825,0.055006,0.070386,,1881200,,
1,7,,0.052576,0.09248,0.0968,0.157562,0.065341,0.083957,0.033571,0.175545,0.085953,0.156214,,1877900,,
1,1,,0.028752,0.257965,0.119093,0.152956,0.059534,0.085873,0.030288,0.078583,0.067574,0.119382,,1879300,,
1,6,,0.084482,0.128253,0.132338,0.027519,0.121316,0.089301,0.171512,0.09186,0.131163,0.022255,,1890900,,
1,1,,0.119821,0.254026,0.061112,0.057493,0.125663,0.032476,0.115205,0.065579,0.136587,0.032039,,1867200,,
1,1,,0.042377,0.270952,0.089888,0.160368,0.045139,0.09187,0.025133,0.069032,0.06844,0.1368,,1873300,,
1,1,,0.057242,0.229125,0.074743,0.033847,0.137978,0.074687,0.215251,0.042125,0.108762,0.02624,,1921900,,
1,1,,0.036249,0.264143,0.124039,0.139997,0.040482,0.093983,0.033303,0.072267,0.079725,0.115812,,1908300,,
1,1,,0.06877,0.156748,0.069738,0.125689,0.106558,0.094548,0.069357,0.093453,0.065556,0.149582,,1916900,,
1,1,,0.041866,0.265268,0.093292,0.073076,0.093388,0.040304,0.028374,0.186416,0.121255,0.056761,,1884400,,
1,1,,0.120681,0.240066,0.075638,0.047477,0.106509,0.028051,0.075664,0.118166,0.144855,0.042893,,1898700,,
1,1,,0.05654,0.316712,0.069402,0.055985,0.071838,0.032518,0.074494,0.099338,0.182367,0.040804,,1910300,,
1,1,,0.034825,0.255007,0.078419,0.100579,0.065947,0.088496,0.029482,0.103227,0.127929,0.116089,,1899800,,
1,1,,0.054033,0.379776,0.074193,0.070426,0.085515,0.034604,0.047151,0.077864,0.122924,0.053515,,1887100,,
1,1,,0.006726,0.191816,0.139572,0.153554,0.086348,0.102823,0.050615,0.085927,0.071036,0.111582,,1891900,,
1,1,,0.09368,0.206567,0.100464,0.070936,0.085449,0.067314,0.113331,0.068682,0.17604,0.017537,,1891700,,
1,9,,0.026586,0.152651,0.098929,0.190485,0.060379,0.105703,0.030118,0.063967,0.072548,0.198635,,1898200,,
1,1,,0.009189,0.216433,0.130574,0.129362,0.108164,0.06215,0.03212,0.152626,0.067123,0.092259,,1887500,,
1,1,,0.027783,0.295922,0.131726,0.086562,0.092286,0.036102,0.022304,0.134737,0.094529,0.078051,,1886800,,
1,5,,0.015573,0.1063,0.096637,0.092192,0.144474,0.163801,0.103029,0.045509,0.120824,0.111662,,1911800,,
1,1,,0.073205,0.284191,0.055,0.038851,0.141465,0.047653,0.140804,0.085073,0.110613,0.023144,,1907600,,
1,1,,0.074032,0.250649,0.118526,0.094798,0.092732,0.030477,0.066813,0.096936,0.141863,0.033172,,1900800,,
1,4,,0.023508,0.190539,0.076435,0.097566,0.196033,0.100663,0.05743,0.112045,0.068992,0.076789,,1915500,,
1,1,,0.149161,0.236016,0.040517,0.043325,0.137423,0.021313,0.159142,0.072666,0.106958,0.033479,,1920000,,
1,1,,0.019225,0.26086,0.133259,0.10672,0.066261,0.051402,0.029371,0.153237,0.097052,0.082613,,1913700,,
1,1,,0.131433,0.26153,0.105659,0.05069,0.092765,0.042858,0.072829,0.076152,0.144176,0.021907,,1898600,,
1,9,,0.0973,0.101193,0.058584,0.126568,0.102873,0.109052,0.063209,0.078525,0.073683,0.189013,,1899400,,
1,6,,0.095723,0.185998,0.077144,0.028628,0.122368,0.102224,0.207814,0.071147,0.09253,0.016423,,1951500,,
1,9,,0.029708,0.141953,0.093928,0.169993,0.049317,0.107625,0.028632,0.073446,0.064528,0.24087,,1888400,,
1,1,,0.098494,0.286007,0.062303,0.098824,0.058961,0.078072,0.036833,0.074247,0.100147,0.106112,,1901300,,
1,1,,0.011558,0.197899,0.136949,0.192556,0.064572,0.101189,0.036922,0.052478,0.054589,0.151289,,1945500,,
1,1,,0.101711,0.190784,0.153096,0.04225,0.069786,0.059327,0.116011,0.068747,0.163752,0.034536,,1919100,,
1,1,,0.111981,0.24585,0.056556,0.054241,0.161981,0.03948,0.088597,0.109625,0.08022,0.051469,,1905100,,
1,1,,0.008187,0.273707,0.108324,0.128788,0.123393,0.097293,0.032866,0.063065,0.064424,0.099953,,1897700,,
1,1,,0.07391,0.229353,0.051326,0.126488,0.054165,0.125076,0.047361,0.096465,0.074414,0.121442,,1932300,,
1,1,,0.037702,0.266165,0.06296,0.084179,0.083309,0.08573,0.054447,0.110497,0.081277,0.133734,,1902500,,
1,1,,0.107205,0.211748,0.087168,0.069178,0.15125,0.050045,0.173643,0.042912,0.079966,0.026885,,1901000,,
1,1,,0.027712,0.258135,0.066231,0.122467,0.052255,0.109355,0.020962,0.094565,0.095116,0.153201,,1910200,,
1,1,,0.088346,0.242588,0.081692,0.129254,0.062398,0.082627,0.05259,0.06944,0.085419,0.105646,,1973600,,
1,1,,0.034809,0.189904,0.13329,0.128109,0.085468,0.070941,0.055974,0.11945,0.114684,0.067371,,1886400,,
1,2,,0.006394,0.12534,0.153221,0.150681,0.05528,0.128746,0.097814,0.131896,0.057561,0.093066,,1878000,,
1,2,,0.047873,0.094124,0.141985,0.116374,0.115648,0.106849,0.111473,0.103034,0.103025,0.059615,,1894800,,
1,1,,0.044627,0.270041,0.114588,0.037247,0.080365,0.128188,0.138034,0.066828,0.083103,0.036978,,1923900,,
1,1,,0.027602,0.282683,0.083618,0.082112,0.080091,0.147076,0.126317,0.048521,0.048202,0.073778,,1889700,,
1,6,,0.081018,0.101392,0.070446,0.036737,0.208563,0.097914,0.226822,0.063079,0.090589,0.023441,,1899100,,
1,1,,0.02124,0.1985,0.140792,0.092655,0.094818,0.057176,0.027416,0.162571,0.112453,0.092379,,1902400,,
1,1,,0.123525,0.264936,0.088736,0.036495,0.130987,0.062615,0.074355,0.066502,0.13677,0.015078,,1884900,,
1,1,,0.118578,0.250899,0.060064,0.044112,0.090464,0.03688,0.090958,0.073758,0.168016,0.066272,,1904400,,
1,1,,0.091918,0.210803,0.067515,0.135073,0.076731,0.100175,0.056708,0.068446,0.077429,0.115202,,1895100,,
1,2,,0.006466,0.157123,0.159437,0.110358,0.06279,0.121592,0.107848,0.09935,0.080216,0.094819,,1900300,,
1,1,,0.010774,0.211006,0.153035,0.132334,0.096289,0.098584,0.058799,0.06765,0.075194,0.096334,,1899500,,
1,9,,0.068222,0.167601,0.067419,0.121339,0.061652,0.141412,0.044787,0.065375,0.084642,0.177551,,1892500,,
1,1,,0.032006,0.240093,0.084534,0.10488,0.055491,0.15773,0.113782,0.052379,0.057539,0.101568,,1894500,,
1,8,,0.100695,0.156198,0.144702,0.043082,0.086376,0.050327,0.082837,0.104286,0.198546,0.03295,,1896600,,
1,1,,0.063818,0.299926,0.081818,0.043952,0.147374,0.06068,0.05772,0.128584,0.093333,0.022794,,2006600,,
1,1,,0.017223,0.30835,0.072164,0.13566,0.071149,0.112181,0.027735,0.087244,0.077434,0.090862,,1910300,,
1,1,,0.096563,0.164852,0.113055,0.076005,0.101951,0.089256,0.070561,0.121469,0.110691,0.055598,,1904600,,
1,1,,0.01489,0.323116,0.135452,0.065944,0.112725,0.07071,0.032971,0.104816,0.109319,0.030058,,1879600,,
1,1,,0.075624,0.323629,0.07324,0.0533,0.13613,0.042676,0.126069,0.050041,0.099354,0.019938,,1902400,,
1,1,,0.022038,0.278197,0.093806,0.069746,0.09443,0.052207,0.104118,0.082968,0.185604,0.016887,,1906200,,
2,2,,0.046194,0.10938,0.240086,0.141177,0.063941,0.072973,0.041041,0.12206,0.094523,0.068624,,1907600,,
2,2,,0.012131,0.109594,0.203079,0.137602,0.048611,0.136686,0.044381,0.070159,0.119356,0.118399,,1895800,,
2,2,,0.009354,0.138317,0.269126,0.169118,0.037532,0.120447,0.031177,0.056127,0.064279,0.104523,,1937800,,
2,2,,0.056682,0.098263,0.167831,0.15372,0.089945,0.134961,0.06407,0.079999,0.071647,0.08288,,1949900,,
2,2,,0.033014,0.071438,0.195194,0.127483,0.057346,0.088997,0.031993,0.177459,0.126012,0.091064,,1893700,,
2,2,,0.017142,0.133638,0.285971,0.109717,0.067791,0.107796,0.037806,0.107551,0.076601,0.055986,,1875700,,
2,3,,0.012331,0.130012,0.178573,0.205026,0.038802,0.130726,0.054431,0.04848,0.055174,0.146445,,1894700,,
2,2,,0.009086,0.095654,0.235933,0.156135,0.055811,0.107981,0.044097,0.095511,0.095654,0.10414,,1893700,,
2,2,,0.006573,0.137333,0.34872,0.107955,0.045518,0.077826,0.041082,0.110194,0.061589,0.063208,,1901200,,
2,2,,0.006269,0.102164,0.305759,0.088284,0.061144,0.096225,0.092271,0.102793,0.098971,0.046121,,1881200,,
2,2,,0.028922,0.092986,0.21937,0.198148,0.053895,0.098642,0.044435,0.071278,0.058844,0.133479,,1914000,,
2,5,,0.012721,0.108823,0.14848,0.153584,0.050304,0.159062,0.111108,0.069677,0.085289,0.100952,,1975900,,
2,2,,0.033814,0.079807,0.256716,0.112935,0.053476,0.073384,0.032641,0.152672,0.114658,0.089898,,1929300,,
2,2,,0.006254,0.080452,0.264614,0.131056,0.051286,0.134693,0.093744,0.112692,0.061735,0.063474,,1904900,,
2,6,,0.086718,0.067401,0.171636,0.047103,0.051649,0.104658,0.175509,0.106059,0.144398,0.044869,,1948700,,
2,2,,0.006949,0.079002,0.231019,0.09197,0.059241,0.156263,0.11838,0.098755,0.081165,0.077257,,1907200,,
2,8,,0.056847,0.11589,0.17821,0.098109,0.042786,0.049788,0.070717,0.084727,0.233652,0.069274,,1881300,,
2,2,,0.006196,0.107263,0.218687,0.066985,0.090125,0.136993,0.126942,0.123989,0.040976,0.081844,,1891900,,
2,2,,0.010074,0.103037,0.258209,0.152672,0.08008,0.075645,0.030504,0.109402,0.101548,0.07883,,1895300,,
2,2,,0.110976,0.102124,0.173675,0.102356,0.059802,0.027449,0.121941,0.089107,0.160592,0.051977,,1904900,,
2,8,,0.037195,0.103285,0.152087,0.109186,0.104771,0.046972,0.082533,0.087833,0.214126,0.062012,,1882300,,
2,2,,0.007767,0.087494,0.22943,0.167028,0.04038,0.132513,0.105712,0.057354,0.05492,0.117403,,1883800,,
2,2,,0.014221,0.129813,0.255994,0.078142,0.065576,0.119401,0.1221,0.090434,0.074829,0.049488,,1891200,,
2,2,,0.024155,0.058167,0.236602,0.063401,0.068226,0.135287,0.17477,0.04675,0.156298,0.036345,,1880700,,
2,2,,0.018481,0.126548,0.222504,0.156476,0.048407,0.115365,0.028595,0.069875,0.103962,0.109788,,1878700,,
2,2,,0.009742,0.108887,0.225489,0.155404,0.061606,0.132288,0.038534,0.077123,0.085597,0.10533,,1892700,,
2,2,,0.028295,0.098176,0.188922,0.166559,0.056737,0.101134,0.050654,0.073864,0.097984,0.137676,,1894800,,
2,8,,0.066441,0.137781,0.168042,0.092602,0.075376,0.032602,0.042936,0.123275,0.19289,0.068055,,1929000,,
2,2,,0.011757,0.128069,0.222505,0.201739,0.053022,0.090386,0.031278,0.114127,0.091586,0.055533,,1922100,,
2,2,,0.075286,0.13471,0.264557,0.06732,0.072604,0.048496,0.126721,0.033788,0.133771,0.042747,,1896200,,
2,2,,0.077671,0.090581,0.192532,0.110149,0.070803,0.043399,0.141667,0.063587,0.16447,0.045142,,1910500,,
2,2,,0.007926,0.093441,0.226512,0.150729,0.047419,0.15051,0.099644,0.06246,0.044866,0.116494,,1896200,,
2,2,,0.025217,0.134416,0.208252,0.116298,0.106618,0.055771,0.051376,0.121973,0.127245,0.052833,,1892700,,
2,2,,0.021282,0.097381,0.233134,0.090111,0.08936,0.109515,0.106939,0.115485,0.089523,0.047271,,1899100,,
2,2,,0.008138,0.101617,0.223465,0.162679,0.047816,0.133616,0.093488,0.074145,0.050359,0.104676,,1907400,,
2,2,,0.01507,0.107196,0.202764,0.083364,0.06745,0.147449,0.091926,0.098853,0.075707,0.11022,,1897500,,
2,2,,0.076043,0.082085,0.198369,0.027685,0.053429,0.117832,0.132716,0.106262,0.139496,0.066083,,1928500,,
2,9,,0.040601,0.108237,0.156822,0.146834,0.057334,0.099917,0.063473,0.065686,0.088527,0.17257,,1920200,,
2,2,,0.021915,0.108286,0.20168,0.120351,0.054226,0.076576,0.053993,0.145279,0.091617,0.126076,,1897100,,
2,6,,0.180432,0.059597,0.082608,0.022181,0.135313,0.128048,0.253383,0.027517,0.075409,0.035512,,1887600,,
2,2,,0.070553,0.093681,0.188604,0.087267,0.072369,0.104931,0.053825,0.112024,0.17061,0.046137,,1899700,,
2,2,,0.035026,0.098781,0.18546,0.15091,0.059391,0.084093,0.036136,0.135935,0.090579,0.123688,,1902900,,
2,2,,0.085344,0.057886,0.249622,0.037927,0.075501,0.100549,0.149898,0.066163,0.133188,0.043921,,1888400,,
2,2,,0.052752,0.11059,0.245387,0.136658,0.037571,0.032137,0.033719,0.133606,0.17573,0.04185,,1885200,,
2,2,,0.055226,0.156519,0.239531,0.07053,0.054908,0.089636,0.108742,0.090883,0.09026,0.043766,,1986000,,
2,2,,0.016449,0.119944,0.209758,0.17931,0.093018,0.101247,0.050102,0.097747,0.07513,0.057295,,1915600,,
2,2,,0.037653,0.090446,0.195118,0.167095,0.036541,0.115587,0.044774,0.078804,0.081702,0.15228,,1898300,,
2,2,,0.0147,0.118358,0.234723,0.093603,0.063137,0.100356,0.089954,0.147221,0.093337,0.04461,,1921300,,
2,2,,0.092836,0.093081,0.273526,0.059222,0.106523,0.048433,0.068107,0.068911,0.139937,0.049425,,2714400,,
2,8,,0.05502,0.067137,0.182686,0.0975,0.061899,0.061029,0.095492,0.068602,0.254873,0.055763,,1921100,,
2,2,,0.088424,0.062223,0.226341,0.042345,0.071833,0.111524,0.145879,0.065844,0.127827,0.057759,,1896000,,
2,2,,0.032519,0.096332,0.17489,0.165665,0.048124,0.070174,0.029377,0.114355,0.1346,0.133963,,1891600,,
2,9,,0.171078,0.054433,0.151144,0.152904,0.075888,0.079926,0.021379,0.075058,0.04646,0.171732,,1922500,,
2,2,,0.04367,0.087003,0.209399,0.158335,0.048894,0.103053,0.03963,0.072122,0.084055,0.15384,,1877900,,
2,8,,0.087469,0.069514,0.132428,0.08124,0.088136,0.063408,0.14409,0.101765,0.154211,0.077739,,1891800,,
2,2,,0.007987,0.101993,0.230575,0.118433,0.075416,0.114185,0.097147,0.122811,0.084243,0.047211,,1879900,,
2,2,,0.070831,0.136262,0.228376,0.043447,0.099326,0.103709,0.106528,0.052922,0.120686,0.037913,,1884600,,
2,2,,0.009919,0.124118,0.239336,0.088612,0.110075,0.110449,0.106886,0.084842,0.071117,0.054646,,1880500,,
2,8,,0.045522,0.099361,0.139758,0.132032,0.044203,0.03961,0.096485,0.072918,0.258421,0.07169,,1903600,,
2,8,,0.091711,0.091257,0.124669,0.063501,0.058035,0.037465,0.108849,0.122,0.231326,0.071185,,1889600,,
2,2,,0.030637,0.12185,0.223858,0.158617,0.086108,0.043366,0.030184,0.120107,0.121707,0.063566,,1921200,,
2,2,,0.009842,0.09328,0.273186,0.158177,0.055595,0.083389,0.043025,0.125383,0.060553,0.09757,,1882700,,
2,2,,0.009822,0.115573,0.282865,0.16703,0.041612,0.093985,0.05561,0.060812,0.06506,0.107632,,1881700,,
2,2,,0.017645,0.167409,0.240802,0.121547,0.086097,0.071004,0.033527,0.112909,0.096664,0.052395,,1893300,,
2,2,,0.091377,0.105678,0.184556,0.096318,0.063095,0.037256,0.117659,0.069121,0.177239,0.057701,,1897600,,
2,2,,0.006254,0.080485,0.246089,0.099145,0.062088,0.132625,0.088118,0.10834,0.113474,0.063383,,1886900,,
2,2,,0.025169,0.157898,0.224349,0.127112,0.089563,0.056278,0.047473,0.122561,0.09212,0.057476,,1880800,,
2,2,,0.007492,0.097574,0.212758,0.139065,0.053234,0.145005,0.098043,0.06683,0.079796,0.100202,,1881300,,
2,2,,0.035562,0.083767,0.244425,0.112141,0.060669,0.06457,0.040658,0.155815,0.12874,0.073653,,1887900,,
2,2,,0.035562,0.172356,0.275314,0.119876,0.051439,0.055208,0.03469,0.079151,0.106801,0.069604,,1887700,,
2,2,,0.006269,0.130609,0.236807,0.099677,0.045248,0.120026,0.089143,0.138903,0.080697,0.05262,,1886600,,
2,2,,0.047586,0.081808,0.29179,0.115615,0.046382,0.035216,0.03804,0.108443,0.1751,0.06002,,1879500,,
2,2,,0.006504,0.081052,0.203557,0.116566,0.046677,0.145571,0.136513,0.109516,0.084691,0.069354,,1874600,,
2,8,,0.088986,0.073805,0.168365,0.082863,0.077498,0.043555,0.072037,0.116082,0.213929,0.062879,,1896100,,
2,3,,0.053473,0.091373,0.132486,0.165905,0.050813,0.145098,0.033431,0.076108,0.129297,0.122015,,1895500,,
2,2,,0.034721,0.085325,0.173078,0.149173,0.051888,0.10192,0.050766,0.073047,0.119965,0.160116,,1882300,,
2,2,,0.040835,0.116945,0.181828,0.149061,0.065313,0.067964,0.026478,0.116567,0.116681,0.118329,,1886100,,
2,2,,0.027716,0.135218,0.201679,0.063204,0.061929,0.090542,0.15197,0.048492,0.176183,0.043067,,1883700,,
2,2,,0.037975,0.19509,0.225986,0.131147,0.044679,0.044388,0.035603,0.07899,0.142838,0.063304,,1880800,,
2,2,,0.01789,0.137965,0.265577,0.118719,0.068053,0.053011,0.039655,0.135456,0.116087,0.047586,,1901700,,
2,2,,0.008421,0.163029,0.249331,0.139693,0.073041,0.092421,0.032881,0.091179,0.09402,0.055985,,1902000,,
2,3,,0.01338,0.11286,0.159397,0.190535,0.070823,0.091481,0.048231,0.103126,0.093448,0.116719,,1915700,,
2,3,,0.010277,0.097871,0.158776,0.201902,0.054828,0.09722,0.035747,0.150229,0.081794,0.111355,,1889800,,
2,8,,0.07569,0.106156,0.129733,0.069497,0.123749,0.048277,0.133998,0.081326,0.205583,0.025991,,1886800,,
2,2,,0.051074,0.076866,0.172777,0.124678,0.098584,0.061957,0.040283,0.126342,0.103305,0.144132,,1911100,,
2,2,,0.104659,0.073287,0.194703,0.098813,0.081731,0.049399,0.086965,0.082911,0.167545,0.059986,,1888300,,
2,2,,0.009489,0.143402,0.176825,0.145733,0.0859,0.10813,0.043022,0.107531,0.077148,0.10282,,1890400,,
2,0,,0.229329,0.080599,0.166438,0.038051,0.056729,0.108176,0.124919,0.021819,0.116245,0.057696,,1900200,,
2,6,,0.075534,0.096008,0.179903,0.055392,0.057136,0.106104,0.186271,0.045278,0.136193,0.062181,,1898500,,
2,6,,0.136803,0.089461,0.13986,0.040945,0.084063,0.094422,0.154929,0.071802,0.129134,0.058581,,1905300,,
2,2,,0.014287,0.111669,0.204467,0.163607,0.070303,0.122218,0.045595,0.081654,0.081585,0.104615,,1903800,,
2,2,,0.009639,0.073549,0.238167,0.056943,0.087674,0.129115,0.136013,0.124758,0.073536,0.070608,,1899700,,
2,6,,0.160022,0.069056,0.096128,0.043716,0.101842,0.071594,0.281833,0.026562,0.113417,0.03583,,1908700,,
2,2,,0.028523,0.107497,0.184808,0.160525,0.064483,0.1051,0.062706,0.074504,0.095988,0.115867,,1924300,,
2,2,,0.028217,0.144409,0.226644,0.065606,0.066019,0.093796,0.083584,0.056387,0.200959,0.03438,,1902500,,
2,4,,0.153242,0.071896,0.063707,0.04614,0.169721,0.055429,0.1663,0.081923,0.126285,0.065358,,1924300,,
2,2,,0.010017,0.095576,0.212732,0.069952,0.073948,0.133787,0.174467,0.100013,0.059683,0.069825,,1914400,,
2,9,,0.08123,0.081006,0.120193,0.151496,0.050551,0.116763,0.027187,0.070909,0.092437,0.208228,,1896400,,
2,6,,0.070895,0.07808,0.185696,0.02652,0.099044,0.1372,0.239005,0.032046,0.098366,0.033147,,1904300,,
2,3,,0.02813,0.133663,0.158204,0.181233,0.068772,0.088173,0.032836,0.105161,0.083694,0.120133,,1897400,,
2,8,,0.118569,0.086047,0.123824,0.066361,0.096257,0.052783,0.125369,0.105209,0.146414,0.079167,,1895500,,
2,2,,0.056785,0.119197,0.221968,0.084056,0.06428,0.072785,0.052618,0.135369,0.134925,0.058017,,1890800,,
2,2,,0.066668,0.115289,0.203384,0.058424,0.090188,0.090247,0.111684,0.092374,0.128697,0.043045,,1932000,,
2,8,,0.086986,0.09537,0.133033,0.09714,0.059564,0.047524,0.108093,0.096173,0.18773,0.088387,,1899300,,
2,2,,0.00827,0.09559,0.223305,0.092752,0.109506,0.114,0.111726,0.101481,0.090166,0.053204,,1887400,,
2,2,,0.01148,0.092878,0.201578,0.195882,0.047222,0.099564,0.038295,0.094673,0.116797,0.101629,,1912800,,
2,2,,0.077733,0.07772,0.230399,0.100184,0.08014,0.086427,0.045907,0.113877,0.122962,0.06465,,1920800,,
2,2,,0.0093,0.112651,0.237642,0.070664,0.059832,0.112095,0.102326,0.115146,0.129866,0.050477,,1896300,,
2,8,,0.062141,0.180653,0.154269,0.100963,0.044338,0.053036,0.076679,0.095818,0.196565,0.035538,,1902500,,
2,2,,0.009235,0.077231,0.236749,0.129422,0.049545,0.121069,0.102378,0.096523,0.10968,0.068168,,1889400,,
2,2,,0.096202,0.122985,0.245625,0.066314,0.099069,0.076201,0.035821,0.083352,0.123695,0.050736,,1924800,,
2,3,,0.043625,0.087385,0.173963,0.180205,0.035783,0.09769,0.055728,0.082109,0.084992,0.158521,,1912000,,
3,3,,0.042063,0.104616,0.10374,0.270716,0.033133,0.105226,0.026063,0.0825,0.073805,0.158138,,1905300,,
3,3,,0.026538,0.091792,0.104423,0.249741,0.037881,0.104721,0.035361,0.080824,0.067152,0.201568,,1903200,,
3,8,,0.11111,0.087254,0.132533,0.089748,0.054389,0.101299,0.031138,0.09133,0.157827,0.143373,,1893400,,
3,7,,0.049672,0.088964,0.143188,0.124485,0.071721,0.044494,0.030395,0.212889,0.132476,0.101716,,1890400,,
3,3,,0.03516,0.085325,0.16156,0.206255,0.048267,0.086611,0.025906,0.115141,0.128054,0.10772,,1935200,,
3,3,,0.033601,0.105092,0.095629,0.20712,0.038353,0.103455,0.01967,0.128882,0.101416,0.166781,,1895300,,
3,3,,0.027219,0.08705,0.114894,0.252347,0.038842,0.107001,0.028907,0.079674,0.067561,0.196505,,1892700,,
3,3,,0.042888,0.079182,0.079832,0.276797,0.032713,0.108315,0.017021,0.072696,0.068251,0.222307,,1903800,,
3,3,,0.041578,0.089012,0.129411,0.246953,0.032773,0.111678,0.030464,0.071172,0.084801,0.162158,,1891800,,
3,3,,0.016642,0.09675,0.147362,0.216592,0.083217,0.171578,0.012813,0.051169,0.054485,0.149393,,1910100,,
3,3,,0.035778,0.116123,0.091983,0.232615,0.04923,0.103818,0.016931,0.125449,0.074111,0.153963,,1898300,,
3,9,,0.036821,0.078641,0.10221,0.225201,0.030854,0.104294,0.023925,0.082238,0.087368,0.228447,,1899400,,
3,3,,0.047995,0.117613,0.088003,0.246341,0.037455,0.123655,0.015837,0.079615,0.088315,0.155171,,1913900,,
3,3,,0.042894,0.089428,0.092169,0.288103,0.03206,0.112531,0.025497,0.071344,0.060884,0.18509,,1898700,,
3,7,,0.048582,0.117289,0.119784,0.146532,0.082909,0.050299,0.032922,0.167114,0.13656,0.09801,,1954700,,
3,5,,0.023785,0.126838,0.098324,0.178582,0.042653,0.208112,0.095618,0.048079,0.065299,0.112709,,1908900,,
3,3,,0.042345,0.068853,0.117579,0.239533,0.035862,0.123584,0.022183,0.084723,0.054369,0.210969,,1900500,,
3,3,,0.038,0.080038,0.07487,0.251016,0.043775,0.115304,0.026265,0.080416,0.078418,0.211898,,1904900,,
3,3,,0.014105,0.086647,0.095528,0.233181,0.052184,0.182674,0.090487,0.041302,0.057318,0.146572,,1911600,,
3,3,,0.012209,0.089948,0.135398,0.306843,0.036606,0.150279,0.024025,0.05379,0.050506,0.140396,,1905600,,
3,5,,0.026551,0.137164,0.085184,0.147552,0.057815,0.18024,0.102825,0.061826,0.039423,0.161421,,1929400,,
3,9,,0.023687,0.080142,0.116559,0.226098,0.040977,0.108281,0.019856,0.083138,0.065586,0.235676,,1892900,,
3,3,,0.024117,0.119366,0.112243,0.242189,0.054308,0.148838,0.023521,0.075677,0.091878,0.107863,,1897100,,
3,6,,0.15608,0.050121,0.058829,0.119956,0.11894,0.052489,0.157167,0.06369,0.125469,0.097258,,2102500,,
3,3,,0.016795,0.097602,0.135175,0.219725,0.071227,0.135404,0.023256,0.055909,0.091427,0.153481,,1963100,,
3,3,,0.023754,0.112791,0.106018,0.264048,0.035666,0.100387,0.02247,0.082099,0.08546,0.167308,,1983600,,
3,3,,0.016025,0.080768,0.114979,0.262959,0.057089,0.160052,0.024945,0.059007,0.028388,0.195789,,2063100,,
3,3,,0.036405,0.102235,0.172963,0.180872,0.033775,0.099323,0.029537,0.07589,0.131329,0.137672,,1966900,,
3,9,,0.114946,0.060549,0.126736,0.179729,0.044877,0.047021,0.057687,0.07528,0.109855,0.183321,,1927100,,
3,3,,0.044482,0.107193,0.126497,0.206192,0.07987,0.054515,0.05519,0.140326,0.113918,0.071816,,2088600,,
3,9,,0.025404,0.08436,0.130922,0.220569,0.038346,0.103889,0.030055,0.091897,0.052062,0.222495,,1952900,,
3,2,,0.014566,0.114172,0.176768,0.133891,0.071544,0.073469,0.037268,0.162052,0.111947,0.104323,,2025400,,
3,7,,0.039353,0.089827,0.143311,0.110943,0.083645,0.114205,0.028043,0.186077,0.13921,0.065386,,1932400,,
3,5,,0.017687,0.075759,0.1046,0.192615,0.04507,0.21897,0.082673,0.056975,0.058712,0.146938,,2108400,,
3,3,,0.034923,0.121404,0.098389,0.254183,0.051103,0.101257,0.030644,0.090149,0.060579,0.157369,,1935100,,
3,3,,0.065439,0.126058,0.066713,0.228346,0.052856,0.118106,0.029394,0.107681,0.059405,0.146003,,1953400,,
3,3,,0.051516,0.088734,0.076512,0.239116,0.032272,0.131148,0.027064,0.079063,0.083198,0.191377,,2022100,,
3,3,,0.021613,0.103998,0.131476,0.277088,0.0296,0.112473,0.03784,0.081818,0.06668,0.137413,,2387700,,
3,1,,0.014105,0.15668,0.08976,0.151658,0.078284,0.154207,0.111661,0.055925,0.058872,0.128849,,2022500,,
3,3,,0.037125,0.105545,0.098243,0.294208,0.04697,0.115282,0.016931,0.087555,0.060077,0.138064,,1982400,,
