optdigits,CWE,test,0,NANOSECONDS,PREDICTIONS, Generated by ClassifierExperiments.java on 2022-05-16 23:02:31.    SYSTEMPROPERTIES:{user.name:matth,os.arch:amd64,os.name:Windows 10},ENDSYSTEMPROPERTIES
No parameter info
0.812223206377325,3509732700,2316758200,-1,99962648,10,,-1,-1
0,0,,0.434823,0.055747,0.028449,0.040561,0.111269,0.031027,0.115213,0.045421,0.067277,0.070212,,2208200,,
0,0,,0.420415,0.053798,0.039789,0.02579,0.106107,0.030764,0.130015,0.049699,0.071939,0.071684,,1952300,,
0,0,,0.286793,0.036135,0.034694,0.080506,0.176573,0.037552,0.169664,0.046692,0.081468,0.049922,,2689600,,
0,0,,0.414022,0.036209,0.081154,0.028173,0.067861,0.040536,0.069711,0.074667,0.122243,0.065425,,2491900,,
0,0,,0.31249,0.099762,0.090938,0.048993,0.111137,0.120847,0.029145,0.070396,0.053072,0.06322,,2424800,,
0,0,,0.231071,0.069287,0.046172,0.024074,0.161801,0.049973,0.131451,0.061314,0.098987,0.125871,,2513100,,
0,0,,0.46942,0.053119,0.03838,0.03106,0.077197,0.030992,0.051655,0.073918,0.10141,0.072848,,2240300,,
0,0,,0.621851,0.027925,0.028011,0.033362,0.053935,0.041483,0.035298,0.044686,0.037976,0.075472,,2227000,,
0,0,,0.259705,0.067274,0.130255,0.084669,0.16112,0.088365,0.02952,0.075009,0.051902,0.052182,,2547700,,
0,0,,0.376971,0.042392,0.041509,0.033063,0.114099,0.033518,0.142781,0.077043,0.07158,0.067046,,2527800,,
0,0,,0.324357,0.065584,0.071093,0.021574,0.107323,0.037489,0.07769,0.110394,0.104883,0.079612,,2415700,,
0,0,,0.424055,0.038448,0.036501,0.04003,0.107033,0.027895,0.114928,0.046099,0.10033,0.064682,,2135100,,
0,0,,0.358344,0.065176,0.036794,0.025681,0.187657,0.047529,0.118841,0.048243,0.056527,0.055208,,2003900,,
0,0,,0.387467,0.040378,0.049454,0.032933,0.109914,0.031608,0.129749,0.046312,0.09906,0.073125,,1960100,,
0,0,,0.430698,0.052155,0.024776,0.029153,0.118786,0.038472,0.112072,0.058773,0.06921,0.065904,,1942900,,
0,0,,0.40166,0.044262,0.029148,0.030264,0.128069,0.024922,0.088793,0.0704,0.107103,0.075379,,2215000,,
0,0,,0.373211,0.053128,0.028173,0.027673,0.129973,0.0304,0.142742,0.051974,0.075067,0.087658,,1934700,,
0,0,,0.448124,0.057413,0.033059,0.026518,0.065874,0.038311,0.071602,0.052526,0.105536,0.101035,,1915000,,
0,0,,0.392322,0.043169,0.034078,0.046105,0.172898,0.035948,0.085438,0.066425,0.082373,0.041244,,1935900,,
0,0,,0.455755,0.0431,0.039716,0.024437,0.09519,0.029078,0.081471,0.05054,0.110678,0.070036,,2446900,,
0,0,,0.164635,0.04035,0.152835,0.078908,0.120739,0.062822,0.139556,0.049991,0.093295,0.096869,,2246500,,
0,0,,0.5103,0.043959,0.032374,0.027932,0.078053,0.03683,0.04313,0.057312,0.079679,0.090431,,2222300,,
0,0,,0.470335,0.06341,0.036101,0.032349,0.07876,0.034483,0.047513,0.080709,0.092539,0.0638,,2498100,,
0,0,,0.463391,0.048441,0.034599,0.032642,0.06725,0.029101,0.082486,0.045077,0.105048,0.091965,,1957600,,
0,0,,0.448951,0.035078,0.034589,0.025305,0.120054,0.034035,0.109387,0.047958,0.064324,0.080319,,1934800,,
0,0,,0.402942,0.061744,0.068741,0.036931,0.090914,0.055453,0.046935,0.097457,0.074648,0.064234,,1940900,,
0,0,,0.471853,0.037847,0.035565,0.05528,0.08312,0.043535,0.046326,0.062947,0.102099,0.061427,,2102300,,
0,0,,0.320789,0.036124,0.034933,0.027276,0.194891,0.036142,0.132661,0.089486,0.060753,0.066944,,1945700,,
0,0,,0.483563,0.041968,0.047106,0.022675,0.071551,0.02378,0.082641,0.052043,0.115272,0.0594,,2049100,,
0,0,,0.468568,0.028717,0.051774,0.021676,0.074239,0.031853,0.080669,0.059601,0.103954,0.078949,,2419000,,
0,0,,0.447218,0.057001,0.053509,0.028642,0.064857,0.030978,0.10877,0.044217,0.102869,0.061939,,2971600,,
0,0,,0.432192,0.037988,0.043685,0.037801,0.155634,0.028818,0.044792,0.077984,0.097358,0.043748,,1989800,,
0,0,,0.464568,0.041103,0.039704,0.034598,0.089875,0.035933,0.084216,0.050456,0.092292,0.067255,,1961500,,
0,0,,0.436434,0.032158,0.030931,0.031185,0.17746,0.037552,0.043242,0.079019,0.079957,0.052062,,2052200,,
0,0,,0.395463,0.053451,0.046027,0.02358,0.104879,0.035087,0.111321,0.065555,0.081614,0.083023,,2287600,,
0,0,,0.510366,0.035207,0.040629,0.034609,0.077382,0.036142,0.046492,0.057683,0.088538,0.072952,,1961100,,
0,0,,0.452345,0.039353,0.029693,0.031357,0.083831,0.033277,0.079402,0.052677,0.134661,0.063405,,2534800,,
0,0,,0.342373,0.060641,0.05083,0.020182,0.105613,0.025365,0.101837,0.069512,0.106383,0.117263,,1974600,,
0,0,,0.484356,0.039521,0.037495,0.033151,0.07451,0.029049,0.093534,0.051827,0.081077,0.07548,,1932600,,
0,0,,0.336963,0.067842,0.071922,0.046553,0.128587,0.09309,0.038629,0.089311,0.068303,0.058799,,2428500,,
0,0,,0.407844,0.049225,0.031653,0.027881,0.095008,0.037299,0.087548,0.052944,0.085059,0.125539,,3040700,,
0,0,,0.428733,0.058985,0.03271,0.019148,0.101187,0.028954,0.133443,0.052219,0.062412,0.082209,,1952700,,
0,0,,0.525955,0.036322,0.031371,0.035871,0.076235,0.033573,0.047767,0.056817,0.084788,0.0713,,1942600,,
0,0,,0.474246,0.041477,0.032326,0.027958,0.087032,0.030954,0.088467,0.052967,0.088188,0.076386,,2063400,,
0,0,,0.472178,0.037335,0.043443,0.030507,0.089482,0.038585,0.055664,0.064865,0.097199,0.070742,,1948300,,
0,6,,0.220327,0.062213,0.078932,0.023206,0.113854,0.028827,0.226822,0.059217,0.087751,0.098852,,1918900,,
0,0,,0.597398,0.026166,0.035107,0.030357,0.073863,0.044159,0.035989,0.050131,0.035164,0.071666,,1944300,,
0,0,,0.339131,0.039214,0.026841,0.053301,0.158122,0.020582,0.161826,0.093213,0.056735,0.051037,,2414600,,
0,0,,0.416337,0.050261,0.046741,0.024098,0.105228,0.034229,0.090783,0.060536,0.101489,0.070298,,2159500,,
0,0,,0.409126,0.037254,0.039176,0.074432,0.078247,0.038351,0.102165,0.054199,0.121129,0.045921,,1908500,,
0,0,,0.398252,0.043099,0.038003,0.025244,0.1024,0.065524,0.058213,0.081015,0.087888,0.100362,,1902000,,
0,0,,0.427152,0.061047,0.076783,0.037948,0.077777,0.051189,0.040204,0.090839,0.070101,0.06696,,2095000,,
0,0,,0.472431,0.037247,0.050747,0.032798,0.071898,0.037749,0.085064,0.058839,0.090022,0.063205,,1910000,,
0,0,,0.355212,0.040555,0.034265,0.063528,0.115066,0.030639,0.10723,0.07621,0.113605,0.06369,,1899700,,
0,0,,0.509002,0.033886,0.03582,0.032605,0.06221,0.027742,0.085854,0.039274,0.102871,0.070735,,1896600,,
0,0,,0.571953,0.027231,0.032994,0.032868,0.062365,0.0293,0.047194,0.080613,0.03959,0.075893,,1993200,,
0,0,,0.444173,0.044182,0.045679,0.028461,0.069979,0.048875,0.097507,0.059095,0.095096,0.066953,,1926100,,
0,0,,0.449714,0.048225,0.035378,0.023119,0.100086,0.038813,0.081193,0.05289,0.097187,0.073394,,1911100,,
0,0,,0.245616,0.065315,0.034001,0.050306,0.101293,0.072396,0.120762,0.075927,0.08807,0.146314,,1915200,,
0,0,,0.450042,0.085835,0.048232,0.031738,0.073847,0.044283,0.043044,0.049129,0.090838,0.083011,,2017100,,
0,0,,0.462988,0.063467,0.039684,0.027037,0.079845,0.023472,0.098611,0.058039,0.091177,0.05568,,1916500,,
0,0,,0.431326,0.062062,0.037783,0.028677,0.0657,0.043149,0.040778,0.106603,0.108527,0.075394,,1932000,,
0,0,,0.385154,0.048205,0.064062,0.026094,0.1104,0.024767,0.135909,0.069505,0.069026,0.066877,,1916400,,
0,0,,0.440088,0.04109,0.028202,0.030034,0.103222,0.037191,0.11959,0.044902,0.049007,0.106674,,2014300,,
0,0,,0.559538,0.034557,0.028353,0.038758,0.055863,0.044527,0.045389,0.044564,0.03763,0.110823,,1916800,,
0,0,,0.407001,0.045193,0.027492,0.024979,0.11517,0.031553,0.122941,0.075934,0.082942,0.066795,,1896400,,
0,0,,0.492975,0.042132,0.039321,0.027482,0.069497,0.044094,0.051003,0.050139,0.100167,0.08319,,1913200,,
0,0,,0.486777,0.040186,0.03138,0.034954,0.094468,0.047457,0.046698,0.061706,0.091143,0.065231,,2214500,,
0,0,,0.450654,0.044167,0.040682,0.029801,0.092118,0.031883,0.110892,0.050736,0.082128,0.066939,,1979900,,
0,0,,0.430372,0.034358,0.04185,0.027961,0.100518,0.021939,0.155192,0.05246,0.074638,0.060713,,1963700,,
0,0,,0.528405,0.036283,0.026596,0.023829,0.088286,0.035829,0.040178,0.066338,0.045096,0.109161,,2101900,,
0,0,,0.590222,0.027207,0.034271,0.034642,0.06352,0.039309,0.031372,0.062438,0.045377,0.071641,,1943600,,
0,0,,0.366537,0.0534,0.073497,0.029533,0.086161,0.063779,0.056654,0.073213,0.099594,0.097634,,1946300,,
0,0,,0.305896,0.042951,0.056502,0.028753,0.147119,0.059548,0.120823,0.069566,0.070599,0.098243,,1922900,,
0,0,,0.43836,0.039459,0.075569,0.021214,0.070475,0.033586,0.095476,0.050554,0.102842,0.072468,,2056000,,
0,0,,0.510805,0.037844,0.037531,0.032095,0.08264,0.032611,0.046378,0.058046,0.09716,0.06489,,2065900,,
0,0,,0.353263,0.046394,0.040724,0.031383,0.102058,0.038866,0.127825,0.071251,0.125543,0.062693,,2494800,,
0,0,,0.488857,0.03822,0.027029,0.022885,0.070682,0.025526,0.093066,0.049236,0.125221,0.059278,,1978700,,
0,0,,0.498271,0.045027,0.031124,0.026094,0.079431,0.032709,0.051224,0.062048,0.07988,0.094194,,2831900,,
0,0,,0.595375,0.024382,0.030454,0.032288,0.055066,0.035223,0.026981,0.067051,0.052999,0.080181,,2567800,,
0,0,,0.592759,0.027392,0.028082,0.027757,0.072991,0.029518,0.043702,0.049548,0.036971,0.09128,,1947400,,
0,0,,0.425357,0.0362,0.047828,0.026814,0.116688,0.031462,0.12828,0.0506,0.066578,0.070192,,2323200,,
0,0,,0.410702,0.050388,0.02947,0.033337,0.079036,0.032214,0.114038,0.041974,0.1293,0.079541,,2237300,,
0,0,,0.375561,0.049074,0.03147,0.03322,0.120865,0.035863,0.143644,0.055083,0.075353,0.079866,,1922300,,
0,0,,0.612465,0.027737,0.032989,0.037817,0.067139,0.035943,0.035001,0.046031,0.036702,0.068175,,1901700,,
0,0,,0.429423,0.038427,0.036576,0.021648,0.108048,0.030195,0.123453,0.048593,0.070019,0.093617,,2011700,,
0,0,,0.399516,0.041295,0.057026,0.026201,0.086759,0.065015,0.087346,0.062277,0.090205,0.084359,,1991700,,
0,0,,0.470827,0.033715,0.050579,0.03153,0.086135,0.038311,0.082923,0.055685,0.087797,0.062498,,1910600,,
0,0,,0.439407,0.050882,0.053558,0.032804,0.054815,0.03445,0.099773,0.041429,0.10449,0.088391,,1903000,,
0,0,,0.446307,0.038258,0.051833,0.029145,0.079383,0.037955,0.085464,0.064314,0.093401,0.073939,,2053100,,
0,0,,0.356833,0.05328,0.061201,0.02541,0.143288,0.021372,0.155267,0.061375,0.078659,0.043314,,1942300,,
0,0,,0.501913,0.036602,0.032116,0.029279,0.075077,0.025795,0.077518,0.048268,0.107321,0.066111,,1917600,,
0,0,,0.421736,0.045993,0.03195,0.073119,0.094988,0.033493,0.122112,0.044079,0.085059,0.047471,,1934800,,
0,0,,0.411314,0.035872,0.052479,0.032998,0.075872,0.049665,0.089451,0.059277,0.134678,0.058393,,2023000,,
0,0,,0.576416,0.037102,0.037806,0.029052,0.083835,0.038229,0.036165,0.066694,0.039966,0.054736,,1917000,,
0,0,,0.440153,0.042401,0.036718,0.048875,0.088918,0.05129,0.042884,0.066768,0.095436,0.086557,,1912900,,
0,0,,0.302324,0.052012,0.059805,0.024854,0.186151,0.024279,0.146438,0.08881,0.069746,0.045582,,2004000,,
0,0,,0.430745,0.04034,0.04745,0.024574,0.097528,0.028701,0.063335,0.066158,0.145946,0.055224,,1970400,,
0,0,,0.384559,0.065436,0.049756,0.036161,0.083914,0.057423,0.058275,0.08597,0.096761,0.081744,,2147400,,
0,0,,0.457549,0.08192,0.047542,0.027716,0.067851,0.046371,0.024984,0.053385,0.120381,0.072301,,1959600,,
0,0,,0.375753,0.041325,0.037806,0.028153,0.169195,0.033013,0.143735,0.050357,0.059754,0.060909,,2127600,,
0,0,,0.428436,0.038715,0.028038,0.030665,0.116362,0.029925,0.12367,0.05814,0.080449,0.065601,,1948200,,
0,0,,0.57352,0.034807,0.057444,0.029356,0.064899,0.033396,0.04316,0.0604,0.040839,0.062179,,1952300,,
0,0,,0.348482,0.045978,0.05921,0.025364,0.12453,0.038197,0.126795,0.064394,0.078529,0.08852,,1920300,,
0,0,,0.442132,0.03716,0.034311,0.030695,0.101377,0.05771,0.058167,0.085746,0.092416,0.060284,,2030800,,
0,0,,0.394054,0.028439,0.049612,0.055783,0.124522,0.039893,0.078417,0.145549,0.030779,0.052953,,1970600,,
0,0,,0.37963,0.036466,0.034745,0.024723,0.184336,0.020084,0.131083,0.073438,0.062776,0.05272,,1993500,,
0,0,,0.447402,0.040597,0.042331,0.044864,0.096649,0.053394,0.040929,0.063596,0.091603,0.078634,,1968200,,
0,0,,0.367143,0.067098,0.071831,0.050012,0.093758,0.069516,0.051148,0.082433,0.079209,0.067852,,2126800,,
0,0,,0.416734,0.039611,0.034531,0.045479,0.104379,0.039941,0.129625,0.048493,0.062036,0.079172,,1983200,,
0,0,,0.393257,0.036059,0.036997,0.023045,0.129413,0.02799,0.141384,0.071418,0.083496,0.05694,,1972500,,
1,1,,0.050356,0.307017,0.092371,0.056071,0.087949,0.057369,0.050777,0.149589,0.104019,0.044483,,1948600,,
1,1,,0.039556,0.28312,0.078214,0.128387,0.04609,0.137667,0.028995,0.066597,0.059926,0.131447,,2030000,,
1,1,,0.029837,0.22883,0.102066,0.052241,0.053794,0.037169,0.147642,0.098628,0.210103,0.039691,,1972000,,
1,9,,0.044654,0.162991,0.084966,0.1402,0.050477,0.122975,0.041088,0.053945,0.074335,0.224368,,1994600,,
1,1,,0.033143,0.200952,0.08496,0.168982,0.041385,0.113837,0.025981,0.090655,0.079039,0.161067,,1940500,,
1,6,,0.083329,0.077231,0.147107,0.06055,0.118236,0.114046,0.232525,0.04349,0.085941,0.037543,,2574200,,
1,1,,0.025791,0.364689,0.073914,0.106345,0.054151,0.093891,0.030822,0.06346,0.088112,0.098826,,2544900,,
1,1,,0.107799,0.307943,0.070919,0.037864,0.084947,0.027451,0.08916,0.068177,0.168791,0.036947,,2517000,,
1,1,,0.041754,0.293067,0.075897,0.144495,0.085095,0.085327,0.038281,0.068131,0.074096,0.093856,,2392300,,
1,1,,0.074977,0.295423,0.06105,0.034083,0.127941,0.032412,0.15739,0.095793,0.093862,0.02707,,1931800,,
1,1,,0.023817,0.36421,0.104811,0.078964,0.100105,0.051505,0.041653,0.102537,0.090828,0.04157,,2000100,,
1,1,,0.091362,0.297888,0.068215,0.043095,0.123824,0.082924,0.145151,0.04416,0.084247,0.019133,,1921000,,
1,1,,0.038644,0.244346,0.103847,0.11978,0.101316,0.109167,0.064071,0.057823,0.070915,0.090091,,2126100,,
1,1,,0.020554,0.348488,0.078345,0.126048,0.063379,0.103013,0.022413,0.060414,0.081552,0.095794,,1941000,,
1,3,,0.017789,0.130667,0.147586,0.22318,0.046443,0.11798,0.07066,0.054286,0.07334,0.11807,,1927200,,
1,2,,0.014377,0.146703,0.150076,0.115804,0.107321,0.122197,0.070864,0.099447,0.068903,0.104306,,2092900,,
1,1,,0.086344,0.228209,0.113164,0.047407,0.068215,0.054992,0.096054,0.098541,0.171756,0.035317,,1921500,,
1,3,,0.024313,0.125214,0.136792,0.245295,0.055224,0.131082,0.050525,0.045535,0.06004,0.12598,,1986400,,
1,1,,0.028381,0.276129,0.12735,0.063661,0.132753,0.049421,0.053872,0.115177,0.091401,0.061854,,1935600,,
1,1,,0.018719,0.377109,0.075745,0.064428,0.044612,0.06413,0.05049,0.112118,0.132654,0.059996,,2045300,,
1,1,,0.109681,0.26804,0.065553,0.047056,0.076526,0.024468,0.136161,0.058143,0.188411,0.02596,,1950900,,
1,2,,0.015155,0.155908,0.166955,0.115364,0.044414,0.161129,0.080027,0.0674,0.105012,0.088637,,2008200,,
1,1,,0.037374,0.276916,0.075585,0.130328,0.059061,0.08897,0.055792,0.06218,0.074087,0.139706,,1942300,,
1,1,,0.014893,0.358858,0.096019,0.100331,0.093093,0.084521,0.039014,0.078005,0.048534,0.086733,,2132000,,
1,1,,0.06387,0.365022,0.068865,0.035093,0.1172,0.027651,0.132571,0.065784,0.103532,0.020412,,1967700,,
1,1,,0.066061,0.330127,0.090556,0.052277,0.124947,0.043584,0.046115,0.107583,0.090106,0.048644,,2024500,,
1,1,,0.028076,0.365905,0.067647,0.114979,0.049634,0.089738,0.038421,0.069814,0.097208,0.078577,,1911600,,
1,1,,0.105403,0.286721,0.073582,0.052042,0.075312,0.025189,0.091228,0.081625,0.174706,0.034192,,1998700,,
1,1,,0.065132,0.256046,0.081913,0.049927,0.152135,0.027592,0.145061,0.067383,0.119464,0.035347,,2020400,,
1,1,,0.01462,0.304491,0.124914,0.121095,0.066129,0.069717,0.057817,0.093545,0.082069,0.065603,,1938900,,
1,1,,0.067603,0.321289,0.130254,0.051091,0.069878,0.039675,0.066735,0.113387,0.115764,0.024324,,1926500,,
1,9,,0.069185,0.093149,0.059718,0.133704,0.084171,0.107415,0.077874,0.074189,0.035647,0.264949,,2100500,,
1,1,,0.107119,0.157942,0.057053,0.120835,0.107849,0.070599,0.05191,0.09716,0.102737,0.126795,,1929300,,
1,1,,0.018117,0.34913,0.120456,0.098567,0.066854,0.071077,0.058283,0.102453,0.059572,0.055491,,2004300,,
1,1,,0.020335,0.382044,0.123769,0.047381,0.05422,0.062337,0.052086,0.113529,0.067789,0.076511,,2093900,,
1,1,,0.051092,0.306025,0.112285,0.057868,0.130611,0.044377,0.06274,0.072273,0.123384,0.039345,,1970800,,
1,1,,0.064381,0.219453,0.05706,0.143022,0.067796,0.094341,0.027813,0.074563,0.048585,0.202986,,1937100,,
1,1,,0.030747,0.363011,0.156833,0.096478,0.041201,0.043983,0.060255,0.105386,0.077274,0.024832,,1926500,,
1,1,,0.100393,0.317306,0.066682,0.040454,0.060132,0.026883,0.119748,0.060955,0.159459,0.047988,,2844700,,
1,1,,0.043689,0.368772,0.082947,0.071129,0.064052,0.029275,0.043737,0.120336,0.149185,0.026878,,2745100,,
1,2,,0.03115,0.129959,0.208673,0.098302,0.041752,0.084055,0.093762,0.090328,0.167907,0.054111,,1977900,,
1,1,,0.015284,0.325874,0.079626,0.102456,0.064448,0.099151,0.02747,0.086195,0.107797,0.091699,,1923800,,
1,1,,0.015861,0.298335,0.153772,0.081317,0.079193,0.082043,0.054181,0.103236,0.069185,0.062878,,2071400,,
1,1,,0.025618,0.324138,0.132045,0.066854,0.071926,0.053398,0.057622,0.106981,0.106852,0.054567,,2035700,,
1,1,,0.074246,0.339308,0.131024,0.050704,0.04851,0.033859,0.07145,0.100676,0.124876,0.025347,,1936200,,
1,9,,0.167577,0.095212,0.043547,0.114614,0.046608,0.136866,0.037585,0.06456,0.026597,0.266835,,1906100,,
1,7,,0.0567,0.138978,0.074591,0.115548,0.076839,0.083866,0.025656,0.180854,0.093985,0.152983,,2039400,,
1,1,,0.065653,0.319258,0.087431,0.037758,0.084352,0.032397,0.064581,0.131784,0.134072,0.042715,,1951600,,
1,1,,0.071868,0.339079,0.130853,0.036555,0.066258,0.049063,0.058875,0.100764,0.11884,0.027844,,1999600,,
1,1,,0.018438,0.336753,0.075206,0.104441,0.053893,0.087005,0.050123,0.09416,0.075781,0.1042,,2142500,,
1,1,,0.049929,0.174458,0.141284,0.114605,0.039889,0.157324,0.081484,0.060634,0.056388,0.124005,,1926600,,
1,1,,0.0163,0.313734,0.13346,0.069803,0.106306,0.072139,0.038705,0.102254,0.105726,0.041575,,1925200,,
1,8,,0.076562,0.182357,0.111985,0.052266,0.114149,0.057221,0.102436,0.076948,0.199352,0.026725,,1933300,,
1,1,,0.043484,0.305598,0.088727,0.072889,0.125925,0.066785,0.037991,0.092458,0.108971,0.057173,,2021900,,
1,1,,0.059506,0.358102,0.068253,0.036869,0.108203,0.029275,0.059686,0.138842,0.115198,0.026067,,1917000,,
1,2,,0.047627,0.147357,0.151182,0.08198,0.108583,0.074185,0.095398,0.093522,0.105928,0.094239,,1931700,,
1,9,,0.065719,0.154464,0.065503,0.114704,0.142945,0.112621,0.029254,0.077541,0.032216,0.205033,,1945700,,
1,1,,0.029217,0.349273,0.108631,0.094224,0.065611,0.08725,0.092585,0.053316,0.04315,0.076744,,2106600,,
1,1,,0.022537,0.369467,0.125719,0.076054,0.048578,0.070149,0.039505,0.123222,0.086076,0.038692,,1945100,,
1,1,,0.024982,0.225286,0.092578,0.171802,0.043468,0.169897,0.034725,0.050833,0.04594,0.140489,,1946600,,
1,2,,0.014597,0.15854,0.193064,0.074657,0.093045,0.096769,0.069874,0.146642,0.078214,0.074599,,1913800,,
1,1,,0.01618,0.237555,0.14256,0.055897,0.106451,0.05981,0.058814,0.21491,0.074239,0.033584,,2052700,,
1,8,,0.091631,0.125133,0.064418,0.044807,0.144726,0.028632,0.098683,0.158564,0.167577,0.075829,,1925300,,
1,1,,0.084609,0.236805,0.09836,0.045848,0.099619,0.076686,0.100058,0.079952,0.156529,0.021533,,1934500,,
1,2,,0.041257,0.142925,0.214692,0.115686,0.049343,0.071629,0.126537,0.099268,0.102025,0.036637,,1964500,,
1,1,,0.077718,0.35741,0.111608,0.051773,0.063262,0.037301,0.071819,0.089273,0.112676,0.02716,,2098200,,
1,9,,0.054375,0.109066,0.062131,0.137139,0.120074,0.115997,0.034901,0.066638,0.045226,0.254455,,1928600,,
1,8,,0.127232,0.151196,0.106686,0.060105,0.115568,0.041598,0.087604,0.082033,0.171882,0.056095,,1930800,,
1,1,,0.106282,0.226381,0.089096,0.035006,0.087976,0.03763,0.088363,0.093984,0.192327,0.042954,,2084700,,
1,1,,0.016924,0.168148,0.148384,0.067166,0.127858,0.071501,0.087009,0.153152,0.107669,0.052187,,1944400,,
1,1,,0.018149,0.153697,0.090615,0.117422,0.140901,0.115346,0.072064,0.099592,0.061261,0.130953,,1953900,,
1,1,,0.084638,0.239365,0.043025,0.114201,0.092281,0.089264,0.047992,0.08444,0.053,0.151794,,1919500,,
1,1,,0.046402,0.31427,0.078827,0.040632,0.084581,0.027436,0.110644,0.088998,0.15411,0.054101,,2157900,,
1,1,,0.093439,0.351755,0.082488,0.038573,0.081025,0.03149,0.085704,0.092233,0.12347,0.019824,,1936700,,
1,1,,0.034916,0.259093,0.083549,0.157259,0.061416,0.096646,0.049857,0.061431,0.100703,0.095131,,1952000,,
1,1,,0.014034,0.24206,0.126115,0.120488,0.060445,0.105969,0.074164,0.090536,0.078713,0.087475,,1931000,,
1,5,,0.025401,0.117111,0.130836,0.108399,0.044868,0.177333,0.131104,0.049113,0.0912,0.124635,,2108200,,
1,2,,0.01683,0.141407,0.15784,0.157392,0.037752,0.147653,0.083168,0.047762,0.078607,0.13159,,1932900,,
1,1,,0.073159,0.308836,0.067047,0.042956,0.118491,0.02782,0.141986,0.076823,0.110803,0.032079,,1924900,,
1,2,,0.124056,0.129678,0.14684,0.030597,0.127293,0.082613,0.119628,0.070565,0.12097,0.047759,,1932900,,
1,2,,0.075316,0.144492,0.168177,0.037425,0.132348,0.056588,0.140313,0.067135,0.149931,0.028275,,2214600,,
1,1,,0.034541,0.349698,0.09525,0.114288,0.047127,0.080833,0.028347,0.071592,0.064681,0.113645,,1944600,,
1,1,,0.043783,0.318035,0.071834,0.118426,0.08439,0.092023,0.033791,0.053974,0.086765,0.096979,,1923900,,
1,9,,0.029944,0.133184,0.132596,0.119035,0.077649,0.110355,0.077614,0.083876,0.087904,0.147843,,1957600,,
1,1,,0.070715,0.202344,0.108356,0.040701,0.068079,0.075887,0.154902,0.071489,0.17088,0.036648,,2147200,,
1,1,,0.053011,0.367875,0.109681,0.034831,0.085929,0.024994,0.084035,0.101194,0.1193,0.01915,,1930100,,
1,1,,0.054011,0.374454,0.083589,0.044824,0.06872,0.058328,0.086851,0.090765,0.119308,0.01915,,1916900,,
1,1,,0.017954,0.349527,0.121175,0.066898,0.082087,0.053839,0.038705,0.126334,0.114226,0.029255,,2147200,,
1,1,,0.03797,0.228197,0.079815,0.107653,0.091451,0.077621,0.047509,0.116521,0.085305,0.127957,,2007600,,
1,1,,0.023099,0.313928,0.104255,0.112774,0.054406,0.092478,0.04375,0.10729,0.063086,0.084933,,1979700,,
1,1,,0.052835,0.286794,0.070455,0.12879,0.10574,0.089006,0.044988,0.05962,0.081307,0.080465,,1907100,,
1,6,,0.059059,0.153556,0.110304,0.060137,0.140723,0.047843,0.190959,0.062184,0.154554,0.02068,,2215100,,
1,1,,0.076113,0.31225,0.097144,0.047449,0.055987,0.03948,0.083094,0.082688,0.178959,0.026835,,2028200,,
1,2,,0.024252,0.092709,0.17426,0.093229,0.083611,0.16891,0.16094,0.052086,0.050917,0.099085,,2266100,,
1,1,,0.049808,0.398971,0.074062,0.099512,0.046063,0.08075,0.032244,0.058995,0.061453,0.098142,,1920000,,
1,1,,0.08518,0.228304,0.052619,0.041897,0.16331,0.031666,0.156768,0.060076,0.139051,0.04113,,2062500,,
1,5,,0.015976,0.115121,0.139469,0.134808,0.090057,0.152475,0.064181,0.059192,0.118736,0.109985,,2164100,,
1,1,,0.035088,0.214294,0.080248,0.173835,0.065905,0.120818,0.037023,0.069886,0.065034,0.137868,,1902700,,
1,9,,0.035498,0.153373,0.098231,0.14903,0.083504,0.10691,0.050813,0.057009,0.050012,0.215621,,2127400,,
1,1,,0.01926,0.214599,0.109477,0.108315,0.098852,0.110421,0.022965,0.096509,0.129207,0.090395,,2050600,,
1,1,,0.022823,0.321216,0.076959,0.11429,0.063241,0.082063,0.036982,0.099636,0.072377,0.110411,,1961200,,
1,1,,0.027843,0.301954,0.071226,0.159001,0.042976,0.101236,0.03931,0.061759,0.05693,0.137763,,1948600,,
1,3,,0.024237,0.147779,0.110302,0.23853,0.048222,0.153573,0.023801,0.050939,0.067893,0.134725,,2028200,,
1,1,,0.015408,0.243885,0.105939,0.120884,0.118998,0.099984,0.043277,0.079903,0.095647,0.076075,,2033700,,
1,1,,0.111015,0.185705,0.113285,0.037983,0.102332,0.058586,0.120212,0.095701,0.135094,0.040088,,2206300,,
1,1,,0.029627,0.348717,0.068863,0.116761,0.068194,0.108791,0.028548,0.055982,0.052881,0.121636,,2225500,,
1,1,,0.037497,0.221404,0.092374,0.146049,0.058582,0.122151,0.036513,0.060124,0.066666,0.158639,,2559300,,
1,1,,0.031338,0.336203,0.102941,0.101354,0.093485,0.05674,0.04156,0.072836,0.128041,0.035501,,2517200,,
1,1,,0.036285,0.234586,0.140798,0.069792,0.07926,0.062681,0.049185,0.153453,0.089841,0.084119,,2516600,,
1,1,,0.017106,0.244586,0.092346,0.135872,0.112777,0.101141,0.033457,0.114908,0.060461,0.087346,,2512700,,
1,6,,0.144013,0.079825,0.079256,0.041832,0.141322,0.085119,0.223643,0.048103,0.088671,0.068216,,2629000,,
1,1,,0.033529,0.278463,0.07514,0.137037,0.060635,0.109599,0.038745,0.055,0.056296,0.155556,,2111300,,
1,1,,0.024452,0.399131,0.089482,0.043283,0.054018,0.035967,0.086043,0.084798,0.158812,0.024015,,2066900,,
1,1,,0.065955,0.286802,0.093977,0.040656,0.075212,0.029186,0.101723,0.137778,0.136879,0.031832,,2005900,,
1,1,,0.078747,0.319317,0.091703,0.037098,0.114075,0.029952,0.149876,0.064621,0.091893,0.022718,,1937100,,
2,2,,0.013973,0.118924,0.249871,0.160196,0.045014,0.093106,0.047992,0.111117,0.066096,0.093711,,1982000,,
2,2,,0.014878,0.189342,0.217324,0.059145,0.073518,0.120187,0.049582,0.115051,0.070249,0.090725,,1914400,,
2,2,,0.070601,0.099098,0.213463,0.043226,0.095299,0.089551,0.147806,0.052272,0.149136,0.039548,,1936200,,
2,2,,0.027288,0.084409,0.194466,0.119598,0.060129,0.107936,0.049772,0.146315,0.131998,0.07809,,1932400,,
2,0,,0.240281,0.089446,0.146068,0.061541,0.043081,0.084383,0.083567,0.023127,0.158075,0.070431,,2002400,,
2,2,,0.09128,0.097093,0.253703,0.057459,0.057188,0.069485,0.095127,0.111479,0.121777,0.04541,,1941700,,
2,2,,0.033214,0.116369,0.177112,0.158948,0.040485,0.128181,0.051826,0.07471,0.098183,0.120972,,1947800,,
2,2,,0.034147,0.084467,0.258946,0.164062,0.04305,0.115029,0.044827,0.061789,0.081724,0.111958,,1913000,,
2,2,,0.021843,0.085197,0.274253,0.097643,0.053196,0.111998,0.082316,0.092521,0.103122,0.077911,,2027000,,
2,2,,0.015687,0.146476,0.192457,0.124494,0.044735,0.095986,0.07457,0.133041,0.075101,0.097454,,1939200,,
2,2,,0.018561,0.127875,0.290759,0.061257,0.075684,0.107986,0.077563,0.098025,0.090534,0.051754,,1910100,,
2,2,,0.017694,0.097387,0.223027,0.097155,0.129825,0.089053,0.108168,0.101635,0.088541,0.047516,,1918600,,
2,2,,0.078367,0.080611,0.245059,0.041983,0.062808,0.059281,0.162402,0.054757,0.15936,0.055372,,2144000,,
2,2,,0.021385,0.105138,0.228292,0.078379,0.074083,0.110392,0.080111,0.082401,0.195325,0.024494,,2141400,,
2,0,,0.184982,0.065643,0.125676,0.035603,0.073918,0.108376,0.181914,0.048932,0.145442,0.029514,,1952700,,
2,2,,0.062708,0.051931,0.240969,0.074682,0.049199,0.089701,0.129581,0.068465,0.171541,0.061222,,1924600,,
2,2,,0.023836,0.084729,0.195338,0.142772,0.107773,0.101745,0.060379,0.106233,0.092686,0.084509,,2141400,,
2,6,,0.169726,0.05311,0.128237,0.052453,0.114585,0.052809,0.244001,0.043717,0.107567,0.033794,,1933600,,
2,2,,0.066364,0.119771,0.214671,0.074421,0.083532,0.049294,0.128024,0.094543,0.132743,0.036636,,1965400,,
2,2,,0.040199,0.099935,0.194252,0.176516,0.035333,0.136483,0.023924,0.060417,0.100988,0.131954,,1936900,,
2,0,,0.205294,0.064584,0.111763,0.16485,0.053445,0.081299,0.015951,0.079597,0.048217,0.175,,2358400,,
2,2,,0.013987,0.180072,0.195839,0.118182,0.040683,0.141626,0.084079,0.077786,0.07193,0.075815,,3826100,,
2,2,,0.020666,0.06507,0.326819,0.073925,0.067981,0.05546,0.074899,0.096347,0.17429,0.044542,,3607000,,
2,1,,0.054329,0.190238,0.168811,0.08584,0.073243,0.040643,0.08221,0.121975,0.149221,0.033488,,3676700,,
2,0,,0.358702,0.046386,0.086907,0.025253,0.079105,0.038252,0.075542,0.11048,0.119925,0.059448,,1955700,,
2,2,,0.019683,0.119472,0.331688,0.047293,0.073488,0.068468,0.093545,0.102599,0.099821,0.043944,,2189600,,
2,2,,0.01455,0.176967,0.209818,0.069512,0.057712,0.093779,0.048936,0.149572,0.097217,0.081938,,1919800,,
2,2,,0.016815,0.061382,0.311273,0.093433,0.054138,0.05273,0.053276,0.126498,0.164724,0.065732,,2237700,,
2,2,,0.015819,0.120261,0.287748,0.098937,0.073983,0.093371,0.065619,0.115327,0.08617,0.042764,,1920700,,
2,2,,0.052996,0.178014,0.195852,0.072037,0.077115,0.047686,0.091384,0.112714,0.134085,0.038117,,1907900,,
2,5,,0.050975,0.087056,0.154614,0.122622,0.071798,0.158999,0.083182,0.093667,0.072062,0.105024,,1900900,,
2,2,,0.020654,0.140869,0.24998,0.154633,0.032296,0.087679,0.036356,0.096984,0.083343,0.097206,,2043300,,
2,2,,0.014822,0.138683,0.208174,0.149431,0.06575,0.10015,0.05994,0.101291,0.069396,0.092363,,1900200,,
2,2,,0.093402,0.061978,0.219294,0.072102,0.085684,0.064699,0.06478,0.069983,0.187105,0.080974,,1960100,,
2,2,,0.028713,0.083562,0.165477,0.164136,0.038497,0.118367,0.042611,0.103923,0.102915,0.1518,,1921800,,
2,2,,0.015876,0.098598,0.191115,0.146811,0.079931,0.096659,0.06632,0.128459,0.121689,0.054541,,2176100,,
2,3,,0.015701,0.127814,0.154016,0.164029,0.050249,0.097918,0.055761,0.106925,0.130918,0.096669,,2084300,,
2,6,,0.154667,0.067939,0.116176,0.068671,0.104853,0.09375,0.218954,0.037836,0.10406,0.033093,,1992100,,
2,2,,0.015383,0.1369,0.236749,0.126705,0.047066,0.089567,0.054608,0.152951,0.095764,0.044307,,2050700,,
2,2,,0.027654,0.158941,0.195639,0.126076,0.05092,0.13905,0.056194,0.067905,0.065612,0.112008,,2199100,,
2,2,,0.02205,0.138465,0.236849,0.071171,0.062603,0.112326,0.119565,0.10843,0.058568,0.069973,,1941900,,
2,2,,0.024666,0.138704,0.173683,0.14543,0.059467,0.096982,0.094798,0.072351,0.099364,0.094554,,2038900,,
2,5,,0.032993,0.082595,0.163367,0.188799,0.05556,0.189434,0.058322,0.044302,0.047488,0.13714,,2059000,,
2,2,,0.030813,0.118432,0.222385,0.114109,0.072151,0.069315,0.060325,0.142145,0.086165,0.084161,,1921700,,
2,2,,0.014732,0.073241,0.281601,0.097389,0.045744,0.078678,0.086854,0.131437,0.148158,0.042166,,1895100,,
2,2,,0.052701,0.074281,0.232605,0.110291,0.05989,0.149619,0.064959,0.094288,0.110606,0.050761,,1914400,,
2,2,,0.01841,0.096028,0.260531,0.141881,0.063901,0.09085,0.038446,0.114682,0.091778,0.083493,,2038100,,
2,2,,0.022066,0.115221,0.297321,0.082579,0.066265,0.057194,0.054677,0.140193,0.114949,0.049536,,1897000,,
2,2,,0.017984,0.196602,0.27033,0.063149,0.044261,0.063277,0.080773,0.100742,0.129285,0.033599,,1930900,,
2,2,,0.01414,0.070126,0.354591,0.061042,0.069238,0.060325,0.077793,0.11587,0.127516,0.049358,,1999700,,
2,8,,0.108827,0.116029,0.159146,0.096167,0.082935,0.052325,0.119376,0.036162,0.16297,0.066065,,2010500,,
2,2,,0.015692,0.064789,0.303368,0.098873,0.042359,0.048812,0.109141,0.101161,0.171944,0.043862,,1913500,,
2,2,,0.015213,0.133888,0.220817,0.161128,0.049595,0.099888,0.050141,0.075318,0.105038,0.088974,,1913400,,
2,2,,0.029491,0.072412,0.206497,0.174633,0.044612,0.121922,0.04059,0.077802,0.087659,0.144383,,1929600,,
2,8,,0.071378,0.088652,0.133198,0.08647,0.111364,0.055242,0.108641,0.074862,0.244957,0.025235,,2047800,,
2,2,,0.026175,0.084357,0.213235,0.159604,0.034401,0.115575,0.067481,0.081915,0.111644,0.105613,,1938500,,
2,6,,0.15719,0.06306,0.139585,0.047267,0.06901,0.081322,0.238561,0.031247,0.142803,0.029954,,1905500,,
2,3,,0.032741,0.109752,0.127887,0.165821,0.04901,0.164477,0.053982,0.072863,0.105545,0.117923,,2131900,,
2,8,,0.044544,0.139583,0.150391,0.097582,0.050139,0.02858,0.082325,0.068476,0.259592,0.078788,,2172200,,
2,2,,0.016034,0.133403,0.276085,0.080181,0.054635,0.101657,0.038833,0.133797,0.08644,0.078934,,1960100,,
2,2,,0.01579,0.170478,0.293204,0.068709,0.069225,0.067992,0.045825,0.138548,0.072359,0.05787,,1948700,,
2,1,,0.014912,0.234644,0.219072,0.074248,0.076458,0.076223,0.048524,0.12649,0.0727,0.05673,,1936700,,
2,2,,0.018657,0.103674,0.272063,0.063869,0.16197,0.098666,0.094559,0.068366,0.077522,0.040654,,2367700,,
2,2,,0.013973,0.095233,0.270783,0.118066,0.043946,0.188101,0.060196,0.053267,0.070239,0.086197,,2230600,,
2,2,,0.100589,0.065996,0.253943,0.049412,0.088462,0.064195,0.132848,0.051538,0.134099,0.058918,,1948100,,
2,2,,0.015609,0.087913,0.266914,0.115053,0.072152,0.089002,0.061051,0.129138,0.120148,0.043021,,2104200,,
2,3,,0.055274,0.075706,0.158979,0.273096,0.053015,0.151915,0.02666,0.043275,0.047127,0.114953,,1956400,,
2,2,,0.014723,0.128877,0.272147,0.063784,0.05598,0.119671,0.094264,0.106582,0.057047,0.086927,,2071700,,
2,2,,0.021136,0.134062,0.229432,0.071281,0.090568,0.093303,0.095568,0.11114,0.116993,0.036517,,2044900,,
2,2,,0.101618,0.0681,0.194427,0.090652,0.112686,0.036427,0.086563,0.095656,0.175085,0.038786,,2201500,,
2,2,,0.034138,0.145663,0.268312,0.085335,0.054659,0.048116,0.037344,0.174092,0.112327,0.040013,,2001600,,
2,5,,0.048536,0.126444,0.140335,0.067771,0.103731,0.154571,0.058356,0.119518,0.127068,0.053672,,2022900,,
2,8,,0.063561,0.091503,0.180784,0.115988,0.063291,0.054914,0.090051,0.077624,0.221258,0.041026,,3103000,,
2,2,,0.135286,0.062714,0.223405,0.100426,0.065241,0.069546,0.061405,0.057411,0.14574,0.078825,,3886700,,
2,2,,0.098915,0.095154,0.234516,0.06447,0.118897,0.073629,0.071317,0.055812,0.137604,0.049687,,3557100,,
2,8,,0.092131,0.060364,0.178735,0.073147,0.090447,0.037147,0.166588,0.088529,0.186684,0.026226,,3962000,,
2,8,,0.038243,0.103582,0.151519,0.121023,0.045751,0.072422,0.072034,0.073499,0.253713,0.068213,,3108100,,
2,3,,0.079644,0.068205,0.094159,0.159124,0.068582,0.153076,0.065445,0.064044,0.093177,0.154544,,1978300,,
2,2,,0.01455,0.144356,0.340893,0.058557,0.052668,0.061488,0.073269,0.108728,0.086592,0.058901,,1948600,,
2,2,,0.013987,0.10332,0.210818,0.149586,0.039484,0.097177,0.093999,0.110404,0.076785,0.104439,,1937200,,
2,2,,0.019233,0.149423,0.180687,0.124696,0.052889,0.094233,0.05452,0.102162,0.123424,0.098732,,2402700,,
2,2,,0.049087,0.067818,0.1902,0.135248,0.08871,0.075746,0.027643,0.103985,0.132892,0.128672,,2279200,,
2,2,,0.104472,0.098635,0.221033,0.054117,0.068277,0.069866,0.116884,0.091588,0.125125,0.050004,,2242600,,
2,8,,0.064137,0.147294,0.139641,0.112691,0.06402,0.053584,0.077727,0.142278,0.173424,0.025203,,2543400,,
2,2,,0.017934,0.131255,0.256763,0.088781,0.079244,0.046857,0.081098,0.100522,0.146215,0.051333,,2250900,,
2,2,,0.025215,0.0981,0.284077,0.076802,0.149328,0.03876,0.03629,0.172509,0.091476,0.027444,,2278700,,
2,9,,0.209247,0.067312,0.041288,0.1219,0.080257,0.102152,0.014851,0.092278,0.029743,0.240971,,2256900,,
2,6,,0.068903,0.112852,0.100463,0.086571,0.062835,0.059521,0.247851,0.066858,0.146531,0.047614,,2324600,,
2,2,,0.029713,0.16732,0.209638,0.155624,0.048281,0.087872,0.064132,0.082539,0.074382,0.0805,,2298600,,
2,2,,0.013987,0.151786,0.183715,0.146428,0.047857,0.120804,0.040298,0.111358,0.084779,0.098987,,2267400,,
2,6,,0.204122,0.058844,0.092534,0.080591,0.113847,0.080888,0.208487,0.030335,0.092985,0.037366,,2330300,,
2,8,,0.084979,0.141374,0.138774,0.059833,0.113729,0.109167,0.102396,0.05704,0.168428,0.02428,,2260800,,
2,2,,0.014606,0.211575,0.228421,0.054857,0.079103,0.071146,0.084968,0.148982,0.050955,0.055387,,2302400,,
2,2,,0.029658,0.089467,0.163567,0.15049,0.047115,0.110789,0.053939,0.140672,0.117572,0.09673,,2288700,,
2,4,,0.08802,0.078974,0.11949,0.046505,0.199329,0.04231,0.147953,0.096949,0.117586,0.062883,,2332200,,
2,2,,0.018273,0.086509,0.242434,0.161824,0.045228,0.080956,0.047949,0.097177,0.104892,0.114758,,2172000,,
2,5,,0.033584,0.087922,0.130209,0.119114,0.088148,0.185121,0.050704,0.082916,0.087599,0.134684,,2222700,,
2,3,,0.015278,0.106604,0.200944,0.209531,0.05814,0.088113,0.052039,0.088446,0.092532,0.088373,,2254300,,
2,2,,0.02414,0.090569,0.207447,0.134532,0.045516,0.11713,0.075024,0.083385,0.085147,0.13711,,2166300,,
2,2,,0.016229,0.14969,0.214204,0.137862,0.083532,0.102529,0.041563,0.120369,0.08856,0.045462,,1952200,,
2,2,,0.031492,0.074907,0.186422,0.158879,0.043478,0.138117,0.048459,0.076852,0.09929,0.142104,,1939900,,
2,2,,0.01455,0.164804,0.282099,0.097109,0.049979,0.075833,0.037231,0.158584,0.053679,0.066131,,2026300,,
2,2,,0.087756,0.068537,0.230212,0.062627,0.05137,0.053493,0.221056,0.034945,0.157003,0.033002,,1991200,,
2,2,,0.015278,0.125134,0.214102,0.141922,0.049599,0.087481,0.06506,0.117437,0.10172,0.082267,,2160200,,
2,2,,0.015858,0.121522,0.288176,0.092618,0.060788,0.083672,0.066136,0.113921,0.08274,0.07457,,1996700,,
2,2,,0.015975,0.166085,0.20839,0.106889,0.049732,0.10239,0.045452,0.142091,0.082781,0.080214,,1948800,,
2,1,,0.023468,0.217469,0.207883,0.073543,0.060881,0.073449,0.047085,0.112059,0.124169,0.059996,,1984800,,
2,2,,0.085286,0.064233,0.326385,0.051099,0.034379,0.05998,0.119791,0.030782,0.17655,0.051516,,2206300,,
2,2,,0.013973,0.093864,0.21494,0.191631,0.058894,0.095717,0.085178,0.061826,0.101685,0.082292,,1946700,,
2,9,,0.187574,0.097761,0.05251,0.146632,0.073156,0.092604,0.038194,0.058614,0.045544,0.207411,,2118700,,
2,2,,0.097592,0.183961,0.20614,0.067537,0.067002,0.076999,0.056301,0.075958,0.127614,0.040896,,1983100,,
2,1,,0.018666,0.232534,0.195597,0.098859,0.084731,0.053548,0.042859,0.116687,0.103023,0.053496,,1952600,,
3,2,,0.061087,0.158335,0.203334,0.099632,0.073203,0.051896,0.073746,0.065076,0.169611,0.044081,,2132100,,
3,3,,0.030307,0.068416,0.174475,0.240431,0.046912,0.098215,0.033248,0.111505,0.080886,0.115604,,2129200,,
3,3,,0.015244,0.127889,0.117015,0.212064,0.051398,0.152356,0.064501,0.047964,0.093444,0.118125,,1932000,,
3,2,,0.021723,0.1214,0.181495,0.176069,0.060322,0.087269,0.037538,0.105032,0.103224,0.105927,,1930100,,
3,8,,0.135319,0.080732,0.098862,0.174587,0.038568,0.084989,0.038761,0.033624,0.176504,0.138055,,1995500,,
3,3,,0.036543,0.107954,0.107432,0.241927,0.037921,0.107336,0.023231,0.124549,0.109442,0.103665,,2304500,,
3,3,,0.014985,0.115541,0.125058,0.219956,0.061183,0.144705,0.049666,0.111266,0.063363,0.094278,,2062600,,
3,9,,0.032909,0.068989,0.056883,0.250628,0.036475,0.133529,0.030773,0.050075,0.047978,0.291761,,2372600,,
3,3,,0.034524,0.069974,0.086001,0.374177,0.051781,0.1046,0.032371,0.045875,0.048247,0.15245,,1946300,,
3,2,,0.022306,0.094884,0.156099,0.114163,0.051369,0.131235,0.118604,0.109585,0.11635,0.085405,,2155000,,
3,9,,0.05066,0.066951,0.09878,0.173666,0.086259,0.087005,0.024674,0.118172,0.098768,0.195066,,1946000,,
3,3,,0.015817,0.102155,0.13777,0.193026,0.057755,0.130519,0.093359,0.086506,0.062731,0.120362,,1929300,,
3,3,,0.018026,0.093893,0.127891,0.225414,0.047814,0.155059,0.076601,0.048174,0.063893,0.143234,,1941000,,
3,3,,0.028166,0.074862,0.094034,0.326169,0.033199,0.122519,0.024335,0.065836,0.082653,0.148227,,2133700,,
3,3,,0.0291,0.072253,0.098389,0.266814,0.042848,0.129042,0.023557,0.044453,0.073598,0.219945,,2060000,,
3,2,,0.02911,0.084617,0.207542,0.201557,0.04332,0.113383,0.03306,0.092543,0.064014,0.130854,,2016900,,
3,3,,0.030037,0.083162,0.07786,0.298502,0.040763,0.119108,0.030326,0.057228,0.054804,0.20821,,1932900,,
3,3,,0.028044,0.076305,0.073025,0.250037,0.036023,0.160156,0.024577,0.051443,0.065398,0.234991,,1928900,,
3,3,,0.027593,0.097836,0.108543,0.273663,0.042881,0.129058,0.074264,0.06763,0.064772,0.113758,,2104900,,
3,3,,0.034987,0.093295,0.157247,0.247034,0.034537,0.102494,0.033598,0.070641,0.095405,0.130762,,1938800,,
3,3,,0.023101,0.127864,0.078984,0.278144,0.035219,0.114598,0.045556,0.069467,0.08539,0.141679,,1981100,,
3,3,,0.023288,0.089266,0.083673,0.286807,0.042942,0.118998,0.03429,0.096591,0.10103,0.123114,,1930600,,
3,3,,0.038145,0.143488,0.129712,0.185649,0.03782,0.105511,0.034885,0.058621,0.115593,0.150577,,2449800,,
3,3,,0.026437,0.160608,0.085477,0.228501,0.064453,0.113893,0.024539,0.111149,0.065904,0.119039,,1935100,,
3,1,,0.040893,0.159288,0.099738,0.151012,0.044433,0.078267,0.053166,0.120132,0.123533,0.129538,,2280900,,
3,3,,0.02994,0.087883,0.112221,0.223152,0.060948,0.167144,0.037021,0.060192,0.058491,0.163008,,2983600,,
3,3,,0.036407,0.068292,0.087337,0.313087,0.040002,0.112262,0.039015,0.056572,0.056779,0.190247,,2192400,,
3,3,,0.020079,0.109037,0.163298,0.251037,0.040523,0.134978,0.065593,0.049985,0.054026,0.111445,,1951700,,
3,3,,0.030035,0.11007,0.098617,0.274434,0.035384,0.098775,0.037426,0.093055,0.09476,0.127445,,1970500,,
3,3,,0.021029,0.085655,0.105316,0.277059,0.053752,0.135481,0.035635,0.054862,0.091452,0.139761,,2063200,,
3,3,,0.029153,0.082254,0.100405,0.282671,0.036285,0.111573,0.031495,0.065263,0.076874,0.184028,,2272500,,
3,3,,0.032517,0.087107,0.087563,0.285086,0.043521,0.122731,0.042973,0.089011,0.090684,0.118806,,2742100,,
3,7,,0.024772,0.114118,0.168292,0.072249,0.082854,0.066607,0.041386,0.235768,0.134325,0.059627,,2093200,,
3,7,,0.038844,0.074206,0.08425,0.162522,0.065566,0.131742,0.037041,0.184063,0.054619,0.167147,,1994300,,
3,3,,0.033701,0.0773,0.077423,0.271689,0.033957,0.14068,0.029621,0.06404,0.069375,0.202214,,2032700,,
3,2,,0.04133,0.072028,0.183123,0.157386,0.067576,0.12688,0.081713,0.087065,0.068779,0.114117,,1929400,,
3,3,,0.044918,0.099317,0.125212,0.227349,0.035266,0.10973,0.034138,0.107807,0.082568,0.133695,,1940800,,
3,3,,0.031295,0.098444,0.090347,0.318402,0.054736,0.124731,0.028126,0.068736,0.046562,0.13862,,2036800,,
3,3,,0.037921,0.064348,0.131073,0.238485,0.0659,0.069248,0.047892,0.094436,0.126968,0.123731,,1940100,,
3,3,,0.02232,0.090539,0.10758,0.263522,0.04285,0.125117,0.055014,0.074643,0.083802,0.134613,,2051900,,
