molecular-splice,CWE,test,0,NANOSECONDS,PREDICTIONS, Generated by ClassifierExperiments.java on 2022-05-16 18:38:18.    SYSTEMPROPERTIES:{user.name:matth,os.arch:amd64,os.name:Windows 10},ENDSYSTEMPROPERTIES
No parameter info
0.7323943661971831,2126205600,1701910300,-1,95043856,3,,-1,-1
0,0,,0.624626,0.240967,0.134407,,2812100,,
0,2,,0.138022,0,0.861978,,2521100,,
0,0,,0.525619,0.165485,0.308896,,2481300,,
0,0,,0.539636,0.198183,0.262181,,2581000,,
0,0,,0.671956,0.189811,0.138233,,2446800,,
0,0,,0.705745,0.150513,0.143742,,2460100,,
0,0,,0.547104,0.211951,0.240945,,2673200,,
0,0,,0.453923,0.287752,0.258325,,2438600,,
0,2,,0.093025,0,0.906975,,2428700,,
0,0,,0.741367,0.144447,0.114186,,2670500,,
0,0,,0.557635,0.235316,0.207049,,2514800,,
0,0,,0.498856,0.205972,0.295172,,2485300,,
0,0,,0.737649,0.118704,0.143646,,2694000,,
0,0,,0.697649,0.158704,0.143646,,2576000,,
0,1,,0.277086,0.623965,0.098949,,2884800,,
0,2,,0.122624,0,0.877376,,2481500,,
0,2,,0.219767,0,0.780233,,2682200,,
0,1,,0.319859,0.484786,0.195355,,2740300,,
0,0,,0.511367,0.258832,0.2298,,2691300,,
0,2,,0.035382,0,0.964618,,2806600,,
0,1,,0.324804,0.560607,0.114589,,2626800,,
0,2,,0.180879,0,0.819121,,2655300,,
0,2,,0.314175,0.342684,0.343141,,3145600,,
0,0,,0.588005,0.180704,0.231291,,2641800,,
0,0,,0.609062,0.250642,0.140295,,2656500,,
0,0,,0.57068,0.114753,0.314567,,2479900,,
0,1,,0.303528,0.441674,0.254798,,2488400,,
0,0,,0.556648,0.24931,0.194042,,3122400,,
0,0,,0.632513,0.205522,0.161965,,2686600,,
0,2,,0.129443,0.000372,0.870184,,2712200,,
0,0,,0.705851,0.170353,0.123796,,2459800,,
0,0,,0.567447,0.265689,0.166864,,2497200,,
0,1,,0.347167,0.478288,0.174545,,2506100,,
0,0,,0.773555,0.102458,0.123987,,2539400,,
0,0,,0.568298,0.175364,0.256338,,2537500,,
0,0,,0.56975,0.257792,0.172457,,2571900,,
0,2,,0.274944,0,0.725056,,2673600,,
0,0,,0.593583,0.311645,0.094772,,2547800,,
0,2,,0.094944,0,0.905056,,2455100,,
0,0,,0.577505,0.213842,0.208653,,2522300,,
0,0,,0.734214,0.108218,0.157568,,2574700,,
0,0,,0.773555,0.102458,0.123987,,2521600,,
0,0,,0.689127,0.224928,0.085945,,2642500,,
0,2,,0.138022,0,0.861978,,2655000,,
0,0,,0.654481,0.250959,0.09456,,2455300,,
0,0,,0.654481,0.250959,0.09456,,2593900,,
0,0,,0.559578,0.271422,0.169,,2512900,,
0,2,,0.293025,0,0.706975,,2434700,,
0,1,,0.414467,0.501707,0.083826,,2827600,,
0,2,,0.242624,0,0.757376,,2894300,,
0,0,,0.687596,0.18685,0.125554,,2822000,,
0,0,,0.64142,0.191237,0.167343,,2705100,,
0,2,,0.293025,0,0.706975,,2476500,,
0,0,,0.60254,0.288313,0.109147,,2456700,,
0,0,,0.364113,0.31071,0.325177,,4085000,,
0,0,,0.632872,0.128172,0.238956,,3504900,,
0,1,,0.278087,0.451237,0.270676,,2870100,,
0,0,,0.773555,0.102458,0.123987,,2850000,,
0,0,,0.551418,0.17093,0.277652,,2884200,,
0,0,,0.57398,0.114753,0.311267,,2904200,,
0,1,,0.22351,0.522546,0.253944,,2494200,,
0,0,,0.490794,0.310084,0.199122,,2486000,,
0,0,,0.677237,0.158546,0.164217,,2548700,,
0,0,,0.752586,0.153886,0.093527,,2484700,,
0,1,,0.336261,0.452013,0.211726,,2491400,,
0,0,,0.572246,0.133968,0.293785,,2559600,,
0,0,,0.568897,0.295237,0.135867,,2529100,,
0,0,,0.476152,0.271246,0.252602,,2481700,,
0,2,,0.219767,0,0.780233,,2615000,,
0,0,,0.547104,0.211951,0.240945,,2520400,,
0,2,,0.31642,0.321951,0.361629,,2472000,,
0,0,,0.483001,0.269315,0.247683,,2810400,,
0,0,,0.564655,0.120784,0.314561,,2911200,,
0,0,,0.473528,0.366436,0.160036,,2919400,,
0,0,,0.692513,0.125522,0.181965,,3017100,,
0,2,,0.354882,0.160962,0.484156,,2811000,,
0,1,,0.400138,0.520193,0.079668,,2892400,,
0,0,,0.709018,0.148055,0.142927,,2872300,,
0,2,,0.035382,0,0.964618,,2817700,,
0,0,,0.687274,0.161354,0.151372,,2846000,,
0,0,,0.480825,0.274092,0.245083,,2890200,,
0,1,,0.071482,0.508566,0.419952,,3159800,,
0,2,,0.180879,0,0.819121,,2787200,,
0,0,,0.468613,0.13193,0.399457,,2910200,,
0,0,,0.752558,0.122341,0.125101,,2852400,,
0,0,,0.769433,0.126902,0.103665,,2860100,,
0,0,,0.687596,0.18685,0.125554,,2821900,,
0,0,,0.464577,0.311717,0.223706,,2872100,,
0,2,,0.389408,0.166676,0.443916,,2960200,,
0,0,,0.63634,0.264203,0.099457,,2853000,,
0,0,,0.616965,0.175364,0.207671,,2878300,,
0,2,,0.219767,0,0.780233,,2843300,,
0,0,,0.557237,0.158546,0.284217,,2775600,,
0,1,,0.055482,0.824376,0.120142,,2482800,,
0,2,,0.117588,0.000602,0.88181,,2584600,,
0,0,,0.440802,0.238227,0.320972,,2481700,,
0,1,,0.055482,0.824376,0.120142,,2485800,,
0,0,,0.611054,0.27702,0.111926,,2448300,,
0,0,,0.662393,0.116739,0.220868,,2755900,,
0,0,,0.629779,0.109448,0.260774,,2549700,,
0,0,,0.689127,0.224928,0.085945,,2479700,,
0,0,,0.429657,0.227389,0.342954,,2664100,,
0,1,,0.282562,0.39269,0.324748,,2490400,,
0,1,,0.42443,0.442786,0.132784,,2447200,,
0,0,,0.727864,0.192222,0.079914,,2584100,,
0,0,,0.468612,0.142665,0.388723,,2470300,,
0,1,,0.238983,0.647648,0.11337,,2515000,,
0,2,,0.421271,0.136571,0.442158,,2471300,,
0,0,,0.395197,0.302545,0.302258,,2534900,,
0,2,,0.2775,0.001164,0.721336,,2478600,,
0,0,,0.671911,0.199825,0.128264,,2461500,,
0,0,,0.664005,0.179704,0.156291,,2533900,,
0,0,,0.578853,0.182453,0.238694,,2505500,,
0,2,,0.113958,0.007237,0.878805,,2494100,,
0,0,,0.693493,0.105439,0.201068,,2503200,,
0,0,,0.541957,0.108967,0.349076,,2513400,,
0,0,,0.636412,0.102458,0.26113,,2478300,,
0,0,,0.767503,0.139858,0.092639,,2447800,,
0,0,,0.602138,0.182557,0.215305,,3035500,,
0,2,,0.361549,0.174295,0.464156,,2834600,,
0,0,,0.617737,0.11723,0.265034,,2921200,,
0,0,,0.60254,0.288313,0.109147,,2497100,,
0,0,,0.699626,0.180967,0.119407,,2473200,,
0,0,,0.752558,0.122341,0.125101,,2611200,,
0,0,,0.59025,0.321645,0.088105,,2472200,,
0,0,,0.589488,0.215394,0.195118,,2507400,,
0,0,,0.469252,0.411515,0.119233,,2500600,,
0,0,,0.678507,0.163094,0.1584,,2490900,,
0,0,,0.705745,0.150513,0.143742,,2715900,,
0,1,,0.186482,0.415279,0.398238,,2559800,,
0,1,,0.099409,0.452503,0.448088,,2800100,,
0,2,,0.219767,0,0.780233,,2960900,,
0,0,,0.691122,0.170856,0.138022,,2885500,,
0,2,,0.16526,0.000592,0.834148,,2875900,,
0,0,,0.76419,0.14038,0.09543,,2868800,,
0,2,,0.23273,0.001164,0.766105,,2917700,,
0,1,,0.315918,0.598321,0.08576,,2899000,,
0,2,,0.084294,0.000592,0.915114,,2514800,,
0,0,,0.344766,0.321527,0.333707,,2545600,,
0,2,,0.259767,0,0.740233,,2474000,,
0,2,,0.294499,0,0.705501,,2490700,,
0,0,,0.541037,0.176605,0.282358,,2825000,,
0,1,,0.091482,0.759233,0.149285,,2841400,,
0,0,,0.767503,0.139858,0.092639,,2928000,,
0,0,,0.773555,0.102458,0.123987,,2845200,,
0,1,,0.298135,0.503665,0.1982,,2859100,,
0,2,,0.035382,0,0.964618,,2915800,,
0,2,,0.107103,0.00102,0.891877,,2906000,,
0,2,,0.094944,0,0.905056,,2841600,,
0,2,,0.336351,0.151951,0.511698,,2881100,,
0,0,,0.66053,0.149555,0.189914,,2885600,,
0,1,,0.075918,0.776194,0.147887,,2893000,,
0,2,,0.16526,0.000592,0.834148,,2987400,,
0,2,,0.318086,0.223563,0.458351,,2863400,,
1,1,,0.068339,0.802947,0.128714,,2821200,,
1,1,,0.059668,0.733001,0.207332,,2920300,,
1,1,,0.055482,0.849051,0.095467,,2872200,,
1,1,,0.055482,0.675415,0.269103,,2844200,,
1,0,,0.519578,0.331422,0.149,,3011200,,
1,1,,0.343336,0.54259,0.114074,,2860100,,
1,1,,0.287976,0.434555,0.277469,,2898100,,
1,1,,0.075918,0.780768,0.143313,,2913200,,
1,1,,0.31025,0.601645,0.088105,,2917700,,
1,1,,0.091482,0.759233,0.149285,,2884000,,
1,1,,0.055482,0.824376,0.120142,,2913200,,
1,1,,0.059668,0.733001,0.207332,,2876000,,
1,1,,0.359986,0.534498,0.105516,,2907200,,
1,1,,0.277923,0.562937,0.15914,,3160200,,
1,1,,0.055482,0.824376,0.120142,,2606100,,
1,1,,0.054318,0.572851,0.372831,,2672100,,
1,1,,0.055482,0.824376,0.120142,,2487500,,
1,0,,0.378463,0.316228,0.305309,,2459900,,
1,1,,0.059668,0.742883,0.197449,,2628300,,
1,1,,0.058022,0.82348,0.118498,,2560900,,
1,0,,0.53385,0.323866,0.142284,,3261700,,
1,1,,0.054318,0.746142,0.19954,,2492900,,
1,1,,0.383943,0.515695,0.100362,,2474900,,
1,1,,0.131658,0.774894,0.093448,,2467800,,
1,0,,0.43225,0.38413,0.18362,,2452100,,
1,1,,0.240379,0.651089,0.108532,,2633300,,
1,0,,0.62377,0.262189,0.114041,,2429600,,
1,1,,0.070318,0.54521,0.384471,,2456400,,
1,1,,0.054318,0.702781,0.242901,,2548000,,
1,1,,0.185176,0.659136,0.155688,,2436000,,
1,1,,0.293623,0.625841,0.080537,,2439800,,
1,0,,0.475399,0.372808,0.151794,,3863000,,
1,2,,0.055482,0.347233,0.597285,,3386800,,
1,0,,0.522743,0.257396,0.219861,,2560800,,
1,1,,0.258545,0.644742,0.096713,,2901000,,
1,2,,0.065382,0,0.934618,,2813800,,
1,2,,0.091482,0.219233,0.689285,,3164100,,
1,1,,0.055482,0.849051,0.095467,,2456800,,
1,1,,0.288774,0.626476,0.08475,,2500400,,
1,1,,0.37142,0.531237,0.097343,,2858700,,
1,1,,0.059668,0.718883,0.221449,,2868400,,
1,0,,0.511072,0.245982,0.242947,,2887500,,
1,0,,0.444637,0.310197,0.245166,,2907200,,
1,1,,0.054318,0.698049,0.247633,,2870300,,
1,0,,0.45664,0.305847,0.237513,,2839200,,
1,1,,0.055482,0.819051,0.125467,,2890000,,
1,1,,0.055482,0.824376,0.120142,,2885700,,
1,1,,0.059668,0.742883,0.197449,,2897200,,
1,1,,0.311528,0.548812,0.13966,,3325200,,
1,1,,0.055482,0.849051,0.095467,,2848100,,
1,1,,0.16586,0.748181,0.085959,,2637600,,
1,1,,0.318159,0.581766,0.100075,,2557000,,
1,0,,0.430875,0.312959,0.256166,,2484100,,
1,0,,0.469633,0.434801,0.095566,,2655900,,
1,1,,0.055482,0.824376,0.120142,,2590900,,
1,0,,0.447762,0.338553,0.213685,,2467400,,
1,1,,0.14534,0.693904,0.160757,,2652100,,
1,1,,0.092176,0.762784,0.145041,,2543300,,
1,1,,0.054318,0.588419,0.357262,,2491800,,
1,0,,0.357982,0.316073,0.325946,,2732000,,
1,1,,0.329314,0.571054,0.099632,,2469000,,
1,1,,0.055482,0.785415,0.159103,,2414300,,
1,1,,0.068339,0.802947,0.128714,,2608600,,
1,1,,0.059668,0.733001,0.207332,,2444700,,
1,1,,0.175918,0.725086,0.098996,,2620200,,
1,2,,0.055482,0.467233,0.477285,,2667600,,
1,1,,0.055482,0.824376,0.120142,,2474400,,
1,1,,0.054318,0.777291,0.168391,,2551700,,
1,2,,0.055482,0.257233,0.687285,,2460000,,
1,1,,0.349455,0.352645,0.2979,,2524100,,
1,1,,0.173528,0.713102,0.11337,,2617100,,
1,0,,0.517158,0.395773,0.087069,,2551400,,
1,1,,0.138339,0.694376,0.167285,,2426600,,
1,1,,0.380334,0.487186,0.132479,,2612900,,
1,1,,0.154291,0.721779,0.12393,,2440100,,
1,1,,0.060812,0.823412,0.115776,,2451900,,
1,1,,0.092176,0.659784,0.248041,,2525400,,
1,1,,0.055482,0.849051,0.095467,,2551000,,
1,1,,0.075918,0.781526,0.142555,,2444900,,
1,1,,0.44442,0.472237,0.083343,,2481500,,
1,1,,0.055482,0.849051,0.095467,,2518600,,
1,1,,0.173583,0.744965,0.081452,,2486300,,
1,1,,0.18597,0.712777,0.101252,,2423600,,
1,1,,0.095812,0.765375,0.138813,,2664000,,
1,1,,0.198983,0.676219,0.124798,,2553300,,
1,1,,0.124318,0.514464,0.361217,,2481700,,
1,1,,0.213313,0.682189,0.104498,,2430500,,
1,1,,0.061658,0.681336,0.257006,,2597700,,
1,0,,0.68442,0.131094,0.184486,,2462500,,
1,1,,0.062318,0.791855,0.145826,,3052700,,
1,2,,0.275098,0.355891,0.369011,,5000900,,
1,0,,0.677237,0.158546,0.164217,,4481300,,
1,1,,0.062318,0.791855,0.145826,,2515700,,
1,1,,0.059668,0.733001,0.207332,,2464500,,
1,1,,0.251278,0.444022,0.3047,,2525900,,
1,0,,0.523149,0.328365,0.148486,,2539600,,
1,1,,0.425459,0.452522,0.122018,,2475700,,
1,1,,0.061658,0.827413,0.110929,,2460400,,
1,1,,0.173583,0.744965,0.081452,,2495200,,
1,1,,0.343336,0.54259,0.114074,,2491700,,
1,1,,0.055482,0.824376,0.120142,,3439600,,
1,1,,0.057176,0.831548,0.111276,,3317500,,
1,1,,0.156513,0.748001,0.095486,,2873600,,
1,0,,0.469551,0.372577,0.157872,,3011700,,
1,1,,0.345649,0.496219,0.158131,,2862200,,
1,1,,0.2586,0.626924,0.114477,,2853500,,
1,1,,0.054318,0.775641,0.170041,,3005200,,
1,1,,0.250229,0.654793,0.094979,,2880000,,
1,0,,0.49285,0.427014,0.080137,,2851600,,
1,1,,0.183313,0.742189,0.074498,,2588200,,
1,1,,0.057176,0.841466,0.101358,,2505400,,
1,1,,0.054318,0.659498,0.286184,,2611100,,
1,2,,0.283362,0.218747,0.49789,,2495600,,
1,1,,0.055482,0.849051,0.095467,,2995200,,
1,0,,0.444637,0.310197,0.245166,,2846500,,
1,1,,0.150942,0.580454,0.268604,,2734400,,
1,0,,0.423559,0.201411,0.37503,,2504300,,
1,2,,0.307855,0.207384,0.484761,,2471700,,
1,1,,0.055482,0.849051,0.095467,,2526400,,
1,1,,0.054318,0.786142,0.15954,,2495300,,
1,1,,0.054318,0.778049,0.167633,,2430600,,
1,1,,0.294899,0.612605,0.092497,,2607900,,
1,1,,0.068339,0.584947,0.346714,,2448600,,
1,2,,0.054318,0.403983,0.541698,,2562000,,
1,1,,0.173528,0.713102,0.11337,,2558700,,
1,1,,0.055482,0.785415,0.159103,,2467900,,
1,1,,0.059668,0.742883,0.197449,,2506200,,
1,1,,0.081196,0.815805,0.102999,,2517900,,
1,1,,0.055482,0.824376,0.120142,,2530900,,
1,1,,0.172199,0.65751,0.170291,,2580100,,
1,1,,0.075652,0.702808,0.22154,,2480800,,
1,1,,0.287944,0.438189,0.273867,,2508000,,
1,0,,0.52294,0.365333,0.111726,,2460100,,
1,0,,0.419915,0.3386,0.241485,,2482900,,
1,0,,0.594112,0.264257,0.141631,,2535900,,
1,1,,0.195918,0.705086,0.098996,,2545800,,
1,1,,0.055482,0.849051,0.095467,,2467300,,
1,1,,0.315918,0.448321,0.23576,,2502200,,
1,1,,0.076022,0.545803,0.378175,,2471700,,
1,1,,0.081196,0.815805,0.102999,,2526200,,
1,1,,0.054318,0.755042,0.19064,,2428100,,
1,2,,0.307855,0.207384,0.484761,,2571000,,
1,1,,0.068339,0.584947,0.346714,,2583800,,
1,1,,0.054318,0.549652,0.396029,,2468700,,
1,0,,0.660735,0.211143,0.128121,,2470000,,
1,1,,0.265545,0.603466,0.130989,,2513700,,
1,1,,0.191196,0.485805,0.322999,,2523300,,
1,0,,0.357841,0.316735,0.325424,,2465100,,
1,1,,0.312514,0.403067,0.28442,,2626400,,
1,1,,0.343217,0.573098,0.083685,,2553500,,
1,1,,0.32023,0.437903,0.241867,,2512800,,
1,1,,0.059668,0.718883,0.221449,,2434500,,
1,0,,0.426456,0.416141,0.157403,,2460300,,
1,1,,0.075918,0.776194,0.147887,,2505800,,
2,2,,0.055482,0.327233,0.617285,,2490400,,
2,2,,0.194499,0,0.805501,,2450700,,
2,2,,0.094944,0,0.905056,,2464000,,
2,2,,0.033407,0,0.966593,,2487300,,
2,2,,0.033407,0,0.966593,,2411000,,
2,2,,0.096002,0.001164,0.902834,,2494500,,
2,2,,0.124499,0,0.875501,,2584900,,
2,2,,0.093025,0,0.906975,,2410900,,
2,0,,0.416505,0.314135,0.26936,,2495300,,
2,2,,0.093025,0,0.906975,,2484200,,
2,1,,0.054318,0.796541,0.149141,,2423400,,
2,2,,0.092646,0.000372,0.906982,,2573400,,
2,2,,0.102745,0.001164,0.89609,,2527200,,
2,2,,0.084722,0.000372,0.914906,,2507400,,
2,2,,0.267886,0.00102,0.731094,,2432100,,
2,1,,0.183884,0.564729,0.251388,,2520900,,
2,0,,0.445571,0.224212,0.330217,,2491800,,
2,2,,0.094944,0,0.905056,,2509600,,
2,2,,0.068339,0.329376,0.602285,,2488700,,
2,2,,0.130249,0.001812,0.867939,,2581500,,
2,1,,0.067652,0.764665,0.167683,,2487100,,
2,0,,0.580891,0.218282,0.200827,,2443400,,
2,2,,0.215085,0.000602,0.784313,,2476700,,
2,2,,0.250913,0.0008,0.748287,,2466700,,
2,2,,0.093025,0,0.906975,,2447200,,
2,2,,0.163756,0.000602,0.835642,,2565400,,
2,2,,0.094944,0,0.905056,,2461500,,
2,2,,0.033407,0,0.966593,,2467900,,
2,2,,0.055482,0.327233,0.617285,,2546400,,
2,2,,0.093025,0,0.906975,,2479200,,
2,2,,0.094499,0,0.905501,,2421700,,
2,2,,0.109354,0.000822,0.889824,,2991200,,
2,2,,0.033407,0,0.966593,,2807000,,
2,2,,0.099767,0,0.900233,,2979500,,
2,2,,0.038022,0,0.961978,,2813000,,
2,1,,0.206875,0.413769,0.379356,,2796700,,
2,1,,0.054318,0.537337,0.408344,,2896600,,
2,2,,0.251515,0.170911,0.577574,,5169400,,
2,2,,0.094499,0,0.905501,,4320900,,
2,1,,0.373122,0.405072,0.221806,,2638100,,
2,0,,0.571122,0.210856,0.218022,,2783400,,
2,2,,0.055482,0.327233,0.617285,,3346200,,
2,0,,0.628672,0.280371,0.090958,,2502300,,
2,2,,0.154873,0.008051,0.837076,,2465200,,
2,2,,0.144958,0.007237,0.847805,,2433100,,
2,1,,0.061658,0.681336,0.257006,,2548700,,
2,1,,0.054318,0.741565,0.204117,,2424600,,
2,2,,0.033407,0,0.966593,,2482800,,
2,2,,0.235291,0.011164,0.753545,,2526900,,
2,2,,0.194499,0,0.805501,,2429700,,
2,2,,0.038022,0,0.961978,,2441200,,
2,2,,0.1131,0,0.8869,,2502900,,
2,1,,0.088985,0.523303,0.387712,,2430300,,
2,2,,0.094499,0,0.905501,,2468700,,
2,2,,0.068339,0.262947,0.668714,,2579500,,
2,2,,0.254611,0.256522,0.488867,,2430100,,
2,1,,0.054318,0.62536,0.320322,,2506200,,
2,2,,0.138022,0,0.861978,,2473500,,
2,2,,0.055482,0.347233,0.597285,,2457400,,
2,2,,0.338096,0.000602,0.661302,,2449400,,
2,2,,0.135482,0.267233,0.597285,,2442000,,
2,2,,0.194499,0,0.805501,,2453000,,
2,2,,0.195725,0.000372,0.803903,,2450400,,
2,1,,0.055482,0.849051,0.095467,,2459200,,
2,2,,0.038022,0,0.961978,,2470400,,
2,2,,0.033407,0,0.966593,,2476400,,
2,0,,0.391265,0.255692,0.353043,,2499300,,
2,2,,0.247798,0.007237,0.744965,,2559400,,
2,2,,0.127807,0.001164,0.871029,,2468400,,
2,2,,0.099767,0,0.900233,,2500200,,
2,2,,0.159483,0.000372,0.840145,,2584900,,
2,0,,0.574009,0.20123,0.224761,,2423900,,
2,2,,0.143002,0.001164,0.855833,,2534100,,
2,2,,0.033407,0,0.966593,,2492300,,
2,2,,0.093025,0,0.906975,,2429700,,
2,2,,0.094944,0,0.905056,,2542500,,
2,1,,0.059668,0.718883,0.221449,,2577500,,
2,2,,0.099767,0,0.900233,,2426700,,
2,2,,0.093025,0,0.906975,,3001100,,
2,2,,0.091482,0.219233,0.689285,,2468200,,
2,0,,0.406161,0.255304,0.338536,,2484100,,
2,2,,0.093025,0,0.906975,,2595500,,
2,2,,0.1131,0,0.8869,,2459800,,
2,2,,0.055482,0.467233,0.477285,,2489300,,
2,2,,0.194277,0.015822,0.789901,,2625900,,
2,2,,0.181414,0.001592,0.816994,,2472800,,
2,2,,0.093025,0,0.906975,,2530500,,
2,1,,0.32234,0.557801,0.119859,,2497000,,
2,2,,0.033407,0,0.966593,,2734200,,
2,2,,0.098899,0.007039,0.894062,,2891500,,
2,2,,0.054022,0,0.945978,,2520600,,
2,2,,0.038022,0,0.961978,,2817100,,
2,2,,0.243577,0.015592,0.740831,,2513800,,
2,2,,0.198448,0.001164,0.800387,,2463100,,
2,2,,0.091482,0.219233,0.689285,,2574400,,
2,0,,0.443521,0.155576,0.400902,,2476900,,
2,2,,0.094944,0,0.905056,,2483100,,
2,2,,0.110382,0,0.889618,,2631000,,
2,2,,0.094944,0,0.905056,,2417700,,
2,2,,0.099767,0,0.900233,,2478700,,
2,2,,0.093025,0,0.906975,,2442400,,
2,2,,0.206453,0.0008,0.792747,,2546300,,
2,2,,0.093025,0,0.906975,,2487700,,
2,2,,0.033407,0,0.966593,,2542600,,
2,2,,0.075753,0.000372,0.923875,,2565600,,
2,2,,0.068339,0.329376,0.602285,,2534500,,
2,2,,0.099767,0,0.900233,,2434900,,
2,2,,0.384841,0.000592,0.614567,,2510700,,
2,2,,0.094944,0,0.905056,,2447500,,
2,2,,0.121801,0.000602,0.877597,,2608500,,
2,2,,0.182432,0.001164,0.816404,,2420000,,
2,2,,0.094499,0,0.905501,,2600900,,
2,2,,0.083944,0.000602,0.915454,,2451700,,
2,0,,0.43934,0.212886,0.347774,,2445400,,
2,2,,0.134744,0.001164,0.864092,,2561000,,
2,2,,0.115482,0.147233,0.737285,,2584400,,
2,0,,0.532888,0.266725,0.200387,,2481000,,
2,2,,0.080863,0.000372,0.918764,,2504100,,
2,1,,0.055482,0.785415,0.159103,,2417600,,
2,2,,0.033407,0,0.966593,,2562700,,
2,2,,0.105927,0,0.894073,,2528000,,
2,2,,0.094944,0,0.905056,,2403000,,
2,2,,0.094499,0,0.905501,,2877500,,
2,2,,0.035382,0,0.964618,,2854700,,
2,2,,0.035382,0,0.964618,,2772100,,
2,2,,0.293025,0,0.706975,,2859600,,
2,1,,0.059668,0.643001,0.297332,,2906700,,
2,2,,0.093025,0,0.906975,,2510700,,
2,2,,0.149699,0.000822,0.849479,,2491400,,
2,0,,0.436938,0.22112,0.341942,,2537800,,
2,1,,0.054318,0.766263,0.179419,,2441000,,
2,2,,0.129366,0.001384,0.86925,,2463400,,
2,2,,0.035382,0,0.964618,,2426200,,
2,2,,0.250096,0.0008,0.749104,,2874600,,
2,2,,0.046911,0,0.953089,,2724100,,
2,2,,0.035382,0,0.964618,,2778200,,
2,2,,0.123548,0.000372,0.87608,,2561100,,
2,1,,0.057955,0.625072,0.316974,,2480700,,
2,1,,0.054318,0.489675,0.456007,,2426800,,
2,2,,0.033407,0,0.966593,,2685800,,
2,2,,0.038022,0,0.961978,,3045200,,
2,2,,0.091482,0.219233,0.689285,,2564800,,
2,2,,0.140831,0.001384,0.857785,,2664900,,
2,2,,0.033407,0,0.966593,,2475300,,
2,2,,0.101814,0.000372,0.897813,,2457400,,
2,1,,0.055482,0.849051,0.095467,,2650500,,
2,1,,0.336351,0.451951,0.211698,,2472000,,
2,2,,0.033407,0,0.966593,,2415000,,
2,2,,0.033407,0,0.966593,,2589600,,
2,2,,0.097312,0.000372,0.902316,,2420400,,
2,2,,0.055482,0.327233,0.617285,,2432300,,
2,2,,0.094944,0,0.905056,,2756200,,
2,2,,0.038022,0,0.961978,,2436500,,
2,2,,0.093025,0,0.906975,,2420700,,
2,2,,0.055382,0,0.944618,,2447000,,
2,2,,0.239668,0.277001,0.483332,,2625800,,
2,2,,0.306277,0.000372,0.69335,,2567000,,
2,0,,0.38437,0.315264,0.300366,,2496700,,
2,2,,0.093025,0,0.906975,,3060000,,
2,2,,0.033407,0,0.966593,,2948700,,
2,2,,0.13102,0.000372,0.868608,,2841600,,
2,2,,0.033407,0,0.966593,,2467300,,
2,2,,0.11535,0.004241,0.880409,,2498900,,
2,2,,0.038022,0,0.961978,,2485500,,
2,2,,0.093805,0.001164,0.90503,,2584200,,
2,2,,0.151628,0.001164,0.847208,,2460500,,
2,2,,0.123673,0.00057,0.875757,,2495400,,
2,2,,0.038022,0,0.961978,,2715000,,
2,1,,0.315918,0.448321,0.23576,,2489100,,
2,1,,0.157652,0.526443,0.315906,,2628300,,
2,2,,0.115482,0.147233,0.737285,,2552200,,
2,2,,0.294944,0,0.705056,,2470500,,
2,2,,0.259767,0,0.740233,,2474400,,
2,2,,0.094499,0,0.905501,,2452400,,
2,2,,0.092856,0.000372,0.906771,,2683300,,
2,2,,0.038022,0,0.961978,,2484800,,
2,1,,0.075918,0.705086,0.218996,,2536200,,
2,0,,0.570809,0.11463,0.314561,,2732400,,
2,2,,0.033407,0,0.966593,,3052600,,
2,2,,0.094499,0,0.905501,,2493500,,
2,2,,0.252369,0.001164,0.746467,,2721400,,
2,2,,0.102942,0.011614,0.885443,,2514800,,
2,2,,0.035382,0,0.964618,,2463500,,
2,2,,0.163753,0.000602,0.835644,,2542200,,
2,0,,0.41934,0.213412,0.367248,,2537500,,
2,2,,0.094944,0,0.905056,,2446800,,
2,2,,0.127604,0.001164,0.871232,,2647600,,
2,2,,0.038022,0,0.961978,,2423600,,
2,2,,0.197621,0.00057,0.801808,,2600800,,
2,2,,0.143513,0.000592,0.855895,,2575900,,
2,2,,0.090023,0.000372,0.909605,,2432400,,
2,2,,0.144492,0.00102,0.854488,,2492400,,
2,2,,0.09472,0.001582,0.903698,,2528200,,
2,2,,0.140011,0.001164,0.858825,,2555600,,
2,2,,0.046911,0,0.953089,,2563000,,
2,2,,0.035382,0,0.964618,,2474900,,
2,2,,0.035382,0,0.964618,,2510500,,
2,2,,0.038022,0,0.961978,,2483300,,
2,1,,0.059668,0.718883,0.221449,,2510600,,
2,0,,0.659794,0.140832,0.199374,,2535000,,
2,2,,0.072431,0.000592,0.926977,,2492600,,
2,0,,0.514009,0.12123,0.364761,,2705000,,
2,0,,0.420363,0.328637,0.251,,2489900,,
2,2,,0.033407,0,0.966593,,5066800,,
2,1,,0.320492,0.363599,0.315909,,3130100,,
2,0,,0.466974,0.325342,0.207683,,2960300,,
2,0,,0.715743,0.132126,0.152131,,2911900,,
2,1,,0.075918,0.655194,0.268887,,2976000,,
2,2,,0.033407,0,0.966593,,2907100,,
2,2,,0.216349,0.00102,0.782631,,2839300,,
2,1,,0.074022,0.593234,0.332744,,2917300,,
2,0,,0.434812,0.268256,0.296932,,3012000,,
2,2,,0.090382,0,0.909618,,2814000,,
2,2,,0.094944,0,0.905056,,2843800,,
2,0,,0.722636,0.107893,0.169471,,2766800,,
2,2,,0.117686,0.000372,0.881942,,2467700,,
2,0,,0.409397,0.31552,0.275083,,2593600,,
2,2,,0.038022,0,0.961978,,3497800,,
2,2,,0.099816,0.000372,0.899812,,2424800,,
2,0,,0.654854,0.261685,0.083461,,2459100,,
2,2,,0.038022,0,0.961978,,2481800,,
2,2,,0.254944,0,0.745056,,2476400,,
2,2,,0.093025,0,0.906975,,2480300,,
2,2,,0.033407,0,0.966593,,2482900,,
2,2,,0.168715,0,0.831285,,2511500,,
2,2,,0.094944,0,0.905056,,2446000,,
2,2,,0.161224,0.074498,0.764278,,2505800,,
2,2,,0.094499,0,0.905501,,2493700,,
2,2,,0.033407,0,0.966593,,3175400,,
2,2,,0.054318,0.332184,0.613498,,4072500,,
2,2,,0.277612,0.000592,0.721796,,2473700,,
2,1,,0.124318,0.484036,0.391646,,2490900,,
2,1,,0.054318,0.64738,0.298302,,2479500,,
2,2,,0.033407,0,0.966593,,2439600,,
2,2,,0.055482,0.207233,0.737285,,2551800,,
2,2,,0.035382,0,0.964618,,2430200,,
2,2,,0.094499,0,0.905501,,2427500,,
2,2,,0.181229,0.000592,0.818179,,2862800,,
2,0,,0.392723,0.241111,0.366166,,2866100,,
2,0,,0.623203,0.116598,0.260199,,2826900,,
2,1,,0.203356,0.436623,0.360021,,2728300,,
2,2,,0.035382,0,0.964618,,2471800,,
2,0,,0.369018,0.298055,0.332927,,2481500,,
2,2,,0.033407,0,0.966593,,2499700,,
2,2,,0.090354,0.00057,0.909075,,2469600,,
2,2,,0.093025,0,0.906975,,2710500,,
2,2,,0.157233,0.014498,0.828269,,4640700,,
2,2,,0.033407,0,0.966593,,2592200,,
2,2,,0.038022,0,0.961978,,2500700,,
2,1,,0.255918,0.646321,0.09776,,2440500,,
2,2,,0.136239,0.000372,0.863389,,2458500,,
2,2,,0.138504,0.000602,0.860893,,2643400,,
2,2,,0.093025,0,0.906975,,2458400,,
2,2,,0.035382,0,0.964618,,2526900,,
2,2,,0.093025,0,0.906975,,2579000,,
2,2,,0.033407,0,0.966593,,2569200,,
2,2,,0.178944,0,0.821056,,2418800,,
2,1,,0.42655,0.467276,0.106174,,3241000,,
2,2,,0.093025,0,0.906975,,2468800,,
2,2,,0.093025,0,0.906975,,2428300,,
2,2,,0.094499,0,0.905501,,2613700,,
2,2,,0.070022,0,0.929978,,2468800,,
2,2,,0.099767,0,0.900233,,2573200,,
2,0,,0.511154,0.31908,0.169766,,2650900,,
2,2,,0.105927,0,0.894073,,2425700,,
2,2,,0.050382,0,0.949618,,2495100,,
2,2,,0.038022,0,0.961978,,2480300,,
2,2,,0.093025,0,0.906975,,2440800,,
2,2,,0.12691,0.001362,0.871728,,2525900,,
2,0,,0.555427,0.147276,0.297297,,3979800,,
2,2,,0.094944,0,0.905056,,4827200,,
2,2,,0.093025,0,0.906975,,4954900,,
2,1,,0.055482,0.577233,0.367285,,3257000,,
2,2,,0.033407,0,0.966593,,2515100,,
2,0,,0.576434,0.258722,0.164844,,2446700,,
2,0,,0.542393,0.116739,0.340868,,2470300,,
2,2,,0.293025,0,0.706975,,2474800,,
2,2,,0.189845,0.014696,0.795459,,2451400,,
2,2,,0.033407,0,0.966593,,2436300,,
2,2,,0.094944,0,0.905056,,2598100,,
2,2,,0.112092,0.000602,0.887306,,2537200,,
2,2,,0.110668,0.000372,0.88896,,2449700,,
2,2,,0.091482,0.219233,0.689285,,2449400,,
2,0,,0.45142,0.451237,0.097343,,2569500,,
2,0,,0.463171,0.145388,0.391441,,2457400,,
2,2,,0.109767,0,0.890233,,2599100,,
2,2,,0.130944,0,0.869056,,2498800,,
2,2,,0.082516,0.000372,0.917112,,2443200,,
2,2,,0.038022,0,0.961978,,2478000,,
2,2,,0.035382,0,0.964618,,2463600,,
2,2,,0.117356,0,0.882644,,2439400,,
2,2,,0.094944,0,0.905056,,2690400,,
2,2,,0.10085,0.000372,0.898777,,2875500,,
2,0,,0.488503,0.169029,0.342469,,2849700,,
2,1,,0.183217,0.733098,0.083685,,2898000,,
2,2,,0.252825,0.000372,0.746803,,2828200,,
2,2,,0.094741,0.000592,0.904667,,2878300,,
2,2,,0.155465,0.000372,0.844162,,4606400,,
2,2,,0.247189,0.024241,0.728569,,4988700,,
2,1,,0.054318,0.477337,0.468344,,4903100,,
2,2,,0.294499,0,0.705501,,2992400,,
2,2,,0.191767,0,0.808233,,2450500,,
2,2,,0.09718,0.000592,0.902228,,2568000,,
2,2,,0.033407,0,0.966593,,2419800,,
2,2,,0.035382,0,0.964618,,2587600,,
2,2,,0.033407,0,0.966593,,2901600,,
2,2,,0.035382,0,0.964618,,2856900,,
2,2,,0.141808,0.014498,0.843694,,2854700,,
2,2,,0.033407,0,0.966593,,2808800,,
2,1,,0.055482,0.849051,0.095467,,2840500,,
2,2,,0.085806,0.000602,0.913591,,2655400,,
2,2,,0.1531,0,0.8469,,2727100,,
2,2,,0.293025,0,0.706975,,2441600,,
2,2,,0.173025,0,0.826975,,2536200,,
2,0,,0.678768,0.228968,0.092264,,2457000,,
2,2,,0.1042,0.001394,0.894406,,2413600,,
2,2,,0.072072,0.003679,0.924249,,2735100,,
2,0,,0.468575,0.391705,0.13972,,2559200,,
2,2,,0.248733,0.0008,0.750467,,2493100,,
2,2,,0.115482,0.147233,0.737285,,2483600,,
2,2,,0.108287,0.000372,0.891341,,2453300,,
2,2,,0.094944,0,0.905056,,2496700,,
2,2,,0.094499,0,0.905501,,2456400,,
2,2,,0.166433,0,0.833567,,2433900,,
2,2,,0.114332,0.000592,0.885076,,2524000,,
2,2,,0.284159,0.036582,0.679259,,2538800,,
2,2,,0.155645,0.000592,0.843763,,2432200,,
2,0,,0.456492,0.411599,0.131909,,2450500,,
2,2,,0.035382,0,0.964618,,2419700,,
2,2,,0.303395,0.007687,0.688919,,2496000,,
2,2,,0.159293,0.000602,0.840105,,2418200,,