waveform-noise,Tuned_CWT,test,2,NANOSECONDS,PREDICTIONS, Generated by ClassifierExperiments.java on 2022-05-16 01:25:25.    SYSTEMPROPERTIES:{user.name:matth,os.arch:amd64,os.name:Windows 10},ENDSYSTEMPROPERTIES
No parameter info
0.6903096903096904,3402099000,2247979800,-1,100950384,3,,-1,-1
0,0,,0.530492,0.459819,0.009688,,2209100,,
0,1,,0.479481,0.51083,0.009688,,2068500,,
0,1,,0.376017,0.614295,0.009688,,2070000,,
0,0,,0.580778,0.369534,0.049688,,2104800,,
0,0,,0.757187,0.022717,0.220096,,2535700,,
0,0,,0.651948,0.33391,0.014143,,2210000,,
0,1,,0.368473,0.461224,0.170303,,2091300,,
0,1,,0.441231,0.54908,0.009688,,2031100,,
0,0,,0.550492,0.439819,0.009688,,2072600,,
0,2,,0.432979,0.019375,0.547647,,2058500,,
0,2,,0.070009,0.292293,0.637697,,2040200,,
0,2,,0.486086,0.018893,0.495022,,2825300,,
0,0,,0.716365,0.269347,0.014288,,2196300,,
0,2,,0.345989,0.018893,0.635119,,2072400,,
0,1,,0.467481,0.52283,0.009688,,2208800,,
0,2,,0.306494,0.061083,0.632423,,2171900,,
0,0,,0.602461,0.082521,0.315018,,2062600,,
0,0,,0.626689,0.144355,0.228955,,2275300,,
0,1,,0.368017,0.622295,0.009688,,2215300,,
0,0,,0.514086,0.018893,0.467022,,2265600,,
0,1,,0.368017,0.622295,0.009688,,3069600,,
0,0,,0.530662,0.459649,0.009688,,2428000,,
0,0,,0.569065,0.401247,0.029688,,2067800,,
0,0,,0.531651,0.458661,0.009688,,2202200,,
0,0,,0.496752,0.018893,0.484355,,2169600,,
0,0,,0.780412,0.201148,0.01844,,2173500,,
0,0,,0.572371,0.018893,0.408736,,3262200,,
0,0,,0.784644,0.145474,0.069882,,2152400,,
0,2,,0.332145,0.019375,0.64848,,2122800,,
0,0,,0.619074,0.018893,0.362033,,2283800,,
0,0,,0.536752,0.018893,0.444355,,2120000,,
0,0,,0.529481,0.46083,0.009688,,2110200,,
0,0,,0.512528,0.377784,0.109688,,2284900,,
0,0,,0.754583,0.231129,0.014288,,2041600,,
0,1,,0.409731,0.58058,0.009688,,2110800,,
0,0,,0.805444,0.180591,0.013965,,2095700,,
0,0,,0.587481,0.40283,0.009688,,2074300,,
0,2,,0.435586,0.018893,0.545522,,2011400,,
0,0,,0.518086,0.018893,0.463022,,2503300,,
0,0,,0.74409,0.238572,0.017338,,2165000,,
0,0,,0.686961,0.02035,0.292689,,2177300,,
0,0,,0.545731,0.44458,0.009688,,2125900,,
0,1,,0.432815,0.557497,0.009688,,3765100,,
0,0,,0.573992,0.416319,0.009688,,2135900,,
0,0,,0.536405,0.453906,0.009688,,2316500,,
0,0,,0.723114,0.262743,0.014143,,2462700,,
0,0,,0.581231,0.40908,0.009688,,2172400,,
0,0,,0.534086,0.018893,0.447022,,3431600,,
0,0,,0.527419,0.018893,0.453688,,2498000,,
0,0,,0.689781,0.280076,0.030143,,2208700,,
0,0,,0.618528,0.355784,0.025688,,2283900,,
0,2,,0.328586,0.018893,0.652522,,2149700,,
0,0,,0.501231,0.48908,0.009688,,2094200,,
0,0,,0.745356,0.227022,0.027622,,2141500,,
0,0,,0.62988,0.02035,0.34977,,2310800,,
0,2,,0.369645,0.019375,0.61098,,2182500,,
0,0,,0.643958,0.02035,0.335692,,3487200,,
0,1,,0.458684,0.531628,0.009688,,2132900,,
0,0,,0.731872,0.143243,0.124885,,2173800,,
0,0,,0.518731,0.47158,0.009688,,2263300,,
0,0,,0.582594,0.407232,0.010174,,2079400,,
0,2,,0.408567,0.019375,0.572059,,2403100,,
0,1,,0.391767,0.598545,0.009688,,2539000,,
0,2,,0.392979,0.019375,0.587647,,2100200,,
0,0,,0.663016,0.287295,0.049688,,2155000,,
0,2,,0.284755,0.221274,0.493971,,2186500,,
0,0,,0.642948,0.327364,0.029688,,2120000,,
0,0,,0.570625,0.02035,0.409025,,2110800,,
0,2,,0.442086,0.018893,0.539022,,2500900,,
0,0,,0.620017,0.370295,0.009688,,2225800,,
0,0,,0.528752,0.018893,0.452355,,2156700,,
0,1,,0.404017,0.586295,0.009688,,2580800,,
0,1,,0.456981,0.53333,0.009688,,2181300,,
0,1,,0.411065,0.579247,0.009688,,2099900,,
0,2,,0.352479,0.019375,0.628147,,2304500,,
0,2,,0.355734,0.019375,0.624891,,2134200,,
0,0,,0.680289,0.208189,0.111523,,2244700,,
0,0,,0.524017,0.446295,0.029688,,3710500,,
0,1,,0.438684,0.551628,0.009688,,2590500,,
0,2,,0.424645,0.019375,0.55598,,2503500,,
0,1,,0.431231,0.55908,0.009688,,2446800,,
0,0,,0.501231,0.48908,0.009688,,2476900,,
0,1,,0.461231,0.52908,0.009688,,3134100,,
0,2,,0.329979,0.019375,0.650647,,2809400,,
0,2,,0.446086,0.018893,0.535022,,2893900,,
0,0,,0.501231,0.48908,0.009688,,2070800,,
0,2,,0.446086,0.018893,0.535022,,1998500,,
0,0,,0.621406,0.354426,0.024167,,2076500,,
0,0,,0.720603,0.269708,0.009688,,2069300,,
0,0,,0.781867,0.022717,0.195416,,2067700,,
0,2,,0.233819,0.061083,0.705098,,2049300,,
0,2,,0.454625,0.02035,0.525025,,3156600,,
0,0,,0.494489,0.018893,0.486619,,2134900,,
0,2,,0.456752,0.018893,0.524355,,2015900,,
0,0,,0.812667,0.165622,0.021711,,2212000,,
0,2,,0.446086,0.018893,0.535022,,2046000,,
0,0,,0.680731,0.309581,0.009688,,2050100,,
0,0,,0.679302,0.30976,0.010938,,3115900,,
0,1,,0.445731,0.54458,0.009688,,2089100,,
0,0,,0.518086,0.018893,0.463022,,2041500,,
0,1,,0.458731,0.53158,0.009688,,2128900,,
0,0,,0.691326,0.197151,0.111523,,2040500,,
0,1,,0.269117,0.702294,0.028589,,2006000,,
0,0,,0.637879,0.176056,0.186065,,2498600,,
0,0,,0.700603,0.269708,0.029688,,3190600,,
0,2,,0.490228,0.018893,0.490879,,2428900,,
0,2,,0.409979,0.019375,0.570647,,2149000,,
0,0,,0.775944,0.087372,0.136684,,2031900,,
0,1,,0.378684,0.611628,0.009688,,1999300,,
0,2,,0.354645,0.019375,0.62598,,2057200,,
0,0,,0.703114,0.282743,0.014143,,2000700,,
0,0,,0.529586,0.018893,0.451522,,2001000,,
0,1,,0.425731,0.56458,0.009688,,3904800,,
0,2,,0.246866,0.165892,0.587242,,4157800,,
0,2,,0.446086,0.018893,0.535022,,3165500,,
0,2,,0.446086,0.018893,0.535022,,2078500,,
0,0,,0.822667,0.145622,0.031711,,2068800,,
0,2,,0.431312,0.019375,0.549314,,2188500,,
0,0,,0.499481,0.49083,0.009688,,2020900,,
0,2,,0.241385,0.061083,0.697532,,2017600,,
0,0,,0.497291,0.02035,0.482358,,2062500,,
0,0,,0.521231,0.46908,0.009688,,2012300,,
0,0,,0.638734,0.350475,0.010791,,2020000,,
0,0,,0.539481,0.45083,0.009688,,2019400,,
0,0,,0.541721,0.078386,0.379893,,2080100,,
0,0,,0.550242,0.440069,0.009688,,2002500,,
0,1,,0.472815,0.517497,0.009688,,2027600,,
0,1,,0.378684,0.611628,0.009688,,2275200,,
0,0,,0.781867,0.022717,0.195416,,2006300,,
0,2,,0.386086,0.018893,0.595022,,1997600,,
0,0,,0.629291,0.02035,0.350358,,2006500,,
0,0,,0.681976,0.027879,0.290146,,2109500,,
0,0,,0.820359,0.145474,0.034167,,2002300,,
0,0,,0.540752,0.018893,0.440355,,2035400,,
0,0,,0.498731,0.49158,0.009688,,3662900,,
0,0,,0.79023,0.087372,0.122398,,2518400,,
0,1,,0.387481,0.60283,0.009688,,2513400,,
0,1,,0.424778,0.565534,0.009688,,2466600,,
0,1,,0.207263,0.764148,0.028589,,2086700,,
0,2,,0.489645,0.019375,0.49098,,3143200,,
0,0,,0.812667,0.145622,0.041711,,2056300,,
0,1,,0.313827,0.348385,0.337788,,2135800,,
0,0,,0.832667,0.145622,0.021711,,2345500,,
0,1,,0.477532,0.512293,0.010174,,2056800,,
0,0,,0.578979,0.410082,0.010938,,2135000,,
0,2,,0.285385,0.061083,0.653532,,2170800,,
0,2,,0.261385,0.061083,0.677532,,2052900,,
0,0,,0.501231,0.48908,0.009688,,2248700,,
0,2,,0.407947,0.078868,0.513185,,2517700,,
0,1,,0.465731,0.52458,0.009688,,2167000,,
0,0,,0.757187,0.022717,0.220096,,2129800,,
0,1,,0.477731,0.51258,0.009688,,2192700,,
0,2,,0.385244,0.018893,0.595863,,2170600,,
0,0,,0.504017,0.486295,0.009688,,2109100,,
0,0,,0.522086,0.018893,0.459022,,2595000,,
0,2,,0.388586,0.018893,0.592522,,2653100,,
0,2,,0.475038,0.018893,0.506069,,2087900,,
0,0,,0.513944,0.476368,0.009688,,2205000,,
0,1,,0.408017,0.582295,0.009688,,2209400,,
0,0,,0.562086,0.018893,0.419022,,2098400,,
0,0,,0.688448,0.27741,0.034143,,2246100,,
0,0,,0.630492,0.359819,0.009688,,2086200,,
0,0,,0.539228,0.018893,0.441879,,2259100,,
0,0,,0.64036,0.349951,0.009688,,2639000,,
0,0,,0.781867,0.022717,0.195416,,3150700,,
0,0,,0.78468,0.102528,0.112792,,2204000,,
0,0,,0.717937,0.272375,0.009688,,2244300,,
0,0,,0.588725,0.401101,0.010174,,2170600,,
0,1,,0.456398,0.533914,0.009688,,2300900,,
0,0,,0.530625,0.02035,0.449025,,3315900,,
0,0,,0.622594,0.347232,0.030174,,3052700,,
0,0,,0.625841,0.23904,0.135119,,2668100,,
0,1,,0.457481,0.53283,0.009688,,2082700,,
0,0,,0.501231,0.48908,0.009688,,2043800,,
0,2,,0.451312,0.019375,0.529314,,2120100,,
0,1,,0.469481,0.52083,0.009688,,2085600,,
0,0,,0.557086,0.018893,0.424022,,2040100,,
0,0,,0.798689,0.164355,0.036955,,2039200,,
0,0,,0.499871,0.018893,0.481236,,2149000,,
0,1,,0.484801,0.505511,0.009688,,2037200,,
0,0,,0.60388,0.02035,0.37577,,2026200,,
0,0,,0.691641,0.02035,0.288009,,3089100,,
0,2,,0.272145,0.019375,0.70848,,3303900,,
0,0,,0.773013,0.210494,0.016493,,2730800,,
0,2,,0.282494,0.061083,0.656423,,3897800,,
0,0,,0.555925,0.257349,0.186726,,2468800,,
0,0,,0.781867,0.022717,0.195416,,2094900,,
0,1,,0.417731,0.57258,0.009688,,2041100,,
0,0,,0.612486,0.018893,0.368622,,2031500,,
0,2,,0.457086,0.018893,0.524022,,3936100,,
0,0,,0.713497,0.273154,0.013349,,2156600,,
0,2,,0.101385,0.061083,0.837532,,2088500,,
0,1,,0.456981,0.53333,0.009688,,2057000,,
0,2,,0.398086,0.018893,0.583022,,2015100,,
0,0,,0.620603,0.369708,0.009688,,2077600,,
0,1,,0.447481,0.54283,0.009688,,2079500,,
0,0,,0.514086,0.018893,0.467022,,2042200,,
0,1,,0.465731,0.52458,0.009688,,2061700,,
0,2,,0.476752,0.018893,0.504355,,2915000,,
0,0,,0.70493,0.044371,0.250698,,2027200,,
0,0,,0.787276,0.188113,0.024611,,2006300,,
0,1,,0.447481,0.54283,0.009688,,2042400,,
0,1,,0.458148,0.532164,0.009688,,1987200,,
0,0,,0.700603,0.289708,0.009688,,1976500,,
0,2,,0.326086,0.018893,0.655022,,2044200,,
0,0,,0.634099,0.344983,0.020917,,2129300,,
0,0,,0.617291,0.02035,0.362358,,2006700,,
0,0,,0.522086,0.018893,0.459022,,1996900,,
0,0,,0.776023,0.164355,0.059622,,2020300,,
0,0,,0.491054,0.078386,0.43056,,2001000,,
0,2,,0.468979,0.019375,0.511647,,1985200,,
0,0,,0.782689,0.144355,0.072955,,2644700,,
0,1,,0.464398,0.525914,0.009688,,2200600,,
0,1,,0.477731,0.51258,0.009688,,2180900,,
0,1,,0.348138,0.622633,0.029229,,2176300,,
0,0,,0.600017,0.390295,0.009688,,2114600,,
0,0,,0.789356,0.163022,0.047622,,2011400,,
0,1,,0.491231,0.49908,0.009688,,2016000,,
0,1,,0.377215,0.594196,0.028589,,2011000,,
0,0,,0.823052,0.156031,0.020917,,1995200,,
0,2,,0.464231,0.019375,0.516395,,2028500,,
0,0,,0.508448,0.39741,0.094143,,2944600,,
0,1,,0.466148,0.524164,0.009688,,2076300,,
0,1,,0.477731,0.51258,0.009688,,1998700,,
0,1,,0.447481,0.54283,0.009688,,2041500,,
0,1,,0.481231,0.50908,0.009688,,1997500,,
0,1,,0.477731,0.51258,0.009688,,1986200,,
0,0,,0.52788,0.02035,0.45177,,2677700,,
0,0,,0.781867,0.022717,0.195416,,2992500,,
0,0,,0.626111,0.3642,0.009688,,2119400,,
0,1,,0.471065,0.519247,0.009688,,2115300,,
0,0,,0.534086,0.018893,0.447022,,2009300,,
0,2,,0.474291,0.02035,0.505358,,2022400,,
0,0,,0.524655,0.465656,0.009688,,2040700,,
0,1,,0.470492,0.519819,0.009688,,2017100,,
0,1,,0.478551,0.511761,0.009688,,1996600,,
0,0,,0.799836,0.08221,0.117954,,2011400,,
0,1,,0.464017,0.526295,0.009688,,2131000,,
0,1,,0.482068,0.508244,0.009688,,2010200,,
0,0,,0.751155,0.188843,0.060002,,1980600,,
0,0,,0.695414,0.251591,0.052996,,2007900,,
0,0,,0.649291,0.02035,0.330358,,1999100,,
0,0,,0.667253,0.318782,0.013965,,1982300,,
0,0,,0.75468,0.132528,0.112792,,2023500,,
0,1,,0.439481,0.55083,0.009688,,2166700,,
0,0,,0.620017,0.370295,0.009688,,2026200,,
0,0,,0.497731,0.49258,0.009688,,2004400,,
0,2,,0.439489,0.018893,0.541619,,2071300,,
0,0,,0.663114,0.282743,0.054143,,2021000,,
0,0,,0.610468,0.02035,0.369182,,2023300,,
0,0,,0.557767,0.388545,0.053688,,2331200,,
0,2,,0.326086,0.018893,0.655022,,2700200,,
0,0,,0.506086,0.018893,0.475022,,2027200,,
0,0,,0.532674,0.018893,0.448434,,2046800,,
0,0,,0.514655,0.475656,0.009688,,2054700,,
0,0,,0.536229,0.454082,0.009688,,1996300,,
0,0,,0.620123,0.368601,0.011277,,2024000,,
0,2,,0.289268,0.122034,0.588698,,2010400,,
0,0,,0.757976,0.027879,0.214146,,2004900,,
0,0,,0.535228,0.018893,0.445879,,1995500,,
0,0,,0.521007,0.078386,0.400608,,2715800,,
0,0,,0.562594,0.427232,0.010174,,2142100,,
0,1,,0.445731,0.54458,0.009688,,2011800,,
0,1,,0.449481,0.54083,0.009688,,2048200,,
0,1,,0.430731,0.55958,0.009688,,2041100,,
0,1,,0.409934,0.580378,0.009688,,1999200,,
0,1,,0.457731,0.53258,0.009688,,1998300,,
0,0,,0.534086,0.018893,0.447022,,2143800,,
0,2,,0.406086,0.018893,0.575022,,2031600,,
0,0,,0.795002,0.146741,0.058256,,2017400,,
0,0,,0.497731,0.49258,0.009688,,2014000,,
0,1,,0.457731,0.53258,0.009688,,2026700,,
0,0,,0.543228,0.018893,0.437879,,1984300,,
0,1,,0.376017,0.614295,0.009688,,2005400,,
0,2,,0.424645,0.019375,0.55598,,2028000,,
0,0,,0.555228,0.018893,0.425879,,1991700,,
0,0,,0.520242,0.470069,0.009688,,2011200,,
0,2,,0.483419,0.018893,0.497688,,3532800,,
0,0,,0.806595,0.168335,0.02507,,3579800,,
0,0,,0.497731,0.49258,0.009688,,3647400,,
0,2,,0.398489,0.018893,0.582619,,3548200,,
0,0,,0.49979,0.431622,0.068589,,3907600,,
0,1,,0.475195,0.515117,0.009688,,3626900,,
0,0,,0.633291,0.02035,0.346358,,3584400,,
0,1,,0.465731,0.52458,0.009688,,2055700,,
0,0,,0.777976,0.027879,0.194146,,3066200,,
0,1,,0.465731,0.52458,0.009688,,2272900,,
0,1,,0.123458,0.845806,0.030736,,2047600,,
0,2,,0.418086,0.018893,0.563022,,2110800,,
0,1,,0.176306,0.795428,0.028266,,2077200,,
0,0,,0.506086,0.018893,0.475022,,2022600,,
0,1,,0.457731,0.53258,0.009688,,2075600,,
0,1,,0.445731,0.54458,0.009688,,2038100,,
0,0,,0.537481,0.45283,0.009688,,2015400,,
0,2,,0.344645,0.019375,0.63598,,2159800,,
0,1,,0.437731,0.55258,0.009688,,2320400,,
0,2,,0.461086,0.018893,0.520022,,2033400,,
0,2,,0.413586,0.018893,0.567522,,2035800,,
0,2,,0.414645,0.019375,0.56598,,2079900,,
0,0,,0.534919,0.018893,0.446188,,2042200,,
0,0,,0.551445,0.438867,0.009688,,2098900,,
0,0,,0.506086,0.018893,0.475022,,2168100,,
0,0,,0.643131,0.347181,0.009688,,2036700,,
0,1,,0.416981,0.57333,0.009688,,2042800,,
0,1,,0.491065,0.499247,0.009688,,2100700,,
0,0,,0.501231,0.48908,0.009688,,2134900,,
0,0,,0.671198,0.107547,0.221255,,2082900,,
0,1,,0.477731,0.51258,0.009688,,2030800,,
0,2,,0.261385,0.061083,0.677532,,2045300,,
0,1,,0.445731,0.54458,0.009688,,2066200,,
0,1,,0.443171,0.545891,0.010938,,2063300,,
0,2,,0.448979,0.019375,0.531647,,3026700,,
0,1,,0.47116,0.519152,0.009688,,2313000,,
0,0,,0.500242,0.490069,0.009688,,2052800,,
0,0,,0.534086,0.018893,0.447022,,2150200,,
0,0,,0.713921,0.268742,0.017338,,2035700,,
0,0,,0.63988,0.02035,0.33977,,2054100,,
0,0,,0.534086,0.018893,0.447022,,2746500,,
0,0,,0.640603,0.349708,0.009688,,2436600,,
0,1,,0.428017,0.562295,0.009688,,2022700,,
0,1,,0.462434,0.527878,0.009688,,2029000,,
0,0,,0.517731,0.47258,0.009688,,2024700,,
0,0,,0.562086,0.018893,0.419022,,2022500,,
0,2,,0.435312,0.019375,0.545314,,2241400,,
0,0,,0.645229,0.165322,0.189449,,2239800,,
0,1,,0.299891,0.69042,0.009688,,2096500,,
0,2,,0.401086,0.018893,0.580022,,2010500,,
0,0,,0.600242,0.390069,0.009688,,2054300,,
0,0,,0.763586,0.11846,0.117954,,2026600,,
0,1,,0.486288,0.504023,0.009688,,2007500,,
0,0,,0.776979,0.08221,0.140811,,2062700,,
0,0,,0.747194,0.096122,0.156684,,2045700,,
0,1,,0.425731,0.56458,0.009688,,2056700,,
0,0,,0.538572,0.451739,0.009688,,2362600,,
0,2,,0.176195,0.070131,0.753674,,2284200,,
0,0,,0.533992,0.456319,0.009688,,2012200,,
0,1,,0.451231,0.53908,0.009688,,1997200,,
0,2,,0.457145,0.019375,0.52348,,2089100,,
0,2,,0.409564,0.019375,0.571061,,2114800,,
1,1,,0.164881,0.780383,0.054736,,2024800,,
1,2,,0.047323,0.326193,0.626485,,2741900,,
1,2,,0.267552,0.217255,0.515193,,3265800,,
1,1,,0.088637,0.67195,0.239413,,2072600,,
1,0,,0.57335,0.416961,0.009688,,2034600,,
1,1,,0.115738,0.853526,0.030736,,2019800,,
1,1,,0.319516,0.670795,0.009688,,2013200,,
1,1,,0.368017,0.462295,0.169688,,2058200,,
1,2,,0.065291,0.375159,0.55955,,2141100,,
1,1,,0.426697,0.563614,0.009688,,2038200,,
1,1,,0.479481,0.51083,0.009688,,2503700,,
1,1,,0.427481,0.56283,0.009688,,3418800,,
1,0,,0.542684,0.422295,0.035022,,3569100,,
1,1,,0.216842,0.714892,0.068266,,2551800,,
1,1,,0.469481,0.52083,0.009688,,2068500,,
1,0,,0.488017,0.462295,0.049688,,2750700,,
1,2,,0.047323,0.350421,0.602256,,2067500,,
1,2,,0.168578,0.300395,0.531027,,2006300,,
1,1,,0.447191,0.543121,0.009688,,2043000,,
1,2,,0.047323,0.354421,0.598256,,2021400,,
1,1,,0.448684,0.541628,0.009688,,2038200,,
1,0,,0.755156,0.10221,0.142634,,2069600,,
1,1,,0.113106,0.714147,0.172746,,2268100,,
1,1,,0.166888,0.804523,0.028589,,2019300,,
1,1,,0.465731,0.52458,0.009688,,2027400,,
1,1,,0.404017,0.586295,0.009688,,2135700,,
1,1,,0.092881,0.876383,0.030736,,2016200,,
1,1,,0.477731,0.51258,0.009688,,1997400,,
1,1,,0.452815,0.537497,0.009688,,2054600,,
1,1,,0.368017,0.622295,0.009688,,2776900,,
1,0,,0.552242,0.378069,0.069688,,2058700,,
1,0,,0.495731,0.49458,0.009688,,3204700,,
1,1,,0.132881,0.836383,0.030736,,2516500,,
1,0,,0.528017,0.462295,0.009688,,2037600,,
1,1,,0.444017,0.546295,0.009688,,2536500,,
1,1,,0.237482,0.709772,0.052746,,2292900,,
1,0,,0.501231,0.48908,0.009688,,2063000,,
1,1,,0.443191,0.547121,0.009688,,3198200,,
1,1,,0.124342,0.847392,0.028266,,2064000,,
1,1,,0.092881,0.876383,0.030736,,2001200,,
1,1,,0.404017,0.586295,0.009688,,2032300,,
1,1,,0.096842,0.874892,0.028266,,2076200,,
1,1,,0.444017,0.546295,0.009688,,2008900,,
1,1,,0.404017,0.446295,0.149688,,2050800,,
1,2,,0.047323,0.371588,0.581089,,2051500,,
1,1,,0.234879,0.737493,0.027629,,2009800,,
1,1,,0.096842,0.754892,0.148266,,2222100,,
1,2,,0.047323,0.374421,0.578256,,2108800,,
1,1,,0.048553,0.487619,0.463827,,1990700,,
1,0,,0.521231,0.46908,0.009688,,2014200,,
1,2,,0.052553,0.461791,0.485655,,2131500,,
1,2,,0.047323,0.314421,0.638256,,2060300,,
1,1,,0.094801,0.873823,0.031376,,2110900,,
1,1,,0.215195,0.757176,0.027629,,2810800,,
1,1,,0.097832,0.726142,0.176026,,2094600,,
1,1,,0.372017,0.618295,0.009688,,2004300,,
1,1,,0.464017,0.526295,0.009688,,2038200,,
1,1,,0.132881,0.836383,0.030736,,2115900,,
1,1,,0.136842,0.834892,0.028266,,2021300,,
1,1,,0.25407,0.717342,0.028589,,2113700,,
1,1,,0.096842,0.874892,0.028266,,3217800,,
1,1,,0.236842,0.714892,0.048266,,2026100,,
1,1,,0.113482,0.713772,0.172746,,2018800,,
1,2,,0.048553,0.390982,0.560465,,2076000,,
1,1,,0.096842,0.874892,0.028266,,2040400,,
1,1,,0.331283,0.641088,0.027629,,2006100,,
1,1,,0.440427,0.549885,0.009688,,2034100,,
1,1,,0.092881,0.876383,0.030736,,2016400,,
1,0,,0.501231,0.48908,0.009688,,2017700,,
1,1,,0.171283,0.801088,0.027629,,2646000,,
1,0,,0.505731,0.42458,0.069688,,2313600,,
1,1,,0.23407,0.737342,0.028589,,2056600,,
1,1,,0.399891,0.57042,0.029688,,2064200,,
1,0,,0.517731,0.47258,0.009688,,2064200,,
1,2,,0.048195,0.316353,0.635452,,2042900,,
1,1,,0.39735,0.592961,0.009688,,2059200,,
1,1,,0.089521,0.799263,0.111216,,2115800,,
1,2,,0.128553,0.238356,0.63309,,2007700,,
1,1,,0.068084,0.607704,0.324212,,1991300,,
1,0,,0.74282,0.068196,0.188984,,2074400,,
1,1,,0.368017,0.462295,0.169688,,2019400,,
1,1,,0.368017,0.622295,0.009688,,1997600,,
1,0,,0.517159,0.473153,0.009688,,2454600,,
1,2,,0.066164,0.355846,0.57799,,2041000,,
1,1,,0.112881,0.836383,0.050736,,2040000,,
1,1,,0.404017,0.586295,0.009688,,2020200,,
1,1,,0.093482,0.873772,0.032746,,2059300,,
1,1,,0.25827,0.712035,0.029695,,2049600,,
1,2,,0.249779,0.031955,0.718266,,2027400,,
1,2,,0.047323,0.367833,0.584845,,2074900,,
1,1,,0.156306,0.815428,0.028266,,2038800,,
1,1,,0.477731,0.51258,0.009688,,2013800,,
1,1,,0.447481,0.54283,0.009688,,2488200,,
1,1,,0.368017,0.622295,0.009688,,2652300,,
1,0,,0.501231,0.48908,0.009688,,2031300,,
1,0,,0.569742,0.420569,0.009688,,2035500,,
1,2,,0.047323,0.346833,0.605845,,2014200,,
1,1,,0.119035,0.850229,0.030736,,1999600,,
1,1,,0.048553,0.493982,0.457465,,2029500,,
1,2,,0.050568,0.369356,0.580076,,2697600,,
1,0,,0.554267,0.416045,0.029688,,2008000,,
1,1,,0.087601,0.741779,0.17062,,2078000,,
1,2,,0.047323,0.372916,0.579761,,2088000,,
1,1,,0.447481,0.54283,0.009688,,1997500,,
1,2,,0.088553,0.310125,0.601322,,2007400,,
1,0,,0.733187,0.022717,0.244096,,2043500,,
1,1,,0.368017,0.462295,0.169688,,2021400,,
1,1,,0.457731,0.53258,0.009688,,2050700,,
1,2,,0.469291,0.04035,0.490358,,2214800,,
1,2,,0.049809,0.449765,0.500426,,2191900,,
1,1,,0.425731,0.56458,0.009688,,2064900,,
1,1,,0.089521,0.799263,0.111216,,2043400,,
1,1,,0.115738,0.751875,0.132387,,2129400,,
1,1,,0.152881,0.816383,0.030736,,2074900,,
1,1,,0.112881,0.856383,0.030736,,2064200,,
1,1,,0.117427,0.831091,0.051483,,2906900,,
1,1,,0.391231,0.59908,0.009688,,2293600,,
1,2,,0.047323,0.438421,0.514256,,2089600,,
1,0,,0.506764,0.483548,0.009688,,2156400,,
1,0,,0.541231,0.44908,0.009688,,2064000,,
1,1,,0.08953,0.837326,0.073144,,2062400,,
1,0,,0.506764,0.483548,0.009688,,2080200,,
1,1,,0.066522,0.478475,0.455003,,2034300,,
1,1,,0.481231,0.50908,0.009688,,2016300,,
1,1,,0.096842,0.874892,0.028266,,2058800,,
1,0,,0.42935,0.422295,0.148355,,3101200,,
1,1,,0.092378,0.809549,0.098073,,2021800,,
1,1,,0.371767,0.618545,0.009688,,2019400,,
1,1,,0.089521,0.779263,0.131216,,2067100,,
1,1,,0.087601,0.737779,0.17462,,1998200,,
1,1,,0.175958,0.793306,0.030736,,2006800,,
1,1,,0.21599,0.754782,0.029229,,3069400,,
1,1,,0.136842,0.834892,0.028266,,2818500,,
1,1,,0.477731,0.51258,0.009688,,2111200,,
1,0,,0.503729,0.486582,0.009688,,2081100,,
1,1,,0.491231,0.49908,0.009688,,2023600,,
1,1,,0.252378,0.709549,0.038073,,1996800,,
1,0,,0.518148,0.472164,0.009688,,2129500,,
1,1,,0.093807,0.866692,0.039502,,2030100,,
1,1,,0.179543,0.79219,0.028266,,2026800,,
1,1,,0.431065,0.559247,0.009688,,2033100,,
1,2,,0.068553,0.4552,0.476247,,2057800,,
1,0,,0.567691,0.362971,0.069338,,2024500,,
1,1,,0.197004,0.775368,0.027629,,2009600,,
1,1,,0.467481,0.52283,0.009688,,2044700,,
1,0,,0.497731,0.49258,0.009688,,2004400,,
1,1,,0.192881,0.776383,0.030736,,2024100,,
1,1,,0.388017,0.602295,0.009688,,2201800,,
1,0,,0.386072,0.310711,0.303217,,2030200,,
1,1,,0.065291,0.48356,0.451148,,2004200,,
1,1,,0.325117,0.586294,0.088589,,2045000,,
1,1,,0.099918,0.871815,0.028266,,2053600,,
1,1,,0.096842,0.874892,0.028266,,2026500,,
1,1,,0.09491,0.810915,0.094175,,2015600,,
1,2,,0.053989,0.254951,0.69106,,3996800,,
1,2,,0.398086,0.026893,0.575022,,2171400,,
1,0,,0.559775,0.430537,0.009688,,2316200,,
1,0,,0.501231,0.48908,0.009688,,2103300,,
1,1,,0.408017,0.582295,0.009688,,2156900,,
1,1,,0.089354,0.530735,0.379912,,2112400,,
1,1,,0.296842,0.674892,0.028266,,2057700,,
1,2,,0.051052,0.158258,0.79069,,2220500,,
1,1,,0.093482,0.739189,0.167329,,2169600,,
1,0,,0.45335,0.382295,0.164355,,3026500,,
1,1,,0.124957,0.840546,0.034497,,2053100,,
1,1,,0.368017,0.622295,0.009688,,2112600,,
1,2,,0.048553,0.442458,0.508989,,2099500,,
1,1,,0.091678,0.798963,0.109359,,2026300,,
1,2,,0.108553,0.333648,0.557798,,2028000,,
1,2,,0.087323,0.170026,0.742651,,2480800,,
1,1,,0.145853,0.825881,0.028266,,2064700,,
1,1,,0.109155,0.817701,0.073144,,2025300,,
1,1,,0.368017,0.622295,0.009688,,2072900,,
1,1,,0.092881,0.876383,0.030736,,2248500,,
1,2,,0.047323,0.252123,0.700554,,2032900,,
1,1,,0.474267,0.516045,0.009688,,2673800,,
1,2,,0.048553,0.374982,0.576465,,2257800,,
1,2,,0.048553,0.373982,0.577465,,2040900,,
1,1,,0.092881,0.86305,0.04407,,2163100,,
1,1,,0.444017,0.546295,0.009688,,2037100,,
1,1,,0.048553,0.505251,0.446195,,2104100,,
1,1,,0.072778,0.598032,0.32919,,2078300,,
1,1,,0.099699,0.869178,0.031123,,2044600,,
1,2,,0.053553,0.361484,0.584963,,2035100,,
1,0,,0.547481,0.44283,0.009688,,2031200,,
1,1,,0.048553,0.490982,0.460465,,3283900,,
1,0,,0.556152,0.292325,0.151523,,2064000,,
1,1,,0.092881,0.876383,0.030736,,2064300,,
1,1,,0.250595,0.698669,0.050736,,2047600,,
1,0,,0.503267,0.487045,0.009688,,2011400,,
1,1,,0.399065,0.591247,0.009688,,2031400,,
1,1,,0.427481,0.56283,0.009688,,2847300,,
1,1,,0.066522,0.558475,0.375003,,2327100,,
1,1,,0.095791,0.81432,0.089889,,2063000,,
1,1,,0.090949,0.872406,0.036645,,2265300,,
1,1,,0.326263,0.645148,0.028589,,2071200,,
1,1,,0.368017,0.462295,0.169688,,2027000,,
1,1,,0.110949,0.832406,0.056645,,2053600,,
1,1,,0.479767,0.510545,0.009688,,1991200,,
1,1,,0.066522,0.683634,0.249844,,2012900,,
1,1,,0.413108,0.577203,0.009688,,2029100,,
1,1,,0.157716,0.773377,0.068906,,2378000,,
1,1,,0.418684,0.571628,0.009688,,2570600,,
1,1,,0.472815,0.517497,0.009688,,2425600,,
1,2,,0.257748,0.141448,0.600804,,2518900,,
1,2,,0.052005,0.190726,0.757269,,2403600,,
1,1,,0.471231,0.51908,0.009688,,2877700,,
1,0,,0.584778,0.405534,0.009688,,2483300,,
1,1,,0.150949,0.812406,0.036645,,2477100,,
1,1,,0.048553,0.482458,0.468989,,2081200,,
1,1,,0.116842,0.854892,0.028266,,2065700,,
1,2,,0.051052,0.174258,0.77469,,2074400,,
1,1,,0.403191,0.587121,0.009688,,2559700,,
1,1,,0.263129,0.727183,0.009688,,2839400,,
1,2,,0.048553,0.432732,0.518715,,2098000,,
1,1,,0.119699,0.852035,0.028266,,2543200,,
1,1,,0.447481,0.54283,0.009688,,2129800,,
1,2,,0.051052,0.254258,0.69469,,2049400,,
1,1,,0.093314,0.807815,0.098871,,2086200,,
1,2,,0.051275,0.244578,0.704147,,2036500,,
1,2,,0.047323,0.369171,0.583506,,2187900,,
1,2,,0.187323,0.211755,0.600923,,2094700,,
1,1,,0.432815,0.557497,0.009688,,3393500,,
1,1,,0.094309,0.773526,0.132165,,2050200,,
1,1,,0.232881,0.716383,0.050736,,2083200,,
1,1,,0.136842,0.834892,0.028266,,2094900,,
1,1,,0.427481,0.56283,0.009688,,2021900,,
1,1,,0.08953,0.777326,0.133144,,2052800,,
1,1,,0.449481,0.54083,0.009688,,2341000,,
1,1,,0.089521,0.859263,0.051216,,2070800,,
1,1,,0.455731,0.53458,0.009688,,2063700,,
1,1,,0.092881,0.772859,0.13426,,2050300,,
1,1,,0.429934,0.560378,0.009688,,2021100,,
1,0,,0.497731,0.49258,0.009688,,2010500,,
1,2,,0.333281,0.093534,0.573185,,2029200,,
1,1,,0.067951,0.500779,0.43127,,2003900,,
1,1,,0.048553,0.59898,0.352467,,2029800,,
1,1,,0.116895,0.844115,0.03899,,2125500,,
1,1,,0.096842,0.874892,0.028266,,3127700,,
1,1,,0.11491,0.830915,0.054175,,2431000,,
1,1,,0.089521,0.875263,0.035216,,2424400,,
1,1,,0.398684,0.591628,0.009688,,2345600,,
1,0,,0.590731,0.39958,0.009688,,2318200,,
1,1,,0.446767,0.543545,0.009688,,3114700,,
1,1,,0.092823,0.773972,0.133205,,3148100,,
1,2,,0.052363,0.219876,0.727761,,2637800,,
1,1,,0.089521,0.869013,0.041466,,2125900,,
1,1,,0.378684,0.611628,0.009688,,2045800,,
1,1,,0.091395,0.612829,0.295776,,2014700,,
1,1,,0.458684,0.531628,0.009688,,3800200,,
1,2,,0.047323,0.338421,0.614256,,3190400,,
1,1,,0.293534,0.677878,0.028589,,4354700,,
1,1,,0.110458,0.772065,0.117477,,3367800,,
1,1,,0.086004,0.713907,0.200089,,2398000,,
1,1,,0.123037,0.73399,0.142974,,2332700,,
1,1,,0.093482,0.860439,0.046079,,2636000,,
1,0,,0.507481,0.48283,0.009688,,2345200,,
1,1,,0.09491,0.870915,0.034175,,2332300,,
1,1,,0.149155,0.637701,0.213144,,2395000,,
1,1,,0.068442,0.695354,0.236204,,2343800,,
1,2,,0.048553,0.416143,0.535304,,2393300,,
1,1,,0.426697,0.563614,0.009688,,2426800,,
1,1,,0.066522,0.548744,0.384734,,2350000,,
1,1,,0.253482,0.687522,0.058996,,2367500,,
1,1,,0.447481,0.54283,0.009688,,2351800,,
1,1,,0.119918,0.851815,0.028266,,2344900,,
1,1,,0.368017,0.622295,0.009688,,2430900,,
1,1,,0.089155,0.741701,0.169144,,2417300,,
1,1,,0.089155,0.821701,0.089144,,2326700,,
1,1,,0.093598,0.809736,0.096666,,2339000,,
1,1,,0.399267,0.591045,0.009688,,3722000,,
1,1,,0.132881,0.816383,0.050736,,2373900,,
1,1,,0.068817,0.710979,0.220204,,2552100,,
1,1,,0.089155,0.837701,0.073144,,2477800,,
1,1,,0.259918,0.711815,0.028266,,2565600,,
1,1,,0.09827,0.872035,0.029695,,3113200,,
1,0,,0.575731,0.39458,0.029688,,2359000,,
1,1,,0.216932,0.754479,0.028589,,2346100,,
1,1,,0.212138,0.753365,0.034497,,2396000,,
1,1,,0.387267,0.603045,0.009688,,2408200,,
1,1,,0.444017,0.546295,0.009688,,2330100,,
1,1,,0.134026,0.829329,0.036645,,2362100,,
1,1,,0.127263,0.764148,0.108589,,2366600,,
1,1,,0.439481,0.55083,0.009688,,2347900,,
1,2,,0.050568,0.230499,0.718933,,2372200,,
1,2,,0.047323,0.445333,0.507345,,2330100,,
1,1,,0.112881,0.856383,0.030736,,2357900,,
1,0,,0.497731,0.49258,0.009688,,2131900,,
1,1,,0.090949,0.812406,0.096645,,2008700,,
1,1,,0.425731,0.56458,0.009688,,2100700,,
1,1,,0.048553,0.490982,0.460465,,2704600,,
1,0,,0.538684,0.451628,0.009688,,2047500,,
1,1,,0.492815,0.497497,0.009688,,2012500,,
1,1,,0.052303,0.558278,0.389418,,2048400,,
1,1,,0.048553,0.490982,0.460465,,2009700,,
1,1,,0.175244,0.552723,0.272032,,2016100,,
1,1,,0.048553,0.518458,0.432989,,2734300,,
1,0,,0.528017,0.422295,0.049688,,2050400,,
1,2,,0.065291,0.348664,0.586044,,2019000,,
1,2,,0.053633,0.315675,0.630693,,2046000,,
1,1,,0.094755,0.685219,0.220026,,2073800,,
1,1,,0.089521,0.699263,0.211216,,2004800,,
1,1,,0.126888,0.844523,0.028589,,2003000,,
1,1,,0.233482,0.697772,0.068746,,2011800,,
1,1,,0.091678,0.697629,0.210693,,2017100,,
1,1,,0.17754,0.794832,0.027629,,2016800,,
1,2,,0.050568,0.228642,0.72079,,2909100,,
1,1,,0.448017,0.542295,0.009688,,2203800,,
1,1,,0.091678,0.778963,0.129359,,2046100,,
1,2,,0.048656,0.270026,0.681318,,2083000,,
1,0,,0.581231,0.40908,0.009688,,2006200,,
1,1,,0.155796,0.815937,0.028266,,1993500,,
1,0,,0.517731,0.47258,0.009688,,2151800,,
1,1,,0.466767,0.523545,0.009688,,2035300,,
1,1,,0.086004,0.686637,0.227359,,2013000,,
1,1,,0.089521,0.875263,0.035216,,2001200,,
1,1,,0.093482,0.817772,0.088746,,1995800,,
1,1,,0.092881,0.876383,0.030736,,2010300,,
1,2,,0.145018,0.419216,0.435766,,1994200,,
1,1,,0.420778,0.569534,0.009688,,2054500,,
1,1,,0.088318,0.675906,0.235776,,2035800,,
1,2,,0.069974,0.306469,0.623558,,2016600,,
1,1,,0.089155,0.704367,0.206478,,2050800,,
1,2,,0.048553,0.355286,0.596161,,2038900,,
1,0,,0.568017,0.422295,0.009688,,1975500,,
1,0,,0.522684,0.422295,0.055022,,1980500,,
1,2,,0.168553,0.316619,0.514827,,2016200,,
1,1,,0.400427,0.589885,0.009688,,1980700,,
1,1,,0.086004,0.581304,0.332692,,2002600,,
1,1,,0.092881,0.876383,0.030736,,2249600,,
1,1,,0.382434,0.607878,0.009688,,3698800,,
2,2,,0.461989,0.018893,0.519119,,2000600,,
2,2,,0.312145,0.019375,0.66848,,2041900,,
2,0,,0.502086,0.018893,0.479022,,2008600,,
2,2,,0.056195,0.070131,0.873674,,1999000,,
2,2,,0.054862,0.070131,0.875007,,3108800,,
2,0,,0.509586,0.018893,0.471522,,2260000,,
2,0,,0.542086,0.018893,0.439022,,2051900,,
2,2,,0.054862,0.186131,0.759007,,2058900,,
2,2,,0.324645,0.019375,0.65598,,2046100,,
2,2,,0.047323,0.290193,0.662485,,2040700,,
2,2,,0.049887,0.230356,0.719757,,1997500,,
2,2,,0.390086,0.018893,0.591022,,1987900,,
2,2,,0.322494,0.061083,0.616423,,1991600,,
2,2,,0.049982,0.397146,0.552872,,2030200,,
2,0,,0.514086,0.018893,0.467022,,2286600,,
2,2,,0.121385,0.061083,0.817532,,2005700,,
2,2,,0.101385,0.101083,0.797532,,2009600,,
2,2,,0.047323,0.268166,0.684511,,1999900,,
2,2,,0.261385,0.061083,0.677532,,2032600,,
2,2,,0.054862,0.070131,0.875007,,1986900,,
2,2,,0.29165,0.061565,0.646785,,1983500,,
2,2,,0.406086,0.018893,0.575022,,3485200,,
2,1,,0.088318,0.669656,0.242026,,2126600,,
2,2,,0.094862,0.130131,0.775007,,2124000,,
2,0,,0.502086,0.018893,0.479022,,2098800,,
2,2,,0.054862,0.130131,0.815007,,2031300,,
2,2,,0.098862,0.070131,0.831007,,1997900,,
2,2,,0.074862,0.150131,0.775007,,3457300,,
2,1,,0.066164,0.49022,0.443616,,2060700,,
2,2,,0.048553,0.322982,0.628465,,2323900,,
2,2,,0.389645,0.019375,0.59098,,2149200,,
2,2,,0.179779,0.021955,0.798266,,2020300,,
2,2,,0.111275,0.104578,0.784147,,2057700,,
2,2,,0.448645,0.019375,0.53198,,2048200,,
2,2,,0.295645,0.019375,0.68498,,2068200,,
2,2,,0.454645,0.019375,0.52598,,2189400,,
2,2,,0.051052,0.214258,0.73469,,3247300,,
2,2,,0.154719,0.061083,0.784198,,2282900,,
2,2,,0.047323,0.314421,0.638256,,2174700,,
2,2,,0.438614,0.078868,0.482518,,2072400,,
2,2,,0.489586,0.018893,0.491522,,2124700,,
2,0,,0.504586,0.018893,0.476522,,1995200,,
2,2,,0.149819,0.061083,0.789098,,2528600,,
2,0,,0.537086,0.018893,0.444022,,2084600,,
2,2,,0.071877,0.101202,0.826921,,2008600,,
2,2,,0.295145,0.019375,0.68548,,2129000,,
2,2,,0.066962,0.179178,0.75386,,2047400,,
2,2,,0.066522,0.463599,0.469879,,2017100,,
2,2,,0.047323,0.365088,0.587589,,2110500,,
2,2,,0.101385,0.061083,0.837532,,2073900,,
2,1,,0.088318,0.687406,0.224276,,2224200,,
2,2,,0.147323,0.215526,0.637151,,2172500,,
2,2,,0.052005,0.148226,0.799769,,2298200,,
2,2,,0.113899,0.098772,0.78733,,2044700,,
2,1,,0.1863,0.724794,0.088906,,1976500,,
2,2,,0.047323,0.291755,0.660923,,2138300,,
2,0,,0.502086,0.018893,0.479022,,2038700,,
2,2,,0.252145,0.019375,0.72848,,2120000,,
2,0,,0.503419,0.018893,0.477688,,3208400,,
2,2,,0.197385,0.061083,0.741532,,2311300,,
2,1,,0.093104,0.583985,0.322912,,2060100,,
2,2,,0.051877,0.201583,0.74654,,2112000,,
2,2,,0.146494,0.061083,0.792423,,2120700,,
2,2,,0.054862,0.070131,0.875007,,2010200,,
2,2,,0.071172,0.163408,0.765419,,2749200,,
2,2,,0.158862,0.070131,0.771007,,2619300,,
2,2,,0.476752,0.018893,0.504355,,2050000,,
2,2,,0.469645,0.019375,0.51098,,3141000,,
2,2,,0.047323,0.256687,0.69599,,2052700,,
2,2,,0.094501,0.090062,0.815437,,2015100,,
2,2,,0.317645,0.019375,0.66298,,2166200,,
2,2,,0.047323,0.334193,0.618485,,1998500,,
2,0,,0.506086,0.018893,0.475022,,2242900,,
2,2,,0.274719,0.061083,0.664198,,2507900,,
2,2,,0.201385,0.061083,0.737532,,2195400,,
2,2,,0.163152,0.061083,0.775765,,2006700,,
2,2,,0.135226,0.071705,0.793069,,2099100,,
2,2,,0.181385,0.061083,0.757532,,2054000,,
2,2,,0.050568,0.309356,0.640076,,2032600,,
2,2,,0.200656,0.175526,0.623818,,2079500,,
2,2,,0.343489,0.018893,0.637619,,2919600,,
2,2,,0.047323,0.365088,0.587589,,2113100,,
2,2,,0.047323,0.226193,0.726485,,2207400,,
2,0,,0.522086,0.018893,0.459022,,2160300,,
2,2,,0.375134,0.0226,0.602266,,2079300,,
2,2,,0.469645,0.019375,0.51098,,2020000,,
2,1,,0.232068,0.596156,0.171776,,2063500,,
2,1,,0.093598,0.598466,0.307936,,2120100,,
2,2,,0.432979,0.019375,0.547647,,2143800,,
2,2,,0.078862,0.070131,0.851007,,3406300,,
2,2,,0.409979,0.019375,0.570647,,2342400,,
2,2,,0.252479,0.019375,0.728147,,2411200,,
2,0,,0.587959,0.226923,0.185118,,2630900,,
2,2,,0.208553,0.274982,0.516465,,2308000,,
2,2,,0.048656,0.231526,0.719818,,3694600,,
2,2,,0.154862,0.070131,0.775007,,3399800,,
2,2,,0.340645,0.019375,0.63998,,2715100,,
2,2,,0.071052,0.099258,0.82969,,2482700,,
2,1,,0.049982,0.498791,0.451227,,2312700,,
2,2,,0.048553,0.345125,0.606322,,2505200,,
2,2,,0.190367,0.021955,0.787677,,2691100,,
2,2,,0.161385,0.061083,0.777532,,2801400,,
2,2,,0.210751,0.196347,0.592902,,2740000,,
2,2,,0.265385,0.061083,0.673532,,2022100,,
2,2,,0.048553,0.410982,0.540465,,2033300,,
2,2,,0.106385,0.061083,0.832532,,2009700,,
2,2,,0.357979,0.019375,0.622647,,2001300,,
2,1,,0.088318,0.761239,0.150443,,2026300,,
2,2,,0.374645,0.019375,0.60598,,2299000,,
2,2,,0.379489,0.018893,0.601619,,2019100,,
2,2,,0.072565,0.118772,0.808663,,1997000,,
2,0,,0.526086,0.018893,0.455022,,1987500,,
2,2,,0.114862,0.070131,0.815007,,2020700,,
2,2,,0.134862,0.070131,0.795007,,1988000,,
2,2,,0.071052,0.139258,0.78969,,1974600,,
2,2,,0.181385,0.061083,0.757532,,3712800,,
2,1,,0.235678,0.588036,0.176286,,2498600,,
2,2,,0.418086,0.018893,0.563022,,2125800,,
2,1,,0.126004,0.545137,0.328859,,2044400,,
2,1,,0.069121,0.471923,0.458956,,1998900,,
2,2,,0.047323,0.29154,0.661138,,1981000,,
2,2,,0.048553,0.330982,0.620465,,2084500,,
2,0,,0.390222,0.313975,0.295803,,2006800,,
2,2,,0.054862,0.070131,0.875007,,2021100,,
2,2,,0.101385,0.061083,0.837532,,3162500,,
2,2,,0.101385,0.061083,0.837532,,2121500,,
2,2,,0.315645,0.019375,0.66498,,2000400,,
2,2,,0.101385,0.101083,0.797532,,2117200,,
2,2,,0.317979,0.019375,0.662647,,2039000,,
2,2,,0.048553,0.462585,0.488862,,2053400,,
2,2,,0.07149,0.150019,0.778491,,2509100,,
2,0,,0.801356,0.144355,0.054289,,2216200,,
2,0,,0.469191,0.423073,0.107735,,2021400,,
2,2,,0.449645,0.019375,0.53098,,2044700,,
2,2,,0.249645,0.019375,0.73098,,2080800,,
2,2,,0.047323,0.291588,0.661089,,2015800,,
2,2,,0.382592,0.019375,0.598034,,2004900,,
2,2,,0.448567,0.019375,0.532059,,3208400,,
2,2,,0.273989,0.019375,0.706636,,2037900,,
2,2,,0.047323,0.274193,0.678485,,2252100,,
2,1,,0.048553,0.481648,0.469798,,2474500,,
2,2,,0.069827,0.329709,0.600463,,2183400,,
2,2,,0.272145,0.019375,0.70848,,2146900,,
2,1,,0.086004,0.640387,0.273609,,2035200,,
2,2,,0.048553,0.402982,0.548465,,1972600,,
2,2,,0.485233,0.019375,0.495392,,2379700,,
2,0,,0.562419,0.018893,0.418688,,3509900,,
2,2,,0.048633,0.280923,0.670445,,2042900,,
2,2,,0.052005,0.148226,0.799769,,2076300,,
2,2,,0.052565,0.098772,0.848663,,2096700,,
2,2,,0.429645,0.019375,0.55098,,2099800,,
2,0,,0.502086,0.018893,0.479022,,2028100,,
2,2,,0.132984,0.061565,0.805452,,3290600,,
2,2,,0.487419,0.018893,0.493688,,3605900,,
2,2,,0.429586,0.018893,0.551522,,3174700,,
2,2,,0.134862,0.070131,0.795007,,2370300,,
2,2,,0.130568,0.227642,0.64179,,2152600,,
2,2,,0.108553,0.290982,0.600465,,2107300,,
2,2,,0.180984,0.061565,0.757452,,2273500,,
2,2,,0.490086,0.018893,0.491022,,2221500,,
2,1,,0.10765,0.63209,0.260259,,2377000,,
2,1,,0.088318,0.782656,0.129026,,1992900,,
2,2,,0.054862,0.214131,0.731007,,2009500,,
2,0,,0.514086,0.018893,0.467022,,2043200,,
2,2,,0.481056,0.02035,0.498594,,2004500,,
2,2,,0.353086,0.018893,0.628022,,1986000,,
2,2,,0.076195,0.170131,0.753674,,2258900,,
2,2,,0.047402,0.243651,0.708947,,2147500,,
2,0,,0.684023,0.144355,0.171622,,1985100,,
2,2,,0.074862,0.070131,0.855007,,2090800,,
2,2,,0.340567,0.019375,0.640059,,2041700,,
2,2,,0.166671,0.088226,0.745103,,1992200,,
2,2,,0.101385,0.061083,0.837532,,1984200,,
2,1,,0.089521,0.779263,0.131216,,3327200,,
2,1,,0.094801,0.837823,0.067376,,3074000,,
2,2,,0.054501,0.152562,0.792937,,2138100,,
2,2,,0.119354,0.180576,0.70007,,2046700,,
2,1,,0.112068,0.461446,0.426486,,1987200,,
2,2,,0.243529,0.038205,0.718266,,2005200,,
2,2,,0.300479,0.019375,0.680147,,2016500,,
2,0,,0.514086,0.018893,0.467022,,1975700,,
2,2,,0.154862,0.070131,0.775007,,2013400,,
2,2,,0.239819,0.061083,0.699098,,2967500,,
2,2,,0.054501,0.252729,0.69277,,2210600,,
2,2,,0.412645,0.019375,0.56798,,2014500,,
2,2,,0.179113,0.02658,0.794307,,2028400,,
2,2,,0.176195,0.070131,0.753674,,2037600,,
2,2,,0.408586,0.018893,0.572522,,1987900,,
2,2,,0.074862,0.175845,0.749293,,2091100,,
2,2,,0.221385,0.061083,0.717532,,2028700,,
2,2,,0.486086,0.018893,0.495022,,2050300,,
2,2,,0.349979,0.019375,0.630647,,1994200,,
2,2,,0.354645,0.019375,0.62598,,2078100,,
2,2,,0.370401,0.019375,0.610224,,2032600,,
2,2,,0.134862,0.070131,0.795007,,2010100,,
2,2,,0.462086,0.018893,0.519022,,2029400,,
2,2,,0.381086,0.018893,0.600022,,2005100,,
2,2,,0.101385,0.137083,0.761532,,2048900,,
2,2,,0.114862,0.070131,0.815007,,2041700,,
2,2,,0.323145,0.019375,0.65748,,2578600,,
2,2,,0.216195,0.070131,0.713674,,2024300,,
2,2,,0.486086,0.018893,0.495022,,2011000,,
2,1,,0.086004,0.686637,0.227359,,2147600,,
2,0,,0.522086,0.018893,0.459022,,2026900,,
2,2,,0.107323,0.225171,0.667506,,2001600,,
2,0,,0.512674,0.018893,0.468434,,3088100,,
2,2,,0.358086,0.018893,0.623022,,2127200,,
2,2,,0.372979,0.019375,0.607647,,2174900,,
2,2,,0.148302,0.087062,0.764636,,2356900,,
2,2,,0.186494,0.061083,0.752423,,2120100,,
2,2,,0.051132,0.295546,0.653322,,2020200,,
2,2,,0.405312,0.019375,0.575314,,3240300,,
2,2,,0.116559,0.070371,0.813069,,2894600,,
2,2,,0.449645,0.019375,0.53098,,2057000,,
2,2,,0.265385,0.061083,0.673532,,2069800,,
2,2,,0.119354,0.240576,0.64007,,2052100,,
2,2,,0.101385,0.061083,0.837532,,1977000,,
2,2,,0.047323,0.214193,0.738485,,2013100,,
2,2,,0.161385,0.061083,0.777532,,2014900,,
2,2,,0.127323,0.223526,0.649151,,2011500,,
2,2,,0.114862,0.070131,0.815007,,2284500,,
2,2,,0.050568,0.303642,0.64579,,2694600,,
2,2,,0.241385,0.061083,0.697532,,2069500,,
2,2,,0.068195,0.131103,0.800702,,2053700,,
2,2,,0.180984,0.061565,0.757452,,2096100,,
2,2,,0.047323,0.294421,0.658256,,2034100,,
2,2,,0.051153,0.209327,0.73952,,2066500,,
2,2,,0.317979,0.019375,0.662647,,2112900,,
2,2,,0.284645,0.019375,0.69598,,2053000,,
2,0,,0.506086,0.018893,0.475022,,2072900,,
2,2,,0.231385,0.061083,0.707532,,2177500,,
2,2,,0.121385,0.061083,0.817532,,2026600,,
2,2,,0.312145,0.019375,0.66848,,1987300,,
2,2,,0.116195,0.070131,0.813674,,2098700,,
2,2,,0.101385,0.061083,0.837532,,2013700,,
2,2,,0.052005,0.230726,0.717269,,1997400,,
2,2,,0.116195,0.070131,0.813674,,1983200,,
2,2,,0.073819,0.10666,0.81952,,3142900,,
2,2,,0.449645,0.019375,0.53098,,2016900,,
2,2,,0.285385,0.061083,0.653532,,2000700,,
2,2,,0.437145,0.019375,0.54348,,2063900,,
2,2,,0.410323,0.019375,0.570303,,2029900,,
2,0,,0.492752,0.018893,0.488355,,1984200,,
2,2,,0.466086,0.018893,0.515022,,3052200,,
2,2,,0.205989,0.019375,0.774636,,2157500,,
2,2,,0.051052,0.139258,0.80969,,2005700,,
2,2,,0.486086,0.018893,0.495022,,2017100,,
2,1,,0.091351,0.628393,0.280256,,2012500,,
2,2,,0.101385,0.201083,0.697532,,2017200,,
2,2,,0.442086,0.018893,0.539022,,2002200,,
2,2,,0.317979,0.019375,0.662647,,2040300,,
2,0,,0.504586,0.018893,0.476522,,2015600,,
2,0,,0.498086,0.018893,0.483022,,1985200,,
2,2,,0.067323,0.270193,0.662485,,2019700,,
2,2,,0.397863,0.02035,0.581787,,1998600,,
2,2,,0.345113,0.021955,0.632932,,1972400,,
2,2,,0.264052,0.061083,0.674865,,2073500,,
2,2,,0.067951,0.438284,0.493765,,2003200,,
2,2,,0.398086,0.018893,0.583022,,1986400,,
