waveform-noise,Tuned_CWT,test,1,NANOSECONDS,PREDICTIONS, Generated by ClassifierExperiments.java on 2022-05-16 01:21:36.    SYSTEMPROPERTIES:{user.name:matth,os.arch:amd64,os.name:Windows 10},ENDSYSTEMPROPERTIES
No parameter info
0.7232767232767233,2981269400,2128964800,-1,99968168,3,,-1,-1
0,1,,0.385358,0.599672,0.01497,,2156200,,
0,1,,0.475482,0.511121,0.013397,,2015800,,
0,0,,0.636868,0.175953,0.187179,,2031000,,
0,0,,0.629119,0.216898,0.153983,,2031200,,
0,2,,0.284742,0.272263,0.442994,,2066800,,
0,1,,0.425358,0.559672,0.01497,,2017200,,
0,0,,0.510756,0.024118,0.465126,,2036100,,
0,0,,0.609938,0.370244,0.019818,,2003200,,
0,0,,0.559625,0.307287,0.133088,,2005600,,
0,1,,0.478642,0.508221,0.013138,,2004600,,
0,1,,0.422015,0.564761,0.013224,,1999800,,
0,1,,0.435004,0.552728,0.012268,,2006400,,
0,0,,0.578313,0.40259,0.019097,,2022600,,
0,2,,0.263374,0.022586,0.714041,,2034700,,
0,0,,0.513889,0.471221,0.01489,,2072900,,
0,0,,0.709931,0.241716,0.048353,,2001400,,
0,0,,0.738824,0.223191,0.037985,,1991500,,
0,2,,0.245697,0.022747,0.731556,,1987900,,
0,0,,0.492964,0.490328,0.016708,,2002000,,
0,0,,0.633256,0.051334,0.31541,,2444600,,
0,0,,0.49378,0.492996,0.013224,,2598100,,
0,1,,0.450406,0.536456,0.013138,,2048900,,
0,2,,0.431358,0.082458,0.486185,,2025800,,
0,2,,0.417962,0.042183,0.539856,,2009300,,
0,0,,0.525751,0.045516,0.428733,,1992200,,
0,1,,0.399669,0.584958,0.015372,,1985600,,
0,2,,0.413176,0.042344,0.54448,,2035300,,
0,2,,0.437017,0.042747,0.520236,,2004500,,
0,0,,0.5775,0.407527,0.014973,,2003800,,
0,1,,0.413889,0.571221,0.01489,,2071300,,
0,0,,0.650233,0.175953,0.173814,,1997600,,
0,2,,0.291556,0.022747,0.685697,,1990800,,
0,2,,0.36278,0.022747,0.614473,,1991900,,
0,0,,0.511695,0.470434,0.017871,,2024100,,
0,0,,0.54365,0.44059,0.01576,,2008400,,
0,0,,0.530997,0.452448,0.016555,,1994800,,
0,0,,0.525358,0.459672,0.01497,,2041100,,
0,0,,0.555004,0.432728,0.012268,,2026000,,
0,0,,0.640823,0.092065,0.267111,,2002900,,
0,2,,0.397962,0.022183,0.579856,,2013300,,
0,2,,0.331556,0.042747,0.625697,,3199600,,
0,1,,0.42341,0.562493,0.014097,,2023100,,
0,1,,0.41378,0.572996,0.013224,,2037500,,
0,2,,0.098929,0.092545,0.808526,,2069100,,
0,1,,0.378522,0.606269,0.015209,,2074300,,
0,2,,0.243331,0.042586,0.714084,,2022800,,
0,0,,0.658907,0.105289,0.235804,,2016800,,
0,0,,0.513021,0.470575,0.016404,,2004500,,
0,0,,0.632995,0.046215,0.32079,,1990400,,
0,0,,0.49378,0.492996,0.013224,,2013400,,
0,0,,0.692318,0.278211,0.029472,,1991100,,
0,1,,0.391032,0.594078,0.01489,,2003100,,
0,0,,0.495439,0.034903,0.469658,,2031700,,
0,2,,0.407909,0.045051,0.54704,,2023300,,
0,0,,0.540101,0.442321,0.017578,,2017000,,
0,0,,0.535746,0.447807,0.016446,,2001500,,
0,0,,0.511018,0.224132,0.26485,,1991000,,
0,0,,0.575259,0.373962,0.050779,,1990300,,
0,0,,0.542015,0.444761,0.013224,,2003700,,
0,0,,0.665845,0.047344,0.286811,,2008700,,
0,0,,0.484789,0.042183,0.473029,,2244300,,
0,2,,0.251556,0.042747,0.705697,,2021800,,
0,0,,0.696868,0.175953,0.127179,,2008000,,
0,1,,0.484013,0.503639,0.012348,,2035500,,
0,1,,0.455004,0.532728,0.012268,,2002400,,
0,1,,0.428119,0.555802,0.016079,,2005300,,
0,1,,0.373889,0.611221,0.01489,,2000200,,
0,0,,0.573008,0.408281,0.018711,,2017700,,
0,0,,0.619733,0.355861,0.024406,,2033600,,
0,2,,0.283331,0.022586,0.694084,,2009300,,
0,2,,0.245654,0.042747,0.711599,,2031000,,
0,1,,0.402015,0.584761,0.013224,,2027500,,
0,1,,0.43378,0.552996,0.013224,,2003400,,
0,0,,0.796868,0.155953,0.047179,,2022800,,
0,1,,0.442561,0.539861,0.017578,,2005300,,
0,2,,0.377962,0.042183,0.579856,,2014300,,
0,1,,0.152587,0.818009,0.029405,,2015700,,
0,1,,0.383519,0.600717,0.015764,,2293000,,
0,0,,0.575443,0.410464,0.014094,,2049700,,
0,0,,0.61783,0.368221,0.013948,,2008000,,
0,0,,0.504789,0.022183,0.473029,,2036500,,
0,0,,0.663352,0.304359,0.032289,,1985500,,
0,1,,0.312415,0.651305,0.036281,,1984100,,
0,1,,0.357151,0.62725,0.0156,,2042900,,
0,0,,0.66458,0.222192,0.113228,,2026700,,
0,2,,0.387909,0.025051,0.58704,,2008500,,
0,2,,0.091224,0.097544,0.811233,,2010600,,
0,1,,0.458006,0.529646,0.012348,,2013700,,
0,0,,0.62839,0.09568,0.275931,,2006400,,
0,0,,0.699928,0.113525,0.186548,,1976700,,
0,1,,0.445358,0.539672,0.01497,,1991700,,
0,0,,0.501792,0.04815,0.450058,,2030800,,
0,0,,0.563305,0.178843,0.257852,,2006200,,
0,2,,0.454736,0.045051,0.500213,,1995400,,
0,0,,0.577737,0.227351,0.194911,,2005000,,
0,1,,0.35956,0.626734,0.013706,,1993200,,
0,2,,0.367909,0.025051,0.60704,,1995200,,
0,0,,0.736737,0.227482,0.035781,,2605500,,
0,0,,0.588979,0.389388,0.021633,,2618800,,
0,1,,0.458413,0.528044,0.013543,,2083400,,
0,0,,0.613,0.373862,0.013138,,2074900,,
0,0,,0.538014,0.023957,0.438029,,2085600,,
0,0,,0.776868,0.175953,0.047179,,2019700,,
0,2,,0.424143,0.042747,0.533109,,2009700,,
0,2,,0.251599,0.022747,0.725654,,2023300,,
0,1,,0.47378,0.512996,0.013224,,1990500,,
0,2,,0.417962,0.042183,0.539856,,2006500,,
0,2,,0.450323,0.026173,0.523504,,2020500,,
0,0,,0.518006,0.469646,0.012348,,2010900,,
0,0,,0.549182,0.436724,0.014094,,2013500,,
0,2,,0.451155,0.059424,0.489421,,2100000,,
0,2,,0.184706,0.126606,0.688688,,2032700,,
0,0,,0.525358,0.459672,0.01497,,1997900,,
0,2,,0.367284,0.042586,0.590131,,1986500,,
0,2,,0.319288,0.045947,0.634764,,2032500,,
0,2,,0.424471,0.0345,0.541029,,2004700,,
0,0,,0.596613,0.389121,0.014267,,2009500,,
0,0,,0.696501,0.037937,0.265562,,2184600,,
0,0,,0.568828,0.413441,0.017731,,2019800,,
0,0,,0.615092,0.042183,0.342726,,2001500,,
0,0,,0.64173,0.344897,0.013373,,1997800,,
0,1,,0.399731,0.585299,0.014971,,2033700,,
0,2,,0.437962,0.042183,0.519856,,2017600,,
0,1,,0.435004,0.552728,0.012268,,1994600,,
0,2,,0.148815,0.146487,0.704698,,2022700,,
0,1,,0.413889,0.571221,0.01489,,1998400,,
0,0,,0.603445,0.02815,0.368404,,2014100,,
0,1,,0.452226,0.525525,0.022248,,2017700,,
0,2,,0.357316,0.042747,0.599937,,2033600,,
0,0,,0.510406,0.476456,0.013138,,1986100,,
0,0,,0.495004,0.492728,0.012268,,2014200,,
0,2,,0.397962,0.042183,0.559856,,2011200,,
0,2,,0.446349,0.042344,0.511308,,1994500,,
0,1,,0.37956,0.606734,0.013706,,2004000,,
0,2,,0.245697,0.042747,0.711556,,2029800,,
0,0,,0.598035,0.38701,0.014955,,2028600,,
0,0,,0.528868,0.45298,0.018152,,1985300,,
0,2,,0.464789,0.042183,0.493029,,1992600,,
0,1,,0.388245,0.596784,0.014971,,3256500,,
0,1,,0.46618,0.519079,0.014741,,2146200,,
0,2,,0.437962,0.022183,0.539856,,2064800,,
0,2,,0.456236,0.022736,0.521029,,2088300,,
0,1,,0.463676,0.521368,0.014955,,2020000,,
0,1,,0.466263,0.519407,0.014329,,1998600,,
0,0,,0.535004,0.452728,0.012268,,2009500,,
0,0,,0.754884,0.210091,0.035025,,2009600,,
0,0,,0.547549,0.439313,0.013138,,1990300,,
0,1,,0.39378,0.592996,0.013224,,1998300,,
0,1,,0.359669,0.624958,0.015372,,2013200,,
0,1,,0.433889,0.551221,0.01489,,2004600,,
0,0,,0.517962,0.022183,0.459856,,2025500,,
0,1,,0.456584,0.52773,0.015686,,2014400,,
0,0,,0.747181,0.219191,0.033629,,1992200,,
0,0,,0.533176,0.042344,0.42448,,1996300,,
0,0,,0.554516,0.422557,0.022926,,2525700,,
0,1,,0.373889,0.611221,0.01489,,3316400,,
0,0,,0.668896,0.314549,0.016555,,3678800,,
0,1,,0.403253,0.581501,0.015247,,2998600,,
0,0,,0.579072,0.046173,0.374755,,2340800,,
0,0,,0.572851,0.093525,0.333625,,2364000,,
0,0,,0.553014,0.042747,0.404239,,2309500,,
0,2,,0.345697,0.022747,0.631556,,2212900,,
0,0,,0.615092,0.042183,0.342726,,2045400,,
0,1,,0.444634,0.542225,0.013141,,2029800,,
0,1,,0.443031,0.534042,0.022926,,2002800,,
0,0,,0.554846,0.256034,0.189119,,2016000,,
0,2,,0.291556,0.042747,0.665697,,2027200,,
0,0,,0.519288,0.456038,0.024674,,1988800,,
0,2,,0.340457,0.022586,0.636958,,1993800,,
0,1,,0.35956,0.626734,0.013706,,2031100,,
0,1,,0.398413,0.588044,0.013543,,2024900,,
0,0,,0.582673,0.404189,0.013138,,2012900,,
0,0,,0.705982,0.247631,0.046387,,2064400,,
0,2,,0.171208,0.289951,0.538841,,2045200,,
0,0,,0.496402,0.042344,0.461255,,2047400,,
0,1,,0.422015,0.564761,0.013224,,2003700,,
0,1,,0.39378,0.592996,0.013224,,2062800,,
0,0,,0.484334,0.043139,0.472528,,2007200,,
0,2,,0.245654,0.042747,0.711599,,2036200,,
0,2,,0.424025,0.042183,0.533792,,2161800,,
0,2,,0.16454,0.092857,0.742603,,2045900,,
0,0,,0.524013,0.463639,0.012348,,2070800,,
0,0,,0.535004,0.452728,0.012268,,2068900,,
0,0,,0.671755,0.304629,0.023617,,2035500,,
0,0,,0.49378,0.492996,0.013224,,2030900,,
0,2,,0.367909,0.045051,0.58704,,2011300,,
0,0,,0.515004,0.472728,0.012268,,2082500,,
0,0,,0.60054,0.382904,0.016555,,2019500,,
0,0,,0.51625,0.033947,0.449803,,2018900,,
0,0,,0.727981,0.257064,0.014955,,2047300,,
0,2,,0.216749,0.280648,0.502602,,2031400,,
0,0,,0.519525,0.465228,0.015247,,2030700,,
0,2,,0.443739,0.045051,0.51121,,2083300,,
0,0,,0.676556,0.304807,0.018637,,2010800,,
0,0,,0.620595,0.04815,0.331255,,2041700,,
0,0,,0.676464,0.214524,0.109012,,2025200,,
0,0,,0.670643,0.115429,0.213928,,2129500,,
0,0,,0.536891,0.448139,0.01497,,2111600,,
0,0,,0.581286,0.382434,0.036281,,2033900,,
0,1,,0.442504,0.545228,0.012268,,2017500,,
0,0,,0.611587,0.236124,0.152289,,2002000,,
0,2,,0.425731,0.022747,0.551522,,2056900,,
0,1,,0.46618,0.519079,0.014741,,2146500,,
0,0,,0.548828,0.433441,0.017731,,2068800,,
0,1,,0.443239,0.544493,0.012268,,1993000,,
0,0,,0.556047,0.113525,0.330428,,2033400,,
0,1,,0.443239,0.544493,0.012268,,2035400,,
0,0,,0.583239,0.404493,0.012268,,1987900,,
0,0,,0.537509,0.448623,0.013868,,1983100,,
0,0,,0.49378,0.452996,0.053224,,1999200,,
0,0,,0.781808,0.18816,0.030032,,2014600,,
0,2,,0.377962,0.042183,0.579856,,2000700,,
0,2,,0.409341,0.045947,0.544712,,1999900,,
0,2,,0.295584,0.023139,0.681277,,3297800,,
0,0,,0.539072,0.046173,0.414755,,2221600,,
0,0,,0.52772,0.444834,0.027446,,2047400,,
0,1,,0.453889,0.531221,0.01489,,2041700,,
0,0,,0.764254,0.219191,0.016555,,1988400,,
0,2,,0.259385,0.219456,0.521159,,2015900,,
0,0,,0.541979,0.385999,0.072022,,2040300,,
0,0,,0.720917,0.026768,0.252315,,2035700,,
0,0,,0.645688,0.179286,0.175025,,1999800,,
0,0,,0.679928,0.113525,0.206548,,1999900,,
0,0,,0.636245,0.216898,0.146857,,1991100,,
0,2,,0.366736,0.022747,0.610517,,1986000,,
0,2,,0.473176,0.042344,0.48448,,1983400,,
0,0,,0.515004,0.472728,0.012268,,2023100,,
0,0,,0.502251,0.481896,0.015853,,2084500,,
0,2,,0.231852,0.086648,0.6815,,2019500,,
0,0,,0.505735,0.479292,0.014973,,2161800,,
0,0,,0.497962,0.022183,0.479856,,2021500,,
0,1,,0.373889,0.611221,0.01489,,1990100,,
0,1,,0.435004,0.552728,0.012268,,1984900,,
0,0,,0.500888,0.022183,0.476929,,2029600,,
0,2,,0.417962,0.029683,0.552356,,2000100,,
0,0,,0.513889,0.471221,0.01489,,2065300,,
0,0,,0.658636,0.236222,0.105141,,2034300,,
0,0,,0.707629,0.185451,0.10692,,2024200,,
0,1,,0.466291,0.515487,0.018222,,1992300,,
0,0,,0.490177,0.037937,0.471885,,1993800,,
0,0,,0.630233,0.175953,0.193814,,2005100,,
0,2,,0.366099,0.025051,0.60885,,2001300,,
0,2,,0.477316,0.022747,0.499937,,2049800,,
0,0,,0.652217,0.082458,0.265325,,2099100,,
0,0,,0.776868,0.175953,0.047179,,2031900,,
0,0,,0.594799,0.259174,0.146027,,2005000,,
0,0,,0.638824,0.243191,0.117985,,2008000,,
0,0,,0.698469,0.167718,0.133814,,1998900,,
0,2,,0.337101,0.050947,0.611952,,2004400,,
0,0,,0.521726,0.462985,0.015289,,2007100,,
0,1,,0.46618,0.519079,0.014741,,2973200,,
0,2,,0.436088,0.050051,0.513861,,2043500,,
0,0,,0.52239,0.461008,0.016602,,2020700,,
0,1,,0.358522,0.626269,0.015209,,2063600,,
0,0,,0.61619,0.232737,0.151073,,2010300,,
0,2,,0.307626,0.025947,0.666427,,2005200,,
0,0,,0.510951,0.094763,0.394285,,2039700,,
0,0,,0.497962,0.042183,0.459856,,1992400,,
0,0,,0.464241,0.085008,0.450751,,2058400,,
0,0,,0.627946,0.358917,0.013138,,2012800,,
0,0,,0.495004,0.492728,0.012268,,2062200,,
0,1,,0.39378,0.592996,0.013224,,2010700,,
0,2,,0.327909,0.025051,0.64704,,1993000,,
0,2,,0.427909,0.045051,0.52704,,2005800,,
0,2,,0.447204,0.043139,0.509658,,1994400,,
0,0,,0.619248,0.115429,0.265323,,1985000,,
0,2,,0.347909,0.045051,0.60704,,2041000,,
0,2,,0.365697,0.042747,0.591556,,2030000,,
0,2,,0.259506,0.307345,0.433149,,2010400,,
0,0,,0.53378,0.452996,0.013224,,1997400,,
0,1,,0.222759,0.402616,0.374624,,2868200,,
0,1,,0.417417,0.568489,0.014094,,2524100,,
0,1,,0.274974,0.695747,0.029279,,2033200,,
0,0,,0.52474,0.042183,0.433078,,2097000,,
0,0,,0.462788,0.403908,0.133304,,2029000,,
0,0,,0.709805,0.273889,0.016307,,1993400,,
0,2,,0.461942,0.046173,0.491885,,2070300,,
0,0,,0.493889,0.491221,0.01489,,2019700,,
0,1,,0.453889,0.531221,0.01489,,2041100,,
0,0,,0.495004,0.492728,0.012268,,2020600,,
0,1,,0.270002,0.68235,0.047648,,2059900,,
0,1,,0.339669,0.644958,0.015372,,1991200,,
0,0,,0.543239,0.444493,0.012268,,1988100,,
0,0,,0.512379,0.034512,0.453109,,2016800,,
0,0,,0.635746,0.347807,0.016446,,2007000,,
0,1,,0.373889,0.611221,0.01489,,2022900,,
0,2,,0.186581,0.067545,0.745875,,2012800,,
0,2,,0.353571,0.045947,0.600482,,1997400,,
0,2,,0.434102,0.042747,0.523151,,2011200,,
0,1,,0.457618,0.526847,0.015534,,1982800,,
0,2,,0.470852,0.042183,0.486965,,2068700,,
0,2,,0.246581,0.087545,0.665875,,2082600,,
0,0,,0.702021,0.099071,0.198908,,2030600,,
0,0,,0.527902,0.044348,0.42775,,2024300,,
0,0,,0.68964,0.275571,0.034788,,2052300,,
0,1,,0.435004,0.552728,0.012268,,1978000,,
0,0,,0.522673,0.464189,0.013138,,1998900,,
0,2,,0.357316,0.042747,0.599937,,2003800,,
0,0,,0.776868,0.175953,0.047179,,1985600,,
0,1,,0.471754,0.512482,0.015764,,1989900,,
0,1,,0.403253,0.581501,0.015247,,2019000,,
0,0,,0.504271,0.469338,0.026391,,2018400,,
0,0,,0.547289,0.351067,0.101644,,1993400,,
0,0,,0.584013,0.363639,0.052348,,1978600,,
0,1,,0.433889,0.551221,0.01489,,2049200,,
0,2,,0.457316,0.042747,0.499937,,1988200,,
0,2,,0.308648,0.042747,0.648605,,1971700,,
0,0,,0.487408,0.458156,0.054436,,2146200,,
0,0,,0.524634,0.462225,0.013141,,2046900,,
0,2,,0.42278,0.042747,0.534473,,1995900,,
0,2,,0.358633,0.050051,0.591316,,2005300,,
0,2,,0.477962,0.022183,0.499856,,2046200,,
0,2,,0.075345,0.073477,0.851178,,1987800,,
0,0,,0.694987,0.046173,0.25884,,1986100,,
0,2,,0.457962,0.042183,0.499856,,2003900,,
0,0,,0.665688,0.179286,0.155025,,1995000,,
0,0,,0.51287,0.473989,0.013141,,1998400,,
0,0,,0.581304,0.399204,0.019492,,2356200,,
0,2,,0.339288,0.045947,0.614764,,2017800,,
0,2,,0.441942,0.046173,0.511885,,2005200,,
0,2,,0.457962,0.042183,0.499856,,2011000,,
0,0,,0.480263,0.478259,0.041477,,2011600,,
0,1,,0.47956,0.486734,0.033706,,2001500,,
0,0,,0.619173,0.299074,0.081753,,1991000,,
0,1,,0.387408,0.598156,0.014436,,2007300,,
0,2,,0.386349,0.042344,0.571308,,2019500,,
0,0,,0.522124,0.462985,0.01489,,2026600,,
0,0,,0.781808,0.18816,0.030032,,2062000,,
0,2,,0.358445,0.022747,0.618808,,3141600,,
0,2,,0.427369,0.030247,0.542384,,2036700,,
0,2,,0.357316,0.030247,0.612437,,2864400,,
0,2,,0.383407,0.022586,0.594007,,2034700,,
0,0,,0.58618,0.399079,0.014741,,2010100,,
0,0,,0.496755,0.48669,0.016555,,2031100,,
0,2,,0.295584,0.023139,0.681277,,2048800,,
0,1,,0.486473,0.501179,0.012348,,1998700,,
0,1,,0.433889,0.551221,0.01489,,2010100,,
0,0,,0.603559,0.051334,0.345107,,2001100,,
0,1,,0.192587,0.778009,0.029405,,1995300,,
1,1,,0.150178,0.818524,0.031298,,2008200,,
1,1,,0.197517,0.51241,0.290073,,2049700,,
1,0,,0.574384,0.207441,0.218176,,2061900,,
1,1,,0.190981,0.778352,0.030667,,2049200,,
1,1,,0.37598,0.486845,0.137175,,2018600,,
1,1,,0.211938,0.753907,0.034155,,2050900,,
1,2,,0.052493,0.27819,0.669317,,2006500,,
1,1,,0.117109,0.825255,0.057636,,2002000,,
1,2,,0.052874,0.215058,0.732068,,2070100,,
1,1,,0.479669,0.504958,0.015372,,2013800,,
1,1,,0.40128,0.585496,0.013224,,2029100,,
1,2,,0.072879,0.292319,0.634801,,2050300,,
1,2,,0.053828,0.402294,0.543878,,2048600,,
1,1,,0.475004,0.512728,0.012268,,2002600,,
1,1,,0.097218,0.831743,0.071039,,2010100,,
1,1,,0.096666,0.552289,0.351045,,2006300,,
1,1,,0.097218,0.780331,0.122452,,1996500,,
1,1,,0.117998,0.4765,0.405502,,2023800,,
1,1,,0.098498,0.592961,0.308542,,2059700,,
1,1,,0.413889,0.571221,0.01489,,2050200,,
1,1,,0.095563,0.748633,0.155804,,2015900,,
1,2,,0.054556,0.435812,0.509632,,1985400,,
1,2,,0.052334,0.139001,0.808664,,2000200,,
1,1,,0.421597,0.543576,0.034827,,1981600,,
1,1,,0.137099,0.829698,0.033203,,1994900,,
1,2,,0.053828,0.223544,0.722628,,2011800,,
1,1,,0.19598,0.775019,0.029001,,2037400,,
1,1,,0.096666,0.569219,0.334115,,2016700,,
1,2,,0.053229,0.375974,0.570798,,2000400,,
1,0,,0.523253,0.461501,0.015247,,3027500,,
1,2,,0.052636,0.201037,0.746328,,2264500,,
1,1,,0.254974,0.715747,0.029279,,2038400,,
1,1,,0.47378,0.512996,0.013224,,2112200,,
1,1,,0.172587,0.798009,0.029405,,2022900,,
1,1,,0.433889,0.551221,0.01489,,2033500,,
1,1,,0.097218,0.70397,0.198813,,2406800,,
1,1,,0.33598,0.626845,0.037175,,2031700,,
1,1,,0.373889,0.611221,0.01489,,2005700,,
1,1,,0.055108,0.592219,0.352673,,2105800,,
1,2,,0.052879,0.272319,0.674801,,2023200,,
1,1,,0.398493,0.572228,0.029279,,2064900,,
1,1,,0.075964,0.478117,0.445919,,2064300,,
1,2,,0.052636,0.224529,0.722836,,2081600,,
1,1,,0.348184,0.636444,0.015372,,2047900,,
1,1,,0.37956,0.606734,0.013706,,2029200,,
1,2,,0.093828,0.43359,0.472583,,3284900,,
1,0,,0.555004,0.432728,0.012268,,3414300,,
1,1,,0.152587,0.818009,0.029405,,3052100,,
1,1,,0.358522,0.626269,0.015209,,2044600,,
1,2,,0.053828,0.222612,0.723561,,2022700,,
1,0,,0.515004,0.472728,0.012268,,2049900,,
1,1,,0.433889,0.551221,0.01489,,2006900,,
1,0,,0.513889,0.471221,0.01489,,1988100,,
1,1,,0.097218,0.84348,0.059303,,2014900,,
1,2,,0.052636,0.307598,0.639766,,2001200,,
1,1,,0.452613,0.529517,0.017871,,1998800,,
1,1,,0.255286,0.713416,0.031298,,2000400,,
1,1,,0.095563,0.688633,0.215804,,2085400,,
1,1,,0.413889,0.571221,0.01489,,2001600,,
1,1,,0.435004,0.552728,0.012268,,1977800,,
1,0,,0.552582,0.417786,0.029632,,1995600,,
1,1,,0.095563,0.636133,0.268304,,2008100,,
1,1,,0.291282,0.68098,0.027738,,1997200,,
1,1,,0.097218,0.70397,0.198813,,1992500,,
1,1,,0.435004,0.552728,0.012268,,2038500,,
1,2,,0.052334,0.318684,0.628982,,2021900,,
1,1,,0.35956,0.626734,0.013706,,2004800,,
1,1,,0.382471,0.602644,0.014885,,2209500,,
1,2,,0.26048,0.366668,0.372852,,2015200,,
1,1,,0.097218,0.68397,0.218813,,2016200,,
1,1,,0.270658,0.675278,0.054065,,2006100,,
1,0,,0.51378,0.472996,0.013224,,2035800,,
1,1,,0.098508,0.799288,0.102204,,2000400,,
1,2,,0.053229,0.295974,0.650798,,2003100,,
1,1,,0.393889,0.591221,0.01489,,2026600,,
1,1,,0.115454,0.610409,0.274137,,1999800,,
1,1,,0.150178,0.818524,0.031298,,2006700,,
1,0,,0.417498,0.291552,0.29095,,2007500,,
1,1,,0.261214,0.709381,0.029405,,1988300,,
1,1,,0.175283,0.760534,0.064184,,1986500,,
1,1,,0.199285,0.60665,0.194065,,1994800,,
1,1,,0.33726,0.645474,0.017266,,2039800,,
1,1,,0.373889,0.611221,0.01489,,2028000,,
1,1,,0.39378,0.592996,0.013224,,2006900,,
1,1,,0.073029,0.499053,0.427917,,2174500,,
1,1,,0.378413,0.608044,0.013543,,1998100,,
1,1,,0.095563,0.748633,0.155804,,1995600,,
1,1,,0.393889,0.591221,0.01489,,1989400,,
1,1,,0.339669,0.644958,0.015372,,2117600,,
1,1,,0.37726,0.605474,0.017266,,2006700,,
1,2,,0.055108,0.425668,0.519224,,2018900,,
1,1,,0.103563,0.546926,0.349511,,2057600,,
1,1,,0.116734,0.669038,0.214228,,2013000,,
1,1,,0.230002,0.72235,0.047648,,1990800,,
1,1,,0.457151,0.52725,0.0156,,1991600,,
1,0,,0.555004,0.432728,0.012268,,1994500,,
1,1,,0.095563,0.544,0.360436,,1993900,,
1,1,,0.095563,0.668633,0.235804,,2016800,,
1,1,,0.280317,0.67965,0.040033,,2090100,,
1,1,,0.373889,0.611221,0.01489,,2041600,,
1,1,,0.433889,0.551221,0.01489,,1997200,,
1,1,,0.098498,0.842109,0.059393,,2008500,,
1,2,,0.074309,0.454638,0.471053,,1996700,,
1,0,,0.496744,0.24532,0.257936,,1990000,,
1,1,,0.435004,0.552728,0.012268,,1999700,,
1,1,,0.490406,0.496456,0.013138,,3083700,,
1,1,,0.35956,0.626734,0.013706,,2892800,,
1,1,,0.373889,0.611221,0.01489,,2256500,,
1,1,,0.196862,0.770324,0.032814,,2138300,,
1,2,,0.053828,0.262612,0.683561,,2153300,,
1,2,,0.179105,0.176409,0.644486,,2294400,,
1,1,,0.385358,0.599672,0.01497,,2288700,,
1,1,,0.095563,0.601248,0.303188,,2003400,,
1,1,,0.097218,0.84348,0.059303,,2217900,,
1,2,,0.074279,0.307638,0.618083,,2424400,,
1,1,,0.097218,0.84348,0.059303,,2076900,,
1,1,,0.095888,0.700028,0.204084,,2060800,,
1,0,,0.575004,0.412728,0.012268,,2171200,,
1,1,,0.137218,0.592105,0.270678,,1983300,,
1,1,,0.413889,0.571221,0.01489,,2098900,,
1,1,,0.097218,0.68397,0.218813,,2363000,,
1,1,,0.098498,0.862109,0.039393,,2193000,,
1,1,,0.37956,0.606734,0.013706,,2004700,,
1,0,,0.535004,0.452728,0.012268,,2154400,,
1,1,,0.425358,0.559672,0.01497,,1998100,,
1,1,,0.116666,0.758858,0.124476,,1987800,,
1,2,,0.351992,0.125505,0.522503,,2033900,,
1,0,,0.511419,0.451406,0.037175,,2094700,,
1,0,,0.513889,0.471221,0.01489,,2089400,,
1,2,,0.052636,0.224529,0.722836,,2014900,,
1,1,,0.149701,0.679723,0.170576,,2057700,,
1,1,,0.097218,0.64397,0.258813,,2012400,,
1,1,,0.435004,0.552728,0.012268,,1990900,,
1,2,,0.054745,0.408607,0.536648,,2023400,,
1,1,,0.393889,0.591221,0.01489,,2003000,,
1,1,,0.314974,0.655747,0.029279,,2021000,,
1,1,,0.419669,0.564958,0.015372,,2017300,,
1,1,,0.464564,0.498261,0.037175,,2137100,,
1,2,,0.216316,0.143233,0.64045,,2008000,,
1,1,,0.33726,0.645474,0.017266,,1999800,,
1,1,,0.151307,0.799379,0.049314,,2011700,,
1,2,,0.053276,0.320252,0.626472,,2015800,,
1,1,,0.473889,0.511221,0.01489,,1988500,,
1,1,,0.281214,0.689381,0.029405,,1991500,,
1,2,,0.053223,0.36507,0.581707,,3268600,,
1,1,,0.217695,0.7529,0.029405,,2110400,,
1,1,,0.43378,0.552996,0.013224,,2089900,,
1,0,,0.575004,0.412728,0.012268,,2058000,,
1,1,,0.228797,0.741246,0.029957,,2005800,,
1,1,,0.378413,0.608044,0.013543,,1988700,,
1,1,,0.097218,0.84348,0.059303,,2036700,,
1,1,,0.373889,0.611221,0.01489,,2001300,,
1,1,,0.355497,0.611913,0.032591,,1992700,,
1,1,,0.359669,0.624958,0.015372,,2021900,,
1,1,,0.413889,0.571221,0.01489,,2018000,,
1,2,,0.053223,0.26507,0.681707,,2008700,,
1,1,,0.39378,0.592996,0.013224,,1978800,,
1,1,,0.152587,0.818009,0.029405,,2006500,,
1,1,,0.359669,0.624958,0.015372,,2026900,,
1,1,,0.101089,0.845323,0.053589,,2006400,,
1,1,,0.151307,0.779379,0.069314,,2430000,,
1,2,,0.052636,0.324529,0.622836,,3334500,,
1,0,,0.493889,0.491221,0.01489,,2062400,,
1,1,,0.095563,0.662064,0.242372,,2116900,,
1,2,,0.053828,0.322294,0.623878,,2026400,,
1,1,,0.48341,0.502493,0.014097,,2036600,,
1,2,,0.055108,0.343993,0.600899,,2080900,,
1,1,,0.478413,0.508044,0.013543,,2038100,,
1,1,,0.455004,0.532728,0.012268,,2030000,,
1,1,,0.097218,0.799626,0.103156,,2048200,,
1,0,,0.497509,0.488623,0.013868,,2064300,,
1,2,,0.052173,0.311702,0.636125,,1991500,,
1,1,,0.150178,0.818524,0.031298,,1992400,,
1,1,,0.150178,0.818524,0.031298,,2007700,,
1,1,,0.197109,0.745255,0.057636,,1993700,,
1,1,,0.192587,0.778009,0.029405,,2011200,,
1,1,,0.218373,0.579762,0.201865,,2079000,,
1,1,,0.096843,0.787263,0.115894,,2025800,,
1,1,,0.459669,0.524958,0.015372,,1997200,,
1,1,,0.158389,0.803885,0.037727,,1988100,,
1,1,,0.098498,0.742109,0.159393,,2023300,,
1,2,,0.074137,0.250176,0.675687,,2056300,,
1,0,,0.515004,0.472728,0.012268,,1994800,,
1,0,,0.664752,0.12835,0.206897,,2041800,,
1,1,,0.239129,0.732402,0.028469,,2057600,,
1,1,,0.098498,0.737303,0.164199,,2010000,,
1,1,,0.078373,0.659762,0.261865,,1999300,,
1,1,,0.339669,0.644958,0.015372,,2010600,,
1,1,,0.115458,0.556722,0.32782,,2005800,,
1,1,,0.238624,0.68861,0.072766,,2007900,,
1,1,,0.151307,0.799379,0.049314,,2003400,,
1,0,,0.515482,0.471121,0.013397,,2019900,,
1,1,,0.47598,0.486845,0.037175,,2023100,,
1,2,,0.052334,0.243428,0.704238,,2011200,,
1,1,,0.115454,0.710409,0.174137,,2023700,,
1,2,,0.074132,0.334636,0.591232,,2001600,,
1,1,,0.236089,0.733244,0.030667,,1989500,,
1,1,,0.097218,0.84348,0.059303,,2045700,,
1,1,,0.196862,0.770324,0.032814,,2031200,,
1,1,,0.152587,0.818009,0.029405,,2004200,,
1,0,,0.523239,0.464493,0.012268,,2015500,,
1,1,,0.097218,0.74348,0.159303,,2175200,,
1,1,,0.279285,0.60665,0.114065,,2073600,,
1,1,,0.098498,0.742599,0.158903,,2004500,,
1,1,,0.098498,0.862109,0.039393,,2065900,,
1,1,,0.358063,0.625302,0.016635,,2034400,,
1,1,,0.152587,0.678009,0.169405,,2000100,,
1,1,,0.416782,0.569914,0.013304,,1992700,,
1,1,,0.151307,0.799379,0.049314,,2047300,,
1,1,,0.095563,0.768633,0.135804,,2011300,,
1,2,,0.054488,0.367908,0.577603,,2016800,,
1,2,,0.053828,0.436977,0.509195,,2024900,,
1,1,,0.150178,0.818524,0.031298,,1993700,,
1,1,,0.378413,0.608044,0.013543,,2045300,,
1,1,,0.098498,0.862109,0.039393,,2000300,,
1,1,,0.10753,0.859744,0.032727,,1979500,,
1,1,,0.403253,0.581501,0.015247,,2004600,,
1,1,,0.385358,0.599672,0.01497,,2022400,,
1,1,,0.298493,0.672228,0.029279,,2038900,,
1,1,,0.097218,0.820331,0.082452,,1992400,,
1,1,,0.177218,0.70348,0.119303,,1990100,,
1,1,,0.339669,0.644958,0.015372,,2877700,,
1,1,,0.053828,0.514296,0.431876,,2438100,,
1,1,,0.055108,0.652926,0.291966,,2023400,,
1,1,,0.053828,0.574296,0.371876,,2101200,,
1,2,,0.052173,0.426958,0.520869,,2044300,,
1,1,,0.098498,0.862109,0.039393,,2036200,,
1,1,,0.41378,0.572996,0.013224,,2063700,,
1,1,,0.373889,0.611221,0.01489,,2026700,,
1,2,,0.073029,0.371976,0.554994,,1985100,,
1,0,,0.513889,0.471221,0.01489,,1986400,,
1,1,,0.442142,0.543671,0.014187,,1991800,,
1,1,,0.240565,0.66528,0.094155,,2002400,,
1,2,,0.053423,0.353227,0.59335,,1998800,,
1,0,,0.575004,0.412728,0.012268,,2036400,,
1,0,,0.435004,0.412728,0.152268,,2021600,,
1,1,,0.097218,0.84348,0.059303,,2002000,,
1,1,,0.373889,0.611221,0.01489,,1995300,,
1,1,,0.117218,0.72348,0.159303,,2106600,,
1,2,,0.053276,0.247284,0.69944,,1993000,,
1,1,,0.152587,0.818009,0.029405,,2012800,,
1,1,,0.250178,0.718524,0.031298,,2099000,,
1,1,,0.151307,0.799379,0.049314,,2069000,,
1,1,,0.47378,0.512996,0.013224,,2029100,,
1,2,,0.053229,0.335974,0.610798,,2020100,,
1,1,,0.41598,0.546845,0.037175,,1989100,,
1,1,,0.097218,0.645543,0.257239,,1988400,,
1,1,,0.151307,0.799379,0.049314,,1982600,,
1,1,,0.075964,0.732904,0.191132,,2001500,,
1,1,,0.078373,0.719762,0.201865,,1990300,,
1,1,,0.097218,0.677401,0.225381,,2029700,,
1,1,,0.097218,0.78397,0.118813,,2032300,,
1,1,,0.115458,0.684948,0.199595,,2029600,,
1,1,,0.479525,0.505228,0.015247,,1984900,,
1,1,,0.172587,0.798009,0.029405,,1973000,,
1,1,,0.43378,0.552996,0.013224,,1991400,,
1,1,,0.228898,0.719895,0.051208,,1986500,,
1,1,,0.254302,0.705882,0.039816,,2037600,,
1,1,,0.097218,0.844432,0.05835,,2632900,,
1,1,,0.379731,0.605299,0.014971,,3305500,,
1,1,,0.393889,0.591221,0.01489,,2104400,,
1,1,,0.097218,0.84348,0.059303,,2085400,,
1,1,,0.147243,0.784558,0.068199,,2018500,,
1,1,,0.131938,0.833907,0.034155,,2015200,,
1,2,,0.052636,0.144846,0.802518,,2032000,,
1,2,,0.052572,0.237706,0.709722,,2008900,,
1,1,,0.357151,0.62725,0.0156,,2027500,,
1,1,,0.097218,0.696585,0.206197,,2030700,,
1,1,,0.39378,0.592996,0.013224,,1986400,,
1,1,,0.210178,0.758524,0.031298,,1984400,,
1,2,,0.052334,0.285563,0.662102,,2001500,,
1,1,,0.399669,0.584958,0.015372,,2004500,,
1,2,,0.074684,0.348138,0.577178,,2003100,,
1,1,,0.232587,0.738009,0.029405,,2029800,,
1,2,,0.052654,0.336726,0.61062,,2056300,,
1,1,,0.359934,0.590752,0.049314,,2026600,,
1,1,,0.42341,0.562493,0.014097,,1995100,,
1,1,,0.268898,0.679895,0.051208,,1992500,,
1,1,,0.241214,0.729381,0.029405,,2942500,,
1,2,,0.052493,0.233446,0.714061,,3477700,,
1,0,,0.515004,0.472728,0.012268,,3556100,,
1,0,,0.493889,0.491221,0.01489,,2416400,,
1,1,,0.467408,0.518156,0.014436,,2363700,,
1,1,,0.177109,0.625745,0.197146,,2376200,,
1,1,,0.37352,0.589305,0.037175,,2314300,,
1,2,,0.052572,0.220087,0.727341,,2333600,,
1,1,,0.271282,0.70098,0.027738,,2353000,,
1,1,,0.097218,0.72348,0.179303,,2341500,,
1,1,,0.098498,0.862109,0.039393,,2338800,,
1,1,,0.314974,0.655747,0.029279,,2332700,,
1,1,,0.274974,0.695747,0.029279,,2315700,,
1,2,,0.052173,0.311702,0.636125,,2304900,,
1,1,,0.359669,0.504958,0.135372,,2311500,,
1,2,,0.053828,0.347038,0.599134,,2324500,,
1,1,,0.095563,0.768633,0.135804,,2386500,,
1,1,,0.257837,0.639263,0.1029,,2342700,,
1,2,,0.074684,0.409646,0.51567,,2333800,,
1,1,,0.152587,0.818009,0.029405,,2319800,,
1,1,,0.151307,0.799379,0.049314,,2312200,,
1,1,,0.220456,0.747055,0.032489,,2344500,,
1,1,,0.335606,0.630138,0.034257,,2333600,,
1,1,,0.272587,0.698009,0.029405,,2326800,,
1,2,,0.052572,0.280166,0.667262,,2333700,,
1,1,,0.151307,0.779379,0.069314,,2173300,,
1,1,,0.095563,0.648633,0.255804,,1993800,,
1,1,,0.379731,0.465299,0.154971,,1982800,,
1,1,,0.30064,0.682725,0.016635,,2015300,,
1,2,,0.052636,0.224529,0.722836,,2024100,,
1,1,,0.151307,0.739379,0.109314,,1997000,,
1,1,,0.157046,0.808799,0.034155,,2039800,,
1,1,,0.095563,0.601248,0.303188,,2087400,,
1,1,,0.151307,0.699379,0.149314,,2011300,,
1,1,,0.055108,0.4847,0.460192,,1988000,,
1,1,,0.435004,0.552728,0.012268,,1996100,,
1,1,,0.098508,0.844094,0.057398,,2051300,,
1,1,,0.097218,0.798674,0.104109,,1997300,,
1,1,,0.098498,0.862109,0.039393,,1998100,,
1,2,,0.052636,0.308305,0.63906,,2101100,,
1,0,,0.557509,0.428623,0.013868,,2008900,,
1,1,,0.382471,0.602644,0.014885,,2001300,,
1,1,,0.321597,0.65828,0.020123,,2007600,,
1,1,,0.148898,0.799895,0.051208,,1985600,,
1,1,,0.119147,0.823061,0.057792,,2024400,,
1,2,,0.132173,0.211771,0.656055,,1995500,,
1,1,,0.150178,0.818524,0.031298,,2056300,,
1,1,,0.238498,0.69896,0.062542,,2802900,,
1,1,,0.150981,0.818352,0.030667,,2043700,,
1,1,,0.39378,0.592996,0.013224,,2028000,,
1,2,,0.052636,0.211408,0.735957,,2000700,,
1,1,,0.389922,0.574796,0.035282,,1981900,,
1,1,,0.151307,0.799379,0.049314,,2630300,,
2,2,,0.054739,0.145832,0.799429,,2967400,,
2,2,,0.467284,0.042586,0.490131,,2100500,,
2,2,,0.052173,0.207275,0.740552,,2263900,,
2,2,,0.084248,0.107017,0.808734,,2046700,,
2,2,,0.054114,0.121348,0.824538,,1999700,,
2,2,,0.186581,0.075045,0.738375,,2009000,,
2,2,,0.122806,0.094071,0.783123,,2039400,,
2,0,,0.484789,0.042183,0.473029,,2064000,,
2,2,,0.074132,0.379671,0.546196,,2107700,,
2,2,,0.072294,0.095064,0.832642,,2045000,,
2,2,,0.222926,0.050947,0.726127,,2012000,,
2,2,,0.321796,0.196085,0.482119,,2004300,,
2,1,,0.095563,0.628633,0.275804,,2008400,,
2,2,,0.07678,0.167862,0.755358,,2042000,,
2,1,,0.101089,0.705323,0.193589,,2008600,,
2,2,,0.402874,0.025604,0.571522,,2003600,,
2,2,,0.206066,0.142811,0.651123,,2017900,,
2,2,,0.363374,0.022586,0.614041,,2000900,,
2,2,,0.098929,0.092545,0.808526,,2005900,,
2,2,,0.454993,0.022586,0.522421,,2247300,,
2,2,,0.053034,0.144857,0.802109,,1998900,,
2,2,,0.094729,0.093795,0.811476,,2038100,,
2,1,,0.095563,0.477439,0.426998,,2013100,,
2,2,,0.187183,0.311868,0.50095,,1996700,,
2,2,,0.106581,0.067545,0.825875,,1998100,,
2,1,,0.098498,0.596031,0.305472,,1997500,,
2,2,,0.092572,0.131144,0.776283,,2063300,,
2,2,,0.193738,0.024704,0.781558,,2004600,,
2,2,,0.417962,0.025051,0.556987,,2017000,,
2,2,,0.176044,0.07625,0.747706,,2012900,,
2,2,,0.35865,0.022747,0.618603,,1984000,,
2,2,,0.074904,0.296774,0.628322,,1992400,,
2,2,,0.05354,0.131592,0.814867,,2007400,,
2,2,,0.427909,0.025051,0.54704,,2040100,,
2,2,,0.058624,0.18216,0.759215,,2054700,,
2,2,,0.106581,0.087545,0.805875,,2003100,,
2,2,,0.072717,0.236955,0.690328,,2126500,,
2,2,,0.119085,0.250183,0.630732,,1989700,,
2,2,,0.156875,0.136768,0.706357,,1980500,,
2,2,,0.301306,0.05126,0.647434,,2385100,,
2,2,,0.055063,0.173464,0.771473,,2417900,,
2,2,,0.397316,0.022747,0.579937,,2041600,,
2,2,,0.217497,0.050947,0.731556,,2140700,,
2,2,,0.052874,0.144489,0.802637,,2104100,,
2,2,,0.053499,0.08193,0.864572,,2005700,,
2,2,,0.264413,0.042586,0.693002,,1983600,,
2,2,,0.057895,0.136275,0.80583,,2034400,,
2,2,,0.327221,0.042747,0.630032,,1984900,,
2,2,,0.057793,0.192549,0.749658,,2068200,,
2,2,,0.053828,0.387038,0.559134,,2024300,,
2,2,,0.098929,0.092545,0.808526,,2085800,,
2,2,,0.052334,0.139001,0.808664,,2006900,,
2,0,,0.497962,0.022183,0.479856,,2007100,,
2,2,,0.368762,0.085213,0.546025,,2002600,,
2,2,,0.242806,0.045947,0.711246,,2001500,,
2,2,,0.052334,0.159001,0.788664,,1986200,,
2,2,,0.08454,0.102306,0.813154,,2880300,,
2,2,,0.09807,0.08946,0.81247,,2381400,,
2,2,,0.377962,0.029683,0.592356,,2061300,,
2,0,,0.485751,0.111273,0.402976,,2091200,,
2,2,,0.331637,0.038447,0.629916,,2005800,,
2,2,,0.233571,0.045947,0.720482,,1993200,,
2,2,,0.221304,0.058804,0.719892,,1992100,,
2,2,,0.052874,0.121577,0.82555,,1990100,,
2,2,,0.397316,0.042747,0.559937,,2000800,,
2,1,,0.095563,0.610569,0.293868,,2040100,,
2,2,,0.331637,0.030947,0.637416,,2240700,,
2,2,,0.437962,0.029683,0.532356,,2049600,,
2,2,,0.233528,0.025947,0.740525,,2003200,,
2,2,,0.056029,0.093814,0.850156,,2020100,,
2,2,,0.223232,0.087545,0.689224,,2009300,,
2,2,,0.417962,0.022183,0.559856,,1990800,,
2,2,,0.054106,0.087426,0.858468,,1998700,,
2,2,,0.265654,0.030247,0.704099,,2010500,,
2,2,,0.052874,0.131026,0.816101,,2049400,,
2,2,,0.426349,0.042344,0.531308,,2020500,,
2,2,,0.339288,0.045947,0.614764,,2152800,,
2,2,,0.156009,0.215155,0.628836,,2006600,,
2,2,,0.303232,0.067545,0.629224,,1991400,,
2,2,,0.054137,0.25492,0.690943,,2031900,,
2,2,,0.053828,0.347038,0.599134,,2027100,,
2,2,,0.417962,0.042183,0.539856,,2029800,,
2,2,,0.053276,0.321926,0.624798,,2008100,,
2,2,,0.205152,0.14833,0.646518,,2142000,,
2,0,,0.418,0.232761,0.349239,,2000700,,
2,2,,0.095563,0.443778,0.460659,,1995500,,
2,2,,0.323841,0.261389,0.41477,,2003300,,
2,2,,0.053757,0.26695,0.679293,,1999800,,
2,2,,0.052572,0.315571,0.631857,,2000700,,
2,2,,0.124912,0.108021,0.767067,,2021200,,
2,0,,0.490756,0.044118,0.465126,,2011500,,
2,2,,0.092173,0.310027,0.597799,,2004500,,
2,2,,0.249275,0.042586,0.708139,,2005100,,
2,2,,0.396659,0.050233,0.553109,,2022000,,
2,2,,0.055979,0.093795,0.850226,,2021700,,
2,2,,0.053489,0.094425,0.852086,,1996300,,
2,2,,0.397962,0.042183,0.559856,,2134000,,
2,2,,0.325654,0.042747,0.631599,,2045400,,
2,2,,0.098929,0.092545,0.808526,,2012500,,
2,2,,0.075364,0.111899,0.812737,,2015700,,
2,2,,0.300052,0.030947,0.669001,,2046500,,
2,2,,0.372558,0.042747,0.584695,,2004900,,
2,2,,0.231852,0.086648,0.6815,,2003300,,
2,2,,0.106581,0.087545,0.805875,,2010900,,
2,2,,0.05597,0.073165,0.870865,,1996300,,
2,2,,0.245654,0.022747,0.731599,,2001000,,
2,2,,0.331637,0.050947,0.617416,,2008300,,
2,2,,0.061256,0.228376,0.710367,,2050400,,
2,2,,0.197797,0.047209,0.754994,,2023100,,
2,2,,0.069129,0.09571,0.835162,,2016300,,
2,2,,0.098929,0.092545,0.808526,,2002800,,
2,2,,0.409341,0.045947,0.544712,,1989500,,
2,2,,0.466349,0.022344,0.511308,,1991200,,
2,2,,0.419288,0.045947,0.534764,,2008900,,
2,2,,0.098628,0.1067,0.794672,,2021400,,
2,2,,0.053223,0.32507,0.621707,,2016200,,
2,2,,0.094729,0.093795,0.811476,,2008500,,
2,2,,0.053223,0.225231,0.721546,,2830300,,
2,2,,0.092874,0.121577,0.78555,,2387200,,
2,2,,0.466349,0.029844,0.503808,,2011700,,
2,2,,0.329211,0.042747,0.628042,,2065500,,
2,2,,0.226581,0.087545,0.685875,,2007800,,
2,2,,0.10148,0.090878,0.807642,,1997700,,
2,2,,0.464789,0.022183,0.513029,,2028900,,
2,2,,0.250577,0.025947,0.723476,,2017200,,
2,2,,0.166581,0.087545,0.745875,,1992500,,
2,2,,0.087872,0.074523,0.837605,,1987900,,
2,2,,0.053188,0.173777,0.773035,,1992900,,
2,2,,0.054739,0.179621,0.765639,,2000800,,
2,2,,0.10344,0.092545,0.804016,,2003900,,
2,2,,0.053302,0.206011,0.740686,,2019900,,
2,2,,0.244201,0.071648,0.684151,,2009900,,
2,2,,0.120739,0.265519,0.613741,,2015600,,
2,2,,0.358499,0.050947,0.590554,,2011900,,
2,2,,0.05604,0.097892,0.846068,,2138700,,
2,2,,0.055059,0.19973,0.745212,,2050300,,
2,2,,0.106581,0.087545,0.805875,,1996100,,
2,2,,0.424789,0.022183,0.553029,,2018200,,
2,2,,0.054165,0.110947,0.834887,,2029600,,
2,2,,0.457962,0.042183,0.499856,,2008200,,
2,2,,0.055989,0.1138,0.830211,,2012600,,
2,2,,0.12755,0.091648,0.780802,,2075200,,
2,2,,0.28358,0.081851,0.634569,,1998300,,
2,1,,0.095563,0.475503,0.428934,,2016700,,
2,2,,0.356224,0.046173,0.597603,,2005000,,
2,2,,0.308427,0.029281,0.662293,,1990300,,
2,2,,0.374165,0.050947,0.574888,,2023400,,
2,2,,0.421851,0.061727,0.516422,,2018900,,
2,2,,0.227626,0.033447,0.738927,,2042400,,
2,2,,0.396236,0.030236,0.573529,,2021600,,
2,2,,0.21763,0.050947,0.731423,,2006900,,
2,2,,0.098367,0.383374,0.518259,,2038800,,
2,2,,0.073029,0.414875,0.512096,,1999000,,
2,2,,0.052173,0.311702,0.636125,,2001800,,
2,2,,0.323407,0.030086,0.646507,,2402500,,
2,2,,0.397316,0.042747,0.559937,,3233500,,
2,2,,0.24148,0.090878,0.667642,,2072500,,
2,2,,0.285637,0.072561,0.641803,,2103800,,
2,2,,0.285697,0.022747,0.691556,,2279300,,
2,2,,0.07597,0.09379,0.83024,,2038700,,
2,2,,0.323407,0.022586,0.654007,,2055100,,
2,2,,0.437316,0.042747,0.519937,,2010400,,
2,2,,0.397316,0.042747,0.559937,,2037100,,
2,2,,0.057229,0.118367,0.824404,,2086800,,
2,2,,0.377962,0.042183,0.579856,,2040300,,
2,2,,0.401443,0.043139,0.555418,,2011900,,
2,2,,0.446115,0.045947,0.507937,,1974600,,
2,2,,0.102743,0.124382,0.772874,,2029500,,
2,2,,0.106581,0.087545,0.805875,,1989200,,
2,2,,0.099884,0.298167,0.601949,,1972300,,
2,2,,0.341057,0.050947,0.607996,,1990200,,
2,2,,0.052794,0.28986,0.657345,,2035900,,
2,2,,0.075995,0.371436,0.552568,,2010400,,
2,2,,0.437962,0.042183,0.519856,,1997900,,
2,2,,0.485477,0.022747,0.491776,,3200500,,
2,2,,0.406349,0.022344,0.571308,,3512200,,
2,2,,0.052874,0.264172,0.682955,,2349100,,
2,2,,0.300151,0.15657,0.543279,,2074100,,
2,2,,0.327626,0.045947,0.626427,,2004800,,
2,2,,0.417316,0.042747,0.539937,,2011500,,
2,2,,0.226303,0.042747,0.73095,,2049000,,
2,2,,0.233528,0.045947,0.720525,,1994100,,
2,2,,0.437962,0.029683,0.532356,,1970600,,
2,2,,0.199599,0.151458,0.648943,,1988700,,
2,2,,0.052636,0.229273,0.718092,,1997000,,
2,2,,0.069146,0.131093,0.799762,,1987700,,
2,2,,0.052572,0.167335,0.780093,,2105300,,
2,1,,0.25891,0.67524,0.06585,,2048800,,
2,2,,0.052879,0.252319,0.694801,,2009200,,
2,1,,0.215563,0.446551,0.337886,,2014300,,
2,2,,0.061494,0.156093,0.782413,,2011500,,
2,2,,0.060113,0.138383,0.801504,,1991200,,
2,2,,0.161747,0.096593,0.74166,,1984500,,
2,2,,0.22148,0.090878,0.687642,,2120900,,
2,2,,0.053229,0.295974,0.650798,,2018900,,
2,2,,0.324335,0.069199,0.606466,,2026700,,
2,2,,0.172874,0.183551,0.643576,,2010900,,
2,2,,0.233571,0.045947,0.720482,,2026500,,
2,2,,0.052879,0.352319,0.594801,,1991600,,
2,2,,0.073029,0.374309,0.552661,,1992700,,
2,2,,0.406197,0.033947,0.559856,,1999200,,
2,2,,0.052794,0.159608,0.787598,,2007700,,
2,2,,0.052636,0.161037,0.786328,,2006000,,
2,2,,0.052794,0.18617,0.761036,,2058200,,
2,2,,0.225421,0.156338,0.618241,,2028900,,
2,2,,0.135435,0.118557,0.746007,,2007600,,
2,2,,0.102743,0.124382,0.772874,,1993300,,
2,2,,0.121165,0.114158,0.764676,,2017300,,
2,2,,0.073029,0.379053,0.547917,,2007400,,
2,2,,0.098104,0.443778,0.458118,,1995600,,
2,2,,0.415618,0.030639,0.553743,,2095900,,
2,2,,0.098229,0.182831,0.71894,,2024600,,
2,0,,0.438853,0.162522,0.398625,,2069800,,
2,2,,0.138929,0.092545,0.768526,,2022900,,
2,2,,0.269984,0.185788,0.544228,,2060900,,
2,2,,0.251599,0.022747,0.725654,,2000800,,
2,2,,0.283574,0.050947,0.665478,,1997900,,
2,2,,0.266988,0.022747,0.710265,,2002400,,
2,2,,0.053822,0.250717,0.695461,,2027300,,
2,2,,0.106581,0.067545,0.825875,,2014700,,
2,2,,0.073029,0.401496,0.525475,,2026700,,
2,2,,0.305697,0.022747,0.671556,,2020000,,
2,2,,0.401443,0.023139,0.575418,,1990700,,
2,2,,0.053276,0.337182,0.609542,,1998600,,
2,2,,0.053828,0.222612,0.723561,,2069100,,
2,2,,0.053828,0.422294,0.523878,,4378700,,
2,2,,0.073029,0.377379,0.549592,,5253000,,
2,2,,0.106581,0.087545,0.805875,,4244800,,
2,2,,0.052173,0.341312,0.606515,,5322400,,
2,2,,0.106581,0.087545,0.805875,,5729000,,
2,2,,0.085165,0.072545,0.842291,,4184800,,
2,2,,0.327909,0.029051,0.64304,,4671900,,
2,2,,0.138929,0.072545,0.788526,,3785000,,
2,2,,0.085165,0.201993,0.712842,,2451900,,
2,1,,0.175754,0.559493,0.264753,,2611000,,
2,2,,0.25389,0.034512,0.711599,,2786500,,
2,2,,0.052874,0.146774,0.800353,,2452400,,
2,2,,0.387909,0.045051,0.56704,,2356500,,
2,2,,0.300998,0.028384,0.670617,,3043700,,
2,2,,0.068517,0.096877,0.834606,,2614500,,
2,2,,0.146581,0.087545,0.765875,,2071200,,
2,2,,0.298885,0.022747,0.678368,,2110100,,
2,2,,0.251556,0.022747,0.725697,,2084000,,
2,2,,0.21773,0.19162,0.59065,,2058700,,
2,0,,0.443758,0.152565,0.403678,,2482600,,
2,2,,0.107068,0.072862,0.82007,,3043700,,
2,2,,0.055934,0.203023,0.741043,,5480800,,
2,2,,0.203531,0.050947,0.745521,,2484000,,
2,2,,0.271599,0.022747,0.705654,,2644700,,
2,2,,0.096001,0.118011,0.785988,,2477700,,
2,2,,0.366349,0.022344,0.611308,,2327200,,
2,2,,0.054711,0.099261,0.846028,,2331900,,
2,0,,0.531995,0.046173,0.421832,,2323200,,
2,2,,0.223309,0.042747,0.733944,,2362500,,
2,2,,0.052955,0.302571,0.644474,,2317600,,
2,2,,0.056336,0.286974,0.65669,,3630200,,
2,2,,0.053223,0.165231,0.781546,,2047200,,
2,2,,0.098929,0.192545,0.708526,,1997100,,
2,1,,0.097218,0.631897,0.270885,,2114100,,
