waveform-noise,Tuned_CWT,test,4,NANOSECONDS,PREDICTIONS, Generated by ClassifierExperiments.java on 2022-05-16 01:31:52.    SYSTEMPROPERTIES:{user.name:matth,os.arch:amd64,os.name:Windows 10},ENDSYSTEMPROPERTIES
No parameter info
0.6933066933066933,2931170500,1942043300,-1,101365184,3,,-1,-1
0,2,,0.405339,0.011503,0.583158,,2151000,,
0,2,,0.347755,0.011503,0.640742,,1997400,,
0,0,,0.600617,0.393181,0.006201,,2000200,,
0,2,,0.245463,0.012972,0.741565,,1987300,,
0,1,,0.447879,0.545919,0.006201,,1990100,,
0,0,,0.865251,0.117958,0.016791,,2007200,,
0,0,,0.497879,0.495919,0.006201,,2013000,,
0,1,,0.448713,0.545086,0.006201,,1990400,,
0,2,,0.101588,0.041658,0.856755,,1980500,,
0,0,,0.693558,0.298812,0.00763,,1981500,,
0,1,,0.118776,0.861046,0.020179,,1975600,,
0,1,,0.298583,0.675423,0.025994,,1967800,,
0,1,,0.414629,0.579169,0.006201,,1977400,,
0,1,,0.432463,0.561336,0.006201,,1994400,,
0,0,,0.599284,0.394514,0.006201,,1970000,,
0,0,,0.767074,0.175297,0.05763,,1918900,,
0,0,,0.508713,0.485086,0.006201,,1916300,,
0,2,,0.366339,0.011503,0.622158,,1915600,,
0,2,,0.386422,0.016836,0.596742,,1912000,,
0,1,,0.464903,0.528895,0.006201,,1917400,,
0,1,,0.432308,0.561491,0.006201,,1917700,,
0,2,,0.307672,0.011503,0.680825,,1932100,,
0,1,,0.430963,0.562836,0.006201,,1921200,,
0,0,,0.837527,0.031997,0.130476,,1919800,,
0,1,,0.457046,0.536753,0.006201,,1907700,,
0,0,,0.876691,0.093694,0.029615,,1901700,,
0,1,,0.253345,0.720661,0.025994,,1911800,,
0,2,,0.344602,0.04494,0.610458,,1905200,,
0,0,,0.822093,0.167777,0.01013,,1912800,,
0,2,,0.326339,0.011503,0.662158,,1936600,,
0,2,,0.346339,0.011503,0.642158,,1913800,,
0,1,,0.457046,0.536753,0.006201,,1912500,,
0,1,,0.456808,0.536991,0.006201,,1906800,,
0,2,,0.366339,0.011503,0.622158,,1907400,,
0,0,,0.502046,0.491753,0.006201,,1904100,,
0,2,,0.167313,0.011503,0.821184,,1915200,,
0,1,,0.432463,0.561336,0.006201,,1906100,,
0,1,,0.452463,0.541336,0.006201,,1919800,,
0,2,,0.331755,0.011503,0.656742,,1917000,,
0,1,,0.469546,0.524253,0.006201,,1913800,,
0,1,,0.468713,0.525086,0.006201,,1911200,,
0,2,,0.297005,0.011503,0.691492,,1914700,,
0,1,,0.461927,0.531872,0.006201,,1916300,,
0,0,,0.848975,0.019298,0.131726,,1914600,,
0,1,,0.448713,0.545086,0.006201,,1918600,,
0,1,,0.432225,0.561574,0.006201,,1921300,,
0,1,,0.468713,0.525086,0.006201,,1957300,,
0,1,,0.464963,0.528836,0.006201,,1933000,,
0,2,,0.376839,0.011503,0.611658,,1917900,,
0,2,,0.396839,0.011503,0.591658,,1921300,,
0,0,,0.736028,0.092749,0.171222,,1930800,,
0,0,,0.617724,0.012972,0.369304,,1925900,,
0,0,,0.656962,0.012972,0.330066,,1938300,,
0,2,,0.101588,0.041658,0.856755,,1927400,,
0,1,,0.491213,0.502586,0.006201,,1924200,,
0,2,,0.365339,0.011503,0.623158,,1916400,,
0,1,,0.452713,0.541086,0.006201,,1911100,,
0,1,,0.488713,0.505086,0.006201,,1912800,,
0,0,,0.855496,0.097724,0.04678,,1918300,,
0,1,,0.427129,0.566669,0.006201,,1927200,,
0,1,,0.150017,0.55289,0.297093,,1924800,,
0,0,,0.882428,0.096529,0.021043,,1915700,,
0,1,,0.464963,0.528836,0.006201,,1922800,,
0,1,,0.431475,0.562324,0.006201,,1933300,,
0,2,,0.317005,0.011503,0.671492,,1922800,,
0,2,,0.293839,0.011503,0.694658,,1915500,,
0,2,,0.101588,0.041658,0.856755,,1922700,,
0,1,,0.447046,0.546753,0.006201,,1921300,,
0,1,,0.45282,0.540979,0.006201,,1931600,,
0,0,,0.83486,0.031997,0.133143,,1923500,,
0,1,,0.423082,0.570717,0.006201,,2003200,,
0,0,,0.848975,0.019298,0.131726,,1944400,,
0,0,,0.878663,0.094624,0.026712,,1924900,,
0,2,,0.155233,0.181089,0.663679,,1932900,,
0,2,,0.331755,0.011503,0.656742,,1913100,,
0,0,,0.575153,0.012972,0.411875,,1921300,,
0,2,,0.331755,0.011503,0.656742,,1933700,,
0,2,,0.405339,0.011503,0.583158,,1919100,,
0,0,,0.556772,0.012972,0.430256,,1912900,,
0,1,,0.452463,0.541336,0.006201,,1937800,,
0,0,,0.647392,0.047659,0.304949,,1915600,,
0,1,,0.351166,0.62284,0.025994,,1916500,,
0,1,,0.071206,0.879292,0.049501,,1929000,,
0,2,,0.356839,0.011503,0.631658,,1910500,,
0,0,,0.877149,0.103248,0.019603,,1929800,,
0,2,,0.157838,0.045408,0.796755,,1920800,,
0,1,,0.112109,0.867712,0.020179,,1921300,,
0,2,,0.174559,0.380644,0.444796,,1916800,,
0,1,,0.452463,0.541336,0.006201,,1932800,,
0,1,,0.430879,0.562919,0.006201,,1917900,,
0,0,,0.879634,0.095093,0.025272,,1917600,,
0,1,,0.256249,0.717757,0.025994,,1922600,,
0,0,,0.854861,0.121284,0.023855,,1912700,,
0,2,,0.369339,0.011503,0.619158,,1926200,,
0,2,,0.265463,0.012972,0.721565,,1933000,,
0,1,,0.443296,0.550503,0.006201,,1940100,,
0,2,,0.311755,0.011503,0.676742,,1919100,,
0,2,,0.335755,0.011503,0.652742,,1918200,,
0,1,,0.452463,0.541336,0.006201,,1908500,,
0,1,,0.474252,0.519547,0.006201,,1938600,,
0,0,,0.556713,0.437086,0.006201,,1919500,,
0,0,,0.729225,0.248145,0.02263,,1925900,,
0,0,,0.67911,0.18783,0.13306,,1925700,,
0,1,,0.468713,0.525086,0.006201,,1947900,,
0,0,,0.524963,0.468836,0.006201,,1928000,,
0,0,,0.878678,0.100279,0.021043,,1934400,,
0,1,,0.477963,0.515836,0.006201,,1919300,,
0,0,,0.843739,0.148631,0.00763,,1948500,,
0,0,,0.783506,0.182857,0.033637,,1932100,,
0,1,,0.452463,0.541336,0.006201,,1917500,,
0,2,,0.394672,0.011503,0.593825,,1918700,,
0,0,,0.841101,0.151269,0.00763,,1926200,,
0,0,,0.830865,0.150927,0.018208,,1937500,,
0,2,,0.336839,0.011503,0.651658,,1931300,,
0,0,,0.547379,0.446419,0.006201,,1925700,,
0,2,,0.328005,0.011503,0.660492,,1936200,,
0,2,,0.121588,0.041658,0.836755,,1923800,,
0,0,,0.573856,0.419943,0.006201,,1917200,,
0,1,,0.448713,0.545086,0.006201,,1932700,,
0,2,,0.311755,0.011503,0.676742,,1926600,,
0,1,,0.490796,0.503003,0.006201,,1943600,,
0,0,,0.515284,0.474514,0.010201,,1946400,,
0,2,,0.304213,0.014222,0.681565,,1934000,,
0,2,,0.306339,0.011503,0.682158,,1920500,,
0,1,,0.452463,0.541336,0.006201,,1918100,,
0,1,,0.422046,0.571753,0.006201,,1922900,,
0,2,,0.410505,0.012753,0.576742,,1929200,,
0,0,,0.883399,0.096998,0.019603,,1937900,,
0,0,,0.845251,0.137958,0.016791,,1946500,,
0,1,,0.432713,0.561086,0.006201,,1934900,,
0,1,,0.43532,0.558479,0.006201,,1941300,,
0,0,,0.576689,0.39711,0.026201,,1918300,,
0,1,,0.408998,0.5848,0.006201,,1925100,,
0,2,,0.345089,0.012753,0.642158,,1922000,,
0,0,,0.810496,0.181874,0.00763,,1940600,,
0,2,,0.324505,0.011503,0.663992,,1917900,,
0,1,,0.441213,0.552586,0.006201,,1934000,,
0,0,,0.843739,0.148631,0.00763,,1927700,,
0,0,,0.87358,0.101057,0.025363,,1940200,,
0,1,,0.241249,0.732757,0.025994,,1919200,,
0,2,,0.101588,0.041658,0.856755,,1928600,,
0,1,,0.129855,0.833903,0.036241,,1919800,,
0,2,,0.317005,0.011503,0.671492,,1931800,,
0,0,,0.879634,0.095093,0.025272,,1925300,,
0,1,,0.477879,0.515919,0.006201,,1920900,,
0,0,,0.589951,0.403848,0.006201,,1938000,,
0,0,,0.823506,0.025181,0.151313,,1947200,,
0,0,,0.832975,0.019298,0.147726,,1964600,,
0,2,,0.369339,0.011503,0.619158,,1961000,,
0,1,,0.452725,0.541074,0.006201,,1948000,,
0,1,,0.432463,0.561336,0.006201,,1960500,,
0,0,,0.503713,0.490086,0.006201,,1938300,,
0,2,,0.286339,0.011503,0.702158,,1937800,,
0,0,,0.828975,0.019298,0.151726,,1983400,,
0,1,,0.229249,0.744757,0.025994,,1941000,,
0,0,,0.500085,0.493713,0.006201,,1931700,,
0,0,,0.791834,0.021651,0.186515,,1935900,,
0,0,,0.498046,0.495753,0.006201,,1933700,,
0,2,,0.328005,0.011503,0.660492,,1940800,,
0,0,,0.546796,0.447003,0.006201,,1933100,,
0,2,,0.377005,0.011503,0.611492,,1932700,,
0,1,,0.453419,0.54038,0.006201,,1966100,,
0,0,,0.497879,0.495919,0.006201,,1933700,,
0,0,,0.580713,0.413086,0.006201,,1919200,,
0,2,,0.040747,0.05918,0.900073,,1943600,,
0,1,,0.431379,0.562419,0.006201,,1933000,,
0,1,,0.437046,0.556753,0.006201,,1933500,,
0,2,,0.335755,0.011503,0.652742,,1939300,,
0,1,,0.395916,0.575423,0.028661,,1939000,,
0,2,,0.449339,0.011503,0.539158,,1945600,,
0,2,,0.329339,0.011503,0.659158,,1932200,,
0,0,,0.578295,0.012972,0.408732,,1935300,,
0,2,,0.405339,0.011503,0.583158,,1928600,,
0,0,,0.802093,0.187777,0.01013,,1943300,,
0,0,,0.846816,0.145554,0.00763,,1927300,,
0,1,,0.453713,0.540086,0.006201,,1934800,,
0,1,,0.461927,0.531872,0.006201,,1932700,,
0,2,,0.351755,0.011503,0.636742,,1942100,,
0,2,,0.121588,0.041658,0.836755,,1931700,,
0,2,,0.417005,0.011503,0.571492,,1933800,,
0,2,,0.405339,0.011503,0.583158,,1930400,,
0,2,,0.245463,0.012972,0.741565,,1931900,,
0,1,,0.472463,0.521336,0.006201,,1933200,,
0,0,,0.580642,0.046409,0.372949,,1947600,,
0,2,,0.297005,0.011503,0.691492,,1953800,,
0,2,,0.293839,0.011503,0.694658,,1948600,,
0,2,,0.389339,0.011503,0.599158,,1931300,,
0,2,,0.346339,0.011503,0.642158,,1925500,,
0,2,,0.324505,0.011503,0.663992,,1929200,,
0,0,,0.825631,0.130514,0.043855,,1936200,,
0,1,,0.437046,0.556753,0.006201,,1939900,,
0,0,,0.865251,0.117958,0.016791,,1924900,,
0,2,,0.368005,0.011503,0.620492,,1953400,,
0,2,,0.324505,0.011503,0.663992,,1941300,,
0,0,,0.837527,0.031997,0.130476,,1957500,,
0,1,,0.447129,0.546669,0.006201,,1916400,,
0,2,,0.356839,0.011503,0.631658,,1933700,,
0,0,,0.878399,0.101998,0.019603,,1954100,,
0,0,,0.581856,0.411943,0.006201,,1938300,,
0,1,,0.444629,0.549169,0.006201,,1934700,,
0,1,,0.450165,0.543634,0.006201,,1964900,,
0,2,,0.293839,0.011503,0.694658,,1949300,,
0,0,,0.575379,0.418419,0.006201,,1936700,,
0,0,,0.526962,0.441711,0.031327,,1929000,,
0,1,,0.452463,0.541336,0.006201,,1939200,,
0,2,,0.348005,0.011503,0.640492,,1946600,,
0,1,,0.44082,0.552979,0.006201,,1943500,,
0,1,,0.492463,0.501336,0.006201,,1929200,,
0,1,,0.414629,0.579169,0.006201,,1945200,,
0,1,,0.226249,0.747757,0.025994,,1939800,,
0,2,,0.363255,0.011503,0.625242,,1945100,,
0,0,,0.791746,0.200624,0.00763,,1928300,,
0,2,,0.317005,0.011503,0.671492,,1937900,,
0,2,,0.173899,0.084559,0.741543,,1941000,,
0,2,,0.302589,0.011503,0.685908,,1929900,,
0,0,,0.497879,0.495919,0.006201,,1947400,,
0,1,,0.456629,0.537169,0.006201,,1935300,,
0,0,,0.876691,0.093694,0.029615,,1941600,,
0,1,,0.492463,0.501336,0.006201,,1944600,,
0,2,,0.389339,0.011503,0.599158,,1937000,,
0,0,,0.535379,0.458419,0.006201,,1953400,,
0,0,,0.802882,0.024592,0.172525,,1931400,,
0,0,,0.78038,0.027019,0.192601,,1942300,,
0,0,,0.46986,0.458499,0.071641,,1959100,,
0,1,,0.483713,0.510086,0.006201,,1936200,,
0,1,,0.452463,0.541336,0.006201,,1937800,,
0,1,,0.409796,0.584003,0.006201,,1958000,,
0,2,,0.293839,0.011503,0.694658,,1929600,,
0,1,,0.477546,0.516253,0.006201,,1931500,,
0,2,,0.317005,0.011503,0.671492,,1941300,,
0,0,,0.874778,0.092749,0.032472,,1935800,,
0,0,,0.858899,0.058871,0.08223,,1949900,,
0,2,,0.368005,0.011503,0.620492,,1927600,,
0,2,,0.409339,0.011503,0.579158,,1933800,,
0,0,,0.881366,0.096083,0.022551,,1937000,,
0,2,,0.317005,0.011503,0.671492,,1937000,,
0,1,,0.458124,0.535674,0.006201,,1949100,,
0,0,,0.847749,0.093218,0.059032,,1938300,,
0,2,,0.342672,0.011503,0.645825,,1926000,,
0,2,,0.365339,0.011503,0.623158,,1968600,,
0,1,,0.469546,0.524253,0.006201,,1929900,,
0,2,,0.101588,0.041658,0.856755,,1936400,,
0,2,,0.337005,0.011503,0.651492,,1943600,,
0,1,,0.432582,0.561217,0.006201,,2028800,,
0,0,,0.875806,0.097482,0.026712,,1950100,,
0,2,,0.428005,0.011503,0.560492,,1951800,,
0,0,,0.862458,0.116522,0.02102,,1945400,,
0,2,,0.348005,0.011503,0.640492,,1939000,,
0,0,,0.880576,0.095569,0.023855,,1940500,,
0,0,,0.880322,0.100075,0.019603,,1938400,,
0,0,,0.845566,0.146804,0.00763,,1928500,,
0,2,,0.351755,0.011503,0.636742,,1969000,,
0,2,,0.286339,0.011503,0.702158,,1945300,,
0,0,,0.523713,0.470086,0.006201,,1930900,,
0,2,,0.300922,0.011503,0.687575,,1927500,,
0,0,,0.858663,0.114624,0.026712,,1933500,,
0,1,,0.489546,0.504253,0.006201,,1920300,,
0,1,,0.450732,0.536535,0.012734,,1926700,,
0,0,,0.865251,0.117958,0.016791,,1937000,,
0,2,,0.344505,0.011503,0.643992,,1956500,,
0,0,,0.713426,0.049913,0.236662,,1942600,,
0,1,,0.468713,0.525086,0.006201,,1921800,,
0,2,,0.101588,0.041658,0.856755,,1960800,,
0,1,,0.430046,0.563753,0.006201,,1938100,,
0,1,,0.188353,0.804728,0.006919,,1930900,,
0,0,,0.615629,0.012972,0.371399,,1922500,,
0,2,,0.396839,0.011503,0.591658,,1932600,,
0,2,,0.357005,0.011503,0.631492,,1935700,,
0,0,,0.735328,0.11719,0.147481,,1970800,,
0,2,,0.365339,0.011503,0.623158,,1969000,,
0,0,,0.829038,0.143332,0.02763,,1953200,,
0,0,,0.86431,0.097482,0.038208,,1928200,,
0,1,,0.443713,0.550086,0.006201,,1944100,,
0,2,,0.348005,0.011503,0.640492,,1941500,,
0,1,,0.484963,0.508836,0.006201,,1944000,,
0,1,,0.226583,0.747423,0.025994,,1934700,,
0,1,,0.432463,0.561336,0.006201,,1963200,,
0,2,,0.328005,0.011503,0.660492,,1957300,,
0,1,,0.477879,0.515919,0.006201,,1935100,,
0,0,,0.837719,0.057238,0.105043,,1927400,,
0,1,,0.468713,0.525086,0.006201,,1946700,,
0,2,,0.408005,0.011503,0.580492,,1935500,,
0,1,,0.469546,0.524253,0.006201,,1939900,,
0,2,,0.312589,0.011503,0.675908,,1924100,,
0,1,,0.469546,0.524253,0.006201,,1970800,,
0,1,,0.432463,0.561336,0.006201,,1964500,,
0,2,,0.146588,0.041658,0.811755,,1944200,,
0,0,,0.842882,0.024592,0.132525,,1935400,,
0,1,,0.448713,0.545086,0.006201,,1933500,,
0,1,,0.436213,0.557586,0.006201,,1926900,,
0,1,,0.472463,0.521336,0.006201,,1932600,,
0,2,,0.317005,0.011503,0.671492,,1929900,,
0,2,,0.304505,0.011503,0.683992,,1943500,,
0,0,,0.828975,0.019298,0.151726,,1965700,,
0,0,,0.883399,0.096998,0.019603,,1948800,,
0,2,,0.348005,0.011503,0.640492,,1929800,,
0,1,,0.45661,0.471749,0.071641,,1930100,,
0,2,,0.388005,0.011503,0.600492,,1949800,,
0,0,,0.880576,0.095569,0.023855,,1930000,,
0,2,,0.385339,0.011503,0.603158,,1941200,,
0,0,,0.600617,0.393181,0.006201,,1949300,,
0,1,,0.468713,0.525086,0.006201,,1938100,,
0,0,,0.864326,0.096819,0.038855,,1944400,,
0,1,,0.452463,0.541336,0.006201,,1933700,,
0,2,,0.349339,0.011503,0.639158,,1943600,,
0,1,,0.444713,0.549086,0.006201,,1936000,,
0,1,,0.417046,0.576753,0.006201,,1938600,,
0,1,,0.433713,0.560086,0.006201,,1931800,,
0,1,,0.468713,0.525086,0.006201,,1952100,,
0,0,,0.861366,0.096083,0.042551,,1969300,,
0,2,,0.400005,0.011503,0.588492,,1944900,,
0,1,,0.058517,0.583163,0.35832,,1963800,,
0,1,,0.437046,0.556753,0.006201,,1946000,,
0,0,,0.508713,0.485086,0.006201,,1952400,,
0,2,,0.348005,0.011503,0.640492,,1926600,,
0,2,,0.363922,0.011503,0.624575,,1940400,,
0,2,,0.331755,0.011503,0.656742,,1951400,,
0,1,,0.488713,0.505086,0.006201,,1971500,,
0,0,,0.723899,0.268471,0.00763,,1935100,,
0,2,,0.385339,0.011503,0.603158,,1927100,,
0,1,,0.436629,0.557169,0.006201,,1924400,,
0,2,,0.348005,0.011503,0.640492,,1929500,,
0,1,,0.449546,0.544253,0.006201,,1926700,,
0,0,,0.859855,0.053685,0.08646,,1952300,,
0,1,,0.413712,0.497461,0.088827,,1943500,,
0,0,,0.858076,0.098069,0.043855,,1962400,,
0,2,,0.293839,0.011503,0.694658,,1931400,,
0,1,,0.140204,0.839617,0.020179,,1927800,,
0,0,,0.813519,0.098412,0.088069,,1927800,,
0,0,,0.537951,0.455848,0.006201,,1923700,,
0,0,,0.819454,0.151138,0.029408,,1931000,,
0,1,,0.486689,0.50711,0.006201,,1934900,,
0,1,,0.488713,0.505086,0.006201,,1939400,,
0,0,,0.488045,0.477961,0.033994,,1940100,,
0,1,,0.452463,0.541336,0.006201,,1928500,,
0,1,,0.42082,0.572979,0.006201,,1923700,,
0,0,,0.795413,0.115248,0.089339,,1932500,,
0,2,,0.302589,0.011503,0.685908,,1924800,,
0,1,,0.116395,0.863426,0.020179,,1933500,,
1,2,,0.028396,0.435198,0.536406,,1952000,,
1,1,,0.051206,0.899292,0.049501,,1922800,,
1,2,,0.028396,0.361986,0.609618,,1926600,,
1,1,,0.051206,0.899292,0.049501,,1950700,,
1,1,,0.129728,0.850093,0.020179,,1923800,,
1,1,,0.226583,0.747423,0.025994,,1934600,,
1,1,,0.222583,0.751423,0.025994,,1919000,,
1,1,,0.116395,0.863426,0.020179,,1932200,,
1,1,,0.051206,0.899292,0.049501,,1957700,,
1,2,,0.028396,0.469986,0.501618,,1943400,,
1,1,,0.121633,0.858188,0.020179,,1954000,,
1,1,,0.448713,0.488836,0.062451,,1938400,,
1,1,,0.114871,0.86495,0.020179,,1929300,,
1,1,,0.11068,0.869141,0.020179,,1940400,,
1,2,,0.028396,0.449986,0.521618,,1935500,,
1,1,,0.051206,0.899292,0.049501,,1953600,,
1,2,,0.028396,0.409986,0.561618,,1941900,,
1,1,,0.059744,0.78819,0.152066,,1945500,,
1,1,,0.051206,0.899292,0.049501,,1945500,,
1,1,,0.146022,0.817737,0.036241,,1933300,,
1,1,,0.404903,0.588895,0.006201,,1944300,,
1,1,,0.481546,0.512253,0.006201,,1919100,,
1,1,,0.051206,0.896625,0.052168,,1931900,,
1,1,,0.040146,0.58098,0.378874,,1963900,,
1,1,,0.219258,0.628837,0.151904,,1926900,,
1,1,,0.051206,0.899292,0.049501,,1917800,,
1,1,,0.453379,0.540419,0.006201,,1938100,,
1,0,,0.619233,0.274392,0.106375,,1934200,,
1,1,,0.422546,0.571253,0.006201,,1934800,,
1,1,,0.071206,0.879292,0.049501,,1919300,,
1,1,,0.432463,0.561336,0.006201,,1926000,,
1,1,,0.051206,0.899292,0.049501,,1939700,,
1,1,,0.11193,0.867891,0.020179,,1944900,,
1,1,,0.236448,0.756633,0.006919,,1934400,,
1,1,,0.452725,0.541074,0.006201,,1938400,,
1,1,,0.444629,0.549169,0.006201,,1920700,,
1,1,,0.428998,0.5648,0.006201,,1941800,,
1,1,,0.094121,0.45996,0.445919,,1960900,,
1,1,,0.422248,0.55155,0.026201,,1932200,,
1,2,,0.035653,0.427375,0.536973,,1942100,,
1,2,,0.029188,0.316659,0.654153,,1957900,,
1,1,,0.071206,0.879292,0.049501,,1936000,,
1,1,,0.03094,0.516492,0.452568,,1948500,,
1,1,,0.413891,0.579907,0.006201,,1936200,,
1,2,,0.028072,0.457154,0.514774,,1946900,,
1,2,,0.028072,0.348992,0.622936,,1942100,,
1,1,,0.425879,0.567919,0.006201,,1953100,,
1,1,,0.051206,0.899292,0.049501,,1941000,,
1,1,,0.438796,0.555003,0.006201,,1963700,,
1,1,,0.468713,0.525086,0.006201,,1915600,,
1,1,,0.438058,0.555741,0.006201,,1971800,,
1,1,,0.128204,0.851617,0.020179,,1944800,,
1,2,,0.029508,0.171243,0.799249,,1941600,,
1,2,,0.031768,0.166977,0.801255,,1953100,,
1,1,,0.432463,0.561336,0.006201,,1967700,,
1,1,,0.051206,0.877959,0.070835,,1950800,,
1,1,,0.1283,0.851522,0.020179,,4161300,,
1,1,,0.051206,0.895292,0.053501,,3454800,,
1,1,,0.113264,0.866557,0.020179,,3434300,,
1,1,,0.430975,0.562824,0.006201,,3253600,,
1,1,,0.120204,0.859617,0.020179,,1908700,,
1,1,,0.059744,0.63031,0.309946,,1911700,,
1,1,,0.432225,0.541574,0.026201,,1908700,,
1,2,,0.344005,0.07017,0.585825,,1916600,,
1,1,,0.063756,0.766678,0.169566,,1926000,,
1,1,,0.051206,0.896625,0.052168,,1928500,,
1,1,,0.443713,0.550086,0.006201,,1948400,,
1,2,,0.028396,0.461986,0.509618,,1932400,,
1,1,,0.047565,0.692619,0.259816,,1917700,,
1,1,,0.452463,0.541336,0.006201,,1924000,,
1,1,,0.206925,0.786157,0.006919,,1931600,,
1,1,,0.112109,0.867712,0.020179,,1926300,,
1,1,,0.051206,0.895292,0.053501,,1934100,,
1,1,,0.411391,0.582407,0.006201,,1928100,,
1,2,,0.029501,0.378582,0.591917,,1952200,,
1,1,,0.458058,0.535741,0.006201,,1924300,,
1,1,,0.11068,0.869141,0.020179,,1934600,,
1,2,,0.028072,0.379407,0.592521,,1943900,,
1,2,,0.028072,0.457154,0.514774,,1929300,,
1,1,,0.051206,0.899292,0.049501,,1930200,,
1,1,,0.432463,0.561336,0.006201,,1935300,,
1,1,,0.427308,0.566491,0.006201,,1918900,,
1,1,,0.438058,0.555741,0.006201,,1947600,,
1,1,,0.114966,0.864855,0.020179,,1935200,,
1,1,,0.114966,0.864855,0.020179,,1924000,,
1,1,,0.43282,0.560979,0.006201,,1929000,,
1,1,,0.11068,0.869141,0.020179,,1927200,,
1,1,,0.051206,0.899292,0.049501,,1924000,,
1,1,,0.051206,0.896625,0.052168,,1937700,,
1,1,,0.051206,0.876625,0.072168,,1926500,,
1,1,,0.144378,0.835443,0.020179,,1943900,,
1,1,,0.199306,0.793776,0.006919,,1922200,,
1,1,,0.421748,0.57205,0.006201,,1930600,,
1,1,,0.051206,0.899292,0.049501,,1933700,,
1,1,,0.125442,0.854379,0.020179,,1933200,,
1,1,,0.051206,0.899292,0.049501,,1926000,,
1,1,,0.435963,0.557836,0.006201,,1930500,,
1,1,,0.403379,0.590419,0.006201,,1940200,,
1,1,,0.037694,0.825055,0.137251,,1928900,,
1,1,,0.405796,0.588003,0.006201,,1912900,,
1,1,,0.057694,0.785055,0.157251,,1932900,,
1,1,,0.463713,0.530086,0.006201,,1929000,,
1,1,,0.051206,0.850542,0.098251,,1921900,,
1,1,,0.448713,0.545086,0.006201,,1917300,,
1,1,,0.051206,0.899292,0.049501,,1914300,,
1,1,,0.051206,0.899292,0.049501,,1919300,,
1,1,,0.126022,0.837737,0.036241,,1928800,,
1,1,,0.123482,0.85634,0.020179,,1923200,,
1,1,,0.051206,0.872625,0.076168,,1908300,,
1,1,,0.120204,0.859617,0.020179,,1924900,,
1,1,,0.136395,0.843426,0.020179,,1929800,,
1,1,,0.404629,0.589169,0.006201,,1922200,,
1,1,,0.114966,0.864855,0.020179,,1915400,,
1,1,,0.412046,0.581753,0.006201,,1926500,,
1,1,,0.126022,0.83507,0.038908,,1927100,,
1,1,,0.049968,0.655284,0.294748,,1920900,,
1,1,,0.051206,0.896625,0.052168,,1931800,,
1,1,,0.051206,0.899292,0.049501,,1926800,,
1,2,,0.366339,0.051503,0.582158,,1925700,,
1,1,,0.054064,0.896435,0.049501,,1925600,,
1,0,,0.62369,0.232033,0.144277,,1924200,,
1,1,,0.126871,0.85295,0.020179,,1953800,,
1,1,,0.118776,0.861046,0.020179,,1914900,,
1,1,,0.051206,0.899292,0.049501,,1918500,,
1,1,,0.051206,0.899292,0.049501,,1921500,,
1,1,,0.051206,0.850542,0.098251,,1916900,,
1,1,,0.051206,0.879292,0.069501,,1915800,,
1,1,,0.432463,0.561336,0.006201,,1913200,,
1,1,,0.408463,0.585336,0.006201,,1917900,,
1,0,,0.676733,0.236892,0.086375,,1969400,,
1,1,,0.468713,0.525086,0.006201,,1926900,,
1,2,,0.028396,0.389986,0.581618,,1919100,,
1,1,,0.448998,0.5448,0.006201,,1920400,,
1,1,,0.45701,0.536788,0.006201,,1918300,,
1,1,,0.449546,0.544253,0.006201,,1919100,,
1,2,,0.029188,0.376659,0.594153,,1922100,,
1,1,,0.141633,0.838188,0.020179,,1947400,,
1,1,,0.470796,0.523003,0.006201,,1912900,,
1,2,,0.245463,0.012972,0.741565,,1918900,,
1,1,,0.472225,0.521574,0.006201,,1914600,,
1,1,,0.294732,0.692535,0.012734,,1916800,,
1,1,,0.051206,0.899292,0.049501,,1927500,,
1,1,,0.432463,0.561336,0.006201,,1928100,,
1,1,,0.11068,0.869141,0.020179,,1916800,,
1,1,,0.483713,0.510086,0.006201,,1947900,,
1,1,,0.132014,0.847807,0.020179,,1925800,,
1,1,,0.141633,0.838188,0.020179,,1939700,,
1,0,,0.508713,0.485086,0.006201,,1931000,,
1,1,,0.425915,0.567884,0.006201,,1927900,,
1,1,,0.439391,0.554407,0.006201,,1930800,,
1,1,,0.051206,0.899292,0.049501,,1929100,,
1,1,,0.438058,0.555741,0.006201,,1914700,,
1,1,,0.051206,0.899292,0.049501,,1953200,,
1,2,,0.046282,0.145553,0.808165,,1940200,,
1,1,,0.11068,0.849141,0.040179,,1944300,,
1,2,,0.028072,0.452533,0.519395,,1936100,,
1,2,,0.028072,0.417154,0.554774,,1934600,,
1,1,,0.415582,0.578217,0.006201,,1927600,,
1,2,,0.028072,0.393154,0.578774,,1929900,,
1,1,,0.051206,0.899292,0.049501,,1934000,,
1,1,,0.160204,0.819617,0.020179,,1959700,,
1,1,,0.126871,0.85295,0.020179,,1926100,,
1,1,,0.051206,0.899292,0.049501,,1928100,,
1,1,,0.212639,0.780443,0.006919,,1920700,,
1,2,,0.046232,0.414882,0.538886,,1925200,,
1,1,,0.051206,0.899292,0.049501,,1922400,,
1,1,,0.451594,0.542205,0.006201,,1930700,,
1,1,,0.432725,0.561074,0.006201,,1949100,,
1,1,,0.458891,0.534907,0.006201,,1932300,,
1,1,,0.464963,0.528836,0.006201,,1927200,,
1,1,,0.136395,0.843426,0.020179,,1932000,,
1,1,,0.452225,0.541574,0.006201,,1920600,,
1,1,,0.496213,0.497586,0.006201,,1923900,,
1,1,,0.051206,0.899292,0.049501,,1927700,,
1,1,,0.112109,0.867712,0.020179,,1927900,,
1,1,,0.051206,0.899292,0.049501,,1938700,,
1,1,,0.239916,0.73409,0.025994,,1926600,,
1,1,,0.037694,0.822388,0.139918,,1918400,,
1,1,,0.45782,0.535979,0.006201,,1910800,,
1,1,,0.427665,0.566134,0.006201,,1930400,,
1,1,,0.430248,0.56355,0.006201,,1927400,,
1,2,,0.028396,0.459986,0.511618,,1926200,,
1,1,,0.223916,0.75009,0.025994,,1917600,,
1,1,,0.428296,0.565503,0.006201,,1945200,,
1,1,,0.123061,0.85676,0.020179,,1928900,,
1,2,,0.029188,0.198576,0.772237,,1933400,,
1,1,,0.483379,0.510419,0.006201,,1917300,,
1,1,,0.483713,0.510086,0.006201,,1917100,,
1,1,,0.051206,0.879292,0.069501,,1939800,,
1,1,,0.304065,0.683201,0.012734,,1928500,,
1,1,,0.078379,0.839396,0.082225,,1924800,,
1,2,,0.055768,0.196977,0.747255,,1939900,,
1,1,,0.452463,0.541336,0.006201,,1932000,,
1,1,,0.481213,0.512586,0.006201,,1928900,,
1,1,,0.428463,0.565336,0.006201,,1927000,,
1,1,,0.463312,0.465047,0.071641,,1953500,,
1,2,,0.028396,0.449986,0.521618,,1922400,,
1,1,,0.118061,0.86176,0.020179,,1921500,,
1,1,,0.036146,0.55898,0.404874,,1962000,,
1,1,,0.116395,0.863426,0.020179,,1929800,,
1,2,,0.101588,0.041658,0.856755,,1942200,,
1,1,,0.488296,0.505503,0.006201,,1920400,,
1,1,,0.059744,0.50912,0.431137,,1935900,,
1,2,,0.029188,0.286659,0.684153,,1920400,,
1,1,,0.418891,0.574907,0.006201,,1929800,,
1,1,,0.125162,0.85113,0.023708,,1932700,,
1,1,,0.223115,0.769966,0.006919,,1954800,,
1,1,,0.051206,0.829209,0.119585,,1911000,,
1,1,,0.412463,0.581336,0.006201,,1928300,,
1,2,,0.055768,0.146977,0.797255,,1929300,,
1,1,,0.062327,0.768106,0.169566,,1934300,,
1,1,,0.057424,0.703945,0.238631,,1924200,,
1,2,,0.028072,0.437154,0.534774,,1921600,,
1,1,,0.028396,0.507448,0.464156,,1932600,,
1,2,,0.028072,0.377154,0.594774,,1950900,,
1,1,,0.128204,0.851617,0.020179,,1922700,,
1,1,,0.118776,0.861046,0.020179,,1918500,,
1,1,,0.432725,0.561074,0.006201,,1922200,,
1,1,,0.059744,0.54912,0.391137,,1917000,,
1,1,,0.064607,0.759798,0.175596,,1941800,,
1,1,,0.059744,0.65781,0.282446,,1937900,,
1,1,,0.051206,0.899292,0.049501,,1935500,,
1,1,,0.051206,0.857959,0.090835,,1940500,,
1,1,,0.05213,0.752014,0.195856,,1937000,,
1,1,,0.051206,0.899292,0.049501,,1942300,,
1,1,,0.428463,0.565336,0.006201,,1921400,,
1,1,,0.432903,0.560895,0.006201,,1915400,,
1,1,,0.452725,0.541074,0.006201,,1910700,,
1,1,,0.051206,0.899292,0.049501,,1936700,,
1,1,,0.188353,0.804728,0.006919,,1937800,,
1,1,,0.448713,0.545086,0.006201,,1943300,,
1,1,,0.111206,0.839292,0.049501,,1920600,,
1,1,,0.275916,0.69809,0.025994,,1940200,,
1,2,,0.028072,0.313278,0.65865,,1934700,,
1,2,,0.028072,0.283278,0.68865,,1936000,,
1,1,,0.438891,0.554907,0.006201,,1912800,,
1,1,,0.051206,0.879292,0.069501,,1924400,,
1,1,,0.112109,0.867712,0.020179,,1955200,,
1,1,,0.409796,0.584003,0.006201,,1933300,,
1,1,,0.051206,0.899292,0.049501,,1922300,,
1,1,,0.472463,0.521336,0.006201,,1917000,,
1,1,,0.051206,0.899292,0.049501,,1906900,,
1,2,,0.285463,0.040722,0.673815,,1939800,,
1,1,,0.448998,0.5448,0.006201,,2958800,,
1,1,,0.403379,0.590419,0.006201,,3597600,,
1,1,,0.051206,0.899292,0.049501,,1921200,,
1,2,,0.028072,0.415821,0.556107,,1920900,,
1,1,,0.414248,0.57955,0.006201,,1910700,,
1,1,,0.11068,0.866284,0.023036,,1932600,,
1,2,,0.029508,0.211243,0.759249,,1927100,,
1,1,,0.071206,0.879292,0.049501,,1922800,,
1,1,,0.11068,0.847807,0.041512,,1921400,,
1,1,,0.409546,0.584253,0.006201,,1917900,,
1,1,,0.441808,0.551991,0.006201,,1916400,,
1,1,,0.106692,0.76538,0.127928,,1912900,,
1,1,,0.448713,0.545086,0.006201,,1912100,,
1,1,,0.061173,0.786761,0.152066,,1934900,,
1,1,,0.116395,0.863426,0.020179,,1927300,,
1,1,,0.437046,0.556753,0.006201,,1921000,,
1,1,,0.456832,0.536967,0.006201,,1961400,,
1,1,,0.129728,0.850093,0.020179,,1931300,,
1,1,,0.451391,0.542407,0.006201,,1915800,,
1,1,,0.059744,0.676393,0.263863,,1925800,,
1,1,,0.028396,0.58048,0.391124,,1929000,,
1,1,,0.424629,0.569169,0.006201,,1927400,,
1,1,,0.443475,0.550324,0.006201,,1913600,,
1,2,,0.033466,0.197569,0.768965,,1921700,,
1,2,,0.038743,0.455423,0.505835,,1937800,,
1,1,,0.028396,0.60448,0.367124,,1917800,,
1,2,,0.028072,0.397154,0.574774,,1919700,,
1,2,,0.028072,0.437154,0.534774,,1909300,,
1,2,,0.028396,0.465198,0.506406,,1919300,,
1,1,,0.223916,0.75009,0.025994,,1927900,,
1,2,,0.028396,0.480652,0.490952,,1920300,,
1,1,,0.458796,0.535003,0.006201,,1921900,,
1,1,,0.116109,0.863712,0.020179,,1958800,,
1,1,,0.467308,0.526491,0.006201,,1922400,,
1,1,,0.477963,0.515836,0.006201,,1913500,,
1,1,,0.083272,0.738549,0.178179,,1925300,,
1,2,,0.029511,0.312695,0.657793,,1922200,,
1,1,,0.427129,0.566669,0.006201,,1914900,,
1,1,,0.421808,0.571991,0.006201,,1922600,,
1,1,,0.051206,0.899292,0.049501,,1923800,,
1,1,,0.452403,0.541395,0.006201,,1953600,,
1,1,,0.052635,0.897864,0.049501,,1916800,,
1,1,,0.475379,0.494419,0.030201,,1911100,,
1,1,,0.051206,0.899292,0.049501,,1912800,,
1,1,,0.133347,0.846474,0.020179,,1918400,,
1,0,,0.517879,0.475919,0.006201,,1916600,,
1,1,,0.429546,0.564253,0.006201,,1913300,,
1,1,,0.41701,0.576788,0.006201,,1916600,,
1,1,,0.413915,0.579884,0.006201,,1930700,,
1,1,,0.423379,0.570419,0.006201,,1915400,,
1,1,,0.051206,0.899292,0.049501,,1920800,,
1,1,,0.441415,0.552384,0.006201,,1908600,,
1,1,,0.452463,0.541336,0.006201,,1928300,,
1,1,,0.051206,0.876625,0.072168,,1933800,,
1,1,,0.112014,0.847807,0.040179,,1922300,,
1,1,,0.441808,0.551991,0.006201,,1924000,,
1,1,,0.121426,0.858396,0.020179,,1924700,,
1,2,,0.028072,0.407154,0.564774,,1931700,,
1,1,,0.441808,0.551991,0.006201,,1918500,,
1,1,,0.051206,0.876792,0.072001,,1916800,,
1,1,,0.051206,0.899292,0.049501,,1916900,,
1,2,,0.029508,0.209993,0.760499,,1928300,,
1,1,,0.226583,0.747423,0.025994,,1925800,,
1,1,,0.126871,0.85295,0.020179,,1945900,,
1,1,,0.042643,0.607878,0.349479,,1939200,,
1,2,,0.320879,0.057556,0.621565,,1921400,,
1,1,,0.488296,0.505503,0.006201,,1921300,,
1,1,,0.051206,0.899292,0.049501,,1918700,,
1,0,,0.497879,0.495919,0.006201,,1918100,,
1,1,,0.051206,0.899292,0.049501,,1917800,,
1,1,,0.133538,0.846284,0.020179,,1925200,,
1,1,,0.071206,0.879292,0.049501,,1935200,,
1,1,,0.051206,0.896625,0.052168,,1920600,,
1,1,,0.035977,0.608118,0.355905,,1920000,,
1,1,,0.229249,0.744757,0.025994,,1919300,,
1,1,,0.432463,0.561336,0.006201,,1913100,,
1,1,,0.133538,0.846284,0.020179,,1917400,,
1,1,,0.468713,0.525086,0.006201,,1914900,,
1,1,,0.043125,0.505885,0.45099,,1925000,,
1,0,,0.517879,0.475919,0.006201,,1936100,,
1,1,,0.136395,0.843426,0.020179,,1914400,,
1,1,,0.114966,0.864855,0.020179,,1917200,,
1,1,,0.051206,0.899292,0.049501,,1922000,,
1,1,,0.417963,0.575836,0.006201,,1920300,,
1,1,,0.452463,0.541336,0.006201,,1915100,,
1,1,,0.452463,0.541336,0.006201,,1916000,,
1,1,,0.051206,0.899292,0.049501,,1911600,,
1,1,,0.126871,0.85295,0.020179,,1937500,,
2,2,,0.032037,0.15614,0.811822,,1930600,,
2,2,,0.121588,0.041658,0.836755,,1918000,,
2,2,,0.317005,0.011503,0.671492,,1912600,,
2,2,,0.332589,0.011503,0.655908,,1912800,,
2,1,,0.059744,0.54187,0.398387,,1932400,,
2,2,,0.123016,0.043086,0.833898,,1921600,,
2,2,,0.355505,0.011503,0.632992,,1929400,,
2,2,,0.028072,0.263278,0.70865,,1938200,,
2,2,,0.101588,0.041658,0.856755,,1930200,,
2,2,,0.101588,0.041658,0.856755,,1927100,,
2,2,,0.317005,0.011503,0.671492,,1916700,,
2,2,,0.046789,0.114283,0.838928,,1929500,,
2,2,,0.101588,0.041658,0.856755,,1923800,,
2,2,,0.040747,0.05918,0.900073,,1925900,,
2,2,,0.033037,0.224185,0.742779,,1942900,,
2,2,,0.035768,0.116977,0.847255,,1937700,,
2,2,,0.049188,0.215326,0.735487,,1924900,,
2,2,,0.425339,0.011503,0.563158,,1923300,,
2,2,,0.306339,0.011503,0.682158,,1920400,,
2,2,,0.121588,0.041658,0.836755,,1929500,,
2,2,,0.033249,0.09614,0.87061,,1921800,,
2,2,,0.035768,0.116977,0.847255,,1925300,,
2,2,,0.054435,0.146977,0.798589,,1958800,,
2,2,,0.038177,0.060773,0.901051,,1926800,,
2,2,,0.321339,0.011503,0.667158,,1917900,,
2,2,,0.245463,0.012972,0.741565,,1919400,,
2,2,,0.028396,0.409486,0.562118,,1931500,,
2,2,,0.348005,0.011503,0.640492,,1927800,,
2,2,,0.101588,0.041658,0.856755,,1918400,,
2,2,,0.042017,0.058535,0.899448,,1927100,,
2,2,,0.028072,0.427154,0.544774,,1941400,,
2,2,,0.032614,0.096463,0.870922,,1928900,,
2,2,,0.409339,0.011503,0.579158,,1919600,,
2,1,,0.063273,0.570811,0.365916,,1933600,,
2,2,,0.316005,0.011503,0.672492,,1930700,,
2,2,,0.378196,0.011503,0.610301,,1917500,,
2,2,,0.041959,0.05918,0.89886,,1929800,,
2,2,,0.245463,0.012972,0.741565,,1944700,,
2,2,,0.101588,0.041658,0.856755,,1917600,,
2,2,,0.326339,0.011503,0.662158,,1911800,,
2,2,,0.029188,0.247909,0.722903,,1937100,,
2,2,,0.038217,0.114283,0.847499,,1917400,,
2,2,,0.333339,0.011503,0.655158,,1922900,,
2,2,,0.101588,0.041658,0.856755,,1917200,,
2,2,,0.344505,0.011503,0.643992,,1910400,,
2,2,,0.039389,0.060773,0.899838,,1941300,,
2,2,,0.121588,0.041658,0.836755,,1918400,,
2,2,,0.028396,0.390736,0.580868,,1916300,,
2,2,,0.029188,0.286659,0.684153,,1917600,,
2,2,,0.127742,0.02838,0.843878,,1918700,,
2,2,,0.028396,0.417986,0.553618,,1917500,,
2,2,,0.293839,0.011503,0.694658,,1910900,,
2,2,,0.101588,0.041658,0.856755,,1911300,,
2,2,,0.031768,0.166977,0.801255,,1935200,,
2,2,,0.101588,0.041658,0.856755,,1916900,,
2,1,,0.063273,0.469224,0.467503,,1925000,,
2,2,,0.245463,0.012972,0.741565,,1910300,,
2,2,,0.101588,0.041658,0.856755,,1915900,,
2,2,,0.390196,0.011503,0.598301,,1914200,,
2,2,,0.040024,0.06045,0.899526,,1919600,,
2,2,,0.101588,0.041658,0.856755,,1912500,,
2,2,,0.028072,0.263278,0.70865,,1942500,,
2,2,,0.028396,0.349986,0.621618,,1914900,,
2,2,,0.115464,0.128036,0.756501,,1910700,,
2,2,,0.332005,0.011503,0.656492,,1908800,,
2,2,,0.337005,0.011503,0.651492,,1909700,,
2,2,,0.101588,0.041658,0.856755,,1916400,,
2,2,,0.245463,0.012972,0.741565,,1919800,,
2,2,,0.028072,0.337154,0.634774,,1916500,,
2,2,,0.375589,0.011503,0.612908,,1935600,,
2,2,,0.265463,0.016972,0.717565,,1911000,,
2,2,,0.028072,0.417154,0.554774,,1911500,,
2,2,,0.039389,0.120773,0.839838,,1924300,,
2,2,,0.227313,0.015253,0.757434,,1915900,,
2,2,,0.356005,0.011503,0.632492,,1914100,,
2,2,,0.061324,0.059503,0.879173,,1918800,,
2,2,,0.028072,0.387154,0.584774,,1920600,,
2,2,,0.14016,0.146822,0.713018,,1937400,,
2,2,,0.101588,0.041658,0.856755,,1919200,,
2,2,,0.376839,0.011503,0.611658,,1909900,,
2,2,,0.029511,0.265195,0.705293,,1916800,,
2,2,,0.313839,0.011503,0.674658,,1926900,,
2,2,,0.031768,0.116977,0.851255,,1924700,,
2,2,,0.101588,0.041658,0.856755,,1940000,,
2,2,,0.060024,0.065156,0.87482,,1924000,,
2,2,,0.029508,0.171243,0.799249,,1927100,,
2,2,,0.425339,0.011503,0.563158,,1937800,,
2,2,,0.028072,0.268992,0.702936,,1931400,,
2,2,,0.101588,0.041658,0.856755,,1918600,,
2,2,,0.325339,0.011503,0.663158,,1920600,,
2,2,,0.369339,0.011503,0.619158,,1924400,,
2,2,,0.094229,0.417772,0.487998,,1942400,,
2,2,,0.028396,0.431986,0.539618,,1952700,,
2,2,,0.101588,0.041658,0.856755,,1922300,,
2,2,,0.385339,0.011503,0.603158,,1928400,,
2,2,,0.342053,0.015789,0.642158,,1921800,,
2,2,,0.028072,0.437154,0.534774,,1926100,,
2,2,,0.353339,0.011503,0.635158,,1929300,,
2,2,,0.051671,0.11919,0.829139,,1928700,,
2,2,,0.029188,0.287909,0.682903,,1933300,,
2,2,,0.039446,0.060128,0.900426,,1954700,,
2,2,,0.043229,0.058535,0.898236,,1920700,,
2,1,,0.059744,0.50412,0.436137,,1932500,,
2,2,,0.049318,0.05918,0.891501,,1915800,,
2,2,,0.053101,0.116977,0.829922,,1924400,,
2,2,,0.317172,0.011503,0.671325,,1917500,,
2,2,,0.062341,0.113391,0.824268,,1916600,,
2,1,,0.051206,0.875292,0.073501,,1940600,,
2,2,,0.121588,0.041658,0.836755,,1950300,,
2,2,,0.028072,0.263278,0.70865,,1921100,,
2,1,,0.051206,0.899292,0.049501,,1926900,,
2,2,,0.332005,0.019003,0.648992,,1920900,,
2,2,,0.336839,0.011503,0.651658,,1921000,,
2,1,,0.059744,0.60837,0.331887,,1923100,,
2,2,,0.265463,0.012972,0.721565,,1912700,,
2,0,,0.752485,0.049436,0.198079,,1933800,,
2,1,,0.145479,0.671979,0.182542,,1935200,,
2,2,,0.182986,0.028703,0.788311,,1929800,,
2,2,,0.286339,0.011503,0.702158,,1924500,,
2,2,,0.028072,0.357154,0.614774,,1926900,,
2,2,,0.101588,0.041658,0.856755,,1914900,,
2,2,,0.033249,0.09614,0.87061,,1918800,,
2,2,,0.058811,0.06045,0.880738,,1914800,,
2,2,,0.290089,0.037753,0.672158,,1919300,,
2,2,,0.029508,0.171243,0.799249,,1915900,,
2,2,,0.101588,0.041658,0.856755,,1914100,,
2,2,,0.322672,0.011503,0.665825,,2760100,,
2,2,,0.350672,0.011503,0.637825,,1918500,,
2,2,,0.053249,0.09614,0.85061,,1922300,,
2,2,,0.101588,0.041658,0.856755,,1916100,,
2,2,,0.329339,0.011503,0.659158,,1909800,,
2,2,,0.121588,0.041658,0.836755,,1934300,,
2,2,,0.028072,0.274528,0.6974,,1923000,,
2,0,,0.735087,0.092273,0.17264,,1922500,,
2,1,,0.046232,0.479882,0.473886,,1932800,,
2,2,,0.121588,0.041658,0.836755,,1916000,,
2,2,,0.348005,0.011503,0.640492,,1911300,,
2,2,,0.324505,0.011503,0.663992,,1909000,,
2,2,,0.293839,0.011503,0.694658,,1936400,,
2,2,,0.040024,0.1192,0.840776,,1917400,,
2,2,,0.425339,0.011503,0.563158,,1917300,,
2,2,,0.286339,0.011503,0.702158,,1922600,,
2,2,,0.101588,0.101658,0.796755,,1917200,,
2,1,,0.051206,0.849209,0.099585,,1924600,,
2,2,,0.048395,0.201873,0.749731,,1919200,,
2,2,,0.046232,0.466132,0.487636,,1924400,,
2,2,,0.040024,0.065156,0.89482,,1938500,,
2,2,,0.313839,0.011503,0.674658,,1915300,,
2,2,,0.187313,0.011503,0.801184,,1917700,,
2,2,,0.376839,0.011503,0.611658,,1914300,,
2,2,,0.326339,0.011503,0.662158,,1917200,,
2,2,,0.041324,0.085753,0.872923,,1910300,,
2,2,,0.405339,0.011503,0.583158,,1917300,,
2,2,,0.028396,0.349986,0.621618,,1912600,,
2,2,,0.293839,0.011503,0.694658,,1939600,,
2,2,,0.245463,0.012972,0.741565,,1916600,,
2,2,,0.101588,0.041658,0.856755,,1917200,,
2,2,,0.101588,0.041658,0.856755,,1911800,,
2,2,,0.031768,0.116977,0.851255,,1923100,,
2,2,,0.028072,0.263278,0.70865,,1914200,,
2,2,,0.101588,0.041658,0.856755,,1916400,,
2,2,,0.043229,0.058535,0.898236,,1919600,,
2,2,,0.101588,0.041658,0.856755,,1919800,,
2,2,,0.101588,0.041658,0.856755,,1914700,,
2,2,,0.046789,0.114283,0.838928,,1917300,,
2,1,,0.098418,0.791153,0.110428,,1941500,,
2,0,,0.527819,0.012972,0.459208,,1945400,,
2,2,,0.101588,0.041658,0.856755,,1937600,,
2,2,,0.029511,0.270195,0.700293,,1933800,,
2,2,,0.380005,0.011503,0.608492,,1933000,,
2,2,,0.029508,0.151243,0.819249,,1944600,,
2,2,,0.375589,0.011503,0.612908,,1919300,,
2,2,,0.103016,0.043086,0.853898,,1916100,,
2,1,,0.051206,0.879292,0.069501,,1958400,,
2,2,,0.337005,0.011503,0.651492,,1927300,,
2,2,,0.325339,0.011503,0.663158,,1910200,,
2,2,,0.029508,0.095178,0.875315,,1915500,,
2,2,,0.425339,0.011503,0.563158,,1945600,,
2,2,,0.042594,0.062858,0.894548,,1930600,,
2,2,,0.040747,0.05918,0.900073,,1910900,,
2,2,,0.292005,0.011503,0.696492,,1907500,,
2,2,,0.311755,0.011503,0.676742,,1939200,,
2,2,,0.031768,0.152977,0.815255,,1937700,,
2,2,,0.042594,0.058858,0.898548,,1917800,,
2,2,,0.101588,0.041658,0.856755,,1914600,,
2,2,,0.337005,0.011503,0.651492,,1936600,,
2,2,,0.029508,0.231243,0.739249,,1923600,,
2,2,,0.101588,0.041658,0.856755,,1928000,,
2,2,,0.031768,0.116977,0.851255,,1922500,,
2,2,,0.281339,0.011503,0.707158,,1921800,,
2,2,,0.101588,0.041658,0.856755,,1925600,,
2,2,,0.312005,0.011503,0.676492,,1919500,,
2,2,,0.352005,0.011503,0.636492,,1911100,,
2,2,,0.028072,0.283278,0.68865,,1944600,,
2,1,,0.051206,0.895292,0.053501,,1916400,,
2,2,,0.101588,0.041658,0.856755,,1906500,,
2,2,,0.389339,0.011503,0.599158,,1903000,,
2,2,,0.033466,0.097569,0.868965,,1905800,,
2,2,,0.167313,0.011503,0.821184,,1969700,,
2,2,,0.031768,0.156977,0.811255,,1909000,,
2,2,,0.029188,0.306659,0.664153,,1912900,,
2,2,,0.121588,0.041658,0.836755,,1920600,,
2,2,,0.336839,0.011503,0.651658,,1911800,,
2,2,,0.293839,0.011503,0.694658,,1907900,,
2,2,,0.033884,0.095818,0.870298,,1906000,,
2,2,,0.101588,0.041658,0.856755,,1907500,,
2,2,,0.101588,0.041658,0.856755,,1913600,,
2,2,,0.328005,0.011503,0.660492,,1905500,,
2,2,,0.311755,0.011503,0.676742,,1909200,,
2,2,,0.339269,0.04494,0.615791,,1911300,,
2,2,,0.101588,0.041658,0.856755,,1913800,,
2,2,,0.031768,0.116977,0.851255,,1916500,,
2,2,,0.041959,0.05918,0.89886,,1916700,,
2,2,,0.031768,0.116977,0.851255,,1923400,,
2,2,,0.036779,0.149082,0.81414,,1936100,,
2,2,,0.043388,0.060609,0.896003,,1919500,,
2,2,,0.031768,0.116977,0.851255,,1920200,,
2,2,,0.061959,0.05918,0.87886,,1941100,,
2,2,,0.061324,0.059503,0.879173,,1916000,,
2,2,,0.040747,0.05918,0.900073,,1918800,,
2,2,,0.350672,0.011503,0.637825,,1911600,,
2,2,,0.034043,0.097892,0.868065,,1920200,,
2,2,,0.101588,0.041658,0.856755,,1920500,,
2,2,,0.364505,0.011503,0.623992,,1922400,,
2,2,,0.03198,0.096786,0.871235,,1941700,,
2,2,,0.028072,0.385121,0.586807,,1923200,,
2,2,,0.342672,0.011503,0.645825,,1917000,,
2,1,,0.059744,0.605739,0.334517,,1931700,,
2,2,,0.077244,0.294826,0.62793,,1920500,,
2,2,,0.330672,0.011503,0.657825,,1916800,,
2,2,,0.293839,0.011503,0.694658,,1914700,,
2,2,,0.101588,0.041658,0.856755,,2009500,,
2,2,,0.344005,0.011503,0.644492,,1937500,,
2,1,,0.037694,0.715721,0.246584,,1915800,,
2,2,,0.028396,0.409986,0.561618,,1912200,,
2,2,,0.101588,0.041658,0.856755,,1914700,,
2,2,,0.029188,0.276659,0.694153,,1916900,,
2,2,,0.348005,0.011503,0.640492,,1916000,,
2,2,,0.166472,0.029026,0.804502,,1925700,,
2,2,,0.029511,0.247695,0.722793,,1917600,,
2,2,,0.101588,0.041658,0.856755,,1932600,,
2,2,,0.325339,0.011503,0.663158,,1915300,,
2,2,,0.293839,0.011503,0.694658,,1911400,,
2,2,,0.033249,0.09614,0.87061,,1921200,,
2,0,,0.520962,0.012972,0.466066,,1920900,,
2,2,,0.369339,0.011503,0.619158,,1920600,,
2,2,,0.409339,0.011503,0.579158,,1924000,,
2,2,,0.297005,0.011503,0.691492,,1919400,,
2,2,,0.029188,0.227909,0.742903,,1929100,,
2,2,,0.030739,0.268992,0.700269,,1918400,,
2,2,,0.101588,0.041658,0.856755,,1918900,,
2,2,,0.344005,0.011503,0.644492,,1910600,,
2,2,,0.372291,0.015789,0.61192,,1919300,,
2,2,,0.349339,0.011503,0.639158,,1912300,,
2,2,,0.028072,0.263278,0.70865,,1921700,,
2,2,,0.059446,0.060128,0.880426,,2038900,,
