waveform-noise,Tuned_CWT,test,0,NANOSECONDS,PREDICTIONS, Generated by ClassifierExperiments.java on 2022-05-16 01:18:04.    SYSTEMPROPERTIES:{user.name:matth,os.arch:amd64,os.name:Windows 10},ENDSYSTEMPROPERTIES
No parameter info
0.7212787212787213,3549733300,2038109100,-1,100659464,3,,-1,-1
0,1,,0.488829,0.507505,0.003666,,2171700,,
0,1,,0.452829,0.543505,0.003666,,2123100,,
0,1,,0.472829,0.523505,0.003666,,1974800,,
0,1,,0.372829,0.623505,0.003666,,2009400,,
0,0,,0.543264,0.034216,0.422521,,1999400,,
0,2,,0.260348,0.007987,0.731665,,1977900,,
0,0,,0.712955,0.274312,0.012733,,1982700,,
0,0,,0.632819,0.359028,0.008153,,2000600,,
0,0,,0.499496,0.486838,0.013666,,2901200,,
0,0,,0.766268,0.077587,0.156145,,2686000,,
0,2,,0.42524,0.107027,0.467733,,2067500,,
0,0,,0.529064,0.007027,0.463909,,2007400,,
0,0,,0.633326,0.360518,0.006156,,1969600,,
0,1,,0.392829,0.603505,0.003666,,1965100,,
0,0,,0.549064,0.007027,0.443909,,2003500,,
0,1,,0.392829,0.603505,0.003666,,2020700,,
0,1,,0.432829,0.563505,0.003666,,1982100,,
0,0,,0.596597,0.070882,0.332521,,1983000,,
0,2,,0.340348,0.067987,0.591665,,1991900,,
0,0,,0.673326,0.320518,0.006156,,1971800,,
0,2,,0.42524,0.107027,0.467733,,1960600,,
0,0,,0.50524,0.007027,0.487733,,1974900,,
0,1,,0.098994,0.602593,0.298413,,2003800,,
0,0,,0.48524,0.067027,0.447733,,1989500,,
0,1,,0.01782,0.564291,0.417889,,2023200,,
0,0,,0.630387,0.340789,0.028824,,2011600,,
0,2,,0.240348,0.067987,0.691665,,1991000,,
0,1,,0.412829,0.583505,0.003666,,1959800,,
0,1,,0.372829,0.623505,0.003666,,2015300,,
0,1,,0.372829,0.623505,0.003666,,1970500,,
0,1,,0.392829,0.603505,0.003666,,2021700,,
0,0,,0.65057,0.338706,0.010724,,2000500,,
0,0,,0.58524,0.007027,0.407733,,2039800,,
0,0,,0.816204,0.07139,0.112406,,1996900,,
0,1,,0.372829,0.623505,0.003666,,2005400,,
0,2,,0.062064,0.188771,0.749164,,2011400,,
0,2,,0.470335,0.05214,0.477525,,1976800,,
0,2,,0.46524,0.007027,0.527733,,1974300,,
0,2,,0.260348,0.087987,0.651665,,1985400,,
0,1,,0.372829,0.623505,0.003666,,1997600,,
0,0,,0.631498,0.361106,0.007396,,1993600,,
0,2,,0.46524,0.067027,0.467733,,2023800,,
0,1,,0.488829,0.507505,0.003666,,1996200,,
0,0,,0.796756,0.079952,0.123291,,1984300,,
0,0,,0.586121,0.371013,0.042866,,1977900,,
0,1,,0.127486,0.850062,0.022452,,2006500,,
0,1,,0.392829,0.603505,0.003666,,1982500,,
0,2,,0.340348,0.067987,0.591665,,2113700,,
0,0,,0.719486,0.262361,0.018153,,2078100,,
0,1,,0.412829,0.583505,0.003666,,2294300,,
0,2,,0.078902,0.141549,0.779549,,2036300,,
0,2,,0.46524,0.067027,0.467733,,1971600,,
0,1,,0.452829,0.543505,0.003666,,2050500,,
0,2,,0.48524,0.007027,0.507733,,1989100,,
0,0,,0.603029,0.393305,0.003666,,1958100,,
0,0,,0.690669,0.267909,0.041423,,2141400,,
0,1,,0.372829,0.623505,0.003666,,2006600,,
0,1,,0.472829,0.523505,0.003666,,1996200,,
0,0,,0.709972,0.282444,0.007584,,1975400,,
0,0,,0.633326,0.360518,0.006156,,1977500,,
0,1,,0.491653,0.504681,0.003666,,1964600,,
0,0,,0.55774,0.007027,0.435233,,1977400,,
0,0,,0.69519,0.278021,0.02679,,1978500,,
0,1,,0.392829,0.603505,0.003666,,1972100,,
0,0,,0.666268,0.177587,0.156145,,1993200,,
0,0,,0.50524,0.107027,0.387733,,1991700,,
0,0,,0.520105,0.475747,0.004148,,3570700,,
0,2,,0.054049,0.049847,0.896104,,2009500,,
0,1,,0.459496,0.526838,0.013666,,2025700,,
0,2,,0.312848,0.007987,0.679165,,2051600,,
0,1,,0.372829,0.623505,0.003666,,1985700,,
0,0,,0.679389,0.307022,0.013589,,2002700,,
0,1,,0.392829,0.603505,0.003666,,2010000,,
0,1,,0.480105,0.515747,0.004148,,2012100,,
0,1,,0.372829,0.623505,0.003666,,1997900,,
0,0,,0.499496,0.486838,0.013666,,1993300,,
0,2,,0.220348,0.087987,0.691665,,1986400,,
0,1,,0.352829,0.643505,0.003666,,1985900,,
0,0,,0.542575,0.047238,0.410187,,1978600,,
0,1,,0.412829,0.583505,0.003666,,2078100,,
0,0,,0.823338,0.155118,0.021544,,2018600,,
0,2,,0.280348,0.067987,0.651665,,2019400,,
0,0,,0.510335,0.083904,0.405761,,1982100,,
0,0,,0.48524,0.107027,0.407733,,1974400,,
0,0,,0.556597,0.070882,0.372521,,1981300,,
0,1,,0.452829,0.543505,0.003666,,1960900,,
0,0,,0.711083,0.282761,0.006156,,2645400,,
0,1,,0.352829,0.643505,0.003666,,2003800,,
0,0,,0.653326,0.340518,0.006156,,1996400,,
0,0,,0.752998,0.151925,0.095077,,2066800,,
0,2,,0.36524,0.107027,0.527733,,2016700,,
0,0,,0.832586,0.095048,0.072366,,1974700,,
0,0,,0.579496,0.406838,0.013666,,1967900,,
0,1,,0.412829,0.583505,0.003666,,1951800,,
0,0,,0.551653,0.444681,0.003666,,1962000,,
0,2,,0.46524,0.007027,0.527733,,1957000,,
0,1,,0.352829,0.643505,0.003666,,1984800,,
0,1,,0.439496,0.546838,0.013666,,1968800,,
0,0,,0.548829,0.447505,0.003666,,1977800,,
0,0,,0.590103,0.255153,0.154745,,1971000,,
0,1,,0.063621,0.916173,0.020205,,1972700,,
0,0,,0.83009,0.056619,0.113291,,1955200,,
0,1,,0.432829,0.563505,0.003666,,1952100,,
0,0,,0.512829,0.483505,0.003666,,1981100,,
0,1,,0.452829,0.543505,0.003666,,1967100,,
0,0,,0.580105,0.415747,0.004148,,1971600,,
0,2,,0.375501,0.110882,0.513617,,2169600,,
0,1,,0.127486,0.850062,0.022452,,2016600,,
0,0,,0.46524,0.107027,0.427733,,1959100,,
0,0,,0.819751,0.11666,0.063589,,1975800,,
0,1,,0.450745,0.543922,0.005333,,2017700,,
0,0,,0.565035,0.306872,0.128093,,1997600,,
0,2,,0.345442,0.124864,0.529693,,1970400,,
0,0,,0.573326,0.420518,0.006156,,1996600,,
0,0,,0.490335,0.103904,0.405761,,1985400,,
0,0,,0.826679,0.155914,0.017407,,1989000,,
0,1,,0.261165,0.716383,0.022452,,1967500,,
0,2,,0.300348,0.007987,0.691665,,1975900,,
0,1,,0.372829,0.623505,0.003666,,1965800,,
0,1,,0.472829,0.523505,0.003666,,1999500,,
0,0,,0.50524,0.067027,0.427733,,1961900,,
0,2,,0.44524,0.107027,0.447733,,1963500,,
0,2,,0.360348,0.107987,0.531665,,1971400,,
0,1,,0.352829,0.643505,0.003666,,2066000,,
0,0,,0.792934,0.04092,0.166145,,2005200,,
0,2,,0.118902,0.101549,0.779549,,1962700,,
0,0,,0.805864,0.151876,0.042259,,1987400,,
0,0,,0.833084,0.153327,0.013589,,2642600,,
0,1,,0.372829,0.623505,0.003666,,1980400,,
0,0,,0.536597,0.110882,0.352521,,1969100,,
0,1,,0.472829,0.523505,0.003666,,1991400,,
0,0,,0.506947,0.489387,0.003666,,2087000,,
0,0,,0.65519,0.338021,0.00679,,2015600,,
0,2,,0.280348,0.067987,0.651665,,2003000,,
0,1,,0.372829,0.623505,0.003666,,2023900,,
0,2,,0.320348,0.067987,0.611665,,1993700,,
0,2,,0.44524,0.035262,0.519498,,1992000,,
0,1,,0.128751,0.848797,0.022452,,2020300,,
0,0,,0.60524,0.007027,0.387733,,2024700,,
0,1,,0.412829,0.583505,0.003666,,2016200,,
0,0,,0.699634,0.240719,0.059647,,1996000,,
0,0,,0.656597,0.010882,0.332521,,2027500,,
0,2,,0.476564,0.007027,0.516409,,2009700,,
0,1,,0.352829,0.643505,0.003666,,2006200,,
0,0,,0.805919,0.171715,0.022366,,2613700,,
0,0,,0.48524,0.087027,0.427733,,2019200,,
0,0,,0.67519,0.318021,0.00679,,1979500,,
0,1,,0.432829,0.563505,0.003666,,2076900,,
0,2,,0.46524,0.067027,0.467733,,2009100,,
0,0,,0.540105,0.455747,0.004148,,1974100,,
0,0,,0.536597,0.110882,0.352521,,1964000,,
0,1,,0.412829,0.583505,0.003666,,1982000,,
0,0,,0.826268,0.017587,0.156145,,1963200,,
0,2,,0.105239,0.417809,0.476952,,1965900,,
0,2,,0.399014,0.00932,0.591665,,2004300,,
0,2,,0.280348,0.067987,0.651665,,2005300,,
0,0,,0.762138,0.117587,0.120275,,1989600,,
0,0,,0.528829,0.467505,0.003666,,1974300,,
0,1,,0.459496,0.526838,0.013666,,2034600,,
0,1,,0.372829,0.623505,0.003666,,1965700,,
0,1,,0.392829,0.603505,0.003666,,1958200,,
0,0,,0.490335,0.083904,0.425761,,1993500,,
0,0,,0.781149,0.200262,0.018589,,2000000,,
0,2,,0.280348,0.067987,0.651665,,2004900,,
0,1,,0.446935,0.521664,0.031401,,1992500,,
0,2,,0.292109,0.108198,0.599693,,2714100,,
0,1,,0.419496,0.566838,0.013666,,1977700,,
0,2,,0.360348,0.007987,0.631665,,1962400,,
0,0,,0.510745,0.483922,0.005333,,2034900,,
0,1,,0.392829,0.603505,0.003666,,1986600,,
0,0,,0.500105,0.495747,0.004148,,1980300,,
0,0,,0.586772,0.399081,0.014148,,2017500,,
0,2,,0.078902,0.141549,0.779549,,2012800,,
0,1,,0.352829,0.643505,0.003666,,2014200,,
0,0,,0.802524,0.17108,0.026396,,1963800,,
0,0,,0.671083,0.322761,0.006156,,1978200,,
0,2,,0.053597,0.146868,0.799535,,1963800,,
0,1,,0.392829,0.603505,0.003666,,1969500,,
0,0,,0.611596,0.173331,0.215073,,1992500,,
0,2,,0.410335,0.123904,0.465761,,1973700,,
0,1,,0.372829,0.623505,0.003666,,2055800,,
0,2,,0.40524,0.067027,0.527733,,1982700,,
0,1,,0.372829,0.623505,0.003666,,1975700,,
0,0,,0.722138,0.077587,0.200275,,1966100,,
0,2,,0.158902,0.101549,0.739549,,1959300,,
0,1,,0.372829,0.623505,0.003666,,2027500,,
0,2,,0.34524,0.107027,0.547733,,1981700,,
0,2,,0.084834,0.365969,0.549197,,1988300,,
0,0,,0.512829,0.483505,0.003666,,1991700,,
0,1,,0.492829,0.503505,0.003666,,2059200,,
0,2,,0.387014,0.03132,0.581665,,1966100,,
0,1,,0.067431,0.912364,0.020205,,1963500,,
0,1,,0.352829,0.643505,0.003666,,1985600,,
0,0,,0.50524,0.067027,0.427733,,1983800,,
0,1,,0.445272,0.551062,0.003666,,1956700,,
0,1,,0.241315,0.683107,0.075579,,1968500,,
0,1,,0.392829,0.603505,0.003666,,1981600,,
0,2,,0.392848,0.007987,0.599165,,2001500,,
0,1,,0.419496,0.566838,0.013666,,1975000,,
0,2,,0.280348,0.007987,0.711665,,1971900,,
0,2,,0.427039,0.067027,0.505934,,1985500,,
0,2,,0.46524,0.067027,0.467733,,1986900,,
0,1,,0.472829,0.523505,0.003666,,1989900,,
0,1,,0.392829,0.603505,0.003666,,2060000,,
0,1,,0.372829,0.623505,0.003666,,2043300,,
0,0,,0.54524,0.067027,0.387733,,1982700,,
0,0,,0.520105,0.475747,0.004148,,2087500,,
0,0,,0.573326,0.420518,0.006156,,1974400,,
0,0,,0.52524,0.035262,0.439498,,1993600,,
0,2,,0.387039,0.007027,0.605934,,1960700,,
0,0,,0.55541,0.438365,0.006226,,2029100,,
0,1,,0.352829,0.643505,0.003666,,2003800,,
0,0,,0.824789,0.131555,0.043656,,2109600,,
0,1,,0.392829,0.603505,0.003666,,3656600,,
0,0,,0.643264,0.034216,0.322521,,3405300,,
0,0,,0.875024,0.07108,0.053896,,2636900,,
0,1,,0.490745,0.503922,0.005333,,2008300,,
0,0,,0.814638,0.017587,0.167775,,1998500,,
0,0,,0.73009,0.156619,0.113291,,2143300,,
0,1,,0.452829,0.543505,0.003666,,2032500,,
0,2,,0.280348,0.007987,0.711665,,2126500,,
0,1,,0.412829,0.583505,0.003666,,4053700,,
0,1,,0.412829,0.583505,0.003666,,2046700,,
0,0,,0.793084,0.193327,0.013589,,2092200,,
0,0,,0.872531,0.09521,0.032259,,2148900,,
0,0,,0.786995,0.172036,0.040969,,2174300,,
0,0,,0.50524,0.067027,0.427733,,2014300,,
0,1,,0.226912,0.755826,0.017263,,2110100,,
0,1,,0.472829,0.523505,0.003666,,2124600,,
0,1,,0.412829,0.583505,0.003666,,2092800,,
0,2,,0.44524,0.007027,0.547733,,2072500,,
0,0,,0.50524,0.067027,0.427733,,2014300,,
0,0,,0.516597,0.090882,0.392521,,2055100,,
0,1,,0.412829,0.583505,0.003666,,2055500,,
0,0,,0.572609,0.421424,0.005967,,2594600,,
0,0,,0.539496,0.446838,0.013666,,2184200,,
0,2,,0.315986,0.107672,0.576342,,2045900,,
0,0,,0.69057,0.298706,0.010724,,2075300,,
0,0,,0.67519,0.318021,0.00679,,1996000,,
0,1,,0.372829,0.623505,0.003666,,1977600,,
0,0,,0.781124,0.194793,0.024083,,2555200,,
0,2,,0.272848,0.007987,0.719165,,2020500,,
0,2,,0.078902,0.141549,0.779549,,1997800,,
0,1,,0.063621,0.916173,0.020205,,2081300,,
0,0,,0.71519,0.278021,0.00679,,1994200,,
0,0,,0.52524,0.087027,0.387733,,1949900,,
0,2,,0.283026,0.007987,0.708987,,2001700,,
0,0,,0.525272,0.471062,0.003666,,1979400,,
0,0,,0.67009,0.216619,0.113291,,1976600,,
0,0,,0.78441,0.09622,0.119371,,1981200,,
0,1,,0.432829,0.563505,0.003666,,2052700,,
0,0,,0.512829,0.483505,0.003666,,2001100,,
0,0,,0.541691,0.08776,0.370549,,1971000,,
0,0,,0.456597,0.110882,0.432521,,1974800,,
0,0,,0.638386,0.123519,0.238094,,2006400,,
0,2,,0.44524,0.067027,0.487733,,1963700,,
0,1,,0.472829,0.523505,0.003666,,2011600,,
0,0,,0.539496,0.446838,0.013666,,1983200,,
0,0,,0.476597,0.110882,0.412521,,1993300,,
0,1,,0.412829,0.583505,0.003666,,1998800,,
0,0,,0.585035,0.326872,0.088093,,1972700,,
0,2,,0.42524,0.107027,0.467733,,2024100,,
0,2,,0.42524,0.007027,0.567733,,1992300,,
0,1,,0.432829,0.563505,0.003666,,2003100,,
0,1,,0.412829,0.583505,0.003666,,1979900,,
0,1,,0.399496,0.586838,0.013666,,1982300,,
0,1,,0.372829,0.623505,0.003666,,1965500,,
0,1,,0.392829,0.603505,0.003666,,1976000,,
0,2,,0.36524,0.087027,0.547733,,2033700,,
0,0,,0.50524,0.067027,0.427733,,1974300,,
0,1,,0.337197,0.356326,0.306478,,1994600,,
0,0,,0.50524,0.067027,0.427733,,1989500,,
0,2,,0.468001,0.010882,0.521117,,1965800,,
0,2,,0.392848,0.007987,0.599165,,1961900,,
0,0,,0.579807,0.413485,0.006708,,1976800,,
0,1,,0.217972,0.593332,0.188696,,1994100,,
0,0,,0.73009,0.156619,0.113291,,1984500,,
0,2,,0.34524,0.067027,0.587733,,1983200,,
0,2,,0.320348,0.067987,0.611665,,1977300,,
0,2,,0.300348,0.036222,0.66343,,1971700,,
0,0,,0.806576,0.178204,0.01522,,1970700,,
0,1,,0.392829,0.603505,0.003666,,1960400,,
0,2,,0.280348,0.007987,0.711665,,2584700,,
0,2,,0.303026,0.107987,0.588987,,1986000,,
0,1,,0.352829,0.643505,0.003666,,1996400,,
0,0,,0.784789,0.151555,0.063656,,2042900,,
0,1,,0.472829,0.523505,0.003666,,1977100,,
0,1,,0.471653,0.524681,0.003666,,1960800,,
0,1,,0.477535,0.518799,0.003666,,1958500,,
0,2,,0.105331,0.218744,0.675925,,1977100,,
0,2,,0.40524,0.067027,0.527733,,1957600,,
0,0,,0.548829,0.447505,0.003666,,1964100,,
0,2,,0.42524,0.055262,0.519498,,2007500,,
0,0,,0.805919,0.171715,0.022366,,2035500,,
0,0,,0.501691,0.14776,0.350549,,1979000,,
0,2,,0.46524,0.007027,0.527733,,1969200,,
0,2,,0.42524,0.067027,0.507733,,1972000,,
0,2,,0.42524,0.067027,0.507733,,1967900,,
0,2,,0.247848,0.007987,0.744165,,1967600,,
0,1,,0.439496,0.546838,0.013666,,2770100,,
0,0,,0.722138,0.117587,0.160275,,2069300,,
0,0,,0.46524,0.107027,0.427733,,2033000,,
0,2,,0.412848,0.007987,0.579165,,2010100,,
0,2,,0.427039,0.007027,0.565934,,1965300,,
0,1,,0.352829,0.643505,0.003666,,1963800,,
0,2,,0.407014,0.03132,0.561665,,1963500,,
0,0,,0.511907,0.03036,0.457733,,1963200,,
0,0,,0.619807,0.373485,0.006708,,1993300,,
0,0,,0.651665,0.33887,0.009465,,2018000,,
0,0,,0.52524,0.087027,0.387733,,2034300,,
0,0,,0.551689,0.438868,0.009444,,1994700,,
0,0,,0.548001,0.010882,0.441117,,1978700,,
0,0,,0.48524,0.107027,0.407733,,1976100,,
0,1,,0.411653,0.584681,0.003666,,1974200,,
0,1,,0.352829,0.643505,0.003666,,1963300,,
0,0,,0.626745,0.367922,0.005333,,2013800,,
0,0,,0.549264,0.244252,0.206484,,2075700,,
0,0,,0.631689,0.358868,0.009444,,2190300,,
0,1,,0.448829,0.547505,0.003666,,2002400,,
0,1,,0.411653,0.584681,0.003666,,2723500,,
0,2,,0.40524,0.107027,0.487733,,2617900,,
0,0,,0.721851,0.17683,0.101319,,1964600,,
0,0,,0.69519,0.298021,0.00679,,2143800,,
0,0,,0.745125,0.241767,0.013107,,2019100,,
0,1,,0.432829,0.563505,0.003666,,2035400,,
0,2,,0.48524,0.007027,0.507733,,2033800,,
0,1,,0.352829,0.643505,0.003666,,1985300,,
0,0,,0.765405,0.190279,0.044317,,1962900,,
0,2,,0.340348,0.107987,0.551665,,1951300,,
0,1,,0.412829,0.583505,0.003666,,1977700,,
0,1,,0.392829,0.603505,0.003666,,1970800,,
0,0,,0.746268,0.097587,0.156145,,1975900,,
0,1,,0.472829,0.523505,0.003666,,1980100,,
0,0,,0.585169,0.385212,0.029619,,2004300,,
0,0,,0.531907,0.007027,0.461066,,1965900,,
0,0,,0.550605,0.438702,0.010693,,1962600,,
0,1,,0.392829,0.603505,0.003666,,1978100,,
0,0,,0.796756,0.079952,0.123291,,1976500,,
0,0,,0.712968,0.277386,0.009647,,1989400,,
1,1,,0.048135,0.908637,0.043228,,2024400,,
1,2,,0.01974,0.429091,0.551169,,2029300,,
1,1,,0.412829,0.583505,0.003666,,2011500,,
1,1,,0.392829,0.603505,0.003666,,1993600,,
1,1,,0.055119,0.923082,0.021799,,2020800,,
1,1,,0.392829,0.603505,0.003666,,1965700,,
1,1,,0.049173,0.917211,0.033616,,1989600,,
1,1,,0.022914,0.757164,0.219922,,1998500,,
1,1,,0.049662,0.8144,0.135938,,1975200,,
1,1,,0.392829,0.603505,0.003666,,1976400,,
1,1,,0.113558,0.858751,0.027691,,1991300,,
1,1,,0.352829,0.643505,0.003666,,2010700,,
1,1,,0.01782,0.650931,0.331249,,1977300,,
1,2,,0.01782,0.424291,0.557889,,1974200,,
1,1,,0.067431,0.912364,0.020205,,1977500,,
1,1,,0.051945,0.904828,0.043228,,1997500,,
1,0,,0.528829,0.467505,0.003666,,1974500,,
1,1,,0.432829,0.563505,0.003666,,1970800,,
1,1,,0.039643,0.827308,0.133049,,2005100,,
1,1,,0.412829,0.583505,0.003666,,2012500,,
1,1,,0.352829,0.643505,0.003666,,1967100,,
1,2,,0.024834,0.385969,0.589197,,2134200,,
1,2,,0.01782,0.464291,0.517889,,1989700,,
1,0,,0.635855,0.234079,0.130065,,1995400,,
1,1,,0.039643,0.782833,0.177524,,1972700,,
1,1,,0.050912,0.725872,0.223216,,1998000,,
1,1,,0.041037,0.801538,0.157425,,1997600,,
1,1,,0.352829,0.643505,0.003666,,1994300,,
1,1,,0.058301,0.909677,0.032022,,2090700,,
1,1,,0.01782,0.670931,0.311249,,2098600,,
1,1,,0.432829,0.563505,0.003666,,2005600,,
1,1,,0.052923,0.892695,0.054382,,1979900,,
1,1,,0.063929,0.915548,0.020523,,1965600,,
1,1,,0.352829,0.643505,0.003666,,1958300,,
1,1,,0.043514,0.844727,0.111759,,1978600,,
1,1,,0.111039,0.866191,0.02277,,2076400,,
1,1,,0.077923,0.893741,0.028336,,1988000,,
1,1,,0.352829,0.643505,0.003666,,1958600,,
1,1,,0.059001,0.905027,0.035972,,1968600,,
1,1,,0.096036,0.837167,0.066797,,2975300,,
1,1,,0.048754,0.925497,0.025749,,1973000,,
1,1,,0.056717,0.871346,0.071936,,1968800,,
1,1,,0.061173,0.906493,0.032334,,2095600,,
1,1,,0.063621,0.916173,0.020205,,2002200,,
1,1,,0.061708,0.888211,0.050081,,1970900,,
1,1,,0.056036,0.873458,0.070506,,1983200,,
1,2,,0.01782,0.330447,0.651733,,1983400,,
1,1,,0.061065,0.914779,0.024156,,1962400,,
1,1,,0.352829,0.643505,0.003666,,1964000,,
1,2,,0.04282,0.457931,0.499249,,1962800,,
1,1,,0.492829,0.503505,0.003666,,1978300,,
1,1,,0.048861,0.917211,0.033928,,2703000,,
1,1,,0.01782,0.524291,0.457889,,2087400,,
1,1,,0.352829,0.643505,0.003666,,2003400,,
1,1,,0.01782,0.680286,0.301894,,1970800,,
1,1,,0.067431,0.912364,0.020205,,1985400,,
1,1,,0.075423,0.89495,0.029627,,1966800,,
1,2,,0.139532,0.249864,0.610603,,1986400,,
1,1,,0.432829,0.563505,0.003666,,1979700,,
1,1,,0.055826,0.814009,0.130165,,2704600,,
1,1,,0.432829,0.563505,0.003666,,2108500,,
1,1,,0.352829,0.643505,0.003666,,1985200,,
1,1,,0.05402,0.894631,0.051349,,2017500,,
1,1,,0.352829,0.643505,0.003666,,1975100,,
1,2,,0.01782,0.424291,0.557889,,1975300,,
1,1,,0.01782,0.570931,0.411249,,1979600,,
1,1,,0.01782,0.680286,0.301894,,1987800,,
1,1,,0.472829,0.523505,0.003666,,2002900,,
1,1,,0.055119,0.923082,0.021799,,2016500,,
1,1,,0.067431,0.912364,0.020205,,2007900,,
1,1,,0.127486,0.850062,0.022452,,1977800,,
1,1,,0.102297,0.874614,0.02309,,1973300,,
1,1,,0.057194,0.918005,0.024801,,1986200,,
1,2,,0.01974,0.429091,0.551169,,1972900,,
1,1,,0.087105,0.872657,0.040238,,1991800,,
1,1,,0.412829,0.583505,0.003666,,1986500,,
1,2,,0.049952,0.240071,0.709977,,2049800,,
1,1,,0.039643,0.727308,0.233049,,2007400,,
1,1,,0.05876,0.898012,0.043228,,1970000,,
1,1,,0.048966,0.85076,0.100274,,2025000,,
1,1,,0.352829,0.643505,0.003666,,1982700,,
1,1,,0.063644,0.88692,0.049436,,1964200,,
1,2,,0.01974,0.409091,0.571169,,2002600,,
1,1,,0.04876,0.908012,0.043228,,2058700,,
1,0,,0.715855,0.174079,0.110065,,1988200,,
1,1,,0.056732,0.886386,0.056882,,1989800,,
1,1,,0.470745,0.523922,0.005333,,2007600,,
1,1,,0.412829,0.583505,0.003666,,1981900,,
1,1,,0.352829,0.643505,0.003666,,1958800,,
1,1,,0.352829,0.643505,0.003666,,1968300,,
1,1,,0.057169,0.915792,0.027038,,2002100,,
1,1,,0.061065,0.914779,0.024156,,2019700,,
1,1,,0.392829,0.603505,0.003666,,2008000,,
1,2,,0.01782,0.424291,0.557889,,2219800,,
1,1,,0.052596,0.826847,0.120556,,1996300,,
1,1,,0.375708,0.620626,0.003666,,1970600,,
1,1,,0.352829,0.643505,0.003666,,1979300,,
1,1,,0.041708,0.867566,0.090726,,1976400,,
1,1,,0.372829,0.623505,0.003666,,1971800,,
1,0,,0.597412,0.387255,0.015333,,1985000,,
1,1,,0.063621,0.916173,0.020205,,2509900,,
1,1,,0.372829,0.623505,0.003666,,2042700,,
1,1,,0.022914,0.757164,0.219922,,2056600,,
1,2,,0.229596,0.188843,0.581561,,2022500,,
1,1,,0.352829,0.643505,0.003666,,1990100,,
1,2,,0.025932,0.277403,0.696665,,1978900,,
1,1,,0.352829,0.643505,0.003666,,2015900,,
1,1,,0.048135,0.908632,0.043233,,2036100,,
1,1,,0.392829,0.603505,0.003666,,1988100,,
1,2,,0.023377,0.154174,0.822448,,2041000,,
1,1,,0.452829,0.543505,0.003666,,2009600,,
1,1,,0.03282,0.552931,0.414249,,1989300,,
1,1,,0.432829,0.563505,0.003666,,1976600,,
1,1,,0.048966,0.85588,0.095154,,1991100,,
1,1,,0.055826,0.794009,0.150165,,2020900,,
1,1,,0.048754,0.925497,0.025749,,1972000,,
1,1,,0.057191,0.922604,0.020205,,1968000,,
1,1,,0.022914,0.757164,0.219922,,2524300,,
1,1,,0.412829,0.583505,0.003666,,2055900,,
1,1,,0.412829,0.583505,0.003666,,1998000,,
1,1,,0.01782,0.670931,0.311249,,1993200,,
1,1,,0.432829,0.563505,0.003666,,2001900,,
1,1,,0.372829,0.623505,0.003666,,1968400,,
1,1,,0.470745,0.523922,0.005333,,1978400,,
1,1,,0.392829,0.603505,0.003666,,2002200,,
1,1,,0.372829,0.623505,0.003666,,2010900,,
1,1,,0.392829,0.603505,0.003666,,1997900,,
1,1,,0.067431,0.912364,0.020205,,1996600,,
1,1,,0.01782,0.524291,0.457889,,1985800,,
1,1,,0.372829,0.623505,0.003666,,1977600,,
1,1,,0.022914,0.521169,0.455917,,1995400,,
1,1,,0.060129,0.897919,0.041951,,2004700,,
1,1,,0.067431,0.912364,0.020205,,1979100,,
1,1,,0.042834,0.744977,0.212189,,2007400,,
1,2,,0.01782,0.484291,0.497889,,2025400,,
1,1,,0.352829,0.643505,0.003666,,1984800,,
1,1,,0.472829,0.523505,0.003666,,1979000,,
1,1,,0.060447,0.897919,0.041634,,2079000,,
1,2,,0.020837,0.280526,0.698637,,2945700,,
1,1,,0.041708,0.868246,0.090046,,1985200,,
1,1,,0.01782,0.630931,0.351249,,1995000,,
1,1,,0.475451,0.519216,0.005333,,2048800,,
1,1,,0.049173,0.917211,0.033616,,2033900,,
1,1,,0.412829,0.583505,0.003666,,1989100,,
1,1,,0.042818,0.918971,0.038211,,2064400,,
1,1,,0.022914,0.501169,0.475917,,1989400,,
1,2,,0.022914,0.481809,0.495277,,1974300,,
1,1,,0.446947,0.549387,0.003666,,1986300,,
1,1,,0.452829,0.543505,0.003666,,1975100,,
1,1,,0.352829,0.643505,0.003666,,1975800,,
1,0,,0.66095,0.250957,0.088093,,1990600,,
1,1,,0.042184,0.711636,0.24618,,2449400,,
1,1,,0.054477,0.833863,0.11166,,1997300,,
1,1,,0.352829,0.643505,0.003666,,1975300,,
1,1,,0.352829,0.643505,0.003666,,1982500,,
1,1,,0.051945,0.904828,0.043228,,1978200,,
1,1,,0.01782,0.504291,0.477889,,1979600,,
1,1,,0.064246,0.915548,0.020205,,1991700,,
1,1,,0.432829,0.563505,0.003666,,2099100,,
1,1,,0.152986,0.810066,0.036948,,1997000,,
1,1,,0.392829,0.603505,0.003666,,2004000,,
1,1,,0.452829,0.543505,0.003666,,2010200,,
1,1,,0.352829,0.643505,0.003666,,1978100,,
1,1,,0.392829,0.603505,0.003666,,1973300,,
1,1,,0.452829,0.543505,0.003666,,1971500,,
1,2,,0.01974,0.449091,0.531169,,2004900,,
1,1,,0.067431,0.912364,0.020205,,1997300,,
1,1,,0.392829,0.603505,0.003666,,1987800,,
1,1,,0.431653,0.564681,0.003666,,2014600,,
1,1,,0.01782,0.740286,0.241894,,1987700,,
1,1,,0.057194,0.917359,0.025446,,1979700,,
1,1,,0.042818,0.913851,0.043331,,1974400,,
1,0,,0.726268,0.117587,0.156145,,1970200,,
1,1,,0.412829,0.583505,0.003666,,1981500,,
1,1,,0.01782,0.650931,0.331249,,1992000,,
1,1,,0.472829,0.523505,0.003666,,2137500,,
1,0,,0.505272,0.491062,0.003666,,2035800,,
1,1,,0.432829,0.563505,0.003666,,1975600,,
1,1,,0.452829,0.543505,0.003666,,2113500,,
1,1,,0.067431,0.912364,0.020205,,2021300,,
1,0,,0.512829,0.483505,0.003666,,1988500,,
1,1,,0.061708,0.887566,0.050726,,1986900,,
1,1,,0.052014,0.8686,0.079386,,2028400,,
1,1,,0.039643,0.722833,0.237524,,2062400,,
1,1,,0.01782,0.504291,0.477889,,2007400,,
1,1,,0.392829,0.603505,0.003666,,1998600,,
1,1,,0.392829,0.603505,0.003666,,1981200,,
1,1,,0.041708,0.860581,0.09771,,1985400,,
1,1,,0.104156,0.860945,0.034899,,1965800,,
1,1,,0.412829,0.583505,0.003666,,1982900,,
1,1,,0.412829,0.583505,0.003666,,1993500,,
1,2,,0.01782,0.444291,0.537889,,2009500,,
1,1,,0.063621,0.916173,0.020205,,2021400,,
1,1,,0.039101,0.820571,0.140328,,1992900,,
1,1,,0.050136,0.883353,0.066511,,1987600,,
1,1,,0.048135,0.908637,0.043228,,1988700,,
1,1,,0.352829,0.643505,0.003666,,2895700,,
1,1,,0.127226,0.771354,0.10142,,2023400,,
1,1,,0.372829,0.623505,0.003666,,2025900,,
1,1,,0.061065,0.914779,0.024156,,2174900,,
1,1,,0.022914,0.647809,0.329277,,2005200,,
1,1,,0.372829,0.623505,0.003666,,1981000,,
1,1,,0.01782,0.670931,0.311249,,1995500,,
1,1,,0.059105,0.913857,0.027038,,1977200,,
1,1,,0.392829,0.603505,0.003666,,1961900,,
1,1,,0.067431,0.912364,0.020205,,2078000,,
1,1,,0.022914,0.757164,0.219922,,2013000,,
1,1,,0.412829,0.583505,0.003666,,2024800,,
1,1,,0.352829,0.643505,0.003666,,2009500,,
1,1,,0.107431,0.872364,0.020205,,1997400,,
1,1,,0.042117,0.739787,0.218096,,1982500,,
1,1,,0.352829,0.643505,0.003666,,1965700,,
1,1,,0.352829,0.643505,0.003666,,1969700,,
1,1,,0.01782,0.570931,0.411249,,1998800,,
1,2,,0.040815,0.423164,0.536022,,1983300,,
1,1,,0.01782,0.590931,0.391249,,1987500,,
1,1,,0.067431,0.912364,0.020205,,2823000,,
1,1,,0.05131,0.926891,0.021799,,1988600,,
1,1,,0.046818,0.927432,0.025749,,1967200,,
1,1,,0.392829,0.603505,0.003666,,2007400,,
1,1,,0.067431,0.912364,0.020205,,1984500,,
1,1,,0.067431,0.912364,0.020205,,1968600,,
1,1,,0.060136,0.873353,0.066511,,1995600,,
1,1,,0.027041,0.771494,0.201465,,2003400,,
1,1,,0.121184,0.74209,0.136726,,2007100,,
1,1,,0.23365,0.74877,0.01758,,1991900,,
1,1,,0.412829,0.583505,0.003666,,2010500,,
1,1,,0.352829,0.643505,0.003666,,1986700,,
1,2,,0.020837,0.240526,0.738637,,1988000,,
1,1,,0.456829,0.539505,0.003666,,1982700,,
1,1,,0.01782,0.670931,0.311249,,2004100,,
1,1,,0.372829,0.623505,0.003666,,1986000,,
1,1,,0.372829,0.623505,0.003666,,1981100,,
1,1,,0.372829,0.623505,0.003666,,1980700,,
1,1,,0.01782,0.700286,0.281894,,1962900,,
1,1,,0.01782,0.720286,0.261894,,1973500,,
1,1,,0.01782,0.544291,0.437889,,2377100,,
1,1,,0.067431,0.912364,0.020205,,1997400,,
1,1,,0.067431,0.912364,0.020205,,1985900,,
1,1,,0.01782,0.590931,0.391249,,2036600,,
1,1,,0.067431,0.912364,0.020205,,2082700,,
1,1,,0.472829,0.523505,0.003666,,1985400,,
1,1,,0.051955,0.889354,0.058691,,1970300,,
1,0,,0.512829,0.483505,0.003666,,2019000,,
1,2,,0.024834,0.485969,0.489197,,1977900,,
1,2,,0.01782,0.424291,0.557889,,1969000,,
1,1,,0.067431,0.912364,0.020205,,1977800,,
1,1,,0.051955,0.717235,0.23081,,1994400,,
1,2,,0.022274,0.301884,0.675842,,1990000,,
1,1,,0.107431,0.872364,0.020205,,1992100,,
1,1,,0.060699,0.793609,0.145692,,1980700,,
1,1,,0.074256,0.88411,0.041634,,1967000,,
1,2,,0.01782,0.484291,0.497889,,1983100,,
1,1,,0.042818,0.914496,0.042686,,1999200,,
1,1,,0.392829,0.603505,0.003666,,2007000,,
1,1,,0.072923,0.899386,0.027691,,1986800,,
1,2,,0.01782,0.464291,0.517889,,1986700,,
1,2,,0.01782,0.384291,0.597889,,2686500,,
1,2,,0.201912,0.175882,0.622206,,2017800,,
1,1,,0.392829,0.603505,0.003666,,1976700,,
1,1,,0.057194,0.917359,0.025446,,2006700,,
1,1,,0.117429,0.85617,0.026401,,1994900,,
1,1,,0.143905,0.802898,0.053197,,1961500,,
1,1,,0.432829,0.563505,0.003666,,1992800,,
1,1,,0.117598,0.847815,0.034586,,2047700,,
1,1,,0.037677,0.790571,0.171752,,2017900,,
1,1,,0.01782,0.541251,0.440929,,2003900,,
1,1,,0.022914,0.647809,0.329277,,1982600,,
1,2,,0.01974,0.389091,0.591169,,1969700,,
1,1,,0.067431,0.912364,0.020205,,1971700,,
1,1,,0.472829,0.523505,0.003666,,1967000,,
1,1,,0.372829,0.623505,0.003666,,1983600,,
1,1,,0.059001,0.894039,0.04696,,1985400,,
1,1,,0.022914,0.757164,0.219922,,1989700,,
1,1,,0.059001,0.905027,0.035972,,3022300,,
1,1,,0.372829,0.623505,0.003666,,1993200,,
1,1,,0.352829,0.643505,0.003666,,1963800,,
1,1,,0.067431,0.912364,0.020205,,2019600,,
1,2,,0.025584,0.155152,0.819264,,2010000,,
1,2,,0.020027,0.305366,0.674607,,1998700,,
1,1,,0.352829,0.643505,0.003666,,1988500,,
1,1,,0.372829,0.623505,0.003666,,2072000,,
1,1,,0.056732,0.886386,0.056882,,2016500,,
1,1,,0.080423,0.885798,0.033779,,1975500,,
1,1,,0.352829,0.643505,0.003666,,1990800,,
1,1,,0.310694,0.683015,0.006291,,1978100,,
1,1,,0.127486,0.850062,0.022452,,1992100,,
1,1,,0.352829,0.643505,0.003666,,1983100,,
1,0,,0.531653,0.464681,0.003666,,2016700,,
1,1,,0.022914,0.637164,0.339922,,2016700,,
1,1,,0.392829,0.603505,0.003666,,2010700,,
1,1,,0.01782,0.720286,0.261894,,1992100,,
1,1,,0.01782,0.584291,0.397889,,1980100,,
1,1,,0.392829,0.603505,0.003666,,1986400,,
1,1,,0.352829,0.643505,0.003666,,2521300,,
1,1,,0.452829,0.543505,0.003666,,3461500,,
1,1,,0.412829,0.583505,0.003666,,2061500,,
1,1,,0.048135,0.908637,0.043228,,2064700,,
1,2,,0.01782,0.444291,0.537889,,1991100,,
1,1,,0.102297,0.874614,0.02309,,1974700,,
1,1,,0.392829,0.603505,0.003666,,1980200,,
1,1,,0.412829,0.583505,0.003666,,1965800,,
1,2,,0.027914,0.474809,0.497277,,1972000,,
1,1,,0.432829,0.563505,0.003666,,1970300,,
1,1,,0.044883,0.924248,0.030869,,2061700,,
1,1,,0.042818,0.918326,0.038856,,2017500,,
1,1,,0.186912,0.795826,0.017263,,1980500,,
1,1,,0.392829,0.603505,0.003666,,1982700,,
1,2,,0.020837,0.260526,0.718637,,1988100,,
1,1,,0.461579,0.534755,0.003666,,1962000,,
1,1,,0.412829,0.583505,0.003666,,1970000,,
1,1,,0.412829,0.583505,0.003666,,1977500,,
1,1,,0.435708,0.560626,0.003666,,2060700,,
1,1,,0.432829,0.563505,0.003666,,2000400,,
1,1,,0.037677,0.751216,0.211107,,2101500,,
1,1,,0.432829,0.563505,0.003666,,1999700,,
1,0,,0.691362,0.174464,0.134173,,1986000,,
1,1,,0.05131,0.926891,0.021799,,1978600,,
1,1,,0.412829,0.583505,0.003666,,2073200,,
1,1,,0.067431,0.912364,0.020205,,1990200,,
1,2,,0.01974,0.369091,0.611169,,2008100,,
1,1,,0.056717,0.90411,0.039172,,2077100,,
1,1,,0.437535,0.558799,0.003666,,2012800,,
1,1,,0.01782,0.544291,0.437889,,1980200,,
1,1,,0.472829,0.523505,0.003666,,1978600,,
1,1,,0.022914,0.757164,0.219922,,1993200,,
1,1,,0.01782,0.670931,0.311249,,1983400,,
1,1,,0.372829,0.623505,0.003666,,1979000,,
1,1,,0.05402,0.873018,0.072962,,2020800,,
1,1,,0.352829,0.643505,0.003666,,2005500,,
1,1,,0.01782,0.630931,0.351249,,2007600,,
2,2,,0.320348,0.036222,0.64343,,1991200,,
2,0,,0.52524,0.067027,0.407733,,1983500,,
2,2,,0.049952,0.180071,0.769977,,1979800,,
2,2,,0.320348,0.007987,0.671665,,1984200,,
2,2,,0.078902,0.121549,0.799549,,2123700,,
2,2,,0.161467,0.107987,0.730546,,2120600,,
2,2,,0.36524,0.087027,0.547733,,2018200,,
2,2,,0.078902,0.101549,0.819549,,2270600,,
2,2,,0.251956,0.115971,0.632073,,2040000,,
2,2,,0.305442,0.0731,0.621458,,2111000,,
2,2,,0.078902,0.101549,0.819549,,2007000,,
2,2,,0.01782,0.389486,0.592694,,2168500,,
2,2,,0.078902,0.141549,0.779549,,1958400,,
2,2,,0.377942,0.024864,0.597193,,2016900,,
2,1,,0.047041,0.556688,0.396271,,2124400,,
2,2,,0.078902,0.141549,0.779549,,2061800,,
2,2,,0.44524,0.007027,0.547733,,2069300,,
2,2,,0.082652,0.079049,0.838299,,2080300,,
2,2,,0.078902,0.101549,0.819549,,2079800,,
2,2,,0.01782,0.381251,0.600929,,1958300,,
2,2,,0.129438,0.112987,0.757575,,2104700,,
2,2,,0.01974,0.369091,0.611169,,3140500,,
2,2,,0.38524,0.007027,0.607733,,2024500,,
2,2,,0.44524,0.087027,0.467733,,1976300,,
2,2,,0.40524,0.067027,0.527733,,1996500,,
2,2,,0.327039,0.007027,0.665934,,1965100,,
2,2,,0.01974,0.309091,0.671169,,1968700,,
2,2,,0.156118,0.116914,0.726969,,2005600,,
2,2,,0.078902,0.121549,0.799549,,1981800,,
2,2,,0.078902,0.121549,0.799549,,1964200,,
2,2,,0.01974,0.349091,0.631169,,1995400,,
2,2,,0.163581,0.069277,0.767142,,2013600,,
2,2,,0.47774,0.007027,0.515233,,1971400,,
2,2,,0.260348,0.107987,0.631665,,1959600,,
2,2,,0.46524,0.007027,0.527733,,1984000,,
2,2,,0.01974,0.317326,0.662934,,1978300,,
2,2,,0.300348,0.007987,0.691665,,1960900,,
2,2,,0.34524,0.055262,0.599498,,1960800,,
2,2,,0.260348,0.036222,0.70343,,1971400,,
2,2,,0.078902,0.101549,0.819549,,1994500,,
2,2,,0.060842,0.143136,0.796022,,1985900,,
2,2,,0.053597,0.106873,0.83953,,2131000,,
2,1,,0.082911,0.537492,0.379597,,1988800,,
2,2,,0.380348,0.007987,0.611665,,1973000,,
2,2,,0.01974,0.329091,0.651169,,1977500,,
2,2,,0.01974,0.269406,0.710854,,1988000,,
2,2,,0.191956,0.095971,0.712073,,1963500,,
2,2,,0.46524,0.067027,0.467733,,1971500,,
2,2,,0.045292,0.151962,0.802746,,2012800,,
2,2,,0.205264,0.038265,0.756471,,1960400,,
2,2,,0.078902,0.121549,0.799549,,1997300,,
2,0,,0.52524,0.067027,0.407733,,1968300,,
2,2,,0.051827,0.068533,0.87964,,1981400,,
2,2,,0.027329,0.400959,0.571713,,1960300,,
2,2,,0.280348,0.087987,0.631665,,1967500,,
2,1,,0.022914,0.687809,0.289277,,1983600,,
2,2,,0.01782,0.464291,0.517889,,1983100,,
2,2,,0.01974,0.329091,0.651169,,2010300,,
2,1,,0.045791,0.64922,0.304989,,1981400,,
2,2,,0.01782,0.484291,0.497889,,1988200,,
2,2,,0.053112,0.148836,0.798053,,1966200,,
2,2,,0.118902,0.141549,0.739549,,1956000,,
2,1,,0.01782,0.610931,0.371249,,2538400,,
2,1,,0.01782,0.524291,0.457889,,1993400,,
2,2,,0.44524,0.055262,0.499498,,1999700,,
2,2,,0.040209,0.274056,0.685734,,2003900,,
2,2,,0.260348,0.007987,0.731665,,1984500,,
2,2,,0.34524,0.067027,0.587733,,1967900,,
2,2,,0.45774,0.007027,0.535233,,1958400,,
2,2,,0.053097,0.087581,0.859323,,1980400,,
2,2,,0.01974,0.249091,0.731169,,1961800,,
2,2,,0.01782,0.424291,0.557889,,1960300,,
2,2,,0.052159,0.148528,0.799312,,1976200,,
2,2,,0.40524,0.107027,0.487733,,1999000,,
2,2,,0.118902,0.101549,0.779549,,1982900,,
2,1,,0.01782,0.504291,0.477889,,1957900,,
2,2,,0.220348,0.007987,0.771665,,1979000,,
2,2,,0.128188,0.251347,0.620465,,1962700,,
2,2,,0.04962,0.149501,0.80088,,1962200,,
2,2,,0.052327,0.127825,0.819848,,1977400,,
2,2,,0.078902,0.069784,0.851314,,1993200,,
2,2,,0.01782,0.412526,0.569654,,2008600,,
2,2,,0.40524,0.007027,0.587733,,1995000,,
2,2,,0.01782,0.464291,0.517889,,2798800,,
2,2,,0.01782,0.444291,0.537889,,1981400,,
2,2,,0.220348,0.007987,0.771665,,1964300,,
2,2,,0.051827,0.148533,0.79964,,2018600,,
2,2,,0.01782,0.384291,0.597889,,1986500,,
2,2,,0.046227,0.138574,0.815199,,1993400,,
2,2,,0.01782,0.424291,0.557889,,2106900,,
2,2,,0.44524,0.007027,0.547733,,2005300,,
2,2,,0.053112,0.048211,0.898678,,1968500,,
2,2,,0.42524,0.007027,0.567733,,1970700,,
2,2,,0.01974,0.289091,0.691169,,1977900,,
2,1,,0.01782,0.590931,0.391249,,1966800,,
2,2,,0.01974,0.309091,0.671169,,1964000,,
2,2,,0.054049,0.147888,0.798063,,1975600,,
2,2,,0.220348,0.107987,0.671665,,2001100,,
2,2,,0.325442,0.124864,0.549693,,1970700,,
2,2,,0.026854,0.173857,0.799289,,1982700,,
2,2,,0.01974,0.309091,0.671169,,2137200,,
2,2,,0.01974,0.129406,0.850854,,1970000,,
2,2,,0.40524,0.067027,0.527733,,1963400,,
2,1,,0.01782,0.570931,0.411249,,2016200,,
2,2,,0.024834,0.334204,0.640962,,2005200,,
2,2,,0.070889,0.168856,0.760255,,2004400,,
2,2,,0.36524,0.067027,0.567733,,1986200,,
2,2,,0.220348,0.107987,0.671665,,2016100,,
2,2,,0.023377,0.134174,0.842448,,1996800,,
2,2,,0.049952,0.240071,0.709977,,1970000,,
2,2,,0.078902,0.101549,0.819549,,1976500,,
2,2,,0.208147,0.112422,0.67943,,1969000,,
2,2,,0.01974,0.369091,0.611169,,1976200,,
2,2,,0.028124,0.132914,0.838962,,1986300,,
2,2,,0.44524,0.107027,0.447733,,2013000,,
2,2,,0.052159,0.108528,0.839312,,1983700,,
2,2,,0.05151,0.148518,0.799972,,2657900,,
2,2,,0.054867,0.1472,0.797933,,1992700,,
2,1,,0.140847,0.786399,0.072754,,1973500,,
2,1,,0.039643,0.757497,0.202859,,1962100,,
2,2,,0.060857,0.143141,0.796002,,2117900,,
2,2,,0.240348,0.067987,0.691665,,2173000,,
2,2,,0.46524,0.067027,0.467733,,1992200,,
2,2,,0.078902,0.101549,0.819549,,1978500,,
2,2,,0.078902,0.089784,0.831314,,2016600,,
2,2,,0.01782,0.384291,0.597889,,1972300,,
2,2,,0.240348,0.087987,0.671665,,1968900,,
2,2,,0.220348,0.036222,0.74343,,1983300,,
2,2,,0.078902,0.141549,0.779549,,1985100,,
2,2,,0.053112,0.148211,0.798678,,1980100,,
2,2,,0.105264,0.085166,0.809569,,2010200,,
2,2,,0.078902,0.069784,0.851314,,2074200,,
2,2,,0.280348,0.107987,0.611665,,1981100,,
2,2,,0.028744,0.113867,0.857389,,1968700,,
2,2,,0.150688,0.117987,0.731325,,1986400,,
2,2,,0.152895,0.108632,0.738473,,1962100,,
2,2,,0.025584,0.134819,0.839596,,1985600,,
2,1,,0.022914,0.501169,0.475917,,1983000,,
2,1,,0.078908,0.848646,0.072446,,2025500,,
2,2,,0.030346,0.152904,0.816749,,2035200,,
2,2,,0.052159,0.049862,0.897979,,1988200,,
2,2,,0.053112,0.108836,0.838053,,3050000,,
2,2,,0.025584,0.155152,0.819264,,1991300,,
2,2,,0.050889,0.148856,0.800255,,1964600,,
2,2,,0.240348,0.007987,0.751665,,2067700,,
2,2,,0.312848,0.007987,0.679165,,2041300,,
2,2,,0.118902,0.069784,0.811314,,1995100,,
2,2,,0.280348,0.007987,0.711665,,2015100,,
2,2,,0.260348,0.067987,0.671665,,1986800,,
2,2,,0.026854,0.154507,0.818639,,1974000,,
2,0,,0.50524,0.067027,0.427733,,1964400,,
2,2,,0.380348,0.007987,0.611665,,1982200,,
2,2,,0.01974,0.229406,0.750854,,1993800,,
2,2,,0.138833,0.070611,0.790557,,1967200,,
2,2,,0.220348,0.007987,0.771665,,1996200,,
2,2,,0.244098,0.065487,0.690415,,2011300,,
2,2,,0.240348,0.107987,0.651665,,1983700,,
2,0,,0.720309,0.170755,0.108936,,1978300,,
2,1,,0.048291,0.513061,0.438647,,2003400,,
2,2,,0.024834,0.365969,0.609197,,1976900,,
2,2,,0.42524,0.067027,0.507733,,1984300,,
2,2,,0.217922,0.007027,0.775051,,2037900,,
2,0,,0.48524,0.067027,0.447733,,2001400,,
2,2,,0.01974,0.189406,0.790854,,2007500,,
2,2,,0.151092,0.13132,0.717587,,1981800,,
2,2,,0.340348,0.007987,0.651665,,2012300,,
2,2,,0.01974,0.230425,0.749836,,1982800,,
2,2,,0.06294,0.297251,0.639809,,1964400,,
2,2,,0.158654,0.056867,0.784478,,1998100,,
2,2,,0.280348,0.067987,0.651665,,1982700,,
2,2,,0.078902,0.121549,0.799549,,1985000,,
2,2,,0.38524,0.035262,0.579498,,2009300,,
2,2,,0.240348,0.087987,0.671665,,2005000,,
2,2,,0.240348,0.00932,0.750332,,1973300,,
2,2,,0.40524,0.055262,0.539498,,1973800,,
2,2,,0.103997,0.118427,0.777577,,1989900,,
2,2,,0.01974,0.329091,0.651169,,1994300,,
2,2,,0.078902,0.141549,0.779549,,1978700,,
2,2,,0.01974,0.229406,0.750854,,1986900,,
2,2,,0.078902,0.101549,0.819549,,2524300,,
2,2,,0.40524,0.055262,0.539498,,2009000,,
2,2,,0.14828,0.111965,0.739755,,1979900,,
2,0,,0.49649,0.018277,0.485233,,2004100,,
2,2,,0.42524,0.087027,0.487733,,1989100,,
2,2,,0.220348,0.087987,0.691665,,1972100,,
2,2,,0.052779,0.096451,0.85077,,1985500,,
2,2,,0.051057,0.169504,0.779439,,1991600,,
2,2,,0.020837,0.240526,0.738637,,1983500,,
2,2,,0.026537,0.05518,0.918283,,2009200,,
2,2,,0.052779,0.148216,0.799005,,2078300,,
2,2,,0.412848,0.007987,0.579165,,2079500,,
2,2,,0.030664,0.152284,0.817052,,1995500,,
2,2,,0.01974,0.249406,0.730854,,1997400,,
2,2,,0.039029,0.127498,0.833473,,1993000,,
2,2,,0.300348,0.007987,0.691665,,1993400,,
2,2,,0.42524,0.035262,0.539498,,1980200,,
2,2,,0.36524,0.007027,0.627733,,2039700,,
2,2,,0.051057,0.149504,0.799439,,1989500,,
2,2,,0.332848,0.007987,0.659165,,1967200,,
2,1,,0.01782,0.630931,0.351249,,2268100,,
2,1,,0.01782,0.544291,0.437889,,2335200,,
2,1,,0.048932,0.615084,0.335984,,1980200,,
2,2,,0.280348,0.107987,0.611665,,2003100,,
2,2,,0.054867,0.1472,0.797933,,2019700,,
2,2,,0.324098,0.065487,0.610415,,2065600,,
2,2,,0.320348,0.067987,0.611665,,1981500,,
2,2,,0.44524,0.087027,0.467733,,1987500,,
2,1,,0.045791,0.695974,0.258235,,2007200,,
2,2,,0.01782,0.369486,0.612694,,1974800,,
2,2,,0.40524,0.007027,0.587733,,1974300,,
2,2,,0.01974,0.377326,0.602934,,1981100,,
2,2,,0.372848,0.007987,0.619165,,1973800,,
2,1,,0.022914,0.521169,0.455917,,1988400,,
2,2,,0.01782,0.424291,0.557889,,2066200,,
2,2,,0.020837,0.280526,0.698637,,1991000,,
2,2,,0.34524,0.107027,0.547733,,1976200,,
2,2,,0.38524,0.107027,0.507733,,1970700,,
2,2,,0.01974,0.277326,0.702934,,1980900,,
2,2,,0.078902,0.041549,0.879549,,1977700,,
2,2,,0.078902,0.101549,0.819549,,1975100,,
2,2,,0.220348,0.127987,0.651665,,3200300,,
2,1,,0.01782,0.630931,0.351249,,2141300,,
2,2,,0.260348,0.107987,0.631665,,2156600,,
2,2,,0.01782,0.384291,0.597889,,2093600,,
2,2,,0.01782,0.412526,0.569654,,2041300,,
2,2,,0.024834,0.365969,0.609197,,2030300,,
2,2,,0.044754,0.212214,0.743032,,2058100,,
2,2,,0.060857,0.143756,0.795387,,2057200,,
2,2,,0.300348,0.067987,0.631665,,2053100,,
2,0,,0.48524,0.035262,0.479498,,2015400,,
2,2,,0.01974,0.409091,0.571169,,1987400,,
2,2,,0.40524,0.107027,0.487733,,1969500,,
2,2,,0.01782,0.452526,0.529654,,1970900,,
2,2,,0.372848,0.007987,0.619165,,1979400,,
2,2,,0.01782,0.452526,0.529654,,1979600,,
2,2,,0.01974,0.269406,0.710854,,1999200,,
2,2,,0.098902,0.121549,0.779549,,1986200,,
2,2,,0.040944,0.272662,0.686393,,2022600,,
2,2,,0.164433,0.087987,0.74758,,2001200,,
2,2,,0.184533,0.007987,0.80748,,1988600,,
2,2,,0.320348,0.067987,0.611665,,2191100,,
2,2,,0.42524,0.107027,0.467733,,1986500,,
2,2,,0.01974,0.209406,0.770854,,2006000,,
2,2,,0.280348,0.067987,0.651665,,2016400,,
2,2,,0.01782,0.464291,0.517889,,1997300,,
2,0,,0.455501,0.110882,0.433617,,2027700,,
2,2,,0.220348,0.056222,0.72343,,1986800,,
2,2,,0.01782,0.384931,0.597249,,2040100,,
2,2,,0.01974,0.369091,0.611169,,1981600,,
2,2,,0.324098,0.065487,0.610415,,1967100,,
2,2,,0.36524,0.007027,0.627733,,1996300,,
2,2,,0.46524,0.007027,0.527733,,1987700,,
2,1,,0.049541,0.611478,0.338981,,2013900,,
2,2,,0.078902,0.121549,0.799549,,2021200,,
2,2,,0.078902,0.141549,0.779549,,1998700,,
2,2,,0.01782,0.250447,0.731733,,1978100,,
2,2,,0.34524,0.067027,0.587733,,1962600,,
2,2,,0.01782,0.404291,0.577889,,2162500,,
2,2,,0.300348,0.067987,0.631665,,1993700,,
2,2,,0.078902,0.041549,0.879549,,1985100,,
