wine-quality-white,CWE,test,4,NANOSECONDS,PREDICTIONS, Generated by ClassifierExperiments.java on 2022-05-17 03:11:30.    SYSTEMPROPERTIES:{user.name:matth,os.arch:amd64,os.name:Windows 10},ENDSYSTEMPROPERTIES
No parameter info
0.46687054026503566,454395800,841588200,-1,0,7,,-1,-1
0,2,,0.003827,0.0282,0.450931,0.399616,0.101599,0.015384,0.000444,,990800,,
0,2,,0.025549,0.046292,0.42298,0.392378,0.094148,0.017965,0.000687,,855900,,
0,2,,0.00431,0.059136,0.467485,0.384829,0.073479,0.010547,0.000214,,850700,,
0,2,,0.003901,0.036218,0.516383,0.366273,0.067197,0.009834,0.000194,,852300,,
1,2,,0.02436,0.044248,0.479112,0.3633,0.077179,0.011607,0.000194,,869200,,
1,3,,0.004096,0.064791,0.343596,0.417186,0.138861,0.030232,0.001238,,916100,,
1,2,,0.003921,0.07555,0.475162,0.366709,0.068327,0.010117,0.000214,,862600,,
1,3,,0.005837,0.035026,0.188313,0.453579,0.240319,0.074824,0.002101,,860400,,
1,3,,0.004542,0.048122,0.378969,0.416511,0.124134,0.026758,0.000965,,850500,,
1,2,,0.004451,0.089956,0.421048,0.388039,0.080735,0.015398,0.000372,,849400,,
1,3,,0.004584,0.053511,0.387569,0.419659,0.118811,0.015663,0.000203,,861700,,
1,2,,0.004429,0.037098,0.494708,0.362092,0.086794,0.014554,0.000325,,867100,,
1,3,,0.00533,0.044458,0.261767,0.470823,0.178818,0.038124,0.00068,,858300,,
1,2,,0.003921,0.05555,0.475162,0.386709,0.068327,0.010117,0.000214,,857200,,
1,2,,0.004003,0.054984,0.464408,0.387058,0.077075,0.012174,0.000297,,855800,,
1,2,,0.003921,0.05555,0.495162,0.366709,0.068327,0.010117,0.000214,,870100,,
1,2,,0.005372,0.040109,0.421379,0.392451,0.11778,0.02241,0.000498,,856300,,
1,2,,0.003921,0.03555,0.495162,0.386709,0.068327,0.010117,0.000214,,853400,,
1,2,,0.004487,0.036796,0.507851,0.360034,0.078794,0.011825,0.000214,,856300,,
1,3,,0.007383,0.041625,0.247526,0.423307,0.212257,0.066609,0.001292,,854600,,
1,2,,0.003921,0.05555,0.495162,0.366709,0.068327,0.010117,0.000214,,857400,,
1,2,,0.004003,0.054984,0.464408,0.387058,0.077075,0.012174,0.000297,,861100,,
1,3,,0.004669,0.046561,0.372657,0.407158,0.138515,0.029839,0.000601,,859400,,
1,2,,0.024451,0.049956,0.441048,0.388039,0.080735,0.015398,0.000372,,853300,,
1,3,,0.025216,0.038751,0.207557,0.456949,0.220034,0.049878,0.001616,,872800,,
1,2,,0.003955,0.035459,0.492261,0.386828,0.070682,0.010601,0.000214,,860800,,
1,3,,0.00466,0.043978,0.305376,0.43276,0.17452,0.037381,0.001325,,856100,,
1,2,,0.024362,0.048443,0.412471,0.406279,0.089587,0.018183,0.000674,,856800,,
1,3,,0.004419,0.044396,0.396029,0.418212,0.114921,0.021598,0.000425,,850600,,
1,2,,0.024124,0.051227,0.45836,0.365784,0.08468,0.015381,0.000444,,857700,,
1,3,,0.00428,0.072514,0.367814,0.432055,0.107009,0.016105,0.000223,,852000,,
1,3,,0.006187,0.090024,0.285103,0.427907,0.156197,0.032583,0.001999,,853500,,
1,3,,0.024433,0.033654,0.386549,0.410791,0.121904,0.021935,0.000733,,850500,,
1,2,,0.003753,0.057386,0.426305,0.394842,0.099091,0.01835,0.000273,,871100,,
1,2,,0.004283,0.037332,0.471127,0.403535,0.073178,0.010331,0.000214,,855000,,
1,2,,0.004356,0.042705,0.47878,0.384634,0.077614,0.011717,0.000194,,848700,,
1,2,,0.004645,0.048333,0.441316,0.404993,0.085796,0.014557,0.00036,,853400,,
2,3,,0.004026,0.047174,0.37825,0.451636,0.103704,0.01497,0.000239,,851400,,
2,2,,0.004037,0.029618,0.433917,0.41515,0.101136,0.015741,0.000401,,849300,,
2,2,,0.003716,0.032662,0.451512,0.376198,0.113637,0.021813,0.000462,,866400,,
2,2,,0.003955,0.035459,0.512261,0.366828,0.070682,0.010601,0.000214,,853900,,
2,3,,0.003502,0.029693,0.418307,0.438703,0.095267,0.014261,0.000267,,852900,,
2,2,,0.003986,0.029134,0.434208,0.419007,0.098552,0.014757,0.000356,,853400,,
2,2,,0.003854,0.052255,0.464417,0.384639,0.082601,0.012021,0.000214,,856000,,
2,2,,0.003921,0.05555,0.495162,0.366709,0.068327,0.010117,0.000214,,850400,,
2,2,,0.004003,0.054984,0.464408,0.387058,0.077075,0.012174,0.000297,,878800,,
2,3,,0.00503,0.030684,0.307487,0.412524,0.198928,0.04372,0.001626,,859400,,
2,2,,0.003922,0.056636,0.478229,0.367988,0.079377,0.013503,0.000345,,861800,,
2,2,,0.004003,0.034984,0.484408,0.387058,0.077075,0.012174,0.000297,,863800,,
2,3,,0.004298,0.084143,0.340876,0.404608,0.139733,0.0259,0.000442,,867400,,
2,2,,0.003921,0.05555,0.495162,0.366709,0.068327,0.010117,0.000214,,870200,,
2,2,,0.004088,0.032437,0.473084,0.377091,0.096496,0.01637,0.000435,,858800,,
2,2,,0.003921,0.05555,0.475162,0.386709,0.068327,0.010117,0.000214,,855500,,
2,2,,0.00392,0.029954,0.428614,0.417951,0.102946,0.01611,0.000505,,864100,,
2,2,,0.003657,0.034501,0.462113,0.368756,0.109271,0.02101,0.000692,,856000,,
2,2,,0.004906,0.03748,0.492438,0.371947,0.08048,0.012478,0.000271,,858500,,
2,2,,0.003689,0.057625,0.439411,0.376228,0.1035,0.019274,0.000273,,866100,,
2,2,,0.003958,0.052637,0.467868,0.381441,0.081821,0.01206,0.000214,,856600,,
2,3,,0.004285,0.052952,0.386147,0.428072,0.110777,0.017461,0.000306,,855200,,
2,3,,0.004011,0.047357,0.252084,0.424847,0.205243,0.065537,0.000921,,852600,,
2,3,,0.002643,0.046065,0.264948,0.428616,0.20954,0.047087,0.001101,,850500,,
2,3,,0.004294,0.031273,0.369139,0.388599,0.168988,0.036565,0.001143,,872700,,
2,2,,0.004119,0.033016,0.470778,0.393727,0.084811,0.013336,0.000214,,854000,,
2,2,,0.003833,0.033158,0.459104,0.372105,0.110278,0.020979,0.000543,,851000,,
2,2,,0.003728,0.037346,0.497477,0.368799,0.079626,0.01271,0.000314,,851700,,
2,2,,0.003921,0.05555,0.475162,0.386709,0.068327,0.010117,0.000214,,854800,,
2,2,,0.003955,0.075459,0.472261,0.366828,0.070682,0.010601,0.000214,,859200,,
2,3,,0.003731,0.028517,0.412612,0.417962,0.116098,0.020661,0.000418,,852900,,
2,2,,0.003898,0.054808,0.482345,0.366395,0.079187,0.012898,0.000468,,859000,,
2,2,,0.003584,0.032896,0.471819,0.398538,0.080533,0.012313,0.000318,,855200,,
2,2,,0.003955,0.055459,0.492261,0.366828,0.070682,0.010601,0.000214,,852200,,
2,2,,0.003955,0.055459,0.472261,0.386828,0.070682,0.010601,0.000214,,854800,,
2,3,,0.004098,0.059182,0.247037,0.446035,0.198263,0.044457,0.000929,,855800,,
2,3,,0.004618,0.074465,0.389394,0.412808,0.103238,0.015136,0.00034,,848300,,
2,3,,0.00411,0.02933,0.421018,0.438076,0.093868,0.013341,0.000256,,856300,,
2,2,,0.003924,0.052728,0.45077,0.401321,0.079467,0.011576,0.000214,,853500,,
2,3,,0.004486,0.027681,0.396772,0.434438,0.116784,0.019361,0.000478,,856900,,
2,2,,0.004036,0.03173,0.427523,0.382718,0.128261,0.025106,0.000627,,851700,,
2,3,,0.003529,0.025151,0.321424,0.426724,0.186412,0.035793,0.000967,,853400,,
2,3,,0.004088,0.02578,0.390623,0.45564,0.107776,0.015791,0.0003,,854500,,
2,2,,0.004043,0.03508,0.444358,0.379952,0.113659,0.022254,0.000655,,859100,,
2,2,,0.003983,0.055652,0.485629,0.366622,0.075945,0.011891,0.000277,,854700,,
2,2,,0.003784,0.031987,0.479453,0.384095,0.087067,0.01323,0.000385,,854300,,
2,2,,0.003921,0.05555,0.495162,0.366709,0.068327,0.010117,0.000214,,854900,,
2,2,,0.004003,0.054984,0.464408,0.387058,0.077075,0.012174,0.000297,,853200,,
2,3,,0.003868,0.026848,0.295021,0.434725,0.181049,0.057545,0.000944,,862900,,
2,2,,0.003898,0.034808,0.482345,0.386395,0.079187,0.012898,0.000468,,855900,,
2,2,,0.003921,0.05555,0.475162,0.386709,0.068327,0.010117,0.000214,,855600,,
2,3,,0.003906,0.030913,0.293899,0.432951,0.211305,0.02641,0.000617,,859600,,
2,2,,0.003903,0.053396,0.471991,0.380886,0.078337,0.011293,0.000194,,853300,,
2,3,,0.003518,0.029476,0.379614,0.39681,0.157614,0.032314,0.000654,,854500,,
2,3,,0.003788,0.045851,0.258119,0.444134,0.188804,0.058608,0.000696,,864000,,
2,2,,0.003522,0.031836,0.435647,0.39385,0.112745,0.021732,0.000667,,857900,,
2,2,,0.003881,0.033642,0.476955,0.397108,0.076841,0.011358,0.000214,,851800,,
2,2,,0.003915,0.033551,0.474054,0.397228,0.079195,0.011843,0.000214,,853400,,
2,2,,0.004006,0.032162,0.480016,0.381671,0.088215,0.013633,0.000297,,857500,,
2,3,,0.004672,0.054929,0.374585,0.402566,0.136096,0.02659,0.000561,,859700,,
2,2,,0.003811,0.033374,0.491991,0.376564,0.081307,0.012567,0.000385,,853800,,
2,2,,0.003955,0.035459,0.492261,0.386828,0.070682,0.010601,0.000214,,878300,,
2,2,,0.003992,0.040867,0.468863,0.351297,0.112078,0.022334,0.000569,,863300,,
2,2,,0.003989,0.057407,0.45399,0.389434,0.081385,0.013498,0.000297,,851100,,
2,2,,0.004255,0.034128,0.439837,0.383066,0.116043,0.022166,0.000504,,848900,,
2,3,,0.004499,0.04945,0.387661,0.400718,0.130378,0.026456,0.000838,,851700,,
2,2,,0.003921,0.03555,0.495162,0.386709,0.068327,0.010117,0.000214,,856000,,
2,2,,0.003955,0.035459,0.492261,0.386828,0.070682,0.010601,0.000214,,856700,,
2,3,,0.003976,0.073506,0.372543,0.41729,0.115584,0.016878,0.000223,,850200,,
2,2,,0.005393,0.038375,0.475789,0.38923,0.079606,0.011331,0.000275,,852600,,
2,3,,0.00433,0.04995,0.381024,0.419083,0.12011,0.025062,0.000442,,854900,,
2,2,,0.004174,0.038525,0.488401,0.363825,0.089249,0.015247,0.00058,,852300,,
2,2,,0.003851,0.055283,0.490198,0.366165,0.072793,0.011326,0.000385,,885000,,
2,3,,0.004296,0.02541,0.38668,0.435059,0.11184,0.036432,0.000284,,860700,,
2,3,,0.003367,0.027266,0.200177,0.469941,0.226649,0.070965,0.001634,,861100,,
2,2,,0.003901,0.056218,0.496383,0.366273,0.067197,0.009834,0.000194,,855900,,
2,2,,0.004482,0.048322,0.437815,0.409492,0.083525,0.015993,0.000372,,860600,,
2,2,,0.00399,0.035346,0.455196,0.387187,0.098789,0.018754,0.000738,,858700,,
2,3,,0.004171,0.02689,0.40362,0.450496,0.100466,0.014158,0.0002,,861400,,
2,2,,0.003921,0.03555,0.495162,0.386709,0.068327,0.010117,0.000214,,856000,,
2,2,,0.003955,0.035459,0.492261,0.386828,0.070682,0.010601,0.000214,,875000,,
2,2,,0.003798,0.034028,0.482053,0.378162,0.087698,0.013945,0.000316,,858100,,
2,2,,0.003776,0.054506,0.484236,0.369031,0.076301,0.01192,0.00023,,857400,,
2,2,,0.003747,0.054917,0.474466,0.377417,0.077414,0.011831,0.000208,,864400,,
2,2,,0.0041,0.061233,0.451172,0.387259,0.082206,0.013732,0.000297,,859100,,
2,2,,0.004003,0.034984,0.504408,0.367058,0.077075,0.012174,0.000297,,857800,,
2,2,,0.003921,0.05555,0.475162,0.386709,0.068327,0.010117,0.000214,,860800,,
2,2,,0.003955,0.055459,0.492261,0.366828,0.070682,0.010601,0.000214,,859100,,
2,2,,0.003958,0.052637,0.447868,0.401441,0.081821,0.01206,0.000214,,853700,,
2,2,,0.003915,0.033551,0.474054,0.397228,0.079195,0.011843,0.000214,,874000,,
2,3,,0.004295,0.073125,0.36291,0.398791,0.132543,0.027457,0.00088,,856300,,
2,2,,0.003881,0.032683,0.451251,0.372335,0.116672,0.022551,0.000627,,853700,,
2,2,,0.003925,0.037221,0.428925,0.389055,0.117778,0.022823,0.000273,,850600,,
2,2,,0.003921,0.05555,0.475162,0.386709,0.068327,0.010117,0.000214,,853800,,
2,3,,0.005143,0.041431,0.255055,0.457665,0.196887,0.042463,0.001357,,863200,,
2,2,,0.004244,0.046212,0.405879,0.396584,0.121399,0.025098,0.000584,,866600,,
2,2,,0.004126,0.057932,0.442465,0.371544,0.104776,0.018818,0.00034,,852300,,
2,2,,0.003923,0.032512,0.443118,0.384041,0.114498,0.02153,0.000379,,852600,,
2,2,,0.003871,0.051708,0.407784,0.386581,0.125226,0.024367,0.000462,,852100,,
2,2,,0.004003,0.034984,0.484408,0.387058,0.077075,0.012174,0.000297,,869300,,
2,2,,0.003955,0.035459,0.512261,0.366828,0.070682,0.010601,0.000214,,860500,,
2,2,,0.003921,0.05555,0.495162,0.366709,0.068327,0.010117,0.000214,,850100,,
2,2,,0.003978,0.043322,0.424946,0.399079,0.107849,0.020553,0.000273,,854500,,
2,2,,0.004006,0.092162,0.420016,0.381671,0.088215,0.013633,0.000297,,851700,,
2,3,,0.006624,0.043813,0.270585,0.41134,0.214698,0.05011,0.002829,,857300,,
2,3,,0.004811,0.041599,0.385727,0.400617,0.139633,0.026971,0.000642,,857200,,
2,2,,0.024264,0.041041,0.441241,0.396247,0.083606,0.013262,0.00034,,852000,,
2,2,,0.004116,0.029768,0.419351,0.414093,0.097636,0.034696,0.00034,,860400,,
2,3,,0.004131,0.024867,0.364438,0.459853,0.130402,0.016009,0.0003,,853900,,
2,2,,0.003955,0.055459,0.492261,0.366828,0.070682,0.010601,0.000214,,855200,,
2,2,,0.024093,0.039366,0.42399,0.379657,0.111515,0.02102,0.00036,,854100,,
2,2,,0.003979,0.040596,0.442136,0.382768,0.109764,0.020485,0.000273,,853300,,
2,2,,0.003921,0.05555,0.475162,0.386709,0.068327,0.010117,0.000214,,852000,,
2,2,,0.02434,0.043434,0.465861,0.36762,0.08439,0.013964,0.00039,,852300,,
2,2,,0.003823,0.055881,0.471169,0.387974,0.070383,0.010557,0.000214,,852200,,
2,2,,0.003851,0.055283,0.490198,0.366165,0.072793,0.011326,0.000385,,851600,,
2,3,,0.024604,0.033725,0.304499,0.441733,0.164067,0.030703,0.000669,,853200,,
2,2,,0.0042,0.033981,0.424566,0.411658,0.111722,0.013616,0.000256,,862400,,
2,3,,0.004169,0.034102,0.219259,0.447186,0.237167,0.05555,0.002566,,857600,,
2,2,,0.004229,0.03809,0.515249,0.36298,0.069694,0.009564,0.000194,,855600,,
2,2,,0.003901,0.056218,0.496383,0.366273,0.067197,0.009834,0.000194,,852200,,
2,2,,0.003527,0.033359,0.432254,0.376894,0.127109,0.026108,0.000749,,850900,,
2,2,,0.004054,0.028679,0.431103,0.417642,0.102374,0.015638,0.000511,,854400,,
2,2,,0.003955,0.055459,0.472261,0.386828,0.070682,0.010601,0.000214,,855700,,
2,2,,0.004174,0.038525,0.488401,0.363825,0.089249,0.015247,0.00058,,878800,,
2,2,,0.003798,0.075222,0.461223,0.370838,0.076674,0.011992,0.000253,,855100,,
2,2,,0.024212,0.063346,0.447434,0.367876,0.083483,0.01331,0.00034,,858900,,
2,2,,0.003955,0.055459,0.492261,0.366828,0.070682,0.010601,0.000214,,849800,,
2,3,,0.003192,0.028127,0.333863,0.415404,0.179429,0.038547,0.001436,,870800,,
2,2,,0.004127,0.032089,0.447789,0.412079,0.090235,0.013365,0.000317,,853100,,
2,2,,0.003921,0.05555,0.475162,0.386709,0.068327,0.010117,0.000214,,860400,,
2,2,,0.003864,0.03305,0.458745,0.369562,0.112294,0.021706,0.000779,,851500,,
2,2,,0.004229,0.03809,0.515249,0.36298,0.069694,0.009564,0.000194,,861400,,
2,3,,0.026831,0.039257,0.339659,0.387587,0.168776,0.036201,0.001689,,856000,,
2,2,,0.003627,0.031776,0.464244,0.406612,0.081827,0.011768,0.000147,,852500,,
2,2,,0.003915,0.053551,0.454054,0.397228,0.079195,0.011843,0.000214,,852200,,
2,2,,0.004664,0.088661,0.420421,0.391383,0.081142,0.01343,0.000299,,887200,,
2,2,,0.003373,0.059804,0.459783,0.37756,0.084621,0.014595,0.000264,,857100,,
2,2,,0.004306,0.057592,0.467153,0.386163,0.073915,0.010658,0.000214,,851700,,
2,2,,0.003901,0.056218,0.496383,0.366273,0.067197,0.009834,0.000194,,853500,,
2,2,,0.003921,0.05555,0.495162,0.366709,0.068327,0.010117,0.000214,,853600,,
2,2,,0.003921,0.05555,0.495162,0.366709,0.068327,0.010117,0.000214,,848800,,
2,3,,0.004562,0.064042,0.383215,0.394062,0.130184,0.023511,0.000425,,883500,,
2,2,,0.004004,0.037823,0.483105,0.389098,0.074794,0.011029,0.000147,,854600,,
2,2,,0.003915,0.033551,0.474054,0.397228,0.079195,0.011843,0.000214,,854500,,
2,2,,0.003921,0.03555,0.495162,0.386709,0.068327,0.010117,0.000214,,849900,,
2,2,,0.004305,0.034738,0.415051,0.384576,0.133486,0.027125,0.000719,,851700,,
2,3,,0.003588,0.038285,0.386062,0.412189,0.132021,0.02715,0.000706,,852200,,
2,3,,0.003966,0.029614,0.415649,0.419216,0.097106,0.034153,0.000295,,860700,,
2,2,,0.004003,0.054984,0.484408,0.367058,0.077075,0.012174,0.000297,,855600,,
2,2,,0.003924,0.052728,0.45077,0.401321,0.079467,0.011576,0.000214,,855400,,
2,2,,0.003851,0.055283,0.490198,0.366165,0.072793,0.011326,0.000385,,856700,,
2,2,,0.003901,0.036218,0.516383,0.366273,0.067197,0.009834,0.000194,,855400,,
2,2,,0.0041,0.035081,0.463566,0.372683,0.104454,0.019612,0.000504,,855000,,
2,2,,0.004331,0.033811,0.468014,0.38319,0.093598,0.016622,0.000435,,855000,,
2,2,,0.003892,0.054732,0.42971,0.381676,0.110335,0.019315,0.00034,,868700,,
2,2,,0.004003,0.054984,0.464408,0.387058,0.077075,0.012174,0.000297,,857000,,
2,3,,0.003607,0.029172,0.37439,0.410302,0.153349,0.028389,0.000792,,854200,,
2,2,,0.003921,0.05555,0.495162,0.366709,0.068327,0.010117,0.000214,,852100,,
2,2,,0.003705,0.031075,0.445287,0.364028,0.129598,0.025577,0.000731,,859400,,
2,2,,0.003851,0.035283,0.490198,0.386165,0.072793,0.011326,0.000385,,856900,,
2,3,,0.003578,0.027395,0.359483,0.38685,0.181284,0.04001,0.001401,,857700,,
2,3,,0.003959,0.03061,0.386708,0.394804,0.151642,0.031431,0.000846,,851000,,
2,2,,0.003854,0.032461,0.485806,0.380778,0.083933,0.012784,0.000385,,855400,,
2,2,,0.003652,0.031606,0.448786,0.397737,0.099944,0.017565,0.00071,,855600,,
2,3,,0.003799,0.026393,0.363095,0.42121,0.141776,0.043362,0.000365,,866100,,
2,2,,0.003901,0.040241,0.470444,0.396884,0.077167,0.011235,0.000127,,884600,,
2,2,,0.003796,0.052824,0.431242,0.380005,0.11087,0.020885,0.000379,,857200,,
2,2,,0.003811,0.033374,0.491991,0.376564,0.081307,0.012567,0.000385,,855400,,
2,2,,0.004139,0.031153,0.450386,0.401487,0.096965,0.015572,0.000297,,844300,,
2,2,,0.004486,0.069865,0.438147,0.388159,0.083089,0.015882,0.000372,,855600,,
2,3,,0.0027,0.044216,0.201052,0.450794,0.228066,0.071894,0.001278,,852500,,
2,2,,0.004206,0.034449,0.481132,0.383557,0.082691,0.013667,0.000297,,856200,,
2,2,,0.003915,0.053551,0.454054,0.397228,0.079195,0.011843,0.000214,,872000,,
2,2,,0.003921,0.07555,0.455162,0.386709,0.068327,0.010117,0.000214,,854100,,
2,2,,0.003955,0.035459,0.492261,0.386828,0.070682,0.010601,0.000214,,850600,,
2,2,,0.004763,0.034538,0.465571,0.381607,0.095487,0.017598,0.000435,,851100,,
2,2,,0.004313,0.057736,0.472524,0.367475,0.084316,0.013339,0.000297,,855400,,
2,2,,0.024467,0.068619,0.434534,0.366943,0.087475,0.017459,0.000504,,854600,,
2,2,,0.00405,0.034146,0.43738,0.392575,0.11005,0.021103,0.000695,,854500,,
2,2,,0.003924,0.032728,0.47077,0.401321,0.079467,0.011576,0.000214,,857400,,
2,2,,0.004143,0.044966,0.465908,0.387822,0.08303,0.013832,0.000299,,852800,,
2,2,,0.004451,0.069956,0.441048,0.388039,0.080735,0.015398,0.000372,,850900,,
2,3,,0.004057,0.023114,0.180836,0.456555,0.271172,0.061346,0.00292,,861300,,
2,2,,0.004076,0.029421,0.44392,0.417956,0.091514,0.012857,0.000256,,857800,,
2,2,,0.004091,0.031628,0.478239,0.381257,0.090571,0.013999,0.000214,,852700,,
2,2,,0.003601,0.029675,0.409934,0.369753,0.153899,0.032156,0.000983,,856900,,
2,2,,0.003955,0.055459,0.472261,0.386828,0.070682,0.010601,0.000214,,856300,,
2,2,,0.003955,0.055459,0.472261,0.386828,0.070682,0.010601,0.000214,,855800,,
2,2,,0.003624,0.054804,0.490026,0.368138,0.072019,0.011072,0.000318,,854300,,
2,2,,0.003898,0.054808,0.482345,0.366395,0.079187,0.012898,0.000468,,853300,,
2,2,,0.003921,0.07555,0.475162,0.366709,0.068327,0.010117,0.000214,,853800,,
2,2,,0.003955,0.075459,0.472261,0.366828,0.070682,0.010601,0.000214,,869000,,
2,2,,0.003921,0.05555,0.475162,0.386709,0.068327,0.010117,0.000214,,853200,,
2,2,,0.004283,0.057332,0.451127,0.403535,0.073178,0.010331,0.000214,,884100,,
2,2,,0.003955,0.055459,0.472261,0.386828,0.070682,0.010601,0.000214,,854700,,
2,2,,0.003243,0.034431,0.457959,0.380249,0.104141,0.019665,0.000312,,859200,,
2,2,,0.003921,0.03555,0.495162,0.386709,0.068327,0.010117,0.000214,,852900,,
2,3,,0.003973,0.031817,0.402471,0.429172,0.113559,0.018536,0.000472,,856900,,
2,2,,0.004233,0.033385,0.42702,0.382752,0.126903,0.024948,0.000759,,855700,,
2,3,,0.004033,0.027201,0.271916,0.427454,0.230828,0.037348,0.00122,,852000,,
2,3,,0.024044,0.032228,0.367479,0.441776,0.117058,0.01713,0.000284,,851200,,
2,2,,0.004311,0.037524,0.484495,0.383329,0.078442,0.011621,0.000277,,855800,,
2,2,,0.003921,0.07555,0.455162,0.386709,0.068327,0.010117,0.000214,,854800,,
2,2,,0.003921,0.03555,0.495162,0.386709,0.068327,0.010117,0.000214,,854000,,
2,2,,0.004486,0.036373,0.429345,0.392882,0.115044,0.021195,0.000675,,854800,,
2,2,,0.003955,0.035459,0.512261,0.366828,0.070682,0.010601,0.000214,,864500,,
2,2,,0.004054,0.028679,0.431103,0.417642,0.102374,0.015638,0.000511,,858000,,
2,3,,0.003991,0.035206,0.334005,0.420361,0.166985,0.038318,0.001134,,854700,,
2,2,,0.003614,0.035939,0.448092,0.410854,0.085474,0.015567,0.00046,,858100,,
2,2,,0.003851,0.035283,0.490198,0.386165,0.072793,0.011326,0.000385,,864300,,
2,3,,0.006928,0.033011,0.247064,0.397911,0.254198,0.058122,0.002767,,852500,,
2,2,,0.004003,0.034984,0.504408,0.367058,0.077075,0.012174,0.000297,,883500,,
2,2,,0.003924,0.052728,0.45077,0.401321,0.079467,0.011576,0.000214,,860500,,
2,3,,0.005097,0.067552,0.36393,0.398446,0.134654,0.029581,0.000739,,858600,,
2,3,,0.004545,0.04627,0.334534,0.449096,0.136117,0.02853,0.000909,,855300,,
2,3,,0.004182,0.029903,0.343712,0.440382,0.162252,0.019078,0.000492,,853700,,
2,2,,0.003958,0.032637,0.467868,0.401441,0.081821,0.01206,0.000214,,854800,,
2,2,,0.003955,0.075459,0.472261,0.366828,0.070682,0.010601,0.000214,,858800,,
2,3,,0.004171,0.02689,0.42362,0.430496,0.100466,0.014158,0.0002,,856000,,
2,2,,0.003921,0.03555,0.495162,0.386709,0.068327,0.010117,0.000214,,855600,,
2,2,,0.003955,0.035459,0.512261,0.366828,0.070682,0.010601,0.000214,,855300,,
2,3,,0.004495,0.040552,0.294514,0.42591,0.192026,0.041568,0.000936,,855200,,
2,2,,0.003706,0.031317,0.444789,0.405256,0.098145,0.016219,0.000568,,854600,,
2,3,,0.00365,0.026851,0.340242,0.418563,0.172131,0.037775,0.000788,,852800,,
2,2,,0.003728,0.034981,0.492088,0.388801,0.069907,0.010348,0.000147,,852700,,
2,3,,0.003402,0.053076,0.360005,0.417406,0.137693,0.027839,0.00058,,858100,,
2,2,,0.004006,0.032162,0.460016,0.401671,0.088215,0.013633,0.000297,,881300,,
2,2,,0.024756,0.041932,0.453644,0.360097,0.101225,0.01791,0.000435,,850300,,
2,2,,0.003851,0.035283,0.490198,0.386165,0.072793,0.011326,0.000385,,864100,,
2,3,,0.004418,0.045464,0.425685,0.428058,0.083053,0.013044,0.000279,,855300,,
2,2,,0.003729,0.032982,0.457041,0.371441,0.11239,0.021703,0.000714,,853400,,
2,3,,0.003718,0.034687,0.357333,0.427195,0.147293,0.028944,0.00083,,850800,,
2,2,,0.003414,0.055235,0.447212,0.394665,0.084425,0.014681,0.000368,,855700,,
2,2,,0.003868,0.037395,0.502351,0.367433,0.075893,0.012736,0.000325,,854400,,
2,3,,0.002752,0.04277,0.234989,0.420232,0.24078,0.056105,0.002371,,876400,,
2,2,,0.004003,0.054984,0.484408,0.367058,0.077075,0.012174,0.000297,,855800,,
2,2,,0.004482,0.048322,0.437815,0.409492,0.083525,0.015993,0.000372,,856800,,
2,2,,0.00341,0.034378,0.442138,0.413778,0.08972,0.016138,0.000438,,858000,,
2,2,,0.003854,0.032255,0.444417,0.404639,0.082601,0.032021,0.000214,,856200,,
2,3,,0.004797,0.048355,0.364709,0.427036,0.127622,0.026983,0.000498,,859800,,
2,2,,0.003955,0.035459,0.492261,0.386828,0.070682,0.010601,0.000214,,861100,,
2,3,,0.004479,0.048527,0.413606,0.434171,0.083712,0.015153,0.000352,,857200,,
2,2,,0.003728,0.034981,0.492088,0.388801,0.069907,0.010348,0.000147,,859100,,
2,2,,0.003955,0.035459,0.492261,0.386828,0.070682,0.010601,0.000214,,870300,,
2,2,,0.003955,0.055459,0.472261,0.386828,0.070682,0.010601,0.000214,,867000,,
2,2,,0.003941,0.057882,0.481842,0.369204,0.074991,0.011926,0.000214,,860100,,
2,2,,0.003921,0.07555,0.475162,0.366709,0.068327,0.010117,0.000214,,867400,,
2,2,,0.004451,0.069956,0.441048,0.388039,0.080735,0.015398,0.000372,,858400,,
2,3,,0.004191,0.025234,0.384617,0.454395,0.113952,0.017156,0.000455,,863500,,
2,2,,0.004067,0.041217,0.427689,0.396867,0.108905,0.020916,0.00034,,856900,,
2,2,,0.004006,0.032162,0.460016,0.401671,0.088215,0.013633,0.000297,,850100,,
2,2,,0.003936,0.031689,0.453663,0.404988,0.091349,0.014078,0.000297,,857800,,
2,3,,0.004084,0.026432,0.378089,0.42058,0.14567,0.024697,0.000448,,858400,,
2,2,,0.003921,0.03555,0.515162,0.366709,0.068327,0.010117,0.000214,,855200,,
2,2,,0.003854,0.032461,0.485806,0.380778,0.083933,0.012784,0.000385,,852800,,
2,2,,0.004548,0.040924,0.436589,0.404932,0.096044,0.016527,0.000435,,897400,,
2,3,,0.00459,0.044351,0.404714,0.427921,0.100353,0.01757,0.0005,,851900,,
2,3,,0.004123,0.025689,0.407722,0.43576,0.11013,0.016276,0.0003,,867900,,
2,2,,0.003955,0.035459,0.492261,0.386828,0.070682,0.010601,0.000214,,852800,,
2,2,,0.003689,0.036023,0.50025,0.37168,0.075973,0.012132,0.000253,,859600,,
2,2,,0.003627,0.031776,0.464244,0.406612,0.081827,0.011768,0.000147,,850800,,
2,2,,0.003955,0.035459,0.492261,0.386828,0.070682,0.010601,0.000214,,851800,,
2,2,,0.003854,0.052255,0.464417,0.384639,0.082601,0.012021,0.000214,,853200,,
2,3,,0.004824,0.033452,0.367732,0.398283,0.160216,0.034231,0.001261,,873100,,
2,2,,0.003921,0.03555,0.495162,0.386709,0.068327,0.010117,0.000214,,852900,,
2,3,,0.006928,0.033011,0.247064,0.397911,0.254198,0.058122,0.002767,,853700,,
2,2,,0.003955,0.035459,0.492261,0.386828,0.070682,0.010601,0.000214,,852600,,
2,2,,0.003985,0.057643,0.482095,0.366966,0.077868,0.011235,0.000208,,854500,,
2,2,,0.003915,0.053551,0.474054,0.377228,0.079195,0.011843,0.000214,,856000,,
2,2,,0.003956,0.030874,0.438482,0.403958,0.104367,0.017757,0.000606,,856400,,
2,2,,0.024029,0.04762,0.462608,0.372187,0.078714,0.014629,0.000212,,856800,,
2,2,,0.003921,0.07555,0.455162,0.386709,0.068327,0.010117,0.000214,,855800,,
2,3,,0.004014,0.049894,0.400995,0.415491,0.107212,0.022035,0.000358,,855900,,
2,2,,0.003955,0.075459,0.472261,0.366828,0.070682,0.010601,0.000214,,851600,,
2,2,,0.003921,0.03555,0.515162,0.366709,0.068327,0.010117,0.000214,,851800,,
2,2,,0.023817,0.037196,0.443993,0.38676,0.09251,0.015425,0.000299,,861600,,
2,2,,0.024463,0.047076,0.434201,0.388276,0.087911,0.01757,0.000504,,856900,,
2,2,,0.004003,0.054984,0.464408,0.387058,0.077075,0.012174,0.000297,,852900,,
2,3,,0.004674,0.029421,0.347203,0.439277,0.154512,0.024111,0.000801,,853700,,
2,3,,0.0037,0.033857,0.288881,0.448153,0.184322,0.039845,0.001243,,853900,,
2,2,,0.024713,0.047931,0.40809,0.377083,0.118168,0.02359,0.000425,,854400,,
2,3,,0.02411,0.032073,0.297676,0.391051,0.203495,0.049602,0.001993,,876900,,
2,2,,0.003831,0.035277,0.455219,0.376525,0.108274,0.020517,0.000356,,874600,,
2,2,,0.003807,0.029664,0.448223,0.383361,0.113892,0.020413,0.000639,,865000,,
2,2,,0.003881,0.033642,0.476955,0.397108,0.076841,0.011358,0.000214,,860100,,
2,2,,0.003921,0.05555,0.475162,0.386709,0.068327,0.010117,0.000214,,856800,,
2,2,,0.003921,0.05555,0.495162,0.366709,0.068327,0.010117,0.000214,,861000,,
2,2,,0.003955,0.035459,0.492261,0.386828,0.070682,0.010601,0.000214,,851600,,
2,3,,0.023914,0.037896,0.371857,0.436369,0.113386,0.016421,0.000156,,853000,,
2,2,,0.003728,0.034981,0.492088,0.388801,0.069907,0.010348,0.000147,,854700,,
2,2,,0.004104,0.033332,0.467841,0.385163,0.092823,0.016368,0.000368,,855800,,
3,3,,0.003549,0.026613,0.371875,0.399089,0.168425,0.02967,0.000779,,851700,,
3,3,,0.004742,0.041788,0.331171,0.412275,0.171536,0.037323,0.001163,,868200,,
3,3,,0.004077,0.0504,0.325267,0.393337,0.184502,0.040948,0.001469,,857000,,
3,2,,0.003915,0.033551,0.474054,0.397228,0.079195,0.011843,0.000214,,856600,,
3,2,,0.003694,0.035072,0.49499,0.388682,0.067553,0.009864,0.000147,,853700,,
3,2,,0.003921,0.03555,0.495162,0.386709,0.068327,0.010117,0.000214,,855200,,
3,2,,0.003936,0.031689,0.433663,0.404988,0.091349,0.034078,0.000297,,853500,,
3,3,,0.004079,0.051949,0.384798,0.43254,0.109097,0.017293,0.000243,,876700,,
3,3,,0.003521,0.024924,0.331056,0.41827,0.184348,0.03649,0.001391,,860300,,
3,3,,0.003666,0.029759,0.400344,0.402066,0.136128,0.027391,0.000647,,873300,,
3,2,,0.003921,0.05555,0.495162,0.366709,0.068327,0.010117,0.000214,,853000,,
3,2,,0.003654,0.03256,0.441045,0.396284,0.106019,0.020039,0.000399,,853500,,
3,3,,0.004619,0.045739,0.365214,0.433099,0.134772,0.016273,0.000284,,853500,,
3,2,,0.003851,0.055283,0.490198,0.366165,0.072793,0.011326,0.000385,,856600,,
3,2,,0.003888,0.032164,0.461515,0.404758,0.084956,0.012505,0.000214,,852700,,
3,3,,0.004277,0.031728,0.372378,0.409041,0.152878,0.02884,0.000858,,852700,,
3,2,,0.003955,0.035459,0.492261,0.386828,0.070682,0.010601,0.000214,,853100,,
3,2,,0.003784,0.031987,0.459453,0.394095,0.097067,0.01323,0.000385,,858100,,
3,2,,0.004149,0.07561,0.388315,0.379341,0.126513,0.025492,0.000581,,853100,,
3,3,,0.003745,0.021061,0.245328,0.398522,0.271136,0.057978,0.00223,,853900,,
3,3,,0.02443,0.035156,0.401478,0.4127,0.108313,0.017328,0.000594,,856600,,
3,2,,0.003936,0.051689,0.413663,0.404988,0.111349,0.014078,0.000297,,852500,,
3,3,,0.003992,0.034365,0.333572,0.445841,0.153502,0.028027,0.000701,,854600,,
3,3,,0.004358,0.056636,0.256864,0.436791,0.197409,0.046283,0.001659,,859800,,
3,2,,0.004331,0.053811,0.448014,0.38319,0.093598,0.016622,0.000435,,857100,,
3,3,,0.004087,0.038681,0.412321,0.412925,0.110277,0.020925,0.000784,,878700,,
3,3,,0.004848,0.043774,0.29295,0.434226,0.182239,0.040757,0.001206,,862900,,
3,2,,0.004534,0.04939,0.430294,0.408388,0.089483,0.017455,0.000455,,852900,,
3,3,,0.003763,0.034267,0.365531,0.425742,0.144084,0.026074,0.00054,,870400,,
3,3,,0.004336,0.060936,0.372373,0.40814,0.127565,0.02612,0.000529,,853000,,
3,2,,0.004462,0.035921,0.50874,0.360932,0.078099,0.011653,0.000194,,862600,,
3,3,,0.006036,0.043527,0.19192,0.46521,0.241443,0.05079,0.001074,,859900,,
3,3,,0.024078,0.035135,0.287777,0.475428,0.148098,0.028784,0.000701,,855400,,
3,3,,0.006447,0.03963,0.333294,0.410268,0.170188,0.037776,0.002398,,855700,,
3,3,,0.003237,0.023236,0.312346,0.485929,0.152227,0.022569,0.000456,,862600,,
3,2,,0.003955,0.055459,0.492261,0.366828,0.070682,0.010601,0.000214,,855000,,
3,3,,0.004046,0.033628,0.24807,0.415201,0.225005,0.072027,0.002023,,855600,,
3,3,,0.004109,0.050811,0.237418,0.434049,0.225445,0.046475,0.001693,,853200,,
3,2,,0.004006,0.029154,0.438956,0.417412,0.09598,0.014065,0.000427,,852600,,
3,2,,0.002804,0.053148,0.422168,0.405436,0.097941,0.018085,0.000417,,856900,,
3,3,,0.004561,0.061481,0.193372,0.475163,0.205786,0.0587,0.000936,,853300,,
3,3,,0.004247,0.025782,0.345056,0.408182,0.176937,0.038415,0.001381,,857500,,
3,2,,0.003955,0.035459,0.492261,0.386828,0.070682,0.010601,0.000214,,858100,,
3,2,,0.003683,0.049805,0.38851,0.37761,0.14773,0.031315,0.001347,,854000,,
3,2,,0.004158,0.034924,0.508984,0.363327,0.076297,0.012095,0.000214,,854800,,
3,3,,0.003875,0.026162,0.386877,0.431307,0.128831,0.022152,0.000797,,856100,,
3,3,,0.003771,0.050014,0.376839,0.39559,0.142735,0.030342,0.00071,,870100,,
3,2,,0.00379,0.055627,0.410651,0.396465,0.111457,0.021567,0.000443,,851800,,
3,2,,0.004209,0.031627,0.476739,0.37817,0.093831,0.015126,0.000297,,854400,,
3,2,,0.003888,0.052164,0.461515,0.384758,0.084956,0.012505,0.000214,,854200,,
3,2,,0.003921,0.05555,0.495162,0.366709,0.068327,0.010117,0.000214,,868700,,
3,2,,0.003859,0.0529,0.464139,0.376794,0.087701,0.01414,0.000468,,852200,,
3,2,,0.004034,0.030334,0.450105,0.413743,0.088888,0.012639,0.000256,,851800,,
3,2,,0.004206,0.034449,0.481132,0.383557,0.082691,0.013667,0.000297,,851300,,
3,3,,0.003457,0.034582,0.402635,0.419036,0.121822,0.018084,0.000384,,852600,,
3,2,,0.003936,0.031689,0.453663,0.404988,0.091349,0.014078,0.000297,,854700,,
3,2,,0.004006,0.032162,0.460016,0.401671,0.088215,0.013633,0.000297,,854000,,
3,2,,0.004369,0.035844,0.435251,0.371569,0.126941,0.025135,0.00089,,854700,,
3,3,,0.026831,0.036452,0.185974,0.437543,0.253124,0.057097,0.002978,,856400,,
3,3,,0.003943,0.02518,0.370111,0.430323,0.143174,0.026567,0.000702,,855700,,
3,3,,0.004451,0.02535,0.411256,0.431327,0.111062,0.016353,0.0002,,876600,,
3,3,,0.003938,0.024741,0.371778,0.424307,0.149406,0.025211,0.000619,,851700,,
3,3,,0.00405,0.050164,0.344858,0.411874,0.155524,0.032303,0.001228,,861900,,
3,2,,0.004068,0.030243,0.427204,0.413863,0.091242,0.033124,0.000256,,860000,,
3,2,,0.004037,0.029618,0.433917,0.41515,0.101136,0.015741,0.000401,,853700,,
3,2,,0.003819,0.05336,0.440832,0.398598,0.088828,0.014228,0.000336,,853000,,
3,3,,0.024435,0.032308,0.304583,0.420784,0.182681,0.034321,0.000889,,855400,,
3,3,,0.004544,0.059846,0.347354,0.408091,0.149961,0.029623,0.000581,,858700,,
3,2,,0.00411,0.02933,0.421018,0.418076,0.093868,0.033341,0.000256,,863700,,
3,3,,0.00342,0.023025,0.247321,0.454028,0.227964,0.0429,0.001341,,869100,,
3,3,,0.004034,0.050334,0.410105,0.413743,0.088888,0.032639,0.000256,,861800,,
3,3,,0.004018,0.032759,0.246671,0.436349,0.217584,0.060698,0.001921,,857100,,
3,3,,0.003469,0.026844,0.39006,0.410894,0.142867,0.025138,0.000728,,856800,,
3,2,,0.004418,0.046075,0.432706,0.410768,0.088973,0.016677,0.000383,,855700,,
3,3,,0.003763,0.030081,0.415578,0.43685,0.098395,0.014998,0.000334,,855400,,
3,3,,0.005011,0.022009,0.291461,0.375178,0.245645,0.057852,0.002844,,857500,,
3,2,,0.024072,0.044503,0.46396,0.369431,0.083779,0.013981,0.000275,,857800,,
3,2,,0.003624,0.054804,0.510026,0.348138,0.072019,0.011072,0.000318,,860300,,
3,3,,0.003792,0.028193,0.298269,0.42035,0.20212,0.045741,0.001536,,857500,,
3,2,,0.003454,0.030871,0.424546,0.397343,0.119741,0.023378,0.000667,,852800,,
3,3,,0.024612,0.043529,0.351242,0.428527,0.125162,0.026287,0.000642,,852700,,
3,3,,0.004062,0.030998,0.229383,0.461702,0.222639,0.049528,0.001687,,863100,,
3,2,,0.003955,0.035459,0.492261,0.386828,0.070682,0.010601,0.000214,,855800,,
3,2,,0.003921,0.05555,0.495162,0.366709,0.068327,0.010117,0.000214,,854100,,
3,2,,0.004034,0.030334,0.450105,0.413743,0.088888,0.012639,0.000256,,854400,,
3,3,,0.024502,0.035212,0.333306,0.429665,0.14816,0.028538,0.000617,,854600,,
3,3,,0.0031,0.026841,0.376694,0.390465,0.16622,0.035525,0.001154,,853500,,
3,2,,0.003668,0.056691,0.481471,0.371245,0.074843,0.01185,0.000232,,855400,,
3,3,,0.004277,0.031728,0.372378,0.409041,0.152878,0.02884,0.000858,,851500,,
3,2,,0.003597,0.034656,0.464437,0.373283,0.104125,0.019547,0.000356,,855800,,
3,2,,0.003898,0.034808,0.482345,0.386395,0.079187,0.012898,0.000468,,854500,,
3,2,,0.004034,0.030334,0.450105,0.413743,0.088888,0.012639,0.000256,,853100,,
3,2,,0.004126,0.039,0.496254,0.363596,0.082855,0.013674,0.000496,,853100,,
3,3,,0.004287,0.028398,0.416339,0.422609,0.113309,0.014818,0.000241,,853000,,
3,3,,0.004074,0.027864,0.415923,0.416612,0.115392,0.019316,0.00082,,853400,,
3,3,,0.003171,0.016856,0.149598,0.443608,0.303531,0.080861,0.002375,,874700,,
3,2,,0.004107,0.032316,0.457987,0.402135,0.089999,0.01307,0.000385,,855800,,
3,2,,0.003915,0.033551,0.474054,0.397228,0.079195,0.011843,0.000214,,853300,,
3,2,,0.004003,0.034984,0.484408,0.387058,0.077075,0.012174,0.000297,,854900,,
3,3,,0.004213,0.025976,0.417434,0.434709,0.103092,0.014375,0.0002,,857200,,
3,3,,0.00491,0.037578,0.288,0.417255,0.205264,0.045167,0.001827,,852800,,
3,3,,0.003828,0.029443,0.407065,0.419515,0.11883,0.02092,0.000398,,858700,,
3,3,,0.003803,0.071569,0.362166,0.406627,0.129623,0.025769,0.000443,,854500,,
3,2,,0.004006,0.029154,0.438956,0.417412,0.09598,0.014065,0.000427,,852000,,
3,2,,0.003963,0.073076,0.426201,0.397458,0.085589,0.013415,0.000297,,852600,,
3,2,,0.004068,0.030243,0.427204,0.413863,0.091242,0.033124,0.000256,,852700,,
3,2,,0.004167,0.032541,0.462925,0.393957,0.091205,0.014909,0.000297,,857300,,
3,2,,0.005781,0.035266,0.396116,0.376236,0.152489,0.033214,0.000897,,860800,,
3,3,,0.024327,0.033395,0.303822,0.452762,0.154076,0.03086,0.000757,,856600,,
3,2,,0.004491,0.034917,0.443733,0.379092,0.115609,0.021654,0.000504,,853900,,
3,2,,0.003924,0.052728,0.47077,0.381321,0.079467,0.011576,0.000214,,856400,,
3,2,,0.003901,0.056218,0.496383,0.366273,0.067197,0.009834,0.000194,,858900,,
3,3,,0.026576,0.038257,0.212198,0.414829,0.248571,0.056907,0.002662,,855900,,
3,3,,0.00592,0.034126,0.245492,0.441826,0.222493,0.048438,0.001705,,851000,,
3,3,,0.00346,0.02752,0.369364,0.392839,0.169378,0.036141,0.001299,,853900,,
3,2,,0.003955,0.035459,0.492261,0.386828,0.070682,0.010601,0.000214,,859000,,
3,2,,0.003921,0.05555,0.495162,0.366709,0.068327,0.010117,0.000214,,853500,,
3,2,,0.003728,0.034981,0.492088,0.388801,0.069907,0.010348,0.000147,,865000,,
3,3,,0.005554,0.026738,0.161289,0.469092,0.262433,0.072451,0.002443,,854700,,
3,3,,0.003803,0.029145,0.374694,0.390331,0.150268,0.050851,0.000908,,855100,,
3,2,,0.003924,0.052728,0.45077,0.401321,0.079467,0.011576,0.000214,,854000,,
3,2,,0.004334,0.030989,0.463622,0.377803,0.104738,0.01808,0.000435,,853700,,
3,3,,0.003141,0.028547,0.401746,0.421057,0.127194,0.017911,0.000402,,852700,,
3,3,,0.004751,0.060789,0.406907,0.411196,0.09995,0.016108,0.000299,,854100,,
3,3,,0.004236,0.025731,0.39247,0.448486,0.114588,0.01431,0.00018,,861400,,
3,3,,0.024359,0.040244,0.353601,0.417274,0.135197,0.028653,0.000673,,853200,,
3,3,,0.005489,0.0361,0.354912,0.393232,0.172577,0.036645,0.001045,,856500,,
3,3,,0.003141,0.028547,0.401746,0.421057,0.127194,0.017911,0.000402,,851800,,
3,2,,0.003854,0.052255,0.464417,0.384639,0.082601,0.012021,0.000214,,855700,,
3,2,,0.003545,0.054655,0.484591,0.369195,0.075519,0.012116,0.000379,,854500,,
3,2,,0.003854,0.072255,0.444417,0.384639,0.082601,0.012021,0.000214,,859200,,
3,2,,0.003947,0.032122,0.422974,0.414134,0.092704,0.033823,0.000295,,853300,,
3,2,,0.004006,0.029154,0.438956,0.417412,0.09598,0.014065,0.000427,,853100,,
3,3,,0.003884,0.031467,0.403341,0.428801,0.112113,0.019845,0.000548,,849700,,
3,2,,0.003851,0.035283,0.490198,0.386165,0.072793,0.011326,0.000385,,860900,,
3,2,,0.004052,0.041708,0.479025,0.387029,0.075813,0.01216,0.000214,,858800,,
3,3,,0.025346,0.037716,0.215073,0.42971,0.236236,0.053762,0.002156,,851900,,
3,2,,0.003982,0.037263,0.508619,0.368122,0.070983,0.010817,0.000214,,852600,,
3,2,,0.003921,0.03555,0.495162,0.386709,0.068327,0.010117,0.000214,,855100,,
3,2,,0.003726,0.072513,0.391643,0.387617,0.120887,0.023235,0.000379,,883300,,
3,3,,0.002923,0.025565,0.294803,0.443931,0.193076,0.038622,0.00108,,853200,,
3,3,,0.004248,0.045885,0.374533,0.434829,0.125446,0.014859,0.0002,,851000,,
3,2,,0.003921,0.05555,0.495162,0.366709,0.068327,0.010117,0.000214,,851700,,
3,2,,0.003915,0.033551,0.494054,0.377228,0.079195,0.011843,0.000214,,850700,,
3,3,,0.003438,0.028555,0.348161,0.384848,0.189841,0.043632,0.001525,,852700,,
3,3,,0.003645,0.027005,0.20109,0.441089,0.246117,0.079794,0.00126,,851700,,
3,3,,0.004806,0.030174,0.330494,0.431939,0.173998,0.028041,0.000548,,852700,,
3,2,,0.004159,0.054768,0.402824,0.391695,0.122606,0.023367,0.000581,,881900,,
3,3,,0.003451,0.021322,0.233519,0.448676,0.242647,0.048322,0.002063,,855500,,
3,2,,0.004331,0.033811,0.488014,0.36319,0.093598,0.016622,0.000435,,855300,,
3,2,,0.024332,0.040724,0.41096,0.380756,0.119076,0.023432,0.00072,,852900,,
3,3,,0.004035,0.036196,0.352057,0.425472,0.153892,0.027647,0.000701,,852100,,
3,3,,0.003506,0.048478,0.33071,0.44009,0.147345,0.029358,0.000513,,851600,,
3,2,,0.004076,0.029421,0.44392,0.417956,0.091514,0.012857,0.000256,,859100,,
3,3,,0.004109,0.028831,0.375724,0.395659,0.15955,0.034811,0.001316,,874900,,
3,2,,0.003668,0.033137,0.459365,0.375968,0.107243,0.02024,0.000379,,875800,,
3,2,,0.00438,0.030418,0.443675,0.405561,0.103316,0.012414,0.000236,,859000,,
3,3,,0.003132,0.023226,0.182007,0.491024,0.249649,0.049899,0.001064,,859300,,
3,2,,0.003866,0.055985,0.468313,0.367554,0.087882,0.0158,0.0006,,856700,,
3,2,,0.003692,0.033515,0.466992,0.387337,0.09143,0.016323,0.00071,,856000,,
3,2,,0.004408,0.036269,0.458007,0.396922,0.090614,0.013484,0.000297,,852100,,
3,3,,0.003638,0.029342,0.256263,0.462223,0.204092,0.043473,0.000968,,857100,,
3,3,,0.003335,0.024053,0.304203,0.424804,0.198265,0.043706,0.001633,,853200,,
3,2,,0.003736,0.051994,0.430291,0.376634,0.114767,0.022096,0.000482,,855100,,
3,3,,0.004131,0.066536,0.364001,0.425832,0.115733,0.023409,0.000358,,852400,,
3,3,,0.003787,0.028359,0.392641,0.41902,0.131572,0.024118,0.000504,,888400,,
3,2,,0.003936,0.031689,0.453663,0.404988,0.091349,0.014078,0.000297,,855900,,
3,2,,0.003888,0.052164,0.441515,0.404758,0.084956,0.012505,0.000214,,860600,,
3,2,,0.004331,0.033811,0.468014,0.38319,0.093598,0.016622,0.000435,,857000,,
3,3,,0.005116,0.029892,0.198805,0.415653,0.258731,0.090325,0.001478,,850700,,
3,3,,0.003172,0.023213,0.262084,0.428253,0.21786,0.064225,0.001192,,851800,,
3,3,,0.004284,0.055324,0.385808,0.389288,0.136972,0.027763,0.000561,,854800,,
3,2,,0.005143,0.028078,0.391591,0.370708,0.16731,0.036256,0.000913,,855500,,
3,3,,0.005251,0.040548,0.22149,0.480822,0.190711,0.060498,0.00068,,883100,,
3,3,,0.003952,0.0267,0.360983,0.423516,0.15686,0.027539,0.000449,,858300,,
3,3,,0.004581,0.02515,0.396471,0.406977,0.145736,0.020662,0.000422,,858100,,
3,2,,0.004264,0.030515,0.457268,0.38112,0.107872,0.018526,0.000435,,856500,,
3,3,,0.004409,0.026263,0.417442,0.427114,0.108436,0.016136,0.0002,,854200,,
3,3,,0.004199,0.02141,0.160341,0.443986,0.306583,0.061225,0.002255,,853300,,
3,3,,0.004428,0.043924,0.367377,0.41419,0.140135,0.029429,0.000518,,851200,,
3,2,,0.004116,0.029768,0.419351,0.414093,0.097636,0.034696,0.00034,,855800,,
3,2,,0.004895,0.034078,0.484576,0.375349,0.08684,0.013865,0.000397,,852800,,
3,3,,0.00324,0.021951,0.270736,0.427031,0.225036,0.050047,0.001958,,857100,,
3,3,,0.003778,0.028432,0.403228,0.413777,0.126332,0.023758,0.000695,,850700,,
