wine-quality-white,CWE,test,2,NANOSECONDS,PREDICTIONS, Generated by ClassifierExperiments.java on 2022-05-17 03:06:49.    SYSTEMPROPERTIES:{user.name:matth,os.arch:amd64,os.name:Windows 10},ENDSYSTEMPROPERTIES
No parameter info
0.44240570846075433,465902700,814081800,-1,0,7,,-1,-1
0,2,,0.003508,0.085649,0.39653,0.363358,0.120567,0.028982,0.001405,,1129100,,
0,2,,0.003469,0.054124,0.463614,0.368365,0.087597,0.021358,0.001474,,1038900,,
0,2,,0.003343,0.050677,0.428858,0.376356,0.115228,0.024544,0.000994,,1032200,,
0,2,,0.0043,0.051686,0.504318,0.34317,0.081951,0.014346,0.000228,,1032300,,
1,3,,0.024972,0.055331,0.272178,0.432403,0.180716,0.033864,0.000537,,1014700,,
1,3,,0.006466,0.095947,0.34424,0.395137,0.130539,0.026857,0.000815,,901600,,
1,2,,0.005125,0.054453,0.39615,0.352929,0.161511,0.029061,0.000771,,841800,,
1,2,,0.004107,0.051499,0.499138,0.343181,0.086464,0.015382,0.000228,,843100,,
1,2,,0.003715,0.07811,0.460283,0.352867,0.089403,0.015543,0.000078,,853200,,
1,3,,0.006165,0.053175,0.303473,0.467284,0.144328,0.024799,0.000776,,852500,,
1,3,,0.006815,0.065409,0.301725,0.386741,0.19499,0.042111,0.00221,,847400,,
1,2,,0.005776,0.066306,0.411517,0.366571,0.11746,0.030316,0.002055,,847500,,
1,2,,0.003518,0.050161,0.496088,0.352027,0.082538,0.01544,0.000228,,848400,,
1,3,,0.003919,0.070186,0.386933,0.403034,0.11591,0.019759,0.000259,,844600,,
1,2,,0.023652,0.056857,0.44696,0.354569,0.101226,0.016659,0.000078,,854900,,
1,3,,0.025455,0.075283,0.347511,0.420326,0.111455,0.019369,0.000601,,853100,,
1,2,,0.004114,0.051252,0.461583,0.358729,0.107538,0.016628,0.000156,,850200,,
1,2,,0.005159,0.074258,0.446405,0.337834,0.113461,0.021808,0.001075,,849800,,
1,2,,0.004156,0.050145,0.480834,0.35572,0.093086,0.015902,0.000156,,849400,,
1,2,,0.004397,0.076839,0.474336,0.344335,0.085298,0.014638,0.000156,,844100,,
1,2,,0.00465,0.080965,0.446467,0.363068,0.090696,0.013999,0.000156,,880200,,
1,2,,0.003817,0.060383,0.45601,0.365644,0.100029,0.013962,0.000156,,856700,,
1,3,,0.004151,0.07234,0.359822,0.419782,0.122553,0.021093,0.000259,,847400,,
1,2,,0.004168,0.051425,0.493684,0.349944,0.085145,0.015405,0.000228,,840200,,
1,2,,0.007425,0.07314,0.401611,0.366595,0.126034,0.024168,0.001028,,833400,,
1,2,,0.004424,0.072618,0.45768,0.342997,0.102866,0.019007,0.000408,,834400,,
1,2,,0.005041,0.073276,0.438138,0.351178,0.111826,0.019996,0.000544,,842100,,
1,2,,0.003859,0.061182,0.467911,0.351476,0.100323,0.015092,0.000156,,843500,,
1,2,,0.00435,0.052634,0.459147,0.377357,0.090692,0.015664,0.000156,,838400,,
1,2,,0.003859,0.061182,0.467911,0.351476,0.100323,0.015092,0.000156,,840700,,
1,2,,0.003275,0.050322,0.453918,0.371011,0.103516,0.017801,0.000156,,832600,,
1,3,,0.005046,0.092928,0.376246,0.387325,0.115204,0.022859,0.000394,,840400,,
1,2,,0.003769,0.059494,0.458907,0.365082,0.091902,0.020065,0.000781,,836200,,
1,2,,0.004474,0.061282,0.462032,0.365681,0.090924,0.015451,0.000156,,850000,,
1,2,,0.004674,0.054634,0.448874,0.367846,0.103188,0.020523,0.000261,,835900,,
1,2,,0.006283,0.075711,0.436486,0.364584,0.099694,0.016791,0.000451,,838200,,
1,3,,0.006205,0.076389,0.339633,0.405688,0.145699,0.025848,0.000537,,840600,,
2,2,,0.003888,0.047722,0.436106,0.374751,0.119349,0.018028,0.000156,,901100,,
2,2,,0.003251,0.048479,0.412439,0.346618,0.150084,0.037657,0.001472,,832600,,
2,2,,0.003611,0.083416,0.398544,0.379486,0.115018,0.019645,0.00028,,854300,,
2,3,,0.005921,0.065818,0.355126,0.382683,0.151108,0.036991,0.002354,,837900,,
2,3,,0.004533,0.061776,0.308437,0.433791,0.158457,0.032361,0.000645,,826900,,
2,2,,0.00423,0.052546,0.497538,0.348749,0.082054,0.014656,0.000228,,822800,,
2,2,,0.00324,0.044244,0.425707,0.38897,0.117861,0.019738,0.00024,,821400,,
2,2,,0.004095,0.052604,0.438892,0.371866,0.111319,0.020891,0.000334,,814500,,
2,2,,0.004252,0.069147,0.435785,0.350252,0.119107,0.021007,0.00045,,816900,,
2,2,,0.00388,0.061938,0.439241,0.362396,0.108278,0.023201,0.001068,,813400,,
2,2,,0.003374,0.052211,0.457661,0.368133,0.100103,0.018363,0.000156,,813000,,
2,2,,0.004277,0.069698,0.448074,0.356754,0.102791,0.018166,0.00024,,817300,,
2,3,,0.005255,0.102811,0.371843,0.391241,0.108585,0.019628,0.000638,,825400,,
2,2,,0.005456,0.071459,0.419951,0.364459,0.115664,0.02267,0.000343,,818200,,
2,2,,0.004872,0.05545,0.417372,0.372807,0.124318,0.024754,0.000428,,829200,,
2,2,,0.003309,0.050792,0.467039,0.370337,0.086055,0.021218,0.001249,,821100,,
2,2,,0.003363,0.048491,0.468112,0.361192,0.095539,0.022147,0.001156,,829000,,
2,2,,0.004037,0.052358,0.479025,0.348759,0.0999,0.015692,0.000228,,819200,,
2,2,,0.003155,0.043868,0.448363,0.378407,0.103083,0.022651,0.000473,,818100,,
2,3,,0.003533,0.0446,0.351375,0.431595,0.142183,0.026512,0.000201,,841400,,
2,2,,0.0043,0.091686,0.464318,0.34317,0.081951,0.014346,0.000228,,830600,,
2,2,,0.006065,0.068801,0.472409,0.341662,0.093612,0.017076,0.000373,,825000,,
2,2,,0.003392,0.069622,0.447663,0.348238,0.10341,0.02698,0.000696,,822500,,
2,2,,0.004086,0.052023,0.49455,0.34685,0.086605,0.015657,0.000228,,820900,,
2,3,,0.008119,0.078174,0.364235,0.40029,0.123881,0.024499,0.000801,,816900,,
2,2,,0.00423,0.052546,0.497538,0.348749,0.082054,0.014656,0.000228,,825000,,
2,2,,0.00343,0.050841,0.493204,0.346611,0.085761,0.0193,0.000853,,821400,,
2,3,,0.004137,0.072069,0.356749,0.407242,0.132469,0.026718,0.000616,,820800,,
2,2,,0.004037,0.052358,0.492359,0.348759,0.086566,0.015692,0.000228,,819500,,
2,2,,0.004113,0.052072,0.485541,0.35288,0.089345,0.015893,0.000156,,828900,,
2,2,,0.00408,0.070078,0.459436,0.343191,0.10272,0.020018,0.000477,,820700,,
2,2,,0.004601,0.057395,0.499836,0.34357,0.081075,0.013367,0.000156,,833700,,
2,2,,0.003248,0.048859,0.455362,0.35987,0.108328,0.022839,0.001494,,820300,,
2,3,,0.005895,0.068815,0.29513,0.401084,0.188671,0.039458,0.000946,,826100,,
2,3,,0.003395,0.042487,0.374928,0.411725,0.140866,0.026033,0.000566,,821500,,
2,2,,0.003409,0.045656,0.406004,0.393681,0.130492,0.020521,0.000238,,817700,,
2,2,,0.003432,0.047145,0.458331,0.371078,0.095196,0.024741,0.000078,,825400,,
2,3,,0.00537,0.065604,0.355626,0.374273,0.162951,0.035235,0.000941,,830700,,
2,2,,0.00384,0.053026,0.466327,0.348428,0.110603,0.017625,0.00015,,856800,,
2,3,,0.003513,0.047272,0.379179,0.438785,0.112526,0.018606,0.000119,,824900,,
2,2,,0.004161,0.078248,0.448738,0.345197,0.104675,0.018625,0.000356,,821400,,
2,2,,0.025268,0.075895,0.41219,0.366065,0.101149,0.01906,0.000373,,820600,,
2,2,,0.00373,0.054905,0.494429,0.348724,0.082851,0.015283,0.000078,,824200,,
2,2,,0.005032,0.09072,0.418659,0.349139,0.113656,0.0224,0.000394,,819800,,
2,2,,0.003746,0.057161,0.430727,0.379553,0.1097,0.018818,0.000296,,822300,,
2,3,,0.003487,0.039857,0.328173,0.383287,0.206604,0.037267,0.001325,,825500,,
2,2,,0.003158,0.042859,0.393317,0.383633,0.143485,0.031744,0.001804,,820400,,
2,2,,0.003879,0.052791,0.45165,0.371254,0.099755,0.02049,0.000183,,817800,,
2,2,,0.003206,0.049184,0.468129,0.354645,0.101568,0.021794,0.001473,,821600,,
2,2,,0.006219,0.073777,0.412656,0.382176,0.104475,0.020162,0.000535,,824000,,
2,2,,0.00423,0.052546,0.484205,0.348749,0.095387,0.014656,0.000228,,824600,,
2,2,,0.004546,0.053937,0.451489,0.353133,0.113916,0.022465,0.000515,,821900,,
2,2,,0.003296,0.054136,0.472396,0.352315,0.100937,0.016692,0.000228,,817100,,
2,2,,0.003138,0.049253,0.446559,0.357502,0.120043,0.022787,0.000717,,824300,,
2,2,,0.003111,0.053718,0.450021,0.36018,0.108949,0.023249,0.000773,,824300,,
2,2,,0.003397,0.063952,0.395176,0.392139,0.122554,0.022598,0.000183,,830500,,
2,3,,0.007673,0.077191,0.359764,0.396273,0.132198,0.026094,0.000807,,835300,,
2,2,,0.003296,0.05019,0.425925,0.374132,0.120865,0.024939,0.000653,,865600,,
2,2,,0.003529,0.047018,0.40209,0.388196,0.133816,0.025086,0.000265,,818400,,
2,2,,0.003392,0.065346,0.416978,0.377834,0.11038,0.024832,0.001238,,821200,,
2,2,,0.003318,0.048811,0.39991,0.3832,0.134172,0.029758,0.000832,,820600,,
2,2,,0.004107,0.051499,0.499138,0.343181,0.086464,0.015382,0.000228,,824600,,
2,2,,0.004815,0.051354,0.423272,0.37239,0.122747,0.024817,0.000605,,827700,,
2,2,,0.004389,0.100541,0.409383,0.337809,0.119536,0.027109,0.001232,,824000,,
2,3,,0.003299,0.043437,0.377359,0.426139,0.127395,0.022052,0.000319,,815900,,
2,2,,0.004586,0.057508,0.476006,0.361519,0.08628,0.013945,0.000156,,822400,,
2,2,,0.003461,0.051957,0.455241,0.367902,0.103703,0.017264,0.000473,,823200,,
2,2,,0.00383,0.052903,0.486699,0.347375,0.087045,0.020992,0.001156,,829300,,
2,2,,0.003862,0.056383,0.490785,0.346206,0.086822,0.015863,0.000078,,820200,,
2,2,,0.005093,0.058131,0.449971,0.348772,0.118419,0.019374,0.00024,,821000,,
2,2,,0.004397,0.076389,0.467677,0.348489,0.087948,0.014944,0.000156,,821500,,
2,3,,0.003213,0.047757,0.384472,0.400454,0.128645,0.033215,0.002244,,819000,,
2,2,,0.004106,0.065425,0.44044,0.385895,0.088656,0.015239,0.000238,,818000,,
2,2,,0.00801,0.076599,0.363223,0.362357,0.137494,0.030477,0.021841,,825900,,
2,2,,0.004306,0.052259,0.477387,0.352869,0.098165,0.014857,0.000156,,828400,,
2,3,,0.003256,0.043446,0.374125,0.39405,0.14704,0.03594,0.002143,,819800,,
2,2,,0.004206,0.064372,0.451676,0.348699,0.103997,0.026772,0.000279,,841300,,
2,2,,0.004304,0.05598,0.493093,0.347605,0.08426,0.014602,0.000156,,837100,,
2,2,,0.004397,0.076389,0.467677,0.348489,0.087948,0.014944,0.000156,,826200,,
2,2,,0.005209,0.075116,0.42256,0.3557,0.117348,0.023705,0.000363,,827700,,
2,2,,0.003744,0.076137,0.467924,0.349032,0.087183,0.015824,0.000156,,823700,,
2,2,,0.003303,0.053596,0.482544,0.352595,0.090296,0.017515,0.00015,,817900,,
2,3,,0.005002,0.033618,0.225416,0.543553,0.159333,0.031995,0.001083,,827100,,
2,2,,0.006471,0.072851,0.441383,0.340913,0.114956,0.022351,0.001075,,821100,,
2,2,,0.003296,0.050136,0.490229,0.350565,0.083603,0.021942,0.000228,,824500,,
2,2,,0.003814,0.047605,0.464458,0.346688,0.109526,0.027511,0.000399,,820700,,
2,3,,0.004526,0.043645,0.36395,0.420295,0.140547,0.02647,0.000568,,821400,,
2,2,,0.004629,0.049769,0.455572,0.347697,0.12167,0.020185,0.000477,,817000,,
2,2,,0.004037,0.052358,0.479025,0.348759,0.0999,0.015692,0.000228,,821900,,
2,2,,0.002825,0.052183,0.406321,0.388524,0.119234,0.030347,0.000566,,822700,,
2,2,,0.003518,0.054161,0.486457,0.352659,0.086538,0.01644,0.000228,,825600,,
2,2,,0.004392,0.057753,0.462802,0.368587,0.090756,0.015555,0.000156,,831300,,
2,3,,0.003373,0.065888,0.283907,0.414134,0.186203,0.044524,0.001971,,818200,,
2,2,,0.003381,0.049135,0.384283,0.37282,0.136137,0.052427,0.001817,,831800,,
2,2,,0.003279,0.047207,0.465996,0.371707,0.094878,0.016855,0.000078,,817400,,
2,2,,0.004063,0.082108,0.44468,0.345316,0.104507,0.019003,0.000322,,831000,,
2,2,,0.003042,0.048928,0.488048,0.352445,0.084437,0.022631,0.000468,,835800,,
2,2,,0.007305,0.073787,0.39884,0.363287,0.130508,0.025303,0.000971,,824800,,
2,3,,0.024628,0.078598,0.266888,0.409331,0.181667,0.038156,0.000733,,819200,,
2,3,,0.004047,0.046539,0.370234,0.423066,0.131363,0.024147,0.000603,,826500,,
2,2,,0.00423,0.052546,0.484205,0.348749,0.095387,0.014656,0.000228,,822100,,
2,2,,0.004037,0.052358,0.492359,0.348759,0.086566,0.015692,0.000228,,820400,,
2,2,,0.004526,0.056004,0.480487,0.347949,0.096528,0.01435,0.000156,,819600,,
2,2,,0.003305,0.045136,0.414675,0.374031,0.128203,0.032419,0.002231,,829300,,
2,2,,0.003896,0.051007,0.445758,0.351533,0.1254,0.022008,0.000399,,819600,,
2,2,,0.003292,0.041453,0.422191,0.399911,0.114239,0.018795,0.000118,,827900,,
2,2,,0.006772,0.070172,0.384335,0.346973,0.142713,0.028142,0.020893,,823900,,
2,3,,0.006597,0.067282,0.338324,0.377336,0.169816,0.038461,0.002185,,828400,,
2,2,,0.003592,0.057595,0.468678,0.351516,0.102078,0.016386,0.000156,,862200,,
2,2,,0.005605,0.052524,0.405999,0.375888,0.132177,0.027203,0.000605,,851600,,
2,2,,0.003091,0.04334,0.418797,0.384234,0.123889,0.025176,0.001473,,825700,,
2,2,,0.004131,0.073279,0.438003,0.351137,0.110303,0.022522,0.000625,,840600,,
2,2,,0.003268,0.054299,0.476847,0.35196,0.097489,0.015908,0.000228,,828500,,
2,2,,0.004734,0.062004,0.442119,0.379905,0.092815,0.017642,0.000781,,826500,,
2,2,,0.003183,0.041322,0.408839,0.403475,0.122745,0.020317,0.000118,,829100,,
2,2,,0.003814,0.047605,0.464458,0.346688,0.109526,0.027511,0.000399,,855200,,
2,2,,0.003244,0.048054,0.462038,0.354685,0.103704,0.027876,0.000399,,822300,,
2,2,,0.004114,0.050842,0.45627,0.361653,0.109969,0.016996,0.000156,,830700,,
2,2,,0.005641,0.070256,0.418801,0.366509,0.115563,0.022494,0.000737,,832500,,
2,3,,0.004182,0.06111,0.378105,0.407392,0.125329,0.023404,0.000479,,827500,,
2,2,,0.0043,0.054478,0.451854,0.345648,0.119061,0.023629,0.00103,,818300,,
2,3,,0.004452,0.049285,0.379632,0.391288,0.150341,0.024361,0.00064,,828300,,
2,2,,0.004266,0.049794,0.480829,0.356245,0.092643,0.016066,0.000156,,820600,,
2,2,,0.005209,0.075116,0.42256,0.3557,0.117348,0.023705,0.000363,,832800,,
2,2,,0.003239,0.048353,0.458397,0.346835,0.109711,0.032181,0.001284,,827700,,
2,2,,0.004424,0.05197,0.42483,0.372471,0.121023,0.024624,0.000659,,827300,,
2,3,,0.003499,0.043222,0.377666,0.406428,0.144175,0.024781,0.000229,,827800,,
2,3,,0.005293,0.052144,0.324559,0.425009,0.159859,0.032271,0.000864,,827200,,
2,2,,0.005637,0.058774,0.383829,0.370303,0.135803,0.024926,0.020728,,831200,,
2,2,,0.003473,0.056035,0.462625,0.365881,0.09076,0.020371,0.000854,,833900,,
2,2,,0.004554,0.055842,0.476035,0.348304,0.099975,0.015134,0.000156,,826400,,
2,3,,0.004978,0.047189,0.283029,0.414245,0.208367,0.040456,0.001736,,826800,,
2,2,,0.003462,0.04764,0.442275,0.367089,0.11405,0.024328,0.001156,,827200,,
2,2,,0.003304,0.085189,0.400673,0.381351,0.111514,0.017815,0.000156,,816200,,
2,2,,0.004197,0.049834,0.463424,0.367672,0.097606,0.017111,0.000156,,823800,,
2,2,,0.023379,0.052523,0.390558,0.376641,0.128845,0.027633,0.000421,,854700,,
2,2,,0.003971,0.046152,0.429446,0.382081,0.120189,0.018006,0.000156,,827900,,
2,2,,0.004283,0.050903,0.470289,0.355931,0.101832,0.016606,0.000156,,829600,,
2,3,,0.005851,0.058782,0.35663,0.362738,0.182724,0.032123,0.00115,,833600,,
2,2,,0.00384,0.073942,0.401242,0.364534,0.123596,0.03075,0.002096,,826400,,
2,2,,0.004158,0.059047,0.418079,0.387782,0.110122,0.020551,0.000261,,832000,,
2,3,,0.003169,0.047396,0.376837,0.422047,0.123155,0.026425,0.000971,,826500,,
2,2,,0.004119,0.05176,0.478159,0.351854,0.09844,0.01544,0.000228,,832700,,
2,3,,0.004244,0.047152,0.347791,0.410413,0.143492,0.026544,0.020365,,825600,,
2,3,,0.024919,0.079493,0.28275,0.391709,0.182401,0.037995,0.000733,,824400,,
2,2,,0.003373,0.049849,0.488543,0.355804,0.086382,0.015893,0.000156,,821100,,
2,3,,0.004936,0.062202,0.236333,0.361862,0.279533,0.05292,0.002214,,834700,,
2,2,,0.004329,0.071523,0.479866,0.343525,0.085398,0.01513,0.000228,,832000,,
2,3,,0.003475,0.082955,0.37211,0.407815,0.115382,0.018144,0.000119,,823900,,
2,2,,0.003663,0.056867,0.487284,0.351594,0.085152,0.015285,0.000156,,820800,,
2,2,,0.004258,0.052383,0.479753,0.349103,0.098834,0.01544,0.000228,,820600,,
2,3,,0.023791,0.058302,0.320028,0.400987,0.141812,0.033594,0.021486,,815700,,
2,2,,0.004162,0.049479,0.478569,0.346286,0.10126,0.019766,0.000477,,823400,,
2,2,,0.003246,0.050643,0.468395,0.357169,0.101708,0.018294,0.000546,,820400,,
2,3,,0.005554,0.049637,0.275388,0.413647,0.212419,0.04226,0.001096,,839800,,
2,2,,0.003525,0.05288,0.487423,0.350172,0.084317,0.021606,0.000078,,827400,,
2,2,,0.003489,0.054323,0.477575,0.352304,0.096424,0.015656,0.000228,,826200,,
2,2,,0.004944,0.057132,0.429081,0.36219,0.123433,0.022484,0.000737,,826500,,
2,2,,0.004375,0.05512,0.499872,0.342027,0.084158,0.014292,0.000156,,828900,,
2,2,,0.006772,0.070782,0.434983,0.341068,0.121798,0.024042,0.000556,,828300,,
2,2,,0.003257,0.050389,0.457954,0.358171,0.110045,0.019632,0.000552,,829300,,
2,2,,0.003602,0.052515,0.452495,0.362908,0.110203,0.0182,0.000078,,827500,,
2,2,,0.005141,0.092543,0.399683,0.368177,0.112192,0.02187,0.000394,,818400,,
2,2,,0.005456,0.072498,0.461251,0.345342,0.097887,0.016877,0.00069,,828400,,
2,2,,0.004189,0.0509,0.498272,0.346276,0.085004,0.01513,0.000228,,825000,,
2,2,,0.00335,0.049128,0.474936,0.34998,0.101511,0.020419,0.000676,,831100,,
2,2,,0.003555,0.058164,0.445313,0.370766,0.10306,0.018958,0.000183,,834600,,
2,2,,0.004539,0.057904,0.480935,0.346835,0.096357,0.013274,0.000156,,826500,,
2,3,,0.024937,0.099041,0.307994,0.37494,0.159593,0.031966,0.001529,,825100,,
2,2,,0.003863,0.057285,0.48493,0.34995,0.087718,0.016099,0.000156,,823200,,
2,2,,0.003158,0.049308,0.470495,0.350879,0.102237,0.022376,0.001546,,826200,,
2,2,,0.006139,0.074818,0.393644,0.385543,0.117212,0.022108,0.000535,,831900,,
2,2,,0.003208,0.048974,0.48602,0.34897,0.088942,0.022341,0.001546,,864100,,
2,2,,0.004037,0.052358,0.479025,0.348759,0.0999,0.015692,0.000228,,832600,,
2,2,,0.003592,0.057595,0.468678,0.351516,0.102078,0.016386,0.000156,,825700,,
2,2,,0.004528,0.05375,0.473487,0.354579,0.09426,0.019235,0.000162,,832700,,
2,3,,0.006365,0.070786,0.362754,0.391809,0.138473,0.028682,0.00113,,834000,,
2,2,,0.003649,0.050871,0.42409,0.360988,0.134439,0.025278,0.000685,,831200,,
2,3,,0.005722,0.077284,0.370862,0.391949,0.130103,0.023306,0.000774,,832400,,
2,2,,0.003294,0.047954,0.458103,0.367518,0.103472,0.019336,0.000322,,830500,,
2,3,,0.004254,0.066325,0.312422,0.434727,0.154126,0.027781,0.000365,,827600,,
2,2,,0.00323,0.04393,0.419816,0.391386,0.123476,0.018006,0.000156,,832300,,
2,2,,0.003304,0.085189,0.400673,0.381351,0.111514,0.017815,0.000156,,831800,,
2,2,,0.004162,0.069479,0.458569,0.346286,0.10126,0.019766,0.000477,,841900,,
2,3,,0.006117,0.070495,0.369029,0.370764,0.151206,0.031297,0.001091,,833800,,
2,2,,0.005535,0.076146,0.399777,0.39121,0.107684,0.019009,0.000638,,834500,,
2,2,,0.003374,0.04862,0.472605,0.364577,0.093672,0.016996,0.000156,,831200,,
2,3,,0.027311,0.097531,0.322658,0.409049,0.115876,0.026227,0.001347,,830400,,
2,2,,0.004114,0.051252,0.461583,0.358729,0.107538,0.016628,0.000156,,826000,,
2,2,,0.003489,0.054323,0.477575,0.352304,0.096424,0.015656,0.000228,,825200,,
2,2,,0.003556,0.075433,0.430754,0.36376,0.108452,0.017946,0.000099,,836300,,
2,3,,0.007132,0.076605,0.15504,0.469782,0.221509,0.068933,0.001,,823600,,
2,2,,0.003268,0.050299,0.499812,0.351329,0.080156,0.014908,0.000228,,818700,,
2,2,,0.004168,0.051425,0.493684,0.349944,0.085145,0.015405,0.000228,,823600,,
2,3,,0.006876,0.07032,0.30743,0.395049,0.181823,0.036911,0.00159,,833200,,
2,2,,0.004569,0.066728,0.416243,0.383304,0.109857,0.019062,0.000238,,823700,,
2,2,,0.003581,0.055871,0.46242,0.359115,0.10133,0.01721,0.000473,,824000,,
2,2,,0.003235,0.050517,0.457317,0.364258,0.106303,0.017897,0.000473,,826500,,
2,3,,0.00424,0.047182,0.352444,0.37785,0.163793,0.03341,0.021082,,820200,,
2,2,,0.005328,0.069085,0.439945,0.362621,0.104136,0.018472,0.000413,,826600,,
2,2,,0.002942,0.043778,0.439518,0.393261,0.103613,0.01681,0.000078,,825600,,
2,3,,0.003314,0.042539,0.253652,0.415541,0.233862,0.049608,0.001485,,833700,,
2,2,,0.02601,0.073278,0.411313,0.365473,0.10635,0.017203,0.000373,,822600,,
2,2,,0.004079,0.051661,0.50359,0.342827,0.083017,0.014598,0.000228,,821400,,
2,3,,0.005235,0.101833,0.371308,0.393839,0.107985,0.019239,0.00056,,825500,,
2,2,,0.003599,0.057055,0.465493,0.351795,0.104771,0.017209,0.000078,,825000,,
2,2,,0.003775,0.057029,0.453161,0.353988,0.112647,0.019159,0.00024,,829300,,
2,3,,0.004816,0.043877,0.320012,0.367574,0.220352,0.041803,0.001567,,827700,,
2,2,,0.003732,0.059018,0.409973,0.393133,0.113626,0.020252,0.000266,,830100,,
2,2,,0.004284,0.050083,0.459663,0.36178,0.106693,0.017341,0.000156,,821600,,
2,2,,0.003209,0.048277,0.406989,0.390116,0.127419,0.023268,0.000722,,843900,,
2,2,,0.004126,0.052728,0.487851,0.351902,0.087797,0.01542,0.000176,,824200,,
2,2,,0.005471,0.073622,0.434051,0.345064,0.121297,0.020038,0.000457,,831100,,
2,2,,0.004528,0.05375,0.473487,0.354579,0.09426,0.019235,0.000162,,826900,,
2,2,,0.004967,0.065988,0.37241,0.356809,0.162894,0.036178,0.000755,,830100,,
2,2,,0.00307,0.041756,0.408603,0.386463,0.128284,0.030102,0.001722,,823400,,
2,2,,0.006614,0.071675,0.395743,0.369657,0.129821,0.025953,0.000537,,819500,,
2,2,,0.003532,0.055518,0.46996,0.370943,0.08409,0.015728,0.000229,,829600,,
2,2,,0.004114,0.051252,0.461583,0.358729,0.107538,0.016628,0.000156,,837000,,
2,3,,0.003399,0.050028,0.27754,0.392815,0.223404,0.050428,0.002385,,839900,,
2,2,,0.003366,0.045624,0.410667,0.382822,0.125811,0.030052,0.001659,,832400,,
2,2,,0.004017,0.066959,0.457381,0.341343,0.10923,0.020806,0.000264,,817100,,
2,2,,0.00334,0.047856,0.471806,0.345747,0.103757,0.026018,0.001477,,823200,,
2,2,,0.00328,0.077052,0.413463,0.359356,0.116236,0.029893,0.00072,,824300,,
2,3,,0.004491,0.068623,0.372754,0.400914,0.130939,0.022075,0.000203,,831100,,
2,3,,0.003314,0.042539,0.253652,0.415541,0.233862,0.049608,0.001485,,819900,,
2,2,,0.003394,0.05428,0.428922,0.366042,0.118294,0.027767,0.001301,,822500,,
2,3,,0.00568,0.076111,0.272433,0.348372,0.226455,0.048809,0.02214,,826100,,
2,2,,0.004328,0.059198,0.449595,0.369491,0.099316,0.017517,0.000555,,819500,,
2,2,,0.003506,0.054798,0.469162,0.354128,0.101239,0.016918,0.000249,,842800,,
2,3,,0.005051,0.054633,0.307059,0.473527,0.134684,0.024443,0.000603,,826200,,
2,2,,0.004256,0.049482,0.443919,0.375941,0.104755,0.021242,0.000405,,823600,,
2,2,,0.004129,0.052074,0.48405,0.349438,0.092824,0.017172,0.000313,,816600,,
2,2,,0.004304,0.05598,0.479759,0.347605,0.097594,0.014602,0.000156,,823300,,
2,2,,0.004162,0.049479,0.478569,0.346286,0.10126,0.019766,0.000477,,820700,,
2,2,,0.004026,0.052229,0.498498,0.345743,0.084433,0.014843,0.000228,,821700,,
2,2,,0.004058,0.052186,0.499002,0.346495,0.083158,0.014873,0.000228,,823400,,
2,3,,0.004725,0.070867,0.261909,0.346311,0.243681,0.050452,0.022054,,840200,,
2,2,,0.003424,0.0698,0.406865,0.37992,0.116519,0.023145,0.000327,,817000,,
2,3,,0.004403,0.061518,0.388505,0.391118,0.130637,0.023451,0.000367,,825200,,
2,3,,0.003757,0.109377,0.344921,0.402575,0.118948,0.020162,0.000259,,816900,,
2,2,,0.004237,0.091422,0.387773,0.380137,0.116434,0.019701,0.000297,,821500,,
2,2,,0.004162,0.049479,0.478569,0.346286,0.10126,0.019766,0.000477,,818800,,
2,2,,0.003184,0.044511,0.412872,0.392743,0.124833,0.021384,0.000473,,822600,,
2,3,,0.004568,0.060866,0.30931,0.443345,0.151848,0.029533,0.00053,,820500,,
2,2,,0.006742,0.069595,0.424309,0.365559,0.110005,0.02302,0.00077,,824100,,
2,2,,0.004279,0.052211,0.49973,0.346839,0.082092,0.014621,0.000228,,823100,,
2,2,,0.00321,0.041081,0.417264,0.401051,0.117999,0.019277,0.000118,,825700,,
2,2,,0.00418,0.049769,0.450737,0.37182,0.101977,0.02104,0.000477,,881100,,
2,3,,0.004151,0.084597,0.276951,0.417086,0.180934,0.035719,0.000562,,824300,,
2,2,,0.004189,0.0509,0.498272,0.346276,0.085004,0.01513,0.000228,,815300,,
2,2,,0.003281,0.074995,0.457804,0.35409,0.092603,0.016998,0.000229,,824100,,
2,2,,0.004037,0.052358,0.479025,0.348759,0.0999,0.015692,0.000228,,817300,,
2,2,,0.004376,0.056561,0.461034,0.370754,0.091356,0.015763,0.000156,,821400,,
2,3,,0.004173,0.065635,0.352857,0.438248,0.119485,0.01954,0.000062,,826200,,
2,2,,0.003875,0.049294,0.408699,0.373095,0.132015,0.032625,0.000397,,815800,,
2,2,,0.003489,0.050323,0.50054,0.351673,0.079091,0.014656,0.000228,,834000,,
2,3,,0.005929,0.06486,0.312725,0.425172,0.160717,0.029811,0.000785,,822200,,
2,2,,0.003592,0.053595,0.467678,0.350516,0.102078,0.021386,0.001156,,824100,,
2,2,,0.003444,0.062318,0.483904,0.348231,0.086371,0.015654,0.000078,,822900,,
2,2,,0.004061,0.047077,0.438146,0.378559,0.112175,0.019742,0.00024,,834500,,
2,2,,0.005519,0.072364,0.470757,0.340398,0.093863,0.016577,0.000523,,816000,,
2,3,,0.004666,0.04512,0.345033,0.438276,0.139049,0.026937,0.000919,,822100,,
2,2,,0.003456,0.048022,0.471739,0.367672,0.092213,0.016744,0.000156,,819300,,
2,3,,0.007552,0.074663,0.274668,0.445556,0.166983,0.029579,0.000998,,820700,,
2,2,,0.004554,0.055842,0.476035,0.348304,0.099975,0.015134,0.000156,,817900,,
2,2,,0.003265,0.046232,0.39375,0.376056,0.146099,0.032676,0.001922,,830600,,
2,2,,0.003191,0.04853,0.416264,0.35811,0.138732,0.034536,0.000636,,822500,,
2,2,,0.0042,0.046557,0.400665,0.392226,0.130308,0.025385,0.000659,,826500,,
2,2,,0.003184,0.044511,0.412872,0.392743,0.124833,0.021384,0.000473,,820600,,
2,2,,0.003277,0.054472,0.4113,0.37711,0.126373,0.027047,0.000421,,821100,,
2,2,,0.003813,0.05362,0.49237,0.351228,0.083679,0.015134,0.000156,,821500,,
2,2,,0.004378,0.06976,0.456249,0.358988,0.094451,0.016018,0.000156,,818200,,
2,3,,0.003489,0.04209,0.224921,0.40049,0.252857,0.054355,0.021798,,830300,,
2,2,,0.004196,0.050654,0.460716,0.361824,0.106079,0.016376,0.000156,,826800,,
2,2,,0.005519,0.072364,0.470757,0.340398,0.093863,0.016577,0.000523,,823000,,
2,2,,0.00318,0.049755,0.49408,0.353999,0.083137,0.015697,0.00015,,818400,,
2,2,,0.004079,0.051661,0.50359,0.342827,0.083017,0.014598,0.000228,,822400,,
2,2,,0.004189,0.0509,0.498272,0.346276,0.085004,0.01513,0.000228,,819600,,
2,2,,0.003432,0.047849,0.459803,0.371376,0.094031,0.023355,0.000156,,825800,,
2,2,,0.004596,0.055145,0.5006,0.342371,0.083092,0.01404,0.000156,,822000,,
2,2,,0.003456,0.048022,0.471739,0.367672,0.092213,0.016744,0.000156,,825600,,
2,2,,0.003296,0.054136,0.485729,0.352315,0.087603,0.016692,0.000228,,820600,,
2,3,,0.003487,0.039857,0.328173,0.383287,0.206604,0.037267,0.001325,,822500,,
2,2,,0.003567,0.048808,0.477784,0.364566,0.08916,0.01596,0.000156,,819100,,
2,2,,0.004184,0.050393,0.481696,0.353151,0.094103,0.016319,0.000156,,1526700,,
2,2,,0.00471,0.056502,0.496025,0.341363,0.086553,0.014691,0.000156,,1559100,,
2,3,,0.024919,0.079493,0.28275,0.391709,0.182401,0.037995,0.000733,,1563500,,
2,2,,0.005189,0.067944,0.409683,0.371956,0.118877,0.025557,0.000795,,1488600,,
2,2,,0.003359,0.044086,0.392903,0.373931,0.148206,0.036294,0.001221,,813400,,
2,2,,0.003735,0.088762,0.454036,0.338694,0.094456,0.019615,0.000703,,816200,,
2,3,,0.003203,0.043226,0.354717,0.434779,0.132276,0.030395,0.001405,,802400,,
3,3,,0.005507,0.063382,0.24872,0.40168,0.233047,0.046176,0.001488,,817300,,
3,3,,0.003185,0.061686,0.379581,0.40175,0.132057,0.021581,0.00016,,815300,,
3,2,,0.00323,0.04393,0.419816,0.391386,0.123476,0.018006,0.000156,,806000,,
3,2,,0.003269,0.068719,0.451981,0.353528,0.100467,0.021677,0.000358,,804400,,
3,3,,0.002685,0.039801,0.241278,0.433214,0.235325,0.046074,0.001623,,806100,,
3,2,,0.00401,0.050938,0.459323,0.348769,0.116156,0.020328,0.000477,,803900,,
3,2,,0.003785,0.057782,0.473857,0.351505,0.097565,0.01535,0.000156,,807100,,
3,3,,0.004727,0.045406,0.265745,0.398611,0.238032,0.045683,0.001796,,806400,,
3,2,,0.003044,0.053003,0.445801,0.359468,0.108521,0.029469,0.000695,,857400,,
3,3,,0.002595,0.039522,0.224972,0.389697,0.280545,0.059387,0.003282,,820400,,
3,2,,0.003526,0.051162,0.468887,0.362725,0.09611,0.017434,0.000156,,818400,,
3,2,,0.004367,0.051382,0.489737,0.346297,0.091125,0.016778,0.000313,,817500,,
3,2,,0.003522,0.066716,0.403954,0.3805,0.12031,0.024758,0.00024,,815600,,
3,3,,0.004015,0.047422,0.262095,0.425696,0.219118,0.040846,0.000809,,818100,,
3,3,,0.003339,0.082105,0.385732,0.394452,0.115571,0.018683,0.000118,,852000,,
3,2,,0.004426,0.065317,0.398793,0.380892,0.1266,0.023567,0.000405,,828000,,
3,3,,0.004418,0.052641,0.336779,0.399647,0.162059,0.041689,0.002767,,824400,,
3,2,,0.003192,0.043677,0.405378,0.394687,0.125792,0.026869,0.000405,,818900,,
3,2,,0.003427,0.048842,0.468118,0.3541,0.104289,0.02062,0.000603,,815700,,
3,2,,0.00419,0.049676,0.402048,0.380315,0.135145,0.028033,0.000593,,818800,,
3,2,,0.004196,0.050654,0.460716,0.361824,0.106079,0.016376,0.000156,,825100,,
3,2,,0.003205,0.044457,0.443195,0.379352,0.109681,0.019772,0.000337,,828000,,
3,2,,0.003413,0.04411,0.421798,0.368908,0.129982,0.030814,0.000976,,824100,,
3,2,,0.004195,0.051473,0.471341,0.355975,0.101218,0.015641,0.000156,,835600,,
3,3,,0.003538,0.069172,0.323946,0.429179,0.144368,0.028563,0.001234,,832600,,
3,2,,0.004261,0.047466,0.40353,0.397993,0.123339,0.023228,0.000183,,823200,,
3,2,,0.005251,0.076039,0.386402,0.357533,0.143098,0.030726,0.000951,,825400,,
3,2,,0.00411,0.047747,0.436833,0.375095,0.118283,0.017776,0.000156,,833500,,
3,2,,0.003197,0.048958,0.418902,0.390384,0.117079,0.021161,0.000319,,818700,,
3,2,,0.003292,0.041453,0.408858,0.399911,0.127573,0.018795,0.000118,,819300,,
3,2,,0.00334,0.087856,0.431806,0.345747,0.103757,0.026018,0.001477,,817300,,
3,2,,0.005622,0.055684,0.403203,0.361456,0.147579,0.025748,0.000707,,817000,,
3,2,,0.005115,0.074386,0.40336,0.388849,0.108916,0.018981,0.000394,,850200,,
3,2,,0.004113,0.052072,0.472208,0.35288,0.102678,0.015893,0.000156,,822800,,
3,2,,0.003373,0.049849,0.488543,0.355804,0.086382,0.015893,0.000156,,829400,,
3,2,,0.00328,0.044183,0.425692,0.390039,0.120097,0.016553,0.000156,,819300,,
3,2,,0.004523,0.078984,0.423943,0.35576,0.113299,0.022815,0.000676,,827400,,
3,3,,0.003525,0.047758,0.303606,0.362453,0.227741,0.052128,0.002789,,822900,,
3,2,,0.003328,0.048144,0.447869,0.353147,0.11926,0.026352,0.0019,,834900,,
3,3,,0.003335,0.042489,0.339484,0.407138,0.165616,0.041292,0.000646,,824500,,
3,2,,0.004071,0.05821,0.432653,0.364314,0.113871,0.025814,0.001068,,823200,,
3,3,,0.005029,0.053235,0.364667,0.41398,0.137458,0.02535,0.00028,,824500,,
3,2,,0.003104,0.048313,0.396613,0.369024,0.142876,0.038763,0.001307,,825700,,
3,2,,0.003162,0.046031,0.40107,0.395434,0.121605,0.030649,0.002049,,816200,,
3,3,,0.00621,0.060237,0.354342,0.365444,0.180751,0.031939,0.001077,,825500,,
3,3,,0.00336,0.053135,0.255526,0.393107,0.24206,0.050933,0.001878,,825300,,
3,3,,0.00546,0.061959,0.293445,0.375159,0.215062,0.047263,0.001653,,816400,,
3,2,,0.004037,0.052358,0.479025,0.348759,0.0999,0.015692,0.000228,,814700,,
3,2,,0.003235,0.048202,0.453052,0.360849,0.109876,0.023313,0.001473,,819900,,
3,2,,0.004467,0.051607,0.427208,0.3737,0.118988,0.023372,0.000659,,819400,,
3,2,,0.003481,0.04497,0.420065,0.388987,0.124172,0.018168,0.000156,,843400,,
3,3,,0.005784,0.055529,0.222797,0.491334,0.187999,0.034876,0.001681,,821600,,
3,3,,0.006021,0.061497,0.325572,0.440006,0.13999,0.026077,0.000837,,817000,,
3,2,,0.00328,0.044183,0.425692,0.390039,0.120097,0.016553,0.000156,,814700,,
3,2,,0.004288,0.049959,0.447094,0.365427,0.114767,0.018224,0.00024,,817100,,
3,3,,0.003237,0.050875,0.294285,0.372326,0.231336,0.046504,0.001437,,819500,,
3,3,,0.00474,0.046536,0.240914,0.38655,0.246982,0.052393,0.021884,,821900,,
3,2,,0.003444,0.047351,0.46344,0.361555,0.1,0.023054,0.001156,,817700,,
3,3,,0.004903,0.047448,0.311561,0.432124,0.154828,0.028464,0.020671,,818300,,
3,3,,0.003101,0.043543,0.381417,0.406981,0.140513,0.024086,0.00036,,828500,,
3,2,,0.004129,0.072322,0.435183,0.360557,0.107938,0.019694,0.000177,,826600,,
3,2,,0.003107,0.044425,0.404382,0.386042,0.134463,0.026872,0.000708,,823200,,
3,3,,0.005186,0.057509,0.252001,0.368048,0.255775,0.058412,0.003068,,835700,,
3,2,,0.00289,0.054221,0.405793,0.379433,0.124318,0.031232,0.002111,,821800,,
3,2,,0.004232,0.056006,0.433207,0.376114,0.111061,0.019204,0.000177,,817400,,
3,3,,0.005673,0.067249,0.270036,0.373912,0.216737,0.044337,0.022056,,832800,,
3,2,,0.004768,0.056597,0.417437,0.380886,0.116782,0.022819,0.000711,,827900,,
3,3,,0.003421,0.044167,0.40112,0.417187,0.115252,0.018734,0.000119,,833000,,
3,2,,0.00408,0.072001,0.431008,0.369004,0.106895,0.016855,0.000156,,860100,,
3,3,,0.003939,0.055077,0.363923,0.381448,0.16138,0.033511,0.000721,,819700,,
3,3,,0.003282,0.041028,0.347514,0.431139,0.145352,0.031105,0.000581,,818700,,
3,3,,0.004326,0.045107,0.374011,0.412886,0.142413,0.020844,0.000414,,817000,,
3,3,,0.003641,0.044915,0.35578,0.44161,0.126618,0.027045,0.000391,,820100,,
3,2,,0.003427,0.053203,0.487054,0.3535,0.086182,0.016405,0.000228,,817900,,
3,2,,0.004421,0.053208,0.445059,0.367571,0.110084,0.019398,0.000259,,845900,,
3,2,,0.003207,0.048365,0.457504,0.360494,0.106429,0.022529,0.001473,,819500,,
3,2,,0.004625,0.059424,0.480812,0.345473,0.09637,0.01314,0.000156,,818800,,
3,3,,0.00389,0.071441,0.382797,0.401272,0.117158,0.022704,0.000739,,818800,,
3,3,,0.002694,0.039335,0.233611,0.410359,0.265499,0.047165,0.001337,,819900,,
3,2,,0.003207,0.048365,0.457504,0.360494,0.106429,0.022529,0.001473,,824300,,
3,3,,0.002729,0.04015,0.279136,0.411364,0.21464,0.050504,0.001478,,827800,,
3,2,,0.003436,0.04952,0.490345,0.351567,0.087953,0.01695,0.000228,,824500,,
3,3,,0.002884,0.042084,0.351469,0.423796,0.151431,0.027779,0.000557,,823300,,
3,2,,0.004114,0.051252,0.461583,0.358729,0.107538,0.016628,0.000156,,823300,,
3,2,,0.004198,0.046205,0.44332,0.379286,0.107864,0.01897,0.000156,,825200,,
3,2,,0.003446,0.061744,0.412122,0.392378,0.112642,0.01755,0.000118,,817600,,
3,3,,0.024647,0.06876,0.228357,0.349455,0.270154,0.05552,0.003105,,822100,,
3,3,,0.0044,0.042563,0.331748,0.403365,0.179086,0.037604,0.001233,,847800,,
3,2,,0.004341,0.049769,0.416845,0.375896,0.129968,0.022742,0.00044,,818900,,
3,3,,0.006746,0.066106,0.360394,0.36312,0.166209,0.035639,0.001786,,820300,,
3,3,,0.007718,0.071844,0.27625,0.37123,0.204993,0.06634,0.001624,,819800,,
3,2,,0.00418,0.049769,0.457403,0.35182,0.11531,0.02104,0.000477,,819900,,
3,3,,0.003475,0.0423,0.397043,0.420034,0.117933,0.019096,0.000119,,826100,,
3,2,,0.004113,0.052072,0.472208,0.35288,0.102678,0.015893,0.000156,,828100,,
3,2,,0.004156,0.050145,0.480834,0.35572,0.093086,0.015902,0.000156,,825200,,
3,3,,0.003313,0.04407,0.330239,0.398138,0.178042,0.043563,0.002634,,822100,,
3,2,,0.003944,0.045703,0.42887,0.377856,0.120812,0.022411,0.000405,,824400,,
3,2,,0.00435,0.052634,0.459147,0.377357,0.090692,0.015664,0.000156,,824800,,
3,2,,0.004341,0.054972,0.443046,0.365025,0.107627,0.023939,0.00105,,822900,,
3,2,,0.004156,0.050151,0.43243,0.372999,0.116229,0.023303,0.000732,,827900,,
3,2,,0.004569,0.057199,0.472872,0.366589,0.084194,0.014422,0.000156,,830900,,
3,2,,0.003192,0.042248,0.421093,0.382723,0.127756,0.022583,0.000405,,821200,,
3,3,,0.002549,0.044022,0.246895,0.414266,0.228788,0.059264,0.004216,,824300,,
3,3,,0.003962,0.044376,0.353835,0.420074,0.148823,0.028384,0.000546,,826100,,
3,3,,0.003339,0.082105,0.385732,0.394452,0.115571,0.018683,0.000118,,823700,,
3,2,,0.003357,0.043686,0.436766,0.388484,0.11025,0.017301,0.000156,,870800,,
3,2,,0.005034,0.052903,0.42286,0.383292,0.116023,0.019519,0.000369,,828000,,
3,2,,0.003204,0.042023,0.40991,0.399955,0.126959,0.01783,0.000118,,825900,,
3,3,,0.005021,0.052667,0.299144,0.373868,0.223299,0.044272,0.001729,,828700,,
3,2,,0.004567,0.056498,0.478345,0.347326,0.098427,0.01466,0.000176,,822300,,
3,3,,0.005523,0.056641,0.277638,0.378887,0.235401,0.044478,0.001432,,822800,,
3,2,,0.004158,0.068562,0.43668,0.356085,0.112789,0.021322,0.000405,,827300,,
3,3,,0.004572,0.049375,0.374857,0.390588,0.154364,0.025511,0.000733,,821000,,
3,2,,0.006457,0.068097,0.436571,0.350084,0.116846,0.021362,0.000583,,823400,,
3,2,,0.00397,0.047123,0.435239,0.377846,0.117889,0.017776,0.000156,,825500,,
3,3,,0.003023,0.063521,0.385552,0.402914,0.125182,0.019668,0.00014,,821000,,
3,2,,0.004612,0.055825,0.432441,0.367966,0.119212,0.01957,0.000373,,822400,,
3,3,,0.003119,0.042249,0.363235,0.395762,0.165906,0.028698,0.001031,,825900,,
3,3,,0.003056,0.04493,0.396697,0.398574,0.132633,0.023596,0.000513,,824800,,
3,2,,0.003732,0.059194,0.476567,0.348854,0.097001,0.014497,0.000156,,822700,,
3,3,,0.003508,0.045879,0.381975,0.401089,0.138442,0.028363,0.000744,,825300,,
3,3,,0.004479,0.042778,0.339592,0.404579,0.171936,0.035569,0.001066,,824400,,
3,2,,0.003383,0.048736,0.480019,0.351687,0.095372,0.020408,0.000395,,825200,,
3,2,,0.004156,0.050145,0.480834,0.35572,0.093086,0.015902,0.000156,,864200,,
3,2,,0.003571,0.053218,0.487778,0.349691,0.08399,0.021675,0.000078,,823900,,
3,2,,0.003239,0.044515,0.398314,0.388327,0.131675,0.031953,0.001976,,823400,,
3,3,,0.003279,0.042564,0.37214,0.41024,0.140736,0.030553,0.000488,,820500,,
3,3,,0.004053,0.04584,0.247925,0.416838,0.228846,0.054504,0.001994,,816400,,
3,2,,0.003378,0.042002,0.407647,0.401974,0.12599,0.018891,0.000118,,821000,,
3,3,,0.004535,0.04734,0.310894,0.410771,0.184621,0.041033,0.000807,,823100,,
3,2,,0.003315,0.049372,0.47613,0.351523,0.099281,0.019782,0.000597,,827100,,
3,3,,0.00398,0.04399,0.302159,0.411775,0.198054,0.03923,0.000811,,824100,,
3,2,,0.003235,0.048706,0.410179,0.389338,0.127615,0.020689,0.000238,,824200,,
3,2,,0.005315,0.055866,0.397467,0.377536,0.136591,0.026767,0.000459,,833400,,
3,2,,0.00329,0.050217,0.49161,0.349362,0.085367,0.0193,0.000853,,821600,,
3,3,,0.004107,0.046973,0.247477,0.457268,0.203185,0.039834,0.001155,,831700,,
3,2,,0.003227,0.047374,0.447059,0.347812,0.120967,0.032299,0.001263,,826500,,
3,3,,0.007425,0.077392,0.24388,0.477847,0.15934,0.033096,0.001021,,826300,,
3,2,,0.00356,0.045627,0.443584,0.355555,0.124013,0.026669,0.000991,,821800,,
3,3,,0.005363,0.052394,0.251981,0.432426,0.216037,0.040485,0.001314,,825500,,
3,2,,0.004578,0.048511,0.426716,0.369147,0.126242,0.024075,0.000732,,824800,,
3,3,,0.005217,0.05649,0.331936,0.441619,0.138115,0.026055,0.000568,,843600,,
3,2,,0.003237,0.082597,0.393851,0.388226,0.113243,0.018748,0.000098,,824100,,
3,3,,0.004619,0.050288,0.362807,0.405055,0.146085,0.030697,0.000449,,822200,,
3,3,,0.005616,0.065652,0.284338,0.402891,0.198938,0.041453,0.001113,,822500,,
3,3,,0.005786,0.052823,0.358401,0.369136,0.179511,0.03338,0.000963,,832900,,
3,3,,0.004595,0.050064,0.24395,0.462789,0.200629,0.036955,0.001018,,824900,,
3,2,,0.004055,0.053591,0.47024,0.348492,0.106845,0.01655,0.000228,,827000,,
3,3,,0.003756,0.041122,0.309029,0.39396,0.210029,0.040094,0.00201,,821100,,
3,3,,0.005477,0.052475,0.328875,0.395644,0.164155,0.032266,0.021107,,821600,,
3,2,,0.004533,0.089607,0.398798,0.380518,0.10871,0.017677,0.000156,,824100,,
3,2,,0.004169,0.049233,0.454347,0.361833,0.109002,0.021012,0.000405,,820500,,
3,2,,0.00323,0.04393,0.419816,0.391386,0.123476,0.018006,0.000156,,830100,,
3,2,,0.003446,0.041744,0.432122,0.392378,0.112642,0.01755,0.000118,,844600,,
3,3,,0.003412,0.043071,0.350443,0.418298,0.151033,0.032959,0.000785,,842500,,
3,3,,0.003857,0.044894,0.220273,0.39425,0.256148,0.058127,0.022451,,823300,,
3,2,,0.003993,0.072268,0.417107,0.379888,0.107651,0.018915,0.000177,,823900,,
3,2,,0.004431,0.051796,0.398825,0.375391,0.131108,0.035889,0.002559,,827900,,
3,3,,0.003208,0.042118,0.373071,0.426574,0.136732,0.018179,0.000118,,825000,,
3,3,,0.00425,0.045298,0.366942,0.407111,0.150425,0.025529,0.000446,,831400,,
3,2,,0.004271,0.047928,0.400968,0.382216,0.135743,0.028001,0.000872,,825200,,
3,3,,0.003623,0.06935,0.294812,0.390162,0.191698,0.047736,0.002617,,822500,,
3,3,,0.002747,0.041799,0.278424,0.349291,0.265752,0.059146,0.002842,,823800,,
3,2,,0.004735,0.059461,0.424617,0.386727,0.106121,0.018044,0.000297,,825200,,
3,3,,0.004681,0.05146,0.381652,0.387176,0.144552,0.0297,0.000779,,823600,,
3,3,,0.003351,0.041309,0.364256,0.416679,0.148688,0.025467,0.000249,,825200,,
3,2,,0.004037,0.052358,0.479025,0.348759,0.0999,0.015692,0.000228,,836900,,
3,2,,0.003592,0.053595,0.491643,0.350884,0.084745,0.015386,0.000156,,819300,,
3,3,,0.004054,0.044627,0.352974,0.416207,0.153815,0.027766,0.000557,,820800,,
3,2,,0.003458,0.050569,0.408424,0.396519,0.118485,0.022284,0.000261,,820700,,
3,3,,0.00574,0.088537,0.344801,0.401081,0.134731,0.024653,0.000457,,820600,,
3,3,,0.008852,0.057909,0.162562,0.465687,0.238597,0.065024,0.001369,,829400,,
3,3,,0.004735,0.061271,0.277466,0.405031,0.200486,0.048676,0.002334,,822100,,
3,3,,0.003647,0.046444,0.308288,0.382735,0.219012,0.038653,0.00122,,823100,,
3,2,,0.002955,0.051651,0.404734,0.389693,0.124761,0.025718,0.000489,,823200,,
3,3,,0.00574,0.088537,0.344801,0.401081,0.134731,0.024653,0.000457,,823200,,
3,2,,0.003287,0.049801,0.444872,0.382825,0.10118,0.017857,0.000177,,823200,,
3,3,,0.003562,0.042526,0.267634,0.378366,0.2589,0.047455,0.001558,,865100,,
3,3,,0.002828,0.042527,0.315207,0.380269,0.209379,0.048095,0.001695,,820800,,
3,3,,0.00365,0.045935,0.360203,0.39495,0.156054,0.037116,0.002092,,824400,,
3,2,,0.004659,0.054908,0.401947,0.387076,0.127682,0.023385,0.000343,,820200,,
3,3,,0.003369,0.046703,0.371188,0.425394,0.129987,0.023116,0.000243,,820400,,
3,3,,0.004424,0.043836,0.355813,0.432381,0.142353,0.020802,0.000391,,822500,,
3,3,,0.006495,0.067609,0.251785,0.353607,0.24779,0.07042,0.002293,,825700,,
3,2,,0.006019,0.068884,0.397365,0.388014,0.109908,0.027958,0.001852,,826700,,
