wine-quality-white,CWE,test,1,NANOSECONDS,PREDICTIONS, Generated by ClassifierExperiments.java on 2022-05-17 03:04:30.    SYSTEMPROPERTIES:{user.name:matth,os.arch:amd64,os.name:Windows 10},ENDSYSTEMPROPERTIES
No parameter info
0.5015290519877675,489110200,833943600,-1,0,7,,-1,-1
0,2,,0.004758,0.024145,0.424817,0.401557,0.118531,0.025384,0.000808,,1197000,,
0,3,,0.006328,0.088222,0.301151,0.380064,0.166741,0.055902,0.001592,,1051600,,
0,3,,0.004895,0.067451,0.400648,0.403763,0.106636,0.016332,0.000274,,1055900,,
0,2,,0.00456,0.07388,0.394061,0.389284,0.115104,0.022663,0.000448,,1040900,,
1,2,,0.003648,0.112959,0.38354,0.376775,0.103082,0.019807,0.000188,,1028600,,
1,2,,0.00508,0.085991,0.404985,0.389839,0.098898,0.014285,0.000921,,1027300,,
1,3,,0.004348,0.070197,0.401103,0.408953,0.100335,0.014975,0.000088,,1026200,,
1,2,,0.004346,0.047739,0.422968,0.409963,0.099932,0.014964,0.000088,,1033500,,
1,3,,0.004503,0.069129,0.394576,0.403252,0.11042,0.017898,0.000223,,1030100,,
1,3,,0.005024,0.122525,0.329336,0.383771,0.131943,0.026392,0.001008,,1063400,,
1,2,,0.004196,0.111231,0.406004,0.35587,0.103266,0.019094,0.000339,,1030400,,
1,2,,0.003648,0.112959,0.38354,0.376775,0.103082,0.019807,0.000188,,888800,,
1,3,,0.003636,0.040191,0.33301,0.437022,0.159972,0.025724,0.000445,,847100,,
1,2,,0.005051,0.110556,0.392887,0.389501,0.086194,0.015442,0.000369,,844500,,
1,3,,0.005764,0.077045,0.252395,0.414846,0.20959,0.039266,0.001093,,843400,,
1,2,,0.004726,0.068203,0.422484,0.393209,0.096053,0.015072,0.000253,,843500,,
1,3,,0.005009,0.048162,0.402659,0.418481,0.10796,0.01729,0.00044,,838900,,
1,3,,0.004483,0.05287,0.380307,0.386636,0.14729,0.027432,0.000981,,838000,,
1,2,,0.005412,0.09137,0.414279,0.388258,0.084174,0.016351,0.000156,,837600,,
1,3,,0.005488,0.112028,0.3753,0.382829,0.108335,0.0156,0.000419,,879000,,
1,2,,0.006211,0.094854,0.431688,0.354273,0.098695,0.013888,0.000391,,849000,,
1,2,,0.00606,0.085845,0.414669,0.389149,0.088735,0.015347,0.000195,,850100,,
1,2,,0.003756,0.089954,0.380541,0.361163,0.138654,0.02533,0.000603,,844900,,
1,3,,0.004229,0.048702,0.395345,0.410189,0.120467,0.02065,0.000419,,843600,,
1,2,,0.004568,0.124226,0.405699,0.339622,0.105402,0.019909,0.000576,,854000,,
1,2,,0.004386,0.094505,0.373631,0.370195,0.134476,0.021962,0.000845,,840900,,
1,3,,0.006595,0.063107,0.25836,0.401208,0.206224,0.063714,0.000793,,845000,,
1,3,,0.002273,0.017141,0.234784,0.394551,0.27102,0.077686,0.002545,,861600,,
1,2,,0.005182,0.103879,0.426,0.35326,0.097799,0.012983,0.000898,,845600,,
1,2,,0.005047,0.056119,0.407923,0.388877,0.124812,0.016324,0.000898,,822900,,
1,2,,0.005816,0.123315,0.34869,0.346349,0.145244,0.029579,0.001008,,814700,,
1,2,,0.004481,0.07443,0.397458,0.389244,0.109607,0.02403,0.00075,,809500,,
1,3,,0.005439,0.099562,0.369364,0.380504,0.120968,0.023416,0.000747,,821100,,
1,3,,0.005559,0.087785,0.36367,0.433865,0.093838,0.015253,0.000031,,818300,,
1,2,,0.004903,0.100672,0.41311,0.337611,0.11895,0.023997,0.000757,,818800,,
1,3,,0.004695,0.090557,0.365159,0.37587,0.130622,0.031733,0.001365,,820500,,
1,3,,0.003239,0.020616,0.393387,0.423574,0.139125,0.019863,0.000196,,820300,,
2,2,,0.005208,0.069771,0.423156,0.389787,0.096752,0.014867,0.000459,,851500,,
2,2,,0.024831,0.046821,0.417349,0.385007,0.10868,0.01701,0.000303,,822700,,
2,2,,0.00519,0.070359,0.423218,0.388399,0.097746,0.014795,0.000293,,819900,,
2,3,,0.004021,0.063196,0.365782,0.426574,0.119842,0.020102,0.000483,,823100,,
2,2,,0.005494,0.048975,0.415482,0.410555,0.102527,0.016769,0.000198,,825100,,
2,2,,0.004141,0.025289,0.4459,0.373968,0.13143,0.018728,0.000543,,820300,,
2,2,,0.006097,0.070896,0.400712,0.385256,0.119448,0.017335,0.000257,,822500,,
2,2,,0.004245,0.045802,0.403458,0.402965,0.126848,0.016614,0.000068,,819200,,
2,2,,0.003916,0.046002,0.425722,0.416438,0.094005,0.013622,0.000294,,835200,,
2,3,,0.003944,0.045935,0.351596,0.414101,0.153756,0.029472,0.001196,,819200,,
2,2,,0.004708,0.048791,0.422546,0.411821,0.097047,0.014999,0.000088,,817500,,
2,3,,0.005293,0.046799,0.339688,0.447082,0.136778,0.023934,0.000426,,818300,,
2,2,,0.004854,0.066697,0.417519,0.40409,0.089154,0.017549,0.000137,,842500,,
2,3,,0.005086,0.052254,0.391915,0.417624,0.114936,0.01799,0.000195,,819600,,
2,3,,0.005673,0.05142,0.325901,0.400598,0.162364,0.053116,0.000927,,821700,,
2,3,,0.005538,0.049242,0.366951,0.425484,0.13008,0.022259,0.000446,,819300,,
2,3,,0.004603,0.026959,0.379409,0.421168,0.141665,0.025503,0.000692,,822600,,
2,2,,0.004325,0.057375,0.440052,0.382421,0.099935,0.015051,0.000841,,814500,,
2,3,,0.003841,0.071542,0.336524,0.419943,0.1419,0.025404,0.000846,,853600,,
2,3,,0.004486,0.065281,0.394956,0.409483,0.108343,0.017217,0.000234,,820600,,
2,3,,0.004729,0.051919,0.390033,0.408907,0.12746,0.016698,0.000252,,838400,,
2,2,,0.005781,0.11463,0.412814,0.362166,0.087607,0.016172,0.00083,,823400,,
2,2,,0.00541,0.052657,0.397003,0.378389,0.138613,0.026846,0.001083,,816300,,
2,2,,0.02519,0.071371,0.406679,0.384374,0.097464,0.014628,0.000293,,820700,,
2,2,,0.005915,0.073919,0.417835,0.390689,0.096518,0.014887,0.000236,,824800,,
2,2,,0.005372,0.046398,0.411288,0.391342,0.12251,0.022393,0.000697,,821500,,
2,2,,0.003916,0.066002,0.425722,0.396438,0.094005,0.013622,0.000294,,832900,,
2,3,,0.004835,0.053716,0.385401,0.411819,0.123405,0.020357,0.000467,,818500,,
2,2,,0.005341,0.024849,0.414912,0.40148,0.129131,0.023734,0.000552,,823300,,
2,3,,0.005754,0.087782,0.347122,0.408146,0.131188,0.019535,0.000474,,819300,,
2,3,,0.005139,0.042516,0.276439,0.444481,0.191176,0.038643,0.001606,,823900,,
2,2,,0.003916,0.066002,0.425722,0.396438,0.094005,0.013622,0.000294,,814500,,
2,3,,0.00547,0.047169,0.393976,0.420516,0.113538,0.019194,0.000137,,819900,,
2,2,,0.004563,0.046156,0.41363,0.40545,0.111937,0.018196,0.000068,,822600,,
2,2,,0.004887,0.028238,0.425163,0.408095,0.113536,0.019331,0.000749,,816700,,
2,3,,0.006554,0.054398,0.313171,0.411677,0.161319,0.03133,0.021551,,823100,,
2,3,,0.004649,0.09351,0.3647,0.394078,0.123883,0.018651,0.000529,,831200,,
2,3,,0.004875,0.06242,0.305296,0.396432,0.196515,0.032895,0.001568,,845800,,
2,2,,0.005054,0.070995,0.379453,0.37314,0.147998,0.02288,0.000481,,827300,,
2,3,,0.00487,0.047051,0.196612,0.398516,0.265327,0.084528,0.003097,,826000,,
2,2,,0.00519,0.051371,0.426679,0.404374,0.097464,0.014628,0.000293,,820800,,
2,3,,0.00542,0.0771,0.324793,0.36666,0.174287,0.030483,0.021257,,822500,,
2,3,,0.00421,0.055139,0.318854,0.404155,0.182283,0.034372,0.000986,,824000,,
2,3,,0.006264,0.057887,0.28935,0.41655,0.194146,0.035009,0.000795,,817700,,
2,3,,0.002797,0.04129,0.277708,0.388464,0.238662,0.049156,0.001923,,829500,,
2,2,,0.004708,0.068791,0.402546,0.391821,0.117047,0.014999,0.000088,,818900,,
2,3,,0.005671,0.032248,0.416069,0.426787,0.102451,0.016616,0.000156,,823600,,
2,3,,0.004556,0.026266,0.3797,0.420557,0.151409,0.017444,0.000068,,825400,,
2,3,,0.004472,0.068616,0.383032,0.409197,0.115368,0.019112,0.000204,,825300,,
2,2,,0.005117,0.074018,0.398436,0.388749,0.118275,0.015071,0.000335,,819300,,
2,2,,0.004437,0.049752,0.41378,0.393286,0.122502,0.016114,0.000129,,832400,,
2,3,,0.004599,0.048519,0.362121,0.397433,0.160995,0.025701,0.000631,,822100,,
2,3,,0.005296,0.067232,0.377232,0.381649,0.143874,0.024162,0.000556,,820700,,
2,3,,0.004595,0.023671,0.400584,0.434127,0.118051,0.018943,0.000031,,827900,,
2,3,,0.005475,0.052384,0.389898,0.394926,0.133309,0.023409,0.000598,,831100,,
2,3,,0.005144,0.070795,0.376758,0.420136,0.10933,0.017563,0.000274,,823100,,
2,2,,0.004107,0.048956,0.407672,0.38226,0.136369,0.020145,0.000491,,836400,,
2,2,,0.005236,0.070556,0.431827,0.391016,0.084652,0.016516,0.000198,,821600,,
2,3,,0.005677,0.085485,0.396069,0.39972,0.098052,0.014764,0.000233,,827700,,
2,2,,0.00519,0.071371,0.406679,0.404374,0.097464,0.014628,0.000293,,829700,,
2,3,,0.003755,0.042603,0.405919,0.408726,0.11882,0.019608,0.000568,,846600,,
2,3,,0.005404,0.069419,0.370472,0.389303,0.13991,0.02496,0.000532,,843200,,
2,3,,0.005308,0.046974,0.396634,0.42227,0.110686,0.01799,0.000137,,836600,,
2,3,,0.005481,0.07263,0.346525,0.427024,0.126051,0.021901,0.000386,,824300,,
2,2,,0.005671,0.052248,0.416069,0.406787,0.102451,0.016616,0.000156,,827400,,
2,3,,0.004386,0.06562,0.382215,0.39561,0.132616,0.019092,0.000461,,826500,,
2,2,,0.005822,0.048548,0.43393,0.389651,0.103468,0.01826,0.000322,,830700,,
2,3,,0.003467,0.040963,0.377823,0.393225,0.134594,0.049219,0.000709,,824500,,
2,3,,0.004895,0.068464,0.384109,0.399738,0.126354,0.016165,0.000274,,821600,,
2,2,,0.005044,0.127596,0.392871,0.333869,0.116884,0.022895,0.00084,,828900,,
2,3,,0.004849,0.047776,0.402949,0.4108,0.114309,0.018815,0.000502,,822800,,
2,2,,0.005989,0.072441,0.427796,0.38164,0.097688,0.01425,0.000195,,826200,,
2,3,,0.005275,0.046894,0.38647,0.409622,0.128008,0.023155,0.000577,,836100,,
2,3,,0.003621,0.067979,0.31184,0.42186,0.163031,0.030883,0.000786,,834400,,
2,2,,0.004582,0.071997,0.39982,0.395411,0.106311,0.021492,0.000386,,833300,,
2,2,,0.004118,0.047262,0.410745,0.390404,0.130866,0.016452,0.000153,,836000,,
2,2,,0.005328,0.049354,0.40201,0.371455,0.140249,0.030833,0.000772,,849100,,
2,2,,0.003263,0.064433,0.438215,0.391477,0.086196,0.016183,0.000234,,835800,,
2,2,,0.005015,0.050557,0.424227,0.407132,0.097943,0.014792,0.000335,,835100,,
2,2,,0.005669,0.049789,0.437935,0.387797,0.102049,0.016605,0.000156,,825400,,
2,2,,0.005015,0.069545,0.400766,0.391157,0.118224,0.014959,0.000335,,834000,,
2,3,,0.003395,0.045185,0.369684,0.405377,0.157591,0.018737,0.000031,,849900,,
2,3,,0.004644,0.048403,0.395008,0.422708,0.111533,0.017637,0.000068,,830900,,
2,3,,0.005511,0.060999,0.382602,0.427087,0.108873,0.014898,0.000031,,833100,,
2,3,,0.005025,0.040821,0.30727,0.407038,0.181854,0.036102,0.021891,,1034600,,
2,2,,0.004174,0.050547,0.450819,0.391565,0.090349,0.012458,0.000088,,1027000,,
2,2,,0.005668,0.051011,0.438328,0.387518,0.101461,0.015819,0.000195,,1014600,,
2,2,,0.005774,0.091495,0.412204,0.378234,0.097959,0.014101,0.000233,,1010200,,
2,3,,0.004302,0.041613,0.325863,0.437341,0.160398,0.029559,0.000925,,1005800,,
2,3,,0.004505,0.024822,0.37931,0.457487,0.110596,0.022962,0.000318,,1181100,,
2,3,,0.004464,0.02541,0.382988,0.434897,0.130147,0.021905,0.000189,,1174800,,
2,3,,0.004305,0.024199,0.408239,0.429632,0.114815,0.018517,0.000293,,1176900,,
2,3,,0.004619,0.07536,0.383247,0.392061,0.125252,0.018954,0.000506,,1199700,,
2,3,,0.005026,0.070119,0.396492,0.407408,0.104376,0.01616,0.000419,,1173600,,
2,3,,0.004204,0.045501,0.399889,0.426519,0.107649,0.01617,0.000068,,1187700,,
2,3,,0.0046,0.042931,0.385543,0.423695,0.122249,0.020787,0.000196,,1192800,,
2,3,,0.005354,0.051247,0.396505,0.42702,0.099266,0.020455,0.000153,,1037200,,
2,2,,0.005564,0.074288,0.402829,0.389337,0.109675,0.018025,0.000282,,816800,,
2,2,,0.005822,0.068548,0.41393,0.389651,0.103468,0.01826,0.000322,,814900,,
2,2,,0.005668,0.051011,0.438328,0.387518,0.101461,0.015819,0.000195,,815600,,
2,2,,0.005669,0.049789,0.417935,0.407797,0.102049,0.016605,0.000156,,813800,,
2,2,,0.004966,0.048884,0.410797,0.408446,0.108459,0.017782,0.000667,,823300,,
2,3,,0.004586,0.044227,0.381775,0.432912,0.11713,0.019052,0.000318,,823300,,
2,2,,0.005193,0.113852,0.411123,0.383549,0.07412,0.01183,0.000335,,824900,,
2,2,,0.005205,0.072696,0.40558,0.403839,0.097673,0.014713,0.000293,,823500,,
2,2,,0.00526,0.044015,0.42332,0.387343,0.121179,0.01851,0.000372,,828200,,
2,2,,0.005669,0.029789,0.457935,0.387797,0.102049,0.016605,0.000156,,826100,,
2,3,,0.010018,0.060076,0.349132,0.364964,0.162763,0.052282,0.000765,,823500,,
2,2,,0.005033,0.049969,0.444165,0.38852,0.096948,0.014865,0.0005,,822200,,
2,2,,0.00519,0.051371,0.426679,0.404374,0.097464,0.014628,0.000293,,826400,,
2,2,,0.005167,0.067012,0.400324,0.391952,0.11576,0.019421,0.000365,,825500,,
2,3,,0.005069,0.066878,0.369903,0.423246,0.115407,0.01936,0.000137,,819700,,
2,3,,0.00485,0.045657,0.377501,0.391456,0.15732,0.023001,0.000215,,817100,,
2,2,,0.005152,0.092745,0.394208,0.364692,0.123211,0.019503,0.000489,,812600,,
2,2,,0.005213,0.050735,0.419213,0.409338,0.099929,0.015378,0.000195,,814400,,
2,2,,0.005278,0.051659,0.410097,0.390629,0.124403,0.017583,0.00035,,818400,,
2,3,,0.00792,0.062947,0.354525,0.404699,0.149072,0.020308,0.000529,,815800,,
2,2,,0.006583,0.089729,0.381538,0.364253,0.134346,0.022867,0.000683,,822200,,
2,3,,0.004922,0.083054,0.396033,0.401001,0.099097,0.014917,0.000977,,820000,,
2,2,,0.005205,0.052696,0.44558,0.403839,0.077673,0.014713,0.000293,,821900,,
2,3,,0.004644,0.048403,0.395008,0.422708,0.111533,0.017637,0.000068,,820900,,
2,2,,0.005494,0.048975,0.415482,0.410555,0.102527,0.016769,0.000198,,818900,,
2,2,,0.005535,0.070187,0.397522,0.391426,0.112572,0.022323,0.000436,,819000,,
2,2,,0.006017,0.060742,0.430422,0.384673,0.100824,0.016424,0.000898,,808200,,
2,2,,0.004515,0.074207,0.423458,0.391906,0.092732,0.013056,0.000126,,811300,,
2,3,,0.005432,0.098263,0.347366,0.362196,0.161447,0.024384,0.000912,,815400,,
2,3,,0.004359,0.047744,0.39968,0.411985,0.116638,0.019225,0.000369,,814900,,
2,2,,0.006018,0.0657,0.394655,0.366445,0.146284,0.020399,0.000499,,819500,,
2,2,,0.004533,0.067977,0.400094,0.394579,0.117525,0.015163,0.000129,,814200,,
2,3,,0.004654,0.080422,0.376554,0.388472,0.128531,0.021014,0.000353,,817300,,
2,3,,0.005308,0.046974,0.396634,0.42227,0.110686,0.01799,0.000137,,828700,,
2,2,,0.003724,0.086658,0.424358,0.354498,0.107413,0.022607,0.000742,,822000,,
2,3,,0.003842,0.041226,0.341979,0.443712,0.146478,0.022567,0.000196,,816300,,
2,3,,0.005234,0.04254,0.368221,0.376139,0.155134,0.051681,0.00105,,816100,,
2,2,,0.005208,0.049771,0.423156,0.409787,0.096752,0.014867,0.000459,,827000,,
2,2,,0.004923,0.057201,0.430068,0.383349,0.107272,0.01705,0.000137,,823900,,
2,3,,0.004656,0.077383,0.343163,0.378917,0.163968,0.030596,0.001316,,824600,,
2,2,,0.004708,0.068791,0.422546,0.391821,0.097047,0.014999,0.000088,,823700,,
2,2,,0.007731,0.084915,0.425492,0.366022,0.102381,0.013333,0.000126,,824800,,
2,2,,0.004446,0.050881,0.445551,0.389236,0.095761,0.014037,0.000088,,825700,,
2,2,,0.004171,0.068089,0.452685,0.372575,0.089947,0.012446,0.000088,,822500,,
2,3,,0.005486,0.0699,0.396618,0.407111,0.103011,0.017581,0.000293,,825400,,
2,3,,0.00601,0.069831,0.303153,0.391279,0.177001,0.031533,0.021192,,830000,,
2,3,,0.007129,0.069508,0.303063,0.382585,0.180569,0.035507,0.02164,,825400,,
2,3,,0.004604,0.091318,0.355897,0.398442,0.127437,0.021959,0.000343,,824600,,
2,3,,0.004852,0.064013,0.367097,0.406677,0.132791,0.023932,0.000637,,823600,,
2,2,,0.005512,0.068387,0.43542,0.391943,0.081533,0.016842,0.000363,,828200,,
2,2,,0.025208,0.070783,0.426617,0.385762,0.07647,0.0147,0.000459,,818500,,
2,2,,0.005206,0.08852,0.388722,0.372867,0.124089,0.020083,0.000513,,933900,,
2,2,,0.004708,0.070718,0.41673,0.392012,0.099997,0.015667,0.000167,,974900,,
2,3,,0.004577,0.045076,0.368467,0.385995,0.164483,0.03061,0.000792,,945900,,
2,2,,0.003864,0.066315,0.429348,0.387463,0.099031,0.01391,0.000068,,938900,,
2,3,,0.005486,0.0699,0.396618,0.407111,0.103011,0.017581,0.000293,,934700,,
2,3,,0.004658,0.044014,0.353836,0.436614,0.120375,0.040248,0.000255,,934900,,
2,3,,0.004628,0.039629,0.337355,0.413557,0.153594,0.049815,0.001422,,939100,,
2,3,,0.004753,0.06643,0.368892,0.427251,0.114048,0.018557,0.000068,,945300,,
2,3,,0.005009,0.04715,0.399198,0.422506,0.108241,0.017457,0.00044,,938100,,
2,3,,0.004522,0.044353,0.374924,0.418836,0.13367,0.023076,0.000619,,942500,,
2,3,,0.024362,0.04794,0.389331,0.410897,0.109611,0.017525,0.000334,,939800,,
2,3,,0.004522,0.044353,0.374924,0.418836,0.13367,0.023076,0.000619,,945800,,
2,3,,0.003681,0.044002,0.351477,0.438514,0.142103,0.020193,0.000031,,955100,,
2,2,,0.005033,0.049969,0.424165,0.40852,0.096948,0.014865,0.0005,,932900,,
2,3,,0.004578,0.04862,0.401245,0.401986,0.123358,0.019715,0.000497,,943700,,
2,3,,0.005365,0.111728,0.383972,0.385684,0.09857,0.014332,0.00035,,957200,,
2,3,,0.004813,0.045735,0.385526,0.40685,0.137142,0.019867,0.000068,,886300,,
2,2,,0.005486,0.0499,0.416618,0.407111,0.103011,0.017581,0.000293,,895500,,
2,3,,0.005009,0.068162,0.382659,0.418481,0.10796,0.01729,0.00044,,819000,,
2,2,,0.005822,0.068548,0.41393,0.389651,0.103468,0.01826,0.000322,,818100,,
2,3,,0.004908,0.046683,0.392561,0.404999,0.132555,0.018156,0.000137,,826500,,
2,3,,0.00542,0.051212,0.380424,0.408784,0.131548,0.022443,0.000169,,827600,,
2,3,,0.004869,0.067814,0.381764,0.390732,0.134812,0.019425,0.000584,,825000,,
2,3,,0.004704,0.068444,0.392,0.41909,0.096652,0.019041,0.000068,,826500,,
2,3,,0.004987,0.042381,0.324077,0.420031,0.174447,0.03316,0.000917,,830100,,
2,2,,0.005261,0.064333,0.416286,0.39059,0.105664,0.016859,0.001006,,827900,,
2,2,,0.005597,0.091024,0.395066,0.3661,0.118107,0.023421,0.000685,,829300,,
2,3,,0.004214,0.051305,0.37879,0.417517,0.126602,0.021383,0.000189,,827300,,
2,3,,0.00415,0.045515,0.384846,0.44561,0.104249,0.015562,0.000068,,826500,,
2,2,,0.004671,0.079656,0.404498,0.339782,0.145704,0.024767,0.000922,,825700,,
2,2,,0.004965,0.030652,0.478161,0.369645,0.100533,0.015754,0.000292,,826300,,
2,2,,0.005053,0.049318,0.421477,0.391371,0.117665,0.014959,0.000156,,827100,,
2,2,,0.005127,0.101874,0.443515,0.35106,0.082611,0.015318,0.000496,,827100,,
2,3,,0.00415,0.065515,0.384846,0.42561,0.104249,0.015562,0.000068,,832200,,
2,2,,0.005187,0.088406,0.404896,0.387632,0.100457,0.013198,0.000223,,812300,,
2,3,,0.00547,0.047169,0.393976,0.420516,0.113538,0.019194,0.000137,,835300,,
2,2,,0.004049,0.054546,0.458064,0.366577,0.100765,0.015115,0.000882,,814000,,
2,2,,0.005972,0.109171,0.374921,0.371171,0.121126,0.017441,0.000199,,815200,,
2,2,,0.004964,0.049283,0.41389,0.38927,0.120864,0.020941,0.000788,,814100,,
2,3,,0.0052,0.093995,0.384286,0.39157,0.103662,0.020857,0.00043,,812000,,
2,2,,0.004174,0.050547,0.450819,0.391565,0.090349,0.012458,0.000088,,811800,,
2,3,,0.00384,0.073632,0.229022,0.382786,0.258481,0.050593,0.001646,,816400,,
2,3,,0.004455,0.067004,0.394252,0.407619,0.109532,0.01707,0.000068,,813300,,
2,3,,0.001929,0.035582,0.158939,0.407141,0.299199,0.093763,0.003446,,817200,,
2,2,,0.004169,0.047224,0.42021,0.39422,0.119044,0.014945,0.000188,,823800,,
2,3,,0.004669,0.03305,0.400792,0.414488,0.125131,0.021588,0.000281,,814600,,
2,3,,0.005208,0.052614,0.383227,0.387881,0.128713,0.041788,0.000569,,813900,,
2,3,,0.004869,0.048826,0.405225,0.406708,0.11453,0.019258,0.000584,,813600,,
2,3,,0.006544,0.101234,0.326039,0.381565,0.136812,0.026965,0.020842,,814300,,
2,3,,0.004744,0.100128,0.239061,0.40924,0.205288,0.040663,0.000876,,815400,,
2,3,,0.004929,0.071181,0.361727,0.416037,0.12646,0.019293,0.000372,,817800,,
2,3,,0.004947,0.06846,0.387398,0.411082,0.109735,0.017876,0.000502,,815300,,
2,3,,0.004895,0.067451,0.380648,0.403763,0.126636,0.016332,0.000274,,816400,,
2,2,,0.003965,0.045445,0.406295,0.376074,0.140934,0.026342,0.000945,,820700,,
2,3,,0.004488,0.048546,0.40107,0.427175,0.100131,0.018559,0.000031,,815500,,
2,2,,0.005033,0.049969,0.424165,0.38852,0.116948,0.014865,0.0005,,812300,,
2,3,,0.003905,0.044383,0.395358,0.42522,0.112947,0.017953,0.000235,,814200,,
2,3,,0.004942,0.074948,0.385301,0.408704,0.10776,0.017406,0.000939,,812900,,
2,2,,0.005324,0.081853,0.409799,0.38235,0.101541,0.018654,0.000478,,821400,,
2,2,,0.00519,0.071371,0.426679,0.384374,0.097464,0.014628,0.000293,,823100,,
2,3,,0.005477,0.069211,0.372566,0.394218,0.128234,0.029146,0.001147,,828100,,
2,2,,0.004317,0.071415,0.425541,0.362308,0.117019,0.019247,0.000153,,814300,,
2,3,,0.004831,0.046821,0.397349,0.425007,0.10868,0.01701,0.000303,,813000,,
2,3,,0.004509,0.06617,0.378587,0.40454,0.128536,0.017589,0.000068,,826500,,
2,2,,0.005015,0.047753,0.441294,0.383798,0.1054,0.016299,0.00044,,827900,,
2,3,,0.00486,0.068522,0.394273,0.403277,0.110844,0.017932,0.000292,,828000,,
2,2,,0.005071,0.04873,0.441415,0.392759,0.096671,0.015032,0.000322,,823600,,
2,3,,0.004533,0.047676,0.367996,0.423297,0.133892,0.022399,0.000207,,823300,,
2,3,,0.004941,0.047077,0.38929,0.418406,0.11947,0.020208,0.000607,,826200,,
2,2,,0.00527,0.097025,0.432785,0.376489,0.07578,0.01181,0.000841,,825300,,
2,2,,0.004107,0.048956,0.407672,0.38226,0.136369,0.020145,0.000491,,823300,,
2,3,,0.004311,0.044838,0.397525,0.403966,0.12628,0.02253,0.000552,,850400,,
2,3,,0.006828,0.095103,0.357857,0.375256,0.14022,0.023348,0.001388,,831800,,
2,3,,0.006544,0.100872,0.32975,0.378216,0.136812,0.026965,0.020842,,813300,,
2,2,,0.006548,0.060936,0.413514,0.368099,0.126719,0.022857,0.001327,,821500,,
2,2,,0.003966,0.087205,0.410056,0.386111,0.098789,0.013804,0.000068,,818700,,
2,3,,0.004168,0.04246,0.263841,0.405667,0.211596,0.070463,0.001806,,823200,,
2,3,,0.00542,0.051212,0.380424,0.408784,0.131548,0.022443,0.000169,,823300,,
2,3,,0.004346,0.067739,0.402968,0.409963,0.099932,0.014964,0.000088,,818700,,
2,2,,0.004169,0.047224,0.42021,0.39422,0.119044,0.014945,0.000188,,816900,,
2,3,,0.00545,0.112471,0.387891,0.402413,0.077655,0.013786,0.000335,,819800,,
2,2,,0.005015,0.070557,0.404227,0.387132,0.117943,0.014792,0.000335,,817200,,
2,3,,0.0049,0.068884,0.364295,0.424976,0.116984,0.019893,0.000068,,818200,,
2,2,,0.005669,0.029789,0.437935,0.387797,0.122049,0.016605,0.000156,,820800,,
2,3,,0.004556,0.046266,0.373033,0.427223,0.131409,0.017444,0.000068,,832600,,
2,3,,0.005765,0.087116,0.267029,0.410511,0.193389,0.034932,0.001257,,826000,,
2,3,,0.004793,0.048427,0.389791,0.399677,0.133112,0.023558,0.000642,,819800,,
2,3,,0.004599,0.048519,0.362121,0.397433,0.160995,0.025701,0.000631,,820700,,
2,3,,0.005725,0.105027,0.334518,0.37831,0.129837,0.045696,0.000887,,825000,,
2,2,,0.005217,0.053785,0.390242,0.376452,0.147684,0.025855,0.000765,,827000,,
2,2,,0.02519,0.071371,0.406679,0.384374,0.097464,0.014628,0.000293,,825500,,
2,3,,0.004651,0.04554,0.388184,0.428603,0.11429,0.018663,0.000068,,822700,,
2,2,,0.00519,0.050359,0.443218,0.388399,0.097746,0.014795,0.000293,,846600,,
2,3,,0.004843,0.06537,0.366153,0.409308,0.135395,0.018545,0.000387,,824500,,
2,3,,0.004767,0.068853,0.35699,0.397126,0.15022,0.021769,0.000275,,824600,,
2,2,,0.005391,0.116263,0.404227,0.379625,0.080354,0.01379,0.00035,,822700,,
2,3,,0.004204,0.045501,0.399889,0.426519,0.107649,0.01617,0.000068,,819100,,
2,3,,0.004163,0.040589,0.322283,0.438314,0.160446,0.033304,0.000901,,824900,,
2,2,,0.005803,0.049136,0.413992,0.388263,0.124462,0.018187,0.000156,,822900,,
2,3,,0.005376,0.10473,0.364072,0.378972,0.121753,0.024174,0.000922,,823300,,
2,3,,0.004529,0.042963,0.36399,0.40939,0.154273,0.024287,0.000568,,822500,,
2,3,,0.004844,0.066007,0.360258,0.420693,0.125823,0.021851,0.000524,,825600,,
2,3,,0.003967,0.041713,0.265067,0.433938,0.219448,0.035062,0.000806,,822500,,
2,3,,0.004275,0.042418,0.333604,0.38372,0.177754,0.056993,0.001234,,826000,,
2,2,,0.004091,0.04977,0.429665,0.382885,0.114917,0.018534,0.000137,,822900,,
2,3,,0.004895,0.067451,0.380648,0.403763,0.126636,0.016332,0.000274,,821600,,
2,3,,0.004161,0.068082,0.330798,0.401801,0.167106,0.027043,0.00101,,820700,,
2,3,,0.005583,0.087704,0.355668,0.42517,0.106014,0.019747,0.000115,,823400,,
2,2,,0.003964,0.06833,0.408883,0.406065,0.098679,0.01401,0.000068,,829800,,
2,2,,0.00519,0.071371,0.406679,0.404374,0.097464,0.014628,0.000293,,827900,,
2,2,,0.008883,0.070797,0.443543,0.374909,0.086661,0.014926,0.000282,,827900,,
2,3,,0.004214,0.047631,0.303647,0.42081,0.194016,0.029172,0.00051,,821400,,
2,3,,0.004079,0.088808,0.358635,0.403219,0.120338,0.024261,0.00066,,820200,,
2,2,,0.005192,0.07383,0.424814,0.383364,0.097867,0.014639,0.000293,,819600,,
2,2,,0.004346,0.047739,0.442968,0.389963,0.099932,0.014964,0.000088,,818200,,
2,2,,0.005774,0.091495,0.412204,0.378234,0.097959,0.014101,0.000233,,817900,,
2,3,,0.004614,0.043588,0.376476,0.435378,0.120023,0.019665,0.000255,,820000,,
2,2,,0.005208,0.069771,0.423156,0.389787,0.096752,0.014867,0.000459,,816100,,
2,2,,0.005062,0.071606,0.4011,0.354372,0.141617,0.025576,0.000667,,821800,,
2,2,,0.006604,0.069933,0.364898,0.361972,0.142281,0.053203,0.001108,,818400,,
2,2,,0.005972,0.109171,0.374921,0.371171,0.121126,0.017441,0.000199,,817800,,
2,2,,0.005414,0.094148,0.411896,0.378219,0.096112,0.01337,0.000841,,819100,,
2,2,,0.005126,0.073672,0.397647,0.397168,0.105389,0.020742,0.000257,,818100,,
2,2,,0.00478,0.047493,0.39591,0.392298,0.128515,0.029702,0.001302,,820900,,
2,3,,0.005177,0.072213,0.370359,0.371655,0.151396,0.02773,0.00147,,817700,,
2,2,,0.005354,0.075565,0.434175,0.363675,0.104634,0.016264,0.000332,,821100,,
2,2,,0.005192,0.05383,0.464814,0.383364,0.077867,0.014639,0.000293,,826300,,
2,2,,0.004708,0.048791,0.442546,0.391821,0.097047,0.014999,0.000088,,827400,,
2,3,,0.004503,0.047698,0.348377,0.400537,0.175389,0.023316,0.00018,,827200,,
2,3,,0.006377,0.076051,0.317186,0.413807,0.153786,0.032122,0.000672,,826300,,
2,2,,0.004772,0.073204,0.408626,0.38639,0.108818,0.017909,0.000281,,822100,,
2,2,,0.00519,0.071371,0.426679,0.384374,0.097464,0.014628,0.000293,,831200,,
2,2,,0.008797,0.091214,0.422463,0.387606,0.077376,0.012251,0.000293,,823300,,
2,2,,0.007859,0.069029,0.446219,0.375675,0.09082,0.010311,0.000088,,825200,,
2,2,,0.02519,0.071371,0.426679,0.384374,0.077464,0.014628,0.000293,,823600,,
2,3,,0.005192,0.072818,0.401353,0.407389,0.098149,0.014806,0.000293,,825100,,
2,3,,0.004103,0.04584,0.407148,0.412647,0.111921,0.018045,0.000296,,825400,,
2,3,,0.004723,0.071569,0.377747,0.394196,0.127054,0.023915,0.000798,,835000,,
2,2,,0.005495,0.10169,0.410836,0.357666,0.104054,0.018933,0.001327,,827200,,
2,3,,0.004218,0.047061,0.379398,0.42543,0.123037,0.020502,0.000354,,824200,,
2,2,,0.004819,0.030313,0.430661,0.388644,0.122746,0.022199,0.000619,,825200,,
2,2,,0.005572,0.054817,0.432211,0.386231,0.104283,0.016143,0.000743,,821300,,
2,3,,0.004813,0.045735,0.385526,0.40685,0.137142,0.019867,0.000068,,823200,,
2,3,,0.005895,0.051318,0.351436,0.393023,0.16422,0.032675,0.001433,,831200,,
3,3,,0.004694,0.086034,0.358835,0.408713,0.12224,0.019416,0.000068,,852000,,
3,3,,0.002323,0.036408,0.206024,0.433094,0.264284,0.055878,0.001989,,824400,,
3,3,,0.005529,0.048751,0.333527,0.443753,0.143239,0.024821,0.00038,,825100,,
3,2,,0.005996,0.090927,0.431082,0.356853,0.100398,0.013847,0.000898,,819800,,
3,3,,0.00772,0.04852,0.36158,0.413563,0.142981,0.025436,0.0002,,827100,,
3,3,,0.003518,0.041553,0.370216,0.422538,0.141696,0.020283,0.000196,,824200,,
3,3,,0.00398,0.040712,0.168014,0.416437,0.278829,0.089119,0.002909,,826000,,
3,2,,0.004926,0.055415,0.458054,0.347549,0.113955,0.019271,0.00083,,826000,,
3,2,,0.004955,0.068634,0.417029,0.391088,0.102239,0.015898,0.000156,,825100,,
3,3,,0.024653,0.02256,0.36295,0.426518,0.137843,0.025195,0.00028,,822800,,
3,2,,0.004401,0.027678,0.414385,0.400225,0.130383,0.022612,0.000316,,823900,,
3,3,,0.004947,0.083606,0.360648,0.383164,0.142168,0.024834,0.000633,,821300,,
3,2,,0.00417,0.047345,0.423238,0.418951,0.092631,0.013354,0.000312,,825600,,
3,3,,0.005588,0.097175,0.344433,0.386087,0.137731,0.028117,0.000869,,823600,,
3,3,,0.004233,0.04037,0.292142,0.426149,0.181664,0.03458,0.020862,,825600,,
3,3,,0.005381,0.046485,0.355405,0.455765,0.117137,0.019797,0.000031,,823000,,
3,3,,0.005477,0.046771,0.374016,0.41312,0.139736,0.020849,0.000031,,826000,,
3,3,,0.006051,0.08904,0.361675,0.389374,0.112404,0.020914,0.020541,,830600,,
3,3,,0.004133,0.047536,0.210093,0.454959,0.236155,0.045701,0.001424,,831800,,
3,3,,0.005421,0.04813,0.36537,0.43122,0.128152,0.021615,0.000092,,825400,,
3,3,,0.002104,0.043096,0.178202,0.395441,0.312232,0.066243,0.002682,,825800,,
3,2,,0.004688,0.088331,0.442514,0.36423,0.084284,0.015556,0.000398,,822700,,
3,2,,0.005357,0.094466,0.394681,0.393177,0.09834,0.013021,0.000957,,837200,,
3,2,,0.004955,0.048634,0.417029,0.411088,0.102239,0.015898,0.000156,,826400,,
3,3,,0.003662,0.02162,0.331366,0.457411,0.16462,0.02129,0.000031,,823100,,
3,2,,0.004346,0.067739,0.422968,0.389963,0.099932,0.014964,0.000088,,819000,,
3,3,,0.00415,0.065515,0.384846,0.42561,0.104249,0.015562,0.000068,,822500,,
3,3,,0.00732,0.064438,0.291056,0.381056,0.201554,0.032994,0.02158,,822400,,
3,2,,0.004794,0.093139,0.38531,0.369237,0.123314,0.023539,0.000667,,822800,,
3,3,,0.004012,0.042466,0.347158,0.375531,0.170014,0.059311,0.001507,,828100,,
3,3,,0.004995,0.069832,0.39133,0.403125,0.112397,0.018182,0.000137,,821700,,
3,3,,0.005727,0.072258,0.326007,0.40323,0.161323,0.03058,0.000875,,819500,,
3,3,,0.007191,0.077277,0.170765,0.378592,0.281912,0.061429,0.022833,,828700,,
3,3,,0.004651,0.046553,0.398312,0.417912,0.114008,0.018496,0.000068,,821400,,
3,3,,0.005229,0.050449,0.361905,0.438117,0.123626,0.020521,0.000153,,821800,,
3,2,,0.005709,0.074463,0.393839,0.386993,0.118897,0.019692,0.000406,,821700,,
3,3,,0.004266,0.025807,0.360522,0.414525,0.167592,0.026739,0.000549,,821200,,
3,3,,0.002539,0.037447,0.226518,0.42221,0.260774,0.048676,0.001837,,855500,,
3,3,,0.004263,0.045213,0.403396,0.424353,0.105854,0.016687,0.000234,,822800,,
3,3,,0.004755,0.065462,0.356515,0.403161,0.147614,0.021884,0.000609,,822000,,
3,3,,0.004752,0.070195,0.373107,0.422224,0.111537,0.018116,0.000068,,831700,,
3,2,,0.006402,0.115062,0.374803,0.359383,0.119232,0.024283,0.000835,,827700,,
3,3,,0.005501,0.088475,0.375997,0.39546,0.115795,0.018618,0.000153,,825500,,
3,3,,0.002773,0.043632,0.210338,0.405494,0.270769,0.06423,0.002765,,825400,,
3,2,,0.005671,0.052248,0.436069,0.386787,0.102451,0.016616,0.000156,,823500,,
3,3,,0.004876,0.026944,0.22455,0.382174,0.277919,0.060765,0.022772,,824700,,
3,3,,0.0025,0.037112,0.217229,0.455182,0.233136,0.052852,0.00199,,823900,,
3,3,,0.004757,0.065252,0.3526,0.394896,0.152734,0.02892,0.000842,,823100,,
3,3,,0.004306,0.066731,0.358247,0.422484,0.12782,0.020282,0.00013,,822800,,
3,2,,0.005254,0.075581,0.414837,0.385079,0.102832,0.015537,0.00088,,822900,,
3,3,,0.00448,0.043642,0.355024,0.452968,0.123203,0.020653,0.000031,,822700,,
3,2,,0.005933,0.045244,0.405386,0.390315,0.126638,0.025727,0.000756,,822100,,
3,3,,0.004526,0.049317,0.365618,0.429909,0.129655,0.020845,0.00013,,822600,,
3,3,,0.004854,0.046697,0.397519,0.42409,0.109154,0.017549,0.000137,,825400,,
3,3,,0.00535,0.071775,0.400953,0.406366,0.10001,0.015213,0.000332,,849800,,
3,3,,0.004851,0.044152,0.356537,0.429728,0.143502,0.021199,0.000031,,822800,,
3,3,,0.004221,0.059566,0.305332,0.394966,0.206291,0.028731,0.000893,,824400,,
3,3,,0.004165,0.023519,0.276826,0.458257,0.202088,0.034107,0.001039,,825300,,
3,3,,0.004177,0.048404,0.286243,0.439469,0.185632,0.034895,0.00118,,823400,,
3,3,,0.005335,0.068841,0.349174,0.401219,0.14707,0.027502,0.000859,,823600,,
3,2,,0.005082,0.068819,0.406916,0.387523,0.111867,0.019292,0.000502,,821500,,
3,2,,0.005129,0.054592,0.434162,0.385,0.104427,0.016272,0.000419,,823700,,
3,3,,0.004933,0.057476,0.352201,0.427467,0.134368,0.02293,0.000625,,825200,,
3,2,,0.005351,0.048193,0.418078,0.413697,0.098681,0.015638,0.000363,,827900,,
3,3,,0.004498,0.048079,0.405896,0.418037,0.103019,0.020048,0.000423,,824200,,
3,3,,0.003381,0.063806,0.338838,0.426024,0.14594,0.021846,0.000166,,831300,,
3,3,,0.003581,0.042734,0.326874,0.394314,0.199546,0.031865,0.001086,,827400,,
3,2,,0.005409,0.048911,0.416145,0.409268,0.103771,0.01634,0.000156,,828700,,
3,3,,0.00391,0.04556,0.396913,0.40267,0.127866,0.022529,0.000552,,831400,,
3,3,,0.005784,0.049132,0.38339,0.402055,0.139762,0.019655,0.000222,,827400,,
3,3,,0.004594,0.089866,0.311265,0.384733,0.180919,0.02798,0.000644,,830500,,
3,3,,0.003466,0.043137,0.15751,0.421148,0.289815,0.082852,0.002072,,832400,,
3,3,,0.003654,0.044417,0.392536,0.406274,0.129602,0.023035,0.000483,,820600,,
3,3,,0.005428,0.046442,0.384391,0.399492,0.143214,0.020836,0.000197,,830000,,
3,3,,0.006891,0.055423,0.165008,0.404086,0.264217,0.101661,0.002714,,826700,,
3,3,,0.006163,0.047299,0.297531,0.4145,0.177348,0.035719,0.021438,,826700,,
3,3,,0.005152,0.076923,0.35178,0.388789,0.149138,0.027296,0.000922,,836100,,
3,3,,0.004466,0.018285,0.28738,0.431882,0.211238,0.044749,0.002,,832300,,
3,2,,0.004799,0.068625,0.40853,0.394357,0.102048,0.021283,0.000358,,829500,,
3,3,,0.004496,0.067805,0.333795,0.437098,0.134658,0.022055,0.000092,,825500,,
3,2,,0.004231,0.072266,0.415767,0.370766,0.116802,0.019803,0.000365,,822800,,
3,3,,0.003915,0.045537,0.389753,0.400412,0.135071,0.024691,0.000621,,822300,,
3,3,,0.004436,0.067634,0.381053,0.411441,0.115862,0.01937,0.000204,,821600,,
3,3,,0.004022,0.058054,0.293645,0.453472,0.16527,0.025024,0.000513,,833600,,
3,3,,0.005003,0.068173,0.381283,0.407173,0.116944,0.020841,0.000584,,828300,,
3,2,,0.004685,0.047393,0.438839,0.366408,0.118846,0.022994,0.000834,,830000,,
3,3,,0.003479,0.041219,0.242849,0.428448,0.229391,0.05239,0.002223,,829800,,
3,3,,0.004297,0.04362,0.344161,0.421692,0.161461,0.024512,0.000258,,828300,,
3,3,,0.004737,0.026807,0.415644,0.427098,0.104679,0.020919,0.000115,,827300,,
3,3,,0.003879,0.036222,0.245636,0.407874,0.229583,0.074222,0.002583,,834300,,
3,3,,0.004292,0.024885,0.394443,0.429673,0.130002,0.016637,0.000068,,835000,,
3,3,,0.005182,0.061903,0.383942,0.420244,0.111207,0.017327,0.000195,,829100,,
3,3,,0.005023,0.068296,0.355577,0.392735,0.154317,0.023747,0.000306,,823300,,
3,3,,0.004556,0.066266,0.373033,0.427223,0.111409,0.017444,0.000068,,824600,,
3,3,,0.003662,0.02162,0.331366,0.457411,0.16462,0.02129,0.000031,,824200,,
3,3,,0.004779,0.077958,0.224731,0.393434,0.249283,0.048338,0.001478,,823700,,
3,3,,0.005488,0.066332,0.367407,0.410419,0.125918,0.023903,0.000532,,823900,,
3,3,,0.005009,0.02624,0.32027,0.457645,0.162705,0.027763,0.000368,,1094800,,
3,3,,0.005809,0.047595,0.285602,0.425327,0.182022,0.032852,0.020793,,1039900,,
3,3,,0.003123,0.064937,0.242689,0.409836,0.225914,0.051713,0.001788,,1098700,,
3,3,,0.003892,0.045761,0.315171,0.418959,0.18891,0.026794,0.000513,,1048200,,
3,3,,0.00719,0.062405,0.282643,0.382542,0.204188,0.03937,0.021661,,1083100,,
3,3,,0.005238,0.049307,0.33569,0.408445,0.172869,0.027931,0.000521,,1047100,,
3,3,,0.004244,0.044628,0.248169,0.398311,0.259297,0.043727,0.001623,,1107000,,
3,3,,0.004379,0.046684,0.345467,0.441822,0.137806,0.023407,0.000436,,1041200,,
3,3,,0.003873,0.058585,0.235684,0.42026,0.236768,0.043475,0.001355,,1076200,,
3,3,,0.005763,0.0728,0.366041,0.382378,0.145404,0.02691,0.000704,,1145400,,
3,3,,0.004651,0.046553,0.398312,0.417912,0.114008,0.018496,0.000068,,1159700,,
3,3,,0.004302,0.050245,0.351303,0.44806,0.125508,0.020489,0.000092,,843400,,
3,2,,0.005852,0.096681,0.411736,0.382605,0.086235,0.016678,0.000214,,844400,,
3,3,,0.00337,0.066755,0.256067,0.42035,0.210629,0.04153,0.001298,,822900,,
3,3,,0.005528,0.04865,0.353234,0.376542,0.181592,0.033313,0.00114,,895400,,
3,3,,0.004297,0.044049,0.23846,0.391797,0.268293,0.050948,0.002155,,819500,,
3,3,,0.005282,0.06555,0.326624,0.391322,0.186427,0.024274,0.000521,,883900,,
3,3,,0.004792,0.070633,0.391476,0.395479,0.113124,0.023616,0.00088,,843200,,
3,3,,0.004526,0.049317,0.365618,0.429909,0.129655,0.020845,0.00013,,820400,,
3,2,,0.003647,0.042715,0.397164,0.392857,0.138105,0.024982,0.00053,,844000,,
3,3,,0.005002,0.068312,0.374986,0.417369,0.115387,0.018585,0.000359,,819900,,
3,3,,0.00451,0.040669,0.307951,0.423201,0.167103,0.035627,0.020939,,825300,,
3,3,,0.004803,0.051378,0.332329,0.417914,0.163835,0.029208,0.000533,,823300,,
3,3,,0.005057,0.068012,0.369137,0.42277,0.115601,0.019286,0.000137,,842100,,
3,3,,0.005152,0.067932,0.376601,0.419364,0.112087,0.018588,0.000274,,893100,,
3,3,,0.02467,0.065965,0.371583,0.405966,0.113014,0.018569,0.000234,,827100,,
3,3,,0.0056,0.079909,0.30107,0.396939,0.184565,0.030978,0.000938,,892900,,
3,3,,0.005925,0.074464,0.354675,0.415177,0.126914,0.021798,0.001047,,870600,,
3,3,,0.00477,0.069523,0.395833,0.409506,0.103885,0.016356,0.000126,,857300,,
3,3,,0.003851,0.045659,0.344176,0.440852,0.144221,0.021211,0.000031,,820600,,
3,2,,0.005918,0.062695,0.386345,0.375285,0.148695,0.020588,0.000474,,820700,,
3,3,,0.004957,0.047157,0.326095,0.386507,0.198862,0.03516,0.001261,,819400,,
3,2,,0.005033,0.049969,0.424165,0.38852,0.116948,0.014865,0.0005,,855300,,
3,2,,0.003844,0.066427,0.446891,0.376164,0.093022,0.013523,0.000129,,917700,,
3,3,,0.002785,0.059488,0.202653,0.428257,0.256926,0.048299,0.001591,,818700,,
3,2,,0.003727,0.061936,0.388059,0.354309,0.158697,0.03202,0.001253,,820300,,
3,3,,0.005012,0.041155,0.302839,0.3937,0.197758,0.058257,0.001279,,842900,,
3,3,,0.004217,0.064013,0.320085,0.42038,0.15996,0.030153,0.001192,,861600,,
3,3,,0.004726,0.067246,0.376712,0.413489,0.118246,0.019551,0.000031,,870200,,
3,3,,0.006208,0.05078,0.365552,0.39342,0.140629,0.022967,0.020444,,856300,,
3,3,,0.005222,0.04771,0.370157,0.387008,0.148377,0.020857,0.020669,,845900,,
3,3,,0.003709,0.061242,0.263898,0.401715,0.226235,0.041686,0.001515,,878500,,
3,3,,0.003922,0.046608,0.305433,0.422703,0.192914,0.027901,0.000519,,867900,,
3,3,,0.0037,0.060829,0.261753,0.392565,0.23495,0.044459,0.001745,,869300,,
3,3,,0.002856,0.065485,0.196149,0.393823,0.283944,0.055461,0.002283,,834000,,
3,3,,0.002452,0.036342,0.22627,0.417803,0.260218,0.054758,0.002157,,838600,,
3,2,,0.004551,0.047389,0.420032,0.395967,0.116531,0.015236,0.000294,,888400,,
3,3,,0.004874,0.025871,0.370339,0.431822,0.141375,0.025041,0.000678,,865800,,
3,2,,0.004346,0.047739,0.442968,0.389963,0.099932,0.014964,0.000088,,820400,,
3,3,,0.004931,0.050827,0.248335,0.401229,0.24301,0.049805,0.001864,,872300,,
3,3,,0.003457,0.063405,0.170068,0.37934,0.293097,0.087388,0.003246,,824600,,
3,3,,0.005508,0.069595,0.400593,0.409551,0.099197,0.015401,0.000156,,947200,,
3,3,,0.005009,0.041418,0.270242,0.428597,0.207831,0.044897,0.002007,,847700,,
3,3,,0.004954,0.046362,0.269727,0.390373,0.241681,0.045197,0.001706,,825000,,
3,2,,0.005687,0.069201,0.417873,0.389185,0.101054,0.016677,0.000322,,827600,,
3,3,,0.00478,0.046247,0.377715,0.409154,0.13459,0.026354,0.001161,,821500,,
3,2,,0.004844,0.047019,0.423719,0.396668,0.105541,0.021684,0.000524,,858700,,
3,2,,0.004075,0.069863,0.446371,0.371282,0.094924,0.013397,0.000088,,914400,,
3,3,,0.004915,0.067648,0.33592,0.403871,0.159152,0.027849,0.000644,,827000,,
3,3,,0.005045,0.055773,0.369645,0.42341,0.120427,0.025199,0.000501,,839900,,
3,3,,0.005015,0.067753,0.381294,0.403798,0.1254,0.016299,0.00044,,829100,,
3,3,,0.004807,0.048511,0.266247,0.43009,0.203966,0.044766,0.001615,,872300,,
3,3,,0.004138,0.038565,0.338253,0.396215,0.18536,0.036461,0.001008,,819500,,
3,3,,0.004615,0.065249,0.374534,0.416323,0.119627,0.019458,0.000196,,824100,,
3,3,,0.004138,0.043215,0.195796,0.390831,0.279828,0.063218,0.022975,,825400,,
3,2,,0.005151,0.04901,0.388143,0.384843,0.130025,0.022001,0.020826,,876400,,
3,2,,0.003997,0.026704,0.465418,0.385869,0.102132,0.015492,0.000389,,936200,,
3,3,,0.006099,0.075668,0.354636,0.387471,0.147927,0.027277,0.000922,,828700,,
3,3,,0.00529,0.059116,0.371549,0.421971,0.121805,0.020116,0.000153,,829700,,
3,3,,0.004931,0.050827,0.248335,0.401229,0.24301,0.049805,0.001864,,825500,,
3,3,,0.003811,0.022949,0.361275,0.421849,0.167666,0.022421,0.000031,,847400,,
3,3,,0.002452,0.036342,0.22627,0.417803,0.260218,0.054758,0.002157,,856500,,
3,2,,0.005686,0.050423,0.418266,0.408906,0.100466,0.015892,0.000361,,831000,,
3,3,,0.003435,0.059756,0.240681,0.437136,0.214683,0.042996,0.001313,,882400,,
3,3,,0.004497,0.05005,0.349392,0.401529,0.168154,0.025712,0.000667,,825300,,
3,2,,0.006009,0.068315,0.409919,0.368911,0.125,0.021291,0.000555,,859700,,
3,3,,0.005601,0.050813,0.378987,0.426947,0.119011,0.018523,0.000118,,823300,,
3,3,,0.004779,0.047327,0.351883,0.418828,0.149289,0.027332,0.000562,,823100,,
3,3,,0.004669,0.065705,0.362546,0.430172,0.117883,0.018873,0.000153,,821200,,
3,3,,0.004302,0.068316,0.365961,0.402362,0.135164,0.023362,0.000533,,826600,,
3,3,,0.005005,0.071783,0.373785,0.416565,0.110113,0.022274,0.000476,,856100,,
3,3,,0.004908,0.066683,0.372561,0.424999,0.112555,0.018156,0.000137,,862800,,
3,3,,0.003787,0.038046,0.185112,0.443405,0.266231,0.060577,0.002842,,949900,,
3,3,,0.005149,0.069904,0.400284,0.407597,0.100356,0.016375,0.000335,,860600,,
3,3,,0.004712,0.074469,0.236918,0.397773,0.241268,0.043517,0.001342,,889200,,
3,3,,0.004522,0.040908,0.319394,0.377849,0.192651,0.063081,0.001596,,900100,,
3,3,,0.004064,0.062182,0.370625,0.411853,0.128803,0.021932,0.000542,,824000,,
3,3,,0.004528,0.071357,0.321489,0.435979,0.140734,0.025412,0.000501,,826000,,
