wine-quality-white,CWE,test,0,NANOSECONDS,PREDICTIONS, Generated by ClassifierExperiments.java on 2022-05-17 03:02:17.    SYSTEMPROPERTIES:{user.name:matth,os.arch:amd64,os.name:Windows 10},ENDSYSTEMPROPERTIES
No parameter info
0.4648318042813456,480517800,838010900,-1,0,7,,-1,-1
0,2,,0.025658,0.036445,0.427152,0.412887,0.080924,0.016534,0.000401,,979800,,
0,3,,0.005035,0.049192,0.336681,0.437511,0.141632,0.028949,0.000999,,871800,,
0,3,,0.003887,0.06922,0.341558,0.448701,0.11363,0.022764,0.00024,,861400,,
0,2,,0.0255,0.031735,0.450129,0.384286,0.088406,0.019846,0.000097,,874200,,
1,3,,0.004978,0.048749,0.391482,0.412812,0.117691,0.023598,0.000691,,865300,,
1,2,,0.025868,0.050874,0.438936,0.382238,0.084195,0.017714,0.000174,,861900,,
1,3,,0.027908,0.035051,0.343942,0.422773,0.140877,0.028776,0.000673,,860400,,
1,3,,0.025685,0.030687,0.405738,0.413357,0.102971,0.021107,0.000455,,862100,,
1,2,,0.025928,0.055055,0.429555,0.391603,0.080096,0.017514,0.000248,,862200,,
1,2,,0.025618,0.049484,0.402041,0.391007,0.111704,0.019439,0.000707,,856100,,
1,2,,0.025531,0.037507,0.474524,0.376643,0.073437,0.012071,0.000285,,984700,,
1,2,,0.028468,0.07145,0.441516,0.340022,0.097801,0.01993,0.000813,,912900,,
1,3,,0.025378,0.032213,0.39894,0.440252,0.087148,0.015937,0.000133,,865900,,
1,3,,0.007624,0.046909,0.381971,0.424077,0.1149,0.023691,0.000828,,862600,,
1,2,,0.026127,0.053644,0.466696,0.364366,0.073255,0.015664,0.000248,,860900,,
1,2,,0.025488,0.035879,0.457206,0.374857,0.087857,0.01839,0.000324,,866700,,
1,2,,0.025828,0.071148,0.429235,0.36698,0.091723,0.014606,0.00048,,901700,,
1,3,,0.02796,0.031644,0.369196,0.41499,0.129485,0.026284,0.000441,,863500,,
1,3,,0.004146,0.075272,0.269977,0.379482,0.225934,0.0439,0.001288,,876600,,
1,2,,0.026074,0.053783,0.468788,0.364281,0.071414,0.015486,0.000174,,861500,,
1,3,,0.003251,0.024307,0.238444,0.448939,0.23282,0.050695,0.001544,,872600,,
1,3,,0.027931,0.034276,0.351069,0.466167,0.100639,0.019721,0.000198,,858700,,
1,2,,0.005568,0.085637,0.45143,0.349315,0.089683,0.017956,0.000411,,852700,,
1,3,,0.004533,0.064878,0.331187,0.342094,0.223063,0.031244,0.003003,,858700,,
1,2,,0.028193,0.040363,0.433554,0.406998,0.075902,0.014741,0.000248,,858400,,
1,2,,0.025928,0.055055,0.429555,0.391603,0.080096,0.017514,0.000248,,851000,,
1,2,,0.025956,0.032261,0.428927,0.414342,0.081301,0.016966,0.000248,,862700,,
1,3,,0.004207,0.041089,0.400913,0.437871,0.096817,0.018734,0.000369,,857200,,
1,2,,0.027754,0.04093,0.422924,0.392475,0.0962,0.019298,0.000419,,858500,,
1,2,,0.02793,0.038214,0.428714,0.408397,0.080097,0.016248,0.000401,,857000,,
1,2,,0.025788,0.034571,0.457088,0.390853,0.075027,0.016171,0.000501,,854600,,
1,2,,0.025556,0.055603,0.455282,0.371243,0.076382,0.015761,0.000174,,857600,,
1,2,,0.0243,0.04736,0.419968,0.386347,0.102172,0.019508,0.000345,,857000,,
1,2,,0.00392,0.100308,0.386549,0.358481,0.124597,0.025378,0.000766,,875900,,
1,2,,0.025674,0.033121,0.488238,0.356257,0.079317,0.017222,0.000171,,907400,,
1,3,,0.025603,0.030024,0.396028,0.434568,0.093268,0.020335,0.000174,,858300,,
1,3,,0.005279,0.060322,0.262635,0.423781,0.202749,0.043191,0.002044,,860200,,
2,2,,0.025826,0.035337,0.454079,0.37338,0.095369,0.015835,0.000174,,907300,,
2,2,,0.005878,0.033287,0.463072,0.400696,0.079019,0.0178,0.000248,,864900,,
2,2,,0.025617,0.033286,0.452407,0.381735,0.088603,0.018105,0.000248,,862600,,
2,3,,0.025606,0.030224,0.402189,0.433311,0.089923,0.018499,0.000248,,855300,,
2,2,,0.025634,0.034361,0.46656,0.372759,0.082788,0.017726,0.000171,,867200,,
2,3,,0.00516,0.047067,0.353276,0.415055,0.14775,0.030616,0.001076,,1020900,,
2,2,,0.025671,0.033118,0.467898,0.37431,0.08036,0.018545,0.000097,,877800,,
2,3,,0.005134,0.037794,0.32476,0.477224,0.128027,0.025994,0.001067,,865400,,
2,3,,0.027988,0.047761,0.352252,0.410448,0.137348,0.023603,0.0006,,855500,,
2,3,,0.005674,0.024803,0.308795,0.475614,0.138223,0.046695,0.000198,,863300,,
2,2,,0.025571,0.035202,0.450469,0.390213,0.081212,0.016933,0.000401,,864200,,
2,2,,0.025828,0.033627,0.437674,0.412053,0.074784,0.015785,0.000248,,860400,,
2,3,,0.004389,0.039771,0.37304,0.441377,0.11737,0.023475,0.000578,,863300,,
2,2,,0.025903,0.0524,0.431019,0.394257,0.079459,0.016787,0.000174,,875100,,
2,2,,0.025812,0.032935,0.446219,0.398558,0.079443,0.016784,0.000248,,910200,,
2,3,,0.006267,0.037444,0.374866,0.461901,0.099368,0.019712,0.000443,,862800,,
2,3,,0.025438,0.052825,0.365681,0.384225,0.140973,0.029911,0.000948,,863000,,
2,2,,0.025669,0.033201,0.422828,0.409187,0.090749,0.018118,0.000248,,879800,,
2,2,,0.025606,0.030026,0.436368,0.396515,0.092224,0.019013,0.000248,,861300,,
2,3,,0.028446,0.042789,0.370386,0.424675,0.109083,0.023678,0.000942,,857600,,
2,2,,0.004345,0.030677,0.507091,0.371248,0.071259,0.015205,0.000174,,874300,,
2,3,,0.004653,0.067188,0.386167,0.395754,0.121139,0.024255,0.000843,,962400,,
2,2,,0.025611,0.047173,0.440655,0.350291,0.113277,0.02245,0.000544,,1014900,,
2,2,,0.004402,0.030557,0.441492,0.399974,0.10129,0.021842,0.000443,,950100,,
2,3,,0.005672,0.026471,0.31524,0.464496,0.153424,0.033926,0.000772,,868400,,
2,2,,0.025711,0.033876,0.45279,0.395688,0.076393,0.015333,0.00021,,875700,,
2,3,,0.023561,0.072608,0.247813,0.385266,0.230526,0.038851,0.001375,,867800,,
2,2,,0.025526,0.031497,0.440852,0.389022,0.093534,0.019353,0.000216,,873100,,
2,2,,0.025582,0.031524,0.434672,0.39935,0.090041,0.018584,0.000248,,887800,,
2,2,,0.009219,0.044991,0.419219,0.361947,0.137686,0.026029,0.000909,,880000,,
2,3,,0.003185,0.028252,0.262682,0.464984,0.208417,0.03148,0.001,,872100,,
2,3,,0.004956,0.045111,0.418463,0.42057,0.091621,0.01887,0.000411,,878100,,
2,2,,0.025873,0.052722,0.446089,0.379263,0.079338,0.0165,0.000216,,1260500,,
2,2,,0.028855,0.045996,0.451912,0.377515,0.078724,0.016202,0.000795,,1029300,,
2,2,,0.028132,0.042539,0.415299,0.40691,0.089082,0.017779,0.000258,,1072300,,
2,3,,0.025582,0.031723,0.406842,0.408844,0.108692,0.01807,0.000248,,1148300,,
2,2,,0.025696,0.036706,0.449873,0.394002,0.077936,0.015539,0.000248,,911000,,
2,2,,0.025606,0.030026,0.436368,0.396515,0.092224,0.019013,0.000248,,920800,,
2,3,,0.025067,0.030837,0.380799,0.414212,0.130245,0.018697,0.000142,,861100,,
2,3,,0.003094,0.024747,0.29469,0.447736,0.165168,0.0644,0.000166,,1081600,,
2,2,,0.028138,0.065892,0.412777,0.366708,0.104378,0.021242,0.000866,,990600,,
2,3,,0.025372,0.033083,0.384918,0.384924,0.141223,0.029646,0.000835,,994100,,
2,2,,0.026127,0.053644,0.446696,0.384366,0.073255,0.015664,0.000248,,1030700,,
2,3,,0.025622,0.030717,0.407822,0.41001,0.107566,0.018013,0.000248,,903500,,
2,2,,0.003914,0.028892,0.406721,0.405279,0.130621,0.023815,0.000758,,1085900,,
2,3,,0.025261,0.031144,0.333206,0.453816,0.131148,0.025076,0.000349,,857100,,
2,2,,0.02554,0.036198,0.430957,0.395681,0.092416,0.018876,0.000332,,863000,,
2,3,,0.025362,0.03116,0.33264,0.447632,0.137526,0.025166,0.000513,,1275900,,
2,2,,0.005071,0.042909,0.417036,0.393209,0.11836,0.022708,0.000707,,876300,,
2,3,,0.025396,0.028577,0.393864,0.426995,0.103817,0.021195,0.000156,,975100,,
2,3,,0.003535,0.032023,0.409355,0.425762,0.092774,0.036079,0.000473,,905900,,
2,2,,0.025878,0.053485,0.435242,0.390191,0.07767,0.017286,0.000248,,995500,,
2,2,,0.025702,0.034256,0.459923,0.401344,0.067254,0.011389,0.000133,,1048100,,
2,2,,0.026127,0.033644,0.466696,0.384366,0.073255,0.015664,0.000248,,862600,,
2,2,,0.025828,0.033627,0.457674,0.392053,0.074784,0.015785,0.000248,,860100,,
2,3,,0.025622,0.030717,0.407822,0.41001,0.107566,0.018013,0.000248,,861100,,
2,2,,0.025788,0.034632,0.456694,0.390886,0.07591,0.015841,0.000248,,865900,,
2,2,,0.025409,0.035341,0.420049,0.396809,0.100906,0.020991,0.000496,,964300,,
2,3,,0.025711,0.027985,0.354447,0.410061,0.14922,0.031387,0.001188,,920800,,
2,2,,0.025775,0.033766,0.479767,0.371968,0.072943,0.015607,0.000174,,1119600,,
2,2,,0.025542,0.055118,0.407473,0.380283,0.108302,0.022819,0.000464,,877700,,
2,2,,0.02583,0.040962,0.414033,0.390633,0.105462,0.022191,0.000889,,853900,,
2,2,,0.025532,0.055124,0.405833,0.376874,0.112237,0.023751,0.000648,,848200,,
2,3,,0.025385,0.031809,0.395214,0.417092,0.107616,0.022392,0.000492,,1011300,,
2,2,,0.025606,0.030224,0.442189,0.393311,0.089923,0.018499,0.000248,,1092400,,
2,3,,0.004621,0.040761,0.326362,0.455072,0.143642,0.028769,0.000773,,931500,,
2,2,,0.025828,0.033428,0.451853,0.395257,0.077086,0.016299,0.000248,,965400,,
2,3,,0.025453,0.026642,0.351414,0.431864,0.13603,0.027854,0.000743,,1119100,,
2,3,,0.025045,0.030487,0.350275,0.442701,0.125145,0.025945,0.000402,,862400,,
2,2,,0.006591,0.030772,0.434774,0.388906,0.113781,0.02421,0.000966,,860900,,
2,2,,0.026127,0.033644,0.466696,0.384366,0.073255,0.015664,0.000248,,853800,,
2,2,,0.025566,0.03123,0.441208,0.392145,0.091049,0.018555,0.000248,,852600,,
2,2,,0.025864,0.053388,0.455592,0.375914,0.073741,0.015326,0.000174,,895600,,
2,2,,0.026074,0.053783,0.468788,0.364281,0.071414,0.015486,0.000174,,863500,,
2,3,,0.026286,0.041252,0.284456,0.418454,0.188583,0.039328,0.001641,,859600,,
2,3,,0.025492,0.048969,0.368433,0.372449,0.152522,0.030777,0.001359,,854800,,
2,3,,0.025042,0.025388,0.211521,0.469294,0.218819,0.04884,0.001097,,849600,,
2,2,,0.003914,0.028892,0.406721,0.405279,0.130621,0.023815,0.000758,,858800,,
2,2,,0.026163,0.053405,0.484614,0.348227,0.072212,0.015205,0.000174,,857100,,
2,2,,0.025569,0.050857,0.429915,0.389926,0.085724,0.017835,0.000174,,854700,,
2,2,,0.025794,0.032777,0.478589,0.354265,0.088938,0.01926,0.000378,,885900,,
2,2,,0.026256,0.034956,0.412833,0.407551,0.098439,0.019596,0.000369,,872000,,
2,3,,0.025287,0.027147,0.367118,0.422738,0.129545,0.027765,0.000399,,870300,,
2,3,,0.004235,0.025649,0.276001,0.475055,0.182921,0.035234,0.000905,,858000,,
2,3,,0.025543,0.057333,0.376923,0.383404,0.127957,0.027856,0.000985,,858400,,
2,3,,0.025276,0.031658,0.346631,0.428247,0.138781,0.028735,0.000673,,855500,,
2,2,,0.025878,0.033287,0.449421,0.393395,0.079971,0.0178,0.000248,,859700,,
2,2,,0.025672,0.030576,0.42539,0.408148,0.090451,0.019514,0.000248,,855200,,
2,3,,0.025566,0.031168,0.401603,0.432112,0.090166,0.018884,0.000501,,872400,,
2,2,,0.025582,0.031958,0.426145,0.406513,0.091037,0.018518,0.000248,,859000,,
2,2,,0.026163,0.053405,0.484614,0.348227,0.072212,0.015205,0.000174,,858800,,
2,2,,0.025656,0.030082,0.419756,0.411449,0.092808,0.02,0.000248,,853300,,
2,3,,0.003877,0.024887,0.261799,0.458169,0.205097,0.044708,0.001463,,860100,,
2,3,,0.00578,0.033914,0.32071,0.458745,0.150224,0.029782,0.000845,,853900,,
2,3,,0.025606,0.030026,0.396368,0.436515,0.092224,0.019013,0.000248,,850100,,
2,2,,0.028708,0.043513,0.432948,0.39923,0.079066,0.015993,0.000542,,853800,,
2,3,,0.025853,0.057538,0.172176,0.406947,0.278938,0.055969,0.002578,,855300,,
2,3,,0.025387,0.03775,0.388255,0.394579,0.136937,0.016763,0.000328,,858800,,
2,2,,0.025557,0.031737,0.454571,0.357761,0.106795,0.02306,0.000519,,875100,,
2,3,,0.003718,0.030959,0.341052,0.443493,0.151297,0.028857,0.000624,,888100,,
2,2,,0.025617,0.033249,0.438925,0.400863,0.083956,0.017143,0.000248,,852900,,
2,2,,0.025631,0.053868,0.454377,0.380027,0.072086,0.01388,0.000133,,861300,,
2,2,,0.025458,0.043109,0.4513,0.3545,0.104269,0.020846,0.000518,,853700,,
2,2,,0.025828,0.033627,0.457674,0.392053,0.074784,0.015785,0.000248,,853000,,
2,3,,0.027987,0.039754,0.386459,0.408789,0.117802,0.018805,0.000405,,875200,,
2,2,,0.025669,0.032966,0.423525,0.411518,0.088404,0.01767,0.000248,,876200,,
2,3,,0.025717,0.031152,0.386256,0.430906,0.104186,0.021604,0.000177,,857900,,
2,3,,0.003907,0.068369,0.375558,0.403154,0.124335,0.023597,0.001079,,851600,,
2,2,,0.025878,0.033485,0.455242,0.390191,0.07767,0.017286,0.000248,,850700,,
2,3,,0.004074,0.029442,0.295271,0.470653,0.165356,0.034263,0.00094,,852000,,
2,2,,0.026026,0.035831,0.46799,0.371713,0.080512,0.01768,0.000248,,849100,,
2,2,,0.025555,0.034708,0.444835,0.393514,0.083569,0.017418,0.000401,,847400,,
2,2,,0.025736,0.053656,0.416568,0.387365,0.094464,0.021665,0.000546,,850000,,
2,2,,0.025735,0.034573,0.472965,0.374006,0.07637,0.016177,0.000174,,872300,,
2,2,,0.025657,0.032244,0.439905,0.382029,0.10283,0.017086,0.000248,,855100,,
2,2,,0.025788,0.034434,0.470873,0.37409,0.078212,0.016355,0.000248,,849700,,
2,3,,0.025781,0.029323,0.37895,0.410226,0.129709,0.02518,0.000829,,877900,,
2,2,,0.025582,0.031723,0.426842,0.388844,0.108692,0.01807,0.000248,,856000,,
2,2,,0.004075,0.038293,0.440496,0.424105,0.07765,0.015133,0.000248,,850600,,
2,2,,0.025828,0.033627,0.457674,0.392053,0.074784,0.015785,0.000248,,853400,,
2,3,,0.024402,0.021702,0.201545,0.472762,0.228064,0.049857,0.001669,,873700,,
2,2,,0.026163,0.053405,0.471281,0.36156,0.072212,0.015205,0.000174,,859300,,
2,2,,0.025862,0.032793,0.463787,0.376696,0.082328,0.018285,0.000248,,860300,,
2,2,,0.025571,0.035238,0.443951,0.391085,0.085859,0.017895,0.000401,,855900,,
2,2,,0.025719,0.03547,0.430598,0.393797,0.099329,0.014748,0.000339,,851900,,
2,2,,0.025585,0.039884,0.451489,0.358307,0.103176,0.021215,0.000345,,856500,,
2,2,,0.025582,0.031524,0.434672,0.39935,0.090041,0.018584,0.000248,,850100,,
2,3,,0.004399,0.033466,0.396461,0.444354,0.099574,0.021378,0.000369,,852600,,
2,2,,0.025828,0.033428,0.471853,0.375257,0.077086,0.016299,0.000248,,885500,,
2,2,,0.026058,0.05329,0.463154,0.367582,0.07377,0.015971,0.000174,,863100,,
2,2,,0.025582,0.031524,0.441021,0.392048,0.090993,0.018584,0.000248,,857500,,
2,2,,0.025604,0.032185,0.436177,0.405148,0.08329,0.017422,0.000174,,874400,,
2,2,,0.025938,0.029637,0.461047,0.369748,0.094035,0.01938,0.000216,,865100,,
2,2,,0.025372,0.029812,0.416147,0.397768,0.109024,0.021455,0.000423,,853400,,
2,2,,0.025775,0.053766,0.459767,0.371968,0.072943,0.015607,0.000174,,868500,,
2,3,,0.02818,0.041387,0.329843,0.397038,0.166375,0.035413,0.001764,,857600,,
2,3,,0.003541,0.040817,0.322823,0.450698,0.134675,0.047291,0.000156,,860100,,
2,2,,0.025914,0.033246,0.459827,0.387386,0.076626,0.016827,0.000174,,863400,,
2,3,,0.003295,0.023147,0.328275,0.456664,0.157011,0.031145,0.000463,,861400,,
2,2,,0.025864,0.053388,0.455592,0.375914,0.073741,0.015326,0.000174,,859400,,
2,2,,0.025617,0.033051,0.453104,0.384067,0.086257,0.017657,0.000248,,856400,,
2,2,,0.026455,0.03867,0.432493,0.400432,0.083313,0.017985,0.000652,,856900,,
2,2,,0.025941,0.030002,0.435795,0.402819,0.08735,0.017919,0.000174,,856800,,
2,3,,0.025664,0.028524,0.379041,0.415849,0.124481,0.025606,0.000835,,856100,,
2,2,,0.028696,0.045217,0.413061,0.396907,0.096046,0.019171,0.000901,,886300,,
2,2,,0.025542,0.036398,0.466257,0.375002,0.080167,0.016462,0.000171,,861200,,
2,3,,0.028409,0.043852,0.363237,0.419714,0.119017,0.024622,0.001149,,857400,,
2,2,,0.02621,0.039794,0.449661,0.386201,0.080217,0.017121,0.000795,,849800,,
2,2,,0.025905,0.030241,0.45121,0.385624,0.088394,0.018378,0.000248,,850700,,
2,3,,0.028741,0.03451,0.374541,0.407493,0.127469,0.026364,0.000882,,848300,,
2,3,,0.005005,0.042191,0.263087,0.431782,0.215791,0.040829,0.001314,,849100,,
2,2,,0.025788,0.034632,0.476694,0.370886,0.07591,0.015841,0.000248,,874200,,
2,3,,0.025259,0.062488,0.347695,0.385578,0.131097,0.046934,0.000949,,875600,,
2,2,,0.025827,0.053643,0.427142,0.384382,0.088578,0.019923,0.000504,,854400,,
2,2,,0.025571,0.035202,0.450469,0.390213,0.081212,0.016933,0.000401,,853800,,
2,2,,0.025944,0.033461,0.453497,0.391524,0.077943,0.017383,0.000248,,849300,,
2,2,,0.025828,0.033428,0.471853,0.375257,0.077086,0.016299,0.000248,,850400,,
2,3,,0.003541,0.040817,0.322823,0.450698,0.134675,0.047291,0.000156,,851900,,
2,2,,0.026026,0.035831,0.44799,0.391713,0.080512,0.01768,0.000248,,848200,,
2,3,,0.025353,0.028913,0.343488,0.417434,0.149857,0.033508,0.001447,,849700,,
2,2,,0.025932,0.03279,0.442391,0.393362,0.086762,0.018308,0.000455,,849600,,
2,3,,0.025223,0.027476,0.285403,0.443487,0.181096,0.036593,0.000722,,852800,,
2,2,,0.025825,0.033426,0.471514,0.37331,0.078129,0.017622,0.000174,,850100,,
2,2,,0.025781,0.035153,0.468596,0.375854,0.080346,0.013931,0.000339,,847900,,
2,2,,0.025417,0.034695,0.481033,0.354417,0.085744,0.01837,0.000324,,847000,,
2,2,,0.025729,0.056101,0.426376,0.39146,0.083577,0.016542,0.000216,,850500,,
2,2,,0.025753,0.033782,0.437608,0.393098,0.090063,0.019316,0.000378,,857700,,
2,2,,0.025662,0.03546,0.444763,0.396974,0.086078,0.010931,0.000133,,851600,,
2,2,,0.025828,0.053627,0.457674,0.372053,0.074784,0.015785,0.000248,,875600,,
2,3,,0.02544,0.032057,0.409277,0.418232,0.101217,0.013645,0.000133,,848400,,
2,3,,0.004956,0.045111,0.418463,0.42057,0.091621,0.01887,0.000411,,865600,,
2,2,,0.025531,0.032873,0.462154,0.39132,0.0753,0.01269,0.000133,,863700,,
2,3,,0.005631,0.029854,0.406149,0.443864,0.094512,0.019701,0.00029,,850100,,
2,3,,0.003966,0.026616,0.198671,0.458718,0.257163,0.052773,0.002092,,851400,,
2,3,,0.005288,0.025761,0.370943,0.439832,0.134006,0.024014,0.000156,,850300,,
2,2,,0.025821,0.054111,0.436095,0.396148,0.074573,0.012913,0.000339,,848700,,
2,2,,0.025386,0.03589,0.447341,0.376681,0.094647,0.019799,0.000255,,848500,,
2,2,,0.025788,0.054632,0.456694,0.370886,0.07591,0.015841,0.000248,,848900,,
2,2,,0.026293,0.062722,0.419391,0.389076,0.084202,0.018046,0.00027,,849200,,
2,2,,0.025767,0.033363,0.439404,0.393554,0.09291,0.014792,0.00021,,849900,,
2,3,,0.025415,0.027883,0.395019,0.410079,0.120656,0.020774,0.000174,,849100,,
2,2,,0.005941,0.030002,0.449446,0.41012,0.086398,0.017919,0.000174,,852500,,
2,3,,0.025357,0.030482,0.385008,0.410729,0.126604,0.02172,0.0001,,854100,,
2,2,,0.025444,0.036066,0.49202,0.357173,0.076027,0.012985,0.000285,,853400,,
2,3,,0.026073,0.039769,0.389454,0.392561,0.124703,0.026291,0.001149,,850300,,
2,2,,0.026127,0.053644,0.466696,0.364366,0.073255,0.015664,0.000248,,853800,,
2,3,,0.005288,0.02596,0.396764,0.416628,0.131705,0.0235,0.000156,,857600,,
2,2,,0.025656,0.030082,0.419756,0.411449,0.092808,0.02,0.000248,,852500,,
2,2,,0.025956,0.052261,0.448927,0.374342,0.081301,0.016966,0.000248,,849100,,
2,2,,0.02549,0.034647,0.438182,0.389918,0.092394,0.019026,0.000343,,867600,,
2,3,,0.003849,0.031803,0.337593,0.470715,0.130666,0.025032,0.000342,,854800,,
2,3,,0.023561,0.072608,0.247813,0.385266,0.230526,0.038851,0.001375,,851200,,
2,2,,0.004094,0.060054,0.464934,0.359588,0.092631,0.018405,0.000292,,850700,,
2,2,,0.025775,0.033766,0.479767,0.371968,0.072943,0.015607,0.000174,,852300,,
2,3,,0.025622,0.030717,0.407822,0.41001,0.107566,0.018013,0.000248,,855100,,
2,2,,0.025828,0.033627,0.457674,0.372053,0.094784,0.015785,0.000248,,849900,,
2,2,,0.025566,0.031266,0.41469,0.413018,0.095695,0.019517,0.000248,,850300,,
2,2,,0.025551,0.029465,0.465791,0.356476,0.100625,0.021954,0.000139,,849500,,
2,3,,0.027997,0.03021,0.290856,0.459018,0.157456,0.033562,0.000901,,849800,,
2,2,,0.025932,0.03279,0.442391,0.373362,0.106762,0.018308,0.000455,,848800,,
2,3,,0.025269,0.034147,0.36784,0.406064,0.138599,0.027171,0.000911,,858200,,
2,3,,0.025226,0.032019,0.377137,0.419394,0.12134,0.024561,0.000323,,851700,,
2,2,,0.025812,0.033134,0.43204,0.395354,0.097141,0.01627,0.000248,,849800,,
2,2,,0.02556,0.032566,0.424936,0.373956,0.117065,0.025039,0.000878,,856300,,
2,2,,0.045283,0.038222,0.436243,0.360796,0.099105,0.01989,0.000461,,851300,,
2,2,,0.025501,0.033502,0.426173,0.391362,0.101226,0.021741,0.000496,,848800,,
2,2,,0.025525,0.035608,0.444254,0.360969,0.112026,0.020879,0.000739,,850700,,
2,3,,0.002259,0.026059,0.240472,0.371075,0.275268,0.081415,0.003452,,851300,,
2,2,,0.025878,0.033485,0.455242,0.390191,0.07767,0.017286,0.000248,,863600,,
2,2,,0.025725,0.02988,0.41254,0.411319,0.099544,0.020537,0.000455,,850300,,
2,2,,0.028313,0.042613,0.420011,0.362465,0.121428,0.024413,0.000758,,850300,,
2,2,,0.025656,0.030082,0.419756,0.411449,0.092808,0.02,0.000248,,850200,,
2,2,,0.028377,0.042669,0.456708,0.382511,0.0754,0.014162,0.000174,,851200,,
2,2,,0.045651,0.05478,0.376184,0.374882,0.121858,0.025789,0.000855,,849700,,
2,3,,0.00351,0.021992,0.394251,0.449814,0.107281,0.022996,0.000156,,849900,,
2,2,,0.025631,0.033761,0.459176,0.375353,0.087127,0.018739,0.000213,,852000,,
2,3,,0.025181,0.035901,0.376854,0.429521,0.108457,0.023474,0.000611,,851000,,
2,2,,0.004004,0.030532,0.465063,0.400057,0.08156,0.018569,0.000216,,850200,,
2,2,,0.025749,0.032807,0.441936,0.394442,0.085442,0.019412,0.000213,,849700,,
2,2,,0.025539,0.030103,0.425615,0.384966,0.109041,0.024029,0.000706,,851000,,
2,2,,0.025399,0.034811,0.448826,0.376827,0.092737,0.020895,0.000504,,853800,,
2,2,,0.026127,0.033644,0.466696,0.384366,0.073255,0.015664,0.000248,,858700,,
2,2,,0.027969,0.034743,0.413886,0.391004,0.109981,0.022096,0.000321,,855700,,
2,2,,0.025434,0.031465,0.426251,0.420449,0.08132,0.014948,0.000133,,836900,,
2,2,,0.025461,0.038965,0.443643,0.3748,0.096938,0.019665,0.000527,,818500,,
2,2,,0.025822,0.053259,0.449253,0.370369,0.082512,0.018569,0.000216,,831600,,
2,3,,0.025604,0.029859,0.394107,0.413574,0.116607,0.01996,0.00029,,832700,,
2,3,,0.025697,0.052828,0.38464,0.385532,0.124602,0.025999,0.000702,,829500,,
2,2,,0.025724,0.032979,0.485806,0.354395,0.082202,0.018723,0.000171,,831900,,
2,2,,0.026127,0.033644,0.466696,0.384366,0.073255,0.015664,0.000248,,830600,,
2,3,,0.025606,0.030026,0.376368,0.456515,0.092224,0.019013,0.000248,,828700,,
2,2,,0.025531,0.032873,0.462154,0.39132,0.0753,0.01269,0.000133,,829900,,
2,2,,0.025862,0.032793,0.463787,0.376696,0.082328,0.018285,0.000248,,828700,,
2,3,,0.003441,0.030045,0.339773,0.432401,0.157837,0.034972,0.00153,,830000,,
2,2,,0.0257,0.033909,0.452705,0.356806,0.109384,0.020597,0.000899,,847100,,
2,3,,0.025483,0.02982,0.370547,0.449669,0.103529,0.020796,0.000156,,832300,,
2,2,,0.003596,0.045355,0.416649,0.416563,0.097403,0.02026,0.000174,,830700,,
2,3,,0.02538,0.037056,0.385027,0.399545,0.129564,0.022857,0.000571,,829700,,
2,3,,0.003807,0.028759,0.356828,0.475886,0.111766,0.022714,0.00024,,829100,,
2,2,,0.025828,0.053627,0.437674,0.392053,0.074784,0.015785,0.000248,,834200,,
2,2,,0.025682,0.030306,0.448537,0.387253,0.089763,0.018243,0.000216,,829300,,
2,3,,0.003356,0.024915,0.325538,0.461654,0.140191,0.044181,0.000166,,829700,,
2,2,,0.025634,0.034126,0.487257,0.35509,0.080442,0.017278,0.000171,,829800,,
2,3,,0.02497,0.024137,0.255846,0.434907,0.211569,0.046899,0.001671,,845000,,
2,2,,0.026151,0.053472,0.442826,0.384413,0.076495,0.016353,0.00029,,860200,,
2,2,,0.025674,0.033121,0.448238,0.396257,0.079317,0.017222,0.000171,,852900,,
2,3,,0.025557,0.036207,0.33975,0.481573,0.097966,0.018827,0.000121,,828100,,
2,2,,0.025788,0.034632,0.476694,0.370886,0.07591,0.015841,0.000248,,828700,,
2,2,,0.025878,0.053287,0.449421,0.373395,0.079971,0.0178,0.000248,,838500,,
2,2,,0.005394,0.041173,0.448256,0.380944,0.103815,0.019886,0.000533,,833200,,
2,3,,0.027002,0.049092,0.410755,0.412157,0.08373,0.016896,0.000369,,834100,,
2,3,,0.004661,0.053531,0.319337,0.437866,0.152341,0.031341,0.000924,,840400,,
2,2,,0.025622,0.030717,0.427822,0.41001,0.087566,0.018013,0.000248,,834200,,
2,2,,0.028132,0.042539,0.415299,0.40691,0.089082,0.017779,0.000258,,835700,,
2,3,,0.004732,0.030987,0.308895,0.4284,0.19004,0.036181,0.000765,,839800,,
2,2,,0.025696,0.036706,0.449873,0.394002,0.077936,0.015539,0.000248,,825400,,
2,3,,0.004164,0.078738,0.392399,0.396963,0.11225,0.015117,0.00037,,828400,,
2,2,,0.025674,0.033121,0.488238,0.356257,0.079317,0.017222,0.000171,,832700,,
2,2,,0.025775,0.053766,0.459767,0.371968,0.072943,0.015607,0.000174,,829900,,
2,2,,0.004186,0.054997,0.376571,0.365954,0.154234,0.043144,0.000914,,833900,,
2,2,,0.025828,0.033627,0.477674,0.372053,0.074784,0.015785,0.000248,,823900,,
2,3,,0.003895,0.032366,0.342698,0.452281,0.121793,0.046333,0.000633,,824600,,
2,2,,0.025631,0.030052,0.418319,0.413359,0.093163,0.019187,0.00029,,827000,,
2,3,,0.003658,0.028059,0.291812,0.442994,0.184704,0.04802,0.000753,,883400,,
2,3,,0.028517,0.035327,0.349724,0.399451,0.152343,0.033066,0.001572,,831800,,
2,3,,0.028038,0.032346,0.282593,0.470662,0.153401,0.032041,0.000919,,830600,,
2,2,,0.02421,0.062151,0.403245,0.38226,0.10581,0.021535,0.00079,,829000,,
2,2,,0.025822,0.033061,0.463432,0.373573,0.084814,0.019083,0.000216,,827600,,
2,2,,0.00397,0.031905,0.452503,0.420574,0.074958,0.015841,0.000248,,840600,,
2,3,,0.025669,0.052966,0.403525,0.411518,0.088404,0.01767,0.000248,,825500,,
2,3,,0.025284,0.031549,0.410361,0.419911,0.095697,0.016982,0.000216,,850300,,
2,3,,0.025322,0.030004,0.390319,0.416393,0.120371,0.017488,0.000104,,827000,,
2,3,,0.003444,0.025287,0.307992,0.460201,0.158964,0.043823,0.000289,,824200,,
2,2,,0.025658,0.036445,0.427152,0.412887,0.080924,0.016534,0.000401,,821100,,
2,2,,0.025518,0.030069,0.415954,0.412352,0.094984,0.020951,0.000171,,826300,,
2,2,,0.025657,0.052244,0.439905,0.382029,0.08283,0.017086,0.000248,,829000,,
2,2,,0.025571,0.035202,0.450469,0.390213,0.081212,0.016933,0.000401,,833000,,
2,2,,0.028071,0.045939,0.443348,0.390432,0.078084,0.013994,0.000133,,826900,,
2,2,,0.02571,0.03453,0.483747,0.356868,0.082832,0.015974,0.000339,,827700,,
2,2,,0.025828,0.033627,0.477674,0.372053,0.074784,0.015785,0.000248,,824600,,
2,3,,0.025579,0.051357,0.39876,0.409107,0.095376,0.019531,0.00029,,825300,,
2,3,,0.006405,0.038089,0.380303,0.456713,0.098449,0.019598,0.000443,,828900,,
2,2,,0.025474,0.033341,0.388309,0.380654,0.141391,0.029825,0.001006,,868000,,
2,3,,0.003694,0.022036,0.37776,0.434706,0.13466,0.026989,0.000156,,834200,,
2,2,,0.02554,0.036198,0.450957,0.375681,0.092416,0.018876,0.000332,,833700,,
2,2,,0.025409,0.035341,0.440049,0.376809,0.100906,0.020991,0.000496,,833100,,
2,3,,0.005375,0.026968,0.374144,0.441634,0.129072,0.022652,0.000156,,823400,,
2,2,,0.025571,0.055003,0.424648,0.393417,0.083514,0.017447,0.000401,,837600,,
2,2,,0.025785,0.034267,0.468612,0.371149,0.082594,0.017302,0.00029,,831600,,
2,3,,0.003608,0.03596,0.334827,0.395769,0.1765,0.051695,0.00164,,837700,,
2,2,,0.025634,0.034361,0.44656,0.392759,0.082788,0.017726,0.000171,,830900,,
2,3,,0.025483,0.02982,0.370547,0.449669,0.103529,0.020796,0.000156,,831500,,
3,3,,0.005417,0.024142,0.388447,0.427276,0.131334,0.023229,0.000156,,834200,,
3,3,,0.025507,0.037216,0.336758,0.375516,0.185773,0.037397,0.001834,,854600,,
3,3,,0.005729,0.024482,0.368076,0.435583,0.136662,0.028853,0.000615,,827500,,
3,2,,0.025785,0.034267,0.448612,0.371149,0.102594,0.017302,0.00029,,826600,,
3,3,,0.025538,0.0285,0.353919,0.443459,0.121636,0.026351,0.000596,,826700,,
3,3,,0.005368,0.023103,0.265745,0.431984,0.211268,0.06118,0.001353,,826400,,
3,2,,0.025828,0.033428,0.431853,0.395257,0.097086,0.016299,0.000248,,828500,,
3,3,,0.025602,0.029477,0.380898,0.427677,0.11315,0.022834,0.000362,,826900,,
3,3,,0.026309,0.041515,0.253677,0.402615,0.229843,0.045117,0.000924,,828600,,
3,2,,0.025704,0.034727,0.43491,0.401206,0.086013,0.017191,0.000248,,842300,,
3,3,,0.003741,0.028743,0.262481,0.486133,0.181501,0.036482,0.000919,,838700,,
3,3,,0.025702,0.069592,0.368613,0.373298,0.14069,0.021376,0.000728,,834200,,
3,2,,0.025903,0.053313,0.431372,0.390238,0.08091,0.017975,0.00029,,830600,,
3,2,,0.025828,0.033428,0.451853,0.395257,0.077086,0.016299,0.000248,,828400,,
3,3,,0.025728,0.029458,0.332093,0.398524,0.179011,0.034221,0.000965,,827700,,
3,2,,0.025533,0.054202,0.422403,0.394071,0.084442,0.018954,0.000394,,826300,,
3,2,,0.026108,0.060739,0.431811,0.35554,0.106721,0.018361,0.000719,,827700,,
3,3,,0.005729,0.024482,0.368076,0.435583,0.136662,0.028853,0.000615,,873700,,
3,3,,0.025338,0.027501,0.216771,0.422106,0.255999,0.050257,0.002029,,833300,,
3,2,,0.025436,0.025374,0.400716,0.399392,0.126653,0.022273,0.000156,,839000,,
3,3,,0.00372,0.023435,0.231155,0.489036,0.191984,0.059389,0.00128,,832600,,
3,3,,0.005106,0.026539,0.37077,0.421576,0.148272,0.027337,0.000399,,828600,,
3,3,,0.025436,0.027138,0.389721,0.433697,0.102648,0.021205,0.000156,,839700,,
3,2,,0.003944,0.03082,0.458163,0.401,0.090197,0.015535,0.000339,,835300,,
3,2,,0.025944,0.053461,0.433497,0.391524,0.077943,0.017383,0.000248,,834800,,
3,3,,0.025553,0.049184,0.367314,0.402764,0.12502,0.029127,0.001039,,837100,,
3,3,,0.004556,0.039047,0.214704,0.435959,0.249603,0.053952,0.00218,,837900,,
3,3,,0.025522,0.046592,0.389953,0.408035,0.107829,0.021872,0.000198,,835700,,
3,3,,0.025619,0.032657,0.403485,0.419567,0.100071,0.018384,0.000216,,874900,,
3,2,,0.025708,0.050336,0.429975,0.385343,0.089408,0.019055,0.000174,,862900,,
3,3,,0.023856,0.025282,0.172772,0.41266,0.303225,0.059357,0.002848,,839500,,
3,3,,0.003118,0.026738,0.187221,0.438459,0.267736,0.075024,0.001704,,833700,,
3,2,,0.025828,0.033627,0.457674,0.392053,0.074784,0.015785,0.000248,,834000,,
3,2,,0.025603,0.030222,0.441849,0.391364,0.090966,0.019821,0.000174,,831400,,
3,3,,0.025656,0.029884,0.413936,0.414653,0.09511,0.020513,0.000248,,833700,,
3,3,,0.003448,0.024,0.234974,0.485874,0.188733,0.062351,0.000621,,829800,,
3,3,,0.025385,0.031917,0.374775,0.436893,0.1093,0.021398,0.000332,,837500,,
3,3,,0.025374,0.029322,0.399162,0.423377,0.101826,0.020764,0.000174,,837300,,
3,3,,0.025726,0.031603,0.360355,0.4138,0.138696,0.029149,0.000672,,839300,,
3,3,,0.02537,0.03508,0.397328,0.415694,0.103895,0.021985,0.000648,,827300,,
3,3,,0.005831,0.041164,0.20638,0.411551,0.278882,0.053851,0.002341,,835800,,
3,3,,0.003888,0.018844,0.132156,0.405567,0.348076,0.087413,0.004056,,832900,,
3,3,,0.025301,0.052364,0.333295,0.408402,0.148422,0.031414,0.000803,,834700,,
3,3,,0.025713,0.028099,0.409861,0.419187,0.096826,0.020139,0.000174,,840500,,
3,3,,0.025436,0.027138,0.389721,0.433697,0.102648,0.021205,0.000156,,831400,,
3,3,,0.004042,0.05598,0.328938,0.416231,0.158053,0.03546,0.001296,,832500,,
3,3,,0.025798,0.031568,0.400718,0.403106,0.114015,0.024161,0.000633,,835200,,
3,2,,0.025862,0.032793,0.443787,0.396696,0.082328,0.018285,0.000248,,831000,,
3,2,,0.003692,0.028276,0.431028,0.402011,0.114939,0.019838,0.000216,,845800,,
3,3,,0.005305,0.063149,0.406698,0.408915,0.094918,0.020278,0.000737,,843200,,
3,2,,0.026163,0.053405,0.484614,0.348227,0.072212,0.015205,0.000174,,840100,,
3,3,,0.004673,0.039777,0.334771,0.449387,0.14018,0.029831,0.001382,,840900,,
3,3,,0.00349,0.023958,0.387874,0.440591,0.11999,0.023899,0.000198,,831000,,
3,3,,0.025167,0.031525,0.353406,0.39146,0.162244,0.034127,0.002071,,836300,,
3,2,,0.02574,0.051497,0.44731,0.364291,0.091356,0.01959,0.000216,,830100,,
3,3,,0.025411,0.028051,0.372021,0.397381,0.146377,0.030037,0.000723,,859500,,
3,2,,0.026136,0.041708,0.429887,0.3756,0.107566,0.018362,0.000741,,831700,,
3,2,,0.025653,0.032708,0.417194,0.412488,0.093106,0.018603,0.000248,,838100,,
3,2,,0.025603,0.030222,0.441849,0.391364,0.090966,0.019821,0.000174,,833300,,
3,2,,0.025631,0.030052,0.418319,0.413359,0.093163,0.019187,0.00029,,842500,,
3,3,,0.027515,0.030893,0.292918,0.423958,0.189958,0.033681,0.001077,,834000,,
3,3,,0.028253,0.037463,0.386797,0.410327,0.113539,0.023367,0.000255,,835600,,
3,2,,0.025764,0.051346,0.401292,0.375075,0.122837,0.022906,0.00078,,832700,,
3,3,,0.006653,0.036583,0.226045,0.392088,0.286916,0.048427,0.003288,,834200,,
3,3,,0.003451,0.022199,0.343577,0.449062,0.13526,0.046295,0.000156,,834700,,
3,3,,0.003386,0.023424,0.223154,0.473832,0.233246,0.042338,0.000621,,830700,,
3,3,,0.02598,0.030108,0.351605,0.412126,0.146879,0.032273,0.001028,,832900,,
3,3,,0.025238,0.027493,0.341677,0.458633,0.121173,0.025547,0.000239,,865400,,
3,2,,0.025352,0.037145,0.435206,0.402915,0.083869,0.015297,0.000216,,834200,,
3,2,,0.025713,0.028099,0.429861,0.399187,0.096826,0.020139,0.000174,,832500,,
3,3,,0.005238,0.027578,0.385895,0.465768,0.096695,0.018786,0.00004,,836600,,
3,3,,0.025571,0.03179,0.37941,0.418121,0.120882,0.023853,0.000374,,831000,,
3,2,,0.025544,0.053183,0.416807,0.374349,0.106277,0.02306,0.00078,,837000,,
3,2,,0.025544,0.031538,0.398148,0.391789,0.124954,0.026992,0.001035,,854800,,
3,3,,0.025401,0.025695,0.351175,0.406409,0.156344,0.033572,0.001404,,834800,,
3,3,,0.025702,0.069592,0.368613,0.373298,0.14069,0.021376,0.000728,,842000,,
3,2,,0.025825,0.033426,0.451514,0.39331,0.078129,0.017622,0.000174,,828800,,
3,3,,0.028217,0.03155,0.320442,0.426448,0.159491,0.032791,0.001062,,836600,,
3,3,,0.025219,0.024303,0.209965,0.425677,0.242329,0.071409,0.001097,,827200,,
3,2,,0.025527,0.033908,0.414131,0.396331,0.105928,0.023527,0.000648,,849800,,
3,2,,0.025582,0.031723,0.426842,0.388844,0.108692,0.01807,0.000248,,837500,,
3,2,,0.026336,0.032156,0.432701,0.366393,0.11987,0.02191,0.000633,,840300,,
3,2,,0.026127,0.033644,0.466696,0.384366,0.073255,0.015664,0.000248,,845600,,
3,3,,0.025335,0.027097,0.370786,0.451627,0.103484,0.021457,0.000215,,836700,,
3,3,,0.003905,0.021049,0.325637,0.451374,0.163423,0.034166,0.000446,,871400,,
3,2,,0.025486,0.027195,0.41311,0.40863,0.103231,0.022192,0.000156,,829900,,
3,2,,0.025295,0.030201,0.41045,0.394681,0.114588,0.024252,0.000534,,843100,,
3,3,,0.025088,0.033552,0.373466,0.394718,0.146381,0.025722,0.001073,,823900,,
3,3,,0.02586,0.031588,0.284672,0.463808,0.1607,0.032489,0.000883,,821700,,
3,2,,0.025828,0.033428,0.451853,0.395257,0.077086,0.016299,0.000248,,825500,,
3,2,,0.025722,0.030059,0.438011,0.392782,0.093081,0.020097,0.000248,,823800,,
3,3,,0.025004,0.031377,0.371245,0.382124,0.156265,0.033109,0.000877,,833300,,
3,2,,0.025852,0.035272,0.446678,0.387031,0.087902,0.017091,0.000174,,827600,,
3,2,,0.025769,0.033077,0.417239,0.395969,0.104897,0.02219,0.000859,,838800,,
3,2,,0.028057,0.041829,0.405681,0.383516,0.116116,0.023945,0.000855,,831700,,
3,3,,0.005328,0.024719,0.378442,0.440126,0.128234,0.022996,0.000156,,830000,,
3,2,,0.025281,0.040996,0.423025,0.375395,0.112777,0.021884,0.000643,,830500,,
3,2,,0.025778,0.035141,0.429533,0.371912,0.113711,0.023206,0.000719,,828200,,
3,2,,0.025582,0.032634,0.439143,0.380743,0.100454,0.021066,0.000378,,836400,,
3,2,,0.025907,0.054524,0.426348,0.386563,0.087876,0.018327,0.000455,,831700,,
3,2,,0.026074,0.053783,0.448788,0.384281,0.071414,0.015486,0.000174,,829500,,
3,2,,0.026246,0.0333,0.457047,0.382373,0.082876,0.017702,0.000455,,830500,,
3,3,,0.025497,0.031965,0.378975,0.436498,0.105241,0.021492,0.000332,,824800,,
3,3,,0.004204,0.053911,0.154321,0.398623,0.310789,0.075831,0.002321,,823500,,
3,3,,0.003145,0.028032,0.286857,0.449476,0.189128,0.041494,0.001867,,831200,,
3,2,,0.025878,0.053287,0.449421,0.373395,0.079971,0.0178,0.000248,,820300,,
3,3,,0.003451,0.022199,0.363577,0.449062,0.13526,0.026295,0.000156,,821000,,
3,2,,0.025488,0.049479,0.410671,0.401377,0.093412,0.019477,0.000097,,831500,,
3,2,,0.025631,0.034066,0.440198,0.416823,0.069784,0.013366,0.000133,,825300,,
3,3,,0.024895,0.032259,0.250875,0.411679,0.22812,0.049882,0.002291,,839800,,
3,2,,0.025828,0.033428,0.451853,0.375257,0.097086,0.016299,0.000248,,829300,,
3,2,,0.02616,0.073039,0.456532,0.34849,0.078896,0.016667,0.000216,,842600,,
3,3,,0.025079,0.025735,0.264327,0.430366,0.207788,0.045358,0.001347,,817800,,
3,3,,0.024824,0.033634,0.287447,0.39515,0.211845,0.04559,0.00151,,818900,,
3,2,,0.025736,0.032905,0.429276,0.398871,0.093577,0.019181,0.000455,,829200,,
3,2,,0.004444,0.058858,0.434864,0.395762,0.086788,0.018993,0.00029,,829600,,
3,2,,0.02602,0.040461,0.381041,0.366662,0.156853,0.027663,0.0013,,835400,,
3,3,,0.024815,0.030253,0.287705,0.359905,0.223126,0.072368,0.001828,,836000,,
3,3,,0.02486,0.025519,0.282475,0.415962,0.20463,0.045415,0.001138,,829800,,
3,3,,0.025374,0.029322,0.399162,0.423377,0.101826,0.020764,0.000174,,825800,,
3,2,,0.025941,0.030002,0.469128,0.369485,0.08735,0.017919,0.000174,,821700,,
3,3,,0.024742,0.026009,0.310194,0.417549,0.182903,0.037685,0.000919,,829800,,
3,3,,0.027196,0.049495,0.406233,0.406789,0.091386,0.018163,0.000737,,836000,,
3,2,,0.025618,0.029159,0.413345,0.40902,0.101225,0.021459,0.000174,,830400,,
3,3,,0.025159,0.057869,0.399123,0.401134,0.096979,0.019203,0.000533,,820300,,
3,3,,0.025272,0.027006,0.329482,0.43251,0.153058,0.031737,0.000936,,822100,,
3,2,,0.007168,0.043462,0.412558,0.392952,0.117351,0.025626,0.000882,,840200,,
3,2,,0.025259,0.038394,0.440113,0.380749,0.095865,0.019202,0.000419,,833300,,
3,3,,0.025606,0.030026,0.416368,0.416515,0.092224,0.019013,0.000248,,836400,,
3,3,,0.025621,0.023224,0.186972,0.420708,0.283629,0.057465,0.002379,,826300,,
3,2,,0.025662,0.035496,0.498245,0.357846,0.070725,0.011893,0.000133,,850300,,
3,3,,0.026001,0.031795,0.282402,0.406702,0.211584,0.040376,0.00114,,829400,,
3,3,,0.025384,0.032162,0.409365,0.413614,0.103691,0.015651,0.000133,,823300,,
3,2,,0.025545,0.03622,0.471849,0.36771,0.083745,0.014629,0.000302,,834000,,
3,2,,0.025553,0.030364,0.424281,0.393226,0.108081,0.01832,0.000174,,834900,,
3,2,,0.025903,0.0524,0.431019,0.394257,0.079459,0.016787,0.000174,,829400,,
3,3,,0.025716,0.063594,0.31718,0.383306,0.158522,0.050327,0.001355,,831300,,
3,3,,0.024491,0.031444,0.305565,0.399157,0.195169,0.042718,0.001455,,825700,,
3,3,,0.02497,0.03081,0.254403,0.421118,0.222628,0.04466,0.001412,,824800,,
3,3,,0.003321,0.026821,0.329041,0.47839,0.134661,0.027237,0.000529,,828000,,
3,3,,0.004861,0.025515,0.16602,0.490456,0.260418,0.050771,0.001959,,824400,,
3,3,,0.025956,0.05,0.339743,0.412413,0.138829,0.031888,0.001172,,838300,,
3,2,,0.025997,0.033141,0.425593,0.408199,0.087291,0.019324,0.000455,,850000,,
3,2,,0.025657,0.032045,0.434084,0.405233,0.085132,0.0176,0.000248,,837600,,
3,3,,0.025685,0.031076,0.25926,0.406076,0.228508,0.047167,0.002227,,836400,,
3,3,,0.025292,0.027703,0.304258,0.424007,0.181337,0.036383,0.001019,,862700,,
3,3,,0.025043,0.03272,0.37393,0.434596,0.111006,0.022364,0.000341,,847100,,
3,2,,0.0256,0.029857,0.433767,0.391627,0.097651,0.021282,0.000216,,843300,,
3,2,,0.025828,0.033428,0.471853,0.375257,0.077086,0.016299,0.000248,,843300,,
3,2,,0.025852,0.038769,0.436696,0.349874,0.122734,0.025196,0.000878,,842800,,
3,3,,0.02542,0.032554,0.392046,0.426492,0.105465,0.017806,0.000216,,842300,,
3,3,,0.003811,0.024929,0.335937,0.469347,0.135741,0.029398,0.000837,,842800,,
3,2,,0.025582,0.031759,0.420324,0.409717,0.093338,0.019032,0.000248,,841600,,
3,3,,0.00494,0.036659,0.276607,0.429478,0.206238,0.043809,0.002269,,840300,,
3,3,,0.025516,0.034396,0.380896,0.422506,0.112249,0.023788,0.000648,,843500,,
3,3,,0.025849,0.031623,0.396458,0.432203,0.093677,0.0199,0.00029,,836700,,
3,2,,0.02548,0.030853,0.424437,0.422603,0.082392,0.014102,0.000133,,835400,,
3,2,,0.026068,0.039548,0.451,0.389356,0.07763,0.016151,0.000248,,835800,,
3,3,,0.00307,0.040046,0.312972,0.385466,0.209946,0.046289,0.002211,,835500,,
3,3,,0.025418,0.033055,0.358536,0.399253,0.150457,0.0323,0.000981,,843100,,
3,2,,0.028625,0.037301,0.470378,0.377361,0.071222,0.014866,0.000248,,834300,,
3,3,,0.026201,0.03109,0.324335,0.421803,0.15792,0.036826,0.001825,,836100,,
3,2,,0.026062,0.03918,0.462578,0.367671,0.085358,0.018934,0.000216,,833200,,
3,3,,0.00307,0.021459,0.301874,0.448971,0.18608,0.037591,0.000954,,839200,,
3,3,,0.003336,0.04061,0.314696,0.454853,0.138811,0.047416,0.000277,,836300,,
3,2,,0.026263,0.04386,0.449362,0.383935,0.07934,0.017068,0.000174,,835700,,
3,2,,0.02545,0.053383,0.41197,0.4008,0.090985,0.017044,0.000368,,843000,,
3,2,,0.004031,0.027288,0.441031,0.41549,0.092284,0.019661,0.000216,,839500,,
3,2,,0.025606,0.030224,0.422189,0.413311,0.089923,0.018499,0.000248,,836900,,
3,3,,0.003596,0.045156,0.390829,0.439767,0.099704,0.020774,0.000174,,834800,,
3,2,,0.026009,0.052605,0.401607,0.357505,0.132039,0.029355,0.000881,,838600,,
3,3,,0.026443,0.043835,0.308925,0.412073,0.172179,0.035176,0.001368,,839800,,
3,2,,0.026078,0.033394,0.425538,0.388614,0.104477,0.021438,0.00046,,837100,,
3,3,,0.025417,0.030565,0.387746,0.409895,0.121554,0.024284,0.000538,,836500,,
3,2,,0.025864,0.033388,0.482259,0.369248,0.073741,0.015326,0.000174,,836700,,
3,2,,0.025603,0.030222,0.441849,0.391364,0.090966,0.019821,0.000174,,838700,,
3,2,,0.003359,0.029036,0.420674,0.386974,0.129897,0.029106,0.000954,,841800,,
3,2,,0.025878,0.033485,0.455242,0.390191,0.07767,0.017286,0.000248,,836400,,
3,3,,0.024848,0.051314,0.22445,0.426758,0.22533,0.045932,0.001367,,862800,,
3,2,,0.025577,0.035555,0.46298,0.387293,0.076181,0.012281,0.000133,,845600,,
3,3,,0.025736,0.030657,0.319604,0.442768,0.149482,0.030784,0.000968,,836900,,
3,2,,0.025643,0.056846,0.451965,0.373917,0.076094,0.015361,0.000174,,833900,,
3,3,,0.025656,0.030082,0.399756,0.431449,0.092808,0.02,0.000248,,837500,,
3,3,,0.003661,0.026927,0.270136,0.50539,0.15961,0.033353,0.000924,,847200,,
