optical,CWE,test,0,NANOSECONDS,PREDICTIONS, Generated by ClassifierExperiments.java on 2022-05-17 03:00:27.    SYSTEMPROPERTIES:{user.name:matth,os.arch:amd64,os.name:Windows 10},ENDSYSTEMPROPERTIES
No parameter info
0.8131089459698848,1926432500,2102676500,-1,100728296,10,,-1,-1
0,0,,0.441124,0.038873,0.054369,0.019342,0.079106,0.030633,0.111257,0.051918,0.131262,0.042116,,2031900,,
0,0,,0.445852,0.031732,0.023765,0.022891,0.104074,0.025087,0.150257,0.055321,0.058097,0.082925,,1833900,,
0,0,,0.358812,0.037544,0.028288,0.024684,0.113338,0.033479,0.244231,0.04239,0.05522,0.062014,,1809800,,
0,0,,0.450806,0.033522,0.033696,0.028838,0.100119,0.022658,0.143937,0.066742,0.068779,0.050903,,1832100,,
0,0,,0.316751,0.081537,0.052964,0.083499,0.091482,0.06519,0.061928,0.086607,0.047605,0.112436,,1875400,,
0,0,,0.438994,0.025845,0.029998,0.025123,0.118945,0.024758,0.102702,0.079071,0.080563,0.074001,,1825200,,
0,0,,0.455262,0.035022,0.04288,0.033836,0.098939,0.027964,0.105852,0.071125,0.054788,0.074331,,1846300,,
0,0,,0.462148,0.024548,0.030624,0.026929,0.120128,0.020617,0.126875,0.061815,0.056502,0.069814,,1819100,,
0,0,,0.177724,0.06855,0.071533,0.124787,0.071756,0.154459,0.09248,0.074791,0.042911,0.12101,,1814700,,
0,0,,0.438943,0.026533,0.025531,0.024443,0.113556,0.026254,0.178668,0.045726,0.05002,0.070327,,1838800,,
0,0,,0.331856,0.04941,0.034313,0.021028,0.199645,0.026551,0.108468,0.098495,0.079192,0.051043,,1835800,,
0,0,,0.450217,0.029648,0.021983,0.019149,0.139752,0.023703,0.159138,0.047529,0.049245,0.059636,,1817300,,
0,0,,0.317402,0.03319,0.037612,0.015462,0.154531,0.090274,0.172087,0.062865,0.065651,0.050925,,1873400,,
0,0,,0.464304,0.030836,0.024535,0.022621,0.10933,0.024514,0.157733,0.052849,0.050998,0.06228,,1825200,,
0,0,,0.473332,0.030128,0.043155,0.020574,0.110176,0.023633,0.113297,0.065197,0.057501,0.063007,,1834900,,
0,0,,0.467821,0.032012,0.042243,0.022891,0.100483,0.022179,0.124007,0.069904,0.055994,0.062466,,1833500,,
0,0,,0.45249,0.021057,0.026431,0.023182,0.110643,0.025709,0.179035,0.045754,0.05382,0.061879,,1816400,,
0,0,,0.427357,0.026117,0.030241,0.031075,0.137519,0.021563,0.122276,0.061081,0.068198,0.074572,,1832000,,
0,0,,0.437444,0.022267,0.017771,0.015225,0.130838,0.102941,0.149383,0.052939,0.044167,0.027027,,1844000,,
0,0,,0.470296,0.023409,0.030217,0.026433,0.142679,0.020988,0.123932,0.058675,0.054581,0.048789,,1819400,,
0,0,,0.383972,0.054576,0.066086,0.01956,0.090305,0.034387,0.133136,0.043283,0.136959,0.037736,,1864500,,
0,0,,0.445857,0.033177,0.038979,0.02073,0.129955,0.02114,0.127545,0.06451,0.053931,0.064178,,1855800,,
0,0,,0.429073,0.035669,0.030419,0.038181,0.115514,0.028726,0.100357,0.069779,0.067641,0.084641,,1839400,,
0,0,,0.467427,0.029545,0.046506,0.022297,0.111226,0.021697,0.153159,0.060373,0.046482,0.041289,,1824100,,
0,0,,0.463407,0.031693,0.042449,0.018993,0.118623,0.02369,0.125649,0.057332,0.057447,0.060716,,1823100,,
0,0,,0.413777,0.03741,0.03242,0.042092,0.112233,0.030707,0.105712,0.072236,0.064997,0.088416,,1820500,,
0,0,,0.457442,0.031334,0.043821,0.019108,0.104512,0.026708,0.132711,0.075373,0.0508,0.05819,,1833800,,
0,0,,0.486052,0.029638,0.038293,0.022855,0.104547,0.024799,0.117828,0.057856,0.055603,0.062529,,1825400,,
0,0,,0.448004,0.038738,0.0363,0.017101,0.116044,0.020044,0.183872,0.058614,0.057218,0.024065,,1856100,,
0,0,,0.46339,0.032049,0.030199,0.047679,0.106356,0.021484,0.119361,0.067956,0.061916,0.049611,,1845300,,
0,0,,0.417083,0.033817,0.035635,0.017559,0.128986,0.018726,0.192977,0.056057,0.055428,0.043733,,1835000,,
0,0,,0.479478,0.029751,0.038592,0.048906,0.099983,0.023148,0.111475,0.067726,0.054885,0.046056,,1839400,,
0,0,,0.467427,0.022878,0.046506,0.022297,0.111226,0.021697,0.173159,0.047039,0.046482,0.041289,,1833000,,
0,0,,0.504802,0.023388,0.038293,0.022855,0.100797,0.022299,0.111578,0.077856,0.055603,0.042529,,1847100,,
0,0,,0.437971,0.052167,0.023299,0.01759,0.121007,0.028117,0.152605,0.054825,0.056167,0.056251,,1833200,,
0,0,,0.44662,0.031885,0.031815,0.019802,0.136585,0.02072,0.135247,0.062436,0.052766,0.062123,,1837900,,
0,0,,0.502358,0.030016,0.038227,0.018958,0.115345,0.020902,0.106971,0.07195,0.054953,0.04032,,1864700,,
0,0,,0.369862,0.041018,0.027071,0.017765,0.167691,0.019052,0.112681,0.083055,0.086409,0.075395,,1823100,,
0,0,,0.494631,0.0233,0.040526,0.023047,0.121613,0.022192,0.137495,0.048018,0.047792,0.041386,,1772200,,
0,0,,0.279278,0.031145,0.048807,0.046825,0.109223,0.143362,0.158255,0.066684,0.044276,0.072144,,1788100,,
0,0,,0.500177,0.023877,0.044704,0.020054,0.116315,0.020911,0.110084,0.0596,0.061337,0.042942,,1779500,,
0,0,,0.496464,0.023388,0.025696,0.025315,0.10006,0.022254,0.121647,0.056824,0.062678,0.065675,,1785400,,
0,0,,0.434579,0.032995,0.028586,0.035457,0.098046,0.024624,0.106727,0.068322,0.066903,0.103761,,1769600,,
0,0,,0.461055,0.031915,0.044601,0.01936,0.125073,0.022952,0.159702,0.047787,0.045955,0.0416,,1785500,,
0,0,,0.490263,0.030532,0.038623,0.020054,0.100376,0.021171,0.106971,0.071313,0.057234,0.063464,,1784000,,
0,0,,0.352661,0.033167,0.038472,0.016433,0.175847,0.017123,0.205221,0.062364,0.059706,0.039006,,1803300,,
0,0,,0.462098,0.024219,0.038351,0.027909,0.121555,0.020703,0.106776,0.074117,0.054381,0.069891,,1779900,,
0,0,,0.48634,0.023388,0.025696,0.024394,0.100797,0.022299,0.131578,0.058144,0.061757,0.065606,,1779400,,
0,0,,0.430237,0.030533,0.02779,0.022658,0.12887,0.024991,0.171843,0.049465,0.051111,0.062502,,1791400,,
0,0,,0.416536,0.037678,0.032838,0.041633,0.143645,0.029362,0.140351,0.051088,0.067405,0.039464,,1782900,,
0,0,,0.467601,0.025272,0.041059,0.029411,0.120986,0.024516,0.137531,0.053428,0.048476,0.051722,,1793600,,
0,0,,0.390499,0.038565,0.053045,0.0375,0.102851,0.036856,0.136015,0.070994,0.053105,0.08057,,1776800,,
0,0,,0.473197,0.033534,0.031895,0.021259,0.122776,0.02096,0.127746,0.066578,0.056428,0.045626,,1780300,,
0,0,,0.469359,0.025345,0.049647,0.024429,0.100483,0.022179,0.124007,0.056859,0.062148,0.065543,,1815200,,
0,0,,0.465305,0.0233,0.040721,0.029714,0.128561,0.022184,0.13756,0.055788,0.048749,0.048118,,1783500,,
0,0,,0.449752,0.03104,0.030279,0.046179,0.135917,0.022223,0.116264,0.065554,0.05639,0.046404,,1779600,,
0,0,,0.432466,0.031305,0.040667,0.049302,0.119509,0.025342,0.142164,0.050607,0.058879,0.04976,,1786700,,
0,0,,0.468966,0.022878,0.03391,0.023835,0.111226,0.021697,0.173159,0.047328,0.052635,0.044366,,1794000,,
0,0,,0.369906,0.038922,0.0944,0.018847,0.095983,0.03088,0.104841,0.051842,0.15515,0.039229,,1799300,,
0,0,,0.454217,0.024659,0.045738,0.026397,0.105912,0.027961,0.097082,0.076652,0.074044,0.067338,,1787700,,
0,0,,0.418657,0.031779,0.037461,0.040062,0.10853,0.017769,0.157523,0.07338,0.067228,0.047611,,1787600,,
0,0,,0.462429,0.028074,0.027916,0.035605,0.10103,0.024642,0.105252,0.081222,0.075061,0.058768,,1790200,,
0,0,,0.387976,0.03301,0.02066,0.011804,0.160627,0.023623,0.138236,0.114988,0.07089,0.038185,,1816800,,
0,0,,0.46662,0.025219,0.035815,0.019802,0.146585,0.02072,0.137247,0.049103,0.056766,0.042123,,1785700,,
0,0,,0.490485,0.024248,0.032708,0.028193,0.105257,0.026632,0.103325,0.063728,0.074523,0.050901,,2247000,,
0,0,,0.441614,0.033993,0.051842,0.018696,0.130589,0.027813,0.145627,0.05822,0.052925,0.03868,,2213500,,
0,0,,0.466075,0.026183,0.031876,0.032881,0.129824,0.021955,0.127578,0.055982,0.054575,0.053071,,2207800,,
0,0,,0.470053,0.03173,0.031019,0.021358,0.10516,0.020887,0.126875,0.067844,0.058783,0.066291,,2582100,,
0,0,,0.460834,0.035826,0.031724,0.025901,0.114418,0.024043,0.132275,0.054546,0.069088,0.051344,,2603900,,
0,0,,0.471004,0.032284,0.02586,0.022993,0.104075,0.02466,0.143701,0.056452,0.060504,0.058467,,2160000,,
0,0,,0.480177,0.023877,0.040704,0.02672,0.106315,0.020911,0.108084,0.066266,0.057337,0.069609,,1802000,,
0,0,,0.447427,0.022878,0.046506,0.028964,0.111226,0.021697,0.153159,0.053706,0.046482,0.067956,,1806100,,
0,0,,0.47567,0.027071,0.042907,0.036342,0.115067,0.025241,0.115087,0.057318,0.048578,0.056719,,1801100,,
0,0,,0.424573,0.031973,0.025664,0.025227,0.125621,0.025499,0.150145,0.05221,0.063128,0.075961,,1800000,,
0,0,,0.411601,0.037683,0.027353,0.01883,0.119114,0.022845,0.157511,0.056596,0.068156,0.080311,,1786000,,
0,0,,0.477034,0.029712,0.038526,0.025009,0.114531,0.021751,0.106868,0.068487,0.054235,0.063847,,1799900,,
0,0,,0.328683,0.06538,0.041798,0.013043,0.185786,0.017367,0.171392,0.067438,0.066715,0.042397,,1809700,,
0,0,,0.464592,0.031253,0.030689,0.02416,0.10558,0.022014,0.131483,0.067721,0.057152,0.065356,,1816100,,
0,0,,0.46142,0.030455,0.030341,0.020863,0.127869,0.02085,0.123932,0.064704,0.054759,0.064807,,1804100,,
0,0,,0.457512,0.024609,0.050687,0.029855,0.104897,0.022048,0.131346,0.059163,0.049636,0.070247,,1794300,,
0,0,,0.452852,0.02576,0.04347,0.025689,0.127241,0.023174,0.123968,0.056492,0.049288,0.072066,,1795100,,
0,0,,0.366632,0.04611,0.022289,0.013026,0.203279,0.018849,0.149821,0.076006,0.060998,0.042989,,1803600,,
0,0,,0.45967,0.020988,0.030026,0.031388,0.11035,0.021641,0.169005,0.053569,0.05233,0.051034,,1794300,,
0,0,,0.470012,0.030374,0.041369,0.021368,0.107751,0.031448,0.102489,0.056804,0.094063,0.044321,,1807600,,
0,0,,0.497034,0.029712,0.038526,0.025009,0.114531,0.021751,0.106868,0.068487,0.054235,0.043847,,1804300,,
0,0,,0.472186,0.023261,0.025711,0.019149,0.146161,0.020795,0.134888,0.047529,0.051142,0.059177,,1811800,,
0,0,,0.378849,0.029241,0.032511,0.029497,0.136919,0.055048,0.152672,0.0666,0.057365,0.061298,,1788800,,
0,0,,0.45305,0.030052,0.026791,0.024943,0.110671,0.027179,0.132596,0.078989,0.054612,0.061116,,1777500,,
0,0,,0.416796,0.025869,0.034269,0.034141,0.109251,0.027132,0.159931,0.055143,0.064909,0.072558,,1807100,,
0,0,,0.513482,0.030396,0.038351,0.020054,0.100536,0.020763,0.106971,0.071313,0.055131,0.043005,,1797400,,
0,0,,0.357988,0.03227,0.040007,0.022218,0.125268,0.016314,0.229275,0.058625,0.068841,0.049194,,1791600,,
0,0,,0.483896,0.030016,0.025631,0.020496,0.115345,0.020902,0.106971,0.072239,0.061107,0.063397,,1787800,,
0,0,,0.416379,0.034122,0.026693,0.023306,0.135816,0.024637,0.161313,0.04997,0.062269,0.065496,,1784100,,
0,0,,0.424488,0.029003,0.033663,0.035241,0.10157,0.023836,0.145749,0.059979,0.068599,0.077873,,1824000,,
0,0,,0.456765,0.03133,0.026828,0.024948,0.134185,0.03932,0.118734,0.069646,0.055479,0.042764,,1792500,,
0,0,,0.498573,0.023045,0.02593,0.033214,0.114531,0.021751,0.106868,0.062109,0.060389,0.053591,,1785100,,
0,0,,0.34399,0.039904,0.031085,0.017014,0.140122,0.028962,0.155189,0.109707,0.07125,0.062777,,1772700,,
0,0,,0.393678,0.035441,0.042748,0.025047,0.124867,0.021582,0.159787,0.068729,0.074996,0.053125,,1787300,,
0,0,,0.448551,0.032453,0.04095,0.028691,0.115084,0.025975,0.100562,0.082677,0.058177,0.06688,,1784200,,
0,0,,0.347236,0.045786,0.045003,0.095877,0.083947,0.051757,0.084587,0.072744,0.047317,0.125746,,1776700,,
0,0,,0.406545,0.033322,0.027541,0.014287,0.130495,0.029943,0.128283,0.102049,0.084627,0.042908,,1769700,,
0,0,,0.47582,0.0296,0.025826,0.020496,0.126043,0.023393,0.113286,0.060009,0.062064,0.063462,,1775000,,
0,0,,0.459552,0.05037,0.026399,0.022761,0.102819,0.039906,0.130563,0.070626,0.055688,0.041316,,1820300,,
0,0,,0.40038,0.028692,0.051419,0.015091,0.150217,0.02056,0.137398,0.071168,0.082069,0.043005,,1775400,,
0,0,,0.393704,0.032516,0.028347,0.019622,0.115259,0.03037,0.206065,0.065414,0.055003,0.053701,,1780600,,
0,0,,0.475501,0.031007,0.038417,0.01865,0.109709,0.02559,0.113992,0.07116,0.056911,0.059063,,1777100,,
0,0,,0.482833,0.029774,0.019815,0.022855,0.104388,0.025207,0.137828,0.056606,0.057706,0.062988,,1788100,,
0,0,,0.443007,0.028908,0.032379,0.032235,0.099223,0.028359,0.130735,0.070178,0.061223,0.073753,,1783500,,
0,0,,0.302537,0.050397,0.079511,0.018674,0.098385,0.137377,0.129657,0.064302,0.089571,0.029588,,1788800,,
0,0,,0.490609,0.031595,0.029647,0.024429,0.104233,0.024679,0.130257,0.056859,0.062148,0.045543,,1785000,,
0,0,,0.415195,0.043819,0.046063,0.038164,0.119881,0.020012,0.143973,0.073937,0.076301,0.022656,,1812600,,
1,1,,0.032431,0.224362,0.136724,0.077164,0.063842,0.063876,0.062163,0.106557,0.164795,0.068087,,1787700,,
1,1,,0.023182,0.186971,0.082925,0.168145,0.055121,0.128687,0.037718,0.102468,0.063639,0.151144,,1803400,,
1,8,,0.045204,0.232124,0.114676,0.034314,0.069471,0.01357,0.119509,0.089328,0.252604,0.029201,,1795300,,
1,1,,0.070022,0.182301,0.081863,0.165394,0.050288,0.10207,0.031491,0.094122,0.063514,0.158936,,1880000,,
1,3,,0.012161,0.161056,0.089709,0.194222,0.035992,0.119687,0.029013,0.114693,0.066797,0.17667,,1799900,,
1,6,,0.098978,0.172687,0.10601,0.009179,0.140007,0.043937,0.315195,0.025347,0.084927,0.003732,,1800600,,
1,9,,0.018472,0.162497,0.111528,0.132846,0.07295,0.101063,0.020987,0.121031,0.093708,0.164918,,1781200,,
1,1,,0.062971,0.215896,0.054458,0.035835,0.13837,0.037534,0.070125,0.155719,0.19362,0.035472,,1819800,,
1,1,,0.024308,0.210391,0.096928,0.129646,0.066235,0.092854,0.046518,0.107717,0.073035,0.152369,,1793300,,
1,8,,0.047096,0.251204,0.075016,0.01689,0.078089,0.022179,0.128629,0.085776,0.252148,0.042973,,1795500,,
1,1,,0.028556,0.162335,0.153286,0.112799,0.053013,0.094293,0.070407,0.074166,0.123662,0.127482,,1786300,,
1,6,,0.024534,0.198217,0.095767,0.012542,0.137732,0.039839,0.245722,0.061841,0.179437,0.00437,,1792300,,
1,3,,0.016195,0.162228,0.122906,0.167657,0.067704,0.123982,0.06823,0.112247,0.045374,0.113475,,1779700,,
1,5,,0.007925,0.145566,0.113034,0.149733,0.043042,0.181773,0.047139,0.075614,0.066072,0.170102,,1779900,,
1,3,,0.004318,0.117393,0.11383,0.242443,0.034733,0.132812,0.07926,0.083288,0.038528,0.153396,,1788400,,
1,1,,0.007125,0.197212,0.135781,0.12037,0.058853,0.158504,0.052166,0.091045,0.047264,0.131681,,1800200,,
1,8,,0.054539,0.241779,0.101322,0.033305,0.089162,0.010947,0.086095,0.083313,0.269797,0.02974,,1815000,,
1,3,,0.006723,0.122832,0.12862,0.205237,0.038776,0.154361,0.08571,0.06704,0.046335,0.144365,,1783400,,
1,1,,0.033321,0.208642,0.106099,0.122289,0.065718,0.073284,0.060138,0.113269,0.097714,0.119526,,1772100,,
1,1,,0.022885,0.209052,0.170596,0.062749,0.073663,0.072096,0.156301,0.04931,0.130029,0.053318,,1788800,,
1,8,,0.045504,0.231066,0.122211,0.030163,0.073654,0.014735,0.140511,0.079851,0.232327,0.029976,,1802900,,
1,2,,0.009745,0.135143,0.188275,0.116458,0.048643,0.175946,0.078636,0.076608,0.047453,0.123092,,1804600,,
1,1,,0.01215,0.191453,0.097977,0.188646,0.034528,0.119009,0.028905,0.096491,0.058914,0.171927,,1785800,,
1,5,,0.003511,0.16682,0.136852,0.124304,0.056945,0.200442,0.043719,0.100036,0.046638,0.120732,,1787900,,
1,1,,0.045973,0.194429,0.098072,0.029864,0.121172,0.023932,0.14827,0.129453,0.184042,0.024794,,1835800,,
1,1,,0.040278,0.23975,0.076249,0.086851,0.083899,0.050171,0.095123,0.095971,0.140373,0.091334,,2011200,,
1,1,,0.016419,0.185012,0.107746,0.132348,0.092101,0.138491,0.059497,0.085439,0.049148,0.133797,,2009200,,
1,8,,0.045375,0.239393,0.127197,0.042454,0.056052,0.017405,0.045695,0.143409,0.250249,0.032772,,2009700,,
1,1,,0.037697,0.252929,0.160403,0.027863,0.078504,0.016783,0.119676,0.072219,0.21101,0.022915,,2002900,,
1,1,,0.004466,0.158356,0.134404,0.147278,0.047439,0.125783,0.061203,0.112035,0.085152,0.123884,,2032400,,
1,1,,0.034783,0.208369,0.119929,0.033315,0.099049,0.041999,0.108543,0.128273,0.197601,0.028139,,1781100,,
1,9,,0.065134,0.118996,0.093521,0.16476,0.031693,0.111486,0.033301,0.095475,0.044047,0.241588,,1779200,,
1,0,,0.160562,0.125711,0.04465,0.121364,0.105352,0.060776,0.07864,0.114188,0.076742,0.112017,,1787100,,
1,1,,0.025197,0.166482,0.101282,0.123064,0.079768,0.108545,0.080615,0.102322,0.079345,0.133381,,1788000,,
1,1,,0.004919,0.187839,0.142661,0.128059,0.059676,0.1221,0.096786,0.084378,0.062708,0.110874,,1782900,,
1,1,,0.029205,0.184291,0.084187,0.11229,0.140899,0.0761,0.11688,0.056106,0.144144,0.055898,,1781900,,
1,1,,0.035765,0.180815,0.076841,0.177153,0.079549,0.102585,0.028166,0.103451,0.06399,0.151684,,1781900,,
1,1,,0.04257,0.179114,0.145549,0.115003,0.056968,0.059844,0.069891,0.092624,0.135264,0.103174,,1789600,,
1,8,,0.066604,0.223805,0.065453,0.034081,0.106589,0.036735,0.094797,0.116043,0.226221,0.029671,,1810500,,
1,1,,0.032458,0.199252,0.106373,0.096302,0.064405,0.059903,0.059333,0.137794,0.180543,0.063638,,1792200,,
1,6,,0.056771,0.133443,0.099965,0.066509,0.093693,0.094204,0.24502,0.063343,0.094715,0.052337,,1817100,,
1,5,,0.006822,0.168903,0.132407,0.125018,0.055067,0.175438,0.031143,0.096954,0.056865,0.151384,,1784800,,
1,1,,0.003066,0.204207,0.147926,0.139626,0.061848,0.129249,0.043535,0.107768,0.042777,0.119999,,1785400,,
1,1,,0.023512,0.193522,0.085606,0.143433,0.061193,0.104931,0.04232,0.123662,0.074916,0.146905,,1796000,,
1,1,,0.062174,0.235871,0.096449,0.055586,0.077675,0.022587,0.10079,0.094958,0.210496,0.043416,,1787900,,
1,9,,0.08578,0.099515,0.087257,0.176056,0.032136,0.111345,0.013091,0.09626,0.04813,0.250431,,1783800,,
1,3,,0.010906,0.13177,0.110101,0.181154,0.079271,0.099788,0.02758,0.147638,0.057905,0.153887,,1784300,,
1,8,,0.051438,0.210938,0.092285,0.032342,0.070857,0.042007,0.05733,0.152596,0.250833,0.039372,,1816000,,
1,1,,0.024159,0.220438,0.125887,0.03049,0.115748,0.051327,0.148772,0.086295,0.172702,0.024181,,1816500,,
1,3,,0.019804,0.16229,0.091979,0.168019,0.067533,0.112589,0.036203,0.126097,0.069139,0.146348,,1781900,,
1,2,,0.015698,0.100029,0.200974,0.166486,0.040263,0.159875,0.051414,0.076531,0.034463,0.154267,,1786600,,
1,1,,0.00475,0.197622,0.149156,0.134387,0.061662,0.127924,0.053448,0.106772,0.04923,0.11505,,1789300,,
1,6,,0.027219,0.228113,0.112026,0.0169,0.123976,0.036063,0.254298,0.037157,0.151931,0.012318,,1788400,,
1,1,,0.037347,0.204663,0.067668,0.152919,0.069216,0.078405,0.075642,0.096522,0.097967,0.11965,,1786100,,
1,1,,0.019732,0.232474,0.112933,0.061297,0.104763,0.090801,0.109074,0.08345,0.129328,0.056146,,1788200,,
1,1,,0.057263,0.164438,0.072797,0.163926,0.067727,0.078305,0.055513,0.11661,0.103672,0.119749,,1787800,,
1,9,,0.05861,0.163229,0.082405,0.159515,0.057227,0.109977,0.02285,0.093762,0.051312,0.201115,,1801800,,
1,1,,0.008541,0.194075,0.148645,0.118985,0.05194,0.150301,0.091233,0.067434,0.045471,0.123375,,1832300,,
1,1,,0.010894,0.181167,0.147385,0.15716,0.047186,0.112491,0.040915,0.100517,0.073289,0.128997,,1784000,,
1,3,,0.017858,0.180524,0.078007,0.184439,0.054368,0.10951,0.037615,0.118928,0.062916,0.155835,,1791100,,
1,1,,0.003209,0.174607,0.134473,0.134606,0.057408,0.130848,0.058606,0.151409,0.040122,0.114712,,1818900,,
1,1,,0.020102,0.199306,0.116873,0.076717,0.094489,0.103946,0.116018,0.099132,0.102858,0.070559,,1810500,,
1,8,,0.111131,0.12224,0.114039,0.058479,0.102025,0.013329,0.109877,0.141855,0.193778,0.033248,,1834100,,
1,1,,0.03697,0.215097,0.116821,0.027963,0.10812,0.018415,0.149594,0.101033,0.198278,0.027709,,1791800,,
1,6,,0.032614,0.163165,0.084519,0.084102,0.076636,0.118868,0.231158,0.047653,0.090308,0.070978,,1781300,,
1,1,,0.03663,0.207812,0.128524,0.052968,0.097931,0.027517,0.104442,0.102426,0.193182,0.048567,,1841800,,
1,9,,0.043798,0.128425,0.107618,0.16619,0.032823,0.10805,0.031515,0.090975,0.055129,0.235479,,1802500,,
1,8,,0.072434,0.198033,0.051787,0.103804,0.073061,0.019964,0.091762,0.098131,0.251753,0.039271,,1793100,,
1,1,,0.030372,0.21908,0.12977,0.022833,0.120403,0.042832,0.154024,0.091894,0.170989,0.017802,,1809300,,
1,1,,0.019612,0.168751,0.116957,0.09675,0.082318,0.113934,0.10345,0.137391,0.072284,0.088552,,1816700,,
1,1,,0.004765,0.178016,0.138844,0.11905,0.082717,0.157761,0.058583,0.091614,0.045401,0.123249,,1841600,,
1,3,,0.037699,0.154896,0.07178,0.205955,0.053823,0.116098,0.026612,0.113979,0.041391,0.177767,,1823000,,
1,1,,0.050557,0.249796,0.070657,0.041032,0.121175,0.012677,0.145863,0.080279,0.193519,0.034447,,1828900,,
1,1,,0.045613,0.258183,0.114803,0.02439,0.063302,0.014986,0.104809,0.098773,0.245622,0.029518,,1837500,,
1,3,,0.023055,0.15582,0.086916,0.202441,0.053733,0.103236,0.035357,0.124827,0.064153,0.150461,,1831200,,
1,1,,0.004588,0.199963,0.139264,0.12638,0.061795,0.163175,0.044329,0.091614,0.045544,0.123349,,1847300,,
1,5,,0.028207,0.168803,0.1336,0.133911,0.040182,0.18794,0.074266,0.062239,0.038423,0.132428,,1830000,,
1,5,,0.008817,0.124187,0.164276,0.163138,0.042055,0.18576,0.052359,0.087532,0.042602,0.129275,,1814400,,
1,8,,0.051952,0.240255,0.07365,0.029789,0.119071,0.015774,0.079856,0.112086,0.253185,0.024381,,1821700,,
1,6,,0.097645,0.164276,0.084854,0.016098,0.150229,0.054811,0.269008,0.040402,0.088395,0.034282,,1814300,,
1,1,,0.02337,0.238855,0.097695,0.016626,0.139937,0.046705,0.214073,0.05613,0.153885,0.012724,,2196500,,
1,3,,0.014337,0.145764,0.10555,0.217575,0.033394,0.10858,0.02397,0.091586,0.064766,0.194478,,2625200,,
1,9,,0.019215,0.143328,0.096906,0.163819,0.091659,0.13226,0.024474,0.104541,0.059802,0.163995,,2636000,,
1,3,,0.008144,0.111265,0.13802,0.250707,0.036945,0.142331,0.055857,0.087492,0.036663,0.132578,,2622400,,
1,1,,0.026298,0.249316,0.132644,0.012395,0.113192,0.038335,0.200047,0.03618,0.182856,0.008737,,2683100,,
1,1,,0.046283,0.240407,0.100071,0.039911,0.10692,0.023712,0.142471,0.068183,0.192617,0.039424,,2664600,,
1,6,,0.026037,0.212857,0.117419,0.024925,0.112323,0.047507,0.217931,0.059166,0.159668,0.022167,,2780000,,
1,1,,0.034291,0.171641,0.097395,0.110169,0.101789,0.108808,0.084023,0.126052,0.070693,0.095139,,2831800,,
1,3,,0.011894,0.17346,0.138099,0.190436,0.041064,0.094238,0.040047,0.098019,0.067806,0.144938,,2612600,,
1,1,,0.018898,0.194478,0.129839,0.14629,0.046167,0.094166,0.034211,0.095621,0.079593,0.160736,,2633200,,
1,1,,0.014811,0.206351,0.085101,0.161269,0.066342,0.140626,0.079913,0.081282,0.040833,0.123473,,2582400,,
1,8,,0.03987,0.21619,0.098159,0.017661,0.108885,0.065225,0.126569,0.098215,0.216662,0.012564,,2581700,,
1,1,,0.056622,0.246675,0.060925,0.03983,0.09883,0.024234,0.072406,0.153114,0.208859,0.038504,,2643200,,
1,2,,0.009995,0.128134,0.191242,0.116673,0.048725,0.171145,0.094036,0.068559,0.049409,0.122081,,2686500,,
1,1,,0.023182,0.207233,0.082749,0.145962,0.060947,0.108292,0.037718,0.105086,0.066906,0.161924,,2787900,,
1,8,,0.062268,0.243102,0.097089,0.026389,0.067575,0.015138,0.102061,0.096114,0.268005,0.02226,,2785200,,
1,1,,0.004335,0.188459,0.164392,0.118421,0.0487,0.160784,0.067544,0.076653,0.047436,0.123275,,2580900,,
1,3,,0.008143,0.144029,0.10497,0.19645,0.040687,0.158625,0.0453,0.073441,0.054684,0.17367,,2505400,,
1,9,,0.07138,0.12513,0.086603,0.157564,0.033065,0.118142,0.030812,0.097219,0.052052,0.228033,,2613300,,
1,5,,0.006373,0.164485,0.155791,0.128915,0.048636,0.181187,0.037302,0.094373,0.048555,0.134384,,2697100,,
1,3,,0.013202,0.138068,0.110105,0.167,0.06202,0.107167,0.021969,0.142793,0.073778,0.163899,,2616300,,
1,3,,0.006723,0.135787,0.117828,0.209041,0.039345,0.145491,0.06571,0.075135,0.04795,0.15699,,2670200,,
1,3,,0.004676,0.139971,0.118834,0.239674,0.034104,0.131297,0.064189,0.066789,0.040852,0.159615,,2778100,,
1,1,,0.01084,0.161005,0.1566,0.160698,0.034926,0.112431,0.039801,0.126703,0.059908,0.137088,,2761700,,
1,6,,0.024441,0.235655,0.116847,0.017154,0.118799,0.037993,0.240613,0.034204,0.163056,0.011237,,2833300,,
1,1,,0.023182,0.207233,0.082749,0.145962,0.060947,0.108292,0.037718,0.105086,0.066906,0.161924,,2661200,,
1,1,,0.023225,0.175486,0.083565,0.148368,0.059613,0.108442,0.037589,0.105237,0.094897,0.163578,,2607500,,
1,1,,0.032816,0.168231,0.077733,0.102572,0.121231,0.078875,0.078132,0.157031,0.100233,0.083146,,2625000,,
1,1,,0.018456,0.174512,0.148258,0.16269,0.032833,0.09377,0.034114,0.111888,0.075945,0.147533,,2604400,,
1,1,,0.008128,0.207783,0.106193,0.113409,0.085226,0.151776,0.085035,0.089624,0.038547,0.114279,,2677400,,
1,6,,0.091211,0.175028,0.09431,0.007943,0.171586,0.056356,0.245894,0.04132,0.091464,0.024888,,2791100,,
1,9,,0.012857,0.186292,0.097882,0.180251,0.035698,0.118937,0.029149,0.086159,0.062186,0.190588,,2804500,,
1,1,,0.030656,0.21493,0.118788,0.016552,0.117315,0.060912,0.167318,0.089639,0.169429,0.014462,,2647600,,
1,8,,0.038918,0.193984,0.129151,0.061835,0.066798,0.02131,0.045033,0.172008,0.229368,0.041596,,2596500,,
1,8,,0.047916,0.218868,0.090353,0.030202,0.079106,0.046408,0.106815,0.097708,0.252442,0.030181,,2614500,,
2,2,,0.004634,0.11718,0.238427,0.133164,0.043212,0.134352,0.055421,0.085691,0.051148,0.136769,,3404300,,
2,2,,0.00404,0.111054,0.223753,0.147483,0.040655,0.126943,0.040797,0.126885,0.057871,0.120519,,2242100,,
2,2,,0.038461,0.125056,0.257517,0.075501,0.075876,0.040443,0.187947,0.038867,0.150004,0.010328,,2125900,,
2,2,,0.012204,0.107161,0.190763,0.171535,0.057621,0.096304,0.036766,0.101193,0.071429,0.155023,,2146900,,
2,6,,0.098943,0.082943,0.180329,0.073383,0.089437,0.04996,0.244587,0.03605,0.094067,0.050301,,2156700,,
2,2,,0.077919,0.098572,0.248891,0.041472,0.100939,0.051462,0.209362,0.045206,0.098844,0.027334,,2141300,,
2,2,,0.015013,0.112759,0.197958,0.181435,0.038576,0.118617,0.049987,0.089008,0.061828,0.134818,,2187800,,
2,2,,0.021025,0.103397,0.220437,0.144,0.036604,0.096163,0.036489,0.102931,0.070374,0.16858,,2151800,,
2,2,,0.004498,0.124126,0.241694,0.123562,0.041957,0.157124,0.055682,0.07867,0.048787,0.123902,,2145500,,
2,2,,0.004911,0.114459,0.226915,0.138362,0.046014,0.160385,0.047795,0.094922,0.059705,0.106531,,1901300,,
2,2,,0.021181,0.139148,0.249585,0.100996,0.049999,0.089099,0.112409,0.07049,0.094469,0.072622,,1816100,,
2,2,,0.020228,0.122038,0.229743,0.121224,0.045891,0.108959,0.09204,0.08821,0.082249,0.089417,,1809800,,
2,6,,0.081892,0.084487,0.239869,0.020289,0.115767,0.044823,0.244193,0.043421,0.091673,0.033585,,1812400,,
2,2,,0.022474,0.128963,0.317159,0.040246,0.063544,0.031529,0.161135,0.050167,0.162581,0.0222,,1822000,,
2,6,,0.096159,0.073493,0.20036,0.008096,0.116379,0.047265,0.324221,0.028635,0.081353,0.024039,,1850900,,
2,2,,0.041858,0.110135,0.304701,0.063722,0.062711,0.02977,0.130162,0.077558,0.160988,0.018394,,1819100,,
2,2,,0.003826,0.135231,0.239656,0.152014,0.037872,0.124193,0.051845,0.087756,0.043343,0.124265,,1809000,,
2,6,,0.116272,0.069516,0.169903,0.040092,0.102674,0.06369,0.269966,0.028386,0.106343,0.033158,,1842300,,
2,2,,0.023337,0.118788,0.356122,0.04478,0.055311,0.031962,0.171806,0.039135,0.14441,0.014349,,1808800,,
2,3,,0.011759,0.109619,0.153391,0.216655,0.033456,0.105668,0.023902,0.094551,0.065915,0.185083,,1813100,,
2,3,,0.050452,0.085915,0.164216,0.217594,0.032865,0.110342,0.036416,0.082635,0.039233,0.180332,,1808100,,
2,2,,0.003994,0.108109,0.212033,0.200063,0.029482,0.157827,0.033363,0.077952,0.044727,0.13245,,1806100,,
2,2,,0.020994,0.096336,0.30197,0.082494,0.053074,0.075988,0.115942,0.103993,0.101197,0.048013,,1841600,,
2,2,,0.028707,0.112368,0.334121,0.051456,0.070821,0.01733,0.119417,0.070837,0.163514,0.031429,,1813300,,
2,0,,0.22425,0.066829,0.176739,0.054453,0.097467,0.022588,0.113292,0.099473,0.092201,0.052709,,1807900,,
2,2,,0.019034,0.107173,0.256201,0.112789,0.051829,0.107579,0.124251,0.061933,0.08081,0.078401,,1804300,,
2,2,,0.004106,0.146461,0.224095,0.136872,0.044771,0.122484,0.054069,0.091738,0.056353,0.119053,,1812500,,
2,2,,0.028142,0.113904,0.279824,0.100119,0.035699,0.072576,0.074585,0.103266,0.135748,0.056136,,1805700,,
2,2,,0.018988,0.102053,0.286527,0.114952,0.044709,0.101536,0.077382,0.079461,0.068851,0.10554,,1812800,,
2,2,,0.025275,0.095696,0.323358,0.041958,0.062268,0.045823,0.169671,0.052386,0.149836,0.033728,,1808000,,
2,3,,0.044602,0.101983,0.11137,0.188241,0.034981,0.111581,0.036039,0.119734,0.074672,0.176796,,1812900,,
2,2,,0.003826,0.119321,0.237988,0.18393,0.033018,0.122074,0.045393,0.086569,0.045561,0.122321,,1834500,,
2,2,,0.005107,0.118338,0.24613,0.127015,0.04135,0.150834,0.056011,0.073087,0.053072,0.129057,,1786700,,
2,2,,0.046747,0.141357,0.243795,0.080432,0.035557,0.01813,0.075554,0.093891,0.215009,0.049528,,1801500,,
2,2,,0.011636,0.104571,0.180327,0.142428,0.039567,0.096232,0.056489,0.133868,0.070599,0.164282,,1792900,,
2,3,,0.004228,0.107363,0.152346,0.168097,0.041122,0.128232,0.049873,0.141475,0.064426,0.142837,,1801700,,
2,2,,0.003898,0.115068,0.281277,0.145917,0.039254,0.121684,0.052316,0.074258,0.047443,0.118884,,1799900,,
2,6,,0.142787,0.065709,0.155817,0.055153,0.096697,0.06021,0.282647,0.02299,0.073011,0.044979,,1777500,,
2,2,,0.01188,0.115317,0.252073,0.136333,0.04317,0.109301,0.040466,0.085407,0.074982,0.13107,,1777600,,
2,3,,0.004593,0.116131,0.175585,0.209816,0.031088,0.143659,0.03627,0.081257,0.047485,0.154115,,1805100,,
2,2,,0.005215,0.115525,0.283799,0.129355,0.036966,0.133952,0.065914,0.068397,0.053794,0.107083,,1765200,,
2,2,,0.00671,0.142443,0.189939,0.127192,0.043408,0.158128,0.06737,0.081141,0.046805,0.136865,,1789100,,
2,3,,0.019677,0.109216,0.126397,0.223348,0.031917,0.104799,0.021404,0.095755,0.055753,0.211735,,1783100,,
2,2,,0.011215,0.11593,0.212229,0.151916,0.039188,0.094421,0.045983,0.11732,0.069271,0.142527,,1781100,,
2,2,,0.003532,0.120246,0.269921,0.128323,0.041522,0.151955,0.055531,0.075737,0.044862,0.108372,,1786700,,
2,2,,0.043514,0.101197,0.212669,0.145893,0.038927,0.096875,0.044058,0.085311,0.068881,0.162675,,1782900,,
2,2,,0.003826,0.112954,0.251213,0.146594,0.042778,0.122947,0.051845,0.089678,0.046226,0.131939,,1767700,,
2,2,,0.026403,0.109206,0.251856,0.129921,0.041906,0.08865,0.055221,0.096071,0.095183,0.105582,,1807100,,
2,2,,0.020071,0.124934,0.274782,0.081266,0.053048,0.092513,0.127749,0.060007,0.09875,0.06688,,1784400,,
2,2,,0.018916,0.108207,0.31196,0.105763,0.044841,0.113063,0.081279,0.063324,0.072302,0.080346,,1762000,,
2,2,,0.045006,0.150685,0.226101,0.053175,0.068881,0.038176,0.119419,0.059894,0.198269,0.040394,,1767300,,
2,2,,0.027423,0.137648,0.258574,0.088691,0.05229,0.094255,0.119479,0.048014,0.123871,0.049756,,1775800,,
2,2,,0.004066,0.115025,0.27088,0.132484,0.042148,0.129173,0.05586,0.073072,0.051879,0.125413,,1810900,,
2,3,,0.021207,0.097858,0.149199,0.207176,0.034838,0.111028,0.026986,0.095963,0.065866,0.189879,,1794300,,
2,2,,0.029591,0.134701,0.252814,0.032449,0.097943,0.032248,0.14128,0.111696,0.156389,0.010889,,1769300,,
2,2,,0.01285,0.10768,0.184499,0.162832,0.038064,0.096163,0.056556,0.101978,0.075512,0.163865,,1767600,,
2,6,,0.116915,0.069672,0.183015,0.092912,0.098304,0.054268,0.227843,0.027422,0.080938,0.048712,,1794500,,
2,9,,0.015771,0.098332,0.148798,0.179106,0.037223,0.115455,0.033943,0.126929,0.064585,0.179858,,1782500,,
2,2,,0.051101,0.114636,0.290873,0.037031,0.043301,0.016028,0.058522,0.141661,0.218624,0.028222,,1782700,,
2,2,,0.002603,0.114457,0.266953,0.136905,0.040914,0.145666,0.05586,0.076533,0.042994,0.117117,,1802500,,
2,2,,0.005751,0.110717,0.280552,0.132665,0.037057,0.129094,0.065772,0.070154,0.055449,0.112789,,1793200,,
2,2,,0.004011,0.144097,0.193911,0.147069,0.048508,0.129591,0.087462,0.081869,0.043327,0.120157,,1808300,,
2,2,,0.027687,0.122468,0.23998,0.079013,0.059849,0.115845,0.121402,0.079926,0.074577,0.079252,,1779200,,
2,2,,0.007602,0.101823,0.242281,0.161284,0.041145,0.148213,0.055434,0.085691,0.04176,0.114767,,1790200,,
2,2,,0.076347,0.10115,0.277251,0.03481,0.099395,0.035766,0.219773,0.044153,0.096788,0.014565,,1837100,,
2,2,,0.003973,0.111405,0.262373,0.139364,0.040846,0.138008,0.052316,0.092753,0.046125,0.112836,,1791700,,
2,3,,0.009626,0.113191,0.151069,0.218425,0.033368,0.121373,0.023902,0.113685,0.056024,0.159336,,1781800,,
2,2,,0.003825,0.10548,0.272828,0.135641,0.043083,0.130177,0.078186,0.075518,0.045024,0.110237,,1795300,,
2,2,,0.020335,0.128167,0.227475,0.098289,0.054751,0.113192,0.116224,0.068159,0.086276,0.087131,,1798400,,
2,2,,0.034515,0.138426,0.293432,0.046654,0.049136,0.010944,0.115103,0.065285,0.224662,0.021843,,1797000,,
2,2,,0.026309,0.112244,0.202304,0.133618,0.041501,0.074304,0.048975,0.139479,0.098733,0.122533,,1810100,,
2,2,,0.028836,0.097952,0.212057,0.117265,0.048051,0.056866,0.056277,0.114384,0.142989,0.125323,,1837200,,
2,2,,0.023729,0.113777,0.311694,0.066066,0.066327,0.029267,0.154189,0.059808,0.151982,0.02316,,1793300,,
2,2,,0.069008,0.120529,0.211545,0.101,0.061762,0.041744,0.102923,0.048135,0.175193,0.068161,,1820700,,
2,2,,0.045645,0.112894,0.272844,0.060197,0.076764,0.032822,0.191828,0.054887,0.135313,0.016805,,1798900,,
2,2,,0.060425,0.107441,0.296177,0.041347,0.071687,0.016141,0.142642,0.087019,0.155304,0.021818,,2005000,,
2,2,,0.060809,0.126925,0.271632,0.048815,0.038191,0.01382,0.057855,0.10186,0.251181,0.028912,,2020900,,
2,3,,0.040643,0.091045,0.162461,0.227682,0.029469,0.105691,0.031476,0.093792,0.048284,0.169456,,2013400,,
2,2,,0.005215,0.115525,0.283799,0.129355,0.036966,0.133952,0.065914,0.068397,0.053794,0.107083,,2030100,,
2,2,,0.003532,0.120246,0.269921,0.128323,0.041522,0.151955,0.055531,0.075737,0.044862,0.108372,,2023800,,
2,2,,0.010918,0.125033,0.198909,0.150988,0.039821,0.097805,0.036228,0.120423,0.063885,0.15599,,2045400,,
2,2,,0.010861,0.109936,0.197236,0.176434,0.034141,0.100435,0.036434,0.123801,0.062417,0.148306,,2016200,,
2,2,,0.084762,0.116754,0.215794,0.083695,0.086836,0.041458,0.165799,0.055721,0.116362,0.032819,,2033800,,
2,2,,0.022554,0.156138,0.25263,0.049902,0.073668,0.041134,0.141586,0.076745,0.167411,0.018232,,2020600,,
2,2,,0.021823,0.098461,0.332135,0.077432,0.049003,0.073948,0.131124,0.056831,0.106389,0.052853,,2018600,,
2,2,,0.026784,0.115951,0.239367,0.149405,0.038963,0.087255,0.062083,0.094075,0.103526,0.082593,,2024500,,
2,9,,0.06298,0.091231,0.091251,0.175531,0.032466,0.110158,0.010256,0.09736,0.043255,0.285512,,2023400,,
2,2,,0.023075,0.11878,0.312857,0.034364,0.064691,0.030275,0.173568,0.073019,0.159701,0.00967,,2036200,,
2,2,,0.003829,0.106931,0.23801,0.175027,0.036452,0.121468,0.052242,0.093113,0.058796,0.114132,,2056200,,
2,2,,0.004141,0.114912,0.272315,0.132663,0.041483,0.136796,0.05586,0.071583,0.050762,0.119485,,2042900,,
2,6,,0.146291,0.084439,0.125022,0.055997,0.113949,0.061925,0.274813,0.026242,0.07714,0.034183,,2030500,,
2,2,,0.046388,0.158884,0.261946,0.028879,0.069731,0.025049,0.100459,0.085973,0.188352,0.034338,,2033900,,
2,2,,0.005074,0.112333,0.190317,0.139776,0.04557,0.136503,0.082492,0.115688,0.061559,0.110689,,2040700,,
2,2,,0.012135,0.108499,0.194272,0.175328,0.031861,0.098438,0.057182,0.111908,0.069267,0.141109,,2031700,,
2,2,,0.071,0.113502,0.235026,0.063295,0.059237,0.025498,0.078118,0.125915,0.201651,0.026758,,2034500,,
2,2,,0.003826,0.112954,0.271213,0.139928,0.042778,0.122947,0.051845,0.083011,0.046226,0.125273,,2068400,,
2,2,,0.016567,0.104641,0.186482,0.142956,0.040067,0.096673,0.063338,0.113868,0.070684,0.164724,,2036600,,
2,2,,0.003924,0.113827,0.260358,0.149958,0.042314,0.117765,0.049679,0.076717,0.055511,0.129948,,2022600,,
2,2,,0.004748,0.117117,0.24466,0.123777,0.04204,0.152323,0.071081,0.070621,0.050743,0.12289,,2025300,,
2,2,,0.005523,0.11221,0.255704,0.141762,0.037765,0.123364,0.061547,0.092756,0.050489,0.118878,,2043800,,
2,9,,0.021848,0.099032,0.164429,0.174667,0.035204,0.114775,0.047019,0.087909,0.067765,0.187352,,2037000,,
2,2,,0.005678,0.111698,0.25287,0.139187,0.037754,0.130526,0.065301,0.084161,0.052819,0.120006,,2026000,,
2,2,,0.084007,0.095909,0.246549,0.024786,0.087844,0.045084,0.240404,0.052242,0.115611,0.007564,,2038200,,
2,2,,0.003865,0.118372,0.207494,0.151468,0.04309,0.119692,0.048998,0.116719,0.053573,0.136728,,2035800,,
2,2,,0.001898,0.116213,0.278216,0.141183,0.040756,0.142866,0.052457,0.077374,0.038316,0.110721,,2053700,,
2,2,,0.011995,0.113149,0.173271,0.171773,0.043447,0.113155,0.034424,0.109573,0.088979,0.140235,,2031600,,
2,2,,0.019322,0.153989,0.210314,0.088647,0.085754,0.084618,0.078015,0.075798,0.137334,0.066209,,2039500,,
2,2,,0.076041,0.09206,0.264305,0.076598,0.079901,0.030289,0.19782,0.037411,0.108961,0.036613,,2034500,,
2,2,,0.003437,0.116213,0.28562,0.136055,0.040756,0.142866,0.052457,0.070996,0.04447,0.107131,,1979400,,
2,9,,0.043152,0.087906,0.133882,0.188227,0.032379,0.108191,0.031725,0.103523,0.051046,0.21997,,1973100,,
2,2,,0.023125,0.140125,0.251953,0.061581,0.057628,0.079164,0.142927,0.056503,0.127437,0.059557,,2060600,,
2,2,,0.021897,0.153,0.232993,0.085901,0.052338,0.091088,0.112671,0.062289,0.111707,0.076117,,2028300,,
3,8,,0.123721,0.123546,0.143664,0.034395,0.044992,0.035889,0.064794,0.117495,0.257383,0.054121,,2033000,,
3,3,,0.035353,0.084295,0.097069,0.259934,0.028534,0.112025,0.028821,0.101047,0.042197,0.210724,,1872400,,
3,3,,0.003852,0.101862,0.135081,0.320497,0.029425,0.132165,0.028572,0.077127,0.039973,0.131446,,1813000,,
3,3,,0.010955,0.133006,0.107331,0.280374,0.031785,0.11932,0.022239,0.096362,0.05307,0.145559,,1806600,,
3,3,,0.102868,0.091946,0.072774,0.180161,0.068993,0.071011,0.085381,0.083589,0.115906,0.127371,,1814600,,
3,3,,0.010148,0.134172,0.12404,0.260286,0.027233,0.104447,0.0225,0.097614,0.060114,0.159446,,1824900,,
3,3,,0.003978,0.126719,0.138162,0.27575,0.025499,0.139117,0.039091,0.081719,0.039222,0.130743,,1818500,,
3,9,,0.058469,0.081479,0.086082,0.19322,0.04269,0.116545,0.025544,0.087317,0.045495,0.263159,,1815300,,
3,3,,0.021107,0.095297,0.140183,0.280385,0.027491,0.126913,0.027897,0.075909,0.042147,0.162671,,1854900,,
3,9,,0.029907,0.108785,0.110186,0.146993,0.042702,0.156485,0.063935,0.082054,0.068161,0.190793,,1826300,,
3,9,,0.072392,0.08037,0.084528,0.194693,0.041299,0.093125,0.053346,0.085359,0.066007,0.228882,,1797400,,
3,3,,0.003996,0.102013,0.139861,0.289992,0.0281,0.1423,0.043643,0.076011,0.037937,0.136149,,1798800,,
3,3,,0.016042,0.101909,0.141796,0.212898,0.029467,0.181906,0.053447,0.067566,0.045597,0.149373,,1809100,,
3,3,,0.01156,0.13117,0.106312,0.283115,0.027276,0.104196,0.021476,0.097057,0.053138,0.1647,,1804700,,
3,9,,0.033002,0.121002,0.151035,0.174674,0.036739,0.144471,0.04799,0.065408,0.045907,0.179771,,1843200,,
3,3,,0.037544,0.102325,0.146407,0.239523,0.03391,0.125459,0.043034,0.077375,0.036826,0.157598,,1807900,,
3,3,,0.030716,0.084245,0.109923,0.304049,0.027965,0.109141,0.028851,0.087589,0.040708,0.176813,,1812700,,
3,3,,0.019316,0.092483,0.115624,0.276374,0.031286,0.108727,0.025534,0.093314,0.048785,0.188557,,1803800,,
3,3,,0.003877,0.10219,0.113225,0.327842,0.029592,0.12624,0.02552,0.08784,0.044442,0.139231,,1805200,,
3,3,,0.01142,0.110949,0.105333,0.304047,0.027062,0.104254,0.022239,0.097057,0.053471,0.164169,,1811400,,
3,3,,0.011477,0.101166,0.125284,0.313567,0.027044,0.104167,0.022449,0.081317,0.053852,0.159677,,1804000,,
3,3,,0.00438,0.103663,0.137149,0.272557,0.028005,0.125877,0.02552,0.097286,0.046712,0.158852,,1808100,,
3,3,,0.010769,0.113887,0.13584,0.246474,0.032493,0.102701,0.02179,0.125584,0.053337,0.157125,,1837400,,
3,3,,0.004393,0.118552,0.114466,0.258207,0.035734,0.150181,0.026891,0.088818,0.049051,0.153708,,1802100,,
3,3,,0.010655,0.119796,0.133535,0.250061,0.031624,0.097863,0.027939,0.097862,0.073919,0.156746,,1762600,,
3,3,,0.035643,0.086433,0.114423,0.279007,0.029097,0.106964,0.025043,0.107049,0.0493,0.167043,,1768300,,
3,3,,0.020855,0.092483,0.103027,0.277913,0.031286,0.108727,0.025534,0.093602,0.054939,0.191634,,1772800,,
3,3,,0.004305,0.104648,0.13889,0.280281,0.028076,0.128986,0.027216,0.074635,0.051858,0.161105,,1795700,,
3,3,,0.011407,0.101241,0.105298,0.299302,0.027044,0.103732,0.022449,0.090984,0.072773,0.165769,,1799800,,
3,3,,0.014051,0.093734,0.106925,0.336133,0.024959,0.124597,0.027355,0.081655,0.037985,0.152605,,1774900,,
3,3,,0.011407,0.101241,0.125298,0.312635,0.027044,0.103732,0.022449,0.084318,0.052773,0.159103,,1823100,,
3,3,,0.020855,0.08948,0.101106,0.309823,0.028427,0.109092,0.025534,0.092397,0.052723,0.170565,,1818400,,
3,7,,0.025741,0.103253,0.136303,0.143904,0.050932,0.082421,0.039791,0.191411,0.111414,0.11483,,1794500,,
3,3,,0.018498,0.092516,0.113095,0.192063,0.048909,0.141884,0.027079,0.120972,0.080631,0.164353,,1778900,,
3,3,,0.028087,0.089893,0.08895,0.252706,0.046223,0.136076,0.026164,0.097738,0.044342,0.18982,,1780600,,
3,3,,0.009528,0.114193,0.120029,0.252999,0.033561,0.169973,0.034682,0.082355,0.039188,0.143493,,1802400,,
3,3,,0.010007,0.103946,0.111123,0.30863,0.031856,0.107478,0.022481,0.094401,0.048465,0.161613,,1797100,,
3,3,,0.011693,0.124039,0.101203,0.259015,0.044365,0.151759,0.02466,0.085724,0.038031,0.159512,,1786400,,
3,3,,0.059562,0.101067,0.12842,0.172073,0.036885,0.069766,0.061034,0.078207,0.125721,0.167266,,1788800,,
3,3,,0.011458,0.105332,0.104116,0.293907,0.027401,0.119296,0.022239,0.091192,0.053118,0.171941,,1811900,,
