optical,CWE,test,3,NANOSECONDS,PREDICTIONS, Generated by ClassifierExperiments.java on 2022-05-17 03:07:13.    SYSTEMPROPERTIES:{user.name:matth,os.arch:amd64,os.name:Windows 10},ENDSYSTEMPROPERTIES
No parameter info
0.8768821966341895,1967587100,2018723200,-1,99190832,10,,-1,-1
0,0,,0.395846,0.063121,0.020697,0.020446,0.154923,0.0281,0.093952,0.099371,0.067657,0.055888,,2028700,,
0,4,,0.188538,0.123249,0.038598,0.025157,0.193883,0.037321,0.12314,0.101328,0.131177,0.037609,,1957900,,
0,0,,0.428839,0.058935,0.039513,0.028987,0.112707,0.020507,0.121524,0.07418,0.070951,0.043857,,1831300,,
0,0,,0.449139,0.072983,0.024723,0.023575,0.110688,0.025292,0.11069,0.057141,0.067523,0.058246,,1874200,,
0,0,,0.417942,0.05836,0.028955,0.026726,0.12021,0.048041,0.10772,0.08384,0.058824,0.049381,,1813300,,
0,0,,0.458766,0.071948,0.023497,0.024694,0.110949,0.028738,0.089392,0.065955,0.068008,0.058052,,1960100,,
0,0,,0.36868,0.078547,0.023965,0.025234,0.142308,0.036791,0.099273,0.075918,0.084225,0.065061,,1911800,,
0,0,,0.404491,0.052005,0.028207,0.039378,0.121113,0.034893,0.134978,0.054012,0.061854,0.069069,,1852400,,
0,0,,0.426537,0.053145,0.031227,0.032417,0.10001,0.064569,0.107928,0.054762,0.061483,0.067922,,1945200,,
0,0,,0.478596,0.051852,0.023563,0.02425,0.113583,0.027073,0.097565,0.063862,0.0629,0.056755,,2003900,,
0,0,,0.423257,0.054285,0.02986,0.03235,0.118166,0.05701,0.092134,0.057375,0.063741,0.071821,,2075800,,
0,0,,0.289998,0.082115,0.01942,0.016013,0.218839,0.026494,0.095918,0.148579,0.072561,0.030063,,2183400,,
0,0,,0.403521,0.09526,0.036924,0.028816,0.101884,0.027746,0.08963,0.064781,0.109518,0.041919,,2177300,,
0,0,,0.442378,0.07266,0.025628,0.023632,0.123214,0.038582,0.109794,0.05664,0.056273,0.0512,,2181900,,
0,0,,0.281436,0.083402,0.027017,0.02008,0.215108,0.029933,0.142531,0.095606,0.073566,0.031321,,2179900,,
0,0,,0.433573,0.072081,0.024954,0.039586,0.107045,0.033346,0.111192,0.053398,0.065096,0.05973,,2174200,,
0,0,,0.406252,0.10009,0.030014,0.021408,0.130806,0.033358,0.086453,0.060237,0.085214,0.046168,,2191700,,
0,0,,0.422616,0.084764,0.040313,0.025075,0.104784,0.031385,0.076909,0.068431,0.100768,0.044955,,1914500,,
0,0,,0.464384,0.058213,0.024683,0.023401,0.124833,0.033371,0.098061,0.055084,0.061073,0.056898,,1767800,,
0,0,,0.471046,0.057972,0.023238,0.023,0.124946,0.031088,0.098147,0.054281,0.06051,0.055773,,1762900,,
0,0,,0.487348,0.052876,0.022011,0.023505,0.110259,0.025473,0.096118,0.057141,0.067059,0.05821,,1764600,,
0,0,,0.385801,0.084746,0.044972,0.023698,0.104754,0.040764,0.080112,0.088916,0.106212,0.040025,,1806600,,
0,0,,0.419151,0.074416,0.025825,0.03033,0.105098,0.040757,0.079635,0.083572,0.068918,0.072298,,1768000,,
0,0,,0.464375,0.053359,0.018788,0.021549,0.114534,0.028033,0.085849,0.0893,0.068069,0.056144,,1754800,,
0,0,,0.478596,0.051852,0.023563,0.02425,0.113583,0.027073,0.097565,0.063862,0.0629,0.056755,,1858800,,
0,0,,0.456861,0.052998,0.030899,0.032308,0.105712,0.041406,0.095453,0.055113,0.061047,0.068203,,1760600,,
0,0,,0.447348,0.072876,0.022011,0.023505,0.110259,0.025473,0.096118,0.077141,0.067059,0.05821,,1764600,,
0,0,,0.466866,0.052523,0.027643,0.032671,0.101741,0.036896,0.08335,0.058621,0.067733,0.071957,,1757400,,
0,0,,0.39004,0.084416,0.026864,0.030087,0.131525,0.034349,0.093138,0.083319,0.072692,0.05357,,1761500,,
0,0,,0.440677,0.078496,0.024814,0.025325,0.12473,0.032514,0.097934,0.054655,0.060735,0.060121,,1768700,,
0,0,,0.37784,0.078023,0.023872,0.039798,0.109885,0.038898,0.088886,0.080621,0.092539,0.069638,,1763000,,
0,0,,0.471034,0.054311,0.020282,0.021261,0.123127,0.033269,0.094375,0.065971,0.061364,0.055005,,1761100,,
0,0,,0.421096,0.059382,0.040646,0.026036,0.101116,0.035122,0.089966,0.084555,0.094232,0.047849,,1760400,,
0,0,,0.356593,0.07606,0.027816,0.039839,0.098383,0.065902,0.079422,0.063986,0.069359,0.122641,,1795100,,
0,0,,0.446091,0.079459,0.022915,0.023253,0.127685,0.02605,0.090634,0.058548,0.068453,0.056913,,1788300,,
0,0,,0.444737,0.078996,0.018875,0.022775,0.119788,0.03225,0.086351,0.061758,0.069133,0.065338,,1774800,,
0,0,,0.442547,0.052651,0.023379,0.033113,0.118732,0.036097,0.098506,0.081626,0.061171,0.052177,,1777100,,
0,0,,0.437543,0.073505,0.0203,0.021507,0.117054,0.028651,0.093936,0.08801,0.063523,0.055971,,1759600,,
0,0,,0.417486,0.061144,0.042863,0.025715,0.117542,0.035237,0.09875,0.063309,0.09024,0.047713,,1762200,,
0,0,,0.424785,0.059083,0.032009,0.083964,0.106562,0.02874,0.08365,0.055922,0.062537,0.062747,,1784000,,
0,0,,0.392189,0.073786,0.02781,0.038304,0.138635,0.03452,0.096316,0.063944,0.061817,0.072679,,1781800,,
0,0,,0.471034,0.054311,0.020282,0.021261,0.123127,0.033269,0.094375,0.065971,0.061364,0.055005,,1803400,,
0,0,,0.435739,0.057862,0.027323,0.032444,0.10484,0.058117,0.079721,0.06378,0.074803,0.065373,,1760900,,
0,0,,0.448553,0.075948,0.027944,0.023571,0.111666,0.025505,0.101836,0.057158,0.069682,0.058138,,1763300,,
0,0,,0.391681,0.081795,0.029786,0.02594,0.105085,0.034522,0.080205,0.080276,0.091157,0.079555,,1764800,,
0,0,,0.376568,0.080878,0.035269,0.067656,0.090187,0.068975,0.066851,0.063217,0.062769,0.08763,,1765300,,
0,0,,0.374615,0.054745,0.027246,0.040666,0.140319,0.03873,0.10585,0.088522,0.065638,0.06367,,1764400,,
0,0,,0.447638,0.057287,0.023177,0.024467,0.114049,0.029959,0.085763,0.091114,0.075078,0.051468,,1765700,,
0,0,,0.390076,0.058534,0.035708,0.031315,0.121403,0.030101,0.159918,0.058723,0.073259,0.040964,,1767800,,
0,0,,0.485428,0.051707,0.022051,0.024292,0.111063,0.026455,0.089478,0.065152,0.067446,0.056928,,1790800,,
0,0,,0.31068,0.066931,0.041038,0.03904,0.140766,0.12667,0.108494,0.055883,0.045803,0.064696,,1767500,,
0,0,,0.400317,0.074298,0.020355,0.026594,0.136939,0.030849,0.084745,0.094902,0.06902,0.061982,,1768100,,
0,0,,0.352172,0.099357,0.038163,0.023887,0.134936,0.040078,0.102781,0.085214,0.085302,0.038111,,1761300,,
0,0,,0.422616,0.064764,0.040313,0.025075,0.104784,0.031385,0.076909,0.088431,0.100768,0.044955,,1772600,,
0,0,,0.465826,0.05377,0.032318,0.044969,0.101272,0.029344,0.083507,0.063465,0.062767,0.062763,,1761300,,
0,0,,0.466634,0.054778,0.027985,0.024358,0.112469,0.026487,0.095195,0.065169,0.070069,0.056856,,1761300,,
0,0,,0.355464,0.065515,0.049726,0.02563,0.13213,0.097759,0.119164,0.070464,0.0575,0.026648,,1769900,,
0,0,,0.475888,0.051699,0.021885,0.033401,0.110138,0.030861,0.08998,0.064955,0.067876,0.053317,,1825800,,
0,0,,0.420767,0.072985,0.029056,0.031858,0.110706,0.02942,0.090715,0.057158,0.090246,0.067088,,1811100,,
0,0,,0.240936,0.157159,0.039916,0.042501,0.123223,0.053783,0.066917,0.089597,0.094349,0.091621,,1766900,,
0,0,,0.454286,0.052299,0.025602,0.032399,0.114858,0.029613,0.118963,0.05476,0.062723,0.054498,,1764600,,
0,0,,0.276083,0.085196,0.041245,0.027395,0.162799,0.018374,0.130014,0.130125,0.098993,0.029775,,1769400,,
0,0,,0.329823,0.061609,0.048848,0.029451,0.115172,0.05062,0.09152,0.079079,0.074081,0.119797,,1768800,,
0,0,,0.398981,0.074321,0.025891,0.029886,0.107732,0.059092,0.087808,0.081479,0.06381,0.071001,,1766000,,
0,0,,0.435739,0.057862,0.027323,0.032444,0.10484,0.058117,0.079721,0.06378,0.074803,0.065373,,1770500,,
0,0,,0.414615,0.054745,0.027246,0.040666,0.120319,0.03873,0.10585,0.068522,0.065638,0.06367,,1759900,,
0,0,,0.440034,0.052669,0.029155,0.032629,0.104261,0.057514,0.091437,0.057331,0.063186,0.071784,,1788900,,
0,0,,0.408009,0.062162,0.048766,0.033147,0.094693,0.073684,0.082805,0.058963,0.073435,0.064336,,1759200,,
0,0,,0.458361,0.056125,0.022141,0.030189,0.113633,0.029499,0.089621,0.074064,0.064358,0.062009,,1766500,,
0,0,,0.427623,0.052353,0.021065,0.016211,0.13814,0.059712,0.125988,0.073163,0.046049,0.039697,,1761900,,
0,0,,0.40871,0.080244,0.024471,0.02929,0.119464,0.034203,0.094161,0.075687,0.077284,0.056485,,1765200,,
0,0,,0.294862,0.088434,0.065948,0.042464,0.100084,0.081924,0.070067,0.085791,0.107017,0.063409,,1762100,,
0,0,,0.441601,0.054039,0.020189,0.035764,0.107691,0.035316,0.084617,0.092312,0.069495,0.058976,,1767600,,
0,0,,0.443334,0.078672,0.018479,0.020544,0.119824,0.02743,0.085991,0.081758,0.067838,0.056129,,1765100,,
0,0,,0.429628,0.071646,0.02761,0.035885,0.108503,0.040488,0.107621,0.058343,0.05657,0.063706,,1769000,,
0,0,,0.425978,0.073478,0.03392,0.037941,0.101009,0.034097,0.084091,0.050627,0.066635,0.092224,,1770100,,
0,0,,0.487348,0.052876,0.022011,0.023505,0.110259,0.025473,0.096118,0.057141,0.067059,0.05821,,1759100,,
0,0,,0.446866,0.052523,0.027643,0.032671,0.101741,0.056896,0.08335,0.058621,0.067733,0.071957,,1764000,,
0,0,,0.373442,0.077156,0.052834,0.022417,0.118842,0.061148,0.115113,0.078382,0.072482,0.028186,,1767100,,
0,0,,0.417767,0.055147,0.024259,0.026103,0.115064,0.0462,0.116907,0.083646,0.058328,0.056579,,1770500,,
0,0,,0.408741,0.053888,0.021647,0.021026,0.143058,0.029182,0.121054,0.085327,0.061452,0.054626,,1762500,,
0,0,,0.356912,0.058273,0.027354,0.036037,0.145953,0.035959,0.126416,0.088359,0.077524,0.047214,,1766000,,
0,0,,0.423436,0.080075,0.020115,0.025788,0.108259,0.031038,0.081166,0.083524,0.069012,0.077587,,1762200,,
0,0,,0.450316,0.073641,0.025033,0.026231,0.10993,0.029183,0.09582,0.058318,0.067846,0.063682,,1790700,,
0,0,,0.474489,0.052127,0.023921,0.030364,0.11006,0.029739,0.104205,0.052306,0.059655,0.063133,,1756900,,
0,0,,0.395449,0.098775,0.029752,0.025472,0.12462,0.024074,0.087508,0.078091,0.089361,0.046899,,1762500,,
0,0,,0.359134,0.082998,0.021366,0.018819,0.19505,0.02269,0.090594,0.098353,0.070377,0.04062,,1765100,,
0,0,,0.424258,0.072839,0.026731,0.021231,0.115676,0.046377,0.143194,0.045971,0.054098,0.049625,,1765900,,
0,0,,0.455354,0.055393,0.024995,0.026808,0.110691,0.026098,0.089478,0.086163,0.073893,0.051127,,1760700,,
0,0,,0.306769,0.117657,0.046327,0.030232,0.142587,0.033003,0.088808,0.083281,0.095341,0.055995,,1760100,,
0,0,,0.302241,0.090131,0.075496,0.044798,0.104374,0.086177,0.065231,0.087151,0.072958,0.071442,,1767200,,
0,0,,0.433372,0.072909,0.0306,0.033031,0.104148,0.039797,0.091351,0.058134,0.063749,0.072909,,1777500,,
0,0,,0.434286,0.052299,0.025602,0.032399,0.114858,0.029613,0.118963,0.07476,0.062723,0.054498,,1827800,,
0,0,,0.431141,0.074047,0.020355,0.026655,0.108615,0.03091,0.084116,0.092509,0.069065,0.062587,,1756900,,
0,0,,0.379858,0.076944,0.031818,0.046919,0.090257,0.067752,0.079608,0.058796,0.062506,0.105542,,1754200,,
0,0,,0.439397,0.052903,0.027344,0.025769,0.115455,0.030085,0.12728,0.056561,0.063051,0.062155,,1751400,,
0,0,,0.262746,0.093319,0.036756,0.03079,0.161455,0.039334,0.079706,0.141149,0.078038,0.076707,,1757400,,
0,0,,0.457725,0.07726,0.023189,0.023689,0.116239,0.028134,0.089535,0.058413,0.067777,0.058037,,1764400,,
0,0,,0.394067,0.08029,0.033014,0.022462,0.121335,0.0207,0.147853,0.062298,0.075874,0.042107,,1763200,,
0,0,,0.396595,0.074526,0.031306,0.032752,0.118053,0.059293,0.092048,0.058178,0.064303,0.072946,,1754500,,
0,0,,0.327384,0.084701,0.034414,0.023019,0.147551,0.021253,0.156062,0.091768,0.07943,0.034418,,1785600,,
0,0,,0.4008,0.07388,0.024139,0.040015,0.103792,0.03852,0.095384,0.060152,0.092383,0.070935,,1765200,,
0,0,,0.368189,0.08341,0.028462,0.025052,0.144095,0.046631,0.107785,0.096572,0.062549,0.037255,,1759000,,
0,0,,0.427443,0.079183,0.026381,0.030431,0.118811,0.03539,0.096201,0.057864,0.061731,0.066564,,1750800,,
0,0,,0.46454,0.052662,0.028329,0.029563,0.110331,0.023656,0.090219,0.077158,0.066348,0.057194,,1751900,,
0,0,,0.441819,0.053469,0.024269,0.023972,0.147488,0.026569,0.098262,0.063906,0.063454,0.056792,,1752500,,
0,0,,0.435291,0.054079,0.03056,0.032243,0.103345,0.038816,0.097991,0.070123,0.063361,0.074191,,1749200,,
0,0,,0.390719,0.075532,0.023791,0.032235,0.104756,0.04315,0.089803,0.089622,0.06454,0.085852,,1758300,,
0,0,,0.443744,0.054088,0.025155,0.030936,0.104125,0.029776,0.094172,0.080724,0.068279,0.069001,,1762100,,
0,0,,0.48454,0.052662,0.028329,0.029563,0.110331,0.023656,0.090219,0.057158,0.066348,0.057194,,1796000,,
0,0,,0.359473,0.069809,0.02855,0.041393,0.126931,0.03715,0.18813,0.046712,0.053565,0.048287,,1973900,,
1,1,,0.039592,0.287108,0.085058,0.097509,0.0744,0.104373,0.036729,0.09823,0.076329,0.100672,,1779300,,
1,1,,0.048462,0.267639,0.091777,0.085126,0.072128,0.123487,0.048105,0.077664,0.093369,0.092243,,1778600,,
1,1,,0.021041,0.266398,0.125655,0.089526,0.060356,0.105423,0.029154,0.094117,0.075861,0.13247,,1786300,,
1,1,,0.005616,0.297926,0.118471,0.093906,0.067455,0.136055,0.063484,0.073731,0.055094,0.088263,,1787400,,
1,9,,0.08788,0.171278,0.061817,0.117687,0.049658,0.111389,0.019117,0.105458,0.054709,0.221007,,1782800,,
1,1,,0.031641,0.304745,0.066944,0.12132,0.064669,0.091844,0.012668,0.100491,0.07608,0.129599,,1775000,,
1,1,,0.068767,0.316602,0.094371,0.027653,0.090349,0.035457,0.071152,0.086593,0.177468,0.031588,,1818200,,
1,1,,0.055446,0.287484,0.072015,0.060761,0.129801,0.067442,0.083013,0.054793,0.154482,0.034762,,1766600,,
1,1,,0.081519,0.271303,0.046825,0.026447,0.112824,0.027253,0.040898,0.168907,0.186551,0.037473,,1762000,,
1,1,,0.039238,0.280617,0.117493,0.100556,0.058531,0.098589,0.030536,0.086109,0.075502,0.112827,,1759800,,
1,1,,0.004491,0.240702,0.123281,0.103011,0.069966,0.104072,0.044713,0.13332,0.096342,0.080101,,1760000,,
1,1,,0.033707,0.208722,0.104786,0.095858,0.079124,0.18615,0.089305,0.04748,0.070025,0.084842,,1761800,,
1,1,,0.062659,0.27772,0.134487,0.076957,0.063164,0.038875,0.057659,0.09775,0.133563,0.057165,,1762600,,
1,1,,0.04952,0.277859,0.105189,0.020339,0.136105,0.071806,0.135937,0.041594,0.1493,0.012351,,1767300,,
1,1,,0.045925,0.276763,0.073442,0.121326,0.062374,0.066324,0.021221,0.13171,0.104334,0.096581,,1765600,,
1,1,,0.004903,0.30176,0.141507,0.10183,0.069558,0.10166,0.03101,0.110321,0.058435,0.079018,,1783600,,
1,1,,0.03688,0.244231,0.066215,0.103862,0.077373,0.098967,0.023123,0.092829,0.079101,0.177419,,1766100,,
1,1,,0.039511,0.224295,0.134066,0.103283,0.072535,0.12137,0.006702,0.088451,0.084703,0.125083,,1771400,,
1,1,,0.055644,0.307696,0.083471,0.042548,0.102649,0.05422,0.073133,0.100324,0.141216,0.039099,,1767000,,
1,1,,0.022348,0.284046,0.083036,0.108045,0.078146,0.130928,0.070258,0.080341,0.058077,0.084776,,1766200,,
1,1,,0.075233,0.315764,0.055748,0.059715,0.086041,0.03656,0.047478,0.093119,0.174634,0.055709,,1768200,,
1,1,,0.075661,0.282468,0.058091,0.03045,0.106215,0.022447,0.044096,0.167634,0.175696,0.037242,,1764300,,
1,1,,0.030859,0.276948,0.122414,0.102915,0.066328,0.092638,0.022215,0.135353,0.066614,0.083716,,1759900,,
1,1,,0.035588,0.276065,0.075368,0.131388,0.054913,0.089498,0.022588,0.095915,0.085544,0.133134,,1789600,,
1,1,,0.038414,0.320468,0.074085,0.040108,0.130191,0.071099,0.083419,0.084039,0.127336,0.030842,,1768900,,
1,1,,0.020976,0.25361,0.080191,0.177106,0.051489,0.121725,0.034451,0.083472,0.051579,0.125401,,1770400,,
1,1,,0.153502,0.169605,0.037824,0.054005,0.126767,0.046887,0.047567,0.125819,0.135418,0.102606,,1760300,,
1,1,,0.034866,0.255231,0.086001,0.15706,0.053364,0.096098,0.014505,0.090398,0.063606,0.148872,,1761800,,
1,1,,0.058946,0.30748,0.087339,0.026758,0.088686,0.044527,0.088418,0.093343,0.177597,0.026904,,1763500,,
1,1,,0.082852,0.296673,0.055365,0.045811,0.095658,0.03454,0.052774,0.112496,0.181249,0.042583,,1762300,,
1,9,,0.079931,0.141481,0.060913,0.16791,0.074312,0.113377,0.025191,0.099796,0.047761,0.189328,,1765000,,
1,1,,0.009808,0.271593,0.107696,0.090415,0.075972,0.14997,0.068793,0.050589,0.075595,0.099569,,1765400,,
1,1,,0.044308,0.304003,0.059944,0.108212,0.072462,0.094949,0.017329,0.106019,0.078974,0.113798,,1783400,,
1,1,,0.034261,0.202594,0.074878,0.159129,0.050721,0.097211,0.025514,0.092511,0.065047,0.198134,,1761600,,
1,1,,0.026128,0.276493,0.101454,0.080944,0.086439,0.1371,0.030372,0.08203,0.080583,0.098458,,1757700,,
1,1,,0.021497,0.224997,0.127894,0.128088,0.072404,0.116829,0.114913,0.053171,0.052413,0.087793,,1765000,,
1,1,,0.01792,0.219606,0.161325,0.119848,0.058948,0.083238,0.018948,0.152696,0.070742,0.096728,,1776900,,
1,1,,0.067495,0.268565,0.076763,0.015997,0.167386,0.06124,0.173263,0.042201,0.116168,0.010922,,1773700,,
1,1,,0.045186,0.304708,0.070861,0.085905,0.073301,0.095528,0.026936,0.117338,0.077203,0.103035,,1764400,,
1,1,,0.019554,0.196287,0.17594,0.194797,0.046909,0.124668,0.03533,0.059261,0.037216,0.110038,,1761000,,
1,1,,0.039336,0.290022,0.066197,0.116891,0.067292,0.107561,0.022113,0.097231,0.074458,0.118901,,1788800,,
1,2,,0.019563,0.143075,0.231943,0.104625,0.042986,0.134866,0.058628,0.057273,0.101096,0.105945,,1764000,,
1,1,,0.043236,0.264888,0.093412,0.047238,0.108955,0.064241,0.065343,0.138671,0.14225,0.031766,,1764500,,
1,1,,0.046076,0.285207,0.074846,0.038515,0.132749,0.065509,0.068374,0.094996,0.145551,0.048176,,1758000,,
1,1,,0.044328,0.299673,0.064602,0.101306,0.069429,0.102028,0.013234,0.096351,0.078857,0.130193,,1782200,,
1,1,,0.025501,0.220735,0.114918,0.132594,0.063353,0.073399,0.021626,0.18162,0.07034,0.095912,,1755800,,
1,1,,0.024685,0.313411,0.125671,0.091465,0.083325,0.091431,0.029479,0.094468,0.078069,0.067994,,1753500,,
1,1,,0.055883,0.304093,0.071413,0.042548,0.117336,0.07635,0.072858,0.079483,0.139957,0.040079,,1758200,,
1,1,,0.067678,0.260335,0.068448,0.03965,0.0919,0.03236,0.037572,0.185013,0.182207,0.034836,,1757600,,
1,1,,0.018745,0.258536,0.142773,0.117535,0.054634,0.082344,0.02629,0.135546,0.071474,0.092122,,1783700,,
1,1,,0.032843,0.28068,0.10379,0.022885,0.123894,0.067701,0.096232,0.075278,0.180922,0.015775,,1761400,,
1,1,,0.021152,0.225234,0.159679,0.135997,0.051564,0.142134,0.049126,0.060562,0.046912,0.107638,,1762200,,
1,1,,0.024566,0.301246,0.135502,0.101692,0.08437,0.101557,0.025083,0.090924,0.055967,0.079095,,1761100,,
1,1,,0.08268,0.254365,0.053671,0.026415,0.156743,0.02725,0.04075,0.129253,0.191573,0.037299,,1865600,,
1,3,,0.018639,0.195962,0.160395,0.221058,0.046979,0.100809,0.055538,0.062144,0.038883,0.099595,,1768000,,
1,1,,0.083089,0.318168,0.06301,0.031318,0.094073,0.020048,0.056854,0.094028,0.201815,0.037596,,1766300,,
1,1,,0.026516,0.287182,0.125432,0.023653,0.121859,0.058793,0.128355,0.045059,0.169598,0.013554,,1761600,,
1,9,,0.062661,0.179939,0.070197,0.157582,0.050236,0.102007,0.014338,0.120827,0.042591,0.199623,,1790900,,
1,1,,0.039441,0.305957,0.107649,0.094049,0.062805,0.055294,0.031322,0.115154,0.109547,0.078781,,1761300,,
1,5,,0.022832,0.144085,0.13955,0.149696,0.043425,0.178341,0.068583,0.074278,0.062664,0.116545,,1769500,,
1,1,,0.084098,0.278425,0.056312,0.074669,0.08698,0.02157,0.046818,0.125233,0.185505,0.040389,,1762000,,
1,1,,0.031633,0.303105,0.069159,0.120484,0.064709,0.108489,0.017106,0.099393,0.06791,0.118012,,1760800,,
1,1,,0.0785,0.252415,0.072034,0.021525,0.112036,0.067154,0.071228,0.099743,0.197559,0.027807,,1761500,,
1,1,,0.031641,0.284745,0.066944,0.12132,0.064669,0.091844,0.012668,0.100491,0.07608,0.149599,,1760000,,
1,1,,0.04914,0.286047,0.088932,0.089431,0.063981,0.076791,0.032557,0.113347,0.083747,0.116026,,1760800,,
1,1,,0.083719,0.299032,0.077599,0.028532,0.08758,0.029696,0.042179,0.088323,0.224759,0.038581,,1763100,,
1,1,,0.005467,0.260751,0.113906,0.093415,0.100828,0.103264,0.03432,0.133673,0.079034,0.075341,,1783700,,
1,1,,0.025144,0.245812,0.159132,0.101232,0.074623,0.121133,0.017618,0.088991,0.089631,0.076684,,1758800,,
1,1,,0.050754,0.248385,0.096898,0.034175,0.128641,0.073174,0.084151,0.096426,0.147588,0.039807,,1760500,,
1,9,,0.084614,0.155999,0.082648,0.153118,0.039115,0.104847,0.010049,0.10012,0.062704,0.206785,,1760000,,
1,1,,0.045664,0.25505,0.074541,0.014815,0.173534,0.063658,0.127424,0.090595,0.14267,0.012048,,1762200,,
1,1,,0.044376,0.304499,0.058943,0.10021,0.073408,0.105627,0.018478,0.105397,0.075956,0.113106,,1766100,,
1,1,,0.01937,0.220381,0.101089,0.159078,0.079794,0.079803,0.010089,0.155488,0.073844,0.101062,,1764000,,
1,1,,0.087628,0.200317,0.064275,0.108177,0.081201,0.10559,0.01746,0.092962,0.063175,0.179217,,1761400,,
1,1,,0.05691,0.235485,0.077754,0.151573,0.047789,0.103426,0.023141,0.090603,0.061975,0.151343,,1777100,,
1,1,,0.081933,0.274707,0.056269,0.029716,0.105099,0.021422,0.03502,0.142722,0.215074,0.038039,,1768500,,
1,1,,0.083304,0.308906,0.064238,0.029406,0.094461,0.033924,0.066078,0.087014,0.197989,0.03468,,1768400,,
1,9,,0.090448,0.131281,0.071265,0.135198,0.041367,0.109939,0.011755,0.088131,0.03934,0.281274,,1765900,,
1,1,,0.078581,0.265518,0.06643,0.117522,0.063306,0.102547,0.012949,0.099661,0.066606,0.12688,,1760700,,
1,1,,0.029811,0.271395,0.096421,0.085545,0.099491,0.100715,0.044866,0.111418,0.065947,0.094389,,1764800,,
1,1,,0.022097,0.291083,0.091862,0.060887,0.129472,0.088375,0.087339,0.093237,0.089585,0.046063,,1764800,,
1,1,,0.026128,0.273634,0.101057,0.089375,0.085564,0.136392,0.030372,0.075561,0.081246,0.100672,,1762600,,
1,1,,0.005027,0.282438,0.167113,0.101805,0.065921,0.100132,0.036888,0.083248,0.078791,0.078637,,1766100,,
1,1,,0.076599,0.247113,0.085792,0.069669,0.082525,0.039503,0.051408,0.162991,0.124344,0.060057,,1788600,,
1,1,,0.061596,0.300121,0.091755,0.068797,0.073673,0.041065,0.048428,0.111469,0.142674,0.060423,,1763700,,
1,2,,0.018698,0.157641,0.211623,0.145505,0.042671,0.119481,0.064573,0.063355,0.080223,0.09623,,1763400,,
1,1,,0.06165,0.304494,0.099481,0.041927,0.080807,0.031747,0.070149,0.106318,0.170586,0.032841,,1761900,,
1,1,,0.02695,0.292655,0.114557,0.022413,0.122539,0.069321,0.142768,0.039112,0.155216,0.014469,,1761800,,
1,1,,0.057818,0.313758,0.074269,0.030363,0.083797,0.044776,0.061303,0.123712,0.177282,0.032923,,1764700,,
1,1,,0.045384,0.290686,0.079287,0.132917,0.063795,0.073896,0.015628,0.106623,0.083247,0.108534,,1767500,,
1,1,,0.076821,0.318834,0.064109,0.047464,0.091738,0.032528,0.056371,0.101254,0.158454,0.052426,,1765000,,
1,1,,0.069392,0.315017,0.111956,0.048054,0.073418,0.015781,0.052936,0.081991,0.197564,0.033891,,1782300,,
1,1,,0.061283,0.285215,0.098508,0.026904,0.132257,0.040502,0.092911,0.071861,0.162818,0.027741,,1779000,,
1,1,,0.01824,0.281475,0.069983,0.122365,0.095771,0.142193,0.035138,0.087498,0.052576,0.094761,,1786800,,
1,1,,0.08416,0.299102,0.070163,0.029172,0.088109,0.034934,0.052648,0.086976,0.218574,0.036162,,1762700,,
1,1,,0.059625,0.262828,0.079756,0.017583,0.173986,0.055621,0.099765,0.077885,0.159259,0.013693,,1760800,,
1,3,,0.045427,0.185021,0.060626,0.193744,0.079969,0.100494,0.016955,0.104505,0.046349,0.166909,,1777900,,
1,1,,0.015012,0.27768,0.10549,0.117119,0.075397,0.092524,0.020034,0.130696,0.06463,0.101418,,1767000,,
1,1,,0.038302,0.300373,0.125072,0.091629,0.081292,0.080032,0.02656,0.098575,0.086523,0.071642,,1761600,,
1,1,,0.040586,0.285331,0.113762,0.088465,0.087335,0.053603,0.034666,0.129995,0.104616,0.061641,,1774500,,
1,1,,0.026259,0.19382,0.166207,0.084989,0.087475,0.130731,0.107247,0.052268,0.070711,0.080292,,1776800,,
1,1,,0.082755,0.315989,0.059242,0.026139,0.098258,0.034439,0.055145,0.105097,0.189159,0.033777,,1763300,,
1,1,,0.039241,0.310952,0.090955,0.090579,0.06698,0.064514,0.02833,0.121379,0.108052,0.079017,,1763800,,
1,1,,0.085591,0.249404,0.06483,0.014637,0.168116,0.077584,0.102586,0.081313,0.141878,0.01406,,1766900,,
1,1,,0.038501,0.284665,0.072296,0.053968,0.139911,0.069704,0.087785,0.069932,0.145418,0.03782,,1782200,,
1,1,,0.004568,0.300069,0.1227,0.111295,0.083421,0.101151,0.044791,0.09404,0.056275,0.081691,,1767300,,
1,1,,0.025479,0.266478,0.091418,0.018442,0.155236,0.071128,0.109703,0.088711,0.160125,0.013279,,1765200,,
1,1,,0.007439,0.263024,0.104899,0.087813,0.070137,0.165425,0.043483,0.084853,0.058473,0.114454,,1768700,,
1,1,,0.052136,0.293014,0.092833,0.023198,0.118524,0.084253,0.108984,0.0552,0.156359,0.015499,,1802500,,
1,7,,0.067764,0.217232,0.063761,0.040083,0.101497,0.027741,0.03469,0.225922,0.185355,0.035955,,1766300,,
1,1,,0.005957,0.242277,0.113574,0.088444,0.125329,0.113865,0.044666,0.084569,0.08387,0.097449,,1762400,,
1,1,,0.053545,0.258615,0.08526,0.101547,0.09171,0.076202,0.029086,0.118217,0.073613,0.112203,,1781200,,
1,1,,0.084931,0.246964,0.090977,0.052835,0.094937,0.02101,0.059316,0.162317,0.149591,0.037121,,1776900,,
1,1,,0.068924,0.302084,0.061129,0.044287,0.097889,0.024792,0.040198,0.143554,0.179796,0.037347,,1763500,,
1,1,,0.044376,0.304499,0.058943,0.10021,0.073408,0.105627,0.018478,0.105397,0.075956,0.113106,,1764900,,
2,8,,0.089994,0.2045,0.197936,0.052139,0.066791,0.01695,0.046776,0.078498,0.212156,0.03426,,1775200,,
2,2,,0.053706,0.110126,0.192274,0.140068,0.04944,0.094127,0.027883,0.122425,0.077967,0.131986,,1808900,,
2,2,,0.088859,0.174752,0.230049,0.049204,0.077536,0.051099,0.125157,0.041466,0.14168,0.020198,,1761600,,
2,2,,0.022057,0.17056,0.245051,0.107373,0.043257,0.13303,0.047475,0.059428,0.062167,0.109602,,1764500,,
2,2,,0.025424,0.172871,0.27886,0.05377,0.062618,0.044443,0.109718,0.058715,0.175822,0.017759,,1771000,,
2,2,,0.021863,0.129231,0.345877,0.090928,0.052407,0.06668,0.067492,0.063223,0.118349,0.043951,,1763800,,
2,2,,0.032199,0.134007,0.242373,0.124994,0.044783,0.080106,0.033399,0.124748,0.073358,0.110032,,1773700,,
2,2,,0.058836,0.12812,0.247681,0.078269,0.056723,0.067052,0.072352,0.079271,0.13464,0.077056,,1778200,,
2,2,,0.052148,0.129303,0.235977,0.141558,0.045383,0.075296,0.039417,0.115805,0.06212,0.102993,,1782200,,
2,2,,0.023388,0.119858,0.328955,0.077814,0.054428,0.079122,0.066654,0.057533,0.129948,0.062299,,1764800,,
2,2,,0.072658,0.193126,0.22141,0.049762,0.065519,0.046502,0.126349,0.049274,0.156815,0.018585,,1792100,,
2,2,,0.008431,0.130939,0.232515,0.126869,0.07562,0.11482,0.048038,0.080372,0.082831,0.099565,,1777600,,
2,2,,0.103724,0.156072,0.245497,0.053372,0.048989,0.032505,0.067818,0.05422,0.193183,0.044619,,1803500,,
2,2,,0.007062,0.121474,0.325613,0.110734,0.042112,0.108307,0.038197,0.07021,0.08504,0.091251,,1766100,,
2,2,,0.041112,0.164365,0.312956,0.063037,0.069362,0.051639,0.122167,0.049136,0.096375,0.029851,,1776600,,
2,2,,0.077804,0.129901,0.293958,0.055593,0.041366,0.024574,0.057033,0.076856,0.209637,0.033276,,1779200,,
2,2,,0.008673,0.13532,0.319177,0.095865,0.042321,0.09728,0.058578,0.056369,0.105888,0.080528,,1805400,,
2,2,,0.053361,0.147175,0.181829,0.130917,0.050509,0.106565,0.0084,0.106365,0.074087,0.140791,,1790200,,
2,2,,0.02465,0.125922,0.301584,0.08143,0.04615,0.068119,0.087731,0.073685,0.151092,0.039639,,1807800,,
2,2,,0.036692,0.126561,0.280185,0.097555,0.049084,0.060202,0.099362,0.063685,0.15328,0.033392,,1779900,,
2,2,,0.019825,0.134662,0.320109,0.139859,0.029077,0.086598,0.04492,0.074755,0.076318,0.073877,,1790200,,
2,2,,0.089751,0.124211,0.29248,0.056205,0.043175,0.034359,0.080032,0.064977,0.175068,0.039742,,1779400,,
2,2,,0.039404,0.14275,0.27718,0.123857,0.04408,0.077322,0.020306,0.101258,0.077034,0.096809,,1784800,,
2,2,,0.08214,0.111154,0.302115,0.062365,0.05943,0.070613,0.136873,0.043359,0.100571,0.03138,,1785200,,
2,2,,0.071686,0.130468,0.282737,0.067078,0.056023,0.043238,0.063273,0.073858,0.164775,0.046863,,1795200,,
2,2,,0.061562,0.144996,0.224787,0.039026,0.090711,0.079883,0.1612,0.03513,0.13068,0.032025,,1776000,,
2,2,,0.043783,0.134415,0.27498,0.100142,0.055176,0.0454,0.056735,0.103387,0.122552,0.063429,,1772400,,
2,2,,0.017307,0.119091,0.338161,0.12269,0.040887,0.098241,0.039225,0.070254,0.074986,0.079158,,1804400,,
2,2,,0.036817,0.149128,0.318944,0.060737,0.084978,0.058948,0.105929,0.047103,0.106696,0.030721,,1785900,,
2,2,,0.088033,0.126085,0.288474,0.053238,0.068126,0.044053,0.145391,0.034542,0.136748,0.01531,,1779400,,
2,2,,0.038764,0.143229,0.247914,0.136281,0.044652,0.123143,0.038272,0.060344,0.056229,0.111173,,1772500,,
2,2,,0.030828,0.152799,0.25495,0.136132,0.044787,0.07137,0.026785,0.115765,0.069018,0.097565,,1776800,,
2,2,,0.061992,0.149634,0.184603,0.117892,0.042816,0.070125,0.049292,0.134344,0.128714,0.060587,,1785900,,
2,2,,0.0292,0.175051,0.227071,0.116192,0.043632,0.106017,0.045272,0.069663,0.081412,0.10649,,1779500,,
2,2,,0.046839,0.12146,0.303626,0.053409,0.071227,0.066207,0.078832,0.073567,0.144187,0.040645,,1795000,,
2,2,,0.005579,0.153497,0.318131,0.116789,0.041765,0.086746,0.044688,0.074467,0.083092,0.075245,,1821100,,
2,2,,0.060553,0.140593,0.308647,0.07606,0.057411,0.057654,0.100293,0.05649,0.104141,0.038157,,1786600,,
2,2,,0.033281,0.120418,0.298113,0.123237,0.04307,0.093911,0.030673,0.076455,0.085635,0.095207,,1776500,,
2,1,,0.099221,0.214668,0.184406,0.049552,0.070882,0.033694,0.072897,0.074375,0.172955,0.027349,,1779700,,
2,2,,0.063243,0.139816,0.280689,0.050722,0.094364,0.039631,0.080467,0.060097,0.164782,0.026189,,1780300,,
2,2,,0.019078,0.136503,0.23183,0.162326,0.042717,0.116391,0.040577,0.085917,0.059631,0.105032,,1781800,,
2,2,,0.007052,0.138294,0.29532,0.105027,0.042965,0.111972,0.037644,0.070069,0.092102,0.099556,,1770100,,
2,2,,0.025717,0.139699,0.32439,0.118911,0.039721,0.091935,0.038716,0.06805,0.078761,0.0741,,1770900,,
2,2,,0.017647,0.165323,0.225081,0.124383,0.049805,0.099554,0.030366,0.092698,0.075085,0.120058,,1775500,,
2,2,,0.031503,0.173485,0.196369,0.165272,0.041581,0.09066,0.013068,0.101511,0.067169,0.119383,,1778800,,
2,9,,0.062123,0.120489,0.150431,0.158115,0.048945,0.116552,0.010616,0.098841,0.059811,0.174078,,1771200,,
2,2,,0.040158,0.135318,0.195426,0.126406,0.050714,0.106366,0.018287,0.098859,0.121515,0.106951,,1888000,,
2,2,,0.050004,0.137703,0.237744,0.035699,0.108049,0.062859,0.136401,0.041178,0.163256,0.027106,,1795100,,
2,0,,0.17955,0.113206,0.158459,0.076567,0.087403,0.02103,0.090689,0.114389,0.116772,0.041935,,1792600,,
2,2,,0.053281,0.146599,0.155623,0.072167,0.143257,0.045159,0.095655,0.125023,0.147572,0.015663,,1796200,,
2,2,,0.093127,0.193614,0.219418,0.052868,0.086519,0.044011,0.142889,0.037307,0.109263,0.020985,,1794000,,
2,2,,0.034636,0.12707,0.198275,0.158704,0.0472,0.098027,0.009299,0.115105,0.068289,0.143395,,1801100,,
2,2,,0.025059,0.124241,0.361492,0.057332,0.062961,0.042194,0.110322,0.04848,0.152669,0.01525,,1809100,,
2,2,,0.049186,0.119679,0.229011,0.12587,0.046779,0.103349,0.031076,0.092638,0.06246,0.139952,,1774900,,
2,1,,0.091662,0.201785,0.192642,0.055051,0.064437,0.011484,0.066847,0.097867,0.184026,0.0342,,1760100,,
2,2,,0.006141,0.112387,0.318852,0.110558,0.041279,0.103329,0.059742,0.072399,0.101219,0.074093,,1781300,,
2,2,,0.026265,0.143747,0.266175,0.120156,0.042768,0.090538,0.043975,0.097557,0.079909,0.08891,,1759900,,
2,2,,0.007249,0.130715,0.328257,0.099406,0.027029,0.098097,0.054935,0.066042,0.108566,0.079704,,1783400,,
2,2,,0.053802,0.129322,0.207886,0.115662,0.054665,0.085008,0.020211,0.125509,0.073614,0.134321,,1759900,,
2,2,,0.028254,0.13716,0.257786,0.131101,0.045124,0.093055,0.031284,0.111323,0.063783,0.101131,,1760400,,
2,2,,0.072846,0.163572,0.264291,0.063678,0.045275,0.027303,0.082048,0.079873,0.16922,0.031894,,1805900,,
2,2,,0.062353,0.135796,0.315297,0.088278,0.051229,0.05589,0.04758,0.080436,0.104612,0.058528,,1762900,,
2,2,,0.041358,0.116675,0.21769,0.113074,0.044892,0.132716,0.025822,0.08582,0.106509,0.115445,,1763200,,
2,2,,0.019485,0.122905,0.310973,0.114316,0.041346,0.112671,0.03874,0.060476,0.080384,0.098704,,1766100,,
2,2,,0.028084,0.166262,0.220904,0.124014,0.050158,0.090634,0.032785,0.124608,0.062427,0.100126,,1766400,,
2,2,,0.060114,0.139722,0.169518,0.158263,0.042271,0.087422,0.030649,0.10743,0.054499,0.150112,,1762400,,
2,2,,0.039385,0.131545,0.298007,0.119578,0.042034,0.078736,0.024081,0.07868,0.097625,0.090329,,1760600,,
2,2,,0.026209,0.124005,0.329206,0.111974,0.026292,0.088506,0.054821,0.073414,0.097268,0.068305,,1759000,,
2,2,,0.04221,0.166693,0.272044,0.036356,0.093387,0.065994,0.096853,0.047566,0.145151,0.033746,,1774300,,
2,2,,0.022714,0.130613,0.322348,0.082748,0.053102,0.078572,0.088164,0.061251,0.115601,0.044885,,1789900,,
2,2,,0.048656,0.139861,0.21252,0.077033,0.059138,0.050988,0.037897,0.186091,0.141016,0.046799,,1767200,,
2,2,,0.065725,0.179583,0.20577,0.0983,0.060253,0.056392,0.05461,0.088725,0.142061,0.048582,,1764400,,
2,2,,0.007062,0.118615,0.325216,0.119165,0.041236,0.107599,0.038197,0.063741,0.085703,0.093465,,1768900,,
2,2,,0.018083,0.136918,0.311441,0.12934,0.040675,0.100839,0.039082,0.087518,0.051377,0.084727,,1762200,,
2,2,,0.007403,0.136523,0.306093,0.111889,0.051525,0.104796,0.042985,0.083948,0.077284,0.077553,,1770700,,
2,2,,0.018171,0.14166,0.286266,0.1077,0.045676,0.113712,0.026999,0.083699,0.081899,0.094217,,1764000,,
2,2,,0.079958,0.142817,0.248266,0.037378,0.049011,0.02632,0.074398,0.072121,0.217861,0.05187,,1760800,,
2,2,,0.013684,0.162275,0.255516,0.071533,0.063625,0.102731,0.100574,0.040488,0.113956,0.075616,,1789500,,
2,2,,0.107848,0.146676,0.281652,0.061104,0.04069,0.016274,0.063573,0.084014,0.164711,0.033457,,1764600,,
2,2,,0.026013,0.143099,0.324863,0.11945,0.040741,0.09506,0.038504,0.075276,0.060936,0.076059,,1780500,,
2,2,,0.050498,0.13372,0.188859,0.174227,0.047868,0.110466,0.019378,0.090266,0.052295,0.132422,,1785800,,
2,2,,0.006011,0.13204,0.314895,0.127589,0.04076,0.099344,0.038204,0.069747,0.08243,0.088979,,1763400,,
2,2,,0.053162,0.126427,0.246619,0.122579,0.048972,0.089285,0.03292,0.092069,0.066047,0.121919,,1788000,,
2,2,,0.056033,0.115853,0.215418,0.107173,0.051481,0.103569,0.020941,0.094339,0.090898,0.144295,,1754500,,
2,2,,0.009876,0.127014,0.293497,0.094954,0.044235,0.124223,0.049433,0.06763,0.087743,0.101396,,1754700,,
2,2,,0.030383,0.148791,0.182439,0.161709,0.048813,0.081004,0.017415,0.168222,0.063534,0.097691,,1774800,,
2,9,,0.073717,0.120187,0.135034,0.150377,0.048649,0.108137,0.021155,0.088358,0.066774,0.187613,,1778100,,
2,2,,0.048603,0.146508,0.17036,0.151601,0.049646,0.098392,0.027777,0.109556,0.060174,0.137383,,1770100,,
2,2,,0.053398,0.133395,0.249332,0.115594,0.050081,0.087239,0.020058,0.083944,0.083192,0.123767,,1774400,,
2,2,,0.01875,0.114566,0.289161,0.11673,0.045439,0.111502,0.032559,0.074413,0.104223,0.092658,,1761200,,
2,2,,0.021643,0.15043,0.239221,0.10783,0.043807,0.139231,0.043817,0.059656,0.081505,0.112859,,1767100,,
2,2,,0.053612,0.148356,0.301449,0.074608,0.054964,0.064357,0.087956,0.052383,0.12163,0.040685,,1776000,,
2,3,,0.107194,0.10716,0.122911,0.197536,0.02971,0.095722,0.015027,0.096904,0.043064,0.184772,,1766200,,
2,2,,0.033243,0.133508,0.244759,0.125627,0.048621,0.099874,0.026968,0.0928,0.068117,0.126484,,1759000,,
2,2,,0.08795,0.122663,0.269964,0.051971,0.056831,0.061168,0.054149,0.072261,0.162471,0.060572,,1782900,,
2,2,,0.006547,0.141646,0.32724,0.105233,0.043948,0.085716,0.051093,0.068541,0.104263,0.065774,,1779300,,
2,8,,0.096951,0.164469,0.164062,0.076727,0.045389,0.037031,0.063656,0.099943,0.188816,0.062956,,1777000,,
2,2,,0.046746,0.15026,0.289919,0.105876,0.042734,0.064827,0.029811,0.073241,0.121571,0.075015,,1764900,,
2,2,,0.037669,0.119795,0.31233,0.122971,0.041032,0.100053,0.039077,0.070254,0.076141,0.080679,,1761600,,
2,2,,0.085226,0.187507,0.212023,0.045958,0.064658,0.048437,0.140028,0.035274,0.157373,0.023516,,1777800,,
2,2,,0.091269,0.142518,0.229446,0.04829,0.084743,0.021639,0.091284,0.079813,0.178871,0.032128,,1788300,,
2,2,,0.081367,0.127371,0.31235,0.056181,0.059239,0.041416,0.150323,0.036388,0.115839,0.019526,,1768500,,
2,2,,0.028783,0.134474,0.216535,0.159798,0.044404,0.099906,0.026389,0.096159,0.06074,0.132813,,1788400,,
2,2,,0.007053,0.157635,0.297663,0.115461,0.040471,0.103943,0.038346,0.082339,0.067557,0.089531,,1813700,,
2,2,,0.06408,0.118282,0.285813,0.079029,0.052913,0.06259,0.043777,0.071268,0.141047,0.081202,,1779400,,
2,2,,0.008101,0.149472,0.323288,0.102921,0.031927,0.074455,0.085094,0.061411,0.102415,0.060916,,1825300,,
2,2,,0.033215,0.143113,0.284417,0.123494,0.043946,0.095225,0.030608,0.083681,0.066655,0.095645,,1756800,,
2,2,,0.073142,0.14945,0.199637,0.069132,0.059743,0.082273,0.029545,0.102948,0.143598,0.090531,,1763500,,
2,2,,0.064672,0.128671,0.27996,0.050545,0.076368,0.039916,0.09586,0.081001,0.156958,0.026049,,1769100,,
2,2,,0.063532,0.152886,0.212355,0.055457,0.06825,0.070762,0.075964,0.057254,0.16657,0.076971,,1762600,,
2,2,,0.023961,0.132948,0.319506,0.088117,0.058552,0.068745,0.083381,0.05611,0.118153,0.050528,,1759600,,
2,2,,0.032542,0.136007,0.249399,0.12076,0.049018,0.091915,0.023822,0.096705,0.077241,0.122592,,1784400,,
3,3,,0.033398,0.133785,0.100707,0.302491,0.039908,0.094526,0.009055,0.095579,0.064916,0.125636,,1773900,,
3,3,,0.050982,0.126453,0.116526,0.201516,0.046331,0.124544,0.010925,0.118413,0.097524,0.106786,,1777300,,
3,3,,0.033748,0.140765,0.088715,0.227253,0.048669,0.097049,0.010264,0.16521,0.058797,0.12953,,1779000,,
3,3,,0.033693,0.136988,0.088951,0.246429,0.046663,0.091166,0.010331,0.162887,0.05542,0.12747,,1765900,,
3,1,,0.090543,0.180921,0.085199,0.137495,0.078451,0.048887,0.053097,0.131925,0.137106,0.056376,,1772500,,
3,3,,0.030211,0.132075,0.102924,0.250971,0.045825,0.133502,0.067452,0.055168,0.043321,0.13855,,1772900,,
3,3,,0.03413,0.134173,0.091907,0.304329,0.041527,0.10116,0.022828,0.102549,0.045765,0.12163,,1764100,,
3,3,,0.021819,0.123307,0.104301,0.321125,0.039647,0.092526,0.010465,0.096176,0.063226,0.127408,,1777800,,
3,3,,0.050188,0.093908,0.086111,0.330292,0.024631,0.104286,0.025124,0.069939,0.064876,0.150646,,1802900,,
3,3,,0.071151,0.092543,0.091383,0.266253,0.025945,0.103805,0.017198,0.071007,0.054207,0.206508,,1773100,,
3,9,,0.04306,0.135984,0.121925,0.172437,0.047245,0.096677,0.021713,0.094013,0.063347,0.203599,,1771300,,
3,3,,0.080888,0.10156,0.109551,0.273827,0.025698,0.093823,0.024776,0.077993,0.056152,0.155731,,1769800,,
3,3,,0.030654,0.150796,0.114323,0.252591,0.027619,0.110269,0.035035,0.092134,0.053284,0.133296,,1775400,,
3,3,,0.064669,0.113754,0.073956,0.335814,0.02419,0.095809,0.027706,0.074131,0.035852,0.154119,,1779500,,
3,3,,0.056973,0.113301,0.084987,0.277889,0.024543,0.123156,0.028923,0.073635,0.031038,0.185556,,1770600,,
3,3,,0.056975,0.11069,0.070802,0.335701,0.023818,0.104251,0.028781,0.072984,0.034815,0.161184,,1769500,,
3,3,,0.0199,0.122853,0.091775,0.302161,0.027597,0.1144,0.032735,0.123665,0.041359,0.123556,,1780300,,
3,3,,0.015314,0.141252,0.088235,0.271195,0.035833,0.099773,0.103054,0.064605,0.038406,0.142332,,1774000,,
3,3,,0.021745,0.140649,0.109037,0.297357,0.041488,0.084782,0.01641,0.097933,0.059435,0.131164,,1788900,,
3,9,,0.055022,0.157032,0.122878,0.149722,0.042188,0.146223,0.024782,0.087065,0.056769,0.15832,,1777600,,
3,3,,0.038156,0.153179,0.148843,0.241706,0.044664,0.105845,0.061669,0.065814,0.050602,0.089523,,1777100,,
3,3,,0.031589,0.121845,0.120369,0.236728,0.049087,0.12719,0.058557,0.058861,0.066825,0.128948,,1778600,,
3,3,,0.022556,0.142767,0.105437,0.254864,0.040526,0.1052,0.01405,0.132911,0.054489,0.127199,,1778700,,
3,9,,0.05814,0.099948,0.075273,0.138851,0.053057,0.114743,0.132192,0.048807,0.084454,0.194535,,1789800,,
3,3,,0.040926,0.143644,0.12111,0.218341,0.044516,0.111561,0.004175,0.11472,0.078878,0.122131,,1825500,,
3,1,,0.046961,0.202576,0.131406,0.135765,0.055917,0.106472,0.014705,0.097126,0.110282,0.098792,,1788600,,
3,3,,0.020134,0.127161,0.119815,0.298071,0.024881,0.119883,0.064888,0.063795,0.043906,0.117466,,1780800,,
3,5,,0.023678,0.171671,0.107926,0.13163,0.045558,0.199304,0.064595,0.051116,0.078545,0.125977,,1784200,,
3,9,,0.040553,0.120857,0.112577,0.183302,0.05696,0.100505,0.029214,0.105256,0.055311,0.195466,,1783000,,
3,3,,0.02974,0.159548,0.089149,0.191225,0.062935,0.160017,0.080194,0.085543,0.046978,0.094671,,1789800,,
3,3,,0.165144,0.115859,0.074225,0.187633,0.053257,0.059166,0.058238,0.064492,0.11909,0.102896,,1783600,,
3,3,,0.022252,0.116924,0.088981,0.342231,0.025221,0.105792,0.028589,0.091379,0.042158,0.136472,,1780800,,
3,3,,0.051683,0.143954,0.131886,0.226382,0.045934,0.092503,0.014071,0.114509,0.068399,0.110678,,1783500,,
3,8,,0.125183,0.187573,0.09214,0.039248,0.062661,0.076734,0.062086,0.099287,0.219473,0.035616,,1824400,,
3,3,,0.021736,0.128136,0.097812,0.245485,0.044412,0.126105,0.010421,0.128699,0.071955,0.125238,,1791700,,
3,3,,0.021431,0.136077,0.090936,0.282189,0.044461,0.100357,0.016224,0.136642,0.051189,0.120495,,1788300,,
3,3,,0.068611,0.096641,0.118307,0.301166,0.02631,0.115538,0.024741,0.062083,0.057355,0.129247,,1790600,,
3,3,,0.107852,0.091647,0.074618,0.277413,0.027618,0.126347,0.021365,0.069208,0.027393,0.176538,,1779700,,
3,3,,0.019639,0.138437,0.164175,0.260224,0.038034,0.135441,0.027377,0.059385,0.048925,0.108363,,1781000,,
3,3,,0.073227,0.093759,0.072815,0.321983,0.025742,0.102921,0.032185,0.07314,0.03002,0.174207,,1785800,,
