optical,CWE,test,4,NANOSECONDS,PREDICTIONS, Generated by ClassifierExperiments.java on 2022-05-17 03:09:38.    SYSTEMPROPERTIES:{user.name:matth,os.arch:amd64,os.name:Windows 10},ENDSYSTEMPROPERTIES
No parameter info
0.8653675819309123,1823745000,2109822800,-1,98988712,10,,-1,-1
0,0,,0.425506,0.042237,0.052574,0.020163,0.138848,0.019072,0.102155,0.074362,0.080129,0.044953,,2062700,,
0,0,,0.366607,0.043303,0.056334,0.021288,0.12746,0.025792,0.104172,0.071447,0.08331,0.100288,,1892600,,
0,0,,0.369726,0.042169,0.072506,0.020324,0.144491,0.023358,0.108155,0.074434,0.100012,0.044825,,1839000,,
0,0,,0.403492,0.045844,0.084564,0.029826,0.114013,0.019325,0.101262,0.071104,0.081623,0.048948,,1868500,,
0,0,,0.277193,0.056296,0.088768,0.041004,0.116167,0.067163,0.087,0.078518,0.073353,0.114536,,1849500,,
0,0,,0.372377,0.043713,0.075563,0.020229,0.121928,0.021972,0.101171,0.071161,0.116251,0.055634,,1849200,,
0,0,,0.399227,0.042202,0.072154,0.020127,0.131508,0.018341,0.102014,0.069249,0.100019,0.045159,,1845300,,
0,0,,0.384331,0.043777,0.074186,0.027693,0.134075,0.016149,0.127939,0.073027,0.075872,0.042951,,1843900,,
0,0,,0.376396,0.039688,0.046405,0.020196,0.178355,0.039028,0.0966,0.087507,0.077961,0.037864,,1843300,,
0,0,,0.34551,0.041496,0.066969,0.027925,0.178575,0.019977,0.121825,0.076629,0.077924,0.043171,,1927600,,
0,0,,0.367101,0.041809,0.054112,0.017699,0.144095,0.064957,0.144746,0.062008,0.064561,0.038912,,1839400,,
0,0,,0.39151,0.042134,0.07191,0.020288,0.128675,0.022688,0.108014,0.069163,0.100587,0.04503,,1863300,,
0,0,,0.372328,0.043268,0.075913,0.021252,0.12012,0.029061,0.108032,0.066334,0.103199,0.060494,,1826200,,
0,0,,0.306244,0.04685,0.067673,0.062747,0.111421,0.044478,0.101402,0.062659,0.073155,0.123372,,1907400,,
0,0,,0.366563,0.046326,0.07738,0.027269,0.129168,0.01987,0.112525,0.075242,0.102675,0.042981,,1859000,,
0,0,,0.401144,0.044452,0.083466,0.022418,0.122718,0.02374,0.102105,0.065717,0.083644,0.050596,,1853800,,
0,0,,0.395229,0.042237,0.072406,0.020163,0.131276,0.019072,0.121051,0.073651,0.079961,0.044953,,1881400,,
0,0,,0.367422,0.044487,0.083887,0.022454,0.130058,0.024472,0.102245,0.07083,0.103755,0.050391,,1866600,,
0,0,,0.307837,0.044109,0.080745,0.030657,0.126095,0.051881,0.186326,0.052852,0.06822,0.051279,,1863500,,
0,0,,0.408951,0.042202,0.071985,0.020127,0.123936,0.018341,0.120911,0.068538,0.079851,0.045159,,1866700,,
0,0,,0.351394,0.073562,0.076755,0.044317,0.121954,0.021042,0.101591,0.074472,0.081562,0.05335,,1860300,,
0,0,,0.367422,0.044487,0.083887,0.022454,0.150058,0.024472,0.102245,0.07083,0.083755,0.050391,,1861000,,
0,0,,0.381144,0.044452,0.083466,0.022418,0.122718,0.02374,0.102105,0.065717,0.103644,0.050596,,1934100,,
0,0,,0.372571,0.066967,0.052431,0.020753,0.14224,0.018791,0.124239,0.070206,0.094176,0.037626,,1857700,,
0,0,,0.393143,0.043632,0.052969,0.027922,0.144554,0.035779,0.103346,0.075436,0.080191,0.043028,,1864500,,
0,0,,0.419227,0.042202,0.052154,0.020127,0.131508,0.018341,0.122014,0.069249,0.080019,0.045159,,1851400,,
0,0,,0.365759,0.044864,0.081114,0.021842,0.152509,0.024313,0.106228,0.074153,0.083709,0.045509,,1843600,,
0,0,,0.385506,0.042237,0.072574,0.020163,0.138848,0.019072,0.122155,0.074362,0.080129,0.044953,,1878300,,
0,0,,0.39951,0.042134,0.03191,0.040288,0.128675,0.038688,0.124014,0.069163,0.080587,0.04503,,1835100,,
0,0,,0.403448,0.042134,0.052086,0.020288,0.157151,0.022626,0.108014,0.069321,0.079901,0.04503,,1867500,,
0,0,,0.355442,0.046977,0.077579,0.024682,0.126638,0.025203,0.102155,0.075473,0.078268,0.087584,,1824200,,
0,0,,0.335557,0.042615,0.104012,0.040412,0.115396,0.041151,0.123002,0.05788,0.078597,0.061379,,1826700,,
0,0,,0.370937,0.046728,0.052963,0.028116,0.156365,0.019877,0.116391,0.070989,0.094431,0.043203,,1838500,,
0,0,,0.377788,0.042169,0.072331,0.020324,0.136015,0.02342,0.108155,0.074276,0.100698,0.044825,,1830400,,
0,0,,0.381171,0.042134,0.071918,0.020288,0.129579,0.018626,0.122911,0.068609,0.099733,0.04503,,1829200,,
0,0,,0.386854,0.044511,0.075808,0.022163,0.120644,0.018287,0.116897,0.070211,0.087065,0.057561,,1862600,,
0,0,,0.385506,0.042237,0.072574,0.020163,0.138848,0.019072,0.122155,0.074362,0.080129,0.044953,,1819000,,
0,0,,0.399227,0.042202,0.052154,0.020127,0.151508,0.018341,0.102014,0.069249,0.080019,0.065159,,1842300,,
0,0,,0.399481,0.04483,0.080694,0.021806,0.125168,0.023582,0.106087,0.06904,0.083599,0.045714,,1821600,,
0,0,,0.367829,0.043219,0.075754,0.045971,0.128132,0.01935,0.103223,0.06708,0.100272,0.049169,,1838200,,
0,0,,0.364486,0.044973,0.05351,0.039928,0.127856,0.020045,0.128818,0.068077,0.107273,0.045034,,1836100,,
0,0,,0.377506,0.042237,0.072574,0.020163,0.138848,0.023072,0.126155,0.074362,0.080129,0.044953,,1945000,,
0,0,,0.380922,0.043699,0.073037,0.027761,0.138912,0.015493,0.101346,0.075365,0.080308,0.063157,,1854100,,
0,0,,0.385506,0.042237,0.072574,0.020163,0.158848,0.019072,0.102155,0.074362,0.080129,0.044953,,1879000,,
0,0,,0.350854,0.045019,0.08358,0.021707,0.150408,0.021625,0.136517,0.070189,0.075005,0.045097,,1824900,,
0,0,,0.352546,0.039905,0.049935,0.019947,0.155512,0.042539,0.101822,0.108286,0.091751,0.037758,,1842700,,
0,0,,0.368008,0.049684,0.053795,0.075109,0.132431,0.015948,0.101573,0.077655,0.081753,0.044043,,1855200,,
0,0,,0.401656,0.042453,0.056105,0.019913,0.136005,0.022583,0.107377,0.075141,0.09392,0.044847,,1824500,,
0,0,,0.330151,0.044099,0.081551,0.021456,0.13639,0.023702,0.172294,0.066613,0.078466,0.045278,,1814700,,
0,0,,0.385506,0.042237,0.072574,0.020163,0.138848,0.019072,0.122155,0.074362,0.080129,0.044953,,1864900,,
0,0,,0.407289,0.042202,0.091978,0.020127,0.123032,0.018402,0.102014,0.069092,0.080705,0.045159,,2015600,,
0,0,,0.398383,0.043713,0.073384,0.020479,0.125404,0.024555,0.106014,0.069743,0.082585,0.05574,,1860400,,
0,0,,0.393935,0.040101,0.046399,0.020166,0.144393,0.019332,0.096634,0.075397,0.098548,0.065096,,1826900,,
0,0,,0.371079,0.043916,0.074388,0.027761,0.139544,0.037587,0.107411,0.074726,0.080432,0.043157,,1815600,,
0,0,,0.335785,0.042838,0.081207,0.025823,0.119601,0.069022,0.095455,0.085055,0.090331,0.054883,,1879800,,
0,0,,0.351989,0.046679,0.056011,0.021769,0.127384,0.04733,0.126307,0.069085,0.101206,0.052241,,1826500,,
0,0,,0.361709,0.045879,0.085161,0.049861,0.129829,0.019995,0.101402,0.076374,0.081047,0.048742,,1833100,,
0,0,,0.391647,0.064188,0.05302,0.0207,0.127332,0.018263,0.096207,0.069427,0.093612,0.065605,,1909600,,
0,0,,0.349104,0.046599,0.100351,0.025294,0.124187,0.029362,0.102172,0.07215,0.078314,0.072466,,1826700,,
0,0,,0.381144,0.044452,0.083466,0.022418,0.142718,0.02374,0.102105,0.065717,0.083644,0.050596,,1804800,,
0,0,,0.372236,0.04996,0.052556,0.020009,0.137727,0.019204,0.102047,0.106153,0.102261,0.037847,,1828100,,
0,0,,0.351083,0.046309,0.084365,0.029239,0.128482,0.016703,0.157533,0.070692,0.07207,0.043525,,1863700,,
0,0,,0.383034,0.042608,0.076559,0.020028,0.144952,0.022478,0.123612,0.07047,0.071718,0.044541,,1839700,,
0,0,,0.364616,0.045193,0.052739,0.019821,0.167832,0.019922,0.109592,0.08053,0.095041,0.044713,,1937900,,
0,0,,0.380601,0.042391,0.07504,0.020028,0.136747,0.020384,0.136444,0.070398,0.073426,0.044541,,1826100,,
0,0,,0.379282,0.046813,0.086749,0.036215,0.127832,0.019641,0.107319,0.073747,0.078483,0.043919,,1826800,,
0,0,,0.380601,0.042391,0.05504,0.040028,0.136747,0.020384,0.136444,0.070398,0.073426,0.044541,,1833300,,
0,0,,0.439227,0.042202,0.052154,0.020127,0.131508,0.018341,0.102014,0.069249,0.080019,0.045159,,1838300,,
0,0,,0.35167,0.047473,0.052645,0.02103,0.175074,0.038797,0.11129,0.069925,0.09437,0.037725,,1999600,,
0,0,,0.407289,0.042202,0.071978,0.020127,0.123032,0.018402,0.122014,0.069092,0.080705,0.045159,,1901300,,
0,0,,0.418508,0.044376,0.052652,0.020836,0.143263,0.018699,0.102244,0.075425,0.086445,0.037551,,1964200,,
0,0,,0.293923,0.051069,0.091508,0.044203,0.12597,0.037867,0.107798,0.079855,0.127796,0.040011,,1898500,,
0,0,,0.378705,0.046225,0.078042,0.029797,0.128679,0.017533,0.102293,0.075688,0.087478,0.055559,,1872800,,
0,0,,0.373132,0.044545,0.056228,0.022199,0.147984,0.039019,0.097037,0.075324,0.087176,0.057355,,1857400,,
0,0,,0.391448,0.042134,0.072086,0.020288,0.137151,0.018626,0.104014,0.069321,0.099901,0.04503,,1903900,,
0,0,,0.268523,0.057624,0.039805,0.029409,0.139326,0.038902,0.135971,0.104196,0.118094,0.06815,,1820500,,
0,0,,0.370604,0.043645,0.073316,0.02064,0.131046,0.024841,0.128014,0.069814,0.082468,0.055612,,2112900,,
0,0,,0.357437,0.045664,0.052532,0.020063,0.133326,0.019197,0.156503,0.075136,0.095124,0.045018,,1819500,,
0,0,,0.365988,0.046154,0.0819,0.029374,0.130582,0.019391,0.107244,0.074656,0.100773,0.043937,,1806200,,
0,0,,0.379981,0.044895,0.052422,0.019919,0.132182,0.038878,0.122149,0.070125,0.094293,0.045156,,1817500,,
0,0,,0.377145,0.044487,0.083719,0.022454,0.122486,0.024472,0.121142,0.070118,0.083587,0.050391,,1863200,,
0,0,,0.35798,0.044797,0.081047,0.022003,0.138151,0.024599,0.108228,0.074224,0.103592,0.04538,,1823000,,
0,0,,0.377145,0.044487,0.083719,0.022454,0.122486,0.024472,0.121142,0.070118,0.083587,0.050391,,1818700,,
0,0,,0.385873,0.040101,0.046574,0.040166,0.152869,0.01927,0.096634,0.075555,0.097862,0.045096,,1836400,,
0,0,,0.393568,0.042237,0.072399,0.020163,0.130372,0.019134,0.122155,0.074205,0.080815,0.044953,,1853000,,
0,0,,0.378238,0.044607,0.085932,0.022283,0.120617,0.025052,0.136394,0.061753,0.07494,0.050184,,1818800,,
0,0,,0.39151,0.042134,0.07191,0.020288,0.148675,0.022688,0.108014,0.069163,0.080587,0.04503,,1814100,,
0,0,,0.377726,0.042169,0.072506,0.020324,0.144491,0.019358,0.104155,0.074434,0.100012,0.044825,,1831400,,
0,0,,0.292026,0.046635,0.094741,0.015137,0.222443,0.046693,0.142725,0.052226,0.054845,0.032529,,1851900,,
0,0,,0.378146,0.044536,0.083495,0.021676,0.125042,0.024111,0.144127,0.062011,0.072552,0.044305,,1819400,,
0,0,,0.354818,0.042675,0.0749,0.020351,0.13385,0.024781,0.114363,0.075571,0.093872,0.064818,,1824000,,
0,0,,0.394644,0.043665,0.072616,0.027725,0.151571,0.014762,0.101206,0.070252,0.080197,0.043362,,1824000,,
0,0,,0.419227,0.042202,0.072154,0.020127,0.131508,0.018341,0.102014,0.069249,0.080019,0.045159,,1855000,,
0,0,,0.391448,0.042134,0.072086,0.020288,0.137151,0.018626,0.124014,0.069321,0.079901,0.04503,,1838000,,
0,0,,0.344857,0.044787,0.085435,0.021712,0.140586,0.026936,0.131436,0.067196,0.072955,0.064099,,1851600,,
0,0,,0.363734,0.04266,0.070849,0.019836,0.168768,0.023932,0.109813,0.075504,0.080112,0.044792,,1837600,,
0,0,,0.385506,0.042237,0.072574,0.020163,0.158848,0.019072,0.102155,0.074362,0.080129,0.044953,,1833000,,
0,0,,0.391084,0.049503,0.0551,0.019844,0.135234,0.019036,0.101242,0.075296,0.088606,0.065055,,1831700,,
0,0,,0.232746,0.051945,0.063426,0.042534,0.133656,0.169237,0.098944,0.060596,0.07844,0.068476,,1829400,,
0,0,,0.380108,0.043336,0.075981,0.021091,0.134477,0.028775,0.106032,0.066262,0.083317,0.060622,,1845500,,
0,0,,0.367422,0.044487,0.083887,0.022454,0.130058,0.024472,0.102245,0.07083,0.083755,0.070391,,1859500,,
0,0,,0.369726,0.042169,0.052506,0.020324,0.144491,0.043358,0.128155,0.074434,0.080012,0.044825,,1837400,,
0,0,,0.389348,0.042531,0.055243,0.040095,0.142216,0.021822,0.115916,0.072097,0.075985,0.044747,,1820100,,
0,0,,0.327902,0.03989,0.049631,0.037702,0.186319,0.047248,0.146394,0.063273,0.062586,0.039054,,1824500,,
0,0,,0.385506,0.042237,0.052574,0.040163,0.158848,0.019072,0.102155,0.074362,0.080129,0.044953,,1827100,,
0,0,,0.403448,0.042134,0.052086,0.020288,0.137151,0.022626,0.128014,0.069321,0.079901,0.04503,,1845500,,
0,0,,0.387061,0.046881,0.086817,0.036054,0.122189,0.019356,0.105319,0.073676,0.0786,0.044047,,1867000,,
0,0,,0.279805,0.075154,0.094008,0.051014,0.104402,0.070708,0.082573,0.072735,0.071298,0.098301,,1819200,,
0,0,,0.386864,0.043597,0.072549,0.027886,0.137214,0.015047,0.123206,0.070323,0.08008,0.043234,,1845400,,
0,0,,0.29997,0.059271,0.097708,0.098927,0.1053,0.034306,0.081787,0.08813,0.067857,0.066744,,1822900,,
0,0,,0.387422,0.044487,0.083887,0.022454,0.130058,0.024472,0.102245,0.07083,0.083755,0.050391,,1832800,,
1,1,,0.008192,0.20434,0.079251,0.086067,0.141298,0.114092,0.076258,0.127934,0.078921,0.083646,,1829900,,
1,6,,0.089392,0.156688,0.117839,0.019886,0.170556,0.081333,0.19009,0.053823,0.111156,0.009237,,1846100,,
1,1,,0.064141,0.207555,0.150456,0.087405,0.052719,0.048441,0.042568,0.12736,0.147469,0.071885,,1827700,,
1,1,,0.006641,0.217614,0.117892,0.151091,0.036755,0.157654,0.052847,0.063306,0.047696,0.148504,,1845900,,
1,1,,0.017293,0.201995,0.121704,0.156772,0.040744,0.139103,0.035185,0.059891,0.058808,0.168505,,1834700,,
1,9,,0.0626,0.140428,0.086357,0.133138,0.0444,0.113435,0.014972,0.100953,0.049138,0.25458,,1849300,,
1,3,,0.00438,0.198646,0.14706,0.20767,0.029274,0.110605,0.043798,0.07647,0.035217,0.146879,,1818300,,
1,1,,0.026469,0.262626,0.078021,0.136441,0.03653,0.10524,0.014395,0.076635,0.081627,0.182016,,1846200,,
1,1,,0.035316,0.193435,0.150886,0.141727,0.040241,0.08525,0.022063,0.10184,0.073884,0.155359,,1826300,,
1,1,,0.059464,0.224391,0.10074,0.139175,0.051287,0.089429,0.014279,0.096245,0.07137,0.15362,,1820200,,
1,8,,0.104483,0.24096,0.085152,0.030978,0.078733,0.015197,0.050963,0.102943,0.255814,0.034776,,1884600,,
1,1,,0.048798,0.213101,0.113829,0.037325,0.100521,0.115961,0.157585,0.057289,0.134726,0.020865,,1821000,,
1,1,,0.07687,0.277731,0.110921,0.035407,0.087419,0.01494,0.0447,0.117132,0.202377,0.032503,,1829200,,
1,1,,0.013356,0.272628,0.096823,0.095286,0.067004,0.144334,0.020215,0.072015,0.074502,0.143837,,1844000,,
1,1,,0.027701,0.226164,0.113381,0.074251,0.117008,0.092087,0.0857,0.125978,0.086565,0.051164,,1874200,,
1,2,,0.018739,0.177458,0.209669,0.138529,0.031659,0.087319,0.01768,0.128024,0.06509,0.125833,,1841200,,
1,3,,0.020336,0.150973,0.156377,0.166389,0.030461,0.166049,0.045562,0.076176,0.042522,0.145155,,1838200,,
1,1,,0.070124,0.20842,0.138418,0.057661,0.075284,0.034053,0.050501,0.117253,0.192266,0.056019,,1844000,,
1,1,,0.0067,0.254596,0.154045,0.12674,0.0775,0.105333,0.020602,0.113479,0.042251,0.098755,,1861600,,
1,1,,0.044749,0.260213,0.073334,0.014472,0.209518,0.050161,0.132108,0.054601,0.15451,0.006336,,1841200,,
1,1,,0.008665,0.224345,0.128324,0.118885,0.08157,0.109027,0.026052,0.147998,0.060459,0.094675,,1870800,,
1,1,,0.03652,0.272345,0.1098,0.016114,0.14319,0.048761,0.140511,0.066955,0.157225,0.008578,,1865200,,
1,1,,0.020456,0.257103,0.087155,0.105276,0.045638,0.109156,0.024956,0.073833,0.101621,0.174805,,1839100,,
1,1,,0.025457,0.220946,0.095303,0.129241,0.059454,0.080989,0.006675,0.153868,0.100359,0.127708,,1825500,,
1,1,,0.059464,0.2353,0.10074,0.139175,0.047651,0.109429,0.014279,0.095336,0.07137,0.127257,,1824700,,
1,1,,0.090127,0.259632,0.122727,0.035043,0.068771,0.015263,0.049678,0.121647,0.199422,0.037691,,1836600,,
1,2,,0.055805,0.166865,0.198021,0.080186,0.052426,0.032957,0.052356,0.140675,0.168149,0.052561,,1833700,,
1,1,,0.014671,0.265701,0.13991,0.109554,0.062447,0.095962,0.017094,0.131371,0.078193,0.085097,,1826600,,
1,1,,0.048063,0.24689,0.11561,0.033047,0.077051,0.058965,0.169909,0.051141,0.183636,0.015687,,1822300,,
1,6,,0.036007,0.187427,0.113991,0.083475,0.071682,0.089958,0.240117,0.043687,0.091123,0.042532,,1841100,,
1,1,,0.005313,0.249956,0.113249,0.099664,0.07977,0.127975,0.085396,0.09062,0.072329,0.075729,,1858900,,
1,1,,0.104632,0.251232,0.098819,0.02591,0.105582,0.03023,0.070484,0.083264,0.198269,0.031578,,1832500,,
1,6,,0.060352,0.173539,0.112128,0.022477,0.147251,0.087444,0.179592,0.061133,0.146261,0.009823,,1834600,,
1,1,,0.104891,0.257197,0.088771,0.054344,0.079298,0.030381,0.055485,0.086591,0.205315,0.037726,,1826300,,
1,1,,0.068536,0.234347,0.087075,0.018353,0.13179,0.068695,0.164851,0.078565,0.138608,0.009179,,1813400,,
1,1,,0.06188,0.207057,0.103831,0.097818,0.054241,0.090684,0.017175,0.107515,0.106472,0.153327,,1827300,,
1,8,,0.063618,0.218909,0.086341,0.026131,0.097688,0.061342,0.079067,0.089813,0.25143,0.02566,,1831800,,
1,5,,0.012946,0.172585,0.121417,0.165807,0.045046,0.176244,0.055498,0.053072,0.055141,0.142245,,1993600,,
1,1,,0.034775,0.2196,0.133044,0.053642,0.073719,0.10126,0.074493,0.094253,0.173092,0.042123,,1834500,,
1,5,,0.028358,0.125687,0.09756,0.166122,0.059128,0.187911,0.040848,0.064362,0.051873,0.178151,,1857500,,
1,1,,0.084121,0.214158,0.09639,0.046877,0.092721,0.048131,0.047175,0.10164,0.20088,0.067907,,1829700,,
1,5,,0.027957,0.143216,0.139076,0.117412,0.04079,0.219195,0.05455,0.05388,0.056577,0.147348,,1837300,,
1,5,,0.012033,0.116816,0.191098,0.126631,0.03928,0.203035,0.054682,0.05475,0.057195,0.14448,,1814900,,
1,1,,0.08382,0.199464,0.069155,0.105964,0.116601,0.062395,0.054971,0.096954,0.14104,0.069637,,1817700,,
1,5,,0.027175,0.147162,0.144197,0.120962,0.039323,0.21421,0.047214,0.054665,0.0576,0.147491,,1829300,,
1,1,,0.032917,0.230502,0.118455,0.053232,0.146453,0.073107,0.115502,0.106655,0.094104,0.029074,,1843400,,
1,1,,0.068264,0.245293,0.114609,0.032461,0.109501,0.025772,0.074016,0.114682,0.182707,0.032697,,1869700,,
1,1,,0.021343,0.229272,0.087553,0.147719,0.034812,0.111022,0.014103,0.07803,0.060684,0.215462,,1829100,,
1,8,,0.097367,0.226867,0.098361,0.029134,0.101937,0.014842,0.041574,0.11757,0.229591,0.042756,,1842200,,
1,1,,0.097629,0.236899,0.104113,0.029696,0.074071,0.014609,0.044071,0.120616,0.235181,0.043115,,1822300,,
1,1,,0.043655,0.223774,0.07985,0.136557,0.068852,0.120532,0.022875,0.096464,0.065511,0.14193,,1816600,,
1,2,,0.024757,0.107212,0.222543,0.111305,0.034449,0.19452,0.037211,0.056653,0.069892,0.141458,,1819900,,
1,1,,0.063929,0.208942,0.138904,0.02825,0.12764,0.037582,0.096361,0.077692,0.187062,0.033638,,1830400,,
1,4,,0.077404,0.209519,0.061505,0.01314,0.23158,0.075613,0.157695,0.036509,0.132139,0.004897,,1836100,,
1,1,,0.08407,0.229297,0.190905,0.035383,0.063761,0.011368,0.055765,0.08802,0.208427,0.033004,,1858900,,
1,1,,0.010683,0.178747,0.140686,0.095633,0.063429,0.170052,0.107163,0.058723,0.068701,0.106182,,1826300,,
1,8,,0.104552,0.173677,0.074872,0.029979,0.116888,0.016272,0.045625,0.103692,0.298526,0.035917,,1856400,,
1,1,,0.104149,0.278056,0.069758,0.025559,0.087072,0.013996,0.056485,0.098669,0.233424,0.03283,,1829700,,
1,1,,0.017709,0.238531,0.097022,0.098915,0.078496,0.145905,0.021223,0.065464,0.070957,0.16578,,1835100,,
1,5,,0.00525,0.150417,0.121684,0.173965,0.032761,0.199605,0.055387,0.072817,0.044388,0.143726,,1828200,,
1,1,,0.045925,0.192873,0.112624,0.047536,0.146431,0.128947,0.105463,0.06624,0.105743,0.048216,,1845400,,
1,5,,0.007036,0.143166,0.143061,0.172208,0.035151,0.191164,0.057517,0.068502,0.045162,0.137033,,1843900,,
1,9,,0.06295,0.159726,0.095793,0.177296,0.040153,0.09469,0.018008,0.088705,0.047772,0.214907,,1860700,,
1,1,,0.068921,0.256689,0.128336,0.024905,0.128108,0.020332,0.090086,0.080841,0.174191,0.027591,,1831900,,
1,1,,0.025007,0.193636,0.144624,0.150422,0.048141,0.087123,0.009305,0.159355,0.068949,0.113437,,1880200,,
1,2,,0.018966,0.148653,0.184222,0.135604,0.032444,0.173258,0.036367,0.06212,0.066953,0.141412,,1815200,,
1,1,,0.02128,0.219969,0.117718,0.101609,0.054921,0.152631,0.020497,0.081929,0.0826,0.146847,,1804200,,
1,1,,0.008777,0.261243,0.130077,0.11803,0.072666,0.12463,0.039504,0.107305,0.045471,0.092299,,1835100,,
1,9,,0.047136,0.143423,0.073985,0.127903,0.046919,0.124648,0.016549,0.078836,0.051301,0.2893,,1813200,,
1,1,,0.059464,0.2153,0.10074,0.139175,0.047651,0.089429,0.014279,0.095336,0.07137,0.167257,,1808900,,
1,2,,0.006541,0.127167,0.208696,0.103947,0.042223,0.19074,0.057483,0.060386,0.072944,0.129873,,1901700,,
1,1,,0.022075,0.291618,0.105507,0.107588,0.078754,0.077617,0.037664,0.111363,0.076334,0.09148,,1901900,,
1,1,,0.059335,0.225156,0.101497,0.146137,0.046383,0.089626,0.014377,0.097578,0.071853,0.148059,,1817300,,
1,1,,0.037135,0.316778,0.114417,0.01599,0.123649,0.044873,0.149373,0.044807,0.146936,0.006042,,1836200,,
1,1,,0.059563,0.242948,0.098551,0.022986,0.151638,0.042362,0.102237,0.088786,0.169291,0.021636,,1866000,,
1,8,,0.090265,0.198309,0.109592,0.037941,0.071252,0.032238,0.04443,0.126493,0.255382,0.034098,,1878300,,
1,1,,0.0821,0.19161,0.113011,0.077391,0.101496,0.04452,0.044966,0.125402,0.148633,0.07087,,1808900,,
1,1,,0.04426,0.214825,0.119426,0.025819,0.131575,0.067256,0.140738,0.071046,0.177428,0.007628,,1805500,,
1,1,,0.042579,0.258588,0.111128,0.018724,0.12931,0.048931,0.168995,0.064481,0.149892,0.007373,,1850300,,
1,1,,0.03371,0.218532,0.181191,0.04366,0.079433,0.100145,0.107852,0.059958,0.137608,0.037912,,1852100,,
1,1,,0.036563,0.22621,0.098941,0.175632,0.042528,0.089084,0.018506,0.090963,0.087041,0.134532,,1846900,,
1,1,,0.046908,0.277695,0.10359,0.045558,0.128382,0.054175,0.075257,0.095004,0.134076,0.039355,,1846500,,
1,5,,0.005343,0.136549,0.149482,0.161873,0.031917,0.205646,0.045558,0.062376,0.047112,0.154144,,1857400,,
1,8,,0.085933,0.202073,0.076746,0.030937,0.090583,0.029949,0.068532,0.117725,0.262546,0.034976,,1844100,,
1,1,,0.010325,0.269835,0.091751,0.135049,0.049545,0.14544,0.022856,0.073684,0.079412,0.122104,,1805500,,
1,1,,0.06304,0.243234,0.096677,0.069764,0.057327,0.089607,0.048134,0.079453,0.162249,0.090516,,1807800,,
1,9,,0.043752,0.182472,0.076426,0.138954,0.043016,0.120308,0.014227,0.08184,0.06662,0.232385,,1873000,,
1,1,,0.031781,0.19446,0.09555,0.144342,0.054318,0.142117,0.045444,0.066317,0.045305,0.180367,,1840200,,
1,1,,0.025384,0.225914,0.083642,0.127731,0.035917,0.15774,0.012514,0.071732,0.089155,0.170271,,1830800,,
1,1,,0.076274,0.213629,0.101586,0.061072,0.089457,0.064889,0.047007,0.091868,0.151073,0.103145,,1867500,,
1,8,,0.043096,0.185987,0.110589,0.026228,0.123843,0.072001,0.120857,0.079981,0.221171,0.016246,,1845100,,
1,1,,0.05951,0.215308,0.086628,0.109479,0.054156,0.088414,0.02517,0.113791,0.094984,0.152561,,1841100,,
1,1,,0.03607,0.275695,0.11728,0.038053,0.114953,0.063038,0.129146,0.063172,0.135958,0.026634,,1843400,,
1,1,,0.05951,0.250986,0.077949,0.106784,0.05409,0.088349,0.02517,0.109829,0.074767,0.152567,,1855100,,
1,1,,0.019953,0.265618,0.081718,0.152983,0.035339,0.098417,0.01435,0.082379,0.093164,0.156081,,1806800,,
1,1,,0.006053,0.234965,0.124335,0.103139,0.06482,0.17768,0.020847,0.085581,0.074624,0.107956,,1822400,,
1,1,,0.079243,0.216494,0.096468,0.128827,0.046602,0.083311,0.022686,0.091599,0.115107,0.119662,,1818000,,
1,1,,0.083096,0.24454,0.096408,0.094915,0.062502,0.070809,0.044859,0.09306,0.127371,0.082439,,1950600,,
1,8,,0.097947,0.208883,0.088495,0.030758,0.079103,0.025937,0.037508,0.149314,0.23749,0.044565,,1914900,,
1,1,,0.062169,0.190309,0.097364,0.023853,0.136976,0.108976,0.170787,0.044294,0.157931,0.007341,,1838400,,
1,6,,0.021137,0.145374,0.138706,0.126582,0.04852,0.101231,0.153363,0.06161,0.066858,0.136621,,1800800,,
1,1,,0.06782,0.174377,0.136389,0.05414,0.105058,0.078125,0.069951,0.097217,0.154146,0.062777,,1819900,,
1,4,,0.077281,0.168059,0.118784,0.017718,0.199312,0.072656,0.188177,0.064432,0.086769,0.006812,,1812600,,
1,1,,0.091412,0.276086,0.092774,0.02768,0.082271,0.044701,0.049934,0.0776,0.219437,0.038105,,1835500,,
1,1,,0.056101,0.223427,0.121499,0.052418,0.090364,0.050076,0.089183,0.102918,0.161112,0.052904,,1832800,,
1,1,,0.038503,0.218621,0.081062,0.106818,0.044178,0.127129,0.015333,0.099764,0.10025,0.168341,,1873000,,
1,1,,0.059971,0.215633,0.100777,0.154205,0.047552,0.075829,0.01705,0.102933,0.092195,0.133855,,1873400,,
1,1,,0.059464,0.252466,0.072802,0.134811,0.047794,0.089434,0.014279,0.095407,0.092227,0.141316,,1853100,,
1,1,,0.008655,0.215876,0.126146,0.099713,0.068798,0.177042,0.018617,0.08491,0.070292,0.129952,,2691400,,
1,8,,0.052323,0.184521,0.186263,0.053433,0.051201,0.05965,0.050107,0.081394,0.21159,0.069517,,2140300,,
1,1,,0.009053,0.287214,0.123083,0.108877,0.058762,0.099219,0.026245,0.127973,0.075867,0.083707,,1883200,,
1,1,,0.026019,0.23123,0.133213,0.101351,0.040386,0.105765,0.017553,0.081032,0.108489,0.154962,,1960900,,
1,1,,0.03117,0.214485,0.074792,0.133913,0.072282,0.132513,0.026542,0.08412,0.073236,0.156947,,1884000,,
1,1,,0.097275,0.23653,0.088361,0.072079,0.073494,0.049601,0.049882,0.084739,0.188235,0.059803,,1832700,,
1,4,,0.096267,0.147443,0.095257,0.012342,0.229104,0.073601,0.222613,0.03676,0.081056,0.005558,,1853200,,
2,2,,0.031191,0.141038,0.265863,0.072507,0.049724,0.06072,0.09552,0.1249,0.116814,0.041724,,1878200,,
2,9,,0.04794,0.089991,0.20029,0.143544,0.035016,0.110586,0.011501,0.07896,0.064127,0.218043,,1834300,,
2,2,,0.002665,0.103522,0.323132,0.153565,0.029536,0.110185,0.042003,0.090252,0.048084,0.097056,,1824800,,
2,2,,0.083521,0.102569,0.265369,0.042896,0.061794,0.020464,0.052116,0.116535,0.221638,0.033099,,1857000,,
2,2,,0.040853,0.136713,0.204627,0.071376,0.062533,0.04992,0.124758,0.090651,0.197634,0.020935,,1823200,,
2,2,,0.041389,0.088903,0.242361,0.16807,0.03188,0.084775,0.010901,0.102201,0.063675,0.165844,,1820200,,
2,2,,0.044698,0.097136,0.226838,0.165991,0.030945,0.082669,0.017001,0.162584,0.061097,0.111041,,1810000,,
2,2,,0.066221,0.090183,0.292497,0.053098,0.050161,0.041275,0.053813,0.109675,0.211049,0.032027,,1835400,,
2,2,,0.049356,0.090813,0.270575,0.066379,0.05948,0.045928,0.089371,0.136196,0.152006,0.039897,,1813100,,
2,2,,0.032738,0.120677,0.322602,0.040108,0.059795,0.054377,0.157749,0.062149,0.138366,0.011439,,1801600,,
2,2,,0.007626,0.115939,0.294794,0.127304,0.034179,0.095066,0.04378,0.106882,0.042388,0.132042,,1799600,,
2,6,,0.055163,0.084629,0.18597,0.039763,0.076395,0.077806,0.209327,0.065607,0.181263,0.024077,,1828400,,
2,2,,0.04834,0.093116,0.252731,0.047916,0.053499,0.042083,0.083175,0.110549,0.216447,0.052145,,1828100,,
2,2,,0.005937,0.094755,0.343714,0.115274,0.03682,0.126856,0.051357,0.076737,0.045639,0.102912,,1807500,,
2,2,,0.006427,0.113616,0.272758,0.164205,0.034433,0.124484,0.045176,0.070271,0.039217,0.129415,,1808500,,
2,2,,0.069387,0.106301,0.257094,0.035208,0.107806,0.04318,0.215301,0.04837,0.110567,0.006788,,1843100,,
2,2,,0.007538,0.091592,0.293548,0.135117,0.037367,0.138232,0.059182,0.081809,0.04395,0.111666,,1803400,,
2,2,,0.017398,0.093235,0.287766,0.157463,0.035229,0.084526,0.032144,0.116059,0.05257,0.12361,,1796500,,
2,2,,0.096452,0.110649,0.207048,0.153963,0.037397,0.0783,0.021231,0.09691,0.073807,0.124243,,1804100,,
2,2,,0.013103,0.12326,0.315291,0.105399,0.031733,0.095259,0.038847,0.085521,0.097076,0.09451,,1842500,,
2,2,,0.031018,0.091171,0.333714,0.107426,0.04788,0.063485,0.0938,0.096375,0.085934,0.049196,,1842200,,
2,2,,0.026947,0.107465,0.220639,0.1145,0.036713,0.095941,0.010997,0.120244,0.145362,0.121193,,1807900,,
2,2,,0.070439,0.093846,0.2923,0.045694,0.056874,0.02334,0.052512,0.111466,0.221261,0.032269,,1809200,,
2,2,,0.02534,0.120389,0.262475,0.131763,0.047016,0.091057,0.010825,0.10644,0.06637,0.138325,,1858200,,
2,2,,0.036012,0.173439,0.232552,0.052023,0.06015,0.028951,0.147302,0.056594,0.198311,0.014664,,1855700,,
2,2,,0.010946,0.114005,0.31308,0.113901,0.036028,0.115832,0.051597,0.080196,0.058381,0.106034,,1819700,,
2,2,,0.034301,0.129381,0.323341,0.050294,0.054949,0.030913,0.148859,0.055893,0.161329,0.010738,,1808800,,
2,2,,0.031889,0.167107,0.280794,0.05041,0.068868,0.032409,0.169656,0.049674,0.13838,0.010813,,1837900,,
2,2,,0.05366,0.087153,0.311282,0.054745,0.048296,0.059587,0.052208,0.079641,0.182501,0.070927,,1991900,,
2,2,,0.024721,0.135895,0.202368,0.154336,0.032939,0.085602,0.013565,0.133643,0.060978,0.155952,,1829200,,
2,9,,0.051137,0.093761,0.149201,0.17337,0.035313,0.117767,0.014807,0.080486,0.064638,0.219521,,1926700,,
2,2,,0.042586,0.150135,0.179864,0.173352,0.030769,0.095451,0.0133,0.091195,0.059335,0.164014,,1845800,,
2,2,,0.038853,0.147031,0.269446,0.072151,0.052289,0.051293,0.116449,0.102175,0.119645,0.030669,,1845400,,
2,2,,0.045922,0.100784,0.274976,0.106864,0.04652,0.070595,0.053986,0.112363,0.126921,0.061069,,1807900,,
2,2,,0.014434,0.104841,0.300501,0.10462,0.038989,0.10435,0.097382,0.061562,0.080919,0.092402,,2062800,,
2,2,,0.007911,0.141561,0.28295,0.100799,0.037344,0.110129,0.068413,0.071087,0.08892,0.090886,,1876100,,
2,2,,0.004628,0.089722,0.313525,0.188541,0.030986,0.106337,0.049593,0.083008,0.035779,0.097881,,1829300,,
2,2,,0.007815,0.136022,0.281664,0.112111,0.039234,0.095946,0.056888,0.122761,0.066775,0.080783,,1827200,,
2,2,,0.038447,0.090607,0.260495,0.102451,0.054057,0.106314,0.115184,0.100463,0.055009,0.076973,,1849200,,
2,8,,0.05374,0.118617,0.231705,0.037124,0.052752,0.051189,0.068102,0.078444,0.258869,0.049458,,1808500,,
2,2,,0.042702,0.144667,0.282378,0.029303,0.068418,0.057477,0.13981,0.068409,0.149783,0.017053,,1810700,,
2,2,,0.008601,0.088027,0.320934,0.141882,0.033765,0.116374,0.042011,0.078795,0.043372,0.12624,,1816800,,
2,2,,0.024248,0.101186,0.276728,0.105506,0.033129,0.094929,0.027246,0.092005,0.128943,0.116081,,1818900,,
2,2,,0.003129,0.102045,0.307615,0.122735,0.032477,0.139381,0.041875,0.084317,0.057798,0.108628,,1808400,,
2,2,,0.028893,0.089489,0.24868,0.187614,0.032164,0.112204,0.069591,0.067214,0.041127,0.123023,,1864000,,
2,2,,0.020128,0.095314,0.292862,0.118629,0.035154,0.082332,0.047758,0.131137,0.069061,0.107623,,1889900,,
2,8,,0.064928,0.136135,0.197141,0.050383,0.082821,0.037238,0.095382,0.085678,0.221966,0.028328,,2029600,,
2,2,,0.004421,0.100603,0.351655,0.13021,0.034977,0.106391,0.051379,0.087823,0.039743,0.092799,,1817800,,
2,2,,0.020128,0.095314,0.292862,0.118629,0.035154,0.082332,0.047758,0.131137,0.069061,0.107623,,1834200,,
2,6,,0.07769,0.086621,0.219376,0.052341,0.083785,0.043752,0.244797,0.036854,0.135574,0.019209,,1872900,,
2,9,,0.071315,0.089535,0.093498,0.171224,0.044581,0.11428,0.018569,0.084033,0.04689,0.266075,,1831300,,
2,2,,0.008388,0.118565,0.299478,0.125848,0.033978,0.098855,0.036256,0.114739,0.044046,0.119847,,1823800,,
2,2,,0.035435,0.134658,0.281718,0.043216,0.083191,0.038774,0.1264,0.089128,0.156251,0.011231,,1845500,,
2,2,,0.006168,0.098525,0.312131,0.159409,0.037973,0.116363,0.030509,0.092452,0.039731,0.106739,,1827800,,
2,2,,0.048106,0.145314,0.260904,0.037648,0.066322,0.06301,0.121162,0.092026,0.137137,0.028371,,1821500,,
2,2,,0.031496,0.150066,0.292933,0.039522,0.075388,0.033573,0.177645,0.046094,0.140933,0.012352,,1817500,,
2,2,,0.030395,0.149464,0.292929,0.055641,0.068013,0.031875,0.178413,0.051796,0.131893,0.009581,,1817600,,
2,9,,0.04251,0.101722,0.141526,0.202344,0.029526,0.094842,0.011132,0.088373,0.056118,0.231907,,1857000,,
2,2,,0.067687,0.110201,0.255655,0.073874,0.07104,0.054275,0.179551,0.067819,0.089373,0.030526,,1818800,,
2,2,,0.067845,0.091212,0.255159,0.052306,0.051088,0.041527,0.062049,0.136328,0.182225,0.06026,,1812300,,
2,2,,0.008794,0.152063,0.278423,0.13192,0.03573,0.096014,0.04984,0.109271,0.042144,0.095802,,1824400,,
2,2,,0.066181,0.094915,0.265204,0.101071,0.047944,0.04219,0.050173,0.147582,0.129952,0.054787,,1822800,,
2,2,,0.0068,0.132616,0.265079,0.113061,0.035176,0.111229,0.059481,0.104537,0.06812,0.103901,,1849200,,
2,2,,0.030165,0.090818,0.359921,0.081448,0.049772,0.063059,0.10356,0.084009,0.086379,0.05087,,2638700,,
2,9,,0.047618,0.093175,0.135477,0.150875,0.055944,0.127013,0.00977,0.074525,0.074393,0.231211,,1973600,,
2,2,,0.042756,0.139914,0.200545,0.042342,0.068803,0.047676,0.118983,0.12196,0.197469,0.019552,,1983500,,
2,2,,0.006007,0.090704,0.322837,0.125336,0.034863,0.087236,0.067433,0.134361,0.051034,0.080188,,1846900,,
2,2,,0.09265,0.077139,0.250934,0.064413,0.099057,0.038246,0.233807,0.040735,0.095062,0.007957,,1840600,,
2,2,,0.031589,0.111869,0.314885,0.071369,0.05258,0.087046,0.105007,0.062062,0.100417,0.063177,,1906100,,
2,3,,0.020713,0.096339,0.182664,0.228356,0.052656,0.086509,0.01061,0.121142,0.055671,0.145341,,1822600,,
2,2,,0.109006,0.072144,0.230687,0.036959,0.125119,0.054435,0.206921,0.039561,0.111755,0.013413,,1814500,,
2,6,,0.111386,0.06285,0.189107,0.037899,0.10639,0.048578,0.272882,0.029704,0.109638,0.031567,,1820400,,
2,2,,0.031453,0.087752,0.237255,0.13359,0.045415,0.099136,0.01703,0.090532,0.066757,0.191079,,1823600,,
2,2,,0.03025,0.154673,0.257362,0.085868,0.054316,0.070256,0.086283,0.114634,0.101371,0.044986,,1834000,,
2,2,,0.036403,0.162378,0.277955,0.039574,0.05991,0.040368,0.11039,0.101304,0.153368,0.018349,,1838700,,
2,2,,0.029614,0.130961,0.257262,0.108646,0.048692,0.062303,0.135598,0.063381,0.117573,0.04597,,1821900,,
2,2,,0.032532,0.138275,0.324556,0.041008,0.067927,0.033476,0.171915,0.047409,0.13254,0.010362,,1857800,,
2,9,,0.066982,0.10944,0.178621,0.137175,0.034814,0.112499,0.00977,0.077046,0.073004,0.200649,,1818000,,
2,2,,0.006223,0.096993,0.296127,0.12823,0.032645,0.097109,0.05922,0.126575,0.064504,0.092374,,1817000,,
2,2,,0.083825,0.098541,0.245167,0.048189,0.061932,0.013776,0.052268,0.138644,0.225934,0.031724,,1837000,,
2,2,,0.076827,0.102157,0.266814,0.027571,0.077844,0.037763,0.094378,0.088217,0.180885,0.047544,,1821700,,
2,2,,0.006874,0.100358,0.339162,0.119654,0.034547,0.087089,0.073456,0.103669,0.054659,0.080531,,1810700,,
2,2,,0.060766,0.110186,0.23987,0.037327,0.087474,0.043884,0.230783,0.05411,0.124823,0.010775,,1835800,,
2,2,,0.041164,0.110846,0.228916,0.173963,0.030913,0.091062,0.010901,0.097298,0.057006,0.157931,,1844000,,
2,2,,0.054813,0.091843,0.322005,0.06757,0.063367,0.025335,0.086776,0.106499,0.158034,0.023758,,1898400,,
2,2,,0.080514,0.128953,0.247183,0.046568,0.082415,0.032984,0.2162,0.04338,0.113096,0.008707,,1813000,,
2,2,,0.021821,0.090271,0.244021,0.170354,0.036197,0.094483,0.018416,0.111498,0.060096,0.152843,,1814000,,
2,2,,0.069427,0.096223,0.283573,0.050482,0.061024,0.01204,0.068562,0.110255,0.217965,0.03045,,1882000,,
2,2,,0.005395,0.089491,0.324909,0.151286,0.032833,0.108751,0.045251,0.076406,0.041177,0.1245,,1826100,,
2,2,,0.006223,0.118818,0.304805,0.129749,0.033276,0.117175,0.05922,0.088184,0.050182,0.092368,,1811500,,
2,9,,0.0476,0.092536,0.173426,0.133936,0.031547,0.127689,0.00977,0.095705,0.073254,0.214537,,1860800,,
2,2,,0.085452,0.095283,0.22374,0.042037,0.107392,0.046383,0.223443,0.039506,0.104562,0.032203,,1835200,,
2,2,,0.01279,0.099325,0.310023,0.133764,0.028828,0.09704,0.028638,0.144043,0.050926,0.094623,,1818100,,
2,2,,0.005597,0.096453,0.315119,0.115649,0.036469,0.14559,0.049626,0.077246,0.054549,0.103702,,1829900,,
2,2,,0.026261,0.100372,0.243161,0.141227,0.031705,0.084114,0.019601,0.139585,0.099612,0.114363,,1830500,,
2,2,,0.00774,0.11297,0.296864,0.134812,0.035119,0.11764,0.059197,0.077097,0.056078,0.102482,,1839800,,
2,2,,0.045906,0.087969,0.286136,0.068177,0.056295,0.028494,0.117636,0.091885,0.192743,0.02476,,1807500,,
2,2,,0.070624,0.109536,0.249226,0.036844,0.079992,0.070768,0.202621,0.03885,0.122288,0.019251,,1807500,,
2,2,,0.071141,0.126053,0.236985,0.042296,0.083091,0.043498,0.180352,0.038144,0.152647,0.025794,,1859800,,
2,2,,0.059527,0.124363,0.259189,0.035939,0.083062,0.067786,0.168148,0.063369,0.131351,0.007267,,1833100,,
2,2,,0.011141,0.090801,0.3122,0.136054,0.03575,0.137384,0.046554,0.070299,0.044658,0.115158,,1818700,,
2,2,,0.044322,0.114142,0.205108,0.136624,0.033717,0.110879,0.010747,0.142618,0.067262,0.134583,,1819200,,
2,2,,0.038355,0.137976,0.308733,0.039631,0.071863,0.03386,0.184902,0.047741,0.126852,0.010087,,1834700,,
2,2,,0.026225,0.096274,0.2328,0.168101,0.031494,0.094758,0.015219,0.100848,0.06895,0.165331,,1819300,,
2,2,,0.004689,0.120779,0.222676,0.177527,0.030861,0.134201,0.036187,0.067072,0.072659,0.133349,,1811700,,
2,2,,0.021434,0.110338,0.266528,0.154837,0.034794,0.093771,0.022833,0.097111,0.057106,0.141249,,1815200,,
2,2,,0.004628,0.110762,0.310177,0.17197,0.032748,0.106363,0.045233,0.083866,0.036184,0.098068,,1825200,,
2,2,,0.029942,0.141545,0.282401,0.074612,0.049035,0.047134,0.138481,0.094288,0.111826,0.030736,,1811300,,
2,2,,0.00408,0.101615,0.305475,0.126736,0.034808,0.109387,0.050245,0.119691,0.05431,0.093651,,1825900,,
2,2,,0.049688,0.096553,0.236675,0.08253,0.06603,0.049171,0.047479,0.131291,0.157303,0.08328,,1879700,,
2,2,,0.041146,0.112195,0.260214,0.165423,0.029217,0.085023,0.010901,0.119819,0.055626,0.120435,,1823800,,
2,2,,0.100032,0.121049,0.277134,0.039201,0.052844,0.013003,0.058358,0.095671,0.211114,0.031594,,1868100,,
3,8,,0.112503,0.114293,0.144178,0.153776,0.050984,0.041621,0.049262,0.080722,0.171265,0.081395,,1803500,,
3,3,,0.038429,0.090035,0.116307,0.288621,0.037751,0.098915,0.015385,0.087035,0.056345,0.171176,,1817500,,
3,3,,0.082674,0.10761,0.125563,0.18454,0.058325,0.106949,0.09539,0.069883,0.095085,0.073982,,1802600,,
3,8,,0.100231,0.122756,0.094254,0.145376,0.062593,0.038793,0.046284,0.121279,0.205424,0.063011,,1807600,,
3,3,,0.024163,0.100421,0.156668,0.287102,0.029235,0.096843,0.016577,0.081607,0.06803,0.139353,,1800100,,
3,3,,0.024899,0.112379,0.157087,0.257444,0.034689,0.125302,0.031641,0.081511,0.049606,0.125442,,1870600,,
3,3,,0.051086,0.090332,0.122682,0.247682,0.042087,0.095152,0.015385,0.092771,0.057132,0.185691,,1813700,,
3,3,,0.021273,0.118176,0.1418,0.247007,0.029282,0.124788,0.008639,0.084695,0.063521,0.160818,,1832000,,
3,3,,0.021872,0.088787,0.131953,0.27434,0.03378,0.166911,0.039202,0.07416,0.046756,0.12224,,1822500,,
3,3,,0.053413,0.095778,0.127327,0.228856,0.047146,0.087239,0.035024,0.095214,0.092308,0.137695,,1835100,,
3,3,,0.037766,0.091465,0.135239,0.27274,0.037059,0.120741,0.012661,0.088153,0.06237,0.141808,,1819000,,
3,3,,0.038007,0.089959,0.139434,0.268316,0.036602,0.099028,0.015424,0.090647,0.051903,0.170679,,1813100,,
3,3,,0.037549,0.098668,0.087646,0.288705,0.037864,0.1025,0.012888,0.111286,0.064525,0.158369,,1826100,,
3,3,,0.027223,0.099089,0.157636,0.238867,0.028393,0.12272,0.00878,0.088605,0.088792,0.139894,,1861000,,
3,7,,0.058175,0.106554,0.111967,0.131293,0.04484,0.103392,0.00891,0.216694,0.099408,0.118766,,1812300,,
3,8,,0.08643,0.125768,0.143262,0.096019,0.06043,0.046437,0.042413,0.120358,0.195297,0.083586,,1815900,,
3,3,,0.025292,0.115578,0.140557,0.242126,0.04322,0.114266,0.007893,0.087352,0.069503,0.154214,,1813900,,
3,3,,0.038007,0.109959,0.139434,0.214566,0.036602,0.107361,0.015424,0.090647,0.052737,0.195262,,1813100,,
3,3,,0.028131,0.105061,0.123278,0.277597,0.029145,0.096774,0.011308,0.11388,0.066179,0.148647,,1841900,,
3,3,,0.018375,0.092009,0.155953,0.250564,0.044182,0.132746,0.052816,0.068349,0.041526,0.143479,,1806900,,
3,3,,0.021969,0.098394,0.114226,0.26293,0.05166,0.123503,0.061178,0.087058,0.068791,0.110291,,1822200,,
3,3,,0.026928,0.112568,0.146353,0.244948,0.028622,0.09497,0.009206,0.09203,0.067133,0.177241,,1846900,,
3,8,,0.085834,0.101428,0.147048,0.109793,0.056077,0.041169,0.069526,0.094812,0.22808,0.066233,,1850700,,
3,8,,0.109457,0.108634,0.077667,0.164784,0.056547,0.058953,0.04698,0.065372,0.191707,0.119899,,1811900,,
3,3,,0.038429,0.085982,0.116287,0.276917,0.037241,0.107055,0.015385,0.086184,0.057178,0.179341,,1839200,,
3,3,,0.027363,0.117348,0.139152,0.263958,0.043812,0.09479,0.006505,0.11319,0.055071,0.138812,,1818600,,
3,3,,0.117155,0.110458,0.128034,0.16691,0.056355,0.04911,0.049405,0.084757,0.105304,0.132512,,1828900,,
3,9,,0.029068,0.147996,0.141837,0.154644,0.042098,0.111979,0.01584,0.081646,0.077671,0.197222,,1843500,,
3,3,,0.038161,0.159046,0.119277,0.193208,0.03866,0.106296,0.012831,0.08859,0.070993,0.17294,,1806000,,
3,3,,0.103752,0.076874,0.093186,0.181878,0.05434,0.067534,0.045782,0.072955,0.131141,0.172558,,1843400,,
3,3,,0.021273,0.096958,0.149718,0.278418,0.028629,0.10584,0.008639,0.083773,0.082664,0.14409,,1839800,,
3,3,,0.040209,0.101688,0.159975,0.228689,0.035728,0.124524,0.013184,0.089051,0.07104,0.135912,,1819400,,
3,3,,0.050446,0.103098,0.146672,0.184988,0.043399,0.110122,0.013005,0.109584,0.083517,0.15517,,2000200,,
3,3,,0.038379,0.114957,0.127584,0.20563,0.039685,0.164139,0.008138,0.113309,0.040876,0.147304,,1806800,,
3,3,,0.021139,0.111295,0.135947,0.288961,0.029483,0.097912,0.010835,0.090942,0.052641,0.160845,,1801400,,
3,3,,0.027768,0.157298,0.123428,0.224784,0.030319,0.102539,0.0107,0.086694,0.068698,0.167772,,1820500,,
3,5,,0.025909,0.104033,0.111704,0.160966,0.053272,0.225557,0.046728,0.059584,0.046077,0.166168,,1810200,,
3,3,,0.029666,0.114372,0.187727,0.247342,0.026159,0.117934,0.027999,0.076115,0.049126,0.123561,,1814800,,
3,3,,0.03498,0.086367,0.1343,0.274991,0.035693,0.123088,0.022985,0.083296,0.049887,0.154412,,1827100,,
3,3,,0.047289,0.095918,0.13427,0.253634,0.037625,0.094672,0.015183,0.094692,0.052422,0.174295,,1884100,,
