optical,CWE,test,1,NANOSECONDS,PREDICTIONS, Generated by ClassifierExperiments.java on 2022-05-17 03:02:40.    SYSTEMPROPERTIES:{user.name:matth,os.arch:amd64,os.name:Windows 10},ENDSYSTEMPROPERTIES
No parameter info
0.8671390611160319,1783269600,2022960600,-1,98912952,10,,-1,-1
0,0,,0.369384,0.039099,0.035859,0.094291,0.095559,0.05143,0.093744,0.049234,0.049549,0.121851,,2005300,,
0,0,,0.38165,0.039904,0.025811,0.072549,0.142545,0.029366,0.083325,0.103855,0.065355,0.055639,,1842100,,
0,4,,0.162266,0.093234,0.032994,0.090264,0.178042,0.025617,0.14376,0.132226,0.086214,0.055383,,1826600,,
0,0,,0.409842,0.044612,0.033779,0.105086,0.092605,0.054398,0.064455,0.066139,0.046327,0.082756,,1807800,,
0,0,,0.443756,0.029735,0.016532,0.049485,0.107866,0.037721,0.129769,0.040297,0.080089,0.06475,,1926200,,
0,0,,0.488358,0.031161,0.02515,0.074538,0.085918,0.039858,0.09368,0.043334,0.049474,0.068528,,1862600,,
0,0,,0.385674,0.048849,0.033305,0.051774,0.103134,0.062652,0.085704,0.058096,0.111011,0.059802,,1843800,,
0,0,,0.4926,0.032546,0.020085,0.039804,0.141237,0.034587,0.084732,0.056407,0.047951,0.050051,,1843200,,
0,0,,0.404195,0.038622,0.031205,0.08202,0.100777,0.047361,0.074851,0.056821,0.049441,0.114708,,1844200,,
0,0,,0.437857,0.030965,0.025178,0.076142,0.098624,0.043875,0.118129,0.040511,0.051224,0.077495,,1840400,,
0,0,,0.402049,0.03878,0.017059,0.041056,0.144473,0.052194,0.118773,0.064861,0.055193,0.065561,,1833900,,
0,0,,0.445275,0.028269,0.023638,0.0611,0.116395,0.037976,0.118878,0.042729,0.049621,0.07612,,1848100,,
0,0,,0.441781,0.032491,0.014874,0.039209,0.153221,0.055718,0.093827,0.056755,0.063706,0.048419,,1882000,,
0,0,,0.397293,0.037567,0.041488,0.055533,0.1124,0.071558,0.093958,0.054651,0.083225,0.052326,,1795100,,
0,0,,0.508115,0.029296,0.025021,0.041889,0.111416,0.03985,0.077267,0.063122,0.051876,0.052149,,1754900,,
0,0,,0.413172,0.051197,0.02884,0.075609,0.109582,0.039446,0.114598,0.041333,0.049276,0.076947,,1746200,,
0,0,,0.486598,0.029967,0.015554,0.059503,0.111813,0.035021,0.09827,0.043855,0.053774,0.065645,,1759500,,
0,0,,0.455599,0.034414,0.041348,0.075097,0.101297,0.039407,0.097441,0.043488,0.050951,0.060958,,1773200,,
0,0,,0.459766,0.034421,0.023568,0.066767,0.116386,0.039343,0.081521,0.054318,0.050202,0.073707,,1764400,,
0,0,,0.530356,0.028123,0.011144,0.03863,0.116707,0.033257,0.082304,0.058822,0.04955,0.051107,,1760600,,
0,0,,0.486959,0.03211,0.014068,0.065777,0.105768,0.039119,0.078728,0.050108,0.053077,0.074286,,1770800,,
0,0,,0.328781,0.075201,0.019236,0.038577,0.162899,0.04459,0.078638,0.099087,0.100644,0.052348,,1830600,,
0,0,,0.366836,0.044587,0.026377,0.03621,0.177233,0.046343,0.091632,0.10602,0.075253,0.029509,,1759300,,
0,0,,0.377794,0.042048,0.034781,0.069986,0.122781,0.054331,0.088677,0.064061,0.072422,0.073119,,1747100,,
0,0,,0.420679,0.034298,0.023444,0.068051,0.128114,0.040084,0.107447,0.054467,0.050449,0.072966,,1754500,,
0,0,,0.458776,0.034093,0.033462,0.050138,0.133927,0.035706,0.105664,0.051911,0.050094,0.04623,,1755800,,
0,0,,0.40243,0.048167,0.013232,0.043472,0.166769,0.036,0.107951,0.05396,0.049965,0.078053,,1769800,,
0,0,,0.428979,0.045313,0.030499,0.042032,0.106376,0.068055,0.087064,0.056832,0.073529,0.061319,,1766400,,
0,0,,0.432718,0.052438,0.022805,0.045588,0.130836,0.03543,0.085933,0.063864,0.068664,0.061725,,1759300,,
0,0,,0.415567,0.040643,0.015603,0.037976,0.186889,0.043516,0.082802,0.070063,0.063853,0.043088,,1785200,,
0,0,,0.507749,0.028692,0.012939,0.047258,0.129018,0.034223,0.100613,0.044427,0.04901,0.046071,,1771000,,
0,0,,0.494881,0.029632,0.0193,0.040779,0.135216,0.03663,0.087395,0.056802,0.048192,0.051172,,1753100,,
0,0,,0.45296,0.032603,0.025962,0.074831,0.104354,0.039445,0.09785,0.044318,0.05036,0.077317,,1754600,,
0,0,,0.432,0.031505,0.01592,0.0348,0.147626,0.032946,0.116099,0.099979,0.059002,0.030122,,1756800,,
0,0,,0.485544,0.030993,0.010551,0.037929,0.137286,0.034193,0.090444,0.062786,0.057347,0.052927,,1747900,,
0,0,,0.49609,0.027601,0.013035,0.046809,0.122404,0.032937,0.108515,0.054964,0.050667,0.046977,,1748300,,
0,0,,0.372409,0.051138,0.026315,0.058953,0.158065,0.070707,0.083581,0.058726,0.048404,0.071702,,1757400,,
0,0,,0.488428,0.032964,0.027727,0.066881,0.095891,0.041777,0.071055,0.058527,0.051841,0.064908,,1738700,,
0,0,,0.454224,0.036573,0.025827,0.070749,0.105679,0.043207,0.078732,0.056658,0.050846,0.077504,,1768700,,
0,0,,0.479779,0.031463,0.024721,0.074613,0.093253,0.039613,0.095095,0.043561,0.049474,0.068429,,1751600,,
0,4,,0.215714,0.088368,0.040551,0.037259,0.231113,0.046798,0.150384,0.057876,0.10469,0.027245,,1757400,,
0,0,,0.390103,0.061809,0.020916,0.041148,0.188676,0.051161,0.09349,0.062895,0.044079,0.045724,,1748100,,
0,0,,0.308027,0.076182,0.050078,0.051263,0.126113,0.076881,0.095128,0.06081,0.112932,0.042585,,1749200,,
0,0,,0.441656,0.051703,0.02423,0.07533,0.106452,0.039738,0.099473,0.043861,0.049597,0.067959,,1770800,,
0,0,,0.443052,0.028173,0.01422,0.026782,0.107004,0.046602,0.143958,0.046727,0.050493,0.092988,,1752100,,
0,0,,0.405224,0.035794,0.018398,0.035379,0.153962,0.034605,0.093646,0.084306,0.0696,0.069085,,1745000,,
0,0,,0.441847,0.030938,0.012857,0.043255,0.157116,0.037491,0.11935,0.054469,0.057569,0.045107,,1753400,,
0,0,,0.478777,0.036845,0.012832,0.04792,0.143439,0.033587,0.082643,0.06122,0.050606,0.052132,,1799200,,
0,0,,0.45763,0.0343,0.024308,0.066731,0.125388,0.038725,0.090226,0.050317,0.047705,0.064669,,1745600,,
0,0,,0.428501,0.05021,0.023458,0.071812,0.124276,0.042931,0.097803,0.04651,0.048716,0.06578,,1745900,,
0,0,,0.502263,0.030585,0.012751,0.056666,0.116101,0.04026,0.080489,0.052218,0.049233,0.059435,,1745300,,
0,0,,0.49268,0.031809,0.014626,0.066789,0.098562,0.039619,0.078463,0.050011,0.052674,0.074769,,1751000,,
0,0,,0.486977,0.030073,0.02286,0.044602,0.116506,0.034466,0.092291,0.05271,0.048081,0.071433,,1748100,,
0,0,,0.36458,0.060805,0.03512,0.089189,0.095189,0.049651,0.103625,0.056767,0.055296,0.089778,,1741200,,
0,0,,0.435874,0.054193,0.013404,0.045975,0.152137,0.031914,0.08263,0.062735,0.055028,0.06611,,1756100,,
0,0,,0.464977,0.032768,0.020023,0.040778,0.138798,0.036947,0.111048,0.056379,0.048678,0.049603,,1805000,,
0,0,,0.455015,0.03314,0.023994,0.060196,0.124019,0.033433,0.117224,0.047714,0.049288,0.055976,,1772800,,
0,0,,0.474818,0.028331,0.0237,0.060458,0.110531,0.037606,0.115915,0.042655,0.049497,0.056491,,1756200,,
0,0,,0.424901,0.036421,0.035216,0.051199,0.119908,0.059047,0.09977,0.060452,0.061407,0.05168,,1748200,,
0,0,,0.29982,0.097982,0.034067,0.065819,0.098582,0.038649,0.102178,0.06239,0.087131,0.113382,,1754200,,
0,0,,0.430829,0.052173,0.023386,0.034579,0.153257,0.025051,0.131241,0.06453,0.056306,0.028649,,1787700,,
0,0,,0.489533,0.03121,0.02454,0.055536,0.100378,0.044042,0.085985,0.049309,0.047891,0.071576,,1752900,,
0,0,,0.453778,0.032368,0.014378,0.080727,0.139374,0.035329,0.085537,0.055729,0.049395,0.053384,,1745300,,
0,0,,0.47208,0.032156,0.026521,0.076175,0.085554,0.040077,0.094795,0.04422,0.050489,0.077933,,1767900,,
0,0,,0.369317,0.031291,0.012516,0.046038,0.190062,0.039776,0.151918,0.047182,0.057303,0.054597,,1753900,,
0,0,,0.444682,0.031934,0.021541,0.067196,0.122743,0.043676,0.104624,0.049755,0.049118,0.06473,,1739300,,
0,0,,0.362133,0.048267,0.02416,0.049502,0.124671,0.046135,0.162486,0.039531,0.070708,0.072408,,1786200,,
0,0,,0.481513,0.030465,0.0238,0.063499,0.093326,0.048479,0.095164,0.038898,0.049338,0.075519,,1770700,,
0,0,,0.370099,0.048769,0.048208,0.055408,0.147002,0.067209,0.07998,0.056783,0.058776,0.067766,,1773700,,
0,0,,0.371694,0.038078,0.036178,0.094063,0.112729,0.04486,0.073174,0.063692,0.046901,0.118633,,1773200,,
0,0,,0.391121,0.03153,0.012414,0.047163,0.19568,0.038083,0.131083,0.048239,0.05772,0.046966,,1774200,,
0,0,,0.480698,0.032364,0.012962,0.039655,0.135513,0.039726,0.084694,0.053075,0.052739,0.068576,,1761400,,
0,0,,0.408403,0.050177,0.028576,0.08172,0.106427,0.038262,0.098176,0.050607,0.049845,0.087808,,1785000,,
0,0,,0.47893,0.036105,0.018303,0.038405,0.15175,0.026238,0.105721,0.058738,0.053637,0.032174,,1771900,,
0,0,,0.416426,0.054094,0.031054,0.069062,0.11261,0.053031,0.077722,0.059606,0.062535,0.063861,,1807000,,
0,0,,0.452343,0.03021,0.033267,0.049535,0.130619,0.039326,0.090985,0.062486,0.050429,0.060799,,1784500,,
0,0,,0.482198,0.031191,0.025684,0.049877,0.107499,0.032906,0.115361,0.046385,0.053037,0.055863,,1764400,,
0,0,,0.486223,0.031138,0.023813,0.060275,0.111331,0.035414,0.098308,0.047309,0.050014,0.056177,,1765300,,
0,0,,0.420056,0.052169,0.025466,0.050271,0.160379,0.034412,0.101513,0.057285,0.047473,0.050977,,1759200,,
0,0,,0.412295,0.033046,0.027976,0.063424,0.097293,0.069299,0.090318,0.057795,0.094778,0.053777,,1775600,,
0,0,,0.486639,0.029595,0.010519,0.038268,0.143943,0.034975,0.090213,0.073328,0.050236,0.042285,,1792700,,
0,0,,0.423743,0.039563,0.022017,0.043448,0.149706,0.059935,0.093654,0.064538,0.046508,0.056888,,1771100,,
0,0,,0.403345,0.04249,0.022467,0.038026,0.18609,0.029153,0.118726,0.07354,0.052851,0.033311,,1775400,,
0,0,,0.447538,0.029847,0.023826,0.072379,0.122806,0.043547,0.099351,0.046358,0.04884,0.065509,,1823700,,
0,0,,0.394596,0.049543,0.02688,0.045123,0.164168,0.035656,0.136956,0.049849,0.046608,0.05062,,1776000,,
0,0,,0.439393,0.037588,0.011416,0.040015,0.160856,0.050263,0.107472,0.062712,0.044157,0.046126,,1767900,,
0,0,,0.463614,0.031115,0.020664,0.046056,0.11941,0.02376,0.127232,0.060089,0.070814,0.037245,,1767800,,
0,0,,0.39611,0.031296,0.023373,0.044289,0.145646,0.025006,0.192707,0.05582,0.054612,0.03114,,1790300,,
0,0,,0.462547,0.032473,0.01525,0.037975,0.149605,0.04458,0.107729,0.050045,0.050391,0.049405,,1772600,,
0,0,,0.386411,0.032454,0.029239,0.086971,0.12994,0.038217,0.140892,0.059981,0.045328,0.050566,,1784500,,
0,0,,0.49364,0.031115,0.019362,0.040141,0.141237,0.038514,0.084838,0.052526,0.04816,0.050467,,1764700,,
0,0,,0.466465,0.033244,0.033808,0.068385,0.106664,0.039215,0.08744,0.054528,0.045894,0.064355,,1817400,,
0,0,,0.427649,0.029978,0.029523,0.062322,0.106561,0.058349,0.082998,0.081381,0.073662,0.047577,,1798700,,
0,0,,0.463748,0.031174,0.019266,0.040671,0.137856,0.039048,0.111132,0.057637,0.04941,0.050059,,1774300,,
0,0,,0.297207,0.045277,0.060662,0.063447,0.086892,0.118967,0.087184,0.061999,0.135719,0.042646,,1796500,,
0,0,,0.454597,0.029738,0.022983,0.054201,0.125949,0.042158,0.115123,0.055844,0.047111,0.052295,,1782600,,
0,0,,0.434019,0.034899,0.028222,0.078481,0.105242,0.043176,0.09785,0.046657,0.050472,0.080982,,1778900,,
0,0,,0.501275,0.035413,0.012342,0.03817,0.122068,0.036217,0.094877,0.057298,0.051668,0.050672,,1774400,,
0,0,,0.47853,0.028822,0.015256,0.038822,0.13821,0.036268,0.098809,0.063894,0.051177,0.050211,,1779100,,
0,0,,0.410128,0.041114,0.022434,0.06823,0.147724,0.060012,0.087629,0.056168,0.045654,0.060906,,1777800,,
0,0,,0.498749,0.032655,0.021976,0.053222,0.116157,0.035812,0.081714,0.057213,0.049454,0.053049,,1928300,,
0,0,,0.348653,0.046987,0.030127,0.090931,0.116012,0.08222,0.063137,0.070675,0.05464,0.09662,,1771400,,
0,0,,0.347031,0.051346,0.030272,0.065041,0.107371,0.080059,0.100582,0.057634,0.109486,0.051179,,1773200,,
0,0,,0.471088,0.034011,0.022849,0.040818,0.138397,0.035418,0.086951,0.057578,0.053331,0.059559,,1792500,,
0,0,,0.414252,0.05423,0.021298,0.078178,0.123788,0.045606,0.077407,0.062928,0.052716,0.069597,,1765500,,
0,0,,0.438981,0.036333,0.028772,0.071521,0.117701,0.054399,0.075801,0.058823,0.050256,0.067413,,1801100,,
0,0,,0.410364,0.052068,0.02905,0.042526,0.131739,0.06551,0.095899,0.051774,0.061375,0.059695,,1787300,,
0,0,,0.448265,0.033738,0.02701,0.068437,0.118265,0.052222,0.079535,0.057629,0.051422,0.063477,,1777200,,
0,0,,0.444151,0.035473,0.02299,0.034764,0.164105,0.022388,0.128919,0.063921,0.053625,0.029663,,1784500,,
0,0,,0.440504,0.031809,0.024848,0.061906,0.138515,0.041319,0.097648,0.054671,0.049056,0.059724,,1875100,,
0,0,,0.455286,0.033717,0.014878,0.044272,0.1432,0.038981,0.097872,0.04983,0.052338,0.069626,,1815700,,
1,1,,0.015143,0.261467,0.080732,0.115997,0.077089,0.081172,0.030154,0.14659,0.086592,0.105064,,1821900,,
1,1,,0.044807,0.281915,0.084582,0.052061,0.113918,0.083325,0.06906,0.081328,0.164921,0.024085,,1787400,,
1,1,,0.039991,0.258963,0.083675,0.143154,0.063479,0.089929,0.037691,0.075905,0.082634,0.124578,,1798500,,
1,1,,0.02603,0.314038,0.076917,0.091779,0.082557,0.066527,0.050721,0.097787,0.119357,0.074286,,1834900,,
1,3,,0.070687,0.118575,0.051162,0.213319,0.050029,0.139071,0.027655,0.078429,0.042665,0.208409,,1803200,,
1,1,,0.003277,0.301717,0.154051,0.106713,0.067007,0.081772,0.036496,0.099085,0.07899,0.070893,,1800300,,
1,1,,0.017005,0.3018,0.111135,0.08007,0.078859,0.071615,0.086154,0.109828,0.095026,0.048507,,1822100,,
1,1,,0.041441,0.311117,0.054998,0.093888,0.085487,0.074541,0.061323,0.090415,0.104957,0.081832,,1815200,,
1,1,,0.042633,0.284871,0.062475,0.12233,0.074207,0.088948,0.038758,0.092969,0.08503,0.107778,,1795900,,
1,1,,0.00573,0.27953,0.112042,0.121024,0.055364,0.126145,0.037568,0.070505,0.085258,0.106835,,1801300,,
1,1,,0.016444,0.281617,0.200307,0.101443,0.057,0.058777,0.06257,0.070828,0.10125,0.049766,,1806300,,
1,1,,0.003499,0.299701,0.144491,0.117001,0.046972,0.082079,0.036461,0.116662,0.079898,0.073235,,1843800,,
1,1,,0.04218,0.348605,0.086785,0.05889,0.075114,0.034858,0.064383,0.097431,0.161229,0.030524,,1805700,,
1,1,,0.058857,0.32362,0.052118,0.107914,0.081774,0.055472,0.056926,0.086372,0.121491,0.055456,,1804400,,
1,2,,0.008956,0.169498,0.178785,0.090173,0.070233,0.113776,0.13993,0.062799,0.082896,0.082954,,1808400,,
1,1,,0.01001,0.275628,0.083518,0.215907,0.031879,0.093076,0.035605,0.056703,0.058843,0.138831,,1833000,,
1,3,,0.083531,0.125188,0.039709,0.207116,0.074574,0.113714,0.0458,0.077824,0.044283,0.188262,,1821100,,
1,1,,0.023896,0.295782,0.082312,0.108731,0.072924,0.083367,0.03329,0.101796,0.097474,0.100428,,1806000,,
1,1,,0.042431,0.298495,0.067098,0.109439,0.069307,0.083677,0.043902,0.083137,0.099875,0.102639,,1812900,,
1,1,,0.029481,0.316147,0.073646,0.106489,0.072154,0.067532,0.048418,0.092009,0.108997,0.085127,,1849800,,
1,1,,0.003399,0.305225,0.115887,0.087543,0.072065,0.123579,0.037251,0.076573,0.095324,0.083155,,1814800,,
1,1,,0.004192,0.324449,0.135029,0.100092,0.040917,0.075221,0.030594,0.124042,0.102053,0.06341,,1806700,,
1,1,,0.026097,0.328587,0.099356,0.090645,0.068304,0.068159,0.064721,0.085245,0.106975,0.061911,,1827700,,
1,1,,0.038814,0.329588,0.092266,0.081201,0.066039,0.056163,0.051343,0.1134,0.127862,0.043325,,1812900,,
1,1,,0.050958,0.186163,0.081106,0.102617,0.093792,0.075736,0.051759,0.136836,0.089699,0.131334,,1846300,,
1,1,,0.031455,0.2905,0.111195,0.049448,0.121575,0.090876,0.091112,0.078514,0.109363,0.025962,,1813000,,
1,1,,0.058188,0.306089,0.068076,0.046133,0.113147,0.047565,0.055999,0.107181,0.177957,0.019666,,1827600,,
1,1,,0.063861,0.206933,0.12961,0.137792,0.053758,0.064802,0.069219,0.098567,0.077249,0.09821,,1825400,,
1,1,,0.010942,0.297113,0.117274,0.094635,0.05289,0.102491,0.059435,0.097876,0.087958,0.079384,,1786400,,
1,7,,0.038446,0.084326,0.138265,0.157522,0.076308,0.036499,0.068337,0.253436,0.097521,0.049339,,1804000,,
1,1,,0.006276,0.292695,0.114889,0.117922,0.043054,0.125128,0.031439,0.0685,0.093264,0.106832,,1810700,,
1,1,,0.043556,0.315625,0.060458,0.091225,0.110466,0.096083,0.05255,0.062094,0.083512,0.08443,,1799300,,
1,1,,0.024563,0.259604,0.102776,0.056358,0.115211,0.120187,0.097349,0.069337,0.110993,0.043622,,1847900,,
1,1,,0.058594,0.30828,0.051987,0.098209,0.080134,0.05521,0.051418,0.124591,0.115313,0.056264,,1800000,,
1,1,,0.039431,0.343808,0.10934,0.059403,0.06954,0.050727,0.060193,0.101713,0.135301,0.030543,,1791500,,
1,1,,0.003302,0.323827,0.137332,0.102952,0.046228,0.078041,0.055857,0.098445,0.087092,0.066925,,1785100,,
1,1,,0.019308,0.302814,0.172449,0.064135,0.065513,0.081755,0.080337,0.054796,0.12141,0.037482,,1824700,,
1,1,,0.019983,0.315325,0.127597,0.079358,0.07944,0.058951,0.074053,0.102474,0.102922,0.039896,,1823900,,
1,9,,0.041462,0.172244,0.059072,0.187922,0.084198,0.117248,0.036478,0.050697,0.056866,0.193814,,1801200,,
1,1,,0.018735,0.283703,0.14933,0.106838,0.049663,0.05669,0.053645,0.088735,0.135538,0.057124,,1785300,,
1,1,,0.046502,0.273294,0.089222,0.044296,0.133678,0.077869,0.132415,0.064409,0.11708,0.021236,,1790300,,
1,1,,0.044396,0.315467,0.073656,0.040605,0.116168,0.065652,0.078382,0.084503,0.159201,0.021969,,1819400,,
1,1,,0.003302,0.326937,0.152292,0.10384,0.046285,0.07248,0.032645,0.098832,0.095162,0.068224,,1802200,,
1,1,,0.042597,0.322703,0.08639,0.048315,0.110557,0.042388,0.085844,0.084362,0.153876,0.022968,,1798300,,
1,1,,0.041557,0.296343,0.060242,0.122359,0.069884,0.077297,0.045168,0.088073,0.108539,0.090536,,1816100,,
1,1,,0.016602,0.256208,0.094025,0.137717,0.036786,0.097562,0.033963,0.05663,0.094335,0.176172,,1796000,,
1,3,,0.069528,0.143269,0.088314,0.174571,0.047713,0.121108,0.058058,0.054249,0.077355,0.165836,,1785200,,
1,1,,0.043943,0.276808,0.07721,0.047191,0.118474,0.066737,0.062775,0.086505,0.19626,0.024097,,1802700,,
1,9,,0.059263,0.119362,0.056979,0.186911,0.043233,0.162035,0.071713,0.058691,0.051471,0.190344,,1803600,,
1,1,,0.044739,0.334978,0.107271,0.051729,0.080121,0.03974,0.084151,0.085168,0.146387,0.025717,,1833100,,
1,1,,0.006046,0.323213,0.134959,0.092672,0.070214,0.071591,0.094484,0.071263,0.079539,0.056019,,1796000,,
1,1,,0.014448,0.288256,0.100547,0.146994,0.038133,0.097127,0.031898,0.071736,0.084307,0.126554,,1789800,,
1,1,,0.005557,0.279053,0.104304,0.105579,0.046914,0.119392,0.036086,0.06293,0.109012,0.131174,,1818100,,
1,1,,0.0313,0.17627,0.140887,0.06375,0.07431,0.114567,0.171856,0.050001,0.106001,0.071058,,1812400,,
1,1,,0.026299,0.312686,0.070795,0.089115,0.099629,0.074827,0.03777,0.10494,0.108953,0.074986,,1810300,,
1,1,,0.027977,0.288306,0.069234,0.085254,0.142336,0.088033,0.063359,0.07932,0.08226,0.07392,,1830000,,
1,1,,0.016611,0.203519,0.091823,0.157043,0.072084,0.076237,0.038421,0.160728,0.074804,0.108729,,1832100,,
1,1,,0.005979,0.312134,0.133495,0.09702,0.041768,0.080456,0.031503,0.062554,0.11755,0.117542,,1821400,,
1,1,,0.049034,0.317861,0.078957,0.044942,0.134864,0.065181,0.135372,0.051883,0.102014,0.019893,,1807000,,
1,1,,0.047841,0.346153,0.068037,0.0453,0.117346,0.031093,0.068553,0.095078,0.15886,0.02174,,1803200,,
1,1,,0.016718,0.23112,0.084114,0.168355,0.034254,0.101568,0.04126,0.048607,0.089019,0.184986,,1827700,,
1,1,,0.031733,0.217242,0.14599,0.045973,0.139416,0.072969,0.123641,0.055101,0.147502,0.020433,,1835700,,
1,1,,0.006009,0.295214,0.114376,0.105473,0.04646,0.090061,0.036124,0.067193,0.105154,0.133935,,1817100,,
1,1,,0.031273,0.35292,0.059813,0.084959,0.068741,0.069013,0.040594,0.088002,0.113378,0.091305,,1813800,,
1,1,,0.03576,0.313492,0.061024,0.072843,0.09261,0.060842,0.045149,0.125575,0.134496,0.058208,,1810100,,
1,1,,0.038751,0.357576,0.078085,0.065616,0.061646,0.045632,0.053734,0.098453,0.172566,0.027941,,1805400,,
1,1,,0.042151,0.349989,0.080738,0.05057,0.084244,0.034123,0.054783,0.115798,0.163981,0.023622,,1816400,,
1,1,,0.02275,0.320189,0.130074,0.097303,0.061161,0.067605,0.046602,0.074269,0.104431,0.075616,,1820100,,
1,1,,0.041941,0.277751,0.113801,0.066738,0.074965,0.063388,0.056711,0.098647,0.156519,0.049539,,1821700,,
1,1,,0.003647,0.262856,0.156402,0.118252,0.083949,0.072503,0.049695,0.084454,0.079508,0.088734,,1837900,,
1,1,,0.04203,0.346448,0.105107,0.04729,0.080122,0.040207,0.067857,0.089952,0.160768,0.02022,,1802700,,
1,1,,0.0462,0.206299,0.08284,0.156524,0.04083,0.109911,0.026173,0.052762,0.077791,0.20067,,1800000,,
1,1,,0.004016,0.32404,0.118993,0.105552,0.070978,0.073716,0.033027,0.112954,0.087765,0.068959,,1792400,,
1,1,,0.049155,0.298924,0.083317,0.105175,0.086936,0.044732,0.062296,0.10369,0.115092,0.050684,,1807900,,
1,1,,0.01507,0.2211,0.106949,0.08772,0.094579,0.139296,0.1126,0.058384,0.080489,0.083813,,1836300,,
1,1,,0.059109,0.322773,0.071061,0.045751,0.121013,0.035872,0.080717,0.084466,0.160489,0.01875,,1808400,,
1,1,,0.059301,0.272829,0.091525,0.06914,0.099467,0.030576,0.097402,0.121334,0.120883,0.037543,,1803000,,
1,1,,0.014259,0.302511,0.07604,0.083431,0.113685,0.098746,0.074817,0.077303,0.091505,0.067702,,1842100,,
1,1,,0.072047,0.321018,0.061979,0.049977,0.097127,0.036894,0.069151,0.101898,0.169539,0.02037,,1814200,,
1,1,,0.004338,0.324028,0.156406,0.108078,0.03739,0.071047,0.037643,0.089495,0.101867,0.069708,,1796900,,
1,1,,0.044837,0.196402,0.139202,0.047717,0.126046,0.062083,0.114601,0.067691,0.177659,0.023762,,1794300,,
1,1,,0.12245,0.252293,0.056601,0.093608,0.079998,0.082218,0.037287,0.082975,0.088216,0.104354,,1788000,,
1,1,,0.052862,0.198643,0.140596,0.040058,0.152922,0.086451,0.136218,0.042159,0.136068,0.014023,,1798500,,
1,1,,0.03193,0.197837,0.082627,0.156861,0.036441,0.112645,0.045099,0.067521,0.076757,0.192282,,1842100,,
1,1,,0.042393,0.284581,0.057598,0.114496,0.076411,0.102846,0.04416,0.080067,0.100609,0.096839,,1793400,,
1,9,,0.041462,0.15197,0.072307,0.19361,0.064454,0.118225,0.036478,0.053031,0.05969,0.208773,,1813900,,
1,1,,0.032063,0.317728,0.105859,0.041138,0.137958,0.063948,0.100584,0.071276,0.112104,0.017341,,1799300,,
1,1,,0.054315,0.370151,0.061193,0.048183,0.085721,0.042421,0.069793,0.094428,0.1357,0.038095,,1807500,,
1,1,,0.005524,0.294219,0.125677,0.125941,0.045072,0.087562,0.04436,0.072395,0.094559,0.104692,,1803200,,
1,1,,0.042653,0.275196,0.066532,0.140295,0.06859,0.081259,0.043867,0.082673,0.095712,0.103224,,1803700,,
1,1,,0.055817,0.190031,0.067061,0.133758,0.135387,0.074174,0.050259,0.134007,0.059403,0.100103,,1797900,,
1,1,,0.047207,0.276675,0.099409,0.040966,0.141498,0.069746,0.090913,0.075877,0.142133,0.015577,,1845300,,
1,1,,0.034701,0.265845,0.080397,0.138494,0.042769,0.103868,0.027786,0.052674,0.079271,0.174196,,1843300,,
1,1,,0.03288,0.29388,0.082392,0.143885,0.050348,0.08814,0.038593,0.066592,0.088534,0.114755,,1835200,,
1,1,,0.004374,0.324284,0.125737,0.108736,0.0379,0.074344,0.037462,0.095761,0.102858,0.088543,,1837700,,
1,1,,0.003524,0.321282,0.147773,0.11324,0.046192,0.078348,0.036563,0.095069,0.088741,0.069268,,1826800,,
1,1,,0.029035,0.328037,0.076219,0.083751,0.119282,0.081527,0.050814,0.073854,0.09989,0.057592,,1819300,,
1,1,,0.031159,0.261266,0.075555,0.055173,0.153392,0.089438,0.125664,0.06634,0.097285,0.044728,,1824300,,
1,1,,0.009606,0.325879,0.119552,0.077978,0.078387,0.104483,0.066413,0.054361,0.085701,0.077641,,1823400,,
1,1,,0.038883,0.195232,0.11735,0.039094,0.160463,0.125363,0.125249,0.064379,0.118971,0.015016,,1830800,,
1,1,,0.026371,0.254332,0.142238,0.128926,0.066419,0.06518,0.046657,0.114875,0.079961,0.075041,,1838200,,
1,1,,0.032325,0.199859,0.157499,0.048107,0.127207,0.097871,0.129695,0.053,0.136663,0.017774,,1816700,,
1,1,,0.042027,0.348117,0.066544,0.047893,0.091605,0.035191,0.056932,0.116116,0.170521,0.025055,,1834200,,
1,1,,0.04247,0.290834,0.076564,0.11056,0.064494,0.084105,0.04394,0.081613,0.102692,0.10273,,1826400,,
1,2,,0.00322,0.183014,0.240765,0.099383,0.041156,0.114765,0.06549,0.065389,0.111094,0.075724,,1839800,,
1,1,,0.005524,0.287962,0.125677,0.125941,0.044272,0.086762,0.04436,0.073824,0.100987,0.104692,,1826800,,
1,1,,0.055049,0.25593,0.076242,0.116755,0.055091,0.118094,0.031459,0.061423,0.081671,0.148286,,1818000,,
1,1,,0.01907,0.292807,0.099773,0.121024,0.058142,0.118621,0.050673,0.052457,0.082485,0.104947,,1819800,,
1,1,,0.038862,0.309796,0.105679,0.041265,0.119748,0.084685,0.101132,0.065916,0.115395,0.017521,,1901900,,
1,1,,0.050417,0.341704,0.061711,0.073427,0.11215,0.057248,0.066051,0.08145,0.111875,0.043968,,2009600,,
1,1,,0.027521,0.297439,0.086908,0.114605,0.060286,0.100701,0.04336,0.064729,0.099358,0.105092,,1871000,,
1,1,,0.021753,0.314171,0.073956,0.118883,0.081747,0.062332,0.05823,0.091219,0.111893,0.065816,,1791200,,
1,1,,0.011932,0.316155,0.138655,0.090532,0.067438,0.077592,0.066307,0.090376,0.083719,0.057293,,1798300,,
1,1,,0.047171,0.28595,0.068708,0.041393,0.160509,0.056222,0.148503,0.067526,0.111431,0.012586,,1814800,,
1,1,,0.031353,0.308959,0.091154,0.065535,0.118217,0.074438,0.099562,0.08164,0.096089,0.033053,,1823800,,
2,2,,0.021581,0.123678,0.287581,0.097712,0.033434,0.052267,0.048089,0.14543,0.12446,0.065767,,1825500,,
2,2,,0.023887,0.119086,0.222871,0.106788,0.043726,0.135109,0.04567,0.061526,0.079487,0.161851,,1804300,,
2,2,,0.010107,0.090057,0.318162,0.120357,0.031766,0.101828,0.052769,0.075253,0.074998,0.124703,,1846600,,
2,2,,0.048041,0.134306,0.220998,0.095069,0.059038,0.103147,0.084558,0.067664,0.080237,0.106942,,1840300,,
2,2,,0.004704,0.092912,0.276835,0.150174,0.037499,0.079122,0.030189,0.131983,0.112034,0.084549,,1819300,,
2,2,,0.020941,0.155159,0.33819,0.082578,0.041858,0.055998,0.08254,0.069396,0.111295,0.042046,,1813800,,
2,3,,0.023396,0.185179,0.176325,0.187078,0.032906,0.097269,0.022949,0.061058,0.057877,0.155962,,1800400,,
2,2,,0.019119,0.095897,0.344546,0.12397,0.030198,0.079476,0.029235,0.079012,0.085477,0.11307,,1794900,,
2,2,,0.004139,0.105423,0.388957,0.098784,0.032201,0.07245,0.035854,0.092154,0.091725,0.078314,,1800300,,
2,2,,0.021842,0.141583,0.350653,0.060963,0.042809,0.071968,0.069722,0.054379,0.113751,0.072329,,1801600,,
2,2,,0.0197,0.092961,0.3332,0.134077,0.038924,0.075581,0.038222,0.098549,0.075665,0.09312,,1818600,,
2,2,,0.024845,0.113945,0.32145,0.122565,0.030569,0.118722,0.028575,0.058153,0.079638,0.101538,,1835600,,
2,2,,0.039273,0.090032,0.295706,0.106121,0.034449,0.076756,0.038549,0.11399,0.094966,0.110158,,1803300,,
2,2,,0.003611,0.122264,0.34238,0.097414,0.033881,0.081642,0.036106,0.090313,0.101987,0.090402,,1854800,,
2,2,,0.044901,0.139297,0.279588,0.072709,0.063226,0.052139,0.134258,0.053347,0.107051,0.053484,,1847200,,
2,2,,0.003406,0.138913,0.355858,0.099589,0.041081,0.088856,0.036924,0.067704,0.101274,0.066394,,1831300,,
2,2,,0.060063,0.150528,0.24526,0.070294,0.041901,0.044092,0.051188,0.129061,0.183087,0.024526,,1826900,,
2,2,,0.00927,0.177951,0.308874,0.071964,0.041223,0.085159,0.054454,0.074001,0.097498,0.079606,,1813600,,
2,2,,0.01713,0.091775,0.374053,0.108917,0.0393,0.063737,0.060836,0.089829,0.109015,0.045409,,1817200,,
2,2,,0.022,0.112286,0.336023,0.066574,0.037557,0.036367,0.059959,0.116179,0.170563,0.042494,,1834900,,
2,1,,0.019973,0.22463,0.178623,0.067651,0.053373,0.086132,0.040647,0.099222,0.147886,0.081864,,1821600,,
2,2,,0.004793,0.130438,0.298305,0.106286,0.040973,0.095774,0.038538,0.076675,0.104798,0.103419,,1815300,,
2,2,,0.02092,0.134948,0.306728,0.055935,0.043638,0.085036,0.087632,0.051038,0.146057,0.068067,,1812500,,
2,2,,0.028247,0.163278,0.319809,0.037194,0.054603,0.041058,0.125672,0.062204,0.129348,0.038588,,1799500,,
2,2,,0.030385,0.094269,0.268345,0.121623,0.032458,0.113322,0.028334,0.070433,0.071627,0.169203,,1807100,,
2,2,,0.004264,0.100744,0.373392,0.098781,0.033067,0.068808,0.038469,0.093399,0.091157,0.097918,,1800300,,
2,2,,0.020183,0.089401,0.28237,0.120663,0.041659,0.086175,0.033283,0.081856,0.080014,0.164398,,1784400,,
2,2,,0.040566,0.132074,0.241911,0.097437,0.041084,0.055674,0.041263,0.136494,0.181285,0.032211,,1851700,,
2,2,,0.006508,0.118013,0.332094,0.090949,0.036369,0.088328,0.031892,0.101762,0.116246,0.077838,,1806600,,
2,2,,0.044884,0.186435,0.236405,0.057631,0.063962,0.048875,0.137023,0.061857,0.10949,0.053436,,1781300,,
2,2,,0.021872,0.123931,0.352253,0.065305,0.037846,0.029624,0.079955,0.105712,0.142352,0.04115,,1782000,,
2,2,,0.004665,0.159986,0.284422,0.104585,0.042842,0.113582,0.039601,0.065803,0.101143,0.08337,,1801200,,
2,2,,0.021611,0.19315,0.314645,0.071118,0.032775,0.0475,0.058291,0.081624,0.137041,0.042246,,1799300,,
2,2,,0.018806,0.200707,0.253109,0.084931,0.058834,0.053542,0.08521,0.088528,0.11362,0.042713,,1793700,,
2,2,,0.005265,0.126554,0.296619,0.095088,0.046128,0.102983,0.032665,0.093712,0.094857,0.106129,,1788200,,
2,2,,0.021087,0.139642,0.335426,0.062781,0.045285,0.060533,0.091629,0.064644,0.136716,0.042258,,1786600,,
2,2,,0.04314,0.179738,0.271765,0.040121,0.061824,0.087787,0.124341,0.042356,0.120573,0.028354,,1823200,,
2,2,,0.022658,0.184235,0.217612,0.148137,0.037229,0.085277,0.039382,0.070596,0.073969,0.120905,,1780600,,
2,2,,0.025486,0.110153,0.319962,0.104356,0.036713,0.071853,0.038348,0.111746,0.093515,0.087868,,1768700,,
2,6,,0.116111,0.082951,0.181519,0.033499,0.106724,0.091416,0.21395,0.027915,0.104428,0.041486,,1770700,,
2,2,,0.023811,0.10098,0.2761,0.098549,0.051303,0.066043,0.049145,0.112443,0.185295,0.036331,,1769400,,
2,2,,0.006382,0.091826,0.246467,0.112469,0.047764,0.101276,0.046776,0.119773,0.104781,0.122487,,1770200,,
2,2,,0.021322,0.150249,0.338141,0.042535,0.046013,0.041937,0.105682,0.052629,0.156906,0.044586,,1774100,,
2,2,,0.020323,0.129668,0.291108,0.100288,0.041307,0.05263,0.065918,0.11486,0.149842,0.034054,,1759900,,
2,2,,0.021154,0.130989,0.326835,0.066161,0.044955,0.051368,0.095893,0.06685,0.137329,0.058466,,1773400,,
2,2,,0.005472,0.151484,0.306316,0.112673,0.032541,0.077864,0.049714,0.098246,0.101742,0.063947,,1811700,,
2,2,,0.025286,0.102782,0.233469,0.153852,0.037046,0.101268,0.019968,0.080464,0.080051,0.165815,,1764800,,
2,2,,0.02142,0.121655,0.364552,0.095302,0.038955,0.056336,0.082376,0.062589,0.112831,0.043984,,1761100,,
2,2,,0.044695,0.166051,0.279975,0.072892,0.058711,0.052699,0.131795,0.04667,0.11325,0.033262,,1776300,,
2,2,,0.020898,0.119308,0.329783,0.095366,0.042242,0.041528,0.069121,0.105574,0.141859,0.03432,,1773500,,
2,2,,0.044358,0.159534,0.255326,0.046278,0.064424,0.05285,0.15358,0.051151,0.121118,0.051381,,1786300,,
2,2,,0.040253,0.093418,0.283371,0.139926,0.034265,0.081391,0.031904,0.113916,0.084648,0.096907,,1776200,,
2,9,,0.121482,0.093296,0.086761,0.192165,0.038702,0.090967,0.039702,0.086716,0.034636,0.215573,,1765900,,
2,2,,0.047603,0.145711,0.212209,0.092705,0.044311,0.079345,0.055996,0.072761,0.111897,0.137462,,1778300,,
2,2,,0.105953,0.132905,0.231009,0.061625,0.045246,0.04046,0.057379,0.079045,0.190816,0.055562,,1788500,,
2,2,,0.017017,0.120284,0.381395,0.074103,0.038493,0.062633,0.061087,0.090936,0.107106,0.046945,,1773300,,
2,2,,0.029301,0.184506,0.2576,0.07361,0.057491,0.048142,0.12559,0.046786,0.123393,0.053579,,1766300,,
2,2,,0.004486,0.184092,0.274687,0.075458,0.038048,0.095249,0.055375,0.06468,0.117859,0.090065,,1771300,,
2,2,,0.043905,0.133938,0.254566,0.0881,0.042643,0.038189,0.077262,0.109228,0.174401,0.037767,,1772700,,
2,2,,0.040474,0.146117,0.21863,0.094081,0.05122,0.036635,0.059852,0.128219,0.198873,0.025899,,1773300,,
2,2,,0.02144,0.121647,0.277475,0.090339,0.040891,0.06434,0.038839,0.145418,0.133591,0.06602,,1769100,,
2,2,,0.019353,0.099918,0.291547,0.11635,0.045071,0.075812,0.037254,0.117331,0.068988,0.128377,,1777800,,
2,2,,0.019119,0.112564,0.362324,0.111747,0.030198,0.079476,0.029235,0.079012,0.105477,0.070847,,1775700,,
2,2,,0.020763,0.193269,0.274237,0.086049,0.043653,0.08033,0.069503,0.05746,0.120821,0.053914,,1798800,,
2,2,,0.020628,0.124391,0.331647,0.063531,0.042338,0.032762,0.055143,0.119497,0.186982,0.023081,,1773900,,
2,2,,0.004394,0.157832,0.327603,0.07285,0.042159,0.101593,0.036887,0.060149,0.103682,0.092852,,1765100,,
2,2,,0.019481,0.223111,0.226117,0.075313,0.047192,0.105385,0.044246,0.062352,0.142429,0.054375,,1773500,,
2,2,,0.00537,0.114079,0.361124,0.115219,0.032547,0.083507,0.035356,0.092049,0.087405,0.073344,,1771000,,
2,2,,0.007025,0.108251,0.307214,0.092877,0.039461,0.078608,0.060701,0.107602,0.112111,0.086149,,1772800,,
2,2,,0.022253,0.178315,0.271371,0.078239,0.042794,0.097553,0.080328,0.05523,0.120226,0.053693,,1785000,,
2,2,,0.003335,0.171084,0.338466,0.0791,0.041081,0.091598,0.036782,0.067905,0.102992,0.067656,,1790000,,
2,2,,0.023044,0.106115,0.331554,0.069881,0.037576,0.055437,0.047174,0.109339,0.158337,0.061542,,1776500,,
2,2,,0.004119,0.148289,0.343104,0.078822,0.041779,0.090737,0.036754,0.061673,0.101992,0.092731,,1812300,,
2,2,,0.039815,0.171532,0.273741,0.084437,0.035455,0.047228,0.046142,0.091326,0.177747,0.032575,,1781000,,
2,2,,0.069343,0.112648,0.230008,0.139508,0.033689,0.102377,0.050493,0.094221,0.071147,0.096565,,1763800,,
2,2,,0.020124,0.116103,0.255173,0.157856,0.03416,0.077114,0.033507,0.106257,0.082363,0.117342,,1776000,,
2,2,,0.005708,0.093208,0.307159,0.12487,0.029297,0.074688,0.034473,0.134797,0.126595,0.069204,,1770600,,
2,2,,0.018885,0.176584,0.315134,0.066018,0.051693,0.056803,0.093942,0.05534,0.137834,0.027766,,1775900,,
2,2,,0.055684,0.199491,0.200824,0.099151,0.046381,0.053986,0.067428,0.092701,0.108299,0.076054,,1771100,,
2,2,,0.023258,0.088644,0.376987,0.085114,0.040885,0.056335,0.090776,0.083764,0.123312,0.030925,,1784900,,
2,2,,0.00434,0.121724,0.351405,0.077564,0.035549,0.105694,0.038322,0.067503,0.103348,0.094551,,1794000,,
2,2,,0.024659,0.125605,0.256002,0.122219,0.03917,0.111358,0.033011,0.066375,0.075429,0.146171,,1768500,,
2,2,,0.019177,0.087372,0.232516,0.196314,0.043394,0.087035,0.032396,0.109985,0.073869,0.117943,,1774700,,
2,2,,0.042955,0.168089,0.192112,0.072407,0.088677,0.050636,0.094099,0.123596,0.140492,0.026937,,1768400,,
2,2,,0.092776,0.113488,0.193535,0.142302,0.072862,0.065883,0.0663,0.109989,0.061982,0.080882,,1784000,,
2,2,,0.021826,0.160137,0.325898,0.069417,0.039176,0.035823,0.063926,0.101916,0.159366,0.022514,,1767200,,
2,2,,0.004509,0.147593,0.30893,0.074706,0.056018,0.109094,0.037561,0.068486,0.094231,0.098872,,1771900,,
2,2,,0.060777,0.128927,0.226479,0.06521,0.063418,0.062312,0.169404,0.045973,0.117818,0.059682,,1784800,,
2,2,,0.044341,0.181524,0.256775,0.048143,0.064857,0.048301,0.152343,0.042385,0.110407,0.050923,,1792300,,
2,2,,0.036485,0.130097,0.329858,0.065686,0.052517,0.054822,0.126851,0.049567,0.125821,0.028294,,1807600,,
2,2,,0.018421,0.092339,0.358333,0.120779,0.038584,0.077224,0.036777,0.093074,0.084391,0.080078,,1770800,,
2,2,,0.021234,0.182175,0.302909,0.075228,0.042262,0.055907,0.082973,0.05747,0.115451,0.064391,,1767800,,
2,2,,0.074577,0.096299,0.232404,0.053859,0.076721,0.066757,0.191951,0.030095,0.124628,0.05271,,1776300,,
2,2,,0.022943,0.135215,0.24728,0.124175,0.047639,0.088761,0.032934,0.074405,0.079075,0.147572,,1777000,,
2,2,,0.022955,0.149278,0.337692,0.049496,0.048258,0.04482,0.103771,0.06888,0.129171,0.045679,,1771500,,
2,8,,0.064992,0.156766,0.150276,0.061431,0.101079,0.035485,0.101697,0.130541,0.172813,0.024919,,1796500,,
2,2,,0.003455,0.159404,0.296566,0.094159,0.041606,0.084157,0.064061,0.064081,0.106133,0.086379,,1762600,,
2,3,,0.068995,0.099122,0.166877,0.175345,0.033334,0.127048,0.038805,0.095611,0.060017,0.134845,,1783200,,
2,2,,0.048049,0.139338,0.231287,0.040978,0.070681,0.065373,0.203179,0.03727,0.136439,0.027407,,1768600,,
2,2,,0.004964,0.118691,0.337709,0.095725,0.041883,0.07389,0.044624,0.096932,0.08654,0.099043,,1773000,,
2,1,,0.036925,0.185144,0.182314,0.081293,0.080743,0.033056,0.122712,0.072881,0.178798,0.026134,,1775100,,
2,2,,0.022199,0.18071,0.294674,0.073535,0.042317,0.05052,0.092431,0.085356,0.126697,0.031561,,1758400,,
2,2,,0.034158,0.188562,0.2708,0.067924,0.066369,0.063879,0.1023,0.051859,0.120414,0.033736,,1775800,,
2,2,,0.038935,0.134831,0.222246,0.118963,0.039091,0.045622,0.045393,0.11061,0.206487,0.037822,,1770900,,
2,2,,0.017651,0.167555,0.237557,0.085232,0.050711,0.087529,0.092155,0.066955,0.132094,0.06256,,1780400,,
2,2,,0.020181,0.091727,0.290131,0.137534,0.041304,0.083626,0.040667,0.090305,0.097182,0.107343,,1770400,,
2,2,,0.023864,0.128356,0.259143,0.099735,0.037303,0.054328,0.07439,0.105221,0.163301,0.054358,,2147200,,
2,2,,0.021026,0.164457,0.333129,0.059414,0.042019,0.051717,0.092581,0.057293,0.118909,0.059455,,1818400,,
2,2,,0.039487,0.165898,0.307004,0.071507,0.034847,0.037298,0.056595,0.09753,0.16838,0.021455,,1797800,,
2,2,,0.02503,0.16273,0.25589,0.097132,0.03613,0.115546,0.036523,0.056684,0.086728,0.127607,,1795700,,
2,2,,0.036363,0.11967,0.236217,0.114643,0.053715,0.101362,0.085448,0.084428,0.129338,0.038816,,1780600,,
2,3,,0.024265,0.116346,0.183706,0.199003,0.029631,0.096741,0.027868,0.107464,0.061708,0.153267,,1792600,,
3,3,,0.023163,0.140815,0.111865,0.242828,0.029018,0.121073,0.015186,0.056196,0.081685,0.17817,,1812100,,
3,3,,0.039351,0.073477,0.075304,0.293726,0.041618,0.087272,0.040606,0.08881,0.042262,0.217574,,1792400,,
3,3,,0.067265,0.131058,0.054686,0.202245,0.065883,0.09424,0.074994,0.063345,0.095136,0.151147,,1820000,,
3,3,,0.023283,0.115986,0.107646,0.238422,0.040372,0.080047,0.053042,0.095305,0.151039,0.094857,,1800400,,
3,3,,0.064063,0.068863,0.065835,0.315323,0.037716,0.097506,0.036266,0.071727,0.040774,0.201926,,1794400,,
3,3,,0.011183,0.104299,0.099169,0.278315,0.039012,0.104135,0.024816,0.097641,0.091639,0.149792,,1781000,,
3,3,,0.030109,0.073144,0.076253,0.305409,0.040625,0.091628,0.041048,0.103133,0.042627,0.196023,,1787000,,
3,3,,0.035548,0.074428,0.09389,0.321578,0.036608,0.098624,0.018019,0.074781,0.055653,0.19087,,1788300,,
3,3,,0.010536,0.09548,0.135406,0.295755,0.026142,0.106371,0.03352,0.067128,0.081747,0.147916,,1802200,,
3,3,,0.023499,0.138424,0.10521,0.276977,0.026054,0.134304,0.04919,0.052617,0.07372,0.120005,,1776100,,
3,3,,0.010966,0.135115,0.119325,0.279571,0.027531,0.127744,0.024962,0.070344,0.082636,0.121806,,1768300,,
3,9,,0.05679,0.093031,0.118581,0.179914,0.052553,0.101593,0.028922,0.071035,0.062425,0.235157,,1793700,,
3,3,,0.050255,0.078816,0.048187,0.244187,0.065089,0.087251,0.042762,0.158354,0.055555,0.169544,,1787600,,
3,3,,0.036947,0.078722,0.092391,0.301864,0.03166,0.093707,0.025506,0.095982,0.063356,0.179865,,1801500,,
3,3,,0.03756,0.112402,0.086606,0.231208,0.052379,0.090543,0.051165,0.106349,0.128158,0.103629,,1774100,,
3,3,,0.048379,0.115057,0.181,0.230475,0.043254,0.106941,0.037487,0.057257,0.06343,0.116719,,1785600,,
3,3,,0.03621,0.065082,0.122292,0.274546,0.042165,0.09893,0.024975,0.079223,0.056122,0.200455,,1787400,,
3,3,,0.026273,0.084796,0.094773,0.268784,0.039994,0.104278,0.041068,0.098428,0.053874,0.187731,,1797700,,
3,3,,0.02085,0.102907,0.105087,0.330828,0.039418,0.099634,0.031083,0.064356,0.052933,0.152904,,1791800,,
3,3,,0.010538,0.097279,0.144317,0.34126,0.027505,0.093063,0.034879,0.067206,0.069387,0.114566,,1782600,,
3,3,,0.041893,0.082969,0.041363,0.241694,0.086717,0.124001,0.117554,0.078302,0.041904,0.143604,,1800400,,
3,3,,0.022064,0.077639,0.091903,0.337569,0.037942,0.091339,0.038033,0.075478,0.062212,0.16582,,1771400,,
3,3,,0.023907,0.077089,0.081982,0.275447,0.090601,0.072392,0.036227,0.163798,0.047794,0.130762,,1792100,,
3,0,,0.136446,0.085794,0.069445,0.126281,0.10288,0.043448,0.109641,0.094448,0.123564,0.108054,,1773200,,
3,3,,0.021188,0.121118,0.083809,0.319566,0.039969,0.091582,0.035406,0.063533,0.060346,0.163483,,1765400,,
3,3,,0.024528,0.09379,0.122091,0.315134,0.029189,0.092341,0.021407,0.088189,0.059678,0.153654,,1781600,,
3,3,,0.035398,0.102215,0.115908,0.302326,0.036904,0.112695,0.024091,0.065719,0.046807,0.157937,,1769900,,
3,3,,0.009191,0.09697,0.20096,0.2626,0.029719,0.081213,0.017844,0.105314,0.088915,0.107274,,1768100,,
3,3,,0.119727,0.074969,0.095206,0.221243,0.037184,0.061554,0.075232,0.073405,0.127786,0.113693,,1805900,,
3,3,,0.044817,0.065608,0.088167,0.266638,0.051448,0.069926,0.079392,0.094028,0.097488,0.142488,,1769100,,
3,3,,0.029908,0.09254,0.075142,0.303364,0.041913,0.089145,0.040847,0.105502,0.042753,0.178887,,1763700,,
3,3,,0.020809,0.135608,0.163846,0.176459,0.054386,0.096409,0.074957,0.073619,0.12214,0.081766,,1778800,,
3,3,,0.064854,0.124908,0.104068,0.2058,0.057399,0.081987,0.037927,0.137078,0.107445,0.078534,,1789300,,
3,3,,0.024628,0.0775,0.061721,0.270908,0.06336,0.135471,0.033714,0.0979,0.045988,0.188811,,1783200,,
3,3,,0.030225,0.068423,0.059522,0.334725,0.048881,0.091073,0.035933,0.113278,0.037265,0.180676,,1787300,,
3,3,,0.052096,0.098588,0.049179,0.211287,0.088666,0.076581,0.054355,0.157118,0.066323,0.145807,,1765100,,
3,3,,0.041141,0.08521,0.07595,0.305299,0.051258,0.085755,0.043093,0.085428,0.067835,0.159031,,1767300,,
3,3,,0.025043,0.073948,0.130796,0.33099,0.028855,0.092094,0.024243,0.086721,0.071686,0.135625,,1778100,,
3,3,,0.027009,0.103179,0.078154,0.219672,0.047084,0.175105,0.050367,0.063942,0.083498,0.151991,,1782000,,
3,3,,0.025421,0.082443,0.115,0.303314,0.029932,0.110848,0.020703,0.076263,0.074598,0.161479,,1783300,,
