optical,CWE,test,2,NANOSECONDS,PREDICTIONS, Generated by ClassifierExperiments.java on 2022-05-17 03:04:54.    SYSTEMPROPERTIES:{user.name:matth,os.arch:amd64,os.name:Windows 10},ENDSYSTEMPROPERTIES
No parameter info
0.9043401240035429,2310085700,2045752900,-1,99220072,10,,-1,-1
0,0,,0.538702,0.023693,0.017319,0.021562,0.110029,0.032624,0.100263,0.034632,0.049977,0.071201,,2022600,,
0,0,,0.368929,0.046377,0.047229,0.058244,0.122168,0.103114,0.097874,0.046401,0.039945,0.069717,,1835700,,
0,0,,0.506094,0.058325,0.023987,0.042624,0.08192,0.027561,0.090114,0.034598,0.065138,0.069639,,1934400,,
0,0,,0.426634,0.035636,0.038128,0.016019,0.107417,0.017162,0.191457,0.045813,0.077513,0.044221,,1850600,,
0,0,,0.570243,0.02439,0.016433,0.022167,0.080283,0.032242,0.09054,0.036717,0.075422,0.051564,,1819100,,
0,0,,0.568016,0.026454,0.017826,0.032916,0.088918,0.030055,0.091066,0.033833,0.053486,0.057429,,1858400,,
0,0,,0.541994,0.02679,0.02625,0.038657,0.10683,0.02545,0.091058,0.033108,0.051999,0.057864,,1894000,,
0,0,,0.385212,0.04152,0.042365,0.050751,0.115055,0.110812,0.104268,0.045199,0.047089,0.057729,,1851600,,
0,0,,0.555869,0.030812,0.02512,0.025927,0.085942,0.033804,0.095017,0.033278,0.073867,0.040365,,1845600,,
0,0,,0.541122,0.027266,0.018477,0.022357,0.096438,0.041683,0.114821,0.033965,0.05326,0.050612,,1893700,,
0,0,,0.514402,0.046451,0.019857,0.012547,0.144289,0.018596,0.091724,0.058289,0.068447,0.025398,,1847400,,
0,0,,0.554761,0.024764,0.022044,0.025724,0.086297,0.033487,0.096423,0.033892,0.050012,0.072596,,1839400,,
0,0,,0.563889,0.02432,0.016363,0.021895,0.105085,0.032672,0.092476,0.036788,0.055154,0.051359,,1839300,,
0,0,,0.400898,0.081428,0.040031,0.01449,0.124876,0.017512,0.164932,0.048677,0.069545,0.03761,,1845300,,
0,0,,0.556988,0.023311,0.016197,0.020823,0.112019,0.036578,0.092938,0.035985,0.052166,0.052995,,1894600,,
0,0,,0.561595,0.027081,0.018682,0.033323,0.079389,0.030688,0.081634,0.037294,0.07287,0.057444,,1834900,,
0,0,,0.526532,0.037159,0.017398,0.030652,0.109348,0.040698,0.090873,0.034908,0.060749,0.051681,,1831400,,
0,0,,0.519476,0.044429,0.027896,0.014788,0.107154,0.015035,0.106725,0.07139,0.071749,0.021357,,1850800,,
0,0,,0.550981,0.022653,0.017265,0.020094,0.104171,0.054469,0.115243,0.032777,0.047003,0.035343,,1829200,,
0,0,,0.501947,0.035964,0.022704,0.022029,0.098676,0.031279,0.122725,0.047528,0.072079,0.045068,,1830600,,
0,0,,0.511343,0.039952,0.02025,0.0213,0.114729,0.042092,0.091315,0.047367,0.066471,0.045181,,1856300,,
0,0,,0.504085,0.050634,0.015702,0.02096,0.128086,0.045267,0.08482,0.04645,0.061011,0.042985,,1876600,,
0,0,,0.567159,0.028751,0.015277,0.021282,0.090676,0.046119,0.083515,0.036941,0.059822,0.050458,,1853500,,
0,0,,0.542235,0.035099,0.02343,0.025739,0.099639,0.034599,0.100574,0.042794,0.054277,0.041614,,1879800,,
0,0,,0.424184,0.043807,0.035461,0.024689,0.153012,0.057766,0.129382,0.037171,0.049703,0.044824,,1841200,,
0,0,,0.54779,0.031585,0.02266,0.021988,0.095761,0.038434,0.100091,0.036032,0.057141,0.048518,,1860700,,
0,0,,0.529733,0.02202,0.019119,0.021575,0.08739,0.051478,0.148224,0.033235,0.052891,0.034336,,1836900,,
0,0,,0.527809,0.024075,0.019163,0.033462,0.091431,0.026125,0.143674,0.029065,0.049049,0.056148,,1832700,,
0,0,,0.552687,0.030289,0.021329,0.02211,0.114335,0.033531,0.100792,0.03409,0.053492,0.037346,,1836400,,
0,0,,0.570243,0.02439,0.016433,0.022167,0.080283,0.032242,0.09054,0.036717,0.075422,0.051564,,1828500,,
0,0,,0.586389,0.031104,0.015381,0.021784,0.080435,0.031494,0.083179,0.037792,0.059293,0.053149,,1838500,,
0,0,,0.469673,0.037269,0.030326,0.053635,0.077196,0.03757,0.083176,0.035918,0.076466,0.098771,,1850600,,
0,0,,0.592082,0.022998,0.017592,0.022962,0.076796,0.028997,0.097739,0.035975,0.053886,0.050975,,1869100,,
0,0,,0.530282,0.035691,0.017582,0.03174,0.08544,0.042766,0.081217,0.041512,0.062598,0.071172,,1847100,,
0,0,,0.489832,0.046522,0.020141,0.02191,0.093183,0.035526,0.098108,0.03688,0.071923,0.085975,,1839000,,
0,0,,0.380124,0.047203,0.025528,0.011662,0.157672,0.042183,0.112569,0.077404,0.111932,0.033725,,1832200,,
0,0,,0.53804,0.02741,0.01772,0.038209,0.101433,0.03202,0.081256,0.037202,0.064504,0.062206,,1834600,,
0,0,,0.514702,0.023693,0.019985,0.021562,0.111363,0.032624,0.100263,0.034632,0.069977,0.071201,,1834800,,
0,0,,0.55701,0.030275,0.040243,0.021497,0.099926,0.035868,0.091831,0.034242,0.053716,0.035392,,1844100,,
0,0,,0.543537,0.027268,0.023856,0.04668,0.085633,0.024736,0.091126,0.03304,0.056504,0.06762,,1871900,,
0,0,,0.53358,0.031794,0.017404,0.022721,0.100367,0.032114,0.090408,0.038458,0.081245,0.05191,,1888900,,
0,0,,0.467979,0.048474,0.030882,0.038194,0.090327,0.024595,0.142881,0.029159,0.070483,0.057028,,1858100,,
0,0,,0.483948,0.025802,0.023762,0.058409,0.091496,0.024765,0.136467,0.029082,0.069098,0.057171,,1862700,,
0,0,,0.556332,0.024147,0.016694,0.023442,0.109752,0.032344,0.093094,0.034632,0.051028,0.058534,,1862000,,
0,0,,0.586389,0.031104,0.015381,0.021784,0.080435,0.031494,0.083179,0.037792,0.059293,0.053149,,1850600,,
0,0,,0.571181,0.027417,0.022628,0.03899,0.080553,0.025499,0.083271,0.035264,0.057176,0.058022,,1858300,,
0,0,,0.546688,0.024827,0.015277,0.021282,0.120572,0.036201,0.090876,0.037015,0.055753,0.05151,,1856800,,
0,0,,0.581519,0.024774,0.015739,0.023774,0.084808,0.032392,0.085308,0.036788,0.056205,0.058692,,1849800,,
0,0,,0.491237,0.027524,0.022969,0.044235,0.082678,0.034407,0.107226,0.032827,0.052753,0.104143,,1883900,,
0,0,,0.569582,0.024008,0.015312,0.021428,0.102272,0.036196,0.083216,0.038069,0.057612,0.052306,,1823600,,
0,0,,0.442807,0.028467,0.02669,0.019953,0.11223,0.03524,0.230324,0.030954,0.043723,0.029613,,1851600,,
0,0,,0.544884,0.029287,0.01917,0.034585,0.088944,0.025785,0.090978,0.040769,0.051597,0.074001,,1823800,,
0,0,,0.365859,0.054591,0.052227,0.05101,0.111026,0.091367,0.099716,0.073842,0.038851,0.06151,,1827100,,
0,0,,0.541266,0.023068,0.022942,0.02314,0.082398,0.029027,0.124181,0.033009,0.054792,0.066177,,1831000,,
0,0,,0.428059,0.035981,0.032063,0.011714,0.163601,0.029297,0.111513,0.070116,0.082603,0.035054,,1831700,,
0,0,,0.445905,0.043169,0.033335,0.052019,0.069746,0.070711,0.071054,0.053845,0.052707,0.107508,,1840000,,
0,0,,0.399437,0.036864,0.033643,0.020771,0.155829,0.02235,0.188084,0.047042,0.058937,0.037042,,1860400,,
0,0,,0.604795,0.022998,0.017524,0.022822,0.076945,0.028158,0.097459,0.036047,0.053886,0.039367,,1889800,,
0,0,,0.544534,0.042838,0.017724,0.023771,0.111829,0.02818,0.101531,0.034046,0.049064,0.046484,,1885000,,
0,0,,0.592082,0.022998,0.017592,0.022962,0.076796,0.028997,0.097739,0.035975,0.053886,0.050975,,1840000,,
0,0,,0.520514,0.026773,0.018323,0.021498,0.084907,0.041294,0.12111,0.032158,0.082393,0.051032,,1827500,,
0,0,,0.544102,0.032419,0.027853,0.033289,0.087822,0.037832,0.103296,0.033745,0.054289,0.045352,,1831800,,
0,0,,0.383328,0.031081,0.030326,0.021663,0.120223,0.112594,0.148228,0.034826,0.052258,0.065472,,1843200,,
0,0,,0.467594,0.049337,0.01679,0.018887,0.131795,0.053216,0.103205,0.037287,0.075441,0.046449,,1843600,,
0,0,,0.531192,0.030787,0.026648,0.033225,0.0868,0.047082,0.097379,0.032868,0.04758,0.06644,,1826000,,
0,0,,0.54697,0.031625,0.015381,0.021784,0.11033,0.032687,0.09054,0.037866,0.059668,0.053149,,2016600,,
0,0,,0.538458,0.031787,0.022797,0.015821,0.126264,0.026831,0.095169,0.051809,0.06062,0.030447,,1857700,,
0,0,,0.520142,0.031641,0.018845,0.041563,0.116897,0.035311,0.085318,0.038753,0.060931,0.050599,,1823500,,
0,0,,0.498901,0.031264,0.023001,0.021512,0.116064,0.046429,0.103439,0.03683,0.073007,0.049553,,1816500,,
0,0,,0.53899,0.031792,0.01726,0.022985,0.109712,0.032951,0.093749,0.038456,0.061925,0.052179,,1803200,,
0,0,,0.534286,0.023159,0.016873,0.023193,0.095751,0.031659,0.138504,0.030606,0.048127,0.057842,,1803500,,
0,0,,0.462343,0.03356,0.026142,0.014896,0.129008,0.022109,0.124103,0.058502,0.090397,0.038941,,1806300,,
0,0,,0.579558,0.027151,0.01694,0.033521,0.079171,0.029673,0.081344,0.035917,0.058932,0.057792,,1798200,,
0,0,,0.501908,0.027226,0.017498,0.022938,0.124283,0.055001,0.090653,0.046969,0.071642,0.041881,,1820900,,
0,0,,0.514961,0.03171,0.027979,0.014922,0.104647,0.016092,0.114082,0.070234,0.076395,0.028977,,1881200,,
0,0,,0.541933,0.033411,0.022557,0.023178,0.106045,0.040967,0.106055,0.033276,0.056669,0.03591,,1799900,,
0,0,,0.506925,0.030338,0.021294,0.013007,0.118523,0.020736,0.098622,0.086036,0.08163,0.022888,,1754200,,
0,0,,0.541717,0.035233,0.023067,0.026757,0.0863,0.05907,0.084084,0.048333,0.053861,0.041579,,1764400,,
0,0,,0.560022,0.02436,0.0141,0.019165,0.1199,0.041287,0.090998,0.036957,0.056175,0.037037,,1755800,,
0,0,,0.462383,0.035597,0.019217,0.023846,0.117081,0.030785,0.084735,0.052521,0.104514,0.069321,,1770700,,
0,0,,0.53229,0.024242,0.017968,0.021156,0.105911,0.037362,0.094843,0.039601,0.074668,0.051957,,1769300,,
0,0,,0.511589,0.038691,0.035295,0.045753,0.072475,0.054427,0.0904,0.041699,0.052403,0.057267,,1777300,,
0,0,,0.58054,0.022301,0.018477,0.022357,0.086542,0.029379,0.107461,0.03389,0.04844,0.050612,,1797800,,
0,0,,0.542485,0.02491,0.016365,0.022027,0.110327,0.032596,0.097621,0.036863,0.075798,0.041008,,1766600,,
0,0,,0.270754,0.132806,0.060169,0.049228,0.072888,0.055668,0.049929,0.07573,0.114499,0.118329,,1772400,,
0,0,,0.382825,0.038222,0.061491,0.045553,0.078512,0.06224,0.133828,0.044414,0.118221,0.034695,,1774200,,
0,0,,0.559558,0.027151,0.01694,0.033521,0.099171,0.029673,0.081344,0.035917,0.058932,0.057792,,1765500,,
0,0,,0.516352,0.028175,0.037584,0.023281,0.107365,0.052826,0.099337,0.040931,0.058287,0.035861,,1764200,,
0,0,,0.527353,0.053859,0.021463,0.033469,0.090336,0.029928,0.090933,0.035574,0.059309,0.057775,,1765600,,
0,0,,0.541839,0.028982,0.020924,0.062655,0.075508,0.033667,0.07726,0.0432,0.057589,0.058376,,1770800,,
0,0,,0.286331,0.044472,0.039984,0.037088,0.177664,0.084825,0.160896,0.038929,0.089662,0.040148,,1798600,,
0,0,,0.456834,0.034531,0.022267,0.023349,0.092768,0.033825,0.112361,0.038471,0.098166,0.087427,,1787200,,
0,0,,0.578171,0.022755,0.017853,0.024237,0.086265,0.029099,0.100293,0.03389,0.049492,0.057945,,1776500,,
0,0,,0.578171,0.022755,0.017853,0.024237,0.086265,0.029099,0.100293,0.03389,0.049492,0.057945,,1773000,,
0,0,,0.492621,0.047373,0.019291,0.031477,0.095778,0.042463,0.088735,0.043038,0.087249,0.051974,,1769600,,
0,0,,0.400376,0.031684,0.022229,0.009964,0.177956,0.037211,0.118056,0.085959,0.09822,0.018346,,1768400,,
0,0,,0.531619,0.023938,0.017054,0.02123,0.102489,0.03721,0.083506,0.039446,0.09155,0.051957,,1787400,,
0,0,,0.552082,0.022998,0.037592,0.022962,0.076796,0.028997,0.097739,0.035975,0.073886,0.050975,,1772800,,
0,0,,0.536332,0.044147,0.016694,0.023442,0.109752,0.032344,0.093094,0.034632,0.051028,0.058534,,1765200,,
0,0,,0.472849,0.025498,0.023042,0.034382,0.098758,0.062004,0.079666,0.053477,0.070956,0.079367,,1807300,,
0,0,,0.550243,0.02439,0.031433,0.022167,0.100283,0.032242,0.09554,0.036717,0.055422,0.051564,,1758000,,
0,0,,0.480642,0.05111,0.02895,0.037287,0.109751,0.040389,0.112012,0.033086,0.052325,0.054447,,1751400,,
0,0,,0.538171,0.022755,0.017853,0.024237,0.106265,0.029099,0.120293,0.03389,0.049492,0.057945,,1774800,,
0,0,,0.535235,0.026431,0.016482,0.01973,0.109968,0.048334,0.100252,0.038724,0.057457,0.047385,,1760400,,
0,0,,0.570243,0.02439,0.016433,0.022167,0.100283,0.032242,0.09054,0.036717,0.055422,0.051564,,1749300,,
0,0,,0.550243,0.02439,0.016433,0.042167,0.080283,0.032242,0.09054,0.036717,0.075422,0.051564,,1752200,,
0,0,,0.568016,0.026454,0.017826,0.032916,0.088918,0.030055,0.091066,0.033833,0.053486,0.057429,,1762500,,
0,0,,0.563792,0.026908,0.021548,0.03646,0.085328,0.030758,0.087226,0.033093,0.053592,0.061296,,1769100,,
0,0,,0.487513,0.042555,0.033935,0.055604,0.067565,0.053809,0.053493,0.05942,0.049901,0.096204,,1838200,,
0,0,,0.504556,0.030792,0.02067,0.014887,0.098245,0.020457,0.091454,0.126036,0.062682,0.030221,,1772800,,
0,0,,0.562485,0.02491,0.016365,0.022027,0.110327,0.032596,0.097621,0.036863,0.055798,0.041008,,1764800,,
1,1,,0.024089,0.298879,0.08061,0.111905,0.045741,0.087193,0.017244,0.085351,0.087205,0.161783,,1763000,,
1,1,,0.070842,0.274227,0.100905,0.010928,0.094928,0.03269,0.199806,0.054033,0.137052,0.024589,,1775700,,
1,1,,0.007224,0.295626,0.115033,0.129821,0.054619,0.114147,0.048829,0.069546,0.050865,0.11429,,1785600,,
1,1,,0.011922,0.241473,0.174792,0.100475,0.053622,0.121028,0.077761,0.066889,0.04874,0.1033,,1758800,,
1,1,,0.024636,0.368449,0.10495,0.012032,0.093544,0.030848,0.151479,0.038414,0.153282,0.022364,,1765600,,
1,1,,0.017243,0.289232,0.116705,0.109266,0.064037,0.107041,0.014543,0.097687,0.054284,0.129963,,1771300,,
1,1,,0.002312,0.364149,0.120448,0.111397,0.045466,0.099065,0.020107,0.080411,0.047427,0.109218,,1772400,,
1,1,,0.020471,0.303381,0.070889,0.096555,0.094217,0.083891,0.023104,0.12936,0.069157,0.108976,,1776800,,
1,8,,0.047738,0.245596,0.087443,0.018612,0.083469,0.025673,0.047943,0.094061,0.315667,0.033798,,1777200,,
1,1,,0.032368,0.339435,0.097098,0.011165,0.104016,0.040799,0.117296,0.081245,0.151048,0.025529,,1776300,,
1,1,,0.02138,0.380406,0.098988,0.058818,0.077036,0.065618,0.067284,0.071392,0.098236,0.060841,,1772100,,
1,1,,0.010038,0.327787,0.08385,0.142468,0.041522,0.14364,0.015577,0.061028,0.033504,0.140587,,1770000,,
1,1,,0.034369,0.314245,0.06918,0.118919,0.043957,0.089488,0.034843,0.114767,0.058519,0.121713,,1770700,,
1,1,,0.005364,0.335646,0.112722,0.099805,0.046606,0.137046,0.026067,0.069208,0.043453,0.124083,,1790000,,
1,1,,0.032197,0.368472,0.110257,0.031057,0.086296,0.034057,0.078516,0.082969,0.138182,0.037997,,1829000,,
1,1,,0.016746,0.248726,0.103284,0.129813,0.031131,0.111828,0.004144,0.067064,0.063545,0.223719,,1771100,,
1,1,,0.037604,0.32045,0.071137,0.114151,0.045548,0.087098,0.017209,0.098119,0.082598,0.126086,,1771300,,
1,1,,0.007811,0.296675,0.137627,0.115492,0.048016,0.118672,0.027568,0.072396,0.042361,0.133383,,1775200,,
1,1,,0.037248,0.256616,0.19991,0.059067,0.04717,0.039803,0.041946,0.069408,0.192452,0.056381,,1764400,,
1,1,,0.032601,0.369324,0.086772,0.076047,0.058446,0.043982,0.045364,0.088997,0.129926,0.068541,,1777300,,
1,9,,0.063247,0.190607,0.06041,0.139854,0.070325,0.101968,0.012838,0.107145,0.048881,0.204724,,1791600,,
1,1,,0.020932,0.185514,0.112659,0.100718,0.048586,0.171157,0.116371,0.060327,0.063677,0.120059,,1773600,,
1,1,,0.017697,0.3735,0.101917,0.05461,0.096382,0.059784,0.080219,0.065696,0.094707,0.055488,,1808200,,
1,1,,0.038399,0.360512,0.094845,0.058228,0.068761,0.048088,0.055065,0.078848,0.134204,0.063051,,1774800,,
1,1,,0.035546,0.344701,0.07238,0.130949,0.046013,0.099113,0.007874,0.082903,0.041253,0.139267,,1770800,,
1,1,,0.054839,0.347113,0.063819,0.017309,0.133521,0.024661,0.057344,0.082608,0.185411,0.033375,,1791500,,
1,1,,0.039663,0.356928,0.101,0.019426,0.086667,0.022442,0.061055,0.07404,0.209058,0.02972,,1780600,,
1,1,,0.047182,0.383896,0.081702,0.023716,0.060553,0.017997,0.035442,0.11708,0.194505,0.037928,,1761800,,
1,1,,0.01128,0.326306,0.089397,0.114163,0.050203,0.090226,0.020873,0.12373,0.056301,0.117522,,1770100,,
1,1,,0.014058,0.249893,0.178565,0.133727,0.047407,0.09252,0.027264,0.085952,0.04321,0.127406,,1773700,,
1,1,,0.044267,0.37734,0.09754,0.023437,0.052847,0.017589,0.032128,0.114162,0.203886,0.036805,,1786800,,
1,1,,0.008994,0.246905,0.130972,0.157907,0.033221,0.134098,0.009422,0.06217,0.073922,0.14239,,1824500,,
1,1,,0.032721,0.354782,0.104714,0.011832,0.11128,0.040753,0.115173,0.03875,0.164436,0.025559,,1795800,,
1,1,,0.008384,0.261802,0.158363,0.104004,0.046725,0.121853,0.071568,0.069115,0.051618,0.106569,,1781600,,
1,1,,0.044432,0.390405,0.095459,0.040235,0.060107,0.035199,0.064966,0.075449,0.147489,0.04626,,1789300,,
1,1,,0.002321,0.340369,0.107464,0.112552,0.046615,0.103079,0.040036,0.098137,0.038294,0.111132,,1781400,,
1,1,,0.009672,0.311845,0.118426,0.110812,0.043706,0.105063,0.014437,0.101422,0.052118,0.132498,,1802800,,
1,1,,0.025548,0.31334,0.084059,0.129956,0.038522,0.130586,0.004793,0.073893,0.042993,0.156311,,1775100,,
1,9,,0.077862,0.120639,0.076647,0.137027,0.032558,0.114879,0.005224,0.069688,0.029614,0.335863,,1783400,,
1,1,,0.020491,0.256748,0.106785,0.121516,0.046787,0.084136,0.027398,0.11356,0.09639,0.12619,,1791600,,
1,1,,0.023824,0.35934,0.102902,0.010966,0.12501,0.02971,0.159638,0.038286,0.131206,0.01912,,1793900,,
1,1,,0.063839,0.360762,0.090829,0.018119,0.062145,0.019454,0.036511,0.104312,0.214369,0.029661,,1789300,,
1,1,,0.033129,0.314415,0.119127,0.01363,0.112224,0.041366,0.120068,0.058217,0.161828,0.025997,,1785900,,
1,1,,0.027177,0.303588,0.125333,0.020875,0.10493,0.027681,0.190807,0.029133,0.139639,0.030837,,1783200,,
1,1,,0.007451,0.254822,0.1682,0.16967,0.032979,0.1099,0.015407,0.065938,0.044018,0.131614,,1787900,,
1,1,,0.011057,0.241126,0.138158,0.101595,0.05037,0.16269,0.06264,0.066278,0.041222,0.124865,,1776800,,
1,1,,0.01671,0.31722,0.089514,0.129847,0.035282,0.114657,0.003996,0.068058,0.065932,0.158783,,1789500,,
1,1,,0.002321,0.356711,0.09786,0.125723,0.046404,0.104645,0.020036,0.096654,0.037446,0.112201,,1803100,,
1,1,,0.007228,0.205413,0.157444,0.105685,0.078965,0.169268,0.039761,0.066982,0.046789,0.122465,,1799600,,
1,1,,0.040826,0.361723,0.103987,0.020198,0.063185,0.024247,0.098978,0.052271,0.203084,0.0315,,1765800,,
1,1,,0.015127,0.331105,0.096071,0.108167,0.048183,0.105541,0.029718,0.105604,0.045743,0.114739,,1772200,,
1,1,,0.035546,0.305895,0.07238,0.130949,0.044585,0.119113,0.007874,0.082903,0.061489,0.139267,,1764400,,
1,1,,0.013086,0.326848,0.099028,0.107882,0.043954,0.113758,0.014835,0.107484,0.060594,0.112532,,1766500,,
1,1,,0.045689,0.358245,0.058737,0.027244,0.08026,0.017995,0.042769,0.160812,0.172904,0.035345,,1778500,,
1,1,,0.035546,0.310001,0.068842,0.131117,0.046238,0.097281,0.007874,0.104172,0.0615,0.137429,,1765100,,
1,1,,0.01671,0.347683,0.077905,0.127894,0.039289,0.114657,0.004104,0.068058,0.044449,0.159252,,1764100,,
1,1,,0.019894,0.297158,0.093892,0.135094,0.032359,0.107599,0.004006,0.070534,0.064793,0.174672,,1770500,,
1,1,,0.05336,0.29201,0.049542,0.024793,0.095563,0.02345,0.046138,0.140638,0.22999,0.044517,,1794500,,
1,1,,0.005823,0.315124,0.107155,0.100205,0.045018,0.13823,0.020032,0.091832,0.049285,0.127297,,1788100,,
1,1,,0.05013,0.400578,0.084214,0.020084,0.055825,0.019433,0.046383,0.066141,0.222402,0.03481,,1795500,,
1,1,,0.011408,0.318254,0.092915,0.125526,0.065443,0.097566,0.009713,0.090828,0.048789,0.139559,,1791300,,
1,1,,0.002321,0.360369,0.107464,0.112552,0.046615,0.103079,0.020036,0.098137,0.038294,0.111132,,1778400,,
1,1,,0.012495,0.222714,0.090565,0.103978,0.04455,0.110679,0.00849,0.13056,0.098085,0.177884,,1785400,,
1,1,,0.106402,0.293441,0.06187,0.010382,0.14217,0.053703,0.157701,0.036463,0.115058,0.02281,,1778700,,
1,1,,0.034734,0.310494,0.071284,0.111516,0.068683,0.051142,0.052541,0.109686,0.112094,0.077827,,1817900,,
1,1,,0.003277,0.368929,0.120794,0.104734,0.046255,0.095051,0.029178,0.078166,0.050445,0.10317,,1783800,,
1,1,,0.019535,0.304506,0.075595,0.128866,0.041419,0.121668,0.004034,0.095546,0.060591,0.14824,,1782800,,
1,1,,0.005823,0.355124,0.107155,0.100205,0.045018,0.11823,0.020032,0.071832,0.049285,0.127297,,1773600,,
1,1,,0.004193,0.313293,0.131904,0.111094,0.041723,0.099679,0.018796,0.083177,0.061972,0.134169,,1772600,,
1,1,,0.021458,0.33524,0.097383,0.078455,0.09303,0.066339,0.085784,0.064134,0.094914,0.063264,,1792300,,
1,1,,0.010885,0.322948,0.089978,0.151223,0.033078,0.106069,0.005144,0.076922,0.058253,0.145502,,1792000,,
1,1,,0.03254,0.355104,0.10391,0.01551,0.103912,0.056868,0.122137,0.036299,0.147918,0.025802,,1787300,,
1,1,,0.024265,0.245007,0.124644,0.105424,0.06119,0.163456,0.032563,0.069668,0.048698,0.125084,,1786700,,
1,1,,0.009724,0.377122,0.10997,0.094864,0.046709,0.093174,0.024546,0.080344,0.064294,0.099253,,1785000,,
1,1,,0.019535,0.327564,0.071955,0.148421,0.038378,0.103109,0.004034,0.102968,0.039154,0.144882,,1760300,,
1,1,,0.032098,0.275065,0.129827,0.01587,0.109381,0.041236,0.126398,0.039174,0.205814,0.025136,,1775400,,
1,1,,0.032326,0.189701,0.138196,0.141688,0.066888,0.085793,0.037868,0.124984,0.056255,0.126301,,1760700,,
1,1,,0.035546,0.281154,0.073856,0.124768,0.044942,0.098494,0.007874,0.103253,0.074586,0.155526,,1783100,,
1,1,,0.032503,0.307026,0.067773,0.139423,0.043328,0.10892,0.007874,0.101996,0.057916,0.133241,,1763800,,
1,9,,0.057533,0.168268,0.07677,0.166703,0.032797,0.108855,0.006491,0.079997,0.051809,0.250776,,1773500,,
1,1,,0.031349,0.397656,0.105826,0.011455,0.086018,0.030483,0.138127,0.035274,0.141408,0.022406,,1768500,,
1,1,,0.023724,0.244989,0.070918,0.159312,0.042248,0.105249,0.006329,0.088066,0.049073,0.210092,,1785700,,
1,1,,0.031763,0.362749,0.121805,0.017287,0.08178,0.039958,0.119955,0.036821,0.165516,0.022366,,1773300,,
1,1,,0.031365,0.324896,0.069475,0.143134,0.063215,0.110966,0.037957,0.074708,0.02749,0.116793,,1766900,,
1,1,,0.014329,0.331298,0.078928,0.155542,0.038321,0.104122,0.004016,0.078894,0.041926,0.152624,,1754600,,
1,1,,0.011628,0.349891,0.082374,0.120677,0.056533,0.104538,0.051296,0.080366,0.034885,0.107812,,1761200,,
1,1,,0.013398,0.30161,0.110077,0.128113,0.045755,0.105993,0.0208,0.077813,0.062816,0.133625,,1775000,,
1,1,,0.026938,0.281227,0.102639,0.013963,0.136806,0.046703,0.135198,0.057458,0.173184,0.025885,,1777300,,
1,1,,0.018927,0.259793,0.098919,0.126519,0.051139,0.090138,0.044518,0.097208,0.097388,0.115452,,1763700,,
1,1,,0.009215,0.229749,0.175045,0.106717,0.037497,0.132122,0.047207,0.068926,0.058275,0.135247,,1762800,,
1,1,,0.040716,0.362214,0.128638,0.025356,0.074078,0.055869,0.098848,0.05635,0.129552,0.028378,,1777600,,
1,1,,0.035181,0.400778,0.116299,0.022955,0.055069,0.016838,0.054399,0.075873,0.192809,0.029799,,1779800,,
1,1,,0.002321,0.365474,0.108372,0.120023,0.047436,0.102608,0.020036,0.083977,0.038364,0.111388,,1790700,,
1,1,,0.057594,0.366689,0.074051,0.049899,0.07309,0.035947,0.051411,0.081561,0.153647,0.056112,,1794200,,
1,1,,0.007604,0.278977,0.109642,0.18925,0.034419,0.109512,0.036204,0.067009,0.027486,0.139897,,1792300,,
1,1,,0.035546,0.285381,0.067893,0.124529,0.044405,0.097513,0.007874,0.123903,0.039817,0.17314,,1820700,,
1,1,,0.044673,0.37414,0.079602,0.034807,0.084377,0.025359,0.054045,0.094088,0.168776,0.040132,,1792700,,
1,1,,0.00661,0.328604,0.122238,0.111248,0.037812,0.096442,0.02053,0.101342,0.056332,0.118841,,1784200,,
1,9,,0.04476,0.212872,0.066145,0.159148,0.03901,0.115116,0.006982,0.088882,0.047646,0.219439,,1799900,,
1,1,,0.072177,0.31565,0.072975,0.043767,0.072656,0.019891,0.068085,0.083879,0.198442,0.052477,,1801800,,
1,1,,0.013014,0.287514,0.081647,0.144149,0.055663,0.091955,0.010725,0.150012,0.041364,0.123957,,1797300,,
1,8,,0.027404,0.19134,0.126611,0.01624,0.096309,0.080464,0.167502,0.066773,0.202557,0.024799,,1803100,,
1,9,,0.028474,0.213066,0.07624,0.158809,0.039214,0.11379,0.005198,0.071843,0.034083,0.259282,,1787500,,
1,1,,0.029431,0.35381,0.098709,0.012351,0.14529,0.035364,0.117206,0.048366,0.138458,0.021015,,1807700,,
1,1,,0.044654,0.397151,0.101753,0.023541,0.044469,0.017189,0.037436,0.076641,0.220494,0.036671,,1808500,,
1,1,,0.046649,0.27162,0.071407,0.043934,0.065532,0.032264,0.082818,0.082528,0.248855,0.054393,,1805000,,
1,1,,0.011209,0.220129,0.156456,0.116585,0.034578,0.165003,0.057467,0.063172,0.04239,0.13301,,1826000,,
1,1,,0.037329,0.287151,0.065858,0.115043,0.044,0.094275,0.012909,0.121804,0.052212,0.169417,,1786200,,
1,1,,0.007158,0.347872,0.119826,0.108779,0.039312,0.088033,0.015889,0.102481,0.062625,0.108026,,1778000,,
1,9,,0.057656,0.206858,0.075874,0.154805,0.033647,0.119413,0.008505,0.069501,0.054688,0.219055,,1774100,,
1,1,,0.038447,0.276766,0.072137,0.076412,0.126476,0.084519,0.045944,0.114846,0.096073,0.068381,,1785400,,
1,1,,0.028094,0.282929,0.173461,0.097046,0.048154,0.053124,0.046624,0.079623,0.118453,0.072492,,1780700,,
1,1,,0.002321,0.362749,0.116952,0.115094,0.046243,0.102771,0.020036,0.082298,0.038513,0.113022,,1793000,,
1,1,,0.072874,0.289981,0.051214,0.020547,0.126821,0.021908,0.070795,0.13262,0.176869,0.036373,,1799100,,
1,1,,0.038353,0.342312,0.116795,0.018344,0.09525,0.019899,0.11694,0.059913,0.163684,0.02851,,1799300,,
2,6,,0.121718,0.059545,0.204688,0.018369,0.102083,0.042939,0.332411,0.024166,0.0861,0.007982,,1800900,,
2,2,,0.079024,0.096834,0.28939,0.024075,0.103021,0.039038,0.210144,0.026817,0.10626,0.025398,,1789700,,
2,2,,0.031285,0.119401,0.257332,0.062083,0.077559,0.073693,0.121192,0.054033,0.142753,0.060669,,1781200,,
2,2,,0.013952,0.1157,0.24334,0.16457,0.035953,0.111386,0.012036,0.118617,0.049617,0.134829,,1791400,,
2,2,,0.012036,0.138877,0.257024,0.105851,0.06209,0.111066,0.020797,0.075426,0.067114,0.149718,,1782200,,
2,2,,0.002384,0.118633,0.33544,0.127577,0.035656,0.124911,0.018476,0.081262,0.043011,0.11265,,1787400,,
2,7,,0.036237,0.107897,0.148457,0.08198,0.092477,0.06633,0.041348,0.170864,0.167938,0.086472,,1790900,,
2,2,,0.101716,0.120955,0.228585,0.056537,0.09788,0.03627,0.221608,0.021969,0.081591,0.032889,,1788200,,
2,2,,0.020072,0.185485,0.202474,0.135222,0.030397,0.104677,0.009082,0.084452,0.081268,0.146871,,1797300,,
2,7,,0.045359,0.122063,0.130053,0.127452,0.063325,0.076215,0.059866,0.161623,0.135687,0.078355,,1788400,,
2,2,,0.003561,0.143026,0.310684,0.119954,0.031626,0.121738,0.02757,0.069264,0.061913,0.110664,,1781700,,
2,2,,0.005928,0.119695,0.334542,0.146601,0.033141,0.096827,0.014356,0.07667,0.050922,0.121317,,1788000,,
2,2,,0.036464,0.111314,0.325517,0.069559,0.058744,0.042548,0.082709,0.069076,0.154797,0.049274,,1789200,,
2,2,,0.028076,0.119491,0.242637,0.133189,0.035424,0.101456,0.009214,0.083618,0.124187,0.122708,,1787300,,
2,1,,0.021162,0.255792,0.195448,0.054678,0.05484,0.076224,0.0708,0.060642,0.130743,0.079673,,1786100,,
2,1,,0.016856,0.287291,0.205006,0.072761,0.046563,0.066676,0.063595,0.066418,0.108176,0.066658,,1806700,,
2,2,,0.002654,0.120379,0.354125,0.134532,0.030835,0.107399,0.018556,0.074478,0.042902,0.11414,,1844500,,
2,2,,0.002632,0.122793,0.329328,0.13387,0.032604,0.113053,0.014154,0.081099,0.053192,0.117274,,1816200,,
2,2,,0.022429,0.144929,0.227831,0.124389,0.031002,0.110314,0.016091,0.064349,0.050384,0.208282,,1818700,,
2,2,,0.00282,0.162689,0.291449,0.123817,0.033666,0.130996,0.019791,0.07001,0.044973,0.119789,,1824000,,
2,2,,0.003687,0.153894,0.324241,0.122318,0.031309,0.099834,0.033934,0.070655,0.055761,0.104366,,1804400,,
2,2,,0.002749,0.1644,0.291097,0.137412,0.033524,0.115257,0.019791,0.07001,0.044973,0.120786,,1820100,,
2,2,,0.045938,0.128314,0.389295,0.049646,0.035585,0.037123,0.047494,0.053982,0.179489,0.033136,,1823300,,
2,2,,0.059151,0.205413,0.243781,0.022581,0.085787,0.032922,0.183998,0.037966,0.102015,0.026385,,1817500,,
2,2,,0.01622,0.152234,0.324543,0.090458,0.043276,0.08142,0.057534,0.060246,0.078528,0.095541,,1815900,,
2,2,,0.002654,0.115829,0.325311,0.169042,0.031491,0.108803,0.01852,0.074673,0.040223,0.113455,,1808100,,
2,2,,0.010085,0.1197,0.25555,0.1183,0.056084,0.122136,0.014408,0.074611,0.076465,0.152662,,1814300,,
2,2,,0.015605,0.141639,0.332014,0.090371,0.038966,0.089828,0.045383,0.065352,0.088445,0.092396,,1813400,,
2,2,,0.023307,0.12522,0.298118,0.141907,0.040826,0.070552,0.031007,0.103377,0.077875,0.087811,,1809800,,
2,2,,0.006586,0.113282,0.340272,0.129162,0.0307,0.126064,0.025762,0.072977,0.042006,0.113188,,1813800,,
2,2,,0.035153,0.116004,0.353262,0.048464,0.067033,0.05405,0.110696,0.041525,0.133144,0.040669,,1809500,,
2,2,,0.002654,0.122122,0.350111,0.13269,0.032136,0.107432,0.018556,0.075085,0.04419,0.115024,,1813700,,
2,2,,0.011052,0.189271,0.214672,0.151542,0.028773,0.125625,0.009579,0.060875,0.039799,0.168813,,1818200,,
2,2,,0.053395,0.125044,0.273101,0.038707,0.085668,0.071931,0.168135,0.03633,0.105917,0.041772,,1816000,,
2,2,,0.016088,0.155391,0.187677,0.116217,0.038965,0.135859,0.018503,0.089672,0.062342,0.179285,,1803000,,
2,2,,0.004041,0.146566,0.311421,0.140937,0.029734,0.101247,0.01808,0.085467,0.057771,0.104737,,1815900,,
2,2,,0.009896,0.140226,0.214798,0.117251,0.046835,0.092137,0.027075,0.129827,0.08651,0.135443,,1805900,,
2,2,,0.018026,0.175568,0.313496,0.079836,0.04066,0.096824,0.053361,0.059203,0.069486,0.093539,,1805500,,
2,2,,0.017568,0.123139,0.345195,0.107231,0.03667,0.084001,0.044304,0.070641,0.077281,0.093969,,1817200,,
2,2,,0.007405,0.181599,0.250291,0.173499,0.027516,0.11418,0.009301,0.067214,0.03739,0.131605,,1821600,,
2,2,,0.002654,0.122122,0.350111,0.13269,0.032136,0.107432,0.018556,0.075085,0.04419,0.115024,,1807500,,
2,2,,0.008375,0.114845,0.277443,0.147163,0.058769,0.096887,0.015965,0.101342,0.049194,0.130017,,1829500,,
2,2,,0.011847,0.114032,0.318204,0.129406,0.036336,0.108765,0.021719,0.078597,0.05203,0.129065,,1832000,,
2,2,,0.01331,0.13876,0.270694,0.133433,0.037158,0.116004,0.021563,0.094527,0.0524,0.122151,,1818000,,
2,2,,0.024935,0.125367,0.312459,0.127251,0.042292,0.06368,0.030737,0.085983,0.098324,0.088973,,1811600,,
2,2,,0.003324,0.129487,0.28194,0.135105,0.037995,0.127773,0.04595,0.071948,0.046114,0.120364,,1812500,,
2,6,,0.12641,0.055959,0.190044,0.017106,0.103622,0.045444,0.34812,0.024116,0.079892,0.009285,,1824300,,
2,2,,0.019703,0.148064,0.347686,0.04209,0.064082,0.025381,0.1459,0.043605,0.137315,0.026175,,1816300,,
2,2,,0.004807,0.121619,0.320059,0.138225,0.033199,0.116801,0.019948,0.07001,0.045757,0.129577,,1813800,,
2,2,,0.005878,0.141569,0.290139,0.118885,0.030271,0.10633,0.03127,0.102008,0.05616,0.117491,,1829400,,
2,2,,0.036144,0.123189,0.359647,0.106653,0.036862,0.070402,0.031289,0.068212,0.077346,0.090256,,1811400,,
2,2,,0.036175,0.162639,0.286071,0.039535,0.071963,0.031925,0.168638,0.033549,0.136427,0.033078,,1818100,,
2,2,,0.038684,0.14434,0.296097,0.053498,0.065023,0.048072,0.116625,0.048392,0.144553,0.044718,,1817300,,
2,2,,0.065404,0.08876,0.291191,0.075818,0.076809,0.0389,0.193356,0.025885,0.096255,0.047623,,1838900,,
2,2,,0.015404,0.131948,0.318091,0.119722,0.040428,0.082708,0.045386,0.072709,0.090871,0.082733,,1800700,,
2,2,,0.006577,0.139647,0.275251,0.11634,0.036181,0.135487,0.058544,0.07,0.052197,0.109776,,1811500,,
2,2,,0.002749,0.1644,0.291097,0.137412,0.033524,0.115257,0.019791,0.07001,0.044973,0.120786,,1801600,,
2,2,,0.003627,0.125158,0.357284,0.117575,0.031982,0.105785,0.027699,0.066446,0.055538,0.108906,,1799900,,
2,2,,0.013792,0.114352,0.272309,0.1298,0.040024,0.136973,0.054046,0.069363,0.043536,0.125805,,1833300,,
2,2,,0.003576,0.117837,0.333145,0.116141,0.035693,0.116553,0.03396,0.067589,0.065448,0.110058,,1793800,,
2,2,,0.002663,0.122121,0.352924,0.122397,0.032494,0.109831,0.018627,0.069298,0.053808,0.115837,,1799000,,
2,2,,0.095428,0.129736,0.251075,0.028135,0.100764,0.033997,0.234334,0.024143,0.078905,0.023482,,1802300,,
2,2,,0.004771,0.161497,0.314171,0.110661,0.036992,0.118426,0.0198,0.071171,0.043092,0.119419,,1792100,,
2,2,,0.008141,0.195355,0.24096,0.10086,0.050566,0.134459,0.049956,0.065348,0.045765,0.10859,,1791700,,
2,2,,0.034896,0.159322,0.317137,0.053498,0.063313,0.032949,0.137038,0.033682,0.137633,0.030533,,1799900,,
2,9,,0.020218,0.113765,0.206501,0.146017,0.034187,0.113782,0.003838,0.070947,0.071557,0.219189,,1800700,,
2,2,,0.077886,0.09498,0.304907,0.030719,0.091625,0.035604,0.182475,0.028552,0.106806,0.046445,,1815300,,
2,1,,0.009108,0.181385,0.174442,0.126919,0.040921,0.095013,0.014276,0.161134,0.053554,0.143247,,1799600,,
2,2,,0.045061,0.183826,0.240538,0.070506,0.047738,0.039853,0.033563,0.135808,0.148402,0.054705,,1784100,,
2,2,,0.002654,0.116721,0.34452,0.147704,0.030623,0.108966,0.018556,0.072994,0.042054,0.115208,,1780800,,
2,2,,0.013301,0.119056,0.287264,0.135447,0.036283,0.094195,0.028014,0.07801,0.071913,0.136517,,1764800,,
2,2,,0.031831,0.111875,0.242049,0.148659,0.036908,0.116641,0.040926,0.074103,0.085316,0.111692,,1781600,,
2,2,,0.013328,0.117592,0.19549,0.132377,0.055651,0.113278,0.039273,0.074138,0.09453,0.164344,,1792700,,
2,2,,0.058214,0.104717,0.274399,0.050221,0.036319,0.018115,0.039341,0.103293,0.272766,0.042614,,1782000,,
2,2,,0.00657,0.160634,0.279458,0.124412,0.034982,0.107032,0.015644,0.090717,0.050212,0.130338,,1802800,,
2,2,,0.00349,0.118611,0.354748,0.127975,0.031324,0.103321,0.02757,0.072445,0.052443,0.108071,,1786700,,
2,2,,0.01331,0.123706,0.264717,0.125731,0.037465,0.117669,0.027942,0.080167,0.064682,0.144611,,1789500,,
2,2,,0.031324,0.1115,0.188419,0.105567,0.045295,0.112091,0.03364,0.156782,0.104603,0.110778,,1797800,,
2,6,,0.103425,0.063633,0.232663,0.021597,0.114673,0.049122,0.285522,0.034095,0.083997,0.011274,,1787700,,
2,2,,0.0075,0.141755,0.317625,0.123259,0.031881,0.087729,0.01586,0.095869,0.068655,0.109866,,1780200,,
2,2,,0.002304,0.1254,0.34819,0.124303,0.034948,0.1039,0.018547,0.080859,0.052773,0.108775,,1784000,,
2,8,,0.051398,0.17383,0.163268,0.064974,0.058016,0.088603,0.041894,0.093037,0.179145,0.085836,,1786000,,
2,2,,0.006081,0.13051,0.325995,0.110281,0.032013,0.111087,0.038213,0.065441,0.058485,0.121893,,1806200,,
2,2,,0.059358,0.123001,0.332645,0.029885,0.082213,0.050964,0.144529,0.029792,0.120749,0.026863,,1809200,,
2,2,,0.058716,0.121921,0.186928,0.171245,0.037206,0.122224,0.018717,0.082433,0.04691,0.153701,,1814300,,
2,2,,0.025233,0.139177,0.270804,0.135067,0.036297,0.105113,0.020637,0.093318,0.053697,0.120657,,1793700,,
2,2,,0.055906,0.085489,0.280953,0.105274,0.041878,0.149029,0.073228,0.065336,0.053564,0.089344,,1797300,,
2,2,,0.053124,0.144837,0.309425,0.044615,0.082812,0.035011,0.133405,0.056223,0.105821,0.034726,,1782600,,
2,6,,0.083345,0.19575,0.190111,0.016111,0.103457,0.039212,0.211459,0.037241,0.104363,0.018951,,1798100,,
2,2,,0.020656,0.131357,0.216672,0.127943,0.034697,0.118923,0.010232,0.068722,0.07252,0.198277,,1793900,,
2,8,,0.082019,0.109088,0.245876,0.031432,0.051207,0.068871,0.063291,0.064716,0.245972,0.03753,,1797000,,
2,2,,0.009626,0.159705,0.269857,0.108649,0.035529,0.120061,0.03926,0.065667,0.080809,0.110837,,1798500,,
2,8,,0.045325,0.160226,0.231135,0.040372,0.046881,0.023407,0.053927,0.093822,0.250993,0.053913,,1804700,,
2,6,,0.101748,0.148838,0.173884,0.041497,0.1014,0.038486,0.235352,0.020009,0.097856,0.040929,,1829900,,
2,2,,0.007064,0.20446,0.222531,0.17558,0.030997,0.114158,0.009222,0.075946,0.0334,0.126643,,1793900,,
2,2,,0.007419,0.150215,0.242388,0.120684,0.051318,0.160715,0.01755,0.061246,0.052395,0.136069,,1798000,,
2,2,,0.034768,0.168104,0.182781,0.111458,0.04384,0.102874,0.028393,0.110145,0.082046,0.135591,,1792200,,
2,2,,0.019769,0.202294,0.293064,0.050197,0.05678,0.05205,0.107755,0.044956,0.123465,0.049669,,1800000,,
2,2,,0.009449,0.197272,0.273629,0.125225,0.033144,0.095007,0.014356,0.079652,0.04923,0.123035,,1790200,,
2,2,,0.002654,0.118464,0.340506,0.145862,0.031925,0.108998,0.018556,0.073602,0.043342,0.116092,,1817300,,
2,2,,0.00349,0.118611,0.354748,0.127975,0.031324,0.103321,0.02757,0.072445,0.052443,0.108071,,1792700,,
2,2,,0.003296,0.189287,0.255799,0.118339,0.034142,0.137507,0.019844,0.070181,0.047696,0.123909,,1810500,,
2,2,,0.024116,0.19526,0.201027,0.166652,0.036238,0.08803,0.015877,0.085611,0.080585,0.106606,,1790500,,
2,8,,0.062488,0.091384,0.194738,0.053372,0.047703,0.053675,0.049825,0.13006,0.233659,0.083096,,1808300,,
2,6,,0.15389,0.070892,0.118867,0.017344,0.119781,0.064846,0.342446,0.026654,0.073964,0.011317,,1798300,,
2,2,,0.037867,0.172773,0.293634,0.091505,0.040706,0.069363,0.032475,0.073054,0.101005,0.087619,,1799900,,
2,2,,0.019472,0.115576,0.323463,0.093606,0.036484,0.102169,0.071463,0.061915,0.089154,0.086697,,1797200,,
2,2,,0.023695,0.126429,0.222314,0.128146,0.031497,0.143524,0.019268,0.070589,0.0697,0.164837,,1807300,,
2,2,,0.018208,0.111507,0.20233,0.136638,0.047155,0.110248,0.03672,0.141204,0.062118,0.133872,,1845000,,
2,2,,0.059258,0.102109,0.342532,0.048569,0.081742,0.032968,0.162538,0.031119,0.106422,0.032744,,1809700,,
2,2,,0.002654,0.128248,0.325695,0.138264,0.032296,0.110109,0.018556,0.071904,0.05366,0.118614,,1803800,,
2,1,,0.023931,0.252711,0.199171,0.073477,0.043832,0.078761,0.032486,0.074626,0.120805,0.1002,,1803300,,
3,3,,0.019215,0.180231,0.106585,0.211553,0.029424,0.180364,0.00616,0.069777,0.048395,0.148296,,1794400,,
3,3,,0.018508,0.112891,0.086198,0.35126,0.033657,0.115691,0.009739,0.083988,0.038008,0.15006,,1790700,,
3,3,,0.014123,0.172839,0.106576,0.322035,0.029261,0.099801,0.00383,0.073349,0.03972,0.138465,,1800700,,
3,9,,0.033264,0.126115,0.106675,0.19821,0.033425,0.133817,0.018633,0.073745,0.043345,0.232773,,1804700,,
3,3,,0.01437,0.113058,0.096789,0.330065,0.034276,0.109866,0.004529,0.084055,0.059222,0.15377,,1840500,,
3,3,,0.007952,0.153968,0.091642,0.322352,0.027323,0.13793,0.009318,0.065924,0.050296,0.133294,,1801600,,
3,3,,0.02715,0.099356,0.095639,0.198385,0.044712,0.191418,0.020282,0.095527,0.039968,0.187563,,1803500,,
3,3,,0.014394,0.149779,0.101176,0.263168,0.035065,0.131261,0.013153,0.076771,0.092262,0.122971,,1819900,,
3,3,,0.03841,0.094924,0.100482,0.285324,0.030606,0.111468,0.006176,0.080279,0.027325,0.225006,,1800600,,
3,3,,0.023524,0.082673,0.094602,0.304976,0.031223,0.117627,0.007664,0.076635,0.054713,0.206363,,1809300,,
3,3,,0.032856,0.125522,0.120586,0.208064,0.029158,0.207435,0.056327,0.065739,0.037552,0.11676,,1821300,,
3,3,,0.029367,0.101567,0.107883,0.23851,0.032776,0.129111,0.020204,0.077124,0.048846,0.214613,,1817000,,
3,3,,0.010602,0.116362,0.140417,0.321665,0.028458,0.101795,0.003899,0.073813,0.039565,0.163424,,1814400,,
3,3,,0.111249,0.088349,0.081486,0.18303,0.071373,0.065311,0.133171,0.038966,0.130621,0.096442,,1824100,,
3,3,,0.031544,0.12533,0.071998,0.280295,0.033673,0.116035,0.006166,0.106311,0.028728,0.199919,,1828000,,
3,8,,0.067453,0.110155,0.11373,0.149654,0.047971,0.095319,0.067186,0.084493,0.169145,0.094893,,1872500,,
3,3,,0.017474,0.083506,0.080616,0.395391,0.032632,0.112847,0.009614,0.083157,0.047885,0.136878,,1825100,,
3,3,,0.018166,0.07956,0.115062,0.319452,0.029531,0.138724,0.011815,0.071837,0.05958,0.156273,,1813700,,
3,9,,0.068403,0.120626,0.131158,0.143652,0.040324,0.120126,0.031898,0.072068,0.078061,0.193684,,1840900,,
3,9,,0.016028,0.1607,0.120106,0.179607,0.03536,0.102244,0.011026,0.100846,0.039527,0.234556,,1817400,,
3,3,,0.015635,0.108655,0.125682,0.30599,0.027459,0.128918,0.01234,0.069434,0.072136,0.133751,,1823400,,
3,3,,0.014355,0.121718,0.103708,0.196012,0.036154,0.102168,0.00375,0.182881,0.049108,0.190147,,1814800,,
3,3,,0.026862,0.101265,0.18303,0.2504,0.031742,0.10264,0.004928,0.07473,0.034598,0.189805,,1821200,,
3,3,,0.014076,0.11945,0.099484,0.340459,0.037414,0.09998,0.003819,0.099601,0.040713,0.145003,,1815000,,
3,3,,0.010739,0.113664,0.100217,0.32459,0.031037,0.111774,0.003819,0.080826,0.060226,0.163109,,1835400,,
3,9,,0.087762,0.07057,0.072491,0.179097,0.035418,0.102837,0.014332,0.065519,0.074401,0.297571,,1826100,,
3,3,,0.011984,0.132391,0.13977,0.316394,0.028278,0.132348,0.008876,0.067661,0.02962,0.132678,,1825000,,
3,3,,0.013655,0.114831,0.135511,0.177434,0.037865,0.163659,0.037274,0.06034,0.111995,0.147436,,1817300,,
3,9,,0.05675,0.163793,0.091775,0.161742,0.034392,0.112892,0.008373,0.081621,0.030342,0.25832,,1813600,,
3,3,,0.02023,0.114935,0.147386,0.251396,0.034668,0.13233,0.013243,0.077343,0.041818,0.166651,,1840400,,
3,3,,0.023177,0.126636,0.071253,0.29023,0.03628,0.101392,0.006132,0.110979,0.027844,0.206076,,1817400,,
3,9,,0.056986,0.107039,0.136673,0.212604,0.03239,0.105039,0.011439,0.08131,0.029934,0.226586,,1812600,,
3,3,,0.030831,0.107193,0.118122,0.291495,0.030602,0.117153,0.007531,0.074907,0.026683,0.195483,,1825100,,
3,3,,0.016909,0.141059,0.128998,0.284281,0.030227,0.129741,0.007966,0.068309,0.023769,0.168741,,1803300,,
3,3,,0.011312,0.12589,0.099112,0.304272,0.032588,0.112694,0.003819,0.101226,0.04492,0.164167,,1798100,,
3,3,,0.010602,0.094109,0.121331,0.353022,0.027835,0.121659,0.00383,0.073544,0.059951,0.134116,,1795700,,
3,3,,0.023678,0.164691,0.10006,0.271334,0.031036,0.144843,0.007492,0.067559,0.066994,0.122313,,1797300,,
3,3,,0.045404,0.091583,0.089901,0.287673,0.067277,0.0656,0.08195,0.068756,0.086553,0.115302,,1860300,,
3,3,,0.059688,0.081039,0.123874,0.261179,0.048227,0.081003,0.044845,0.087427,0.077165,0.135554,,1802100,,
3,3,,0.049357,0.086127,0.067,0.267918,0.035612,0.121194,0.022809,0.085451,0.052426,0.212105,,1808300,,
