led-display,Randf,test,0,NANOSECONDS,PREDICTIONS, Generated by ClassifierExperiments.java on 2022-05-16 12:45:45.    SYSTEMPROPERTIES:{user.name:matth,os.arch:amd64,os.name:Windows 10},ENDSYSTEMPROPERTIES
No parameter info
0.7238095238095238,78300,347000,-1,0,10,,-1,-1
0,0,,0.747045,0.002044,0.002626,0.002756,0.017863,0.00054,0.015643,0.001847,0.178484,0.031152,,4700,,
0,0,,0.822548,0.000066,0.001862,0.001701,0.000224,0.000878,0.017746,0.001761,0.115796,0.037418,,3800,,
0,0,,0.822548,0.000066,0.001862,0.001701,0.000224,0.000878,0.017746,0.001761,0.115796,0.037418,,3400,,
0,6,,0.3215,0.021528,0.069853,0.007929,0.000046,0.071268,0.377338,0.066083,0.055705,0.008751,,3800,,
0,8,,0.113338,0.000003,0.00684,0.008542,0.001248,0.003981,0.088682,0.000189,0.663747,0.113429,,3600,,
0,0,,0.46286,0.000098,0.245131,0.003534,0.00011,0.00173,0.020543,0.003122,0.221897,0.040974,,3200,,
0,0,,0.822548,0.000066,0.001862,0.001701,0.000224,0.000878,0.017746,0.001761,0.115796,0.037418,,3200,,
0,0,,0.818497,0.004019,0.003334,0.00133,0.009052,0.000759,0.021191,0.079037,0.036214,0.026567,,3100,,
0,0,,0.822548,0.000066,0.001862,0.001701,0.000224,0.000878,0.017746,0.001761,0.115796,0.037418,,3100,,
1,1,,0.000646,0.776573,0.000169,0.005528,0.004007,0.000031,0.000007,0.2127,0.000027,0.000312,,3400,,
1,2,,0.001409,0.001086,0.955012,0.009388,0.00007,0.00013,0.001209,0.026162,0.004709,0.000824,,3600,,
1,1,,0.000646,0.776573,0.000169,0.005528,0.004007,0.000031,0.000007,0.2127,0.000027,0.000312,,3200,,
1,1,,0.025094,0.489368,0.003652,0.273088,0.003822,0.001381,0.000227,0.183073,0.003332,0.016963,,3200,,
1,1,,0.000646,0.776573,0.000169,0.005528,0.004007,0.000031,0.000007,0.2127,0.000027,0.000312,,3100,,
1,1,,0.000646,0.776573,0.000169,0.005528,0.004007,0.000031,0.000007,0.2127,0.000027,0.000312,,3100,,
1,4,,0.015842,0.118942,0.000156,0.004445,0.773331,0.000875,0.000386,0.066636,0.00124,0.018147,,3400,,
1,1,,0.000148,0.933652,0.00014,0.000495,0.003776,0.001698,0.000196,0.059779,0.000014,0.000101,,3000,,
2,8,,0.025615,0.000002,0.361756,0.007128,0.000248,0.003149,0.041231,0.000135,0.510851,0.049886,,3600,,
2,2,,0.002508,0.000031,0.94437,0.021267,0.000003,0.000267,0.001794,0.001033,0.026672,0.002056,,3700,,
2,8,,0.025615,0.000002,0.361756,0.007128,0.000248,0.003149,0.041231,0.000135,0.510851,0.049886,,3400,,
2,2,,0.002508,0.000031,0.94437,0.021267,0.000003,0.000267,0.001794,0.001033,0.026672,0.002056,,3300,,
2,2,,0.002508,0.000031,0.94437,0.021267,0.000003,0.000267,0.001794,0.001033,0.026672,0.002056,,3300,,
2,2,,0.002508,0.000031,0.94437,0.021267,0.000003,0.000267,0.001794,0.001033,0.026672,0.002056,,3200,,
2,3,,0.000678,0.000378,0.39633,0.556333,0.000042,0.00634,0.000471,0.010524,0.007511,0.021394,,3400,,
2,2,,0.061603,0.002095,0.870003,0.014336,0.000002,0.000199,0.001215,0.0325,0.015751,0.002296,,3300,,
2,2,,0.002508,0.000031,0.94437,0.021267,0.000003,0.000267,0.001794,0.001033,0.026672,0.002056,,3000,,
2,2,,0.001609,0.000691,0.940938,0.024339,0.000174,0.000116,0.001117,0.000765,0.029042,0.001209,,3500,,
2,6,,0.003055,0.000001,0.155332,0.000333,0.000122,0.090141,0.60193,0.00002,0.14061,0.008455,,3500,,
3,5,,0.027516,0.082086,0.009284,0.06569,0.000196,0.53677,0.031346,0.213308,0.004968,0.028835,,3500,,
3,9,,0.017394,0.000023,0.00163,0.126902,0.009609,0.053764,0.01321,0.001096,0.106156,0.670215,,3500,,
3,3,,0.003944,0.000824,0.009858,0.876952,0.000277,0.010544,0.001331,0.019444,0.012838,0.063988,,3300,,
3,3,,0.003944,0.000824,0.009858,0.876952,0.000277,0.010544,0.001331,0.019444,0.012838,0.063988,,3200,,
3,3,,0.003944,0.000824,0.009858,0.876952,0.000277,0.010544,0.001331,0.019444,0.012838,0.063988,,3000,,
3,3,,0.002257,0.016189,0.00876,0.895152,0.013933,0.004084,0.000739,0.012852,0.012468,0.033565,,3700,,
3,3,,0.003944,0.000824,0.009858,0.876952,0.000277,0.010544,0.001331,0.019444,0.012838,0.063988,,3200,,
3,3,,0.003944,0.000824,0.009858,0.876952,0.000277,0.010544,0.001331,0.019444,0.012838,0.063988,,3000,,
3,5,,0.027516,0.082086,0.009284,0.06569,0.000196,0.53677,0.031346,0.213308,0.004968,0.028835,,3300,,
3,3,,0.003944,0.000824,0.009858,0.876952,0.000277,0.010544,0.001331,0.019444,0.012838,0.063988,,3100,,
3,9,,0.017394,0.000023,0.00163,0.126902,0.009609,0.053764,0.01321,0.001096,0.106156,0.670215,,3500,,
3,3,,0.003944,0.000824,0.009858,0.876952,0.000277,0.010544,0.001331,0.019444,0.012838,0.063988,,3100,,
4,4,,0.000493,0.001362,0.000129,0.005044,0.975983,0.000896,0.000436,0.001619,0.001606,0.012431,,3900,,
4,1,,0.000779,0.344167,0.005442,0.242728,0.195708,0.001224,0.000306,0.200028,0.001352,0.008265,,3400,,
4,1,,0.000779,0.344167,0.005442,0.242728,0.195708,0.001224,0.000306,0.200028,0.001352,0.008265,,3300,,
4,2,,0.000199,0.234384,0.3252,0.22888,0.043885,0.001094,0.000161,0.160913,0.001176,0.004107,,3200,,
4,4,,0.000493,0.001362,0.000129,0.005044,0.975983,0.000896,0.000436,0.001619,0.001606,0.012431,,3500,,
4,4,,0.000493,0.001362,0.000129,0.005044,0.975983,0.000896,0.000436,0.001619,0.001606,0.012431,,3300,,
4,4,,0.000493,0.001362,0.000129,0.005044,0.975983,0.000896,0.000436,0.001619,0.001606,0.012431,,3100,,
4,1,,0.000235,0.544399,0.005903,0.028617,0.242601,0.088511,0.011292,0.073964,0.00094,0.003539,,3400,,
4,4,,0.000114,0.001656,0.000108,0.000457,0.930064,0.049821,0.012369,0.00046,0.000858,0.004091,,3400,,
4,4,,0.021939,0.00136,0.003701,0.002317,0.865432,0.000453,0.019994,0.00191,0.068532,0.014361,,3400,,
4,5,,0.001145,0.000269,0.0006,0.00583,0.229003,0.574923,0.103296,0.000102,0.027366,0.057465,,3500,,
5,5,,0.001099,0.000008,0.000371,0.003137,0.002497,0.81504,0.102131,0.000085,0.015474,0.060159,,3700,,
5,5,,0.034234,0.000638,0.000433,0.002682,0.00192,0.772161,0.087746,0.003393,0.01159,0.085203,,3500,,
5,5,,0.001145,0.000269,0.0006,0.00583,0.229003,0.574923,0.103296,0.000102,0.027366,0.057465,,3400,,
5,5,,0.001099,0.000008,0.000371,0.003137,0.002497,0.81504,0.102131,0.000085,0.015474,0.060159,,3500,,
5,5,,0.001099,0.000008,0.000371,0.003137,0.002497,0.81504,0.102131,0.000085,0.015474,0.060159,,3200,,
5,5,,0.001099,0.000008,0.000371,0.003137,0.002497,0.81504,0.102131,0.000085,0.015474,0.060159,,3200,,
5,5,,0.001112,0.00047,0.000675,0.002494,0.102842,0.716171,0.124007,0.003878,0.004921,0.043432,,3100,,
5,5,,0.001099,0.000008,0.000371,0.003137,0.002497,0.81504,0.102131,0.000085,0.015474,0.060159,,3000,,
5,9,,0.017394,0.000023,0.00163,0.126902,0.009609,0.053764,0.01321,0.001096,0.106156,0.670215,,3500,,
5,5,,0.001099,0.000008,0.000371,0.003137,0.002497,0.81504,0.102131,0.000085,0.015474,0.060159,,3100,,
5,5,,0.001099,0.000008,0.000371,0.003137,0.002497,0.81504,0.102131,0.000085,0.015474,0.060159,,2900,,
6,6,,0.007795,0.000041,0.00263,0.00041,0.031083,0.044481,0.72459,0.000018,0.178789,0.010162,,3500,,
6,6,,0.007795,0.000041,0.00263,0.00041,0.031083,0.044481,0.72459,0.000018,0.178789,0.010162,,3300,,
6,6,,0.008303,0.000001,0.001804,0.000245,0.000376,0.069995,0.795232,0.000017,0.112217,0.011809,,3200,,
6,5,,0.001099,0.000008,0.000371,0.003137,0.002497,0.81504,0.102131,0.000085,0.015474,0.060159,,3000,,
6,0,,0.822548,0.000066,0.001862,0.001701,0.000224,0.000878,0.017746,0.001761,0.115796,0.037418,,3000,,
6,6,,0.008303,0.000001,0.001804,0.000245,0.000376,0.069995,0.795232,0.000017,0.112217,0.011809,,3200,,
6,6,,0.008303,0.000001,0.001804,0.000245,0.000376,0.069995,0.795232,0.000017,0.112217,0.011809,,3100,,
6,6,,0.008303,0.000001,0.001804,0.000245,0.000376,0.069995,0.795232,0.000017,0.112217,0.011809,,3000,,
6,6,,0.3215,0.021528,0.069853,0.007929,0.000046,0.071268,0.377338,0.066083,0.055705,0.008751,,3600,,
6,6,,0.232573,0.000097,0.001895,0.000188,0.00026,0.059611,0.614174,0.000611,0.075556,0.015035,,3300,,
7,7,,0.001798,0.330353,0.001092,0.003372,0.000521,0.030454,0.002457,0.628507,0.000102,0.001344,,3500,,
7,7,,0.003062,0.107192,0.000517,0.01468,0.000216,0.000216,0.000034,0.872396,0.000075,0.001611,,3700,,
7,7,,0.003062,0.107192,0.000517,0.01468,0.000216,0.000216,0.000034,0.872396,0.000075,0.001611,,3400,,
7,7,,0.003062,0.107192,0.000517,0.01468,0.000216,0.000216,0.000034,0.872396,0.000075,0.001611,,3400,,
7,7,,0.003062,0.107192,0.000517,0.01468,0.000216,0.000216,0.000034,0.872396,0.000075,0.001611,,3300,,
7,1,,0.000646,0.776573,0.000169,0.005528,0.004007,0.000031,0.000007,0.2127,0.000027,0.000312,,3400,,
7,1,,0.000646,0.776573,0.000169,0.005528,0.004007,0.000031,0.000007,0.2127,0.000027,0.000312,,3200,,
7,7,,0.003062,0.107192,0.000517,0.01468,0.000216,0.000216,0.000034,0.872396,0.000075,0.001611,,3400,,
7,7,,0.143237,0.031335,0.000906,0.022529,0.079456,0.01169,0.003599,0.521645,0.006604,0.178996,,3400,,
7,7,,0.003062,0.107192,0.000517,0.01468,0.000216,0.000216,0.000034,0.872396,0.000075,0.001611,,3200,,
7,7,,0.000554,0.271431,0.078719,0.003836,0.000141,0.032842,0.001558,0.610006,0.000107,0.000806,,3400,,
7,7,,0.000554,0.271431,0.078719,0.003836,0.000141,0.032842,0.001558,0.610006,0.000107,0.000806,,3300,,
8,8,,0.113338,0.000003,0.00684,0.008542,0.001248,0.003981,0.088682,0.000189,0.663747,0.113429,,3300,,
8,8,,0.191667,0.000346,0.020822,0.01135,0.085916,0.005846,0.179964,0.014445,0.352776,0.136866,,3100,,
8,8,,0.113338,0.000003,0.00684,0.008542,0.001248,0.003981,0.088682,0.000189,0.663747,0.113429,,3100,,
8,8,,0.191667,0.000346,0.020822,0.01135,0.085916,0.005846,0.179964,0.014445,0.352776,0.136866,,3100,,
8,8,,0.113338,0.000003,0.00684,0.008542,0.001248,0.003981,0.088682,0.000189,0.663747,0.113429,,3100,,
8,6,,0.008303,0.000001,0.001804,0.000245,0.000376,0.069995,0.795232,0.000017,0.112217,0.011809,,3300,,
8,5,,0.001099,0.000008,0.000371,0.003137,0.002497,0.81504,0.102131,0.000085,0.015474,0.060159,,3200,,
8,8,,0.025615,0.000002,0.361756,0.007128,0.000248,0.003149,0.041231,0.000135,0.510851,0.049886,,3200,,
8,8,,0.113338,0.000003,0.00684,0.008542,0.001248,0.003981,0.088682,0.000189,0.663747,0.113429,,3100,,
8,8,,0.113338,0.000003,0.00684,0.008542,0.001248,0.003981,0.088682,0.000189,0.663747,0.113429,,3000,,
8,8,,0.113338,0.000003,0.00684,0.008542,0.001248,0.003981,0.088682,0.000189,0.663747,0.113429,,3000,,
9,5,,0.001099,0.000008,0.000371,0.003137,0.002497,0.81504,0.102131,0.000085,0.015474,0.060159,,3200,,
9,4,,0.008977,0.000402,0.001307,0.116821,0.436407,0.018782,0.006617,0.000653,0.092977,0.317057,,3500,,
9,9,,0.017394,0.000023,0.00163,0.126902,0.009609,0.053764,0.01321,0.001096,0.106156,0.670215,,3100,,
9,9,,0.017394,0.000023,0.00163,0.126902,0.009609,0.053764,0.01321,0.001096,0.106156,0.670215,,3100,,
9,9,,0.017394,0.000023,0.00163,0.126902,0.009609,0.053764,0.01321,0.001096,0.106156,0.670215,,3000,,
9,9,,0.017394,0.000023,0.00163,0.126902,0.009609,0.053764,0.01321,0.001096,0.106156,0.670215,,3000,,
9,4,,0.008977,0.000402,0.001307,0.116821,0.436407,0.018782,0.006617,0.000653,0.092977,0.317057,,3400,,
9,0,,0.822548,0.000066,0.001862,0.001701,0.000224,0.000878,0.017746,0.001761,0.115796,0.037418,,3000,,
9,9,,0.017394,0.000023,0.00163,0.126902,0.009609,0.053764,0.01321,0.001096,0.106156,0.670215,,3000,,
9,3,,0.003944,0.000824,0.009858,0.876952,0.000277,0.010544,0.001331,0.019444,0.012838,0.063988,,3400,,