semeion,CWE,test,0,NANOSECONDS,PREDICTIONS, Generated by ClassifierExperiments.java on 2022-05-15 21:41:41.    SYSTEMPROPERTIES:{user.name:matth,os.arch:amd64,os.name:Windows 10},ENDSYSTEMPROPERTIES
No parameter info
0.8359133126934984,2278775300,1663738000,-1,99831576,10,,-1,-1
0,0,,0.670881,0.017366,0.033885,0.003876,0.079912,0.002747,0.047366,0.016963,0.088486,0.038517,,5249700,,
0,0,,0.668767,0.017366,0.034724,0.003311,0.076861,0.002408,0.046914,0.014816,0.096582,0.03825,,5085500,,
0,0,,0.670881,0.017366,0.033885,0.003876,0.079912,0.002747,0.047366,0.016963,0.088486,0.038517,,5103400,,
0,0,,0.670881,0.017366,0.033885,0.003876,0.079912,0.002747,0.047366,0.016963,0.088486,0.038517,,5097600,,
0,0,,0.366995,0.085799,0.05951,0.091239,0.052532,0.045815,0.016932,0.096552,0.062714,0.121912,,5021600,,
0,8,,0.248891,0.058301,0.122161,0.00891,0.094541,0.030614,0.110839,0.025286,0.278669,0.021788,,5010500,,
0,0,,0.420507,0.027673,0.049841,0.055502,0.098594,0.116008,0.016759,0.035027,0.041873,0.138217,,5050400,,
0,0,,0.630881,0.017366,0.033885,0.003876,0.119912,0.002747,0.047366,0.016963,0.088486,0.038517,,4999500,,
0,0,,0.650881,0.017366,0.033885,0.003876,0.079912,0.002747,0.047366,0.016963,0.108486,0.038517,,4964600,,
0,0,,0.670881,0.017366,0.033885,0.003876,0.079912,0.002747,0.047366,0.016963,0.088486,0.038517,,4982700,,
0,0,,0.594067,0.017588,0.031368,0.02868,0.090332,0.017795,0.034966,0.018991,0.098444,0.067769,,4960100,,
0,0,,0.551583,0.017366,0.038885,0.003876,0.159561,0.002747,0.047191,0.016963,0.113311,0.048517,,4976600,,
0,0,,0.650881,0.017366,0.033885,0.003876,0.079912,0.002747,0.067366,0.016963,0.088486,0.038517,,4998000,,
0,0,,0.670881,0.017366,0.033885,0.003876,0.079912,0.002747,0.047366,0.016963,0.088486,0.038517,,5032300,,
0,0,,0.670881,0.017366,0.033885,0.003876,0.079912,0.002747,0.047366,0.016963,0.088486,0.038517,,4993300,,
0,0,,0.630881,0.017366,0.033885,0.003876,0.119912,0.002747,0.047366,0.016963,0.088486,0.038517,,5050600,,
0,0,,0.434344,0.050537,0.069354,0.007013,0.098206,0.01039,0.126252,0.019531,0.165206,0.019168,,5090800,,
0,0,,0.670881,0.017366,0.033885,0.003876,0.079912,0.002747,0.047366,0.016963,0.088486,0.038517,,5036600,,
0,0,,0.484614,0.025771,0.038938,0.011497,0.13087,0.075473,0.088412,0.029344,0.067309,0.047771,,5052800,,
0,0,,0.592508,0.017778,0.096247,0.004423,0.079147,0.002408,0.046771,0.018149,0.098104,0.044465,,5007300,,
0,0,,0.590275,0.030129,0.036443,0.040413,0.078828,0.010188,0.034877,0.031142,0.098754,0.048951,,5022400,,
0,9,,0.141111,0.059828,0.064563,0.061505,0.059336,0.177153,0.035657,0.063624,0.082349,0.254874,,5072200,,
0,0,,0.670881,0.017366,0.033885,0.003876,0.079912,0.002747,0.047366,0.016963,0.088486,0.038517,,5029400,,
0,0,,0.333409,0.037696,0.041546,0.058386,0.073194,0.141437,0.00498,0.048711,0.031231,0.22941,,5019000,,
0,0,,0.631678,0.018314,0.04033,0.005583,0.079846,0.004358,0.047191,0.021513,0.091439,0.059749,,5031400,,
0,0,,0.579813,0.021972,0.039725,0.006467,0.116664,0.007775,0.099435,0.026855,0.068989,0.032305,,5006800,,
0,0,,0.666058,0.019322,0.033168,0.00382,0.090287,0.002926,0.041927,0.018094,0.085528,0.03887,,5030700,,
0,0,,0.579813,0.021972,0.039725,0.006467,0.116664,0.007775,0.099435,0.026855,0.068989,0.032305,,5058100,,
0,0,,0.421626,0.026088,0.0319,0.048997,0.121653,0.105232,0.016485,0.036361,0.041729,0.149929,,5017200,,
0,0,,0.670881,0.017366,0.033885,0.003876,0.079912,0.002747,0.047366,0.016963,0.088486,0.038517,,5029600,,
0,0,,0.666058,0.019322,0.033168,0.00382,0.090287,0.002926,0.041927,0.018094,0.085528,0.03887,,5058000,,
0,0,,0.670881,0.017366,0.033885,0.003876,0.079912,0.002747,0.047366,0.016963,0.088486,0.038517,,5047600,,
0,0,,0.527526,0.018914,0.042221,0.01062,0.101542,0.044073,0.064439,0.020992,0.084956,0.084717,,5094800,,
1,1,,0.004576,0.27763,0.139346,0.136997,0.047721,0.112145,0.012822,0.14204,0.042861,0.083863,,5158400,,
1,1,,0.004232,0.224491,0.220565,0.116833,0.026554,0.088105,0.010887,0.186221,0.041939,0.080173,,5158900,,
1,1,,0.004988,0.278225,0.116541,0.137533,0.068314,0.095796,0.012822,0.155572,0.045983,0.084225,,5311200,,
1,1,,0.004988,0.338225,0.116541,0.117533,0.028314,0.095796,0.012822,0.155572,0.045983,0.084225,,5293800,,
1,1,,0.012624,0.362038,0.098266,0.078606,0.064777,0.069457,0.03075,0.125865,0.09501,0.062606,,5379800,,
1,1,,0.004311,0.358633,0.08948,0.114201,0.027702,0.091346,0.038685,0.146111,0.046295,0.083236,,5375800,,
1,1,,0.009939,0.370954,0.088253,0.102768,0.048906,0.080067,0.035215,0.138841,0.05418,0.070879,,5399900,,
1,6,,0.07159,0.184077,0.099191,0.041744,0.136767,0.053102,0.189924,0.065171,0.134805,0.023629,,5362000,,
1,1,,0.004762,0.372525,0.089599,0.11368,0.026484,0.09058,0.017223,0.145448,0.057681,0.082019,,6269400,,
1,1,,0.026441,0.346843,0.085176,0.091722,0.054228,0.072195,0.044612,0.135243,0.083318,0.060221,,5421000,,
1,1,,0.012343,0.392494,0.090597,0.111504,0.02791,0.085145,0.011522,0.141607,0.043988,0.08289,,5420100,,
1,1,,0.004311,0.371281,0.08995,0.114437,0.028172,0.089082,0.013685,0.166817,0.041295,0.080972,,5523100,,
1,1,,0.004311,0.311281,0.10995,0.114437,0.028172,0.089082,0.033685,0.146817,0.061295,0.100972,,5468500,,
1,1,,0.004311,0.378633,0.08948,0.114201,0.027702,0.091346,0.018685,0.146111,0.046295,0.083236,,5328600,,
1,1,,0.012343,0.372494,0.090597,0.131504,0.02791,0.085145,0.011522,0.141607,0.043988,0.08289,,5408800,,
1,1,,0.053259,0.246675,0.095905,0.012521,0.150965,0.019314,0.227995,0.038518,0.144896,0.009951,,5308900,,
1,1,,0.004529,0.373063,0.101912,0.10986,0.027825,0.087266,0.02058,0.139693,0.057217,0.078055,,5372800,,
1,1,,0.012343,0.390922,0.089193,0.112358,0.026778,0.086474,0.011144,0.144846,0.042008,0.083935,,5455900,,
1,1,,0.004311,0.318633,0.08948,0.134201,0.047702,0.091346,0.038685,0.146111,0.046295,0.083236,,5379100,,
1,1,,0.167911,0.236231,0.063828,0.025632,0.207807,0.020363,0.071791,0.041422,0.134558,0.030458,,5374100,,
1,1,,0.004988,0.338225,0.116541,0.117533,0.028314,0.095796,0.012822,0.155572,0.045983,0.084225,,5372200,,
1,1,,0.006621,0.256132,0.102842,0.208181,0.036722,0.088277,0.012753,0.166127,0.040632,0.081713,,5401800,,
1,1,,0.00495,0.339385,0.121086,0.113532,0.028437,0.091883,0.013692,0.155789,0.05078,0.080466,,5402400,,
1,1,,0.012891,0.370899,0.078722,0.147864,0.05556,0.087551,0.012062,0.101327,0.036451,0.096673,,5524100,,
1,1,,0.012343,0.370922,0.089193,0.112358,0.026778,0.106474,0.011144,0.144846,0.042008,0.083935,,5423600,,
1,1,,0.005244,0.291496,0.124428,0.137193,0.028314,0.095628,0.013848,0.168936,0.052109,0.082804,,5399200,,
1,1,,0.009939,0.376333,0.080111,0.101261,0.048815,0.079708,0.035741,0.143396,0.054529,0.070166,,5429200,,
1,1,,0.012343,0.375297,0.09108,0.126508,0.043707,0.083441,0.011788,0.126591,0.03586,0.093386,,5407400,,
1,1,,0.118617,0.296082,0.076191,0.044793,0.148274,0.030182,0.066408,0.070551,0.111931,0.03697,,5397300,,
1,9,,0.017858,0.04941,0.050696,0.070115,0.070647,0.208433,0.009037,0.096106,0.030914,0.396784,,5540900,,
1,4,,0.051347,0.212832,0.071646,0.01008,0.27598,0.01666,0.150804,0.053361,0.144814,0.012477,,5419400,,
1,1,,0.004576,0.31763,0.139346,0.116997,0.027721,0.112145,0.012822,0.14204,0.042861,0.083863,,5413600,,
1,1,,0.012891,0.290899,0.078722,0.167864,0.05556,0.107551,0.012062,0.101327,0.036451,0.136673,,5428800,,
2,2,,0.004758,0.142957,0.287754,0.103272,0.027143,0.094143,0.026103,0.160678,0.067719,0.085474,,5290100,,
2,2,,0.102857,0.05151,0.322421,0.023464,0.060523,0.021737,0.153899,0.038386,0.207476,0.017727,,5298500,,
2,1,,0.004794,0.25206,0.231778,0.112656,0.027844,0.088064,0.014717,0.135622,0.053783,0.078682,,5331100,,
2,2,,0.009797,0.130981,0.274712,0.125743,0.02776,0.074623,0.060708,0.14111,0.094,0.060566,,5210100,,
2,2,,0.009133,0.136513,0.287384,0.105771,0.081625,0.083648,0.041764,0.12726,0.051819,0.075081,,5130500,,
2,2,,0.009405,0.112452,0.247792,0.103071,0.027353,0.105679,0.049064,0.141623,0.132856,0.070705,,5190000,,
2,2,,0.029814,0.151481,0.297402,0.092825,0.070575,0.071228,0.045174,0.118606,0.060735,0.062159,,5179200,,
2,1,,0.010569,0.192437,0.123293,0.150117,0.098108,0.072858,0.027726,0.109281,0.077512,0.138098,,5154200,,
2,4,,0.210528,0.024417,0.106587,0.00922,0.258585,0.011931,0.185442,0.031524,0.136023,0.025742,,5140700,,
2,2,,0.008956,0.10868,0.36234,0.094632,0.0268,0.068107,0.06045,0.122565,0.090335,0.057135,,5163300,,
2,2,,0.004832,0.1509,0.287232,0.116657,0.027721,0.091977,0.013848,0.135405,0.088987,0.082441,,5115200,,
2,2,,0.042115,0.047655,0.320016,0.025001,0.09575,0.029291,0.213729,0.06434,0.14061,0.021493,,5140700,,
2,2,,0.012528,0.143509,0.291531,0.116043,0.025087,0.088437,0.008011,0.144735,0.064568,0.105551,,5103700,,
2,2,,0.004756,0.145381,0.331774,0.125821,0.026396,0.089834,0.012002,0.134815,0.04806,0.081162,,5117200,,
2,8,,0.096053,0.088848,0.194674,0.029723,0.126849,0.026148,0.091188,0.079039,0.241737,0.025741,,5244200,,
2,2,,0.021877,0.06913,0.301588,0.060232,0.048444,0.15041,0.084734,0.056043,0.079525,0.128016,,5220900,,
2,2,,0.004909,0.164462,0.269484,0.138659,0.027075,0.094696,0.010551,0.160237,0.046977,0.08295,,5278900,,
2,2,,0.007118,0.124245,0.281201,0.1316,0.031186,0.110377,0.010426,0.154252,0.043921,0.105672,,5333200,,
2,2,,0.010068,0.110014,0.286353,0.184796,0.069506,0.072755,0.021237,0.139502,0.041683,0.064085,,5128400,,
2,2,,0.004715,0.138297,0.324721,0.113781,0.026605,0.086964,0.012446,0.160288,0.054777,0.077406,,5129900,,
2,2,,0.009221,0.131333,0.341123,0.094913,0.027064,0.071551,0.06045,0.111999,0.092587,0.059759,,5136000,,
2,2,,0.009119,0.151389,0.227651,0.102411,0.047148,0.070174,0.10657,0.111649,0.114312,0.059577,,5126000,,
2,2,,0.005072,0.203514,0.205878,0.148952,0.027178,0.094117,0.010809,0.175816,0.045268,0.083395,,5123400,,
2,2,,0.056057,0.035819,0.291502,0.02474,0.126774,0.020644,0.248458,0.036821,0.15055,0.008635,,5145300,,
2,2,,0.055894,0.036767,0.315108,0.014446,0.126671,0.021223,0.2482,0.041242,0.132258,0.00819,,5127700,,
2,1,,0.038282,0.194733,0.191876,0.092199,0.105605,0.070142,0.026263,0.129294,0.066053,0.085552,,5155600,,
2,1,,0.004232,0.23371,0.232439,0.116216,0.028156,0.107012,0.011264,0.143688,0.043919,0.079364,,5143200,,
2,2,,0.017253,0.110975,0.360366,0.092833,0.02567,0.068943,0.05791,0.110028,0.093301,0.062722,,5184600,,
2,2,,0.005624,0.124137,0.194231,0.11306,0.045863,0.082034,0.023921,0.194121,0.127414,0.089596,,5141000,,
2,2,,0.009797,0.105055,0.238945,0.104261,0.027019,0.074623,0.080708,0.111692,0.187334,0.060566,,5182100,,
2,6,,0.055894,0.036973,0.255933,0.014446,0.126671,0.041223,0.287169,0.041242,0.132258,0.00819,,5186400,,
2,8,,0.145575,0.061692,0.126941,0.010928,0.076856,0.014892,0.166205,0.027502,0.356428,0.012982,,5143400,,
3,3,,0.007008,0.096251,0.07237,0.473645,0.025766,0.092598,0.011254,0.096654,0.039327,0.085127,,5178200,,
3,3,,0.007008,0.096251,0.07237,0.473645,0.025766,0.092598,0.011254,0.096654,0.039327,0.085127,,5151600,,
3,3,,0.007008,0.096251,0.07237,0.473645,0.025766,0.092598,0.011254,0.096654,0.039327,0.085127,,5135200,,
3,3,,0.006482,0.114333,0.068877,0.258852,0.051288,0.169678,0.013491,0.176032,0.039426,0.101542,,5151500,,
3,3,,0.005587,0.169797,0.091042,0.348971,0.025851,0.089386,0.01128,0.113107,0.039449,0.105531,,5173100,,
3,3,,0.007008,0.096251,0.07237,0.473645,0.025766,0.092598,0.011254,0.096654,0.039327,0.085127,,5115800,,
3,3,,0.007008,0.096251,0.07237,0.473645,0.025766,0.092598,0.011254,0.096654,0.039327,0.085127,,5144700,,
3,3,,0.007008,0.096251,0.07237,0.473645,0.025766,0.092598,0.011254,0.096654,0.039327,0.085127,,5126500,,
3,3,,0.007008,0.096251,0.07237,0.473645,0.025766,0.092598,0.011254,0.096654,0.039327,0.085127,,5121800,,
3,3,,0.007008,0.096251,0.07237,0.473645,0.025766,0.092598,0.011254,0.096654,0.039327,0.085127,,5193200,,
3,7,,0.005177,0.156871,0.101325,0.168648,0.026177,0.117306,0.01064,0.210096,0.0884,0.115361,,5139800,,
3,3,,0.007008,0.096251,0.07237,0.473645,0.025766,0.092598,0.011254,0.096654,0.039327,0.085127,,5158000,,
3,3,,0.007008,0.096251,0.07237,0.433645,0.025766,0.092598,0.011254,0.096654,0.039327,0.125127,,5136400,,
3,3,,0.013465,0.129068,0.134169,0.204085,0.024782,0.093816,0.009126,0.197443,0.107144,0.086902,,5165000,,
3,3,,0.005703,0.112703,0.069199,0.38264,0.027927,0.117561,0.010678,0.093886,0.057594,0.122109,,5144200,,
3,3,,0.005177,0.156871,0.121325,0.188648,0.026177,0.097306,0.01064,0.150096,0.0684,0.175361,,5148500,,
3,3,,0.007008,0.096251,0.07237,0.393645,0.045766,0.132598,0.011254,0.096654,0.039327,0.105127,,8914000,,
3,3,,0.007008,0.096251,0.07237,0.433645,0.025766,0.112598,0.011254,0.096654,0.059327,0.085127,,5218400,,
3,3,,0.005703,0.112703,0.069199,0.40264,0.027927,0.117561,0.030678,0.093886,0.037594,0.102109,,4981600,,
3,3,,0.017521,0.115811,0.103569,0.326964,0.028941,0.089423,0.011402,0.185079,0.041391,0.079898,,4976400,,
3,3,,0.005587,0.13652,0.093983,0.389979,0.025515,0.088881,0.010944,0.124157,0.039113,0.085321,,4974700,,
3,3,,0.006656,0.173342,0.109711,0.333338,0.02706,0.112381,0.013178,0.101179,0.040048,0.083107,,4964800,,
3,3,,0.007008,0.096251,0.07237,0.453645,0.025766,0.112598,0.011254,0.096654,0.039327,0.085127,,4973000,,
3,3,,0.006364,0.119019,0.095691,0.341004,0.045779,0.094603,0.010944,0.11276,0.043601,0.130233,,4951600,,
3,3,,0.007008,0.096251,0.07237,0.424085,0.025766,0.134265,0.011254,0.096654,0.044327,0.08802,,5020900,,
3,3,,0.007008,0.096251,0.07237,0.473645,0.025766,0.092598,0.011254,0.096654,0.039327,0.085127,,5025700,,
3,3,,0.035109,0.059016,0.074331,0.262943,0.057674,0.207649,0.009673,0.081033,0.028693,0.18388,,4978600,,
3,3,,0.007008,0.096251,0.07237,0.433645,0.025766,0.092598,0.011254,0.096654,0.039327,0.125127,,4941500,,
3,3,,0.007008,0.096251,0.09237,0.433645,0.025766,0.092598,0.011254,0.096654,0.059327,0.085127,,5012700,,
3,3,,0.007008,0.096251,0.07237,0.473645,0.025766,0.092598,0.011254,0.096654,0.039327,0.085127,,5010500,,
3,3,,0.005433,0.129427,0.114926,0.206164,0.026177,0.096424,0.031666,0.159413,0.126431,0.103939,,5069600,,
3,3,,0.007008,0.096251,0.09237,0.453645,0.025766,0.092598,0.011254,0.096654,0.039327,0.085127,,5065100,,
4,4,,0.020537,0.049043,0.050796,0.063891,0.306195,0.209811,0.042395,0.060465,0.032945,0.163923,,5054400,,
4,5,,0.017581,0.050125,0.053337,0.093355,0.222627,0.25473,0.009163,0.076314,0.028756,0.194011,,5047400,,
4,4,,0.017581,0.050125,0.053337,0.073355,0.282627,0.23473,0.009163,0.056314,0.028756,0.194011,,5083800,,
4,4,,0.048254,0.05985,0.089887,0.010577,0.4392,0.019106,0.177358,0.049316,0.096301,0.01015,,5029200,,
4,4,,0.050385,0.090704,0.094337,0.012248,0.361605,0.019208,0.184832,0.074384,0.098949,0.013348,,5045400,,
4,9,,0.050625,0.050343,0.071699,0.068607,0.05422,0.204015,0.006126,0.054227,0.05416,0.385978,,5085800,,
4,6,,0.056691,0.038586,0.089913,0.01274,0.185054,0.020237,0.289091,0.098475,0.202255,0.006958,,5048100,,
4,9,,0.03021,0.058304,0.07369,0.060273,0.192561,0.148851,0.046039,0.081529,0.092601,0.215943,,5041200,,
4,4,,0.038735,0.044357,0.046512,0.051295,0.342127,0.186661,0.044603,0.055087,0.034779,0.155843,,5083800,,
4,4,,0.048254,0.05985,0.069887,0.010577,0.4592,0.019106,0.177358,0.049316,0.096301,0.01015,,5048300,,
4,0,,0.332231,0.02408,0.059159,0.003913,0.322936,0.00603,0.101795,0.025986,0.089945,0.033926,,5040800,,
4,4,,0.306909,0.023791,0.040733,0.009135,0.355713,0.020395,0.078879,0.028044,0.061528,0.074874,,5095500,,
4,4,,0.048254,0.07985,0.069887,0.010577,0.4392,0.019106,0.177358,0.049316,0.096301,0.01015,,5049400,,
4,6,,0.06691,0.065152,0.145834,0.075738,0.079127,0.130216,0.153147,0.074272,0.073215,0.13639,,5043200,,
4,0,,0.318366,0.038196,0.06843,0.02198,0.263604,0.012377,0.105746,0.044497,0.06721,0.059594,,5056300,,
4,4,,0.048333,0.070995,0.060214,0.060764,0.314147,0.162852,0.03716,0.064347,0.038853,0.142334,,5050800,,
4,4,,0.051437,0.064001,0.066659,0.012258,0.462896,0.020698,0.160507,0.054684,0.093111,0.013748,,5072700,,
4,4,,0.048189,0.091475,0.107301,0.016484,0.395602,0.020291,0.146519,0.057757,0.100785,0.015596,,5067100,,
4,4,,0.063395,0.134531,0.066239,0.037455,0.285127,0.029277,0.14424,0.130452,0.085385,0.023898,,5075300,,
4,4,,0.21354,0.051196,0.049488,0.031864,0.388491,0.018463,0.096056,0.053942,0.059416,0.037543,,5029900,,
4,9,,0.17727,0.032907,0.03928,0.04635,0.21222,0.149358,0.002283,0.045345,0.028982,0.266006,,5075100,,
4,4,,0.033633,0.126353,0.104192,0.053215,0.305548,0.021908,0.163201,0.073619,0.10093,0.017402,,5088600,,
4,4,,0.204119,0.057597,0.036536,0.044768,0.270167,0.140448,0.023968,0.056745,0.025218,0.140435,,5037700,,
4,4,,0.062929,0.06349,0.06575,0.012677,0.460253,0.020015,0.152492,0.054714,0.092235,0.015443,,5071300,,
4,4,,0.051679,0.119625,0.103146,0.038617,0.235997,0.030034,0.22823,0.063869,0.108495,0.020307,,5045900,,
4,4,,0.04526,0.062091,0.076973,0.01604,0.435755,0.040113,0.144996,0.045383,0.096909,0.03648,,5105300,,
4,4,,0.048254,0.05985,0.069887,0.010577,0.4592,0.019106,0.177358,0.049316,0.096301,0.01015,,5035000,,
4,4,,0.033938,0.105459,0.079646,0.037216,0.364092,0.02582,0.142598,0.073935,0.096133,0.041161,,5018500,,
4,0,,0.39527,0.024492,0.060681,0.005024,0.270573,0.00603,0.099326,0.029319,0.069144,0.040141,,5083700,,
4,4,,0.23354,0.071196,0.069488,0.031864,0.283491,0.018463,0.098556,0.053942,0.101916,0.037543,,5011400,,
4,4,,0.030946,0.056267,0.060531,0.06964,0.246233,0.226394,0.034505,0.09008,0.036312,0.149092,,5019800,,
4,4,,0.251747,0.033551,0.046545,0.006342,0.404147,0.010095,0.120152,0.032689,0.069141,0.025592,,4973600,,
4,4,,0.206989,0.030611,0.036773,0.051428,0.284987,0.113103,0.006769,0.043566,0.034409,0.191365,,5011400,,
5,5,,0.017383,0.053368,0.053873,0.076116,0.075766,0.440896,0.009644,0.060128,0.029066,0.183761,,4983500,,
5,5,,0.017517,0.049907,0.052467,0.072051,0.057337,0.466365,0.009534,0.056838,0.028322,0.189664,,4958600,,
5,5,,0.015558,0.059311,0.059386,0.112383,0.055717,0.393228,0.010043,0.061392,0.030494,0.202487,,4991600,,
5,5,,0.017517,0.049907,0.052467,0.072051,0.057337,0.466365,0.009534,0.056838,0.028322,0.189664,,4966500,,
5,5,,0.017517,0.049907,0.052467,0.072051,0.057337,0.466365,0.009534,0.056838,0.028322,0.189664,,4976400,,
5,5,,0.017517,0.049907,0.052467,0.072051,0.057337,0.466365,0.009534,0.056838,0.028322,0.189664,,5025000,,
5,5,,0.017581,0.070125,0.053337,0.093355,0.064294,0.353063,0.009163,0.056314,0.028756,0.254011,,5051000,,
5,5,,0.017383,0.053368,0.053873,0.076116,0.055766,0.460896,0.009644,0.060128,0.029066,0.183761,,5067000,,
5,3,,0.007169,0.173855,0.070636,0.224082,0.02706,0.194659,0.013178,0.101016,0.075617,0.112728,,5077000,,
5,5,,0.00531,0.133341,0.09992,0.143085,0.027748,0.276899,0.01053,0.143741,0.067518,0.091908,,5066900,,
5,3,,0.007521,0.096764,0.073294,0.264829,0.025766,0.252376,0.011254,0.09649,0.041564,0.130142,,5067000,,
5,5,,0.017581,0.050125,0.053337,0.073355,0.064294,0.453063,0.009163,0.056314,0.028756,0.194011,,5109900,,
5,5,,0.015174,0.067659,0.060674,0.081692,0.050914,0.445215,0.009769,0.075742,0.032121,0.161039,,5096200,,
5,5,,0.015174,0.067659,0.060674,0.081692,0.050914,0.445215,0.009769,0.075742,0.032121,0.161039,,5113000,,
5,5,,0.007169,0.113855,0.070636,0.224082,0.02706,0.294659,0.013178,0.101016,0.042284,0.106062,,5109700,,
5,5,,0.017517,0.049907,0.052467,0.072051,0.057337,0.466365,0.009534,0.056838,0.028322,0.189664,,5102100,,
5,5,,0.017517,0.049907,0.052467,0.072051,0.057337,0.466365,0.009534,0.056838,0.028322,0.189664,,5139100,,
5,5,,0.017517,0.049907,0.052467,0.072051,0.057337,0.466365,0.009534,0.056838,0.028322,0.189664,,5109100,,
5,5,,0.021056,0.05532,0.049288,0.062121,0.07944,0.371775,0.042222,0.06831,0.034994,0.215472,,5105000,,
5,5,,0.017517,0.049907,0.052467,0.072051,0.057337,0.466365,0.009534,0.056838,0.028322,0.189664,,5104300,,
5,9,,0.188794,0.051205,0.035997,0.044668,0.104966,0.211167,0.002797,0.04192,0.024926,0.29356,,5013800,,
5,5,,0.005433,0.130072,0.109212,0.16681,0.026177,0.251263,0.011666,0.140396,0.074388,0.084584,,5025000,,
5,5,,0.017517,0.049907,0.052467,0.072051,0.057337,0.466365,0.009534,0.056838,0.028322,0.189664,,4994300,,
5,5,,0.021335,0.048225,0.11379,0.066968,0.056785,0.336354,0.067954,0.071904,0.059229,0.157458,,5019000,,
5,5,,0.017517,0.049907,0.052467,0.072051,0.057337,0.466365,0.009534,0.056838,0.028322,0.189664,,4999000,,
5,5,,0.017517,0.049907,0.052467,0.072051,0.057337,0.466365,0.009534,0.056838,0.028322,0.189664,,5009100,,
5,5,,0.017517,0.049907,0.052467,0.072051,0.057337,0.466365,0.009534,0.056838,0.028322,0.189664,,5086600,,
5,5,,0.017517,0.049907,0.052467,0.072051,0.057337,0.466365,0.009534,0.056838,0.028322,0.189664,,5071800,,
5,5,,0.020404,0.052504,0.052202,0.067956,0.08629,0.422676,0.042506,0.063755,0.033689,0.15802,,5091800,,
5,5,,0.017517,0.049907,0.052467,0.072051,0.057337,0.466365,0.009534,0.056838,0.028322,0.189664,,5085700,,
5,5,,0.055109,0.059016,0.074331,0.222943,0.057674,0.227649,0.009673,0.061033,0.028693,0.20388,,5077800,,
5,3,,0.017303,0.10995,0.067553,0.259208,0.030558,0.25127,0.01113,0.093967,0.037173,0.121887,,5108000,,
6,6,,0.047867,0.047778,0.071627,0.012623,0.226552,0.02055,0.389368,0.045653,0.126389,0.011595,,5160500,,
6,6,,0.056247,0.036473,0.090383,0.01274,0.127133,0.020507,0.481199,0.037588,0.130772,0.006958,,5209400,,
6,6,,0.055973,0.044428,0.090746,0.013262,0.131414,0.021956,0.45981,0.043367,0.13087,0.008175,,5267900,,
6,6,,0.056247,0.036473,0.090383,0.01274,0.127133,0.020507,0.481199,0.037588,0.130772,0.006958,,5128400,,
6,6,,0.056247,0.036473,0.110383,0.01274,0.127133,0.020507,0.461199,0.037588,0.130772,0.006958,,5082500,,
6,6,,0.056247,0.036473,0.090383,0.01274,0.127133,0.020507,0.481199,0.037588,0.130772,0.006958,,5089900,,
6,6,,0.056247,0.036473,0.090383,0.01274,0.127133,0.020507,0.481199,0.037588,0.130772,0.006958,,5087000,,
6,6,,0.056247,0.036267,0.089559,0.01274,0.127133,0.020507,0.462229,0.037588,0.150772,0.006958,,5072600,,
6,6,,0.056247,0.036473,0.090383,0.01274,0.127133,0.020507,0.481199,0.037588,0.130772,0.006958,,5096000,,
6,6,,0.056247,0.036267,0.109559,0.01274,0.127133,0.020507,0.462229,0.037588,0.130772,0.006958,,5069500,,
6,6,,0.055973,0.044634,0.090618,0.013262,0.127604,0.021003,0.469256,0.038605,0.13087,0.008175,,5068200,,
6,6,,0.076247,0.036473,0.170383,0.01274,0.127133,0.020507,0.341199,0.037588,0.170772,0.006958,,5073900,,
6,6,,0.056247,0.036473,0.090383,0.01274,0.127133,0.020507,0.481199,0.037588,0.130772,0.006958,,5159100,,
6,6,,0.056247,0.036473,0.090383,0.01274,0.127133,0.020507,0.481199,0.037588,0.130772,0.006958,,5136400,,
6,6,,0.056247,0.036473,0.110383,0.01274,0.127133,0.020507,0.461199,0.037588,0.130772,0.006958,,5094100,,
6,6,,0.041491,0.079829,0.110942,0.036202,0.101215,0.022684,0.377147,0.058917,0.157684,0.013889,,5139800,,
6,6,,0.056247,0.036473,0.090383,0.01274,0.127133,0.020507,0.481199,0.037588,0.130772,0.006958,,5111900,,
6,6,,0.056247,0.036267,0.089559,0.01274,0.127133,0.020507,0.462229,0.037588,0.150772,0.006958,,5165800,,
6,6,,0.052691,0.045822,0.073296,0.012679,0.199986,0.021323,0.344331,0.049283,0.189347,0.011242,,5169800,,
6,6,,0.038411,0.046894,0.105169,0.026178,0.205975,0.020797,0.365997,0.044497,0.133292,0.012788,,5149300,,
6,6,,0.052237,0.094402,0.08219,0.031832,0.169889,0.028292,0.355225,0.060357,0.109144,0.016433,,5164500,,
6,4,,0.047643,0.07377,0.071693,0.013364,0.251945,0.040841,0.248469,0.072003,0.168386,0.011886,,5130500,,
6,6,,0.056247,0.036473,0.090383,0.01274,0.127133,0.020507,0.481199,0.037588,0.130772,0.006958,,5128900,,
6,6,,0.056247,0.036473,0.090383,0.01274,0.127133,0.020507,0.481199,0.037588,0.130772,0.006958,,5131500,,
6,6,,0.055973,0.044634,0.090618,0.013262,0.127604,0.021003,0.469256,0.038605,0.13087,0.008175,,5099400,,
6,3,,0.028231,0.079768,0.110253,0.16761,0.049526,0.067045,0.152993,0.134283,0.090457,0.119834,,5107700,,
6,6,,0.056247,0.036473,0.090383,0.01274,0.127133,0.020507,0.481199,0.037588,0.130772,0.006958,,5121200,,
6,6,,0.056247,0.036267,0.109559,0.01274,0.127133,0.020507,0.442229,0.037588,0.150772,0.006958,,5112600,,
6,6,,0.047867,0.047778,0.072579,0.012623,0.210361,0.021503,0.338891,0.050415,0.186389,0.011595,,5097700,,
6,6,,0.046662,0.047859,0.095649,0.013991,0.129851,0.021798,0.434111,0.06829,0.132879,0.00891,,5111700,,
6,6,,0.056247,0.036473,0.090383,0.01274,0.127133,0.020507,0.481199,0.037588,0.130772,0.006958,,5086700,,
6,6,,0.056247,0.036473,0.090383,0.01274,0.127133,0.020507,0.481199,0.037588,0.130772,0.006958,,5061100,,
6,6,,0.056247,0.036473,0.090383,0.01274,0.127133,0.020507,0.481199,0.037588,0.130772,0.006958,,5081600,,
7,7,,0.004232,0.134488,0.106518,0.116457,0.025863,0.086716,0.010551,0.39464,0.041426,0.079109,,6928900,,
7,1,,0.004988,0.213014,0.09506,0.158195,0.047574,0.09651,0.012822,0.170201,0.087411,0.114225,,8208500,,
7,7,,0.004232,0.154488,0.106518,0.116457,0.025863,0.086716,0.010551,0.37464,0.041426,0.079109,,5001700,,
7,7,,0.00501,0.130043,0.113389,0.144605,0.035131,0.104644,0.01062,0.343001,0.038078,0.075479,,5002400,,
7,7,,0.004137,0.159642,0.09438,0.115455,0.02653,0.086425,0.010735,0.384191,0.039338,0.079167,,5045700,,
7,7,,0.027743,0.148898,0.091763,0.092512,0.053973,0.077115,0.044717,0.303684,0.098864,0.060731,,5008400,,
7,7,,0.004311,0.168251,0.093575,0.115331,0.027103,0.087816,0.012822,0.369975,0.040432,0.080384,,5060400,,
7,7,,0.004776,0.187068,0.101814,0.111966,0.028256,0.144002,0.031982,0.258331,0.052956,0.078849,,5019300,,
7,4,,0.046307,0.14917,0.068551,0.037932,0.216168,0.027718,0.128042,0.153355,0.125912,0.046844,,5040600,,
7,2,,0.047169,0.122989,0.18123,0.112168,0.063565,0.100599,0.029545,0.160629,0.091948,0.090157,,5017300,,
7,7,,0.11972,0.104498,0.108804,0.122538,0.045676,0.060543,0.005599,0.312913,0.034152,0.085557,,5039700,,
7,7,,0.011026,0.168338,0.10244,0.09475,0.065831,0.076208,0.046943,0.272699,0.078529,0.083236,,4990300,,
7,7,,0.010138,0.168678,0.079928,0.100666,0.092508,0.080614,0.064834,0.237758,0.076022,0.088854,,5032200,,
7,7,,0.004461,0.153268,0.104386,0.121783,0.025829,0.084699,0.01151,0.370087,0.046217,0.07776,,5010100,,
7,7,,0.004972,0.151202,0.096506,0.140604,0.035254,0.080731,0.01149,0.364647,0.042875,0.071719,,5012300,,
7,1,,0.02624,0.215094,0.105805,0.089386,0.111966,0.072332,0.054505,0.194002,0.07226,0.05841,,4987600,,
7,7,,0.004137,0.165025,0.111713,0.114325,0.02713,0.087455,0.011598,0.358898,0.040201,0.079519,,5066100,,
7,7,,0.004814,0.164336,0.115865,0.11682,0.027001,0.129243,0.010735,0.261353,0.066179,0.103653,,5049600,,
7,7,,0.011979,0.136241,0.100932,0.100795,0.036179,0.073166,0.019774,0.382032,0.052027,0.086876,,5092500,,
7,7,,0.005105,0.125602,0.104099,0.14775,0.034464,0.10565,0.010436,0.279879,0.081594,0.105421,,5092300,,
7,7,,0.004814,0.169617,0.097346,0.117657,0.027742,0.094404,0.010735,0.349787,0.044889,0.083008,,5079700,,
7,1,,0.015911,0.29588,0.107834,0.13033,0.030332,0.087555,0.019137,0.186193,0.045874,0.080954,,5081300,,
7,7,,0.00542,0.154519,0.098913,0.191164,0.033144,0.110846,0.015019,0.246316,0.043691,0.100969,,5091400,,
7,7,,0.009687,0.157139,0.080766,0.100953,0.053255,0.081145,0.046296,0.336286,0.064636,0.069836,,5058900,,
7,7,,0.009687,0.131757,0.083433,0.102083,0.052656,0.080115,0.045433,0.381579,0.043774,0.069484,,5051100,,
7,7,,0.153108,0.114651,0.098343,0.120918,0.044189,0.056779,0.002955,0.238436,0.036691,0.133928,,5073800,,
7,1,,0.004499,0.315138,0.096216,0.14489,0.026776,0.089878,0.011503,0.166711,0.042283,0.102107,,5077700,,
7,7,,0.010164,0.192694,0.079574,0.100285,0.082951,0.079181,0.03664,0.29634,0.052532,0.06964,,5078600,,
7,1,,0.028681,0.226028,0.093163,0.08795,0.163078,0.06696,0.046613,0.171702,0.053448,0.062376,,5107200,,
7,7,,0.005921,0.164036,0.086545,0.217771,0.0269,0.090941,0.010799,0.275216,0.040751,0.081119,,5054400,,
7,1,,0.010113,0.278275,0.100501,0.101042,0.090032,0.080358,0.037828,0.177161,0.054046,0.070643,,5051900,,
7,4,,0.037929,0.14012,0.081383,0.047225,0.286308,0.034007,0.113687,0.119181,0.088355,0.051806,,5030000,,
8,9,,0.041383,0.05046,0.117469,0.065451,0.052608,0.196828,0.01562,0.055992,0.138346,0.265842,,4978200,,
8,8,,0.094822,0.152385,0.128334,0.018779,0.166013,0.019579,0.080361,0.073848,0.204278,0.061601,,4986100,,
8,8,,0.011417,0.136544,0.184755,0.083078,0.05341,0.076033,0.048654,0.143457,0.198518,0.064133,,5021200,,
8,9,,0.139083,0.04809,0.053596,0.067898,0.065476,0.181055,0.037429,0.054625,0.141215,0.211534,,4986600,,
8,8,,0.167989,0.033591,0.085725,0.008731,0.068135,0.010831,0.156474,0.02177,0.406331,0.040424,,4989100,,
8,8,,0.147672,0.049096,0.146615,0.010749,0.127622,0.013748,0.124723,0.030629,0.328708,0.020438,,4972000,,
8,8,,0.145083,0.050118,0.090062,0.020732,0.141406,0.01318,0.103567,0.031573,0.362469,0.04181,,4977800,,
8,8,,0.17132,0.053275,0.124714,0.009534,0.103221,0.014423,0.213922,0.026395,0.268674,0.014523,,4974000,,
8,9,,0.035313,0.143653,0.116837,0.141958,0.029894,0.127905,0.008144,0.132861,0.104355,0.159081,,5127300,,
8,6,,0.055799,0.035819,0.210598,0.013385,0.147032,0.039612,0.2882,0.052821,0.149776,0.006958,,5334800,,
8,8,,0.051347,0.132832,0.111646,0.01008,0.21598,0.03666,0.150804,0.053361,0.224814,0.012477,,5044700,,
8,8,,0.090372,0.042116,0.101255,0.018719,0.153522,0.056315,0.197015,0.062628,0.216764,0.061293,,5067300,,
8,8,,0.044662,0.06255,0.11827,0.021807,0.094358,0.022751,0.216949,0.044994,0.357566,0.016092,,5034900,,
8,8,,0.022998,0.044486,0.086422,0.051493,0.053493,0.197305,0.086907,0.06481,0.202289,0.189796,,5077600,,
8,8,,0.148102,0.046558,0.108375,0.011332,0.072748,0.01483,0.161102,0.02651,0.394162,0.016283,,5095600,,
8,8,,0.013159,0.152608,0.145392,0.110757,0.025062,0.088008,0.009906,0.142431,0.211946,0.100732,,5108300,,
8,8,,0.044999,0.040369,0.107549,0.019531,0.093577,0.039749,0.204724,0.033626,0.36396,0.051916,,5042100,,
8,8,,0.109131,0.08755,0.164189,0.024665,0.122873,0.026075,0.103554,0.06105,0.255573,0.04534,,5059900,,
8,3,,0.008435,0.107441,0.126954,0.20562,0.030606,0.12814,0.011688,0.107827,0.106184,0.167105,,5072200,,
8,8,,0.145575,0.041692,0.126941,0.010928,0.076856,0.014892,0.166205,0.027502,0.376428,0.012982,,5052600,,
8,4,,0.049977,0.073784,0.072742,0.011939,0.239537,0.038682,0.212516,0.044434,0.203373,0.053017,,5044800,,
8,8,,0.185537,0.036091,0.086975,0.008731,0.088135,0.011456,0.157099,0.02302,0.364071,0.038885,,5056400,,
8,8,,0.049185,0.06676,0.116897,0.020147,0.143131,0.022706,0.214204,0.044793,0.289172,0.033005,,5056600,,
8,2,,0.046688,0.062636,0.22399,0.022552,0.097954,0.055472,0.198094,0.061435,0.173352,0.057826,,5055300,,
8,8,,0.132558,0.035936,0.142366,0.017326,0.069622,0.076619,0.166634,0.026467,0.282833,0.049639,,6500400,,
8,7,,0.070261,0.096863,0.102143,0.104224,0.045547,0.101067,0.092058,0.181055,0.109159,0.097623,,6834900,,
8,8,,0.010378,0.088411,0.146441,0.178298,0.027051,0.091824,0.06076,0.096014,0.243883,0.05694,,5001900,,
8,8,,0.07017,0.101295,0.113461,0.094896,0.044958,0.0789,0.038564,0.108561,0.213981,0.135213,,4976700,,
8,2,,0.022735,0.092951,0.197352,0.178594,0.026253,0.088557,0.05927,0.075593,0.164548,0.094146,,5041900,,
8,8,,0.102857,0.049692,0.126057,0.023464,0.059614,0.021737,0.153899,0.038386,0.406567,0.017727,,4987100,,
8,8,,0.163676,0.051521,0.106198,0.009269,0.092202,0.012573,0.198889,0.022624,0.305013,0.038034,,5043900,,
9,9,,0.025954,0.04927,0.050808,0.069341,0.056209,0.192524,0.006126,0.053612,0.032062,0.464095,,5194100,,
9,9,,0.18376,0.125977,0.071079,0.117438,0.048733,0.07165,0.003551,0.123,0.038864,0.215949,,5032500,,
9,9,,0.031007,0.107039,0.067055,0.180394,0.03406,0.148836,0.008039,0.090417,0.037634,0.295519,,5078900,,
9,9,,0.051489,0.050125,0.05083,0.067302,0.047523,0.179837,0.006126,0.054269,0.034505,0.457994,,5058600,,
9,9,,0.030918,0.049207,0.049822,0.067917,0.078312,0.277605,0.006651,0.054014,0.031902,0.353651,,5018300,,
9,4,,0.140116,0.081713,0.068468,0.008647,0.225676,0.012933,0.087907,0.056688,0.219593,0.098258,,5065300,,
9,9,,0.026818,0.049052,0.049938,0.068036,0.049512,0.188345,0.006126,0.053654,0.032406,0.476111,,5072400,,
9,9,,0.018786,0.04941,0.050696,0.070115,0.050907,0.190953,0.008666,0.055625,0.031693,0.473148,,5033100,,
9,9,,0.018786,0.04941,0.050696,0.070115,0.050907,0.190953,0.008666,0.055625,0.031693,0.473148,,5041500,,
9,9,,0.024859,0.058456,0.051857,0.128368,0.042892,0.165209,0.006636,0.078208,0.034579,0.408935,,5074400,,
9,3,,0.017581,0.115736,0.089215,0.240532,0.026381,0.132459,0.007986,0.0916,0.059483,0.219027,,5051200,,
9,9,,0.214393,0.052278,0.036888,0.043934,0.063237,0.125179,0.002427,0.042054,0.027804,0.391807,,5061400,,
9,3,,0.012221,0.109462,0.120344,0.253097,0.074226,0.08385,0.061194,0.086697,0.072619,0.126289,,5068300,,
9,9,,0.186534,0.035443,0.040057,0.068916,0.062893,0.12897,0.001831,0.045305,0.029747,0.400304,,5046400,,
9,9,,0.015584,0.075059,0.051154,0.136943,0.052555,0.195185,0.009065,0.057011,0.030541,0.376904,,5061500,,
9,9,,0.018786,0.04941,0.050696,0.070115,0.050907,0.270953,0.008666,0.055625,0.051693,0.373148,,5109300,,
9,9,,0.02589,0.049052,0.049938,0.068036,0.049252,0.245825,0.006496,0.054135,0.031627,0.419748,,5047800,,
9,9,,0.037418,0.116684,0.072821,0.210238,0.026278,0.133038,0.007728,0.09602,0.061192,0.238582,,5103400,,
9,9,,0.171869,0.055443,0.039783,0.04833,0.069308,0.128658,0.001831,0.044719,0.031097,0.408963,,5119300,,
9,9,,0.192506,0.039501,0.034978,0.071301,0.070361,0.13163,0.002856,0.046013,0.044936,0.365918,,5173900,,
9,9,,0.018786,0.04941,0.050696,0.070115,0.050907,0.190953,0.008666,0.055625,0.031693,0.473148,,5290700,,
9,3,,0.017068,0.115224,0.06829,0.249788,0.026381,0.150181,0.007986,0.091764,0.077247,0.196072,,5184100,,
9,9,,0.031713,0.052668,0.051227,0.071982,0.057001,0.194658,0.006392,0.056823,0.033425,0.444112,,5089100,,
9,9,,0.029895,0.049052,0.049938,0.087724,0.0492,0.188033,0.006126,0.073342,0.046853,0.419837,,5102000,,
9,9,,0.242792,0.035031,0.038534,0.087805,0.100607,0.12897,0.001975,0.081972,0.028224,0.254089,,5053600,,
9,3,,0.007008,0.096251,0.09237,0.334085,0.025766,0.132598,0.011254,0.096654,0.059327,0.144687,,5103600,,
9,9,,0.018786,0.04941,0.050696,0.070115,0.050907,0.190953,0.008666,0.055625,0.031693,0.473148,,5086200,,
9,9,,0.051846,0.049207,0.049822,0.067917,0.058572,0.260126,0.006281,0.053533,0.032681,0.370015,,5131900,,
9,9,,0.056825,0.050125,0.050556,0.066716,0.073938,0.179524,0.006126,0.073683,0.035855,0.406653,,5075600,,
9,9,,0.031713,0.052668,0.051227,0.071982,0.057001,0.194658,0.006392,0.056823,0.033425,0.444112,,5095600,,
9,9,,0.012796,0.162962,0.109353,0.150371,0.02743,0.112833,0.0081,0.161797,0.087063,0.167295,,5111200,,
9,1,,0.004909,0.179251,0.168003,0.11932,0.026335,0.09541,0.010551,0.174867,0.068405,0.15295,,5096700,,