semeion,CWE,test,2,NANOSECONDS,PREDICTIONS, Generated by ClassifierExperiments.java on 2022-05-15 22:00:17.    SYSTEMPROPERTIES:{user.name:matth,os.arch:amd64,os.name:Windows 10},ENDSYSTEMPROPERTIES
No parameter info
0.8080495356037152,2530101000,1989649500,-1,97781312,10,,-1,-1
0,0,,0.686587,0.016195,0.029668,0.002353,0.106364,0.003236,0.053094,0.013076,0.067784,0.021642,,6608300,,
0,0,,0.573775,0.015238,0.02843,0.036409,0.096063,0.031874,0.039719,0.015135,0.098497,0.064861,,5878100,,
0,0,,0.531572,0.028494,0.043373,0.015693,0.109461,0.01681,0.073457,0.024146,0.100231,0.056763,,5827900,,
0,0,,0.606587,0.016195,0.049668,0.002353,0.106364,0.003236,0.093094,0.013076,0.087784,0.021642,,5990100,,
0,9,,0.124819,0.063735,0.072239,0.05809,0.064613,0.189597,0.014389,0.091514,0.105769,0.215234,,5845600,,
0,0,,0.628913,0.023474,0.03987,0.002434,0.110312,0.00417,0.065317,0.015397,0.093552,0.016561,,5822900,,
0,0,,0.686587,0.016195,0.029668,0.002353,0.106364,0.003236,0.053094,0.013076,0.067784,0.021642,,5867000,,
0,0,,0.686587,0.016195,0.029668,0.002353,0.106364,0.003236,0.053094,0.013076,0.067784,0.021642,,7046800,,
0,0,,0.686587,0.016195,0.029668,0.002353,0.106364,0.003236,0.053094,0.013076,0.067784,0.021642,,7867700,,
0,0,,0.686587,0.016195,0.029668,0.002353,0.106364,0.003236,0.053094,0.013076,0.067784,0.021642,,5947600,,
0,0,,0.686587,0.016195,0.029668,0.002353,0.106364,0.003236,0.053094,0.013076,0.067784,0.021642,,5786600,,
0,0,,0.492538,0.024713,0.044605,0.003367,0.146376,0.005356,0.134744,0.026162,0.101998,0.020141,,5686800,,
0,0,,0.256169,0.049439,0.087801,0.103249,0.053628,0.148315,0.019641,0.085692,0.042463,0.153603,,5690500,,
0,0,,0.545998,0.025816,0.039559,0.002745,0.14111,0.015439,0.114691,0.020414,0.081313,0.012916,,6493100,,
0,0,,0.676723,0.017266,0.031926,0.002028,0.105534,0.003301,0.058847,0.01159,0.072686,0.020099,,7244700,,
0,0,,0.578212,0.015364,0.026465,0.009933,0.111915,0.025592,0.038781,0.016313,0.097659,0.079767,,5684600,,
0,0,,0.450794,0.032732,0.065548,0.004557,0.093893,0.005313,0.126294,0.021298,0.1832,0.016371,,5988300,,
0,0,,0.267288,0.039594,0.080935,0.079842,0.074202,0.119094,0.007572,0.040747,0.064809,0.225916,,5870000,,
0,9,,0.188122,0.044504,0.055624,0.060063,0.144359,0.152247,0.011222,0.05901,0.035878,0.24897,,5867100,,
0,0,,0.686587,0.016195,0.029668,0.002353,0.106364,0.003236,0.053094,0.013076,0.067784,0.021642,,6143400,,
0,0,,0.686587,0.016195,0.029668,0.002353,0.106364,0.003236,0.053094,0.013076,0.067784,0.021642,,5866000,,
0,0,,0.686587,0.016195,0.029668,0.002353,0.106364,0.003236,0.053094,0.013076,0.067784,0.021642,,5790800,,
0,0,,0.686587,0.016195,0.029668,0.002353,0.106364,0.003236,0.053094,0.013076,0.067784,0.021642,,6085200,,
0,0,,0.686587,0.016195,0.029668,0.002353,0.106364,0.003236,0.053094,0.013076,0.067784,0.021642,,5801800,,
0,0,,0.376766,0.029586,0.032906,0.047768,0.077369,0.124546,0.021284,0.039428,0.062357,0.18799,,5868900,,
0,0,,0.676723,0.017266,0.031926,0.002028,0.105534,0.003301,0.058847,0.01159,0.072686,0.020099,,5869900,,
0,0,,0.333304,0.038033,0.036004,0.099459,0.070265,0.145971,0.02157,0.045948,0.061878,0.147567,,5622400,,
0,0,,0.635049,0.01887,0.031394,0.002659,0.125714,0.004478,0.08182,0.018616,0.061487,0.019915,,5960300,,
0,0,,0.686587,0.016195,0.029668,0.002353,0.106364,0.003236,0.053094,0.013076,0.067784,0.021642,,5871700,,
0,0,,0.676723,0.017266,0.031926,0.002028,0.105534,0.003301,0.058847,0.01159,0.072686,0.020099,,5704000,,
0,0,,0.686587,0.016195,0.029668,0.002353,0.106364,0.003236,0.053094,0.013076,0.067784,0.021642,,6524200,,
0,0,,0.686587,0.016195,0.029668,0.002353,0.106364,0.003236,0.053094,0.013076,0.067784,0.021642,,8470700,,
0,0,,0.322543,0.038416,0.060384,0.021535,0.128334,0.009032,0.228577,0.026627,0.156673,0.00788,,6993500,,
1,1,,0.04442,0.326014,0.095029,0.095561,0.037858,0.07296,0.005559,0.1548,0.036735,0.131063,,5755400,,
1,1,,0.016563,0.404651,0.075762,0.080809,0.069288,0.057043,0.047991,0.143817,0.042781,0.061295,,5812500,,
1,7,,0.007338,0.156895,0.116286,0.147274,0.048737,0.084599,0.003156,0.290014,0.043314,0.102386,,5925200,,
1,1,,0.005547,0.369103,0.122951,0.10344,0.037525,0.075255,0.005439,0.168362,0.035938,0.07644,,5764200,,
1,1,,0.005438,0.424513,0.083622,0.101567,0.036292,0.084533,0.005228,0.152932,0.030582,0.075293,,5913500,,
1,1,,0.005191,0.397306,0.11093,0.091526,0.041867,0.076206,0.018583,0.145154,0.037446,0.075791,,6562200,,
1,1,,0.014262,0.395218,0.125839,0.066078,0.036045,0.055177,0.036097,0.111978,0.109663,0.049642,,5848400,,
1,1,,0.004785,0.258819,0.139362,0.124445,0.034741,0.09045,0.002925,0.193221,0.039503,0.111749,,6195400,,
1,2,,0.039319,0.180447,0.213215,0.080024,0.096318,0.056941,0.062396,0.146229,0.07733,0.047782,,5838500,,
1,1,,0.050686,0.278674,0.07347,0.044809,0.121621,0.032751,0.102843,0.106465,0.155531,0.033149,,5768100,,
1,1,,0.016563,0.384651,0.075762,0.100809,0.069288,0.057043,0.047991,0.143817,0.042781,0.061295,,5808200,,
1,1,,0.004547,0.398596,0.092398,0.119616,0.06075,0.083401,0.00489,0.11495,0.026832,0.094021,,5764100,,
1,1,,0.004821,0.339516,0.113952,0.115555,0.035419,0.088097,0.003127,0.173259,0.036278,0.089976,,5985100,,
1,1,,0.008576,0.416323,0.103482,0.094164,0.037144,0.070395,0.012958,0.135407,0.042793,0.078757,,5928200,,
1,1,,0.006025,0.420283,0.100933,0.090821,0.038733,0.066351,0.016153,0.14351,0.044736,0.072454,,6395300,,
1,1,,0.016032,0.320081,0.115198,0.078387,0.071352,0.058661,0.048359,0.19092,0.04204,0.05897,,5895300,,
1,1,,0.006018,0.427056,0.089782,0.097042,0.036383,0.071741,0.005349,0.154966,0.033509,0.078152,,5910900,,
1,1,,0.012253,0.264307,0.179825,0.075345,0.055303,0.064145,0.064307,0.167066,0.054439,0.063011,,5967800,,
1,1,,0.014262,0.375218,0.145839,0.066078,0.036045,0.055177,0.036097,0.111978,0.109663,0.049642,,5792800,,
1,1,,0.084897,0.286466,0.102114,0.105156,0.051146,0.068853,0.00494,0.094603,0.027414,0.174412,,6153800,,
1,1,,0.006586,0.358834,0.133819,0.104305,0.036492,0.074669,0.007327,0.158449,0.045064,0.074455,,6004800,,
1,1,,0.0081,0.40012,0.09599,0.077847,0.042249,0.071417,0.02968,0.159395,0.052697,0.062505,,5988700,,
1,1,,0.008576,0.397614,0.095733,0.11297,0.038378,0.0697,0.01316,0.142763,0.043022,0.078085,,6286900,,
1,2,,0.01081,0.170991,0.252003,0.114533,0.05065,0.100931,0.00435,0.157538,0.036613,0.101582,,6134700,,
1,1,,0.066887,0.296789,0.108344,0.016167,0.086687,0.016502,0.088121,0.048517,0.25151,0.020476,,5980600,,
1,1,,0.051579,0.254033,0.090141,0.033093,0.160981,0.022215,0.128495,0.09619,0.140744,0.022529,,5947600,,
1,1,,0.005341,0.422903,0.096757,0.097682,0.03641,0.080755,0.005303,0.150372,0.031027,0.073449,,5851800,,
1,1,,0.006018,0.407056,0.089782,0.117042,0.036383,0.071741,0.005349,0.154966,0.033509,0.078152,,5997100,,
1,1,,0.004665,0.362338,0.07111,0.182452,0.039131,0.097984,0.004969,0.088139,0.029533,0.119678,,5911500,,
1,1,,0.005858,0.344168,0.111125,0.09338,0.059515,0.07641,0.020148,0.165049,0.041007,0.083339,,5905400,,
1,6,,0.047848,0.156117,0.181602,0.021047,0.176859,0.023161,0.214062,0.063942,0.09934,0.016022,,6335000,,
1,1,,0.053185,0.202877,0.132284,0.034887,0.160332,0.024125,0.195233,0.081875,0.094034,0.021169,,5662400,,
1,1,,0.015886,0.380498,0.082737,0.081449,0.089315,0.066057,0.047945,0.139223,0.040299,0.056592,,5683300,,
2,2,,0.005523,0.135161,0.315448,0.143883,0.032223,0.090454,0.003242,0.152866,0.037035,0.084164,,6378500,,
2,2,,0.026417,0.05658,0.246872,0.072758,0.111022,0.140972,0.081374,0.055694,0.087391,0.120919,,5729000,,
2,2,,0.007533,0.104671,0.258298,0.115616,0.046449,0.147165,0.003987,0.121911,0.037236,0.157132,,5818300,,
2,2,,0.010725,0.162093,0.250242,0.094286,0.02619,0.083385,0.018566,0.172097,0.094823,0.087595,,5891700,,
2,2,,0.012296,0.118238,0.270847,0.111928,0.022163,0.096504,0.011217,0.178871,0.083989,0.093947,,5900600,,
2,2,,0.007438,0.119071,0.34715,0.114379,0.02607,0.080304,0.014272,0.142502,0.055362,0.093453,,5979800,,
2,2,,0.040998,0.075406,0.289737,0.030137,0.099696,0.022606,0.223232,0.064083,0.139946,0.01416,,6180100,,
2,2,,0.013412,0.122713,0.16249,0.111089,0.057526,0.125227,0.051512,0.127241,0.112994,0.115797,,6045400,,
2,6,,0.050482,0.073579,0.189259,0.027995,0.097921,0.021537,0.23956,0.077166,0.206348,0.016155,,6128000,,
2,6,,0.05994,0.029253,0.239556,0.008135,0.150115,0.015171,0.341533,0.035593,0.117435,0.003269,,5755200,,
2,2,,0.03707,0.175619,0.180649,0.089902,0.055568,0.084802,0.034933,0.165551,0.08291,0.092996,,6050400,,
2,2,,0.014005,0.124005,0.346616,0.084026,0.033292,0.053819,0.065639,0.117351,0.11174,0.049506,,6186200,,
2,2,,0.017926,0.101227,0.255745,0.094734,0.02545,0.068143,0.03358,0.155341,0.171727,0.076128,,5916900,,
2,2,,0.065077,0.069913,0.300411,0.037497,0.060156,0.020106,0.094388,0.055874,0.273157,0.02342,,5900000,,
2,6,,0.061269,0.033393,0.275252,0.011198,0.131339,0.013435,0.306626,0.036024,0.128106,0.003359,,6174600,,
2,2,,0.040497,0.073742,0.329591,0.030982,0.088285,0.021611,0.185196,0.045249,0.168482,0.016366,,5662100,,
2,2,,0.070926,0.032598,0.301901,0.022387,0.120929,0.019399,0.250389,0.051814,0.120908,0.008748,,5876500,,
2,8,,0.069647,0.0643,0.29613,0.02589,0.061723,0.015168,0.099968,0.045143,0.302485,0.019546,,5924600,,
2,2,,0.011588,0.137062,0.300749,0.074844,0.056539,0.062573,0.089461,0.149195,0.060913,0.057075,,5843100,,
2,2,,0.142347,0.069227,0.211162,0.008565,0.135398,0.013518,0.151448,0.064699,0.187591,0.016046,,6122200,,
2,2,,0.042006,0.038727,0.280077,0.042269,0.104158,0.023154,0.231498,0.041442,0.183786,0.012882,,5749900,,
2,2,,0.008315,0.133138,0.24972,0.113724,0.026635,0.111631,0.003879,0.144512,0.10849,0.099957,,5785500,,
2,2,,0.006222,0.127326,0.287527,0.123881,0.027463,0.103958,0.003345,0.198068,0.043446,0.078765,,6036600,,
2,2,,0.00845,0.118892,0.366728,0.103915,0.030131,0.085652,0.014907,0.134824,0.059068,0.077435,,6282100,,
2,2,,0.022131,0.101156,0.349055,0.081991,0.024143,0.060219,0.03027,0.101821,0.157462,0.071751,,5936800,,
2,2,,0.051888,0.038101,0.332005,0.025763,0.110004,0.021919,0.236231,0.044549,0.126546,0.012992,,6087400,,
2,4,,0.058115,0.040213,0.113764,0.025934,0.296805,0.012812,0.269323,0.050643,0.127765,0.004625,,5875800,,
2,2,,0.005032,0.160076,0.304072,0.128057,0.032162,0.086809,0.003218,0.160379,0.03598,0.084216,,5721600,,
2,8,,0.060201,0.075971,0.232553,0.036752,0.098031,0.031444,0.132433,0.062552,0.241332,0.02873,,6114700,,
2,2,,0.040541,0.048475,0.286465,0.041164,0.095562,0.025966,0.226364,0.096315,0.120265,0.018883,,6058400,,
2,2,,0.008197,0.105,0.278393,0.114579,0.045738,0.123566,0.005617,0.150659,0.046363,0.121888,,5825400,,
2,8,,0.065086,0.056674,0.233031,0.004592,0.112975,0.007416,0.164952,0.036562,0.310406,0.008305,,6147600,,
3,3,,0.005883,0.081404,0.072152,0.515975,0.022904,0.098281,0.004742,0.084417,0.027757,0.086485,,5876400,,
3,5,,0.016032,0.05885,0.051187,0.276575,0.054969,0.303871,0.006331,0.066653,0.018347,0.147186,,6333700,,
3,3,,0.005883,0.081404,0.072152,0.475975,0.022904,0.098281,0.004742,0.084417,0.027757,0.126485,,7024300,,
3,3,,0.005883,0.081404,0.072152,0.515975,0.022904,0.098281,0.004742,0.084417,0.027757,0.086485,,5716600,,
3,3,,0.007205,0.080973,0.071093,0.452692,0.022477,0.092989,0.004681,0.082474,0.048814,0.136601,,5873300,,
3,3,,0.004917,0.178528,0.097411,0.246248,0.066519,0.095631,0.005817,0.188715,0.032166,0.084048,,5847300,,
3,3,,0.00624,0.092342,0.078234,0.483637,0.023185,0.095691,0.004382,0.10174,0.029385,0.085166,,5838600,,
3,3,,0.006143,0.081404,0.072152,0.516675,0.022904,0.097931,0.004742,0.084417,0.028017,0.085616,,6667600,,
3,3,,0.007465,0.080973,0.071093,0.513392,0.022477,0.092639,0.004681,0.082474,0.029074,0.095732,,5733800,,
3,3,,0.006143,0.081404,0.072152,0.516675,0.022904,0.097931,0.004742,0.084417,0.028017,0.085616,,6039800,,
3,3,,0.006435,0.081358,0.071602,0.504723,0.024783,0.102172,0.004573,0.084612,0.027632,0.092111,,6691000,,
3,3,,0.01003,0.144262,0.135532,0.185335,0.048214,0.153597,0.004723,0.141964,0.072738,0.103605,,6476500,,
3,3,,0.005883,0.081404,0.072152,0.515975,0.022904,0.098281,0.004742,0.084417,0.027757,0.086485,,6913000,,
3,3,,0.007465,0.080973,0.071093,0.493392,0.022477,0.092639,0.004681,0.082474,0.029074,0.115732,,6685200,,
3,3,,0.008358,0.08965,0.068438,0.435103,0.023143,0.111302,0.003433,0.084127,0.028853,0.147593,,8690500,,
3,3,,0.016368,0.068354,0.157548,0.378739,0.048155,0.061046,0.067849,0.072027,0.077687,0.052226,,6551500,,
3,3,,0.006252,0.091483,0.075783,0.494021,0.023197,0.09519,0.004517,0.095494,0.028465,0.085597,,8915400,,
3,3,,0.006143,0.081404,0.072152,0.516675,0.022904,0.097931,0.004742,0.084417,0.028017,0.085616,,10859900,,
3,3,,0.01365,0.066229,0.098962,0.39085,0.033894,0.108954,0.066372,0.068274,0.074799,0.078016,,7255400,,
3,1,,0.005986,0.299423,0.108189,0.144669,0.035666,0.092023,0.005318,0.170436,0.034864,0.103426,,6789300,,
3,3,,0.011907,0.061537,0.055283,0.37924,0.052938,0.214092,0.003486,0.062423,0.019925,0.139169,,6946400,,
3,3,,0.009248,0.165354,0.142137,0.278709,0.032209,0.090703,0.015448,0.147362,0.039685,0.079143,,6980400,,
3,3,,0.006143,0.081404,0.072152,0.516675,0.022904,0.097931,0.004742,0.084417,0.028017,0.085616,,6900700,,
3,3,,0.026113,0.153322,0.112821,0.214749,0.029193,0.133663,0.00294,0.171545,0.041054,0.114601,,6964200,,
3,3,,0.006143,0.081404,0.072152,0.516675,0.022904,0.097931,0.004742,0.084417,0.028017,0.085616,,6775100,,
3,3,,0.005168,0.169813,0.065253,0.288785,0.045457,0.135461,0.005941,0.131343,0.036436,0.116344,,6537700,,
3,3,,0.006143,0.081404,0.072152,0.516675,0.022904,0.097931,0.004742,0.084417,0.028017,0.085616,,6266900,,
3,3,,0.006143,0.081404,0.072152,0.516675,0.022904,0.097931,0.004742,0.084417,0.028017,0.085616,,6978000,,
3,3,,0.00754,0.079261,0.093818,0.500634,0.021891,0.088419,0.006665,0.084047,0.041113,0.076612,,7346100,,
3,3,,0.006143,0.081404,0.072152,0.516675,0.022904,0.097931,0.004742,0.084417,0.028017,0.085616,,6799900,,
3,3,,0.008776,0.076231,0.079789,0.486361,0.024672,0.10197,0.013975,0.08077,0.037727,0.089729,,6913200,,
3,5,,0.005277,0.163564,0.0678,0.184348,0.034005,0.226053,0.005716,0.148512,0.072642,0.092083,,6796500,,
4,5,,0.018576,0.071958,0.056491,0.068092,0.246474,0.284056,0.004886,0.068751,0.020894,0.159822,,6804000,,
4,4,,0.058389,0.03887,0.063929,0.00529,0.410035,0.011036,0.250449,0.041115,0.109629,0.011259,,6772300,,
4,4,,0.173474,0.057148,0.055313,0.004005,0.346564,0.009822,0.215564,0.033839,0.098791,0.005479,,6002500,,
4,4,,0.043251,0.05387,0.058461,0.086189,0.244593,0.201265,0.001956,0.081734,0.027713,0.200967,,7251800,,
4,4,,0.058072,0.064985,0.071561,0.012001,0.377442,0.013275,0.236121,0.057422,0.102478,0.006642,,6021800,,
4,4,,0.051357,0.0817,0.11273,0.042169,0.254231,0.030471,0.17885,0.13808,0.087591,0.022819,,6228600,,
4,4,,0.027607,0.048317,0.046059,0.060738,0.278392,0.264184,0.026886,0.055703,0.027289,0.164827,,6031100,,
4,4,,0.080861,0.039098,0.069458,0.006171,0.397659,0.012571,0.234793,0.05137,0.10173,0.006289,,5850400,,
4,4,,0.059309,0.044476,0.089695,0.007946,0.372779,0.012771,0.224196,0.046338,0.137383,0.005107,,5748600,,
4,4,,0.058273,0.149688,0.076888,0.031154,0.250943,0.014747,0.13643,0.072769,0.192973,0.016135,,5904600,,
4,4,,0.057938,0.045406,0.066814,0.021823,0.40886,0.013593,0.23472,0.042046,0.101291,0.007508,,5944500,,
4,4,,0.039741,0.063318,0.116897,0.031712,0.280755,0.02152,0.195848,0.105077,0.129695,0.015439,,5835800,,
4,4,,0.061183,0.036718,0.063424,0.007215,0.420478,0.034158,0.224669,0.041039,0.098689,0.012428,,5988000,,
4,4,,0.135009,0.099778,0.077015,0.067447,0.265384,0.069815,0.019624,0.155636,0.038882,0.07141,,6231900,,
4,4,,0.054627,0.111832,0.08448,0.021225,0.331275,0.018703,0.192682,0.065983,0.105986,0.013206,,6472900,,
4,4,,0.051699,0.107856,0.061481,0.060816,0.303806,0.053792,0.178883,0.07143,0.085907,0.02433,,5864800,,
4,8,,0.085589,0.126453,0.100448,0.003281,0.194773,0.007342,0.144315,0.060042,0.266135,0.011622,,5720900,,
4,8,,0.047404,0.216179,0.103414,0.024536,0.118506,0.016645,0.099188,0.084029,0.263307,0.026791,,6648000,,
4,0,,0.448011,0.02184,0.03873,0.003095,0.202401,0.006565,0.178554,0.022873,0.066168,0.011764,,5803800,,
4,4,,0.058389,0.03887,0.063929,0.00529,0.422535,0.011036,0.248782,0.040281,0.105463,0.005426,,6080100,,
4,4,,0.061183,0.036718,0.063424,0.007215,0.420478,0.034158,0.224669,0.041039,0.098689,0.012428,,6155100,,
4,9,,0.108616,0.049629,0.043846,0.055353,0.248851,0.170752,0.002274,0.049006,0.022512,0.249161,,5876800,,
4,4,,0.268475,0.055831,0.040989,0.019868,0.376257,0.016422,0.108753,0.038043,0.054363,0.020998,,5842500,,
4,6,,0.064602,0.033393,0.136988,0.030198,0.134672,0.016768,0.369724,0.042191,0.168106,0.003359,,6190200,,
4,4,,0.058523,0.038746,0.088139,0.006343,0.370007,0.02934,0.250114,0.045018,0.108737,0.005034,,5765600,,
4,6,,0.059372,0.044014,0.09364,0.008514,0.26021,0.024281,0.288174,0.097279,0.119802,0.004715,,5951400,,
4,4,,0.080442,0.116718,0.063424,0.007215,0.281959,0.034158,0.244669,0.041039,0.098689,0.031687,,5788400,,
4,4,,0.056751,0.062346,0.068921,0.021339,0.387751,0.021519,0.211195,0.059376,0.09698,0.013824,,6174600,,
4,4,,0.034014,0.055394,0.047979,0.039145,0.350234,0.176021,0.053046,0.062631,0.035157,0.146379,,5967800,,
4,4,,0.190705,0.044375,0.068822,0.004125,0.312926,0.019237,0.140278,0.028332,0.147021,0.044177,,5954600,,
4,8,,0.041729,0.139188,0.136057,0.018546,0.180265,0.020343,0.165556,0.097226,0.183672,0.017418,,5815600,,
4,7,,0.02606,0.13375,0.091824,0.070693,0.144903,0.103021,0.02447,0.204432,0.034545,0.166302,,6169000,,
4,5,,0.023534,0.049417,0.068465,0.062319,0.137023,0.38731,0.026761,0.065116,0.028658,0.151396,,6474000,,
5,5,,0.015356,0.052746,0.069266,0.073831,0.062738,0.468014,0.004999,0.056708,0.023085,0.173258,,5885000,,
5,6,,0.094706,0.054116,0.083798,0.029447,0.147515,0.104779,0.218546,0.119466,0.116153,0.031472,,5846000,,
5,5,,0.017543,0.046563,0.045862,0.075169,0.063445,0.497925,0.004842,0.048774,0.022267,0.177608,,7007400,,
5,5,,0.015356,0.052746,0.049266,0.073831,0.062738,0.468014,0.004999,0.056708,0.023085,0.193258,,6202300,,
5,7,,0.006347,0.138532,0.132787,0.130551,0.023461,0.161283,0.032036,0.244868,0.044921,0.085213,,6537000,,
5,5,,0.015016,0.060593,0.056056,0.068712,0.061109,0.478064,0.005326,0.066123,0.024292,0.164708,,6019400,,
5,5,,0.005696,0.156189,0.115631,0.109773,0.033577,0.235878,0.005131,0.168387,0.061947,0.107791,,5978300,,
5,7,,0.020362,0.127408,0.11573,0.113652,0.054626,0.186404,0.024432,0.226509,0.041385,0.089491,,5975900,,
5,5,,0.017067,0.049261,0.053811,0.090603,0.070697,0.461585,0.011007,0.050713,0.023436,0.171821,,5861300,,
5,5,,0.017177,0.053001,0.044068,0.070222,0.064042,0.489056,0.004781,0.059494,0.022863,0.175296,,5885500,,
5,5,,0.017543,0.046563,0.045862,0.075169,0.063445,0.497925,0.004842,0.048774,0.022267,0.177608,,5843300,,
5,5,,0.014613,0.054514,0.05794,0.079967,0.063653,0.458285,0.004912,0.076102,0.023562,0.166452,,5987000,,
5,5,,0.016605,0.053695,0.053811,0.111445,0.090723,0.410822,0.007417,0.050713,0.022936,0.181832,,6371500,,
5,7,,0.071335,0.086173,0.082372,0.048628,0.144707,0.086451,0.159583,0.169145,0.100383,0.051223,,5774900,,
5,5,,0.018256,0.080874,0.074515,0.253265,0.025617,0.29638,0.033297,0.074945,0.039818,0.103033,,6846100,,
5,5,,0.015245,0.056242,0.048909,0.072189,0.06124,0.478943,0.005007,0.070381,0.023592,0.168252,,6765400,,
5,5,,0.050368,0.066993,0.043778,0.039834,0.165202,0.322172,0.054373,0.082042,0.038215,0.137023,,5737100,,
5,1,,0.005986,0.260256,0.129088,0.147022,0.037741,0.124964,0.005318,0.150436,0.055763,0.083426,,6589500,,
5,1,,0.025836,0.248905,0.087739,0.126021,0.037792,0.142558,0.00552,0.150796,0.07331,0.101522,,5996800,,
5,5,,0.018898,0.050754,0.053261,0.078651,0.072576,0.464116,0.007248,0.050908,0.023051,0.180538,,5983400,,
5,5,,0.026061,0.051188,0.114724,0.050202,0.07523,0.306302,0.103187,0.04821,0.091223,0.133675,,6431000,,
5,5,,0.015937,0.058608,0.059917,0.071323,0.055319,0.429303,0.031311,0.064265,0.029696,0.18432,,5829100,,
5,5,,0.012708,0.112068,0.091327,0.145473,0.039567,0.242901,0.003376,0.142522,0.037676,0.172382,,6525200,,
5,5,,0.011907,0.090936,0.053489,0.205562,0.053301,0.317483,0.003323,0.088927,0.019437,0.155634,,5795300,,
5,5,,0.008518,0.097592,0.090915,0.112904,0.031944,0.350281,0.004437,0.124824,0.043066,0.135518,,5849400,,
5,5,,0.012648,0.109153,0.069738,0.134536,0.055237,0.319095,0.003255,0.111771,0.023216,0.161349,,7179100,,
5,5,,0.027792,0.036334,0.037105,0.06485,0.089004,0.403613,0.048003,0.066561,0.036836,0.189902,,5892700,,
5,5,,0.011818,0.147702,0.080519,0.106085,0.045902,0.301743,0.004611,0.153662,0.0396,0.108357,,5958900,,
5,5,,0.006981,0.106311,0.078527,0.199356,0.029512,0.296593,0.034295,0.091462,0.06258,0.094384,,6267000,,
5,7,,0.011548,0.130997,0.100412,0.087711,0.034043,0.196547,0.091722,0.207351,0.060733,0.078936,,5927200,,
5,5,,0.02445,0.047269,0.042763,0.05229,0.093362,0.436874,0.04861,0.078917,0.034383,0.141083,,6053700,,
5,5,,0.007399,0.117179,0.111907,0.14044,0.024736,0.245357,0.01263,0.144832,0.067865,0.127656,,5825900,,
6,6,,0.058129,0.03887,0.063669,0.00529,0.203055,0.021036,0.448782,0.050281,0.105463,0.005426,,5800800,,
6,1,,0.013303,0.284934,0.11825,0.055256,0.073176,0.054457,0.129489,0.133838,0.095296,0.042001,,5769800,,
6,6,,0.07994,0.029253,0.07709,0.007135,0.168137,0.013193,0.429211,0.035093,0.157679,0.003269,,5610600,,
6,6,,0.05994,0.029253,0.07709,0.007135,0.148586,0.013418,0.508312,0.035093,0.117904,0.003269,,5983600,,
6,6,,0.05994,0.029253,0.07709,0.007135,0.148586,0.013418,0.508312,0.035093,0.117904,0.003269,,6230200,,
6,6,,0.05994,0.029253,0.07709,0.007135,0.148586,0.013418,0.508312,0.035093,0.117904,0.003269,,7054900,,
6,6,,0.054634,0.032273,0.073871,0.006757,0.222883,0.02865,0.399459,0.057976,0.105445,0.018052,,6418800,,
6,6,,0.05994,0.029253,0.07709,0.007135,0.148586,0.013418,0.508312,0.035093,0.117904,0.003269,,5818500,,
6,6,,0.05994,0.029253,0.07709,0.007135,0.148586,0.013418,0.508312,0.035093,0.117904,0.003269,,5716600,,
6,6,,0.05994,0.029253,0.07709,0.007135,0.148586,0.013418,0.508312,0.035093,0.117904,0.003269,,5769700,,
6,6,,0.071333,0.078364,0.065825,0.00577,0.20999,0.032369,0.363984,0.040463,0.126747,0.005155,,5793900,,
6,6,,0.060654,0.029968,0.076855,0.007135,0.150729,0.014132,0.502833,0.035807,0.118618,0.003269,,5748000,,
6,6,,0.05994,0.029253,0.07709,0.007135,0.168586,0.013418,0.488312,0.035093,0.117904,0.003269,,5820300,,
6,6,,0.061269,0.033393,0.097232,0.010198,0.132032,0.013903,0.484516,0.035524,0.128574,0.003359,,6185000,,
6,6,,0.05994,0.029253,0.07709,0.007135,0.148586,0.013418,0.508312,0.035093,0.117904,0.003269,,5669600,,
6,6,,0.05994,0.029253,0.07709,0.007135,0.148586,0.013418,0.508312,0.035093,0.117904,0.003269,,5963600,,
6,6,,0.05994,0.029253,0.07709,0.007135,0.148586,0.013418,0.508312,0.035093,0.117904,0.003269,,5925000,,
6,6,,0.060654,0.029968,0.076855,0.007135,0.150729,0.014132,0.502833,0.035807,0.118618,0.003269,,5810000,,
6,6,,0.05994,0.029253,0.07709,0.007135,0.148586,0.013418,0.508312,0.035093,0.117904,0.003269,,5983400,,
6,6,,0.05994,0.029253,0.07709,0.007135,0.148586,0.013418,0.508312,0.035093,0.117904,0.003269,,5939400,,
6,6,,0.060654,0.029968,0.076855,0.007135,0.150729,0.014132,0.502833,0.035807,0.118618,0.003269,,5694400,,
6,6,,0.05994,0.029253,0.07709,0.007135,0.148586,0.013418,0.508312,0.035093,0.117904,0.003269,,6185300,,
6,6,,0.058047,0.03569,0.076452,0.006323,0.169331,0.014366,0.481944,0.043445,0.11027,0.004133,,6806000,,
6,6,,0.05994,0.029253,0.07709,0.007135,0.148586,0.013418,0.508312,0.035093,0.117904,0.003269,,5857600,,
6,6,,0.05994,0.029253,0.076846,0.007135,0.148343,0.027174,0.489287,0.035093,0.11766,0.009269,,5906800,,
6,6,,0.057329,0.03916,0.073734,0.00545,0.194621,0.013081,0.397449,0.086134,0.128417,0.004625,,5555900,,
6,6,,0.060654,0.029968,0.076855,0.007135,0.150729,0.014132,0.502833,0.035807,0.118618,0.003269,,6306300,,
6,6,,0.051108,0.038855,0.12492,0.023443,0.123354,0.015041,0.457544,0.035636,0.126087,0.004012,,5812700,,
6,6,,0.061654,0.03439,0.075838,0.022162,0.16616,0.025873,0.4313,0.04628,0.12737,0.008973,,5829500,,
6,6,,0.05994,0.029253,0.07709,0.007135,0.148586,0.013418,0.508312,0.035093,0.117904,0.003269,,6615000,,
6,6,,0.083158,0.039577,0.076276,0.005441,0.154974,0.010682,0.322097,0.0373,0.245523,0.024973,,7003900,,
6,6,,0.082686,0.028139,0.072784,0.007371,0.169441,0.013176,0.473782,0.035819,0.111869,0.004933,,7066900,,
6,6,,0.036666,0.080309,0.148414,0.098228,0.072988,0.117362,0.235036,0.082272,0.080178,0.048548,,7111500,,
7,7,,0.005883,0.178645,0.089552,0.098965,0.028444,0.113243,0.004739,0.34617,0.055064,0.079294,,7384700,,
7,7,,0.005677,0.131446,0.114565,0.116508,0.04649,0.074993,0.024577,0.373724,0.043311,0.06871,,6667900,,
7,7,,0.01633,0.123529,0.115109,0.158796,0.030884,0.096965,0.002416,0.309801,0.038026,0.108143,,6541400,,
7,7,,0.004818,0.170093,0.097224,0.099478,0.034971,0.075157,0.004986,0.410895,0.030684,0.071694,,6745000,,
7,7,,0.014287,0.175665,0.104535,0.11423,0.049185,0.07834,0.02476,0.328743,0.040279,0.069975,,6237200,,
7,7,,0.017766,0.15404,0.080003,0.080031,0.06622,0.063509,0.047527,0.393901,0.039575,0.057429,,6037900,,
7,7,,0.004963,0.167262,0.085753,0.172392,0.054974,0.097065,0.00596,0.273583,0.031392,0.106656,,5915600,,
7,5,,0.015406,0.065214,0.057325,0.082319,0.088442,0.372891,0.00516,0.102682,0.022487,0.188074,,5614600,,
7,7,,0.015777,0.159669,0.104517,0.132963,0.062654,0.066997,0.046535,0.303807,0.04647,0.06061,,5813900,,
7,7,,0.015572,0.124996,0.122842,0.108629,0.064018,0.077789,0.024736,0.297844,0.06638,0.097195,,5754100,,
7,7,,0.006919,0.178848,0.089809,0.100935,0.035631,0.079166,0.004708,0.402568,0.028365,0.073051,,5762100,,
7,6,,0.040123,0.061177,0.172268,0.060756,0.144261,0.047458,0.215137,0.096419,0.137023,0.025379,,5837200,,
7,7,,0.017089,0.153824,0.078737,0.073532,0.072292,0.05819,0.051673,0.402508,0.041985,0.050171,,6206500,,
7,9,,0.037371,0.069573,0.146995,0.145512,0.061415,0.081927,0.027841,0.138122,0.107746,0.183499,,5815600,,
7,9,,0.010285,0.165603,0.074244,0.09279,0.09831,0.110209,0.006097,0.143875,0.041352,0.257236,,5906000,,
7,7,,0.01453,0.157483,0.085468,0.089341,0.049976,0.073934,0.02641,0.40365,0.035965,0.06324,,5953000,,
7,7,,0.005792,0.142446,0.086651,0.108398,0.026913,0.096969,0.004461,0.412228,0.034563,0.08158,,5680700,,
7,7,,0.006889,0.170252,0.08831,0.104339,0.051777,0.089281,0.004864,0.379633,0.031534,0.073121,,5939500,,
7,7,,0.015685,0.139267,0.117236,0.126378,0.033005,0.079761,0.004363,0.369021,0.039835,0.075448,,5693500,,
7,7,,0.005545,0.154397,0.0917,0.101801,0.027561,0.090089,0.004941,0.41471,0.032611,0.076643,,5690800,,
7,7,,0.015706,0.225265,0.072113,0.078976,0.067362,0.068211,0.047784,0.307635,0.040547,0.076402,,6074200,,
7,7,,0.025598,0.189192,0.180928,0.069239,0.081585,0.055953,0.05714,0.201083,0.089078,0.050203,,6088000,,
7,1,,0.01583,0.231801,0.07906,0.091505,0.073552,0.085407,0.026548,0.221472,0.038007,0.136817,,5610500,,
7,7,,0.016144,0.167495,0.082241,0.105025,0.06007,0.074018,0.047658,0.342466,0.04561,0.059273,,5993800,,
7,7,,0.006469,0.144052,0.091937,0.112713,0.048269,0.091265,0.004305,0.27423,0.078468,0.148292,,5850900,,
7,7,,0.016747,0.145409,0.090053,0.099523,0.030233,0.13175,0.004607,0.367064,0.034763,0.07985,,5764400,,
7,7,,0.039095,0.149662,0.084933,0.133192,0.098909,0.059932,0.063847,0.264909,0.054112,0.05141,,6047400,,
7,7,,0.004634,0.212972,0.116603,0.125256,0.033534,0.085669,0.003127,0.303436,0.036493,0.078275,,5838600,,
7,7,,0.009525,0.150105,0.08844,0.10185,0.031016,0.096441,0.00494,0.339865,0.063765,0.114054,,5705300,,
7,7,,0.016234,0.130164,0.115724,0.123762,0.030442,0.082348,0.003592,0.375268,0.042928,0.079538,,6419400,,
7,7,,0.006016,0.131215,0.114926,0.131047,0.025635,0.088878,0.002825,0.366173,0.042976,0.090309,,5763500,,
7,1,,0.008484,0.220971,0.102906,0.088439,0.061261,0.123027,0.006422,0.189899,0.062601,0.135991,,5810000,,
8,9,,0.061333,0.059244,0.074729,0.087076,0.052555,0.144326,0.011289,0.053894,0.164357,0.291197,,5951100,,
8,8,,0.078914,0.096683,0.17418,0.014554,0.075129,0.033433,0.109503,0.039287,0.359703,0.018614,,5655300,,
8,8,,0.102594,0.057663,0.09466,0.004459,0.081853,0.005265,0.129365,0.030412,0.484105,0.009625,,5857000,,
8,8,,0.082377,0.074852,0.125525,0.035148,0.069987,0.014866,0.11615,0.036667,0.424345,0.020082,,5956700,,
8,0,,0.421512,0.020771,0.060226,0.001989,0.118491,0.002935,0.063066,0.034687,0.211086,0.065235,,5813200,,
8,8,,0.074722,0.039265,0.127925,0.020679,0.101134,0.046383,0.212249,0.039624,0.315309,0.022711,,6418100,,
8,6,,0.07994,0.049253,0.116611,0.007135,0.177893,0.012949,0.300422,0.035093,0.217435,0.003269,,6173100,,
8,8,,0.073305,0.066907,0.078606,0.052581,0.060141,0.070828,0.080998,0.101794,0.229769,0.185071,,5881700,,
8,6,,0.048411,0.037324,0.200366,0.039837,0.119385,0.063333,0.233051,0.037997,0.192174,0.028123,,6130500,,
8,8,,0.105046,0.101424,0.144589,0.006075,0.103086,0.009053,0.204357,0.067874,0.22773,0.030765,,5769600,,
8,8,,0.060764,0.045515,0.082065,0.0228,0.130186,0.011238,0.236722,0.033351,0.371279,0.00608,,5973500,,
8,8,,0.063645,0.076804,0.114101,0.03955,0.083785,0.044285,0.094315,0.04988,0.406885,0.026749,,5979400,,
8,8,,0.059319,0.071279,0.198798,0.008533,0.12143,0.01124,0.236,0.037362,0.249875,0.006163,,5740600,,
8,8,,0.117498,0.047266,0.161727,0.012586,0.093552,0.031124,0.181678,0.036732,0.309168,0.008668,,6017300,,
8,8,,0.069705,0.069598,0.109309,0.037253,0.079075,0.020228,0.138365,0.058129,0.392096,0.02624,,6085800,,
8,3,,0.036121,0.085331,0.134604,0.236322,0.028575,0.064071,0.044101,0.090982,0.202044,0.077848,,5736100,,
8,8,,0.083909,0.092601,0.093473,0.039856,0.082926,0.027103,0.093396,0.115192,0.28598,0.085562,,10907200,,
8,7,,0.028963,0.162863,0.094906,0.111556,0.064958,0.13933,0.003925,0.185516,0.030482,0.1775,,6094300,,
8,8,,0.074951,0.08561,0.072823,0.155361,0.09404,0.047038,0.082989,0.060658,0.245944,0.080587,,6148200,,
8,8,,0.124849,0.038846,0.076864,0.004262,0.10109,0.006871,0.173929,0.028881,0.434463,0.009944,,6154900,,
8,8,,0.047132,0.064816,0.126126,0.045269,0.069285,0.035407,0.115012,0.044735,0.433321,0.018897,,6342300,,
8,9,,0.041272,0.044428,0.064284,0.070462,0.058718,0.241085,0.011997,0.047515,0.167115,0.253124,,6504600,,
8,1,,0.010036,0.281659,0.120101,0.124105,0.044095,0.070465,0.037192,0.153736,0.051391,0.107219,,6395800,,
8,8,,0.055161,0.045608,0.093408,0.015416,0.119778,0.017117,0.198635,0.058629,0.33634,0.059909,,6401400,,
8,8,,0.115722,0.073635,0.075277,0.043256,0.138796,0.02276,0.173951,0.047529,0.272318,0.036757,,5999600,,
8,8,,0.046199,0.16702,0.107666,0.074127,0.070997,0.045733,0.075011,0.112729,0.211024,0.089494,,6082600,,
8,3,,0.017193,0.069554,0.198638,0.317341,0.023626,0.058215,0.036264,0.071379,0.154455,0.053335,,6142300,,
8,5,,0.021335,0.084917,0.108428,0.064907,0.067857,0.249235,0.059057,0.047228,0.055927,0.241108,,5875600,,
8,0,,0.156385,0.142267,0.149218,0.086258,0.036625,0.056682,0.019056,0.130236,0.149264,0.074008,,5856700,,
8,8,,0.098306,0.152698,0.078581,0.05501,0.062348,0.07698,0.091264,0.110477,0.166485,0.107851,,5994600,,
8,5,,0.027392,0.042634,0.083217,0.064999,0.071759,0.260584,0.069148,0.064156,0.114757,0.201355,,5834100,,
9,9,,0.00833,0.094273,0.072492,0.249028,0.024771,0.136503,0.003546,0.090187,0.058563,0.262307,,6002700,,
9,9,,0.04683,0.04786,0.051031,0.071719,0.065983,0.288229,0.004563,0.058852,0.021826,0.343108,,5966200,,
9,9,,0.165418,0.045471,0.047749,0.055298,0.053923,0.168962,0.00171,0.050253,0.033736,0.37748,,6036300,,
9,3,,0.005538,0.088904,0.075847,0.440467,0.023529,0.151358,0.00457,0.085322,0.03071,0.093755,,5839300,,
9,9,,0.019661,0.050556,0.048156,0.073022,0.047319,0.174048,0.003724,0.054363,0.03374,0.495411,,5760100,,
9,9,,0.0214,0.049831,0.04651,0.070453,0.045494,0.15889,0.002486,0.050114,0.035028,0.519794,,5749800,,
9,1,,0.005284,0.22991,0.070103,0.228429,0.035078,0.114464,0.025739,0.107796,0.033771,0.149425,,6099800,,
9,9,,0.009179,0.169708,0.130167,0.160036,0.035785,0.119322,0.019288,0.11415,0.071419,0.170947,,6418300,,
9,9,,0.020397,0.053338,0.048837,0.078832,0.044889,0.183906,0.003732,0.053887,0.045614,0.466568,,5996600,,
9,9,,0.078061,0.064978,0.044031,0.062575,0.048062,0.151152,0.00226,0.046883,0.036443,0.465554,,6181000,,
9,9,,0.020773,0.047731,0.048123,0.09465,0.042041,0.194583,0.008963,0.044615,0.051973,0.446548,,5914800,,
9,9,,0.058061,0.044978,0.044031,0.062575,0.048062,0.151152,0.00226,0.046883,0.036443,0.505554,,5692900,,
9,9,,0.108623,0.039452,0.037004,0.061213,0.051097,0.157664,0.002128,0.040445,0.031692,0.47068,,7368900,,
9,9,,0.038473,0.069643,0.053391,0.090834,0.109473,0.224223,0.004018,0.051232,0.024498,0.334215,,5944100,,
9,3,,0.008586,0.088869,0.067775,0.298935,0.026384,0.141477,0.003631,0.079149,0.056939,0.228256,,6161800,,
9,3,,0.008287,0.084046,0.075774,0.375702,0.023373,0.130685,0.015461,0.078537,0.050515,0.15762,,7574700,,
9,9,,0.057329,0.046995,0.041257,0.064161,0.047077,0.154853,0.00231,0.046331,0.033405,0.506283,,5938900,,
9,9,,0.012233,0.091119,0.107134,0.111918,0.02975,0.112391,0.002173,0.134458,0.070332,0.328494,,6198400,,
9,3,,0.007536,0.081195,0.076051,0.338106,0.024893,0.168171,0.004262,0.08445,0.049368,0.165969,,6002300,,
9,9,,0.018985,0.054302,0.053569,0.072142,0.049384,0.201137,0.00415,0.077579,0.063823,0.40493,,6333300,,
9,9,,0.056629,0.048905,0.047312,0.064129,0.046992,0.15273,0.00233,0.055713,0.03625,0.489012,,6091500,,
9,9,,0.01348,0.10958,0.102708,0.118482,0.043668,0.181232,0.003222,0.163262,0.082655,0.181711,,6006600,,
9,9,,0.0214,0.049831,0.04651,0.070453,0.045494,0.15889,0.002486,0.050114,0.035028,0.519794,,6227900,,
9,9,,0.086733,0.15084,0.096096,0.156537,0.058738,0.082239,0.002379,0.154005,0.039161,0.173272,,5768500,,
9,9,,0.019419,0.055101,0.050423,0.073499,0.045719,0.168572,0.003774,0.059156,0.054444,0.469894,,6341900,,
9,5,,0.018898,0.050754,0.052904,0.098294,0.092576,0.386259,0.007248,0.072194,0.022694,0.198181,,6760300,,
9,9,,0.020078,0.050262,0.047568,0.093735,0.045921,0.164183,0.002547,0.052057,0.033972,0.489678,,5933100,,
9,3,,0.005896,0.151222,0.094318,0.212679,0.033849,0.139838,0.019173,0.202841,0.030537,0.109648,,5820900,,
9,8,,0.108244,0.144111,0.101833,0.002971,0.134494,0.006074,0.117798,0.035025,0.314184,0.035267,,6030100,,
9,5,,0.019467,0.050974,0.047406,0.109249,0.120631,0.297213,0.003516,0.054999,0.022668,0.273877,,5869400,,
9,1,,0.007185,0.245356,0.133247,0.097694,0.034628,0.086868,0.005196,0.236435,0.04046,0.112931,,6015000,,
9,9,,0.0214,0.049831,0.04651,0.070453,0.045494,0.15889,0.002486,0.050114,0.035028,0.519794,,6514200,,