semeion,CWE,test,4,NANOSECONDS,PREDICTIONS, Generated by ClassifierExperiments.java on 2022-05-15 22:26:08.    SYSTEMPROPERTIES:{user.name:matth,os.arch:amd64,os.name:Windows 10},ENDSYSTEMPROPERTIES
No parameter info
0.8452012383900929,2335774000,1672243800,-1,98178552,10,,-1,-1
0,0,,0.65693,0.015684,0.03343,0.007164,0.110913,0.005258,0.047175,0.020286,0.062101,0.041059,,5208000,,
0,0,,0.744809,0.010666,0.024635,0.003483,0.079924,0.000979,0.023714,0.015237,0.051352,0.045202,,5142300,,
0,0,,0.690636,0.014666,0.0543,0.003483,0.080887,0.0011,0.035819,0.0151,0.057234,0.046775,,5108700,,
0,8,,0.126385,0.060321,0.170189,0.02155,0.097452,0.057249,0.17077,0.039291,0.215373,0.041421,,5124800,,
0,0,,0.729912,0.010735,0.027955,0.003789,0.078109,0.001465,0.030771,0.015196,0.057047,0.045022,,5155800,,
0,0,,0.659533,0.014154,0.029527,0.003953,0.101253,0.003175,0.078731,0.019532,0.048609,0.041532,,5116800,,
0,0,,0.744809,0.010666,0.024635,0.003483,0.079924,0.000979,0.023714,0.015237,0.051352,0.045202,,5107400,,
0,0,,0.403596,0.023765,0.039157,0.124216,0.055179,0.150221,0.004014,0.037353,0.04547,0.11703,,5128700,,
0,0,,0.659475,0.014872,0.031856,0.060027,0.067452,0.024812,0.008757,0.024562,0.042064,0.066123,,5088100,,
0,0,,0.729912,0.010735,0.027955,0.003789,0.078109,0.001465,0.030771,0.015196,0.057047,0.045022,,5095000,,
0,0,,0.744809,0.010666,0.024635,0.003483,0.079924,0.000979,0.023714,0.015237,0.051352,0.045202,,5142500,,
0,0,,0.421393,0.028549,0.071735,0.013457,0.078583,0.016711,0.17012,0.021672,0.157676,0.020103,,5144300,,
0,0,,0.487934,0.024754,0.060178,0.010035,0.072121,0.012549,0.136659,0.019225,0.153041,0.023505,,5109500,,
0,0,,0.744809,0.010666,0.024635,0.003483,0.079924,0.000979,0.023714,0.015237,0.051352,0.045202,,5105100,,
0,0,,0.657631,0.012605,0.028708,0.007116,0.090449,0.021154,0.059145,0.018197,0.055786,0.049208,,5102600,,
0,0,,0.243806,0.037208,0.113412,0.013442,0.105263,0.019666,0.212033,0.029146,0.192581,0.033443,,5107900,,
0,0,,0.553736,0.015273,0.024694,0.027687,0.0779,0.074919,0.012509,0.026707,0.055844,0.130732,,5116400,,
0,0,,0.744809,0.010666,0.024635,0.003483,0.079924,0.000979,0.023714,0.015237,0.051352,0.045202,,5106600,,
0,0,,0.744809,0.010666,0.024635,0.003483,0.079924,0.000979,0.023714,0.015237,0.051352,0.045202,,5093400,,
0,0,,0.744809,0.010666,0.024635,0.003483,0.079924,0.000979,0.023714,0.015237,0.051352,0.045202,,5141000,,
0,0,,0.658718,0.016995,0.036837,0.006956,0.083536,0.004397,0.047853,0.019074,0.084111,0.041524,,5111600,,
0,0,,0.692919,0.01138,0.025391,0.004197,0.11856,0.000979,0.023556,0.018094,0.052222,0.052702,,5109100,,
0,8,,0.172232,0.038357,0.088759,0.024624,0.058007,0.022095,0.104956,0.033901,0.427462,0.029607,,5139300,,
0,0,,0.648828,0.013107,0.039289,0.010556,0.071449,0.026063,0.043894,0.018988,0.058594,0.069232,,5100700,,
0,0,,0.744809,0.010666,0.024635,0.003483,0.079924,0.000979,0.023714,0.015237,0.051352,0.045202,,5105200,,
0,0,,0.744809,0.010666,0.024635,0.003483,0.079924,0.000979,0.023714,0.015237,0.051352,0.045202,,5125200,,
0,0,,0.744809,0.010666,0.024635,0.003483,0.079924,0.000979,0.023714,0.015237,0.051352,0.045202,,5103500,,
0,0,,0.744809,0.010666,0.024635,0.003483,0.079924,0.000979,0.023714,0.015237,0.051352,0.045202,,5103300,,
0,0,,0.486901,0.025142,0.05915,0.010722,0.072901,0.013431,0.167009,0.019262,0.122229,0.023252,,5110700,,
0,0,,0.729912,0.010735,0.027955,0.003789,0.078109,0.001465,0.030771,0.015196,0.057047,0.045022,,5123400,,
0,0,,0.744809,0.010666,0.024635,0.003483,0.079924,0.000979,0.023714,0.015237,0.051352,0.045202,,5077900,,
0,0,,0.744809,0.010666,0.024635,0.003483,0.079924,0.000979,0.023714,0.015237,0.051352,0.045202,,5101100,,
0,0,,0.744809,0.010666,0.024635,0.003483,0.079924,0.000979,0.023714,0.015237,0.051352,0.045202,,5121600,,
1,1,,0.007509,0.445846,0.097643,0.071691,0.034733,0.06288,0.016282,0.138623,0.050564,0.074229,,5135800,,
1,1,,0.00463,0.404409,0.082408,0.074352,0.035702,0.07872,0.017195,0.177635,0.062816,0.062135,,5121700,,
1,1,,0.004888,0.346538,0.122974,0.095756,0.037754,0.10813,0.01779,0.167027,0.039173,0.059969,,5095600,,
1,1,,0.027702,0.31638,0.072807,0.139478,0.114711,0.060856,0.030605,0.064221,0.107483,0.065757,,5104800,,
1,1,,0.005236,0.447762,0.083938,0.073708,0.036012,0.076326,0.018157,0.157092,0.041885,0.059885,,5102100,,
1,1,,0.005609,0.252092,0.118934,0.114049,0.049302,0.133793,0.013131,0.175544,0.052857,0.084691,,5107500,,
1,1,,0.026143,0.260594,0.079688,0.028736,0.207751,0.0297,0.110656,0.123874,0.10845,0.024408,,5090900,,
1,1,,0.013077,0.394255,0.117368,0.051928,0.096585,0.046813,0.031567,0.085135,0.101522,0.06175,,5097200,,
1,1,,0.005363,0.435145,0.110115,0.075132,0.055836,0.064478,0.016075,0.128533,0.040088,0.069236,,5077700,,
1,1,,0.016739,0.378324,0.08301,0.038049,0.161299,0.034251,0.075946,0.069915,0.110591,0.031876,,5065500,,
1,1,,0.0258,0.338917,0.101888,0.027682,0.17764,0.02825,0.093984,0.063553,0.116388,0.025899,,5107400,,
1,1,,0.005593,0.430318,0.088552,0.092615,0.034329,0.064935,0.016745,0.142868,0.050384,0.07366,,5077600,,
1,3,,0.004543,0.179613,0.088708,0.238013,0.134583,0.082244,0.017102,0.106502,0.046892,0.1018,,5092100,,
1,5,,0.018641,0.118083,0.114986,0.057018,0.111292,0.288107,0.014175,0.081203,0.039244,0.157252,,5093300,,
1,7,,0.005551,0.257298,0.095374,0.090107,0.031355,0.09226,0.015448,0.28713,0.051504,0.073972,,5081300,,
1,1,,0.061103,0.43638,0.089275,0.062365,0.034776,0.05797,0.013486,0.128116,0.042414,0.074116,,5098100,,
1,1,,0.005765,0.371433,0.128389,0.062454,0.086389,0.058428,0.055689,0.124386,0.050851,0.056218,,5080000,,
1,1,,0.004519,0.297321,0.150014,0.100876,0.032159,0.108904,0.015021,0.166767,0.049115,0.075306,,5072200,,
1,1,,0.009054,0.349228,0.158737,0.051615,0.099873,0.050126,0.061163,0.087535,0.083458,0.049211,,5087300,,
1,1,,0.004167,0.394286,0.083145,0.076384,0.03506,0.082535,0.016779,0.181758,0.063004,0.062882,,5080600,,
1,1,,0.006548,0.308576,0.073653,0.170857,0.094773,0.075387,0.037266,0.090548,0.066864,0.075528,,5074800,,
1,1,,0.005373,0.336507,0.126042,0.075352,0.056079,0.079153,0.017783,0.157105,0.044113,0.102493,,5089800,,
1,1,,0.005075,0.442508,0.130669,0.071453,0.037325,0.063086,0.017425,0.124784,0.045025,0.062649,,5066400,,
1,1,,0.004911,0.413702,0.086909,0.135345,0.048045,0.066345,0.016149,0.105921,0.035846,0.086827,,5079000,,
1,1,,0.005926,0.404102,0.068051,0.062394,0.061127,0.070924,0.050448,0.171704,0.052065,0.053261,,5134800,,
1,5,,0.016178,0.099068,0.073658,0.05021,0.131219,0.232716,0.014254,0.109707,0.04287,0.23012,,5082200,,
1,4,,0.023719,0.237632,0.062125,0.036789,0.256701,0.03819,0.108686,0.110266,0.071949,0.053943,,5100100,,
1,7,,0.006572,0.123463,0.145057,0.157224,0.028576,0.086196,0.012627,0.260778,0.08198,0.097527,,5122500,,
1,7,,0.005609,0.205865,0.120575,0.119326,0.049828,0.097739,0.013131,0.258298,0.048598,0.081031,,5116900,,
1,1,,0.072441,0.29572,0.0634,0.124121,0.125262,0.052547,0.05949,0.089306,0.074778,0.042935,,5139800,,
1,1,,0.072441,0.31572,0.0634,0.124121,0.125262,0.052547,0.05949,0.069306,0.074778,0.042935,,5140600,,
1,1,,0.00463,0.445778,0.079762,0.075131,0.037625,0.074729,0.016736,0.156128,0.040171,0.06931,,5115300,,
1,1,,0.004815,0.385414,0.090813,0.125585,0.111854,0.060795,0.016053,0.105921,0.035464,0.063287,,5108700,,
2,2,,0.005599,0.118962,0.365488,0.111413,0.034359,0.088968,0.021652,0.116925,0.0463,0.090333,,5136400,,
2,2,,0.018892,0.069595,0.312776,0.090894,0.038943,0.085789,0.061124,0.065821,0.148862,0.107303,,5119300,,
2,2,,0.005448,0.163894,0.338243,0.11968,0.030761,0.080796,0.012261,0.121882,0.043627,0.083407,,5120900,,
2,2,,0.030709,0.052355,0.352824,0.044971,0.064483,0.034852,0.170964,0.038731,0.181615,0.028496,,5113000,,
2,2,,0.006413,0.137877,0.318438,0.110478,0.030166,0.086339,0.012215,0.138225,0.066614,0.093235,,5128100,,
2,2,,0.012236,0.186424,0.212527,0.076318,0.055935,0.0555,0.058409,0.122678,0.159221,0.060752,,5126200,,
2,2,,0.012001,0.082601,0.336459,0.108551,0.038785,0.077828,0.083342,0.120001,0.087135,0.053298,,5253200,,
2,8,,0.013766,0.090981,0.205195,0.084986,0.028121,0.065486,0.045748,0.125613,0.249041,0.091062,,5065100,,
2,8,,0.042082,0.066697,0.129118,0.056647,0.071472,0.063371,0.092388,0.055516,0.351547,0.071163,,5060500,,
2,2,,0.009978,0.086133,0.263673,0.216627,0.062887,0.056826,0.043631,0.093669,0.113875,0.0527,,5154600,,
2,2,,0.021236,0.042621,0.335566,0.059509,0.061385,0.158051,0.081852,0.045564,0.080114,0.114102,,5125300,,
2,8,,0.016802,0.116308,0.137927,0.131699,0.05009,0.087682,0.048706,0.076659,0.257546,0.07658,,5145600,,
2,2,,0.019371,0.056713,0.345429,0.058112,0.051735,0.04363,0.139713,0.049616,0.199685,0.035996,,5159400,,
2,4,,0.023064,0.181886,0.101008,0.04495,0.212747,0.045367,0.110171,0.132231,0.087667,0.060909,,5234600,,
2,2,,0.005448,0.122347,0.368957,0.13468,0.030761,0.080796,0.012261,0.120216,0.043627,0.080907,,5148200,,
2,2,,0.019371,0.056713,0.362572,0.058112,0.055068,0.04363,0.139713,0.049616,0.179209,0.035996,,5205000,,
2,6,,0.034005,0.035752,0.216153,0.018974,0.121037,0.027833,0.330882,0.031799,0.173265,0.010302,,5807100,,
2,2,,0.011418,0.090285,0.35944,0.087414,0.035404,0.060969,0.056501,0.098089,0.143686,0.056794,,5859000,,
2,2,,0.011112,0.081093,0.263365,0.149478,0.120623,0.073727,0.05207,0.073535,0.099657,0.075339,,5883400,,
2,2,,0.045989,0.053266,0.297286,0.055969,0.037745,0.041465,0.100721,0.046726,0.28047,0.040363,,5858600,,
2,2,,0.009379,0.261868,0.276632,0.072492,0.034773,0.070853,0.017178,0.126676,0.056729,0.07342,,5910900,,
2,2,,0.005746,0.115927,0.256561,0.119391,0.029965,0.098986,0.012757,0.189572,0.069248,0.101847,,5894300,,
2,2,,0.005674,0.122296,0.386618,0.109081,0.030692,0.081135,0.012261,0.129789,0.04332,0.079133,,5854800,,
2,2,,0.034005,0.035752,0.315983,0.018974,0.099681,0.027494,0.292916,0.031799,0.133095,0.010302,,5853100,,
2,2,,0.023891,0.039914,0.266759,0.031428,0.126345,0.035391,0.250544,0.042839,0.164834,0.018055,,5834100,,
2,2,,0.021236,0.042621,0.332232,0.057009,0.06076,0.142426,0.081852,0.048897,0.080114,0.132852,,5868600,,
2,2,,0.034005,0.035752,0.315983,0.018974,0.119681,0.027494,0.272916,0.031799,0.133095,0.010302,,5869800,,
2,2,,0.030794,0.062779,0.277309,0.103084,0.072753,0.040807,0.191991,0.037428,0.157966,0.02509,,5235200,,
2,2,,0.111031,0.092951,0.253348,0.038485,0.113857,0.04239,0.088393,0.10933,0.109635,0.04058,,5149800,,
2,9,,0.017526,0.053937,0.18535,0.092364,0.061886,0.220563,0.012237,0.078803,0.045981,0.231354,,5134100,,
2,2,,0.011716,0.08176,0.264939,0.089493,0.030749,0.077054,0.056997,0.157446,0.15264,0.077207,,5126900,,
2,2,,0.009446,0.125475,0.316997,0.078676,0.106496,0.056312,0.057367,0.134016,0.06268,0.052536,,6506100,,
3,3,,0.006584,0.07672,0.088801,0.439377,0.02693,0.099067,0.014352,0.084432,0.063213,0.100525,,9159600,,
3,3,,0.007691,0.059889,0.070317,0.502331,0.028656,0.107987,0.023436,0.070659,0.042088,0.086947,,5878300,,
3,3,,0.007611,0.064196,0.069583,0.507044,0.02667,0.107151,0.013999,0.074999,0.039973,0.088775,,5005400,,
3,3,,0.008092,0.068305,0.066135,0.501581,0.027796,0.094523,0.013831,0.072331,0.042612,0.104793,,5032100,,
3,3,,0.007228,0.088689,0.113229,0.398891,0.025965,0.109319,0.013578,0.085773,0.046703,0.110624,,4984100,,
3,3,,0.006499,0.071494,0.113275,0.439407,0.024787,0.101005,0.01341,0.085765,0.049089,0.095268,,5016100,,
3,3,,0.006499,0.071494,0.093275,0.466776,0.024787,0.098899,0.01341,0.085765,0.048036,0.091058,,5014500,,
3,3,,0.007307,0.060024,0.070014,0.509931,0.028141,0.103845,0.014031,0.072101,0.041028,0.093577,,5014000,,
3,3,,0.007107,0.064529,0.070079,0.515153,0.026166,0.09673,0.013831,0.075665,0.041307,0.089434,,4987600,,
3,3,,0.00823,0.066218,0.069303,0.505771,0.026615,0.09673,0.013831,0.075224,0.041771,0.096306,,5083800,,
3,3,,0.00823,0.066218,0.069303,0.505771,0.026615,0.09673,0.013831,0.075224,0.041771,0.096306,,5041800,,
3,3,,0.007107,0.064529,0.070079,0.515153,0.026166,0.09673,0.013831,0.075665,0.041307,0.089434,,5024000,,
3,3,,0.007611,0.064196,0.069583,0.507044,0.02667,0.107151,0.013999,0.074999,0.039973,0.088775,,5117600,,
3,3,,0.006354,0.105638,0.109478,0.299595,0.030817,0.094379,0.013178,0.219273,0.043439,0.07785,,5085800,,
3,3,,0.007107,0.064529,0.070079,0.476178,0.026166,0.09673,0.013831,0.075665,0.040794,0.128921,,5235500,,
3,3,,0.011109,0.087648,0.085059,0.389391,0.065097,0.082422,0.070883,0.081396,0.07229,0.054704,,5315700,,
3,3,,0.006722,0.067342,0.070824,0.503999,0.026791,0.099711,0.014143,0.076074,0.042989,0.091405,,5172100,,
3,3,,0.006482,0.076517,0.065735,0.490777,0.031498,0.104125,0.025089,0.081237,0.03961,0.07893,,5050000,,
3,3,,0.016983,0.047477,0.058997,0.351202,0.054564,0.222236,0.013697,0.058529,0.037236,0.13908,,5210600,,
3,3,,0.007107,0.064529,0.070079,0.515153,0.026166,0.09673,0.013831,0.075665,0.041307,0.089434,,5177800,,
3,3,,0.006722,0.067342,0.070824,0.493999,0.026791,0.099711,0.014143,0.076074,0.042989,0.101405,,5141800,,
3,3,,0.007107,0.064529,0.070079,0.515153,0.026166,0.09673,0.013831,0.075665,0.041307,0.089434,,5113200,,
3,3,,0.007107,0.064529,0.070079,0.515153,0.026166,0.09673,0.013831,0.075665,0.041307,0.089434,,5141300,,
3,3,,0.006572,0.124125,0.114009,0.204135,0.027926,0.090073,0.012627,0.147385,0.074823,0.198326,,5161200,,
3,3,,0.007804,0.063948,0.066451,0.502172,0.029907,0.116514,0.014164,0.072639,0.038939,0.087464,,5134800,,
3,3,,0.015829,0.075259,0.056454,0.283254,0.05705,0.260294,0.014366,0.066971,0.03619,0.134333,,5045600,,
3,3,,0.00823,0.086218,0.070303,0.483796,0.026615,0.09773,0.013831,0.076224,0.041258,0.095793,,5150500,,
3,5,,0.020151,0.044205,0.049604,0.229744,0.063575,0.268056,0.023506,0.076569,0.041266,0.183323,,5214800,,
3,3,,0.007014,0.071393,0.074178,0.467,0.028558,0.091335,0.013738,0.099951,0.040842,0.105992,,5066100,,
3,3,,0.007611,0.064196,0.076249,0.428721,0.02667,0.1536,0.013999,0.074999,0.046127,0.107828,,4977000,,
3,3,,0.00823,0.066218,0.069303,0.505771,0.026615,0.09673,0.013831,0.075224,0.041771,0.096306,,5080900,,
3,3,,0.007186,0.060222,0.070813,0.45294,0.028152,0.117567,0.023268,0.071325,0.060921,0.107606,,5056600,,
4,4,,0.026614,0.094535,0.077271,0.047441,0.373035,0.052099,0.159567,0.055974,0.089471,0.023994,,5063500,,
4,4,,0.007537,0.126578,0.170474,0.099147,0.209246,0.092792,0.04741,0.104558,0.044522,0.097737,,5084200,,
4,4,,0.019726,0.055737,0.062083,0.030535,0.430091,0.09862,0.087808,0.063522,0.064463,0.087414,,5076000,,
4,7,,0.212482,0.113168,0.063787,0.028537,0.121604,0.060408,0.008452,0.256185,0.026505,0.108871,,5041800,,
4,0,,0.287539,0.059228,0.06051,0.020203,0.235409,0.012167,0.045885,0.063168,0.114218,0.101672,,5070900,,
4,4,,0.035666,0.087089,0.06759,0.04293,0.314956,0.149653,0.048223,0.082022,0.041601,0.130272,,5070400,,
4,4,,0.067005,0.126412,0.056481,0.076448,0.378239,0.033974,0.100633,0.064861,0.06551,0.030439,,5064400,,
4,4,,0.046827,0.06108,0.060142,0.017448,0.45433,0.023425,0.158431,0.07193,0.088876,0.017512,,5084700,,
4,4,,0.058703,0.054051,0.054823,0.060965,0.254191,0.165235,0.008912,0.111256,0.039189,0.192675,,5085100,,
4,4,,0.282556,0.06899,0.064065,0.023393,0.291452,0.02383,0.050832,0.090321,0.033282,0.07128,,5243500,,
4,4,,0.028307,0.065695,0.049839,0.020194,0.450396,0.076199,0.110167,0.055062,0.073223,0.070918,,5490200,,
4,4,,0.092313,0.062375,0.12051,0.028933,0.176748,0.092395,0.067778,0.072682,0.155273,0.130992,,5185700,,
4,4,,0.04685,0.05308,0.060626,0.013634,0.482846,0.024614,0.169531,0.044331,0.089038,0.01545,,5111800,,
4,7,,0.007534,0.13825,0.064921,0.07182,0.216181,0.10808,0.049187,0.22539,0.04548,0.073157,,5159400,,
4,4,,0.017546,0.086106,0.055818,0.053358,0.289574,0.208406,0.014001,0.083793,0.038243,0.153156,,5169800,,
4,4,,0.032977,0.05366,0.056996,0.013152,0.482359,0.037262,0.16107,0.042848,0.093372,0.026303,,5177000,,
4,4,,0.023701,0.101097,0.059143,0.07785,0.393259,0.038704,0.109515,0.094083,0.071726,0.030922,,5119000,,
4,4,,0.030695,0.060064,0.060169,0.016692,0.491007,0.023008,0.160923,0.048566,0.091727,0.017148,,5181300,,
4,5,,0.033439,0.057922,0.048692,0.063292,0.262264,0.275812,0.042867,0.057725,0.04133,0.116657,,5198100,,
4,4,,0.05161,0.134531,0.103691,0.045754,0.325321,0.026457,0.076787,0.050841,0.154616,0.030392,,5204600,,
4,4,,0.224736,0.020629,0.043269,0.03828,0.251057,0.130417,0.006199,0.087797,0.026092,0.171525,,5048600,,
4,0,,0.278632,0.136857,0.096226,0.035383,0.181733,0.04256,0.016803,0.087289,0.028723,0.095794,,5148400,,
4,4,,0.284868,0.024475,0.038563,0.037293,0.389562,0.008999,0.075909,0.053026,0.041367,0.045939,,5106000,,
4,4,,0.0165,0.105194,0.078837,0.05803,0.408039,0.037211,0.103307,0.062336,0.080352,0.050193,,5130100,,
4,4,,0.263699,0.075488,0.064805,0.024536,0.323251,0.024496,0.050832,0.069072,0.03614,0.067682,,5005000,,
4,4,,0.097112,0.055189,0.057873,0.062892,0.198296,0.182092,0.019951,0.076886,0.078957,0.170751,,4950800,,
4,4,,0.047635,0.056454,0.058746,0.013498,0.476606,0.029281,0.159092,0.047335,0.089094,0.022257,,4997500,,
4,4,,0.030695,0.060064,0.061503,0.016692,0.487007,0.024341,0.160923,0.049899,0.091727,0.017148,,5033600,,
4,4,,0.029077,0.046102,0.046552,0.038561,0.449715,0.081547,0.110544,0.052151,0.074322,0.07143,,5064400,,
4,0,,0.303156,0.096518,0.063931,0.062326,0.256376,0.01708,0.050624,0.065953,0.032574,0.051463,,5095800,,
4,4,,0.030695,0.060064,0.060169,0.016692,0.491007,0.023008,0.160923,0.048566,0.091727,0.017148,,5093600,,
4,6,,0.026599,0.153074,0.093009,0.037326,0.175267,0.062525,0.23048,0.104472,0.08648,0.030767,,5088500,,
4,4,,0.030775,0.055756,0.060904,0.013454,0.492993,0.023844,0.17036,0.044226,0.091855,0.015833,,5049500,,
5,5,,0.018459,0.052351,0.064026,0.068489,0.061001,0.437736,0.012595,0.077399,0.041768,0.166176,,5024100,,
5,9,,0.242545,0.022964,0.039445,0.058186,0.095262,0.145978,0.006193,0.087123,0.029095,0.273209,,5016600,,
5,5,,0.018652,0.052103,0.060894,0.063617,0.064238,0.447099,0.01276,0.075039,0.040734,0.164864,,4998900,,
5,5,,0.018519,0.052611,0.084807,0.070149,0.080883,0.376964,0.012795,0.09718,0.041729,0.164363,,5047000,,
5,5,,0.038394,0.052363,0.061675,0.08496,0.06412,0.406962,0.01296,0.074819,0.040695,0.163052,,5174900,,
5,5,,0.018868,0.052202,0.060842,0.063717,0.062331,0.451099,0.01276,0.07522,0.040681,0.162279,,5028400,,
5,5,,0.018583,0.088063,0.05483,0.057922,0.062956,0.407236,0.01334,0.100612,0.040036,0.156423,,5795800,,
5,5,,0.01928,0.042817,0.043274,0.090499,0.079104,0.41057,0.082911,0.057503,0.047907,0.126135,,5832400,,
5,5,,0.018202,0.052611,0.064807,0.069831,0.060883,0.437599,0.012795,0.07718,0.041729,0.164363,,5826800,,
5,5,,0.021363,0.035624,0.047834,0.099766,0.05768,0.467197,0.013688,0.047215,0.041804,0.16783,,5842000,,
5,5,,0.00553,0.161893,0.132688,0.146517,0.030134,0.176311,0.012599,0.165645,0.065356,0.103327,,5825200,,
5,3,,0.007882,0.055256,0.087649,0.262945,0.030257,0.205979,0.014153,0.069222,0.062835,0.20382,,5808500,,
5,5,,0.006102,0.105597,0.085455,0.183499,0.036211,0.225937,0.013644,0.147513,0.052551,0.143491,,5786000,,
5,5,,0.021519,0.035463,0.047001,0.100705,0.076516,0.427594,0.013488,0.047616,0.04179,0.188308,,5769800,,
5,5,,0.02107,0.053378,0.042978,0.085059,0.067511,0.444805,0.014488,0.069132,0.039653,0.161926,,5788000,,
5,5,,0.037055,0.043043,0.058127,0.192839,0.056176,0.327667,0.013651,0.074817,0.037877,0.158749,,5514500,,
5,5,,0.006831,0.17254,0.118854,0.112893,0.033539,0.219087,0.015075,0.165894,0.05659,0.098697,,5053400,,
5,5,,0.007691,0.059889,0.070317,0.265483,0.028656,0.307769,0.023436,0.070659,0.059588,0.106513,,5041200,,
5,5,,0.021302,0.035364,0.047054,0.098105,0.057797,0.467969,0.013488,0.047434,0.041843,0.169643,,5061000,,
5,5,,0.018652,0.052103,0.080894,0.063617,0.064238,0.367099,0.01276,0.115039,0.040734,0.184864,,5021200,,
5,5,,0.020442,0.036191,0.053096,0.105349,0.054153,0.452813,0.022298,0.04983,0.042747,0.163081,,5132700,,
5,5,,0.052367,0.037035,0.106522,0.070358,0.072461,0.222137,0.05907,0.04042,0.152567,0.187064,,5171400,,
5,5,,0.019294,0.123196,0.09188,0.046669,0.062949,0.254676,0.058596,0.198131,0.053273,0.091336,,5106900,,
5,5,,0.020985,0.035364,0.047054,0.097788,0.117797,0.388604,0.013488,0.047434,0.041843,0.189643,,5116300,,
5,5,,0.02111,0.035612,0.050186,0.102977,0.05456,0.458606,0.013323,0.049795,0.042877,0.170954,,5031500,,
5,5,,0.006366,0.105358,0.108881,0.153247,0.055001,0.26644,0.012876,0.149137,0.049061,0.093633,,5030100,,
5,5,,0.018868,0.052202,0.060842,0.063717,0.062331,0.451099,0.01276,0.07522,0.040681,0.162279,,5058200,,
5,5,,0.017361,0.078965,0.050701,0.053296,0.085314,0.401296,0.062183,0.08282,0.046061,0.122004,,5026400,,
5,5,,0.018609,0.078293,0.053428,0.050262,0.07048,0.392683,0.014375,0.110557,0.038897,0.172415,,5043200,,
5,5,,0.02117,0.035873,0.050966,0.107137,0.055068,0.453459,0.013523,0.049575,0.042838,0.170392,,5060500,,
5,5,,0.018503,0.069958,0.039959,0.102331,0.087053,0.372865,0.051466,0.066788,0.04907,0.142007,,5115000,,
5,5,,0.021061,0.035654,0.067454,0.09335,0.063937,0.445915,0.022602,0.046206,0.041355,0.162466,,5033700,,
6,6,,0.036605,0.033756,0.077967,0.016007,0.110698,0.025951,0.536154,0.030217,0.122201,0.010444,,6156300,,
6,6,,0.036605,0.033756,0.077967,0.016007,0.110698,0.025951,0.536154,0.030217,0.122201,0.010444,,5087600,,
6,6,,0.024328,0.044745,0.070273,0.02161,0.221659,0.050795,0.372307,0.048309,0.114082,0.031893,,5105400,,
6,6,,0.029286,0.036411,0.071949,0.043122,0.121408,0.060842,0.445137,0.040503,0.112059,0.039282,,5157000,,
6,6,,0.021193,0.077228,0.106476,0.082667,0.069106,0.045109,0.372415,0.068582,0.131853,0.025371,,5072600,,
6,6,,0.036412,0.033564,0.117797,0.016007,0.110288,0.02475,0.496682,0.030025,0.124031,0.010444,,5117400,,
6,6,,0.023563,0.051958,0.100866,0.029667,0.093196,0.03564,0.480219,0.044385,0.123035,0.017469,,5118000,,
6,6,,0.036605,0.033756,0.077967,0.016007,0.110698,0.025951,0.536154,0.030217,0.122201,0.010444,,5004900,,
6,6,,0.036605,0.033756,0.077967,0.016007,0.110698,0.025951,0.536154,0.030217,0.122201,0.010444,,5102900,,
6,6,,0.02348,0.038279,0.098104,0.056248,0.147374,0.186764,0.234556,0.043328,0.081807,0.090061,,5111900,,
6,6,,0.036605,0.033756,0.077967,0.016007,0.110698,0.025951,0.536154,0.030217,0.122201,0.010444,,5048500,,
6,6,,0.036605,0.033756,0.077967,0.016007,0.110698,0.025951,0.536154,0.030217,0.122201,0.010444,,5056000,,
6,6,,0.036605,0.033756,0.077967,0.016007,0.110698,0.025951,0.536154,0.030217,0.122201,0.010444,,5127100,,
6,6,,0.036605,0.033756,0.077967,0.016007,0.110698,0.025951,0.536154,0.030217,0.122201,0.010444,,5116700,,
6,3,,0.013677,0.048308,0.141503,0.178547,0.062387,0.173784,0.137232,0.055245,0.12412,0.065197,,5115700,,
6,6,,0.036605,0.033756,0.077967,0.016007,0.110698,0.025951,0.536154,0.030217,0.122201,0.010444,,5092600,,
6,6,,0.036605,0.033756,0.077967,0.016007,0.110698,0.025951,0.536154,0.030217,0.122201,0.010444,,5082000,,
6,6,,0.035349,0.036135,0.077874,0.015536,0.126214,0.025396,0.494887,0.037606,0.140458,0.010545,,5088400,,
6,6,,0.029969,0.048408,0.083669,0.014821,0.198982,0.045499,0.370427,0.041363,0.151312,0.01555,,5027400,,
6,6,,0.036605,0.033756,0.077967,0.016007,0.110698,0.025951,0.536154,0.030217,0.122201,0.010444,,4989100,,
6,6,,0.036605,0.033756,0.077967,0.016007,0.110698,0.025951,0.536154,0.030217,0.122201,0.010444,,5038600,,
6,6,,0.036605,0.033756,0.077967,0.016007,0.110698,0.025951,0.536154,0.030217,0.122201,0.010444,,5044800,,
6,6,,0.020004,0.062137,0.067597,0.025749,0.203328,0.032067,0.407519,0.049706,0.109732,0.02216,,5078600,,
6,6,,0.036605,0.053756,0.077967,0.016007,0.110698,0.025951,0.516154,0.030217,0.122201,0.010444,,5075500,,
6,6,,0.036605,0.033756,0.077967,0.016007,0.110698,0.025951,0.536154,0.030217,0.122201,0.010444,,5061700,,
6,6,,0.036605,0.033756,0.077967,0.016007,0.110698,0.025951,0.536154,0.030217,0.122201,0.010444,,5147200,,
6,6,,0.036605,0.033756,0.077967,0.016007,0.110698,0.025951,0.536154,0.030217,0.122201,0.010444,,5083900,,
6,6,,0.036605,0.033756,0.077967,0.016007,0.110698,0.025951,0.536154,0.030217,0.122201,0.010444,,5115700,,
6,6,,0.024084,0.046604,0.100163,0.029563,0.133096,0.035141,0.452128,0.038575,0.124146,0.016501,,5078600,,
6,6,,0.036605,0.033756,0.077967,0.016007,0.110698,0.025951,0.536154,0.030217,0.122201,0.010444,,5034300,,
6,6,,0.024084,0.046604,0.100163,0.029563,0.093096,0.035141,0.492128,0.038575,0.124146,0.016501,,4988100,,
6,6,,0.036605,0.033756,0.077967,0.016007,0.110698,0.025951,0.536154,0.030217,0.122201,0.010444,,5060800,,
6,6,,0.035758,0.035226,0.075554,0.01574,0.14171,0.030202,0.506363,0.032059,0.116639,0.010749,,5036100,,
7,7,,0.004994,0.196775,0.084202,0.076948,0.031642,0.091516,0.016775,0.354444,0.067363,0.075341,,5012300,,
7,7,,0.005336,0.164563,0.081696,0.075113,0.033612,0.086372,0.015914,0.429753,0.044611,0.063029,,5126000,,
7,6,,0.016304,0.169632,0.117537,0.053428,0.098617,0.074636,0.198662,0.143291,0.085538,0.042354,,5055900,,
7,7,,0.005746,0.132869,0.115408,0.116759,0.029439,0.096881,0.012757,0.339572,0.049248,0.10132,,5071500,,
7,7,,0.013438,0.106317,0.067955,0.091939,0.167816,0.114932,0.088013,0.18941,0.070555,0.089625,,5069100,,
7,8,,0.022229,0.168223,0.06145,0.036205,0.135819,0.038745,0.118592,0.190855,0.193937,0.033943,,5081800,,
7,7,,0.01286,0.099513,0.187116,0.107086,0.068346,0.064021,0.028025,0.214569,0.144093,0.07437,,5062000,,
7,7,,0.005746,0.112869,0.115408,0.136759,0.029439,0.096881,0.012757,0.339572,0.049248,0.10132,,5117000,,
7,7,,0.004452,0.138603,0.10043,0.102202,0.032159,0.107555,0.014685,0.389791,0.041264,0.06886,,5098300,,
7,7,,0.006105,0.163985,0.091086,0.104823,0.058678,0.073013,0.049618,0.346343,0.05163,0.054719,,5075700,,
7,7,,0.006217,0.11469,0.093695,0.20465,0.031207,0.093991,0.013551,0.321882,0.042277,0.077842,,5279100,,
7,4,,0.021258,0.198585,0.094085,0.048776,0.217275,0.067434,0.0768,0.166634,0.067866,0.041287,,5026400,,
7,1,,0.019286,0.185772,0.08061,0.069208,0.126357,0.119927,0.0857,0.180313,0.064647,0.068179,,4987400,,
7,4,,0.025143,0.119876,0.094358,0.040205,0.20966,0.07026,0.151595,0.131601,0.107934,0.049368,,5035400,,
7,7,,0.006786,0.147456,0.093615,0.069024,0.058599,0.093506,0.061847,0.365939,0.049584,0.053644,,5008000,,
7,7,,0.00671,0.112642,0.113926,0.17452,0.02726,0.086507,0.012419,0.319027,0.053034,0.093956,,5009700,,
7,7,,0.017337,0.1802,0.074713,0.068202,0.070239,0.12556,0.071947,0.260945,0.068211,0.062645,,5038800,,
7,7,,0.005929,0.142734,0.076191,0.0694,0.074012,0.094109,0.050606,0.386555,0.047042,0.053421,,5067700,,
7,7,,0.006786,0.147456,0.113615,0.069024,0.058599,0.093506,0.061847,0.345939,0.049584,0.053644,,5058900,,
7,7,,0.006354,0.145905,0.092211,0.163662,0.030817,0.094712,0.013178,0.329473,0.044505,0.079183,,5065200,,
7,7,,0.005791,0.213993,0.073342,0.064294,0.074997,0.09681,0.051409,0.295009,0.070134,0.054221,,5134900,,
7,7,,0.042939,0.111616,0.104035,0.09644,0.053732,0.093834,0.010755,0.348031,0.049184,0.089435,,5128100,,
7,7,,0.006578,0.132925,0.11254,0.108408,0.078413,0.088036,0.058431,0.287078,0.062081,0.065511,,5100600,,
7,7,,0.047617,0.139638,0.120228,0.072676,0.098796,0.093912,0.073994,0.218787,0.083246,0.051105,,5122000,,
7,6,,0.031232,0.072126,0.103589,0.033673,0.074164,0.059853,0.267378,0.175069,0.161879,0.021036,,5048800,,
7,7,,0.005701,0.168045,0.114602,0.087186,0.03345,0.091564,0.023879,0.354785,0.048477,0.072311,,5122200,,
7,7,,0.029171,0.064184,0.113849,0.014125,0.177253,0.035435,0.192497,0.21303,0.123325,0.037132,,4998400,,
7,7,,0.017451,0.089983,0.056581,0.193624,0.071597,0.066467,0.084828,0.295019,0.075953,0.048496,,5076400,,
7,7,,0.005609,0.119549,0.114786,0.115115,0.029302,0.094054,0.013131,0.381982,0.047019,0.079452,,5112800,,
7,7,,0.005542,0.134551,0.109938,0.13463,0.030478,0.09362,0.013383,0.354607,0.045006,0.078244,,5165000,,
7,7,,0.011698,0.183531,0.119181,0.105832,0.106555,0.074937,0.063468,0.203478,0.073553,0.057766,,5063200,,
7,7,,0.005984,0.178716,0.084049,0.089266,0.029838,0.114605,0.013896,0.360905,0.051493,0.071247,,5147700,,
8,8,,0.045989,0.053266,0.156397,0.055969,0.037745,0.041465,0.100721,0.046726,0.421359,0.040363,,5137500,,
8,8,,0.090106,0.035464,0.105759,0.012455,0.088719,0.015403,0.175006,0.025125,0.430846,0.021117,,5092600,,
8,8,,0.025157,0.040906,0.153213,0.036126,0.059502,0.082706,0.158684,0.032221,0.318826,0.092661,,5109000,,
8,2,,0.082253,0.110576,0.17306,0.077574,0.056705,0.082247,0.058897,0.109743,0.148007,0.100938,,5187300,,
8,8,,0.089641,0.040882,0.090711,0.012455,0.068719,0.015403,0.175006,0.026302,0.46023,0.020652,,5096700,,
8,0,,0.310453,0.026812,0.06341,0.014246,0.127439,0.012135,0.138544,0.109937,0.152762,0.044262,,5074100,,
8,8,,0.051315,0.044801,0.124344,0.030595,0.066558,0.078429,0.100353,0.031834,0.397777,0.073993,,5043500,,
8,8,,0.050346,0.038209,0.112129,0.034198,0.068638,0.0796,0.100332,0.032898,0.403547,0.080102,,5044100,,
8,8,,0.087562,0.058919,0.178729,0.059361,0.050565,0.067474,0.130496,0.046979,0.282472,0.037443,,5121900,,
8,6,,0.026746,0.096398,0.116409,0.055092,0.058353,0.120552,0.166652,0.136601,0.145388,0.077809,,5108200,,
8,3,,0.016981,0.045173,0.142049,0.195411,0.032244,0.144338,0.077648,0.047871,0.186845,0.11144,,5119100,,
8,8,,0.034484,0.043097,0.132437,0.014946,0.119084,0.019835,0.234865,0.032249,0.356177,0.012825,,5292500,,
8,8,,0.123184,0.033055,0.076609,0.017271,0.097788,0.019108,0.205739,0.028971,0.379102,0.019173,,5099600,,
8,7,,0.009251,0.113754,0.107052,0.114363,0.034075,0.121248,0.012267,0.186827,0.116979,0.184185,,5138900,,
8,8,,0.124781,0.029819,0.129481,0.013742,0.080633,0.017793,0.245694,0.024073,0.314735,0.019249,,5079800,,
8,8,,0.059309,0.038268,0.136317,0.02681,0.054388,0.054543,0.142459,0.02798,0.403062,0.056864,,5100800,,
8,8,,0.095302,0.08952,0.119426,0.042301,0.061117,0.040061,0.128273,0.088538,0.290252,0.045211,,5225400,,
8,8,,0.041946,0.089526,0.106561,0.054885,0.107216,0.043069,0.078699,0.05687,0.377987,0.043241,,5100500,,
8,8,,0.026511,0.054431,0.118721,0.125874,0.08645,0.048595,0.163458,0.048941,0.247725,0.079294,,5183400,,
8,8,,0.015362,0.093677,0.131571,0.070243,0.082382,0.068638,0.139455,0.089185,0.236125,0.073361,,5158600,,
8,8,,0.065989,0.053266,0.176397,0.055969,0.037745,0.041465,0.120721,0.046726,0.361359,0.040363,,5139800,,
8,3,,0.016598,0.067688,0.120605,0.237964,0.040967,0.076157,0.061496,0.096673,0.192065,0.089786,,5042200,,
8,8,,0.148304,0.030545,0.090381,0.028519,0.057949,0.043803,0.150401,0.025948,0.355258,0.068891,,5124800,,
8,9,,0.029083,0.089237,0.125209,0.119507,0.037906,0.123983,0.012467,0.134936,0.134751,0.19292,,5115700,,
8,6,,0.034005,0.035752,0.197094,0.038974,0.121681,0.047494,0.328916,0.030687,0.155095,0.010302,,5077900,,
8,8,,0.086901,0.05381,0.196856,0.057138,0.044132,0.06303,0.130496,0.068156,0.241074,0.058407,,6074100,,
8,8,,0.031875,0.042785,0.123902,0.015201,0.119662,0.02023,0.211458,0.035389,0.382323,0.017177,,5910100,,
8,8,,0.016415,0.077155,0.114103,0.121931,0.028838,0.074519,0.04609,0.115204,0.333427,0.072318,,5119400,,
8,8,,0.087698,0.037652,0.110135,0.015422,0.060112,0.018147,0.14724,0.025788,0.476831,0.020975,,5134500,,
8,8,,0.00671,0.138851,0.123152,0.114634,0.027184,0.123358,0.012557,0.133863,0.185166,0.134525,,5114200,,
8,6,,0.035452,0.037917,0.165813,0.016234,0.167316,0.022686,0.315624,0.032171,0.195792,0.010995,,5053900,,
9,9,,0.024866,0.03732,0.044123,0.113444,0.048785,0.186298,0.013155,0.046251,0.045033,0.440726,,5173600,,
9,9,,0.024649,0.037221,0.044176,0.093344,0.050692,0.182298,0.013155,0.04607,0.045086,0.46331,,5053200,,
9,9,,0.011686,0.048171,0.057852,0.260838,0.031881,0.171785,0.014022,0.059787,0.05131,0.292667,,5063900,,
9,9,,0.022559,0.052076,0.059494,0.062056,0.053102,0.165807,0.012257,0.063286,0.046979,0.462385,,5144600,,
9,9,,0.286133,0.018829,0.033995,0.034176,0.108284,0.089231,0.002187,0.036282,0.026566,0.364316,,5981400,,
9,9,,0.023074,0.051386,0.053133,0.061741,0.055402,0.168028,0.012257,0.060816,0.047295,0.466867,,5074500,,
9,9,,0.022407,0.053608,0.06892,0.061482,0.054227,0.165656,0.012257,0.060923,0.043797,0.456724,,5094900,,
9,9,,0.022559,0.052076,0.059494,0.082056,0.055602,0.168307,0.012257,0.083286,0.066979,0.397385,,5075000,,
9,5,,0.038367,0.072301,0.101688,0.062572,0.060932,0.22871,0.012595,0.156973,0.041461,0.224401,,5050500,,
9,9,,0.215184,0.020434,0.037069,0.061203,0.114143,0.076251,0.001909,0.045416,0.035723,0.392669,,5101300,,
9,9,,0.201479,0.033423,0.056287,0.244516,0.056523,0.059027,0.002938,0.058606,0.037495,0.249706,,5096700,,
9,9,,0.019112,0.052651,0.08412,0.07002,0.056031,0.185742,0.012457,0.066116,0.048027,0.405724,,5096400,,
9,9,,0.021221,0.039721,0.044801,0.095559,0.050513,0.182298,0.013155,0.046409,0.046961,0.459364,,5135900,,
9,7,,0.008356,0.1364,0.08826,0.076904,0.041757,0.150817,0.014287,0.219389,0.049844,0.213986,,5157300,,
9,9,,0.236158,0.042412,0.039612,0.042001,0.122321,0.09954,0.002077,0.048,0.031707,0.336172,,5107000,,
9,9,,0.019861,0.037635,0.04969,0.151326,0.063144,0.195952,0.013155,0.049554,0.067532,0.352151,,5195100,,
9,1,,0.044721,0.233632,0.086447,0.190328,0.034219,0.086143,0.015135,0.102002,0.042026,0.165348,,5085100,,
9,9,,0.041953,0.059667,0.053567,0.05628,0.065318,0.185183,0.013176,0.063405,0.048189,0.413263,,5078400,,
9,9,,0.022559,0.072076,0.059494,0.062056,0.053102,0.165807,0.012257,0.083286,0.046979,0.422385,,5110100,,
9,3,,0.007178,0.060095,0.095876,0.311801,0.027778,0.151468,0.013785,0.071953,0.068101,0.191965,,5065200,,
9,1,,0.005608,0.17098,0.133486,0.110044,0.029578,0.13407,0.012965,0.16673,0.075584,0.160953,,5094600,,
9,3,,0.007378,0.055589,0.068145,0.368554,0.029753,0.188059,0.033985,0.067389,0.061669,0.119479,,5125600,,
9,5,,0.008271,0.091933,0.141266,0.089189,0.058959,0.186737,0.012805,0.178844,0.052261,0.179735,,5009700,,
9,9,,0.019268,0.05249,0.063287,0.06846,0.051742,0.168014,0.012257,0.086517,0.068013,0.409952,,5073400,,
9,9,,0.018816,0.038131,0.047245,0.106618,0.053507,0.217745,0.013155,0.047285,0.047856,0.409642,,5133000,,
9,3,,0.009075,0.144201,0.05704,0.262637,0.052353,0.124557,0.016726,0.114033,0.07194,0.147439,,5025700,,
9,9,,0.022342,0.051977,0.059546,0.061956,0.055008,0.161807,0.012257,0.063104,0.047031,0.46497,,5065600,,
9,9,,0.022559,0.052076,0.059494,0.062056,0.055602,0.168307,0.012257,0.083286,0.046979,0.437385,,5051700,,
9,0,,0.274146,0.022825,0.036131,0.151283,0.057183,0.088694,0.003079,0.04248,0.051074,0.273104,,5072700,,
9,9,,0.024649,0.037221,0.044176,0.093344,0.050692,0.182298,0.013155,0.04607,0.045086,0.46331,,5069900,,
9,9,,0.042342,0.051977,0.059546,0.061956,0.055008,0.161807,0.012257,0.083104,0.047031,0.42497,,5063300,,
9,9,,0.024649,0.037221,0.044176,0.093344,0.050692,0.182298,0.013155,0.04607,0.045086,0.46331,,5087400,,