semeion,CWE,test,3,NANOSECONDS,PREDICTIONS, Generated by ClassifierExperiments.java on 2022-05-15 22:14:41.    SYSTEMPROPERTIES:{user.name:matth,os.arch:amd64,os.name:Windows 10},ENDSYSTEMPROPERTIES
No parameter info
0.7925696594427245,1667630200,1946164300,-1,97457328,10,,-1,-1
0,0,,0.658158,0.016976,0.037249,0.000989,0.117841,0.00188,0.034762,0.009246,0.090801,0.032098,,6021700,,
0,0,,0.670046,0.017764,0.039714,0.001045,0.092081,0.002046,0.040299,0.009841,0.095024,0.03214,,6064500,,
0,0,,0.683158,0.016976,0.037249,0.000989,0.092841,0.00188,0.034762,0.009246,0.090801,0.032098,,5938700,,
0,9,,0.065514,0.056358,0.088128,0.079161,0.079763,0.188534,0.010709,0.08737,0.071176,0.273288,,6262500,,
0,0,,0.368148,0.035104,0.071338,0.007314,0.139928,0.012382,0.19216,0.027097,0.136008,0.010521,,5838100,,
0,0,,0.683158,0.016976,0.037249,0.000989,0.092841,0.00188,0.034762,0.009246,0.090801,0.032098,,5810600,,
0,0,,0.670772,0.01776,0.037572,0.001381,0.101791,0.002272,0.034608,0.010507,0.090339,0.032997,,6464200,,
0,0,,0.390215,0.038107,0.045103,0.050809,0.081378,0.131905,0.012222,0.041285,0.050385,0.15859,,5938400,,
0,0,,0.670772,0.01776,0.037572,0.001381,0.101791,0.002272,0.034608,0.010507,0.090339,0.032997,,6498500,,
0,0,,0.275252,0.054478,0.076884,0.010876,0.172096,0.020939,0.223887,0.029905,0.120415,0.015269,,6025000,,
0,0,,0.683158,0.016976,0.037249,0.000989,0.092841,0.00188,0.034762,0.009246,0.090801,0.032098,,5722200,,
0,0,,0.620187,0.020779,0.046319,0.001099,0.104711,0.003801,0.062791,0.012969,0.101066,0.026278,,5892700,,
0,0,,0.683158,0.016976,0.037249,0.000989,0.092841,0.00188,0.034762,0.009246,0.090801,0.032098,,5821800,,
0,0,,0.379353,0.037159,0.048093,0.052795,0.088161,0.132468,0.021632,0.043062,0.04723,0.150047,,5775700,,
0,9,,0.098362,0.103857,0.098379,0.082802,0.063678,0.137658,0.009139,0.108125,0.093382,0.204619,,5832800,,
0,0,,0.499008,0.027171,0.058991,0.006383,0.129589,0.00824,0.095138,0.015433,0.139502,0.020544,,5714500,,
0,0,,0.504476,0.048212,0.057393,0.022906,0.094675,0.0264,0.05249,0.032403,0.091679,0.069365,,5844300,,
0,0,,0.683158,0.016976,0.037249,0.000989,0.092841,0.00188,0.034762,0.009246,0.090801,0.032098,,5937300,,
0,0,,0.683158,0.016976,0.037249,0.000989,0.092841,0.00188,0.034762,0.009246,0.090801,0.032098,,5731200,,
0,0,,0.606853,0.02055,0.045744,0.003957,0.101607,0.006658,0.062676,0.018224,0.100721,0.033011,,5754000,,
0,0,,0.683158,0.016976,0.037249,0.000989,0.092841,0.00188,0.034762,0.009246,0.090801,0.032098,,6250300,,
0,0,,0.683158,0.016976,0.037249,0.000989,0.092841,0.00188,0.034762,0.009246,0.090801,0.032098,,5782000,,
0,0,,0.627483,0.017447,0.058797,0.001595,0.116604,0.001744,0.034627,0.012882,0.091878,0.036943,,5762400,,
0,0,,0.683158,0.016976,0.037249,0.000989,0.092841,0.00188,0.034762,0.009246,0.090801,0.032098,,6054900,,
0,0,,0.683158,0.016976,0.037249,0.000989,0.092841,0.00188,0.034762,0.009246,0.090801,0.032098,,5737900,,
0,0,,0.673166,0.01698,0.037197,0.001106,0.09854,0.002752,0.041391,0.01076,0.086704,0.031405,,5871400,,
0,0,,0.295374,0.040553,0.101698,0.04718,0.061034,0.107737,0.004982,0.059996,0.066114,0.215331,,6235600,,
0,0,,0.479008,0.027171,0.078991,0.006383,0.129589,0.00824,0.095138,0.015433,0.139502,0.020544,,5813700,,
0,0,,0.683158,0.016976,0.037249,0.000989,0.092841,0.00188,0.034762,0.009246,0.090801,0.032098,,5974700,,
0,0,,0.42528,0.036819,0.101658,0.030733,0.077034,0.028538,0.088572,0.028024,0.124596,0.058747,,5869500,,
0,0,,0.680523,0.015933,0.035934,0.000989,0.08968,0.001653,0.029864,0.008611,0.088953,0.04786,,5671200,,
0,0,,0.321791,0.026535,0.033264,0.036104,0.101216,0.128439,0.010163,0.060025,0.03854,0.243923,,5725100,,
0,0,,0.683158,0.016976,0.037249,0.000989,0.092841,0.00188,0.034762,0.009246,0.090801,0.032098,,5851800,,
1,1,,0.007222,0.287368,0.088369,0.131921,0.036211,0.114004,0.009721,0.18259,0.046426,0.096168,,5733100,,
1,1,,0.011805,0.285444,0.167531,0.086367,0.047209,0.069052,0.051008,0.116607,0.106666,0.058311,,5614200,,
1,1,,0.007819,0.273788,0.082084,0.192955,0.038115,0.108714,0.009263,0.128165,0.038216,0.12088,,5731600,,
1,1,,0.00653,0.222994,0.097852,0.11808,0.040408,0.10326,0.013757,0.216099,0.057839,0.123178,,5645400,,
1,1,,0.007938,0.313322,0.082831,0.129447,0.0376,0.103383,0.010669,0.169115,0.043083,0.102612,,5976000,,
1,1,,0.008979,0.214007,0.106239,0.19692,0.040213,0.116048,0.016547,0.133823,0.042699,0.124525,,5498000,,
1,1,,0.010824,0.222923,0.12378,0.092816,0.072555,0.083725,0.083043,0.136955,0.089254,0.084125,,5575400,,
1,1,,0.00738,0.301071,0.084514,0.132417,0.03854,0.111799,0.010513,0.170595,0.044337,0.098836,,5530200,,
1,1,,0.007179,0.209972,0.091856,0.150708,0.035767,0.146136,0.022284,0.180059,0.050004,0.106035,,5512500,,
1,1,,0.006591,0.290548,0.11317,0.150073,0.038646,0.104488,0.01036,0.151607,0.038721,0.095796,,5442800,,
1,7,,0.007931,0.199214,0.106361,0.155909,0.031973,0.128025,0.007264,0.202636,0.045853,0.114834,,5566900,,
1,1,,0.013804,0.292263,0.130789,0.089434,0.044192,0.071577,0.050708,0.129469,0.109018,0.068746,,5516700,,
1,2,,0.011373,0.164818,0.170409,0.090414,0.068949,0.098848,0.064671,0.131231,0.119003,0.080284,,5453300,,
1,1,,0.007193,0.257377,0.093057,0.134304,0.036444,0.115781,0.009581,0.202372,0.047228,0.096662,,5942600,,
1,1,,0.008884,0.257193,0.11995,0.111003,0.073202,0.091447,0.058512,0.154353,0.046494,0.078964,,5407300,,
1,1,,0.008014,0.234873,0.092081,0.141603,0.035668,0.12764,0.010135,0.190218,0.050148,0.10962,,5656700,,
1,1,,0.007184,0.30944,0.110712,0.124745,0.051904,0.097078,0.01338,0.146754,0.040293,0.09851,,5726000,,
1,0,,0.2689,0.159995,0.119857,0.0134,0.126721,0.016071,0.080869,0.043158,0.148424,0.022606,,5834600,,
1,1,,0.010017,0.189677,0.123985,0.10954,0.058779,0.101549,0.070008,0.16804,0.089247,0.079159,,5768000,,
1,1,,0.162425,0.228165,0.091734,0.041891,0.118329,0.036822,0.069045,0.08795,0.124948,0.038691,,5920800,,
1,4,,0.033763,0.166408,0.086498,0.053702,0.206738,0.050656,0.127324,0.113782,0.113149,0.04798,,5526300,,
1,1,,0.006979,0.229578,0.136334,0.138568,0.038047,0.119494,0.010201,0.1583,0.053979,0.10852,,5639000,,
1,1,,0.008945,0.26921,0.08553,0.09392,0.068946,0.12464,0.014305,0.139681,0.051745,0.143077,,5954100,,
1,1,,0.010881,0.248916,0.168333,0.097158,0.050227,0.080325,0.068157,0.117206,0.096191,0.062605,,5609200,,
1,1,,0.021454,0.240777,0.107903,0.103855,0.090084,0.086567,0.048642,0.170902,0.058741,0.071075,,5559200,,
1,1,,0.007618,0.223504,0.072778,0.216297,0.05661,0.132412,0.009572,0.1206,0.038337,0.122272,,6023900,,
1,4,,0.052743,0.121136,0.111483,0.01003,0.250247,0.018846,0.183408,0.055395,0.18243,0.014282,,5505900,,
1,6,,0.039279,0.176436,0.095451,0.039327,0.129221,0.038723,0.218972,0.084009,0.148133,0.030447,,5723500,,
1,1,,0.00854,0.207954,0.139214,0.120605,0.032368,0.108669,0.012811,0.193008,0.091427,0.085403,,5932200,,
1,1,,0.007519,0.255669,0.087819,0.134115,0.037596,0.114793,0.010774,0.204742,0.046293,0.100681,,5718700,,
1,1,,0.00782,0.20213,0.110799,0.153857,0.033736,0.130545,0.007264,0.191158,0.048447,0.114244,,5956000,,
1,1,,0.022345,0.23805,0.077732,0.101355,0.125651,0.087502,0.048999,0.168072,0.060958,0.069335,,5757100,,
1,1,,0.007222,0.312888,0.083487,0.130572,0.038155,0.108255,0.010748,0.171677,0.040995,0.096001,,5825000,,
2,1,,0.007329,0.197989,0.174956,0.15094,0.036669,0.121428,0.007016,0.147968,0.042277,0.113428,,5855000,,
2,3,,0.008152,0.114355,0.112133,0.294289,0.034918,0.126189,0.007355,0.125845,0.036713,0.140051,,6047600,,
2,2,,0.026932,0.106809,0.235202,0.097906,0.033477,0.083637,0.038263,0.129288,0.171187,0.077298,,5675400,,
2,2,,0.011989,0.100116,0.247472,0.110458,0.041575,0.082209,0.056572,0.11661,0.168018,0.064982,,5718600,,
2,6,,0.043612,0.045687,0.206798,0.011785,0.134866,0.020641,0.324832,0.038974,0.166054,0.006751,,5704400,,
2,2,,0.0073,0.153126,0.210624,0.153323,0.036389,0.123206,0.006876,0.149801,0.044256,0.115099,,5686200,,
2,2,,0.0073,0.147098,0.204232,0.166541,0.03556,0.123606,0.006876,0.149134,0.044175,0.115478,,6244000,,
2,7,,0.007161,0.146827,0.189712,0.152459,0.030998,0.120537,0.006876,0.191081,0.041043,0.113306,,5695800,,
2,5,,0.015115,0.099666,0.077585,0.099169,0.110528,0.253626,0.008635,0.115485,0.038518,0.181674,,5847300,,
2,1,,0.00787,0.278401,0.143193,0.130118,0.036073,0.096829,0.010563,0.149802,0.044474,0.102675,,5941000,,
2,7,,0.00919,0.125915,0.162825,0.137309,0.051185,0.153746,0.006949,0.164609,0.044199,0.144071,,5726800,,
2,3,,0.006739,0.141075,0.173732,0.196614,0.033471,0.127875,0.007061,0.152095,0.043981,0.117356,,5739200,,
2,2,,0.035096,0.049088,0.273283,0.026701,0.10483,0.026654,0.238213,0.047166,0.18146,0.01751,,6020900,,
2,1,,0.00787,0.286696,0.115951,0.142727,0.034508,0.097017,0.010563,0.161376,0.04445,0.098841,,5745600,,
2,7,,0.010472,0.137022,0.148625,0.155497,0.040457,0.139438,0.007488,0.167094,0.068518,0.125388,,6188400,,
2,1,,0.023252,0.187205,0.167116,0.085594,0.049744,0.071608,0.04616,0.167326,0.121968,0.080028,,6205500,,
2,5,,0.017856,0.067706,0.135406,0.083695,0.076268,0.208463,0.011841,0.116255,0.107557,0.174952,,6172500,,
2,2,,0.0073,0.150459,0.198624,0.153323,0.034889,0.123206,0.006876,0.167301,0.044256,0.113766,,5820200,,
2,2,,0.025947,0.11492,0.291547,0.094027,0.03379,0.070252,0.040558,0.102343,0.157311,0.069304,,5864900,,
2,2,,0.035096,0.049088,0.273283,0.026701,0.10483,0.026654,0.238213,0.047166,0.18146,0.01751,,6342500,,
2,6,,0.05507,0.049356,0.219682,0.010797,0.125698,0.017223,0.260929,0.037728,0.214559,0.008959,,6233500,,
2,7,,0.008089,0.150432,0.135318,0.15735,0.032929,0.131301,0.007029,0.212052,0.04948,0.116021,,6233500,,
2,2,,0.011687,0.124049,0.233867,0.120684,0.04632,0.100311,0.059231,0.133175,0.079644,0.091031,,5849100,,
2,2,,0.011038,0.115164,0.305631,0.100764,0.041313,0.074059,0.056186,0.124191,0.112343,0.059311,,6143100,,
2,6,,0.035096,0.049088,0.253283,0.026701,0.10483,0.026654,0.258213,0.047166,0.18146,0.01751,,5726000,,
2,6,,0.049784,0.077999,0.156848,0.04916,0.115957,0.04137,0.223706,0.077466,0.159727,0.047984,,5712500,,
2,2,,0.010787,0.143241,0.172278,0.150014,0.029534,0.126508,0.006888,0.141799,0.060727,0.158225,,6200500,,
2,2,,0.01079,0.150978,0.183065,0.17805,0.029565,0.111926,0.006735,0.151395,0.04913,0.128365,,5580500,,
2,1,,0.007738,0.217515,0.176225,0.118642,0.035703,0.098026,0.011846,0.16637,0.083598,0.084337,,6965900,,
2,6,,0.040418,0.076487,0.215096,0.027875,0.111718,0.02543,0.252135,0.050445,0.186846,0.01355,,6019100,,
2,1,,0.007383,0.164664,0.141005,0.140229,0.034341,0.137523,0.008838,0.154176,0.085697,0.126144,,5817000,,
2,2,,0.007858,0.153779,0.171684,0.155683,0.032322,0.124913,0.006956,0.167425,0.045548,0.133833,,6367500,,
3,3,,0.010429,0.127049,0.077473,0.31971,0.029644,0.119371,0.007886,0.110622,0.039913,0.157903,,5834900,,
3,3,,0.008637,0.112322,0.093919,0.352181,0.028549,0.127241,0.007653,0.111681,0.03646,0.121357,,5712700,,
3,3,,0.0084,0.1091,0.084257,0.357948,0.028375,0.128884,0.007479,0.116178,0.037335,0.122043,,6296200,,
3,3,,0.009986,0.101075,0.074215,0.367119,0.030522,0.144161,0.007869,0.105096,0.034938,0.125019,,6135000,,
3,3,,0.008637,0.108322,0.077919,0.351863,0.028549,0.127241,0.007653,0.111681,0.03646,0.141674,,6111800,,
3,3,,0.009359,0.09959,0.082795,0.311943,0.038882,0.164612,0.008703,0.108854,0.039566,0.135697,,6294400,,
3,3,,0.008514,0.1057,0.076118,0.36793,0.042903,0.124703,0.010752,0.109389,0.036215,0.117777,,6672700,,
3,3,,0.009231,0.121185,0.078426,0.312014,0.031532,0.149378,0.00741,0.124265,0.037833,0.128727,,6066400,,
3,5,,0.013399,0.110333,0.080904,0.173319,0.07154,0.237553,0.008595,0.099912,0.038576,0.165868,,5841400,,
3,3,,0.007986,0.114681,0.082948,0.319455,0.028702,0.12911,0.007341,0.11623,0.036834,0.156711,,5624700,,
3,3,,0.0084,0.1091,0.083586,0.361347,0.028375,0.127975,0.007479,0.116178,0.037335,0.120225,,5695200,,
3,9,,0.014068,0.099142,0.069968,0.234891,0.032948,0.134696,0.007025,0.098948,0.053434,0.254879,,5542000,,
3,3,,0.019538,0.073662,0.133192,0.183454,0.070581,0.172057,0.059441,0.0775,0.074942,0.135633,,5650400,,
3,3,,0.009392,0.124163,0.079724,0.298915,0.03238,0.129326,0.007703,0.125243,0.043317,0.149836,,5937900,,
3,3,,0.011257,0.109435,0.076443,0.347407,0.026837,0.117072,0.007512,0.106888,0.039588,0.157561,,6350100,,
3,3,,0.008223,0.113904,0.077952,0.326574,0.038876,0.129285,0.007515,0.111732,0.03596,0.149979,,6385600,,
3,3,,0.009028,0.145083,0.084612,0.266037,0.04896,0.134391,0.007995,0.133207,0.039928,0.13076,,6660300,,
3,3,,0.0084,0.1091,0.083586,0.361347,0.028375,0.127975,0.007479,0.116178,0.037335,0.120225,,6490600,,
3,3,,0.008637,0.108322,0.077919,0.371863,0.028549,0.127241,0.007653,0.111681,0.03646,0.121674,,6465000,,
3,3,,0.008637,0.108322,0.077919,0.352706,0.028549,0.12703,0.007653,0.111681,0.03646,0.141043,,6366300,,
3,3,,0.008637,0.108322,0.07859,0.368465,0.028549,0.12815,0.007653,0.111681,0.03646,0.123493,,6442500,,
3,3,,0.007876,0.141934,0.147857,0.207956,0.029983,0.115595,0.006798,0.182129,0.041603,0.118269,,6612000,,
3,3,,0.009116,0.110615,0.083601,0.336554,0.02728,0.124012,0.007401,0.113617,0.039152,0.148654,,5599200,,
3,3,,0.014352,0.088544,0.151412,0.247823,0.047585,0.107968,0.066016,0.094019,0.084293,0.097988,,5829300,,
3,3,,0.008637,0.108322,0.077919,0.371863,0.028549,0.127241,0.007653,0.111681,0.03646,0.121674,,5890600,,
3,3,,0.009087,0.113352,0.080258,0.35637,0.031088,0.126937,0.007468,0.116245,0.03696,0.122235,,5568100,,
3,3,,0.011377,0.107615,0.090804,0.35881,0.028387,0.117464,0.012067,0.106166,0.045698,0.121612,,5693000,,
3,3,,0.112917,0.117664,0.09219,0.159767,0.097609,0.092892,0.002885,0.152233,0.037964,0.13388,,5996900,,
3,3,,0.007809,0.125936,0.078949,0.343849,0.031357,0.129539,0.008027,0.115415,0.036785,0.122334,,5677900,,
3,3,,0.008028,0.136321,0.10614,0.22062,0.032772,0.123975,0.007203,0.210039,0.041857,0.113045,,5814700,,
3,3,,0.008589,0.105473,0.086562,0.298739,0.027818,0.178337,0.00855,0.115626,0.040924,0.129381,,5699900,,
3,3,,0.015464,0.089903,0.071452,0.247309,0.050419,0.223032,0.008804,0.098027,0.038342,0.157246,,5568900,,
4,4,,0.013043,0.127141,0.108609,0.085533,0.186898,0.127436,0.037406,0.143611,0.046209,0.124113,,5755300,,
4,4,,0.044438,0.070045,0.086436,0.007929,0.317674,0.01685,0.23715,0.044141,0.16039,0.014947,,5840700,,
4,4,,0.042946,0.053896,0.085058,0.008771,0.379295,0.019012,0.234614,0.045619,0.118504,0.012286,,5658600,,
4,4,,0.019964,0.064669,0.058417,0.069573,0.269007,0.196166,0.037421,0.083656,0.040606,0.160523,,5748900,,
4,4,,0.019775,0.061421,0.057241,0.069102,0.278713,0.195599,0.040049,0.078761,0.039993,0.159347,,5637900,,
4,4,,0.036675,0.115561,0.08303,0.035522,0.30385,0.036366,0.154162,0.107213,0.097119,0.030503,,5592900,,
4,0,,0.319547,0.047963,0.056138,0.004852,0.318614,0.008303,0.123061,0.02988,0.067646,0.023996,,5464300,,
4,0,,0.590772,0.03776,0.037572,0.001381,0.161791,0.002272,0.034608,0.010507,0.090339,0.032997,,5603600,,
4,4,,0.042946,0.053896,0.085058,0.008771,0.359613,0.019012,0.254614,0.045301,0.118504,0.012286,,5865400,,
4,4,,0.136613,0.046523,0.051135,0.074413,0.234685,0.191927,0.003325,0.062049,0.02565,0.173679,,6041100,,
4,5,,0.017052,0.115515,0.061885,0.087754,0.172213,0.210456,0.010584,0.089908,0.036635,0.198,,5805800,,
4,4,,0.041413,0.061318,0.149917,0.011394,0.31657,0.020418,0.206187,0.048646,0.132732,0.011403,,5653200,,
4,4,,0.042232,0.053452,0.085373,0.008771,0.322801,0.039403,0.271878,0.045301,0.118504,0.012286,,5638100,,
4,4,,0.150162,0.102405,0.061561,0.047535,0.273332,0.036606,0.132274,0.084368,0.077579,0.034177,,5544800,,
4,0,,0.253018,0.029423,0.034023,0.034245,0.222568,0.13407,0.010172,0.045182,0.037409,0.199889,,5890900,,
4,4,,0.038629,0.088866,0.099955,0.032617,0.281485,0.043893,0.185136,0.102034,0.09713,0.030253,,6003100,,
4,4,,0.042946,0.053896,0.085058,0.008771,0.359295,0.039012,0.234614,0.045619,0.118504,0.012286,,5709200,,
4,6,,0.034998,0.068545,0.187903,0.027724,0.183852,0.024466,0.218244,0.05043,0.186023,0.017816,,5647900,,
4,4,,0.045532,0.084535,0.143976,0.025875,0.230805,0.053432,0.163774,0.066479,0.163921,0.02167,,5877100,,
4,0,,0.292597,0.030035,0.04107,0.010961,0.28059,0.041047,0.08037,0.085676,0.056512,0.081141,,5703900,,
4,4,,0.019504,0.066821,0.05814,0.070462,0.279362,0.191313,0.039959,0.08198,0.039321,0.153139,,5601200,,
4,4,,0.036762,0.125913,0.080683,0.042058,0.255827,0.043022,0.153658,0.116627,0.113671,0.031779,,5853400,,
4,4,,0.040239,0.064494,0.074449,0.019778,0.382942,0.058961,0.156537,0.05914,0.100116,0.043344,,5578200,,
4,4,,0.056247,0.056355,0.08377,0.009186,0.370348,0.019413,0.226448,0.049918,0.114893,0.013421,,5771000,,
4,4,,0.042946,0.053896,0.085058,0.008771,0.379295,0.019012,0.234614,0.045619,0.118504,0.012286,,5776200,,
4,4,,0.031897,0.105408,0.18239,0.035606,0.206359,0.030924,0.175624,0.074543,0.133132,0.024117,,5746300,,
4,4,,0.013264,0.141053,0.133244,0.109668,0.1777,0.107965,0.036742,0.146468,0.046322,0.087573,,5693800,,
4,4,,0.049972,0.098625,0.085176,0.034773,0.340509,0.036736,0.150184,0.085061,0.087381,0.031582,,5904100,,
4,9,,0.060933,0.069576,0.063782,0.10034,0.162218,0.183652,0.007204,0.092373,0.037848,0.222075,,5730600,,
4,4,,0.054431,0.083373,0.086488,0.007813,0.278324,0.015978,0.210521,0.042945,0.204487,0.015641,,5845800,,
4,0,,0.348126,0.025044,0.056241,0.00393,0.297222,0.008252,0.149607,0.02452,0.069231,0.017827,,6398100,,
4,4,,0.042946,0.053896,0.085058,0.008771,0.379295,0.019012,0.234614,0.045619,0.118504,0.012286,,5929800,,
4,4,,0.042946,0.053896,0.085058,0.008771,0.379295,0.019012,0.234614,0.045619,0.118504,0.012286,,6231800,,
5,5,,0.017075,0.068325,0.061358,0.13081,0.07092,0.328496,0.00783,0.0816,0.038219,0.195367,,5942400,,
5,3,,0.007773,0.126957,0.078802,0.236303,0.032045,0.198048,0.029685,0.119788,0.042994,0.127606,,5902100,,
5,5,,0.016396,0.06734,0.062759,0.111858,0.063968,0.359868,0.007875,0.081855,0.037393,0.190688,,6073100,,
5,6,,0.031874,0.117671,0.085994,0.073364,0.157322,0.106044,0.165374,0.112239,0.087414,0.062704,,6158200,,
5,5,,0.016694,0.08231,0.067162,0.103468,0.07602,0.342882,0.008115,0.084795,0.036892,0.181662,,6006000,,
5,5,,0.015179,0.074489,0.066366,0.118069,0.051405,0.354022,0.007331,0.088244,0.039605,0.18529,,6224900,,
5,5,,0.015672,0.065956,0.061179,0.109072,0.062684,0.359889,0.019713,0.07928,0.039477,0.187077,,5784000,,
5,5,,0.014347,0.105338,0.079202,0.125027,0.078985,0.284412,0.007955,0.107259,0.035746,0.161728,,5698500,,
5,5,,0.017912,0.09743,0.069945,0.141767,0.087491,0.268376,0.008439,0.110497,0.036139,0.162004,,7624300,,
5,5,,0.016258,0.072642,0.06356,0.114367,0.054027,0.366657,0.007457,0.084878,0.037412,0.182744,,5997400,,
5,5,,0.008171,0.155188,0.091015,0.142572,0.034236,0.222323,0.009293,0.173086,0.052266,0.11185,,8073900,,
5,5,,0.016306,0.074208,0.065126,0.116765,0.059856,0.342431,0.007677,0.088373,0.039576,0.189683,,6543900,,
5,5,,0.015047,0.074587,0.066464,0.11692,0.061995,0.3439,0.007659,0.08844,0.038915,0.186074,,6495900,,
5,5,,0.01841,0.069265,0.12167,0.098922,0.064601,0.265786,0.058608,0.07505,0.075541,0.152146,,6517900,,
5,5,,0.012616,0.124868,0.091902,0.1597,0.037892,0.187915,0.007352,0.154769,0.04543,0.177558,,6894400,,
5,5,,0.016425,0.085741,0.061541,0.093139,0.08344,0.339976,0.00903,0.091634,0.039089,0.179984,,7807700,,
5,5,,0.015949,0.071939,0.072598,0.11267,0.06358,0.341198,0.007484,0.083694,0.038803,0.192085,,14610100,,
5,5,,0.017912,0.09743,0.069945,0.141767,0.087491,0.268376,0.008439,0.110497,0.036139,0.162004,,8727000,,
5,5,,0.015093,0.089706,0.062956,0.108711,0.052278,0.348167,0.007754,0.093009,0.039384,0.182942,,6573600,,
5,5,,0.017154,0.092974,0.070356,0.125534,0.054928,0.321767,0.019586,0.105566,0.037554,0.154581,,9008600,,
5,9,,0.022619,0.075168,0.058278,0.094641,0.105464,0.204314,0.019546,0.081784,0.044266,0.29392,,7307100,,
5,5,,0.016528,0.067242,0.062661,0.113007,0.053378,0.370943,0.007547,0.081659,0.038083,0.188952,,8333400,,
5,5,,0.008089,0.137649,0.10232,0.155111,0.031172,0.226895,0.007332,0.167821,0.049093,0.114517,,7369500,,
5,5,,0.014373,0.090076,0.062426,0.122245,0.051297,0.3457,0.007546,0.09136,0.038212,0.176766,,6782600,,
5,5,,0.015949,0.068606,0.062598,0.112115,0.062469,0.35974,0.007181,0.081168,0.038248,0.191927,,6597100,,
5,5,,0.096383,0.064411,0.07753,0.094612,0.073025,0.218807,0.042993,0.071041,0.086475,0.174722,,7037500,,
5,5,,0.017618,0.086086,0.059676,0.088372,0.116538,0.308479,0.009847,0.094366,0.038316,0.180703,,7509200,,
5,5,,0.015685,0.066002,0.066944,0.110696,0.067324,0.348323,0.019183,0.081453,0.03949,0.184899,,5874600,,
5,5,,0.016174,0.074306,0.065224,0.115615,0.070445,0.333261,0.008005,0.088569,0.038886,0.189514,,5963600,,
5,5,,0.015672,0.065956,0.061179,0.109072,0.062684,0.359889,0.019713,0.07928,0.039477,0.187077,,5832900,,
5,5,,0.015179,0.074489,0.066366,0.118069,0.051405,0.354022,0.007331,0.088244,0.039605,0.18529,,6792400,,
5,5,,0.016528,0.067242,0.062661,0.113007,0.053378,0.369991,0.007547,0.081659,0.038083,0.189904,,5785000,,
6,6,,0.044526,0.038237,0.102244,0.010053,0.144773,0.021986,0.441201,0.036047,0.1533,0.007633,,5626200,,
6,6,,0.044722,0.038237,0.102636,0.010053,0.145753,0.022182,0.439437,0.036047,0.1533,0.007633,,6471600,,
6,6,,0.043612,0.045687,0.127758,0.011785,0.135255,0.04391,0.380787,0.038974,0.165482,0.006751,,5968200,,
6,6,,0.044722,0.038237,0.102636,0.010053,0.145753,0.022182,0.419437,0.036047,0.1733,0.007633,,5613600,,
6,6,,0.044722,0.038237,0.110636,0.010053,0.147753,0.021965,0.429654,0.036047,0.1533,0.007633,,5611100,,
6,6,,0.039764,0.04749,0.13091,0.017693,0.130472,0.026517,0.393932,0.040748,0.163343,0.009132,,5536500,,
6,6,,0.040421,0.038743,0.104204,0.01333,0.147315,0.029925,0.427334,0.037857,0.147758,0.013113,,5994200,,
6,6,,0.044722,0.038237,0.102636,0.010053,0.145753,0.022182,0.439437,0.036047,0.1533,0.007633,,5950600,,
6,6,,0.037743,0.052034,0.088069,0.014467,0.248327,0.022842,0.339776,0.05144,0.128922,0.01638,,5756500,,
6,6,,0.044722,0.038237,0.102636,0.010053,0.145753,0.022182,0.439437,0.036047,0.1533,0.007633,,5747300,,
6,6,,0.057834,0.037449,0.100171,0.009998,0.146513,0.022016,0.433899,0.035452,0.149076,0.007592,,5610900,,
6,6,,0.044722,0.038237,0.102636,0.010053,0.145753,0.022182,0.439437,0.036047,0.1533,0.007633,,5594100,,
6,6,,0.043444,0.040736,0.096867,0.009788,0.164742,0.021351,0.415828,0.041808,0.156195,0.00924,,5955100,,
6,6,,0.044722,0.038237,0.102636,0.010053,0.145753,0.022182,0.419437,0.056047,0.1533,0.007633,,6438500,,
6,6,,0.044722,0.038237,0.102636,0.010053,0.145753,0.022182,0.439437,0.036047,0.1533,0.007633,,5803800,,
6,5,,0.026287,0.099233,0.135305,0.120801,0.068641,0.147148,0.133696,0.09767,0.083638,0.087581,,6273200,,
6,6,,0.044722,0.038237,0.102636,0.010053,0.145753,0.022182,0.439437,0.036047,0.1533,0.007633,,5984800,,
6,6,,0.044722,0.038237,0.102636,0.010053,0.145753,0.022182,0.439437,0.036047,0.1533,0.007633,,6257000,,
6,6,,0.038185,0.060304,0.127787,0.015436,0.129301,0.046517,0.370656,0.042464,0.159845,0.009506,,6543900,,
6,1,,0.01218,0.21121,0.118329,0.087594,0.061193,0.076051,0.12605,0.124464,0.125041,0.057887,,5641200,,
6,6,,0.045141,0.040778,0.108629,0.009072,0.170981,0.019801,0.412556,0.03647,0.14863,0.007941,,6489000,,
6,6,,0.038185,0.060304,0.131787,0.015436,0.137301,0.02566,0.355513,0.066464,0.159845,0.009506,,6387300,,
6,6,,0.044722,0.038237,0.102636,0.010053,0.145753,0.022182,0.439437,0.036047,0.1533,0.007633,,6832800,,
6,6,,0.044722,0.038237,0.102636,0.010053,0.145753,0.022182,0.419437,0.036047,0.1733,0.007633,,7722800,,
6,6,,0.042254,0.045192,0.092301,0.009804,0.209912,0.023034,0.389101,0.043482,0.132836,0.012084,,5995900,,
6,6,,0.057834,0.037449,0.100171,0.009998,0.146513,0.022016,0.433899,0.035452,0.149076,0.007592,,6084300,,
6,6,,0.058253,0.03999,0.099982,0.009017,0.169741,0.019635,0.415201,0.035875,0.144407,0.0079,,5788000,,
6,6,,0.043612,0.045687,0.127758,0.011785,0.135255,0.021052,0.383644,0.058974,0.165482,0.006751,,5800000,,
6,6,,0.044526,0.038237,0.102244,0.010053,0.144773,0.021986,0.441201,0.036047,0.1533,0.007633,,6195800,,
6,6,,0.040782,0.052302,0.086394,0.009345,0.218032,0.023064,0.365995,0.054745,0.136427,0.012914,,5765700,,
6,6,,0.044722,0.038237,0.102636,0.010053,0.145753,0.022182,0.439437,0.036047,0.1533,0.007633,,5626000,,
6,6,,0.044722,0.038237,0.102636,0.010053,0.145753,0.022182,0.439437,0.036047,0.1533,0.007633,,6220100,,
6,6,,0.044722,0.038237,0.102636,0.010053,0.145753,0.022182,0.439437,0.036047,0.1533,0.007633,,5803500,,
7,7,,0.010124,0.18817,0.083292,0.1121,0.073056,0.098448,0.035827,0.266289,0.05223,0.080464,,6362900,,
7,7,,0.009722,0.163505,0.101376,0.125323,0.067421,0.095382,0.037604,0.252408,0.047904,0.099355,,6191800,,
7,4,,0.036513,0.095496,0.086924,0.01141,0.246298,0.022046,0.22335,0.11899,0.131596,0.027378,,5810700,,
7,7,,0.00962,0.172234,0.098467,0.131901,0.035671,0.13688,0.01034,0.19159,0.057467,0.155831,,5761400,,
7,7,,0.015324,0.178796,0.087311,0.113846,0.089056,0.105722,0.038391,0.234871,0.054366,0.082317,,5636200,,
7,7,,0.081207,0.102912,0.10267,0.112185,0.069519,0.095533,0.002635,0.275789,0.030832,0.126717,,5731200,,
7,7,,0.053734,0.123153,0.096103,0.139822,0.042873,0.125246,0.00691,0.248402,0.041431,0.122324,,6300600,,
7,6,,0.039632,0.085283,0.159388,0.038011,0.163323,0.023684,0.23529,0.070595,0.166367,0.018428,,5943900,,
7,7,,0.008014,0.168277,0.092341,0.14139,0.034391,0.162074,0.009225,0.225853,0.049026,0.109407,,5799900,,
7,7,,0.00778,0.150028,0.140055,0.153896,0.033788,0.128015,0.008567,0.211209,0.054537,0.112124,,5773100,,
7,7,,0.008801,0.162953,0.097285,0.109625,0.076416,0.116242,0.010596,0.265723,0.058158,0.094201,,5527500,,
7,7,,0.007493,0.173358,0.105581,0.129164,0.034261,0.111453,0.00902,0.288195,0.039903,0.101572,,5856700,,
7,7,,0.009237,0.154701,0.080936,0.109381,0.068255,0.094141,0.049799,0.31083,0.049206,0.073514,,6128800,,
7,7,,0.009201,0.149441,0.148896,0.146805,0.034107,0.09918,0.009514,0.202993,0.107906,0.091957,,6038100,,
7,4,,0.04184,0.087064,0.106774,0.013958,0.261833,0.021534,0.224559,0.085833,0.143619,0.012986,,5995900,,
7,7,,0.010412,0.135879,0.103421,0.156727,0.028865,0.112521,0.006888,0.250665,0.045304,0.149319,,6017300,,
7,7,,0.021965,0.168008,0.076976,0.102673,0.075556,0.093468,0.061024,0.265221,0.065104,0.070004,,5856200,,
7,7,,0.010359,0.182663,0.08075,0.110409,0.056704,0.099561,0.054599,0.25263,0.068404,0.083922,,5607200,,
7,4,,0.032438,0.114374,0.09062,0.038662,0.210139,0.037826,0.1708,0.168953,0.103326,0.032862,,5783600,,
7,7,,0.006452,0.203178,0.125999,0.133194,0.040022,0.10884,0.008798,0.231018,0.040404,0.102095,,5845400,,
7,1,,0.028493,0.168799,0.093026,0.094629,0.074668,0.1548,0.089428,0.157525,0.065187,0.073444,,5947100,,
7,3,,0.006834,0.148554,0.130695,0.180449,0.034155,0.125603,0.008886,0.179887,0.094863,0.090074,,6053600,,
7,7,,0.009372,0.156134,0.105231,0.142917,0.031602,0.120945,0.007373,0.202638,0.053148,0.17064,,6357700,,
7,7,,0.008847,0.140349,0.108393,0.154933,0.031824,0.132193,0.007029,0.232199,0.053657,0.130575,,6776900,,
7,7,,0.009535,0.150536,0.082227,0.110975,0.081614,0.090356,0.037211,0.310299,0.051759,0.075487,,6176200,,
7,1,,0.060943,0.223615,0.104055,0.104164,0.042583,0.081729,0.056538,0.145808,0.09404,0.086524,,5604300,,
7,7,,0.008825,0.175829,0.096878,0.133719,0.033121,0.114528,0.008333,0.269954,0.052235,0.106579,,6306400,,
7,7,,0.143307,0.099294,0.078681,0.089296,0.113245,0.067674,0.02943,0.263558,0.037611,0.077905,,5803300,,
7,4,,0.037552,0.117306,0.15382,0.019548,0.218391,0.047748,0.183131,0.064271,0.141454,0.016779,,5915100,,
7,7,,0.01987,0.154195,0.160075,0.099621,0.063043,0.083332,0.102869,0.165277,0.077906,0.073812,,6144200,,
7,7,,0.009269,0.140817,0.114337,0.181795,0.029783,0.121151,0.007405,0.214131,0.060809,0.120504,,5744700,,
7,7,,0.007248,0.160792,0.119614,0.120718,0.03208,0.102434,0.009545,0.283035,0.080287,0.084246,,5737400,,
8,6,,0.044237,0.042761,0.104288,0.008448,0.168427,0.01764,0.305481,0.03689,0.243022,0.028806,,6058100,,
8,8,,0.1378,0.045455,0.129254,0.009865,0.083359,0.014109,0.198775,0.030466,0.337363,0.013554,,5918100,,
8,9,,0.059216,0.095632,0.108386,0.126362,0.034221,0.142869,0.00645,0.169166,0.052264,0.205434,,6028400,,
8,8,,0.11929,0.05679,0.189543,0.024849,0.068088,0.023191,0.146532,0.057812,0.29181,0.022097,,5865200,,
8,8,,0.1378,0.065455,0.133395,0.009865,0.083359,0.014109,0.199684,0.031375,0.291403,0.033554,,5837000,,
8,8,,0.117078,0.059382,0.178474,0.024685,0.116114,0.024137,0.111604,0.048771,0.294765,0.024989,,5792900,,
8,6,,0.062725,0.040964,0.107494,0.009677,0.164579,0.02024,0.306217,0.049988,0.228483,0.009632,,5787000,,
8,2,,0.124953,0.112893,0.169435,0.085438,0.060728,0.077782,0.031209,0.119207,0.141536,0.076819,,5841000,,
8,6,,0.041399,0.054542,0.106714,0.048884,0.122302,0.042696,0.275288,0.064008,0.184355,0.059812,,6195600,,
8,0,,0.32209,0.025855,0.059935,0.007125,0.212959,0.007331,0.141262,0.041941,0.134831,0.04667,,5950200,,
8,8,,0.138714,0.038006,0.110104,0.008133,0.092877,0.015043,0.257241,0.028448,0.296998,0.014436,,5744700,,
8,8,,0.178702,0.043557,0.165897,0.017204,0.072454,0.016157,0.156024,0.043451,0.286153,0.020402,,6074500,,
8,8,,0.035107,0.070842,0.173667,0.026188,0.101808,0.025995,0.230513,0.046906,0.270993,0.017983,,5979400,,
8,8,,0.097684,0.092069,0.1363,0.029989,0.101634,0.034104,0.164983,0.052097,0.259923,0.031218,,6036500,,
8,7,,0.011387,0.156703,0.091247,0.141178,0.03314,0.129406,0.008912,0.169935,0.105132,0.15296,,6248800,,
8,8,,0.091531,0.073503,0.142368,0.055148,0.154864,0.02529,0.106058,0.049387,0.254811,0.04704,,5778000,,
8,2,,0.017372,0.112017,0.218301,0.168519,0.043094,0.071726,0.052529,0.083926,0.155861,0.076656,,6289600,,
8,8,,0.095607,0.076684,0.16912,0.020051,0.081573,0.022713,0.165834,0.042488,0.264067,0.061861,,5976200,,
8,6,,0.064945,0.054778,0.099848,0.009072,0.167613,0.019411,0.345292,0.04047,0.19063,0.007941,,5746400,,
8,6,,0.044145,0.062778,0.096746,0.044655,0.149532,0.054228,0.214391,0.071609,0.200713,0.061203,,5845000,,
8,4,,0.076456,0.076612,0.076586,0.029976,0.223087,0.093205,0.176304,0.07361,0.122983,0.051181,,5693000,,
8,3,,0.01394,0.0827,0.112573,0.16506,0.075137,0.131295,0.114483,0.091336,0.089956,0.123522,,5696800,,
8,6,,0.054399,0.039801,0.102382,0.011434,0.153875,0.01839,0.330615,0.039756,0.239443,0.009906,,6123800,,
8,8,,0.05507,0.049356,0.131904,0.010797,0.122365,0.017223,0.257595,0.037728,0.309003,0.008959,,5794300,,
8,8,,0.09394,0.050991,0.193233,0.025233,0.070125,0.023791,0.164379,0.043063,0.313507,0.021737,,5799800,,
8,8,,0.165128,0.037215,0.103564,0.0081,0.089891,0.015899,0.232434,0.027028,0.306616,0.014126,,6055100,,
8,8,,0.025374,0.106405,0.175534,0.114453,0.034337,0.080351,0.039802,0.118445,0.231898,0.073401,,7961900,,
8,6,,0.038888,0.061018,0.11189,0.100925,0.115782,0.044106,0.227302,0.07961,0.166997,0.053483,,7237100,,
8,8,,0.138714,0.038006,0.107881,0.008133,0.092877,0.015043,0.237241,0.048448,0.279221,0.034436,,7055400,,
8,8,,0.118609,0.048316,0.208403,0.030351,0.066001,0.024588,0.147298,0.048476,0.286789,0.021168,,6598100,,
8,8,,0.016014,0.097346,0.165056,0.099284,0.044809,0.09575,0.048808,0.10454,0.212048,0.116345,,5925900,,
9,9,,0.025351,0.081979,0.057356,0.094325,0.066982,0.173529,0.00747,0.088057,0.043664,0.361286,,5825600,,
9,9,,0.02038,0.068138,0.060195,0.107943,0.051845,0.196173,0.006658,0.07996,0.044457,0.364252,,6019000,,
9,9,,0.026445,0.067248,0.058597,0.103373,0.052167,0.175409,0.006306,0.075899,0.043962,0.390595,,5955500,,
9,9,,0.025149,0.084688,0.07915,0.088609,0.063165,0.175666,0.007889,0.109068,0.045071,0.321544,,5733400,,
9,9,,0.010957,0.138551,0.139544,0.15188,0.037644,0.127066,0.007337,0.137684,0.050385,0.198952,,6264600,,
9,7,,0.007682,0.173318,0.113913,0.114543,0.03507,0.120472,0.032974,0.220546,0.079459,0.102022,,5735100,,
9,9,,0.06435,0.094982,0.081319,0.080849,0.099286,0.135185,0.015026,0.117085,0.076447,0.235471,,5760200,,
9,9,,0.183723,0.038603,0.043039,0.058788,0.104214,0.15075,0.001572,0.048805,0.060288,0.31022,,5639600,,
9,9,,0.120199,0.13809,0.082831,0.140163,0.071898,0.077726,0.001871,0.146271,0.043336,0.177615,,5543600,,
9,9,,0.019151,0.094577,0.06373,0.103487,0.072439,0.18542,0.007781,0.088919,0.045691,0.318804,,5769900,,
9,9,,0.168851,0.038373,0.042464,0.063184,0.079572,0.152068,0.001457,0.054059,0.035328,0.364644,,6143500,,
9,9,,0.019031,0.075385,0.0639,0.113005,0.049871,0.179252,0.006442,0.086545,0.045979,0.36059,,5786900,,
9,9,,0.0156,0.114171,0.057337,0.10672,0.087292,0.230002,0.009109,0.085262,0.060083,0.234423,,5698900,,
9,5,,0.017169,0.073111,0.054463,0.150009,0.095305,0.270723,0.011833,0.078703,0.055737,0.192948,,5574500,,
9,9,,0.178561,0.038857,0.047606,0.065728,0.099082,0.170637,0.002462,0.049722,0.033536,0.31381,,5554100,,
9,9,,0.016238,0.067385,0.063149,0.112717,0.055039,0.254898,0.006954,0.083017,0.04101,0.299592,,5892700,,
9,9,,0.026445,0.067248,0.058597,0.103373,0.052167,0.175409,0.006306,0.075899,0.043962,0.390595,,6068800,,
9,9,,0.025152,0.074868,0.055301,0.094768,0.061392,0.191959,0.007544,0.103086,0.04934,0.33659,,5675200,,
9,9,,0.026445,0.067248,0.058597,0.103373,0.052167,0.175409,0.006306,0.075899,0.043962,0.390595,,5681100,,
9,9,,0.079292,0.051198,0.059763,0.078353,0.106699,0.14309,0.001742,0.081387,0.03553,0.362947,,5905700,,
9,9,,0.022818,0.074495,0.062591,0.110179,0.04848,0.17298,0.00638,0.083068,0.065774,0.353235,,5801300,,
9,9,,0.065902,0.074495,0.065925,0.109929,0.047063,0.17273,0.00638,0.082318,0.076607,0.298652,,5834600,,
9,9,,0.020327,0.069502,0.062743,0.109411,0.060324,0.198853,0.006595,0.079216,0.048592,0.344437,,5726400,,
9,9,,0.014643,0.083304,0.067107,0.19112,0.067152,0.223486,0.008072,0.089298,0.032303,0.223515,,5665000,,
9,3,,0.012997,0.09604,0.124627,0.217663,0.06141,0.109072,0.053071,0.095375,0.088074,0.141671,,5991200,,
9,9,,0.177873,0.060506,0.051164,0.15801,0.064077,0.164261,0.002397,0.063059,0.046497,0.212155,,6037900,,
9,9,,0.026174,0.072648,0.059496,0.104733,0.052816,0.171123,0.006216,0.096261,0.04329,0.367244,,5674500,,
9,9,,0.026445,0.067248,0.058597,0.104912,0.052167,0.178485,0.006306,0.075899,0.043962,0.385979,,5870700,,
9,9,,0.051618,0.065449,0.057258,0.100046,0.053777,0.172195,0.006076,0.074328,0.043994,0.375258,,5940400,,
9,9,,0.137056,0.046121,0.044521,0.062509,0.105146,0.12793,0.001099,0.067579,0.034328,0.373711,,5620900,,
9,9,,0.012146,0.139967,0.146523,0.150769,0.039233,0.127753,0.007353,0.140236,0.064719,0.1713,,6109000,,
9,9,,0.026511,0.067873,0.057972,0.101448,0.056814,0.176515,0.006776,0.078502,0.044329,0.383259,,5626100,,