semeion,CWE,test,3,NANOSECONDS,PREDICTIONS, Generated by ClassifierExperiments.java on 2022-05-16 21:03:29.    SYSTEMPROPERTIES:{user.name:matth,os.arch:amd64,os.name:Windows 10},ENDSYSTEMPROPERTIES
No parameter info
0.8699690402476781,2252546500,1674826500,-1,99530424,10,,-1,-1
0,0,,0.695881,0.011639,0.027229,0.000815,0.14061,0.002785,0.019182,0.007505,0.060868,0.033485,,5417700,,
0,0,,0.742883,0.011682,0.030159,0.000899,0.076862,0.002869,0.027303,0.007715,0.066267,0.03336,,5313700,,
0,0,,0.755881,0.011639,0.027229,0.000815,0.08061,0.002785,0.019182,0.007505,0.060868,0.033485,,5158600,,
0,9,,0.04096,0.066575,0.0998,0.086967,0.053117,0.168709,0.010642,0.08588,0.133523,0.253828,,5162300,,
0,6,,0.240228,0.038161,0.078059,0.011841,0.127145,0.015692,0.258989,0.029046,0.183827,0.017012,,5176300,,
0,0,,0.755881,0.011639,0.027229,0.000815,0.08061,0.002785,0.019182,0.007505,0.060868,0.033485,,5156900,,
0,0,,0.747695,0.011639,0.027229,0.000815,0.087527,0.004452,0.018784,0.007505,0.060868,0.033485,,5137700,,
0,0,,0.587815,0.021357,0.028372,0.028431,0.076314,0.060167,0.008,0.040191,0.037797,0.111555,,5173700,,
0,0,,0.747695,0.011639,0.027229,0.000815,0.087527,0.004452,0.018784,0.007505,0.060868,0.033485,,5170400,,
0,6,,0.145277,0.038157,0.075944,0.018132,0.135746,0.04451,0.329465,0.034796,0.141318,0.036654,,5159900,,
0,0,,0.755881,0.011639,0.027229,0.000815,0.08061,0.002785,0.019182,0.007505,0.060868,0.033485,,5157500,,
0,0,,0.69925,0.014075,0.034139,0.000925,0.093584,0.005052,0.035144,0.008092,0.079804,0.029933,,5155500,,
0,0,,0.755881,0.011639,0.027229,0.000815,0.08061,0.002785,0.019182,0.007505,0.060868,0.033485,,5158600,,
0,0,,0.580961,0.024226,0.054069,0.02197,0.083859,0.061625,0.008806,0.029231,0.03946,0.095794,,5195600,,
0,9,,0.086659,0.092625,0.088844,0.083224,0.049231,0.136542,0.015014,0.104598,0.125558,0.217706,,5154300,,
0,0,,0.353405,0.029394,0.074021,0.012925,0.111241,0.020217,0.147889,0.023792,0.2027,0.024415,,5158000,,
0,0,,0.629403,0.039842,0.059566,0.011458,0.083841,0.013788,0.026057,0.020076,0.060651,0.055319,,5176200,,
0,0,,0.755881,0.011639,0.027229,0.000815,0.08061,0.002785,0.019182,0.007505,0.060868,0.033485,,5209300,,
0,0,,0.755881,0.011639,0.027229,0.000815,0.08061,0.002785,0.019182,0.007505,0.060868,0.033485,,5137600,,
0,0,,0.667435,0.014075,0.034139,0.000925,0.086667,0.023386,0.035542,0.008092,0.099804,0.029933,,5187100,,
0,0,,0.755881,0.011639,0.027229,0.000815,0.08061,0.002785,0.019182,0.007505,0.060868,0.033485,,5163200,,
0,0,,0.755881,0.011639,0.027229,0.000815,0.08061,0.002785,0.019182,0.007505,0.060868,0.033485,,5140300,,
0,0,,0.640699,0.011365,0.02867,0.000678,0.108246,0.002648,0.019045,0.008808,0.122583,0.057258,,5151200,,
0,0,,0.755881,0.011639,0.027229,0.000815,0.08061,0.002785,0.019182,0.007505,0.060868,0.033485,,5246600,,
0,0,,0.755881,0.011639,0.027229,0.000815,0.08061,0.002785,0.019182,0.007505,0.060868,0.033485,,5189800,,
0,0,,0.755881,0.011639,0.027229,0.000815,0.08061,0.002785,0.019182,0.007505,0.060868,0.033485,,5197300,,
0,0,,0.421949,0.022178,0.038076,0.03791,0.070185,0.071354,0.002621,0.042637,0.055419,0.237671,,5150300,,
0,0,,0.431622,0.026215,0.068099,0.011723,0.110855,0.016687,0.148482,0.019865,0.146256,0.020196,,5150500,,
0,0,,0.755881,0.011639,0.027229,0.000815,0.08061,0.002785,0.019182,0.007505,0.060868,0.033485,,5161900,,
0,0,,0.606029,0.016518,0.058023,0.016718,0.095867,0.015731,0.040299,0.016107,0.070371,0.064337,,5293800,,
0,0,,0.753245,0.010596,0.025914,0.000815,0.077449,0.002558,0.014284,0.00687,0.059021,0.049247,,5216300,,
0,0,,0.358677,0.021346,0.021726,0.01827,0.11414,0.077448,0.017765,0.036081,0.053636,0.280911,,5168600,,
0,0,,0.755881,0.011639,0.027229,0.000815,0.08061,0.002785,0.019182,0.007505,0.060868,0.033485,,5185400,,
1,1,,0.004688,0.337395,0.090756,0.102963,0.041036,0.090299,0.016754,0.170822,0.06313,0.082156,,5152000,,
1,1,,0.003952,0.376468,0.136125,0.057867,0.046972,0.072461,0.045764,0.102186,0.105202,0.053003,,5116300,,
1,1,,0.014517,0.353279,0.064288,0.149582,0.048712,0.092564,0.017046,0.091073,0.034407,0.134533,,5189500,,
1,1,,0.006944,0.212205,0.096964,0.082285,0.04871,0.160207,0.021532,0.168852,0.095733,0.106567,,5135100,,
1,1,,0.005309,0.398579,0.080847,0.084118,0.039675,0.088764,0.017011,0.155727,0.043064,0.086907,,5135500,,
1,3,,0.00444,0.234473,0.067541,0.270537,0.059549,0.108622,0.019699,0.11004,0.037484,0.087614,,5217000,,
1,1,,0.006105,0.241835,0.121869,0.061005,0.055428,0.08136,0.111403,0.163756,0.083198,0.074041,,5240200,,
1,1,,0.004799,0.375147,0.084091,0.084966,0.041443,0.092441,0.016887,0.173451,0.042822,0.083954,,5203100,,
1,1,,0.004726,0.238303,0.109373,0.12913,0.034673,0.132108,0.01768,0.149519,0.086212,0.098277,,5145600,,
1,1,,0.004257,0.351581,0.095391,0.103449,0.038952,0.098619,0.018323,0.163428,0.044873,0.081128,,5173100,,
1,1,,0.00692,0.225039,0.12134,0.111628,0.05736,0.108179,0.013523,0.210815,0.047894,0.097302,,5122600,,
1,1,,0.005441,0.355464,0.122782,0.056968,0.048495,0.062477,0.070262,0.110445,0.109051,0.058614,,5223900,,
1,7,,0.007572,0.146484,0.172315,0.089013,0.043448,0.123636,0.061886,0.183744,0.113442,0.058459,,5197500,,
1,1,,0.004688,0.317395,0.110756,0.102963,0.041036,0.090299,0.016754,0.190822,0.04313,0.082156,,5329000,,
1,1,,0.010775,0.3084,0.115075,0.071656,0.092821,0.082565,0.041172,0.156056,0.046954,0.074526,,5189000,,
1,1,,0.005229,0.314689,0.094338,0.108119,0.034941,0.107272,0.014002,0.178553,0.047438,0.09542,,5216300,,
1,1,,0.004805,0.401132,0.09046,0.083386,0.040124,0.086678,0.016939,0.148317,0.041625,0.086534,,5146100,,
1,1,,0.14978,0.26737,0.079868,0.026046,0.142013,0.030496,0.087058,0.04339,0.12267,0.051308,,5176500,,
1,1,,0.010874,0.194719,0.17376,0.07336,0.098417,0.110254,0.063983,0.14882,0.053247,0.072567,,5181300,,
1,1,,0.092692,0.318997,0.088675,0.047512,0.126507,0.05212,0.04639,0.088162,0.085896,0.053049,,5157900,,
1,1,,0.017443,0.240518,0.083744,0.069056,0.207097,0.055118,0.093078,0.106731,0.073332,0.053883,,5185000,,
1,1,,0.005642,0.248187,0.128916,0.10813,0.075931,0.108115,0.013451,0.169953,0.046508,0.095168,,5182900,,
1,1,,0.006023,0.346845,0.090588,0.075801,0.047164,0.106176,0.02127,0.151015,0.051927,0.103191,,5186400,,
1,1,,0.006882,0.308846,0.153294,0.058486,0.060718,0.068347,0.075278,0.129947,0.083668,0.054535,,5209500,,
1,1,,0.022135,0.371526,0.075152,0.064533,0.07769,0.0822,0.052973,0.136963,0.053861,0.06297,,5187300,,
1,1,,0.014638,0.31091,0.056649,0.157445,0.048832,0.094612,0.017167,0.088407,0.033796,0.177545,,5153100,,
1,4,,0.025998,0.17033,0.120619,0.013158,0.295469,0.02292,0.13845,0.054569,0.141624,0.016863,,5211900,,
1,1,,0.030344,0.250982,0.088554,0.036542,0.095278,0.044737,0.18234,0.084599,0.15064,0.035984,,5168400,,
1,1,,0.006595,0.273415,0.116198,0.093842,0.040114,0.102098,0.017187,0.177139,0.08737,0.086043,,5150900,,
1,1,,0.006381,0.325989,0.087672,0.086376,0.044651,0.096036,0.016408,0.206006,0.044869,0.085612,,5193200,,
1,1,,0.006681,0.257464,0.10371,0.103932,0.038018,0.105878,0.013773,0.227761,0.049389,0.093395,,5154200,,
1,1,,0.022858,0.346511,0.065618,0.064465,0.110287,0.084145,0.052104,0.136232,0.053559,0.064221,,5142000,,
1,1,,0.004586,0.378152,0.079067,0.103107,0.039555,0.098473,0.017205,0.157924,0.040996,0.080936,,5202800,,
2,2,,0.005622,0.154542,0.280536,0.103845,0.035285,0.105165,0.013577,0.15344,0.050257,0.097732,,5169800,,
2,3,,0.005909,0.076933,0.179523,0.29687,0.030117,0.121772,0.016436,0.111803,0.040643,0.119994,,5142700,,
2,2,,0.009454,0.09257,0.275443,0.072745,0.042028,0.073201,0.059927,0.106334,0.197054,0.071243,,5165900,,
2,2,,0.004778,0.095594,0.290671,0.139052,0.033575,0.084591,0.037444,0.091322,0.160629,0.062344,,5142900,,
2,2,,0.029387,0.046423,0.324014,0.01844,0.105658,0.029067,0.238098,0.044029,0.153811,0.011072,,5155700,,
2,2,,0.00575,0.136525,0.301285,0.11134,0.035142,0.105426,0.013451,0.149662,0.046028,0.095391,,5188400,,
2,2,,0.005207,0.143651,0.260332,0.14192,0.033954,0.11213,0.019023,0.135804,0.048019,0.09996,,5820700,,
2,2,,0.00478,0.133418,0.262082,0.117099,0.033027,0.098144,0.010749,0.206107,0.041822,0.092772,,5126800,,
2,5,,0.008094,0.107798,0.136345,0.078943,0.081072,0.259627,0.011969,0.145917,0.041102,0.129133,,5179200,,
2,1,,0.004878,0.356995,0.106082,0.10112,0.040669,0.084485,0.020174,0.148243,0.051178,0.086176,,5156500,,
2,2,,0.005668,0.121285,0.275649,0.102013,0.03909,0.124793,0.013878,0.164041,0.04827,0.105313,,5138100,,
2,2,,0.004945,0.147516,0.24511,0.152542,0.033856,0.107947,0.013556,0.147467,0.04539,0.101671,,5145400,,
2,2,,0.018984,0.049177,0.362048,0.034702,0.078333,0.038285,0.193513,0.044984,0.157482,0.022493,,5186300,,
2,2,,0.007941,0.171487,0.243492,0.102625,0.06802,0.106695,0.018113,0.141466,0.050401,0.089759,,5156100,,
2,2,,0.005207,0.123651,0.248332,0.16192,0.033954,0.12813,0.015023,0.135804,0.048019,0.09996,,5203900,,
2,2,,0.021723,0.163934,0.239779,0.060602,0.057232,0.068493,0.076007,0.106633,0.12618,0.079416,,5169300,,
2,9,,0.009515,0.100169,0.134149,0.099397,0.059683,0.178061,0.013303,0.123319,0.078,0.204403,,5161700,,
2,2,,0.004834,0.154013,0.223374,0.112756,0.034378,0.101762,0.013451,0.218678,0.04328,0.093473,,5200500,,
2,2,,0.021065,0.095162,0.352998,0.069661,0.041824,0.070185,0.058118,0.097347,0.122648,0.070993,,5184200,,
2,2,,0.017445,0.056443,0.366872,0.033608,0.069401,0.0365,0.167822,0.044641,0.183231,0.024036,,5138700,,
2,2,,0.034021,0.051649,0.281531,0.015353,0.09287,0.019893,0.205735,0.036041,0.246004,0.016904,,5144100,,
2,7,,0.007031,0.152842,0.157341,0.113375,0.037767,0.111142,0.013399,0.259599,0.048663,0.098843,,5173600,,
2,2,,0.006213,0.096046,0.350101,0.079567,0.057031,0.079696,0.038167,0.098191,0.128725,0.066264,,5160200,,
2,2,,0.005289,0.092459,0.37905,0.085739,0.036939,0.068131,0.045387,0.133241,0.099361,0.054404,,5002100,,
2,2,,0.018658,0.055624,0.259553,0.036109,0.081746,0.040727,0.224037,0.074073,0.184604,0.02487,,4974400,,
2,2,,0.030873,0.079997,0.256857,0.043962,0.091214,0.042796,0.183932,0.085942,0.140933,0.043492,,5008300,,
2,2,,0.006667,0.151369,0.195546,0.106108,0.0317,0.09937,0.010874,0.150918,0.098434,0.149013,,5003900,,
2,2,,0.00599,0.169718,0.209597,0.11522,0.030767,0.098494,0.010624,0.177473,0.052653,0.129464,,5024200,,
2,2,,0.006802,0.203389,0.210177,0.092686,0.03912,0.097158,0.018643,0.179212,0.067771,0.085043,,4992500,,
2,8,,0.022958,0.077878,0.182789,0.03328,0.076187,0.037568,0.236762,0.066527,0.239685,0.026366,,4906400,,
2,1,,0.006176,0.194343,0.149374,0.109377,0.034648,0.105562,0.010624,0.150684,0.113729,0.125483,,4914700,,
2,1,,0.005861,0.192448,0.185235,0.131976,0.035549,0.108389,0.013327,0.181522,0.047224,0.09847,,4917800,,
3,3,,0.005834,0.09537,0.065509,0.383619,0.051684,0.121173,0.014262,0.07462,0.045201,0.14273,,4896000,,
3,3,,0.006255,0.073151,0.069437,0.456586,0.028828,0.118261,0.0137,0.079311,0.045329,0.109142,,4911000,,
3,3,,0.006029,0.072563,0.066884,0.466268,0.030237,0.123821,0.016556,0.074136,0.040033,0.103472,,4929800,,
3,3,,0.005975,0.071969,0.065592,0.470612,0.028886,0.120203,0.013854,0.081565,0.038574,0.10277,,4937900,,
3,3,,0.006029,0.072563,0.066884,0.446268,0.030237,0.143821,0.016556,0.074136,0.040033,0.103472,,4919900,,
3,3,,0.005975,0.071969,0.065592,0.430612,0.028886,0.160203,0.013854,0.081565,0.038574,0.10277,,4880600,,
3,3,,0.005975,0.071969,0.065592,0.470612,0.028886,0.120203,0.013854,0.081565,0.038574,0.10277,,4901800,,
3,3,,0.005836,0.084415,0.064898,0.379075,0.029245,0.160735,0.011393,0.101608,0.037279,0.125516,,4946400,,
3,3,,0.007942,0.103744,0.054142,0.282237,0.061573,0.213821,0.016645,0.09048,0.039004,0.130411,,4961500,,
3,3,,0.004875,0.104091,0.067131,0.398043,0.02948,0.122124,0.012586,0.087588,0.03769,0.136391,,4970300,,
3,3,,0.006029,0.072563,0.066884,0.466268,0.030237,0.123821,0.016556,0.074136,0.040033,0.103472,,4978500,,
3,9,,0.016392,0.086607,0.123195,0.183133,0.031692,0.151407,0.010703,0.10176,0.044907,0.250204,,4960400,,
3,3,,0.008912,0.056043,0.152104,0.270546,0.05258,0.154439,0.062176,0.053451,0.096091,0.093658,,4957800,,
3,3,,0.008023,0.080598,0.070773,0.376222,0.032493,0.143266,0.014105,0.086311,0.060012,0.128198,,4934000,,
3,3,,0.006454,0.072064,0.066129,0.466204,0.028982,0.118739,0.013854,0.07355,0.044948,0.109077,,4962800,,
3,3,,0.009746,0.108956,0.087678,0.318605,0.030321,0.147423,0.014779,0.072732,0.041669,0.168092,,4992900,,
3,3,,0.00529,0.082434,0.067849,0.425248,0.032621,0.146445,0.016459,0.078773,0.04097,0.103909,,4977400,,
3,3,,0.006029,0.072563,0.066884,0.466268,0.030237,0.123821,0.016556,0.074136,0.040033,0.103472,,4969800,,
3,3,,0.005776,0.073056,0.0689,0.460995,0.028732,0.119725,0.0137,0.087326,0.038956,0.102835,,4957400,,
3,3,,0.005776,0.073056,0.0689,0.440995,0.028732,0.139725,0.0137,0.087326,0.038956,0.102835,,4961000,,
3,3,,0.006029,0.072563,0.066884,0.466268,0.030237,0.123821,0.016556,0.074136,0.040033,0.103472,,4969500,,
3,3,,0.00571,0.123161,0.136276,0.208365,0.03033,0.104093,0.011007,0.1672,0.046813,0.167045,,5015100,,
3,3,,0.006454,0.072064,0.066129,0.466204,0.028982,0.118739,0.013854,0.07355,0.044948,0.109077,,4984400,,
3,3,,0.007441,0.058947,0.150287,0.324185,0.041206,0.100047,0.060744,0.057664,0.125288,0.07419,,4989300,,
3,3,,0.005975,0.071969,0.065592,0.470612,0.028886,0.120203,0.013854,0.081565,0.038574,0.10277,,5019800,,
3,3,,0.006029,0.072563,0.066884,0.466268,0.030237,0.123821,0.016556,0.074136,0.040033,0.103472,,5014400,,
3,3,,0.005673,0.07349,0.088744,0.44335,0.02943,0.119028,0.016132,0.078579,0.046631,0.098943,,4977800,,
3,0,,0.267144,0.076488,0.063287,0.133037,0.109989,0.055256,0.003306,0.119309,0.028839,0.143346,,5059000,,
3,3,,0.005715,0.081935,0.067094,0.385184,0.031365,0.121364,0.013757,0.078187,0.045885,0.169514,,4998900,,
3,3,,0.005513,0.122222,0.094834,0.288236,0.033304,0.103002,0.011201,0.18181,0.043772,0.116106,,5038800,,
3,3,,0.006029,0.072563,0.086884,0.386734,0.030237,0.143821,0.036556,0.074136,0.040033,0.123006,,5033900,,
3,3,,0.006788,0.127918,0.076354,0.256013,0.056263,0.212472,0.016811,0.069103,0.037338,0.14094,,5033800,,
4,7,,0.011715,0.1512,0.094928,0.068147,0.174348,0.095506,0.040314,0.220502,0.045262,0.098077,,5055300,,
4,4,,0.030137,0.126948,0.071846,0.012071,0.318633,0.020586,0.185949,0.084906,0.12823,0.020694,,5073200,,
4,4,,0.029402,0.056258,0.067325,0.010353,0.452759,0.019921,0.205989,0.042967,0.098779,0.016247,,5047800,,
4,4,,0.016308,0.078074,0.077187,0.062359,0.28416,0.192568,0.04091,0.086758,0.040041,0.121635,,5061300,,
4,4,,0.016118,0.078217,0.05752,0.06174,0.305541,0.180615,0.039768,0.08652,0.040755,0.133206,,5075300,,
4,4,,0.023385,0.167483,0.072132,0.031981,0.332229,0.041473,0.125363,0.086619,0.083047,0.036289,,5028600,,
4,4,,0.317025,0.0178,0.045049,0.005704,0.375059,0.009641,0.10466,0.027979,0.067158,0.029925,,5020000,,
4,0,,0.57615,0.032639,0.028229,0.000815,0.232072,0.004452,0.018784,0.009505,0.061868,0.035485,,5064700,,
4,4,,0.032854,0.056172,0.068503,0.015607,0.440528,0.026502,0.198515,0.045673,0.096439,0.019207,,5051200,,
4,4,,0.230812,0.052963,0.048604,0.034875,0.251693,0.144148,0.00324,0.073423,0.027711,0.132531,,5050800,,
4,4,,0.010693,0.096392,0.062429,0.07537,0.233878,0.202353,0.036999,0.09216,0.056683,0.133044,,5037000,,
4,4,,0.024703,0.083848,0.11149,0.01669,0.37707,0.028253,0.166772,0.048677,0.128217,0.014281,,5139100,,
4,4,,0.029181,0.050517,0.069522,0.012726,0.390323,0.023845,0.244449,0.062816,0.099791,0.01683,,5071400,,
4,4,,0.067211,0.147143,0.052729,0.0689,0.301009,0.048593,0.100537,0.080749,0.091709,0.041418,,5063400,,
4,0,,0.284815,0.026974,0.053953,0.010155,0.2693,0.09746,0.007399,0.058638,0.03317,0.158135,,5756800,,
4,4,,0.025922,0.125903,0.074718,0.036111,0.234718,0.06526,0.162619,0.151809,0.085494,0.037447,,5008600,,
4,4,,0.029181,0.050517,0.069522,0.012726,0.449978,0.023845,0.204449,0.043161,0.099791,0.01683,,5021700,,
4,4,,0.020518,0.058722,0.156359,0.054038,0.233855,0.038882,0.22506,0.040754,0.145058,0.026754,,5078000,,
4,4,,0.027857,0.067771,0.13791,0.032591,0.332996,0.038598,0.132642,0.050138,0.152854,0.026643,,5043900,,
4,4,,0.180555,0.026099,0.03309,0.012562,0.290894,0.084818,0.060961,0.11138,0.054444,0.145196,,4990400,,
4,4,,0.016377,0.07931,0.057006,0.06145,0.277551,0.1805,0.04157,0.106963,0.039033,0.140241,,5001500,,
4,4,,0.023005,0.196902,0.090099,0.044741,0.238849,0.050924,0.135333,0.100793,0.076427,0.042925,,4998100,,
4,4,,0.023892,0.077411,0.089461,0.030305,0.351855,0.083037,0.116722,0.064896,0.075929,0.086491,,5068900,,
4,4,,0.042411,0.058166,0.064753,0.013234,0.36587,0.04475,0.23958,0.059473,0.093507,0.018257,,5115000,,
4,4,,0.028794,0.056252,0.067193,0.021306,0.440859,0.02135,0.204634,0.043542,0.099361,0.01671,,5043000,,
4,4,,0.014122,0.133855,0.130461,0.047978,0.291511,0.035055,0.142551,0.050619,0.12812,0.025728,,5009000,,
4,1,,0.013233,0.188319,0.109719,0.086933,0.16787,0.094132,0.058378,0.160876,0.041302,0.079236,,5025500,,
4,4,,0.036682,0.106433,0.071879,0.045138,0.377273,0.044174,0.117003,0.086974,0.072511,0.041933,,5032500,,
4,4,,0.037535,0.071951,0.063766,0.07693,0.280253,0.177435,0.012621,0.08374,0.040331,0.155439,,4998900,,
4,4,,0.029772,0.084283,0.080969,0.012514,0.330719,0.017889,0.165444,0.066145,0.181465,0.0308,,4995900,,
4,0,,0.367467,0.016408,0.058608,0.003341,0.314901,0.007278,0.144797,0.019771,0.045443,0.021985,,5066100,,
4,4,,0.029402,0.056258,0.067325,0.010353,0.452759,0.019921,0.205989,0.042967,0.098779,0.016247,,5002700,,
4,4,,0.028572,0.05051,0.06939,0.023679,0.438078,0.025274,0.203094,0.043737,0.100373,0.017293,,5050500,,
5,5,,0.009191,0.061061,0.057356,0.122137,0.056187,0.406767,0.014103,0.066174,0.042183,0.16484,,5170600,,
5,3,,0.005102,0.079448,0.086151,0.2653,0.034575,0.263464,0.017811,0.101258,0.042258,0.104633,,5078200,,
5,5,,0.009191,0.061061,0.057626,0.122137,0.056728,0.425686,0.014103,0.066174,0.042453,0.14484,,5035800,,
5,5,,0.030915,0.06883,0.110772,0.044606,0.151936,0.182209,0.177965,0.093667,0.089734,0.049366,,5122900,,
5,5,,0.010046,0.076636,0.062886,0.086519,0.062117,0.418395,0.013719,0.084199,0.041976,0.143508,,5052300,,
5,5,,0.008849,0.08061,0.065594,0.087324,0.0583,0.415047,0.013777,0.088807,0.04347,0.138222,,5026000,,
5,5,,0.011172,0.076201,0.061646,0.085215,0.070068,0.41526,0.014564,0.084327,0.040019,0.141527,,5104500,,
5,5,,0.010393,0.088462,0.066676,0.090215,0.05735,0.394073,0.013614,0.102358,0.045268,0.13159,,5064800,,
5,5,,0.01152,0.088027,0.065436,0.088911,0.065302,0.390938,0.014459,0.102486,0.043312,0.129609,,5036100,,
5,5,,0.010046,0.096636,0.062886,0.086519,0.062117,0.398395,0.013719,0.084199,0.041976,0.143508,,5069700,,
5,5,,0.006154,0.125992,0.088411,0.111395,0.033423,0.315557,0.013593,0.155179,0.052484,0.097812,,5040400,,
5,5,,0.009191,0.061061,0.057626,0.122137,0.056728,0.425686,0.014103,0.066174,0.042453,0.14484,,5061300,,
5,5,,0.008849,0.08061,0.065594,0.087324,0.0583,0.415047,0.013777,0.088807,0.04347,0.138222,,5037300,,
5,5,,0.010049,0.064755,0.190085,0.072134,0.057591,0.276748,0.062225,0.06876,0.092281,0.105372,,5022900,,
5,5,,0.012196,0.116604,0.090101,0.112033,0.036104,0.297228,0.013377,0.145046,0.051616,0.125697,,5019600,,
5,5,,0.009464,0.097833,0.059531,0.076563,0.087529,0.389473,0.016348,0.088364,0.039807,0.135087,,5034800,,
5,5,,0.010148,0.079977,0.067728,0.107066,0.064584,0.370669,0.013525,0.10091,0.041079,0.144315,,5007800,,
5,5,,0.01152,0.088027,0.065436,0.088911,0.065302,0.390938,0.014459,0.102486,0.043312,0.129609,,5021300,,
5,5,,0.009191,0.061061,0.057626,0.122137,0.056728,0.425686,0.014103,0.066174,0.042453,0.14484,,5061100,,
5,5,,0.01152,0.108027,0.065436,0.088911,0.065302,0.370938,0.014459,0.102486,0.043312,0.129609,,5056000,,
5,9,,0.02116,0.076015,0.061503,0.084696,0.073604,0.197964,0.01337,0.080648,0.065945,0.325095,,5041600,,
5,5,,0.010046,0.076636,0.062886,0.086519,0.062117,0.418395,0.013719,0.084199,0.041976,0.143508,,5053200,,
5,5,,0.006262,0.1255,0.091832,0.113495,0.032633,0.312868,0.013593,0.154888,0.050893,0.098035,,5048100,,
5,5,,0.008524,0.062547,0.057767,0.134193,0.057701,0.416662,0.015015,0.066315,0.041443,0.139832,,5056400,,
5,5,,0.009191,0.061061,0.057626,0.122137,0.056728,0.425686,0.014103,0.066174,0.042453,0.14484,,5082100,,
5,5,,0.064035,0.056657,0.108159,0.150079,0.069165,0.206179,0.034802,0.052864,0.105879,0.15218,,5062400,,
5,5,,0.010591,0.097398,0.058291,0.075258,0.075481,0.406338,0.017193,0.088493,0.03785,0.133106,,5046400,,
5,5,,0.010318,0.060626,0.056116,0.140833,0.064139,0.363632,0.014948,0.066303,0.040227,0.182859,,5042400,,
5,5,,0.008849,0.08061,0.065594,0.087324,0.0583,0.415047,0.013777,0.088807,0.04347,0.138222,,5064100,,
5,5,,0.011172,0.076201,0.061646,0.085215,0.070068,0.41526,0.014564,0.084327,0.040019,0.141527,,5080400,,
5,5,,0.008849,0.08061,0.065594,0.087324,0.0583,0.415047,0.013777,0.088807,0.04347,0.138222,,5094100,,
5,5,,0.009191,0.061061,0.057626,0.122137,0.056728,0.425686,0.014103,0.066174,0.042453,0.14484,,5073600,,
6,6,,0.034767,0.04158,0.085908,0.011594,0.124034,0.020065,0.503262,0.036118,0.132507,0.010164,,5050000,,
6,6,,0.034668,0.042358,0.08436,0.012103,0.124774,0.02118,0.50184,0.037736,0.130444,0.010537,,5063400,,
6,6,,0.029751,0.056992,0.111785,0.013703,0.116929,0.023646,0.46197,0.037609,0.139526,0.008089,,5144800,,
6,6,,0.034645,0.031362,0.084802,0.014201,0.123115,0.033751,0.501047,0.03204,0.132952,0.012084,,5036600,,
6,6,,0.03446,0.031694,0.084376,0.013292,0.123946,0.023292,0.514068,0.032696,0.132363,0.009812,,5060400,,
6,6,,0.024653,0.057785,0.11387,0.039355,0.110502,0.02859,0.438732,0.038267,0.135041,0.013206,,5189700,,
6,6,,0.030054,0.039316,0.080911,0.017077,0.126212,0.032801,0.499453,0.037169,0.122175,0.014832,,5049900,,
6,6,,0.054637,0.031885,0.084376,0.014245,0.163407,0.056437,0.420758,0.033268,0.130415,0.010573,,5052500,,
6,6,,0.024294,0.054297,0.067874,0.026023,0.233594,0.02571,0.404452,0.0457,0.09734,0.020715,,5104800,,
6,6,,0.034637,0.031885,0.084376,0.014245,0.123407,0.036437,0.500758,0.033268,0.130415,0.010573,,5046000,,
6,6,,0.04765,0.031651,0.081446,0.013209,0.125694,0.023401,0.50737,0.032487,0.127156,0.009937,,5038300,,
6,6,,0.034874,0.037436,0.08218,0.010919,0.124727,0.01956,0.517031,0.032502,0.131543,0.009228,,5023500,,
6,6,,0.031899,0.04609,0.07476,0.021565,0.178918,0.020665,0.417276,0.055879,0.139188,0.01376,,4998700,,
6,6,,0.03446,0.031694,0.084376,0.013292,0.121946,0.047292,0.492068,0.032696,0.132363,0.009812,,5008500,,
6,6,,0.034874,0.037436,0.08218,0.010919,0.124727,0.01956,0.517031,0.032502,0.131543,0.009228,,4996400,,
6,6,,0.023678,0.074434,0.083849,0.126123,0.112664,0.138372,0.187733,0.070818,0.104602,0.077726,,4999400,,
6,6,,0.034874,0.037436,0.08218,0.010919,0.124727,0.01956,0.517031,0.032502,0.131543,0.009228,,5001200,,
6,6,,0.034653,0.031694,0.084376,0.013292,0.121946,0.023484,0.515491,0.032696,0.132555,0.009812,,4993300,,
6,6,,0.024363,0.064426,0.123157,0.018239,0.109786,0.02778,0.43845,0.044224,0.13817,0.011406,,4995700,,
6,6,,0.011117,0.167093,0.092082,0.076909,0.063253,0.084247,0.250587,0.124832,0.076908,0.05297,,5007600,,
6,6,,0.03446,0.031694,0.084376,0.013292,0.123946,0.023292,0.494068,0.032696,0.152363,0.009812,,4997800,,
6,6,,0.024363,0.064426,0.123157,0.018239,0.109786,0.02778,0.43845,0.044224,0.13817,0.011406,,4997100,,
6,6,,0.034637,0.031885,0.084376,0.014245,0.143407,0.036437,0.480758,0.033268,0.130415,0.010573,,10076800,,
6,6,,0.034874,0.037436,0.08218,0.010919,0.124727,0.01956,0.517031,0.032502,0.131543,0.009228,,8116600,,
6,6,,0.0319,0.040034,0.077033,0.012865,0.203389,0.025887,0.438071,0.042693,0.113528,0.014601,,4975500,,
6,6,,0.04765,0.031651,0.081446,0.013209,0.125694,0.023401,0.50737,0.032487,0.127156,0.009937,,4963200,,
6,6,,0.047324,0.033306,0.080428,0.016089,0.123899,0.046057,0.481436,0.035343,0.123804,0.012313,,5015100,,
6,6,,0.029751,0.056992,0.131785,0.013703,0.116929,0.023646,0.44197,0.037609,0.139526,0.008089,,4967000,,
6,6,,0.034874,0.037436,0.08218,0.010919,0.124727,0.01956,0.517031,0.032502,0.131543,0.009228,,5034300,,
6,6,,0.028793,0.070793,0.092938,0.015358,0.224168,0.027704,0.337943,0.052544,0.132697,0.017062,,5041500,,
6,6,,0.034874,0.037436,0.08218,0.010919,0.124727,0.01956,0.517031,0.032502,0.131543,0.009228,,5018900,,
6,6,,0.034653,0.031694,0.084376,0.013292,0.121946,0.043484,0.495491,0.032696,0.132555,0.009812,,5029800,,
6,6,,0.034653,0.031694,0.084376,0.013292,0.121946,0.023484,0.515491,0.032696,0.132555,0.009812,,5017700,,
7,7,,0.012727,0.179514,0.074215,0.072539,0.06988,0.120619,0.041505,0.312155,0.04797,0.068876,,5075100,,
7,7,,0.010095,0.154961,0.078296,0.088976,0.06831,0.079062,0.037631,0.372426,0.042208,0.068035,,5023000,,
7,4,,0.023574,0.083665,0.093871,0.017895,0.311812,0.026348,0.191244,0.116618,0.114848,0.020126,,5086700,,
7,7,,0.00848,0.159869,0.095645,0.134419,0.039691,0.102056,0.016128,0.210535,0.072445,0.160731,,5028600,,
7,7,,0.010042,0.190222,0.083878,0.087046,0.088121,0.094242,0.038524,0.286371,0.047399,0.074156,,5069100,,
7,7,,0.088272,0.074113,0.091543,0.063815,0.077553,0.055499,0.001974,0.348946,0.023775,0.174508,,5081200,,
7,7,,0.031164,0.142893,0.098951,0.100717,0.037657,0.094018,0.010583,0.343528,0.044884,0.095605,,5017300,,
7,8,,0.021987,0.080055,0.197342,0.033156,0.128877,0.028558,0.187345,0.102626,0.200656,0.019398,,5027900,,
7,7,,0.005229,0.160851,0.094893,0.10764,0.054719,0.148537,0.013523,0.272929,0.046737,0.094941,,5059100,,
7,7,,0.007031,0.132842,0.097341,0.133375,0.037767,0.111142,0.013399,0.319599,0.048663,0.098843,,5029000,,
7,7,,0.00544,0.147658,0.090548,0.095612,0.041376,0.102589,0.011828,0.371658,0.043888,0.089403,,5020500,,
7,7,,0.005439,0.171305,0.087832,0.091991,0.037417,0.108575,0.012166,0.329562,0.044423,0.111291,,5105200,,
7,7,,0.009982,0.16322,0.074066,0.072212,0.056078,0.089172,0.050115,0.368728,0.046984,0.069445,,5108700,,
7,7,,0.009318,0.120834,0.134833,0.107419,0.043091,0.089038,0.013904,0.218574,0.135524,0.127465,,5114100,,
7,4,,0.027097,0.074674,0.095206,0.028257,0.247378,0.024321,0.223645,0.145574,0.118881,0.014965,,5160100,,
7,7,,0.006015,0.126016,0.100857,0.12036,0.030222,0.102044,0.010696,0.352541,0.047719,0.10353,,5255400,,
7,7,,0.022802,0.16538,0.069029,0.076245,0.066116,0.081046,0.061306,0.332297,0.058906,0.066873,,5381100,,
7,7,,0.010422,0.205459,0.075527,0.069547,0.05612,0.090419,0.050884,0.325206,0.047368,0.069049,,5296400,,
7,7,,0.023293,0.138359,0.080891,0.056093,0.150413,0.047967,0.134636,0.231412,0.090453,0.046483,,5177600,,
7,7,,0.004656,0.197547,0.129791,0.093833,0.118336,0.100384,0.011814,0.209654,0.046692,0.087293,,5227700,,
7,1,,0.024157,0.216794,0.06894,0.064022,0.104564,0.100859,0.062561,0.213677,0.076339,0.068087,,5269100,,
7,7,,0.004744,0.128971,0.206851,0.12842,0.034542,0.099373,0.014262,0.220518,0.073287,0.089031,,5166900,,
7,7,,0.009725,0.129275,0.097185,0.116679,0.031871,0.10754,0.010696,0.199189,0.119037,0.178803,,5200300,,
7,7,,0.008687,0.126712,0.092438,0.136404,0.032217,0.119641,0.013593,0.255251,0.069749,0.145308,,5157600,,
7,7,,0.009926,0.160628,0.075642,0.076334,0.084515,0.090259,0.036395,0.354164,0.043206,0.068931,,5166300,,
7,1,,0.074833,0.262986,0.076404,0.067387,0.061192,0.075171,0.041257,0.192032,0.074725,0.074013,,5503900,,
7,7,,0.008204,0.153533,0.098946,0.095882,0.035559,0.102638,0.011886,0.259813,0.073413,0.160125,,5284100,,
7,7,,0.223932,0.068706,0.067568,0.03814,0.144869,0.040009,0.02806,0.281881,0.03364,0.073196,,5327500,,
7,4,,0.022788,0.142861,0.131086,0.025881,0.21745,0.053272,0.166086,0.106435,0.110218,0.023924,,5322200,,
7,7,,0.010391,0.129229,0.128304,0.084111,0.08989,0.070369,0.121824,0.201554,0.109036,0.055292,,5259600,,
7,7,,0.008493,0.127823,0.122398,0.120259,0.031574,0.106268,0.013399,0.268499,0.069784,0.131504,,5191700,,
7,7,,0.00589,0.123296,0.137218,0.093722,0.034508,0.144363,0.018695,0.286525,0.072194,0.08359,,5280400,,
8,8,,0.035963,0.059925,0.090166,0.012198,0.112462,0.021113,0.297533,0.032042,0.316843,0.021755,,8718200,,
8,8,,0.10589,0.049707,0.129384,0.016633,0.055466,0.01872,0.150878,0.035004,0.414962,0.023356,,7266800,,
8,7,,0.053117,0.121197,0.157528,0.113927,0.034884,0.102703,0.012586,0.193012,0.052438,0.158608,,6258400,,
8,8,,0.077304,0.059826,0.151044,0.030949,0.045286,0.029355,0.14818,0.039932,0.383871,0.034252,,6761400,,
8,8,,0.145512,0.046453,0.177795,0.017654,0.074726,0.018875,0.147789,0.030231,0.301851,0.039115,,5561500,,
8,8,,0.074053,0.065474,0.139428,0.035761,0.128775,0.054867,0.081291,0.050161,0.33281,0.037379,,6623400,,
8,8,,0.030139,0.047615,0.105781,0.024844,0.167205,0.024804,0.234046,0.03573,0.313951,0.015886,,7248600,,
8,8,,0.118749,0.081486,0.168331,0.064756,0.042017,0.076284,0.065788,0.138118,0.172173,0.072297,,6398500,,
8,6,,0.054063,0.037914,0.115548,0.033016,0.122301,0.046748,0.318807,0.036952,0.166621,0.068032,,6539000,,
8,0,,0.253991,0.023193,0.075675,0.012064,0.216093,0.008499,0.103913,0.089645,0.107547,0.10938,,6134700,,
8,8,,0.113918,0.0363,0.089603,0.022438,0.071567,0.01398,0.201317,0.025027,0.402164,0.023686,,5990400,,
8,8,,0.13868,0.044203,0.137329,0.027851,0.079366,0.031928,0.156114,0.039841,0.316067,0.028621,,5589000,,
8,8,,0.017445,0.061235,0.19873,0.032134,0.071276,0.036285,0.190947,0.044207,0.323705,0.024036,,5227200,,
8,8,,0.065872,0.115854,0.165936,0.026937,0.125396,0.031779,0.117384,0.052322,0.270508,0.028012,,5243300,,
8,8,,0.008134,0.123142,0.102219,0.118394,0.031815,0.106639,0.01201,0.164597,0.18096,0.152089,,6884400,,
8,8,,0.059921,0.091904,0.131918,0.055123,0.123087,0.034607,0.060746,0.044234,0.33786,0.0606,,5776600,,
8,2,,0.005839,0.066815,0.222258,0.181447,0.050883,0.082054,0.051888,0.066145,0.159597,0.113074,,5471000,,
8,8,,0.065418,0.103971,0.145165,0.024839,0.079682,0.028365,0.139782,0.040279,0.30869,0.063808,,5250200,,
8,6,,0.03446,0.051694,0.129376,0.068292,0.141946,0.023292,0.316068,0.032696,0.192363,0.009812,,5230300,,
8,8,,0.025572,0.070464,0.103007,0.047156,0.090348,0.064404,0.194343,0.076811,0.247988,0.079906,,5185600,,
8,4,,0.025311,0.065961,0.077164,0.034983,0.231345,0.082712,0.159796,0.066467,0.19271,0.063551,,5184600,,
8,3,,0.012408,0.053284,0.092827,0.239889,0.097674,0.116128,0.127812,0.053497,0.091774,0.114708,,5180600,,
8,6,,0.038254,0.036616,0.126557,0.014476,0.161994,0.024912,0.320877,0.03793,0.227264,0.01112,,4998300,,
8,8,,0.030873,0.054959,0.130501,0.017212,0.091727,0.021995,0.201289,0.042871,0.389826,0.018747,,5129500,,
8,8,,0.064421,0.06084,0.156665,0.031763,0.045939,0.030286,0.129918,0.04074,0.407522,0.031907,,5157200,,
8,8,,0.131419,0.039774,0.085409,0.011358,0.079518,0.016045,0.249651,0.027896,0.341778,0.017152,,5055100,,
8,8,,0.007915,0.099836,0.187835,0.091651,0.033096,0.071416,0.033156,0.10491,0.295176,0.075008,,5194200,,
8,8,,0.03091,0.073009,0.098361,0.145996,0.090021,0.067053,0.185466,0.050351,0.216236,0.042598,,5066300,,
8,8,,0.134005,0.035943,0.109008,0.011485,0.071201,0.012551,0.216003,0.02336,0.363947,0.022496,,5037000,,
8,8,,0.077598,0.045474,0.235075,0.048103,0.047088,0.033634,0.140359,0.060379,0.28811,0.02418,,5033700,,
8,8,,0.006887,0.094052,0.149881,0.073979,0.03571,0.084706,0.032834,0.112595,0.302634,0.106723,,5881100,,
9,9,,0.015713,0.075657,0.060726,0.084044,0.051769,0.135803,0.009195,0.080479,0.053992,0.432623,,4996100,,
9,9,,0.01383,0.076197,0.061807,0.084349,0.051674,0.156154,0.009195,0.082476,0.055823,0.408494,,5007900,,
9,9,,0.01609,0.075324,0.061147,0.084465,0.050524,0.13462,0.009195,0.081655,0.05308,0.433901,,5009500,,
9,9,,0.014707,0.097353,0.058127,0.074152,0.058438,0.151962,0.014527,0.08523,0.046908,0.398596,,4973300,,
9,3,,0.006189,0.141114,0.11054,0.16908,0.050425,0.16263,0.011007,0.132756,0.061168,0.155092,,5004000,,
9,7,,0.006081,0.155945,0.129866,0.106264,0.041175,0.131101,0.040801,0.178949,0.122715,0.087101,,4995100,,
9,9,,0.077042,0.084238,0.061977,0.070287,0.074276,0.112918,0.01503,0.098158,0.102375,0.303699,,4974600,,
9,9,,0.271309,0.028801,0.029259,0.04096,0.110578,0.079504,0.002393,0.020761,0.029295,0.387139,,5093900,,
9,9,,0.115362,0.117385,0.061528,0.060861,0.110019,0.041291,0.002314,0.197205,0.034949,0.259086,,5053600,,
9,9,,0.010956,0.101815,0.061676,0.075263,0.079685,0.173924,0.014916,0.089518,0.046452,0.345795,,5029000,,
9,9,,0.265166,0.036008,0.038943,0.024636,0.081464,0.08007,0.002164,0.036827,0.032726,0.401995,,5097800,,
9,9,,0.012634,0.080172,0.065385,0.091241,0.047857,0.132806,0.029252,0.087084,0.066013,0.387556,,5052100,,
9,9,,0.008423,0.12983,0.054891,0.147049,0.054735,0.16647,0.015017,0.072429,0.064834,0.28632,,5069400,,
9,9,,0.01091,0.087336,0.0557,0.155273,0.078477,0.180804,0.010707,0.065281,0.046895,0.308616,,5064500,,
9,9,,0.241052,0.029769,0.064351,0.026632,0.138031,0.112576,0.002043,0.044478,0.03034,0.310729,,5070400,,
9,9,,0.009024,0.081409,0.065503,0.12821,0.05033,0.210991,0.012631,0.069508,0.086386,0.286008,,5057900,,
9,9,,0.015713,0.075657,0.060726,0.084044,0.051769,0.136154,0.009195,0.080479,0.053992,0.432272,,5062400,,
9,9,,0.015713,0.075657,0.060726,0.084044,0.051769,0.135803,0.009195,0.080479,0.053992,0.432623,,5059800,,
9,9,,0.01609,0.075324,0.061147,0.084465,0.050524,0.13462,0.009195,0.081655,0.05308,0.433901,,5092500,,
9,9,,0.11196,0.032352,0.036754,0.050821,0.102948,0.103929,0.002297,0.085016,0.01918,0.454743,,5089000,,
9,9,,0.014516,0.079631,0.064304,0.090936,0.047953,0.132455,0.009252,0.085087,0.104182,0.371685,,5009800,,
9,9,,0.04275,0.064809,0.052307,0.089144,0.049277,0.155754,0.016654,0.0626,0.132619,0.334085,,4990000,,
9,9,,0.012571,0.076864,0.082539,0.085397,0.055917,0.162852,0.013195,0.083508,0.049479,0.377679,,4985700,,
9,5,,0.007179,0.105039,0.080217,0.187067,0.049173,0.239353,0.012886,0.06457,0.041555,0.212961,,5006000,,
9,2,,0.005273,0.070226,0.192093,0.191919,0.031341,0.115759,0.035496,0.073811,0.138392,0.145689,,4951000,,
9,9,,0.273438,0.033222,0.034368,0.104472,0.086033,0.08792,0.003742,0.024414,0.027208,0.325183,,4956000,,
9,9,,0.015713,0.075657,0.060726,0.084044,0.051769,0.136154,0.009195,0.080479,0.053992,0.432272,,4968200,,
9,9,,0.014135,0.059655,0.053686,0.118175,0.0462,0.153749,0.009773,0.064651,0.052818,0.427157,,4955700,,
9,9,,0.041013,0.070606,0.059486,0.077246,0.052519,0.139116,0.008918,0.076739,0.052942,0.421416,,4973500,,
9,9,,0.109808,0.044735,0.041426,0.032471,0.122371,0.078272,0.00089,0.086407,0.027999,0.455621,,4971600,,
9,9,,0.005568,0.14593,0.121047,0.142094,0.052754,0.143344,0.011007,0.16112,0.049924,0.167211,,4995300,,
9,9,,0.015713,0.075482,0.060551,0.084327,0.053161,0.14791,0.009347,0.080609,0.052658,0.420243,,5031000,,