semeion,CWE,test,2,NANOSECONDS,PREDICTIONS, Generated by ClassifierExperiments.java on 2022-05-16 20:55:48.    SYSTEMPROPERTIES:{user.name:matth,os.arch:amd64,os.name:Windows 10},ENDSYSTEMPROPERTIES
No parameter info
0.8359133126934984,2853017000,1645357200,-1,100178024,10,,-1,-1
0,0,,0.80315,0.009791,0.020649,0.001462,0.070561,0.00157,0.013429,0.006419,0.044843,0.028127,,5415400,,
0,0,,0.649921,0.014135,0.026777,0.039555,0.066207,0.052327,0.008714,0.027244,0.032688,0.082432,,5133500,,
0,0,,0.659972,0.022063,0.07622,0.008306,0.069529,0.00903,0.033886,0.013923,0.083011,0.024058,,5140500,,
0,0,,0.74315,0.009791,0.020649,0.001462,0.090561,0.00157,0.053429,0.006419,0.044843,0.028127,,5198500,,
0,9,,0.209466,0.076834,0.079822,0.04822,0.060316,0.107089,0.008928,0.070296,0.124336,0.214693,,5161400,,
0,0,,0.727023,0.019557,0.032881,0.000997,0.070572,0.006817,0.020222,0.007501,0.09418,0.020252,,5234100,,
0,0,,0.80315,0.009791,0.020649,0.001462,0.070561,0.00157,0.013429,0.006419,0.044843,0.028127,,5280700,,
0,0,,0.80315,0.009791,0.020649,0.001462,0.070561,0.00157,0.013429,0.006419,0.044843,0.028127,,5219500,,
0,0,,0.80315,0.009791,0.020649,0.001462,0.070561,0.00157,0.013429,0.006419,0.044843,0.028127,,5178700,,
0,0,,0.80315,0.009791,0.020649,0.001462,0.070561,0.00157,0.013429,0.006419,0.044843,0.028127,,5147900,,
0,0,,0.80315,0.009791,0.020649,0.001462,0.070561,0.00157,0.013429,0.006419,0.044843,0.028127,,5595600,,
0,0,,0.452969,0.015392,0.073204,0.003617,0.097435,0.00416,0.198055,0.015518,0.093726,0.045925,,5507400,,
0,0,,0.392448,0.024633,0.082367,0.139741,0.04876,0.13332,0.006878,0.039631,0.031188,0.101035,,5235400,,
0,0,,0.549484,0.014056,0.055272,0.003277,0.140948,0.010641,0.105131,0.012923,0.093156,0.015111,,5175200,,
0,0,,0.80315,0.009791,0.020649,0.001462,0.070561,0.00157,0.013429,0.006419,0.044843,0.028127,,5354500,,
0,0,,0.658382,0.013512,0.043747,0.028868,0.066825,0.042007,0.008201,0.017547,0.03087,0.09004,,5192200,,
0,0,,0.520443,0.026696,0.065355,0.007403,0.073191,0.006252,0.08204,0.02001,0.177368,0.02124,,5195500,,
0,0,,0.315685,0.021332,0.052255,0.048359,0.077929,0.132942,0.004923,0.030612,0.067409,0.248555,,5130700,,
0,0,,0.255032,0.021178,0.047664,0.032541,0.155994,0.156759,0.001774,0.03773,0.047686,0.243642,,5392700,,
0,0,,0.80315,0.009791,0.020649,0.001462,0.070561,0.00157,0.013429,0.006419,0.044843,0.028127,,5162600,,
0,0,,0.80315,0.009791,0.020649,0.001462,0.070561,0.00157,0.013429,0.006419,0.044843,0.028127,,5148000,,
0,0,,0.80315,0.009791,0.020649,0.001462,0.070561,0.00157,0.013429,0.006419,0.044843,0.028127,,5127000,,
0,0,,0.80315,0.009791,0.020649,0.001462,0.070561,0.00157,0.013429,0.006419,0.044843,0.028127,,5153000,,
0,0,,0.80315,0.009791,0.020649,0.001462,0.070561,0.00157,0.013429,0.006419,0.044843,0.028127,,5109900,,
0,0,,0.372807,0.013672,0.063019,0.05371,0.059169,0.182639,0.02726,0.024717,0.050341,0.152666,,5150800,,
0,0,,0.80315,0.009791,0.020649,0.001462,0.070561,0.00157,0.013429,0.006419,0.044843,0.028127,,5081000,,
0,0,,0.434572,0.027409,0.02854,0.06399,0.074686,0.157064,0.006871,0.035578,0.02893,0.142359,,4943000,,
0,0,,0.7204,0.011274,0.024838,0.002658,0.104074,0.003525,0.057645,0.010707,0.0388,0.02608,,4936900,,
0,0,,0.80315,0.009791,0.020649,0.001462,0.070561,0.00157,0.013429,0.006419,0.044843,0.028127,,4982200,,
0,0,,0.80315,0.009791,0.020649,0.001462,0.070561,0.00157,0.013429,0.006419,0.044843,0.028127,,4993400,,
0,0,,0.80315,0.009791,0.020649,0.001462,0.070561,0.00157,0.013429,0.006419,0.044843,0.028127,,5001600,,
0,0,,0.80315,0.009791,0.020649,0.001462,0.070561,0.00157,0.013429,0.006419,0.044843,0.028127,,4956700,,
0,0,,0.294091,0.032619,0.066481,0.026607,0.078719,0.014687,0.216286,0.021092,0.241112,0.008307,,4947200,,
1,1,,0.054641,0.450204,0.074861,0.079527,0.033593,0.055965,0.004229,0.128327,0.031499,0.087154,,4959200,,
1,1,,0.00588,0.510404,0.057842,0.072795,0.067988,0.050228,0.030575,0.130471,0.028414,0.045403,,4996700,,
1,7,,0.006105,0.143339,0.123099,0.193544,0.023033,0.073864,0.004338,0.308798,0.045973,0.077908,,4963800,,
1,1,,0.005018,0.415686,0.080427,0.093308,0.030281,0.071133,0.005293,0.204886,0.033776,0.060193,,4937700,,
1,1,,0.004188,0.532772,0.064271,0.090537,0.031028,0.060473,0.006335,0.131571,0.022169,0.056655,,5052500,,
1,1,,0.003604,0.51483,0.082472,0.086961,0.049952,0.055224,0.006087,0.118951,0.028921,0.052998,,5022300,,
1,1,,0.012837,0.463027,0.118926,0.041818,0.030995,0.044661,0.04331,0.084651,0.133471,0.026304,,4940600,,
1,1,,0.006338,0.307069,0.101673,0.130951,0.044897,0.12369,0.004338,0.141737,0.072955,0.066353,,5046000,,
1,1,,0.024659,0.250705,0.236144,0.101315,0.068335,0.048465,0.062946,0.114138,0.04987,0.043424,,4961200,,
1,1,,0.018733,0.426726,0.074899,0.042663,0.143862,0.034146,0.064162,0.097145,0.066543,0.031121,,4971500,,
1,1,,0.006403,0.482854,0.05956,0.072928,0.056723,0.04944,0.039604,0.144486,0.042452,0.045548,,4970700,,
1,1,,0.004014,0.499587,0.066467,0.120849,0.029703,0.063295,0.005877,0.10333,0.020461,0.086418,,4955500,,
1,1,,0.004779,0.391324,0.101771,0.128764,0.027559,0.077063,0.005739,0.165821,0.030836,0.066345,,4955700,,
1,1,,0.003604,0.532898,0.07603,0.09063,0.030498,0.059318,0.005803,0.118681,0.025974,0.056563,,4964100,,
1,1,,0.003938,0.493754,0.078719,0.103078,0.05056,0.051044,0.007512,0.128265,0.033873,0.049255,,4961800,,
1,1,,0.006719,0.418589,0.115294,0.075494,0.057068,0.054039,0.052662,0.133861,0.035379,0.050895,,4964500,,
1,1,,0.004188,0.512772,0.064271,0.090537,0.031028,0.060473,0.006335,0.131571,0.022169,0.076655,,5035100,,
1,1,,0.007574,0.328968,0.152361,0.053536,0.107414,0.062955,0.074382,0.105521,0.071986,0.035304,,4991700,,
1,1,,0.012837,0.463027,0.138926,0.041818,0.030995,0.024661,0.04331,0.084651,0.133471,0.026304,,4974700,,
1,1,,0.104596,0.369035,0.072508,0.081311,0.061602,0.039791,0.002435,0.100391,0.042836,0.125496,,5000000,,
1,1,,0.005018,0.440297,0.088243,0.090941,0.03035,0.066913,0.006187,0.174969,0.040245,0.056838,,5006000,,
1,1,,0.025327,0.487753,0.075489,0.086925,0.029097,0.074167,0.006196,0.123153,0.039158,0.052734,,4975000,,
1,1,,0.003938,0.490848,0.067493,0.090932,0.031038,0.059358,0.006335,0.167609,0.026275,0.056175,,4986500,,
1,2,,0.009312,0.227711,0.254383,0.105734,0.040151,0.117109,0.004643,0.108032,0.031862,0.101063,,4979700,,
1,1,,0.055257,0.357082,0.113,0.017501,0.094618,0.012785,0.058847,0.068061,0.206557,0.016291,,4982000,,
1,4,,0.020211,0.252818,0.052246,0.058463,0.294185,0.029514,0.072943,0.089796,0.10312,0.026705,,5014000,,
1,1,,0.003854,0.534821,0.072809,0.090236,0.030489,0.060434,0.005803,0.122642,0.021868,0.057043,,4995000,,
1,1,,0.004188,0.492772,0.064271,0.110537,0.031028,0.060473,0.006335,0.151571,0.022169,0.056655,,5028900,,
1,1,,0.004144,0.407241,0.05892,0.193235,0.029614,0.065209,0.006007,0.121861,0.040764,0.073005,,5045500,,
1,1,,0.003604,0.49483,0.082472,0.086961,0.069952,0.055224,0.006087,0.118951,0.028921,0.052998,,5079500,,
1,4,,0.024165,0.125101,0.140473,0.016745,0.223439,0.03615,0.144827,0.162501,0.113362,0.013236,,5061500,,
1,1,,0.031722,0.301951,0.101858,0.039062,0.123178,0.027794,0.154718,0.084787,0.111823,0.023108,,5030600,,
1,1,,0.005547,0.512453,0.06638,0.072493,0.067449,0.050189,0.030044,0.121542,0.028112,0.045791,,5020800,,
2,2,,0.00444,0.123233,0.395466,0.136909,0.02332,0.070808,0.004426,0.141405,0.028854,0.071138,,5076900,,
2,2,,0.020303,0.035609,0.312127,0.046492,0.097344,0.119157,0.112538,0.030905,0.112565,0.11296,,5027200,,
2,2,,0.009901,0.064859,0.369827,0.076016,0.038138,0.145363,0.004263,0.098394,0.031985,0.161254,,4989900,,
2,2,,0.004243,0.203416,0.30668,0.111545,0.031206,0.066794,0.005114,0.129511,0.07918,0.062309,,5849400,,
2,2,,0.005943,0.102204,0.333301,0.167692,0.022272,0.072189,0.004622,0.156919,0.063343,0.071515,,5143200,,
2,2,,0.004042,0.107064,0.454521,0.118378,0.022708,0.058693,0.005516,0.12717,0.03751,0.064398,,5266800,,
2,2,,0.019209,0.041657,0.374079,0.068704,0.063917,0.021315,0.222692,0.033464,0.144902,0.010062,,5023500,,
2,8,,0.010139,0.114287,0.134119,0.123434,0.139307,0.102686,0.062004,0.079167,0.179824,0.055034,,5053900,,
2,2,,0.023536,0.157999,0.236362,0.04287,0.082127,0.017776,0.196244,0.033887,0.200942,0.008257,,5048100,,
2,6,,0.044041,0.02225,0.254529,0.010076,0.08538,0.015818,0.425042,0.027101,0.112501,0.003261,,4987900,,
2,1,,0.031908,0.265821,0.211579,0.073241,0.058821,0.055826,0.009765,0.140039,0.056203,0.096796,,4937600,,
2,2,,0.00925,0.132831,0.412489,0.071912,0.030544,0.035649,0.081172,0.083103,0.104607,0.038443,,5063200,,
2,2,,0.034123,0.07759,0.29345,0.080605,0.029464,0.04462,0.051507,0.091973,0.246084,0.050584,,4999800,,
2,2,,0.060859,0.054921,0.355485,0.028269,0.038695,0.013852,0.11446,0.039147,0.279856,0.014456,,5038800,,
2,2,,0.024144,0.023723,0.359831,0.013501,0.078093,0.01749,0.291917,0.029335,0.157468,0.004498,,5380100,,
2,2,,0.019237,0.058905,0.416489,0.028904,0.057555,0.020296,0.188322,0.03612,0.162791,0.011382,,5164000,,
2,2,,0.019845,0.024629,0.403708,0.039534,0.073521,0.02001,0.262745,0.031568,0.116817,0.007622,,5313700,,
2,2,,0.062333,0.058448,0.341322,0.020341,0.059624,0.01221,0.114388,0.038677,0.277423,0.015235,,5207300,,
2,2,,0.006933,0.106735,0.395844,0.06398,0.072384,0.07667,0.076709,0.105781,0.059254,0.035711,,5359800,,
2,8,,0.104378,0.042229,0.22105,0.005651,0.152498,0.00812,0.105229,0.089831,0.237172,0.033843,,5288500,,
2,2,,0.019283,0.035214,0.375039,0.030247,0.073657,0.022296,0.213919,0.077868,0.142143,0.010334,,5295600,,
2,2,,0.007461,0.087587,0.360616,0.103748,0.030078,0.087538,0.005017,0.105941,0.061784,0.150229,,5372400,,
2,2,,0.003838,0.101808,0.386751,0.140231,0.022272,0.068921,0.004622,0.172591,0.035455,0.063511,,5196500,,
2,2,,0.008748,0.095544,0.415753,0.109665,0.032476,0.096863,0.005999,0.100056,0.044716,0.09018,,5297500,,
2,2,,0.034069,0.08927,0.425496,0.058065,0.02365,0.035934,0.034756,0.085068,0.177422,0.03627,,5409700,,
2,2,,0.023504,0.03493,0.446271,0.024011,0.065669,0.019822,0.219754,0.034228,0.124038,0.007774,,5506100,,
2,4,,0.045687,0.041599,0.199508,0.009152,0.383189,0.014234,0.152582,0.070493,0.07656,0.006996,,5218400,,
2,2,,0.004428,0.108505,0.442169,0.126112,0.023692,0.070185,0.004338,0.12372,0.03115,0.065702,,5450600,,
2,2,,0.026796,0.069696,0.302666,0.084962,0.057235,0.035205,0.111065,0.071432,0.202544,0.038399,,5347200,,
2,2,,0.018963,0.04214,0.322196,0.033812,0.077786,0.020823,0.240247,0.052971,0.17902,0.012041,,4994500,,
2,2,,0.0088,0.08481,0.232948,0.09908,0.08306,0.131795,0.004415,0.160187,0.054448,0.140457,,5029000,,
2,2,,0.033498,0.044918,0.358228,0.005775,0.066335,0.008253,0.197218,0.030007,0.248643,0.007125,,5014300,,
3,3,,0.003632,0.080703,0.078069,0.556011,0.020075,0.070855,0.005068,0.096041,0.025454,0.064092,,5006200,,
3,3,,0.013406,0.068789,0.059485,0.408472,0.043997,0.217236,0.004999,0.060072,0.018217,0.105327,,5029800,,
3,3,,0.003632,0.080703,0.078069,0.513154,0.020075,0.072283,0.005068,0.096041,0.025454,0.105521,,5006500,,
3,3,,0.003632,0.080703,0.078069,0.553154,0.020075,0.072283,0.005068,0.096041,0.025454,0.065521,,4994600,,
3,3,,0.003632,0.080703,0.078069,0.533154,0.020075,0.072283,0.005068,0.096041,0.025454,0.085521,,5003900,,
3,3,,0.00323,0.174556,0.077003,0.359817,0.051026,0.10018,0.005691,0.13651,0.019102,0.072885,,5019100,,
3,3,,0.004083,0.080932,0.062403,0.562915,0.020998,0.072825,0.00563,0.096312,0.026932,0.06697,,5017700,,
3,3,,0.003822,0.07942,0.064381,0.577945,0.020989,0.069552,0.005755,0.089248,0.024172,0.064716,,5041900,,
3,3,,0.003822,0.07942,0.064381,0.577945,0.020989,0.069552,0.005755,0.089248,0.024172,0.064716,,5027800,,
3,3,,0.003822,0.07942,0.064381,0.577945,0.020989,0.069552,0.005755,0.089248,0.024172,0.064716,,4998700,,
3,3,,0.005613,0.075159,0.062849,0.516353,0.02354,0.134963,0.005665,0.084942,0.023179,0.067738,,5049900,,
3,3,,0.003751,0.128793,0.137952,0.196909,0.029987,0.134141,0.004426,0.121405,0.092188,0.150449,,5068300,,
3,3,,0.003632,0.080703,0.078069,0.553154,0.020075,0.072283,0.005068,0.096041,0.025454,0.065521,,5013200,,
3,3,,0.003822,0.07942,0.064381,0.558767,0.020989,0.069004,0.005755,0.089248,0.024172,0.084442,,5046200,,
3,3,,0.003422,0.083377,0.077391,0.441846,0.021041,0.092852,0.004898,0.095872,0.024863,0.154438,,5076800,,
3,3,,0.008578,0.053849,0.179998,0.370242,0.04742,0.039163,0.100186,0.085304,0.081693,0.033567,,5031800,,
3,3,,0.003822,0.07942,0.064381,0.578767,0.020989,0.069004,0.005755,0.089248,0.024172,0.064442,,5040500,,
3,3,,0.003822,0.07942,0.064381,0.577945,0.020989,0.069552,0.005755,0.089248,0.024172,0.064716,,5057400,,
3,3,,0.0087,0.048293,0.102861,0.443372,0.038153,0.081109,0.102288,0.060242,0.064795,0.050185,,5062700,,
3,1,,0.007325,0.322765,0.094738,0.116799,0.030896,0.066686,0.005009,0.230043,0.036982,0.088758,,5032300,,
3,3,,0.03044,0.050314,0.053108,0.469287,0.065462,0.152718,0.005299,0.057583,0.017994,0.097795,,5054000,,
3,3,,0.003941,0.179011,0.145451,0.292884,0.023566,0.06957,0.005239,0.143515,0.049538,0.087285,,5077700,,
3,3,,0.003822,0.07942,0.064381,0.577945,0.020989,0.069552,0.005755,0.089248,0.024172,0.064716,,5048000,,
3,3,,0.00628,0.099907,0.092761,0.381548,0.022877,0.105682,0.004426,0.12856,0.038976,0.118983,,5131100,,
3,3,,0.003822,0.07942,0.064381,0.577945,0.020989,0.069552,0.005755,0.089248,0.024172,0.064716,,5173900,,
3,3,,0.004307,0.148466,0.081366,0.214362,0.028949,0.212084,0.005517,0.152739,0.068812,0.083399,,5069600,,
3,3,,0.003822,0.07942,0.064381,0.577945,0.020989,0.069552,0.005755,0.089248,0.024172,0.064716,,5067500,,
3,3,,0.003822,0.07942,0.064381,0.577945,0.020989,0.069552,0.005755,0.089248,0.024172,0.064716,,5060000,,
3,3,,0.003822,0.081352,0.070822,0.514276,0.020442,0.085458,0.006039,0.089519,0.067119,0.061151,,5052500,,
3,3,,0.003822,0.07942,0.064381,0.577945,0.020989,0.069552,0.005755,0.089248,0.024172,0.064716,,5071200,,
3,3,,0.005613,0.075159,0.062849,0.496353,0.02354,0.114963,0.005665,0.084942,0.023179,0.107738,,5073900,,
3,5,,0.004366,0.148989,0.079681,0.180505,0.027884,0.252072,0.005391,0.193198,0.04698,0.060932,,5041200,,
4,4,,0.013405,0.050747,0.038448,0.04498,0.353224,0.273997,0.004382,0.046287,0.020658,0.153872,,5052800,,
4,4,,0.022609,0.062222,0.068503,0.00795,0.519993,0.013281,0.170495,0.047085,0.080304,0.00756,,5092900,,
4,4,,0.173179,0.036443,0.051692,0.007961,0.466736,0.013266,0.135042,0.041915,0.067381,0.006384,,5062300,,
4,4,,0.071156,0.036713,0.047784,0.03808,0.325349,0.209263,0.001789,0.070355,0.027122,0.172388,,5043200,,
4,4,,0.020687,0.061599,0.057508,0.008152,0.553189,0.015734,0.152582,0.046993,0.07656,0.006996,,5197800,,
4,4,,0.017392,0.117091,0.075332,0.066108,0.324382,0.062128,0.101105,0.124594,0.075984,0.035884,,5075900,,
4,4,,0.012802,0.031424,0.035939,0.046494,0.342573,0.289537,0.020938,0.036458,0.02366,0.160175,,5044100,,
4,4,,0.023687,0.041599,0.059508,0.009152,0.524189,0.016734,0.172582,0.068993,0.07656,0.006996,,5055500,,
4,4,,0.020858,0.041049,0.129427,0.011169,0.48101,0.013861,0.147147,0.04581,0.101745,0.007923,,5065800,,
4,4,,0.026771,0.079634,0.059819,0.005568,0.410158,0.017411,0.184454,0.050238,0.155435,0.010511,,5034800,,
4,4,,0.023687,0.061599,0.059508,0.009152,0.549189,0.014234,0.152582,0.046493,0.07656,0.006996,,5915400,,
4,4,,0.015183,0.091567,0.122955,0.020121,0.275642,0.040156,0.157045,0.165097,0.101205,0.011028,,5047500,,
4,4,,0.023974,0.041669,0.057361,0.007588,0.57666,0.013212,0.148417,0.044562,0.079562,0.006996,,5014900,,
4,4,,0.116029,0.176064,0.074813,0.071054,0.189012,0.104365,0.010025,0.120193,0.037492,0.100951,,5033900,,
4,4,,0.038792,0.1411,0.058746,0.039033,0.427211,0.028307,0.095986,0.082769,0.062848,0.025208,,4993800,,
4,4,,0.02404,0.085175,0.043602,0.067061,0.459446,0.05617,0.102296,0.072275,0.052825,0.037109,,5030200,,
4,8,,0.028628,0.098013,0.086886,0.005231,0.268735,0.009647,0.124266,0.03962,0.288353,0.050621,,5037400,,
4,8,,0.023324,0.173712,0.115774,0.017969,0.203249,0.014096,0.074383,0.119908,0.241293,0.016292,,5013300,,
4,0,,0.438378,0.013843,0.034157,0.003523,0.281144,0.0063,0.149393,0.014298,0.0443,0.014663,,5017600,,
4,4,,0.023687,0.041599,0.059508,0.009152,0.549189,0.014234,0.172582,0.046493,0.07656,0.006996,,5106700,,
4,4,,0.026974,0.041669,0.059361,0.008588,0.56766,0.014212,0.148417,0.046562,0.079562,0.006996,,5075600,,
4,4,,0.117568,0.051396,0.029102,0.030474,0.321354,0.133106,0.001883,0.04012,0.023954,0.251042,,4973300,,
4,4,,0.23673,0.089105,0.071547,0.033219,0.387762,0.017817,0.05196,0.048277,0.028718,0.034864,,5010500,,
4,6,,0.024144,0.063182,0.089273,0.012405,0.119257,0.015339,0.48761,0.049699,0.134594,0.004498,,5011800,,
4,4,,0.023687,0.041599,0.119508,0.009152,0.509189,0.014234,0.152582,0.046493,0.07656,0.006996,,4971100,,
4,4,,0.022714,0.039774,0.066413,0.008208,0.351749,0.053791,0.237036,0.105103,0.1091,0.006113,,5004300,,
4,4,,0.02665,0.126163,0.065551,0.006954,0.488874,0.012943,0.137557,0.045292,0.082565,0.00745,,4988600,,
4,4,,0.020632,0.048448,0.05863,0.008356,0.546179,0.013841,0.172905,0.04718,0.075795,0.008033,,4970600,,
4,4,,0.014505,0.052086,0.037054,0.030237,0.460268,0.175808,0.031806,0.050031,0.026588,0.121618,,4998000,,
4,4,,0.129449,0.098686,0.059951,0.005652,0.432601,0.010796,0.133138,0.032383,0.088467,0.00888,,7557500,,
4,4,,0.019839,0.1562,0.110105,0.023731,0.248228,0.018763,0.140549,0.126648,0.139316,0.016623,,7543300,,
4,7,,0.06813,0.124559,0.039915,0.03468,0.198786,0.11174,0.002148,0.265791,0.023755,0.130496,,4917600,,
4,5,,0.013841,0.046682,0.035231,0.041403,0.165268,0.470386,0.021161,0.04662,0.023114,0.136293,,4877900,,
5,5,,0.011113,0.035978,0.043074,0.067305,0.061876,0.552504,0.00385,0.051649,0.023049,0.149603,,4928900,,
5,8,,0.022881,0.057993,0.117623,0.04028,0.076193,0.092464,0.194602,0.083298,0.227033,0.087634,,4934300,,
5,5,,0.014241,0.02942,0.037811,0.050789,0.0596,0.577856,0.00498,0.033253,0.021903,0.170147,,4964800,,
5,5,,0.011113,0.035978,0.043074,0.067305,0.061876,0.532504,0.00385,0.051649,0.023049,0.169603,,4919400,,
5,3,,0.004012,0.147086,0.136529,0.242056,0.02474,0.168212,0.004426,0.171918,0.032209,0.068812,,4922100,,
5,5,,0.011009,0.04211,0.04413,0.067979,0.055555,0.546051,0.00385,0.055234,0.023545,0.150538,,4987700,,
5,5,,0.004553,0.228196,0.070966,0.114831,0.031016,0.247255,0.00483,0.15615,0.074548,0.067655,,4983000,,
5,5,,0.006374,0.088826,0.082547,0.12301,0.043953,0.255009,0.032754,0.244609,0.053346,0.069574,,4946200,,
5,5,,0.014241,0.02942,0.037811,0.050789,0.158424,0.478445,0.00498,0.033253,0.021903,0.170735,,4942600,,
5,5,,0.015014,0.04289,0.033781,0.047899,0.074527,0.56534,0.005573,0.038018,0.020793,0.156165,,4943200,,
5,5,,0.014241,0.02942,0.037811,0.050789,0.0596,0.577856,0.00498,0.033253,0.021903,0.170147,,4920400,,
5,5,,0.012502,0.035004,0.065074,0.050867,0.066185,0.511779,0.004096,0.063385,0.023239,0.167869,,4948700,,
5,5,,0.01556,0.037862,0.037811,0.09192,0.084219,0.495251,0.004467,0.033253,0.021903,0.177755,,4955200,,
5,6,,0.029531,0.064931,0.086895,0.033345,0.139512,0.199302,0.203356,0.139312,0.075999,0.027818,,4979200,,
5,5,,0.003422,0.079183,0.07718,0.243259,0.020899,0.357224,0.005118,0.092427,0.026365,0.094925,,4994300,,
5,5,,0.01168,0.059593,0.04021,0.045094,0.06724,0.551291,0.003876,0.051008,0.020557,0.149453,,5003100,,
5,5,,0.01486,0.048044,0.038934,0.031657,0.137353,0.378972,0.11169,0.049625,0.066619,0.122245,,4957800,,
5,1,,0.005887,0.276569,0.07513,0.115472,0.053656,0.197061,0.005879,0.153486,0.031049,0.085811,,4995700,,
5,1,,0.00509,0.329328,0.07131,0.093065,0.050881,0.184016,0.02554,0.130394,0.02871,0.081665,,4994900,,
5,5,,0.016486,0.035559,0.039348,0.086031,0.057003,0.543419,0.004362,0.039061,0.021404,0.157327,,4959000,,
5,5,,0.035639,0.030262,0.09909,0.033311,0.093469,0.32139,0.130838,0.033716,0.124842,0.097443,,4949400,,
5,5,,0.01229,0.061691,0.057767,0.046259,0.07311,0.517154,0.004498,0.057009,0.022166,0.148056,,5006700,,
5,5,,0.012249,0.080606,0.06474,0.164301,0.0453,0.300289,0.005567,0.10971,0.028084,0.189154,,4992800,,
5,5,,0.010706,0.048585,0.045634,0.142831,0.091802,0.354455,0.005482,0.071341,0.019057,0.210106,,4988100,,
5,5,,0.011886,0.091462,0.065974,0.086111,0.038952,0.393742,0.004351,0.120891,0.031952,0.154679,,5039500,,
5,5,,0.007053,0.08187,0.070302,0.129054,0.072857,0.408924,0.004895,0.08254,0.024882,0.117623,,4999400,,
5,5,,0.053832,0.027996,0.036653,0.075587,0.063459,0.419997,0.052492,0.061815,0.027873,0.180295,,5003200,,
5,5,,0.009043,0.168048,0.066338,0.11092,0.057607,0.300142,0.005081,0.152623,0.045138,0.085062,,5056600,,
5,5,,0.003855,0.129371,0.063981,0.231697,0.027747,0.312397,0.005517,0.108575,0.052917,0.063943,,4985500,,
5,5,,0.008739,0.068311,0.088633,0.082954,0.052674,0.319965,0.112703,0.13039,0.084405,0.051225,,4982100,,
5,5,,0.011355,0.04026,0.042003,0.058244,0.089807,0.497706,0.052121,0.057953,0.028744,0.121807,,5049000,,
5,5,,0.007059,0.104079,0.081807,0.182829,0.030653,0.293708,0.005113,0.170016,0.055645,0.069091,,5173900,,
6,6,,0.02079,0.040585,0.059949,0.008583,0.228428,0.01355,0.501354,0.042355,0.077301,0.007105,,5096200,,
6,1,,0.00877,0.288448,0.096434,0.047102,0.098712,0.026854,0.255344,0.085307,0.071832,0.021197,,5040700,,
6,6,,0.06386,0.023887,0.106612,0.008887,0.122565,0.01407,0.414168,0.027468,0.194767,0.023715,,4995400,,
6,6,,0.024041,0.02225,0.078058,0.009521,0.085772,0.014544,0.623506,0.027101,0.111946,0.003261,,5030900,,
6,6,,0.024041,0.02225,0.078058,0.009521,0.085772,0.014544,0.623506,0.027101,0.111946,0.003261,,5089500,,
6,6,,0.024041,0.02225,0.078058,0.009521,0.085772,0.014544,0.623506,0.027101,0.111946,0.003261,,4980900,,
6,6,,0.039186,0.072373,0.076557,0.012562,0.203078,0.038795,0.371924,0.073865,0.102928,0.008732,,5016900,,
6,6,,0.024041,0.02225,0.078058,0.009521,0.085772,0.014544,0.623506,0.027101,0.111946,0.003261,,5050200,,
6,6,,0.024041,0.02225,0.078058,0.009521,0.085772,0.014544,0.623506,0.027101,0.111946,0.003261,,5028900,,
6,6,,0.024041,0.02225,0.078058,0.009521,0.085772,0.014544,0.623506,0.027101,0.111946,0.003261,,4951100,,
6,6,,0.020294,0.040943,0.061253,0.007934,0.251098,0.034846,0.350981,0.063591,0.162723,0.006336,,4970700,,
6,6,,0.024041,0.02225,0.078058,0.009521,0.085772,0.014544,0.623506,0.027101,0.111946,0.003261,,5063200,,
6,6,,0.024041,0.02225,0.078058,0.009521,0.085772,0.014544,0.623506,0.027101,0.111946,0.003261,,4966300,,
6,6,,0.023967,0.022563,0.082032,0.023611,0.080283,0.014851,0.607373,0.026902,0.114062,0.004356,,4992500,,
6,6,,0.024041,0.02225,0.078058,0.009521,0.085772,0.014544,0.623506,0.027101,0.111946,0.003261,,5013000,,
6,6,,0.024041,0.02225,0.078058,0.009521,0.085772,0.014544,0.623506,0.027101,0.111946,0.003261,,7049600,,
6,6,,0.024041,0.02225,0.078058,0.009521,0.085772,0.014544,0.623506,0.027101,0.111946,0.003261,,5467000,,
6,6,,0.024041,0.02225,0.078058,0.009521,0.085772,0.014544,0.623506,0.027101,0.111946,0.003261,,4981400,,
6,6,,0.024041,0.02225,0.078058,0.009521,0.085772,0.014544,0.623506,0.027101,0.111946,0.003261,,4984500,,
6,6,,0.024041,0.02225,0.078058,0.009521,0.085772,0.014544,0.623506,0.027101,0.111946,0.003261,,4942600,,
6,6,,0.024041,0.02225,0.078058,0.009521,0.085772,0.014544,0.623506,0.027101,0.111946,0.003261,,5161900,,
6,6,,0.024041,0.02225,0.078058,0.009521,0.085772,0.014544,0.623506,0.027101,0.111946,0.003261,,4989800,,
6,6,,0.02121,0.035919,0.067286,0.008585,0.169426,0.035795,0.511812,0.036513,0.087375,0.026079,,4964900,,
6,6,,0.024041,0.02225,0.078058,0.009521,0.085772,0.014544,0.623506,0.027101,0.111946,0.003261,,5028100,,
6,6,,0.024041,0.02225,0.097862,0.009521,0.08538,0.014152,0.604487,0.027101,0.111946,0.003261,,4999600,,
6,6,,0.019098,0.052075,0.066939,0.01055,0.183934,0.015593,0.483496,0.052205,0.110372,0.005738,,4992700,,
6,6,,0.024041,0.04225,0.078058,0.009521,0.085772,0.014544,0.603506,0.027101,0.111946,0.003261,,4998800,,
6,6,,0.020094,0.023469,0.08801,0.013195,0.078292,0.016158,0.611049,0.028126,0.115135,0.006472,,4983700,,
6,6,,0.024355,0.03453,0.07386,0.028979,0.144186,0.013176,0.524508,0.043099,0.108994,0.004315,,4941800,,
6,6,,0.023938,0.023265,0.075254,0.00909,0.095897,0.014228,0.614734,0.029239,0.111205,0.003151,,4981000,,
6,6,,0.027494,0.031577,0.081854,0.007597,0.081487,0.011849,0.357141,0.02895,0.347896,0.024154,,4967100,,
6,6,,0.024041,0.02225,0.078058,0.009521,0.085772,0.014544,0.623506,0.027101,0.111946,0.003261,,4990400,,
6,6,,0.05413,0.055492,0.125679,0.076662,0.062209,0.151139,0.259295,0.062391,0.079629,0.073375,,4961800,,
7,7,,0.006182,0.150989,0.068716,0.096291,0.028837,0.088919,0.00483,0.454277,0.034685,0.066273,,4960300,,
7,7,,0.004524,0.095841,0.098457,0.129457,0.039457,0.067354,0.01237,0.45832,0.033388,0.060832,,4980700,,
7,7,,0.003862,0.088925,0.116175,0.175007,0.021667,0.078608,0.004426,0.401758,0.030869,0.078705,,4950800,,
7,7,,0.003503,0.161401,0.066019,0.090041,0.028095,0.05843,0.005225,0.512339,0.02134,0.053609,,4977700,,
7,7,,0.004257,0.120788,0.092183,0.129563,0.048021,0.085886,0.020477,0.405642,0.032351,0.060832,,4998900,,
7,7,,0.004883,0.206938,0.058248,0.07387,0.076828,0.052318,0.049269,0.400988,0.030415,0.046244,,4970500,,
7,7,,0.003544,0.154182,0.085147,0.18463,0.056476,0.108119,0.005068,0.278559,0.065728,0.058547,,5015000,,
7,5,,0.01168,0.059593,0.039953,0.065094,0.126984,0.371803,0.003876,0.091008,0.020557,0.209453,,5009800,,
7,7,,0.005253,0.108869,0.076096,0.160315,0.064309,0.062055,0.028371,0.408217,0.03062,0.055896,,4994300,,
7,7,,0.004238,0.102924,0.111415,0.134342,0.046712,0.064263,0.020191,0.363269,0.072521,0.080125,,5015400,,
7,7,,0.003652,0.208293,0.084296,0.089604,0.02909,0.059522,0.005225,0.443785,0.021811,0.054723,,5004100,,
7,6,,0.018685,0.049893,0.122994,0.035692,0.226306,0.081433,0.230605,0.092292,0.109389,0.03271,,4965700,,
7,7,,0.00457,0.145562,0.065531,0.068986,0.054757,0.045191,0.041958,0.505678,0.028315,0.039451,,5013100,,
7,9,,0.045178,0.054669,0.128131,0.15488,0.075469,0.090709,0.00965,0.111269,0.107031,0.223014,,5046600,,
7,9,,0.007662,0.140603,0.056413,0.066734,0.053796,0.12108,0.004042,0.227931,0.0356,0.286139,,4966500,,
7,7,,0.003807,0.153162,0.060065,0.076855,0.038045,0.053596,0.033643,0.50971,0.023327,0.04779,,4955200,,
7,7,,0.003764,0.14147,0.070476,0.105529,0.02749,0.07165,0.00483,0.482394,0.029237,0.063159,,4957900,,
7,7,,0.003503,0.181401,0.065585,0.090041,0.028095,0.05843,0.005225,0.492774,0.02134,0.053609,,4973500,,
7,7,,0.010093,0.097793,0.101411,0.127402,0.021864,0.064512,0.004536,0.483271,0.029476,0.059643,,4979600,,
7,7,,0.003665,0.151833,0.067617,0.092864,0.028372,0.064824,0.005029,0.502051,0.025609,0.058136,,4981400,,
7,1,,0.005255,0.279835,0.08533,0.072795,0.095016,0.049996,0.030219,0.271405,0.064947,0.045201,,4981400,,
7,7,,0.026881,0.08821,0.123613,0.072724,0.150909,0.03836,0.074131,0.298714,0.07776,0.048698,,4983600,,
7,1,,0.008834,0.261763,0.088214,0.0757,0.129967,0.07377,0.02105,0.170886,0.052584,0.117232,,4992200,,
7,7,,0.005144,0.134416,0.07884,0.099051,0.055422,0.061786,0.04128,0.440901,0.031872,0.051288,,4975100,,
7,7,,0.004076,0.172187,0.067645,0.132437,0.028837,0.073264,0.00483,0.306999,0.107843,0.101881,,4982700,,
7,7,,0.003927,0.143571,0.068334,0.095149,0.027842,0.087827,0.00483,0.480726,0.027372,0.060422,,4990200,,
7,7,,0.033266,0.139261,0.053247,0.0875,0.049711,0.05644,0.063786,0.431417,0.038015,0.047357,,4970900,,
7,7,,0.003426,0.122893,0.102071,0.150197,0.022354,0.072499,0.004536,0.417295,0.029852,0.074876,,4975600,,
7,7,,0.005569,0.154418,0.066646,0.129369,0.030895,0.080866,0.004863,0.272665,0.068846,0.185864,,4993500,,
7,7,,0.015291,0.088184,0.116568,0.159352,0.020694,0.069288,0.004426,0.432014,0.030695,0.063489,,4958800,,
7,7,,0.003688,0.092356,0.103823,0.134207,0.021823,0.071846,0.004338,0.470797,0.031615,0.065507,,4959600,,
7,1,,0.007773,0.227533,0.079037,0.062191,0.071662,0.146276,0.005597,0.1672,0.077228,0.155503,,5017000,,
8,9,,0.081004,0.036436,0.075415,0.039138,0.076152,0.15806,0.009545,0.09804,0.126759,0.29945,,5040400,,
8,8,,0.065424,0.07449,0.262928,0.018172,0.057106,0.012309,0.125034,0.029128,0.34149,0.013918,,4999800,,
8,8,,0.080305,0.037145,0.088511,0.007424,0.043563,0.006754,0.120563,0.023712,0.578314,0.013708,,5008500,,
8,8,,0.058803,0.048828,0.093145,0.055932,0.053287,0.009937,0.147632,0.030119,0.493475,0.008842,,5052500,,
8,0,,0.428012,0.011567,0.104649,0.001874,0.068025,0.007888,0.015633,0.02141,0.253514,0.087428,,5011100,,
8,8,,0.077905,0.025442,0.131637,0.016129,0.053477,0.078219,0.204833,0.027222,0.355895,0.02924,,5034100,,
8,6,,0.02386,0.063887,0.162713,0.009443,0.121988,0.01516,0.336445,0.027468,0.215322,0.023715,,5009600,,
8,9,,0.055227,0.050138,0.067793,0.072217,0.044244,0.110939,0.070019,0.108316,0.190735,0.230371,,5035200,,
8,8,,0.023252,0.035024,0.166238,0.046679,0.072175,0.057922,0.20647,0.045264,0.298259,0.048717,,5043500,,
8,8,,0.108533,0.044288,0.157486,0.006858,0.055768,0.048649,0.232916,0.065309,0.27023,0.009963,,5011900,,
8,8,,0.029239,0.034728,0.169861,0.027066,0.067413,0.010474,0.214245,0.027274,0.413014,0.006686,,5074000,,
8,8,,0.049655,0.104715,0.08464,0.039145,0.102613,0.035789,0.075874,0.050509,0.441405,0.015656,,5122500,,
8,8,,0.043989,0.032574,0.148471,0.008208,0.135642,0.017133,0.22172,0.034035,0.346115,0.012112,,5079800,,
8,8,,0.097277,0.031656,0.140318,0.007065,0.042892,0.014481,0.177824,0.022827,0.448063,0.017597,,5022800,,
8,8,,0.053818,0.04112,0.097388,0.021949,0.081891,0.014214,0.173544,0.035692,0.448048,0.032337,,5047000,,
8,8,,0.074337,0.06672,0.126931,0.210386,0.038066,0.04344,0.05604,0.069092,0.230531,0.084459,,5030600,,
8,8,,0.060119,0.068366,0.085072,0.092567,0.037559,0.047924,0.10581,0.07613,0.363443,0.063009,,5044200,,
8,9,,0.007681,0.133411,0.087156,0.066396,0.078812,0.161969,0.004238,0.15397,0.067153,0.239213,,5008600,,
8,8,,0.03853,0.066737,0.065239,0.139066,0.053657,0.065488,0.11545,0.052034,0.319134,0.084666,,4996900,,
8,8,,0.111265,0.03508,0.079006,0.00492,0.048177,0.005451,0.140054,0.019437,0.52346,0.03315,,5021500,,
8,8,,0.030033,0.056973,0.210519,0.032536,0.047879,0.012789,0.140023,0.034766,0.421127,0.013355,,5001100,,
8,9,,0.040479,0.031172,0.06475,0.064694,0.049169,0.210529,0.00558,0.052978,0.136309,0.344338,,7680500,,
8,1,,0.009975,0.312831,0.094281,0.101673,0.033986,0.072206,0.012458,0.211936,0.094048,0.056607,,6674100,,
8,8,,0.031614,0.044138,0.095359,0.019683,0.059961,0.014747,0.23058,0.030664,0.461235,0.01202,,5158300,,
8,8,,0.103511,0.039906,0.069282,0.013015,0.168796,0.008957,0.156429,0.031758,0.393361,0.014986,,5101500,,
8,1,,0.026827,0.307633,0.061034,0.116393,0.066503,0.042493,0.070877,0.132873,0.09689,0.078477,,5087600,,
8,3,,0.014492,0.081035,0.176724,0.262562,0.03333,0.032508,0.063946,0.058286,0.23902,0.038098,,5045700,,
8,9,,0.023474,0.051924,0.071501,0.0457,0.104879,0.195136,0.010573,0.038343,0.119755,0.338715,,5137300,,
8,2,,0.168646,0.115427,0.205649,0.048492,0.033797,0.039063,0.048198,0.101015,0.106772,0.132941,,5102500,,
8,1,,0.075676,0.167018,0.088288,0.123994,0.072817,0.064057,0.04453,0.153534,0.139863,0.070223,,5247900,,
8,9,,0.018344,0.030589,0.12138,0.050532,0.054209,0.219574,0.015648,0.042839,0.084225,0.36266,,7967000,,
9,9,,0.024535,0.086447,0.089894,0.236513,0.027711,0.083598,0.005987,0.085175,0.026192,0.333948,,4985600,,
9,9,,0.044159,0.035108,0.059354,0.09644,0.115718,0.190377,0.003415,0.070684,0.048587,0.336157,,5015400,,
9,9,,0.220979,0.031098,0.037297,0.072795,0.074156,0.139887,0.001771,0.046872,0.023263,0.351882,,4976600,,
9,3,,0.004718,0.087344,0.075153,0.478941,0.041521,0.096191,0.005375,0.11385,0.028541,0.068366,,4969300,,
9,9,,0.014761,0.032309,0.036093,0.066977,0.0457,0.155984,0.00352,0.036961,0.028112,0.579583,,4979500,,
9,9,,0.012905,0.034065,0.03829,0.064564,0.040845,0.146074,0.003273,0.049959,0.028695,0.58133,,4984800,,
9,3,,0.00478,0.216852,0.063779,0.348067,0.027548,0.106827,0.005695,0.101284,0.025796,0.099372,,4979800,,
9,3,,0.003855,0.180016,0.084655,0.185956,0.026951,0.15072,0.005914,0.169292,0.050214,0.142427,,4983700,,
9,9,,0.014761,0.032309,0.036093,0.046977,0.0457,0.155984,0.00352,0.036961,0.028112,0.599583,,5010800,,
9,9,,0.084242,0.030459,0.037859,0.04328,0.049879,0.160056,0.003665,0.035906,0.029714,0.524943,,4980000,,
9,9,,0.031828,0.031991,0.03506,0.064421,0.040185,0.187056,0.003273,0.038131,0.025765,0.542291,,4984300,,
9,9,,0.064122,0.030169,0.035555,0.042408,0.047734,0.135245,0.00352,0.035669,0.030752,0.574828,,4995700,,
9,9,,0.062265,0.02943,0.034919,0.06437,0.050909,0.221401,0.003665,0.031268,0.027494,0.474279,,4970800,,
9,9,,0.040621,0.03855,0.034091,0.093257,0.133443,0.189063,0.004545,0.032289,0.027441,0.406701,,4990700,,
9,9,,0.045403,0.073639,0.06196,0.221941,0.033364,0.154221,0.005715,0.079935,0.048808,0.275015,,4993500,,
9,3,,0.045403,0.077834,0.062171,0.423009,0.024506,0.096412,0.005496,0.084772,0.022588,0.15781,,4977900,,
9,9,,0.062145,0.02914,0.052615,0.063498,0.048764,0.159447,0.00352,0.03103,0.028532,0.521308,,4982600,,
9,9,,0.011121,0.078648,0.085565,0.086002,0.037761,0.181218,0.004351,0.074105,0.038999,0.40223,,4997800,,
9,3,,0.008815,0.066222,0.061522,0.382768,0.029522,0.196047,0.006068,0.085152,0.034271,0.129613,,5022800,,
9,9,,0.014191,0.032599,0.040244,0.047701,0.047007,0.208037,0.003665,0.042395,0.028158,0.536003,,4982200,,
9,9,,0.062833,0.05554,0.034888,0.037784,0.048243,0.124121,0.003299,0.068026,0.068842,0.496425,,4995600,,
9,9,,0.011953,0.083624,0.093614,0.157104,0.030122,0.12238,0.004484,0.136284,0.049987,0.310447,,4992800,,
9,9,,0.012644,0.040376,0.04611,0.062311,0.041503,0.143364,0.003273,0.043689,0.026964,0.579766,,4966300,,
9,1,,0.108969,0.181407,0.082574,0.178668,0.0492,0.083931,0.002872,0.152144,0.029156,0.13108,,5021600,,
9,9,,0.01927,0.0392,0.037645,0.054318,0.046973,0.184299,0.00352,0.041306,0.047323,0.526146,,4973900,,
9,9,,0.014241,0.06942,0.037554,0.130789,0.079344,0.278369,0.00498,0.053253,0.021903,0.310147,,4976800,,
9,9,,0.014761,0.032309,0.036093,0.046977,0.0657,0.175984,0.00352,0.036961,0.048112,0.539583,,4999200,,
9,3,,0.005446,0.153527,0.114856,0.27729,0.041051,0.157002,0.006234,0.155437,0.023195,0.065964,,5022400,,
9,8,,0.129717,0.056821,0.106847,0.004002,0.217693,0.007333,0.066077,0.041801,0.349622,0.020087,,5021800,,
9,9,,0.032357,0.032433,0.039031,0.090661,0.099072,0.283413,0.004096,0.09845,0.022616,0.29787,,5019300,,
9,1,,0.009503,0.315077,0.073777,0.089664,0.047481,0.080822,0.005158,0.152567,0.084493,0.141458,,5005400,,
9,9,,0.014761,0.032309,0.036093,0.046977,0.0457,0.155984,0.00352,0.036961,0.028112,0.599583,,4976700,,