semeion,CWE,test,1,NANOSECONDS,PREDICTIONS, Generated by ClassifierExperiments.java on 2022-05-15 21:50:13.    SYSTEMPROPERTIES:{user.name:matth,os.arch:amd64,os.name:Windows 10},ENDSYSTEMPROPERTIES
No parameter info
0.7801857585139319,1994432000,1704239100,-1,97692712,10,,-1,-1
0,0,,0.679236,0.018109,0.031241,0.000947,0.100506,0.002445,0.032449,0.011767,0.097439,0.025862,,5288600,,
0,0,,0.668929,0.021893,0.032733,0.004574,0.099221,0.007279,0.027028,0.017363,0.090186,0.030795,,5229600,,
0,0,,0.665109,0.019198,0.033234,0.000996,0.100003,0.002594,0.038254,0.012559,0.101993,0.02606,,5197500,,
0,8,,0.196541,0.081348,0.066979,0.005236,0.15142,0.012444,0.200126,0.054745,0.212522,0.018639,,5204300,,
0,0,,0.679236,0.018109,0.031241,0.000947,0.100506,0.002445,0.032449,0.011767,0.097439,0.025862,,5161900,,
0,0,,0.679236,0.018109,0.031241,0.000947,0.100506,0.002445,0.032449,0.011767,0.097439,0.025862,,5066700,,
0,0,,0.679236,0.018109,0.031241,0.000947,0.100506,0.002445,0.032449,0.011767,0.097439,0.025862,,5077700,,
0,0,,0.545866,0.025796,0.04253,0.013512,0.093324,0.057455,0.038444,0.017284,0.085583,0.080206,,5108300,,
0,0,,0.679236,0.018109,0.031241,0.000947,0.100506,0.002445,0.032449,0.011767,0.097439,0.025862,,5066100,,
0,0,,0.679236,0.018109,0.031241,0.000947,0.100506,0.002445,0.032449,0.011767,0.097439,0.025862,,5072500,,
0,0,,0.665109,0.019198,0.033234,0.000996,0.100003,0.002594,0.038254,0.012559,0.101993,0.02606,,5073000,,
0,0,,0.363074,0.029577,0.040085,0.057946,0.075818,0.127318,0.043114,0.039058,0.089147,0.134863,,5084800,,
0,0,,0.679236,0.018109,0.031241,0.000947,0.100506,0.002445,0.032449,0.011767,0.097439,0.025862,,5172800,,
0,0,,0.665109,0.019198,0.033234,0.000996,0.100003,0.002594,0.038254,0.012559,0.101993,0.02606,,5109300,,
0,0,,0.668929,0.021893,0.032733,0.004574,0.099221,0.007279,0.027028,0.017363,0.090186,0.030795,,5103300,,
0,0,,0.532375,0.024434,0.037779,0.003085,0.168668,0.007577,0.116414,0.028652,0.063694,0.017322,,5154100,,
0,0,,0.648406,0.019771,0.036331,0.003435,0.107641,0.005444,0.047764,0.014444,0.095304,0.02146,,5124200,,
0,0,,0.630362,0.017309,0.030073,0.001008,0.109542,0.002629,0.06314,0.012647,0.108437,0.024852,,5090300,,
0,3,,0.152047,0.051114,0.091359,0.202765,0.046668,0.116433,0.015708,0.060094,0.117528,0.146284,,5090400,,
0,0,,0.679236,0.018109,0.031241,0.000947,0.100506,0.002445,0.032449,0.011767,0.097439,0.025862,,5243000,,
0,0,,0.341793,0.04567,0.095389,0.006418,0.140797,0.013057,0.068877,0.062882,0.186104,0.039012,,5190300,,
0,4,,0.052005,0.059431,0.08006,0.025675,0.33492,0.030563,0.189276,0.079631,0.1088,0.039641,,5184600,,
0,0,,0.679236,0.018109,0.031241,0.000947,0.100506,0.002445,0.032449,0.011767,0.097439,0.025862,,5192500,,
0,0,,0.679236,0.018109,0.031241,0.000947,0.100506,0.002445,0.032449,0.011767,0.097439,0.025862,,5184400,,
0,0,,0.512375,0.024434,0.037779,0.003085,0.188668,0.007577,0.116414,0.028652,0.063694,0.017322,,5186100,,
0,0,,0.668929,0.021893,0.032733,0.004574,0.099221,0.007279,0.027028,0.017363,0.090186,0.030795,,5196700,,
0,0,,0.518948,0.018712,0.073493,0.005123,0.114771,0.002351,0.080318,0.018695,0.121264,0.046326,,5184500,,
0,0,,0.679236,0.018109,0.031241,0.000947,0.100506,0.002445,0.032449,0.011767,0.097439,0.025862,,5227400,,
0,0,,0.679236,0.018109,0.031241,0.000947,0.100506,0.002445,0.032449,0.011767,0.097439,0.025862,,5156200,,
0,0,,0.665109,0.019198,0.033234,0.000996,0.100003,0.002594,0.038254,0.012559,0.101993,0.02606,,5178100,,
0,9,,0.199194,0.033665,0.057822,0.072792,0.051743,0.176337,0.003347,0.039324,0.10059,0.265185,,5277200,,
0,0,,0.604303,0.019286,0.052872,0.00068,0.127918,0.002312,0.032315,0.010833,0.118482,0.030999,,5321300,,
0,0,,0.678103,0.017745,0.029665,0.000947,0.10428,0.002445,0.035897,0.01199,0.093671,0.025256,,5200400,,
1,1,,0.019911,0.363729,0.117863,0.065624,0.055247,0.058928,0.030672,0.149702,0.074136,0.064188,,5202600,,
1,1,,0.007563,0.381345,0.120198,0.07825,0.030892,0.071345,0.01007,0.172242,0.053246,0.074849,,5186300,,
1,1,,0.027601,0.280435,0.097383,0.039099,0.146068,0.040549,0.130751,0.092815,0.107006,0.038293,,5154300,,
1,1,,0.047994,0.284625,0.077019,0.073504,0.089128,0.05966,0.069236,0.152411,0.094257,0.052165,,5179500,,
1,4,,0.03843,0.089696,0.098978,0.008452,0.341464,0.018152,0.202971,0.064866,0.125837,0.011153,,5160400,,
1,1,,0.006863,0.375054,0.106896,0.088524,0.031016,0.083429,0.009271,0.169403,0.044519,0.085025,,5083900,,
1,1,,0.006863,0.375054,0.106896,0.088524,0.031016,0.083429,0.009271,0.169403,0.044519,0.085025,,5118200,,
1,1,,0.105046,0.273813,0.092415,0.030052,0.122152,0.030703,0.076258,0.075479,0.157607,0.036476,,5146700,,
1,1,,0.007372,0.356877,0.113399,0.085122,0.03051,0.079141,0.009407,0.169821,0.046928,0.101422,,5103300,,
1,1,,0.007277,0.376696,0.120144,0.082559,0.029734,0.075669,0.010109,0.168976,0.050775,0.078062,,5075000,,
1,1,,0.00861,0.378015,0.109588,0.080384,0.039493,0.078533,0.009368,0.16926,0.048055,0.078695,,5069700,,
1,1,,0.006863,0.315054,0.126896,0.088524,0.031016,0.083429,0.009271,0.169403,0.044519,0.125025,,5191000,,
1,1,,0.007003,0.23644,0.123837,0.128188,0.027571,0.093887,0.007249,0.20929,0.048179,0.118356,,5370200,,
1,1,,0.027762,0.258983,0.099318,0.03918,0.135745,0.040549,0.138896,0.091928,0.129829,0.037809,,6453800,,
1,1,,0.007312,0.342815,0.107265,0.089555,0.030697,0.088111,0.009138,0.174507,0.04465,0.105949,,5634800,,
1,1,,0.006302,0.341601,0.071774,0.206724,0.033289,0.088901,0.014606,0.098305,0.038527,0.099972,,5612600,,
1,1,,0.006074,0.271453,0.124947,0.100716,0.051216,0.089421,0.010121,0.19219,0.04701,0.106852,,5322800,,
1,1,,0.006863,0.355054,0.106896,0.088524,0.051016,0.083429,0.009271,0.169403,0.044519,0.085025,,5398300,,
1,1,,0.007003,0.27644,0.123837,0.128188,0.027571,0.093887,0.007249,0.18929,0.048179,0.098356,,5327700,,
1,1,,0.007277,0.376696,0.120144,0.082559,0.029734,0.075669,0.010109,0.168976,0.050775,0.078062,,5292900,,
1,1,,0.006827,0.335782,0.06438,0.230227,0.033072,0.088489,0.014739,0.089395,0.036528,0.100562,,5272900,,
1,1,,0.006393,0.27823,0.11066,0.127142,0.049228,0.093006,0.008741,0.184834,0.047478,0.094288,,5295400,,
1,1,,0.016661,0.308143,0.093364,0.068298,0.063792,0.072072,0.062194,0.151052,0.096387,0.068038,,5301700,,
1,1,,0.036816,0.266449,0.096269,0.035149,0.128762,0.036552,0.122516,0.112704,0.128892,0.035891,,5146000,,
1,1,,0.015753,0.291601,0.104134,0.072414,0.040191,0.120719,0.010476,0.175334,0.056827,0.112552,,5130800,,
1,1,,0.007277,0.376966,0.118578,0.081506,0.031083,0.07575,0.009663,0.167032,0.054175,0.077967,,5156800,,
1,6,,0.039351,0.104653,0.145552,0.022988,0.15021,0.032194,0.208024,0.08837,0.183963,0.024694,,5114000,,
1,0,,0.246945,0.199653,0.106764,0.03037,0.101537,0.026522,0.071007,0.070577,0.114925,0.0317,,5142900,,
1,1,,0.006863,0.355054,0.106896,0.088524,0.031016,0.083429,0.009271,0.189403,0.044519,0.085025,,5190500,,
1,1,,0.008003,0.26349,0.124787,0.120454,0.028921,0.11872,0.007499,0.180723,0.046379,0.101022,,5217700,,
1,1,,0.00656,0.337215,0.068547,0.218827,0.034605,0.086489,0.015439,0.097461,0.036694,0.098162,,5161100,,
1,1,,0.006863,0.375054,0.106896,0.088524,0.031016,0.083429,0.009271,0.169403,0.044519,0.085025,,5320000,,
1,1,,0.006863,0.375054,0.106896,0.088524,0.031016,0.083429,0.009271,0.169403,0.044519,0.085025,,5124800,,
2,3,,0.00969,0.139986,0.106728,0.192768,0.087911,0.109437,0.042149,0.09035,0.104086,0.116895,,5089500,,
2,2,,0.115785,0.127988,0.171092,0.130536,0.036856,0.092665,0.002216,0.166165,0.061702,0.094995,,5193100,,
2,2,,0.007579,0.145236,0.32191,0.090981,0.026894,0.070699,0.009864,0.163936,0.083615,0.079286,,5100100,,
2,2,,0.009359,0.135594,0.226039,0.115913,0.035447,0.143366,0.007806,0.15061,0.047738,0.128127,,5090500,,
2,5,,0.029204,0.109839,0.112652,0.082123,0.166255,0.170927,0.058213,0.105351,0.043377,0.122058,,5179200,,
2,2,,0.013118,0.154257,0.226857,0.113042,0.039447,0.144065,0.007565,0.130699,0.045088,0.125862,,5057300,,
2,6,,0.032122,0.041373,0.240952,0.019073,0.135008,0.029397,0.322283,0.048814,0.11597,0.015008,,5064800,,
2,6,,0.041703,0.038166,0.238795,0.012024,0.142412,0.02104,0.30616,0.040676,0.152046,0.006977,,5075800,,
2,2,,0.032541,0.122394,0.251645,0.081092,0.029243,0.062161,0.047354,0.159558,0.132608,0.081405,,5076600,,
2,3,,0.030912,0.147249,0.161595,0.2081,0.027324,0.090275,0.004856,0.163114,0.045765,0.120809,,5058000,,
2,2,,0.009359,0.13498,0.207267,0.114247,0.035447,0.143366,0.007806,0.171663,0.047738,0.128127,,5146700,,
2,8,,0.164929,0.088144,0.147281,0.022327,0.116357,0.029608,0.117871,0.084387,0.197903,0.031193,,5061700,,
2,6,,0.041703,0.058166,0.188795,0.012024,0.142412,0.02104,0.30616,0.050676,0.172046,0.006977,,5070100,,
2,2,,0.007003,0.147493,0.241732,0.128188,0.027571,0.093887,0.007249,0.205343,0.044845,0.096689,,5170200,,
2,7,,0.006685,0.163611,0.160785,0.127318,0.02956,0.092524,0.008629,0.233926,0.044933,0.132031,,5120400,,
2,3,,0.022706,0.135521,0.10254,0.184911,0.031963,0.107978,0.050148,0.108726,0.119249,0.136258,,5147600,,
2,2,,0.028028,0.05439,0.255927,0.058072,0.050649,0.203109,0.046631,0.059996,0.065499,0.177699,,9540400,,
2,1,,0.008003,0.227024,0.18092,0.141854,0.028655,0.09872,0.007499,0.160457,0.045845,0.101022,,8730300,,
2,2,,0.024407,0.058464,0.316084,0.032575,0.089795,0.029804,0.146551,0.057637,0.215945,0.028738,,5026000,,
2,1,,0.068737,0.182497,0.168602,0.076633,0.075555,0.085305,0.027368,0.175666,0.066611,0.073026,,5040800,,
2,5,,0.025741,0.097872,0.207538,0.060266,0.050598,0.248532,0.00922,0.065981,0.048831,0.185422,,5062900,,
2,2,,0.009401,0.162661,0.219112,0.1285,0.047657,0.094947,0.008126,0.158483,0.052919,0.118195,,5051600,,
2,2,,0.109822,0.055162,0.286587,0.032085,0.047416,0.028076,0.086382,0.051339,0.270443,0.032689,,5049500,,
2,2,,0.008065,0.14763,0.245847,0.118131,0.025985,0.081856,0.008336,0.205248,0.073913,0.084988,,5067300,,
2,2,,0.010105,0.137431,0.300097,0.090302,0.029302,0.080392,0.061644,0.132883,0.096218,0.061627,,5045800,,
2,6,,0.061703,0.038166,0.158795,0.012024,0.142412,0.02104,0.30616,0.060676,0.192046,0.006977,,5040000,,
2,2,,0.009917,0.11987,0.333426,0.089897,0.029851,0.070302,0.047845,0.136599,0.093122,0.06917,,5096900,,
2,2,,0.007372,0.208638,0.232642,0.085369,0.029612,0.077878,0.008881,0.224219,0.04523,0.080158,,5174000,,
2,2,,0.021935,0.057117,0.276993,0.061632,0.098714,0.042972,0.236491,0.060412,0.104871,0.038863,,5128400,,
2,2,,0.010719,0.134523,0.221195,0.126672,0.036585,0.08385,0.049437,0.189326,0.084451,0.063242,,5149400,,
2,2,,0.109822,0.055162,0.306587,0.032085,0.047416,0.028076,0.086382,0.051339,0.250443,0.032689,,5150700,,
2,2,,0.00882,0.161754,0.31192,0.080454,0.027789,0.080317,0.010355,0.156325,0.079801,0.082466,,5107600,,
3,3,,0.009886,0.078644,0.069876,0.42342,0.024588,0.126079,0.009277,0.076637,0.031562,0.150032,,5147900,,
3,3,,0.008295,0.076911,0.070471,0.469274,0.023422,0.131348,0.00953,0.075862,0.030532,0.104355,,5125100,,
3,3,,0.00861,0.078644,0.070245,0.499656,0.023737,0.098909,0.009277,0.076424,0.030498,0.104001,,5114600,,
3,3,,0.009069,0.096591,0.097141,0.442254,0.025225,0.097989,0.010754,0.08882,0.032874,0.099284,,5129300,,
3,7,,0.007003,0.14644,0.143837,0.198188,0.027571,0.093887,0.007249,0.21429,0.064845,0.096689,,5117000,,
3,3,,0.009387,0.07942,0.080193,0.483124,0.023237,0.099352,0.009374,0.079184,0.032786,0.103942,,5129300,,
3,7,,0.007003,0.15144,0.124393,0.153743,0.027571,0.096109,0.007249,0.287623,0.045401,0.099467,,5119800,,
3,3,,0.00861,0.078644,0.070245,0.499656,0.023737,0.098909,0.009277,0.076424,0.030498,0.104001,,5130600,,
3,3,,0.008914,0.079275,0.076628,0.476957,0.030859,0.103165,0.009374,0.077768,0.032314,0.104747,,5129700,,
3,3,,0.009264,0.1369,0.146582,0.247834,0.028147,0.095423,0.007431,0.190835,0.040092,0.097492,,5160200,,
3,3,,0.009387,0.07942,0.080193,0.483124,0.023237,0.099352,0.009374,0.079184,0.032786,0.103942,,5110400,,
3,3,,0.027045,0.047681,0.11252,0.234235,0.062759,0.212069,0.050015,0.046106,0.047787,0.159783,,5151900,,
3,3,,0.009387,0.07942,0.080193,0.483124,0.023237,0.099352,0.009374,0.079184,0.032786,0.103942,,5109100,,
3,3,,0.00861,0.078644,0.070245,0.499656,0.023737,0.098909,0.009277,0.076424,0.030498,0.104001,,5108800,,
3,3,,0.017855,0.073924,0.069496,0.485658,0.026082,0.1077,0.012978,0.072905,0.032757,0.100645,,5120900,,
3,3,,0.00861,0.078644,0.070245,0.499656,0.023737,0.098909,0.009277,0.076424,0.030498,0.104001,,5123200,,
3,3,,0.009387,0.07942,0.080193,0.463124,0.023237,0.099352,0.009374,0.099184,0.032786,0.103942,,5134300,,
3,3,,0.008965,0.082593,0.070613,0.489634,0.02404,0.099131,0.009047,0.082226,0.030926,0.102826,,5117200,,
3,3,,0.009387,0.07942,0.080193,0.483124,0.023237,0.099352,0.009374,0.079184,0.032786,0.103942,,5080700,,
3,3,,0.009721,0.078644,0.073023,0.493545,0.023737,0.10002,0.009277,0.077535,0.030498,0.104001,,5092400,,
3,3,,0.00861,0.078644,0.090245,0.459656,0.023737,0.098909,0.009277,0.076424,0.050498,0.104001,,5114400,,
3,3,,0.042434,0.076502,0.051966,0.252456,0.039594,0.206193,0.008498,0.054564,0.034899,0.232893,,5185300,,
3,3,,0.021668,0.055394,0.052037,0.265801,0.041476,0.247238,0.008744,0.059804,0.029502,0.218335,,5147600,,
3,3,,0.00746,0.088086,0.087981,0.440922,0.023049,0.111937,0.009348,0.090238,0.034969,0.106011,,5192600,,
3,3,,0.00861,0.078644,0.070245,0.479656,0.023737,0.098909,0.009277,0.076424,0.030498,0.124001,,5121900,,
3,3,,0.008295,0.076911,0.069458,0.490893,0.023422,0.107116,0.009654,0.074849,0.031158,0.108244,,5122000,,
3,3,,0.008295,0.076911,0.069458,0.490893,0.023422,0.107116,0.009654,0.074849,0.031158,0.108244,,5134700,,
3,3,,0.00861,0.078644,0.070245,0.499656,0.023737,0.098909,0.009277,0.076424,0.030498,0.104001,,5141500,,
3,3,,0.008276,0.07942,0.077415,0.489235,0.023237,0.098241,0.009374,0.078073,0.032786,0.103942,,5133800,,
3,3,,0.00746,0.089851,0.106945,0.435565,0.023161,0.098484,0.009094,0.09099,0.035252,0.103198,,5137700,,
3,3,,0.00861,0.078644,0.070245,0.499656,0.023737,0.098909,0.009277,0.076424,0.030498,0.104001,,5291400,,
3,3,,0.009567,0.095814,0.106823,0.422549,0.026576,0.104716,0.010657,0.086273,0.031649,0.105374,,5364000,,
4,5,,0.057857,0.086931,0.146054,0.046464,0.057231,0.221958,0.085712,0.065282,0.093009,0.139503,,5637200,,
4,4,,0.048085,0.057309,0.072752,0.007976,0.363418,0.017348,0.227779,0.077373,0.116933,0.011026,,5613000,,
4,4,,0.027744,0.062466,0.049564,0.051896,0.249213,0.207466,0.053962,0.111075,0.043682,0.142932,,5498600,,
4,4,,0.029966,0.062022,0.04912,0.050785,0.277975,0.182641,0.05428,0.090948,0.043015,0.159249,,5269100,,
4,4,,0.068368,0.066668,0.114014,0.008306,0.264862,0.017766,0.210436,0.056253,0.180818,0.012508,,5397700,,
4,9,,0.054271,0.073959,0.050338,0.061551,0.08505,0.207978,0.004274,0.087086,0.03855,0.336943,,5269500,,
4,4,,0.295971,0.042012,0.045281,0.01353,0.326868,0.018695,0.133198,0.047736,0.055071,0.021638,,5340600,,
4,4,,0.157821,0.054857,0.103938,0.028222,0.174119,0.052847,0.131904,0.099757,0.142962,0.053573,,5411400,,
4,4,,0.039161,0.057583,0.074122,0.008524,0.404212,0.01817,0.214651,0.057302,0.11525,0.011026,,5568700,,
4,4,,0.03843,0.064386,0.078906,0.007976,0.375332,0.017604,0.204588,0.079541,0.121955,0.011283,,5336100,,
4,4,,0.029566,0.089862,0.065023,0.05396,0.246177,0.159668,0.054213,0.133915,0.048165,0.119451,,5275000,,
4,5,,0.098249,0.04637,0.047349,0.055822,0.159179,0.249542,0.00459,0.058427,0.048607,0.231864,,5304900,,
4,9,,0.0287,0.060928,0.052659,0.065098,0.07948,0.214321,0.006667,0.162057,0.042899,0.287192,,5247400,,
4,5,,0.025279,0.079475,0.054094,0.066868,0.125131,0.293504,0.006983,0.118546,0.033163,0.196957,,5302400,,
4,4,,0.039161,0.057583,0.074122,0.008524,0.404212,0.01817,0.214651,0.057302,0.11525,0.011026,,5302700,,
4,4,,0.036524,0.067399,0.063527,0.048367,0.357934,0.035893,0.203777,0.063372,0.095008,0.028199,,5161400,,
4,4,,0.039161,0.062893,0.074194,0.009,0.390345,0.018718,0.213035,0.062627,0.119131,0.010897,,5146500,,
4,4,,0.029453,0.105983,0.089949,0.032436,0.320843,0.031426,0.181143,0.067144,0.112394,0.029231,,5179200,,
4,4,,0.039161,0.057583,0.074122,0.008524,0.404212,0.01817,0.214651,0.057302,0.11525,0.011026,,5195300,,
4,4,,0.020572,0.133246,0.107495,0.041904,0.253282,0.036551,0.158633,0.109564,0.104244,0.034509,,5142900,,
4,4,,0.048085,0.057309,0.100752,0.011976,0.343418,0.021348,0.231779,0.057373,0.116933,0.011026,,5153700,,
4,4,,0.039161,0.057583,0.074122,0.008524,0.404212,0.01817,0.214651,0.057302,0.11525,0.011026,,5138700,,
4,4,,0.039238,0.062239,0.063051,0.021696,0.361846,0.061741,0.183662,0.085142,0.095176,0.02621,,5140900,,
4,4,,0.075299,0.055727,0.068574,0.007848,0.404142,0.016964,0.193942,0.055685,0.110867,0.010952,,5125600,,
4,0,,0.247916,0.141227,0.098216,0.029529,0.149264,0.028754,0.052905,0.062005,0.115856,0.074327,,5140700,,
4,5,,0.027501,0.05903,0.05365,0.085757,0.173893,0.288679,0.007301,0.078419,0.032496,0.193274,,5161200,,
4,6,,0.037356,0.072439,0.073632,0.043335,0.236717,0.033921,0.273109,0.102861,0.102634,0.023997,,5153700,,
4,5,,0.025279,0.059475,0.054094,0.066868,0.105131,0.353504,0.006983,0.098546,0.033163,0.196957,,5146300,,
4,4,,0.052247,0.05709,0.071937,0.008446,0.404433,0.017934,0.206619,0.056406,0.113738,0.01115,,5162000,,
4,5,,0.025279,0.059475,0.054094,0.066868,0.125131,0.273504,0.006983,0.138546,0.033163,0.216957,,5139900,,
4,4,,0.039161,0.057583,0.074122,0.008524,0.398498,0.01817,0.214651,0.063016,0.11525,0.011026,,5193000,,
4,4,,0.038963,0.076278,0.070157,0.025595,0.352654,0.043801,0.171844,0.100646,0.091186,0.028876,,5166100,,
4,6,,0.043428,0.08889,0.131941,0.020841,0.162903,0.049716,0.189015,0.0783,0.172417,0.062548,,5124000,,
5,5,,0.031168,0.0499,0.047783,0.073022,0.133623,0.314186,0.076512,0.063199,0.064072,0.146536,,5139400,,
5,5,,0.025041,0.058364,0.056535,0.070194,0.05265,0.405359,0.007236,0.091188,0.03486,0.198574,,5202700,,
5,5,,0.02627,0.048384,0.048644,0.089164,0.051598,0.434445,0.007862,0.054113,0.033445,0.206076,,5163700,,
5,5,,0.02627,0.048384,0.048644,0.089164,0.051598,0.434445,0.007862,0.054113,0.033445,0.206076,,8551700,,
5,5,,0.024679,0.058341,0.056165,0.074357,0.052728,0.424618,0.007236,0.066624,0.034072,0.20118,,5239000,,
5,5,,0.007329,0.168627,0.099733,0.102539,0.030747,0.246904,0.01051,0.168048,0.068614,0.096949,,5050900,,
5,3,,0.008767,0.116449,0.069275,0.252531,0.031993,0.233459,0.014097,0.088832,0.060985,0.123612,,5071500,,
5,5,,0.024679,0.058341,0.056165,0.094357,0.052728,0.404618,0.007236,0.066624,0.034072,0.20118,,4999700,,
5,5,,0.026739,0.086848,0.069182,0.073096,0.062447,0.372417,0.007234,0.092822,0.032858,0.176357,,5007900,,
5,7,,0.006429,0.21935,0.107419,0.090695,0.051518,0.131309,0.009891,0.230273,0.067438,0.085678,,5141600,,
5,5,,0.027222,0.049971,0.047631,0.087267,0.059535,0.42693,0.007609,0.05437,0.032939,0.206526,,5128900,,
5,3,,0.007129,0.08069,0.110262,0.276111,0.022402,0.153705,0.011441,0.096355,0.061796,0.18011,,5134700,,
5,5,,0.008438,0.159791,0.11172,0.100402,0.030107,0.250523,0.008869,0.165666,0.050334,0.114151,,5202600,,
5,5,,0.025599,0.04899,0.048431,0.097404,0.050747,0.4336,0.007862,0.0539,0.033594,0.199873,,5167600,,
5,5,,0.027046,0.050049,0.082262,0.079035,0.049964,0.407973,0.0087,0.05825,0.040489,0.196232,,5139800,,
5,5,,0.040304,0.128112,0.152652,0.097475,0.037871,0.208261,0.034981,0.144962,0.06938,0.086001,,5187900,,
5,9,,0.030979,0.077092,0.051873,0.064976,0.071671,0.229027,0.006819,0.117241,0.035737,0.314585,,5161000,,
5,5,,0.009692,0.11815,0.102758,0.170223,0.035947,0.226257,0.007709,0.132295,0.046006,0.150963,,5149700,,
5,3,,0.00957,0.06894,0.069276,0.307109,0.023746,0.193496,0.01225,0.066381,0.079914,0.169319,,5173400,,
5,5,,0.025041,0.078364,0.076535,0.070194,0.052376,0.285907,0.007236,0.151188,0.03486,0.2183,,5141900,,
5,7,,0.008003,0.165357,0.145123,0.140188,0.028655,0.103938,0.007499,0.201326,0.045845,0.154066,,5183500,,
5,3,,0.008122,0.107223,0.068471,0.275981,0.030919,0.236886,0.01682,0.082623,0.048189,0.124767,,5186900,,
5,5,,0.02627,0.048384,0.048644,0.089164,0.051598,0.434445,0.007862,0.054113,0.033445,0.206076,,5048400,,
5,5,,0.030911,0.060919,0.052326,0.052302,0.149846,0.288213,0.076216,0.081345,0.048053,0.159869,,5086100,,
5,5,,0.028562,0.042684,0.069469,0.071214,0.089324,0.322205,0.066608,0.044853,0.082024,0.183058,,5271200,,
5,5,,0.006748,0.182179,0.111027,0.117121,0.02953,0.233228,0.008511,0.170637,0.047906,0.093114,,5168700,,
5,5,,0.02627,0.048384,0.048644,0.089164,0.051598,0.434445,0.007862,0.054113,0.033445,0.206076,,5163400,,
5,5,,0.025041,0.058364,0.056535,0.070194,0.05265,0.425359,0.007236,0.071188,0.03486,0.198574,,5229200,,
5,5,,0.027263,0.057919,0.076091,0.069082,0.061412,0.380533,0.007554,0.091061,0.034193,0.194891,,5142900,,
5,5,,0.02627,0.048384,0.048644,0.089164,0.051598,0.434445,0.007862,0.054113,0.033445,0.206076,,5100000,,
5,5,,0.016436,0.127989,0.096619,0.084831,0.063489,0.230688,0.075405,0.167839,0.064211,0.072492,,5262800,,
5,5,,0.028854,0.047962,0.04857,0.083889,0.060008,0.430908,0.008179,0.05855,0.033566,0.199513,,5183600,,
6,6,,0.04123,0.036057,0.107873,0.030042,0.143803,0.021032,0.390416,0.042007,0.180939,0.0066,,5179700,,
6,6,,0.258963,0.032307,0.057619,0.008184,0.2045,0.015042,0.28134,0.030316,0.103353,0.008374,,5182100,,
6,6,,0.04123,0.056057,0.087873,0.010042,0.143803,0.021032,0.470416,0.042007,0.120939,0.0066,,5234200,,
6,6,,0.032063,0.038671,0.089365,0.023819,0.135084,0.030482,0.475945,0.045161,0.114318,0.015091,,5244700,,
6,6,,0.04123,0.036057,0.087873,0.010042,0.143803,0.021032,0.490416,0.042007,0.120939,0.0066,,5276800,,
6,6,,0.076865,0.046955,0.080865,0.012522,0.275659,0.023044,0.311727,0.048942,0.115009,0.008412,,5178000,,
6,6,,0.041734,0.114717,0.128789,0.032605,0.102641,0.03402,0.338342,0.070478,0.107793,0.028882,,5412500,,
6,6,,0.049651,0.048537,0.077043,0.00865,0.194935,0.019428,0.421564,0.05063,0.121076,0.008487,,5223500,,
6,6,,0.04123,0.036057,0.087873,0.010042,0.143803,0.021032,0.490416,0.042007,0.120939,0.0066,,5518300,,
6,6,,0.04123,0.036057,0.087873,0.010042,0.143803,0.021032,0.490416,0.042007,0.120939,0.0066,,5216100,,
6,6,,0.04123,0.036057,0.087873,0.010042,0.143803,0.021032,0.490416,0.042007,0.120939,0.0066,,5234500,,
6,6,,0.050155,0.035783,0.086503,0.009494,0.14301,0.02021,0.483545,0.042078,0.122623,0.0066,,5201700,,
6,6,,0.039664,0.044829,0.083582,0.009368,0.192287,0.018951,0.436632,0.048751,0.116797,0.009139,,5217800,,
6,6,,0.04123,0.036057,0.087873,0.010042,0.143803,0.021032,0.490416,0.042007,0.120939,0.0066,,5181500,,
6,6,,0.04123,0.056057,0.087873,0.010042,0.143803,0.021032,0.470416,0.042007,0.120939,0.0066,,5200100,,
6,6,,0.04123,0.036057,0.087873,0.010042,0.143803,0.021032,0.490416,0.042007,0.120939,0.0066,,5243100,,
6,6,,0.040727,0.048811,0.078413,0.009198,0.215728,0.04025,0.368436,0.050559,0.139393,0.008487,,5181400,,
6,6,,0.04123,0.036057,0.087873,0.010042,0.143803,0.041032,0.470416,0.042007,0.120939,0.0066,,5231000,,
6,6,,0.04123,0.036057,0.087873,0.010042,0.143803,0.021032,0.490416,0.042007,0.120939,0.0066,,5322300,,
6,6,,0.065306,0.058986,0.090192,0.009316,0.15746,0.019742,0.341167,0.039668,0.210149,0.008012,,5288100,,
6,6,,0.021448,0.090277,0.116635,0.032613,0.100946,0.054207,0.379277,0.065344,0.110944,0.02831,,5366500,,
6,1,,0.009716,0.354391,0.127801,0.066815,0.051254,0.060231,0.04847,0.143295,0.075385,0.062643,,5276200,,
6,6,,0.052751,0.049647,0.08147,0.009766,0.19864,0.039264,0.326983,0.093179,0.139166,0.009133,,5238900,,
6,1,,0.010159,0.351182,0.134728,0.067824,0.032174,0.060981,0.062555,0.142124,0.076162,0.062111,,5380900,,
6,6,,0.040727,0.048811,0.078413,0.009198,0.215728,0.04025,0.388436,0.050559,0.119393,0.008487,,5270100,,
6,6,,0.031367,0.043764,0.093558,0.016809,0.135117,0.048638,0.44346,0.048047,0.12461,0.014631,,5258600,,
6,6,,0.04123,0.036057,0.087873,0.010042,0.143803,0.021032,0.490416,0.042007,0.120939,0.0066,,5302100,,
6,6,,0.04123,0.036057,0.087873,0.030042,0.14343,0.020471,0.471351,0.042007,0.120939,0.0066,,5241300,,
6,6,,0.04123,0.036057,0.087873,0.010042,0.143803,0.021032,0.490416,0.042007,0.120939,0.0066,,5258800,,
6,6,,0.04123,0.036057,0.087873,0.010042,0.143803,0.021032,0.490416,0.042007,0.120939,0.0066,,5262800,,
6,6,,0.050769,0.035642,0.115661,0.011617,0.162073,0.020313,0.411296,0.061797,0.123856,0.006977,,5134800,,
6,6,,0.04123,0.036057,0.087873,0.010042,0.143803,0.021032,0.490416,0.042007,0.120939,0.0066,,5130700,,
6,6,,0.04123,0.036057,0.087873,0.010042,0.143803,0.021032,0.490416,0.042007,0.120939,0.0066,,5260000,,
7,1,,0.036811,0.212381,0.087199,0.064284,0.11019,0.07678,0.054172,0.211997,0.051552,0.094634,,5183200,,
7,7,,0.007197,0.16994,0.111396,0.118152,0.029212,0.097909,0.008378,0.295741,0.048037,0.114038,,5184600,,
7,7,,0.007003,0.14644,0.124789,0.128188,0.027571,0.093887,0.007249,0.323338,0.044845,0.096689,,5206700,,
7,7,,0.088853,0.148648,0.149076,0.081658,0.050921,0.077345,0.003491,0.234314,0.064144,0.101551,,5179100,,
7,6,,0.03732,0.070967,0.097686,0.024118,0.179254,0.0426,0.257783,0.161222,0.105044,0.024005,,5182100,,
7,7,,0.007003,0.17644,0.123837,0.128188,0.027571,0.153887,0.007249,0.20929,0.048179,0.118356,,5289800,,
7,7,,0.007337,0.145664,0.11762,0.138609,0.028071,0.094555,0.007152,0.321689,0.042557,0.096747,,5189400,,
7,7,,0.015872,0.154836,0.088714,0.076675,0.101739,0.087955,0.054049,0.294978,0.056101,0.06908,,5484500,,
7,4,,0.027609,0.170627,0.137409,0.036153,0.17983,0.038541,0.147176,0.128764,0.09939,0.034503,,5471900,,
7,1,,0.008264,0.261171,0.109533,0.088859,0.044922,0.091827,0.009138,0.217079,0.062772,0.106435,,5376500,,
7,7,,0.007003,0.18644,0.124789,0.128188,0.027571,0.093887,0.007249,0.283338,0.044845,0.096689,,5398200,,
7,7,,0.01069,0.129147,0.137066,0.126474,0.055408,0.070465,0.03916,0.291212,0.066599,0.073779,,5345000,,
7,7,,0.007003,0.15144,0.124393,0.133743,0.027571,0.096109,0.007249,0.307623,0.045401,0.099467,,5486700,,
7,7,,0.007003,0.15144,0.123837,0.128188,0.027571,0.095554,0.007249,0.317623,0.044845,0.096689,,5751700,,
7,7,,0.026855,0.187847,0.102386,0.120743,0.0362,0.079548,0.009445,0.315429,0.040462,0.081084,,5533000,,
7,7,,0.007003,0.161342,0.160054,0.129655,0.027459,0.125583,0.007502,0.240205,0.044472,0.096724,,5457300,,
7,7,,0.007312,0.204681,0.106732,0.089289,0.030431,0.088111,0.009138,0.334241,0.044116,0.085949,,5491100,,
7,7,,0.006598,0.2541,0.10508,0.088373,0.054617,0.08196,0.008612,0.276006,0.041762,0.082893,,5432000,,
7,7,,0.01711,0.158212,0.091517,0.069457,0.072961,0.077266,0.063728,0.317328,0.063551,0.068871,,5343200,,
7,7,,0.006878,0.182111,0.107788,0.091726,0.0312,0.094324,0.009759,0.342044,0.047568,0.086602,,5336500,,
7,1,,0.01657,0.24978,0.087606,0.068478,0.097045,0.071995,0.053931,0.215775,0.0497,0.08912,,5373000,,
7,7,,0.01908,0.153563,0.202024,0.098081,0.056451,0.058561,0.032979,0.226487,0.090852,0.061923,,5393300,,
7,7,,0.04912,0.116924,0.086488,0.055868,0.099904,0.087709,0.093147,0.26266,0.082317,0.065864,,6102700,,
7,7,,0.047214,0.114263,0.062725,0.155009,0.100549,0.081092,0.087946,0.233493,0.064776,0.052933,,5266900,,
7,7,,0.007003,0.14644,0.124789,0.128188,0.027571,0.093887,0.007249,0.323338,0.044845,0.096689,,5409700,,
7,6,,0.029985,0.110951,0.124936,0.030134,0.123051,0.041104,0.199342,0.135115,0.17346,0.031921,,5390600,,
7,7,,0.007337,0.155664,0.136667,0.138609,0.028071,0.094555,0.007152,0.247641,0.065891,0.118414,,5326000,,
7,7,,0.006878,0.177005,0.107565,0.092239,0.030568,0.094727,0.009233,0.350042,0.046404,0.085339,,5314000,,
7,7,,0.03752,0.158736,0.159145,0.089654,0.031758,0.090337,0.011676,0.231692,0.114976,0.074506,,5326700,,
7,1,,0.016801,0.285344,0.089384,0.068567,0.093733,0.07268,0.075867,0.173273,0.056404,0.067947,,5262700,,
7,7,,0.008997,0.138333,0.110748,0.176434,0.029681,0.093423,0.008131,0.298902,0.040258,0.095092,,5337300,,
7,7,,0.007312,0.194576,0.106508,0.089802,0.029799,0.086848,0.008612,0.348905,0.042952,0.084686,,5288600,,
8,8,,0.182084,0.030834,0.089473,0.007083,0.069054,0.012319,0.13981,0.027954,0.425041,0.016349,,5458300,,
8,8,,0.119034,0.057605,0.21366,0.043137,0.047754,0.027786,0.087084,0.063674,0.307831,0.032434,,5544700,,
8,2,,0.014307,0.108022,0.193565,0.142624,0.029745,0.08808,0.037139,0.138136,0.177091,0.071291,,5709900,,
8,0,,0.393048,0.026297,0.093256,0.004266,0.096416,0.026616,0.076,0.016133,0.248054,0.019915,,5303200,,
8,9,,0.028049,0.062644,0.056796,0.071035,0.047043,0.214855,0.006819,0.070375,0.037485,0.4049,,5318000,,
8,8,,0.05279,0.04251,0.102058,0.007732,0.123678,0.01639,0.199084,0.039007,0.406467,0.010285,,5246200,,
8,8,,0.041989,0.055768,0.109727,0.007633,0.187864,0.018162,0.212806,0.069981,0.286562,0.009507,,5356300,,
8,0,,0.367878,0.028334,0.075305,0.006834,0.09865,0.010275,0.098132,0.018233,0.28044,0.015918,,5348600,,
8,8,,0.117257,0.087815,0.115677,0.045157,0.05064,0.073602,0.115008,0.124834,0.22224,0.047771,,5292000,,
8,3,,0.012352,0.162194,0.119194,0.207561,0.051802,0.086078,0.049333,0.104859,0.087494,0.119134,,5289700,,
8,8,,0.105126,0.038436,0.126701,0.029031,0.066321,0.0876,0.169244,0.034415,0.253074,0.090051,,5319200,,
8,8,,0.114768,0.094669,0.177715,0.024748,0.128793,0.020611,0.089949,0.061879,0.26024,0.026628,,5319100,,
8,8,,0.182084,0.030834,0.149473,0.007083,0.069054,0.012319,0.13981,0.027954,0.365041,0.016349,,5314400,,
8,1,,0.008706,0.186632,0.12538,0.102147,0.029789,0.099089,0.028764,0.169945,0.156605,0.092942,,5253800,,
8,8,,0.032772,0.057764,0.191534,0.094811,0.126749,0.032676,0.147747,0.050374,0.233535,0.032039,,5361000,,
8,8,,0.042992,0.072053,0.138035,0.023254,0.089759,0.022398,0.146451,0.050238,0.392746,0.022074,,5345700,,
8,1,,0.007129,0.200641,0.160721,0.080421,0.031395,0.097558,0.01069,0.179779,0.108164,0.123502,,5283800,,
8,0,,0.319411,0.027508,0.086722,0.006553,0.256975,0.010582,0.15517,0.033761,0.08468,0.018638,,5314300,,
8,3,,0.012841,0.081388,0.1297,0.266898,0.035255,0.069503,0.050071,0.080086,0.153887,0.120372,,5286200,,
8,6,,0.031157,0.042966,0.113567,0.03041,0.12792,0.038037,0.269818,0.046415,0.26284,0.03687,,5292700,,
8,8,,0.05279,0.04251,0.122058,0.007732,0.143678,0.03639,0.199084,0.039007,0.346467,0.010285,,5378600,,
8,2,,0.008959,0.15064,0.239606,0.08527,0.030182,0.099283,0.008477,0.165816,0.090883,0.120884,,5309000,,
8,8,,0.040713,0.047409,0.130827,0.008137,0.182432,0.016267,0.238054,0.048122,0.276426,0.011613,,5324800,,
8,8,,0.169522,0.036253,0.127324,0.024619,0.074529,0.024127,0.173794,0.034705,0.312541,0.022584,,5374200,,
8,6,,0.038577,0.052101,0.112976,0.009058,0.176315,0.026054,0.259619,0.05688,0.258351,0.01007,,5357600,,
8,8,,0.182084,0.030834,0.13614,0.007083,0.069054,0.012319,0.13981,0.027954,0.378374,0.016349,,5282200,,
8,3,,0.014436,0.069315,0.138515,0.365524,0.026416,0.068501,0.038148,0.068807,0.104715,0.105624,,5298100,,
8,2,,0.081732,0.118136,0.17727,0.077097,0.028934,0.058724,0.030414,0.154981,0.166987,0.105725,,5284000,,
8,5,,0.072681,0.038867,0.091266,0.083427,0.052559,0.213682,0.065652,0.063283,0.124776,0.193808,,5329400,,
8,9,,0.032468,0.049104,0.07038,0.076375,0.064149,0.207053,0.008952,0.076639,0.074864,0.340017,,5147700,,
8,2,,0.0092,0.146574,0.219199,0.081076,0.029994,0.084068,0.008718,0.182038,0.132735,0.106398,,5106800,,
9,3,,0.008437,0.108955,0.089258,0.264743,0.031234,0.12868,0.016443,0.084197,0.047529,0.220524,,5192700,,
9,9,,0.031622,0.057683,0.05232,0.070247,0.044931,0.201708,0.006667,0.066857,0.037543,0.430424,,5163300,,
9,9,,0.031622,0.057683,0.05232,0.070247,0.044931,0.201708,0.006667,0.066857,0.037543,0.430424,,5163500,,
9,5,,0.02627,0.048384,0.068644,0.129164,0.071324,0.334993,0.007862,0.054113,0.033445,0.225802,,5143200,,
9,9,,0.123435,0.041787,0.043115,0.050172,0.065282,0.21237,0.00275,0.07546,0.029195,0.356433,,5199600,,
9,9,,0.033212,0.047726,0.044799,0.085054,0.0438,0.211535,0.007292,0.054346,0.036916,0.435319,,5153100,,
9,9,,0.023386,0.064965,0.051383,0.154978,0.048155,0.221357,0.008121,0.055834,0.055017,0.316803,,5199100,,
9,3,,0.006318,0.173658,0.093221,0.215481,0.033473,0.162017,0.015094,0.114279,0.062132,0.124326,,5152700,,
9,3,,0.008295,0.083786,0.068875,0.416931,0.024047,0.105563,0.009654,0.074849,0.032408,0.175592,,5287800,,
9,9,,0.031301,0.048033,0.045854,0.086486,0.046245,0.274364,0.007445,0.053239,0.035369,0.371664,,5286800,,
9,9,,0.031984,0.057706,0.05269,0.066083,0.044853,0.202449,0.006667,0.071421,0.03833,0.427817,,5209500,,
9,9,,0.029721,0.084447,0.057138,0.070008,0.046471,0.223389,0.006667,0.074045,0.044791,0.363322,,5165300,,
9,9,,0.028338,0.062781,0.056185,0.070714,0.045043,0.203389,0.006667,0.071656,0.038887,0.41634,,5230500,,
9,9,,0.138559,0.040539,0.062273,0.048597,0.05544,0.210742,0.001634,0.069987,0.031849,0.34038,,5223600,,
9,9,,0.031622,0.057683,0.05232,0.070247,0.044931,0.221708,0.006667,0.086857,0.037543,0.390424,,5217600,,
9,9,,0.031622,0.057683,0.05232,0.090247,0.044931,0.201708,0.006667,0.066857,0.037543,0.410424,,5206300,,
9,9,,0.032923,0.047589,0.045409,0.085375,0.045801,0.243001,0.007445,0.053065,0.035513,0.40388,,5157400,,
9,9,,0.027986,0.062327,0.055127,0.065122,0.049783,0.219241,0.006667,0.103322,0.038484,0.37194,,5152900,,
9,9,,0.032923,0.047589,0.045409,0.085375,0.045801,0.243001,0.007445,0.053065,0.035513,0.40388,,5162200,,
9,9,,0.031622,0.057683,0.05232,0.070247,0.044931,0.201708,0.006667,0.066857,0.037543,0.430424,,5225400,,
9,9,,0.124901,0.040418,0.043082,0.048416,0.058489,0.179237,0.001492,0.053069,0.032782,0.418115,,5192800,,
9,9,,0.156528,0.048907,0.042523,0.13415,0.080209,0.131913,0.024339,0.061904,0.078946,0.24058,,5245800,,
9,9,,0.112429,0.057971,0.036846,0.062359,0.05847,0.200969,0.003237,0.04234,0.033022,0.392356,,5220700,,
9,9,,0.031332,0.057546,0.05293,0.070568,0.046931,0.213174,0.006819,0.065575,0.03614,0.418984,,5211200,,
9,9,,0.035203,0.08526,0.071629,0.218004,0.028557,0.158847,0.010891,0.075484,0.048238,0.267887,,5201700,,
9,9,,0.051622,0.057683,0.05232,0.070247,0.044931,0.201708,0.006667,0.086857,0.037543,0.390424,,5396900,,
9,9,,0.033212,0.047726,0.044799,0.085054,0.0438,0.211535,0.007292,0.054346,0.036916,0.435319,,7479800,,
9,9,,0.031622,0.057683,0.05232,0.070247,0.044931,0.201708,0.006667,0.086857,0.057543,0.390424,,6987500,,
9,5,,0.028925,0.049072,0.047377,0.148515,0.046982,0.310576,0.007545,0.057045,0.05842,0.245543,,6395600,,
9,9,,0.033212,0.047726,0.044799,0.085054,0.0438,0.211535,0.007292,0.054346,0.036916,0.435319,,5277500,,
9,9,,0.010334,0.1139,0.108975,0.114304,0.029676,0.124167,0.00749,0.152975,0.051259,0.28692,,5298800,,
9,9,,0.146687,0.039854,0.042578,0.049708,0.052492,0.219258,0.002745,0.051433,0.031632,0.363614,,5338800,,