semeion,CWE,test,1,NANOSECONDS,PREDICTIONS, Generated by ClassifierExperiments.java on 2022-05-16 20:48:49.    SYSTEMPROPERTIES:{user.name:matth,os.arch:amd64,os.name:Windows 10},ENDSYSTEMPROPERTIES
No parameter info
0.7616099071207431,2231087900,1662847900,-1,98675776,10,,-1,-1
0,0,,0.649468,0.016165,0.053152,0.007025,0.128392,0.006646,0.026879,0.012566,0.073906,0.025802,,5227100,,
0,0,,0.737555,0.015586,0.024729,0.000872,0.110377,0.001646,0.018592,0.00771,0.059605,0.023329,,5038500,,
0,0,,0.724991,0.017641,0.026588,0.000872,0.107306,0.001783,0.018943,0.008532,0.069468,0.023877,,5010100,,
0,8,,0.153008,0.033462,0.093298,0.004348,0.102868,0.011295,0.218839,0.049391,0.313789,0.019702,,5003000,,
0,0,,0.737555,0.015586,0.024729,0.000872,0.110377,0.001646,0.018592,0.00771,0.059605,0.023329,,5047800,,
0,0,,0.737555,0.015586,0.024729,0.000872,0.110377,0.001646,0.018592,0.00771,0.059605,0.023329,,5067400,,
0,0,,0.728984,0.015395,0.026062,0.000872,0.117996,0.001646,0.018401,0.00771,0.059605,0.023329,,4995600,,
0,0,,0.623729,0.024933,0.036252,0.00829,0.131098,0.032876,0.035599,0.01096,0.058729,0.037535,,5065400,,
0,0,,0.737555,0.015586,0.024729,0.000872,0.110377,0.001646,0.018592,0.00771,0.059605,0.023329,,5067900,,
0,0,,0.737555,0.015586,0.024729,0.000872,0.110377,0.001646,0.018592,0.00771,0.059605,0.023329,,5056000,,
0,0,,0.71642,0.01745,0.027921,0.000872,0.114925,0.001783,0.018753,0.008532,0.069468,0.023877,,5045300,,
0,0,,0.451826,0.026253,0.032488,0.041862,0.076068,0.110811,0.006384,0.03113,0.038625,0.184553,,5011000,,
0,0,,0.737555,0.015586,0.024729,0.000872,0.110377,0.001646,0.018592,0.00771,0.059605,0.023329,,4987600,,
0,0,,0.724991,0.017641,0.026588,0.000872,0.107306,0.001783,0.018943,0.008532,0.069468,0.023877,,5019400,,
0,0,,0.673643,0.016115,0.0265,0.002541,0.101075,0.023001,0.018181,0.008916,0.06625,0.063777,,5018500,,
0,0,,0.633953,0.017281,0.029843,0.00171,0.170994,0.003519,0.059071,0.011827,0.050679,0.021122,,5010600,,
0,0,,0.674168,0.023544,0.031157,0.003364,0.128581,0.006982,0.046365,0.010748,0.060281,0.014808,,5001700,,
0,0,,0.68796,0.015654,0.024388,0.000985,0.116193,0.002382,0.045151,0.029214,0.055463,0.02261,,5012900,,
0,0,,0.247213,0.064579,0.0573,0.145534,0.064482,0.065762,0.009284,0.07021,0.087958,0.187679,,4994600,,
0,0,,0.737555,0.015586,0.024729,0.000872,0.110377,0.001646,0.018592,0.00771,0.059605,0.023329,,4985800,,
0,0,,0.291125,0.064365,0.094506,0.037413,0.132414,0.010195,0.093103,0.075195,0.149353,0.052332,,5028700,,
0,4,,0.03395,0.052701,0.099838,0.0082,0.405202,0.025875,0.196654,0.054175,0.111814,0.011592,,4996100,,
0,0,,0.737555,0.015586,0.024729,0.000872,0.110377,0.001646,0.018592,0.00771,0.059605,0.023329,,5207100,,
0,0,,0.737555,0.015586,0.024729,0.000872,0.110377,0.001646,0.018592,0.00771,0.059605,0.023329,,5043900,,
0,0,,0.673953,0.017281,0.029843,0.00171,0.130994,0.003519,0.059071,0.011827,0.050679,0.021122,,4993000,,
0,0,,0.737555,0.015586,0.024729,0.000872,0.110377,0.001646,0.018592,0.00771,0.059605,0.023329,,4995300,,
0,0,,0.567339,0.016116,0.027004,0.008808,0.123118,0.001294,0.060027,0.026558,0.073166,0.09657,,5036700,,
0,0,,0.737555,0.015586,0.024729,0.000872,0.110377,0.001646,0.018592,0.00771,0.059605,0.023329,,5016700,,
0,0,,0.737555,0.015586,0.024729,0.000872,0.110377,0.001646,0.018592,0.00771,0.059605,0.023329,,4995700,,
0,0,,0.724991,0.017641,0.026588,0.000872,0.107306,0.001783,0.018943,0.008532,0.069468,0.023877,,5024500,,
0,9,,0.242734,0.017574,0.047839,0.033981,0.062745,0.189355,0.000644,0.033084,0.091833,0.28021,,5008300,,
0,0,,0.637555,0.015586,0.024729,0.000872,0.150377,0.001646,0.018592,0.00771,0.079605,0.063329,,5011800,,
0,0,,0.737555,0.015586,0.024729,0.000872,0.110377,0.001646,0.018592,0.00771,0.059605,0.023329,,5041000,,
1,1,,0.009489,0.353405,0.133233,0.070724,0.0543,0.046437,0.054247,0.131587,0.097523,0.049054,,5037000,,
1,1,,0.005458,0.363711,0.123587,0.094182,0.031846,0.053826,0.011295,0.166874,0.091162,0.058059,,5023300,,
1,1,,0.018095,0.275496,0.089713,0.051337,0.148699,0.031347,0.11532,0.137344,0.101065,0.031584,,5097900,,
1,1,,0.011032,0.335102,0.132804,0.078273,0.08832,0.050779,0.03921,0.167117,0.045987,0.051376,,5013000,,
1,4,,0.019445,0.143524,0.085846,0.013861,0.282741,0.015447,0.216559,0.092712,0.118902,0.010963,,5006400,,
1,1,,0.004564,0.40826,0.107812,0.104142,0.028156,0.062041,0.00681,0.173931,0.038015,0.06627,,5074200,,
1,1,,0.004564,0.40826,0.107812,0.104142,0.028156,0.062041,0.00681,0.173931,0.038015,0.06627,,5001200,,
1,1,,0.063636,0.274952,0.115517,0.022499,0.119603,0.017563,0.118062,0.051766,0.194927,0.021476,,5003700,,
1,1,,0.004564,0.38826,0.127812,0.104142,0.028156,0.062041,0.00681,0.173931,0.038015,0.06627,,5045900,,
1,1,,0.004476,0.405522,0.120013,0.097609,0.029993,0.057899,0.008841,0.168072,0.046588,0.060986,,5073200,,
1,1,,0.004564,0.40826,0.107812,0.104142,0.028156,0.062041,0.00681,0.173931,0.038015,0.06627,,5035200,,
1,1,,0.004564,0.315736,0.154693,0.103968,0.027285,0.083936,0.006284,0.173047,0.043012,0.087474,,5033800,,
1,1,,0.004909,0.268157,0.126323,0.12538,0.043729,0.090277,0.004296,0.220142,0.045806,0.070981,,5041100,,
1,1,,0.018418,0.272593,0.093584,0.051499,0.128054,0.031347,0.13161,0.115569,0.12671,0.030616,,5016200,,
1,1,,0.004859,0.344338,0.108309,0.105819,0.025211,0.086734,0.004874,0.210476,0.04162,0.06776,,5014300,,
1,1,,0.005177,0.363467,0.098036,0.232381,0.030251,0.058644,0.009039,0.10505,0.030204,0.067752,,5027500,,
1,1,,0.005098,0.262677,0.155588,0.143481,0.033219,0.114155,0.007595,0.160084,0.039165,0.078939,,5006100,,
1,1,,0.004564,0.373965,0.108128,0.104778,0.026716,0.064008,0.00681,0.206428,0.037961,0.066641,,5076700,,
1,1,,0.004909,0.30068,0.159441,0.125554,0.0246,0.068382,0.004822,0.201025,0.040809,0.069777,,5061700,,
1,1,,0.004527,0.408929,0.115138,0.100547,0.028489,0.05827,0.007405,0.172219,0.042202,0.062274,,5036100,,
1,1,,0.005304,0.360042,0.090385,0.243407,0.029267,0.060555,0.009167,0.101716,0.02973,0.070427,,5082300,,
1,1,,0.005378,0.29067,0.105629,0.140547,0.033745,0.128437,0.007827,0.175966,0.037699,0.074102,,5051300,,
1,1,,0.020793,0.329174,0.116623,0.081559,0.040602,0.053372,0.056772,0.158035,0.089942,0.053128,,5035300,,
1,1,,0.018418,0.230014,0.151793,0.050285,0.127342,0.030133,0.131436,0.109095,0.121253,0.030231,,5050700,,
1,1,,0.017826,0.351199,0.10367,0.061158,0.053716,0.091692,0.010371,0.138272,0.065954,0.106142,,5028500,,
1,1,,0.004714,0.361748,0.139382,0.096633,0.04062,0.076924,0.010573,0.16255,0.046911,0.059945,,5049700,,
1,6,,0.020795,0.165549,0.105128,0.03376,0.115334,0.025847,0.19416,0.15973,0.159147,0.020549,,5065600,,
1,0,,0.351584,0.164335,0.059965,0.030478,0.13608,0.016941,0.055823,0.041592,0.100306,0.042896,,5052600,,
1,1,,0.004564,0.36826,0.107812,0.104142,0.028156,0.062041,0.00681,0.213931,0.038015,0.06627,,5094500,,
1,1,,0.004909,0.30068,0.119441,0.125554,0.0246,0.068382,0.004822,0.241025,0.040809,0.069777,,5085700,,
1,1,,0.005177,0.363467,0.098036,0.232381,0.030251,0.058644,0.009039,0.10505,0.030204,0.067752,,5031100,,
1,1,,0.004564,0.40826,0.107812,0.104142,0.028156,0.062041,0.00681,0.173931,0.038015,0.06627,,5141100,,
1,1,,0.004514,0.404853,0.112687,0.101203,0.029661,0.06167,0.008246,0.169784,0.042402,0.064981,,5118500,,
2,3,,0.010013,0.086599,0.159218,0.231387,0.10677,0.069145,0.0639,0.085305,0.098188,0.089476,,5090300,,
2,1,,0.108911,0.188991,0.185784,0.111474,0.034887,0.07103,0.001674,0.139776,0.062873,0.0946,,5061800,,
2,2,,0.004798,0.161815,0.311928,0.122332,0.023448,0.062893,0.004374,0.199537,0.044518,0.064357,,5068900,,
2,2,,0.008527,0.143001,0.262924,0.08875,0.032452,0.130308,0.005013,0.168248,0.04594,0.114836,,5045700,,
2,4,,0.025333,0.061179,0.047964,0.063127,0.245894,0.209244,0.034722,0.074152,0.0334,0.204984,,5071300,,
2,2,,0.014223,0.113935,0.266494,0.098037,0.036964,0.13323,0.004469,0.140569,0.047468,0.144611,,5080900,,
2,6,,0.022917,0.03289,0.27712,0.033189,0.11986,0.018138,0.300086,0.049768,0.138379,0.007653,,5016500,,
2,6,,0.022358,0.033481,0.277297,0.0128,0.121236,0.018297,0.311883,0.049416,0.145785,0.007448,,5012900,,
2,2,,0.012883,0.134865,0.252888,0.077284,0.035699,0.050597,0.05853,0.13523,0.186376,0.055648,,5044100,,
2,2,,0.072256,0.148422,0.255796,0.134419,0.022721,0.056287,0.001717,0.178639,0.05079,0.078952,,5014500,,
2,2,,0.008527,0.143001,0.242924,0.08875,0.032452,0.130308,0.005013,0.188248,0.04594,0.114836,,5033500,,
2,8,,0.077434,0.096703,0.117936,0.032495,0.116277,0.027665,0.145567,0.135117,0.201702,0.049104,,5880100,,
2,6,,0.023014,0.034266,0.244137,0.011903,0.121635,0.017015,0.277788,0.049551,0.212852,0.00784,,5022900,,
2,7,,0.004909,0.18068,0.239441,0.125554,0.0246,0.068382,0.004822,0.241025,0.040809,0.069777,,5048300,,
2,7,,0.004468,0.161039,0.243822,0.122279,0.022714,0.066864,0.004056,0.266949,0.040943,0.066865,,5116100,,
2,3,,0.013006,0.12137,0.141821,0.226916,0.05754,0.052165,0.08369,0.066555,0.122819,0.114118,,5102600,,
2,2,,0.031866,0.030247,0.243019,0.036336,0.090709,0.213482,0.073314,0.034951,0.071387,0.174688,,5089100,,
2,2,,0.004909,0.20068,0.259441,0.125554,0.0246,0.068382,0.004822,0.181025,0.040809,0.089777,,5022900,,
2,2,,0.020895,0.052157,0.323653,0.025672,0.090574,0.023095,0.208171,0.045301,0.192013,0.018469,,5005900,,
2,1,,0.034223,0.239996,0.177019,0.08321,0.074238,0.049031,0.021972,0.165341,0.05696,0.098012,,5043200,,
2,5,,0.034974,0.025387,0.192623,0.032344,0.100024,0.266799,0.011963,0.080057,0.058608,0.197223,,5027900,,
2,1,,0.005423,0.234966,0.20084,0.112719,0.032709,0.098861,0.00644,0.182309,0.044344,0.08139,,5017100,,
2,8,,0.076768,0.051632,0.28312,0.023856,0.06035,0.019714,0.136709,0.040942,0.283733,0.023176,,5059800,,
2,7,,0.005171,0.188184,0.152581,0.140849,0.022959,0.103198,0.004818,0.217876,0.073051,0.091314,,5051800,,
2,2,,0.010042,0.144643,0.262496,0.117821,0.03905,0.051966,0.060986,0.163101,0.098817,0.051079,,5040100,,
2,6,,0.023225,0.033857,0.178992,0.009013,0.121054,0.018059,0.345741,0.035151,0.229803,0.005104,,5071100,,
2,2,,0.010026,0.132538,0.345456,0.076676,0.039611,0.051715,0.060911,0.135599,0.098705,0.048764,,5057600,,
2,7,,0.004055,0.17005,0.250755,0.103181,0.028072,0.058653,0.005641,0.279787,0.03637,0.063437,,5036600,,
2,6,,0.016867,0.054859,0.251767,0.031661,0.097001,0.067228,0.252348,0.051174,0.15411,0.022985,,5057300,,
2,2,,0.009069,0.159682,0.243121,0.098184,0.037615,0.051924,0.074448,0.193696,0.082978,0.049283,,5013700,,
2,2,,0.056593,0.052344,0.298426,0.023696,0.065754,0.020047,0.156563,0.040665,0.263566,0.022347,,5020100,,
2,2,,0.005034,0.172075,0.305353,0.116461,0.02624,0.079187,0.006193,0.172512,0.045483,0.071463,,5059100,,
3,3,,0.007647,0.095451,0.07367,0.510079,0.020493,0.082097,0.005794,0.085694,0.031249,0.087824,,5018600,,
3,3,,0.006667,0.079724,0.074253,0.511971,0.025091,0.11101,0.00786,0.066818,0.032904,0.083701,,4991400,,
3,3,,0.006443,0.095992,0.075229,0.531472,0.018916,0.072236,0.006155,0.083705,0.030221,0.079632,,5088100,,
3,3,,0.006042,0.110156,0.077425,0.4636,0.02036,0.087676,0.005315,0.103904,0.030645,0.094878,,5006800,,
3,7,,0.007032,0.163935,0.161508,0.186505,0.024584,0.068278,0.005142,0.194515,0.094782,0.09372,,5001500,,
3,3,,0.006443,0.095992,0.075229,0.531472,0.018916,0.072236,0.006155,0.083705,0.030221,0.079632,,5027000,,
3,7,,0.005208,0.167514,0.125254,0.164443,0.022626,0.086968,0.004222,0.259588,0.088865,0.07531,,5019200,,
3,3,,0.006153,0.095992,0.0732,0.541313,0.018916,0.069443,0.005865,0.083705,0.029061,0.076352,,4996800,,
3,3,,0.006443,0.095992,0.075229,0.531472,0.018916,0.072236,0.006155,0.083705,0.030221,0.079632,,5018700,,
3,7,,0.004836,0.161146,0.117935,0.187498,0.024168,0.086664,0.003779,0.286624,0.039265,0.088086,,5000800,,
3,3,,0.006153,0.095992,0.0732,0.541313,0.018916,0.069443,0.005865,0.083705,0.029061,0.076352,,5068000,,
3,5,,0.026203,0.042218,0.130443,0.194753,0.062338,0.207302,0.083075,0.04153,0.06846,0.143678,,5052000,,
3,3,,0.006153,0.095992,0.0732,0.541313,0.018916,0.069443,0.005865,0.083705,0.029061,0.076352,,4994600,,
3,3,,0.006153,0.095992,0.0732,0.541313,0.018916,0.069443,0.005865,0.083705,0.029061,0.076352,,4991800,,
3,3,,0.010116,0.093328,0.072074,0.536885,0.022653,0.065315,0.005865,0.081041,0.040723,0.071999,,5016900,,
3,3,,0.006153,0.095992,0.0732,0.541313,0.018916,0.069443,0.005865,0.083705,0.029061,0.076352,,4990300,,
3,3,,0.006153,0.095992,0.0732,0.541313,0.018916,0.069443,0.005865,0.083705,0.029061,0.076352,,5076300,,
3,3,,0.006395,0.122365,0.081852,0.455684,0.021468,0.087192,0.004835,0.116959,0.030001,0.07325,,5048600,,
3,3,,0.006228,0.093889,0.073748,0.530229,0.020008,0.064449,0.015023,0.082926,0.03518,0.078321,,5041600,,
3,3,,0.006103,0.092585,0.078075,0.538374,0.02042,0.069072,0.007302,0.079558,0.033448,0.075064,,5040500,,
3,3,,0.006443,0.095992,0.075229,0.491472,0.018916,0.112236,0.006155,0.083705,0.030221,0.079632,,5098100,,
3,5,,0.024308,0.047964,0.069801,0.216133,0.05639,0.282702,0.005687,0.073013,0.025153,0.198848,,5033700,,
3,5,,0.024852,0.067562,0.043278,0.197539,0.065238,0.338787,0.004875,0.05162,0.021983,0.184266,,5076300,,
3,3,,0.006153,0.095992,0.0732,0.541313,0.018916,0.069443,0.005865,0.083705,0.029061,0.076352,,5053900,,
3,3,,0.006443,0.095992,0.075229,0.531472,0.018916,0.072236,0.006155,0.083705,0.030221,0.079632,,5062700,,
3,3,,0.006975,0.097402,0.074382,0.500844,0.025432,0.089414,0.005596,0.085464,0.02949,0.085002,,5059600,,
3,3,,0.006373,0.091444,0.072374,0.539033,0.018467,0.076308,0.005865,0.079307,0.029441,0.081388,,5039800,,
3,3,,0.006153,0.095992,0.0732,0.541313,0.018916,0.069443,0.005865,0.083705,0.029061,0.076352,,5011700,,
3,3,,0.006153,0.095992,0.0732,0.501313,0.018916,0.089443,0.005865,0.083705,0.029061,0.096352,,5093500,,
3,3,,0.00641,0.110263,0.078204,0.487246,0.020762,0.087476,0.005037,0.098204,0.030033,0.076365,,5103100,,
3,3,,0.006452,0.09535,0.072132,0.540376,0.017813,0.066134,0.005792,0.083151,0.03212,0.08068,,5049300,,
3,3,,0.00728,0.095344,0.072891,0.506433,0.020092,0.082297,0.006071,0.091394,0.031861,0.086337,,5056000,,
4,5,,0.055593,0.051152,0.13745,0.039523,0.106193,0.216269,0.143359,0.047308,0.071758,0.131394,,5086700,,
4,4,,0.019156,0.060042,0.081563,0.008343,0.398406,0.016783,0.226739,0.061001,0.116289,0.011679,,5071200,,
4,5,,0.031141,0.041981,0.034005,0.031458,0.180783,0.292648,0.030784,0.08463,0.035519,0.237051,,5047000,,
4,5,,0.030831,0.02985,0.032454,0.030838,0.183897,0.292648,0.030784,0.075857,0.035208,0.257632,,5068800,,
4,4,,0.036974,0.059412,0.092352,0.006938,0.331555,0.014561,0.178849,0.052387,0.172403,0.05457,,5035200,,
4,9,,0.078901,0.046463,0.02873,0.050614,0.074088,0.248668,0.000354,0.042653,0.036904,0.392626,,5046200,,
4,4,,0.349975,0.042929,0.036858,0.014955,0.380138,0.017689,0.058495,0.039928,0.036266,0.022767,,5151700,,
4,8,,0.077668,0.045389,0.143855,0.017278,0.161611,0.070143,0.144484,0.044529,0.16622,0.128824,,5124100,,
4,4,,0.019394,0.056268,0.080931,0.007367,0.429032,0.015807,0.20847,0.055479,0.116612,0.010639,,5067700,,
4,4,,0.019394,0.096268,0.080931,0.007367,0.389032,0.015807,0.20847,0.055479,0.116612,0.010639,,5084100,,
4,5,,0.027829,0.088737,0.048506,0.05855,0.231317,0.238236,0.031997,0.086229,0.030284,0.158316,,5079800,,
4,5,,0.082813,0.052702,0.038888,0.043827,0.230419,0.26995,0.004234,0.040979,0.029373,0.206815,,5094600,,
4,5,,0.029624,0.029957,0.03432,0.04011,0.11254,0.334494,0.00294,0.052995,0.053874,0.309147,,5099200,,
4,5,,0.028934,0.041437,0.035695,0.040463,0.133349,0.380101,0.004417,0.039874,0.029389,0.266342,,5098900,,
4,4,,0.019394,0.056268,0.080931,0.007367,0.429032,0.015807,0.20847,0.055479,0.116612,0.010639,,5075800,,
4,4,,0.015569,0.1087,0.069437,0.045708,0.389013,0.02734,0.150693,0.085586,0.083788,0.024166,,7283600,,
4,4,,0.019394,0.062617,0.087644,0.009384,0.414438,0.015076,0.208765,0.053565,0.119442,0.009675,,8555700,,
4,4,,0.019053,0.094045,0.107967,0.028991,0.293509,0.021754,0.223722,0.069466,0.12336,0.018133,,6389200,,
4,4,,0.019394,0.056268,0.080931,0.007367,0.429032,0.015807,0.20847,0.055479,0.116612,0.010639,,5059100,,
4,4,,0.013517,0.118698,0.135121,0.0289,0.230135,0.022058,0.170974,0.115785,0.146738,0.018075,,5074700,,
4,4,,0.020053,0.054968,0.079558,0.007642,0.400827,0.026339,0.207847,0.074911,0.115807,0.012049,,5042400,,
4,4,,0.019394,0.056268,0.080931,0.007367,0.429032,0.015807,0.20847,0.055479,0.116612,0.010639,,5051400,,
4,4,,0.020943,0.047504,0.057301,0.012274,0.406883,0.088461,0.15468,0.076256,0.090115,0.045583,,5067900,,
4,4,,0.048872,0.0523,0.074219,0.007509,0.426322,0.026018,0.191737,0.052511,0.108987,0.011525,,5120900,,
4,0,,0.323204,0.140686,0.102851,0.019783,0.164781,0.015661,0.034293,0.031831,0.125565,0.041344,,5086600,,
4,5,,0.028624,0.029305,0.054144,0.039843,0.156463,0.340101,0.004417,0.071101,0.029079,0.246923,,7118400,,
4,6,,0.018102,0.083973,0.073055,0.025813,0.260828,0.054603,0.260962,0.092621,0.101729,0.028313,,9597400,,
4,5,,0.028624,0.029305,0.034144,0.039843,0.156463,0.380101,0.004417,0.051101,0.029079,0.246923,,6300800,,
4,4,,0.033201,0.054143,0.077662,0.007312,0.435477,0.015642,0.201252,0.053854,0.111343,0.010115,,5015500,,
4,5,,0.028624,0.029305,0.034144,0.039843,0.156463,0.340101,0.004417,0.051101,0.029079,0.286923,,5036500,,
4,4,,0.019394,0.056268,0.080931,0.007367,0.429032,0.015807,0.20847,0.055479,0.116612,0.010639,,5123400,,
4,4,,0.018813,0.083563,0.06788,0.028846,0.377843,0.065164,0.150267,0.089319,0.088878,0.029426,,5022400,,
4,4,,0.045604,0.051032,0.064377,0.013824,0.252675,0.071138,0.190414,0.115659,0.140755,0.054522,,5057400,,
5,5,,0.030797,0.043244,0.033465,0.038209,0.11404,0.408734,0.043531,0.038555,0.060022,0.189402,,5023200,,
5,5,,0.028239,0.032572,0.035819,0.040197,0.064564,0.502371,0.0045,0.04043,0.028791,0.222518,,5019000,,
5,5,,0.029666,0.023647,0.034437,0.044799,0.064714,0.500346,0.004682,0.035152,0.030193,0.232364,,5016900,,
5,5,,0.029299,0.023132,0.032084,0.038697,0.063611,0.51439,0.004609,0.033313,0.029751,0.231114,,5022400,,
5,5,,0.027041,0.037513,0.03811,0.047755,0.063908,0.497882,0.004757,0.045101,0.029403,0.208529,,4993600,,
5,5,,0.005113,0.176318,0.111542,0.096706,0.03252,0.280778,0.005924,0.167248,0.046493,0.077357,,5042100,,
5,3,,0.00644,0.11283,0.068146,0.348799,0.027824,0.189525,0.008032,0.084013,0.053238,0.101153,,5027100,,
5,5,,0.028401,0.027132,0.034819,0.038435,0.063728,0.508277,0.004609,0.037606,0.029656,0.227337,,5036300,,
5,5,,0.02415,0.056984,0.05121,0.074708,0.060155,0.462649,0.005686,0.062349,0.024738,0.177371,,5067900,,
5,1,,0.005215,0.238117,0.107672,0.123058,0.033601,0.135217,0.007901,0.216024,0.058658,0.074536,,5036500,,
5,5,,0.029666,0.023647,0.034437,0.044799,0.064714,0.500346,0.004682,0.035152,0.030193,0.232364,,5071500,,
5,3,,0.005495,0.08159,0.079819,0.295184,0.027652,0.163803,0.032962,0.075196,0.045228,0.193071,,5046700,,
5,5,,0.007164,0.176101,0.10495,0.105012,0.033568,0.257169,0.005238,0.171144,0.047034,0.09262,,5017900,,
5,5,,0.02815,0.028572,0.0349,0.048303,0.083596,0.483529,0.00479,0.035924,0.028982,0.223254,,5009400,,
5,5,,0.032356,0.023858,0.046989,0.040175,0.069333,0.458571,0.027096,0.037635,0.048687,0.215299,,5014800,,
5,5,,0.01152,0.15557,0.129909,0.10347,0.030399,0.245117,0.024854,0.180425,0.05771,0.061027,,4998300,,
5,9,,0.053558,0.025729,0.032269,0.036991,0.052551,0.262673,0.004076,0.035402,0.034687,0.462064,,5018100,,
5,5,,0.010254,0.141316,0.096187,0.083143,0.052361,0.264614,0.004109,0.156189,0.051885,0.139942,,5022500,,
5,3,,0.005211,0.071437,0.076275,0.349988,0.027571,0.229352,0.01555,0.061127,0.04641,0.117081,,5029100,,
5,5,,0.028624,0.049305,0.034144,0.059843,0.076463,0.360101,0.004417,0.111101,0.029079,0.246923,,5007000,,
5,7,,0.005129,0.183609,0.145497,0.1231,0.02328,0.137142,0.004296,0.235744,0.046187,0.096018,,5048200,,
5,5,,0.004835,0.085767,0.065422,0.280952,0.025802,0.285388,0.013779,0.078029,0.044472,0.115554,,5008400,,
5,5,,0.029666,0.023647,0.034437,0.044799,0.064714,0.480346,0.004682,0.035152,0.050193,0.232364,,5030300,,
5,5,,0.033212,0.027157,0.039697,0.023348,0.112318,0.434674,0.071403,0.04217,0.052881,0.163141,,5049900,,
5,5,,0.031292,0.049218,0.108655,0.028239,0.101165,0.321452,0.072899,0.043964,0.066602,0.176514,,5014800,,
5,5,,0.005289,0.180108,0.133986,0.103748,0.030972,0.206818,0.005089,0.176048,0.045881,0.112061,,5014000,,
5,5,,0.029666,0.023647,0.034437,0.044799,0.064714,0.500346,0.004682,0.035152,0.030193,0.232364,,5060900,,
5,5,,0.028239,0.032278,0.034936,0.041735,0.104564,0.460403,0.0045,0.039547,0.028791,0.225006,,5019500,,
5,5,,0.028401,0.027132,0.034819,0.038435,0.063728,0.508277,0.004609,0.037606,0.029656,0.227337,,5016300,,
5,5,,0.029666,0.023647,0.034437,0.044799,0.064714,0.500346,0.004682,0.035152,0.030193,0.232364,,5064600,,
5,5,,0.010633,0.166091,0.110092,0.098448,0.047429,0.2123,0.042078,0.182916,0.068294,0.06172,,5020800,,
5,5,,0.029522,0.023638,0.03141,0.041643,0.072457,0.501598,0.004417,0.034031,0.029174,0.23211,,5019400,,
6,6,,0.023694,0.033407,0.095266,0.028789,0.161749,0.018198,0.397918,0.034616,0.20112,0.005243,,5045300,,
6,0,,0.397456,0.025763,0.045114,0.00523,0.240641,0.012582,0.185028,0.015311,0.066494,0.006379,,5016500,,
6,6,,0.023694,0.033407,0.095266,0.008789,0.141749,0.018198,0.477918,0.034616,0.16112,0.005243,,5003400,,
6,6,,0.022724,0.042336,0.107321,0.01347,0.123385,0.017103,0.491252,0.037082,0.138931,0.006397,,5037100,,
6,6,,0.023694,0.033407,0.095266,0.008789,0.121749,0.018198,0.517918,0.034616,0.14112,0.005243,,5020700,,
6,6,,0.069587,0.036675,0.082469,0.028384,0.174491,0.027182,0.388062,0.056828,0.129441,0.00688,,5022100,,
6,6,,0.017293,0.11137,0.158963,0.026203,0.139161,0.020898,0.321827,0.04623,0.143065,0.01499,,5059400,,
6,6,,0.022986,0.042679,0.088868,0.008517,0.154841,0.028373,0.444465,0.040483,0.161866,0.006923,,5035500,,
6,6,,0.02708,0.053847,0.095472,0.009393,0.124755,0.016469,0.494491,0.038297,0.133959,0.006236,,5018100,,
6,6,,0.023694,0.033407,0.095266,0.008789,0.121749,0.018198,0.517918,0.034616,0.14112,0.005243,,5082700,,
6,6,,0.026839,0.043298,0.094769,0.010637,0.134484,0.016442,0.492815,0.036726,0.137968,0.006022,,5332600,,
6,6,,0.024042,0.033206,0.093178,0.008752,0.124331,0.047978,0.487551,0.034781,0.139636,0.006544,,5112900,,
6,6,,0.021873,0.045572,0.109275,0.008078,0.18923,0.016246,0.406356,0.04727,0.127506,0.028593,,5117100,,
6,6,,0.023694,0.033407,0.095266,0.008789,0.121749,0.018198,0.477918,0.054616,0.16112,0.005243,,5060800,,
6,6,,0.023453,0.035553,0.093226,0.008668,0.130213,0.018344,0.508054,0.03548,0.141631,0.005377,,5033500,,
6,6,,0.048535,0.0313,0.093715,0.02988,0.12457,0.07099,0.411513,0.033397,0.136858,0.019243,,5107700,,
6,6,,0.022638,0.039544,0.090228,0.008553,0.183726,0.037723,0.434344,0.03959,0.13755,0.006104,,5112700,,
6,6,,0.022981,0.036258,0.139076,0.016836,0.122445,0.020497,0.431854,0.044389,0.156926,0.008738,,5076300,,
6,6,,0.023694,0.033407,0.095266,0.008789,0.121749,0.018198,0.517918,0.034616,0.14112,0.005243,,5099800,,
6,6,,0.029914,0.061221,0.097413,0.009418,0.159253,0.035888,0.390375,0.041204,0.167601,0.007713,,5059700,,
6,6,,0.016167,0.065423,0.156611,0.027568,0.097856,0.022284,0.382702,0.048778,0.16475,0.017861,,5038300,,
6,1,,0.008914,0.268457,0.14101,0.069418,0.067663,0.064484,0.078757,0.151963,0.103884,0.045451,,5094600,,
6,6,,0.033564,0.069452,0.102479,0.027547,0.245576,0.035978,0.252762,0.070187,0.152857,0.009597,,5054500,,
6,1,,0.00912,0.225386,0.136878,0.076108,0.039314,0.065653,0.135957,0.146958,0.119641,0.044983,,5081300,,
6,6,,0.022638,0.042881,0.110956,0.008553,0.152259,0.018592,0.454831,0.040318,0.143349,0.005622,,5090200,,
6,6,,0.022255,0.055481,0.12971,0.01233,0.121426,0.017138,0.430887,0.060052,0.144115,0.006606,,5030700,,
6,6,,0.023694,0.033407,0.095266,0.008789,0.121749,0.018198,0.517918,0.034616,0.14112,0.005243,,5032700,,
6,6,,0.044351,0.034192,0.142106,0.007891,0.122149,0.016916,0.403823,0.034752,0.188186,0.005635,,5053600,,
6,6,,0.023694,0.053407,0.095266,0.008789,0.121749,0.018198,0.497918,0.034616,0.14112,0.005243,,5043300,,
6,6,,0.023694,0.033407,0.095266,0.008789,0.121749,0.018198,0.517918,0.034616,0.14112,0.005243,,5028300,,
6,6,,0.024042,0.033206,0.093178,0.008752,0.124331,0.027978,0.507551,0.034781,0.139636,0.006544,,5060100,,
6,6,,0.023694,0.033407,0.095266,0.008789,0.121749,0.018198,0.517918,0.034616,0.14112,0.005243,,5108900,,
6,6,,0.028955,0.041152,0.093733,0.014219,0.124337,0.020046,0.493448,0.036487,0.140486,0.007138,,5050400,,
7,7,,0.011093,0.214951,0.114724,0.081304,0.104117,0.071747,0.034199,0.221689,0.061488,0.084687,,5086400,,
7,7,,0.00479,0.166404,0.106715,0.111328,0.025274,0.066232,0.003779,0.409073,0.0406,0.065805,,5086700,,
7,7,,0.005135,0.160504,0.123533,0.12499,0.022013,0.063355,0.003705,0.360695,0.04339,0.092681,,5050800,,
7,7,,0.145548,0.176039,0.120732,0.090722,0.036515,0.051633,0.001421,0.260203,0.041552,0.075634,,5089800,,
7,6,,0.016616,0.122464,0.077183,0.060681,0.137671,0.025335,0.232875,0.215979,0.085758,0.025436,,5059400,,
7,7,,0.004909,0.208157,0.146323,0.14538,0.023729,0.090277,0.004296,0.260142,0.045806,0.070981,,5037700,,
7,7,,0.004836,0.161146,0.117935,0.127498,0.024168,0.066664,0.003779,0.386624,0.039265,0.068086,,8301100,,
7,7,,0.010122,0.197189,0.096821,0.091656,0.075457,0.056008,0.032631,0.345557,0.040755,0.053805,,9374500,,
7,7,,0.011353,0.115175,0.114437,0.067537,0.169788,0.032764,0.173869,0.184598,0.100792,0.029688,,4998500,,
7,1,,0.004859,0.304338,0.128309,0.105819,0.025211,0.066734,0.004874,0.250476,0.04162,0.06776,,5116300,,
7,7,,0.004836,0.161146,0.124601,0.125926,0.043116,0.066664,0.003779,0.361249,0.040332,0.068353,,5079400,,
7,7,,0.008109,0.148299,0.143824,0.100995,0.084489,0.051183,0.053397,0.28115,0.080125,0.048428,,4933900,,
7,7,,0.005891,0.166345,0.209896,0.121953,0.025582,0.066203,0.00675,0.258944,0.050381,0.088055,,5058500,,
7,7,,0.004836,0.161146,0.124601,0.125926,0.023116,0.066664,0.003779,0.361249,0.060332,0.068353,,5069600,,
7,7,,0.004439,0.18902,0.105406,0.10536,0.046452,0.060197,0.005641,0.382743,0.03681,0.063932,,5061100,,
7,7,,0.004909,0.175067,0.160202,0.125796,0.02439,0.088625,0.003779,0.303174,0.040878,0.07318,,5129300,,
7,7,,0.004785,0.184805,0.126802,0.107763,0.044779,0.065016,0.003831,0.356075,0.040076,0.066069,,5240300,,
7,7,,0.004129,0.211608,0.103946,0.10538,0.029266,0.060357,0.005641,0.377699,0.03698,0.064994,,5108200,,
7,7,,0.010999,0.158593,0.094039,0.082376,0.072012,0.053535,0.064873,0.342534,0.071204,0.049836,,5057200,,
7,7,,0.004349,0.159884,0.113243,0.127399,0.02164,0.067016,0.004056,0.392815,0.041507,0.068092,,4994500,,
7,7,,0.010139,0.242477,0.093097,0.082949,0.082957,0.056522,0.032781,0.2817,0.062636,0.054741,,5095600,,
7,1,,0.012609,0.236831,0.140737,0.092428,0.076074,0.065756,0.052532,0.180348,0.093566,0.049119,,5109800,,
7,7,,0.012406,0.142473,0.098094,0.09295,0.118797,0.070727,0.09215,0.237698,0.077182,0.057524,,5097000,,
7,7,,0.018134,0.12171,0.082486,0.200349,0.099999,0.046996,0.058542,0.278836,0.043665,0.049283,,4951500,,
7,7,,0.004468,0.160631,0.122248,0.119823,0.022013,0.080708,0.003705,0.35941,0.03989,0.087103,,5049000,,
7,6,,0.02006,0.095841,0.081237,0.034891,0.109346,0.034949,0.240806,0.213695,0.143277,0.025897,,5396600,,
7,7,,0.004541,0.167469,0.115349,0.121382,0.023506,0.102252,0.003705,0.313594,0.04002,0.10818,,4974900,,
7,7,,0.004423,0.179418,0.128638,0.107582,0.023125,0.068734,0.005099,0.37548,0.041985,0.065516,,5068100,,
7,7,,0.009171,0.16485,0.144128,0.140016,0.026364,0.06284,0.004222,0.276924,0.100528,0.070957,,5152100,,
7,1,,0.010888,0.279418,0.092516,0.08118,0.079019,0.054621,0.104998,0.191938,0.052522,0.0529,,6046100,,
7,7,,0.004836,0.161146,0.124601,0.165926,0.023116,0.066664,0.003779,0.341249,0.040332,0.068353,,5289800,,
7,7,,0.004365,0.182607,0.112712,0.105078,0.023219,0.060781,0.005641,0.404785,0.037106,0.063706,,5178400,,
8,8,,0.085789,0.032382,0.113462,0.006308,0.07049,0.011979,0.195814,0.026633,0.442855,0.01429,,5104300,,
8,8,,0.059113,0.075856,0.191397,0.029845,0.071276,0.023015,0.150852,0.047421,0.328409,0.022817,,5086800,,
8,8,,0.019739,0.128047,0.167092,0.073455,0.037815,0.047541,0.060467,0.129127,0.27377,0.062947,,5203400,,
8,0,,0.450798,0.030058,0.044556,0.001056,0.11534,0.024229,0.053753,0.009451,0.249494,0.021263,,5086400,,
8,9,,0.038645,0.025729,0.052269,0.036658,0.052217,0.242673,0.004076,0.075402,0.03489,0.437441,,5058300,,
8,8,,0.038146,0.036913,0.118099,0.007012,0.124505,0.013664,0.236357,0.032827,0.383256,0.00922,,5067100,,
8,8,,0.026331,0.039899,0.106075,0.02399,0.145569,0.016447,0.254117,0.037179,0.339859,0.010535,,4944300,,
8,0,,0.367077,0.034233,0.05659,0.003742,0.113883,0.008655,0.100016,0.011407,0.292956,0.01144,,5086600,,
8,8,,0.042536,0.11228,0.167094,0.055441,0.04677,0.038526,0.120829,0.11297,0.260718,0.042835,,5050700,,
8,3,,0.01268,0.110172,0.116534,0.23601,0.038083,0.069935,0.06272,0.059065,0.15842,0.136381,,5072500,,
8,8,,0.067729,0.033416,0.129806,0.017392,0.094344,0.080153,0.191687,0.027441,0.301919,0.056112,,4971300,,
8,8,,0.071446,0.064333,0.195756,0.020137,0.101955,0.026327,0.120179,0.047793,0.301533,0.050542,,8267200,,
8,8,,0.110002,0.041064,0.126246,0.007878,0.071969,0.011528,0.170144,0.034418,0.4074,0.019351,,8517300,,
8,1,,0.005956,0.19998,0.135271,0.128915,0.030972,0.089465,0.005089,0.197333,0.109381,0.097639,,4960900,,
8,8,,0.025231,0.051982,0.228691,0.07002,0.123221,0.018972,0.177571,0.03889,0.244168,0.021254,,4958600,,
8,8,,0.027748,0.052153,0.122599,0.023095,0.09155,0.02308,0.185994,0.046327,0.40841,0.019044,,4980600,,
8,2,,0.025421,0.17323,0.206936,0.097391,0.033062,0.075697,0.007471,0.17333,0.095887,0.111576,,5018600,,
8,0,,0.427995,0.022489,0.05813,0.004203,0.204208,0.008992,0.164506,0.015687,0.08218,0.011611,,5004500,,
8,3,,0.014752,0.09255,0.129845,0.253206,0.037349,0.046409,0.082423,0.076589,0.168225,0.098652,,5003900,,
8,8,,0.042918,0.055032,0.111179,0.03376,0.129187,0.021444,0.247508,0.036904,0.305349,0.016718,,5014900,,
8,8,,0.041896,0.057182,0.103449,0.007012,0.114494,0.013931,0.238666,0.034294,0.379218,0.009858,,5016900,,
8,7,,0.005208,0.167514,0.165254,0.124443,0.022626,0.086968,0.004222,0.219588,0.088865,0.11531,,5089800,,
8,6,,0.023164,0.056899,0.089555,0.007506,0.201068,0.01461,0.254836,0.094226,0.226404,0.031731,,5054600,,
8,8,,0.071217,0.048104,0.117937,0.030398,0.089615,0.033476,0.204518,0.030072,0.308514,0.066151,,5065900,,
8,8,,0.021283,0.045416,0.094647,0.008182,0.188051,0.055016,0.241088,0.048619,0.288769,0.008931,,5050500,,
8,8,,0.085659,0.035125,0.127755,0.011416,0.07259,0.013907,0.171923,0.032994,0.432457,0.016173,,5084800,,
8,3,,0.01557,0.077872,0.164442,0.328991,0.033134,0.04721,0.060975,0.058645,0.111652,0.101509,,5039700,,
8,2,,0.122051,0.122924,0.196839,0.067267,0.031687,0.061932,0.00944,0.139822,0.166937,0.081101,,5047300,,
8,5,,0.07421,0.028099,0.078307,0.034022,0.084918,0.255086,0.083529,0.029289,0.136814,0.195726,,5006400,,
8,9,,0.035822,0.023228,0.040085,0.043481,0.071371,0.254768,0.006453,0.041765,0.093942,0.389085,,5028300,,
8,7,,0.009428,0.178132,0.163679,0.116761,0.021988,0.073169,0.004222,0.211212,0.130535,0.090874,,5024900,,
9,9,,0.009935,0.133568,0.094662,0.235511,0.028052,0.095632,0.012467,0.093676,0.050729,0.245768,,5007400,,
9,9,,0.033891,0.025909,0.0315,0.036786,0.050012,0.232211,0.002794,0.035017,0.036148,0.515731,,5020000,,
9,9,,0.033891,0.025909,0.0315,0.036786,0.050012,0.232211,0.002794,0.035017,0.036148,0.515731,,5011100,,
9,5,,0.029889,0.024447,0.034645,0.106207,0.09356,0.369523,0.00449,0.036752,0.029616,0.270872,,5024100,,
9,9,,0.112277,0.023193,0.052468,0.040603,0.092379,0.281483,0.003477,0.072045,0.030551,0.291524,,5051900,,
9,9,,0.034789,0.021909,0.028765,0.037047,0.049895,0.238324,0.002794,0.030724,0.036244,0.519508,,5008000,,
9,9,,0.025619,0.063917,0.04715,0.106914,0.0771,0.278535,0.004816,0.048378,0.025245,0.322327,,5001700,,
9,3,,0.00615,0.122468,0.087691,0.324098,0.030064,0.07499,0.008862,0.09309,0.033132,0.219455,,5050000,,
9,3,,0.010499,0.078569,0.075269,0.518374,0.021936,0.079724,0.00782,0.065751,0.038772,0.103285,,5037900,,
9,9,,0.034456,0.021729,0.029534,0.077253,0.052433,0.268786,0.004076,0.031109,0.034782,0.445841,,5021600,,
9,9,,0.033891,0.025909,0.0315,0.036786,0.050012,0.232211,0.002794,0.055017,0.036148,0.495731,,5013700,,
9,9,,0.029423,0.067885,0.035439,0.043584,0.056113,0.292199,0.003389,0.039189,0.055964,0.376815,,5008600,,
9,9,,0.034863,0.025956,0.034795,0.04441,0.046856,0.223818,0.002794,0.036944,0.04229,0.507274,,5003600,,
9,9,,0.154487,0.025228,0.030683,0.028997,0.062388,0.191273,0.000354,0.029324,0.032779,0.444486,,5042700,,
9,9,,0.033891,0.025909,0.0315,0.036786,0.050012,0.232211,0.002794,0.035017,0.036148,0.515731,,5045100,,
9,9,,0.038816,0.031349,0.032499,0.058214,0.050515,0.226306,0.002686,0.037841,0.035486,0.486288,,5014200,,
9,9,,0.039543,0.021729,0.029534,0.036919,0.0521,0.248786,0.004076,0.031109,0.034985,0.501218,,5033000,,
9,9,,0.034506,0.039587,0.034179,0.039864,0.067632,0.223818,0.002794,0.036328,0.0391,0.482192,,5052900,,
9,9,,0.034456,0.021729,0.029534,0.037253,0.052433,0.248786,0.004076,0.031109,0.034782,0.505841,,5014700,,
9,9,,0.033891,0.025909,0.0315,0.036786,0.050012,0.232211,0.002794,0.035017,0.036148,0.515731,,5060900,,
9,9,,0.153237,0.023185,0.029883,0.028197,0.062924,0.191273,0.000354,0.028524,0.031979,0.450443,,5097800,,
9,9,,0.132692,0.03929,0.047462,0.160025,0.061191,0.120908,0.018614,0.044689,0.123588,0.251541,,5048500,,
9,9,,0.119706,0.028871,0.027293,0.035012,0.061507,0.228056,0.002235,0.053192,0.033507,0.410621,,6029400,,
9,9,,0.038645,0.025729,0.032269,0.036658,0.052217,0.242673,0.004076,0.055402,0.03489,0.477441,,5014600,,
9,9,,0.010241,0.06844,0.083471,0.196448,0.025742,0.161528,0.010099,0.069983,0.111185,0.262864,,4993800,,
9,9,,0.038816,0.031349,0.032499,0.038214,0.050515,0.226306,0.002686,0.057841,0.035486,0.486288,,5025200,,
9,9,,0.03576,0.021956,0.032061,0.044672,0.046739,0.22993,0.002794,0.032651,0.042385,0.511051,,5040000,,
9,9,,0.033891,0.025909,0.0315,0.036786,0.050012,0.232211,0.002794,0.035017,0.036148,0.515731,,5014800,,
9,5,,0.030223,0.024626,0.033876,0.086002,0.071021,0.359061,0.003208,0.036367,0.051077,0.304538,,5052900,,
9,9,,0.034789,0.021909,0.028765,0.037047,0.049895,0.238324,0.002794,0.030724,0.036244,0.519508,,5022400,,
9,9,,0.012289,0.140654,0.105759,0.081191,0.027139,0.119665,0.004176,0.198394,0.078191,0.232543,,5027700,,
9,9,,0.165318,0.022778,0.030633,0.030086,0.059932,0.191152,0.001656,0.033001,0.034678,0.430766,,5018500,,