semeion,CWE,test,4,NANOSECONDS,PREDICTIONS, Generated by ClassifierExperiments.java on 2022-05-16 21:11:06.    SYSTEMPROPERTIES:{user.name:matth,os.arch:amd64,os.name:Windows 10},ENDSYSTEMPROPERTIES
No parameter info
0.7925696594427245,2216921700,1654170400,-1,99825304,10,,-1,-1
0,0,,0.618024,0.020479,0.040903,0.004178,0.096408,0.002477,0.041386,0.018979,0.099066,0.058101,,5262900,,
0,0,,0.691155,0.015857,0.03261,0.003854,0.088652,0.000689,0.018896,0.01607,0.081062,0.051155,,5036800,,
0,0,,0.647375,0.019072,0.038723,0.003404,0.079864,0.000872,0.034022,0.018984,0.109567,0.048116,,5039800,,
0,6,,0.127189,0.03222,0.086496,0.008365,0.147087,0.023886,0.291993,0.02496,0.219963,0.037843,,5058600,,
0,0,,0.691742,0.015857,0.034175,0.003289,0.078709,0.000463,0.018444,0.015086,0.091211,0.051025,,5115000,,
0,0,,0.555865,0.018603,0.041113,0.005898,0.125707,0.006454,0.126496,0.024052,0.054587,0.041224,,5025000,,
0,0,,0.697821,0.015857,0.03261,0.003854,0.081986,0.000689,0.018896,0.01607,0.081062,0.051155,,5053400,,
0,0,,0.373231,0.034495,0.039059,0.176912,0.052554,0.079077,0.005522,0.037097,0.041222,0.160829,,5017300,,
0,0,,0.621243,0.017958,0.050474,0.022059,0.081187,0.022861,0.013649,0.022557,0.071628,0.076383,,5023800,,
0,0,,0.691742,0.015857,0.034175,0.003289,0.078709,0.000463,0.018444,0.015086,0.091211,0.051025,,5054700,,
0,0,,0.697821,0.015857,0.03261,0.003854,0.081986,0.000689,0.018896,0.01607,0.081062,0.051155,,5028900,,
0,0,,0.457516,0.029727,0.076343,0.003026,0.065711,0.00531,0.109246,0.010839,0.221681,0.0206,,5005700,,
0,0,,0.525589,0.025803,0.062919,0.002702,0.060818,0.003772,0.087393,0.010873,0.18727,0.032861,,5083900,,
0,0,,0.697821,0.015857,0.03261,0.003854,0.081986,0.000689,0.018896,0.01607,0.081062,0.051155,,5036900,,
0,0,,0.606377,0.022281,0.044506,0.004178,0.097129,0.002477,0.041926,0.017161,0.105143,0.058821,,4996100,,
0,0,,0.295216,0.031302,0.078704,0.005913,0.127549,0.009232,0.23307,0.021848,0.185573,0.011594,,5091300,,
0,0,,0.461478,0.021422,0.029193,0.047262,0.078029,0.094785,0.008389,0.035215,0.056403,0.167824,,5038000,,
0,0,,0.697821,0.015857,0.03261,0.003854,0.081986,0.000689,0.018896,0.01607,0.081062,0.051155,,4997800,,
0,0,,0.697821,0.015857,0.03261,0.003854,0.081986,0.000689,0.018896,0.01607,0.081062,0.051155,,5048000,,
0,0,,0.697821,0.015857,0.03261,0.003854,0.081986,0.000689,0.018896,0.01607,0.081062,0.051155,,5012700,,
0,0,,0.641714,0.020091,0.043514,0.003653,0.082871,0.001506,0.031881,0.017686,0.118098,0.038986,,5001600,,
0,0,,0.642541,0.015846,0.039346,0.024268,0.100758,0.000826,0.022333,0.016346,0.087029,0.050707,,5051800,,
0,8,,0.295893,0.033768,0.093599,0.010447,0.079942,0.005981,0.08018,0.019253,0.317249,0.063688,,5008300,,
0,0,,0.549238,0.01698,0.045043,0.006591,0.083114,0.023504,0.07902,0.020004,0.085014,0.091492,,5016500,,
0,0,,0.697821,0.015857,0.03261,0.003854,0.081986,0.000689,0.018896,0.01607,0.081062,0.051155,,5009800,,
0,0,,0.697821,0.015857,0.03261,0.003854,0.081986,0.000689,0.018896,0.01607,0.081062,0.051155,,5070400,,
0,0,,0.697821,0.015857,0.03261,0.003854,0.081986,0.000689,0.018896,0.01607,0.081062,0.051155,,5012400,,
0,0,,0.697821,0.015857,0.03261,0.003854,0.081986,0.000689,0.018896,0.01607,0.081062,0.051155,,5184600,,
0,0,,0.525589,0.025803,0.062919,0.002702,0.060818,0.003772,0.087393,0.010873,0.18727,0.032861,,5103300,,
0,0,,0.691742,0.015857,0.034175,0.003289,0.078709,0.000463,0.018444,0.015086,0.091211,0.051025,,5001000,,
0,0,,0.697821,0.015857,0.03261,0.003854,0.081986,0.000689,0.018896,0.01607,0.081062,0.051155,,5007700,,
0,0,,0.697821,0.015857,0.03261,0.003854,0.081986,0.000689,0.018896,0.01607,0.081062,0.051155,,5016700,,
0,0,,0.697821,0.015857,0.03261,0.003854,0.081986,0.000689,0.018896,0.01607,0.081062,0.051155,,4997700,,
1,1,,0.012296,0.389499,0.119484,0.09471,0.025618,0.065319,0.009893,0.1744,0.044198,0.064582,,5017000,,
1,1,,0.004228,0.394822,0.098078,0.096958,0.025374,0.074433,0.008581,0.196062,0.038309,0.063155,,5069500,,
1,1,,0.005829,0.259251,0.109974,0.096841,0.040039,0.116509,0.007102,0.178855,0.060974,0.124624,,5001900,,
1,1,,0.05627,0.26532,0.079317,0.170706,0.080747,0.068646,0.03065,0.062118,0.091224,0.095002,,5003900,,
1,1,,0.004438,0.394238,0.097069,0.093129,0.035975,0.071646,0.010108,0.19523,0.038471,0.059695,,5031300,,
1,1,,0.004128,0.268589,0.13211,0.113854,0.021647,0.097044,0.004369,0.230368,0.046916,0.080974,,5006700,,
1,4,,0.024619,0.171171,0.09093,0.033091,0.265635,0.026132,0.200518,0.073779,0.102855,0.011271,,5009900,,
1,1,,0.019178,0.365729,0.129303,0.056888,0.051108,0.046801,0.027705,0.128394,0.1275,0.047394,,5037000,,
1,1,,0.003176,0.375114,0.144526,0.098679,0.046609,0.067022,0.007397,0.159201,0.03387,0.064407,,5068700,,
1,1,,0.021702,0.268598,0.101091,0.0156,0.202174,0.016043,0.127578,0.057067,0.171505,0.018642,,5016600,,
1,4,,0.025238,0.223688,0.096933,0.011297,0.242484,0.02188,0.154571,0.054654,0.153969,0.015286,,5029500,,
1,1,,0.005006,0.393683,0.102825,0.095553,0.026174,0.067836,0.010617,0.188557,0.046402,0.063348,,5031100,,
1,3,,0.004775,0.19352,0.069852,0.30934,0.070205,0.103178,0.010179,0.120065,0.03553,0.083356,,5041100,,
1,5,,0.02244,0.078142,0.095309,0.065979,0.096994,0.253805,0.001698,0.121449,0.038181,0.226003,,5007500,,
1,1,,0.004173,0.314514,0.123718,0.104077,0.024467,0.085962,0.007125,0.225062,0.043177,0.067724,,5035200,,
1,1,,0.073956,0.316968,0.116204,0.101288,0.048168,0.054003,0.006923,0.144836,0.043042,0.094611,,5033800,,
1,1,,0.00475,0.320041,0.153037,0.090389,0.055072,0.065356,0.031349,0.177038,0.043027,0.059942,,5023300,,
1,1,,0.003872,0.308187,0.126413,0.108032,0.025545,0.086876,0.005684,0.218101,0.044288,0.073001,,5049600,,
1,1,,0.008119,0.332837,0.158005,0.056195,0.116929,0.042285,0.033593,0.117815,0.091506,0.042716,,5054000,,
1,1,,0.004862,0.305703,0.101511,0.099716,0.028668,0.091353,0.007679,0.244022,0.047872,0.068614,,5030800,,
1,1,,0.005462,0.270772,0.088795,0.235848,0.053634,0.092781,0.01239,0.09497,0.039999,0.105348,,5045700,,
1,1,,0.005172,0.328656,0.101707,0.100594,0.025312,0.081696,0.027821,0.196054,0.044901,0.088087,,5038100,,
1,1,,0.00345,0.35749,0.1673,0.101213,0.027105,0.069761,0.00713,0.161393,0.037772,0.067384,,5027500,,
1,1,,0.005038,0.263695,0.096835,0.243537,0.057088,0.088986,0.009191,0.100801,0.031965,0.102864,,5042700,,
1,1,,0.005528,0.357373,0.083814,0.086134,0.05334,0.070027,0.0328,0.211707,0.043564,0.055713,,5061500,,
1,9,,0.022356,0.110999,0.055459,0.045001,0.090422,0.238671,0.002035,0.112692,0.036987,0.285379,,5024500,,
1,4,,0.022332,0.174868,0.076471,0.044138,0.256361,0.036033,0.156901,0.112592,0.089725,0.03058,,5046300,,
1,7,,0.012823,0.158502,0.154189,0.138745,0.02302,0.090313,0.004321,0.235929,0.075678,0.10648,,5049000,,
1,7,,0.004128,0.230832,0.132249,0.116028,0.021282,0.088749,0.004369,0.279134,0.046186,0.077044,,5039700,,
1,1,,0.154389,0.221004,0.067714,0.119674,0.099302,0.037973,0.038893,0.079637,0.128533,0.052881,,5035400,,
1,1,,0.154389,0.221004,0.067714,0.119674,0.119302,0.037973,0.038893,0.059637,0.128533,0.052881,,5046100,,
1,1,,0.006112,0.361954,0.088979,0.094504,0.056091,0.086476,0.008239,0.183526,0.034433,0.079687,,5038900,,
1,1,,0.012819,0.305099,0.07769,0.214086,0.037785,0.083144,0.009255,0.121117,0.033716,0.105286,,5055300,,
2,2,,0.005679,0.153846,0.336944,0.102568,0.029446,0.098974,0.005805,0.145642,0.043828,0.077269,,5088600,,
2,2,,0.025888,0.073911,0.24837,0.056969,0.051852,0.111443,0.065799,0.086408,0.132516,0.146845,,5029600,,
2,2,,0.003076,0.167244,0.33526,0.115293,0.022083,0.078061,0.003185,0.160313,0.039468,0.076017,,5058500,,
2,2,,0.028861,0.055647,0.295088,0.019189,0.100025,0.018217,0.208604,0.03656,0.221375,0.016433,,5109600,,
2,2,,0.006256,0.152805,0.33055,0.103439,0.024147,0.082027,0.002863,0.145578,0.043079,0.109256,,5070100,,
2,2,,0.040538,0.167317,0.177749,0.06179,0.037424,0.083672,0.066904,0.138031,0.163855,0.062719,,5059500,,
2,2,,0.007999,0.108279,0.289144,0.081479,0.036792,0.0639,0.096402,0.157544,0.108506,0.049956,,5107100,,
2,8,,0.010261,0.118249,0.22271,0.075453,0.029498,0.06704,0.048509,0.141602,0.225603,0.061074,,5084900,,
2,8,,0.102592,0.064907,0.191867,0.026125,0.075168,0.021661,0.077065,0.096669,0.314,0.029946,,5088800,,
2,3,,0.008769,0.069169,0.102745,0.257394,0.075202,0.111031,0.072698,0.07413,0.120172,0.10869,,5049800,,
2,2,,0.026534,0.041476,0.24868,0.039315,0.070948,0.175548,0.093908,0.056682,0.087274,0.159634,,6487500,,
2,8,,0.022079,0.097438,0.092469,0.221701,0.031874,0.088548,0.035722,0.058377,0.270583,0.081209,,6875200,,
2,2,,0.020042,0.05499,0.301736,0.027645,0.097727,0.021474,0.232031,0.043694,0.183696,0.016965,,5037700,,
2,4,,0.022637,0.169367,0.126531,0.043553,0.231315,0.037237,0.148494,0.109023,0.082414,0.029428,,5014700,,
2,2,,0.005145,0.157789,0.306295,0.124422,0.026115,0.092191,0.003191,0.146561,0.04328,0.095012,,5021500,,
2,2,,0.019739,0.054785,0.300131,0.028335,0.098318,0.021959,0.24346,0.043489,0.173121,0.016662,,5008400,,
2,6,,0.027519,0.055526,0.18119,0.01004,0.155952,0.018376,0.369134,0.028795,0.151595,0.001873,,4992800,,
2,2,,0.007012,0.125911,0.36256,0.075633,0.028904,0.054442,0.069446,0.110571,0.112084,0.053438,,5032300,,
2,3,,0.00931,0.080592,0.186156,0.244867,0.0901,0.081999,0.085415,0.068567,0.067999,0.084995,,5033500,,
2,8,,0.105048,0.060829,0.182069,0.024099,0.041322,0.01652,0.08625,0.037771,0.418771,0.027321,,5070200,,
2,2,,0.00348,0.232845,0.25671,0.095717,0.029811,0.0904,0.009528,0.158678,0.049831,0.073,,5042200,,
2,2,,0.004798,0.157838,0.245308,0.119351,0.04029,0.090388,0.003875,0.213406,0.048025,0.076721,,5052900,,
2,2,,0.005145,0.163252,0.288935,0.125457,0.028528,0.10288,0.003536,0.157596,0.044414,0.080257,,5076900,,
2,6,,0.028209,0.032806,0.226319,0.009978,0.136366,0.017562,0.370339,0.04669,0.129858,0.001873,,5092000,,
2,6,,0.022618,0.054409,0.214371,0.017628,0.14857,0.019769,0.33914,0.053367,0.125882,0.004245,,5061900,,
2,2,,0.026733,0.042821,0.216504,0.040685,0.068074,0.170508,0.093908,0.058598,0.108657,0.173512,,5037900,,
2,6,,0.028209,0.052806,0.246319,0.009978,0.136366,0.017562,0.350339,0.02669,0.129858,0.001873,,5043000,,
2,6,,0.026281,0.034834,0.251857,0.082595,0.119757,0.022793,0.290507,0.026024,0.135707,0.009643,,5000700,,
2,0,,0.180988,0.086065,0.128316,0.060538,0.100699,0.031924,0.095976,0.111958,0.162279,0.041257,,5039200,,
2,9,,0.029893,0.033573,0.109845,0.04107,0.100899,0.248861,0.006685,0.054156,0.113583,0.261436,,5016400,,
2,2,,0.008734,0.118505,0.231823,0.079299,0.027111,0.070377,0.070136,0.149232,0.190641,0.054142,,5049900,,
2,2,,0.006061,0.144197,0.301445,0.077182,0.08673,0.054863,0.082114,0.13778,0.060119,0.04951,,5113500,,
3,3,,0.006675,0.094067,0.066737,0.411392,0.022481,0.13796,0.004784,0.085024,0.037651,0.133227,,5047500,,
3,3,,0.005361,0.085015,0.066153,0.497181,0.019978,0.099531,0.003946,0.084622,0.05289,0.085322,,5040500,,
3,3,,0.005105,0.082451,0.065301,0.531271,0.019465,0.096404,0.003689,0.08324,0.031352,0.081723,,5057300,,
3,3,,0.006229,0.084192,0.064117,0.521396,0.019914,0.096122,0.003689,0.083183,0.032586,0.088572,,5045700,,
3,3,,0.005105,0.1127,0.105181,0.430836,0.039228,0.097278,0.003696,0.089198,0.033073,0.083705,,5047100,,
3,3,,0.005105,0.0927,0.085181,0.430836,0.019228,0.137278,0.003696,0.089198,0.033073,0.103705,,5116800,,
3,3,,0.005105,0.1127,0.105181,0.430836,0.039228,0.097278,0.003696,0.089198,0.033073,0.083705,,5046800,,
3,3,,0.005105,0.07817,0.064131,0.526087,0.023748,0.105704,0.003953,0.079429,0.031071,0.082602,,5026800,,
3,3,,0.005105,0.082451,0.065301,0.531271,0.019465,0.096404,0.003689,0.08324,0.031352,0.081723,,5028500,,
3,3,,0.006229,0.084192,0.064117,0.521396,0.019914,0.096122,0.003689,0.083183,0.032586,0.088572,,5049500,,
3,3,,0.005901,0.084862,0.071772,0.471958,0.019423,0.135986,0.003361,0.086314,0.032546,0.087876,,4991400,,
3,3,,0.004777,0.083121,0.072956,0.521833,0.018973,0.096268,0.003361,0.086371,0.031312,0.081027,,5024700,,
3,3,,0.005661,0.08217,0.064077,0.521518,0.020021,0.107418,0.003875,0.083143,0.031159,0.080959,,5049500,,
3,3,,0.015587,0.140802,0.129342,0.277689,0.02387,0.083788,0.004196,0.209719,0.038894,0.076112,,5009000,,
3,3,,0.003917,0.099289,0.071773,0.460121,0.020349,0.121382,0.002659,0.086427,0.029594,0.104489,,5028000,,
3,3,,0.008207,0.084935,0.103732,0.347468,0.0931,0.105847,0.080762,0.066394,0.059147,0.050409,,5054800,,
3,3,,0.005792,0.095018,0.075616,0.471707,0.021434,0.10681,0.004271,0.088252,0.037804,0.093296,,5036600,,
3,3,,0.004658,0.096905,0.062791,0.482522,0.022064,0.093501,0.006099,0.106914,0.045084,0.079462,,5048800,,
3,3,,0.014676,0.042468,0.052446,0.372523,0.049887,0.216128,0.002082,0.053147,0.029997,0.166647,,5040300,,
3,3,,0.004777,0.083121,0.072956,0.521833,0.018973,0.096268,0.003361,0.086371,0.031312,0.081027,,5041200,,
3,3,,0.005792,0.095018,0.075616,0.471707,0.021434,0.10681,0.004271,0.088252,0.037804,0.093296,,5058400,,
3,3,,0.005105,0.082451,0.065301,0.531271,0.019465,0.096404,0.003689,0.08324,0.031352,0.081723,,5030000,,
3,3,,0.005589,0.085404,0.072585,0.5006,0.020042,0.109541,0.003803,0.086787,0.032657,0.082992,,5027500,,
3,7,,0.005042,0.170943,0.133477,0.180553,0.021497,0.10861,0.004086,0.201655,0.072033,0.102104,,5058400,,
3,3,,0.005105,0.082451,0.065301,0.531271,0.019465,0.096404,0.003689,0.08324,0.031352,0.081723,,5064800,,
3,3,,0.017069,0.041468,0.047892,0.311205,0.056246,0.2428,0.002978,0.046338,0.028984,0.20502,,5011300,,
3,3,,0.006229,0.084192,0.064117,0.518787,0.019914,0.096991,0.003689,0.084052,0.032586,0.089442,,5040000,,
3,5,,0.022148,0.032015,0.043809,0.197278,0.064908,0.306944,0.002166,0.050505,0.057692,0.222533,,5072100,,
3,3,,0.004978,0.091173,0.071072,0.519433,0.019338,0.094111,0.003562,0.086317,0.030588,0.07943,,5093500,,
3,3,,0.005952,0.072831,0.069996,0.480128,0.023967,0.140021,0.005041,0.077833,0.034181,0.090051,,5105600,,
3,3,,0.006229,0.084192,0.064117,0.521396,0.019914,0.096122,0.003689,0.083183,0.032586,0.088572,,5066300,,
3,3,,0.003955,0.097169,0.064504,0.446733,0.020551,0.123716,0.003543,0.082861,0.031977,0.124991,,5095600,,
4,4,,0.026404,0.096219,0.088381,0.040851,0.339224,0.0194,0.213872,0.04342,0.120504,0.011724,,5078400,,
4,2,,0.010152,0.125482,0.176897,0.087958,0.141166,0.120635,0.027453,0.133543,0.066788,0.109928,,5038800,,
4,4,,0.042688,0.059706,0.059641,0.019315,0.336728,0.110492,0.125125,0.075007,0.087303,0.083996,,5249000,,
4,7,,0.138184,0.115376,0.065067,0.048376,0.103547,0.114789,0.005937,0.20202,0.033658,0.173047,,5077300,,
4,0,,0.385035,0.055313,0.042151,0.01524,0.219047,0.016973,0.069286,0.053946,0.092274,0.050736,,5039000,,
4,4,,0.022979,0.041596,0.044025,0.036006,0.27715,0.221062,0.025795,0.088453,0.035509,0.207424,,5096100,,
4,4,,0.081189,0.111994,0.065421,0.097544,0.291245,0.0408,0.135191,0.066007,0.077972,0.032639,,5063500,,
4,4,,0.038932,0.077284,0.076308,0.00656,0.426655,0.016844,0.201583,0.04565,0.099426,0.010757,,5058800,,
4,9,,0.093519,0.029486,0.047576,0.044036,0.137048,0.257691,0.000474,0.06709,0.040984,0.282095,,5097100,,
4,0,,0.277364,0.100105,0.07308,0.023848,0.190713,0.021958,0.096654,0.103706,0.074333,0.038239,,5072600,,
4,4,,0.028144,0.058525,0.056144,0.016283,0.399999,0.084302,0.147304,0.051119,0.081478,0.076703,,5068400,,
4,4,,0.145575,0.046017,0.063459,0.01669,0.232382,0.107988,0.083922,0.039142,0.147003,0.117823,,6809300,,
4,4,,0.038771,0.055067,0.072248,0.006117,0.450411,0.015621,0.21676,0.038788,0.097183,0.009034,,5627600,,
4,4,,0.035886,0.119422,0.062709,0.067027,0.182742,0.149771,0.026265,0.178451,0.035928,0.141799,,5044100,,
4,5,,0.02424,0.058131,0.046966,0.044365,0.201745,0.285259,0.001692,0.060762,0.033716,0.243123,,5088500,,
4,4,,0.048619,0.057122,0.075957,0.00727,0.428903,0.01459,0.214124,0.039553,0.10592,0.007941,,4995400,,
4,4,,0.023352,0.079617,0.073625,0.097883,0.3316,0.042463,0.154718,0.079208,0.084739,0.032796,,5015200,,
4,4,,0.027208,0.076572,0.072962,0.005678,0.432338,0.01621,0.223581,0.039024,0.099315,0.007113,,5036800,,
4,5,,0.043485,0.032028,0.036119,0.07047,0.245604,0.250847,0.032027,0.053187,0.042116,0.194118,,5021700,,
4,4,,0.105178,0.126694,0.093357,0.037418,0.252714,0.0122,0.067722,0.034156,0.226915,0.043645,,4994300,,
4,4,,0.161154,0.028061,0.041176,0.035116,0.230096,0.198947,0.002259,0.071781,0.028425,0.202986,,5049400,,
4,0,,0.24552,0.111996,0.063466,0.070658,0.171904,0.046364,0.018601,0.11029,0.036063,0.125138,,4993900,,
4,4,,0.283401,0.028007,0.048662,0.005675,0.384399,0.009572,0.124367,0.030126,0.058299,0.027492,,5007200,,
4,4,,0.020907,0.086303,0.086482,0.045718,0.372561,0.021777,0.183994,0.068435,0.100031,0.013792,,5927400,,
4,4,,0.250391,0.0586,0.072365,0.024287,0.307811,0.041369,0.089833,0.06347,0.052039,0.039835,,5028700,,
4,9,,0.076721,0.067493,0.049432,0.084677,0.080161,0.213574,0.023681,0.093652,0.054931,0.255678,,5008000,,
4,4,,0.039557,0.059637,0.076933,0.006325,0.443839,0.016844,0.201348,0.044709,0.099426,0.011382,,5050200,,
4,4,,0.027208,0.056572,0.072962,0.005678,0.452338,0.01621,0.223581,0.039024,0.099315,0.007113,,4987200,,
4,4,,0.06082,0.053793,0.059806,0.014572,0.38676,0.074284,0.148709,0.042391,0.087384,0.071483,,4977100,,
4,4,,0.250391,0.0786,0.052365,0.064287,0.267811,0.021369,0.089833,0.06347,0.072039,0.039835,,5000100,,
4,4,,0.027208,0.056572,0.072962,0.005678,0.452338,0.01621,0.223581,0.039024,0.099315,0.007113,,5020900,,
4,6,,0.025212,0.144673,0.080694,0.044737,0.189696,0.057392,0.257778,0.085231,0.088421,0.026165,,4995200,,
4,4,,0.027208,0.056572,0.072962,0.005678,0.452338,0.01621,0.223581,0.039024,0.099315,0.007113,,5001100,,
5,5,,0.022436,0.050001,0.060213,0.070122,0.069547,0.383995,0.001172,0.071186,0.03967,0.231658,,5015500,,
5,0,,0.246529,0.026733,0.041685,0.057097,0.111429,0.178878,0.002292,0.066769,0.030277,0.23831,,4997700,,
5,5,,0.02432,0.037134,0.051114,0.047668,0.080264,0.416038,0.000829,0.05865,0.035793,0.24819,,4981100,,
5,5,,0.021357,0.051756,0.069347,0.055562,0.069224,0.376346,0.001435,0.093622,0.041224,0.220126,,4983700,,
5,5,,0.02324,0.038888,0.059642,0.05129,0.079336,0.413844,0.001093,0.06048,0.036741,0.235446,,4993000,,
5,5,,0.02432,0.037134,0.051114,0.047668,0.080264,0.416038,0.000829,0.05865,0.035793,0.24819,,4986400,,
5,5,,0.024007,0.040096,0.048323,0.043024,0.081007,0.419349,0.001024,0.062707,0.035834,0.244629,,5013200,,
5,5,,0.023568,0.029851,0.038586,0.085506,0.078808,0.374116,0.083553,0.044772,0.041699,0.19954,,4981200,,
5,5,,0.021357,0.051756,0.068741,0.053744,0.068618,0.401801,0.001435,0.073016,0.040618,0.218914,,5018000,,
5,5,,0.021818,0.029322,0.037878,0.118143,0.062271,0.409603,0.001188,0.042457,0.037762,0.239558,,5009700,,
5,1,,0.003881,0.184254,0.1478,0.157359,0.020944,0.123978,0.003641,0.183213,0.08929,0.08564,,4990200,,
5,3,,0.005381,0.086167,0.067256,0.327321,0.029916,0.186923,0.004047,0.073643,0.029839,0.189507,,5001500,,
5,5,,0.014942,0.13392,0.099831,0.121801,0.045201,0.20899,0.004571,0.141136,0.041834,0.187775,,5000700,,
5,5,,0.024391,0.027115,0.037678,0.090617,0.08396,0.418516,0.000812,0.040659,0.038109,0.238143,,4991300,,
5,5,,0.023811,0.031067,0.035563,0.096096,0.065362,0.433975,0.001336,0.045045,0.036629,0.231116,,5000300,,
5,5,,0.015841,0.036473,0.042568,0.234751,0.054522,0.349937,0.003277,0.041046,0.031648,0.189936,,5004400,,
5,7,,0.005118,0.198126,0.10965,0.125945,0.026698,0.197771,0.006829,0.204206,0.051607,0.07405,,4996400,,
5,5,,0.017099,0.087585,0.067607,0.271836,0.02883,0.278916,0.004744,0.077029,0.032259,0.134095,,5069600,,
5,5,,0.024124,0.028104,0.038354,0.10074,0.064619,0.430663,0.001142,0.040988,0.036588,0.234678,,4997700,,
5,5,,0.02432,0.057134,0.05172,0.049486,0.080871,0.390583,0.000829,0.059256,0.036399,0.249402,,5138500,,
5,5,,0.022352,0.028345,0.043064,0.117072,0.063794,0.420242,0.003458,0.041109,0.042782,0.217781,,5010300,,
5,5,,0.061104,0.027551,0.069943,0.062586,0.066732,0.268598,0.110046,0.033083,0.117724,0.182632,,5018700,,
5,5,,0.030576,0.119898,0.076467,0.067288,0.082384,0.252848,0.040837,0.15124,0.061757,0.116707,,5049600,,
5,5,,0.024391,0.027115,0.037678,0.090911,0.08396,0.418222,0.000812,0.040659,0.038109,0.238143,,5029100,,
5,5,,0.024391,0.027115,0.037678,0.090911,0.06396,0.438222,0.000812,0.040659,0.038109,0.238143,,5012700,,
5,7,,0.009254,0.13693,0.111426,0.124386,0.038087,0.200682,0.003413,0.220716,0.041935,0.113173,,5020200,,
5,5,,0.02432,0.037134,0.051114,0.047668,0.080264,0.416038,0.000829,0.05865,0.035793,0.24819,,5015600,,
5,5,,0.023687,0.039023,0.046642,0.041198,0.094353,0.383945,0.063571,0.059235,0.038792,0.209554,,5011600,,
5,5,,0.020966,0.063038,0.075393,0.04659,0.070154,0.384209,0.002156,0.087941,0.038584,0.21097,,5015700,,
5,5,,0.021818,0.029322,0.037878,0.118143,0.062271,0.414603,0.001188,0.042457,0.037762,0.234558,,5032600,,
5,5,,0.021544,0.038064,0.036064,0.10246,0.119869,0.326824,0.036797,0.058478,0.04101,0.21889,,5071300,,
5,5,,0.024611,0.0291,0.039468,0.083379,0.06562,0.397628,0.043276,0.042762,0.042563,0.231593,,5060700,,
6,6,,0.029166,0.030867,0.094512,0.008768,0.141173,0.017834,0.528172,0.026618,0.120658,0.002231,,5032200,,
6,6,,0.029166,0.030867,0.094512,0.008768,0.141173,0.017834,0.528172,0.026618,0.120658,0.002231,,5026100,,
6,6,,0.024457,0.046438,0.07908,0.007433,0.271259,0.051821,0.340386,0.053056,0.107481,0.018588,,4999000,,
6,6,,0.046498,0.029022,0.115366,0.011425,0.135194,0.029847,0.46613,0.026488,0.125109,0.014922,,5049200,,
6,6,,0.020323,0.057605,0.11729,0.053837,0.116229,0.023079,0.445257,0.034303,0.122626,0.00945,,5006100,,
6,6,,0.029166,0.030678,0.114512,0.008768,0.140607,0.037268,0.463015,0.026618,0.147136,0.002231,,5008000,,
6,6,,0.022873,0.051541,0.117269,0.015507,0.127743,0.029344,0.455049,0.041262,0.131021,0.008392,,5058900,,
6,6,,0.029166,0.030867,0.094512,0.008768,0.141173,0.017834,0.528172,0.026618,0.120658,0.002231,,5020900,,
6,6,,0.029166,0.030867,0.094512,0.008768,0.141173,0.017834,0.528172,0.026618,0.120658,0.002231,,5030400,,
6,6,,0.027518,0.039897,0.063344,0.025303,0.202886,0.13458,0.274056,0.05549,0.094928,0.081999,,5037300,,
6,6,,0.029166,0.030867,0.094512,0.008768,0.141173,0.017834,0.528172,0.026618,0.120658,0.002231,,5034700,,
6,6,,0.029166,0.030867,0.094512,0.008768,0.141173,0.017834,0.528172,0.026618,0.120658,0.002231,,5033400,,
6,6,,0.029166,0.030867,0.094512,0.008768,0.141173,0.017834,0.528172,0.026618,0.120658,0.002231,,5094700,,
6,6,,0.029166,0.030867,0.094512,0.008768,0.141173,0.017834,0.528172,0.026618,0.120658,0.002231,,5048900,,
6,3,,0.012707,0.053202,0.106921,0.202319,0.09505,0.141705,0.169337,0.046124,0.079177,0.093459,,5033700,,
6,6,,0.028432,0.033724,0.09605,0.009244,0.140256,0.018603,0.514957,0.028265,0.128421,0.002048,,5104200,,
6,6,,0.029166,0.030867,0.094512,0.008768,0.141173,0.017834,0.528172,0.026618,0.120658,0.002231,,5080500,,
6,6,,0.028908,0.038805,0.085471,0.007988,0.193529,0.017416,0.472396,0.032762,0.116656,0.006069,,5054800,,
6,6,,0.026714,0.060815,0.080007,0.006739,0.193077,0.017263,0.443402,0.039317,0.127838,0.004829,,5084600,,
6,6,,0.029166,0.030867,0.094512,0.008768,0.141173,0.017834,0.528172,0.026618,0.120658,0.002231,,5051300,,
6,6,,0.028432,0.033724,0.09605,0.009244,0.140256,0.018603,0.514957,0.028265,0.128421,0.002048,,5061000,,
6,6,,0.029166,0.030867,0.094512,0.008768,0.141173,0.017834,0.528172,0.026618,0.120658,0.002231,,5055000,,
6,6,,0.022181,0.057119,0.074643,0.010996,0.250367,0.018649,0.391146,0.039987,0.126896,0.008016,,5106600,,
6,6,,0.029166,0.030867,0.094512,0.008768,0.141173,0.017834,0.528172,0.026618,0.120658,0.002231,,5047700,,
6,6,,0.029166,0.030867,0.094512,0.008768,0.141173,0.017834,0.528172,0.026618,0.120658,0.002231,,5078400,,
6,6,,0.029166,0.030867,0.094512,0.008768,0.141173,0.017834,0.528172,0.026618,0.120658,0.002231,,5060600,,
6,6,,0.029166,0.030867,0.094512,0.008768,0.141173,0.017834,0.528172,0.026618,0.120658,0.002231,,5043100,,
6,6,,0.029166,0.030867,0.094512,0.008768,0.141173,0.017834,0.528172,0.026618,0.120658,0.002231,,5067100,,
6,6,,0.022712,0.043079,0.107754,0.014845,0.130268,0.020505,0.478952,0.031705,0.146239,0.003942,,5124300,,
6,6,,0.029166,0.030678,0.094512,0.008768,0.16394,0.020602,0.496348,0.029951,0.123803,0.002231,,5067400,,
6,6,,0.023841,0.048395,0.102537,0.01495,0.173231,0.020367,0.455625,0.034806,0.122046,0.004201,,5060900,,
6,6,,0.029166,0.030867,0.094512,0.008768,0.141173,0.017834,0.528172,0.026618,0.120658,0.002231,,5060400,,
6,6,,0.030345,0.036806,0.093847,0.008402,0.182645,0.016638,0.46829,0.028196,0.131925,0.002907,,5048000,,
7,7,,0.003971,0.190231,0.128357,0.099875,0.021644,0.069098,0.005501,0.376692,0.039185,0.065445,,5075400,,
7,7,,0.004334,0.203343,0.097526,0.097954,0.024185,0.085128,0.005593,0.380792,0.039413,0.061731,,5050100,,
7,6,,0.020918,0.1075,0.113864,0.047648,0.110341,0.053762,0.23373,0.198623,0.09069,0.022923,,5059900,,
7,7,,0.015632,0.194744,0.123202,0.112013,0.025053,0.084076,0.004024,0.323557,0.042446,0.075252,,8244300,,
7,4,,0.037205,0.111898,0.074228,0.102927,0.192848,0.043429,0.158057,0.162161,0.082612,0.034636,,9121200,,
7,4,,0.022162,0.109102,0.0996,0.0437,0.236659,0.037973,0.13954,0.168053,0.113328,0.029884,,5132200,,
7,7,,0.018445,0.125805,0.175786,0.097726,0.036552,0.059916,0.02571,0.247954,0.149256,0.062851,,5106700,,
7,7,,0.015632,0.194744,0.123202,0.112013,0.025053,0.084076,0.004024,0.323557,0.042446,0.075252,,5048100,,
7,7,,0.003625,0.176603,0.120852,0.108296,0.046383,0.084958,0.00519,0.341225,0.042292,0.070577,,5090900,,
7,7,,0.004653,0.165532,0.082446,0.14876,0.050026,0.090945,0.029798,0.331,0.040855,0.055985,,5088100,,
7,7,,0.003835,0.146188,0.113955,0.224333,0.020897,0.086066,0.004047,0.282617,0.042045,0.076018,,5044600,,
7,4,,0.022586,0.149284,0.090903,0.053044,0.211373,0.038284,0.115581,0.192314,0.090589,0.036042,,5030100,,
7,1,,0.034997,0.202364,0.065289,0.06017,0.074146,0.122709,0.086155,0.201662,0.061803,0.090705,,5135200,,
7,6,,0.025237,0.126077,0.082885,0.04455,0.166867,0.088527,0.185902,0.129054,0.117758,0.033144,,5083000,,
7,7,,0.017661,0.170318,0.086385,0.088408,0.048194,0.068637,0.034488,0.390638,0.039478,0.055793,,5028400,,
7,7,,0.005848,0.157841,0.132069,0.153751,0.02267,0.079225,0.003901,0.300324,0.069855,0.074516,,5040400,,
7,7,,0.038424,0.164555,0.085534,0.073911,0.066208,0.123868,0.035986,0.291328,0.056255,0.063932,,5041900,,
7,7,,0.005327,0.19676,0.087875,0.091611,0.060445,0.077153,0.029244,0.350024,0.041709,0.059851,,5028800,,
7,7,,0.017661,0.187126,0.106452,0.088441,0.048832,0.068244,0.034488,0.353271,0.039478,0.056006,,5050800,,
7,7,,0.003835,0.149232,0.11491,0.166114,0.021331,0.086978,0.004047,0.333751,0.042915,0.076888,,5046000,,
7,1,,0.005944,0.29676,0.085171,0.085917,0.071309,0.072343,0.03182,0.252241,0.042149,0.056346,,5023100,,
7,7,,0.076053,0.126743,0.114767,0.096993,0.033031,0.087853,0.002564,0.292663,0.067224,0.102108,,5044200,,
7,7,,0.006761,0.155219,0.142639,0.096226,0.059654,0.080035,0.033738,0.301649,0.061193,0.062887,,5055100,,
7,7,,0.021415,0.154983,0.120669,0.06283,0.090169,0.096381,0.066254,0.277409,0.063623,0.046267,,5029800,,
7,6,,0.026837,0.089712,0.125274,0.042497,0.121375,0.024917,0.337527,0.091878,0.128391,0.011593,,5020500,,
7,7,,0.025434,0.225807,0.1327,0.103036,0.022387,0.095887,0.007135,0.273847,0.046773,0.066995,,5060400,,
7,6,,0.026529,0.055503,0.106,0.007059,0.211396,0.020405,0.26352,0.162555,0.13809,0.008942,,5038100,,
7,7,,0.026267,0.114212,0.077652,0.183804,0.050897,0.092163,0.096469,0.236525,0.066725,0.055287,,5018800,,
7,7,,0.015632,0.154744,0.123202,0.112013,0.025053,0.084076,0.004024,0.363557,0.042446,0.075252,,5045200,,
7,7,,0.003881,0.156678,0.132983,0.115859,0.020106,0.087589,0.003875,0.357709,0.045069,0.07625,,5001000,,
7,7,,0.010642,0.166636,0.134532,0.093575,0.073214,0.068618,0.064208,0.198143,0.113914,0.076519,,5013900,,
7,7,,0.004958,0.224892,0.104894,0.105697,0.024935,0.093524,0.0056,0.298177,0.06744,0.069883,,5066400,,
8,8,,0.105576,0.058223,0.140677,0.02479,0.045895,0.017454,0.108251,0.03788,0.43545,0.025804,,5023200,,
8,8,,0.142727,0.04597,0.147463,0.003237,0.053316,0.005709,0.115278,0.019822,0.426804,0.039674,,5014500,,
8,8,,0.045215,0.037506,0.147677,0.016879,0.101469,0.083191,0.220215,0.019972,0.272865,0.055011,,5092300,,
8,2,,0.127433,0.1043,0.200849,0.087263,0.026875,0.079648,0.026162,0.127488,0.143419,0.076564,,5027300,,
8,8,,0.14303,0.046174,0.169067,0.002547,0.052725,0.005224,0.10385,0.020027,0.417379,0.039977,,5020500,,
8,0,,0.301425,0.036053,0.093915,0.015959,0.184454,0.00962,0.142594,0.030047,0.159062,0.02687,,5184100,,
8,8,,0.131052,0.040943,0.113223,0.008334,0.049046,0.058685,0.085006,0.024363,0.405195,0.084153,,5708800,,
8,8,,0.110179,0.042955,0.131021,0.008922,0.051345,0.054969,0.08757,0.043517,0.386738,0.082784,,5707700,,
8,8,,0.106049,0.068021,0.152489,0.026657,0.058789,0.020222,0.157634,0.05824,0.328996,0.022903,,5719800,,
8,8,,0.051608,0.144069,0.108184,0.05575,0.051026,0.07394,0.131066,0.159986,0.182146,0.042225,,5684100,,
8,8,,0.01663,0.041127,0.116586,0.188914,0.042487,0.166578,0.064654,0.04452,0.189234,0.129272,,5698400,,
8,8,,0.02586,0.046946,0.148058,0.006443,0.121418,0.012009,0.279853,0.029953,0.322201,0.007261,,5689100,,
8,8,,0.190256,0.043832,0.089341,0.003487,0.105872,0.007283,0.156884,0.018842,0.363591,0.020611,,5649800,,
8,5,,0.017528,0.110048,0.1508,0.109731,0.031331,0.172958,0.002633,0.135326,0.117069,0.152577,,5707400,,
8,8,,0.235281,0.030858,0.13043,0.004734,0.066492,0.007795,0.199507,0.014293,0.29053,0.020079,,5548300,,
8,8,,0.115034,0.040988,0.133347,0.00796,0.057028,0.045421,0.138602,0.015131,0.39634,0.050149,,5034500,,
8,8,,0.152249,0.07788,0.127744,0.039717,0.049944,0.024616,0.117813,0.060561,0.313158,0.036319,,5016200,,
8,8,,0.119988,0.059761,0.105688,0.035043,0.112433,0.018847,0.101662,0.038603,0.37812,0.029856,,5033000,,
8,8,,0.025663,0.072871,0.171125,0.076115,0.11033,0.072521,0.176327,0.059314,0.204657,0.031076,,5055700,,
8,6,,0.022645,0.107263,0.152882,0.05979,0.144721,0.04429,0.1535,0.07807,0.143247,0.093591,,5016000,,
8,8,,0.105048,0.060829,0.142069,0.024099,0.041322,0.01652,0.08625,0.037771,0.458771,0.027321,,5086200,,
8,3,,0.024459,0.063077,0.097988,0.273627,0.04667,0.077717,0.068602,0.053903,0.198858,0.095098,,5059900,,
8,8,,0.200484,0.045563,0.125575,0.012158,0.05532,0.023261,0.128944,0.053509,0.291977,0.063209,,5059100,,
8,9,,0.016039,0.128188,0.112939,0.130205,0.036195,0.134205,0.003003,0.159738,0.093787,0.185702,,5109100,,
8,6,,0.028209,0.035664,0.163462,0.029978,0.136366,0.017562,0.370339,0.02669,0.189858,0.001873,,5106100,,
8,8,,0.125796,0.051723,0.175052,0.02571,0.050833,0.018239,0.112893,0.057941,0.353931,0.027883,,5033100,,
8,8,,0.044917,0.046047,0.133919,0.006846,0.157101,0.012784,0.258675,0.030539,0.301717,0.007453,,5055900,,
8,8,,0.024163,0.096103,0.147477,0.10731,0.052265,0.11971,0.038478,0.110657,0.198346,0.10549,,5045500,,
8,8,,0.142807,0.045445,0.129711,0.003281,0.049775,0.005122,0.096602,0.018452,0.489004,0.019803,,5045800,,
8,7,,0.005042,0.159885,0.173131,0.116438,0.020973,0.098878,0.003641,0.202617,0.133283,0.08611,,5117400,,
8,6,,0.028447,0.075491,0.139167,0.009121,0.139344,0.017418,0.34386,0.048676,0.196428,0.002048,,5089200,,
9,9,,0.034141,0.030542,0.038573,0.101267,0.069505,0.26741,0.000691,0.041603,0.042099,0.374168,,5057100,,
9,9,,0.034141,0.030542,0.038573,0.106267,0.069505,0.26741,0.000691,0.041603,0.042099,0.369168,,5123200,,
9,3,,0.012296,0.079933,0.090713,0.25084,0.038743,0.185011,0.002811,0.071588,0.039957,0.228107,,5112000,,
9,9,,0.02472,0.036867,0.048181,0.047707,0.075731,0.248732,0.000829,0.058317,0.036926,0.42199,,5104800,,
9,9,,0.237761,0.020147,0.034543,0.030399,0.100333,0.146314,0.001451,0.038035,0.035423,0.355593,,5177200,,
9,9,,0.032501,0.034648,0.04659,0.047667,0.079962,0.265889,0.0006,0.053439,0.038733,0.399972,,5132800,,
9,9,,0.032501,0.034648,0.04659,0.047667,0.074962,0.245889,0.0006,0.053439,0.038733,0.424972,,5061700,,
9,9,,0.02472,0.036867,0.048181,0.047707,0.075731,0.248732,0.000829,0.058317,0.036926,0.42199,,5047800,,
9,5,,0.022836,0.049735,0.07728,0.070162,0.105013,0.256689,0.001172,0.130853,0.040803,0.245458,,5100800,,
9,9,,0.230638,0.021349,0.033719,0.055333,0.073343,0.13978,0.001451,0.035228,0.037996,0.371163,,5041200,,
9,9,,0.237185,0.046613,0.046968,0.185583,0.050201,0.101475,0.003248,0.04251,0.033495,0.252723,,5049700,,
9,9,,0.032615,0.04827,0.05694,0.070026,0.060158,0.220507,0.000942,0.080956,0.063083,0.366503,,5043900,,
9,9,,0.034141,0.030542,0.038573,0.081267,0.069505,0.24741,0.000691,0.041603,0.042099,0.414168,,5047000,,
9,9,,0.009425,0.121727,0.111757,0.095648,0.033011,0.134524,0.003623,0.179963,0.065811,0.244511,,5037100,,
9,9,,0.218669,0.019327,0.035346,0.045232,0.128495,0.165044,0.001636,0.0346,0.03909,0.31256,,5074400,,
9,9,,0.026359,0.029138,0.037718,0.118218,0.063807,0.253252,0.000627,0.041286,0.042849,0.386746,,5045500,,
9,3,,0.074864,0.191509,0.072477,0.24872,0.036034,0.113886,0.008002,0.080253,0.061652,0.112603,,5052300,,
9,9,,0.024212,0.036529,0.049261,0.042675,0.080308,0.245053,0.000829,0.058096,0.041803,0.421233,,5072500,,
9,9,,0.02472,0.036867,0.048181,0.047707,0.075731,0.248732,0.000829,0.058317,0.036926,0.42199,,7752100,,
9,3,,0.005991,0.071454,0.062888,0.35449,0.023244,0.166701,0.004854,0.074468,0.100935,0.134976,,6942400,,
9,7,,0.006867,0.155406,0.128206,0.106025,0.026011,0.173725,0.004326,0.184689,0.092897,0.121849,,5016900,,
9,3,,0.005991,0.067173,0.063147,0.386915,0.027527,0.222274,0.005117,0.069788,0.035654,0.116414,,5021000,,
9,9,,0.010995,0.104507,0.132141,0.132507,0.037934,0.170739,0.00324,0.167821,0.046857,0.19326,,5089700,,
9,9,,0.030618,0.047516,0.055689,0.050121,0.064244,0.233846,0.000942,0.065975,0.04261,0.40844,,5029000,,
9,9,,0.024391,0.027115,0.037678,0.113117,0.06396,0.278516,0.000812,0.040659,0.040609,0.373143,,5036800,,
9,3,,0.008374,0.111584,0.078217,0.248964,0.031719,0.13259,0.008824,0.097591,0.049325,0.232812,,5058000,,
9,9,,0.02472,0.036867,0.048181,0.067707,0.075731,0.248732,0.000829,0.058317,0.036926,0.40199,,5035400,,
9,9,,0.02472,0.036867,0.048181,0.047707,0.075731,0.248732,0.000829,0.058317,0.036926,0.42199,,5037000,,
9,9,,0.2681,0.045325,0.035773,0.097742,0.062712,0.107738,0.004867,0.040767,0.038078,0.298899,,5106400,,
9,9,,0.034141,0.030542,0.038573,0.081267,0.069505,0.24741,0.000691,0.041603,0.042099,0.414168,,5076400,,
9,9,,0.032501,0.034648,0.04659,0.047667,0.074962,0.245889,0.0006,0.053439,0.038733,0.424972,,5048100,,
9,9,,0.026359,0.029138,0.037718,0.090718,0.063807,0.273252,0.000627,0.041286,0.040349,0.396746,,5075100,,