connect-4,CWE,test,2,NANOSECONDS,PREDICTIONS, Generated by ClassifierExperiments.java on 2022-05-16 19:06:02.    SYSTEMPROPERTIES:{user.name:matth,os.arch:amd64,os.name:Windows 10},ENDSYSTEMPROPERTIES
No parameter info
0.7772350503256364,71755130300,781283940300,-1,1210979376,3,,-1,-1
0,2,,0.192993,0.116134,0.690872,,60226100,,
0,2,,0.086839,0.29915,0.614011,,60721700,,
0,2,,0.180501,0.213133,0.606366,,60917700,,
0,2,,0.10534,0.289553,0.605108,,55048400,,
0,2,,0.248241,0.346702,0.405056,,49899300,,
0,2,,0.228391,0.349432,0.422177,,50526300,,
0,2,,0.099973,0.074567,0.825459,,61162700,,
0,1,,0.116368,0.552843,0.330789,,59041000,,
0,2,,0.290547,0.09054,0.618913,,62699000,,
0,1,,0.111981,0.546288,0.341731,,56934100,,
0,2,,0.120292,0.27301,0.606698,,55574900,,
0,2,,0.111076,0.237358,0.651566,,60718600,,
0,2,,0.326078,0.214811,0.459111,,56357000,,
0,2,,0.137331,0.372693,0.489975,,55646500,,
0,2,,0.109075,0.118636,0.772289,,62736400,,
0,2,,0.139432,0.12487,0.735698,,67652500,,
0,2,,0.315632,0.131429,0.55294,,58282600,,
0,1,,0.047287,0.476402,0.476311,,54787000,,
0,1,,0.16387,0.526267,0.309863,,56538300,,
0,2,,0.181337,0.328459,0.490205,,54921600,,
0,1,,0.275399,0.422713,0.301888,,56394200,,
0,2,,0.178265,0.204435,0.6173,,62342900,,
0,2,,0.317359,0.148168,0.534474,,58087600,,
0,2,,0.061903,0.317853,0.620244,,52773600,,
0,2,,0.124768,0.117041,0.758191,,54325800,,
0,2,,0.225225,0.200621,0.574154,,56133100,,
0,2,,0.068403,0.418665,0.512932,,62164000,,
0,2,,0.231206,0.248048,0.520746,,57512600,,
0,2,,0.190402,0.220661,0.588936,,61265300,,
0,1,,0.180486,0.460374,0.35914,,67209000,,
0,2,,0.250209,0.215836,0.533955,,65286100,,
0,2,,0.275282,0.174183,0.550536,,57733800,,
0,2,,0.297232,0.194039,0.508729,,61551800,,
0,2,,0.293908,0.279903,0.426188,,57446300,,
0,0,,0.404443,0.291586,0.303971,,53548000,,
0,2,,0.142459,0.392044,0.465497,,62830600,,
0,2,,0.062792,0.450113,0.487095,,63707500,,
0,2,,0.26681,0.175492,0.557698,,56827000,,
0,2,,0.135088,0.180455,0.684457,,58431200,,
0,2,,0.341174,0.208021,0.450805,,51755600,,
0,2,,0.334347,0.278885,0.386767,,65970400,,
0,2,,0.070118,0.227656,0.702226,,66460600,,
0,1,,0.138894,0.575006,0.286101,,52014500,,
0,2,,0.359643,0.147305,0.493052,,52683000,,
0,2,,0.233783,0.132491,0.633726,,52213900,,
0,1,,0.08268,0.503159,0.414161,,53307600,,
0,2,,0.194983,0.173877,0.631139,,59215600,,
0,2,,0.078313,0.149571,0.772115,,57473800,,
0,2,,0.227005,0.205174,0.567821,,54699600,,
0,2,,0.200218,0.362998,0.436785,,53442500,,
0,2,,0.196404,0.273678,0.529918,,55610100,,
0,2,,0.083165,0.152746,0.764089,,65945800,,
0,2,,0.19188,0.146639,0.661481,,61357900,,
0,1,,0.121514,0.54662,0.331866,,59643700,,
0,2,,0.058088,0.107442,0.834469,,60546000,,
0,2,,0.099198,0.101362,0.799441,,58139400,,
0,2,,0.144865,0.136153,0.718981,,55919400,,
0,0,,0.436847,0.20404,0.359113,,59674800,,
0,2,,0.281708,0.184244,0.534049,,55206700,,
0,2,,0.274885,0.273556,0.451559,,56141800,,
0,2,,0.113899,0.261257,0.624844,,59832500,,
0,2,,0.065545,0.280846,0.653608,,57629200,,
0,2,,0.069311,0.458309,0.47238,,55046700,,
0,1,,0.165464,0.516838,0.317698,,63181500,,
0,2,,0.189606,0.27699,0.533404,,58272300,,
0,2,,0.101292,0.127106,0.771601,,60127200,,
0,2,,0.157355,0.126933,0.715713,,56869400,,
0,2,,0.102476,0.096219,0.801304,,57147300,,
0,1,,0.164947,0.440473,0.39458,,54923800,,
0,2,,0.086895,0.247556,0.665549,,54802100,,
0,2,,0.190514,0.286585,0.522901,,52035000,,
0,2,,0.166771,0.12182,0.711409,,53819000,,
0,1,,0.326447,0.413551,0.260002,,59034600,,
0,2,,0.276404,0.18955,0.534045,,55413700,,
0,2,,0.106384,0.087283,0.806333,,63332000,,
0,2,,0.039026,0.280834,0.68014,,57080000,,
0,2,,0.050485,0.123289,0.826226,,56687800,,
0,2,,0.090278,0.142759,0.766963,,55976200,,
0,2,,0.233397,0.349126,0.417477,,55953900,,
0,2,,0.066472,0.464695,0.468833,,58740000,,
0,2,,0.14375,0.16302,0.69323,,61708900,,
0,2,,0.124916,0.134594,0.74049,,62283700,,
0,2,,0.224639,0.358886,0.416475,,54771300,,
0,2,,0.122421,0.225658,0.651921,,56950500,,
0,2,,0.217446,0.22451,0.558044,,56952100,,
0,2,,0.094414,0.273465,0.63212,,60245100,,
0,2,,0.247993,0.101445,0.650562,,53967900,,
0,2,,0.261052,0.186605,0.552344,,56366400,,
0,2,,0.042535,0.180767,0.776698,,55810700,,
0,1,,0.04122,0.561829,0.396951,,54011000,,
0,2,,0.326799,0.311009,0.362192,,54254300,,
0,2,,0.113451,0.358329,0.52822,,57130700,,
0,2,,0.246747,0.367113,0.38614,,55919100,,
0,1,,0.291294,0.370094,0.338612,,55403300,,
0,2,,0.08426,0.272517,0.643223,,57162600,,
0,2,,0.074524,0.38089,0.544587,,54681200,,
0,2,,0.2733,0.357208,0.369493,,53601900,,
0,2,,0.170519,0.16211,0.667371,,52324900,,
0,1,,0.230895,0.435785,0.33332,,58762200,,
0,2,,0.057873,0.275871,0.666256,,56169100,,
0,2,,0.169231,0.301316,0.529453,,54870400,,
0,1,,0.28632,0.385681,0.327999,,55942000,,
0,2,,0.147728,0.409368,0.442904,,54620900,,
0,2,,0.079504,0.126567,0.793929,,55494200,,
0,2,,0.157603,0.294343,0.548054,,54273600,,
0,2,,0.27137,0.233471,0.495158,,58702500,,
0,2,,0.090956,0.209786,0.699258,,54970900,,
0,2,,0.278902,0.317667,0.403431,,52994700,,
0,1,,0.12307,0.489753,0.387176,,58118900,,
0,2,,0.055652,0.163839,0.78051,,62682200,,
0,2,,0.07046,0.361706,0.567834,,57193800,,
0,2,,0.09974,0.309327,0.590933,,59724600,,
0,2,,0.326291,0.238011,0.435698,,54809300,,
0,2,,0.06835,0.069385,0.862265,,60045000,,
0,2,,0.163155,0.221181,0.615664,,55470000,,
0,2,,0.137534,0.219776,0.642691,,53838200,,
0,2,,0.122295,0.33019,0.547515,,51926300,,
0,2,,0.368534,0.209388,0.422078,,54504100,,
0,2,,0.297066,0.19623,0.506704,,63079700,,
0,2,,0.31066,0.25802,0.43132,,55186000,,
0,2,,0.083975,0.177562,0.738463,,54189700,,
0,2,,0.341006,0.139817,0.519177,,63228100,,
0,1,,0.291079,0.380462,0.328459,,61035900,,
0,2,,0.398135,0.195743,0.406122,,56112200,,
0,2,,0.246243,0.271496,0.482261,,56025100,,
0,1,,0.153863,0.474958,0.371179,,54698000,,
0,2,,0.145151,0.305628,0.549221,,59761900,,
0,2,,0.172517,0.240994,0.586489,,64727200,,
0,2,,0.075028,0.129501,0.795471,,61932600,,
0,2,,0.110264,0.166611,0.723124,,56131500,,
0,1,,0.235285,0.434035,0.33068,,73355000,,
0,1,,0.131242,0.527248,0.34151,,59223400,,
0,2,,0.060709,0.110284,0.829007,,59669800,,
0,2,,0.08062,0.21737,0.702011,,57659000,,
0,2,,0.26556,0.169932,0.564508,,53602100,,
0,2,,0.09134,0.363805,0.544855,,57701700,,
0,2,,0.131916,0.378348,0.489737,,57288200,,
0,2,,0.281905,0.180052,0.538043,,61560000,,
0,2,,0.232821,0.219613,0.547566,,57902200,,
0,2,,0.149822,0.159944,0.690233,,54589600,,
0,2,,0.092464,0.107411,0.800125,,53825100,,
0,2,,0.262742,0.31491,0.422348,,53861500,,
0,2,,0.29692,0.243126,0.459954,,59360800,,
0,1,,0.265058,0.453437,0.281505,,65552400,,
0,0,,0.436932,0.275685,0.287382,,66184200,,
0,1,,0.228624,0.416743,0.354633,,56620900,,
0,2,,0.172211,0.385384,0.442405,,63198900,,
0,2,,0.108464,0.43089,0.460646,,56418200,,
0,2,,0.077058,0.106386,0.816556,,57235800,,
0,2,,0.061359,0.209409,0.729232,,54688600,,
0,2,,0.084153,0.088645,0.827202,,55528600,,
0,2,,0.188482,0.22473,0.586787,,61551800,,
0,2,,0.271257,0.168919,0.559824,,50536000,,
0,2,,0.106791,0.097527,0.795683,,52095000,,
0,2,,0.151611,0.378309,0.470081,,56360900,,
0,1,,0.160705,0.50017,0.339125,,60021400,,
0,2,,0.161933,0.377334,0.460732,,56159000,,
0,2,,0.093288,0.276847,0.629865,,54674400,,
0,2,,0.251221,0.250496,0.498283,,54568700,,
0,2,,0.101689,0.133698,0.764612,,54668400,,
0,1,,0.09871,0.458769,0.442521,,57962000,,
0,2,,0.30403,0.109039,0.586931,,54825300,,
0,2,,0.089781,0.241155,0.669065,,57364300,,
0,2,,0.057121,0.118045,0.824834,,61878200,,
0,2,,0.184165,0.313046,0.502789,,57275500,,
0,2,,0.222043,0.380102,0.397855,,59684700,,
0,2,,0.150173,0.224351,0.625476,,60668600,,
0,2,,0.203566,0.180569,0.615865,,69159100,,
0,2,,0.209764,0.384012,0.406225,,65349600,,
0,2,,0.105122,0.175212,0.719666,,55587900,,
0,2,,0.296738,0.140568,0.562694,,55581500,,
0,2,,0.107405,0.201964,0.690631,,55955100,,
0,2,,0.238808,0.199338,0.561854,,60988000,,
0,2,,0.175274,0.372841,0.451884,,56094100,,
0,2,,0.082107,0.231594,0.686299,,57490000,,
0,2,,0.371531,0.222656,0.405813,,54389500,,
0,0,,0.449363,0.19409,0.356546,,53908200,,
0,2,,0.400712,0.116951,0.482337,,53473900,,
0,2,,0.306109,0.293399,0.400493,,52721200,,
0,1,,0.304901,0.35128,0.343819,,54427600,,
0,2,,0.073956,0.167967,0.758077,,58236000,,
0,1,,0.273796,0.46002,0.266184,,60671100,,
0,2,,0.188112,0.27334,0.538548,,55171600,,
0,2,,0.351684,0.251124,0.397192,,56538900,,
0,2,,0.073465,0.418956,0.507579,,54693400,,
0,2,,0.054423,0.128499,0.817078,,56175700,,
0,2,,0.128708,0.353394,0.517898,,55982800,,
0,2,,0.190529,0.373924,0.435547,,64480800,,
0,2,,0.10287,0.298527,0.598604,,63083900,,
0,2,,0.319982,0.130262,0.549756,,61976100,,
0,2,,0.099398,0.297578,0.603024,,62282800,,
0,2,,0.110885,0.376698,0.512417,,61476200,,
0,1,,0.150022,0.529258,0.32072,,54450200,,
0,2,,0.069229,0.300936,0.629835,,55643500,,
0,2,,0.212378,0.384329,0.403292,,53955300,,
0,2,,0.233925,0.231612,0.534463,,52817900,,
0,2,,0.105849,0.397321,0.49683,,51819700,,
0,2,,0.188667,0.258757,0.552576,,56566900,,
0,1,,0.130934,0.630571,0.238494,,58252400,,
0,2,,0.074552,0.43725,0.488198,,62789700,,
0,2,,0.274363,0.17085,0.554787,,56947700,,
0,0,,0.409328,0.345116,0.245556,,55267300,,
0,2,,0.147869,0.379233,0.472898,,56722400,,
0,2,,0.15496,0.337838,0.507202,,53818200,,
0,2,,0.281809,0.353892,0.364298,,65075100,,
0,2,,0.205684,0.177514,0.616802,,55478800,,
0,1,,0.137694,0.461557,0.40075,,56688600,,
0,2,,0.326011,0.299958,0.374031,,62827200,,
0,2,,0.280842,0.276178,0.442981,,70697000,,
0,2,,0.084356,0.42495,0.490694,,63765200,,
0,2,,0.388694,0.133185,0.478121,,57814600,,
0,2,,0.308339,0.185604,0.506056,,59346200,,
0,2,,0.178629,0.201674,0.619697,,68331500,,
0,2,,0.226255,0.375811,0.397934,,67158700,,
0,1,,0.192825,0.480494,0.326681,,61319700,,
0,2,,0.043846,0.193587,0.762567,,54105700,,
0,2,,0.155851,0.203244,0.640906,,49844300,,
0,0,,0.407788,0.231026,0.361186,,50405900,,
0,2,,0.106948,0.364577,0.528475,,59569700,,
0,2,,0.18473,0.177692,0.637578,,60568700,,
0,2,,0.215882,0.260678,0.52344,,56182000,,
0,2,,0.102946,0.227343,0.669711,,55317500,,
0,2,,0.151235,0.310992,0.537773,,52197200,,
0,2,,0.179537,0.303697,0.516766,,49683200,,
0,2,,0.125213,0.24254,0.632248,,53110600,,
0,2,,0.249063,0.215378,0.535559,,52396900,,
0,2,,0.093073,0.40471,0.502217,,68698800,,
0,2,,0.184876,0.256667,0.558457,,57093200,,
0,2,,0.116555,0.254756,0.628689,,57738500,,
0,2,,0.400925,0.075644,0.523432,,56923100,,
0,2,,0.247723,0.244327,0.507949,,57390100,,
0,1,,0.324336,0.377453,0.298211,,67072900,,
0,2,,0.064182,0.110508,0.825309,,54764900,,
0,1,,0.105528,0.58592,0.308552,,54004800,,
0,2,,0.099323,0.111215,0.789462,,55192500,,
0,1,,0.177644,0.462403,0.359952,,50873500,,
0,1,,0.165742,0.419393,0.414866,,56383500,,
0,2,,0.093134,0.270504,0.636362,,58852600,,
0,2,,0.082549,0.15678,0.760671,,61706800,,
0,2,,0.033744,0.414236,0.552019,,58684300,,
0,2,,0.258348,0.363261,0.37839,,58063100,,
0,2,,0.277889,0.134636,0.587475,,60399900,,
0,2,,0.355718,0.259107,0.385175,,54780400,,
0,2,,0.107109,0.134109,0.758781,,64494800,,
0,2,,0.283334,0.291384,0.425282,,54205100,,
0,2,,0.163752,0.311881,0.524368,,54800600,,
0,1,,0.151138,0.445705,0.403157,,57253500,,
0,2,,0.057114,0.215745,0.72714,,60654700,,
0,2,,0.245837,0.16438,0.589783,,56645000,,
0,2,,0.140479,0.261438,0.598083,,55642800,,
0,2,,0.251811,0.144328,0.603861,,58524100,,
0,2,,0.246224,0.303666,0.45011,,55487900,,
0,2,,0.122941,0.109308,0.767751,,55592400,,
0,2,,0.249592,0.206111,0.544298,,56681300,,
0,2,,0.12929,0.21046,0.66025,,55863200,,
0,2,,0.09082,0.2194,0.68978,,55252500,,
0,2,,0.159446,0.202472,0.638082,,65667700,,
0,2,,0.329477,0.236921,0.433601,,63596800,,
0,2,,0.21119,0.166119,0.622691,,56759800,,
0,1,,0.078918,0.605212,0.31587,,59344200,,
0,2,,0.213241,0.340433,0.446326,,61071300,,
0,2,,0.174504,0.399964,0.425533,,62037000,,
0,2,,0.07011,0.079507,0.850383,,54299800,,
0,1,,0.139075,0.457533,0.403392,,56222900,,
0,2,,0.119971,0.353663,0.526366,,54090000,,
0,2,,0.120428,0.135864,0.743708,,52812500,,
0,2,,0.167024,0.195927,0.637049,,56147000,,
0,2,,0.120223,0.270846,0.608931,,53807300,,
0,2,,0.287239,0.2889,0.423861,,59195100,,
0,2,,0.102715,0.343015,0.55427,,59283500,,
0,2,,0.067941,0.207689,0.724371,,61860200,,
0,1,,0.26069,0.371902,0.367408,,58040800,,
0,2,,0.251476,0.231949,0.516574,,66855000,,
0,2,,0.2917,0.242408,0.465892,,70408900,,
0,1,,0.160073,0.427647,0.41228,,53889300,,
0,2,,0.120558,0.196668,0.682774,,55091400,,
0,2,,0.183723,0.12662,0.689657,,57227900,,
0,2,,0.13415,0.168365,0.697485,,55601300,,
0,2,,0.207935,0.178025,0.61404,,63534700,,
0,2,,0.126063,0.11301,0.760927,,65948100,,
0,2,,0.122151,0.158289,0.719561,,57959700,,
0,2,,0.065788,0.132799,0.801412,,58014600,,
0,2,,0.09933,0.262841,0.637829,,58038400,,
0,2,,0.047735,0.392884,0.559381,,63428600,,
0,2,,0.272648,0.345594,0.381758,,63957700,,
0,2,,0.106506,0.205543,0.687951,,60007300,,
0,2,,0.280294,0.190186,0.52952,,58982500,,
0,2,,0.083259,0.121028,0.795713,,57363400,,
0,2,,0.114566,0.108673,0.776761,,55282300,,
0,1,,0.064514,0.478843,0.456643,,58448600,,
0,2,,0.156286,0.134396,0.709318,,62620600,,
0,2,,0.169405,0.277008,0.553587,,72368000,,
0,1,,0.111604,0.503175,0.385221,,55421100,,
0,2,,0.203756,0.17041,0.625834,,64413200,,
0,2,,0.047134,0.133618,0.819247,,56088400,,
0,2,,0.194833,0.326851,0.478316,,59512000,,
0,2,,0.277988,0.243954,0.478059,,55502100,,
0,1,,0.111248,0.61515,0.273602,,57812600,,
0,1,,0.100578,0.473204,0.426218,,59491500,,
0,2,,0.354997,0.120414,0.524589,,64675300,,
0,2,,0.056215,0.122506,0.82128,,59110800,,
0,2,,0.237291,0.293597,0.469112,,56717600,,
0,1,,0.16563,0.424327,0.410043,,56162000,,
0,2,,0.087385,0.100224,0.812391,,54544700,,
0,2,,0.134915,0.135067,0.730018,,52497200,,
0,1,,0.081872,0.512562,0.405565,,57122200,,
0,2,,0.167023,0.31317,0.519807,,50062700,,
0,2,,0.1295,0.204886,0.665614,,51018600,,
0,2,,0.232364,0.252244,0.515393,,60592500,,
0,2,,0.135818,0.197155,0.667027,,52628700,,
0,2,,0.064169,0.103227,0.832605,,50421500,,
0,1,,0.131604,0.588825,0.279571,,51790500,,
0,2,,0.09817,0.320336,0.581494,,61998600,,
0,2,,0.306583,0.263116,0.4303,,55200000,,
0,2,,0.228986,0.204617,0.566397,,59656200,,
0,2,,0.097607,0.390507,0.511886,,58046200,,
0,2,,0.115655,0.321656,0.562689,,58674100,,
0,2,,0.182813,0.317096,0.500091,,62890500,,
0,2,,0.397287,0.185501,0.417212,,56205600,,
0,1,,0.240471,0.447256,0.312273,,55208800,,
0,2,,0.094792,0.100943,0.804265,,58662800,,
0,2,,0.127743,0.26364,0.608617,,59854900,,
0,2,,0.134565,0.193875,0.67156,,56742200,,
0,2,,0.167997,0.131406,0.700597,,53804100,,
0,2,,0.108493,0.091576,0.799931,,58552600,,
0,2,,0.271232,0.141643,0.587126,,53445200,,
0,1,,0.288185,0.44347,0.268345,,54192500,,
0,2,,0.198017,0.254857,0.547126,,58745100,,
0,2,,0.143352,0.135634,0.721014,,56686900,,
0,2,,0.208739,0.304533,0.486728,,62784000,,
0,2,,0.27895,0.269285,0.451765,,57868700,,
0,2,,0.140943,0.125242,0.733815,,49669200,,
0,2,,0.084257,0.23314,0.682603,,55933500,,
0,0,,0.354523,0.295075,0.350402,,65842200,,
0,2,,0.190377,0.114883,0.69474,,61309800,,
0,1,,0.239808,0.496048,0.264144,,53722600,,
0,2,,0.321087,0.17267,0.506244,,55094500,,
0,2,,0.11613,0.376072,0.507799,,52595200,,
0,2,,0.233193,0.349942,0.416865,,61939400,,
0,2,,0.133742,0.151111,0.715147,,58879000,,
0,2,,0.073226,0.305421,0.621354,,55510000,,
0,2,,0.191522,0.356541,0.451937,,51959700,,
0,1,,0.103166,0.475579,0.421255,,53041400,,
0,2,,0.045604,0.113399,0.840997,,55265300,,
0,2,,0.125706,0.184511,0.689783,,61642900,,
0,2,,0.300635,0.219783,0.479583,,52710200,,
0,2,,0.158691,0.143583,0.697725,,54006700,,
0,2,,0.102484,0.151475,0.746042,,57669600,,
0,2,,0.138465,0.158798,0.702737,,58902900,,
0,1,,0.156094,0.458352,0.385553,,59189500,,
0,2,,0.080343,0.268182,0.651475,,56523600,,
0,0,,0.349452,0.323481,0.327067,,64824800,,
0,2,,0.061857,0.155741,0.782401,,65400800,,
0,2,,0.210014,0.274943,0.515043,,60328900,,
0,2,,0.033699,0.30717,0.659132,,58310000,,
0,2,,0.055882,0.088539,0.855579,,59789500,,
0,1,,0.260329,0.378057,0.361614,,91952500,,
0,1,,0.26304,0.491251,0.245709,,92114900,,
0,2,,0.086767,0.235938,0.677295,,70007500,,
0,2,,0.168593,0.28857,0.542837,,56071800,,
0,2,,0.316388,0.179168,0.504444,,56848700,,
0,2,,0.268001,0.205296,0.526703,,56801000,,
0,2,,0.24907,0.206497,0.544433,,54938500,,
0,2,,0.072398,0.223077,0.704525,,57455800,,
0,2,,0.322826,0.301199,0.375975,,57710000,,
0,2,,0.150725,0.121355,0.727919,,57150700,,
0,2,,0.184809,0.145469,0.669722,,60887600,,
0,2,,0.082309,0.335013,0.582678,,53620700,,
0,2,,0.349691,0.206362,0.443947,,51872900,,
0,2,,0.071807,0.30265,0.625543,,54799500,,
0,2,,0.099881,0.154964,0.745155,,56207400,,
0,2,,0.110566,0.103996,0.785438,,54748100,,
0,2,,0.203647,0.275196,0.521157,,57824600,,
0,2,,0.057182,0.276627,0.66619,,55368600,,
0,0,,0.404188,0.248465,0.347347,,59027700,,
0,1,,0.163228,0.56479,0.271982,,60043500,,
0,1,,0.109453,0.464874,0.425673,,56012500,,
0,2,,0.245032,0.239527,0.515441,,55842200,,
0,2,,0.201629,0.348623,0.449748,,54196100,,
0,2,,0.040642,0.163892,0.795466,,55147100,,
0,2,,0.343439,0.12615,0.530411,,63103200,,
0,2,,0.048483,0.272197,0.67932,,52854400,,
0,1,,0.172243,0.538808,0.288949,,63408100,,
0,1,,0.09681,0.58173,0.321459,,68768200,,
0,2,,0.372226,0.133076,0.494698,,59774200,,
0,0,,0.397593,0.245354,0.357053,,55969300,,
0,1,,0.133456,0.664723,0.201821,,55154400,,
0,2,,0.064772,0.46425,0.470978,,56382200,,
0,2,,0.134857,0.265384,0.599759,,54875900,,
0,1,,0.086633,0.596073,0.317293,,53443400,,
0,1,,0.153837,0.498506,0.347657,,52647100,,
0,1,,0.050961,0.503958,0.445081,,66521400,,
0,2,,0.122007,0.375363,0.502631,,52601000,,
0,2,,0.187727,0.222356,0.589916,,53984300,,
0,1,,0.111651,0.448408,0.439941,,55239600,,
0,2,,0.370794,0.22941,0.399796,,60915600,,
0,2,,0.205235,0.387323,0.407442,,53745300,,
0,2,,0.299518,0.177759,0.522723,,51696000,,
0,2,,0.337897,0.321486,0.340617,,60929800,,
0,2,,0.171943,0.366925,0.461132,,52386500,,
0,2,,0.072416,0.3388,0.588785,,54775100,,
0,2,,0.067632,0.1375,0.794869,,61969100,,
0,2,,0.058097,0.315913,0.62599,,61916400,,
0,2,,0.166838,0.133534,0.699627,,57854200,,
0,2,,0.063875,0.110952,0.825173,,56646100,,
0,2,,0.307939,0.232608,0.459453,,66527500,,
0,2,,0.306923,0.135202,0.557875,,58771800,,
0,2,,0.186251,0.16799,0.64576,,60720000,,
0,1,,0.142428,0.460037,0.397535,,61654200,,
0,2,,0.150249,0.293924,0.555827,,61104700,,
0,2,,0.048291,0.081238,0.870471,,57799700,,
0,1,,0.360585,0.36972,0.269694,,61693800,,
0,1,,0.22266,0.463331,0.314008,,60866100,,
0,2,,0.112094,0.157817,0.730088,,58736600,,
0,2,,0.285752,0.283216,0.431032,,58331500,,
0,1,,0.338651,0.368269,0.29308,,56084600,,
0,1,,0.33315,0.420358,0.246493,,60399400,,
0,2,,0.119799,0.199028,0.681173,,58170700,,
0,0,,0.408665,0.190716,0.400619,,56427700,,
0,2,,0.050668,0.18746,0.761872,,62032000,,
0,0,,0.452406,0.198697,0.348897,,60327500,,
0,2,,0.323626,0.198345,0.47803,,56378400,,
0,2,,0.192312,0.374444,0.433244,,54188600,,
0,2,,0.116258,0.295277,0.588465,,53725700,,
0,2,,0.078499,0.201638,0.719863,,55560700,,
0,2,,0.113127,0.14565,0.741223,,57323700,,
0,2,,0.297167,0.222402,0.48043,,58250600,,
0,1,,0.05521,0.503609,0.44118,,60824600,,
0,2,,0.218927,0.307081,0.473993,,67843300,,
0,2,,0.157332,0.291357,0.55131,,57627400,,
0,2,,0.348551,0.125422,0.526027,,55217200,,
0,2,,0.353408,0.201251,0.445341,,52291600,,
0,1,,0.178985,0.43574,0.385275,,68392800,,
0,2,,0.054426,0.154783,0.79079,,56389400,,
0,2,,0.028524,0.247403,0.724073,,61614200,,
0,0,,0.388549,0.330222,0.281228,,57554000,,
0,2,,0.073497,0.15907,0.767433,,58618200,,
0,2,,0.243355,0.160399,0.596246,,66398900,,
0,2,,0.16384,0.229089,0.607071,,61110300,,
0,2,,0.335764,0.224231,0.440005,,67077900,,
0,2,,0.105992,0.226777,0.667231,,59320100,,
0,2,,0.088983,0.266839,0.644178,,65992600,,
0,1,,0.099604,0.598809,0.301587,,55320900,,
0,2,,0.291635,0.187122,0.521244,,63445000,,
0,2,,0.113381,0.133484,0.753135,,53503500,,
0,2,,0.109531,0.166458,0.724012,,55236500,,
0,2,,0.09346,0.207483,0.699057,,57859000,,
0,2,,0.126147,0.171202,0.702651,,57099800,,
0,1,,0.138997,0.440999,0.420004,,57659900,,
0,2,,0.147127,0.235067,0.617806,,50998100,,
0,2,,0.130401,0.3241,0.545499,,52298400,,
0,2,,0.207221,0.381852,0.410927,,51070100,,
0,2,,0.183015,0.251221,0.565764,,53631500,,
0,2,,0.169375,0.328574,0.502051,,55635800,,
0,2,,0.132378,0.145032,0.722591,,58545600,,
0,2,,0.148056,0.258711,0.593232,,56654400,,
0,2,,0.139495,0.188975,0.67153,,60195200,,
0,2,,0.252947,0.335587,0.411467,,56442600,,
0,2,,0.306941,0.122133,0.570926,,58899000,,
0,2,,0.176203,0.314483,0.509313,,52087500,,
0,2,,0.125443,0.377706,0.496851,,51874700,,
0,2,,0.05583,0.148134,0.796037,,58239100,,
0,2,,0.337547,0.303866,0.358586,,64023000,,
0,2,,0.076695,0.32351,0.599795,,62975000,,
0,2,,0.248942,0.132451,0.618607,,52394900,,
0,2,,0.098055,0.232347,0.669597,,52815100,,
0,2,,0.173318,0.113428,0.713254,,57506000,,
0,2,,0.036569,0.389607,0.573824,,62369900,,
0,2,,0.293727,0.199526,0.506747,,52753200,,
0,2,,0.147821,0.249585,0.602594,,53954100,,
0,2,,0.078033,0.154287,0.767681,,58923700,,
0,2,,0.199136,0.205203,0.595661,,55216300,,
0,2,,0.228257,0.229943,0.5418,,54360500,,
0,2,,0.143276,0.121357,0.735367,,49938000,,
0,1,,0.055639,0.558638,0.385723,,55302300,,
0,2,,0.131532,0.406292,0.462176,,56032200,,
0,1,,0.213121,0.404746,0.382133,,54860400,,
0,2,,0.221578,0.330017,0.448404,,55935000,,
0,2,,0.061162,0.438484,0.500354,,56155200,,
0,2,,0.35557,0.27245,0.37198,,67682300,,
0,2,,0.113035,0.329186,0.557779,,60679400,,
0,2,,0.158485,0.418495,0.42302,,58411500,,
0,2,,0.197096,0.245465,0.557439,,58373400,,
0,2,,0.100245,0.152167,0.747588,,56837300,,
0,2,,0.045611,0.160815,0.793574,,57293400,,
0,2,,0.284624,0.18158,0.533797,,53362900,,
0,2,,0.190093,0.114491,0.695416,,57362700,,
0,1,,0.16185,0.472441,0.365709,,55278700,,
0,2,,0.364478,0.124191,0.511331,,57515500,,
0,2,,0.273255,0.279755,0.446991,,58346600,,
0,2,,0.256551,0.163594,0.579855,,56076000,,
0,2,,0.319284,0.200209,0.480507,,55376400,,
0,2,,0.184763,0.305946,0.509291,,61754200,,
0,2,,0.19571,0.096274,0.708015,,58555900,,
0,2,,0.072197,0.106101,0.821702,,55771100,,
0,2,,0.191376,0.284416,0.524208,,59862500,,
0,2,,0.350067,0.154116,0.495818,,64410900,,
0,2,,0.047981,0.440216,0.511803,,54790200,,
0,2,,0.387157,0.194459,0.418384,,58393000,,
0,1,,0.216587,0.417126,0.366287,,64926700,,
0,1,,0.098929,0.635947,0.265124,,56254700,,
0,2,,0.091241,0.119569,0.789191,,55125100,,
0,2,,0.160496,0.127749,0.711754,,56435100,,
0,2,,0.24561,0.121642,0.632748,,62733900,,
0,1,,0.171951,0.552872,0.275176,,54630800,,
0,2,,0.142004,0.209725,0.648271,,60345200,,
0,2,,0.061211,0.191837,0.746952,,54694800,,
0,2,,0.206497,0.386585,0.406918,,51233000,,
0,2,,0.107435,0.33818,0.554385,,52946000,,
0,2,,0.070467,0.136941,0.792592,,54994900,,
0,2,,0.185626,0.175762,0.638611,,57555100,,
0,2,,0.187678,0.186894,0.625427,,57619400,,
0,1,,0.128679,0.550741,0.32058,,60470100,,
0,2,,0.282325,0.17011,0.547565,,59064700,,
0,2,,0.216764,0.115211,0.668025,,55509000,,
0,2,,0.04189,0.421194,0.536916,,65364700,,
0,2,,0.195557,0.193686,0.610757,,53798900,,
0,2,,0.080232,0.112367,0.807401,,52874600,,
0,2,,0.211915,0.139472,0.648613,,53616300,,
0,2,,0.25617,0.312479,0.431351,,64531500,,
0,2,,0.340267,0.309508,0.350226,,55527900,,
0,2,,0.119334,0.187208,0.693458,,56320100,,
0,2,,0.187948,0.221841,0.59021,,69002200,,
0,2,,0.197026,0.139419,0.663555,,59842100,,
0,2,,0.052952,0.205724,0.741323,,60996200,,
0,2,,0.101624,0.245828,0.652548,,59163500,,
0,2,,0.14059,0.297697,0.561712,,55781400,,
0,2,,0.255299,0.287227,0.457474,,54896500,,
0,2,,0.126002,0.258217,0.615781,,69732600,,
0,2,,0.031061,0.293042,0.675897,,55907300,,
0,2,,0.323845,0.121802,0.554353,,60339300,,
0,1,,0.173512,0.449514,0.376975,,58850700,,
0,2,,0.193137,0.337146,0.469718,,58815100,,
0,0,,0.395545,0.367921,0.236533,,62879200,,
0,1,,0.068884,0.605519,0.325597,,57733900,,
0,2,,0.135577,0.144948,0.719475,,63892100,,
0,2,,0.1048,0.319814,0.575386,,65464800,,
0,2,,0.093407,0.17907,0.727523,,60863600,,
0,2,,0.130933,0.276882,0.592186,,59947700,,
0,2,,0.096607,0.082371,0.821022,,63260800,,
0,1,,0.282926,0.437031,0.280044,,59910800,,
0,1,,0.164773,0.498712,0.336515,,66632300,,
0,2,,0.237579,0.338921,0.423499,,73082700,,
0,2,,0.091206,0.166362,0.742432,,60824700,,
0,2,,0.131559,0.201705,0.666735,,65838500,,
0,2,,0.063382,0.059679,0.87694,,59659500,,
0,2,,0.22136,0.345274,0.433366,,58025100,,
0,2,,0.193985,0.102951,0.703064,,57380900,,
0,0,,0.423834,0.202276,0.37389,,52569300,,
0,2,,0.150211,0.26585,0.583938,,49969900,,
0,2,,0.125407,0.266627,0.607966,,54144200,,
0,2,,0.372963,0.222181,0.404856,,57873800,,
0,2,,0.23993,0.290837,0.469233,,56300100,,
0,2,,0.348176,0.200083,0.451741,,61008500,,
0,1,,0.215228,0.49998,0.284792,,59057700,,
0,1,,0.108369,0.676728,0.214904,,57546800,,
0,2,,0.269562,0.242213,0.488224,,57104000,,
0,1,,0.145583,0.440188,0.414229,,58419100,,
0,2,,0.105782,0.196953,0.697265,,61666500,,
0,2,,0.134753,0.234581,0.630665,,55076100,,
0,1,,0.135667,0.434331,0.430002,,55839500,,
0,2,,0.313473,0.296937,0.38959,,55192300,,
0,2,,0.096455,0.183043,0.720502,,62716200,,
0,1,,0.099531,0.489263,0.411206,,54622800,,
0,1,,0.06882,0.470843,0.460337,,55290600,,
0,2,,0.342638,0.228893,0.428468,,54087800,,
0,2,,0.054595,0.132231,0.813174,,53306800,,
0,1,,0.281243,0.381502,0.337255,,51748800,,
0,2,,0.108225,0.273922,0.617853,,52558200,,
0,2,,0.395914,0.156513,0.447572,,59684000,,
0,2,,0.072062,0.365946,0.561992,,59151400,,
0,2,,0.154634,0.267383,0.577983,,55892000,,
0,2,,0.224257,0.205676,0.570067,,61523000,,
0,1,,0.074896,0.505906,0.419199,,53408000,,
0,2,,0.140884,0.24619,0.612926,,56250800,,
0,2,,0.181251,0.406925,0.411824,,54350500,,
0,2,,0.147627,0.222987,0.629386,,57143200,,
0,2,,0.315761,0.20961,0.474629,,59243800,,
0,2,,0.059263,0.174243,0.766495,,56355700,,
0,2,,0.223537,0.213596,0.562868,,53768400,,
0,2,,0.10057,0.274163,0.625267,,50136500,,
0,2,,0.129156,0.148379,0.722465,,53611100,,
0,2,,0.103779,0.239245,0.656976,,57031700,,
0,1,,0.10541,0.463455,0.431135,,73612800,,
0,2,,0.216426,0.114845,0.668729,,64788700,,
0,2,,0.041441,0.161115,0.797444,,65431500,,
0,2,,0.109131,0.190563,0.700306,,53042400,,
0,1,,0.075131,0.533945,0.390924,,63054400,,
0,1,,0.088776,0.533847,0.377377,,58309700,,
0,2,,0.144158,0.22026,0.635582,,55392900,,
0,2,,0.152322,0.412905,0.434773,,58909100,,
0,2,,0.081475,0.37513,0.543395,,56007600,,
0,2,,0.288104,0.269516,0.44238,,56645500,,
0,2,,0.231362,0.251936,0.516702,,55034400,,
0,2,,0.2989,0.274998,0.426103,,58759200,,
0,2,,0.119498,0.355544,0.524958,,57906000,,
0,1,,0.130483,0.544535,0.324981,,57737900,,
0,2,,0.054511,0.470643,0.474846,,55259900,,
0,1,,0.343656,0.449046,0.207298,,55284200,,
0,1,,0.224086,0.449088,0.326826,,57316700,,
0,2,,0.187853,0.202581,0.609566,,58258200,,
0,2,,0.222507,0.168482,0.609011,,56539400,,
0,2,,0.258538,0.34343,0.398032,,57366700,,
0,2,,0.092111,0.135371,0.772518,,58550100,,
0,2,,0.265822,0.241553,0.492625,,57595500,,
0,2,,0.272507,0.271658,0.455835,,51071700,,
0,1,,0.242853,0.440607,0.31654,,56708700,,
0,2,,0.104698,0.160615,0.734687,,63367100,,
0,2,,0.246829,0.132031,0.62114,,55932700,,
0,1,,0.072593,0.69632,0.231087,,55515000,,
0,2,,0.080377,0.254309,0.665313,,57020300,,
0,2,,0.088046,0.329937,0.582017,,60807800,,
0,2,,0.275613,0.354374,0.370013,,57147800,,
0,2,,0.227292,0.128365,0.644343,,60313000,,
0,2,,0.344518,0.219514,0.435968,,62501500,,
0,2,,0.145723,0.319912,0.534365,,54294800,,
0,2,,0.171788,0.36545,0.462762,,62313600,,
0,2,,0.228324,0.241531,0.530145,,66413800,,
0,2,,0.254863,0.169223,0.575914,,56251100,,
0,1,,0.097763,0.71296,0.189277,,61134300,,
0,2,,0.076597,0.065971,0.857433,,63048600,,
0,2,,0.126481,0.387666,0.485853,,61921500,,
0,2,,0.134053,0.330828,0.535119,,64708000,,
0,2,,0.056604,0.306914,0.636483,,56780300,,
0,2,,0.032808,0.429785,0.537407,,54982000,,
0,2,,0.067394,0.240943,0.691664,,61420100,,
0,0,,0.388939,0.32426,0.286801,,50929600,,
0,2,,0.155047,0.197822,0.647131,,52461900,,
0,1,,0.280607,0.461046,0.258347,,56978100,,
0,2,,0.227961,0.108371,0.663668,,57960100,,
0,2,,0.167612,0.375908,0.45648,,60356500,,
0,2,,0.152965,0.248552,0.598483,,63980600,,
0,1,,0.123762,0.486018,0.39022,,58791500,,
0,2,,0.261398,0.108223,0.630379,,56406900,,
0,2,,0.219086,0.290166,0.490749,,67148300,,
0,1,,0.118128,0.481442,0.40043,,61020000,,
0,2,,0.124563,0.246111,0.629326,,64754200,,
0,1,,0.178879,0.505371,0.31575,,65207800,,
0,2,,0.074785,0.247599,0.677616,,62050700,,
0,2,,0.080264,0.16115,0.758586,,60999800,,
0,2,,0.073472,0.221399,0.705129,,53377700,,
0,2,,0.127063,0.186577,0.68636,,55868400,,
0,1,,0.07833,0.485622,0.436048,,53892600,,
0,2,,0.135313,0.366587,0.4981,,59315900,,
0,2,,0.27747,0.136081,0.58645,,63343500,,
0,1,,0.155418,0.484098,0.360484,,58059000,,
0,2,,0.143217,0.317555,0.539228,,56119900,,
0,1,,0.255893,0.391087,0.353019,,53681900,,
0,2,,0.060525,0.108559,0.830916,,56963000,,
0,2,,0.250707,0.282434,0.466859,,55272300,,
0,2,,0.168948,0.339358,0.491694,,59472200,,
0,2,,0.135304,0.208592,0.656104,,62252700,,
0,2,,0.252631,0.093916,0.653453,,53352100,,
0,1,,0.143048,0.482982,0.37397,,57766200,,
0,2,,0.128478,0.20489,0.666632,,64899900,,
0,1,,0.0393,0.544951,0.415749,,57088000,,
0,2,,0.196202,0.179564,0.624234,,63714300,,
0,2,,0.360991,0.234672,0.404337,,58197300,,
0,1,,0.102966,0.593361,0.303673,,55899400,,
0,2,,0.200733,0.189393,0.609874,,62026400,,
0,2,,0.184391,0.257109,0.5585,,54586600,,
0,0,,0.368851,0.264913,0.366236,,56764400,,
0,0,,0.553542,0.170149,0.276309,,60657400,,
0,2,,0.242915,0.331508,0.425576,,63313600,,
0,2,,0.085626,0.096138,0.818236,,53979200,,
0,2,,0.198325,0.219429,0.582246,,56055900,,
0,2,,0.126112,0.229938,0.64395,,59925500,,
0,2,,0.342526,0.167209,0.490265,,55925100,,
0,2,,0.136203,0.400063,0.463734,,68214200,,
0,2,,0.333311,0.158596,0.508093,,68050500,,
0,2,,0.126779,0.170796,0.702425,,59658400,,
0,2,,0.177229,0.328476,0.494295,,58585500,,
0,2,,0.1219,0.159279,0.718821,,61998300,,
0,2,,0.167552,0.154657,0.677792,,75417100,,
0,2,,0.106181,0.318449,0.57537,,67237100,,
0,2,,0.104598,0.334982,0.56042,,63643900,,
0,1,,0.068142,0.508888,0.42297,,65904700,,
0,1,,0.366875,0.41482,0.218305,,62435400,,
0,2,,0.13605,0.156201,0.707749,,71796800,,
0,0,,0.426224,0.19949,0.374286,,65048300,,
0,2,,0.203967,0.166951,0.629082,,63423800,,
0,2,,0.425111,0.113776,0.461113,,68337000,,
0,2,,0.254018,0.346472,0.39951,,75419400,,
0,2,,0.312106,0.185211,0.502683,,58541500,,
0,1,,0.132033,0.541682,0.326285,,57709600,,
0,2,,0.117536,0.230376,0.652088,,60061700,,
0,2,,0.03207,0.361901,0.606029,,59353500,,
0,2,,0.153302,0.161054,0.685644,,59434100,,
0,2,,0.140562,0.226189,0.63325,,63235300,,
0,1,,0.052409,0.47838,0.469212,,70467100,,
0,2,,0.154788,0.117308,0.727904,,62545000,,
0,0,,0.374753,0.296026,0.329221,,57689800,,
0,2,,0.163679,0.402962,0.43336,,55101000,,
0,2,,0.071983,0.38695,0.541067,,62459500,,
0,2,,0.077572,0.200401,0.722027,,64982400,,
0,2,,0.177319,0.233859,0.588822,,72384100,,
0,2,,0.149714,0.299926,0.55036,,80396400,,
0,2,,0.271616,0.358147,0.370237,,68697200,,
0,2,,0.058931,0.122685,0.818384,,59898900,,
0,2,,0.297231,0.345925,0.356845,,71305900,,
0,1,,0.224543,0.433348,0.342109,,58110200,,
0,1,,0.116151,0.505437,0.378412,,52618500,,
0,2,,0.140815,0.072175,0.787009,,52176900,,
0,2,,0.088546,0.296068,0.615386,,65580800,,
0,1,,0.064135,0.691233,0.244632,,64197700,,
0,2,,0.064893,0.078269,0.856838,,85109200,,
0,2,,0.185499,0.31543,0.499071,,81022200,,
0,2,,0.119217,0.317564,0.563218,,85668400,,
0,0,,0.398198,0.253352,0.348451,,73270100,,
0,2,,0.246068,0.171434,0.582498,,56538400,,
0,1,,0.098237,0.542317,0.359446,,62635800,,
0,1,,0.092757,0.615575,0.291668,,64362900,,
0,1,,0.267703,0.451069,0.281229,,51655400,,
0,2,,0.090655,0.419367,0.489978,,60731000,,
0,0,,0.439634,0.244167,0.316199,,52158100,,
0,2,,0.271122,0.261194,0.467684,,57092300,,
0,2,,0.137795,0.25609,0.606115,,57608500,,
0,1,,0.137933,0.553432,0.308635,,62975700,,
0,2,,0.090397,0.239831,0.669771,,54727400,,
0,2,,0.077495,0.192798,0.729708,,60728800,,
0,2,,0.161994,0.28854,0.549466,,56454700,,
0,1,,0.068997,0.501056,0.429947,,56643800,,
0,2,,0.213313,0.15701,0.629677,,63625600,,
0,1,,0.035757,0.547921,0.416322,,64464800,,
0,2,,0.09979,0.156802,0.743407,,60153900,,
0,1,,0.170851,0.587941,0.241208,,55125700,,
0,0,,0.335598,0.329276,0.335126,,61867300,,
0,2,,0.048456,0.177137,0.774407,,60399600,,
0,0,,0.412842,0.235813,0.351345,,57770000,,
0,2,,0.241417,0.194882,0.563701,,58696600,,
0,1,,0.10557,0.554726,0.339704,,62541300,,
0,2,,0.080489,0.300252,0.619259,,58041300,,
0,1,,0.213514,0.525804,0.260682,,55460800,,
0,1,,0.099649,0.497692,0.402659,,58220900,,
0,2,,0.240577,0.317119,0.442305,,60056500,,
0,2,,0.106717,0.318126,0.575157,,58269800,,
0,2,,0.055199,0.120964,0.823837,,61877800,,
0,2,,0.156479,0.411597,0.431924,,62854700,,
0,2,,0.15738,0.237708,0.604912,,60205300,,
0,2,,0.141514,0.252915,0.605571,,66340700,,
0,2,,0.11534,0.176978,0.707683,,62857700,,
0,2,,0.322131,0.174608,0.503261,,60369600,,
0,2,,0.351574,0.27866,0.369766,,55959400,,
0,2,,0.266009,0.313064,0.420927,,54402700,,
0,2,,0.061536,0.309242,0.629222,,56491800,,
0,2,,0.224339,0.275947,0.499713,,51536700,,
0,2,,0.214561,0.225068,0.560372,,56076000,,
0,2,,0.22138,0.13983,0.638791,,59622000,,
0,2,,0.176799,0.366086,0.457115,,59648800,,
0,2,,0.092237,0.090939,0.816824,,63716300,,
0,2,,0.177317,0.137511,0.685173,,54977100,,
0,1,,0.233938,0.415139,0.350923,,54171500,,
0,2,,0.130789,0.149791,0.71942,,51093400,,
0,2,,0.095797,0.40375,0.500453,,66781500,,
0,2,,0.191959,0.284219,0.523822,,60759700,,
0,2,,0.133613,0.115581,0.750805,,57734600,,
0,2,,0.366263,0.181592,0.452145,,54268500,,
0,2,,0.245499,0.323279,0.431222,,55397300,,
0,1,,0.18503,0.555345,0.259625,,59295300,,
0,2,,0.150705,0.314258,0.535037,,53907900,,
0,2,,0.118318,0.408432,0.47325,,51060000,,
0,1,,0.119788,0.441655,0.438557,,58983300,,
0,2,,0.281915,0.161995,0.556089,,54876700,,
0,1,,0.139585,0.468654,0.391761,,55919400,,
0,2,,0.125629,0.19729,0.677081,,52923100,,
0,2,,0.122876,0.250095,0.627029,,66817600,,
0,2,,0.070896,0.385892,0.543212,,56076100,,
0,2,,0.206948,0.148381,0.644671,,59593200,,
0,1,,0.239382,0.411587,0.349031,,57380200,,
0,2,,0.061097,0.205676,0.733227,,54294800,,
0,2,,0.139335,0.135312,0.725353,,55444500,,
0,2,,0.096348,0.39969,0.503962,,54065500,,
0,2,,0.051951,0.333556,0.614493,,66434400,,
0,1,,0.116622,0.562337,0.321041,,53471700,,
0,2,,0.269834,0.126665,0.603501,,59029500,,
0,0,,0.380633,0.279998,0.339369,,59688700,,
0,2,,0.124161,0.282654,0.593186,,57061600,,
0,2,,0.278737,0.298141,0.423122,,68031100,,
0,1,,0.108022,0.450208,0.441771,,61584600,,
0,2,,0.261335,0.144371,0.594294,,60020800,,
0,2,,0.289789,0.167527,0.542684,,58241800,,
0,2,,0.28966,0.33161,0.37873,,55898700,,
0,2,,0.24626,0.1884,0.56534,,60446300,,
0,2,,0.10702,0.106324,0.786655,,58549200,,
0,0,,0.413709,0.261356,0.324935,,53934300,,
0,2,,0.039417,0.092705,0.867878,,52887600,,
0,2,,0.082001,0.080328,0.837671,,59715800,,
0,2,,0.183435,0.337924,0.47864,,55857200,,
0,1,,0.113232,0.458239,0.428528,,56149400,,
0,1,,0.140302,0.552714,0.306983,,59841700,,
0,2,,0.200478,0.385487,0.414035,,57136200,,
0,2,,0.083255,0.199314,0.717431,,57499900,,
0,2,,0.124937,0.172735,0.702328,,57737900,,
0,1,,0.216438,0.465435,0.318127,,56519200,,
0,2,,0.054185,0.203825,0.741991,,61659400,,
0,2,,0.058976,0.196509,0.744515,,63044800,,
0,2,,0.363189,0.253423,0.383388,,55709400,,
0,2,,0.076032,0.087772,0.836196,,55897400,,
0,2,,0.088639,0.221252,0.690109,,56980200,,
0,2,,0.025286,0.430474,0.54424,,62612500,,
0,2,,0.141455,0.268742,0.589803,,61179100,,
0,2,,0.325902,0.213467,0.460631,,57382400,,
0,2,,0.096813,0.108221,0.794965,,61167100,,
0,2,,0.315482,0.216411,0.468107,,58757200,,
0,2,,0.079453,0.442822,0.477725,,57924300,,
0,2,,0.139477,0.360252,0.500272,,61569100,,
0,2,,0.125534,0.421165,0.4533,,57023600,,
0,2,,0.136124,0.212356,0.651519,,57297600,,
0,2,,0.089223,0.393595,0.517181,,54725900,,
0,0,,0.379208,0.274002,0.34679,,68902200,,
0,2,,0.098427,0.150625,0.750948,,55692100,,
0,2,,0.29244,0.159218,0.548342,,63530300,,
0,2,,0.068588,0.080974,0.850438,,57406000,,
0,2,,0.081022,0.18693,0.732048,,63953500,,
0,1,,0.185742,0.420964,0.393293,,56053700,,
0,2,,0.136197,0.112101,0.751702,,59089400,,
0,2,,0.202288,0.162971,0.634742,,56613500,,
0,2,,0.372827,0.220607,0.406566,,62988100,,
0,1,,0.218977,0.47706,0.303963,,56952000,,
0,2,,0.155138,0.37154,0.473322,,56108900,,
0,2,,0.099418,0.331345,0.569236,,54202100,,
0,1,,0.114157,0.45436,0.431483,,53795900,,
0,1,,0.238115,0.382316,0.379569,,57632500,,
0,2,,0.105357,0.240245,0.654398,,65649100,,
0,2,,0.095559,0.203067,0.701374,,55931000,,
0,2,,0.153771,0.150004,0.696225,,55677200,,
0,2,,0.140926,0.422441,0.436633,,55698400,,
0,2,,0.073291,0.178253,0.748457,,59152800,,
0,1,,0.201695,0.547298,0.251007,,56554700,,
0,2,,0.156423,0.175354,0.668222,,61561800,,
0,2,,0.113057,0.392627,0.494316,,58468000,,
0,2,,0.113084,0.125534,0.761382,,58036400,,
0,1,,0.039703,0.560071,0.400226,,57623300,,
0,2,,0.145414,0.125225,0.729361,,54032400,,
0,1,,0.143277,0.599126,0.257597,,56584200,,
0,2,,0.099019,0.207608,0.693372,,65177000,,
0,2,,0.286921,0.315067,0.398012,,60456500,,
0,2,,0.075858,0.195929,0.728213,,60570800,,
0,1,,0.086217,0.522734,0.391049,,56993300,,
0,2,,0.102463,0.448726,0.448811,,55657000,,
0,2,,0.342593,0.18765,0.469757,,59412000,,
0,2,,0.150376,0.260769,0.588855,,65132900,,
0,2,,0.160286,0.189713,0.650002,,62500100,,
0,2,,0.204265,0.180107,0.615628,,69831800,,
0,1,,0.133578,0.499737,0.366685,,59375400,,
0,2,,0.124106,0.110991,0.764903,,56175100,,
0,1,,0.148456,0.459465,0.392079,,56077600,,
0,2,,0.129135,0.153865,0.716999,,55775100,,
0,2,,0.221126,0.257273,0.521602,,60216400,,
0,2,,0.051872,0.12478,0.823349,,57528400,,
0,2,,0.283334,0.197048,0.519618,,70977400,,
0,2,,0.237922,0.117864,0.644214,,58397500,,
0,2,,0.204315,0.345793,0.449892,,56065700,,
0,2,,0.089949,0.24671,0.663341,,55081300,,
0,2,,0.157683,0.176408,0.665909,,59845200,,
0,2,,0.071215,0.414109,0.514677,,63525800,,
0,2,,0.358639,0.2409,0.400461,,61681400,,
0,2,,0.235109,0.291971,0.47292,,57803100,,
0,2,,0.119284,0.426296,0.45442,,60182900,,
0,2,,0.239983,0.22241,0.537607,,56032000,,
0,2,,0.198259,0.399836,0.401905,,58934100,,
0,2,,0.345044,0.291395,0.36356,,56351500,,
0,2,,0.220899,0.154553,0.624547,,58392900,,
0,2,,0.195881,0.170046,0.634073,,55185800,,
0,2,,0.10746,0.207418,0.685122,,58982000,,
0,0,,0.416235,0.219036,0.364729,,54870700,,
0,1,,0.109105,0.53149,0.359405,,52535500,,
0,2,,0.111426,0.076515,0.812059,,62582700,,
0,2,,0.16465,0.391486,0.443863,,50619000,,
0,1,,0.093971,0.46137,0.444658,,53412600,,
0,2,,0.140031,0.353681,0.506288,,53048800,,
0,0,,0.378217,0.283292,0.338491,,53519700,,
0,1,,0.12466,0.607977,0.267363,,54696400,,
0,2,,0.221932,0.128273,0.649795,,67266400,,
0,2,,0.145861,0.319317,0.534822,,66388200,,
0,2,,0.265265,0.337284,0.397451,,51996700,,
0,2,,0.192928,0.116254,0.690818,,57114500,,
0,2,,0.107947,0.210854,0.681199,,56795600,,
0,2,,0.071572,0.082223,0.846206,,57583200,,
0,2,,0.138527,0.190433,0.67104,,59661400,,
0,2,,0.273331,0.256754,0.469915,,58857900,,
0,2,,0.144436,0.261768,0.593796,,59643100,,
0,2,,0.079204,0.123443,0.797353,,57655500,,
0,2,,0.154331,0.227175,0.618494,,58735900,,
0,2,,0.156037,0.390997,0.452966,,62399900,,
0,2,,0.280209,0.14813,0.57166,,54574400,,
0,2,,0.220908,0.225078,0.554013,,57162800,,
0,1,,0.148156,0.435564,0.41628,,55245700,,
0,1,,0.134382,0.536178,0.32944,,57064400,,
0,2,,0.315161,0.32272,0.362119,,60187900,,
0,2,,0.196161,0.105109,0.69873,,54975800,,
0,1,,0.256006,0.403173,0.340821,,54551700,,
0,2,,0.038163,0.477557,0.484281,,52542200,,
0,2,,0.167417,0.226998,0.605585,,53931400,,
0,2,,0.404034,0.162251,0.433715,,54067900,,
0,1,,0.111911,0.483416,0.404672,,56298000,,
0,2,,0.214805,0.113925,0.67127,,59142200,,
0,2,,0.094974,0.303467,0.60156,,60011300,,
0,2,,0.117401,0.355935,0.526664,,55607500,,
0,1,,0.036341,0.514343,0.449317,,57020200,,
0,2,,0.342031,0.225722,0.432247,,60521900,,
0,2,,0.128332,0.108613,0.763056,,58066300,,
0,2,,0.156259,0.202015,0.641726,,56568500,,
0,2,,0.181053,0.313604,0.505343,,62367100,,
0,2,,0.095776,0.36769,0.536533,,57081500,,
0,1,,0.051643,0.656514,0.291843,,55530400,,
0,2,,0.252655,0.125294,0.622051,,54177900,,
0,2,,0.150033,0.344857,0.50511,,56317900,,
0,2,,0.206605,0.277301,0.516094,,55243200,,
