connect-4,CWE,test,3,NANOSECONDS,PREDICTIONS, Generated by ClassifierExperiments.java on 2022-05-16 19:20:18.    SYSTEMPROPERTIES:{user.name:matth,os.arch:amd64,os.name:Windows 10},ENDSYSTEMPROPERTIES
No parameter info
0.7613232682060391,61506827600,726291563300,-1,1198498080,3,,-1,-1
0,2,,0.215102,0.297323,0.487575,,52720200,,
0,2,,0.318184,0.295396,0.386421,,57802300,,
0,2,,0.104015,0.362632,0.533352,,57963100,,
0,2,,0.138765,0.311966,0.549269,,63677800,,
0,2,,0.084297,0.305656,0.610047,,59136600,,
0,2,,0.080552,0.294497,0.624952,,41796300,,
0,2,,0.114492,0.382932,0.502575,,39042500,,
0,2,,0.218022,0.230743,0.551235,,39875300,,
0,2,,0.106215,0.348585,0.545199,,62361500,,
0,2,,0.099889,0.187632,0.712479,,51649300,,
0,2,,0.136008,0.369421,0.494571,,64910100,,
0,2,,0.177261,0.172075,0.650664,,75691900,,
0,2,,0.139403,0.136756,0.723841,,70328600,,
0,2,,0.296844,0.187654,0.515502,,65676800,,
0,2,,0.094036,0.343809,0.562156,,59914300,,
0,2,,0.097441,0.13603,0.766529,,72503600,,
0,1,,0.041192,0.501644,0.457165,,54768100,,
0,1,,0.112742,0.461612,0.425646,,55891300,,
0,2,,0.066796,0.091595,0.841609,,50287400,,
0,2,,0.306842,0.197796,0.495362,,44469800,,
0,2,,0.173765,0.111909,0.714325,,60842800,,
0,2,,0.039304,0.278562,0.682133,,58674700,,
0,2,,0.057763,0.28361,0.658626,,45220500,,
0,2,,0.047005,0.354173,0.598822,,44472400,,
0,1,,0.091291,0.507278,0.40143,,46502300,,
0,1,,0.189326,0.481178,0.329496,,51863700,,
0,2,,0.054911,0.22424,0.720849,,51072000,,
0,2,,0.259038,0.303049,0.437913,,55559300,,
0,2,,0.23723,0.235209,0.527561,,46084700,,
0,2,,0.131011,0.257341,0.611648,,55600100,,
0,2,,0.09659,0.077757,0.825653,,51177400,,
0,2,,0.173394,0.149207,0.677399,,56225300,,
0,2,,0.149981,0.304773,0.545246,,55678400,,
0,2,,0.186925,0.250948,0.562127,,54959000,,
0,2,,0.133169,0.301845,0.564987,,67429300,,
0,2,,0.262866,0.265618,0.471515,,82559100,,
0,2,,0.204885,0.148878,0.646237,,71433100,,
0,2,,0.134124,0.199185,0.666691,,74667400,,
0,2,,0.24084,0.155427,0.603734,,57620800,,
0,2,,0.152699,0.158701,0.6886,,79205400,,
0,2,,0.183279,0.140598,0.676122,,61111500,,
0,2,,0.101235,0.375983,0.522782,,70453000,,
0,1,,0.148286,0.566863,0.28485,,99350100,,
0,2,,0.08213,0.178852,0.739018,,88052700,,
0,1,,0.075851,0.590285,0.333864,,80080400,,
0,2,,0.221724,0.168133,0.610143,,76650900,,
0,1,,0.136225,0.441739,0.422036,,62800100,,
0,2,,0.082744,0.298895,0.618361,,78826900,,
0,1,,0.239931,0.407119,0.35295,,82073100,,
0,2,,0.092386,0.1984,0.709215,,98503400,,
0,2,,0.074286,0.304441,0.621273,,97501900,,
0,2,,0.111038,0.106272,0.78269,,91222000,,
0,2,,0.172009,0.180245,0.647746,,89037200,,
0,2,,0.065306,0.170268,0.764426,,100341800,,
0,2,,0.155254,0.250094,0.594652,,83693700,,
0,2,,0.088338,0.256667,0.654995,,74278200,,
0,2,,0.049026,0.228382,0.722592,,79962200,,
0,2,,0.05994,0.100614,0.839445,,71627600,,
0,2,,0.138078,0.316278,0.545644,,57404500,,
0,2,,0.115372,0.261766,0.622861,,59953500,,
0,2,,0.199371,0.102567,0.698062,,89683900,,
0,2,,0.190648,0.253486,0.555866,,82209400,,
0,2,,0.114749,0.188048,0.697203,,76779100,,
0,2,,0.17219,0.274718,0.553092,,58723500,,
0,2,,0.139073,0.302375,0.558552,,68018900,,
0,2,,0.108907,0.069426,0.821667,,86363100,,
0,2,,0.170359,0.410093,0.419548,,69901000,,
0,2,,0.218709,0.280661,0.50063,,61861000,,
0,2,,0.246155,0.298298,0.455546,,59017400,,
0,2,,0.115158,0.269739,0.615103,,54293200,,
0,2,,0.098514,0.306123,0.595364,,56401300,,
0,2,,0.064336,0.257754,0.67791,,61702900,,
0,2,,0.120456,0.332385,0.547159,,61537400,,
0,1,,0.066769,0.505289,0.427943,,65355800,,
0,2,,0.124112,0.156096,0.719792,,56044300,,
0,1,,0.086276,0.513586,0.400138,,61137600,,
0,2,,0.114703,0.19824,0.687056,,72989200,,
0,2,,0.080515,0.135211,0.784274,,58658200,,
0,2,,0.13544,0.143908,0.720652,,61626900,,
0,2,,0.108688,0.256571,0.634741,,58692300,,
0,2,,0.125684,0.37695,0.497367,,48337900,,
0,2,,0.122049,0.185652,0.692298,,59118600,,
0,2,,0.090055,0.217532,0.692413,,77313800,,
0,2,,0.21719,0.281323,0.501487,,68932600,,
0,2,,0.233461,0.310168,0.456371,,64827000,,
0,2,,0.15132,0.111613,0.737067,,61467200,,
0,2,,0.057391,0.422614,0.519995,,65745400,,
0,2,,0.271773,0.261454,0.466773,,57308100,,
0,2,,0.134255,0.157697,0.708048,,61613800,,
0,2,,0.072679,0.182426,0.744895,,61651800,,
0,2,,0.205856,0.349339,0.444806,,55936500,,
0,2,,0.116266,0.29958,0.584154,,68246100,,
0,2,,0.08219,0.1713,0.746509,,60630500,,
0,1,,0.253272,0.409073,0.337656,,71133100,,
0,2,,0.264889,0.257195,0.477916,,58541100,,
0,2,,0.260547,0.347016,0.392438,,70021300,,
0,2,,0.090147,0.197516,0.712338,,62917700,,
0,2,,0.083028,0.386277,0.530694,,58375000,,
0,2,,0.09004,0.421292,0.488668,,58110900,,
0,2,,0.272361,0.206495,0.521144,,62767600,,
0,2,,0.21397,0.234365,0.551665,,58516500,,
0,2,,0.239971,0.240035,0.519994,,56765600,,
0,2,,0.09104,0.396311,0.512649,,64254800,,
0,2,,0.28392,0.190441,0.525638,,60514900,,
0,2,,0.199697,0.349508,0.450795,,56018700,,
0,2,,0.13282,0.311319,0.555861,,56315600,,
0,2,,0.281374,0.246714,0.471912,,57678700,,
0,2,,0.15492,0.114292,0.730788,,56852300,,
0,2,,0.054769,0.179378,0.765852,,72034100,,
0,2,,0.319743,0.249844,0.430413,,72633200,,
0,2,,0.152468,0.228823,0.618709,,58742400,,
0,2,,0.25867,0.330938,0.410391,,56678500,,
0,2,,0.210371,0.278697,0.510931,,68822000,,
0,2,,0.228037,0.292167,0.479796,,62159000,,
0,2,,0.11577,0.210237,0.673993,,54006500,,
0,1,,0.158425,0.523667,0.317908,,66613100,,
0,2,,0.159587,0.202697,0.637716,,82242800,,
0,2,,0.125677,0.145488,0.728836,,63627100,,
0,2,,0.205714,0.255675,0.538611,,51756700,,
0,2,,0.123727,0.395767,0.480506,,57936400,,
0,2,,0.256819,0.224157,0.519023,,59579400,,
0,1,,0.105397,0.578015,0.316588,,57192300,,
0,2,,0.227468,0.228823,0.543709,,53629900,,
0,2,,0.13588,0.220618,0.643502,,54482400,,
0,2,,0.191589,0.256667,0.551744,,52237000,,
0,2,,0.169501,0.262696,0.567803,,52362000,,
0,2,,0.25239,0.239423,0.508186,,62399000,,
0,2,,0.247204,0.163151,0.589646,,63488600,,
0,2,,0.205664,0.142028,0.652309,,50173400,,
0,2,,0.078312,0.437233,0.484455,,51160300,,
0,2,,0.080269,0.194209,0.725522,,60608200,,
0,2,,0.088741,0.253344,0.657915,,52897300,,
0,2,,0.176552,0.233686,0.589762,,53510300,,
0,2,,0.109688,0.436928,0.453384,,50616800,,
0,2,,0.23224,0.237573,0.530187,,51727400,,
0,2,,0.088619,0.262337,0.649044,,53175300,,
0,2,,0.085236,0.374717,0.540047,,56492700,,
0,2,,0.206558,0.183557,0.609885,,65061500,,
0,2,,0.06861,0.182022,0.749369,,56835900,,
0,2,,0.207018,0.219962,0.573019,,51626900,,
0,2,,0.068336,0.159869,0.771794,,53033500,,
0,2,,0.139378,0.358813,0.501809,,52222300,,
0,2,,0.089138,0.413047,0.497816,,53502200,,
0,2,,0.09612,0.435265,0.468615,,55405900,,
0,2,,0.077277,0.326021,0.596702,,56759700,,
0,2,,0.070488,0.440306,0.489206,,54170500,,
0,2,,0.14282,0.294707,0.562473,,60330500,,
0,2,,0.174143,0.137757,0.6881,,47315700,,
0,2,,0.089815,0.102187,0.807997,,49011200,,
0,2,,0.160443,0.099435,0.740123,,46614900,,
0,2,,0.190437,0.26749,0.542073,,46679700,,
0,2,,0.193345,0.208677,0.597978,,49333300,,
0,2,,0.109572,0.203168,0.68726,,57324100,,
0,2,,0.306779,0.341113,0.352108,,51929300,,
0,2,,0.2075,0.225287,0.567213,,47651200,,
0,2,,0.274758,0.229387,0.495855,,47690900,,
0,2,,0.084281,0.207688,0.708032,,48260000,,
0,2,,0.184667,0.219878,0.595455,,48931300,,
0,2,,0.219709,0.22657,0.553721,,48275100,,
0,2,,0.126018,0.211702,0.66228,,52674300,,
0,2,,0.069303,0.361602,0.569095,,62466100,,
0,2,,0.193191,0.301401,0.505408,,56705400,,
0,2,,0.135073,0.351583,0.513344,,63561700,,
0,2,,0.107177,0.248808,0.644014,,78839700,,
0,2,,0.178037,0.178764,0.643198,,76502200,,
0,2,,0.08889,0.144882,0.766228,,68631900,,
0,2,,0.277421,0.260377,0.462202,,49554100,,
0,2,,0.08786,0.300483,0.611658,,54981500,,
0,2,,0.234803,0.222244,0.542953,,48478700,,
0,2,,0.158516,0.331334,0.51015,,58000900,,
0,2,,0.070028,0.173506,0.756466,,48707800,,
0,2,,0.065272,0.237047,0.697681,,59684400,,
0,2,,0.171275,0.17865,0.650075,,58652000,,
0,2,,0.15457,0.175181,0.670249,,55291200,,
0,2,,0.117345,0.216868,0.665787,,61112000,,
0,2,,0.091699,0.107126,0.801175,,48594300,,
0,2,,0.147059,0.249692,0.603249,,47091500,,
0,2,,0.152287,0.2599,0.587813,,54235200,,
0,2,,0.149816,0.335824,0.514361,,47785800,,
0,2,,0.147277,0.234903,0.61782,,53945000,,
0,2,,0.142747,0.198142,0.659111,,56491900,,
0,2,,0.243017,0.267937,0.489045,,50403400,,
0,1,,0.2662,0.389536,0.344264,,53000700,,
0,2,,0.186998,0.390697,0.422305,,48284800,,
0,2,,0.071465,0.392284,0.536251,,47542800,,
0,2,,0.064575,0.269857,0.665567,,48547900,,
0,2,,0.137355,0.385043,0.477602,,48018400,,
0,2,,0.254894,0.133462,0.611644,,53725900,,
0,2,,0.18668,0.203599,0.609721,,50741200,,
0,2,,0.148487,0.293527,0.557986,,49802100,,
0,2,,0.241727,0.165275,0.592998,,50328000,,
0,2,,0.140082,0.374007,0.48591,,52498400,,
0,1,,0.094203,0.60084,0.304957,,50542500,,
0,2,,0.13161,0.247925,0.620465,,49660600,,
0,2,,0.165792,0.311112,0.523096,,50824500,,
0,2,,0.208561,0.195131,0.596308,,55078300,,
0,2,,0.153038,0.354705,0.492257,,51138300,,
0,1,,0.119157,0.459188,0.421655,,46581100,,
0,2,,0.093407,0.224927,0.681666,,50626300,,
0,2,,0.118555,0.200921,0.680524,,55942600,,
0,2,,0.080773,0.193048,0.726179,,63265000,,
0,2,,0.14584,0.293258,0.560902,,54426900,,
0,2,,0.241216,0.242723,0.516061,,55185700,,
0,2,,0.098493,0.191465,0.710042,,55648800,,
0,1,,0.309417,0.367927,0.322656,,54785000,,
0,2,,0.079464,0.177254,0.743282,,63539400,,
0,2,,0.055575,0.232766,0.711659,,56110000,,
0,2,,0.250806,0.240814,0.50838,,49892100,,
0,1,,0.052509,0.487858,0.459633,,66334200,,
0,2,,0.065415,0.274298,0.660286,,48492400,,
0,2,,0.079848,0.140703,0.779449,,51076700,,
0,2,,0.129469,0.229635,0.640896,,62005800,,
0,1,,0.111672,0.53324,0.355088,,51703900,,
0,2,,0.163549,0.398788,0.437663,,64897000,,
0,1,,0.10509,0.573111,0.321799,,52467800,,
0,1,,0.182867,0.515356,0.301777,,51787600,,
0,2,,0.073756,0.179924,0.746319,,49649400,,
0,2,,0.095664,0.182957,0.721379,,51080500,,
0,2,,0.089615,0.418284,0.492101,,48225500,,
0,2,,0.093229,0.285995,0.620776,,47460800,,
0,2,,0.229376,0.213796,0.556828,,48304500,,
0,2,,0.234631,0.148296,0.617073,,50899700,,
0,2,,0.09804,0.147123,0.754837,,57515800,,
0,2,,0.344113,0.149456,0.506431,,55367800,,
0,2,,0.185834,0.196006,0.61816,,45400800,,
0,2,,0.077685,0.446054,0.476262,,47656100,,
0,2,,0.180928,0.126473,0.692599,,50553700,,
0,2,,0.166605,0.383237,0.450158,,59490000,,
0,2,,0.070979,0.304199,0.624822,,58401300,,
0,2,,0.086529,0.256182,0.657288,,54877300,,
0,2,,0.200547,0.217732,0.581721,,46721100,,
0,2,,0.239375,0.259987,0.500638,,49731100,,
0,2,,0.18239,0.240812,0.576797,,46857400,,
0,2,,0.123835,0.135533,0.740632,,49094600,,
0,1,,0.201232,0.402797,0.395971,,59006300,,
0,2,,0.071453,0.421628,0.506919,,47611200,,
0,1,,0.16044,0.493902,0.345657,,57367700,,
0,2,,0.175506,0.183488,0.641006,,47665200,,
0,2,,0.192331,0.160408,0.647261,,46825000,,
0,2,,0.115188,0.173065,0.711746,,49905900,,
0,2,,0.062849,0.073935,0.863216,,59978900,,
0,2,,0.158405,0.150864,0.690731,,58531000,,
0,2,,0.221602,0.362201,0.416198,,52383200,,
0,2,,0.197376,0.309036,0.493588,,47448900,,
0,2,,0.36803,0.150405,0.481564,,50878000,,
0,2,,0.072428,0.204441,0.723131,,51186700,,
0,2,,0.086327,0.108222,0.805451,,50927100,,
0,2,,0.091242,0.204474,0.704284,,48698700,,
0,2,,0.076009,0.136757,0.787233,,48825300,,
0,2,,0.316005,0.229873,0.454122,,46309200,,
0,2,,0.057676,0.183457,0.758867,,57045700,,
0,2,,0.097771,0.248346,0.653883,,52540900,,
0,2,,0.0923,0.259857,0.647843,,53013800,,
0,2,,0.077533,0.075141,0.847326,,59840700,,
0,2,,0.0498,0.069495,0.880705,,47780300,,
0,2,,0.317874,0.115957,0.566169,,51651000,,
0,2,,0.212623,0.268594,0.518783,,48929300,,
0,2,,0.17667,0.110544,0.712786,,51750300,,
0,1,,0.145328,0.44621,0.408462,,47484700,,
0,2,,0.140338,0.145124,0.714537,,49041300,,
0,2,,0.19822,0.280597,0.521184,,50940900,,
0,2,,0.104691,0.306792,0.588517,,59465600,,
0,2,,0.171128,0.264535,0.564338,,45966100,,
0,2,,0.171061,0.130683,0.698256,,55804900,,
0,2,,0.126872,0.34574,0.527388,,48953300,,
0,2,,0.192682,0.199105,0.608212,,56471700,,
0,2,,0.153634,0.28468,0.561686,,47599600,,
0,2,,0.092897,0.205364,0.701739,,48955500,,
0,2,,0.229804,0.34426,0.425936,,64634200,,
0,2,,0.093204,0.274843,0.631953,,70337300,,
0,2,,0.355441,0.265852,0.378707,,52443000,,
0,2,,0.303059,0.304762,0.392178,,46670100,,
0,1,,0.111108,0.504465,0.384427,,43922700,,
0,2,,0.212898,0.178946,0.608156,,48583200,,
0,2,,0.262538,0.177998,0.559464,,59426100,,
0,2,,0.044194,0.467628,0.488178,,53753000,,
0,2,,0.069285,0.420772,0.509943,,51307700,,
0,1,,0.203915,0.444079,0.352006,,53130000,,
0,1,,0.16033,0.44863,0.39104,,44001100,,
0,1,,0.20822,0.450869,0.340911,,48867900,,
0,2,,0.101162,0.351566,0.547272,,48498700,,
0,2,,0.178119,0.235677,0.586204,,51186400,,
0,2,,0.092799,0.269552,0.637648,,51621000,,
0,2,,0.12452,0.263054,0.612426,,66548700,,
0,2,,0.135395,0.211432,0.653173,,57681000,,
0,2,,0.121171,0.210874,0.667955,,64702300,,
0,2,,0.065829,0.275843,0.658328,,56073500,,
0,2,,0.102863,0.187524,0.709613,,57278900,,
0,2,,0.069278,0.222814,0.707908,,71135800,,
0,2,,0.043782,0.214449,0.741768,,67691400,,
0,2,,0.111333,0.261504,0.627164,,68781000,,
0,2,,0.094317,0.313921,0.591762,,58372300,,
0,2,,0.10679,0.122443,0.770767,,68731300,,
0,2,,0.183057,0.298996,0.517947,,53972100,,
0,2,,0.06307,0.179421,0.757509,,98036600,,
0,2,,0.076072,0.222889,0.701039,,102770600,,
0,2,,0.330816,0.214101,0.455083,,81128300,,
0,2,,0.120364,0.147867,0.731769,,65530600,,
0,2,,0.266816,0.19377,0.539414,,63404800,,
0,2,,0.114607,0.310867,0.574526,,63709500,,
0,2,,0.094085,0.193806,0.712108,,66272200,,
0,2,,0.175224,0.131379,0.693397,,76566500,,
0,2,,0.071597,0.183019,0.745384,,49883000,,
0,2,,0.068635,0.182398,0.748968,,65142200,,
0,2,,0.293392,0.310001,0.396607,,62971800,,
0,2,,0.153121,0.274251,0.572627,,59695200,,
0,2,,0.137722,0.069853,0.792425,,78132400,,
0,2,,0.321699,0.258127,0.420174,,89097200,,
0,2,,0.071885,0.281989,0.646126,,81684300,,
0,2,,0.070913,0.069426,0.859661,,71517300,,
0,2,,0.135139,0.320168,0.544694,,59649500,,
0,2,,0.108389,0.162392,0.729219,,84510800,,
0,1,,0.18966,0.474765,0.335575,,74240200,,
0,2,,0.050022,0.154285,0.795694,,66353900,,
0,2,,0.123745,0.12062,0.755635,,66886200,,
0,2,,0.308112,0.211724,0.480164,,56281800,,
0,1,,0.190222,0.509029,0.300748,,51383100,,
0,2,,0.365465,0.215005,0.41953,,58432900,,
0,2,,0.187898,0.114576,0.697527,,59593900,,
0,2,,0.172065,0.243648,0.584287,,57888600,,
0,1,,0.294799,0.366027,0.339174,,63299000,,
0,2,,0.166215,0.186774,0.647011,,56049100,,
0,2,,0.115585,0.319365,0.565051,,75688600,,
0,2,,0.112503,0.220244,0.667253,,74485900,,
0,1,,0.130852,0.435644,0.433504,,50531400,,
0,2,,0.092233,0.376496,0.531271,,52006000,,
0,2,,0.171061,0.31978,0.509159,,59656900,,
0,2,,0.084709,0.129034,0.786258,,66285900,,
0,2,,0.134459,0.184815,0.680726,,55367200,,
0,2,,0.118519,0.241365,0.640116,,61882300,,
0,2,,0.282982,0.292306,0.424712,,56111100,,
0,1,,0.152931,0.472289,0.37478,,52741400,,
0,2,,0.076687,0.193687,0.729625,,58516200,,
0,2,,0.071746,0.444231,0.484023,,48824500,,
0,2,,0.234594,0.304652,0.460754,,47736300,,
0,2,,0.254197,0.355266,0.390537,,50172900,,
0,2,,0.285622,0.268467,0.445911,,53352900,,
0,2,,0.154061,0.164921,0.681018,,47320900,,
0,2,,0.265808,0.212317,0.521876,,47189800,,
0,2,,0.125863,0.222321,0.651816,,45071200,,
0,1,,0.149698,0.439305,0.410997,,55025700,,
0,1,,0.116812,0.497063,0.386126,,51126400,,
0,2,,0.122555,0.222718,0.654727,,49666400,,
0,2,,0.202303,0.247594,0.550103,,60385800,,
0,2,,0.168098,0.159749,0.672153,,53889100,,
0,2,,0.066598,0.188167,0.745235,,53862000,,
0,2,,0.178492,0.163984,0.657524,,47892200,,
0,2,,0.11355,0.183638,0.702811,,49820600,,
0,2,,0.054641,0.276975,0.668383,,49012100,,
0,2,,0.155919,0.192467,0.651614,,52871200,,
0,2,,0.08955,0.360168,0.550282,,47418200,,
0,2,,0.172856,0.199239,0.627905,,45836200,,
0,2,,0.186018,0.224959,0.589023,,48195200,,
0,2,,0.215272,0.160315,0.624413,,56968300,,
0,2,,0.119018,0.373583,0.507399,,46807900,,
0,2,,0.218781,0.158146,0.623073,,45871800,,
0,2,,0.129424,0.26088,0.609696,,47479500,,
0,2,,0.228993,0.289478,0.481529,,46662100,,
0,2,,0.384981,0.171964,0.443055,,50057800,,
0,1,,0.099504,0.541091,0.359405,,55907300,,
0,2,,0.12861,0.245465,0.625924,,46394900,,
0,2,,0.129512,0.185824,0.684664,,53964200,,
0,2,,0.118893,0.236411,0.644696,,46537800,,
0,1,,0.109569,0.492636,0.397795,,47626800,,
0,2,,0.110653,0.353034,0.536314,,58851800,,
0,2,,0.140938,0.254977,0.604085,,61046600,,
0,2,,0.347571,0.170641,0.481788,,54465100,,
0,2,,0.168568,0.266409,0.565023,,58776400,,
0,2,,0.210971,0.158433,0.630596,,52071800,,
0,2,,0.292902,0.245699,0.461399,,59917400,,
0,2,,0.169683,0.242131,0.588186,,48814600,,
0,2,,0.107192,0.33087,0.561937,,47751300,,
0,2,,0.09828,0.255063,0.646657,,45102700,,
0,2,,0.211957,0.215571,0.572473,,49996900,,
0,2,,0.065459,0.375389,0.559152,,53239100,,
0,2,,0.263676,0.178494,0.557831,,49330900,,
0,2,,0.073871,0.173602,0.752526,,63505900,,
0,1,,0.324977,0.357001,0.318022,,59181600,,
0,2,,0.071662,0.461489,0.466848,,49792900,,
0,2,,0.078405,0.1408,0.780795,,48132100,,
0,2,,0.135856,0.126811,0.737333,,46749500,,
0,2,,0.09915,0.377945,0.522905,,49541500,,
0,2,,0.235159,0.171485,0.593355,,47519900,,
0,2,,0.320388,0.176023,0.503589,,49515700,,
0,2,,0.171378,0.256589,0.572033,,49231400,,
0,2,,0.160017,0.189984,0.649998,,50270700,,
0,2,,0.200796,0.29868,0.500523,,63487800,,
0,2,,0.088486,0.182445,0.729069,,54445600,,
0,2,,0.064256,0.439845,0.4959,,61062400,,
0,2,,0.153027,0.234716,0.612257,,59167300,,
0,2,,0.130488,0.08184,0.787671,,50228200,,
0,2,,0.130779,0.173975,0.695246,,51865400,,
0,2,,0.142934,0.250137,0.606929,,51764800,,
0,2,,0.236322,0.225629,0.538049,,48383700,,
0,1,,0.166067,0.474837,0.359095,,55140800,,
0,2,,0.124532,0.381226,0.494242,,51404800,,
0,2,,0.152081,0.255018,0.592901,,56759300,,
0,2,,0.225211,0.343477,0.431312,,68287700,,
0,2,,0.171316,0.369749,0.458935,,60572500,,
0,2,,0.248128,0.277896,0.473977,,58214300,,
0,2,,0.151127,0.114262,0.73461,,51335500,,
0,2,,0.25348,0.316108,0.430413,,55798400,,
0,2,,0.129481,0.178429,0.69209,,51580900,,
0,2,,0.17163,0.265887,0.562483,,52879900,,
0,2,,0.153965,0.405244,0.440791,,52281700,,
0,2,,0.354042,0.205271,0.440686,,58840400,,
0,2,,0.08162,0.084273,0.834107,,49051800,,
0,2,,0.070896,0.248385,0.68072,,62413300,,
0,2,,0.21016,0.318546,0.471294,,53625900,,
0,2,,0.080712,0.268083,0.651205,,60919700,,
0,2,,0.098045,0.358116,0.543839,,52481800,,
0,2,,0.120816,0.218566,0.660619,,58583300,,
0,2,,0.189971,0.27929,0.530739,,57375000,,
0,1,,0.104113,0.449529,0.446359,,49241000,,
0,2,,0.174248,0.323576,0.502176,,52018000,,
0,2,,0.209436,0.230325,0.560239,,48943000,,
0,2,,0.289946,0.279287,0.430767,,50806600,,
0,2,,0.120408,0.181013,0.69858,,48908500,,
0,2,,0.100338,0.361152,0.53851,,50910600,,
0,2,,0.086176,0.254918,0.658906,,46152800,,
0,2,,0.267435,0.183554,0.549011,,47372400,,
0,2,,0.188462,0.261757,0.549781,,47226700,,
0,2,,0.263797,0.18858,0.547623,,48096900,,
0,2,,0.349032,0.211371,0.439597,,56331300,,
0,2,,0.26029,0.289681,0.450029,,48024100,,
0,2,,0.10345,0.447218,0.449332,,48992700,,
0,2,,0.251481,0.263958,0.484562,,60693000,,
0,2,,0.140636,0.164276,0.695088,,47177400,,
0,2,,0.268614,0.245933,0.485453,,48051200,,
0,2,,0.226737,0.160834,0.612429,,52735800,,
0,2,,0.164641,0.299062,0.536297,,49328700,,
0,2,,0.048654,0.328733,0.622612,,51551000,,
0,2,,0.110696,0.230044,0.65926,,45254700,,
0,2,,0.287885,0.243499,0.468616,,48703500,,
0,2,,0.176197,0.246503,0.577299,,51541800,,
0,2,,0.162733,0.203633,0.633634,,51223300,,
0,2,,0.153931,0.316263,0.529806,,48148800,,
0,2,,0.249051,0.27295,0.477998,,57911800,,
0,2,,0.229243,0.318901,0.451856,,53986800,,
0,2,,0.094671,0.173952,0.731377,,50446700,,
0,2,,0.194078,0.236379,0.569542,,47932400,,
0,2,,0.152946,0.176003,0.671051,,47624600,,
0,2,,0.119869,0.38469,0.495441,,47344900,,
0,2,,0.077034,0.118958,0.804008,,45493700,,
0,2,,0.080987,0.413267,0.505746,,48089200,,
0,2,,0.062003,0.286082,0.651915,,45950900,,
0,2,,0.159666,0.371856,0.468477,,48564200,,
0,2,,0.163201,0.100114,0.736685,,50637100,,
0,2,,0.136658,0.157243,0.706098,,67569400,,
0,2,,0.102906,0.274065,0.623029,,49290400,,
0,1,,0.075892,0.473864,0.450244,,64869400,,
0,2,,0.279119,0.342947,0.377934,,48832200,,
0,2,,0.280742,0.243612,0.475646,,48867000,,
0,2,,0.121754,0.364307,0.513939,,53170900,,
0,2,,0.194228,0.254641,0.551131,,48289100,,
0,2,,0.280018,0.275334,0.444648,,54990500,,
0,1,,0.139873,0.569025,0.291102,,49546600,,
0,2,,0.13933,0.299956,0.560714,,47541100,,
0,2,,0.080467,0.225214,0.694319,,46915300,,
0,1,,0.10638,0.462593,0.431027,,57603700,,
0,2,,0.072908,0.264954,0.662138,,48484200,,
0,2,,0.110456,0.139344,0.7502,,65220300,,
0,1,,0.092156,0.490073,0.417771,,54230200,,
0,2,,0.059436,0.219587,0.720977,,51287500,,
0,2,,0.134365,0.248167,0.617468,,61275200,,
0,2,,0.310272,0.152724,0.537004,,50218300,,
0,2,,0.107741,0.32321,0.569049,,54316100,,
0,2,,0.115907,0.191958,0.692135,,46466400,,
0,2,,0.100808,0.39694,0.502252,,47837700,,
0,2,,0.283969,0.304407,0.411624,,47659500,,
0,2,,0.183035,0.190449,0.626515,,47150800,,
0,2,,0.0831,0.078905,0.837995,,56484700,,
0,2,,0.129771,0.236977,0.633252,,57509400,,
0,2,,0.138132,0.153534,0.708334,,60624300,,
0,2,,0.164823,0.139043,0.696134,,49469600,,
0,2,,0.19123,0.21182,0.59695,,47260600,,
0,2,,0.158708,0.362587,0.478705,,55477100,,
0,2,,0.111883,0.215666,0.672452,,48439900,,
0,2,,0.065254,0.158298,0.776448,,48935100,,
0,2,,0.065985,0.237688,0.696327,,49055800,,
0,2,,0.173173,0.189476,0.637351,,48618700,,
0,2,,0.068045,0.282357,0.649598,,47254600,,
0,2,,0.14752,0.376334,0.476146,,49219600,,
0,2,,0.193159,0.182208,0.624633,,45411600,,
0,1,,0.091705,0.543564,0.364731,,55199700,,
0,2,,0.089518,0.305798,0.604684,,57024500,,
0,2,,0.248928,0.201692,0.54938,,49603900,,
0,2,,0.149184,0.112503,0.738313,,44384400,,
0,2,,0.085168,0.308922,0.605909,,47101700,,
0,2,,0.180483,0.223513,0.596004,,49582700,,
0,2,,0.115633,0.248546,0.635821,,47671200,,
0,2,,0.140598,0.366955,0.492447,,54946900,,
0,2,,0.08842,0.401424,0.510156,,47744700,,
0,2,,0.106883,0.364948,0.528169,,47984600,,
0,2,,0.088714,0.279143,0.632143,,48264100,,
0,2,,0.20949,0.365653,0.424857,,60064000,,
0,2,,0.1734,0.358193,0.468407,,58549500,,
0,2,,0.127329,0.351969,0.520702,,45952200,,
0,2,,0.102859,0.205723,0.691418,,48408600,,
0,2,,0.142623,0.345128,0.512249,,50268600,,
0,2,,0.300697,0.287875,0.411427,,55182200,,
0,2,,0.107583,0.225532,0.666885,,55168400,,
0,2,,0.082869,0.387345,0.529786,,54037400,,
0,2,,0.091292,0.199149,0.709558,,57362200,,
0,2,,0.317938,0.150923,0.53114,,48433200,,
0,2,,0.076823,0.411198,0.51198,,49709400,,
0,2,,0.150588,0.356675,0.492737,,48992700,,
0,2,,0.238722,0.372292,0.388987,,63019600,,
0,2,,0.06546,0.229391,0.705149,,49923100,,
0,2,,0.110618,0.312741,0.57664,,54598900,,
0,2,,0.122266,0.313051,0.564683,,52618900,,
0,1,,0.088439,0.577065,0.334496,,47348100,,
0,2,,0.225599,0.195875,0.578526,,44394700,,
0,2,,0.063109,0.323426,0.613465,,58949000,,
0,2,,0.130483,0.272113,0.597404,,59049900,,
0,2,,0.063481,0.223899,0.71262,,57712500,,
0,2,,0.186542,0.134715,0.678743,,46890000,,
0,2,,0.142503,0.150733,0.706764,,52172000,,
0,2,,0.119706,0.199592,0.680702,,46758600,,
0,2,,0.151557,0.272387,0.576056,,52315600,,
0,2,,0.267898,0.111602,0.6205,,47577700,,
0,2,,0.217115,0.183363,0.599523,,60185800,,
0,2,,0.097975,0.422393,0.479632,,51062700,,
0,1,,0.290333,0.389523,0.320144,,47946300,,
0,2,,0.164693,0.333102,0.502205,,47396500,,
0,2,,0.048654,0.297358,0.653988,,47695100,,
0,2,,0.233927,0.180732,0.58534,,51435400,,
0,2,,0.142095,0.326013,0.531892,,50334700,,
0,2,,0.264496,0.224208,0.511296,,51370100,,
0,2,,0.116886,0.392578,0.490536,,56233000,,
0,2,,0.220714,0.212485,0.566801,,54443500,,
0,2,,0.076019,0.173368,0.750612,,71626500,,
0,2,,0.168675,0.207578,0.623748,,60701400,,
0,2,,0.168238,0.22347,0.608292,,64884000,,
0,2,,0.140356,0.206622,0.653022,,60764100,,
0,2,,0.096055,0.209865,0.69408,,55547900,,
0,1,,0.106659,0.500613,0.392727,,56666800,,
0,2,,0.114973,0.260771,0.624255,,69616000,,
0,2,,0.086665,0.367239,0.546095,,63733400,,
0,2,,0.117893,0.101132,0.780975,,55192900,,
0,2,,0.128148,0.257258,0.614594,,60644800,,
0,2,,0.120384,0.188875,0.690741,,51491100,,
0,2,,0.125853,0.289701,0.584445,,46674100,,
0,2,,0.166741,0.16907,0.664189,,46998400,,
0,2,,0.110295,0.278197,0.611508,,65642200,,
0,2,,0.143883,0.100809,0.755308,,49949900,,
0,2,,0.078618,0.125405,0.795977,,60966300,,
0,2,,0.139734,0.287829,0.572437,,47756900,,
0,2,,0.112249,0.159478,0.728273,,46744500,,
0,2,,0.265675,0.163724,0.570602,,47660800,,
0,2,,0.299253,0.16898,0.531767,,54551900,,
0,2,,0.070137,0.191751,0.738112,,50059900,,
0,1,,0.136296,0.446333,0.417371,,48366900,,
0,2,,0.116559,0.39204,0.491401,,60640400,,
0,2,,0.139783,0.197738,0.662479,,45183000,,
0,2,,0.073234,0.208948,0.717818,,48266500,,
0,2,,0.292636,0.15533,0.552034,,48436600,,
0,2,,0.103218,0.3405,0.556282,,57989300,,
0,2,,0.1747,0.156466,0.668834,,48751800,,
0,2,,0.112329,0.372824,0.514848,,46515000,,
0,2,,0.056103,0.252332,0.691565,,47761100,,
0,2,,0.244749,0.209118,0.546132,,50098500,,
0,2,,0.312934,0.195306,0.49176,,53598600,,
0,2,,0.198759,0.194976,0.606265,,46871100,,
0,2,,0.129721,0.293895,0.576384,,46422500,,
0,2,,0.094466,0.3006,0.604933,,54536400,,
0,2,,0.146189,0.404144,0.449667,,43101400,,
0,2,,0.114333,0.214724,0.670943,,52635100,,
0,2,,0.234381,0.23324,0.532379,,43994300,,
0,2,,0.114449,0.280924,0.604627,,44005700,,
0,2,,0.135566,0.363811,0.500624,,44810500,,
0,2,,0.142188,0.15736,0.700452,,43745000,,
0,2,,0.240227,0.267357,0.492416,,43779000,,
0,1,,0.202528,0.457787,0.339686,,43665900,,
0,2,,0.091541,0.098001,0.810458,,44699000,,
0,2,,0.167232,0.375101,0.457667,,54283800,,
0,2,,0.080298,0.427315,0.492387,,47936600,,
0,2,,0.312037,0.173331,0.514631,,42381700,,
0,2,,0.181559,0.340391,0.478051,,54087900,,
0,2,,0.099649,0.148344,0.752007,,45605500,,
0,2,,0.064337,0.182479,0.753184,,49218700,,
0,2,,0.145024,0.180871,0.674105,,54944100,,
0,2,,0.255358,0.350923,0.39372,,47160300,,
0,2,,0.186874,0.100113,0.713013,,66818400,,
0,2,,0.171283,0.361907,0.46681,,58591800,,
0,1,,0.210756,0.470395,0.318849,,45727900,,
0,2,,0.082846,0.141546,0.775608,,42615700,,
0,2,,0.051894,0.132427,0.815679,,42286000,,
0,2,,0.065149,0.357599,0.577252,,42714300,,
0,2,,0.113798,0.369043,0.517159,,47717300,,
0,2,,0.221149,0.28388,0.494971,,60311300,,
0,2,,0.036353,0.141075,0.822572,,57153800,,
0,1,,0.12775,0.497364,0.374886,,54662300,,
0,2,,0.197623,0.339697,0.46268,,46815200,,
0,1,,0.105673,0.568432,0.325895,,44471500,,
0,2,,0.07739,0.114602,0.808008,,51723400,,
0,0,,0.415918,0.263105,0.320977,,51476900,,
0,2,,0.044985,0.3173,0.637715,,58198600,,
0,2,,0.136525,0.386936,0.476539,,89293600,,
0,2,,0.245727,0.178803,0.575469,,66056900,,
0,1,,0.079583,0.543908,0.376509,,61725700,,
0,2,,0.269039,0.28135,0.449611,,63896400,,
0,2,,0.059982,0.420733,0.519286,,70084700,,
0,2,,0.195627,0.310907,0.493466,,59561100,,
0,2,,0.069594,0.158618,0.771789,,56864100,,
0,2,,0.085552,0.241115,0.673333,,60852600,,
0,2,,0.258274,0.204163,0.537563,,60356600,,
0,2,,0.199027,0.182563,0.61841,,66509000,,
0,2,,0.169209,0.259486,0.571304,,89999900,,
0,2,,0.138711,0.243146,0.618143,,67094900,,
0,2,,0.193387,0.238924,0.567688,,64054600,,
0,2,,0.200118,0.195302,0.604579,,74183600,,
0,2,,0.051261,0.323527,0.625212,,62918500,,
0,2,,0.196727,0.208035,0.595238,,60867900,,
0,2,,0.264062,0.282408,0.45353,,59846500,,
0,2,,0.083531,0.17161,0.744859,,58725500,,
0,2,,0.12992,0.423278,0.446801,,51101000,,
0,2,,0.115699,0.13233,0.751972,,48142800,,
0,1,,0.213372,0.43217,0.354458,,81096300,,
0,2,,0.096755,0.233295,0.66995,,64405800,,
0,2,,0.117732,0.366917,0.515351,,56674600,,
0,2,,0.225027,0.182563,0.59241,,52492000,,
0,2,,0.13157,0.250949,0.617481,,52236100,,
0,2,,0.072493,0.39413,0.533378,,53022000,,
0,2,,0.117688,0.416928,0.465384,,59990900,,
0,2,,0.062591,0.198404,0.739005,,65035700,,
0,2,,0.080947,0.201423,0.71763,,57282400,,
0,2,,0.198911,0.233946,0.567143,,52417700,,
0,2,,0.099213,0.304119,0.596667,,49145200,,
0,1,,0.171409,0.487679,0.340911,,54047400,,
0,2,,0.1851,0.151994,0.662906,,56642200,,
0,2,,0.126347,0.383839,0.489814,,59965200,,
0,2,,0.157821,0.142893,0.699287,,60667900,,
0,2,,0.143388,0.368093,0.488519,,48646300,,
0,2,,0.210439,0.134757,0.654804,,55484800,,
0,2,,0.143176,0.18371,0.673113,,64051500,,
0,2,,0.10136,0.279675,0.618964,,54422000,,
0,2,,0.080218,0.27719,0.642592,,50649700,,
0,2,,0.11029,0.27454,0.615169,,49158500,,
0,2,,0.063359,0.38021,0.556431,,57660400,,
0,2,,0.189833,0.293059,0.517108,,50254400,,
0,2,,0.067414,0.309474,0.623112,,49388000,,
0,2,,0.243337,0.238855,0.517808,,49461400,,
0,2,,0.056069,0.181516,0.762414,,50892400,,
0,2,,0.07687,0.195658,0.727473,,50813500,,
0,2,,0.297589,0.214324,0.488087,,66152000,,
0,2,,0.150601,0.146071,0.703327,,73520800,,
0,2,,0.057871,0.092238,0.849891,,54649000,,
0,2,,0.136357,0.205419,0.658224,,52960700,,
0,2,,0.190294,0.189423,0.620283,,57450500,,
0,2,,0.122774,0.313576,0.56365,,67868700,,
0,2,,0.074882,0.207016,0.718102,,58753700,,
0,2,,0.122133,0.229765,0.648103,,53816300,,
0,2,,0.206008,0.305615,0.488377,,67497100,,
0,2,,0.304236,0.197875,0.497889,,65157100,,
0,2,,0.118695,0.136699,0.744606,,59219200,,
0,2,,0.157482,0.2173,0.625218,,47804900,,
0,2,,0.26881,0.157128,0.574062,,61643700,,
0,2,,0.239024,0.324372,0.436603,,51383700,,
0,2,,0.076478,0.44102,0.482502,,52188200,,
0,2,,0.130584,0.168787,0.700629,,48999200,,
0,2,,0.120807,0.278271,0.600922,,47118200,,
0,2,,0.140793,0.183346,0.675861,,47135400,,
0,2,,0.185683,0.177897,0.63642,,49902100,,
0,1,,0.122581,0.565262,0.312157,,47470100,,
0,2,,0.153846,0.176355,0.669799,,44145500,,
0,2,,0.056814,0.396892,0.546294,,45243300,,
0,2,,0.094899,0.315391,0.58971,,61056300,,
0,2,,0.212233,0.318719,0.469049,,51320000,,
0,2,,0.109373,0.136757,0.753869,,50667500,,
0,2,,0.360872,0.183724,0.455404,,63504100,,
0,2,,0.219638,0.340067,0.440296,,67189200,,
0,2,,0.193572,0.243448,0.562979,,56866100,,
0,0,,0.417466,0.248033,0.334501,,61044700,,
0,2,,0.195059,0.247595,0.557346,,53193100,,
0,2,,0.136945,0.211879,0.651175,,63036000,,
0,2,,0.079124,0.177248,0.743629,,49371600,,
0,2,,0.173096,0.350032,0.476872,,50369500,,
0,2,,0.071068,0.305873,0.623059,,58261600,,
0,2,,0.289483,0.26262,0.447897,,46892700,,
0,2,,0.10715,0.105053,0.787797,,49160400,,
0,2,,0.055443,0.15057,0.793988,,52834800,,
0,2,,0.289002,0.340698,0.3703,,49219000,,
0,2,,0.207937,0.308534,0.48353,,50542900,,
0,2,,0.343556,0.19379,0.462654,,48826200,,
0,2,,0.100528,0.184268,0.715205,,49174000,,
0,2,,0.298476,0.129677,0.571847,,52876100,,
0,2,,0.193021,0.290725,0.516254,,47647900,,
0,1,,0.225467,0.459375,0.315159,,47805800,,
0,2,,0.239672,0.217622,0.542706,,49789800,,
0,2,,0.212001,0.168184,0.619815,,50330900,,
0,2,,0.078229,0.121831,0.799941,,55540600,,
0,2,,0.084577,0.332905,0.582518,,52381000,,
0,2,,0.223973,0.364432,0.411595,,56307000,,
0,2,,0.247023,0.324974,0.428003,,54058400,,
0,2,,0.080719,0.134112,0.785169,,56412900,,
0,2,,0.23008,0.160371,0.609549,,52472500,,
0,1,,0.120141,0.546503,0.333357,,50952100,,
0,2,,0.194884,0.295354,0.509761,,49838700,,
0,2,,0.064953,0.195833,0.739213,,46565300,,
0,2,,0.154485,0.353972,0.491543,,66736400,,
0,0,,0.385283,0.290802,0.323915,,49665100,,
0,2,,0.067987,0.217343,0.714671,,67332500,,
0,2,,0.185669,0.294189,0.520141,,60795600,,
0,2,,0.070343,0.215613,0.714044,,59701800,,
0,2,,0.096398,0.160127,0.743476,,56600000,,
0,2,,0.221202,0.288099,0.490699,,60804800,,
0,2,,0.115362,0.149908,0.734729,,53090500,,
0,2,,0.180494,0.33099,0.488515,,60032800,,
0,2,,0.084157,0.396022,0.519822,,63072600,,
0,2,,0.060496,0.113758,0.825746,,56815700,,
0,2,,0.235231,0.261597,0.503172,,73423700,,
0,1,,0.164466,0.488368,0.347167,,69702600,,
0,2,,0.168589,0.189616,0.641795,,69483300,,
0,2,,0.215006,0.174862,0.610132,,79528000,,
0,2,,0.183197,0.399989,0.416814,,80701200,,
0,2,,0.174979,0.407837,0.417184,,84213300,,
0,2,,0.285128,0.193534,0.521339,,79197800,,
0,2,,0.122739,0.228353,0.648908,,76368800,,
0,2,,0.258621,0.314665,0.426714,,70130500,,
0,2,,0.090638,0.440199,0.469163,,67147900,,
0,2,,0.118303,0.176815,0.704881,,73375300,,
0,2,,0.120591,0.277573,0.601836,,58570300,,
0,2,,0.090311,0.299346,0.610343,,63458800,,
0,2,,0.081359,0.225716,0.692925,,59985100,,
0,1,,0.086655,0.550283,0.363061,,72009500,,
0,2,,0.162457,0.203844,0.633698,,68454900,,
0,2,,0.11,0.172358,0.717642,,75137800,,
0,2,,0.149593,0.257854,0.592553,,91000000,,
0,2,,0.236815,0.209422,0.553763,,87853800,,
0,2,,0.233443,0.316218,0.450339,,115651000,,
0,2,,0.232208,0.210573,0.557219,,110111200,,
0,2,,0.125891,0.127928,0.74618,,94624500,,
0,2,,0.227644,0.202583,0.569774,,124623700,,
0,2,,0.250017,0.225594,0.524389,,105125100,,
0,2,,0.078084,0.270899,0.651017,,100513000,,
0,2,,0.269268,0.288654,0.442078,,106306600,,
0,1,,0.076035,0.517588,0.406378,,117837800,,
0,2,,0.273227,0.133462,0.59331,,92340000,,
0,2,,0.089265,0.112992,0.797744,,89597000,,
0,2,,0.22024,0.303534,0.476226,,92893100,,
0,2,,0.064091,0.18266,0.753249,,90475600,,
0,2,,0.207969,0.233463,0.558568,,84027200,,
0,2,,0.103148,0.403723,0.49313,,83631900,,
0,2,,0.271748,0.344399,0.383853,,71787600,,
0,2,,0.177724,0.276907,0.545368,,66551600,,
0,2,,0.107537,0.231456,0.661007,,65292300,,
0,1,,0.111112,0.482806,0.406082,,65821300,,
0,2,,0.248563,0.162296,0.58914,,68335500,,
0,2,,0.165931,0.125188,0.708881,,71695700,,
0,2,,0.106431,0.120952,0.772616,,61134800,,
0,1,,0.232982,0.385602,0.381416,,60137300,,
0,2,,0.095612,0.41269,0.491699,,63266600,,
0,1,,0.10584,0.467533,0.426627,,59161900,,
0,1,,0.15786,0.447233,0.394907,,58939900,,
0,2,,0.161724,0.279423,0.558853,,57551400,,
0,2,,0.083663,0.196898,0.71944,,65591200,,
0,2,,0.087618,0.162129,0.750253,,60086600,,
0,2,,0.094202,0.218594,0.687204,,60984400,,
0,1,,0.255774,0.418878,0.325348,,64041800,,
0,2,,0.099277,0.104947,0.795777,,62990600,,
0,2,,0.063146,0.416595,0.520259,,61738600,,
0,2,,0.065861,0.219939,0.714201,,62799900,,
0,2,,0.103179,0.168434,0.728388,,66496600,,
0,2,,0.062293,0.206254,0.731453,,58511900,,
0,2,,0.162104,0.1396,0.698297,,65801500,,
0,2,,0.154207,0.182723,0.66307,,85204200,,
0,2,,0.06894,0.445253,0.485807,,72459000,,
0,2,,0.34031,0.181606,0.478084,,64063000,,
0,2,,0.11599,0.251432,0.632578,,63102700,,
0,2,,0.060513,0.101206,0.838282,,71245500,,
0,2,,0.095066,0.105184,0.79975,,61872500,,
0,2,,0.311627,0.261335,0.427038,,65290700,,
0,2,,0.088183,0.430816,0.481002,,60652400,,
0,2,,0.2894,0.298395,0.412205,,63578900,,
0,2,,0.132559,0.266892,0.600549,,73689100,,
0,2,,0.228718,0.331524,0.439758,,71040000,,
0,2,,0.070046,0.185956,0.743998,,66599700,,
0,2,,0.083334,0.231269,0.685397,,79195500,,
0,2,,0.068679,0.457727,0.473594,,73711300,,
0,1,,0.078244,0.613724,0.308032,,66233200,,
0,2,,0.290559,0.232793,0.476648,,67241900,,
0,2,,0.206146,0.096379,0.697476,,64383500,,
0,2,,0.236113,0.359893,0.403994,,62755000,,
0,2,,0.239418,0.152707,0.607875,,58099100,,
0,2,,0.176378,0.182332,0.641291,,72676700,,
0,2,,0.067956,0.159595,0.772448,,73560500,,
0,2,,0.140147,0.199728,0.660125,,74464800,,
0,2,,0.115796,0.149532,0.734672,,73614600,,
0,2,,0.213831,0.220881,0.565289,,75963700,,
0,2,,0.0728,0.419209,0.507991,,71609900,,
0,1,,0.098648,0.598809,0.302543,,85736000,,
0,1,,0.055487,0.565595,0.378918,,75317400,,
0,2,,0.130879,0.317921,0.5512,,72933100,,
0,2,,0.069982,0.099214,0.830804,,65556600,,
0,2,,0.188812,0.265188,0.545999,,69218000,,
0,2,,0.143518,0.218422,0.63806,,77691100,,
0,2,,0.209243,0.270578,0.520178,,71188500,,
0,2,,0.256616,0.179418,0.563966,,58333400,,
0,2,,0.187771,0.149279,0.66295,,64855700,,
0,1,,0.240019,0.468425,0.291556,,69780900,,
0,2,,0.133453,0.271452,0.595095,,64200400,,
0,2,,0.119801,0.398937,0.481261,,70359300,,
0,2,,0.10411,0.175796,0.720094,,68550100,,
0,2,,0.149092,0.184463,0.666445,,69397200,,
0,2,,0.288554,0.183134,0.528312,,76254900,,
0,2,,0.307424,0.228949,0.463627,,76274400,,
0,2,,0.23578,0.361681,0.402539,,60377500,,
0,2,,0.220832,0.270851,0.508317,,59681100,,
0,2,,0.076704,0.086396,0.8369,,60863300,,
0,2,,0.117688,0.416928,0.465384,,58045600,,
0,2,,0.202527,0.241792,0.555681,,63727600,,
0,2,,0.175595,0.303275,0.52113,,64135000,,
0,2,,0.263005,0.261373,0.475622,,69650900,,
0,2,,0.1255,0.436322,0.438178,,73509600,,
0,2,,0.189672,0.251677,0.55865,,71038400,,
0,2,,0.088979,0.397946,0.513075,,69619000,,
0,2,,0.080365,0.45254,0.467096,,65604100,,
0,1,,0.101803,0.578564,0.319634,,63774700,,
0,2,,0.220302,0.226884,0.552814,,72828600,,
0,2,,0.072166,0.429359,0.498475,,76774000,,
0,2,,0.24728,0.271087,0.481633,,71637700,,
0,2,,0.191139,0.161444,0.647417,,68721700,,
0,1,,0.181104,0.424172,0.394724,,76045700,,
0,2,,0.194408,0.397605,0.407987,,72357200,,
0,2,,0.278807,0.240407,0.480786,,77114400,,
0,2,,0.124026,0.307422,0.568552,,76457300,,
0,1,,0.101185,0.599477,0.299339,,70968000,,
0,2,,0.072284,0.167005,0.760711,,79624400,,
0,2,,0.253728,0.207313,0.538959,,74051300,,
0,2,,0.079715,0.276376,0.643909,,67287000,,
0,2,,0.283242,0.16943,0.547328,,66875500,,
0,2,,0.134354,0.230725,0.634921,,61487400,,
0,2,,0.369348,0.164576,0.466076,,73209500,,
0,2,,0.166228,0.173223,0.660549,,67869700,,
0,1,,0.056016,0.644226,0.299758,,78398300,,
0,2,,0.123237,0.246067,0.630695,,75802900,,
0,2,,0.130193,0.219597,0.65021,,70464300,,
0,2,,0.281779,0.173134,0.545087,,68803400,,
0,2,,0.13953,0.28473,0.57574,,71320600,,
0,2,,0.17787,0.138886,0.683244,,74481400,,
0,2,,0.104556,0.295709,0.599735,,69003900,,
0,1,,0.147637,0.503307,0.349056,,70916200,,
0,2,,0.048671,0.205815,0.745514,,67767500,,
0,2,,0.065516,0.442058,0.492426,,77966800,,
0,2,,0.159231,0.18178,0.658989,,74683900,,
0,1,,0.165178,0.440795,0.394027,,59535700,,
0,2,,0.122016,0.323977,0.554007,,57780400,,
0,1,,0.166866,0.438087,0.395047,,61613200,,
0,2,,0.268748,0.363399,0.367853,,66774700,,
0,2,,0.07279,0.185391,0.741819,,66956400,,
0,2,,0.25994,0.166738,0.573322,,57498100,,
0,2,,0.360942,0.192517,0.446541,,60885300,,
0,2,,0.173118,0.157639,0.669243,,70689400,,
0,2,,0.249828,0.272386,0.477785,,65033600,,
0,2,,0.151253,0.288592,0.560155,,57530300,,
0,2,,0.068339,0.210388,0.721273,,59933200,,
0,2,,0.202935,0.257173,0.539892,,61407100,,
0,2,,0.242716,0.175525,0.581759,,64568300,,
0,2,,0.178724,0.297625,0.523651,,66757400,,
0,2,,0.090867,0.38554,0.523593,,71857700,,
0,1,,0.157717,0.523095,0.319187,,65438300,,
0,2,,0.136377,0.370737,0.492886,,57907400,,
0,2,,0.072779,0.374741,0.55248,,58349600,,
0,2,,0.12395,0.354885,0.521166,,61023400,,
0,2,,0.106425,0.112635,0.78094,,58931400,,
0,1,,0.049983,0.560793,0.389224,,67729300,,
0,2,,0.372062,0.174097,0.453841,,60062900,,
0,2,,0.298096,0.238365,0.463539,,59135900,,
0,2,,0.088864,0.186097,0.72504,,78170600,,
0,2,,0.087864,0.378772,0.533364,,79870500,,
0,2,,0.224026,0.301524,0.47445,,71170600,,
0,2,,0.233741,0.217329,0.54893,,68550100,,
0,1,,0.105726,0.563699,0.330575,,69152900,,
0,2,,0.089608,0.191465,0.718927,,72027600,,
0,2,,0.083811,0.096804,0.819385,,78513500,,
0,2,,0.069655,0.293597,0.636748,,61941600,,
0,2,,0.115031,0.273094,0.611875,,60998800,,
0,2,,0.279047,0.142611,0.578342,,58905300,,
0,1,,0.149334,0.461243,0.389423,,62847100,,
0,0,,0.370351,0.320731,0.308918,,57262000,,
0,2,,0.091201,0.222127,0.686672,,57774000,,
0,2,,0.107175,0.374798,0.518027,,63331000,,
0,2,,0.216237,0.158443,0.62532,,61242400,,
0,1,,0.150158,0.44966,0.400182,,63689000,,
0,2,,0.181804,0.212713,0.605483,,60493100,,
0,2,,0.220184,0.284385,0.495431,,65805500,,
0,2,,0.136001,0.408212,0.455787,,59058400,,
0,2,,0.252129,0.232441,0.51543,,64035400,,
0,2,,0.059706,0.165733,0.774561,,66240200,,
0,2,,0.133122,0.192562,0.674316,,58150400,,
0,2,,0.071677,0.155786,0.772537,,60827100,,
0,2,,0.172644,0.138655,0.688701,,65171600,,
0,2,,0.330562,0.260164,0.409274,,58946300,,
0,2,,0.347986,0.280947,0.371067,,57411200,,
0,2,,0.131483,0.340437,0.52808,,65142300,,
0,2,,0.186237,0.275371,0.538393,,65997400,,
0,2,,0.123524,0.324584,0.551892,,63700700,,
0,2,,0.211546,0.318875,0.469579,,66259700,,
0,2,,0.118111,0.263165,0.618723,,67180600,,
0,2,,0.085579,0.194313,0.720107,,69576800,,
0,2,,0.198242,0.226829,0.574929,,66622800,,
0,2,,0.240117,0.310697,0.449185,,58817800,,
0,1,,0.125118,0.578442,0.29644,,75812200,,
0,2,,0.082461,0.202141,0.715398,,73073100,,
0,2,,0.138096,0.25583,0.606074,,68493000,,
0,1,,0.064246,0.481446,0.454308,,65431000,,
0,2,,0.228289,0.163123,0.608587,,65951100,,
