connect-4,CWE,test,0,NANOSECONDS,PREDICTIONS, Generated by ClassifierExperiments.java on 2022-05-16 18:38:13.    SYSTEMPROPERTIES:{user.name:matth,os.arch:amd64,os.name:Windows 10},ENDSYSTEMPROPERTIES
No parameter info
0.7874481941977501,70770062900,762538043700,-1,1154176336,3,,-1,-1
0,2,,0.059599,0.28951,0.650891,,60948800,,
0,0,,0.505532,0.211174,0.283294,,57146100,,
0,2,,0.030555,0.353482,0.615963,,69896900,,
0,2,,0.122325,0.202304,0.675372,,58281300,,
0,2,,0.226152,0.284012,0.489836,,72970800,,
0,1,,0.282961,0.430176,0.286863,,84207700,,
0,2,,0.165001,0.097652,0.737347,,68347200,,
0,2,,0.33792,0.193309,0.468771,,53841100,,
0,2,,0.163854,0.119054,0.717092,,59223400,,
0,2,,0.063819,0.04862,0.887561,,94302600,,
0,2,,0.158391,0.323458,0.518151,,158558600,,
0,0,,0.341422,0.319218,0.33936,,132093600,,
0,2,,0.146224,0.364569,0.489207,,116794200,,
0,0,,0.425893,0.163748,0.41036,,87313800,,
0,1,,0.321643,0.339395,0.338963,,75247000,,
0,2,,0.253824,0.362169,0.384007,,96293600,,
0,2,,0.1457,0.334551,0.519749,,101918300,,
0,2,,0.083953,0.20502,0.711027,,84608500,,
0,2,,0.355562,0.113833,0.530605,,74511100,,
0,2,,0.124266,0.255548,0.620186,,77153600,,
0,2,,0.062883,0.171662,0.765455,,79439700,,
0,2,,0.168262,0.118655,0.713083,,76210800,,
0,2,,0.117106,0.274978,0.607917,,56523100,,
0,2,,0.105835,0.089614,0.80455,,55870700,,
0,2,,0.086533,0.414836,0.498631,,52917200,,
0,2,,0.190492,0.195031,0.614477,,59789200,,
0,2,,0.088511,0.443122,0.468366,,50951200,,
0,2,,0.339354,0.183441,0.477205,,53931400,,
0,2,,0.143549,0.10156,0.754891,,59846200,,
0,2,,0.211853,0.256559,0.531588,,51784000,,
0,2,,0.295782,0.246921,0.457297,,50770300,,
0,2,,0.132866,0.330905,0.536229,,49671100,,
0,2,,0.162972,0.106079,0.730949,,51415200,,
0,2,,0.087585,0.058403,0.854012,,51473700,,
0,2,,0.25307,0.21971,0.52722,,48822400,,
0,1,,0.031507,0.543542,0.424951,,51552000,,
0,1,,0.248001,0.580037,0.171962,,52577600,,
0,2,,0.098438,0.129707,0.771856,,55095600,,
0,2,,0.09093,0.153379,0.755692,,55114600,,
0,2,,0.117861,0.269427,0.612712,,54728600,,
0,0,,0.407118,0.289648,0.303234,,65177900,,
0,2,,0.138186,0.247362,0.614452,,52057300,,
0,2,,0.13481,0.112481,0.75271,,51670700,,
0,2,,0.306501,0.288386,0.405113,,50082500,,
0,2,,0.230198,0.103917,0.665885,,49174400,,
0,2,,0.134183,0.180365,0.685452,,48832900,,
0,2,,0.076331,0.0819,0.84177,,57642500,,
0,2,,0.11102,0.40251,0.48647,,57536700,,
0,2,,0.241614,0.246495,0.51189,,51497900,,
0,2,,0.148692,0.247912,0.603397,,51807900,,
0,2,,0.06126,0.259578,0.679162,,49400300,,
0,2,,0.370606,0.239483,0.389911,,50393800,,
0,2,,0.095283,0.384701,0.520015,,55010600,,
0,2,,0.08897,0.133646,0.777384,,54238100,,
0,2,,0.053286,0.329841,0.616873,,49722200,,
0,2,,0.311121,0.209267,0.479612,,49292800,,
0,2,,0.087542,0.104388,0.808069,,49481300,,
0,2,,0.108505,0.306436,0.585059,,55149500,,
0,2,,0.341394,0.145799,0.512807,,54983700,,
0,1,,0.216253,0.396245,0.387502,,58444200,,
0,2,,0.073165,0.190724,0.736111,,55275300,,
0,2,,0.262813,0.278134,0.459053,,62267700,,
0,2,,0.192083,0.382536,0.425381,,54509200,,
0,2,,0.116497,0.190874,0.692629,,49941500,,
0,2,,0.112615,0.165947,0.721438,,50551500,,
0,2,,0.071661,0.449783,0.478555,,74004000,,
0,2,,0.188028,0.201379,0.610593,,70896300,,
0,1,,0.046112,0.545528,0.40836,,60442500,,
0,2,,0.053476,0.371576,0.574948,,54116900,,
0,2,,0.305451,0.28784,0.406709,,52477400,,
0,2,,0.225382,0.186147,0.588471,,51863200,,
0,2,,0.163413,0.353165,0.483422,,49659800,,
0,2,,0.153693,0.186038,0.660269,,53391300,,
0,2,,0.270198,0.128347,0.601455,,57142600,,
0,2,,0.359988,0.237324,0.402688,,52637700,,
0,1,,0.200003,0.466399,0.333597,,50429800,,
0,1,,0.163432,0.442478,0.39409,,51150300,,
0,1,,0.156738,0.448461,0.394802,,70065200,,
0,2,,0.110407,0.258098,0.631494,,64788100,,
0,2,,0.089847,0.106623,0.80353,,58975900,,
0,1,,0.163899,0.4383,0.397801,,52103900,,
0,2,,0.129284,0.243246,0.62747,,49722200,,
0,2,,0.400102,0.140093,0.459805,,56328400,,
0,2,,0.107323,0.191276,0.701401,,56188100,,
0,2,,0.089746,0.260942,0.649312,,49034300,,
0,2,,0.122144,0.387094,0.490761,,48648700,,
0,2,,0.285384,0.102085,0.612531,,49273700,,
0,1,,0.34483,0.36539,0.28978,,50716900,,
0,2,,0.291106,0.301989,0.406905,,58746300,,
0,2,,0.099403,0.339605,0.560992,,74539200,,
0,2,,0.117497,0.379873,0.502631,,69983500,,
0,2,,0.118072,0.201902,0.680027,,50125200,,
0,2,,0.158393,0.17733,0.664277,,49245900,,
0,2,,0.279762,0.218982,0.501256,,49184400,,
0,2,,0.289309,0.194896,0.515794,,54491800,,
0,1,,0.114065,0.506186,0.379749,,56972000,,
0,1,,0.191829,0.430767,0.377405,,49727200,,
0,2,,0.053967,0.12861,0.817423,,49851800,,
0,2,,0.118208,0.4133,0.468492,,49370200,,
0,2,,0.411408,0.102612,0.48598,,48404700,,
0,2,,0.107088,0.197229,0.695683,,48956800,,
0,2,,0.096344,0.207619,0.696037,,51518800,,
0,2,,0.137586,0.352167,0.510247,,48956100,,
0,2,,0.284984,0.103784,0.611231,,53456700,,
0,2,,0.037464,0.32712,0.635417,,55938300,,
0,1,,0.159721,0.480169,0.36011,,49505900,,
0,1,,0.225002,0.556957,0.218041,,49647800,,
0,2,,0.06054,0.067766,0.871694,,50893000,,
0,2,,0.147568,0.398657,0.453774,,51032100,,
0,2,,0.061774,0.118564,0.819662,,48934400,,
0,2,,0.060222,0.344171,0.595606,,53273600,,
0,2,,0.25337,0.252749,0.493881,,49773800,,
0,2,,0.065552,0.217934,0.716514,,53336100,,
0,2,,0.145039,0.09846,0.756502,,52539300,,
0,2,,0.062879,0.177181,0.75994,,53759800,,
0,2,,0.108312,0.183106,0.708582,,50552700,,
0,2,,0.221049,0.33672,0.442231,,49443300,,
0,2,,0.345486,0.177022,0.477491,,49896800,,
0,2,,0.076094,0.310445,0.613461,,53078400,,
0,2,,0.297303,0.282523,0.420174,,50044400,,
0,2,,0.185869,0.160704,0.653427,,49799400,,
0,2,,0.258328,0.2616,0.480072,,55960300,,
0,2,,0.124546,0.178284,0.69717,,54277600,,
0,2,,0.088088,0.321998,0.589913,,54970800,,
0,2,,0.04866,0.126266,0.825073,,54119000,,
0,2,,0.092367,0.123411,0.784222,,53630800,,
0,2,,0.196889,0.369756,0.433355,,54825100,,
0,1,,0.356129,0.356441,0.287429,,62590700,,
0,2,,0.069668,0.326231,0.604101,,57794800,,
0,1,,0.098668,0.495307,0.406025,,53274600,,
0,0,,0.520534,0.146175,0.333291,,55090000,,
0,0,,0.520905,0.172507,0.306588,,58310000,,
0,2,,0.23409,0.329151,0.436759,,61303500,,
0,2,,0.223775,0.092898,0.683327,,64933400,,
0,2,,0.07858,0.173694,0.747726,,68054100,,
0,2,,0.066815,0.417577,0.515608,,57678400,,
0,2,,0.155348,0.345893,0.498759,,62135700,,
0,2,,0.219209,0.239627,0.541164,,56007700,,
0,1,,0.083571,0.62514,0.291289,,61573000,,
0,2,,0.114878,0.130341,0.754781,,60425600,,
0,2,,0.211517,0.375756,0.412727,,61946000,,
0,2,,0.106123,0.402168,0.491708,,55563000,,
0,1,,0.052342,0.503377,0.444281,,52782600,,
0,2,,0.274994,0.348433,0.376574,,69263900,,
0,2,,0.247665,0.20054,0.551795,,57345000,,
0,2,,0.144636,0.054543,0.800821,,59225600,,
0,2,,0.274059,0.13455,0.59139,,59625000,,
0,2,,0.14773,0.16943,0.68284,,58507900,,
0,2,,0.071171,0.362078,0.566751,,78722000,,
0,2,,0.055586,0.131602,0.812812,,62312600,,
0,2,,0.041807,0.095562,0.862631,,60125000,,
0,2,,0.325012,0.13498,0.540008,,52246800,,
0,2,,0.071226,0.128909,0.799865,,52862800,,
0,2,,0.108538,0.176485,0.714977,,49907500,,
0,2,,0.285529,0.292112,0.422359,,51276600,,
0,0,,0.449971,0.267317,0.282712,,57563600,,
0,1,,0.197085,0.45177,0.351145,,49875600,,
0,2,,0.047096,0.221287,0.731617,,51608700,,
0,2,,0.067155,0.12528,0.807566,,51376700,,
0,1,,0.077429,0.64693,0.27564,,55175700,,
0,2,,0.073005,0.431086,0.495908,,52094200,,
0,2,,0.019311,0.174108,0.806581,,53184200,,
0,2,,0.14319,0.181902,0.674908,,51292900,,
0,2,,0.045292,0.044463,0.910244,,50811900,,
0,2,,0.256588,0.151273,0.592138,,54288400,,
0,2,,0.193866,0.261716,0.544418,,62466900,,
0,2,,0.1012,0.20601,0.69279,,51887800,,
0,2,,0.24507,0.27816,0.47677,,50994800,,
0,2,,0.134647,0.413216,0.452137,,50627400,,
0,2,,0.076734,0.176039,0.747227,,51222100,,
0,2,,0.120104,0.144328,0.735568,,56263500,,
0,1,,0.14427,0.459916,0.395814,,53979300,,
0,2,,0.065229,0.174055,0.760716,,51669600,,
0,2,,0.082696,0.407008,0.510296,,53519600,,
0,2,,0.052568,0.276148,0.671284,,62811400,,
0,1,,0.188592,0.474774,0.336634,,51483100,,
0,2,,0.08377,0.358931,0.557299,,51139700,,
0,2,,0.050699,0.31577,0.633531,,53203500,,
0,2,,0.14666,0.375101,0.478239,,50681000,,
0,2,,0.173081,0.110006,0.716913,,55179000,,
0,2,,0.236049,0.152566,0.611385,,50185900,,
0,2,,0.199267,0.374946,0.425787,,50958900,,
0,1,,0.149506,0.558485,0.292009,,54479700,,
0,2,,0.132118,0.206173,0.661709,,50043400,,
0,1,,0.051871,0.57112,0.377008,,64834500,,
0,2,,0.073553,0.337542,0.588905,,50950100,,
0,2,,0.170653,0.250127,0.57922,,51353000,,
0,1,,0.050408,0.527538,0.422053,,51107400,,
0,1,,0.110132,0.466103,0.423764,,51014000,,
0,2,,0.278241,0.183608,0.53815,,52517400,,
0,1,,0.222547,0.403532,0.373921,,50587300,,
0,2,,0.07013,0.277899,0.651972,,58400100,,
0,2,,0.251503,0.333256,0.415241,,62959200,,
0,2,,0.222102,0.275271,0.502627,,53352300,,
0,2,,0.197248,0.159286,0.643466,,54538800,,
0,2,,0.069571,0.335439,0.59499,,51755900,,
0,2,,0.114971,0.155337,0.729692,,54275200,,
0,2,,0.180379,0.354062,0.465559,,51052400,,
0,2,,0.211957,0.349949,0.438094,,55306800,,
0,1,,0.145201,0.449098,0.405701,,52495700,,
0,2,,0.061266,0.223144,0.715589,,51415900,,
0,2,,0.2145,0.264089,0.521411,,51795300,,
0,2,,0.17568,0.13653,0.68779,,50100200,,
0,1,,0.115376,0.478487,0.406137,,51203500,,
0,2,,0.149432,0.201952,0.648615,,50753000,,
0,2,,0.054316,0.204029,0.741655,,51841600,,
0,2,,0.049607,0.115104,0.835289,,51370600,,
0,1,,0.040873,0.508624,0.450503,,50583000,,
0,2,,0.183871,0.224339,0.59179,,50861800,,
0,2,,0.28314,0.342192,0.374668,,51664000,,
0,2,,0.104203,0.150293,0.745504,,50940800,,
0,1,,0.3485,0.374355,0.277145,,53748700,,
0,2,,0.145565,0.234704,0.619731,,51726100,,
0,2,,0.075713,0.123502,0.800785,,49696100,,
0,2,,0.34074,0.248669,0.410592,,51592100,,
0,1,,0.262925,0.538055,0.19902,,50943600,,
0,2,,0.320898,0.237428,0.441674,,61050200,,
0,1,,0.118991,0.513381,0.367628,,54478400,,
0,2,,0.395966,0.122233,0.481801,,53631600,,
0,2,,0.061572,0.067363,0.871064,,51842800,,
0,2,,0.060736,0.182876,0.756388,,54493200,,
0,2,,0.28281,0.145465,0.571725,,53554300,,
0,2,,0.086204,0.108515,0.805281,,51611500,,
0,2,,0.040954,0.391362,0.567684,,52699400,,
0,2,,0.352404,0.134915,0.51268,,50558700,,
0,2,,0.065704,0.116086,0.818209,,53221900,,
0,1,,0.041651,0.579409,0.37894,,52173300,,
0,2,,0.419715,0.10028,0.480005,,52297200,,
0,2,,0.069641,0.152046,0.778313,,55792900,,
0,1,,0.082171,0.707201,0.210628,,61492100,,
0,1,,0.165364,0.506411,0.328226,,65257100,,
0,1,,0.084635,0.732191,0.183174,,52709000,,
0,2,,0.047947,0.288614,0.663439,,51412100,,
0,2,,0.117425,0.191638,0.690937,,55024300,,
0,1,,0.142873,0.688377,0.16875,,59915900,,
0,2,,0.201581,0.391291,0.407128,,52817700,,
0,2,,0.390253,0.157853,0.451893,,51931100,,
0,2,,0.204171,0.337534,0.458294,,51533600,,
0,2,,0.158495,0.101675,0.73983,,51562300,,
0,2,,0.15094,0.101844,0.747215,,51758100,,
0,2,,0.068706,0.255814,0.675479,,52492600,,
0,2,,0.127663,0.155145,0.717192,,50602700,,
0,1,,0.223193,0.509618,0.267189,,51677400,,
0,2,,0.354175,0.13228,0.513546,,50650900,,
0,2,,0.059645,0.136183,0.804172,,52375800,,
0,2,,0.061032,0.289853,0.649114,,49764400,,
0,2,,0.250861,0.117562,0.631577,,51715600,,
0,2,,0.085673,0.093394,0.820933,,54874300,,
0,2,,0.07635,0.461307,0.462343,,55698200,,
0,2,,0.063471,0.354264,0.582265,,55644400,,
0,2,,0.191321,0.305903,0.502776,,50359200,,
0,2,,0.227197,0.154171,0.618632,,51313200,,
0,2,,0.058963,0.466582,0.474454,,50966900,,
0,1,,0.052373,0.58442,0.363208,,50921800,,
0,2,,0.063784,0.156458,0.779758,,50897900,,
0,2,,0.104232,0.425084,0.470684,,53649000,,
0,2,,0.150048,0.131473,0.718478,,58675600,,
0,1,,0.2624,0.375972,0.361628,,61214700,,
0,2,,0.16259,0.291484,0.545925,,63858200,,
0,2,,0.149236,0.289417,0.561347,,70222800,,
0,1,,0.203572,0.429523,0.366906,,58066000,,
0,2,,0.36878,0.233702,0.397518,,63799500,,
0,2,,0.199813,0.243422,0.556765,,66907500,,
0,1,,0.062429,0.645485,0.292086,,59418900,,
0,2,,0.143481,0.235165,0.621354,,59559900,,
0,1,,0.132251,0.642136,0.225614,,74563400,,
0,2,,0.140905,0.151848,0.707247,,67802700,,
0,1,,0.058377,0.522358,0.419265,,50002000,,
0,2,,0.185418,0.128021,0.686561,,49712200,,
0,2,,0.071487,0.259279,0.669234,,51717400,,
0,2,,0.068674,0.368009,0.563317,,50925300,,
0,0,,0.414691,0.324912,0.260397,,69544100,,
0,1,,0.039317,0.679517,0.281166,,61359200,,
0,2,,0.043463,0.23517,0.721366,,80432600,,
0,1,,0.348563,0.38169,0.269747,,64371200,,
0,2,,0.159913,0.284544,0.555543,,91463300,,
0,1,,0.092842,0.51878,0.388378,,87390200,,
0,2,,0.062973,0.186132,0.750895,,72064500,,
0,2,,0.270962,0.304954,0.424084,,44460200,,
0,0,,0.396113,0.225558,0.378329,,50528000,,
0,1,,0.089963,0.637221,0.272817,,55553600,,
0,2,,0.264792,0.26797,0.467238,,55106200,,
0,2,,0.073986,0.155785,0.770228,,63654700,,
0,0,,0.396975,0.206471,0.396555,,66544300,,
0,2,,0.382137,0.18766,0.430203,,62118100,,
0,2,,0.305569,0.062623,0.631807,,59371500,,
0,2,,0.128262,0.251642,0.620096,,53823900,,
0,1,,0.162461,0.52298,0.314558,,64074000,,
0,2,,0.127233,0.254799,0.617968,,53298900,,
0,2,,0.345155,0.113413,0.541431,,55921100,,
0,2,,0.402409,0.159306,0.438284,,53976800,,
0,0,,0.421534,0.209054,0.369412,,56537300,,
0,1,,0.090639,0.552141,0.35722,,59519900,,
0,2,,0.071139,0.439789,0.489072,,46759600,,
0,2,,0.115258,0.239586,0.645156,,50389900,,
0,1,,0.086963,0.481935,0.431101,,51471700,,
0,2,,0.062746,0.385597,0.551657,,55716600,,
0,2,,0.343237,0.243034,0.41373,,51993200,,
0,2,,0.268041,0.2673,0.464659,,52103400,,
0,2,,0.134961,0.185139,0.6799,,50855100,,
0,2,,0.067043,0.109091,0.823866,,54893500,,
0,2,,0.213023,0.327675,0.459302,,51952600,,
0,2,,0.21576,0.134619,0.649621,,52279800,,
0,2,,0.100633,0.394092,0.505276,,50249400,,
0,2,,0.326848,0.312767,0.360385,,51934600,,
0,2,,0.161989,0.33597,0.502041,,50957900,,
0,1,,0.080087,0.544965,0.374949,,51726400,,
0,2,,0.068028,0.313604,0.618368,,57194500,,
0,2,,0.070509,0.290202,0.639289,,59816600,,
0,1,,0.083173,0.486108,0.43072,,57178100,,
0,2,,0.255825,0.31835,0.425826,,54986000,,
0,2,,0.115927,0.257963,0.62611,,55618900,,
0,0,,0.392374,0.232929,0.374697,,58123100,,
0,1,,0.129329,0.640109,0.230562,,49141600,,
0,2,,0.303504,0.243246,0.453249,,50611100,,
0,2,,0.145478,0.357552,0.49697,,52675200,,
0,0,,0.377444,0.285401,0.337155,,54723800,,
0,2,,0.206753,0.313606,0.479641,,61483300,,
0,1,,0.097732,0.478715,0.423553,,64259400,,
0,2,,0.153141,0.326742,0.520116,,50917100,,
0,2,,0.240003,0.096124,0.663873,,50582200,,
0,2,,0.164345,0.240062,0.595593,,50897800,,
0,1,,0.080639,0.661795,0.257566,,51565800,,
0,0,,0.464959,0.13815,0.396892,,51126400,,
0,2,,0.182896,0.167851,0.649253,,55030800,,
0,2,,0.184647,0.268663,0.54669,,55116400,,
0,2,,0.3456,0.24468,0.40972,,52329300,,
0,2,,0.17877,0.271437,0.549793,,58309900,,
0,2,,0.233864,0.160514,0.605622,,58172100,,
0,1,,0.143852,0.513571,0.342578,,54413600,,
0,2,,0.234185,0.082532,0.683283,,61954000,,
0,1,,0.143814,0.553435,0.302751,,53258200,,
0,2,,0.063667,0.174817,0.761516,,51173300,,
0,2,,0.093359,0.387273,0.519369,,51196200,,
0,2,,0.049117,0.202978,0.747905,,50882100,,
0,1,,0.101228,0.49772,0.401052,,50920300,,
0,2,,0.08287,0.344133,0.572997,,50945100,,
0,2,,0.247899,0.168874,0.583227,,53655900,,
0,2,,0.264054,0.139984,0.595962,,51288800,,
0,2,,0.071038,0.22729,0.701672,,50005300,,
0,2,,0.13558,0.159003,0.705417,,50776300,,
0,2,,0.131333,0.354839,0.513829,,50172700,,
0,2,,0.125239,0.227817,0.646944,,51594000,,
0,2,,0.213307,0.19986,0.586832,,53963900,,
0,2,,0.192206,0.165767,0.642027,,55877400,,
0,0,,0.413713,0.276728,0.309559,,53041100,,
0,1,,0.114876,0.446978,0.438146,,55559200,,
0,1,,0.159917,0.565073,0.27501,,56272200,,
0,2,,0.141051,0.220374,0.638576,,55965800,,
0,2,,0.215484,0.201392,0.583124,,57677600,,
0,2,,0.295357,0.146793,0.55785,,51001500,,
0,2,,0.308572,0.301418,0.39001,,52919200,,
0,2,,0.251057,0.214893,0.53405,,54848600,,
0,2,,0.040783,0.451013,0.508204,,52143700,,
0,1,,0.311041,0.446109,0.24285,,57750400,,
0,2,,0.039538,0.375978,0.584484,,67680400,,
0,1,,0.21083,0.404741,0.384429,,55743300,,
0,2,,0.224107,0.241413,0.53448,,54787300,,
0,2,,0.129917,0.097409,0.772674,,54630600,,
0,1,,0.175951,0.51054,0.31351,,51657600,,
0,2,,0.062185,0.100393,0.837422,,50493900,,
0,2,,0.242063,0.198646,0.55929,,51476400,,
0,2,,0.267506,0.189344,0.54315,,51537000,,
0,2,,0.126252,0.114271,0.759477,,50174600,,
0,2,,0.057777,0.098672,0.843551,,51690000,,
0,2,,0.139947,0.410364,0.449689,,52626000,,
0,2,,0.182002,0.186214,0.631784,,51576900,,
0,1,,0.062346,0.474824,0.46283,,50167000,,
0,2,,0.239805,0.374425,0.385771,,51603300,,
0,2,,0.172006,0.126149,0.701844,,50887600,,
0,2,,0.231762,0.267162,0.501076,,54068600,,
0,1,,0.251501,0.431492,0.317007,,59987600,,
0,2,,0.076243,0.422089,0.501668,,55715200,,
0,2,,0.145607,0.322631,0.531762,,55472600,,
0,2,,0.090242,0.312689,0.597069,,58276500,,
0,2,,0.178153,0.286617,0.535229,,53753000,,
0,2,,0.152252,0.245178,0.60257,,56227800,,
0,1,,0.089679,0.474805,0.435516,,52793100,,
0,1,,0.216102,0.483749,0.300149,,51784600,,
0,2,,0.32961,0.253843,0.416547,,53204500,,
0,2,,0.100431,0.146753,0.752816,,50675700,,
0,2,,0.22885,0.117,0.65415,,50667500,,
0,2,,0.339836,0.18962,0.470545,,50461100,,
0,1,,0.069798,0.477845,0.452356,,52860800,,
0,2,,0.145987,0.185547,0.668466,,56578600,,
0,2,,0.028111,0.438802,0.533087,,54062300,,
0,2,,0.265225,0.298946,0.435829,,53505200,,
0,2,,0.212075,0.38822,0.399705,,53509000,,
0,2,,0.10593,0.400541,0.493529,,54126600,,
0,2,,0.070429,0.126249,0.803322,,50899500,,
0,2,,0.103437,0.185175,0.711388,,50526200,,
0,2,,0.117831,0.327326,0.554843,,51898100,,
0,2,,0.103188,0.322046,0.574766,,51893000,,
0,1,,0.233913,0.555067,0.21102,,60488500,,
0,2,,0.066556,0.159796,0.773647,,53543100,,
0,1,,0.172281,0.581754,0.245965,,53818700,,
0,2,,0.132204,0.310998,0.556798,,53848700,,
0,2,,0.214297,0.21318,0.572522,,52527600,,
0,2,,0.054606,0.100889,0.844505,,56245300,,
0,2,,0.180364,0.100434,0.719202,,50968200,,
0,2,,0.207833,0.284686,0.507481,,51876500,,
0,2,,0.231656,0.267107,0.501237,,49764500,,
0,2,,0.039787,0.409893,0.55032,,53638000,,
0,2,,0.053771,0.165655,0.780575,,59968900,,
0,2,,0.27881,0.175255,0.545935,,56886900,,
0,2,,0.104967,0.217079,0.677954,,54395600,,
0,1,,0.083725,0.627526,0.288749,,54638600,,
0,2,,0.284064,0.27093,0.445006,,58926200,,
0,2,,0.058151,0.137986,0.803864,,54530100,,
0,2,,0.119646,0.410816,0.469538,,51231900,,
0,1,,0.095548,0.470235,0.434217,,51784000,,
0,1,,0.292225,0.366958,0.340817,,56705200,,
0,2,,0.169319,0.314812,0.51587,,60333100,,
0,2,,0.416797,0.157166,0.426038,,53081100,,
0,2,,0.167704,0.241081,0.591215,,51283000,,
0,2,,0.205734,0.152896,0.64137,,63545500,,
0,2,,0.124839,0.184927,0.690235,,75857300,,
0,1,,0.074742,0.486802,0.438456,,63133500,,
0,2,,0.353056,0.21956,0.427384,,62683600,,
0,1,,0.124304,0.485959,0.389737,,70913400,,
0,0,,0.561813,0.20571,0.232477,,63280300,,
0,2,,0.091403,0.19621,0.712388,,68965100,,
0,2,,0.241669,0.177834,0.580496,,59054700,,
0,2,,0.188002,0.376704,0.435294,,53574500,,
0,2,,0.120856,0.227533,0.65161,,52344000,,
0,2,,0.11014,0.179207,0.710653,,51917600,,
0,2,,0.140425,0.074161,0.785414,,54032700,,
0,2,,0.25553,0.09082,0.65365,,53042700,,
0,1,,0.218634,0.403062,0.378305,,53463400,,
0,2,,0.181275,0.162793,0.655932,,49272300,,
0,2,,0.058751,0.242652,0.698597,,50500200,,
0,2,,0.069425,0.096499,0.834077,,53392100,,
0,2,,0.107256,0.294754,0.59799,,53925400,,
0,2,,0.09386,0.395894,0.510246,,52283900,,
0,2,,0.380804,0.145933,0.473263,,51188900,,
0,2,,0.058807,0.14802,0.793173,,50104000,,
0,1,,0.201054,0.404795,0.394151,,50114200,,
0,2,,0.084395,0.284676,0.63093,,51704100,,
0,2,,0.198946,0.195737,0.605317,,49923400,,
0,1,,0.161772,0.423253,0.414975,,50358400,,
0,2,,0.134084,0.392569,0.473347,,53542500,,
0,2,,0.300726,0.160216,0.539058,,50899200,,
0,2,,0.213372,0.227108,0.55952,,50197300,,
0,2,,0.152863,0.221869,0.625267,,49149100,,
0,2,,0.092501,0.389572,0.517927,,50435700,,
0,0,,0.421969,0.216665,0.361366,,49051800,,
0,2,,0.061711,0.428169,0.51012,,56404600,,
0,0,,0.390994,0.220086,0.38892,,56585800,,
0,0,,0.422546,0.209261,0.368193,,54052400,,
0,2,,0.136225,0.101565,0.76221,,53409300,,
0,1,,0.128195,0.52007,0.351735,,56542000,,
0,2,,0.327028,0.175306,0.497665,,55054400,,
0,1,,0.108753,0.735289,0.155958,,54222500,,
0,2,,0.133127,0.314427,0.552446,,61135200,,
0,1,,0.172183,0.566747,0.26107,,55075200,,
0,1,,0.102475,0.684467,0.213058,,52642200,,
0,1,,0.197041,0.440218,0.36274,,54349300,,
0,2,,0.130539,0.297511,0.57195,,55575700,,
0,2,,0.062282,0.392552,0.545166,,57786700,,
0,2,,0.136707,0.232605,0.630688,,53087800,,
0,2,,0.067222,0.255816,0.676961,,53523500,,
0,2,,0.170747,0.397042,0.432211,,59800300,,
0,2,,0.19521,0.159272,0.645518,,50945900,,
0,2,,0.275831,0.116508,0.607662,,66852700,,
0,2,,0.023422,0.296296,0.680282,,58890200,,
0,2,,0.255176,0.150506,0.594318,,62220000,,
0,1,,0.072653,0.557035,0.370312,,61813500,,
0,2,,0.19742,0.17109,0.63149,,55872700,,
0,2,,0.069201,0.145109,0.78569,,56075700,,
0,2,,0.09639,0.244688,0.658921,,52636000,,
0,2,,0.11082,0.271129,0.618051,,53583100,,
0,2,,0.078643,0.439387,0.48197,,53011600,,
0,2,,0.344715,0.281397,0.373888,,54238100,,
0,2,,0.109231,0.22169,0.669079,,61327200,,
0,1,,0.098867,0.599212,0.301921,,54483300,,
0,2,,0.053294,0.300449,0.646256,,58459900,,
0,2,,0.100193,0.39581,0.503997,,53054700,,
0,2,,0.342264,0.111134,0.546602,,53179600,,
0,0,,0.419495,0.213356,0.367149,,54008600,,
0,2,,0.443867,0.090941,0.465192,,56075700,,
0,2,,0.254078,0.342565,0.403358,,55849400,,
0,1,,0.344803,0.392565,0.262632,,53110900,,
0,2,,0.211975,0.167663,0.620363,,50434600,,
0,2,,0.063613,0.411103,0.525284,,56154000,,
0,1,,0.117809,0.501635,0.380556,,53679700,,
0,2,,0.123952,0.110455,0.765593,,55121500,,
0,0,,0.360705,0.300017,0.339278,,51223000,,
0,2,,0.344782,0.197416,0.457802,,52648400,,
0,2,,0.156696,0.416981,0.426323,,51192600,,
0,2,,0.248648,0.347763,0.403589,,54877800,,
0,2,,0.056306,0.454627,0.489067,,54372200,,
0,1,,0.124806,0.474128,0.401066,,56668300,,
0,2,,0.223339,0.103608,0.673052,,60121800,,
0,2,,0.039986,0.221524,0.73849,,57152300,,
0,2,,0.160272,0.145393,0.694335,,63958000,,
0,2,,0.082446,0.305028,0.612526,,65012800,,
0,2,,0.171332,0.156752,0.671917,,58782200,,
0,2,,0.060944,0.090429,0.848628,,61442600,,
0,2,,0.177402,0.128928,0.693669,,53230300,,
0,2,,0.236572,0.226695,0.536732,,53299500,,
0,2,,0.089362,0.095439,0.815199,,52357500,,
0,2,,0.031861,0.375266,0.592873,,57222800,,
0,2,,0.046135,0.430768,0.523097,,56446900,,
0,2,,0.194349,0.274505,0.531146,,52131300,,
0,2,,0.224638,0.31568,0.459682,,57060800,,
0,1,,0.322697,0.35298,0.324324,,51354000,,
0,2,,0.287762,0.144119,0.568119,,56216900,,
0,2,,0.048466,0.21192,0.739614,,58972400,,
0,1,,0.174167,0.435419,0.390414,,57986600,,
0,2,,0.075415,0.118797,0.805788,,55980000,,
0,2,,0.104795,0.192228,0.702977,,52870200,,
0,2,,0.063334,0.213193,0.723472,,54997900,,
0,2,,0.047714,0.397318,0.554969,,59399200,,
0,2,,0.350839,0.275672,0.373489,,52926400,,
0,1,,0.299863,0.443222,0.256915,,56786900,,
0,2,,0.1185,0.145023,0.736477,,54111600,,
0,2,,0.354105,0.181002,0.464892,,56483100,,
0,2,,0.178504,0.282605,0.53889,,60520300,,
0,2,,0.149644,0.284242,0.566114,,59239600,,
0,1,,0.077096,0.497088,0.425816,,60811100,,
0,2,,0.106109,0.31878,0.575111,,50385800,,
0,2,,0.436363,0.121181,0.442456,,49457000,,
0,2,,0.072765,0.043688,0.883547,,49801000,,
0,2,,0.188974,0.088269,0.722757,,56166100,,
0,2,,0.169263,0.255966,0.574771,,62526300,,
0,2,,0.124573,0.12806,0.747367,,52800400,,
0,2,,0.053939,0.259545,0.686516,,53857800,,
0,2,,0.318509,0.218205,0.463286,,51093300,,
0,2,,0.290769,0.248027,0.461203,,50050700,,
0,2,,0.121814,0.427384,0.450802,,52643100,,
0,2,,0.099145,0.176005,0.724851,,52237000,,
0,2,,0.121524,0.110402,0.768074,,51544700,,
0,2,,0.079317,0.358068,0.562615,,53072300,,
0,1,,0.269519,0.384188,0.346293,,51990700,,
0,2,,0.081192,0.240581,0.678227,,55330900,,
0,2,,0.167145,0.367415,0.46544,,59568500,,
0,1,,0.129304,0.461336,0.409361,,61542900,,
0,2,,0.175026,0.164419,0.660555,,60138900,,
0,1,,0.246253,0.393423,0.360323,,58546700,,
0,1,,0.297988,0.378417,0.323595,,53347600,,
0,2,,0.138897,0.3879,0.473203,,50844100,,
0,2,,0.228796,0.255276,0.515928,,50704700,,
0,2,,0.060054,0.180304,0.759642,,51624400,,
0,2,,0.11746,0.356565,0.525975,,53882900,,
0,2,,0.043766,0.244558,0.711677,,54273800,,
0,2,,0.134678,0.403276,0.462046,,54897300,,
0,2,,0.102011,0.321304,0.576685,,58975500,,
0,2,,0.205844,0.364747,0.429409,,60413000,,
0,0,,0.394083,0.309645,0.296272,,57421900,,
0,2,,0.071295,0.085955,0.842751,,68953300,,
0,0,,0.43339,0.216616,0.349994,,52579600,,
0,0,,0.44546,0.22117,0.33337,,53518900,,
0,2,,0.055507,0.219766,0.724727,,52459900,,
0,2,,0.12247,0.263774,0.613756,,59825300,,
0,2,,0.256997,0.288727,0.454276,,60042400,,
0,2,,0.212915,0.143326,0.643759,,60738400,,
0,2,,0.290657,0.168262,0.541081,,67819800,,
0,2,,0.310868,0.202779,0.486352,,72209400,,
0,2,,0.136134,0.235924,0.627943,,64336500,,
0,2,,0.056539,0.437446,0.506015,,56162100,,
0,2,,0.08428,0.232455,0.683265,,51631100,,
0,1,,0.286972,0.496467,0.216561,,49916900,,
0,2,,0.268543,0.257294,0.474163,,51213500,,
0,2,,0.397329,0.170452,0.432219,,51371200,,
0,2,,0.159869,0.20786,0.632272,,48926400,,
0,2,,0.370978,0.187799,0.441223,,53761300,,
0,2,,0.078124,0.321464,0.600412,,50134500,,
0,1,,0.138943,0.537176,0.323881,,50585500,,
0,2,,0.289467,0.160591,0.549942,,59270100,,
0,2,,0.100381,0.103227,0.796392,,60646400,,
0,2,,0.233396,0.368881,0.397723,,52597200,,
0,1,,0.163317,0.522434,0.314248,,59923800,,
0,2,,0.168618,0.265791,0.565591,,62817700,,
0,2,,0.230229,0.211947,0.557824,,58278400,,
0,2,,0.120337,0.324409,0.555254,,62373900,,
0,1,,0.167605,0.474553,0.357842,,55772800,,
0,2,,0.197235,0.161674,0.641091,,55664200,,
0,2,,0.291739,0.219205,0.489056,,54483000,,
0,1,,0.165938,0.59452,0.239542,,57752300,,
0,1,,0.280657,0.471651,0.247693,,54056900,,
0,2,,0.119312,0.301071,0.579617,,60489900,,
0,2,,0.23698,0.293133,0.469886,,52900300,,
0,2,,0.226827,0.373633,0.39954,,54491600,,
0,2,,0.067796,0.104379,0.827825,,53122300,,
0,1,,0.167032,0.48649,0.346478,,50657000,,
0,2,,0.092199,0.312493,0.595308,,52591300,,
0,1,,0.140316,0.649722,0.209962,,51658200,,
0,2,,0.125434,0.297346,0.577221,,50651200,,
0,2,,0.071636,0.407376,0.520988,,50610700,,
0,2,,0.203226,0.207198,0.589577,,56530600,,
0,1,,0.056838,0.566102,0.37706,,55038600,,
0,2,,0.143525,0.169312,0.687163,,57084500,,
0,2,,0.114653,0.272032,0.613315,,49589500,,
0,1,,0.279971,0.474902,0.245127,,49960300,,
0,2,,0.170877,0.254145,0.574978,,49906500,,
0,2,,0.14579,0.370226,0.483985,,52961600,,
0,1,,0.077183,0.496615,0.426202,,52571700,,
0,1,,0.088267,0.490898,0.420835,,51847900,,
0,2,,0.051974,0.267453,0.680573,,50704200,,
0,2,,0.271202,0.133108,0.595689,,51000100,,
0,2,,0.145474,0.067519,0.787007,,50665800,,
0,2,,0.363587,0.138388,0.498025,,50306400,,
0,2,,0.140649,0.333098,0.526253,,50738100,,
0,1,,0.046112,0.533052,0.420836,,50888900,,
0,2,,0.06807,0.334523,0.597407,,54661300,,
0,2,,0.048748,0.119706,0.831546,,43672200,,
0,2,,0.050115,0.232194,0.717691,,48613100,,
0,2,,0.078685,0.086215,0.835101,,53412600,,
0,2,,0.226959,0.273552,0.499489,,51717900,,
0,1,,0.092694,0.633999,0.273307,,58366600,,
0,2,,0.089171,0.061064,0.849765,,57032400,,
0,2,,0.199244,0.17982,0.620936,,55789100,,
0,2,,0.148883,0.27719,0.573927,,50455700,,
0,2,,0.168123,0.131495,0.700381,,51632400,,
0,2,,0.146958,0.18241,0.670632,,49400400,,
0,2,,0.112061,0.41735,0.470589,,48674700,,
0,2,,0.157348,0.329259,0.513393,,53342900,,
0,2,,0.383033,0.207374,0.409593,,59515800,,
0,2,,0.214557,0.144016,0.641428,,51077600,,
0,2,,0.232593,0.227804,0.539603,,50559000,,
0,1,,0.322972,0.411263,0.265764,,49185600,,
0,2,,0.06066,0.425073,0.514267,,49823700,,
0,1,,0.071022,0.475259,0.453719,,51683000,,
0,2,,0.185196,0.189411,0.625393,,51162300,,
0,2,,0.119928,0.130955,0.749118,,49372400,,
0,2,,0.182247,0.13471,0.683042,,50505700,,
0,1,,0.124184,0.531824,0.343992,,50895200,,
0,2,,0.074217,0.267139,0.658644,,50468000,,
0,2,,0.086344,0.264217,0.649438,,50298200,,
0,1,,0.059977,0.572334,0.367689,,49303600,,
0,2,,0.168339,0.401778,0.429883,,53903700,,
0,2,,0.055312,0.471135,0.473553,,58601800,,
0,2,,0.099428,0.363342,0.53723,,56081600,,
0,2,,0.123594,0.26431,0.612096,,50718900,,
0,2,,0.211946,0.374796,0.413257,,52021400,,
0,2,,0.067298,0.408244,0.524458,,52035600,,
0,2,,0.188478,0.216006,0.595515,,48371600,,
0,2,,0.361102,0.271326,0.367573,,50026100,,
0,2,,0.075144,0.213512,0.711344,,50845800,,
0,2,,0.139193,0.373194,0.487613,,50772000,,
0,2,,0.134115,0.379912,0.485973,,49158900,,
0,2,,0.067714,0.052043,0.880243,,52027300,,
0,2,,0.242795,0.122747,0.634458,,50836800,,
0,2,,0.143599,0.203556,0.652845,,50263400,,
0,2,,0.047242,0.407889,0.544868,,50461900,,
0,2,,0.283966,0.224377,0.491657,,51261400,,
0,2,,0.108012,0.338415,0.553573,,50921500,,
0,2,,0.065135,0.452965,0.481901,,54566200,,
0,2,,0.209867,0.155073,0.63506,,55839500,,
0,2,,0.187985,0.094962,0.717052,,52061300,,
0,2,,0.10489,0.16852,0.726589,,49157300,,
0,2,,0.113558,0.416579,0.469863,,51922900,,
0,2,,0.26698,0.129724,0.603296,,49769000,,
0,0,,0.431482,0.186867,0.381651,,50313900,,
0,2,,0.116928,0.318069,0.565003,,50066300,,
0,2,,0.044746,0.202176,0.753078,,51858000,,
0,1,,0.199961,0.422922,0.377117,,49997100,,
0,1,,0.107412,0.484224,0.408364,,49725300,,
0,2,,0.121628,0.372339,0.506034,,53085100,,
0,1,,0.116635,0.576818,0.306548,,50106400,,
0,2,,0.210234,0.22019,0.569576,,50609200,,
0,2,,0.123341,0.166615,0.710043,,48378500,,
0,2,,0.147291,0.290142,0.562567,,51602000,,
0,2,,0.211843,0.308729,0.479428,,58065100,,
0,1,,0.243999,0.494543,0.261458,,52348500,,
0,2,,0.275282,0.078987,0.645731,,50586800,,
0,2,,0.073634,0.34993,0.576436,,57912600,,
0,2,,0.224439,0.20898,0.566581,,53103500,,
0,1,,0.274897,0.422806,0.302296,,52877300,,
0,1,,0.198058,0.416857,0.385085,,51175500,,
0,1,,0.238854,0.561476,0.19967,,50375500,,
0,1,,0.27729,0.401805,0.320906,,57582000,,
0,2,,0.044044,0.372567,0.583389,,50495900,,
0,2,,0.045126,0.233134,0.72174,,49652500,,
0,2,,0.127276,0.132309,0.740415,,50774500,,
0,1,,0.074139,0.509304,0.416558,,50193400,,
0,2,,0.133518,0.128558,0.737924,,51052700,,
0,2,,0.15047,0.393124,0.456406,,50523700,,
0,2,,0.194481,0.363085,0.442434,,50627300,,
0,2,,0.12668,0.139376,0.733944,,58734600,,
0,2,,0.050276,0.112107,0.837617,,60186000,,
0,2,,0.041861,0.151252,0.806887,,50538100,,
0,1,,0.210569,0.418729,0.370702,,50176100,,
0,2,,0.337549,0.197807,0.464644,,55023900,,
0,1,,0.25782,0.407113,0.335067,,52000800,,
0,1,,0.08827,0.707857,0.203873,,60006300,,
0,2,,0.08801,0.316478,0.595513,,55563900,,
0,2,,0.144416,0.065877,0.789706,,53067700,,
0,2,,0.221595,0.252898,0.525506,,50103900,,
0,2,,0.177407,0.263489,0.559104,,50886100,,
0,2,,0.090198,0.30715,0.602652,,50685900,,
0,2,,0.168101,0.147066,0.684833,,52921400,,
0,1,,0.0989,0.55489,0.34621,,50725700,,
0,2,,0.086367,0.266454,0.647178,,48256900,,
0,2,,0.062442,0.376807,0.560751,,46289000,,
0,2,,0.041035,0.294174,0.664791,,65265800,,
0,1,,0.234389,0.597291,0.16832,,50692100,,
0,2,,0.089556,0.180603,0.729841,,52599100,,
0,2,,0.164154,0.086698,0.749148,,57478700,,
0,2,,0.328399,0.198139,0.473462,,60425900,,
0,0,,0.363635,0.351096,0.285269,,51583000,,
0,2,,0.25673,0.134517,0.608753,,58717700,,
0,2,,0.153083,0.20843,0.638487,,50153900,,
0,0,,0.498649,0.292346,0.209005,,49668400,,
0,2,,0.177062,0.356737,0.466201,,51719800,,
0,2,,0.156926,0.255055,0.588019,,50877500,,
0,2,,0.200532,0.181683,0.617785,,55037400,,
0,2,,0.242492,0.291415,0.466092,,50555900,,
0,2,,0.060769,0.23392,0.705311,,48995900,,
0,1,,0.145991,0.470479,0.38353,,49346000,,
0,2,,0.042754,0.408998,0.548248,,50491600,,
0,2,,0.090852,0.356832,0.552316,,50886900,,
0,2,,0.122784,0.109206,0.76801,,51580600,,
0,2,,0.219316,0.209632,0.571052,,49607100,,
0,2,,0.217842,0.164584,0.617574,,50500400,,
0,2,,0.1425,0.120432,0.737068,,49954100,,
0,2,,0.112101,0.27967,0.608228,,63828400,,
0,2,,0.107392,0.330532,0.562076,,49755400,,
0,1,,0.047988,0.530036,0.421977,,51598700,,
0,2,,0.25313,0.319465,0.427405,,56775300,,
0,2,,0.046406,0.329413,0.624181,,55129400,,
0,2,,0.196394,0.256368,0.547237,,53050900,,
0,2,,0.046186,0.207423,0.74639,,53781500,,
0,2,,0.266533,0.24861,0.484857,,56436700,,
0,0,,0.50512,0.258677,0.236203,,59011200,,
0,2,,0.110917,0.133209,0.755873,,68634700,,
0,2,,0.096571,0.222915,0.680513,,54382800,,
0,2,,0.075909,0.432358,0.491733,,63452400,,
0,2,,0.197227,0.341312,0.461461,,62897400,,
0,2,,0.102664,0.204732,0.692603,,54480700,,
0,2,,0.163577,0.191923,0.644499,,57482100,,
0,1,,0.237684,0.382821,0.379495,,60538300,,
0,2,,0.112861,0.14926,0.73788,,55551900,,
0,1,,0.219332,0.466993,0.313675,,50233200,,
0,2,,0.173884,0.178769,0.647347,,49494700,,
0,1,,0.229636,0.385627,0.384737,,50596900,,
0,1,,0.078297,0.533887,0.387817,,50772200,,
0,2,,0.306359,0.238113,0.455528,,48940500,,
0,2,,0.111002,0.145709,0.743289,,51089400,,
0,2,,0.189331,0.403132,0.407537,,50337600,,
0,0,,0.41698,0.29152,0.2915,,50384200,,
0,2,,0.062895,0.458324,0.478781,,55275600,,
0,2,,0.071081,0.455835,0.473084,,50398000,,
0,2,,0.175864,0.398639,0.425497,,54999400,,
0,1,,0.258077,0.474966,0.266958,,51696400,,
0,2,,0.215202,0.187932,0.596866,,50935200,,
0,2,,0.178451,0.099343,0.722207,,49067800,,
0,2,,0.150536,0.217749,0.631716,,51094500,,
0,2,,0.08798,0.137395,0.774625,,48854500,,
0,1,,0.059141,0.541259,0.3996,,49730800,,
0,2,,0.277256,0.359771,0.362973,,51682100,,
0,1,,0.062254,0.625051,0.312695,,51207300,,
0,2,,0.10682,0.317613,0.575567,,49338200,,
0,2,,0.144238,0.289844,0.565917,,64230400,,
0,2,,0.245094,0.259484,0.495422,,49232900,,
0,2,,0.170109,0.071985,0.757906,,48946700,,
0,2,,0.194906,0.195584,0.60951,,50481200,,
0,2,,0.309367,0.220088,0.470544,,50096100,,
0,1,,0.199513,0.514048,0.286438,,48676300,,
0,2,,0.06323,0.405933,0.530837,,49857500,,
0,2,,0.237692,0.118514,0.643794,,50609900,,
0,2,,0.409018,0.163292,0.427691,,53637100,,
0,2,,0.225557,0.174896,0.599547,,54573500,,
0,2,,0.316119,0.241562,0.442319,,60956100,,
0,2,,0.105545,0.086236,0.808219,,61233300,,
0,1,,0.257956,0.396213,0.345831,,56118900,,
0,2,,0.339897,0.132233,0.52787,,57581500,,
0,2,,0.166884,0.238206,0.59491,,56854000,,
0,2,,0.027877,0.33393,0.638193,,58583100,,
0,2,,0.092044,0.148593,0.759363,,67427600,,
0,2,,0.210948,0.177685,0.611367,,55318000,,
0,2,,0.122831,0.35327,0.523899,,61351000,,
0,1,,0.310021,0.369804,0.320176,,54411600,,
0,2,,0.08467,0.373314,0.542017,,53056000,,
0,2,,0.085761,0.261154,0.653084,,55403600,,
0,2,,0.022318,0.23228,0.745402,,61138300,,
0,2,,0.286721,0.286514,0.426765,,53564300,,
0,1,,0.054609,0.610132,0.335259,,62322500,,
0,2,,0.212659,0.355376,0.431965,,50042600,,
0,2,,0.207417,0.250732,0.541851,,51219900,,
0,1,,0.192261,0.404911,0.402828,,53923200,,
0,2,,0.196926,0.108826,0.694248,,52607900,,
0,2,,0.147485,0.322074,0.53044,,51195100,,
0,2,,0.244849,0.271948,0.483203,,51514200,,
0,1,,0.388544,0.43143,0.180026,,51815700,,
0,2,,0.099946,0.249892,0.650162,,52161400,,
0,2,,0.194851,0.261674,0.543475,,58844500,,
0,2,,0.05296,0.066539,0.880501,,65042900,,
0,2,,0.057569,0.143654,0.798777,,66105400,,
0,2,,0.129792,0.335796,0.534413,,82102100,,
0,2,,0.283867,0.249643,0.46649,,83641000,,
0,2,,0.160408,0.17597,0.663622,,93331400,,
0,1,,0.056547,0.481087,0.462366,,74099500,,
0,2,,0.092966,0.222479,0.684554,,63659600,,
0,1,,0.152314,0.505184,0.342502,,85196800,,
0,2,,0.066771,0.377146,0.556083,,64311400,,
0,2,,0.169226,0.135525,0.695249,,60366800,,
0,2,,0.186751,0.339147,0.474102,,59349900,,
0,0,,0.354312,0.317714,0.327973,,60365300,,
0,2,,0.223548,0.379666,0.396786,,67054900,,
0,0,,0.493734,0.191601,0.314666,,65928100,,
0,1,,0.213532,0.420931,0.365537,,56174300,,
0,2,,0.321427,0.284054,0.394519,,53926700,,
0,2,,0.168226,0.310062,0.521712,,55441200,,
0,2,,0.12773,0.149437,0.722832,,54056500,,
0,2,,0.101246,0.187337,0.711418,,55111400,,
0,1,,0.048831,0.652191,0.298979,,68366900,,
0,2,,0.139344,0.327993,0.532663,,54629600,,
0,0,,0.348075,0.325407,0.326518,,55916100,,
0,2,,0.064996,0.083424,0.85158,,62310000,,
0,2,,0.086635,0.416738,0.496627,,54811700,,
0,2,,0.18657,0.239446,0.573984,,53604600,,
0,1,,0.191069,0.423147,0.385784,,58125700,,
0,1,,0.266095,0.375801,0.358104,,56311000,,
0,2,,0.029469,0.422987,0.547544,,56210000,,
0,2,,0.226033,0.333454,0.440514,,55425800,,
0,1,,0.163272,0.484954,0.351774,,56776400,,
0,2,,0.177147,0.298281,0.524572,,54195400,,
0,2,,0.317196,0.307828,0.374976,,55683900,,
0,0,,0.42245,0.263971,0.313579,,58745300,,
0,2,,0.11707,0.100156,0.782774,,61620200,,
0,0,,0.375888,0.25787,0.366242,,59777400,,
0,1,,0.298547,0.371771,0.329682,,62282700,,
0,2,,0.186072,0.306588,0.507339,,63723200,,
0,1,,0.138391,0.509297,0.352312,,63634300,,
0,2,,0.393073,0.173484,0.433443,,57516100,,
0,2,,0.263605,0.252066,0.484329,,73468600,,
0,2,,0.083212,0.308309,0.608479,,56685900,,
0,2,,0.294481,0.164203,0.541316,,55627900,,
0,2,,0.393307,0.144206,0.462488,,69192500,,
0,2,,0.112311,0.207816,0.679872,,52805200,,
0,1,,0.204253,0.436359,0.359388,,52455900,,
0,2,,0.09178,0.090142,0.818077,,53074200,,
0,2,,0.392868,0.109947,0.497185,,63545700,,
0,1,,0.290703,0.368702,0.340595,,58571500,,
0,2,,0.082104,0.213775,0.704121,,54529600,,
0,2,,0.061154,0.359377,0.579469,,54005100,,
0,2,,0.158941,0.273827,0.567232,,55881200,,
0,2,,0.348992,0.138794,0.512214,,57202800,,
0,2,,0.125267,0.163446,0.711287,,51016600,,
0,2,,0.183302,0.205054,0.611644,,52688900,,
0,2,,0.237536,0.293558,0.468906,,50193100,,
0,1,,0.028901,0.581986,0.389113,,49965000,,
0,2,,0.071235,0.25881,0.669955,,50601400,,
0,2,,0.256259,0.367243,0.376498,,51284700,,
0,2,,0.034681,0.424052,0.541268,,48472200,,
0,2,,0.146407,0.156227,0.697366,,49493300,,
0,2,,0.319415,0.284383,0.396202,,49815200,,
0,2,,0.138818,0.185154,0.676029,,52399000,,
0,1,,0.257818,0.391406,0.350776,,51856800,,
0,0,,0.468208,0.16116,0.370632,,52554900,,
0,0,,0.406088,0.322879,0.271033,,50443500,,
0,1,,0.189766,0.539182,0.271053,,52231900,,
0,2,,0.166743,0.239162,0.594095,,61364500,,
0,1,,0.173037,0.555429,0.271534,,64665700,,
0,2,,0.104582,0.201718,0.6937,,60803700,,
0,2,,0.074956,0.256393,0.668651,,55497700,,
0,2,,0.150751,0.078911,0.770339,,48548200,,
0,2,,0.304962,0.30584,0.389198,,54383900,,
0,2,,0.295255,0.170706,0.534039,,54246800,,
0,2,,0.332149,0.256809,0.411042,,53216500,,
0,2,,0.114891,0.237302,0.647807,,53338600,,
0,2,,0.056656,0.470226,0.473117,,53920700,,
0,2,,0.242454,0.135565,0.621981,,52016300,,
0,2,,0.362713,0.08064,0.556647,,56608500,,
0,2,,0.303712,0.175641,0.520647,,54405000,,
0,2,,0.120998,0.080404,0.798599,,59053900,,
0,2,,0.051931,0.171287,0.776782,,55109600,,
0,2,,0.275306,0.253939,0.470754,,55107300,,
0,2,,0.105467,0.221113,0.67342,,58359300,,
0,2,,0.061493,0.304736,0.633771,,54103600,,
0,1,,0.274346,0.506474,0.21918,,48486100,,
0,2,,0.340926,0.199763,0.459312,,67536900,,
0,1,,0.15732,0.635634,0.207045,,70423900,,
0,1,,0.166458,0.505377,0.328164,,58298900,,
0,2,,0.23418,0.158915,0.606905,,50776700,,
0,1,,0.064467,0.528486,0.407048,,52072600,,
0,1,,0.105563,0.526071,0.368366,,60037700,,
0,2,,0.14297,0.267,0.590031,,50264900,,
0,1,,0.213667,0.454468,0.331865,,62558700,,
0,2,,0.202819,0.347096,0.450085,,58017600,,
0,2,,0.12673,0.251695,0.621575,,54826900,,
0,2,,0.16384,0.23963,0.59653,,59893300,,
0,1,,0.061433,0.600769,0.337798,,63888400,,
0,2,,0.162854,0.162178,0.674968,,59244300,,
0,2,,0.328111,0.136914,0.534975,,56271400,,
0,2,,0.185922,0.239738,0.57434,,54527300,,
0,2,,0.042758,0.069891,0.887351,,57818500,,
0,2,,0.145029,0.191265,0.663706,,52330500,,
0,2,,0.323822,0.285322,0.390856,,51018800,,
0,2,,0.035521,0.236804,0.727675,,52351900,,
0,2,,0.055312,0.178827,0.765861,,49467200,,
0,2,,0.095778,0.162432,0.74179,,51617200,,
0,2,,0.069572,0.155998,0.774429,,51650600,,
0,2,,0.175787,0.388311,0.435902,,56027000,,
0,2,,0.180777,0.386016,0.433207,,56841000,,
0,2,,0.365982,0.218235,0.415783,,63530400,,
0,2,,0.213798,0.110295,0.675907,,56880200,,
0,2,,0.343886,0.299334,0.35678,,64889400,,
0,2,,0.220513,0.210406,0.569081,,54520600,,
0,2,,0.106669,0.326599,0.566732,,62561300,,
0,1,,0.191841,0.539692,0.268467,,60018900,,
0,1,,0.32028,0.361314,0.318406,,51123800,,
0,1,,0.307667,0.369509,0.322824,,53980000,,
0,2,,0.191168,0.283308,0.525524,,53761200,,
0,2,,0.107908,0.117287,0.774805,,51916300,,
0,2,,0.097119,0.183386,0.719495,,57961700,,
0,2,,0.436363,0.121181,0.442456,,53881900,,
0,2,,0.228452,0.370433,0.401115,,56020200,,
