connect-4,CWE,test,4,NANOSECONDS,PREDICTIONS, Generated by ClassifierExperiments.java on 2022-05-16 19:32:42.    SYSTEMPROPERTIES:{user.name:matth,os.arch:amd64,os.name:Windows 10},ENDSYSTEMPROPERTIES
No parameter info
0.7805654233274126,67038255000,607889649500,-1,1210450720,3,,-1,-1
0,2,,0.326029,0.205047,0.468925,,62444100,,
0,2,,0.048961,0.103508,0.847531,,53170100,,
0,2,,0.399231,0.115308,0.485461,,52695700,,
0,2,,0.32342,0.168358,0.508222,,58253100,,
0,2,,0.105542,0.306899,0.587558,,58903700,,
0,2,,0.146271,0.196053,0.657676,,52257500,,
0,0,,0.371055,0.284098,0.344847,,51960500,,
0,1,,0.095655,0.496725,0.407619,,52782700,,
0,2,,0.064574,0.08399,0.851436,,59860900,,
0,2,,0.106172,0.245868,0.64796,,55052800,,
0,2,,0.224726,0.204393,0.570881,,55527300,,
0,1,,0.141681,0.443137,0.415182,,51900800,,
0,2,,0.295229,0.148331,0.55644,,50537400,,
0,2,,0.166118,0.379184,0.454698,,54207300,,
0,2,,0.075732,0.319988,0.60428,,54947500,,
0,2,,0.106654,0.197257,0.696089,,50990500,,
0,2,,0.182341,0.287928,0.529731,,51564300,,
0,2,,0.028619,0.205889,0.765493,,48098900,,
0,2,,0.044616,0.068517,0.886868,,46713900,,
0,2,,0.100888,0.209048,0.690064,,50432600,,
0,1,,0.208032,0.576789,0.215179,,52177500,,
0,2,,0.283651,0.235208,0.481141,,55800000,,
0,0,,0.40823,0.27617,0.3156,,49212000,,
0,2,,0.189943,0.179151,0.630906,,51284800,,
0,2,,0.15944,0.126267,0.714293,,52486800,,
0,2,,0.379595,0.195836,0.424569,,52971300,,
0,2,,0.014979,0.337013,0.648008,,51765100,,
0,1,,0.142009,0.451377,0.406614,,51796500,,
0,2,,0.138322,0.418761,0.442917,,52805700,,
0,1,,0.099118,0.470381,0.430501,,53162100,,
0,1,,0.286719,0.365443,0.347838,,57715000,,
0,2,,0.057742,0.347739,0.594519,,51622000,,
0,1,,0.394546,0.40014,0.205313,,46462400,,
0,2,,0.188238,0.288349,0.523413,,47259300,,
0,2,,0.245484,0.183157,0.571359,,53339900,,
0,1,,0.104897,0.604867,0.290236,,56403100,,
0,1,,0.257787,0.543538,0.198675,,57344300,,
0,2,,0.128424,0.424156,0.447419,,56457400,,
0,2,,0.314779,0.260744,0.424477,,52483200,,
0,1,,0.063867,0.599186,0.336947,,49112300,,
0,2,,0.188526,0.152976,0.658499,,52194100,,
0,2,,0.087578,0.372869,0.539553,,54937300,,
0,1,,0.126826,0.469909,0.403265,,51988900,,
0,2,,0.060832,0.185088,0.75408,,50650500,,
0,2,,0.306085,0.140445,0.55347,,47388200,,
0,2,,0.11321,0.418577,0.468214,,45794400,,
0,0,,0.374725,0.319234,0.306041,,49361000,,
0,2,,0.144934,0.170434,0.684633,,49718500,,
0,1,,0.060181,0.523188,0.416632,,55545400,,
0,1,,0.132496,0.482007,0.385497,,56647100,,
0,2,,0.147042,0.171535,0.681424,,63674800,,
0,1,,0.115717,0.563025,0.321258,,61630600,,
0,1,,0.132228,0.484018,0.383754,,57509900,,
0,2,,0.050599,0.208478,0.740924,,58308300,,
0,0,,0.444698,0.139101,0.416201,,61565800,,
0,2,,0.081232,0.170767,0.748001,,63494700,,
0,2,,0.067543,0.097027,0.83543,,57528100,,
0,2,,0.400492,0.165399,0.434108,,59754500,,
0,2,,0.251931,0.260173,0.487896,,56494200,,
0,0,,0.455803,0.222003,0.322194,,59485400,,
0,2,,0.115628,0.385924,0.498448,,50971400,,
0,2,,0.269261,0.126213,0.604526,,48953800,,
0,2,,0.025891,0.167304,0.806805,,53072200,,
0,2,,0.045865,0.432017,0.522118,,52770800,,
0,2,,0.126866,0.095641,0.777493,,54805100,,
0,2,,0.049926,0.155809,0.794264,,51287200,,
0,2,,0.061751,0.124221,0.814029,,51372100,,
0,2,,0.128835,0.171183,0.699982,,62631300,,
0,2,,0.07636,0.057268,0.866371,,60438500,,
0,2,,0.124544,0.213892,0.661564,,54914900,,
0,2,,0.165785,0.124818,0.709397,,48230600,,
0,1,,0.125421,0.480335,0.394244,,47196200,,
0,1,,0.139107,0.599155,0.261738,,53426100,,
0,2,,0.09759,0.212608,0.689801,,55270200,,
0,1,,0.314203,0.429614,0.256183,,48146500,,
0,2,,0.328956,0.198843,0.472202,,54896900,,
0,2,,0.2911,0.16192,0.546979,,50594400,,
0,0,,0.456921,0.124349,0.41873,,58891500,,
0,1,,0.269933,0.492186,0.237882,,47046900,,
0,2,,0.089873,0.231051,0.679076,,48192700,,
0,2,,0.201805,0.147154,0.651041,,57273800,,
0,2,,0.074771,0.12963,0.7956,,57377200,,
0,2,,0.101655,0.245865,0.65248,,54601300,,
0,1,,0.074459,0.547283,0.378257,,53848900,,
0,2,,0.335104,0.261344,0.403552,,50230200,,
0,2,,0.269504,0.279505,0.450991,,53505500,,
0,2,,0.120995,0.427896,0.451109,,53216600,,
0,0,,0.458528,0.14787,0.393601,,49130800,,
0,1,,0.115795,0.449676,0.434529,,49766300,,
0,2,,0.105196,0.122448,0.772356,,52062600,,
0,2,,0.056717,0.131653,0.811629,,50015800,,
0,2,,0.043013,0.343206,0.613781,,46924400,,
0,2,,0.136856,0.389556,0.473588,,49844600,,
0,2,,0.127666,0.356589,0.515744,,50641700,,
0,2,,0.212719,0.09667,0.69061,,51600500,,
0,1,,0.134744,0.671184,0.194071,,48641300,,
0,2,,0.046092,0.404831,0.549077,,48848200,,
0,2,,0.060979,0.346491,0.59253,,51578000,,
0,1,,0.234839,0.413223,0.351939,,47810700,,
0,1,,0.30884,0.461878,0.229282,,47818900,,
0,2,,0.070622,0.281402,0.647975,,48722400,,
0,1,,0.141168,0.579499,0.279333,,56180900,,
0,2,,0.25733,0.108503,0.634167,,52444100,,
0,2,,0.200325,0.110582,0.689093,,50966200,,
0,0,,0.400358,0.369645,0.229997,,50390600,,
0,2,,0.052278,0.359982,0.587741,,58197300,,
0,2,,0.225254,0.112447,0.662299,,53292200,,
0,1,,0.115062,0.704592,0.180346,,48650800,,
0,2,,0.088785,0.342792,0.568423,,46837000,,
0,2,,0.39425,0.129046,0.476704,,48735700,,
0,2,,0.296484,0.232525,0.470991,,48087900,,
0,2,,0.110192,0.214608,0.6752,,59037800,,
0,2,,0.116826,0.080842,0.802332,,50308900,,
0,2,,0.071161,0.320053,0.608786,,46858000,,
0,1,,0.098454,0.571066,0.33048,,49882700,,
0,2,,0.048226,0.319668,0.632105,,50971700,,
0,2,,0.15118,0.326857,0.521963,,53438700,,
0,2,,0.071202,0.109009,0.81979,,55125600,,
0,2,,0.09731,0.20228,0.70041,,61747500,,
0,1,,0.377514,0.418309,0.204177,,60730900,,
0,2,,0.1899,0.14678,0.66332,,55246500,,
0,2,,0.075895,0.447128,0.476977,,57197900,,
0,2,,0.111962,0.069777,0.818262,,56386700,,
0,2,,0.073279,0.443949,0.482771,,56108800,,
0,2,,0.050778,0.446561,0.502661,,56423100,,
0,2,,0.048054,0.162026,0.78992,,54207700,,
0,0,,0.395184,0.218737,0.386079,,57151400,,
0,2,,0.07024,0.189019,0.740742,,50592900,,
0,0,,0.484546,0.201381,0.314073,,47374300,,
0,2,,0.154665,0.087518,0.757818,,49371100,,
0,1,,0.038284,0.571207,0.390509,,45787100,,
0,2,,0.347126,0.185795,0.467079,,50967800,,
0,2,,0.046536,0.091313,0.862151,,48653400,,
0,2,,0.354978,0.172417,0.472605,,59327300,,
0,2,,0.28348,0.105001,0.611519,,58454400,,
0,2,,0.20489,0.265115,0.529994,,52580800,,
0,1,,0.069666,0.626278,0.304056,,50822400,,
0,2,,0.129438,0.203907,0.666655,,48873400,,
0,2,,0.123677,0.354702,0.521621,,50136300,,
0,2,,0.237711,0.161813,0.600476,,52879900,,
0,1,,0.047619,0.483518,0.468863,,53132300,,
0,2,,0.296113,0.264639,0.439248,,46583800,,
0,2,,0.364311,0.24783,0.387859,,47616500,,
0,2,,0.134363,0.110671,0.754966,,51187600,,
0,1,,0.125972,0.526877,0.347151,,48392100,,
0,2,,0.121461,0.151535,0.727004,,47344200,,
0,1,,0.131524,0.450299,0.418176,,46222100,,
0,2,,0.146044,0.188873,0.665083,,47883000,,
0,2,,0.10522,0.215094,0.679685,,46968000,,
0,2,,0.124357,0.16825,0.707394,,47858900,,
0,2,,0.107871,0.220253,0.671877,,50828600,,
0,2,,0.179741,0.132315,0.687945,,46120600,,
0,2,,0.165201,0.311384,0.523415,,46607500,,
0,2,,0.263318,0.30814,0.428543,,47766700,,
0,2,,0.362523,0.200232,0.437245,,51255100,,
0,2,,0.035638,0.136111,0.828251,,45725900,,
0,2,,0.316442,0.235037,0.448521,,46651000,,
0,2,,0.207252,0.160571,0.632177,,48020700,,
0,2,,0.29916,0.3483,0.35254,,46868900,,
0,2,,0.08422,0.145289,0.770491,,45759700,,
0,2,,0.026038,0.214671,0.759291,,47068500,,
0,1,,0.049035,0.646803,0.304162,,48023700,,
0,2,,0.246428,0.283698,0.469874,,52454200,,
0,2,,0.110723,0.166754,0.722523,,53298300,,
0,2,,0.278694,0.136173,0.585133,,68781300,,
0,0,,0.430429,0.297579,0.271992,,58782100,,
0,2,,0.094827,0.153514,0.751659,,62059400,,
0,2,,0.052964,0.171857,0.77518,,62730500,,
0,2,,0.180341,0.167419,0.65224,,58955400,,
0,2,,0.123326,0.380116,0.496558,,55132300,,
0,2,,0.061179,0.074418,0.864403,,47911500,,
0,0,,0.459066,0.126561,0.414373,,50023300,,
0,2,,0.112568,0.350862,0.53657,,57546600,,
0,2,,0.097371,0.144792,0.757838,,53115100,,
0,0,,0.512485,0.213095,0.27442,,53303700,,
0,1,,0.315789,0.455483,0.228728,,55118200,,
0,1,,0.087315,0.64872,0.263965,,52639400,,
0,0,,0.451401,0.232014,0.316585,,54597300,,
0,2,,0.201992,0.312537,0.485471,,58924700,,
0,2,,0.233377,0.123787,0.642836,,59237800,,
0,2,,0.063396,0.226699,0.709904,,53955900,,
0,1,,0.13452,0.611366,0.254114,,49405400,,
0,2,,0.064803,0.080158,0.855039,,56435600,,
0,2,,0.169522,0.19432,0.636158,,47171700,,
0,2,,0.098302,0.436586,0.465113,,48284300,,
0,2,,0.222581,0.124448,0.652971,,47620700,,
0,2,,0.245483,0.257742,0.496775,,46917200,,
0,2,,0.392199,0.187823,0.419977,,48383200,,
0,2,,0.098592,0.118128,0.783279,,51129100,,
0,2,,0.23603,0.0919,0.67207,,47656800,,
0,2,,0.314689,0.172451,0.51286,,52528700,,
0,2,,0.309287,0.149596,0.541117,,48133100,,
0,1,,0.130114,0.503798,0.366088,,47549000,,
0,2,,0.148548,0.265244,0.586208,,46729000,,
0,2,,0.191006,0.124815,0.684178,,52307500,,
0,0,,0.437915,0.291131,0.270954,,46889100,,
0,2,,0.243266,0.272399,0.484335,,46811000,,
0,2,,0.065607,0.121804,0.812589,,53722800,,
0,2,,0.178208,0.132829,0.688963,,50589100,,
0,2,,0.174531,0.324725,0.500744,,51966200,,
0,2,,0.075554,0.154946,0.7695,,47957700,,
0,2,,0.105119,0.306908,0.587973,,46696000,,
0,2,,0.188261,0.333036,0.478703,,50172700,,
0,2,,0.08607,0.171034,0.742896,,50926800,,
0,2,,0.052313,0.06121,0.886477,,48658500,,
0,1,,0.106991,0.537999,0.355011,,46802400,,
0,2,,0.134386,0.09733,0.768283,,47521600,,
0,2,,0.229313,0.202664,0.568023,,47249800,,
0,2,,0.074363,0.07866,0.846976,,50293000,,
0,2,,0.098931,0.188502,0.712568,,51733900,,
0,2,,0.23522,0.381193,0.383587,,46261900,,
0,2,,0.344074,0.114273,0.541653,,54664600,,
0,2,,0.045922,0.178887,0.77519,,48446200,,
0,0,,0.441921,0.135689,0.422389,,49478200,,
0,2,,0.134561,0.262868,0.602571,,56364400,,
0,2,,0.269596,0.265313,0.465091,,48909300,,
0,1,,0.04041,0.73366,0.22593,,48314100,,
0,2,,0.101414,0.124551,0.774035,,52219900,,
0,0,,0.395319,0.30563,0.299051,,47715100,,
0,2,,0.236446,0.217137,0.546417,,47949700,,
0,2,,0.252548,0.101947,0.645505,,56302600,,
0,1,,0.117767,0.602788,0.279445,,46254200,,
0,2,,0.063639,0.335125,0.601236,,48679300,,
0,0,,0.491835,0.165424,0.342741,,61859100,,
0,2,,0.100996,0.162112,0.736892,,46590100,,
0,2,,0.212844,0.259463,0.527693,,50789000,,
0,2,,0.153889,0.130464,0.715647,,55478600,,
0,2,,0.296285,0.134737,0.568979,,54337800,,
0,2,,0.104333,0.406272,0.489395,,54979600,,
0,2,,0.083083,0.082442,0.834474,,54688500,,
0,2,,0.274469,0.188239,0.537292,,60152600,,
0,2,,0.094054,0.340051,0.565896,,55590500,,
0,2,,0.13435,0.160665,0.704985,,52346400,,
0,0,,0.422914,0.245615,0.331471,,50920600,,
0,2,,0.287271,0.302568,0.410161,,51928800,,
0,2,,0.371129,0.197645,0.431226,,60117200,,
0,2,,0.107192,0.217854,0.674954,,51147300,,
0,0,,0.456684,0.317147,0.226168,,56372200,,
0,2,,0.161259,0.149282,0.68946,,63689700,,
0,2,,0.224899,0.197497,0.577604,,59236700,,
0,0,,0.458249,0.21478,0.32697,,54458500,,
0,2,,0.143349,0.269666,0.586985,,53918100,,
0,0,,0.476325,0.218851,0.304824,,59528200,,
0,1,,0.127467,0.506765,0.365767,,61571600,,
0,2,,0.156681,0.399619,0.443699,,55783200,,
0,1,,0.189293,0.424955,0.385751,,46700600,,
0,2,,0.05999,0.176329,0.763681,,53147400,,
0,2,,0.405982,0.175926,0.418092,,50389800,,
0,2,,0.084088,0.33135,0.584563,,48757200,,
0,0,,0.398408,0.209657,0.391936,,46886000,,
0,2,,0.166817,0.288332,0.544851,,47158700,,
0,2,,0.378818,0.165282,0.4559,,47952000,,
0,1,,0.321848,0.435189,0.242963,,47876200,,
0,2,,0.156334,0.345161,0.498505,,48056900,,
0,2,,0.241622,0.243465,0.514913,,49862500,,
0,2,,0.117983,0.222196,0.659821,,48084900,,
0,2,,0.122818,0.216127,0.661055,,56484400,,
0,2,,0.244545,0.290459,0.464995,,46323400,,
0,2,,0.262281,0.273742,0.463977,,55910400,,
0,2,,0.108425,0.123042,0.768533,,60172800,,
0,2,,0.096773,0.176334,0.726893,,59995600,,
0,2,,0.340433,0.209022,0.450546,,56816900,,
0,1,,0.099999,0.454021,0.445981,,59349100,,
0,2,,0.052748,0.195162,0.75209,,63974600,,
0,2,,0.378129,0.235937,0.385934,,51141400,,
0,1,,0.07817,0.473109,0.448721,,48977200,,
0,2,,0.16297,0.202003,0.635027,,48896200,,
0,2,,0.191928,0.220971,0.5871,,56410300,,
0,2,,0.180907,0.282276,0.536817,,58861200,,
0,2,,0.195564,0.116898,0.687539,,61967100,,
0,2,,0.198354,0.246837,0.554809,,63306500,,
0,2,,0.22799,0.359689,0.412321,,62907900,,
0,2,,0.193377,0.190453,0.61617,,59798900,,
0,2,,0.356722,0.207537,0.435741,,59978400,,
0,2,,0.269871,0.213677,0.516452,,63051200,,
0,2,,0.199041,0.337661,0.463298,,65669200,,
0,2,,0.06158,0.318417,0.620004,,64509100,,
0,2,,0.084444,0.195856,0.7197,,59736200,,
0,1,,0.225563,0.444698,0.329739,,65533600,,
0,0,,0.52289,0.176666,0.300444,,75393000,,
0,2,,0.187294,0.37953,0.433176,,65674100,,
0,0,,0.517139,0.150235,0.332626,,53511100,,
0,2,,0.091282,0.210165,0.698553,,60653400,,
0,2,,0.272588,0.174043,0.553369,,58844100,,
0,2,,0.256557,0.186247,0.557195,,56735300,,
0,2,,0.29958,0.16269,0.53773,,57334800,,
0,2,,0.095227,0.111993,0.79278,,53045100,,
0,0,,0.356776,0.329669,0.313555,,47702700,,
0,2,,0.041699,0.308926,0.649375,,58686200,,
0,2,,0.045867,0.09965,0.854483,,59434600,,
0,2,,0.101839,0.204131,0.69403,,54628100,,
0,2,,0.062524,0.090404,0.847071,,54933700,,
0,2,,0.12175,0.187975,0.690275,,59396500,,
0,1,,0.319429,0.442342,0.238229,,52724300,,
0,2,,0.267933,0.350877,0.38119,,52080500,,
0,1,,0.031109,0.52238,0.44651,,53735600,,
0,2,,0.205363,0.217798,0.576839,,56390600,,
0,2,,0.111957,0.247071,0.640971,,56790800,,
0,2,,0.096763,0.400556,0.502681,,53470500,,
0,2,,0.330423,0.140985,0.528592,,48485800,,
0,2,,0.188303,0.337377,0.47432,,47784100,,
0,2,,0.097389,0.282035,0.620576,,53491200,,
0,2,,0.136015,0.285588,0.578397,,50464500,,
0,2,,0.139989,0.398019,0.461992,,51876500,,
0,2,,0.058869,0.06444,0.876691,,52588600,,
0,1,,0.128094,0.592514,0.279392,,48748800,,
0,1,,0.112994,0.634701,0.252305,,55573800,,
0,2,,0.018213,0.09559,0.886197,,52939500,,
0,2,,0.32673,0.191249,0.482021,,48900800,,
0,2,,0.288008,0.220928,0.491064,,46964100,,
0,2,,0.135369,0.249154,0.615476,,47476900,,
0,2,,0.054028,0.185336,0.760636,,49099900,,
0,2,,0.186815,0.123138,0.690047,,56813900,,
0,2,,0.351571,0.172476,0.475954,,56683000,,
0,1,,0.148534,0.528435,0.323031,,56221000,,
0,2,,0.113757,0.298563,0.58768,,52029700,,
0,2,,0.137924,0.408752,0.453323,,48832900,,
0,2,,0.165425,0.144837,0.689738,,63258800,,
0,1,,0.08998,0.557763,0.352257,,47581100,,
0,1,,0.25113,0.376427,0.372443,,47846600,,
0,1,,0.212985,0.566777,0.220238,,51194100,,
0,2,,0.209753,0.134806,0.655441,,59859200,,
0,2,,0.024328,0.385817,0.589855,,47882300,,
0,2,,0.201621,0.108334,0.690045,,52927800,,
0,2,,0.069887,0.353525,0.576588,,55133300,,
0,2,,0.096142,0.144615,0.759244,,55632600,,
0,2,,0.088127,0.245709,0.666164,,55663600,,
0,2,,0.031822,0.249267,0.718911,,55822400,,
0,1,,0.036585,0.594686,0.368729,,59400700,,
0,1,,0.119977,0.467924,0.412099,,54291700,,
0,0,,0.497227,0.196327,0.306446,,49480700,,
0,1,,0.094938,0.489277,0.415785,,50677600,,
0,1,,0.142892,0.49223,0.364878,,55225000,,
0,1,,0.049357,0.654124,0.296519,,47965600,,
0,2,,0.041796,0.351491,0.606713,,51829300,,
0,1,,0.121577,0.588813,0.28961,,58168100,,
0,2,,0.150251,0.243975,0.605775,,61593600,,
0,1,,0.058881,0.526016,0.415103,,57693000,,
0,0,,0.422257,0.212081,0.365662,,56127000,,
0,2,,0.093812,0.142734,0.763454,,61127800,,
0,2,,0.066905,0.233035,0.70006,,56745200,,
0,2,,0.142145,0.092291,0.765564,,53427100,,
0,2,,0.112848,0.249544,0.637608,,50911800,,
0,1,,0.10714,0.646728,0.246132,,57795000,,
0,1,,0.115267,0.494803,0.38993,,58939600,,
0,2,,0.161878,0.415239,0.422883,,52833500,,
0,2,,0.158369,0.304302,0.537329,,59659200,,
0,2,,0.29312,0.125755,0.581125,,52333200,,
0,1,,0.05291,0.486482,0.460607,,49491900,,
0,2,,0.162898,0.359647,0.477456,,55101300,,
0,2,,0.168161,0.40976,0.42208,,50551400,,
0,2,,0.184416,0.096597,0.718987,,50561300,,
0,1,,0.255481,0.377083,0.367436,,50511800,,
0,2,,0.257863,0.278503,0.463634,,50905900,,
0,1,,0.073278,0.597394,0.329328,,51635800,,
0,1,,0.105304,0.480893,0.413803,,50927600,,
0,0,,0.437801,0.152268,0.409931,,46813400,,
0,2,,0.219401,0.285601,0.494998,,49848500,,
0,2,,0.118071,0.274082,0.607847,,55603600,,
0,1,,0.073502,0.483461,0.443037,,47953700,,
0,2,,0.046424,0.231468,0.722107,,47926000,,
0,1,,0.28074,0.388541,0.330718,,47592800,,
0,2,,0.176971,0.359337,0.463692,,54794500,,
0,2,,0.095574,0.178095,0.726331,,48733600,,
0,2,,0.086682,0.377761,0.535558,,47026200,,
0,2,,0.206601,0.109575,0.683824,,53225800,,
0,1,,0.02383,0.565758,0.410412,,54408200,,
0,2,,0.326224,0.204818,0.468957,,51509800,,
0,2,,0.127275,0.084131,0.788594,,47285400,,
0,2,,0.116901,0.242667,0.640432,,50577800,,
0,1,,0.178394,0.470799,0.350807,,50696600,,
0,1,,0.202718,0.492482,0.304799,,58679800,,
0,2,,0.283009,0.268288,0.448703,,81773300,,
0,2,,0.072972,0.320678,0.60635,,86788700,,
0,2,,0.321357,0.298692,0.379951,,58105000,,
0,1,,0.182798,0.504752,0.31245,,50784600,,
0,2,,0.089912,0.136462,0.773626,,51600500,,
0,2,,0.323878,0.120408,0.555714,,47812200,,
0,2,,0.132172,0.359507,0.508321,,51090900,,
0,2,,0.311908,0.188524,0.499568,,57302200,,
0,2,,0.275226,0.155287,0.569487,,54515800,,
0,2,,0.202527,0.254318,0.543155,,53806400,,
0,2,,0.111022,0.092856,0.796122,,52934600,,
0,2,,0.077889,0.09664,0.825472,,54904700,,
0,2,,0.059921,0.083475,0.856604,,59225000,,
0,1,,0.086654,0.507513,0.405833,,56292100,,
0,2,,0.080837,0.141826,0.777336,,56642100,,
0,2,,0.083868,0.063374,0.852758,,58588900,,
0,2,,0.039931,0.477071,0.482999,,53581100,,
0,2,,0.049818,0.07501,0.875172,,57522800,,
0,2,,0.241762,0.327293,0.430945,,58558200,,
0,2,,0.154268,0.284907,0.560825,,59551100,,
0,2,,0.288833,0.257555,0.453612,,62778800,,
0,1,,0.040934,0.570399,0.388667,,56988800,,
0,2,,0.121809,0.431311,0.44688,,49409100,,
0,2,,0.259244,0.237667,0.503089,,51019700,,
0,2,,0.26546,0.10841,0.62613,,48863300,,
0,2,,0.087642,0.149832,0.762526,,55036100,,
0,1,,0.089889,0.723947,0.186163,,53181300,,
0,2,,0.060157,0.137166,0.802676,,54304200,,
0,2,,0.079374,0.350664,0.569961,,59760200,,
0,2,,0.409389,0.105051,0.485559,,50139100,,
0,2,,0.245661,0.209979,0.54436,,52071300,,
0,2,,0.099578,0.409848,0.490574,,58161000,,
0,2,,0.086943,0.106207,0.80685,,54939500,,
0,2,,0.082065,0.377855,0.54008,,62630400,,
0,2,,0.024411,0.303048,0.672542,,56354200,,
0,0,,0.47985,0.144854,0.375296,,55063400,,
0,2,,0.213514,0.173562,0.612924,,55082000,,
0,2,,0.224072,0.115036,0.660893,,53410100,,
0,2,,0.211018,0.207435,0.581546,,54506200,,
0,2,,0.094124,0.434579,0.471297,,50478000,,
0,2,,0.293113,0.222498,0.484389,,47037900,,
0,2,,0.082469,0.275686,0.641845,,53461700,,
0,2,,0.112151,0.233967,0.653882,,56412800,,
0,2,,0.273406,0.274429,0.452166,,55200800,,
0,2,,0.029313,0.111914,0.858774,,60363700,,
0,2,,0.073531,0.290399,0.63607,,56126000,,
0,1,,0.311078,0.467661,0.221261,,58910000,,
0,2,,0.157222,0.08014,0.762637,,57762000,,
0,1,,0.268447,0.429008,0.302545,,55219400,,
0,2,,0.043854,0.453895,0.502251,,56678900,,
0,1,,0.182606,0.484008,0.333387,,53425500,,
0,0,,0.389644,0.278578,0.331778,,54451200,,
0,1,,0.072138,0.492699,0.435162,,53019400,,
0,2,,0.165406,0.335428,0.499166,,54738700,,
0,2,,0.220913,0.333395,0.445692,,58131600,,
0,2,,0.287914,0.192021,0.520064,,52442700,,
0,2,,0.265434,0.267082,0.467485,,52306600,,
0,2,,0.042817,0.064266,0.892917,,58287100,,
0,2,,0.113061,0.240594,0.646345,,61855900,,
0,1,,0.051528,0.666057,0.282415,,56633100,,
0,2,,0.032996,0.187227,0.779777,,54962800,,
0,2,,0.052755,0.130661,0.816584,,55285400,,
0,2,,0.149268,0.263563,0.587169,,54657600,,
0,1,,0.228874,0.505523,0.265603,,71880100,,
0,2,,0.211422,0.101434,0.687145,,58709300,,
0,2,,0.275022,0.174244,0.550734,,62127900,,
0,2,,0.222004,0.133921,0.644075,,60461000,,
0,2,,0.089582,0.062084,0.848334,,56237900,,
0,2,,0.075672,0.253836,0.670492,,58507900,,
0,2,,0.186486,0.132486,0.681028,,64097000,,
0,2,,0.135398,0.22061,0.643992,,56451200,,
0,2,,0.087634,0.352574,0.559792,,58609100,,
0,2,,0.170506,0.3843,0.445194,,69341600,,
0,0,,0.502931,0.216375,0.280694,,64301200,,
0,2,,0.124192,0.264023,0.611786,,58333600,,
0,1,,0.324045,0.377954,0.298001,,65627500,,
0,1,,0.063386,0.530748,0.405866,,53735100,,
0,1,,0.148383,0.458206,0.393411,,52192900,,
0,1,,0.294145,0.376601,0.329253,,53066800,,
0,1,,0.254982,0.412583,0.332434,,52127000,,
0,1,,0.035567,0.757991,0.206442,,51636300,,
0,2,,0.130837,0.132998,0.736164,,48420000,,
0,0,,0.534667,0.178979,0.286354,,53237700,,
0,2,,0.306774,0.156261,0.536964,,51456200,,
0,0,,0.387784,0.316923,0.295293,,51283800,,
0,2,,0.066044,0.148873,0.785083,,50821600,,
0,1,,0.145206,0.457414,0.39738,,63927900,,
0,2,,0.196232,0.227457,0.576312,,52970100,,
0,2,,0.05829,0.081233,0.860477,,48763400,,
0,1,,0.04959,0.64407,0.30634,,53653700,,
0,2,,0.10176,0.159184,0.739056,,58589700,,
0,2,,0.188932,0.156288,0.65478,,48915900,,
0,2,,0.270444,0.254829,0.474727,,51520600,,
0,2,,0.317087,0.223424,0.459488,,58457000,,
0,2,,0.092039,0.219362,0.688599,,52244300,,
0,1,,0.217996,0.477286,0.304717,,51404100,,
0,1,,0.052459,0.663468,0.284073,,60478600,,
0,2,,0.067187,0.29389,0.638923,,55227800,,
0,1,,0.268,0.499803,0.232197,,50506800,,
0,1,,0.059667,0.561109,0.379225,,52889700,,
0,1,,0.255044,0.408431,0.336525,,50005100,,
0,2,,0.057025,0.077896,0.865079,,48900500,,
0,2,,0.135091,0.099189,0.76572,,58544200,,
0,2,,0.255037,0.326821,0.418142,,51491000,,
0,0,,0.450692,0.193875,0.355433,,55505900,,
0,2,,0.076667,0.365184,0.558149,,58041900,,
0,1,,0.325674,0.342405,0.331922,,55083400,,
0,2,,0.069147,0.301835,0.629018,,51778600,,
0,1,,0.06158,0.483417,0.455004,,52312300,,
0,2,,0.22854,0.210237,0.561223,,54073100,,
0,2,,0.277164,0.207126,0.515709,,53593000,,
0,0,,0.447398,0.162969,0.389633,,51739900,,
0,2,,0.194869,0.255325,0.549806,,54411500,,
0,1,,0.217041,0.408603,0.374356,,51012800,,
0,2,,0.039118,0.141187,0.819695,,50228500,,
0,2,,0.064504,0.165786,0.76971,,50218900,,
0,2,,0.136994,0.073217,0.789789,,51753100,,
0,2,,0.172367,0.21955,0.608083,,52109000,,
0,1,,0.327121,0.359429,0.31345,,58731300,,
0,0,,0.442619,0.129804,0.427577,,52694800,,
0,2,,0.355017,0.153835,0.491148,,48875300,,
0,1,,0.075601,0.477329,0.44707,,58629000,,
0,2,,0.146444,0.076581,0.776974,,51367700,,
0,2,,0.146421,0.30018,0.553399,,63182000,,
0,1,,0.159762,0.547566,0.292672,,50229700,,
0,2,,0.215965,0.362763,0.421272,,47070900,,
0,2,,0.079186,0.166949,0.753865,,53102000,,
0,2,,0.39528,0.093631,0.511089,,47496200,,
0,1,,0.119977,0.460232,0.419791,,50269300,,
0,2,,0.070109,0.36302,0.566872,,47402300,,
0,2,,0.029165,0.123007,0.847828,,65860100,,
0,0,,0.442437,0.172289,0.385274,,61227500,,
0,1,,0.163583,0.572353,0.264064,,55450600,,
0,1,,0.073949,0.466931,0.45912,,57364700,,
0,2,,0.298946,0.26453,0.436524,,51793800,,
0,2,,0.098832,0.429167,0.472001,,51626100,,
0,1,,0.050963,0.566367,0.38267,,52200200,,
0,2,,0.398558,0.143533,0.457909,,52667300,,
0,2,,0.107977,0.443296,0.448728,,52116600,,
0,2,,0.264961,0.245935,0.489104,,53615900,,
0,1,,0.084019,0.599772,0.316209,,54173600,,
0,1,,0.087799,0.496263,0.415938,,54902400,,
0,0,,0.459252,0.187457,0.353291,,60884100,,
0,2,,0.06466,0.206529,0.728812,,68103300,,
0,2,,0.192179,0.248827,0.558994,,61451200,,
0,2,,0.051596,0.248371,0.700033,,56834700,,
0,2,,0.255029,0.27395,0.471021,,57727700,,
0,0,,0.446195,0.210577,0.343229,,57945000,,
0,2,,0.30482,0.092358,0.602822,,58910800,,
0,1,,0.110601,0.516822,0.372577,,56961100,,
0,2,,0.258427,0.128928,0.612645,,56797200,,
0,2,,0.014949,0.21744,0.767611,,55548500,,
0,2,,0.112128,0.097406,0.790466,,58319800,,
0,1,,0.351564,0.375353,0.273083,,52353900,,
0,2,,0.061874,0.088887,0.849238,,48196800,,
0,2,,0.046246,0.264496,0.689257,,49508400,,
0,2,,0.207586,0.314906,0.477508,,56797700,,
0,2,,0.054954,0.141539,0.803507,,57729000,,
0,2,,0.134463,0.078871,0.786665,,56452400,,
0,2,,0.121224,0.20716,0.671616,,58422800,,
0,1,,0.361587,0.403092,0.235321,,50037100,,
0,2,,0.107114,0.112102,0.780784,,50669000,,
0,2,,0.177555,0.248306,0.574138,,55062900,,
0,2,,0.306813,0.082983,0.610204,,57978000,,
0,2,,0.134975,0.28531,0.579715,,56292400,,
0,0,,0.467209,0.147222,0.385569,,55211000,,
0,2,,0.043952,0.443286,0.512762,,55707800,,
0,2,,0.235209,0.333238,0.431554,,54391000,,
0,0,,0.445971,0.277159,0.27687,,54660700,,
0,0,,0.418512,0.316097,0.265392,,55652400,,
0,2,,0.161214,0.336218,0.502568,,59165500,,
0,2,,0.112767,0.117346,0.769887,,58007300,,
0,1,,0.227309,0.420658,0.352034,,60515000,,
0,1,,0.116761,0.524322,0.358917,,58794000,,
0,2,,0.036831,0.199921,0.763248,,60663100,,
0,2,,0.090915,0.11981,0.789276,,61841500,,
0,2,,0.342898,0.220969,0.436133,,58336000,,
0,2,,0.213595,0.337024,0.449382,,57535400,,
0,2,,0.152449,0.370107,0.477445,,55462300,,
0,2,,0.134853,0.299812,0.565336,,55368600,,
0,1,,0.100151,0.461099,0.43875,,57147000,,
0,2,,0.107295,0.217768,0.674938,,57512600,,
0,0,,0.558794,0.195912,0.245294,,65957600,,
0,2,,0.24095,0.257969,0.501081,,61007200,,
0,2,,0.04794,0.229911,0.722148,,61257600,,
0,1,,0.117267,0.475805,0.406928,,53105500,,
0,2,,0.156857,0.148933,0.694211,,55584300,,
0,2,,0.062023,0.076517,0.86146,,52160300,,
0,2,,0.077037,0.376774,0.546189,,51810700,,
0,2,,0.080594,0.183605,0.7358,,62138600,,
0,0,,0.380981,0.332884,0.286135,,52998800,,
0,0,,0.346101,0.328476,0.325422,,52907500,,
0,2,,0.117182,0.249367,0.633452,,47840000,,
0,2,,0.088427,0.403183,0.50839,,49785200,,
0,2,,0.362133,0.194165,0.443702,,47752100,,
0,2,,0.329959,0.330478,0.339563,,54672900,,
0,2,,0.096106,0.093655,0.810239,,50730700,,
0,2,,0.03876,0.152329,0.808911,,47686400,,
0,2,,0.206485,0.087127,0.706387,,47807900,,
0,2,,0.14383,0.347951,0.508218,,59610700,,
0,2,,0.027394,0.232612,0.739994,,47981500,,
0,1,,0.134775,0.528693,0.336531,,59991200,,
0,2,,0.14254,0.140365,0.717095,,47910600,,
0,2,,0.077606,0.348263,0.574131,,47050200,,
0,2,,0.299879,0.065995,0.634126,,47729800,,
0,0,,0.368293,0.339307,0.2924,,54735200,,
0,1,,0.17981,0.564119,0.25607,,52534000,,
0,2,,0.347468,0.284045,0.368487,,53284900,,
0,2,,0.068913,0.182761,0.748326,,61738100,,
0,2,,0.132409,0.165346,0.702245,,54961800,,
0,2,,0.09798,0.088497,0.813524,,59026400,,
0,2,,0.162499,0.133244,0.704257,,54940100,,
0,1,,0.066713,0.627586,0.305702,,55806100,,
0,1,,0.311658,0.409242,0.279101,,55958800,,
0,1,,0.308964,0.487755,0.203281,,56451900,,
0,2,,0.122599,0.256266,0.621135,,56601000,,
0,2,,0.32835,0.23986,0.43179,,54157200,,
0,2,,0.272364,0.147659,0.579977,,58726000,,
0,2,,0.079741,0.131977,0.788282,,53315200,,
0,2,,0.094871,0.391765,0.513364,,52823400,,
0,2,,0.181271,0.097462,0.721267,,47859700,,
0,2,,0.163127,0.100924,0.735949,,54662200,,
0,2,,0.324481,0.188798,0.486721,,57438600,,
0,2,,0.159762,0.377472,0.462766,,53165200,,
0,2,,0.148958,0.176939,0.674103,,57015700,,
0,2,,0.154766,0.115262,0.729973,,49328300,,
0,2,,0.172567,0.182004,0.645428,,49387500,,
0,1,,0.200962,0.563273,0.235764,,54007600,,
0,1,,0.064519,0.495073,0.440409,,50848000,,
0,1,,0.196256,0.518214,0.28553,,57011700,,
0,2,,0.208401,0.375386,0.416213,,49774500,,
0,0,,0.462457,0.138785,0.398758,,49484000,,
0,0,,0.347998,0.312289,0.339713,,49981100,,
0,2,,0.075351,0.18583,0.738819,,53384200,,
0,2,,0.057141,0.075734,0.867124,,60138200,,
0,2,,0.242435,0.357656,0.399909,,51104100,,
0,2,,0.090577,0.242461,0.666961,,62220200,,
0,1,,0.063769,0.629734,0.306497,,56057400,,
0,2,,0.212896,0.177721,0.609383,,67168300,,
0,2,,0.076001,0.291395,0.632604,,57089000,,
0,1,,0.234489,0.438753,0.326758,,57926800,,
0,2,,0.24368,0.343346,0.412973,,57290400,,
0,2,,0.102054,0.256673,0.641273,,56090300,,
0,2,,0.062662,0.143729,0.793609,,54347200,,
0,2,,0.05728,0.174505,0.768216,,51112400,,
0,2,,0.138756,0.321228,0.540016,,48029000,,
0,2,,0.109993,0.119684,0.770323,,48142000,,
0,2,,0.101519,0.161444,0.737036,,47933300,,
0,2,,0.123384,0.348001,0.528615,,55623200,,
0,2,,0.151339,0.387409,0.461252,,54420000,,
0,2,,0.097175,0.084132,0.818693,,49896000,,
0,2,,0.161762,0.179154,0.659083,,62429200,,
0,2,,0.092829,0.412178,0.494993,,48963400,,
0,2,,0.103021,0.380765,0.516214,,50497400,,
0,2,,0.036518,0.228535,0.734947,,57901400,,
0,0,,0.418103,0.211052,0.370845,,49227000,,
0,2,,0.404669,0.16429,0.431041,,55379300,,
0,1,,0.039665,0.600514,0.359821,,49210600,,
0,0,,0.569435,0.184721,0.245844,,47849900,,
0,2,,0.169697,0.122823,0.70748,,48700200,,
0,2,,0.181499,0.119604,0.698897,,46979900,,
0,1,,0.179559,0.499772,0.320668,,48720500,,
0,2,,0.040056,0.336045,0.623899,,50399300,,
0,2,,0.352614,0.2252,0.422185,,49344600,,
0,0,,0.452645,0.243084,0.304271,,50525100,,
0,1,,0.070159,0.596436,0.333405,,49299000,,
0,2,,0.301463,0.14804,0.550497,,60268600,,
0,2,,0.062633,0.105777,0.831589,,51793900,,
0,2,,0.054731,0.227942,0.717327,,49567900,,
0,2,,0.167958,0.398694,0.433347,,51637400,,
0,1,,0.131341,0.617889,0.250769,,51059000,,
0,1,,0.058046,0.562226,0.379727,,53026600,,
0,0,,0.464871,0.155775,0.379354,,47815600,,
0,2,,0.15461,0.127488,0.717902,,50375600,,
0,2,,0.122419,0.201287,0.676294,,49223300,,
0,2,,0.058854,0.354506,0.58664,,48541200,,
0,2,,0.181767,0.140648,0.677585,,57033000,,
0,1,,0.22164,0.430448,0.347912,,53341600,,
0,2,,0.113318,0.3986,0.488082,,54113000,,
0,2,,0.208499,0.152922,0.638578,,48473300,,
0,2,,0.110838,0.179021,0.710141,,59520600,,
0,2,,0.109468,0.261645,0.628887,,60033900,,
0,1,,0.24366,0.384219,0.372121,,61479200,,
0,2,,0.202812,0.294184,0.503004,,56807800,,
0,2,,0.071557,0.171058,0.757385,,64993100,,
0,1,,0.136099,0.445302,0.418599,,59399800,,
0,2,,0.061324,0.175033,0.763643,,55519600,,
0,2,,0.404481,0.102423,0.493096,,55038500,,
0,2,,0.259809,0.340815,0.399376,,58523900,,
0,2,,0.08144,0.092814,0.825746,,58010700,,
0,1,,0.083104,0.569738,0.347159,,54029000,,
0,0,,0.416953,0.203098,0.379949,,52520000,,
0,1,,0.33068,0.365847,0.303472,,58482000,,
0,1,,0.160733,0.451484,0.387783,,65057700,,
0,2,,0.20626,0.094112,0.699628,,49551200,,
0,2,,0.063687,0.267338,0.668974,,66378600,,
0,2,,0.119153,0.23147,0.649377,,67008600,,
0,2,,0.07097,0.331737,0.597293,,74981600,,
0,2,,0.082893,0.364356,0.552751,,56517500,,
0,1,,0.282065,0.439046,0.278889,,63399000,,
0,2,,0.137308,0.162162,0.70053,,56371200,,
0,1,,0.084017,0.468555,0.447428,,55113100,,
0,0,,0.397305,0.319636,0.283058,,60609700,,
0,2,,0.054914,0.27525,0.669835,,59721000,,
0,2,,0.070736,0.237892,0.691372,,46878300,,
0,2,,0.192313,0.152922,0.654765,,50899500,,
0,2,,0.115807,0.155703,0.728491,,52126500,,
0,1,,0.19714,0.462598,0.340262,,48902100,,
0,1,,0.08548,0.48732,0.4272,,56082500,,
0,2,,0.062056,0.220725,0.717219,,54710700,,
0,2,,0.068273,0.109675,0.822052,,58015900,,
0,0,,0.574667,0.123424,0.301909,,61849000,,
0,2,,0.047767,0.221554,0.730679,,57440900,,
0,2,,0.269867,0.279219,0.450914,,52837200,,
0,0,,0.546525,0.111857,0.341618,,52947100,,
0,2,,0.164995,0.137582,0.697424,,50167100,,
0,2,,0.394971,0.197205,0.407824,,47806900,,
0,0,,0.46865,0.218148,0.313202,,47650300,,
0,2,,0.238386,0.341772,0.419842,,49301100,,
0,2,,0.085472,0.099,0.815528,,47585900,,
0,1,,0.061269,0.469928,0.468803,,60573000,,
0,1,,0.348461,0.459178,0.19236,,47556900,,
0,0,,0.445708,0.192556,0.361736,,51546100,,
0,2,,0.290792,0.30829,0.400919,,46356700,,
0,2,,0.07225,0.337607,0.590143,,50506000,,
0,2,,0.075245,0.402986,0.521769,,46914100,,
0,2,,0.123963,0.15237,0.723667,,45831700,,
0,2,,0.154732,0.216321,0.628946,,52473400,,
0,1,,0.07962,0.607809,0.312571,,56649500,,
0,2,,0.160496,0.207075,0.632428,,52851400,,
0,2,,0.105008,0.057015,0.837976,,57562500,,
0,1,,0.18978,0.451103,0.359117,,52213800,,
0,2,,0.202553,0.37711,0.420337,,57070200,,
0,0,,0.429097,0.263115,0.307787,,52510800,,
0,2,,0.06802,0.457714,0.474266,,52288400,,
0,2,,0.276519,0.328808,0.394673,,48946300,,
0,2,,0.07945,0.102085,0.818465,,50875800,,
0,2,,0.351209,0.160637,0.488154,,63231000,,
0,1,,0.19396,0.438417,0.367623,,49500100,,
0,1,,0.141879,0.448275,0.409847,,62691000,,
0,2,,0.128796,0.191462,0.679742,,47950000,,
0,0,,0.357371,0.316458,0.326171,,46411400,,
0,2,,0.16668,0.120707,0.712613,,48465400,,
0,1,,0.24031,0.410972,0.348718,,47330100,,
0,1,,0.202571,0.421767,0.375662,,47811500,,
0,2,,0.055081,0.168204,0.776715,,47465300,,
0,1,,0.036935,0.776254,0.18681,,52299600,,
0,2,,0.133029,0.199432,0.667539,,55290400,,
0,2,,0.053677,0.141351,0.804973,,47902500,,
0,1,,0.067214,0.503847,0.428939,,49316900,,
0,1,,0.249948,0.45786,0.292192,,51813200,,
0,2,,0.22393,0.216815,0.559255,,56540300,,
0,2,,0.351821,0.264653,0.383526,,54179400,,
0,2,,0.097139,0.393017,0.509844,,55694700,,
0,2,,0.043771,0.121369,0.83486,,55627400,,
0,0,,0.385221,0.268652,0.346127,,62082900,,
0,2,,0.1426,0.302022,0.555379,,59486500,,
0,1,,0.146124,0.570619,0.283256,,60218400,,
0,2,,0.059981,0.083456,0.856563,,57987700,,
0,2,,0.015953,0.062282,0.921764,,57115500,,
0,0,,0.508126,0.171289,0.320584,,55631500,,
0,2,,0.359571,0.262954,0.377474,,62175900,,
0,1,,0.121058,0.480234,0.398708,,47858600,,
0,2,,0.075666,0.259933,0.664401,,46044000,,
0,2,,0.088062,0.219238,0.6927,,47702500,,
0,1,,0.131831,0.459737,0.408432,,54164300,,
0,2,,0.114267,0.345157,0.540577,,50555400,,
0,2,,0.357479,0.223204,0.419317,,50505900,,
0,2,,0.042571,0.108972,0.848457,,55297800,,
0,2,,0.082672,0.236177,0.68115,,59139900,,
0,1,,0.098432,0.553599,0.347969,,53168000,,
0,2,,0.268196,0.183384,0.54842,,53552000,,
0,2,,0.08424,0.087116,0.828644,,55754000,,
0,2,,0.267715,0.163515,0.568771,,52019700,,
0,2,,0.424423,0.127442,0.448136,,56126700,,
0,2,,0.244766,0.308283,0.446951,,51316200,,
0,2,,0.40313,0.122728,0.474142,,54057500,,
0,2,,0.189195,0.153744,0.657061,,53691500,,
0,2,,0.109094,0.157179,0.733727,,47945400,,
0,1,,0.123761,0.51554,0.360699,,49449900,,
0,2,,0.079335,0.122559,0.798106,,58097600,,
0,2,,0.053227,0.097456,0.849317,,54534000,,
0,2,,0.228571,0.153828,0.617601,,59817400,,
0,0,,0.414508,0.207768,0.377724,,50594700,,
0,2,,0.156846,0.164541,0.678613,,52122600,,
0,2,,0.084516,0.052249,0.863235,,53824500,,
0,1,,0.127271,0.560152,0.312578,,59095400,,
0,1,,0.060586,0.531404,0.40801,,54051300,,
0,2,,0.375158,0.154296,0.470546,,52549400,,
0,2,,0.052696,0.24514,0.702164,,53224000,,
0,2,,0.421382,0.09578,0.482837,,57822600,,
0,2,,0.156506,0.155711,0.687783,,55787700,,
0,2,,0.223552,0.128513,0.647936,,60974800,,
0,2,,0.183249,0.121447,0.695304,,58181600,,
0,1,,0.078913,0.641756,0.279331,,54744800,,
0,2,,0.158888,0.158048,0.683064,,59307800,,
0,1,,0.156237,0.505215,0.338548,,59584200,,
0,2,,0.098136,0.118913,0.782951,,56808400,,
0,2,,0.385971,0.195459,0.41857,,56292500,,
0,1,,0.050253,0.487038,0.46271,,54107100,,
0,2,,0.107329,0.109686,0.782985,,54201200,,
0,2,,0.247624,0.274872,0.477504,,52116500,,
0,1,,0.131865,0.461498,0.406637,,50847400,,
0,2,,0.36931,0.14911,0.48158,,57153400,,
0,2,,0.126052,0.224176,0.649772,,48710000,,
0,2,,0.165656,0.190638,0.643706,,49018800,,
0,2,,0.106708,0.37298,0.520312,,48127600,,
0,2,,0.171567,0.136985,0.691448,,50763100,,
0,1,,0.217815,0.494067,0.288119,,50848300,,
0,0,,0.382182,0.273183,0.344635,,49312600,,
0,2,,0.087592,0.345879,0.566529,,50409900,,
0,2,,0.13663,0.141097,0.722273,,57138900,,
0,2,,0.115683,0.343873,0.540444,,50024700,,
0,2,,0.15458,0.30139,0.54403,,56297900,,
0,2,,0.266284,0.276767,0.456949,,48918500,,
0,2,,0.112898,0.37298,0.514122,,51910200,,
0,2,,0.253591,0.177246,0.569163,,47859200,,
0,2,,0.182211,0.254828,0.562961,,61050700,,
0,2,,0.061191,0.278549,0.660261,,57521900,,
0,0,,0.495288,0.169874,0.334838,,56524500,,
0,2,,0.101569,0.128132,0.770299,,57517300,,
0,2,,0.142042,0.422525,0.435433,,56549600,,
0,2,,0.120198,0.101792,0.77801,,55295200,,
0,2,,0.176861,0.171401,0.651738,,57338500,,
0,2,,0.073843,0.375693,0.550464,,54092800,,
0,2,,0.254651,0.180776,0.564574,,57952400,,
0,2,,0.231829,0.367415,0.400756,,64012800,,
0,2,,0.126852,0.233896,0.639252,,92194100,,
0,2,,0.072716,0.250572,0.676712,,66767200,,
0,2,,0.359511,0.136269,0.50422,,60727400,,
0,2,,0.097193,0.123473,0.779334,,61961700,,
0,2,,0.048677,0.233641,0.717682,,57010500,,
0,2,,0.36698,0.22287,0.410149,,54653900,,
0,2,,0.058066,0.115178,0.826756,,47132900,,
0,1,,0.178201,0.530728,0.291071,,48327200,,
0,2,,0.180377,0.365889,0.453734,,51698100,,
0,1,,0.100521,0.505526,0.393953,,59067600,,
0,2,,0.201332,0.3494,0.449268,,48767400,,
0,2,,0.084989,0.36469,0.550321,,51716200,,
0,1,,0.024897,0.563656,0.411448,,57169200,,
0,1,,0.288768,0.357599,0.353634,,54593400,,
0,2,,0.34756,0.124932,0.527508,,48735300,,
0,2,,0.098563,0.339229,0.562208,,45870600,,
0,1,,0.134286,0.433136,0.432577,,48659900,,
0,2,,0.175647,0.077547,0.746805,,54522700,,
0,1,,0.21091,0.408338,0.380752,,57562300,,
0,2,,0.212557,0.186988,0.600454,,48287900,,
0,2,,0.10536,0.143776,0.750864,,49098500,,
0,1,,0.133494,0.516403,0.350103,,49807000,,
0,2,,0.116481,0.384162,0.499357,,58513000,,
0,2,,0.023508,0.135879,0.840613,,62153100,,
0,1,,0.102705,0.538579,0.358715,,52128700,,
0,1,,0.037314,0.572275,0.390411,,52874400,,
0,2,,0.055369,0.370528,0.574103,,49421000,,
0,1,,0.098246,0.487892,0.413861,,53109600,,
0,2,,0.056225,0.115821,0.827954,,54715700,,
0,2,,0.058728,0.245394,0.695878,,61647100,,
0,2,,0.202553,0.39211,0.405337,,51163300,,
0,2,,0.150418,0.299978,0.549604,,61086700,,
0,2,,0.100398,0.100257,0.799345,,55343300,,
0,2,,0.108337,0.1496,0.742063,,61175100,,
0,2,,0.290643,0.118114,0.591243,,55286300,,
0,1,,0.14467,0.611223,0.244106,,57552600,,
0,2,,0.092652,0.139796,0.767552,,55822900,,
0,2,,0.364296,0.15275,0.482954,,55136500,,
0,1,,0.166758,0.556064,0.277179,,58163100,,
0,1,,0.114561,0.470411,0.415028,,61397600,,
0,1,,0.19088,0.614754,0.194366,,57418800,,
0,1,,0.199034,0.488593,0.312373,,53308300,,
0,2,,0.192277,0.334803,0.47292,,54358500,,
0,1,,0.232653,0.445519,0.321828,,53606200,,
0,1,,0.077298,0.487759,0.434943,,63490000,,
0,2,,0.061388,0.189645,0.748968,,49136200,,
0,2,,0.058624,0.142686,0.79869,,55360400,,
0,2,,0.132628,0.332765,0.534607,,47768300,,
0,2,,0.330673,0.330199,0.339128,,49198000,,
0,0,,0.413818,0.212498,0.373684,,55587200,,
0,2,,0.356636,0.114162,0.529202,,58891700,,
0,2,,0.068736,0.321317,0.609947,,64051800,,
0,2,,0.164703,0.346513,0.488783,,55065400,,
0,2,,0.088289,0.176635,0.735076,,57179400,,
0,1,,0.099468,0.453422,0.447111,,56602100,,
0,2,,0.281474,0.19891,0.519615,,51537400,,
0,1,,0.116856,0.467662,0.415482,,58271100,,
0,0,,0.418447,0.270498,0.311055,,56664800,,
0,1,,0.277198,0.374849,0.347953,,52129200,,
0,2,,0.309023,0.240901,0.450076,,52875200,,
0,2,,0.143711,0.209489,0.6468,,61308800,,
0,2,,0.060789,0.126461,0.81275,,53410000,,
0,1,,0.275971,0.440135,0.283894,,54192600,,
0,2,,0.127623,0.097222,0.775155,,53870700,,
0,2,,0.281229,0.226201,0.492571,,50299000,,
0,2,,0.154042,0.122238,0.72372,,53628100,,
0,2,,0.314514,0.199819,0.485667,,50999500,,
0,2,,0.192732,0.207631,0.599637,,50244000,,
0,1,,0.065424,0.61947,0.315106,,54018600,,
0,0,,0.41926,0.299261,0.281479,,52291900,,
0,2,,0.068235,0.234786,0.696979,,54389100,,
0,0,,0.34607,0.316625,0.337305,,73111200,,
0,2,,0.239846,0.192133,0.56802,,69432100,,
0,1,,0.231369,0.512048,0.256582,,56974900,,
0,2,,0.280424,0.212231,0.507345,,52462700,,
0,2,,0.419204,0.149108,0.431688,,52972800,,
0,2,,0.360165,0.104542,0.535293,,60809900,,
0,1,,0.08037,0.720458,0.199172,,53954200,,
0,1,,0.059155,0.621594,0.319251,,58236000,,
0,2,,0.257866,0.314096,0.428038,,50737900,,
0,2,,0.164538,0.164885,0.670576,,48155700,,
0,2,,0.268385,0.34328,0.388335,,46380900,,
0,2,,0.100979,0.339432,0.559589,,48007500,,
0,1,,0.054665,0.619179,0.326156,,47703300,,
0,1,,0.404847,0.409277,0.185875,,47108000,,
0,0,,0.513183,0.170049,0.316767,,51808800,,
0,1,,0.231658,0.403438,0.364904,,54497800,,
0,2,,0.072002,0.399073,0.528924,,60534800,,
0,1,,0.059559,0.614464,0.325977,,55552000,,
0,0,,0.428994,0.283271,0.287735,,57288300,,
0,2,,0.170663,0.109248,0.720088,,66880600,,
0,2,,0.1537,0.419417,0.426882,,56414100,,
0,1,,0.121902,0.513652,0.364446,,65628500,,
0,2,,0.060937,0.137867,0.801196,,58923700,,
0,2,,0.04548,0.079743,0.874777,,55446900,,
0,2,,0.280526,0.249016,0.470458,,55882800,,
0,1,,0.135376,0.610539,0.254085,,65217800,,
0,2,,0.052407,0.191304,0.756288,,52158100,,
0,2,,0.190151,0.363322,0.446528,,50445300,,
0,0,,0.434443,0.297465,0.268093,,52841900,,
0,2,,0.099988,0.176424,0.723588,,52550200,,
0,2,,0.122679,0.434452,0.442869,,55667700,,
0,2,,0.045164,0.254009,0.700827,,49885900,,
0,1,,0.041775,0.597034,0.361191,,59888300,,
0,2,,0.095958,0.313358,0.590684,,54459100,,
0,2,,0.017472,0.255605,0.726923,,49997300,,
0,2,,0.100619,0.289381,0.61,,50220400,,
0,2,,0.089835,0.196155,0.714009,,50088600,,
0,2,,0.070754,0.178979,0.750266,,49621500,,
0,0,,0.341769,0.334622,0.323609,,51803400,,
