connect-4,CWE,test,1,NANOSECONDS,PREDICTIONS, Generated by ClassifierExperiments.java on 2022-05-16 18:50:38.    SYSTEMPROPERTIES:{user.name:matth,os.arch:amd64,os.name:Windows 10},ENDSYSTEMPROPERTIES
No parameter info
0.7760509177027827,81121686500,594111554400,-1,1207030696,3,,-1,-1
0,2,,0.093581,0.400099,0.50632,,53601600,,
0,2,,0.049855,0.076818,0.873327,,41125400,,
0,2,,0.387652,0.199221,0.413127,,41528800,,
0,2,,0.253603,0.266782,0.479615,,39591200,,
0,1,,0.102062,0.549105,0.348833,,42929600,,
0,2,,0.087553,0.388462,0.523986,,41869400,,
0,2,,0.17315,0.226136,0.600714,,40029000,,
0,1,,0.188467,0.506268,0.305265,,41025500,,
0,2,,0.080475,0.175607,0.743918,,42963600,,
0,1,,0.231482,0.45998,0.308537,,40574700,,
0,2,,0.164525,0.252868,0.582607,,41847000,,
0,2,,0.321082,0.203316,0.475603,,49402600,,
0,2,,0.082787,0.137311,0.779902,,46420200,,
0,2,,0.241064,0.375722,0.383213,,35098300,,
0,2,,0.33484,0.168612,0.496549,,42173600,,
0,2,,0.193004,0.084297,0.722699,,36082200,,
0,2,,0.212713,0.300385,0.486902,,43339900,,
0,1,,0.064968,0.58541,0.349622,,42610400,,
0,2,,0.326968,0.232677,0.440355,,46670900,,
0,2,,0.202805,0.163654,0.633541,,44065000,,
0,2,,0.128261,0.425766,0.445973,,49305900,,
0,2,,0.147449,0.272117,0.580435,,51293900,,
0,2,,0.270516,0.290005,0.439479,,47337000,,
0,2,,0.341635,0.289329,0.369036,,47068500,,
0,1,,0.339166,0.369317,0.291517,,53959200,,
0,2,,0.041457,0.160119,0.798424,,53531000,,
0,2,,0.244097,0.136713,0.61919,,44514500,,
0,1,,0.1113,0.558429,0.330272,,49268400,,
0,2,,0.231093,0.218226,0.550681,,40879800,,
0,2,,0.110075,0.279856,0.610068,,47206900,,
0,2,,0.261564,0.146992,0.591444,,45591500,,
0,2,,0.083749,0.36876,0.547491,,45524800,,
0,2,,0.163479,0.317253,0.519268,,58621100,,
0,2,,0.258109,0.365799,0.376092,,51056300,,
0,2,,0.155699,0.243473,0.600829,,38776000,,
0,2,,0.373688,0.235945,0.390367,,41156800,,
0,2,,0.385101,0.206672,0.408228,,38431500,,
0,2,,0.107477,0.087079,0.805444,,46181200,,
0,1,,0.256872,0.411241,0.331887,,43652000,,
0,1,,0.232346,0.385019,0.382634,,41246200,,
0,1,,0.20392,0.398705,0.397375,,47068800,,
0,2,,0.079742,0.239061,0.681197,,41562600,,
0,2,,0.406374,0.135988,0.457638,,42324500,,
0,0,,0.44029,0.233032,0.326678,,44632600,,
0,2,,0.118252,0.296246,0.585502,,48069200,,
0,2,,0.105642,0.285993,0.608365,,46194200,,
0,2,,0.134295,0.210806,0.654899,,36514400,,
0,2,,0.032408,0.118442,0.84915,,39132100,,
0,2,,0.326255,0.259905,0.413839,,43746400,,
0,2,,0.261073,0.144603,0.594324,,43358800,,
0,2,,0.142162,0.424254,0.433584,,41665200,,
0,2,,0.250199,0.308182,0.441619,,42882200,,
0,2,,0.183013,0.231504,0.585483,,44393600,,
0,2,,0.269484,0.32152,0.408996,,48165100,,
0,2,,0.089566,0.344493,0.56594,,46990000,,
0,2,,0.274875,0.201775,0.523349,,47504100,,
0,2,,0.078384,0.114641,0.806975,,44712400,,
0,2,,0.321513,0.180544,0.497943,,45939200,,
0,2,,0.330542,0.153452,0.516006,,43792100,,
0,2,,0.132669,0.08523,0.782101,,45380900,,
0,2,,0.349016,0.203393,0.447591,,54073400,,
0,2,,0.360408,0.170749,0.468843,,47502900,,
0,2,,0.17084,0.251667,0.577493,,53130200,,
0,2,,0.188429,0.113084,0.698488,,50899000,,
0,2,,0.084679,0.280603,0.634717,,42971900,,
0,2,,0.063126,0.336901,0.599972,,51670700,,
0,2,,0.163689,0.209459,0.626852,,43570200,,
0,2,,0.200991,0.394258,0.404751,,44049000,,
0,2,,0.025409,0.374193,0.600398,,42411600,,
0,2,,0.081951,0.108185,0.809863,,42899600,,
0,2,,0.085681,0.291838,0.622481,,44379200,,
0,2,,0.361879,0.202086,0.436035,,39651800,,
0,0,,0.400931,0.262059,0.33701,,40939200,,
0,2,,0.180706,0.332935,0.486359,,38726100,,
0,2,,0.128294,0.307469,0.564236,,40036200,,
0,2,,0.172824,0.377293,0.449883,,41091100,,
0,2,,0.254192,0.341928,0.403879,,40518400,,
0,2,,0.13926,0.226781,0.633959,,40676400,,
0,1,,0.26266,0.432349,0.304992,,41555100,,
0,2,,0.225475,0.131301,0.643224,,39238300,,
0,2,,0.069228,0.29482,0.635952,,43933600,,
0,1,,0.163083,0.503063,0.333854,,49677800,,
0,1,,0.102146,0.571161,0.326693,,39711300,,
0,2,,0.100802,0.334368,0.56483,,40725300,,
0,2,,0.287496,0.171657,0.540847,,39024600,,
0,2,,0.295245,0.140329,0.564426,,40980600,,
0,1,,0.303291,0.351491,0.345218,,40758100,,
0,2,,0.069095,0.144453,0.786452,,39179000,,
0,0,,0.394593,0.287111,0.318296,,41539600,,
0,2,,0.226365,0.382107,0.391528,,43242800,,
0,1,,0.137753,0.459137,0.40311,,43019900,,
0,2,,0.177606,0.136796,0.685599,,43383200,,
0,2,,0.090685,0.263803,0.645512,,48038400,,
0,1,,0.104317,0.449643,0.44604,,48913700,,
0,2,,0.031617,0.18285,0.785534,,49458400,,
0,2,,0.117781,0.239524,0.642694,,48098500,,
0,2,,0.195926,0.145232,0.658842,,48480300,,
0,2,,0.047956,0.27779,0.674254,,43712100,,
0,2,,0.065836,0.128722,0.805443,,41101400,,
0,0,,0.412851,0.257577,0.329572,,55239200,,
0,1,,0.298987,0.431988,0.269025,,42469500,,
0,0,,0.351151,0.324881,0.323967,,53472500,,
0,1,,0.038319,0.633246,0.328435,,35674200,,
0,1,,0.104146,0.610393,0.285461,,34547700,,
0,2,,0.082412,0.180462,0.737126,,34010500,,
0,1,,0.278759,0.406407,0.314835,,35007000,,
0,1,,0.286145,0.36171,0.352145,,35868000,,
0,2,,0.223473,0.338243,0.438284,,35390700,,
0,2,,0.338968,0.2148,0.446233,,47642300,,
0,1,,0.19264,0.439923,0.367437,,51806500,,
0,2,,0.115408,0.314755,0.569837,,45888700,,
0,2,,0.178056,0.174595,0.647348,,46101000,,
0,2,,0.147719,0.305253,0.547028,,52663400,,
0,2,,0.0977,0.233104,0.669196,,44061100,,
0,2,,0.137151,0.366052,0.496796,,53432600,,
0,2,,0.076811,0.277977,0.645212,,41992200,,
0,1,,0.117332,0.532201,0.350467,,52616600,,
0,2,,0.099442,0.427963,0.472596,,41111500,,
0,2,,0.051197,0.125657,0.823146,,46163200,,
0,0,,0.446522,0.285242,0.268236,,50862500,,
0,1,,0.138358,0.476416,0.385227,,48156700,,
0,2,,0.049577,0.105944,0.844479,,44263800,,
0,2,,0.272089,0.223564,0.504347,,37082600,,
0,2,,0.10091,0.176849,0.722241,,36336300,,
0,2,,0.050435,0.131081,0.818485,,46605500,,
0,1,,0.074916,0.527771,0.397313,,43706400,,
0,2,,0.153192,0.317,0.529809,,39225400,,
0,1,,0.102464,0.525176,0.372359,,38928600,,
0,1,,0.262225,0.380171,0.357604,,47482300,,
0,2,,0.066442,0.108094,0.825464,,43190400,,
0,2,,0.110855,0.150487,0.738658,,44366900,,
0,2,,0.077762,0.214675,0.707563,,46778500,,
0,2,,0.049705,0.471874,0.47842,,43718700,,
0,2,,0.153272,0.227249,0.619479,,45965800,,
0,2,,0.032349,0.143021,0.82463,,49667000,,
0,2,,0.181109,0.289667,0.529224,,40949600,,
0,2,,0.156088,0.222537,0.621375,,56059800,,
0,1,,0.163659,0.65616,0.180181,,46433500,,
0,2,,0.057713,0.126635,0.815652,,46065500,,
0,2,,0.095924,0.257068,0.647008,,42177000,,
0,1,,0.092454,0.49098,0.416566,,42181800,,
0,2,,0.052423,0.245849,0.701727,,48645000,,
0,2,,0.075293,0.409701,0.515006,,43876900,,
0,2,,0.375394,0.236336,0.38827,,47076300,,
0,1,,0.109884,0.46342,0.426696,,37816000,,
0,2,,0.233709,0.288066,0.478225,,53731800,,
0,2,,0.120466,0.282456,0.597078,,41996900,,
0,2,,0.06592,0.44114,0.492941,,42159300,,
0,2,,0.064289,0.408753,0.526958,,42738900,,
0,2,,0.409865,0.108924,0.481211,,42860000,,
0,2,,0.050195,0.100243,0.849562,,48573200,,
0,1,,0.172862,0.50072,0.326418,,50360400,,
0,2,,0.253697,0.197187,0.549116,,42825800,,
0,2,,0.3195,0.208642,0.471858,,40203100,,
0,2,,0.046437,0.315903,0.63766,,41288800,,
0,2,,0.08661,0.447478,0.465913,,40197000,,
0,2,,0.206959,0.396249,0.396792,,42648900,,
0,2,,0.172781,0.255497,0.571722,,43415600,,
0,1,,0.098047,0.497164,0.404789,,45270100,,
0,2,,0.057893,0.150866,0.79124,,43583800,,
0,1,,0.105941,0.597942,0.296117,,43787400,,
0,2,,0.084709,0.394729,0.520563,,39346600,,
0,1,,0.138828,0.476209,0.384963,,39807900,,
0,2,,0.29547,0.195343,0.509187,,37997400,,
0,1,,0.15362,0.439728,0.406652,,44891600,,
0,2,,0.10468,0.356153,0.539167,,37889200,,
0,2,,0.190078,0.258354,0.551568,,36089700,,
0,2,,0.131821,0.249138,0.619041,,37721900,,
0,1,,0.020804,0.575573,0.403622,,39940900,,
0,2,,0.086377,0.146645,0.766978,,37460300,,
0,1,,0.10389,0.682237,0.213873,,40707600,,
0,2,,0.173544,0.34836,0.478097,,37493500,,
0,2,,0.264923,0.327528,0.407549,,37903800,,
0,2,,0.210977,0.156281,0.632742,,43696000,,
0,1,,0.312742,0.368388,0.31887,,50614900,,
0,1,,0.075872,0.664342,0.259787,,45071000,,
0,1,,0.278373,0.509474,0.212154,,48604700,,
0,2,,0.064537,0.422988,0.512475,,48089000,,
0,2,,0.159181,0.277231,0.563588,,51276400,,
0,2,,0.091233,0.155043,0.753724,,48421500,,
0,2,,0.084812,0.200542,0.714646,,51617400,,
0,1,,0.288213,0.366984,0.344803,,46303300,,
0,2,,0.181167,0.123784,0.695049,,43604500,,
0,2,,0.25977,0.157601,0.58263,,45395200,,
0,2,,0.070887,0.127309,0.801804,,48325600,,
0,2,,0.061188,0.400741,0.538071,,44689200,,
0,2,,0.089695,0.344806,0.565499,,45049800,,
0,2,,0.362685,0.251033,0.386282,,42551300,,
0,2,,0.061213,0.289197,0.649591,,46906000,,
0,0,,0.409244,0.270956,0.3198,,41847500,,
0,1,,0.089834,0.530978,0.379188,,42836300,,
0,2,,0.141846,0.199564,0.65859,,47980200,,
0,2,,0.073543,0.418356,0.508101,,40986100,,
0,2,,0.321678,0.19418,0.484142,,53771600,,
0,2,,0.171886,0.298185,0.529928,,42222600,,
0,1,,0.271129,0.37066,0.358211,,46389000,,
0,2,,0.239993,0.143152,0.616855,,51275000,,
0,0,,0.407401,0.252368,0.340231,,47100300,,
0,2,,0.116408,0.115217,0.768375,,56606000,,
0,2,,0.335143,0.218253,0.446603,,46173600,,
0,2,,0.11198,0.309183,0.578837,,47885700,,
0,2,,0.206358,0.117969,0.675673,,44910700,,
0,2,,0.080738,0.136161,0.783101,,47319700,,
0,2,,0.15113,0.092838,0.756033,,52866000,,
0,2,,0.272563,0.276045,0.451392,,42950500,,
0,2,,0.313298,0.206862,0.47984,,43764600,,
0,2,,0.230028,0.193153,0.576818,,51523600,,
0,2,,0.293285,0.29908,0.407635,,47206300,,
0,2,,0.272206,0.248815,0.478979,,46614400,,
0,2,,0.122437,0.366492,0.51107,,45490400,,
0,1,,0.066914,0.579834,0.353252,,45271100,,
0,2,,0.053631,0.24493,0.701439,,42873500,,
0,2,,0.139425,0.208014,0.65256,,48786000,,
0,2,,0.23745,0.354056,0.408494,,44353300,,
0,2,,0.076841,0.211051,0.712108,,41401600,,
0,2,,0.173241,0.247244,0.579515,,48476500,,
0,2,,0.110071,0.147938,0.741991,,37101800,,
0,2,,0.254195,0.202776,0.543029,,42167100,,
0,1,,0.244299,0.410035,0.345667,,41837200,,
0,2,,0.181227,0.114407,0.704366,,40637300,,
0,2,,0.10356,0.163876,0.732563,,43509000,,
0,2,,0.062305,0.115205,0.82249,,59419800,,
0,2,,0.092141,0.232282,0.675577,,46426100,,
0,1,,0.218791,0.499946,0.281264,,45019600,,
0,2,,0.334578,0.244711,0.42071,,44614100,,
0,2,,0.065014,0.230888,0.704097,,38301700,,
0,2,,0.208258,0.143328,0.648414,,36844100,,
0,2,,0.153871,0.188645,0.657484,,38556300,,
0,2,,0.169242,0.298685,0.532073,,38693000,,
0,2,,0.162929,0.290645,0.546426,,44943300,,
0,2,,0.118559,0.11849,0.762952,,43169800,,
0,0,,0.435922,0.225827,0.338252,,42539200,,
0,2,,0.078283,0.142782,0.778935,,40120500,,
0,2,,0.066456,0.378928,0.554616,,43501300,,
0,2,,0.121748,0.405477,0.472775,,55555100,,
0,0,,0.467444,0.17846,0.354097,,50614900,,
0,2,,0.155951,0.162316,0.681733,,46536800,,
0,1,,0.235648,0.447623,0.316728,,48743300,,
0,2,,0.06682,0.353812,0.579368,,43166600,,
0,2,,0.097957,0.443189,0.458854,,44323600,,
0,1,,0.190428,0.462682,0.34689,,53821000,,
0,2,,0.197558,0.157156,0.645286,,41045600,,
0,2,,0.175199,0.320188,0.504614,,44657000,,
0,1,,0.068087,0.493341,0.438572,,45592200,,
0,2,,0.155926,0.14365,0.700424,,42086100,,
0,1,,0.121755,0.448339,0.429907,,50664200,,
0,2,,0.393619,0.190287,0.416093,,51192900,,
0,2,,0.135514,0.297053,0.567433,,42947700,,
0,2,,0.199501,0.284584,0.515914,,57952200,,
0,2,,0.163644,0.134097,0.702259,,44090700,,
0,2,,0.044757,0.436594,0.518649,,41517900,,
0,2,,0.275775,0.252929,0.471297,,41979400,,
0,2,,0.054101,0.185077,0.760822,,42242500,,
0,2,,0.058953,0.41101,0.530037,,44497900,,
0,2,,0.141888,0.249164,0.608947,,47233500,,
0,2,,0.268509,0.35123,0.380261,,52159700,,
0,2,,0.105989,0.219994,0.674017,,44275000,,
0,1,,0.288422,0.401078,0.3105,,44419000,,
0,2,,0.279056,0.247145,0.473799,,45809700,,
0,1,,0.148682,0.526467,0.324851,,53800400,,
0,2,,0.1345,0.155304,0.710195,,47262400,,
0,2,,0.146888,0.291236,0.561876,,47777600,,
0,2,,0.25739,0.121118,0.621492,,49687600,,
0,1,,0.193649,0.531296,0.275055,,51544900,,
0,2,,0.154192,0.278918,0.56689,,42076700,,
0,2,,0.236703,0.188944,0.574354,,37693600,,
0,1,,0.120995,0.596739,0.282266,,49593200,,
0,2,,0.164481,0.39146,0.444059,,42665100,,
0,2,,0.244071,0.108746,0.647183,,41980200,,
0,2,,0.081157,0.181677,0.737166,,41155500,,
0,1,,0.126148,0.455642,0.41821,,41149000,,
0,2,,0.188942,0.293425,0.517633,,40474900,,
0,2,,0.155768,0.388619,0.455613,,42709300,,
0,2,,0.105873,0.329301,0.564826,,46153000,,
0,2,,0.139322,0.239265,0.621413,,45595800,,
0,2,,0.331398,0.142385,0.526218,,43165500,,
0,2,,0.116077,0.193337,0.690586,,42669800,,
0,2,,0.031972,0.186718,0.78131,,44221900,,
0,2,,0.097303,0.379056,0.52364,,44509700,,
0,2,,0.356004,0.215404,0.428592,,43909800,,
0,2,,0.07864,0.244795,0.676565,,44234400,,
0,2,,0.094444,0.111686,0.793871,,38063300,,
0,2,,0.321315,0.21183,0.466855,,38808200,,
0,2,,0.121525,0.150257,0.728218,,40155500,,
0,2,,0.221418,0.187562,0.591019,,50067900,,
0,0,,0.40058,0.290751,0.308669,,43883300,,
0,2,,0.179903,0.246207,0.573889,,37621800,,
0,1,,0.067099,0.526804,0.406097,,38017600,,
0,2,,0.064831,0.368019,0.567151,,39532500,,
0,2,,0.267668,0.109856,0.622476,,40119200,,
0,2,,0.076226,0.409947,0.513827,,39615800,,
0,2,,0.248206,0.272605,0.479189,,40395800,,
0,2,,0.132508,0.20679,0.660702,,40629500,,
0,2,,0.180405,0.372649,0.446946,,42439700,,
0,2,,0.083229,0.292178,0.624593,,46453600,,
0,2,,0.225531,0.377662,0.396807,,45808800,,
0,2,,0.250874,0.123839,0.625287,,51668900,,
0,2,,0.196245,0.113331,0.690424,,41634200,,
0,2,,0.188969,0.282731,0.5283,,41129200,,
0,2,,0.091,0.331762,0.577238,,43507700,,
0,2,,0.041617,0.109322,0.849061,,42817200,,
0,1,,0.112801,0.557819,0.32938,,41160400,,
0,2,,0.376595,0.215913,0.407492,,40815300,,
0,2,,0.195268,0.336144,0.468588,,39290300,,
0,2,,0.243701,0.374017,0.382282,,45265800,,
0,2,,0.146036,0.131292,0.722672,,45263200,,
0,1,,0.114737,0.450693,0.43457,,40064400,,
0,2,,0.119756,0.43621,0.444034,,45370400,,
0,2,,0.084329,0.213553,0.702118,,49997600,,
0,2,,0.225508,0.33142,0.443072,,50788200,,
0,2,,0.354035,0.137408,0.508557,,49176400,,
0,2,,0.07547,0.145039,0.779491,,47430700,,
0,1,,0.083528,0.463278,0.453194,,45537600,,
0,2,,0.130242,0.289107,0.580651,,41833300,,
0,2,,0.16832,0.124,0.707681,,42189800,,
0,0,,0.528143,0.191303,0.280555,,40272400,,
0,2,,0.16377,0.217389,0.61884,,36500600,,
0,2,,0.073792,0.182741,0.743468,,40212000,,
0,2,,0.17032,0.315823,0.513857,,39939200,,
0,2,,0.052439,0.22932,0.718242,,41649300,,
0,2,,0.180143,0.144694,0.675163,,44449400,,
0,1,,0.291884,0.383689,0.324427,,46089900,,
0,2,,0.122063,0.21029,0.667647,,43637100,,
0,1,,0.230938,0.411618,0.357444,,46541800,,
0,2,,0.212311,0.102394,0.685295,,44557300,,
0,1,,0.10149,0.662242,0.236268,,41431700,,
0,2,,0.22588,0.214145,0.559975,,43488600,,
0,2,,0.267061,0.227265,0.505674,,44832000,,
0,2,,0.239449,0.099692,0.660859,,37781600,,
0,2,,0.190044,0.174906,0.63505,,42075400,,
0,2,,0.216747,0.243726,0.539527,,42106400,,
0,2,,0.086937,0.243181,0.669882,,46106300,,
0,2,,0.220194,0.245003,0.534802,,40964000,,
0,2,,0.209812,0.234634,0.555554,,42170600,,
0,2,,0.026225,0.35232,0.621455,,38495900,,
0,1,,0.219112,0.456033,0.324854,,41095300,,
0,2,,0.127337,0.075325,0.797339,,43958300,,
0,2,,0.182286,0.313017,0.504697,,40472100,,
0,2,,0.255607,0.341709,0.402684,,41616300,,
0,2,,0.090427,0.155716,0.753857,,42172500,,
0,2,,0.302854,0.23004,0.467106,,42443400,,
0,2,,0.110736,0.157155,0.732109,,42246400,,
0,2,,0.096014,0.274288,0.629698,,43100100,,
0,2,,0.360644,0.210668,0.428688,,47888700,,
0,2,,0.109514,0.312351,0.578135,,45820900,,
0,2,,0.287555,0.270381,0.442064,,45924900,,
0,1,,0.163581,0.562656,0.273763,,40004700,,
0,2,,0.105049,0.332801,0.562149,,44904600,,
0,2,,0.034835,0.095323,0.869842,,42937000,,
0,2,,0.212755,0.182433,0.604812,,41254200,,
0,2,,0.135351,0.314106,0.550543,,42995300,,
0,2,,0.116419,0.214104,0.669477,,39396300,,
0,2,,0.124712,0.370751,0.504537,,43866100,,
0,2,,0.241984,0.271378,0.486638,,47052200,,
0,1,,0.036295,0.611793,0.351912,,45972100,,
0,1,,0.214652,0.463931,0.321418,,48339600,,
0,0,,0.484373,0.244699,0.270928,,47139400,,
0,1,,0.091789,0.623074,0.285137,,58100500,,
0,2,,0.124001,0.223044,0.652955,,51078500,,
0,2,,0.29588,0.12203,0.58209,,53172400,,
0,2,,0.359688,0.27681,0.363502,,44622800,,
0,1,,0.12092,0.48465,0.39443,,42952500,,
0,2,,0.084708,0.198996,0.716295,,50594700,,
0,2,,0.066941,0.210952,0.722107,,50782200,,
0,2,,0.183211,0.080856,0.735933,,46154000,,
0,2,,0.12292,0.158295,0.718785,,53317600,,
0,2,,0.238994,0.084922,0.676084,,40319000,,
0,2,,0.097057,0.19487,0.708073,,46909300,,
0,2,,0.152627,0.290066,0.557307,,43650400,,
0,1,,0.127513,0.631767,0.24072,,40716200,,
0,2,,0.183107,0.369097,0.447796,,41019800,,
0,2,,0.049973,0.152091,0.797935,,42416900,,
0,0,,0.398588,0.311175,0.290238,,38714500,,
0,2,,0.340044,0.306195,0.353761,,41368000,,
0,2,,0.412866,0.14366,0.443474,,41703800,,
0,2,,0.111811,0.181863,0.706326,,42152100,,
0,2,,0.122828,0.324226,0.552945,,38408800,,
0,0,,0.447106,0.303661,0.249232,,46277400,,
0,2,,0.018109,0.099648,0.882243,,41909800,,
0,2,,0.110401,0.127806,0.761793,,41396100,,
0,2,,0.060069,0.195397,0.744534,,41874000,,
0,2,,0.188945,0.30968,0.501375,,40763300,,
0,2,,0.229182,0.264423,0.506396,,41181100,,
0,1,,0.314863,0.358129,0.327008,,40331700,,
0,2,,0.246665,0.247169,0.506166,,43612800,,
0,2,,0.265034,0.156701,0.578266,,51924100,,
0,2,,0.318787,0.164405,0.516808,,40158900,,
0,2,,0.238496,0.31494,0.446564,,42903800,,
0,2,,0.257585,0.268513,0.473903,,42017900,,
0,2,,0.154486,0.308342,0.537172,,44653900,,
0,2,,0.143917,0.143124,0.712959,,41658200,,
0,1,,0.168742,0.497274,0.333984,,41701600,,
0,0,,0.370784,0.320722,0.308494,,40090600,,
0,2,,0.356906,0.214192,0.428902,,40395500,,
0,2,,0.073787,0.149421,0.776792,,45911800,,
0,1,,0.223203,0.400594,0.376203,,37914900,,
0,2,,0.056523,0.315519,0.627958,,40199300,,
0,2,,0.059637,0.188365,0.751999,,41220000,,
0,2,,0.159362,0.066267,0.774371,,39409700,,
0,2,,0.140442,0.345632,0.513926,,41389700,,
0,2,,0.112492,0.121957,0.765551,,42567600,,
0,0,,0.369354,0.352511,0.278135,,53252400,,
0,2,,0.200623,0.179402,0.619975,,50125600,,
0,2,,0.099507,0.182582,0.717911,,47856300,,
0,2,,0.095342,0.124839,0.779819,,39877500,,
0,2,,0.19044,0.193971,0.615589,,40664600,,
0,1,,0.142947,0.593768,0.263285,,39540500,,
0,2,,0.1924,0.359419,0.44818,,39768400,,
0,2,,0.260811,0.133276,0.605913,,36900700,,
0,2,,0.048615,0.388903,0.562483,,37740100,,
0,2,,0.197822,0.386263,0.415915,,43230900,,
0,2,,0.190024,0.295038,0.514938,,38441700,,
0,1,,0.163651,0.466493,0.369856,,37899300,,
0,2,,0.278428,0.191534,0.530038,,38650700,,
0,2,,0.084566,0.233727,0.681707,,38325800,,
0,2,,0.033042,0.263435,0.703523,,38208300,,
0,2,,0.289866,0.315819,0.394315,,36979200,,
0,2,,0.064772,0.24297,0.692258,,43430100,,
0,2,,0.062008,0.388721,0.549271,,38776500,,
0,2,,0.108378,0.369987,0.521635,,39287800,,
0,1,,0.082355,0.520369,0.397276,,38086500,,
0,2,,0.27364,0.283636,0.442724,,39338600,,
0,2,,0.22965,0.348596,0.421754,,47151900,,
0,2,,0.317427,0.115676,0.566898,,44270900,,
0,2,,0.10885,0.224903,0.666248,,56235300,,
0,1,,0.047038,0.501211,0.45175,,50867600,,
0,2,,0.099203,0.359395,0.541402,,43837900,,
0,2,,0.325171,0.215421,0.459408,,40674700,,
0,2,,0.105714,0.173523,0.720763,,42883700,,
0,1,,0.255961,0.44386,0.30018,,43544700,,
0,2,,0.246868,0.200927,0.552205,,47343800,,
0,2,,0.223806,0.275247,0.500946,,45063100,,
0,2,,0.102561,0.422578,0.47486,,54902000,,
0,2,,0.073963,0.293109,0.632928,,43456000,,
0,2,,0.350309,0.146186,0.503505,,47733400,,
0,0,,0.35312,0.324525,0.322355,,46222800,,
0,2,,0.399417,0.199901,0.400682,,43115500,,
0,2,,0.103145,0.211214,0.68564,,43231100,,
0,2,,0.056073,0.181023,0.762903,,44645700,,
0,2,,0.212367,0.271763,0.51587,,37821600,,
0,2,,0.083835,0.420778,0.495387,,41630000,,
0,2,,0.225613,0.283636,0.490751,,38999500,,
0,1,,0.125192,0.437723,0.437085,,36568000,,
0,2,,0.146103,0.147318,0.706578,,35643800,,
0,2,,0.151905,0.334788,0.513308,,41097600,,
0,0,,0.374296,0.336261,0.289443,,72146600,,
0,2,,0.081899,0.399639,0.518462,,78638500,,
0,2,,0.146896,0.408023,0.445081,,61921500,,
0,2,,0.404127,0.150619,0.445254,,44710400,,
0,1,,0.109315,0.450506,0.440179,,42231400,,
0,2,,0.202478,0.184572,0.61295,,43461500,,
0,2,,0.247131,0.22867,0.5242,,54772100,,
0,2,,0.083435,0.293392,0.623172,,36336300,,
0,2,,0.162556,0.412544,0.4249,,39802000,,
0,2,,0.286941,0.142697,0.570362,,39240600,,
0,2,,0.166787,0.116796,0.716417,,46962600,,
0,1,,0.115968,0.618615,0.265416,,52491100,,
0,1,,0.028112,0.683522,0.288366,,43538000,,
0,2,,0.278165,0.16432,0.557516,,46234000,,
0,1,,0.121269,0.442772,0.435959,,46750800,,
0,2,,0.140039,0.361249,0.498713,,42012900,,
0,2,,0.068586,0.267374,0.66404,,42574500,,
0,2,,0.048391,0.136149,0.81546,,37969400,,
0,1,,0.242119,0.452133,0.305748,,40315700,,
0,2,,0.218521,0.353797,0.427682,,40152400,,
0,2,,0.246483,0.374572,0.378945,,37285100,,
0,1,,0.299263,0.361599,0.339138,,35427300,,
0,2,,0.112103,0.414735,0.473162,,37938700,,
0,2,,0.073798,0.227361,0.698841,,47486300,,
0,2,,0.209587,0.278646,0.511767,,45711900,,
0,2,,0.211827,0.294789,0.493384,,46598900,,
0,2,,0.107539,0.145335,0.747126,,47804200,,
0,0,,0.444057,0.146534,0.40941,,47515200,,
0,2,,0.2717,0.346796,0.381504,,37607000,,
0,2,,0.243074,0.12577,0.631155,,36450100,,
0,2,,0.064999,0.206234,0.728767,,38889900,,
0,2,,0.080055,0.320394,0.599551,,40760000,,
0,1,,0.097155,0.489453,0.413393,,42924300,,
0,2,,0.036813,0.329229,0.633958,,47844100,,
0,1,,0.21666,0.573385,0.209955,,46885500,,
0,2,,0.259514,0.351943,0.388543,,45606900,,
0,2,,0.1107,0.286477,0.602823,,49965300,,
0,1,,0.304038,0.386612,0.30935,,62631700,,
0,2,,0.165348,0.207714,0.626938,,49254900,,
0,2,,0.055375,0.355243,0.589382,,54330400,,
0,2,,0.191307,0.351302,0.457391,,45544400,,
0,1,,0.0419,0.512875,0.445225,,43931900,,
0,2,,0.249149,0.271846,0.479006,,43414600,,
0,1,,0.264166,0.472229,0.263605,,46673400,,
0,2,,0.268017,0.3402,0.391783,,46907000,,
0,2,,0.034561,0.092749,0.87269,,53415600,,
0,2,,0.182279,0.098228,0.719494,,46743400,,
0,2,,0.077725,0.384389,0.537885,,47789900,,
0,2,,0.22327,0.168024,0.608706,,50531900,,
0,2,,0.050195,0.100243,0.849562,,51712800,,
0,2,,0.07737,0.145473,0.777157,,47326800,,
0,2,,0.351909,0.290056,0.358035,,59664700,,
0,2,,0.035363,0.399157,0.565481,,55219000,,
0,2,,0.424898,0.11697,0.458132,,53641400,,
0,1,,0.123596,0.541676,0.334728,,49346800,,
0,2,,0.188585,0.267626,0.543789,,50914700,,
0,2,,0.054795,0.410641,0.534565,,40380700,,
0,2,,0.189387,0.115638,0.694975,,41213700,,
0,2,,0.054271,0.214972,0.730757,,41697100,,
0,2,,0.222665,0.226459,0.550876,,38024000,,
0,1,,0.167443,0.454779,0.377778,,45314500,,
0,2,,0.184179,0.276777,0.539043,,42155000,,
0,2,,0.06134,0.343043,0.595617,,47471300,,
0,1,,0.105879,0.576464,0.317656,,46330400,,
0,0,,0.40161,0.256627,0.341763,,52258100,,
0,2,,0.064054,0.421738,0.514209,,45677600,,
0,2,,0.323431,0.232803,0.443766,,43574700,,
0,1,,0.137339,0.451862,0.410799,,44453200,,
0,2,,0.286598,0.143077,0.570325,,38713200,,
0,2,,0.222122,0.193275,0.584603,,43713600,,
0,2,,0.113022,0.124876,0.762102,,36835700,,
0,2,,0.149468,0.219296,0.631236,,41173200,,
0,2,,0.078881,0.327176,0.593943,,48415700,,
0,2,,0.113766,0.158459,0.727775,,46472200,,
0,2,,0.034177,0.150283,0.81554,,47335500,,
0,1,,0.254261,0.505787,0.239952,,47776200,,
0,2,,0.175393,0.219351,0.605256,,55074300,,
0,2,,0.080002,0.129631,0.790367,,47681900,,
0,2,,0.072883,0.271133,0.655984,,51848300,,
0,2,,0.194738,0.364248,0.441013,,45224300,,
0,2,,0.271452,0.351029,0.377519,,48426800,,
0,2,,0.139671,0.296074,0.564255,,45489600,,
0,1,,0.131869,0.567778,0.300353,,44489000,,
0,2,,0.222536,0.280685,0.496779,,46519500,,
0,2,,0.083059,0.353711,0.56323,,47188200,,
0,2,,0.280937,0.120724,0.598339,,47827500,,
0,2,,0.367963,0.215677,0.416361,,53495300,,
0,2,,0.286013,0.12337,0.590617,,45160300,,
0,1,,0.192826,0.483011,0.324163,,49206100,,
0,2,,0.080925,0.122036,0.797039,,44655800,,
0,2,,0.176605,0.163118,0.660278,,47615800,,
0,0,,0.420764,0.290279,0.288957,,44907800,,
0,2,,0.228848,0.160889,0.610264,,42457300,,
0,2,,0.189643,0.103761,0.706596,,45403900,,
0,2,,0.126752,0.365031,0.508217,,47296000,,
0,2,,0.372928,0.233031,0.394041,,42531400,,
0,2,,0.226601,0.301729,0.47167,,43620800,,
0,2,,0.24548,0.267745,0.486775,,37900700,,
0,1,,0.096251,0.601995,0.301755,,38999100,,
0,2,,0.118603,0.251528,0.629869,,39300800,,
0,2,,0.045651,0.253493,0.700856,,40696700,,
0,2,,0.165766,0.150548,0.683686,,43254500,,
0,2,,0.074802,0.263933,0.661265,,41016600,,
0,2,,0.23343,0.378282,0.388288,,42714100,,
0,2,,0.232026,0.108035,0.659939,,41150600,,
0,2,,0.149181,0.420088,0.430731,,41097700,,
0,2,,0.101196,0.085891,0.812914,,43276500,,
0,2,,0.069696,0.318151,0.612153,,42856500,,
0,1,,0.166585,0.452431,0.380985,,42135400,,
0,2,,0.040781,0.254261,0.704958,,42285000,,
0,1,,0.09318,0.467787,0.439033,,51544600,,
0,2,,0.051528,0.290429,0.658043,,42636300,,
0,2,,0.074343,0.344088,0.581569,,41886200,,
0,2,,0.279617,0.181009,0.539374,,43629800,,
0,2,,0.044647,0.141374,0.813979,,38731200,,
0,1,,0.097651,0.467798,0.434551,,41247000,,
0,2,,0.041418,0.133101,0.825481,,42102800,,
0,2,,0.275287,0.316964,0.407749,,40525600,,
0,2,,0.437327,0.121511,0.441162,,42506400,,
0,1,,0.119321,0.568604,0.312074,,39018000,,
0,0,,0.404884,0.264496,0.330619,,49241700,,
0,2,,0.263031,0.160927,0.576042,,37613800,,
0,0,,0.455209,0.172154,0.372637,,48992400,,
0,2,,0.31885,0.294822,0.386328,,43834800,,
0,2,,0.166092,0.404751,0.429157,,45499100,,
0,2,,0.239319,0.139415,0.621266,,41451300,,
0,2,,0.066721,0.446062,0.487218,,46466400,,
0,1,,0.132145,0.477894,0.389962,,43393000,,
0,1,,0.119783,0.522908,0.357309,,41451700,,
0,2,,0.024827,0.397742,0.577431,,43650500,,
0,0,,0.34982,0.349667,0.300512,,41420500,,
0,2,,0.077508,0.323005,0.599488,,42081200,,
0,2,,0.148746,0.121844,0.729409,,47266700,,
0,2,,0.052555,0.073208,0.874237,,39159500,,
0,2,,0.092519,0.171103,0.736379,,37778700,,
0,2,,0.25581,0.191602,0.552588,,42439600,,
0,2,,0.156661,0.373227,0.470112,,40773000,,
0,1,,0.275718,0.394023,0.330259,,45348900,,
0,2,,0.021326,0.09716,0.881514,,47644600,,
0,2,,0.109713,0.137958,0.752329,,42892400,,
0,2,,0.271948,0.274875,0.453177,,44691100,,
0,2,,0.332113,0.259402,0.408485,,46714900,,
0,2,,0.078823,0.383352,0.537825,,42967500,,
0,2,,0.256626,0.098324,0.645049,,52363800,,
0,2,,0.322904,0.260711,0.416385,,54376000,,
0,2,,0.123683,0.283113,0.593204,,54723300,,
0,2,,0.085346,0.138247,0.776406,,36319600,,
0,2,,0.07673,0.208658,0.714612,,42428600,,
0,1,,0.126538,0.49471,0.378752,,49101300,,
0,2,,0.372438,0.248536,0.379026,,41736500,,
0,2,,0.1356,0.17081,0.693591,,45141200,,
0,2,,0.075058,0.312422,0.61252,,42546400,,
0,2,,0.06193,0.442946,0.495124,,51483100,,
0,1,,0.130942,0.576235,0.292823,,41490700,,
0,2,,0.214894,0.356611,0.428495,,42872700,,
0,2,,0.26575,0.327986,0.406264,,45125200,,
0,2,,0.110106,0.260577,0.629317,,56357300,,
0,2,,0.04928,0.173735,0.776985,,47742000,,
0,2,,0.059956,0.369652,0.570392,,49523500,,
0,2,,0.136052,0.144074,0.719873,,44828600,,
0,2,,0.120557,0.139588,0.739855,,54445300,,
0,2,,0.269207,0.216465,0.514328,,47197000,,
0,2,,0.055559,0.112945,0.831496,,44699100,,
0,2,,0.063432,0.1308,0.805768,,45375400,,
0,2,,0.099349,0.208356,0.692295,,41278800,,
0,2,,0.019221,0.147354,0.833425,,43621400,,
0,2,,0.073047,0.142676,0.784277,,40356200,,
0,0,,0.372244,0.339831,0.287925,,45217500,,
0,0,,0.36329,0.361132,0.275579,,50907100,,
0,2,,0.258782,0.239679,0.501539,,47281900,,
0,2,,0.278835,0.279756,0.441409,,49381900,,
0,2,,0.24187,0.36261,0.395521,,53253300,,
0,2,,0.429684,0.113474,0.456842,,56825300,,
0,2,,0.155056,0.212586,0.632359,,50136700,,
0,2,,0.068064,0.307103,0.624833,,44904600,,
0,2,,0.077426,0.175385,0.747189,,43248400,,
0,2,,0.07057,0.139739,0.789691,,44598900,,
0,2,,0.139811,0.111408,0.748781,,50282000,,
0,1,,0.331866,0.376128,0.292006,,42623100,,
0,2,,0.114303,0.192512,0.693185,,46532000,,
0,2,,0.151689,0.107049,0.741262,,45831100,,
0,1,,0.123995,0.45761,0.418395,,51471000,,
0,2,,0.107448,0.329163,0.563389,,44619100,,
0,2,,0.127521,0.121195,0.751285,,52848000,,
0,2,,0.024458,0.265164,0.710378,,51917000,,
0,2,,0.170285,0.09469,0.735025,,43135200,,
0,2,,0.275358,0.122746,0.601896,,43303000,,
0,2,,0.025315,0.352127,0.622558,,46947700,,
0,1,,0.177668,0.528821,0.293511,,52259900,,
0,2,,0.106407,0.39606,0.497533,,46463000,,
0,1,,0.164047,0.550566,0.285387,,46390500,,
0,2,,0.064074,0.095144,0.840782,,47252300,,
0,2,,0.044531,0.105751,0.849717,,44643600,,
0,2,,0.053847,0.150143,0.796011,,48864400,,
0,2,,0.095669,0.42343,0.4809,,52229400,,
0,2,,0.225793,0.065434,0.708773,,47492600,,
0,2,,0.239547,0.30885,0.451603,,45235700,,
0,2,,0.040942,0.146873,0.812185,,59342100,,
0,2,,0.188858,0.165747,0.645395,,53549700,,
0,1,,0.072636,0.497779,0.429585,,50022800,,
0,2,,0.067962,0.292323,0.639715,,47011800,,
0,2,,0.116367,0.13105,0.752583,,54944100,,
0,2,,0.296366,0.332547,0.371088,,47361400,,
0,2,,0.133818,0.260812,0.60537,,44973300,,
0,2,,0.13643,0.260385,0.603185,,46683900,,
0,2,,0.075421,0.106883,0.817696,,48517000,,
0,1,,0.142887,0.491863,0.36525,,51801500,,
0,2,,0.075956,0.443728,0.480316,,47685600,,
0,1,,0.238071,0.434181,0.327748,,46605900,,
0,2,,0.064784,0.098463,0.836753,,45654300,,
0,2,,0.11548,0.122553,0.761966,,51126300,,
0,2,,0.195541,0.275339,0.52912,,46476100,,
0,2,,0.072806,0.287085,0.640109,,49791700,,
0,1,,0.194356,0.408208,0.397436,,47088100,,
0,2,,0.126029,0.393816,0.480155,,46791600,,
0,1,,0.213395,0.418246,0.368359,,50867700,,
0,2,,0.09972,0.334238,0.566042,,43705800,,
0,2,,0.280044,0.310639,0.409317,,42992800,,
0,2,,0.074264,0.394133,0.531603,,43615800,,
0,2,,0.276823,0.252199,0.470978,,41668300,,
0,2,,0.281474,0.32663,0.391895,,48382600,,
0,2,,0.249923,0.307035,0.443042,,55593900,,
0,2,,0.126434,0.317565,0.556001,,51187600,,
0,2,,0.062533,0.231614,0.705852,,54647400,,
0,2,,0.082108,0.117133,0.800759,,50095200,,
0,1,,0.089999,0.632281,0.27772,,47682000,,
0,0,,0.47308,0.178198,0.348722,,43551000,,
0,2,,0.078996,0.070958,0.850046,,45552800,,
0,2,,0.161082,0.254405,0.584513,,45954700,,
0,1,,0.147682,0.438974,0.413344,,45465200,,
0,2,,0.100609,0.169105,0.730286,,47062000,,
0,1,,0.185334,0.427759,0.386907,,49733800,,
0,2,,0.190681,0.219543,0.589776,,43917300,,
0,2,,0.08319,0.134936,0.781874,,46486600,,
0,2,,0.181347,0.402148,0.416504,,48816100,,
0,0,,0.442937,0.224489,0.332574,,46100700,,
0,2,,0.134942,0.318327,0.546731,,47693900,,
0,2,,0.069777,0.147947,0.782276,,52034500,,
0,2,,0.146524,0.082867,0.770609,,49086000,,
0,2,,0.121132,0.149145,0.729723,,43869600,,
0,2,,0.102069,0.295474,0.602457,,42363100,,
0,2,,0.308537,0.261275,0.430188,,45250600,,
0,2,,0.236761,0.295539,0.467699,,49840900,,
0,2,,0.163039,0.222952,0.614009,,44440400,,
0,2,,0.08478,0.270575,0.644644,,44224600,,
0,2,,0.148704,0.146307,0.70499,,44143000,,
0,2,,0.028025,0.298673,0.673302,,47504000,,
0,2,,0.180277,0.408561,0.411162,,41497000,,
0,2,,0.056414,0.132689,0.810897,,42403500,,
0,2,,0.048499,0.350254,0.601247,,41259300,,
0,2,,0.319951,0.214816,0.465233,,40417000,,
0,2,,0.121349,0.115541,0.76311,,50620800,,
0,2,,0.143519,0.417018,0.439463,,45718300,,
0,2,,0.211331,0.166318,0.622351,,43667700,,
0,2,,0.079021,0.132544,0.788436,,42583900,,
0,2,,0.057327,0.379964,0.562709,,50474300,,
0,2,,0.089869,0.306785,0.603346,,44657200,,
0,2,,0.263264,0.178349,0.558387,,46116000,,
0,2,,0.082298,0.102936,0.814766,,60037400,,
0,2,,0.180967,0.255817,0.563217,,45702600,,
0,2,,0.260911,0.108294,0.630795,,43127300,,
0,1,,0.241765,0.421924,0.33631,,49807800,,
0,2,,0.272869,0.310085,0.417046,,51060600,,
0,0,,0.476053,0.357532,0.166415,,40758400,,
0,2,,0.068457,0.076871,0.854671,,46090500,,
0,2,,0.062078,0.164871,0.773051,,39148800,,
0,2,,0.13999,0.340955,0.519054,,36790500,,
0,2,,0.196634,0.244529,0.558837,,41775200,,
0,1,,0.315653,0.346513,0.337834,,42010500,,
0,1,,0.103166,0.471219,0.425615,,47303100,,
0,2,,0.150428,0.213471,0.636101,,53371800,,
0,1,,0.155687,0.471008,0.373305,,47246800,,
0,2,,0.076838,0.271211,0.65195,,45671900,,
0,2,,0.125624,0.374955,0.499421,,47880300,,
0,1,,0.254245,0.416178,0.329577,,50765100,,
0,2,,0.299253,0.135487,0.56526,,46918900,,
0,2,,0.092316,0.113755,0.793929,,45715800,,
0,2,,0.103361,0.204638,0.692002,,50075300,,
0,2,,0.360669,0.161106,0.478225,,44577600,,
0,2,,0.224713,0.200947,0.574339,,49632300,,
0,2,,0.164508,0.406648,0.428843,,51540100,,
0,2,,0.334961,0.180123,0.484916,,50150600,,
0,2,,0.121175,0.243295,0.63553,,43897900,,
0,2,,0.2604,0.257341,0.482259,,46753400,,
0,2,,0.318911,0.326864,0.354225,,44982900,,
0,1,,0.195534,0.436189,0.368277,,39753000,,
0,2,,0.020607,0.228163,0.75123,,46993600,,
0,2,,0.240844,0.22055,0.538607,,43402800,,
0,2,,0.316657,0.283105,0.400239,,42426300,,
0,2,,0.058572,0.233562,0.707866,,43420000,,
0,2,,0.074816,0.250514,0.67467,,51753300,,
0,2,,0.191182,0.17985,0.628968,,53171100,,
0,1,,0.044758,0.584269,0.370973,,43850700,,
0,2,,0.14575,0.205998,0.648253,,44360500,,
0,2,,0.051367,0.338091,0.610542,,35959700,,
0,2,,0.166365,0.301856,0.531779,,36528000,,
0,2,,0.171167,0.237389,0.591444,,41981900,,
0,1,,0.098761,0.568083,0.333157,,43432100,,
0,2,,0.110989,0.264762,0.624249,,47194500,,
0,2,,0.059419,0.087466,0.853115,,52866900,,
0,2,,0.18168,0.383728,0.434591,,55579100,,
0,2,,0.047016,0.31266,0.640324,,60100000,,
0,2,,0.064733,0.296319,0.638947,,48910600,,
0,2,,0.046883,0.242563,0.710554,,51123500,,
0,1,,0.219146,0.579038,0.201816,,47243200,,
0,2,,0.093433,0.358442,0.548125,,58522000,,
0,2,,0.253945,0.123748,0.622307,,50173000,,
0,0,,0.435891,0.140859,0.423251,,47447000,,
0,1,,0.218356,0.464831,0.316813,,53044400,,
0,2,,0.264644,0.230723,0.504633,,41380500,,
0,2,,0.294036,0.314595,0.391368,,44117200,,
0,2,,0.067178,0.24359,0.689232,,39158100,,
0,2,,0.071489,0.447843,0.480667,,39452300,,
0,2,,0.069173,0.209568,0.72126,,46630800,,
0,2,,0.154513,0.233207,0.61228,,43895000,,
0,0,,0.453402,0.193743,0.352855,,48644700,,
0,2,,0.302211,0.221634,0.476155,,40012400,,
0,2,,0.390736,0.195613,0.413651,,37470500,,
0,2,,0.229844,0.351508,0.418648,,41566000,,
0,2,,0.344541,0.129665,0.525794,,42094200,,
0,2,,0.299873,0.348776,0.351352,,49990000,,
0,0,,0.399367,0.215567,0.385066,,42947300,,
0,2,,0.213395,0.079272,0.707333,,45737400,,
0,2,,0.117042,0.234895,0.648063,,49506400,,
0,2,,0.159456,0.268509,0.572035,,50978900,,
0,1,,0.0964,0.662481,0.241119,,42790900,,
0,2,,0.23259,0.218605,0.548805,,49443100,,
0,1,,0.10121,0.545258,0.353532,,37853000,,
0,1,,0.223952,0.506647,0.269401,,42332600,,
0,2,,0.297311,0.194773,0.507916,,45965000,,
0,2,,0.066898,0.350214,0.582888,,47606900,,
0,2,,0.247977,0.192612,0.559411,,46485500,,
0,2,,0.354389,0.28165,0.363961,,48260600,,
0,2,,0.12033,0.244495,0.635175,,46310400,,
0,0,,0.387476,0.236854,0.37567,,45147000,,
0,2,,0.219484,0.32725,0.453266,,47816800,,
0,1,,0.023941,0.645645,0.330414,,50290500,,
0,2,,0.219642,0.23816,0.542198,,48242600,,
0,2,,0.087976,0.083798,0.828226,,46874100,,
0,2,,0.293922,0.323029,0.383048,,51617000,,
0,0,,0.431761,0.137723,0.430516,,47517500,,
0,2,,0.242637,0.170597,0.586766,,42049300,,
0,1,,0.103302,0.590289,0.306408,,44106100,,
0,1,,0.113024,0.543719,0.343257,,44274200,,
0,2,,0.029488,0.312068,0.658444,,53814000,,
0,2,,0.081871,0.26241,0.655719,,46661200,,
0,2,,0.047295,0.464844,0.487861,,63546600,,
0,2,,0.068515,0.139308,0.792177,,44559500,,
0,2,,0.12049,0.294814,0.584696,,49825000,,
0,2,,0.224702,0.194655,0.580643,,44494400,,
0,2,,0.187035,0.119916,0.693049,,48471200,,
0,0,,0.37414,0.27333,0.35253,,43811900,,
0,2,,0.321439,0.169357,0.509204,,42619100,,
0,2,,0.117985,0.134902,0.747113,,41733900,,
0,2,,0.059245,0.192804,0.747951,,43379100,,
0,0,,0.399526,0.222426,0.378048,,40604400,,
0,2,,0.036195,0.232688,0.731117,,40939000,,
0,2,,0.210629,0.119475,0.669896,,40839100,,
0,2,,0.141182,0.113083,0.745735,,50701400,,
0,2,,0.099354,0.328535,0.572111,,44907700,,
0,1,,0.298458,0.426046,0.275496,,51854300,,
0,2,,0.09183,0.379556,0.528613,,41413300,,
0,2,,0.221031,0.289662,0.489307,,44119200,,
0,1,,0.075177,0.468942,0.455881,,47733300,,
0,2,,0.129979,0.265197,0.604823,,45138100,,
0,2,,0.152216,0.196083,0.651702,,44836900,,
0,2,,0.097058,0.19532,0.707622,,45181700,,
0,2,,0.150466,0.349897,0.499638,,44501300,,
0,2,,0.267409,0.221107,0.511484,,46317300,,
0,2,,0.191642,0.143353,0.665005,,50991200,,
0,0,,0.425828,0.251396,0.322775,,41222400,,
0,2,,0.214029,0.118759,0.667213,,42798200,,
0,2,,0.224474,0.247766,0.52776,,45286600,,
0,2,,0.168711,0.37309,0.4582,,45179700,,
0,1,,0.105781,0.492629,0.40159,,42237700,,
0,2,,0.08419,0.140862,0.774948,,38554100,,
0,1,,0.263467,0.39708,0.339453,,40164400,,
0,2,,0.129302,0.402511,0.468186,,50792400,,
0,2,,0.053087,0.246476,0.700437,,53121800,,
0,2,,0.322376,0.103149,0.574475,,47336300,,
0,2,,0.076372,0.230804,0.692824,,44710400,,
0,2,,0.251161,0.158877,0.589962,,47700300,,
0,2,,0.24528,0.315033,0.439686,,44664000,,
0,2,,0.052054,0.137439,0.810507,,42910500,,
0,2,,0.066895,0.097035,0.83607,,44285600,,
0,1,,0.077192,0.490677,0.432132,,43457000,,
0,2,,0.156141,0.354588,0.489271,,42857400,,
0,2,,0.097363,0.396338,0.506299,,49009000,,
0,2,,0.152433,0.169218,0.678349,,44825200,,
0,2,,0.070861,0.125668,0.803471,,47430700,,
0,2,,0.057517,0.127415,0.815068,,45748800,,
0,2,,0.436707,0.123213,0.440079,,43451600,,
0,2,,0.088135,0.145846,0.766018,,49354500,,
0,2,,0.301095,0.215309,0.483595,,51958400,,
0,2,,0.164092,0.197198,0.63871,,44688700,,
0,2,,0.060161,0.128244,0.811595,,56705100,,
0,2,,0.137516,0.253378,0.609105,,47750500,,
0,2,,0.282873,0.30969,0.407437,,52047600,,
0,1,,0.264043,0.384976,0.35098,,47568100,,
0,2,,0.126087,0.365824,0.508089,,44731200,,
0,1,,0.186969,0.507948,0.305084,,42554200,,
0,2,,0.08153,0.214667,0.703803,,47289100,,
0,0,,0.439318,0.138571,0.422111,,45295800,,
0,2,,0.188503,0.245842,0.565655,,42713700,,
0,2,,0.331188,0.32973,0.339082,,47388700,,
0,2,,0.099936,0.329896,0.570168,,50508900,,
0,2,,0.225972,0.342248,0.43178,,49813500,,
0,2,,0.207256,0.268616,0.524128,,44176700,,
0,0,,0.4223,0.218264,0.359435,,45012500,,
0,1,,0.265412,0.386482,0.348106,,48629400,,
0,2,,0.136207,0.090601,0.773192,,46641000,,
0,1,,0.232026,0.394326,0.373648,,51440300,,
0,2,,0.26008,0.113571,0.626349,,49386000,,
0,2,,0.300593,0.164739,0.534668,,46205500,,
0,2,,0.154189,0.164871,0.680941,,48209500,,
0,2,,0.270095,0.314111,0.415793,,44511400,,
0,2,,0.239812,0.175439,0.584749,,44172000,,
0,2,,0.085876,0.100275,0.813849,,46912700,,
0,1,,0.108651,0.53504,0.356309,,43935100,,
0,2,,0.076021,0.171237,0.752743,,42542900,,
0,2,,0.128888,0.415173,0.455939,,55830600,,
0,2,,0.215919,0.27955,0.504532,,43296300,,
0,2,,0.123281,0.353355,0.523363,,39224600,,
0,2,,0.09009,0.433073,0.476837,,58352000,,
0,0,,0.456445,0.132078,0.411478,,43953300,,
0,2,,0.084307,0.095958,0.819735,,41659900,,
0,2,,0.043315,0.408023,0.548662,,42974200,,
0,2,,0.158041,0.13841,0.703549,,38697700,,
0,2,,0.296474,0.300792,0.402734,,46187300,,
0,1,,0.059354,0.606748,0.333898,,41178500,,
0,2,,0.377612,0.128136,0.494252,,40409100,,
0,2,,0.346949,0.205104,0.447947,,42290200,,
0,2,,0.17241,0.215484,0.612107,,42516500,,
0,1,,0.30972,0.433003,0.257276,,42668000,,
0,2,,0.181995,0.314452,0.503554,,48613600,,
0,2,,0.124562,0.410726,0.464712,,40920900,,
0,2,,0.268007,0.184663,0.547329,,40058900,,
0,1,,0.097703,0.521413,0.380884,,40637700,,
0,2,,0.296057,0.169723,0.534219,,45391800,,
0,2,,0.081418,0.411072,0.50751,,48247800,,
0,2,,0.071133,0.21807,0.710797,,44126300,,
0,2,,0.089474,0.344012,0.566515,,44664700,,
0,2,,0.357305,0.215449,0.427247,,43950500,,
0,1,,0.181422,0.594394,0.224185,,43102600,,
0,2,,0.154548,0.282261,0.563191,,43185300,,
0,2,,0.153536,0.39478,0.451685,,38894200,,
0,2,,0.099194,0.326482,0.574324,,41242700,,
0,2,,0.288981,0.106599,0.60442,,46364200,,
0,2,,0.222425,0.332122,0.445453,,39117400,,
0,2,,0.202626,0.224001,0.573373,,45119300,,
0,1,,0.189643,0.424532,0.385825,,38162500,,
0,1,,0.332708,0.436409,0.230884,,41020600,,
0,2,,0.091206,0.335954,0.57284,,39799100,,
0,2,,0.066407,0.147189,0.786404,,38074900,,
0,2,,0.28112,0.197645,0.521235,,42711500,,
0,2,,0.354451,0.083194,0.562355,,40663400,,
0,2,,0.115886,0.200532,0.683582,,41702500,,
0,2,,0.098919,0.136,0.765082,,43003300,,
0,2,,0.143882,0.085163,0.770955,,46447100,,
0,2,,0.129985,0.140167,0.729847,,42906700,,
0,2,,0.139152,0.129431,0.731416,,50132200,,
0,2,,0.095282,0.129174,0.775545,,50727000,,
0,2,,0.032751,0.28522,0.682029,,45952400,,
0,1,,0.200553,0.417457,0.38199,,42834900,,
