pendigits,Tuned_CWT,test,4,NANOSECONDS,PREDICTIONS, Generated by ClassifierExperiments.java on 2022-05-16 00:29:05.    SYSTEMPROPERTIES:{user.name:matth,os.arch:amd64,os.name:Windows 10},ENDSYSTEMPROPERTIES
No parameter info
0.5329395729213994,6227256900,4596433300,-1,116046576,10,,-1,-1
0,7,,0.239298,0,0,0,0,0.06,0.088421,0.402807,0.189474,0.02,,3034100,,
0,8,,0.325614,0,0,0,0,0.318456,0.007719,0,0.340491,0.007719,,1981100,,
0,0,,0.420603,0,0,0,0,0.307812,0,0,0.271585,0,,2338500,,
0,5,,0.321805,0,0,0,0,0.46817,0.007719,0,0.194586,0.007719,,2476100,,
0,6,,0.2098,0,0.0784,0.0784,0,0.0275,0.2576,0.0336,0.22,0.0947,,3158900,,
0,8,,0.208889,0.093333,0.128889,0.155556,0,0.044444,0.057778,0,0.24,0.071111,,3309600,,
0,0,,0.437778,0,0,0,0,0.197778,0,0,0.364444,0,,2643000,,
0,0,,0.482917,0,0,0,0,0.150243,0,0,0.36684,0,,2117700,,
0,5,,0.376627,0,0,0,0,0.43236,0.000938,0,0.176325,0.01375,,2366400,,
0,0,,0.514167,0,0,0,0,0.026667,0,0,0.431667,0.0275,,2177600,,
0,8,,0.368571,0,0,0,0,0.12,0,0,0.511429,0,,1942100,,
0,8,,0.229091,0,0,0,0.081053,0.050909,0.069474,0.162105,0.395789,0.011579,,2748700,,
0,0,,0.406456,0,0,0,0,0.206243,0,0,0.387301,0,,3303300,,
0,8,,0.339067,0,0,0,0,0.304667,0,0,0.356267,0,,3493400,,
0,5,,0.331071,0,0,0,0,0.367782,0,0,0.301147,0,,3700500,,
0,0,,0.486735,0,0,0,0,0.129879,0,0,0.383385,0,,2946300,,
0,0,,0.47125,0,0,0,0,0.19375,0,0,0.32125,0.01375,,2518900,,
0,0,,0.468917,0,0,0,0,0.111043,0,0,0.42004,0,,2891200,,
0,7,,0.304667,0,0,0,0,0.146667,0.0525,0.3675,0.111167,0.0175,,2844000,,
0,0,,0.511584,0,0,0,0,0.09291,0,0,0.395506,0,,2534700,,
0,0,,0.4397,0,0,0,0,0.066243,0.024348,0.097391,0.274927,0.097391,,2836300,,
0,7,,0.243212,0,0,0,0,0.188571,0.052093,0.403721,0.112403,0,,2520100,,
0,8,,0.312,0,0,0,0,0.240923,0,0,0.418462,0.028615,,2513700,,
0,0,,0.48,0,0,0,0,0.106,0,0,0.37,0.044,,3605500,,
0,0,,0.38999,0,0,0,0,0.279379,0,0,0.330631,0,,2672700,,
0,0,,0.51735,0,0,0,0,0.066243,0,0,0.416407,0,,2804500,,
0,5,,0.254324,0,0,0,0,0.571066,0.008657,0,0.158233,0.007719,,2856300,,
0,0,,0.464501,0,0,0,0,0.218063,0,0,0.317436,0,,2423900,,
0,0,,0.683178,0,0,0,0,0.066243,0.048696,0.024348,0.153188,0.024348,,2702900,,
0,0,,0.468917,0,0,0,0,0.111043,0,0,0.42004,0,,3306800,,
0,0,,0.495952,0,0,0,0,0.066243,0,0,0.437805,0,,2985600,,
0,7,,0.284833,0,0,0,0,0.012444,0.099556,0.385778,0.162389,0.055,,2537000,,
0,0,,0.511584,0,0,0,0,0.09291,0,0,0.395506,0,,2668300,,
0,7,,0.180444,0,0.009333,0,0,0.171111,0.112,0.382667,0.144444,0,,2842700,,
0,0,,0.454917,0,0,0,0,0.136243,0,0,0.40884,0,,2750300,,
0,0,,0.610435,0,0,0,0,0.133913,0.048696,0.024348,0.158261,0.024348,,3144300,,
0,0,,0.48,0,0,0,0,0.136471,0,0,0.357647,0.025882,,2977300,,
0,0,,0.375214,0,0,0,0,0.024444,0.114872,0.344615,0.11641,0.024444,,2434800,,
0,0,,0.683178,0,0,0,0,0.066243,0.048696,0.024348,0.153188,0.024348,,2842000,,
0,5,,0.360294,0,0,0,0,0.374853,0.000938,0,0.263915,0,,2522800,,
0,0,,0.683178,0,0,0,0,0.066243,0.048696,0.024348,0.153188,0.024348,,2771200,,
0,5,,0.309495,0,0,0,0,0.489786,0.000938,0,0.18684,0.012941,,3234100,,
0,0,,0.43,0,0,0,0,0.285952,0,0,0.284048,0,,2575900,,
0,0,,0.241067,0,0,0,0,0.234667,0.056,0.224,0.188267,0.056,,2858800,,
0,0,,0.580917,0,0,0,0,0.088643,0,0,0.33044,0,,2571900,,
0,0,,0.447138,0,0,0,0,0.207059,0,0,0.345803,0,,3291100,,
0,8,,0.116437,0.01931,0.128736,0.193103,0,0.032184,0.109425,0.006437,0.308937,0.085431,,3449900,,
0,0,,0.561439,0,0,0,0,0.066243,0,0.024348,0.34797,0,,3078000,,
0,0,,0.474008,0,0,0,0,0.117152,0,0,0.40884,0,,2426200,,
0,0,,0.51735,0,0,0,0,0.066243,0,0,0.416407,0,,3238900,,
0,7,,0.302353,0,0,0,0,0.066243,0.129231,0.344615,0.157558,0,,3952700,,
0,5,,0.357425,0,0,0,0,0.413743,0,0,0.228832,0,,2272000,,
0,0,,0.357295,0,0,0,0,0.188571,0.0224,0.2688,0.162933,0,,3658000,,
0,8,,0.115789,0.0112,0.112,0.2128,0,0.0672,0.1232,0.0224,0.301053,0.034358,,2676200,,
0,0,,0.481725,0,0,0,0,0.179608,0,0,0.338667,0,,2910100,,
0,0,,0.478995,0,0,0,0,0.223607,0.037333,0.037333,0.185399,0.037333,,2805200,,
0,0,,0.564917,0,0,0,0,0.066243,0,0,0.36884,0,,2581800,,
0,0,,0.644917,0,0,0,0,0.066243,0,0,0.28884,0,,3243700,,
0,0,,0.476591,0,0,0,0,0.050909,0,0,0.445,0.0275,,2935500,,
0,6,,0.246841,0,0.012174,0.012174,0,0.146667,0.316522,0.170435,0.083014,0.012174,,2736400,,
0,0,,0.524917,0,0,0,0,0.066243,0.105,0.035,0.23384,0.035,,2774300,,
0,0,,0.481297,0,0,0,0,0.181176,0,0,0.324585,0.012941,,3558700,,
0,8,,0.391739,0,0,0,0,0.172174,0,0,0.436087,0,,2525300,,
0,0,,0.405614,0,0,0,0,0.289123,0.007719,0,0.289825,0.007719,,2880200,,
0,0,,0.580917,0,0,0,0,0.088643,0,0,0.33044,0,,2519700,,
0,8,,0.295091,0,0,0,0,0.050909,0.022,0.022,0.61,0,,2318500,,
0,0,,0.491976,0,0,0,0,0.099184,0,0,0.40884,0,,2751500,,
0,8,,0.303948,0,0,0,0,0.30861,0.000938,0,0.386504,0,,2736100,,
0,8,,0.315377,0,0,0,0,0.30861,0.000938,0,0.375075,0,,2251500,,
0,0,,0.564917,0,0,0,0,0.09291,0,0,0.342173,0,,2841500,,
0,0,,0.37325,0,0,0,0,0.304673,0,0,0.299712,0.022365,,2795200,,
0,7,,0.329444,0,0,0.011667,0,0,0.163333,0.373333,0.122222,0,,2398800,,
0,0,,0.56225,0,0,0,0,0.08491,0,0,0.35284,0,,2277700,,
0,0,,0.454917,0,0,0,0,0.136243,0,0,0.40884,0,,2410000,,
0,5,,0.331071,0,0,0,0,0.367782,0,0,0.301147,0,,2484700,,
0,0,,0.515885,0,0,0,0,0.066243,0,0.072258,0.327549,0.018065,,2352200,,
0,0,,0.543584,0,0,0,0,0.066243,0.037333,0.037333,0.278173,0.037333,,2492900,,
0,0,,0.468917,0,0,0,0,0.066243,0,0,0.46484,0,,2510300,,
0,0,,0.241067,0,0,0,0,0.234667,0.056,0.224,0.188267,0.056,,2613600,,
0,0,,0.335382,0,0,0,0,0.234667,0,0.147368,0.253109,0.029474,,2332100,,
0,8,,0.270857,0,0,0,0,0.205714,0.029333,0.029333,0.464762,0,,2545800,,
0,5,,0.227019,0,0,0,0,0.558162,0.000938,0,0.213881,0,,2206200,,
0,5,,0.348318,0,0,0,0,0.412139,0.000938,0,0.212722,0.025882,,2149200,,
0,5,,0.275377,0,0,0,0,0.34861,0.000938,0,0.255075,0.12,,3483100,,
0,0,,0.366154,0,0,0,0,0.289231,0,0,0.344615,0,,2453000,,
0,0,,0.550372,0,0,0,0,0.066243,0,0,0.383385,0,,2287600,,
0,8,,0.431584,0,0,0,0,0.122243,0,0,0.446173,0,,2767100,,
0,7,,0.237764,0,0,0,0,0.223607,0.129231,0.344615,0.064784,0,,2377200,,
0,5,,0.256177,0,0,0,0,0.51981,0.000938,0,0.223075,0,,2353400,,
0,0,,0.481866,0,0,0,0,0.237966,0,0,0.280168,0,,2498900,,
0,7,,0.2475,0,0.036522,0,0,0.012174,0.231304,0.255652,0.1375,0.079348,,2587100,,
0,8,,0.212,0,0,0,0,0.180923,0,0,0.558462,0.048615,,2631500,,
0,0,,0.561439,0,0,0,0,0.066243,0,0.024348,0.34797,0,,1854600,,
0,8,,0.247059,0,0,0,0.078222,0.032941,0.088,0.166222,0.387556,0,,1909600,,
0,0,,0.442338,0,0,0,0,0.225559,0,0,0.332103,0,,1895900,,
0,0,,0.512225,0,0,0,0,0.234667,0,0,0.238372,0.014737,,1872900,,
0,5,,0.348318,0,0,0,0,0.412139,0.000938,0,0.212722,0.025882,,1835000,,
0,8,,0.21,0.044595,0.002973,0,0.13973,0,0.098108,0.095135,0.352973,0.056486,,1874000,,
0,0,,0.546456,0,0,0,0,0.080602,0,0,0.372942,0,,2352600,,
0,4,,0.037135,0.063537,0.039863,0.027511,0.220954,0.017498,0.10869,0.115053,0.201667,0.168092,,2185700,,
0,0,,0.532097,0,0,0,0,0.066243,0,0,0.40166,0,,2189900,,
0,0,,0.556028,0,0,0,0,0.066243,0,0.031111,0.253284,0.093333,,2486500,,
0,5,,0.376627,0,0,0,0,0.43236,0.000938,0,0.176325,0.01375,,2461300,,
0,0,,0.532097,0,0,0,0,0.066243,0,0,0.40166,0,,2386600,,
0,0,,0.550372,0,0,0,0,0.066243,0,0,0.383385,0,,2718700,,
0,8,,0.16,0.015556,0.054444,0.194444,0,0.031111,0.186667,0,0.255556,0.102222,,2553100,,
0,0,,0.278947,0,0,0,0,0.262456,0.035719,0.196,0.219158,0.007719,,2002100,,
0,0,,0.543584,0,0,0,0,0.066243,0.037333,0.037333,0.278173,0.037333,,2309900,,
0,0,,0.468917,0,0,0,0,0.066243,0,0,0.46484,0,,1974500,,
0,0,,0.543584,0,0,0,0,0.066243,0.037333,0.037333,0.278173,0.037333,,2047500,,
0,0,,0.532097,0,0,0,0,0.066243,0,0,0.40166,0,,2121300,,
0,0,,0.384917,0,0,0,0,0.066243,0.077778,0.202222,0.253284,0.015556,,2024900,,
0,8,,0.233778,0,0,0,0.078222,0.0448,0.039111,0.156444,0.447644,0,,2494500,,
0,0,,0.509362,0,0,0,0,0.066243,0,0,0.40884,0.015556,,2456400,,
0,5,,0.286488,0,0,0,0,0.479721,0.000938,0,0.232853,0,,2467300,,
0,7,,0.282667,0,0,0,0,0.146667,0.096,0.384,0.090667,0,,1995400,,
0,0,,0.468917,0,0,0,0,0.111043,0,0,0.42004,0,,2253400,,
0,0,,0.56225,0,0,0,0,0.08491,0,0,0.35284,0,,2366000,,
0,0,,0.628075,0,0,0,0,0.066243,0,0,0.290945,0.014737,,1992000,,
0,5,,0.290083,0,0,0,0,0.515669,0.000938,0,0.193311,0,,2039800,,
0,0,,0.508667,0,0,0,0,0.048667,0,0,0.398667,0.044,,2757700,,
0,7,,0.382894,0,0,0,0,0,0.052093,0.403721,0.161292,0,,2073300,,
0,0,,0.362877,0,0,0,0,0.30861,0.000938,0,0.272575,0.055,,1835400,,
0,0,,0.357746,0,0,0,0,0.203704,0.024348,0.097391,0.21942,0.097391,,1931900,,
0,5,,0.215221,0,0,0,0,0.536205,0,0,0.248574,0,,2551000,,
0,8,,0.435789,0,0,0,0,0,0,0,0.541053,0.023158,,2518400,,
0,0,,0.556028,0,0,0,0,0.066243,0,0.031111,0.253284,0.093333,,2578200,,
0,8,,0.272,0,0,0,0,0.180923,0,0,0.498462,0.048615,,2664600,,
0,0,,0.56,0,0,0,0,0,0,0,0.4,0.04,,2529800,,
0,0,,0.486735,0,0,0,0,0.129879,0,0,0.383385,0,,2358700,,
0,7,,0.2475,0,0.036522,0,0,0.012174,0.231304,0.255652,0.165,0.051848,,2458400,,
0,0,,0.543584,0,0,0,0,0.066243,0.037333,0.037333,0.278173,0.037333,,2667900,,
0,0,,0.471944,0,0,0,0,0.141919,0,0,0.386137,0,,2668000,,
0,0,,0.683178,0,0,0,0,0.066243,0.048696,0.024348,0.153188,0.024348,,2622600,,
0,8,,0.1,0.015556,0.054444,0.194444,0,0.031111,0.186667,0,0.315556,0.102222,,2984800,,
0,5,,0.222,0,0,0,0,0.440209,0,0,0.329176,0.008615,,2531400,,
0,6,,0.265882,0,0.054902,0.054902,0,0.021961,0.296471,0.032941,0.24,0.032941,,2745100,,
0,5,,0.331071,0,0,0,0,0.367782,0,0,0.301147,0,,3275100,,
0,0,,0.683178,0,0,0,0,0.066243,0.048696,0.024348,0.153188,0.024348,,4905300,,
0,0,,0.413232,0,0,0,0,0.2112,0,0,0.375568,0,,4712400,,
0,0,,0.56225,0,0,0,0,0.08491,0,0,0.35284,0,,4966200,,
0,5,,0.356014,0,0,0,0,0.465175,0,0,0.178811,0,,5952300,,
0,5,,0.300486,0,0,0,0,0.402456,0.007719,0,0.281619,0.007719,,5202000,,
0,6,,0.193,0,0.014,0.07,0,0.0415,0.266,0.126,0.22,0.0695,,3934800,,
0,0,,0.468917,0,0,0,0,0.066243,0,0,0.46484,0,,3998500,,
0,0,,0.543584,0,0,0,0,0.066243,0.037333,0.037333,0.278173,0.037333,,5189500,,
0,8,,0.188571,0.0112,0.112,0.2128,0,0.0672,0.1232,0.0224,0.251429,0.0112,,3490500,,
0,0,,0.56225,0,0,0,0,0.08491,0,0,0.35284,0,,3343500,,
0,0,,0.509362,0,0,0,0,0.066243,0,0,0.40884,0.015556,,3587000,,
0,5,,0.331071,0,0,0,0,0.367782,0,0,0.301147,0,,2735500,,
0,8,,0.130148,0,0.078974,0.086154,0,0.021538,0.244103,0.028718,0.315412,0.094953,,2643300,,
0,0,,0.491976,0,0,0,0,0.099184,0,0,0.40884,0,,4839500,,
0,0,,0.415245,0,0,0,0,0.22014,0,0,0.364615,0,,4157300,,
0,7,,0.208947,0,0,0,0,0.262456,0.060219,0.3675,0.075658,0.025219,,2828900,,
0,0,,0.683178,0,0,0,0,0.066243,0.048696,0.024348,0.153188,0.024348,,2861300,,
0,0,,0.491976,0,0,0,0,0.099184,0,0,0.40884,0,,2712100,,
0,0,,0.489318,0,0,0,0,0.063636,0,0,0.392045,0.055,,3335800,,
0,0,,0.427774,0,0,0,0,0.271957,0,0,0.300268,0,,2558700,,
0,0,,0.468917,0,0,0,0,0.111043,0,0,0.42004,0,,2453200,,
0,8,,0.461538,0,0,0,0,0.014359,0,0,0.484103,0.04,,2810500,,
0,8,,0.354667,0,0,0,0,0.026667,0.029333,0.029333,0.56,0,,2417000,,
0,8,,0.3208,0,0,0,0,0.3312,0,0,0.348,0,,2492800,,
0,0,,0.433155,0,0,0,0,0.333054,0.000938,0,0.208409,0.024444,,2663000,,
0,0,,0.357377,0,0,0,0,0.33061,0.000938,0,0.267075,0.044,,2935400,,
0,0,,0.427774,0,0,0,0,0.271957,0,0,0.300268,0,,2976700,,
0,8,,0.454917,0,0,0,0,0.066243,0,0,0.47884,0,,2434500,,
0,0,,0.454917,0,0,0,0,0.136243,0,0,0.40884,0,,2801700,,
0,5,,0.295705,0,0,0,0,0.532216,0.000938,0,0.171141,0,,2424300,,
0,0,,0.420603,0,0,0,0,0.307812,0,0,0.271585,0,,2658300,,
0,0,,0.366805,0,0,0,0,0.340038,0.000938,0,0.26079,0.031429,,2663100,,
0,0,,0.365974,0,0,0,0,0.338132,0.007719,0,0.280455,0.007719,,2541700,,
0,5,,0.376627,0,0,0,0,0.43236,0.000938,0,0.176325,0.01375,,2673400,,
0,8,,0.319095,0,0,0,0,0.301538,0,0,0.379367,0,,2582600,,
0,0,,0.301467,0,0.0784,0.0784,0,0.036667,0.2576,0.0336,0.146667,0.0672,,2518800,,
0,5,,0.244444,0,0,0,0,0.543276,0.000938,0,0.211342,0,,3839700,,
0,0,,0.474008,0,0,0,0,0.117152,0,0,0.40884,0,,2632800,,
0,0,,0.561439,0,0,0,0,0.066243,0,0.048696,0.299275,0.024348,,2825100,,
0,7,,0.248095,0,0,0,0,0.188571,0.0525,0.3675,0.125833,0.0175,,2704800,,
0,0,,0.427774,0,0,0,0,0.271957,0,0,0.300268,0,,2552900,,
0,0,,0.483818,0,0,0,0,0.085636,0,0,0.386545,0.044,,2474400,,
0,0,,0.482917,0,0,0,0,0.150243,0,0,0.36684,0,,2516900,,
0,0,,0.443506,0,0,0,0,0.207059,0.0224,0.1568,0.170235,0,,2541000,,
0,0,,0.624415,0,0,0,0,0.169231,0.048696,0.024348,0.108963,0.024348,,2461500,,
0,0,,0.404917,0,0,0,0,0.066243,0.106667,0.24,0.182173,0,,2371500,,
0,0,,0.416246,0,0,0,0,0.234667,0,0,0.349087,0,,2432000,,
0,8,,0.303948,0,0,0,0,0.30861,0.000938,0,0.386504,0,,2403900,,
0,0,,0.508667,0,0,0,0,0.048667,0,0,0.398667,0.044,,2500700,,
0,0,,0.644917,0,0,0,0,0.066243,0,0,0.28884,0,,2893800,,
0,0,,0.532097,0,0,0,0,0.066243,0,0,0.40166,0,,3027400,,
0,0,,0.5408,0,0,0,0,0.2112,0,0,0.248,0,,2479800,,
0,0,,0.406456,0,0,0,0,0.206243,0,0,0.387301,0,,2911600,,
0,7,,0.220399,0,0,0,0,0.203704,0.129231,0.344615,0.102051,0,,2527400,,
0,0,,0.466667,0,0,0,0,0.086667,0,0,0.426667,0.02,,2634600,,
0,6,,0.177174,0,0.012174,0.012174,0,0.0275,0.316522,0.170435,0.244348,0.039674,,2634000,,
0,5,,0.360294,0,0,0,0,0.374853,0.000938,0,0.263915,0,,1906700,,
0,0,,0.441373,0,0,0,0,0.233725,0,0,0.324902,0,,1841300,,
0,0,,0.415798,0,0,0,0,0.309244,0,0,0.249076,0.025882,,1909100,,
0,0,,0.366805,0,0,0,0,0.340038,0.000938,0,0.26079,0.031429,,1935800,,
0,0,,0.561439,0,0,0,0,0.066243,0,0.048696,0.299275,0.024348,,1961500,,
0,0,,0.514148,0,0,0,0,0.066243,0,0,0.419609,0,,1881900,,
0,0,,0.468917,0,0,0,0,0.066243,0,0,0.46484,0,,1932600,,
0,0,,0.408627,0,0,0,0,0.345098,0,0,0.220392,0.025882,,1889900,,
0,7,,0.18846,0,0,0,0,0.2112,0.107234,0.405106,0.088,0,,2413200,,
0,5,,0.244444,0,0,0,0,0.543276,0.000938,0,0.211342,0,,2121200,,
0,0,,0.564917,0,0,0,0,0.09291,0,0,0.342173,0,,1916700,,
0,8,,0.431584,0,0,0,0,0.122243,0,0,0.446173,0,,1824800,,
0,0,,0.443506,0,0,0,0,0.207059,0.0224,0.1568,0.170235,0,,2283300,,
0,0,,0.438261,0.018033,0.003607,0,0.162295,0,0.142466,0.139758,0.038774,0.056807,,1854500,,
0,7,,0.16,0,0.036522,0,0,0.052174,0.231304,0.255652,0.12,0.144348,,1977600,,
0,0,,0.489059,0,0,0,0,0.054941,0,0,0.412,0.044,,1919900,,
0,0,,0.556028,0,0,0,0,0.066243,0,0.031111,0.253284,0.093333,,2286300,,
0,0,,0.564917,0,0,0,0,0.09291,0,0,0.342173,0,,1898000,,
0,0,,0.388055,0,0,0,0,0.172174,0,0.147368,0.262929,0.029474,,1877600,,
0,0,,0.543584,0,0,0,0,0.066243,0.037333,0.037333,0.278173,0.037333,,1999100,,
0,0,,0.564917,0,0,0,0,0.09291,0,0,0.342173,0,,2062800,,
0,0,,0.495443,0,0,0,0,0.08098,0,0,0.40884,0.014737,,1878800,,
0,0,,0.420603,0,0,0,0,0.307812,0,0,0.271585,0,,1992400,,
0,0,,0.4397,0,0,0,0,0.066243,0.024348,0.097391,0.274927,0.097391,,1882100,,
0,7,,0.145745,0,0.02383,0.011915,0,0,0.178723,0.309787,0.3025,0.0275,,2507800,,
0,4,,0.000468,0.106547,0.039863,0.027511,0.469455,0.017498,0.10174,0.108842,0.005946,0.12213,,1953200,,
0,8,,0.1,0.0112,0.112,0.2128,0,0.0672,0.1232,0.0224,0.3,0.0512,,1971400,,
0,0,,0.495443,0,0,0,0,0.08098,0,0,0.40884,0.014737,,1860600,,
0,0,,0.532097,0,0,0,0,0.066243,0,0,0.40166,0,,2016100,,
0,8,,0.320392,0,0,0,0.036667,0.032941,0.036667,0.091667,0.481667,0,,2611200,,
0,0,,0.644917,0,0,0,0,0.066243,0,0,0.28884,0,,2502900,,
0,5,,0.254324,0,0,0,0,0.571066,0.008657,0,0.158233,0.007719,,3060900,,
0,8,,0.251154,0,0,0,0,0.329038,0,0,0.392308,0.0275,,2874000,,
0,0,,0.527778,0,0,0,0,0.024444,0,0,0.423333,0.024444,,2416700,,
0,5,,0.225377,0,0,0,0,0.567895,0.000938,0,0.20579,0,,2548000,,
1,1,,0.00327,0.309894,0.107001,0.072249,0.189315,0.025886,0.09931,0.088817,0,0.104258,,2421400,,
1,4,,0.000468,0.21029,0.115347,0.052672,0.235547,0.017498,0.078987,0.128198,0.022815,0.138179,,2598100,,
1,1,,0.000468,0.274139,0.203126,0.068564,0.142192,0.043198,0.098309,0.054943,0,0.115062,,2518400,,
1,2,,0.000468,0.201991,0.304914,0.095552,0.095621,0.071519,0.004024,0.070387,0,0.155525,,2670400,,
1,1,,0.000468,0.311732,0.146349,0.051886,0.183398,0.025623,0.089579,0.081276,0.004889,0.1048,,2415300,,
1,2,,0.009912,0.208301,0.26122,0.203279,0,0.105772,0.077645,0.003308,0,0.130564,,2333800,,
1,2,,0.000468,0.262294,0.305823,0.119189,0.085621,0.067277,0.004024,0.018266,0,0.13704,,2457800,,
1,1,,0.000468,0.262982,0.154474,0.038344,0.183398,0.039165,0.100413,0.113776,0.004889,0.102092,,2518600,,
1,2,,0.000309,0.081332,0.315012,0.307311,0,0.098483,0.027427,0,0.008349,0.161777,,2418300,,
1,3,,0.000309,0.12515,0.267167,0.315282,0,0.08856,0.035377,0,0.008349,0.159805,,2481800,,
1,2,,0.000468,0.194204,0.300529,0.111844,0.095621,0.074165,0.004024,0.074053,0.007333,0.137758,,2575900,,
1,1,,0.000468,0.298287,0.119863,0.060844,0.201121,0.030832,0.083774,0.088553,0.00275,0.113508,,2311700,,
1,1,,0.006938,0.213831,0.15798,0.125334,0.105032,0.083087,0.06873,0.077387,0,0.16168,,2430400,,
1,2,,0,0.144166,0.340886,0.186749,0,0.094112,0.062625,0.00419,0,0.167271,,2647400,,
1,1,,0.004277,0.395427,0.093995,0.069446,0.146573,0.025886,0.07069,0.080494,0.001905,0.111307,,1911200,,
1,4,,0.000468,0.25373,0.091863,0.042368,0.258053,0.039784,0.096186,0.115923,0.005946,0.095679,,1856100,,
1,2,,0.008889,0.196371,0.284838,0.222391,0,0.083432,0.057778,0.002785,0.002785,0.140731,,1859800,,
1,4,,0.000777,0.105607,0.177513,0.203758,0.206954,0.088634,0.004642,0.02772,0.008349,0.176046,,2464300,,
1,1,,0.000468,0.297982,0.136974,0.060844,0.183398,0.030832,0.089579,0.087942,0.004889,0.107092,,1912900,,
1,1,,0.004277,0.400144,0.133047,0.051886,0.146573,0.025623,0.07069,0.06372,0.001905,0.102133,,1879200,,
1,1,,0.004912,0.29384,0.137439,0.055592,0.170065,0.042145,0.101801,0.076043,0.008889,0.109274,,1836200,,
1,1,,0.00327,0.273509,0.084207,0.115196,0.189315,0.044263,0.09931,0.074337,0,0.116592,,1985300,,
1,1,,0.004277,0.423236,0.071041,0.068564,0.146573,0.044867,0.07069,0.06372,0.001905,0.105127,,2010600,,
1,1,,0.000468,0.300562,0.286914,0.110409,0.085621,0.073805,0.004024,0.017815,0,0.120382,,1874400,,
1,1,,0.005668,0.323087,0.091863,0.048311,0.201121,0.033098,0.083774,0.087087,0.00275,0.123242,,2020200,,
1,1,,0.004658,0.282851,0.100916,0.112393,0.123335,0.048454,0.112976,0.054586,0.00419,0.155641,,1931000,,
1,1,,0.003201,0.223747,0.131971,0.051886,0.205869,0.025623,0.105142,0.108772,0.005466,0.138324,,1995200,,
1,1,,0.004277,0.423236,0.071041,0.068564,0.146573,0.044867,0.07069,0.06372,0.001905,0.105127,,2903700,,
1,1,,0.000468,0.30859,0.110772,0.051147,0.201121,0.033256,0.083774,0.089766,0.00275,0.118357,,1844700,,
1,3,,0.000468,0.179321,0.196804,0.241805,0.085621,0.104655,0.012651,0.012681,0.017255,0.148739,,2087500,,
1,4,,0.006073,0.180352,0.119863,0.060844,0.245366,0.030832,0.118928,0.106735,0.005605,0.125402,,1858900,,
1,4,,0.006938,0.142573,0.130451,0.040452,0.316434,0.056322,0.074284,0.07544,0,0.157106,,1865200,,
1,2,,0,0.221359,0.322801,0.176604,0,0.080217,0.061743,0.003308,0,0.133968,,1838800,,
1,4,,0.003201,0.185481,0.092918,0.044285,0.205869,0.034273,0.105142,0.150707,0.005466,0.172659,,1834500,,
1,1,,0.009477,0.411194,0.095672,0.048311,0.146573,0.033098,0.07069,0.06892,0.001905,0.114158,,2051900,,
1,3,,0.000309,0.126997,0.246346,0.283378,0,0.097628,0.059053,0,0.008349,0.17794,,1874600,,
1,2,,0,0.145049,0.424413,0.199105,0,0.078701,0.026809,0,0,0.125922,,1810100,,
1,4,,0.000468,0.245126,0.100328,0.033557,0.246037,0.017498,0.084232,0.138526,0.004583,0.129643,,1893400,,
1,4,,0.000468,0.15787,0.137363,0.038344,0.235547,0.039165,0.08982,0.143924,0.022815,0.134684,,2071000,,
1,3,,0.000309,0.12515,0.267167,0.315282,0,0.08856,0.035377,0,0.008349,0.159805,,1840900,,
1,1,,0.000468,0.301185,0.130801,0.076216,0.09239,0.093578,0.071716,0.061007,0.020308,0.152332,,1850000,,
1,1,,0.004277,0.403394,0.069672,0.118511,0.146573,0.030498,0.07069,0.06372,0.001905,0.090758,,1853400,,
1,4,,0.000468,0.13187,0.109863,0.027511,0.256037,0.037498,0.084232,0.180387,0.004583,0.16755,,1921100,,
1,2,,0.004,0.26199,0.273306,0.226114,0,0.082756,0.042839,0,0.00228,0.106715,,1996100,,
1,2,,0,0.205299,0.316645,0.173966,0,0.082813,0.058435,0.002785,0.002785,0.157272,,1825900,,
1,2,,0.006437,0.122348,0.284685,0.259939,0,0.071171,0.109425,0.009222,0.009222,0.127551,,1852500,,
1,2,,0.004,0.267098,0.278105,0.229474,0,0.080391,0.039308,0.003308,0,0.098316,,1859200,,
1,1,,0.004277,0.370512,0.143084,0.050452,0.15422,0.025145,0.07069,0.071367,0.001905,0.108347,,1917100,,
1,3,,0.004018,0.143412,0.226577,0.287506,0,0.094597,0.037705,0,0.008349,0.197838,,1809700,,
1,1,,0.004277,0.373061,0.108672,0.049178,0.146573,0.046387,0.07069,0.078165,0.001905,0.121092,,2171900,,
1,2,,0.004,0.213043,0.261391,0.255652,0,0.089913,0.039826,0.003826,0,0.132348,,1850400,,
1,2,,0.000468,0.226372,0.298658,0.143409,0.085621,0.073831,0.008214,0.020624,0,0.142804,,1883700,,
1,1,,0.006938,0.213831,0.15798,0.125334,0.105032,0.083087,0.06873,0.077387,0,0.16168,,1942600,,
1,1,,0.000468,0.311732,0.146349,0.051886,0.183398,0.025623,0.089579,0.081276,0.004889,0.1048,,1848700,,
1,2,,0.004,0.189905,0.29619,0.239619,0,0.094286,0.04019,0.00419,0,0.131619,,1868000,,
1,1,,0.004658,0.282851,0.100916,0.112393,0.123335,0.048454,0.112976,0.054586,0.00419,0.155641,,1866600,,
1,3,,0.000309,0.126997,0.246346,0.283378,0,0.097628,0.059053,0,0.008349,0.17794,,1862100,,
1,1,,0.003201,0.227416,0.11808,0.052672,0.205869,0.017498,0.105142,0.125546,0.005466,0.13911,,1890300,,
1,1,,0.004658,0.282851,0.100916,0.112393,0.123335,0.048454,0.112976,0.054586,0.00419,0.155641,,1837100,,
1,1,,0.007989,0.28539,0.101467,0.069446,0.160834,0.025886,0.124366,0.106135,0.007521,0.110965,,1828200,,
1,1,,0.000468,0.324042,0.112125,0.059026,0.183398,0.025377,0.089579,0.089154,0.004889,0.11194,,2175100,,
1,1,,0.007989,0.247267,0.181145,0.027511,0.172653,0.029317,0.124366,0.089361,0.007521,0.112871,,1873100,,
1,1,,0.004277,0.342916,0.122803,0.061424,0.146573,0.028803,0.07069,0.075024,0.001905,0.145584,,1819700,,
1,1,,0.004277,0.407324,0.122277,0.06379,0.146573,0.023545,0.07069,0.069767,0.001905,0.089851,,1912600,,
1,2,,0.000468,0.193803,0.208821,0.196203,0.085621,0.096644,0.0145,0.028395,0.005238,0.170307,,2041600,,
1,1,,0.000468,0.273771,0.090185,0.044285,0.201121,0.034273,0.083774,0.123822,0.00275,0.145551,,1870000,,
1,1,,0.004277,0.411912,0.115396,0.054407,0.146573,0.035429,0.07069,0.06372,0.001905,0.095689,,1816500,,
1,2,,0.000468,0.191971,0.211613,0.108069,0.100065,0.128477,0.010863,0.068165,0.00228,0.178029,,1867200,,
1,2,,0,0.188867,0.376569,0.207076,0,0.068779,0.034759,0,0,0.12395,,1866200,,
1,2,,0.000468,0.223334,0.287051,0.202279,0.085621,0.065469,0.004024,0.014053,0.007333,0.110367,,1921200,,
1,2,,0.000468,0.191991,0.254914,0.115552,0.125621,0.071519,0.004024,0.010387,0,0.225525,,2015500,,
1,1,,0.004277,0.396394,0.083672,0.067511,0.146573,0.037498,0.07069,0.07372,0.001905,0.117758,,2282400,,
1,2,,0.000468,0.238657,0.299914,0.117219,0.085621,0.080408,0.004024,0.024831,0,0.148858,,1813600,,
1,1,,0.004912,0.256184,0.094059,0.116838,0.170065,0.053152,0.101801,0.070459,0.008889,0.123641,,1892600,,
1,1,,0.011937,0.270195,0.117345,0.082313,0.189315,0.034832,0.09931,0.080709,0,0.114043,,1904400,,
1,3,,0.006588,0.129391,0.254773,0.271071,0,0.071929,0.118588,0.002785,0.002785,0.142091,,1884000,,
1,3,,0.008,0.081619,0.205429,0.25181,0,0.116381,0.186476,0.015714,0.013238,0.121333,,1818000,,
1,1,,0.000468,0.312433,0.122302,0.040194,0.201121,0.030181,0.083774,0.09457,0.00275,0.112208,,1842100,,
1,1,,0.004658,0.282851,0.100916,0.112393,0.123335,0.048454,0.112976,0.054586,0.00419,0.155641,,1887800,,
1,2,,0,0.145049,0.424413,0.199105,0,0.078701,0.026809,0,0,0.125922,,1903900,,
1,1,,0.000468,0.272153,0.150478,0.09428,0.09239,0.095191,0.071716,0.044233,0.020308,0.158784,,1860500,,
1,1,,0.000468,0.274452,0.133444,0.027511,0.183398,0.063381,0.089579,0.081276,0.004889,0.141602,,1845900,,
1,1,,0.000468,0.318912,0.135579,0.06379,0.183398,0.023545,0.089579,0.087322,0.004889,0.092518,,1927700,,
1,1,,0.004277,0.412455,0.098824,0.059026,0.146573,0.025377,0.07069,0.071599,0.001905,0.109274,,1875200,,
1,9,,0.000468,0.197527,0.197168,0.093625,0.145621,0.096255,0.010863,0.010387,0.00228,0.245807,,1807500,,
1,1,,0.000468,0.334824,0.084342,0.068564,0.183398,0.044867,0.089579,0.081276,0.004889,0.107793,,1839300,,
1,1,,0.004912,0.256184,0.094059,0.116838,0.170065,0.053152,0.101801,0.070459,0.008889,0.123641,,1947800,,
1,2,,0.008889,0.150952,0.270317,0.239365,0,0.096825,0.068254,0.015714,0.005238,0.144444,,1877700,,
1,1,,0.004277,0.342916,0.122803,0.061424,0.146573,0.028803,0.07069,0.075024,0.001905,0.145584,,1836200,,
1,9,,0.000468,0.160435,0.227808,0.150722,0.085621,0.07973,0.021983,0.010387,0,0.262847,,1812900,,
1,2,,0.000468,0.129885,0.269876,0.231834,0.085621,0.068661,0.014256,0.025681,0.005116,0.168602,,1798500,,
1,2,,0,0.112402,0.250994,0.248157,0,0.09499,0.144389,0.015714,0.005238,0.128116,,2070200,,
1,1,,0.000468,0.350116,0.193653,0.07587,0.085621,0.059911,0.051591,0.046853,0.005946,0.129971,,1831700,,
1,2,,0,0.216251,0.318001,0.173244,0,0.082583,0.065274,0,0.00228,0.142367,,1842500,,
1,1,,0.000468,0.333236,0.24063,0.102012,0.10233,0.053472,0.026302,0.027096,0.00557,0.108884,,1807600,,
1,1,,0.003103,0.213437,0.134434,0.030146,0.201549,0.060832,0.093605,0.140077,0.013174,0.109645,,1841500,,
1,2,,0.000468,0.158648,0.244974,0.126289,0.100065,0.126387,0.004024,0.071831,0.007333,0.159981,,1830400,,
1,1,,0.000468,0.382742,0.21172,0.083684,0.10233,0.045347,0.026302,0.045235,0.00557,0.096602,,2294600,,
1,2,,0.003709,0.237773,0.303032,0.180732,0,0.077186,0.040394,0.003308,0,0.153865,,2190000,,
1,1,,0.00327,0.256576,0.130964,0.086028,0.189315,0.017498,0.09931,0.072043,0,0.144995,,2421900,,
1,1,,0.000468,0.319941,0.222164,0.095365,0.108239,0.068983,0.026302,0.06255,0.00557,0.090419,,2259000,,
1,1,,0.004277,0.420334,0.090945,0.03539,0.146573,0.025377,0.07069,0.079478,0.001905,0.125031,,2183200,,
1,2,,0,0.188867,0.376569,0.207076,0,0.068779,0.034759,0,0,0.12395,,1819100,,
1,1,,0.000468,0.277112,0.113496,0.117946,0.183398,0.028803,0.089579,0.081276,0.004889,0.103034,,2190700,,
1,1,,0.000468,0.250174,0.224698,0.178507,0.085621,0.08302,0.010863,0.012681,0.00228,0.151689,,1849100,,
1,1,,0.007989,0.256358,0.121145,0.087511,0.160834,0.027498,0.124366,0.089361,0.007521,0.117416,,1803800,,
1,2,,0.000468,0.174928,0.278294,0.104999,0.093268,0.101308,0.024976,0.054943,0.006984,0.159831,,1917800,,
1,2,,0.009912,0.16987,0.289782,0.218139,0,0.106047,0.074336,0.003667,0.007333,0.120914,,2062900,,
1,1,,0.004277,0.412455,0.098824,0.059026,0.146573,0.025377,0.07069,0.071599,0.001905,0.109274,,1845900,,
1,2,,0.000468,0.201228,0.212783,0.208045,0.085621,0.090176,0.00785,0.016507,0,0.177322,,1808900,,
1,1,,0.000468,0.361237,0.117439,0.033557,0.183398,0.017498,0.089579,0.099415,0.004889,0.092518,,1848300,,
1,1,,0.003103,0.210888,0.147179,0.053087,0.209196,0.025145,0.093605,0.126058,0.013174,0.118566,,1871300,,
1,1,,0.004658,0.282851,0.100916,0.112393,0.123335,0.048454,0.112976,0.054586,0.00419,0.155641,,2139900,,
1,1,,0.004277,0.300839,0.058117,0.041955,0.161018,0.089721,0.07069,0.121498,0.001905,0.149981,,1940900,,
1,3,,0.008,0.065905,0.24419,0.247619,0,0.114286,0.18019,0.00419,0.008,0.127619,,1821400,,
1,1,,0.000468,0.318912,0.135579,0.06379,0.183398,0.023545,0.089579,0.087322,0.004889,0.092518,,1814300,,
1,1,,0.007989,0.249005,0.078674,0.112393,0.160834,0.044263,0.124366,0.091655,0.007521,0.123299,,2463500,,
1,1,,0.000468,0.297874,0.210262,0.063187,0.098002,0.059609,0.051591,0.058932,0.005946,0.154129,,2030000,,
1,4,,0.003201,0.210451,0.113505,0.045238,0.211778,0.041135,0.105142,0.144226,0.005466,0.119858,,1817600,,
1,2,,0.009912,0.154247,0.244506,0.229457,0,0.115294,0.078162,0.003826,0,0.164596,,1854200,,
1,1,,0.00327,0.309894,0.107001,0.072249,0.189315,0.025886,0.09931,0.088817,0,0.104258,,2120600,,
1,1,,0.000468,0.284954,0.104863,0.049178,0.201121,0.046387,0.083774,0.096331,0.00275,0.130175,,2002800,,
1,1,,0.004658,0.282851,0.100916,0.112393,0.123335,0.048454,0.112976,0.054586,0.00419,0.155641,,1838700,,
1,1,,0.000468,0.300054,0.277452,0.122146,0.085621,0.053889,0.007332,0.030469,0,0.122569,,1834800,,
1,2,,0,0.170585,0.386667,0.197178,0,0.083437,0.033648,0,0.00228,0.126204,,1924300,,
1,1,,0.00327,0.326923,0.143345,0.046071,0.189315,0.025377,0.09931,0.0878,0,0.078588,,1929700,,
1,1,,0.004277,0.423236,0.071041,0.068564,0.146573,0.044867,0.07069,0.06372,0.001905,0.105127,,1821700,,
1,1,,0.004277,0.386394,0.123672,0.060844,0.146573,0.030832,0.07069,0.070387,0.001905,0.104425,,2374100,,
1,1,,0.004277,0.396697,0.114581,0.051147,0.146573,0.033256,0.07069,0.071599,0.001905,0.109274,,2277400,,
1,4,,0.003201,0.196663,0.107596,0.049178,0.205869,0.046387,0.105142,0.123216,0.005466,0.157282,,2312400,,
1,1,,0.000468,0.274758,0.131627,0.035158,0.208768,0.017498,0.083774,0.112475,0.00275,0.132724,,2199800,,
1,1,,0.000468,0.278819,0.128626,0.053539,0.09239,0.10445,0.071716,0.053863,0.020308,0.195821,,2378400,,
1,1,,0.004277,0.366394,0.113672,0.087511,0.146573,0.027498,0.07069,0.06372,0.001905,0.117758,,2525100,,
1,1,,0.007989,0.249005,0.078674,0.112393,0.160834,0.044263,0.124366,0.091655,0.007521,0.123299,,2536600,,
1,1,,0.000468,0.324348,0.095014,0.059026,0.201121,0.025377,0.083774,0.089766,0.00275,0.118357,,2438400,,
1,1,,0.000468,0.306092,0.109619,0.046535,0.207462,0.02384,0.083774,0.09457,0.00275,0.12489,,2379600,,
1,1,,0.007989,0.249005,0.078674,0.112393,0.160834,0.044263,0.124366,0.091655,0.007521,0.123299,,2372000,,
1,1,,0.004277,0.423236,0.071041,0.068564,0.146573,0.044867,0.07069,0.06372,0.001905,0.105127,,2456200,,
1,3,,0.004018,0.143412,0.226577,0.287506,0,0.094597,0.037705,0,0.008349,0.197838,,2161100,,
1,1,,0.004912,0.256184,0.094059,0.116838,0.170065,0.053152,0.101801,0.070459,0.008889,0.123641,,2567900,,
1,1,,0.007989,0.272654,0.089663,0.104548,0.160834,0.017498,0.124366,0.098991,0.007521,0.115935,,2567200,,
1,3,,0.004018,0.143412,0.226577,0.287506,0,0.094597,0.037705,0,0.008349,0.197838,,2239800,,
1,1,,0.00327,0.311165,0.127587,0.05395,0.189315,0.033256,0.09931,0.079922,0,0.102225,,2329800,,
1,1,,0.000468,0.312128,0.139413,0.040194,0.183398,0.030181,0.089579,0.093959,0.004889,0.105791,,2847000,,
1,1,,0.004658,0.331134,0.151991,0.06379,0.123335,0.027735,0.112976,0.058338,0.00419,0.121851,,2240900,,
1,2,,0.000468,0.164603,0.241912,0.223424,0.085621,0.091702,0.025663,0.0176,0.007213,0.141794,,2336300,,
1,1,,0.000468,0.23047,0.155392,0.112393,0.142192,0.06312,0.098309,0.050395,0,0.14726,,2470600,,
1,2,,0.000468,0.253997,0.273639,0.093625,0.085621,0.102137,0.010863,0.010387,0.00228,0.166983,,2195500,,
1,3,,0.000309,0.12515,0.267167,0.315282,0,0.08856,0.035377,0,0.008349,0.159805,,1881200,,
1,1,,0.000468,0.302456,0.151387,0.057917,0.09239,0.100948,0.071716,0.052112,0.020308,0.150299,,1845700,,
1,1,,0.004658,0.294321,0.172798,0.050452,0.130982,0.029336,0.112976,0.059939,0.00419,0.140347,,1856400,,
1,1,,0.000468,0.297874,0.210262,0.063187,0.098002,0.059609,0.051591,0.058932,0.005946,0.154129,,1848100,,
1,1,,0.000468,0.257153,0.145478,0.136423,0.09239,0.094476,0.071716,0.044233,0.020308,0.137355,,1839900,,
1,1,,0.000777,0.251529,0.185978,0.209805,0.085621,0.0713,0.004642,0.028526,0.008349,0.153473,,1810400,,
1,2,,0.008889,0.196371,0.284838,0.222391,0,0.083432,0.057778,0.002785,0.002785,0.140731,,1904600,,
1,2,,0.004148,0.217693,0.339824,0.207151,0,0.071942,0.040025,0,0.00228,0.116937,,1848500,,
1,1,,0.004658,0.282851,0.100916,0.112393,0.123335,0.048454,0.112976,0.054586,0.00419,0.155641,,1846700,,
1,1,,0.004277,0.365525,0.100194,0.117946,0.146573,0.028803,0.07069,0.06372,0.001905,0.100367,,1812900,,
1,1,,0.000468,0.33597,0.191214,0.09652,0.085621,0.060562,0.051591,0.040837,0.005946,0.131272,,1933100,,
1,1,,0.004912,0.256184,0.094059,0.116838,0.170065,0.053152,0.101801,0.070459,0.008889,0.123641,,2428900,,
1,1,,0.000468,0.324348,0.095014,0.059026,0.201121,0.025377,0.083774,0.089766,0.00275,0.118357,,1885500,,
1,1,,0.007989,0.249005,0.078674,0.112393,0.160834,0.044263,0.124366,0.091655,0.007521,0.123299,,1822100,,
1,1,,0.000468,0.282099,0.156386,0.050452,0.191046,0.025145,0.089579,0.088923,0.004889,0.111013,,1843600,,
1,1,,0.028295,0.23384,0.120659,0.09842,0.123335,0.045325,0.112976,0.075928,0.00419,0.157031,,2250900,,
1,1,,0.000468,0.295957,0.212432,0.169402,0.10233,0.060641,0.026302,0.027096,0.00557,0.099804,,1886500,,
1,3,,0.000309,0.12515,0.267167,0.315282,0,0.08856,0.035377,0,0.008349,0.159805,,1834100,,
1,1,,0.004277,0.44965,0.104137,0.033557,0.146573,0.017498,0.07069,0.08186,0.001905,0.089851,,1932900,,
1,2,,0.004148,0.206742,0.338468,0.207872,0,0.072173,0.033185,0.002785,0.002785,0.131842,,2045800,,
1,1,,0.011937,0.270195,0.117345,0.082313,0.189315,0.034832,0.09931,0.080709,0,0.114043,,1856200,,
1,7,,0.005303,0.113537,0.109863,0.027511,0.153643,0.037498,0.100727,0.268629,0.048352,0.134938,,1835500,,
1,1,,0.000468,0.326092,0.127751,0.042159,0.09239,0.09307,0.071716,0.059991,0.020308,0.166057,,1910800,,
1,6,,0,0.155949,0.181392,0.110127,0.016709,0.047848,0.282278,0.106709,0.00557,0.093418,,1934900,,
1,1,,0.009135,0.267315,0.117641,0.079511,0.183398,0.034832,0.089579,0.089942,0.004889,0.123758,,2106200,,
1,1,,0.000468,0.270629,0.084503,0.112393,0.183398,0.044263,0.089579,0.08357,0.004889,0.126307,,1951700,,
1,3,,0.000777,0.196078,0.195269,0.222783,0.091962,0.077642,0.004642,0.02307,0.008349,0.179429,,1860400,,
1,4,,0.006073,0.158352,0.117863,0.040511,0.245366,0.056498,0.118928,0.113068,0.005605,0.137735,,1901500,,
1,3,,0.000309,0.126997,0.246346,0.283378,0,0.097628,0.059053,0,0.008349,0.17794,,1908100,,
1,1,,0.006938,0.258604,0.205935,0.065613,0.105032,0.056322,0.06873,0.091867,0,0.140959,,1868200,,
1,1,,0.004277,0.386849,0.114581,0.045238,0.152482,0.041135,0.07069,0.099175,0.001905,0.083667,,1843300,,
1,3,,0.004018,0.143412,0.226577,0.287506,0,0.094597,0.037705,0,0.008349,0.197838,,1813700,,
1,1,,0.007989,0.293358,0.077145,0.118511,0.160834,0.030498,0.124366,0.089361,0.007521,0.090416,,1938100,,
1,2,,0.000309,0.081332,0.315012,0.307311,0,0.098483,0.027427,0,0.008349,0.161777,,1907100,,
1,2,,0.004,0.251038,0.271949,0.226835,0,0.082987,0.036,0.002785,0.002785,0.12162,,1839000,,
1,2,,0.009912,0.131108,0.279306,0.213424,0,0.119666,0.078527,0.00419,0,0.163867,,1806600,,
1,1,,0.000468,0.298457,0.275773,0.129904,0.085621,0.062301,0.010863,0.016433,0.00228,0.1179,,2232500,,
1,4,,0.000468,0.212964,0.109619,0.046535,0.264395,0.02384,0.096186,0.121178,0.005946,0.11887,,2177700,,
1,1,,0.000468,0.288982,0.082974,0.066511,0.183398,0.056498,0.089579,0.081276,0.004889,0.145425,,1828000,,
1,2,,0.000468,0.193803,0.208821,0.196203,0.085621,0.096644,0.0145,0.028395,0.005238,0.170307,,1810800,,
1,1,,0.00327,0.28498,0.15609,0.053255,0.196962,0.025145,0.09931,0.07969,0,0.101298,,1822700,,
1,7,,0.011749,0.055309,0.089877,0.186667,0.058022,0.034568,0.179666,0.198242,0.048352,0.13755,,2184700,,
1,1,,0.004277,0.370512,0.143084,0.050452,0.15422,0.025145,0.07069,0.071367,0.001905,0.108347,,1844600,,
1,1,,0.000468,0.311453,0.161537,0.079961,0.085621,0.064002,0.051591,0.076106,0.005946,0.163315,,1849100,,
1,1,,0.004277,0.400541,0.126111,0.040194,0.146573,0.030181,0.07069,0.076403,0.001905,0.103124,,1837600,,
1,1,,0.004277,0.423236,0.071041,0.068564,0.146573,0.044867,0.07069,0.06372,0.001905,0.105127,,1943300,,
1,3,,0.000777,0.160921,0.153042,0.288641,0.085621,0.098065,0.004642,0.012681,0.008349,0.187262,,1867100,,
1,1,,0.007989,0.252828,0.097027,0.042805,0.160834,0.048087,0.124366,0.089361,0.007521,0.169181,,1870900,,
1,1,,0.004658,0.318009,0.143143,0.046535,0.129676,0.02803,0.112976,0.064974,0.00419,0.147807,,1826900,,
1,1,,0.006938,0.220315,0.186973,0.130887,0.105032,0.067626,0.06873,0.075093,0,0.138406,,1797000,,
1,1,,0.004277,0.366394,0.113672,0.087511,0.146573,0.027498,0.07069,0.06372,0.001905,0.117758,,2065200,,
1,1,,0.007989,0.291913,0.108923,0.0564,0.160834,0.031943,0.124366,0.103806,0.007521,0.106305,,1872200,,
1,1,,0.004658,0.282851,0.100916,0.112393,0.123335,0.048454,0.112976,0.054586,0.00419,0.155641,,1833400,,
1,1,,0.000468,0.23047,0.155392,0.112393,0.142192,0.06312,0.098309,0.050395,0,0.14726,,1852800,,
1,1,,0.006938,0.220315,0.186973,0.130887,0.105032,0.067626,0.06873,0.075093,0,0.138406,,2021900,,
1,1,,0.000468,0.260192,0.13891,0.027511,0.213502,0.029879,0.083774,0.106649,0.00275,0.136366,,2072000,,
1,1,,0.004658,0.282851,0.100916,0.112393,0.123335,0.048454,0.112976,0.054586,0.00419,0.155641,,1817900,,
1,4,,0.000468,0.237358,0.111214,0.063187,0.297023,0.047228,0.057145,0.034518,0.005946,0.145914,,1819900,,
1,1,,0.004277,0.411912,0.115396,0.054407,0.146573,0.035429,0.07069,0.06372,0.001905,0.095689,,2258000,,
1,1,,0.000468,0.294946,0.272652,0.118786,0.085621,0.056255,0.010863,0.027161,0.00228,0.130968,,1975600,,
1,1,,0.004658,0.282851,0.100916,0.112393,0.123335,0.048454,0.112976,0.054586,0.00419,0.155641,,1820700,,
1,2,,0,0.214403,0.338823,0.205148,0,0.073515,0.041598,0,0.00228,0.124232,,1831600,,
1,3,,0.004309,0.172736,0.20165,0.336247,0,0.097802,0.036618,0,0.008349,0.142288,,1899600,,
1,1,,0.013579,0.25287,0.127196,0.083955,0.170065,0.043721,0.101801,0.076831,0.008889,0.121092,,2521900,,
1,2,,0.000468,0.191991,0.254914,0.115552,0.125621,0.071519,0.004024,0.010387,0,0.225525,,1818600,,
1,1,,0.007989,0.249005,0.078674,0.112393,0.160834,0.044263,0.124366,0.091655,0.007521,0.123299,,1828700,,
1,2,,0.000468,0.190086,0.291706,0.203609,0.085621,0.054165,0.004024,0.029348,0.007333,0.133641,,1933000,,
1,9,,0.012047,0.161853,0.097722,0.096844,0.137726,0.0522,0.160339,0.050913,0.011579,0.218776,,1916400,,
1,1,,0.006938,0.220315,0.186973,0.130887,0.105032,0.067626,0.06873,0.075093,0,0.138406,,1840800,,
1,3,,0.000309,0.12515,0.267167,0.315282,0,0.08856,0.035377,0,0.008349,0.159805,,1836200,,
1,3,,0.006914,0.158347,0.245826,0.253502,0,0.073555,0.082963,0.002785,0.002785,0.173324,,1828400,,
1,2,,0.004,0.251038,0.271949,0.226835,0,0.082987,0.036,0.002785,0.002785,0.12162,,1909300,,
1,3,,0.006588,0.083972,0.240252,0.288045,0,0.085322,0.129064,0.015714,0.005238,0.145804,,1922100,,
1,1,,0.00327,0.297158,0.095197,0.107351,0.189315,0.017498,0.09931,0.081672,0,0.109228,,2006700,,
1,2,,0.024104,0.107639,0.255973,0.210978,0.085621,0.092298,0.014256,0.034023,0.005116,0.169992,,1888100,,
1,2,,0.000309,0.081332,0.315012,0.307311,0,0.098483,0.027427,0,0.008349,0.161777,,1854000,,
1,2,,0.000468,0.224638,0.262444,0.180435,0.085621,0.078284,0.004024,0.012681,0,0.151407,,1947800,,
1,1,,0.000468,0.242527,0.229668,0.093625,0.085621,0.121255,0.010863,0.026637,0.00228,0.187057,,1842800,,
1,1,,0.000468,0.355408,0.140943,0.040327,0.09239,0.085191,0.071716,0.062372,0.020308,0.130877,,1824100,,
1,1,,0.000468,0.277982,0.126974,0.087511,0.183398,0.027498,0.089579,0.081276,0.004889,0.120425,,1824200,,
1,2,,0.009912,0.109669,0.267952,0.246363,0,0.120543,0.084569,0,0.005116,0.155876,,2196500,,
2,2,,0.000468,0.246575,0.265812,0.154346,0.085621,0.066486,0.004024,0.013172,0.002785,0.160712,,1855300,,
2,2,,0.000468,0.253997,0.258345,0.18539,0.085621,0.071549,0.010863,0.010387,0.00228,0.121101,,1838500,,
2,2,,0.000468,0.231502,0.275205,0.138645,0.085621,0.075663,0.008214,0.022456,0,0.162226,,1865400,,
2,6,,0.014359,0.11399,0.23628,0.152268,0,0.060295,0.250942,0.028718,0.016639,0.12651,,1902900,,
2,2,,0.000309,0.081332,0.315012,0.307311,0,0.098483,0.027427,0,0.008349,0.161777,,1847600,,
2,9,,0.000468,0.202635,0.201968,0.096985,0.145621,0.093889,0.007332,0.013695,0,0.237407,,1821700,,
2,1,,0.000468,0.271969,0.210302,0.040194,0.142192,0.049039,0.098309,0.060784,0,0.126743,,1866900,,
2,3,,0.000309,0.040292,0.140094,0.370692,0,0.084913,0.187285,0,0.023904,0.15251,,1832900,,
2,2,,0.004,0.228667,0.306667,0.244333,0,0.080667,0.036,0.003667,0.007333,0.088667,,2119200,,
2,3,,0.000309,0.12515,0.267167,0.315282,0,0.08856,0.035377,0,0.008349,0.159805,,1836300,,
2,3,,0.004018,0.143412,0.226577,0.287506,0,0.094597,0.037705,0,0.008349,0.197838,,1885000,,
2,2,,0.000468,0.170512,0.306912,0.121281,0.097439,0.094235,0.025663,0.0176,0.007213,0.158677,,1822700,,
2,2,,0.003709,0.207129,0.335979,0.1793,0,0.074815,0.037086,0,0,0.161983,,1883000,,
2,2,,0.000468,0.178089,0.247583,0.192012,0.085621,0.094549,0.008214,0.016871,0,0.176593,,1875400,,
2,3,,0.000309,0.079519,0.195215,0.340595,0,0.096411,0.134531,0,0.008349,0.145071,,1843300,,
2,2,,0.006437,0.099977,0.319402,0.277437,0,0.068851,0.109425,0.010103,0.01377,0.094598,,1816900,,
2,2,,0.000468,0.261464,0.275967,0.191342,0.085621,0.051519,0.004024,0.010387,0,0.119209,,1841400,,
