led-display,Tuned_CWT,test,4,NANOSECONDS,PREDICTIONS, Generated by ClassifierExperiments.java on 2022-05-16 00:28:30.    SYSTEMPROPERTIES:{user.name:matth,os.arch:amd64,os.name:Windows 10},ENDSYSTEMPROPERTIES
No parameter info
0.7142857142857143,39194800,51104400,-1,19406760,10,,-1,-1
0,0,,0.339822,0.000702,0.038596,0.003509,0.054035,0.030877,0.207156,0.000702,0.24643,0.078171,,625400,,
0,9,,0.098018,0.001579,0.013395,0.045921,0.06164,0.299044,0.048307,0.009184,0.045412,0.3775,,475100,,
0,8,,0.284108,0.000702,0.038596,0.003509,0.054035,0.030877,0.198584,0.000702,0.327858,0.061028,,460700,,
0,0,,0.339822,0.000702,0.038596,0.003509,0.054035,0.030877,0.207156,0.000702,0.24643,0.078171,,460700,,
0,0,,0.339822,0.000702,0.038596,0.003509,0.054035,0.030877,0.207156,0.000702,0.24643,0.078171,,496100,,
0,0,,0.339822,0.000702,0.038596,0.003509,0.054035,0.030877,0.207156,0.000702,0.24643,0.078171,,500500,,
0,0,,0.374108,0.000702,0.038596,0.003509,0.054035,0.030877,0.198584,0.000702,0.237858,0.061028,,466000,,
0,0,,0.339822,0.000702,0.038596,0.003509,0.054035,0.030877,0.207156,0.000702,0.24643,0.078171,,458300,,
0,8,,0.199164,0.000702,0.040229,0.003509,0.056076,0.030877,0.211976,0.000702,0.376198,0.080567,,462200,,
1,3,,0.047259,0.223431,0.232965,0.307724,0.003832,0.042968,0.025558,0.082555,0.016298,0.017409,,491600,,
1,1,,0.013954,0.436022,0.072642,0.063628,0.036653,0.00479,0.002874,0.365604,0.001916,0.001916,,465700,,
1,7,,0.016454,0.24266,0.077642,0.110439,0.036653,0.00479,0.002874,0.504656,0.001916,0.001916,,466400,,
1,1,,0.013954,0.436022,0.072642,0.063628,0.036653,0.00479,0.002874,0.365604,0.001916,0.001916,,482500,,
1,1,,0.013954,0.436022,0.072642,0.063628,0.036653,0.00479,0.002874,0.365604,0.001916,0.001916,,460400,,
1,1,,0.013954,0.436022,0.072642,0.063628,0.036653,0.00479,0.002874,0.365604,0.001916,0.001916,,468400,,
1,7,,0.013954,0.395113,0.072642,0.063628,0.036653,0.00479,0.002874,0.406513,0.001916,0.001916,,462800,,
1,7,,0.013954,0.395113,0.072642,0.063628,0.036653,0.00479,0.002874,0.406513,0.001916,0.001916,,458800,,
2,8,,0.179878,0.000702,0.130229,0.003509,0.056076,0.030877,0.199119,0.000702,0.337626,0.061282,,458600,,
2,2,,0.041704,0.041208,0.432965,0.304391,0.003832,0.040745,0.024447,0.078111,0.016298,0.016298,,481500,,
2,3,,0.041704,0.041208,0.349854,0.383057,0.003832,0.042968,0.024447,0.080333,0.016298,0.016298,,465500,,
2,2,,0.041704,0.041208,0.432965,0.304391,0.003832,0.040745,0.024447,0.078111,0.016298,0.016298,,461500,,
2,2,,0.041704,0.041208,0.432965,0.304391,0.003832,0.040745,0.024447,0.078111,0.016298,0.016298,,460300,,
2,3,,0.041704,0.041208,0.349854,0.383057,0.003832,0.042968,0.024447,0.080333,0.016298,0.016298,,516700,,
2,7,,0.016454,0.33266,0.167642,0.065439,0.036653,0.00479,0.002874,0.369656,0.001916,0.001916,,505300,,
2,7,,0.016454,0.33266,0.167642,0.065439,0.036653,0.00479,0.002874,0.369656,0.001916,0.001916,,463600,,
2,2,,0.041704,0.041208,0.432965,0.304391,0.003832,0.040745,0.024447,0.078111,0.016298,0.016298,,469500,,
2,2,,0.041704,0.041208,0.432965,0.304391,0.003832,0.040745,0.024447,0.078111,0.016298,0.016298,,470100,,
2,8,,0.199164,0.000702,0.040229,0.003509,0.056076,0.030877,0.211976,0.000702,0.376198,0.080567,,478700,,
3,8,,0.199164,0.000702,0.040229,0.003509,0.056076,0.030877,0.211976,0.000702,0.376198,0.080567,,463200,,
3,7,,0.013954,0.24016,0.079309,0.062939,0.229986,0.00479,0.002874,0.362156,0.001916,0.001916,,487600,,
3,3,,0.077259,0.073431,0.232965,0.337724,0.003832,0.042968,0.025558,0.142555,0.016298,0.047409,,510600,,
3,3,,0.041704,0.041208,0.233478,0.493088,0.003832,0.041771,0.025473,0.078111,0.017324,0.024011,,482500,,
3,3,,0.041704,0.041208,0.349854,0.383057,0.003832,0.042968,0.024447,0.080333,0.016298,0.016298,,486900,,
3,3,,0.041704,0.041208,0.233478,0.500288,0.003832,0.041771,0.025473,0.078111,0.017324,0.016811,,474100,,
3,9,,0.038018,0.001579,0.013395,0.079254,0.06164,0.319044,0.048307,0.009184,0.052079,0.3775,,479500,,
3,9,,0.038018,0.001579,0.013395,0.079254,0.06164,0.319044,0.048307,0.009184,0.052079,0.3775,,476400,,
3,3,,0.041704,0.041208,0.233478,0.493088,0.003832,0.041771,0.025473,0.078111,0.017324,0.024011,,474300,,
3,3,,0.041704,0.041208,0.233478,0.493088,0.003832,0.041771,0.025473,0.078111,0.017324,0.024011,,475400,,
3,3,,0.041704,0.041208,0.233478,0.493088,0.003832,0.041771,0.025473,0.078111,0.017324,0.024011,,471800,,
3,3,,0.041704,0.041208,0.349854,0.383057,0.003832,0.042968,0.024447,0.080333,0.016298,0.016298,,522000,,
4,4,,0.022807,0.016504,0.005789,0.007895,0.693847,0.070175,0.026491,0.001579,0.044912,0.11,,510000,,
4,4,,0.022807,0.016504,0.005789,0.007895,0.693847,0.070175,0.026491,0.001579,0.044912,0.11,,504700,,
4,4,,0.022807,0.016504,0.005789,0.007895,0.693847,0.070175,0.026491,0.001579,0.044912,0.11,,490600,,
4,4,,0.022807,0.016504,0.005789,0.007895,0.693847,0.070175,0.026491,0.001579,0.044912,0.11,,534600,,
4,4,,0.022807,0.016504,0.005789,0.007895,0.693847,0.070175,0.026491,0.001579,0.044912,0.11,,479300,,
4,4,,0.022807,0.015789,0.005789,0.007895,0.502561,0.252175,0.026491,0.001579,0.046912,0.118,,484600,,
4,4,,0.022807,0.015789,0.005789,0.007895,0.502561,0.252175,0.026491,0.001579,0.046912,0.118,,506400,,
4,9,,0.098018,0.001579,0.013395,0.045921,0.06164,0.299044,0.048307,0.009184,0.045412,0.3775,,478300,,
4,4,,0.022807,0.016504,0.005789,0.007895,0.693847,0.070175,0.026491,0.001579,0.044912,0.11,,458500,,
4,4,,0.022807,0.016504,0.005789,0.007895,0.693847,0.070175,0.026491,0.001579,0.044912,0.11,,464700,,
4,4,,0.022807,0.016504,0.005789,0.007895,0.693847,0.070175,0.026491,0.001579,0.044912,0.11,,460100,,
5,5,,0.037018,0.001579,0.012895,0.043421,0.06114,0.460151,0.062764,0.008684,0.052391,0.259957,,462200,,
5,5,,0.037018,0.001579,0.012895,0.043421,0.06114,0.460151,0.062764,0.008684,0.052391,0.259957,,463300,,
5,5,,0.037018,0.001579,0.012895,0.043421,0.06114,0.460151,0.062764,0.008684,0.052391,0.259957,,468500,,
5,5,,0.037018,0.001579,0.012895,0.043421,0.06114,0.460151,0.062764,0.008684,0.052391,0.259957,,468800,,
5,4,,0.022807,0.015789,0.005789,0.007895,0.502561,0.252175,0.026491,0.001579,0.046912,0.118,,460300,,
5,5,,0.037018,0.001579,0.012895,0.043421,0.06114,0.494766,0.048918,0.008684,0.045468,0.246111,,476200,,
5,5,,0.037018,0.001579,0.012895,0.043421,0.06114,0.460151,0.062764,0.008684,0.052391,0.259957,,461900,,
5,5,,0.037018,0.001579,0.012895,0.043421,0.06114,0.460151,0.062764,0.008684,0.052391,0.259957,,634600,,
5,5,,0.037018,0.001579,0.012895,0.043421,0.06114,0.494766,0.048918,0.008684,0.045468,0.246111,,502400,,
5,5,,0.037018,0.001579,0.012895,0.043421,0.06114,0.460151,0.062764,0.008684,0.052391,0.259957,,488700,,
5,5,,0.037018,0.001579,0.012895,0.043421,0.06114,0.460151,0.062764,0.008684,0.052391,0.259957,,465700,,
6,6,,0.178871,0.000702,0.038596,0.003509,0.054035,0.031502,0.374572,0.000702,0.257862,0.059649,,476700,,
6,6,,0.178871,0.000702,0.038596,0.003509,0.054035,0.031502,0.374572,0.000702,0.257862,0.059649,,465700,,
6,6,,0.178871,0.000702,0.038596,0.003509,0.054035,0.031502,0.374572,0.000702,0.257862,0.059649,,475600,,
6,6,,0.178871,0.000702,0.038596,0.003509,0.054035,0.031502,0.374572,0.000702,0.257862,0.059649,,461500,,
6,6,,0.178871,0.000702,0.038596,0.003509,0.054035,0.031502,0.32152,0.000702,0.310914,0.059649,,471000,,
6,8,,0.178871,0.000702,0.038596,0.003509,0.054035,0.091502,0.27352,0.000702,0.298914,0.059649,,459600,,
6,6,,0.178871,0.000702,0.038596,0.003509,0.054035,0.031502,0.374572,0.000702,0.257862,0.059649,,469100,,
6,8,,0.178871,0.000702,0.038596,0.003509,0.054035,0.091502,0.27352,0.000702,0.298914,0.059649,,458600,,
6,6,,0.178871,0.000702,0.038596,0.003509,0.054035,0.031502,0.374572,0.000702,0.257862,0.059649,,461600,,
6,5,,0.037018,0.001579,0.012895,0.043421,0.06114,0.494766,0.048918,0.008684,0.045468,0.246111,,466700,,
7,7,,0.013954,0.395113,0.072642,0.063628,0.036653,0.00479,0.002874,0.406513,0.001916,0.001916,,483200,,
7,7,,0.013954,0.241303,0.073214,0.06351,0.036653,0.00479,0.002874,0.55987,0.001916,0.001916,,511400,,
7,7,,0.013954,0.249129,0.073214,0.071336,0.036653,0.00479,0.002874,0.544218,0.001916,0.001916,,497800,,
7,9,,0.098018,0.001579,0.013395,0.045921,0.06164,0.299044,0.048307,0.009184,0.045412,0.3775,,578600,,
7,7,,0.013954,0.249129,0.073214,0.071336,0.036653,0.00479,0.002874,0.544218,0.001916,0.001916,,485600,,
7,7,,0.013954,0.249129,0.073214,0.071336,0.036653,0.00479,0.002874,0.544218,0.001916,0.001916,,472400,,
7,7,,0.013954,0.249129,0.073214,0.071336,0.036653,0.00479,0.002874,0.544218,0.001916,0.001916,,487500,,
7,7,,0.013954,0.249129,0.073214,0.071336,0.036653,0.00479,0.002874,0.544218,0.001916,0.001916,,516100,,
7,7,,0.013954,0.249129,0.073214,0.071336,0.036653,0.00479,0.002874,0.544218,0.001916,0.001916,,479500,,
7,9,,0.098018,0.001579,0.013395,0.045921,0.06164,0.299044,0.048307,0.009184,0.045412,0.3775,,473900,,
7,7,,0.013954,0.395113,0.072642,0.063628,0.036653,0.00479,0.002874,0.406513,0.001916,0.001916,,443000,,
7,7,,0.013954,0.249129,0.073214,0.071336,0.036653,0.00479,0.002874,0.544218,0.001916,0.001916,,424400,,
8,8,,0.199164,0.000702,0.040229,0.003509,0.056076,0.030877,0.211976,0.000702,0.376198,0.080567,,422300,,
8,8,,0.199164,0.000702,0.040229,0.003509,0.056076,0.030877,0.211976,0.000702,0.376198,0.080567,,423800,,
8,8,,0.199164,0.000702,0.040229,0.003509,0.056076,0.030877,0.211976,0.000702,0.376198,0.080567,,429300,,
8,9,,0.038018,0.001579,0.013395,0.079254,0.06164,0.319044,0.048307,0.009184,0.052079,0.3775,,1404300,,
8,3,,0.041704,0.041208,0.233478,0.493088,0.003832,0.041771,0.025473,0.078111,0.017324,0.024011,,417500,,
8,8,,0.179878,0.000702,0.130229,0.003509,0.056076,0.030877,0.199119,0.000702,0.337626,0.061282,,413700,,
8,8,,0.199164,0.000702,0.040229,0.003509,0.056076,0.030877,0.211976,0.000702,0.376198,0.080567,,493600,,
8,9,,0.038018,0.001579,0.013395,0.079254,0.06164,0.319044,0.048307,0.009184,0.052079,0.3775,,468500,,
8,8,,0.199164,0.000702,0.040229,0.003509,0.056076,0.030877,0.211976,0.000702,0.376198,0.080567,,428000,,
8,8,,0.179878,0.000702,0.130229,0.003509,0.056076,0.030877,0.199119,0.000702,0.337626,0.061282,,431600,,
8,8,,0.199164,0.000702,0.040229,0.003509,0.056076,0.030877,0.211976,0.000702,0.376198,0.080567,,924600,,
9,9,,0.038018,0.001579,0.013395,0.045921,0.12164,0.299044,0.048307,0.069184,0.045412,0.3175,,605100,,
9,9,,0.038018,0.001579,0.013395,0.079254,0.06164,0.319044,0.048307,0.009184,0.052079,0.3775,,415300,,
9,9,,0.038018,0.001579,0.013395,0.079254,0.06164,0.319044,0.048307,0.009184,0.052079,0.3775,,416700,,
9,9,,0.038018,0.001579,0.013395,0.079254,0.06164,0.319044,0.048307,0.009184,0.052079,0.3775,,409300,,
9,4,,0.022807,0.015789,0.005789,0.007895,0.592561,0.072175,0.026491,0.001579,0.046912,0.208,,429300,,
9,9,,0.038018,0.001579,0.013395,0.079254,0.06164,0.319044,0.048307,0.009184,0.052079,0.3775,,452300,,
9,9,,0.038018,0.001579,0.013395,0.079254,0.06164,0.319044,0.048307,0.009184,0.052079,0.3775,,413200,,
9,5,,0.037018,0.001579,0.012895,0.043421,0.06114,0.494766,0.048918,0.008684,0.045468,0.246111,,421100,,
9,9,,0.038018,0.001579,0.013395,0.079254,0.06164,0.319044,0.048307,0.009184,0.052079,0.3775,,414600,,
9,3,,0.041704,0.041208,0.233478,0.493088,0.003832,0.041771,0.025473,0.078111,0.017324,0.024011,,429200,,