molecular-splice,Tuned_CWT,test,3,NANOSECONDS,PREDICTIONS, Generated by ClassifierExperiments.java on 2022-05-16 00:13:36.    SYSTEMPROPERTIES:{user.name:matth,os.arch:amd64,os.name:Windows 10},ENDSYSTEMPROPERTIES
No parameter info
0.7214397496087637,1993951600,1623652100,-1,93674896,3,,-1,-1
0,0,,0.446927,0.406523,0.14655,,2988700,,
0,0,,0.522284,0.312888,0.164828,,2895900,,
0,1,,0.278548,0.563847,0.157605,,2805700,,
0,2,,0.100623,0,0.899377,,2968800,,
0,0,,0.666854,0.219313,0.113833,,2817900,,
0,2,,0.103565,0.001123,0.895311,,2459000,,
0,0,,0.424213,0.349912,0.225875,,2625300,,
0,1,,0.399977,0.442418,0.157605,,2477700,,
0,1,,0.238607,0.584478,0.176915,,2410400,,
0,0,,0.465207,0.165195,0.369597,,2482000,,
0,1,,0.344473,0.46967,0.185857,,2467800,,
0,0,,0.609213,0.134712,0.256075,,2403200,,
0,2,,0.250047,0.000967,0.748986,,2371100,,
0,2,,0.280116,0.238377,0.481506,,2473800,,
0,0,,0.552009,0.180188,0.267803,,2437100,,
0,0,,0.705572,0.135254,0.159174,,2400800,,
0,0,,0.705572,0.135254,0.159174,,2431400,,
0,1,,0.375847,0.547821,0.076333,,2492000,,
0,0,,0.665816,0.243189,0.090995,,2465200,,
0,0,,0.663207,0.133195,0.203597,,2407400,,
0,0,,0.622315,0.208362,0.169323,,2513800,,
0,1,,0.363367,0.466464,0.170168,,2446200,,
0,0,,0.454088,0.359713,0.186199,,2400000,,
0,1,,0.346854,0.376813,0.276333,,2489300,,
0,0,,0.54648,0.115195,0.338324,,2445200,,
0,1,,0.160638,0.592975,0.246387,,2410800,,
0,2,,0.025606,0.009931,0.964463,,2473100,,
0,2,,0.389691,0.155275,0.455034,,2467400,,
0,1,,0.157875,0.740078,0.102047,,2415000,,
0,0,,0.726854,0.186813,0.086333,,2392400,,
0,0,,0.519493,0.181195,0.299311,,2495900,,
0,0,,0.552892,0.208407,0.238701,,2477700,,
0,0,,0.465968,0.218305,0.315726,,2410400,,
0,2,,0.103565,0.001123,0.895311,,2532900,,
0,2,,0.097686,0,0.902314,,2463700,,
0,0,,0.45648,0.115195,0.428324,,2412800,,
0,0,,0.715207,0.121195,0.163597,,2385500,,
0,0,,0.582211,0.20967,0.208118,,2673500,,
0,0,,0.542953,0.346099,0.110948,,2445900,,
0,0,,0.740116,0.123377,0.136506,,2410700,,
0,0,,0.700922,0.121195,0.177883,,2552600,,
0,0,,0.663254,0.217213,0.119533,,3733600,,
0,0,,0.705572,0.135254,0.159174,,2443600,,
0,1,,0.116854,0.526813,0.356333,,2466800,,
0,1,,0.327875,0.352078,0.320047,,2456700,,
0,1,,0.195816,0.5625,0.241684,,2373900,,
0,1,,0.34997,0.548228,0.101802,,2420400,,
0,0,,0.554609,0.149123,0.296268,,2462400,,
0,0,,0.649207,0.115195,0.235597,,2409900,,
0,1,,0.286854,0.429313,0.283833,,2391700,,
0,2,,0.243611,0.184422,0.571967,,2847200,,
0,1,,0.302207,0.554195,0.143597,,2453300,,
0,0,,0.560449,0.225597,0.213955,,2382200,,
0,1,,0.309983,0.350967,0.33905,,2513300,,
0,0,,0.600116,0.115195,0.284688,,2463800,,
0,1,,0.315847,0.607821,0.076333,,2387700,,
0,0,,0.726854,0.186813,0.086333,,2536600,,
0,2,,0.117931,0,0.882069,,2532100,,
0,2,,0.100623,0,0.899377,,2400500,,
0,1,,0.170188,0.53348,0.296333,,2411400,,
0,2,,0.305238,0,0.694762,,2503100,,
0,2,,0.125162,0.327428,0.54741,,2452200,,
0,2,,0.271854,0.248799,0.479347,,2415000,,
0,0,,0.480116,0.115195,0.404688,,2524100,,
0,0,,0.555874,0.115195,0.328931,,2456300,,
0,2,,0.364722,0.19756,0.437718,,2452400,,
0,1,,0.114607,0.540228,0.345165,,2398400,,
0,0,,0.590922,0.121195,0.287883,,2500100,,
0,0,,0.450964,0.333174,0.215861,,2425900,,
0,2,,0.24729,0,0.75271,,2395400,,
0,0,,0.705572,0.135254,0.159174,,2617600,,
0,0,,0.501221,0.155052,0.343727,,2454800,,
0,1,,0.296474,0.461665,0.241861,,2399200,,
0,0,,0.580914,0.271561,0.147524,,2761000,,
0,0,,0.522628,0.209932,0.267439,,2517800,,
0,0,,0.462274,0.31365,0.224076,,2450200,,
0,0,,0.453207,0.199195,0.347597,,2475900,,
0,2,,0.114383,0.002431,0.883186,,2630900,,
0,2,,0.253912,0.300825,0.445263,,2420600,,
0,0,,0.57648,0.115195,0.308324,,2404600,,
0,0,,0.626072,0.126704,0.247224,,2527200,,
0,1,,0.177628,0.669932,0.152439,,2480500,,
0,0,,0.663207,0.133195,0.203597,,2418200,,
0,0,,0.479263,0.131504,0.389234,,3370500,,
0,1,,0.161854,0.601813,0.236333,,3018100,,
0,0,,0.719207,0.155195,0.125597,,2495400,,
0,0,,0.660188,0.22598,0.113833,,2759300,,
0,2,,0.176344,0.000777,0.822879,,2794000,,
0,1,,0.114607,0.760228,0.125165,,2481800,,
0,1,,0.149342,0.67548,0.175178,,2814200,,
0,1,,0.185003,0.645976,0.169021,,2687900,,
0,0,,0.626072,0.126704,0.247224,,2597500,,
0,0,,0.599711,0.20967,0.190618,,2864800,,
0,0,,0.495874,0.115195,0.388931,,2691300,,
0,1,,0.138607,0.744478,0.116915,,2568900,,
0,2,,0.305764,0.000762,0.693474,,2654200,,
0,0,,0.649207,0.115195,0.235597,,2677500,,
0,0,,0.485426,0.235384,0.27919,,2814100,,
0,0,,0.432239,0.39967,0.168091,,2479300,,
0,0,,0.544003,0.286323,0.169673,,3075900,,
0,2,,0.335253,0.189678,0.47507,,2526300,,
0,2,,0.277686,0,0.722314,,2441600,,
0,2,,0.081643,0.000613,0.917744,,3040900,,
0,1,,0.381637,0.431561,0.186802,,2551400,,
0,0,,0.649207,0.115195,0.235597,,2558200,,
0,0,,0.719207,0.155195,0.125597,,2952600,,
0,1,,0.136854,0.606813,0.256333,,2454800,,
0,0,,0.57648,0.115195,0.308324,,2728000,,
0,0,,0.660922,0.121195,0.217883,,2873500,,
0,1,,0.340337,0.370366,0.289297,,2658800,,
0,0,,0.607836,0.181411,0.210752,,2480300,,
0,0,,0.499418,0.266044,0.234538,,3022000,,
0,1,,0.375847,0.547821,0.076333,,2431600,,
0,2,,0.097931,0,0.902069,,2381300,,
0,0,,0.663207,0.133195,0.203597,,2483500,,
0,0,,0.492305,0.397308,0.110387,,2525800,,
0,2,,0.081643,0.000613,0.917744,,2374800,,
0,0,,0.537802,0.164972,0.297226,,2570400,,
0,0,,0.515874,0.226529,0.257597,,2503300,,
0,0,,0.705572,0.135254,0.159174,,2403300,,
0,2,,0.112254,0.001123,0.886623,,2408300,,
0,0,,0.612284,0.142888,0.244828,,2690300,,
0,2,,0.248477,0,0.751523,,2384100,,
0,1,,0.174048,0.729944,0.096008,,2413200,,
0,0,,0.700922,0.121195,0.177883,,2761300,,
0,0,,0.609213,0.134712,0.256075,,3316500,,
0,0,,0.530929,0.126704,0.342367,,2422500,,
0,0,,0.740116,0.123377,0.136506,,2539000,,
0,2,,0.232623,0,0.767377,,2429600,,
0,1,,0.113222,0.56969,0.317088,,2404800,,
0,2,,0.149207,0.299195,0.551597,,2496300,,
0,0,,0.626072,0.126704,0.247224,,2482800,,
0,0,,0.62045,0.278389,0.10116,,2534400,,
0,0,,0.550432,0.157046,0.292523,,2481000,,
0,1,,0.274607,0.608478,0.116915,,2818100,,
0,1,,0.313905,0.526704,0.159391,,2516400,,
0,1,,0.304588,0.371213,0.324199,,2512900,,
0,2,,0.283254,0.217213,0.499533,,2617500,,
0,2,,0.219711,0.243956,0.536333,,2525400,,
0,1,,0.326854,0.376813,0.296333,,2465500,,
0,0,,0.700922,0.121195,0.177883,,2557900,,
0,0,,0.686652,0.208751,0.104597,,2427800,,
0,0,,0.58056,0.160078,0.259363,,2431400,,
0,1,,0.113222,0.48419,0.402588,,2392900,,
0,2,,0.308123,0.264893,0.426983,,2628400,,
0,0,,0.57648,0.115195,0.308324,,2458700,,
0,0,,0.522628,0.209932,0.267439,,2399400,,
0,0,,0.427965,0.166813,0.405222,,2517900,,
0,0,,0.532207,0.133195,0.334597,,2458300,,
0,1,,0.160496,0.681249,0.158255,,2399500,,
0,2,,0.17573,0.001312,0.822957,,2480600,,
0,2,,0.272477,0,0.727523,,2498600,,
0,2,,0.232873,0.245333,0.521794,,2432500,,
0,2,,0.305253,0.249678,0.44507,,2394400,,
1,1,,0.170162,0.733396,0.096442,,2586100,,
1,1,,0.118336,0.75862,0.123044,,2505600,,
1,1,,0.160638,0.492975,0.346387,,2424800,,
1,1,,0.316048,0.510454,0.173498,,2488400,,
1,1,,0.176854,0.586813,0.236333,,2484600,,
1,1,,0.127875,0.770078,0.102047,,2432000,,
1,1,,0.237521,0.40948,0.352999,,2424100,,
1,1,,0.177628,0.553266,0.269106,,2551600,,
1,1,,0.127875,0.723412,0.148714,,2528300,,
1,0,,0.369977,0.302418,0.327605,,2517800,,
1,1,,0.138607,0.784478,0.076915,,2692100,,
1,1,,0.15216,0.723216,0.124624,,2573900,,
1,1,,0.302299,0.620786,0.076915,,2499300,,
1,1,,0.160638,0.728975,0.110387,,2758500,,
1,1,,0.125162,0.746275,0.128563,,3622500,,
1,1,,0.122453,0.776769,0.100778,,2495500,,
1,1,,0.24997,0.477228,0.272802,,2871000,,
1,1,,0.193698,0.57088,0.235422,,2498000,,
1,0,,0.492117,0.401268,0.106615,,2468500,,
1,1,,0.162305,0.670285,0.16741,,2623300,,
1,1,,0.302087,0.460043,0.237869,,2531900,,
1,1,,0.225847,0.685821,0.088333,,2467100,,
1,1,,0.113222,0.76969,0.117088,,2652700,,
1,1,,0.339977,0.532418,0.127605,,2559500,,
1,1,,0.127875,0.770078,0.102047,,2516300,,
1,1,,0.289207,0.567195,0.143597,,2500800,,
1,0,,0.355162,0.327428,0.31741,,2586900,,
1,1,,0.118336,0.779309,0.102354,,2492300,,
1,1,,0.272453,0.547459,0.180088,,2473400,,
1,1,,0.212239,0.636813,0.150948,,2572700,,
1,1,,0.260638,0.528975,0.210387,,2454900,,
1,1,,0.191583,0.704562,0.103855,,2397200,,
1,1,,0.138607,0.784478,0.076915,,2705700,,
1,1,,0.160638,0.552975,0.286387,,2476200,,
1,1,,0.125162,0.772942,0.101896,,2402800,,
1,1,,0.432117,0.466723,0.10116,,2512200,,
1,1,,0.160638,0.728975,0.110387,,2473900,,
1,1,,0.113222,0.749,0.137778,,2386800,,
1,0,,0.56045,0.338389,0.10116,,2382400,,
1,1,,0.27194,0.584478,0.143582,,2573000,,
1,1,,0.267305,0.622308,0.110387,,2464800,,
1,1,,0.113222,0.77669,0.110088,,2383500,,
1,1,,0.189207,0.625195,0.185597,,2464900,,
1,1,,0.285045,0.604337,0.110618,,2552800,,
1,1,,0.22318,0.700487,0.076333,,2443500,,
1,1,,0.138607,0.784478,0.076915,,2466500,,
1,1,,0.174048,0.714254,0.111698,,2512600,,
1,1,,0.286226,0.524205,0.189569,,2422200,,
1,1,,0.160638,0.728975,0.110387,,2400700,,
1,1,,0.176775,0.717831,0.105393,,2686900,,
1,1,,0.118336,0.699309,0.182354,,2443800,,
1,1,,0.186085,0.569377,0.244538,,2446100,,
1,0,,0.522628,0.209932,0.267439,,2561200,,
1,1,,0.114607,0.800228,0.085165,,2461400,,
1,1,,0.127875,0.723412,0.148714,,2406600,,
1,1,,0.172239,0.456813,0.370948,,2393400,,
1,2,,0.187875,0.310078,0.502047,,3708800,,
1,1,,0.175483,0.568417,0.2561,,2494200,,
1,1,,0.182305,0.730285,0.08741,,2440400,,
1,1,,0.336637,0.540872,0.122491,,2504800,,
1,1,,0.118336,0.479309,0.402354,,2452400,,
1,2,,0.251711,0.22967,0.518618,,2389800,,
1,0,,0.382211,0.243956,0.373833,,2494500,,
1,1,,0.186085,0.569377,0.244538,,2484500,,
1,0,,0.545816,0.333189,0.120995,,2460000,,
1,1,,0.127875,0.770078,0.102047,,2607300,,
1,1,,0.16997,0.552228,0.277802,,2444700,,
1,1,,0.205273,0.651145,0.143582,,2391100,,
1,1,,0.345847,0.577821,0.076333,,2393600,,
1,0,,0.671745,0.158207,0.170048,,2495300,,
1,1,,0.113222,0.749,0.137778,,2448800,,
1,1,,0.138607,0.760478,0.100915,,2379000,,
1,2,,0.299207,0.193195,0.507597,,2557700,,
1,1,,0.266854,0.456813,0.276333,,2457900,,
1,2,,0.329207,0.133195,0.537597,,2416000,,
1,1,,0.157791,0.635374,0.206835,,2520900,,
1,0,,0.52403,0.267852,0.208118,,2541600,,
1,1,,0.138607,0.698764,0.16263,,2414100,,
1,1,,0.177628,0.613266,0.209106,,2392500,,
1,0,,0.572117,0.306723,0.12116,,2775100,,
1,1,,0.208498,0.556719,0.234783,,2413000,,
1,1,,0.23114,0.596337,0.172523,,2370300,,
1,0,,0.505638,0.268975,0.225387,,2611900,,
1,1,,0.252453,0.667459,0.080088,,2498300,,
1,1,,0.157791,0.635374,0.206835,,2390600,,
1,1,,0.127875,0.723412,0.148714,,2448700,,
1,1,,0.194607,0.528478,0.276915,,2457300,,
1,1,,0.153222,0.72969,0.117088,,2393900,,
1,1,,0.118336,0.779309,0.102354,,2399400,,
1,1,,0.310967,0.530702,0.158331,,2595800,,
1,2,,0.371469,0.228758,0.399774,,2510400,,
1,1,,0.168336,0.729309,0.102354,,2427700,,
1,1,,0.321684,0.468997,0.209319,,2547500,,
1,1,,0.22318,0.700487,0.076333,,2523300,,
1,1,,0.283304,0.614895,0.101802,,2419200,,
1,1,,0.144607,0.529228,0.326165,,2457700,,
1,1,,0.193698,0.57088,0.235422,,2546700,,
1,1,,0.34797,0.350228,0.301802,,2439000,,
1,1,,0.127875,0.770078,0.102047,,2389700,,
1,1,,0.251583,0.522395,0.226022,,3834300,,
1,0,,0.390638,0.268975,0.340387,,2823200,,
1,0,,0.465273,0.391145,0.143582,,2868000,,
1,1,,0.272483,0.601523,0.125995,,2629800,,
1,1,,0.125162,0.787428,0.08741,,2484200,,
1,0,,0.459919,0.268304,0.271778,,2445800,,
1,1,,0.125162,0.732942,0.141896,,2546200,,
1,1,,0.313905,0.526704,0.159391,,2446300,,
1,1,,0.160638,0.728975,0.110387,,2454800,,
1,1,,0.144607,0.659228,0.196165,,2481600,,
1,1,,0.289207,0.567195,0.143597,,2469900,,
1,1,,0.172239,0.698813,0.128948,,2387000,,
1,1,,0.238607,0.684478,0.076915,,2459800,,
1,1,,0.245003,0.565976,0.189021,,2492500,,
1,0,,0.397521,0.27948,0.322999,,2397100,,
1,1,,0.125162,0.778396,0.096442,,2369500,,
1,1,,0.168336,0.729309,0.102354,,2829600,,
1,1,,0.176854,0.586813,0.236333,,2428400,,
1,1,,0.205273,0.717811,0.076915,,2388000,,
1,1,,0.192892,0.526978,0.28013,,2422600,,
1,1,,0.192892,0.547538,0.259569,,2498000,,
1,1,,0.36216,0.533906,0.103934,,2403800,,
1,0,,0.522628,0.209932,0.267439,,2374300,,
1,1,,0.199802,0.502091,0.298107,,2481800,,
1,0,,0.646854,0.186813,0.166333,,2482800,,
1,2,,0.179207,0.410195,0.410597,,2396200,,
1,1,,0.118336,0.739309,0.142354,,2505500,,
1,1,,0.272483,0.601523,0.125995,,2511000,,
1,1,,0.367305,0.422308,0.210387,,2401000,,
1,1,,0.260638,0.528975,0.210387,,2473400,,
1,0,,0.679711,0.20967,0.110618,,2536200,,
1,1,,0.125162,0.787428,0.08741,,2406800,,
1,1,,0.113222,0.48419,0.402588,,2404800,,
1,1,,0.281873,0.376686,0.34144,,2578300,,
1,1,,0.25918,0.624487,0.116333,,2479800,,
1,1,,0.125162,0.787428,0.08741,,2403300,,
1,1,,0.303304,0.418895,0.277802,,2587300,,
1,2,,0.149207,0.219195,0.631597,,2477200,,
1,1,,0.16997,0.507784,0.322246,,2423600,,
1,1,,0.144607,0.604228,0.251165,,2453700,,
1,0,,0.463254,0.217213,0.319533,,2635500,,
1,0,,0.47556,0.431893,0.092547,,2413400,,
1,0,,0.427115,0.292263,0.280621,,2388700,,
1,1,,0.315847,0.547821,0.136333,,3334300,,
1,1,,0.286226,0.524205,0.189569,,2506800,,
1,1,,0.369342,0.415336,0.215322,,2413500,,
1,1,,0.305816,0.559166,0.135018,,2527500,,
1,1,,0.208498,0.556719,0.234783,,2483500,,
1,2,,0.419207,0.133195,0.447597,,2416900,,
1,1,,0.114607,0.800228,0.085165,,2714200,,
1,1,,0.125162,0.599428,0.27541,,2468700,,
1,1,,0.193698,0.57088,0.235422,,2398000,,
1,0,,0.686652,0.208751,0.104597,,2449400,,
1,1,,0.125162,0.787428,0.08741,,2605300,,
1,1,,0.302299,0.620786,0.076915,,2400300,,
2,2,,0.029403,0.009931,0.960666,,2392300,,
2,2,,0.011643,0.000613,0.987744,,2677400,,
2,2,,0.117686,0,0.882314,,2448900,,
2,2,,0.129204,0.000573,0.870223,,2387600,,
2,1,,0.343419,0.373011,0.28357,,2606400,,
2,2,,0.081643,0.000613,0.917744,,2530300,,
2,2,,0.119154,0.000992,0.879854,,2399700,,
2,2,,0.011643,0.000613,0.987744,,2391300,,
2,2,,0.232623,0,0.767377,,2579000,,
2,2,,0.097686,0,0.902314,,2425300,,
2,0,,0.526751,0.150149,0.323101,,2431000,,
2,2,,0.081643,0.000613,0.917744,,2498000,,
2,2,,0.280875,0.000573,0.718552,,2456400,,
2,2,,0.100623,0,0.899377,,2384000,,
2,2,,0.096614,0,0.903386,,2426100,,
2,2,,0.096614,0,0.903386,,2453600,,
2,2,,0.097931,0,0.902069,,2381900,,
2,2,,0.097931,0,0.902069,,2388800,,
2,2,,0.122686,0,0.877314,,2578500,,
2,2,,0.097931,0,0.902069,,2427700,,
2,2,,0.174174,0.000777,0.825049,,2402800,,
2,2,,0.097931,0,0.902069,,2474400,,
2,1,,0.216637,0.681561,0.101802,,2498500,,
2,2,,0.096614,0,0.903386,,2389900,,
2,2,,0.131752,0.001123,0.867125,,2435100,,
2,0,,0.50019,0.13141,0.368401,,2629100,,
2,1,,0.370854,0.462813,0.166333,,2514400,,
2,2,,0.104402,0.000751,0.894846,,2483100,,
2,2,,0.082864,0.001123,0.916013,,2644300,,
2,2,,0.096614,0,0.903386,,2526100,,
2,1,,0.127875,0.770078,0.102047,,2435200,,
2,0,,0.555874,0.115195,0.328931,,3381800,,
2,2,,0.113149,0.046302,0.84055,,2475100,,
2,2,,0.011643,0.000613,0.987744,,2399800,,
2,2,,0.096614,0,0.903386,,2413900,,
2,2,,0.011643,0.000613,0.987744,,2417500,,
2,2,,0.097931,0,0.902069,,2419100,,
2,2,,0.127539,0.001327,0.871134,,2389200,,
2,2,,0.110302,0.001359,0.888338,,2442700,,
2,2,,0.403523,0.19141,0.405067,,2457100,,
2,2,,0.10297,0.000788,0.896242,,2369400,,
2,2,,0.089765,0.000573,0.909662,,3412800,,
2,0,,0.371516,0.298847,0.329637,,2475900,,
2,2,,0.097931,0,0.902069,,2377600,,
2,2,,0.097931,0,0.902069,,2561100,,
2,2,,0.011643,0.000613,0.987744,,2475300,,
2,0,,0.479418,0.316044,0.204538,,2397600,,
2,2,,0.052734,0.003912,0.943353,,2449800,,
2,0,,0.666854,0.219313,0.113833,,2524500,,
2,2,,0.095321,0.00094,0.903739,,2475600,,
2,1,,0.127875,0.723412,0.148714,,2412700,,
2,2,,0.100623,0,0.899377,,2477300,,
2,0,,0.567836,0.261411,0.170752,,2429100,,
2,2,,0.100623,0,0.899377,,2384100,,
2,2,,0.011643,0.000613,0.987744,,2495200,,
2,0,,0.666854,0.219313,0.113833,,2511200,,
2,0,,0.600116,0.115195,0.284688,,2436500,,
2,2,,0.075383,0.007431,0.917186,,2380800,,
2,2,,0.090035,0.000751,0.909213,,2456100,,
2,2,,0.101824,0.000573,0.897603,,2399700,,
2,2,,0.189207,0.250195,0.560597,,2371000,,
2,2,,0.011643,0.000613,0.987744,,2845700,,
2,2,,0.327965,0.166813,0.505222,,2613000,,
2,2,,0.261365,0.000788,0.737847,,2489900,,
2,2,,0.245658,0.000777,0.753565,,2535600,,
2,2,,0.108617,0.001327,0.890055,,2478300,,
2,2,,0.108199,0.001123,0.890677,,2423000,,
2,2,,0.139425,0.000977,0.859598,,2415200,,
2,1,,0.127875,0.671412,0.200714,,2593000,,
2,2,,0.088328,0.001123,0.910549,,2464100,,
2,2,,0.011643,0.000613,0.987744,,2393100,,
2,2,,0.100623,0,0.899377,,2484200,,
2,0,,0.555874,0.115195,0.328931,,2465600,,
2,2,,0.100623,0,0.899377,,2388000,,
2,1,,0.223905,0.616704,0.159391,,3394000,,
2,2,,0.273399,0.001123,0.725478,,2540500,,
2,2,,0.114572,0.001302,0.884126,,2415600,,
2,2,,0.277686,0,0.722314,,2513200,,
2,2,,0.032273,0.003912,0.963815,,2614900,,
2,1,,0.247207,0.597195,0.155597,,2442100,,
2,2,,0.081643,0.000613,0.917744,,2459900,,
2,2,,0.102504,0.000573,0.896923,,2543300,,
2,2,,0.011643,0.000613,0.987744,,2457200,,
2,1,,0.114607,0.725228,0.160165,,2421500,,
2,2,,0.011643,0.000613,0.987744,,2460600,,
2,0,,0.679711,0.20967,0.110618,,2482500,,
2,0,,0.649207,0.115195,0.235597,,2469900,,
2,1,,0.189207,0.625195,0.185597,,2479600,,
2,2,,0.011643,0.000613,0.987744,,2506400,,
2,2,,0.106019,0,0.893981,,2464400,,
2,2,,0.011643,0.000613,0.987744,,2391900,,
2,1,,0.233304,0.634126,0.132571,,2645000,,
2,2,,0.277686,0,0.722314,,2480800,,
2,2,,0.104681,0.000751,0.894568,,2417900,,
2,2,,0.286487,0.000573,0.71294,,3414700,,
2,2,,0.169734,0.023912,0.806353,,2624300,,
2,1,,0.339977,0.532418,0.127605,,2424900,,
2,0,,0.493572,0.130454,0.375974,,2669800,,
2,2,,0.091487,0.000777,0.907736,,2449800,,
2,2,,0.116816,0.001327,0.881857,,2405800,,
2,2,,0.096063,0.015777,0.88816,,2424900,,
2,2,,0.123014,0.000751,0.876234,,2445400,,
2,0,,0.415572,0.316813,0.267615,,2440600,,
2,2,,0.175341,0.000573,0.824086,,2385600,,
2,0,,0.622483,0.261939,0.115578,,2472300,,
2,0,,0.442284,0.142888,0.414828,,2565800,,
2,2,,0.097686,0,0.902314,,2391900,,
2,2,,0.011643,0.000613,0.987744,,2405700,,
2,2,,0.158505,0.000956,0.840539,,2534200,,
2,2,,0.081643,0.000613,0.917744,,2421600,,
2,2,,0.097931,0,0.902069,,2406200,,
2,1,,0.288318,0.489058,0.222625,,2586100,,
2,2,,0.117686,0,0.882314,,2414900,,
2,2,,0.096614,0,0.903386,,2384700,,
2,2,,0.084764,0.002431,0.912805,,2523900,,
2,2,,0.216165,0.242675,0.54116,,2446700,,
2,2,,0.097686,0,0.902314,,2426700,,
2,1,,0.218548,0.653847,0.127605,,3280300,,
2,2,,0.081643,0.000613,0.917744,,2462700,,
2,0,,0.462573,0.417895,0.119533,,2433100,,
2,1,,0.360914,0.383784,0.255302,,2512200,,
2,2,,0.011643,0.000613,0.987744,,2552900,,
2,2,,0.096614,0,0.903386,,2405800,,
2,2,,0.120222,0.000573,0.879205,,2371700,,
2,2,,0.011643,0.000613,0.987744,,2773000,,
2,2,,0.115025,0.001171,0.883804,,2431800,,
2,2,,0.097931,0,0.902069,,2363100,,
2,2,,0.011643,0.000613,0.987744,,2456500,,
2,0,,0.541988,0.173917,0.284095,,2511100,,
2,2,,0.011643,0.000613,0.987744,,2375300,,
2,2,,0.059383,0.002431,0.938186,,2416900,,
2,1,,0.327034,0.380977,0.291989,,2483100,,
2,2,,0.310457,0.302141,0.387402,,2403200,,
2,2,,0.359752,0.213096,0.427152,,2402700,,
2,2,,0.304689,0.000788,0.694523,,2524900,,
2,2,,0.103212,0.001302,0.895486,,2467000,,
2,1,,0.280255,0.540426,0.179319,,2453600,,
2,2,,0.117133,0.000956,0.881912,,2575600,,
2,2,,0.011643,0.000613,0.987744,,2659400,,
2,2,,0.101592,0.000573,0.897835,,2456200,,
2,1,,0.22318,0.700487,0.076333,,2467300,,
2,1,,0.218548,0.653847,0.127605,,2868100,,
2,1,,0.116854,0.446813,0.436333,,2433800,,
2,2,,0.011643,0.000613,0.987744,,2398800,,
2,1,,0.177628,0.669932,0.152439,,3879300,,
2,2,,0.026421,0.189931,0.783648,,3274800,,
2,2,,0.038087,0.002431,0.959482,,3201800,,
2,2,,0.100686,0.014514,0.8848,,2461300,,
2,2,,0.011643,0.000613,0.987744,,2463700,,
2,2,,0.232623,0,0.767377,,2427700,,
2,0,,0.600116,0.115195,0.284688,,2513300,,
2,2,,0.096614,0,0.903386,,2472200,,
2,2,,0.097931,0,0.902069,,2419700,,
2,1,,0.269342,0.433312,0.297346,,2496400,,
2,2,,0.110522,0.000573,0.888905,,2581100,,
2,2,,0.097145,0.000573,0.902282,,2419400,,
2,2,,0.103434,0.00094,0.895626,,2620500,,
2,1,,0.205003,0.525976,0.269021,,2499500,,
2,1,,0.326854,0.342813,0.330333,,2418900,,
2,2,,0.081643,0.000613,0.917744,,2467700,,
2,2,,0.121395,0.000751,0.877853,,3589500,,
2,1,,0.186085,0.569377,0.244538,,2431500,,
2,2,,0.218199,0.206854,0.574946,,2658500,,
2,2,,0.052802,0.002431,0.944767,,2483800,,
2,2,,0.259372,0.000573,0.740055,,2405500,,
2,2,,0.232217,0,0.767783,,2400400,,
2,2,,0.131525,0.000992,0.867483,,3577500,,
2,2,,0.112075,0.000762,0.887164,,2459100,,
2,2,,0.100623,0,0.899377,,2392100,,
2,2,,0.123436,0.000573,0.875991,,2611700,,
2,2,,0.011643,0.000613,0.987744,,2441300,,
2,0,,0.603207,0.251519,0.145274,,2393300,,
2,2,,0.011643,0.000613,0.987744,,2433000,,
2,2,,0.081643,0.000613,0.917744,,2584500,,
2,2,,0.026449,0.189931,0.78362,,2426000,,
2,2,,0.083161,0.000777,0.916062,,2431300,,
2,2,,0.248482,0.001123,0.750394,,2480600,,
2,2,,0.369175,0.192914,0.437911,,2406600,,
2,2,,0.100252,0.000788,0.89896,,2416900,,
2,2,,0.097931,0,0.902069,,2697900,,
2,2,,0.086156,0.000751,0.913093,,2476600,,
2,2,,0.280165,0.222675,0.49716,,2431900,,
2,1,,0.138607,0.784478,0.076915,,2595200,,
2,2,,0.118229,0.003155,0.878616,,2469000,,
2,2,,0.105806,0.001338,0.892856,,2417300,,
2,2,,0.097931,0,0.902069,,2425000,,
2,2,,0.011643,0.000613,0.987744,,2471000,,
2,2,,0.081643,0.000613,0.917744,,2477800,,
2,1,,0.118336,0.779309,0.102354,,2379800,,
2,2,,0.011643,0.000613,0.987744,,2634600,,
2,2,,0.011643,0.000613,0.987744,,2442500,,
2,2,,0.12869,0.000762,0.870548,,2412300,,
2,2,,0.100623,0,0.899377,,2505200,,
2,2,,0.175449,0.002431,0.82212,,2484100,,
2,2,,0.147794,0.003277,0.848929,,2415400,,
2,2,,0.269333,0.224002,0.506665,,2457200,,
2,2,,0.100623,0,0.899377,,2623900,,
2,2,,0.089734,0.003912,0.906353,,2420600,,
2,2,,0.099997,0.000573,0.899431,,2439900,,
2,0,,0.605584,0.184879,0.209537,,2784400,,
2,2,,0.097686,0,0.902314,,2460600,,
2,2,,0.011643,0.000613,0.987744,,2440800,,
2,2,,0.118403,0.002431,0.879166,,2508900,,
2,2,,0.197207,0.199195,0.603597,,2714900,,
2,0,,0.762207,0.133195,0.104597,,3251000,,
2,0,,0.612284,0.182888,0.204828,,2813500,,
2,2,,0.026421,0.009931,0.963648,,2922100,,
2,2,,0.081643,0.000613,0.917744,,2475400,,
2,2,,0.011643,0.000613,0.987744,,2839200,,
2,0,,0.449493,0.191195,0.359311,,2614600,,
2,2,,0.101566,0.000573,0.897861,,2479900,,
2,2,,0.207313,0.000573,0.792115,,2734600,,
2,2,,0.011643,0.000613,0.987744,,2612000,,
2,2,,0.097931,0,0.902069,,2527100,,
2,2,,0.096614,0,0.903386,,2457100,,
2,2,,0.03034,0.009931,0.959729,,2645600,,
2,2,,0.105632,0.001327,0.893041,,2781100,,
2,1,,0.348165,0.550675,0.10116,,2550600,,
2,0,,0.465968,0.218305,0.315726,,2901100,,
2,2,,0.144154,0.000573,0.855273,,2679700,,
2,2,,0.325656,0.000788,0.673556,,2508900,,
2,2,,0.122686,0,0.877314,,3011300,,
2,2,,0.011643,0.000613,0.987744,,2490500,,
2,2,,0.280116,0.238377,0.481506,,2496500,,
2,0,,0.450854,0.262813,0.286333,,3264900,,
2,1,,0.288607,0.584478,0.126915,,2523500,,
2,2,,0.081643,0.000613,0.917744,,2572700,,
2,2,,0.115509,0.000967,0.883524,,2900400,,
2,1,,0.192892,0.547538,0.259569,,2697100,,
2,2,,0.032087,0.003912,0.964,,2576500,,
2,2,,0.149207,0.259195,0.591597,,2610100,,
2,2,,0.100623,0,0.899377,,2430400,,
2,2,,0.197398,0.000777,0.801825,,2434000,,
2,2,,0.097686,0,0.902314,,2549600,,
2,2,,0.049734,0.003912,0.946353,,2496600,,
2,1,,0.31318,0.610487,0.076333,,2411600,,
2,2,,0.106019,0,0.893981,,2379000,,
2,2,,0.123297,0.016516,0.860187,,2763500,,
2,2,,0.237242,0.000573,0.762185,,2430600,,
2,0,,0.47675,0.225079,0.298171,,2378000,,
2,2,,0.06144,0.007431,0.931129,,2510400,,
2,1,,0.193068,0.573692,0.23324,,2455400,,
2,2,,0.097686,0,0.902314,,2362400,,
2,2,,0.011643,0.000613,0.987744,,2415700,,
2,2,,0.043421,0.119931,0.836648,,2474800,,
2,2,,0.097686,0,0.902314,,2383000,,
2,2,,0.117686,0,0.882314,,2364400,,
2,1,,0.127875,0.770078,0.102047,,3242300,,
2,2,,0.100623,0,0.899377,,3263500,,
2,2,,0.100623,0,0.899377,,2366800,,
2,2,,0.110337,0.001327,0.888336,,3571800,,
2,1,,0.256226,0.634895,0.10888,,3613700,,
2,2,,0.011643,0.000613,0.987744,,3665500,,
2,2,,0.067163,0.002431,0.930406,,2974500,,
2,2,,0.12468,0.000762,0.874559,,2396300,,
2,2,,0.097931,0,0.902069,,2697200,,
2,0,,0.565272,0.149104,0.285624,,2411500,,
2,2,,0.097686,0,0.902314,,2359600,,
2,2,,0.02705,0.011412,0.961537,,2584900,,
2,2,,0.40219,0.13141,0.466401,,2467900,,
2,2,,0.234371,0.000613,0.765016,,2406900,,
2,2,,0.030383,0.014931,0.954686,,2384300,,
2,2,,0.011643,0.000613,0.987744,,2500900,,
2,2,,0.011643,0.000613,0.987744,,2420000,,
2,0,,0.609207,0.133195,0.257597,,2419400,,
2,2,,0.096614,0,0.903386,,2561900,,
2,2,,0.205772,0.000788,0.79344,,2506800,,
2,2,,0.097931,0,0.902069,,2394000,,
2,2,,0.097686,0,0.902314,,2490000,,
2,0,,0.556116,0.123377,0.320506,,2713300,,
2,1,,0.282207,0.574195,0.143597,,2392300,,
2,2,,0.122845,0,0.877155,,2482100,,
2,1,,0.131583,0.768585,0.099832,,2621800,,
2,2,,0.097686,0,0.902314,,2443100,,
2,0,,0.499572,0.130454,0.369974,,2399200,,
2,1,,0.150271,0.693252,0.156476,,2551400,,
2,2,,0.097686,0,0.902314,,2436100,,
2,2,,0.011643,0.000613,0.987744,,2408000,,
2,2,,0.097931,0,0.902069,,2494400,,
2,2,,0.141019,0,0.858981,,2500900,,
2,2,,0.011643,0.000613,0.987744,,2410600,,
2,2,,0.026449,0.009931,0.96362,,2406400,,
2,2,,0.252449,0.003912,0.743639,,2521100,,
2,2,,0.011643,0.000613,0.987744,,2530800,,
2,2,,0.097931,0,0.902069,,2392300,,
2,2,,0.312751,0.000967,0.686283,,2447000,,
2,2,,0.110609,0.000573,0.888818,,2573300,,
2,2,,0.150096,0.000977,0.848927,,2395100,,
2,1,,0.184607,0.534228,0.281165,,2425200,,
2,1,,0.218336,0.579309,0.202354,,2615400,,
2,2,,0.187887,0.000788,0.811325,,2426200,,
2,1,,0.326637,0.371561,0.301802,,3324500,,
2,0,,0.486107,0.324478,0.189415,,2633500,,
2,2,,0.185238,0,0.814762,,2411900,,
2,2,,0.197207,0.199195,0.603597,,2405400,,
2,2,,0.141643,0.000613,0.857744,,2525800,,
2,2,,0.101095,0.000573,0.898332,,2458800,,
2,2,,0.097686,0,0.902314,,2391800,,
2,2,,0.104629,0.000977,0.894394,,2486900,,
2,2,,0.352115,0.225597,0.422288,,2499700,,
2,2,,0.113412,0.000751,0.885836,,2393700,,
2,2,,0.119167,0.001327,0.879506,,2396900,,
2,2,,0.100623,0,0.899377,,2666500,,
2,2,,0.109719,0.001171,0.88911,,2504600,,
2,2,,0.237521,0.34948,0.412999,,2484100,,
2,2,,0.131114,0.000573,0.868313,,2647900,,
2,2,,0.246721,0.015777,0.737502,,2506100,,
2,2,,0.011643,0.000613,0.987744,,2481900,,
2,1,,0.327875,0.352078,0.320047,,2624600,,
2,2,,0.100623,0,0.899377,,2526200,,
2,2,,0.106019,0,0.893981,,2479700,,
2,2,,0.081643,0.000613,0.917744,,2597800,,
2,2,,0.128988,0.001155,0.869857,,2550800,,
2,2,,0.149207,0.259195,0.591597,,2511400,,
2,2,,0.096614,0,0.903386,,2499500,,
2,2,,0.257686,0,0.742314,,2465800,,
2,2,,0.096614,0,0.903386,,2425200,,
2,2,,0.097931,0,0.902069,,2358000,,
2,2,,0.299207,0.193195,0.507597,,2736500,,
2,2,,0.105733,0.001123,0.893143,,2451900,,
2,2,,0.096614,0,0.903386,,2390200,,
2,2,,0.100623,0,0.899377,,2898200,,
2,2,,0.117686,0,0.882314,,2539000,,
2,1,,0.314607,0.600228,0.085165,,2474000,,
2,2,,0.14831,0.000613,0.851077,,2484500,,
2,2,,0.259207,0.155195,0.585597,,2624700,,
2,2,,0.092755,0.000613,0.906633,,2496500,,
2,2,,0.246091,0.001312,0.752597,,2527200,,
2,2,,0.011643,0.000613,0.987744,,2579200,,
2,2,,0.241232,0.000573,0.758195,,2520200,,
2,2,,0.011643,0.000613,0.987744,,2474500,,