pendigits,CWE,test,0,NANOSECONDS,PREDICTIONS, Generated by ClassifierExperiments.java on 2022-05-16 20:38:19.    SYSTEMPROPERTIES:{user.name:matth,os.arch:amd64,os.name:Windows 10},ENDSYSTEMPROPERTIES
No parameter info
0.5442980463425715,3374033300,5026981300,-1,82902352,10,,-1,-1
0,0,,0.518409,0.007126,0.004133,0.023303,0.008063,0.158468,0.061373,0.000692,0.208936,0.009497,,2650000,,
0,0,,0.443121,0.007953,0.008798,0.010944,0.033748,0.206988,0.005038,0.004972,0.266682,0.011755,,2392800,,
0,0,,0.423663,0.012445,0.018498,0.00396,0.011885,0.256787,0.006725,0.011548,0.226065,0.028423,,3340800,,
0,0,,0.515058,0.003862,0.006013,0.025599,0.016431,0.178175,0.004617,0.002465,0.241442,0.006339,,2660200,,
0,0,,0.52139,0.003192,0.007389,0.017304,0.016754,0.188426,0.009224,0.004837,0.228483,0.003002,,1969600,,
0,0,,0.389829,0.006145,0.010077,0.009471,0.029598,0.08773,0.107846,0.023887,0.271983,0.063434,,1826600,,
0,0,,0.484873,0.005174,0.014269,0.01084,0.011051,0.181061,0.007785,0.008088,0.272608,0.004252,,1676700,,
0,5,,0.310965,0.009829,0.010391,0.005218,0.044345,0.382974,0.021039,0.010389,0.178993,0.025856,,2929200,,
0,0,,0.482678,0.003313,0.008168,0.012924,0.020662,0.191939,0.004617,0.005472,0.262689,0.00754,,1710700,,
0,0,,0.488507,0.001942,0.006873,0.016503,0.023234,0.181927,0.008361,0.004011,0.267257,0.001385,,2095400,,
0,0,,0.495018,0.013856,0.012037,0.005717,0.01233,0.181887,0.008444,0.011849,0.255867,0.002995,,1846700,,
0,0,,0.526627,0.011332,0.01112,0.01931,0.018709,0.136715,0.039643,0.007238,0.224643,0.004664,,2826000,,
0,0,,0.393719,0.010132,0.013485,0.00483,0.015559,0.352794,0.006732,0.011388,0.186237,0.005125,,1934700,,
0,0,,0.4665,0.007308,0.003967,0.023768,0.013358,0.145873,0.004617,0.002065,0.286029,0.046514,,1747200,,
0,0,,0.36504,0.00491,0.013467,0.006368,0.015157,0.350597,0.010577,0.006633,0.220846,0.006405,,1910300,,
0,0,,0.498455,0.003625,0.008038,0.009517,0.0144,0.182461,0.008059,0.007342,0.264865,0.003238,,2289200,,
0,0,,0.385518,0.00777,0.014971,0.003042,0.013412,0.34451,0.010165,0.003983,0.211749,0.004879,,1973700,,
0,0,,0.353797,0.006506,0.017284,0.009258,0.054879,0.314014,0.029874,0.010713,0.193455,0.010221,,2213300,,
0,0,,0.419213,0.008622,0.014382,0.002,0.04825,0.215231,0.017625,0.005793,0.255958,0.012926,,1919700,,
0,0,,0.445442,0.00551,0.012786,0.010022,0.032414,0.203394,0.007135,0.003645,0.265276,0.014376,,2215500,,
0,0,,0.426619,0.007874,0.005414,0.007271,0.042139,0.129608,0.048487,0.013668,0.281189,0.037731,,2664400,,
0,0,,0.518931,0.004715,0.004964,0.017996,0.01381,0.153132,0.079537,0.003707,0.193341,0.009866,,2114600,,
0,0,,0.47297,0.005223,0.014997,0.004137,0.010901,0.21122,0.011484,0.006195,0.257176,0.005695,,2685300,,
0,0,,0.442407,0.017026,0.024178,0.007678,0.037967,0.099574,0.128415,0.046573,0.186299,0.009884,,2355100,,
0,0,,0.419674,0.006109,0.01433,0.006174,0.067551,0.191017,0.023532,0.006529,0.2556,0.009484,,2342400,,
0,0,,0.349296,0.003849,0.036703,0.002424,0.03742,0.256393,0.103308,0.044365,0.138522,0.027721,,3012300,,
0,0,,0.36373,0.023692,0.025048,0.008073,0.028509,0.255531,0.12562,0.04169,0.102784,0.025323,,3261800,,
0,0,,0.521336,0.005948,0.004814,0.020176,0.010262,0.155465,0.074635,0.002505,0.194203,0.010654,,2141700,,
0,0,,0.474501,0.002381,0.009772,0.017977,0.030913,0.119126,0.107788,0.022035,0.203983,0.011525,,2776400,,
0,8,,0.294526,0.001252,0.007288,0.007849,0.047834,0.087038,0.065863,0.013984,0.418443,0.055924,,2653700,,
0,0,,0.493659,0.006969,0.003413,0.021063,0.009781,0.196698,0.010016,0.003156,0.249508,0.005737,,2408600,,
0,5,,0.305279,0.007115,0.018969,0.003487,0.017627,0.426009,0.006331,0.009642,0.198041,0.007499,,1737500,,
0,0,,0.477374,0.011209,0.014905,0.019566,0.010197,0.150429,0.046934,0.03255,0.232704,0.004132,,2737100,,
0,0,,0.491486,0.006469,0.014523,0.003095,0.024688,0.172367,0.006348,0.010013,0.266013,0.004998,,2660300,,
0,0,,0.415632,0.027303,0.078684,0.057069,0.067265,0.080074,0.016364,0.030586,0.186138,0.040885,,2136500,,
0,0,,0.413786,0.006852,0.006042,0.002783,0.069196,0.090205,0.11587,0.031191,0.216517,0.047556,,2354200,,
0,0,,0.538938,0.006084,0.003996,0.004709,0.042596,0.074308,0.046349,0.013917,0.262674,0.006429,,2081900,,
0,5,,0.335389,0.00897,0.019105,0.004291,0.010592,0.359106,0.010718,0.007342,0.226668,0.017817,,2292000,,
0,0,,0.353806,0.004845,0.015221,0.00641,0.075,0.084934,0.112948,0.035906,0.265934,0.044996,,2718900,,
0,0,,0.509262,0.008787,0.009888,0.003503,0.013866,0.184688,0.008998,0.005209,0.249736,0.006063,,2122800,,
0,0,,0.498342,0.006144,0.011975,0.006987,0.015507,0.187798,0.009988,0.003982,0.253507,0.005771,,2139700,,
0,0,,0.364523,0.007836,0.036941,0.002857,0.037911,0.060111,0.208305,0.044499,0.209673,0.027343,,2013300,,
0,0,,0.3799,0.011128,0.01433,0.003126,0.046814,0.33682,0.027702,0.009315,0.163974,0.006891,,1936700,,
0,0,,0.480572,0.003112,0.013873,0.020347,0.016602,0.150442,0.04791,0.026141,0.239794,0.001207,,2153900,,
0,0,,0.483821,0.002733,0.007994,0.018064,0.01509,0.183511,0.004826,0.004052,0.272643,0.007267,,1781400,,
0,0,,0.515344,0.0041,0.004827,0.020188,0.01693,0.153501,0.054364,0.003086,0.2236,0.00406,,1682100,,
0,0,,0.52063,0.003604,0.01095,0.011068,0.015404,0.17358,0.004617,0.003137,0.248796,0.008216,,1847200,,
0,0,,0.373293,0.013476,0.016102,0.00359,0.018954,0.290087,0.008684,0.009869,0.260685,0.00526,,2223000,,
0,0,,0.505211,0.007561,0.014971,0.003109,0.013259,0.182719,0.009585,0.003444,0.256934,0.003207,,1692800,,
0,0,,0.506201,0.005766,0.010205,0.005553,0.021317,0.186851,0.004772,0.004695,0.250822,0.003818,,1673700,,
0,0,,0.357545,0.011824,0.016888,0.003981,0.044316,0.309872,0.0312,0.005495,0.212153,0.006726,,1686200,,
0,0,,0.511237,0.004052,0.009637,0.008821,0.017097,0.185046,0.009431,0.002656,0.247778,0.004245,,1676100,,
0,0,,0.444677,0.009891,0.008711,0.006925,0.012162,0.209967,0.008099,0.00501,0.290541,0.004017,,2016300,,
0,0,,0.426082,0.008559,0.017566,0.005531,0.019659,0.288638,0.014402,0.005591,0.205212,0.00876,,1680900,,
0,0,,0.475718,0.012129,0.010766,0.005422,0.01249,0.206095,0.005627,0.0081,0.258854,0.004799,,1690200,,
0,0,,0.520917,0.007842,0.003435,0.022635,0.014043,0.178132,0.005038,0.00333,0.23922,0.005407,,1734200,,
0,0,,0.429673,0.003703,0.013498,0.013842,0.066877,0.195994,0.012282,0.004386,0.248766,0.01098,,1678000,,
0,0,,0.439993,0.005302,0.011781,0.001667,0.03855,0.20015,0.008251,0.009034,0.271502,0.013771,,2291600,,
0,0,,0.476172,0.013137,0.016467,0.004384,0.023542,0.265651,0.008075,0.010287,0.16167,0.020615,,1967000,,
0,5,,0.268563,0.008898,0.015798,0.006029,0.045574,0.437405,0.023131,0.008581,0.181529,0.004491,,1694300,,
0,0,,0.388268,0.011572,0.015947,0.003151,0.01518,0.313414,0.012518,0.009015,0.225761,0.005174,,1674500,,
0,0,,0.524157,0.004726,0.012688,0.009365,0.025624,0.148467,0.041486,0.002022,0.223187,0.008277,,2135800,,
0,0,,0.579811,0.009227,0.020726,0.004016,0.039387,0.039524,0.093532,0.02573,0.172156,0.015891,,1681600,,
0,0,,0.469663,0.006511,0.013864,0.003469,0.019303,0.187775,0.011435,0.004123,0.275874,0.007982,,1684600,,
0,0,,0.399054,0.008339,0.020617,0.002174,0.08255,0.190067,0.026957,0.006228,0.254329,0.009685,,1779000,,
0,8,,0.030355,0.030035,0.0709,0.034189,0.076219,0.010742,0.136872,0.203002,0.374877,0.032809,,2478900,,
0,0,,0.487785,0.00418,0.007811,0.009303,0.016946,0.182284,0.006365,0.006662,0.276877,0.001788,,1715900,,
0,0,,0.42277,0.011459,0.045381,0.008234,0.048914,0.087849,0.108695,0.034457,0.214247,0.017993,,1753500,,
0,0,,0.521846,0.005694,0.012121,0.023596,0.025254,0.14347,0.040091,0.002611,0.222651,0.002667,,1745700,,
0,8,,0.229216,0.005199,0.003919,0.004516,0.069987,0.059437,0.171658,0.028619,0.392634,0.034816,,1760700,,
0,0,,0.444044,0.010733,0.01759,0.003602,0.032428,0.259622,0.013725,0.008356,0.200085,0.009813,,2216800,,
0,0,,0.535767,0.001227,0.005186,0.019595,0.016891,0.133137,0.032481,0.001651,0.250888,0.003177,,1728500,,
0,0,,0.376911,0.013169,0.01894,0.001818,0.024277,0.332708,0.006566,0.010885,0.208002,0.006724,,1958200,,
0,0,,0.498043,0.005202,0.011314,0.006754,0.020433,0.174735,0.009527,0.006392,0.264541,0.00306,,1737300,,
0,0,,0.484307,0.013181,0.016184,0.00443,0.044405,0.180639,0.008907,0.01026,0.22156,0.016127,,2075100,,
0,0,,0.388352,0.003924,0.003172,0.00581,0.038811,0.139454,0.035315,0.013428,0.35968,0.012054,,2701700,,
0,8,,0.225078,0.026673,0.06096,0.008234,0.083615,0.009731,0.057853,0.099964,0.398712,0.02918,,1792300,,
0,5,,0.367613,0.007752,0.01361,0.004182,0.011849,0.401833,0.009462,0.006582,0.164359,0.012757,,1767800,,
0,0,,0.516966,0.012715,0.011365,0.005904,0.041098,0.154678,0.028219,0.007338,0.212552,0.009165,,1975300,,
0,0,,0.472446,0.01714,0.020309,0.004149,0.02638,0.180264,0.01623,0.009509,0.247547,0.006027,,1801000,,
0,5,,0.325442,0.010358,0.014497,0.002651,0.016548,0.425244,0.011029,0.008906,0.180586,0.00474,,1721400,,
0,0,,0.517879,0.004521,0.005671,0.023768,0.020006,0.157273,0.03059,0.002595,0.229732,0.007966,,2037500,,
0,0,,0.472799,0.003571,0.010991,0.001599,0.014781,0.209492,0.011536,0.006352,0.261258,0.007621,,1848200,,
0,0,,0.455637,0.01284,0.013384,0.005726,0.020122,0.180811,0.009706,0.009804,0.224453,0.067517,,3239600,,
0,5,,0.296292,0.010917,0.012813,0.004098,0.022859,0.439359,0.007663,0.008175,0.191136,0.006686,,1756200,,
0,0,,0.523593,0.002568,0.011078,0.008126,0.016892,0.178309,0.008099,0.00359,0.244146,0.003599,,1802400,,
0,0,,0.474886,0.00596,0.02168,0.0121,0.027978,0.102185,0.111742,0.026219,0.200193,0.017057,,1769700,,
0,0,,0.52056,0.004819,0.007094,0.022045,0.010597,0.16982,0.004855,0.00221,0.251142,0.006858,,2339700,,
0,0,,0.467229,0.005831,0.024647,0.016469,0.042852,0.110602,0.093532,0.023291,0.211988,0.003558,,3106700,,
0,0,,0.476873,0.007329,0.01353,0.006383,0.013689,0.211816,0.009092,0.004572,0.24402,0.012695,,3375900,,
0,0,,0.408655,0.009802,0.015786,0.003338,0.011876,0.323455,0.010263,0.008343,0.204427,0.004056,,2721900,,
0,0,,0.374603,0.019462,0.060678,0.008073,0.087117,0.011997,0.027853,0.069255,0.309727,0.031235,,2073200,,
0,0,,0.365103,0.008811,0.015394,0.009893,0.024902,0.266031,0.150514,0.021449,0.115119,0.022783,,1954000,,
0,0,,0.496675,0.00406,0.006498,0.018847,0.015863,0.197707,0.004617,0.004545,0.24416,0.007026,,2328300,,
0,0,,0.379718,0.014638,0.01454,0.004291,0.018574,0.237249,0.011782,0.009071,0.279004,0.031132,,2768300,,
0,0,,0.490054,0.006643,0.024122,0.00575,0.062615,0.080562,0.108678,0.033513,0.179783,0.00828,,1694100,,
0,0,,0.367808,0.013393,0.011761,0.00307,0.009987,0.36162,0.012353,0.014268,0.187695,0.018045,,3159500,,
0,8,,0.351096,0.010432,0.015341,0.003927,0.010328,0.181802,0.013812,0.007529,0.35738,0.048353,,1753100,,
0,0,,0.486508,0.012517,0.015786,0.003008,0.009557,0.235546,0.009648,0.009613,0.189885,0.027933,,1995800,,
0,0,,0.521761,0.006499,0.011385,0.007655,0.01272,0.180685,0.008099,0.006837,0.240255,0.004104,,1702500,,
0,0,,0.523134,0.004293,0.008043,0.012288,0.016141,0.170305,0.007992,0.005364,0.250755,0.001684,,1890900,,
0,5,,0.360278,0.009487,0.014673,0.003011,0.011633,0.37818,0.011064,0.010839,0.181261,0.019573,,1815300,,
0,0,,0.488609,0.003656,0.010817,0.008292,0.019059,0.184761,0.008318,0.003529,0.269846,0.003115,,2274000,,
0,0,,0.493958,0.002042,0.006625,0.027215,0.016504,0.195134,0.005151,0.002261,0.244945,0.006165,,1806000,,
0,0,,0.603185,0.00297,0.006133,0.012861,0.014098,0.119522,0.015894,0.003087,0.218159,0.004092,,1742600,,
0,0,,0.496798,0.003073,0.005329,0.01884,0.017514,0.188126,0.005165,0.00301,0.254055,0.00809,,1753000,,
0,0,,0.522706,0.008084,0.010075,0.004839,0.041307,0.139947,0.023035,0.011794,0.223411,0.014802,,2113100,,
0,0,,0.46715,0.003128,0.021067,0.014667,0.045823,0.116622,0.093571,0.018439,0.210553,0.008981,,1796700,,
0,0,,0.527287,0.010499,0.006895,0.023932,0.006319,0.182296,0.004617,0.008832,0.221474,0.007849,,2311100,,
0,0,,0.334844,0.03489,0.045603,0.008618,0.076074,0.229767,0.050004,0.078949,0.126862,0.014387,,2572300,,
0,0,,0.409092,0.004241,0.011887,0.01497,0.020343,0.340263,0.004867,0.007579,0.178562,0.008196,,2514500,,
0,8,,0.116855,0.018047,0.077563,0.025833,0.073487,0.00404,0.149315,0.119437,0.383079,0.032342,,1843600,,
0,5,,0.368644,0.004569,0.01411,0.008389,0.011029,0.393883,0.009015,0.007459,0.172333,0.010569,,2129400,,
0,0,,0.439762,0.059703,0.039341,0.114451,0.03422,0.057472,0.006427,0.024799,0.17484,0.048985,,1809800,,
0,0,,0.504559,0.008524,0.009193,0.008085,0.020721,0.183072,0.007956,0.004675,0.249001,0.004214,,2411400,,
0,0,,0.470567,0.010633,0.022501,0.005755,0.066587,0.056679,0.130054,0.035769,0.180843,0.020612,,1742600,,
0,0,,0.449452,0.005683,0.011452,0.007053,0.015237,0.189524,0.007118,0.004663,0.305318,0.004499,,1780200,,
0,0,,0.469208,0.001928,0.00925,0.01281,0.019624,0.259474,0.041772,0.002185,0.174786,0.008964,,1815900,,
0,0,,0.481269,0.017016,0.024038,0.004565,0.034256,0.023331,0.129552,0.044232,0.221298,0.020442,,1833900,,
0,0,,0.496283,0.006304,0.009302,0.007587,0.015598,0.184571,0.009621,0.0044,0.261733,0.0046,,2004300,,
0,0,,0.413866,0.008497,0.013147,0.00477,0.018982,0.334724,0.006473,0.008207,0.185856,0.005477,,1685200,,
0,0,,0.479994,0.004281,0.010538,0.005873,0.015832,0.215628,0.008548,0.00382,0.244134,0.011352,,2797100,,
0,0,,0.476072,0.007627,0.008785,0.004501,0.024029,0.212874,0.009991,0.004048,0.233553,0.018519,,2192400,,
0,8,,0.218761,0.004827,0.012525,0.005415,0.075225,0.095107,0.090798,0.036504,0.399994,0.060844,,2852700,,
0,0,,0.516428,0.003741,0.004321,0.01679,0.022594,0.16876,0.009906,0.003442,0.252434,0.001582,,1737900,,
0,0,,0.530873,0.004524,0.007262,0.019208,0.01056,0.167977,0.007412,0.001974,0.246224,0.003986,,1833000,,
0,0,,0.552327,0.006189,0.022439,0.02486,0.0145,0.115583,0.041457,0.021034,0.194105,0.007504,,2053300,,
0,0,,0.495904,0.006915,0.011898,0.006798,0.015174,0.183154,0.008698,0.004746,0.261749,0.004965,,2361500,,
0,0,,0.517322,0.003283,0.007165,0.016221,0.014757,0.179915,0.004617,0.003144,0.247202,0.006374,,2121200,,
0,0,,0.527087,0.004246,0.00579,0.018053,0.014222,0.124837,0.053,0.024685,0.221846,0.006235,,2082600,,
0,0,,0.399668,0.016307,0.043556,0.00943,0.06267,0.008385,0.052671,0.089291,0.255404,0.062619,,2342900,,
0,5,,0.366056,0.007247,0.013653,0.003909,0.046525,0.378383,0.011224,0.003699,0.154099,0.015204,,2312900,,
0,0,,0.359385,0.00753,0.013891,0.003848,0.016589,0.3569,0.013672,0.008979,0.200818,0.018389,,2082700,,
0,0,,0.500056,0.007256,0.013302,0.005346,0.016253,0.188706,0.006392,0.004086,0.254521,0.004082,,2362000,,
0,0,,0.492142,0.003489,0.010203,0.009728,0.020458,0.188241,0.009333,0.006882,0.256583,0.002942,,2169900,,
0,0,,0.407752,0.008871,0.008459,0.010082,0.019476,0.308415,0.00493,0.004454,0.219169,0.008391,,2189900,,
0,0,,0.449823,0.009037,0.013693,0.002059,0.030786,0.174047,0.01478,0.011734,0.227725,0.066315,,2693800,,
0,0,,0.482383,0.004562,0.003462,0.008095,0.016433,0.089259,0.093091,0.016941,0.271345,0.01443,,2900700,,
0,0,,0.524106,0.00721,0.008264,0.016809,0.020353,0.167918,0.007785,0.004311,0.239474,0.00377,,2289600,,
0,0,,0.470445,0.01532,0.009132,0.002878,0.031861,0.130814,0.019635,0.012653,0.292491,0.014771,,2118000,,
0,0,,0.377094,0.013311,0.012267,0.003836,0.046336,0.355928,0.009785,0.011245,0.161765,0.008433,,2319100,,
0,0,,0.432351,0.005126,0.013974,0.007576,0.044428,0.213267,0.017724,0.005853,0.249898,0.009804,,2313100,,
0,0,,0.501385,0.002762,0.006855,0.01626,0.01519,0.190428,0.004617,0.003408,0.252829,0.006265,,2088300,,
0,0,,0.529701,0.004745,0.003529,0.019136,0.015639,0.278519,0.011477,0.00305,0.126791,0.007413,,2427700,,
0,0,,0.523803,0.003218,0.01095,0.007114,0.017035,0.17173,0.009015,0.003617,0.25065,0.002869,,2680700,,
0,0,,0.518571,0.004261,0.0045,0.020985,0.009854,0.161396,0.061373,0.000692,0.207565,0.010804,,2073600,,
0,0,,0.494505,0.042974,0.072903,0.084228,0.067218,0.027035,0.00962,0.030268,0.138881,0.032367,,2248100,,
0,5,,0.333598,0.005846,0.005071,0.018615,0.014097,0.417952,0.007412,0.003736,0.18719,0.006483,,2164900,,
0,0,,0.435408,0.011271,0.014744,0.018627,0.026334,0.10692,0.153309,0.024241,0.202935,0.006211,,2910700,,
0,0,,0.402022,0.006285,0.012752,0.009488,0.014839,0.341866,0.008082,0.00656,0.189526,0.008581,,2892500,,
0,5,,0.376781,0.006416,0.015556,0.005127,0.012628,0.415925,0.010051,0.004241,0.141304,0.011972,,2038400,,
0,0,,0.371105,0.020775,0.019189,0.005423,0.011304,0.322094,0.01094,0.006797,0.229563,0.00281,,2076600,,
0,0,,0.456768,0.008354,0.009334,0.005983,0.019971,0.117362,0.015444,0.012983,0.309038,0.044763,,2863600,,
0,0,,0.435691,0.014002,0.009039,0.002541,0.04455,0.154221,0.03487,0.013334,0.228612,0.063142,,2196000,,
0,0,,0.504349,0.005285,0.006488,0.013954,0.016481,0.185608,0.008041,0.00363,0.253622,0.002541,,2094200,,
0,5,,0.346219,0.00619,0.01271,0.003868,0.048387,0.380029,0.014461,0.004725,0.175963,0.007448,,2374800,,
0,0,,0.460508,0.007549,0.012476,0.011127,0.012083,0.188227,0.005002,0.00454,0.291605,0.006883,,2465300,,
0,8,,0.207097,0.002559,0.025935,0.004343,0.095785,0.040286,0.17311,0.027773,0.390073,0.033039,,2052100,,
0,0,,0.495001,0.00777,0.013474,0.005305,0.014475,0.177657,0.007828,0.007998,0.266636,0.003857,,2001400,,
0,0,,0.444343,0.010222,0.009436,0.006465,0.011333,0.210033,0.008264,0.004659,0.292291,0.002955,,2370800,,
0,5,,0.341063,0.00717,0.016551,0.00726,0.042892,0.378049,0.017135,0.008478,0.171077,0.010325,,2309900,,
0,0,,0.514469,0.004103,0.005238,0.023257,0.012915,0.158036,0.060923,0.002874,0.21025,0.007935,,2547000,,
0,0,,0.495173,0.002761,0.010538,0.00974,0.016026,0.184338,0.008361,0.003547,0.265556,0.00396,,2107700,,
0,0,,0.552037,0.004038,0.023333,0.025613,0.016098,0.113123,0.041457,0.0198,0.195828,0.008672,,2543100,,
0,0,,0.501039,0.004517,0.012889,0.004896,0.020857,0.183787,0.010369,0.006639,0.250568,0.004438,,2293700,,
0,0,,0.463283,0.021376,0.024178,0.00354,0.031604,0.134835,0.127673,0.049203,0.12348,0.020827,,1828400,,
0,7,,0.036366,0.039568,0.088932,0.042923,0.180045,0.012585,0.124146,0.289999,0.164094,0.021342,,2734200,,
0,8,,0.183231,0.002978,0.006004,0.009787,0.109494,0.117401,0.106127,0.08308,0.37351,0.008388,,2394400,,
0,0,,0.427645,0.00823,0.004592,0.00093,0.079813,0.112571,0.084106,0.014813,0.219547,0.047754,,2073800,,
0,0,,0.385483,0.011798,0.016587,0.005,0.033802,0.214376,0.135839,0.046437,0.137244,0.013433,,2256900,,
0,0,,0.507281,0.008068,0.011021,0.007666,0.01555,0.179552,0.0072,0.003984,0.256587,0.003092,,2257500,,
0,0,,0.459915,0.010078,0.018957,0.003175,0.01651,0.025282,0.154636,0.019443,0.270513,0.02149,,1694400,,
0,5,,0.287699,0.005605,0.013583,0.002,0.037088,0.440246,0.012534,0.005398,0.186565,0.009283,,1671100,,
0,0,,0.415378,0.009418,0.013895,0.00446,0.069249,0.188881,0.020056,0.008814,0.258804,0.011046,,1663500,,
0,0,,0.497365,0.011025,0.017745,0.004444,0.025145,0.135474,0.011598,0.008185,0.271192,0.017825,,2076900,,
0,0,,0.519402,0.006915,0.011898,0.007369,0.01707,0.179068,0.005269,0.006461,0.240701,0.005848,,1678100,,
0,0,,0.43262,0.014247,0.020122,0.002553,0.024516,0.334325,0.004496,0.009932,0.150263,0.006926,,1809500,,
0,8,,0.210652,0.002346,0.023656,0.006162,0.072464,0.028656,0.205757,0.042296,0.350954,0.057056,,1677100,,
0,0,,0.467709,0.006876,0.009217,0.003719,0.012818,0.185207,0.008561,0.006183,0.294668,0.005042,,1864600,,
0,5,,0.301925,0.020667,0.015005,0.004433,0.059868,0.363144,0.064005,0.008876,0.157657,0.00442,,1857400,,
0,0,,0.408938,0.007452,0.00987,0.004848,0.020101,0.387396,0.009307,0.004734,0.134239,0.013112,,1681500,,
0,0,,0.517603,0.004493,0.005967,0.019363,0.015096,0.16199,0.033172,0.004713,0.23339,0.004213,,1684500,,
0,0,,0.373308,0.004436,0.010701,0.0075,0.037903,0.229508,0.014889,0.006115,0.278397,0.037241,,1658100,,
0,0,,0.506459,0.004122,0.011309,0.005236,0.015636,0.196527,0.008059,0.004839,0.243651,0.004161,,3619200,,
0,8,,0.359997,0.004442,0.003929,0.022178,0.024544,0.191183,0.008254,0.001594,0.370336,0.013543,,1683600,,
0,0,,0.50608,0.004211,0.010538,0.006849,0.015118,0.189146,0.009477,0.003105,0.252255,0.003221,,1872300,,
0,0,,0.425766,0.002947,0.004604,0.023845,0.01373,0.114365,0.005922,0.001594,0.400924,0.006304,,2165800,,
0,4,,0.009653,0.158281,0.057825,0.125851,0.177137,0.041589,0.112906,0.16171,0.033962,0.121087,,1675600,,
0,5,,0.33692,0.005666,0.010441,0.012957,0.015214,0.359187,0.005002,0.003902,0.228163,0.022548,,1729400,,
0,0,,0.50569,0.005517,0.013015,0.007265,0.023076,0.177397,0.008842,0.003787,0.252016,0.003395,,1691800,,
0,0,,0.381382,0.003539,0.011555,0.016579,0.019437,0.376546,0.005165,0.005829,0.171877,0.00809,,1730700,,
0,0,,0.48738,0.003627,0.00596,0.021932,0.019522,0.180225,0.008067,0.002921,0.267161,0.003205,,3118800,,
0,0,,0.391528,0.013386,0.009966,0.004872,0.024044,0.080416,0.111286,0.031045,0.272132,0.061326,,1962700,,
0,0,,0.558879,0.007229,0.026868,0.016828,0.013102,0.110814,0.043793,0.024545,0.194146,0.003795,,1695100,,
0,0,,0.557698,0.006191,0.024431,0.023047,0.013196,0.112426,0.044652,0.02251,0.192684,0.003165,,1738500,,
0,0,,0.470735,0.002375,0.020441,0.016076,0.038969,0.118199,0.090972,0.018037,0.212827,0.011369,,2150300,,
0,0,,0.451892,0.005407,0.008445,0.005541,0.023562,0.218757,0.013713,0.006154,0.257509,0.009019,,1730000,,
0,7,,0.036716,0.013684,0.073987,0.009056,0.16095,0.005244,0.195687,0.253968,0.220697,0.030011,,1730600,,
0,0,,0.450057,0.008821,0.00963,0.003158,0.029002,0.187658,0.022199,0.010305,0.230926,0.048245,,1754800,,
0,0,,0.432651,0.002962,0.014187,0.009577,0.014108,0.344141,0.007412,0.005082,0.167298,0.002582,,2153900,,
0,0,,0.40347,0.011534,0.013918,0.002287,0.016651,0.342804,0.003947,0.006763,0.193569,0.005059,,1730700,,
0,0,,0.479885,0.004282,0.011353,0.021556,0.017287,0.15292,0.047787,0.026642,0.232425,0.005862,,2722200,,
0,0,,0.372238,0.01399,0.012221,0.005,0.03183,0.230115,0.013684,0.011105,0.278065,0.031752,,2148200,,
0,0,,0.445665,0.007144,0.012225,0.004792,0.027924,0.22226,0.00601,0.004659,0.259777,0.009542,,1869700,,
0,0,,0.420039,0.006536,0.019361,0.006143,0.042738,0.215856,0.016787,0.006923,0.255295,0.010323,,2241900,,
0,8,,0.300466,0.012499,0.024921,0.002737,0.03875,0.017248,0.158647,0.027781,0.36724,0.04971,,1763900,,
0,0,,0.421697,0.007355,0.011678,0.001724,0.050086,0.210263,0.016847,0.005199,0.260447,0.014704,,1979500,,
0,0,,0.517127,0.005558,0.011541,0.012771,0.014718,0.17076,0.005249,0.004149,0.251442,0.006686,,1740300,,
0,0,,0.527541,0.008009,0.018949,0.005984,0.018248,0.230519,0.009976,0.007157,0.155319,0.018298,,2678000,,
0,0,,0.501987,0.009463,0.011975,0.007012,0.018019,0.178528,0.006311,0.005943,0.255068,0.005694,,2024600,,
0,0,,0.423949,0.002514,0.003061,0.026239,0.014888,0.348385,0.005728,0.002284,0.164794,0.008159,,2208600,,
0,0,,0.501464,0.004195,0.012728,0.01547,0.01289,0.113053,0.041286,0.017738,0.27108,0.010096,,2684800,,
0,0,,0.525264,0.005077,0.007113,0.010627,0.017783,0.158999,0.030745,0.003796,0.237421,0.003174,,2360600,,
0,5,,0.386048,0.00261,0.00692,0.021408,0.013658,0.390663,0.004617,0.002196,0.158115,0.013765,,2097700,,
0,5,,0.354461,0.011323,0.018254,0.003154,0.023686,0.358389,0.006092,0.008449,0.208267,0.007924,,2326500,,
0,0,,0.519447,0.006935,0.005484,0.019749,0.015043,0.160177,0.033,0.002732,0.235318,0.002115,,2167900,,
0,0,,0.467441,0.008047,0.008987,0.006817,0.015452,0.182778,0.008715,0.005437,0.292093,0.004232,,2125000,,
0,0,,0.502191,0.00589,0.01063,0.01195,0.017,0.182477,0.006041,0.003902,0.251135,0.008784,,1977600,,
0,0,,0.523354,0.005099,0.013301,0.018178,0.021963,0.142692,0.041032,0.00455,0.226908,0.002923,,1833000,,
0,0,,0.549901,0.010155,0.027262,0.007756,0.04727,0.02405,0.103201,0.031627,0.174206,0.024571,,2384500,,
0,0,,0.483807,0.008591,0.009997,0.004237,0.016955,0.179712,0.007623,0.006556,0.277492,0.005029,,2523900,,
0,5,,0.267152,0.015523,0.012213,0.004196,0.054239,0.416119,0.036811,0.010449,0.180803,0.002495,,1910000,,
0,0,,0.344072,0.008081,0.037145,0.000392,0.065577,0.050853,0.181551,0.051132,0.190145,0.071052,,1689600,,
0,8,,0.235838,0.029671,0.07668,0.038683,0.072155,0.009259,0.115997,0.084032,0.306943,0.030743,,1744500,,
0,0,,0.469093,0.002977,0.022316,0.01616,0.030911,0.108898,0.111742,0.024209,0.203906,0.009787,,3152600,,
0,0,,0.431258,0.009322,0.014498,0.002887,0.042169,0.167703,0.013998,0.010231,0.256024,0.051909,,2194500,,
0,5,,0.33758,0.007025,0.012926,0.005023,0.038697,0.408006,0.013522,0.007598,0.145849,0.023776,,2170300,,
0,0,,0.486528,0.003949,0.01151,0.006632,0.015364,0.185239,0.007797,0.005019,0.274339,0.003622,,2230300,,
0,0,,0.491163,0.001804,0.012174,0.010445,0.010652,0.152789,0.048164,0.026572,0.233737,0.012501,,2646600,,
1,1,,0.013691,0.471,0.02231,0.048405,0.076484,0.014446,0.068316,0.111563,0.018715,0.155072,,2082300,,
1,9,,0.010766,0.139419,0.13328,0.205394,0.010884,0.118693,0.003318,0.075739,0.044747,0.257759,,2280100,,
1,1,,0.004758,0.357792,0.029007,0.029201,0.157715,0.011588,0.073786,0.142186,0.022252,0.171716,,2274700,,
1,1,,0.012002,0.243699,0.200164,0.18881,0.011931,0.090134,0.010774,0.029045,0.041867,0.171574,,2530600,,
1,1,,0.010037,0.339478,0.032456,0.033081,0.162912,0.012926,0.0787,0.136697,0.022301,0.171413,,2269200,,
1,3,,0.011933,0.108367,0.218673,0.284943,0.054459,0.080871,0.015549,0.060617,0.028846,0.135742,,2538200,,
1,2,,0.009659,0.071271,0.249959,0.146889,0.062204,0.061251,0.085313,0.127508,0.080914,0.105031,,2260300,,
1,2,,0.012573,0.159982,0.320787,0.171765,0.055888,0.074704,0.026151,0.051512,0.033252,0.093387,,2274600,,
1,1,,0.015473,0.269013,0.036971,0.04656,0.142841,0.012639,0.095879,0.19074,0.028447,0.161437,,3092800,,
1,1,,0.011635,0.287102,0.029749,0.013064,0.133406,0.029756,0.106809,0.162983,0.034934,0.190562,,2119600,,
1,1,,0.00953,0.24058,0.02762,0.042741,0.207857,0.012672,0.102334,0.150513,0.032903,0.173249,,2118100,,
1,1,,0.018119,0.301033,0.03381,0.012381,0.095539,0.041502,0.129045,0.13396,0.02852,0.20609,,2159100,,
1,3,,0.009678,0.118717,0.162329,0.299938,0.01133,0.097564,0.005497,0.057768,0.044448,0.192733,,2161900,,
1,1,,0.011108,0.216722,0.121961,0.148904,0.047682,0.089596,0.098997,0.099203,0.03691,0.128917,,2284800,,
1,3,,0.021074,0.114465,0.134437,0.331381,0.011851,0.123361,0.011512,0.029895,0.021411,0.200613,,2134500,,
1,1,,0.012623,0.290249,0.061746,0.02195,0.080221,0.066723,0.098192,0.099205,0.031128,0.237964,,2253900,,
1,2,,0.004216,0.191063,0.237415,0.193588,0.008678,0.104659,0.011984,0.087301,0.024983,0.136112,,2613600,,
1,1,,0.00384,0.378979,0.040186,0.042856,0.137052,0.011269,0.103279,0.124602,0.024564,0.133374,,2195300,,
1,1,,0.013005,0.216785,0.212286,0.2037,0.021206,0.08821,0.002151,0.028408,0.034676,0.179574,,2728500,,
1,1,,0.014395,0.395739,0.066813,0.02689,0.054157,0.036407,0.108648,0.088624,0.023148,0.18518,,2975700,,
1,1,,0.009972,0.351544,0.027466,0.036399,0.154945,0.009725,0.077943,0.133341,0.021407,0.177259,,2181900,,
1,1,,0.005519,0.356792,0.038887,0.029201,0.139398,0.011221,0.103635,0.139565,0.022869,0.152913,,2634400,,
1,9,,0.012356,0.207088,0.10986,0.066287,0.05555,0.056541,0.122324,0.102633,0.013419,0.253942,,2459100,,
1,3,,0.013975,0.078699,0.160702,0.345695,0.050406,0.128309,0.010421,0.042509,0.028034,0.141252,,2297000,,
1,3,,0.017994,0.136547,0.184592,0.295099,0.033035,0.111156,0.007556,0.048788,0.025013,0.140219,,2138400,,
1,2,,0.01034,0.069501,0.294951,0.127326,0.076988,0.072352,0.073291,0.129729,0.055785,0.089737,,2225100,,
1,3,,0.018652,0.129557,0.135873,0.270165,0.028448,0.132965,0.007537,0.063743,0.039484,0.173575,,2432100,,
1,2,,0.015475,0.184397,0.26733,0.191642,0.033436,0.120831,0.00705,0.056829,0.021151,0.101859,,2162900,,
1,1,,0.008194,0.476423,0.030287,0.024595,0.077632,0.028567,0.06584,0.130217,0.014676,0.143568,,2362300,,
1,2,,0.012292,0.157045,0.296262,0.116388,0.099987,0.065707,0.031011,0.073049,0.054038,0.094222,,2707700,,
1,1,,0.018866,0.196267,0.188742,0.191178,0.055546,0.08946,0.055429,0.075927,0.038881,0.089704,,2303100,,
1,1,,0.01151,0.329116,0.074866,0.028778,0.049943,0.033959,0.107184,0.09966,0.054065,0.210918,,2412100,,
1,1,,0.014409,0.346072,0.044947,0.024699,0.096122,0.037652,0.122791,0.140744,0.02252,0.150044,,2277000,,
1,1,,0.010933,0.475046,0.028509,0.027499,0.072499,0.027678,0.073582,0.127429,0.012776,0.144049,,2468000,,
1,1,,0.013176,0.478186,0.039958,0.043655,0.072336,0.013749,0.072828,0.096018,0.016231,0.153862,,2130300,,
1,1,,0.01195,0.350115,0.027466,0.035382,0.155412,0.009396,0.078684,0.133726,0.021269,0.176599,,2720500,,
1,2,,0.013771,0.181556,0.284457,0.199819,0.020835,0.094258,0.005607,0.094325,0.012522,0.092851,,1799600,,
1,2,,0.022464,0.112666,0.272369,0.147092,0.061735,0.049162,0.102106,0.103683,0.055603,0.07312,,3283400,,
1,9,,0.008426,0.096208,0.13783,0.194978,0.013365,0.131286,0.003084,0.101887,0.04582,0.267117,,3441500,,
1,1,,0.009456,0.433014,0.021537,0.014701,0.077462,0.008936,0.06584,0.1422,0.023438,0.203415,,1785900,,
1,1,,0.008433,0.373452,0.026517,0.025929,0.146153,0.028344,0.077789,0.148856,0.01574,0.148787,,1676700,,
1,9,,0.009647,0.177041,0.206471,0.134305,0.016424,0.078868,0.005467,0.07281,0.024813,0.274155,,1674300,,
1,2,,0.014372,0.15956,0.249484,0.191647,0.019887,0.094947,0.012936,0.053612,0.024132,0.179424,,1669800,,
1,1,,0.009726,0.364477,0.012865,0.04042,0.150687,0.034532,0.074756,0.128951,0.020558,0.163028,,1964000,,
1,2,,0.015393,0.205855,0.246922,0.181923,0.029501,0.083561,0.005886,0.037783,0.029484,0.163693,,2105900,,
1,1,,0.006813,0.238699,0.229763,0.102668,0.011433,0.122262,0.003304,0.064234,0.012694,0.20813,,1679500,,
1,4,,0.022729,0.118382,0.02688,0.002171,0.190799,0.036566,0.141071,0.181586,0.092826,0.186989,,1660100,,
1,1,,0.015788,0.278572,0.038992,0.029372,0.145755,0.015769,0.091456,0.201158,0.023471,0.159668,,2005900,,
1,2,,0.013654,0.206232,0.260442,0.132673,0.084142,0.059008,0.048008,0.077528,0.030877,0.087435,,1779100,,
1,1,,0.012422,0.297516,0.079161,0.012753,0.060616,0.031342,0.107661,0.090609,0.039052,0.268868,,1666600,,
1,1,,0.015135,0.471081,0.022628,0.033615,0.073854,0.031362,0.068507,0.11437,0.020582,0.148866,,1966000,,
1,1,,0.021863,0.284088,0.025014,0.009683,0.09768,0.075635,0.125457,0.140447,0.021015,0.199119,,2472000,,
1,2,,0.014151,0.1462,0.296487,0.166473,0.061414,0.071941,0.023849,0.061127,0.025053,0.133305,,2312900,,
1,1,,0.004251,0.373926,0.039083,0.024595,0.132037,0.027678,0.100638,0.146558,0.019731,0.131503,,2089900,,
1,1,,0.0143,0.309076,0.026156,0.012036,0.102315,0.010238,0.122791,0.172349,0.030333,0.200406,,2081000,,
1,1,,0.010801,0.349498,0.027466,0.036337,0.158197,0.007634,0.077783,0.135322,0.021285,0.175677,,2366300,,
1,2,,0.016218,0.152193,0.301769,0.17791,0.062,0.090702,0.019368,0.066841,0.021846,0.091154,,2039700,,
1,3,,0.011878,0.110926,0.192228,0.287564,0.016612,0.125293,0.035807,0.041692,0.030672,0.147329,,2301100,,
1,2,,0.016812,0.16355,0.249897,0.101508,0.081258,0.049318,0.078655,0.106559,0.064627,0.087817,,2076700,,
1,1,,0.010646,0.481831,0.027634,0.043316,0.080503,0.012677,0.067907,0.10779,0.020399,0.147298,,2747800,,
1,1,,0.007734,0.386792,0.0324,0.039849,0.114319,0.016083,0.111578,0.13348,0.016693,0.141072,,2046900,,
1,1,,0.012922,0.458041,0.026121,0.04808,0.074438,0.026755,0.071798,0.116499,0.014249,0.151097,,2065700,,
1,2,,0.01632,0.208731,0.247427,0.1966,0.03325,0.115061,0.018963,0.055033,0.024926,0.083689,,2212800,,
1,3,,0.011213,0.098439,0.156367,0.316497,0.013907,0.12502,0.003874,0.034315,0.033282,0.207087,,4069800,,
1,1,,0.016667,0.391834,0.065623,0.031688,0.052513,0.042728,0.109774,0.078201,0.02399,0.18698,,3371900,,
1,1,,0.012735,0.316859,0.026651,0.012016,0.114191,0.038509,0.114053,0.109786,0.01232,0.242881,,2548500,,
1,1,,0.011121,0.289896,0.031679,0.013952,0.134987,0.03792,0.103369,0.107748,0.019472,0.249854,,2114300,,
1,1,,0.010445,0.287419,0.031679,0.013381,0.139735,0.02824,0.101858,0.159632,0.037787,0.189824,,1768200,,
1,2,,0.01285,0.226207,0.261014,0.171823,0.046194,0.078402,0.019664,0.05473,0.022674,0.106442,,1708600,,
1,1,,0.012422,0.197069,0.195245,0.176848,0.058104,0.0648,0.053274,0.095309,0.040903,0.106025,,2079600,,
1,1,,0.005897,0.374351,0.050532,0.041613,0.135134,0.013356,0.101149,0.115468,0.01895,0.143551,,1696500,,
1,1,,0.007502,0.256187,0.149306,0.215262,0.044645,0.060584,0.075924,0.070204,0.025139,0.095248,,1679500,,
1,1,,0.016974,0.19363,0.190296,0.191762,0.057053,0.090159,0.055691,0.075588,0.038346,0.090503,,2457400,,
1,2,,0.012007,0.206052,0.253301,0.177955,0.014388,0.084386,0.004966,0.057411,0.029761,0.159773,,3129900,,
1,1,,0.013152,0.221372,0.033051,0.029049,0.191295,0.007772,0.139908,0.142175,0.025761,0.196464,,2307200,,
1,1,,0.004368,0.364207,0.057576,0.042081,0.127656,0.017902,0.100524,0.117392,0.019146,0.149148,,2182300,,
1,9,,0.010879,0.153805,0.18705,0.173659,0.011364,0.110451,0.006868,0.037441,0.028242,0.28024,,2413800,,
1,2,,0.016677,0.145191,0.235983,0.111148,0.019268,0.129434,0.009026,0.089802,0.033591,0.209881,,2154600,,
1,1,,0.011301,0.365546,0.028514,0.043435,0.151363,0.021196,0.074549,0.130916,0.016246,0.156934,,2319300,,
1,2,,0.018992,0.168179,0.25175,0.204508,0.040291,0.092309,0.012514,0.050227,0.02054,0.140689,,2614600,,
1,3,,0.0134,0.118856,0.137056,0.26286,0.009397,0.120441,0.002596,0.049362,0.040331,0.245702,,2051800,,
1,1,,0.008126,0.379623,0.028756,0.025971,0.150687,0.026755,0.074275,0.124476,0.0188,0.162532,,2228400,,
1,1,,0.010327,0.466309,0.038013,0.036837,0.080276,0.006707,0.070682,0.111106,0.021245,0.1585,,2494600,,
1,1,,0.00546,0.368978,0.044532,0.027233,0.129267,0.032883,0.100638,0.141672,0.019058,0.130281,,2298700,,
1,1,,0.013206,0.273704,0.039305,0.0315,0.146468,0.00949,0.094686,0.191643,0.030288,0.16971,,2251300,,
1,9,,0.028704,0.105589,0.11791,0.133916,0.073169,0.097384,0.160357,0.087539,0.022888,0.172543,,2278100,,
1,7,,0.00858,0.162222,0.14512,0.04732,0.081898,0.071591,0.151169,0.166886,0.086343,0.078869,,2997900,,
1,1,,0.007502,0.256187,0.149306,0.215262,0.044645,0.060584,0.075924,0.070204,0.025139,0.095248,,2224000,,
1,1,,0.007559,0.47547,0.029652,0.024595,0.075854,0.028821,0.06584,0.134535,0.014739,0.142934,,2494200,,
1,1,,0.009972,0.251974,0.027466,0.034613,0.156698,0.00724,0.115218,0.165863,0.027301,0.203655,,2469700,,
1,2,,0.013748,0.159494,0.271609,0.231073,0.04855,0.096496,0.009682,0.054647,0.023145,0.091556,,3850400,,
1,1,,0.014492,0.246802,0.233704,0.176099,0.019637,0.076133,0.013264,0.073251,0.024367,0.122252,,1891300,,
1,2,,0.012543,0.149352,0.272345,0.121966,0.081226,0.062413,0.047139,0.092486,0.063206,0.097324,,1838800,,
1,2,,0.017514,0.150158,0.24325,0.114481,0.078292,0.060459,0.124644,0.076473,0.055026,0.079702,,2824600,,
1,2,,0.008172,0.117754,0.29139,0.172378,0.058436,0.09415,0.031741,0.091018,0.035212,0.099749,,1876900,,
1,1,,0.009398,0.239314,0.033175,0.028383,0.187607,0.008746,0.106613,0.165869,0.025202,0.195692,,2965000,,
1,1,,0.003897,0.376938,0.032165,0.044436,0.13305,0.008692,0.10119,0.138619,0.021661,0.139351,,2720000,,
1,2,,0.01535,0.227904,0.241467,0.187959,0.016277,0.095694,0.007555,0.03168,0.026193,0.14992,,2775500,,
1,9,,0.013995,0.226277,0.119168,0.073307,0.040421,0.077002,0.076035,0.123738,0.01493,0.235127,,2493200,,
1,2,,0.015947,0.157834,0.259754,0.090327,0.071541,0.048795,0.097544,0.111199,0.067543,0.079517,,3085600,,
1,3,,0.012187,0.127367,0.165684,0.298841,0.014388,0.096787,0.003468,0.04981,0.035519,0.195948,,2190100,,
1,1,,0.009307,0.466912,0.029673,0.033509,0.074137,0.035777,0.065726,0.117205,0.018632,0.149122,,2138000,,
1,1,,0.007059,0.38128,0.022111,0.041725,0.153131,0.01419,0.073624,0.128097,0.022273,0.156508,,2840000,,
1,1,,0.011943,0.255264,0.028161,0.042741,0.151492,0.012039,0.115775,0.155347,0.030938,0.196299,,1994600,,
1,2,,0.011796,0.193315,0.236981,0.230522,0.01551,0.074816,0.012028,0.059234,0.020531,0.145267,,2320800,,
1,3,,0.012725,0.095328,0.145657,0.300329,0.010238,0.139778,0.010897,0.030927,0.040314,0.213807,,1692900,,
1,1,,0.008492,0.362245,0.028161,0.042741,0.158997,0.011346,0.073857,0.131258,0.025445,0.157458,,2245000,,
1,1,,0.009974,0.244895,0.026299,0.019137,0.156731,0.008173,0.123752,0.16391,0.036389,0.21074,,1807300,,
1,1,,0.012564,0.471237,0.021542,0.03831,0.073317,0.036772,0.06843,0.105526,0.020644,0.151657,,1867600,,
1,1,,0.009684,0.27666,0.134738,0.196279,0.039379,0.063967,0.079099,0.073077,0.024241,0.102877,,1677500,,
1,1,,0.008647,0.319763,0.034347,0.012492,0.128029,0.054261,0.110111,0.163799,0.019291,0.14926,,1810000,,
1,1,,0.016583,0.233619,0.026299,0.023142,0.206804,0.006928,0.115685,0.153425,0.039489,0.178027,,2578200,,
1,2,,0.013112,0.217319,0.233473,0.15973,0.009397,0.092288,0.002308,0.048785,0.029452,0.194137,,2364900,,
1,3,,0.010435,0.182221,0.244143,0.261344,0.022686,0.096913,0.005995,0.051589,0.015078,0.109596,,1757300,,
1,3,,0.009878,0.147724,0.163881,0.330605,0.020038,0.090956,0.007517,0.05133,0.025046,0.153024,,1671800,,
1,1,,0.009979,0.384438,0.046385,0.030068,0.115335,0.015043,0.1088,0.128062,0.018012,0.143879,,2203600,,
1,2,,0.011095,0.101375,0.274179,0.122896,0.072446,0.065029,0.070456,0.125883,0.055994,0.100649,,1752900,,
1,1,,0.00713,0.247447,0.025642,0.043077,0.158506,0.014648,0.095787,0.157724,0.050403,0.199635,,2316500,,
1,1,,0.013271,0.297134,0.078398,0.012086,0.062741,0.028685,0.10783,0.08916,0.036056,0.274639,,1880400,,
1,1,,0.013069,0.286177,0.026651,0.013676,0.118812,0.010293,0.114871,0.145261,0.050162,0.221027,,2097100,,
1,1,,0.009138,0.29023,0.143041,0.19878,0.035759,0.075588,0.061255,0.066384,0.025732,0.094093,,2200000,,
1,2,,0.011399,0.214926,0.280807,0.17595,0.013589,0.088145,0.004581,0.053774,0.025601,0.131227,,1782100,,
1,1,,0.018946,0.195843,0.190021,0.189596,0.056745,0.090322,0.054762,0.075685,0.038908,0.089172,,2298600,,
1,1,,0.014621,0.257364,0.149582,0.163337,0.062262,0.078433,0.077266,0.07321,0.036255,0.08767,,2067900,,
1,3,,0.019165,0.082499,0.184017,0.315193,0.046772,0.116873,0.008007,0.058751,0.021824,0.146898,,2885600,,
1,1,,0.002475,0.370592,0.043739,0.046314,0.125429,0.029694,0.100638,0.137651,0.015626,0.127841,,1726900,,
1,1,,0.017539,0.393748,0.069342,0.031335,0.049636,0.036764,0.113256,0.083015,0.022722,0.182645,,2558600,,
1,3,,0.018176,0.080115,0.209452,0.306278,0.045546,0.101776,0.009687,0.071314,0.026041,0.131613,,1975100,,
1,3,,0.015025,0.086934,0.189361,0.332014,0.03365,0.11403,0.015951,0.050407,0.023543,0.139086,,1704000,,
1,9,,0.028691,0.114856,0.094975,0.141088,0.074027,0.089621,0.157864,0.086025,0.040521,0.172332,,1709000,,
1,1,,0.00374,0.372009,0.031087,0.041834,0.136972,0.02212,0.100524,0.130999,0.019026,0.14169,,2049900,,
1,1,,0.00551,0.378935,0.044896,0.024671,0.118879,0.010872,0.110943,0.147019,0.017559,0.140714,,1750200,,
1,4,,0.027516,0.057174,0.035928,0.049755,0.259056,0.083327,0.15874,0.144617,0.041967,0.141921,,2007900,,
1,1,,0.014312,0.195558,0.188742,0.195544,0.055668,0.091729,0.052261,0.075564,0.037868,0.092753,,1748900,,
1,1,,0.012085,0.388281,0.074222,0.043789,0.055743,0.012387,0.110667,0.10529,0.023502,0.174034,,2012100,,
1,1,,0.012488,0.485903,0.030747,0.027114,0.072211,0.026508,0.071912,0.100411,0.01733,0.155375,,1738100,,
1,1,,0.011907,0.256081,0.025781,0.029201,0.1557,0.010946,0.115704,0.171455,0.025026,0.1982,,1750000,,
1,2,,0.012918,0.230741,0.24922,0.170764,0.020128,0.079314,0.004642,0.074221,0.021545,0.136508,,1827300,,
1,2,,0.012386,0.177997,0.261698,0.245448,0.02307,0.093239,0.007438,0.069464,0.012836,0.096423,,2217900,,
1,1,,0.010094,0.212903,0.19083,0.200287,0.038904,0.073511,0.045846,0.092167,0.026504,0.108952,,1909000,,
1,1,,0.008127,0.23768,0.031329,0.042741,0.181318,0.011809,0.103971,0.168295,0.025174,0.189556,,1770400,,
1,2,,0.008162,0.204796,0.233118,0.111406,0.006178,0.108912,0.005159,0.069851,0.025548,0.22687,,1773800,,
1,1,,0.017196,0.314988,0.061322,0.012292,0.054658,0.031246,0.112296,0.133543,0.038591,0.223869,,1904200,,
1,1,,0.009178,0.289367,0.033696,0.009691,0.115941,0.025083,0.109053,0.169621,0.034766,0.203604,,2534000,,
1,2,,0.023658,0.177209,0.262996,0.219799,0.014377,0.095875,0.009161,0.027069,0.028954,0.140902,,2414300,,
1,1,,0.012633,0.27136,0.036971,0.045858,0.146788,0.012288,0.089914,0.191913,0.030015,0.16226,,2879100,,
1,2,,0.010533,0.207227,0.292277,0.174509,0.029226,0.06905,0.011748,0.073989,0.024889,0.106553,,4580600,,
1,1,,0.013442,0.372386,0.039154,0.032826,0.110226,0.035601,0.11139,0.126473,0.016147,0.142355,,4338900,,
1,9,,0.010661,0.223332,0.207623,0.108255,0.013212,0.094782,0.014178,0.054552,0.021105,0.252299,,2531600,,
