pendigits,CWE,test,0,NANOSECONDS,PREDICTIONS, Generated by ClassifierExperiments.java on 2022-05-15 21:41:37.    SYSTEMPROPERTIES:{user.name:matth,os.arch:amd64,os.name:Windows 10},ENDSYSTEMPROPERTIES
No parameter info
0.5456610631531122,2530650500,3363946500,-1,88110848,10,,-1,-1
0,0,,0.495377,0.007771,0.001212,0.032593,0.006058,0.161856,0.066103,0.000728,0.210125,0.018177,,1768400,,
0,0,,0.441737,0.008908,0.006272,0.01997,0.02414,0.203698,0.009797,0.004405,0.262243,0.01883,,1559600,,
0,0,,0.427997,0.013712,0.015725,0,0.020078,0.247585,0.006527,0.015407,0.221151,0.031818,,1560200,,
0,0,,0.492722,0.003726,0.003425,0.035244,0.013379,0.179573,0.009797,0.002479,0.244421,0.015233,,1553500,,
0,0,,0.504811,0.00443,0.002806,0.017826,0.014593,0.184655,0.022991,0.005241,0.238134,0.004513,,1556500,,
0,0,,0.365542,0.006311,0.007,0.017644,0.025995,0.090509,0.11277,0.024116,0.275732,0.074382,,1554000,,
0,0,,0.481645,0.007337,0.009637,0.011134,0.009156,0.178703,0.0193,0.007405,0.269032,0.006651,,1558600,,
0,5,,0.316534,0.009682,0.007314,0.004486,0.037804,0.37628,0.020985,0.013942,0.183469,0.029504,,1556300,,
0,0,,0.467423,0.003791,0.005342,0.022295,0.016411,0.192421,0.009797,0.00487,0.26185,0.0158,,1550800,,
0,0,,0.477742,0.002416,0.003411,0.02085,0.022158,0.180563,0.021027,0.004767,0.264066,0.003,,1585700,,
0,0,,0.489224,0.010973,0.009071,0.006502,0.014598,0.18,0.020507,0.006516,0.258251,0.004357,,1532100,,
0,0,,0.516044,0.008132,0.008154,0.021126,0.020581,0.139731,0.048929,0,0.230326,0.006978,,1495900,,
0,0,,0.382971,0.01344,0.011689,0.00087,0.022345,0.347293,0.009461,0.018401,0.185876,0.007656,,1498600,,
0,0,,0.45936,0.007172,0.001379,0.033413,0.010307,0.144086,0.009797,0.002079,0.275459,0.056947,,1509300,,
0,0,,0.365682,0.007437,0.010701,0.010815,0.011449,0.352096,0.021323,0.007516,0.204989,0.00799,,1504600,,
0,0,,0.490078,0.005227,0.005342,0.008461,0.014467,0.179311,0.020123,0.006999,0.264849,0.005143,,1503900,,
0,0,,0.384524,0.009952,0.012783,0.00257,0.011768,0.345908,0.021783,0.005074,0.199591,0.006047,,1507100,,
0,0,,0.357648,0.007944,0.015725,0.017644,0.037229,0.315715,0.028381,0.010635,0.192326,0.016753,,1509000,,
0,0,,0.428903,0.014955,0.012382,0,0.040555,0.20256,0.023145,0.005793,0.258779,0.012928,,1505200,,
0,0,,0.446952,0.007429,0.010994,0.019695,0.022416,0.198804,0.010823,0.00413,0.259746,0.01901,,1536200,,
0,0,,0.434591,0.012795,0.001154,0.004699,0.047834,0.111978,0.049394,0.01175,0.286713,0.039094,,1508900,,
0,0,,0.503485,0.00545,0.001579,0.021341,0.013562,0.151278,0.095021,0.000968,0.192934,0.014382,,1495800,,
0,0,,0.474251,0.008271,0.012056,0.005109,0.007665,0.200508,0.022117,0.007113,0.256242,0.006667,,1493300,,
0,0,,0.431933,0.012507,0.021212,0.009769,0.039234,0.10347,0.139184,0.041643,0.190168,0.010879,,1491600,,
0,0,,0.430674,0.006776,0.013025,0.012,0.050073,0.186758,0.032761,0.007862,0.252698,0.007374,,1506800,,
0,0,,0.364972,0.006763,0.033632,0.001818,0.035973,0.261862,0.099972,0.043833,0.130548,0.020627,,1516000,,
0,0,,0.339936,0.022622,0.021212,0.017644,0.027382,0.267043,0.1308,0.040531,0.0992,0.033631,,1505500,,
0,0,,0.500498,0.006916,0.002564,0.029439,0.007255,0.157699,0.079564,0.00124,0.196291,0.018534,,1497200,,
0,0,,0.452056,0.004004,0.007,0.02578,0.028185,0.124129,0.11277,0.021728,0.204091,0.020258,,1513100,,
0,8,,0.294415,0.002609,0.006938,0.004516,0.048499,0.071902,0.067389,0.018663,0.428567,0.056503,,1512900,,
0,0,,0.484659,0.008315,0.001437,0.023659,0.008602,0.187941,0.025253,0.002319,0.247807,0.010007,,1504700,,
0,5,,0.295653,0.008432,0.016028,0.004286,0.019458,0.430768,0.007354,0.013157,0.194663,0.010202,,1510800,,
0,0,,0.46809,0.008788,0.011939,0.020842,0.009926,0.152622,0.058449,0.026524,0.236201,0.00662,,1502500,,
0,0,,0.477397,0.009181,0.012165,0.000952,0.029609,0.17024,0.009275,0.01758,0.266151,0.007449,,1506600,,
0,0,,0.409066,0.02625,0.075,0.060682,0.066595,0.071846,0.029091,0.028864,0.187439,0.045167,,1509100,,
0,0,,0.426801,0.013558,0.003338,0.001702,0.066702,0.086416,0.109564,0.029185,0.214638,0.048096,,1507900,,
0,0,,0.554007,0.009496,0.000294,0.004034,0.034926,0.061177,0.048779,0.014823,0.266079,0.006387,,1512100,,
0,5,,0.338594,0.009726,0.016028,0.002105,0.008851,0.360415,0.022391,0.00849,0.212889,0.020511,,1508100,,
0,0,,0.363233,0.00921,0.011007,0.00383,0.074015,0.078048,0.111407,0.034113,0.269634,0.045503,,1506900,,
0,0,,0.495739,0.009092,0.006967,0.001521,0.013392,0.179451,0.021141,0.006413,0.255896,0.010389,,1548200,,
0,0,,0.488805,0.008604,0.009071,0.007835,0.013101,0.185877,0.021269,0.003659,0.254513,0.007264,,1503800,,
0,0,,0.389645,0.00859,0.028835,0.005714,0.038102,0.06018,0.202201,0.037168,0.208759,0.020806,,1511000,,
0,0,,0.389268,0.01589,0.013025,0.002857,0.039214,0.333963,0.025617,0.014077,0.160337,0.005752,,1508900,,
0,0,,0.463561,0.003206,0.011404,0.019933,0.016095,0.152174,0.060636,0.025894,0.244269,0.002828,,1503200,,
0,0,,0.471648,0.004742,0.003411,0.026494,0.012207,0.184684,0.009797,0.003495,0.267542,0.01598,,1511600,,
0,0,,0.496434,0.003048,0.001143,0.023801,0.01626,0.153091,0.067091,0.001364,0.229427,0.008342,,1505600,,
0,0,,0.496549,0.00463,0.007617,0.020687,0.012552,0.178338,0.009797,0.003384,0.249578,0.016869,,1508900,,
0,0,,0.365396,0.018091,0.013025,0,0.022397,0.28781,0.008427,0.014057,0.261092,0.009705,,1509400,,
0,0,,0.500114,0.006936,0.012783,0.002773,0.012586,0.17699,0.020042,0.003901,0.260068,0.003808,,1508500,,
0,0,,0.494885,0.006551,0.007617,0.00422,0.025866,0.180882,0.010263,0.007362,0.254851,0.007504,,1516500,,
0,0,,0.366361,0.012607,0.015097,0.005676,0.033003,0.306258,0.03809,0.005495,0.212349,0.005064,,1514400,,
0,0,,0.500364,0.005304,0.007617,0.007043,0.014188,0.182965,0.023027,0.002656,0.251661,0.005175,,1511300,,
0,0,,0.451737,0.011546,0.006272,0.006611,0.010438,0.197747,0.020242,0.004749,0.283802,0.006857,,1513500,,
0,0,,0.417579,0.010238,0.015097,0.004,0.015024,0.291691,0.028156,0.005344,0.204157,0.008714,,1506700,,
0,0,,0.471326,0.014331,0.006272,0.003526,0.015366,0.194691,0.012827,0.010877,0.262083,0.0087,,1507800,,
0,0,,0.498321,0.008796,0.000909,0.031661,0.010496,0.182317,0.009797,0.002763,0.241245,0.013694,,1511700,,
0,0,,0.433444,0.005326,0.010725,0.021644,0.04815,0.194638,0.01513,0.004079,0.248217,0.018647,,1508100,,
0,0,,0.443914,0.007162,0.011365,0,0.039069,0.191732,0.006584,0.013685,0.274473,0.012016,,1510000,,
0,0,,0.48003,0.021374,0.015097,0,0.023022,0.253897,0.009409,0.016954,0.160127,0.02009,,1511900,,
0,5,,0.275954,0.010373,0.013025,0.006207,0.033983,0.432804,0.030611,0.009169,0.18102,0.006854,,1540000,,
0,0,,0.376801,0.015903,0.013025,0.001364,0.012483,0.31529,0.0207,0.013335,0.22569,0.005409,,1515700,,
0,0,,0.50795,0.00401,0.008194,0.010452,0.027203,0.149005,0.054459,0,0.229726,0.009,,1513200,,
0,0,,0.572396,0.012079,0.0175,0.004297,0.039346,0.035825,0.105595,0.022796,0.173014,0.017151,,1511800,,
0,0,,0.470205,0.008049,0.012783,0.006234,0.014918,0.185547,0.020042,0.006431,0.270594,0.005197,,1508800,,
0,0,,0.421268,0.011005,0.018572,0,0.061738,0.185496,0.031726,0.008895,0.252731,0.008568,,1507600,,
0,8,,0.035312,0.029514,0.064891,0.026113,0.082224,0.010677,0.143656,0.202885,0.378765,0.025962,,1522700,,
0,0,,0.478161,0.008647,0.005342,0.006015,0.016463,0.179692,0.0143,0.01096,0.277723,0.002697,,1510600,,
0,0,,0.401741,0.012206,0.041263,0.017644,0.045039,0.093656,0.113875,0.032589,0.215158,0.026829,,1508400,,
0,0,,0.509183,0.006303,0.009424,0.023636,0.024236,0.143842,0.050273,0.001091,0.226436,0.005576,,1508400,,
0,8,,0.233111,0.012632,0.00272,0.004516,0.072009,0.054729,0.165484,0.024169,0.400283,0.030347,,1533800,,
0,0,,0.452474,0.012203,0.01672,0.004286,0.029763,0.24839,0.01335,0.012166,0.198789,0.01186,,1513600,,
0,0,,0.523866,0.001034,0.001724,0.01748,0.016891,0.133245,0.043251,0.001844,0.256335,0.004331,,1508000,,
0,0,,0.375236,0.016768,0.017491,0,0.028229,0.320364,0.008887,0.01869,0.206665,0.007669,,1509000,,
0,0,,0.48935,0.007136,0.00798,0.006486,0.016224,0.172608,0.024527,0.006779,0.263825,0.005083,,1510100,,
0,0,,0.483558,0.02047,0.015094,0.000233,0.049471,0.165167,0.00866,0.014151,0.222932,0.020265,,1509200,,
0,0,,0.390987,0.009375,0.004874,0.005393,0.036536,0.125573,0.041399,0.012672,0.361803,0.011387,,1513200,,
0,8,,0.196892,0.02742,0.056842,0.017644,0.07974,0.012592,0.064283,0.099346,0.407226,0.038015,,1513400,,
0,5,,0.359514,0.007335,0.010225,0.002435,0.013882,0.396313,0.021605,0.004626,0.168412,0.015652,,1516400,,
0,0,,0.530372,0.013822,0.011365,0.017644,0.030785,0.14109,0.021021,0.007823,0.211029,0.01505,,1509100,,
0,0,,0.48491,0.019739,0.015725,0.00222,0.019506,0.165052,0.026975,0.009871,0.249262,0.00674,,1530100,,
0,5,,0.308784,0.015097,0.011365,0,0.019379,0.430275,0.019918,0.006497,0.180483,0.008203,,1500500,,
0,0,,0.496849,0.005268,0.001553,0.033178,0.016131,0.16308,0.03577,0.000728,0.230643,0.016801,,1514800,,
0,0,,0.469513,0.005,0.010701,0.002024,0.013135,0.197329,0.023099,0.00778,0.261697,0.009722,,1501700,,
0,0,,0.460572,0.015713,0.013354,0.000541,0.025046,0.162744,0.009676,0.011966,0.227816,0.072573,,1508600,,
0,5,,0.294723,0.01375,0.010225,0.004203,0.019451,0.431503,0.012849,0.011408,0.193984,0.007903,,1507200,,
0,0,,0.507732,0.004519,0.007617,0.007329,0.014529,0.177247,0.020242,0.003727,0.250272,0.006786,,1502900,,
0,0,,0.452753,0.006605,0.018983,0.020267,0.025749,0.106247,0.116922,0.024456,0.201831,0.026186,,1503800,,
0,0,,0.497908,0.003703,0.003999,0.030474,0.00941,0.174578,0.009797,0.002457,0.252401,0.015273,,1509700,,
0,0,,0.455335,0.008683,0.021422,0.016751,0.042811,0.10985,0.105595,0.020357,0.214378,0.004818,,1504700,,
0,0,,0.4772,0.009557,0.010994,0.006597,0.009464,0.200483,0.020326,0.005221,0.248228,0.01193,,1529700,,
0,0,,0.395149,0.009961,0.012382,0.002353,0.018588,0.323938,0.019674,0.009273,0.20327,0.005412,,1507500,,
0,0,,0.353142,0.018392,0.056842,0.017644,0.08599,0.013842,0.033033,0.068096,0.313476,0.039543,,2044600,,
0,0,,0.341017,0.00896,0.010566,0.018207,0.024455,0.278356,0.155694,0.01883,0.112347,0.031568,,1864700,,
0,0,,0.48001,0.005047,0.002806,0.029687,0.012721,0.194299,0.009797,0.0038,0.246602,0.015233,,1851200,,
0,0,,0.37932,0.022062,0.013025,0.001488,0.02049,0.221585,0.013904,0.014071,0.279117,0.034938,,1851400,,
0,0,,0.513094,0.00944,0.021372,0.004318,0.048834,0.074927,0.102852,0.031924,0.182625,0.010614,,1854100,,
0,5,,0.358051,0.015802,0.009173,0.002857,0.012407,0.359742,0.016163,0.018559,0.186944,0.020303,,1854900,,
0,0,,0.358853,0.008747,0.013025,0.002308,0.010668,0.168588,0.024581,0.008088,0.354485,0.050657,,2001200,,
0,0,,0.473534,0.014993,0.012382,0.001364,0.010369,0.23235,0.017829,0.01352,0.19403,0.029629,,1844000,,
0,0,,0.506695,0.005663,0.00798,0.007959,0.011519,0.17851,0.020242,0.006913,0.247056,0.007462,,1850600,,
0,0,,0.510197,0.005626,0.003411,0.010955,0.016352,0.169898,0.019922,0.004873,0.255608,0.003158,,1997900,,
0,5,,0.35392,0.01366,0.011732,0.002857,0.014112,0.373915,0.013991,0.015307,0.180498,0.020007,,1848300,,
0,0,,0.486684,0.006759,0.007617,0.007589,0.015592,0.181169,0.0193,0.004474,0.26627,0.004545,,1885900,,
0,0,,0.478586,0.003726,0.003425,0.035244,0.01328,0.192792,0.009797,0.002479,0.246976,0.013694,,1896500,,
0,0,,0.588289,0.003152,0.003607,0.01398,0.011272,0.121122,0.029449,0.00348,0.220471,0.005177,,1852300,,
0,0,,0.481033,0.004742,0.003411,0.026494,0.013921,0.188534,0.009797,0.003495,0.253545,0.015028,,2009100,,
0,0,,0.531307,0.010662,0.009649,0.006857,0.033404,0.124628,0.025345,0.015223,0.225813,0.017112,,1870600,,
0,0,,0.451356,0.003433,0.018145,0.012684,0.045349,0.114416,0.105714,0.019643,0.215953,0.013306,,2004600,,
0,0,,0.506966,0.006659,0.003929,0.03394,0.00629,0.184682,0.009797,0.002079,0.229222,0.016435,,1854300,,
0,0,,0.308145,0.035844,0.043077,0.017644,0.072527,0.23935,0.054763,0.078382,0.127593,0.022675,,1872800,,
0,0,,0.391451,0.005208,0.009637,0.024232,0.015597,0.348616,0.009797,0.006314,0.173072,0.016075,,1856100,,
0,8,,0.12582,0.017549,0.076373,0.019734,0.074795,0.00297,0.153028,0.113551,0.392175,0.024005,,1954800,,
0,5,,0.365352,0.004169,0.010725,0.009783,0.010455,0.399199,0.022991,0.00552,0.158997,0.012809,,1906600,,
0,0,,0.427847,0.062252,0.0364,0.113176,0.038828,0.056028,0.011035,0.027642,0.175944,0.050848,,2018000,,
0,0,,0.491601,0.009691,0.006272,0.012189,0.016669,0.179989,0.018466,0.005321,0.25275,0.007053,,1924100,,
0,0,,0.459173,0.005242,0.019535,0.012,0.068315,0.058749,0.142721,0.029865,0.182331,0.022068,,2069600,,
0,0,,0.458352,0.004577,0.007617,0.008498,0.015322,0.185417,0.0173,0.003747,0.292584,0.006586,,1857700,,
0,0,,0.454292,0.000678,0.007,0.014657,0.017243,0.26642,0.054565,0.001304,0.174386,0.009453,,1633200,,
0,0,,0.468353,0.015277,0.021212,0.006522,0.0323,0.024832,0.142596,0.044014,0.223583,0.021311,,1511500,,
0,0,,0.48961,0.00775,0.006272,0.008109,0.011411,0.181214,0.022991,0.005846,0.261785,0.005013,,1525800,,
0,0,,0.398121,0.008829,0.010225,0.005155,0.021662,0.339056,0.007928,0.011567,0.187665,0.00979,,1519300,,
0,0,,0.47419,0.004137,0.007617,0.004115,0.017156,0.202347,0.020242,0.004799,0.2516,0.013798,,1533100,,
0,0,,0.472589,0.010536,0.006967,0.005592,0.019084,0.2027,0.021783,0.004048,0.240061,0.016639,,1514300,,
0,8,,0.230503,0.01,0.010986,0.005393,0.063558,0.084347,0.088863,0.035193,0.40776,0.063397,,1518300,,
0,0,,0.499347,0.005054,0.002806,0.015376,0.024009,0.169585,0.022027,0.004183,0.256502,0.001111,,1512900,,
0,0,,0.519787,0.003333,0.003929,0.018604,0.010541,0.167251,0.018181,0.002505,0.250819,0.005048,,1516600,,
0,0,,0.529301,0.007172,0.020464,0.033413,0.012274,0.118863,0.04639,0.020038,0.195698,0.016387,,1521400,,
0,0,,0.485647,0.008604,0.009071,0.007835,0.013491,0.181968,0.021269,0.003659,0.260931,0.007524,,1522900,,
0,0,,0.493754,0.00431,0.003832,0.025841,0.011905,0.18245,0.009797,0.003391,0.249694,0.015028,,1526500,,
0,0,,0.512432,0.00459,0.002564,0.023795,0.013641,0.125449,0.065667,0.021179,0.223093,0.00759,,1506400,,
0,0,,0.378216,0.016266,0.040976,0.017644,0.0613,0.010487,0.057851,0.08784,0.257101,0.072319,,1514100,,
0,5,,0.370564,0.009987,0.012783,0.004275,0.037311,0.372208,0.021983,0.005604,0.152674,0.012611,,1555200,,
0,5,,0.351755,0.008489,0.011365,0.003333,0.015644,0.358816,0.026584,0.008667,0.196472,0.018876,,1525200,,
0,0,,0.490768,0.008342,0.010225,0.00254,0.02025,0.183358,0.011626,0.006967,0.25792,0.008004,,1508400,,
0,0,,0.484841,0.004618,0.00798,0.009457,0.015628,0.184775,0.022991,0.00801,0.257782,0.003917,,1510100,,
0,0,,0.398135,0.010463,0.006272,0.01997,0.014369,0.309852,0.009797,0.004627,0.209933,0.016583,,1513100,,
0,0,,0.462454,0.012449,0.010752,0,0.025697,0.158825,0.018256,0.01544,0.227827,0.068301,,1527300,,
0,0,,0.467282,0.006551,0,0.008077,0.014811,0.088534,0.103273,0.017091,0.277426,0.016954,,1518800,,
0,0,,0.511465,0.009376,0.004147,0.017487,0.016235,0.168071,0.0193,0.00317,0.244243,0.006506,,1510700,,
0,0,,0.47511,0.024133,0.007314,0.000541,0.029093,0.116336,0.018899,0.019319,0.29729,0.011965,,1512100,,
0,0,,0.383808,0.021291,0.010752,0.0002,0.042349,0.347755,0.009683,0.016801,0.157423,0.009938,,1513800,,
0,0,,0.440643,0.007158,0.012056,0.009273,0.033358,0.199977,0.031349,0.006498,0.248215,0.011472,,1517800,,
0,0,,0.483653,0.003856,0.003934,0.025326,0.011388,0.19003,0.009797,0.003669,0.253628,0.01472,,1516500,,
0,0,,0.509919,0.006648,0.001553,0.01671,0.021013,0.283405,0.01672,0.004706,0.128237,0.011088,,1519000,,
0,0,,0.506704,0.003473,0.007617,0.008827,0.014903,0.172789,0.022991,0.004825,0.253552,0.00432,,1510600,,
0,0,,0.495539,0.004905,0.001579,0.030276,0.007849,0.164785,0.066103,0.000728,0.208754,0.019484,,1518500,,
0,0,,0.483656,0.043435,0.07,0.082362,0.067241,0.023992,0.020472,0.031374,0.142036,0.035432,,1522100,,
0,5,,0.322593,0.006154,0.001379,0.021538,0.012251,0.424972,0.018181,0.004813,0.181019,0.007099,,1513200,,
0,0,,0.424935,0.006752,0.011778,0.020719,0.027601,0.110815,0.164078,0.019311,0.206804,0.007207,,1518800,,
0,0,,0.385981,0.007239,0.010225,0.018514,0.009913,0.352265,0.01284,0.005992,0.180162,0.016869,,1508000,,
0,5,,0.371229,0.008629,0.012783,0.00257,0.011763,0.413709,0.021783,0.004852,0.138688,0.013994,,1511500,,
0,0,,0.367839,0.024231,0.01672,0.003448,0.019206,0.315836,0.016248,0.010994,0.219335,0.006143,,1532200,,
0,0,,0.444903,0.014718,0.007314,0.001538,0.030795,0.10874,0.017263,0.017428,0.304738,0.052564,,1519200,,
0,0,,0.440278,0.020142,0.009039,0.006541,0.045942,0.145561,0.02635,0.022667,0.221144,0.062337,,1513800,,
0,0,,0.49653,0.00687,0.003411,0.013395,0.012634,0.181639,0.0193,0.004586,0.256063,0.005571,,1520800,,
0,5,,0.36199,0.004781,0.011583,0.002308,0.037674,0.372879,0.022132,0.005494,0.174197,0.006963,,1510200,,
0,0,,0.453205,0.006788,0.009071,0.020336,0.010411,0.18934,0.010182,0.004387,0.28048,0.0158,,1522500,,
0,8,,0.214175,0.005254,0.025725,0.005368,0.090897,0.037078,0.166213,0.025094,0.397467,0.03273,,1515300,,
0,0,,0.485081,0.010313,0.010701,0.002129,0.019348,0.174813,0.01312,0.010343,0.266769,0.007382,,1513600,,
0,0,,0.453279,0.011416,0.006967,0.005904,0.009578,0.200483,0.018199,0.005139,0.283172,0.005864,,1511800,,
0,5,,0.348202,0.006039,0.012056,0.012563,0.034406,0.373207,0.0281,0.007789,0.167912,0.009724,,1517500,,
0,0,,0.491907,0.005268,0.001553,0.033178,0.011579,0.161861,0.066103,0.000728,0.211022,0.016801,,1539400,,
0,0,,0.486613,0.002304,0.007617,0.015043,0.013981,0.18143,0.021027,0.004656,0.262042,0.005286,,1514200,,
0,0,,0.529999,0.005268,0.020864,0.033178,0.013131,0.118379,0.04639,0.020038,0.194953,0.017801,,1515300,,
0,0,,0.493624,0.005961,0.010701,0.007159,0.016133,0.179583,0.020402,0.007706,0.25247,0.006259,,1507900,,
0,0,,0.453558,0.018176,0.021212,0.005357,0.033475,0.139611,0.136959,0.041966,0.126545,0.023141,,1512700,,
0,7,,0.038052,0.034339,0.087172,0.031373,0.19345,0.007667,0.131177,0.293557,0.171571,0.011641,,1530000,,
0,8,,0.194043,0.006103,0.005263,0.011662,0.088225,0.110279,0.11712,0.087038,0.374664,0.005602,,1515100,,
0,0,,0.446714,0.015786,0.003992,0,0.062711,0.10528,0.082908,0.015211,0.219447,0.047952,,1517600,,
0,0,,0.373255,0.007809,0.013621,0.007383,0.03491,0.221984,0.146184,0.040579,0.138627,0.015648,,1517100,,
0,0,,0.497207,0.007158,0.007617,0.00925,0.015015,0.177421,0.017545,0.004725,0.258426,0.005638,,1516600,,
0,0,,0.445937,0.011692,0.015273,0.004,0.016265,0.02235,0.168636,0.016811,0.276476,0.02256,,1518900,,
0,5,,0.291441,0.007939,0.011583,0,0.028694,0.442361,0.020645,0.008065,0.180536,0.008738,,1514000,,
0,0,,0.421139,0.012412,0.013025,0.006857,0.055485,0.183056,0.022332,0.012243,0.259496,0.013954,,1509700,,
0,0,,0.493646,0.016278,0.015725,0,0.023819,0.122002,0.020083,0.008185,0.282887,0.017375,,1521400,,
0,0,,0.494668,0.008604,0.009071,0.009549,0.019958,0.176548,0.010983,0.008802,0.251122,0.010693,,1509200,,
0,0,,0.411677,0.019544,0.018097,0,0.0368,0.337272,0.004496,0.013431,0.145073,0.01361,,1529700,,
0,8,,0.221219,0.004737,0.02304,0.005393,0.070091,0.022979,0.189971,0.041189,0.361765,0.059616,,1577500,,
0,0,,0.47325,0.005626,0.006967,0.002757,0.012645,0.180172,0.01908,0.005202,0.28897,0.005331,,1520800,,
0,5,,0.310471,0.019962,0.011354,0.005897,0.042335,0.369899,0.065198,0.009235,0.160584,0.005065,,1519900,,
0,0,,0.397766,0.008666,0.006967,0.005904,0.015655,0.394948,0.018199,0.005139,0.132358,0.014398,,1530500,,
0,0,,0.50649,0.004138,0.001724,0.021379,0.01496,0.162178,0.043517,0.002759,0.236489,0.006366,,1524900,,
0,0,,0.37551,0.006654,0.010701,0.018596,0.025625,0.223498,0.015093,0.0066,0.276791,0.040931,,1538600,,
0,0,,0.497601,0.006066,0.007617,0.006853,0.014791,0.188608,0.020123,0.005513,0.247685,0.005143,,1522900,,
0,8,,0.35645,0.006659,0.003929,0.03394,0.018982,0.182307,0.009797,0.002079,0.368498,0.017358,,1520600,,
0,0,,0.495154,0.005304,0.007617,0.007043,0.014204,0.185385,0.023027,0.002656,0.255503,0.004105,,1522100,,
0,0,,0.418625,0.00473,0.003734,0.033433,0.010494,0.114205,0.009797,0.002079,0.389208,0.013694,,1536500,,
0,4,,0.008129,0.140094,0.062978,0.118773,0.18225,0.055281,0.113165,0.162676,0.034303,0.12235,,1531600,,
0,5,,0.331092,0.006788,0.009071,0.020336,0.011347,0.366646,0.010182,0.004387,0.209529,0.030622,,1522700,,
0,0,,0.500312,0.004103,0.010994,0.004359,0.019558,0.175361,0.019207,0.004557,0.257021,0.00453,,1522600,,
0,5,,0.363974,0.005208,0.009637,0.024232,0.014178,0.38503,0.009797,0.006314,0.166602,0.015028,,1534000,,
0,0,,0.483999,0.005855,0.003425,0.022145,0.015297,0.177714,0.0193,0.00357,0.26415,0.004545,,1525600,,
0,0,,0.376169,0.010757,0.007,0.006546,0.024915,0.083161,0.123857,0.023807,0.277758,0.06603,,1525700,,
0,0,,0.546857,0.007025,0.023232,0.019148,0.012209,0.112668,0.054138,0.021379,0.197245,0.006099,,1532200,,
0,0,,0.543372,0.007792,0.021735,0.021991,0.013264,0.111978,0.056716,0.022167,0.195915,0.005069,,1525300,,
0,0,,0.450294,0.004004,0.0175,0.02578,0.035976,0.123418,0.09527,0.018228,0.211091,0.01844,,1530400,,
0,0,,0.459111,0.007136,0.00798,0.006486,0.017854,0.205389,0.024527,0.006779,0.256778,0.007959,,1521900,,
0,7,,0.043041,0.013113,0.07303,0.008217,0.170113,0.004668,0.194948,0.253486,0.217622,0.021762,,1527400,,
0,0,,0.463376,0.009803,0.007314,0,0.023079,0.172,0.031001,0.012761,0.230117,0.05055,,1527000,,
0,0,,0.416714,0.004308,0.010725,0.009769,0.01257,0.350137,0.018181,0.006813,0.167046,0.003736,,1522400,,
0,0,,0.390317,0.019192,0.010225,0.001364,0.022155,0.345538,0.005058,0.011088,0.187595,0.007469,,1546600,,
0,0,,0.460511,0.003048,0.009378,0.023801,0.015727,0.151964,0.060267,0.02607,0.239074,0.01016,,1519600,,
0,0,,0.378257,0.015895,0.009191,0.004524,0.027491,0.21502,0.014007,0.014915,0.285808,0.034892,,1521800,,
0,0,,0.448447,0.008716,0.010225,0.005649,0.026514,0.207822,0.006248,0.008469,0.266374,0.011535,,1521200,,
0,0,,0.428892,0.006012,0.016028,0.012,0.032281,0.203852,0.027752,0.008018,0.255021,0.010144,,1508300,,
0,8,,0.277656,0.017692,0.02029,0,0.043522,0.013193,0.167536,0.025886,0.380332,0.053894,,1520700,,
0,0,,0.435501,0.012473,0.011278,0.005172,0.039773,0.198792,0.02131,0.006578,0.259942,0.009181,,1533100,,
0,0,,0.493857,0.006788,0.009071,0.020336,0.011751,0.177123,0.010182,0.004387,0.25069,0.015815,,1516900,,
0,0,,0.517472,0.009625,0.016028,0.009863,0.012398,0.229041,0.020935,0.008028,0.155143,0.021467,,1532500,,
0,0,,0.488251,0.015452,0.009071,0.00791,0.020558,0.176061,0.010238,0.009099,0.257863,0.005498,,1521400,,
0,0,,0.403014,0.004361,0.001949,0.032816,0.011798,0.35653,0.009797,0.002769,0.161529,0.015437,,1545400,,
0,0,,0.485279,0.006433,0.009395,0.016756,0.010938,0.113844,0.053857,0.0175,0.27295,0.013048,,1520900,,
0,0,,0.509922,0.005236,0.003709,0.008859,0.023712,0.157859,0.036235,0.006295,0.241292,0.006882,,1505800,,
0,5,,0.369469,0.003703,0.003999,0.030474,0.009856,0.400363,0.009797,0.002457,0.14735,0.022532,,1510000,,
0,0,,0.352042,0.018151,0.017252,0.002449,0.027251,0.347527,0.006945,0.010898,0.211071,0.006413,,1514500,,
0,0,,0.498615,0.012584,0.003168,0.021257,0.014973,0.159103,0.043,0.005188,0.239715,0.002396,,1512700,,
0,0,,0.468452,0.008172,0.006967,0.006219,0.012748,0.18181,0.01908,0.007745,0.283442,0.005367,,1509300,,
0,0,,0.484556,0.007328,0.009071,0.020336,0.012308,0.185532,0.010182,0.004387,0.250985,0.015316,,1511000,,
0,0,,0.509701,0.006346,0.010168,0.018067,0.022334,0.142274,0.053095,0.004045,0.229383,0.004587,,1512500,,
0,0,,0.533791,0.011748,0.025075,0.017644,0.043763,0.023087,0.108068,0.0318,0.172262,0.032763,,1518000,,
0,0,,0.477676,0.014046,0.006967,0.001813,0.014531,0.175756,0.015199,0.011102,0.278488,0.004422,,1523100,,
0,5,,0.270896,0.019467,0.009292,0.005172,0.042482,0.414946,0.039693,0.010815,0.183811,0.003425,,1509600,,
0,0,,0.363032,0.009219,0.03162,0.001176,0.068042,0.050069,0.184166,0.043786,0.181601,0.067289,,1514000,,
0,8,,0.249396,0.030514,0.066437,0.030415,0.080321,0.006788,0.121335,0.080678,0.310366,0.02375,,1513300,,
0,0,,0.446242,0.004004,0.018983,0.02578,0.028059,0.112548,0.116922,0.024456,0.204566,0.01844,,1511900,,
0,0,,0.433806,0.017291,0.011732,0.000759,0.047181,0.15594,0.013404,0.011837,0.257976,0.050074,,1515700,,
0,5,,0.334742,0.010019,0.012056,0.007421,0.033836,0.407941,0.016641,0.011026,0.140835,0.025483,,1513300,,
0,0,,0.484783,0.003462,0.009071,0.005,0.016002,0.181085,0.018566,0.004813,0.272789,0.004429,,1517700,,
0,0,,0.477485,0.00325,0.009316,0.011729,0.008473,0.151502,0.06214,0.026875,0.236231,0.013,,1517500,,
1,1,,0.013004,0.474764,0.013956,0.04684,0.077969,0.014849,0.076234,0.103506,0.018116,0.160762,,1513500,,
1,9,,0.007719,0.136365,0.142885,0.195511,0.009939,0.117016,0.003318,0.074664,0.04671,0.26587,,1552100,,
1,1,,0.004158,0.358656,0.025974,0.019743,0.173656,0.010554,0.075842,0.132842,0.030896,0.16768,,1517600,,
1,1,,0.010663,0.231896,0.21125,0.183493,0.012987,0.098274,0.011099,0.02683,0.042827,0.17068,,1515400,,
1,1,,0.005159,0.349437,0.024827,0.021503,0.17694,0.007739,0.079352,0.143752,0.020392,0.170899,,1509900,,
1,3,,0.009067,0.109142,0.233826,0.289382,0.05167,0.084498,0.015549,0.05662,0.029044,0.121203,,1513400,,
1,2,,0.004613,0.070522,0.262707,0.139426,0.059242,0.069322,0.078658,0.130599,0.083651,0.10126,,1517700,,
1,2,,0.010334,0.161344,0.334673,0.1627,0.051911,0.080992,0.022195,0.053936,0.031187,0.090728,,1511000,,
1,1,,0.026979,0.261949,0.02735,0.034766,0.149626,0.010826,0.110691,0.185215,0.031189,0.161409,,1512900,,
1,1,,0.020498,0.283103,0.024903,0.011464,0.139304,0.027312,0.123569,0.162871,0.031125,0.175851,,1530100,,
1,1,,0.012766,0.234523,0.01761,0.029414,0.22932,0.010157,0.105733,0.145377,0.038564,0.176536,,1512500,,
1,1,,0.028435,0.299034,0.029541,0.009417,0.101218,0.037407,0.146224,0.130626,0.025192,0.192906,,1539300,,
1,3,,0.005101,0.115882,0.171749,0.303467,0.009533,0.098548,0.005288,0.060078,0.054069,0.176286,,1516400,,
1,1,,0.014212,0.217043,0.117533,0.15168,0.047726,0.093043,0.097145,0.094616,0.036129,0.130873,,1511900,,
1,3,,0.02463,0.103299,0.123394,0.34162,0.010171,0.119402,0.026798,0.019542,0.021245,0.209899,,1513000,,
1,1,,0.011489,0.2968,0.068765,0.017347,0.084135,0.070572,0.102273,0.090958,0.030314,0.227346,,1512600,,
1,2,,0.003997,0.189788,0.248621,0.188522,0.009734,0.107099,0.012308,0.076815,0.027102,0.136014,,1512800,,
1,1,,0.004338,0.380666,0.030699,0.029529,0.162356,0.009807,0.106713,0.117077,0.024799,0.134017,,1515800,,
1,2,,0.015582,0.19249,0.210454,0.202364,0.037935,0.094685,0.002151,0.016631,0.034895,0.192812,,1513400,,
1,1,,0.01902,0.385721,0.067218,0.021386,0.065389,0.031677,0.116041,0.097692,0.021749,0.174107,,1519800,,
1,1,,0.020848,0.347733,0.0175,0.028966,0.162206,0.009653,0.089423,0.122917,0.025842,0.174913,,1520400,,
1,1,,0.006001,0.354004,0.031007,0.019743,0.157126,0.009977,0.106934,0.133955,0.029926,0.151327,,1530300,,
1,9,,0.012457,0.215002,0.100967,0.067709,0.054144,0.054792,0.131906,0.093242,0.007472,0.262309,,1513300,,
1,3,,0.009297,0.079758,0.16863,0.341751,0.048639,0.127895,0.010017,0.045358,0.028285,0.140371,,1514200,,
1,3,,0.013595,0.134407,0.198844,0.296389,0.032784,0.114051,0.007556,0.053401,0.02087,0.128102,,1516400,,
1,2,,0.006,0.07302,0.307683,0.117454,0.073709,0.079069,0.063462,0.137864,0.055287,0.086452,,1518000,,
1,3,,0.019725,0.106905,0.129488,0.263924,0.036525,0.143986,0.006233,0.067759,0.04077,0.184685,,1507900,,
1,2,,0.011782,0.186188,0.280939,0.183802,0.032595,0.119376,0.00705,0.05589,0.020943,0.101433,,1517000,,
1,1,,0.011613,0.480216,0.02423,0.016486,0.091738,0.022991,0.068579,0.12002,0.018213,0.145915,,1513800,,
1,2,,0.011198,0.158517,0.309582,0.105641,0.097136,0.069827,0.029237,0.075473,0.052661,0.090728,,1509200,,
1,1,,0.030832,0.201866,0.187135,0.191164,0.053251,0.088526,0.055722,0.07069,0.036311,0.084504,,1524400,,
1,1,,0.010365,0.332929,0.078861,0.024243,0.052747,0.039306,0.11165,0.100216,0.049704,0.199978,,1535700,,
1,1,,0.013746,0.343835,0.049744,0.016547,0.100589,0.037648,0.127907,0.138842,0.023973,0.147169,,1509500,,
1,1,,0.019828,0.476087,0.018897,0.025195,0.07634,0.020324,0.091805,0.111654,0.012514,0.147356,,1510700,,
1,1,,0.023225,0.477032,0.027075,0.034506,0.07585,0.012028,0.089543,0.090133,0.019202,0.151407,,1513800,,
1,1,,0.026782,0.343447,0.0175,0.025916,0.163607,0.008664,0.091648,0.124071,0.02543,0.172935,,1513600,,
1,2,,0.011247,0.183762,0.295955,0.192133,0.022163,0.094769,0.005607,0.088032,0.013735,0.092597,,1506400,,
1,2,,0.021044,0.113489,0.270182,0.15059,0.057493,0.05198,0.098135,0.103194,0.054069,0.079823,,1515600,,
1,9,,0.005939,0.095476,0.146334,0.186068,0.01155,0.127783,0.003084,0.099495,0.048623,0.275647,,1512400,,
1,1,,0.011949,0.42578,0.020972,0.018086,0.090012,0.006706,0.068579,0.134608,0.021074,0.202234,,1509000,,
1,1,,0.02013,0.370343,0.016822,0.020486,0.153104,0.022324,0.094734,0.133342,0.01954,0.149175,,1514200,,
1,9,,0.008224,0.174215,0.208409,0.135163,0.026475,0.07708,0.005651,0.061131,0.037688,0.265964,,1509700,,
1,2,,0.008574,0.135602,0.268693,0.201345,0.01812,0.09801,0.013119,0.060743,0.018765,0.177028,,1507200,,
1,1,,0.021423,0.363864,0.007071,0.027756,0.160305,0.025393,0.08263,0.123774,0.026852,0.160932,,1513000,,
1,2,,0.0121,0.190082,0.24532,0.176834,0.049249,0.079315,0.004581,0.031448,0.024131,0.18694,,1506500,,
1,1,,0.005474,0.243574,0.243159,0.100615,0.01249,0.12732,0.003304,0.061702,0.008139,0.194224,,1511200,,
1,4,,0.026508,0.119567,0.019187,0.00125,0.201824,0.035224,0.139796,0.180139,0.090379,0.186126,,1513000,,
1,1,,0.022691,0.275825,0.029305,0.02253,0.153673,0.00899,0.098073,0.201028,0.030191,0.157694,,1508000,,
1,2,,0.009393,0.201308,0.27317,0.134779,0.083858,0.064386,0.048332,0.080944,0.030436,0.073394,,1509900,,
1,1,,0.011194,0.296098,0.076545,0.008582,0.077744,0.032136,0.112127,0.086402,0.044685,0.254488,,1509500,,
1,1,,0.026221,0.474877,0.014696,0.022928,0.080404,0.022956,0.076579,0.106161,0.026496,0.148683,,1527100,,
1,1,,0.03275,0.287582,0.013442,0.005321,0.104819,0.070905,0.135907,0.128414,0.021878,0.198982,,1507400,,
1,2,,0.010365,0.142555,0.308779,0.167956,0.059492,0.073534,0.023783,0.065753,0.02582,0.121962,,1509900,,
1,1,,0.007585,0.372973,0.029911,0.016486,0.151337,0.020324,0.104826,0.134509,0.027435,0.134613,,1506600,,
1,1,,0.016616,0.300451,0.016871,0.011237,0.119168,0.005508,0.127907,0.170165,0.030053,0.202023,,1514100,,
1,1,,0.019903,0.348347,0.0175,0.028781,0.166764,0.006133,0.088943,0.126277,0.025498,0.171854,,1506100,,
1,2,,0.013059,0.156864,0.316431,0.168577,0.059492,0.089791,0.01882,0.067802,0.021266,0.087896,,1511300,,
1,3,,0.013216,0.10746,0.191134,0.293162,0.015854,0.128698,0.038858,0.036262,0.025865,0.149489,,1509900,,
1,2,,0.015996,0.164782,0.254846,0.094512,0.086235,0.048817,0.075349,0.108255,0.065673,0.085535,,1511300,,
1,1,,0.016714,0.480454,0.018272,0.031093,0.10035,0.009609,0.072526,0.098125,0.027106,0.14575,,1504900,,
1,1,,0.010898,0.382074,0.025215,0.030019,0.129425,0.012268,0.121667,0.127684,0.020445,0.140306,,1524400,,
1,1,,0.024928,0.4596,0.017191,0.036624,0.077703,0.020707,0.086679,0.10401,0.018716,0.153842,,1517100,,
1,2,,0.011644,0.21287,0.260707,0.187603,0.031608,0.114389,0.019089,0.055712,0.024033,0.082345,,1510100,,
1,3,,0.010375,0.091021,0.149221,0.318304,0.026497,0.137619,0.003874,0.031229,0.040409,0.19145,,1505900,,
1,1,,0.01567,0.39944,0.054802,0.038273,0.051119,0.039394,0.11942,0.077301,0.023354,0.181226,,1513800,,
1,1,,0.016112,0.333849,0.017647,0.008321,0.120853,0.034445,0.128586,0.103842,0.013373,0.222971,,1508200,,
1,1,,0.020069,0.279544,0.034693,0.018128,0.142705,0.03319,0.112743,0.099255,0.022488,0.237185,,1510700,,
1,1,,0.015508,0.275103,0.034222,0.013593,0.161787,0.02351,0.108208,0.150045,0.041303,0.17672,,1509800,,
1,2,,0.015349,0.23983,0.262062,0.176488,0.056119,0.076078,0.019989,0.041561,0.021718,0.090806,,1507500,,
1,1,,0.016662,0.212781,0.193638,0.175054,0.065809,0.06326,0.044552,0.092609,0.036591,0.099045,,1514200,,
1,1,,0.008927,0.374991,0.038089,0.028609,0.157388,0.010189,0.106587,0.112622,0.02021,0.142388,,1530200,,
1,1,,0.010856,0.260962,0.144582,0.220023,0.043629,0.06261,0.071386,0.064699,0.022993,0.098261,,1509500,,
1,3,,0.02488,0.196258,0.18869,0.196717,0.056757,0.090619,0.057135,0.070471,0.0342,0.084272,,1537300,,
1,2,,0.010668,0.186826,0.272598,0.178639,0.015444,0.089578,0.004966,0.068614,0.031485,0.141182,,1508400,,
1,1,,0.013958,0.218306,0.022503,0.021158,0.211694,0.006317,0.143529,0.143564,0.025049,0.193922,,1509000,,
1,1,,0.003732,0.362223,0.059224,0.029094,0.133739,0.022906,0.104712,0.119136,0.020798,0.144437,,1510300,,
1,9,,0.012398,0.144963,0.196026,0.175653,0.012421,0.116714,0.007125,0.033396,0.028649,0.272656,,1505500,,
1,2,,0.012112,0.12058,0.247918,0.106144,0.017302,0.131063,0.009211,0.114317,0.036711,0.204643,,1504100,,
1,1,,0.009772,0.365676,0.018349,0.042898,0.154669,0.020063,0.082307,0.125554,0.016983,0.163731,,1504900,,
1,2,,0.017071,0.163249,0.250468,0.198526,0.051873,0.086559,0.012698,0.044444,0.028828,0.146285,,1505500,,
1,3,,0.013172,0.101035,0.143149,0.264616,0.010454,0.131707,0.002596,0.04048,0.04057,0.252221,,1538400,,
1,1,,0.016623,0.374683,0.018421,0.01835,0.160305,0.019837,0.08442,0.121492,0.022853,0.163015,,1504900,,
1,1,,0.017809,0.466447,0.025686,0.028495,0.088937,0.005345,0.074214,0.104251,0.029799,0.159018,,1509700,,
1,1,,0.002256,0.373015,0.051046,0.016511,0.131512,0.032581,0.104826,0.141564,0.019046,0.127643,,1506200,,
1,1,,0.020551,0.273924,0.029017,0.022405,0.157353,0.008034,0.097728,0.192338,0.033707,0.164941,,1509100,,
1,9,,0.030177,0.099787,0.113755,0.133641,0.070749,0.097484,0.170364,0.083765,0.022104,0.178173,,1505000,,
1,7,,0.00501,0.166048,0.149754,0.035625,0.078963,0.077621,0.146207,0.177355,0.086373,0.077045,,1509700,,
1,1,,0.010856,0.260962,0.144582,0.220023,0.043629,0.06261,0.071386,0.064699,0.022993,0.098261,,1507500,,
1,1,,0.009708,0.477359,0.022326,0.016486,0.086404,0.023753,0.068579,0.132972,0.018404,0.14401,,1513600,,
1,1,,0.013179,0.246364,0.0175,0.023609,0.176028,0.005739,0.119159,0.160206,0.033917,0.204299,,1510200,,
1,2,,0.009722,0.161381,0.285093,0.222517,0.04845,0.094717,0.009444,0.05537,0.023531,0.089775,,1524900,,
1,2,,0.013153,0.223549,0.259968,0.182381,0.020694,0.081996,0.013588,0.066147,0.020028,0.118496,,1510100,,
1,2,,0.012213,0.146535,0.271906,0.121124,0.078259,0.064503,0.051388,0.087938,0.060534,0.105601,,1525800,,
1,2,,0.013911,0.150836,0.254696,0.108436,0.074685,0.066555,0.116415,0.083404,0.055209,0.075852,,1516000,,
1,2,,0.006459,0.113391,0.30456,0.166295,0.059492,0.095523,0.02557,0.086088,0.043784,0.098837,,1507900,,
1,1,,0.01147,0.237656,0.022633,0.019158,0.204512,0.008719,0.108846,0.166029,0.024686,0.196291,,1513300,,
1,1,,0.006261,0.375886,0.02497,0.035196,0.151138,0.006857,0.106712,0.135539,0.022337,0.135103,,1508300,,
1,2,,0.012061,0.219971,0.251452,0.181427,0.01338,0.106883,0.007274,0.032964,0.020407,0.154181,,1513300,,
1,9,,0.012943,0.213052,0.12715,0.068034,0.04262,0.081872,0.079177,0.130205,0.015375,0.229571,,1511000,,
1,2,,0.016949,0.164222,0.26691,0.08797,0.066201,0.053228,0.098989,0.106283,0.063349,0.075898,,1509800,,
1,3,,0.010849,0.124103,0.175692,0.301633,0.015444,0.101479,0.003468,0.049875,0.034033,0.183424,,1518900,,
1,1,,0.008478,0.471583,0.035831,0.022839,0.078016,0.035543,0.068465,0.113335,0.019437,0.146474,,1514800,,
1,1,,0.013423,0.381454,0.013675,0.028689,0.167638,0.010863,0.076996,0.124942,0.025283,0.157037,,1509900,,
1,1,,0.01908,0.248008,0.019232,0.029414,0.167084,0.009525,0.120792,0.149182,0.036702,0.200982,,1512900,,
1,2,,0.010457,0.194333,0.246557,0.228897,0.016567,0.083909,0.012212,0.055313,0.018476,0.133278,,1511200,,
1,3,,0.019404,0.106527,0.13564,0.300039,0.010058,0.140171,0.017193,0.023282,0.049028,0.198656,,1517100,,
1,1,,0.015505,0.35878,0.019232,0.029414,0.174923,0.008831,0.077128,0.123961,0.031084,0.161142,,1509200,,
1,1,,0.010549,0.246037,0.016667,0.014078,0.175233,0.006763,0.125255,0.163493,0.033759,0.208167,,1507800,,
1,1,,0.012721,0.475665,0.014196,0.038444,0.074768,0.031497,0.076349,0.099614,0.018989,0.157759,,1507200,,
1,1,,0.013038,0.282033,0.129899,0.203048,0.038037,0.066722,0.073653,0.067772,0.022255,0.103543,,1513400,,
1,1,,0.007357,0.313828,0.028822,0.014347,0.148691,0.054531,0.116867,0.157351,0.019283,0.138922,,1527300,,
1,1,,0.024588,0.227865,0.016667,0.01974,0.214705,0.007805,0.130096,0.142533,0.04181,0.174192,,1512300,,
1,2,,0.011773,0.232567,0.243064,0.155077,0.010454,0.097268,0.002308,0.037681,0.024896,0.18491,,1511900,,
1,2,,0.010216,0.18121,0.259977,0.25239,0.023742,0.097483,0.005591,0.047438,0.016142,0.105809,,1514600,,
1,3,,0.008539,0.141358,0.171634,0.333027,0.021095,0.098041,0.007517,0.060861,0.020491,0.137435,,1512600,,
1,1,,0.015638,0.381353,0.037548,0.021534,0.133689,0.012566,0.113333,0.122357,0.020898,0.141084,,1511800,,
1,2,,0.007013,0.102024,0.284458,0.116344,0.070524,0.066649,0.065087,0.130699,0.06169,0.095512,,1581000,,
1,1,,0.011545,0.243311,0.016197,0.030607,0.171854,0.011581,0.102719,0.154049,0.054722,0.203415,,1522100,,
1,1,,0.016508,0.299325,0.076408,0.007263,0.080803,0.027032,0.112296,0.079856,0.032705,0.267803,,1515500,,
1,1,,0.021066,0.278247,0.015147,0.016635,0.126378,0.007785,0.131548,0.13866,0.05389,0.210642,,1511500,,
1,1,,0.011343,0.293907,0.137839,0.186881,0.052107,0.074216,0.062786,0.058893,0.022886,0.099142,,1543400,,
1,2,,0.010061,0.214468,0.298678,0.17104,0.014645,0.099203,0.004581,0.05067,0.021046,0.115607,,1518900,,
1,1,,0.031277,0.199987,0.188415,0.190187,0.055904,0.090236,0.053722,0.069963,0.036459,0.08385,,1518800,,
1,1,,0.017411,0.266203,0.146344,0.160106,0.075374,0.075683,0.066652,0.071033,0.037743,0.083452,,1514500,,
1,3,,0.015204,0.081963,0.193188,0.306968,0.045629,0.119092,0.008007,0.058378,0.023055,0.148514,,1523500,,
1,1,,0.002256,0.370624,0.04934,0.032018,0.131512,0.031104,0.104826,0.133522,0.018111,0.126687,,1517700,,
1,1,,0.028453,0.393082,0.068136,0.034719,0.051826,0.032748,0.129865,0.070866,0.023802,0.166503,,1520400,,
1,3,,0.015083,0.075078,0.224557,0.304213,0.044601,0.10409,0.009687,0.066569,0.027545,0.128576,,1517000,,
1,3,,0.011567,0.08283,0.197749,0.329531,0.031853,0.114076,0.015742,0.053845,0.024549,0.138257,,1524300,,
1,9,,0.028992,0.111048,0.105868,0.128701,0.077421,0.089172,0.163954,0.083952,0.042104,0.168787,,1512600,,
1,1,,0.00579,0.372814,0.0242,0.028766,0.162903,0.017793,0.104712,0.127497,0.017407,0.138118,,1538800,,
1,1,,0.005341,0.372031,0.038116,0.01654,0.138526,0.008592,0.114897,0.144564,0.02448,0.136913,,1519200,,
1,4,,0.03216,0.058936,0.031659,0.048,0.258912,0.080637,0.148585,0.146409,0.048302,0.1464,,1513300,,
1,3,,0.017172,0.199737,0.187135,0.204262,0.053614,0.095334,0.046219,0.069599,0.033274,0.093652,,1508500,,
1,1,,0.01643,0.389732,0.066154,0.031639,0.066127,0.009872,0.115555,0.102889,0.022917,0.178685,,1510600,,
1,1,,0.024494,0.483341,0.020496,0.02155,0.075476,0.020305,0.086793,0.092435,0.020744,0.154366,,1522400,,
1,1,,0.020733,0.245983,0.016296,0.019743,0.172147,0.008622,0.119506,0.165313,0.033704,0.197953,,1519200,,
1,2,,0.011579,0.224731,0.262773,0.173103,0.021184,0.08641,0.004642,0.074641,0.017115,0.123821,,1514200,,
1,2,,0.007592,0.181393,0.274158,0.239632,0.021959,0.092188,0.007438,0.065239,0.014135,0.096265,,1512700,,
1,1,,0.013448,0.213719,0.186446,0.204993,0.038518,0.076499,0.041409,0.088024,0.025459,0.111487,,1524400,,
1,1,,0.013426,0.230595,0.022429,0.029414,0.197011,0.009294,0.110304,0.16816,0.02803,0.191337,,1510200,,
1,2,,0.006824,0.187024,0.256695,0.111637,0.007235,0.116299,0.005344,0.073804,0.020993,0.214145,,1512400,,
1,1,,0.030189,0.308724,0.055824,0.009147,0.0588,0.027405,0.126539,0.129213,0.041,0.213158,,1510600,,
1,1,,0.007973,0.286949,0.036282,0.004204,0.121265,0.034678,0.113586,0.16185,0.03021,0.203001,,1511000,,
1,2,,0.033878,0.180893,0.260514,0.219569,0.014982,0.09086,0.01993,0.020385,0.035828,0.123162,,1513400,,
1,1,,0.018459,0.268989,0.02735,0.032661,0.161468,0.009774,0.092796,0.188735,0.035892,0.163876,,1508500,,
1,2,,0.007451,0.197241,0.305872,0.173339,0.028659,0.072522,0.011748,0.08545,0.026429,0.09129,,1514100,,
1,1,,0.013216,0.371953,0.030314,0.034625,0.113122,0.030886,0.121103,0.121941,0.015297,0.147543,,1508900,,
1,9,,0.010016,0.221116,0.20425,0.11945,0.012331,0.105439,0.019798,0.041249,0.015592,0.25076,,1513800,,
1,3,,0.033356,0.201042,0.18541,0.207643,0.041736,0.068361,0.058613,0.069553,0.038752,0.095534,,1532500,,
1,1,,0.015609,0.357301,0.054802,0.034203,0.054284,0.060083,0.120065,0.068222,0.041202,0.194229,,1507500,,
