pendigits,CWE,test,2,NANOSECONDS,PREDICTIONS, Generated by ClassifierExperiments.java on 2022-05-15 22:00:12.    SYSTEMPROPERTIES:{user.name:matth,os.arch:amd64,os.name:Windows 10},ENDSYSTEMPROPERTIES
No parameter info
0.5892776010904135,3228328600,3857994700,-1,86175704,10,,-1,-1
0,0,,0.488372,0.007055,0.004375,0.0315,0.012906,0.182151,0.013544,0.003777,0.23684,0.01948,,1914900,,
0,8,,0.101168,0.009212,0.067523,0.008364,0.137186,0.019126,0.206739,0.142925,0.290447,0.01731,,1666400,,
0,0,,0.443933,0.007648,0.007182,0.001824,0.039821,0.199342,0.029187,0.008946,0.246668,0.015449,,1661000,,
0,0,,0.472926,0.006609,0.008515,0.026181,0.00965,0.194253,0.013944,0.006023,0.242437,0.019462,,1737200,,
0,0,,0.488418,0.007596,0.007182,0.00506,0.023144,0.18297,0.027894,0.004586,0.250293,0.002857,,1672900,,
0,0,,0.361333,0.022057,0.010926,0.000506,0.055057,0.151679,0.016474,0.017031,0.326028,0.038909,,1679700,,
0,0,,0.369818,0.004644,0.005733,0.028129,0.012888,0.308812,0.014009,0.005936,0.229708,0.020324,,1682500,,
0,0,,0.404145,0.014044,0.029538,0.024483,0.043971,0.074802,0.153479,0.032636,0.153978,0.068923,,1664600,,
0,0,,0.33709,0.011685,0.041247,0.008456,0.046993,0.053492,0.213574,0.044479,0.195242,0.047744,,1670500,,
0,5,,0.291106,0.013175,0.013147,0.00678,0.021209,0.413165,0.024672,0.008282,0.19273,0.015734,,1663200,,
0,0,,0.393274,0.014755,0.014015,0.001818,0.020897,0.301818,0.015607,0.010767,0.215292,0.011758,,1661800,,
0,0,,0.443465,0.000563,0.00507,0.021221,0.017455,0.213486,0.065,0.002512,0.220275,0.010952,,1656000,,
0,0,,0.355246,0.016834,0.011474,0.0064,0.027511,0.316328,0.020997,0.011743,0.225134,0.008332,,1675300,,
0,8,,0.083886,0.014445,0.048827,0.003964,0.095899,0.016066,0.182523,0.066705,0.476582,0.011103,,1958700,,
0,0,,0.524024,0.017225,0.007805,0.009623,0.016665,0.094522,0.07934,0.003379,0.210006,0.037411,,1998000,,
0,0,,0.562165,0.0143,0.016,0.005389,0.028174,0.040348,0.11903,0.021127,0.168443,0.025024,,1699900,,
0,0,,0.38543,0.015394,0.015061,0.008485,0.03275,0.333702,0.034584,0.005585,0.16411,0.0049,,1684700,,
0,0,,0.510818,0.019168,0.009801,0.000506,0.023028,0.113629,0.021094,0.019277,0.276381,0.006297,,1679300,,
0,0,,0.486073,0.007391,0.005733,0.009565,0.015054,0.181008,0.015008,0.013639,0.263539,0.002989,,1669200,,
0,0,,0.384203,0.008799,0.010515,0.006349,0.037316,0.329355,0.041328,0.010344,0.162892,0.0089,,1673100,,
0,7,,0.007217,0.067102,0.116546,0.04586,0.153416,0.025084,0.144235,0.320506,0.064857,0.055178,,1668400,,
0,0,,0.56853,0.009227,0.008751,0.026918,0.011612,0.140297,0.013936,0.003804,0.191928,0.024996,,1666700,,
0,8,,0.31899,0.046566,0.037209,0,0.077508,0.005992,0.107965,0.056419,0.337792,0.011558,,1721500,,
0,5,,0.26167,0.017864,0.009846,0.007891,0.039303,0.413443,0.041435,0.013333,0.188774,0.006441,,1684000,,
0,0,,0.296236,0.011593,0.027586,0.023781,0.030628,0.264698,0.181744,0.01939,0.108753,0.03559,,1830500,,
0,0,,0.474514,0.005077,0.011015,0.008615,0.023264,0.189042,0.025911,0.003031,0.254231,0.005299,,1699800,,
0,0,,0.360632,0.026312,0.009245,0.001546,0.045288,0.335516,0.031508,0.014049,0.150241,0.025664,,1773300,,
0,0,,0.498554,0.004188,0.007182,0.007949,0.019438,0.187445,0.025911,0.002512,0.242316,0.004505,,1674900,,
0,0,,0.476907,0.00395,0.00419,0.022897,0.014527,0.129456,0.116574,0.012219,0.213285,0.005995,,1670600,,
0,0,,0.380356,0.023596,0.011783,0,0.049896,0.321316,0.032179,0.017438,0.153496,0.00994,,1676600,,
0,0,,0.515221,0.005831,0,0.011697,0.013587,0.194525,0.066445,0.002353,0.147739,0.042602,,1686900,,
0,0,,0.531632,0.007319,0.003564,0.018805,0.017467,0.136338,0.073333,0.001481,0.202424,0.007637,,1699900,,
0,0,,0.360433,0.010868,0.012579,0.009918,0.035591,0.357132,0.032776,0.013643,0.148472,0.018588,,1664600,,
0,0,,0.353708,0.076853,0.056471,0.109105,0.051819,0.129702,0.011667,0.025716,0.150877,0.034083,,1678800,,
0,0,,0.405916,0.00826,0.02895,0.014577,0.03293,0.104455,0.194483,0.01931,0.180601,0.010517,,1723200,,
0,0,,0.50661,0.00494,0.008515,0.008749,0.0118,0.174677,0.028631,0.0063,0.242476,0.007302,,1690100,,
0,8,,0.111512,0.027273,0.081711,0.017626,0.07804,0.003706,0.153529,0.156811,0.348248,0.021543,,1677200,,
0,0,,0.31796,0.009946,0.012525,0.004,0.077037,0.109052,0.096774,0.039486,0.292056,0.041165,,1678200,,
0,0,,0.464093,0.012865,0.012567,0,0.026391,0.20927,0.018098,0.023702,0.196741,0.036274,,1699400,,
0,0,,0.45304,0.028621,0.015182,0.000435,0.046963,0.242928,0.012786,0.014491,0.155549,0.030006,,1717200,,
0,0,,0.494518,0.013164,0.021918,0.023781,0.043716,0.021663,0.1466,0.046542,0.149608,0.038491,,1680400,,
0,0,,0.465559,0.006027,0.01097,0.029236,0.017318,0.194416,0.013999,0.006114,0.237252,0.019109,,1672200,,
0,0,,0.478391,0.010145,0.011809,0.00626,0.013127,0.175517,0.029159,0.008161,0.258513,0.008918,,1672100,,
0,0,,0.425835,0.007687,0,0.028419,0.011645,0.315076,0.07071,0.000992,0.111315,0.028321,,1900300,,
0,0,,0.384671,0.021637,0.017468,0,0.044094,0.341552,0.005215,0.01927,0.151606,0.014487,,1695800,,
0,0,,0.295972,0.005923,0.027586,0.024352,0.033002,0.269577,0.181744,0.01983,0.109236,0.032777,,1687500,,
0,0,,0.366299,0.017535,0.011797,0.000879,0.031439,0.310642,0.014556,0.020919,0.218012,0.007923,,1690700,,
0,0,,0.351922,0.034702,0.028657,0.004571,0.066137,0.216063,0.147036,0.035201,0.099795,0.015915,,1678000,,
0,0,,0.485494,0.005819,0.000645,0.014632,0.013533,0.130684,0.112231,0.012431,0.211178,0.013354,,1730300,,
0,0,,0.471453,0.010012,0.011809,0.006745,0.012682,0.181214,0.040795,0.005736,0.25636,0.003194,,1682900,,
0,0,,0.497277,0.00494,0.008515,0.008749,0.0118,0.182677,0.028631,0.0063,0.243809,0.007302,,1682200,,
0,0,,0.449589,0.00792,0.01,0.025018,0.015522,0.197959,0.014369,0.002435,0.256968,0.020221,,1677600,,
0,8,,0.308812,0.02246,0.025153,0.004,0.056854,0.042325,0.084579,0.037987,0.381755,0.036076,,1683000,,
0,5,,0.273024,0.013465,0.016191,0.006809,0.031814,0.433046,0.009942,0.013736,0.18801,0.013964,,1735600,,
0,0,,0.405932,0.003702,0.011015,0.010809,0.013794,0.345848,0.024962,0.006435,0.170933,0.00657,,1691900,,
0,1,,0.007537,0.199138,0.12069,0.133201,0.170172,0.062068,0.0963,0.125796,0.033557,0.05154,,1884900,,
0,0,,0.468902,0.004644,0.005733,0.028129,0.014903,0.1982,0.013544,0.005936,0.240582,0.019427,,1711200,,
0,0,,0.473013,0.008378,0.001852,0.017944,0.018155,0.123521,0.117566,0.012911,0.21945,0.00721,,1688300,,
0,5,,0.283006,0.016277,0.009746,0.007279,0.016275,0.428677,0.019151,0.012176,0.200178,0.007235,,1686200,,
0,7,,0.101156,0.026048,0.066667,0.073781,0.187582,0.0425,0.128533,0.20863,0.123235,0.041869,,1672800,,
0,0,,0.290736,0.005923,0.02,0.024352,0.035933,0.222469,0.18571,0.033278,0.148822,0.032777,,1661200,,
0,0,,0.432953,0.007062,0.014801,0.001379,0.014974,0.315789,0.030043,0.008996,0.160499,0.013504,,1667800,,
0,0,,0.405116,0.020451,0.00459,0.004,0.059671,0.106319,0.073428,0.017934,0.255608,0.052882,,1667800,,
0,0,,0.378953,0.009048,0.009746,0.003842,0.02129,0.329207,0.019684,0.007218,0.204901,0.016111,,1709400,,
0,5,,0.232462,0.013923,0.036571,0.023781,0.082361,0.265706,0.143281,0.030135,0.133288,0.038491,,1682600,,
0,8,,0.337896,0.012868,0.010413,0.002857,0.057317,0.178067,0.019728,0.021658,0.348319,0.010877,,1669300,,
0,0,,0.349053,0.01806,0.016752,0.001951,0.032649,0.346083,0.007166,0.009839,0.207369,0.011077,,1723100,,
0,0,,0.337881,0.02036,0.018824,0.003504,0.032075,0.060298,0.188322,0.027452,0.2565,0.054784,,1669100,,
0,5,,0.317925,0.013884,0.013147,0.004138,0.041618,0.365311,0.034669,0.007498,0.189315,0.012495,,1664500,,
0,5,,0.35631,0.022908,0.014015,0.003721,0.034001,0.364294,0.017787,0.016115,0.158213,0.012636,,1682800,,
0,0,,0.355717,0.025173,0.014015,0,0.030152,0.261448,0.008334,0.016262,0.281034,0.007865,,1671900,,
0,0,,0.495545,0.010426,0.008751,0.005896,0.011498,0.190438,0.026675,0.005358,0.238469,0.006946,,1657000,,
0,0,,0.483894,0.008915,0.001176,0.024957,0.014154,0.154622,0.057769,0.020992,0.207286,0.026234,,1662500,,
0,0,,0.482751,0.011107,0.012621,0.003811,0.014974,0.176137,0.027335,0.005894,0.257519,0.007851,,1675300,,
0,5,,0.315016,0.011253,0.00408,0.0186,0.013917,0.403355,0.026282,0.003789,0.197399,0.006309,,1659000,,
0,0,,0.33229,0.025085,0.012587,0.002857,0.065737,0.095308,0.116536,0.019041,0.285416,0.045143,,1669100,,
0,0,,0.453646,0.005352,0.013333,0.038257,0.008728,0.157027,0.056424,0.019278,0.228465,0.01949,,1659400,,
0,0,,0.345594,0.024184,0.010926,0.004437,0.028519,0.318091,0.029101,0.012394,0.214363,0.012392,,1697200,,
0,0,,0.398936,0.011001,0.028657,0.0268,0.062252,0.093161,0.134889,0.03518,0.179051,0.030074,,1684700,,
0,0,,0.477864,0.002988,0.005586,0.016372,0.016452,0.192244,0.027077,0.001876,0.256007,0.003535,,1666100,,
0,0,,0.389215,0.008591,0.014801,0.002963,0.029399,0.340229,0.022993,0.007144,0.158871,0.025795,,1662900,,
0,0,,0.505051,0.007829,0.012621,0.004016,0.019824,0.174289,0.01722,0.004617,0.248449,0.006084,,1656100,,
0,0,,0.428372,0.009009,0.014015,0.001379,0.062151,0.183469,0.04332,0.009919,0.234331,0.014034,,1677200,,
0,0,,0.485047,0.006314,0.004375,0.0315,0.012582,0.185486,0.013544,0.003777,0.238126,0.019248,,1682000,,
0,0,,0.495607,0.003906,0.002367,0.02367,0.019102,0.176433,0.027077,0.001771,0.24585,0.004218,,1686400,,
0,0,,0.290878,0.018978,0.029538,0.023781,0.040559,0.271433,0.153479,0.032377,0.100309,0.038667,,1717800,,
0,5,,0.30604,0.017626,0.014174,0.001429,0.027644,0.397279,0.017677,0.00621,0.202146,0.009774,,1821900,,
0,0,,0.498047,0.007482,0.007182,0.003407,0.014492,0.178949,0.016612,0.006068,0.26046,0.007302,,1691600,,
0,0,,0.467097,0.005954,0.008751,0.011622,0.021104,0.200216,0.027469,0.002599,0.25043,0.004758,,1664100,,
0,0,,0.435431,0.008558,0.012082,0.023781,0.027711,0.205095,0.020445,0.004926,0.238303,0.023667,,1639100,,
0,8,,0.221122,0.03114,0.074576,0.028225,0.095868,0.008666,0.106423,0.091944,0.31777,0.024266,,1655600,,
0,8,,0.290426,0.020026,0.029691,0.004848,0.089377,0.071608,0.15169,0.02401,0.293329,0.024995,,1654700,,
0,0,,0.371445,0.010042,0.012082,0.023781,0.016404,0.357993,0.018845,0.005971,0.161922,0.021515,,1669400,,
0,0,,0.453901,0.007686,0.011809,0.002893,0.043949,0.196869,0.016617,0.010403,0.24193,0.013941,,1664700,,
0,0,,0.419681,0.004097,0.019469,0.020034,0.031268,0.098756,0.185593,0.021631,0.186801,0.01267,,1675300,,
0,0,,0.495088,0.005624,0.010365,0.026085,0.025225,0.133722,0.078877,0,0.219229,0.005784,,1670400,,
0,5,,0.338319,0.01337,0.003102,0,0.048061,0.341784,0.058132,0.019417,0.167968,0.009847,,1653400,,
0,7,,0.010586,0.020211,0.077656,0.014378,0.139063,0.008732,0.250956,0.31,0.151621,0.016798,,1656300,,
0,0,,0.287154,0.016516,0.029538,0.023781,0.043021,0.262322,0.153479,0.032377,0.116222,0.03559,,1640000,,
0,0,,0.505199,0.012632,0.003564,0.01998,0.012082,0.159219,0.063808,0.001379,0.213496,0.008641,,1647100,,
0,0,,0.486017,0.005352,0.004706,0.038257,0.011506,0.185915,0.013544,0.002023,0.234301,0.018379,,1642500,,
0,0,,0.263074,0.023396,0.049836,0.023781,0.063553,0.200637,0.105136,0.070044,0.161206,0.039336,,1638900,,
0,0,,0.50836,0.006318,0.008189,0.022962,0.026034,0.130147,0.076762,0.003404,0.208591,0.009232,,1648800,,
0,0,,0.437016,0.002353,0,0.013725,0.012217,0.285213,0.084706,0.002353,0.151226,0.011191,,1737200,,
0,0,,0.5009,0.004686,0.004375,0.020623,0.016682,0.186942,0.02477,0.005366,0.227743,0.007915,,1657700,,
0,8,,0.17722,0.01484,0.039923,0.009026,0.064437,0.008509,0.179329,0.069189,0.411612,0.025917,,1741100,,
0,0,,0.334795,0.019223,0.002419,0.003148,0.080485,0.08466,0.089665,0.021433,0.310705,0.053468,,1649900,,
0,8,,0.245201,0.018168,0.012505,0.003918,0.064028,0.081355,0.077281,0.053313,0.40243,0.041799,,1653200,,
0,0,,0.459369,0.00532,0.007182,0.027114,0.018461,0.207125,0.013544,0.003504,0.238049,0.020332,,1663800,,
0,0,,0.486718,0.00659,0.000476,0.037114,0.008933,0.201379,0.07071,0.001468,0.161644,0.024967,,1647700,,
0,0,,0.49255,0.00811,0,0.006004,0.014829,0.093208,0.127587,0.028282,0.208929,0.0205,,1650200,,
0,5,,0.33866,0.019442,0.014801,0.002963,0.033467,0.358112,0.032,0.01052,0.181573,0.008462,,1649700,,
0,0,,0.501632,0.012126,0.007805,0.008352,0.02003,0.133492,0.089301,0.000755,0.211281,0.015227,,1675000,,
0,0,,0.488639,0.004645,0.004375,0.014069,0.014338,0.175709,0.028231,0.004055,0.259397,0.006543,,1692700,,
0,0,,0.287605,0.015619,0.021918,0.024322,0.042804,0.220387,0.1466,0.047531,0.156252,0.036962,,2016600,,
0,0,,0.312601,0.018379,0.017297,0.023781,0.045017,0.245723,0.149088,0.037433,0.112014,0.038667,,2526900,,
0,0,,0.43026,0.009144,0.0009,0.019173,0.01135,0.349135,0.020947,0.004049,0.14298,0.012062,,2089400,,
0,0,,0.421814,0.012229,0.01271,0.00381,0.012249,0.335947,0.03448,0.002707,0.142894,0.021162,,2030900,,
0,7,,0.007265,0.035374,0.08772,0.02245,0.166801,0.006784,0.192828,0.26715,0.183857,0.029771,,2034400,,
0,0,,0.395147,0.007152,0.042927,0.012903,0.074546,0.053382,0.150716,0.035514,0.173709,0.054003,,2020300,,
0,5,,0.319581,0.009776,0.012082,0,0.045207,0.373255,0.012238,0.014995,0.198175,0.014692,,2023800,,
0,0,,0.495969,0.010932,0.011015,0.008138,0.011969,0.185784,0.024903,0.00441,0.238344,0.008536,,2110000,,
0,0,,0.478359,0.024192,0.015061,0.002222,0.019583,0.240521,0.011178,0.017804,0.170125,0.020956,,2108800,,
0,0,,0.448295,0.004049,0.016645,0.012992,0.03492,0.111097,0.120828,0.020138,0.214195,0.016841,,2038800,,
0,0,,0.478643,0.003478,0,0.017971,0.012901,0.159021,0.085,0.001667,0.199091,0.042228,,2037800,,
0,8,,0.259951,0.02283,0.022892,0.003148,0.070228,0.024001,0.220681,0.040889,0.319736,0.015643,,2041900,,
0,0,,0.468231,0.013422,0.006097,0.010509,0.023805,0.175483,0.0189,0.012227,0.263669,0.007658,,2038300,,
0,0,,0.389031,0.008533,0.003075,0.022933,0.015905,0.331562,0.037501,0.001031,0.186802,0.003627,,2020900,,
0,0,,0.514814,0.003464,0.007182,0.010392,0.015632,0.176003,0.02754,0.004865,0.235115,0.004993,,2030100,,
0,0,,0.403124,0.007055,0.011809,0.025193,0.018709,0.226001,0.018699,0.007223,0.236094,0.046093,,2191200,,
0,0,,0.494443,0.00937,0.000645,0.037975,0.012841,0.169399,0.038139,0.001637,0.21622,0.019332,,2063900,,
0,7,,0.010214,0.036892,0.116238,0.025749,0.253386,0.012208,0.154796,0.257716,0.086005,0.046798,,2028300,,
0,0,,0.308263,0.011001,0,0.0268,0.02316,0.299304,0.103342,0.043852,0.151998,0.032281,,2048500,,
0,6,,0.019324,0.014854,0.075811,0.007658,0.189284,0.00403,0.255721,0.220708,0.183058,0.029552,,2063300,,
0,5,,0.281489,0.011459,0.012579,0.006118,0.024008,0.434348,0.029039,0.0071,0.184284,0.009576,,2028000,,
0,0,,0.285188,0.039195,0.084956,0.096969,0.088046,0.025885,0.028479,0.037587,0.234638,0.079058,,2045200,,
0,0,,0.487153,0.004358,0.01097,0.011804,0.008312,0.184564,0.028686,0.006391,0.251255,0.006508,,2028400,,
0,0,,0.290891,0.016163,0.045,0.023781,0.066563,0.048792,0.06571,0.108583,0.264727,0.06979,,2177000,,
0,0,,0.505183,0.00368,0.005586,0.017238,0.013997,0.181794,0.027769,0.003954,0.232277,0.008523,,2084600,,
0,0,,0.452509,0.020205,0.023704,0.007897,0.031545,0.128879,0.141333,0.030655,0.126367,0.036906,,2078600,,
0,0,,0.39689,0.008824,0.0009,0.039935,0.010251,0.143581,0.013544,0.002023,0.330872,0.05318,,2092500,,
0,0,,0.474307,0.00461,0.007182,0.004713,0.01986,0.200389,0.027662,0.00665,0.237667,0.01696,,2020700,,
0,0,,0.470184,0.006336,0.003494,0.03527,0.013245,0.194257,0.013544,0.003299,0.239971,0.020398,,2032400,,
0,0,,0.3774,0.019232,0.01271,0.003721,0.027816,0.311302,0.010855,0.013095,0.21119,0.012679,,1972500,,
0,0,,0.487855,0.005321,0.011015,0.016903,0.017755,0.190207,0.02477,0.005611,0.23263,0.007933,,1651300,,
0,0,,0.373936,0.006709,0.00408,0.0229,0.013627,0.351677,0.02754,0.003384,0.190492,0.005655,,1666700,,
0,0,,0.384124,0.030102,0.013147,0,0.033271,0.342685,0.009469,0.013666,0.164868,0.008669,,1717800,,
0,0,,0.477774,0.006314,0.004375,0.0315,0.012582,0.196395,0.013544,0.003777,0.23449,0.019248,,1664300,,
0,0,,0.456303,0.009019,0.012621,0.001053,0.029316,0.191235,0.007989,0.013863,0.270095,0.008507,,1640800,,
0,0,,0.294768,0.015306,0.030196,0.003148,0.081796,0.055812,0.161625,0.058299,0.253976,0.045073,,1681500,,
0,8,,0.36066,0.018108,0.001879,0.011818,0.043092,0.109208,0.004695,0.008472,0.434861,0.007207,,1642800,,
0,0,,0.457186,0.01139,0.010926,0,0.04776,0.238709,0.014843,0.018314,0.177607,0.023264,,1646400,,
0,0,,0.478074,0.005079,0.012579,0.007619,0.012145,0.196366,0.031406,0.005475,0.2434,0.007857,,1673600,,
0,0,,0.47523,0.005176,0.001935,0.039265,0.0141,0.149469,0.07071,0.00196,0.22351,0.018643,,1639700,,
0,0,,0.471319,0.020386,0.015061,0,0.017606,0.189314,0.013971,0.014311,0.252532,0.0055,,1631600,,
0,5,,0.349097,0.006027,0.01097,0.029236,0.013425,0.372251,0.013999,0.006114,0.179634,0.019248,,1682900,,
0,0,,0.46881,0.014857,0.011015,0.005429,0.029016,0.200093,0.014263,0.003031,0.239122,0.014365,,1656000,,
0,5,,0.291669,0.01166,0.011474,0.004848,0.025437,0.409184,0.028604,0.006665,0.202516,0.007943,,1644600,,
0,0,,0.403857,0.011769,0,0.005273,0.030512,0.082929,0.115489,0.044211,0.248178,0.057782,,1650900,,
0,4,,0.004882,0.093402,0.08517,0.101193,0.221101,0.071323,0.124536,0.179309,0.027144,0.09194,,1653900,,
0,0,,0.439153,0.012793,0.016782,0,0.055773,0.18728,0.031072,0.011971,0.23367,0.011507,,1637900,,
0,0,,0.490044,0.007409,0.00256,0.041381,0.01379,0.168631,0.038139,0.000992,0.217144,0.019911,,1648000,,
0,0,,0.47143,0.007845,0.001323,0.038326,0.009063,0.217696,0.013544,0.002023,0.187774,0.050975,,1756100,,
0,0,,0.344601,0.023783,0.015061,0,0.05062,0.341413,0.027678,0.01259,0.172993,0.01126,,1646900,,
0,0,,0.546115,0.003668,0.025159,0.021986,0.015422,0.110206,0.043789,0.024836,0.202178,0.00664,,1641600,,
0,0,,0.558035,0.008124,0.021978,0.017157,0.014273,0.110075,0.034667,0.02346,0.206537,0.005694,,1668100,,
0,0,,0.489852,0.00379,0.004265,0.016037,0.00954,0.187935,0.028231,0.00355,0.250819,0.00598,,1655800,,
0,0,,0.401471,0.014646,0.01271,0.0064,0.01218,0.355007,0.025261,0.008894,0.151404,0.012027,,1684300,,
0,0,,0.385438,0.007327,0.001778,0.021982,0.008931,0.268009,0.027769,0.003109,0.26365,0.012006,,1656800,,
0,0,,0.344323,0.018531,0.017061,0,0.029483,0.285619,0.008471,0.009903,0.271785,0.014825,,1661300,,
0,8,,0.243408,0.014495,0.047453,0.011314,0.124741,0.007687,0.165374,0.063638,0.258954,0.062936,,1662300,,
0,0,,0.402971,0.01138,0.006097,0.007194,0.013073,0.344025,0.038431,0.003356,0.170712,0.002762,,1677500,,
0,0,,0.387124,0.007507,0.013147,0.003478,0.025229,0.332477,0.027914,0.006359,0.188031,0.008734,,1650200,,
0,0,,0.496952,0.00516,0.011809,0.009833,0.014646,0.178577,0.028584,0.008543,0.237503,0.008392,,1645300,,
0,0,,0.480187,0.006473,0.001132,0.040007,0.014098,0.143857,0.07071,0.000992,0.221526,0.021017,,1641100,,
0,0,,0.433702,0.007791,0,0.026766,0.030443,0.154237,0.103342,0.043098,0.141878,0.058745,,1641000,,
0,5,,0.291749,0.019812,0.014174,0,0.022135,0.412136,0.008411,0.016482,0.196846,0.018255,,1688000,,
0,0,,0.378388,0.010589,0.011809,0.01006,0.022797,0.315019,0.021263,0.014635,0.208115,0.007324,,1675200,,
0,5,,0.326621,0.009776,0.015985,0.024892,0.033536,0.327536,0.029783,0.009801,0.200553,0.021515,,1648300,,
0,0,,0.476538,0.008147,0.020645,0.016184,0.014338,0.111851,0.062857,0.02,0.25457,0.01487,,1675100,,
0,0,,0.479719,0.029985,0.014015,0,0.043201,0.130235,0.013715,0.014803,0.265501,0.008827,,1655900,,
0,0,,0.474149,0.018372,0.006097,0.003527,0.017674,0.191243,0.015431,0.01169,0.249956,0.01186,,1655700,,
0,0,,0.475939,0.004209,0,0.030448,0.027117,0.083754,0.103342,0.043098,0.206435,0.02566,,1652000,,
0,0,,0.496844,0.004895,0.01097,0.01007,0.020766,0.181461,0.026366,0.005122,0.239478,0.004029,,1638000,,
0,0,,0.481798,0.008359,0.016191,0.006809,0.015265,0.155722,0.030367,0.010332,0.239172,0.035985,,1639000,,
0,0,,0.454842,0.005544,0.011809,0.00822,0.017939,0.219821,0.028256,0.007651,0.236624,0.009292,,1688100,,
0,0,,0.399165,0.006027,0.01097,0.029236,0.014343,0.328856,0.013999,0.006114,0.173292,0.017998,,1648400,,
0,0,,0.49184,0.008565,0.00408,0.039623,0.010726,0.183693,0.013544,0.002023,0.227117,0.01879,,1640700,,
0,0,,0.402925,0.024682,0.013592,0.001609,0.028431,0.107982,0.010583,0.027484,0.375037,0.007675,,1654100,,
0,7,,0.093722,0.070283,0.051321,0.103412,0.128561,0.025847,0.117703,0.189677,0.156889,0.062586,,1646800,,
0,8,,0.307715,0.007453,0.009743,0.009206,0.024246,0.126076,0.04932,0.0109,0.446792,0.008549,,1652900,,
0,0,,0.530793,0.006473,0.022465,0.040007,0.012159,0.11719,0.032043,0.022326,0.194193,0.02235,,1650500,,
0,0,,0.479527,0.006047,0.006097,0.015194,0.011305,0.179277,0.028764,0.005023,0.257303,0.011463,,1641000,,
0,5,,0.277135,0.021366,0.009746,0.008321,0.030445,0.421802,0.021234,0.01476,0.189588,0.005603,,1682500,,
0,0,,0.492674,0.004962,0.000476,0.026237,0.016347,0.147598,0.068994,0.02188,0.208286,0.012547,,1668400,,
0,0,,0.321676,0.017579,0.061069,0.023781,0.100656,0.016362,0.044908,0.076717,0.296439,0.040811,,1648000,,
0,0,,0.489628,0.016147,0.01271,0.005217,0.012402,0.144122,0.017447,0.01279,0.258072,0.031465,,1672700,,
0,0,,0.487295,0.004621,0.004639,0.041513,0.013846,0.182502,0.013544,0.002435,0.228794,0.020811,,1660700,,
0,8,,0.239398,0.029524,0.049836,0.00381,0.067478,0.005787,0.123633,0.068501,0.388163,0.023872,,1838000,,
0,0,,0.494525,0.015793,0.011951,0.003188,0.027177,0.173066,0.00561,0.005345,0.25563,0.007714,,1752200,,
0,0,,0.385932,0.012111,0.016191,0.001818,0.032293,0.345774,0.015512,0.010564,0.166892,0.012911,,1718800,,
0,0,,0.409033,0.019664,0.012054,0.004227,0.023361,0.215106,0.020713,0.016711,0.244127,0.035005,,1654600,,
0,0,,0.487371,0.010867,0.009133,0.005285,0.032846,0.176451,0.004785,0.006415,0.258216,0.008631,,1639600,,
0,0,,0.477489,0.004772,0.005586,0.031668,0.010933,0.190813,0.013544,0.002868,0.243741,0.018587,,1672700,,
0,0,,0.446646,0.008279,0.014174,0,0.037083,0.19534,0.010351,0.016427,0.260546,0.011154,,1640400,,
0,0,,0.344111,0.024388,0.007988,0.001429,0.036243,0.317361,0.030136,0.00739,0.216891,0.014063,,1669700,,
0,0,,0.501505,0.006653,0.012621,0.007861,0.012215,0.182943,0.026014,0.00654,0.237059,0.006588,,1657200,,
0,8,,0.294288,0.042938,0.058776,0.023781,0.080853,0.012708,0.058601,0.083304,0.317695,0.027056,,1659500,,
0,0,,0.491142,0.00937,0.00116,0.037975,0.010584,0.187157,0.013544,0.002668,0.228402,0.017998,,1805700,,
0,5,,0.313658,0.018873,0.011474,0.007442,0.022018,0.388462,0.020458,0.013823,0.195071,0.008721,,1654100,,
0,0,,0.362387,0.013162,0.009746,0.004689,0.027637,0.315952,0.035557,0.006525,0.210587,0.013757,,1646500,,
0,0,,0.392001,0.024673,0.014015,0,0.047619,0.147849,0.008594,0.017565,0.309311,0.038372,,1650900,,
0,0,,0.480088,0.002741,0.011015,0.017333,0.011741,0.192786,0.027834,0.004697,0.240282,0.011481,,1685300,,
0,0,,0.447917,0.025975,0.008134,0.000241,0.028546,0.165251,0.013973,0.020424,0.246422,0.043117,,1648700,,
0,0,,0.448009,0.016385,0.024533,0.00582,0.034988,0.041164,0.100064,0.036113,0.25027,0.042653,,1649000,,
0,0,,0.351196,0.00878,0.023704,0.023781,0.032351,0.271628,0.117377,0.032336,0.100357,0.038491,,1653300,,
0,5,,0.349807,0.016216,0.012894,0.00596,0.0371,0.357049,0.045126,0.015648,0.15256,0.00764,,1694700,,
0,0,,0.498595,0.008268,0.006097,0.008669,0.01258,0.187105,0.025892,0.00676,0.23807,0.007964,,1990800,,
0,0,,0.499769,0.0094,0.003494,0.016338,0.017346,0.177147,0.025864,0.004731,0.238798,0.007113,,1693300,,
0,5,,0.300814,0.013533,0.013147,0.004444,0.037759,0.414972,0.011489,0.010034,0.187483,0.006325,,1670100,,
0,0,,0.482032,0.006007,0.00256,0.026021,0.013329,0.123419,0.116574,0.012219,0.210313,0.007526,,1656800,,
0,0,,0.47616,0.010822,0.006408,0.006092,0.046161,0.070627,0.020721,0.01259,0.224506,0.125913,,1721100,,
0,0,,0.493447,0.010387,0.008751,0.007709,0.014898,0.191249,0.026083,0.002599,0.235243,0.009635,,1663400,,
0,8,,0.111933,0.024378,0.063584,0.007658,0.101501,0.01964,0.197573,0.124257,0.328414,0.021062,,1662000,,
0,0,,0.467598,0.005767,0.011809,0.002791,0.019472,0.194007,0.030956,0.009874,0.245052,0.012674,,1656300,,
0,0,,0.465429,0.003906,0.010995,0.02367,0.018838,0.143612,0.069957,0.019026,0.241403,0.003165,,1674500,,
0,5,,0.296723,0.008599,0.013698,0.023781,0.040406,0.367135,0.050551,0.005462,0.173314,0.020332,,1952800,,
0,0,,0.391265,0.020219,0.012082,0,0.021408,0.352648,0.017226,0.008375,0.164309,0.012468,,1742200,,
0,0,,0.486237,0.020927,0.010926,0.001863,0.030064,0.160207,0.021055,0.00771,0.24942,0.01159,,1713400,,
1,2,,0.010167,0.171947,0.330294,0.153756,0.053109,0.072268,0.032822,0.07014,0.02745,0.078047,,1684400,,
1,1,,0.02141,0.265225,0.01363,0.023055,0.175396,0.008029,0.102276,0.147611,0.033932,0.209439,,1644000,,
1,2,,0.006197,0.145796,0.271859,0.149534,0.100709,0.066653,0.045955,0.110946,0.025563,0.076788,,1644100,,
1,1,,0.036241,0.443452,0.020506,0.016728,0.089283,0.005539,0.078662,0.115353,0.028353,0.165882,,1635000,,
1,1,,0.006642,0.466086,0.02922,0.016649,0.093825,0.01025,0.069301,0.119489,0.029499,0.15904,,1643600,,
1,2,,0.013832,0.201664,0.242674,0.196812,0.012499,0.076018,0.005288,0.074769,0.031055,0.145388,,1646000,,
1,1,,0.013668,0.459213,0.02751,0.014935,0.08447,0.014502,0.068709,0.125601,0.039279,0.152113,,1672000,,
1,1,,0.019588,0.253854,0.039389,0.011851,0.114078,0.030735,0.107864,0.151444,0.043933,0.227263,,1663300,,
1,1,,0.014854,0.347013,0.01269,0.02378,0.164797,0.006884,0.079443,0.133798,0.032079,0.184662,,1666000,,
1,2,,0.0097,0.20115,0.28993,0.169389,0.059746,0.074476,0.017393,0.073775,0.021611,0.08283,,1693000,,
1,1,,0.023426,0.266081,0.044237,0.020524,0.11145,0.075037,0.103489,0.103083,0.0388,0.213875,,1647000,,
1,2,,0.00387,0.161924,0.286035,0.143208,0.101598,0.073208,0.050208,0.093807,0.020476,0.065666,,1647100,,
1,1,,0.008477,0.362102,0.01434,0.020751,0.156061,0.015733,0.072443,0.139492,0.020541,0.190061,,1655500,,
1,1,,0.025391,0.358755,0.012934,0.026582,0.1312,0.004993,0.10875,0.126567,0.025505,0.179321,,1648200,,
1,1,,0.004414,0.390381,0.022531,0.026179,0.157759,0.013592,0.093927,0.111903,0.021157,0.158157,,1661700,,
1,3,,0.015527,0.139314,0.179595,0.30571,0.017802,0.107847,0.007926,0.057465,0.030222,0.138592,,1670100,,
1,1,,0.034435,0.374906,0.043406,0.038447,0.052687,0.045457,0.130202,0.061748,0.026015,0.192697,,1740300,,
1,9,,0.018562,0.23126,0.153434,0.146648,0.025404,0.082768,0.00809,0.037388,0.021349,0.275097,,1700900,,
1,1,,0.032385,0.439863,0.02174,0.018685,0.090832,0.009156,0.075869,0.107843,0.030391,0.173236,,1712100,,
1,3,,0.007801,0.153747,0.177946,0.324488,0.018798,0.085915,0.008531,0.067342,0.021103,0.134329,,1660200,,
1,3,,0.015148,0.160095,0.252154,0.255011,0.027583,0.083585,0.007335,0.074907,0.030767,0.093414,,1663800,,
1,1,,0.019248,0.24117,0.08288,0.041518,0.037027,0.106489,0.108153,0.101953,0.028969,0.232592,,1666000,,
1,1,,0.01716,0.458293,0.025635,0.025686,0.100343,0.00865,0.073153,0.103578,0.032936,0.154566,,1652600,,
1,1,,0.029685,0.455229,0.013298,0.025796,0.085596,0.01825,0.076824,0.101464,0.031076,0.162782,,1638900,,
1,3,,0.034032,0.202279,0.17839,0.225138,0.046972,0.093757,0.060219,0.062482,0.031952,0.064779,,1653200,,
1,1,,0.029126,0.456583,0.016512,0.029343,0.076924,0.008262,0.091786,0.105878,0.030958,0.154628,,1710000,,
1,1,,0.02792,0.278392,0.017908,0.022173,0.156464,0.005927,0.104053,0.163748,0.040211,0.183205,,1656500,,
1,1,,0.028215,0.335401,0.018968,0.021332,0.094449,0.010691,0.126902,0.104811,0.041093,0.218138,,1787800,,
1,1,,0.032851,0.274949,0.037805,0.053875,0.064246,0.046527,0.11046,0.076261,0.031677,0.27135,,1718000,,
1,2,,0.01187,0.161704,0.285321,0.25605,0.024597,0.077646,0.006049,0.07315,0.024474,0.079138,,1680000,,
1,1,,0.010431,0.267909,0.011852,0.016536,0.207922,0.009319,0.092123,0.142869,0.036324,0.204714,,1652600,,
1,1,,0.013098,0.453036,0.013321,0.040022,0.069643,0.032686,0.079419,0.107211,0.022252,0.169314,,1646100,,
1,2,,0.00111,0.152906,0.304758,0.102202,0.087375,0.069479,0.060497,0.10611,0.037413,0.078149,,1648000,,
1,1,,0.037554,0.332918,0.030525,0.014384,0.093136,0.007632,0.152199,0.133465,0.038696,0.15949,,2010900,,
1,1,,0.019756,0.221998,0.172365,0.219455,0.044087,0.064943,0.005996,0.027188,0.032579,0.191633,,2037500,,
1,3,,0.015889,0.14531,0.168962,0.289973,0.027501,0.093549,0.01112,0.088395,0.029448,0.129854,,1893600,,
1,1,,0.011001,0.231356,0.230494,0.175855,0.029331,0.105196,0.007894,0.056134,0.035781,0.11696,,1739500,,
1,3,,0.011847,0.082787,0.154281,0.328074,0.031887,0.121231,0.003071,0.040501,0.033873,0.19245,,1679500,,
1,1,,0.031446,0.460707,0.013705,0.026931,0.069232,0.012702,0.094106,0.105511,0.029046,0.156614,,1656000,,
1,1,,0.011952,0.251759,0.233749,0.196391,0.012256,0.090757,0.013168,0.056936,0.023513,0.109517,,1652100,,
1,2,,0.012232,0.154159,0.273829,0.106693,0.10128,0.059899,0.053864,0.136164,0.029567,0.072312,,1650300,,
1,1,,0.009863,0.318967,0.019584,0.031254,0.111434,0.015523,0.104637,0.140605,0.0337,0.214434,,1664000,,
1,1,,0.03322,0.245029,0.012934,0.024727,0.205969,0.00521,0.120448,0.136563,0.024948,0.190953,,1653300,,
1,3,,0.02026,0.123205,0.101482,0.338346,0.016862,0.086855,0.014129,0.011801,0.036013,0.251047,,1709300,,
1,3,,0.008653,0.083801,0.175524,0.335249,0.038886,0.110503,0.015512,0.08926,0.029784,0.112828,,1679300,,
1,2,,0.004743,0.162276,0.290515,0.091389,0.105418,0.055812,0.052976,0.133897,0.033574,0.069399,,1660000,,
1,1,,0.012995,0.236752,0.145859,0.177712,0.058312,0.067566,0.07867,0.067693,0.02618,0.12826,,1651100,,
1,2,,0.011656,0.162215,0.279997,0.105442,0.107498,0.063395,0.032781,0.101777,0.05934,0.075899,,1650700,,
1,1,,0.015684,0.239543,0.151009,0.185982,0.054685,0.089788,0.075651,0.047601,0.02585,0.114206,,1648400,,
1,2,,0.007206,0.153666,0.229092,0.098683,0.063371,0.051525,0.075124,0.170027,0.076457,0.074848,,1662400,,
1,1,,0.028284,0.29459,0.02322,0.010923,0.117931,0.022502,0.116784,0.138645,0.035123,0.211998,,1670700,,
1,1,,0.030207,0.254989,0.014247,0.017392,0.19051,0.007702,0.117106,0.144011,0.042813,0.181023,,1657000,,
1,1,,0.006099,0.456228,0.024481,0.011869,0.089941,0.020361,0.069425,0.116674,0.056448,0.148474,,1659100,,
1,1,,0.028406,0.357094,0.013451,0.015226,0.148518,0.016758,0.093266,0.135601,0.016224,0.175456,,1686200,,
1,1,,0.017007,0.256768,0.039389,0.040143,0.088269,0.074472,0.114199,0.099825,0.034633,0.235296,,1652700,,
1,6,,0.059017,0.053282,0.179873,0.148909,0.045971,0.077162,0.189632,0.1016,0.068998,0.075556,,1653600,,
1,1,,0.009421,0.251019,0.192371,0.109045,0.013932,0.083016,0.005736,0.055189,0.058628,0.221642,,1678300,,
1,2,,0.013598,0.143966,0.252247,0.237193,0.019845,0.109118,0.012226,0.070535,0.01871,0.122563,,2023500,,
1,1,,0.012928,0.167415,0.106223,0.157575,0.080489,0.091264,0.104553,0.120405,0.019652,0.139497,,1802500,,
1,1,,0.015556,0.27128,0.015512,0.026729,0.175782,0.007927,0.103833,0.166016,0.036573,0.180792,,1659900,,
1,1,,0.002064,0.398743,0.042438,0.021675,0.126348,0.009038,0.096884,0.104803,0.050066,0.147941,,1693500,,
1,2,,0.006029,0.166685,0.304735,0.196588,0.035821,0.08485,0.011138,0.071541,0.016008,0.106604,,2185400,,
1,2,,0.00572,0.153354,0.277188,0.186338,0.063501,0.105366,0.029696,0.079664,0.014312,0.084862,,1723400,,
1,2,,0.010294,0.120545,0.309113,0.12774,0.10778,0.049575,0.040583,0.102012,0.072084,0.060274,,1663400,,
1,2,,0.008718,0.204941,0.264537,0.194741,0.032193,0.110888,0.007277,0.061156,0.022054,0.093494,,1667800,,
1,1,,0.009288,0.255688,0.165151,0.159985,0.030649,0.105121,0.059164,0.065663,0.025967,0.123324,,1682300,,
1,1,,0.008836,0.263854,0.014247,0.013658,0.19136,0.006603,0.099123,0.158158,0.028405,0.215756,,1669000,,
1,3,,0.015211,0.130293,0.197293,0.261686,0.011648,0.133971,0.030262,0.041066,0.021941,0.15663,,1664700,,
1,1,,0.010607,0.45015,0.020506,0.015246,0.104272,0.006267,0.069773,0.123791,0.027213,0.172175,,1662200,,
1,1,,0.01563,0.266388,0.013827,0.022549,0.167889,0.008253,0.101815,0.15194,0.030321,0.221389,,1672100,,
1,3,,0.020687,0.124685,0.143638,0.31084,0.025358,0.105962,0.010012,0.064383,0.062858,0.131577,,1678400,,
1,1,,0.025249,0.456517,0.01572,0.033709,0.072432,0.018232,0.082408,0.113614,0.03258,0.149539,,1712000,,
1,1,,0.019443,0.186284,0.12338,0.152951,0.053657,0.109116,0.109549,0.101607,0.017051,0.12696,,1671000,,
1,1,,0.024906,0.364368,0.025505,0.020909,0.097303,0.012337,0.119857,0.132318,0.03824,0.164257,,1662200,,
1,1,,0.005222,0.37967,0.037293,0.016479,0.159593,0.002809,0.094934,0.123716,0.017442,0.162843,,1679300,,
1,1,,0.025222,0.435345,0.019121,0.025614,0.082815,0.00852,0.096496,0.104169,0.039325,0.163373,,1721700,,
1,2,,0.010746,0.072005,0.256022,0.139038,0.091271,0.077689,0.062555,0.10306,0.074713,0.112901,,1669700,,
1,1,,0.012623,0.231859,0.17642,0.156616,0.00917,0.123596,0.00567,0.064583,0.039466,0.179997,,1676800,,
1,2,,0.025288,0.201145,0.238032,0.193986,0.035285,0.071714,0.034304,0.055749,0.024631,0.119864,,1666000,,
1,3,,0.023142,0.100353,0.182035,0.321213,0.028292,0.103183,0.044934,0.031081,0.036754,0.129014,,1671400,,
1,1,,0.033772,0.281851,0.038042,0.016685,0.077183,0.060543,0.125748,0.09129,0.034829,0.240055,,1812500,,
1,3,,0.012139,0.203431,0.176724,0.228395,0.050582,0.07946,0.05197,0.083625,0.024411,0.089263,,1673900,,
1,1,,0.011073,0.377831,0.040583,0.03378,0.091055,0.043358,0.107886,0.074524,0.020096,0.199814,,1670400,,
1,1,,0.016086,0.377075,0.039406,0.057128,0.053097,0.053354,0.115515,0.065221,0.020251,0.202866,,1657600,,
1,2,,0.009572,0.156604,0.288639,0.096127,0.098495,0.084229,0.047808,0.092033,0.063337,0.063157,,1675900,,
1,3,,0.01972,0.121623,0.144088,0.260924,0.04908,0.138601,0.012138,0.065526,0.037735,0.150567,,2226700,,
1,1,,0.016626,0.275708,0.136344,0.172271,0.056691,0.079054,0.063586,0.053363,0.018324,0.128033,,1998300,,
1,1,,0.026768,0.276988,0.017908,0.02673,0.155764,0.006903,0.117235,0.153831,0.039571,0.178302,,1727700,,
1,2,,0.010316,0.170318,0.299294,0.253964,0.02126,0.064101,0.007335,0.06647,0.020867,0.086074,,1792600,,
1,1,,0.010224,0.467889,0.025635,0.021129,0.097008,0.008998,0.068596,0.104995,0.033993,0.161532,,1722600,,
1,7,,0.006594,0.167455,0.128189,0.031307,0.083438,0.072729,0.145653,0.194277,0.093098,0.077259,,1653500,,
1,1,,0.028522,0.31955,0.027019,0.025079,0.100901,0.008645,0.126049,0.118063,0.035383,0.210788,,1660100,,
1,7,,0.017025,0.157082,0.016119,0.004458,0.194436,0.012831,0.105702,0.228948,0.060686,0.202713,,1646400,,
1,1,,0.008049,0.466917,0.01572,0.027309,0.095232,0.016632,0.071608,0.115214,0.02498,0.158339,,1653700,,
1,1,,0.014676,0.457682,0.015887,0.019611,0.078039,0.009065,0.094487,0.114829,0.03098,0.164744,,1660600,,
1,9,,0.01197,0.211723,0.167609,0.124347,0.011579,0.132281,0.021016,0.030418,0.025795,0.263263,,1663900,,
1,3,,0.010525,0.124597,0.193161,0.319353,0.02376,0.07854,0.005345,0.074154,0.023018,0.147546,,1660800,,
1,1,,0.007317,0.31697,0.033918,0.009565,0.168659,0.061523,0.087766,0.134791,0.016992,0.162499,,1698000,,
1,2,,0.016724,0.135358,0.24824,0.126323,0.090792,0.065507,0.062604,0.095273,0.063879,0.0953,,1806500,,
1,1,,0.004327,0.380729,0.032026,0.019423,0.141571,0.006256,0.097251,0.112636,0.029398,0.176383,,1667500,,
1,1,,0.002039,0.396814,0.045445,0.025804,0.112407,0.013564,0.094602,0.128436,0.032443,0.148446,,1684400,,
1,2,,0.002108,0.174547,0.313426,0.11241,0.070987,0.064619,0.033884,0.121213,0.025494,0.081311,,1674300,,
1,1,,0.033661,0.292152,0.039389,0.016775,0.091678,0.054648,0.126059,0.080334,0.029395,0.235908,,1656400,,
1,2,,0.011242,0.206375,0.277412,0.141458,0.069891,0.071424,0.035664,0.070681,0.026459,0.089394,,1693200,,
1,1,,0.024511,0.441402,0.014067,0.02005,0.093981,0.020376,0.070548,0.112666,0.037786,0.164614,,1702700,,
1,1,,0.029497,0.46093,0.017862,0.01328,0.070611,0.023382,0.091765,0.104177,0.02799,0.160505,,1669300,,
1,1,,0.002064,0.402985,0.03313,0.027317,0.111348,0.020583,0.094946,0.139871,0.024729,0.143026,,1707300,,
1,1,,0.026019,0.255736,0.014247,0.022282,0.170863,0.007229,0.130373,0.140501,0.0265,0.206249,,1658400,,
1,1,,0.019254,0.354603,0.016783,0.013436,0.154003,0.002472,0.078961,0.142007,0.028532,0.189949,,1851300,,
1,1,,0.011045,0.346707,0.015086,0.04091,0.133983,0.01748,0.086055,0.126024,0.023487,0.199222,,1654900,,
1,1,,0.026666,0.459197,0.019891,0.021222,0.07538,0.016451,0.081396,0.109489,0.034083,0.156225,,1657800,,
1,1,,0.023752,0.353019,0.012934,0.028028,0.13963,0.004308,0.091711,0.129344,0.03003,0.187245,,1655200,,
1,1,,0.021752,0.462936,0.020506,0.016675,0.090752,0.005539,0.081202,0.10816,0.032268,0.160211,,1657200,,
1,2,,0.015333,0.139929,0.289381,0.149637,0.069891,0.074546,0.019265,0.0763,0.026481,0.139236,,1774700,,
1,9,,0.016294,0.133405,0.192773,0.164516,0.008555,0.111089,0.012361,0.042149,0.02041,0.298447,,1869000,,
1,1,,0.016763,0.38605,0.04292,0.022149,0.143527,0.008836,0.084968,0.107141,0.02588,0.161765,,1786200,,
1,1,,0.023338,0.35381,0.017576,0.023031,0.139261,0.008037,0.078482,0.136124,0.026558,0.193783,,1707700,,
1,9,,0.034158,0.081581,0.12022,0.141173,0.053868,0.112197,0.187633,0.051728,0.023479,0.193963,,1908600,,
1,2,,0.021847,0.119344,0.291462,0.097994,0.064458,0.084013,0.114896,0.070596,0.062535,0.072855,,1943400,,
1,1,,0.005966,0.233483,0.078544,0.129178,0.052476,0.122068,0.079411,0.10891,0.05502,0.134944,,1652500,,
1,1,,0.015966,0.218246,0.174003,0.211721,0.075301,0.068809,0.041898,0.087026,0.029406,0.077622,,1651800,,
1,2,,0.010223,0.176158,0.285198,0.217547,0.012694,0.086502,0.005351,0.075673,0.026139,0.104516,,1672300,,
1,1,,0.03079,0.432764,0.017862,0.0227,0.093225,0.009697,0.077351,0.112321,0.032966,0.170325,,1661100,,
1,3,,0.016544,0.118909,0.170844,0.301651,0.010443,0.095734,0.005879,0.073198,0.034952,0.171846,,1700800,,
1,1,,0.038593,0.219331,0.086993,0.144436,0.034029,0.119675,0.104108,0.078288,0.046641,0.127905,,1684800,,
1,9,,0.009163,0.156089,0.224497,0.057546,0.030983,0.115656,0.029763,0.030788,0.026259,0.319257,,1688200,,
1,1,,0.011396,0.246527,0.136749,0.220298,0.038663,0.075704,0.072081,0.048838,0.023815,0.125929,,1749100,,
1,2,,0.005658,0.099619,0.256623,0.090661,0.084936,0.054123,0.068324,0.15087,0.072707,0.116479,,1668300,,
1,1,,0.00938,0.276066,0.015512,0.022158,0.193835,0.011426,0.099261,0.154476,0.031767,0.186119,,1657300,,
1,1,,0.013879,0.248399,0.030087,0.015803,0.152516,0.018319,0.089757,0.157849,0.045962,0.227429,,1644500,,
1,1,,0.013343,0.256607,0.013827,0.023306,0.211092,0.009503,0.086647,0.157682,0.032942,0.195051,,1645200,,
1,1,,0.017739,0.46232,0.02174,0.019737,0.085784,0.008807,0.071467,0.117665,0.023121,0.171619,,1643600,,
1,2,,0.00387,0.186944,0.260064,0.203295,0.043396,0.106355,0.019682,0.071365,0.023549,0.081479,,1675300,,
1,2,,0.00621,0.175326,0.260991,0.226336,0.04127,0.104169,0.016436,0.060549,0.021958,0.086757,,1727200,,
1,1,,0.011666,0.23366,0.01363,0.023055,0.201104,0.008618,0.09435,0.200415,0.049609,0.163893,,1721700,,
1,1,,0.006547,0.380979,0.038239,0.012399,0.152493,0.022471,0.085956,0.114938,0.027126,0.158851,,1666000,,
1,1,,0.006971,0.272476,0.019584,0.006756,0.157635,0.007386,0.093927,0.134317,0.047845,0.253104,,1673400,,
1,1,,0.03941,0.26537,0.035857,0.018954,0.085009,0.063553,0.14005,0.112242,0.029565,0.209988,,1659000,,
1,9,,0.015761,0.131589,0.017222,0.007222,0.191882,0.010771,0.109053,0.222303,0.067976,0.226219,,1667700,,
1,1,,0.006454,0.386507,0.034337,0.012399,0.163132,0.024376,0.085956,0.11085,0.017277,0.158712,,1644100,,
1,1,,0.021659,0.45953,0.015249,0.025929,0.088744,0.01825,0.071502,0.10173,0.037861,0.159545,,1645300,,
1,1,,0.027886,0.26199,0.01363,0.027379,0.194444,0.009122,0.105851,0.135015,0.042391,0.182293,,1674500,,
1,1,,0.037189,0.420425,0.016725,0.026144,0.079683,0.008627,0.094034,0.113472,0.027643,0.176056,,1641300,,
1,1,,0.017334,0.256992,0.011852,0.016536,0.183641,0.009274,0.096695,0.156361,0.038434,0.21288,,1749100,,
1,1,,0.019133,0.466746,0.020506,0.016913,0.083847,0.005539,0.078106,0.11816,0.027982,0.163068,,1675900,,
1,2,,0.014452,0.229158,0.244144,0.19167,0.013002,0.091581,0.008301,0.054489,0.018964,0.134239,,1952500,,
1,2,,0.015681,0.209656,0.26205,0.181596,0.030358,0.083015,0.011495,0.07474,0.024181,0.107229,,1768700,,
1,1,,0.025835,0.458242,0.02174,0.022196,0.07271,0.008807,0.080883,0.109809,0.040212,0.159565,,1701900,,
1,4,,0.019115,0.094608,0.011815,0,0.229018,0.04141,0.138032,0.205809,0.076139,0.184055,,1661200,,
1,1,,0.018997,0.468107,0.020506,0.015246,0.085427,0.00522,0.071935,0.119139,0.031441,0.163982,,1727800,,
1,1,,0.028659,0.257494,0.039389,0.026622,0.089936,0.067153,0.128424,0.102728,0.037752,0.221843,,1698000,,
1,1,,0.025175,0.37088,0.013827,0.030882,0.130093,0.007537,0.10442,0.126412,0.017951,0.172825,,1654400,,
