pendigits,CWE,test,2,NANOSECONDS,PREDICTIONS, Generated by ClassifierExperiments.java on 2022-05-16 20:55:43.    SYSTEMPROPERTIES:{user.name:matth,os.arch:amd64,os.name:Windows 10},ENDSYSTEMPROPERTIES
No parameter info
0.6215356656065425,2349038600,3420063800,-1,84898600,10,,-1,-1
0,0,,0.507673,0.010205,0.013799,0.03589,0.038041,0.141818,0.005979,0.007212,0.227236,0.012147,,1763300,,
0,8,,0.094944,0.010035,0.065476,0.014466,0.091935,0.023404,0.224069,0.154665,0.292829,0.028176,,1554500,,
0,0,,0.403967,0.018568,0.023623,0.005515,0.075946,0.198412,0.01798,0.014758,0.227368,0.013863,,1551300,,
0,0,,0.468751,0.013289,0.02829,0.017959,0.030146,0.168748,0.009296,0.015163,0.237091,0.011266,,1550600,,
0,0,,0.492084,0.018821,0.023623,0.006324,0.030233,0.172211,0.012928,0.013359,0.222108,0.008309,,1551600,,
0,0,,0.32301,0.023437,0.036728,0.004597,0.053177,0.139021,0.037221,0.026548,0.308351,0.047909,,1552500,,
0,0,,0.362757,0.007062,0.018551,0.025163,0.035851,0.276479,0.00607,0.015412,0.239753,0.012903,,1584100,,
0,0,,0.46091,0.023681,0.016615,0.010268,0.051884,0.084036,0.084852,0.024499,0.153368,0.089886,,1553600,,
0,0,,0.320669,0.008339,0.043305,0.006963,0.040158,0.046212,0.199505,0.057024,0.21922,0.058605,,1552800,,
0,5,,0.269019,0.019641,0.0445,0.005309,0.035827,0.402573,0.02495,0.015998,0.157282,0.024901,,1551300,,
0,0,,0.387511,0.02612,0.04754,0.004069,0.013802,0.278643,0.026287,0.019174,0.186285,0.01057,,1546800,,
0,0,,0.476899,0.008414,0.017746,0.034713,0.040778,0.167363,0.030637,0.003752,0.211897,0.007801,,1551100,,
0,0,,0.323759,0.019027,0.038646,0.005432,0.057763,0.302772,0.02434,0.013894,0.200664,0.013702,,1548000,,
0,8,,0.082933,0.008115,0.040868,0.009243,0.077443,0.026441,0.209806,0.053039,0.47266,0.019452,,1561400,,
0,0,,0.515208,0.059862,0.00439,0.012103,0.026125,0.092281,0.037817,0.006451,0.199729,0.046035,,1551200,,
0,0,,0.578769,0.032084,0.009,0.004597,0.034492,0.041365,0.061549,0.020857,0.153126,0.064162,,1557500,,
0,0,,0.343952,0.026339,0.051199,0.005735,0.063,0.312853,0.037348,0.013045,0.138649,0.00788,,1548000,,
0,0,,0.480433,0.01565,0.03279,0.004121,0.032219,0.097671,0.043459,0.026148,0.257262,0.010247,,1518800,,
0,0,,0.471279,0.004283,0.018551,0.020136,0.035026,0.162449,0.008262,0.016784,0.256608,0.006622,,1516500,,
0,0,,0.321179,0.014595,0.035486,0.005202,0.076147,0.307387,0.055604,0.026041,0.148306,0.010053,,1518100,,
0,7,,0.009867,0.07023,0.098424,0.049927,0.106301,0.040822,0.18625,0.303615,0.069735,0.06483,,1525100,,
0,0,,0.553903,0.021927,0.029113,0.01883,0.030001,0.1368,0.007848,0.007245,0.173147,0.021187,,1521800,,
0,0,,0.377147,0.107863,0.02093,0.001404,0.050919,0.007688,0.061545,0.035909,0.308031,0.028564,,1520200,,
0,5,,0.207006,0.021653,0.032039,0.009557,0.066784,0.385946,0.069406,0.033647,0.165603,0.00836,,1517000,,
0,0,,0.362375,0.03257,0.015517,0.007438,0.039678,0.250375,0.100675,0.017811,0.111218,0.062344,,1520300,,
0,0,,0.450507,0.010229,0.03704,0.018768,0.046043,0.170288,0.011757,0.008299,0.237995,0.009074,,1543300,,
0,5,,0.303108,0.036524,0.029354,0.006271,0.074079,0.307795,0.063206,0.031365,0.125088,0.02321,,1518700,,
0,0,,0.502544,0.007668,0.023623,0.016435,0.039264,0.168809,0.010988,0.0061,0.217388,0.007181,,1506100,,
0,0,,0.483162,0.005611,0.014667,0.056863,0.032206,0.126562,0.061055,0.006223,0.207052,0.0066,,1508100,,
0,0,,0.328141,0.025311,0.03989,0.003614,0.080593,0.292753,0.05482,0.033395,0.128068,0.013414,,1506800,,
0,0,,0.5098,0.018523,0.000645,0.019287,0.041011,0.17971,0.031268,0.002846,0.135484,0.061426,,1510300,,
0,0,,0.518096,0.01705,0.012475,0.0598,0.030889,0.120822,0.040708,0.000705,0.189974,0.009481,,1508200,,
0,0,,0.335529,0.014912,0.042512,0.010221,0.058559,0.331394,0.037174,0.015163,0.1289,0.025637,,1510000,,
0,0,,0.422814,0.086876,0.031765,0.071304,0.048468,0.142223,0.004714,0.01587,0.141214,0.034752,,1516200,,
0,0,,0.435609,0.027109,0.02029,0.045931,0.041401,0.115343,0.10411,0.010408,0.176225,0.023573,,1510400,,
0,0,,0.510634,0.01033,0.02829,0.014668,0.03263,0.144294,0.01062,0.015323,0.223086,0.010125,,1525600,,
0,8,,0.124793,0.024101,0.066175,0.033431,0.053956,0.006454,0.156043,0.142889,0.353997,0.03816,,1522700,,
0,0,,0.286755,0.00846,0.011511,0.007161,0.088142,0.09123,0.151734,0.036631,0.272267,0.04611,,1510500,,
0,0,,0.442044,0.015465,0.035803,0.003614,0.022037,0.180012,0.031976,0.029184,0.201674,0.038192,,1510400,,
0,0,,0.409455,0.028475,0.051623,0.003768,0.05774,0.23614,0.036049,0.01493,0.132396,0.029424,,1506300,,
0,0,,0.545514,0.025826,0.012329,0.008741,0.048219,0.027553,0.080836,0.031981,0.145929,0.073072,,1513900,,
0,0,,0.449755,0.011787,0.036881,0.028914,0.049577,0.163042,0.011964,0.015855,0.219666,0.01256,,1507100,,
0,0,,0.457295,0.014779,0.039819,0.009768,0.021726,0.153083,0.022506,0.017991,0.25303,0.010003,,1508300,,
0,0,,0.439351,0.018121,0,0.026023,0.040334,0.290321,0.037966,0.002043,0.109703,0.036138,,1507600,,
0,0,,0.391184,0.024928,0.050957,0.003614,0.033166,0.312772,0.013552,0.017488,0.140969,0.011372,,1510500,,
0,0,,0.351658,0.010719,0.015517,0.009812,0.049896,0.271359,0.100751,0.017825,0.11909,0.053373,,1524900,,
0,0,,0.347972,0.026179,0.03311,0.006691,0.033357,0.297424,0.019578,0.020156,0.204466,0.011067,,1507900,,
0,0,,0.395029,0.100349,0.016119,0.001731,0.046581,0.205692,0.078506,0.030876,0.097217,0.027899,,1506400,,
0,0,,0.487486,0.009996,0.002258,0.04553,0.035977,0.130086,0.058556,0.006918,0.196199,0.026992,,1510600,,
0,0,,0.445057,0.016857,0.039819,0.009889,0.028859,0.164147,0.025415,0.017638,0.244903,0.007417,,1507500,,
0,0,,0.489557,0.014915,0.02829,0.014668,0.03263,0.160571,0.01062,0.015323,0.224132,0.009295,,1517500,,
0,0,,0.42885,0.018034,0.033486,0.014275,0.03983,0.175808,0.010017,0.003668,0.262258,0.013773,,1505900,,
0,8,,0.243661,0.012862,0.019624,0.007774,0.077283,0.039075,0.162053,0.0401,0.364157,0.033412,,1511600,,
0,5,,0.230525,0.016753,0.055155,0.005316,0.04364,0.426329,0.0274,0.019467,0.160593,0.014823,,1506400,,
0,0,,0.404826,0.010958,0.03704,0.019316,0.02982,0.321612,0.01075,0.008766,0.14872,0.008192,,1507500,,
0,1,,0.029296,0.192399,0.128525,0.097984,0.140193,0.075998,0.117136,0.12042,0.039236,0.058815,,1518200,,
0,0,,0.461476,0.0072,0.018551,0.024777,0.040985,0.176378,0.007896,0.014858,0.237962,0.009916,,1500300,,
0,0,,0.484399,0.007062,0.006481,0.057452,0.038546,0.113772,0.062428,0.008911,0.212827,0.008122,,1507400,,
0,5,,0.255408,0.023725,0.032598,0.008291,0.036517,0.411771,0.022023,0.017336,0.179933,0.0124,,1506600,,
0,7,,0.173063,0.062023,0.039265,0.03407,0.145431,0.048075,0.104009,0.189273,0.127289,0.077502,,1509000,,
0,0,,0.35165,0.010351,0.01125,0.011244,0.049606,0.228246,0.102971,0.025948,0.155759,0.052975,,1507200,,
0,0,,0.43145,0.018002,0.050512,0.003959,0.020023,0.289702,0.019759,0.014332,0.140501,0.011759,,1504900,,
0,0,,0.361486,0.012561,0.008784,0.008091,0.086995,0.087415,0.110576,0.022615,0.253061,0.048416,,1510200,,
0,0,,0.347136,0.022399,0.03282,0.007432,0.034467,0.317823,0.02086,0.016103,0.174984,0.025976,,1506800,,
0,0,,0.297611,0.026624,0.020571,0.007309,0.070443,0.260794,0.078158,0.023949,0.129592,0.084949,,1511900,,
0,8,,0.297727,0.014857,0.033402,0.007232,0.051458,0.165876,0.050499,0.027529,0.331519,0.0199,,1531800,,
0,5,,0.319041,0.022641,0.050778,0.004102,0.03585,0.340462,0.014646,0.015332,0.183233,0.013915,,1510000,,
0,0,,0.383486,0.032242,0.010588,0.003025,0.037397,0.070035,0.100022,0.02349,0.245514,0.094201,,1504400,,
0,5,,0.266439,0.020745,0.044664,0.004649,0.083569,0.341694,0.043305,0.015985,0.164239,0.01471,,1506200,,
0,5,,0.310078,0.028098,0.04754,0.004544,0.060587,0.345588,0.039384,0.020272,0.133867,0.010042,,1507200,,
0,0,,0.341322,0.026508,0.04754,0.004,0.02478,0.227915,0.022947,0.021668,0.271904,0.011417,,1507300,,
0,0,,0.495552,0.017914,0.029113,0.015284,0.02794,0.173957,0.012453,0.007095,0.212581,0.008111,,1507400,,
0,0,,0.512179,0.02292,0.004118,0.010698,0.033197,0.143098,0.032323,0.015906,0.190334,0.035228,,1506300,,
0,0,,0.467038,0.021087,0.042658,0.007988,0.03124,0.14778,0.014765,0.008973,0.25077,0.0077,,1505000,,
0,5,,0.29854,0.021697,0.012765,0.060135,0.033567,0.367098,0.00879,0.002158,0.185411,0.009838,,1507700,,
0,8,,0.274261,0.013991,0.015468,0.007333,0.064899,0.081495,0.186217,0.028266,0.281728,0.046343,,1521600,,
0,0,,0.474059,0.007661,0.01981,0.060742,0.026267,0.141402,0.029479,0.011403,0.219189,0.009987,,1503500,,
0,0,,0.303155,0.029352,0.036877,0.004808,0.046503,0.295654,0.047734,0.024401,0.195002,0.016512,,1508600,,
0,0,,0.455829,0.027604,0.016119,0.020511,0.050857,0.108038,0.073862,0.022584,0.173831,0.050764,,1504800,,
0,0,,0.464699,0.006345,0.018036,0.033341,0.036067,0.177569,0.011279,0.003872,0.24219,0.006602,,1510400,,
0,0,,0.335277,0.018926,0.05029,0.004355,0.053817,0.319419,0.0273,0.014759,0.143291,0.032567,,1497300,,
0,0,,0.492939,0.021096,0.042658,0.008039,0.03734,0.142891,0.012236,0.008907,0.22592,0.007974,,1506300,,
0,0,,0.362085,0.019861,0.048299,0.005984,0.110019,0.163758,0.054031,0.021494,0.203739,0.010729,,1507200,,
0,0,,0.491181,0.013085,0.013799,0.036296,0.037841,0.148253,0.007605,0.006968,0.232214,0.012757,,1509000,,
0,0,,0.501268,0.011025,0.006771,0.060022,0.038357,0.141755,0.008249,0.00337,0.220217,0.008966,,1503500,,
0,0,,0.357774,0.04368,0.016615,0.00658,0.039118,0.255352,0.08616,0.024277,0.097217,0.073227,,1526100,,
0,5,,0.305919,0.019507,0.048095,0.003971,0.022702,0.374504,0.020027,0.01707,0.178157,0.010048,,1506900,,
0,0,,0.488673,0.018789,0.023623,0.005911,0.021879,0.16185,0.010107,0.01373,0.246193,0.009244,,1503400,,
0,0,,0.450031,0.015669,0.029113,0.016716,0.041534,0.192444,0.012652,0.006637,0.226043,0.009161,,1506700,,
0,0,,0.395844,0.01833,0.040968,0.009559,0.058555,0.188481,0.036905,0.010679,0.222348,0.018331,,1509600,,
0,8,,0.225306,0.031829,0.075905,0.051262,0.052583,0.014408,0.136318,0.076625,0.303416,0.032348,,1520900,,
0,0,,0.348212,0.041326,0.016701,0.002616,0.07213,0.069011,0.081287,0.029808,0.274888,0.064022,,1515400,,
0,0,,0.365223,0.02001,0.040994,0.009559,0.035606,0.321646,0.02645,0.011357,0.154606,0.014547,,1510900,,
0,0,,0.397709,0.013721,0.039819,0.008926,0.068325,0.192097,0.02611,0.018719,0.21767,0.016904,,1508000,,
0,0,,0.456439,0.005648,0.012846,0.046406,0.047486,0.110026,0.098669,0.011505,0.179934,0.031041,,1505300,,
0,0,,0.502224,0.014686,0.01335,0.067335,0.034681,0.118609,0.040417,0.000335,0.1988,0.009564,,1513400,,
0,5,,0.289974,0.01357,0.007161,0.00564,0.067044,0.299505,0.128816,0.026738,0.150505,0.011049,,1509700,,
0,6,,0.017031,0.020061,0.07142,0.024899,0.101514,0.011444,0.287517,0.282437,0.143019,0.040657,,1513700,,
0,0,,0.348544,0.032364,0.016615,0.018867,0.048829,0.248669,0.084783,0.024224,0.114531,0.062575,,1507300,,
0,0,,0.507225,0.020826,0.012475,0.05988,0.029499,0.134475,0.030596,0.000545,0.196631,0.007849,,1506900,,
0,0,,0.493906,0.009479,0.014957,0.060742,0.029045,0.154618,0.005359,0.001697,0.221321,0.008876,,1517600,,
0,0,,0.32238,0.040466,0.028033,0.009791,0.052503,0.192359,0.057331,0.051102,0.151347,0.094689,,1512800,,
0,0,,0.513859,0.019179,0.005736,0.061641,0.04482,0.110636,0.037864,0.001051,0.191643,0.013572,,1505900,,
0,0,,0.442529,0.00686,0,0.027876,0.034998,0.281464,0.04076,0.000866,0.139966,0.02468,,1510500,,
0,0,,0.504757,0.009864,0.013799,0.033577,0.038557,0.164301,0.010411,0.007365,0.207652,0.009717,,1509000,,
0,8,,0.159244,0.016039,0.039549,0.013258,0.04202,0.014404,0.196409,0.078107,0.406303,0.034668,,1540900,,
0,8,,0.300339,0.011371,0.004294,0.007901,0.102662,0.083457,0.110766,0.024127,0.30416,0.050922,,1507600,,
0,8,,0.197468,0.010675,0.01198,0.00816,0.099995,0.072894,0.12947,0.049659,0.375799,0.043899,,1511600,,
0,0,,0.449051,0.008569,0.023623,0.021703,0.052024,0.196013,0.006772,0.006434,0.222202,0.013609,,1506100,,
0,0,,0.490986,0.017507,0.001667,0.054479,0.030482,0.192121,0.038294,0.002181,0.145334,0.026949,,1511000,,
0,0,,0.493344,0.019193,0,0.013069,0.047956,0.094627,0.067974,0.015232,0.2026,0.046005,,1508500,,
0,5,,0.300451,0.022638,0.05029,0.004355,0.06304,0.343344,0.028648,0.014293,0.158704,0.014238,,1510200,,
0,0,,0.506665,0.029421,0.00439,0.012292,0.030074,0.134351,0.041359,0.004602,0.191255,0.045592,,1508200,,
0,0,,0.468647,0.011859,0.013799,0.032219,0.041884,0.144522,0.011568,0.007373,0.261457,0.006672,,1507300,,
0,0,,0.352377,0.032279,0.012329,0.010615,0.045352,0.218671,0.079949,0.034643,0.14593,0.067855,,1528300,,
0,0,,0.355215,0.040613,0.00973,0.00639,0.042006,0.236815,0.082738,0.028391,0.110781,0.087322,,1507600,,
0,0,,0.421998,0.025676,0.001636,0.058786,0.035403,0.317901,0.007914,0.00332,0.110493,0.016874,,1504900,,
0,0,,0.420231,0.020902,0.042973,0.004567,0.030297,0.308952,0.021826,0.006634,0.120771,0.022847,,1508000,,
0,6,,0.013202,0.039524,0.07119,0.044592,0.121259,0.01438,0.235329,0.232477,0.182126,0.04592,,1503100,,
0,0,,0.441645,0.019656,0.024146,0.005591,0.06448,0.058754,0.080934,0.025066,0.170326,0.109401,,1514800,,
0,5,,0.287419,0.018881,0.040772,0.003832,0.065738,0.358076,0.025885,0.013429,0.164271,0.021697,,1506000,,
0,0,,0.491177,0.013257,0.03704,0.018649,0.029514,0.174806,0.010736,0.00826,0.207747,0.008815,,1516400,,
0,0,,0.443259,0.02471,0.051199,0.00417,0.029923,0.233108,0.019908,0.017322,0.152411,0.023989,,1512000,,
0,0,,0.46991,0.007463,0.011258,0.044604,0.046731,0.12143,0.063831,0.01037,0.198123,0.026279,,1512800,,
0,0,,0.484407,0.015985,0,0.021931,0.039299,0.150606,0.043011,0.001277,0.186254,0.057231,,1536900,,
0,8,,0.239387,0.009472,0.019145,0.00728,0.076082,0.021722,0.240834,0.0509,0.312996,0.022182,,1518400,,
0,0,,0.467382,0.026811,0.019825,0.012288,0.027288,0.15589,0.012557,0.011439,0.25652,0.01,,1511700,,
0,0,,0.370458,0.017329,0.00925,0.066933,0.036239,0.298768,0.011594,0.001469,0.176828,0.011132,,1510600,,
0,0,,0.522464,0.00726,0.023623,0.017087,0.041681,0.147906,0.009061,0.006568,0.215507,0.008842,,1508300,,
0,0,,0.374617,0.013267,0.039819,0.014501,0.04399,0.211075,0.027086,0.018127,0.216836,0.040682,,1507600,,
0,0,,0.500864,0.02038,0.002258,0.059237,0.03329,0.148019,0.02173,0.002841,0.201238,0.010142,,1507200,,
0,7,,0.025825,0.04857,0.116103,0.044997,0.195631,0.033332,0.173423,0.224724,0.081266,0.056129,,1512800,,
0,0,,0.34448,0.028522,0,0.019433,0.031074,0.295174,0.056581,0.027473,0.14627,0.050993,,1514800,,
0,6,,0.019167,0.012741,0.066898,0.010084,0.14576,0.018062,0.274993,0.218514,0.190534,0.043247,,1517000,,
0,5,,0.248538,0.014914,0.042512,0.009271,0.04805,0.423324,0.023384,0.013288,0.163896,0.012824,,1569100,,
0,0,,0.336996,0.054601,0.053819,0.052561,0.074858,0.030664,0.008192,0.03882,0.235181,0.114308,,1511900,,
0,0,,0.468662,0.009873,0.036881,0.023635,0.024731,0.162582,0.012317,0.015737,0.235902,0.009681,,1513600,,
0,0,,0.356886,0.038216,0.025312,0.00639,0.061947,0.04431,0.036726,0.079278,0.246255,0.10468,,1509900,,
0,0,,0.518609,0.005142,0.018036,0.033422,0.035905,0.155121,0.009784,0.004057,0.209246,0.010677,,1507900,,
0,0,,0.476501,0.059718,0.013333,0.01233,0.03659,0.141308,0.071813,0.020931,0.119259,0.048217,,1512000,,
0,0,,0.383426,0.022576,0.001636,0.063595,0.04369,0.103138,0.009642,0.002865,0.321242,0.048191,,1510000,,
0,0,,0.461882,0.00892,0.023623,0.015626,0.041304,0.200848,0.011425,0.007134,0.210612,0.018626,,1510200,,
0,0,,0.462355,0.012628,0.010715,0.050839,0.034852,0.173409,0.005548,0.005721,0.231398,0.012534,,1509500,,
0,0,,0.368652,0.02315,0.042973,0.004544,0.047549,0.284522,0.015151,0.009894,0.191642,0.011923,,1519000,,
0,0,,0.481652,0.012153,0.03704,0.02084,0.037399,0.175775,0.010702,0.00856,0.2079,0.007979,,1523700,,
0,0,,0.355449,0.02212,0.012765,0.060509,0.029671,0.319201,0.009925,0.001993,0.178723,0.009644,,1519900,,
0,0,,0.391881,0.027049,0.0445,0.003614,0.028441,0.314682,0.020561,0.017569,0.141366,0.010336,,1523500,,
0,0,,0.472763,0.015448,0.013799,0.035758,0.0432,0.168581,0.00658,0.008436,0.224968,0.010468,,1521500,,
0,0,,0.430994,0.021431,0.042658,0.007298,0.032859,0.177998,0.009928,0.011571,0.256147,0.009115,,1519300,,
0,0,,0.269807,0.0073,0.023199,0.008754,0.079484,0.054579,0.18455,0.061692,0.259671,0.050963,,1513100,,
0,8,,0.368701,0.016395,0.005063,0.042475,0.036563,0.100804,0.006133,0.004292,0.397966,0.021607,,1532600,,
0,0,,0.403694,0.019522,0.036728,0.003614,0.070173,0.230003,0.034507,0.025717,0.151292,0.024751,,1530500,,
0,0,,0.453954,0.012084,0.042512,0.009646,0.03519,0.181587,0.023975,0.012528,0.218316,0.010209,,1523000,,
0,0,,0.490261,0.00642,0.006774,0.063472,0.037679,0.126842,0.039761,0.003635,0.212497,0.01266,,1522300,,
0,0,,0.454504,0.021828,0.051199,0.003614,0.016016,0.179698,0.019821,0.014271,0.229928,0.009122,,1581200,,
0,0,,0.351976,0.012748,0.036881,0.027993,0.035877,0.338458,0.008645,0.015921,0.158509,0.012992,,1531700,,
0,0,,0.454291,0.014051,0.03704,0.017971,0.033892,0.201748,0.008076,0.007915,0.206261,0.018756,,1519400,,
0,5,,0.269187,0.015514,0.038646,0.004826,0.047008,0.388518,0.021334,0.011965,0.193521,0.00948,,1520800,,
0,0,,0.432023,0.025574,0,0.004599,0.041013,0.087707,0.05832,0.033053,0.231777,0.085934,,1525100,,
0,4,,0.016902,0.103349,0.079783,0.081712,0.180376,0.080401,0.151161,0.177667,0.031248,0.097402,,1528200,,
0,0,,0.362674,0.021886,0.055914,0.003796,0.100076,0.169001,0.050335,0.015826,0.206722,0.013771,,1528100,,
0,0,,0.498088,0.017515,0.00896,0.068861,0.030776,0.139228,0.019422,0.001564,0.205195,0.010391,,1525500,,
0,0,,0.451481,0.02031,0.003118,0.05922,0.036987,0.185888,0.012882,0.001688,0.183182,0.045243,,1519100,,
0,5,,0.30179,0.025165,0.051199,0.003818,0.08212,0.312272,0.038684,0.015649,0.154291,0.015012,,1529200,,
0,0,,0.530952,0.004452,0.025391,0.053584,0.035984,0.105323,0.018947,0.016025,0.202912,0.006429,,1549100,,
0,0,,0.532694,0.020697,0.014258,0.054032,0.030585,0.113039,0.018958,0.014963,0.193475,0.007298,,1519300,,
0,0,,0.467946,0.010929,0.013415,0.038781,0.030797,0.170005,0.009313,0.005546,0.244857,0.00841,,1520500,,
0,0,,0.395562,0.023469,0.042973,0.005691,0.025646,0.33166,0.022706,0.007529,0.129863,0.014902,,1524300,,
0,0,,0.377275,0.020756,0.004711,0.050679,0.023665,0.248928,0.008915,0.001969,0.246665,0.016437,,1516700,,
0,0,,0.319036,0.021082,0.051699,0.003614,0.032089,0.276023,0.019215,0.014748,0.247683,0.014811,,1523300,,
0,8,,0.220024,0.007699,0.051013,0.019932,0.079562,0.012673,0.18411,0.070194,0.270635,0.084158,,1520400,,
0,0,,0.387198,0.026839,0.019825,0.011459,0.033361,0.333022,0.017141,0.009245,0.153903,0.008007,,1520600,,
0,0,,0.378661,0.018386,0.0445,0.004484,0.019147,0.31531,0.025173,0.015949,0.167348,0.011042,,1557400,,
0,0,,0.48569,0.011312,0.039819,0.010661,0.031631,0.154452,0.022968,0.018289,0.215173,0.010006,,1531500,,
0,0,,0.49291,0.014443,0.003962,0.066868,0.032845,0.127085,0.037514,0.001118,0.203513,0.019742,,1553000,,
0,0,,0.464073,0.019459,0,0.017757,0.054436,0.1524,0.055692,0.026205,0.13647,0.07351,,1518000,,
0,5,,0.280555,0.01931,0.048095,0.003614,0.014362,0.405132,0.01771,0.019233,0.171945,0.020043,,1520900,,
0,0,,0.385993,0.016233,0.039819,0.010718,0.023141,0.297649,0.020532,0.019797,0.17805,0.008069,,1517400,,
0,5,,0.279329,0.019624,0.052768,0.011986,0.069181,0.296679,0.053781,0.023689,0.179503,0.013459,,1526200,,
0,0,,0.477584,0.016948,0.013508,0.043104,0.034772,0.123319,0.02953,0.012566,0.221938,0.026732,,1519300,,
0,0,,0.441323,0.027331,0.04754,0.003614,0.052863,0.125297,0.031423,0.020868,0.237157,0.012584,,1521400,,
0,0,,0.469139,0.029844,0.019825,0.010543,0.022492,0.186472,0.011391,0.011138,0.230857,0.008299,,1525300,,
0,0,,0.510641,0.002347,0,0.033959,0.044482,0.095618,0.056059,0.024358,0.200104,0.03243,,1534600,,
0,0,,0.489478,0.011339,0.036881,0.023859,0.03381,0.160241,0.012579,0.015233,0.209228,0.007352,,1528900,,
0,0,,0.44689,0.014862,0.055155,0.005316,0.028035,0.14834,0.030275,0.018676,0.215647,0.036803,,1543200,,
0,0,,0.40273,0.013139,0.039819,0.010258,0.04561,0.214955,0.025117,0.018165,0.217502,0.012704,,1551100,,
0,0,,0.390433,0.011658,0.037103,0.029127,0.03814,0.289474,0.008363,0.015595,0.16841,0.011697,,1516100,,
0,0,,0.504902,0.019708,0.012765,0.065521,0.027878,0.150037,0.005359,0.001697,0.201016,0.011115,,1516900,,
0,0,,0.392707,0.016777,0.036059,0.005223,0.016441,0.085024,0.030614,0.032006,0.374478,0.01067,,1523100,,
0,0,,0.171137,0.082128,0.028868,0.059656,0.107573,0.025154,0.113818,0.166189,0.161761,0.083716,,1517800,,
0,8,,0.248997,0.016913,0.031056,0.008059,0.057527,0.110439,0.079051,0.023678,0.414743,0.009537,,1517300,,
0,0,,0.524127,0.012385,0.015962,0.066868,0.030498,0.112163,0.015764,0.013118,0.188872,0.020242,,1521600,,
0,0,,0.478773,0.02493,0.019825,0.013459,0.026574,0.156252,0.014724,0.009471,0.247144,0.008848,,1517900,,
0,5,,0.248321,0.024835,0.032598,0.008769,0.052577,0.401985,0.022334,0.017774,0.181536,0.009271,,1529000,,
0,0,,0.491528,0.012587,0.001667,0.054023,0.03391,0.138598,0.033041,0.01377,0.19822,0.022656,,1553100,,
0,0,,0.394712,0.036622,0.034976,0.005945,0.082019,0.013393,0.026289,0.047218,0.279998,0.078828,,1520200,,
0,0,,0.490386,0.022966,0.042973,0.004919,0.023784,0.127437,0.016799,0.009811,0.228744,0.032182,,1520400,,
0,0,,0.496823,0.0079,0.014723,0.071306,0.035187,0.145237,0.006127,0.003096,0.208991,0.010611,,1517400,,
0,8,,0.29615,0.057551,0.028033,0.002445,0.057051,0.010085,0.062207,0.04892,0.369243,0.068317,,1517200,,
0,0,,0.508189,0.018776,0.033974,0.008432,0.024836,0.152666,0.008593,0.003334,0.232939,0.008261,,1516100,,
0,0,,0.364135,0.018388,0.055155,0.004069,0.037501,0.317079,0.025956,0.018785,0.147616,0.011316,,1525800,,
0,0,,0.363214,0.024469,0.040674,0.005051,0.039187,0.205185,0.049283,0.019742,0.21987,0.033324,,1528000,,
0,0,,0.4965,0.007591,0.024111,0.015769,0.043449,0.154588,0.005706,0.007076,0.23666,0.00855,,1516200,,
0,0,,0.480631,0.004346,0.018036,0.036507,0.03383,0.164244,0.007054,0.004307,0.239939,0.011105,,1938600,,
0,0,,0.407713,0.015063,0.048095,0.003832,0.046851,0.190079,0.019282,0.019812,0.236275,0.012997,,2755400,,
0,0,,0.307308,0.025357,0.026444,0.003971,0.045677,0.29302,0.06278,0.019503,0.198456,0.017484,,2737700,,
0,0,,0.502979,0.019186,0.042658,0.010067,0.025334,0.153309,0.012087,0.009225,0.216551,0.008604,,2733900,,
0,0,,0.365115,0.106584,0.036964,0.005945,0.054394,0.007639,0.032543,0.058571,0.301072,0.031172,,2744700,,
0,0,,0.503165,0.024155,0.002548,0.058922,0.03008,0.158416,0.006127,0.003911,0.20417,0.008507,,2732300,,
0,5,,0.329661,0.018766,0.038646,0.005475,0.028899,0.353635,0.018529,0.013579,0.181249,0.011561,,2452600,,
0,0,,0.325597,0.022863,0.032598,0.007644,0.056751,0.302861,0.025434,0.016501,0.188819,0.020933,,1502700,,
0,0,,0.402322,0.032439,0.04754,0.003614,0.016089,0.130036,0.024728,0.021427,0.284296,0.03751,,1503800,,
0,0,,0.480085,0.012185,0.037262,0.021333,0.030602,0.180111,0.009178,0.009107,0.208822,0.011315,,1494800,,
0,0,,0.398854,0.035995,0.026957,0.003855,0.035419,0.165318,0.039431,0.031549,0.221704,0.040918,,1497800,,
0,0,,0.373607,0.011114,0.018922,0.007212,0.067144,0.03504,0.166828,0.034255,0.240961,0.044917,,1504100,,
0,0,,0.385413,0.022061,0.013978,0.007236,0.043009,0.265821,0.06429,0.025173,0.101668,0.071352,,1497100,,
0,5,,0.289075,0.024216,0.042113,0.007049,0.068847,0.328402,0.067788,0.036116,0.128135,0.008259,,1500000,,
0,0,,0.49663,0.02614,0.019825,0.011692,0.022936,0.174034,0.012338,0.00957,0.214578,0.012257,,1508000,,
0,0,,0.490198,0.016178,0.010715,0.044724,0.034579,0.155913,0.009207,0.006479,0.225484,0.006523,,1538900,,
0,5,,0.304496,0.022213,0.0445,0.004725,0.022761,0.396045,0.021067,0.016058,0.157846,0.010289,,1514200,,
0,0,,0.493219,0.013054,0.00896,0.067319,0.028639,0.112385,0.06218,0.006331,0.197999,0.009914,,1508500,,
0,0,,0.391118,0.010515,0.013283,0.006372,0.046071,0.070938,0.058282,0.021477,0.252777,0.129167,,1501900,,
0,0,,0.489421,0.017668,0.029113,0.015737,0.03057,0.175885,0.012305,0.006405,0.212905,0.009989,,1495500,,
0,8,,0.105356,0.009135,0.062798,0.012405,0.056028,0.024431,0.228463,0.132284,0.33048,0.03862,,1504000,,
0,0,,0.438533,0.012124,0.039819,0.009118,0.038013,0.187256,0.024042,0.018637,0.221601,0.010857,,1503700,,
0,0,,0.484296,0.0077,0.011624,0.05936,0.038283,0.121274,0.034275,0.013106,0.22202,0.008062,,1503600,,
0,5,,0.253793,0.01657,0.044948,0.009559,0.085694,0.327383,0.088902,0.010235,0.142885,0.020031,,1507200,,
0,0,,0.390316,0.022549,0.040772,0.003614,0.021077,0.331288,0.026046,0.011556,0.141637,0.011146,,1505500,,
0,0,,0.450586,0.021878,0.036728,0.004406,0.031949,0.160404,0.031913,0.022865,0.22581,0.01346,,1528200,,
1,2,,0.019934,0.207316,0.292272,0.128162,0.030606,0.075653,0.051768,0.072009,0.036905,0.085377,,1508200,,
1,9,,0.016431,0.202233,0.027259,0.047408,0.196773,0.020657,0.094441,0.15378,0.025734,0.215283,,1528000,,
1,2,,0.020695,0.156561,0.276014,0.148914,0.058497,0.085917,0.047893,0.076742,0.042351,0.086415,,1505300,,
1,1,,0.023606,0.417524,0.036801,0.03011,0.090952,0.01508,0.071494,0.131203,0.025773,0.157457,,1506800,,
1,1,,0.014978,0.462372,0.030897,0.034358,0.084367,0.021751,0.068632,0.116435,0.01989,0.146321,,1494600,,
1,2,,0.036537,0.218436,0.247612,0.157502,0.030958,0.082779,0.005767,0.060098,0.035775,0.124535,,1505500,,
1,1,,0.015776,0.456448,0.037476,0.031468,0.087104,0.028638,0.069829,0.111302,0.021657,0.140301,,1496200,,
1,1,,0.021007,0.28174,0.041322,0.012842,0.1138,0.041939,0.10862,0.128009,0.034154,0.216568,,1498700,,
1,1,,0.018111,0.291337,0.026004,0.03816,0.157437,0.017456,0.080678,0.145849,0.030073,0.194894,,1506600,,
1,2,,0.024888,0.232787,0.263617,0.12961,0.035861,0.085269,0.040197,0.060703,0.036319,0.09075,,1514800,,
1,1,,0.027071,0.271999,0.042534,0.035076,0.120342,0.08126,0.106113,0.096365,0.028952,0.19029,,1495900,,
1,2,,0.012551,0.176696,0.309471,0.141408,0.06007,0.086511,0.048322,0.063714,0.027939,0.073318,,1513800,,
1,1,,0.013389,0.301043,0.028679,0.041785,0.162155,0.027168,0.072574,0.144533,0.016129,0.192545,,1512600,,
1,1,,0.016991,0.331808,0.026333,0.042673,0.141752,0.015755,0.084819,0.139433,0.022281,0.178153,,1495000,,
1,1,,0.011052,0.380718,0.029984,0.052603,0.134233,0.026452,0.092316,0.108128,0.020592,0.143922,,1494800,,
1,3,,0.040638,0.10695,0.195358,0.273941,0.033735,0.128663,0.006749,0.055941,0.034788,0.123236,,1497900,,
1,1,,0.022924,0.382311,0.059439,0.03218,0.068097,0.055996,0.11426,0.069685,0.024797,0.170311,,1514000,,
1,1,,0.030233,0.240652,0.150632,0.146791,0.043564,0.098873,0.011156,0.036452,0.031004,0.210642,,1510200,,
1,1,,0.024167,0.407564,0.039269,0.033968,0.094504,0.020155,0.071196,0.115122,0.023623,0.170431,,1506300,,
1,3,,0.030947,0.163692,0.181791,0.262899,0.017336,0.098847,0.022325,0.052198,0.039596,0.130368,,1533200,,
1,2,,0.036054,0.146518,0.281217,0.215955,0.023901,0.102326,0.00898,0.078881,0.025807,0.080363,,1496100,,
1,1,,0.02482,0.264401,0.082922,0.02516,0.06629,0.101509,0.106295,0.105159,0.028427,0.195017,,1500300,,
1,1,,0.0165,0.451295,0.04706,0.043725,0.091347,0.018549,0.069473,0.099744,0.023224,0.139083,,1537500,,
1,1,,0.015767,0.450101,0.022386,0.047528,0.089351,0.037529,0.07349,0.09745,0.023288,0.143109,,1511600,,
1,3,,0.026799,0.191211,0.177976,0.225994,0.057193,0.08664,0.051715,0.069849,0.04291,0.069714,,1498300,,
1,1,,0.018387,0.455181,0.029036,0.049318,0.080642,0.014644,0.074607,0.115249,0.02611,0.136827,,1500500,,
1,1,,0.034317,0.218187,0.032871,0.037912,0.1609,0.014208,0.103351,0.161436,0.03593,0.200889,,1512400,,
1,1,,0.024593,0.328484,0.023271,0.022293,0.100037,0.022586,0.123688,0.117346,0.031687,0.206014,,1502700,,
1,1,,0.036209,0.289703,0.047504,0.04984,0.078835,0.06138,0.111608,0.074018,0.035117,0.215787,,1497900,,
1,2,,0.040551,0.147767,0.299342,0.203947,0.020688,0.100206,0.003464,0.076367,0.034731,0.072938,,1510100,,
1,9,,0.021198,0.213709,0.023704,0.034245,0.194524,0.020551,0.089043,0.1519,0.02974,0.221387,,1503400,,
1,1,,0.011714,0.447808,0.023512,0.036693,0.081511,0.045321,0.072862,0.120651,0.021016,0.138911,,1500800,,
1,2,,0.003287,0.158232,0.266794,0.106835,0.049459,0.094477,0.056541,0.100257,0.07538,0.088739,,1508800,,
1,1,,0.038413,0.295729,0.046614,0.016965,0.120308,0.009001,0.139108,0.14513,0.038708,0.150024,,1511300,,
1,1,,0.020963,0.22074,0.163151,0.205481,0.04318,0.090557,0.01374,0.023656,0.027989,0.190542,,1508200,,
1,3,,0.047959,0.162815,0.165163,0.245812,0.029674,0.104682,0.010308,0.069256,0.035701,0.12863,,1512900,,
1,1,,0.029546,0.250185,0.223568,0.141123,0.035837,0.105554,0.017228,0.051847,0.041824,0.10329,,1508700,,
1,3,,0.01906,0.114683,0.148155,0.312382,0.029837,0.120182,0.010249,0.03466,0.031769,0.179024,,1492900,,
1,1,,0.018227,0.463456,0.023756,0.041016,0.081236,0.020919,0.075067,0.112788,0.028022,0.135513,,1506300,,
1,1,,0.030257,0.26765,0.236818,0.169825,0.028214,0.096772,0.013301,0.034071,0.023535,0.099558,,1525700,,
1,2,,0.021659,0.15447,0.229563,0.122102,0.05728,0.059145,0.081374,0.115338,0.068481,0.090587,,1550500,,
1,1,,0.012109,0.36626,0.022378,0.022984,0.120892,0.013438,0.099571,0.121909,0.031262,0.189198,,1499800,,
1,4,,0.025029,0.192173,0.025868,0.042379,0.215581,0.017437,0.10614,0.139315,0.024052,0.212025,,1596800,,
1,3,,0.024105,0.134489,0.099796,0.311931,0.039076,0.094833,0.012145,0.020084,0.037232,0.226308,,1523500,,
1,3,,0.019241,0.090394,0.211213,0.276711,0.022284,0.127312,0.031311,0.0715,0.033977,0.116057,,1514300,,
1,2,,0.008892,0.17111,0.277105,0.108732,0.05728,0.072584,0.060108,0.115778,0.048114,0.080297,,1512200,,
1,1,,0.020794,0.224449,0.148411,0.171758,0.066988,0.063624,0.080138,0.070571,0.037741,0.115527,,1513800,,
1,2,,0.029553,0.161755,0.290881,0.124934,0.061208,0.074917,0.028574,0.089883,0.05732,0.080974,,1510500,,
1,1,,0.02185,0.225238,0.149554,0.176206,0.065632,0.077159,0.079052,0.059819,0.03835,0.107141,,1503200,,
1,2,,0.008292,0.144993,0.228923,0.107452,0.039628,0.062115,0.071221,0.16425,0.083997,0.089129,,1506500,,
1,1,,0.021196,0.303224,0.034203,0.014153,0.130547,0.02274,0.102906,0.140524,0.028692,0.201814,,1519900,,
1,1,,0.034871,0.209759,0.029138,0.023251,0.209696,0.017569,0.112017,0.145877,0.039956,0.177867,,1508700,,
1,1,,0.01255,0.455735,0.037757,0.025473,0.082773,0.035878,0.073167,0.129154,0.014217,0.133295,,1516900,,
1,1,,0.016481,0.332924,0.027078,0.023188,0.152089,0.032448,0.082702,0.157335,0.011585,0.16417,,1514700,,
1,1,,0.019043,0.273389,0.045373,0.023776,0.104944,0.062128,0.111342,0.104052,0.033379,0.222574,,1519600,,
1,2,,0.038289,0.049058,0.1828,0.14983,0.030488,0.083606,0.155891,0.149812,0.073876,0.08635,,1514600,,
1,1,,0.033153,0.220023,0.196649,0.130584,0.03942,0.090146,0.009612,0.037888,0.053507,0.189018,,1521600,,
1,2,,0.027792,0.131326,0.277716,0.191287,0.018417,0.131241,0.017397,0.065838,0.021178,0.117808,,1511200,,
1,3,,0.018171,0.165496,0.115223,0.166293,0.064599,0.103576,0.099303,0.110172,0.030818,0.126348,,1516100,,
1,1,,0.020093,0.233827,0.028079,0.041283,0.168748,0.020619,0.101503,0.168426,0.033215,0.184207,,1533100,,
1,1,,0.010517,0.38384,0.062802,0.043473,0.11828,0.021885,0.097504,0.106999,0.022616,0.132083,,1506100,,
1,2,,0.020107,0.164678,0.304027,0.173546,0.026055,0.10702,0.015504,0.050155,0.032795,0.106115,,1511000,,
1,2,,0.019025,0.146085,0.314815,0.171572,0.03722,0.106204,0.03032,0.061781,0.01807,0.094909,,1534200,,
1,2,,0.02492,0.108646,0.33447,0.128914,0.065662,0.05898,0.050761,0.084767,0.067465,0.075413,,1517100,,
1,2,,0.021619,0.180779,0.280564,0.160447,0.024014,0.128579,0.014102,0.061363,0.03125,0.097281,,1510500,,
1,1,,0.018716,0.248859,0.146721,0.18805,0.046455,0.087298,0.057868,0.061595,0.030992,0.113445,,1508500,,
1,9,,0.020072,0.196922,0.028493,0.022894,0.191538,0.021161,0.104113,0.141539,0.037361,0.235908,,1506300,,
1,3,,0.018161,0.119087,0.201229,0.249372,0.02835,0.132746,0.023667,0.057488,0.027631,0.142269,,1514600,,
1,1,,0.016128,0.391312,0.036801,0.032204,0.104545,0.017389,0.0713,0.130593,0.021528,0.178202,,1509300,,
1,9,,0.016295,0.20274,0.027654,0.043353,0.166741,0.021745,0.095065,0.148724,0.027863,0.249819,,1525500,,
1,3,,0.05985,0.117038,0.154121,0.259139,0.025433,0.121319,0.014471,0.057156,0.053252,0.13822,,1514500,,
1,1,,0.017299,0.444059,0.028995,0.054482,0.080369,0.032513,0.073258,0.121422,0.02295,0.124652,,1509600,,
1,1,,0.02535,0.181667,0.134382,0.159862,0.056447,0.112101,0.098884,0.10835,0.021944,0.101012,,1515300,,
1,1,,0.021451,0.346849,0.033074,0.043878,0.095434,0.023852,0.117328,0.130546,0.026231,0.161358,,1524300,,
1,1,,0.018284,0.337438,0.053184,0.032918,0.147026,0.009827,0.097171,0.132558,0.017992,0.153603,,1502700,,
1,1,,0.023055,0.407153,0.034031,0.035686,0.094372,0.014661,0.080849,0.115552,0.03481,0.15983,,1516600,,
1,2,,0.010938,0.081862,0.246181,0.144901,0.054916,0.07539,0.058128,0.139714,0.075444,0.112527,,1512900,,
1,1,,0.022261,0.252986,0.169004,0.181596,0.034314,0.117283,0.012426,0.033617,0.024775,0.151738,,1520100,,
1,2,,0.031988,0.228747,0.250409,0.151432,0.025508,0.076307,0.033031,0.059125,0.032463,0.110989,,1509600,,
1,3,,0.027851,0.103166,0.185976,0.301014,0.038525,0.10071,0.044448,0.037395,0.04596,0.114956,,1517800,,
1,1,,0.028199,0.293053,0.047465,0.023096,0.087727,0.063218,0.113222,0.1001,0.029802,0.214117,,1509100,,
1,3,,0.01892,0.197168,0.181632,0.211234,0.059656,0.075105,0.058324,0.087187,0.035877,0.074896,,1516400,,
1,1,,0.019509,0.374571,0.043073,0.038402,0.086473,0.055462,0.107677,0.079223,0.024161,0.171449,,1512100,,
1,1,,0.019891,0.383165,0.040109,0.040492,0.07045,0.058357,0.111614,0.082983,0.027371,0.165568,,1522600,,
1,2,,0.02309,0.171117,0.270933,0.114878,0.058933,0.081062,0.052296,0.095638,0.05716,0.074893,,1519500,,
1,3,,0.037989,0.118069,0.153958,0.223131,0.037241,0.134787,0.011841,0.054464,0.061016,0.167503,,1513800,,
1,1,,0.024719,0.25104,0.130555,0.189975,0.051558,0.082107,0.065203,0.055593,0.030097,0.119153,,1517900,,
1,1,,0.023177,0.238341,0.032871,0.038029,0.163709,0.020851,0.104,0.15535,0.038215,0.185456,,1512500,,
1,2,,0.033768,0.168214,0.323142,0.201576,0.025165,0.071727,0.010564,0.045275,0.031751,0.08882,,1531500,,
1,1,,0.016209,0.44959,0.04706,0.042502,0.088855,0.021737,0.067481,0.100205,0.024714,0.141647,,1514700,,
1,7,,0.006584,0.164077,0.108337,0.055722,0.054954,0.090818,0.134262,0.206577,0.092599,0.08607,,1517900,,
1,1,,0.028938,0.296563,0.040301,0.037352,0.103095,0.017888,0.122467,0.121258,0.02926,0.202879,,1513700,,
1,7,,0.047103,0.144321,0.032239,0.007536,0.178963,0.012791,0.115558,0.206649,0.065533,0.189306,,1511300,,
1,1,,0.011909,0.445702,0.02723,0.056946,0.092945,0.033097,0.07065,0.118156,0.015112,0.128254,,1511400,,
1,1,,0.019611,0.424856,0.027563,0.033172,0.086377,0.01812,0.074512,0.127909,0.024203,0.163676,,1533200,,
1,9,,0.020342,0.217937,0.160475,0.110767,0.044413,0.129911,0.019895,0.037513,0.026481,0.232265,,1519300,,
1,3,,0.03628,0.148715,0.206376,0.264633,0.031091,0.081559,0.017855,0.041562,0.031525,0.140404,,1504100,,
1,1,,0.015108,0.312226,0.035056,0.01766,0.15655,0.050832,0.091258,0.120501,0.022636,0.178174,,1511600,,
1,2,,0.030526,0.149248,0.25306,0.137283,0.055299,0.071397,0.069442,0.090102,0.052741,0.090904,,1529100,,
1,1,,0.011578,0.316499,0.048974,0.040399,0.141643,0.018003,0.094249,0.116084,0.024232,0.18834,,1508900,,
1,1,,0.011175,0.390069,0.044817,0.052342,0.118783,0.027441,0.094195,0.106346,0.022737,0.132096,,1512000,,
1,2,,0.005207,0.218786,0.255044,0.10343,0.041449,0.075028,0.037653,0.12476,0.050378,0.088266,,1514400,,
1,1,,0.026115,0.306686,0.041497,0.020949,0.104826,0.044062,0.111205,0.095943,0.03012,0.218598,,1511100,,
1,2,,0.013561,0.236024,0.255308,0.120219,0.039994,0.069606,0.068658,0.058814,0.046757,0.091057,,1506600,,
1,1,,0.020321,0.401835,0.020509,0.035507,0.1008,0.040838,0.071161,0.124359,0.025121,0.159549,,1535900,,
1,1,,0.017656,0.452361,0.031514,0.018172,0.084235,0.043804,0.077456,0.111722,0.022887,0.140192,,1518600,,
1,1,,0.010313,0.377311,0.044187,0.056178,0.121655,0.038903,0.093737,0.117344,0.015013,0.125358,,1523200,,
1,1,,0.024556,0.212989,0.028493,0.027377,0.199012,0.015069,0.114859,0.143878,0.036567,0.1972,,1517600,,
1,1,,0.026118,0.286038,0.033566,0.027273,0.149494,0.009889,0.086263,0.151385,0.023066,0.206909,,1519200,,
1,1,,0.014148,0.29689,0.030912,0.03858,0.151911,0.021462,0.081526,0.138693,0.031456,0.194422,,1516600,,
1,1,,0.016881,0.454035,0.035571,0.029622,0.087156,0.0292,0.074457,0.111186,0.024614,0.137278,,1511200,,
1,1,,0.021071,0.305952,0.025868,0.042569,0.151885,0.013596,0.081886,0.139603,0.025006,0.192562,,1498400,,
1,1,,0.017399,0.457537,0.037446,0.030518,0.087554,0.017405,0.072437,0.117949,0.02338,0.138375,,1510800,,
1,2,,0.027861,0.177945,0.275892,0.127554,0.038591,0.079398,0.030069,0.070354,0.033242,0.139094,,1519400,,
1,9,,0.033511,0.184952,0.180404,0.145409,0.037045,0.101326,0.012707,0.035136,0.023899,0.245611,,1525500,,
1,1,,0.012154,0.381807,0.056204,0.039197,0.140225,0.018016,0.083752,0.104797,0.017496,0.146353,,1516800,,
1,1,,0.014965,0.298071,0.035152,0.038564,0.153333,0.021428,0.075566,0.138334,0.020539,0.204049,,1510900,,
1,6,,0.038627,0.095962,0.118391,0.124392,0.076,0.113454,0.173019,0.069532,0.021895,0.168728,,1514300,,
1,2,,0.019199,0.136812,0.281489,0.114397,0.037278,0.079896,0.099529,0.085133,0.063584,0.082683,,1534900,,
1,1,,0.018718,0.222844,0.089056,0.152349,0.053879,0.127359,0.08025,0.082469,0.047675,0.125401,,1512100,,
1,3,,0.022326,0.19824,0.177613,0.214947,0.066872,0.071584,0.047273,0.08167,0.04172,0.077755,,1510800,,
1,2,,0.024926,0.193574,0.282072,0.195125,0.029005,0.079033,0.011981,0.060595,0.027948,0.095741,,1515200,,
1,1,,0.021053,0.384788,0.031514,0.043373,0.101193,0.025182,0.071229,0.122667,0.027786,0.171215,,1515600,,
1,3,,0.025321,0.141667,0.156953,0.28876,0.035344,0.096304,0.013043,0.043404,0.045955,0.153249,,1506200,,
1,1,,0.026135,0.217617,0.094092,0.157407,0.042246,0.126928,0.084495,0.086576,0.048635,0.115868,,1504000,,
1,9,,0.016086,0.19445,0.212416,0.068668,0.036008,0.127116,0.036177,0.025527,0.020563,0.262989,,1524500,,
1,1,,0.015249,0.239349,0.135623,0.196508,0.051846,0.077367,0.072244,0.065491,0.03609,0.110232,,1507100,,
1,2,,0.005931,0.092845,0.258216,0.098046,0.053925,0.068176,0.069322,0.161034,0.070803,0.121703,,1515600,,
1,1,,0.018923,0.217652,0.028079,0.044501,0.184466,0.021198,0.098994,0.154663,0.029986,0.201539,,1526900,,
1,1,,0.01599,0.273313,0.041656,0.022328,0.150731,0.026828,0.091311,0.129828,0.032664,0.215352,,1510400,,
1,1,,0.013354,0.217189,0.027654,0.04277,0.202444,0.022471,0.084147,0.163602,0.031503,0.194867,,1522100,,
1,1,,0.016302,0.452645,0.039269,0.036758,0.089906,0.016852,0.070791,0.108017,0.018633,0.150825,,1505000,,
1,2,,0.012551,0.178329,0.28553,0.16956,0.025925,0.125082,0.031692,0.067911,0.023173,0.080247,,1517900,,
1,2,,0.020738,0.178864,0.261395,0.194718,0.027235,0.122417,0.027381,0.039269,0.03521,0.092774,,1515600,,
1,7,,0.015774,0.168973,0.027259,0.047282,0.168827,0.019017,0.093205,0.239008,0.04344,0.177215,,1514100,,
1,1,,0.010559,0.360708,0.048248,0.024257,0.138834,0.044642,0.09024,0.106587,0.015895,0.160032,,1514800,,
1,1,,0.011625,0.305273,0.022378,0.017018,0.141213,0.012073,0.097379,0.128698,0.034604,0.22974,,1532400,,
1,1,,0.027853,0.270006,0.050789,0.027661,0.097494,0.047276,0.128098,0.118776,0.032715,0.199332,,1510800,,
1,9,,0.045949,0.135415,0.034444,0.017732,0.179689,0.009223,0.118762,0.201203,0.054206,0.203377,,1524400,,
1,1,,0.009648,0.363219,0.047272,0.023574,0.140852,0.045488,0.09057,0.106466,0.014201,0.15871,,1498100,,
1,1,,0.015108,0.448682,0.022874,0.046709,0.088878,0.03616,0.072604,0.100268,0.02923,0.139487,,1503700,,
1,1,,0.0287,0.231589,0.027259,0.04706,0.206916,0.01993,0.094189,0.138856,0.034946,0.170554,,1524900,,
1,1,,0.030575,0.363281,0.029239,0.040243,0.089179,0.017101,0.079558,0.125946,0.030827,0.194051,,1513900,,
1,9,,0.013753,0.205536,0.023704,0.034749,0.19854,0.0224,0.092066,0.159668,0.022507,0.227078,,1509200,,
1,1,,0.019185,0.457883,0.036801,0.029731,0.082928,0.014222,0.073161,0.121747,0.024891,0.13945,,1507300,,
1,1,,0.039725,0.226069,0.224353,0.151955,0.036945,0.100255,0.007868,0.031911,0.032672,0.148248,,1538900,,
1,2,,0.045286,0.230408,0.25315,0.142144,0.026089,0.088322,0.010391,0.062676,0.028844,0.11269,,1527200,,
1,1,,0.0177,0.452979,0.039782,0.033527,0.080851,0.019967,0.073385,0.106871,0.027002,0.147935,,1510800,,
1,4,,0.055368,0.101811,0.0168,0.0034,0.229492,0.031171,0.167572,0.1717,0.065613,0.157073,,1526900,,
1,1,,0.019203,0.462919,0.036801,0.030186,0.082068,0.015495,0.069823,0.119877,0.024044,0.139584,,1511100,,
