pendigits,CWE,test,3,NANOSECONDS,PREDICTIONS, Generated by ClassifierExperiments.java on 2022-05-15 22:14:38.    SYSTEMPROPERTIES:{user.name:matth,os.arch:amd64,os.name:Windows 10},ENDSYSTEMPROPERTIES
No parameter info
0.497955474784189,3382284500,3759374000,-1,86686992,10,,-1,-1
0,0,,0.499442,0.008803,0.014291,0.032455,0.013116,0.136433,0.035796,0.014519,0.214591,0.030553,,1926700,,
0,0,,0.481288,0.013013,0.014605,0.007169,0.028935,0.173457,0.01614,0.004528,0.251889,0.008976,,1661100,,
0,5,,0.308779,0.009265,0.001955,0.027811,0.015265,0.437656,0.021187,0.005855,0.165143,0.007083,,1657200,,
0,8,,0.211566,0.0311,0.041481,0.007635,0.068811,0.010643,0.047818,0.095103,0.429558,0.056284,,1657600,,
0,0,,0.372763,0.00658,0.003923,0,0.039481,0.34214,0.056607,0.01912,0.155034,0.004353,,1656900,,
0,0,,0.460587,0.020319,0.021218,0,0.024119,0.278179,0.009685,0.012744,0.1429,0.030249,,1650800,,
0,5,,0.38961,0.013589,0.017687,0.008187,0.012923,0.409101,0.034223,0.003325,0.096305,0.015049,,1658100,,
0,0,,0.448315,0.023667,0.019934,0,0.037083,0.271922,0.037544,0.01,0.129063,0.022471,,1652900,,
0,8,,0.294239,0.012967,0.012308,0,0.035018,0.06977,0.124103,0.02022,0.396504,0.034872,,1670800,,
0,0,,0.276109,0.01734,0.018947,0.023499,0.053517,0.270712,0.090796,0.021315,0.180294,0.047471,,1678200,,
0,0,,0.389407,0.007181,0.01497,0.014526,0.011531,0.300257,0.029369,0.007236,0.219369,0.006154,,1663800,,
0,0,,0.548482,0.007203,0.006383,0.024192,0.013396,0.129389,0.0346,0.002758,0.224708,0.008889,,1653400,,
0,0,,0.534047,0.004897,0.004,0.044071,0.014293,0.137192,0.017248,0.001695,0.224541,0.018016,,1651400,,
0,0,,0.480722,0.010532,0.004974,0.048844,0.008338,0.165993,0.012391,0.002081,0.247074,0.019051,,1647600,,
0,0,,0.487035,0.003849,0.00616,0.025479,0.018581,0.170248,0.027864,0.004407,0.250408,0.00597,,1649400,,
0,8,,0.288889,0.007158,0.017672,0.029744,0.012391,0.24372,0.047485,0.017973,0.327328,0.007639,,1689400,,
0,0,,0.478502,0.007583,0.007964,0.021083,0.020381,0.116317,0.097905,0.022857,0.214574,0.012833,,1653800,,
0,0,,0.355156,0.013728,0.012493,0,0.020037,0.312686,0.02561,0.020735,0.231896,0.00766,,1680600,,
0,0,,0.40436,0.012184,0.006111,0.026073,0.013314,0.291674,0.022315,0.002759,0.212092,0.009119,,1671900,,
0,8,,0.311706,0.024565,0.046382,0.016027,0.071781,0.005846,0.08691,0.07966,0.335932,0.02119,,1708700,,
0,5,,0.338685,0.018374,0.015615,0.004504,0.024886,0.385876,0.011612,0.012931,0.177091,0.010425,,1678900,,
0,5,,0.354941,0.003729,0.004319,0.026887,0.01582,0.382021,0.026858,0.004686,0.176529,0.004211,,1679800,,
0,0,,0.470347,0.006471,0.002353,0.030098,0.012255,0.142655,0.080965,0.00693,0.239495,0.008431,,1672000,,
0,8,,0.230857,0.008092,0.01631,0.002353,0.063497,0.030513,0.112929,0.025185,0.47056,0.039704,,1670900,,
0,8,,0.344404,0.009865,0,0.010735,0.021889,0.09703,0.073067,0.018548,0.402783,0.021679,,1698200,,
0,0,,0.481998,0.008238,0.003206,0.035249,0.011444,0.141647,0.073432,0.006863,0.22969,0.008232,,1668700,,
0,0,,0.507773,0.007844,0.004319,0.027844,0.013714,0.254014,0.024625,0.003953,0.132315,0.023598,,1662900,,
0,0,,0.349124,0.014324,0.016319,0.001905,0.029524,0.301347,0.031385,0.015471,0.231078,0.009524,,1661100,,
0,0,,0.28986,0.054411,0.033557,0.023499,0.050709,0.239069,0.040326,0.053034,0.187571,0.027963,,1672800,,
0,8,,0.218268,0.042693,0.053448,0.046335,0.044887,0.054798,0.033321,0.027344,0.38977,0.089138,,1685000,,
0,0,,0.548512,0.018018,0.013191,0.005245,0.022818,0.12923,0.012615,0.008891,0.236679,0.0048,,1702400,,
0,5,,0.335583,0.013656,0.01117,0.006456,0.017308,0.397778,0.02469,0.006702,0.178287,0.008371,,1662300,,
0,0,,0.317838,0.015234,0.019753,0.023499,0.038936,0.231466,0.097216,0.026332,0.182255,0.047471,,1667300,,
0,0,,0.498857,0.007885,0.005217,0.030538,0.013469,0.15629,0.024625,0.003993,0.254277,0.004848,,1727800,,
0,8,,0.140581,0.007039,0.018196,0,0.079182,0.019682,0.217363,0.157904,0.345593,0.01446,,1673500,,
0,0,,0.377081,0.026008,0.047863,0.061974,0.09123,0.01711,0.02474,0.029175,0.276307,0.048512,,1666100,,
0,0,,0.503752,0.010653,0.01497,0.013148,0.011458,0.161713,0.027367,0.012012,0.240151,0.004776,,1685300,,
0,0,,0.497833,0.010992,0.018611,0.044055,0.011135,0.129791,0.035796,0.013624,0.217925,0.020238,,1669600,,
0,5,,0.368088,0.013995,0.015509,0.002359,0.025148,0.421895,0.024886,0.009554,0.099265,0.0193,,1796600,,
0,0,,0.486474,0.004825,0.001667,0.014649,0.012939,0.152188,0.048793,0.014923,0.245999,0.017544,,1689600,,
0,1,,0.008513,0.249382,0.115053,0.072975,0.12117,0.056524,0.142092,0.120864,0.024944,0.088483,,1716500,,
0,5,,0.356336,0.007814,0.01497,0.031871,0.012506,0.39549,0.013089,0.00836,0.141548,0.018016,,1663200,,
0,0,,0.424469,0.012194,0.015152,0.024483,0.034578,0.114704,0.095645,0.02627,0.215801,0.036705,,1702200,,
0,0,,0.497732,0.010325,0.014136,0.048045,0.012579,0.128064,0.035796,0.013624,0.217864,0.021834,,1685100,,
0,0,,0.497833,0.010992,0.018611,0.044055,0.011135,0.129791,0.035796,0.013624,0.217925,0.020238,,1659400,,
0,0,,0.429628,0.014897,0.016216,0.024483,0.040393,0.114049,0.09458,0.021275,0.207775,0.036705,,1654700,,
0,0,,0.458436,0.012627,0.018097,0.009302,0.03398,0.16454,0.021789,0.013205,0.257876,0.010147,,1693100,,
0,0,,0.440961,0.026645,0.013867,0,0.026889,0.114189,0.02543,0.017602,0.254717,0.079699,,1673700,,
0,0,,0.492475,0.006507,0.006319,0.044772,0.012034,0.167712,0.012391,0.003717,0.236057,0.018016,,1671200,,
0,0,,0.367814,0.014605,0.017457,0.00129,0.061475,0.004727,0.137771,0.043335,0.289888,0.061638,,1712500,,
0,0,,0.380512,0.018612,0.025,0.006316,0.051378,0.062996,0.111374,0.02574,0.28682,0.031253,,1684100,,
0,0,,0.491742,0.008325,0.002857,0.046928,0.010865,0.151541,0.042046,0.001124,0.223127,0.021445,,1674900,,
0,0,,0.484008,0.005468,0.003748,0.045214,0.014293,0.171296,0.012391,0.003224,0.241771,0.018588,,1661800,,
0,5,,0.285191,0.014569,0.011321,0.024231,0.019102,0.33855,0.112683,0.016103,0.14121,0.037041,,1671700,,
0,8,,0.083503,0.027414,0.043603,0.016433,0.088267,0.006114,0.093788,0.132057,0.504235,0.004586,,1779900,,
0,0,,0.495109,0.0152,0.021919,0.0032,0.020457,0.253371,0.013595,0.010557,0.143042,0.02355,,1702300,,
0,5,,0.367053,0.015226,0.015638,0.001277,0.012673,0.379611,0.019282,0.006974,0.17406,0.008205,,1670200,,
0,0,,0.502669,0.008923,0.014605,0.01499,0.01089,0.165814,0.024783,0.008007,0.242362,0.006957,,1655500,,
0,0,,0.463208,0.022297,0.014864,0.002105,0.012707,0.105716,0.013987,0.021483,0.268834,0.074799,,1773900,,
0,0,,0.504934,0.007862,0.009389,0.011753,0.012853,0.157267,0.02667,0.011314,0.253183,0.004776,,1685800,,
0,8,,0.135112,0.017527,0.014263,0,0.03267,0.16947,0.015913,0.012174,0.591153,0.011719,,1676300,,
0,0,,0.480001,0.018978,0.018097,0,0.052467,0.120203,0.008262,0.015899,0.240215,0.045878,,1662600,,
0,0,,0.510743,0.006705,0.003206,0.033982,0.015039,0.145573,0.047179,0.006795,0.225612,0.005165,,1658800,,
0,0,,0.491693,0.0119,0.01117,0.006156,0.007865,0.175376,0.018044,0.00946,0.26144,0.006897,,1800000,,
0,0,,0.392108,0.007321,0.016841,0,0.020222,0.360016,0.011524,0.013738,0.17451,0.003721,,1718500,,
0,0,,0.488516,0.004897,0.004319,0.044071,0.014293,0.163148,0.012391,0.002652,0.247698,0.018016,,1684800,,
0,0,,0.495168,0.010325,0.001636,0.048045,0.017707,0.138961,0.031309,0.006252,0.228762,0.021834,,1676700,,
0,0,,0.485642,0.022818,0.01191,0.002045,0.028956,0.165852,0.012959,0.011048,0.248702,0.010069,,1752800,,
0,0,,0.39658,0.008876,0.023613,0.001311,0.017279,0.33801,0.026689,0.006504,0.156953,0.024185,,1858900,,
0,0,,0.481742,0.006575,0.00225,0.039249,0.012579,0.169684,0.04651,0.001124,0.21477,0.025516,,1685400,,
0,5,,0.344532,0.007814,0.01497,0.031871,0.012257,0.381641,0.013089,0.00836,0.167449,0.018016,,1662600,,
0,5,,0.301546,0.015901,0.014015,0.002759,0.023625,0.441425,0.021358,0.008131,0.165423,0.005818,,1687300,,
0,0,,0.45171,0.013945,0.012493,0.001455,0.026809,0.121078,0.024836,0.010522,0.25957,0.077583,,1694100,,
0,0,,0.513331,0.00976,0.01244,0.010366,0.013229,0.161204,0.020905,0.007352,0.245896,0.005517,,1669300,,
0,0,,0.485008,0.010522,0.014951,0.001905,0.037975,0.068076,0.075316,0.028679,0.232117,0.04545,,1665900,,
0,8,,0.213095,0.025194,0.008872,0,0.05201,0.021337,0.120969,0.071044,0.446591,0.040888,,1729500,,
0,0,,0.483315,0.011583,0.001452,0.045757,0.010256,0.152326,0.017939,0.002092,0.25678,0.0185,,1720300,,
0,8,,0.247264,0.011034,0.027051,0,0.063149,0.007856,0.14823,0.035957,0.445791,0.013667,,1697900,,
0,0,,0.462833,0.009414,0.012006,0.020526,0.029022,0.127806,0.078733,0.014532,0.232851,0.012276,,1671900,,
0,0,,0.46646,0.006965,0.01191,0.001778,0.031738,0.231675,0.036452,0.013376,0.16098,0.038667,,1715200,,
0,5,,0.360035,0.017739,0.016841,0,0.025616,0.393374,0.015943,0.010435,0.149949,0.010069,,1674900,,
0,0,,0.504915,0.018627,0.013554,0,0.00897,0.10431,0.025497,0.025741,0.260425,0.037961,,1666100,,
0,5,,0.329629,0.004723,0.018848,0.016093,0.024188,0.389275,0.034583,0.008639,0.165743,0.008278,,1659800,,
0,0,,0.458119,0.011248,0.015704,0.023499,0.019425,0.183949,0.019314,0.006696,0.241721,0.020324,,1668500,,
0,5,,0.368312,0.007855,0.018848,0.025264,0.008627,0.373618,0.016803,0.007375,0.155282,0.018016,,1692700,,
0,0,,0.460784,0.004825,0.013912,0.014649,0.029265,0.113293,0.119141,0.011321,0.215267,0.017544,,1665100,,
0,0,,0.514072,0.0119,0.01117,0.006156,0.009244,0.164079,0.022182,0.00946,0.246219,0.005517,,1667800,,
0,5,,0.267542,0.018208,0.014015,0.006822,0.014863,0.462816,0.020605,0.013648,0.176167,0.005314,,1829500,,
0,0,,0.508452,0.010317,0.01117,0.00195,0.011664,0.158585,0.019921,0.008013,0.265993,0.003934,,2005900,,
0,0,,0.329221,0.019474,0.008062,0,0.045547,0.323806,0.110637,0.027789,0.132682,0.002783,,1717700,,
0,8,,0.124243,0.010532,0.004974,0.048844,0.013043,0.182807,0.012391,0.002081,0.580857,0.020227,,1736800,,
0,0,,0.493059,0.005436,0,0.03461,0.015023,0.155256,0.059445,0.001124,0.209141,0.026905,,1751900,,
0,8,,0.189415,0.028073,0.032,0.005818,0.054085,0.006135,0.133818,0.059467,0.457371,0.033818,,1674600,,
0,5,,0.189239,0.046357,0.028571,0.023499,0.059833,0.389448,0.079844,0.017656,0.13759,0.027963,,1660600,,
0,0,,0.400121,0.007692,0.020319,0.006154,0.008199,0.284139,0.035872,0.005757,0.223524,0.008223,,1657800,,
0,8,,0.334171,0.003567,0.004235,0.0096,0.022965,0.060661,0.08305,0.009259,0.464681,0.007812,,1677900,,
0,0,,0.509351,0.008805,0.003529,0.02608,0.015704,0.138409,0.045776,0.008992,0.233495,0.009858,,1816300,,
0,1,,0.020121,0.207155,0.079265,0.062109,0.140476,0.041224,0.154128,0.158551,0.029482,0.107488,,1678600,,
0,0,,0.389422,0.014709,0.018097,0.001905,0.015238,0.296966,0.017785,0.013338,0.223017,0.009524,,1683700,,
0,5,,0.330861,0.011869,0.002857,0.027363,0.011597,0.470779,0.062733,0.001311,0.061412,0.019217,,1703600,,
0,5,,0.339477,0.006527,0.006374,0.046068,0.009386,0.391858,0.012391,0.002081,0.16727,0.018567,,1694600,,
0,5,,0.27475,0.016906,0.028571,0.023499,0.062115,0.334108,0.079844,0.016377,0.115813,0.048016,,1669700,,
0,0,,0.405058,0.013995,0.015509,0.002359,0.015838,0.295597,0.012552,0.009554,0.221538,0.008,,1661600,,
0,0,,0.437616,0.009972,0.003529,0.043264,0.00905,0.265699,0.042046,0.00183,0.16333,0.023663,,1665300,,
0,8,,0.123522,0.035639,0.013554,0.002759,0.026775,0.16981,0.020347,0.020592,0.583066,0.003935,,1699000,,
0,5,,0.32741,0.005335,0.009389,0.016252,0.017399,0.387433,0.024783,0.010017,0.195025,0.006957,,1672000,,
0,0,,0.509828,0.010157,0.011281,0.013042,0.010962,0.155813,0.024625,0.005112,0.254331,0.004848,,1652200,,
0,0,,0.50722,0.007988,0.00616,0.016484,0.019329,0.15624,0.030928,0.002019,0.248299,0.005333,,1701300,,
0,0,,0.477816,0.00703,0.004667,0.02103,0.022848,0.144531,0.048257,0.015219,0.257147,0.001455,,1676700,,
0,0,,0.461618,0.012026,0.015897,0,0.029773,0.231017,0.0185,0.025841,0.164818,0.040509,,1676900,,
0,0,,0.497678,0.009125,0.0143,0.047499,0.007179,0.133791,0.035796,0.013624,0.218791,0.022216,,1664900,,
0,0,,0.506213,0.010909,0.01244,0.007515,0.009091,0.160998,0.034928,0.005927,0.246645,0.005333,,1646300,,
0,0,,0.43604,0.004946,0.01641,0.002602,0.03603,0.065033,0.115315,0.031307,0.247926,0.04439,,1669700,,
0,0,,0.380252,0.023756,0.013554,0,0.037607,0.122378,0.019104,0.021228,0.336101,0.04602,,1696900,,
0,0,,0.495313,0.007754,0,0.028642,0.01515,0.154177,0.059445,0.001124,0.208379,0.030016,,1657900,,
0,8,,0.258997,0.015622,0.012308,0.003562,0.026131,0.236324,0.141026,0.015432,0.261086,0.029512,,1662200,,
0,5,,0.282996,0.00805,0.01117,0.008972,0.012398,0.472358,0.029538,0.008368,0.157192,0.008958,,1713300,,
0,0,,0.409581,0.018596,0.030612,0.023499,0.034125,0.205004,0.088347,0.030142,0.091629,0.068464,,1695900,,
0,0,,0.512474,0.009581,0.017687,0.005634,0.010371,0.163754,0.022766,0.008223,0.246245,0.003265,,1677700,,
0,0,,0.481967,0.004937,0.005217,0.046765,0.014048,0.169337,0.012391,0.002693,0.244628,0.018016,,1671400,,
0,0,,0.490667,0.014021,0.018848,0.009634,0.013796,0.163646,0.023056,0.008874,0.252767,0.004692,,1687600,,
0,0,,0.499344,0.010761,0.01497,0.015645,0.00907,0.153919,0.025323,0.00966,0.25646,0.004848,,1675200,,
0,0,,0.462241,0.009872,0.013912,0.008333,0.035365,0.110135,0.110288,0.012266,0.21605,0.021538,,1661400,,
0,0,,0.41047,0.005671,0.005639,0.009275,0.027652,0.320961,0.079893,0.013392,0.119424,0.007623,,1659300,,
0,8,,0.263537,0.016097,0.011429,0.008358,0.04121,0.009858,0.11339,0.020539,0.455293,0.060289,,1771900,,
0,0,,0.359455,0.022038,0.013554,0,0.039561,0.28253,0.0358,0.020656,0.22184,0.004566,,1682100,,
0,0,,0.373851,0.034842,0.053448,0.057982,0.046234,0.026216,0.015968,0.035986,0.250957,0.104515,,1682400,,
0,0,,0.464024,0.005436,0.005714,0.03461,0.020738,0.123442,0.079368,0.023981,0.215782,0.026905,,1677100,,
0,0,,0.378495,0.031528,0.034043,0.009091,0.100755,0.004584,0.040052,0.06989,0.31035,0.021212,,1724000,,
0,0,,0.500065,0.014521,0.017687,0.002368,0.01531,0.153075,0.019584,0.007428,0.261756,0.008205,,1722800,,
0,0,,0.373438,0.014294,0.015638,0.008549,0.009083,0.365604,0.025902,0.005296,0.177348,0.004848,,1655800,,
0,0,,0.534772,0.008638,0.003176,0.032704,0.012605,0.072092,0.024783,0.004435,0.253553,0.053242,,1697500,,
0,0,,0.489821,0.003444,0.00225,0.030078,0.016776,0.088944,0.049798,0.014153,0.241265,0.06347,,1700800,,
0,0,,0.481852,0.004897,0.004319,0.044071,0.014293,0.166855,0.012391,0.002652,0.250654,0.018016,,1663500,,
0,4,,0.004821,0.060026,0.072818,0.028512,0.31565,0.007864,0.177934,0.219374,0.065645,0.047357,,1676200,,
0,0,,0.455757,0.012907,0.018021,0.029583,0.009556,0.112468,0.048452,0.016126,0.288741,0.008389,,1662100,,
0,0,,0.426335,0.014615,0.014165,0.01,0.046786,0.114918,0.023454,0.024995,0.254143,0.070588,,1835500,,
0,0,,0.388009,0.016736,0.016216,0.005818,0.043831,0.213678,0.105602,0.021287,0.155118,0.033706,,1907000,,
0,4,,0.007548,0.012546,0.081829,0.020944,0.302032,0.009044,0.183412,0.281728,0.077571,0.023347,,1692400,,
0,0,,0.500162,0.012335,0.01191,0.007563,0.014592,0.169363,0.022269,0.007806,0.248482,0.005517,,1666900,,
0,0,,0.409374,0.01416,0.000867,0,0.096019,0.05949,0.040115,0.019496,0.345841,0.014638,,1670000,,
0,8,,0.026047,0.019098,0.049082,0.001277,0.086361,0.007134,0.231525,0.101779,0.45882,0.018878,,1674800,,
0,0,,0.487114,0.005023,0.009389,0.030476,0.011044,0.164981,0.012391,0.007662,0.253904,0.018016,,1659700,,
0,0,,0.488066,0.023127,0.01117,0.000638,0.021851,0.165965,0.019616,0.012283,0.253563,0.003721,,1651900,,
0,0,,0.444222,0.005992,0.016481,0.031833,0.011412,0.127106,0.033018,0.015939,0.282647,0.03135,,1661300,,
0,0,,0.49098,0.011583,0.001771,0.045757,0.010256,0.165935,0.012391,0.003049,0.239778,0.0185,,1668400,,
0,0,,0.494575,0.009907,0.020075,0.005517,0.01237,0.115741,0.028222,0.013959,0.257322,0.042311,,1673300,,
0,0,,0.372199,0.011561,0.015704,0.009275,0.010451,0.36474,0.029399,0.009051,0.170664,0.006957,,1687200,,
0,0,,0.375037,0.017337,0.000867,0,0.050048,0.116878,0.025793,0.016309,0.3476,0.05013,,1680500,,
0,0,,0.549345,0.015671,0.012121,0.011379,0.022152,0.12779,0.01788,0.0118,0.225331,0.006531,,1673000,,
0,0,,0.457819,0.018063,0.002867,0,0.041506,0.08796,0.062824,0.011285,0.263955,0.053721,,1667000,,
0,0,,0.491626,0.010018,0.01191,0.011645,0.010018,0.173001,0.023759,0.006648,0.254975,0.0064,,1657200,,
0,0,,0.516797,0.014551,0.015509,0.000759,0.008255,0.108653,0.023543,0.01345,0.261449,0.037033,,1663200,,
0,0,,0.514689,0.007677,0.006383,0.01394,0.024715,0.140881,0.03765,0.006077,0.239989,0.008,,1657200,,
0,0,,0.508232,0.007358,0.011719,0.011116,0.013972,0.159496,0.027458,0.011315,0.245124,0.004211,,1658500,,
0,0,,0.396926,0.008979,0.020759,0.004364,0.015127,0.327924,0.032256,0.009005,0.165024,0.019636,,1680200,,
0,0,,0.344792,0.018871,0.007195,0,0.091148,0.133924,0.071375,0.023764,0.297167,0.011765,,1682200,,
0,8,,0.174623,0.02905,0.031496,0.023499,0.058847,0.013642,0.028119,0.054667,0.528042,0.058016,,1735800,,
0,0,,0.451198,0.037255,0.025,0.093874,0.020685,0.029136,0.028541,0.029509,0.19143,0.093373,,1665100,,
0,0,,0.313022,0.017817,0.018097,0,0.025338,0.288711,0.008262,0.016045,0.312709,0,,1657800,,
0,0,,0.564542,0.01058,0.000867,0.003404,0.022796,0.047048,0.04253,0.016714,0.243555,0.047964,,1650600,,
0,0,,0.38071,0.014828,0.020759,0.003404,0.010837,0.318864,0.014337,0.016061,0.215094,0.005106,,1659200,,
0,0,,0.51501,0.010753,0.011281,0.009704,0.012273,0.153595,0.027824,0.003999,0.249003,0.006557,,1655000,,
0,5,,0.349936,0.024319,0.015638,0.001277,0.023928,0.37383,0.005034,0.015845,0.18587,0.004324,,1680400,,
0,0,,0.361248,0.017672,0.021218,0.004103,0.023912,0.322621,0.01789,0.013207,0.209924,0.008205,,1666000,,
0,0,,0.46944,0.010641,0.017687,0.025868,0.016508,0.173347,0.01397,0.004449,0.248309,0.019781,,1652600,,
0,0,,0.574464,0.020716,0.019934,0,0.039234,0.084068,0.019971,0.018212,0.208497,0.014904,,1686100,,
0,8,,0.1974,0.004938,0.015398,0,0.07569,0.015696,0.145974,0.05256,0.455929,0.036416,,1681100,,
0,0,,0.462339,0.007515,0.020815,0.026606,0.014121,0.110226,0.051556,0.016451,0.285038,0.005333,,1682900,,
0,0,,0.447264,0.010536,0.004667,0.020601,0.013978,0.216965,0.053502,0.003311,0.222619,0.006557,,1664100,,
0,8,,0.061966,0.060575,0.02,0.106833,0.117777,0.035986,0.134934,0.178308,0.221854,0.061766,,1662800,,
0,5,,0.333994,0.007444,0.014605,0.01203,0.019987,0.392447,0.029962,0.007686,0.175566,0.006279,,1659000,,
0,5,,0.34864,0.020744,0.020319,0,0.041161,0.362796,0.029764,0.011338,0.160671,0.004566,,1679300,,
0,0,,0.391135,0.013982,0.014015,0.008113,0.016082,0.351938,0.010217,0.014939,0.171068,0.008511,,1671700,,
0,5,,0.364048,0.022923,0.015704,0,0.021846,0.392834,0.01621,0.011572,0.146863,0.008,,1662400,,
0,0,,0.488303,0.013053,0.018848,0.003669,0.01965,0.158432,0.01553,0.011965,0.261024,0.009524,,1690100,,
0,5,,0.284937,0.014465,0.023613,0.001905,0.01665,0.449167,0.01606,0.010907,0.172773,0.009524,,1658400,,
0,0,,0.493434,0.005486,0.007043,0.016829,0.016902,0.171369,0.018644,0.002786,0.259898,0.00761,,1653800,,
0,8,,0.078825,0.021073,0.018947,0.004776,0.056435,0.095955,0.105075,0.028365,0.559215,0.031333,,1670100,,
0,0,,0.478499,0.008356,0.016319,0.001778,0.031738,0.106702,0.035734,0.013312,0.252229,0.055333,,1674800,,
0,0,,0.431355,0.005436,0.011321,0.03461,0.022571,0.123334,0.112683,0.012445,0.21934,0.026905,,1662800,,
0,7,,0.012254,0.016038,0.042542,0.00625,0.145426,0.00679,0.232886,0.344087,0.177977,0.01575,,1665600,,
0,0,,0.356387,0.023167,0.031496,0.023499,0.069435,0.015406,0.028119,0.054667,0.348042,0.049781,,1677400,,
0,0,,0.497078,0.015226,0.015638,0.001277,0.01631,0.168781,0.019282,0.006974,0.251229,0.008205,,1665600,,
0,5,,0.261177,0.025212,0.012245,0.015423,0.026379,0.389796,0.122026,0.010359,0.118494,0.018889,,1693400,,
0,0,,0.371345,0.026645,0.014689,0.000822,0.038548,0.329635,0.029783,0.018424,0.143927,0.026182,,1665600,,
0,0,,0.465836,0.006116,0.020815,0.022584,0.018012,0.108871,0.039271,0.017763,0.296797,0.003934,,1763700,,
0,0,,0.300683,0.00919,0.013119,0.02431,0.031369,0.259915,0.118488,0.015864,0.191208,0.035854,,1669000,,
0,0,,0.361886,0.014485,0.018389,0,0.109637,0.023274,0.143989,0.022068,0.296859,0.009412,,1679200,,
0,8,,0.141264,0.024285,0.050162,0.007742,0.054803,0.004311,0.095637,0.072073,0.528992,0.020731,,1660200,,
0,0,,0.510891,0.004477,0.006702,0.02194,0.015115,0.158545,0.022395,0.003834,0.249702,0.0064,,1674900,,
0,0,,0.518952,0.010083,0.01191,0.005311,0.010083,0.166162,0.02255,0.009946,0.241737,0.003265,,1689500,,
0,5,,0.366305,0.015434,0.015704,0,0.018618,0.38882,0.021529,0.015785,0.152698,0.005106,,1661400,,
0,0,,0.38657,0.008406,0.016841,0.002667,0.003478,0.357616,0.039276,0.005769,0.174044,0.005333,,1696100,,
0,8,,0.32839,0.019066,0.015973,0,0.033684,0.130064,0.013208,0.028444,0.423802,0.007368,,1669500,,
0,0,,0.300648,0.014569,0.015152,0.024231,0.032767,0.277428,0.095645,0.025995,0.176526,0.037041,,1665100,,
0,0,,0.508236,0.010049,0.011281,0.010545,0.01335,0.164066,0.02667,0.007464,0.243564,0.004776,,1654000,,
0,0,,0.490847,0.00548,0.014605,0.020043,0.013348,0.166128,0.027864,0.006916,0.2488,0.00597,,1668200,,
0,0,,0.429133,0.009087,0.011321,0.023499,0.019555,0.116826,0.112683,0.016254,0.216959,0.044683,,1671000,,
0,0,,0.474009,0.015976,0.023613,0.005517,0.013014,0.176023,0.020329,0.010709,0.255495,0.005314,,1659400,,
0,8,,0.109041,0.014615,0.014165,0,0.055977,0.169591,0.017391,0.022495,0.594655,0.002069,,1660400,,
0,0,,0.308654,0.011795,0.015562,0.002286,0.067412,0.062377,0.147202,0.032545,0.299453,0.052714,,1656900,,
0,0,,0.449362,0.007203,0.006383,0.024192,0.013396,0.215313,0.055421,0.002758,0.217083,0.008889,,1691700,,
0,0,,0.385279,0.019631,0.033635,0.018729,0.033412,0.096433,0.110156,0.053614,0.230667,0.018444,,1726500,,
0,0,,0.462053,0.006286,0.014815,0.020571,0.013143,0.120287,0.051556,0.014815,0.280665,0.01581,,1658500,,
0,0,,0.448319,0.007754,0.012245,0.028642,0.031477,0.119097,0.104674,0.009287,0.208489,0.030016,,1658700,,
0,0,,0.475558,0.009536,0.001667,0.012268,0.012145,0.134862,0.084124,0.017101,0.232849,0.019891,,1921800,,
0,0,,0.489016,0.005867,0.004667,0.026267,0.015867,0.147731,0.044329,0.015365,0.244492,0.0064,,1712500,,
0,0,,0.445571,0.002778,0.004255,0.019444,0.028877,0.127793,0.124539,0.027199,0.207322,0.012222,,1673900,,
0,0,,0.502924,0.00987,0.003429,0.023169,0.039206,0.132226,0.035058,0.006271,0.241457,0.00639,,1663600,,
0,8,,0.135858,0.018558,0.042323,0.007742,0.065085,0.009937,0.117962,0.048214,0.533589,0.020731,,1662700,,
0,0,,0.484907,0.005602,0.006702,0.03584,0.015103,0.166525,0.012391,0.003357,0.251557,0.018016,,1707500,,
0,0,,0.598186,0.008568,0.01244,0.028348,0.00967,0.093541,0.012391,0.005717,0.209965,0.021174,,1657300,,
0,0,,0.450711,0.013221,0.018424,0,0.042995,0.1181,0.018298,0.026599,0.305372,0.006279,,1660200,,
0,0,,0.490943,0.004897,0.004319,0.044071,0.014293,0.1614,0.012391,0.002652,0.247018,0.018016,,1667500,,
0,0,,0.481074,0.010867,0.011719,0.007467,0.014906,0.173691,0.035528,0.00949,0.248749,0.00651,,1668100,,
0,5,,0.278489,0.01025,0.016841,0,0.021018,0.457045,0.021262,0.014648,0.169715,0.010731,,1735600,,
0,8,,0.333247,0.018479,0,0.0028,0.025984,0.100121,0.062155,0.012768,0.410741,0.033703,,1680000,,
0,0,,0.380225,0.011888,0.014165,0.004848,0.026407,0.122481,0.037924,0.017344,0.339436,0.045281,,1659900,,
0,0,,0.479242,0.012491,0.014605,0.000714,0.022515,0.168524,0.026823,0.011488,0.253323,0.010274,,1661900,,
0,0,,0.49119,0.006747,0.014605,0.001945,0.019132,0.159509,0.028232,0.012309,0.257716,0.008615,,1696500,,
0,0,,0.46936,0.010246,0.020907,0.004364,0.01833,0.278204,0.031616,0.006529,0.137687,0.022758,,1664000,,
0,8,,0.121712,0.022165,0.034043,0.023499,0.080187,0.013156,0.113532,0.214603,0.333048,0.044054,,1663200,,
0,0,,0.421174,0.02445,0.063636,0.013236,0.063314,0.156766,0.044436,0.039782,0.109722,0.063483,,1669800,,
0,5,,0.368939,0.009867,0.00643,0.030156,0.013756,0.388462,0.022395,0.002557,0.148818,0.008622,,1669000,,
0,0,,0.382633,0.012595,0.020075,0,0.022783,0.291087,0.025322,0.015303,0.219689,0.010513,,1661200,,
0,5,,0.276842,0.026641,0.021212,0.027071,0.030363,0.335188,0.092614,0.02305,0.139002,0.028016,,1663400,,
0,0,,0.500867,0.011558,0.014605,0.011532,0.01439,0.164146,0.023413,0.004528,0.249142,0.005818,,1659200,,
0,5,,0.359279,0.011898,0.023613,0,0.006629,0.387556,0.023927,0.013888,0.17147,0.001739,,1668800,,
1,1,,0.010297,0.252891,0.056011,0.055389,0.069481,0.113044,0.108333,0.083058,0.048729,0.202765,,1702900,,
1,2,,0.012141,0.188088,0.303144,0.115341,0.059376,0.088076,0.032465,0.069882,0.05173,0.079757,,1670400,,
1,1,,0.009954,0.214853,0.013755,0.022595,0.20673,0.001867,0.13482,0.171335,0.026994,0.197096,,1689400,,
1,1,,0.022055,0.169453,0.155501,0.127822,0.046424,0.118036,0.124749,0.091574,0.015573,0.128815,,1666900,,
1,3,,0.012733,0.122069,0.177017,0.336862,0.019955,0.103079,0.005424,0.055452,0.035893,0.131515,,1667100,,
1,2,,0.010179,0.219534,0.327617,0.184852,0.013922,0.069348,0.00495,0.045666,0.017089,0.106841,,1663600,,
1,1,,0.008953,0.483968,0.009347,0.017817,0.131629,0.00296,0.079531,0.119878,0.017272,0.128645,,1726000,,
1,4,,0.015434,0.144165,0.010213,0.001277,0.241291,0.011111,0.116599,0.190365,0.049593,0.219952,,1909100,,
1,9,,0.016576,0.070489,0.201639,0.182621,0.043683,0.115452,0.036923,0.027711,0.050784,0.254122,,1710500,,
1,1,,0.023442,0.482685,0.009912,0.017376,0.112682,0.00686,0.077178,0.115594,0.036207,0.118064,,1701100,,
1,2,,0.013156,0.219902,0.307497,0.185878,0.02272,0.093123,0.00953,0.048846,0.01437,0.084979,,1714800,,
1,1,,0.015735,0.307934,0.026881,0.015935,0.143341,0.015332,0.154128,0.164016,0.017677,0.13902,,1661600,,
1,2,,0.006042,0.209053,0.261856,0.180127,0.016837,0.103876,0.01016,0.059433,0.026418,0.126199,,1655200,,
1,4,,0.012674,0.188752,0.009101,0.014832,0.251569,0.00236,0.14657,0.17036,0.050684,0.153097,,1653200,,
1,1,,0.008688,0.248137,0.017163,0.009538,0.138259,0.003396,0.154128,0.214304,0.023873,0.182513,,1651300,,
1,2,,0.026975,0.21185,0.280251,0.185911,0.028923,0.064583,0.009524,0.009714,0.032118,0.15015,,1667700,,
1,1,,0.012117,0.483888,0.015305,0.012908,0.121974,0.007082,0.077178,0.119843,0.018316,0.131389,,1667300,,
1,1,,0.018908,0.494951,0.011061,0.017103,0.120347,0.006389,0.07923,0.111191,0.023747,0.117074,,1684100,,
1,1,,0.012184,0.336065,0.095652,0.074356,0.050469,0.053193,0.069565,0.04769,0.012407,0.24842,,1669800,,
1,1,,0.014039,0.287172,0.131813,0.190168,0.030888,0.081303,0.084619,0.050297,0.020654,0.109047,,1656700,,
1,1,,0.006351,0.241529,0.082486,0.103969,0.061117,0.125891,0.109251,0.095089,0.058008,0.116309,,1666300,,
1,1,,0.03187,0.376255,0.052443,0.021007,0.057859,0.029349,0.146614,0.058907,0.02745,0.198246,,1660800,,
1,1,,0.015282,0.27942,0.137604,0.181753,0.02683,0.082427,0.080809,0.051398,0.018498,0.125979,,1654800,,
1,1,,0.023736,0.444006,0.004308,0.008275,0.112658,0.006456,0.077178,0.16034,0.037911,0.125132,,1666500,,
1,4,,0.017101,0.120764,0.010213,0.011277,0.271698,0,0.1482,0.228828,0.054076,0.137843,,1661700,,
1,1,,0.01515,0.464403,0.013399,0.040538,0.096153,0.01463,0.088884,0.109187,0.018171,0.139484,,1650600,,
1,1,,0.014248,0.327263,0.010909,0.026693,0.184678,0.006674,0.115925,0.140957,0.023616,0.149036,,1657900,,
1,1,,0.021182,0.272215,0.018542,0.001455,0.134007,0.010929,0.168674,0.201437,0.029747,0.141813,,1715200,,
1,1,,0.013396,0.278367,0.026531,0.027581,0.161336,0.048181,0.129163,0.147241,0.009053,0.159151,,1667900,,
1,3,,0.011149,0.153012,0.164576,0.32675,0.017976,0.109531,0.005299,0.072039,0.018529,0.121139,,1664100,,
1,1,,0.009897,0.36161,0.026422,0.017817,0.196374,0.00296,0.130435,0.121367,0.01922,0.113898,,1651600,,
1,1,,0.008699,0.285045,0.014467,0.024526,0.200757,0.042306,0.12072,0.144101,0.007115,0.152264,,1652300,,
1,2,,0.015476,0.177947,0.30618,0.136015,0.05847,0.067773,0.04793,0.087486,0.024681,0.078043,,1656000,,
1,2,,0.015042,0.187065,0.312804,0.20725,0.020544,0.081675,0.00196,0.046429,0.017914,0.109316,,1659600,,
1,3,,0.01038,0.113499,0.189192,0.287343,0.021372,0.146615,0.009146,0.050391,0.03341,0.138653,,1654900,,
1,1,,0.008091,0.22857,0.021593,0.014499,0.216501,0.004969,0.133244,0.174579,0.031529,0.166424,,1650900,,
1,1,,0.0066,0.486935,0.017806,0.016116,0.118296,0.005843,0.07762,0.125378,0.020194,0.125213,,1665200,,
1,1,,0.01982,0.357093,0.027413,0.019342,0.17496,0.007082,0.118367,0.12891,0.022342,0.124669,,1673900,,
1,4,,0.018419,0.216103,0.010482,0.012795,0.24895,0.003205,0.113737,0.175879,0.042469,0.157961,,1670700,,
1,2,,0.017658,0.155282,0.319174,0.182283,0.015159,0.113549,0.004565,0.044657,0.017596,0.130076,,1665700,,
1,1,,0.017161,0.366319,0.054777,0.039769,0.049927,0.038335,0.150602,0.065679,0.01472,0.202712,,1663400,,
1,2,,0.016132,0.238245,0.280982,0.152382,0.011934,0.110036,0.002159,0.045796,0.025313,0.117022,,1654600,,
1,9,,0.034591,0.180796,0.116121,0.058142,0.074591,0.063603,0.165851,0.119831,0.004316,0.182157,,1645200,,
1,2,,0.014723,0.213768,0.335282,0.167548,0.015799,0.070577,0.003285,0.057282,0.019243,0.102494,,1650700,,
1,4,,0.00948,0.207779,0.012093,0.017982,0.218237,0.008729,0.105109,0.181672,0.043465,0.195453,,1652400,,
1,2,,0.02275,0.213526,0.299432,0.17381,0.01448,0.101726,0.004356,0.036683,0.021799,0.111439,,1692900,,
1,1,,0.029808,0.208462,0.022778,0.016944,0.181862,0.003832,0.165726,0.172081,0.034288,0.164219,,1669400,,
1,1,,0.019131,0.368918,0.049777,0.02427,0.089348,0.028016,0.142159,0.052697,0.012781,0.212905,,1672200,,
1,1,,0.031721,0.480277,0.009219,0.013011,0.096962,0.014693,0.087845,0.119776,0.028199,0.118297,,1678700,,
1,1,,0.020031,0.22685,0.121739,0.0566,0.035237,0.095832,0.12384,0.09157,0.009886,0.218415,,1659300,,
1,1,,0.017161,0.359034,0.059777,0.039769,0.049927,0.038335,0.150602,0.053964,0.02872,0.202712,,1650700,,
1,2,,0.009622,0.135099,0.22297,0.214548,0.030918,0.108391,0.029221,0.031516,0.040894,0.176821,,1661900,,
1,3,,0.017531,0.124137,0.258768,0.269873,0.009661,0.103077,0.004198,0.036959,0.035965,0.139833,,1675800,,
1,2,,0.014202,0.240829,0.326803,0.176235,0.023171,0.076946,0.009883,0.039999,0.013316,0.078616,,1657700,,
1,1,,0.0258,0.231089,0.023648,0.019872,0.17814,0.005142,0.136886,0.179707,0.041158,0.158558,,1658900,,
1,2,,0.007843,0.1954,0.305121,0.166934,0.044835,0.089922,0.016691,0.063636,0.016373,0.093245,,1652300,,
1,2,,0.014723,0.181931,0.294941,0.145751,0.005799,0.120015,0.001285,0.04298,0.023503,0.169072,,1658800,,
1,2,,0.001032,0.164723,0.324813,0.097479,0.053218,0.092194,0.040189,0.091431,0.03567,0.099251,,1682300,,
1,4,,0.013201,0.122864,0.011667,0.00625,0.267712,0.006061,0.145044,0.196406,0.062434,0.168362,,1698400,,
1,2,,0.012042,0.155465,0.360204,0.190017,0.044845,0.074793,0.016804,0.051393,0.027188,0.067248,,1660000,,
1,1,,0.016756,0.360618,0.009558,0.016073,0.193277,0.004391,0.098399,0.144485,0.022598,0.133846,,1656000,,
1,2,,0.014645,0.156774,0.345239,0.163594,0.043189,0.09094,0.019335,0.058955,0.012145,0.095185,,1654600,,
1,1,,0.025229,0.480879,0.008071,0.019448,0.098525,0.010426,0.091669,0.117365,0.02725,0.121137,,1648100,,
1,1,,0.016233,0.226132,0.162312,0.222187,0.048154,0.08039,0.038262,0.076981,0.023433,0.105916,,1684900,,
1,1,,0.02573,0.477052,0.015305,0.012908,0.096846,0.007082,0.09457,0.114745,0.036427,0.119335,,1668600,,
1,1,,0.021402,0.3214,0.009101,0.01968,0.188787,0.003693,0.115035,0.140518,0.024907,0.155476,,1662400,,
1,1,,0.005838,0.308068,0.024271,0,0.185847,0.011396,0.130435,0.165389,0.021994,0.146762,,1663000,,
1,4,,0.023831,0.180837,0.016,0.013605,0.217461,0.003475,0.198629,0.164454,0.025646,0.156062,,1659200,,
1,3,,0.023419,0.10711,0.22314,0.232357,0.040595,0.124729,0.03693,0.050408,0.033728,0.127584,,1657300,,
1,1,,0.035827,0.277109,0.016689,0.004082,0.163695,0.048171,0.135759,0.141227,0.02087,0.156572,,1672000,,
1,1,,0.014834,0.28971,0.127038,0.193185,0.030939,0.081334,0.082745,0.048587,0.022325,0.109303,,1658300,,
1,1,,0.014512,0.272378,0.014245,0.027581,0.163266,0.050723,0.129163,0.158487,0.014898,0.154747,,1653500,,
1,1,,0.001663,0.363957,0.036021,0.017309,0.178445,0.015562,0.131166,0.134156,0.020712,0.10101,,1686300,,
1,1,,0.007283,0.329526,0.038363,0.023356,0.179436,0.00838,0.118367,0.134254,0.0224,0.138634,,1658000,,
1,1,,0.001663,0.359303,0.052738,0.01671,0.168674,0.006773,0.132498,0.120943,0.034459,0.106239,,1655800,,
1,2,,0.001729,0.107995,0.318699,0.091879,0.058832,0.081857,0.063172,0.097431,0.036658,0.141747,,1666500,,
1,2,,0.014773,0.184897,0.277156,0.117119,0.083298,0.068221,0.039133,0.077059,0.046027,0.092318,,1667800,,
1,2,,0.034015,0.10877,0.313651,0.12345,0.032673,0.066557,0.122489,0.058149,0.047368,0.092878,,1773600,,
1,2,,0.019799,0.199551,0.276697,0.217195,0.021002,0.09335,0.01097,0.051375,0.01606,0.094002,,1677100,,
1,4,,0.017109,0.099393,0.005217,0.020833,0.301088,0.015756,0.146602,0.1593,0.050072,0.18463,,1668800,,
1,2,,0.016759,0.216114,0.281597,0.154048,0.015339,0.114486,0.000008,0.057195,0.017128,0.127326,,1666900,,
1,1,,0.010386,0.251382,0.03303,0.011437,0.119778,0.041248,0.154137,0.191566,0.022447,0.164589,,1673700,,
1,1,,0.01349,0.252061,0.017699,0.0059,0.194616,0.018396,0.118367,0.145658,0.033528,0.200284,,1663900,,
1,1,,0.018387,0.413053,0.054777,0.019028,0.071417,0.028016,0.145323,0.049358,0.013187,0.187454,,1667300,,
1,1,,0.014304,0.334249,0.032103,0.012764,0.181097,0.004792,0.140883,0.123424,0.025843,0.13054,,1671200,,
1,2,,0.02275,0.210376,0.292223,0.17381,0.01448,0.101726,0.004356,0.042266,0.024671,0.113343,,1670300,,
1,2,,0.004168,0.17104,0.332379,0.100699,0.058537,0.088063,0.036337,0.088769,0.024176,0.095831,,1674100,,
1,1,,0.015463,0.479846,0.009219,0.013011,0.109693,0.014693,0.077178,0.116851,0.038091,0.125953,,1695800,,
1,1,,0.035521,0.306455,0.053269,0.011171,0.069564,0.034059,0.159361,0.071352,0.026015,0.233234,,1671600,,
1,1,,0.018558,0.274853,0.140679,0.197556,0.031197,0.077007,0.084619,0.048939,0.018987,0.107604,,1702700,,
1,4,,0.003418,0.175313,0.009934,0.012595,0.265586,0.008724,0.10132,0.204992,0.029662,0.188456,,1682000,,
1,2,,0.001698,0.072637,0.269369,0.153152,0.05847,0.079533,0.0719,0.12407,0.051161,0.118009,,1677800,,
1,2,,0.008303,0.154649,0.35037,0.166866,0.04074,0.073669,0.009733,0.079233,0.015001,0.101436,,1669500,,
1,2,,0.01262,0.233196,0.267851,0.166755,0.02382,0.092413,0.026005,0.046656,0.02601,0.104674,,1679600,,
1,1,,0.014682,0.372622,0.052504,0.01627,0.095062,0.033635,0.139806,0.057377,0.021199,0.196843,,1681600,,
1,3,,0.006094,0.136021,0.142832,0.330316,0.03025,0.100726,0.000684,0.018195,0.031954,0.202928,,1673600,,
1,1,,0.006709,0.32481,0.130986,0.052182,0.028337,0.09657,0.069574,0.098469,0.028562,0.163803,,1703100,,
1,2,,0.011884,0.169378,0.286727,0.190377,0.020556,0.084781,0.008587,0.063366,0.017888,0.146455,,1676600,,
1,1,,0.009493,0.363558,0.031565,0.019275,0.194116,0.003675,0.130435,0.114392,0.019653,0.113838,,1680800,,
1,4,,0.020485,0.105708,0.019347,0,0.263008,0.036173,0.111149,0.186952,0.030509,0.226669,,1657600,,
1,1,,0.011257,0.232494,0.024359,0.012764,0.185943,0.005574,0.130384,0.159059,0.030298,0.207869,,1651000,,
1,1,,0.037037,0.229516,0.176128,0.202806,0.051698,0.077614,0.049014,0.063026,0.027486,0.085674,,1659900,,
1,2,,0.01742,0.107109,0.30815,0.166694,0.053104,0.070888,0.060203,0.051881,0.027008,0.137541,,1658800,,
1,2,,0.005779,0.263595,0.28697,0.132487,0.012191,0.058512,0.004267,0.057308,0.019788,0.159103,,1651200,,
1,1,,0.014533,0.32434,0.016805,0.019902,0.198294,0.002729,0.10256,0.137444,0.033207,0.150184,,1653300,,
1,2,,0.010375,0.224721,0.238893,0.177612,0.032692,0.094323,0.004589,0.036141,0.022877,0.157776,,1664500,,
1,2,,0.005096,0.162577,0.301316,0.091845,0.044477,0.089362,0.063503,0.093107,0.050338,0.098379,,1951000,,
1,1,,0.029985,0.473788,0.015305,0.019061,0.09409,0.009544,0.104255,0.10605,0.024172,0.123749,,1738700,,
1,2,,0.012814,0.158388,0.332881,0.166956,0.057729,0.082392,0.020333,0.050568,0.027639,0.090301,,1675000,,
1,1,,0.010149,0.312487,0.009934,0.036094,0.181727,0.013169,0.108886,0.138957,0.019823,0.168773,,1656400,,
1,1,,0.009477,0.46622,0.017695,0.018988,0.130271,0.002729,0.081519,0.119984,0.022849,0.130268,,1751800,,
1,9,,0.018193,0.134903,0.215897,0.158205,0.01515,0.125382,0.015796,0.045043,0.015093,0.256338,,1673300,,
1,1,,0.002733,0.326774,0.023879,0.012246,0.201557,0.007306,0.096563,0.14818,0.030511,0.150252,,1663900,,
1,2,,0.014005,0.184661,0.2822,0.178166,0.019338,0.099914,0.010283,0.045185,0.015656,0.150593,,1667900,,
1,1,,0.0066,0.491874,0.023369,0.017103,0.113167,0.009466,0.077178,0.114268,0.031952,0.115023,,1680500,,
1,1,,0.023065,0.479714,0.013399,0.01926,0.120518,0.004311,0.08031,0.107844,0.03388,0.1177,,1657700,,
1,1,,0.015969,0.228699,0.021047,0.020811,0.186609,0.003732,0.130394,0.177109,0.048945,0.166684,,1692100,,
1,1,,0.021293,0.349859,0.012816,0.020776,0.179063,0.007082,0.112755,0.133263,0.028685,0.134408,,1657000,,
1,2,,0.004881,0.16563,0.374198,0.124831,0.058832,0.055308,0.028088,0.079574,0.018127,0.090529,,1659500,,
1,1,,0.014904,0.237019,0.159962,0.202889,0.070948,0.071469,0.025984,0.085072,0.033236,0.098516,,1660700,,
1,1,,0.008182,0.277964,0.026232,0.023499,0.162896,0.013716,0.141231,0.113512,0.041582,0.191186,,1654300,,
1,1,,0.014076,0.355719,0.024031,0.015037,0.169471,0.009349,0.118367,0.128504,0.031916,0.13353,,1649500,,
1,1,,0.006504,0.325154,0.009936,0.017108,0.225524,0.005683,0.09647,0.142439,0.02239,0.148792,,1655500,,
1,1,,0.016233,0.226132,0.162312,0.222187,0.048154,0.08039,0.038262,0.076981,0.023433,0.105916,,1654900,,
1,9,,0.006709,0.199613,0.123058,0.005723,0.076121,0.067279,0.136008,0.1397,0.04382,0.201968,,1654000,,
1,4,,0.017304,0.208757,0.01812,0.021134,0.238348,0.00288,0.121908,0.181633,0.030089,0.159827,,1658200,,
1,1,,0.017193,0.279304,0.261,0.187805,0.011883,0.086343,0.008103,0.042612,0.011173,0.094585,,1662800,,
1,1,,0.015537,0.300527,0.021703,0.029524,0.129145,0.007915,0.154137,0.131778,0.007865,0.20187,,1707100,,
1,3,,0.03554,0.226216,0.15314,0.231236,0.045398,0.079896,0.054217,0.057908,0.01935,0.097099,,1664200,,
1,9,,0.011143,0.153296,0.224204,0.136039,0.03611,0.105806,0.005,0.041817,0.02793,0.258655,,1654700,,
1,2,,0.011131,0.171314,0.28324,0.105228,0.052972,0.072924,0.074829,0.088989,0.052836,0.086538,,1668800,,
1,2,,0.008376,0.079529,0.283687,0.135838,0.059521,0.104531,0.04486,0.092367,0.053398,0.137894,,1670800,,
1,1,,0.007029,0.479405,0.028179,0.012246,0.113663,0.007952,0.078036,0.117163,0.027465,0.128863,,1654300,,
1,1,,0.015282,0.232596,0.083434,0.141264,0.034801,0.11302,0.119571,0.074719,0.043103,0.14221,,1654500,,
1,1,,0.010274,0.361463,0.02506,0.016989,0.197145,0.009368,0.118367,0.130994,0.012863,0.117476,,1677800,,
1,1,,0.030859,0.265846,0.062857,0.025464,0.111318,0.033973,0.157943,0.113491,0.034517,0.163731,,1653700,,
1,1,,0.002099,0.329928,0.031137,0.012246,0.188785,0.004579,0.131292,0.142797,0.03089,0.126247,,1665600,,
1,4,,0.020931,0.102233,0.009281,0.009756,0.295267,0.025159,0.159622,0.156832,0.072108,0.14881,,1678900,,
1,2,,0.007558,0.156907,0.321109,0.177601,0.043645,0.078481,0.027789,0.059391,0.028731,0.098789,,1655100,,
1,1,,0.007101,0.345549,0.050996,0.02917,0.130702,0.012741,0.137143,0.11888,0.027213,0.140506,,1652200,,
1,2,,0.011305,0.155217,0.264244,0.114857,0.015712,0.147738,0.000008,0.070583,0.032222,0.188114,,1656500,,
1,1,,0.015184,0.25073,0.016464,0.009048,0.134011,0.021556,0.154128,0.150963,0.022288,0.225628,,1657600,,
1,1,,0.01444,0.22901,0.16884,0.221963,0.04689,0.088223,0.039021,0.063357,0.020438,0.107819,,1651100,,
1,1,,0.029985,0.477742,0.012047,0.022227,0.09409,0.006853,0.104786,0.106921,0.023863,0.121486,,1678900,,
1,2,,0.014529,0.235613,0.277938,0.169211,0.021049,0.103365,0.012861,0.054936,0.022902,0.087595,,1676000,,
1,3,,0.005598,0.225164,0.186078,0.23318,0.05204,0.076683,0.024563,0.0859,0.024275,0.086518,,1658100,,
1,1,,0.021838,0.268257,0.024343,0.046126,0.11194,0.01419,0.164925,0.128697,0.018541,0.201144,,1678000,,
1,1,,0.033055,0.221313,0.021047,0.026329,0.172682,0.005111,0.149704,0.172126,0.036754,0.161879,,1692400,,
1,1,,0.018091,0.353443,0.009776,0.017376,0.192641,0.00686,0.095706,0.134116,0.030327,0.141665,,1672200,,
1,2,,0.007382,0.084822,0.317014,0.110111,0.044346,0.117672,0.102568,0.060752,0.036234,0.119101,,1668000,,
1,1,,0.02212,0.249642,0.025295,0,0.134126,0.037949,0.164128,0.174162,0.015505,0.177073,,1665900,,
1,1,,0.003891,0.294448,0.025082,0.008,0.184386,0.003396,0.130435,0.164253,0.034651,0.151457,,1673400,,
1,1,,0.022161,0.368145,0.054221,0.039769,0.049927,0.038335,0.150602,0.049409,0.02472,0.202712,,1661100,,
