pendigits,CWE,test,4,NANOSECONDS,PREDICTIONS, Generated by ClassifierExperiments.java on 2022-05-15 22:26:04.    SYSTEMPROPERTIES:{user.name:matth,os.arch:amd64,os.name:Windows 10},ENDSYSTEMPROPERTIES
No parameter info
0.5215810995002271,2495950400,3446073600,-1,83870648,10,,-1,-1
0,0,,0.413142,0.004654,0.009817,0.030743,0.017557,0.185315,0.008138,0.005241,0.28992,0.035473,,1786200,,
0,5,,0.349261,0.012824,0.014093,0.003773,0.016818,0.426778,0.027322,0.01137,0.120122,0.017637,,1613700,,
0,0,,0.46387,0.009768,0.019984,0.008075,0.021244,0.182685,0.024893,0.010046,0.252548,0.006889,,1602100,,
0,5,,0.341486,0.009877,0.0201,0.004103,0.020309,0.428647,0.021137,0.008877,0.127156,0.018309,,1631600,,
0,0,,0.374054,0.010559,0.005215,0.036024,0.01629,0.139896,0.008138,0.002965,0.357043,0.049816,,1605900,,
0,0,,0.408472,0.013943,0.002128,0.011645,0.011741,0.076622,0.050711,0.029175,0.373954,0.021609,,1609000,,
0,0,,0.362689,0.016275,0.018343,0.002917,0.025867,0.312525,0.027475,0.015033,0.21125,0.007625,,1620000,,
0,0,,0.476875,0.013701,0.019702,0.004842,0.01664,0.184757,0.01025,0.015068,0.253512,0.004653,,1620900,,
0,0,,0.470944,0.019975,0.020224,0.003544,0.022357,0.260184,0.028804,0.011632,0.138226,0.024109,,1615600,,
0,0,,0.464327,0.013125,0.02667,0.005209,0.020419,0.105063,0.017918,0.010324,0.295399,0.041545,,1614400,,
0,8,,0.377271,0.016683,0.024744,0.008514,0.019953,0.10855,0.023868,0.019946,0.393427,0.007044,,1615200,,
0,7,,0.014067,0.008731,0.058304,0.006052,0.194213,0.006475,0.222706,0.250581,0.212777,0.026094,,1616500,,
0,0,,0.4821,0.008325,0.02065,0.009256,0.017188,0.187122,0.014165,0.00438,0.252623,0.004191,,1640700,,
0,5,,0.33464,0.008002,0.021642,0.008785,0.018896,0.391326,0.013027,0.007054,0.190381,0.006248,,1588700,,
0,0,,0.483469,0.009221,0.011776,0.0097,0.017875,0.189962,0.016203,0.005364,0.250823,0.005607,,1558700,,
0,0,,0.476823,0.006101,0.013338,0.019513,0.019898,0.19187,0.008138,0.004885,0.24701,0.012425,,1562300,,
0,0,,0.480859,0.015547,0.019909,0.004633,0.013424,0.258534,0.028459,0.010787,0.143885,0.023962,,1570100,,
0,0,,0.477047,0.010778,0.014306,0.003578,0.01553,0.190658,0.012842,0.010178,0.258592,0.00649,,1569600,,
0,0,,0.344202,0.023087,0.03115,0.015532,0.084048,0.198218,0.12782,0.023483,0.10934,0.043119,,1573000,,
0,0,,0.479605,0.00764,0.01252,0.012529,0.021354,0.189128,0.019324,0.004115,0.247835,0.005949,,1567200,,
0,0,,0.49117,0.004507,0.013052,0.032231,0.021399,0.148514,0.040751,0.009818,0.220261,0.018298,,1572300,,
0,0,,0.406064,0.007588,0.004681,0.019891,0.018322,0.312688,0.075665,0.001411,0.130306,0.023385,,1581100,,
0,0,,0.402691,0.018487,0.01978,0.005857,0.014329,0.178945,0.023669,0.016287,0.287334,0.03262,,1601500,,
0,0,,0.463008,0.014301,0.021479,0.001684,0.013383,0.135555,0.022435,0.015572,0.251442,0.061141,,1564600,,
0,0,,0.358679,0.014651,0.01907,0.003053,0.023946,0.357079,0.019911,0.010862,0.18567,0.007079,,1550600,,
0,0,,0.478875,0.011892,0.017446,0.006226,0.019641,0.188606,0.009761,0.005826,0.256085,0.005643,,1556300,,
0,5,,0.327376,0.010375,0.020905,0.005504,0.017898,0.428483,0.040182,0.012132,0.121286,0.01586,,1556800,,
0,0,,0.422622,0.014661,0.005119,0.008006,0.014253,0.305725,0.056133,0.014499,0.152105,0.006878,,1556800,,
0,0,,0.520586,0.010505,0.027955,0.026192,0.018067,0.130867,0.049619,0.013677,0.198284,0.004248,,1556600,,
0,0,,0.478162,0.013226,0.012957,0.007733,0.019139,0.189186,0.014996,0.005098,0.254071,0.005433,,1552600,,
0,0,,0.441532,0.006619,0.00777,0.026692,0.023085,0.149646,0.080877,0.011107,0.247728,0.004944,,1554100,,
0,0,,0.344828,0.023057,0.058924,0.015308,0.081342,0.013065,0.033109,0.099546,0.226255,0.104566,,1567000,,
0,0,,0.475958,0.01069,0.021082,0.008456,0.016625,0.191605,0.01399,0.004782,0.250186,0.006626,,1555500,,
0,0,,0.305256,0.014861,0.016999,0.007299,0.044502,0.252464,0.154387,0.03429,0.149649,0.020292,,1552800,,
0,0,,0.462784,0.004166,0.00954,0.021667,0.020517,0.194911,0.008138,0.010255,0.257455,0.010568,,1553900,,
0,0,,0.383093,0.007829,0.020378,0.008403,0.014398,0.270337,0.02177,0.006635,0.253932,0.013226,,1554600,,
0,0,,0.447414,0.01272,0.02099,0.0025,0.016841,0.230453,0.016003,0.020089,0.192261,0.040729,,1555300,,
0,0,,0.436943,0.035961,0.04905,0.016241,0.065568,0.047163,0.132572,0.030137,0.118796,0.067568,,1555000,,
0,0,,0.373077,0.010016,0.031573,0.013996,0.05681,0.100442,0.129855,0.050575,0.2024,0.031257,,1555100,,
0,0,,0.475768,0.007492,0.016901,0.009733,0.018903,0.192299,0.0112,0.007016,0.253347,0.00734,,1552800,,
0,0,,0.470479,0.003383,0.006942,0.016028,0.022393,0.192819,0.01624,0.004157,0.261213,0.006347,,1558600,,
0,0,,0.397374,0.013111,0.014985,0.007455,0.017587,0.32875,0.02226,0.016463,0.158695,0.02332,,1592700,,
0,5,,0.299669,0.01466,0.014189,0.002778,0.027361,0.421496,0.015539,0.013701,0.181876,0.008731,,1553000,,
0,5,,0.334866,0.010309,0.004116,0.037783,0.016001,0.39936,0.008709,0.002781,0.174036,0.012038,,1565200,,
0,0,,0.477741,0.004242,0.00973,0.019426,0.026303,0.183725,0.015652,0.004318,0.254887,0.003977,,1557600,,
0,0,,0.373842,0.016246,0.013895,0.002484,0.023344,0.356565,0.022246,0.013493,0.169383,0.008502,,1553000,,
0,8,,0.173149,0.033479,0.069403,0.01896,0.094807,0.015416,0.040392,0.077135,0.405473,0.071785,,1557000,,
0,0,,0.458409,0.004552,0.007572,0.02913,0.022412,0.153357,0.047039,0.026495,0.248204,0.00283,,1557900,,
0,0,,0.479093,0.008682,0.014613,0.008805,0.020362,0.188137,0.01733,0.008744,0.252339,0.001896,,1555000,,
0,0,,0.47783,0.004736,0.013839,0.007978,0.026416,0.186664,0.012394,0.009619,0.255181,0.005344,,1553600,,
0,0,,0.454538,0.006726,0.026348,0.02028,0.017615,0.121746,0.056209,0.022433,0.259895,0.014211,,1570400,,
0,0,,0.390399,0.017032,0.019597,0.004246,0.021965,0.312518,0.012341,0.019736,0.195096,0.00707,,1554500,,
0,0,,0.261344,0.017114,0.072546,0.020484,0.095775,0.249238,0.036583,0.081583,0.1165,0.048834,,1553300,,
0,8,,0.229707,0.016263,0.020309,0.006825,0.067992,0.015016,0.131614,0.034308,0.419732,0.058233,,1558100,,
0,0,,0.454724,0.010302,0.022075,0.004128,0.01669,0.288925,0.027699,0.010022,0.158837,0.006599,,1564800,,
0,5,,0.310979,0.005957,0.018982,0.016569,0.042181,0.316444,0.15524,0.026511,0.075326,0.03181,,1554100,,
0,0,,0.432331,0.006786,0.018302,0.027629,0.046617,0.130757,0.087674,0.017047,0.224881,0.007977,,1554200,,
0,0,,0.509488,0.007263,0.025541,0.024296,0.017731,0.141666,0.043949,0.012755,0.194488,0.022821,,1558500,,
0,0,,0.462067,0.013604,0.013736,0.005103,0.015089,0.105439,0.024594,0.018996,0.298004,0.043368,,1556500,,
0,0,,0.533131,0.008632,0.008706,0.021355,0.017182,0.240603,0.01675,0.007562,0.130611,0.015469,,1555500,,
0,0,,0.473399,0.006059,0.008972,0.030783,0.019639,0.188732,0.008138,0.006291,0.248525,0.009462,,1568400,,
0,0,,0.414165,0.013682,0.018829,0.006225,0.016155,0.325027,0.02158,0.006425,0.155626,0.022284,,1555500,,
0,0,,0.385638,0.003969,0.009565,0.022977,0.023645,0.319435,0.009119,0.008992,0.205077,0.011584,,1558000,,
0,5,,0.343212,0.006524,0.018837,0.010232,0.013928,0.434202,0.023879,0.009925,0.127144,0.012118,,1555100,,
0,0,,0.473272,0.006356,0.012354,0.009285,0.023737,0.194024,0.017089,0.006613,0.249168,0.008103,,1554700,,
0,8,,0.244259,0.005088,0.016773,0.006478,0.0285,0.055923,0.095919,0.053066,0.482086,0.011907,,1558900,,
0,0,,0.466064,0.013837,0.016207,0.007818,0.02332,0.190734,0.006278,0.007761,0.259257,0.008724,,1553800,,
0,0,,0.448414,0.016883,0.004621,0.002992,0.020817,0.057766,0.03004,0.025169,0.381071,0.012226,,1560600,,
0,0,,0.38881,0.015769,0.018716,0.003545,0.025945,0.100784,0.030935,0.013027,0.388462,0.014007,,1557100,,
0,0,,0.474157,0.004307,0.011219,0.02762,0.019897,0.187069,0.008564,0.005303,0.250881,0.010983,,1559900,,
0,0,,0.477127,0.013273,0.027232,0.00663,0.020709,0.259128,0.019189,0.012567,0.139613,0.024532,,1572600,,
0,0,,0.468103,0.013523,0.032373,0.008816,0.054876,0.008273,0.140041,0.043015,0.194817,0.036163,,1555000,,
0,0,,0.479637,0.00636,0.013382,0.009962,0.023099,0.186879,0.013361,0.009735,0.253415,0.00417,,1562800,,
0,0,,0.45859,0.014125,0.021871,0.000313,0.023885,0.184012,0.018586,0.01632,0.247645,0.014653,,1553500,,
0,0,,0.452783,0.012928,0.027451,0.005351,0.021889,0.183936,0.028458,0.006653,0.254366,0.006185,,1552000,,
0,0,,0.477822,0.003972,0.013599,0.012175,0.020593,0.190869,0.015366,0.008306,0.253342,0.003956,,1556800,,
0,0,,0.434358,0.02995,0.002956,0.008777,0.014381,0.13101,0.132177,0.026089,0.209138,0.011163,,1553000,,
0,0,,0.475988,0.00433,0.007852,0.022847,0.017079,0.193048,0.017707,0.005112,0.250854,0.005183,,1552900,,
0,5,,0.291775,0.012438,0.008841,0.021043,0.022637,0.3383,0.105892,0.029212,0.141975,0.027887,,1555300,,
0,5,,0.294862,0.008599,0.019482,0.010121,0.024018,0.322663,0.146893,0.024374,0.131305,0.017684,,1567900,,
0,8,,0.132956,0.014068,0.059342,0.010228,0.068166,0.00395,0.170237,0.120842,0.41,0.010212,,1564900,,
0,5,,0.299387,0.016483,0.02249,0.002571,0.016222,0.415244,0.009805,0.016338,0.192424,0.009035,,1550600,,
0,0,,0.441057,0.013745,0.015912,0.002545,0.030599,0.23172,0.013701,0.016368,0.194434,0.03992,,1557100,,
0,0,,0.345529,0.013338,0.016272,0.004444,0.033696,0.154096,0.020287,0.020418,0.235419,0.156502,,1560300,,
0,0,,0.399055,0.013571,0.022622,0.005984,0.019642,0.311985,0.016392,0.011119,0.191505,0.008124,,1555200,,
0,0,,0.48524,0.011502,0.005155,0.034448,0.010661,0.160666,0.07524,0.001178,0.201188,0.014722,,1556800,,
0,0,,0.496477,0.008267,0.01372,0.010777,0.018806,0.183521,0.01484,0.005177,0.245354,0.003061,,1557100,,
0,0,,0.400207,0.00761,0.004624,0.033371,0.016241,0.372777,0.018114,0.002336,0.136885,0.007835,,1563900,,
0,5,,0.327992,0.014149,0.01315,0.002146,0.019726,0.361743,0.028548,0.01819,0.203792,0.010562,,1552000,,
0,0,,0.385944,0.010573,0.017992,0.004156,0.022361,0.381284,0.022406,0.006573,0.141586,0.007124,,1557400,,
0,0,,0.388218,0.044305,0.021325,0.005636,0.058291,0.014393,0.137273,0.031652,0.215798,0.083109,,1571100,,
0,8,,0.235364,0.008683,0.028954,0.006314,0.02462,0.036226,0.079564,0.040396,0.480822,0.059056,,1555700,,
0,0,,0.482604,0.0098,0.014908,0.012511,0.015868,0.187996,0.014015,0.008389,0.249264,0.004646,,1564100,,
0,7,,0.016367,0.011726,0.055722,0.008227,0.161288,0.007427,0.245788,0.292413,0.187268,0.013772,,1565400,,
0,0,,0.32903,0.010589,0.003078,0.001792,0.022646,0.322398,0.083783,0.016589,0.199119,0.010976,,1561300,,
0,5,,0.324878,0.012209,0.018354,0.004873,0.016562,0.397799,0.018437,0.008636,0.189543,0.008708,,1561000,,
0,0,,0.445792,0.015843,0.027869,0.00354,0.015306,0.231203,0.012768,0.013859,0.196326,0.037493,,1555900,,
0,4,,0.013812,0.12272,0.060938,0.117497,0.198852,0.054667,0.133562,0.153356,0.028378,0.116216,,1560100,,
0,0,,0.467195,0.010199,0.022595,0.005165,0.018431,0.187051,0.012491,0.008497,0.259419,0.008957,,1552400,,
0,8,,0.072109,0.0252,0.055385,0.012244,0.108112,0.014311,0.149241,0.211863,0.309378,0.042157,,1580800,,
0,0,,0.399731,0.009233,0.021122,0.015363,0.035076,0.119343,0.1596,0.030226,0.193312,0.016993,,1561500,,
0,0,,0.475982,0.003342,0.010609,0.021064,0.030217,0.182562,0.016232,0.005937,0.251383,0.002673,,1547300,,
0,0,,0.487422,0.019426,0.0249,0.005094,0.015009,0.256638,0.011575,0.016016,0.140679,0.02324,,1561600,,
0,0,,0.512947,0.012622,0.022946,0.02691,0.018819,0.139987,0.048463,0.014127,0.199594,0.003585,,1554600,,
0,0,,0.488485,0.008644,0.01615,0.006287,0.014572,0.188153,0.014034,0.004057,0.254067,0.005552,,1562400,,
0,8,,0.246548,0.036124,0.058594,0.007262,0.085467,0.009647,0.036835,0.095301,0.354598,0.069624,,1562000,,
0,5,,0.305871,0.009072,0.019623,0.009867,0.032567,0.355579,0.152833,0.026118,0.061675,0.026795,,1554200,,
0,0,,0.488561,0.008002,0.003158,0.018383,0.019498,0.167005,0.07524,0.00077,0.198308,0.021074,,1550200,,
0,0,,0.466619,0.013903,0.01577,0.006703,0.020768,0.184579,0.014492,0.014059,0.254615,0.008493,,1578400,,
0,0,,0.471142,0.00511,0.008879,0.01931,0.027555,0.184844,0.017142,0.00462,0.258645,0.002753,,1565600,,
0,0,,0.479511,0.006419,0.01045,0.012507,0.020538,0.186279,0.012422,0.012908,0.255439,0.003526,,1559800,,
0,0,,0.482664,0.008624,0.009805,0.029784,0.016516,0.182122,0.012422,0.006516,0.247457,0.00409,,1562500,,
0,7,,0.03368,0.010278,0.057214,0.005942,0.179733,0.00721,0.175214,0.26317,0.253664,0.013896,,1563400,,
0,0,,0.465835,0.008208,0.017529,0.00184,0.020593,0.185155,0.023656,0.012575,0.251569,0.01304,,1560100,,
0,0,,0.355863,0.008491,0.006557,0.002222,0.023788,0.295265,0.100198,0.01852,0.181104,0.007993,,1564100,,
0,0,,0.455119,0.01463,0.019894,0.003544,0.018748,0.288324,0.018545,0.007672,0.168037,0.005486,,1559300,,
0,0,,0.457588,0.00673,0.007381,0.021623,0.020401,0.156097,0.048079,0.028744,0.25054,0.002816,,1564500,,
0,0,,0.474752,0.010016,0.015466,0.006805,0.020487,0.188012,0.014888,0.011763,0.251103,0.006708,,1548000,,
0,0,,0.482601,0.003857,0.013613,0.010804,0.022368,0.186522,0.015252,0.008192,0.25165,0.00514,,1574900,,
0,0,,0.388206,0.013346,0.01715,0.005556,0.016944,0.361316,0.016327,0.007273,0.166372,0.00751,,1568600,,
0,0,,0.457883,0.010238,0.015561,0.00354,0.013027,0.1326,0.032709,0.017844,0.253208,0.063389,,1568200,,
0,0,,0.465915,0.007629,0.029314,0.0142,0.054874,0.017578,0.130125,0.044904,0.196155,0.039306,,1575200,,
0,0,,0.465559,0.013446,0.017787,0.002188,0.014299,0.105558,0.017206,0.015483,0.273112,0.075363,,1560600,,
0,0,,0.382629,0.01295,0.011963,0.009353,0.01755,0.356725,0.014236,0.007535,0.183074,0.003986,,1564000,,
0,5,,0.32267,0.016695,0.021896,0.003611,0.020041,0.395511,0.010616,0.011044,0.191288,0.006627,,1561500,,
0,8,,0.263353,0.012321,0.005057,0.007675,0.014573,0.06772,0.099609,0.03364,0.459819,0.036233,,1570700,,
0,0,,0.436236,0.013127,0.006556,0.029277,0.020159,0.123986,0.131872,0.018471,0.210487,0.00983,,1594800,,
0,8,,0.234012,0.006572,0.044176,0.005548,0.082455,0.016729,0.152288,0.055749,0.338371,0.0641,,1598300,,
0,8,,0.336913,0.008139,0.006742,0.010649,0.023844,0.090966,0.064529,0.020794,0.37666,0.060765,,1571800,,
0,0,,0.478554,0.007743,0.019697,0.009414,0.017648,0.187008,0.014165,0.004157,0.255927,0.005686,,1575300,,
0,0,,0.401797,0.022691,0.026,0.006794,0.057557,0.021324,0.129019,0.03698,0.231316,0.066522,,1572700,,
0,0,,0.493283,0.007375,0.015531,0.01686,0.023101,0.148218,0.048048,0.011733,0.222759,0.013093,,1578700,,
0,0,,0.476153,0.017847,0.014654,0.008689,0.017014,0.180901,0.012983,0.014798,0.253272,0.003688,,1574200,,
0,0,,0.445578,0.007463,0.005589,0.031492,0.020301,0.165953,0.089179,0.001054,0.229306,0.004086,,1577200,,
0,8,,0.210986,0.008959,0.014432,0.008889,0.051174,0.037971,0.155145,0.029733,0.39906,0.08365,,1581700,,
0,5,,0.290447,0.019087,0.01737,0.007132,0.017698,0.420718,0.032188,0.014066,0.176674,0.004621,,1576800,,
0,0,,0.340703,0.057224,0.043865,0.001663,0.080422,0.004332,0.089513,0.060739,0.307494,0.014047,,1567300,,
0,0,,0.457439,0.008802,0.018135,0.014332,0.015237,0.193578,0.018853,0.006353,0.251003,0.016269,,1591700,,
0,0,,0.374408,0.019247,0.030902,0.014237,0.045779,0.095545,0.129855,0.046354,0.203498,0.040174,,1563700,,
0,5,,0.338354,0.007298,0.024545,0.008721,0.016586,0.365994,0.020064,0.007454,0.205188,0.005797,,1579900,,
0,0,,0.473924,0.004355,0.00911,0.01699,0.025598,0.180464,0.017008,0.005739,0.257156,0.009657,,1573700,,
0,0,,0.380326,0.015262,0.024807,0.002432,0.028702,0.376285,0.019357,0.010338,0.135189,0.0073,,1572500,,
0,5,,0.342082,0.008841,0.020073,0.004966,0.021776,0.42941,0.028873,0.006554,0.12143,0.015995,,1571100,,
0,8,,0.272662,0.013831,0.01981,0.013768,0.046226,0.060532,0.163573,0.022821,0.311871,0.074906,,1582100,,
0,0,,0.546395,0.013581,0.015132,0.00773,0.020382,0.139398,0.01453,0.007885,0.226942,0.008025,,1579900,,
0,0,,0.48847,0.007128,0.004134,0.024926,0.017344,0.164045,0.07524,0.002732,0.193968,0.022015,,1564300,,
0,8,,0.2852,0.022052,0.046176,0.003663,0.081604,0.004798,0.092271,0.06822,0.360239,0.035776,,1591300,,
0,0,,0.469522,0.005183,0.009908,0.025907,0.016852,0.194293,0.008355,0.005151,0.253078,0.01175,,1566400,,
0,0,,0.478935,0.0121,0.017582,0.005868,0.020548,0.18806,0.009796,0.005614,0.255257,0.006241,,1567700,,
0,0,,0.461717,0.026001,0.017228,0.006044,0.024546,0.187182,0.009368,0.015936,0.246093,0.005884,,1553400,,
0,8,,0.220765,0.016567,0.020711,0.006707,0.068953,0.017768,0.135711,0.03279,0.42241,0.057619,,1555200,,
0,0,,0.313318,0.023899,0.063271,0.011335,0.072191,0.099074,0.070895,0.111638,0.225733,0.008647,,1560200,,
0,0,,0.398506,0.01473,0.025125,0.003441,0.015787,0.309247,0.017903,0.015227,0.193296,0.006738,,1576200,,
0,5,,0.295197,0.012385,0.005198,0.026162,0.01382,0.477674,0.067711,0.007893,0.075933,0.018026,,1565000,,
0,0,,0.443578,0.007679,0.006462,0.030387,0.020528,0.166382,0.088926,0.002987,0.228631,0.00444,,1567700,,
0,0,,0.435897,0.017364,0.007129,0.025663,0.01626,0.162924,0.085079,0.011459,0.230337,0.007888,,1561600,,
0,0,,0.467894,0.019165,0.018252,0.005847,0.012601,0.103553,0.013801,0.018211,0.267687,0.072989,,1580000,,
0,0,,0.481609,0.016264,0.016666,0.003198,0.012031,0.186114,0.009188,0.013946,0.253727,0.007258,,1553000,,
0,0,,0.496732,0.007253,0.015356,0.034946,0.022983,0.141033,0.043756,0.011528,0.221445,0.004967,,1553400,,
0,8,,0.241915,0.012509,0.027486,0.007964,0.072063,0.009161,0.170278,0.046853,0.352135,0.059635,,1561400,,
0,8,,0.123164,0.012096,0.05089,0.008923,0.090351,0.008375,0.161701,0.104455,0.419776,0.020269,,1560600,,
0,5,,0.336951,0.017152,0.02467,0.003611,0.018033,0.367123,0.009736,0.010457,0.205422,0.006845,,1561100,,
0,0,,0.574033,0.009135,0.022499,0.005648,0.016841,0.07732,0.079584,0.030135,0.143908,0.040897,,1562300,,
0,0,,0.456964,0.011276,0.013957,0.004086,0.01491,0.13401,0.032768,0.015887,0.253428,0.062714,,1559900,,
0,0,,0.473214,0.012697,0.022628,0.002268,0.013428,0.186665,0.017365,0.010398,0.255152,0.006184,,1557100,,
0,0,,0.486109,0.005179,0.013338,0.01158,0.021131,0.188835,0.014405,0.004874,0.251162,0.003387,,1557500,,
0,0,,0.463057,0.011592,0.011777,0.000615,0.024156,0.189453,0.022606,0.010107,0.252368,0.014269,,1574200,,
0,0,,0.394595,0.013442,0.016069,0.006719,0.020819,0.374951,0.008492,0.015444,0.142929,0.006542,,1556800,,
0,0,,0.455735,0.014474,0.027435,0.002414,0.019444,0.18635,0.021733,0.010234,0.25124,0.010942,,1552200,,
0,0,,0.460371,0.015359,0.005239,0.006373,0.029395,0.135742,0.048086,0.020235,0.235263,0.043935,,1560200,,
0,5,,0.33959,0.013727,0.016013,0.001245,0.025252,0.425259,0.024343,0.008716,0.124468,0.021386,,1554400,,
0,0,,0.474089,0.022138,0.028614,0.004465,0.019474,0.262301,0.012131,0.009851,0.141206,0.025731,,1557100,,
0,0,,0.395274,0.01125,0.004528,0.00462,0.028442,0.07827,0.113942,0.019181,0.332603,0.011892,,1560500,,
0,0,,0.456963,0.015085,0.003871,0.004116,0.016118,0.112109,0.075931,0.018875,0.265714,0.031218,,1560900,,
0,5,,0.335543,0.008768,0.022713,0.008658,0.016553,0.391942,0.017135,0.006174,0.186343,0.006172,,1565300,,
0,0,,0.481468,0.013819,0.014634,0.005188,0.013964,0.188944,0.014135,0.010162,0.252968,0.004719,,1585200,,
0,0,,0.477702,0.006186,0.013854,0.008733,0.022229,0.186398,0.017085,0.008291,0.254688,0.004833,,1554500,,
0,0,,0.297486,0.022215,0.034953,0.014954,0.040595,0.262237,0.128769,0.029949,0.128562,0.040281,,1558200,,
0,0,,0.468122,0.009955,0.023464,0.008662,0.020473,0.186318,0.017135,0.006893,0.251192,0.007787,,1556400,,
0,0,,0.445257,0.012358,0.007674,0.00354,0.021009,0.121154,0.062529,0.01816,0.247942,0.060378,,1557500,,
0,0,,0.474216,0.014277,0.014483,0.012241,0.021655,0.180351,0.013537,0.006965,0.257518,0.004757,,1555100,,
0,0,,0.293128,0.018549,0.020309,0.014746,0.060498,0.270977,0.128392,0.031994,0.121054,0.040353,,1553500,,
0,0,,0.404875,0.01037,0.014562,0.00416,0.01477,0.318303,0.018102,0.010396,0.196459,0.008001,,1561800,,
0,0,,0.485217,0.011829,0.004878,0.030195,0.019408,0.190074,0.011598,0.003229,0.23925,0.004322,,1564900,,
0,5,,0.342789,0.01015,0.013491,0.005224,0.017563,0.393594,0.012612,0.009286,0.187813,0.007477,,1567400,,
0,0,,0.390353,0.012005,0.012529,0.00375,0.021493,0.053232,0.080918,0.029632,0.379176,0.016911,,1583800,,
0,0,,0.448903,0.016154,0.012022,0.001406,0.020029,0.132463,0.029094,0.017678,0.255345,0.066906,,1557000,,
0,0,,0.483068,0.00358,0.006004,0.029255,0.022483,0.153292,0.056364,0.006435,0.234078,0.005441,,1568700,,
0,0,,0.474745,0.007666,0.021936,0.012384,0.012773,0.188057,0.015033,0.013756,0.246114,0.007536,,1556000,,
0,5,,0.349152,0.006325,0.01252,0.022296,0.022957,0.367489,0.008564,0.004675,0.194843,0.01118,,1558300,,
0,0,,0.451745,0.014109,0.027524,0.002857,0.024762,0.185715,0.024794,0.009615,0.24901,0.009869,,1558600,,
0,0,,0.340198,0.007702,0.00254,0.01901,0.022753,0.335292,0.082659,0.002464,0.157164,0.030217,,1562300,,
0,0,,0.405793,0.010366,0.019851,0.006246,0.017743,0.180303,0.028038,0.016114,0.283569,0.031977,,1558300,,
0,0,,0.3466,0.011857,0.003128,0.007559,0.013719,0.082138,0.135596,0.019989,0.324496,0.054918,,1561700,,
0,0,,0.464282,0.014145,0.024741,0.006623,0.015114,0.190966,0.014353,0.008692,0.253769,0.007314,,1585200,,
0,0,,0.38709,0.013553,0.017634,0.005239,0.019136,0.358773,0.015111,0.007817,0.170823,0.004823,,1553200,,
0,0,,0.444994,0.015352,0.014149,0.007189,0.013628,0.230218,0.03227,0.017017,0.18645,0.038734,,1564700,,
0,0,,0.397854,0.00778,0.023504,0.004337,0.03009,0.062802,0.175819,0.046938,0.201216,0.04966,,1560800,,
0,0,,0.480699,0.010126,0.013143,0.013728,0.023789,0.187181,0.01297,0.006012,0.247677,0.004676,,1551300,,
0,0,,0.426653,0.00398,0.020466,0.021634,0.027659,0.127439,0.137932,0.023847,0.192643,0.017749,,1554600,,
0,0,,0.517447,0.009525,0.025888,0.03364,0.014902,0.133332,0.048233,0.014153,0.198135,0.004747,,1553800,,
0,0,,0.392138,0.012814,0.007587,0.002965,0.014399,0.18892,0.117517,0.032412,0.185276,0.045972,,1550400,,
0,5,,0.317095,0.01154,0.004261,0.016811,0.01197,0.35146,0.082876,0.001994,0.174889,0.027105,,1557400,,
0,5,,0.294658,0.009629,0.035964,0.01035,0.039872,0.321388,0.045083,0.037455,0.20138,0.004221,,1569400,,
0,0,,0.4884,0.008659,0.014251,0.010423,0.021263,0.186847,0.014663,0.005,0.246218,0.004276,,1570200,,
0,0,,0.468245,0.004225,0.008754,0.034521,0.018402,0.19312,0.00842,0.003567,0.248782,0.011965,,1557900,,
0,0,,0.404815,0.006274,0.004364,0.009603,0.022153,0.325626,0.083548,0.003554,0.116144,0.023918,,1557100,,
0,4,,0.004363,0.036719,0.075729,0.004697,0.279106,0.00881,0.186,0.25072,0.097102,0.056754,,1560000,,
0,0,,0.285974,0.029063,0.027214,0.010588,0.05578,0.063006,0.126238,0.043157,0.181131,0.177849,,1572000,,
0,0,,0.454937,0.0097,0.025996,0.002778,0.021694,0.132582,0.014172,0.012602,0.263257,0.062281,,1561400,,
0,0,,0.474905,0.011134,0.008528,0.038026,0.014239,0.188202,0.008138,0.005799,0.241572,0.009458,,1607000,,
0,0,,0.477489,0.006714,0.020052,0.017156,0.016932,0.18557,0.016596,0.007576,0.24652,0.005395,,1561800,,
0,0,,0.272595,0.009754,0.049311,0.014207,0.095172,0.225123,0.099805,0.034156,0.162829,0.037049,,1562100,,
0,0,,0.46633,0.006687,0.018506,0.019445,0.021652,0.191959,0.009764,0.00745,0.246361,0.011845,,1557700,,
0,0,,0.540643,0.007643,0.008595,0.018334,0.030699,0.136986,0.022909,0.004834,0.227677,0.00168,,1582200,,
0,0,,0.478459,0.007451,0.012354,0.010669,0.020841,0.192692,0.019551,0.004767,0.249115,0.004101,,1582000,,
0,0,,0.482281,0.011917,0.017634,0.003942,0.019213,0.184061,0.013588,0.006951,0.256148,0.004265,,1560500,,
0,0,,0.481208,0.00503,0.00516,0.036698,0.016202,0.153044,0.050902,0.000768,0.233881,0.017108,,1561200,,
0,8,,0.308702,0.014249,0.000483,0.001858,0.018967,0.099158,0.012322,0.009123,0.463452,0.071686,,1574600,,
0,4,,0.039948,0.119409,0.016667,0.111111,0.229074,0.042316,0.122055,0.155628,0.035455,0.128337,,1573500,,
0,8,,0.165759,0.046285,0.05867,0.005806,0.094213,0.003682,0.048143,0.105385,0.392644,0.079413,,1559400,,
0,0,,0.477154,0.002348,0.006195,0.02912,0.024313,0.179961,0.035575,0.002702,0.237977,0.004656,,1554800,,
0,0,,0.472637,0.006657,0.014548,0.020357,0.019971,0.193967,0.008138,0.006284,0.247045,0.010396,,1560500,,
0,8,,0.140377,0.004014,0.02534,0.005366,0.088814,0.027951,0.243862,0.150597,0.297692,0.015988,,1588300,,
0,0,,0.469968,0.005914,0.007104,0.033253,0.020066,0.189255,0.008401,0.006147,0.249093,0.010799,,1574600,,
0,5,,0.350334,0.011074,0.020088,0.00743,0.020654,0.421873,0.024868,0.004891,0.123423,0.015364,,1570500,,
0,0,,0.363691,0.015368,0.012158,0.002874,0.021119,0.08541,0.081706,0.028986,0.338768,0.049919,,1564600,,
0,0,,0.559409,0.010748,0.020272,0.006533,0.016501,0.13677,0.02241,0.011342,0.178273,0.037741,,1553300,,
0,5,,0.293826,0.011441,0.020312,0.006261,0.021131,0.425192,0.013127,0.014798,0.184175,0.009738,,1562500,,
1,1,,0.011438,0.398907,0.027411,0.009984,0.144598,0.007327,0.118155,0.111269,0.018258,0.152655,,1571400,,
1,1,,0.008065,0.250958,0.008208,0.007745,0.215341,0.005832,0.092202,0.16525,0.043915,0.202484,,1564700,,
1,9,,0.013017,0.139532,0.126481,0.062579,0.106183,0.127734,0.131148,0.061184,0.01831,0.213832,,1573600,,
1,2,,0.014289,0.145806,0.37282,0.114517,0.092472,0.058268,0.030844,0.077435,0.019493,0.074057,,1563800,,
1,1,,0.004569,0.408579,0.030988,0.009449,0.139077,0.003803,0.105118,0.127966,0.022111,0.148339,,1593100,,
1,2,,0.015042,0.220073,0.271935,0.218847,0.02806,0.081274,0.012787,0.047847,0.017597,0.086538,,1584500,,
1,2,,0.017696,0.136214,0.340059,0.168947,0.062012,0.094832,0.028533,0.06242,0.012974,0.076314,,1573700,,
1,1,,0.010486,0.409005,0.027779,0.010178,0.132396,0.003695,0.112377,0.12504,0.021683,0.147361,,1567700,,
1,3,,0.015659,0.09514,0.183448,0.317456,0.018211,0.120096,0.004807,0.054573,0.030585,0.160027,,1580000,,
1,3,,0.012862,0.093868,0.186677,0.313976,0.025011,0.121641,0.004806,0.04702,0.033913,0.160227,,1567400,,
1,2,,0.016301,0.184512,0.315529,0.206292,0.020401,0.083753,0.01232,0.060392,0.022394,0.078106,,1560600,,
1,1,,0.012215,0.363295,0.007307,0.018843,0.158327,0.013338,0.104073,0.123919,0.018648,0.180035,,1569800,,
1,9,,0.024266,0.200209,0.116239,0.032725,0.043326,0.109978,0.084901,0.106435,0.028769,0.253152,,1578200,,
1,2,,0.018179,0.12285,0.299387,0.200619,0.028178,0.097276,0.015444,0.062432,0.023543,0.132092,,1586200,,
1,1,,0.012462,0.51762,0.010726,0.009899,0.082547,0.009788,0.093701,0.102979,0.018422,0.141856,,1569600,,
1,1,,0.015524,0.262369,0.006779,0.011041,0.237918,0.004319,0.121531,0.159651,0.025781,0.155088,,1569200,,
1,2,,0.015603,0.146993,0.275059,0.090625,0.067226,0.070184,0.064686,0.131131,0.050109,0.088383,,1570200,,
1,9,,0.011273,0.096567,0.140122,0.235093,0.017862,0.125735,0.004034,0.030363,0.055155,0.283797,,1571900,,
1,1,,0.003192,0.396888,0.037222,0.00865,0.12831,0.011553,0.105008,0.12827,0.021337,0.15957,,1574500,,
1,1,,0.009245,0.520957,0.013373,0.008159,0.096462,0.003803,0.081937,0.10642,0.015868,0.143776,,1553700,,
1,1,,0.010525,0.37666,0.039501,0.011999,0.122139,0.01992,0.121,0.10694,0.026916,0.1644,,1557600,,
1,1,,0.016084,0.285126,0.03162,0.021384,0.138632,0.062016,0.12238,0.110063,0.014135,0.198559,,1559700,,
1,1,,0.014952,0.431387,0.008516,0.018228,0.083939,0.01261,0.087176,0.148928,0.025521,0.168744,,1557700,,
1,2,,0.018629,0.187762,0.323713,0.185471,0.034747,0.099814,0.013339,0.037132,0.013826,0.085567,,1581500,,
1,1,,0.00924,0.379105,0.008208,0.007745,0.167947,0.008059,0.098077,0.133071,0.017624,0.170924,,1579500,,
1,1,,0.023,0.291606,0.055827,0.024585,0.065611,0.049234,0.141431,0.076051,0.060136,0.212519,,1567400,,
1,1,,0.010654,0.252143,0.009902,0.008834,0.1851,0.005167,0.126391,0.166591,0.023321,0.211896,,1557800,,
1,1,,0.019917,0.499318,0.011242,0.006583,0.0938,0.004627,0.085998,0.106054,0.019018,0.153441,,1558200,,
1,1,,0.015459,0.402829,0.004792,0.008,0.153951,0.00821,0.102365,0.124424,0.025687,0.154283,,1560900,,
1,9,,0.01226,0.139048,0.165684,0.172938,0.028899,0.166103,0.011601,0.048023,0.030737,0.224707,,1565200,,
1,1,,0.016319,0.227967,0.006366,0.003779,0.221548,0.006406,0.14381,0.147972,0.027745,0.198086,,1570100,,
1,9,,0.015334,0.1402,0.150875,0.121217,0.058794,0.095788,0.095331,0.136159,0.018186,0.168116,,1571100,,
1,2,,0.015718,0.186613,0.304829,0.151605,0.068516,0.0781,0.035737,0.066444,0.017766,0.074672,,1582200,,
1,1,,0.018322,0.257353,0.011874,0.013243,0.166322,0.008634,0.136513,0.149869,0.027127,0.210743,,1548000,,
1,1,,0.018336,0.510399,0.011242,0.007324,0.093038,0.004627,0.088763,0.101601,0.020572,0.1441,,1544500,,
1,3,,0.02315,0.054779,0.165056,0.356505,0.018201,0.131736,0.014164,0.016162,0.026323,0.193922,,1564500,,
1,2,,0.015902,0.166254,0.335527,0.200641,0.025901,0.088284,0.008799,0.048621,0.015045,0.095026,,1562400,,
1,1,,0.020559,0.226908,0.007495,0.004254,0.208955,0.004608,0.105986,0.170049,0.030931,0.220256,,1576800,,
1,9,,0.019615,0.16605,0.006772,0.002121,0.21331,0.025494,0.096733,0.172651,0.056758,0.240495,,1564400,,
1,3,,0.013508,0.108666,0.18424,0.351994,0.027355,0.100408,0.008579,0.038868,0.025703,0.140679,,1560900,,
1,1,,0.023438,0.253634,0.091079,0.136826,0.02451,0.1273,0.107232,0.058769,0.045679,0.131533,,1549900,,
1,1,,0.012328,0.514894,0.012592,0.005903,0.096979,0.006086,0.081937,0.10802,0.017629,0.143634,,1548300,,
1,1,,0.007981,0.229737,0.007433,0.006912,0.219716,0.006059,0.098846,0.178364,0.022829,0.222124,,1552800,,
1,2,,0.020231,0.19119,0.291458,0.195673,0.041878,0.090825,0.019465,0.037172,0.02481,0.087297,,1551900,,
1,1,,0.010374,0.278123,0.232696,0.11982,0.0125,0.083083,0.006636,0.028516,0.025642,0.202608,,1552500,,
1,2,,0.010572,0.151488,0.26951,0.0888,0.066802,0.064211,0.092766,0.100838,0.066541,0.088473,,1552500,,
1,2,,0.012569,0.200531,0.306689,0.201774,0.026734,0.089122,0.013276,0.048296,0.015945,0.085064,,1566000,,
1,1,,0.012201,0.515019,0.0102,0.010723,0.094312,0.004648,0.086748,0.103195,0.018055,0.1449,,1559800,,
1,3,,0.017645,0.080061,0.18101,0.34376,0.03002,0.103464,0.00508,0.037129,0.027969,0.173862,,1558900,,
1,1,,0.012714,0.501181,0.012345,0.007143,0.097273,0.005537,0.081937,0.105199,0.017979,0.158693,,1545400,,
1,2,,0.012101,0.091388,0.243779,0.14395,0.09792,0.074179,0.050016,0.094661,0.080313,0.111693,,1556900,,
1,9,,0.008379,0.167061,0.239185,0.10914,0.00694,0.123709,0.005606,0.051032,0.028498,0.26045,,1551500,,
1,9,,0.022845,0.187803,0.115397,0.063794,0.039999,0.095885,0.08543,0.093755,0.013194,0.281898,,1565800,,
1,1,,0.004037,0.327876,0.02586,0.003919,0.148816,0.005152,0.105,0.181957,0.030395,0.166986,,1548300,,
1,2,,0.014919,0.071074,0.298722,0.10906,0.05949,0.082431,0.153823,0.06443,0.043294,0.102756,,1547000,,
1,1,,0.01798,0.367137,0.051977,0.019254,0.06702,0.040354,0.133964,0.075235,0.018856,0.208222,,1564000,,
1,9,,0.005236,0.141104,0.12036,0.242659,0.023355,0.120568,0.004321,0.036743,0.043888,0.261767,,1548800,,
1,1,,0.01643,0.24979,0.009575,0.006912,0.178638,0.005657,0.126508,0.162006,0.030444,0.21404,,1555300,,
1,1,,0.020982,0.356304,0.049476,0.032136,0.058418,0.048995,0.140037,0.062808,0.018672,0.212171,,1547200,,
1,1,,0.017447,0.354673,0.02273,0.009258,0.12181,0.010094,0.147692,0.133343,0.021718,0.161234,,1552600,,
1,1,,0.003321,0.424627,0.036759,0.008167,0.126844,0.007744,0.105127,0.124501,0.018375,0.144535,,1547700,,
1,1,,0.02369,0.363033,0.020819,0.007772,0.11051,0.007186,0.148983,0.130718,0.02603,0.16126,,1564600,,
1,1,,0.018791,0.514009,0.010726,0.007262,0.081668,0.009693,0.09573,0.101315,0.019828,0.140977,,1543700,,
1,1,,0.011313,0.505122,0.01259,0.007155,0.097478,0.003471,0.083121,0.111208,0.016074,0.152468,,1558400,,
1,9,,0.013777,0.171009,0.187758,0.122237,0.018245,0.130415,0.019097,0.057855,0.02269,0.256918,,1550400,,
1,1,,0.010593,0.372967,0.006779,0.012988,0.157784,0.007376,0.109787,0.130882,0.019957,0.170889,,1545100,,
1,1,,0.012331,0.513137,0.012436,0.00997,0.094312,0.003592,0.08703,0.103613,0.017787,0.145793,,1564200,,
1,2,,0.007446,0.187024,0.259745,0.188091,0.011664,0.093951,0.017376,0.067355,0.026352,0.140997,,1550400,,
1,2,,0.013587,0.187703,0.310878,0.202221,0.015191,0.089715,0.008974,0.045443,0.018666,0.107623,,1549000,,
1,2,,0.018998,0.175974,0.321716,0.206737,0.032569,0.104118,0.009511,0.045595,0.022515,0.062266,,1549500,,
1,2,,0.019404,0.127479,0.328489,0.092419,0.075131,0.066086,0.103421,0.066211,0.052426,0.068934,,1553800,,
1,1,,0.017584,0.514338,0.013373,0.0089,0.089867,0.003803,0.088603,0.098679,0.020695,0.144158,,1562800,,
1,2,,0.008833,0.182118,0.295024,0.181692,0.025798,0.103381,0.003342,0.044405,0.024444,0.130964,,1552900,,
1,9,,0.024937,0.22576,0.037588,0.019577,0.121225,0.092039,0.130829,0.085969,0.022297,0.239779,,1554700,,
1,1,,0.006567,0.411195,0.029333,0.010208,0.147939,0.009406,0.116943,0.116189,0.01988,0.13234,,1552400,,
1,2,,0.014697,0.155958,0.293137,0.133434,0.098604,0.071702,0.049444,0.067794,0.027232,0.087997,,1549300,,
1,2,,0.018662,0.116032,0.275293,0.202481,0.054177,0.099676,0.031042,0.080779,0.019328,0.102531,,1577600,,
1,1,,0.018645,0.373343,0.005383,0.00929,0.161042,0.007574,0.106755,0.126817,0.022172,0.168979,,1562400,,
1,9,,0.015322,0.254759,0.06742,0.004194,0.078674,0.05843,0.134241,0.071677,0.034917,0.280367,,1548200,,
1,2,,0.014384,0.146346,0.33977,0.166248,0.063037,0.088315,0.030391,0.058918,0.014149,0.078441,,1546900,,
1,1,,0.015736,0.215505,0.093499,0.137788,0.031938,0.140041,0.098478,0.071563,0.045006,0.150445,,1546200,,
1,1,,0.003253,0.407129,0.042488,0.007756,0.126844,0.007534,0.105776,0.136102,0.018431,0.144688,,1563400,,
1,1,,0.007652,0.409119,0.027667,0.009234,0.14103,0.00373,0.105118,0.128405,0.018233,0.14981,,1568100,,
1,1,,0.018185,0.516494,0.009359,0.009672,0.08316,0.00675,0.088729,0.103425,0.02046,0.143766,,1554100,,
1,2,,0.015714,0.165233,0.299686,0.091629,0.09587,0.066335,0.045232,0.084913,0.065106,0.070281,,1559800,,
1,1,,0.013376,0.391483,0.02586,0.00495,0.137639,0.005007,0.107,0.120458,0.029982,0.164243,,1556400,,
1,1,,0.028751,0.258921,0.037588,0.01302,0.119493,0.066637,0.131435,0.104029,0.038202,0.201922,,1555500,,
1,2,,0.009338,0.096958,0.251338,0.114531,0.066964,0.076957,0.075351,0.145125,0.070538,0.092899,,1557100,,
1,1,,0.008045,0.513175,0.01642,0.006771,0.081649,0.009964,0.082192,0.12552,0.014613,0.141651,,1563600,,
1,9,,0.009739,0.143246,0.236248,0.073091,0.021826,0.111516,0.023041,0.021734,0.027565,0.331996,,1575400,,
1,9,,0.011147,0.124703,0.212828,0.154495,0.010749,0.087782,0.018577,0.071723,0.032275,0.275721,,1572000,,
1,2,,0.037329,0.083459,0.234657,0.110536,0.042574,0.077565,0.158151,0.09805,0.06408,0.093599,,1567400,,
1,1,,0.016369,0.279645,0.138525,0.185266,0.037889,0.091959,0.076392,0.055142,0.020039,0.098773,,1557200,,
1,2,,0.009516,0.16259,0.299593,0.094741,0.084713,0.074801,0.060575,0.103565,0.037266,0.072638,,1559900,,
1,1,,0.014453,0.259877,0.18742,0.197363,0.049812,0.067779,0.048468,0.063235,0.022611,0.088981,,1562900,,
1,1,,0.009399,0.283316,0.021211,0.012113,0.174814,0.004737,0.110589,0.17556,0.029915,0.178347,,1549200,,
1,2,,0.017389,0.132186,0.344631,0.210128,0.057154,0.082132,0.024645,0.046385,0.03073,0.054619,,1570100,,
1,1,,0.025956,0.255757,0.190071,0.191888,0.061042,0.089123,0.047847,0.046495,0.023787,0.068035,,1554700,,
1,2,,0.01835,0.218463,0.29023,0.18744,0.032463,0.105796,0.013034,0.04667,0.015756,0.071798,,1555900,,
1,1,,0.020725,0.300308,0.025497,0.006599,0.146179,0.030987,0.120845,0.12558,0.023501,0.199779,,1550900,,
1,1,,0.016369,0.259416,0.187666,0.203002,0.058395,0.08965,0.045356,0.046459,0.019577,0.07411,,1593200,,
1,1,,0.018888,0.512207,0.011449,0.008694,0.086331,0.007516,0.088364,0.102343,0.020245,0.143962,,1557200,,
1,2,,0.023833,0.175281,0.324586,0.204056,0.020487,0.082088,0.012305,0.041834,0.014203,0.101326,,1566600,,
1,1,,0.009081,0.408055,0.027051,0.005193,0.145173,0.009004,0.105118,0.126171,0.020594,0.14456,,1561000,,
1,2,,0.013826,0.206175,0.260774,0.178229,0.032162,0.097638,0.012125,0.048135,0.033255,0.117681,,1563700,,
1,1,,0.020185,0.352113,0.020183,0.021565,0.105084,0.014052,0.153299,0.12505,0.023459,0.165011,,1553900,,
1,3,,0.019876,0.109056,0.213741,0.235809,0.030774,0.148728,0.044499,0.040487,0.029344,0.127688,,1546200,,
1,2,,0.02282,0.115219,0.293967,0.126771,0.055012,0.057862,0.119138,0.094221,0.058286,0.056704,,1558800,,
1,1,,0.017501,0.514753,0.010059,0.00864,0.090099,0.003391,0.089181,0.100183,0.021141,0.145052,,1562900,,
1,9,,0.007607,0.117398,0.207332,0.184608,0.035632,0.153017,0.005379,0.03262,0.022383,0.234023,,1579700,,
1,1,,0.003078,0.406895,0.034721,0.006912,0.129981,0.004383,0.105408,0.135496,0.024801,0.148324,,1545900,,
1,1,,0.020175,0.272507,0.017195,0.011323,0.157869,0.005336,0.124709,0.171652,0.036255,0.182977,,1547500,,
1,1,,0.021538,0.357064,0.049915,0.03278,0.059091,0.048542,0.139467,0.063846,0.01699,0.210767,,1559800,,
1,1,,0.014927,0.509349,0.010729,0.01204,0.099913,0.006304,0.08327,0.103845,0.017969,0.141655,,1570900,,
1,2,,0.019677,0.129812,0.287293,0.216767,0.022244,0.107623,0.011897,0.046392,0.019955,0.13834,,1564200,,
1,1,,0.003123,0.409996,0.037943,0.009241,0.126844,0.014915,0.105374,0.129976,0.019887,0.142701,,1561600,,
1,1,,0.019099,0.227685,0.019818,0.011054,0.119607,0.091861,0.147692,0.143508,0.021997,0.197679,,1559000,,
1,1,,0.01275,0.279789,0.120842,0.198908,0.024608,0.089801,0.075053,0.054843,0.022884,0.120522,,1569700,,
1,1,,0.013654,0.256172,0.00931,0.008749,0.172031,0.005207,0.12739,0.15877,0.026193,0.222524,,1559300,,
1,2,,0.016591,0.13126,0.273565,0.234507,0.028748,0.106207,0.013911,0.050088,0.018677,0.126444,,1579300,,
1,1,,0.012171,0.4012,0.02632,0.012141,0.140482,0.005872,0.119733,0.112965,0.017815,0.1513,,1559900,,
1,1,,0.005729,0.37382,0.009554,0.006912,0.169684,0.008464,0.098283,0.134691,0.022598,0.170265,,1560500,,
1,9,,0.020492,0.236168,0.054575,0.026584,0.067654,0.065567,0.146994,0.10723,0.027039,0.247697,,1548900,,
1,2,,0.008833,0.21913,0.255845,0.183451,0.026182,0.104877,0.007402,0.048112,0.025166,0.121002,,1547200,,
1,2,,0.01705,0.178895,0.276744,0.218571,0.028671,0.10376,0.026274,0.041607,0.025958,0.08247,,1546900,,
1,1,,0.010029,0.394769,0.030365,0.01003,0.150036,0.008172,0.116943,0.116002,0.015338,0.148317,,1551700,,
1,1,,0.014213,0.500061,0.011202,0.006265,0.097644,0.00548,0.08303,0.105455,0.020596,0.156054,,1555000,,
1,1,,0.013952,0.516407,0.01116,0.00595,0.099979,0.006931,0.081937,0.104822,0.017086,0.141778,,1571400,,
1,1,,0.013472,0.488419,0.010631,0.007819,0.105675,0.005169,0.082318,0.104384,0.019046,0.163068,,1551800,,
1,1,,0.012243,0.258562,0.011115,0.007629,0.184755,0.007269,0.124749,0.157139,0.023812,0.212726,,1571100,,
1,1,,0.008437,0.369469,0.005524,0.009116,0.17899,0.005659,0.097875,0.133565,0.020472,0.170893,,1557700,,
1,1,,0.01499,0.213568,0.092502,0.134244,0.02858,0.143344,0.09437,0.074436,0.049962,0.154003,,1563600,,
1,1,,0.019029,0.507827,0.009468,0.010581,0.084794,0.00821,0.095571,0.099916,0.019673,0.144932,,1545900,,
1,1,,0.026885,0.224823,0.018706,0.004042,0.132841,0.076893,0.147955,0.162881,0.019287,0.185686,,1550800,,
1,1,,0.01169,0.401662,0.006774,0.005785,0.157052,0.006789,0.105535,0.126712,0.019967,0.158035,,1559700,,
1,1,,0.014958,0.390503,0.007246,0.007819,0.164174,0.004766,0.099665,0.124256,0.021223,0.16539,,1553900,,
1,9,,0.02189,0.215479,0.017856,0.016685,0.114116,0.056424,0.15343,0.115005,0.042366,0.246747,,1565700,,
1,1,,0.012003,0.514676,0.009359,0.00943,0.096979,0.006023,0.083517,0.109243,0.017187,0.141584,,1559300,,
1,3,,0.025819,0.101915,0.189387,0.334556,0.018993,0.097812,0.010363,0.047355,0.026312,0.147488,,1577700,,
1,9,,0.023956,0.227687,0.056338,0.011028,0.122829,0.062863,0.121906,0.091387,0.039533,0.242474,,1544100,,
1,1,,0.030396,0.256708,0.025849,0.006796,0.103931,0.054439,0.158601,0.139005,0.024059,0.200215,,1562600,,
1,3,,0.015492,0.076618,0.225571,0.247252,0.094277,0.081105,0.030421,0.080391,0.03206,0.116814,,1567200,,
1,1,,0.011436,0.314191,0.028497,0.028028,0.149482,0.011575,0.117178,0.096069,0.018856,0.224687,,1550700,,
1,1,,0.008217,0.334831,0.02586,0.004038,0.135164,0.003494,0.105118,0.189076,0.030079,0.164123,,1560800,,
1,1,,0.014044,0.394209,0.047519,0.007155,0.080044,0.008614,0.135017,0.095398,0.021341,0.196659,,1553600,,
1,9,,0.01253,0.085704,0.199443,0.173735,0.033781,0.142215,0.027012,0.048417,0.025001,0.252161,,1562800,,
1,1,,0.015442,0.293129,0.117524,0.031739,0.081958,0.067908,0.121204,0.058102,0.012537,0.200457,,1562800,,
1,2,,0.015152,0.178602,0.279539,0.219086,0.029621,0.106988,0.025209,0.040589,0.021821,0.083393,,1553600,,
1,3,,0.017046,0.07941,0.20382,0.333948,0.029848,0.116073,0.010148,0.046448,0.026866,0.136393,,1570400,,
