pendigits,CWE,test,3,NANOSECONDS,PREDICTIONS, Generated by ClassifierExperiments.java on 2022-05-16 21:03:25.    SYSTEMPROPERTIES:{user.name:matth,os.arch:amd64,os.name:Windows 10},ENDSYSTEMPROPERTIES
No parameter info
0.5933666515220355,2613704200,3360462100,-1,83992168,10,,-1,-1
0,0,,0.51217,0.010787,0.021658,0.032711,0.020425,0.124142,0.038097,0.019059,0.187944,0.033007,,1759200,,
0,0,,0.456203,0.013741,0.0219,0.011426,0.034549,0.198329,0.01307,0.007392,0.228063,0.015328,,1541900,,
0,5,,0.353821,0.011643,0.004953,0.037266,0.023209,0.359388,0.016608,0.006314,0.176483,0.010315,,1541900,,
0,8,,0.255006,0.044375,0.05283,0.008072,0.084391,0.02119,0.045197,0.109699,0.32172,0.05752,,1537400,,
0,0,,0.333562,0.015488,0.006144,0.002766,0.068865,0.293002,0.09725,0.021929,0.153137,0.007857,,1543200,,
0,0,,0.419962,0.024464,0.030915,0.004652,0.034341,0.280576,0.013034,0.013,0.150776,0.028281,,1541500,,
0,0,,0.419597,0.016038,0.025819,0.011572,0.021127,0.341672,0.027152,0.005825,0.117283,0.013915,,1548100,,
0,0,,0.388451,0.027264,0.028937,0.003193,0.067119,0.264324,0.043915,0.012048,0.145337,0.019412,,1558900,,
0,0,,0.32507,0.012899,0.018334,0.003366,0.044696,0.065509,0.141538,0.02352,0.321281,0.043787,,1552600,,
0,0,,0.302787,0.021328,0.025015,0.021675,0.068372,0.210452,0.104097,0.027319,0.164038,0.054917,,1540800,,
0,0,,0.410791,0.009061,0.021497,0.019989,0.022654,0.272281,0.023152,0.00952,0.204598,0.006457,,1544200,,
0,0,,0.55864,0.008579,0.012024,0.028316,0.022303,0.12423,0.028853,0.004975,0.20409,0.00799,,1527600,,
0,0,,0.547338,0.005579,0.009603,0.048199,0.025518,0.127044,0.015839,0.003627,0.202842,0.014411,,1556200,,
0,0,,0.475887,0.01232,0.00899,0.054351,0.019246,0.164495,0.010278,0.002791,0.236218,0.015425,,1540400,,
0,0,,0.468047,0.007617,0.011579,0.028568,0.028277,0.189648,0.02207,0.004583,0.232785,0.006826,,1533800,,
0,0,,0.332646,0.008597,0.023975,0.038662,0.02065,0.194783,0.04651,0.020445,0.302332,0.0114,,1550800,,
0,0,,0.478392,0.007396,0.013421,0.028366,0.034223,0.103499,0.104286,0.028023,0.188195,0.014198,,1532900,,
0,0,,0.337954,0.021244,0.018615,0.001714,0.034696,0.301909,0.02614,0.0233,0.220641,0.013787,,1559300,,
0,0,,0.432818,0.014066,0.011525,0.034402,0.021886,0.243468,0.019951,0.004666,0.207712,0.009506,,1536100,,
0,8,,0.235555,0.031777,0.075615,0.042691,0.074282,0.013229,0.123293,0.096174,0.2712,0.036184,,1504500,,
0,0,,0.347875,0.020963,0.021639,0.00696,0.040004,0.344456,0.013752,0.01544,0.167932,0.020979,,1514200,,
0,0,,0.380626,0.00371,0.008905,0.035064,0.02857,0.333921,0.020861,0.005728,0.178587,0.004027,,1507400,,
0,0,,0.466455,0.009666,0.006514,0.038127,0.023333,0.140331,0.084408,0.010163,0.21339,0.007613,,1509800,,
0,8,,0.195313,0.008298,0.017714,0.005812,0.095771,0.047129,0.179063,0.031265,0.379331,0.040304,,1510900,,
0,0,,0.383853,0.010331,0.003564,0.014461,0.032419,0.096872,0.080853,0.02161,0.329076,0.02696,,1509300,,
0,0,,0.479507,0.010294,0.008275,0.043751,0.020031,0.136159,0.078758,0.007986,0.205625,0.009612,,1509200,,
0,0,,0.508457,0.006752,0.009288,0.035919,0.026143,0.226582,0.019365,0.004443,0.144951,0.018101,,1507300,,
0,0,,0.325457,0.018415,0.021716,0.002107,0.054884,0.278834,0.043341,0.019731,0.223097,0.012419,,1554200,,
0,0,,0.320043,0.070363,0.042857,0.019977,0.066195,0.182901,0.043769,0.064847,0.15969,0.029359,,1501100,,
0,8,,0.247932,0.052778,0.064483,0.050268,0.056052,0.049446,0.032541,0.035249,0.31569,0.09556,,1501900,,
0,0,,0.5635,0.019653,0.019898,0.008371,0.026857,0.12371,0.01316,0.010946,0.208098,0.005807,,1499500,,
0,5,,0.329087,0.015691,0.016101,0.008131,0.036959,0.36735,0.022063,0.009046,0.181382,0.01419,,1499300,,
0,0,,0.338226,0.018966,0.027704,0.019977,0.051456,0.183518,0.111801,0.03229,0.160457,0.055605,,1500100,,
0,0,,0.486404,0.007622,0.009076,0.039988,0.027599,0.161689,0.019187,0.004053,0.238584,0.005799,,1499100,,
0,6,,0.125196,0.006721,0.023161,0.005294,0.102658,0.03207,0.280943,0.127463,0.276367,0.020128,,1512700,,
0,0,,0.360479,0.033054,0.05859,0.075326,0.099892,0.028491,0.021092,0.035672,0.222922,0.064481,,1504900,,
0,0,,0.492801,0.011111,0.022744,0.018441,0.020656,0.174096,0.02165,0.01332,0.21867,0.006511,,1499400,,
0,0,,0.503801,0.013172,0.026525,0.047889,0.022474,0.120412,0.038097,0.01844,0.192455,0.016735,,1502300,,
0,5,,0.34823,0.01702,0.020636,0.003102,0.045654,0.372948,0.031245,0.010277,0.126503,0.024388,,1508800,,
0,0,,0.490764,0.00517,0.005411,0.018747,0.019212,0.147682,0.047183,0.017935,0.224425,0.023472,,1499300,,
0,1,,0.012921,0.233754,0.122353,0.088299,0.098928,0.07449,0.11417,0.098237,0.036702,0.120146,,1504500,,
0,0,,0.388978,0.008475,0.022236,0.032845,0.026936,0.332051,0.011521,0.010363,0.149711,0.016884,,1502000,,
0,0,,0.419189,0.015402,0.021182,0.020603,0.050271,0.099224,0.109915,0.036877,0.188573,0.038763,,1500200,,
0,0,,0.506079,0.012257,0.01946,0.054402,0.023724,0.117321,0.038097,0.017362,0.192442,0.018856,,1499600,,
0,0,,0.506442,0.015315,0.026557,0.047986,0.021749,0.117652,0.038552,0.01607,0.191092,0.018585,,1497100,,
0,0,,0.43086,0.019001,0.023504,0.021857,0.051489,0.09691,0.108638,0.027795,0.178949,0.040996,,1499700,,
0,0,,0.404379,0.01558,0.025054,0.009235,0.0716,0.175693,0.029252,0.015635,0.239629,0.013943,,1499100,,
0,0,,0.398628,0.029085,0.019202,0.001373,0.042247,0.146456,0.032588,0.022011,0.240665,0.067745,,1506000,,
0,0,,0.506717,0.006689,0.011954,0.049024,0.02285,0.168953,0.01019,0.004887,0.203081,0.015655,,1498900,,
0,0,,0.295026,0.012294,0.028472,0.007913,0.083409,0.010111,0.201089,0.053945,0.245524,0.062218,,1507300,,
0,0,,0.381382,0.024305,0.03234,0.00729,0.065749,0.056777,0.122281,0.031532,0.236399,0.041944,,1500200,,
0,0,,0.503607,0.008799,0.006698,0.051085,0.018593,0.143454,0.045819,0.001065,0.19999,0.020889,,1504200,,
0,0,,0.483909,0.005962,0.007342,0.048666,0.027521,0.176501,0.010011,0.005008,0.21991,0.01517,,1499800,,
0,0,,0.322367,0.018605,0.015925,0.021153,0.028155,0.266284,0.130361,0.020582,0.134959,0.041608,,1501100,,
0,8,,0.065533,0.04346,0.066486,0.045366,0.085422,0.015852,0.121325,0.143059,0.39833,0.015168,,1503500,,
0,0,,0.486023,0.018765,0.032249,0.004753,0.027731,0.228273,0.015114,0.013306,0.152121,0.021665,,1501200,,
0,0,,0.394553,0.017262,0.023634,0.005398,0.021089,0.331704,0.015924,0.007216,0.173113,0.010108,,1498300,,
0,0,,0.501975,0.009764,0.02143,0.01629,0.02152,0.172544,0.020448,0.00909,0.217113,0.009826,,1501800,,
0,0,,0.438961,0.025804,0.022022,0.00592,0.024442,0.126264,0.016704,0.023675,0.258539,0.057668,,1501200,,
0,0,,0.505239,0.00792,0.016112,0.016521,0.021502,0.158269,0.02072,0.01399,0.234479,0.005249,,1517800,,
0,8,,0.18228,0.017084,0.019947,0.001714,0.051519,0.192297,0.022492,0.018406,0.475678,0.018581,,1504000,,
0,0,,0.434675,0.021261,0.026531,0.003574,0.069129,0.158624,0.011488,0.018635,0.214995,0.041088,,1500100,,
0,0,,0.512332,0.009431,0.007202,0.042887,0.028234,0.14028,0.044615,0.008136,0.201697,0.005187,,1498400,,
0,0,,0.454209,0.015599,0.017295,0.008322,0.017475,0.191434,0.01544,0.011099,0.262116,0.007011,,1499400,,
0,0,,0.411388,0.009866,0.024856,0.003333,0.027446,0.315379,0.012341,0.013485,0.176115,0.005791,,1501300,,
0,0,,0.491822,0.005093,0.008542,0.048749,0.02843,0.161992,0.010011,0.002971,0.228661,0.01373,,1496500,,
0,0,,0.500599,0.012167,0.005259,0.055275,0.029028,0.128809,0.032712,0.01192,0.205013,0.019218,,1501100,,
0,0,,0.464351,0.022817,0.017087,0.005644,0.043139,0.177439,0.013315,0.011341,0.23017,0.014697,,1515800,,
0,0,,0.365309,0.012674,0.033137,0.00234,0.039727,0.312105,0.029886,0.009191,0.16875,0.026882,,1506900,,
0,0,,0.489595,0.007733,0.005553,0.04139,0.025835,0.165762,0.051593,0.001268,0.187545,0.023725,,1503800,,
0,0,,0.373991,0.009377,0.022387,0.031503,0.026824,0.323721,0.011643,0.011845,0.171937,0.016773,,1507400,,
0,5,,0.342884,0.01923,0.021905,0.005221,0.028914,0.375456,0.019779,0.011648,0.166947,0.008016,,1499900,,
0,0,,0.416842,0.018603,0.020186,0.004779,0.035777,0.160908,0.024596,0.015268,0.24041,0.062631,,1503800,,
0,0,,0.509801,0.010093,0.018634,0.012991,0.021979,0.173119,0.017292,0.008066,0.221378,0.006647,,1498500,,
0,0,,0.424398,0.012019,0.01903,0.006246,0.070423,0.074462,0.118554,0.035108,0.199475,0.040284,,1503000,,
0,8,,0.193116,0.019747,0.013563,0.002745,0.074101,0.03379,0.193581,0.072891,0.35387,0.042596,,1502400,,
0,0,,0.489238,0.013974,0.003514,0.051512,0.021203,0.143433,0.016668,0.002133,0.241212,0.017111,,1502300,,
0,8,,0.203332,0.009468,0.029417,0.004037,0.089522,0.012221,0.218829,0.053146,0.354495,0.025533,,1514300,,
0,0,,0.457526,0.014424,0.017759,0.026261,0.035658,0.117076,0.083196,0.022449,0.210269,0.015381,,1511100,,
0,0,,0.410102,0.014959,0.019246,0.00494,0.056024,0.237149,0.038421,0.016513,0.170476,0.03217,,1504200,,
0,0,,0.373756,0.017461,0.025673,0.002391,0.035382,0.345645,0.015211,0.012312,0.157509,0.014662,,1552800,,
0,0,,0.473845,0.02335,0.021666,0.003896,0.018545,0.123677,0.02808,0.031089,0.245631,0.03022,,1535900,,
0,5,,0.317428,0.009717,0.029134,0.016021,0.052317,0.352048,0.032882,0.012711,0.164192,0.013552,,1502600,,
0,0,,0.409755,0.013395,0.02134,0.019402,0.050372,0.202153,0.023772,0.008383,0.226357,0.025071,,1501400,,
0,0,,0.376011,0.009469,0.026884,0.022798,0.025096,0.332276,0.017175,0.00905,0.161955,0.019286,,1500000,,
0,0,,0.453787,0.008028,0.019104,0.01866,0.040511,0.103559,0.1316,0.014977,0.186789,0.022984,,1500900,,
0,0,,0.508457,0.014606,0.017778,0.007428,0.018762,0.172995,0.018099,0.011609,0.222676,0.007592,,1516200,,
0,5,,0.283883,0.021276,0.02157,0.008316,0.029587,0.412762,0.019215,0.01671,0.178898,0.007783,,1508200,,
0,0,,0.48867,0.013694,0.017894,0.003574,0.020666,0.15891,0.01662,0.010226,0.263366,0.006378,,1512800,,
0,0,,0.280156,0.015959,0.014752,0,0.064255,0.265912,0.182345,0.03227,0.132829,0.011522,,1501900,,
0,8,,0.183441,0.01152,0.00659,0.051834,0.029537,0.202414,0.012928,0.001991,0.476415,0.023331,,1503400,,
0,0,,0.502623,0.005121,0.003564,0.035806,0.02931,0.147963,0.066475,0.001437,0.180889,0.026812,,1704200,,
0,8,,0.233441,0.038599,0.041452,0.006043,0.064955,0.00912,0.11343,0.079408,0.369427,0.044125,,1515300,,
0,5,,0.2388,0.060299,0.036564,0.021675,0.075386,0.293725,0.090954,0.022499,0.131189,0.028907,,1509400,,
0,0,,0.398875,0.012883,0.029494,0.007949,0.022772,0.263003,0.032266,0.009238,0.210957,0.012562,,1505400,,
0,8,,0.30075,0.0066,0.009075,0.011133,0.053984,0.076451,0.13229,0.018053,0.379701,0.011961,,1504700,,
0,0,,0.510788,0.015949,0.007758,0.032769,0.023619,0.128713,0.043563,0.016623,0.207555,0.012665,,1539200,,
0,1,,0.022616,0.199672,0.086004,0.08072,0.109115,0.063682,0.1272,0.124526,0.042349,0.144115,,1503800,,
0,0,,0.414508,0.02082,0.026675,0.003782,0.019465,0.265811,0.018181,0.017425,0.202105,0.011229,,1504100,,
0,5,,0.351041,0.017286,0.006861,0.035868,0.021254,0.409511,0.059169,0.008143,0.072809,0.018058,,1501600,,
0,0,,0.376541,0.007163,0.009112,0.050667,0.018183,0.340949,0.01165,0.001991,0.167858,0.015885,,1498700,,
0,0,,0.302103,0.021905,0.038814,0.021398,0.077035,0.252547,0.090954,0.022295,0.117558,0.055391,,1502200,,
0,0,,0.431169,0.016647,0.022636,0.003927,0.022882,0.263722,0.013933,0.010383,0.204172,0.010529,,1513900,,
0,0,,0.463344,0.011998,0.006951,0.048059,0.017695,0.226201,0.045801,0.001784,0.154839,0.023329,,1507500,,
0,8,,0.172107,0.033522,0.020921,0.007642,0.031648,0.196614,0.024706,0.026582,0.476399,0.009859,,1504000,,
0,5,,0.324095,0.005425,0.014171,0.017615,0.038443,0.343854,0.020661,0.011199,0.214539,0.009998,,1510800,,
0,0,,0.499488,0.010112,0.017431,0.017471,0.023444,0.159398,0.019727,0.005274,0.242127,0.005528,,1525700,,
0,0,,0.500449,0.007762,0.011059,0.021089,0.034761,0.15698,0.024136,0.002786,0.233799,0.007177,,1499500,,
0,0,,0.47594,0.007867,0.009599,0.028352,0.031209,0.14122,0.046781,0.020473,0.234132,0.004428,,1501000,,
0,0,,0.414163,0.015217,0.021835,0.004,0.045598,0.235617,0.024913,0.02693,0.173524,0.038204,,1502300,,
0,0,,0.507242,0.011056,0.019988,0.051977,0.016097,0.122893,0.038332,0.017255,0.195342,0.019818,,1499200,,
0,0,,0.498016,0.012341,0.018229,0.012675,0.018166,0.173709,0.026914,0.006997,0.225189,0.007764,,1504300,,
0,0,,0.350633,0.007027,0.026742,0.008571,0.063003,0.069514,0.168001,0.038169,0.22002,0.048319,,1501100,,
0,0,,0.352399,0.02287,0.01803,0.002078,0.047171,0.150477,0.030397,0.029003,0.2996,0.047975,,1503300,,
0,0,,0.508103,0.009554,0.003043,0.026221,0.025851,0.149794,0.066693,0.001278,0.179733,0.02973,,1499000,,
0,0,,0.293387,0.022991,0.017821,0.004873,0.034573,0.185859,0.154231,0.025317,0.222282,0.038667,,1502400,,
0,5,,0.308784,0.011901,0.01732,0.009817,0.030327,0.414547,0.023863,0.011759,0.151332,0.020349,,1519800,,
0,0,,0.405602,0.023429,0.039075,0.020178,0.045927,0.159911,0.101158,0.037545,0.094918,0.072257,,1502100,,
0,0,,0.504367,0.012613,0.026367,0.009303,0.018245,0.172644,0.018713,0.008197,0.225902,0.00365,,1498600,,
0,0,,0.478799,0.005449,0.010802,0.051145,0.027111,0.172014,0.010011,0.005585,0.221938,0.017145,,1498900,,
0,0,,0.462776,0.013944,0.028277,0.011153,0.030029,0.176875,0.020583,0.011887,0.233654,0.010822,,1498800,,
0,0,,0.479206,0.011679,0.024187,0.019763,0.017959,0.156481,0.020117,0.013361,0.251695,0.005552,,1516600,,
0,0,,0.457064,0.009949,0.021186,0.014257,0.044715,0.10098,0.124961,0.014895,0.187162,0.024831,,1500900,,
0,0,,0.372504,0.01175,0.00729,0.006957,0.069654,0.262099,0.126597,0.016579,0.112233,0.014337,,1503200,,
0,8,,0.303138,0.020158,0.016183,0.008985,0.053734,0.017246,0.127718,0.026581,0.361457,0.064799,,1501800,,
0,0,,0.329216,0.023855,0.01928,0.002917,0.075295,0.26167,0.044291,0.025307,0.209857,0.008311,,1501200,,
0,0,,0.363078,0.042877,0.066416,0.063054,0.059269,0.041066,0.014304,0.045396,0.202634,0.101904,,1504000,,
0,0,,0.466542,0.005261,0.010429,0.035475,0.035658,0.109552,0.090561,0.028986,0.190209,0.027328,,1500400,,
0,0,,0.375054,0.03939,0.044094,0.011122,0.10724,0.010185,0.037698,0.085154,0.262189,0.027874,,1499700,,
0,0,,0.479846,0.016081,0.025819,0.007209,0.023079,0.153117,0.016327,0.008902,0.260004,0.009617,,1499700,,
0,0,,0.358362,0.016994,0.022493,0.011367,0.024721,0.329371,0.020889,0.00552,0.202384,0.007899,,1501800,,
0,0,,0.513977,0.011993,0.007601,0.041149,0.019884,0.092141,0.01976,0.003984,0.245732,0.043778,,1500900,,
0,0,,0.491095,0.00412,0.005022,0.034443,0.023531,0.102167,0.048836,0.016133,0.220281,0.054372,,1514800,,
0,0,,0.474441,0.006756,0.008959,0.048296,0.026446,0.169508,0.010011,0.004645,0.236884,0.014053,,1501300,,
0,4,,0.007318,0.074813,0.106219,0.048713,0.25952,0.020824,0.174948,0.197241,0.059954,0.050449,,1502100,,
0,0,,0.447957,0.014781,0.025296,0.040393,0.019408,0.10189,0.046339,0.020653,0.275381,0.007901,,1498400,,
0,0,,0.378448,0.021736,0.018844,0.0075,0.061692,0.139591,0.041311,0.02788,0.244519,0.058478,,1518400,,
0,0,,0.394693,0.023763,0.022511,0.006043,0.053227,0.165336,0.116904,0.033379,0.140169,0.043975,,1501500,,
0,7,,0.010472,0.026369,0.115021,0.046094,0.250021,0.018556,0.177576,0.250801,0.074992,0.030097,,1513000,,
0,0,,0.47967,0.013454,0.01786,0.009562,0.02688,0.190096,0.019114,0.008897,0.22627,0.008198,,1499100,,
0,0,,0.3595,0.011829,0.006788,0.00987,0.111826,0.087315,0.069409,0.023802,0.302972,0.016687,,1500800,,
0,8,,0.033154,0.018426,0.070309,0.00906,0.081709,0.00863,0.2613,0.11164,0.366672,0.039101,,1505800,,
0,0,,0.488873,0.004974,0.014876,0.02986,0.021283,0.162507,0.010278,0.010233,0.240214,0.016903,,1500000,,
0,0,,0.470956,0.024385,0.019061,0.002956,0.02863,0.173826,0.016174,0.014099,0.243753,0.006159,,1505700,,
0,0,,0.444806,0.005862,0.023564,0.032102,0.022689,0.11408,0.034764,0.019215,0.270318,0.032599,,1496800,,
0,0,,0.503078,0.014333,0.004906,0.049655,0.0202,0.159575,0.010246,0.004693,0.21845,0.014863,,1500400,,
0,0,,0.446513,0.023323,0.030683,0.008002,0.026741,0.143564,0.026569,0.018738,0.241016,0.034851,,1517900,,
0,0,,0.373405,0.014296,0.02334,0.01029,0.02801,0.319239,0.025903,0.010371,0.187308,0.007836,,1500400,,
0,0,,0.344753,0.016595,0.005302,0.00603,0.063652,0.150081,0.044273,0.026671,0.301716,0.040928,,1501800,,
0,0,,0.560357,0.01593,0.018502,0.013916,0.028199,0.125257,0.016313,0.012248,0.200817,0.008461,,1499500,,
0,0,,0.386618,0.017429,0.009651,0.003036,0.074572,0.112305,0.093971,0.01941,0.238698,0.04431,,1499000,,
0,0,,0.453503,0.012246,0.016215,0.010305,0.021118,0.192945,0.023106,0.007803,0.25378,0.00898,,1498300,,
0,0,,0.49792,0.021232,0.024207,0.004048,0.015328,0.132044,0.021212,0.015138,0.23759,0.031281,,1497900,,
0,0,,0.520564,0.009028,0.012721,0.019759,0.031667,0.134445,0.0423,0.006144,0.215732,0.007639,,1509500,,
0,0,,0.509547,0.008191,0.018472,0.013359,0.026846,0.1622,0.021883,0.013339,0.219783,0.00638,,1498600,,
0,0,,0.391145,0.013111,0.030224,0.005626,0.02659,0.288999,0.028607,0.014033,0.183354,0.018312,,1511100,,
0,0,,0.276195,0.016021,0.008232,0.005781,0.10852,0.179783,0.119856,0.02034,0.246083,0.019188,,1519300,,
0,8,,0.22331,0.036969,0.041684,0.020125,0.075165,0.015096,0.028884,0.067873,0.421614,0.06928,,1503200,,
0,0,,0.409983,0.048899,0.030263,0.107253,0.031065,0.038763,0.028511,0.037067,0.164553,0.103641,,1499900,,
0,0,,0.32887,0.020817,0.026615,0.003448,0.033314,0.263709,0.011033,0.018351,0.289511,0.004332,,1500900,,
0,0,,0.49895,0.011956,0.004122,0.00624,0.045597,0.077559,0.064173,0.026088,0.224932,0.040383,,1501300,,
0,0,,0.407595,0.020905,0.030679,0.004292,0.018919,0.279597,0.01515,0.018447,0.196989,0.007427,,1501600,,
0,0,,0.522093,0.010144,0.018563,0.014009,0.022555,0.152676,0.021586,0.005034,0.226686,0.006655,,1499400,,
0,0,,0.369568,0.025622,0.023196,0.003792,0.030115,0.317895,0.005238,0.015389,0.202256,0.006929,,1499500,,
0,0,,0.348823,0.031605,0.030692,0.006525,0.024549,0.300157,0.019299,0.013946,0.217335,0.007068,,1505100,,
0,0,,0.441453,0.01231,0.025799,0.023363,0.037378,0.183858,0.014052,0.005472,0.234116,0.0222,,1498300,,
0,0,,0.495743,0.020841,0.026537,0.00245,0.051541,0.129041,0.028977,0.019653,0.206024,0.019194,,1502600,,
0,8,,0.177032,0.004533,0.021715,0.005643,0.102334,0.029544,0.211827,0.057494,0.357509,0.032369,,1505700,,
0,0,,0.451695,0.008103,0.028166,0.034453,0.025941,0.099209,0.048667,0.021452,0.274341,0.007972,,1499800,,
0,0,,0.435928,0.012895,0.00841,0.027986,0.022678,0.228617,0.052399,0.006463,0.197147,0.007477,,1500800,,
0,8,,0.133398,0.074688,0.026444,0.120958,0.102296,0.054263,0.099576,0.136444,0.182752,0.069179,,1502200,,
0,5,,0.320811,0.008083,0.01943,0.0128,0.040988,0.355406,0.031658,0.008279,0.185021,0.017524,,1500400,,
0,0,,0.326454,0.021847,0.029621,0.002286,0.076211,0.322714,0.034217,0.013202,0.164709,0.008739,,1506200,,
0,0,,0.410819,0.018133,0.021197,0.009611,0.026138,0.299246,0.012062,0.017372,0.177137,0.008286,,1501200,,
0,0,,0.388347,0.024838,0.023449,0.002766,0.026874,0.343244,0.016206,0.013639,0.151366,0.009272,,1499200,,
0,0,,0.461914,0.012937,0.027178,0.00617,0.027366,0.165717,0.015835,0.012756,0.258334,0.011793,,1516700,,
0,5,,0.327688,0.016668,0.035711,0.004575,0.021927,0.380926,0.015645,0.013785,0.172988,0.010087,,1510600,,
0,0,,0.469477,0.006501,0.011817,0.024389,0.026207,0.192151,0.014948,0.004303,0.236782,0.013425,,1503500,,
0,8,,0.154043,0.029688,0.025789,0.005261,0.069741,0.076974,0.114806,0.040229,0.442049,0.04142,,1505900,,
0,0,,0.416209,0.01331,0.023878,0.005088,0.05555,0.145295,0.03725,0.017987,0.23899,0.046443,,1505000,,
0,0,,0.424799,0.006298,0.017855,0.035585,0.036065,0.11126,0.130361,0.01645,0.195063,0.026263,,1498600,,
0,7,,0.017365,0.019562,0.067973,0.020802,0.13059,0.007753,0.251367,0.29219,0.15475,0.037647,,1507300,,
0,0,,0.357588,0.030169,0.041309,0.020597,0.087571,0.018222,0.028884,0.067257,0.290387,0.058015,,1501500,,
0,0,,0.471413,0.016305,0.021563,0.002834,0.032116,0.183595,0.018188,0.007042,0.23386,0.013085,,1505400,,
0,0,,0.311889,0.031198,0.018071,0.016508,0.034907,0.302339,0.133764,0.014457,0.11473,0.022139,,1504800,,
0,0,,0.336672,0.030759,0.020365,0.003111,0.067955,0.29691,0.044565,0.022412,0.14947,0.027782,,1511200,,
0,0,,0.457482,0.007323,0.028705,0.031786,0.029611,0.097418,0.039454,0.021675,0.282101,0.004445,,1503900,,
0,0,,0.326855,0.010907,0.01985,0.021059,0.043266,0.209876,0.137328,0.019326,0.171417,0.040116,,1503900,,
0,0,,0.290764,0.012056,0.024178,0.005616,0.130923,0.032308,0.221061,0.030998,0.237292,0.014804,,1503600,,
0,8,,0.115956,0.030221,0.070613,0.024734,0.068332,0.00569,0.136746,0.094813,0.415172,0.037724,,1502900,,
0,0,,0.507625,0.005213,0.011338,0.026987,0.029183,0.157683,0.017958,0.004273,0.232871,0.006869,,1505400,,
0,0,,0.511116,0.013607,0.020107,0.008322,0.019017,0.171557,0.018426,0.012299,0.218992,0.006558,,1501100,,
0,0,,0.394873,0.017373,0.02446,0.003366,0.030916,0.327515,0.019557,0.016238,0.15963,0.006073,,1501300,,
0,0,,0.392922,0.009579,0.024856,0.005333,0.014155,0.310308,0.033155,0.007008,0.196154,0.006529,,1503600,,
0,8,,0.335269,0.024565,0.023915,0.0035,0.030596,0.159327,0.019064,0.033751,0.355596,0.014415,,1500900,,
0,0,,0.33322,0.017299,0.021746,0.021966,0.045366,0.217766,0.109915,0.03177,0.159997,0.040955,,1501100,,
0,0,,0.500542,0.010413,0.017386,0.013364,0.023023,0.175721,0.02072,0.008531,0.224155,0.006144,,1533500,,
0,0,,0.469364,0.00872,0.023067,0.022002,0.023114,0.174535,0.021615,0.009519,0.240377,0.007687,,1497900,,
0,0,,0.42508,0.009815,0.016474,0.019847,0.036446,0.100241,0.130583,0.019729,0.191161,0.050623,,1497600,,
0,0,,0.432132,0.017537,0.03376,0.008196,0.028372,0.202064,0.019427,0.011398,0.236155,0.010958,,1500200,,
0,8,,0.149596,0.016092,0.020046,0.005133,0.060912,0.18903,0.029718,0.027306,0.492065,0.010103,,1499700,,
0,0,,0.257222,0.009697,0.021944,0.005591,0.088853,0.052815,0.216945,0.047107,0.250127,0.049698,,1504000,,
0,0,,0.43912,0.007849,0.01234,0.029598,0.020682,0.22773,0.053838,0.006643,0.193629,0.00857,,1498900,,
0,0,,0.300609,0.039869,0.053419,0.0346,0.042415,0.080628,0.139762,0.077088,0.198934,0.032675,,1500400,,
0,0,,0.461246,0.007009,0.020821,0.026057,0.020706,0.109225,0.048884,0.018213,0.267775,0.020065,,1501000,,
0,0,,0.443342,0.009978,0.017937,0.027725,0.045887,0.110171,0.12075,0.012531,0.180294,0.031386,,1501400,,
0,0,,0.477903,0.009613,0.004775,0.016828,0.020283,0.131633,0.089784,0.020357,0.205915,0.022909,,1503400,,
0,0,,0.483445,0.007043,0.009048,0.033118,0.027717,0.145153,0.043835,0.018202,0.224344,0.008094,,1557700,,
0,0,,0.436491,0.00412,0.008995,0.023565,0.045412,0.112663,0.137447,0.034666,0.180483,0.016157,,1498600,,
0,0,,0.506644,0.009771,0.006912,0.032596,0.045509,0.12911,0.035524,0.008954,0.21738,0.007598,,1498400,,
0,8,,0.106699,0.024061,0.060257,0.023846,0.074183,0.015018,0.165369,0.065202,0.426134,0.039229,,1502800,,
0,0,,0.482729,0.006969,0.012938,0.037,0.027314,0.164587,0.010011,0.005941,0.236434,0.016078,,1501600,,
0,0,,0.543208,0.011752,0.018885,0.026642,0.020626,0.136033,0.010011,0.008116,0.200466,0.02426,,1497800,,
0,0,,0.399002,0.015827,0.02374,0.002778,0.051654,0.150346,0.031177,0.028513,0.282088,0.014874,,1502200,,
0,0,,0.496272,0.007188,0.009125,0.048008,0.024918,0.157058,0.010465,0.00298,0.22817,0.015816,,1496500,,
0,0,,0.446187,0.012138,0.016096,0.008913,0.030478,0.198459,0.030791,0.011748,0.234727,0.010463,,1499100,,
0,5,,0.306875,0.010952,0.025792,0.002817,0.037174,0.400014,0.019764,0.013946,0.161585,0.021082,,1500500,,
0,0,,0.373271,0.020373,0.002903,0.004881,0.028524,0.1035,0.070301,0.016538,0.338449,0.041261,,1507500,,
0,0,,0.343924,0.014979,0.019069,0.006098,0.046874,0.147869,0.052238,0.022641,0.305015,0.041292,,1501300,,
0,0,,0.427557,0.012658,0.01943,0.001841,0.045913,0.186117,0.033526,0.01306,0.241759,0.018139,,1499300,,
0,0,,0.459643,0.008799,0.022619,0.004774,0.033174,0.168578,0.025225,0.015081,0.251038,0.011067,,1499500,,
0,0,,0.421809,0.017931,0.030761,0.005712,0.032561,0.282947,0.027518,0.010151,0.146188,0.024423,,1500000,,
0,8,,0.180176,0.028736,0.040851,0.018513,0.092686,0.01475,0.095824,0.192848,0.280204,0.055411,,1502600,,
0,0,,0.39866,0.03346,0.076364,0.011564,0.084144,0.120659,0.048726,0.047518,0.111662,0.067244,,1501100,,
0,0,,0.398724,0.011514,0.010553,0.037304,0.020422,0.325233,0.018413,0.002573,0.164274,0.01099,,1503400,,
0,0,,0.357496,0.025366,0.027169,0.001892,0.043932,0.281081,0.0262,0.018912,0.201943,0.016008,,1510900,,
0,0,,0.311713,0.033011,0.029413,0.026136,0.042127,0.261387,0.106696,0.028083,0.132292,0.029141,,1507000,,
0,0,,0.496298,0.012853,0.021115,0.016193,0.022746,0.173856,0.018278,0.00591,0.224727,0.008025,,1500000,,
0,0,,0.36711,0.015331,0.034685,0.003243,0.015046,0.332136,0.021546,0.015891,0.191122,0.00389,,1510500,,
1,1,,0.01371,0.237862,0.057524,0.068159,0.064857,0.109646,0.080224,0.089364,0.054027,0.224627,,1514700,,
1,2,,0.019589,0.167879,0.281025,0.114918,0.072215,0.078752,0.040944,0.093755,0.062826,0.068098,,1507800,,
1,1,,0.011481,0.238249,0.029033,0.037803,0.17108,0.006903,0.102725,0.158708,0.033371,0.210647,,1500600,,
1,3,,0.024516,0.162505,0.14367,0.163651,0.047761,0.117285,0.096423,0.088149,0.028087,0.127951,,1500200,,
1,3,,0.017848,0.157188,0.176012,0.299443,0.023283,0.087223,0.009381,0.066231,0.032688,0.130703,,1502700,,
1,2,,0.014738,0.210781,0.291134,0.187332,0.016007,0.06519,0.011098,0.069395,0.02793,0.106395,,1498200,,
1,1,,0.011122,0.467083,0.022354,0.044697,0.102096,0.008761,0.058362,0.119872,0.023989,0.141664,,1501000,,
1,9,,0.023941,0.161584,0.026882,0.004658,0.189883,0.016116,0.103889,0.179085,0.055604,0.23836,,1505600,,
1,9,,0.018648,0.120954,0.168223,0.160393,0.0432,0.116338,0.027751,0.047628,0.053447,0.243419,,1501400,,
1,1,,0.02097,0.462496,0.022145,0.041559,0.088841,0.020728,0.056598,0.11376,0.036966,0.135937,,1511700,,
1,2,,0.021934,0.204611,0.28172,0.180801,0.02736,0.100017,0.014457,0.071806,0.021069,0.076225,,1502300,,
1,1,,0.016758,0.318145,0.033683,0.033839,0.113254,0.038239,0.113028,0.154321,0.022631,0.156104,,1498600,,
1,2,,0.008317,0.192363,0.230346,0.188063,0.020673,0.106662,0.013919,0.088042,0.030061,0.121554,,1499800,,
1,1,,0.013145,0.227245,0.024288,0.035522,0.192103,0.008952,0.111427,0.152728,0.047367,0.187223,,1511900,,
1,1,,0.009909,0.268167,0.026754,0.015301,0.112119,0.012227,0.113028,0.209486,0.027122,0.205888,,1501600,,
1,1,,0.026454,0.233855,0.227226,0.187212,0.029332,0.066773,0.011205,0.022507,0.044652,0.150783,,1501100,,
1,1,,0.010794,0.467849,0.03478,0.031146,0.094783,0.0175,0.056598,0.116994,0.024151,0.145404,,1507500,,
1,1,,0.015886,0.486269,0.024877,0.040936,0.093563,0.015882,0.058136,0.108903,0.024953,0.130595,,1509100,,
1,1,,0.015855,0.352947,0.086133,0.075187,0.045807,0.04556,0.051296,0.055217,0.017064,0.254935,,1501300,,
1,1,,0.015756,0.245762,0.131724,0.208623,0.037487,0.078732,0.079464,0.062858,0.027544,0.112051,,1499800,,
1,1,,0.010537,0.220592,0.08695,0.145861,0.061567,0.120162,0.08224,0.100118,0.056158,0.115816,,1519500,,
1,1,,0.029467,0.38382,0.051639,0.031495,0.049147,0.047961,0.107912,0.057605,0.032768,0.208187,,1517300,,
1,1,,0.016335,0.241066,0.135924,0.201995,0.030989,0.083751,0.071232,0.06572,0.0234,0.129587,,1506900,,
1,1,,0.021027,0.426767,0.019338,0.019155,0.088761,0.009035,0.056598,0.176915,0.03749,0.144917,,1498800,,
1,7,,0.02542,0.139692,0.026882,0.012158,0.211026,0.001633,0.127105,0.225245,0.063517,0.167322,,1500900,,
1,1,,0.018884,0.445163,0.030541,0.059121,0.080457,0.022215,0.066816,0.103024,0.022059,0.15172,,1500400,,
1,1,,0.014587,0.332037,0.028506,0.047912,0.146238,0.015274,0.086788,0.136258,0.025195,0.167205,,1498700,,
1,1,,0.01928,0.292708,0.024213,0.012033,0.10893,0.014046,0.123937,0.203728,0.03577,0.165357,,1502500,,
1,1,,0.015915,0.285825,0.029147,0.037444,0.131671,0.064685,0.095156,0.134136,0.017933,0.188087,,1499800,,
1,3,,0.015736,0.17458,0.154247,0.294651,0.021115,0.09332,0.010029,0.097104,0.023559,0.11566,,1500700,,
1,1,,0.009211,0.381551,0.0334,0.042603,0.149481,0.007882,0.095652,0.125086,0.023794,0.131341,,1501300,,
1,1,,0.010436,0.280158,0.026896,0.022757,0.160199,0.05848,0.088567,0.149678,0.016513,0.186316,,1511000,,
1,2,,0.022602,0.157366,0.274452,0.126957,0.06964,0.053964,0.060328,0.130046,0.032097,0.072548,,1500000,,
1,2,,0.020623,0.182414,0.259105,0.221297,0.024673,0.086685,0.007701,0.069747,0.023246,0.104509,,1502000,,
1,3,,0.017002,0.139604,0.17477,0.250716,0.028394,0.132064,0.015737,0.070685,0.032562,0.138467,,1497800,,
1,1,,0.009858,0.250879,0.035658,0.028819,0.175122,0.012378,0.103495,0.160972,0.037115,0.185704,,1500900,,
1,1,,0.006656,0.468649,0.035923,0.038632,0.092025,0.009918,0.057627,0.123601,0.023519,0.143452,,1500200,,
1,1,,0.017067,0.370611,0.043699,0.03579,0.134505,0.018295,0.086803,0.123731,0.02734,0.14216,,1501600,,
1,1,,0.017851,0.24455,0.02751,0.027603,0.197889,0.009694,0.089257,0.166386,0.04614,0.173121,,1503600,,
1,2,,0.02731,0.167263,0.268955,0.192751,0.019979,0.095353,0.010586,0.065154,0.022266,0.130384,,1503400,,
1,1,,0.02183,0.369531,0.047943,0.05125,0.045364,0.058275,0.111802,0.048178,0.031493,0.214335,,1498800,,
1,1,,0.022304,0.257579,0.237491,0.154277,0.015008,0.098148,0.005846,0.060722,0.026547,0.122077,,1509800,,
1,9,,0.035804,0.172232,0.108287,0.082168,0.066617,0.089157,0.123467,0.121869,0.007553,0.192846,,1510200,,
1,2,,0.023656,0.221949,0.279667,0.172858,0.021852,0.071003,0.007498,0.073737,0.023563,0.104215,,1506400,,
1,1,,0.010079,0.241015,0.027651,0.042873,0.173019,0.019294,0.07708,0.170144,0.040235,0.19861,,1501100,,
1,2,,0.033281,0.210467,0.252748,0.186784,0.01863,0.090261,0.010307,0.061067,0.028355,0.108099,,1500100,,
1,1,,0.027921,0.224513,0.038422,0.024525,0.152078,0.005704,0.139287,0.16219,0.036408,0.188952,,1502200,,
1,1,,0.021134,0.368793,0.049235,0.031738,0.075585,0.042218,0.104815,0.069159,0.02231,0.215013,,1528500,,
1,1,,0.027272,0.460149,0.020578,0.031388,0.076025,0.035259,0.064598,0.121789,0.030469,0.132474,,1499500,,
1,1,,0.024246,0.252983,0.099815,0.063298,0.037494,0.093911,0.091522,0.069959,0.022055,0.244717,,1499900,,
1,1,,0.019617,0.359659,0.04933,0.046508,0.048783,0.06103,0.111701,0.046369,0.032903,0.224101,,1497500,,
1,2,,0.015456,0.146073,0.191732,0.173089,0.059609,0.096442,0.071102,0.033985,0.046842,0.165669,,1505300,,
1,3,,0.027479,0.161061,0.220681,0.247818,0.014096,0.094916,0.008274,0.049985,0.037644,0.138046,,1515100,,
1,2,,0.019541,0.259896,0.268937,0.171971,0.026945,0.071255,0.015872,0.063153,0.020156,0.082273,,1503600,,
1,1,,0.025806,0.2574,0.039871,0.037004,0.143126,0.016363,0.10146,0.16165,0.039315,0.178005,,1501900,,
1,2,,0.016523,0.169833,0.275939,0.172658,0.055822,0.091181,0.023512,0.090199,0.019065,0.085269,,1504800,,
1,2,,0.023404,0.16081,0.278118,0.146505,0.009241,0.113943,0.006212,0.057209,0.027267,0.177291,,1501600,,
1,2,,0.005817,0.1517,0.294152,0.095069,0.065455,0.086939,0.050543,0.112919,0.051821,0.085585,,1522100,,
1,4,,0.021148,0.13709,0.030274,0.016262,0.209931,0.008905,0.123699,0.187591,0.065709,0.19939,,1503300,,
1,2,,0.019965,0.14491,0.32075,0.180922,0.056071,0.094797,0.02638,0.064167,0.030201,0.061837,,1499000,,
1,1,,0.015951,0.378255,0.025353,0.038418,0.149895,0.011235,0.073045,0.136584,0.026752,0.144513,,1503000,,
1,2,,0.021914,0.142541,0.300058,0.167593,0.051601,0.099703,0.028338,0.087495,0.016847,0.083909,,1499500,,
1,1,,0.021732,0.465195,0.017901,0.037671,0.077197,0.023118,0.06857,0.124317,0.027528,0.136772,,1497700,,
1,3,,0.018297,0.201264,0.15464,0.219446,0.053173,0.075521,0.04663,0.09017,0.034094,0.106765,,1507800,,
1,1,,0.021003,0.462721,0.03478,0.031146,0.075938,0.0175,0.069641,0.113171,0.037735,0.136364,,1514300,,
1,1,,0.020951,0.324985,0.024288,0.039159,0.149168,0.008792,0.088417,0.136073,0.02711,0.181058,,1508300,,
1,1,,0.007229,0.303538,0.028865,0.007608,0.145227,0.010894,0.095652,0.212689,0.025719,0.162578,,1498700,,
1,1,,0.022033,0.219659,0.033985,0.02232,0.176115,0.011782,0.150971,0.154736,0.03475,0.173649,,1505600,,
1,3,,0.024337,0.115889,0.191963,0.245753,0.043795,0.110768,0.041585,0.059535,0.039196,0.127179,,1539300,,
1,1,,0.026154,0.279297,0.030412,0.015254,0.131707,0.056374,0.099846,0.140261,0.022334,0.198362,,1502800,,
1,1,,0.01761,0.251684,0.12058,0.215663,0.037606,0.078803,0.075091,0.058869,0.031444,0.112649,,1499800,,
1,1,,0.017943,0.266081,0.021103,0.030012,0.134462,0.072786,0.0949,0.137936,0.031003,0.193775,,1625000,,
1,1,,0.003004,0.380237,0.039327,0.041398,0.140515,0.02785,0.097339,0.135363,0.020772,0.114194,,1504400,,
1,1,,0.008979,0.331314,0.05062,0.048882,0.143545,0.014973,0.086803,0.128391,0.023366,0.163129,,1563600,,
1,1,,0.003004,0.374296,0.063788,0.04,0.131292,0.007343,0.100447,0.116724,0.036712,0.126394,,1515600,,
1,2,,0.008449,0.108563,0.276306,0.103042,0.071662,0.079695,0.061182,0.137422,0.037751,0.115926,,1513900,,
1,2,,0.020508,0.161483,0.252113,0.108202,0.092094,0.05942,0.053778,0.106864,0.057178,0.08836,,1532100,,
1,2,,0.045542,0.079031,0.27136,0.09905,0.047413,0.055823,0.164758,0.081961,0.074871,0.080191,,1509600,,
1,2,,0.026141,0.186132,0.244314,0.214524,0.024344,0.104618,0.017044,0.074089,0.020039,0.088754,,1511200,,
1,4,,0.026947,0.112621,0.015226,0.026679,0.260924,0.022289,0.127334,0.137499,0.054,0.216481,,1515000,,
1,2,,0.023363,0.207263,0.232327,0.159107,0.019094,0.102783,0.00451,0.093318,0.030457,0.127776,,1516900,,
1,1,,0.014447,0.244657,0.049024,0.023323,0.098559,0.053349,0.113028,0.177604,0.029151,0.196861,,1507600,,
1,1,,0.013642,0.274089,0.025422,0.01242,0.153461,0.018357,0.087059,0.132346,0.044882,0.238322,,1515300,,
1,1,,0.019021,0.403585,0.053972,0.033677,0.059316,0.041295,0.106944,0.063693,0.019404,0.199093,,1508300,,
1,1,,0.014511,0.338863,0.046653,0.030697,0.144146,0.011188,0.104197,0.127022,0.027639,0.155084,,1519100,,
1,2,,0.030896,0.209398,0.258638,0.182431,0.017315,0.088352,0.010307,0.066236,0.024145,0.112282,,1507300,,
1,2,,0.008711,0.150576,0.30499,0.106293,0.070691,0.079031,0.049797,0.12075,0.030657,0.078504,,1514300,,
1,1,,0.015079,0.459826,0.020578,0.031388,0.085573,0.035259,0.056598,0.119595,0.037888,0.138216,,1511800,,
1,1,,0.032217,0.306649,0.060401,0.020412,0.063321,0.039812,0.117816,0.088593,0.033438,0.237342,,1501700,,
1,1,,0.021179,0.230978,0.142363,0.217489,0.037858,0.073577,0.079464,0.061229,0.025544,0.110319,,1500400,,
1,1,,0.006927,0.211485,0.026231,0.030303,0.204639,0.012943,0.078116,0.196142,0.036368,0.196846,,1504000,,
1,2,,0.006536,0.080391,0.247727,0.141999,0.071105,0.070059,0.072633,0.147456,0.063423,0.098669,,1500400,,
1,2,,0.014778,0.1416,0.310033,0.172064,0.050508,0.080105,0.016701,0.102984,0.019209,0.092019,,1499400,,
1,2,,0.022175,0.204522,0.232717,0.156117,0.053258,0.086382,0.047742,0.060925,0.039252,0.09691,,1513600,,
1,1,,0.016243,0.39655,0.051699,0.027608,0.07705,0.049676,0.102806,0.058139,0.020867,0.199361,,1525900,,
1,3,,0.014114,0.153725,0.131191,0.288614,0.038958,0.097063,0.005696,0.026641,0.040945,0.203052,,1502400,,
1,1,,0.011717,0.326963,0.113045,0.049506,0.031521,0.09556,0.051296,0.104315,0.023468,0.192609,,1517900,,
1,2,,0.021759,0.166642,0.241411,0.180935,0.026127,0.083262,0.012682,0.077866,0.023001,0.166315,,1510600,,
1,1,,0.01034,0.376925,0.0454,0.045888,0.148767,0.010344,0.095652,0.1106,0.02158,0.134506,,1498200,,
1,9,,0.029744,0.121974,0.028491,0.001679,0.209738,0.046593,0.101049,0.172113,0.046042,0.242577,,1507500,,
1,1,,0.013513,0.260614,0.041108,0.030697,0.147874,0.013002,0.096331,0.148256,0.032462,0.216142,,1500800,,
1,3,,0.034763,0.202949,0.168364,0.205272,0.057041,0.075485,0.052348,0.074216,0.038093,0.091471,,1499800,,
1,2,,0.022208,0.147093,0.276973,0.134972,0.066419,0.065775,0.066045,0.073597,0.033916,0.113002,,1499700,,
1,1,,0.010462,0.264009,0.242098,0.129172,0.019993,0.051481,0.013771,0.073194,0.029923,0.165898,,1498900,,
1,1,,0.013027,0.325171,0.039731,0.042286,0.158688,0.009238,0.078579,0.13168,0.032113,0.169487,,1498800,,
1,1,,0.014815,0.24977,0.192923,0.166822,0.036306,0.094847,0.005928,0.043879,0.030946,0.163765,,1507900,,
1,2,,0.009365,0.14903,0.268853,0.089534,0.055273,0.07665,0.079187,0.120861,0.0668,0.084447,,1519300,,
1,1,,0.024194,0.460273,0.03478,0.035762,0.073871,0.019346,0.076905,0.10665,0.028544,0.139675,,1507200,,
1,2,,0.01984,0.141514,0.292422,0.176153,0.061204,0.095519,0.03082,0.079726,0.030175,0.072627,,1507800,,
1,1,,0.013717,0.311118,0.026692,0.049222,0.148485,0.018184,0.083844,0.131367,0.02855,0.188821,,1497400,,
1,1,,0.009159,0.443336,0.040357,0.041714,0.103958,0.007343,0.063106,0.118625,0.02462,0.147781,,1497400,,
1,9,,0.025756,0.146604,0.174793,0.134057,0.023788,0.130442,0.012518,0.051916,0.024184,0.275941,,1500100,,
1,1,,0.00519,0.33056,0.039283,0.029488,0.160254,0.014062,0.072184,0.145047,0.029523,0.174409,,1497300,,
1,2,,0.019816,0.192946,0.246014,0.174599,0.02301,0.090411,0.014611,0.065554,0.029768,0.143272,,1499500,,
1,1,,0.006656,0.483962,0.034108,0.040936,0.088178,0.01819,0.056598,0.11121,0.031107,0.129056,,1497100,,
1,1,,0.020444,0.469393,0.030332,0.042451,0.093691,0.011033,0.060385,0.107317,0.033169,0.131783,,1499200,,
1,1,,0.016968,0.256398,0.034385,0.043548,0.145326,0.01153,0.096845,0.162814,0.048953,0.183233,,1517300,,
1,1,,0.019354,0.363925,0.032955,0.036934,0.139235,0.017514,0.082971,0.126788,0.031807,0.148518,,1499600,,
1,2,,0.00946,0.158338,0.33625,0.117678,0.071389,0.055136,0.040399,0.10469,0.027199,0.07946,,1503800,,
1,1,,0.017879,0.211766,0.152157,0.209796,0.069137,0.06428,0.025977,0.105105,0.041143,0.102758,,1499100,,
1,1,,0.008987,0.276201,0.025336,0.032506,0.128014,0.018633,0.103749,0.114165,0.051529,0.24088,,1508000,,
1,1,,0.013127,0.368906,0.039531,0.028833,0.130374,0.022945,0.086803,0.122672,0.03153,0.155279,,1510100,,
1,1,,0.00881,0.328564,0.026236,0.040832,0.177755,0.012993,0.071967,0.138085,0.029222,0.165535,,1499300,,
1,3,,0.018297,0.201264,0.15464,0.219446,0.053173,0.075521,0.04663,0.09017,0.034094,0.106765,,1498700,,
1,9,,0.011713,0.222046,0.101388,0.007849,0.066333,0.06826,0.099974,0.132396,0.056592,0.233448,,1503100,,
1,1,,0.017013,0.240681,0.036131,0.043342,0.190816,0.008483,0.090185,0.166035,0.03238,0.174934,,1498400,,
1,1,,0.024025,0.270052,0.222389,0.183961,0.0142,0.080562,0.012268,0.066534,0.023978,0.102034,,1514800,,
1,1,,0.018847,0.319348,0.027698,0.04026,0.108874,0.012464,0.113257,0.113974,0.013003,0.232275,,1500000,,
1,3,,0.033428,0.203177,0.14063,0.244996,0.047022,0.077935,0.054509,0.065035,0.028454,0.104815,,1501100,,
1,9,,0.016197,0.189473,0.179838,0.112559,0.036899,0.101585,0.005081,0.064934,0.032746,0.260688,,1500400,,
1,2,,0.016792,0.136685,0.254556,0.089862,0.070269,0.059253,0.111345,0.116078,0.063706,0.081452,,1501700,,
1,2,,0.010611,0.07998,0.246254,0.128548,0.074901,0.088954,0.052548,0.120781,0.076381,0.121041,,1499400,,
1,1,,0.010255,0.464083,0.043581,0.02959,0.092101,0.012241,0.058598,0.11427,0.028965,0.146316,,1500800,,
1,1,,0.019015,0.201396,0.095119,0.178288,0.039773,0.103621,0.09369,0.079295,0.043206,0.146599,,1500000,,
1,1,,0.009907,0.373888,0.041934,0.034025,0.151143,0.020009,0.086803,0.125294,0.02023,0.136765,,1503900,,
1,1,,0.028234,0.301371,0.044766,0.028869,0.092215,0.045748,0.116691,0.108456,0.034461,0.19919,,1499000,,
1,1,,0.004344,0.335268,0.0444,0.029488,0.149093,0.012221,0.097652,0.140101,0.02976,0.157671,,1501500,,
1,4,,0.031416,0.118451,0.015561,0.013386,0.255954,0.038224,0.157715,0.125728,0.076689,0.166876,,1516900,,
1,2,,0.014579,0.150789,0.293727,0.164273,0.053987,0.07279,0.032648,0.085385,0.029882,0.101942,,1512200,,
1,1,,0.008706,0.362107,0.054203,0.050054,0.103679,0.022515,0.100828,0.115675,0.026814,0.155419,,1503900,,
1,9,,0.019101,0.159184,0.209543,0.102733,0.022413,0.141047,0.00451,0.091392,0.038037,0.212039,,1503400,,
1,9,,0.016421,0.25779,0.027858,0.018653,0.107856,0.032567,0.113028,0.136531,0.02912,0.260178,,1504600,,
1,3,,0.016269,0.206291,0.165976,0.229972,0.048636,0.083214,0.044212,0.070545,0.026254,0.108631,,1502000,,
1,1,,0.025789,0.463918,0.027178,0.043033,0.076875,0.013082,0.078144,0.108821,0.027679,0.13548,,1501500,,
1,2,,0.023799,0.215861,0.247279,0.174873,0.026786,0.114102,0.018114,0.071768,0.031376,0.076043,,1515200,,
1,3,,0.008856,0.204596,0.177816,0.255654,0.052719,0.066859,0.022049,0.095265,0.028019,0.088167,,1508600,,
1,1,,0.018982,0.288637,0.023061,0.051051,0.092217,0.020204,0.121354,0.120317,0.027555,0.236621,,1503000,,
1,1,,0.029783,0.250858,0.034385,0.047686,0.134882,0.012564,0.111328,0.159076,0.039809,0.179629,,1502700,,
1,1,,0.015357,0.372127,0.022136,0.041572,0.146414,0.016982,0.070184,0.129068,0.032544,0.153617,,1518700,,
