pendigits,CWE,test,4,NANOSECONDS,PREDICTIONS, Generated by ClassifierExperiments.java on 2022-05-16 21:11:02.    SYSTEMPROPERTIES:{user.name:matth,os.arch:amd64,os.name:Windows 10},ENDSYSTEMPROPERTIES
No parameter info
0.587005906406179,2044336200,3388385400,-1,84144792,10,,-1,-1
0,0,,0.3799,0.017521,0.010848,0.055114,0.02945,0.181966,0.012411,0.006457,0.260797,0.045534,,1806100,,
0,5,,0.343203,0.030601,0.02291,0.001231,0.029048,0.372233,0.039903,0.01796,0.116319,0.026591,,1563100,,
0,0,,0.407778,0.025611,0.037986,0.010435,0.050087,0.155819,0.058184,0.020369,0.221604,0.012127,,1559000,,
0,5,,0.315084,0.023783,0.036778,0.001538,0.045548,0.374951,0.034059,0.0155,0.126255,0.026504,,1573200,,
0,0,,0.344902,0.023075,0.004072,0.067285,0.042218,0.118252,0.016048,0.002907,0.313232,0.068008,,1570200,,
0,0,,0.403794,0.034609,0,0.017333,0.016247,0.086443,0.054857,0.01981,0.321063,0.045845,,1562300,,
0,0,,0.304241,0.037051,0.034709,0,0.064929,0.265742,0.062202,0.028478,0.186817,0.01583,,1561100,,
0,0,,0.446042,0.033434,0.034413,0.004466,0.029957,0.161091,0.015332,0.026578,0.235636,0.013051,,1559500,,
0,0,,0.392906,0.045791,0.034555,0.00032,0.058524,0.227313,0.062924,0.020317,0.125865,0.031485,,1585400,,
0,0,,0.415758,0.032972,0.048014,0.001481,0.038475,0.097135,0.031121,0.018974,0.266124,0.049945,,1558600,,
0,8,,0.310656,0.034128,0.042558,0.008932,0.048093,0.102707,0.059131,0.038685,0.338641,0.01647,,1562900,,
0,7,,0.019405,0.017422,0.078419,0.016786,0.171433,0.011828,0.203006,0.25387,0.197951,0.02988,,1557500,,
0,0,,0.470269,0.020384,0.035322,0.0114,0.02771,0.163201,0.024466,0.006061,0.230049,0.011137,,1561800,,
0,5,,0.32084,0.022258,0.035322,0.012692,0.03394,0.342546,0.022189,0.006975,0.186616,0.016623,,1580600,,
0,0,,0.468761,0.02987,0.019072,0.013921,0.025887,0.170961,0.027446,0.008473,0.225396,0.010211,,1559600,,
0,0,,0.450639,0.01593,0.019716,0.035657,0.033059,0.177765,0.012411,0.007095,0.220809,0.02692,,1560900,,
0,0,,0.42301,0.034852,0.037122,0.004573,0.03995,0.228057,0.054013,0.01932,0.131088,0.028016,,1563400,,
0,0,,0.445673,0.027002,0.02291,0.003019,0.025648,0.173241,0.02136,0.015343,0.250506,0.015298,,1562500,,
0,0,,0.387171,0.039519,0.019355,0.023535,0.063055,0.172369,0.092199,0.020689,0.095869,0.086238,,1570100,,
0,0,,0.453147,0.020615,0.019716,0.016121,0.037301,0.17532,0.033932,0.005976,0.221755,0.016118,,1560300,,
0,0,,0.466757,0.010971,0.007818,0.058374,0.03845,0.138911,0.034008,0.007001,0.202418,0.035291,,1558800,,
0,0,,0.399412,0.017708,0,0.033398,0.031537,0.282003,0.057146,0.001119,0.131757,0.045919,,1557500,,
0,0,,0.352973,0.039064,0.034235,0.002778,0.036981,0.157761,0.04655,0.031391,0.255363,0.042904,,1562600,,
0,0,,0.408521,0.031791,0.036292,0,0.031793,0.122724,0.055123,0.029057,0.222053,0.062646,,1570700,,
0,0,,0.311771,0.035864,0.036907,0.005517,0.054161,0.309521,0.047702,0.01947,0.167998,0.011088,,1561100,,
0,0,,0.449642,0.029045,0.028322,0.005538,0.038978,0.169335,0.015163,0.009157,0.23842,0.016399,,1566600,,
0,5,,0.28042,0.024834,0.034179,0.004938,0.043649,0.368618,0.080366,0.022269,0.114961,0.025765,,1576700,,
0,0,,0.339813,0.027288,0.010619,0.023041,0.031045,0.260976,0.101409,0.039523,0.145817,0.020468,,1602300,,
0,0,,0.510356,0.02341,0.022903,0.048384,0.031333,0.119857,0.047625,0.006452,0.178783,0.010897,,1575500,,
0,0,,0.449003,0.029594,0.019072,0.009269,0.032564,0.176347,0.025564,0.007812,0.235513,0.015262,,1594000,,
0,0,,0.443711,0.01029,0.010909,0.047069,0.039432,0.131072,0.067018,0.009161,0.232713,0.008625,,1567500,,
0,0,,0.382688,0.035821,0.036923,0.023535,0.071575,0.016782,0.028941,0.076968,0.192915,0.133853,,1563600,,
0,0,,0.445885,0.025901,0.035322,0.010714,0.026844,0.18416,0.023551,0.006746,0.22468,0.016195,,1560100,,
0,0,,0.352663,0.022455,0.010696,0.011273,0.045017,0.234226,0.11747,0.019391,0.147413,0.039397,,1578900,,
0,0,,0.417221,0.014659,0.013805,0.037019,0.034296,0.190292,0.012411,0.015729,0.241217,0.02335,,1596800,,
0,0,,0.356501,0.023822,0.036778,0.01125,0.029648,0.237295,0.038008,0.01104,0.226084,0.029574,,1607900,,
0,0,,0.399219,0.033248,0.035504,0,0.034079,0.199854,0.027724,0.038255,0.185272,0.046845,,1637300,,
0,0,,0.459462,0.064574,0.030986,0.025054,0.049326,0.045292,0.094986,0.020837,0.113933,0.095549,,1600700,,
0,0,,0.397698,0.025338,0.018462,0.025604,0.062598,0.100459,0.093556,0.035018,0.179947,0.06132,,1605800,,
0,0,,0.438513,0.021991,0.029288,0.011295,0.033372,0.186857,0.018536,0.011347,0.232618,0.016184,,1613900,,
0,0,,0.434665,0.014667,0.012651,0.031467,0.033915,0.184582,0.02744,0.006059,0.244287,0.010268,,1599200,,
0,0,,0.34465,0.030259,0.023732,0.007997,0.040957,0.285183,0.054386,0.03035,0.150425,0.032061,,1608300,,
0,5,,0.272735,0.034103,0.027146,0.005402,0.061582,0.362831,0.028646,0.025147,0.164987,0.017422,,1576200,,
0,5,,0.334913,0.028178,0.002446,0.068137,0.02343,0.36324,0.012411,0.003308,0.141524,0.022412,,1573000,,
0,0,,0.46032,0.010531,0.012432,0.034596,0.04452,0.160373,0.02744,0.005531,0.236329,0.007928,,1558000,,
0,0,,0.324658,0.037858,0.027527,0.004967,0.054178,0.309441,0.047017,0.026255,0.152841,0.015258,,1559400,,
0,8,,0.211981,0.071591,0.046269,0.028013,0.071548,0.034937,0.031375,0.055762,0.356213,0.092312,,1589200,,
0,0,,0.453773,0.006751,0.010909,0.05073,0.038706,0.128873,0.048364,0.018234,0.235332,0.008327,,1560300,,
0,0,,0.469615,0.012003,0.020748,0.013074,0.036188,0.162509,0.030795,0.013996,0.235027,0.006046,,1554100,,
0,0,,0.463892,0.006616,0.020748,0.011955,0.047689,0.156909,0.020924,0.014126,0.245503,0.011639,,1553700,,
0,0,,0.448846,0.019919,0.01675,0.037192,0.028493,0.127906,0.053159,0.014815,0.22481,0.028111,,1560300,,
0,0,,0.359988,0.03813,0.03147,0.001412,0.045393,0.272835,0.020463,0.035607,0.175823,0.018879,,1561700,,
0,0,,0.312515,0.028385,0.046269,0.028013,0.075959,0.218483,0.031375,0.061801,0.100595,0.096605,,1565100,,
0,8,,0.276477,0.032936,0.012121,0.007692,0.062083,0.029504,0.098741,0.027996,0.367984,0.084465,,1571000,,
0,0,,0.411833,0.025266,0.037577,0.004,0.031585,0.261822,0.051532,0.017394,0.142526,0.016467,,1563700,,
0,0,,0.336229,0.013967,0.011111,0.026823,0.047996,0.285039,0.110479,0.020865,0.085133,0.062357,,1582900,,
0,0,,0.447306,0.010941,0.013788,0.048415,0.059538,0.116023,0.072496,0.012858,0.203208,0.015427,,1556900,,
0,0,,0.486363,0.015519,0.01654,0.043535,0.030865,0.137022,0.036285,0.009389,0.179759,0.044723,,1568300,,
0,0,,0.402459,0.029566,0.023399,0.002778,0.039606,0.097144,0.049868,0.036809,0.268578,0.049793,,1586500,,
0,0,,0.500249,0.017535,0.006977,0.034884,0.034364,0.219394,0.02138,0.009906,0.124862,0.030449,,1570900,,
0,0,,0.439527,0.01396,0.010848,0.055114,0.046212,0.165595,0.013935,0.0076,0.22295,0.024258,,1580500,,
0,0,,0.392986,0.031389,0.031381,0.004,0.038105,0.277021,0.039691,0.011175,0.144838,0.029413,,1556400,,
0,0,,0.352756,0.013271,0.013805,0.037019,0.041883,0.285185,0.013522,0.015729,0.199442,0.027387,,1571600,,
0,5,,0.324638,0.016831,0.029742,0.015947,0.028985,0.389293,0.033016,0.010954,0.13269,0.017903,,1608100,,
0,0,,0.432165,0.017894,0.019716,0.013352,0.044964,0.189567,0.029009,0.009668,0.223014,0.020651,,1570600,,
0,8,,0.197068,0.016826,0.019241,0.007241,0.072625,0.057757,0.112402,0.06924,0.423882,0.023717,,1599400,,
0,0,,0.417963,0.032009,0.028322,0.010809,0.051659,0.177624,0.007456,0.014411,0.242092,0.017656,,1559400,,
0,0,,0.368424,0.034478,0.009367,0.0052,0.044047,0.065676,0.048556,0.048996,0.352121,0.023135,,1565700,,
0,8,,0.325696,0.036402,0.035086,0.004536,0.063299,0.092774,0.053033,0.024942,0.338231,0.026001,,1558400,,
0,0,,0.450274,0.013221,0.012432,0.048856,0.034688,0.167873,0.012411,0.00665,0.228949,0.024645,,1558400,,
0,0,,0.417762,0.030215,0.048014,0.005517,0.045783,0.233134,0.035437,0.023018,0.126724,0.034395,,1559100,,
0,0,,0.479462,0.025769,0.018462,0.01125,0.055414,0.015712,0.113077,0.028942,0.180436,0.071475,,1573100,,
0,0,,0.457529,0.021399,0.020748,0.01455,0.040227,0.16898,0.022858,0.015424,0.230049,0.008236,,1582900,,
0,0,,0.394838,0.035019,0.043718,0.000937,0.063248,0.159768,0.040223,0.030697,0.215219,0.016333,,1617900,,
0,0,,0.384598,0.032386,0.05253,0.006934,0.048381,0.158686,0.065251,0.015853,0.224915,0.010466,,1595600,,
0,0,,0.449848,0.016574,0.020748,0.016607,0.036923,0.170992,0.026223,0.014292,0.236535,0.011259,,1570900,,
0,0,,0.460122,0.047633,0,0.014228,0.028254,0.125626,0.102192,0.01615,0.184655,0.02114,,1615000,,
0,0,,0.441185,0.014756,0.010848,0.038852,0.030004,0.182886,0.031023,0.005338,0.232357,0.01275,,1606300,,
0,0,,0.312613,0.027702,0.004444,0.036869,0.023148,0.304862,0.077146,0.021564,0.136748,0.054905,,1586400,,
0,0,,0.330648,0.015024,0.011538,0.015024,0.035996,0.283566,0.115558,0.016675,0.138804,0.037165,,1576100,,
0,8,,0.119128,0.021747,0.072209,0.026422,0.055019,0.015001,0.155563,0.142015,0.370176,0.02272,,1561300,,
0,5,,0.275497,0.037013,0.036907,0,0.030128,0.378501,0.015745,0.02585,0.17847,0.021888,,1569900,,
0,0,,0.380765,0.030598,0.031179,0,0.073119,0.202952,0.024776,0.031142,0.177835,0.047634,,1552100,,
0,0,,0.29745,0.030168,0.029122,0.002222,0.073246,0.13933,0.036012,0.039724,0.206634,0.146092,,1574500,,
0,0,,0.373918,0.03246,0.038148,0.005517,0.034664,0.277516,0.028919,0.016113,0.172712,0.020033,,1592300,,
0,0,,0.470092,0.017644,0.002474,0.06436,0.016787,0.144132,0.057146,0.001119,0.194548,0.031698,,1570300,,
0,0,,0.492615,0.023374,0.019716,0.014474,0.034137,0.163935,0.025462,0.005976,0.212149,0.008163,,1572500,,
0,0,,0.385179,0.020925,0.006936,0.060909,0.028582,0.317868,0.029029,0.002418,0.131201,0.016952,,1560300,,
0,5,,0.281466,0.032808,0.026294,0.001739,0.048435,0.313441,0.061151,0.035776,0.179374,0.019516,,1561100,,
0,0,,0.343953,0.024445,0.033575,0.003019,0.05434,0.333493,0.047292,0.010891,0.134252,0.01474,,1558700,,
0,0,,0.428393,0.085753,0.012121,0.007273,0.044772,0.015976,0.110909,0.024083,0.183715,0.087004,,1553700,,
0,8,,0.20395,0.021341,0.024043,0.0052,0.059479,0.045376,0.093317,0.057696,0.425377,0.06422,,1583600,,
0,0,,0.459107,0.024838,0.022752,0.020083,0.028325,0.174259,0.024165,0.010078,0.22381,0.012583,,1553300,,
0,7,,0.01575,0.017603,0.071765,0.022398,0.1435,0.019072,0.225052,0.286483,0.182154,0.016225,,1581900,,
0,5,,0.273727,0.022665,0.008162,0.004237,0.045665,0.277432,0.108813,0.053145,0.189356,0.016797,,1585700,,
0,5,,0.304598,0.030042,0.028322,0.005231,0.030279,0.357368,0.033009,0.007921,0.180021,0.023208,,1574100,,
0,0,,0.3954,0.035753,0.048014,0,0.030785,0.208868,0.021317,0.023853,0.192757,0.043253,,1568000,,
0,4,,0.026607,0.113352,0.079541,0.08232,0.182107,0.075941,0.141232,0.146984,0.039279,0.112638,,1576200,,
0,0,,0.42662,0.027693,0.04091,0.005481,0.033495,0.167084,0.020512,0.014739,0.245125,0.018341,,1571700,,
0,8,,0.118084,0.04605,0.036923,0.023535,0.096619,0.034117,0.124774,0.17456,0.268168,0.07717,,1575300,,
0,0,,0.443861,0.0062,0.014111,0.0274,0.040015,0.115906,0.1192,0.016415,0.177426,0.039467,,1589100,,
0,0,,0.441324,0.010807,0.012432,0.035756,0.05551,0.167441,0.028599,0.00785,0.23194,0.008341,,1575200,,
0,0,,0.435723,0.042122,0.045727,0.002759,0.037841,0.225509,0.021137,0.030519,0.129441,0.029222,,1602400,,
0,0,,0.494569,0.024225,0.015027,0.049681,0.0312,0.13172,0.044854,0.012593,0.191258,0.004871,,1590900,,
0,0,,0.466453,0.021465,0.028322,0.007019,0.040243,0.160188,0.026173,0.005964,0.228797,0.015375,,1565500,,
0,0,,0.317271,0.059067,0.036923,0.009585,0.08083,0.0074,0.036747,0.066157,0.30363,0.08239,,1570200,,
0,0,,0.335889,0.020196,0.011538,0.013419,0.050705,0.315119,0.117865,0.01894,0.074878,0.04145,,1561400,,
0,0,,0.475289,0.013899,0,0.033398,0.03226,0.164295,0.057146,0.001119,0.181709,0.040886,,1568200,,
0,0,,0.422081,0.03227,0.027146,0.009031,0.046754,0.162701,0.024767,0.026382,0.229673,0.019194,,1560700,,
0,0,,0.432385,0.014188,0.012432,0.029685,0.049624,0.168892,0.029569,0.00742,0.245063,0.010742,,1578100,,
0,0,,0.461346,0.011825,0.013805,0.018563,0.035914,0.167748,0.02098,0.01969,0.240221,0.00991,,1570200,,
0,0,,0.462019,0.021294,0.011537,0.054425,0.030715,0.162322,0.02098,0.006207,0.219681,0.01082,,1633300,,
0,7,,0.035808,0.01641,0.067442,0.015806,0.151271,0.016851,0.1746,0.264079,0.234021,0.023711,,1583300,,
0,0,,0.417282,0.020752,0.034413,0.002727,0.050585,0.162511,0.040893,0.023557,0.222643,0.024636,,1573700,,
0,0,,0.289785,0.018629,0.015882,0.007909,0.049567,0.253398,0.118891,0.056137,0.17448,0.015321,,1701100,,
0,0,,0.405742,0.034153,0.03388,0,0.041907,0.252909,0.04188,0.012688,0.163419,0.013422,,1662600,,
0,0,,0.448872,0.01407,0.010526,0.035717,0.034685,0.141762,0.050443,0.022733,0.234078,0.007113,,1629300,,
0,0,,0.439669,0.022898,0.022752,0.008972,0.035338,0.182548,0.025911,0.015475,0.230478,0.01596,,1568100,,
0,0,,0.460189,0.012426,0.020748,0.016607,0.042615,0.166425,0.026223,0.014225,0.227857,0.012685,,1564200,,
0,0,,0.367664,0.030511,0.028322,0.004,0.027222,0.323504,0.02879,0.011848,0.162483,0.015657,,1567100,,
0,0,,0.398125,0.025826,0.023704,0,0.035681,0.118138,0.070873,0.031921,0.227374,0.068358,,1554300,,
0,0,,0.474382,0.018621,0.018462,0.023535,0.05187,0.026105,0.093556,0.033882,0.182598,0.07699,,1569800,,
0,0,,0.409969,0.031355,0.031179,0,0.036117,0.098615,0.030709,0.02923,0.256366,0.07646,,1566200,,
0,0,,0.372307,0.031473,0.019072,0.011864,0.030335,0.313359,0.024081,0.010184,0.175264,0.01206,,1575000,,
0,5,,0.292102,0.038642,0.040269,0.001667,0.042175,0.351105,0.0157,0.019733,0.184139,0.014467,,1569200,,
0,8,,0.233605,0.024951,0.005452,0.008261,0.046117,0.061098,0.114147,0.053614,0.408992,0.043763,,1572000,,
0,0,,0.454473,0.028614,0.00375,0.052171,0.035212,0.106107,0.10073,0.013618,0.186516,0.018808,,1587700,,
0,8,,0.204961,0.017504,0.051626,0.016911,0.076586,0.025227,0.14067,0.083616,0.317484,0.065417,,1599600,,
0,8,,0.278487,0.021731,0.009557,0.01387,0.061658,0.073337,0.092429,0.047461,0.337164,0.064306,,1586500,,
0,0,,0.451679,0.020556,0.035322,0.0114,0.029706,0.171593,0.024466,0.006061,0.23828,0.010938,,1577100,,
0,0,,0.421922,0.033648,0.015789,0.007273,0.050482,0.031703,0.105407,0.029328,0.211417,0.093031,,1571100,,
0,0,,0.477505,0.01964,0.009519,0.029275,0.043979,0.138727,0.049037,0.007701,0.199322,0.025296,,1573000,,
0,0,,0.45143,0.032616,0.022752,0.014051,0.034061,0.166356,0.022101,0.012936,0.233723,0.009974,,1564900,,
0,0,,0.44496,0.018407,0.005607,0.055896,0.034019,0.147338,0.074627,0.001096,0.211399,0.006652,,1569100,,
0,8,,0.254208,0.027125,0.008696,0.011111,0.049426,0.046537,0.116763,0.024684,0.352673,0.108777,,1577200,,
0,5,,0.24309,0.040187,0.03192,0.013079,0.041956,0.356836,0.0676,0.030932,0.161375,0.013024,,1570400,,
0,0,,0.394969,0.097636,0.027273,0,0.06488,0.00431,0.06539,0.043434,0.275202,0.026907,,1576700,,
0,0,,0.395951,0.023054,0.033956,0.023535,0.036204,0.177637,0.046084,0.011975,0.221621,0.029984,,1569800,,
0,0,,0.396925,0.034544,0.018462,0.023535,0.038377,0.092008,0.093556,0.032879,0.176527,0.093188,,1574800,,
0,5,,0.309687,0.01864,0.041365,0.012805,0.031795,0.331298,0.036263,0.007311,0.195857,0.01498,,1573200,,
0,0,,0.450803,0.012877,0.012432,0.026552,0.042625,0.157349,0.029009,0.009223,0.241429,0.0177,,1574500,,
0,0,,0.331047,0.037987,0.046116,0.000388,0.065606,0.313395,0.044302,0.020211,0.122729,0.018219,,1580500,,
0,5,,0.319406,0.019362,0.033575,0.003019,0.05082,0.373472,0.046439,0.010937,0.114461,0.028508,,1570300,,
0,0,,0.306832,0.029249,0.011111,0.023535,0.048421,0.063342,0.116035,0.015008,0.274156,0.11231,,1585000,,
0,0,,0.51156,0.026011,0.02243,0.010923,0.036227,0.123095,0.016938,0.014534,0.222643,0.015638,,1605100,,
0,0,,0.468028,0.015118,0.003636,0.043535,0.027951,0.15673,0.057146,0.002937,0.182151,0.042767,,1583200,,
0,0,,0.343341,0.025056,0.028814,0.004,0.077953,0.006399,0.082847,0.040678,0.310545,0.080366,,1590900,,
0,0,,0.43003,0.016599,0.012651,0.045727,0.029357,0.188394,0.012411,0.007178,0.231979,0.025675,,1567400,,
0,0,,0.453642,0.029045,0.028322,0.005538,0.040978,0.166446,0.015163,0.009157,0.235309,0.016399,,1559700,,
0,0,,0.414956,0.054494,0.027146,0.003992,0.044404,0.175148,0.014395,0.029141,0.220193,0.016131,,1596300,,
0,8,,0.263027,0.032114,0.012121,0.009275,0.064803,0.026177,0.107325,0.026458,0.378391,0.080308,,1606400,,
0,0,,0.283776,0.04081,0.052054,0.018824,0.057862,0.110502,0.093005,0.109302,0.210221,0.023645,,1587800,,
0,0,,0.38042,0.026382,0.043696,0.003556,0.031606,0.277188,0.03194,0.013792,0.175347,0.016074,,1590000,,
0,5,,0.321573,0.016314,0.004486,0.048998,0.027132,0.400742,0.065286,0.001379,0.090103,0.023987,,1588400,,
0,0,,0.442505,0.017851,0.005607,0.055896,0.036178,0.145876,0.074627,0.001096,0.211973,0.008391,,1589700,,
0,0,,0.453086,0.022461,0.008348,0.048,0.032012,0.142375,0.066932,0.008511,0.203686,0.01459,,1585500,,
0,0,,0.423055,0.04009,0.031179,0.002759,0.02699,0.093291,0.024455,0.034953,0.250896,0.072333,,1570500,,
0,0,,0.466187,0.031384,0.02291,0.001951,0.021839,0.167215,0.014512,0.021638,0.235879,0.016484,,1570700,,
0,0,,0.483758,0.010636,0.012497,0.06344,0.040804,0.129003,0.040452,0.007421,0.202056,0.009933,,1568300,,
0,8,,0.207096,0.026926,0.042974,0.021852,0.078661,0.01765,0.151983,0.080208,0.315273,0.057377,,1597500,,
0,8,,0.107906,0.022394,0.064852,0.024273,0.083472,0.01703,0.150059,0.122968,0.376708,0.030336,,1618600,,
0,5,,0.305557,0.037508,0.045362,0.001667,0.041032,0.326774,0.015509,0.018889,0.192248,0.015454,,1619500,,
0,0,,0.479063,0.021088,0.020841,0.006002,0.038776,0.067533,0.11506,0.054889,0.146333,0.050415,,1627800,,
0,0,,0.396333,0.027244,0.023704,0,0.039241,0.117034,0.071343,0.029701,0.229558,0.065842,,1614100,,
0,0,,0.433326,0.025161,0.036778,0,0.027448,0.169401,0.030865,0.017818,0.241093,0.01811,,1633800,,
0,0,,0.46536,0.014739,0.019716,0.019792,0.035525,0.174332,0.024946,0.007072,0.231927,0.006591,,1616900,,
0,0,,0.409318,0.026389,0.02291,0.001231,0.059106,0.174891,0.039056,0.01796,0.226542,0.022597,,1609200,,
0,0,,0.368443,0.032597,0.027146,0.00822,0.040453,0.320748,0.011815,0.027329,0.145965,0.017284,,1620100,,
0,0,,0.389514,0.034928,0.051097,0.00032,0.048357,0.163603,0.048097,0.018534,0.225024,0.020527,,1564400,,
0,0,,0.381039,0.038018,0.007152,0.005217,0.069619,0.122377,0.075526,0.042171,0.212896,0.045984,,1568300,,
0,5,,0.313018,0.031931,0.031381,0.001538,0.059886,0.367666,0.03404,0.015177,0.117658,0.027704,,1568300,,
0,0,,0.409864,0.051855,0.050777,0.001188,0.039486,0.23901,0.019753,0.01755,0.133721,0.036797,,1563300,,
0,0,,0.326395,0.029861,0.009094,0.0075,0.070413,0.07051,0.126157,0.044533,0.293702,0.021834,,1571200,,
0,0,,0.452069,0.031399,0,0.003716,0.028366,0.100714,0.057125,0.020127,0.244049,0.062436,,1566100,,
0,5,,0.328205,0.023172,0.04091,0.009143,0.030451,0.342366,0.030405,0.009663,0.171783,0.013901,,1581400,,
0,0,,0.45818,0.03251,0.02291,0.005614,0.023715,0.168373,0.024405,0.01664,0.234075,0.013576,,1563600,,
0,0,,0.445352,0.018995,0.020748,0.014097,0.039358,0.168322,0.030306,0.013907,0.237604,0.011312,,1566600,,
0,0,,0.34239,0.037485,0.020588,0.023535,0.03435,0.231661,0.092832,0.022834,0.11447,0.079854,,1568000,,
0,0,,0.425033,0.024868,0.04091,0.01195,0.050925,0.158387,0.032257,0.010482,0.226274,0.018914,,1562200,,
0,0,,0.368285,0.026556,0.011829,0.003256,0.051214,0.103869,0.101463,0.041928,0.230528,0.061072,,1576900,,
0,0,,0.446658,0.030845,0.022752,0.017393,0.036728,0.150843,0.022703,0.010663,0.253419,0.007995,,1572900,,
0,0,,0.33956,0.034544,0.012121,0.023535,0.047095,0.242254,0.092297,0.023369,0.10537,0.079854,,1576400,,
0,0,,0.384042,0.027123,0.02291,0.001231,0.02444,0.289143,0.031833,0.017525,0.183812,0.017941,,1576200,,
0,0,,0.47056,0.02722,0.002446,0.052294,0.033101,0.18123,0.018855,0.003728,0.199872,0.010694,,1583100,,
0,0,,0.344762,0.023143,0.02291,0.003019,0.033493,0.343518,0.02136,0.016831,0.174429,0.016536,,1597200,,
0,8,,0.313338,0.028554,0.016902,0.0075,0.053136,0.050246,0.115001,0.055234,0.336986,0.023103,,1631300,,
0,0,,0.380994,0.037597,0.023399,0.00186,0.050256,0.123713,0.060258,0.033102,0.224364,0.064457,,1585700,,
0,0,,0.47543,0.003578,0.004248,0.056122,0.043174,0.143957,0.052121,0.002124,0.209557,0.009688,,1564600,,
0,0,,0.4457,0.01704,0.032793,0.016941,0.026287,0.178165,0.026201,0.02004,0.219795,0.017037,,1585600,,
0,0,,0.341961,0.019372,0.019716,0.035657,0.041732,0.320108,0.012411,0.007675,0.175222,0.026146,,1618900,,
0,0,,0.382017,0.033579,0.053992,0,0.059016,0.161991,0.057188,0.018626,0.212457,0.021134,,1581100,,
0,0,,0.356705,0.007786,0,0.031035,0.042967,0.289458,0.062092,0.001119,0.147641,0.061197,,1577100,,
0,0,,0.358529,0.023734,0.034376,0.003556,0.043077,0.16228,0.053211,0.030715,0.248911,0.04161,,1564100,,
0,0,,0.36504,0.027044,0.002,0.009161,0.020204,0.08982,0.108178,0.014101,0.290687,0.073764,,1610000,,
0,0,,0.413223,0.032988,0.044001,0.005818,0.033825,0.175099,0.032858,0.01574,0.2326,0.013847,,1689400,,
0,0,,0.362402,0.032547,0.031381,0.005614,0.031798,0.313179,0.025817,0.013274,0.169877,0.014111,,1641900,,
0,0,,0.385085,0.034392,0.023399,0.008421,0.034079,0.201149,0.073167,0.027524,0.168089,0.044695,,1583500,,
0,0,,0.329731,0.017849,0.027287,0.011355,0.05087,0.062872,0.171819,0.082451,0.192181,0.053584,,1592800,,
0,0,,0.459411,0.023122,0.019716,0.020542,0.040171,0.173198,0.021581,0.008783,0.221285,0.012191,,1735600,,
0,0,,0.429898,0.007593,0.011538,0.039899,0.040888,0.136776,0.098941,0.016504,0.183728,0.034236,,1599300,,
0,0,,0.501389,0.019623,0.019517,0.060827,0.024642,0.116365,0.044854,0.011531,0.191757,0.009494,,1617000,,
0,0,,0.329702,0.025579,0.025293,0.012943,0.035798,0.158333,0.123015,0.07433,0.164991,0.050016,,1588600,,
0,0,,0.339988,0.02448,0.002,0.027535,0.019592,0.31099,0.062092,0.003119,0.154335,0.055868,,1574700,,
0,0,,0.323,0.021718,0.03524,0.008936,0.077979,0.280805,0.030906,0.03528,0.178281,0.007854,,1578000,,
0,0,,0.48058,0.020007,0.019716,0.014474,0.036863,0.170656,0.025462,0.005976,0.217173,0.009093,,1612200,,
0,0,,0.433506,0.013797,0.010667,0.062846,0.029643,0.184283,0.012411,0.004315,0.223382,0.025149,,1573500,,
0,0,,0.413684,0.0178,0,0.012661,0.043579,0.277258,0.073763,0.00129,0.112854,0.04711,,1581100,,
0,4,,0.006953,0.043849,0.095269,0.015821,0.239161,0.014789,0.181155,0.233177,0.104927,0.064899,,1588900,,
0,0,,0.335856,0.046423,0.015789,0.009412,0.0519,0.057448,0.099845,0.034209,0.163099,0.186019,,1577500,,
0,0,,0.395086,0.024004,0.048014,0,0.053963,0.117566,0.02485,0.023537,0.247393,0.065587,,1570200,,
0,0,,0.459988,0.022651,0.00867,0.071535,0.024606,0.167517,0.012411,0.002246,0.209978,0.020397,,1560300,,
0,0,,0.460684,0.013596,0.032793,0.026217,0.02815,0.167001,0.028851,0.012421,0.217397,0.01289,,1584100,,
0,0,,0.297677,0.017557,0.030435,0.023535,0.081118,0.204415,0.073522,0.028651,0.13948,0.103609,,1571300,,
0,0,,0.408699,0.016542,0.031595,0.034119,0.050891,0.173502,0.026375,0.015907,0.21567,0.026701,,1562900,,
0,0,,0.507146,0.016555,0.01211,0.029685,0.058859,0.116257,0.033697,0.005858,0.218378,0.001455,,1582000,,
0,0,,0.445399,0.017945,0.019716,0.016121,0.039072,0.181155,0.034512,0.005976,0.227553,0.012551,,1569400,,
0,0,,0.458689,0.03064,0.031381,0.003019,0.03203,0.161373,0.022771,0.011107,0.237009,0.01198,,1591200,,
0,0,,0.460108,0.013453,0.004486,0.068395,0.024487,0.1429,0.040782,0.001119,0.213804,0.030465,,1564900,,
0,8,,0.299028,0.030198,0.002931,0.00589,0.040221,0.086242,0.018645,0.025991,0.398683,0.092171,,1572800,,
0,4,,0.121009,0.135726,0.011111,0.074074,0.214944,0.042884,0.098457,0.135976,0.043473,0.122346,,1578300,,
0,8,,0.240617,0.060303,0.037143,0.005429,0.073633,0.008982,0.053429,0.076364,0.339189,0.104912,,1570300,,
0,0,,0.468088,0.007844,0.004248,0.051868,0.042963,0.156026,0.034786,0.003633,0.221941,0.008603,,1571700,,
0,0,,0.437812,0.017984,0.019716,0.035657,0.037598,0.18639,0.012411,0.007095,0.220395,0.024942,,1566800,,
0,8,,0.119162,0.015215,0.029815,0.010732,0.117454,0.02765,0.226222,0.148271,0.282035,0.023444,,1569600,,
0,0,,0.429694,0.018472,0.009354,0.059664,0.035251,0.17728,0.012411,0.007408,0.225915,0.02455,,1610600,,
0,5,,0.351231,0.023266,0.035322,0.008019,0.035518,0.362159,0.034468,0.004895,0.124546,0.020575,,1590300,,
0,8,,0.29204,0.035366,0.016667,0.006844,0.045641,0.07834,0.113937,0.058139,0.299752,0.053274,,1609800,,
0,0,,0.509842,0.023587,0.037122,0.0064,0.033082,0.129067,0.040301,0.021214,0.158085,0.0413,,1578900,,
0,5,,0.262935,0.02831,0.037122,0.006809,0.051702,0.373962,0.025818,0.027341,0.165597,0.020404,,1585800,,
1,1,,0.027036,0.36943,0.029034,0.014409,0.150807,0.023516,0.103611,0.097271,0.027432,0.157453,,1573100,,
1,4,,0.019887,0.225645,0.014545,0.015839,0.233771,0.01305,0.085262,0.150071,0.045396,0.196534,,1562800,,
1,9,,0.025825,0.130598,0.126055,0.074655,0.112904,0.12279,0.112092,0.071858,0.02515,0.198073,,1574500,,
1,2,,0.015931,0.140098,0.374295,0.106449,0.06171,0.06938,0.04647,0.087226,0.026252,0.07219,,1568700,,
1,1,,0.015762,0.394051,0.038152,0.019544,0.144867,0.017644,0.089681,0.115985,0.029497,0.134817,,1588400,,
1,2,,0.027941,0.229034,0.269692,0.170328,0.028693,0.080084,0.021867,0.061862,0.028185,0.082314,,1568200,,
1,2,,0.028942,0.134231,0.331872,0.144482,0.044823,0.098015,0.034444,0.086767,0.023202,0.073222,,1587600,,
1,1,,0.028601,0.395103,0.029359,0.021244,0.129687,0.019139,0.104345,0.110941,0.030292,0.13129,,1568300,,
1,3,,0.030352,0.101333,0.195947,0.269781,0.037135,0.109823,0.015027,0.063809,0.036513,0.14028,,1563300,,
1,3,,0.02229,0.102724,0.196516,0.261599,0.046922,0.115415,0.020382,0.050891,0.045493,0.137767,,1555600,,
1,2,,0.029974,0.182483,0.310019,0.164283,0.023862,0.084447,0.030048,0.067689,0.036009,0.071187,,1559800,,
1,1,,0.027037,0.309886,0.010778,0.034642,0.151646,0.037034,0.096728,0.11742,0.027943,0.186885,,1570500,,
1,9,,0.03305,0.204824,0.099111,0.047349,0.067249,0.104544,0.089251,0.095463,0.02933,0.229828,,1564500,,
1,2,,0.025661,0.122692,0.304275,0.167211,0.023624,0.105783,0.015504,0.08375,0.038154,0.113345,,1563300,,
1,1,,0.021091,0.487355,0.013268,0.017479,0.090613,0.025606,0.105378,0.092241,0.023691,0.123277,,1559800,,
1,4,,0.039451,0.231032,0.011471,0.022969,0.240591,0.01511,0.114913,0.142591,0.034619,0.147254,,1567700,,
1,2,,0.012098,0.145176,0.262479,0.094463,0.044272,0.080136,0.076057,0.14719,0.057321,0.080808,,1582300,,
1,3,,0.028762,0.099992,0.157139,0.219072,0.029754,0.132467,0.007371,0.047109,0.065117,0.213218,,1527000,,
1,1,,0.012809,0.372046,0.047603,0.016917,0.123334,0.033971,0.089461,0.118616,0.028037,0.157206,,1506100,,
1,1,,0.019844,0.494383,0.02121,0.016964,0.108703,0.017604,0.069934,0.097612,0.022757,0.13099,,1505700,,
1,1,,0.01661,0.351598,0.039333,0.016125,0.139467,0.028725,0.114847,0.093295,0.030882,0.169118,,1503000,,
1,1,,0.023375,0.276017,0.025785,0.034689,0.140676,0.061765,0.121118,0.094038,0.021423,0.201115,,1507300,,
1,1,,0.019405,0.434691,0.007456,0.028618,0.088744,0.017797,0.092328,0.120575,0.023586,0.1668,,1504400,,
1,2,,0.025664,0.192342,0.311651,0.147409,0.02949,0.096556,0.035985,0.052065,0.025243,0.083596,,1509000,,
1,1,,0.022565,0.333525,0.014545,0.015839,0.186709,0.017927,0.085833,0.128073,0.023246,0.171738,,1505100,,
1,1,,0.041159,0.278901,0.049641,0.024552,0.08557,0.05621,0.143434,0.074495,0.057272,0.188766,,1513800,,
1,9,,0.027942,0.206952,0.013636,0.01644,0.20085,0.023358,0.111255,0.155046,0.032283,0.212238,,1531300,,
1,1,,0.040489,0.453608,0.014816,0.012354,0.103458,0.019771,0.078335,0.099226,0.029129,0.148814,,1495500,,
1,1,,0.032454,0.381687,0.00551,0.016606,0.156559,0.020954,0.104474,0.108036,0.037404,0.136317,,1497100,,
1,9,,0.027343,0.135901,0.141504,0.159423,0.068283,0.141016,0.020205,0.0522,0.041282,0.212844,,1498000,,
1,4,,0.046907,0.193411,0.010233,0.003943,0.219042,0.013521,0.128499,0.132172,0.047934,0.204338,,1510400,,
1,2,,0.021145,0.136965,0.150302,0.126291,0.089444,0.098814,0.075045,0.131538,0.023597,0.146859,,1508100,,
1,2,,0.015188,0.182007,0.292824,0.133054,0.045817,0.089047,0.049399,0.10369,0.022073,0.066901,,1506400,,
1,1,,0.032898,0.220725,0.017273,0.024904,0.162085,0.025426,0.131771,0.132028,0.039634,0.213256,,1503500,,
1,1,,0.038638,0.473791,0.014816,0.013835,0.102862,0.021231,0.083864,0.090319,0.031948,0.128696,,1503000,,
1,3,,0.044284,0.072567,0.141417,0.323792,0.038843,0.118437,0.035525,0.017921,0.034183,0.173032,,1510700,,
1,2,,0.031897,0.156104,0.326787,0.160597,0.029252,0.090099,0.014126,0.05912,0.034773,0.097246,,1515800,,
1,9,,0.063816,0.185638,0.013617,0.005368,0.192637,0.007354,0.102213,0.147313,0.056895,0.225149,,1511000,,
1,4,,0.061322,0.162433,0.01145,0.001374,0.216073,0.024532,0.092569,0.151164,0.065205,0.213878,,1509600,,
1,3,,0.027586,0.127275,0.201325,0.27834,0.03869,0.097876,0.027056,0.042759,0.03464,0.124452,,1506400,,
1,1,,0.04214,0.214995,0.083994,0.142801,0.038698,0.11989,0.107325,0.07089,0.053935,0.125334,,1510200,,
1,1,,0.023171,0.482123,0.017723,0.010197,0.121635,0.015434,0.071786,0.102458,0.024405,0.131068,,1508300,,
1,9,,0.026155,0.201748,0.01222,0.01334,0.214499,0.021714,0.085079,0.163639,0.032336,0.22927,,1506800,,
1,2,,0.03612,0.210582,0.286153,0.147157,0.029965,0.096036,0.023361,0.044176,0.037125,0.089325,,1503100,,
1,2,,0.019789,0.231751,0.241083,0.121706,0.03949,0.085164,0.014497,0.039831,0.043979,0.162712,,1500400,,
1,2,,0.009559,0.153586,0.270288,0.087695,0.043937,0.067496,0.093713,0.123605,0.069125,0.080995,,1503400,,
1,2,,0.027432,0.197352,0.306956,0.155402,0.033505,0.084306,0.02663,0.044052,0.042169,0.082196,,1546900,,
1,1,,0.026927,0.484394,0.011689,0.022433,0.104067,0.022142,0.079923,0.091908,0.025966,0.13055,,1505000,,
1,3,,0.027687,0.091555,0.181983,0.285126,0.055187,0.094304,0.019494,0.046946,0.036797,0.16092,,1515000,,
1,1,,0.025665,0.456758,0.016983,0.013157,0.115253,0.017157,0.069934,0.096953,0.02662,0.16152,,1506900,,
1,2,,0.014346,0.091913,0.217708,0.156724,0.065003,0.07609,0.07174,0.11613,0.078477,0.11187,,1508800,,
1,9,,0.020774,0.167289,0.221265,0.102805,0.028229,0.124376,0.011593,0.059596,0.034541,0.229532,,1510600,,
1,9,,0.02983,0.208933,0.096992,0.063992,0.053907,0.098804,0.09378,0.093836,0.024295,0.235632,,1510500,,
1,1,,0.009622,0.329003,0.028505,0.009131,0.17039,0.009462,0.101086,0.151075,0.031536,0.160189,,1508500,,
1,2,,0.012048,0.077302,0.29667,0.106698,0.03998,0.081861,0.138373,0.089079,0.060694,0.097296,,1503700,,
1,1,,0.031774,0.351496,0.04378,0.021451,0.09351,0.047967,0.123365,0.076297,0.028413,0.181948,,1509000,,
1,3,,0.014196,0.144252,0.113753,0.233684,0.059059,0.117068,0.011698,0.033381,0.05263,0.220279,,1530700,,
1,9,,0.03704,0.201677,0.012653,0.01334,0.189301,0.023414,0.110939,0.147289,0.045489,0.218858,,1581300,,
1,1,,0.02879,0.334785,0.042253,0.043991,0.073096,0.062514,0.135653,0.059261,0.026609,0.193049,,1506600,,
1,1,,0.027054,0.316164,0.026135,0.01837,0.148121,0.023294,0.134972,0.117482,0.024731,0.163676,,1510400,,
1,1,,0.014769,0.42491,0.049238,0.01698,0.12053,0.022309,0.089698,0.109113,0.023634,0.128818,,1514500,,
1,1,,0.04048,0.333086,0.022557,0.015161,0.127386,0.016827,0.132321,0.112737,0.033095,0.16635,,1514300,,
1,1,,0.036862,0.479182,0.013268,0.012205,0.091816,0.023715,0.101156,0.089576,0.026218,0.126002,,1516400,,
1,1,,0.027384,0.464226,0.017323,0.01395,0.108956,0.020024,0.073486,0.108524,0.023092,0.143035,,1521600,,
1,9,,0.023497,0.154043,0.155024,0.130439,0.046182,0.127262,0.035346,0.055916,0.029035,0.243256,,1511700,,
1,1,,0.028004,0.32321,0.011471,0.026864,0.154483,0.024641,0.107346,0.122197,0.030031,0.171754,,1506400,,
1,1,,0.027397,0.480666,0.018398,0.020174,0.102228,0.021174,0.080771,0.093163,0.023462,0.132568,,1523900,,
1,2,,0.015288,0.168867,0.259975,0.179551,0.023842,0.100736,0.020401,0.079785,0.039748,0.111806,,1514100,,
1,2,,0.02422,0.190159,0.312819,0.153588,0.016862,0.090702,0.025564,0.050361,0.044023,0.091702,,1513900,,
1,2,,0.02713,0.170767,0.314134,0.160963,0.037019,0.098349,0.027983,0.064698,0.032364,0.066592,,1511700,,
1,2,,0.017477,0.127536,0.346347,0.09371,0.050106,0.073598,0.096262,0.074216,0.05666,0.064087,,1511300,,
1,1,,0.037332,0.480532,0.02121,0.018445,0.096521,0.019462,0.083267,0.081694,0.032233,0.129304,,1508700,,
1,2,,0.018824,0.183562,0.277767,0.155582,0.046605,0.09352,0.019683,0.05431,0.042691,0.107455,,1508900,,
1,1,,0.046006,0.220002,0.030078,0.028069,0.133539,0.078978,0.137998,0.075912,0.033198,0.21622,,1508900,,
1,1,,0.011732,0.395438,0.031774,0.015839,0.160248,0.022005,0.108778,0.107545,0.031985,0.114655,,1506200,,
1,2,,0.016963,0.156402,0.292533,0.120217,0.065062,0.080917,0.048371,0.086463,0.052857,0.080215,,1524900,,
1,2,,0.029215,0.123098,0.288605,0.153012,0.047287,0.09377,0.044218,0.088656,0.0371,0.095038,,1509200,,
1,1,,0.04248,0.322417,0.007283,0.018966,0.160797,0.026618,0.102293,0.113876,0.036649,0.168622,,1506800,,
1,1,,0.026287,0.256605,0.056354,0.007062,0.114741,0.060112,0.126599,0.074381,0.04033,0.237528,,1506100,,
1,2,,0.026153,0.167479,0.338613,0.129085,0.052907,0.085312,0.051123,0.054154,0.02251,0.072664,,1506300,,
1,1,,0.026815,0.201549,0.091459,0.159658,0.039909,0.128892,0.083259,0.077623,0.047302,0.143533,,1508200,,
1,1,,0.014222,0.389142,0.059759,0.015746,0.116143,0.02954,0.091646,0.133403,0.023572,0.126826,,1518300,,
1,1,,0.022639,0.394811,0.027881,0.02019,0.146957,0.019244,0.089681,0.118877,0.023243,0.136477,,1508500,,
1,1,,0.03386,0.483759,0.009168,0.019029,0.096012,0.017892,0.086374,0.093751,0.029667,0.130489,,1507400,,
1,2,,0.024122,0.158753,0.322408,0.093084,0.066411,0.073408,0.049963,0.085811,0.060798,0.065242,,1505600,,
1,1,,0.027785,0.364287,0.023682,0.007853,0.150113,0.007199,0.102404,0.111633,0.045618,0.159426,,1508700,,
1,1,,0.053634,0.244472,0.0373,0.014954,0.130077,0.06743,0.139211,0.086739,0.039715,0.186468,,1505000,,
1,2,,0.009014,0.10084,0.245339,0.113126,0.04409,0.078104,0.086068,0.160937,0.076646,0.085837,,1509100,,
1,1,,0.016396,0.480563,0.023289,0.012793,0.084006,0.027258,0.070691,0.138688,0.019667,0.126649,,1508800,,
1,9,,0.021473,0.166189,0.203063,0.06727,0.055058,0.114473,0.03269,0.033244,0.029747,0.276793,,1529700,,
1,9,,0.022303,0.14253,0.182207,0.145575,0.033516,0.086754,0.026371,0.063589,0.032657,0.264497,,1517800,,
1,2,,0.026875,0.084451,0.245602,0.102007,0.030009,0.077814,0.146993,0.125981,0.071855,0.088414,,1511800,,
1,1,,0.027495,0.247674,0.122493,0.194014,0.046594,0.086089,0.082349,0.059161,0.028215,0.105916,,1523600,,
1,2,,0.020519,0.155701,0.294857,0.093312,0.059601,0.089812,0.073684,0.097257,0.047883,0.067373,,1518400,,
1,1,,0.026559,0.237376,0.168143,0.198777,0.058755,0.069715,0.058884,0.060891,0.030355,0.090547,,1513300,,
1,1,,0.022803,0.241857,0.030179,0.020747,0.186506,0.023946,0.095601,0.159992,0.034866,0.183501,,1520200,,
1,2,,0.026567,0.135891,0.343184,0.17167,0.04194,0.090658,0.028374,0.068238,0.043135,0.050343,,1518000,,
1,1,,0.046669,0.223123,0.169163,0.186893,0.069357,0.083068,0.060893,0.051836,0.036241,0.072757,,1507100,,
1,2,,0.025316,0.197978,0.307884,0.151966,0.023988,0.112002,0.017915,0.068248,0.029412,0.065291,,1508700,,
1,1,,0.039497,0.291518,0.022871,0.006257,0.157649,0.031466,0.119338,0.116668,0.027925,0.186811,,1522900,,
1,1,,0.027257,0.229799,0.16439,0.209121,0.067729,0.084991,0.053482,0.050241,0.02856,0.084431,,1519800,,
1,1,,0.036106,0.475837,0.015437,0.015778,0.099123,0.018943,0.086716,0.091436,0.029122,0.131501,,1517400,,
1,2,,0.027177,0.172173,0.340548,0.160313,0.014982,0.089491,0.018107,0.069835,0.022794,0.084581,,1514000,,
1,1,,0.02281,0.391854,0.027175,0.008067,0.166936,0.022336,0.093317,0.11455,0.023544,0.12941,,1514300,,
1,2,,0.02474,0.211966,0.244136,0.143149,0.055952,0.090917,0.027396,0.049471,0.049895,0.102377,,1516400,,
1,1,,0.030765,0.322134,0.019501,0.042806,0.100989,0.038392,0.137392,0.108098,0.029143,0.170779,,1518900,,
1,3,,0.038606,0.107202,0.191739,0.222788,0.049609,0.130934,0.054983,0.042286,0.043232,0.118621,,1516800,,
1,2,,0.021832,0.107824,0.264028,0.141711,0.036876,0.062174,0.119729,0.106728,0.069336,0.069762,,1506400,,
1,1,,0.037176,0.484597,0.011266,0.017666,0.09476,0.018589,0.085001,0.086206,0.033481,0.131259,,1507300,,
1,9,,0.018036,0.13109,0.187772,0.171074,0.062235,0.135011,0.014528,0.034075,0.036632,0.209547,,1508900,,
1,1,,0.01576,0.392757,0.042685,0.01334,0.122837,0.016198,0.090669,0.133015,0.037598,0.135141,,1518300,,
1,1,,0.059337,0.213569,0.02188,0.015794,0.153153,0.00881,0.126454,0.153303,0.05544,0.19226,,1562400,,
1,1,,0.029418,0.338987,0.043098,0.044666,0.065023,0.059751,0.137667,0.066624,0.025454,0.189312,,1517100,,
1,1,,0.026074,0.47941,0.01084,0.023972,0.112689,0.018314,0.0726,0.102619,0.026166,0.127316,,1516200,,
1,2,,0.031512,0.132902,0.287921,0.170083,0.026316,0.101746,0.023028,0.055489,0.042667,0.128337,,1518900,,
1,1,,0.014356,0.393889,0.04858,0.0202,0.123637,0.039371,0.092007,0.122653,0.023438,0.121869,,1529000,,
1,1,,0.029147,0.221575,0.015922,0.00926,0.143767,0.082617,0.137454,0.132825,0.033131,0.194304,,1522000,,
1,1,,0.023997,0.254397,0.113508,0.196569,0.037209,0.088948,0.078823,0.058481,0.031543,0.116525,,1516300,,
1,9,,0.028658,0.2129,0.011857,0.017923,0.176102,0.022557,0.113375,0.140008,0.040948,0.235672,,1511600,,
1,2,,0.0249,0.129555,0.263263,0.188254,0.03338,0.107999,0.023687,0.071204,0.034179,0.12358,,1514900,,
1,1,,0.023004,0.37503,0.025761,0.020386,0.150428,0.014745,0.107808,0.100562,0.027248,0.155028,,1523500,,
1,1,,0.021061,0.326176,0.016463,0.01334,0.177272,0.02436,0.084599,0.130544,0.036204,0.169981,,1516900,,
1,1,,0.036626,0.233059,0.050667,0.026917,0.092702,0.067245,0.152106,0.087367,0.037908,0.215403,,1515500,,
1,2,,0.019716,0.218015,0.245665,0.157023,0.043788,0.093321,0.02219,0.051723,0.043622,0.104936,,1514300,,
1,2,,0.021379,0.170123,0.287131,0.179064,0.019694,0.108282,0.032114,0.064656,0.046684,0.070873,,1515500,,
1,1,,0.019065,0.362031,0.034654,0.014548,0.166573,0.020162,0.108368,0.106756,0.019966,0.147877,,1513600,,
1,1,,0.031789,0.455569,0.014697,0.011402,0.11237,0.015701,0.072121,0.097296,0.033782,0.155273,,1512500,,
1,1,,0.025095,0.484947,0.014876,0.010336,0.124554,0.016728,0.079094,0.096734,0.023178,0.124459,,1514500,,
1,1,,0.031757,0.431519,0.012983,0.016062,0.126685,0.020096,0.071197,0.094719,0.028988,0.165995,,1515400,,
1,1,,0.028352,0.215987,0.017273,0.015492,0.200302,0.029012,0.107662,0.136734,0.033522,0.215664,,1514300,,
1,1,,0.024803,0.314299,0.007706,0.019953,0.199851,0.018065,0.083375,0.128848,0.03098,0.17212,,1514600,,
1,1,,0.025669,0.196661,0.08367,0.146942,0.034687,0.141679,0.090638,0.087623,0.052037,0.140393,,1527600,,
1,1,,0.035301,0.466073,0.009493,0.022202,0.09928,0.022295,0.100015,0.084619,0.02821,0.132512,,1514700,,
1,1,,0.03504,0.222418,0.013994,0.00469,0.159252,0.068429,0.140456,0.148139,0.030533,0.177049,,1513000,,
1,1,,0.027079,0.378897,0.011455,0.00996,0.163702,0.017488,0.102623,0.114575,0.027375,0.146846,,1514700,,
1,1,,0.040097,0.359838,0.011581,0.016062,0.166821,0.01929,0.087456,0.108865,0.032151,0.157839,,1530300,,
1,9,,0.026191,0.21991,0.01657,0.030335,0.127048,0.053699,0.150879,0.100557,0.042545,0.232266,,1521200,,
1,1,,0.025203,0.481055,0.009168,0.018109,0.11899,0.016441,0.074865,0.10653,0.023399,0.126241,,1512400,,
1,3,,0.037729,0.110784,0.212351,0.268758,0.020773,0.096587,0.022601,0.066152,0.03791,0.126355,,1514800,,
1,1,,0.042654,0.23003,0.04413,0.012509,0.140006,0.061761,0.116803,0.099457,0.044515,0.208137,,1514600,,
1,1,,0.051199,0.240894,0.029429,0.012418,0.115217,0.050295,0.158399,0.120228,0.031749,0.190173,,1511300,,
1,2,,0.020577,0.091944,0.225272,0.219026,0.062654,0.085171,0.043117,0.104724,0.041591,0.105925,,1522600,,
1,1,,0.019987,0.291331,0.032434,0.025542,0.160342,0.022091,0.114184,0.10156,0.024201,0.208328,,1516300,,
1,1,,0.017981,0.343628,0.028862,0.010082,0.143086,0.006145,0.101323,0.164956,0.029474,0.154461,,1549500,,
1,1,,0.029771,0.346372,0.045311,0.01395,0.107573,0.025674,0.117694,0.093008,0.031569,0.189077,,1522700,,
1,9,,0.027455,0.107935,0.168981,0.155908,0.067886,0.133273,0.03765,0.050647,0.029781,0.220483,,1526600,,
1,1,,0.024563,0.288202,0.097413,0.042458,0.089297,0.07418,0.12255,0.063728,0.018459,0.179149,,1546000,,
1,2,,0.021413,0.171315,0.292734,0.180836,0.019694,0.108666,0.032292,0.068055,0.034141,0.070853,,1527400,,
1,3,,0.024277,0.094592,0.209856,0.277859,0.029881,0.113649,0.012961,0.079963,0.040416,0.116547,,1526200,,
1,1,,0.025488,0.185792,0.089421,0.170972,0.042665,0.120607,0.090991,0.082488,0.041627,0.14995,,1526600,,
1,1,,0.024357,0.24314,0.041378,0.01511,0.106574,0.090134,0.125582,0.080749,0.03263,0.240346,,1528100,,
