pendigits,CWE,test,1,NANOSECONDS,PREDICTIONS, Generated by ClassifierExperiments.java on 2022-05-16 20:48:45.    SYSTEMPROPERTIES:{user.name:matth,os.arch:amd64,os.name:Windows 10},ENDSYSTEMPROPERTIES
No parameter info
0.538391640163562,2331642500,3366748000,-1,84189464,10,,-1,-1
0,0,,0.496061,0.020204,0.017175,0.004706,0.019637,0.161223,0.013874,0.011122,0.252658,0.003341,,1724900,,
0,8,,0.104776,0.022,0.046368,0.002143,0.078307,0.01811,0.154615,0.119555,0.420496,0.033631,,1557600,,
0,0,,0.415401,0.022079,0.01276,0,0.041539,0.121271,0.020216,0.018263,0.291286,0.057185,,1570200,,
0,0,,0.460172,0.012648,0.011121,0.02836,0.014014,0.179769,0.012814,0.008359,0.25243,0.020314,,1555100,,
0,0,,0.498852,0.011092,0.006035,0.014162,0.026255,0.16769,0.009313,0.009289,0.248487,0.008824,,1560200,,
0,0,,0.499757,0.008322,0.010799,0.020207,0.013176,0.126212,0.052487,0.017651,0.244265,0.007124,,1564200,,
0,0,,0.423893,0.026617,0.036232,0.02356,0.053008,0.053525,0.037984,0.056231,0.195413,0.093536,,1561100,,
0,0,,0.422261,0.012726,0.033069,0.02437,0.035059,0.105469,0.083566,0.031345,0.206545,0.04559,,1579300,,
0,0,,0.483916,0.013479,0.017175,0.005106,0.023064,0.167575,0.02397,0.007138,0.247589,0.010989,,1548700,,
0,0,,0.482576,0.01333,0.00375,0.0165,0.024487,0.244811,0.018514,0.010526,0.167052,0.018453,,1580400,,
0,0,,0.454573,0.020686,0.017121,0,0.032471,0.132857,0.025651,0.009803,0.267138,0.0397,,1562500,,
0,0,,0.475803,0.005461,0.003273,0.045923,0.01258,0.148504,0.049158,0.002047,0.236679,0.020572,,1559600,,
0,5,,0.384023,0.018031,0.017262,0.003333,0.017844,0.385694,0.024309,0.013371,0.119386,0.016747,,1557300,,
0,0,,0.468279,0.025803,0.022213,0,0.031749,0.226331,0.020685,0.011056,0.159444,0.03444,,1561600,,
0,0,,0.477052,0.009114,0.014114,0.018798,0.008729,0.178052,0.03217,0.010438,0.247129,0.004404,,1558900,,
0,0,,0.303858,0.010286,0.031818,0.02356,0.057021,0.236869,0.076357,0.027326,0.171625,0.06128,,1556500,,
0,0,,0.425745,0.015871,0.024889,0.000172,0.044964,0.171202,0.039747,0.014626,0.250189,0.012595,,1562100,,
0,5,,0.318012,0.024616,0.022521,0,0.043511,0.339031,0.018734,0.010199,0.204962,0.018414,,1586000,,
0,0,,0.380303,0.0134,0.019093,0,0.029961,0.367082,0.024308,0.018528,0.133345,0.013979,,1537700,,
0,0,,0.466613,0.008916,0.015385,0.029014,0.028692,0.109856,0.091217,0.016341,0.202869,0.031097,,1536900,,
0,5,,0.352298,0.017997,0.0169,0.009386,0.009956,0.371638,0.019573,0.003785,0.189506,0.008962,,1534800,,
0,5,,0.306168,0.01308,0.019355,0.025495,0.033806,0.318763,0.094319,0.020956,0.131302,0.036757,,1527300,,
0,0,,0.375841,0.017103,0.015152,0.006348,0.015128,0.356879,0.018114,0.010484,0.166512,0.018439,,1528400,,
0,0,,0.344831,0.02166,0.018068,0.002424,0.024064,0.340106,0.009994,0.017994,0.213011,0.007848,,1535400,,
0,5,,0.327076,0.013784,0.021552,0,0.043642,0.392892,0.026845,0.012376,0.151526,0.010307,,1528200,,
0,5,,0.363927,0.010432,0.002424,0.028687,0.011178,0.399196,0.056985,0,0.108089,0.019082,,1528200,,
0,5,,0.312112,0.023183,0.022413,0.0002,0.058763,0.36815,0.036296,0.011173,0.160356,0.007355,,1528900,,
0,0,,0.367499,0.015978,0.005172,0.003603,0.064845,0.149832,0.094011,0.037431,0.248979,0.01265,,1563500,,
0,0,,0.488762,0.010636,0.018618,0.017359,0.020088,0.114053,0.022315,0.015175,0.291425,0.001569,,1518400,,
0,5,,0.344337,0.011396,0.014114,0.033215,0.014914,0.375359,0.012903,0.007966,0.165293,0.020503,,1522100,,
0,0,,0.464696,0.013957,0.012173,0.00601,0.029438,0.158881,0.026657,0.007145,0.276426,0.004616,,1509300,,
0,0,,0.435881,0.016755,0.001818,0.007242,0.010447,0.084207,0.107119,0.020317,0.258976,0.057237,,1509700,,
0,0,,0.479226,0.015423,0.012173,0.00854,0.010427,0.174922,0.024859,0.0076,0.259175,0.007655,,1509000,,
0,0,,0.367048,0.020616,0.00527,0.007445,0.074799,0.039856,0.13489,0.049148,0.297635,0.003293,,1528500,,
0,0,,0.537039,0.023519,0.016685,0,0.016241,0.111536,0.025527,0.021285,0.207778,0.040389,,1518200,,
0,0,,0.503071,0.010774,0.002745,0.036996,0.017203,0.076329,0.026883,0.003121,0.275654,0.047224,,1521800,,
0,0,,0.475275,0.009912,0.002424,0.047802,0.010277,0.140416,0.057817,0.006219,0.226639,0.023218,,1516000,,
0,8,,0.178685,0.042488,0.037795,0.02356,0.057273,0.0151,0.059495,0.1022,0.426851,0.056551,,1549300,,
0,0,,0.455543,0.009626,0.0065,0.002222,0.061591,0.127356,0.068774,0.033821,0.220394,0.014172,,1507600,,
0,0,,0.398632,0.022445,0.015321,0,0.071249,0.226224,0.017972,0.013707,0.182588,0.051862,,1514100,,
0,8,,0.074743,0.013405,0.036933,0,0.100889,0.010732,0.175718,0.218702,0.347733,0.021144,,1522200,,
0,0,,0.478717,0.016652,0.001859,0.04356,0.011176,0.170354,0.012214,0.002784,0.242107,0.020577,,1506800,,
0,0,,0.503034,0.014262,0.012426,0.012356,0.02005,0.157059,0.013721,0.009148,0.247731,0.010213,,1507400,,
0,0,,0.489357,0.009435,0.002752,0.033363,0.012702,0.133905,0.077083,0.008692,0.226027,0.006683,,1508800,,
0,0,,0.499366,0.011479,0.006267,0.016178,0.01834,0.154608,0.023194,0.006362,0.256753,0.007453,,1503400,,
0,0,,0.469431,0.015653,0.00125,0.044185,0.01308,0.162867,0.03902,0.000956,0.229333,0.024225,,1510700,,
0,0,,0.48549,0.011166,0.006035,0.012653,0.034578,0.165046,0.022191,0.004954,0.250852,0.007034,,1507200,,
0,0,,0.422585,0.032453,0.019268,0.001633,0.0306,0.17865,0.01624,0.016713,0.27033,0.011529,,1523300,,
0,0,,0.401365,0.012148,0.022213,0.008,0.047843,0.219145,0.041256,0.008483,0.196124,0.043423,,1511000,,
0,5,,0.2844,0.011112,0.01841,0.02356,0.044919,0.370666,0.061083,0.010742,0.150072,0.025036,,1509000,,
0,0,,0.457571,0.009063,0.006146,0.04453,0.015383,0.180218,0.012214,0.002924,0.250808,0.021144,,1525200,,
0,0,,0.458249,0.025932,0.015321,0.002424,0.024329,0.111987,0.016789,0.022499,0.285421,0.037048,,1514900,,
0,0,,0.507054,0.014909,0.004936,0.027251,0.012115,0.153135,0.024119,0.003156,0.244126,0.009198,,1509400,,
0,5,,0.349908,0.019523,0.017121,0.003721,0.024656,0.360867,0.016916,0.015184,0.166009,0.026096,,1509600,,
0,0,,0.370103,0.015706,0.002868,0,0.059091,0.120408,0.039146,0.024249,0.262875,0.105553,,1512900,,
0,7,,0.106673,0.065527,0.016393,0.108805,0.067912,0.043449,0.122172,0.272573,0.137726,0.058769,,1524100,,
0,7,,0.013198,0.014718,0.060305,0.011486,0.17914,0.016046,0.212028,0.277911,0.189394,0.025773,,1534700,,
0,0,,0.460225,0.030022,0.018957,0,0.037332,0.082354,0.011141,0.024723,0.329665,0.005581,,1513400,,
0,0,,0.483053,0.007665,0.001739,0.016618,0.010177,0.118084,0.10963,0.017143,0.217792,0.0181,,1513700,,
0,0,,0.492439,0.008997,0.006267,0.016336,0.015536,0.156927,0.031395,0.003505,0.261762,0.006835,,1509500,,
0,8,,0.262573,0.051458,0.041441,0.04816,0.051936,0.069602,0.036373,0.022201,0.374621,0.041634,,1509700,,
0,0,,0.467916,0.010431,0.001818,0.04659,0.009065,0.169709,0.03902,0.000956,0.231883,0.022612,,1520000,,
0,5,,0.363261,0.00967,0.015733,0.01294,0.011942,0.392733,0.039788,0.008251,0.130612,0.01507,,1511400,,
0,0,,0.513313,0.02236,0.011654,0.000667,0.021137,0.165788,0.014197,0.010842,0.234426,0.005615,,1509700,,
0,0,,0.437937,0.032434,0.015385,0.008541,0.024533,0.147986,0.107888,0.01752,0.154088,0.053689,,1514400,,
0,0,,0.374152,0.012834,0,0.008194,0.022106,0.085519,0.10963,0.017143,0.344578,0.025844,,1510500,,
0,0,,0.398651,0.021726,0.016685,0,0.062611,0.144423,0.019883,0.019009,0.273334,0.043678,,1515000,,
0,0,,0.445688,0.013439,0.018211,0.007273,0.037223,0.174162,0.038292,0.00907,0.247281,0.009361,,1509300,,
0,0,,0.514082,0.009064,0.001818,0.030835,0.015087,0.129366,0.055224,0.006602,0.228723,0.009197,,1509900,,
0,0,,0.474356,0.008966,0.005714,0.022976,0.013535,0.174082,0.050015,0.003739,0.239053,0.007563,,1510100,,
0,0,,0.519711,0.010431,0.014721,0.04659,0.009065,0.119397,0.023351,0.013859,0.220261,0.022612,,1510000,,
0,0,,0.4895,0.009965,0.005714,0.014162,0.02583,0.144846,0.046257,0.008487,0.24553,0.009709,,1507500,,
0,0,,0.476386,0.014348,0.014167,0.003598,0.009475,0.16823,0.035537,0.010827,0.260497,0.006933,,1515500,,
0,0,,0.321266,0.039029,0.048846,0.027168,0.047873,0.105279,0.064573,0.102335,0.229439,0.014192,,1506700,,
0,8,,0.344215,0.018129,0.003038,0,0.034262,0.138612,0.039863,0.026678,0.383906,0.011297,,1513100,,
0,0,,0.439096,0.006934,0.009661,0.016825,0.038644,0.109812,0.123453,0.023529,0.209891,0.022154,,1508200,,
0,0,,0.476333,0.013853,0.010877,0.015323,0.015068,0.173752,0.033067,0.00376,0.249183,0.008785,,1513800,,
0,0,,0.41492,0.007841,0.006146,0.030114,0.015549,0.357117,0.03148,0.005396,0.126149,0.005288,,1510700,,
0,5,,0.29578,0.014352,0.024643,0.004444,0.064791,0.359572,0.040833,0.008146,0.175264,0.012174,,1511200,,
0,0,,0.36806,0.012038,0.003069,0.036624,0.010578,0.364431,0.03148,0.004231,0.162086,0.007403,,1511100,,
0,0,,0.41741,0.011786,0.003073,0.04778,0.019679,0.222303,0.017752,0.001759,0.200195,0.058264,,1512300,,
0,0,,0.392985,0.011472,0.015701,0.003975,0.019597,0.332033,0.021102,0.00996,0.175846,0.017328,,1506500,,
0,0,,0.379549,0.011988,0.016071,0.005106,0.017404,0.303306,0.028023,0.007593,0.223305,0.007655,,1517700,,
0,0,,0.389455,0.012065,0.016293,0.02356,0.016025,0.331361,0.018964,0.006481,0.160761,0.025036,,1508700,,
0,0,,0.464127,0.021911,0.014167,0.002308,0.020856,0.159878,0.018185,0.015621,0.274323,0.008624,,1507900,,
0,0,,0.478561,0.013976,0.00531,0.029597,0.015064,0.137016,0.066858,0.006037,0.243928,0.003655,,1508900,,
0,0,,0.325648,0.022612,0.016845,0,0.059592,0.298991,0.040064,0.017487,0.210847,0.007915,,1515700,,
0,0,,0.374235,0.011538,0,0.010768,0.023432,0.092664,0.095439,0.018546,0.346809,0.026569,,1515500,,
0,0,,0.477626,0.008783,0.006146,0.04453,0.014987,0.169196,0.012214,0.002924,0.243366,0.020229,,1509900,,
0,0,,0.505928,0.010113,0.005406,0.022822,0.011695,0.160798,0.024119,0.003664,0.24809,0.007366,,1508600,,
0,0,,0.481605,0.011407,0.021552,0.007059,0.018571,0.167447,0.028658,0.008125,0.246154,0.009422,,1508300,,
0,0,,0.46674,0.012098,0.001818,0.04659,0.009065,0.143814,0.057817,0.006219,0.233226,0.022612,,1507400,,
0,0,,0.338337,0.01308,0,0.025495,0.022036,0.331188,0.069908,0.031854,0.124679,0.043423,,1513900,,
0,0,,0.346568,0.011325,0.015385,0.010878,0.029468,0.304304,0.107888,0.016741,0.136826,0.020618,,1527400,,
0,0,,0.469561,0.014435,0.001538,0.04356,0.010837,0.169256,0.03902,0.001982,0.23093,0.018882,,1515200,,
0,0,,0.366753,0.015414,0.011654,0.000667,0.019404,0.364824,0.015064,0.016662,0.177856,0.011703,,1514200,,
0,0,,0.307143,0.015351,0.011594,0.006281,0.031932,0.272052,0.131466,0.01842,0.174981,0.03078,,1536900,,
0,0,,0.458209,0.013743,0.012426,0.028296,0.011929,0.179062,0.01274,0.00439,0.258642,0.020561,,1509300,,
0,0,,0.458203,0.022354,0.020003,0,0.027995,0.230636,0.020685,0.012511,0.17628,0.031333,,1508800,,
0,4,,0.010639,0.04457,0.064697,0.013816,0.258595,0.014279,0.174708,0.241405,0.096454,0.080836,,1511400,,
0,0,,0.476739,0.00775,0.015511,0.018797,0.010854,0.178213,0.028016,0.0071,0.250128,0.006892,,1508400,,
0,0,,0.479615,0.01621,0.012173,0.005767,0.024641,0.17071,0.024735,0.008304,0.24993,0.007914,,1510200,,
0,0,,0.490452,0.009785,0.007821,0.006745,0.01449,0.1655,0.030486,0.01081,0.256416,0.007495,,1504500,,
0,0,,0.373148,0.023359,0.00704,0.000777,0.069048,0.081364,0.095978,0.036488,0.261871,0.050929,,1523200,,
0,5,,0.352023,0.022113,0.017262,0,0.049863,0.372423,0.006001,0.008371,0.160016,0.011928,,1512600,,
0,0,,0.448277,0.009065,0.010267,0.033385,0.030448,0.100316,0.131675,0.026958,0.201332,0.008277,,1511600,,
0,0,,0.367277,0.020043,0.018942,0.003721,0.014631,0.323933,0.012864,0.013281,0.215724,0.009585,,1510900,,
0,0,,0.498947,0.01362,0.010877,0.010161,0.015358,0.16809,0.027572,0.002469,0.245479,0.007427,,1511100,,
0,0,,0.539867,0.005416,0.018728,0.028971,0.016647,0.107639,0.034237,0.016735,0.225845,0.005916,,1507500,,
0,8,,0.22066,0.045362,0.064615,0.04,0.053589,0.015692,0.084525,0.027335,0.422787,0.025433,,1514200,,
0,0,,0.463936,0.00809,0.005406,0.039322,0.012275,0.168053,0.012214,0.002267,0.267666,0.02077,,1511600,,
0,0,,0.47625,0.004954,0.002752,0.032383,0.013192,0.133832,0.075124,0.005263,0.242619,0.01363,,1515700,,
0,0,,0.379357,0.011643,0,0.029014,0.013308,0.364045,0.044734,0.000956,0.125846,0.031097,,1509200,,
0,0,,0.473051,0.014686,0.003069,0.05104,0.009658,0.163609,0.012214,0.001759,0.248767,0.022146,,1520800,,
0,0,,0.368854,0.015304,0.012173,0.025041,0.018536,0.321787,0.012955,0.006203,0.198645,0.020503,,1513200,,
0,0,,0.40549,0.01683,0.017175,0.001509,0.021931,0.303874,0.012009,0.010885,0.200977,0.009319,,1508400,,
0,5,,0.30254,0.0136,0.016294,0.006905,0.051887,0.332115,0.039942,0.016107,0.213323,0.007286,,1532500,,
0,0,,0.430717,0.030444,0.02707,0,0.049822,0.256453,0.018842,0.014099,0.142592,0.029961,,1510700,,
0,0,,0.402262,0.018225,0.011654,0.007684,0.012655,0.131473,0.017871,0.007539,0.340136,0.0505,,1509000,,
0,0,,0.375859,0.016739,0.001571,0.027643,0.017307,0.375357,0.017204,0.002206,0.152347,0.013768,,1514100,,
0,5,,0.337213,0.016377,0.016071,0.007273,0.021092,0.373957,0.031134,0.008412,0.165122,0.023349,,1508400,,
0,0,,0.330137,0.016259,0.022945,0.003824,0.075427,0.057428,0.14118,0.062764,0.237525,0.052512,,1512700,,
0,5,,0.274345,0.015972,0.019463,0.008,0.031753,0.447417,0.043552,0.009772,0.142645,0.007081,,1509300,,
0,0,,0.374248,0.017316,0.019479,0.001263,0.033065,0.307788,0.014187,0.022632,0.205523,0.0045,,1511800,,
0,0,,0.494874,0.00818,0.000952,0.041655,0.015708,0.136237,0.038355,0.005607,0.232443,0.025989,,1518100,,
0,0,,0.378775,0.010914,0.01978,0.005106,0.016535,0.310764,0.029408,0.008991,0.209154,0.010573,,1509000,,
0,0,,0.518954,0.012368,0.014114,0.010945,0.010167,0.154718,0.030842,0.01088,0.229745,0.007267,,1514600,,
0,0,,0.45617,0.023909,0.01276,0.002424,0.040037,0.098783,0.029543,0.021169,0.27273,0.042475,,1512200,,
0,0,,0.458691,0.00528,0,0.033904,0.023805,0.086119,0.069908,0.027983,0.236756,0.057555,,1514800,,
0,0,,0.398197,0.016912,0.016438,0.006897,0.0439,0.205693,0.097383,0.025094,0.154391,0.035095,,1514300,,
0,0,,0.382168,0.012939,0.017203,0.009818,0.027142,0.245047,0.102103,0.019869,0.163832,0.019879,,1508800,,
0,0,,0.473671,0.005795,0.001818,0.022273,0.028765,0.119781,0.085709,0.029527,0.21766,0.015,,1508200,,
0,8,,0.33905,0.011929,0.014607,0.007059,0.030727,0.089409,0.060754,0.011727,0.427163,0.007575,,1511000,,
0,0,,0.494107,0.007127,0.006146,0.04453,0.014561,0.156909,0.012214,0.002924,0.240791,0.020691,,1509100,,
0,5,,0.304738,0.019656,0.01531,0.003908,0.055337,0.329141,0.037624,0.015554,0.20687,0.011861,,1517400,,
0,0,,0.493818,0.010339,0.015511,0.006509,0.014204,0.178853,0.016681,0.005956,0.24643,0.0117,,1506500,,
0,0,,0.360369,0.01313,0.000811,0.02437,0.024364,0.094364,0.069908,0.030415,0.303123,0.079145,,1524700,,
0,0,,0.421462,0.010292,0.019607,0,0.021819,0.223463,0.015918,0.019641,0.225577,0.042221,,1510100,,
0,0,,0.527589,0.013723,0.019607,0.004286,0.023453,0.12704,0.035917,0.013299,0.189305,0.045781,,1508400,,
0,0,,0.346147,0.003412,0.003951,0.007805,0.042142,0.294214,0.092594,0.024349,0.174278,0.011107,,1509800,,
0,0,,0.465091,0.005788,0.027448,0.006052,0.05101,0.066164,0.119157,0.044021,0.166644,0.048626,,1507600,,
0,0,,0.326264,0.015346,0.015515,0.007059,0.041189,0.312409,0.045841,0.013307,0.215439,0.00763,,1509400,,
0,0,,0.501384,0.014063,0.007072,0.017429,0.030028,0.162573,0.005099,0.004644,0.251508,0.006198,,1509100,,
0,0,,0.473732,0.015653,0.00125,0.044185,0.01308,0.147814,0.049158,0.000956,0.229947,0.024225,,1508200,,
0,0,,0.47347,0.008876,0.002424,0.047802,0.010277,0.151497,0.049158,0.000956,0.232321,0.023218,,1667600,,
0,0,,0.365413,0.018216,0.014167,0.008974,0.017949,0.364221,0.020484,0.01529,0.166459,0.008829,,1569500,,
0,0,,0.497745,0.016673,0.012426,0.009023,0.017212,0.164708,0.023721,0.006291,0.244353,0.007848,,1514900,,
0,0,,0.467486,0.016304,0.001859,0.04356,0.010837,0.183265,0.012214,0.002784,0.240917,0.020774,,1510000,,
0,5,,0.349291,0.016579,0.012173,0.006905,0.01692,0.372212,0.029625,0.006603,0.180985,0.008707,,1519100,,
0,0,,0.416678,0.012139,0.020003,0.005161,0.014865,0.287536,0.036491,0.007511,0.189831,0.009785,,1514400,,
0,0,,0.451865,0.011025,0,0.014597,0.014209,0.218291,0.058286,0.003429,0.174448,0.053851,,1510500,,
0,0,,0.49985,0.013835,0.021552,0.004286,0.014849,0.158646,0.025963,0.008525,0.24428,0.008214,,1511800,,
0,0,,0.475686,0.008721,0.005406,0.039322,0.021018,0.165294,0.012998,0.002855,0.247273,0.021427,,1507800,,
0,5,,0.351873,0.014698,0.016071,0,0.023049,0.368972,0.021147,0.015829,0.175908,0.012454,,1510200,,
0,5,,0.368559,0.009164,0.006146,0.04453,0.015087,0.383505,0.020521,0.002924,0.120461,0.029102,,1507500,,
0,5,,0.320568,0.015757,0.018068,0.006667,0.032913,0.392454,0.019279,0.014406,0.16694,0.012948,,1540900,,
0,0,,0.445338,0.016773,0.018068,0,0.060292,0.244727,0.014733,0.012748,0.160544,0.026778,,1508400,,
0,0,,0.40877,0.021571,0.015321,0,0.056453,0.219267,0.017292,0.016532,0.198493,0.046302,,1511300,,
0,0,,0.481495,0.013671,0.015152,0.002639,0.022402,0.170725,0.03227,0.006022,0.24681,0.008815,,1507500,,
0,0,,0.44583,0.016416,0.013157,0.03856,0.028156,0.12484,0.071559,0.012067,0.2215,0.027915,,1508500,,
0,5,,0.349107,0.025601,0.024717,0,0.023274,0.369972,0.022315,0.009349,0.163165,0.0125,,1507200,,
0,0,,0.509815,0.007462,0.006035,0.025407,0.013404,0.159068,0.026113,0.00557,0.238569,0.008557,,1506900,,
0,5,,0.247171,0.047401,0.031818,0.02356,0.048762,0.357798,0.076357,0.024138,0.114625,0.02837,,1508700,,
0,0,,0.352918,0.016992,0.002875,0.002353,0.088368,0.071784,0.05246,0.033931,0.342359,0.03596,,1512400,,
0,0,,0.510481,0.012234,0.001818,0.012696,0.01681,0.219722,0.061404,0.001356,0.127789,0.035689,,1506300,,
0,0,,0.3584,0.01245,0.018419,0,0.04766,0.172247,0.101119,0.050553,0.193673,0.04548,,1519200,,
0,5,,0.362206,0.011581,0.011121,0.02836,0.013707,0.384119,0.012814,0.008359,0.147523,0.020212,,1510900,,
0,0,,0.466353,0.007397,0.006368,0.04453,0.017005,0.174248,0.012214,0.003146,0.246451,0.022285,,1514600,,
0,5,,0.320615,0.024652,0.015479,0.001263,0.022579,0.419247,0.020472,0.008382,0.159824,0.007486,,1506900,,
0,0,,0.491357,0.014335,0.004255,0.047166,0.010623,0.17482,0.012214,0.001759,0.221973,0.021496,,1508200,,
0,0,,0.326341,0.012942,0.014035,0.024417,0.024901,0.317273,0.112203,0.014054,0.111465,0.04237,,1507600,,
0,0,,0.420632,0.014241,0.020281,0.003128,0.06897,0.157952,0.045939,0.015297,0.244249,0.009311,,1508800,,
0,0,,0.499861,0.011808,0.012426,0.028296,0.011107,0.161891,0.01274,0.00439,0.237372,0.020109,,1506500,,
0,0,,0.346886,0.01012,0,0.02731,0.021205,0.345477,0.057817,0.006219,0.148784,0.036182,,1507500,,
0,0,,0.452891,0.015495,0.014167,0.00447,0.035189,0.16116,0.015799,0.015855,0.273826,0.011149,,1508200,,
0,0,,0.437801,0.023774,0.015479,0.001263,0.046019,0.182335,0.029931,0.008382,0.247785,0.007232,,1518500,,
0,0,,0.492948,0.011768,0.015511,0.016551,0.010514,0.170218,0.026447,0.006919,0.239835,0.00929,,1515600,,
0,0,,0.537797,0.016516,0.014442,0.02129,0.012837,0.111803,0.04129,0.0178,0.220551,0.005674,,1508200,,
0,0,,0.513191,0.041013,0.051724,0.054804,0.045275,0.016129,0.027487,0.037838,0.172091,0.040449,,1513100,,
0,7,,0.01258,0.095565,0.078632,0.070121,0.195421,0.056651,0.146558,0.198462,0.035183,0.110829,,1515100,,
0,5,,0.318991,0.013684,0.012426,0.028296,0.022081,0.381218,0.01274,0.00439,0.17103,0.035142,,1512700,,
0,0,,0.475501,0.010873,0.006035,0.036213,0.013659,0.173441,0.012214,0.004208,0.247543,0.020314,,1509900,,
0,0,,0.498816,0.016554,0.00375,0.029254,0.010909,0.146362,0.058634,0.002319,0.219697,0.013707,,1508400,,
0,8,,0.319266,0.017669,0.005383,0,0.098004,0.083379,0.065866,0.036266,0.343083,0.031082,,1515800,,
0,8,,0.101089,0.033703,0.049521,0.025974,0.078538,0.017534,0.053895,0.130936,0.491787,0.017022,,1511100,,
0,0,,0.451928,0.005423,0.011111,0.033904,0.029661,0.129138,0.071559,0.012067,0.22751,0.027698,,1559100,,
0,0,,0.401688,0.015147,0.002717,0,0.060464,0.095576,0.068223,0.024086,0.327666,0.004433,,1517200,,
0,5,,0.358221,0.019087,0.012173,0.005767,0.017615,0.370961,0.023935,0.008104,0.176478,0.007659,,1514000,,
0,0,,0.496946,0.011756,0.010877,0.012059,0.01705,0.155183,0.024119,0.005211,0.257812,0.008989,,1511400,,
0,0,,0.478641,0.009778,0.005406,0.039322,0.012275,0.165893,0.012214,0.002267,0.25435,0.019854,,1507600,,
0,0,,0.461015,0.01336,0.019268,0.009552,0.027941,0.236688,0.031302,0.006469,0.170584,0.02382,,1511300,,
0,0,,0.426396,0.014986,0.028012,0.000187,0.058472,0.163858,0.04364,0.012029,0.240448,0.011973,,1509000,,
0,0,,0.468363,0.008181,0.006267,0.01642,0.02662,0.170385,0.025917,0.005015,0.268322,0.004509,,1509300,,
0,0,,0.335166,0.021388,0.015046,0,0.037396,0.156289,0.02403,0.013572,0.288188,0.108924,,1513400,,
0,0,,0.420261,0.015817,0.004615,0.02721,0.014922,0.296412,0.03362,0.001404,0.175405,0.010334,,1509900,,
0,0,,0.506596,0.006315,0.006267,0.021444,0.017636,0.154474,0.023258,0.003505,0.255746,0.004759,,1531700,,
0,0,,0.433747,0.014222,0.028319,0.005161,0.052828,0.007735,0.077134,0.038938,0.286797,0.055118,,1525800,,
0,0,,0.503444,0.019754,0.011654,0.004952,0.009786,0.166314,0.023861,0.008993,0.243583,0.007659,,1511400,,
0,0,,0.456978,0.014143,0.0169,0.015122,0.012275,0.174366,0.029282,0.0049,0.266877,0.009157,,1508300,,
0,0,,0.365051,0.014946,0.01836,0.002805,0.041354,0.319821,0.058531,0.018167,0.154044,0.006921,,1512100,,
0,0,,0.483642,0.010417,0.010877,0.006356,0.018036,0.175508,0.027528,0.007893,0.245821,0.013923,,1511800,,
0,0,,0.503073,0.013339,0.010877,0.010161,0.01618,0.168823,0.027572,0.002469,0.238862,0.008643,,1508600,,
0,0,,0.439646,0.013384,0.011765,0.027233,0.031457,0.107198,0.08986,0.02571,0.21701,0.036737,,1511600,,
0,0,,0.447171,0.017158,0.022521,0.007475,0.021728,0.173039,0.030196,0.008114,0.265206,0.007394,,1510300,,
0,0,,0.488739,0.010819,0.011121,0.013943,0.017314,0.159479,0.03208,0.010831,0.251269,0.004404,,1515300,,
0,0,,0.342652,0.029222,0.022213,0.001633,0.023532,0.311539,0.018848,0.015463,0.228073,0.006826,,1514100,,
0,0,,0.53382,0.013026,0.019122,0.00352,0.050082,0.062778,0.078745,0.039818,0.156443,0.042646,,1523800,,
0,0,,0.424714,0.0115,0.014167,0.025867,0.023966,0.176514,0.02386,0.008062,0.266129,0.025221,,1510900,,
0,0,,0.494934,0.009409,0.002748,0.05104,0.008825,0.148243,0.02863,0.000956,0.235014,0.020202,,1509300,,
0,0,,0.468578,0.009574,0.002045,0.03856,0.01149,0.17139,0.03902,0.000956,0.228367,0.03002,,1508800,,
0,0,,0.424416,0.018334,0.019525,0.007619,0.050025,0.160122,0.031864,0.0123,0.261489,0.014306,,1512600,,
0,8,,0.215854,0.013399,0.019798,0.002286,0.085382,0.034868,0.125938,0.033919,0.432543,0.036014,,1520100,,
0,5,,0.349133,0.020243,0.016685,0.003721,0.009302,0.36276,0.020074,0.018202,0.176263,0.023618,,1516700,,
0,0,,0.46136,0.015593,0.012173,0.005926,0.01163,0.176548,0.032136,0.005247,0.270463,0.008926,,1512400,,
0,0,,0.503403,0.017295,0.016819,0.003015,0.024401,0.155611,0.006447,0.005484,0.261616,0.005909,,1511500,,
0,0,,0.506267,0.014095,0.011654,0.00981,0.00681,0.225011,0.03248,0.009564,0.160546,0.023762,,1516200,,
0,0,,0.510966,0.013667,0.0169,0.007475,0.008018,0.162195,0.022857,0.004084,0.246627,0.007212,,1514100,,
0,0,,0.441927,0.018726,0.021442,0,0.037594,0.173528,0.007283,0.022699,0.261285,0.015516,,1522200,,
0,0,,0.456106,0.029947,0.016438,0.01226,0.036332,0.098879,0.109166,0.023386,0.203148,0.014338,,1512900,,
0,0,,0.379641,0.010248,0.015655,0.01294,0.035874,0.368723,0.044225,0.008316,0.11629,0.008088,,1507400,,
0,0,,0.315863,0.019077,0.009231,0.02356,0.039384,0.268155,0.081217,0.031611,0.172051,0.039851,,1513000,,
0,0,,0.339724,0.024245,0.029195,0.004091,0.06958,0.013385,0.124399,0.060581,0.315528,0.019272,,1513200,,
0,0,,0.457592,0.015093,0.0169,0.002368,0.02732,0.169754,0.009715,0.011684,0.283719,0.005854,,1516800,,
0,0,,0.473926,0.019604,0.012173,0.008754,0.013038,0.172303,0.024325,0.008156,0.261515,0.006206,,1509600,,
0,7,,0.038302,0.020069,0.06262,0.003778,0.163669,0.009123,0.167145,0.265085,0.244398,0.02581,,1514000,,
0,0,,0.401028,0.019342,0.017175,0.003333,0.025875,0.345531,0.014462,0.013181,0.151274,0.0088,,1528600,,
0,0,,0.484881,0.008426,0.005406,0.022822,0.011695,0.169403,0.024119,0.003664,0.261033,0.008553,,1508300,,
0,0,,0.470898,0.009375,0.012361,0.035625,0.031667,0.108677,0.087361,0.013611,0.221675,0.00875,,1514000,,
0,5,,0.351362,0.030678,0.022521,0,0.023582,0.368707,0.009666,0.012503,0.171537,0.009444,,1509700,,
1,1,,0.021563,0.473612,0.020781,0.018981,0.116083,0.014983,0.080644,0.109592,0.020062,0.123699,,1512600,,
1,3,,0.011971,0.066877,0.177558,0.341205,0.034688,0.129848,0.008585,0.047315,0.025496,0.156458,,1510200,,
1,1,,0.025888,0.219931,0.022587,0.026676,0.171588,0.013963,0.13004,0.158594,0.037583,0.193151,,1511800,,
1,3,,0.015461,0.113416,0.208935,0.26895,0.022086,0.130247,0.002835,0.040985,0.036555,0.16053,,1510700,,
1,1,,0.027145,0.308704,0.016456,0.029493,0.173422,0.010675,0.115616,0.123131,0.031325,0.164034,,1511400,,
1,2,,0.024308,0.192598,0.282922,0.167513,0.01865,0.093467,0.007274,0.051448,0.030202,0.131617,,1510000,,
1,2,,0.006956,0.167403,0.28706,0.118854,0.067035,0.07646,0.047615,0.102051,0.034394,0.092172,,1522800,,
1,2,,0.0132,0.169075,0.285496,0.187731,0.029532,0.109082,0.013117,0.05469,0.025605,0.112473,,1507000,,
1,1,,0.013841,0.357438,0.045753,0.0261,0.177747,0.015176,0.105101,0.124964,0.017657,0.116224,,1509100,,
1,1,,0.013268,0.315191,0.026881,0.00658,0.151743,0.007387,0.12297,0.169007,0.033007,0.153967,,1516500,,
1,1,,0.015014,0.456724,0.020956,0.022221,0.120445,0.013099,0.078047,0.10517,0.021907,0.146417,,1511200,,
1,7,,0.025646,0.134946,0.021622,0.011486,0.210136,0.002105,0.137005,0.234523,0.064003,0.158528,,1510400,,
1,1,,0.019357,0.288738,0.040223,0.033591,0.143507,0.055991,0.121087,0.119675,0.018062,0.15977,,1512600,,
1,2,,0.014684,0.213773,0.258855,0.16625,0.022119,0.096363,0.015148,0.047715,0.033277,0.131815,,1509600,,
1,1,,0.008863,0.269082,0.123651,0.021106,0.107365,0.043851,0.122902,0.114772,0.013617,0.17479,,1513000,,
1,3,,0.019976,0.123186,0.097432,0.360828,0.019108,0.093952,0.013011,0.016968,0.035642,0.219897,,1509500,,
1,2,,0.013592,0.168802,0.279748,0.218184,0.035005,0.110353,0.010126,0.057731,0.021184,0.085275,,1517700,,
1,1,,0.036421,0.340968,0.051736,0.032976,0.061446,0.036233,0.15427,0.063406,0.027566,0.194978,,1509100,,
1,2,,0.01074,0.135628,0.3377,0.196195,0.036237,0.112886,0.020463,0.051054,0.028584,0.070514,,1511300,,
1,1,,0.009715,0.309757,0.050211,0.015734,0.166921,0.026296,0.09853,0.142638,0.025089,0.155111,,1511800,,
1,1,,0.019972,0.267317,0.024685,0.006407,0.162844,0.025894,0.139458,0.139267,0.026049,0.188105,,1727700,,
1,1,,0.011963,0.293706,0.048441,0.006407,0.09759,0.065344,0.135192,0.072776,0.023168,0.245412,,1510800,,
1,1,,0.019755,0.305413,0.043289,0.022935,0.165077,0.014147,0.112091,0.108983,0.022973,0.185339,,1508800,,
1,2,,0.008308,0.165336,0.334667,0.167389,0.040425,0.095517,0.014835,0.066202,0.01489,0.092431,,1513600,,
1,1,,0.011318,0.362831,0.025342,0.031834,0.157553,0.012001,0.118315,0.129515,0.020837,0.130456,,1508000,,
1,1,,0.016848,0.204949,0.02447,0.017375,0.186845,0.012504,0.131061,0.170704,0.034078,0.201167,,1531400,,
1,3,,0.024455,0.102658,0.182956,0.276769,0.020382,0.149017,0.009318,0.052095,0.0503,0.132051,,1508600,,
1,1,,0.017813,0.447397,0.021383,0.026676,0.124697,0.013292,0.075549,0.106862,0.023403,0.142929,,1508800,,
1,1,,0.038944,0.307746,0.016456,0.024933,0.173019,0.012284,0.109046,0.121159,0.032551,0.163863,,1508100,,
1,2,,0.01627,0.233983,0.246246,0.172914,0.020938,0.096767,0.018009,0.040741,0.02889,0.125241,,1518500,,
1,2,,0.017378,0.231721,0.250292,0.172162,0.016504,0.0976,0.016531,0.042869,0.028472,0.126472,,1517100,,
1,1,,0.0195,0.281164,0.047975,0.041217,0.109765,0.060625,0.138592,0.115832,0.028136,0.157195,,1511700,,
1,1,,0.018397,0.288054,0.136675,0.172579,0.04189,0.062842,0.086974,0.070397,0.024279,0.097911,,1510400,,
1,1,,0.011588,0.463901,0.021383,0.026676,0.109867,0.011563,0.077902,0.109478,0.020585,0.147058,,1509800,,
1,2,,0.003314,0.154534,0.294705,0.112089,0.059842,0.090875,0.052709,0.089129,0.033899,0.108903,,1512000,,
1,1,,0.016729,0.304993,0.019162,0.043423,0.167848,0.021608,0.10464,0.119477,0.027333,0.174788,,1524000,,
1,1,,0.008194,0.338443,0.031182,0.026892,0.149675,0.011224,0.122064,0.13454,0.030721,0.147065,,1506400,,
1,1,,0.015656,0.258412,0.119691,0.034807,0.078707,0.053773,0.156088,0.093179,0.02269,0.166997,,1508700,,
1,1,,0.015723,0.237646,0.094362,0.148957,0.03243,0.110826,0.09906,0.080523,0.040807,0.139667,,1508400,,
1,1,,0.007105,0.360594,0.026728,0.01905,0.146653,0.027355,0.124384,0.139716,0.026913,0.121501,,1505600,,
1,3,,0.018431,0.137746,0.180993,0.27739,0.013633,0.127919,0.00504,0.047578,0.041831,0.149438,,1566300,,
1,1,,0.0199,0.27953,0.043475,0.045138,0.10923,0.059584,0.139737,0.100708,0.031784,0.170913,,1513100,,
1,4,,0.038449,0.196468,0.016456,0.022912,0.236509,0.007834,0.131131,0.134615,0.047878,0.167749,,1512000,,
1,1,,0.041221,0.201556,0.032422,0.024931,0.178424,0.002987,0.156855,0.173539,0.042804,0.145261,,1508100,,
1,3,,0.010745,0.117433,0.183129,0.2588,0.020323,0.121294,0.009328,0.058347,0.049928,0.170674,,1509500,,
1,4,,0.019762,0.17773,0.022738,0.022721,0.21426,0.010414,0.165119,0.155687,0.032965,0.178605,,1539600,,
1,1,,0.012163,0.31494,0.016883,0.026676,0.216651,0.011549,0.091299,0.124069,0.027782,0.157989,,1512300,,
1,1,,0.018187,0.282159,0.092209,0.028963,0.072102,0.081772,0.088657,0.125501,0.026368,0.184083,,1511300,,
1,4,,0.031883,0.172225,0.021622,0.012188,0.214824,0.000702,0.119478,0.178305,0.041448,0.207325,,1508600,,
1,1,,0.016846,0.217048,0.019132,0.028559,0.175345,0.013845,0.13717,0.162511,0.025178,0.204366,,1523200,,
1,1,,0.021169,0.229643,0.02269,0.022496,0.18086,0.009002,0.131197,0.162843,0.037786,0.182313,,1517200,,
1,2,,0.012876,0.165972,0.318347,0.129893,0.064514,0.083164,0.018361,0.086641,0.019094,0.101139,,1523400,,
1,2,,0.006854,0.15238,0.276904,0.105408,0.046947,0.083929,0.073385,0.09378,0.055173,0.105242,,1508400,,
1,2,,0.014289,0.14667,0.274607,0.192299,0.027619,0.101174,0.015282,0.049395,0.0347,0.143965,,1510000,,
1,3,,0.017603,0.132193,0.202771,0.28931,0.025123,0.116362,0.012698,0.044804,0.030583,0.128553,,1512500,,
1,1,,0.018353,0.245903,0.18236,0.168331,0.051229,0.078953,0.057281,0.062352,0.029668,0.105571,,1515500,,
1,3,,0.008044,0.085333,0.218291,0.280857,0.050681,0.119617,0.017225,0.061149,0.02711,0.131694,,1511300,,
1,2,,0.015994,0.218747,0.247509,0.184474,0.016393,0.102499,0.016388,0.051466,0.026317,0.120212,,1510400,,
1,1,,0.032257,0.453604,0.024661,0.025809,0.09055,0.01176,0.08505,0.104955,0.027196,0.144157,,1510100,,
1,2,,0.005914,0.123933,0.353321,0.184219,0.037259,0.091461,0.017836,0.08139,0.036445,0.068221,,1508500,,
1,1,,0.044223,0.305724,0.034128,0.01579,0.123159,0.00808,0.167222,0.128173,0.0393,0.134201,,1525700,,
1,3,,0.018923,0.13265,0.220432,0.247233,0.018745,0.090103,0.009581,0.042962,0.060144,0.159227,,1513500,,
1,9,,0.017135,0.181147,0.12909,0.051474,0.07195,0.07414,0.137746,0.108905,0.014851,0.213562,,1509300,,
1,2,,0.015249,0.133381,0.258397,0.162214,0.010943,0.087157,0.011402,0.064057,0.04619,0.211011,,1506700,,
1,3,,0.018916,0.075254,0.11698,0.321435,0.026737,0.120136,0.016944,0.056962,0.036651,0.209985,,1512900,,
1,1,,0.033148,0.464771,0.01793,0.03873,0.080439,0.013288,0.092181,0.102892,0.024207,0.132413,,1529500,,
1,1,,0.032636,0.2918,0.040381,0.014476,0.142901,0.047649,0.140127,0.118719,0.024089,0.147222,,1508700,,
1,2,,0.010052,0.204949,0.236661,0.114407,0.013963,0.084752,0.012171,0.090435,0.032683,0.199927,,1507000,,
1,2,,0.020388,0.225618,0.252745,0.157935,0.024306,0.097644,0.016532,0.057829,0.028752,0.11825,,1517800,,
1,2,,0.022559,0.162362,0.265554,0.113204,0.058535,0.060169,0.05889,0.096163,0.06111,0.101455,,1514300,,
1,2,,0.007773,0.164414,0.266737,0.115017,0.047596,0.078502,0.086935,0.079404,0.059463,0.094158,,1499000,,
1,2,,0.015625,0.183943,0.287275,0.165567,0.020417,0.107458,0.006481,0.05272,0.027523,0.13299,,1516200,,
1,1,,0.023614,0.241185,0.022685,0.030824,0.130725,0.067747,0.149907,0.101827,0.028019,0.203468,,1512900,,
1,1,,0.019597,0.240591,0.183474,0.186758,0.059645,0.084887,0.051002,0.050263,0.027128,0.096656,,1514400,,
1,1,,0.021606,0.362075,0.051576,0.028271,0.087644,0.034023,0.135243,0.068096,0.020915,0.190552,,1511700,,
1,4,,0.026204,0.174779,0.024744,0.03229,0.186647,0.015429,0.182324,0.154804,0.035493,0.167286,,1513300,,
1,1,,0.014557,0.247226,0.080567,0.035864,0.070276,0.109856,0.085994,0.092905,0.045224,0.217532,,1510100,,
1,1,,0.030549,0.289113,0.040383,0.015031,0.153361,0.045638,0.126661,0.125438,0.03156,0.142267,,1510200,,
1,1,,0.024831,0.257004,0.022019,0.019161,0.124855,0.028877,0.148059,0.153899,0.037298,0.183996,,1512300,,
1,1,,0.026724,0.246998,0.036107,0.01167,0.156352,0.06272,0.139317,0.12666,0.025104,0.168347,,1507100,,
1,4,,0.01293,0.199016,0.01718,0.031834,0.238053,0.01053,0.129662,0.179647,0.022604,0.158545,,1508800,,
1,2,,0.0162,0.165746,0.316962,0.217083,0.017169,0.100393,0.001617,0.062833,0.022824,0.079172,,1509100,,
1,1,,0.010655,0.473663,0.0419,0.021878,0.079448,0.032588,0.07546,0.12256,0.016288,0.12556,,1565100,,
1,1,,0.018353,0.245903,0.18236,0.168331,0.051229,0.078953,0.057281,0.062352,0.029668,0.105571,,1510400,,
1,1,,0.01627,0.256599,0.035238,0.012194,0.166646,0.025306,0.121231,0.152097,0.038987,0.17543,,1508000,,
1,9,,0.022895,0.22372,0.098831,0.015278,0.080058,0.098812,0.093837,0.115679,0.019459,0.231432,,1525000,,
1,1,,0.028041,0.364489,0.02974,0.023717,0.120748,0.01441,0.129135,0.133067,0.036412,0.12024,,1515900,,
1,1,,0.032821,0.226876,0.027356,0.030862,0.174892,0.013561,0.124985,0.175325,0.054227,0.139095,,1511300,,
1,1,,0.032607,0.343116,0.051734,0.030362,0.06352,0.035679,0.160384,0.060893,0.026857,0.194849,,1507700,,
1,2,,0.009284,0.203599,0.206986,0.156803,0.018012,0.084517,0.022371,0.07313,0.02991,0.195387,,1506200,,
1,2,,0.012617,0.169659,0.284801,0.1169,0.061243,0.086018,0.033106,0.081712,0.056921,0.097022,,1508400,,
1,1,,0.012875,0.223845,0.02751,0.019012,0.17791,0.014736,0.127864,0.163834,0.026663,0.205751,,1510800,,
1,2,,0.020232,0.114431,0.280434,0.161136,0.045246,0.063256,0.087485,0.087766,0.052831,0.087183,,1514700,,
1,1,,0.008235,0.365146,0.046177,0.024528,0.169151,0.018432,0.106669,0.13184,0.014831,0.114991,,1507600,,
1,1,,0.021279,0.482886,0.017983,0.027668,0.114749,0.011285,0.07625,0.104978,0.019595,0.123327,,1506100,,
1,1,,0.020859,0.358947,0.027731,0.023571,0.123843,0.01905,0.146589,0.132215,0.028324,0.118871,,1517700,,
1,3,,0.016008,0.096876,0.170422,0.369287,0.016963,0.111736,0.003014,0.060589,0.029901,0.125205,,1512000,,
1,1,,0.013008,0.469904,0.022596,0.016298,0.096843,0.024797,0.079048,0.138444,0.014278,0.124784,,1508200,,
1,3,,0.014248,0.102638,0.180969,0.355418,0.027379,0.099131,0.002825,0.050842,0.020728,0.145822,,1508500,,
1,2,,0.017102,0.198107,0.319055,0.180845,0.02586,0.100335,0.001937,0.039077,0.01691,0.100773,,1508200,,
1,2,,0.011843,0.111128,0.239398,0.16225,0.062467,0.076788,0.054769,0.090519,0.057809,0.13303,,1509100,,
1,3,,0.017632,0.133106,0.177652,0.285931,0.020558,0.129095,0.005837,0.061029,0.031969,0.137192,,1508000,,
1,1,,0.0247,0.253222,0.022858,0.015469,0.137261,0.038808,0.166723,0.131506,0.040706,0.168746,,1509000,,
1,1,,0.030199,0.449847,0.017441,0.037549,0.081407,0.021023,0.104649,0.103761,0.019696,0.134428,,1518500,,
1,4,,0.01395,0.192917,0.018262,0.019641,0.229234,0.014106,0.097529,0.183419,0.019136,0.211805,,1510200,,
1,1,,0.007742,0.348493,0.068836,0.028073,0.116933,0.026489,0.118348,0.12881,0.024677,0.131601,,1532500,,
1,1,,0.02138,0.432703,0.019398,0.007218,0.104959,0.010673,0.078905,0.139789,0.025806,0.159169,,1510800,,
1,2,,0.020772,0.173761,0.277378,0.16936,0.050255,0.086833,0.032987,0.051885,0.020887,0.115885,,1513300,,
1,1,,0.019894,0.346824,0.052826,0.036057,0.061951,0.036361,0.158755,0.068837,0.027678,0.190817,,1510500,,
1,4,,0.027098,0.181399,0.021053,0.014518,0.254787,0.008787,0.119913,0.146505,0.041919,0.184022,,1512300,,
1,1,,0.030412,0.460509,0.023548,0.026892,0.094492,0.010382,0.07806,0.112909,0.023784,0.139013,,1510900,,
1,1,,0.007037,0.332195,0.02186,0.007046,0.162435,0.008241,0.123494,0.162121,0.032434,0.143137,,1510000,,
1,1,,0.029969,0.322014,0.012745,0.035212,0.165072,0.016557,0.112353,0.12442,0.027457,0.1542,,1506400,,
1,4,,0.02422,0.20266,0.017606,0.025678,0.252094,0.012336,0.117418,0.143594,0.026707,0.177687,,1517200,,
1,7,,0.037883,0.099005,0.021829,0.007841,0.121289,0.025474,0.147195,0.263785,0.10135,0.174347,,1510700,,
1,1,,0.03263,0.447292,0.023662,0.029416,0.082326,0.012802,0.099934,0.098305,0.035151,0.138482,,1511300,,
1,1,,0.022582,0.302626,0.035095,0.010031,0.159804,0.007387,0.123271,0.164605,0.031806,0.142794,,1507600,,
1,2,,0.011056,0.217256,0.303002,0.156355,0.017394,0.076259,0.016178,0.063776,0.023482,0.115243,,1510500,,
1,1,,0.019157,0.467137,0.024661,0.022476,0.09565,0.010626,0.07675,0.103922,0.034696,0.144924,,1509600,,
1,1,,0.014207,0.346671,0.028556,0.016298,0.150694,0.01905,0.142538,0.133343,0.028617,0.120026,,1509700,,
1,1,,0.028136,0.273035,0.022012,0.011113,0.135754,0.030868,0.13212,0.112761,0.039784,0.214417,,1506500,,
1,1,,0.019869,0.226983,0.192545,0.155454,0.03997,0.085061,0.010979,0.036507,0.024585,0.208048,,1512100,,
1,2,,0.014039,0.166582,0.261556,0.206069,0.016298,0.098825,0.012579,0.055623,0.02317,0.145259,,1509100,,
1,1,,0.011591,0.346009,0.050922,0.032792,0.129476,0.028752,0.131451,0.106793,0.032329,0.129885,,1512500,,
1,4,,0.019109,0.194237,0.022912,0.022363,0.235494,0.012914,0.131692,0.174139,0.029741,0.1574,,1524700,,
1,4,,0.013196,0.180841,0.02517,0.025504,0.23437,0.010231,0.098658,0.185294,0.02819,0.198546,,1522200,,
1,2,,0.00696,0.171915,0.287547,0.184723,0.033547,0.121715,0.021552,0.051811,0.021848,0.098381,,1504200,,
1,2,,0.010976,0.170098,0.271802,0.195807,0.026722,0.116008,0.020834,0.064542,0.027285,0.095926,,1506900,,
1,1,,0.014377,0.307618,0.013208,0.031834,0.209019,0.009419,0.09,0.136945,0.027606,0.159976,,1509600,,
1,1,,0.01645,0.298724,0.039586,0.010031,0.192705,0.039075,0.112583,0.128425,0.014867,0.147555,,1509800,,
1,4,,0.028177,0.192075,0.024633,0.026676,0.215349,0.012545,0.136799,0.178967,0.023943,0.160837,,1505100,,
1,2,,0.029121,0.088077,0.257589,0.1122,0.044168,0.086014,0.14181,0.068378,0.0551,0.117542,,1509400,,
1,9,,0.014885,0.151797,0.181585,0.154006,0.049585,0.148783,0.025994,0.047418,0.018821,0.207126,,1507500,,
1,2,,0.014477,0.223247,0.283415,0.189293,0.021593,0.093763,0.009404,0.051132,0.017252,0.096423,,1509200,,
1,3,,0.017524,0.112041,0.228323,0.264101,0.01772,0.122404,0.010779,0.057602,0.041694,0.127813,,1520800,,
1,1,,0.011075,0.364378,0.029018,0.026676,0.160195,0.012056,0.119613,0.125408,0.030337,0.121245,,1512200,,
1,1,,0.016541,0.304685,0.057077,0.018981,0.12894,0.034828,0.135522,0.1425,0.026804,0.134121,,1507600,,
1,1,,0.011137,0.218623,0.112166,0.152788,0.039583,0.112994,0.099429,0.084263,0.043335,0.125682,,1511600,,
1,1,,0.017262,0.228545,0.027356,0.026156,0.209485,0.016021,0.115574,0.167899,0.043716,0.147986,,1517200,,
1,1,,0.023136,0.317398,0.019048,0.030613,0.177544,0.011854,0.097169,0.126861,0.033862,0.162517,,1512100,,
1,1,,0.019592,0.274703,0.131027,0.174277,0.047249,0.066341,0.08913,0.058548,0.033977,0.105157,,1509100,,
1,9,,0.020652,0.10891,0.228556,0.129215,0.051184,0.126079,0.03096,0.038324,0.027838,0.238282,,1512600,,
1,1,,0.030971,0.424794,0.021056,0.027084,0.096504,0.012811,0.102374,0.10486,0.033941,0.145605,,1518900,,
1,2,,0.011687,0.171129,0.281144,0.21606,0.034688,0.112756,0.014089,0.044368,0.017897,0.096182,,1509900,,
1,1,,0.018749,0.340633,0.051736,0.049477,0.062027,0.04402,0.142365,0.062009,0.021519,0.207465,,1528700,,
1,7,,0.030758,0.138669,0.021429,0.005,0.21309,0.021047,0.134302,0.214552,0.057995,0.163158,,1518700,,
1,2,,0.008216,0.090688,0.276457,0.240489,0.041151,0.083466,0.018238,0.068353,0.045996,0.126947,,1515700,,
1,1,,0.007337,0.348273,0.016129,0.021838,0.196494,0.01468,0.095538,0.139332,0.023646,0.136732,,1508800,,
1,1,,0.012149,0.476761,0.026511,0.026892,0.100108,0.013345,0.075837,0.117303,0.021561,0.129532,,1508800,,
1,3,,0.018049,0.098788,0.189629,0.301804,0.041419,0.125414,0.003707,0.057243,0.027381,0.136567,,1511400,,
1,1,,0.009544,0.327721,0.030027,0.019641,0.187799,0.010467,0.092273,0.12983,0.034214,0.158485,,1507100,,
1,4,,0.014981,0.173187,0.021622,0.012188,0.241899,0.002368,0.108444,0.186418,0.027026,0.211867,,1512200,,
