pendigits,CWE,test,1,NANOSECONDS,PREDICTIONS, Generated by ClassifierExperiments.java on 2022-05-15 21:50:09.    SYSTEMPROPERTIES:{user.name:matth,os.arch:amd64,os.name:Windows 10},ENDSYSTEMPROPERTIES
No parameter info
0.47478418900499775,2819140700,3534351200,-1,85753640,10,,-1,-1
0,0,,0.506034,0.013906,0.011493,0.004706,0.013267,0.154449,0.012622,0.009613,0.27234,0.001569,,1763500,,
0,8,,0.119303,0.02116,0.027255,0.000857,0.066878,0.006079,0.138264,0.105503,0.497696,0.017006,,1632300,,
0,0,,0.433846,0.017044,0.00855,0,0.035904,0.104841,0.014497,0.01542,0.304855,0.065042,,1840100,,
0,0,,0.481971,0.00637,0.007457,0.02676,0.00898,0.167979,0.012261,0.005998,0.263854,0.01837,,1898500,,
0,0,,0.507926,0.006854,0.004066,0.009945,0.021748,0.156743,0.00896,0.008312,0.267898,0.007547,,1608200,,
0,0,,0.502065,0.006604,0.007961,0.014953,0.009278,0.131068,0.047915,0.014053,0.259837,0.006265,,1594100,,
0,0,,0.444787,0.020168,0.028986,0.02356,0.041522,0.061865,0.032477,0.044376,0.21452,0.08774,,1853300,,
0,0,,0.435802,0.010514,0.026347,0.0241,0.026433,0.1186,0.068943,0.024943,0.233516,0.030802,,1701900,,
0,0,,0.505613,0.007899,0.011493,0.005106,0.009747,0.162218,0.021934,0.005041,0.26451,0.00644,,1609600,,
0,0,,0.460998,0.009816,0.0025,0.011,0.021237,0.275089,0.017337,0.010526,0.17647,0.015026,,1611900,,
0,0,,0.484619,0.016952,0.011457,0,0.021781,0.103313,0.021565,0.006509,0.289598,0.044206,,2151200,,
0,0,,0.477849,0.005098,0.002182,0.038469,0.00858,0.153885,0.041416,0.001683,0.251742,0.019097,,2086900,,
0,5,,0.366367,0.012098,0.011551,0.003333,0.012791,0.435282,0.024698,0.011799,0.104953,0.017128,,1942900,,
0,0,,0.493754,0.01991,0.014851,0,0.021207,0.238033,0.017358,0.008885,0.152001,0.034,,3097300,,
0,0,,0.497924,0.005268,0.009452,0.01558,0.0062,0.161902,0.031587,0.008209,0.26045,0.003429,,1758400,,
0,0,,0.30088,0.008314,0.025455,0.02356,0.044268,0.288693,0.063175,0.021263,0.186304,0.038088,,1601600,,
0,0,,0.471522,0.010272,0.016521,0,0.024452,0.161156,0.025135,0.013366,0.26705,0.010526,,1730400,,
0,5,,0.322223,0.020267,0.015057,0,0.025139,0.366501,0.015013,0.008442,0.214934,0.012424,,1776100,,
0,5,,0.395799,0.008615,0.012671,0,0.018768,0.401555,0.017722,0.015766,0.117864,0.011241,,1814100,,
0,0,,0.463741,0.007401,0.012308,0.027196,0.021373,0.122264,0.075064,0.013264,0.230536,0.026854,,1623200,,
0,5,,0.342297,0.010351,0.011309,0.008596,0.007018,0.416576,0.01843,0.003098,0.175307,0.007018,,1682100,,
0,5,,0.275869,0.010177,0.015484,0.02485,0.025742,0.385688,0.077545,0.01644,0.137578,0.030628,,1803100,,
0,5,,0.354348,0.011479,0.010144,0.005899,0.008758,0.398841,0.017311,0.009874,0.162789,0.020556,,1670100,,
0,5,,0.332081,0.018096,0.012088,0.002424,0.016774,0.370334,0.008515,0.016144,0.218695,0.004848,,1614200,,
0,5,,0.340758,0.00927,0.014411,0,0.020026,0.429623,0.020843,0.010527,0.14717,0.007372,,1585600,,
0,5,,0.342338,0.00835,0.001616,0.020606,0.007946,0.452063,0.055329,0,0.092132,0.01962,,1858400,,
0,5,,0.326268,0.017361,0.014851,0,0.032084,0.418175,0.022022,0.008591,0.155363,0.005286,,1897300,,
0,0,,0.431591,0.012666,0.001388,0.002353,0.038044,0.14779,0.052978,0.022291,0.280995,0.009905,,1586800,,
0,0,,0.492105,0.010228,0.014132,0.013141,0.016006,0.120585,0.019734,0.013068,0.299431,0.001569,,1603100,,
0,5,,0.328287,0.00621,0.009452,0.029996,0.007377,0.423193,0.01232,0.005736,0.159059,0.01837,,1801700,,
0,0,,0.492407,0.007463,0.008158,0.005516,0.018579,0.154259,0.026057,0.005114,0.280936,0.001509,,1672400,,
0,0,,0.439173,0.011628,0.001212,0.006636,0.007417,0.075802,0.091119,0.016282,0.291755,0.058977,,1589100,,
0,0,,0.502226,0.00915,0.008158,0.008046,0.005432,0.160542,0.024259,0.005958,0.270346,0.005882,,1596500,,
0,0,,0.424367,0.015441,0.001858,0.007273,0.046277,0.027095,0.096975,0.03408,0.346147,0.000487,,1708100,,
0,0,,0.588842,0.017429,0.011166,0,0.008098,0.095996,0.020932,0.016797,0.195223,0.045517,,2182700,,
0,0,,0.519846,0.007062,0.001873,0.028915,0.007624,0.057748,0.02576,0.002961,0.298022,0.050189,,1607400,,
0,0,,0.479658,0.006795,0.001616,0.039721,0.007045,0.145956,0.048343,0.005167,0.244098,0.021602,,1585600,,
0,8,,0.141924,0.023955,0.030236,0.02356,0.045935,0.012755,0.062086,0.106751,0.508974,0.043824,,2079900,,
0,0,,0.508309,0.006735,0.001393,0,0.033273,0.129767,0.041391,0.016834,0.251272,0.011025,,1686700,,
0,0,,0.431218,0.017708,0.010257,0,0.051754,0.224084,0.009768,0.010225,0.188248,0.056737,,1586200,,
0,8,,0.067973,0.010137,0.023834,0,0.09341,0.006208,0.158306,0.235893,0.391783,0.012455,,1608400,,
0,0,,0.488248,0.010524,0.001282,0.036893,0.007418,0.163784,0.011861,0.002282,0.258997,0.018711,,1796900,,
0,0,,0.499226,0.011128,0.008327,0.010777,0.016541,0.153487,0.013192,0.008111,0.269687,0.009524,,1606400,,
0,0,,0.493271,0.006731,0.001835,0.02529,0.008849,0.139565,0.067609,0.007639,0.244314,0.004896,,1599100,,
0,0,,0.505692,0.008584,0.004221,0.012214,0.013655,0.151459,0.022841,0.005301,0.270319,0.005714,,1876100,,
0,0,,0.474158,0.009787,0.000833,0.03731,0.008914,0.164064,0.033305,0.000956,0.249803,0.02087,,1930600,,
0,0,,0.501213,0.007625,0.004066,0.008435,0.026924,0.155807,0.021838,0.003977,0.265009,0.005106,,2218300,,
0,0,,0.457195,0.026488,0.012888,0.001633,0.017959,0.158036,0.01326,0.014122,0.291889,0.006531,,1773300,,
0,0,,0.445564,0.007243,0.014851,0.008,0.018207,0.22208,0.030835,0.006552,0.196001,0.050667,,1785500,,
0,5,,0.30657,0.008865,0.011987,0.02356,0.019934,0.420464,0.029461,0.00627,0.154521,0.01837,,1967300,,
0,0,,0.480231,0.004759,0.00414,0.03754,0.009901,0.166642,0.011861,0.002375,0.263794,0.018758,,1869900,,
0,0,,0.484828,0.021345,0.010257,0.002424,0.015084,0.095008,0.012511,0.019013,0.296903,0.042626,,1632900,,
0,0,,0.510186,0.009706,0.003334,0.02052,0.008077,0.152011,0.023765,0.002995,0.262755,0.006652,,1747000,,
0,5,,0.342139,0.01569,0.011457,0.003721,0.013332,0.401566,0.012861,0.01209,0.160813,0.026331,,2159500,,
0,0,,0.38155,0.01123,0.000906,0,0.040853,0.104066,0.023481,0.012306,0.298394,0.127213,,1591800,,
0,7,,0.042163,0.04995,0.013115,0.091756,0.079664,0.031333,0.151138,0.337828,0.155127,0.047925,,1622600,,
0,7,,0.010924,0.011249,0.03947,0.004595,0.197359,0.009952,0.219059,0.291378,0.206661,0.009355,,1769600,,
0,0,,0.488349,0.022557,0.013893,0,0.032054,0.05723,0.007663,0.021438,0.35318,0.003636,,1815000,,
0,0,,0.479461,0.007085,0.001159,0.01256,0.007279,0.127646,0.09363,0.013714,0.243424,0.014042,,1781500,,
0,0,,0.501671,0.007367,0.004221,0.012372,0.010851,0.152845,0.031042,0.002444,0.271261,0.005926,,1643300,,
0,8,,0.244578,0.036001,0.033153,0.040593,0.04095,0.071821,0.035292,0.017873,0.449379,0.03036,,1607400,,
0,0,,0.472832,0.008411,0.001212,0.038913,0.006237,0.168029,0.033305,0.000956,0.248907,0.021198,,1609800,,
0,5,,0.359288,0.00596,0.010383,0.011675,0.006712,0.439838,0.041588,0.006602,0.104062,0.01389,,1599800,,
0,0,,0.509274,0.019007,0.007812,0.000444,0.019582,0.156481,0.013622,0.008903,0.260169,0.004706,,1595400,,
0,0,,0.435087,0.020806,0.012308,0.007502,0.018858,0.173447,0.091734,0.014183,0.16669,0.059386,,1598800,,
0,8,,0.358178,0.008426,0,0.006944,0.015231,0.083625,0.09363,0.013714,0.40245,0.017801,,1611700,,
0,0,,0.433571,0.015636,0.011166,0,0.046136,0.115,0.013253,0.014521,0.300146,0.050571,,1600300,,
0,0,,0.485527,0.009854,0.012088,0.007273,0.016054,0.161399,0.027023,0.006931,0.26795,0.005902,,1595700,,
0,0,,0.514201,0.005992,0.001212,0.023158,0.011329,0.136455,0.049643,0.005672,0.245608,0.006731,,1634500,,
0,0,,0.478718,0.008558,0.00381,0.018758,0.009454,0.172104,0.046206,0.002923,0.253019,0.006452,,1614800,,
0,0,,0.512402,0.008411,0.011535,0.038913,0.006237,0.13018,0.020771,0.011279,0.239075,0.021198,,1610400,,
0,0,,0.497373,0.006854,0.00381,0.009945,0.021748,0.144823,0.038515,0.00767,0.261715,0.007547,,1612700,,
0,0,,0.501279,0.009016,0.009488,0.002829,0.005658,0.156719,0.033389,0.008616,0.267846,0.005161,,1603100,,
0,0,,0.392196,0.023725,0.031357,0.016201,0.037587,0.109294,0.061017,0.066436,0.256824,0.005363,,1618600,,
0,8,,0.367969,0.014213,0.001162,0,0.013938,0.114731,0.026898,0.014738,0.439419,0.006932,,1626400,,
0,0,,0.451605,0.005418,0.007487,0.014401,0.029571,0.120193,0.103061,0.018824,0.239191,0.010249,,1608500,,
0,0,,0.497378,0.009594,0.007294,0.013656,0.009809,0.159374,0.03238,0.003043,0.26102,0.006452,,1604200,,
0,0,,0.413248,0.003817,0.00414,0.023123,0.010463,0.394908,0.031127,0.004847,0.110509,0.003817,,1665100,,
0,5,,0.316553,0.00991,0.015721,0.004444,0.033004,0.410486,0.026392,0.006108,0.169846,0.007536,,1674700,,
0,5,,0.34068,0.006787,0.002089,0.027463,0.006639,0.416325,0.031127,0.004071,0.160168,0.00465,,1620600,,
0,0,,0.43846,0.007673,0.002092,0.039706,0.008287,0.22968,0.011861,0.001598,0.195473,0.065171,,1609900,,
0,0,,0.396212,0.006922,0.010362,0.003554,0.010958,0.355992,0.019275,0.007051,0.180822,0.008852,,1614700,,
0,0,,0.38033,0.006904,0.010757,0.005106,0.006665,0.336664,0.024636,0.005344,0.218487,0.005106,,1616800,,
0,0,,0.395189,0.00787,0.010757,0.02356,0.00658,0.361647,0.016361,0.004598,0.153735,0.019703,,1611400,,
0,0,,0.492427,0.016357,0.009488,0.001538,0.011175,0.154924,0.016037,0.01302,0.279517,0.005517,,1606200,,
0,0,,0.480306,0.013268,0.00354,0.022694,0.011524,0.14334,0.059116,0.005506,0.258517,0.002189,,1602400,,
0,0,,0.348176,0.017754,0.011166,0,0.031543,0.330371,0.024561,0.013227,0.217916,0.005286,,1626000,,
0,8,,0.3627,0.008114,0,0.009518,0.016557,0.086354,0.079439,0.015118,0.403308,0.018893,,1623100,,
0,0,,0.487854,0.004759,0.00414,0.03754,0.009901,0.16203,0.011861,0.002375,0.260782,0.018758,,1608200,,
0,0,,0.509401,0.005384,0.003647,0.017567,0.007797,0.154645,0.023765,0.003334,0.268239,0.006221,,1605000,,
0,0,,0.502815,0.007167,0.014411,0.007059,0.00604,0.160081,0.025612,0.006072,0.264861,0.005882,,1605600,,
0,0,,0.470025,0.008411,0.001212,0.038913,0.006237,0.14838,0.048343,0.005167,0.252115,0.021198,,1615400,,
0,5,,0.3118,0.010177,0,0.02485,0.016326,0.39585,0.058016,0.025158,0.127196,0.030628,,1612500,,
0,5,,0.318918,0.00981,0.012308,0.00906,0.022148,0.369753,0.091734,0.013664,0.137341,0.015265,,1607200,,
0,0,,0.473485,0.010524,0.001026,0.036893,0.007418,0.16806,0.033305,0.00164,0.248938,0.018711,,1607000,,
0,5,,0.33545,0.011205,0.007812,0.000444,0.017848,0.415562,0.014489,0.014724,0.17194,0.010526,,1610800,,
0,5,,0.287994,0.012494,0.009275,0.005995,0.024445,0.324292,0.110597,0.014664,0.187464,0.02278,,1646400,,
0,0,,0.482021,0.007879,0.008327,0.026717,0.007598,0.167508,0.012212,0.003352,0.266016,0.01837,,1587000,,
0,0,,0.488907,0.018829,0.01323,0,0.020869,0.240311,0.017358,0.009966,0.157863,0.032667,,1558200,,
0,4,,0.008051,0.044675,0.04435,0.005526,0.292167,0.005986,0.200937,0.246495,0.07842,0.073393,,1566700,,
0,0,,0.497488,0.003782,0.010383,0.017532,0.00807,0.162308,0.027663,0.005674,0.262101,0.005,,1549800,,
0,0,,0.499689,0.011587,0.008158,0.005273,0.012681,0.159415,0.023335,0.006462,0.267685,0.005714,,1556500,,
0,0,,0.505307,0.006452,0.005257,0.004927,0.009853,0.156511,0.0298,0.008604,0.268128,0.005161,,1558700,,
0,0,,0.4208,0.02116,0.002169,0,0.048103,0.074137,0.055247,0.019693,0.303064,0.055626,,1563000,,
0,5,,0.325751,0.017098,0.011551,0,0.046124,0.418666,0.004236,0.006799,0.159774,0.01,,1562600,,
0,0,,0.454215,0.005853,0.007891,0.025304,0.023294,0.113828,0.111283,0.022252,0.229419,0.006661,,1560000,,
0,5,,0.345122,0.015322,0.012671,0.003721,0.011141,0.358835,0.010672,0.010821,0.224252,0.007442,,1583400,,
0,0,,0.508636,0.008303,0.007294,0.008495,0.011099,0.157997,0.027219,0.001753,0.262752,0.006452,,1555200,,
0,0,,0.533494,0.004388,0.014206,0.021981,0.011987,0.118183,0.031656,0.013766,0.244618,0.005722,,1556100,,
0,8,,0.174647,0.035768,0.051692,0.032,0.045729,0.0112,0.099149,0.022664,0.508626,0.018524,,1567200,,
0,0,,0.470939,0.005048,0.003647,0.034068,0.008377,0.158086,0.011861,0.001937,0.287328,0.018709,,1567200,,
0,0,,0.479462,0.003303,0.001835,0.02431,0.009339,0.140544,0.06565,0.004211,0.25845,0.012896,,1570600,,
0,5,,0.345141,0.007401,0,0.027196,0.009065,0.421122,0.037877,0.000956,0.124388,0.026854,,1558800,,
0,0,,0.486112,0.007729,0.002089,0.04188,0.006077,0.161785,0.011861,0.001598,0.261278,0.019591,,1554900,,
0,0,,0.371064,0.008815,0.008158,0.024547,0.008976,0.358375,0.012354,0.004561,0.18478,0.01837,,1554800,,
0,0,,0.390046,0.010532,0.011493,0.001509,0.01763,0.33016,0.010757,0.009376,0.210948,0.007547,,1583700,,
0,5,,0.318404,0.008392,0.010387,0.005823,0.025507,0.368469,0.022495,0.01218,0.223125,0.005217,,1565200,,
0,0,,0.47357,0.025133,0.018873,0,0.032105,0.253844,0.012154,0.012252,0.139991,0.032078,,1551100,,
0,0,,0.391543,0.010503,0.007812,0.007462,0.007657,0.11548,0.017296,0.005601,0.37732,0.059325,,1547000,,
0,5,,0.346074,0.011031,0.00109,0.020768,0.01114,0.421121,0.016851,0.002046,0.160362,0.009518,,1545200,,
0,5,,0.335848,0.012227,0.010757,0.007273,0.009935,0.406268,0.027731,0.006551,0.159443,0.023967,,1543000,,
0,0,,0.391554,0.014537,0.015974,0.002353,0.054324,0.057738,0.092471,0.035919,0.278983,0.056145,,1546700,,
0,5,,0.27895,0.009263,0.012888,0.008,0.012825,0.499614,0.029605,0.006993,0.136528,0.005333,,1545200,,
0,0,,0.370515,0.012211,0.014362,0.000842,0.025068,0.332668,0.01236,0.019695,0.21028,0.002,,1544000,,
0,0,,0.495303,0.00564,0.000635,0.035623,0.011286,0.141897,0.032774,0.004677,0.248717,0.023449,,1547200,,
0,0,,0.37664,0.005566,0.01323,0.005106,0.007324,0.339291,0.026082,0.006669,0.213652,0.00644,,1557100,,
0,0,,0.514686,0.008291,0.009452,0.007727,0.007638,0.153282,0.030259,0.008651,0.254852,0.005161,,1557200,,
0,0,,0.500439,0.019897,0.00855,0.002424,0.020542,0.064457,0.019098,0.018129,0.300213,0.046252,,1544700,,
0,0,,0.466582,0.00437,0,0.030456,0.017505,0.076915,0.058016,0.022578,0.261914,0.061665,,1547500,,
0,0,,0.386879,0.013844,0.013151,0.006897,0.034759,0.249876,0.081493,0.019286,0.16858,0.025236,,1550100,,
0,0,,0.361247,0.008848,0.01352,0.009212,0.021035,0.291265,0.085949,0.016186,0.177707,0.01503,,1548600,,
0,0,,0.47817,0.00428,0.001212,0.019848,0.021452,0.128191,0.073818,0.024122,0.237241,0.011667,,1558100,,
0,8,,0.359454,0.00788,0.009781,0.007059,0.009275,0.061889,0.041792,0.008709,0.488279,0.005882,,1563700,,
0,0,,0.494054,0.004759,0.00414,0.03754,0.009901,0.15723,0.011861,0.002375,0.259382,0.018758,,1558100,,
0,5,,0.321552,0.01595,0.009121,0.003721,0.026445,0.362309,0.021154,0.011589,0.220145,0.008013,,1553300,,
0,0,,0.512137,0.005244,0.010383,0.005244,0.010993,0.162073,0.016328,0.00453,0.265645,0.007424,,1566800,,
0,8,,0.346689,0.007073,0.000541,0.0241,0.017878,0.089748,0.058016,0.024199,0.348646,0.08311,,1543600,,
0,0,,0.446335,0.006102,0.013114,0,0.019081,0.222162,0.012708,0.016135,0.215309,0.049054,,1549600,,
0,0,,0.586394,0.009524,0.013114,0.004286,0.009524,0.105078,0.029508,0.00969,0.185265,0.047619,,1562200,,
0,0,,0.366416,0.002371,0.001399,0.007805,0.01726,0.340189,0.060171,0.009747,0.190728,0.003913,,1557800,,
0,0,,0.55777,0.003505,0.014654,0.00346,0.029972,0.062009,0.084748,0.019055,0.175653,0.049173,,1554700,,
0,0,,0.354147,0.009081,0.010257,0.007059,0.015,0.337853,0.032158,0.009245,0.219317,0.005882,,1557800,,
0,0,,0.499849,0.012345,0.005313,0.012175,0.02613,0.155215,0.004746,0.004314,0.274574,0.005339,,1563000,,
0,0,,0.477599,0.009787,0.000833,0.03731,0.008914,0.152021,0.041416,0.000956,0.250295,0.02087,,1560200,,
0,0,,0.477485,0.006795,0.001616,0.039721,0.007045,0.153562,0.041416,0.000956,0.249802,0.021602,,1581700,,
0,5,,0.344599,0.014231,0.009488,0.008205,0.01641,0.415855,0.018336,0.013078,0.153133,0.006667,,1559000,,
0,0,,0.506516,0.010652,0.008327,0.007444,0.011303,0.157993,0.023192,0.005254,0.263606,0.005714,,1562900,,
0,0,,0.483248,0.010524,0.001282,0.036893,0.007418,0.169284,0.011861,0.002282,0.258497,0.018711,,1557600,,
0,5,,0.34289,0.011224,0.008158,0.006411,0.009369,0.418129,0.029025,0.004961,0.163054,0.00678,,1559100,,
0,0,,0.425099,0.008614,0.01323,0.005161,0.007165,0.303286,0.033165,0.004966,0.192862,0.006452,,1557300,,
0,0,,0.453345,0.006459,0,0.012779,0.009628,0.223518,0.052571,0.003429,0.181024,0.057247,,1560200,,
0,0,,0.507762,0.009604,0.014411,0.004286,0.008742,0.154406,0.024687,0.006576,0.263811,0.005714,,1557800,,
0,0,,0.486848,0.005048,0.003647,0.034068,0.009756,0.163494,0.011861,0.001937,0.264632,0.018709,,1555200,,
0,5,,0.333988,0.009816,0.010757,0,0.018476,0.412995,0.018544,0.014168,0.17073,0.010526,,1555900,,
0,5,,0.350351,0.004759,0.00414,0.03754,0.009901,0.438927,0.022322,0.002375,0.100466,0.029219,,1591100,,
0,5,,0.323842,0.012793,0.012088,0.006667,0.019921,0.423047,0.016999,0.012356,0.163987,0.008299,,1556100,,
0,0,,0.484238,0.011938,0.012088,0,0.042544,0.246319,0.010096,0.010509,0.156037,0.026232,,1560400,,
0,0,,0.438156,0.016375,0.010257,0,0.042762,0.221929,0.010615,0.012892,0.197777,0.049238,,1556600,,
0,0,,0.503673,0.009598,0.010144,0.002189,0.009589,0.160328,0.030698,0.005412,0.263207,0.005161,,1556200,,
0,0,,0.455812,0.005734,0.010253,0.03356,0.021187,0.134191,0.059337,0.009845,0.24535,0.024733,,1560100,,
0,5,,0.32633,0.020623,0.016521,0,0.018486,0.418703,0.018445,0.00784,0.163053,0.01,,1556900,,
0,0,,0.504273,0.005454,0.004066,0.021189,0.009323,0.157145,0.02576,0.004594,0.26124,0.006957,,1557800,,
0,5,,0.213311,0.033057,0.025455,0.02356,0.038762,0.44398,0.063175,0.019138,0.114526,0.025036,,1556300,,
0,0,,0.389384,0.012184,0.000906,0.002353,0.065814,0.047705,0.032143,0.022291,0.387654,0.039568,,1563400,,
0,0,,0.514082,0.00981,0.001212,0.010272,0.011659,0.234133,0.054547,0.001356,0.126815,0.036113,,1560300,,
0,0,,0.409954,0.009696,0.009586,0,0.031064,0.193731,0.07134,0.029562,0.194743,0.050323,,1554400,,
0,5,,0.339458,0.00637,0.007457,0.02676,0.00898,0.428912,0.012261,0.005998,0.145434,0.01837,,1556100,,
0,0,,0.484054,0.004759,0.00414,0.03754,0.009901,0.16473,0.011861,0.002375,0.261882,0.018758,,1554500,,
0,5,,0.286973,0.018496,0.010362,0.000842,0.019248,0.475647,0.018646,0.005695,0.158376,0.005714,,1554100,,
0,0,,0.494089,0.008633,0.00288,0.039297,0.006482,0.16555,0.011861,0.001598,0.250585,0.019025,,1554200,,
0,5,,0.29683,0.010085,0.011228,0.024131,0.018666,0.385093,0.091852,0.011091,0.116655,0.03437,,1559500,,
0,0,,0.476674,0.009331,0.012888,0.001356,0.029522,0.15384,0.035102,0.00975,0.264757,0.00678,,1556800,,
0,0,,0.49789,0.007879,0.008327,0.026717,0.007598,0.160551,0.012212,0.003352,0.257103,0.01837,,1557200,,
0,5,,0.312597,0.00687,0,0.02606,0.01433,0.40517,0.048343,0.005167,0.151218,0.030245,,1572600,,
0,0,,0.479603,0.011213,0.009488,0.003701,0.027279,0.154924,0.013651,0.013393,0.2781,0.008649,,1552300,,
0,0,,0.479823,0.018496,0.010362,0.000842,0.027384,0.164109,0.020002,0.005695,0.267573,0.005714,,1553900,,
0,0,,0.502861,0.007169,0.010383,0.015285,0.006729,0.160349,0.02576,0.005493,0.259014,0.006957,,1554500,,
0,0,,0.531827,0.012605,0.011348,0.014624,0.009418,0.12007,0.03871,0.014877,0.241017,0.005503,,1549800,,
0,0,,0.555758,0.02901,0.041379,0.044115,0.036367,0.00963,0.027142,0.030021,0.19681,0.029768,,1563300,,
0,4,,0.009711,0.097885,0.056773,0.047656,0.223515,0.031356,0.172642,0.211763,0.027656,0.121043,,1561300,,
0,5,,0.323321,0.007879,0.008327,0.026717,0.011076,0.41425,0.012212,0.003352,0.155607,0.037259,,1555100,,
0,0,,0.487342,0.005187,0.004066,0.031995,0.008744,0.166185,0.011861,0.003231,0.263021,0.01837,,1552800,,
0,0,,0.503075,0.008138,0.0025,0.023754,0.007659,0.150211,0.051776,0.002319,0.239111,0.011457,,1557900,,
0,8,,0.364805,0.013753,0.003572,0,0.073899,0.053385,0.045456,0.024487,0.385734,0.03491,,1558200,,
0,8,,0.118591,0.020621,0.031596,0.01039,0.070274,0.004458,0.048665,0.10605,0.582225,0.00713,,1563200,,
0,0,,0.459527,0.00437,0.008889,0.030456,0.02219,0.136354,0.059337,0.009845,0.245146,0.023887,,1561300,,
0,0,,0.452714,0.01123,0.000906,0,0.040568,0.058264,0.048994,0.012306,0.372844,0.002173,,1560400,,
0,5,,0.33822,0.011587,0.008158,0.005273,0.011457,0.419007,0.023335,0.006462,0.170786,0.005714,,1554800,,
0,0,,0.50951,0.006558,0.007294,0.010392,0.008519,0.154537,0.023765,0.004106,0.269437,0.005882,,1554500,,
0,0,,0.487883,0.005048,0.003647,0.034068,0.008377,0.161356,0.011861,0.001937,0.267115,0.018709,,1556000,,
0,0,,0.495451,0.007651,0.012888,0.009552,0.010249,0.244764,0.026589,0.004326,0.16228,0.026249,,1557000,,
0,0,,0.48145,0.010765,0.01739,0,0.026379,0.15909,0.028945,0.009648,0.258655,0.007678,,1554900,,
0,0,,0.492377,0.00446,0.004221,0.012456,0.019935,0.157121,0.025563,0.003953,0.278403,0.001509,,1569200,,
0,0,,0.349137,0.016641,0.010835,0,0.023184,0.12997,0.01443,0.010579,0.315383,0.12984,,1599600,,
0,0,,0.401379,0.010614,0.003077,0.020479,0.010884,0.338473,0.029984,0.001404,0.175919,0.007787,,1555700,,
0,0,,0.506095,0.00383,0.004221,0.01748,0.012951,0.152236,0.022905,0.002444,0.274256,0.003582,,1555600,,
0,0,,0.45026,0.011868,0.022655,0.005161,0.041979,0.00535,0.066868,0.03115,0.330257,0.034452,,1558900,,
0,0,,0.509463,0.012032,0.007812,0.00473,0.007397,0.158063,0.023286,0.007055,0.264448,0.005714,,1552400,,
0,0,,0.487617,0.009375,0.011309,0.014333,0.00537,0.16158,0.027339,0.004014,0.272108,0.006957,,1555200,,
0,0,,0.396053,0.010088,0.011772,0.001896,0.015914,0.351961,0.041921,0.012998,0.152236,0.005161,,1556000,,
0,0,,0.501832,0.00592,0.007294,0.004689,0.012586,0.159962,0.027175,0.007177,0.264585,0.00878,,1559400,,
0,0,,0.510594,0.008303,0.007294,0.008495,0.011099,0.158697,0.027219,0.001753,0.260095,0.006452,,1551300,,
0,0,,0.447855,0.009268,0.009412,0.026009,0.024302,0.118747,0.073978,0.020596,0.239219,0.030615,,1558500,,
0,0,,0.484166,0.012327,0.015057,0.007273,0.009042,0.160782,0.026831,0.006351,0.273808,0.004364,,1566900,,
0,0,,0.502366,0.005429,0.007457,0.012343,0.010971,0.15389,0.031527,0.008471,0.264118,0.003429,,1557200,,
0,0,,0.349663,0.024468,0.014851,0.001633,0.01708,0.332467,0.015522,0.013681,0.225737,0.004898,,1561000,,
0,0,,0.605234,0.009229,0.012181,0.003333,0.024762,0.059721,0.045049,0.024476,0.168861,0.047154,,1559000,,
0,0,,0.459061,0.006935,0.009488,0.025098,0.008419,0.16431,0.016403,0.005701,0.284312,0.020274,,1555800,,
0,0,,0.494077,0.007729,0.001832,0.04188,0.006077,0.151294,0.024994,0.000956,0.251571,0.019591,,1551200,,
0,0,,0.47359,0.005734,0.001364,0.03356,0.007853,0.169746,0.033305,0.000956,0.249159,0.024733,,1560600,,
0,0,,0.47088,0.012882,0.012888,0.007619,0.024596,0.155315,0.019424,0.010041,0.276251,0.010104,,1554600,,
0,8,,0.248202,0.007759,0.014848,0.002286,0.053058,0.023854,0.076656,0.01928,0.514936,0.039122,,1561200,,
0,5,,0.338029,0.01666,0.011166,0.003721,0.009302,0.399926,0.015479,0.014102,0.165285,0.026331,,1579800,,
0,0,,0.492454,0.01037,0.008158,0.005432,0.006914,0.160902,0.031536,0.003605,0.274703,0.005926,,1552900,,
0,0,,0.503757,0.014813,0.011811,0.002566,0.022378,0.152793,0.005645,0.004874,0.276363,0.005,,1561200,,
0,0,,0.516532,0.008317,0.007812,0.009587,0.004254,0.239181,0.031571,0.007626,0.149022,0.026095,,1554400,,
0,0,,0.513768,0.008141,0.011309,0.006685,0.005913,0.159387,0.021715,0.003397,0.264578,0.005106,,1555500,,
0,0,,0.463697,0.012299,0.015171,0,0.031388,0.156023,0.005091,0.02024,0.287663,0.008429,,1561000,,
0,0,,0.458982,0.021838,0.013151,0.011221,0.028255,0.112032,0.093276,0.019291,0.231253,0.010701,,1569600,,
0,5,,0.40229,0.00596,0.010383,0.011675,0.015134,0.403667,0.033232,0.006602,0.106225,0.004832,,1547300,,
0,5,,0.288551,0.013252,0.007385,0.02356,0.030142,0.323607,0.067064,0.025085,0.188666,0.032691,,1547100,,
0,0,,0.412608,0.020793,0.015177,0.000748,0.047538,0.005229,0.086973,0.035134,0.36455,0.011249,,1570200,,
0,0,,0.48883,0.008458,0.011309,0.001579,0.022815,0.158101,0.008573,0.010997,0.285616,0.003721,,1553700,,
0,0,,0.494974,0.013172,0.008158,0.00826,0.009796,0.158189,0.023725,0.006514,0.272849,0.004364,,1546400,,
0,8,,0.042538,0.015223,0.043524,0.000923,0.178006,0.003013,0.150278,0.275318,0.276679,0.014498,,1553100,,
0,0,,0.408967,0.012828,0.011493,0.003333,0.017008,0.39122,0.01321,0.011672,0.123602,0.006667,,1547800,,
0,0,,0.500555,0.005384,0.003647,0.017567,0.007797,0.159068,0.023765,0.003334,0.272662,0.006221,,1543500,,
0,0,,0.470596,0.006667,0.009722,0.02875,0.024167,0.120868,0.075139,0.011389,0.245202,0.0075,,1546600,,
0,5,,0.325926,0.0236,0.015057,0,0.020079,0.417749,0.007513,0.010942,0.171634,0.0075,,1552000,,
1,1,,0.019388,0.494928,0.012118,0.007873,0.127652,0.006153,0.0955,0.111095,0.014904,0.110389,,1550100,,
1,3,,0.008493,0.065457,0.183917,0.354614,0.02805,0.127772,0.005918,0.031995,0.023482,0.170302,,1542200,,
1,4,,0.019481,0.1913,0.013343,0.010951,0.203001,0.00398,0.162046,0.179891,0.030801,0.185206,,1577700,,
1,3,,0.009365,0.091431,0.237607,0.298832,0.010495,0.127063,0.000417,0.029173,0.028292,0.167325,,1551600,,
1,1,,0.020388,0.309036,0.006582,0.016442,0.20835,0.001827,0.136671,0.13189,0.025264,0.14355,,1550200,,
1,2,,0.016317,0.194181,0.313797,0.170276,0.014712,0.0955,0.004007,0.035542,0.023732,0.131936,,1553500,,
1,2,,0.00489,0.18745,0.301191,0.123723,0.054167,0.086174,0.039421,0.071144,0.028132,0.103707,,1553600,,
1,2,,0.0092,0.177633,0.315882,0.178787,0.022699,0.104373,0.008533,0.040252,0.019163,0.123479,,1552200,,
1,1,,0.010388,0.350896,0.040011,0.013835,0.208219,0.00557,0.132349,0.136143,0.009977,0.092613,,1555300,,
1,1,,0.009877,0.305278,0.022074,0.001281,0.171325,0.002575,0.148989,0.190534,0.025561,0.122505,,1552800,,
1,1,,0.009958,0.482972,0.012249,0.009169,0.135723,0.004251,0.095019,0.109363,0.014912,0.126383,,1549700,,
1,7,,0.012661,0.120756,0.008649,0.004595,0.250164,0,0.158611,0.251475,0.063936,0.129153,,1557400,,
1,1,,0.015784,0.289722,0.037994,0.032262,0.168154,0.048859,0.142797,0.12668,0.010535,0.127213,,1576000,,
1,2,,0.008852,0.218342,0.286989,0.173409,0.014299,0.10034,0.011284,0.033339,0.025034,0.128112,,1553200,,
1,1,,0.005597,0.253557,0.140953,0.008642,0.113918,0.037327,0.153239,0.123135,0.009385,0.154247,,1553400,,
1,3,,0.015228,0.091976,0.115508,0.392466,0.012723,0.097448,0.010832,0.004103,0.027435,0.232281,,1551700,,
1,2,,0.009135,0.192021,0.303099,0.208818,0.028262,0.100879,0.009366,0.03967,0.015324,0.093426,,1553000,,
1,1,,0.034146,0.342923,0.055997,0.023533,0.065909,0.027196,0.18021,0.065967,0.023895,0.180225,,1554700,,
1,2,,0.007227,0.142056,0.365105,0.203278,0.029421,0.09789,0.013687,0.042561,0.025084,0.07369,,1550500,,
1,1,,0.002532,0.312623,0.036877,0.006574,0.203042,0.018336,0.116765,0.148575,0.018003,0.136672,,1566300,,
1,1,,0.018822,0.269938,0.022083,0.001281,0.180764,0.017019,0.16864,0.15142,0.022116,0.147917,,1552400,,
1,1,,0.009286,0.311103,0.050517,0.001281,0.101063,0.054069,0.16021,0.074481,0.019078,0.218911,,1547400,,
1,1,,0.01675,0.297657,0.045225,0.022834,0.193574,0.008286,0.132349,0.12598,0.015053,0.142293,,1546900,,
1,2,,0.005605,0.18606,0.354651,0.164686,0.032556,0.089871,0.010685,0.047166,0.011064,0.097656,,1546800,,
1,1,,0.007957,0.355561,0.020564,0.013014,0.18268,0.002448,0.148989,0.137788,0.017343,0.113656,,1546100,,
1,4,,0.006601,0.186971,0.012725,0.008945,0.2172,0.00374,0.161083,0.192278,0.0227,0.187757,,1546800,,
1,3,,0.016701,0.089202,0.189622,0.316819,0.014712,0.148683,0.004391,0.036032,0.040925,0.142914,,1547100,,
1,1,,0.012101,0.477456,0.01242,0.010951,0.139375,0.003405,0.094019,0.11031,0.016417,0.123545,,1548800,,
1,1,,0.035362,0.306723,0.006582,0.011881,0.208052,0.004113,0.129768,0.130058,0.024376,0.143084,,1550700,,
1,2,,0.009989,0.230604,0.282519,0.179035,0.011535,0.10033,0.013053,0.028367,0.021028,0.12354,,1548100,,
1,2,,0.010371,0.228328,0.282497,0.177759,0.010087,0.100637,0.012703,0.034598,0.020908,0.122112,,1567300,,
1,1,,0.016676,0.283684,0.047923,0.043452,0.123546,0.05197,0.166281,0.118596,0.023422,0.124449,,1566900,,
1,1,,0.013376,0.328224,0.13459,0.15059,0.036307,0.063769,0.095966,0.062336,0.020308,0.094534,,1550800,,
1,1,,0.007281,0.488343,0.01242,0.010951,0.125034,0.00238,0.096372,0.113824,0.012917,0.130477,,1549100,,
1,2,,0.001238,0.169652,0.314783,0.120979,0.048413,0.09432,0.03566,0.063048,0.033503,0.118405,,1554300,,
1,1,,0.010138,0.306427,0.007665,0.031786,0.203027,0.012362,0.125458,0.129341,0.017802,0.155994,,1548500,,
1,1,,0.003373,0.341919,0.0229,0.011038,0.173078,0.002761,0.151786,0.143748,0.025653,0.123744,,1549700,,
1,1,,0.012257,0.240362,0.138653,0.025363,0.086259,0.052985,0.181388,0.103118,0.016748,0.142866,,1548300,,
1,1,,0.012791,0.25584,0.09357,0.115628,0.029768,0.12007,0.114668,0.076094,0.041959,0.139612,,1549100,,
1,1,,0.004324,0.355017,0.022718,0.007901,0.16868,0.010837,0.148989,0.151068,0.023089,0.107376,,1551200,,
1,3,,0.012036,0.113803,0.203801,0.312501,0.009949,0.125151,0.002729,0.030342,0.033262,0.156426,,1548400,,
1,1,,0.017332,0.278809,0.044445,0.042145,0.121321,0.051986,0.166281,0.106806,0.02814,0.142734,,1569900,,
1,4,,0.026838,0.171575,0.006582,0.015177,0.285292,0.003456,0.153573,0.144618,0.037153,0.155736,,1552000,,
1,4,,0.028751,0.195125,0.022249,0.018832,0.207309,0.002847,0.176464,0.191868,0.036157,0.120399,,1558100,,
1,3,,0.005733,0.093677,0.200815,0.299387,0.010862,0.119691,0.00277,0.045773,0.041956,0.179337,,1561900,,
1,4,,0.014681,0.142777,0.012168,0.011083,0.25424,0.001519,0.204326,0.171253,0.026306,0.161647,,1560500,,
1,1,,0.006783,0.313566,0.006753,0.010951,0.251173,0.00238,0.113853,0.132982,0.02095,0.140609,,1558300,,
1,1,,0.015839,0.27175,0.100712,0.018791,0.071824,0.082753,0.111642,0.135724,0.021422,0.169543,,1553800,,
1,4,,0.019591,0.144548,0.008649,0.005156,0.263864,0.000561,0.13424,0.198587,0.03164,0.193164,,1555500,,
1,4,,0.012519,0.190858,0.01059,0.011704,0.204157,0.003419,0.169526,0.182819,0.020775,0.193634,,1569100,,
1,4,,0.016493,0.196068,0.013013,0.010764,0.208122,0.002815,0.163137,0.180848,0.031045,0.177695,,1561700,,
1,2,,0.008691,0.178243,0.334166,0.129673,0.051938,0.088197,0.013152,0.061572,0.016613,0.117757,,1554700,,
1,2,,0.00407,0.164646,0.310227,0.115324,0.038097,0.087095,0.051722,0.062099,0.049869,0.116851,,1548800,,
1,2,,0.008178,0.133928,0.310893,0.199749,0.015268,0.106095,0.014349,0.039638,0.027183,0.144718,,1557600,,
1,3,,0.01057,0.113258,0.216826,0.323932,0.018374,0.116538,0.004917,0.031483,0.02399,0.140114,,1560100,,
1,1,,0.013505,0.274348,0.196382,0.157972,0.043961,0.085145,0.050811,0.052135,0.022274,0.103467,,1554800,,
1,3,,0.006104,0.078862,0.211424,0.310086,0.040616,0.118241,0.011774,0.042839,0.025539,0.154516,,1552100,,
1,2,,0.009968,0.228902,0.276534,0.183144,0.012333,0.10555,0.014474,0.031311,0.019934,0.117849,,1559600,,
1,1,,0.027603,0.481478,0.013731,0.012604,0.101833,0.003465,0.1035,0.111288,0.021205,0.123292,,1559100,,
1,2,,0.004009,0.135531,0.375818,0.187223,0.030252,0.091815,0.013132,0.057743,0.031292,0.073185,,1554900,,
1,1,,0.035867,0.303321,0.024787,0.010832,0.147109,0.004082,0.195373,0.13464,0.031462,0.112527,,1579500,,
1,3,,0.012036,0.108655,0.225916,0.28923,0.009949,0.096809,0.002729,0.030342,0.048203,0.176131,,1554600,,
1,9,,0.012183,0.176514,0.145441,0.044265,0.082098,0.068295,0.163688,0.115473,0.00741,0.184633,,1559900,,
1,2,,0.004871,0.12621,0.291832,0.165014,0.008195,0.093268,0.014349,0.054476,0.037401,0.204384,,1558600,,
1,3,,0.017015,0.066223,0.129389,0.334363,0.022737,0.115845,0.015803,0.03798,0.033693,0.226953,,1556200,,
1,1,,0.030406,0.487979,0.01095,0.019911,0.095169,0.005207,0.111431,0.104848,0.018783,0.115318,,1561700,,
1,1,,0.029491,0.288161,0.037994,0.01029,0.169055,0.034485,0.161979,0.136633,0.020001,0.111913,,1557000,,
1,2,,0.004386,0.177802,0.283317,0.139186,0.005978,0.092091,0.014349,0.073675,0.025178,0.184039,,1559000,,
1,2,,0.012573,0.217958,0.287562,0.168763,0.014537,0.100764,0.012783,0.04544,0.021143,0.118475,,1553200,,
1,2,,0.018614,0.184742,0.280614,0.119792,0.04863,0.069636,0.047393,0.068423,0.049936,0.11222,,1552200,,
1,2,,0.004937,0.184685,0.291176,0.122517,0.038357,0.085837,0.066434,0.059798,0.044111,0.102149,,1582000,,
1,2,,0.010742,0.193729,0.314492,0.163582,0.016064,0.102304,0.002486,0.040944,0.018623,0.137035,,1558700,,
1,1,,0.021594,0.25021,0.018265,0.025412,0.148878,0.052291,0.179088,0.116927,0.02391,0.163426,,1556700,,
1,1,,0.014803,0.272143,0.199309,0.170505,0.048613,0.090218,0.047663,0.041718,0.019788,0.09524,,1555300,,
1,1,,0.018852,0.361622,0.053139,0.021436,0.091791,0.025712,0.162563,0.07502,0.015155,0.174708,,1552000,,
1,4,,0.016321,0.141018,0.01297,0.027333,0.224789,0.01187,0.217477,0.164305,0.023541,0.160375,,1558100,,
1,1,,0.010877,0.254295,0.084902,0.028048,0.061549,0.119299,0.101493,0.092393,0.049808,0.197337,,1555200,,
1,1,,0.027953,0.292812,0.040851,0.01275,0.17704,0.032862,0.147349,0.135731,0.024624,0.108027,,1554700,,
1,1,,0.021023,0.261915,0.017226,0.014035,0.144321,0.020072,0.173337,0.168587,0.032802,0.146682,,1550900,,
1,1,,0.024275,0.248425,0.03619,0.009778,0.17544,0.046902,0.16864,0.135526,0.020687,0.134139,,1577000,,
1,4,,0.009387,0.173234,0.010005,0.013014,0.277553,0.002448,0.162718,0.198901,0.01718,0.13556,,1555600,,
1,2,,0.010867,0.16673,0.341925,0.219945,0.013653,0.094978,0.000845,0.046267,0.022003,0.082788,,1561100,,
1,1,,0.007628,0.493372,0.03742,0.009032,0.09235,0.021964,0.094004,0.122824,0.011849,0.109557,,1553700,,
1,1,,0.013505,0.274348,0.196382,0.157972,0.043961,0.085145,0.050811,0.052135,0.022274,0.103467,,1552200,,
1,1,,0.01361,0.264848,0.039606,0.012293,0.192071,0.016648,0.140998,0.153858,0.029704,0.136365,,1557500,,
1,1,,0.020917,0.220471,0.110019,0.013876,0.078337,0.100094,0.111642,0.127745,0.012295,0.204605,,1558600,,
1,1,,0.021683,0.354238,0.022323,0.012591,0.147189,0.004384,0.158964,0.140974,0.033205,0.104449,,1568200,,
1,1,,0.027606,0.208438,0.020223,0.018542,0.208103,0.003719,0.151535,0.195001,0.050283,0.116551,,1559700,,
1,1,,0.030181,0.340407,0.056216,0.025534,0.067391,0.026324,0.187487,0.066691,0.022358,0.177411,,1562200,,
1,2,,0.004228,0.180665,0.242357,0.179002,0.008333,0.07979,0.026187,0.063375,0.02629,0.189775,,1561200,,
1,2,,0.008282,0.187673,0.304174,0.123271,0.049321,0.089568,0.028148,0.061874,0.045411,0.102278,,1553200,,
1,4,,0.007805,0.194203,0.017833,0.007885,0.208239,0.004415,0.159804,0.181839,0.021855,0.196121,,1562700,,
1,2,,0.016139,0.12719,0.312265,0.176544,0.035254,0.07213,0.06149,0.066656,0.041685,0.090648,,1563600,,
1,1,,0.005855,0.357267,0.042451,0.013206,0.195204,0.007026,0.132349,0.143153,0.010058,0.09343,,1561600,,
1,1,,0.018957,0.498384,0.01106,0.011348,0.127652,0.003707,0.0955,0.109216,0.014513,0.109664,,1560800,,
1,1,,0.018745,0.351879,0.021519,0.014073,0.14371,0.007901,0.171174,0.138614,0.026712,0.105673,,1552000,,
1,3,,0.010864,0.085656,0.178378,0.37998,0.013301,0.114716,0.002215,0.036464,0.029729,0.148698,,1557300,,
1,1,,0.011957,0.490886,0.014405,0.0068,0.107152,0.012901,0.093867,0.138598,0.010981,0.112453,,1554000,,
1,3,,0.010215,0.08556,0.191515,0.368943,0.021432,0.104134,0.001604,0.033793,0.020628,0.162177,,1581500,,
1,2,,0.011924,0.208524,0.346177,0.17817,0.020419,0.089128,0.000932,0.029141,0.012884,0.102701,,1550500,,
1,2,,0.009428,0.110276,0.270339,0.175036,0.049394,0.080506,0.043653,0.061608,0.049268,0.150492,,1557100,,
1,3,,0.011278,0.111362,0.186605,0.324801,0.015471,0.131181,0.00277,0.039914,0.025975,0.150642,,1551000,,
1,1,,0.023158,0.250209,0.018265,0.01017,0.155296,0.027695,0.196788,0.149387,0.037157,0.131875,,1896600,,
1,1,,0.027965,0.479268,0.010843,0.018137,0.091868,0.009057,0.12313,0.104898,0.015984,0.118851,,1911700,,
1,4,,0.007643,0.154184,0.008717,0.008137,0.280049,0.004733,0.120251,0.203315,0.016188,0.196784,,1912000,,
1,1,,0.002153,0.344931,0.054754,0.01168,0.14278,0.018402,0.149022,0.145295,0.020207,0.110776,,1889600,,
1,1,,0.019695,0.455029,0.015689,0.006322,0.115387,0.006432,0.0935,0.140098,0.018097,0.129751,,1895400,,
1,2,,0.018522,0.192362,0.28536,0.169634,0.042775,0.084609,0.031278,0.036899,0.018518,0.120042,,1942600,,
1,1,,0.023329,0.338641,0.053139,0.025363,0.070354,0.031324,0.186005,0.068058,0.02582,0.177967,,1904600,,
1,4,,0.017964,0.162938,0.008421,0.006088,0.302344,0.00214,0.143769,0.157595,0.032034,0.166707,,1908400,,
1,1,,0.025058,0.48828,0.013286,0.011038,0.109611,0.001831,0.096357,0.116216,0.018312,0.12001,,1905900,,
1,1,,0.003953,0.319196,0.023893,0.004374,0.183718,0.003857,0.148989,0.167706,0.028227,0.116089,,1901900,,
1,1,,0.02632,0.317264,0.005098,0.018601,0.198933,0.007228,0.135686,0.13165,0.022304,0.136916,,1902900,,
1,4,,0.020625,0.173561,0.007042,0.014552,0.299624,0.002815,0.143192,0.153337,0.022985,0.162266,,1912700,,
1,7,,0.028838,0.077033,0.013697,0.00673,0.121103,0.015619,0.164333,0.313356,0.099299,0.159993,,1905500,,
1,1,,0.027104,0.47459,0.013331,0.017778,0.096613,0.003908,0.116669,0.103708,0.026638,0.119661,,1947400,,
1,1,,0.0198,0.304353,0.033891,0.008454,0.183738,0.003445,0.144981,0.168495,0.023279,0.109564,,1907500,,
1,2,,0.005815,0.214518,0.33862,0.162373,0.012495,0.076418,0.007301,0.05508,0.017553,0.109828,,1911900,,
1,1,,0.015103,0.493145,0.013731,0.009271,0.109333,0.003465,0.096,0.110455,0.025372,0.124125,,1906100,,
1,1,,0.014333,0.333639,0.022559,0.0068,0.171366,0.007901,0.171169,0.138546,0.027672,0.106015,,1898000,,
1,1,,0.023553,0.279345,0.02294,0.010273,0.154098,0.021309,0.158401,0.125443,0.033217,0.171421,,1911300,,
1,1,,0.014207,0.233263,0.231945,0.170531,0.029452,0.083018,0.007353,0.030261,0.017588,0.182381,,1905400,,
1,2,,0.008921,0.161355,0.293498,0.212548,0.011362,0.100822,0.008843,0.039661,0.013833,0.149155,,1904200,,
1,1,,0.010803,0.339535,0.049369,0.023234,0.143995,0.021618,0.157995,0.116133,0.0314,0.105918,,1912900,,
1,4,,0.012944,0.167869,0.012387,0.010726,0.275642,0.004019,0.162232,0.197597,0.021228,0.135356,,1902400,,
1,4,,0.007612,0.144518,0.010068,0.011894,0.283089,0.00165,0.120703,0.207754,0.023698,0.189014,,1898400,,
1,2,,0.004714,0.191446,0.301957,0.179844,0.027289,0.112856,0.019427,0.032576,0.019171,0.110719,,1895500,,
1,2,,0.007717,0.189567,0.293834,0.184834,0.021159,0.109438,0.018563,0.044498,0.022516,0.107875,,1903900,,
1,1,,0.008607,0.30903,0.005283,0.013014,0.242252,0.002448,0.113333,0.142682,0.022754,0.140597,,1900300,,
1,1,,0.01379,0.305458,0.039188,0.005845,0.217261,0.027662,0.132349,0.135675,0.009865,0.112906,,1892200,,
1,4,,0.022603,0.16387,0.015475,0.010951,0.261171,0.00238,0.169075,0.201679,0.016211,0.136584,,1912100,,
1,2,,0.021883,0.104453,0.294056,0.14069,0.028319,0.092832,0.093531,0.051434,0.03816,0.134643,,1887900,,
1,2,,0.010144,0.1351,0.2146,0.183582,0.04043,0.154153,0.0272,0.036225,0.012953,0.185612,,1881300,,
1,2,,0.009587,0.226199,0.302084,0.198591,0.017574,0.093346,0.008633,0.038325,0.010767,0.094894,,1876300,,
1,3,,0.012804,0.097844,0.232807,0.301205,0.014433,0.114904,0.005328,0.040047,0.033121,0.147509,,1895700,,
1,1,,0.005393,0.355653,0.022034,0.010951,0.186785,0.00238,0.149508,0.136607,0.024057,0.106632,,1810900,,
1,1,,0.014144,0.302674,0.05076,0.007873,0.148845,0.023948,0.168673,0.147958,0.023549,0.111576,,1531800,,
1,1,,0.009603,0.240209,0.107523,0.116025,0.036185,0.122018,0.113928,0.081037,0.04199,0.131483,,1545300,,
1,4,,0.010438,0.211123,0.020223,0.013836,0.243096,0.006175,0.142123,0.189574,0.038732,0.124679,,1549700,,
1,1,,0.019816,0.316484,0.007619,0.014759,0.211678,0.002761,0.11955,0.134874,0.028479,0.143981,,1555500,,
1,1,,0.015535,0.318666,0.132893,0.156049,0.037435,0.065295,0.096713,0.054509,0.025153,0.097752,,1562600,,
1,2,,0.016388,0.093735,0.268757,0.144188,0.039627,0.125421,0.029565,0.030884,0.025946,0.225489,,1551600,,
1,1,,0.026461,0.461012,0.012289,0.013831,0.108259,0.002151,0.11924,0.107502,0.025397,0.123858,,1551000,,
1,2,,0.008109,0.192158,0.304997,0.212142,0.02805,0.100541,0.010535,0.036228,0.01236,0.09488,,1549900,,
1,1,,0.016474,0.339159,0.053139,0.040034,0.06649,0.038984,0.168305,0.06457,0.014991,0.197855,,1551400,,
1,4,,0.014213,0.125028,0.008571,0.003714,0.253338,0.013774,0.156233,0.237005,0.054678,0.133446,,1552000,,
1,3,,0.005245,0.077969,0.273688,0.285603,0.031664,0.090831,0.010281,0.047735,0.039213,0.137772,,1564000,,
1,1,,0.004578,0.337981,0.006452,0.01073,0.22818,0.006153,0.113333,0.146038,0.020009,0.126546,,1550900,,
1,1,,0.006957,0.499856,0.016249,0.011038,0.116318,0.004794,0.094135,0.121368,0.01609,0.113195,,1551800,,
1,3,,0.012838,0.089665,0.186384,0.329963,0.032866,0.126159,0.002948,0.040378,0.025032,0.153767,,1578900,,
1,1,,0.002689,0.32325,0.020481,0.008137,0.223032,0.003081,0.114242,0.137144,0.02988,0.138063,,1548100,,
1,4,,0.003244,0.14695,0.008649,0.005156,0.290939,0.000561,0.123205,0.2042,0.018051,0.199044,,1550100,,
