balance-scale,CWE,test,4,NANOSECONDS,PREDICTIONS, Generated by ClassifierExperiments.java on 2022-05-16 19:21:03.    SYSTEMPROPERTIES:{user.name:matth,os.arch:amd64,os.name:Windows 10},ENDSYSTEMPROPERTIES
No parameter info
0.8095238095238095,49249900,45129800,-1,20592120,3,,-1,-1
0,1,,0.021756,0.53143,0.446813,,423000,,
0,1,,0.033169,0.617028,0.349803,,344000,,
0,2,,0.028038,0.32513,0.646832,,341000,,
0,2,,0.014683,0.39125,0.594067,,359000,,
0,2,,0.010874,0.197602,0.791524,,338100,,
0,1,,0.019468,0.736803,0.243729,,345100,,
0,1,,0.022309,0.65779,0.319901,,347700,,
0,1,,0.011789,0.58748,0.40073,,563300,,
0,1,,0.011789,0.676222,0.311988,,372500,,
0,2,,0.015736,0.261642,0.722622,,357900,,
1,1,,0.021824,0.810946,0.16723,,344700,,
1,1,,0.06121,0.86531,0.07348,,341500,,
1,1,,0.013895,0.773064,0.213041,,338200,,
1,1,,0.025777,0.921134,0.053089,,338600,,
1,1,,0.050123,0.698306,0.251572,,336300,,
1,1,,0.243266,0.421,0.335734,,339400,,
1,1,,0.021771,0.746104,0.232125,,339200,,
1,1,,0.018559,0.844419,0.137023,,346300,,
1,1,,0.023876,0.906894,0.06923,,334200,,
1,1,,0.191169,0.775399,0.033432,,347800,,
1,1,,0.157931,0.532467,0.309603,,348600,,
1,1,,0.276652,0.593123,0.130226,,352700,,
1,2,,0.085072,0.137283,0.777645,,349900,,
1,1,,0.060995,0.909849,0.029155,,343100,,
1,1,,0.034976,0.928224,0.0368,,343700,,
1,1,,0.034886,0.858573,0.106542,,360200,,
1,1,,0.174207,0.503269,0.322524,,357000,,
1,2,,0.113861,0.3341,0.552039,,338800,,
1,1,,0.012742,0.647361,0.339897,,398600,,
1,1,,0.031905,0.893484,0.074612,,345900,,
1,1,,0.026051,0.894259,0.07969,,345700,,
1,2,,0.268032,0.204419,0.527549,,384800,,
1,1,,0.034976,0.928224,0.0368,,337400,,
1,1,,0.045324,0.835576,0.119099,,338500,,
1,1,,0.027103,0.907154,0.065743,,373200,,
1,1,,0.131839,0.738269,0.129893,,342700,,
1,1,,0.128505,0.741602,0.129893,,590700,,
1,1,,0.019324,0.939395,0.041281,,336500,,
1,1,,0.013895,0.738489,0.247616,,340500,,
1,1,,0.041551,0.601222,0.357226,,340400,,
1,1,,0.019324,0.939395,0.041281,,328400,,
1,1,,0.211765,0.676413,0.111822,,342800,,
1,1,,0.035029,0.842066,0.122905,,347400,,
1,1,,0.278983,0.509309,0.211708,,345800,,
1,1,,0.013895,0.773064,0.213041,,337900,,
1,1,,0.092741,0.626981,0.280278,,346500,,
1,1,,0.011789,0.726647,0.261563,,335000,,
1,1,,0.017186,0.885742,0.097072,,350100,,
1,1,,0.276652,0.593123,0.130226,,346800,,
1,1,,0.022453,0.703883,0.273665,,345100,,
1,1,,0.01746,0.640602,0.341938,,345500,,
1,1,,0.275274,0.384748,0.339979,,362100,,
1,1,,0.016551,0.77146,0.211988,,336300,,
1,1,,0.034705,0.944495,0.0208,,335100,,
1,1,,0.035981,0.934447,0.029572,,488200,,
1,1,,0.026162,0.844998,0.12884,,351400,,
1,1,,0.013895,0.738489,0.247616,,358300,,
1,1,,0.050612,0.731803,0.217585,,360700,,
1,1,,0.026051,0.894259,0.07969,,353900,,
1,1,,0.0224,0.76676,0.21084,,340500,,
1,1,,0.140014,0.443561,0.416425,,333500,,
1,1,,0.011789,0.726647,0.261563,,333900,,
1,1,,0.016636,0.562139,0.421226,,333400,,
1,1,,0.036082,0.942066,0.021853,,335100,,
1,2,,0.224475,0.125137,0.650388,,338600,,
1,2,,0.046312,0.176111,0.777577,,343100,,
1,1,,0.033048,0.944099,0.022853,,596800,,
1,1,,0.044511,0.8618,0.09369,,605300,,
2,2,,0.036783,0.093511,0.869706,,491400,,
2,2,,0.209307,0.235815,0.554877,,339400,,
2,1,,0.012842,0.571661,0.415497,,338800,,
2,2,,0.154221,0.407905,0.437873,,342800,,
2,2,,0.040592,0.323169,0.636239,,337600,,
2,2,,0.175678,0.111639,0.712683,,344700,,
2,2,,0.019362,0.0962,0.884438,,333700,,
2,2,,0.017665,0.076923,0.905412,,339300,,
2,1,,0.269543,0.374338,0.356119,,353200,,
2,1,,0.269543,0.374338,0.356119,,331100,,
2,2,,0.018574,0.136014,0.845412,,380900,,
2,1,,0.191169,0.775399,0.033432,,347900,,
2,2,,0.015318,0.183948,0.800734,,338500,,
2,2,,0.019569,0.07095,0.909481,,340400,,
2,2,,0.023947,0.167758,0.808295,,337000,,
2,2,,0.112908,0.192433,0.694659,,387300,,
2,2,,0.029543,0.122759,0.847698,,345000,,
2,2,,0.018006,0.07489,0.907104,,345800,,
2,2,,0.016756,0.113908,0.869335,,343800,,
2,2,,0.012789,0.450314,0.536897,,341400,,
2,2,,0.017345,0.209,0.773655,,339300,,
2,1,,0.233564,0.447528,0.318908,,344100,,
2,2,,0.01837,0.17939,0.802241,,332600,,
2,2,,0.016756,0.127125,0.856119,,341300,,
2,2,,0.242266,0.3565,0.401234,,336900,,
2,2,,0.018345,0.071556,0.910099,,332000,,
2,2,,0.022068,0.404375,0.573556,,336900,,
2,2,,0.010874,0.145102,0.844024,,395700,,
2,2,,0.127714,0.436119,0.436167,,630500,,
2,2,,0.016271,0.298948,0.684781,,338500,,
2,2,,0.020773,0.163948,0.815279,,330100,,
2,2,,0.018493,0.093591,0.887916,,334100,,
2,2,,0.081371,0.246404,0.672225,,328200,,
2,2,,0.119543,0.212759,0.667698,,342000,,
2,1,,0.180316,0.493195,0.326488,,350400,,
2,1,,0.027438,0.488549,0.484014,,336900,,
2,2,,0.016152,0.039782,0.944067,,330900,,
2,2,,0.137345,0.122056,0.740599,,352300,,
2,2,,0.012789,0.450314,0.536897,,340500,,
2,2,,0.018345,0.071556,0.910099,,336900,,
2,2,,0.211983,0.12764,0.660377,,333800,,
2,2,,0.053017,0.187936,0.759047,,336100,,
2,2,,0.020072,0.072283,0.907645,,337400,,
2,2,,0.022068,0.404375,0.573556,,343800,,
2,1,,0.02849,0.495391,0.476119,,338800,,
2,2,,0.020479,0.051859,0.927663,,340000,,
2,2,,0.233564,0.312528,0.453908,,343200,,
2,2,,0.053017,0.06127,0.885714,,332400,,
2,2,,0.228423,0.118097,0.65348,,337000,,
2,2,,0.010874,0.143713,0.845413,,332400,,
2,2,,0.172551,0.404571,0.422877,,338600,,
2,2,,0.06121,0.320398,0.618392,,334100,,
2,2,,0.022876,0.297482,0.679642,,330100,,
2,2,,0.021725,0.043948,0.934327,,334900,,
2,2,,0.016551,0.145071,0.838377,,334900,,
2,1,,0.016756,0.527242,0.456002,,470400,,
2,2,,0.204445,0.348033,0.447521,,340900,,
2,2,,0.268032,0.204419,0.527549,,356700,,