semeion,J48,test,3,NANOSECONDS,PREDICTIONS, Generated by ClassifierExperiments.java on 2022-05-16 03:46:48.    SYSTEMPROPERTIES:{user.name:matth,os.arch:amd64,os.name:Windows 10},ENDSYSTEMPROPERTIES
No parameter info
0.6811145510835913,2123023300,460000,-1,33876328,10,,-1,-1
0,0,,0.97064,0.00008,0.001072,0.001672,0.003093,0.00112,0.002627,0.000067,0.004701,0.014927,,3100,,
0,0,,0.980768,0.000649,0.000473,0.000035,0.006276,0.000704,0.003918,0.000499,0.002474,0.004204,,1700,,
0,0,,0.97064,0.00008,0.001072,0.001672,0.003093,0.00112,0.002627,0.000067,0.004701,0.014927,,1400,,
0,9,,0.040983,0.013106,0.007994,0.072459,0.024086,0.027475,0.002822,0.004909,0.022948,0.78322,,1600,,
0,8,,0.044469,0.004272,0.035837,0.075713,0.029603,0.043725,0.187544,0.002719,0.377453,0.198664,,1700,,
0,0,,0.968649,0.000559,0.000474,0.0005,0.008571,0.001082,0.009022,0.000107,0.003076,0.007959,,2100,,
0,0,,0.831681,0.003849,0.0005,0.000455,0.13753,0.000746,0.004541,0.00059,0.002764,0.017344,,1400,,
0,0,,0.690095,0.00073,0.004359,0.030209,0.003579,0.019001,0.001387,0.000798,0.006957,0.242886,,1400,,
0,0,,0.873187,0.004628,0.000518,0.000033,0.104419,0.000503,0.002045,0.002862,0.002306,0.0095,,2000,,
0,8,,0.044469,0.004272,0.035837,0.075713,0.029603,0.043725,0.187544,0.002719,0.377453,0.198664,,1400,,
0,0,,0.621364,0.005787,0.011185,0.000427,0.072088,0.004145,0.002808,0.013958,0.146237,0.122,,1600,,
0,0,,0.831681,0.003849,0.0005,0.000455,0.13753,0.000746,0.004541,0.00059,0.002764,0.017344,,2000,,
0,0,,0.982609,0.000093,0.00107,0.000118,0.002264,0.000728,0.001141,0.000313,0.003781,0.007883,,2000,,
0,5,,0.230921,0.002235,0.028635,0.023917,0.070658,0.469222,0.021769,0.080922,0.005619,0.066102,,1600,,
0,9,,0.213046,0.068024,0.014762,0.007425,0.013455,0.110613,0.036941,0.029198,0.059382,0.447153,,1500,,
0,8,,0.063195,0.002771,0.023257,0.001559,0.002379,0.015936,0.028479,0.003538,0.754291,0.104594,,1500,,
0,0,,0.968649,0.000559,0.000474,0.0005,0.008571,0.001082,0.009022,0.000107,0.003076,0.007959,,2000,,
0,0,,0.982609,0.000093,0.00107,0.000118,0.002264,0.000728,0.001141,0.000313,0.003781,0.007883,,2000,,
0,0,,0.980768,0.000649,0.000473,0.000035,0.006276,0.000704,0.003918,0.000499,0.002474,0.004204,,1400,,
0,0,,0.982609,0.000093,0.00107,0.000118,0.002264,0.000728,0.001141,0.000313,0.003781,0.007883,,1300,,
0,0,,0.982609,0.000093,0.00107,0.000118,0.002264,0.000728,0.001141,0.000313,0.003781,0.007883,,1300,,
0,0,,0.97064,0.00008,0.001072,0.001672,0.003093,0.00112,0.002627,0.000067,0.004701,0.014927,,1900,,
0,0,,0.982609,0.000093,0.00107,0.000118,0.002264,0.000728,0.001141,0.000313,0.003781,0.007883,,2000,,
0,0,,0.793035,0.00644,0.005146,0.000154,0.013672,0.006379,0.021037,0.004413,0.116944,0.03278,,1400,,
0,0,,0.982609,0.000093,0.00107,0.000118,0.002264,0.000728,0.001141,0.000313,0.003781,0.007883,,1300,,
0,0,,0.982609,0.000093,0.00107,0.000118,0.002264,0.000728,0.001141,0.000313,0.003781,0.007883,,1300,,
0,3,,0.294012,0.012172,0.077096,0.354082,0.003948,0.011094,0.001427,0.011105,0.061022,0.174043,,1400,,
0,0,,0.657553,0.002349,0.017984,0.003009,0.00919,0.014789,0.044621,0.003363,0.134279,0.112862,,1500,,
0,0,,0.982609,0.000093,0.00107,0.000118,0.002264,0.000728,0.001141,0.000313,0.003781,0.007883,,1400,,
0,0,,0.858299,0.003181,0.038786,0.002837,0.005122,0.000872,0.002406,0.008925,0.06799,0.011581,,1400,,
0,0,,0.97064,0.00008,0.001072,0.001672,0.003093,0.00112,0.002627,0.000067,0.004701,0.014927,,1900,,
0,0,,0.477528,0.004048,0.003707,0.022165,0.046276,0.010553,0.000562,0.003559,0.005038,0.426564,,2000,,
0,0,,0.982609,0.000093,0.00107,0.000118,0.002264,0.000728,0.001141,0.000313,0.003781,0.007883,,1300,,
1,7,,0.000315,0.251981,0.022187,0.010864,0.078541,0.020667,0.00846,0.59684,0.005747,0.0044,,1600,,
1,1,,0.000034,0.7553,0.116598,0.002658,0.031612,0.000777,0.000569,0.052873,0.023776,0.015802,,1500,,
1,1,,0.006979,0.610291,0.025042,0.101741,0.029495,0.006205,0.003996,0.043626,0.05276,0.119864,,1400,,
1,1,,0.000327,0.31614,0.010873,0.001689,0.035788,0.042868,0.005879,0.174561,0.183968,0.227909,,1400,,
1,1,,0.006519,0.652798,0.023048,0.006628,0.019922,0.003723,0.0016,0.188209,0.039149,0.058404,,1400,,
1,1,,0.000239,0.64271,0.024861,0.090267,0.034738,0.005958,0.003641,0.082372,0.059567,0.055648,,1300,,
1,7,,0.000315,0.251981,0.022187,0.010864,0.078541,0.020667,0.00846,0.59684,0.005747,0.0044,,1400,,
1,1,,0.000984,0.37892,0.082228,0.024495,0.005546,0.019668,0.01099,0.243436,0.186547,0.047186,,1300,,
1,7,,0.001542,0.153964,0.08839,0.050164,0.020579,0.12608,0.070662,0.453244,0.026887,0.008488,,1300,,
1,1,,0.000034,0.7553,0.116598,0.002658,0.031612,0.000777,0.000569,0.052873,0.023776,0.015802,,1300,,
1,7,,0.000557,0.063782,0.088555,0.064104,0.050018,0.037765,0.004347,0.660813,0.015498,0.014561,,1400,,
1,1,,0.00019,0.586766,0.019529,0.005019,0.020026,0.00305,0.001245,0.303306,0.037725,0.023142,,1300,,
1,7,,0.000315,0.251981,0.022187,0.010864,0.078541,0.020667,0.00846,0.59684,0.005747,0.0044,,1300,,
1,7,,0.000315,0.251981,0.022187,0.010864,0.078541,0.020667,0.00846,0.59684,0.005747,0.0044,,1300,,
1,1,,0.000081,0.459159,0.187521,0.008143,0.175509,0.007448,0.005476,0.147284,0.005127,0.004253,,1400,,
1,7,,0.000315,0.251981,0.022187,0.010864,0.078541,0.020667,0.00846,0.59684,0.005747,0.0044,,1400,,
1,1,,0.000034,0.7553,0.116598,0.002658,0.031612,0.000777,0.000569,0.052873,0.023776,0.015802,,1400,,
1,1,,0.058155,0.397458,0.036491,0.03336,0.151023,0.002168,0.044841,0.021667,0.211196,0.04364,,1300,,
1,2,,0.000294,0.208309,0.554684,0.027919,0.034144,0.033739,0.033963,0.083047,0.017811,0.006091,,1500,,
1,1,,0.009307,0.517291,0.189544,0.001088,0.152207,0.000313,0.007764,0.015403,0.093359,0.013724,,1400,,
1,1,,0.0003,0.5131,0.177233,0.000909,0.16884,0.000283,0.006664,0.027392,0.099278,0.006001,,1300,,
1,2,,0.000294,0.208309,0.554684,0.027919,0.034144,0.033739,0.033963,0.083047,0.017811,0.006091,,1400,,
1,5,,0.009708,0.024764,0.013402,0.011478,0.050027,0.579159,0.184147,0.087325,0.008221,0.031768,,1500,,
1,1,,0.000081,0.459159,0.187521,0.008143,0.175509,0.007448,0.005476,0.147284,0.005127,0.004253,,1300,,
1,1,,0.000034,0.7553,0.116598,0.002658,0.031612,0.000777,0.000569,0.052873,0.023776,0.015802,,1400,,
1,3,,0.021811,0.237997,0.063672,0.299846,0.004932,0.024162,0.021301,0.021145,0.157546,0.147588,,1300,,
1,1,,0.0003,0.5131,0.177233,0.000909,0.16884,0.000283,0.006664,0.027392,0.099278,0.006001,,1300,,
1,1,,0.001884,0.454124,0.033819,0.001956,0.121854,0.001266,0.016603,0.179018,0.179463,0.010013,,1300,,
1,7,,0.001542,0.153964,0.08839,0.050164,0.020579,0.12608,0.070662,0.453244,0.026887,0.008488,,1400,,
1,7,,0.001542,0.153964,0.08839,0.050164,0.020579,0.12608,0.070662,0.453244,0.026887,0.008488,,1400,,
1,7,,0.000557,0.063782,0.088555,0.064104,0.050018,0.037765,0.004347,0.660813,0.015498,0.014561,,1400,,
1,1,,0.00019,0.586766,0.019529,0.005019,0.020026,0.00305,0.001245,0.303306,0.037725,0.023142,,1300,,
1,1,,0.000984,0.37892,0.082228,0.024495,0.005546,0.019668,0.01099,0.243436,0.186547,0.047186,,1300,,
2,2,,0.000193,0.019581,0.822129,0.061177,0.008075,0.022895,0.006481,0.034145,0.017837,0.007487,,1400,,
2,3,,0.0004,0.039959,0.064476,0.659415,0.049625,0.042186,0.007272,0.102645,0.013997,0.020027,,1400,,
2,8,,0.031687,0.056679,0.205731,0.101384,0.001866,0.023297,0.003856,0.088837,0.277309,0.209352,,1400,,
2,8,,0.001127,0.062108,0.212517,0.093594,0.002287,0.023273,0.003657,0.174531,0.325775,0.10113,,1400,,
2,2,,0.001112,0.008821,0.828736,0.013876,0.0286,0.005532,0.050312,0.011731,0.049393,0.001886,,1500,,
2,2,,0.000193,0.019581,0.822129,0.061177,0.008075,0.022895,0.006481,0.034145,0.017837,0.007487,,1400,,
2,2,,0.000116,0.094335,0.607489,0.039001,0.090721,0.011047,0.002284,0.13236,0.011223,0.011424,,1400,,
2,2,,0.000116,0.094335,0.607489,0.039001,0.090721,0.011047,0.002284,0.13236,0.011223,0.011424,,1400,,
2,4,,0.000146,0.260272,0.109837,0.002883,0.329983,0.110127,0.027207,0.089181,0.026304,0.044061,,1400,,
2,1,,0.001062,0.754928,0.123626,0.003153,0.028253,0.000851,0.000658,0.029476,0.022166,0.035827,,1300,,
2,2,,0.000193,0.019581,0.822129,0.061177,0.008075,0.022895,0.006481,0.034145,0.017837,0.007487,,1500,,
2,2,,0.000116,0.094335,0.607489,0.039001,0.090721,0.011047,0.002284,0.13236,0.011223,0.011424,,1400,,
2,2,,0.012882,0.014388,0.291426,0.05502,0.038039,0.045621,0.230996,0.141287,0.164543,0.005798,,1400,,
2,1,,0.001062,0.754928,0.123626,0.003153,0.028253,0.000851,0.000658,0.029476,0.022166,0.035827,,1400,,
2,2,,0.00032,0.01018,0.441665,0.019863,0.013924,0.310472,0.029531,0.018963,0.083935,0.071148,,1300,,
2,1,,0.001062,0.754928,0.123626,0.003153,0.028253,0.000851,0.000658,0.029476,0.022166,0.035827,,1300,,
2,5,,0.011052,0.004035,0.034434,0.0436,0.020508,0.681266,0.060911,0.062238,0.014272,0.067683,,1400,,
2,2,,0.000116,0.094335,0.607489,0.039001,0.090721,0.011047,0.002284,0.13236,0.011223,0.011424,,1400,,
2,2,,0.00337,0.042803,0.72061,0.031494,0.001728,0.00348,0.001035,0.009085,0.102533,0.083863,,1400,,
2,2,,0.000604,0.01846,0.655559,0.005761,0.006554,0.000734,0.006654,0.005358,0.291403,0.008914,,1400,,
2,2,,0.000604,0.01846,0.655559,0.005761,0.006554,0.000734,0.006654,0.005358,0.291403,0.008914,,1400,,
2,8,,0.001127,0.062108,0.212517,0.093594,0.002287,0.023273,0.003657,0.174531,0.325775,0.10113,,1400,,
2,2,,0.00007,0.219978,0.535462,0.018044,0.023164,0.001633,0.000337,0.067357,0.073779,0.060177,,1400,,
2,2,,0.000193,0.019581,0.822129,0.061177,0.008075,0.022895,0.006481,0.034145,0.017837,0.007487,,1300,,
2,2,,0.001112,0.008821,0.828736,0.013876,0.0286,0.005532,0.050312,0.011731,0.049393,0.001886,,1400,,
2,2,,0.000604,0.01846,0.655559,0.005761,0.006554,0.000734,0.006654,0.005358,0.291403,0.008914,,1300,,
2,2,,0.000119,0.046629,0.74004,0.028905,0.002106,0.003456,0.000975,0.017745,0.119751,0.040275,,1300,,
2,2,,0.002006,0.204183,0.527229,0.01988,0.019225,0.001663,0.000361,0.034872,0.063877,0.126705,,1400,,
2,2,,0.000148,0.405499,0.408143,0.010783,0.007278,0.004163,0.004178,0.03528,0.097742,0.026786,,1300,,
2,8,,0.000534,0.005118,0.187818,0.000998,0.006027,0.005307,0.01617,0.001587,0.731268,0.045174,,1500,,
2,1,,0.000034,0.7553,0.116598,0.002658,0.031612,0.000777,0.000569,0.052873,0.023776,0.015802,,1400,,
2,7,,0.001734,0.02478,0.224316,0.188214,0.008333,0.146491,0.023087,0.319079,0.046105,0.017862,,1400,,
3,3,,0.012373,0.019325,0.081523,0.567586,0.001008,0.014164,0.003511,0.00751,0.136299,0.156701,,1300,,
3,3,,0.000333,0.128514,0.078383,0.42077,0.017476,0.0086,0.001478,0.072045,0.126905,0.145495,,1400,,
3,3,,0.00049,0.023553,0.093664,0.582785,0.001373,0.015737,0.003703,0.01641,0.178092,0.084192,,1400,,
3,9,,0.005032,0.006186,0.02319,0.217738,0.005452,0.118035,0.015758,0.005163,0.088913,0.514534,,1500,,
3,3,,0.000509,0.006356,0.066868,0.792673,0.003385,0.066999,0.015813,0.020292,0.017047,0.010058,,1300,,
3,5,,0.005347,0.001705,0.016907,0.302438,0.013721,0.513187,0.068714,0.006519,0.008692,0.062771,,1500,,
3,3,,0.000333,0.128514,0.078383,0.42077,0.017476,0.0086,0.001478,0.072045,0.126905,0.145495,,1400,,
3,3,,0.000509,0.006356,0.066868,0.792673,0.003385,0.066999,0.015813,0.020292,0.017047,0.010058,,1500,,
3,5,,0.000611,0.016704,0.011516,0.055806,0.011727,0.636175,0.179428,0.013023,0.038059,0.03695,,1400,,
3,3,,0.000509,0.006356,0.066868,0.792673,0.003385,0.066999,0.015813,0.020292,0.017047,0.010058,,1300,,
3,3,,0.000509,0.006356,0.066868,0.792673,0.003385,0.066999,0.015813,0.020292,0.017047,0.010058,,1300,,
3,3,,0.012373,0.019325,0.081523,0.567586,0.001008,0.014164,0.003511,0.00751,0.136299,0.156701,,1400,,
3,5,,0.004179,0.010676,0.01624,0.250642,0.200399,0.32191,0.031481,0.032851,0.007109,0.124513,,1400,,
3,3,,0.00049,0.023553,0.093664,0.582785,0.001373,0.015737,0.003703,0.01641,0.178092,0.084192,,1300,,
3,3,,0.012373,0.019325,0.081523,0.567586,0.001008,0.014164,0.003511,0.00751,0.136299,0.156701,,1300,,
3,3,,0.000509,0.006356,0.066868,0.792673,0.003385,0.066999,0.015813,0.020292,0.017047,0.010058,,1300,,
3,9,,0.002578,0.025393,0.014601,0.118276,0.05219,0.04853,0.004732,0.017052,0.047668,0.668981,,1300,,
3,3,,0.0004,0.039959,0.064476,0.659415,0.049625,0.042186,0.007272,0.102645,0.013997,0.020027,,1400,,
3,3,,0.0004,0.039959,0.064476,0.659415,0.049625,0.042186,0.007272,0.102645,0.013997,0.020027,,1300,,
3,3,,0.000509,0.006356,0.066868,0.792673,0.003385,0.066999,0.015813,0.020292,0.017047,0.010058,,1400,,
3,3,,0.000509,0.006356,0.066868,0.792673,0.003385,0.066999,0.015813,0.020292,0.017047,0.010058,,1200,,
3,2,,0.00007,0.219978,0.535462,0.018044,0.023164,0.001633,0.000337,0.067357,0.073779,0.060177,,1400,,
3,3,,0.00049,0.023553,0.093664,0.582785,0.001373,0.015737,0.003703,0.01641,0.178092,0.084192,,1400,,
3,5,,0.005347,0.001705,0.016907,0.302438,0.013721,0.513187,0.068714,0.006519,0.008692,0.062771,,1400,,
3,3,,0.000509,0.006356,0.066868,0.792673,0.003385,0.066999,0.015813,0.020292,0.017047,0.010058,,1300,,
3,3,,0.00049,0.023553,0.093664,0.582785,0.001373,0.015737,0.003703,0.01641,0.178092,0.084192,,1300,,
3,3,,0.000509,0.006356,0.066868,0.792673,0.003385,0.066999,0.015813,0.020292,0.017047,0.010058,,1200,,
3,7,,0.030783,0.044953,0.230959,0.067098,0.010297,0.020948,0.001708,0.296566,0.16761,0.129079,,1300,,
3,3,,0.00049,0.023553,0.093664,0.582785,0.001373,0.015737,0.003703,0.01641,0.178092,0.084192,,1300,,
3,7,,0.001734,0.02478,0.224316,0.188214,0.008333,0.146491,0.023087,0.319079,0.046105,0.017862,,1300,,
3,5,,0.000574,0.002246,0.024422,0.174965,0.003968,0.617665,0.048986,0.007661,0.054535,0.064978,,1400,,
3,5,,0.005347,0.001705,0.016907,0.302438,0.013721,0.513187,0.068714,0.006519,0.008692,0.062771,,1400,,
4,4,,0.004051,0.082798,0.006873,0.005078,0.390068,0.193944,0.045038,0.234919,0.00359,0.03364,,1400,,
4,1,,0.001975,0.415737,0.035982,0.029397,0.176663,0.002067,0.040588,0.040634,0.236834,0.020123,,1500,,
4,4,,0.000412,0.183054,0.167278,0.001634,0.550117,0.001593,0.037621,0.044779,0.012564,0.000948,,1500,,
4,4,,0.004051,0.082798,0.006873,0.005078,0.390068,0.193944,0.045038,0.234919,0.00359,0.03364,,1500,,
4,4,,0.000813,0.118036,0.045445,0.002978,0.681935,0.054685,0.022809,0.045354,0.002506,0.025439,,1300,,
4,4,,0.002553,0.15964,0.031452,0.003465,0.391211,0.007023,0.092357,0.288363,0.022378,0.001558,,1300,,
4,4,,0.011402,0.003429,0.004435,0.000043,0.968858,0.00106,0.007368,0.002359,0.000318,0.000728,,1400,,
4,0,,0.558508,0.101174,0.013948,0.008411,0.239154,0.000686,0.007366,0.012949,0.038215,0.01959,,1400,,
4,4,,0.020133,0.00402,0.013683,0.047516,0.593267,0.065014,0.20427,0.009434,0.016453,0.02621,,1400,,
4,4,,0.085068,0.006597,0.012965,0.009343,0.486421,0.138731,0.004701,0.192205,0.002166,0.061803,,1500,,
4,4,,0.004051,0.082798,0.006873,0.005078,0.390068,0.193944,0.045038,0.234919,0.00359,0.03364,,1500,,
4,7,,0.005101,0.045654,0.141827,0.023101,0.281476,0.014499,0.053617,0.360713,0.068185,0.005827,,1500,,
4,4,,0.030038,0.006869,0.020117,0.004945,0.640107,0.062301,0.130708,0.065011,0.019503,0.0204,,1700,,
4,1,,0.001975,0.415737,0.035982,0.029397,0.176663,0.002067,0.040588,0.040634,0.236834,0.020123,,1300,,
4,4,,0.231253,0.111368,0.025815,0.000655,0.391896,0.004461,0.001014,0.012228,0.004419,0.21689,,1500,,
4,4,,0.011998,0.019168,0.00356,0.000592,0.709983,0.024082,0.179679,0.041476,0.005108,0.004354,,1400,,
4,4,,0.007984,0.011137,0.002404,0.005647,0.653292,0.02495,0.278779,0.005975,0.004278,0.005553,,1400,,
4,3,,0.006374,0.006216,0.146328,0.390305,0.026026,0.035145,0.266496,0.015135,0.102477,0.005499,,1400,,
4,7,,0.005101,0.045654,0.141827,0.023101,0.281476,0.014499,0.053617,0.360713,0.068185,0.005827,,1400,,
4,4,,0.065148,0.002409,0.000781,0.00121,0.879021,0.006711,0.03891,0.003034,0.000658,0.002118,,1400,,
4,4,,0.000813,0.118036,0.045445,0.002978,0.681935,0.054685,0.022809,0.045354,0.002506,0.025439,,1300,,
4,7,,0.005101,0.045654,0.141827,0.023101,0.281476,0.014499,0.053617,0.360713,0.068185,0.005827,,1400,,
4,4,,0.001711,0.019415,0.016725,0.000247,0.881865,0.004824,0.064651,0.005689,0.002533,0.002339,,1300,,
4,4,,0.001711,0.019415,0.016725,0.000247,0.881865,0.004824,0.064651,0.005689,0.002533,0.002339,,1300,,
4,4,,0.003653,0.008955,0.033408,0.046464,0.29001,0.132265,0.246147,0.018739,0.174499,0.04586,,1400,,
4,4,,0.002354,0.128548,0.029434,0.045815,0.498876,0.010083,0.198588,0.057572,0.025976,0.002754,,1400,,
4,4,,0.001568,0.032569,0.197719,0.019155,0.473398,0.10893,0.012776,0.054738,0.007366,0.091781,,1400,,
4,4,,0.000481,0.066978,0.063245,0.000373,0.667626,0.0152,0.120651,0.017502,0.041606,0.006339,,1400,,
4,9,,0.073884,0.027058,0.014201,0.009111,0.031401,0.031814,0.002182,0.040875,0.032867,0.736606,,1400,,
4,1,,0.001884,0.454124,0.033819,0.001956,0.121854,0.001266,0.016603,0.179018,0.179463,0.010013,,1300,,
4,4,,0.205244,0.001244,0.00547,0.000887,0.721179,0.014032,0.015276,0.027642,0.002511,0.006515,,1400,,
4,6,,0.001787,0.030604,0.007241,0.006812,0.393946,0.062614,0.414395,0.014641,0.055973,0.011986,,1500,,
4,4,,0.003653,0.008955,0.033408,0.046464,0.29001,0.132265,0.246147,0.018739,0.174499,0.04586,,1400,,
5,5,,0.005347,0.001705,0.016907,0.302438,0.013721,0.513187,0.068714,0.006519,0.008692,0.062771,,1400,,
5,5,,0.000485,0.10621,0.011231,0.046953,0.173892,0.405135,0.083455,0.066627,0.031603,0.07441,,1400,,
5,5,,0.004179,0.010676,0.01624,0.250642,0.200399,0.32191,0.031481,0.032851,0.007109,0.124513,,1500,,
5,4,,0.004051,0.082798,0.006873,0.005078,0.390068,0.193944,0.045038,0.234919,0.00359,0.03364,,1300,,
5,5,,0.009708,0.024764,0.013402,0.011478,0.050027,0.579159,0.184147,0.087325,0.008221,0.031768,,1400,,
5,5,,0.001002,0.004493,0.042027,0.021312,0.005011,0.692806,0.036689,0.0618,0.075662,0.059197,,1500,,
5,5,,0.011052,0.004035,0.034434,0.0436,0.020508,0.681266,0.060911,0.062238,0.014272,0.067683,,1500,,
5,4,,0.001568,0.032569,0.197719,0.019155,0.473398,0.10893,0.012776,0.054738,0.007366,0.091781,,1300,,
5,5,,0.006556,0.019182,0.025107,0.027426,0.227358,0.324368,0.021181,0.238056,0.008861,0.101906,,1400,,
5,5,,0.011052,0.004035,0.034434,0.0436,0.020508,0.681266,0.060911,0.062238,0.014272,0.067683,,1500,,
5,7,,0.001542,0.153964,0.08839,0.050164,0.020579,0.12608,0.070662,0.453244,0.026887,0.008488,,1500,,
5,5,,0.000574,0.002246,0.024422,0.174965,0.003968,0.617665,0.048986,0.007661,0.054535,0.064978,,1400,,
5,5,,0.000711,0.025529,0.036625,0.016023,0.066402,0.39426,0.015249,0.282527,0.056144,0.10653,,1500,,
5,5,,0.001002,0.004493,0.042027,0.021312,0.005011,0.692806,0.036689,0.0618,0.075662,0.059197,,1300,,
5,9,,0.010073,0.01418,0.045742,0.0304,0.007892,0.151752,0.013528,0.047733,0.141396,0.537304,,1500,,
5,4,,0.004051,0.082798,0.006873,0.005078,0.390068,0.193944,0.045038,0.234919,0.00359,0.03364,,1400,,
5,5,,0.011052,0.004035,0.034434,0.0436,0.020508,0.681266,0.060911,0.062238,0.014272,0.067683,,1300,,
5,5,,0.006556,0.019182,0.025107,0.027426,0.227358,0.324368,0.021181,0.238056,0.008861,0.101906,,1400,,
5,5,,0.000611,0.016704,0.011516,0.055806,0.011727,0.636175,0.179428,0.013023,0.038059,0.03695,,1400,,
5,5,,0.011052,0.004035,0.034434,0.0436,0.020508,0.681266,0.060911,0.062238,0.014272,0.067683,,1400,,
5,5,,0.009708,0.024764,0.013402,0.011478,0.050027,0.579159,0.184147,0.087325,0.008221,0.031768,,1300,,
5,5,,0.011052,0.004035,0.034434,0.0436,0.020508,0.681266,0.060911,0.062238,0.014272,0.067683,,1300,,
5,5,,0.001002,0.004493,0.042027,0.021312,0.005011,0.692806,0.036689,0.0618,0.075662,0.059197,,1500,,
5,5,,0.000611,0.016704,0.011516,0.055806,0.011727,0.636175,0.179428,0.013023,0.038059,0.03695,,1400,,
5,5,,0.005347,0.001705,0.016907,0.302438,0.013721,0.513187,0.068714,0.006519,0.008692,0.062771,,1400,,
5,3,,0.00049,0.023553,0.093664,0.582785,0.001373,0.015737,0.003703,0.01641,0.178092,0.084192,,1300,,
5,4,,0.004051,0.082798,0.006873,0.005078,0.390068,0.193944,0.045038,0.234919,0.00359,0.03364,,1400,,
5,5,,0.005347,0.001705,0.016907,0.302438,0.013721,0.513187,0.068714,0.006519,0.008692,0.062771,,1400,,
5,5,,0.000711,0.025529,0.036625,0.016023,0.066402,0.39426,0.015249,0.282527,0.056144,0.10653,,1500,,
5,5,,0.011052,0.004035,0.034434,0.0436,0.020508,0.681266,0.060911,0.062238,0.014272,0.067683,,1400,,
5,5,,0.001002,0.004493,0.042027,0.021312,0.005011,0.692806,0.036689,0.0618,0.075662,0.059197,,1500,,
5,5,,0.005347,0.001705,0.016907,0.302438,0.013721,0.513187,0.068714,0.006519,0.008692,0.062771,,1300,,
6,6,,0.008363,0.065253,0.083822,0.010704,0.068571,0.028661,0.516078,0.146495,0.070042,0.002011,,1400,,
6,6,,0.004095,0.010022,0.013303,0.001027,0.034933,0.11482,0.69475,0.024035,0.097368,0.005646,,1600,,
6,6,,0.008363,0.065253,0.083822,0.010704,0.068571,0.028661,0.516078,0.146495,0.070042,0.002011,,1400,,
6,6,,0.035613,0.000887,0.019693,0.079268,0.056157,0.143291,0.616424,0.002588,0.027811,0.018268,,1500,,
6,6,,0.035613,0.000887,0.019693,0.079268,0.056157,0.143291,0.616424,0.002588,0.027811,0.018268,,1400,,
6,6,,0.004724,0.032184,0.048048,0.086686,0.05356,0.025206,0.679701,0.017915,0.049799,0.002177,,1400,,
6,6,,0.014118,0.002458,0.003459,0.009418,0.061821,0.054974,0.841015,0.001639,0.00723,0.003869,,1500,,
6,6,,0.035613,0.000887,0.019693,0.079268,0.056157,0.143291,0.616424,0.002588,0.027811,0.018268,,1300,,
6,6,,0.001787,0.030604,0.007241,0.006812,0.393946,0.062614,0.414395,0.014641,0.055973,0.011986,,1600,,
6,6,,0.035613,0.000887,0.019693,0.079268,0.056157,0.143291,0.616424,0.002588,0.027811,0.018268,,1300,,
6,6,,0.035613,0.000887,0.019693,0.079268,0.056157,0.143291,0.616424,0.002588,0.027811,0.018268,,1400,,
6,6,,0.014118,0.002458,0.003459,0.009418,0.061821,0.054974,0.841015,0.001639,0.00723,0.003869,,1300,,
6,6,,0.004724,0.032184,0.048048,0.086686,0.05356,0.025206,0.679701,0.017915,0.049799,0.002177,,1500,,
6,6,,0.035613,0.000887,0.019693,0.079268,0.056157,0.143291,0.616424,0.002588,0.027811,0.018268,,1300,,
6,6,,0.004095,0.010022,0.013303,0.001027,0.034933,0.11482,0.69475,0.024035,0.097368,0.005646,,1500,,
6,5,,0.005711,0.01272,0.008001,0.096809,0.040695,0.53045,0.252583,0.011121,0.006087,0.035822,,1400,,
6,6,,0.002021,0.004318,0.006661,0.007263,0.023835,0.088209,0.799311,0.002568,0.060474,0.00534,,1400,,
6,6,,0.035613,0.000887,0.019693,0.079268,0.056157,0.143291,0.616424,0.002588,0.027811,0.018268,,1200,,
6,6,,0.008363,0.065253,0.083822,0.010704,0.068571,0.028661,0.516078,0.146495,0.070042,0.002011,,1300,,
6,7,,0.001542,0.153964,0.08839,0.050164,0.020579,0.12608,0.070662,0.453244,0.026887,0.008488,,1400,,
6,4,,0.020133,0.00402,0.013683,0.047516,0.593267,0.065014,0.20427,0.009434,0.016453,0.02621,,1400,,
6,6,,0.008363,0.065253,0.083822,0.010704,0.068571,0.028661,0.516078,0.146495,0.070042,0.002011,,1300,,
6,6,,0.014118,0.002458,0.003459,0.009418,0.061821,0.054974,0.841015,0.001639,0.00723,0.003869,,1400,,
6,6,,0.014118,0.002458,0.003459,0.009418,0.061821,0.054974,0.841015,0.001639,0.00723,0.003869,,1300,,
6,6,,0.029596,0.0059,0.007145,0.001377,0.093717,0.074016,0.756109,0.015868,0.01204,0.004232,,1400,,
6,6,,0.014118,0.002458,0.003459,0.009418,0.061821,0.054974,0.841015,0.001639,0.00723,0.003869,,1300,,
6,4,,0.020133,0.00402,0.013683,0.047516,0.593267,0.065014,0.20427,0.009434,0.016453,0.02621,,1400,,
6,6,,0.002021,0.004318,0.006661,0.007263,0.023835,0.088209,0.799311,0.002568,0.060474,0.00534,,1400,,
6,6,,0.029596,0.0059,0.007145,0.001377,0.093717,0.074016,0.756109,0.015868,0.01204,0.004232,,1300,,
6,6,,0.002021,0.004318,0.006661,0.007263,0.023835,0.088209,0.799311,0.002568,0.060474,0.00534,,1400,,
6,6,,0.002021,0.004318,0.006661,0.007263,0.023835,0.088209,0.799311,0.002568,0.060474,0.00534,,1400,,
6,6,,0.035613,0.000887,0.019693,0.079268,0.056157,0.143291,0.616424,0.002588,0.027811,0.018268,,1300,,
6,6,,0.018058,0.003659,0.32409,0.008189,0.179321,0.065542,0.338159,0.005829,0.038951,0.018202,,1400,,
7,1,,0.000984,0.37892,0.082228,0.024495,0.005546,0.019668,0.01099,0.243436,0.186547,0.047186,,1500,,
7,7,,0.000315,0.251981,0.022187,0.010864,0.078541,0.020667,0.00846,0.59684,0.005747,0.0044,,1400,,
7,4,,0.002553,0.15964,0.031452,0.003465,0.391211,0.007023,0.092357,0.288363,0.022378,0.001558,,1300,,
7,1,,0.00019,0.586766,0.019529,0.005019,0.020026,0.00305,0.001245,0.303306,0.037725,0.023142,,1400,,
7,7,,0.000315,0.251981,0.022187,0.010864,0.078541,0.020667,0.00846,0.59684,0.005747,0.0044,,1400,,
7,4,,0.085068,0.006597,0.012965,0.009343,0.486421,0.138731,0.004701,0.192205,0.002166,0.061803,,1400,,
7,5,,0.006556,0.019182,0.025107,0.027426,0.227358,0.324368,0.021181,0.238056,0.008861,0.101906,,1300,,
7,8,,0.002659,0.080132,0.109357,0.13209,0.085669,0.002876,0.015881,0.034258,0.486362,0.050715,,1400,,
7,7,,0.000315,0.251981,0.022187,0.010864,0.078541,0.020667,0.00846,0.59684,0.005747,0.0044,,1400,,
7,7,,0.000557,0.063782,0.088555,0.064104,0.050018,0.037765,0.004347,0.660813,0.015498,0.014561,,1300,,
7,4,,0.004051,0.082798,0.006873,0.005078,0.390068,0.193944,0.045038,0.234919,0.00359,0.03364,,1300,,
7,7,,0.000315,0.251981,0.022187,0.010864,0.078541,0.020667,0.00846,0.59684,0.005747,0.0044,,1300,,
7,7,,0.001542,0.153964,0.08839,0.050164,0.020579,0.12608,0.070662,0.453244,0.026887,0.008488,,1300,,
7,7,,0.000426,0.188114,0.098723,0.037511,0.016153,0.00706,0.00081,0.42533,0.128861,0.097013,,1400,,
7,7,,0.005101,0.045654,0.141827,0.023101,0.281476,0.014499,0.053617,0.360713,0.068185,0.005827,,1400,,
7,8,,0.031687,0.056679,0.205731,0.101384,0.001866,0.023297,0.003856,0.088837,0.277309,0.209352,,1300,,
7,7,,0.001542,0.153964,0.08839,0.050164,0.020579,0.12608,0.070662,0.453244,0.026887,0.008488,,1200,,
7,1,,0.000984,0.37892,0.082228,0.024495,0.005546,0.019668,0.01099,0.243436,0.186547,0.047186,,1300,,
7,4,,0.002553,0.15964,0.031452,0.003465,0.391211,0.007023,0.092357,0.288363,0.022378,0.001558,,1400,,
7,1,,0.000081,0.459159,0.187521,0.008143,0.175509,0.007448,0.005476,0.147284,0.005127,0.004253,,1300,,
7,5,,0.009708,0.024764,0.013402,0.011478,0.050027,0.579159,0.184147,0.087325,0.008221,0.031768,,1400,,
7,7,,0.000557,0.063782,0.088555,0.064104,0.050018,0.037765,0.004347,0.660813,0.015498,0.014561,,1400,,
7,1,,0.03089,0.386024,0.088862,0.02962,0.005052,0.021979,0.012938,0.138324,0.177266,0.109045,,1300,,
7,8,,0.001127,0.062108,0.212517,0.093594,0.002287,0.023273,0.003657,0.174531,0.325775,0.10113,,1400,,
7,7,,0.001542,0.153964,0.08839,0.050164,0.020579,0.12608,0.070662,0.453244,0.026887,0.008488,,1300,,
7,8,,0.031687,0.056679,0.205731,0.101384,0.001866,0.023297,0.003856,0.088837,0.277309,0.209352,,1400,,
7,1,,0.000984,0.37892,0.082228,0.024495,0.005546,0.019668,0.01099,0.243436,0.186547,0.047186,,1300,,
7,7,,0.039043,0.014787,0.200996,0.11125,0.030935,0.108718,0.008891,0.447027,0.019558,0.018797,,1300,,
7,4,,0.002553,0.15964,0.031452,0.003465,0.391211,0.007023,0.092357,0.288363,0.022378,0.001558,,1300,,
7,7,,0.000557,0.063782,0.088555,0.064104,0.050018,0.037765,0.004347,0.660813,0.015498,0.014561,,1300,,
7,8,,0.001127,0.062108,0.212517,0.093594,0.002287,0.023273,0.003657,0.174531,0.325775,0.10113,,1400,,
7,7,,0.000315,0.251981,0.022187,0.010864,0.078541,0.020667,0.00846,0.59684,0.005747,0.0044,,1400,,
8,8,,0.001379,0.013034,0.01838,0.013417,0.046218,0.012202,0.022641,0.005952,0.715999,0.150779,,1500,,
8,8,,0.063195,0.002771,0.023257,0.001559,0.002379,0.015936,0.028479,0.003538,0.754291,0.104594,,1400,,
8,8,,0.031687,0.056679,0.205731,0.101384,0.001866,0.023297,0.003856,0.088837,0.277309,0.209352,,1400,,
8,8,,0.063195,0.002771,0.023257,0.001559,0.002379,0.015936,0.028479,0.003538,0.754291,0.104594,,1300,,
8,0,,0.492133,0.010724,0.006052,0.009677,0.026411,0.016678,0.267991,0.00087,0.08295,0.086514,,2000,,
8,8,,0.015845,0.004934,0.192066,0.001142,0.005195,0.005612,0.018013,0.000853,0.657553,0.098786,,2100,,
8,8,,0.001659,0.001956,0.017987,0.015219,0.002975,0.018286,0.046456,0.00111,0.822898,0.071455,,1400,,
8,1,,0.006519,0.652798,0.023048,0.006628,0.019922,0.003723,0.0016,0.188209,0.039149,0.058404,,1400,,
8,6,,0.035613,0.000887,0.019693,0.079268,0.056157,0.143291,0.616424,0.002588,0.027811,0.018268,,1400,,
8,4,,0.060458,0.014342,0.0669,0.007188,0.55009,0.005664,0.010869,0.266034,0.015226,0.003228,,1500,,
8,8,,0.095773,0.011692,0.110357,0.172883,0.004793,0.004596,0.036605,0.003465,0.506839,0.052998,,1400,,
8,8,,0.063195,0.002771,0.023257,0.001559,0.002379,0.015936,0.028479,0.003538,0.754291,0.104594,,1300,,
8,8,,0.002204,0.002977,0.023549,0.00141,0.002858,0.015604,0.026471,0.006814,0.868587,0.049526,,1400,,
8,8,,0.156493,0.152852,0.078731,0.005905,0.015727,0.004668,0.088284,0.04177,0.431433,0.024138,,1300,,
8,1,,0.03089,0.386024,0.088862,0.02962,0.005052,0.021979,0.012938,0.138324,0.177266,0.109045,,1400,,
8,8,,0.035845,0.010999,0.016453,0.01344,0.034875,0.011295,0.022078,0.002802,0.563586,0.288627,,1500,,
8,3,,0.00049,0.023553,0.093664,0.582785,0.001373,0.015737,0.003703,0.01641,0.178092,0.084192,,1300,,
8,8,,0.057985,0.015512,0.009595,0.006145,0.008383,0.022031,0.20969,0.001123,0.571243,0.098293,,1300,,
8,4,,0.00414,0.032357,0.116822,0.268836,0.315931,0.018323,0.101474,0.063387,0.069664,0.009066,,1400,,
8,4,,0.00588,0.036813,0.189018,0.002163,0.460642,0.004186,0.015726,0.010297,0.144267,0.131007,,1400,,
8,4,,0.004319,0.007014,0.095274,0.002077,0.801532,0.012582,0.047413,0.00899,0.00975,0.01105,,1400,,
8,3,,0.000509,0.006356,0.066868,0.792673,0.003385,0.066999,0.015813,0.020292,0.017047,0.010058,,1400,,
8,2,,0.012882,0.014388,0.291426,0.05502,0.038039,0.045621,0.230996,0.141287,0.164543,0.005798,,1400,,
8,8,,0.005,0.02153,0.164842,0.016335,0.006233,0.004327,0.021845,0.046141,0.694148,0.019599,,1400,,
8,8,,0.137133,0.019172,0.155709,0.017266,0.004963,0.004227,0.022479,0.022916,0.576549,0.039587,,1400,,
8,8,,0.156493,0.152852,0.078731,0.005905,0.015727,0.004668,0.088284,0.04177,0.431433,0.024138,,1400,,
8,8,,0.031687,0.056679,0.205731,0.101384,0.001866,0.023297,0.003856,0.088837,0.277309,0.209352,,1300,,
8,8,,0.003539,0.013306,0.118399,0.165762,0.0061,0.004768,0.036051,0.00707,0.618414,0.02659,,1400,,
8,0,,0.657553,0.002349,0.017984,0.003009,0.00919,0.014789,0.044621,0.003363,0.134279,0.112862,,1400,,
8,8,,0.137133,0.019172,0.155709,0.017266,0.004963,0.004227,0.022479,0.022916,0.576549,0.039587,,1500,,
8,1,,0.000984,0.37892,0.082228,0.024495,0.005546,0.019668,0.01099,0.243436,0.186547,0.047186,,1500,,
9,9,,0.084165,0.215345,0.007168,0.00311,0.09933,0.035072,0.008554,0.074371,0.024551,0.448335,,1400,,
9,9,,0.004363,0.049217,0.02435,0.013962,0.063876,0.052753,0.003435,0.133301,0.064092,0.590651,,1400,,
9,9,,0.018414,0.04789,0.116576,0.006633,0.068154,0.011137,0.001372,0.009797,0.028481,0.691546,,1400,,
9,9,,0.084165,0.215345,0.007168,0.00311,0.09933,0.035072,0.008554,0.074371,0.024551,0.448335,,1400,,
9,8,,0.000137,0.016807,0.275626,0.006506,0.002517,0.03249,0.003081,0.006832,0.390662,0.265342,,1400,,
9,1,,0.00019,0.586766,0.019529,0.005019,0.020026,0.00305,0.001245,0.303306,0.037725,0.023142,,1300,,
9,9,,0.084165,0.215345,0.007168,0.00311,0.09933,0.035072,0.008554,0.074371,0.024551,0.448335,,1400,,
9,0,,0.477528,0.004048,0.003707,0.022165,0.046276,0.010553,0.000562,0.003559,0.005038,0.426564,,2000,,
9,0,,0.482163,0.02286,0.124588,0.040501,0.004682,0.011685,0.001004,0.084116,0.079503,0.148898,,2100,,
9,9,,0.000081,0.080085,0.201435,0.004102,0.027971,0.015506,0.001074,0.026194,0.243106,0.400446,,1400,,
9,9,,0.264591,0.018239,0.066664,0.002502,0.161474,0.005275,0.000337,0.00876,0.00771,0.464449,,1400,,
9,9,,0.000344,0.04758,0.025802,0.005925,0.013551,0.046576,0.001796,0.114917,0.294998,0.448511,,1400,,
9,9,,0.007756,0.066604,0.015835,0.100571,0.023332,0.17605,0.083581,0.012709,0.089857,0.423706,,1400,,
9,9,,0.003047,0.209697,0.007647,0.041898,0.171306,0.055514,0.019249,0.032193,0.036946,0.422502,,1300,,
9,0,,0.619509,0.006014,0.004739,0.002006,0.043415,0.008793,0.000313,0.021327,0.005192,0.288692,,1500,,
9,9,,0.005032,0.006186,0.02319,0.217738,0.005452,0.118035,0.015758,0.005163,0.088913,0.514534,,1400,,
9,9,,0.157058,0.007178,0.024562,0.018265,0.003572,0.084261,0.007913,0.013476,0.066761,0.616954,,1400,,
9,9,,0.213046,0.068024,0.014762,0.007425,0.013455,0.110613,0.036941,0.029198,0.059382,0.447153,,1400,,
9,9,,0.018414,0.04789,0.116576,0.006633,0.068154,0.011137,0.001372,0.009797,0.028481,0.691546,,1300,,
9,9,,0.005824,0.018665,0.017663,0.037801,0.052371,0.040516,0.001214,0.02624,0.118581,0.681125,,1500,,
9,9,,0.006988,0.031416,0.018072,0.004644,0.008001,0.033734,0.00137,0.042321,0.181684,0.67177,,1400,,
9,9,,0.007879,0.00386,0.016825,0.070794,0.000668,0.073785,0.006146,0.001602,0.246385,0.572058,,1400,,
9,9,,0.010073,0.01418,0.045742,0.0304,0.007892,0.151752,0.013528,0.047733,0.141396,0.537304,,1400,,
9,9,,0.002578,0.025393,0.014601,0.118276,0.05219,0.04853,0.004732,0.017052,0.047668,0.668981,,1300,,
9,3,,0.000333,0.128514,0.078383,0.42077,0.017476,0.0086,0.001478,0.072045,0.126905,0.145495,,1400,,
9,0,,0.690095,0.00073,0.004359,0.030209,0.003579,0.019001,0.001387,0.000798,0.006957,0.242886,,2000,,
9,9,,0.073884,0.027058,0.014201,0.009111,0.031401,0.031814,0.002182,0.040875,0.032867,0.736606,,2000,,
9,9,,0.040983,0.013106,0.007994,0.072459,0.024086,0.027475,0.002822,0.004909,0.022948,0.78322,,1300,,
9,9,,0.018414,0.04789,0.116576,0.006633,0.068154,0.011137,0.001372,0.009797,0.028481,0.691546,,1300,,
9,9,,0.264591,0.018239,0.066664,0.002502,0.161474,0.005275,0.000337,0.00876,0.00771,0.464449,,1400,,
9,9,,0.003165,0.012611,0.219393,0.005795,0.001689,0.026742,0.002672,0.002859,0.273428,0.451646,,1500,,
9,9,,0.073884,0.027058,0.014201,0.009111,0.031401,0.031814,0.002182,0.040875,0.032867,0.736606,,1500,,