semeion,J48,test,4,NANOSECONDS,PREDICTIONS, Generated by ClassifierExperiments.java on 2022-05-16 13:07:23.    SYSTEMPROPERTIES:{user.name:matth,os.arch:amd64,os.name:Windows 10},ENDSYSTEMPROPERTIES
No parameter info
0.6904024767801857,2106832900,153800,-1,34006336,10,,-1,-1
0,0,,0.86197,0.001014,0.000903,0.00091,0.085962,0.000754,0.002242,0.00075,0.007033,0.038462,,2900,,
0,0,,0.966043,0.000171,0.00071,0.001019,0.004764,0.001002,0.005607,0.00014,0.007588,0.012957,,800,,
0,0,,0.978002,0.000235,0.000761,0.000061,0.003352,0.000824,0.002177,0.000609,0.005838,0.008141,,1000,,
0,8,,0.029249,0.004514,0.016132,0.027942,0.033235,0.030628,0.224508,0.002687,0.465428,0.165675,,700,,
0,0,,0.836371,0.00672,0.00354,0.000111,0.013723,0.003941,0.023608,0.006466,0.078151,0.027369,,800,,
0,0,,0.624073,0.001109,0.008495,0.001048,0.146881,0.054804,0.127672,0.018668,0.010725,0.006525,,500,,
0,0,,0.966043,0.000171,0.00071,0.001019,0.004764,0.001002,0.005607,0.00014,0.007588,0.012957,,400,,
0,9,,0.327475,0.002515,0.018889,0.064643,0.005124,0.029771,0.002697,0.005271,0.086396,0.45722,,500,,
0,0,,0.809993,0.002524,0.026145,0.058228,0.008168,0.000525,0.005184,0.00293,0.074193,0.01211,,500,,
0,0,,0.978002,0.000235,0.000761,0.000061,0.003352,0.000824,0.002177,0.000609,0.005838,0.008141,,500,,
0,0,,0.978002,0.000235,0.000761,0.000061,0.003352,0.000824,0.002177,0.000609,0.005838,0.008141,,400,,
0,0,,0.586959,0.004759,0.013029,0.001212,0.013436,0.020382,0.068912,0.004536,0.198532,0.088243,,500,,
0,0,,0.586959,0.004759,0.013029,0.001212,0.013436,0.020382,0.068912,0.004536,0.198532,0.088243,,500,,
0,0,,0.966043,0.000171,0.00071,0.001019,0.004764,0.001002,0.005607,0.00014,0.007588,0.012957,,600,,
0,0,,0.86197,0.001014,0.000903,0.00091,0.085962,0.000754,0.002242,0.00075,0.007033,0.038462,,400,,
0,8,,0.002761,0.001546,0.020141,0.021325,0.007007,0.011666,0.043891,0.001738,0.811781,0.078144,,800,,
0,0,,0.461719,0.006475,0.00287,0.011294,0.065423,0.008768,0.000823,0.006508,0.006849,0.429269,,400,,
0,0,,0.966043,0.000171,0.00071,0.001019,0.004764,0.001002,0.005607,0.00014,0.007588,0.012957,,600,,
0,0,,0.966043,0.000171,0.00071,0.001019,0.004764,0.001002,0.005607,0.00014,0.007588,0.012957,,400,,
0,0,,0.966043,0.000171,0.00071,0.001019,0.004764,0.001002,0.005607,0.00014,0.007588,0.012957,,300,,
0,0,,0.966043,0.000171,0.00071,0.001019,0.004764,0.001002,0.005607,0.00014,0.007588,0.012957,,400,,
0,0,,0.978002,0.000235,0.000761,0.000061,0.003352,0.000824,0.002177,0.000609,0.005838,0.008141,,700,,
0,8,,0.113291,0.003333,0.033255,0.001891,0.005791,0.015872,0.027543,0.005996,0.707934,0.085093,,500,,
0,0,,0.978002,0.000235,0.000761,0.000061,0.003352,0.000824,0.002177,0.000609,0.005838,0.008141,,400,,
0,0,,0.966043,0.000171,0.00071,0.001019,0.004764,0.001002,0.005607,0.00014,0.007588,0.012957,,600,,
0,0,,0.966043,0.000171,0.00071,0.001019,0.004764,0.001002,0.005607,0.00014,0.007588,0.012957,,400,,
0,0,,0.844976,0.000736,0.008698,0.000428,0.006467,0.002874,0.003895,0.003606,0.093181,0.035138,,700,,
0,0,,0.844976,0.000736,0.008698,0.000428,0.006467,0.002874,0.003895,0.003606,0.093181,0.035138,,500,,
0,0,,0.586959,0.004759,0.013029,0.001212,0.013436,0.020382,0.068912,0.004536,0.198532,0.088243,,400,,
0,0,,0.978002,0.000235,0.000761,0.000061,0.003352,0.000824,0.002177,0.000609,0.005838,0.008141,,300,,
0,0,,0.86197,0.001014,0.000903,0.00091,0.085962,0.000754,0.002242,0.00075,0.007033,0.038462,,600,,
0,0,,0.978002,0.000235,0.000761,0.000061,0.003352,0.000824,0.002177,0.000609,0.005838,0.008141,,600,,
0,0,,0.966043,0.000171,0.00071,0.001019,0.004764,0.001002,0.005607,0.00014,0.007588,0.012957,,600,,
1,1,,0.000847,0.762294,0.126146,0.002605,0.023809,0.000639,0.000441,0.032476,0.019203,0.031541,,800,,
1,7,,0.000359,0.275646,0.02129,0.00819,0.071082,0.020587,0.00803,0.584174,0.006521,0.004121,,500,,
1,1,,0.000075,0.49857,0.194983,0.006168,0.144536,0.00588,0.003583,0.137816,0.004887,0.003502,,600,,
1,1,,0.007596,0.582765,0.024322,0.108883,0.031521,0.005147,0.004822,0.059966,0.063089,0.111889,,400,,
1,1,,0.000197,0.526569,0.017592,0.004615,0.019598,0.002658,0.001203,0.341017,0.044448,0.042104,,500,,
1,5,,0.001261,0.021688,0.054755,0.013076,0.127178,0.336872,0.008651,0.311236,0.042831,0.082453,,500,,
1,4,,0.002762,0.177854,0.027596,0.002721,0.384965,0.007292,0.090158,0.277527,0.027602,0.001522,,400,,
1,1,,0.000847,0.762294,0.126146,0.002605,0.023809,0.000639,0.000441,0.032476,0.019203,0.031541,,400,,
1,1,,0.000031,0.728295,0.123203,0.002657,0.030473,0.00058,0.00041,0.061519,0.025469,0.027361,,400,,
1,1,,0.000255,0.49584,0.168508,0.000932,0.174139,0.000217,0.004863,0.030839,0.113747,0.010662,,400,,
1,1,,0.000255,0.49584,0.168508,0.000932,0.174139,0.000217,0.004863,0.030839,0.113747,0.010662,,500,,
1,1,,0.000197,0.526569,0.017592,0.004615,0.019598,0.002658,0.001203,0.341017,0.044448,0.042104,,500,,
1,1,,0.000272,0.537569,0.022935,0.107247,0.03895,0.004518,0.004332,0.109675,0.080791,0.093712,,400,,
1,5,,0.009503,0.0068,0.021897,0.012172,0.021226,0.746815,0.070268,0.0571,0.016824,0.037395,,400,,
1,7,,0.000359,0.275646,0.02129,0.00819,0.071082,0.020587,0.00803,0.584174,0.006521,0.004121,,500,,
1,1,,0.028004,0.438644,0.066649,0.023815,0.003993,0.018296,0.015215,0.158286,0.170149,0.076948,,400,,
1,1,,0.000075,0.49857,0.194983,0.006168,0.144536,0.00588,0.003583,0.137816,0.004887,0.003502,,400,,
1,5,,0.001261,0.021688,0.054755,0.013076,0.127178,0.336872,0.008651,0.311236,0.042831,0.082453,,500,,
1,1,,0.000031,0.728295,0.123203,0.002657,0.030473,0.00058,0.00041,0.061519,0.025469,0.027361,,500,,
1,7,,0.001663,0.192721,0.069203,0.037879,0.016284,0.113177,0.083021,0.451224,0.029087,0.00574,,400,,
1,1,,0.000272,0.537569,0.022935,0.107247,0.03895,0.004518,0.004332,0.109675,0.080791,0.093712,,600,,
1,7,,0.001663,0.192721,0.069203,0.037879,0.016284,0.113177,0.083021,0.451224,0.029087,0.00574,,400,,
1,1,,0.000031,0.728295,0.123203,0.002657,0.030473,0.00058,0.00041,0.061519,0.025469,0.027361,,400,,
1,1,,0.000272,0.537569,0.022935,0.107247,0.03895,0.004518,0.004332,0.109675,0.080791,0.093712,,400,,
1,1,,0.000197,0.526569,0.017592,0.004615,0.019598,0.002658,0.001203,0.341017,0.044448,0.042104,,500,,
1,9,,0.000578,0.082787,0.125595,0.002751,0.127972,0.012341,0.001119,0.025082,0.04746,0.574315,,500,,
1,1,,0.001779,0.39883,0.026768,0.0018,0.124595,0.001105,0.015854,0.190178,0.220839,0.018253,,500,,
1,7,,0.015789,0.177695,0.130275,0.051566,0.021239,0.006274,0.000628,0.295522,0.117603,0.18341,,400,,
1,7,,0.00072,0.059992,0.103944,0.063024,0.066553,0.029822,0.002633,0.647351,0.015449,0.010513,,500,,
1,1,,0.054849,0.352842,0.029583,0.033947,0.160188,0.001711,0.050799,0.026733,0.250574,0.038775,,600,,
1,1,,0.054849,0.352842,0.029583,0.033947,0.160188,0.001711,0.050799,0.026733,0.250574,0.038775,,400,,
1,1,,0.000197,0.526569,0.017592,0.004615,0.019598,0.002658,0.001203,0.341017,0.044448,0.042104,,500,,
1,3,,0.022077,0.255578,0.049592,0.315896,0.00453,0.017748,0.031269,0.029054,0.176512,0.097745,,500,,
2,2,,0.000463,0.010429,0.619846,0.01732,0.022527,0.201131,0.015175,0.021566,0.054435,0.037107,,400,,
2,2,,0.00306,0.045082,0.778073,0.036034,0.001985,0.001976,0.000581,0.010804,0.078857,0.043549,,500,,
2,2,,0.000105,0.076075,0.667422,0.033276,0.094876,0.005971,0.000824,0.107071,0.008116,0.006263,,500,,
2,2,,0.000577,0.018371,0.651157,0.008074,0.009095,0.000421,0.004013,0.006427,0.292642,0.009222,,600,,
2,2,,0.00019,0.014876,0.382439,0.007287,0.004638,0.019389,0.001697,0.0094,0.277024,0.283061,,400,,
2,1,,0.00617,0.640428,0.02093,0.005256,0.017793,0.003397,0.001502,0.209184,0.03894,0.0564,,400,,
2,7,,0.002279,0.028638,0.23069,0.199025,0.01041,0.111935,0.018583,0.341397,0.047047,0.009996,,500,,
2,8,,0.00125,0.054658,0.190452,0.112042,0.002868,0.014439,0.002781,0.199113,0.320365,0.102033,,500,,
2,8,,0.147914,0.021064,0.144235,0.020823,0.006924,0.00321,0.01915,0.028496,0.583397,0.024788,,500,,
2,9,,0.000331,0.014658,0.020442,0.059341,0.02415,0.025619,0.001617,0.020249,0.183879,0.649715,,500,,
2,5,,0.003478,0.02159,0.352039,0.016092,0.075766,0.374431,0.055042,0.023647,0.022131,0.055785,,400,,
2,3,,0.022077,0.255578,0.049592,0.315896,0.00453,0.017748,0.031269,0.029054,0.176512,0.097745,,500,,
2,2,,0.000577,0.018371,0.651157,0.008074,0.009095,0.000421,0.004013,0.006427,0.292642,0.009222,,500,,
2,2,,0.000527,0.031899,0.562204,0.007185,0.333918,0.001375,0.006009,0.033056,0.022324,0.001503,,400,,
2,2,,0.00019,0.014876,0.382439,0.007287,0.004638,0.019389,0.001697,0.0094,0.277024,0.283061,,400,,
2,2,,0.000577,0.018371,0.651157,0.008074,0.009095,0.000421,0.004013,0.006427,0.292642,0.009222,,500,,
2,2,,0.016376,0.017256,0.279243,0.061752,0.052648,0.037027,0.194831,0.151462,0.185958,0.003447,,500,,
2,2,,0.000113,0.042747,0.754208,0.036484,0.002521,0.001783,0.000537,0.020311,0.103803,0.037493,,400,,
2,5,,0.001375,0.002638,0.039536,0.239494,0.009866,0.536337,0.05487,0.013173,0.059164,0.043547,,500,,
2,2,,0.016281,0.020115,0.69742,0.008279,0.007433,0.000484,0.004512,0.003549,0.230806,0.011121,,400,,
2,1,,0.00348,0.472836,0.363783,0.010689,0.004839,0.003114,0.004046,0.022255,0.075987,0.038971,,400,,
2,8,,0.00125,0.054658,0.190452,0.112042,0.002868,0.014439,0.002781,0.199113,0.320365,0.102033,,500,,
2,2,,0.00019,0.020714,0.84489,0.059938,0.008465,0.012785,0.003316,0.032208,0.014098,0.003397,,400,,
2,2,,0.016376,0.017256,0.279243,0.061752,0.052648,0.037027,0.194831,0.151462,0.185958,0.003447,,400,,
2,2,,0.016376,0.017256,0.279243,0.061752,0.052648,0.037027,0.194831,0.151462,0.185958,0.003447,,400,,
2,5,,0.003478,0.02159,0.352039,0.016092,0.075766,0.374431,0.055042,0.023647,0.022131,0.055785,,500,,
2,2,,0.00113,0.010331,0.846514,0.015393,0.035435,0.0035,0.028776,0.011827,0.046124,0.00097,,500,,
2,3,,0.00729,0.005677,0.117324,0.462517,0.033721,0.020283,0.226087,0.015698,0.10893,0.002473,,400,,
2,1,,0.007196,0.543349,0.180631,0.000956,0.142448,0.00025,0.005472,0.017044,0.089787,0.012868,,500,,
2,5,,0.009503,0.0068,0.021897,0.012172,0.021226,0.746815,0.070268,0.0571,0.016824,0.037395,,500,,
2,8,,0.00125,0.054658,0.190452,0.112042,0.002868,0.014439,0.002781,0.199113,0.320365,0.102033,,400,,
2,2,,0.000105,0.076075,0.667422,0.033276,0.094876,0.005971,0.000824,0.107071,0.008116,0.006263,,400,,
3,3,,0.000451,0.014594,0.06494,0.681044,0.001491,0.006419,0.002619,0.016748,0.152299,0.059395,,400,,
3,3,,0.000577,0.00536,0.055143,0.848085,0.003793,0.034884,0.012268,0.020131,0.015679,0.004079,,400,,
3,3,,0.000577,0.00536,0.055143,0.848085,0.003793,0.034884,0.012268,0.020131,0.015679,0.004079,,500,,
3,3,,0.000451,0.014594,0.06494,0.681044,0.001491,0.006419,0.002619,0.016748,0.152299,0.059395,,400,,
3,3,,0.000471,0.028963,0.064085,0.692677,0.062551,0.023971,0.004483,0.098456,0.013279,0.011065,,600,,
3,3,,0.000451,0.014594,0.06494,0.681044,0.001491,0.006419,0.002619,0.016748,0.152299,0.059395,,400,,
3,3,,0.000577,0.00536,0.055143,0.848085,0.003793,0.034884,0.012268,0.020131,0.015679,0.004079,,400,,
3,3,,0.000577,0.00536,0.055143,0.848085,0.003793,0.034884,0.012268,0.020131,0.015679,0.004079,,500,,
3,3,,0.000577,0.00536,0.055143,0.848085,0.003793,0.034884,0.012268,0.020131,0.015679,0.004079,,400,,
3,3,,0.000451,0.014594,0.06494,0.681044,0.001491,0.006419,0.002619,0.016748,0.152299,0.059395,,400,,
3,3,,0.012615,0.015834,0.068924,0.692011,0.001207,0.007319,0.002918,0.009165,0.119031,0.070976,,400,,
3,3,,0.000471,0.028963,0.064085,0.692677,0.062551,0.023971,0.004483,0.098456,0.013279,0.011065,,400,,
3,3,,0.000577,0.00536,0.055143,0.848085,0.003793,0.034884,0.012268,0.020131,0.015679,0.004079,,400,,
3,7,,0.00072,0.059992,0.103944,0.063024,0.066553,0.029822,0.002633,0.647351,0.015449,0.010513,,500,,
3,3,,0.000577,0.00536,0.055143,0.848085,0.003793,0.034884,0.012268,0.020131,0.015679,0.004079,,500,,
3,1,,0.000542,0.307857,0.030365,0.208229,0.154551,0.038282,0.031634,0.205537,0.012968,0.010035,,400,,
3,3,,0.000471,0.028963,0.064085,0.692677,0.062551,0.023971,0.004483,0.098456,0.013279,0.011065,,400,,
3,3,,0.000577,0.00536,0.055143,0.848085,0.003793,0.034884,0.012268,0.020131,0.015679,0.004079,,400,,
3,5,,0.006471,0.003422,0.014075,0.139477,0.020799,0.625844,0.124746,0.009054,0.015077,0.041035,,400,,
3,3,,0.000471,0.028963,0.064085,0.692677,0.062551,0.023971,0.004483,0.098456,0.013279,0.011065,,400,,
3,3,,0.000577,0.00536,0.055143,0.848085,0.003793,0.034884,0.012268,0.020131,0.015679,0.004079,,400,,
3,3,,0.000471,0.028963,0.064085,0.692677,0.062551,0.023971,0.004483,0.098456,0.013279,0.011065,,400,,
3,3,,0.000451,0.014594,0.06494,0.681044,0.001491,0.006419,0.002619,0.016748,0.152299,0.059395,,400,,
3,8,,0.00125,0.054658,0.190452,0.112042,0.002868,0.014439,0.002781,0.199113,0.320365,0.102033,,500,,
3,3,,0.000577,0.00536,0.055143,0.848085,0.003793,0.034884,0.012268,0.020131,0.015679,0.004079,,400,,
3,5,,0.006471,0.003422,0.014075,0.139477,0.020799,0.625844,0.124746,0.009054,0.015077,0.041035,,500,,
3,3,,0.012615,0.015834,0.068924,0.692011,0.001207,0.007319,0.002918,0.009165,0.119031,0.070976,,400,,
3,5,,0.006471,0.003422,0.014075,0.139477,0.020799,0.625844,0.124746,0.009054,0.015077,0.041035,,400,,
3,3,,0.000577,0.00536,0.055143,0.848085,0.003793,0.034884,0.012268,0.020131,0.015679,0.004079,,700,,
3,5,,0.001375,0.002638,0.039536,0.239494,0.009866,0.536337,0.05487,0.013173,0.059164,0.043547,,400,,
3,3,,0.012615,0.015834,0.068924,0.692011,0.001207,0.007319,0.002918,0.009165,0.119031,0.070976,,400,,
3,5,,0.001375,0.002638,0.039536,0.239494,0.009866,0.536337,0.05487,0.013173,0.059164,0.043547,,500,,
4,4,,0.002494,0.118708,0.023522,0.041345,0.500211,0.008104,0.212246,0.058354,0.032802,0.002215,,500,,
4,2,,0.000242,0.036152,0.462156,0.009075,0.238324,0.08867,0.003558,0.067668,0.029579,0.064576,,500,,
4,4,,0.00328,0.039379,0.120015,0.000674,0.510935,0.003223,0.009264,0.008784,0.148088,0.156358,,500,,
4,7,,0.005258,0.119575,0.010938,0.003641,0.155903,0.007321,0.002231,0.690103,0.001686,0.003343,,500,,
4,4,,0.008301,0.003076,0.093566,0.000408,0.860614,0.003396,0.003373,0.011545,0.00984,0.005881,,500,,
4,4,,0.001204,0.049549,0.173782,0.005583,0.530688,0.10929,0.008543,0.049125,0.007962,0.064274,,600,,
4,1,,0.001896,0.314135,0.026925,0.032272,0.191048,0.001449,0.044044,0.047189,0.309698,0.031344,,500,,
4,4,,0.000503,0.058108,0.066521,0.000212,0.747397,0.011756,0.066053,0.015728,0.028652,0.005069,,400,,
4,9,,0.066591,0.042674,0.012507,0.00319,0.043803,0.042336,0.002401,0.049993,0.042536,0.693968,,400,,
4,4,,0.030166,0.057525,0.010571,0.000902,0.62954,0.001934,0.018675,0.244446,0.005321,0.00092,,400,,
4,4,,0.021954,0.008729,0.012146,0.001216,0.698017,0.066937,0.106148,0.048853,0.022207,0.013794,,400,,
4,0,,0.395235,0.021238,0.012505,0.000817,0.182978,0.011567,0.020796,0.018319,0.138867,0.197678,,400,,
4,4,,0.021954,0.008729,0.012146,0.001216,0.698017,0.066937,0.106148,0.048853,0.022207,0.013794,,400,,
4,7,,0.000359,0.275646,0.02129,0.00819,0.071082,0.020587,0.00803,0.584174,0.006521,0.004121,,500,,
4,5,,0.005682,0.026941,0.018661,0.00729,0.256668,0.376317,0.018829,0.204783,0.010449,0.074381,,400,,
4,4,,0.014768,0.00434,0.007712,0.013767,0.675604,0.055409,0.186141,0.007652,0.019658,0.014951,,500,,
4,4,,0.002494,0.118708,0.023522,0.041345,0.500211,0.008104,0.212246,0.058354,0.032802,0.002215,,400,,
4,4,,0.002762,0.177854,0.027596,0.002721,0.384965,0.007292,0.090158,0.277527,0.027602,0.001522,,400,,
4,5,,0.004624,0.016207,0.014336,0.09984,0.300585,0.376909,0.03995,0.038808,0.011191,0.097551,,500,,
4,1,,0.054849,0.352842,0.029583,0.033947,0.160188,0.001711,0.050799,0.026733,0.250574,0.038775,,400,,
4,4,,0.074673,0.010484,0.008601,0.002908,0.505018,0.120055,0.004692,0.217022,0.002423,0.054124,,600,,
4,4,,0.002204,0.089853,0.060643,0.000654,0.696159,0.027144,0.003759,0.089952,0.004025,0.025605,,500,,
4,4,,0.004193,0.014332,0.019433,0.000054,0.932063,0.002377,0.010434,0.010565,0.004212,0.002338,,600,,
4,4,,0.002494,0.118708,0.023522,0.041345,0.500211,0.008104,0.212246,0.058354,0.032802,0.002215,,400,,
4,4,,0.004033,0.06673,0.062092,0.000436,0.820967,0.000354,0.005344,0.036985,0.002557,0.000502,,400,,
4,9,,0.066591,0.042674,0.012507,0.00319,0.043803,0.042336,0.002401,0.049993,0.042536,0.693968,,500,,
4,4,,0.021954,0.008729,0.012146,0.001216,0.698017,0.066937,0.106148,0.048853,0.022207,0.013794,,400,,
4,4,,0.002494,0.118708,0.023522,0.041345,0.500211,0.008104,0.212246,0.058354,0.032802,0.002215,,400,,
4,4,,0.014768,0.00434,0.007712,0.013767,0.675604,0.055409,0.186141,0.007652,0.019658,0.014951,,400,,
4,4,,0.030166,0.057525,0.010571,0.000902,0.62954,0.001934,0.018675,0.244446,0.005321,0.00092,,400,,
4,4,,0.005178,0.005521,0.035761,0.039023,0.529046,0.078388,0.135161,0.018378,0.127349,0.026193,,500,,
4,4,,0.002762,0.177854,0.027596,0.002721,0.384965,0.007292,0.090158,0.277527,0.027602,0.001522,,400,,
4,4,,0.005178,0.005521,0.035761,0.039023,0.529046,0.078388,0.135161,0.018378,0.127349,0.026193,,600,,
5,5,,0.009503,0.0068,0.021897,0.012172,0.021226,0.746815,0.070268,0.0571,0.016824,0.037395,,500,,
5,9,,0.044486,0.021738,0.007714,0.001778,0.151126,0.016823,0.000763,0.137503,0.017927,0.600142,,400,,
5,5,,0.009503,0.0068,0.021897,0.012172,0.021226,0.746815,0.070268,0.0571,0.016824,0.037395,,400,,
5,5,,0.009503,0.0068,0.021897,0.012172,0.021226,0.746815,0.070268,0.0571,0.016824,0.037395,,500,,
5,5,,0.005682,0.026941,0.018661,0.00729,0.256668,0.376317,0.018829,0.204783,0.010449,0.074381,,400,,
5,5,,0.009503,0.0068,0.021897,0.012172,0.021226,0.746815,0.070268,0.0571,0.016824,0.037395,,400,,
5,5,,0.009503,0.0068,0.021897,0.012172,0.021226,0.746815,0.070268,0.0571,0.016824,0.037395,,400,,
5,5,,0.006471,0.003422,0.014075,0.139477,0.020799,0.625844,0.124746,0.009054,0.015077,0.041035,,400,,
5,5,,0.005682,0.026941,0.018661,0.00729,0.256668,0.376317,0.018829,0.204783,0.010449,0.074381,,500,,
5,5,,0.006471,0.003422,0.014075,0.139477,0.020799,0.625844,0.124746,0.009054,0.015077,0.041035,,400,,
5,2,,0.00019,0.020714,0.84489,0.059938,0.008465,0.012785,0.003316,0.032208,0.014098,0.003397,,500,,
5,3,,0.000577,0.00536,0.055143,0.848085,0.003793,0.034884,0.012268,0.020131,0.015679,0.004079,,400,,
5,8,,0.001038,0.009376,0.047606,0.011031,0.0026,0.077394,0.004337,0.045426,0.421459,0.379735,,500,,
5,5,,0.006471,0.003422,0.014075,0.139477,0.020799,0.625844,0.124746,0.009054,0.015077,0.041035,,400,,
5,5,,0.004624,0.016207,0.014336,0.09984,0.300585,0.376909,0.03995,0.038808,0.011191,0.097551,,400,,
5,5,,0.006471,0.003422,0.014075,0.139477,0.020799,0.625844,0.124746,0.009054,0.015077,0.041035,,400,,
5,7,,0.001663,0.192721,0.069203,0.037879,0.016284,0.113177,0.083021,0.451224,0.029087,0.00574,,500,,
5,5,,0.001375,0.002638,0.039536,0.239494,0.009866,0.536337,0.05487,0.013173,0.059164,0.043547,,400,,
5,5,,0.006471,0.003422,0.014075,0.139477,0.020799,0.625844,0.124746,0.009054,0.015077,0.041035,,400,,
5,5,,0.009503,0.0068,0.021897,0.012172,0.021226,0.746815,0.070268,0.0571,0.016824,0.037395,,400,,
5,5,,0.006471,0.003422,0.014075,0.139477,0.020799,0.625844,0.124746,0.009054,0.015077,0.041035,,400,,
5,9,,0.004847,0.008922,0.015871,0.107246,0.007825,0.110264,0.025501,0.007213,0.140227,0.572084,,400,,
5,7,,0.001663,0.192721,0.069203,0.037879,0.016284,0.113177,0.083021,0.451224,0.029087,0.00574,,500,,
5,5,,0.004624,0.016207,0.014336,0.09984,0.300585,0.376909,0.03995,0.038808,0.011191,0.097551,,400,,
5,5,,0.006471,0.003422,0.014075,0.139477,0.020799,0.625844,0.124746,0.009054,0.015077,0.041035,,300,,
5,7,,0.00072,0.059992,0.103944,0.063024,0.066553,0.029822,0.002633,0.647351,0.015449,0.010513,,400,,
5,5,,0.009503,0.0068,0.021897,0.012172,0.021226,0.746815,0.070268,0.0571,0.016824,0.037395,,400,,
5,5,,0.009503,0.0068,0.021897,0.012172,0.021226,0.746815,0.070268,0.0571,0.016824,0.037395,,500,,
5,5,,0.005682,0.026941,0.018661,0.00729,0.256668,0.376317,0.018829,0.204783,0.010449,0.074381,,400,,
5,5,,0.006471,0.003422,0.014075,0.139477,0.020799,0.625844,0.124746,0.009054,0.015077,0.041035,,500,,
5,5,,0.006471,0.003422,0.014075,0.139477,0.020799,0.625844,0.124746,0.009054,0.015077,0.041035,,400,,
5,5,,0.006471,0.003422,0.014075,0.139477,0.020799,0.625844,0.124746,0.009054,0.015077,0.041035,,300,,
6,6,,0.014961,0.007787,0.255098,0.002989,0.229393,0.074147,0.345463,0.00628,0.052365,0.011517,,500,,
6,6,,0.005253,0.010547,0.011086,0.000613,0.039538,0.106246,0.718558,0.02418,0.080079,0.0039,,500,,
6,4,,0.014768,0.00434,0.007712,0.013767,0.675604,0.055409,0.186141,0.007652,0.019658,0.014951,,500,,
6,6,,0.025739,0.001141,0.00943,0.023952,0.058222,0.114585,0.723891,0.002223,0.032984,0.007833,,400,,
6,6,,0.003971,0.02852,0.026274,0.065713,0.039378,0.015309,0.754012,0.015489,0.050275,0.00106,,400,,
6,6,,0.025739,0.001141,0.00943,0.023952,0.058222,0.114585,0.723891,0.002223,0.032984,0.007833,,400,,
6,6,,0.007805,0.075851,0.054717,0.007677,0.053796,0.024454,0.56855,0.13076,0.075098,0.001293,,500,,
6,6,,0.025739,0.001141,0.00943,0.023952,0.058222,0.114585,0.723891,0.002223,0.032984,0.007833,,400,,
6,6,,0.002375,0.003524,0.004731,0.00466,0.02572,0.059108,0.846856,0.002545,0.047641,0.002841,,500,,
6,4,,0.014768,0.00434,0.007712,0.013767,0.675604,0.055409,0.186141,0.007652,0.019658,0.014951,,400,,
6,6,,0.005253,0.010547,0.011086,0.000613,0.039538,0.106246,0.718558,0.02418,0.080079,0.0039,,400,,
6,6,,0.002375,0.003524,0.004731,0.00466,0.02572,0.059108,0.846856,0.002545,0.047641,0.002841,,500,,
6,6,,0.001759,0.030641,0.163084,0.000741,0.129136,0.048742,0.515025,0.009163,0.096386,0.005324,,400,,
6,6,,0.002375,0.003524,0.004731,0.00466,0.02572,0.059108,0.846856,0.002545,0.047641,0.002841,,400,,
6,5,,0.001375,0.002638,0.039536,0.239494,0.009866,0.536337,0.05487,0.013173,0.059164,0.043547,,500,,
6,6,,0.025739,0.001141,0.00943,0.023952,0.058222,0.114585,0.723891,0.002223,0.032984,0.007833,,500,,
6,6,,0.052589,0.003155,0.020412,0.002909,0.082675,0.190251,0.567357,0.019509,0.051211,0.009932,,500,,
6,4,,0.00276,0.009521,0.067084,0.000552,0.855934,0.011529,0.028564,0.00695,0.010036,0.007069,,400,,
6,6,,0.014961,0.007787,0.255098,0.002989,0.229393,0.074147,0.345463,0.00628,0.052365,0.011517,,400,,
6,6,,0.007805,0.075851,0.054717,0.007677,0.053796,0.024454,0.56855,0.13076,0.075098,0.001293,,500,,
6,6,,0.005253,0.010547,0.011086,0.000613,0.039538,0.106246,0.718558,0.02418,0.080079,0.0039,,500,,
6,6,,0.025739,0.001141,0.00943,0.023952,0.058222,0.114585,0.723891,0.002223,0.032984,0.007833,,400,,
6,4,,0.002239,0.022014,0.006356,0.0044,0.490323,0.046958,0.35776,0.014392,0.046649,0.00891,,500,,
6,6,,0.002375,0.003524,0.004731,0.00466,0.02572,0.059108,0.846856,0.002545,0.047641,0.002841,,500,,
6,6,,0.002375,0.003524,0.004731,0.00466,0.02572,0.059108,0.846856,0.002545,0.047641,0.002841,,500,,
6,6,,0.005253,0.010547,0.011086,0.000613,0.039538,0.106246,0.718558,0.02418,0.080079,0.0039,,500,,
6,6,,0.001759,0.030641,0.163084,0.000741,0.129136,0.048742,0.515025,0.009163,0.096386,0.005324,,400,,
6,6,,0.025739,0.001141,0.00943,0.023952,0.058222,0.114585,0.723891,0.002223,0.032984,0.007833,,400,,
6,6,,0.007805,0.075851,0.054717,0.007677,0.053796,0.024454,0.56855,0.13076,0.075098,0.001293,,400,,
6,6,,0.025739,0.001141,0.00943,0.023952,0.058222,0.114585,0.723891,0.002223,0.032984,0.007833,,500,,
6,6,,0.007805,0.075851,0.054717,0.007677,0.053796,0.024454,0.56855,0.13076,0.075098,0.001293,,400,,
6,6,,0.002375,0.003524,0.004731,0.00466,0.02572,0.059108,0.846856,0.002545,0.047641,0.002841,,600,,
6,4,,0.002494,0.118708,0.023522,0.041345,0.500211,0.008104,0.212246,0.058354,0.032802,0.002215,,400,,
7,7,,0.000359,0.275646,0.02129,0.00819,0.071082,0.020587,0.00803,0.584174,0.006521,0.004121,,500,,
7,7,,0.001663,0.192721,0.069203,0.037879,0.016284,0.113177,0.083021,0.451224,0.029087,0.00574,,500,,
7,6,,0.007805,0.075851,0.054717,0.007677,0.053796,0.024454,0.56855,0.13076,0.075098,0.001293,,500,,
7,7,,0.00072,0.059992,0.103944,0.063024,0.066553,0.029822,0.002633,0.647351,0.015449,0.010513,,500,,
7,4,,0.005672,0.039608,0.137863,0.021426,0.368811,0.010809,0.030244,0.314687,0.066907,0.003973,,400,,
7,8,,0.002375,0.109955,0.010753,0.000285,0.18157,0.009521,0.039729,0.069728,0.466911,0.109174,,500,,
7,7,,0.015789,0.177695,0.130275,0.051566,0.021239,0.006274,0.000628,0.295522,0.117603,0.18341,,400,,
7,7,,0.000465,0.134893,0.101097,0.041798,0.021598,0.004532,0.000464,0.444801,0.123935,0.126416,,500,,
7,8,,0.00125,0.054658,0.190452,0.112042,0.002868,0.014439,0.002781,0.199113,0.320365,0.102033,,400,,
7,7,,0.000359,0.275646,0.02129,0.00819,0.071082,0.020587,0.00803,0.584174,0.006521,0.004121,,500,,
7,7,,0.00072,0.059992,0.103944,0.063024,0.066553,0.029822,0.002633,0.647351,0.015449,0.010513,,400,,
7,1,,0.001779,0.39883,0.026768,0.0018,0.124595,0.001105,0.015854,0.190178,0.220839,0.018253,,500,,
7,5,,0.001425,0.034121,0.017853,0.003849,0.01524,0.626121,0.133604,0.106245,0.039494,0.022047,,500,,
7,4,,0.007113,0.010261,0.05204,0.003186,0.505026,0.087495,0.071215,0.108416,0.132923,0.022327,,500,,
7,7,,0.000359,0.275646,0.02129,0.00819,0.071082,0.020587,0.00803,0.584174,0.006521,0.004121,,500,,
7,8,,0.00125,0.054658,0.190452,0.112042,0.002868,0.014439,0.002781,0.199113,0.320365,0.102033,,400,,
7,5,,0.001261,0.021688,0.054755,0.013076,0.127178,0.336872,0.008651,0.311236,0.042831,0.082453,,500,,
7,7,,0.000359,0.275646,0.02129,0.00819,0.071082,0.020587,0.00803,0.584174,0.006521,0.004121,,400,,
7,7,,0.000359,0.275646,0.02129,0.00819,0.071082,0.020587,0.00803,0.584174,0.006521,0.004121,,400,,
7,7,,0.002279,0.028638,0.23069,0.199025,0.01041,0.111935,0.018583,0.341397,0.047047,0.009996,,500,,
7,7,,0.000359,0.275646,0.02129,0.00819,0.071082,0.020587,0.00803,0.584174,0.006521,0.004121,,500,,
7,7,,0.00072,0.059992,0.103944,0.063024,0.066553,0.029822,0.002633,0.647351,0.015449,0.010513,,600,,
7,7,,0.00072,0.059992,0.103944,0.063024,0.066553,0.029822,0.002633,0.647351,0.015449,0.010513,,400,,
7,7,,0.00072,0.059992,0.103944,0.063024,0.066553,0.029822,0.002633,0.647351,0.015449,0.010513,,400,,
7,6,,0.007805,0.075851,0.054717,0.007677,0.053796,0.024454,0.56855,0.13076,0.075098,0.001293,,600,,
7,7,,0.000359,0.275646,0.02129,0.00819,0.071082,0.020587,0.00803,0.584174,0.006521,0.004121,,400,,
7,2,,0.016376,0.017256,0.279243,0.061752,0.052648,0.037027,0.194831,0.151462,0.185958,0.003447,,500,,
7,3,,0.001206,0.10333,0.047384,0.462356,0.016997,0.101032,0.157001,0.076215,0.027768,0.006709,,500,,
7,7,,0.00072,0.059992,0.103944,0.063024,0.066553,0.029822,0.002633,0.647351,0.015449,0.010513,,500,,
7,7,,0.002279,0.028638,0.23069,0.199025,0.01041,0.111935,0.018583,0.341397,0.047047,0.009996,,400,,
7,7,,0.00072,0.059992,0.103944,0.063024,0.066553,0.029822,0.002633,0.647351,0.015449,0.010513,,400,,
7,7,,0.001663,0.192721,0.069203,0.037879,0.016284,0.113177,0.083021,0.451224,0.029087,0.00574,,500,,
8,8,,0.113291,0.003333,0.033255,0.001891,0.005791,0.015872,0.027543,0.005996,0.707934,0.085093,,500,,
8,0,,0.586959,0.004759,0.013029,0.001212,0.013436,0.020382,0.068912,0.004536,0.198532,0.088243,,400,,
8,8,,0.029249,0.004514,0.016132,0.027942,0.033235,0.030628,0.224508,0.002687,0.465428,0.165675,,500,,
8,9,,0.028876,0.010131,0.05032,0.011162,0.002097,0.087883,0.004812,0.024756,0.328045,0.451917,,400,,
8,8,,0.096795,0.010188,0.08909,0.229276,0.00652,0.002585,0.03267,0.004342,0.502397,0.026138,,500,,
8,4,,0.059609,0.012325,0.050809,0.006834,0.580254,0.002757,0.006027,0.266665,0.012409,0.002311,,400,,
8,0,,0.468917,0.00281,0.009824,0.016291,0.015445,0.020038,0.143518,0.000844,0.208718,0.113596,,700,,
8,8,,0.226639,0.015944,0.220993,0.00169,0.0506,0.010782,0.056951,0.001982,0.275532,0.138887,,600,,
8,8,,0.113291,0.003333,0.033255,0.001891,0.005791,0.015872,0.027543,0.005996,0.707934,0.085093,,400,,
8,7,,0.001663,0.192721,0.069203,0.037879,0.016284,0.113177,0.083021,0.451224,0.029087,0.00574,,500,,
8,9,,0.00068,0.004542,0.029448,0.121637,0.002452,0.062416,0.007409,0.006932,0.363476,0.40101,,600,,
8,8,,0.004743,0.160416,0.050056,0.004789,0.016421,0.003495,0.09429,0.084507,0.566661,0.014624,,400,,
8,8,,0.01527,0.025829,0.280673,0.000922,0.15398,0.00247,0.003561,0.005486,0.356272,0.155536,,400,,
8,8,,0.038231,0.064929,0.221311,0.124645,0.002543,0.018024,0.003392,0.119295,0.274135,0.133494,,400,,
8,8,,0.083997,0.001826,0.023273,0.02359,0.006178,0.014482,0.053236,0.001035,0.69072,0.101662,,600,,
8,0,,0.468917,0.00281,0.009824,0.016291,0.015445,0.020038,0.143518,0.000844,0.208718,0.113596,,600,,
8,2,,0.016281,0.020115,0.69742,0.008279,0.007433,0.000484,0.004512,0.003549,0.230806,0.011121,,600,,
8,8,,0.01527,0.025829,0.280673,0.000922,0.15398,0.00247,0.003561,0.005486,0.356272,0.155536,,400,,
8,8,,0.002761,0.001546,0.020141,0.021325,0.007007,0.011666,0.043891,0.001738,0.811781,0.078144,,400,,
8,2,,0.000357,0.07525,0.573683,0.004999,0.113691,0.000219,0.001112,0.02383,0.187896,0.018964,,400,,
8,8,,0.113291,0.003333,0.033255,0.001891,0.005791,0.015872,0.027543,0.005996,0.707934,0.085093,,400,,
8,3,,0.009305,0.077404,0.07247,0.511355,0.018011,0.00455,0.000965,0.040553,0.091209,0.17418,,600,,
8,8,,0.147914,0.021064,0.144235,0.020823,0.006924,0.00321,0.01915,0.028496,0.583397,0.024788,,500,,
8,7,,0.000465,0.134893,0.101097,0.041798,0.021598,0.004532,0.000464,0.444801,0.123935,0.126416,,500,,
8,2,,0.001474,0.124267,0.453909,0.005237,0.09908,0.006326,0.229797,0.027942,0.050973,0.000995,,400,,
8,8,,0.147914,0.021064,0.144235,0.020823,0.006924,0.00321,0.01915,0.028496,0.583397,0.024788,,400,,
8,8,,0.003348,0.009075,0.081125,0.218075,0.00778,0.002191,0.02834,0.007668,0.621258,0.02114,,500,,
8,9,,0.028876,0.010131,0.05032,0.011162,0.002097,0.087883,0.004812,0.024756,0.328045,0.451917,,500,,
8,0,,0.468917,0.00281,0.009824,0.016291,0.015445,0.020038,0.143518,0.000844,0.208718,0.113596,,500,,
8,8,,0.001038,0.009376,0.047606,0.011031,0.0026,0.077394,0.004337,0.045426,0.421459,0.379735,,400,,
8,6,,0.014552,0.003168,0.074695,0.006506,0.051088,0.212394,0.325095,0.036978,0.261795,0.01373,,500,,
9,9,,0.045274,0.021444,0.008026,0.036491,0.04285,0.03542,0.004256,0.007914,0.038056,0.760267,,600,,
9,9,,0.045274,0.021444,0.008026,0.036491,0.04285,0.03542,0.004256,0.007914,0.038056,0.760267,,400,,
9,3,,0.000577,0.00536,0.055143,0.848085,0.003793,0.034884,0.012268,0.020131,0.015679,0.004079,,600,,
9,9,,0.166218,0.016074,0.021902,0.007948,0.005406,0.125385,0.013375,0.020804,0.10221,0.520677,,400,,
9,9,,0.20395,0.033575,0.059013,0.001071,0.195885,0.004312,0.000299,0.013971,0.008263,0.479661,,400,,
9,9,,0.066591,0.042674,0.012507,0.00319,0.043803,0.042336,0.002401,0.049993,0.042536,0.693968,,400,,
9,9,,0.014712,0.081794,0.121386,0.002546,0.094385,0.012814,0.001136,0.012498,0.033777,0.624952,,500,,
9,9,,0.066591,0.042674,0.012507,0.00319,0.043803,0.042336,0.002401,0.049993,0.042536,0.693968,,400,,
9,5,,0.009503,0.0068,0.021897,0.012172,0.021226,0.746815,0.070268,0.0571,0.016824,0.037395,,500,,
9,0,,0.735021,0.001556,0.003206,0.017949,0.00515,0.016562,0.002924,0.001727,0.010496,0.20541,,600,,
9,9,,0.1483,0.007546,0.012193,0.029325,0.046926,0.011362,0.000547,0.014318,0.040642,0.688839,,700,,
9,9,,0.166218,0.016074,0.021902,0.007948,0.005406,0.125385,0.013375,0.020804,0.10221,0.520677,,400,,
9,9,,0.001902,0.023197,0.008876,0.04215,0.062095,0.03646,0.004484,0.016974,0.05715,0.746714,,500,,
9,5,,0.001261,0.021688,0.054755,0.013076,0.127178,0.336872,0.008651,0.311236,0.042831,0.082453,,400,,
9,0,,0.461719,0.006475,0.00287,0.011294,0.065423,0.008768,0.000823,0.006508,0.006849,0.429269,,700,,
9,9,,0.004847,0.008922,0.015871,0.107246,0.007825,0.110264,0.025501,0.007213,0.140227,0.572084,,700,,
9,3,,0.022077,0.255578,0.049592,0.315896,0.00453,0.017748,0.031269,0.029054,0.176512,0.097745,,400,,
9,9,,0.166218,0.016074,0.021902,0.007948,0.005406,0.125385,0.013375,0.020804,0.10221,0.520677,,400,,
9,9,,0.166218,0.016074,0.021902,0.007948,0.005406,0.125385,0.013375,0.020804,0.10221,0.520677,,400,,
9,9,,0.000331,0.014658,0.020442,0.059341,0.02415,0.025619,0.001617,0.020249,0.183879,0.649715,,600,,
9,8,,0.001038,0.009376,0.047606,0.011031,0.0026,0.077394,0.004337,0.045426,0.421459,0.379735,,500,,
9,5,,0.001375,0.002638,0.039536,0.239494,0.009866,0.536337,0.05487,0.013173,0.059164,0.043547,,400,,
9,8,,0.001038,0.009376,0.047606,0.011031,0.0026,0.077394,0.004337,0.045426,0.421459,0.379735,,400,,
9,9,,0.066591,0.042674,0.012507,0.00319,0.043803,0.042336,0.002401,0.049993,0.042536,0.693968,,400,,
9,9,,0.004847,0.008922,0.015871,0.107246,0.007825,0.110264,0.025501,0.007213,0.140227,0.572084,,400,,
9,9,,0.021408,0.051201,0.014477,0.03632,0.004797,0.111102,0.056939,0.007741,0.271185,0.424831,,500,,
9,9,,0.166218,0.016074,0.021902,0.007948,0.005406,0.125385,0.013375,0.020804,0.10221,0.520677,,400,,
9,9,,0.066591,0.042674,0.012507,0.00319,0.043803,0.042336,0.002401,0.049993,0.042536,0.693968,,300,,
9,3,,0.288758,0.010733,0.05533,0.480754,0.004137,0.004067,0.001267,0.016917,0.048085,0.089952,,400,,
9,9,,0.110239,0.007879,0.013711,0.088699,0.005159,0.102332,0.023125,0.003213,0.089205,0.556439,,600,,
9,9,,0.166218,0.016074,0.021902,0.007948,0.005406,0.125385,0.013375,0.020804,0.10221,0.520677,,700,,
9,9,,0.045274,0.021444,0.008026,0.036491,0.04285,0.03542,0.004256,0.007914,0.038056,0.760267,,800,,