statlog-shuttle,LADTree,test,2,NANOSECONDS,PREDICTIONS, Generated by ClassifierExperiments.java on 2022-05-17 03:23:12.    SYSTEMPROPERTIES:{user.name:matth,os.arch:amd64,os.name:Windows 10},ENDSYSTEMPROPERTIES
No parameter info
0.9987072308885633,16899709600,5163400,-1,0,7,,-1,-1
0,0,,0.995415,0.001074,0.000486,0.00148,0.001088,0.000261,0.000196,,3300,,
0,0,,0.999743,0.000029,0.000024,0.000089,0.000073,0.00002,0.000022,,500,,
0,0,,0.999743,0.000029,0.000024,0.000089,0.000073,0.00002,0.000022,,500,,
0,0,,0.999743,0.000029,0.000024,0.000089,0.000073,0.00002,0.000022,,400,,
0,0,,0.999743,0.000029,0.000024,0.000089,0.000073,0.00002,0.000022,,500,,
0,0,,0.998178,0.000011,0.000038,0.001688,0.000064,0.000018,0.000003,,1000,,
0,0,,0.999743,0.000029,0.000024,0.000089,0.000073,0.00002,0.000022,,400,,
0,0,,0.995415,0.001074,0.000486,0.00148,0.001088,0.000261,0.000196,,400,,
0,0,,0.999743,0.000029,0.000024,0.000089,0.000073,0.00002,0.000022,,400,,
0,0,,0.999743,0.000029,0.000024,0.000089,0.000073,0.00002,0.000022,,400,,
0,0,,0.999743,0.000029,0.000024,0.000089,0.000073,0.00002,0.000022,,400,,
0,0,,0.995415,0.001074,0.000486,0.00148,0.001088,0.000261,0.000196,,400,,
0,0,,0.999743,0.000029,0.000024,0.000089,0.000073,0.00002,0.000022,,400,,
0,0,,0.999743,0.000029,0.000024,0.000089,0.000073,0.00002,0.000022,,400,,
0,0,,0.999743,0.000029,0.000024,0.000089,0.000073,0.00002,0.000022,,400,,
0,0,,0.999743,0.000029,0.000024,0.000089,0.000073,0.00002,0.000022,,400,,
0,0,,0.999743,0.000029,0.000024,0.000089,0.000073,0.00002,0.000022,,600,,
0,0,,0.999743,0.000029,0.000024,0.000089,0.000073,0.00002,0.000022,,500,,
0,0,,0.999743,0.000029,0.000024,0.000089,0.000073,0.00002,0.000022,,500,,
0,0,,0.995415,0.001074,0.000486,0.00148,0.001088,0.000261,0.000196,,500,,
0,0,,0.999743,0.000029,0.000024,0.000089,0.000073,0.00002,0.000022,,500,,
0,0,,0.999743,0.000029,0.000024,0.000089,0.000073,0.00002,0.000022,,500,,
0,0,,0.999743,0.000029,0.000024,0.000089,0.000073,0.00002,0.000022,,400,,
0,0,,0.999743,0.000029,0.000024,0.000089,0.000073,0.00002,0.000022,,500,,
0,0,,0.999743,0.000029,0.000024,0.000089,0.000073,0.00002,0.000022,,500,,
0,0,,0.999743,0.000029,0.000024,0.000089,0.000073,0.00002,0.000022,,500,,
0,0,,0.999743,0.000029,0.000024,0.000089,0.000073,0.00002,0.000022,,500,,
0,0,,0.995415,0.001074,0.000486,0.00148,0.001088,0.000261,0.000196,,400,,
0,0,,0.998185,0.000051,0.000173,0.001416,0.000081,0.00008,0.000014,,500,,
0,0,,0.995415,0.001074,0.000486,0.00148,0.001088,0.000261,0.000196,,500,,
0,0,,0.999743,0.000029,0.000024,0.000089,0.000073,0.00002,0.000022,,500,,
0,0,,0.999743,0.000029,0.000024,0.000089,0.000073,0.00002,0.000022,,400,,
0,0,,0.999743,0.000029,0.000024,0.000089,0.000073,0.00002,0.000022,,400,,
0,0,,0.999743,0.000029,0.000024,0.000089,0.000073,0.00002,0.000022,,400,,
0,0,,0.999743,0.000029,0.000024,0.000089,0.000073,0.00002,0.000022,,500,,
0,0,,0.999743,0.000029,0.000024,0.000089,0.000073,0.00002,0.000022,,500,,
0,0,,0.995415,0.001074,0.000486,0.00148,0.001088,0.000261,0.000196,,500,,
0,0,,0.998178,0.000011,0.000038,0.001688,0.000064,0.000018,0.000003,,600,,
0,0,,0.999743,0.000029,0.000024,0.000089,0.000073,0.00002,0.000022,,400,,
0,0,,0.999743,0.000029,0.000024,0.000089,0.000073,0.00002,0.000022,,400,,
0,0,,0.999743,0.000029,0.000024,0.000089,0.000073,0.00002,0.000022,,400,,
0,0,,0.999743,0.000029,0.000024,0.000089,0.000073,0.00002,0.000022,,400,,
0,0,,0.999743,0.000029,0.000024,0.000089,0.000073,0.00002,0.000022,,400,,
0,0,,0.998178,0.000011,0.000038,0.001688,0.000064,0.000018,0.000003,,500,,
0,0,,0.999743,0.000029,0.000024,0.000089,0.000073,0.00002,0.000022,,400,,
0,0,,0.999743,0.000029,0.000024,0.000089,0.000073,0.00002,0.000022,,400,,
0,0,,0.995415,0.001074,0.000486,0.00148,0.001088,0.000261,0.000196,,500,,
0,0,,0.999743,0.000029,0.000024,0.000089,0.000073,0.00002,0.000022,,500,,
0,0,,0.995415,0.001074,0.000486,0.00148,0.001088,0.000261,0.000196,,500,,
0,0,,0.999743,0.000029,0.000024,0.000089,0.000073,0.00002,0.000022,,500,,
0,0,,0.999743,0.000029,0.000024,0.000089,0.000073,0.00002,0.000022,,500,,
0,0,,0.999743,0.000029,0.000024,0.000089,0.000073,0.00002,0.000022,,400,,
0,0,,0.998185,0.000051,0.000173,0.001416,0.000081,0.00008,0.000014,,500,,
0,0,,0.999743,0.000029,0.000024,0.000089,0.000073,0.00002,0.000022,,400,,
0,0,,0.999743,0.000029,0.000024,0.000089,0.000073,0.00002,0.000022,,400,,
0,0,,0.995415,0.001074,0.000486,0.00148,0.001088,0.000261,0.000196,,400,,
0,0,,0.999743,0.000029,0.000024,0.000089,0.000073,0.00002,0.000022,,400,,
0,0,,0.999743,0.000029,0.000024,0.000089,0.000073,0.00002,0.000022,,400,,
0,0,,0.995415,0.001074,0.000486,0.00148,0.001088,0.000261,0.000196,,400,,
0,0,,0.999743,0.000029,0.000024,0.000089,0.000073,0.00002,0.000022,,400,,
0,0,,0.995415,0.001074,0.000486,0.00148,0.001088,0.000261,0.000196,,400,,
0,0,,0.995415,0.001074,0.000486,0.00148,0.001088,0.000261,0.000196,,500,,
0,0,,0.995415,0.001074,0.000486,0.00148,0.001088,0.000261,0.000196,,500,,
0,0,,0.995415,0.001074,0.000486,0.00148,0.001088,0.000261,0.000196,,400,,
0,0,,0.998178,0.000011,0.000038,0.001688,0.000064,0.000018,0.000003,,500,,
0,0,,0.999743,0.000029,0.000024,0.000089,0.000073,0.00002,0.000022,,400,,
0,0,,0.995415,0.001074,0.000486,0.00148,0.001088,0.000261,0.000196,,400,,
0,0,,0.999743,0.000029,0.000024,0.000089,0.000073,0.00002,0.000022,,400,,
0,0,,0.995415,0.001074,0.000486,0.00148,0.001088,0.000261,0.000196,,500,,
0,0,,0.995415,0.001074,0.000486,0.00148,0.001088,0.000261,0.000196,,500,,
0,0,,0.999743,0.000029,0.000024,0.000089,0.000073,0.00002,0.000022,,500,,
0,0,,0.999743,0.000029,0.000024,0.000089,0.000073,0.00002,0.000022,,400,,
0,0,,0.995415,0.001074,0.000486,0.00148,0.001088,0.000261,0.000196,,400,,
0,0,,0.995415,0.001074,0.000486,0.00148,0.001088,0.000261,0.000196,,400,,
0,0,,0.999743,0.000029,0.000024,0.000089,0.000073,0.00002,0.000022,,500,,
0,0,,0.995415,0.001074,0.000486,0.00148,0.001088,0.000261,0.000196,,500,,
0,0,,0.999743,0.000029,0.000024,0.000089,0.000073,0.00002,0.000022,,500,,
0,0,,0.999743,0.000029,0.000024,0.000089,0.000073,0.00002,0.000022,,500,,
0,0,,0.998185,0.000051,0.000173,0.001416,0.000081,0.00008,0.000014,,500,,
0,0,,0.995415,0.001074,0.000486,0.00148,0.001088,0.000261,0.000196,,400,,
0,0,,0.999743,0.000029,0.000024,0.000089,0.000073,0.00002,0.000022,,400,,
0,0,,0.999743,0.000029,0.000024,0.000089,0.000073,0.00002,0.000022,,400,,
0,0,,0.999743,0.000029,0.000024,0.000089,0.000073,0.00002,0.000022,,400,,
0,0,,0.998178,0.000011,0.000038,0.001688,0.000064,0.000018,0.000003,,500,,
0,0,,0.999743,0.000029,0.000024,0.000089,0.000073,0.00002,0.000022,,500,,
0,0,,0.998178,0.000011,0.000038,0.001688,0.000064,0.000018,0.000003,,500,,
0,0,,0.999743,0.000029,0.000024,0.000089,0.000073,0.00002,0.000022,,400,,
0,0,,0.995415,0.001074,0.000486,0.00148,0.001088,0.000261,0.000196,,400,,
0,0,,0.995415,0.001074,0.000486,0.00148,0.001088,0.000261,0.000196,,400,,
0,0,,0.999743,0.000029,0.000024,0.000089,0.000073,0.00002,0.000022,,500,,
0,0,,0.999743,0.000029,0.000024,0.000089,0.000073,0.00002,0.000022,,500,,
0,0,,0.995415,0.001074,0.000486,0.00148,0.001088,0.000261,0.000196,,500,,
0,0,,0.998185,0.000051,0.000173,0.001416,0.000081,0.00008,0.000014,,500,,
0,0,,0.995415,0.001074,0.000486,0.00148,0.001088,0.000261,0.000196,,400,,
0,0,,0.999743,0.000029,0.000024,0.000089,0.000073,0.00002,0.000022,,500,,
0,0,,0.999743,0.000029,0.000024,0.000089,0.000073,0.00002,0.000022,,500,,
0,0,,0.999743,0.000029,0.000024,0.000089,0.000073,0.00002,0.000022,,400,,
0,0,,0.999743,0.000029,0.000024,0.000089,0.000073,0.00002,0.000022,,400,,
0,0,,0.999743,0.000029,0.000024,0.000089,0.000073,0.00002,0.000022,,400,,
0,0,,0.999743,0.000029,0.000024,0.000089,0.000073,0.00002,0.000022,,400,,
0,0,,0.999743,0.000029,0.000024,0.000089,0.000073,0.00002,0.000022,,400,,
0,0,,0.999743,0.000029,0.000024,0.000089,0.000073,0.00002,0.000022,,400,,
0,0,,0.995415,0.001074,0.000486,0.00148,0.001088,0.000261,0.000196,,400,,
0,0,,0.999743,0.000029,0.000024,0.000089,0.000073,0.00002,0.000022,,400,,
0,0,,0.999743,0.000029,0.000024,0.000089,0.000073,0.00002,0.000022,,400,,
0,0,,0.999743,0.000029,0.000024,0.000089,0.000073,0.00002,0.000022,,400,,
0,0,,0.999743,0.000029,0.000024,0.000089,0.000073,0.00002,0.000022,,500,,
0,0,,0.995415,0.001074,0.000486,0.00148,0.001088,0.000261,0.000196,,500,,
0,0,,0.999743,0.000029,0.000024,0.000089,0.000073,0.00002,0.000022,,500,,
0,0,,0.999743,0.000029,0.000024,0.000089,0.000073,0.00002,0.000022,,500,,
0,0,,0.999743,0.000029,0.000024,0.000089,0.000073,0.00002,0.000022,,400,,
0,0,,0.998178,0.000011,0.000038,0.001688,0.000064,0.000018,0.000003,,500,,
0,0,,0.999743,0.000029,0.000024,0.000089,0.000073,0.00002,0.000022,,400,,
0,0,,0.999743,0.000029,0.000024,0.000089,0.000073,0.00002,0.000022,,400,,
0,0,,0.999743,0.000029,0.000024,0.000089,0.000073,0.00002,0.000022,,400,,
0,0,,0.999743,0.000029,0.000024,0.000089,0.000073,0.00002,0.000022,,500,,
0,0,,0.999743,0.000029,0.000024,0.000089,0.000073,0.00002,0.000022,,500,,
0,0,,0.999743,0.000029,0.000024,0.000089,0.000073,0.00002,0.000022,,500,,
0,0,,0.998185,0.000051,0.000173,0.001416,0.000081,0.00008,0.000014,,500,,
0,0,,0.995415,0.001074,0.000486,0.00148,0.001088,0.000261,0.000196,,400,,
0,0,,0.998178,0.000011,0.000038,0.001688,0.000064,0.000018,0.000003,,400,,
0,0,,0.999743,0.000029,0.000024,0.000089,0.000073,0.00002,0.000022,,400,,
0,0,,0.999743,0.000029,0.000024,0.000089,0.000073,0.00002,0.000022,,400,,
0,0,,0.999743,0.000029,0.000024,0.000089,0.000073,0.00002,0.000022,,400,,
0,0,,0.995415,0.001074,0.000486,0.00148,0.001088,0.000261,0.000196,,400,,
0,0,,0.999743,0.000029,0.000024,0.000089,0.000073,0.00002,0.000022,,400,,
0,0,,0.999743,0.000029,0.000024,0.000089,0.000073,0.00002,0.000022,,400,,
0,0,,0.999743,0.000029,0.000024,0.000089,0.000073,0.00002,0.000022,,400,,
0,0,,0.999743,0.000029,0.000024,0.000089,0.000073,0.00002,0.000022,,400,,
0,0,,0.995415,0.001074,0.000486,0.00148,0.001088,0.000261,0.000196,,400,,
0,0,,0.998185,0.000051,0.000173,0.001416,0.000081,0.00008,0.000014,,500,,
0,0,,0.998178,0.000011,0.000038,0.001688,0.000064,0.000018,0.000003,,500,,
0,0,,0.998178,0.000011,0.000038,0.001688,0.000064,0.000018,0.000003,,500,,
0,0,,0.999743,0.000029,0.000024,0.000089,0.000073,0.00002,0.000022,,400,,
0,0,,0.999743,0.000029,0.000024,0.000089,0.000073,0.00002,0.000022,,400,,
0,0,,0.999743,0.000029,0.000024,0.000089,0.000073,0.00002,0.000022,,500,,
0,0,,0.999743,0.000029,0.000024,0.000089,0.000073,0.00002,0.000022,,500,,
0,0,,0.995415,0.001074,0.000486,0.00148,0.001088,0.000261,0.000196,,500,,
0,0,,0.999743,0.000029,0.000024,0.000089,0.000073,0.00002,0.000022,,500,,
0,0,,0.999743,0.000029,0.000024,0.000089,0.000073,0.00002,0.000022,,400,,
0,0,,0.998185,0.000051,0.000173,0.001416,0.000081,0.00008,0.000014,,500,,
0,0,,0.998185,0.000051,0.000173,0.001416,0.000081,0.00008,0.000014,,500,,
0,0,,0.998185,0.000051,0.000173,0.001416,0.000081,0.00008,0.000014,,400,,
0,0,,0.999743,0.000029,0.000024,0.000089,0.000073,0.00002,0.000022,,400,,
0,0,,0.995415,0.001074,0.000486,0.00148,0.001088,0.000261,0.000196,,400,,
0,0,,0.998178,0.000011,0.000038,0.001688,0.000064,0.000018,0.000003,,500,,
0,0,,0.998178,0.000011,0.000038,0.001688,0.000064,0.000018,0.000003,,500,,
0,0,,0.995415,0.001074,0.000486,0.00148,0.001088,0.000261,0.000196,,400,,
0,0,,0.998178,0.000011,0.000038,0.001688,0.000064,0.000018,0.000003,,400,,
0,0,,0.999743,0.000029,0.000024,0.000089,0.000073,0.00002,0.000022,,400,,
0,0,,0.999743,0.000029,0.000024,0.000089,0.000073,0.00002,0.000022,,400,,
0,0,,0.999743,0.000029,0.000024,0.000089,0.000073,0.00002,0.000022,,400,,
0,0,,0.999743,0.000029,0.000024,0.000089,0.000073,0.00002,0.000022,,400,,
0,0,,0.999743,0.000029,0.000024,0.000089,0.000073,0.00002,0.000022,,400,,
0,0,,0.999743,0.000029,0.000024,0.000089,0.000073,0.00002,0.000022,,400,,
0,0,,0.999743,0.000029,0.000024,0.000089,0.000073,0.00002,0.000022,,400,,
0,0,,0.999743,0.000029,0.000024,0.000089,0.000073,0.00002,0.000022,,500,,
0,0,,0.999743,0.000029,0.000024,0.000089,0.000073,0.00002,0.000022,,500,,
0,0,,0.995415,0.001074,0.000486,0.00148,0.001088,0.000261,0.000196,,500,,
0,0,,0.999743,0.000029,0.000024,0.000089,0.000073,0.00002,0.000022,,500,,
0,0,,0.998178,0.000011,0.000038,0.001688,0.000064,0.000018,0.000003,,500,,
0,0,,0.998178,0.000011,0.000038,0.001688,0.000064,0.000018,0.000003,,400,,
0,0,,0.998185,0.000051,0.000173,0.001416,0.000081,0.00008,0.000014,,500,,
0,0,,0.999743,0.000029,0.000024,0.000089,0.000073,0.00002,0.000022,,500,,
0,0,,0.998178,0.000011,0.000038,0.001688,0.000064,0.000018,0.000003,,500,,
0,0,,0.999743,0.000029,0.000024,0.000089,0.000073,0.00002,0.000022,,400,,
0,0,,0.999743,0.000029,0.000024,0.000089,0.000073,0.00002,0.000022,,400,,
0,0,,0.999743,0.000029,0.000024,0.000089,0.000073,0.00002,0.000022,,400,,
0,0,,0.999743,0.000029,0.000024,0.000089,0.000073,0.00002,0.000022,,400,,
0,0,,0.998178,0.000011,0.000038,0.001688,0.000064,0.000018,0.000003,,400,,
0,0,,0.999743,0.000029,0.000024,0.000089,0.000073,0.00002,0.000022,,400,,
0,0,,0.999743,0.000029,0.000024,0.000089,0.000073,0.00002,0.000022,,400,,
0,0,,0.999743,0.000029,0.000024,0.000089,0.000073,0.00002,0.000022,,400,,
0,0,,0.999743,0.000029,0.000024,0.000089,0.000073,0.00002,0.000022,,400,,
0,0,,0.995415,0.001074,0.000486,0.00148,0.001088,0.000261,0.000196,,400,,
0,0,,0.999743,0.000029,0.000024,0.000089,0.000073,0.00002,0.000022,,400,,
0,0,,0.999743,0.000029,0.000024,0.000089,0.000073,0.00002,0.000022,,400,,
0,0,,0.999743,0.000029,0.000024,0.000089,0.000073,0.00002,0.000022,,400,,
0,0,,0.999743,0.000029,0.000024,0.000089,0.000073,0.00002,0.000022,,400,,
0,0,,0.999743,0.000029,0.000024,0.000089,0.000073,0.00002,0.000022,,500,,
0,0,,0.998185,0.000051,0.000173,0.001416,0.000081,0.00008,0.000014,,500,,
0,0,,0.999743,0.000029,0.000024,0.000089,0.000073,0.00002,0.000022,,400,,
0,0,,0.998185,0.000051,0.000173,0.001416,0.000081,0.00008,0.000014,,400,,
0,0,,0.999743,0.000029,0.000024,0.000089,0.000073,0.00002,0.000022,,400,,
0,0,,0.995415,0.001074,0.000486,0.00148,0.001088,0.000261,0.000196,,400,,
0,0,,0.995415,0.001074,0.000486,0.00148,0.001088,0.000261,0.000196,,400,,
0,0,,0.998185,0.000051,0.000173,0.001416,0.000081,0.00008,0.000014,,400,,
0,0,,0.995415,0.001074,0.000486,0.00148,0.001088,0.000261,0.000196,,400,,
0,0,,0.998178,0.000011,0.000038,0.001688,0.000064,0.000018,0.000003,,500,,
0,0,,0.995415,0.001074,0.000486,0.00148,0.001088,0.000261,0.000196,,500,,
0,0,,0.998185,0.000051,0.000173,0.001416,0.000081,0.00008,0.000014,,500,,
0,0,,0.999743,0.000029,0.000024,0.000089,0.000073,0.00002,0.000022,,400,,
0,0,,0.999743,0.000029,0.000024,0.000089,0.000073,0.00002,0.000022,,400,,
0,0,,0.999743,0.000029,0.000024,0.000089,0.000073,0.00002,0.000022,,400,,
0,0,,0.999743,0.000029,0.000024,0.000089,0.000073,0.00002,0.000022,,400,,
0,0,,0.999743,0.000029,0.000024,0.000089,0.000073,0.00002,0.000022,,400,,
0,0,,0.999743,0.000029,0.000024,0.000089,0.000073,0.00002,0.000022,,400,,
0,0,,0.999743,0.000029,0.000024,0.000089,0.000073,0.00002,0.000022,,400,,
0,0,,0.999743,0.000029,0.000024,0.000089,0.000073,0.00002,0.000022,,400,,
0,0,,0.995415,0.001074,0.000486,0.00148,0.001088,0.000261,0.000196,,400,,
0,0,,0.999743,0.000029,0.000024,0.000089,0.000073,0.00002,0.000022,,400,,
0,0,,0.999743,0.000029,0.000024,0.000089,0.000073,0.00002,0.000022,,400,,
0,0,,0.999743,0.000029,0.000024,0.000089,0.000073,0.00002,0.000022,,400,,
0,0,,0.995415,0.001074,0.000486,0.00148,0.001088,0.000261,0.000196,,500,,
0,0,,0.995415,0.001074,0.000486,0.00148,0.001088,0.000261,0.000196,,500,,
0,0,,0.999743,0.000029,0.000024,0.000089,0.000073,0.00002,0.000022,,500,,
0,0,,0.999743,0.000029,0.000024,0.000089,0.000073,0.00002,0.000022,,500,,
0,0,,0.999743,0.000029,0.000024,0.000089,0.000073,0.00002,0.000022,,500,,
0,0,,0.995415,0.001074,0.000486,0.00148,0.001088,0.000261,0.000196,,500,,
0,0,,0.999743,0.000029,0.000024,0.000089,0.000073,0.00002,0.000022,,400,,
0,0,,0.999743,0.000029,0.000024,0.000089,0.000073,0.00002,0.000022,,400,,
0,0,,0.999743,0.000029,0.000024,0.000089,0.000073,0.00002,0.000022,,400,,
0,0,,0.999743,0.000029,0.000024,0.000089,0.000073,0.00002,0.000022,,400,,
0,0,,0.999743,0.000029,0.000024,0.000089,0.000073,0.00002,0.000022,,400,,
0,0,,0.998178,0.000011,0.000038,0.001688,0.000064,0.000018,0.000003,,500,,
0,0,,0.999743,0.000029,0.000024,0.000089,0.000073,0.00002,0.000022,,400,,
0,0,,0.999743,0.000029,0.000024,0.000089,0.000073,0.00002,0.000022,,400,,
0,0,,0.999743,0.000029,0.000024,0.000089,0.000073,0.00002,0.000022,,400,,
0,0,,0.999743,0.000029,0.000024,0.000089,0.000073,0.00002,0.000022,,400,,
0,0,,0.999743,0.000029,0.000024,0.000089,0.000073,0.00002,0.000022,,400,,
0,0,,0.995415,0.001074,0.000486,0.00148,0.001088,0.000261,0.000196,,400,,
0,0,,0.995415,0.001074,0.000486,0.00148,0.001088,0.000261,0.000196,,400,,
0,0,,0.999743,0.000029,0.000024,0.000089,0.000073,0.00002,0.000022,,400,,
0,0,,0.999743,0.000029,0.000024,0.000089,0.000073,0.00002,0.000022,,400,,
0,0,,0.995415,0.001074,0.000486,0.00148,0.001088,0.000261,0.000196,,400,,
0,0,,0.999743,0.000029,0.000024,0.000089,0.000073,0.00002,0.000022,,400,,
0,0,,0.998185,0.000051,0.000173,0.001416,0.000081,0.00008,0.000014,,400,,
0,0,,0.999743,0.000029,0.000024,0.000089,0.000073,0.00002,0.000022,,400,,
0,0,,0.999743,0.000029,0.000024,0.000089,0.000073,0.00002,0.000022,,400,,
0,0,,0.999743,0.000029,0.000024,0.000089,0.000073,0.00002,0.000022,,400,,
0,0,,0.999743,0.000029,0.000024,0.000089,0.000073,0.00002,0.000022,,400,,
0,0,,0.995415,0.001074,0.000486,0.00148,0.001088,0.000261,0.000196,,400,,
0,0,,0.999743,0.000029,0.000024,0.000089,0.000073,0.00002,0.000022,,500,,
0,0,,0.995415,0.001074,0.000486,0.00148,0.001088,0.000261,0.000196,,500,,
0,0,,0.998185,0.000051,0.000173,0.001416,0.000081,0.00008,0.000014,,500,,
0,0,,0.999743,0.000029,0.000024,0.000089,0.000073,0.00002,0.000022,,400,,
0,0,,0.999743,0.000029,0.000024,0.000089,0.000073,0.00002,0.000022,,500,,
0,0,,0.999743,0.000029,0.000024,0.000089,0.000073,0.00002,0.000022,,500,,
0,0,,0.999743,0.000029,0.000024,0.000089,0.000073,0.00002,0.000022,,400,,
0,0,,0.995415,0.001074,0.000486,0.00148,0.001088,0.000261,0.000196,,500,,
0,0,,0.995415,0.001074,0.000486,0.00148,0.001088,0.000261,0.000196,,400,,
0,0,,0.999743,0.000029,0.000024,0.000089,0.000073,0.00002,0.000022,,400,,
0,0,,0.998185,0.000051,0.000173,0.001416,0.000081,0.00008,0.000014,,500,,
0,0,,0.998185,0.000051,0.000173,0.001416,0.000081,0.00008,0.000014,,500,,
0,0,,0.999743,0.000029,0.000024,0.000089,0.000073,0.00002,0.000022,,400,,
0,0,,0.999743,0.000029,0.000024,0.000089,0.000073,0.00002,0.000022,,400,,
0,0,,0.999743,0.000029,0.000024,0.000089,0.000073,0.00002,0.000022,,400,,
0,0,,0.995415,0.001074,0.000486,0.00148,0.001088,0.000261,0.000196,,500,,
0,0,,0.995415,0.001074,0.000486,0.00148,0.001088,0.000261,0.000196,,400,,
0,0,,0.999743,0.000029,0.000024,0.000089,0.000073,0.00002,0.000022,,400,,
0,0,,0.995415,0.001074,0.000486,0.00148,0.001088,0.000261,0.000196,,400,,
0,0,,0.995415,0.001074,0.000486,0.00148,0.001088,0.000261,0.000196,,400,,
0,0,,0.999743,0.000029,0.000024,0.000089,0.000073,0.00002,0.000022,,400,,
0,0,,0.999743,0.000029,0.000024,0.000089,0.000073,0.00002,0.000022,,400,,
0,0,,0.995415,0.001074,0.000486,0.00148,0.001088,0.000261,0.000196,,500,,
0,0,,0.995415,0.001074,0.000486,0.00148,0.001088,0.000261,0.000196,,500,,
0,0,,0.998178,0.000011,0.000038,0.001688,0.000064,0.000018,0.000003,,500,,
0,0,,0.999743,0.000029,0.000024,0.000089,0.000073,0.00002,0.000022,,400,,
0,0,,0.999743,0.000029,0.000024,0.000089,0.000073,0.00002,0.000022,,400,,
0,0,,0.998178,0.000011,0.000038,0.001688,0.000064,0.000018,0.000003,,500,,
0,0,,0.995415,0.001074,0.000486,0.00148,0.001088,0.000261,0.000196,,500,,
0,0,,0.995415,0.001074,0.000486,0.00148,0.001088,0.000261,0.000196,,400,,
0,0,,0.999743,0.000029,0.000024,0.000089,0.000073,0.00002,0.000022,,400,,
0,0,,0.999743,0.000029,0.000024,0.000089,0.000073,0.00002,0.000022,,400,,
0,0,,0.999743,0.000029,0.000024,0.000089,0.000073,0.00002,0.000022,,400,,
0,0,,0.998178,0.000011,0.000038,0.001688,0.000064,0.000018,0.000003,,500,,
0,0,,0.998178,0.000011,0.000038,0.001688,0.000064,0.000018,0.000003,,500,,
0,0,,0.995415,0.001074,0.000486,0.00148,0.001088,0.000261,0.000196,,400,,
0,0,,0.999743,0.000029,0.000024,0.000089,0.000073,0.00002,0.000022,,400,,
0,0,,0.998178,0.000011,0.000038,0.001688,0.000064,0.000018,0.000003,,400,,
0,0,,0.999743,0.000029,0.000024,0.000089,0.000073,0.00002,0.000022,,400,,
0,0,,0.995415,0.001074,0.000486,0.00148,0.001088,0.000261,0.000196,,400,,
0,0,,0.998178,0.000011,0.000038,0.001688,0.000064,0.000018,0.000003,,400,,
0,0,,0.999743,0.000029,0.000024,0.000089,0.000073,0.00002,0.000022,,500,,
0,0,,0.995415,0.001074,0.000486,0.00148,0.001088,0.000261,0.000196,,400,,
0,0,,0.999743,0.000029,0.000024,0.000089,0.000073,0.00002,0.000022,,400,,
0,0,,0.999743,0.000029,0.000024,0.000089,0.000073,0.00002,0.000022,,400,,
0,0,,0.999743,0.000029,0.000024,0.000089,0.000073,0.00002,0.000022,,400,,
0,0,,0.999743,0.000029,0.000024,0.000089,0.000073,0.00002,0.000022,,400,,
0,0,,0.995415,0.001074,0.000486,0.00148,0.001088,0.000261,0.000196,,400,,
0,0,,0.999743,0.000029,0.000024,0.000089,0.000073,0.00002,0.000022,,400,,
0,0,,0.999743,0.000029,0.000024,0.000089,0.000073,0.00002,0.000022,,500,,
0,0,,0.998178,0.000011,0.000038,0.001688,0.000064,0.000018,0.000003,,500,,
0,0,,0.995415,0.001074,0.000486,0.00148,0.001088,0.000261,0.000196,,400,,
0,0,,0.999743,0.000029,0.000024,0.000089,0.000073,0.00002,0.000022,,400,,
0,0,,0.999743,0.000029,0.000024,0.000089,0.000073,0.00002,0.000022,,400,,
0,0,,0.999743,0.000029,0.000024,0.000089,0.000073,0.00002,0.000022,,500,,
0,0,,0.995415,0.001074,0.000486,0.00148,0.001088,0.000261,0.000196,,500,,
0,0,,0.999743,0.000029,0.000024,0.000089,0.000073,0.00002,0.000022,,500,,
0,0,,0.995415,0.001074,0.000486,0.00148,0.001088,0.000261,0.000196,,400,,
0,0,,0.998178,0.000011,0.000038,0.001688,0.000064,0.000018,0.000003,,500,,
0,0,,0.999743,0.000029,0.000024,0.000089,0.000073,0.00002,0.000022,,500,,
0,0,,0.999743,0.000029,0.000024,0.000089,0.000073,0.00002,0.000022,,400,,
0,0,,0.999743,0.000029,0.000024,0.000089,0.000073,0.00002,0.000022,,400,,
0,0,,0.998178,0.000011,0.000038,0.001688,0.000064,0.000018,0.000003,,500,,
0,0,,0.999743,0.000029,0.000024,0.000089,0.000073,0.00002,0.000022,,400,,
0,0,,0.999743,0.000029,0.000024,0.000089,0.000073,0.00002,0.000022,,400,,
0,0,,0.999743,0.000029,0.000024,0.000089,0.000073,0.00002,0.000022,,400,,
0,0,,0.995415,0.001074,0.000486,0.00148,0.001088,0.000261,0.000196,,400,,
0,0,,0.999743,0.000029,0.000024,0.000089,0.000073,0.00002,0.000022,,400,,
0,0,,0.999743,0.000029,0.000024,0.000089,0.000073,0.00002,0.000022,,400,,
0,0,,0.995415,0.001074,0.000486,0.00148,0.001088,0.000261,0.000196,,500,,
0,0,,0.999743,0.000029,0.000024,0.000089,0.000073,0.00002,0.000022,,500,,
0,0,,0.999743,0.000029,0.000024,0.000089,0.000073,0.00002,0.000022,,400,,
0,0,,0.999743,0.000029,0.000024,0.000089,0.000073,0.00002,0.000022,,400,,
0,0,,0.995415,0.001074,0.000486,0.00148,0.001088,0.000261,0.000196,,400,,
0,0,,0.999743,0.000029,0.000024,0.000089,0.000073,0.00002,0.000022,,400,,
0,0,,0.999743,0.000029,0.000024,0.000089,0.000073,0.00002,0.000022,,400,,
0,0,,0.999743,0.000029,0.000024,0.000089,0.000073,0.00002,0.000022,,400,,
0,0,,0.998178,0.000011,0.000038,0.001688,0.000064,0.000018,0.000003,,400,,
0,0,,0.998178,0.000011,0.000038,0.001688,0.000064,0.000018,0.000003,,500,,
0,0,,0.998178,0.000011,0.000038,0.001688,0.000064,0.000018,0.000003,,500,,
0,0,,0.995415,0.001074,0.000486,0.00148,0.001088,0.000261,0.000196,,400,,
0,0,,0.999743,0.000029,0.000024,0.000089,0.000073,0.00002,0.000022,,400,,
0,0,,0.999743,0.000029,0.000024,0.000089,0.000073,0.00002,0.000022,,400,,
0,0,,0.999743,0.000029,0.000024,0.000089,0.000073,0.00002,0.000022,,400,,
0,0,,0.999743,0.000029,0.000024,0.000089,0.000073,0.00002,0.000022,,400,,
0,0,,0.999743,0.000029,0.000024,0.000089,0.000073,0.00002,0.000022,,500,,
0,0,,0.995415,0.001074,0.000486,0.00148,0.001088,0.000261,0.000196,,500,,
0,0,,0.999743,0.000029,0.000024,0.000089,0.000073,0.00002,0.000022,,500,,
0,0,,0.999743,0.000029,0.000024,0.000089,0.000073,0.00002,0.000022,,500,,
0,0,,0.999743,0.000029,0.000024,0.000089,0.000073,0.00002,0.000022,,400,,
0,0,,0.999743,0.000029,0.000024,0.000089,0.000073,0.00002,0.000022,,400,,
0,0,,0.999743,0.000029,0.000024,0.000089,0.000073,0.00002,0.000022,,400,,
0,0,,0.999743,0.000029,0.000024,0.000089,0.000073,0.00002,0.000022,,400,,
0,0,,0.998178,0.000011,0.000038,0.001688,0.000064,0.000018,0.000003,,500,,
0,0,,0.995415,0.001074,0.000486,0.00148,0.001088,0.000261,0.000196,,400,,
0,0,,0.999743,0.000029,0.000024,0.000089,0.000073,0.00002,0.000022,,400,,
0,0,,0.995415,0.001074,0.000486,0.00148,0.001088,0.000261,0.000196,,400,,
0,0,,0.999743,0.000029,0.000024,0.000089,0.000073,0.00002,0.000022,,400,,
0,0,,0.998178,0.000011,0.000038,0.001688,0.000064,0.000018,0.000003,,500,,
0,0,,0.999743,0.000029,0.000024,0.000089,0.000073,0.00002,0.000022,,500,,
0,0,,0.999743,0.000029,0.000024,0.000089,0.000073,0.00002,0.000022,,400,,
0,0,,0.995415,0.001074,0.000486,0.00148,0.001088,0.000261,0.000196,,400,,
0,0,,0.999743,0.000029,0.000024,0.000089,0.000073,0.00002,0.000022,,400,,
0,0,,0.999743,0.000029,0.000024,0.000089,0.000073,0.00002,0.000022,,400,,
0,0,,0.995415,0.001074,0.000486,0.00148,0.001088,0.000261,0.000196,,400,,
0,0,,0.998178,0.000011,0.000038,0.001688,0.000064,0.000018,0.000003,,400,,
0,0,,0.999743,0.000029,0.000024,0.000089,0.000073,0.00002,0.000022,,400,,
0,0,,0.998178,0.000011,0.000038,0.001688,0.000064,0.000018,0.000003,,500,,
0,0,,0.999743,0.000029,0.000024,0.000089,0.000073,0.00002,0.000022,,500,,
0,0,,0.999743,0.000029,0.000024,0.000089,0.000073,0.00002,0.000022,,400,,
0,0,,0.995415,0.001074,0.000486,0.00148,0.001088,0.000261,0.000196,,400,,
0,0,,0.999743,0.000029,0.000024,0.000089,0.000073,0.00002,0.000022,,400,,
0,0,,0.999743,0.000029,0.000024,0.000089,0.000073,0.00002,0.000022,,400,,
0,0,,0.999743,0.000029,0.000024,0.000089,0.000073,0.00002,0.000022,,400,,
0,0,,0.995415,0.001074,0.000486,0.00148,0.001088,0.000261,0.000196,,500,,
0,0,,0.998178,0.000011,0.000038,0.001688,0.000064,0.000018,0.000003,,500,,
0,0,,0.998178,0.000011,0.000038,0.001688,0.000064,0.000018,0.000003,,500,,
0,0,,0.999743,0.000029,0.000024,0.000089,0.000073,0.00002,0.000022,,500,,
0,0,,0.999743,0.000029,0.000024,0.000089,0.000073,0.00002,0.000022,,400,,
0,0,,0.995415,0.001074,0.000486,0.00148,0.001088,0.000261,0.000196,,400,,
0,0,,0.998178,0.000011,0.000038,0.001688,0.000064,0.000018,0.000003,,500,,
0,0,,0.998178,0.000011,0.000038,0.001688,0.000064,0.000018,0.000003,,500,,
0,0,,0.999743,0.000029,0.000024,0.000089,0.000073,0.00002,0.000022,,400,,
0,0,,0.999743,0.000029,0.000024,0.000089,0.000073,0.00002,0.000022,,400,,
0,0,,0.995415,0.001074,0.000486,0.00148,0.001088,0.000261,0.000196,,400,,
0,0,,0.999743,0.000029,0.000024,0.000089,0.000073,0.00002,0.000022,,400,,
0,0,,0.999743,0.000029,0.000024,0.000089,0.000073,0.00002,0.000022,,500,,
0,0,,0.998178,0.000011,0.000038,0.001688,0.000064,0.000018,0.000003,,500,,
0,0,,0.995415,0.001074,0.000486,0.00148,0.001088,0.000261,0.000196,,400,,
0,0,,0.998178,0.000011,0.000038,0.001688,0.000064,0.000018,0.000003,,400,,
0,0,,0.999743,0.000029,0.000024,0.000089,0.000073,0.00002,0.000022,,400,,
0,0,,0.999743,0.000029,0.000024,0.000089,0.000073,0.00002,0.000022,,400,,
0,0,,0.999743,0.000029,0.000024,0.000089,0.000073,0.00002,0.000022,,400,,
0,0,,0.999743,0.000029,0.000024,0.000089,0.000073,0.00002,0.000022,,400,,
0,0,,0.999743,0.000029,0.000024,0.000089,0.000073,0.00002,0.000022,,400,,
0,0,,0.999743,0.000029,0.000024,0.000089,0.000073,0.00002,0.000022,,500,,
0,0,,0.995415,0.001074,0.000486,0.00148,0.001088,0.000261,0.000196,,400,,
0,0,,0.998178,0.000011,0.000038,0.001688,0.000064,0.000018,0.000003,,500,,
0,0,,0.998178,0.000011,0.000038,0.001688,0.000064,0.000018,0.000003,,400,,
0,0,,0.999743,0.000029,0.000024,0.000089,0.000073,0.00002,0.000022,,400,,
0,0,,0.999743,0.000029,0.000024,0.000089,0.000073,0.00002,0.000022,,400,,
0,0,,0.995415,0.001074,0.000486,0.00148,0.001088,0.000261,0.000196,,400,,
0,0,,0.999743,0.000029,0.000024,0.000089,0.000073,0.00002,0.000022,,400,,
0,0,,0.998178,0.000011,0.000038,0.001688,0.000064,0.000018,0.000003,,500,,
0,0,,0.999743,0.000029,0.000024,0.000089,0.000073,0.00002,0.000022,,500,,
0,0,,0.999743,0.000029,0.000024,0.000089,0.000073,0.00002,0.000022,,500,,
0,0,,0.999743,0.000029,0.000024,0.000089,0.000073,0.00002,0.000022,,400,,
0,0,,0.995415,0.001074,0.000486,0.00148,0.001088,0.000261,0.000196,,400,,
0,0,,0.999743,0.000029,0.000024,0.000089,0.000073,0.00002,0.000022,,400,,
0,0,,0.999743,0.000029,0.000024,0.000089,0.000073,0.00002,0.000022,,400,,
0,0,,0.998178,0.000011,0.000038,0.001688,0.000064,0.000018,0.000003,,500,,
0,0,,0.999743,0.000029,0.000024,0.000089,0.000073,0.00002,0.000022,,500,,
0,0,,0.995415,0.001074,0.000486,0.00148,0.001088,0.000261,0.000196,,400,,
0,0,,0.999743,0.000029,0.000024,0.000089,0.000073,0.00002,0.000022,,400,,
0,0,,0.999743,0.000029,0.000024,0.000089,0.000073,0.00002,0.000022,,400,,
0,0,,0.999743,0.000029,0.000024,0.000089,0.000073,0.00002,0.000022,,400,,
0,0,,0.999743,0.000029,0.000024,0.000089,0.000073,0.00002,0.000022,,400,,
0,0,,0.995415,0.001074,0.000486,0.00148,0.001088,0.000261,0.000196,,400,,
0,0,,0.999743,0.000029,0.000024,0.000089,0.000073,0.00002,0.000022,,400,,
0,0,,0.999743,0.000029,0.000024,0.000089,0.000073,0.00002,0.000022,,400,,
0,0,,0.999743,0.000029,0.000024,0.000089,0.000073,0.00002,0.000022,,500,,
0,0,,0.999743,0.000029,0.000024,0.000089,0.000073,0.00002,0.000022,,400,,
0,0,,0.999743,0.000029,0.000024,0.000089,0.000073,0.00002,0.000022,,400,,
0,0,,0.999743,0.000029,0.000024,0.000089,0.000073,0.00002,0.000022,,400,,
0,0,,0.998178,0.000011,0.000038,0.001688,0.000064,0.000018,0.000003,,500,,
0,0,,0.999743,0.000029,0.000024,0.000089,0.000073,0.00002,0.000022,,500,,
0,0,,0.999743,0.000029,0.000024,0.000089,0.000073,0.00002,0.000022,,500,,
0,0,,0.999743,0.000029,0.000024,0.000089,0.000073,0.00002,0.000022,,500,,
0,0,,0.999743,0.000029,0.000024,0.000089,0.000073,0.00002,0.000022,,400,,
0,0,,0.999743,0.000029,0.000024,0.000089,0.000073,0.00002,0.000022,,400,,
0,0,,0.998178,0.000011,0.000038,0.001688,0.000064,0.000018,0.000003,,500,,
0,0,,0.999743,0.000029,0.000024,0.000089,0.000073,0.00002,0.000022,,500,,
0,0,,0.999743,0.000029,0.000024,0.000089,0.000073,0.00002,0.000022,,500,,
0,0,,0.999743,0.000029,0.000024,0.000089,0.000073,0.00002,0.000022,,500,,
0,0,,0.999743,0.000029,0.000024,0.000089,0.000073,0.00002,0.000022,,500,,
0,0,,0.999743,0.000029,0.000024,0.000089,0.000073,0.00002,0.000022,,500,,
0,0,,0.999743,0.000029,0.000024,0.000089,0.000073,0.00002,0.000022,,500,,
0,0,,0.999743,0.000029,0.000024,0.000089,0.000073,0.00002,0.000022,,500,,
0,0,,0.999743,0.000029,0.000024,0.000089,0.000073,0.00002,0.000022,,400,,
0,0,,0.999743,0.000029,0.000024,0.000089,0.000073,0.00002,0.000022,,400,,
0,0,,0.995415,0.001074,0.000486,0.00148,0.001088,0.000261,0.000196,,400,,
0,0,,0.995415,0.001074,0.000486,0.00148,0.001088,0.000261,0.000196,,400,,
0,0,,0.999743,0.000029,0.000024,0.000089,0.000073,0.00002,0.000022,,400,,
0,0,,0.999743,0.000029,0.000024,0.000089,0.000073,0.00002,0.000022,,400,,
0,0,,0.998185,0.000051,0.000173,0.001416,0.000081,0.00008,0.000014,,400,,
0,0,,0.998178,0.000011,0.000038,0.001688,0.000064,0.000018,0.000003,,500,,
0,0,,0.999743,0.000029,0.000024,0.000089,0.000073,0.00002,0.000022,,500,,
0,0,,0.998178,0.000011,0.000038,0.001688,0.000064,0.000018,0.000003,,500,,
0,0,,0.999743,0.000029,0.000024,0.000089,0.000073,0.00002,0.000022,,400,,
0,0,,0.999743,0.000029,0.000024,0.000089,0.000073,0.00002,0.000022,,400,,
0,0,,0.995415,0.001074,0.000486,0.00148,0.001088,0.000261,0.000196,,400,,
0,0,,0.999743,0.000029,0.000024,0.000089,0.000073,0.00002,0.000022,,400,,
0,0,,0.999743,0.000029,0.000024,0.000089,0.000073,0.00002,0.000022,,400,,
0,0,,0.995415,0.001074,0.000486,0.00148,0.001088,0.000261,0.000196,,500,,
0,0,,0.998178,0.000011,0.000038,0.001688,0.000064,0.000018,0.000003,,500,,
0,0,,0.998178,0.000011,0.000038,0.001688,0.000064,0.000018,0.000003,,500,,
0,0,,0.995415,0.001074,0.000486,0.00148,0.001088,0.000261,0.000196,,500,,
0,0,,0.999743,0.000029,0.000024,0.000089,0.000073,0.00002,0.000022,,500,,
0,0,,0.999743,0.000029,0.000024,0.000089,0.000073,0.00002,0.000022,,400,,
0,0,,0.999743,0.000029,0.000024,0.000089,0.000073,0.00002,0.000022,,400,,
0,0,,0.995415,0.001074,0.000486,0.00148,0.001088,0.000261,0.000196,,400,,
0,0,,0.999743,0.000029,0.000024,0.000089,0.000073,0.00002,0.000022,,400,,
0,0,,0.999743,0.000029,0.000024,0.000089,0.000073,0.00002,0.000022,,400,,
0,0,,0.995415,0.001074,0.000486,0.00148,0.001088,0.000261,0.000196,,400,,
0,0,,0.999743,0.000029,0.000024,0.000089,0.000073,0.00002,0.000022,,400,,
0,0,,0.995415,0.001074,0.000486,0.00148,0.001088,0.000261,0.000196,,400,,
0,0,,0.999743,0.000029,0.000024,0.000089,0.000073,0.00002,0.000022,,400,,
0,0,,0.995415,0.001074,0.000486,0.00148,0.001088,0.000261,0.000196,,500,,
0,0,,0.999743,0.000029,0.000024,0.000089,0.000073,0.00002,0.000022,,400,,
0,0,,0.999743,0.000029,0.000024,0.000089,0.000073,0.00002,0.000022,,500,,
0,0,,0.999743,0.000029,0.000024,0.000089,0.000073,0.00002,0.000022,,500,,
0,0,,0.999743,0.000029,0.000024,0.000089,0.000073,0.00002,0.000022,,500,,
0,0,,0.999743,0.000029,0.000024,0.000089,0.000073,0.00002,0.000022,,500,,
0,0,,0.999743,0.000029,0.000024,0.000089,0.000073,0.00002,0.000022,,400,,
0,0,,0.998185,0.000051,0.000173,0.001416,0.000081,0.00008,0.000014,,500,,
0,0,,0.995415,0.001074,0.000486,0.00148,0.001088,0.000261,0.000196,,500,,
0,0,,0.999743,0.000029,0.000024,0.000089,0.000073,0.00002,0.000022,,500,,
0,0,,0.999743,0.000029,0.000024,0.000089,0.000073,0.00002,0.000022,,400,,
0,0,,0.999743,0.000029,0.000024,0.000089,0.000073,0.00002,0.000022,,400,,
0,0,,0.999743,0.000029,0.000024,0.000089,0.000073,0.00002,0.000022,,400,,
0,0,,0.999743,0.000029,0.000024,0.000089,0.000073,0.00002,0.000022,,400,,
0,0,,0.995415,0.001074,0.000486,0.00148,0.001088,0.000261,0.000196,,400,,
0,0,,0.995415,0.001074,0.000486,0.00148,0.001088,0.000261,0.000196,,400,,
0,0,,0.999743,0.000029,0.000024,0.000089,0.000073,0.00002,0.000022,,400,,
0,0,,0.995415,0.001074,0.000486,0.00148,0.001088,0.000261,0.000196,,400,,
0,0,,0.998185,0.000051,0.000173,0.001416,0.000081,0.00008,0.000014,,400,,
0,0,,0.999743,0.000029,0.000024,0.000089,0.000073,0.00002,0.000022,,400,,
0,0,,0.998185,0.000051,0.000173,0.001416,0.000081,0.00008,0.000014,,400,,
0,0,,0.999743,0.000029,0.000024,0.000089,0.000073,0.00002,0.000022,,400,,
0,0,,0.998178,0.000011,0.000038,0.001688,0.000064,0.000018,0.000003,,500,,
0,0,,0.999743,0.000029,0.000024,0.000089,0.000073,0.00002,0.000022,,400,,
0,0,,0.999743,0.000029,0.000024,0.000089,0.000073,0.00002,0.000022,,500,,
0,0,,0.995415,0.001074,0.000486,0.00148,0.001088,0.000261,0.000196,,500,,
0,0,,0.998178,0.000011,0.000038,0.001688,0.000064,0.000018,0.000003,,500,,
0,0,,0.999743,0.000029,0.000024,0.000089,0.000073,0.00002,0.000022,,400,,
0,0,,0.995415,0.001074,0.000486,0.00148,0.001088,0.000261,0.000196,,400,,
0,0,,0.998178,0.000011,0.000038,0.001688,0.000064,0.000018,0.000003,,500,,
0,0,,0.999743,0.000029,0.000024,0.000089,0.000073,0.00002,0.000022,,400,,
0,0,,0.995415,0.001074,0.000486,0.00148,0.001088,0.000261,0.000196,,400,,
0,0,,0.999743,0.000029,0.000024,0.000089,0.000073,0.00002,0.000022,,400,,
0,0,,0.999743,0.000029,0.000024,0.000089,0.000073,0.00002,0.000022,,400,,
0,0,,0.999743,0.000029,0.000024,0.000089,0.000073,0.00002,0.000022,,400,,
0,0,,0.999743,0.000029,0.000024,0.000089,0.000073,0.00002,0.000022,,400,,
0,0,,0.999743,0.000029,0.000024,0.000089,0.000073,0.00002,0.000022,,400,,
0,0,,0.999743,0.000029,0.000024,0.000089,0.000073,0.00002,0.000022,,400,,
0,0,,0.999743,0.000029,0.000024,0.000089,0.000073,0.00002,0.000022,,400,,
0,0,,0.995415,0.001074,0.000486,0.00148,0.001088,0.000261,0.000196,,400,,
0,0,,0.999743,0.000029,0.000024,0.000089,0.000073,0.00002,0.000022,,400,,
0,0,,0.998178,0.000011,0.000038,0.001688,0.000064,0.000018,0.000003,,400,,
0,0,,0.999743,0.000029,0.000024,0.000089,0.000073,0.00002,0.000022,,400,,
0,0,,0.998178,0.000011,0.000038,0.001688,0.000064,0.000018,0.000003,,500,,
0,0,,0.998178,0.000011,0.000038,0.001688,0.000064,0.000018,0.000003,,500,,
0,0,,0.995415,0.001074,0.000486,0.00148,0.001088,0.000261,0.000196,,400,,
0,0,,0.995415,0.001074,0.000486,0.00148,0.001088,0.000261,0.000196,,500,,
0,0,,0.999743,0.000029,0.000024,0.000089,0.000073,0.00002,0.000022,,400,,
0,0,,0.999743,0.000029,0.000024,0.000089,0.000073,0.00002,0.000022,,400,,
0,0,,0.999743,0.000029,0.000024,0.000089,0.000073,0.00002,0.000022,,500,,
0,0,,0.998185,0.000051,0.000173,0.001416,0.000081,0.00008,0.000014,,500,,
0,0,,0.999743,0.000029,0.000024,0.000089,0.000073,0.00002,0.000022,,500,,
0,0,,0.999743,0.000029,0.000024,0.000089,0.000073,0.00002,0.000022,,500,,
0,0,,0.999743,0.000029,0.000024,0.000089,0.000073,0.00002,0.000022,,400,,
0,0,,0.999743,0.000029,0.000024,0.000089,0.000073,0.00002,0.000022,,400,,
0,0,,0.999743,0.000029,0.000024,0.000089,0.000073,0.00002,0.000022,,400,,
0,0,,0.998178,0.000011,0.000038,0.001688,0.000064,0.000018,0.000003,,500,,
0,0,,0.999743,0.000029,0.000024,0.000089,0.000073,0.00002,0.000022,,500,,
0,0,,0.999743,0.000029,0.000024,0.000089,0.000073,0.00002,0.000022,,500,,
0,0,,0.999743,0.000029,0.000024,0.000089,0.000073,0.00002,0.000022,,500,,
0,0,,0.995415,0.001074,0.000486,0.00148,0.001088,0.000261,0.000196,,400,,
0,0,,0.995415,0.001074,0.000486,0.00148,0.001088,0.000261,0.000196,,400,,
0,0,,0.995415,0.001074,0.000486,0.00148,0.001088,0.000261,0.000196,,400,,
0,0,,0.999743,0.000029,0.000024,0.000089,0.000073,0.00002,0.000022,,400,,
0,0,,0.995415,0.001074,0.000486,0.00148,0.001088,0.000261,0.000196,,400,,
0,0,,0.998178,0.000011,0.000038,0.001688,0.000064,0.000018,0.000003,,500,,
0,0,,0.999743,0.000029,0.000024,0.000089,0.000073,0.00002,0.000022,,500,,
0,0,,0.999743,0.000029,0.000024,0.000089,0.000073,0.00002,0.000022,,500,,
0,0,,0.999743,0.000029,0.000024,0.000089,0.000073,0.00002,0.000022,,500,,
0,0,,0.999743,0.000029,0.000024,0.000089,0.000073,0.00002,0.000022,,400,,
0,0,,0.999743,0.000029,0.000024,0.000089,0.000073,0.00002,0.000022,,400,,
0,0,,0.999743,0.000029,0.000024,0.000089,0.000073,0.00002,0.000022,,400,,
0,0,,0.999743,0.000029,0.000024,0.000089,0.000073,0.00002,0.000022,,400,,
0,0,,0.999743,0.000029,0.000024,0.000089,0.000073,0.00002,0.000022,,400,,
0,0,,0.999743,0.000029,0.000024,0.000089,0.000073,0.00002,0.000022,,400,,
0,0,,0.755722,0.003211,0.19723,0.001742,0.000274,0.00232,0.039501,,600,,
0,0,,0.995415,0.001074,0.000486,0.00148,0.001088,0.000261,0.000196,,500,,
0,0,,0.999743,0.000029,0.000024,0.000089,0.000073,0.00002,0.000022,,500,,
0,0,,0.998178,0.000011,0.000038,0.001688,0.000064,0.000018,0.000003,,500,,
0,0,,0.998178,0.000011,0.000038,0.001688,0.000064,0.000018,0.000003,,400,,
0,0,,0.999743,0.000029,0.000024,0.000089,0.000073,0.00002,0.000022,,400,,
0,0,,0.995415,0.001074,0.000486,0.00148,0.001088,0.000261,0.000196,,400,,
0,0,,0.999743,0.000029,0.000024,0.000089,0.000073,0.00002,0.000022,,400,,
0,0,,0.999743,0.000029,0.000024,0.000089,0.000073,0.00002,0.000022,,400,,
0,0,,0.999743,0.000029,0.000024,0.000089,0.000073,0.00002,0.000022,,400,,
0,0,,0.999743,0.000029,0.000024,0.000089,0.000073,0.00002,0.000022,,400,,
0,0,,0.999743,0.000029,0.000024,0.000089,0.000073,0.00002,0.000022,,400,,
0,0,,0.999743,0.000029,0.000024,0.000089,0.000073,0.00002,0.000022,,400,,
0,0,,0.999743,0.000029,0.000024,0.000089,0.000073,0.00002,0.000022,,400,,
0,0,,0.998178,0.000011,0.000038,0.001688,0.000064,0.000018,0.000003,,400,,
0,0,,0.999743,0.000029,0.000024,0.000089,0.000073,0.00002,0.000022,,400,,
0,0,,0.998185,0.000051,0.000173,0.001416,0.000081,0.00008,0.000014,,400,,
0,0,,0.999743,0.000029,0.000024,0.000089,0.000073,0.00002,0.000022,,400,,
0,0,,0.999743,0.000029,0.000024,0.000089,0.000073,0.00002,0.000022,,400,,
0,0,,0.999743,0.000029,0.000024,0.000089,0.000073,0.00002,0.000022,,400,,
0,0,,0.999743,0.000029,0.000024,0.000089,0.000073,0.00002,0.000022,,400,,
0,0,,0.999743,0.000029,0.000024,0.000089,0.000073,0.00002,0.000022,,400,,
0,0,,0.999743,0.000029,0.000024,0.000089,0.000073,0.00002,0.000022,,400,,
0,0,,0.995415,0.001074,0.000486,0.00148,0.001088,0.000261,0.000196,,400,,
0,0,,0.999743,0.000029,0.000024,0.000089,0.000073,0.00002,0.000022,,400,,
0,0,,0.999743,0.000029,0.000024,0.000089,0.000073,0.00002,0.000022,,500,,
0,0,,0.995415,0.001074,0.000486,0.00148,0.001088,0.000261,0.000196,,400,,
0,0,,0.999743,0.000029,0.000024,0.000089,0.000073,0.00002,0.000022,,400,,
0,0,,0.999743,0.000029,0.000024,0.000089,0.000073,0.00002,0.000022,,400,,
0,0,,0.999743,0.000029,0.000024,0.000089,0.000073,0.00002,0.000022,,400,,
0,0,,0.995415,0.001074,0.000486,0.00148,0.001088,0.000261,0.000196,,400,,
0,0,,0.999743,0.000029,0.000024,0.000089,0.000073,0.00002,0.000022,,400,,
0,0,,0.999743,0.000029,0.000024,0.000089,0.000073,0.00002,0.000022,,400,,
0,0,,0.995415,0.001074,0.000486,0.00148,0.001088,0.000261,0.000196,,400,,
0,0,,0.995415,0.001074,0.000486,0.00148,0.001088,0.000261,0.000196,,400,,
0,0,,0.999743,0.000029,0.000024,0.000089,0.000073,0.00002,0.000022,,500,,
0,0,,0.998178,0.000011,0.000038,0.001688,0.000064,0.000018,0.000003,,500,,
0,0,,0.999743,0.000029,0.000024,0.000089,0.000073,0.00002,0.000022,,400,,
0,0,,0.995415,0.001074,0.000486,0.00148,0.001088,0.000261,0.000196,,400,,
0,0,,0.999743,0.000029,0.000024,0.000089,0.000073,0.00002,0.000022,,400,,
0,0,,0.999743,0.000029,0.000024,0.000089,0.000073,0.00002,0.000022,,400,,
0,0,,0.999743,0.000029,0.000024,0.000089,0.000073,0.00002,0.000022,,400,,
0,0,,0.999743,0.000029,0.000024,0.000089,0.000073,0.00002,0.000022,,500,,
0,0,,0.999743,0.000029,0.000024,0.000089,0.000073,0.00002,0.000022,,500,,
0,0,,0.995415,0.001074,0.000486,0.00148,0.001088,0.000261,0.000196,,500,,
0,0,,0.999743,0.000029,0.000024,0.000089,0.000073,0.00002,0.000022,,500,,
0,0,,0.995415,0.001074,0.000486,0.00148,0.001088,0.000261,0.000196,,500,,
0,0,,0.999743,0.000029,0.000024,0.000089,0.000073,0.00002,0.000022,,500,,
0,0,,0.999743,0.000029,0.000024,0.000089,0.000073,0.00002,0.000022,,400,,
0,0,,0.995415,0.001074,0.000486,0.00148,0.001088,0.000261,0.000196,,500,,
0,0,,0.999743,0.000029,0.000024,0.000089,0.000073,0.00002,0.000022,,400,,
0,0,,0.999743,0.000029,0.000024,0.000089,0.000073,0.00002,0.000022,,400,,
0,0,,0.995415,0.001074,0.000486,0.00148,0.001088,0.000261,0.000196,,400,,
0,0,,0.999743,0.000029,0.000024,0.000089,0.000073,0.00002,0.000022,,500,,
0,0,,0.999743,0.000029,0.000024,0.000089,0.000073,0.00002,0.000022,,500,,
0,0,,0.995415,0.001074,0.000486,0.00148,0.001088,0.000261,0.000196,,500,,
0,0,,0.999743,0.000029,0.000024,0.000089,0.000073,0.00002,0.000022,,500,,
0,0,,0.998178,0.000011,0.000038,0.001688,0.000064,0.000018,0.000003,,500,,
0,0,,0.999743,0.000029,0.000024,0.000089,0.000073,0.00002,0.000022,,400,,
0,0,,0.995415,0.001074,0.000486,0.00148,0.001088,0.000261,0.000196,,400,,
0,0,,0.995415,0.001074,0.000486,0.00148,0.001088,0.000261,0.000196,,500,,
0,0,,0.995415,0.001074,0.000486,0.00148,0.001088,0.000261,0.000196,,500,,
0,0,,0.995415,0.001074,0.000486,0.00148,0.001088,0.000261,0.000196,,500,,
0,0,,0.999743,0.000029,0.000024,0.000089,0.000073,0.00002,0.000022,,400,,
0,0,,0.998178,0.000011,0.000038,0.001688,0.000064,0.000018,0.000003,,500,,
0,0,,0.999743,0.000029,0.000024,0.000089,0.000073,0.00002,0.000022,,500,,
0,0,,0.999743,0.000029,0.000024,0.000089,0.000073,0.00002,0.000022,,500,,
0,0,,0.995415,0.001074,0.000486,0.00148,0.001088,0.000261,0.000196,,500,,
0,0,,0.995415,0.001074,0.000486,0.00148,0.001088,0.000261,0.000196,,500,,
0,0,,0.999743,0.000029,0.000024,0.000089,0.000073,0.00002,0.000022,,400,,
0,0,,0.998178,0.000011,0.000038,0.001688,0.000064,0.000018,0.000003,,500,,
0,0,,0.999743,0.000029,0.000024,0.000089,0.000073,0.00002,0.000022,,500,,
0,0,,0.999743,0.000029,0.000024,0.000089,0.000073,0.00002,0.000022,,500,,
0,0,,0.995415,0.001074,0.000486,0.00148,0.001088,0.000261,0.000196,,500,,
0,0,,0.999743,0.000029,0.000024,0.000089,0.000073,0.00002,0.000022,,400,,
0,0,,0.999743,0.000029,0.000024,0.000089,0.000073,0.00002,0.000022,,500,,
0,0,,0.999743,0.000029,0.000024,0.000089,0.000073,0.00002,0.000022,,500,,
0,0,,0.995415,0.001074,0.000486,0.00148,0.001088,0.000261,0.000196,,500,,
0,0,,0.999743,0.000029,0.000024,0.000089,0.000073,0.00002,0.000022,,500,,
0,0,,0.999743,0.000029,0.000024,0.000089,0.000073,0.00002,0.000022,,400,,
0,0,,0.999743,0.000029,0.000024,0.000089,0.000073,0.00002,0.000022,,400,,
0,0,,0.999743,0.000029,0.000024,0.000089,0.000073,0.00002,0.000022,,400,,
0,0,,0.999743,0.000029,0.000024,0.000089,0.000073,0.00002,0.000022,,400,,
0,0,,0.999743,0.000029,0.000024,0.000089,0.000073,0.00002,0.000022,,400,,
0,0,,0.998178,0.000011,0.000038,0.001688,0.000064,0.000018,0.000003,,500,,
0,0,,0.998185,0.000051,0.000173,0.001416,0.000081,0.00008,0.000014,,500,,
0,0,,0.998185,0.000051,0.000173,0.001416,0.000081,0.00008,0.000014,,400,,
0,0,,0.999743,0.000029,0.000024,0.000089,0.000073,0.00002,0.000022,,400,,
0,0,,0.999743,0.000029,0.000024,0.000089,0.000073,0.00002,0.000022,,400,,
0,0,,0.999743,0.000029,0.000024,0.000089,0.000073,0.00002,0.000022,,400,,
0,0,,0.999743,0.000029,0.000024,0.000089,0.000073,0.00002,0.000022,,400,,
0,0,,0.995415,0.001074,0.000486,0.00148,0.001088,0.000261,0.000196,,400,,
0,0,,0.999743,0.000029,0.000024,0.000089,0.000073,0.00002,0.000022,,400,,
0,0,,0.995415,0.001074,0.000486,0.00148,0.001088,0.000261,0.000196,,400,,
0,0,,0.999743,0.000029,0.000024,0.000089,0.000073,0.00002,0.000022,,500,,
0,0,,0.999743,0.000029,0.000024,0.000089,0.000073,0.00002,0.000022,,500,,
0,0,,0.995415,0.001074,0.000486,0.00148,0.001088,0.000261,0.000196,,500,,
0,0,,0.999743,0.000029,0.000024,0.000089,0.000073,0.00002,0.000022,,500,,
0,0,,0.995415,0.001074,0.000486,0.00148,0.001088,0.000261,0.000196,,500,,
0,0,,0.999743,0.000029,0.000024,0.000089,0.000073,0.00002,0.000022,,500,,
0,0,,0.995415,0.001074,0.000486,0.00148,0.001088,0.000261,0.000196,,400,,
0,0,,0.995415,0.001074,0.000486,0.00148,0.001088,0.000261,0.000196,,400,,
0,0,,0.999743,0.000029,0.000024,0.000089,0.000073,0.00002,0.000022,,400,,
0,0,,0.995415,0.001074,0.000486,0.00148,0.001088,0.000261,0.000196,,400,,
0,0,,0.995415,0.001074,0.000486,0.00148,0.001088,0.000261,0.000196,,400,,
0,0,,0.999743,0.000029,0.000024,0.000089,0.000073,0.00002,0.000022,,400,,
0,0,,0.995415,0.001074,0.000486,0.00148,0.001088,0.000261,0.000196,,400,,
0,0,,0.995415,0.001074,0.000486,0.00148,0.001088,0.000261,0.000196,,400,,
0,0,,0.995415,0.001074,0.000486,0.00148,0.001088,0.000261,0.000196,,400,,
0,0,,0.995415,0.001074,0.000486,0.00148,0.001088,0.000261,0.000196,,400,,
0,0,,0.995415,0.001074,0.000486,0.00148,0.001088,0.000261,0.000196,,400,,
0,0,,0.999743,0.000029,0.000024,0.000089,0.000073,0.00002,0.000022,,400,,
0,0,,0.998185,0.000051,0.000173,0.001416,0.000081,0.00008,0.000014,,500,,
0,0,,0.998178,0.000011,0.000038,0.001688,0.000064,0.000018,0.000003,,500,,
0,0,,0.999743,0.000029,0.000024,0.000089,0.000073,0.00002,0.000022,,400,,
0,0,,0.998178,0.000011,0.000038,0.001688,0.000064,0.000018,0.000003,,500,,
0,0,,0.999743,0.000029,0.000024,0.000089,0.000073,0.00002,0.000022,,500,,
0,0,,0.999743,0.000029,0.000024,0.000089,0.000073,0.00002,0.000022,,400,,
0,0,,0.999743,0.000029,0.000024,0.000089,0.000073,0.00002,0.000022,,400,,
0,0,,0.998178,0.000011,0.000038,0.001688,0.000064,0.000018,0.000003,,500,,
0,0,,0.999743,0.000029,0.000024,0.000089,0.000073,0.00002,0.000022,,400,,
0,0,,0.999743,0.000029,0.000024,0.000089,0.000073,0.00002,0.000022,,400,,
0,0,,0.995415,0.001074,0.000486,0.00148,0.001088,0.000261,0.000196,,400,,
0,0,,0.999743,0.000029,0.000024,0.000089,0.000073,0.00002,0.000022,,400,,
0,0,,0.998178,0.000011,0.000038,0.001688,0.000064,0.000018,0.000003,,400,,
0,0,,0.999743,0.000029,0.000024,0.000089,0.000073,0.00002,0.000022,,400,,
0,0,,0.999743,0.000029,0.000024,0.000089,0.000073,0.00002,0.000022,,400,,
0,0,,0.995415,0.001074,0.000486,0.00148,0.001088,0.000261,0.000196,,400,,
0,0,,0.999743,0.000029,0.000024,0.000089,0.000073,0.00002,0.000022,,400,,
0,0,,0.999743,0.000029,0.000024,0.000089,0.000073,0.00002,0.000022,,400,,
0,0,,0.999743,0.000029,0.000024,0.000089,0.000073,0.00002,0.000022,,400,,
0,0,,0.999743,0.000029,0.000024,0.000089,0.000073,0.00002,0.000022,,400,,
0,0,,0.999743,0.000029,0.000024,0.000089,0.000073,0.00002,0.000022,,500,,
0,0,,0.999743,0.000029,0.000024,0.000089,0.000073,0.00002,0.000022,,500,,
0,0,,0.999743,0.000029,0.000024,0.000089,0.000073,0.00002,0.000022,,400,,
0,0,,0.999743,0.000029,0.000024,0.000089,0.000073,0.00002,0.000022,,400,,
0,0,,0.995415,0.001074,0.000486,0.00148,0.001088,0.000261,0.000196,,400,,
0,0,,0.999743,0.000029,0.000024,0.000089,0.000073,0.00002,0.000022,,400,,
0,0,,0.999743,0.000029,0.000024,0.000089,0.000073,0.00002,0.000022,,400,,
0,0,,0.998178,0.000011,0.000038,0.001688,0.000064,0.000018,0.000003,,500,,
0,0,,0.995415,0.001074,0.000486,0.00148,0.001088,0.000261,0.000196,,500,,
0,0,,0.995415,0.001074,0.000486,0.00148,0.001088,0.000261,0.000196,,400,,
0,0,,0.999743,0.000029,0.000024,0.000089,0.000073,0.00002,0.000022,,400,,
0,0,,0.995415,0.001074,0.000486,0.00148,0.001088,0.000261,0.000196,,400,,
0,0,,0.995415,0.001074,0.000486,0.00148,0.001088,0.000261,0.000196,,400,,
0,0,,0.999743,0.000029,0.000024,0.000089,0.000073,0.00002,0.000022,,400,,
0,0,,0.998178,0.000011,0.000038,0.001688,0.000064,0.000018,0.000003,,400,,
0,0,,0.999743,0.000029,0.000024,0.000089,0.000073,0.00002,0.000022,,400,,
0,0,,0.999743,0.000029,0.000024,0.000089,0.000073,0.00002,0.000022,,400,,
0,0,,0.999743,0.000029,0.000024,0.000089,0.000073,0.00002,0.000022,,400,,
0,0,,0.998178,0.000011,0.000038,0.001688,0.000064,0.000018,0.000003,,400,,
0,0,,0.995415,0.001074,0.000486,0.00148,0.001088,0.000261,0.000196,,400,,
0,0,,0.999743,0.000029,0.000024,0.000089,0.000073,0.00002,0.000022,,400,,
0,0,,0.995415,0.001074,0.000486,0.00148,0.001088,0.000261,0.000196,,400,,
0,0,,0.999743,0.000029,0.000024,0.000089,0.000073,0.00002,0.000022,,400,,
0,0,,0.999743,0.000029,0.000024,0.000089,0.000073,0.00002,0.000022,,400,,
0,0,,0.995415,0.001074,0.000486,0.00148,0.001088,0.000261,0.000196,,400,,
0,0,,0.998178,0.000011,0.000038,0.001688,0.000064,0.000018,0.000003,,500,,
0,0,,0.995415,0.001074,0.000486,0.00148,0.001088,0.000261,0.000196,,400,,
0,0,,0.999743,0.000029,0.000024,0.000089,0.000073,0.00002,0.000022,,400,,
0,0,,0.999743,0.000029,0.000024,0.000089,0.000073,0.00002,0.000022,,400,,
0,0,,0.995415,0.001074,0.000486,0.00148,0.001088,0.000261,0.000196,,400,,
0,0,,0.998178,0.000011,0.000038,0.001688,0.000064,0.000018,0.000003,,500,,
0,0,,0.999743,0.000029,0.000024,0.000089,0.000073,0.00002,0.000022,,500,,
0,0,,0.999743,0.000029,0.000024,0.000089,0.000073,0.00002,0.000022,,500,,
0,0,,0.999743,0.000029,0.000024,0.000089,0.000073,0.00002,0.000022,,400,,
0,0,,0.995415,0.001074,0.000486,0.00148,0.001088,0.000261,0.000196,,400,,
0,0,,0.999743,0.000029,0.000024,0.000089,0.000073,0.00002,0.000022,,400,,
0,0,,0.999743,0.000029,0.000024,0.000089,0.000073,0.00002,0.000022,,400,,
0,0,,0.999743,0.000029,0.000024,0.000089,0.000073,0.00002,0.000022,,400,,
0,0,,0.995415,0.001074,0.000486,0.00148,0.001088,0.000261,0.000196,,400,,
0,0,,0.999743,0.000029,0.000024,0.000089,0.000073,0.00002,0.000022,,400,,
0,0,,0.998178,0.000011,0.000038,0.001688,0.000064,0.000018,0.000003,,400,,
0,0,,0.998178,0.000011,0.000038,0.001688,0.000064,0.000018,0.000003,,500,,
0,0,,0.998185,0.000051,0.000173,0.001416,0.000081,0.00008,0.000014,,500,,
0,0,,0.999743,0.000029,0.000024,0.000089,0.000073,0.00002,0.000022,,400,,
0,0,,0.999743,0.000029,0.000024,0.000089,0.000073,0.00002,0.000022,,400,,
0,0,,0.998178,0.000011,0.000038,0.001688,0.000064,0.000018,0.000003,,400,,
0,0,,0.998185,0.000051,0.000173,0.001416,0.000081,0.00008,0.000014,,500,,
0,0,,0.998185,0.000051,0.000173,0.001416,0.000081,0.00008,0.000014,,500,,
0,0,,0.999743,0.000029,0.000024,0.000089,0.000073,0.00002,0.000022,,400,,
0,0,,0.999743,0.000029,0.000024,0.000089,0.000073,0.00002,0.000022,,400,,
0,0,,0.999743,0.000029,0.000024,0.000089,0.000073,0.00002,0.000022,,400,,
0,0,,0.999743,0.000029,0.000024,0.000089,0.000073,0.00002,0.000022,,400,,
0,0,,0.999743,0.000029,0.000024,0.000089,0.000073,0.00002,0.000022,,500,,
0,0,,0.998185,0.000051,0.000173,0.001416,0.000081,0.00008,0.000014,,500,,
0,0,,0.995415,0.001074,0.000486,0.00148,0.001088,0.000261,0.000196,,500,,
0,0,,0.995415,0.001074,0.000486,0.00148,0.001088,0.000261,0.000196,,500,,
0,0,,0.999743,0.000029,0.000024,0.000089,0.000073,0.00002,0.000022,,400,,
0,0,,0.995415,0.001074,0.000486,0.00148,0.001088,0.000261,0.000196,,400,,
0,0,,0.999743,0.000029,0.000024,0.000089,0.000073,0.00002,0.000022,,400,,
0,0,,0.999743,0.000029,0.000024,0.000089,0.000073,0.00002,0.000022,,400,,
0,0,,0.999743,0.000029,0.000024,0.000089,0.000073,0.00002,0.000022,,400,,
0,0,,0.999743,0.000029,0.000024,0.000089,0.000073,0.00002,0.000022,,400,,
0,0,,0.999743,0.000029,0.000024,0.000089,0.000073,0.00002,0.000022,,400,,
0,0,,0.995415,0.001074,0.000486,0.00148,0.001088,0.000261,0.000196,,400,,
0,0,,0.998178,0.000011,0.000038,0.001688,0.000064,0.000018,0.000003,,400,,
0,0,,0.999743,0.000029,0.000024,0.000089,0.000073,0.00002,0.000022,,400,,
0,0,,0.995415,0.001074,0.000486,0.00148,0.001088,0.000261,0.000196,,400,,
0,0,,0.999743,0.000029,0.000024,0.000089,0.000073,0.00002,0.000022,,400,,
0,0,,0.999743,0.000029,0.000024,0.000089,0.000073,0.00002,0.000022,,400,,
0,0,,0.999743,0.000029,0.000024,0.000089,0.000073,0.00002,0.000022,,400,,
0,0,,0.999743,0.000029,0.000024,0.000089,0.000073,0.00002,0.000022,,400,,
0,0,,0.999743,0.000029,0.000024,0.000089,0.000073,0.00002,0.000022,,400,,
0,0,,0.999743,0.000029,0.000024,0.000089,0.000073,0.00002,0.000022,,500,,
0,0,,0.999743,0.000029,0.000024,0.000089,0.000073,0.00002,0.000022,,500,,
0,0,,0.995415,0.001074,0.000486,0.00148,0.001088,0.000261,0.000196,,400,,
0,0,,0.995415,0.001074,0.000486,0.00148,0.001088,0.000261,0.000196,,400,,
0,0,,0.999743,0.000029,0.000024,0.000089,0.000073,0.00002,0.000022,,400,,
0,0,,0.999743,0.000029,0.000024,0.000089,0.000073,0.00002,0.000022,,400,,
0,0,,0.999743,0.000029,0.000024,0.000089,0.000073,0.00002,0.000022,,400,,
0,0,,0.999743,0.000029,0.000024,0.000089,0.000073,0.00002,0.000022,,400,,
0,0,,0.995415,0.001074,0.000486,0.00148,0.001088,0.000261,0.000196,,400,,
0,0,,0.999743,0.000029,0.000024,0.000089,0.000073,0.00002,0.000022,,400,,
0,0,,0.995415,0.001074,0.000486,0.00148,0.001088,0.000261,0.000196,,400,,
0,0,,0.995415,0.001074,0.000486,0.00148,0.001088,0.000261,0.000196,,400,,
0,0,,0.998178,0.000011,0.000038,0.001688,0.000064,0.000018,0.000003,,400,,
0,0,,0.999743,0.000029,0.000024,0.000089,0.000073,0.00002,0.000022,,400,,
0,0,,0.995415,0.001074,0.000486,0.00148,0.001088,0.000261,0.000196,,400,,
0,0,,0.999743,0.000029,0.000024,0.000089,0.000073,0.00002,0.000022,,400,,
0,0,,0.999743,0.000029,0.000024,0.000089,0.000073,0.00002,0.000022,,400,,
0,0,,0.999743,0.000029,0.000024,0.000089,0.000073,0.00002,0.000022,,400,,
0,0,,0.999743,0.000029,0.000024,0.000089,0.000073,0.00002,0.000022,,500,,
0,0,,0.999743,0.000029,0.000024,0.000089,0.000073,0.00002,0.000022,,500,,
0,0,,0.999743,0.000029,0.000024,0.000089,0.000073,0.00002,0.000022,,500,,
0,0,,0.999743,0.000029,0.000024,0.000089,0.000073,0.00002,0.000022,,400,,
0,0,,0.995415,0.001074,0.000486,0.00148,0.001088,0.000261,0.000196,,400,,
0,0,,0.995415,0.001074,0.000486,0.00148,0.001088,0.000261,0.000196,,400,,
0,0,,0.999743,0.000029,0.000024,0.000089,0.000073,0.00002,0.000022,,400,,
0,0,,0.999743,0.000029,0.000024,0.000089,0.000073,0.00002,0.000022,,400,,
0,0,,0.999743,0.000029,0.000024,0.000089,0.000073,0.00002,0.000022,,400,,
0,0,,0.999743,0.000029,0.000024,0.000089,0.000073,0.00002,0.000022,,400,,
0,0,,0.999743,0.000029,0.000024,0.000089,0.000073,0.00002,0.000022,,400,,
0,0,,0.995415,0.001074,0.000486,0.00148,0.001088,0.000261,0.000196,,400,,
0,0,,0.999743,0.000029,0.000024,0.000089,0.000073,0.00002,0.000022,,400,,
0,0,,0.999743,0.000029,0.000024,0.000089,0.000073,0.00002,0.000022,,400,,
0,0,,0.999743,0.000029,0.000024,0.000089,0.000073,0.00002,0.000022,,500,,
0,0,,0.995415,0.001074,0.000486,0.00148,0.001088,0.000261,0.000196,,500,,
0,0,,0.995415,0.001074,0.000486,0.00148,0.001088,0.000261,0.000196,,400,,
0,0,,0.999743,0.000029,0.000024,0.000089,0.000073,0.00002,0.000022,,400,,
0,0,,0.999743,0.000029,0.000024,0.000089,0.000073,0.00002,0.000022,,400,,
0,0,,0.998178,0.000011,0.000038,0.001688,0.000064,0.000018,0.000003,,500,,
0,0,,0.995415,0.001074,0.000486,0.00148,0.001088,0.000261,0.000196,,400,,
0,0,,0.995415,0.001074,0.000486,0.00148,0.001088,0.000261,0.000196,,400,,
0,0,,0.999743,0.000029,0.000024,0.000089,0.000073,0.00002,0.000022,,400,,
0,0,,0.995415,0.001074,0.000486,0.00148,0.001088,0.000261,0.000196,,400,,
0,0,,0.999743,0.000029,0.000024,0.000089,0.000073,0.00002,0.000022,,400,,
0,0,,0.999743,0.000029,0.000024,0.000089,0.000073,0.00002,0.000022,,400,,
0,0,,0.999743,0.000029,0.000024,0.000089,0.000073,0.00002,0.000022,,400,,
0,0,,0.998178,0.000011,0.000038,0.001688,0.000064,0.000018,0.000003,,500,,
0,0,,0.998185,0.000051,0.000173,0.001416,0.000081,0.00008,0.000014,,500,,
0,0,,0.995415,0.001074,0.000486,0.00148,0.001088,0.000261,0.000196,,500,,
0,0,,0.998178,0.000011,0.000038,0.001688,0.000064,0.000018,0.000003,,500,,
0,0,,0.999743,0.000029,0.000024,0.000089,0.000073,0.00002,0.000022,,400,,
0,0,,0.999743,0.000029,0.000024,0.000089,0.000073,0.00002,0.000022,,500,,
0,0,,0.999743,0.000029,0.000024,0.000089,0.000073,0.00002,0.000022,,500,,
0,0,,0.998178,0.000011,0.000038,0.001688,0.000064,0.000018,0.000003,,500,,
0,0,,0.995415,0.001074,0.000486,0.00148,0.001088,0.000261,0.000196,,400,,
0,0,,0.995415,0.001074,0.000486,0.00148,0.001088,0.000261,0.000196,,400,,
0,0,,0.995415,0.001074,0.000486,0.00148,0.001088,0.000261,0.000196,,400,,
0,0,,0.995415,0.001074,0.000486,0.00148,0.001088,0.000261,0.000196,,400,,
0,0,,0.998178,0.000011,0.000038,0.001688,0.000064,0.000018,0.000003,,400,,
0,0,,0.995415,0.001074,0.000486,0.00148,0.001088,0.000261,0.000196,,400,,
0,0,,0.999743,0.000029,0.000024,0.000089,0.000073,0.00002,0.000022,,400,,
0,0,,0.999743,0.000029,0.000024,0.000089,0.000073,0.00002,0.000022,,400,,
0,0,,0.995415,0.001074,0.000486,0.00148,0.001088,0.000261,0.000196,,400,,
0,0,,0.999743,0.000029,0.000024,0.000089,0.000073,0.00002,0.000022,,400,,
0,0,,0.995415,0.001074,0.000486,0.00148,0.001088,0.000261,0.000196,,400,,
0,0,,0.998185,0.000051,0.000173,0.001416,0.000081,0.00008,0.000014,,400,,
0,0,,0.998178,0.000011,0.000038,0.001688,0.000064,0.000018,0.000003,,500,,
0,0,,0.999743,0.000029,0.000024,0.000089,0.000073,0.00002,0.000022,,500,,
0,0,,0.999743,0.000029,0.000024,0.000089,0.000073,0.00002,0.000022,,400,,
0,0,,0.999743,0.000029,0.000024,0.000089,0.000073,0.00002,0.000022,,400,,
0,0,,0.999743,0.000029,0.000024,0.000089,0.000073,0.00002,0.000022,,400,,
0,0,,0.999743,0.000029,0.000024,0.000089,0.000073,0.00002,0.000022,,500,,
0,0,,0.998178,0.000011,0.000038,0.001688,0.000064,0.000018,0.000003,,500,,
0,0,,0.999743,0.000029,0.000024,0.000089,0.000073,0.00002,0.000022,,400,,
0,0,,0.995415,0.001074,0.000486,0.00148,0.001088,0.000261,0.000196,,500,,
0,0,,0.999743,0.000029,0.000024,0.000089,0.000073,0.00002,0.000022,,500,,
0,0,,0.999743,0.000029,0.000024,0.000089,0.000073,0.00002,0.000022,,400,,
0,0,,0.995415,0.001074,0.000486,0.00148,0.001088,0.000261,0.000196,,400,,
0,0,,0.999743,0.000029,0.000024,0.000089,0.000073,0.00002,0.000022,,400,,
0,0,,0.755722,0.003211,0.19723,0.001742,0.000274,0.00232,0.039501,,400,,
0,0,,0.999743,0.000029,0.000024,0.000089,0.000073,0.00002,0.000022,,400,,
0,0,,0.999743,0.000029,0.000024,0.000089,0.000073,0.00002,0.000022,,400,,
0,0,,0.999743,0.000029,0.000024,0.000089,0.000073,0.00002,0.000022,,400,,
0,0,,0.998178,0.000011,0.000038,0.001688,0.000064,0.000018,0.000003,,400,,
0,0,,0.999743,0.000029,0.000024,0.000089,0.000073,0.00002,0.000022,,400,,
0,0,,0.999743,0.000029,0.000024,0.000089,0.000073,0.00002,0.000022,,400,,
0,0,,0.999743,0.000029,0.000024,0.000089,0.000073,0.00002,0.000022,,400,,
0,0,,0.998185,0.000051,0.000173,0.001416,0.000081,0.00008,0.000014,,400,,
0,0,,0.999743,0.000029,0.000024,0.000089,0.000073,0.00002,0.000022,,400,,
0,0,,0.999743,0.000029,0.000024,0.000089,0.000073,0.00002,0.000022,,400,,
0,0,,0.999743,0.000029,0.000024,0.000089,0.000073,0.00002,0.000022,,400,,
0,0,,0.995415,0.001074,0.000486,0.00148,0.001088,0.000261,0.000196,,400,,
0,0,,0.995415,0.001074,0.000486,0.00148,0.001088,0.000261,0.000196,,400,,
0,0,,0.999743,0.000029,0.000024,0.000089,0.000073,0.00002,0.000022,,400,,
0,0,,0.995415,0.001074,0.000486,0.00148,0.001088,0.000261,0.000196,,400,,
0,0,,0.999743,0.000029,0.000024,0.000089,0.000073,0.00002,0.000022,,400,,
0,0,,0.999743,0.000029,0.000024,0.000089,0.000073,0.00002,0.000022,,400,,
0,0,,0.999743,0.000029,0.000024,0.000089,0.000073,0.00002,0.000022,,400,,
0,0,,0.999743,0.000029,0.000024,0.000089,0.000073,0.00002,0.000022,,400,,
0,0,,0.995415,0.001074,0.000486,0.00148,0.001088,0.000261,0.000196,,400,,
0,0,,0.999743,0.000029,0.000024,0.000089,0.000073,0.00002,0.000022,,500,,
0,0,,0.999743,0.000029,0.000024,0.000089,0.000073,0.00002,0.000022,,500,,
0,0,,0.999743,0.000029,0.000024,0.000089,0.000073,0.00002,0.000022,,400,,
0,0,,0.999743,0.000029,0.000024,0.000089,0.000073,0.00002,0.000022,,400,,
0,0,,0.999743,0.000029,0.000024,0.000089,0.000073,0.00002,0.000022,,400,,
0,0,,0.999743,0.000029,0.000024,0.000089,0.000073,0.00002,0.000022,,400,,
0,0,,0.999743,0.000029,0.000024,0.000089,0.000073,0.00002,0.000022,,400,,
0,0,,0.999743,0.000029,0.000024,0.000089,0.000073,0.00002,0.000022,,400,,
0,0,,0.999743,0.000029,0.000024,0.000089,0.000073,0.00002,0.000022,,400,,
0,0,,0.995415,0.001074,0.000486,0.00148,0.001088,0.000261,0.000196,,400,,
0,0,,0.999743,0.000029,0.000024,0.000089,0.000073,0.00002,0.000022,,500,,
0,0,,0.999743,0.000029,0.000024,0.000089,0.000073,0.00002,0.000022,,500,,
0,0,,0.999743,0.000029,0.000024,0.000089,0.000073,0.00002,0.000022,,500,,
0,0,,0.998178,0.000011,0.000038,0.001688,0.000064,0.000018,0.000003,,500,,
0,0,,0.995415,0.001074,0.000486,0.00148,0.001088,0.000261,0.000196,,400,,
0,0,,0.998178,0.000011,0.000038,0.001688,0.000064,0.000018,0.000003,,400,,
0,0,,0.999743,0.000029,0.000024,0.000089,0.000073,0.00002,0.000022,,400,,
0,0,,0.995415,0.001074,0.000486,0.00148,0.001088,0.000261,0.000196,,400,,
0,0,,0.999743,0.000029,0.000024,0.000089,0.000073,0.00002,0.000022,,500,,
0,0,,0.999743,0.000029,0.000024,0.000089,0.000073,0.00002,0.000022,,500,,
0,0,,0.999743,0.000029,0.000024,0.000089,0.000073,0.00002,0.000022,,400,,
0,0,,0.998178,0.000011,0.000038,0.001688,0.000064,0.000018,0.000003,,500,,
0,0,,0.999743,0.000029,0.000024,0.000089,0.000073,0.00002,0.000022,,500,,
0,0,,0.999743,0.000029,0.000024,0.000089,0.000073,0.00002,0.000022,,500,,
0,0,,0.999743,0.000029,0.000024,0.000089,0.000073,0.00002,0.000022,,500,,
0,0,,0.999743,0.000029,0.000024,0.000089,0.000073,0.00002,0.000022,,400,,
0,0,,0.999743,0.000029,0.000024,0.000089,0.000073,0.00002,0.000022,,400,,
0,0,,0.998185,0.000051,0.000173,0.001416,0.000081,0.00008,0.000014,,500,,
0,0,,0.998185,0.000051,0.000173,0.001416,0.000081,0.00008,0.000014,,500,,
0,0,,0.999743,0.000029,0.000024,0.000089,0.000073,0.00002,0.000022,,500,,
0,0,,0.999743,0.000029,0.000024,0.000089,0.000073,0.00002,0.000022,,400,,
0,0,,0.999743,0.000029,0.000024,0.000089,0.000073,0.00002,0.000022,,400,,
0,0,,0.999743,0.000029,0.000024,0.000089,0.000073,0.00002,0.000022,,400,,
0,0,,0.999743,0.000029,0.000024,0.000089,0.000073,0.00002,0.000022,,500,,
0,0,,0.999743,0.000029,0.000024,0.000089,0.000073,0.00002,0.000022,,400,,
0,0,,0.999743,0.000029,0.000024,0.000089,0.000073,0.00002,0.000022,,400,,
0,0,,0.999743,0.000029,0.000024,0.000089,0.000073,0.00002,0.000022,,500,,
0,0,,0.999743,0.000029,0.000024,0.000089,0.000073,0.00002,0.000022,,400,,
0,0,,0.998178,0.000011,0.000038,0.001688,0.000064,0.000018,0.000003,,500,,
0,0,,0.999743,0.000029,0.000024,0.000089,0.000073,0.00002,0.000022,,400,,
0,0,,0.998178,0.000011,0.000038,0.001688,0.000064,0.000018,0.000003,,500,,
0,0,,0.999743,0.000029,0.000024,0.000089,0.000073,0.00002,0.000022,,500,,
0,0,,0.998178,0.000011,0.000038,0.001688,0.000064,0.000018,0.000003,,500,,
0,0,,0.999743,0.000029,0.000024,0.000089,0.000073,0.00002,0.000022,,400,,
0,0,,0.999743,0.000029,0.000024,0.000089,0.000073,0.00002,0.000022,,500,,
0,0,,0.999743,0.000029,0.000024,0.000089,0.000073,0.00002,0.000022,,500,,
0,0,,0.999743,0.000029,0.000024,0.000089,0.000073,0.00002,0.000022,,500,,
0,0,,0.995415,0.001074,0.000486,0.00148,0.001088,0.000261,0.000196,,500,,
0,0,,0.999743,0.000029,0.000024,0.000089,0.000073,0.00002,0.000022,,400,,
0,0,,0.995415,0.001074,0.000486,0.00148,0.001088,0.000261,0.000196,,400,,
0,0,,0.999743,0.000029,0.000024,0.000089,0.000073,0.00002,0.000022,,400,,
0,0,,0.995415,0.001074,0.000486,0.00148,0.001088,0.000261,0.000196,,400,,
0,0,,0.999743,0.000029,0.000024,0.000089,0.000073,0.00002,0.000022,,400,,
0,0,,0.999743,0.000029,0.000024,0.000089,0.000073,0.00002,0.000022,,400,,
0,0,,0.999743,0.000029,0.000024,0.000089,0.000073,0.00002,0.000022,,500,,
0,0,,0.999743,0.000029,0.000024,0.000089,0.000073,0.00002,0.000022,,500,,
0,0,,0.999743,0.000029,0.000024,0.000089,0.000073,0.00002,0.000022,,500,,
0,0,,0.999743,0.000029,0.000024,0.000089,0.000073,0.00002,0.000022,,500,,
0,0,,0.999743,0.000029,0.000024,0.000089,0.000073,0.00002,0.000022,,400,,
0,0,,0.999743,0.000029,0.000024,0.000089,0.000073,0.00002,0.000022,,400,,
0,0,,0.995415,0.001074,0.000486,0.00148,0.001088,0.000261,0.000196,,400,,
0,0,,0.998185,0.000051,0.000173,0.001416,0.000081,0.00008,0.000014,,500,,
0,0,,0.995415,0.001074,0.000486,0.00148,0.001088,0.000261,0.000196,,400,,
0,0,,0.999743,0.000029,0.000024,0.000089,0.000073,0.00002,0.000022,,400,,
0,0,,0.995415,0.001074,0.000486,0.00148,0.001088,0.000261,0.000196,,400,,
0,0,,0.999743,0.000029,0.000024,0.000089,0.000073,0.00002,0.000022,,400,,
0,0,,0.999743,0.000029,0.000024,0.000089,0.000073,0.00002,0.000022,,400,,
0,0,,0.998178,0.000011,0.000038,0.001688,0.000064,0.000018,0.000003,,500,,
0,0,,0.995415,0.001074,0.000486,0.00148,0.001088,0.000261,0.000196,,400,,
0,0,,0.999743,0.000029,0.000024,0.000089,0.000073,0.00002,0.000022,,400,,
0,0,,0.995415,0.001074,0.000486,0.00148,0.001088,0.000261,0.000196,,400,,
0,0,,0.999743,0.000029,0.000024,0.000089,0.000073,0.00002,0.000022,,500,,
0,0,,0.998185,0.000051,0.000173,0.001416,0.000081,0.00008,0.000014,,500,,
0,0,,0.998185,0.000051,0.000173,0.001416,0.000081,0.00008,0.000014,,500,,
0,0,,0.999743,0.000029,0.000024,0.000089,0.000073,0.00002,0.000022,,500,,
0,0,,0.999743,0.000029,0.000024,0.000089,0.000073,0.00002,0.000022,,500,,
0,0,,0.995415,0.001074,0.000486,0.00148,0.001088,0.000261,0.000196,,400,,
0,0,,0.999743,0.000029,0.000024,0.000089,0.000073,0.00002,0.000022,,400,,
0,0,,0.998178,0.000011,0.000038,0.001688,0.000064,0.000018,0.000003,,500,,
0,0,,0.998178,0.000011,0.000038,0.001688,0.000064,0.000018,0.000003,,500,,
0,0,,0.999743,0.000029,0.000024,0.000089,0.000073,0.00002,0.000022,,400,,
0,0,,0.998178,0.000011,0.000038,0.001688,0.000064,0.000018,0.000003,,500,,
0,0,,0.995415,0.001074,0.000486,0.00148,0.001088,0.000261,0.000196,,400,,
0,0,,0.999743,0.000029,0.000024,0.000089,0.000073,0.00002,0.000022,,400,,
0,0,,0.995415,0.001074,0.000486,0.00148,0.001088,0.000261,0.000196,,400,,
0,0,,0.995415,0.001074,0.000486,0.00148,0.001088,0.000261,0.000196,,400,,
0,0,,0.999743,0.000029,0.000024,0.000089,0.000073,0.00002,0.000022,,400,,
0,0,,0.995415,0.001074,0.000486,0.00148,0.001088,0.000261,0.000196,,400,,
0,0,,0.999743,0.000029,0.000024,0.000089,0.000073,0.00002,0.000022,,400,,
0,0,,0.999743,0.000029,0.000024,0.000089,0.000073,0.00002,0.000022,,400,,
0,0,,0.999743,0.000029,0.000024,0.000089,0.000073,0.00002,0.000022,,500,,
0,0,,0.999743,0.000029,0.000024,0.000089,0.000073,0.00002,0.000022,,400,,
0,0,,0.999743,0.000029,0.000024,0.000089,0.000073,0.00002,0.000022,,400,,
0,0,,0.999743,0.000029,0.000024,0.000089,0.000073,0.00002,0.000022,,400,,
0,0,,0.999743,0.000029,0.000024,0.000089,0.000073,0.00002,0.000022,,400,,
0,0,,0.999743,0.000029,0.000024,0.000089,0.000073,0.00002,0.000022,,400,,
0,0,,0.999743,0.000029,0.000024,0.000089,0.000073,0.00002,0.000022,,400,,
0,0,,0.998178,0.000011,0.000038,0.001688,0.000064,0.000018,0.000003,,400,,
0,0,,0.995415,0.001074,0.000486,0.00148,0.001088,0.000261,0.000196,,400,,
0,0,,0.999743,0.000029,0.000024,0.000089,0.000073,0.00002,0.000022,,400,,
0,0,,0.999743,0.000029,0.000024,0.000089,0.000073,0.00002,0.000022,,400,,
0,0,,0.999743,0.000029,0.000024,0.000089,0.000073,0.00002,0.000022,,400,,
0,0,,0.999743,0.000029,0.000024,0.000089,0.000073,0.00002,0.000022,,400,,
0,0,,0.999743,0.000029,0.000024,0.000089,0.000073,0.00002,0.000022,,400,,
0,0,,0.999743,0.000029,0.000024,0.000089,0.000073,0.00002,0.000022,,400,,
0,0,,0.999743,0.000029,0.000024,0.000089,0.000073,0.00002,0.000022,,400,,
0,0,,0.999743,0.000029,0.000024,0.000089,0.000073,0.00002,0.000022,,500,,
0,0,,0.999743,0.000029,0.000024,0.000089,0.000073,0.00002,0.000022,,400,,
0,0,,0.995415,0.001074,0.000486,0.00148,0.001088,0.000261,0.000196,,400,,
0,0,,0.999743,0.000029,0.000024,0.000089,0.000073,0.00002,0.000022,,400,,
0,0,,0.999743,0.000029,0.000024,0.000089,0.000073,0.00002,0.000022,,400,,
0,0,,0.995415,0.001074,0.000486,0.00148,0.001088,0.000261,0.000196,,400,,
0,0,,0.999743,0.000029,0.000024,0.000089,0.000073,0.00002,0.000022,,400,,
0,0,,0.999743,0.000029,0.000024,0.000089,0.000073,0.00002,0.000022,,400,,
0,0,,0.999743,0.000029,0.000024,0.000089,0.000073,0.00002,0.000022,,400,,
0,0,,0.999743,0.000029,0.000024,0.000089,0.000073,0.00002,0.000022,,400,,
0,0,,0.999743,0.000029,0.000024,0.000089,0.000073,0.00002,0.000022,,2200,,
0,0,,0.999743,0.000029,0.000024,0.000089,0.000073,0.00002,0.000022,,400,,
0,0,,0.999743,0.000029,0.000024,0.000089,0.000073,0.00002,0.000022,,400,,
0,0,,0.995415,0.001074,0.000486,0.00148,0.001088,0.000261,0.000196,,400,,
0,0,,0.999743,0.000029,0.000024,0.000089,0.000073,0.00002,0.000022,,400,,
0,0,,0.999743,0.000029,0.000024,0.000089,0.000073,0.00002,0.000022,,400,,
0,0,,0.999743,0.000029,0.000024,0.000089,0.000073,0.00002,0.000022,,400,,
0,0,,0.999743,0.000029,0.000024,0.000089,0.000073,0.00002,0.000022,,500,,
0,0,,0.999743,0.000029,0.000024,0.000089,0.000073,0.00002,0.000022,,400,,
0,0,,0.999743,0.000029,0.000024,0.000089,0.000073,0.00002,0.000022,,400,,
0,0,,0.995415,0.001074,0.000486,0.00148,0.001088,0.000261,0.000196,,400,,
0,0,,0.999743,0.000029,0.000024,0.000089,0.000073,0.00002,0.000022,,400,,
0,0,,0.999743,0.000029,0.000024,0.000089,0.000073,0.00002,0.000022,,400,,
0,0,,0.999743,0.000029,0.000024,0.000089,0.000073,0.00002,0.000022,,400,,
0,0,,0.995415,0.001074,0.000486,0.00148,0.001088,0.000261,0.000196,,400,,
0,0,,0.998185,0.000051,0.000173,0.001416,0.000081,0.00008,0.000014,,400,,
0,0,,0.999743,0.000029,0.000024,0.000089,0.000073,0.00002,0.000022,,400,,
0,0,,0.999743,0.000029,0.000024,0.000089,0.000073,0.00002,0.000022,,400,,
0,0,,0.999743,0.000029,0.000024,0.000089,0.000073,0.00002,0.000022,,400,,
0,0,,0.999743,0.000029,0.000024,0.000089,0.000073,0.00002,0.000022,,400,,
0,0,,0.999743,0.000029,0.000024,0.000089,0.000073,0.00002,0.000022,,400,,
0,0,,0.999743,0.000029,0.000024,0.000089,0.000073,0.00002,0.000022,,400,,
0,0,,0.999743,0.000029,0.000024,0.000089,0.000073,0.00002,0.000022,,500,,
0,0,,0.999743,0.000029,0.000024,0.000089,0.000073,0.00002,0.000022,,500,,
0,0,,0.999743,0.000029,0.000024,0.000089,0.000073,0.00002,0.000022,,400,,
0,0,,0.998178,0.000011,0.000038,0.001688,0.000064,0.000018,0.000003,,500,,
0,0,,0.999743,0.000029,0.000024,0.000089,0.000073,0.00002,0.000022,,500,,
0,0,,0.999743,0.000029,0.000024,0.000089,0.000073,0.00002,0.000022,,400,,
0,0,,0.999743,0.000029,0.000024,0.000089,0.000073,0.00002,0.000022,,400,,
0,0,,0.999743,0.000029,0.000024,0.000089,0.000073,0.00002,0.000022,,400,,
0,0,,0.999743,0.000029,0.000024,0.000089,0.000073,0.00002,0.000022,,400,,
0,0,,0.995415,0.001074,0.000486,0.00148,0.001088,0.000261,0.000196,,400,,
0,0,,0.998185,0.000051,0.000173,0.001416,0.000081,0.00008,0.000014,,400,,
0,0,,0.995415,0.001074,0.000486,0.00148,0.001088,0.000261,0.000196,,400,,
0,0,,0.999743,0.000029,0.000024,0.000089,0.000073,0.00002,0.000022,,400,,
0,0,,0.999743,0.000029,0.000024,0.000089,0.000073,0.00002,0.000022,,400,,
0,0,,0.995415,0.001074,0.000486,0.00148,0.001088,0.000261,0.000196,,400,,
0,0,,0.995415,0.001074,0.000486,0.00148,0.001088,0.000261,0.000196,,400,,
0,0,,0.998178,0.000011,0.000038,0.001688,0.000064,0.000018,0.000003,,400,,
0,0,,0.995415,0.001074,0.000486,0.00148,0.001088,0.000261,0.000196,,400,,
0,0,,0.995415,0.001074,0.000486,0.00148,0.001088,0.000261,0.000196,,400,,
0,0,,0.998185,0.000051,0.000173,0.001416,0.000081,0.00008,0.000014,,400,,
0,0,,0.999743,0.000029,0.000024,0.000089,0.000073,0.00002,0.000022,,400,,
0,0,,0.995415,0.001074,0.000486,0.00148,0.001088,0.000261,0.000196,,400,,
0,0,,0.999743,0.000029,0.000024,0.000089,0.000073,0.00002,0.000022,,400,,
0,0,,0.999743,0.000029,0.000024,0.000089,0.000073,0.00002,0.000022,,400,,
0,0,,0.999743,0.000029,0.000024,0.000089,0.000073,0.00002,0.000022,,400,,
0,0,,0.999743,0.000029,0.000024,0.000089,0.000073,0.00002,0.000022,,400,,
0,0,,0.999743,0.000029,0.000024,0.000089,0.000073,0.00002,0.000022,,400,,
0,0,,0.995415,0.001074,0.000486,0.00148,0.001088,0.000261,0.000196,,500,,
0,0,,0.999743,0.000029,0.000024,0.000089,0.000073,0.00002,0.000022,,500,,
0,0,,0.999743,0.000029,0.000024,0.000089,0.000073,0.00002,0.000022,,500,,
0,0,,0.998178,0.000011,0.000038,0.001688,0.000064,0.000018,0.000003,,500,,
0,0,,0.999743,0.000029,0.000024,0.000089,0.000073,0.00002,0.000022,,400,,
0,0,,0.998185,0.000051,0.000173,0.001416,0.000081,0.00008,0.000014,,500,,
0,0,,0.998185,0.000051,0.000173,0.001416,0.000081,0.00008,0.000014,,400,,
0,0,,0.999743,0.000029,0.000024,0.000089,0.000073,0.00002,0.000022,,400,,
0,0,,0.998178,0.000011,0.000038,0.001688,0.000064,0.000018,0.000003,,500,,
0,0,,0.999743,0.000029,0.000024,0.000089,0.000073,0.00002,0.000022,,400,,
0,0,,0.999743,0.000029,0.000024,0.000089,0.000073,0.00002,0.000022,,500,,
0,0,,0.998178,0.000011,0.000038,0.001688,0.000064,0.000018,0.000003,,500,,
0,0,,0.995415,0.001074,0.000486,0.00148,0.001088,0.000261,0.000196,,400,,
0,0,,0.995415,0.001074,0.000486,0.00148,0.001088,0.000261,0.000196,,400,,
0,0,,0.999743,0.000029,0.000024,0.000089,0.000073,0.00002,0.000022,,400,,
0,0,,0.995415,0.001074,0.000486,0.00148,0.001088,0.000261,0.000196,,500,,
0,0,,0.995415,0.001074,0.000486,0.00148,0.001088,0.000261,0.000196,,500,,
0,0,,0.998178,0.000011,0.000038,0.001688,0.000064,0.000018,0.000003,,500,,
0,0,,0.995415,0.001074,0.000486,0.00148,0.001088,0.000261,0.000196,,400,,
0,0,,0.999743,0.000029,0.000024,0.000089,0.000073,0.00002,0.000022,,400,,
0,0,,0.999743,0.000029,0.000024,0.000089,0.000073,0.00002,0.000022,,400,,
0,0,,0.995415,0.001074,0.000486,0.00148,0.001088,0.000261,0.000196,,500,,
0,0,,0.999743,0.000029,0.000024,0.000089,0.000073,0.00002,0.000022,,500,,
0,0,,0.999743,0.000029,0.000024,0.000089,0.000073,0.00002,0.000022,,400,,
0,0,,0.999743,0.000029,0.000024,0.000089,0.000073,0.00002,0.000022,,500,,
0,0,,0.999743,0.000029,0.000024,0.000089,0.000073,0.00002,0.000022,,500,,
0,0,,0.999743,0.000029,0.000024,0.000089,0.000073,0.00002,0.000022,,500,,
0,0,,0.999743,0.000029,0.000024,0.000089,0.000073,0.00002,0.000022,,400,,
0,0,,0.998185,0.000051,0.000173,0.001416,0.000081,0.00008,0.000014,,500,,
0,0,,0.998185,0.000051,0.000173,0.001416,0.000081,0.00008,0.000014,,500,,
0,0,,0.999743,0.000029,0.000024,0.000089,0.000073,0.00002,0.000022,,500,,
0,0,,0.999743,0.000029,0.000024,0.000089,0.000073,0.00002,0.000022,,400,,
0,0,,0.995415,0.001074,0.000486,0.00148,0.001088,0.000261,0.000196,,400,,
0,0,,0.999743,0.000029,0.000024,0.000089,0.000073,0.00002,0.000022,,2500,,
0,0,,0.995415,0.001074,0.000486,0.00148,0.001088,0.000261,0.000196,,400,,
0,0,,0.998178,0.000011,0.000038,0.001688,0.000064,0.000018,0.000003,,500,,
0,0,,0.995415,0.001074,0.000486,0.00148,0.001088,0.000261,0.000196,,500,,
0,0,,0.999743,0.000029,0.000024,0.000089,0.000073,0.00002,0.000022,,500,,
0,0,,0.999743,0.000029,0.000024,0.000089,0.000073,0.00002,0.000022,,500,,
0,0,,0.995415,0.001074,0.000486,0.00148,0.001088,0.000261,0.000196,,500,,
0,0,,0.999743,0.000029,0.000024,0.000089,0.000073,0.00002,0.000022,,400,,
0,0,,0.995415,0.001074,0.000486,0.00148,0.001088,0.000261,0.000196,,400,,
0,0,,0.999743,0.000029,0.000024,0.000089,0.000073,0.00002,0.000022,,400,,
0,0,,0.998178,0.000011,0.000038,0.001688,0.000064,0.000018,0.000003,,500,,
0,0,,0.999743,0.000029,0.000024,0.000089,0.000073,0.00002,0.000022,,500,,
0,0,,0.999743,0.000029,0.000024,0.000089,0.000073,0.00002,0.000022,,500,,
0,0,,0.998178,0.000011,0.000038,0.001688,0.000064,0.000018,0.000003,,500,,
0,0,,0.999743,0.000029,0.000024,0.000089,0.000073,0.00002,0.000022,,400,,
0,0,,0.999743,0.000029,0.000024,0.000089,0.000073,0.00002,0.000022,,500,,
0,0,,0.995415,0.001074,0.000486,0.00148,0.001088,0.000261,0.000196,,500,,
0,0,,0.999743,0.000029,0.000024,0.000089,0.000073,0.00002,0.000022,,400,,
0,0,,0.999743,0.000029,0.000024,0.000089,0.000073,0.00002,0.000022,,400,,
0,0,,0.998178,0.000011,0.000038,0.001688,0.000064,0.000018,0.000003,,500,,
0,0,,0.999743,0.000029,0.000024,0.000089,0.000073,0.00002,0.000022,,500,,
0,0,,0.999743,0.000029,0.000024,0.000089,0.000073,0.00002,0.000022,,500,,
0,0,,0.995415,0.001074,0.000486,0.00148,0.001088,0.000261,0.000196,,500,,
0,0,,0.999743,0.000029,0.000024,0.000089,0.000073,0.00002,0.000022,,400,,
0,0,,0.999743,0.000029,0.000024,0.000089,0.000073,0.00002,0.000022,,400,,
0,0,,0.999743,0.000029,0.000024,0.000089,0.000073,0.00002,0.000022,,400,,
0,0,,0.995415,0.001074,0.000486,0.00148,0.001088,0.000261,0.000196,,400,,
0,0,,0.999743,0.000029,0.000024,0.000089,0.000073,0.00002,0.000022,,500,,
0,0,,0.999743,0.000029,0.000024,0.000089,0.000073,0.00002,0.000022,,500,,
0,0,,0.995415,0.001074,0.000486,0.00148,0.001088,0.000261,0.000196,,500,,
0,0,,0.999743,0.000029,0.000024,0.000089,0.000073,0.00002,0.000022,,400,,
0,0,,0.995415,0.001074,0.000486,0.00148,0.001088,0.000261,0.000196,,400,,
0,0,,0.998185,0.000051,0.000173,0.001416,0.000081,0.00008,0.000014,,500,,
0,0,,0.995415,0.001074,0.000486,0.00148,0.001088,0.000261,0.000196,,500,,
0,0,,0.999743,0.000029,0.000024,0.000089,0.000073,0.00002,0.000022,,400,,
0,0,,0.999743,0.000029,0.000024,0.000089,0.000073,0.00002,0.000022,,400,,
0,0,,0.999743,0.000029,0.000024,0.000089,0.000073,0.00002,0.000022,,400,,
0,0,,0.999743,0.000029,0.000024,0.000089,0.000073,0.00002,0.000022,,400,,
0,0,,0.999743,0.000029,0.000024,0.000089,0.000073,0.00002,0.000022,,400,,
0,0,,0.995415,0.001074,0.000486,0.00148,0.001088,0.000261,0.000196,,400,,
0,0,,0.999743,0.000029,0.000024,0.000089,0.000073,0.00002,0.000022,,400,,
0,0,,0.999743,0.000029,0.000024,0.000089,0.000073,0.00002,0.000022,,400,,
0,0,,0.999743,0.000029,0.000024,0.000089,0.000073,0.00002,0.000022,,500,,
0,0,,0.999743,0.000029,0.000024,0.000089,0.000073,0.00002,0.000022,,500,,
0,0,,0.995415,0.001074,0.000486,0.00148,0.001088,0.000261,0.000196,,400,,
0,0,,0.999743,0.000029,0.000024,0.000089,0.000073,0.00002,0.000022,,400,,
0,0,,0.999743,0.000029,0.000024,0.000089,0.000073,0.00002,0.000022,,400,,
0,0,,0.999743,0.000029,0.000024,0.000089,0.000073,0.00002,0.000022,,400,,
0,0,,0.999743,0.000029,0.000024,0.000089,0.000073,0.00002,0.000022,,400,,
0,0,,0.998178,0.000011,0.000038,0.001688,0.000064,0.000018,0.000003,,500,,
0,0,,0.999743,0.000029,0.000024,0.000089,0.000073,0.00002,0.000022,,400,,
0,0,,0.999743,0.000029,0.000024,0.000089,0.000073,0.00002,0.000022,,400,,
0,0,,0.999743,0.000029,0.000024,0.000089,0.000073,0.00002,0.000022,,400,,
0,0,,0.999743,0.000029,0.000024,0.000089,0.000073,0.00002,0.000022,,400,,
0,0,,0.999743,0.000029,0.000024,0.000089,0.000073,0.00002,0.000022,,400,,
0,0,,0.999743,0.000029,0.000024,0.000089,0.000073,0.00002,0.000022,,400,,
0,0,,0.999743,0.000029,0.000024,0.000089,0.000073,0.00002,0.000022,,400,,
0,0,,0.995415,0.001074,0.000486,0.00148,0.001088,0.000261,0.000196,,400,,
0,0,,0.999743,0.000029,0.000024,0.000089,0.000073,0.00002,0.000022,,400,,
0,0,,0.995415,0.001074,0.000486,0.00148,0.001088,0.000261,0.000196,,500,,
0,0,,0.999743,0.000029,0.000024,0.000089,0.000073,0.00002,0.000022,,500,,
0,0,,0.999743,0.000029,0.000024,0.000089,0.000073,0.00002,0.000022,,400,,
0,0,,0.995415,0.001074,0.000486,0.00148,0.001088,0.000261,0.000196,,400,,
0,0,,0.995415,0.001074,0.000486,0.00148,0.001088,0.000261,0.000196,,400,,
0,0,,0.999743,0.000029,0.000024,0.000089,0.000073,0.00002,0.000022,,400,,
0,0,,0.998178,0.000011,0.000038,0.001688,0.000064,0.000018,0.000003,,400,,
0,0,,0.999743,0.000029,0.000024,0.000089,0.000073,0.00002,0.000022,,400,,
0,0,,0.999743,0.000029,0.000024,0.000089,0.000073,0.00002,0.000022,,400,,
0,0,,0.999743,0.000029,0.000024,0.000089,0.000073,0.00002,0.000022,,400,,
0,0,,0.999743,0.000029,0.000024,0.000089,0.000073,0.00002,0.000022,,400,,
0,0,,0.995415,0.001074,0.000486,0.00148,0.001088,0.000261,0.000196,,400,,
0,0,,0.995415,0.001074,0.000486,0.00148,0.001088,0.000261,0.000196,,500,,
0,0,,0.999743,0.000029,0.000024,0.000089,0.000073,0.00002,0.000022,,500,,
0,0,,0.999743,0.000029,0.000024,0.000089,0.000073,0.00002,0.000022,,500,,
0,0,,0.999743,0.000029,0.000024,0.000089,0.000073,0.00002,0.000022,,500,,
0,0,,0.999743,0.000029,0.000024,0.000089,0.000073,0.00002,0.000022,,400,,
0,0,,0.999743,0.000029,0.000024,0.000089,0.000073,0.00002,0.000022,,400,,
0,0,,0.999743,0.000029,0.000024,0.000089,0.000073,0.00002,0.000022,,400,,
0,0,,0.999743,0.000029,0.000024,0.000089,0.000073,0.00002,0.000022,,400,,
0,0,,0.999743,0.000029,0.000024,0.000089,0.000073,0.00002,0.000022,,400,,
0,0,,0.999743,0.000029,0.000024,0.000089,0.000073,0.00002,0.000022,,400,,
0,0,,0.999743,0.000029,0.000024,0.000089,0.000073,0.00002,0.000022,,400,,
0,0,,0.995415,0.001074,0.000486,0.00148,0.001088,0.000261,0.000196,,500,,
0,0,,0.999743,0.000029,0.000024,0.000089,0.000073,0.00002,0.000022,,500,,
0,0,,0.998178,0.000011,0.000038,0.001688,0.000064,0.000018,0.000003,,500,,
0,0,,0.999743,0.000029,0.000024,0.000089,0.000073,0.00002,0.000022,,400,,
0,0,,0.995415,0.001074,0.000486,0.00148,0.001088,0.000261,0.000196,,400,,
0,0,,0.999743,0.000029,0.000024,0.000089,0.000073,0.00002,0.000022,,500,,
0,0,,0.999743,0.000029,0.000024,0.000089,0.000073,0.00002,0.000022,,500,,
0,0,,0.999743,0.000029,0.000024,0.000089,0.000073,0.00002,0.000022,,500,,
0,0,,0.999743,0.000029,0.000024,0.000089,0.000073,0.00002,0.000022,,500,,
0,0,,0.999743,0.000029,0.000024,0.000089,0.000073,0.00002,0.000022,,400,,
0,0,,0.999743,0.000029,0.000024,0.000089,0.000073,0.00002,0.000022,,400,,
0,0,,0.999743,0.000029,0.000024,0.000089,0.000073,0.00002,0.000022,,400,,
0,0,,0.999743,0.000029,0.000024,0.000089,0.000073,0.00002,0.000022,,400,,
0,0,,0.999743,0.000029,0.000024,0.000089,0.000073,0.00002,0.000022,,400,,
0,0,,0.995415,0.001074,0.000486,0.00148,0.001088,0.000261,0.000196,,400,,
0,0,,0.999743,0.000029,0.000024,0.000089,0.000073,0.00002,0.000022,,400,,
0,0,,0.999743,0.000029,0.000024,0.000089,0.000073,0.00002,0.000022,,500,,
0,0,,0.995415,0.001074,0.000486,0.00148,0.001088,0.000261,0.000196,,400,,
0,0,,0.998185,0.000051,0.000173,0.001416,0.000081,0.00008,0.000014,,500,,
0,0,,0.999743,0.000029,0.000024,0.000089,0.000073,0.00002,0.000022,,400,,
0,0,,0.999743,0.000029,0.000024,0.000089,0.000073,0.00002,0.000022,,400,,
0,0,,0.995415,0.001074,0.000486,0.00148,0.001088,0.000261,0.000196,,400,,
0,0,,0.999743,0.000029,0.000024,0.000089,0.000073,0.00002,0.000022,,400,,
0,0,,0.999743,0.000029,0.000024,0.000089,0.000073,0.00002,0.000022,,400,,
0,0,,0.999743,0.000029,0.000024,0.000089,0.000073,0.00002,0.000022,,400,,
0,0,,0.999743,0.000029,0.000024,0.000089,0.000073,0.00002,0.000022,,400,,
0,0,,0.999743,0.000029,0.000024,0.000089,0.000073,0.00002,0.000022,,400,,
0,0,,0.999743,0.000029,0.000024,0.000089,0.000073,0.00002,0.000022,,400,,
0,0,,0.995415,0.001074,0.000486,0.00148,0.001088,0.000261,0.000196,,400,,
0,0,,0.999743,0.000029,0.000024,0.000089,0.000073,0.00002,0.000022,,400,,
0,0,,0.999743,0.000029,0.000024,0.000089,0.000073,0.00002,0.000022,,500,,
0,0,,0.999743,0.000029,0.000024,0.000089,0.000073,0.00002,0.000022,,500,,
0,0,,0.995415,0.001074,0.000486,0.00148,0.001088,0.000261,0.000196,,400,,
0,0,,0.999743,0.000029,0.000024,0.000089,0.000073,0.00002,0.000022,,400,,
0,0,,0.998185,0.000051,0.000173,0.001416,0.000081,0.00008,0.000014,,400,,
0,0,,0.995415,0.001074,0.000486,0.00148,0.001088,0.000261,0.000196,,400,,
0,0,,0.999743,0.000029,0.000024,0.000089,0.000073,0.00002,0.000022,,400,,
0,0,,0.999743,0.000029,0.000024,0.000089,0.000073,0.00002,0.000022,,400,,
0,0,,0.999743,0.000029,0.000024,0.000089,0.000073,0.00002,0.000022,,400,,
0,0,,0.999743,0.000029,0.000024,0.000089,0.000073,0.00002,0.000022,,400,,
0,0,,0.995415,0.001074,0.000486,0.00148,0.001088,0.000261,0.000196,,400,,
0,0,,0.995415,0.001074,0.000486,0.00148,0.001088,0.000261,0.000196,,400,,
0,0,,0.995415,0.001074,0.000486,0.00148,0.001088,0.000261,0.000196,,500,,
0,0,,0.999743,0.000029,0.000024,0.000089,0.000073,0.00002,0.000022,,500,,
0,0,,0.998178,0.000011,0.000038,0.001688,0.000064,0.000018,0.000003,,500,,
0,0,,0.995415,0.001074,0.000486,0.00148,0.001088,0.000261,0.000196,,400,,
0,0,,0.995415,0.001074,0.000486,0.00148,0.001088,0.000261,0.000196,,400,,
0,0,,0.999743,0.000029,0.000024,0.000089,0.000073,0.00002,0.000022,,400,,
0,0,,0.999743,0.000029,0.000024,0.000089,0.000073,0.00002,0.000022,,500,,
0,0,,0.999743,0.000029,0.000024,0.000089,0.000073,0.00002,0.000022,,400,,
0,0,,0.999743,0.000029,0.000024,0.000089,0.000073,0.00002,0.000022,,400,,
0,0,,0.999743,0.000029,0.000024,0.000089,0.000073,0.00002,0.000022,,400,,
0,0,,0.999743,0.000029,0.000024,0.000089,0.000073,0.00002,0.000022,,400,,
0,0,,0.999743,0.000029,0.000024,0.000089,0.000073,0.00002,0.000022,,400,,
0,0,,0.999743,0.000029,0.000024,0.000089,0.000073,0.00002,0.000022,,400,,
0,0,,0.998178,0.000011,0.000038,0.001688,0.000064,0.000018,0.000003,,400,,
0,0,,0.999743,0.000029,0.000024,0.000089,0.000073,0.00002,0.000022,,400,,
0,0,,0.999743,0.000029,0.000024,0.000089,0.000073,0.00002,0.000022,,400,,
0,0,,0.999743,0.000029,0.000024,0.000089,0.000073,0.00002,0.000022,,400,,
0,0,,0.999743,0.000029,0.000024,0.000089,0.000073,0.00002,0.000022,,400,,
0,0,,0.999743,0.000029,0.000024,0.000089,0.000073,0.00002,0.000022,,400,,
0,0,,0.999743,0.000029,0.000024,0.000089,0.000073,0.00002,0.000022,,400,,
0,0,,0.999743,0.000029,0.000024,0.000089,0.000073,0.00002,0.000022,,400,,
0,0,,0.998178,0.000011,0.000038,0.001688,0.000064,0.000018,0.000003,,400,,
0,0,,0.998185,0.000051,0.000173,0.001416,0.000081,0.00008,0.000014,,500,,
0,0,,0.999743,0.000029,0.000024,0.000089,0.000073,0.00002,0.000022,,400,,
0,0,,0.995415,0.001074,0.000486,0.00148,0.001088,0.000261,0.000196,,400,,
0,0,,0.999743,0.000029,0.000024,0.000089,0.000073,0.00002,0.000022,,400,,
0,0,,0.999743,0.000029,0.000024,0.000089,0.000073,0.00002,0.000022,,400,,
0,0,,0.999743,0.000029,0.000024,0.000089,0.000073,0.00002,0.000022,,400,,
0,0,,0.995415,0.001074,0.000486,0.00148,0.001088,0.000261,0.000196,,400,,
0,0,,0.999743,0.000029,0.000024,0.000089,0.000073,0.00002,0.000022,,400,,
0,0,,0.995415,0.001074,0.000486,0.00148,0.001088,0.000261,0.000196,,400,,
0,0,,0.995415,0.001074,0.000486,0.00148,0.001088,0.000261,0.000196,,400,,
0,0,,0.999743,0.000029,0.000024,0.000089,0.000073,0.00002,0.000022,,500,,
0,0,,0.999743,0.000029,0.000024,0.000089,0.000073,0.00002,0.000022,,500,,
0,0,,0.999743,0.000029,0.000024,0.000089,0.000073,0.00002,0.000022,,500,,
0,0,,0.999743,0.000029,0.000024,0.000089,0.000073,0.00002,0.000022,,400,,
0,0,,0.999743,0.000029,0.000024,0.000089,0.000073,0.00002,0.000022,,400,,
0,0,,0.999743,0.000029,0.000024,0.000089,0.000073,0.00002,0.000022,,400,,
0,0,,0.999743,0.000029,0.000024,0.000089,0.000073,0.00002,0.000022,,400,,
0,0,,0.999743,0.000029,0.000024,0.000089,0.000073,0.00002,0.000022,,400,,
0,0,,0.998178,0.000011,0.000038,0.001688,0.000064,0.000018,0.000003,,500,,
0,0,,0.995415,0.001074,0.000486,0.00148,0.001088,0.000261,0.000196,,400,,
0,0,,0.995415,0.001074,0.000486,0.00148,0.001088,0.000261,0.000196,,400,,
0,0,,0.999743,0.000029,0.000024,0.000089,0.000073,0.00002,0.000022,,400,,
0,0,,0.995415,0.001074,0.000486,0.00148,0.001088,0.000261,0.000196,,400,,
0,0,,0.999743,0.000029,0.000024,0.000089,0.000073,0.00002,0.000022,,400,,
0,0,,0.998185,0.000051,0.000173,0.001416,0.000081,0.00008,0.000014,,400,,
0,0,,0.999743,0.000029,0.000024,0.000089,0.000073,0.00002,0.000022,,400,,
0,0,,0.998185,0.000051,0.000173,0.001416,0.000081,0.00008,0.000014,,400,,
0,0,,0.999743,0.000029,0.000024,0.000089,0.000073,0.00002,0.000022,,400,,
0,0,,0.999743,0.000029,0.000024,0.000089,0.000073,0.00002,0.000022,,400,,
0,0,,0.998178,0.000011,0.000038,0.001688,0.000064,0.000018,0.000003,,500,,
0,0,,0.995415,0.001074,0.000486,0.00148,0.001088,0.000261,0.000196,,400,,
0,0,,0.999743,0.000029,0.000024,0.000089,0.000073,0.00002,0.000022,,400,,
0,0,,0.999743,0.000029,0.000024,0.000089,0.000073,0.00002,0.000022,,400,,
0,0,,0.999743,0.000029,0.000024,0.000089,0.000073,0.00002,0.000022,,400,,
0,0,,0.999743,0.000029,0.000024,0.000089,0.000073,0.00002,0.000022,,400,,
0,0,,0.999743,0.000029,0.000024,0.000089,0.000073,0.00002,0.000022,,500,,
0,0,,0.999743,0.000029,0.000024,0.000089,0.000073,0.00002,0.000022,,400,,
0,0,,0.999743,0.000029,0.000024,0.000089,0.000073,0.00002,0.000022,,400,,
0,0,,0.999743,0.000029,0.000024,0.000089,0.000073,0.00002,0.000022,,400,,
0,0,,0.999743,0.000029,0.000024,0.000089,0.000073,0.00002,0.000022,,400,,
0,0,,0.995415,0.001074,0.000486,0.00148,0.001088,0.000261,0.000196,,400,,
0,0,,0.995415,0.001074,0.000486,0.00148,0.001088,0.000261,0.000196,,400,,
0,0,,0.999743,0.000029,0.000024,0.000089,0.000073,0.00002,0.000022,,400,,
0,0,,0.999743,0.000029,0.000024,0.000089,0.000073,0.00002,0.000022,,400,,
0,0,,0.999743,0.000029,0.000024,0.000089,0.000073,0.00002,0.000022,,500,,
0,0,,0.995415,0.001074,0.000486,0.00148,0.001088,0.000261,0.000196,,500,,
0,0,,0.995415,0.001074,0.000486,0.00148,0.001088,0.000261,0.000196,,500,,
0,0,,0.999743,0.000029,0.000024,0.000089,0.000073,0.00002,0.000022,,500,,
0,0,,0.995415,0.001074,0.000486,0.00148,0.001088,0.000261,0.000196,,400,,
0,0,,0.999743,0.000029,0.000024,0.000089,0.000073,0.00002,0.000022,,400,,
0,0,,0.999743,0.000029,0.000024,0.000089,0.000073,0.00002,0.000022,,400,,
0,0,,0.999743,0.000029,0.000024,0.000089,0.000073,0.00002,0.000022,,400,,
0,0,,0.999743,0.000029,0.000024,0.000089,0.000073,0.00002,0.000022,,400,,
0,0,,0.999743,0.000029,0.000024,0.000089,0.000073,0.00002,0.000022,,400,,
0,0,,0.999743,0.000029,0.000024,0.000089,0.000073,0.00002,0.000022,,400,,
0,0,,0.999743,0.000029,0.000024,0.000089,0.000073,0.00002,0.000022,,400,,
0,0,,0.999743,0.000029,0.000024,0.000089,0.000073,0.00002,0.000022,,400,,
0,0,,0.995415,0.001074,0.000486,0.00148,0.001088,0.000261,0.000196,,400,,
0,0,,0.998178,0.000011,0.000038,0.001688,0.000064,0.000018,0.000003,,400,,
0,0,,0.998185,0.000051,0.000173,0.001416,0.000081,0.00008,0.000014,,400,,
0,0,,0.999743,0.000029,0.000024,0.000089,0.000073,0.00002,0.000022,,400,,
0,0,,0.999743,0.000029,0.000024,0.000089,0.000073,0.00002,0.000022,,400,,
0,0,,0.999743,0.000029,0.000024,0.000089,0.000073,0.00002,0.000022,,400,,
0,0,,0.998178,0.000011,0.000038,0.001688,0.000064,0.000018,0.000003,,400,,
0,0,,0.999743,0.000029,0.000024,0.000089,0.000073,0.00002,0.000022,,400,,
0,0,,0.999743,0.000029,0.000024,0.000089,0.000073,0.00002,0.000022,,400,,
0,0,,0.998185,0.000051,0.000173,0.001416,0.000081,0.00008,0.000014,,400,,
0,0,,0.999743,0.000029,0.000024,0.000089,0.000073,0.00002,0.000022,,400,,
0,0,,0.998185,0.000051,0.000173,0.001416,0.000081,0.00008,0.000014,,400,,
0,0,,0.995415,0.001074,0.000486,0.00148,0.001088,0.000261,0.000196,,400,,
0,0,,0.999743,0.000029,0.000024,0.000089,0.000073,0.00002,0.000022,,400,,
0,0,,0.995415,0.001074,0.000486,0.00148,0.001088,0.000261,0.000196,,400,,
0,0,,0.999743,0.000029,0.000024,0.000089,0.000073,0.00002,0.000022,,500,,
0,0,,0.995415,0.001074,0.000486,0.00148,0.001088,0.000261,0.000196,,500,,
0,0,,0.999743,0.000029,0.000024,0.000089,0.000073,0.00002,0.000022,,500,,
0,0,,0.999743,0.000029,0.000024,0.000089,0.000073,0.00002,0.000022,,500,,
0,0,,0.995415,0.001074,0.000486,0.00148,0.001088,0.000261,0.000196,,500,,
0,0,,0.999743,0.000029,0.000024,0.000089,0.000073,0.00002,0.000022,,400,,
0,0,,0.998178,0.000011,0.000038,0.001688,0.000064,0.000018,0.000003,,500,,
0,0,,0.999743,0.000029,0.000024,0.000089,0.000073,0.00002,0.000022,,400,,
0,0,,0.999743,0.000029,0.000024,0.000089,0.000073,0.00002,0.000022,,400,,
0,0,,0.999743,0.000029,0.000024,0.000089,0.000073,0.00002,0.000022,,400,,
0,0,,0.995415,0.001074,0.000486,0.00148,0.001088,0.000261,0.000196,,400,,
0,0,,0.999743,0.000029,0.000024,0.000089,0.000073,0.00002,0.000022,,400,,
0,0,,0.999743,0.000029,0.000024,0.000089,0.000073,0.00002,0.000022,,500,,
0,0,,0.999743,0.000029,0.000024,0.000089,0.000073,0.00002,0.000022,,500,,
0,0,,0.999743,0.000029,0.000024,0.000089,0.000073,0.00002,0.000022,,500,,
0,0,,0.999743,0.000029,0.000024,0.000089,0.000073,0.00002,0.000022,,500,,
0,0,,0.999743,0.000029,0.000024,0.000089,0.000073,0.00002,0.000022,,400,,
0,0,,0.995415,0.001074,0.000486,0.00148,0.001088,0.000261,0.000196,,400,,
0,0,,0.999743,0.000029,0.000024,0.000089,0.000073,0.00002,0.000022,,400,,
0,0,,0.999743,0.000029,0.000024,0.000089,0.000073,0.00002,0.000022,,400,,
0,0,,0.999743,0.000029,0.000024,0.000089,0.000073,0.00002,0.000022,,400,,
0,0,,0.998178,0.000011,0.000038,0.001688,0.000064,0.000018,0.000003,,400,,
0,0,,0.995415,0.001074,0.000486,0.00148,0.001088,0.000261,0.000196,,400,,
0,0,,0.999743,0.000029,0.000024,0.000089,0.000073,0.00002,0.000022,,400,,
0,0,,0.999743,0.000029,0.000024,0.000089,0.000073,0.00002,0.000022,,400,,
0,0,,0.999743,0.000029,0.000024,0.000089,0.000073,0.00002,0.000022,,400,,
0,0,,0.998178,0.000011,0.000038,0.001688,0.000064,0.000018,0.000003,,400,,
0,0,,0.995415,0.001074,0.000486,0.00148,0.001088,0.000261,0.000196,,400,,
0,0,,0.999743,0.000029,0.000024,0.000089,0.000073,0.00002,0.000022,,400,,
0,0,,0.995415,0.001074,0.000486,0.00148,0.001088,0.000261,0.000196,,400,,
0,0,,0.999743,0.000029,0.000024,0.000089,0.000073,0.00002,0.000022,,500,,
0,0,,0.999743,0.000029,0.000024,0.000089,0.000073,0.00002,0.000022,,400,,
0,0,,0.995415,0.001074,0.000486,0.00148,0.001088,0.000261,0.000196,,400,,
0,0,,0.998185,0.000051,0.000173,0.001416,0.000081,0.00008,0.000014,,400,,
0,0,,0.999743,0.000029,0.000024,0.000089,0.000073,0.00002,0.000022,,400,,
0,0,,0.999743,0.000029,0.000024,0.000089,0.000073,0.00002,0.000022,,400,,
0,0,,0.995415,0.001074,0.000486,0.00148,0.001088,0.000261,0.000196,,400,,
0,0,,0.995415,0.001074,0.000486,0.00148,0.001088,0.000261,0.000196,,400,,
0,0,,0.995415,0.001074,0.000486,0.00148,0.001088,0.000261,0.000196,,400,,
0,0,,0.999743,0.000029,0.000024,0.000089,0.000073,0.00002,0.000022,,400,,
0,0,,0.999743,0.000029,0.000024,0.000089,0.000073,0.00002,0.000022,,400,,
0,0,,0.998178,0.000011,0.000038,0.001688,0.000064,0.000018,0.000003,,400,,
0,0,,0.995415,0.001074,0.000486,0.00148,0.001088,0.000261,0.000196,,400,,
0,0,,0.999743,0.000029,0.000024,0.000089,0.000073,0.00002,0.000022,,400,,
0,0,,0.999743,0.000029,0.000024,0.000089,0.000073,0.00002,0.000022,,400,,
0,0,,0.999743,0.000029,0.000024,0.000089,0.000073,0.00002,0.000022,,400,,
0,0,,0.995415,0.001074,0.000486,0.00148,0.001088,0.000261,0.000196,,400,,
0,0,,0.999743,0.000029,0.000024,0.000089,0.000073,0.00002,0.000022,,500,,
0,0,,0.995415,0.001074,0.000486,0.00148,0.001088,0.000261,0.000196,,500,,
0,0,,0.999743,0.000029,0.000024,0.000089,0.000073,0.00002,0.000022,,400,,
0,0,,0.999743,0.000029,0.000024,0.000089,0.000073,0.00002,0.000022,,400,,
0,0,,0.999743,0.000029,0.000024,0.000089,0.000073,0.00002,0.000022,,400,,
0,0,,0.999743,0.000029,0.000024,0.000089,0.000073,0.00002,0.000022,,400,,
0,0,,0.995415,0.001074,0.000486,0.00148,0.001088,0.000261,0.000196,,400,,
0,0,,0.999743,0.000029,0.000024,0.000089,0.000073,0.00002,0.000022,,400,,
0,0,,0.999743,0.000029,0.000024,0.000089,0.000073,0.00002,0.000022,,400,,
0,0,,0.999743,0.000029,0.000024,0.000089,0.000073,0.00002,0.000022,,400,,
0,0,,0.999743,0.000029,0.000024,0.000089,0.000073,0.00002,0.000022,,400,,
0,0,,0.995415,0.001074,0.000486,0.00148,0.001088,0.000261,0.000196,,400,,
0,0,,0.999743,0.000029,0.000024,0.000089,0.000073,0.00002,0.000022,,400,,
0,0,,0.995415,0.001074,0.000486,0.00148,0.001088,0.000261,0.000196,,400,,
0,0,,0.999743,0.000029,0.000024,0.000089,0.000073,0.00002,0.000022,,400,,
0,0,,0.995415,0.001074,0.000486,0.00148,0.001088,0.000261,0.000196,,400,,
0,0,,0.999743,0.000029,0.000024,0.000089,0.000073,0.00002,0.000022,,400,,
0,0,,0.999743,0.000029,0.000024,0.000089,0.000073,0.00002,0.000022,,500,,
0,0,,0.999743,0.000029,0.000024,0.000089,0.000073,0.00002,0.000022,,500,,
0,0,,0.998185,0.000051,0.000173,0.001416,0.000081,0.00008,0.000014,,500,,
0,0,,0.999743,0.000029,0.000024,0.000089,0.000073,0.00002,0.000022,,400,,
0,0,,0.999743,0.000029,0.000024,0.000089,0.000073,0.00002,0.000022,,500,,
0,0,,0.995415,0.001074,0.000486,0.00148,0.001088,0.000261,0.000196,,500,,
0,0,,0.999743,0.000029,0.000024,0.000089,0.000073,0.00002,0.000022,,500,,
0,0,,0.999743,0.000029,0.000024,0.000089,0.000073,0.00002,0.000022,,400,,
0,0,,0.998178,0.000011,0.000038,0.001688,0.000064,0.000018,0.000003,,500,,
0,0,,0.995415,0.001074,0.000486,0.00148,0.001088,0.000261,0.000196,,500,,
0,0,,0.995415,0.001074,0.000486,0.00148,0.001088,0.000261,0.000196,,500,,
0,0,,0.999743,0.000029,0.000024,0.000089,0.000073,0.00002,0.000022,,400,,
0,0,,0.999743,0.000029,0.000024,0.000089,0.000073,0.00002,0.000022,,400,,
0,0,,0.999743,0.000029,0.000024,0.000089,0.000073,0.00002,0.000022,,400,,
0,0,,0.999743,0.000029,0.000024,0.000089,0.000073,0.00002,0.000022,,400,,
0,0,,0.999743,0.000029,0.000024,0.000089,0.000073,0.00002,0.000022,,400,,
0,0,,0.995415,0.001074,0.000486,0.00148,0.001088,0.000261,0.000196,,400,,
0,0,,0.999743,0.000029,0.000024,0.000089,0.000073,0.00002,0.000022,,400,,
0,0,,0.999743,0.000029,0.000024,0.000089,0.000073,0.00002,0.000022,,500,,
0,0,,0.999743,0.000029,0.000024,0.000089,0.000073,0.00002,0.000022,,500,,
0,0,,0.999743,0.000029,0.000024,0.000089,0.000073,0.00002,0.000022,,500,,
0,0,,0.999743,0.000029,0.000024,0.000089,0.000073,0.00002,0.000022,,500,,
0,0,,0.999743,0.000029,0.000024,0.000089,0.000073,0.00002,0.000022,,400,,
0,0,,0.999743,0.000029,0.000024,0.000089,0.000073,0.00002,0.000022,,400,,
0,0,,0.999743,0.000029,0.000024,0.000089,0.000073,0.00002,0.000022,,400,,
0,0,,0.999743,0.000029,0.000024,0.000089,0.000073,0.00002,0.000022,,400,,
0,0,,0.999743,0.000029,0.000024,0.000089,0.000073,0.00002,0.000022,,400,,
0,0,,0.999743,0.000029,0.000024,0.000089,0.000073,0.00002,0.000022,,400,,
0,0,,0.999743,0.000029,0.000024,0.000089,0.000073,0.00002,0.000022,,400,,
0,0,,0.995415,0.001074,0.000486,0.00148,0.001088,0.000261,0.000196,,400,,
0,0,,0.995415,0.001074,0.000486,0.00148,0.001088,0.000261,0.000196,,400,,
0,0,,0.999743,0.000029,0.000024,0.000089,0.000073,0.00002,0.000022,,500,,
0,0,,0.995415,0.001074,0.000486,0.00148,0.001088,0.000261,0.000196,,500,,
0,0,,0.999743,0.000029,0.000024,0.000089,0.000073,0.00002,0.000022,,400,,
0,0,,0.995415,0.001074,0.000486,0.00148,0.001088,0.000261,0.000196,,400,,
0,0,,0.999743,0.000029,0.000024,0.000089,0.000073,0.00002,0.000022,,400,,
0,0,,0.999743,0.000029,0.000024,0.000089,0.000073,0.00002,0.000022,,400,,
0,0,,0.998178,0.000011,0.000038,0.001688,0.000064,0.000018,0.000003,,500,,
0,0,,0.999743,0.000029,0.000024,0.000089,0.000073,0.00002,0.000022,,400,,
0,0,,0.995415,0.001074,0.000486,0.00148,0.001088,0.000261,0.000196,,400,,
0,0,,0.999743,0.000029,0.000024,0.000089,0.000073,0.00002,0.000022,,400,,
0,0,,0.999743,0.000029,0.000024,0.000089,0.000073,0.00002,0.000022,,500,,
0,0,,0.995415,0.001074,0.000486,0.00148,0.001088,0.000261,0.000196,,500,,
0,0,,0.999743,0.000029,0.000024,0.000089,0.000073,0.00002,0.000022,,400,,
0,0,,0.995415,0.001074,0.000486,0.00148,0.001088,0.000261,0.000196,,400,,
0,0,,0.995415,0.001074,0.000486,0.00148,0.001088,0.000261,0.000196,,400,,
0,0,,0.995415,0.001074,0.000486,0.00148,0.001088,0.000261,0.000196,,400,,
0,0,,0.999743,0.000029,0.000024,0.000089,0.000073,0.00002,0.000022,,400,,
0,0,,0.999743,0.000029,0.000024,0.000089,0.000073,0.00002,0.000022,,400,,
0,0,,0.999743,0.000029,0.000024,0.000089,0.000073,0.00002,0.000022,,500,,
0,0,,0.998178,0.000011,0.000038,0.001688,0.000064,0.000018,0.000003,,500,,
0,0,,0.998185,0.000051,0.000173,0.001416,0.000081,0.00008,0.000014,,400,,
0,0,,0.999743,0.000029,0.000024,0.000089,0.000073,0.00002,0.000022,,400,,
0,0,,0.995415,0.001074,0.000486,0.00148,0.001088,0.000261,0.000196,,400,,
0,0,,0.995415,0.001074,0.000486,0.00148,0.001088,0.000261,0.000196,,400,,
0,0,,0.999743,0.000029,0.000024,0.000089,0.000073,0.00002,0.000022,,500,,
0,0,,0.999743,0.000029,0.000024,0.000089,0.000073,0.00002,0.000022,,500,,
0,0,,0.999743,0.000029,0.000024,0.000089,0.000073,0.00002,0.000022,,500,,
0,0,,0.995415,0.001074,0.000486,0.00148,0.001088,0.000261,0.000196,,500,,
0,0,,0.999743,0.000029,0.000024,0.000089,0.000073,0.00002,0.000022,,500,,
0,0,,0.999743,0.000029,0.000024,0.000089,0.000073,0.00002,0.000022,,400,,
0,0,,0.999743,0.000029,0.000024,0.000089,0.000073,0.00002,0.000022,,400,,
0,0,,0.999743,0.000029,0.000024,0.000089,0.000073,0.00002,0.000022,,400,,
0,0,,0.995415,0.001074,0.000486,0.00148,0.001088,0.000261,0.000196,,400,,
0,0,,0.999743,0.000029,0.000024,0.000089,0.000073,0.00002,0.000022,,400,,
0,0,,0.999743,0.000029,0.000024,0.000089,0.000073,0.00002,0.000022,,400,,
0,0,,0.999743,0.000029,0.000024,0.000089,0.000073,0.00002,0.000022,,400,,
0,0,,0.999743,0.000029,0.000024,0.000089,0.000073,0.00002,0.000022,,400,,
0,0,,0.999743,0.000029,0.000024,0.000089,0.000073,0.00002,0.000022,,500,,
0,0,,0.995415,0.001074,0.000486,0.00148,0.001088,0.000261,0.000196,,500,,
0,0,,0.999743,0.000029,0.000024,0.000089,0.000073,0.00002,0.000022,,400,,
0,0,,0.999743,0.000029,0.000024,0.000089,0.000073,0.00002,0.000022,,400,,
0,0,,0.998185,0.000051,0.000173,0.001416,0.000081,0.00008,0.000014,,400,,
0,0,,0.995415,0.001074,0.000486,0.00148,0.001088,0.000261,0.000196,,400,,
0,0,,0.999743,0.000029,0.000024,0.000089,0.000073,0.00002,0.000022,,400,,
0,0,,0.999743,0.000029,0.000024,0.000089,0.000073,0.00002,0.000022,,400,,
0,0,,0.999743,0.000029,0.000024,0.000089,0.000073,0.00002,0.000022,,400,,
0,0,,0.999743,0.000029,0.000024,0.000089,0.000073,0.00002,0.000022,,400,,
0,0,,0.999743,0.000029,0.000024,0.000089,0.000073,0.00002,0.000022,,400,,
0,0,,0.995415,0.001074,0.000486,0.00148,0.001088,0.000261,0.000196,,500,,
0,0,,0.999743,0.000029,0.000024,0.000089,0.000073,0.00002,0.000022,,500,,
0,0,,0.999743,0.000029,0.000024,0.000089,0.000073,0.00002,0.000022,,400,,
0,0,,0.999743,0.000029,0.000024,0.000089,0.000073,0.00002,0.000022,,400,,
0,0,,0.999743,0.000029,0.000024,0.000089,0.000073,0.00002,0.000022,,400,,
0,0,,0.999743,0.000029,0.000024,0.000089,0.000073,0.00002,0.000022,,400,,
0,0,,0.999743,0.000029,0.000024,0.000089,0.000073,0.00002,0.000022,,400,,
0,0,,0.999743,0.000029,0.000024,0.000089,0.000073,0.00002,0.000022,,400,,
0,0,,0.999743,0.000029,0.000024,0.000089,0.000073,0.00002,0.000022,,500,,
0,0,,0.999743,0.000029,0.000024,0.000089,0.000073,0.00002,0.000022,,500,,
0,0,,0.998178,0.000011,0.000038,0.001688,0.000064,0.000018,0.000003,,500,,
0,0,,0.999743,0.000029,0.000024,0.000089,0.000073,0.00002,0.000022,,400,,
0,0,,0.999743,0.000029,0.000024,0.000089,0.000073,0.00002,0.000022,,400,,
0,0,,0.999743,0.000029,0.000024,0.000089,0.000073,0.00002,0.000022,,400,,
0,0,,0.998178,0.000011,0.000038,0.001688,0.000064,0.000018,0.000003,,400,,
0,0,,0.999743,0.000029,0.000024,0.000089,0.000073,0.00002,0.000022,,400,,
0,0,,0.999743,0.000029,0.000024,0.000089,0.000073,0.00002,0.000022,,400,,
0,0,,0.995415,0.001074,0.000486,0.00148,0.001088,0.000261,0.000196,,400,,
0,0,,0.999743,0.000029,0.000024,0.000089,0.000073,0.00002,0.000022,,400,,
0,0,,0.999743,0.000029,0.000024,0.000089,0.000073,0.00002,0.000022,,400,,
0,0,,0.998178,0.000011,0.000038,0.001688,0.000064,0.000018,0.000003,,500,,
0,0,,0.999743,0.000029,0.000024,0.000089,0.000073,0.00002,0.000022,,400,,
0,0,,0.999743,0.000029,0.000024,0.000089,0.000073,0.00002,0.000022,,400,,
0,0,,0.999743,0.000029,0.000024,0.000089,0.000073,0.00002,0.000022,,400,,
0,0,,0.998178,0.000011,0.000038,0.001688,0.000064,0.000018,0.000003,,400,,
0,0,,0.999743,0.000029,0.000024,0.000089,0.000073,0.00002,0.000022,,400,,
0,0,,0.999743,0.000029,0.000024,0.000089,0.000073,0.00002,0.000022,,500,,
0,0,,0.999743,0.000029,0.000024,0.000089,0.000073,0.00002,0.000022,,500,,
0,0,,0.999743,0.000029,0.000024,0.000089,0.000073,0.00002,0.000022,,500,,
0,0,,0.995415,0.001074,0.000486,0.00148,0.001088,0.000261,0.000196,,500,,
0,0,,0.999743,0.000029,0.000024,0.000089,0.000073,0.00002,0.000022,,400,,
0,0,,0.999743,0.000029,0.000024,0.000089,0.000073,0.00002,0.000022,,400,,
0,0,,0.999743,0.000029,0.000024,0.000089,0.000073,0.00002,0.000022,,400,,
0,0,,0.999743,0.000029,0.000024,0.000089,0.000073,0.00002,0.000022,,400,,
0,0,,0.999743,0.000029,0.000024,0.000089,0.000073,0.00002,0.000022,,400,,
0,0,,0.999743,0.000029,0.000024,0.000089,0.000073,0.00002,0.000022,,400,,
0,0,,0.995415,0.001074,0.000486,0.00148,0.001088,0.000261,0.000196,,400,,
0,0,,0.999743,0.000029,0.000024,0.000089,0.000073,0.00002,0.000022,,500,,
0,0,,0.998178,0.000011,0.000038,0.001688,0.000064,0.000018,0.000003,,500,,
0,0,,0.999743,0.000029,0.000024,0.000089,0.000073,0.00002,0.000022,,400,,
0,0,,0.995415,0.001074,0.000486,0.00148,0.001088,0.000261,0.000196,,400,,
0,0,,0.999743,0.000029,0.000024,0.000089,0.000073,0.00002,0.000022,,400,,
0,0,,0.999743,0.000029,0.000024,0.000089,0.000073,0.00002,0.000022,,400,,
0,0,,0.999743,0.000029,0.000024,0.000089,0.000073,0.00002,0.000022,,500,,
0,0,,0.999743,0.000029,0.000024,0.000089,0.000073,0.00002,0.000022,,500,,
0,0,,0.995415,0.001074,0.000486,0.00148,0.001088,0.000261,0.000196,,400,,
0,0,,0.995415,0.001074,0.000486,0.00148,0.001088,0.000261,0.000196,,400,,
0,0,,0.999743,0.000029,0.000024,0.000089,0.000073,0.00002,0.000022,,400,,
0,0,,0.999743,0.000029,0.000024,0.000089,0.000073,0.00002,0.000022,,400,,
0,0,,0.999743,0.000029,0.000024,0.000089,0.000073,0.00002,0.000022,,400,,
0,0,,0.995415,0.001074,0.000486,0.00148,0.001088,0.000261,0.000196,,400,,
0,0,,0.995415,0.001074,0.000486,0.00148,0.001088,0.000261,0.000196,,500,,
0,0,,0.999743,0.000029,0.000024,0.000089,0.000073,0.00002,0.000022,,500,,
0,0,,0.999743,0.000029,0.000024,0.000089,0.000073,0.00002,0.000022,,500,,
0,0,,0.998178,0.000011,0.000038,0.001688,0.000064,0.000018,0.000003,,500,,
0,0,,0.998185,0.000051,0.000173,0.001416,0.000081,0.00008,0.000014,,400,,
0,0,,0.995415,0.001074,0.000486,0.00148,0.001088,0.000261,0.000196,,400,,
0,0,,0.999743,0.000029,0.000024,0.000089,0.000073,0.00002,0.000022,,400,,
0,0,,0.995415,0.001074,0.000486,0.00148,0.001088,0.000261,0.000196,,400,,
0,0,,0.999743,0.000029,0.000024,0.000089,0.000073,0.00002,0.000022,,400,,
0,0,,0.998178,0.000011,0.000038,0.001688,0.000064,0.000018,0.000003,,400,,
0,0,,0.995415,0.001074,0.000486,0.00148,0.001088,0.000261,0.000196,,400,,
0,0,,0.999743,0.000029,0.000024,0.000089,0.000073,0.00002,0.000022,,400,,
0,0,,0.995415,0.001074,0.000486,0.00148,0.001088,0.000261,0.000196,,500,,
0,0,,0.999743,0.000029,0.000024,0.000089,0.000073,0.00002,0.000022,,400,,
0,0,,0.999743,0.000029,0.000024,0.000089,0.000073,0.00002,0.000022,,400,,
0,0,,0.995415,0.001074,0.000486,0.00148,0.001088,0.000261,0.000196,,400,,
0,0,,0.998185,0.000051,0.000173,0.001416,0.000081,0.00008,0.000014,,500,,
0,0,,0.999743,0.000029,0.000024,0.000089,0.000073,0.00002,0.000022,,400,,
0,0,,0.999743,0.000029,0.000024,0.000089,0.000073,0.00002,0.000022,,400,,
0,0,,0.998178,0.000011,0.000038,0.001688,0.000064,0.000018,0.000003,,500,,
0,0,,0.999743,0.000029,0.000024,0.000089,0.000073,0.00002,0.000022,,500,,
0,0,,0.999743,0.000029,0.000024,0.000089,0.000073,0.00002,0.000022,,500,,
0,0,,0.999743,0.000029,0.000024,0.000089,0.000073,0.00002,0.000022,,500,,
0,0,,0.995415,0.001074,0.000486,0.00148,0.001088,0.000261,0.000196,,400,,
0,0,,0.995415,0.001074,0.000486,0.00148,0.001088,0.000261,0.000196,,400,,
0,0,,0.999743,0.000029,0.000024,0.000089,0.000073,0.00002,0.000022,,400,,
0,0,,0.998178,0.000011,0.000038,0.001688,0.000064,0.000018,0.000003,,400,,
0,0,,0.995415,0.001074,0.000486,0.00148,0.001088,0.000261,0.000196,,400,,
0,0,,0.999743,0.000029,0.000024,0.000089,0.000073,0.00002,0.000022,,400,,
0,0,,0.995415,0.001074,0.000486,0.00148,0.001088,0.000261,0.000196,,400,,
0,0,,0.995415,0.001074,0.000486,0.00148,0.001088,0.000261,0.000196,,400,,
0,0,,0.999743,0.000029,0.000024,0.000089,0.000073,0.00002,0.000022,,400,,
0,0,,0.998178,0.000011,0.000038,0.001688,0.000064,0.000018,0.000003,,400,,
0,0,,0.999743,0.000029,0.000024,0.000089,0.000073,0.00002,0.000022,,400,,
0,0,,0.999743,0.000029,0.000024,0.000089,0.000073,0.00002,0.000022,,400,,
0,0,,0.999743,0.000029,0.000024,0.000089,0.000073,0.00002,0.000022,,400,,
0,0,,0.999743,0.000029,0.000024,0.000089,0.000073,0.00002,0.000022,,400,,
0,0,,0.999743,0.000029,0.000024,0.000089,0.000073,0.00002,0.000022,,400,,
0,0,,0.995415,0.001074,0.000486,0.00148,0.001088,0.000261,0.000196,,500,,
0,0,,0.999743,0.000029,0.000024,0.000089,0.000073,0.00002,0.000022,,500,,
0,0,,0.999743,0.000029,0.000024,0.000089,0.000073,0.00002,0.000022,,500,,
0,0,,0.995415,0.001074,0.000486,0.00148,0.001088,0.000261,0.000196,,400,,
0,0,,0.999743,0.000029,0.000024,0.000089,0.000073,0.00002,0.000022,,400,,
0,0,,0.995415,0.001074,0.000486,0.00148,0.001088,0.000261,0.000196,,400,,
0,0,,0.995415,0.001074,0.000486,0.00148,0.001088,0.000261,0.000196,,400,,
0,0,,0.999743,0.000029,0.000024,0.000089,0.000073,0.00002,0.000022,,500,,
0,0,,0.995415,0.001074,0.000486,0.00148,0.001088,0.000261,0.000196,,500,,
0,0,,0.999743,0.000029,0.000024,0.000089,0.000073,0.00002,0.000022,,500,,
0,0,,0.999743,0.000029,0.000024,0.000089,0.000073,0.00002,0.000022,,400,,
0,0,,0.998178,0.000011,0.000038,0.001688,0.000064,0.000018,0.000003,,500,,
0,0,,0.998185,0.000051,0.000173,0.001416,0.000081,0.00008,0.000014,,400,,
0,0,,0.995415,0.001074,0.000486,0.00148,0.001088,0.000261,0.000196,,400,,
0,0,,0.998178,0.000011,0.000038,0.001688,0.000064,0.000018,0.000003,,400,,
0,0,,0.995415,0.001074,0.000486,0.00148,0.001088,0.000261,0.000196,,400,,
0,0,,0.999743,0.000029,0.000024,0.000089,0.000073,0.00002,0.000022,,400,,
0,0,,0.995415,0.001074,0.000486,0.00148,0.001088,0.000261,0.000196,,400,,
0,0,,0.999743,0.000029,0.000024,0.000089,0.000073,0.00002,0.000022,,400,,
0,0,,0.999743,0.000029,0.000024,0.000089,0.000073,0.00002,0.000022,,500,,
0,0,,0.999743,0.000029,0.000024,0.000089,0.000073,0.00002,0.000022,,500,,
0,0,,0.998185,0.000051,0.000173,0.001416,0.000081,0.00008,0.000014,,500,,
0,0,,0.995415,0.001074,0.000486,0.00148,0.001088,0.000261,0.000196,,500,,
0,0,,0.999743,0.000029,0.000024,0.000089,0.000073,0.00002,0.000022,,400,,
0,0,,0.999743,0.000029,0.000024,0.000089,0.000073,0.00002,0.000022,,400,,
0,0,,0.999743,0.000029,0.000024,0.000089,0.000073,0.00002,0.000022,,500,,
0,0,,0.999743,0.000029,0.000024,0.000089,0.000073,0.00002,0.000022,,500,,
0,0,,0.999743,0.000029,0.000024,0.000089,0.000073,0.00002,0.000022,,500,,
0,0,,0.995415,0.001074,0.000486,0.00148,0.001088,0.000261,0.000196,,500,,
0,0,,0.995415,0.001074,0.000486,0.00148,0.001088,0.000261,0.000196,,400,,
0,0,,0.995415,0.001074,0.000486,0.00148,0.001088,0.000261,0.000196,,400,,
0,0,,0.995415,0.001074,0.000486,0.00148,0.001088,0.000261,0.000196,,400,,
0,0,,0.999743,0.000029,0.000024,0.000089,0.000073,0.00002,0.000022,,400,,
0,0,,0.999743,0.000029,0.000024,0.000089,0.000073,0.00002,0.000022,,400,,
0,0,,0.995415,0.001074,0.000486,0.00148,0.001088,0.000261,0.000196,,400,,
0,0,,0.995415,0.001074,0.000486,0.00148,0.001088,0.000261,0.000196,,400,,
0,0,,0.999743,0.000029,0.000024,0.000089,0.000073,0.00002,0.000022,,400,,
0,0,,0.999743,0.000029,0.000024,0.000089,0.000073,0.00002,0.000022,,400,,
0,0,,0.995415,0.001074,0.000486,0.00148,0.001088,0.000261,0.000196,,500,,
0,0,,0.995415,0.001074,0.000486,0.00148,0.001088,0.000261,0.000196,,500,,
0,0,,0.999743,0.000029,0.000024,0.000089,0.000073,0.00002,0.000022,,500,,
0,0,,0.995415,0.001074,0.000486,0.00148,0.001088,0.000261,0.000196,,400,,
0,0,,0.999743,0.000029,0.000024,0.000089,0.000073,0.00002,0.000022,,400,,
0,0,,0.999743,0.000029,0.000024,0.000089,0.000073,0.00002,0.000022,,400,,
0,0,,0.999743,0.000029,0.000024,0.000089,0.000073,0.00002,0.000022,,400,,
0,0,,0.995415,0.001074,0.000486,0.00148,0.001088,0.000261,0.000196,,400,,
0,0,,0.998178,0.000011,0.000038,0.001688,0.000064,0.000018,0.000003,,500,,
0,0,,0.999743,0.000029,0.000024,0.000089,0.000073,0.00002,0.000022,,400,,
0,0,,0.995415,0.001074,0.000486,0.00148,0.001088,0.000261,0.000196,,400,,
0,0,,0.999743,0.000029,0.000024,0.000089,0.000073,0.00002,0.000022,,400,,
0,0,,0.995415,0.001074,0.000486,0.00148,0.001088,0.000261,0.000196,,400,,
0,0,,0.995415,0.001074,0.000486,0.00148,0.001088,0.000261,0.000196,,400,,
0,0,,0.995415,0.001074,0.000486,0.00148,0.001088,0.000261,0.000196,,400,,
0,0,,0.995415,0.001074,0.000486,0.00148,0.001088,0.000261,0.000196,,500,,
0,0,,0.998178,0.000011,0.000038,0.001688,0.000064,0.000018,0.000003,,500,,
0,0,,0.999743,0.000029,0.000024,0.000089,0.000073,0.00002,0.000022,,400,,
0,0,,0.999743,0.000029,0.000024,0.000089,0.000073,0.00002,0.000022,,400,,
0,0,,0.999743,0.000029,0.000024,0.000089,0.000073,0.00002,0.000022,,400,,
0,0,,0.998185,0.000051,0.000173,0.001416,0.000081,0.00008,0.000014,,500,,
0,0,,0.998178,0.000011,0.000038,0.001688,0.000064,0.000018,0.000003,,400,,
0,0,,0.995415,0.001074,0.000486,0.00148,0.001088,0.000261,0.000196,,400,,
0,0,,0.998178,0.000011,0.000038,0.001688,0.000064,0.000018,0.000003,,500,,
0,0,,0.999743,0.000029,0.000024,0.000089,0.000073,0.00002,0.000022,,500,,
0,0,,0.999743,0.000029,0.000024,0.000089,0.000073,0.00002,0.000022,,400,,
0,0,,0.998185,0.000051,0.000173,0.001416,0.000081,0.00008,0.000014,,500,,
0,0,,0.995415,0.001074,0.000486,0.00148,0.001088,0.000261,0.000196,,500,,
0,0,,0.995415,0.001074,0.000486,0.00148,0.001088,0.000261,0.000196,,400,,
0,0,,0.995415,0.001074,0.000486,0.00148,0.001088,0.000261,0.000196,,400,,
0,0,,0.995415,0.001074,0.000486,0.00148,0.001088,0.000261,0.000196,,400,,
0,0,,0.999743,0.000029,0.000024,0.000089,0.000073,0.00002,0.000022,,400,,
0,0,,0.999743,0.000029,0.000024,0.000089,0.000073,0.00002,0.000022,,400,,
0,0,,0.998185,0.000051,0.000173,0.001416,0.000081,0.00008,0.000014,,400,,
0,0,,0.995415,0.001074,0.000486,0.00148,0.001088,0.000261,0.000196,,400,,
0,0,,0.999743,0.000029,0.000024,0.000089,0.000073,0.00002,0.000022,,400,,
0,0,,0.999743,0.000029,0.000024,0.000089,0.000073,0.00002,0.000022,,400,,
0,0,,0.999743,0.000029,0.000024,0.000089,0.000073,0.00002,0.000022,,400,,
0,0,,0.999743,0.000029,0.000024,0.000089,0.000073,0.00002,0.000022,,400,,
0,0,,0.999743,0.000029,0.000024,0.000089,0.000073,0.00002,0.000022,,400,,
0,0,,0.999743,0.000029,0.000024,0.000089,0.000073,0.00002,0.000022,,500,,
0,0,,0.995415,0.001074,0.000486,0.00148,0.001088,0.000261,0.000196,,500,,
0,0,,0.999743,0.000029,0.000024,0.000089,0.000073,0.00002,0.000022,,500,,
0,0,,0.995415,0.001074,0.000486,0.00148,0.001088,0.000261,0.000196,,500,,
0,0,,0.995415,0.001074,0.000486,0.00148,0.001088,0.000261,0.000196,,400,,
0,0,,0.998178,0.000011,0.000038,0.001688,0.000064,0.000018,0.000003,,500,,
0,0,,0.999743,0.000029,0.000024,0.000089,0.000073,0.00002,0.000022,,400,,
0,0,,0.995415,0.001074,0.000486,0.00148,0.001088,0.000261,0.000196,,500,,
0,0,,0.999743,0.000029,0.000024,0.000089,0.000073,0.00002,0.000022,,500,,
0,0,,0.999743,0.000029,0.000024,0.000089,0.000073,0.00002,0.000022,,500,,
0,0,,0.995415,0.001074,0.000486,0.00148,0.001088,0.000261,0.000196,,400,,
0,0,,0.999743,0.000029,0.000024,0.000089,0.000073,0.00002,0.000022,,400,,
0,0,,0.999743,0.000029,0.000024,0.000089,0.000073,0.00002,0.000022,,400,,
0,0,,0.999743,0.000029,0.000024,0.000089,0.000073,0.00002,0.000022,,400,,
0,0,,0.998178,0.000011,0.000038,0.001688,0.000064,0.000018,0.000003,,500,,
0,0,,0.999743,0.000029,0.000024,0.000089,0.000073,0.00002,0.000022,,400,,
0,0,,0.999743,0.000029,0.000024,0.000089,0.000073,0.00002,0.000022,,400,,
0,0,,0.999743,0.000029,0.000024,0.000089,0.000073,0.00002,0.000022,,400,,
0,0,,0.995415,0.001074,0.000486,0.00148,0.001088,0.000261,0.000196,,400,,
0,0,,0.999743,0.000029,0.000024,0.000089,0.000073,0.00002,0.000022,,400,,
0,0,,0.998178,0.000011,0.000038,0.001688,0.000064,0.000018,0.000003,,400,,
0,0,,0.995415,0.001074,0.000486,0.00148,0.001088,0.000261,0.000196,,400,,
0,0,,0.999743,0.000029,0.000024,0.000089,0.000073,0.00002,0.000022,,400,,
0,0,,0.999743,0.000029,0.000024,0.000089,0.000073,0.00002,0.000022,,400,,
0,0,,0.995415,0.001074,0.000486,0.00148,0.001088,0.000261,0.000196,,400,,
0,0,,0.999743,0.000029,0.000024,0.000089,0.000073,0.00002,0.000022,,400,,
0,0,,0.999743,0.000029,0.000024,0.000089,0.000073,0.00002,0.000022,,500,,
0,0,,0.995415,0.001074,0.000486,0.00148,0.001088,0.000261,0.000196,,500,,
0,0,,0.999743,0.000029,0.000024,0.000089,0.000073,0.00002,0.000022,,500,,
0,0,,0.999743,0.000029,0.000024,0.000089,0.000073,0.00002,0.000022,,500,,
0,0,,0.999743,0.000029,0.000024,0.000089,0.000073,0.00002,0.000022,,400,,
0,0,,0.999743,0.000029,0.000024,0.000089,0.000073,0.00002,0.000022,,400,,
0,0,,0.999743,0.000029,0.000024,0.000089,0.000073,0.00002,0.000022,,400,,
0,0,,0.999743,0.000029,0.000024,0.000089,0.000073,0.00002,0.000022,,400,,
0,0,,0.995415,0.001074,0.000486,0.00148,0.001088,0.000261,0.000196,,400,,
0,0,,0.998185,0.000051,0.000173,0.001416,0.000081,0.00008,0.000014,,400,,
0,0,,0.999743,0.000029,0.000024,0.000089,0.000073,0.00002,0.000022,,400,,
0,0,,0.995415,0.001074,0.000486,0.00148,0.001088,0.000261,0.000196,,400,,
0,0,,0.999743,0.000029,0.000024,0.000089,0.000073,0.00002,0.000022,,400,,
0,0,,0.999743,0.000029,0.000024,0.000089,0.000073,0.00002,0.000022,,400,,
0,0,,0.999743,0.000029,0.000024,0.000089,0.000073,0.00002,0.000022,,400,,
0,0,,0.999743,0.000029,0.000024,0.000089,0.000073,0.00002,0.000022,,400,,
0,0,,0.998185,0.000051,0.000173,0.001416,0.000081,0.00008,0.000014,,400,,
0,0,,0.995415,0.001074,0.000486,0.00148,0.001088,0.000261,0.000196,,400,,
0,0,,0.995415,0.001074,0.000486,0.00148,0.001088,0.000261,0.000196,,400,,
0,0,,0.998185,0.000051,0.000173,0.001416,0.000081,0.00008,0.000014,,400,,
0,0,,0.999743,0.000029,0.000024,0.000089,0.000073,0.00002,0.000022,,400,,
0,0,,0.999743,0.000029,0.000024,0.000089,0.000073,0.00002,0.000022,,400,,
0,0,,0.998185,0.000051,0.000173,0.001416,0.000081,0.00008,0.000014,,500,,
0,0,,0.999743,0.000029,0.000024,0.000089,0.000073,0.00002,0.000022,,500,,
0,0,,0.995415,0.001074,0.000486,0.00148,0.001088,0.000261,0.000196,,400,,
0,0,,0.999743,0.000029,0.000024,0.000089,0.000073,0.00002,0.000022,,400,,
0,0,,0.999743,0.000029,0.000024,0.000089,0.000073,0.00002,0.000022,,400,,
0,0,,0.999743,0.000029,0.000024,0.000089,0.000073,0.00002,0.000022,,400,,
0,0,,0.995415,0.001074,0.000486,0.00148,0.001088,0.000261,0.000196,,400,,
0,0,,0.999743,0.000029,0.000024,0.000089,0.000073,0.00002,0.000022,,400,,
0,0,,0.999743,0.000029,0.000024,0.000089,0.000073,0.00002,0.000022,,400,,
0,0,,0.995415,0.001074,0.000486,0.00148,0.001088,0.000261,0.000196,,400,,
0,0,,0.995415,0.001074,0.000486,0.00148,0.001088,0.000261,0.000196,,500,,
0,0,,0.999743,0.000029,0.000024,0.000089,0.000073,0.00002,0.000022,,500,,
0,0,,0.998178,0.000011,0.000038,0.001688,0.000064,0.000018,0.000003,,500,,
0,0,,0.995415,0.001074,0.000486,0.00148,0.001088,0.000261,0.000196,,400,,
0,0,,0.999743,0.000029,0.000024,0.000089,0.000073,0.00002,0.000022,,400,,
0,0,,0.998178,0.000011,0.000038,0.001688,0.000064,0.000018,0.000003,,500,,
0,0,,0.998178,0.000011,0.000038,0.001688,0.000064,0.000018,0.000003,,500,,
0,0,,0.999743,0.000029,0.000024,0.000089,0.000073,0.00002,0.000022,,500,,
0,0,,0.999743,0.000029,0.000024,0.000089,0.000073,0.00002,0.000022,,400,,
0,0,,0.995415,0.001074,0.000486,0.00148,0.001088,0.000261,0.000196,,400,,
0,0,,0.999743,0.000029,0.000024,0.000089,0.000073,0.00002,0.000022,,500,,
0,0,,0.995415,0.001074,0.000486,0.00148,0.001088,0.000261,0.000196,,400,,
0,0,,0.999743,0.000029,0.000024,0.000089,0.000073,0.00002,0.000022,,400,,
0,0,,0.995415,0.001074,0.000486,0.00148,0.001088,0.000261,0.000196,,400,,
0,0,,0.999743,0.000029,0.000024,0.000089,0.000073,0.00002,0.000022,,400,,
0,0,,0.999743,0.000029,0.000024,0.000089,0.000073,0.00002,0.000022,,400,,
0,0,,0.999743,0.000029,0.000024,0.000089,0.000073,0.00002,0.000022,,400,,
0,0,,0.998178,0.000011,0.000038,0.001688,0.000064,0.000018,0.000003,,400,,
0,0,,0.999743,0.000029,0.000024,0.000089,0.000073,0.00002,0.000022,,400,,
0,0,,0.995415,0.001074,0.000486,0.00148,0.001088,0.000261,0.000196,,400,,
0,0,,0.999743,0.000029,0.000024,0.000089,0.000073,0.00002,0.000022,,400,,
0,0,,0.995415,0.001074,0.000486,0.00148,0.001088,0.000261,0.000196,,400,,
0,0,,0.995415,0.001074,0.000486,0.00148,0.001088,0.000261,0.000196,,400,,
0,0,,0.999743,0.000029,0.000024,0.000089,0.000073,0.00002,0.000022,,400,,
0,0,,0.999743,0.000029,0.000024,0.000089,0.000073,0.00002,0.000022,,400,,
0,0,,0.995415,0.001074,0.000486,0.00148,0.001088,0.000261,0.000196,,500,,
0,0,,0.995415,0.001074,0.000486,0.00148,0.001088,0.000261,0.000196,,500,,
0,0,,0.995415,0.001074,0.000486,0.00148,0.001088,0.000261,0.000196,,500,,
0,0,,0.998178,0.000011,0.000038,0.001688,0.000064,0.000018,0.000003,,500,,
0,0,,0.999743,0.000029,0.000024,0.000089,0.000073,0.00002,0.000022,,400,,
0,0,,0.999743,0.000029,0.000024,0.000089,0.000073,0.00002,0.000022,,400,,
0,0,,0.995415,0.001074,0.000486,0.00148,0.001088,0.000261,0.000196,,500,,
0,0,,0.998185,0.000051,0.000173,0.001416,0.000081,0.00008,0.000014,,500,,
0,0,,0.999743,0.000029,0.000024,0.000089,0.000073,0.00002,0.000022,,400,,
0,0,,0.998178,0.000011,0.000038,0.001688,0.000064,0.000018,0.000003,,500,,
0,0,,0.999743,0.000029,0.000024,0.000089,0.000073,0.00002,0.000022,,400,,
0,0,,0.998185,0.000051,0.000173,0.001416,0.000081,0.00008,0.000014,,400,,
0,0,,0.998178,0.000011,0.000038,0.001688,0.000064,0.000018,0.000003,,500,,
0,0,,0.999743,0.000029,0.000024,0.000089,0.000073,0.00002,0.000022,,500,,
0,0,,0.999743,0.000029,0.000024,0.000089,0.000073,0.00002,0.000022,,400,,
0,0,,0.998178,0.000011,0.000038,0.001688,0.000064,0.000018,0.000003,,500,,
0,0,,0.999743,0.000029,0.000024,0.000089,0.000073,0.00002,0.000022,,500,,
0,0,,0.999743,0.000029,0.000024,0.000089,0.000073,0.00002,0.000022,,500,,
0,0,,0.999743,0.000029,0.000024,0.000089,0.000073,0.00002,0.000022,,400,,
0,0,,0.999743,0.000029,0.000024,0.000089,0.000073,0.00002,0.000022,,400,,
0,0,,0.995415,0.001074,0.000486,0.00148,0.001088,0.000261,0.000196,,400,,
0,0,,0.995415,0.001074,0.000486,0.00148,0.001088,0.000261,0.000196,,400,,
0,0,,0.999743,0.000029,0.000024,0.000089,0.000073,0.00002,0.000022,,400,,
0,0,,0.999743,0.000029,0.000024,0.000089,0.000073,0.00002,0.000022,,400,,
0,0,,0.999743,0.000029,0.000024,0.000089,0.000073,0.00002,0.000022,,400,,
0,0,,0.999743,0.000029,0.000024,0.000089,0.000073,0.00002,0.000022,,400,,
0,0,,0.999743,0.000029,0.000024,0.000089,0.000073,0.00002,0.000022,,400,,
0,0,,0.995415,0.001074,0.000486,0.00148,0.001088,0.000261,0.000196,,400,,
0,0,,0.999743,0.000029,0.000024,0.000089,0.000073,0.00002,0.000022,,500,,
0,0,,0.999743,0.000029,0.000024,0.000089,0.000073,0.00002,0.000022,,500,,
0,0,,0.995415,0.001074,0.000486,0.00148,0.001088,0.000261,0.000196,,500,,
0,0,,0.999743,0.000029,0.000024,0.000089,0.000073,0.00002,0.000022,,400,,
0,0,,0.999743,0.000029,0.000024,0.000089,0.000073,0.00002,0.000022,,400,,
0,0,,0.999743,0.000029,0.000024,0.000089,0.000073,0.00002,0.000022,,400,,
0,0,,0.999743,0.000029,0.000024,0.000089,0.000073,0.00002,0.000022,,400,,
0,0,,0.995415,0.001074,0.000486,0.00148,0.001088,0.000261,0.000196,,400,,
0,0,,0.995415,0.001074,0.000486,0.00148,0.001088,0.000261,0.000196,,400,,
0,0,,0.999743,0.000029,0.000024,0.000089,0.000073,0.00002,0.000022,,400,,
0,0,,0.995415,0.001074,0.000486,0.00148,0.001088,0.000261,0.000196,,400,,
0,0,,0.999743,0.000029,0.000024,0.000089,0.000073,0.00002,0.000022,,500,,
0,0,,0.995415,0.001074,0.000486,0.00148,0.001088,0.000261,0.000196,,500,,
0,0,,0.999743,0.000029,0.000024,0.000089,0.000073,0.00002,0.000022,,500,,
0,0,,0.998178,0.000011,0.000038,0.001688,0.000064,0.000018,0.000003,,500,,
0,0,,0.999743,0.000029,0.000024,0.000089,0.000073,0.00002,0.000022,,400,,
0,0,,0.999743,0.000029,0.000024,0.000089,0.000073,0.00002,0.000022,,400,,
0,0,,0.999743,0.000029,0.000024,0.000089,0.000073,0.00002,0.000022,,500,,
0,0,,0.999743,0.000029,0.000024,0.000089,0.000073,0.00002,0.000022,,500,,
0,0,,0.998178,0.000011,0.000038,0.001688,0.000064,0.000018,0.000003,,500,,
0,0,,0.999743,0.000029,0.000024,0.000089,0.000073,0.00002,0.000022,,400,,
0,0,,0.999743,0.000029,0.000024,0.000089,0.000073,0.00002,0.000022,,500,,
0,0,,0.999743,0.000029,0.000024,0.000089,0.000073,0.00002,0.000022,,400,,
0,0,,0.999743,0.000029,0.000024,0.000089,0.000073,0.00002,0.000022,,400,,
0,0,,0.999743,0.000029,0.000024,0.000089,0.000073,0.00002,0.000022,,400,,
0,0,,0.995415,0.001074,0.000486,0.00148,0.001088,0.000261,0.000196,,400,,
0,0,,0.995415,0.001074,0.000486,0.00148,0.001088,0.000261,0.000196,,400,,
0,0,,0.999743,0.000029,0.000024,0.000089,0.000073,0.00002,0.000022,,400,,
0,0,,0.995415,0.001074,0.000486,0.00148,0.001088,0.000261,0.000196,,500,,
0,0,,0.999743,0.000029,0.000024,0.000089,0.000073,0.00002,0.000022,,500,,
0,0,,0.999743,0.000029,0.000024,0.000089,0.000073,0.00002,0.000022,,500,,
0,0,,0.999743,0.000029,0.000024,0.000089,0.000073,0.00002,0.000022,,400,,
0,0,,0.999743,0.000029,0.000024,0.000089,0.000073,0.00002,0.000022,,400,,
0,0,,0.998178,0.000011,0.000038,0.001688,0.000064,0.000018,0.000003,,500,,
0,0,,0.999743,0.000029,0.000024,0.000089,0.000073,0.00002,0.000022,,500,,
0,0,,0.999743,0.000029,0.000024,0.000089,0.000073,0.00002,0.000022,,400,,
0,0,,0.995415,0.001074,0.000486,0.00148,0.001088,0.000261,0.000196,,400,,
0,0,,0.998178,0.000011,0.000038,0.001688,0.000064,0.000018,0.000003,,500,,
0,0,,0.998178,0.000011,0.000038,0.001688,0.000064,0.000018,0.000003,,500,,
0,0,,0.995415,0.001074,0.000486,0.00148,0.001088,0.000261,0.000196,,400,,
0,0,,0.995415,0.001074,0.000486,0.00148,0.001088,0.000261,0.000196,,400,,
0,0,,0.995415,0.001074,0.000486,0.00148,0.001088,0.000261,0.000196,,400,,
0,0,,0.995415,0.001074,0.000486,0.00148,0.001088,0.000261,0.000196,,500,,
0,0,,0.999743,0.000029,0.000024,0.000089,0.000073,0.00002,0.000022,,500,,
0,0,,0.999743,0.000029,0.000024,0.000089,0.000073,0.00002,0.000022,,400,,
0,0,,0.999743,0.000029,0.000024,0.000089,0.000073,0.00002,0.000022,,400,,
0,0,,0.995415,0.001074,0.000486,0.00148,0.001088,0.000261,0.000196,,2000,,
0,0,,0.999743,0.000029,0.000024,0.000089,0.000073,0.00002,0.000022,,400,,
0,0,,0.999743,0.000029,0.000024,0.000089,0.000073,0.00002,0.000022,,500,,
0,0,,0.995415,0.001074,0.000486,0.00148,0.001088,0.000261,0.000196,,400,,
0,0,,0.998178,0.000011,0.000038,0.001688,0.000064,0.000018,0.000003,,500,,
0,0,,0.995415,0.001074,0.000486,0.00148,0.001088,0.000261,0.000196,,400,,
0,0,,0.995415,0.001074,0.000486,0.00148,0.001088,0.000261,0.000196,,400,,
0,0,,0.999743,0.000029,0.000024,0.000089,0.000073,0.00002,0.000022,,400,,
0,0,,0.999743,0.000029,0.000024,0.000089,0.000073,0.00002,0.000022,,400,,
0,0,,0.999743,0.000029,0.000024,0.000089,0.000073,0.00002,0.000022,,400,,
0,0,,0.999743,0.000029,0.000024,0.000089,0.000073,0.00002,0.000022,,400,,
0,0,,0.995415,0.001074,0.000486,0.00148,0.001088,0.000261,0.000196,,400,,
0,0,,0.999743,0.000029,0.000024,0.000089,0.000073,0.00002,0.000022,,400,,
0,0,,0.995415,0.001074,0.000486,0.00148,0.001088,0.000261,0.000196,,500,,
0,0,,0.999743,0.000029,0.000024,0.000089,0.000073,0.00002,0.000022,,500,,
0,0,,0.999743,0.000029,0.000024,0.000089,0.000073,0.00002,0.000022,,400,,
0,0,,0.998178,0.000011,0.000038,0.001688,0.000064,0.000018,0.000003,,500,,
0,0,,0.999743,0.000029,0.000024,0.000089,0.000073,0.00002,0.000022,,500,,
0,0,,0.999743,0.000029,0.000024,0.000089,0.000073,0.00002,0.000022,,500,,
0,0,,0.999743,0.000029,0.000024,0.000089,0.000073,0.00002,0.000022,,500,,
0,0,,0.999743,0.000029,0.000024,0.000089,0.000073,0.00002,0.000022,,500,,
0,0,,0.999743,0.000029,0.000024,0.000089,0.000073,0.00002,0.000022,,400,,
0,0,,0.995415,0.001074,0.000486,0.00148,0.001088,0.000261,0.000196,,400,,
0,0,,0.995415,0.001074,0.000486,0.00148,0.001088,0.000261,0.000196,,400,,
0,0,,0.999743,0.000029,0.000024,0.000089,0.000073,0.00002,0.000022,,400,,
0,0,,0.999743,0.000029,0.000024,0.000089,0.000073,0.00002,0.000022,,400,,
0,0,,0.999743,0.000029,0.000024,0.000089,0.000073,0.00002,0.000022,,500,,
0,0,,0.999743,0.000029,0.000024,0.000089,0.000073,0.00002,0.000022,,500,,
0,0,,0.998185,0.000051,0.000173,0.001416,0.000081,0.00008,0.000014,,500,,
0,0,,0.999743,0.000029,0.000024,0.000089,0.000073,0.00002,0.000022,,500,,
0,0,,0.999743,0.000029,0.000024,0.000089,0.000073,0.00002,0.000022,,500,,
0,0,,0.999743,0.000029,0.000024,0.000089,0.000073,0.00002,0.000022,,400,,
0,0,,0.995415,0.001074,0.000486,0.00148,0.001088,0.000261,0.000196,,400,,
0,0,,0.995415,0.001074,0.000486,0.00148,0.001088,0.000261,0.000196,,400,,
0,0,,0.999743,0.000029,0.000024,0.000089,0.000073,0.00002,0.000022,,400,,
0,0,,0.999743,0.000029,0.000024,0.000089,0.000073,0.00002,0.000022,,500,,
0,0,,0.999743,0.000029,0.000024,0.000089,0.000073,0.00002,0.000022,,500,,
0,0,,0.995415,0.001074,0.000486,0.00148,0.001088,0.000261,0.000196,,400,,
0,0,,0.995415,0.001074,0.000486,0.00148,0.001088,0.000261,0.000196,,400,,
0,0,,0.995415,0.001074,0.000486,0.00148,0.001088,0.000261,0.000196,,400,,
0,0,,0.998178,0.000011,0.000038,0.001688,0.000064,0.000018,0.000003,,500,,
0,0,,0.995415,0.001074,0.000486,0.00148,0.001088,0.000261,0.000196,,400,,
0,0,,0.999743,0.000029,0.000024,0.000089,0.000073,0.00002,0.000022,,400,,
0,0,,0.999743,0.000029,0.000024,0.000089,0.000073,0.00002,0.000022,,400,,
0,0,,0.999743,0.000029,0.000024,0.000089,0.000073,0.00002,0.000022,,400,,
0,0,,0.999743,0.000029,0.000024,0.000089,0.000073,0.00002,0.000022,,400,,
0,0,,0.999743,0.000029,0.000024,0.000089,0.000073,0.00002,0.000022,,400,,
0,0,,0.995415,0.001074,0.000486,0.00148,0.001088,0.000261,0.000196,,500,,
0,0,,0.999743,0.000029,0.000024,0.000089,0.000073,0.00002,0.000022,,500,,
0,0,,0.995415,0.001074,0.000486,0.00148,0.001088,0.000261,0.000196,,500,,
0,0,,0.995415,0.001074,0.000486,0.00148,0.001088,0.000261,0.000196,,500,,
0,0,,0.999743,0.000029,0.000024,0.000089,0.000073,0.00002,0.000022,,400,,
0,0,,0.995415,0.001074,0.000486,0.00148,0.001088,0.000261,0.000196,,400,,
0,0,,0.999743,0.000029,0.000024,0.000089,0.000073,0.00002,0.000022,,400,,
0,0,,0.995415,0.001074,0.000486,0.00148,0.001088,0.000261,0.000196,,400,,
0,0,,0.995415,0.001074,0.000486,0.00148,0.001088,0.000261,0.000196,,400,,
0,0,,0.995415,0.001074,0.000486,0.00148,0.001088,0.000261,0.000196,,400,,
0,0,,0.999743,0.000029,0.000024,0.000089,0.000073,0.00002,0.000022,,500,,
0,0,,0.999743,0.000029,0.000024,0.000089,0.000073,0.00002,0.000022,,500,,
0,0,,0.999743,0.000029,0.000024,0.000089,0.000073,0.00002,0.000022,,400,,
0,0,,0.999743,0.000029,0.000024,0.000089,0.000073,0.00002,0.000022,,400,,
0,0,,0.995415,0.001074,0.000486,0.00148,0.001088,0.000261,0.000196,,400,,
0,0,,0.995415,0.001074,0.000486,0.00148,0.001088,0.000261,0.000196,,400,,
0,0,,0.999743,0.000029,0.000024,0.000089,0.000073,0.00002,0.000022,,400,,
0,0,,0.998185,0.000051,0.000173,0.001416,0.000081,0.00008,0.000014,,400,,
0,0,,0.999743,0.000029,0.000024,0.000089,0.000073,0.00002,0.000022,,400,,
0,0,,0.995415,0.001074,0.000486,0.00148,0.001088,0.000261,0.000196,,400,,
0,0,,0.999743,0.000029,0.000024,0.000089,0.000073,0.00002,0.000022,,400,,
0,0,,0.999743,0.000029,0.000024,0.000089,0.000073,0.00002,0.000022,,400,,
0,0,,0.999743,0.000029,0.000024,0.000089,0.000073,0.00002,0.000022,,500,,
0,0,,0.755722,0.003211,0.19723,0.001742,0.000274,0.00232,0.039501,,500,,
0,0,,0.995415,0.001074,0.000486,0.00148,0.001088,0.000261,0.000196,,400,,
0,0,,0.999743,0.000029,0.000024,0.000089,0.000073,0.00002,0.000022,,400,,
0,0,,0.998185,0.000051,0.000173,0.001416,0.000081,0.00008,0.000014,,400,,
0,0,,0.999743,0.000029,0.000024,0.000089,0.000073,0.00002,0.000022,,400,,
0,0,,0.995415,0.001074,0.000486,0.00148,0.001088,0.000261,0.000196,,400,,
0,0,,0.998178,0.000011,0.000038,0.001688,0.000064,0.000018,0.000003,,500,,
0,0,,0.999743,0.000029,0.000024,0.000089,0.000073,0.00002,0.000022,,400,,
0,0,,0.998185,0.000051,0.000173,0.001416,0.000081,0.00008,0.000014,,400,,
0,0,,0.998185,0.000051,0.000173,0.001416,0.000081,0.00008,0.000014,,400,,
0,0,,0.995415,0.001074,0.000486,0.00148,0.001088,0.000261,0.000196,,400,,
0,0,,0.999743,0.000029,0.000024,0.000089,0.000073,0.00002,0.000022,,400,,
0,0,,0.995415,0.001074,0.000486,0.00148,0.001088,0.000261,0.000196,,400,,
0,0,,0.998185,0.000051,0.000173,0.001416,0.000081,0.00008,0.000014,,500,,
0,0,,0.995415,0.001074,0.000486,0.00148,0.001088,0.000261,0.000196,,400,,
0,0,,0.995415,0.001074,0.000486,0.00148,0.001088,0.000261,0.000196,,400,,
0,0,,0.999743,0.000029,0.000024,0.000089,0.000073,0.00002,0.000022,,400,,
0,0,,0.995415,0.001074,0.000486,0.00148,0.001088,0.000261,0.000196,,400,,
0,0,,0.999743,0.000029,0.000024,0.000089,0.000073,0.00002,0.000022,,400,,
0,0,,0.999743,0.000029,0.000024,0.000089,0.000073,0.00002,0.000022,,500,,
0,0,,0.995415,0.001074,0.000486,0.00148,0.001088,0.000261,0.000196,,400,,
0,0,,0.999743,0.000029,0.000024,0.000089,0.000073,0.00002,0.000022,,400,,
0,0,,0.999743,0.000029,0.000024,0.000089,0.000073,0.00002,0.000022,,400,,
0,0,,0.995415,0.001074,0.000486,0.00148,0.001088,0.000261,0.000196,,400,,
0,0,,0.999743,0.000029,0.000024,0.000089,0.000073,0.00002,0.000022,,400,,
0,0,,0.995415,0.001074,0.000486,0.00148,0.001088,0.000261,0.000196,,500,,
0,0,,0.999743,0.000029,0.000024,0.000089,0.000073,0.00002,0.000022,,500,,
0,0,,0.995415,0.001074,0.000486,0.00148,0.001088,0.000261,0.000196,,400,,
0,0,,0.998185,0.000051,0.000173,0.001416,0.000081,0.00008,0.000014,,500,,
0,0,,0.999743,0.000029,0.000024,0.000089,0.000073,0.00002,0.000022,,500,,
0,0,,0.999743,0.000029,0.000024,0.000089,0.000073,0.00002,0.000022,,400,,
0,0,,0.999743,0.000029,0.000024,0.000089,0.000073,0.00002,0.000022,,400,,
0,0,,0.999743,0.000029,0.000024,0.000089,0.000073,0.00002,0.000022,,400,,
0,0,,0.999743,0.000029,0.000024,0.000089,0.000073,0.00002,0.000022,,400,,
0,0,,0.999743,0.000029,0.000024,0.000089,0.000073,0.00002,0.000022,,400,,
0,0,,0.995415,0.001074,0.000486,0.00148,0.001088,0.000261,0.000196,,400,,
0,0,,0.999743,0.000029,0.000024,0.000089,0.000073,0.00002,0.000022,,400,,
0,0,,0.999743,0.000029,0.000024,0.000089,0.000073,0.00002,0.000022,,500,,
0,0,,0.999743,0.000029,0.000024,0.000089,0.000073,0.00002,0.000022,,500,,
0,0,,0.995415,0.001074,0.000486,0.00148,0.001088,0.000261,0.000196,,400,,
0,0,,0.999743,0.000029,0.000024,0.000089,0.000073,0.00002,0.000022,,400,,
0,0,,0.999743,0.000029,0.000024,0.000089,0.000073,0.00002,0.000022,,400,,
0,0,,0.999743,0.000029,0.000024,0.000089,0.000073,0.00002,0.000022,,400,,
0,0,,0.998178,0.000011,0.000038,0.001688,0.000064,0.000018,0.000003,,400,,
0,0,,0.999743,0.000029,0.000024,0.000089,0.000073,0.00002,0.000022,,400,,
0,0,,0.998185,0.000051,0.000173,0.001416,0.000081,0.00008,0.000014,,500,,
0,0,,0.999743,0.000029,0.000024,0.000089,0.000073,0.00002,0.000022,,500,,
0,0,,0.995415,0.001074,0.000486,0.00148,0.001088,0.000261,0.000196,,500,,
0,0,,0.999743,0.000029,0.000024,0.000089,0.000073,0.00002,0.000022,,400,,
0,0,,0.999743,0.000029,0.000024,0.000089,0.000073,0.00002,0.000022,,400,,
0,0,,0.998178,0.000011,0.000038,0.001688,0.000064,0.000018,0.000003,,500,,
0,0,,0.999743,0.000029,0.000024,0.000089,0.000073,0.00002,0.000022,,500,,
0,0,,0.998185,0.000051,0.000173,0.001416,0.000081,0.00008,0.000014,,500,,
0,0,,0.999743,0.000029,0.000024,0.000089,0.000073,0.00002,0.000022,,400,,
0,0,,0.999743,0.000029,0.000024,0.000089,0.000073,0.00002,0.000022,,500,,
0,0,,0.999743,0.000029,0.000024,0.000089,0.000073,0.00002,0.000022,,500,,
0,0,,0.995415,0.001074,0.000486,0.00148,0.001088,0.000261,0.000196,,400,,
0,0,,0.999743,0.000029,0.000024,0.000089,0.000073,0.00002,0.000022,,400,,
0,0,,0.999743,0.000029,0.000024,0.000089,0.000073,0.00002,0.000022,,400,,
0,0,,0.999743,0.000029,0.000024,0.000089,0.000073,0.00002,0.000022,,400,,
0,0,,0.998178,0.000011,0.000038,0.001688,0.000064,0.000018,0.000003,,500,,
0,0,,0.995415,0.001074,0.000486,0.00148,0.001088,0.000261,0.000196,,400,,
0,0,,0.999743,0.000029,0.000024,0.000089,0.000073,0.00002,0.000022,,400,,
0,0,,0.999743,0.000029,0.000024,0.000089,0.000073,0.00002,0.000022,,400,,
0,0,,0.998185,0.000051,0.000173,0.001416,0.000081,0.00008,0.000014,,500,,
0,0,,0.998185,0.000051,0.000173,0.001416,0.000081,0.00008,0.000014,,500,,
0,0,,0.995415,0.001074,0.000486,0.00148,0.001088,0.000261,0.000196,,500,,
0,0,,0.995415,0.001074,0.000486,0.00148,0.001088,0.000261,0.000196,,500,,
0,0,,0.995415,0.001074,0.000486,0.00148,0.001088,0.000261,0.000196,,400,,
0,0,,0.995415,0.001074,0.000486,0.00148,0.001088,0.000261,0.000196,,400,,
0,0,,0.999743,0.000029,0.000024,0.000089,0.000073,0.00002,0.000022,,400,,
0,0,,0.995415,0.001074,0.000486,0.00148,0.001088,0.000261,0.000196,,400,,
0,0,,0.999743,0.000029,0.000024,0.000089,0.000073,0.00002,0.000022,,400,,
0,0,,0.999743,0.000029,0.000024,0.000089,0.000073,0.00002,0.000022,,400,,
0,0,,0.999743,0.000029,0.000024,0.000089,0.000073,0.00002,0.000022,,500,,
0,0,,0.998185,0.000051,0.000173,0.001416,0.000081,0.00008,0.000014,,500,,
0,0,,0.995415,0.001074,0.000486,0.00148,0.001088,0.000261,0.000196,,500,,
0,0,,0.999743,0.000029,0.000024,0.000089,0.000073,0.00002,0.000022,,500,,
0,0,,0.999743,0.000029,0.000024,0.000089,0.000073,0.00002,0.000022,,400,,
0,0,,0.999743,0.000029,0.000024,0.000089,0.000073,0.00002,0.000022,,400,,
0,0,,0.995415,0.001074,0.000486,0.00148,0.001088,0.000261,0.000196,,400,,
0,0,,0.999743,0.000029,0.000024,0.000089,0.000073,0.00002,0.000022,,400,,
0,0,,0.999743,0.000029,0.000024,0.000089,0.000073,0.00002,0.000022,,400,,
0,0,,0.888434,0.058996,0.000913,0.015187,0.000335,0.035283,0.000852,,400,,
0,0,,0.999743,0.000029,0.000024,0.000089,0.000073,0.00002,0.000022,,400,,
0,0,,0.999743,0.000029,0.000024,0.000089,0.000073,0.00002,0.000022,,400,,
0,0,,0.998185,0.000051,0.000173,0.001416,0.000081,0.00008,0.000014,,400,,
0,0,,0.999743,0.000029,0.000024,0.000089,0.000073,0.00002,0.000022,,400,,
0,0,,0.999743,0.000029,0.000024,0.000089,0.000073,0.00002,0.000022,,400,,
0,0,,0.995415,0.001074,0.000486,0.00148,0.001088,0.000261,0.000196,,400,,
0,0,,0.999743,0.000029,0.000024,0.000089,0.000073,0.00002,0.000022,,400,,
0,0,,0.999743,0.000029,0.000024,0.000089,0.000073,0.00002,0.000022,,500,,
0,0,,0.999743,0.000029,0.000024,0.000089,0.000073,0.00002,0.000022,,400,,
0,0,,0.999743,0.000029,0.000024,0.000089,0.000073,0.00002,0.000022,,400,,
0,0,,0.995415,0.001074,0.000486,0.00148,0.001088,0.000261,0.000196,,400,,
0,0,,0.999743,0.000029,0.000024,0.000089,0.000073,0.00002,0.000022,,400,,
0,0,,0.998178,0.000011,0.000038,0.001688,0.000064,0.000018,0.000003,,500,,
0,0,,0.999743,0.000029,0.000024,0.000089,0.000073,0.00002,0.000022,,400,,
0,0,,0.999743,0.000029,0.000024,0.000089,0.000073,0.00002,0.000022,,400,,
0,0,,0.999743,0.000029,0.000024,0.000089,0.000073,0.00002,0.000022,,400,,
0,0,,0.998178,0.000011,0.000038,0.001688,0.000064,0.000018,0.000003,,500,,
0,0,,0.999743,0.000029,0.000024,0.000089,0.000073,0.00002,0.000022,,400,,
0,0,,0.999743,0.000029,0.000024,0.000089,0.000073,0.00002,0.000022,,400,,
0,0,,0.999743,0.000029,0.000024,0.000089,0.000073,0.00002,0.000022,,400,,
0,0,,0.999743,0.000029,0.000024,0.000089,0.000073,0.00002,0.000022,,400,,
0,0,,0.999743,0.000029,0.000024,0.000089,0.000073,0.00002,0.000022,,400,,
0,0,,0.999743,0.000029,0.000024,0.000089,0.000073,0.00002,0.000022,,400,,
0,0,,0.999743,0.000029,0.000024,0.000089,0.000073,0.00002,0.000022,,400,,
0,0,,0.999743,0.000029,0.000024,0.000089,0.000073,0.00002,0.000022,,400,,
0,0,,0.999743,0.000029,0.000024,0.000089,0.000073,0.00002,0.000022,,500,,
0,0,,0.999743,0.000029,0.000024,0.000089,0.000073,0.00002,0.000022,,500,,
0,0,,0.999743,0.000029,0.000024,0.000089,0.000073,0.00002,0.000022,,400,,
0,0,,0.999743,0.000029,0.000024,0.000089,0.000073,0.00002,0.000022,,400,,
0,0,,0.998178,0.000011,0.000038,0.001688,0.000064,0.000018,0.000003,,500,,
0,0,,0.999743,0.000029,0.000024,0.000089,0.000073,0.00002,0.000022,,500,,
0,0,,0.999743,0.000029,0.000024,0.000089,0.000073,0.00002,0.000022,,500,,
0,0,,0.999743,0.000029,0.000024,0.000089,0.000073,0.00002,0.000022,,400,,
0,0,,0.999743,0.000029,0.000024,0.000089,0.000073,0.00002,0.000022,,400,,
0,0,,0.999743,0.000029,0.000024,0.000089,0.000073,0.00002,0.000022,,400,,
0,0,,0.999743,0.000029,0.000024,0.000089,0.000073,0.00002,0.000022,,400,,
0,0,,0.995415,0.001074,0.000486,0.00148,0.001088,0.000261,0.000196,,400,,
0,0,,0.998178,0.000011,0.000038,0.001688,0.000064,0.000018,0.000003,,500,,
0,0,,0.995415,0.001074,0.000486,0.00148,0.001088,0.000261,0.000196,,400,,
0,0,,0.999743,0.000029,0.000024,0.000089,0.000073,0.00002,0.000022,,400,,
0,0,,0.998185,0.000051,0.000173,0.001416,0.000081,0.00008,0.000014,,400,,
0,0,,0.999743,0.000029,0.000024,0.000089,0.000073,0.00002,0.000022,,400,,
0,0,,0.999743,0.000029,0.000024,0.000089,0.000073,0.00002,0.000022,,400,,
0,0,,0.999743,0.000029,0.000024,0.000089,0.000073,0.00002,0.000022,,400,,
0,0,,0.998178,0.000011,0.000038,0.001688,0.000064,0.000018,0.000003,,400,,
0,0,,0.995415,0.001074,0.000486,0.00148,0.001088,0.000261,0.000196,,400,,
0,0,,0.999743,0.000029,0.000024,0.000089,0.000073,0.00002,0.000022,,400,,
0,0,,0.999743,0.000029,0.000024,0.000089,0.000073,0.00002,0.000022,,400,,
0,0,,0.999743,0.000029,0.000024,0.000089,0.000073,0.00002,0.000022,,400,,
0,0,,0.999743,0.000029,0.000024,0.000089,0.000073,0.00002,0.000022,,500,,
0,0,,0.999743,0.000029,0.000024,0.000089,0.000073,0.00002,0.000022,,500,,
0,0,,0.995415,0.001074,0.000486,0.00148,0.001088,0.000261,0.000196,,400,,
0,0,,0.999743,0.000029,0.000024,0.000089,0.000073,0.00002,0.000022,,400,,
0,0,,0.999743,0.000029,0.000024,0.000089,0.000073,0.00002,0.000022,,400,,
0,0,,0.995415,0.001074,0.000486,0.00148,0.001088,0.000261,0.000196,,400,,
0,0,,0.999743,0.000029,0.000024,0.000089,0.000073,0.00002,0.000022,,400,,
0,0,,0.999743,0.000029,0.000024,0.000089,0.000073,0.00002,0.000022,,400,,
0,0,,0.999743,0.000029,0.000024,0.000089,0.000073,0.00002,0.000022,,400,,
0,0,,0.999743,0.000029,0.000024,0.000089,0.000073,0.00002,0.000022,,400,,
0,0,,0.999743,0.000029,0.000024,0.000089,0.000073,0.00002,0.000022,,400,,
0,0,,0.995415,0.001074,0.000486,0.00148,0.001088,0.000261,0.000196,,500,,
0,0,,0.999743,0.000029,0.000024,0.000089,0.000073,0.00002,0.000022,,500,,
0,0,,0.999743,0.000029,0.000024,0.000089,0.000073,0.00002,0.000022,,500,,
0,0,,0.999743,0.000029,0.000024,0.000089,0.000073,0.00002,0.000022,,400,,
0,0,,0.999743,0.000029,0.000024,0.000089,0.000073,0.00002,0.000022,,400,,
0,0,,0.999743,0.000029,0.000024,0.000089,0.000073,0.00002,0.000022,,400,,
0,0,,0.999743,0.000029,0.000024,0.000089,0.000073,0.00002,0.000022,,400,,
0,0,,0.995415,0.001074,0.000486,0.00148,0.001088,0.000261,0.000196,,400,,
0,0,,0.998178,0.000011,0.000038,0.001688,0.000064,0.000018,0.000003,,400,,
0,0,,0.999743,0.000029,0.000024,0.000089,0.000073,0.00002,0.000022,,400,,
0,0,,0.999743,0.000029,0.000024,0.000089,0.000073,0.00002,0.000022,,400,,
0,0,,0.999743,0.000029,0.000024,0.000089,0.000073,0.00002,0.000022,,400,,
0,0,,0.998178,0.000011,0.000038,0.001688,0.000064,0.000018,0.000003,,500,,
0,0,,0.998185,0.000051,0.000173,0.001416,0.000081,0.00008,0.000014,,500,,
0,0,,0.999743,0.000029,0.000024,0.000089,0.000073,0.00002,0.000022,,400,,
0,0,,0.998178,0.000011,0.000038,0.001688,0.000064,0.000018,0.000003,,400,,
0,0,,0.998178,0.000011,0.000038,0.001688,0.000064,0.000018,0.000003,,500,,
0,0,,0.999743,0.000029,0.000024,0.000089,0.000073,0.00002,0.000022,,500,,
0,0,,0.998185,0.000051,0.000173,0.001416,0.000081,0.00008,0.000014,,500,,
0,0,,0.999743,0.000029,0.000024,0.000089,0.000073,0.00002,0.000022,,500,,
0,0,,0.999743,0.000029,0.000024,0.000089,0.000073,0.00002,0.000022,,500,,
0,0,,0.999743,0.000029,0.000024,0.000089,0.000073,0.00002,0.000022,,400,,
0,0,,0.995415,0.001074,0.000486,0.00148,0.001088,0.000261,0.000196,,400,,
0,0,,0.999743,0.000029,0.000024,0.000089,0.000073,0.00002,0.000022,,400,,
0,0,,0.999743,0.000029,0.000024,0.000089,0.000073,0.00002,0.000022,,400,,
0,0,,0.999743,0.000029,0.000024,0.000089,0.000073,0.00002,0.000022,,400,,
0,0,,0.999743,0.000029,0.000024,0.000089,0.000073,0.00002,0.000022,,400,,
0,0,,0.999743,0.000029,0.000024,0.000089,0.000073,0.00002,0.000022,,400,,
0,0,,0.995415,0.001074,0.000486,0.00148,0.001088,0.000261,0.000196,,400,,
0,0,,0.999743,0.000029,0.000024,0.000089,0.000073,0.00002,0.000022,,400,,
0,0,,0.999743,0.000029,0.000024,0.000089,0.000073,0.00002,0.000022,,400,,
0,0,,0.999743,0.000029,0.000024,0.000089,0.000073,0.00002,0.000022,,400,,
0,0,,0.995415,0.001074,0.000486,0.00148,0.001088,0.000261,0.000196,,400,,
0,0,,0.999743,0.000029,0.000024,0.000089,0.000073,0.00002,0.000022,,400,,
0,0,,0.999743,0.000029,0.000024,0.000089,0.000073,0.00002,0.000022,,500,,
0,0,,0.999743,0.000029,0.000024,0.000089,0.000073,0.00002,0.000022,,500,,
0,0,,0.999743,0.000029,0.000024,0.000089,0.000073,0.00002,0.000022,,500,,
0,0,,0.998178,0.000011,0.000038,0.001688,0.000064,0.000018,0.000003,,500,,
0,0,,0.995415,0.001074,0.000486,0.00148,0.001088,0.000261,0.000196,,400,,
0,0,,0.998185,0.000051,0.000173,0.001416,0.000081,0.00008,0.000014,,400,,
0,0,,0.999743,0.000029,0.000024,0.000089,0.000073,0.00002,0.000022,,400,,
0,0,,0.998185,0.000051,0.000173,0.001416,0.000081,0.00008,0.000014,,400,,
0,0,,0.999743,0.000029,0.000024,0.000089,0.000073,0.00002,0.000022,,400,,
0,0,,0.999743,0.000029,0.000024,0.000089,0.000073,0.00002,0.000022,,400,,
0,0,,0.995415,0.001074,0.000486,0.00148,0.001088,0.000261,0.000196,,400,,
0,0,,0.995415,0.001074,0.000486,0.00148,0.001088,0.000261,0.000196,,500,,
0,0,,0.999743,0.000029,0.000024,0.000089,0.000073,0.00002,0.000022,,500,,
0,0,,0.999743,0.000029,0.000024,0.000089,0.000073,0.00002,0.000022,,400,,
0,0,,0.999743,0.000029,0.000024,0.000089,0.000073,0.00002,0.000022,,400,,
0,0,,0.995415,0.001074,0.000486,0.00148,0.001088,0.000261,0.000196,,400,,
0,0,,0.995415,0.001074,0.000486,0.00148,0.001088,0.000261,0.000196,,400,,
0,0,,0.999743,0.000029,0.000024,0.000089,0.000073,0.00002,0.000022,,400,,
0,0,,0.999743,0.000029,0.000024,0.000089,0.000073,0.00002,0.000022,,400,,
0,0,,0.999743,0.000029,0.000024,0.000089,0.000073,0.00002,0.000022,,400,,
0,0,,0.999743,0.000029,0.000024,0.000089,0.000073,0.00002,0.000022,,500,,
0,0,,0.999743,0.000029,0.000024,0.000089,0.000073,0.00002,0.000022,,500,,
0,0,,0.999743,0.000029,0.000024,0.000089,0.000073,0.00002,0.000022,,500,,
0,0,,0.995415,0.001074,0.000486,0.00148,0.001088,0.000261,0.000196,,500,,
0,0,,0.995415,0.001074,0.000486,0.00148,0.001088,0.000261,0.000196,,400,,
0,0,,0.998185,0.000051,0.000173,0.001416,0.000081,0.00008,0.000014,,500,,
0,0,,0.995415,0.001074,0.000486,0.00148,0.001088,0.000261,0.000196,,500,,
0,0,,0.995415,0.001074,0.000486,0.00148,0.001088,0.000261,0.000196,,400,,
0,0,,0.999743,0.000029,0.000024,0.000089,0.000073,0.00002,0.000022,,400,,
0,0,,0.999743,0.000029,0.000024,0.000089,0.000073,0.00002,0.000022,,400,,
0,0,,0.995415,0.001074,0.000486,0.00148,0.001088,0.000261,0.000196,,400,,
0,0,,0.999743,0.000029,0.000024,0.000089,0.000073,0.00002,0.000022,,400,,
0,0,,0.999743,0.000029,0.000024,0.000089,0.000073,0.00002,0.000022,,400,,
0,0,,0.999743,0.000029,0.000024,0.000089,0.000073,0.00002,0.000022,,400,,
0,0,,0.999743,0.000029,0.000024,0.000089,0.000073,0.00002,0.000022,,500,,
0,0,,0.999743,0.000029,0.000024,0.000089,0.000073,0.00002,0.000022,,500,,
0,0,,0.999743,0.000029,0.000024,0.000089,0.000073,0.00002,0.000022,,500,,
0,0,,0.999743,0.000029,0.000024,0.000089,0.000073,0.00002,0.000022,,400,,
0,0,,0.995415,0.001074,0.000486,0.00148,0.001088,0.000261,0.000196,,400,,
0,0,,0.998185,0.000051,0.000173,0.001416,0.000081,0.00008,0.000014,,500,,
0,0,,0.999743,0.000029,0.000024,0.000089,0.000073,0.00002,0.000022,,500,,
0,0,,0.998178,0.000011,0.000038,0.001688,0.000064,0.000018,0.000003,,600,,
0,0,,0.999743,0.000029,0.000024,0.000089,0.000073,0.00002,0.000022,,400,,
0,0,,0.995415,0.001074,0.000486,0.00148,0.001088,0.000261,0.000196,,400,,
0,0,,0.998178,0.000011,0.000038,0.001688,0.000064,0.000018,0.000003,,400,,
0,0,,0.998178,0.000011,0.000038,0.001688,0.000064,0.000018,0.000003,,400,,
0,0,,0.995415,0.001074,0.000486,0.00148,0.001088,0.000261,0.000196,,400,,
0,0,,0.999743,0.000029,0.000024,0.000089,0.000073,0.00002,0.000022,,500,,
0,0,,0.999743,0.000029,0.000024,0.000089,0.000073,0.00002,0.000022,,400,,
0,0,,0.995415,0.001074,0.000486,0.00148,0.001088,0.000261,0.000196,,400,,
0,0,,0.999743,0.000029,0.000024,0.000089,0.000073,0.00002,0.000022,,500,,
0,0,,0.999743,0.000029,0.000024,0.000089,0.000073,0.00002,0.000022,,500,,
0,0,,0.999743,0.000029,0.000024,0.000089,0.000073,0.00002,0.000022,,400,,
0,0,,0.995415,0.001074,0.000486,0.00148,0.001088,0.000261,0.000196,,400,,
0,0,,0.998178,0.000011,0.000038,0.001688,0.000064,0.000018,0.000003,,500,,
0,0,,0.995415,0.001074,0.000486,0.00148,0.001088,0.000261,0.000196,,500,,
0,0,,0.995415,0.001074,0.000486,0.00148,0.001088,0.000261,0.000196,,400,,
0,0,,0.995415,0.001074,0.000486,0.00148,0.001088,0.000261,0.000196,,400,,
0,0,,0.998185,0.000051,0.000173,0.001416,0.000081,0.00008,0.000014,,500,,
0,0,,0.999743,0.000029,0.000024,0.000089,0.000073,0.00002,0.000022,,500,,
0,0,,0.999743,0.000029,0.000024,0.000089,0.000073,0.00002,0.000022,,500,,
0,0,,0.999743,0.000029,0.000024,0.000089,0.000073,0.00002,0.000022,,400,,
0,0,,0.999743,0.000029,0.000024,0.000089,0.000073,0.00002,0.000022,,400,,
0,0,,0.999743,0.000029,0.000024,0.000089,0.000073,0.00002,0.000022,,400,,
0,0,,0.998178,0.000011,0.000038,0.001688,0.000064,0.000018,0.000003,,500,,
0,0,,0.999743,0.000029,0.000024,0.000089,0.000073,0.00002,0.000022,,400,,
0,0,,0.995415,0.001074,0.000486,0.00148,0.001088,0.000261,0.000196,,400,,
0,0,,0.995415,0.001074,0.000486,0.00148,0.001088,0.000261,0.000196,,400,,
0,0,,0.999743,0.000029,0.000024,0.000089,0.000073,0.00002,0.000022,,400,,
0,0,,0.998178,0.000011,0.000038,0.001688,0.000064,0.000018,0.000003,,500,,
0,0,,0.998178,0.000011,0.000038,0.001688,0.000064,0.000018,0.000003,,500,,
0,0,,0.995415,0.001074,0.000486,0.00148,0.001088,0.000261,0.000196,,400,,
0,0,,0.998178,0.000011,0.000038,0.001688,0.000064,0.000018,0.000003,,400,,
0,0,,0.999743,0.000029,0.000024,0.000089,0.000073,0.00002,0.000022,,400,,
0,0,,0.999743,0.000029,0.000024,0.000089,0.000073,0.00002,0.000022,,400,,
0,0,,0.999743,0.000029,0.000024,0.000089,0.000073,0.00002,0.000022,,400,,
0,0,,0.995415,0.001074,0.000486,0.00148,0.001088,0.000261,0.000196,,400,,
0,0,,0.995415,0.001074,0.000486,0.00148,0.001088,0.000261,0.000196,,500,,
0,0,,0.995415,0.001074,0.000486,0.00148,0.001088,0.000261,0.000196,,500,,
0,0,,0.999743,0.000029,0.000024,0.000089,0.000073,0.00002,0.000022,,500,,
0,0,,0.999743,0.000029,0.000024,0.000089,0.000073,0.00002,0.000022,,500,,
0,0,,0.999743,0.000029,0.000024,0.000089,0.000073,0.00002,0.000022,,400,,
0,0,,0.999743,0.000029,0.000024,0.000089,0.000073,0.00002,0.000022,,400,,
0,0,,0.995415,0.001074,0.000486,0.00148,0.001088,0.000261,0.000196,,400,,
0,0,,0.995415,0.001074,0.000486,0.00148,0.001088,0.000261,0.000196,,400,,
0,0,,0.998178,0.000011,0.000038,0.001688,0.000064,0.000018,0.000003,,400,,
0,0,,0.999743,0.000029,0.000024,0.000089,0.000073,0.00002,0.000022,,400,,
0,0,,0.995415,0.001074,0.000486,0.00148,0.001088,0.000261,0.000196,,400,,
0,0,,0.995415,0.001074,0.000486,0.00148,0.001088,0.000261,0.000196,,400,,
0,0,,0.999743,0.000029,0.000024,0.000089,0.000073,0.00002,0.000022,,400,,
0,0,,0.999743,0.000029,0.000024,0.000089,0.000073,0.00002,0.000022,,400,,
0,0,,0.999743,0.000029,0.000024,0.000089,0.000073,0.00002,0.000022,,400,,
0,0,,0.999743,0.000029,0.000024,0.000089,0.000073,0.00002,0.000022,,400,,
0,0,,0.998185,0.000051,0.000173,0.001416,0.000081,0.00008,0.000014,,500,,
0,0,,0.999743,0.000029,0.000024,0.000089,0.000073,0.00002,0.000022,,400,,
0,0,,0.999743,0.000029,0.000024,0.000089,0.000073,0.00002,0.000022,,400,,
0,0,,0.999743,0.000029,0.000024,0.000089,0.000073,0.00002,0.000022,,500,,
0,0,,0.999743,0.000029,0.000024,0.000089,0.000073,0.00002,0.000022,,500,,
0,0,,0.995415,0.001074,0.000486,0.00148,0.001088,0.000261,0.000196,,500,,
0,0,,0.999743,0.000029,0.000024,0.000089,0.000073,0.00002,0.000022,,500,,
0,0,,0.999743,0.000029,0.000024,0.000089,0.000073,0.00002,0.000022,,400,,
0,0,,0.999743,0.000029,0.000024,0.000089,0.000073,0.00002,0.000022,,400,,
0,0,,0.995415,0.001074,0.000486,0.00148,0.001088,0.000261,0.000196,,400,,
0,0,,0.999743,0.000029,0.000024,0.000089,0.000073,0.00002,0.000022,,400,,
0,0,,0.999743,0.000029,0.000024,0.000089,0.000073,0.00002,0.000022,,400,,
0,0,,0.995415,0.001074,0.000486,0.00148,0.001088,0.000261,0.000196,,400,,
0,0,,0.998178,0.000011,0.000038,0.001688,0.000064,0.000018,0.000003,,400,,
0,0,,0.998178,0.000011,0.000038,0.001688,0.000064,0.000018,0.000003,,500,,
0,0,,0.999743,0.000029,0.000024,0.000089,0.000073,0.00002,0.000022,,500,,
0,0,,0.999743,0.000029,0.000024,0.000089,0.000073,0.00002,0.000022,,500,,
0,0,,0.995415,0.001074,0.000486,0.00148,0.001088,0.000261,0.000196,,400,,
0,0,,0.999743,0.000029,0.000024,0.000089,0.000073,0.00002,0.000022,,400,,
0,0,,0.998178,0.000011,0.000038,0.001688,0.000064,0.000018,0.000003,,500,,
0,0,,0.995415,0.001074,0.000486,0.00148,0.001088,0.000261,0.000196,,500,,
0,0,,0.995415,0.001074,0.000486,0.00148,0.001088,0.000261,0.000196,,500,,
0,0,,0.998178,0.000011,0.000038,0.001688,0.000064,0.000018,0.000003,,500,,
0,0,,0.999743,0.000029,0.000024,0.000089,0.000073,0.00002,0.000022,,400,,
0,0,,0.999743,0.000029,0.000024,0.000089,0.000073,0.00002,0.000022,,400,,
0,0,,0.995415,0.001074,0.000486,0.00148,0.001088,0.000261,0.000196,,500,,
0,0,,0.999743,0.000029,0.000024,0.000089,0.000073,0.00002,0.000022,,500,,
0,0,,0.999743,0.000029,0.000024,0.000089,0.000073,0.00002,0.000022,,500,,
0,0,,0.999743,0.000029,0.000024,0.000089,0.000073,0.00002,0.000022,,400,,
0,0,,0.999743,0.000029,0.000024,0.000089,0.000073,0.00002,0.000022,,400,,
0,0,,0.999743,0.000029,0.000024,0.000089,0.000073,0.00002,0.000022,,400,,
0,0,,0.999743,0.000029,0.000024,0.000089,0.000073,0.00002,0.000022,,400,,
0,0,,0.999743,0.000029,0.000024,0.000089,0.000073,0.00002,0.000022,,400,,
0,0,,0.999743,0.000029,0.000024,0.000089,0.000073,0.00002,0.000022,,400,,
0,0,,0.999743,0.000029,0.000024,0.000089,0.000073,0.00002,0.000022,,400,,
0,0,,0.999743,0.000029,0.000024,0.000089,0.000073,0.00002,0.000022,,500,,
0,0,,0.755722,0.003211,0.19723,0.001742,0.000274,0.00232,0.039501,,500,,
0,0,,0.999743,0.000029,0.000024,0.000089,0.000073,0.00002,0.000022,,500,,
0,0,,0.995415,0.001074,0.000486,0.00148,0.001088,0.000261,0.000196,,400,,
0,0,,0.999743,0.000029,0.000024,0.000089,0.000073,0.00002,0.000022,,400,,
0,0,,0.998185,0.000051,0.000173,0.001416,0.000081,0.00008,0.000014,,500,,
0,0,,0.998178,0.000011,0.000038,0.001688,0.000064,0.000018,0.000003,,500,,
0,0,,0.998185,0.000051,0.000173,0.001416,0.000081,0.00008,0.000014,,400,,
0,0,,0.995415,0.001074,0.000486,0.00148,0.001088,0.000261,0.000196,,400,,
0,0,,0.999743,0.000029,0.000024,0.000089,0.000073,0.00002,0.000022,,400,,
0,0,,0.995415,0.001074,0.000486,0.00148,0.001088,0.000261,0.000196,,400,,
0,0,,0.999743,0.000029,0.000024,0.000089,0.000073,0.00002,0.000022,,500,,
0,0,,0.998178,0.000011,0.000038,0.001688,0.000064,0.000018,0.000003,,500,,
0,0,,0.999743,0.000029,0.000024,0.000089,0.000073,0.00002,0.000022,,400,,
0,0,,0.999743,0.000029,0.000024,0.000089,0.000073,0.00002,0.000022,,400,,
0,0,,0.999743,0.000029,0.000024,0.000089,0.000073,0.00002,0.000022,,400,,
0,0,,0.999743,0.000029,0.000024,0.000089,0.000073,0.00002,0.000022,,400,,
0,0,,0.999743,0.000029,0.000024,0.000089,0.000073,0.00002,0.000022,,400,,
0,0,,0.995415,0.001074,0.000486,0.00148,0.001088,0.000261,0.000196,,500,,
0,0,,0.995415,0.001074,0.000486,0.00148,0.001088,0.000261,0.000196,,500,,
0,0,,0.999743,0.000029,0.000024,0.000089,0.000073,0.00002,0.000022,,500,,
0,0,,0.999743,0.000029,0.000024,0.000089,0.000073,0.00002,0.000022,,400,,
0,0,,0.999743,0.000029,0.000024,0.000089,0.000073,0.00002,0.000022,,400,,
0,0,,0.999743,0.000029,0.000024,0.000089,0.000073,0.00002,0.000022,,400,,
0,0,,0.999743,0.000029,0.000024,0.000089,0.000073,0.00002,0.000022,,400,,
0,0,,0.999743,0.000029,0.000024,0.000089,0.000073,0.00002,0.000022,,400,,
0,0,,0.999743,0.000029,0.000024,0.000089,0.000073,0.00002,0.000022,,400,,
0,0,,0.999743,0.000029,0.000024,0.000089,0.000073,0.00002,0.000022,,400,,
0,0,,0.999743,0.000029,0.000024,0.000089,0.000073,0.00002,0.000022,,400,,
0,0,,0.995415,0.001074,0.000486,0.00148,0.001088,0.000261,0.000196,,400,,
0,0,,0.999743,0.000029,0.000024,0.000089,0.000073,0.00002,0.000022,,400,,
0,0,,0.995415,0.001074,0.000486,0.00148,0.001088,0.000261,0.000196,,500,,
0,0,,0.999743,0.000029,0.000024,0.000089,0.000073,0.00002,0.000022,,500,,
0,0,,0.755722,0.003211,0.19723,0.001742,0.000274,0.00232,0.039501,,700,,
0,0,,0.995415,0.001074,0.000486,0.00148,0.001088,0.000261,0.000196,,400,,
0,0,,0.995415,0.001074,0.000486,0.00148,0.001088,0.000261,0.000196,,400,,
0,0,,0.999743,0.000029,0.000024,0.000089,0.000073,0.00002,0.000022,,400,,
0,0,,0.999743,0.000029,0.000024,0.000089,0.000073,0.00002,0.000022,,400,,
0,0,,0.995415,0.001074,0.000486,0.00148,0.001088,0.000261,0.000196,,400,,
0,0,,0.995415,0.001074,0.000486,0.00148,0.001088,0.000261,0.000196,,400,,
0,0,,0.999743,0.000029,0.000024,0.000089,0.000073,0.00002,0.000022,,400,,
0,0,,0.999743,0.000029,0.000024,0.000089,0.000073,0.00002,0.000022,,500,,
0,0,,0.998178,0.000011,0.000038,0.001688,0.000064,0.000018,0.000003,,500,,
0,0,,0.995415,0.001074,0.000486,0.00148,0.001088,0.000261,0.000196,,400,,
0,0,,0.995415,0.001074,0.000486,0.00148,0.001088,0.000261,0.000196,,400,,
0,0,,0.999743,0.000029,0.000024,0.000089,0.000073,0.00002,0.000022,,400,,
0,0,,0.999743,0.000029,0.000024,0.000089,0.000073,0.00002,0.000022,,500,,
0,0,,0.999743,0.000029,0.000024,0.000089,0.000073,0.00002,0.000022,,500,,
0,0,,0.999743,0.000029,0.000024,0.000089,0.000073,0.00002,0.000022,,500,,
0,0,,0.995415,0.001074,0.000486,0.00148,0.001088,0.000261,0.000196,,400,,
0,0,,0.998178,0.000011,0.000038,0.001688,0.000064,0.000018,0.000003,,500,,
0,0,,0.995415,0.001074,0.000486,0.00148,0.001088,0.000261,0.000196,,500,,
0,0,,0.995415,0.001074,0.000486,0.00148,0.001088,0.000261,0.000196,,500,,
0,0,,0.999743,0.000029,0.000024,0.000089,0.000073,0.00002,0.000022,,400,,
0,0,,0.999743,0.000029,0.000024,0.000089,0.000073,0.00002,0.000022,,400,,
0,0,,0.999743,0.000029,0.000024,0.000089,0.000073,0.00002,0.000022,,400,,
0,0,,0.999743,0.000029,0.000024,0.000089,0.000073,0.00002,0.000022,,400,,
0,0,,0.995415,0.001074,0.000486,0.00148,0.001088,0.000261,0.000196,,400,,
0,0,,0.995415,0.001074,0.000486,0.00148,0.001088,0.000261,0.000196,,400,,
0,0,,0.998178,0.000011,0.000038,0.001688,0.000064,0.000018,0.000003,,400,,
0,0,,0.999743,0.000029,0.000024,0.000089,0.000073,0.00002,0.000022,,400,,
0,0,,0.999743,0.000029,0.000024,0.000089,0.000073,0.00002,0.000022,,400,,
0,0,,0.999743,0.000029,0.000024,0.000089,0.000073,0.00002,0.000022,,400,,
0,0,,0.995415,0.001074,0.000486,0.00148,0.001088,0.000261,0.000196,,400,,
0,0,,0.999743,0.000029,0.000024,0.000089,0.000073,0.00002,0.000022,,500,,
0,0,,0.999743,0.000029,0.000024,0.000089,0.000073,0.00002,0.000022,,500,,
0,0,,0.999743,0.000029,0.000024,0.000089,0.000073,0.00002,0.000022,,400,,
0,0,,0.998178,0.000011,0.000038,0.001688,0.000064,0.000018,0.000003,,400,,
0,0,,0.999743,0.000029,0.000024,0.000089,0.000073,0.00002,0.000022,,400,,
0,0,,0.999743,0.000029,0.000024,0.000089,0.000073,0.00002,0.000022,,400,,
0,0,,0.995415,0.001074,0.000486,0.00148,0.001088,0.000261,0.000196,,400,,
0,0,,0.995415,0.001074,0.000486,0.00148,0.001088,0.000261,0.000196,,400,,
0,0,,0.995415,0.001074,0.000486,0.00148,0.001088,0.000261,0.000196,,400,,
0,0,,0.999743,0.000029,0.000024,0.000089,0.000073,0.00002,0.000022,,500,,
0,0,,0.999743,0.000029,0.000024,0.000089,0.000073,0.00002,0.000022,,500,,
0,0,,0.999743,0.000029,0.000024,0.000089,0.000073,0.00002,0.000022,,500,,
0,0,,0.999743,0.000029,0.000024,0.000089,0.000073,0.00002,0.000022,,400,,
0,0,,0.998178,0.000011,0.000038,0.001688,0.000064,0.000018,0.000003,,500,,
0,0,,0.999743,0.000029,0.000024,0.000089,0.000073,0.00002,0.000022,,500,,
0,0,,0.999743,0.000029,0.000024,0.000089,0.000073,0.00002,0.000022,,500,,
0,0,,0.998178,0.000011,0.000038,0.001688,0.000064,0.000018,0.000003,,500,,
0,0,,0.999743,0.000029,0.000024,0.000089,0.000073,0.00002,0.000022,,400,,
0,0,,0.995415,0.001074,0.000486,0.00148,0.001088,0.000261,0.000196,,400,,
0,0,,0.999743,0.000029,0.000024,0.000089,0.000073,0.00002,0.000022,,500,,
0,0,,0.998178,0.000011,0.000038,0.001688,0.000064,0.000018,0.000003,,500,,
0,0,,0.999743,0.000029,0.000024,0.000089,0.000073,0.00002,0.000022,,400,,
0,0,,0.995415,0.001074,0.000486,0.00148,0.001088,0.000261,0.000196,,400,,
0,0,,0.999743,0.000029,0.000024,0.000089,0.000073,0.00002,0.000022,,500,,
0,0,,0.999743,0.000029,0.000024,0.000089,0.000073,0.00002,0.000022,,500,,
0,0,,0.999743,0.000029,0.000024,0.000089,0.000073,0.00002,0.000022,,500,,
0,0,,0.999743,0.000029,0.000024,0.000089,0.000073,0.00002,0.000022,,500,,
0,0,,0.999743,0.000029,0.000024,0.000089,0.000073,0.00002,0.000022,,400,,
0,0,,0.999743,0.000029,0.000024,0.000089,0.000073,0.00002,0.000022,,400,,
0,0,,0.999743,0.000029,0.000024,0.000089,0.000073,0.00002,0.000022,,400,,
0,0,,0.995415,0.001074,0.000486,0.00148,0.001088,0.000261,0.000196,,400,,
0,0,,0.995415,0.001074,0.000486,0.00148,0.001088,0.000261,0.000196,,400,,
0,0,,0.999743,0.000029,0.000024,0.000089,0.000073,0.00002,0.000022,,400,,
0,0,,0.999743,0.000029,0.000024,0.000089,0.000073,0.00002,0.000022,,400,,
0,0,,0.999743,0.000029,0.000024,0.000089,0.000073,0.00002,0.000022,,500,,
0,0,,0.999743,0.000029,0.000024,0.000089,0.000073,0.00002,0.000022,,500,,
0,0,,0.995415,0.001074,0.000486,0.00148,0.001088,0.000261,0.000196,,500,,
0,0,,0.999743,0.000029,0.000024,0.000089,0.000073,0.00002,0.000022,,400,,
0,0,,0.999743,0.000029,0.000024,0.000089,0.000073,0.00002,0.000022,,400,,
0,0,,0.999743,0.000029,0.000024,0.000089,0.000073,0.00002,0.000022,,400,,
0,0,,0.998185,0.000051,0.000173,0.001416,0.000081,0.00008,0.000014,,400,,
0,0,,0.998178,0.000011,0.000038,0.001688,0.000064,0.000018,0.000003,,500,,
0,0,,0.999743,0.000029,0.000024,0.000089,0.000073,0.00002,0.000022,,400,,
0,0,,0.995415,0.001074,0.000486,0.00148,0.001088,0.000261,0.000196,,400,,
0,0,,0.999743,0.000029,0.000024,0.000089,0.000073,0.00002,0.000022,,500,,
0,0,,0.999743,0.000029,0.000024,0.000089,0.000073,0.00002,0.000022,,500,,
0,0,,0.999743,0.000029,0.000024,0.000089,0.000073,0.00002,0.000022,,500,,
0,0,,0.995415,0.001074,0.000486,0.00148,0.001088,0.000261,0.000196,,500,,
0,0,,0.995415,0.001074,0.000486,0.00148,0.001088,0.000261,0.000196,,400,,
0,0,,0.999743,0.000029,0.000024,0.000089,0.000073,0.00002,0.000022,,500,,
0,0,,0.999743,0.000029,0.000024,0.000089,0.000073,0.00002,0.000022,,400,,
0,0,,0.995415,0.001074,0.000486,0.00148,0.001088,0.000261,0.000196,,400,,
0,0,,0.995415,0.001074,0.000486,0.00148,0.001088,0.000261,0.000196,,500,,
0,0,,0.999743,0.000029,0.000024,0.000089,0.000073,0.00002,0.000022,,500,,
0,0,,0.999743,0.000029,0.000024,0.000089,0.000073,0.00002,0.000022,,400,,
0,0,,0.998178,0.000011,0.000038,0.001688,0.000064,0.000018,0.000003,,400,,
0,0,,0.999743,0.000029,0.000024,0.000089,0.000073,0.00002,0.000022,,400,,
0,0,,0.999743,0.000029,0.000024,0.000089,0.000073,0.00002,0.000022,,400,,
0,0,,0.999743,0.000029,0.000024,0.000089,0.000073,0.00002,0.000022,,500,,
0,0,,0.999743,0.000029,0.000024,0.000089,0.000073,0.00002,0.000022,,400,,
0,0,,0.995415,0.001074,0.000486,0.00148,0.001088,0.000261,0.000196,,400,,
0,0,,0.999743,0.000029,0.000024,0.000089,0.000073,0.00002,0.000022,,500,,
0,0,,0.995415,0.001074,0.000486,0.00148,0.001088,0.000261,0.000196,,400,,
0,0,,0.999743,0.000029,0.000024,0.000089,0.000073,0.00002,0.000022,,400,,
0,0,,0.995415,0.001074,0.000486,0.00148,0.001088,0.000261,0.000196,,500,,
0,0,,0.999743,0.000029,0.000024,0.000089,0.000073,0.00002,0.000022,,400,,
0,0,,0.995415,0.001074,0.000486,0.00148,0.001088,0.000261,0.000196,,400,,
0,0,,0.999743,0.000029,0.000024,0.000089,0.000073,0.00002,0.000022,,500,,
0,0,,0.999743,0.000029,0.000024,0.000089,0.000073,0.00002,0.000022,,500,,
0,0,,0.999743,0.000029,0.000024,0.000089,0.000073,0.00002,0.000022,,500,,
0,0,,0.999743,0.000029,0.000024,0.000089,0.000073,0.00002,0.000022,,400,,
0,0,,0.998185,0.000051,0.000173,0.001416,0.000081,0.00008,0.000014,,500,,
0,0,,0.998178,0.000011,0.000038,0.001688,0.000064,0.000018,0.000003,,500,,
0,0,,0.999743,0.000029,0.000024,0.000089,0.000073,0.00002,0.000022,,400,,
0,0,,0.999743,0.000029,0.000024,0.000089,0.000073,0.00002,0.000022,,400,,
0,0,,0.998178,0.000011,0.000038,0.001688,0.000064,0.000018,0.000003,,500,,
0,0,,0.998178,0.000011,0.000038,0.001688,0.000064,0.000018,0.000003,,500,,
0,0,,0.999743,0.000029,0.000024,0.000089,0.000073,0.00002,0.000022,,500,,
0,0,,0.998178,0.000011,0.000038,0.001688,0.000064,0.000018,0.000003,,500,,
0,0,,0.995415,0.001074,0.000486,0.00148,0.001088,0.000261,0.000196,,400,,
0,0,,0.999743,0.000029,0.000024,0.000089,0.000073,0.00002,0.000022,,400,,
0,0,,0.999743,0.000029,0.000024,0.000089,0.000073,0.00002,0.000022,,500,,
0,0,,0.999743,0.000029,0.000024,0.000089,0.000073,0.00002,0.000022,,400,,
0,0,,0.999743,0.000029,0.000024,0.000089,0.000073,0.00002,0.000022,,400,,
0,0,,0.995415,0.001074,0.000486,0.00148,0.001088,0.000261,0.000196,,400,,
0,0,,0.999743,0.000029,0.000024,0.000089,0.000073,0.00002,0.000022,,400,,
0,0,,0.999743,0.000029,0.000024,0.000089,0.000073,0.00002,0.000022,,400,,
0,0,,0.998178,0.000011,0.000038,0.001688,0.000064,0.000018,0.000003,,500,,
0,0,,0.999743,0.000029,0.000024,0.000089,0.000073,0.00002,0.000022,,400,,
0,0,,0.999743,0.000029,0.000024,0.000089,0.000073,0.00002,0.000022,,500,,
0,0,,0.995415,0.001074,0.000486,0.00148,0.001088,0.000261,0.000196,,500,,
0,0,,0.998178,0.000011,0.000038,0.001688,0.000064,0.000018,0.000003,,500,,
0,0,,0.999743,0.000029,0.000024,0.000089,0.000073,0.00002,0.000022,,400,,
0,0,,0.999743,0.000029,0.000024,0.000089,0.000073,0.00002,0.000022,,400,,
0,0,,0.999743,0.000029,0.000024,0.000089,0.000073,0.00002,0.000022,,500,,
0,0,,0.999743,0.000029,0.000024,0.000089,0.000073,0.00002,0.000022,,500,,
0,0,,0.995415,0.001074,0.000486,0.00148,0.001088,0.000261,0.000196,,500,,
0,0,,0.995415,0.001074,0.000486,0.00148,0.001088,0.000261,0.000196,,400,,
0,0,,0.999743,0.000029,0.000024,0.000089,0.000073,0.00002,0.000022,,400,,
0,0,,0.995415,0.001074,0.000486,0.00148,0.001088,0.000261,0.000196,,500,,
0,0,,0.999743,0.000029,0.000024,0.000089,0.000073,0.00002,0.000022,,500,,
0,0,,0.995415,0.001074,0.000486,0.00148,0.001088,0.000261,0.000196,,400,,
0,0,,0.995415,0.001074,0.000486,0.00148,0.001088,0.000261,0.000196,,400,,
0,0,,0.999743,0.000029,0.000024,0.000089,0.000073,0.00002,0.000022,,400,,
0,0,,0.999743,0.000029,0.000024,0.000089,0.000073,0.00002,0.000022,,400,,
0,0,,0.999743,0.000029,0.000024,0.000089,0.000073,0.00002,0.000022,,500,,
0,0,,0.999743,0.000029,0.000024,0.000089,0.000073,0.00002,0.000022,,400,,
0,0,,0.999743,0.000029,0.000024,0.000089,0.000073,0.00002,0.000022,,400,,
0,0,,0.995415,0.001074,0.000486,0.00148,0.001088,0.000261,0.000196,,500,,
0,0,,0.999743,0.000029,0.000024,0.000089,0.000073,0.00002,0.000022,,400,,
0,0,,0.995415,0.001074,0.000486,0.00148,0.001088,0.000261,0.000196,,400,,
0,0,,0.999743,0.000029,0.000024,0.000089,0.000073,0.00002,0.000022,,400,,
0,0,,0.999743,0.000029,0.000024,0.000089,0.000073,0.00002,0.000022,,400,,
0,0,,0.998185,0.000051,0.000173,0.001416,0.000081,0.00008,0.000014,,500,,
0,0,,0.999743,0.000029,0.000024,0.000089,0.000073,0.00002,0.000022,,400,,
0,0,,0.999743,0.000029,0.000024,0.000089,0.000073,0.00002,0.000022,,400,,
0,0,,0.998178,0.000011,0.000038,0.001688,0.000064,0.000018,0.000003,,500,,
0,0,,0.999743,0.000029,0.000024,0.000089,0.000073,0.00002,0.000022,,400,,
0,0,,0.995415,0.001074,0.000486,0.00148,0.001088,0.000261,0.000196,,400,,
0,0,,0.999743,0.000029,0.000024,0.000089,0.000073,0.00002,0.000022,,400,,
0,0,,0.995415,0.001074,0.000486,0.00148,0.001088,0.000261,0.000196,,400,,
0,0,,0.995415,0.001074,0.000486,0.00148,0.001088,0.000261,0.000196,,400,,
0,0,,0.999743,0.000029,0.000024,0.000089,0.000073,0.00002,0.000022,,400,,
0,0,,0.999743,0.000029,0.000024,0.000089,0.000073,0.00002,0.000022,,500,,
0,0,,0.999743,0.000029,0.000024,0.000089,0.000073,0.00002,0.000022,,500,,
0,0,,0.995415,0.001074,0.000486,0.00148,0.001088,0.000261,0.000196,,500,,
0,0,,0.999743,0.000029,0.000024,0.000089,0.000073,0.00002,0.000022,,500,,
0,0,,0.999743,0.000029,0.000024,0.000089,0.000073,0.00002,0.000022,,400,,
0,0,,0.999743,0.000029,0.000024,0.000089,0.000073,0.00002,0.000022,,400,,
0,0,,0.995415,0.001074,0.000486,0.00148,0.001088,0.000261,0.000196,,400,,
0,0,,0.999743,0.000029,0.000024,0.000089,0.000073,0.00002,0.000022,,400,,
0,0,,0.998178,0.000011,0.000038,0.001688,0.000064,0.000018,0.000003,,500,,
0,0,,0.999743,0.000029,0.000024,0.000089,0.000073,0.00002,0.000022,,400,,
0,0,,0.999743,0.000029,0.000024,0.000089,0.000073,0.00002,0.000022,,400,,
0,0,,0.999743,0.000029,0.000024,0.000089,0.000073,0.00002,0.000022,,400,,
0,0,,0.999743,0.000029,0.000024,0.000089,0.000073,0.00002,0.000022,,400,,
0,0,,0.998185,0.000051,0.000173,0.001416,0.000081,0.00008,0.000014,,400,,
0,0,,0.999743,0.000029,0.000024,0.000089,0.000073,0.00002,0.000022,,400,,
0,0,,0.995415,0.001074,0.000486,0.00148,0.001088,0.000261,0.000196,,400,,
0,0,,0.999743,0.000029,0.000024,0.000089,0.000073,0.00002,0.000022,,400,,
0,0,,0.995415,0.001074,0.000486,0.00148,0.001088,0.000261,0.000196,,400,,
0,0,,0.999743,0.000029,0.000024,0.000089,0.000073,0.00002,0.000022,,500,,
0,0,,0.999743,0.000029,0.000024,0.000089,0.000073,0.00002,0.000022,,400,,
0,0,,0.999743,0.000029,0.000024,0.000089,0.000073,0.00002,0.000022,,400,,
0,0,,0.999743,0.000029,0.000024,0.000089,0.000073,0.00002,0.000022,,400,,
0,0,,0.999743,0.000029,0.000024,0.000089,0.000073,0.00002,0.000022,,400,,
0,0,,0.999743,0.000029,0.000024,0.000089,0.000073,0.00002,0.000022,,400,,
0,0,,0.999743,0.000029,0.000024,0.000089,0.000073,0.00002,0.000022,,500,,
0,0,,0.999743,0.000029,0.000024,0.000089,0.000073,0.00002,0.000022,,400,,
0,0,,0.999743,0.000029,0.000024,0.000089,0.000073,0.00002,0.000022,,400,,
0,0,,0.999743,0.000029,0.000024,0.000089,0.000073,0.00002,0.000022,,400,,
0,0,,0.999743,0.000029,0.000024,0.000089,0.000073,0.00002,0.000022,,500,,
0,0,,0.995415,0.001074,0.000486,0.00148,0.001088,0.000261,0.000196,,400,,
0,0,,0.999743,0.000029,0.000024,0.000089,0.000073,0.00002,0.000022,,400,,
0,0,,0.999743,0.000029,0.000024,0.000089,0.000073,0.00002,0.000022,,400,,
0,0,,0.998178,0.000011,0.000038,0.001688,0.000064,0.000018,0.000003,,500,,
0,0,,0.995415,0.001074,0.000486,0.00148,0.001088,0.000261,0.000196,,400,,
0,0,,0.999743,0.000029,0.000024,0.000089,0.000073,0.00002,0.000022,,400,,
0,0,,0.999743,0.000029,0.000024,0.000089,0.000073,0.00002,0.000022,,400,,
0,0,,0.999743,0.000029,0.000024,0.000089,0.000073,0.00002,0.000022,,400,,
0,0,,0.999743,0.000029,0.000024,0.000089,0.000073,0.00002,0.000022,,400,,
0,0,,0.999743,0.000029,0.000024,0.000089,0.000073,0.00002,0.000022,,400,,
0,0,,0.999743,0.000029,0.000024,0.000089,0.000073,0.00002,0.000022,,400,,
0,0,,0.999743,0.000029,0.000024,0.000089,0.000073,0.00002,0.000022,,400,,
0,0,,0.999743,0.000029,0.000024,0.000089,0.000073,0.00002,0.000022,,500,,
0,0,,0.998185,0.000051,0.000173,0.001416,0.000081,0.00008,0.000014,,500,,
0,0,,0.995415,0.001074,0.000486,0.00148,0.001088,0.000261,0.000196,,400,,
0,0,,0.999743,0.000029,0.000024,0.000089,0.000073,0.00002,0.000022,,500,,
0,0,,0.998178,0.000011,0.000038,0.001688,0.000064,0.000018,0.000003,,500,,
0,0,,0.999743,0.000029,0.000024,0.000089,0.000073,0.00002,0.000022,,400,,
0,0,,0.995415,0.001074,0.000486,0.00148,0.001088,0.000261,0.000196,,500,,
0,0,,0.999743,0.000029,0.000024,0.000089,0.000073,0.00002,0.000022,,400,,
0,0,,0.999743,0.000029,0.000024,0.000089,0.000073,0.00002,0.000022,,400,,
0,0,,0.999743,0.000029,0.000024,0.000089,0.000073,0.00002,0.000022,,400,,
0,0,,0.999743,0.000029,0.000024,0.000089,0.000073,0.00002,0.000022,,400,,
0,0,,0.999743,0.000029,0.000024,0.000089,0.000073,0.00002,0.000022,,400,,
0,0,,0.999743,0.000029,0.000024,0.000089,0.000073,0.00002,0.000022,,500,,
0,0,,0.999743,0.000029,0.000024,0.000089,0.000073,0.00002,0.000022,,500,,
0,0,,0.998178,0.000011,0.000038,0.001688,0.000064,0.000018,0.000003,,500,,
0,0,,0.995415,0.001074,0.000486,0.00148,0.001088,0.000261,0.000196,,400,,
0,0,,0.995415,0.001074,0.000486,0.00148,0.001088,0.000261,0.000196,,400,,
0,0,,0.998178,0.000011,0.000038,0.001688,0.000064,0.000018,0.000003,,500,,
0,0,,0.995415,0.001074,0.000486,0.00148,0.001088,0.000261,0.000196,,400,,
0,0,,0.999743,0.000029,0.000024,0.000089,0.000073,0.00002,0.000022,,400,,
0,0,,0.999743,0.000029,0.000024,0.000089,0.000073,0.00002,0.000022,,400,,
0,0,,0.999743,0.000029,0.000024,0.000089,0.000073,0.00002,0.000022,,400,,
0,0,,0.999743,0.000029,0.000024,0.000089,0.000073,0.00002,0.000022,,500,,
0,0,,0.995415,0.001074,0.000486,0.00148,0.001088,0.000261,0.000196,,500,,
0,0,,0.999743,0.000029,0.000024,0.000089,0.000073,0.00002,0.000022,,500,,
0,0,,0.999743,0.000029,0.000024,0.000089,0.000073,0.00002,0.000022,,500,,
0,0,,0.999743,0.000029,0.000024,0.000089,0.000073,0.00002,0.000022,,400,,
0,0,,0.995415,0.001074,0.000486,0.00148,0.001088,0.000261,0.000196,,400,,
0,0,,0.999743,0.000029,0.000024,0.000089,0.000073,0.00002,0.000022,,400,,
0,0,,0.995415,0.001074,0.000486,0.00148,0.001088,0.000261,0.000196,,400,,
0,0,,0.998178,0.000011,0.000038,0.001688,0.000064,0.000018,0.000003,,400,,
0,0,,0.999743,0.000029,0.000024,0.000089,0.000073,0.00002,0.000022,,400,,
0,0,,0.995415,0.001074,0.000486,0.00148,0.001088,0.000261,0.000196,,400,,
0,0,,0.995415,0.001074,0.000486,0.00148,0.001088,0.000261,0.000196,,400,,
0,0,,0.999743,0.000029,0.000024,0.000089,0.000073,0.00002,0.000022,,400,,
0,0,,0.999743,0.000029,0.000024,0.000089,0.000073,0.00002,0.000022,,500,,
0,0,,0.995415,0.001074,0.000486,0.00148,0.001088,0.000261,0.000196,,500,,
0,0,,0.999743,0.000029,0.000024,0.000089,0.000073,0.00002,0.000022,,500,,
0,0,,0.999743,0.000029,0.000024,0.000089,0.000073,0.00002,0.000022,,400,,
0,0,,0.999743,0.000029,0.000024,0.000089,0.000073,0.00002,0.000022,,400,,
0,0,,0.995415,0.001074,0.000486,0.00148,0.001088,0.000261,0.000196,,400,,
0,0,,0.999743,0.000029,0.000024,0.000089,0.000073,0.00002,0.000022,,400,,
0,0,,0.998178,0.000011,0.000038,0.001688,0.000064,0.000018,0.000003,,400,,
0,0,,0.999743,0.000029,0.000024,0.000089,0.000073,0.00002,0.000022,,400,,
0,0,,0.999743,0.000029,0.000024,0.000089,0.000073,0.00002,0.000022,,400,,
0,0,,0.999743,0.000029,0.000024,0.000089,0.000073,0.00002,0.000022,,400,,
0,0,,0.998178,0.000011,0.000038,0.001688,0.000064,0.000018,0.000003,,500,,
0,0,,0.999743,0.000029,0.000024,0.000089,0.000073,0.00002,0.000022,,400,,
0,0,,0.998178,0.000011,0.000038,0.001688,0.000064,0.000018,0.000003,,500,,
0,0,,0.995415,0.001074,0.000486,0.00148,0.001088,0.000261,0.000196,,500,,
0,0,,0.999743,0.000029,0.000024,0.000089,0.000073,0.00002,0.000022,,500,,
0,0,,0.999743,0.000029,0.000024,0.000089,0.000073,0.00002,0.000022,,400,,
0,0,,0.999743,0.000029,0.000024,0.000089,0.000073,0.00002,0.000022,,400,,
0,0,,0.999743,0.000029,0.000024,0.000089,0.000073,0.00002,0.000022,,400,,
0,0,,0.998185,0.000051,0.000173,0.001416,0.000081,0.00008,0.000014,,500,,
0,0,,0.999743,0.000029,0.000024,0.000089,0.000073,0.00002,0.000022,,400,,
0,0,,0.999743,0.000029,0.000024,0.000089,0.000073,0.00002,0.000022,,400,,
0,0,,0.995415,0.001074,0.000486,0.00148,0.001088,0.000261,0.000196,,400,,
0,0,,0.999743,0.000029,0.000024,0.000089,0.000073,0.00002,0.000022,,400,,
0,0,,0.999743,0.000029,0.000024,0.000089,0.000073,0.00002,0.000022,,400,,
0,0,,0.998178,0.000011,0.000038,0.001688,0.000064,0.000018,0.000003,,400,,
0,0,,0.999743,0.000029,0.000024,0.000089,0.000073,0.00002,0.000022,,400,,
0,0,,0.999743,0.000029,0.000024,0.000089,0.000073,0.00002,0.000022,,400,,
0,0,,0.999743,0.000029,0.000024,0.000089,0.000073,0.00002,0.000022,,400,,
0,0,,0.995415,0.001074,0.000486,0.00148,0.001088,0.000261,0.000196,,400,,
0,0,,0.999743,0.000029,0.000024,0.000089,0.000073,0.00002,0.000022,,400,,
0,0,,0.999743,0.000029,0.000024,0.000089,0.000073,0.00002,0.000022,,400,,
0,0,,0.999743,0.000029,0.000024,0.000089,0.000073,0.00002,0.000022,,500,,
0,0,,0.995415,0.001074,0.000486,0.00148,0.001088,0.000261,0.000196,,500,,
0,0,,0.999743,0.000029,0.000024,0.000089,0.000073,0.00002,0.000022,,500,,
0,0,,0.995415,0.001074,0.000486,0.00148,0.001088,0.000261,0.000196,,400,,
0,0,,0.999743,0.000029,0.000024,0.000089,0.000073,0.00002,0.000022,,400,,
0,0,,0.999743,0.000029,0.000024,0.000089,0.000073,0.00002,0.000022,,400,,
0,0,,0.999743,0.000029,0.000024,0.000089,0.000073,0.00002,0.000022,,400,,
0,0,,0.998185,0.000051,0.000173,0.001416,0.000081,0.00008,0.000014,,400,,
0,0,,0.995415,0.001074,0.000486,0.00148,0.001088,0.000261,0.000196,,400,,
0,0,,0.998178,0.000011,0.000038,0.001688,0.000064,0.000018,0.000003,,500,,
0,0,,0.995415,0.001074,0.000486,0.00148,0.001088,0.000261,0.000196,,500,,
0,0,,0.998185,0.000051,0.000173,0.001416,0.000081,0.00008,0.000014,,500,,
0,0,,0.999743,0.000029,0.000024,0.000089,0.000073,0.00002,0.000022,,400,,
0,0,,0.999743,0.000029,0.000024,0.000089,0.000073,0.00002,0.000022,,400,,
0,0,,0.998178,0.000011,0.000038,0.001688,0.000064,0.000018,0.000003,,500,,
0,0,,0.995415,0.001074,0.000486,0.00148,0.001088,0.000261,0.000196,,500,,
0,0,,0.999743,0.000029,0.000024,0.000089,0.000073,0.00002,0.000022,,400,,
0,0,,0.999743,0.000029,0.000024,0.000089,0.000073,0.00002,0.000022,,400,,
0,0,,0.999743,0.000029,0.000024,0.000089,0.000073,0.00002,0.000022,,400,,
0,0,,0.999743,0.000029,0.000024,0.000089,0.000073,0.00002,0.000022,,400,,
0,0,,0.999743,0.000029,0.000024,0.000089,0.000073,0.00002,0.000022,,400,,
0,0,,0.998178,0.000011,0.000038,0.001688,0.000064,0.000018,0.000003,,500,,
0,0,,0.999743,0.000029,0.000024,0.000089,0.000073,0.00002,0.000022,,400,,
0,0,,0.995415,0.001074,0.000486,0.00148,0.001088,0.000261,0.000196,,400,,
0,0,,0.995415,0.001074,0.000486,0.00148,0.001088,0.000261,0.000196,,400,,
0,0,,0.999743,0.000029,0.000024,0.000089,0.000073,0.00002,0.000022,,400,,
0,0,,0.999743,0.000029,0.000024,0.000089,0.000073,0.00002,0.000022,,400,,
0,0,,0.995415,0.001074,0.000486,0.00148,0.001088,0.000261,0.000196,,400,,
0,0,,0.999743,0.000029,0.000024,0.000089,0.000073,0.00002,0.000022,,500,,
0,0,,0.998178,0.000011,0.000038,0.001688,0.000064,0.000018,0.000003,,500,,
0,0,,0.999743,0.000029,0.000024,0.000089,0.000073,0.00002,0.000022,,400,,
0,0,,0.995415,0.001074,0.000486,0.00148,0.001088,0.000261,0.000196,,400,,
0,0,,0.999743,0.000029,0.000024,0.000089,0.000073,0.00002,0.000022,,400,,
0,0,,0.998178,0.000011,0.000038,0.001688,0.000064,0.000018,0.000003,,500,,
0,0,,0.999743,0.000029,0.000024,0.000089,0.000073,0.00002,0.000022,,400,,
0,0,,0.999743,0.000029,0.000024,0.000089,0.000073,0.00002,0.000022,,400,,
0,0,,0.999743,0.000029,0.000024,0.000089,0.000073,0.00002,0.000022,,400,,
0,0,,0.999743,0.000029,0.000024,0.000089,0.000073,0.00002,0.000022,,500,,
0,0,,0.995415,0.001074,0.000486,0.00148,0.001088,0.000261,0.000196,,400,,
0,0,,0.999743,0.000029,0.000024,0.000089,0.000073,0.00002,0.000022,,400,,
0,0,,0.999743,0.000029,0.000024,0.000089,0.000073,0.00002,0.000022,,400,,
0,0,,0.999743,0.000029,0.000024,0.000089,0.000073,0.00002,0.000022,,400,,
0,0,,0.999743,0.000029,0.000024,0.000089,0.000073,0.00002,0.000022,,400,,
0,0,,0.995415,0.001074,0.000486,0.00148,0.001088,0.000261,0.000196,,500,,
0,0,,0.995415,0.001074,0.000486,0.00148,0.001088,0.000261,0.000196,,400,,
0,0,,0.999743,0.000029,0.000024,0.000089,0.000073,0.00002,0.000022,,400,,
0,0,,0.999743,0.000029,0.000024,0.000089,0.000073,0.00002,0.000022,,400,,
0,0,,0.995415,0.001074,0.000486,0.00148,0.001088,0.000261,0.000196,,400,,
0,0,,0.999743,0.000029,0.000024,0.000089,0.000073,0.00002,0.000022,,400,,
0,0,,0.998185,0.000051,0.000173,0.001416,0.000081,0.00008,0.000014,,500,,
0,0,,0.999743,0.000029,0.000024,0.000089,0.000073,0.00002,0.000022,,400,,
0,0,,0.999743,0.000029,0.000024,0.000089,0.000073,0.00002,0.000022,,500,,
0,0,,0.995415,0.001074,0.000486,0.00148,0.001088,0.000261,0.000196,,500,,
0,0,,0.999743,0.000029,0.000024,0.000089,0.000073,0.00002,0.000022,,500,,
0,0,,0.995415,0.001074,0.000486,0.00148,0.001088,0.000261,0.000196,,500,,
0,0,,0.999743,0.000029,0.000024,0.000089,0.000073,0.00002,0.000022,,400,,
0,0,,0.995415,0.001074,0.000486,0.00148,0.001088,0.000261,0.000196,,400,,
0,0,,0.999743,0.000029,0.000024,0.000089,0.000073,0.00002,0.000022,,400,,
0,0,,0.995415,0.001074,0.000486,0.00148,0.001088,0.000261,0.000196,,400,,
0,0,,0.999743,0.000029,0.000024,0.000089,0.000073,0.00002,0.000022,,400,,
0,0,,0.999743,0.000029,0.000024,0.000089,0.000073,0.00002,0.000022,,400,,
0,0,,0.999743,0.000029,0.000024,0.000089,0.000073,0.00002,0.000022,,400,,
0,0,,0.999743,0.000029,0.000024,0.000089,0.000073,0.00002,0.000022,,500,,
0,0,,0.999743,0.000029,0.000024,0.000089,0.000073,0.00002,0.000022,,500,,
0,0,,0.998178,0.000011,0.000038,0.001688,0.000064,0.000018,0.000003,,500,,
0,0,,0.995415,0.001074,0.000486,0.00148,0.001088,0.000261,0.000196,,400,,
0,0,,0.998178,0.000011,0.000038,0.001688,0.000064,0.000018,0.000003,,400,,
0,0,,0.998178,0.000011,0.000038,0.001688,0.000064,0.000018,0.000003,,500,,
0,0,,0.999743,0.000029,0.000024,0.000089,0.000073,0.00002,0.000022,,600,,
0,0,,0.995415,0.001074,0.000486,0.00148,0.001088,0.000261,0.000196,,500,,
0,0,,0.999743,0.000029,0.000024,0.000089,0.000073,0.00002,0.000022,,500,,
0,0,,0.999743,0.000029,0.000024,0.000089,0.000073,0.00002,0.000022,,400,,
0,0,,0.998178,0.000011,0.000038,0.001688,0.000064,0.000018,0.000003,,500,,
0,0,,0.999743,0.000029,0.000024,0.000089,0.000073,0.00002,0.000022,,400,,
0,0,,0.999743,0.000029,0.000024,0.000089,0.000073,0.00002,0.000022,,400,,
0,0,,0.995415,0.001074,0.000486,0.00148,0.001088,0.000261,0.000196,,500,,
0,0,,0.999743,0.000029,0.000024,0.000089,0.000073,0.00002,0.000022,,500,,
0,0,,0.999743,0.000029,0.000024,0.000089,0.000073,0.00002,0.000022,,400,,
0,0,,0.999743,0.000029,0.000024,0.000089,0.000073,0.00002,0.000022,,400,,
0,0,,0.999743,0.000029,0.000024,0.000089,0.000073,0.00002,0.000022,,400,,
0,0,,0.995415,0.001074,0.000486,0.00148,0.001088,0.000261,0.000196,,400,,
0,0,,0.999743,0.000029,0.000024,0.000089,0.000073,0.00002,0.000022,,400,,
0,0,,0.999743,0.000029,0.000024,0.000089,0.000073,0.00002,0.000022,,400,,
0,0,,0.998185,0.000051,0.000173,0.001416,0.000081,0.00008,0.000014,,400,,
0,0,,0.999743,0.000029,0.000024,0.000089,0.000073,0.00002,0.000022,,400,,
0,0,,0.999743,0.000029,0.000024,0.000089,0.000073,0.00002,0.000022,,400,,
0,0,,0.995415,0.001074,0.000486,0.00148,0.001088,0.000261,0.000196,,400,,
0,0,,0.995415,0.001074,0.000486,0.00148,0.001088,0.000261,0.000196,,400,,
0,0,,0.999743,0.000029,0.000024,0.000089,0.000073,0.00002,0.000022,,500,,
0,0,,0.995415,0.001074,0.000486,0.00148,0.001088,0.000261,0.000196,,500,,
0,0,,0.999743,0.000029,0.000024,0.000089,0.000073,0.00002,0.000022,,400,,
0,0,,0.999743,0.000029,0.000024,0.000089,0.000073,0.00002,0.000022,,400,,
0,0,,0.999743,0.000029,0.000024,0.000089,0.000073,0.00002,0.000022,,400,,
0,0,,0.995415,0.001074,0.000486,0.00148,0.001088,0.000261,0.000196,,400,,
0,0,,0.999743,0.000029,0.000024,0.000089,0.000073,0.00002,0.000022,,400,,
0,0,,0.999743,0.000029,0.000024,0.000089,0.000073,0.00002,0.000022,,400,,
0,0,,0.999743,0.000029,0.000024,0.000089,0.000073,0.00002,0.000022,,400,,
0,0,,0.999743,0.000029,0.000024,0.000089,0.000073,0.00002,0.000022,,400,,
0,0,,0.999743,0.000029,0.000024,0.000089,0.000073,0.00002,0.000022,,500,,
0,0,,0.999743,0.000029,0.000024,0.000089,0.000073,0.00002,0.000022,,400,,
0,0,,0.995415,0.001074,0.000486,0.00148,0.001088,0.000261,0.000196,,400,,
0,0,,0.995415,0.001074,0.000486,0.00148,0.001088,0.000261,0.000196,,400,,
0,0,,0.998178,0.000011,0.000038,0.001688,0.000064,0.000018,0.000003,,400,,
0,0,,0.995415,0.001074,0.000486,0.00148,0.001088,0.000261,0.000196,,400,,
0,0,,0.999743,0.000029,0.000024,0.000089,0.000073,0.00002,0.000022,,400,,
0,0,,0.995415,0.001074,0.000486,0.00148,0.001088,0.000261,0.000196,,400,,
0,0,,0.995415,0.001074,0.000486,0.00148,0.001088,0.000261,0.000196,,400,,
0,0,,0.999743,0.000029,0.000024,0.000089,0.000073,0.00002,0.000022,,500,,
0,0,,0.999743,0.000029,0.000024,0.000089,0.000073,0.00002,0.000022,,400,,
0,0,,0.995415,0.001074,0.000486,0.00148,0.001088,0.000261,0.000196,,400,,
0,0,,0.999743,0.000029,0.000024,0.000089,0.000073,0.00002,0.000022,,400,,
0,0,,0.999743,0.000029,0.000024,0.000089,0.000073,0.00002,0.000022,,400,,
0,0,,0.999743,0.000029,0.000024,0.000089,0.000073,0.00002,0.000022,,400,,
0,0,,0.998178,0.000011,0.000038,0.001688,0.000064,0.000018,0.000003,,400,,
0,0,,0.995415,0.001074,0.000486,0.00148,0.001088,0.000261,0.000196,,400,,
0,0,,0.999743,0.000029,0.000024,0.000089,0.000073,0.00002,0.000022,,400,,
0,0,,0.999743,0.000029,0.000024,0.000089,0.000073,0.00002,0.000022,,400,,
0,0,,0.995415,0.001074,0.000486,0.00148,0.001088,0.000261,0.000196,,400,,
0,0,,0.995415,0.001074,0.000486,0.00148,0.001088,0.000261,0.000196,,400,,
0,0,,0.999743,0.000029,0.000024,0.000089,0.000073,0.00002,0.000022,,500,,
0,0,,0.999743,0.000029,0.000024,0.000089,0.000073,0.00002,0.000022,,400,,
0,0,,0.995415,0.001074,0.000486,0.00148,0.001088,0.000261,0.000196,,400,,
0,0,,0.998185,0.000051,0.000173,0.001416,0.000081,0.00008,0.000014,,400,,
0,0,,0.995415,0.001074,0.000486,0.00148,0.001088,0.000261,0.000196,,400,,
0,0,,0.995415,0.001074,0.000486,0.00148,0.001088,0.000261,0.000196,,400,,
0,0,,0.995415,0.001074,0.000486,0.00148,0.001088,0.000261,0.000196,,500,,
0,0,,0.999743,0.000029,0.000024,0.000089,0.000073,0.00002,0.000022,,500,,
0,0,,0.995415,0.001074,0.000486,0.00148,0.001088,0.000261,0.000196,,500,,
0,0,,0.999743,0.000029,0.000024,0.000089,0.000073,0.00002,0.000022,,400,,
0,0,,0.995415,0.001074,0.000486,0.00148,0.001088,0.000261,0.000196,,400,,
0,0,,0.999743,0.000029,0.000024,0.000089,0.000073,0.00002,0.000022,,400,,
0,0,,0.999743,0.000029,0.000024,0.000089,0.000073,0.00002,0.000022,,400,,
0,0,,0.999743,0.000029,0.000024,0.000089,0.000073,0.00002,0.000022,,400,,
0,0,,0.999743,0.000029,0.000024,0.000089,0.000073,0.00002,0.000022,,400,,
0,0,,0.999743,0.000029,0.000024,0.000089,0.000073,0.00002,0.000022,,400,,
0,0,,0.999743,0.000029,0.000024,0.000089,0.000073,0.00002,0.000022,,500,,
0,0,,0.999743,0.000029,0.000024,0.000089,0.000073,0.00002,0.000022,,500,,
0,0,,0.999743,0.000029,0.000024,0.000089,0.000073,0.00002,0.000022,,500,,
0,0,,0.999743,0.000029,0.000024,0.000089,0.000073,0.00002,0.000022,,400,,
0,0,,0.999743,0.000029,0.000024,0.000089,0.000073,0.00002,0.000022,,400,,
0,0,,0.999743,0.000029,0.000024,0.000089,0.000073,0.00002,0.000022,,400,,
0,0,,0.995415,0.001074,0.000486,0.00148,0.001088,0.000261,0.000196,,400,,
0,0,,0.999743,0.000029,0.000024,0.000089,0.000073,0.00002,0.000022,,400,,
0,0,,0.999743,0.000029,0.000024,0.000089,0.000073,0.00002,0.000022,,400,,
0,0,,0.999743,0.000029,0.000024,0.000089,0.000073,0.00002,0.000022,,500,,
0,0,,0.999743,0.000029,0.000024,0.000089,0.000073,0.00002,0.000022,,500,,
0,0,,0.998185,0.000051,0.000173,0.001416,0.000081,0.00008,0.000014,,500,,
0,0,,0.998178,0.000011,0.000038,0.001688,0.000064,0.000018,0.000003,,400,,
0,0,,0.995415,0.001074,0.000486,0.00148,0.001088,0.000261,0.000196,,400,,
0,0,,0.999743,0.000029,0.000024,0.000089,0.000073,0.00002,0.000022,,400,,
0,0,,0.999743,0.000029,0.000024,0.000089,0.000073,0.00002,0.000022,,400,,
0,0,,0.998185,0.000051,0.000173,0.001416,0.000081,0.00008,0.000014,,400,,
0,0,,0.999743,0.000029,0.000024,0.000089,0.000073,0.00002,0.000022,,400,,
0,0,,0.998185,0.000051,0.000173,0.001416,0.000081,0.00008,0.000014,,400,,
0,0,,0.999743,0.000029,0.000024,0.000089,0.000073,0.00002,0.000022,,400,,
0,0,,0.995415,0.001074,0.000486,0.00148,0.001088,0.000261,0.000196,,400,,
0,0,,0.995415,0.001074,0.000486,0.00148,0.001088,0.000261,0.000196,,400,,
0,0,,0.999743,0.000029,0.000024,0.000089,0.000073,0.00002,0.000022,,400,,
0,0,,0.995415,0.001074,0.000486,0.00148,0.001088,0.000261,0.000196,,500,,
0,0,,0.999743,0.000029,0.000024,0.000089,0.000073,0.00002,0.000022,,400,,
0,0,,0.999743,0.000029,0.000024,0.000089,0.000073,0.00002,0.000022,,400,,
0,0,,0.995415,0.001074,0.000486,0.00148,0.001088,0.000261,0.000196,,400,,
0,0,,0.998178,0.000011,0.000038,0.001688,0.000064,0.000018,0.000003,,500,,
0,0,,0.999743,0.000029,0.000024,0.000089,0.000073,0.00002,0.000022,,400,,
0,0,,0.995415,0.001074,0.000486,0.00148,0.001088,0.000261,0.000196,,400,,
0,0,,0.999743,0.000029,0.000024,0.000089,0.000073,0.00002,0.000022,,400,,
0,0,,0.995415,0.001074,0.000486,0.00148,0.001088,0.000261,0.000196,,400,,
0,0,,0.999743,0.000029,0.000024,0.000089,0.000073,0.00002,0.000022,,500,,
0,0,,0.998185,0.000051,0.000173,0.001416,0.000081,0.00008,0.000014,,500,,
0,0,,0.999743,0.000029,0.000024,0.000089,0.000073,0.00002,0.000022,,500,,
0,0,,0.995415,0.001074,0.000486,0.00148,0.001088,0.000261,0.000196,,400,,
0,0,,0.999743,0.000029,0.000024,0.000089,0.000073,0.00002,0.000022,,400,,
0,0,,0.999743,0.000029,0.000024,0.000089,0.000073,0.00002,0.000022,,500,,
0,0,,0.995415,0.001074,0.000486,0.00148,0.001088,0.000261,0.000196,,400,,
0,0,,0.995415,0.001074,0.000486,0.00148,0.001088,0.000261,0.000196,,400,,
0,0,,0.999743,0.000029,0.000024,0.000089,0.000073,0.00002,0.000022,,400,,
0,0,,0.999743,0.000029,0.000024,0.000089,0.000073,0.00002,0.000022,,400,,
0,0,,0.995415,0.001074,0.000486,0.00148,0.001088,0.000261,0.000196,,400,,
0,0,,0.999743,0.000029,0.000024,0.000089,0.000073,0.00002,0.000022,,400,,
0,0,,0.999743,0.000029,0.000024,0.000089,0.000073,0.00002,0.000022,,400,,
0,0,,0.999743,0.000029,0.000024,0.000089,0.000073,0.00002,0.000022,,400,,
0,0,,0.995415,0.001074,0.000486,0.00148,0.001088,0.000261,0.000196,,500,,
0,0,,0.995415,0.001074,0.000486,0.00148,0.001088,0.000261,0.000196,,400,,
0,0,,0.999743,0.000029,0.000024,0.000089,0.000073,0.00002,0.000022,,400,,
0,0,,0.999743,0.000029,0.000024,0.000089,0.000073,0.00002,0.000022,,400,,
0,0,,0.999743,0.000029,0.000024,0.000089,0.000073,0.00002,0.000022,,400,,
0,0,,0.995415,0.001074,0.000486,0.00148,0.001088,0.000261,0.000196,,400,,
0,0,,0.999743,0.000029,0.000024,0.000089,0.000073,0.00002,0.000022,,400,,
0,0,,0.998178,0.000011,0.000038,0.001688,0.000064,0.000018,0.000003,,500,,
0,0,,0.999743,0.000029,0.000024,0.000089,0.000073,0.00002,0.000022,,400,,
0,0,,0.999743,0.000029,0.000024,0.000089,0.000073,0.00002,0.000022,,400,,
0,0,,0.995415,0.001074,0.000486,0.00148,0.001088,0.000261,0.000196,,400,,
0,0,,0.999743,0.000029,0.000024,0.000089,0.000073,0.00002,0.000022,,400,,
0,0,,0.999743,0.000029,0.000024,0.000089,0.000073,0.00002,0.000022,,500,,
0,0,,0.995415,0.001074,0.000486,0.00148,0.001088,0.000261,0.000196,,500,,
0,0,,0.999743,0.000029,0.000024,0.000089,0.000073,0.00002,0.000022,,500,,
0,0,,0.999743,0.000029,0.000024,0.000089,0.000073,0.00002,0.000022,,400,,
0,0,,0.995415,0.001074,0.000486,0.00148,0.001088,0.000261,0.000196,,400,,
0,0,,0.995415,0.001074,0.000486,0.00148,0.001088,0.000261,0.000196,,400,,
0,0,,0.999743,0.000029,0.000024,0.000089,0.000073,0.00002,0.000022,,400,,
0,0,,0.998185,0.000051,0.000173,0.001416,0.000081,0.00008,0.000014,,400,,
0,0,,0.999743,0.000029,0.000024,0.000089,0.000073,0.00002,0.000022,,400,,
0,0,,0.999743,0.000029,0.000024,0.000089,0.000073,0.00002,0.000022,,400,,
0,0,,0.998185,0.000051,0.000173,0.001416,0.000081,0.00008,0.000014,,500,,
0,0,,0.995415,0.001074,0.000486,0.00148,0.001088,0.000261,0.000196,,400,,
0,0,,0.995415,0.001074,0.000486,0.00148,0.001088,0.000261,0.000196,,400,,
0,0,,0.999743,0.000029,0.000024,0.000089,0.000073,0.00002,0.000022,,400,,
0,0,,0.999743,0.000029,0.000024,0.000089,0.000073,0.00002,0.000022,,400,,
0,0,,0.999743,0.000029,0.000024,0.000089,0.000073,0.00002,0.000022,,400,,
0,0,,0.999743,0.000029,0.000024,0.000089,0.000073,0.00002,0.000022,,400,,
0,0,,0.999743,0.000029,0.000024,0.000089,0.000073,0.00002,0.000022,,400,,
0,0,,0.999743,0.000029,0.000024,0.000089,0.000073,0.00002,0.000022,,400,,
0,0,,0.999743,0.000029,0.000024,0.000089,0.000073,0.00002,0.000022,,500,,
0,0,,0.999743,0.000029,0.000024,0.000089,0.000073,0.00002,0.000022,,500,,
0,0,,0.995415,0.001074,0.000486,0.00148,0.001088,0.000261,0.000196,,400,,
0,0,,0.999743,0.000029,0.000024,0.000089,0.000073,0.00002,0.000022,,400,,
0,0,,0.999743,0.000029,0.000024,0.000089,0.000073,0.00002,0.000022,,400,,
0,0,,0.999743,0.000029,0.000024,0.000089,0.000073,0.00002,0.000022,,400,,
0,0,,0.999743,0.000029,0.000024,0.000089,0.000073,0.00002,0.000022,,400,,
0,0,,0.999743,0.000029,0.000024,0.000089,0.000073,0.00002,0.000022,,500,,
0,0,,0.995415,0.001074,0.000486,0.00148,0.001088,0.000261,0.000196,,400,,
0,0,,0.998178,0.000011,0.000038,0.001688,0.000064,0.000018,0.000003,,500,,
0,0,,0.999743,0.000029,0.000024,0.000089,0.000073,0.00002,0.000022,,400,,
0,0,,0.999743,0.000029,0.000024,0.000089,0.000073,0.00002,0.000022,,500,,
0,0,,0.999743,0.000029,0.000024,0.000089,0.000073,0.00002,0.000022,,400,,
0,0,,0.999743,0.000029,0.000024,0.000089,0.000073,0.00002,0.000022,,400,,
0,0,,0.998185,0.000051,0.000173,0.001416,0.000081,0.00008,0.000014,,500,,
0,0,,0.999743,0.000029,0.000024,0.000089,0.000073,0.00002,0.000022,,500,,
0,0,,0.998178,0.000011,0.000038,0.001688,0.000064,0.000018,0.000003,,500,,
0,0,,0.999743,0.000029,0.000024,0.000089,0.000073,0.00002,0.000022,,400,,
0,0,,0.999743,0.000029,0.000024,0.000089,0.000073,0.00002,0.000022,,400,,
0,0,,0.995415,0.001074,0.000486,0.00148,0.001088,0.000261,0.000196,,500,,
0,0,,0.995415,0.001074,0.000486,0.00148,0.001088,0.000261,0.000196,,500,,
0,0,,0.999743,0.000029,0.000024,0.000089,0.000073,0.00002,0.000022,,500,,
0,0,,0.999743,0.000029,0.000024,0.000089,0.000073,0.00002,0.000022,,400,,
0,0,,0.999743,0.000029,0.000024,0.000089,0.000073,0.00002,0.000022,,400,,
0,0,,0.999743,0.000029,0.000024,0.000089,0.000073,0.00002,0.000022,,400,,
0,0,,0.999743,0.000029,0.000024,0.000089,0.000073,0.00002,0.000022,,400,,
0,0,,0.999743,0.000029,0.000024,0.000089,0.000073,0.00002,0.000022,,400,,
0,0,,0.999743,0.000029,0.000024,0.000089,0.000073,0.00002,0.000022,,400,,
0,0,,0.998185,0.000051,0.000173,0.001416,0.000081,0.00008,0.000014,,400,,
0,0,,0.999743,0.000029,0.000024,0.000089,0.000073,0.00002,0.000022,,400,,
0,0,,0.999743,0.000029,0.000024,0.000089,0.000073,0.00002,0.000022,,400,,
0,0,,0.999743,0.000029,0.000024,0.000089,0.000073,0.00002,0.000022,,400,,
0,0,,0.999743,0.000029,0.000024,0.000089,0.000073,0.00002,0.000022,,500,,
0,0,,0.999743,0.000029,0.000024,0.000089,0.000073,0.00002,0.000022,,500,,
0,0,,0.999743,0.000029,0.000024,0.000089,0.000073,0.00002,0.000022,,500,,
0,0,,0.999743,0.000029,0.000024,0.000089,0.000073,0.00002,0.000022,,400,,
0,0,,0.995415,0.001074,0.000486,0.00148,0.001088,0.000261,0.000196,,400,,
0,0,,0.998178,0.000011,0.000038,0.001688,0.000064,0.000018,0.000003,,500,,
0,0,,0.999743,0.000029,0.000024,0.000089,0.000073,0.00002,0.000022,,500,,
0,0,,0.995415,0.001074,0.000486,0.00148,0.001088,0.000261,0.000196,,400,,
0,0,,0.999743,0.000029,0.000024,0.000089,0.000073,0.00002,0.000022,,400,,
0,0,,0.995415,0.001074,0.000486,0.00148,0.001088,0.000261,0.000196,,400,,
0,0,,0.995415,0.001074,0.000486,0.00148,0.001088,0.000261,0.000196,,400,,
0,0,,0.995415,0.001074,0.000486,0.00148,0.001088,0.000261,0.000196,,400,,
0,0,,0.998178,0.000011,0.000038,0.001688,0.000064,0.000018,0.000003,,500,,
0,0,,0.995415,0.001074,0.000486,0.00148,0.001088,0.000261,0.000196,,400,,
0,0,,0.999743,0.000029,0.000024,0.000089,0.000073,0.00002,0.000022,,400,,
0,0,,0.999743,0.000029,0.000024,0.000089,0.000073,0.00002,0.000022,,400,,
0,0,,0.995415,0.001074,0.000486,0.00148,0.001088,0.000261,0.000196,,400,,
0,0,,0.999743,0.000029,0.000024,0.000089,0.000073,0.00002,0.000022,,400,,
0,0,,0.999743,0.000029,0.000024,0.000089,0.000073,0.00002,0.000022,,400,,
0,0,,0.999743,0.000029,0.000024,0.000089,0.000073,0.00002,0.000022,,400,,
0,0,,0.999743,0.000029,0.000024,0.000089,0.000073,0.00002,0.000022,,400,,
0,0,,0.999743,0.000029,0.000024,0.000089,0.000073,0.00002,0.000022,,500,,
0,0,,0.999743,0.000029,0.000024,0.000089,0.000073,0.00002,0.000022,,400,,
0,0,,0.999743,0.000029,0.000024,0.000089,0.000073,0.00002,0.000022,,400,,
0,0,,0.995415,0.001074,0.000486,0.00148,0.001088,0.000261,0.000196,,400,,
0,0,,0.999743,0.000029,0.000024,0.000089,0.000073,0.00002,0.000022,,400,,
0,0,,0.999743,0.000029,0.000024,0.000089,0.000073,0.00002,0.000022,,400,,
0,0,,0.999743,0.000029,0.000024,0.000089,0.000073,0.00002,0.000022,,400,,
0,0,,0.999743,0.000029,0.000024,0.000089,0.000073,0.00002,0.000022,,400,,
0,0,,0.999743,0.000029,0.000024,0.000089,0.000073,0.00002,0.000022,,400,,
0,0,,0.995415,0.001074,0.000486,0.00148,0.001088,0.000261,0.000196,,400,,
0,0,,0.995415,0.001074,0.000486,0.00148,0.001088,0.000261,0.000196,,400,,
0,0,,0.995415,0.001074,0.000486,0.00148,0.001088,0.000261,0.000196,,400,,
0,0,,0.995415,0.001074,0.000486,0.00148,0.001088,0.000261,0.000196,,400,,
0,0,,0.998178,0.000011,0.000038,0.001688,0.000064,0.000018,0.000003,,500,,
0,0,,0.995415,0.001074,0.000486,0.00148,0.001088,0.000261,0.000196,,400,,
0,0,,0.999743,0.000029,0.000024,0.000089,0.000073,0.00002,0.000022,,400,,
0,0,,0.995415,0.001074,0.000486,0.00148,0.001088,0.000261,0.000196,,400,,
0,0,,0.999743,0.000029,0.000024,0.000089,0.000073,0.00002,0.000022,,400,,
0,0,,0.995415,0.001074,0.000486,0.00148,0.001088,0.000261,0.000196,,400,,
0,0,,0.998178,0.000011,0.000038,0.001688,0.000064,0.000018,0.000003,,500,,
0,0,,0.995415,0.001074,0.000486,0.00148,0.001088,0.000261,0.000196,,400,,
0,0,,0.999743,0.000029,0.000024,0.000089,0.000073,0.00002,0.000022,,400,,
0,0,,0.999743,0.000029,0.000024,0.000089,0.000073,0.00002,0.000022,,400,,
0,0,,0.995415,0.001074,0.000486,0.00148,0.001088,0.000261,0.000196,,400,,
0,0,,0.998185,0.000051,0.000173,0.001416,0.000081,0.00008,0.000014,,400,,
0,0,,0.998178,0.000011,0.000038,0.001688,0.000064,0.000018,0.000003,,500,,
0,0,,0.999743,0.000029,0.000024,0.000089,0.000073,0.00002,0.000022,,500,,
0,0,,0.995415,0.001074,0.000486,0.00148,0.001088,0.000261,0.000196,,400,,
0,0,,0.999743,0.000029,0.000024,0.000089,0.000073,0.00002,0.000022,,400,,
0,0,,0.999743,0.000029,0.000024,0.000089,0.000073,0.00002,0.000022,,400,,
0,0,,0.998185,0.000051,0.000173,0.001416,0.000081,0.00008,0.000014,,500,,
0,0,,0.999743,0.000029,0.000024,0.000089,0.000073,0.00002,0.000022,,400,,
0,0,,0.999743,0.000029,0.000024,0.000089,0.000073,0.00002,0.000022,,400,,
0,0,,0.999743,0.000029,0.000024,0.000089,0.000073,0.00002,0.000022,,400,,
0,0,,0.999743,0.000029,0.000024,0.000089,0.000073,0.00002,0.000022,,400,,
0,0,,0.999743,0.000029,0.000024,0.000089,0.000073,0.00002,0.000022,,400,,
0,0,,0.999743,0.000029,0.000024,0.000089,0.000073,0.00002,0.000022,,400,,
0,0,,0.995415,0.001074,0.000486,0.00148,0.001088,0.000261,0.000196,,400,,
0,0,,0.999743,0.000029,0.000024,0.000089,0.000073,0.00002,0.000022,,500,,
0,0,,0.998178,0.000011,0.000038,0.001688,0.000064,0.000018,0.000003,,500,,
0,0,,0.999743,0.000029,0.000024,0.000089,0.000073,0.00002,0.000022,,400,,
0,0,,0.999743,0.000029,0.000024,0.000089,0.000073,0.00002,0.000022,,400,,
0,0,,0.999743,0.000029,0.000024,0.000089,0.000073,0.00002,0.000022,,400,,
0,0,,0.995415,0.001074,0.000486,0.00148,0.001088,0.000261,0.000196,,400,,
0,0,,0.999743,0.000029,0.000024,0.000089,0.000073,0.00002,0.000022,,500,,
0,0,,0.999743,0.000029,0.000024,0.000089,0.000073,0.00002,0.000022,,500,,
0,0,,0.999743,0.000029,0.000024,0.000089,0.000073,0.00002,0.000022,,500,,
0,0,,0.999743,0.000029,0.000024,0.000089,0.000073,0.00002,0.000022,,400,,
0,0,,0.995415,0.001074,0.000486,0.00148,0.001088,0.000261,0.000196,,400,,
0,0,,0.999743,0.000029,0.000024,0.000089,0.000073,0.00002,0.000022,,400,,
0,0,,0.998185,0.000051,0.000173,0.001416,0.000081,0.00008,0.000014,,500,,
0,0,,0.999743,0.000029,0.000024,0.000089,0.000073,0.00002,0.000022,,500,,
0,0,,0.995415,0.001074,0.000486,0.00148,0.001088,0.000261,0.000196,,400,,
0,0,,0.995415,0.001074,0.000486,0.00148,0.001088,0.000261,0.000196,,400,,
0,0,,0.999743,0.000029,0.000024,0.000089,0.000073,0.00002,0.000022,,500,,
0,0,,0.998178,0.000011,0.000038,0.001688,0.000064,0.000018,0.000003,,500,,
0,0,,0.999743,0.000029,0.000024,0.000089,0.000073,0.00002,0.000022,,400,,
0,0,,0.999743,0.000029,0.000024,0.000089,0.000073,0.00002,0.000022,,400,,
0,0,,0.995415,0.001074,0.000486,0.00148,0.001088,0.000261,0.000196,,400,,
0,0,,0.998178,0.000011,0.000038,0.001688,0.000064,0.000018,0.000003,,500,,
0,0,,0.998178,0.000011,0.000038,0.001688,0.000064,0.000018,0.000003,,500,,
0,0,,0.995415,0.001074,0.000486,0.00148,0.001088,0.000261,0.000196,,500,,
0,0,,0.995415,0.001074,0.000486,0.00148,0.001088,0.000261,0.000196,,500,,
0,0,,0.995415,0.001074,0.000486,0.00148,0.001088,0.000261,0.000196,,500,,
0,0,,0.998185,0.000051,0.000173,0.001416,0.000081,0.00008,0.000014,,400,,
0,0,,0.995415,0.001074,0.000486,0.00148,0.001088,0.000261,0.000196,,400,,
0,0,,0.999743,0.000029,0.000024,0.000089,0.000073,0.00002,0.000022,,400,,
0,0,,0.998178,0.000011,0.000038,0.001688,0.000064,0.000018,0.000003,,400,,
0,0,,0.995415,0.001074,0.000486,0.00148,0.001088,0.000261,0.000196,,400,,
0,0,,0.995415,0.001074,0.000486,0.00148,0.001088,0.000261,0.000196,,400,,
0,0,,0.995415,0.001074,0.000486,0.00148,0.001088,0.000261,0.000196,,400,,
0,0,,0.999743,0.000029,0.000024,0.000089,0.000073,0.00002,0.000022,,400,,
0,0,,0.999743,0.000029,0.000024,0.000089,0.000073,0.00002,0.000022,,400,,
0,0,,0.998178,0.000011,0.000038,0.001688,0.000064,0.000018,0.000003,,400,,
0,0,,0.995415,0.001074,0.000486,0.00148,0.001088,0.000261,0.000196,,400,,
0,0,,0.999743,0.000029,0.000024,0.000089,0.000073,0.00002,0.000022,,400,,
0,0,,0.995415,0.001074,0.000486,0.00148,0.001088,0.000261,0.000196,,400,,
0,0,,0.998178,0.000011,0.000038,0.001688,0.000064,0.000018,0.000003,,500,,
0,0,,0.998185,0.000051,0.000173,0.001416,0.000081,0.00008,0.000014,,500,,
0,0,,0.998185,0.000051,0.000173,0.001416,0.000081,0.00008,0.000014,,500,,
0,0,,0.998178,0.000011,0.000038,0.001688,0.000064,0.000018,0.000003,,500,,
0,0,,0.999743,0.000029,0.000024,0.000089,0.000073,0.00002,0.000022,,500,,
0,0,,0.995415,0.001074,0.000486,0.00148,0.001088,0.000261,0.000196,,400,,
0,0,,0.998178,0.000011,0.000038,0.001688,0.000064,0.000018,0.000003,,500,,
0,0,,0.999743,0.000029,0.000024,0.000089,0.000073,0.00002,0.000022,,500,,
0,0,,0.999743,0.000029,0.000024,0.000089,0.000073,0.00002,0.000022,,400,,
0,0,,0.998178,0.000011,0.000038,0.001688,0.000064,0.000018,0.000003,,500,,
0,0,,0.995415,0.001074,0.000486,0.00148,0.001088,0.000261,0.000196,,400,,
0,0,,0.999743,0.000029,0.000024,0.000089,0.000073,0.00002,0.000022,,500,,
0,0,,0.999743,0.000029,0.000024,0.000089,0.000073,0.00002,0.000022,,500,,
0,0,,0.999743,0.000029,0.000024,0.000089,0.000073,0.00002,0.000022,,500,,
0,0,,0.999743,0.000029,0.000024,0.000089,0.000073,0.00002,0.000022,,500,,
0,0,,0.999743,0.000029,0.000024,0.000089,0.000073,0.00002,0.000022,,400,,
0,0,,0.999743,0.000029,0.000024,0.000089,0.000073,0.00002,0.000022,,400,,
0,0,,0.999743,0.000029,0.000024,0.000089,0.000073,0.00002,0.000022,,400,,
0,0,,0.995415,0.001074,0.000486,0.00148,0.001088,0.000261,0.000196,,400,,
0,0,,0.999743,0.000029,0.000024,0.000089,0.000073,0.00002,0.000022,,400,,
0,0,,0.999743,0.000029,0.000024,0.000089,0.000073,0.00002,0.000022,,400,,
0,0,,0.999743,0.000029,0.000024,0.000089,0.000073,0.00002,0.000022,,500,,
0,0,,0.995415,0.001074,0.000486,0.00148,0.001088,0.000261,0.000196,,400,,
0,0,,0.995415,0.001074,0.000486,0.00148,0.001088,0.000261,0.000196,,400,,
0,0,,0.998178,0.000011,0.000038,0.001688,0.000064,0.000018,0.000003,,500,,
0,0,,0.999743,0.000029,0.000024,0.000089,0.000073,0.00002,0.000022,,400,,
0,0,,0.999743,0.000029,0.000024,0.000089,0.000073,0.00002,0.000022,,400,,
0,0,,0.999743,0.000029,0.000024,0.000089,0.000073,0.00002,0.000022,,400,,
0,0,,0.999743,0.000029,0.000024,0.000089,0.000073,0.00002,0.000022,,400,,
0,0,,0.999743,0.000029,0.000024,0.000089,0.000073,0.00002,0.000022,,400,,
0,0,,0.999743,0.000029,0.000024,0.000089,0.000073,0.00002,0.000022,,400,,
0,0,,0.999743,0.000029,0.000024,0.000089,0.000073,0.00002,0.000022,,500,,
0,0,,0.999743,0.000029,0.000024,0.000089,0.000073,0.00002,0.000022,,500,,
0,0,,0.995415,0.001074,0.000486,0.00148,0.001088,0.000261,0.000196,,400,,
0,0,,0.999743,0.000029,0.000024,0.000089,0.000073,0.00002,0.000022,,400,,
0,0,,0.999743,0.000029,0.000024,0.000089,0.000073,0.00002,0.000022,,400,,
0,0,,0.999743,0.000029,0.000024,0.000089,0.000073,0.00002,0.000022,,400,,
0,0,,0.999743,0.000029,0.000024,0.000089,0.000073,0.00002,0.000022,,400,,
0,0,,0.999743,0.000029,0.000024,0.000089,0.000073,0.00002,0.000022,,400,,
0,0,,0.999743,0.000029,0.000024,0.000089,0.000073,0.00002,0.000022,,500,,
0,0,,0.995415,0.001074,0.000486,0.00148,0.001088,0.000261,0.000196,,400,,
0,0,,0.995415,0.001074,0.000486,0.00148,0.001088,0.000261,0.000196,,400,,
0,0,,0.999743,0.000029,0.000024,0.000089,0.000073,0.00002,0.000022,,400,,
0,0,,0.999743,0.000029,0.000024,0.000089,0.000073,0.00002,0.000022,,400,,
0,0,,0.999743,0.000029,0.000024,0.000089,0.000073,0.00002,0.000022,,400,,
0,0,,0.995415,0.001074,0.000486,0.00148,0.001088,0.000261,0.000196,,500,,
0,0,,0.995415,0.001074,0.000486,0.00148,0.001088,0.000261,0.000196,,500,,
0,0,,0.995415,0.001074,0.000486,0.00148,0.001088,0.000261,0.000196,,400,,
0,0,,0.999743,0.000029,0.000024,0.000089,0.000073,0.00002,0.000022,,400,,
0,0,,0.999743,0.000029,0.000024,0.000089,0.000073,0.00002,0.000022,,400,,
0,0,,0.995415,0.001074,0.000486,0.00148,0.001088,0.000261,0.000196,,400,,
0,0,,0.999743,0.000029,0.000024,0.000089,0.000073,0.00002,0.000022,,500,,
0,0,,0.995415,0.001074,0.000486,0.00148,0.001088,0.000261,0.000196,,500,,
0,0,,0.995415,0.001074,0.000486,0.00148,0.001088,0.000261,0.000196,,400,,
0,0,,0.998178,0.000011,0.000038,0.001688,0.000064,0.000018,0.000003,,500,,
0,0,,0.999743,0.000029,0.000024,0.000089,0.000073,0.00002,0.000022,,500,,
0,0,,0.999743,0.000029,0.000024,0.000089,0.000073,0.00002,0.000022,,400,,
0,0,,0.995415,0.001074,0.000486,0.00148,0.001088,0.000261,0.000196,,400,,
0,0,,0.999743,0.000029,0.000024,0.000089,0.000073,0.00002,0.000022,,400,,
0,0,,0.995415,0.001074,0.000486,0.00148,0.001088,0.000261,0.000196,,400,,
0,0,,0.999743,0.000029,0.000024,0.000089,0.000073,0.00002,0.000022,,400,,
0,0,,0.999743,0.000029,0.000024,0.000089,0.000073,0.00002,0.000022,,400,,
0,0,,0.999743,0.000029,0.000024,0.000089,0.000073,0.00002,0.000022,,400,,
0,0,,0.999743,0.000029,0.000024,0.000089,0.000073,0.00002,0.000022,,400,,
0,0,,0.999743,0.000029,0.000024,0.000089,0.000073,0.00002,0.000022,,500,,
0,0,,0.995415,0.001074,0.000486,0.00148,0.001088,0.000261,0.000196,,400,,
0,0,,0.999743,0.000029,0.000024,0.000089,0.000073,0.00002,0.000022,,600,,
0,0,,0.999743,0.000029,0.000024,0.000089,0.000073,0.00002,0.000022,,400,,
0,0,,0.999743,0.000029,0.000024,0.000089,0.000073,0.00002,0.000022,,400,,
0,0,,0.999743,0.000029,0.000024,0.000089,0.000073,0.00002,0.000022,,400,,
0,0,,0.999743,0.000029,0.000024,0.000089,0.000073,0.00002,0.000022,,500,,
0,0,,0.995415,0.001074,0.000486,0.00148,0.001088,0.000261,0.000196,,500,,
0,0,,0.998178,0.000011,0.000038,0.001688,0.000064,0.000018,0.000003,,500,,
0,0,,0.999743,0.000029,0.000024,0.000089,0.000073,0.00002,0.000022,,400,,
0,0,,0.999743,0.000029,0.000024,0.000089,0.000073,0.00002,0.000022,,400,,
0,0,,0.995415,0.001074,0.000486,0.00148,0.001088,0.000261,0.000196,,500,,
0,0,,0.999743,0.000029,0.000024,0.000089,0.000073,0.00002,0.000022,,500,,
0,0,,0.999743,0.000029,0.000024,0.000089,0.000073,0.00002,0.000022,,500,,
0,0,,0.995415,0.001074,0.000486,0.00148,0.001088,0.000261,0.000196,,400,,
0,0,,0.999743,0.000029,0.000024,0.000089,0.000073,0.00002,0.000022,,400,,
0,0,,0.999743,0.000029,0.000024,0.000089,0.000073,0.00002,0.000022,,500,,
0,0,,0.999743,0.000029,0.000024,0.000089,0.000073,0.00002,0.000022,,400,,
0,0,,0.999743,0.000029,0.000024,0.000089,0.000073,0.00002,0.000022,,400,,
0,0,,0.999743,0.000029,0.000024,0.000089,0.000073,0.00002,0.000022,,400,,
0,0,,0.995415,0.001074,0.000486,0.00148,0.001088,0.000261,0.000196,,400,,
0,0,,0.998185,0.000051,0.000173,0.001416,0.000081,0.00008,0.000014,,500,,
0,0,,0.995415,0.001074,0.000486,0.00148,0.001088,0.000261,0.000196,,400,,
0,0,,0.995415,0.001074,0.000486,0.00148,0.001088,0.000261,0.000196,,400,,
0,0,,0.998185,0.000051,0.000173,0.001416,0.000081,0.00008,0.000014,,400,,
0,0,,0.999743,0.000029,0.000024,0.000089,0.000073,0.00002,0.000022,,400,,
0,0,,0.999743,0.000029,0.000024,0.000089,0.000073,0.00002,0.000022,,400,,
0,0,,0.999743,0.000029,0.000024,0.000089,0.000073,0.00002,0.000022,,400,,
0,0,,0.999743,0.000029,0.000024,0.000089,0.000073,0.00002,0.000022,,500,,
0,0,,0.995415,0.001074,0.000486,0.00148,0.001088,0.000261,0.000196,,500,,
0,0,,0.995415,0.001074,0.000486,0.00148,0.001088,0.000261,0.000196,,400,,
0,0,,0.999743,0.000029,0.000024,0.000089,0.000073,0.00002,0.000022,,400,,
0,0,,0.998178,0.000011,0.000038,0.001688,0.000064,0.000018,0.000003,,500,,
0,0,,0.999743,0.000029,0.000024,0.000089,0.000073,0.00002,0.000022,,400,,
0,0,,0.995415,0.001074,0.000486,0.00148,0.001088,0.000261,0.000196,,400,,
0,0,,0.999743,0.000029,0.000024,0.000089,0.000073,0.00002,0.000022,,400,,
0,0,,0.995415,0.001074,0.000486,0.00148,0.001088,0.000261,0.000196,,400,,
0,0,,0.995415,0.001074,0.000486,0.00148,0.001088,0.000261,0.000196,,400,,
0,0,,0.995415,0.001074,0.000486,0.00148,0.001088,0.000261,0.000196,,500,,
0,0,,0.999743,0.000029,0.000024,0.000089,0.000073,0.00002,0.000022,,400,,
0,0,,0.999743,0.000029,0.000024,0.000089,0.000073,0.00002,0.000022,,400,,
0,0,,0.998178,0.000011,0.000038,0.001688,0.000064,0.000018,0.000003,,500,,
0,0,,0.999743,0.000029,0.000024,0.000089,0.000073,0.00002,0.000022,,400,,
0,0,,0.999743,0.000029,0.000024,0.000089,0.000073,0.00002,0.000022,,400,,
0,0,,0.998185,0.000051,0.000173,0.001416,0.000081,0.00008,0.000014,,500,,
0,0,,0.995415,0.001074,0.000486,0.00148,0.001088,0.000261,0.000196,,400,,
0,0,,0.999743,0.000029,0.000024,0.000089,0.000073,0.00002,0.000022,,400,,
0,0,,0.995415,0.001074,0.000486,0.00148,0.001088,0.000261,0.000196,,400,,
0,0,,0.999743,0.000029,0.000024,0.000089,0.000073,0.00002,0.000022,,400,,
0,0,,0.995415,0.001074,0.000486,0.00148,0.001088,0.000261,0.000196,,400,,
0,0,,0.998178,0.000011,0.000038,0.001688,0.000064,0.000018,0.000003,,500,,
0,0,,0.999743,0.000029,0.000024,0.000089,0.000073,0.00002,0.000022,,400,,
0,0,,0.999743,0.000029,0.000024,0.000089,0.000073,0.00002,0.000022,,400,,
0,0,,0.999743,0.000029,0.000024,0.000089,0.000073,0.00002,0.000022,,500,,
0,0,,0.999743,0.000029,0.000024,0.000089,0.000073,0.00002,0.000022,,500,,
0,0,,0.999743,0.000029,0.000024,0.000089,0.000073,0.00002,0.000022,,400,,
0,0,,0.999743,0.000029,0.000024,0.000089,0.000073,0.00002,0.000022,,400,,
0,0,,0.999743,0.000029,0.000024,0.000089,0.000073,0.00002,0.000022,,400,,
0,0,,0.995415,0.001074,0.000486,0.00148,0.001088,0.000261,0.000196,,400,,
0,0,,0.998178,0.000011,0.000038,0.001688,0.000064,0.000018,0.000003,,500,,
0,0,,0.995415,0.001074,0.000486,0.00148,0.001088,0.000261,0.000196,,400,,
0,0,,0.999743,0.000029,0.000024,0.000089,0.000073,0.00002,0.000022,,500,,
0,0,,0.995415,0.001074,0.000486,0.00148,0.001088,0.000261,0.000196,,400,,
0,0,,0.999743,0.000029,0.000024,0.000089,0.000073,0.00002,0.000022,,400,,
0,0,,0.995415,0.001074,0.000486,0.00148,0.001088,0.000261,0.000196,,1900,,
0,0,,0.995415,0.001074,0.000486,0.00148,0.001088,0.000261,0.000196,,500,,
0,0,,0.755722,0.003211,0.19723,0.001742,0.000274,0.00232,0.039501,,500,,
0,0,,0.999743,0.000029,0.000024,0.000089,0.000073,0.00002,0.000022,,500,,
0,0,,0.999743,0.000029,0.000024,0.000089,0.000073,0.00002,0.000022,,500,,
0,0,,0.999743,0.000029,0.000024,0.000089,0.000073,0.00002,0.000022,,400,,
0,0,,0.999743,0.000029,0.000024,0.000089,0.000073,0.00002,0.000022,,400,,
0,0,,0.999743,0.000029,0.000024,0.000089,0.000073,0.00002,0.000022,,400,,
0,0,,0.999743,0.000029,0.000024,0.000089,0.000073,0.00002,0.000022,,400,,
0,0,,0.999743,0.000029,0.000024,0.000089,0.000073,0.00002,0.000022,,400,,
0,0,,0.999743,0.000029,0.000024,0.000089,0.000073,0.00002,0.000022,,400,,
0,0,,0.999743,0.000029,0.000024,0.000089,0.000073,0.00002,0.000022,,400,,
0,0,,0.995415,0.001074,0.000486,0.00148,0.001088,0.000261,0.000196,,500,,
0,0,,0.999743,0.000029,0.000024,0.000089,0.000073,0.00002,0.000022,,400,,
0,0,,0.998178,0.000011,0.000038,0.001688,0.000064,0.000018,0.000003,,500,,
0,0,,0.999743,0.000029,0.000024,0.000089,0.000073,0.00002,0.000022,,500,,
0,0,,0.999743,0.000029,0.000024,0.000089,0.000073,0.00002,0.000022,,500,,
0,0,,0.998178,0.000011,0.000038,0.001688,0.000064,0.000018,0.000003,,500,,
0,0,,0.999743,0.000029,0.000024,0.000089,0.000073,0.00002,0.000022,,400,,
0,0,,0.999743,0.000029,0.000024,0.000089,0.000073,0.00002,0.000022,,500,,
0,0,,0.999743,0.000029,0.000024,0.000089,0.000073,0.00002,0.000022,,500,,
0,0,,0.999743,0.000029,0.000024,0.000089,0.000073,0.00002,0.000022,,400,,
0,0,,0.999743,0.000029,0.000024,0.000089,0.000073,0.00002,0.000022,,400,,
0,0,,0.999743,0.000029,0.000024,0.000089,0.000073,0.00002,0.000022,,400,,
0,0,,0.999743,0.000029,0.000024,0.000089,0.000073,0.00002,0.000022,,400,,
0,0,,0.999743,0.000029,0.000024,0.000089,0.000073,0.00002,0.000022,,400,,
0,0,,0.998178,0.000011,0.000038,0.001688,0.000064,0.000018,0.000003,,500,,
0,0,,0.995415,0.001074,0.000486,0.00148,0.001088,0.000261,0.000196,,400,,
0,0,,0.999743,0.000029,0.000024,0.000089,0.000073,0.00002,0.000022,,400,,
0,0,,0.995415,0.001074,0.000486,0.00148,0.001088,0.000261,0.000196,,400,,
0,0,,0.998178,0.000011,0.000038,0.001688,0.000064,0.000018,0.000003,,500,,
0,0,,0.999743,0.000029,0.000024,0.000089,0.000073,0.00002,0.000022,,400,,
0,0,,0.999743,0.000029,0.000024,0.000089,0.000073,0.00002,0.000022,,400,,
0,0,,0.999743,0.000029,0.000024,0.000089,0.000073,0.00002,0.000022,,400,,
0,0,,0.999743,0.000029,0.000024,0.000089,0.000073,0.00002,0.000022,,400,,
0,0,,0.995415,0.001074,0.000486,0.00148,0.001088,0.000261,0.000196,,400,,
0,0,,0.998178,0.000011,0.000038,0.001688,0.000064,0.000018,0.000003,,400,,
0,0,,0.999743,0.000029,0.000024,0.000089,0.000073,0.00002,0.000022,,400,,
0,0,,0.999743,0.000029,0.000024,0.000089,0.000073,0.00002,0.000022,,400,,
0,0,,0.998185,0.000051,0.000173,0.001416,0.000081,0.00008,0.000014,,400,,
0,0,,0.998178,0.000011,0.000038,0.001688,0.000064,0.000018,0.000003,,500,,
0,0,,0.999743,0.000029,0.000024,0.000089,0.000073,0.00002,0.000022,,400,,
0,0,,0.995415,0.001074,0.000486,0.00148,0.001088,0.000261,0.000196,,400,,
0,0,,0.999743,0.000029,0.000024,0.000089,0.000073,0.00002,0.000022,,400,,
0,0,,0.995415,0.001074,0.000486,0.00148,0.001088,0.000261,0.000196,,400,,
0,0,,0.999743,0.000029,0.000024,0.000089,0.000073,0.00002,0.000022,,400,,
0,0,,0.999743,0.000029,0.000024,0.000089,0.000073,0.00002,0.000022,,400,,
0,0,,0.995415,0.001074,0.000486,0.00148,0.001088,0.000261,0.000196,,500,,
0,0,,0.998178,0.000011,0.000038,0.001688,0.000064,0.000018,0.000003,,500,,
0,0,,0.998185,0.000051,0.000173,0.001416,0.000081,0.00008,0.000014,,400,,
0,0,,0.999743,0.000029,0.000024,0.000089,0.000073,0.00002,0.000022,,400,,
0,0,,0.998178,0.000011,0.000038,0.001688,0.000064,0.000018,0.000003,,400,,
0,0,,0.999743,0.000029,0.000024,0.000089,0.000073,0.00002,0.000022,,400,,
0,0,,0.995415,0.001074,0.000486,0.00148,0.001088,0.000261,0.000196,,400,,
0,0,,0.998178,0.000011,0.000038,0.001688,0.000064,0.000018,0.000003,,500,,
0,0,,0.998178,0.000011,0.000038,0.001688,0.000064,0.000018,0.000003,,500,,
0,0,,0.999743,0.000029,0.000024,0.000089,0.000073,0.00002,0.000022,,400,,
0,0,,0.995415,0.001074,0.000486,0.00148,0.001088,0.000261,0.000196,,500,,
0,0,,0.999743,0.000029,0.000024,0.000089,0.000073,0.00002,0.000022,,400,,
0,0,,0.999743,0.000029,0.000024,0.000089,0.000073,0.00002,0.000022,,400,,
0,0,,0.999743,0.000029,0.000024,0.000089,0.000073,0.00002,0.000022,,400,,
0,0,,0.999743,0.000029,0.000024,0.000089,0.000073,0.00002,0.000022,,400,,
0,0,,0.999743,0.000029,0.000024,0.000089,0.000073,0.00002,0.000022,,500,,
0,0,,0.999743,0.000029,0.000024,0.000089,0.000073,0.00002,0.000022,,500,,
0,0,,0.999743,0.000029,0.000024,0.000089,0.000073,0.00002,0.000022,,400,,
0,0,,0.995415,0.001074,0.000486,0.00148,0.001088,0.000261,0.000196,,400,,
0,0,,0.998185,0.000051,0.000173,0.001416,0.000081,0.00008,0.000014,,400,,
0,0,,0.999743,0.000029,0.000024,0.000089,0.000073,0.00002,0.000022,,400,,
0,0,,0.999743,0.000029,0.000024,0.000089,0.000073,0.00002,0.000022,,400,,
0,0,,0.995415,0.001074,0.000486,0.00148,0.001088,0.000261,0.000196,,400,,
0,0,,0.999743,0.000029,0.000024,0.000089,0.000073,0.00002,0.000022,,400,,
0,0,,0.999743,0.000029,0.000024,0.000089,0.000073,0.00002,0.000022,,400,,
0,0,,0.995415,0.001074,0.000486,0.00148,0.001088,0.000261,0.000196,,500,,
0,0,,0.999743,0.000029,0.000024,0.000089,0.000073,0.00002,0.000022,,500,,
0,0,,0.999743,0.000029,0.000024,0.000089,0.000073,0.00002,0.000022,,500,,
0,0,,0.995415,0.001074,0.000486,0.00148,0.001088,0.000261,0.000196,,500,,
0,0,,0.999743,0.000029,0.000024,0.000089,0.000073,0.00002,0.000022,,400,,
0,0,,0.999743,0.000029,0.000024,0.000089,0.000073,0.00002,0.000022,,400,,
0,0,,0.995415,0.001074,0.000486,0.00148,0.001088,0.000261,0.000196,,400,,
0,0,,0.999743,0.000029,0.000024,0.000089,0.000073,0.00002,0.000022,,400,,
0,0,,0.998185,0.000051,0.000173,0.001416,0.000081,0.00008,0.000014,,400,,
0,0,,0.995415,0.001074,0.000486,0.00148,0.001088,0.000261,0.000196,,400,,
0,0,,0.999743,0.000029,0.000024,0.000089,0.000073,0.00002,0.000022,,400,,
0,0,,0.999743,0.000029,0.000024,0.000089,0.000073,0.00002,0.000022,,400,,
0,0,,0.999743,0.000029,0.000024,0.000089,0.000073,0.00002,0.000022,,500,,
0,0,,0.998178,0.000011,0.000038,0.001688,0.000064,0.000018,0.000003,,1700,,
0,0,,0.999743,0.000029,0.000024,0.000089,0.000073,0.00002,0.000022,,400,,
0,0,,0.999743,0.000029,0.000024,0.000089,0.000073,0.00002,0.000022,,400,,
0,0,,0.999743,0.000029,0.000024,0.000089,0.000073,0.00002,0.000022,,400,,
0,0,,0.995415,0.001074,0.000486,0.00148,0.001088,0.000261,0.000196,,400,,
0,0,,0.999743,0.000029,0.000024,0.000089,0.000073,0.00002,0.000022,,400,,
0,0,,0.999743,0.000029,0.000024,0.000089,0.000073,0.00002,0.000022,,400,,
0,0,,0.999743,0.000029,0.000024,0.000089,0.000073,0.00002,0.000022,,500,,
0,0,,0.999743,0.000029,0.000024,0.000089,0.000073,0.00002,0.000022,,500,,
0,0,,0.999743,0.000029,0.000024,0.000089,0.000073,0.00002,0.000022,,400,,
0,0,,0.999743,0.000029,0.000024,0.000089,0.000073,0.00002,0.000022,,400,,
0,0,,0.999743,0.000029,0.000024,0.000089,0.000073,0.00002,0.000022,,400,,
0,0,,0.999743,0.000029,0.000024,0.000089,0.000073,0.00002,0.000022,,400,,
0,0,,0.995415,0.001074,0.000486,0.00148,0.001088,0.000261,0.000196,,400,,
0,0,,0.999743,0.000029,0.000024,0.000089,0.000073,0.00002,0.000022,,400,,
0,0,,0.999743,0.000029,0.000024,0.000089,0.000073,0.00002,0.000022,,500,,
0,0,,0.998178,0.000011,0.000038,0.001688,0.000064,0.000018,0.000003,,500,,
0,0,,0.999743,0.000029,0.000024,0.000089,0.000073,0.00002,0.000022,,400,,
0,0,,0.999743,0.000029,0.000024,0.000089,0.000073,0.00002,0.000022,,400,,
0,0,,0.998178,0.000011,0.000038,0.001688,0.000064,0.000018,0.000003,,400,,
0,0,,0.999743,0.000029,0.000024,0.000089,0.000073,0.00002,0.000022,,400,,
0,0,,0.998178,0.000011,0.000038,0.001688,0.000064,0.000018,0.000003,,500,,
0,0,,0.999743,0.000029,0.000024,0.000089,0.000073,0.00002,0.000022,,400,,
0,0,,0.999743,0.000029,0.000024,0.000089,0.000073,0.00002,0.000022,,400,,
0,0,,0.998185,0.000051,0.000173,0.001416,0.000081,0.00008,0.000014,,500,,
0,0,,0.995415,0.001074,0.000486,0.00148,0.001088,0.000261,0.000196,,400,,
0,0,,0.998178,0.000011,0.000038,0.001688,0.000064,0.000018,0.000003,,500,,
0,0,,0.995415,0.001074,0.000486,0.00148,0.001088,0.000261,0.000196,,500,,
0,0,,0.999743,0.000029,0.000024,0.000089,0.000073,0.00002,0.000022,,500,,
0,0,,0.995415,0.001074,0.000486,0.00148,0.001088,0.000261,0.000196,,500,,
0,0,,0.995415,0.001074,0.000486,0.00148,0.001088,0.000261,0.000196,,400,,
0,0,,0.999743,0.000029,0.000024,0.000089,0.000073,0.00002,0.000022,,400,,
0,0,,0.999743,0.000029,0.000024,0.000089,0.000073,0.00002,0.000022,,400,,
0,0,,0.995415,0.001074,0.000486,0.00148,0.001088,0.000261,0.000196,,400,,
0,0,,0.995415,0.001074,0.000486,0.00148,0.001088,0.000261,0.000196,,400,,
0,0,,0.999743,0.000029,0.000024,0.000089,0.000073,0.00002,0.000022,,500,,
0,0,,0.995415,0.001074,0.000486,0.00148,0.001088,0.000261,0.000196,,500,,
0,0,,0.998178,0.000011,0.000038,0.001688,0.000064,0.000018,0.000003,,500,,
0,0,,0.995415,0.001074,0.000486,0.00148,0.001088,0.000261,0.000196,,400,,
0,0,,0.999743,0.000029,0.000024,0.000089,0.000073,0.00002,0.000022,,500,,
0,0,,0.999743,0.000029,0.000024,0.000089,0.000073,0.00002,0.000022,,500,,
0,0,,0.995415,0.001074,0.000486,0.00148,0.001088,0.000261,0.000196,,400,,
0,0,,0.995415,0.001074,0.000486,0.00148,0.001088,0.000261,0.000196,,400,,
0,0,,0.995415,0.001074,0.000486,0.00148,0.001088,0.000261,0.000196,,400,,
0,0,,0.998178,0.000011,0.000038,0.001688,0.000064,0.000018,0.000003,,500,,
0,0,,0.999743,0.000029,0.000024,0.000089,0.000073,0.00002,0.000022,,500,,
0,0,,0.998178,0.000011,0.000038,0.001688,0.000064,0.000018,0.000003,,500,,
0,0,,0.999743,0.000029,0.000024,0.000089,0.000073,0.00002,0.000022,,400,,
0,0,,0.998178,0.000011,0.000038,0.001688,0.000064,0.000018,0.000003,,500,,
0,0,,0.998178,0.000011,0.000038,0.001688,0.000064,0.000018,0.000003,,500,,
0,0,,0.999743,0.000029,0.000024,0.000089,0.000073,0.00002,0.000022,,500,,
0,0,,0.998185,0.000051,0.000173,0.001416,0.000081,0.00008,0.000014,,500,,
0,0,,0.999743,0.000029,0.000024,0.000089,0.000073,0.00002,0.000022,,500,,
0,0,,0.995415,0.001074,0.000486,0.00148,0.001088,0.000261,0.000196,,400,,
0,0,,0.998178,0.000011,0.000038,0.001688,0.000064,0.000018,0.000003,,500,,
0,0,,0.999743,0.000029,0.000024,0.000089,0.000073,0.00002,0.000022,,500,,
0,0,,0.999743,0.000029,0.000024,0.000089,0.000073,0.00002,0.000022,,400,,
0,0,,0.999743,0.000029,0.000024,0.000089,0.000073,0.00002,0.000022,,400,,
0,0,,0.995415,0.001074,0.000486,0.00148,0.001088,0.000261,0.000196,,400,,
0,0,,0.999743,0.000029,0.000024,0.000089,0.000073,0.00002,0.000022,,400,,
0,0,,0.999743,0.000029,0.000024,0.000089,0.000073,0.00002,0.000022,,500,,
0,0,,0.995415,0.001074,0.000486,0.00148,0.001088,0.000261,0.000196,,500,,
0,0,,0.999743,0.000029,0.000024,0.000089,0.000073,0.00002,0.000022,,500,,
0,0,,0.999743,0.000029,0.000024,0.000089,0.000073,0.00002,0.000022,,500,,
0,0,,0.999743,0.000029,0.000024,0.000089,0.000073,0.00002,0.000022,,500,,
0,0,,0.999743,0.000029,0.000024,0.000089,0.000073,0.00002,0.000022,,400,,
0,0,,0.999743,0.000029,0.000024,0.000089,0.000073,0.00002,0.000022,,400,,
0,0,,0.999743,0.000029,0.000024,0.000089,0.000073,0.00002,0.000022,,400,,
0,0,,0.999743,0.000029,0.000024,0.000089,0.000073,0.00002,0.000022,,400,,
0,0,,0.999743,0.000029,0.000024,0.000089,0.000073,0.00002,0.000022,,400,,
0,0,,0.999743,0.000029,0.000024,0.000089,0.000073,0.00002,0.000022,,500,,
0,0,,0.999743,0.000029,0.000024,0.000089,0.000073,0.00002,0.000022,,500,,
0,0,,0.995415,0.001074,0.000486,0.00148,0.001088,0.000261,0.000196,,400,,
0,0,,0.999743,0.000029,0.000024,0.000089,0.000073,0.00002,0.000022,,400,,
0,0,,0.999743,0.000029,0.000024,0.000089,0.000073,0.00002,0.000022,,400,,
0,0,,0.995415,0.001074,0.000486,0.00148,0.001088,0.000261,0.000196,,400,,
0,0,,0.999743,0.000029,0.000024,0.000089,0.000073,0.00002,0.000022,,400,,
0,0,,0.999743,0.000029,0.000024,0.000089,0.000073,0.00002,0.000022,,400,,
0,0,,0.999743,0.000029,0.000024,0.000089,0.000073,0.00002,0.000022,,500,,
0,0,,0.999743,0.000029,0.000024,0.000089,0.000073,0.00002,0.000022,,400,,
0,0,,0.999743,0.000029,0.000024,0.000089,0.000073,0.00002,0.000022,,400,,
0,0,,0.999743,0.000029,0.000024,0.000089,0.000073,0.00002,0.000022,,400,,
0,0,,0.995415,0.001074,0.000486,0.00148,0.001088,0.000261,0.000196,,400,,
0,0,,0.999743,0.000029,0.000024,0.000089,0.000073,0.00002,0.000022,,400,,
0,0,,0.999743,0.000029,0.000024,0.000089,0.000073,0.00002,0.000022,,400,,
0,0,,0.998185,0.000051,0.000173,0.001416,0.000081,0.00008,0.000014,,500,,
0,0,,0.999743,0.000029,0.000024,0.000089,0.000073,0.00002,0.000022,,400,,
0,0,,0.998185,0.000051,0.000173,0.001416,0.000081,0.00008,0.000014,,400,,
0,0,,0.999743,0.000029,0.000024,0.000089,0.000073,0.00002,0.000022,,400,,
0,0,,0.998185,0.000051,0.000173,0.001416,0.000081,0.00008,0.000014,,400,,
0,0,,0.999743,0.000029,0.000024,0.000089,0.000073,0.00002,0.000022,,400,,
0,0,,0.998185,0.000051,0.000173,0.001416,0.000081,0.00008,0.000014,,400,,
0,0,,0.995415,0.001074,0.000486,0.00148,0.001088,0.000261,0.000196,,400,,
0,0,,0.995415,0.001074,0.000486,0.00148,0.001088,0.000261,0.000196,,400,,
0,0,,0.995415,0.001074,0.000486,0.00148,0.001088,0.000261,0.000196,,400,,
0,0,,0.999743,0.000029,0.000024,0.000089,0.000073,0.00002,0.000022,,400,,
0,0,,0.995415,0.001074,0.000486,0.00148,0.001088,0.000261,0.000196,,400,,
0,0,,0.995415,0.001074,0.000486,0.00148,0.001088,0.000261,0.000196,,400,,
0,0,,0.999743,0.000029,0.000024,0.000089,0.000073,0.00002,0.000022,,400,,
0,0,,0.995415,0.001074,0.000486,0.00148,0.001088,0.000261,0.000196,,500,,
0,0,,0.999743,0.000029,0.000024,0.000089,0.000073,0.00002,0.000022,,500,,
0,0,,0.998178,0.000011,0.000038,0.001688,0.000064,0.000018,0.000003,,500,,
0,0,,0.998178,0.000011,0.000038,0.001688,0.000064,0.000018,0.000003,,500,,
0,0,,0.999743,0.000029,0.000024,0.000089,0.000073,0.00002,0.000022,,500,,
0,0,,0.999743,0.000029,0.000024,0.000089,0.000073,0.00002,0.000022,,500,,
0,0,,0.999743,0.000029,0.000024,0.000089,0.000073,0.00002,0.000022,,400,,
0,0,,0.999743,0.000029,0.000024,0.000089,0.000073,0.00002,0.000022,,400,,
0,0,,0.999743,0.000029,0.000024,0.000089,0.000073,0.00002,0.000022,,400,,
0,0,,0.995415,0.001074,0.000486,0.00148,0.001088,0.000261,0.000196,,400,,
0,0,,0.999743,0.000029,0.000024,0.000089,0.000073,0.00002,0.000022,,400,,
0,0,,0.999743,0.000029,0.000024,0.000089,0.000073,0.00002,0.000022,,500,,
0,0,,0.999743,0.000029,0.000024,0.000089,0.000073,0.00002,0.000022,,400,,
0,0,,0.999743,0.000029,0.000024,0.000089,0.000073,0.00002,0.000022,,400,,
0,0,,0.999743,0.000029,0.000024,0.000089,0.000073,0.00002,0.000022,,400,,
0,0,,0.999743,0.000029,0.000024,0.000089,0.000073,0.00002,0.000022,,400,,
0,0,,0.999743,0.000029,0.000024,0.000089,0.000073,0.00002,0.000022,,400,,
0,0,,0.995415,0.001074,0.000486,0.00148,0.001088,0.000261,0.000196,,500,,
0,0,,0.999743,0.000029,0.000024,0.000089,0.000073,0.00002,0.000022,,400,,
0,0,,0.999743,0.000029,0.000024,0.000089,0.000073,0.00002,0.000022,,400,,
0,0,,0.999743,0.000029,0.000024,0.000089,0.000073,0.00002,0.000022,,400,,
0,0,,0.999743,0.000029,0.000024,0.000089,0.000073,0.00002,0.000022,,400,,
0,0,,0.999743,0.000029,0.000024,0.000089,0.000073,0.00002,0.000022,,400,,
0,0,,0.999743,0.000029,0.000024,0.000089,0.000073,0.00002,0.000022,,500,,
0,0,,0.999743,0.000029,0.000024,0.000089,0.000073,0.00002,0.000022,,500,,
0,0,,0.998185,0.000051,0.000173,0.001416,0.000081,0.00008,0.000014,,500,,
0,0,,0.995415,0.001074,0.000486,0.00148,0.001088,0.000261,0.000196,,400,,
0,0,,0.995415,0.001074,0.000486,0.00148,0.001088,0.000261,0.000196,,500,,
0,0,,0.999743,0.000029,0.000024,0.000089,0.000073,0.00002,0.000022,,500,,
0,0,,0.999743,0.000029,0.000024,0.000089,0.000073,0.00002,0.000022,,400,,
0,0,,0.995415,0.001074,0.000486,0.00148,0.001088,0.000261,0.000196,,400,,
0,0,,0.999743,0.000029,0.000024,0.000089,0.000073,0.00002,0.000022,,400,,
0,0,,0.998178,0.000011,0.000038,0.001688,0.000064,0.000018,0.000003,,500,,
0,0,,0.999743,0.000029,0.000024,0.000089,0.000073,0.00002,0.000022,,400,,
0,0,,0.999743,0.000029,0.000024,0.000089,0.000073,0.00002,0.000022,,400,,
0,0,,0.998185,0.000051,0.000173,0.001416,0.000081,0.00008,0.000014,,500,,
0,0,,0.999743,0.000029,0.000024,0.000089,0.000073,0.00002,0.000022,,500,,
0,0,,0.995415,0.001074,0.000486,0.00148,0.001088,0.000261,0.000196,,500,,
0,0,,0.999743,0.000029,0.000024,0.000089,0.000073,0.00002,0.000022,,400,,
0,0,,0.995415,0.001074,0.000486,0.00148,0.001088,0.000261,0.000196,,400,,
0,0,,0.999743,0.000029,0.000024,0.000089,0.000073,0.00002,0.000022,,400,,
0,0,,0.999743,0.000029,0.000024,0.000089,0.000073,0.00002,0.000022,,400,,
0,0,,0.995415,0.001074,0.000486,0.00148,0.001088,0.000261,0.000196,,400,,
0,0,,0.999743,0.000029,0.000024,0.000089,0.000073,0.00002,0.000022,,400,,
0,0,,0.999743,0.000029,0.000024,0.000089,0.000073,0.00002,0.000022,,400,,
0,0,,0.999743,0.000029,0.000024,0.000089,0.000073,0.00002,0.000022,,500,,
0,0,,0.999743,0.000029,0.000024,0.000089,0.000073,0.00002,0.000022,,500,,
0,0,,0.995415,0.001074,0.000486,0.00148,0.001088,0.000261,0.000196,,500,,
0,0,,0.999743,0.000029,0.000024,0.000089,0.000073,0.00002,0.000022,,400,,
0,0,,0.999743,0.000029,0.000024,0.000089,0.000073,0.00002,0.000022,,400,,
0,0,,0.999743,0.000029,0.000024,0.000089,0.000073,0.00002,0.000022,,400,,
0,0,,0.998178,0.000011,0.000038,0.001688,0.000064,0.000018,0.000003,,500,,
0,0,,0.999743,0.000029,0.000024,0.000089,0.000073,0.00002,0.000022,,700,,
0,0,,0.999743,0.000029,0.000024,0.000089,0.000073,0.00002,0.000022,,500,,
0,0,,0.999743,0.000029,0.000024,0.000089,0.000073,0.00002,0.000022,,500,,
0,0,,0.999743,0.000029,0.000024,0.000089,0.000073,0.00002,0.000022,,500,,
0,0,,0.995415,0.001074,0.000486,0.00148,0.001088,0.000261,0.000196,,400,,
0,0,,0.999743,0.000029,0.000024,0.000089,0.000073,0.00002,0.000022,,400,,
0,0,,0.999743,0.000029,0.000024,0.000089,0.000073,0.00002,0.000022,,400,,
0,0,,0.995415,0.001074,0.000486,0.00148,0.001088,0.000261,0.000196,,400,,
0,0,,0.999743,0.000029,0.000024,0.000089,0.000073,0.00002,0.000022,,400,,
0,0,,0.995415,0.001074,0.000486,0.00148,0.001088,0.000261,0.000196,,400,,
0,0,,0.999743,0.000029,0.000024,0.000089,0.000073,0.00002,0.000022,,400,,
0,0,,0.999743,0.000029,0.000024,0.000089,0.000073,0.00002,0.000022,,500,,
0,0,,0.998178,0.000011,0.000038,0.001688,0.000064,0.000018,0.000003,,500,,
0,0,,0.999743,0.000029,0.000024,0.000089,0.000073,0.00002,0.000022,,500,,
0,0,,0.999743,0.000029,0.000024,0.000089,0.000073,0.00002,0.000022,,500,,
0,0,,0.999743,0.000029,0.000024,0.000089,0.000073,0.00002,0.000022,,500,,
0,0,,0.999743,0.000029,0.000024,0.000089,0.000073,0.00002,0.000022,,400,,
0,0,,0.995415,0.001074,0.000486,0.00148,0.001088,0.000261,0.000196,,400,,
0,0,,0.995415,0.001074,0.000486,0.00148,0.001088,0.000261,0.000196,,400,,
0,0,,0.995415,0.001074,0.000486,0.00148,0.001088,0.000261,0.000196,,400,,
0,0,,0.999743,0.000029,0.000024,0.000089,0.000073,0.00002,0.000022,,400,,
0,0,,0.755722,0.003211,0.19723,0.001742,0.000274,0.00232,0.039501,,400,,
0,0,,0.999743,0.000029,0.000024,0.000089,0.000073,0.00002,0.000022,,400,,
0,0,,0.998178,0.000011,0.000038,0.001688,0.000064,0.000018,0.000003,,400,,
0,0,,0.999743,0.000029,0.000024,0.000089,0.000073,0.00002,0.000022,,400,,
0,0,,0.999743,0.000029,0.000024,0.000089,0.000073,0.00002,0.000022,,400,,
0,0,,0.999743,0.000029,0.000024,0.000089,0.000073,0.00002,0.000022,,400,,
0,0,,0.995415,0.001074,0.000486,0.00148,0.001088,0.000261,0.000196,,400,,
0,0,,0.995415,0.001074,0.000486,0.00148,0.001088,0.000261,0.000196,,400,,
0,0,,0.995415,0.001074,0.000486,0.00148,0.001088,0.000261,0.000196,,400,,
0,0,,0.999743,0.000029,0.000024,0.000089,0.000073,0.00002,0.000022,,500,,
0,0,,0.999743,0.000029,0.000024,0.000089,0.000073,0.00002,0.000022,,500,,
0,0,,0.995415,0.001074,0.000486,0.00148,0.001088,0.000261,0.000196,,400,,
0,0,,0.999743,0.000029,0.000024,0.000089,0.000073,0.00002,0.000022,,400,,
0,0,,0.999743,0.000029,0.000024,0.000089,0.000073,0.00002,0.000022,,400,,
0,0,,0.999743,0.000029,0.000024,0.000089,0.000073,0.00002,0.000022,,400,,
0,0,,0.999743,0.000029,0.000024,0.000089,0.000073,0.00002,0.000022,,400,,
0,0,,0.999743,0.000029,0.000024,0.000089,0.000073,0.00002,0.000022,,400,,
0,0,,0.995415,0.001074,0.000486,0.00148,0.001088,0.000261,0.000196,,400,,
0,0,,0.999743,0.000029,0.000024,0.000089,0.000073,0.00002,0.000022,,400,,
0,0,,0.999743,0.000029,0.000024,0.000089,0.000073,0.00002,0.000022,,400,,
0,0,,0.999743,0.000029,0.000024,0.000089,0.000073,0.00002,0.000022,,500,,
0,0,,0.999743,0.000029,0.000024,0.000089,0.000073,0.00002,0.000022,,500,,
0,0,,0.999743,0.000029,0.000024,0.000089,0.000073,0.00002,0.000022,,400,,
0,0,,0.999743,0.000029,0.000024,0.000089,0.000073,0.00002,0.000022,,400,,
0,0,,0.999743,0.000029,0.000024,0.000089,0.000073,0.00002,0.000022,,400,,
0,0,,0.995415,0.001074,0.000486,0.00148,0.001088,0.000261,0.000196,,400,,
0,0,,0.995415,0.001074,0.000486,0.00148,0.001088,0.000261,0.000196,,400,,
0,0,,0.999743,0.000029,0.000024,0.000089,0.000073,0.00002,0.000022,,400,,
0,0,,0.999743,0.000029,0.000024,0.000089,0.000073,0.00002,0.000022,,400,,
0,0,,0.999743,0.000029,0.000024,0.000089,0.000073,0.00002,0.000022,,400,,
0,0,,0.995415,0.001074,0.000486,0.00148,0.001088,0.000261,0.000196,,500,,
0,0,,0.999743,0.000029,0.000024,0.000089,0.000073,0.00002,0.000022,,500,,
0,0,,0.995415,0.001074,0.000486,0.00148,0.001088,0.000261,0.000196,,400,,
0,0,,0.998178,0.000011,0.000038,0.001688,0.000064,0.000018,0.000003,,500,,
0,0,,0.999743,0.000029,0.000024,0.000089,0.000073,0.00002,0.000022,,400,,
0,0,,0.995415,0.001074,0.000486,0.00148,0.001088,0.000261,0.000196,,500,,
0,0,,0.999743,0.000029,0.000024,0.000089,0.000073,0.00002,0.000022,,500,,
0,0,,0.998185,0.000051,0.000173,0.001416,0.000081,0.00008,0.000014,,500,,
0,0,,0.999743,0.000029,0.000024,0.000089,0.000073,0.00002,0.000022,,500,,
0,0,,0.995415,0.001074,0.000486,0.00148,0.001088,0.000261,0.000196,,500,,
0,0,,0.999743,0.000029,0.000024,0.000089,0.000073,0.00002,0.000022,,500,,
0,0,,0.999743,0.000029,0.000024,0.000089,0.000073,0.00002,0.000022,,400,,
0,0,,0.995415,0.001074,0.000486,0.00148,0.001088,0.000261,0.000196,,400,,
0,0,,0.999743,0.000029,0.000024,0.000089,0.000073,0.00002,0.000022,,400,,
0,0,,0.999743,0.000029,0.000024,0.000089,0.000073,0.00002,0.000022,,500,,
0,0,,0.999743,0.000029,0.000024,0.000089,0.000073,0.00002,0.000022,,400,,
0,0,,0.995415,0.001074,0.000486,0.00148,0.001088,0.000261,0.000196,,400,,
0,0,,0.999743,0.000029,0.000024,0.000089,0.000073,0.00002,0.000022,,400,,
0,0,,0.999743,0.000029,0.000024,0.000089,0.000073,0.00002,0.000022,,400,,
0,0,,0.999743,0.000029,0.000024,0.000089,0.000073,0.00002,0.000022,,400,,
0,0,,0.999743,0.000029,0.000024,0.000089,0.000073,0.00002,0.000022,,400,,
0,0,,0.995415,0.001074,0.000486,0.00148,0.001088,0.000261,0.000196,,500,,
0,0,,0.999743,0.000029,0.000024,0.000089,0.000073,0.00002,0.000022,,500,,
0,0,,0.999743,0.000029,0.000024,0.000089,0.000073,0.00002,0.000022,,500,,
0,0,,0.999743,0.000029,0.000024,0.000089,0.000073,0.00002,0.000022,,400,,
0,0,,0.998178,0.000011,0.000038,0.001688,0.000064,0.000018,0.000003,,500,,
0,0,,0.999743,0.000029,0.000024,0.000089,0.000073,0.00002,0.000022,,400,,
0,0,,0.999743,0.000029,0.000024,0.000089,0.000073,0.00002,0.000022,,500,,
0,0,,0.999743,0.000029,0.000024,0.000089,0.000073,0.00002,0.000022,,500,,
0,0,,0.999743,0.000029,0.000024,0.000089,0.000073,0.00002,0.000022,,400,,
0,0,,0.995415,0.001074,0.000486,0.00148,0.001088,0.000261,0.000196,,400,,
0,0,,0.999743,0.000029,0.000024,0.000089,0.000073,0.00002,0.000022,,400,,
0,0,,0.999743,0.000029,0.000024,0.000089,0.000073,0.00002,0.000022,,400,,
0,0,,0.999743,0.000029,0.000024,0.000089,0.000073,0.00002,0.000022,,400,,
0,0,,0.999743,0.000029,0.000024,0.000089,0.000073,0.00002,0.000022,,400,,
0,0,,0.995415,0.001074,0.000486,0.00148,0.001088,0.000261,0.000196,,400,,
0,0,,0.999743,0.000029,0.000024,0.000089,0.000073,0.00002,0.000022,,400,,
0,0,,0.999743,0.000029,0.000024,0.000089,0.000073,0.00002,0.000022,,500,,
0,0,,0.999743,0.000029,0.000024,0.000089,0.000073,0.00002,0.000022,,500,,
0,0,,0.995415,0.001074,0.000486,0.00148,0.001088,0.000261,0.000196,,500,,
0,0,,0.998178,0.000011,0.000038,0.001688,0.000064,0.000018,0.000003,,500,,
0,0,,0.999743,0.000029,0.000024,0.000089,0.000073,0.00002,0.000022,,400,,
0,0,,0.999743,0.000029,0.000024,0.000089,0.000073,0.00002,0.000022,,500,,
0,0,,0.999743,0.000029,0.000024,0.000089,0.000073,0.00002,0.000022,,500,,
0,0,,0.999743,0.000029,0.000024,0.000089,0.000073,0.00002,0.000022,,400,,
0,0,,0.998178,0.000011,0.000038,0.001688,0.000064,0.000018,0.000003,,500,,
0,0,,0.995415,0.001074,0.000486,0.00148,0.001088,0.000261,0.000196,,500,,
0,0,,0.999743,0.000029,0.000024,0.000089,0.000073,0.00002,0.000022,,500,,
0,0,,0.998178,0.000011,0.000038,0.001688,0.000064,0.000018,0.000003,,500,,
0,0,,0.999743,0.000029,0.000024,0.000089,0.000073,0.00002,0.000022,,400,,
0,0,,0.999743,0.000029,0.000024,0.000089,0.000073,0.00002,0.000022,,500,,
0,0,,0.999743,0.000029,0.000024,0.000089,0.000073,0.00002,0.000022,,500,,
0,0,,0.995415,0.001074,0.000486,0.00148,0.001088,0.000261,0.000196,,500,,
0,0,,0.998178,0.000011,0.000038,0.001688,0.000064,0.000018,0.000003,,500,,
0,0,,0.995415,0.001074,0.000486,0.00148,0.001088,0.000261,0.000196,,400,,
0,0,,0.999743,0.000029,0.000024,0.000089,0.000073,0.00002,0.000022,,400,,
0,0,,0.999743,0.000029,0.000024,0.000089,0.000073,0.00002,0.000022,,400,,
0,0,,0.995415,0.001074,0.000486,0.00148,0.001088,0.000261,0.000196,,500,,
0,0,,0.999743,0.000029,0.000024,0.000089,0.000073,0.00002,0.000022,,500,,
0,0,,0.999743,0.000029,0.000024,0.000089,0.000073,0.00002,0.000022,,400,,
0,0,,0.999743,0.000029,0.000024,0.000089,0.000073,0.00002,0.000022,,400,,
0,0,,0.995415,0.001074,0.000486,0.00148,0.001088,0.000261,0.000196,,400,,
0,0,,0.999743,0.000029,0.000024,0.000089,0.000073,0.00002,0.000022,,400,,
0,0,,0.999743,0.000029,0.000024,0.000089,0.000073,0.00002,0.000022,,400,,
0,0,,0.999743,0.000029,0.000024,0.000089,0.000073,0.00002,0.000022,,500,,
0,0,,0.999743,0.000029,0.000024,0.000089,0.000073,0.00002,0.000022,,500,,
0,0,,0.995415,0.001074,0.000486,0.00148,0.001088,0.000261,0.000196,,400,,
0,0,,0.999743,0.000029,0.000024,0.000089,0.000073,0.00002,0.000022,,400,,
0,0,,0.999743,0.000029,0.000024,0.000089,0.000073,0.00002,0.000022,,400,,
0,0,,0.999743,0.000029,0.000024,0.000089,0.000073,0.00002,0.000022,,400,,
0,0,,0.995415,0.001074,0.000486,0.00148,0.001088,0.000261,0.000196,,400,,
0,0,,0.998185,0.000051,0.000173,0.001416,0.000081,0.00008,0.000014,,400,,
0,0,,0.999743,0.000029,0.000024,0.000089,0.000073,0.00002,0.000022,,400,,
0,0,,0.999743,0.000029,0.000024,0.000089,0.000073,0.00002,0.000022,,400,,
0,0,,0.999743,0.000029,0.000024,0.000089,0.000073,0.00002,0.000022,,400,,
0,0,,0.999743,0.000029,0.000024,0.000089,0.000073,0.00002,0.000022,,400,,
0,0,,0.999743,0.000029,0.000024,0.000089,0.000073,0.00002,0.000022,,400,,
0,0,,0.995415,0.001074,0.000486,0.00148,0.001088,0.000261,0.000196,,400,,
0,0,,0.999743,0.000029,0.000024,0.000089,0.000073,0.00002,0.000022,,400,,
0,0,,0.998178,0.000011,0.000038,0.001688,0.000064,0.000018,0.000003,,500,,
0,0,,0.995415,0.001074,0.000486,0.00148,0.001088,0.000261,0.000196,,400,,
0,0,,0.999743,0.000029,0.000024,0.000089,0.000073,0.00002,0.000022,,400,,
0,0,,0.999743,0.000029,0.000024,0.000089,0.000073,0.00002,0.000022,,400,,
0,0,,0.999743,0.000029,0.000024,0.000089,0.000073,0.00002,0.000022,,400,,
0,0,,0.999743,0.000029,0.000024,0.000089,0.000073,0.00002,0.000022,,400,,
0,0,,0.999743,0.000029,0.000024,0.000089,0.000073,0.00002,0.000022,,500,,
0,0,,0.999743,0.000029,0.000024,0.000089,0.000073,0.00002,0.000022,,500,,
0,0,,0.999743,0.000029,0.000024,0.000089,0.000073,0.00002,0.000022,,500,,
0,0,,0.995415,0.001074,0.000486,0.00148,0.001088,0.000261,0.000196,,400,,
0,0,,0.999743,0.000029,0.000024,0.000089,0.000073,0.00002,0.000022,,400,,
0,0,,0.999743,0.000029,0.000024,0.000089,0.000073,0.00002,0.000022,,400,,
0,0,,0.999743,0.000029,0.000024,0.000089,0.000073,0.00002,0.000022,,400,,
0,0,,0.999743,0.000029,0.000024,0.000089,0.000073,0.00002,0.000022,,400,,
0,0,,0.999743,0.000029,0.000024,0.000089,0.000073,0.00002,0.000022,,400,,
0,0,,0.999743,0.000029,0.000024,0.000089,0.000073,0.00002,0.000022,,400,,
0,0,,0.999743,0.000029,0.000024,0.000089,0.000073,0.00002,0.000022,,400,,
0,0,,0.995415,0.001074,0.000486,0.00148,0.001088,0.000261,0.000196,,500,,
0,0,,0.995415,0.001074,0.000486,0.00148,0.001088,0.000261,0.000196,,500,,
0,0,,0.999743,0.000029,0.000024,0.000089,0.000073,0.00002,0.000022,,400,,
0,0,,0.995415,0.001074,0.000486,0.00148,0.001088,0.000261,0.000196,,400,,
0,0,,0.995415,0.001074,0.000486,0.00148,0.001088,0.000261,0.000196,,400,,
0,0,,0.999743,0.000029,0.000024,0.000089,0.000073,0.00002,0.000022,,400,,
0,0,,0.995415,0.001074,0.000486,0.00148,0.001088,0.000261,0.000196,,400,,
0,0,,0.999743,0.000029,0.000024,0.000089,0.000073,0.00002,0.000022,,400,,
0,0,,0.999743,0.000029,0.000024,0.000089,0.000073,0.00002,0.000022,,400,,
0,0,,0.999743,0.000029,0.000024,0.000089,0.000073,0.00002,0.000022,,500,,
0,0,,0.999743,0.000029,0.000024,0.000089,0.000073,0.00002,0.000022,,500,,
0,0,,0.999743,0.000029,0.000024,0.000089,0.000073,0.00002,0.000022,,500,,
0,0,,0.995415,0.001074,0.000486,0.00148,0.001088,0.000261,0.000196,,400,,
0,0,,0.995415,0.001074,0.000486,0.00148,0.001088,0.000261,0.000196,,400,,
0,0,,0.995415,0.001074,0.000486,0.00148,0.001088,0.000261,0.000196,,400,,
0,0,,0.999743,0.000029,0.000024,0.000089,0.000073,0.00002,0.000022,,400,,
0,0,,0.999743,0.000029,0.000024,0.000089,0.000073,0.00002,0.000022,,400,,
0,0,,0.999743,0.000029,0.000024,0.000089,0.000073,0.00002,0.000022,,400,,
0,0,,0.998178,0.000011,0.000038,0.001688,0.000064,0.000018,0.000003,,500,,
0,0,,0.999743,0.000029,0.000024,0.000089,0.000073,0.00002,0.000022,,400,,
0,0,,0.995415,0.001074,0.000486,0.00148,0.001088,0.000261,0.000196,,400,,
0,0,,0.998178,0.000011,0.000038,0.001688,0.000064,0.000018,0.000003,,400,,
0,0,,0.999743,0.000029,0.000024,0.000089,0.000073,0.00002,0.000022,,400,,
0,0,,0.999743,0.000029,0.000024,0.000089,0.000073,0.00002,0.000022,,400,,
0,0,,0.995415,0.001074,0.000486,0.00148,0.001088,0.000261,0.000196,,400,,
0,0,,0.999743,0.000029,0.000024,0.000089,0.000073,0.00002,0.000022,,400,,
0,0,,0.998185,0.000051,0.000173,0.001416,0.000081,0.00008,0.000014,,400,,
0,0,,0.999743,0.000029,0.000024,0.000089,0.000073,0.00002,0.000022,,400,,
0,0,,0.995415,0.001074,0.000486,0.00148,0.001088,0.000261,0.000196,,400,,
0,0,,0.995415,0.001074,0.000486,0.00148,0.001088,0.000261,0.000196,,400,,
0,0,,0.999743,0.000029,0.000024,0.000089,0.000073,0.00002,0.000022,,400,,
0,0,,0.999743,0.000029,0.000024,0.000089,0.000073,0.00002,0.000022,,400,,
0,0,,0.995415,0.001074,0.000486,0.00148,0.001088,0.000261,0.000196,,400,,
0,0,,0.995415,0.001074,0.000486,0.00148,0.001088,0.000261,0.000196,,500,,
0,0,,0.995415,0.001074,0.000486,0.00148,0.001088,0.000261,0.000196,,500,,
0,0,,0.998178,0.000011,0.000038,0.001688,0.000064,0.000018,0.000003,,500,,
0,0,,0.999743,0.000029,0.000024,0.000089,0.000073,0.00002,0.000022,,400,,
0,0,,0.995415,0.001074,0.000486,0.00148,0.001088,0.000261,0.000196,,500,,
0,0,,0.999743,0.000029,0.000024,0.000089,0.000073,0.00002,0.000022,,500,,
0,0,,0.998185,0.000051,0.000173,0.001416,0.000081,0.00008,0.000014,,500,,
0,0,,0.999743,0.000029,0.000024,0.000089,0.000073,0.00002,0.000022,,400,,
0,0,,0.999743,0.000029,0.000024,0.000089,0.000073,0.00002,0.000022,,500,,
0,0,,0.999743,0.000029,0.000024,0.000089,0.000073,0.00002,0.000022,,500,,
0,0,,0.995415,0.001074,0.000486,0.00148,0.001088,0.000261,0.000196,,500,,
0,0,,0.999743,0.000029,0.000024,0.000089,0.000073,0.00002,0.000022,,400,,
0,0,,0.999743,0.000029,0.000024,0.000089,0.000073,0.00002,0.000022,,400,,
0,0,,0.999743,0.000029,0.000024,0.000089,0.000073,0.00002,0.000022,,400,,
0,0,,0.999743,0.000029,0.000024,0.000089,0.000073,0.00002,0.000022,,400,,
0,0,,0.995415,0.001074,0.000486,0.00148,0.001088,0.000261,0.000196,,400,,
0,0,,0.999743,0.000029,0.000024,0.000089,0.000073,0.00002,0.000022,,400,,
0,0,,0.995415,0.001074,0.000486,0.00148,0.001088,0.000261,0.000196,,400,,
0,0,,0.998185,0.000051,0.000173,0.001416,0.000081,0.00008,0.000014,,400,,
0,0,,0.995415,0.001074,0.000486,0.00148,0.001088,0.000261,0.000196,,400,,
0,0,,0.999743,0.000029,0.000024,0.000089,0.000073,0.00002,0.000022,,400,,
0,0,,0.999743,0.000029,0.000024,0.000089,0.000073,0.00002,0.000022,,400,,
0,0,,0.999743,0.000029,0.000024,0.000089,0.000073,0.00002,0.000022,,500,,
0,0,,0.999743,0.000029,0.000024,0.000089,0.000073,0.00002,0.000022,,500,,
0,0,,0.995415,0.001074,0.000486,0.00148,0.001088,0.000261,0.000196,,400,,
0,0,,0.995415,0.001074,0.000486,0.00148,0.001088,0.000261,0.000196,,400,,
0,0,,0.999743,0.000029,0.000024,0.000089,0.000073,0.00002,0.000022,,400,,
0,0,,0.999743,0.000029,0.000024,0.000089,0.000073,0.00002,0.000022,,400,,
0,0,,0.999743,0.000029,0.000024,0.000089,0.000073,0.00002,0.000022,,400,,
0,0,,0.999743,0.000029,0.000024,0.000089,0.000073,0.00002,0.000022,,400,,
0,0,,0.995415,0.001074,0.000486,0.00148,0.001088,0.000261,0.000196,,400,,
0,0,,0.995415,0.001074,0.000486,0.00148,0.001088,0.000261,0.000196,,400,,
0,0,,0.998185,0.000051,0.000173,0.001416,0.000081,0.00008,0.000014,,400,,
0,0,,0.999743,0.000029,0.000024,0.000089,0.000073,0.00002,0.000022,,500,,
0,0,,0.998178,0.000011,0.000038,0.001688,0.000064,0.000018,0.000003,,500,,
0,0,,0.995415,0.001074,0.000486,0.00148,0.001088,0.000261,0.000196,,400,,
0,0,,0.995415,0.001074,0.000486,0.00148,0.001088,0.000261,0.000196,,400,,
0,0,,0.999743,0.000029,0.000024,0.000089,0.000073,0.00002,0.000022,,400,,
0,0,,0.995415,0.001074,0.000486,0.00148,0.001088,0.000261,0.000196,,400,,
0,0,,0.999743,0.000029,0.000024,0.000089,0.000073,0.00002,0.000022,,500,,
0,0,,0.995415,0.001074,0.000486,0.00148,0.001088,0.000261,0.000196,,400,,
0,0,,0.995415,0.001074,0.000486,0.00148,0.001088,0.000261,0.000196,,400,,
0,0,,0.999743,0.000029,0.000024,0.000089,0.000073,0.00002,0.000022,,500,,
0,0,,0.755722,0.003211,0.19723,0.001742,0.000274,0.00232,0.039501,,400,,
0,0,,0.999743,0.000029,0.000024,0.000089,0.000073,0.00002,0.000022,,400,,
0,0,,0.999743,0.000029,0.000024,0.000089,0.000073,0.00002,0.000022,,500,,
0,0,,0.999743,0.000029,0.000024,0.000089,0.000073,0.00002,0.000022,,400,,
0,0,,0.998178,0.000011,0.000038,0.001688,0.000064,0.000018,0.000003,,500,,
0,0,,0.995415,0.001074,0.000486,0.00148,0.001088,0.000261,0.000196,,600,,
0,0,,0.999743,0.000029,0.000024,0.000089,0.000073,0.00002,0.000022,,600,,
0,0,,0.999743,0.000029,0.000024,0.000089,0.000073,0.00002,0.000022,,500,,
0,0,,0.998185,0.000051,0.000173,0.001416,0.000081,0.00008,0.000014,,500,,
0,0,,0.995415,0.001074,0.000486,0.00148,0.001088,0.000261,0.000196,,500,,
0,0,,0.995415,0.001074,0.000486,0.00148,0.001088,0.000261,0.000196,,600,,
0,0,,0.999743,0.000029,0.000024,0.000089,0.000073,0.00002,0.000022,,600,,
0,0,,0.999743,0.000029,0.000024,0.000089,0.000073,0.00002,0.000022,,600,,
0,0,,0.999743,0.000029,0.000024,0.000089,0.000073,0.00002,0.000022,,500,,
0,0,,0.999743,0.000029,0.000024,0.000089,0.000073,0.00002,0.000022,,500,,
0,0,,0.999743,0.000029,0.000024,0.000089,0.000073,0.00002,0.000022,,500,,
0,0,,0.998185,0.000051,0.000173,0.001416,0.000081,0.00008,0.000014,,600,,
0,0,,0.995415,0.001074,0.000486,0.00148,0.001088,0.000261,0.000196,,500,,
0,0,,0.999743,0.000029,0.000024,0.000089,0.000073,0.00002,0.000022,,500,,
0,0,,0.995415,0.001074,0.000486,0.00148,0.001088,0.000261,0.000196,,500,,
0,0,,0.999743,0.000029,0.000024,0.000089,0.000073,0.00002,0.000022,,500,,
0,0,,0.998178,0.000011,0.000038,0.001688,0.000064,0.000018,0.000003,,600,,
0,0,,0.999743,0.000029,0.000024,0.000089,0.000073,0.00002,0.000022,,500,,
0,0,,0.999743,0.000029,0.000024,0.000089,0.000073,0.00002,0.000022,,500,,
0,0,,0.999743,0.000029,0.000024,0.000089,0.000073,0.00002,0.000022,,500,,
0,0,,0.999743,0.000029,0.000024,0.000089,0.000073,0.00002,0.000022,,500,,
0,0,,0.995415,0.001074,0.000486,0.00148,0.001088,0.000261,0.000196,,500,,
0,0,,0.999743,0.000029,0.000024,0.000089,0.000073,0.00002,0.000022,,600,,
0,0,,0.995415,0.001074,0.000486,0.00148,0.001088,0.000261,0.000196,,600,,
0,0,,0.999743,0.000029,0.000024,0.000089,0.000073,0.00002,0.000022,,600,,
0,0,,0.999743,0.000029,0.000024,0.000089,0.000073,0.00002,0.000022,,600,,
0,0,,0.999743,0.000029,0.000024,0.000089,0.000073,0.00002,0.000022,,600,,
0,0,,0.999743,0.000029,0.000024,0.000089,0.000073,0.00002,0.000022,,600,,
0,0,,0.999743,0.000029,0.000024,0.000089,0.000073,0.00002,0.000022,,600,,
0,0,,0.999743,0.000029,0.000024,0.000089,0.000073,0.00002,0.000022,,600,,
0,0,,0.999743,0.000029,0.000024,0.000089,0.000073,0.00002,0.000022,,600,,
0,0,,0.995415,0.001074,0.000486,0.00148,0.001088,0.000261,0.000196,,600,,
0,0,,0.999743,0.000029,0.000024,0.000089,0.000073,0.00002,0.000022,,600,,
0,0,,0.999743,0.000029,0.000024,0.000089,0.000073,0.00002,0.000022,,500,,
0,0,,0.999743,0.000029,0.000024,0.000089,0.000073,0.00002,0.000022,,500,,
0,0,,0.998185,0.000051,0.000173,0.001416,0.000081,0.00008,0.000014,,500,,
0,0,,0.999743,0.000029,0.000024,0.000089,0.000073,0.00002,0.000022,,500,,
0,0,,0.999743,0.000029,0.000024,0.000089,0.000073,0.00002,0.000022,,500,,
0,0,,0.999743,0.000029,0.000024,0.000089,0.000073,0.00002,0.000022,,500,,
0,0,,0.995415,0.001074,0.000486,0.00148,0.001088,0.000261,0.000196,,500,,
0,0,,0.995415,0.001074,0.000486,0.00148,0.001088,0.000261,0.000196,,600,,
0,0,,0.999743,0.000029,0.000024,0.000089,0.000073,0.00002,0.000022,,500,,
0,0,,0.999743,0.000029,0.000024,0.000089,0.000073,0.00002,0.000022,,600,,
0,0,,0.998178,0.000011,0.000038,0.001688,0.000064,0.000018,0.000003,,600,,
0,0,,0.999743,0.000029,0.000024,0.000089,0.000073,0.00002,0.000022,,500,,
0,0,,0.995415,0.001074,0.000486,0.00148,0.001088,0.000261,0.000196,,500,,
0,0,,0.995415,0.001074,0.000486,0.00148,0.001088,0.000261,0.000196,,400,,
0,0,,0.999743,0.000029,0.000024,0.000089,0.000073,0.00002,0.000022,,400,,
0,0,,0.995415,0.001074,0.000486,0.00148,0.001088,0.000261,0.000196,,400,,
0,0,,0.999743,0.000029,0.000024,0.000089,0.000073,0.00002,0.000022,,500,,
0,0,,0.999743,0.000029,0.000024,0.000089,0.000073,0.00002,0.000022,,400,,
0,0,,0.999743,0.000029,0.000024,0.000089,0.000073,0.00002,0.000022,,400,,
0,0,,0.995415,0.001074,0.000486,0.00148,0.001088,0.000261,0.000196,,400,,
0,0,,0.999743,0.000029,0.000024,0.000089,0.000073,0.00002,0.000022,,400,,
0,0,,0.999743,0.000029,0.000024,0.000089,0.000073,0.00002,0.000022,,400,,
0,0,,0.999743,0.000029,0.000024,0.000089,0.000073,0.00002,0.000022,,500,,
0,0,,0.998185,0.000051,0.000173,0.001416,0.000081,0.00008,0.000014,,500,,
0,0,,0.995415,0.001074,0.000486,0.00148,0.001088,0.000261,0.000196,,400,,
0,0,,0.999743,0.000029,0.000024,0.000089,0.000073,0.00002,0.000022,,500,,
0,0,,0.995415,0.001074,0.000486,0.00148,0.001088,0.000261,0.000196,,400,,
0,0,,0.999743,0.000029,0.000024,0.000089,0.000073,0.00002,0.000022,,400,,
0,0,,0.999743,0.000029,0.000024,0.000089,0.000073,0.00002,0.000022,,400,,
0,0,,0.998178,0.000011,0.000038,0.001688,0.000064,0.000018,0.000003,,400,,
0,0,,0.999743,0.000029,0.000024,0.000089,0.000073,0.00002,0.000022,,400,,
0,0,,0.999743,0.000029,0.000024,0.000089,0.000073,0.00002,0.000022,,400,,
0,0,,0.998185,0.000051,0.000173,0.001416,0.000081,0.00008,0.000014,,400,,
0,0,,0.998178,0.000011,0.000038,0.001688,0.000064,0.000018,0.000003,,500,,
0,0,,0.999743,0.000029,0.000024,0.000089,0.000073,0.00002,0.000022,,500,,
0,0,,0.995415,0.001074,0.000486,0.00148,0.001088,0.000261,0.000196,,500,,
0,0,,0.998185,0.000051,0.000173,0.001416,0.000081,0.00008,0.000014,,500,,
0,0,,0.999743,0.000029,0.000024,0.000089,0.000073,0.00002,0.000022,,500,,
0,0,,0.999743,0.000029,0.000024,0.000089,0.000073,0.00002,0.000022,,400,,
0,0,,0.998185,0.000051,0.000173,0.001416,0.000081,0.00008,0.000014,,500,,
0,0,,0.999743,0.000029,0.000024,0.000089,0.000073,0.00002,0.000022,,400,,
0,0,,0.995415,0.001074,0.000486,0.00148,0.001088,0.000261,0.000196,,400,,
0,0,,0.999743,0.000029,0.000024,0.000089,0.000073,0.00002,0.000022,,400,,
0,0,,0.995415,0.001074,0.000486,0.00148,0.001088,0.000261,0.000196,,400,,
0,0,,0.999743,0.000029,0.000024,0.000089,0.000073,0.00002,0.000022,,400,,
0,0,,0.999743,0.000029,0.000024,0.000089,0.000073,0.00002,0.000022,,400,,
0,0,,0.999743,0.000029,0.000024,0.000089,0.000073,0.00002,0.000022,,400,,
0,0,,0.995415,0.001074,0.000486,0.00148,0.001088,0.000261,0.000196,,500,,
0,0,,0.995415,0.001074,0.000486,0.00148,0.001088,0.000261,0.000196,,400,,
0,0,,0.995415,0.001074,0.000486,0.00148,0.001088,0.000261,0.000196,,400,,
0,0,,0.995415,0.001074,0.000486,0.00148,0.001088,0.000261,0.000196,,400,,
0,0,,0.999743,0.000029,0.000024,0.000089,0.000073,0.00002,0.000022,,400,,
0,0,,0.999743,0.000029,0.000024,0.000089,0.000073,0.00002,0.000022,,400,,
0,0,,0.995415,0.001074,0.000486,0.00148,0.001088,0.000261,0.000196,,500,,
0,0,,0.999743,0.000029,0.000024,0.000089,0.000073,0.00002,0.000022,,400,,
0,0,,0.999743,0.000029,0.000024,0.000089,0.000073,0.00002,0.000022,,400,,
0,0,,0.995415,0.001074,0.000486,0.00148,0.001088,0.000261,0.000196,,400,,
0,0,,0.998185,0.000051,0.000173,0.001416,0.000081,0.00008,0.000014,,400,,
0,0,,0.998178,0.000011,0.000038,0.001688,0.000064,0.000018,0.000003,,500,,
0,0,,0.999743,0.000029,0.000024,0.000089,0.000073,0.00002,0.000022,,500,,
0,0,,0.995415,0.001074,0.000486,0.00148,0.001088,0.000261,0.000196,,400,,
0,0,,0.995415,0.001074,0.000486,0.00148,0.001088,0.000261,0.000196,,400,,
0,0,,0.998178,0.000011,0.000038,0.001688,0.000064,0.000018,0.000003,,400,,
0,0,,0.999743,0.000029,0.000024,0.000089,0.000073,0.00002,0.000022,,400,,
0,0,,0.998178,0.000011,0.000038,0.001688,0.000064,0.000018,0.000003,,500,,
0,0,,0.995415,0.001074,0.000486,0.00148,0.001088,0.000261,0.000196,,500,,
0,0,,0.995415,0.001074,0.000486,0.00148,0.001088,0.000261,0.000196,,500,,
0,0,,0.999743,0.000029,0.000024,0.000089,0.000073,0.00002,0.000022,,400,,
0,0,,0.998178,0.000011,0.000038,0.001688,0.000064,0.000018,0.000003,,500,,
0,0,,0.999743,0.000029,0.000024,0.000089,0.000073,0.00002,0.000022,,500,,
0,0,,0.995415,0.001074,0.000486,0.00148,0.001088,0.000261,0.000196,,500,,
0,0,,0.995415,0.001074,0.000486,0.00148,0.001088,0.000261,0.000196,,400,,
0,0,,0.999743,0.000029,0.000024,0.000089,0.000073,0.00002,0.000022,,400,,
0,0,,0.999743,0.000029,0.000024,0.000089,0.000073,0.00002,0.000022,,400,,
0,0,,0.999743,0.000029,0.000024,0.000089,0.000073,0.00002,0.000022,,400,,
0,0,,0.999743,0.000029,0.000024,0.000089,0.000073,0.00002,0.000022,,400,,
0,0,,0.999743,0.000029,0.000024,0.000089,0.000073,0.00002,0.000022,,400,,
0,0,,0.999743,0.000029,0.000024,0.000089,0.000073,0.00002,0.000022,,400,,
0,0,,0.999743,0.000029,0.000024,0.000089,0.000073,0.00002,0.000022,,500,,
0,0,,0.999743,0.000029,0.000024,0.000089,0.000073,0.00002,0.000022,,500,,
0,0,,0.999743,0.000029,0.000024,0.000089,0.000073,0.00002,0.000022,,400,,
0,0,,0.999743,0.000029,0.000024,0.000089,0.000073,0.00002,0.000022,,400,,
0,0,,0.995415,0.001074,0.000486,0.00148,0.001088,0.000261,0.000196,,400,,
0,0,,0.999743,0.000029,0.000024,0.000089,0.000073,0.00002,0.000022,,400,,
0,0,,0.995415,0.001074,0.000486,0.00148,0.001088,0.000261,0.000196,,400,,
0,0,,0.999743,0.000029,0.000024,0.000089,0.000073,0.00002,0.000022,,500,,
0,0,,0.999743,0.000029,0.000024,0.000089,0.000073,0.00002,0.000022,,500,,
0,0,,0.995415,0.001074,0.000486,0.00148,0.001088,0.000261,0.000196,,500,,
0,0,,0.999743,0.000029,0.000024,0.000089,0.000073,0.00002,0.000022,,400,,
0,0,,0.999743,0.000029,0.000024,0.000089,0.000073,0.00002,0.000022,,400,,
0,0,,0.999743,0.000029,0.000024,0.000089,0.000073,0.00002,0.000022,,400,,
0,0,,0.995415,0.001074,0.000486,0.00148,0.001088,0.000261,0.000196,,500,,
0,0,,0.999743,0.000029,0.000024,0.000089,0.000073,0.00002,0.000022,,400,,
0,0,,0.995415,0.001074,0.000486,0.00148,0.001088,0.000261,0.000196,,400,,
0,0,,0.999743,0.000029,0.000024,0.000089,0.000073,0.00002,0.000022,,400,,
0,0,,0.999743,0.000029,0.000024,0.000089,0.000073,0.00002,0.000022,,400,,
0,0,,0.999743,0.000029,0.000024,0.000089,0.000073,0.00002,0.000022,,400,,
0,0,,0.999743,0.000029,0.000024,0.000089,0.000073,0.00002,0.000022,,400,,
0,0,,0.995415,0.001074,0.000486,0.00148,0.001088,0.000261,0.000196,,500,,
0,0,,0.999743,0.000029,0.000024,0.000089,0.000073,0.00002,0.000022,,500,,
0,0,,0.999743,0.000029,0.000024,0.000089,0.000073,0.00002,0.000022,,400,,
0,0,,0.999743,0.000029,0.000024,0.000089,0.000073,0.00002,0.000022,,400,,
0,0,,0.995415,0.001074,0.000486,0.00148,0.001088,0.000261,0.000196,,400,,
0,0,,0.999743,0.000029,0.000024,0.000089,0.000073,0.00002,0.000022,,500,,
0,0,,0.999743,0.000029,0.000024,0.000089,0.000073,0.00002,0.000022,,400,,
0,0,,0.995415,0.001074,0.000486,0.00148,0.001088,0.000261,0.000196,,400,,
0,0,,0.998185,0.000051,0.000173,0.001416,0.000081,0.00008,0.000014,,400,,
0,0,,0.999743,0.000029,0.000024,0.000089,0.000073,0.00002,0.000022,,400,,
0,0,,0.999743,0.000029,0.000024,0.000089,0.000073,0.00002,0.000022,,400,,
0,0,,0.999743,0.000029,0.000024,0.000089,0.000073,0.00002,0.000022,,400,,
0,0,,0.999743,0.000029,0.000024,0.000089,0.000073,0.00002,0.000022,,400,,
0,0,,0.999743,0.000029,0.000024,0.000089,0.000073,0.00002,0.000022,,400,,
0,0,,0.999743,0.000029,0.000024,0.000089,0.000073,0.00002,0.000022,,500,,
0,0,,0.995415,0.001074,0.000486,0.00148,0.001088,0.000261,0.000196,,400,,
0,0,,0.999743,0.000029,0.000024,0.000089,0.000073,0.00002,0.000022,,400,,
0,0,,0.999743,0.000029,0.000024,0.000089,0.000073,0.00002,0.000022,,400,,
0,0,,0.995415,0.001074,0.000486,0.00148,0.001088,0.000261,0.000196,,400,,
0,0,,0.999743,0.000029,0.000024,0.000089,0.000073,0.00002,0.000022,,400,,
0,0,,0.999743,0.000029,0.000024,0.000089,0.000073,0.00002,0.000022,,400,,
0,0,,0.999743,0.000029,0.000024,0.000089,0.000073,0.00002,0.000022,,400,,
0,0,,0.995415,0.001074,0.000486,0.00148,0.001088,0.000261,0.000196,,500,,
0,0,,0.995415,0.001074,0.000486,0.00148,0.001088,0.000261,0.000196,,400,,
0,0,,0.999743,0.000029,0.000024,0.000089,0.000073,0.00002,0.000022,,400,,
0,0,,0.999743,0.000029,0.000024,0.000089,0.000073,0.00002,0.000022,,400,,
0,0,,0.995415,0.001074,0.000486,0.00148,0.001088,0.000261,0.000196,,400,,
0,0,,0.999743,0.000029,0.000024,0.000089,0.000073,0.00002,0.000022,,400,,
0,0,,0.999743,0.000029,0.000024,0.000089,0.000073,0.00002,0.000022,,400,,
0,0,,0.999743,0.000029,0.000024,0.000089,0.000073,0.00002,0.000022,,500,,
0,0,,0.998178,0.000011,0.000038,0.001688,0.000064,0.000018,0.000003,,500,,
0,0,,0.995415,0.001074,0.000486,0.00148,0.001088,0.000261,0.000196,,400,,
0,0,,0.999743,0.000029,0.000024,0.000089,0.000073,0.00002,0.000022,,400,,
0,0,,0.999743,0.000029,0.000024,0.000089,0.000073,0.00002,0.000022,,500,,
0,0,,0.995415,0.001074,0.000486,0.00148,0.001088,0.000261,0.000196,,500,,
0,0,,0.999743,0.000029,0.000024,0.000089,0.000073,0.00002,0.000022,,400,,
0,0,,0.995415,0.001074,0.000486,0.00148,0.001088,0.000261,0.000196,,400,,
0,0,,0.999743,0.000029,0.000024,0.000089,0.000073,0.00002,0.000022,,400,,
0,0,,0.999743,0.000029,0.000024,0.000089,0.000073,0.00002,0.000022,,400,,
0,0,,0.999743,0.000029,0.000024,0.000089,0.000073,0.00002,0.000022,,400,,
0,0,,0.999743,0.000029,0.000024,0.000089,0.000073,0.00002,0.000022,,400,,
0,0,,0.999743,0.000029,0.000024,0.000089,0.000073,0.00002,0.000022,,400,,
0,0,,0.999743,0.000029,0.000024,0.000089,0.000073,0.00002,0.000022,,500,,
0,0,,0.998185,0.000051,0.000173,0.001416,0.000081,0.00008,0.000014,,500,,
0,0,,0.999743,0.000029,0.000024,0.000089,0.000073,0.00002,0.000022,,400,,
0,0,,0.999743,0.000029,0.000024,0.000089,0.000073,0.00002,0.000022,,500,,
0,0,,0.999743,0.000029,0.000024,0.000089,0.000073,0.00002,0.000022,,400,,
0,0,,0.999743,0.000029,0.000024,0.000089,0.000073,0.00002,0.000022,,400,,
0,0,,0.995415,0.001074,0.000486,0.00148,0.001088,0.000261,0.000196,,400,,
0,0,,0.999743,0.000029,0.000024,0.000089,0.000073,0.00002,0.000022,,400,,
0,0,,0.998185,0.000051,0.000173,0.001416,0.000081,0.00008,0.000014,,400,,
0,0,,0.999743,0.000029,0.000024,0.000089,0.000073,0.00002,0.000022,,400,,
0,0,,0.995415,0.001074,0.000486,0.00148,0.001088,0.000261,0.000196,,500,,
0,0,,0.999743,0.000029,0.000024,0.000089,0.000073,0.00002,0.000022,,500,,
0,0,,0.999743,0.000029,0.000024,0.000089,0.000073,0.00002,0.000022,,500,,
0,0,,0.995415,0.001074,0.000486,0.00148,0.001088,0.000261,0.000196,,400,,
0,0,,0.999743,0.000029,0.000024,0.000089,0.000073,0.00002,0.000022,,400,,
0,0,,0.999743,0.000029,0.000024,0.000089,0.000073,0.00002,0.000022,,400,,
0,0,,0.998185,0.000051,0.000173,0.001416,0.000081,0.00008,0.000014,,400,,
0,0,,0.998178,0.000011,0.000038,0.001688,0.000064,0.000018,0.000003,,500,,
0,0,,0.999743,0.000029,0.000024,0.000089,0.000073,0.00002,0.000022,,500,,
0,0,,0.999743,0.000029,0.000024,0.000089,0.000073,0.00002,0.000022,,400,,
0,0,,0.999743,0.000029,0.000024,0.000089,0.000073,0.00002,0.000022,,400,,
0,0,,0.999743,0.000029,0.000024,0.000089,0.000073,0.00002,0.000022,,400,,
0,0,,0.995415,0.001074,0.000486,0.00148,0.001088,0.000261,0.000196,,400,,
0,0,,0.999743,0.000029,0.000024,0.000089,0.000073,0.00002,0.000022,,400,,
0,0,,0.999743,0.000029,0.000024,0.000089,0.000073,0.00002,0.000022,,500,,
0,0,,0.998178,0.000011,0.000038,0.001688,0.000064,0.000018,0.000003,,500,,
0,0,,0.995415,0.001074,0.000486,0.00148,0.001088,0.000261,0.000196,,400,,
0,0,,0.999743,0.000029,0.000024,0.000089,0.000073,0.00002,0.000022,,400,,
0,0,,0.999743,0.000029,0.000024,0.000089,0.000073,0.00002,0.000022,,500,,
0,0,,0.999743,0.000029,0.000024,0.000089,0.000073,0.00002,0.000022,,400,,
0,0,,0.998185,0.000051,0.000173,0.001416,0.000081,0.00008,0.000014,,500,,
0,0,,0.999743,0.000029,0.000024,0.000089,0.000073,0.00002,0.000022,,500,,
0,0,,0.999743,0.000029,0.000024,0.000089,0.000073,0.00002,0.000022,,400,,
0,0,,0.999743,0.000029,0.000024,0.000089,0.000073,0.00002,0.000022,,400,,
0,0,,0.995415,0.001074,0.000486,0.00148,0.001088,0.000261,0.000196,,400,,
0,0,,0.999743,0.000029,0.000024,0.000089,0.000073,0.00002,0.000022,,500,,
0,0,,0.999743,0.000029,0.000024,0.000089,0.000073,0.00002,0.000022,,400,,
0,0,,0.999743,0.000029,0.000024,0.000089,0.000073,0.00002,0.000022,,400,,
0,0,,0.999743,0.000029,0.000024,0.000089,0.000073,0.00002,0.000022,,400,,
0,0,,0.999743,0.000029,0.000024,0.000089,0.000073,0.00002,0.000022,,400,,
0,2,,0.142658,0.022219,0.757175,0.005521,0.000776,0.005847,0.065806,,500,,
0,0,,0.999743,0.000029,0.000024,0.000089,0.000073,0.00002,0.000022,,400,,
0,0,,0.995415,0.001074,0.000486,0.00148,0.001088,0.000261,0.000196,,400,,
0,0,,0.999743,0.000029,0.000024,0.000089,0.000073,0.00002,0.000022,,400,,
0,0,,0.999743,0.000029,0.000024,0.000089,0.000073,0.00002,0.000022,,400,,
0,0,,0.999743,0.000029,0.000024,0.000089,0.000073,0.00002,0.000022,,400,,
0,0,,0.999743,0.000029,0.000024,0.000089,0.000073,0.00002,0.000022,,400,,
0,0,,0.999743,0.000029,0.000024,0.000089,0.000073,0.00002,0.000022,,500,,
0,0,,0.995415,0.001074,0.000486,0.00148,0.001088,0.000261,0.000196,,500,,
0,0,,0.998185,0.000051,0.000173,0.001416,0.000081,0.00008,0.000014,,500,,
0,0,,0.999743,0.000029,0.000024,0.000089,0.000073,0.00002,0.000022,,500,,
0,0,,0.995415,0.001074,0.000486,0.00148,0.001088,0.000261,0.000196,,500,,
0,0,,0.999743,0.000029,0.000024,0.000089,0.000073,0.00002,0.000022,,400,,
0,0,,0.999743,0.000029,0.000024,0.000089,0.000073,0.00002,0.000022,,400,,
0,0,,0.995415,0.001074,0.000486,0.00148,0.001088,0.000261,0.000196,,400,,
0,0,,0.998178,0.000011,0.000038,0.001688,0.000064,0.000018,0.000003,,400,,
0,0,,0.998178,0.000011,0.000038,0.001688,0.000064,0.000018,0.000003,,500,,
0,0,,0.999743,0.000029,0.000024,0.000089,0.000073,0.00002,0.000022,,500,,
0,0,,0.999743,0.000029,0.000024,0.000089,0.000073,0.00002,0.000022,,400,,
0,0,,0.998185,0.000051,0.000173,0.001416,0.000081,0.00008,0.000014,,500,,
0,0,,0.999743,0.000029,0.000024,0.000089,0.000073,0.00002,0.000022,,400,,
0,0,,0.995415,0.001074,0.000486,0.00148,0.001088,0.000261,0.000196,,400,,
0,0,,0.995415,0.001074,0.000486,0.00148,0.001088,0.000261,0.000196,,400,,
0,0,,0.998185,0.000051,0.000173,0.001416,0.000081,0.00008,0.000014,,400,,
0,0,,0.999743,0.000029,0.000024,0.000089,0.000073,0.00002,0.000022,,400,,
0,0,,0.999743,0.000029,0.000024,0.000089,0.000073,0.00002,0.000022,,400,,
0,0,,0.998178,0.000011,0.000038,0.001688,0.000064,0.000018,0.000003,,400,,
0,0,,0.999743,0.000029,0.000024,0.000089,0.000073,0.00002,0.000022,,400,,
0,0,,0.999743,0.000029,0.000024,0.000089,0.000073,0.00002,0.000022,,400,,
0,0,,0.995415,0.001074,0.000486,0.00148,0.001088,0.000261,0.000196,,500,,
0,0,,0.999743,0.000029,0.000024,0.000089,0.000073,0.00002,0.000022,,400,,
0,0,,0.999743,0.000029,0.000024,0.000089,0.000073,0.00002,0.000022,,500,,
0,0,,0.998178,0.000011,0.000038,0.001688,0.000064,0.000018,0.000003,,400,,
0,0,,0.999743,0.000029,0.000024,0.000089,0.000073,0.00002,0.000022,,400,,
0,0,,0.995415,0.001074,0.000486,0.00148,0.001088,0.000261,0.000196,,400,,
0,0,,0.999743,0.000029,0.000024,0.000089,0.000073,0.00002,0.000022,,500,,
0,0,,0.999743,0.000029,0.000024,0.000089,0.000073,0.00002,0.000022,,500,,
0,0,,0.999743,0.000029,0.000024,0.000089,0.000073,0.00002,0.000022,,400,,
0,0,,0.995415,0.001074,0.000486,0.00148,0.001088,0.000261,0.000196,,400,,
0,0,,0.999743,0.000029,0.000024,0.000089,0.000073,0.00002,0.000022,,400,,
0,0,,0.998185,0.000051,0.000173,0.001416,0.000081,0.00008,0.000014,,400,,
0,0,,0.999743,0.000029,0.000024,0.000089,0.000073,0.00002,0.000022,,400,,
0,0,,0.999743,0.000029,0.000024,0.000089,0.000073,0.00002,0.000022,,400,,
0,0,,0.999743,0.000029,0.000024,0.000089,0.000073,0.00002,0.000022,,400,,
0,0,,0.999743,0.000029,0.000024,0.000089,0.000073,0.00002,0.000022,,400,,
0,0,,0.999743,0.000029,0.000024,0.000089,0.000073,0.00002,0.000022,,400,,
0,0,,0.999743,0.000029,0.000024,0.000089,0.000073,0.00002,0.000022,,400,,
0,0,,0.995415,0.001074,0.000486,0.00148,0.001088,0.000261,0.000196,,400,,
0,0,,0.999743,0.000029,0.000024,0.000089,0.000073,0.00002,0.000022,,500,,
0,0,,0.999743,0.000029,0.000024,0.000089,0.000073,0.00002,0.000022,,400,,
0,0,,0.999743,0.000029,0.000024,0.000089,0.000073,0.00002,0.000022,,400,,
0,0,,0.999743,0.000029,0.000024,0.000089,0.000073,0.00002,0.000022,,400,,
0,0,,0.999743,0.000029,0.000024,0.000089,0.000073,0.00002,0.000022,,400,,
0,0,,0.998178,0.000011,0.000038,0.001688,0.000064,0.000018,0.000003,,400,,
0,0,,0.998185,0.000051,0.000173,0.001416,0.000081,0.00008,0.000014,,400,,
0,0,,0.999743,0.000029,0.000024,0.000089,0.000073,0.00002,0.000022,,400,,
0,0,,0.999743,0.000029,0.000024,0.000089,0.000073,0.00002,0.000022,,400,,
0,0,,0.998178,0.000011,0.000038,0.001688,0.000064,0.000018,0.000003,,400,,
0,0,,0.999743,0.000029,0.000024,0.000089,0.000073,0.00002,0.000022,,400,,
0,0,,0.995415,0.001074,0.000486,0.00148,0.001088,0.000261,0.000196,,400,,
0,0,,0.995415,0.001074,0.000486,0.00148,0.001088,0.000261,0.000196,,400,,
0,0,,0.998185,0.000051,0.000173,0.001416,0.000081,0.00008,0.000014,,400,,
0,0,,0.999743,0.000029,0.000024,0.000089,0.000073,0.00002,0.000022,,400,,
0,0,,0.999743,0.000029,0.000024,0.000089,0.000073,0.00002,0.000022,,400,,
0,0,,0.999743,0.000029,0.000024,0.000089,0.000073,0.00002,0.000022,,500,,
0,0,,0.999743,0.000029,0.000024,0.000089,0.000073,0.00002,0.000022,,400,,
0,0,,0.999743,0.000029,0.000024,0.000089,0.000073,0.00002,0.000022,,400,,
0,0,,0.995415,0.001074,0.000486,0.00148,0.001088,0.000261,0.000196,,400,,
0,0,,0.999743,0.000029,0.000024,0.000089,0.000073,0.00002,0.000022,,400,,
0,0,,0.998178,0.000011,0.000038,0.001688,0.000064,0.000018,0.000003,,400,,
0,0,,0.995415,0.001074,0.000486,0.00148,0.001088,0.000261,0.000196,,400,,
0,0,,0.999743,0.000029,0.000024,0.000089,0.000073,0.00002,0.000022,,400,,
0,0,,0.999743,0.000029,0.000024,0.000089,0.000073,0.00002,0.000022,,400,,
0,0,,0.995415,0.001074,0.000486,0.00148,0.001088,0.000261,0.000196,,400,,
0,0,,0.999743,0.000029,0.000024,0.000089,0.000073,0.00002,0.000022,,400,,
0,0,,0.999743,0.000029,0.000024,0.000089,0.000073,0.00002,0.000022,,500,,
0,0,,0.998185,0.000051,0.000173,0.001416,0.000081,0.00008,0.000014,,500,,
0,0,,0.995415,0.001074,0.000486,0.00148,0.001088,0.000261,0.000196,,500,,
0,0,,0.999743,0.000029,0.000024,0.000089,0.000073,0.00002,0.000022,,500,,
0,0,,0.999743,0.000029,0.000024,0.000089,0.000073,0.00002,0.000022,,400,,
0,0,,0.999743,0.000029,0.000024,0.000089,0.000073,0.00002,0.000022,,400,,
0,0,,0.995415,0.001074,0.000486,0.00148,0.001088,0.000261,0.000196,,400,,
0,0,,0.995415,0.001074,0.000486,0.00148,0.001088,0.000261,0.000196,,400,,
0,0,,0.999743,0.000029,0.000024,0.000089,0.000073,0.00002,0.000022,,400,,
0,0,,0.999743,0.000029,0.000024,0.000089,0.000073,0.00002,0.000022,,400,,
0,0,,0.998178,0.000011,0.000038,0.001688,0.000064,0.000018,0.000003,,500,,
0,0,,0.998178,0.000011,0.000038,0.001688,0.000064,0.000018,0.000003,,1800,,
0,0,,0.999743,0.000029,0.000024,0.000089,0.000073,0.00002,0.000022,,500,,
0,0,,0.999743,0.000029,0.000024,0.000089,0.000073,0.00002,0.000022,,400,,
0,0,,0.998178,0.000011,0.000038,0.001688,0.000064,0.000018,0.000003,,500,,
0,0,,0.999743,0.000029,0.000024,0.000089,0.000073,0.00002,0.000022,,400,,
0,0,,0.995415,0.001074,0.000486,0.00148,0.001088,0.000261,0.000196,,400,,
0,0,,0.999743,0.000029,0.000024,0.000089,0.000073,0.00002,0.000022,,400,,
0,0,,0.999743,0.000029,0.000024,0.000089,0.000073,0.00002,0.000022,,400,,
0,0,,0.999743,0.000029,0.000024,0.000089,0.000073,0.00002,0.000022,,400,,
0,0,,0.999743,0.000029,0.000024,0.000089,0.000073,0.00002,0.000022,,400,,
0,0,,0.999743,0.000029,0.000024,0.000089,0.000073,0.00002,0.000022,,500,,
0,0,,0.999743,0.000029,0.000024,0.000089,0.000073,0.00002,0.000022,,400,,
0,0,,0.999743,0.000029,0.000024,0.000089,0.000073,0.00002,0.000022,,400,,
0,0,,0.999743,0.000029,0.000024,0.000089,0.000073,0.00002,0.000022,,400,,
0,0,,0.999743,0.000029,0.000024,0.000089,0.000073,0.00002,0.000022,,400,,
0,0,,0.999743,0.000029,0.000024,0.000089,0.000073,0.00002,0.000022,,500,,
0,0,,0.999743,0.000029,0.000024,0.000089,0.000073,0.00002,0.000022,,500,,
0,0,,0.998178,0.000011,0.000038,0.001688,0.000064,0.000018,0.000003,,500,,
0,0,,0.999743,0.000029,0.000024,0.000089,0.000073,0.00002,0.000022,,500,,
0,0,,0.999743,0.000029,0.000024,0.000089,0.000073,0.00002,0.000022,,400,,
0,0,,0.995415,0.001074,0.000486,0.00148,0.001088,0.000261,0.000196,,400,,
0,0,,0.995415,0.001074,0.000486,0.00148,0.001088,0.000261,0.000196,,400,,
0,0,,0.995415,0.001074,0.000486,0.00148,0.001088,0.000261,0.000196,,400,,
0,0,,0.999743,0.000029,0.000024,0.000089,0.000073,0.00002,0.000022,,500,,
0,0,,0.995415,0.001074,0.000486,0.00148,0.001088,0.000261,0.000196,,400,,
0,0,,0.999743,0.000029,0.000024,0.000089,0.000073,0.00002,0.000022,,400,,
0,0,,0.999743,0.000029,0.000024,0.000089,0.000073,0.00002,0.000022,,400,,
0,0,,0.999743,0.000029,0.000024,0.000089,0.000073,0.00002,0.000022,,400,,
0,0,,0.999743,0.000029,0.000024,0.000089,0.000073,0.00002,0.000022,,400,,
0,0,,0.999743,0.000029,0.000024,0.000089,0.000073,0.00002,0.000022,,500,,
0,0,,0.995415,0.001074,0.000486,0.00148,0.001088,0.000261,0.000196,,400,,
0,0,,0.995415,0.001074,0.000486,0.00148,0.001088,0.000261,0.000196,,400,,
0,0,,0.999743,0.000029,0.000024,0.000089,0.000073,0.00002,0.000022,,400,,
0,0,,0.999743,0.000029,0.000024,0.000089,0.000073,0.00002,0.000022,,400,,
0,0,,0.999743,0.000029,0.000024,0.000089,0.000073,0.00002,0.000022,,500,,
0,0,,0.998185,0.000051,0.000173,0.001416,0.000081,0.00008,0.000014,,400,,
0,0,,0.998178,0.000011,0.000038,0.001688,0.000064,0.000018,0.000003,,500,,
0,0,,0.995415,0.001074,0.000486,0.00148,0.001088,0.000261,0.000196,,400,,
0,0,,0.999743,0.000029,0.000024,0.000089,0.000073,0.00002,0.000022,,400,,
0,0,,0.995415,0.001074,0.000486,0.00148,0.001088,0.000261,0.000196,,400,,
0,0,,0.999743,0.000029,0.000024,0.000089,0.000073,0.00002,0.000022,,400,,
0,0,,0.999743,0.000029,0.000024,0.000089,0.000073,0.00002,0.000022,,400,,
0,0,,0.999743,0.000029,0.000024,0.000089,0.000073,0.00002,0.000022,,500,,
0,0,,0.998178,0.000011,0.000038,0.001688,0.000064,0.000018,0.000003,,500,,
0,0,,0.999743,0.000029,0.000024,0.000089,0.000073,0.00002,0.000022,,400,,
0,0,,0.999743,0.000029,0.000024,0.000089,0.000073,0.00002,0.000022,,500,,
0,0,,0.999743,0.000029,0.000024,0.000089,0.000073,0.00002,0.000022,,400,,
0,0,,0.999743,0.000029,0.000024,0.000089,0.000073,0.00002,0.000022,,400,,
0,0,,0.995415,0.001074,0.000486,0.00148,0.001088,0.000261,0.000196,,400,,
0,0,,0.999743,0.000029,0.000024,0.000089,0.000073,0.00002,0.000022,,400,,
0,0,,0.999743,0.000029,0.000024,0.000089,0.000073,0.00002,0.000022,,400,,
0,0,,0.998178,0.000011,0.000038,0.001688,0.000064,0.000018,0.000003,,500,,
0,0,,0.999743,0.000029,0.000024,0.000089,0.000073,0.00002,0.000022,,400,,
0,0,,0.999743,0.000029,0.000024,0.000089,0.000073,0.00002,0.000022,,400,,
0,0,,0.999743,0.000029,0.000024,0.000089,0.000073,0.00002,0.000022,,400,,
0,0,,0.999743,0.000029,0.000024,0.000089,0.000073,0.00002,0.000022,,500,,
0,0,,0.995415,0.001074,0.000486,0.00148,0.001088,0.000261,0.000196,,400,,
0,0,,0.999743,0.000029,0.000024,0.000089,0.000073,0.00002,0.000022,,400,,
0,0,,0.999743,0.000029,0.000024,0.000089,0.000073,0.00002,0.000022,,400,,
0,0,,0.999743,0.000029,0.000024,0.000089,0.000073,0.00002,0.000022,,400,,
0,0,,0.999743,0.000029,0.000024,0.000089,0.000073,0.00002,0.000022,,400,,
0,0,,0.999743,0.000029,0.000024,0.000089,0.000073,0.00002,0.000022,,400,,
0,0,,0.998178,0.000011,0.000038,0.001688,0.000064,0.000018,0.000003,,400,,
0,0,,0.999743,0.000029,0.000024,0.000089,0.000073,0.00002,0.000022,,400,,
0,0,,0.995415,0.001074,0.000486,0.00148,0.001088,0.000261,0.000196,,400,,
0,0,,0.999743,0.000029,0.000024,0.000089,0.000073,0.00002,0.000022,,400,,
0,0,,0.999743,0.000029,0.000024,0.000089,0.000073,0.00002,0.000022,,500,,
0,0,,0.998185,0.000051,0.000173,0.001416,0.000081,0.00008,0.000014,,500,,
0,0,,0.999743,0.000029,0.000024,0.000089,0.000073,0.00002,0.000022,,400,,
0,0,,0.999743,0.000029,0.000024,0.000089,0.000073,0.00002,0.000022,,500,,
0,0,,0.999743,0.000029,0.000024,0.000089,0.000073,0.00002,0.000022,,400,,
0,0,,0.998178,0.000011,0.000038,0.001688,0.000064,0.000018,0.000003,,500,,
0,0,,0.999743,0.000029,0.000024,0.000089,0.000073,0.00002,0.000022,,500,,
0,0,,0.999743,0.000029,0.000024,0.000089,0.000073,0.00002,0.000022,,400,,
0,0,,0.999743,0.000029,0.000024,0.000089,0.000073,0.00002,0.000022,,400,,
0,0,,0.999743,0.000029,0.000024,0.000089,0.000073,0.00002,0.000022,,400,,
0,0,,0.999743,0.000029,0.000024,0.000089,0.000073,0.00002,0.000022,,400,,
0,0,,0.995415,0.001074,0.000486,0.00148,0.001088,0.000261,0.000196,,500,,
0,0,,0.999743,0.000029,0.000024,0.000089,0.000073,0.00002,0.000022,,400,,
0,0,,0.999743,0.000029,0.000024,0.000089,0.000073,0.00002,0.000022,,400,,
0,0,,0.998178,0.000011,0.000038,0.001688,0.000064,0.000018,0.000003,,500,,
0,0,,0.999743,0.000029,0.000024,0.000089,0.000073,0.00002,0.000022,,500,,
0,0,,0.999743,0.000029,0.000024,0.000089,0.000073,0.00002,0.000022,,400,,
0,0,,0.999743,0.000029,0.000024,0.000089,0.000073,0.00002,0.000022,,400,,
0,0,,0.999743,0.000029,0.000024,0.000089,0.000073,0.00002,0.000022,,400,,
0,0,,0.995415,0.001074,0.000486,0.00148,0.001088,0.000261,0.000196,,400,,
0,0,,0.995415,0.001074,0.000486,0.00148,0.001088,0.000261,0.000196,,400,,
0,0,,0.999743,0.000029,0.000024,0.000089,0.000073,0.00002,0.000022,,400,,
0,0,,0.999743,0.000029,0.000024,0.000089,0.000073,0.00002,0.000022,,400,,
0,0,,0.998185,0.000051,0.000173,0.001416,0.000081,0.00008,0.000014,,400,,
0,0,,0.999743,0.000029,0.000024,0.000089,0.000073,0.00002,0.000022,,400,,
0,0,,0.999743,0.000029,0.000024,0.000089,0.000073,0.00002,0.000022,,400,,
0,0,,0.999743,0.000029,0.000024,0.000089,0.000073,0.00002,0.000022,,400,,
0,0,,0.999743,0.000029,0.000024,0.000089,0.000073,0.00002,0.000022,,400,,
0,0,,0.998178,0.000011,0.000038,0.001688,0.000064,0.000018,0.000003,,500,,
0,0,,0.999743,0.000029,0.000024,0.000089,0.000073,0.00002,0.000022,,400,,
0,0,,0.998178,0.000011,0.000038,0.001688,0.000064,0.000018,0.000003,,400,,
0,0,,0.995415,0.001074,0.000486,0.00148,0.001088,0.000261,0.000196,,400,,
0,0,,0.999743,0.000029,0.000024,0.000089,0.000073,0.00002,0.000022,,400,,
0,0,,0.999743,0.000029,0.000024,0.000089,0.000073,0.00002,0.000022,,400,,
0,0,,0.999743,0.000029,0.000024,0.000089,0.000073,0.00002,0.000022,,500,,
0,0,,0.999743,0.000029,0.000024,0.000089,0.000073,0.00002,0.000022,,400,,
0,0,,0.999743,0.000029,0.000024,0.000089,0.000073,0.00002,0.000022,,400,,
0,0,,0.999743,0.000029,0.000024,0.000089,0.000073,0.00002,0.000022,,400,,
0,0,,0.995415,0.001074,0.000486,0.00148,0.001088,0.000261,0.000196,,400,,
0,0,,0.995415,0.001074,0.000486,0.00148,0.001088,0.000261,0.000196,,400,,
0,0,,0.995415,0.001074,0.000486,0.00148,0.001088,0.000261,0.000196,,400,,
0,0,,0.999743,0.000029,0.000024,0.000089,0.000073,0.00002,0.000022,,400,,
0,0,,0.998185,0.000051,0.000173,0.001416,0.000081,0.00008,0.000014,,500,,
0,0,,0.998178,0.000011,0.000038,0.001688,0.000064,0.000018,0.000003,,400,,
0,0,,0.998178,0.000011,0.000038,0.001688,0.000064,0.000018,0.000003,,500,,
0,0,,0.999743,0.000029,0.000024,0.000089,0.000073,0.00002,0.000022,,400,,
0,0,,0.995415,0.001074,0.000486,0.00148,0.001088,0.000261,0.000196,,400,,
0,0,,0.999743,0.000029,0.000024,0.000089,0.000073,0.00002,0.000022,,400,,
0,0,,0.999743,0.000029,0.000024,0.000089,0.000073,0.00002,0.000022,,400,,
0,0,,0.999743,0.000029,0.000024,0.000089,0.000073,0.00002,0.000022,,400,,
0,0,,0.999743,0.000029,0.000024,0.000089,0.000073,0.00002,0.000022,,500,,
0,0,,0.999743,0.000029,0.000024,0.000089,0.000073,0.00002,0.000022,,400,,
0,0,,0.999743,0.000029,0.000024,0.000089,0.000073,0.00002,0.000022,,400,,
0,0,,0.999743,0.000029,0.000024,0.000089,0.000073,0.00002,0.000022,,400,,
0,0,,0.999743,0.000029,0.000024,0.000089,0.000073,0.00002,0.000022,,400,,
0,0,,0.995415,0.001074,0.000486,0.00148,0.001088,0.000261,0.000196,,500,,
0,0,,0.999743,0.000029,0.000024,0.000089,0.000073,0.00002,0.000022,,400,,
0,0,,0.995415,0.001074,0.000486,0.00148,0.001088,0.000261,0.000196,,400,,
0,0,,0.998178,0.000011,0.000038,0.001688,0.000064,0.000018,0.000003,,500,,
0,0,,0.999743,0.000029,0.000024,0.000089,0.000073,0.00002,0.000022,,400,,
0,0,,0.999743,0.000029,0.000024,0.000089,0.000073,0.00002,0.000022,,400,,
0,0,,0.999743,0.000029,0.000024,0.000089,0.000073,0.00002,0.000022,,400,,
0,0,,0.999743,0.000029,0.000024,0.000089,0.000073,0.00002,0.000022,,400,,
0,0,,0.999743,0.000029,0.000024,0.000089,0.000073,0.00002,0.000022,,500,,
0,0,,0.999743,0.000029,0.000024,0.000089,0.000073,0.00002,0.000022,,400,,
0,0,,0.999743,0.000029,0.000024,0.000089,0.000073,0.00002,0.000022,,400,,
0,0,,0.998185,0.000051,0.000173,0.001416,0.000081,0.00008,0.000014,,400,,
0,0,,0.998178,0.000011,0.000038,0.001688,0.000064,0.000018,0.000003,,500,,
0,0,,0.995415,0.001074,0.000486,0.00148,0.001088,0.000261,0.000196,,500,,
0,0,,0.995415,0.001074,0.000486,0.00148,0.001088,0.000261,0.000196,,400,,
0,0,,0.995415,0.001074,0.000486,0.00148,0.001088,0.000261,0.000196,,400,,
0,0,,0.999743,0.000029,0.000024,0.000089,0.000073,0.00002,0.000022,,400,,
0,0,,0.999743,0.000029,0.000024,0.000089,0.000073,0.00002,0.000022,,500,,
0,0,,0.998185,0.000051,0.000173,0.001416,0.000081,0.00008,0.000014,,500,,
0,0,,0.998178,0.000011,0.000038,0.001688,0.000064,0.000018,0.000003,,500,,
0,0,,0.998185,0.000051,0.000173,0.001416,0.000081,0.00008,0.000014,,500,,
0,0,,0.999743,0.000029,0.000024,0.000089,0.000073,0.00002,0.000022,,500,,
0,0,,0.995415,0.001074,0.000486,0.00148,0.001088,0.000261,0.000196,,400,,
0,0,,0.999743,0.000029,0.000024,0.000089,0.000073,0.00002,0.000022,,400,,
0,0,,0.999743,0.000029,0.000024,0.000089,0.000073,0.00002,0.000022,,400,,
0,0,,0.999743,0.000029,0.000024,0.000089,0.000073,0.00002,0.000022,,400,,
0,0,,0.995415,0.001074,0.000486,0.00148,0.001088,0.000261,0.000196,,400,,
0,0,,0.999743,0.000029,0.000024,0.000089,0.000073,0.00002,0.000022,,500,,
0,0,,0.999743,0.000029,0.000024,0.000089,0.000073,0.00002,0.000022,,400,,
0,0,,0.999743,0.000029,0.000024,0.000089,0.000073,0.00002,0.000022,,400,,
0,0,,0.999743,0.000029,0.000024,0.000089,0.000073,0.00002,0.000022,,400,,
0,0,,0.999743,0.000029,0.000024,0.000089,0.000073,0.00002,0.000022,,400,,
0,0,,0.999743,0.000029,0.000024,0.000089,0.000073,0.00002,0.000022,,400,,
0,0,,0.999743,0.000029,0.000024,0.000089,0.000073,0.00002,0.000022,,500,,
0,0,,0.999743,0.000029,0.000024,0.000089,0.000073,0.00002,0.000022,,400,,
0,0,,0.999743,0.000029,0.000024,0.000089,0.000073,0.00002,0.000022,,400,,
0,0,,0.999743,0.000029,0.000024,0.000089,0.000073,0.00002,0.000022,,400,,
0,0,,0.995415,0.001074,0.000486,0.00148,0.001088,0.000261,0.000196,,400,,
0,0,,0.995415,0.001074,0.000486,0.00148,0.001088,0.000261,0.000196,,500,,
0,0,,0.999743,0.000029,0.000024,0.000089,0.000073,0.00002,0.000022,,400,,
0,0,,0.995415,0.001074,0.000486,0.00148,0.001088,0.000261,0.000196,,400,,
0,0,,0.999743,0.000029,0.000024,0.000089,0.000073,0.00002,0.000022,,400,,
0,0,,0.999743,0.000029,0.000024,0.000089,0.000073,0.00002,0.000022,,400,,
0,0,,0.998178,0.000011,0.000038,0.001688,0.000064,0.000018,0.000003,,500,,
0,0,,0.998178,0.000011,0.000038,0.001688,0.000064,0.000018,0.000003,,400,,
0,0,,0.999743,0.000029,0.000024,0.000089,0.000073,0.00002,0.000022,,400,,
0,0,,0.999743,0.000029,0.000024,0.000089,0.000073,0.00002,0.000022,,400,,
0,0,,0.995415,0.001074,0.000486,0.00148,0.001088,0.000261,0.000196,,400,,
0,0,,0.999743,0.000029,0.000024,0.000089,0.000073,0.00002,0.000022,,400,,
0,0,,0.999743,0.000029,0.000024,0.000089,0.000073,0.00002,0.000022,,500,,
0,0,,0.999743,0.000029,0.000024,0.000089,0.000073,0.00002,0.000022,,400,,
0,0,,0.999743,0.000029,0.000024,0.000089,0.000073,0.00002,0.000022,,400,,
0,0,,0.998178,0.000011,0.000038,0.001688,0.000064,0.000018,0.000003,,400,,
0,0,,0.999743,0.000029,0.000024,0.000089,0.000073,0.00002,0.000022,,400,,
0,0,,0.999743,0.000029,0.000024,0.000089,0.000073,0.00002,0.000022,,400,,
0,0,,0.999743,0.000029,0.000024,0.000089,0.000073,0.00002,0.000022,,400,,
0,0,,0.995415,0.001074,0.000486,0.00148,0.001088,0.000261,0.000196,,400,,
0,0,,0.999743,0.000029,0.000024,0.000089,0.000073,0.00002,0.000022,,500,,
0,0,,0.999743,0.000029,0.000024,0.000089,0.000073,0.00002,0.000022,,400,,
0,0,,0.999743,0.000029,0.000024,0.000089,0.000073,0.00002,0.000022,,400,,
0,0,,0.999743,0.000029,0.000024,0.000089,0.000073,0.00002,0.000022,,400,,
0,0,,0.999743,0.000029,0.000024,0.000089,0.000073,0.00002,0.000022,,400,,
0,0,,0.999743,0.000029,0.000024,0.000089,0.000073,0.00002,0.000022,,500,,
0,0,,0.995415,0.001074,0.000486,0.00148,0.001088,0.000261,0.000196,,400,,
0,0,,0.995415,0.001074,0.000486,0.00148,0.001088,0.000261,0.000196,,500,,
0,0,,0.995415,0.001074,0.000486,0.00148,0.001088,0.000261,0.000196,,400,,
0,0,,0.995415,0.001074,0.000486,0.00148,0.001088,0.000261,0.000196,,500,,
0,0,,0.999743,0.000029,0.000024,0.000089,0.000073,0.00002,0.000022,,400,,
0,0,,0.999743,0.000029,0.000024,0.000089,0.000073,0.00002,0.000022,,500,,
0,0,,0.999743,0.000029,0.000024,0.000089,0.000073,0.00002,0.000022,,400,,
0,0,,0.999743,0.000029,0.000024,0.000089,0.000073,0.00002,0.000022,,400,,
0,0,,0.999743,0.000029,0.000024,0.000089,0.000073,0.00002,0.000022,,400,,
0,0,,0.999743,0.000029,0.000024,0.000089,0.000073,0.00002,0.000022,,400,,
0,0,,0.999743,0.000029,0.000024,0.000089,0.000073,0.00002,0.000022,,400,,
0,0,,0.999743,0.000029,0.000024,0.000089,0.000073,0.00002,0.000022,,400,,
0,0,,0.995415,0.001074,0.000486,0.00148,0.001088,0.000261,0.000196,,400,,
0,0,,0.995415,0.001074,0.000486,0.00148,0.001088,0.000261,0.000196,,400,,
0,0,,0.995415,0.001074,0.000486,0.00148,0.001088,0.000261,0.000196,,400,,
0,0,,0.995415,0.001074,0.000486,0.00148,0.001088,0.000261,0.000196,,400,,
0,0,,0.998178,0.000011,0.000038,0.001688,0.000064,0.000018,0.000003,,400,,
0,0,,0.999743,0.000029,0.000024,0.000089,0.000073,0.00002,0.000022,,400,,
0,0,,0.999743,0.000029,0.000024,0.000089,0.000073,0.00002,0.000022,,400,,
0,0,,0.995415,0.001074,0.000486,0.00148,0.001088,0.000261,0.000196,,500,,
0,0,,0.999743,0.000029,0.000024,0.000089,0.000073,0.00002,0.000022,,400,,
0,0,,0.995415,0.001074,0.000486,0.00148,0.001088,0.000261,0.000196,,400,,
0,0,,0.999743,0.000029,0.000024,0.000089,0.000073,0.00002,0.000022,,400,,
0,0,,0.995415,0.001074,0.000486,0.00148,0.001088,0.000261,0.000196,,400,,
0,0,,0.999743,0.000029,0.000024,0.000089,0.000073,0.00002,0.000022,,400,,
0,0,,0.999743,0.000029,0.000024,0.000089,0.000073,0.00002,0.000022,,500,,
0,0,,0.995415,0.001074,0.000486,0.00148,0.001088,0.000261,0.000196,,500,,
0,0,,0.999743,0.000029,0.000024,0.000089,0.000073,0.00002,0.000022,,400,,
0,0,,0.999743,0.000029,0.000024,0.000089,0.000073,0.00002,0.000022,,400,,
0,0,,0.999743,0.000029,0.000024,0.000089,0.000073,0.00002,0.000022,,400,,
0,0,,0.998185,0.000051,0.000173,0.001416,0.000081,0.00008,0.000014,,400,,
0,0,,0.999743,0.000029,0.000024,0.000089,0.000073,0.00002,0.000022,,400,,
0,0,,0.999743,0.000029,0.000024,0.000089,0.000073,0.00002,0.000022,,400,,
0,0,,0.999743,0.000029,0.000024,0.000089,0.000073,0.00002,0.000022,,400,,
0,0,,0.999743,0.000029,0.000024,0.000089,0.000073,0.00002,0.000022,,400,,
0,0,,0.995415,0.001074,0.000486,0.00148,0.001088,0.000261,0.000196,,500,,
0,0,,0.999743,0.000029,0.000024,0.000089,0.000073,0.00002,0.000022,,400,,
0,0,,0.999743,0.000029,0.000024,0.000089,0.000073,0.00002,0.000022,,400,,
0,0,,0.999743,0.000029,0.000024,0.000089,0.000073,0.00002,0.000022,,400,,
0,0,,0.998178,0.000011,0.000038,0.001688,0.000064,0.000018,0.000003,,400,,
0,0,,0.999743,0.000029,0.000024,0.000089,0.000073,0.00002,0.000022,,400,,
0,0,,0.999743,0.000029,0.000024,0.000089,0.000073,0.00002,0.000022,,400,,
0,0,,0.999743,0.000029,0.000024,0.000089,0.000073,0.00002,0.000022,,400,,
0,0,,0.999743,0.000029,0.000024,0.000089,0.000073,0.00002,0.000022,,500,,
0,0,,0.999743,0.000029,0.000024,0.000089,0.000073,0.00002,0.000022,,400,,
0,0,,0.999743,0.000029,0.000024,0.000089,0.000073,0.00002,0.000022,,400,,
0,0,,0.999743,0.000029,0.000024,0.000089,0.000073,0.00002,0.000022,,400,,
0,0,,0.999743,0.000029,0.000024,0.000089,0.000073,0.00002,0.000022,,400,,
0,0,,0.999743,0.000029,0.000024,0.000089,0.000073,0.00002,0.000022,,500,,
0,0,,0.999743,0.000029,0.000024,0.000089,0.000073,0.00002,0.000022,,400,,
0,0,,0.998178,0.000011,0.000038,0.001688,0.000064,0.000018,0.000003,,500,,
0,0,,0.999743,0.000029,0.000024,0.000089,0.000073,0.00002,0.000022,,400,,
0,0,,0.998185,0.000051,0.000173,0.001416,0.000081,0.00008,0.000014,,400,,
0,0,,0.999743,0.000029,0.000024,0.000089,0.000073,0.00002,0.000022,,400,,
0,0,,0.999743,0.000029,0.000024,0.000089,0.000073,0.00002,0.000022,,400,,
0,0,,0.998178,0.000011,0.000038,0.001688,0.000064,0.000018,0.000003,,500,,
0,0,,0.998178,0.000011,0.000038,0.001688,0.000064,0.000018,0.000003,,500,,
0,0,,0.998185,0.000051,0.000173,0.001416,0.000081,0.00008,0.000014,,500,,
0,0,,0.999743,0.000029,0.000024,0.000089,0.000073,0.00002,0.000022,,400,,
0,0,,0.995415,0.001074,0.000486,0.00148,0.001088,0.000261,0.000196,,500,,
0,0,,0.999743,0.000029,0.000024,0.000089,0.000073,0.00002,0.000022,,400,,
0,0,,0.999743,0.000029,0.000024,0.000089,0.000073,0.00002,0.000022,,400,,
0,0,,0.999743,0.000029,0.000024,0.000089,0.000073,0.00002,0.000022,,400,,
0,0,,0.995415,0.001074,0.000486,0.00148,0.001088,0.000261,0.000196,,400,,
0,0,,0.995415,0.001074,0.000486,0.00148,0.001088,0.000261,0.000196,,400,,
0,0,,0.999743,0.000029,0.000024,0.000089,0.000073,0.00002,0.000022,,400,,
0,0,,0.999743,0.000029,0.000024,0.000089,0.000073,0.00002,0.000022,,500,,
0,0,,0.995415,0.001074,0.000486,0.00148,0.001088,0.000261,0.000196,,400,,
0,0,,0.999743,0.000029,0.000024,0.000089,0.000073,0.00002,0.000022,,400,,
0,0,,0.999743,0.000029,0.000024,0.000089,0.000073,0.00002,0.000022,,400,,
0,0,,0.999743,0.000029,0.000024,0.000089,0.000073,0.00002,0.000022,,400,,
0,0,,0.999743,0.000029,0.000024,0.000089,0.000073,0.00002,0.000022,,500,,
0,0,,0.999743,0.000029,0.000024,0.000089,0.000073,0.00002,0.000022,,400,,
0,0,,0.999743,0.000029,0.000024,0.000089,0.000073,0.00002,0.000022,,400,,
0,0,,0.999743,0.000029,0.000024,0.000089,0.000073,0.00002,0.000022,,400,,
0,0,,0.999743,0.000029,0.000024,0.000089,0.000073,0.00002,0.000022,,400,,
0,0,,0.995415,0.001074,0.000486,0.00148,0.001088,0.000261,0.000196,,400,,
0,0,,0.998178,0.000011,0.000038,0.001688,0.000064,0.000018,0.000003,,400,,
0,0,,0.999743,0.000029,0.000024,0.000089,0.000073,0.00002,0.000022,,400,,
0,0,,0.995415,0.001074,0.000486,0.00148,0.001088,0.000261,0.000196,,400,,
0,0,,0.999743,0.000029,0.000024,0.000089,0.000073,0.00002,0.000022,,500,,
0,0,,0.998185,0.000051,0.000173,0.001416,0.000081,0.00008,0.000014,,500,,
0,0,,0.999743,0.000029,0.000024,0.000089,0.000073,0.00002,0.000022,,500,,
0,0,,0.995415,0.001074,0.000486,0.00148,0.001088,0.000261,0.000196,,400,,
0,0,,0.999743,0.000029,0.000024,0.000089,0.000073,0.00002,0.000022,,400,,
0,0,,0.999743,0.000029,0.000024,0.000089,0.000073,0.00002,0.000022,,400,,
0,0,,0.995415,0.001074,0.000486,0.00148,0.001088,0.000261,0.000196,,400,,
0,0,,0.998178,0.000011,0.000038,0.001688,0.000064,0.000018,0.000003,,400,,
0,0,,0.999743,0.000029,0.000024,0.000089,0.000073,0.00002,0.000022,,400,,
0,0,,0.999743,0.000029,0.000024,0.000089,0.000073,0.00002,0.000022,,500,,
0,0,,0.999743,0.000029,0.000024,0.000089,0.000073,0.00002,0.000022,,400,,
0,0,,0.999743,0.000029,0.000024,0.000089,0.000073,0.00002,0.000022,,400,,
0,0,,0.999743,0.000029,0.000024,0.000089,0.000073,0.00002,0.000022,,400,,
0,0,,0.999743,0.000029,0.000024,0.000089,0.000073,0.00002,0.000022,,400,,
0,0,,0.999743,0.000029,0.000024,0.000089,0.000073,0.00002,0.000022,,500,,
0,0,,0.999743,0.000029,0.000024,0.000089,0.000073,0.00002,0.000022,,500,,
0,0,,0.999743,0.000029,0.000024,0.000089,0.000073,0.00002,0.000022,,400,,
0,0,,0.999743,0.000029,0.000024,0.000089,0.000073,0.00002,0.000022,,400,,
0,0,,0.999743,0.000029,0.000024,0.000089,0.000073,0.00002,0.000022,,400,,
0,0,,0.999743,0.000029,0.000024,0.000089,0.000073,0.00002,0.000022,,400,,
0,0,,0.995415,0.001074,0.000486,0.00148,0.001088,0.000261,0.000196,,500,,
0,0,,0.999743,0.000029,0.000024,0.000089,0.000073,0.00002,0.000022,,500,,
0,0,,0.999743,0.000029,0.000024,0.000089,0.000073,0.00002,0.000022,,400,,
0,0,,0.995415,0.001074,0.000486,0.00148,0.001088,0.000261,0.000196,,400,,
0,0,,0.995415,0.001074,0.000486,0.00148,0.001088,0.000261,0.000196,,400,,
0,0,,0.999743,0.000029,0.000024,0.000089,0.000073,0.00002,0.000022,,500,,
0,0,,0.995415,0.001074,0.000486,0.00148,0.001088,0.000261,0.000196,,400,,
0,0,,0.999743,0.000029,0.000024,0.000089,0.000073,0.00002,0.000022,,400,,
0,0,,0.995415,0.001074,0.000486,0.00148,0.001088,0.000261,0.000196,,400,,
0,0,,0.995415,0.001074,0.000486,0.00148,0.001088,0.000261,0.000196,,400,,
0,0,,0.999743,0.000029,0.000024,0.000089,0.000073,0.00002,0.000022,,400,,
0,0,,0.999743,0.000029,0.000024,0.000089,0.000073,0.00002,0.000022,,500,,
0,0,,0.999743,0.000029,0.000024,0.000089,0.000073,0.00002,0.000022,,500,,
0,0,,0.999743,0.000029,0.000024,0.000089,0.000073,0.00002,0.000022,,400,,
0,0,,0.999743,0.000029,0.000024,0.000089,0.000073,0.00002,0.000022,,400,,
0,0,,0.999743,0.000029,0.000024,0.000089,0.000073,0.00002,0.000022,,400,,
0,0,,0.995415,0.001074,0.000486,0.00148,0.001088,0.000261,0.000196,,400,,
0,0,,0.995415,0.001074,0.000486,0.00148,0.001088,0.000261,0.000196,,500,,
0,0,,0.999743,0.000029,0.000024,0.000089,0.000073,0.00002,0.000022,,400,,
0,0,,0.995415,0.001074,0.000486,0.00148,0.001088,0.000261,0.000196,,400,,
0,0,,0.999743,0.000029,0.000024,0.000089,0.000073,0.00002,0.000022,,400,,
0,0,,0.999743,0.000029,0.000024,0.000089,0.000073,0.00002,0.000022,,400,,
0,0,,0.995415,0.001074,0.000486,0.00148,0.001088,0.000261,0.000196,,400,,
0,0,,0.998185,0.000051,0.000173,0.001416,0.000081,0.00008,0.000014,,500,,
0,0,,0.998178,0.000011,0.000038,0.001688,0.000064,0.000018,0.000003,,500,,
0,0,,0.995415,0.001074,0.000486,0.00148,0.001088,0.000261,0.000196,,400,,
0,0,,0.999743,0.000029,0.000024,0.000089,0.000073,0.00002,0.000022,,400,,
0,0,,0.999743,0.000029,0.000024,0.000089,0.000073,0.00002,0.000022,,400,,
0,0,,0.999743,0.000029,0.000024,0.000089,0.000073,0.00002,0.000022,,400,,
0,0,,0.999743,0.000029,0.000024,0.000089,0.000073,0.00002,0.000022,,400,,
0,0,,0.999743,0.000029,0.000024,0.000089,0.000073,0.00002,0.000022,,400,,
0,0,,0.999743,0.000029,0.000024,0.000089,0.000073,0.00002,0.000022,,400,,
0,0,,0.995415,0.001074,0.000486,0.00148,0.001088,0.000261,0.000196,,400,,
0,0,,0.998178,0.000011,0.000038,0.001688,0.000064,0.000018,0.000003,,500,,
0,0,,0.995415,0.001074,0.000486,0.00148,0.001088,0.000261,0.000196,,400,,
0,0,,0.999743,0.000029,0.000024,0.000089,0.000073,0.00002,0.000022,,400,,
0,0,,0.999743,0.000029,0.000024,0.000089,0.000073,0.00002,0.000022,,500,,
0,0,,0.999743,0.000029,0.000024,0.000089,0.000073,0.00002,0.000022,,400,,
0,0,,0.998185,0.000051,0.000173,0.001416,0.000081,0.00008,0.000014,,500,,
0,0,,0.999743,0.000029,0.000024,0.000089,0.000073,0.00002,0.000022,,400,,
0,0,,0.999743,0.000029,0.000024,0.000089,0.000073,0.00002,0.000022,,400,,
0,0,,0.999743,0.000029,0.000024,0.000089,0.000073,0.00002,0.000022,,400,,
0,0,,0.999743,0.000029,0.000024,0.000089,0.000073,0.00002,0.000022,,400,,
0,0,,0.998185,0.000051,0.000173,0.001416,0.000081,0.00008,0.000014,,400,,
0,0,,0.995415,0.001074,0.000486,0.00148,0.001088,0.000261,0.000196,,400,,
0,0,,0.999743,0.000029,0.000024,0.000089,0.000073,0.00002,0.000022,,400,,
0,0,,0.998185,0.000051,0.000173,0.001416,0.000081,0.00008,0.000014,,400,,
0,0,,0.995415,0.001074,0.000486,0.00148,0.001088,0.000261,0.000196,,400,,
0,0,,0.998185,0.000051,0.000173,0.001416,0.000081,0.00008,0.000014,,400,,
0,0,,0.999743,0.000029,0.000024,0.000089,0.000073,0.00002,0.000022,,400,,
0,0,,0.995415,0.001074,0.000486,0.00148,0.001088,0.000261,0.000196,,500,,
0,0,,0.995415,0.001074,0.000486,0.00148,0.001088,0.000261,0.000196,,400,,
0,0,,0.999743,0.000029,0.000024,0.000089,0.000073,0.00002,0.000022,,500,,
0,0,,0.999743,0.000029,0.000024,0.000089,0.000073,0.00002,0.000022,,400,,
0,0,,0.995415,0.001074,0.000486,0.00148,0.001088,0.000261,0.000196,,400,,
0,0,,0.999743,0.000029,0.000024,0.000089,0.000073,0.00002,0.000022,,400,,
0,0,,0.999743,0.000029,0.000024,0.000089,0.000073,0.00002,0.000022,,500,,
0,0,,0.999743,0.000029,0.000024,0.000089,0.000073,0.00002,0.000022,,500,,
0,0,,0.995415,0.001074,0.000486,0.00148,0.001088,0.000261,0.000196,,400,,
0,0,,0.999743,0.000029,0.000024,0.000089,0.000073,0.00002,0.000022,,400,,
0,0,,0.999743,0.000029,0.000024,0.000089,0.000073,0.00002,0.000022,,400,,
0,0,,0.999743,0.000029,0.000024,0.000089,0.000073,0.00002,0.000022,,400,,
0,0,,0.999743,0.000029,0.000024,0.000089,0.000073,0.00002,0.000022,,400,,
0,0,,0.999743,0.000029,0.000024,0.000089,0.000073,0.00002,0.000022,,400,,
0,0,,0.999743,0.000029,0.000024,0.000089,0.000073,0.00002,0.000022,,500,,
0,0,,0.999743,0.000029,0.000024,0.000089,0.000073,0.00002,0.000022,,400,,
0,0,,0.995415,0.001074,0.000486,0.00148,0.001088,0.000261,0.000196,,400,,
0,0,,0.999743,0.000029,0.000024,0.000089,0.000073,0.00002,0.000022,,400,,
0,0,,0.999743,0.000029,0.000024,0.000089,0.000073,0.00002,0.000022,,400,,
0,0,,0.995415,0.001074,0.000486,0.00148,0.001088,0.000261,0.000196,,500,,
0,0,,0.998185,0.000051,0.000173,0.001416,0.000081,0.00008,0.000014,,500,,
0,0,,0.999743,0.000029,0.000024,0.000089,0.000073,0.00002,0.000022,,500,,
0,0,,0.999743,0.000029,0.000024,0.000089,0.000073,0.00002,0.000022,,400,,
0,0,,0.999743,0.000029,0.000024,0.000089,0.000073,0.00002,0.000022,,400,,
0,0,,0.999743,0.000029,0.000024,0.000089,0.000073,0.00002,0.000022,,400,,
0,0,,0.998178,0.000011,0.000038,0.001688,0.000064,0.000018,0.000003,,400,,
0,0,,0.999743,0.000029,0.000024,0.000089,0.000073,0.00002,0.000022,,400,,
0,0,,0.999743,0.000029,0.000024,0.000089,0.000073,0.00002,0.000022,,400,,
0,0,,0.995415,0.001074,0.000486,0.00148,0.001088,0.000261,0.000196,,400,,
0,0,,0.998178,0.000011,0.000038,0.001688,0.000064,0.000018,0.000003,,400,,
0,0,,0.999743,0.000029,0.000024,0.000089,0.000073,0.00002,0.000022,,400,,
0,0,,0.995415,0.001074,0.000486,0.00148,0.001088,0.000261,0.000196,,400,,
0,0,,0.999743,0.000029,0.000024,0.000089,0.000073,0.00002,0.000022,,400,,
0,0,,0.998178,0.000011,0.000038,0.001688,0.000064,0.000018,0.000003,,400,,
0,0,,0.995415,0.001074,0.000486,0.00148,0.001088,0.000261,0.000196,,400,,
0,0,,0.995415,0.001074,0.000486,0.00148,0.001088,0.000261,0.000196,,400,,
0,0,,0.999743,0.000029,0.000024,0.000089,0.000073,0.00002,0.000022,,400,,
0,0,,0.999743,0.000029,0.000024,0.000089,0.000073,0.00002,0.000022,,500,,
0,0,,0.999743,0.000029,0.000024,0.000089,0.000073,0.00002,0.000022,,500,,
0,0,,0.999743,0.000029,0.000024,0.000089,0.000073,0.00002,0.000022,,400,,
0,0,,0.999743,0.000029,0.000024,0.000089,0.000073,0.00002,0.000022,,400,,
0,0,,0.999743,0.000029,0.000024,0.000089,0.000073,0.00002,0.000022,,400,,
0,0,,0.999743,0.000029,0.000024,0.000089,0.000073,0.00002,0.000022,,400,,
0,0,,0.999743,0.000029,0.000024,0.000089,0.000073,0.00002,0.000022,,400,,
0,0,,0.999743,0.000029,0.000024,0.000089,0.000073,0.00002,0.000022,,400,,
0,0,,0.995415,0.001074,0.000486,0.00148,0.001088,0.000261,0.000196,,500,,
0,0,,0.995415,0.001074,0.000486,0.00148,0.001088,0.000261,0.000196,,400,,
0,0,,0.995415,0.001074,0.000486,0.00148,0.001088,0.000261,0.000196,,400,,
0,0,,0.998178,0.000011,0.000038,0.001688,0.000064,0.000018,0.000003,,500,,
0,0,,0.995415,0.001074,0.000486,0.00148,0.001088,0.000261,0.000196,,400,,
0,0,,0.999743,0.000029,0.000024,0.000089,0.000073,0.00002,0.000022,,400,,
0,0,,0.998178,0.000011,0.000038,0.001688,0.000064,0.000018,0.000003,,500,,
0,0,,0.999743,0.000029,0.000024,0.000089,0.000073,0.00002,0.000022,,400,,
0,0,,0.999743,0.000029,0.000024,0.000089,0.000073,0.00002,0.000022,,400,,
0,0,,0.999743,0.000029,0.000024,0.000089,0.000073,0.00002,0.000022,,500,,
0,0,,0.999743,0.000029,0.000024,0.000089,0.000073,0.00002,0.000022,,400,,
0,0,,0.999743,0.000029,0.000024,0.000089,0.000073,0.00002,0.000022,,400,,
0,0,,0.999743,0.000029,0.000024,0.000089,0.000073,0.00002,0.000022,,400,,
0,0,,0.999743,0.000029,0.000024,0.000089,0.000073,0.00002,0.000022,,400,,
0,0,,0.995415,0.001074,0.000486,0.00148,0.001088,0.000261,0.000196,,500,,
0,0,,0.999743,0.000029,0.000024,0.000089,0.000073,0.00002,0.000022,,400,,
0,0,,0.999743,0.000029,0.000024,0.000089,0.000073,0.00002,0.000022,,400,,
0,0,,0.995415,0.001074,0.000486,0.00148,0.001088,0.000261,0.000196,,400,,
0,0,,0.995415,0.001074,0.000486,0.00148,0.001088,0.000261,0.000196,,400,,
0,0,,0.998178,0.000011,0.000038,0.001688,0.000064,0.000018,0.000003,,400,,
0,0,,0.998178,0.000011,0.000038,0.001688,0.000064,0.000018,0.000003,,500,,
0,0,,0.995415,0.001074,0.000486,0.00148,0.001088,0.000261,0.000196,,500,,
0,0,,0.995415,0.001074,0.000486,0.00148,0.001088,0.000261,0.000196,,400,,
0,0,,0.999743,0.000029,0.000024,0.000089,0.000073,0.00002,0.000022,,400,,
0,0,,0.999743,0.000029,0.000024,0.000089,0.000073,0.00002,0.000022,,400,,
0,0,,0.999743,0.000029,0.000024,0.000089,0.000073,0.00002,0.000022,,500,,
0,0,,0.999743,0.000029,0.000024,0.000089,0.000073,0.00002,0.000022,,500,,
0,0,,0.999743,0.000029,0.000024,0.000089,0.000073,0.00002,0.000022,,400,,
0,0,,0.995415,0.001074,0.000486,0.00148,0.001088,0.000261,0.000196,,400,,
0,0,,0.998178,0.000011,0.000038,0.001688,0.000064,0.000018,0.000003,,500,,
0,0,,0.998185,0.000051,0.000173,0.001416,0.000081,0.00008,0.000014,,500,,
0,0,,0.995415,0.001074,0.000486,0.00148,0.001088,0.000261,0.000196,,400,,
0,0,,0.999743,0.000029,0.000024,0.000089,0.000073,0.00002,0.000022,,500,,
0,0,,0.999743,0.000029,0.000024,0.000089,0.000073,0.00002,0.000022,,400,,
0,0,,0.999743,0.000029,0.000024,0.000089,0.000073,0.00002,0.000022,,400,,
0,0,,0.999743,0.000029,0.000024,0.000089,0.000073,0.00002,0.000022,,400,,
0,0,,0.999743,0.000029,0.000024,0.000089,0.000073,0.00002,0.000022,,400,,
0,0,,0.998178,0.000011,0.000038,0.001688,0.000064,0.000018,0.000003,,500,,
0,0,,0.999743,0.000029,0.000024,0.000089,0.000073,0.00002,0.000022,,400,,
0,0,,0.999743,0.000029,0.000024,0.000089,0.000073,0.00002,0.000022,,400,,
0,0,,0.999743,0.000029,0.000024,0.000089,0.000073,0.00002,0.000022,,500,,
0,0,,0.998185,0.000051,0.000173,0.001416,0.000081,0.00008,0.000014,,500,,
0,0,,0.999743,0.000029,0.000024,0.000089,0.000073,0.00002,0.000022,,400,,
0,0,,0.999743,0.000029,0.000024,0.000089,0.000073,0.00002,0.000022,,400,,
0,0,,0.998178,0.000011,0.000038,0.001688,0.000064,0.000018,0.000003,,500,,
0,0,,0.999743,0.000029,0.000024,0.000089,0.000073,0.00002,0.000022,,500,,
0,0,,0.999743,0.000029,0.000024,0.000089,0.000073,0.00002,0.000022,,400,,
0,0,,0.999743,0.000029,0.000024,0.000089,0.000073,0.00002,0.000022,,400,,
0,0,,0.999743,0.000029,0.000024,0.000089,0.000073,0.00002,0.000022,,400,,
0,0,,0.995415,0.001074,0.000486,0.00148,0.001088,0.000261,0.000196,,400,,
0,0,,0.995415,0.001074,0.000486,0.00148,0.001088,0.000261,0.000196,,400,,
0,0,,0.999743,0.000029,0.000024,0.000089,0.000073,0.00002,0.000022,,400,,
0,0,,0.999743,0.000029,0.000024,0.000089,0.000073,0.00002,0.000022,,400,,
0,0,,0.999743,0.000029,0.000024,0.000089,0.000073,0.00002,0.000022,,400,,
0,0,,0.999743,0.000029,0.000024,0.000089,0.000073,0.00002,0.000022,,400,,
0,0,,0.995415,0.001074,0.000486,0.00148,0.001088,0.000261,0.000196,,500,,
0,0,,0.995415,0.001074,0.000486,0.00148,0.001088,0.000261,0.000196,,500,,
0,0,,0.999743,0.000029,0.000024,0.000089,0.000073,0.00002,0.000022,,400,,
0,0,,0.999743,0.000029,0.000024,0.000089,0.000073,0.00002,0.000022,,400,,
0,0,,0.998178,0.000011,0.000038,0.001688,0.000064,0.000018,0.000003,,500,,
0,0,,0.999743,0.000029,0.000024,0.000089,0.000073,0.00002,0.000022,,500,,
0,0,,0.999743,0.000029,0.000024,0.000089,0.000073,0.00002,0.000022,,400,,
0,0,,0.999743,0.000029,0.000024,0.000089,0.000073,0.00002,0.000022,,400,,
0,0,,0.995415,0.001074,0.000486,0.00148,0.001088,0.000261,0.000196,,400,,
0,0,,0.999743,0.000029,0.000024,0.000089,0.000073,0.00002,0.000022,,400,,
0,0,,0.998178,0.000011,0.000038,0.001688,0.000064,0.000018,0.000003,,500,,
0,0,,0.995415,0.001074,0.000486,0.00148,0.001088,0.000261,0.000196,,400,,
0,0,,0.999743,0.000029,0.000024,0.000089,0.000073,0.00002,0.000022,,400,,
0,0,,0.999743,0.000029,0.000024,0.000089,0.000073,0.00002,0.000022,,500,,
0,0,,0.888434,0.058996,0.000913,0.015187,0.000335,0.035283,0.000852,,400,,
0,0,,0.999743,0.000029,0.000024,0.000089,0.000073,0.00002,0.000022,,400,,
0,0,,0.998178,0.000011,0.000038,0.001688,0.000064,0.000018,0.000003,,500,,
0,0,,0.999743,0.000029,0.000024,0.000089,0.000073,0.00002,0.000022,,400,,
0,0,,0.995415,0.001074,0.000486,0.00148,0.001088,0.000261,0.000196,,400,,
0,0,,0.998185,0.000051,0.000173,0.001416,0.000081,0.00008,0.000014,,400,,
0,0,,0.995415,0.001074,0.000486,0.00148,0.001088,0.000261,0.000196,,400,,
0,0,,0.999743,0.000029,0.000024,0.000089,0.000073,0.00002,0.000022,,400,,
0,0,,0.999743,0.000029,0.000024,0.000089,0.000073,0.00002,0.000022,,400,,
0,0,,0.999743,0.000029,0.000024,0.000089,0.000073,0.00002,0.000022,,500,,
0,0,,0.999743,0.000029,0.000024,0.000089,0.000073,0.00002,0.000022,,500,,
0,0,,0.998178,0.000011,0.000038,0.001688,0.000064,0.000018,0.000003,,500,,
0,0,,0.999743,0.000029,0.000024,0.000089,0.000073,0.00002,0.000022,,400,,
0,0,,0.999743,0.000029,0.000024,0.000089,0.000073,0.00002,0.000022,,500,,
0,0,,0.999743,0.000029,0.000024,0.000089,0.000073,0.00002,0.000022,,500,,
0,0,,0.999743,0.000029,0.000024,0.000089,0.000073,0.00002,0.000022,,400,,
0,0,,0.999743,0.000029,0.000024,0.000089,0.000073,0.00002,0.000022,,400,,
0,0,,0.999743,0.000029,0.000024,0.000089,0.000073,0.00002,0.000022,,400,,
0,0,,0.999743,0.000029,0.000024,0.000089,0.000073,0.00002,0.000022,,400,,
0,0,,0.998178,0.000011,0.000038,0.001688,0.000064,0.000018,0.000003,,400,,
0,0,,0.999743,0.000029,0.000024,0.000089,0.000073,0.00002,0.000022,,400,,
0,0,,0.999743,0.000029,0.000024,0.000089,0.000073,0.00002,0.000022,,400,,
0,0,,0.995415,0.001074,0.000486,0.00148,0.001088,0.000261,0.000196,,400,,
0,0,,0.999743,0.000029,0.000024,0.000089,0.000073,0.00002,0.000022,,500,,
0,0,,0.999743,0.000029,0.000024,0.000089,0.000073,0.00002,0.000022,,500,,
0,0,,0.999743,0.000029,0.000024,0.000089,0.000073,0.00002,0.000022,,500,,
0,0,,0.995415,0.001074,0.000486,0.00148,0.001088,0.000261,0.000196,,400,,
0,0,,0.995415,0.001074,0.000486,0.00148,0.001088,0.000261,0.000196,,400,,
0,0,,0.999743,0.000029,0.000024,0.000089,0.000073,0.00002,0.000022,,400,,
0,0,,0.999743,0.000029,0.000024,0.000089,0.000073,0.00002,0.000022,,400,,
0,0,,0.995415,0.001074,0.000486,0.00148,0.001088,0.000261,0.000196,,400,,
0,0,,0.999743,0.000029,0.000024,0.000089,0.000073,0.00002,0.000022,,500,,
0,0,,0.999743,0.000029,0.000024,0.000089,0.000073,0.00002,0.000022,,500,,
0,0,,0.999743,0.000029,0.000024,0.000089,0.000073,0.00002,0.000022,,400,,
0,0,,0.999743,0.000029,0.000024,0.000089,0.000073,0.00002,0.000022,,400,,
0,0,,0.995415,0.001074,0.000486,0.00148,0.001088,0.000261,0.000196,,400,,
0,0,,0.999743,0.000029,0.000024,0.000089,0.000073,0.00002,0.000022,,400,,
0,0,,0.995415,0.001074,0.000486,0.00148,0.001088,0.000261,0.000196,,500,,
0,0,,0.999743,0.000029,0.000024,0.000089,0.000073,0.00002,0.000022,,400,,
0,0,,0.999743,0.000029,0.000024,0.000089,0.000073,0.00002,0.000022,,400,,
0,0,,0.999743,0.000029,0.000024,0.000089,0.000073,0.00002,0.000022,,400,,
0,0,,0.995415,0.001074,0.000486,0.00148,0.001088,0.000261,0.000196,,400,,
0,0,,0.999743,0.000029,0.000024,0.000089,0.000073,0.00002,0.000022,,400,,
0,0,,0.999743,0.000029,0.000024,0.000089,0.000073,0.00002,0.000022,,400,,
0,0,,0.999743,0.000029,0.000024,0.000089,0.000073,0.00002,0.000022,,400,,
0,0,,0.999743,0.000029,0.000024,0.000089,0.000073,0.00002,0.000022,,400,,
0,0,,0.999743,0.000029,0.000024,0.000089,0.000073,0.00002,0.000022,,400,,
0,0,,0.995415,0.001074,0.000486,0.00148,0.001088,0.000261,0.000196,,500,,
0,0,,0.999743,0.000029,0.000024,0.000089,0.000073,0.00002,0.000022,,500,,
0,0,,0.999743,0.000029,0.000024,0.000089,0.000073,0.00002,0.000022,,400,,
0,0,,0.999743,0.000029,0.000024,0.000089,0.000073,0.00002,0.000022,,400,,
0,0,,0.995415,0.001074,0.000486,0.00148,0.001088,0.000261,0.000196,,400,,
0,0,,0.995415,0.001074,0.000486,0.00148,0.001088,0.000261,0.000196,,400,,
0,0,,0.995415,0.001074,0.000486,0.00148,0.001088,0.000261,0.000196,,400,,
0,0,,0.995415,0.001074,0.000486,0.00148,0.001088,0.000261,0.000196,,500,,
0,0,,0.995415,0.001074,0.000486,0.00148,0.001088,0.000261,0.000196,,400,,
0,0,,0.998178,0.000011,0.000038,0.001688,0.000064,0.000018,0.000003,,500,,
0,0,,0.999743,0.000029,0.000024,0.000089,0.000073,0.00002,0.000022,,500,,
0,0,,0.995415,0.001074,0.000486,0.00148,0.001088,0.000261,0.000196,,400,,
0,0,,0.999743,0.000029,0.000024,0.000089,0.000073,0.00002,0.000022,,400,,
0,0,,0.999743,0.000029,0.000024,0.000089,0.000073,0.00002,0.000022,,400,,
0,0,,0.999743,0.000029,0.000024,0.000089,0.000073,0.00002,0.000022,,400,,
0,0,,0.995415,0.001074,0.000486,0.00148,0.001088,0.000261,0.000196,,400,,
0,0,,0.999743,0.000029,0.000024,0.000089,0.000073,0.00002,0.000022,,500,,
0,0,,0.999743,0.000029,0.000024,0.000089,0.000073,0.00002,0.000022,,500,,
0,0,,0.999743,0.000029,0.000024,0.000089,0.000073,0.00002,0.000022,,400,,
0,0,,0.999743,0.000029,0.000024,0.000089,0.000073,0.00002,0.000022,,400,,
0,0,,0.999743,0.000029,0.000024,0.000089,0.000073,0.00002,0.000022,,400,,
0,0,,0.998178,0.000011,0.000038,0.001688,0.000064,0.000018,0.000003,,500,,
0,0,,0.999743,0.000029,0.000024,0.000089,0.000073,0.00002,0.000022,,400,,
0,0,,0.998185,0.000051,0.000173,0.001416,0.000081,0.00008,0.000014,,500,,
0,0,,0.999743,0.000029,0.000024,0.000089,0.000073,0.00002,0.000022,,400,,
0,0,,0.995415,0.001074,0.000486,0.00148,0.001088,0.000261,0.000196,,400,,
0,0,,0.999743,0.000029,0.000024,0.000089,0.000073,0.00002,0.000022,,400,,
0,0,,0.999743,0.000029,0.000024,0.000089,0.000073,0.00002,0.000022,,400,,
0,0,,0.999743,0.000029,0.000024,0.000089,0.000073,0.00002,0.000022,,500,,
0,0,,0.998178,0.000011,0.000038,0.001688,0.000064,0.000018,0.000003,,500,,
0,0,,0.999743,0.000029,0.000024,0.000089,0.000073,0.00002,0.000022,,400,,
0,0,,0.999743,0.000029,0.000024,0.000089,0.000073,0.00002,0.000022,,500,,
0,0,,0.999743,0.000029,0.000024,0.000089,0.000073,0.00002,0.000022,,500,,
0,0,,0.995415,0.001074,0.000486,0.00148,0.001088,0.000261,0.000196,,400,,
0,0,,0.999743,0.000029,0.000024,0.000089,0.000073,0.00002,0.000022,,400,,
0,0,,0.999743,0.000029,0.000024,0.000089,0.000073,0.00002,0.000022,,400,,
0,0,,0.999743,0.000029,0.000024,0.000089,0.000073,0.00002,0.000022,,400,,
0,0,,0.999743,0.000029,0.000024,0.000089,0.000073,0.00002,0.000022,,400,,
0,0,,0.999743,0.000029,0.000024,0.000089,0.000073,0.00002,0.000022,,400,,
0,0,,0.995415,0.001074,0.000486,0.00148,0.001088,0.000261,0.000196,,400,,
0,0,,0.999743,0.000029,0.000024,0.000089,0.000073,0.00002,0.000022,,500,,
0,0,,0.999743,0.000029,0.000024,0.000089,0.000073,0.00002,0.000022,,400,,
0,0,,0.998185,0.000051,0.000173,0.001416,0.000081,0.00008,0.000014,,500,,
0,0,,0.999743,0.000029,0.000024,0.000089,0.000073,0.00002,0.000022,,400,,
0,0,,0.995415,0.001074,0.000486,0.00148,0.001088,0.000261,0.000196,,400,,
0,0,,0.999743,0.000029,0.000024,0.000089,0.000073,0.00002,0.000022,,400,,
0,0,,0.998178,0.000011,0.000038,0.001688,0.000064,0.000018,0.000003,,500,,
0,0,,0.999743,0.000029,0.000024,0.000089,0.000073,0.00002,0.000022,,500,,
0,0,,0.995415,0.001074,0.000486,0.00148,0.001088,0.000261,0.000196,,400,,
0,0,,0.995415,0.001074,0.000486,0.00148,0.001088,0.000261,0.000196,,400,,
0,0,,0.998178,0.000011,0.000038,0.001688,0.000064,0.000018,0.000003,,400,,
0,0,,0.998185,0.000051,0.000173,0.001416,0.000081,0.00008,0.000014,,500,,
0,0,,0.999743,0.000029,0.000024,0.000089,0.000073,0.00002,0.000022,,400,,
0,0,,0.999743,0.000029,0.000024,0.000089,0.000073,0.00002,0.000022,,400,,
0,0,,0.998178,0.000011,0.000038,0.001688,0.000064,0.000018,0.000003,,400,,
0,0,,0.999743,0.000029,0.000024,0.000089,0.000073,0.00002,0.000022,,400,,
0,0,,0.999743,0.000029,0.000024,0.000089,0.000073,0.00002,0.000022,,400,,
0,0,,0.999743,0.000029,0.000024,0.000089,0.000073,0.00002,0.000022,,400,,
0,0,,0.999743,0.000029,0.000024,0.000089,0.000073,0.00002,0.000022,,400,,
0,0,,0.998185,0.000051,0.000173,0.001416,0.000081,0.00008,0.000014,,500,,
0,0,,0.999743,0.000029,0.000024,0.000089,0.000073,0.00002,0.000022,,500,,
0,0,,0.998178,0.000011,0.000038,0.001688,0.000064,0.000018,0.000003,,500,,
0,0,,0.999743,0.000029,0.000024,0.000089,0.000073,0.00002,0.000022,,400,,
0,0,,0.995415,0.001074,0.000486,0.00148,0.001088,0.000261,0.000196,,500,,
0,0,,0.999743,0.000029,0.000024,0.000089,0.000073,0.00002,0.000022,,400,,
0,0,,0.999743,0.000029,0.000024,0.000089,0.000073,0.00002,0.000022,,400,,
0,0,,0.998178,0.000011,0.000038,0.001688,0.000064,0.000018,0.000003,,500,,
0,0,,0.995415,0.001074,0.000486,0.00148,0.001088,0.000261,0.000196,,400,,
0,0,,0.999743,0.000029,0.000024,0.000089,0.000073,0.00002,0.000022,,400,,
0,0,,0.999743,0.000029,0.000024,0.000089,0.000073,0.00002,0.000022,,400,,
0,0,,0.999743,0.000029,0.000024,0.000089,0.000073,0.00002,0.000022,,400,,
0,0,,0.999743,0.000029,0.000024,0.000089,0.000073,0.00002,0.000022,,400,,
0,0,,0.999743,0.000029,0.000024,0.000089,0.000073,0.00002,0.000022,,400,,
0,0,,0.999743,0.000029,0.000024,0.000089,0.000073,0.00002,0.000022,,500,,
0,0,,0.999743,0.000029,0.000024,0.000089,0.000073,0.00002,0.000022,,400,,
0,0,,0.995415,0.001074,0.000486,0.00148,0.001088,0.000261,0.000196,,400,,
0,0,,0.995415,0.001074,0.000486,0.00148,0.001088,0.000261,0.000196,,400,,
0,0,,0.995415,0.001074,0.000486,0.00148,0.001088,0.000261,0.000196,,400,,
0,0,,0.999743,0.000029,0.000024,0.000089,0.000073,0.00002,0.000022,,400,,
0,0,,0.999743,0.000029,0.000024,0.000089,0.000073,0.00002,0.000022,,400,,
0,0,,0.998185,0.000051,0.000173,0.001416,0.000081,0.00008,0.000014,,500,,
0,0,,0.999743,0.000029,0.000024,0.000089,0.000073,0.00002,0.000022,,400,,
0,0,,0.998178,0.000011,0.000038,0.001688,0.000064,0.000018,0.000003,,500,,
0,0,,0.999743,0.000029,0.000024,0.000089,0.000073,0.00002,0.000022,,500,,
0,0,,0.999743,0.000029,0.000024,0.000089,0.000073,0.00002,0.000022,,400,,
0,0,,0.999743,0.000029,0.000024,0.000089,0.000073,0.00002,0.000022,,400,,
0,0,,0.998178,0.000011,0.000038,0.001688,0.000064,0.000018,0.000003,,500,,
0,0,,0.998178,0.000011,0.000038,0.001688,0.000064,0.000018,0.000003,,500,,
0,0,,0.999743,0.000029,0.000024,0.000089,0.000073,0.00002,0.000022,,400,,
0,0,,0.999743,0.000029,0.000024,0.000089,0.000073,0.00002,0.000022,,400,,
0,0,,0.999743,0.000029,0.000024,0.000089,0.000073,0.00002,0.000022,,500,,
0,0,,0.999743,0.000029,0.000024,0.000089,0.000073,0.00002,0.000022,,500,,
0,0,,0.999743,0.000029,0.000024,0.000089,0.000073,0.00002,0.000022,,400,,
0,0,,0.999743,0.000029,0.000024,0.000089,0.000073,0.00002,0.000022,,400,,
0,0,,0.999743,0.000029,0.000024,0.000089,0.000073,0.00002,0.000022,,400,,
0,0,,0.999743,0.000029,0.000024,0.000089,0.000073,0.00002,0.000022,,400,,
0,0,,0.995415,0.001074,0.000486,0.00148,0.001088,0.000261,0.000196,,400,,
0,0,,0.999743,0.000029,0.000024,0.000089,0.000073,0.00002,0.000022,,500,,
0,0,,0.999743,0.000029,0.000024,0.000089,0.000073,0.00002,0.000022,,500,,
0,0,,0.995415,0.001074,0.000486,0.00148,0.001088,0.000261,0.000196,,400,,
0,0,,0.995415,0.001074,0.000486,0.00148,0.001088,0.000261,0.000196,,400,,
0,0,,0.995415,0.001074,0.000486,0.00148,0.001088,0.000261,0.000196,,400,,
0,0,,0.998178,0.000011,0.000038,0.001688,0.000064,0.000018,0.000003,,500,,
0,0,,0.999743,0.000029,0.000024,0.000089,0.000073,0.00002,0.000022,,400,,
0,0,,0.999743,0.000029,0.000024,0.000089,0.000073,0.00002,0.000022,,400,,
0,0,,0.998178,0.000011,0.000038,0.001688,0.000064,0.000018,0.000003,,500,,
0,0,,0.998178,0.000011,0.000038,0.001688,0.000064,0.000018,0.000003,,500,,
0,0,,0.999743,0.000029,0.000024,0.000089,0.000073,0.00002,0.000022,,400,,
0,0,,0.995415,0.001074,0.000486,0.00148,0.001088,0.000261,0.000196,,400,,
0,0,,0.999743,0.000029,0.000024,0.000089,0.000073,0.00002,0.000022,,400,,
0,0,,0.999743,0.000029,0.000024,0.000089,0.000073,0.00002,0.000022,,400,,
0,0,,0.995415,0.001074,0.000486,0.00148,0.001088,0.000261,0.000196,,400,,
0,0,,0.999743,0.000029,0.000024,0.000089,0.000073,0.00002,0.000022,,400,,
0,0,,0.999743,0.000029,0.000024,0.000089,0.000073,0.00002,0.000022,,400,,
0,0,,0.999743,0.000029,0.000024,0.000089,0.000073,0.00002,0.000022,,500,,
0,0,,0.999743,0.000029,0.000024,0.000089,0.000073,0.00002,0.000022,,400,,
0,0,,0.995415,0.001074,0.000486,0.00148,0.001088,0.000261,0.000196,,400,,
0,0,,0.999743,0.000029,0.000024,0.000089,0.000073,0.00002,0.000022,,400,,
0,0,,0.999743,0.000029,0.000024,0.000089,0.000073,0.00002,0.000022,,400,,
0,0,,0.998185,0.000051,0.000173,0.001416,0.000081,0.00008,0.000014,,400,,
0,0,,0.995415,0.001074,0.000486,0.00148,0.001088,0.000261,0.000196,,400,,
0,0,,0.999743,0.000029,0.000024,0.000089,0.000073,0.00002,0.000022,,400,,
0,0,,0.995415,0.001074,0.000486,0.00148,0.001088,0.000261,0.000196,,400,,
0,0,,0.999743,0.000029,0.000024,0.000089,0.000073,0.00002,0.000022,,500,,
0,0,,0.999743,0.000029,0.000024,0.000089,0.000073,0.00002,0.000022,,500,,
0,0,,0.998178,0.000011,0.000038,0.001688,0.000064,0.000018,0.000003,,500,,
0,0,,0.999743,0.000029,0.000024,0.000089,0.000073,0.00002,0.000022,,400,,
0,0,,0.999743,0.000029,0.000024,0.000089,0.000073,0.00002,0.000022,,500,,
0,0,,0.995415,0.001074,0.000486,0.00148,0.001088,0.000261,0.000196,,400,,
0,0,,0.999743,0.000029,0.000024,0.000089,0.000073,0.00002,0.000022,,400,,
0,0,,0.999743,0.000029,0.000024,0.000089,0.000073,0.00002,0.000022,,400,,
0,0,,0.998178,0.000011,0.000038,0.001688,0.000064,0.000018,0.000003,,500,,
0,0,,0.999743,0.000029,0.000024,0.000089,0.000073,0.00002,0.000022,,400,,
0,0,,0.999743,0.000029,0.000024,0.000089,0.000073,0.00002,0.000022,,400,,
0,0,,0.998178,0.000011,0.000038,0.001688,0.000064,0.000018,0.000003,,500,,
0,0,,0.999743,0.000029,0.000024,0.000089,0.000073,0.00002,0.000022,,500,,
0,0,,0.998178,0.000011,0.000038,0.001688,0.000064,0.000018,0.000003,,500,,
0,0,,0.999743,0.000029,0.000024,0.000089,0.000073,0.00002,0.000022,,400,,
0,0,,0.999743,0.000029,0.000024,0.000089,0.000073,0.00002,0.000022,,400,,
0,0,,0.999743,0.000029,0.000024,0.000089,0.000073,0.00002,0.000022,,500,,
0,0,,0.995415,0.001074,0.000486,0.00148,0.001088,0.000261,0.000196,,400,,
0,0,,0.999743,0.000029,0.000024,0.000089,0.000073,0.00002,0.000022,,400,,
0,0,,0.995415,0.001074,0.000486,0.00148,0.001088,0.000261,0.000196,,400,,
0,0,,0.995415,0.001074,0.000486,0.00148,0.001088,0.000261,0.000196,,500,,
0,0,,0.995415,0.001074,0.000486,0.00148,0.001088,0.000261,0.000196,,400,,
0,0,,0.999743,0.000029,0.000024,0.000089,0.000073,0.00002,0.000022,,400,,
0,0,,0.999743,0.000029,0.000024,0.000089,0.000073,0.00002,0.000022,,400,,
0,0,,0.998178,0.000011,0.000038,0.001688,0.000064,0.000018,0.000003,,500,,
0,0,,0.999743,0.000029,0.000024,0.000089,0.000073,0.00002,0.000022,,500,,
0,0,,0.995415,0.001074,0.000486,0.00148,0.001088,0.000261,0.000196,,400,,
0,0,,0.999743,0.000029,0.000024,0.000089,0.000073,0.00002,0.000022,,400,,
0,0,,0.999743,0.000029,0.000024,0.000089,0.000073,0.00002,0.000022,,400,,
0,0,,0.999743,0.000029,0.000024,0.000089,0.000073,0.00002,0.000022,,400,,
0,0,,0.998178,0.000011,0.000038,0.001688,0.000064,0.000018,0.000003,,400,,
0,0,,0.999743,0.000029,0.000024,0.000089,0.000073,0.00002,0.000022,,400,,
0,0,,0.995415,0.001074,0.000486,0.00148,0.001088,0.000261,0.000196,,400,,
0,0,,0.999743,0.000029,0.000024,0.000089,0.000073,0.00002,0.000022,,400,,
0,0,,0.999743,0.000029,0.000024,0.000089,0.000073,0.00002,0.000022,,400,,
0,0,,0.999743,0.000029,0.000024,0.000089,0.000073,0.00002,0.000022,,400,,
0,0,,0.999743,0.000029,0.000024,0.000089,0.000073,0.00002,0.000022,,400,,
0,0,,0.998178,0.000011,0.000038,0.001688,0.000064,0.000018,0.000003,,400,,
0,0,,0.999743,0.000029,0.000024,0.000089,0.000073,0.00002,0.000022,,400,,
0,0,,0.999743,0.000029,0.000024,0.000089,0.000073,0.00002,0.000022,,500,,
0,0,,0.999743,0.000029,0.000024,0.000089,0.000073,0.00002,0.000022,,400,,
0,0,,0.999743,0.000029,0.000024,0.000089,0.000073,0.00002,0.000022,,400,,
0,0,,0.999743,0.000029,0.000024,0.000089,0.000073,0.00002,0.000022,,500,,
0,0,,0.999743,0.000029,0.000024,0.000089,0.000073,0.00002,0.000022,,400,,
0,0,,0.999743,0.000029,0.000024,0.000089,0.000073,0.00002,0.000022,,400,,
0,0,,0.998185,0.000051,0.000173,0.001416,0.000081,0.00008,0.000014,,400,,
0,0,,0.998185,0.000051,0.000173,0.001416,0.000081,0.00008,0.000014,,400,,
0,0,,0.999743,0.000029,0.000024,0.000089,0.000073,0.00002,0.000022,,400,,
0,0,,0.999743,0.000029,0.000024,0.000089,0.000073,0.00002,0.000022,,400,,
0,0,,0.999743,0.000029,0.000024,0.000089,0.000073,0.00002,0.000022,,400,,
0,0,,0.999743,0.000029,0.000024,0.000089,0.000073,0.00002,0.000022,,500,,
0,0,,0.998178,0.000011,0.000038,0.001688,0.000064,0.000018,0.000003,,500,,
0,0,,0.999743,0.000029,0.000024,0.000089,0.000073,0.00002,0.000022,,400,,
0,0,,0.999743,0.000029,0.000024,0.000089,0.000073,0.00002,0.000022,,400,,
0,0,,0.995415,0.001074,0.000486,0.00148,0.001088,0.000261,0.000196,,500,,
0,0,,0.999743,0.000029,0.000024,0.000089,0.000073,0.00002,0.000022,,500,,
0,0,,0.995415,0.001074,0.000486,0.00148,0.001088,0.000261,0.000196,,400,,
0,0,,0.999743,0.000029,0.000024,0.000089,0.000073,0.00002,0.000022,,400,,
0,0,,0.998178,0.000011,0.000038,0.001688,0.000064,0.000018,0.000003,,500,,
0,0,,0.995415,0.001074,0.000486,0.00148,0.001088,0.000261,0.000196,,500,,
0,0,,0.995415,0.001074,0.000486,0.00148,0.001088,0.000261,0.000196,,400,,
0,0,,0.995415,0.001074,0.000486,0.00148,0.001088,0.000261,0.000196,,400,,
0,0,,0.999743,0.000029,0.000024,0.000089,0.000073,0.00002,0.000022,,400,,
0,0,,0.999743,0.000029,0.000024,0.000089,0.000073,0.00002,0.000022,,400,,
0,0,,0.999743,0.000029,0.000024,0.000089,0.000073,0.00002,0.000022,,400,,
0,0,,0.999743,0.000029,0.000024,0.000089,0.000073,0.00002,0.000022,,400,,
0,0,,0.999743,0.000029,0.000024,0.000089,0.000073,0.00002,0.000022,,400,,
0,0,,0.995415,0.001074,0.000486,0.00148,0.001088,0.000261,0.000196,,400,,
0,0,,0.999743,0.000029,0.000024,0.000089,0.000073,0.00002,0.000022,,400,,
0,0,,0.999743,0.000029,0.000024,0.000089,0.000073,0.00002,0.000022,,500,,
0,0,,0.999743,0.000029,0.000024,0.000089,0.000073,0.00002,0.000022,,500,,
0,0,,0.999743,0.000029,0.000024,0.000089,0.000073,0.00002,0.000022,,500,,
0,0,,0.999743,0.000029,0.000024,0.000089,0.000073,0.00002,0.000022,,400,,
0,0,,0.999743,0.000029,0.000024,0.000089,0.000073,0.00002,0.000022,,400,,
0,0,,0.999743,0.000029,0.000024,0.000089,0.000073,0.00002,0.000022,,400,,
0,0,,0.995415,0.001074,0.000486,0.00148,0.001088,0.000261,0.000196,,400,,
0,0,,0.999743,0.000029,0.000024,0.000089,0.000073,0.00002,0.000022,,400,,
0,0,,0.999743,0.000029,0.000024,0.000089,0.000073,0.00002,0.000022,,400,,
0,0,,0.995415,0.001074,0.000486,0.00148,0.001088,0.000261,0.000196,,500,,
0,0,,0.999743,0.000029,0.000024,0.000089,0.000073,0.00002,0.000022,,500,,
0,0,,0.999743,0.000029,0.000024,0.000089,0.000073,0.00002,0.000022,,500,,
0,0,,0.995415,0.001074,0.000486,0.00148,0.001088,0.000261,0.000196,,400,,
0,0,,0.998178,0.000011,0.000038,0.001688,0.000064,0.000018,0.000003,,500,,
0,0,,0.995415,0.001074,0.000486,0.00148,0.001088,0.000261,0.000196,,500,,
0,0,,0.999743,0.000029,0.000024,0.000089,0.000073,0.00002,0.000022,,400,,
0,0,,0.999743,0.000029,0.000024,0.000089,0.000073,0.00002,0.000022,,400,,
0,0,,0.995415,0.001074,0.000486,0.00148,0.001088,0.000261,0.000196,,400,,
0,0,,0.999743,0.000029,0.000024,0.000089,0.000073,0.00002,0.000022,,400,,
0,0,,0.999743,0.000029,0.000024,0.000089,0.000073,0.00002,0.000022,,400,,
0,0,,0.999743,0.000029,0.000024,0.000089,0.000073,0.00002,0.000022,,500,,
0,0,,0.995415,0.001074,0.000486,0.00148,0.001088,0.000261,0.000196,,400,,
0,0,,0.998178,0.000011,0.000038,0.001688,0.000064,0.000018,0.000003,,500,,
0,0,,0.999743,0.000029,0.000024,0.000089,0.000073,0.00002,0.000022,,500,,
0,0,,0.995415,0.001074,0.000486,0.00148,0.001088,0.000261,0.000196,,500,,
0,0,,0.999743,0.000029,0.000024,0.000089,0.000073,0.00002,0.000022,,400,,
0,0,,0.999743,0.000029,0.000024,0.000089,0.000073,0.00002,0.000022,,400,,
0,0,,0.999743,0.000029,0.000024,0.000089,0.000073,0.00002,0.000022,,400,,
0,0,,0.995415,0.001074,0.000486,0.00148,0.001088,0.000261,0.000196,,400,,
0,0,,0.995415,0.001074,0.000486,0.00148,0.001088,0.000261,0.000196,,400,,
0,0,,0.995415,0.001074,0.000486,0.00148,0.001088,0.000261,0.000196,,500,,
0,0,,0.999743,0.000029,0.000024,0.000089,0.000073,0.00002,0.000022,,500,,
0,0,,0.999743,0.000029,0.000024,0.000089,0.000073,0.00002,0.000022,,400,,
0,0,,0.998178,0.000011,0.000038,0.001688,0.000064,0.000018,0.000003,,500,,
0,0,,0.999743,0.000029,0.000024,0.000089,0.000073,0.00002,0.000022,,500,,
0,0,,0.999743,0.000029,0.000024,0.000089,0.000073,0.00002,0.000022,,500,,
0,0,,0.999743,0.000029,0.000024,0.000089,0.000073,0.00002,0.000022,,500,,
0,0,,0.995415,0.001074,0.000486,0.00148,0.001088,0.000261,0.000196,,400,,
0,0,,0.999743,0.000029,0.000024,0.000089,0.000073,0.00002,0.000022,,400,,
0,0,,0.999743,0.000029,0.000024,0.000089,0.000073,0.00002,0.000022,,400,,
0,0,,0.999743,0.000029,0.000024,0.000089,0.000073,0.00002,0.000022,,400,,
0,0,,0.999743,0.000029,0.000024,0.000089,0.000073,0.00002,0.000022,,400,,
0,0,,0.999743,0.000029,0.000024,0.000089,0.000073,0.00002,0.000022,,500,,
0,0,,0.998178,0.000011,0.000038,0.001688,0.000064,0.000018,0.000003,,500,,
0,0,,0.999743,0.000029,0.000024,0.000089,0.000073,0.00002,0.000022,,400,,
0,0,,0.999743,0.000029,0.000024,0.000089,0.000073,0.00002,0.000022,,400,,
0,0,,0.995415,0.001074,0.000486,0.00148,0.001088,0.000261,0.000196,,400,,
0,0,,0.995415,0.001074,0.000486,0.00148,0.001088,0.000261,0.000196,,500,,
0,0,,0.995415,0.001074,0.000486,0.00148,0.001088,0.000261,0.000196,,500,,
0,0,,0.995415,0.001074,0.000486,0.00148,0.001088,0.000261,0.000196,,400,,
0,0,,0.998178,0.000011,0.000038,0.001688,0.000064,0.000018,0.000003,,500,,
0,0,,0.995415,0.001074,0.000486,0.00148,0.001088,0.000261,0.000196,,500,,
0,0,,0.995415,0.001074,0.000486,0.00148,0.001088,0.000261,0.000196,,500,,
0,0,,0.998178,0.000011,0.000038,0.001688,0.000064,0.000018,0.000003,,500,,
0,0,,0.995415,0.001074,0.000486,0.00148,0.001088,0.000261,0.000196,,400,,
0,0,,0.998185,0.000051,0.000173,0.001416,0.000081,0.00008,0.000014,,500,,
0,0,,0.999743,0.000029,0.000024,0.000089,0.000073,0.00002,0.000022,,400,,
0,0,,0.995415,0.001074,0.000486,0.00148,0.001088,0.000261,0.000196,,400,,
0,0,,0.999743,0.000029,0.000024,0.000089,0.000073,0.00002,0.000022,,500,,
0,0,,0.999743,0.000029,0.000024,0.000089,0.000073,0.00002,0.000022,,500,,
0,0,,0.999743,0.000029,0.000024,0.000089,0.000073,0.00002,0.000022,,400,,
0,0,,0.995415,0.001074,0.000486,0.00148,0.001088,0.000261,0.000196,,400,,
0,0,,0.999743,0.000029,0.000024,0.000089,0.000073,0.00002,0.000022,,400,,
0,0,,0.999743,0.000029,0.000024,0.000089,0.000073,0.00002,0.000022,,400,,
0,0,,0.998178,0.000011,0.000038,0.001688,0.000064,0.000018,0.000003,,400,,
0,0,,0.995415,0.001074,0.000486,0.00148,0.001088,0.000261,0.000196,,400,,
0,0,,0.995415,0.001074,0.000486,0.00148,0.001088,0.000261,0.000196,,400,,
0,0,,0.998178,0.000011,0.000038,0.001688,0.000064,0.000018,0.000003,,500,,
0,0,,0.999743,0.000029,0.000024,0.000089,0.000073,0.00002,0.000022,,400,,
0,0,,0.998178,0.000011,0.000038,0.001688,0.000064,0.000018,0.000003,,500,,
0,0,,0.998178,0.000011,0.000038,0.001688,0.000064,0.000018,0.000003,,500,,
0,0,,0.999743,0.000029,0.000024,0.000089,0.000073,0.00002,0.000022,,400,,
0,0,,0.999743,0.000029,0.000024,0.000089,0.000073,0.00002,0.000022,,400,,
0,0,,0.995415,0.001074,0.000486,0.00148,0.001088,0.000261,0.000196,,400,,
0,0,,0.999743,0.000029,0.000024,0.000089,0.000073,0.00002,0.000022,,500,,
0,0,,0.999743,0.000029,0.000024,0.000089,0.000073,0.00002,0.000022,,500,,
0,0,,0.999743,0.000029,0.000024,0.000089,0.000073,0.00002,0.000022,,400,,
0,0,,0.998185,0.000051,0.000173,0.001416,0.000081,0.00008,0.000014,,500,,
0,0,,0.995415,0.001074,0.000486,0.00148,0.001088,0.000261,0.000196,,400,,
0,0,,0.995415,0.001074,0.000486,0.00148,0.001088,0.000261,0.000196,,400,,
0,0,,0.999743,0.000029,0.000024,0.000089,0.000073,0.00002,0.000022,,400,,
0,0,,0.998185,0.000051,0.000173,0.001416,0.000081,0.00008,0.000014,,400,,
0,0,,0.999743,0.000029,0.000024,0.000089,0.000073,0.00002,0.000022,,400,,
0,0,,0.999743,0.000029,0.000024,0.000089,0.000073,0.00002,0.000022,,400,,
0,0,,0.998178,0.000011,0.000038,0.001688,0.000064,0.000018,0.000003,,400,,
0,0,,0.999743,0.000029,0.000024,0.000089,0.000073,0.00002,0.000022,,400,,
0,0,,0.999743,0.000029,0.000024,0.000089,0.000073,0.00002,0.000022,,400,,
0,0,,0.998185,0.000051,0.000173,0.001416,0.000081,0.00008,0.000014,,400,,
0,0,,0.995415,0.001074,0.000486,0.00148,0.001088,0.000261,0.000196,,400,,
0,0,,0.999743,0.000029,0.000024,0.000089,0.000073,0.00002,0.000022,,500,,
0,0,,0.995415,0.001074,0.000486,0.00148,0.001088,0.000261,0.000196,,500,,
0,0,,0.999743,0.000029,0.000024,0.000089,0.000073,0.00002,0.000022,,400,,
0,0,,0.995415,0.001074,0.000486,0.00148,0.001088,0.000261,0.000196,,400,,
0,0,,0.999743,0.000029,0.000024,0.000089,0.000073,0.00002,0.000022,,400,,
0,0,,0.999743,0.000029,0.000024,0.000089,0.000073,0.00002,0.000022,,400,,
0,0,,0.995415,0.001074,0.000486,0.00148,0.001088,0.000261,0.000196,,400,,
0,0,,0.999743,0.000029,0.000024,0.000089,0.000073,0.00002,0.000022,,400,,
0,0,,0.995415,0.001074,0.000486,0.00148,0.001088,0.000261,0.000196,,400,,
0,0,,0.998178,0.000011,0.000038,0.001688,0.000064,0.000018,0.000003,,500,,
0,0,,0.999743,0.000029,0.000024,0.000089,0.000073,0.00002,0.000022,,400,,
0,0,,0.995415,0.001074,0.000486,0.00148,0.001088,0.000261,0.000196,,400,,
0,0,,0.999743,0.000029,0.000024,0.000089,0.000073,0.00002,0.000022,,400,,
0,0,,0.998185,0.000051,0.000173,0.001416,0.000081,0.00008,0.000014,,400,,
0,0,,0.999743,0.000029,0.000024,0.000089,0.000073,0.00002,0.000022,,400,,
0,0,,0.999743,0.000029,0.000024,0.000089,0.000073,0.00002,0.000022,,400,,
0,0,,0.999743,0.000029,0.000024,0.000089,0.000073,0.00002,0.000022,,400,,
0,0,,0.999743,0.000029,0.000024,0.000089,0.000073,0.00002,0.000022,,500,,
0,0,,0.995415,0.001074,0.000486,0.00148,0.001088,0.000261,0.000196,,500,,
0,0,,0.999743,0.000029,0.000024,0.000089,0.000073,0.00002,0.000022,,400,,
0,0,,0.995415,0.001074,0.000486,0.00148,0.001088,0.000261,0.000196,,400,,
0,0,,0.999743,0.000029,0.000024,0.000089,0.000073,0.00002,0.000022,,400,,
0,0,,0.995415,0.001074,0.000486,0.00148,0.001088,0.000261,0.000196,,400,,
0,0,,0.999743,0.000029,0.000024,0.000089,0.000073,0.00002,0.000022,,400,,
0,0,,0.995415,0.001074,0.000486,0.00148,0.001088,0.000261,0.000196,,500,,
0,0,,0.999743,0.000029,0.000024,0.000089,0.000073,0.00002,0.000022,,500,,
0,0,,0.995415,0.001074,0.000486,0.00148,0.001088,0.000261,0.000196,,400,,
0,0,,0.999743,0.000029,0.000024,0.000089,0.000073,0.00002,0.000022,,400,,
0,0,,0.999743,0.000029,0.000024,0.000089,0.000073,0.00002,0.000022,,400,,
0,0,,0.995415,0.001074,0.000486,0.00148,0.001088,0.000261,0.000196,,400,,
0,0,,0.999743,0.000029,0.000024,0.000089,0.000073,0.00002,0.000022,,400,,
0,0,,0.999743,0.000029,0.000024,0.000089,0.000073,0.00002,0.000022,,500,,
0,0,,0.999743,0.000029,0.000024,0.000089,0.000073,0.00002,0.000022,,500,,
0,0,,0.999743,0.000029,0.000024,0.000089,0.000073,0.00002,0.000022,,400,,
0,0,,0.999743,0.000029,0.000024,0.000089,0.000073,0.00002,0.000022,,400,,
0,0,,0.995415,0.001074,0.000486,0.00148,0.001088,0.000261,0.000196,,400,,
0,0,,0.995415,0.001074,0.000486,0.00148,0.001088,0.000261,0.000196,,400,,
0,0,,0.999743,0.000029,0.000024,0.000089,0.000073,0.00002,0.000022,,400,,
0,0,,0.995415,0.001074,0.000486,0.00148,0.001088,0.000261,0.000196,,400,,
0,0,,0.995415,0.001074,0.000486,0.00148,0.001088,0.000261,0.000196,,500,,
0,0,,0.995415,0.001074,0.000486,0.00148,0.001088,0.000261,0.000196,,400,,
0,0,,0.999743,0.000029,0.000024,0.000089,0.000073,0.00002,0.000022,,400,,
0,0,,0.995415,0.001074,0.000486,0.00148,0.001088,0.000261,0.000196,,400,,
0,0,,0.998178,0.000011,0.000038,0.001688,0.000064,0.000018,0.000003,,500,,
0,0,,0.999743,0.000029,0.000024,0.000089,0.000073,0.00002,0.000022,,400,,
0,0,,0.999743,0.000029,0.000024,0.000089,0.000073,0.00002,0.000022,,400,,
0,0,,0.999743,0.000029,0.000024,0.000089,0.000073,0.00002,0.000022,,400,,
0,0,,0.998185,0.000051,0.000173,0.001416,0.000081,0.00008,0.000014,,400,,
0,0,,0.999743,0.000029,0.000024,0.000089,0.000073,0.00002,0.000022,,400,,
0,0,,0.999743,0.000029,0.000024,0.000089,0.000073,0.00002,0.000022,,400,,
0,0,,0.999743,0.000029,0.000024,0.000089,0.000073,0.00002,0.000022,,500,,
0,0,,0.999743,0.000029,0.000024,0.000089,0.000073,0.00002,0.000022,,500,,
0,0,,0.999743,0.000029,0.000024,0.000089,0.000073,0.00002,0.000022,,400,,
0,0,,0.999743,0.000029,0.000024,0.000089,0.000073,0.00002,0.000022,,400,,
0,0,,0.999743,0.000029,0.000024,0.000089,0.000073,0.00002,0.000022,,400,,
0,0,,0.999743,0.000029,0.000024,0.000089,0.000073,0.00002,0.000022,,400,,
0,0,,0.999743,0.000029,0.000024,0.000089,0.000073,0.00002,0.000022,,400,,
0,0,,0.999743,0.000029,0.000024,0.000089,0.000073,0.00002,0.000022,,500,,
0,0,,0.995415,0.001074,0.000486,0.00148,0.001088,0.000261,0.000196,,500,,
0,0,,0.999743,0.000029,0.000024,0.000089,0.000073,0.00002,0.000022,,400,,
0,0,,0.995415,0.001074,0.000486,0.00148,0.001088,0.000261,0.000196,,400,,
0,0,,0.995415,0.001074,0.000486,0.00148,0.001088,0.000261,0.000196,,400,,
0,0,,0.995415,0.001074,0.000486,0.00148,0.001088,0.000261,0.000196,,400,,
0,0,,0.998178,0.000011,0.000038,0.001688,0.000064,0.000018,0.000003,,400,,
0,0,,0.995415,0.001074,0.000486,0.00148,0.001088,0.000261,0.000196,,500,,
0,0,,0.998185,0.000051,0.000173,0.001416,0.000081,0.00008,0.000014,,400,,
0,0,,0.999743,0.000029,0.000024,0.000089,0.000073,0.00002,0.000022,,400,,
0,0,,0.999743,0.000029,0.000024,0.000089,0.000073,0.00002,0.000022,,500,,
0,0,,0.998185,0.000051,0.000173,0.001416,0.000081,0.00008,0.000014,,500,,
0,0,,0.998178,0.000011,0.000038,0.001688,0.000064,0.000018,0.000003,,500,,
0,0,,0.999743,0.000029,0.000024,0.000089,0.000073,0.00002,0.000022,,400,,
0,0,,0.999743,0.000029,0.000024,0.000089,0.000073,0.00002,0.000022,,400,,
0,0,,0.998178,0.000011,0.000038,0.001688,0.000064,0.000018,0.000003,,500,,
0,0,,0.999743,0.000029,0.000024,0.000089,0.000073,0.00002,0.000022,,400,,
0,0,,0.999743,0.000029,0.000024,0.000089,0.000073,0.00002,0.000022,,400,,
0,0,,0.999743,0.000029,0.000024,0.000089,0.000073,0.00002,0.000022,,400,,
0,0,,0.999743,0.000029,0.000024,0.000089,0.000073,0.00002,0.000022,,400,,
0,0,,0.998178,0.000011,0.000038,0.001688,0.000064,0.000018,0.000003,,400,,
0,0,,0.998185,0.000051,0.000173,0.001416,0.000081,0.00008,0.000014,,400,,
0,0,,0.995415,0.001074,0.000486,0.00148,0.001088,0.000261,0.000196,,400,,
0,0,,0.995415,0.001074,0.000486,0.00148,0.001088,0.000261,0.000196,,500,,
0,0,,0.999743,0.000029,0.000024,0.000089,0.000073,0.00002,0.000022,,400,,
0,0,,0.998185,0.000051,0.000173,0.001416,0.000081,0.00008,0.000014,,500,,
0,0,,0.999743,0.000029,0.000024,0.000089,0.000073,0.00002,0.000022,,400,,
0,0,,0.999743,0.000029,0.000024,0.000089,0.000073,0.00002,0.000022,,400,,
0,0,,0.999743,0.000029,0.000024,0.000089,0.000073,0.00002,0.000022,,400,,
0,0,,0.995415,0.001074,0.000486,0.00148,0.001088,0.000261,0.000196,,400,,
0,0,,0.995415,0.001074,0.000486,0.00148,0.001088,0.000261,0.000196,,500,,
0,0,,0.999743,0.000029,0.000024,0.000089,0.000073,0.00002,0.000022,,400,,
0,0,,0.999743,0.000029,0.000024,0.000089,0.000073,0.00002,0.000022,,400,,
0,0,,0.999743,0.000029,0.000024,0.000089,0.000073,0.00002,0.000022,,400,,
0,0,,0.995415,0.001074,0.000486,0.00148,0.001088,0.000261,0.000196,,400,,
0,0,,0.995415,0.001074,0.000486,0.00148,0.001088,0.000261,0.000196,,400,,
0,0,,0.998178,0.000011,0.000038,0.001688,0.000064,0.000018,0.000003,,400,,
0,0,,0.999743,0.000029,0.000024,0.000089,0.000073,0.00002,0.000022,,400,,
0,0,,0.999743,0.000029,0.000024,0.000089,0.000073,0.00002,0.000022,,400,,
0,0,,0.999743,0.000029,0.000024,0.000089,0.000073,0.00002,0.000022,,400,,
0,0,,0.999743,0.000029,0.000024,0.000089,0.000073,0.00002,0.000022,,500,,
0,0,,0.995415,0.001074,0.000486,0.00148,0.001088,0.000261,0.000196,,400,,
0,0,,0.999743,0.000029,0.000024,0.000089,0.000073,0.00002,0.000022,,400,,
0,0,,0.998185,0.000051,0.000173,0.001416,0.000081,0.00008,0.000014,,500,,
0,0,,0.999743,0.000029,0.000024,0.000089,0.000073,0.00002,0.000022,,500,,
0,0,,0.999743,0.000029,0.000024,0.000089,0.000073,0.00002,0.000022,,400,,
0,0,,0.995415,0.001074,0.000486,0.00148,0.001088,0.000261,0.000196,,400,,
0,0,,0.999743,0.000029,0.000024,0.000089,0.000073,0.00002,0.000022,,400,,
0,0,,0.999743,0.000029,0.000024,0.000089,0.000073,0.00002,0.000022,,400,,
0,0,,0.999743,0.000029,0.000024,0.000089,0.000073,0.00002,0.000022,,400,,
0,0,,0.999743,0.000029,0.000024,0.000089,0.000073,0.00002,0.000022,,500,,
0,0,,0.999743,0.000029,0.000024,0.000089,0.000073,0.00002,0.000022,,500,,
0,0,,0.995415,0.001074,0.000486,0.00148,0.001088,0.000261,0.000196,,400,,
0,0,,0.998178,0.000011,0.000038,0.001688,0.000064,0.000018,0.000003,,400,,
0,0,,0.999743,0.000029,0.000024,0.000089,0.000073,0.00002,0.000022,,400,,
0,0,,0.999743,0.000029,0.000024,0.000089,0.000073,0.00002,0.000022,,400,,
0,0,,0.999743,0.000029,0.000024,0.000089,0.000073,0.00002,0.000022,,400,,
0,0,,0.998178,0.000011,0.000038,0.001688,0.000064,0.000018,0.000003,,400,,
0,0,,0.999743,0.000029,0.000024,0.000089,0.000073,0.00002,0.000022,,400,,
0,0,,0.999743,0.000029,0.000024,0.000089,0.000073,0.00002,0.000022,,400,,
0,0,,0.999743,0.000029,0.000024,0.000089,0.000073,0.00002,0.000022,,400,,
0,0,,0.998185,0.000051,0.000173,0.001416,0.000081,0.00008,0.000014,,500,,
0,0,,0.998178,0.000011,0.000038,0.001688,0.000064,0.000018,0.000003,,400,,
0,0,,0.999743,0.000029,0.000024,0.000089,0.000073,0.00002,0.000022,,400,,
0,0,,0.998178,0.000011,0.000038,0.001688,0.000064,0.000018,0.000003,,500,,
0,0,,0.999743,0.000029,0.000024,0.000089,0.000073,0.00002,0.000022,,500,,
0,0,,0.999743,0.000029,0.000024,0.000089,0.000073,0.00002,0.000022,,400,,
0,0,,0.999743,0.000029,0.000024,0.000089,0.000073,0.00002,0.000022,,400,,
0,0,,0.995415,0.001074,0.000486,0.00148,0.001088,0.000261,0.000196,,400,,
0,0,,0.999743,0.000029,0.000024,0.000089,0.000073,0.00002,0.000022,,400,,
0,0,,0.998178,0.000011,0.000038,0.001688,0.000064,0.000018,0.000003,,500,,
0,0,,0.999743,0.000029,0.000024,0.000089,0.000073,0.00002,0.000022,,400,,
0,0,,0.999743,0.000029,0.000024,0.000089,0.000073,0.00002,0.000022,,400,,
0,0,,0.999743,0.000029,0.000024,0.000089,0.000073,0.00002,0.000022,,400,,
0,0,,0.999743,0.000029,0.000024,0.000089,0.000073,0.00002,0.000022,,400,,
0,0,,0.998178,0.000011,0.000038,0.001688,0.000064,0.000018,0.000003,,400,,
0,0,,0.995415,0.001074,0.000486,0.00148,0.001088,0.000261,0.000196,,400,,
0,0,,0.999743,0.000029,0.000024,0.000089,0.000073,0.00002,0.000022,,400,,
0,0,,0.995415,0.001074,0.000486,0.00148,0.001088,0.000261,0.000196,,400,,
0,0,,0.999743,0.000029,0.000024,0.000089,0.000073,0.00002,0.000022,,400,,
0,0,,0.999743,0.000029,0.000024,0.000089,0.000073,0.00002,0.000022,,500,,
0,0,,0.995415,0.001074,0.000486,0.00148,0.001088,0.000261,0.000196,,400,,
0,0,,0.998185,0.000051,0.000173,0.001416,0.000081,0.00008,0.000014,,500,,
0,0,,0.998178,0.000011,0.000038,0.001688,0.000064,0.000018,0.000003,,500,,
0,0,,0.999743,0.000029,0.000024,0.000089,0.000073,0.00002,0.000022,,400,,
0,0,,0.999743,0.000029,0.000024,0.000089,0.000073,0.00002,0.000022,,500,,
0,0,,0.999743,0.000029,0.000024,0.000089,0.000073,0.00002,0.000022,,400,,
0,0,,0.999743,0.000029,0.000024,0.000089,0.000073,0.00002,0.000022,,400,,
0,0,,0.999743,0.000029,0.000024,0.000089,0.000073,0.00002,0.000022,,400,,
0,0,,0.995415,0.001074,0.000486,0.00148,0.001088,0.000261,0.000196,,400,,
0,0,,0.995415,0.001074,0.000486,0.00148,0.001088,0.000261,0.000196,,400,,
0,0,,0.999743,0.000029,0.000024,0.000089,0.000073,0.00002,0.000022,,400,,
0,0,,0.999743,0.000029,0.000024,0.000089,0.000073,0.00002,0.000022,,400,,
0,0,,0.998178,0.000011,0.000038,0.001688,0.000064,0.000018,0.000003,,500,,
0,0,,0.999743,0.000029,0.000024,0.000089,0.000073,0.00002,0.000022,,400,,
0,0,,0.999743,0.000029,0.000024,0.000089,0.000073,0.00002,0.000022,,400,,
0,0,,0.995415,0.001074,0.000486,0.00148,0.001088,0.000261,0.000196,,500,,
0,0,,0.995415,0.001074,0.000486,0.00148,0.001088,0.000261,0.000196,,500,,
0,0,,0.999743,0.000029,0.000024,0.000089,0.000073,0.00002,0.000022,,500,,
0,0,,0.999743,0.000029,0.000024,0.000089,0.000073,0.00002,0.000022,,400,,
0,0,,0.995415,0.001074,0.000486,0.00148,0.001088,0.000261,0.000196,,400,,
0,0,,0.999743,0.000029,0.000024,0.000089,0.000073,0.00002,0.000022,,400,,
0,0,,0.999743,0.000029,0.000024,0.000089,0.000073,0.00002,0.000022,,400,,
0,0,,0.999743,0.000029,0.000024,0.000089,0.000073,0.00002,0.000022,,400,,
0,0,,0.999743,0.000029,0.000024,0.000089,0.000073,0.00002,0.000022,,400,,
0,0,,0.998185,0.000051,0.000173,0.001416,0.000081,0.00008,0.000014,,500,,
0,0,,0.995415,0.001074,0.000486,0.00148,0.001088,0.000261,0.000196,,400,,
0,0,,0.999743,0.000029,0.000024,0.000089,0.000073,0.00002,0.000022,,500,,
0,0,,0.999743,0.000029,0.000024,0.000089,0.000073,0.00002,0.000022,,400,,
0,0,,0.999743,0.000029,0.000024,0.000089,0.000073,0.00002,0.000022,,500,,
0,0,,0.995415,0.001074,0.000486,0.00148,0.001088,0.000261,0.000196,,400,,
0,0,,0.999743,0.000029,0.000024,0.000089,0.000073,0.00002,0.000022,,400,,
0,0,,0.999743,0.000029,0.000024,0.000089,0.000073,0.00002,0.000022,,400,,
0,0,,0.998185,0.000051,0.000173,0.001416,0.000081,0.00008,0.000014,,400,,
0,0,,0.999743,0.000029,0.000024,0.000089,0.000073,0.00002,0.000022,,400,,
0,0,,0.999743,0.000029,0.000024,0.000089,0.000073,0.00002,0.000022,,400,,
0,0,,0.998178,0.000011,0.000038,0.001688,0.000064,0.000018,0.000003,,500,,
0,0,,0.995415,0.001074,0.000486,0.00148,0.001088,0.000261,0.000196,,500,,
0,0,,0.995415,0.001074,0.000486,0.00148,0.001088,0.000261,0.000196,,400,,
0,0,,0.995415,0.001074,0.000486,0.00148,0.001088,0.000261,0.000196,,400,,
0,0,,0.998178,0.000011,0.000038,0.001688,0.000064,0.000018,0.000003,,500,,
0,0,,0.999743,0.000029,0.000024,0.000089,0.000073,0.00002,0.000022,,500,,
0,0,,0.999743,0.000029,0.000024,0.000089,0.000073,0.00002,0.000022,,400,,
0,0,,0.999743,0.000029,0.000024,0.000089,0.000073,0.00002,0.000022,,400,,
0,0,,0.999743,0.000029,0.000024,0.000089,0.000073,0.00002,0.000022,,400,,
0,0,,0.999743,0.000029,0.000024,0.000089,0.000073,0.00002,0.000022,,400,,
0,0,,0.999743,0.000029,0.000024,0.000089,0.000073,0.00002,0.000022,,400,,
0,0,,0.999743,0.000029,0.000024,0.000089,0.000073,0.00002,0.000022,,400,,
0,0,,0.995415,0.001074,0.000486,0.00148,0.001088,0.000261,0.000196,,500,,
0,0,,0.995415,0.001074,0.000486,0.00148,0.001088,0.000261,0.000196,,500,,
0,0,,0.999743,0.000029,0.000024,0.000089,0.000073,0.00002,0.000022,,400,,
0,0,,0.998185,0.000051,0.000173,0.001416,0.000081,0.00008,0.000014,,500,,
0,0,,0.999743,0.000029,0.000024,0.000089,0.000073,0.00002,0.000022,,500,,
0,0,,0.999743,0.000029,0.000024,0.000089,0.000073,0.00002,0.000022,,400,,
0,0,,0.999743,0.000029,0.000024,0.000089,0.000073,0.00002,0.000022,,400,,
0,0,,0.999743,0.000029,0.000024,0.000089,0.000073,0.00002,0.000022,,400,,
0,0,,0.999743,0.000029,0.000024,0.000089,0.000073,0.00002,0.000022,,400,,
0,0,,0.999743,0.000029,0.000024,0.000089,0.000073,0.00002,0.000022,,400,,
0,0,,0.999743,0.000029,0.000024,0.000089,0.000073,0.00002,0.000022,,500,,
0,0,,0.999743,0.000029,0.000024,0.000089,0.000073,0.00002,0.000022,,400,,
0,0,,0.999743,0.000029,0.000024,0.000089,0.000073,0.00002,0.000022,,400,,
0,0,,0.999743,0.000029,0.000024,0.000089,0.000073,0.00002,0.000022,,400,,
0,0,,0.999743,0.000029,0.000024,0.000089,0.000073,0.00002,0.000022,,400,,
0,0,,0.999743,0.000029,0.000024,0.000089,0.000073,0.00002,0.000022,,400,,
0,0,,0.999743,0.000029,0.000024,0.000089,0.000073,0.00002,0.000022,,500,,
0,0,,0.998185,0.000051,0.000173,0.001416,0.000081,0.00008,0.000014,,500,,
0,0,,0.995415,0.001074,0.000486,0.00148,0.001088,0.000261,0.000196,,500,,
0,0,,0.995415,0.001074,0.000486,0.00148,0.001088,0.000261,0.000196,,400,,
0,0,,0.999743,0.000029,0.000024,0.000089,0.000073,0.00002,0.000022,,400,,
0,0,,0.999743,0.000029,0.000024,0.000089,0.000073,0.00002,0.000022,,400,,
0,0,,0.998185,0.000051,0.000173,0.001416,0.000081,0.00008,0.000014,,400,,
0,0,,0.999743,0.000029,0.000024,0.000089,0.000073,0.00002,0.000022,,400,,
0,0,,0.999743,0.000029,0.000024,0.000089,0.000073,0.00002,0.000022,,400,,
0,0,,0.999743,0.000029,0.000024,0.000089,0.000073,0.00002,0.000022,,500,,
0,0,,0.995415,0.001074,0.000486,0.00148,0.001088,0.000261,0.000196,,400,,
0,0,,0.999743,0.000029,0.000024,0.000089,0.000073,0.00002,0.000022,,400,,
0,0,,0.999743,0.000029,0.000024,0.000089,0.000073,0.00002,0.000022,,400,,
0,0,,0.995415,0.001074,0.000486,0.00148,0.001088,0.000261,0.000196,,400,,
0,0,,0.995415,0.001074,0.000486,0.00148,0.001088,0.000261,0.000196,,400,,
0,0,,0.998185,0.000051,0.000173,0.001416,0.000081,0.00008,0.000014,,500,,
0,0,,0.999743,0.000029,0.000024,0.000089,0.000073,0.00002,0.000022,,400,,
0,0,,0.999743,0.000029,0.000024,0.000089,0.000073,0.00002,0.000022,,400,,
0,0,,0.999743,0.000029,0.000024,0.000089,0.000073,0.00002,0.000022,,400,,
0,0,,0.999743,0.000029,0.000024,0.000089,0.000073,0.00002,0.000022,,500,,
0,0,,0.999743,0.000029,0.000024,0.000089,0.000073,0.00002,0.000022,,400,,
0,0,,0.999743,0.000029,0.000024,0.000089,0.000073,0.00002,0.000022,,400,,
0,0,,0.999743,0.000029,0.000024,0.000089,0.000073,0.00002,0.000022,,400,,
0,0,,0.998185,0.000051,0.000173,0.001416,0.000081,0.00008,0.000014,,400,,
0,0,,0.999743,0.000029,0.000024,0.000089,0.000073,0.00002,0.000022,,400,,
0,0,,0.999743,0.000029,0.000024,0.000089,0.000073,0.00002,0.000022,,400,,
0,0,,0.999743,0.000029,0.000024,0.000089,0.000073,0.00002,0.000022,,400,,
0,0,,0.998185,0.000051,0.000173,0.001416,0.000081,0.00008,0.000014,,400,,
0,0,,0.999743,0.000029,0.000024,0.000089,0.000073,0.00002,0.000022,,400,,
0,0,,0.999743,0.000029,0.000024,0.000089,0.000073,0.00002,0.000022,,400,,
0,0,,0.999743,0.000029,0.000024,0.000089,0.000073,0.00002,0.000022,,400,,
0,0,,0.999743,0.000029,0.000024,0.000089,0.000073,0.00002,0.000022,,500,,
0,0,,0.999743,0.000029,0.000024,0.000089,0.000073,0.00002,0.000022,,500,,
0,0,,0.995415,0.001074,0.000486,0.00148,0.001088,0.000261,0.000196,,400,,
0,0,,0.999743,0.000029,0.000024,0.000089,0.000073,0.00002,0.000022,,400,,
0,0,,0.999743,0.000029,0.000024,0.000089,0.000073,0.00002,0.000022,,400,,
0,0,,0.999743,0.000029,0.000024,0.000089,0.000073,0.00002,0.000022,,400,,
0,0,,0.999743,0.000029,0.000024,0.000089,0.000073,0.00002,0.000022,,400,,
0,0,,0.998185,0.000051,0.000173,0.001416,0.000081,0.00008,0.000014,,500,,
0,0,,0.995415,0.001074,0.000486,0.00148,0.001088,0.000261,0.000196,,400,,
0,0,,0.999743,0.000029,0.000024,0.000089,0.000073,0.00002,0.000022,,400,,
0,0,,0.999743,0.000029,0.000024,0.000089,0.000073,0.00002,0.000022,,400,,
0,0,,0.999743,0.000029,0.000024,0.000089,0.000073,0.00002,0.000022,,500,,
0,0,,0.995415,0.001074,0.000486,0.00148,0.001088,0.000261,0.000196,,400,,
0,0,,0.999743,0.000029,0.000024,0.000089,0.000073,0.00002,0.000022,,400,,
0,0,,0.998185,0.000051,0.000173,0.001416,0.000081,0.00008,0.000014,,400,,
0,0,,0.999743,0.000029,0.000024,0.000089,0.000073,0.00002,0.000022,,400,,
0,0,,0.995415,0.001074,0.000486,0.00148,0.001088,0.000261,0.000196,,400,,
0,0,,0.998185,0.000051,0.000173,0.001416,0.000081,0.00008,0.000014,,400,,
0,0,,0.998178,0.000011,0.000038,0.001688,0.000064,0.000018,0.000003,,500,,
0,0,,0.999743,0.000029,0.000024,0.000089,0.000073,0.00002,0.000022,,400,,
0,0,,0.998178,0.000011,0.000038,0.001688,0.000064,0.000018,0.000003,,500,,
0,0,,0.995415,0.001074,0.000486,0.00148,0.001088,0.000261,0.000196,,500,,
0,0,,0.999743,0.000029,0.000024,0.000089,0.000073,0.00002,0.000022,,400,,
0,0,,0.995415,0.001074,0.000486,0.00148,0.001088,0.000261,0.000196,,400,,
0,0,,0.995415,0.001074,0.000486,0.00148,0.001088,0.000261,0.000196,,400,,
0,0,,0.999743,0.000029,0.000024,0.000089,0.000073,0.00002,0.000022,,400,,
0,0,,0.999743,0.000029,0.000024,0.000089,0.000073,0.00002,0.000022,,400,,
0,0,,0.999743,0.000029,0.000024,0.000089,0.000073,0.00002,0.000022,,400,,
0,0,,0.998178,0.000011,0.000038,0.001688,0.000064,0.000018,0.000003,,400,,
0,0,,0.999743,0.000029,0.000024,0.000089,0.000073,0.00002,0.000022,,400,,
0,0,,0.999743,0.000029,0.000024,0.000089,0.000073,0.00002,0.000022,,400,,
0,0,,0.998178,0.000011,0.000038,0.001688,0.000064,0.000018,0.000003,,500,,
0,0,,0.995415,0.001074,0.000486,0.00148,0.001088,0.000261,0.000196,,400,,
0,0,,0.995415,0.001074,0.000486,0.00148,0.001088,0.000261,0.000196,,400,,
0,0,,0.998178,0.000011,0.000038,0.001688,0.000064,0.000018,0.000003,,400,,
0,0,,0.999743,0.000029,0.000024,0.000089,0.000073,0.00002,0.000022,,400,,
0,0,,0.995415,0.001074,0.000486,0.00148,0.001088,0.000261,0.000196,,400,,
0,0,,0.999743,0.000029,0.000024,0.000089,0.000073,0.00002,0.000022,,400,,
0,0,,0.995415,0.001074,0.000486,0.00148,0.001088,0.000261,0.000196,,500,,
0,0,,0.999743,0.000029,0.000024,0.000089,0.000073,0.00002,0.000022,,500,,
0,0,,0.995415,0.001074,0.000486,0.00148,0.001088,0.000261,0.000196,,400,,
0,0,,0.995415,0.001074,0.000486,0.00148,0.001088,0.000261,0.000196,,400,,
0,0,,0.995415,0.001074,0.000486,0.00148,0.001088,0.000261,0.000196,,400,,
0,0,,0.999743,0.000029,0.000024,0.000089,0.000073,0.00002,0.000022,,400,,
0,0,,0.995415,0.001074,0.000486,0.00148,0.001088,0.000261,0.000196,,400,,
0,0,,0.995415,0.001074,0.000486,0.00148,0.001088,0.000261,0.000196,,400,,
0,0,,0.999743,0.000029,0.000024,0.000089,0.000073,0.00002,0.000022,,500,,
0,0,,0.995415,0.001074,0.000486,0.00148,0.001088,0.000261,0.000196,,400,,
0,0,,0.999743,0.000029,0.000024,0.000089,0.000073,0.00002,0.000022,,400,,
0,0,,0.999743,0.000029,0.000024,0.000089,0.000073,0.00002,0.000022,,400,,
0,0,,0.998185,0.000051,0.000173,0.001416,0.000081,0.00008,0.000014,,500,,
0,0,,0.995415,0.001074,0.000486,0.00148,0.001088,0.000261,0.000196,,500,,
0,0,,0.995415,0.001074,0.000486,0.00148,0.001088,0.000261,0.000196,,400,,
0,0,,0.999743,0.000029,0.000024,0.000089,0.000073,0.00002,0.000022,,400,,
0,0,,0.999743,0.000029,0.000024,0.000089,0.000073,0.00002,0.000022,,400,,
0,0,,0.999743,0.000029,0.000024,0.000089,0.000073,0.00002,0.000022,,400,,
0,0,,0.998178,0.000011,0.000038,0.001688,0.000064,0.000018,0.000003,,400,,
0,0,,0.995415,0.001074,0.000486,0.00148,0.001088,0.000261,0.000196,,400,,
0,0,,0.999743,0.000029,0.000024,0.000089,0.000073,0.00002,0.000022,,500,,
0,0,,0.999743,0.000029,0.000024,0.000089,0.000073,0.00002,0.000022,,400,,
0,0,,0.995415,0.001074,0.000486,0.00148,0.001088,0.000261,0.000196,,400,,
0,0,,0.995415,0.001074,0.000486,0.00148,0.001088,0.000261,0.000196,,400,,
0,0,,0.998178,0.000011,0.000038,0.001688,0.000064,0.000018,0.000003,,400,,
0,0,,0.999743,0.000029,0.000024,0.000089,0.000073,0.00002,0.000022,,400,,
0,0,,0.998185,0.000051,0.000173,0.001416,0.000081,0.00008,0.000014,,400,,
0,0,,0.995415,0.001074,0.000486,0.00148,0.001088,0.000261,0.000196,,400,,
0,0,,0.999743,0.000029,0.000024,0.000089,0.000073,0.00002,0.000022,,400,,
0,0,,0.995415,0.001074,0.000486,0.00148,0.001088,0.000261,0.000196,,400,,
0,0,,0.998178,0.000011,0.000038,0.001688,0.000064,0.000018,0.000003,,400,,
0,0,,0.999743,0.000029,0.000024,0.000089,0.000073,0.00002,0.000022,,400,,
0,0,,0.999743,0.000029,0.000024,0.000089,0.000073,0.00002,0.000022,,400,,
0,0,,0.999743,0.000029,0.000024,0.000089,0.000073,0.00002,0.000022,,400,,
0,0,,0.998178,0.000011,0.000038,0.001688,0.000064,0.000018,0.000003,,400,,
0,0,,0.755722,0.003211,0.19723,0.001742,0.000274,0.00232,0.039501,,500,,
0,0,,0.998178,0.000011,0.000038,0.001688,0.000064,0.000018,0.000003,,500,,
0,0,,0.995415,0.001074,0.000486,0.00148,0.001088,0.000261,0.000196,,400,,
0,0,,0.999743,0.000029,0.000024,0.000089,0.000073,0.00002,0.000022,,500,,
0,0,,0.999743,0.000029,0.000024,0.000089,0.000073,0.00002,0.000022,,500,,
0,0,,0.999743,0.000029,0.000024,0.000089,0.000073,0.00002,0.000022,,400,,
0,0,,0.999743,0.000029,0.000024,0.000089,0.000073,0.00002,0.000022,,400,,
0,0,,0.998178,0.000011,0.000038,0.001688,0.000064,0.000018,0.000003,,500,,
0,0,,0.999743,0.000029,0.000024,0.000089,0.000073,0.00002,0.000022,,500,,
0,0,,0.999743,0.000029,0.000024,0.000089,0.000073,0.00002,0.000022,,400,,
0,0,,0.998178,0.000011,0.000038,0.001688,0.000064,0.000018,0.000003,,500,,
0,0,,0.998178,0.000011,0.000038,0.001688,0.000064,0.000018,0.000003,,500,,
0,0,,0.999743,0.000029,0.000024,0.000089,0.000073,0.00002,0.000022,,400,,
0,0,,0.998185,0.000051,0.000173,0.001416,0.000081,0.00008,0.000014,,400,,
0,0,,0.995415,0.001074,0.000486,0.00148,0.001088,0.000261,0.000196,,400,,
0,0,,0.999743,0.000029,0.000024,0.000089,0.000073,0.00002,0.000022,,400,,
0,0,,0.999743,0.000029,0.000024,0.000089,0.000073,0.00002,0.000022,,400,,
0,0,,0.995415,0.001074,0.000486,0.00148,0.001088,0.000261,0.000196,,500,,
0,0,,0.999743,0.000029,0.000024,0.000089,0.000073,0.00002,0.000022,,500,,
0,0,,0.995415,0.001074,0.000486,0.00148,0.001088,0.000261,0.000196,,400,,
0,0,,0.999743,0.000029,0.000024,0.000089,0.000073,0.00002,0.000022,,400,,
0,0,,0.999743,0.000029,0.000024,0.000089,0.000073,0.00002,0.000022,,400,,
0,0,,0.999743,0.000029,0.000024,0.000089,0.000073,0.00002,0.000022,,400,,
0,0,,0.755722,0.003211,0.19723,0.001742,0.000274,0.00232,0.039501,,400,,
0,0,,0.999743,0.000029,0.000024,0.000089,0.000073,0.00002,0.000022,,500,,
0,0,,0.999743,0.000029,0.000024,0.000089,0.000073,0.00002,0.000022,,500,,
0,0,,0.999743,0.000029,0.000024,0.000089,0.000073,0.00002,0.000022,,400,,
0,0,,0.995415,0.001074,0.000486,0.00148,0.001088,0.000261,0.000196,,400,,
0,0,,0.999743,0.000029,0.000024,0.000089,0.000073,0.00002,0.000022,,400,,
0,0,,0.999743,0.000029,0.000024,0.000089,0.000073,0.00002,0.000022,,400,,
0,0,,0.999743,0.000029,0.000024,0.000089,0.000073,0.00002,0.000022,,400,,
0,0,,0.999743,0.000029,0.000024,0.000089,0.000073,0.00002,0.000022,,400,,
0,0,,0.995415,0.001074,0.000486,0.00148,0.001088,0.000261,0.000196,,500,,
0,0,,0.999743,0.000029,0.000024,0.000089,0.000073,0.00002,0.000022,,500,,
0,0,,0.998178,0.000011,0.000038,0.001688,0.000064,0.000018,0.000003,,500,,
0,0,,0.999743,0.000029,0.000024,0.000089,0.000073,0.00002,0.000022,,400,,
0,0,,0.999743,0.000029,0.000024,0.000089,0.000073,0.00002,0.000022,,500,,
0,0,,0.999743,0.000029,0.000024,0.000089,0.000073,0.00002,0.000022,,400,,
0,0,,0.995415,0.001074,0.000486,0.00148,0.001088,0.000261,0.000196,,400,,
0,0,,0.999743,0.000029,0.000024,0.000089,0.000073,0.00002,0.000022,,400,,
0,0,,0.999743,0.000029,0.000024,0.000089,0.000073,0.00002,0.000022,,400,,
0,0,,0.999743,0.000029,0.000024,0.000089,0.000073,0.00002,0.000022,,400,,
0,0,,0.999743,0.000029,0.000024,0.000089,0.000073,0.00002,0.000022,,400,,
0,0,,0.999743,0.000029,0.000024,0.000089,0.000073,0.00002,0.000022,,400,,
0,0,,0.999743,0.000029,0.000024,0.000089,0.000073,0.00002,0.000022,,500,,
0,0,,0.999743,0.000029,0.000024,0.000089,0.000073,0.00002,0.000022,,500,,
0,0,,0.999743,0.000029,0.000024,0.000089,0.000073,0.00002,0.000022,,400,,
0,0,,0.999743,0.000029,0.000024,0.000089,0.000073,0.00002,0.000022,,400,,
0,0,,0.999743,0.000029,0.000024,0.000089,0.000073,0.00002,0.000022,,400,,
0,0,,0.999743,0.000029,0.000024,0.000089,0.000073,0.00002,0.000022,,400,,
0,0,,0.998178,0.000011,0.000038,0.001688,0.000064,0.000018,0.000003,,400,,
0,0,,0.999743,0.000029,0.000024,0.000089,0.000073,0.00002,0.000022,,400,,
0,0,,0.999743,0.000029,0.000024,0.000089,0.000073,0.00002,0.000022,,400,,
0,0,,0.999743,0.000029,0.000024,0.000089,0.000073,0.00002,0.000022,,400,,
0,0,,0.999743,0.000029,0.000024,0.000089,0.000073,0.00002,0.000022,,400,,
0,0,,0.995415,0.001074,0.000486,0.00148,0.001088,0.000261,0.000196,,400,,
0,0,,0.995415,0.001074,0.000486,0.00148,0.001088,0.000261,0.000196,,400,,
0,0,,0.998178,0.000011,0.000038,0.001688,0.000064,0.000018,0.000003,,500,,
0,0,,0.999743,0.000029,0.000024,0.000089,0.000073,0.00002,0.000022,,400,,
0,0,,0.999743,0.000029,0.000024,0.000089,0.000073,0.00002,0.000022,,400,,
0,0,,0.998178,0.000011,0.000038,0.001688,0.000064,0.000018,0.000003,,400,,
0,0,,0.999743,0.000029,0.000024,0.000089,0.000073,0.00002,0.000022,,400,,
0,0,,0.999743,0.000029,0.000024,0.000089,0.000073,0.00002,0.000022,,500,,
0,0,,0.998178,0.000011,0.000038,0.001688,0.000064,0.000018,0.000003,,500,,
0,0,,0.755722,0.003211,0.19723,0.001742,0.000274,0.00232,0.039501,,400,,
0,0,,0.999743,0.000029,0.000024,0.000089,0.000073,0.00002,0.000022,,400,,
0,0,,0.999743,0.000029,0.000024,0.000089,0.000073,0.00002,0.000022,,400,,
0,0,,0.999743,0.000029,0.000024,0.000089,0.000073,0.00002,0.000022,,500,,
0,0,,0.998178,0.000011,0.000038,0.001688,0.000064,0.000018,0.000003,,500,,
0,0,,0.999743,0.000029,0.000024,0.000089,0.000073,0.00002,0.000022,,400,,
0,0,,0.995415,0.001074,0.000486,0.00148,0.001088,0.000261,0.000196,,400,,
0,0,,0.999743,0.000029,0.000024,0.000089,0.000073,0.00002,0.000022,,500,,
0,0,,0.999743,0.000029,0.000024,0.000089,0.000073,0.00002,0.000022,,400,,
0,0,,0.999743,0.000029,0.000024,0.000089,0.000073,0.00002,0.000022,,400,,
0,0,,0.999743,0.000029,0.000024,0.000089,0.000073,0.00002,0.000022,,400,,
0,0,,0.999743,0.000029,0.000024,0.000089,0.000073,0.00002,0.000022,,400,,
0,0,,0.998178,0.000011,0.000038,0.001688,0.000064,0.000018,0.000003,,400,,
0,0,,0.998178,0.000011,0.000038,0.001688,0.000064,0.000018,0.000003,,500,,
0,0,,0.999743,0.000029,0.000024,0.000089,0.000073,0.00002,0.000022,,500,,
0,0,,0.999743,0.000029,0.000024,0.000089,0.000073,0.00002,0.000022,,400,,
0,0,,0.999743,0.000029,0.000024,0.000089,0.000073,0.00002,0.000022,,400,,
0,0,,0.995415,0.001074,0.000486,0.00148,0.001088,0.000261,0.000196,,400,,
0,0,,0.999743,0.000029,0.000024,0.000089,0.000073,0.00002,0.000022,,400,,
0,0,,0.999743,0.000029,0.000024,0.000089,0.000073,0.00002,0.000022,,400,,
0,0,,0.995415,0.001074,0.000486,0.00148,0.001088,0.000261,0.000196,,400,,
0,0,,0.999743,0.000029,0.000024,0.000089,0.000073,0.00002,0.000022,,500,,
0,0,,0.995415,0.001074,0.000486,0.00148,0.001088,0.000261,0.000196,,400,,
0,0,,0.999743,0.000029,0.000024,0.000089,0.000073,0.00002,0.000022,,400,,
0,0,,0.999743,0.000029,0.000024,0.000089,0.000073,0.00002,0.000022,,400,,
0,0,,0.999743,0.000029,0.000024,0.000089,0.000073,0.00002,0.000022,,400,,
0,0,,0.999743,0.000029,0.000024,0.000089,0.000073,0.00002,0.000022,,400,,
0,0,,0.999743,0.000029,0.000024,0.000089,0.000073,0.00002,0.000022,,500,,
0,0,,0.995415,0.001074,0.000486,0.00148,0.001088,0.000261,0.000196,,400,,
0,0,,0.995415,0.001074,0.000486,0.00148,0.001088,0.000261,0.000196,,400,,
0,0,,0.999743,0.000029,0.000024,0.000089,0.000073,0.00002,0.000022,,400,,
0,0,,0.999743,0.000029,0.000024,0.000089,0.000073,0.00002,0.000022,,400,,
0,0,,0.999743,0.000029,0.000024,0.000089,0.000073,0.00002,0.000022,,400,,
0,0,,0.999743,0.000029,0.000024,0.000089,0.000073,0.00002,0.000022,,500,,
0,0,,0.999743,0.000029,0.000024,0.000089,0.000073,0.00002,0.000022,,400,,
0,0,,0.995415,0.001074,0.000486,0.00148,0.001088,0.000261,0.000196,,400,,
0,0,,0.998178,0.000011,0.000038,0.001688,0.000064,0.000018,0.000003,,500,,
0,0,,0.995415,0.001074,0.000486,0.00148,0.001088,0.000261,0.000196,,400,,
0,0,,0.999743,0.000029,0.000024,0.000089,0.000073,0.00002,0.000022,,400,,
0,0,,0.999743,0.000029,0.000024,0.000089,0.000073,0.00002,0.000022,,400,,
0,0,,0.995415,0.001074,0.000486,0.00148,0.001088,0.000261,0.000196,,400,,
0,0,,0.999743,0.000029,0.000024,0.000089,0.000073,0.00002,0.000022,,400,,
0,0,,0.999743,0.000029,0.000024,0.000089,0.000073,0.00002,0.000022,,400,,
0,0,,0.999743,0.000029,0.000024,0.000089,0.000073,0.00002,0.000022,,400,,
0,0,,0.999743,0.000029,0.000024,0.000089,0.000073,0.00002,0.000022,,500,,
0,0,,0.999743,0.000029,0.000024,0.000089,0.000073,0.00002,0.000022,,500,,
0,0,,0.999743,0.000029,0.000024,0.000089,0.000073,0.00002,0.000022,,400,,
0,0,,0.999743,0.000029,0.000024,0.000089,0.000073,0.00002,0.000022,,400,,
0,0,,0.999743,0.000029,0.000024,0.000089,0.000073,0.00002,0.000022,,400,,
0,0,,0.998178,0.000011,0.000038,0.001688,0.000064,0.000018,0.000003,,400,,
0,0,,0.999743,0.000029,0.000024,0.000089,0.000073,0.00002,0.000022,,400,,
0,0,,0.995415,0.001074,0.000486,0.00148,0.001088,0.000261,0.000196,,400,,
0,0,,0.999743,0.000029,0.000024,0.000089,0.000073,0.00002,0.000022,,400,,
0,0,,0.999743,0.000029,0.000024,0.000089,0.000073,0.00002,0.000022,,400,,
0,0,,0.999743,0.000029,0.000024,0.000089,0.000073,0.00002,0.000022,,400,,
0,0,,0.999743,0.000029,0.000024,0.000089,0.000073,0.00002,0.000022,,500,,
0,0,,0.995415,0.001074,0.000486,0.00148,0.001088,0.000261,0.000196,,400,,
0,0,,0.999743,0.000029,0.000024,0.000089,0.000073,0.00002,0.000022,,400,,
0,0,,0.995415,0.001074,0.000486,0.00148,0.001088,0.000261,0.000196,,400,,
0,0,,0.995415,0.001074,0.000486,0.00148,0.001088,0.000261,0.000196,,400,,
0,0,,0.999743,0.000029,0.000024,0.000089,0.000073,0.00002,0.000022,,400,,
0,0,,0.999743,0.000029,0.000024,0.000089,0.000073,0.00002,0.000022,,500,,
0,0,,0.999743,0.000029,0.000024,0.000089,0.000073,0.00002,0.000022,,500,,
0,0,,0.999743,0.000029,0.000024,0.000089,0.000073,0.00002,0.000022,,400,,
0,0,,0.998178,0.000011,0.000038,0.001688,0.000064,0.000018,0.000003,,500,,
0,0,,0.999743,0.000029,0.000024,0.000089,0.000073,0.00002,0.000022,,500,,
0,0,,0.998178,0.000011,0.000038,0.001688,0.000064,0.000018,0.000003,,500,,
0,0,,0.999743,0.000029,0.000024,0.000089,0.000073,0.00002,0.000022,,400,,
0,0,,0.999743,0.000029,0.000024,0.000089,0.000073,0.00002,0.000022,,500,,
0,0,,0.999743,0.000029,0.000024,0.000089,0.000073,0.00002,0.000022,,500,,
0,0,,0.999743,0.000029,0.000024,0.000089,0.000073,0.00002,0.000022,,400,,
0,0,,0.998178,0.000011,0.000038,0.001688,0.000064,0.000018,0.000003,,500,,
0,0,,0.999743,0.000029,0.000024,0.000089,0.000073,0.00002,0.000022,,400,,
0,0,,0.999743,0.000029,0.000024,0.000089,0.000073,0.00002,0.000022,,400,,
0,0,,0.999743,0.000029,0.000024,0.000089,0.000073,0.00002,0.000022,,400,,
0,0,,0.999743,0.000029,0.000024,0.000089,0.000073,0.00002,0.000022,,400,,
0,0,,0.995415,0.001074,0.000486,0.00148,0.001088,0.000261,0.000196,,400,,
0,0,,0.995415,0.001074,0.000486,0.00148,0.001088,0.000261,0.000196,,500,,
0,0,,0.999743,0.000029,0.000024,0.000089,0.000073,0.00002,0.000022,,400,,
0,0,,0.999743,0.000029,0.000024,0.000089,0.000073,0.00002,0.000022,,400,,
0,0,,0.995415,0.001074,0.000486,0.00148,0.001088,0.000261,0.000196,,400,,
0,0,,0.999743,0.000029,0.000024,0.000089,0.000073,0.00002,0.000022,,500,,
0,0,,0.995415,0.001074,0.000486,0.00148,0.001088,0.000261,0.000196,,400,,
0,0,,0.999743,0.000029,0.000024,0.000089,0.000073,0.00002,0.000022,,400,,
0,0,,0.999743,0.000029,0.000024,0.000089,0.000073,0.00002,0.000022,,400,,
0,0,,0.999743,0.000029,0.000024,0.000089,0.000073,0.00002,0.000022,,400,,
0,0,,0.999743,0.000029,0.000024,0.000089,0.000073,0.00002,0.000022,,400,,
0,0,,0.999743,0.000029,0.000024,0.000089,0.000073,0.00002,0.000022,,500,,
0,0,,0.995415,0.001074,0.000486,0.00148,0.001088,0.000261,0.000196,,400,,
0,0,,0.995415,0.001074,0.000486,0.00148,0.001088,0.000261,0.000196,,400,,
0,0,,0.999743,0.000029,0.000024,0.000089,0.000073,0.00002,0.000022,,400,,
0,0,,0.995415,0.001074,0.000486,0.00148,0.001088,0.000261,0.000196,,500,,
0,0,,0.995415,0.001074,0.000486,0.00148,0.001088,0.000261,0.000196,,500,,
0,0,,0.998178,0.000011,0.000038,0.001688,0.000064,0.000018,0.000003,,500,,
0,0,,0.999743,0.000029,0.000024,0.000089,0.000073,0.00002,0.000022,,400,,
0,0,,0.995415,0.001074,0.000486,0.00148,0.001088,0.000261,0.000196,,500,,
0,0,,0.995415,0.001074,0.000486,0.00148,0.001088,0.000261,0.000196,,400,,
0,0,,0.999743,0.000029,0.000024,0.000089,0.000073,0.00002,0.000022,,1400,,
0,0,,0.999743,0.000029,0.000024,0.000089,0.000073,0.00002,0.000022,,300,,
0,0,,0.999743,0.000029,0.000024,0.000089,0.000073,0.00002,0.000022,,400,,
0,0,,0.999743,0.000029,0.000024,0.000089,0.000073,0.00002,0.000022,,400,,
0,0,,0.999743,0.000029,0.000024,0.000089,0.000073,0.00002,0.000022,,400,,
0,0,,0.995415,0.001074,0.000486,0.00148,0.001088,0.000261,0.000196,,400,,
0,0,,0.999743,0.000029,0.000024,0.000089,0.000073,0.00002,0.000022,,400,,
0,0,,0.998185,0.000051,0.000173,0.001416,0.000081,0.00008,0.000014,,400,,
0,0,,0.995415,0.001074,0.000486,0.00148,0.001088,0.000261,0.000196,,400,,
0,0,,0.995415,0.001074,0.000486,0.00148,0.001088,0.000261,0.000196,,400,,
0,0,,0.995415,0.001074,0.000486,0.00148,0.001088,0.000261,0.000196,,400,,
0,0,,0.999743,0.000029,0.000024,0.000089,0.000073,0.00002,0.000022,,500,,
0,0,,0.999743,0.000029,0.000024,0.000089,0.000073,0.00002,0.000022,,500,,
0,0,,0.999743,0.000029,0.000024,0.000089,0.000073,0.00002,0.000022,,500,,
0,0,,0.999743,0.000029,0.000024,0.000089,0.000073,0.00002,0.000022,,400,,
0,0,,0.995415,0.001074,0.000486,0.00148,0.001088,0.000261,0.000196,,400,,
0,0,,0.999743,0.000029,0.000024,0.000089,0.000073,0.00002,0.000022,,400,,
0,0,,0.999743,0.000029,0.000024,0.000089,0.000073,0.00002,0.000022,,400,,
0,0,,0.999743,0.000029,0.000024,0.000089,0.000073,0.00002,0.000022,,400,,
0,0,,0.999743,0.000029,0.000024,0.000089,0.000073,0.00002,0.000022,,400,,
0,0,,0.888434,0.058996,0.000913,0.015187,0.000335,0.035283,0.000852,,500,,
0,0,,0.995415,0.001074,0.000486,0.00148,0.001088,0.000261,0.000196,,400,,
0,0,,0.998185,0.000051,0.000173,0.001416,0.000081,0.00008,0.000014,,400,,
0,0,,0.998178,0.000011,0.000038,0.001688,0.000064,0.000018,0.000003,,500,,
0,0,,0.995415,0.001074,0.000486,0.00148,0.001088,0.000261,0.000196,,500,,
0,0,,0.999743,0.000029,0.000024,0.000089,0.000073,0.00002,0.000022,,500,,
0,0,,0.999743,0.000029,0.000024,0.000089,0.000073,0.00002,0.000022,,400,,
0,0,,0.999743,0.000029,0.000024,0.000089,0.000073,0.00002,0.000022,,400,,
0,0,,0.995415,0.001074,0.000486,0.00148,0.001088,0.000261,0.000196,,400,,
0,0,,0.995415,0.001074,0.000486,0.00148,0.001088,0.000261,0.000196,,400,,
0,0,,0.999743,0.000029,0.000024,0.000089,0.000073,0.00002,0.000022,,400,,
0,0,,0.998178,0.000011,0.000038,0.001688,0.000064,0.000018,0.000003,,400,,
0,0,,0.998185,0.000051,0.000173,0.001416,0.000081,0.00008,0.000014,,400,,
0,0,,0.999743,0.000029,0.000024,0.000089,0.000073,0.00002,0.000022,,400,,
0,0,,0.999743,0.000029,0.000024,0.000089,0.000073,0.00002,0.000022,,400,,
0,0,,0.998178,0.000011,0.000038,0.001688,0.000064,0.000018,0.000003,,400,,
0,0,,0.999743,0.000029,0.000024,0.000089,0.000073,0.00002,0.000022,,400,,
0,0,,0.995415,0.001074,0.000486,0.00148,0.001088,0.000261,0.000196,,400,,
0,0,,0.999743,0.000029,0.000024,0.000089,0.000073,0.00002,0.000022,,400,,
0,0,,0.999743,0.000029,0.000024,0.000089,0.000073,0.00002,0.000022,,400,,
0,0,,0.999743,0.000029,0.000024,0.000089,0.000073,0.00002,0.000022,,400,,
0,0,,0.995415,0.001074,0.000486,0.00148,0.001088,0.000261,0.000196,,400,,
0,0,,0.998185,0.000051,0.000173,0.001416,0.000081,0.00008,0.000014,,500,,
0,0,,0.995415,0.001074,0.000486,0.00148,0.001088,0.000261,0.000196,,400,,
0,0,,0.998178,0.000011,0.000038,0.001688,0.000064,0.000018,0.000003,,500,,
0,0,,0.998178,0.000011,0.000038,0.001688,0.000064,0.000018,0.000003,,500,,
0,0,,0.999743,0.000029,0.000024,0.000089,0.000073,0.00002,0.000022,,400,,
0,0,,0.999743,0.000029,0.000024,0.000089,0.000073,0.00002,0.000022,,400,,
0,0,,0.999743,0.000029,0.000024,0.000089,0.000073,0.00002,0.000022,,400,,
0,0,,0.999743,0.000029,0.000024,0.000089,0.000073,0.00002,0.000022,,500,,
0,0,,0.999743,0.000029,0.000024,0.000089,0.000073,0.00002,0.000022,,500,,
0,0,,0.995415,0.001074,0.000486,0.00148,0.001088,0.000261,0.000196,,400,,
0,0,,0.995415,0.001074,0.000486,0.00148,0.001088,0.000261,0.000196,,400,,
0,0,,0.999743,0.000029,0.000024,0.000089,0.000073,0.00002,0.000022,,500,,
0,0,,0.999743,0.000029,0.000024,0.000089,0.000073,0.00002,0.000022,,500,,
0,0,,0.995415,0.001074,0.000486,0.00148,0.001088,0.000261,0.000196,,400,,
0,0,,0.998178,0.000011,0.000038,0.001688,0.000064,0.000018,0.000003,,500,,
0,0,,0.995415,0.001074,0.000486,0.00148,0.001088,0.000261,0.000196,,500,,
0,0,,0.999743,0.000029,0.000024,0.000089,0.000073,0.00002,0.000022,,500,,
0,0,,0.999743,0.000029,0.000024,0.000089,0.000073,0.00002,0.000022,,400,,
0,0,,0.999743,0.000029,0.000024,0.000089,0.000073,0.00002,0.000022,,400,,
0,0,,0.999743,0.000029,0.000024,0.000089,0.000073,0.00002,0.000022,,400,,
0,0,,0.999743,0.000029,0.000024,0.000089,0.000073,0.00002,0.000022,,400,,
0,0,,0.999743,0.000029,0.000024,0.000089,0.000073,0.00002,0.000022,,400,,
0,0,,0.999743,0.000029,0.000024,0.000089,0.000073,0.00002,0.000022,,500,,
0,0,,0.999743,0.000029,0.000024,0.000089,0.000073,0.00002,0.000022,,400,,
0,0,,0.995415,0.001074,0.000486,0.00148,0.001088,0.000261,0.000196,,400,,
0,0,,0.999743,0.000029,0.000024,0.000089,0.000073,0.00002,0.000022,,400,,
0,0,,0.999743,0.000029,0.000024,0.000089,0.000073,0.00002,0.000022,,400,,
0,0,,0.998178,0.000011,0.000038,0.001688,0.000064,0.000018,0.000003,,500,,
0,0,,0.999743,0.000029,0.000024,0.000089,0.000073,0.00002,0.000022,,500,,
0,0,,0.999743,0.000029,0.000024,0.000089,0.000073,0.00002,0.000022,,400,,
0,0,,0.998178,0.000011,0.000038,0.001688,0.000064,0.000018,0.000003,,500,,
0,0,,0.999743,0.000029,0.000024,0.000089,0.000073,0.00002,0.000022,,500,,
0,0,,0.999743,0.000029,0.000024,0.000089,0.000073,0.00002,0.000022,,400,,
0,0,,0.998178,0.000011,0.000038,0.001688,0.000064,0.000018,0.000003,,500,,
0,0,,0.998185,0.000051,0.000173,0.001416,0.000081,0.00008,0.000014,,500,,
0,0,,0.999743,0.000029,0.000024,0.000089,0.000073,0.00002,0.000022,,400,,
0,0,,0.999743,0.000029,0.000024,0.000089,0.000073,0.00002,0.000022,,500,,
0,0,,0.995415,0.001074,0.000486,0.00148,0.001088,0.000261,0.000196,,500,,
0,0,,0.999743,0.000029,0.000024,0.000089,0.000073,0.00002,0.000022,,500,,
0,0,,0.998178,0.000011,0.000038,0.001688,0.000064,0.000018,0.000003,,500,,
0,0,,0.999743,0.000029,0.000024,0.000089,0.000073,0.00002,0.000022,,400,,
0,0,,0.995415,0.001074,0.000486,0.00148,0.001088,0.000261,0.000196,,500,,
0,0,,0.995415,0.001074,0.000486,0.00148,0.001088,0.000261,0.000196,,500,,
0,0,,0.995415,0.001074,0.000486,0.00148,0.001088,0.000261,0.000196,,400,,
0,0,,0.999743,0.000029,0.000024,0.000089,0.000073,0.00002,0.000022,,400,,
0,0,,0.998185,0.000051,0.000173,0.001416,0.000081,0.00008,0.000014,,500,,
0,0,,0.999743,0.000029,0.000024,0.000089,0.000073,0.00002,0.000022,,400,,
0,0,,0.999743,0.000029,0.000024,0.000089,0.000073,0.00002,0.000022,,400,,
0,0,,0.999743,0.000029,0.000024,0.000089,0.000073,0.00002,0.000022,,400,,
0,0,,0.999743,0.000029,0.000024,0.000089,0.000073,0.00002,0.000022,,400,,
0,0,,0.999743,0.000029,0.000024,0.000089,0.000073,0.00002,0.000022,,500,,
0,0,,0.995415,0.001074,0.000486,0.00148,0.001088,0.000261,0.000196,,400,,
0,0,,0.999743,0.000029,0.000024,0.000089,0.000073,0.00002,0.000022,,400,,
0,0,,0.998185,0.000051,0.000173,0.001416,0.000081,0.00008,0.000014,,400,,
0,0,,0.995415,0.001074,0.000486,0.00148,0.001088,0.000261,0.000196,,400,,
0,0,,0.995415,0.001074,0.000486,0.00148,0.001088,0.000261,0.000196,,400,,
0,0,,0.998185,0.000051,0.000173,0.001416,0.000081,0.00008,0.000014,,400,,
0,0,,0.999743,0.000029,0.000024,0.000089,0.000073,0.00002,0.000022,,400,,
0,0,,0.999743,0.000029,0.000024,0.000089,0.000073,0.00002,0.000022,,400,,
0,0,,0.999743,0.000029,0.000024,0.000089,0.000073,0.00002,0.000022,,400,,
0,0,,0.998185,0.000051,0.000173,0.001416,0.000081,0.00008,0.000014,,500,,
0,0,,0.995415,0.001074,0.000486,0.00148,0.001088,0.000261,0.000196,,500,,
0,0,,0.998185,0.000051,0.000173,0.001416,0.000081,0.00008,0.000014,,500,,
0,0,,0.998178,0.000011,0.000038,0.001688,0.000064,0.000018,0.000003,,500,,
0,0,,0.999743,0.000029,0.000024,0.000089,0.000073,0.00002,0.000022,,400,,
0,0,,0.998178,0.000011,0.000038,0.001688,0.000064,0.000018,0.000003,,400,,
0,0,,0.995415,0.001074,0.000486,0.00148,0.001088,0.000261,0.000196,,400,,
0,0,,0.995415,0.001074,0.000486,0.00148,0.001088,0.000261,0.000196,,400,,
0,0,,0.999743,0.000029,0.000024,0.000089,0.000073,0.00002,0.000022,,400,,
0,0,,0.999743,0.000029,0.000024,0.000089,0.000073,0.00002,0.000022,,400,,
0,0,,0.999743,0.000029,0.000024,0.000089,0.000073,0.00002,0.000022,,500,,
0,0,,0.999743,0.000029,0.000024,0.000089,0.000073,0.00002,0.000022,,500,,
0,0,,0.999743,0.000029,0.000024,0.000089,0.000073,0.00002,0.000022,,400,,
0,0,,0.998178,0.000011,0.000038,0.001688,0.000064,0.000018,0.000003,,500,,
0,0,,0.995415,0.001074,0.000486,0.00148,0.001088,0.000261,0.000196,,500,,
0,0,,0.998178,0.000011,0.000038,0.001688,0.000064,0.000018,0.000003,,500,,
0,0,,0.999743,0.000029,0.000024,0.000089,0.000073,0.00002,0.000022,,400,,
0,0,,0.999743,0.000029,0.000024,0.000089,0.000073,0.00002,0.000022,,500,,
0,0,,0.999743,0.000029,0.000024,0.000089,0.000073,0.00002,0.000022,,500,,
0,0,,0.995415,0.001074,0.000486,0.00148,0.001088,0.000261,0.000196,,500,,
0,0,,0.999743,0.000029,0.000024,0.000089,0.000073,0.00002,0.000022,,400,,
0,0,,0.998178,0.000011,0.000038,0.001688,0.000064,0.000018,0.000003,,500,,
0,0,,0.998185,0.000051,0.000173,0.001416,0.000081,0.00008,0.000014,,500,,
0,0,,0.999743,0.000029,0.000024,0.000089,0.000073,0.00002,0.000022,,400,,
0,0,,0.999743,0.000029,0.000024,0.000089,0.000073,0.00002,0.000022,,500,,
0,0,,0.999743,0.000029,0.000024,0.000089,0.000073,0.00002,0.000022,,500,,
0,0,,0.999743,0.000029,0.000024,0.000089,0.000073,0.00002,0.000022,,400,,
0,0,,0.999743,0.000029,0.000024,0.000089,0.000073,0.00002,0.000022,,400,,
0,0,,0.999743,0.000029,0.000024,0.000089,0.000073,0.00002,0.000022,,400,,
0,0,,0.999743,0.000029,0.000024,0.000089,0.000073,0.00002,0.000022,,400,,
0,0,,0.999743,0.000029,0.000024,0.000089,0.000073,0.00002,0.000022,,400,,
0,0,,0.999743,0.000029,0.000024,0.000089,0.000073,0.00002,0.000022,,500,,
0,0,,0.995415,0.001074,0.000486,0.00148,0.001088,0.000261,0.000196,,500,,
0,0,,0.999743,0.000029,0.000024,0.000089,0.000073,0.00002,0.000022,,400,,
0,0,,0.999743,0.000029,0.000024,0.000089,0.000073,0.00002,0.000022,,400,,
0,0,,0.998178,0.000011,0.000038,0.001688,0.000064,0.000018,0.000003,,500,,
0,0,,0.999743,0.000029,0.000024,0.000089,0.000073,0.00002,0.000022,,400,,
0,0,,0.999743,0.000029,0.000024,0.000089,0.000073,0.00002,0.000022,,400,,
0,0,,0.999743,0.000029,0.000024,0.000089,0.000073,0.00002,0.000022,,400,,
0,0,,0.999743,0.000029,0.000024,0.000089,0.000073,0.00002,0.000022,,400,,
0,0,,0.999743,0.000029,0.000024,0.000089,0.000073,0.00002,0.000022,,400,,
0,0,,0.995415,0.001074,0.000486,0.00148,0.001088,0.000261,0.000196,,400,,
0,0,,0.999743,0.000029,0.000024,0.000089,0.000073,0.00002,0.000022,,400,,
0,0,,0.999743,0.000029,0.000024,0.000089,0.000073,0.00002,0.000022,,400,,
0,0,,0.995415,0.001074,0.000486,0.00148,0.001088,0.000261,0.000196,,400,,
0,0,,0.999743,0.000029,0.000024,0.000089,0.000073,0.00002,0.000022,,400,,
0,0,,0.998185,0.000051,0.000173,0.001416,0.000081,0.00008,0.000014,,500,,
0,0,,0.995415,0.001074,0.000486,0.00148,0.001088,0.000261,0.000196,,400,,
0,0,,0.999743,0.000029,0.000024,0.000089,0.000073,0.00002,0.000022,,400,,
0,0,,0.998178,0.000011,0.000038,0.001688,0.000064,0.000018,0.000003,,500,,
0,0,,0.995415,0.001074,0.000486,0.00148,0.001088,0.000261,0.000196,,500,,
0,0,,0.995415,0.001074,0.000486,0.00148,0.001088,0.000261,0.000196,,400,,
0,0,,0.995415,0.001074,0.000486,0.00148,0.001088,0.000261,0.000196,,400,,
0,0,,0.999743,0.000029,0.000024,0.000089,0.000073,0.00002,0.000022,,400,,
0,0,,0.998178,0.000011,0.000038,0.001688,0.000064,0.000018,0.000003,,400,,
0,0,,0.998178,0.000011,0.000038,0.001688,0.000064,0.000018,0.000003,,500,,
0,0,,0.995415,0.001074,0.000486,0.00148,0.001088,0.000261,0.000196,,500,,
0,0,,0.995415,0.001074,0.000486,0.00148,0.001088,0.000261,0.000196,,500,,
0,0,,0.995415,0.001074,0.000486,0.00148,0.001088,0.000261,0.000196,,400,,
0,0,,0.998178,0.000011,0.000038,0.001688,0.000064,0.000018,0.000003,,400,,
0,0,,0.999743,0.000029,0.000024,0.000089,0.000073,0.00002,0.000022,,400,,
0,0,,0.999743,0.000029,0.000024,0.000089,0.000073,0.00002,0.000022,,400,,
0,0,,0.999743,0.000029,0.000024,0.000089,0.000073,0.00002,0.000022,,400,,
0,0,,0.999743,0.000029,0.000024,0.000089,0.000073,0.00002,0.000022,,400,,
0,0,,0.995415,0.001074,0.000486,0.00148,0.001088,0.000261,0.000196,,500,,
0,0,,0.995415,0.001074,0.000486,0.00148,0.001088,0.000261,0.000196,,500,,
0,0,,0.999743,0.000029,0.000024,0.000089,0.000073,0.00002,0.000022,,400,,
0,0,,0.999743,0.000029,0.000024,0.000089,0.000073,0.00002,0.000022,,400,,
0,0,,0.999743,0.000029,0.000024,0.000089,0.000073,0.00002,0.000022,,400,,
0,0,,0.995415,0.001074,0.000486,0.00148,0.001088,0.000261,0.000196,,400,,
0,0,,0.995415,0.001074,0.000486,0.00148,0.001088,0.000261,0.000196,,400,,
0,0,,0.999743,0.000029,0.000024,0.000089,0.000073,0.00002,0.000022,,500,,
0,0,,0.999743,0.000029,0.000024,0.000089,0.000073,0.00002,0.000022,,500,,
0,0,,0.999743,0.000029,0.000024,0.000089,0.000073,0.00002,0.000022,,400,,
0,0,,0.999743,0.000029,0.000024,0.000089,0.000073,0.00002,0.000022,,400,,
0,0,,0.999743,0.000029,0.000024,0.000089,0.000073,0.00002,0.000022,,400,,
0,0,,0.995415,0.001074,0.000486,0.00148,0.001088,0.000261,0.000196,,400,,
0,0,,0.999743,0.000029,0.000024,0.000089,0.000073,0.00002,0.000022,,400,,
0,0,,0.999743,0.000029,0.000024,0.000089,0.000073,0.00002,0.000022,,400,,
0,0,,0.999743,0.000029,0.000024,0.000089,0.000073,0.00002,0.000022,,500,,
0,0,,0.999743,0.000029,0.000024,0.000089,0.000073,0.00002,0.000022,,400,,
0,0,,0.999743,0.000029,0.000024,0.000089,0.000073,0.00002,0.000022,,400,,
0,0,,0.999743,0.000029,0.000024,0.000089,0.000073,0.00002,0.000022,,400,,
0,0,,0.999743,0.000029,0.000024,0.000089,0.000073,0.00002,0.000022,,400,,
0,0,,0.999743,0.000029,0.000024,0.000089,0.000073,0.00002,0.000022,,400,,
0,0,,0.999743,0.000029,0.000024,0.000089,0.000073,0.00002,0.000022,,400,,
0,0,,0.995415,0.001074,0.000486,0.00148,0.001088,0.000261,0.000196,,500,,
0,0,,0.999743,0.000029,0.000024,0.000089,0.000073,0.00002,0.000022,,400,,
0,0,,0.998178,0.000011,0.000038,0.001688,0.000064,0.000018,0.000003,,500,,
0,0,,0.999743,0.000029,0.000024,0.000089,0.000073,0.00002,0.000022,,500,,
0,0,,0.999743,0.000029,0.000024,0.000089,0.000073,0.00002,0.000022,,400,,
0,0,,0.995415,0.001074,0.000486,0.00148,0.001088,0.000261,0.000196,,400,,
0,0,,0.998178,0.000011,0.000038,0.001688,0.000064,0.000018,0.000003,,500,,
0,0,,0.999743,0.000029,0.000024,0.000089,0.000073,0.00002,0.000022,,400,,
0,0,,0.995415,0.001074,0.000486,0.00148,0.001088,0.000261,0.000196,,400,,
0,0,,0.998178,0.000011,0.000038,0.001688,0.000064,0.000018,0.000003,,400,,
0,0,,0.999743,0.000029,0.000024,0.000089,0.000073,0.00002,0.000022,,400,,
0,0,,0.995415,0.001074,0.000486,0.00148,0.001088,0.000261,0.000196,,400,,
0,0,,0.999743,0.000029,0.000024,0.000089,0.000073,0.00002,0.000022,,400,,
0,0,,0.998178,0.000011,0.000038,0.001688,0.000064,0.000018,0.000003,,400,,
0,0,,0.999743,0.000029,0.000024,0.000089,0.000073,0.00002,0.000022,,400,,
0,0,,0.999743,0.000029,0.000024,0.000089,0.000073,0.00002,0.000022,,400,,
0,0,,0.999743,0.000029,0.000024,0.000089,0.000073,0.00002,0.000022,,400,,
0,0,,0.999743,0.000029,0.000024,0.000089,0.000073,0.00002,0.000022,,400,,
0,0,,0.998178,0.000011,0.000038,0.001688,0.000064,0.000018,0.000003,,400,,
0,0,,0.995415,0.001074,0.000486,0.00148,0.001088,0.000261,0.000196,,400,,
0,0,,0.999743,0.000029,0.000024,0.000089,0.000073,0.00002,0.000022,,400,,
0,0,,0.999743,0.000029,0.000024,0.000089,0.000073,0.00002,0.000022,,400,,
0,0,,0.999743,0.000029,0.000024,0.000089,0.000073,0.00002,0.000022,,500,,
0,0,,0.999743,0.000029,0.000024,0.000089,0.000073,0.00002,0.000022,,500,,
0,0,,0.999743,0.000029,0.000024,0.000089,0.000073,0.00002,0.000022,,400,,
0,0,,0.995415,0.001074,0.000486,0.00148,0.001088,0.000261,0.000196,,400,,
0,0,,0.998178,0.000011,0.000038,0.001688,0.000064,0.000018,0.000003,,500,,
0,0,,0.999743,0.000029,0.000024,0.000089,0.000073,0.00002,0.000022,,400,,
0,0,,0.999743,0.000029,0.000024,0.000089,0.000073,0.00002,0.000022,,400,,
0,0,,0.999743,0.000029,0.000024,0.000089,0.000073,0.00002,0.000022,,400,,
0,0,,0.998178,0.000011,0.000038,0.001688,0.000064,0.000018,0.000003,,500,,
0,0,,0.999743,0.000029,0.000024,0.000089,0.000073,0.00002,0.000022,,500,,
0,0,,0.999743,0.000029,0.000024,0.000089,0.000073,0.00002,0.000022,,400,,
0,0,,0.999743,0.000029,0.000024,0.000089,0.000073,0.00002,0.000022,,400,,
0,0,,0.999743,0.000029,0.000024,0.000089,0.000073,0.00002,0.000022,,400,,
0,0,,0.998185,0.000051,0.000173,0.001416,0.000081,0.00008,0.000014,,400,,
0,0,,0.999743,0.000029,0.000024,0.000089,0.000073,0.00002,0.000022,,400,,
0,0,,0.995415,0.001074,0.000486,0.00148,0.001088,0.000261,0.000196,,400,,
0,0,,0.995415,0.001074,0.000486,0.00148,0.001088,0.000261,0.000196,,400,,
0,0,,0.999743,0.000029,0.000024,0.000089,0.000073,0.00002,0.000022,,400,,
0,0,,0.999743,0.000029,0.000024,0.000089,0.000073,0.00002,0.000022,,500,,
0,0,,0.995415,0.001074,0.000486,0.00148,0.001088,0.000261,0.000196,,400,,
0,0,,0.999743,0.000029,0.000024,0.000089,0.000073,0.00002,0.000022,,400,,
0,0,,0.999743,0.000029,0.000024,0.000089,0.000073,0.00002,0.000022,,400,,
0,0,,0.999743,0.000029,0.000024,0.000089,0.000073,0.00002,0.000022,,400,,
0,0,,0.995415,0.001074,0.000486,0.00148,0.001088,0.000261,0.000196,,400,,
0,0,,0.995415,0.001074,0.000486,0.00148,0.001088,0.000261,0.000196,,400,,
0,0,,0.999743,0.000029,0.000024,0.000089,0.000073,0.00002,0.000022,,500,,
0,0,,0.999743,0.000029,0.000024,0.000089,0.000073,0.00002,0.000022,,500,,
0,0,,0.995415,0.001074,0.000486,0.00148,0.001088,0.000261,0.000196,,400,,
0,0,,0.999743,0.000029,0.000024,0.000089,0.000073,0.00002,0.000022,,400,,
0,0,,0.995415,0.001074,0.000486,0.00148,0.001088,0.000261,0.000196,,400,,
0,0,,0.999743,0.000029,0.000024,0.000089,0.000073,0.00002,0.000022,,400,,
0,0,,0.999743,0.000029,0.000024,0.000089,0.000073,0.00002,0.000022,,400,,
0,0,,0.995415,0.001074,0.000486,0.00148,0.001088,0.000261,0.000196,,500,,
0,0,,0.995415,0.001074,0.000486,0.00148,0.001088,0.000261,0.000196,,400,,
0,0,,0.999743,0.000029,0.000024,0.000089,0.000073,0.00002,0.000022,,400,,
0,0,,0.998185,0.000051,0.000173,0.001416,0.000081,0.00008,0.000014,,400,,
0,0,,0.995415,0.001074,0.000486,0.00148,0.001088,0.000261,0.000196,,400,,
0,0,,0.995415,0.001074,0.000486,0.00148,0.001088,0.000261,0.000196,,400,,
0,0,,0.999743,0.000029,0.000024,0.000089,0.000073,0.00002,0.000022,,400,,
0,0,,0.995415,0.001074,0.000486,0.00148,0.001088,0.000261,0.000196,,400,,
0,0,,0.999743,0.000029,0.000024,0.000089,0.000073,0.00002,0.000022,,400,,
0,0,,0.999743,0.000029,0.000024,0.000089,0.000073,0.00002,0.000022,,400,,
0,0,,0.995415,0.001074,0.000486,0.00148,0.001088,0.000261,0.000196,,500,,
0,0,,0.999743,0.000029,0.000024,0.000089,0.000073,0.00002,0.000022,,400,,
0,0,,0.998185,0.000051,0.000173,0.001416,0.000081,0.00008,0.000014,,500,,
0,0,,0.995415,0.001074,0.000486,0.00148,0.001088,0.000261,0.000196,,500,,
0,0,,0.999743,0.000029,0.000024,0.000089,0.000073,0.00002,0.000022,,500,,
0,0,,0.998178,0.000011,0.000038,0.001688,0.000064,0.000018,0.000003,,500,,
0,0,,0.999743,0.000029,0.000024,0.000089,0.000073,0.00002,0.000022,,500,,
0,0,,0.999743,0.000029,0.000024,0.000089,0.000073,0.00002,0.000022,,500,,
0,0,,0.999743,0.000029,0.000024,0.000089,0.000073,0.00002,0.000022,,400,,
0,0,,0.999743,0.000029,0.000024,0.000089,0.000073,0.00002,0.000022,,400,,
0,0,,0.995415,0.001074,0.000486,0.00148,0.001088,0.000261,0.000196,,400,,
0,0,,0.998185,0.000051,0.000173,0.001416,0.000081,0.00008,0.000014,,400,,
0,0,,0.995415,0.001074,0.000486,0.00148,0.001088,0.000261,0.000196,,400,,
0,0,,0.999743,0.000029,0.000024,0.000089,0.000073,0.00002,0.000022,,400,,
0,0,,0.995415,0.001074,0.000486,0.00148,0.001088,0.000261,0.000196,,400,,
0,0,,0.995415,0.001074,0.000486,0.00148,0.001088,0.000261,0.000196,,500,,
0,0,,0.999743,0.000029,0.000024,0.000089,0.000073,0.00002,0.000022,,400,,
0,0,,0.998178,0.000011,0.000038,0.001688,0.000064,0.000018,0.000003,,500,,
0,0,,0.999743,0.000029,0.000024,0.000089,0.000073,0.00002,0.000022,,500,,
0,0,,0.999743,0.000029,0.000024,0.000089,0.000073,0.00002,0.000022,,400,,
0,0,,0.999743,0.000029,0.000024,0.000089,0.000073,0.00002,0.000022,,400,,
0,0,,0.999743,0.000029,0.000024,0.000089,0.000073,0.00002,0.000022,,400,,
0,0,,0.995415,0.001074,0.000486,0.00148,0.001088,0.000261,0.000196,,400,,
0,0,,0.995415,0.001074,0.000486,0.00148,0.001088,0.000261,0.000196,,400,,
0,0,,0.998185,0.000051,0.000173,0.001416,0.000081,0.00008,0.000014,,500,,
0,0,,0.999743,0.000029,0.000024,0.000089,0.000073,0.00002,0.000022,,400,,
0,0,,0.999743,0.000029,0.000024,0.000089,0.000073,0.00002,0.000022,,500,,
0,0,,0.999743,0.000029,0.000024,0.000089,0.000073,0.00002,0.000022,,400,,
0,0,,0.995415,0.001074,0.000486,0.00148,0.001088,0.000261,0.000196,,400,,
0,0,,0.999743,0.000029,0.000024,0.000089,0.000073,0.00002,0.000022,,400,,
0,0,,0.995415,0.001074,0.000486,0.00148,0.001088,0.000261,0.000196,,400,,
0,0,,0.998185,0.000051,0.000173,0.001416,0.000081,0.00008,0.000014,,400,,
0,0,,0.999743,0.000029,0.000024,0.000089,0.000073,0.00002,0.000022,,400,,
0,0,,0.995415,0.001074,0.000486,0.00148,0.001088,0.000261,0.000196,,400,,
0,0,,0.999743,0.000029,0.000024,0.000089,0.000073,0.00002,0.000022,,500,,
0,0,,0.998185,0.000051,0.000173,0.001416,0.000081,0.00008,0.000014,,500,,
0,0,,0.999743,0.000029,0.000024,0.000089,0.000073,0.00002,0.000022,,500,,
0,0,,0.995415,0.001074,0.000486,0.00148,0.001088,0.000261,0.000196,,400,,
0,0,,0.995415,0.001074,0.000486,0.00148,0.001088,0.000261,0.000196,,400,,
0,0,,0.999743,0.000029,0.000024,0.000089,0.000073,0.00002,0.000022,,400,,
0,0,,0.995415,0.001074,0.000486,0.00148,0.001088,0.000261,0.000196,,400,,
0,0,,0.998178,0.000011,0.000038,0.001688,0.000064,0.000018,0.000003,,500,,
0,0,,0.999743,0.000029,0.000024,0.000089,0.000073,0.00002,0.000022,,500,,
0,0,,0.999743,0.000029,0.000024,0.000089,0.000073,0.00002,0.000022,,400,,
0,0,,0.999743,0.000029,0.000024,0.000089,0.000073,0.00002,0.000022,,400,,
0,0,,0.999743,0.000029,0.000024,0.000089,0.000073,0.00002,0.000022,,400,,
0,0,,0.999743,0.000029,0.000024,0.000089,0.000073,0.00002,0.000022,,400,,
0,0,,0.999743,0.000029,0.000024,0.000089,0.000073,0.00002,0.000022,,400,,
0,0,,0.999743,0.000029,0.000024,0.000089,0.000073,0.00002,0.000022,,400,,
0,0,,0.998185,0.000051,0.000173,0.001416,0.000081,0.00008,0.000014,,400,,
0,0,,0.999743,0.000029,0.000024,0.000089,0.000073,0.00002,0.000022,,400,,
0,0,,0.999743,0.000029,0.000024,0.000089,0.000073,0.00002,0.000022,,400,,
0,0,,0.999743,0.000029,0.000024,0.000089,0.000073,0.00002,0.000022,,500,,
0,0,,0.999743,0.000029,0.000024,0.000089,0.000073,0.00002,0.000022,,500,,
0,0,,0.999743,0.000029,0.000024,0.000089,0.000073,0.00002,0.000022,,400,,
0,0,,0.999743,0.000029,0.000024,0.000089,0.000073,0.00002,0.000022,,400,,
0,0,,0.999743,0.000029,0.000024,0.000089,0.000073,0.00002,0.000022,,400,,
0,0,,0.995415,0.001074,0.000486,0.00148,0.001088,0.000261,0.000196,,400,,
0,0,,0.999743,0.000029,0.000024,0.000089,0.000073,0.00002,0.000022,,400,,
0,0,,0.998178,0.000011,0.000038,0.001688,0.000064,0.000018,0.000003,,500,,
0,0,,0.995415,0.001074,0.000486,0.00148,0.001088,0.000261,0.000196,,400,,
0,0,,0.995415,0.001074,0.000486,0.00148,0.001088,0.000261,0.000196,,400,,
0,0,,0.999743,0.000029,0.000024,0.000089,0.000073,0.00002,0.000022,,400,,
0,0,,0.999743,0.000029,0.000024,0.000089,0.000073,0.00002,0.000022,,500,,
0,0,,0.999743,0.000029,0.000024,0.000089,0.000073,0.00002,0.000022,,500,,
0,0,,0.999743,0.000029,0.000024,0.000089,0.000073,0.00002,0.000022,,400,,
0,0,,0.999743,0.000029,0.000024,0.000089,0.000073,0.00002,0.000022,,400,,
0,0,,0.999743,0.000029,0.000024,0.000089,0.000073,0.00002,0.000022,,400,,
0,0,,0.999743,0.000029,0.000024,0.000089,0.000073,0.00002,0.000022,,400,,
0,0,,0.999743,0.000029,0.000024,0.000089,0.000073,0.00002,0.000022,,400,,
0,0,,0.995415,0.001074,0.000486,0.00148,0.001088,0.000261,0.000196,,500,,
0,0,,0.999743,0.000029,0.000024,0.000089,0.000073,0.00002,0.000022,,500,,
0,0,,0.999743,0.000029,0.000024,0.000089,0.000073,0.00002,0.000022,,400,,
0,0,,0.999743,0.000029,0.000024,0.000089,0.000073,0.00002,0.000022,,400,,
0,0,,0.999743,0.000029,0.000024,0.000089,0.000073,0.00002,0.000022,,400,,
0,0,,0.999743,0.000029,0.000024,0.000089,0.000073,0.00002,0.000022,,400,,
0,0,,0.999743,0.000029,0.000024,0.000089,0.000073,0.00002,0.000022,,400,,
0,0,,0.995415,0.001074,0.000486,0.00148,0.001088,0.000261,0.000196,,500,,
0,0,,0.999743,0.000029,0.000024,0.000089,0.000073,0.00002,0.000022,,500,,
0,0,,0.995415,0.001074,0.000486,0.00148,0.001088,0.000261,0.000196,,400,,
0,0,,0.999743,0.000029,0.000024,0.000089,0.000073,0.00002,0.000022,,400,,
0,0,,0.999743,0.000029,0.000024,0.000089,0.000073,0.00002,0.000022,,400,,
0,0,,0.995415,0.001074,0.000486,0.00148,0.001088,0.000261,0.000196,,400,,
0,0,,0.999743,0.000029,0.000024,0.000089,0.000073,0.00002,0.000022,,400,,
0,0,,0.995415,0.001074,0.000486,0.00148,0.001088,0.000261,0.000196,,500,,
0,0,,0.999743,0.000029,0.000024,0.000089,0.000073,0.00002,0.000022,,400,,
0,0,,0.999743,0.000029,0.000024,0.000089,0.000073,0.00002,0.000022,,400,,
0,0,,0.999743,0.000029,0.000024,0.000089,0.000073,0.00002,0.000022,,400,,
0,0,,0.999743,0.000029,0.000024,0.000089,0.000073,0.00002,0.000022,,400,,
0,0,,0.995415,0.001074,0.000486,0.00148,0.001088,0.000261,0.000196,,400,,
0,0,,0.998185,0.000051,0.000173,0.001416,0.000081,0.00008,0.000014,,400,,
0,0,,0.999743,0.000029,0.000024,0.000089,0.000073,0.00002,0.000022,,400,,
0,0,,0.995415,0.001074,0.000486,0.00148,0.001088,0.000261,0.000196,,400,,
0,0,,0.999743,0.000029,0.000024,0.000089,0.000073,0.00002,0.000022,,400,,
0,0,,0.998185,0.000051,0.000173,0.001416,0.000081,0.00008,0.000014,,500,,
0,0,,0.999743,0.000029,0.000024,0.000089,0.000073,0.00002,0.000022,,400,,
0,0,,0.999743,0.000029,0.000024,0.000089,0.000073,0.00002,0.000022,,400,,
0,0,,0.999743,0.000029,0.000024,0.000089,0.000073,0.00002,0.000022,,500,,
0,0,,0.999743,0.000029,0.000024,0.000089,0.000073,0.00002,0.000022,,400,,
0,0,,0.999743,0.000029,0.000024,0.000089,0.000073,0.00002,0.000022,,400,,
0,0,,0.998178,0.000011,0.000038,0.001688,0.000064,0.000018,0.000003,,400,,
0,0,,0.998178,0.000011,0.000038,0.001688,0.000064,0.000018,0.000003,,500,,
0,0,,0.998185,0.000051,0.000173,0.001416,0.000081,0.00008,0.000014,,500,,
0,0,,0.999743,0.000029,0.000024,0.000089,0.000073,0.00002,0.000022,,400,,
0,0,,0.999743,0.000029,0.000024,0.000089,0.000073,0.00002,0.000022,,500,,
0,0,,0.999743,0.000029,0.000024,0.000089,0.000073,0.00002,0.000022,,400,,
0,0,,0.999743,0.000029,0.000024,0.000089,0.000073,0.00002,0.000022,,400,,
0,0,,0.999743,0.000029,0.000024,0.000089,0.000073,0.00002,0.000022,,400,,
0,0,,0.999743,0.000029,0.000024,0.000089,0.000073,0.00002,0.000022,,400,,
0,0,,0.999743,0.000029,0.000024,0.000089,0.000073,0.00002,0.000022,,400,,
0,0,,0.999743,0.000029,0.000024,0.000089,0.000073,0.00002,0.000022,,500,,
0,0,,0.999743,0.000029,0.000024,0.000089,0.000073,0.00002,0.000022,,400,,
0,0,,0.999743,0.000029,0.000024,0.000089,0.000073,0.00002,0.000022,,400,,
0,0,,0.999743,0.000029,0.000024,0.000089,0.000073,0.00002,0.000022,,400,,
0,0,,0.999743,0.000029,0.000024,0.000089,0.000073,0.00002,0.000022,,400,,
0,0,,0.998178,0.000011,0.000038,0.001688,0.000064,0.000018,0.000003,,400,,
0,0,,0.998178,0.000011,0.000038,0.001688,0.000064,0.000018,0.000003,,500,,
0,0,,0.999743,0.000029,0.000024,0.000089,0.000073,0.00002,0.000022,,500,,
0,0,,0.995415,0.001074,0.000486,0.00148,0.001088,0.000261,0.000196,,400,,
0,0,,0.999743,0.000029,0.000024,0.000089,0.000073,0.00002,0.000022,,400,,
0,0,,0.999743,0.000029,0.000024,0.000089,0.000073,0.00002,0.000022,,400,,
0,0,,0.995415,0.001074,0.000486,0.00148,0.001088,0.000261,0.000196,,400,,
0,0,,0.999743,0.000029,0.000024,0.000089,0.000073,0.00002,0.000022,,400,,
0,0,,0.999743,0.000029,0.000024,0.000089,0.000073,0.00002,0.000022,,400,,
0,0,,0.999743,0.000029,0.000024,0.000089,0.000073,0.00002,0.000022,,400,,
0,0,,0.998178,0.000011,0.000038,0.001688,0.000064,0.000018,0.000003,,400,,
0,0,,0.999743,0.000029,0.000024,0.000089,0.000073,0.00002,0.000022,,400,,
0,0,,0.999743,0.000029,0.000024,0.000089,0.000073,0.00002,0.000022,,400,,
0,0,,0.999743,0.000029,0.000024,0.000089,0.000073,0.00002,0.000022,,400,,
0,0,,0.999743,0.000029,0.000024,0.000089,0.000073,0.00002,0.000022,,400,,
0,0,,0.999743,0.000029,0.000024,0.000089,0.000073,0.00002,0.000022,,500,,
0,0,,0.999743,0.000029,0.000024,0.000089,0.000073,0.00002,0.000022,,500,,
0,0,,0.999743,0.000029,0.000024,0.000089,0.000073,0.00002,0.000022,,400,,
0,0,,0.999743,0.000029,0.000024,0.000089,0.000073,0.00002,0.000022,,400,,
0,0,,0.999743,0.000029,0.000024,0.000089,0.000073,0.00002,0.000022,,400,,
0,0,,0.999743,0.000029,0.000024,0.000089,0.000073,0.00002,0.000022,,400,,
0,0,,0.995415,0.001074,0.000486,0.00148,0.001088,0.000261,0.000196,,400,,
0,0,,0.999743,0.000029,0.000024,0.000089,0.000073,0.00002,0.000022,,400,,
0,0,,0.995415,0.001074,0.000486,0.00148,0.001088,0.000261,0.000196,,400,,
0,0,,0.999743,0.000029,0.000024,0.000089,0.000073,0.00002,0.000022,,500,,
0,0,,0.999743,0.000029,0.000024,0.000089,0.000073,0.00002,0.000022,,500,,
0,0,,0.998178,0.000011,0.000038,0.001688,0.000064,0.000018,0.000003,,500,,
0,0,,0.999743,0.000029,0.000024,0.000089,0.000073,0.00002,0.000022,,400,,
0,0,,0.999743,0.000029,0.000024,0.000089,0.000073,0.00002,0.000022,,400,,
0,0,,0.998178,0.000011,0.000038,0.001688,0.000064,0.000018,0.000003,,500,,
0,0,,0.998178,0.000011,0.000038,0.001688,0.000064,0.000018,0.000003,,500,,
0,0,,0.995415,0.001074,0.000486,0.00148,0.001088,0.000261,0.000196,,400,,
0,0,,0.999743,0.000029,0.000024,0.000089,0.000073,0.00002,0.000022,,400,,
0,0,,0.999743,0.000029,0.000024,0.000089,0.000073,0.00002,0.000022,,500,,
0,0,,0.995415,0.001074,0.000486,0.00148,0.001088,0.000261,0.000196,,400,,
0,0,,0.999743,0.000029,0.000024,0.000089,0.000073,0.00002,0.000022,,400,,
0,0,,0.999743,0.000029,0.000024,0.000089,0.000073,0.00002,0.000022,,400,,
0,0,,0.999743,0.000029,0.000024,0.000089,0.000073,0.00002,0.000022,,400,,
0,0,,0.999743,0.000029,0.000024,0.000089,0.000073,0.00002,0.000022,,400,,
0,0,,0.998178,0.000011,0.000038,0.001688,0.000064,0.000018,0.000003,,500,,
0,0,,0.995415,0.001074,0.000486,0.00148,0.001088,0.000261,0.000196,,400,,
0,0,,0.999743,0.000029,0.000024,0.000089,0.000073,0.00002,0.000022,,400,,
0,0,,0.999743,0.000029,0.000024,0.000089,0.000073,0.00002,0.000022,,400,,
0,0,,0.999743,0.000029,0.000024,0.000089,0.000073,0.00002,0.000022,,500,,
0,0,,0.995415,0.001074,0.000486,0.00148,0.001088,0.000261,0.000196,,500,,
0,0,,0.999743,0.000029,0.000024,0.000089,0.000073,0.00002,0.000022,,400,,
0,0,,0.999743,0.000029,0.000024,0.000089,0.000073,0.00002,0.000022,,400,,
0,0,,0.995415,0.001074,0.000486,0.00148,0.001088,0.000261,0.000196,,400,,
0,0,,0.999743,0.000029,0.000024,0.000089,0.000073,0.00002,0.000022,,400,,
0,0,,0.999743,0.000029,0.000024,0.000089,0.000073,0.00002,0.000022,,400,,
0,0,,0.999743,0.000029,0.000024,0.000089,0.000073,0.00002,0.000022,,500,,
0,0,,0.999743,0.000029,0.000024,0.000089,0.000073,0.00002,0.000022,,400,,
0,0,,0.999743,0.000029,0.000024,0.000089,0.000073,0.00002,0.000022,,400,,
0,0,,0.999743,0.000029,0.000024,0.000089,0.000073,0.00002,0.000022,,400,,
0,0,,0.999743,0.000029,0.000024,0.000089,0.000073,0.00002,0.000022,,400,,
0,0,,0.999743,0.000029,0.000024,0.000089,0.000073,0.00002,0.000022,,400,,
0,0,,0.995415,0.001074,0.000486,0.00148,0.001088,0.000261,0.000196,,400,,
0,0,,0.999743,0.000029,0.000024,0.000089,0.000073,0.00002,0.000022,,500,,
0,0,,0.999743,0.000029,0.000024,0.000089,0.000073,0.00002,0.000022,,400,,
0,0,,0.999743,0.000029,0.000024,0.000089,0.000073,0.00002,0.000022,,400,,
0,0,,0.999743,0.000029,0.000024,0.000089,0.000073,0.00002,0.000022,,400,,
0,0,,0.999743,0.000029,0.000024,0.000089,0.000073,0.00002,0.000022,,400,,
0,0,,0.999743,0.000029,0.000024,0.000089,0.000073,0.00002,0.000022,,500,,
0,0,,0.995415,0.001074,0.000486,0.00148,0.001088,0.000261,0.000196,,500,,
0,0,,0.999743,0.000029,0.000024,0.000089,0.000073,0.00002,0.000022,,500,,
0,0,,0.999743,0.000029,0.000024,0.000089,0.000073,0.00002,0.000022,,400,,
0,0,,0.999743,0.000029,0.000024,0.000089,0.000073,0.00002,0.000022,,400,,
0,0,,0.999743,0.000029,0.000024,0.000089,0.000073,0.00002,0.000022,,400,,
0,0,,0.999743,0.000029,0.000024,0.000089,0.000073,0.00002,0.000022,,400,,
0,0,,0.999743,0.000029,0.000024,0.000089,0.000073,0.00002,0.000022,,400,,
0,0,,0.999743,0.000029,0.000024,0.000089,0.000073,0.00002,0.000022,,500,,
0,0,,0.999743,0.000029,0.000024,0.000089,0.000073,0.00002,0.000022,,500,,
0,0,,0.995415,0.001074,0.000486,0.00148,0.001088,0.000261,0.000196,,400,,
0,0,,0.999743,0.000029,0.000024,0.000089,0.000073,0.00002,0.000022,,400,,
0,0,,0.999743,0.000029,0.000024,0.000089,0.000073,0.00002,0.000022,,400,,
0,0,,0.999743,0.000029,0.000024,0.000089,0.000073,0.00002,0.000022,,400,,
0,0,,0.999743,0.000029,0.000024,0.000089,0.000073,0.00002,0.000022,,400,,
0,0,,0.999743,0.000029,0.000024,0.000089,0.000073,0.00002,0.000022,,400,,
0,0,,0.999743,0.000029,0.000024,0.000089,0.000073,0.00002,0.000022,,500,,
0,0,,0.995415,0.001074,0.000486,0.00148,0.001088,0.000261,0.000196,,400,,
0,0,,0.995415,0.001074,0.000486,0.00148,0.001088,0.000261,0.000196,,400,,
0,0,,0.999743,0.000029,0.000024,0.000089,0.000073,0.00002,0.000022,,400,,
0,0,,0.999743,0.000029,0.000024,0.000089,0.000073,0.00002,0.000022,,400,,
0,0,,0.999743,0.000029,0.000024,0.000089,0.000073,0.00002,0.000022,,500,,
0,0,,0.999743,0.000029,0.000024,0.000089,0.000073,0.00002,0.000022,,400,,
0,0,,0.999743,0.000029,0.000024,0.000089,0.000073,0.00002,0.000022,,400,,
0,0,,0.999743,0.000029,0.000024,0.000089,0.000073,0.00002,0.000022,,400,,
0,0,,0.999743,0.000029,0.000024,0.000089,0.000073,0.00002,0.000022,,400,,
0,0,,0.998185,0.000051,0.000173,0.001416,0.000081,0.00008,0.000014,,400,,
0,0,,0.999743,0.000029,0.000024,0.000089,0.000073,0.00002,0.000022,,400,,
0,0,,0.995415,0.001074,0.000486,0.00148,0.001088,0.000261,0.000196,,400,,
0,0,,0.995415,0.001074,0.000486,0.00148,0.001088,0.000261,0.000196,,400,,
0,0,,0.999743,0.000029,0.000024,0.000089,0.000073,0.00002,0.000022,,400,,
0,0,,0.995415,0.001074,0.000486,0.00148,0.001088,0.000261,0.000196,,500,,
0,0,,0.995415,0.001074,0.000486,0.00148,0.001088,0.000261,0.000196,,400,,
0,0,,0.998178,0.000011,0.000038,0.001688,0.000064,0.000018,0.000003,,500,,
0,0,,0.999743,0.000029,0.000024,0.000089,0.000073,0.00002,0.000022,,400,,
0,0,,0.999743,0.000029,0.000024,0.000089,0.000073,0.00002,0.000022,,500,,
0,0,,0.999743,0.000029,0.000024,0.000089,0.000073,0.00002,0.000022,,400,,
0,0,,0.995415,0.001074,0.000486,0.00148,0.001088,0.000261,0.000196,,400,,
0,0,,0.999743,0.000029,0.000024,0.000089,0.000073,0.00002,0.000022,,400,,
0,0,,0.999743,0.000029,0.000024,0.000089,0.000073,0.00002,0.000022,,400,,
0,0,,0.999743,0.000029,0.000024,0.000089,0.000073,0.00002,0.000022,,400,,
0,0,,0.995415,0.001074,0.000486,0.00148,0.001088,0.000261,0.000196,,500,,
0,0,,0.999743,0.000029,0.000024,0.000089,0.000073,0.00002,0.000022,,400,,
0,0,,0.999743,0.000029,0.000024,0.000089,0.000073,0.00002,0.000022,,400,,
0,0,,0.995415,0.001074,0.000486,0.00148,0.001088,0.000261,0.000196,,400,,
0,0,,0.999743,0.000029,0.000024,0.000089,0.000073,0.00002,0.000022,,400,,
0,0,,0.999743,0.000029,0.000024,0.000089,0.000073,0.00002,0.000022,,400,,
0,0,,0.995415,0.001074,0.000486,0.00148,0.001088,0.000261,0.000196,,400,,
0,0,,0.999743,0.000029,0.000024,0.000089,0.000073,0.00002,0.000022,,400,,
0,0,,0.999743,0.000029,0.000024,0.000089,0.000073,0.00002,0.000022,,400,,
0,0,,0.995415,0.001074,0.000486,0.00148,0.001088,0.000261,0.000196,,500,,
0,0,,0.999743,0.000029,0.000024,0.000089,0.000073,0.00002,0.000022,,400,,
0,0,,0.999743,0.000029,0.000024,0.000089,0.000073,0.00002,0.000022,,400,,
0,0,,0.999743,0.000029,0.000024,0.000089,0.000073,0.00002,0.000022,,400,,
0,0,,0.998178,0.000011,0.000038,0.001688,0.000064,0.000018,0.000003,,500,,
0,0,,0.995415,0.001074,0.000486,0.00148,0.001088,0.000261,0.000196,,500,,
0,0,,0.998185,0.000051,0.000173,0.001416,0.000081,0.00008,0.000014,,500,,
0,0,,0.995415,0.001074,0.000486,0.00148,0.001088,0.000261,0.000196,,500,,
0,0,,0.995415,0.001074,0.000486,0.00148,0.001088,0.000261,0.000196,,500,,
0,0,,0.995415,0.001074,0.000486,0.00148,0.001088,0.000261,0.000196,,400,,
0,0,,0.999743,0.000029,0.000024,0.000089,0.000073,0.00002,0.000022,,400,,
0,0,,0.999743,0.000029,0.000024,0.000089,0.000073,0.00002,0.000022,,400,,
0,0,,0.995415,0.001074,0.000486,0.00148,0.001088,0.000261,0.000196,,400,,
0,0,,0.999743,0.000029,0.000024,0.000089,0.000073,0.00002,0.000022,,400,,
0,0,,0.999743,0.000029,0.000024,0.000089,0.000073,0.00002,0.000022,,400,,
0,0,,0.995415,0.001074,0.000486,0.00148,0.001088,0.000261,0.000196,,400,,
0,0,,0.995415,0.001074,0.000486,0.00148,0.001088,0.000261,0.000196,,400,,
0,0,,0.999743,0.000029,0.000024,0.000089,0.000073,0.00002,0.000022,,500,,
0,0,,0.999743,0.000029,0.000024,0.000089,0.000073,0.00002,0.000022,,400,,
0,0,,0.998178,0.000011,0.000038,0.001688,0.000064,0.000018,0.000003,,500,,
0,0,,0.999743,0.000029,0.000024,0.000089,0.000073,0.00002,0.000022,,500,,
0,0,,0.999743,0.000029,0.000024,0.000089,0.000073,0.00002,0.000022,,400,,
0,0,,0.999743,0.000029,0.000024,0.000089,0.000073,0.00002,0.000022,,400,,
0,0,,0.995415,0.001074,0.000486,0.00148,0.001088,0.000261,0.000196,,400,,
0,0,,0.999743,0.000029,0.000024,0.000089,0.000073,0.00002,0.000022,,400,,
0,0,,0.998185,0.000051,0.000173,0.001416,0.000081,0.00008,0.000014,,400,,
0,0,,0.999743,0.000029,0.000024,0.000089,0.000073,0.00002,0.000022,,400,,
0,0,,0.999743,0.000029,0.000024,0.000089,0.000073,0.00002,0.000022,,400,,
0,0,,0.998185,0.000051,0.000173,0.001416,0.000081,0.00008,0.000014,,400,,
0,0,,0.999743,0.000029,0.000024,0.000089,0.000073,0.00002,0.000022,,400,,
0,0,,0.995415,0.001074,0.000486,0.00148,0.001088,0.000261,0.000196,,400,,
0,0,,0.995415,0.001074,0.000486,0.00148,0.001088,0.000261,0.000196,,400,,
0,0,,0.998185,0.000051,0.000173,0.001416,0.000081,0.00008,0.000014,,500,,
0,0,,0.999743,0.000029,0.000024,0.000089,0.000073,0.00002,0.000022,,2400,,
0,0,,0.999743,0.000029,0.000024,0.000089,0.000073,0.00002,0.000022,,500,,
0,0,,0.999743,0.000029,0.000024,0.000089,0.000073,0.00002,0.000022,,500,,
0,0,,0.999743,0.000029,0.000024,0.000089,0.000073,0.00002,0.000022,,400,,
0,0,,0.999743,0.000029,0.000024,0.000089,0.000073,0.00002,0.000022,,400,,
0,0,,0.999743,0.000029,0.000024,0.000089,0.000073,0.00002,0.000022,,400,,
0,0,,0.995415,0.001074,0.000486,0.00148,0.001088,0.000261,0.000196,,400,,
0,0,,0.999743,0.000029,0.000024,0.000089,0.000073,0.00002,0.000022,,400,,
0,0,,0.999743,0.000029,0.000024,0.000089,0.000073,0.00002,0.000022,,500,,
0,0,,0.999743,0.000029,0.000024,0.000089,0.000073,0.00002,0.000022,,400,,
0,0,,0.999743,0.000029,0.000024,0.000089,0.000073,0.00002,0.000022,,400,,
0,0,,0.999743,0.000029,0.000024,0.000089,0.000073,0.00002,0.000022,,400,,
0,0,,0.998185,0.000051,0.000173,0.001416,0.000081,0.00008,0.000014,,400,,
0,0,,0.995415,0.001074,0.000486,0.00148,0.001088,0.000261,0.000196,,400,,
0,0,,0.995415,0.001074,0.000486,0.00148,0.001088,0.000261,0.000196,,400,,
0,0,,0.999743,0.000029,0.000024,0.000089,0.000073,0.00002,0.000022,,400,,
0,0,,0.995415,0.001074,0.000486,0.00148,0.001088,0.000261,0.000196,,400,,
0,0,,0.995415,0.001074,0.000486,0.00148,0.001088,0.000261,0.000196,,500,,
0,0,,0.999743,0.000029,0.000024,0.000089,0.000073,0.00002,0.000022,,500,,
0,0,,0.999743,0.000029,0.000024,0.000089,0.000073,0.00002,0.000022,,400,,
0,0,,0.995415,0.001074,0.000486,0.00148,0.001088,0.000261,0.000196,,400,,
0,0,,0.999743,0.000029,0.000024,0.000089,0.000073,0.00002,0.000022,,400,,
0,0,,0.999743,0.000029,0.000024,0.000089,0.000073,0.00002,0.000022,,400,,
0,0,,0.995415,0.001074,0.000486,0.00148,0.001088,0.000261,0.000196,,400,,
0,0,,0.995415,0.001074,0.000486,0.00148,0.001088,0.000261,0.000196,,500,,
0,0,,0.999743,0.000029,0.000024,0.000089,0.000073,0.00002,0.000022,,400,,
0,0,,0.999743,0.000029,0.000024,0.000089,0.000073,0.00002,0.000022,,400,,
0,0,,0.998185,0.000051,0.000173,0.001416,0.000081,0.00008,0.000014,,400,,
0,0,,0.999743,0.000029,0.000024,0.000089,0.000073,0.00002,0.000022,,400,,
0,0,,0.999743,0.000029,0.000024,0.000089,0.000073,0.00002,0.000022,,400,,
0,0,,0.999743,0.000029,0.000024,0.000089,0.000073,0.00002,0.000022,,400,,
0,0,,0.998178,0.000011,0.000038,0.001688,0.000064,0.000018,0.000003,,500,,
0,0,,0.995415,0.001074,0.000486,0.00148,0.001088,0.000261,0.000196,,400,,
0,0,,0.999743,0.000029,0.000024,0.000089,0.000073,0.00002,0.000022,,400,,
0,0,,0.995415,0.001074,0.000486,0.00148,0.001088,0.000261,0.000196,,400,,
0,0,,0.999743,0.000029,0.000024,0.000089,0.000073,0.00002,0.000022,,400,,
0,0,,0.999743,0.000029,0.000024,0.000089,0.000073,0.00002,0.000022,,400,,
0,0,,0.999743,0.000029,0.000024,0.000089,0.000073,0.00002,0.000022,,400,,
0,0,,0.998185,0.000051,0.000173,0.001416,0.000081,0.00008,0.000014,,500,,
0,0,,0.999743,0.000029,0.000024,0.000089,0.000073,0.00002,0.000022,,400,,
0,0,,0.995415,0.001074,0.000486,0.00148,0.001088,0.000261,0.000196,,400,,
0,0,,0.999743,0.000029,0.000024,0.000089,0.000073,0.00002,0.000022,,500,,
0,0,,0.999743,0.000029,0.000024,0.000089,0.000073,0.00002,0.000022,,500,,
0,0,,0.999743,0.000029,0.000024,0.000089,0.000073,0.00002,0.000022,,400,,
0,0,,0.999743,0.000029,0.000024,0.000089,0.000073,0.00002,0.000022,,400,,
0,0,,0.995415,0.001074,0.000486,0.00148,0.001088,0.000261,0.000196,,400,,
0,0,,0.995415,0.001074,0.000486,0.00148,0.001088,0.000261,0.000196,,400,,
0,0,,0.998185,0.000051,0.000173,0.001416,0.000081,0.00008,0.000014,,400,,
0,0,,0.995415,0.001074,0.000486,0.00148,0.001088,0.000261,0.000196,,400,,
0,0,,0.999743,0.000029,0.000024,0.000089,0.000073,0.00002,0.000022,,400,,
0,0,,0.999743,0.000029,0.000024,0.000089,0.000073,0.00002,0.000022,,400,,
0,0,,0.995415,0.001074,0.000486,0.00148,0.001088,0.000261,0.000196,,500,,
0,0,,0.999743,0.000029,0.000024,0.000089,0.000073,0.00002,0.000022,,400,,
0,0,,0.999743,0.000029,0.000024,0.000089,0.000073,0.00002,0.000022,,400,,
0,0,,0.999743,0.000029,0.000024,0.000089,0.000073,0.00002,0.000022,,400,,
0,0,,0.999743,0.000029,0.000024,0.000089,0.000073,0.00002,0.000022,,400,,
0,0,,0.998178,0.000011,0.000038,0.001688,0.000064,0.000018,0.000003,,400,,
0,0,,0.999743,0.000029,0.000024,0.000089,0.000073,0.00002,0.000022,,400,,
0,0,,0.995415,0.001074,0.000486,0.00148,0.001088,0.000261,0.000196,,400,,
0,0,,0.999743,0.000029,0.000024,0.000089,0.000073,0.00002,0.000022,,400,,
0,0,,0.999743,0.000029,0.000024,0.000089,0.000073,0.00002,0.000022,,400,,
0,0,,0.995415,0.001074,0.000486,0.00148,0.001088,0.000261,0.000196,,500,,
0,0,,0.995415,0.001074,0.000486,0.00148,0.001088,0.000261,0.000196,,500,,
0,0,,0.999743,0.000029,0.000024,0.000089,0.000073,0.00002,0.000022,,400,,
0,0,,0.999743,0.000029,0.000024,0.000089,0.000073,0.00002,0.000022,,400,,
0,0,,0.999743,0.000029,0.000024,0.000089,0.000073,0.00002,0.000022,,400,,
0,0,,0.998185,0.000051,0.000173,0.001416,0.000081,0.00008,0.000014,,400,,
0,0,,0.999743,0.000029,0.000024,0.000089,0.000073,0.00002,0.000022,,400,,
0,0,,0.995415,0.001074,0.000486,0.00148,0.001088,0.000261,0.000196,,400,,
0,0,,0.995415,0.001074,0.000486,0.00148,0.001088,0.000261,0.000196,,400,,
0,0,,0.995415,0.001074,0.000486,0.00148,0.001088,0.000261,0.000196,,500,,
0,0,,0.998185,0.000051,0.000173,0.001416,0.000081,0.00008,0.000014,,500,,
0,0,,0.999743,0.000029,0.000024,0.000089,0.000073,0.00002,0.000022,,500,,
0,0,,0.999743,0.000029,0.000024,0.000089,0.000073,0.00002,0.000022,,400,,
0,0,,0.999743,0.000029,0.000024,0.000089,0.000073,0.00002,0.000022,,400,,
0,0,,0.999743,0.000029,0.000024,0.000089,0.000073,0.00002,0.000022,,400,,
0,0,,0.999743,0.000029,0.000024,0.000089,0.000073,0.00002,0.000022,,400,,
0,0,,0.999743,0.000029,0.000024,0.000089,0.000073,0.00002,0.000022,,400,,
0,0,,0.995415,0.001074,0.000486,0.00148,0.001088,0.000261,0.000196,,500,,
0,0,,0.999743,0.000029,0.000024,0.000089,0.000073,0.00002,0.000022,,400,,
0,0,,0.995415,0.001074,0.000486,0.00148,0.001088,0.000261,0.000196,,400,,
0,0,,0.999743,0.000029,0.000024,0.000089,0.000073,0.00002,0.000022,,400,,
0,0,,0.999743,0.000029,0.000024,0.000089,0.000073,0.00002,0.000022,,400,,
0,0,,0.999743,0.000029,0.000024,0.000089,0.000073,0.00002,0.000022,,500,,
0,0,,0.999743,0.000029,0.000024,0.000089,0.000073,0.00002,0.000022,,400,,
0,0,,0.995415,0.001074,0.000486,0.00148,0.001088,0.000261,0.000196,,400,,
0,0,,0.995415,0.001074,0.000486,0.00148,0.001088,0.000261,0.000196,,400,,
0,0,,0.999743,0.000029,0.000024,0.000089,0.000073,0.00002,0.000022,,400,,
0,0,,0.999743,0.000029,0.000024,0.000089,0.000073,0.00002,0.000022,,500,,
0,0,,0.998185,0.000051,0.000173,0.001416,0.000081,0.00008,0.000014,,500,,
0,0,,0.999743,0.000029,0.000024,0.000089,0.000073,0.00002,0.000022,,400,,
0,0,,0.999743,0.000029,0.000024,0.000089,0.000073,0.00002,0.000022,,500,,
0,0,,0.998178,0.000011,0.000038,0.001688,0.000064,0.000018,0.000003,,500,,
0,0,,0.999743,0.000029,0.000024,0.000089,0.000073,0.00002,0.000022,,400,,
0,0,,0.999743,0.000029,0.000024,0.000089,0.000073,0.00002,0.000022,,400,,
0,0,,0.999743,0.000029,0.000024,0.000089,0.000073,0.00002,0.000022,,500,,
0,0,,0.999743,0.000029,0.000024,0.000089,0.000073,0.00002,0.000022,,500,,
0,0,,0.999743,0.000029,0.000024,0.000089,0.000073,0.00002,0.000022,,400,,
0,0,,0.998185,0.000051,0.000173,0.001416,0.000081,0.00008,0.000014,,500,,
0,0,,0.995415,0.001074,0.000486,0.00148,0.001088,0.000261,0.000196,,500,,
0,0,,0.999743,0.000029,0.000024,0.000089,0.000073,0.00002,0.000022,,400,,
0,0,,0.999743,0.000029,0.000024,0.000089,0.000073,0.00002,0.000022,,400,,
0,0,,0.999743,0.000029,0.000024,0.000089,0.000073,0.00002,0.000022,,400,,
0,0,,0.999743,0.000029,0.000024,0.000089,0.000073,0.00002,0.000022,,400,,
0,0,,0.995415,0.001074,0.000486,0.00148,0.001088,0.000261,0.000196,,400,,
0,0,,0.999743,0.000029,0.000024,0.000089,0.000073,0.00002,0.000022,,500,,
0,0,,0.998178,0.000011,0.000038,0.001688,0.000064,0.000018,0.000003,,500,,
0,0,,0.999743,0.000029,0.000024,0.000089,0.000073,0.00002,0.000022,,400,,
0,0,,0.999743,0.000029,0.000024,0.000089,0.000073,0.00002,0.000022,,400,,
0,0,,0.999743,0.000029,0.000024,0.000089,0.000073,0.00002,0.000022,,500,,
0,0,,0.995415,0.001074,0.000486,0.00148,0.001088,0.000261,0.000196,,500,,
0,0,,0.999743,0.000029,0.000024,0.000089,0.000073,0.00002,0.000022,,400,,
0,0,,0.999743,0.000029,0.000024,0.000089,0.000073,0.00002,0.000022,,400,,
0,0,,0.995415,0.001074,0.000486,0.00148,0.001088,0.000261,0.000196,,400,,
0,0,,0.999743,0.000029,0.000024,0.000089,0.000073,0.00002,0.000022,,400,,
0,0,,0.999743,0.000029,0.000024,0.000089,0.000073,0.00002,0.000022,,400,,
0,0,,0.999743,0.000029,0.000024,0.000089,0.000073,0.00002,0.000022,,500,,
0,0,,0.999743,0.000029,0.000024,0.000089,0.000073,0.00002,0.000022,,400,,
0,0,,0.999743,0.000029,0.000024,0.000089,0.000073,0.00002,0.000022,,400,,
0,0,,0.999743,0.000029,0.000024,0.000089,0.000073,0.00002,0.000022,,400,,
0,0,,0.999743,0.000029,0.000024,0.000089,0.000073,0.00002,0.000022,,400,,
0,0,,0.999743,0.000029,0.000024,0.000089,0.000073,0.00002,0.000022,,400,,
0,0,,0.995415,0.001074,0.000486,0.00148,0.001088,0.000261,0.000196,,400,,
0,0,,0.999743,0.000029,0.000024,0.000089,0.000073,0.00002,0.000022,,500,,
0,0,,0.999743,0.000029,0.000024,0.000089,0.000073,0.00002,0.000022,,500,,
0,0,,0.999743,0.000029,0.000024,0.000089,0.000073,0.00002,0.000022,,500,,
0,0,,0.999743,0.000029,0.000024,0.000089,0.000073,0.00002,0.000022,,400,,
0,0,,0.999743,0.000029,0.000024,0.000089,0.000073,0.00002,0.000022,,400,,
0,0,,0.999743,0.000029,0.000024,0.000089,0.000073,0.00002,0.000022,,400,,
0,0,,0.998178,0.000011,0.000038,0.001688,0.000064,0.000018,0.000003,,400,,
0,0,,0.999743,0.000029,0.000024,0.000089,0.000073,0.00002,0.000022,,400,,
0,0,,0.998178,0.000011,0.000038,0.001688,0.000064,0.000018,0.000003,,500,,
0,0,,0.999743,0.000029,0.000024,0.000089,0.000073,0.00002,0.000022,,400,,
0,0,,0.999743,0.000029,0.000024,0.000089,0.000073,0.00002,0.000022,,400,,
0,0,,0.998178,0.000011,0.000038,0.001688,0.000064,0.000018,0.000003,,500,,
0,0,,0.999743,0.000029,0.000024,0.000089,0.000073,0.00002,0.000022,,500,,
0,0,,0.995415,0.001074,0.000486,0.00148,0.001088,0.000261,0.000196,,500,,
0,0,,0.998178,0.000011,0.000038,0.001688,0.000064,0.000018,0.000003,,500,,
0,0,,0.999743,0.000029,0.000024,0.000089,0.000073,0.00002,0.000022,,400,,
0,0,,0.995415,0.001074,0.000486,0.00148,0.001088,0.000261,0.000196,,500,,
0,0,,0.999743,0.000029,0.000024,0.000089,0.000073,0.00002,0.000022,,500,,
0,0,,0.998178,0.000011,0.000038,0.001688,0.000064,0.000018,0.000003,,500,,
0,0,,0.999743,0.000029,0.000024,0.000089,0.000073,0.00002,0.000022,,400,,
0,0,,0.999743,0.000029,0.000024,0.000089,0.000073,0.00002,0.000022,,500,,
0,0,,0.998178,0.000011,0.000038,0.001688,0.000064,0.000018,0.000003,,500,,
0,0,,0.999743,0.000029,0.000024,0.000089,0.000073,0.00002,0.000022,,400,,
0,0,,0.999743,0.000029,0.000024,0.000089,0.000073,0.00002,0.000022,,500,,
0,0,,0.999743,0.000029,0.000024,0.000089,0.000073,0.00002,0.000022,,500,,
0,0,,0.998178,0.000011,0.000038,0.001688,0.000064,0.000018,0.000003,,500,,
0,0,,0.999743,0.000029,0.000024,0.000089,0.000073,0.00002,0.000022,,500,,
0,0,,0.999743,0.000029,0.000024,0.000089,0.000073,0.00002,0.000022,,500,,
0,0,,0.998178,0.000011,0.000038,0.001688,0.000064,0.000018,0.000003,,500,,
0,0,,0.999743,0.000029,0.000024,0.000089,0.000073,0.00002,0.000022,,400,,
0,0,,0.998178,0.000011,0.000038,0.001688,0.000064,0.000018,0.000003,,400,,
0,0,,0.999743,0.000029,0.000024,0.000089,0.000073,0.00002,0.000022,,400,,
0,0,,0.999743,0.000029,0.000024,0.000089,0.000073,0.00002,0.000022,,400,,
0,0,,0.998178,0.000011,0.000038,0.001688,0.000064,0.000018,0.000003,,500,,
0,0,,0.999743,0.000029,0.000024,0.000089,0.000073,0.00002,0.000022,,400,,
0,0,,0.995415,0.001074,0.000486,0.00148,0.001088,0.000261,0.000196,,400,,
0,0,,0.998178,0.000011,0.000038,0.001688,0.000064,0.000018,0.000003,,500,,
0,0,,0.999743,0.000029,0.000024,0.000089,0.000073,0.00002,0.000022,,400,,
0,0,,0.995415,0.001074,0.000486,0.00148,0.001088,0.000261,0.000196,,400,,
0,0,,0.995415,0.001074,0.000486,0.00148,0.001088,0.000261,0.000196,,400,,
0,0,,0.999743,0.000029,0.000024,0.000089,0.000073,0.00002,0.000022,,400,,
0,0,,0.999743,0.000029,0.000024,0.000089,0.000073,0.00002,0.000022,,400,,
0,0,,0.995415,0.001074,0.000486,0.00148,0.001088,0.000261,0.000196,,400,,
0,0,,0.999743,0.000029,0.000024,0.000089,0.000073,0.00002,0.000022,,500,,
0,0,,0.999743,0.000029,0.000024,0.000089,0.000073,0.00002,0.000022,,500,,
0,0,,0.995415,0.001074,0.000486,0.00148,0.001088,0.000261,0.000196,,500,,
0,0,,0.999743,0.000029,0.000024,0.000089,0.000073,0.00002,0.000022,,400,,
0,0,,0.998178,0.000011,0.000038,0.001688,0.000064,0.000018,0.000003,,500,,
0,0,,0.999743,0.000029,0.000024,0.000089,0.000073,0.00002,0.000022,,500,,
0,0,,0.995415,0.001074,0.000486,0.00148,0.001088,0.000261,0.000196,,500,,
0,0,,0.995415,0.001074,0.000486,0.00148,0.001088,0.000261,0.000196,,500,,
0,0,,0.999743,0.000029,0.000024,0.000089,0.000073,0.00002,0.000022,,400,,
0,0,,0.999743,0.000029,0.000024,0.000089,0.000073,0.00002,0.000022,,400,,
0,0,,0.999743,0.000029,0.000024,0.000089,0.000073,0.00002,0.000022,,400,,
0,0,,0.999743,0.000029,0.000024,0.000089,0.000073,0.00002,0.000022,,400,,
0,0,,0.998178,0.000011,0.000038,0.001688,0.000064,0.000018,0.000003,,400,,
0,0,,0.999743,0.000029,0.000024,0.000089,0.000073,0.00002,0.000022,,400,,
0,0,,0.995415,0.001074,0.000486,0.00148,0.001088,0.000261,0.000196,,400,,
0,0,,0.995415,0.001074,0.000486,0.00148,0.001088,0.000261,0.000196,,400,,
0,0,,0.998178,0.000011,0.000038,0.001688,0.000064,0.000018,0.000003,,500,,
0,0,,0.999743,0.000029,0.000024,0.000089,0.000073,0.00002,0.000022,,400,,
0,0,,0.999743,0.000029,0.000024,0.000089,0.000073,0.00002,0.000022,,500,,
0,0,,0.999743,0.000029,0.000024,0.000089,0.000073,0.00002,0.000022,,500,,
0,0,,0.999743,0.000029,0.000024,0.000089,0.000073,0.00002,0.000022,,400,,
0,0,,0.999743,0.000029,0.000024,0.000089,0.000073,0.00002,0.000022,,400,,
0,0,,0.999743,0.000029,0.000024,0.000089,0.000073,0.00002,0.000022,,400,,
0,0,,0.999743,0.000029,0.000024,0.000089,0.000073,0.00002,0.000022,,400,,
0,0,,0.999743,0.000029,0.000024,0.000089,0.000073,0.00002,0.000022,,400,,
0,0,,0.999743,0.000029,0.000024,0.000089,0.000073,0.00002,0.000022,,400,,
0,0,,0.999743,0.000029,0.000024,0.000089,0.000073,0.00002,0.000022,,500,,
0,0,,0.999743,0.000029,0.000024,0.000089,0.000073,0.00002,0.000022,,500,,
0,0,,0.998185,0.000051,0.000173,0.001416,0.000081,0.00008,0.000014,,500,,
0,0,,0.995415,0.001074,0.000486,0.00148,0.001088,0.000261,0.000196,,500,,
0,0,,0.999743,0.000029,0.000024,0.000089,0.000073,0.00002,0.000022,,400,,
0,0,,0.995415,0.001074,0.000486,0.00148,0.001088,0.000261,0.000196,,400,,
0,0,,0.999743,0.000029,0.000024,0.000089,0.000073,0.00002,0.000022,,400,,
0,0,,0.995415,0.001074,0.000486,0.00148,0.001088,0.000261,0.000196,,400,,
0,0,,0.998178,0.000011,0.000038,0.001688,0.000064,0.000018,0.000003,,400,,
0,0,,0.998178,0.000011,0.000038,0.001688,0.000064,0.000018,0.000003,,500,,
0,0,,0.999743,0.000029,0.000024,0.000089,0.000073,0.00002,0.000022,,500,,
0,0,,0.999743,0.000029,0.000024,0.000089,0.000073,0.00002,0.000022,,500,,
0,0,,0.995415,0.001074,0.000486,0.00148,0.001088,0.000261,0.000196,,500,,
0,0,,0.999743,0.000029,0.000024,0.000089,0.000073,0.00002,0.000022,,400,,
0,0,,0.995415,0.001074,0.000486,0.00148,0.001088,0.000261,0.000196,,400,,
0,0,,0.999743,0.000029,0.000024,0.000089,0.000073,0.00002,0.000022,,400,,
0,0,,0.999743,0.000029,0.000024,0.000089,0.000073,0.00002,0.000022,,400,,
0,0,,0.998178,0.000011,0.000038,0.001688,0.000064,0.000018,0.000003,,500,,
0,0,,0.995415,0.001074,0.000486,0.00148,0.001088,0.000261,0.000196,,400,,
0,0,,0.998185,0.000051,0.000173,0.001416,0.000081,0.00008,0.000014,,400,,
0,0,,0.999743,0.000029,0.000024,0.000089,0.000073,0.00002,0.000022,,400,,
0,0,,0.998185,0.000051,0.000173,0.001416,0.000081,0.00008,0.000014,,400,,
0,0,,0.999743,0.000029,0.000024,0.000089,0.000073,0.00002,0.000022,,400,,
0,0,,0.999743,0.000029,0.000024,0.000089,0.000073,0.00002,0.000022,,400,,
0,0,,0.995415,0.001074,0.000486,0.00148,0.001088,0.000261,0.000196,,400,,
0,0,,0.999743,0.000029,0.000024,0.000089,0.000073,0.00002,0.000022,,400,,
0,0,,0.998178,0.000011,0.000038,0.001688,0.000064,0.000018,0.000003,,400,,
0,0,,0.999743,0.000029,0.000024,0.000089,0.000073,0.00002,0.000022,,400,,
0,0,,0.999743,0.000029,0.000024,0.000089,0.000073,0.00002,0.000022,,400,,
0,0,,0.995415,0.001074,0.000486,0.00148,0.001088,0.000261,0.000196,,400,,
0,0,,0.998178,0.000011,0.000038,0.001688,0.000064,0.000018,0.000003,,400,,
0,0,,0.995415,0.001074,0.000486,0.00148,0.001088,0.000261,0.000196,,400,,
0,0,,0.995415,0.001074,0.000486,0.00148,0.001088,0.000261,0.000196,,400,,
0,0,,0.999743,0.000029,0.000024,0.000089,0.000073,0.00002,0.000022,,400,,
0,0,,0.995415,0.001074,0.000486,0.00148,0.001088,0.000261,0.000196,,400,,
0,0,,0.999743,0.000029,0.000024,0.000089,0.000073,0.00002,0.000022,,500,,
0,0,,0.999743,0.000029,0.000024,0.000089,0.000073,0.00002,0.000022,,500,,
0,0,,0.999743,0.000029,0.000024,0.000089,0.000073,0.00002,0.000022,,400,,
0,0,,0.998185,0.000051,0.000173,0.001416,0.000081,0.00008,0.000014,,500,,
0,0,,0.999743,0.000029,0.000024,0.000089,0.000073,0.00002,0.000022,,400,,
0,0,,0.999743,0.000029,0.000024,0.000089,0.000073,0.00002,0.000022,,400,,
0,0,,0.999743,0.000029,0.000024,0.000089,0.000073,0.00002,0.000022,,500,,
0,0,,0.999743,0.000029,0.000024,0.000089,0.000073,0.00002,0.000022,,500,,
0,0,,0.995415,0.001074,0.000486,0.00148,0.001088,0.000261,0.000196,,400,,
0,0,,0.998178,0.000011,0.000038,0.001688,0.000064,0.000018,0.000003,,400,,
0,0,,0.995415,0.001074,0.000486,0.00148,0.001088,0.000261,0.000196,,400,,
0,0,,0.999743,0.000029,0.000024,0.000089,0.000073,0.00002,0.000022,,400,,
0,0,,0.999743,0.000029,0.000024,0.000089,0.000073,0.00002,0.000022,,400,,
0,0,,0.999743,0.000029,0.000024,0.000089,0.000073,0.00002,0.000022,,400,,
0,0,,0.998185,0.000051,0.000173,0.001416,0.000081,0.00008,0.000014,,500,,
0,0,,0.999743,0.000029,0.000024,0.000089,0.000073,0.00002,0.000022,,400,,
0,0,,0.999743,0.000029,0.000024,0.000089,0.000073,0.00002,0.000022,,500,,
0,0,,0.998178,0.000011,0.000038,0.001688,0.000064,0.000018,0.000003,,500,,
0,0,,0.995415,0.001074,0.000486,0.00148,0.001088,0.000261,0.000196,,400,,
0,0,,0.999743,0.000029,0.000024,0.000089,0.000073,0.00002,0.000022,,500,,
0,0,,0.999743,0.000029,0.000024,0.000089,0.000073,0.00002,0.000022,,500,,
0,0,,0.999743,0.000029,0.000024,0.000089,0.000073,0.00002,0.000022,,400,,
0,0,,0.995415,0.001074,0.000486,0.00148,0.001088,0.000261,0.000196,,400,,
0,0,,0.995415,0.001074,0.000486,0.00148,0.001088,0.000261,0.000196,,400,,
0,0,,0.999743,0.000029,0.000024,0.000089,0.000073,0.00002,0.000022,,400,,
0,0,,0.995415,0.001074,0.000486,0.00148,0.001088,0.000261,0.000196,,500,,
0,0,,0.999743,0.000029,0.000024,0.000089,0.000073,0.00002,0.000022,,500,,
0,0,,0.998178,0.000011,0.000038,0.001688,0.000064,0.000018,0.000003,,500,,
0,0,,0.995415,0.001074,0.000486,0.00148,0.001088,0.000261,0.000196,,400,,
0,0,,0.999743,0.000029,0.000024,0.000089,0.000073,0.00002,0.000022,,400,,
0,0,,0.999743,0.000029,0.000024,0.000089,0.000073,0.00002,0.000022,,500,,
0,0,,0.999743,0.000029,0.000024,0.000089,0.000073,0.00002,0.000022,,400,,
0,0,,0.995415,0.001074,0.000486,0.00148,0.001088,0.000261,0.000196,,400,,
0,0,,0.999743,0.000029,0.000024,0.000089,0.000073,0.00002,0.000022,,400,,
0,0,,0.999743,0.000029,0.000024,0.000089,0.000073,0.00002,0.000022,,400,,
0,0,,0.995415,0.001074,0.000486,0.00148,0.001088,0.000261,0.000196,,400,,
0,0,,0.999743,0.000029,0.000024,0.000089,0.000073,0.00002,0.000022,,400,,
0,0,,0.998185,0.000051,0.000173,0.001416,0.000081,0.00008,0.000014,,400,,
0,0,,0.999743,0.000029,0.000024,0.000089,0.000073,0.00002,0.000022,,400,,
0,0,,0.999743,0.000029,0.000024,0.000089,0.000073,0.00002,0.000022,,400,,
0,0,,0.995415,0.001074,0.000486,0.00148,0.001088,0.000261,0.000196,,400,,
0,0,,0.999743,0.000029,0.000024,0.000089,0.000073,0.00002,0.000022,,400,,
0,0,,0.998185,0.000051,0.000173,0.001416,0.000081,0.00008,0.000014,,500,,
0,0,,0.999743,0.000029,0.000024,0.000089,0.000073,0.00002,0.000022,,400,,
0,0,,0.999743,0.000029,0.000024,0.000089,0.000073,0.00002,0.000022,,500,,
0,0,,0.995415,0.001074,0.000486,0.00148,0.001088,0.000261,0.000196,,500,,
0,0,,0.998178,0.000011,0.000038,0.001688,0.000064,0.000018,0.000003,,500,,
0,0,,0.998178,0.000011,0.000038,0.001688,0.000064,0.000018,0.000003,,400,,
0,0,,0.999743,0.000029,0.000024,0.000089,0.000073,0.00002,0.000022,,400,,
0,0,,0.999743,0.000029,0.000024,0.000089,0.000073,0.00002,0.000022,,400,,
0,0,,0.999743,0.000029,0.000024,0.000089,0.000073,0.00002,0.000022,,400,,
0,0,,0.995415,0.001074,0.000486,0.00148,0.001088,0.000261,0.000196,,400,,
0,0,,0.999743,0.000029,0.000024,0.000089,0.000073,0.00002,0.000022,,500,,
0,0,,0.999743,0.000029,0.000024,0.000089,0.000073,0.00002,0.000022,,400,,
0,0,,0.999743,0.000029,0.000024,0.000089,0.000073,0.00002,0.000022,,400,,
0,0,,0.999743,0.000029,0.000024,0.000089,0.000073,0.00002,0.000022,,400,,
0,0,,0.999743,0.000029,0.000024,0.000089,0.000073,0.00002,0.000022,,400,,
0,0,,0.999743,0.000029,0.000024,0.000089,0.000073,0.00002,0.000022,,400,,
0,0,,0.995415,0.001074,0.000486,0.00148,0.001088,0.000261,0.000196,,400,,
0,0,,0.995415,0.001074,0.000486,0.00148,0.001088,0.000261,0.000196,,500,,
0,0,,0.998185,0.000051,0.000173,0.001416,0.000081,0.00008,0.000014,,500,,
0,0,,0.999743,0.000029,0.000024,0.000089,0.000073,0.00002,0.000022,,500,,
0,0,,0.999743,0.000029,0.000024,0.000089,0.000073,0.00002,0.000022,,500,,
0,0,,0.999743,0.000029,0.000024,0.000089,0.000073,0.00002,0.000022,,400,,
0,0,,0.999743,0.000029,0.000024,0.000089,0.000073,0.00002,0.000022,,400,,
0,0,,0.998178,0.000011,0.000038,0.001688,0.000064,0.000018,0.000003,,500,,
0,0,,0.995415,0.001074,0.000486,0.00148,0.001088,0.000261,0.000196,,500,,
0,0,,0.999743,0.000029,0.000024,0.000089,0.000073,0.00002,0.000022,,500,,
0,0,,0.999743,0.000029,0.000024,0.000089,0.000073,0.00002,0.000022,,400,,
0,0,,0.995415,0.001074,0.000486,0.00148,0.001088,0.000261,0.000196,,400,,
0,0,,0.999743,0.000029,0.000024,0.000089,0.000073,0.00002,0.000022,,400,,
0,0,,0.999743,0.000029,0.000024,0.000089,0.000073,0.00002,0.000022,,400,,
0,0,,0.998178,0.000011,0.000038,0.001688,0.000064,0.000018,0.000003,,400,,
0,0,,0.998178,0.000011,0.000038,0.001688,0.000064,0.000018,0.000003,,500,,
0,0,,0.999743,0.000029,0.000024,0.000089,0.000073,0.00002,0.000022,,400,,
0,0,,0.998178,0.000011,0.000038,0.001688,0.000064,0.000018,0.000003,,500,,
0,0,,0.999743,0.000029,0.000024,0.000089,0.000073,0.00002,0.000022,,400,,
0,0,,0.999743,0.000029,0.000024,0.000089,0.000073,0.00002,0.000022,,400,,
0,0,,0.999743,0.000029,0.000024,0.000089,0.000073,0.00002,0.000022,,400,,
0,0,,0.995415,0.001074,0.000486,0.00148,0.001088,0.000261,0.000196,,500,,
0,0,,0.999743,0.000029,0.000024,0.000089,0.000073,0.00002,0.000022,,500,,
0,0,,0.998178,0.000011,0.000038,0.001688,0.000064,0.000018,0.000003,,500,,
0,0,,0.999743,0.000029,0.000024,0.000089,0.000073,0.00002,0.000022,,400,,
0,0,,0.995415,0.001074,0.000486,0.00148,0.001088,0.000261,0.000196,,400,,
0,0,,0.999743,0.000029,0.000024,0.000089,0.000073,0.00002,0.000022,,500,,
0,0,,0.999743,0.000029,0.000024,0.000089,0.000073,0.00002,0.000022,,500,,
0,0,,0.999743,0.000029,0.000024,0.000089,0.000073,0.00002,0.000022,,400,,
0,0,,0.999743,0.000029,0.000024,0.000089,0.000073,0.00002,0.000022,,400,,
0,0,,0.999743,0.000029,0.000024,0.000089,0.000073,0.00002,0.000022,,400,,
0,0,,0.999743,0.000029,0.000024,0.000089,0.000073,0.00002,0.000022,,400,,
0,0,,0.999743,0.000029,0.000024,0.000089,0.000073,0.00002,0.000022,,400,,
0,0,,0.999743,0.000029,0.000024,0.000089,0.000073,0.00002,0.000022,,500,,
0,0,,0.999743,0.000029,0.000024,0.000089,0.000073,0.00002,0.000022,,500,,
0,0,,0.999743,0.000029,0.000024,0.000089,0.000073,0.00002,0.000022,,500,,
0,0,,0.999743,0.000029,0.000024,0.000089,0.000073,0.00002,0.000022,,400,,
0,0,,0.999743,0.000029,0.000024,0.000089,0.000073,0.00002,0.000022,,400,,
0,0,,0.998178,0.000011,0.000038,0.001688,0.000064,0.000018,0.000003,,500,,
0,0,,0.998178,0.000011,0.000038,0.001688,0.000064,0.000018,0.000003,,500,,
0,0,,0.999743,0.000029,0.000024,0.000089,0.000073,0.00002,0.000022,,400,,
0,0,,0.999743,0.000029,0.000024,0.000089,0.000073,0.00002,0.000022,,400,,
0,0,,0.999743,0.000029,0.000024,0.000089,0.000073,0.00002,0.000022,,500,,
0,0,,0.998178,0.000011,0.000038,0.001688,0.000064,0.000018,0.000003,,500,,
0,0,,0.995415,0.001074,0.000486,0.00148,0.001088,0.000261,0.000196,,400,,
0,0,,0.995415,0.001074,0.000486,0.00148,0.001088,0.000261,0.000196,,400,,
0,0,,0.995415,0.001074,0.000486,0.00148,0.001088,0.000261,0.000196,,400,,
0,0,,0.999743,0.000029,0.000024,0.000089,0.000073,0.00002,0.000022,,500,,
0,0,,0.999743,0.000029,0.000024,0.000089,0.000073,0.00002,0.000022,,400,,
0,0,,0.999743,0.000029,0.000024,0.000089,0.000073,0.00002,0.000022,,400,,
0,0,,0.999743,0.000029,0.000024,0.000089,0.000073,0.00002,0.000022,,400,,
0,0,,0.995415,0.001074,0.000486,0.00148,0.001088,0.000261,0.000196,,400,,
0,0,,0.999743,0.000029,0.000024,0.000089,0.000073,0.00002,0.000022,,400,,
0,0,,0.999743,0.000029,0.000024,0.000089,0.000073,0.00002,0.000022,,400,,
0,0,,0.999743,0.000029,0.000024,0.000089,0.000073,0.00002,0.000022,,400,,
0,0,,0.999743,0.000029,0.000024,0.000089,0.000073,0.00002,0.000022,,500,,
0,0,,0.999743,0.000029,0.000024,0.000089,0.000073,0.00002,0.000022,,500,,
0,0,,0.995415,0.001074,0.000486,0.00148,0.001088,0.000261,0.000196,,500,,
0,0,,0.999743,0.000029,0.000024,0.000089,0.000073,0.00002,0.000022,,500,,
0,0,,0.995415,0.001074,0.000486,0.00148,0.001088,0.000261,0.000196,,400,,
0,0,,0.999743,0.000029,0.000024,0.000089,0.000073,0.00002,0.000022,,400,,
0,0,,0.999743,0.000029,0.000024,0.000089,0.000073,0.00002,0.000022,,400,,
0,0,,0.999743,0.000029,0.000024,0.000089,0.000073,0.00002,0.000022,,400,,
0,0,,0.999743,0.000029,0.000024,0.000089,0.000073,0.00002,0.000022,,400,,
0,0,,0.995415,0.001074,0.000486,0.00148,0.001088,0.000261,0.000196,,400,,
0,0,,0.999743,0.000029,0.000024,0.000089,0.000073,0.00002,0.000022,,500,,
0,0,,0.999743,0.000029,0.000024,0.000089,0.000073,0.00002,0.000022,,500,,
0,0,,0.999743,0.000029,0.000024,0.000089,0.000073,0.00002,0.000022,,400,,
0,0,,0.999743,0.000029,0.000024,0.000089,0.000073,0.00002,0.000022,,400,,
0,0,,0.999743,0.000029,0.000024,0.000089,0.000073,0.00002,0.000022,,400,,
0,0,,0.995415,0.001074,0.000486,0.00148,0.001088,0.000261,0.000196,,400,,
0,0,,0.998178,0.000011,0.000038,0.001688,0.000064,0.000018,0.000003,,400,,
0,0,,0.995415,0.001074,0.000486,0.00148,0.001088,0.000261,0.000196,,400,,
0,0,,0.999743,0.000029,0.000024,0.000089,0.000073,0.00002,0.000022,,400,,
0,0,,0.998178,0.000011,0.000038,0.001688,0.000064,0.000018,0.000003,,500,,
0,0,,0.999743,0.000029,0.000024,0.000089,0.000073,0.00002,0.000022,,500,,
0,0,,0.999743,0.000029,0.000024,0.000089,0.000073,0.00002,0.000022,,500,,
0,0,,0.995415,0.001074,0.000486,0.00148,0.001088,0.000261,0.000196,,400,,
0,0,,0.998185,0.000051,0.000173,0.001416,0.000081,0.00008,0.000014,,400,,
0,0,,0.999743,0.000029,0.000024,0.000089,0.000073,0.00002,0.000022,,400,,
0,0,,0.999743,0.000029,0.000024,0.000089,0.000073,0.00002,0.000022,,400,,
0,0,,0.999743,0.000029,0.000024,0.000089,0.000073,0.00002,0.000022,,400,,
0,0,,0.998178,0.000011,0.000038,0.001688,0.000064,0.000018,0.000003,,400,,
0,0,,0.999743,0.000029,0.000024,0.000089,0.000073,0.00002,0.000022,,400,,
0,0,,0.999743,0.000029,0.000024,0.000089,0.000073,0.00002,0.000022,,400,,
0,0,,0.995415,0.001074,0.000486,0.00148,0.001088,0.000261,0.000196,,400,,
0,0,,0.999743,0.000029,0.000024,0.000089,0.000073,0.00002,0.000022,,400,,
0,0,,0.999743,0.000029,0.000024,0.000089,0.000073,0.00002,0.000022,,500,,
0,0,,0.999743,0.000029,0.000024,0.000089,0.000073,0.00002,0.000022,,500,,
0,0,,0.995415,0.001074,0.000486,0.00148,0.001088,0.000261,0.000196,,400,,
0,0,,0.999743,0.000029,0.000024,0.000089,0.000073,0.00002,0.000022,,400,,
0,0,,0.999743,0.000029,0.000024,0.000089,0.000073,0.00002,0.000022,,400,,
0,0,,0.999743,0.000029,0.000024,0.000089,0.000073,0.00002,0.000022,,400,,
0,0,,0.998178,0.000011,0.000038,0.001688,0.000064,0.000018,0.000003,,500,,
0,0,,0.999743,0.000029,0.000024,0.000089,0.000073,0.00002,0.000022,,400,,
0,0,,0.999743,0.000029,0.000024,0.000089,0.000073,0.00002,0.000022,,400,,
0,0,,0.999743,0.000029,0.000024,0.000089,0.000073,0.00002,0.000022,,400,,
0,0,,0.999743,0.000029,0.000024,0.000089,0.000073,0.00002,0.000022,,400,,
0,0,,0.999743,0.000029,0.000024,0.000089,0.000073,0.00002,0.000022,,400,,
0,0,,0.995415,0.001074,0.000486,0.00148,0.001088,0.000261,0.000196,,400,,
0,0,,0.999743,0.000029,0.000024,0.000089,0.000073,0.00002,0.000022,,400,,
0,0,,0.995415,0.001074,0.000486,0.00148,0.001088,0.000261,0.000196,,500,,
0,0,,0.999743,0.000029,0.000024,0.000089,0.000073,0.00002,0.000022,,400,,
0,0,,0.999743,0.000029,0.000024,0.000089,0.000073,0.00002,0.000022,,400,,
0,0,,0.998178,0.000011,0.000038,0.001688,0.000064,0.000018,0.000003,,500,,
0,0,,0.999743,0.000029,0.000024,0.000089,0.000073,0.00002,0.000022,,500,,
0,0,,0.999743,0.000029,0.000024,0.000089,0.000073,0.00002,0.000022,,400,,
0,0,,0.999743,0.000029,0.000024,0.000089,0.000073,0.00002,0.000022,,400,,
0,0,,0.995415,0.001074,0.000486,0.00148,0.001088,0.000261,0.000196,,400,,
0,0,,0.999743,0.000029,0.000024,0.000089,0.000073,0.00002,0.000022,,400,,
0,0,,0.995415,0.001074,0.000486,0.00148,0.001088,0.000261,0.000196,,400,,
0,0,,0.999743,0.000029,0.000024,0.000089,0.000073,0.00002,0.000022,,400,,
0,0,,0.999743,0.000029,0.000024,0.000089,0.000073,0.00002,0.000022,,400,,
0,0,,0.999743,0.000029,0.000024,0.000089,0.000073,0.00002,0.000022,,500,,
0,0,,0.999743,0.000029,0.000024,0.000089,0.000073,0.00002,0.000022,,500,,
0,0,,0.999743,0.000029,0.000024,0.000089,0.000073,0.00002,0.000022,,400,,
0,0,,0.888434,0.058996,0.000913,0.015187,0.000335,0.035283,0.000852,,400,,
0,0,,0.995415,0.001074,0.000486,0.00148,0.001088,0.000261,0.000196,,400,,
0,0,,0.999743,0.000029,0.000024,0.000089,0.000073,0.00002,0.000022,,400,,
0,0,,0.998185,0.000051,0.000173,0.001416,0.000081,0.00008,0.000014,,400,,
0,0,,0.999743,0.000029,0.000024,0.000089,0.000073,0.00002,0.000022,,400,,
0,0,,0.995415,0.001074,0.000486,0.00148,0.001088,0.000261,0.000196,,400,,
0,0,,0.995415,0.001074,0.000486,0.00148,0.001088,0.000261,0.000196,,400,,
0,0,,0.995415,0.001074,0.000486,0.00148,0.001088,0.000261,0.000196,,400,,
0,0,,0.999743,0.000029,0.000024,0.000089,0.000073,0.00002,0.000022,,400,,
0,0,,0.999743,0.000029,0.000024,0.000089,0.000073,0.00002,0.000022,,500,,
0,0,,0.999743,0.000029,0.000024,0.000089,0.000073,0.00002,0.000022,,400,,
0,0,,0.999743,0.000029,0.000024,0.000089,0.000073,0.00002,0.000022,,400,,
0,0,,0.999743,0.000029,0.000024,0.000089,0.000073,0.00002,0.000022,,400,,
0,0,,0.999743,0.000029,0.000024,0.000089,0.000073,0.00002,0.000022,,400,,
0,0,,0.998178,0.000011,0.000038,0.001688,0.000064,0.000018,0.000003,,400,,
0,0,,0.999743,0.000029,0.000024,0.000089,0.000073,0.00002,0.000022,,400,,
0,0,,0.995415,0.001074,0.000486,0.00148,0.001088,0.000261,0.000196,,400,,
0,0,,0.999743,0.000029,0.000024,0.000089,0.000073,0.00002,0.000022,,400,,
0,0,,0.999743,0.000029,0.000024,0.000089,0.000073,0.00002,0.000022,,400,,
0,0,,0.995415,0.001074,0.000486,0.00148,0.001088,0.000261,0.000196,,500,,
0,0,,0.995415,0.001074,0.000486,0.00148,0.001088,0.000261,0.000196,,400,,
0,0,,0.999743,0.000029,0.000024,0.000089,0.000073,0.00002,0.000022,,500,,
0,0,,0.999743,0.000029,0.000024,0.000089,0.000073,0.00002,0.000022,,500,,
0,0,,0.999743,0.000029,0.000024,0.000089,0.000073,0.00002,0.000022,,500,,
0,0,,0.999743,0.000029,0.000024,0.000089,0.000073,0.00002,0.000022,,500,,
0,0,,0.999743,0.000029,0.000024,0.000089,0.000073,0.00002,0.000022,,400,,
0,0,,0.999743,0.000029,0.000024,0.000089,0.000073,0.00002,0.000022,,400,,
0,0,,0.998185,0.000051,0.000173,0.001416,0.000081,0.00008,0.000014,,400,,
0,0,,0.999743,0.000029,0.000024,0.000089,0.000073,0.00002,0.000022,,400,,
0,0,,0.999743,0.000029,0.000024,0.000089,0.000073,0.00002,0.000022,,500,,
0,0,,0.999743,0.000029,0.000024,0.000089,0.000073,0.00002,0.000022,,400,,
0,0,,0.999743,0.000029,0.000024,0.000089,0.000073,0.00002,0.000022,,400,,
0,0,,0.998178,0.000011,0.000038,0.001688,0.000064,0.000018,0.000003,,500,,
0,0,,0.995415,0.001074,0.000486,0.00148,0.001088,0.000261,0.000196,,500,,
0,0,,0.998185,0.000051,0.000173,0.001416,0.000081,0.00008,0.000014,,500,,
0,0,,0.995415,0.001074,0.000486,0.00148,0.001088,0.000261,0.000196,,400,,
0,0,,0.995415,0.001074,0.000486,0.00148,0.001088,0.000261,0.000196,,400,,
0,0,,0.999743,0.000029,0.000024,0.000089,0.000073,0.00002,0.000022,,500,,
0,0,,0.999743,0.000029,0.000024,0.000089,0.000073,0.00002,0.000022,,500,,
0,0,,0.999743,0.000029,0.000024,0.000089,0.000073,0.00002,0.000022,,400,,
0,0,,0.999743,0.000029,0.000024,0.000089,0.000073,0.00002,0.000022,,400,,
0,0,,0.999743,0.000029,0.000024,0.000089,0.000073,0.00002,0.000022,,400,,
0,0,,0.999743,0.000029,0.000024,0.000089,0.000073,0.00002,0.000022,,400,,
0,0,,0.999743,0.000029,0.000024,0.000089,0.000073,0.00002,0.000022,,400,,
0,0,,0.999743,0.000029,0.000024,0.000089,0.000073,0.00002,0.000022,,500,,
0,0,,0.998185,0.000051,0.000173,0.001416,0.000081,0.00008,0.000014,,500,,
0,0,,0.998178,0.000011,0.000038,0.001688,0.000064,0.000018,0.000003,,400,,
0,0,,0.995415,0.001074,0.000486,0.00148,0.001088,0.000261,0.000196,,400,,
0,0,,0.999743,0.000029,0.000024,0.000089,0.000073,0.00002,0.000022,,400,,
0,0,,0.999743,0.000029,0.000024,0.000089,0.000073,0.00002,0.000022,,400,,
0,0,,0.995415,0.001074,0.000486,0.00148,0.001088,0.000261,0.000196,,400,,
0,0,,0.995415,0.001074,0.000486,0.00148,0.001088,0.000261,0.000196,,400,,
0,0,,0.999743,0.000029,0.000024,0.000089,0.000073,0.00002,0.000022,,500,,
0,0,,0.998178,0.000011,0.000038,0.001688,0.000064,0.000018,0.000003,,500,,
0,0,,0.995415,0.001074,0.000486,0.00148,0.001088,0.000261,0.000196,,400,,
0,0,,0.999743,0.000029,0.000024,0.000089,0.000073,0.00002,0.000022,,400,,
0,0,,0.998178,0.000011,0.000038,0.001688,0.000064,0.000018,0.000003,,400,,
0,0,,0.999743,0.000029,0.000024,0.000089,0.000073,0.00002,0.000022,,400,,
0,0,,0.999743,0.000029,0.000024,0.000089,0.000073,0.00002,0.000022,,400,,
0,0,,0.999743,0.000029,0.000024,0.000089,0.000073,0.00002,0.000022,,400,,
0,0,,0.999743,0.000029,0.000024,0.000089,0.000073,0.00002,0.000022,,400,,
0,0,,0.999743,0.000029,0.000024,0.000089,0.000073,0.00002,0.000022,,500,,
0,0,,0.999743,0.000029,0.000024,0.000089,0.000073,0.00002,0.000022,,400,,
0,0,,0.995415,0.001074,0.000486,0.00148,0.001088,0.000261,0.000196,,400,,
0,0,,0.999743,0.000029,0.000024,0.000089,0.000073,0.00002,0.000022,,400,,
0,0,,0.999743,0.000029,0.000024,0.000089,0.000073,0.00002,0.000022,,400,,
0,0,,0.999743,0.000029,0.000024,0.000089,0.000073,0.00002,0.000022,,400,,
0,0,,0.998178,0.000011,0.000038,0.001688,0.000064,0.000018,0.000003,,400,,
0,0,,0.999743,0.000029,0.000024,0.000089,0.000073,0.00002,0.000022,,400,,
0,0,,0.995415,0.001074,0.000486,0.00148,0.001088,0.000261,0.000196,,400,,
0,0,,0.998178,0.000011,0.000038,0.001688,0.000064,0.000018,0.000003,,400,,
0,0,,0.995415,0.001074,0.000486,0.00148,0.001088,0.000261,0.000196,,500,,
0,0,,0.995415,0.001074,0.000486,0.00148,0.001088,0.000261,0.000196,,400,,
0,0,,0.995415,0.001074,0.000486,0.00148,0.001088,0.000261,0.000196,,400,,
0,0,,0.999743,0.000029,0.000024,0.000089,0.000073,0.00002,0.000022,,400,,
0,0,,0.999743,0.000029,0.000024,0.000089,0.000073,0.00002,0.000022,,400,,
0,0,,0.999743,0.000029,0.000024,0.000089,0.000073,0.00002,0.000022,,400,,
0,0,,0.995415,0.001074,0.000486,0.00148,0.001088,0.000261,0.000196,,500,,
0,0,,0.995415,0.001074,0.000486,0.00148,0.001088,0.000261,0.000196,,500,,
0,0,,0.995415,0.001074,0.000486,0.00148,0.001088,0.000261,0.000196,,400,,
0,0,,0.999743,0.000029,0.000024,0.000089,0.000073,0.00002,0.000022,,400,,
0,0,,0.999743,0.000029,0.000024,0.000089,0.000073,0.00002,0.000022,,400,,
0,0,,0.995415,0.001074,0.000486,0.00148,0.001088,0.000261,0.000196,,400,,
0,0,,0.999743,0.000029,0.000024,0.000089,0.000073,0.00002,0.000022,,500,,
0,0,,0.999743,0.000029,0.000024,0.000089,0.000073,0.00002,0.000022,,400,,
0,0,,0.999743,0.000029,0.000024,0.000089,0.000073,0.00002,0.000022,,400,,
0,0,,0.999743,0.000029,0.000024,0.000089,0.000073,0.00002,0.000022,,400,,
0,0,,0.999743,0.000029,0.000024,0.000089,0.000073,0.00002,0.000022,,400,,
0,0,,0.999743,0.000029,0.000024,0.000089,0.000073,0.00002,0.000022,,500,,
0,0,,0.995415,0.001074,0.000486,0.00148,0.001088,0.000261,0.000196,,400,,
0,0,,0.998178,0.000011,0.000038,0.001688,0.000064,0.000018,0.000003,,500,,
0,0,,0.999743,0.000029,0.000024,0.000089,0.000073,0.00002,0.000022,,500,,
0,0,,0.998185,0.000051,0.000173,0.001416,0.000081,0.00008,0.000014,,500,,
0,0,,0.998178,0.000011,0.000038,0.001688,0.000064,0.000018,0.000003,,400,,
0,0,,0.999743,0.000029,0.000024,0.000089,0.000073,0.00002,0.000022,,400,,
0,0,,0.995415,0.001074,0.000486,0.00148,0.001088,0.000261,0.000196,,400,,
0,0,,0.995415,0.001074,0.000486,0.00148,0.001088,0.000261,0.000196,,400,,
0,0,,0.999743,0.000029,0.000024,0.000089,0.000073,0.00002,0.000022,,400,,
0,0,,0.999743,0.000029,0.000024,0.000089,0.000073,0.00002,0.000022,,400,,
0,0,,0.995415,0.001074,0.000486,0.00148,0.001088,0.000261,0.000196,,500,,
0,0,,0.999743,0.000029,0.000024,0.000089,0.000073,0.00002,0.000022,,400,,
0,0,,0.999743,0.000029,0.000024,0.000089,0.000073,0.00002,0.000022,,400,,
0,0,,0.999743,0.000029,0.000024,0.000089,0.000073,0.00002,0.000022,,400,,
0,0,,0.999743,0.000029,0.000024,0.000089,0.000073,0.00002,0.000022,,400,,
0,0,,0.999743,0.000029,0.000024,0.000089,0.000073,0.00002,0.000022,,400,,
0,0,,0.999743,0.000029,0.000024,0.000089,0.000073,0.00002,0.000022,,500,,
0,0,,0.999743,0.000029,0.000024,0.000089,0.000073,0.00002,0.000022,,500,,
0,0,,0.995415,0.001074,0.000486,0.00148,0.001088,0.000261,0.000196,,400,,
0,0,,0.999743,0.000029,0.000024,0.000089,0.000073,0.00002,0.000022,,400,,
0,0,,0.995415,0.001074,0.000486,0.00148,0.001088,0.000261,0.000196,,400,,
0,0,,0.999743,0.000029,0.000024,0.000089,0.000073,0.00002,0.000022,,400,,
0,0,,0.995415,0.001074,0.000486,0.00148,0.001088,0.000261,0.000196,,400,,
0,0,,0.999743,0.000029,0.000024,0.000089,0.000073,0.00002,0.000022,,400,,
0,0,,0.995415,0.001074,0.000486,0.00148,0.001088,0.000261,0.000196,,400,,
0,0,,0.999743,0.000029,0.000024,0.000089,0.000073,0.00002,0.000022,,400,,
0,0,,0.995415,0.001074,0.000486,0.00148,0.001088,0.000261,0.000196,,500,,
0,0,,0.999743,0.000029,0.000024,0.000089,0.000073,0.00002,0.000022,,500,,
0,0,,0.998185,0.000051,0.000173,0.001416,0.000081,0.00008,0.000014,,500,,
0,0,,0.999743,0.000029,0.000024,0.000089,0.000073,0.00002,0.000022,,400,,
0,0,,0.999743,0.000029,0.000024,0.000089,0.000073,0.00002,0.000022,,500,,
0,0,,0.999743,0.000029,0.000024,0.000089,0.000073,0.00002,0.000022,,500,,
0,0,,0.999743,0.000029,0.000024,0.000089,0.000073,0.00002,0.000022,,500,,
0,0,,0.999743,0.000029,0.000024,0.000089,0.000073,0.00002,0.000022,,400,,
0,0,,0.998178,0.000011,0.000038,0.001688,0.000064,0.000018,0.000003,,500,,
0,0,,0.999743,0.000029,0.000024,0.000089,0.000073,0.00002,0.000022,,500,,
0,0,,0.999743,0.000029,0.000024,0.000089,0.000073,0.00002,0.000022,,500,,
0,0,,0.999743,0.000029,0.000024,0.000089,0.000073,0.00002,0.000022,,400,,
0,0,,0.999743,0.000029,0.000024,0.000089,0.000073,0.00002,0.000022,,400,,
0,0,,0.998178,0.000011,0.000038,0.001688,0.000064,0.000018,0.000003,,500,,
0,0,,0.999743,0.000029,0.000024,0.000089,0.000073,0.00002,0.000022,,500,,
0,0,,0.998178,0.000011,0.000038,0.001688,0.000064,0.000018,0.000003,,500,,
0,0,,0.995415,0.001074,0.000486,0.00148,0.001088,0.000261,0.000196,,400,,
0,0,,0.999743,0.000029,0.000024,0.000089,0.000073,0.00002,0.000022,,500,,
0,0,,0.999743,0.000029,0.000024,0.000089,0.000073,0.00002,0.000022,,400,,
0,0,,0.998178,0.000011,0.000038,0.001688,0.000064,0.000018,0.000003,,500,,
0,0,,0.999743,0.000029,0.000024,0.000089,0.000073,0.00002,0.000022,,500,,
0,0,,0.999743,0.000029,0.000024,0.000089,0.000073,0.00002,0.000022,,400,,
0,0,,0.995415,0.001074,0.000486,0.00148,0.001088,0.000261,0.000196,,400,,
0,0,,0.998185,0.000051,0.000173,0.001416,0.000081,0.00008,0.000014,,400,,
0,0,,0.999743,0.000029,0.000024,0.000089,0.000073,0.00002,0.000022,,400,,
0,0,,0.998178,0.000011,0.000038,0.001688,0.000064,0.000018,0.000003,,500,,
0,0,,0.999743,0.000029,0.000024,0.000089,0.000073,0.00002,0.000022,,500,,
0,0,,0.999743,0.000029,0.000024,0.000089,0.000073,0.00002,0.000022,,400,,
0,0,,0.999743,0.000029,0.000024,0.000089,0.000073,0.00002,0.000022,,400,,
0,0,,0.995415,0.001074,0.000486,0.00148,0.001088,0.000261,0.000196,,400,,
0,0,,0.995415,0.001074,0.000486,0.00148,0.001088,0.000261,0.000196,,400,,
0,0,,0.999743,0.000029,0.000024,0.000089,0.000073,0.00002,0.000022,,400,,
0,0,,0.995415,0.001074,0.000486,0.00148,0.001088,0.000261,0.000196,,500,,
0,0,,0.999743,0.000029,0.000024,0.000089,0.000073,0.00002,0.000022,,500,,
0,0,,0.999743,0.000029,0.000024,0.000089,0.000073,0.00002,0.000022,,500,,
0,0,,0.999743,0.000029,0.000024,0.000089,0.000073,0.00002,0.000022,,400,,
0,0,,0.999743,0.000029,0.000024,0.000089,0.000073,0.00002,0.000022,,400,,
0,0,,0.999743,0.000029,0.000024,0.000089,0.000073,0.00002,0.000022,,400,,
0,0,,0.999743,0.000029,0.000024,0.000089,0.000073,0.00002,0.000022,,400,,
0,0,,0.995415,0.001074,0.000486,0.00148,0.001088,0.000261,0.000196,,400,,
0,0,,0.999743,0.000029,0.000024,0.000089,0.000073,0.00002,0.000022,,500,,
0,0,,0.999743,0.000029,0.000024,0.000089,0.000073,0.00002,0.000022,,500,,
0,0,,0.999743,0.000029,0.000024,0.000089,0.000073,0.00002,0.000022,,400,,
0,0,,0.995415,0.001074,0.000486,0.00148,0.001088,0.000261,0.000196,,400,,
0,0,,0.995415,0.001074,0.000486,0.00148,0.001088,0.000261,0.000196,,400,,
0,0,,0.999743,0.000029,0.000024,0.000089,0.000073,0.00002,0.000022,,400,,
0,0,,0.995415,0.001074,0.000486,0.00148,0.001088,0.000261,0.000196,,400,,
0,0,,0.995415,0.001074,0.000486,0.00148,0.001088,0.000261,0.000196,,500,,
0,0,,0.999743,0.000029,0.000024,0.000089,0.000073,0.00002,0.000022,,500,,
0,0,,0.995415,0.001074,0.000486,0.00148,0.001088,0.000261,0.000196,,500,,
0,0,,0.999743,0.000029,0.000024,0.000089,0.000073,0.00002,0.000022,,400,,
0,0,,0.995415,0.001074,0.000486,0.00148,0.001088,0.000261,0.000196,,400,,
0,0,,0.995415,0.001074,0.000486,0.00148,0.001088,0.000261,0.000196,,400,,
0,0,,0.995415,0.001074,0.000486,0.00148,0.001088,0.000261,0.000196,,400,,
0,0,,0.999743,0.000029,0.000024,0.000089,0.000073,0.00002,0.000022,,400,,
0,0,,0.999743,0.000029,0.000024,0.000089,0.000073,0.00002,0.000022,,500,,
0,0,,0.999743,0.000029,0.000024,0.000089,0.000073,0.00002,0.000022,,500,,
0,0,,0.995415,0.001074,0.000486,0.00148,0.001088,0.000261,0.000196,,500,,
0,0,,0.998178,0.000011,0.000038,0.001688,0.000064,0.000018,0.000003,,500,,
0,0,,0.995415,0.001074,0.000486,0.00148,0.001088,0.000261,0.000196,,400,,
0,0,,0.999743,0.000029,0.000024,0.000089,0.000073,0.00002,0.000022,,500,,
0,0,,0.999743,0.000029,0.000024,0.000089,0.000073,0.00002,0.000022,,500,,
0,0,,0.999743,0.000029,0.000024,0.000089,0.000073,0.00002,0.000022,,400,,
0,0,,0.999743,0.000029,0.000024,0.000089,0.000073,0.00002,0.000022,,400,,
0,0,,0.995415,0.001074,0.000486,0.00148,0.001088,0.000261,0.000196,,400,,
0,0,,0.999743,0.000029,0.000024,0.000089,0.000073,0.00002,0.000022,,400,,
0,0,,0.999743,0.000029,0.000024,0.000089,0.000073,0.00002,0.000022,,400,,
0,0,,0.999743,0.000029,0.000024,0.000089,0.000073,0.00002,0.000022,,400,,
0,0,,0.999743,0.000029,0.000024,0.000089,0.000073,0.00002,0.000022,,400,,
0,0,,0.999743,0.000029,0.000024,0.000089,0.000073,0.00002,0.000022,,500,,
0,0,,0.999743,0.000029,0.000024,0.000089,0.000073,0.00002,0.000022,,500,,
0,0,,0.999743,0.000029,0.000024,0.000089,0.000073,0.00002,0.000022,,400,,
0,0,,0.999743,0.000029,0.000024,0.000089,0.000073,0.00002,0.000022,,400,,
0,0,,0.999743,0.000029,0.000024,0.000089,0.000073,0.00002,0.000022,,400,,
0,0,,0.999743,0.000029,0.000024,0.000089,0.000073,0.00002,0.000022,,400,,
0,0,,0.999743,0.000029,0.000024,0.000089,0.000073,0.00002,0.000022,,400,,
0,0,,0.999743,0.000029,0.000024,0.000089,0.000073,0.00002,0.000022,,400,,
0,0,,0.999743,0.000029,0.000024,0.000089,0.000073,0.00002,0.000022,,500,,
0,0,,0.999743,0.000029,0.000024,0.000089,0.000073,0.00002,0.000022,,500,,
0,0,,0.998185,0.000051,0.000173,0.001416,0.000081,0.00008,0.000014,,500,,
0,0,,0.999743,0.000029,0.000024,0.000089,0.000073,0.00002,0.000022,,400,,
0,0,,0.999743,0.000029,0.000024,0.000089,0.000073,0.00002,0.000022,,500,,
0,0,,0.999743,0.000029,0.000024,0.000089,0.000073,0.00002,0.000022,,500,,
0,0,,0.999743,0.000029,0.000024,0.000089,0.000073,0.00002,0.000022,,400,,
0,0,,0.999743,0.000029,0.000024,0.000089,0.000073,0.00002,0.000022,,400,,
0,0,,0.995415,0.001074,0.000486,0.00148,0.001088,0.000261,0.000196,,400,,
0,0,,0.995415,0.001074,0.000486,0.00148,0.001088,0.000261,0.000196,,400,,
0,0,,0.999743,0.000029,0.000024,0.000089,0.000073,0.00002,0.000022,,400,,
0,0,,0.999743,0.000029,0.000024,0.000089,0.000073,0.00002,0.000022,,500,,
0,0,,0.998185,0.000051,0.000173,0.001416,0.000081,0.00008,0.000014,,500,,
0,0,,0.999743,0.000029,0.000024,0.000089,0.000073,0.00002,0.000022,,400,,
0,0,,0.999743,0.000029,0.000024,0.000089,0.000073,0.00002,0.000022,,400,,
0,0,,0.999743,0.000029,0.000024,0.000089,0.000073,0.00002,0.000022,,500,,
0,0,,0.995415,0.001074,0.000486,0.00148,0.001088,0.000261,0.000196,,500,,
0,0,,0.999743,0.000029,0.000024,0.000089,0.000073,0.00002,0.000022,,400,,
0,0,,0.998185,0.000051,0.000173,0.001416,0.000081,0.00008,0.000014,,400,,
0,0,,0.999743,0.000029,0.000024,0.000089,0.000073,0.00002,0.000022,,400,,
0,0,,0.999743,0.000029,0.000024,0.000089,0.000073,0.00002,0.000022,,400,,
0,0,,0.999743,0.000029,0.000024,0.000089,0.000073,0.00002,0.000022,,400,,
0,0,,0.999743,0.000029,0.000024,0.000089,0.000073,0.00002,0.000022,,400,,
0,0,,0.995415,0.001074,0.000486,0.00148,0.001088,0.000261,0.000196,,400,,
0,0,,0.998178,0.000011,0.000038,0.001688,0.000064,0.000018,0.000003,,500,,
0,0,,0.999743,0.000029,0.000024,0.000089,0.000073,0.00002,0.000022,,400,,
0,0,,0.995415,0.001074,0.000486,0.00148,0.001088,0.000261,0.000196,,400,,
0,0,,0.999743,0.000029,0.000024,0.000089,0.000073,0.00002,0.000022,,500,,
0,0,,0.999743,0.000029,0.000024,0.000089,0.000073,0.00002,0.000022,,400,,
0,0,,0.999743,0.000029,0.000024,0.000089,0.000073,0.00002,0.000022,,400,,
0,0,,0.999743,0.000029,0.000024,0.000089,0.000073,0.00002,0.000022,,400,,
0,0,,0.998185,0.000051,0.000173,0.001416,0.000081,0.00008,0.000014,,400,,
0,0,,0.999743,0.000029,0.000024,0.000089,0.000073,0.00002,0.000022,,400,,
0,0,,0.995415,0.001074,0.000486,0.00148,0.001088,0.000261,0.000196,,400,,
0,0,,0.995415,0.001074,0.000486,0.00148,0.001088,0.000261,0.000196,,400,,
0,0,,0.999743,0.000029,0.000024,0.000089,0.000073,0.00002,0.000022,,400,,
0,0,,0.999743,0.000029,0.000024,0.000089,0.000073,0.00002,0.000022,,400,,
0,0,,0.999743,0.000029,0.000024,0.000089,0.000073,0.00002,0.000022,,500,,
0,0,,0.995415,0.001074,0.000486,0.00148,0.001088,0.000261,0.000196,,400,,
0,0,,0.995415,0.001074,0.000486,0.00148,0.001088,0.000261,0.000196,,500,,
0,0,,0.999743,0.000029,0.000024,0.000089,0.000073,0.00002,0.000022,,400,,
0,0,,0.999743,0.000029,0.000024,0.000089,0.000073,0.00002,0.000022,,400,,
0,0,,0.999743,0.000029,0.000024,0.000089,0.000073,0.00002,0.000022,,400,,
0,0,,0.995415,0.001074,0.000486,0.00148,0.001088,0.000261,0.000196,,500,,
0,0,,0.999743,0.000029,0.000024,0.000089,0.000073,0.00002,0.000022,,400,,
0,0,,0.995415,0.001074,0.000486,0.00148,0.001088,0.000261,0.000196,,400,,
0,0,,0.995415,0.001074,0.000486,0.00148,0.001088,0.000261,0.000196,,400,,
0,0,,0.755722,0.003211,0.19723,0.001742,0.000274,0.00232,0.039501,,400,,
0,0,,0.999743,0.000029,0.000024,0.000089,0.000073,0.00002,0.000022,,400,,
0,0,,0.999743,0.000029,0.000024,0.000089,0.000073,0.00002,0.000022,,400,,
0,0,,0.999743,0.000029,0.000024,0.000089,0.000073,0.00002,0.000022,,500,,
0,0,,0.999743,0.000029,0.000024,0.000089,0.000073,0.00002,0.000022,,500,,
0,0,,0.999743,0.000029,0.000024,0.000089,0.000073,0.00002,0.000022,,400,,
0,0,,0.995415,0.001074,0.000486,0.00148,0.001088,0.000261,0.000196,,400,,
0,0,,0.995415,0.001074,0.000486,0.00148,0.001088,0.000261,0.000196,,400,,
0,0,,0.995415,0.001074,0.000486,0.00148,0.001088,0.000261,0.000196,,400,,
0,0,,0.999743,0.000029,0.000024,0.000089,0.000073,0.00002,0.000022,,400,,
0,0,,0.999743,0.000029,0.000024,0.000089,0.000073,0.00002,0.000022,,400,,
0,0,,0.999743,0.000029,0.000024,0.000089,0.000073,0.00002,0.000022,,500,,
0,0,,0.998178,0.000011,0.000038,0.001688,0.000064,0.000018,0.000003,,500,,
0,0,,0.999743,0.000029,0.000024,0.000089,0.000073,0.00002,0.000022,,400,,
0,0,,0.995415,0.001074,0.000486,0.00148,0.001088,0.000261,0.000196,,400,,
0,0,,0.999743,0.000029,0.000024,0.000089,0.000073,0.00002,0.000022,,500,,
0,0,,0.995415,0.001074,0.000486,0.00148,0.001088,0.000261,0.000196,,500,,
0,0,,0.995415,0.001074,0.000486,0.00148,0.001088,0.000261,0.000196,,400,,
0,0,,0.999743,0.000029,0.000024,0.000089,0.000073,0.00002,0.000022,,400,,
0,0,,0.999743,0.000029,0.000024,0.000089,0.000073,0.00002,0.000022,,400,,
0,0,,0.999743,0.000029,0.000024,0.000089,0.000073,0.00002,0.000022,,400,,
0,0,,0.999743,0.000029,0.000024,0.000089,0.000073,0.00002,0.000022,,400,,
0,0,,0.999743,0.000029,0.000024,0.000089,0.000073,0.00002,0.000022,,500,,
0,0,,0.995415,0.001074,0.000486,0.00148,0.001088,0.000261,0.000196,,500,,
0,0,,0.999743,0.000029,0.000024,0.000089,0.000073,0.00002,0.000022,,400,,
0,0,,0.998178,0.000011,0.000038,0.001688,0.000064,0.000018,0.000003,,500,,
0,0,,0.998178,0.000011,0.000038,0.001688,0.000064,0.000018,0.000003,,400,,
0,0,,0.999743,0.000029,0.000024,0.000089,0.000073,0.00002,0.000022,,400,,
0,0,,0.995415,0.001074,0.000486,0.00148,0.001088,0.000261,0.000196,,400,,
0,0,,0.995415,0.001074,0.000486,0.00148,0.001088,0.000261,0.000196,,400,,
0,0,,0.999743,0.000029,0.000024,0.000089,0.000073,0.00002,0.000022,,400,,
0,0,,0.999743,0.000029,0.000024,0.000089,0.000073,0.00002,0.000022,,500,,
0,0,,0.999743,0.000029,0.000024,0.000089,0.000073,0.00002,0.000022,,500,,
0,0,,0.995415,0.001074,0.000486,0.00148,0.001088,0.000261,0.000196,,400,,
0,0,,0.999743,0.000029,0.000024,0.000089,0.000073,0.00002,0.000022,,400,,
0,0,,0.999743,0.000029,0.000024,0.000089,0.000073,0.00002,0.000022,,400,,
0,0,,0.999743,0.000029,0.000024,0.000089,0.000073,0.00002,0.000022,,400,,
0,0,,0.999743,0.000029,0.000024,0.000089,0.000073,0.00002,0.000022,,400,,
0,0,,0.995415,0.001074,0.000486,0.00148,0.001088,0.000261,0.000196,,400,,
0,0,,0.999743,0.000029,0.000024,0.000089,0.000073,0.00002,0.000022,,500,,
0,0,,0.999743,0.000029,0.000024,0.000089,0.000073,0.00002,0.000022,,400,,
0,0,,0.998185,0.000051,0.000173,0.001416,0.000081,0.00008,0.000014,,500,,
0,0,,0.999743,0.000029,0.000024,0.000089,0.000073,0.00002,0.000022,,400,,
0,0,,0.995415,0.001074,0.000486,0.00148,0.001088,0.000261,0.000196,,400,,
0,0,,0.999743,0.000029,0.000024,0.000089,0.000073,0.00002,0.000022,,400,,
0,0,,0.999743,0.000029,0.000024,0.000089,0.000073,0.00002,0.000022,,400,,
0,0,,0.995415,0.001074,0.000486,0.00148,0.001088,0.000261,0.000196,,400,,
0,0,,0.999743,0.000029,0.000024,0.000089,0.000073,0.00002,0.000022,,400,,
0,0,,0.999743,0.000029,0.000024,0.000089,0.000073,0.00002,0.000022,,400,,
0,0,,0.999743,0.000029,0.000024,0.000089,0.000073,0.00002,0.000022,,500,,
0,0,,0.999743,0.000029,0.000024,0.000089,0.000073,0.00002,0.000022,,500,,
0,0,,0.998185,0.000051,0.000173,0.001416,0.000081,0.00008,0.000014,,500,,
0,0,,0.998178,0.000011,0.000038,0.001688,0.000064,0.000018,0.000003,,400,,
0,0,,0.998178,0.000011,0.000038,0.001688,0.000064,0.000018,0.000003,,500,,
0,0,,0.998185,0.000051,0.000173,0.001416,0.000081,0.00008,0.000014,,500,,
0,0,,0.999743,0.000029,0.000024,0.000089,0.000073,0.00002,0.000022,,500,,
0,0,,0.999743,0.000029,0.000024,0.000089,0.000073,0.00002,0.000022,,500,,
0,0,,0.999743,0.000029,0.000024,0.000089,0.000073,0.00002,0.000022,,500,,
0,0,,0.999743,0.000029,0.000024,0.000089,0.000073,0.00002,0.000022,,500,,
0,0,,0.995415,0.001074,0.000486,0.00148,0.001088,0.000261,0.000196,,400,,
0,0,,0.999743,0.000029,0.000024,0.000089,0.000073,0.00002,0.000022,,400,,
0,0,,0.999743,0.000029,0.000024,0.000089,0.000073,0.00002,0.000022,,400,,
0,0,,0.995415,0.001074,0.000486,0.00148,0.001088,0.000261,0.000196,,400,,
0,0,,0.998178,0.000011,0.000038,0.001688,0.000064,0.000018,0.000003,,400,,
0,0,,0.999743,0.000029,0.000024,0.000089,0.000073,0.00002,0.000022,,400,,
0,0,,0.999743,0.000029,0.000024,0.000089,0.000073,0.00002,0.000022,,400,,
0,0,,0.995415,0.001074,0.000486,0.00148,0.001088,0.000261,0.000196,,400,,
0,0,,0.999743,0.000029,0.000024,0.000089,0.000073,0.00002,0.000022,,400,,
0,0,,0.995415,0.001074,0.000486,0.00148,0.001088,0.000261,0.000196,,500,,
0,0,,0.999743,0.000029,0.000024,0.000089,0.000073,0.00002,0.000022,,500,,
0,0,,0.999743,0.000029,0.000024,0.000089,0.000073,0.00002,0.000022,,500,,
0,0,,0.995415,0.001074,0.000486,0.00148,0.001088,0.000261,0.000196,,400,,
0,0,,0.999743,0.000029,0.000024,0.000089,0.000073,0.00002,0.000022,,400,,
0,0,,0.999743,0.000029,0.000024,0.000089,0.000073,0.00002,0.000022,,400,,
0,0,,0.995415,0.001074,0.000486,0.00148,0.001088,0.000261,0.000196,,400,,
0,0,,0.999743,0.000029,0.000024,0.000089,0.000073,0.00002,0.000022,,400,,
0,0,,0.998185,0.000051,0.000173,0.001416,0.000081,0.00008,0.000014,,400,,
0,0,,0.995415,0.001074,0.000486,0.00148,0.001088,0.000261,0.000196,,400,,
0,0,,0.999743,0.000029,0.000024,0.000089,0.000073,0.00002,0.000022,,400,,
0,0,,0.995415,0.001074,0.000486,0.00148,0.001088,0.000261,0.000196,,400,,
0,0,,0.999743,0.000029,0.000024,0.000089,0.000073,0.00002,0.000022,,400,,
0,0,,0.999743,0.000029,0.000024,0.000089,0.000073,0.00002,0.000022,,400,,
0,0,,0.998178,0.000011,0.000038,0.001688,0.000064,0.000018,0.000003,,500,,
0,0,,0.999743,0.000029,0.000024,0.000089,0.000073,0.00002,0.000022,,400,,
0,0,,0.999743,0.000029,0.000024,0.000089,0.000073,0.00002,0.000022,,500,,
0,0,,0.999743,0.000029,0.000024,0.000089,0.000073,0.00002,0.000022,,400,,
0,0,,0.995415,0.001074,0.000486,0.00148,0.001088,0.000261,0.000196,,400,,
0,0,,0.999743,0.000029,0.000024,0.000089,0.000073,0.00002,0.000022,,400,,
0,0,,0.999743,0.000029,0.000024,0.000089,0.000073,0.00002,0.000022,,400,,
0,0,,0.999743,0.000029,0.000024,0.000089,0.000073,0.00002,0.000022,,500,,
0,0,,0.998178,0.000011,0.000038,0.001688,0.000064,0.000018,0.000003,,500,,
0,0,,0.999743,0.000029,0.000024,0.000089,0.000073,0.00002,0.000022,,500,,
0,0,,0.999743,0.000029,0.000024,0.000089,0.000073,0.00002,0.000022,,400,,
0,0,,0.999743,0.000029,0.000024,0.000089,0.000073,0.00002,0.000022,,400,,
0,0,,0.999743,0.000029,0.000024,0.000089,0.000073,0.00002,0.000022,,400,,
0,0,,0.995415,0.001074,0.000486,0.00148,0.001088,0.000261,0.000196,,400,,
0,0,,0.999743,0.000029,0.000024,0.000089,0.000073,0.00002,0.000022,,400,,
0,0,,0.999743,0.000029,0.000024,0.000089,0.000073,0.00002,0.000022,,400,,
0,0,,0.999743,0.000029,0.000024,0.000089,0.000073,0.00002,0.000022,,400,,
0,0,,0.999743,0.000029,0.000024,0.000089,0.000073,0.00002,0.000022,,500,,
0,0,,0.999743,0.000029,0.000024,0.000089,0.000073,0.00002,0.000022,,500,,
0,0,,0.999743,0.000029,0.000024,0.000089,0.000073,0.00002,0.000022,,400,,
0,0,,0.999743,0.000029,0.000024,0.000089,0.000073,0.00002,0.000022,,400,,
0,0,,0.995415,0.001074,0.000486,0.00148,0.001088,0.000261,0.000196,,400,,
0,0,,0.999743,0.000029,0.000024,0.000089,0.000073,0.00002,0.000022,,400,,
0,0,,0.995415,0.001074,0.000486,0.00148,0.001088,0.000261,0.000196,,400,,
0,0,,0.995415,0.001074,0.000486,0.00148,0.001088,0.000261,0.000196,,400,,
0,0,,0.999743,0.000029,0.000024,0.000089,0.000073,0.00002,0.000022,,500,,
0,0,,0.999743,0.000029,0.000024,0.000089,0.000073,0.00002,0.000022,,500,,
0,0,,0.999743,0.000029,0.000024,0.000089,0.000073,0.00002,0.000022,,400,,
0,0,,0.999743,0.000029,0.000024,0.000089,0.000073,0.00002,0.000022,,400,,
0,0,,0.999743,0.000029,0.000024,0.000089,0.000073,0.00002,0.000022,,400,,
0,0,,0.999743,0.000029,0.000024,0.000089,0.000073,0.00002,0.000022,,400,,
0,0,,0.999743,0.000029,0.000024,0.000089,0.000073,0.00002,0.000022,,400,,
0,0,,0.999743,0.000029,0.000024,0.000089,0.000073,0.00002,0.000022,,400,,
0,0,,0.999743,0.000029,0.000024,0.000089,0.000073,0.00002,0.000022,,500,,
0,0,,0.995415,0.001074,0.000486,0.00148,0.001088,0.000261,0.000196,,500,,
0,0,,0.999743,0.000029,0.000024,0.000089,0.000073,0.00002,0.000022,,400,,
0,0,,0.999743,0.000029,0.000024,0.000089,0.000073,0.00002,0.000022,,400,,
0,0,,0.999743,0.000029,0.000024,0.000089,0.000073,0.00002,0.000022,,400,,
0,0,,0.995415,0.001074,0.000486,0.00148,0.001088,0.000261,0.000196,,400,,
0,0,,0.999743,0.000029,0.000024,0.000089,0.000073,0.00002,0.000022,,400,,
0,0,,0.999743,0.000029,0.000024,0.000089,0.000073,0.00002,0.000022,,400,,
0,0,,0.999743,0.000029,0.000024,0.000089,0.000073,0.00002,0.000022,,500,,
0,0,,0.999743,0.000029,0.000024,0.000089,0.000073,0.00002,0.000022,,500,,
0,0,,0.995415,0.001074,0.000486,0.00148,0.001088,0.000261,0.000196,,500,,
0,0,,0.998178,0.000011,0.000038,0.001688,0.000064,0.000018,0.000003,,500,,
0,0,,0.999743,0.000029,0.000024,0.000089,0.000073,0.00002,0.000022,,400,,
0,0,,0.999743,0.000029,0.000024,0.000089,0.000073,0.00002,0.000022,,500,,
0,0,,0.995415,0.001074,0.000486,0.00148,0.001088,0.000261,0.000196,,400,,
0,0,,0.999743,0.000029,0.000024,0.000089,0.000073,0.00002,0.000022,,400,,
0,0,,0.999743,0.000029,0.000024,0.000089,0.000073,0.00002,0.000022,,400,,
0,0,,0.999743,0.000029,0.000024,0.000089,0.000073,0.00002,0.000022,,400,,
0,0,,0.999743,0.000029,0.000024,0.000089,0.000073,0.00002,0.000022,,400,,
0,0,,0.999743,0.000029,0.000024,0.000089,0.000073,0.00002,0.000022,,400,,
0,0,,0.999743,0.000029,0.000024,0.000089,0.000073,0.00002,0.000022,,400,,
0,0,,0.999743,0.000029,0.000024,0.000089,0.000073,0.00002,0.000022,,500,,
0,0,,0.999743,0.000029,0.000024,0.000089,0.000073,0.00002,0.000022,,500,,
0,0,,0.999743,0.000029,0.000024,0.000089,0.000073,0.00002,0.000022,,400,,
0,0,,0.998178,0.000011,0.000038,0.001688,0.000064,0.000018,0.000003,,500,,
0,0,,0.999743,0.000029,0.000024,0.000089,0.000073,0.00002,0.000022,,500,,
0,0,,0.999743,0.000029,0.000024,0.000089,0.000073,0.00002,0.000022,,500,,
0,0,,0.998178,0.000011,0.000038,0.001688,0.000064,0.000018,0.000003,,500,,
0,0,,0.998185,0.000051,0.000173,0.001416,0.000081,0.00008,0.000014,,500,,
0,0,,0.999743,0.000029,0.000024,0.000089,0.000073,0.00002,0.000022,,400,,
0,0,,0.998185,0.000051,0.000173,0.001416,0.000081,0.00008,0.000014,,500,,
0,0,,0.995415,0.001074,0.000486,0.00148,0.001088,0.000261,0.000196,,400,,
0,0,,0.999743,0.000029,0.000024,0.000089,0.000073,0.00002,0.000022,,400,,
0,0,,0.999743,0.000029,0.000024,0.000089,0.000073,0.00002,0.000022,,400,,
0,0,,0.999743,0.000029,0.000024,0.000089,0.000073,0.00002,0.000022,,500,,
0,0,,0.999743,0.000029,0.000024,0.000089,0.000073,0.00002,0.000022,,500,,
0,0,,0.995415,0.001074,0.000486,0.00148,0.001088,0.000261,0.000196,,400,,
0,0,,0.999743,0.000029,0.000024,0.000089,0.000073,0.00002,0.000022,,400,,
0,0,,0.995415,0.001074,0.000486,0.00148,0.001088,0.000261,0.000196,,400,,
0,0,,0.999743,0.000029,0.000024,0.000089,0.000073,0.00002,0.000022,,400,,
0,0,,0.998178,0.000011,0.000038,0.001688,0.000064,0.000018,0.000003,,400,,
0,0,,0.995415,0.001074,0.000486,0.00148,0.001088,0.000261,0.000196,,400,,
0,0,,0.998185,0.000051,0.000173,0.001416,0.000081,0.00008,0.000014,,400,,
0,0,,0.999743,0.000029,0.000024,0.000089,0.000073,0.00002,0.000022,,400,,
0,0,,0.998178,0.000011,0.000038,0.001688,0.000064,0.000018,0.000003,,500,,
0,0,,0.998178,0.000011,0.000038,0.001688,0.000064,0.000018,0.000003,,500,,
0,0,,0.999743,0.000029,0.000024,0.000089,0.000073,0.00002,0.000022,,400,,
0,0,,0.998185,0.000051,0.000173,0.001416,0.000081,0.00008,0.000014,,400,,
0,0,,0.995415,0.001074,0.000486,0.00148,0.001088,0.000261,0.000196,,400,,
0,0,,0.999743,0.000029,0.000024,0.000089,0.000073,0.00002,0.000022,,400,,
0,0,,0.999743,0.000029,0.000024,0.000089,0.000073,0.00002,0.000022,,400,,
0,0,,0.999743,0.000029,0.000024,0.000089,0.000073,0.00002,0.000022,,400,,
0,0,,0.998178,0.000011,0.000038,0.001688,0.000064,0.000018,0.000003,,400,,
0,0,,0.999743,0.000029,0.000024,0.000089,0.000073,0.00002,0.000022,,400,,
0,0,,0.999743,0.000029,0.000024,0.000089,0.000073,0.00002,0.000022,,400,,
0,0,,0.999743,0.000029,0.000024,0.000089,0.000073,0.00002,0.000022,,400,,
0,0,,0.995415,0.001074,0.000486,0.00148,0.001088,0.000261,0.000196,,500,,
0,0,,0.995415,0.001074,0.000486,0.00148,0.001088,0.000261,0.000196,,500,,
0,0,,0.995415,0.001074,0.000486,0.00148,0.001088,0.000261,0.000196,,400,,
0,0,,0.995415,0.001074,0.000486,0.00148,0.001088,0.000261,0.000196,,400,,
0,0,,0.999743,0.000029,0.000024,0.000089,0.000073,0.00002,0.000022,,400,,
0,0,,0.999743,0.000029,0.000024,0.000089,0.000073,0.00002,0.000022,,400,,
0,0,,0.999743,0.000029,0.000024,0.000089,0.000073,0.00002,0.000022,,400,,
0,0,,0.995415,0.001074,0.000486,0.00148,0.001088,0.000261,0.000196,,400,,
0,0,,0.999743,0.000029,0.000024,0.000089,0.000073,0.00002,0.000022,,400,,
0,0,,0.995415,0.001074,0.000486,0.00148,0.001088,0.000261,0.000196,,500,,
0,0,,0.998178,0.000011,0.000038,0.001688,0.000064,0.000018,0.000003,,500,,
0,0,,0.998185,0.000051,0.000173,0.001416,0.000081,0.00008,0.000014,,400,,
0,0,,0.999743,0.000029,0.000024,0.000089,0.000073,0.00002,0.000022,,400,,
0,0,,0.999743,0.000029,0.000024,0.000089,0.000073,0.00002,0.000022,,400,,
0,0,,0.999743,0.000029,0.000024,0.000089,0.000073,0.00002,0.000022,,500,,
0,0,,0.998178,0.000011,0.000038,0.001688,0.000064,0.000018,0.000003,,500,,
0,0,,0.998178,0.000011,0.000038,0.001688,0.000064,0.000018,0.000003,,400,,
0,0,,0.999743,0.000029,0.000024,0.000089,0.000073,0.00002,0.000022,,400,,
0,0,,0.995415,0.001074,0.000486,0.00148,0.001088,0.000261,0.000196,,400,,
0,0,,0.999743,0.000029,0.000024,0.000089,0.000073,0.00002,0.000022,,400,,
0,0,,0.995415,0.001074,0.000486,0.00148,0.001088,0.000261,0.000196,,400,,
0,0,,0.995415,0.001074,0.000486,0.00148,0.001088,0.000261,0.000196,,400,,
0,0,,0.998178,0.000011,0.000038,0.001688,0.000064,0.000018,0.000003,,400,,
0,0,,0.995415,0.001074,0.000486,0.00148,0.001088,0.000261,0.000196,,400,,
0,0,,0.999743,0.000029,0.000024,0.000089,0.000073,0.00002,0.000022,,400,,
0,0,,0.998178,0.000011,0.000038,0.001688,0.000064,0.000018,0.000003,,400,,
0,0,,0.995415,0.001074,0.000486,0.00148,0.001088,0.000261,0.000196,,400,,
0,0,,0.999743,0.000029,0.000024,0.000089,0.000073,0.00002,0.000022,,400,,
0,0,,0.995415,0.001074,0.000486,0.00148,0.001088,0.000261,0.000196,,400,,
0,0,,0.999743,0.000029,0.000024,0.000089,0.000073,0.00002,0.000022,,500,,
0,0,,0.999743,0.000029,0.000024,0.000089,0.000073,0.00002,0.000022,,400,,
0,0,,0.999743,0.000029,0.000024,0.000089,0.000073,0.00002,0.000022,,400,,
0,0,,0.998178,0.000011,0.000038,0.001688,0.000064,0.000018,0.000003,,500,,
0,0,,0.999743,0.000029,0.000024,0.000089,0.000073,0.00002,0.000022,,400,,
0,0,,0.998178,0.000011,0.000038,0.001688,0.000064,0.000018,0.000003,,500,,
0,0,,0.999743,0.000029,0.000024,0.000089,0.000073,0.00002,0.000022,,500,,
0,0,,0.999743,0.000029,0.000024,0.000089,0.000073,0.00002,0.000022,,400,,
0,0,,0.998178,0.000011,0.000038,0.001688,0.000064,0.000018,0.000003,,500,,
0,0,,0.998178,0.000011,0.000038,0.001688,0.000064,0.000018,0.000003,,500,,
0,0,,0.999743,0.000029,0.000024,0.000089,0.000073,0.00002,0.000022,,400,,
0,0,,0.995415,0.001074,0.000486,0.00148,0.001088,0.000261,0.000196,,400,,
0,0,,0.999743,0.000029,0.000024,0.000089,0.000073,0.00002,0.000022,,500,,
0,0,,0.999743,0.000029,0.000024,0.000089,0.000073,0.00002,0.000022,,500,,
0,0,,0.999743,0.000029,0.000024,0.000089,0.000073,0.00002,0.000022,,400,,
0,0,,0.995415,0.001074,0.000486,0.00148,0.001088,0.000261,0.000196,,400,,
0,0,,0.995415,0.001074,0.000486,0.00148,0.001088,0.000261,0.000196,,400,,
0,0,,0.995415,0.001074,0.000486,0.00148,0.001088,0.000261,0.000196,,400,,
0,0,,0.999743,0.000029,0.000024,0.000089,0.000073,0.00002,0.000022,,400,,
0,0,,0.999743,0.000029,0.000024,0.000089,0.000073,0.00002,0.000022,,500,,
0,0,,0.995415,0.001074,0.000486,0.00148,0.001088,0.000261,0.000196,,400,,
0,0,,0.999743,0.000029,0.000024,0.000089,0.000073,0.00002,0.000022,,400,,
0,0,,0.999743,0.000029,0.000024,0.000089,0.000073,0.00002,0.000022,,400,,
0,0,,0.999743,0.000029,0.000024,0.000089,0.000073,0.00002,0.000022,,400,,
0,0,,0.999743,0.000029,0.000024,0.000089,0.000073,0.00002,0.000022,,400,,
0,0,,0.999743,0.000029,0.000024,0.000089,0.000073,0.00002,0.000022,,500,,
0,0,,0.999743,0.000029,0.000024,0.000089,0.000073,0.00002,0.000022,,500,,
0,0,,0.999743,0.000029,0.000024,0.000089,0.000073,0.00002,0.000022,,400,,
0,0,,0.999743,0.000029,0.000024,0.000089,0.000073,0.00002,0.000022,,400,,
0,0,,0.995415,0.001074,0.000486,0.00148,0.001088,0.000261,0.000196,,400,,
0,0,,0.995415,0.001074,0.000486,0.00148,0.001088,0.000261,0.000196,,400,,
0,0,,0.998178,0.000011,0.000038,0.001688,0.000064,0.000018,0.000003,,500,,
0,0,,0.999743,0.000029,0.000024,0.000089,0.000073,0.00002,0.000022,,400,,
0,0,,0.995415,0.001074,0.000486,0.00148,0.001088,0.000261,0.000196,,400,,
0,0,,0.999743,0.000029,0.000024,0.000089,0.000073,0.00002,0.000022,,400,,
0,0,,0.999743,0.000029,0.000024,0.000089,0.000073,0.00002,0.000022,,500,,
0,0,,0.999743,0.000029,0.000024,0.000089,0.000073,0.00002,0.000022,,400,,
0,0,,0.998178,0.000011,0.000038,0.001688,0.000064,0.000018,0.000003,,500,,
0,0,,0.999743,0.000029,0.000024,0.000089,0.000073,0.00002,0.000022,,500,,
0,0,,0.998178,0.000011,0.000038,0.001688,0.000064,0.000018,0.000003,,500,,
0,0,,0.999743,0.000029,0.000024,0.000089,0.000073,0.00002,0.000022,,500,,
0,0,,0.999743,0.000029,0.000024,0.000089,0.000073,0.00002,0.000022,,400,,
0,0,,0.999743,0.000029,0.000024,0.000089,0.000073,0.00002,0.000022,,400,,
0,0,,0.999743,0.000029,0.000024,0.000089,0.000073,0.00002,0.000022,,400,,
0,0,,0.999743,0.000029,0.000024,0.000089,0.000073,0.00002,0.000022,,400,,
0,0,,0.998178,0.000011,0.000038,0.001688,0.000064,0.000018,0.000003,,500,,
0,0,,0.999743,0.000029,0.000024,0.000089,0.000073,0.00002,0.000022,,400,,
0,0,,0.999743,0.000029,0.000024,0.000089,0.000073,0.00002,0.000022,,400,,
0,0,,0.998178,0.000011,0.000038,0.001688,0.000064,0.000018,0.000003,,700,,
0,0,,0.999743,0.000029,0.000024,0.000089,0.000073,0.00002,0.000022,,500,,
0,0,,0.999743,0.000029,0.000024,0.000089,0.000073,0.00002,0.000022,,400,,
0,0,,0.999743,0.000029,0.000024,0.000089,0.000073,0.00002,0.000022,,400,,
0,0,,0.999743,0.000029,0.000024,0.000089,0.000073,0.00002,0.000022,,400,,
0,0,,0.999743,0.000029,0.000024,0.000089,0.000073,0.00002,0.000022,,500,,
0,0,,0.999743,0.000029,0.000024,0.000089,0.000073,0.00002,0.000022,,400,,
0,0,,0.999743,0.000029,0.000024,0.000089,0.000073,0.00002,0.000022,,400,,
0,0,,0.999743,0.000029,0.000024,0.000089,0.000073,0.00002,0.000022,,400,,
0,0,,0.995415,0.001074,0.000486,0.00148,0.001088,0.000261,0.000196,,400,,
0,0,,0.999743,0.000029,0.000024,0.000089,0.000073,0.00002,0.000022,,400,,
0,0,,0.999743,0.000029,0.000024,0.000089,0.000073,0.00002,0.000022,,400,,
0,0,,0.999743,0.000029,0.000024,0.000089,0.000073,0.00002,0.000022,,400,,
0,0,,0.998185,0.000051,0.000173,0.001416,0.000081,0.00008,0.000014,,500,,
0,0,,0.999743,0.000029,0.000024,0.000089,0.000073,0.00002,0.000022,,400,,
0,0,,0.999743,0.000029,0.000024,0.000089,0.000073,0.00002,0.000022,,400,,
0,0,,0.998185,0.000051,0.000173,0.001416,0.000081,0.00008,0.000014,,500,,
0,0,,0.999743,0.000029,0.000024,0.000089,0.000073,0.00002,0.000022,,500,,
0,0,,0.995415,0.001074,0.000486,0.00148,0.001088,0.000261,0.000196,,400,,
0,0,,0.995415,0.001074,0.000486,0.00148,0.001088,0.000261,0.000196,,400,,
0,0,,0.995415,0.001074,0.000486,0.00148,0.001088,0.000261,0.000196,,400,,
0,0,,0.999743,0.000029,0.000024,0.000089,0.000073,0.00002,0.000022,,400,,
0,0,,0.999743,0.000029,0.000024,0.000089,0.000073,0.00002,0.000022,,400,,
0,0,,0.998178,0.000011,0.000038,0.001688,0.000064,0.000018,0.000003,,500,,
0,0,,0.998178,0.000011,0.000038,0.001688,0.000064,0.000018,0.000003,,500,,
0,0,,0.995415,0.001074,0.000486,0.00148,0.001088,0.000261,0.000196,,500,,
0,0,,0.999743,0.000029,0.000024,0.000089,0.000073,0.00002,0.000022,,400,,
0,0,,0.998178,0.000011,0.000038,0.001688,0.000064,0.000018,0.000003,,500,,
0,0,,0.999743,0.000029,0.000024,0.000089,0.000073,0.00002,0.000022,,400,,
0,0,,0.999743,0.000029,0.000024,0.000089,0.000073,0.00002,0.000022,,400,,
0,0,,0.995415,0.001074,0.000486,0.00148,0.001088,0.000261,0.000196,,400,,
0,0,,0.999743,0.000029,0.000024,0.000089,0.000073,0.00002,0.000022,,400,,
0,0,,0.998178,0.000011,0.000038,0.001688,0.000064,0.000018,0.000003,,400,,
0,0,,0.995415,0.001074,0.000486,0.00148,0.001088,0.000261,0.000196,,400,,
0,0,,0.999743,0.000029,0.000024,0.000089,0.000073,0.00002,0.000022,,400,,
0,0,,0.999743,0.000029,0.000024,0.000089,0.000073,0.00002,0.000022,,400,,
0,0,,0.999743,0.000029,0.000024,0.000089,0.000073,0.00002,0.000022,,400,,
0,0,,0.995415,0.001074,0.000486,0.00148,0.001088,0.000261,0.000196,,500,,
0,0,,0.995415,0.001074,0.000486,0.00148,0.001088,0.000261,0.000196,,400,,
0,0,,0.999743,0.000029,0.000024,0.000089,0.000073,0.00002,0.000022,,400,,
0,0,,0.999743,0.000029,0.000024,0.000089,0.000073,0.00002,0.000022,,400,,
0,0,,0.999743,0.000029,0.000024,0.000089,0.000073,0.00002,0.000022,,400,,
0,0,,0.999743,0.000029,0.000024,0.000089,0.000073,0.00002,0.000022,,500,,
0,0,,0.999743,0.000029,0.000024,0.000089,0.000073,0.00002,0.000022,,400,,
0,0,,0.998178,0.000011,0.000038,0.001688,0.000064,0.000018,0.000003,,500,,
0,0,,0.995415,0.001074,0.000486,0.00148,0.001088,0.000261,0.000196,,400,,
0,0,,0.999743,0.000029,0.000024,0.000089,0.000073,0.00002,0.000022,,400,,
0,0,,0.999743,0.000029,0.000024,0.000089,0.000073,0.00002,0.000022,,400,,
0,0,,0.995415,0.001074,0.000486,0.00148,0.001088,0.000261,0.000196,,400,,
0,0,,0.999743,0.000029,0.000024,0.000089,0.000073,0.00002,0.000022,,500,,
0,0,,0.999743,0.000029,0.000024,0.000089,0.000073,0.00002,0.000022,,400,,
0,0,,0.999743,0.000029,0.000024,0.000089,0.000073,0.00002,0.000022,,400,,
0,0,,0.999743,0.000029,0.000024,0.000089,0.000073,0.00002,0.000022,,400,,
0,0,,0.999743,0.000029,0.000024,0.000089,0.000073,0.00002,0.000022,,500,,
0,0,,0.995415,0.001074,0.000486,0.00148,0.001088,0.000261,0.000196,,400,,
0,0,,0.999743,0.000029,0.000024,0.000089,0.000073,0.00002,0.000022,,400,,
0,0,,0.999743,0.000029,0.000024,0.000089,0.000073,0.00002,0.000022,,400,,
0,0,,0.998178,0.000011,0.000038,0.001688,0.000064,0.000018,0.000003,,400,,
0,0,,0.999743,0.000029,0.000024,0.000089,0.000073,0.00002,0.000022,,400,,
0,0,,0.999743,0.000029,0.000024,0.000089,0.000073,0.00002,0.000022,,400,,
0,0,,0.999743,0.000029,0.000024,0.000089,0.000073,0.00002,0.000022,,400,,
0,0,,0.999743,0.000029,0.000024,0.000089,0.000073,0.00002,0.000022,,500,,
0,0,,0.995415,0.001074,0.000486,0.00148,0.001088,0.000261,0.000196,,400,,
0,0,,0.999743,0.000029,0.000024,0.000089,0.000073,0.00002,0.000022,,500,,
0,0,,0.999743,0.000029,0.000024,0.000089,0.000073,0.00002,0.000022,,400,,
0,0,,0.998178,0.000011,0.000038,0.001688,0.000064,0.000018,0.000003,,500,,
0,0,,0.999743,0.000029,0.000024,0.000089,0.000073,0.00002,0.000022,,500,,
0,0,,0.999743,0.000029,0.000024,0.000089,0.000073,0.00002,0.000022,,400,,
0,0,,0.998185,0.000051,0.000173,0.001416,0.000081,0.00008,0.000014,,500,,
0,0,,0.999743,0.000029,0.000024,0.000089,0.000073,0.00002,0.000022,,500,,
0,0,,0.999743,0.000029,0.000024,0.000089,0.000073,0.00002,0.000022,,400,,
0,0,,0.999743,0.000029,0.000024,0.000089,0.000073,0.00002,0.000022,,400,,
0,0,,0.998185,0.000051,0.000173,0.001416,0.000081,0.00008,0.000014,,400,,
0,0,,0.999743,0.000029,0.000024,0.000089,0.000073,0.00002,0.000022,,400,,
0,0,,0.999743,0.000029,0.000024,0.000089,0.000073,0.00002,0.000022,,400,,
0,0,,0.995415,0.001074,0.000486,0.00148,0.001088,0.000261,0.000196,,400,,
0,0,,0.999743,0.000029,0.000024,0.000089,0.000073,0.00002,0.000022,,400,,
0,0,,0.755722,0.003211,0.19723,0.001742,0.000274,0.00232,0.039501,,400,,
0,0,,0.999743,0.000029,0.000024,0.000089,0.000073,0.00002,0.000022,,500,,
0,0,,0.995415,0.001074,0.000486,0.00148,0.001088,0.000261,0.000196,,400,,
0,0,,0.999743,0.000029,0.000024,0.000089,0.000073,0.00002,0.000022,,400,,
0,0,,0.995415,0.001074,0.000486,0.00148,0.001088,0.000261,0.000196,,400,,
0,0,,0.999743,0.000029,0.000024,0.000089,0.000073,0.00002,0.000022,,400,,
0,0,,0.999743,0.000029,0.000024,0.000089,0.000073,0.00002,0.000022,,400,,
0,0,,0.999743,0.000029,0.000024,0.000089,0.000073,0.00002,0.000022,,400,,
0,0,,0.999743,0.000029,0.000024,0.000089,0.000073,0.00002,0.000022,,500,,
0,0,,0.995415,0.001074,0.000486,0.00148,0.001088,0.000261,0.000196,,500,,
0,0,,0.999743,0.000029,0.000024,0.000089,0.000073,0.00002,0.000022,,400,,
0,0,,0.999743,0.000029,0.000024,0.000089,0.000073,0.00002,0.000022,,400,,
0,0,,0.999743,0.000029,0.000024,0.000089,0.000073,0.00002,0.000022,,400,,
0,0,,0.998178,0.000011,0.000038,0.001688,0.000064,0.000018,0.000003,,400,,
0,0,,0.995415,0.001074,0.000486,0.00148,0.001088,0.000261,0.000196,,400,,
0,0,,0.999743,0.000029,0.000024,0.000089,0.000073,0.00002,0.000022,,400,,
0,0,,0.999743,0.000029,0.000024,0.000089,0.000073,0.00002,0.000022,,400,,
0,0,,0.995415,0.001074,0.000486,0.00148,0.001088,0.000261,0.000196,,500,,
0,0,,0.999743,0.000029,0.000024,0.000089,0.000073,0.00002,0.000022,,400,,
0,0,,0.995415,0.001074,0.000486,0.00148,0.001088,0.000261,0.000196,,400,,
0,0,,0.999743,0.000029,0.000024,0.000089,0.000073,0.00002,0.000022,,400,,
0,0,,0.995415,0.001074,0.000486,0.00148,0.001088,0.000261,0.000196,,400,,
0,0,,0.998178,0.000011,0.000038,0.001688,0.000064,0.000018,0.000003,,500,,
0,0,,0.995415,0.001074,0.000486,0.00148,0.001088,0.000261,0.000196,,400,,
0,0,,0.999743,0.000029,0.000024,0.000089,0.000073,0.00002,0.000022,,400,,
0,0,,0.998178,0.000011,0.000038,0.001688,0.000064,0.000018,0.000003,,500,,
0,0,,0.998178,0.000011,0.000038,0.001688,0.000064,0.000018,0.000003,,400,,
0,0,,0.998178,0.000011,0.000038,0.001688,0.000064,0.000018,0.000003,,500,,
0,0,,0.999743,0.000029,0.000024,0.000089,0.000073,0.00002,0.000022,,500,,
0,0,,0.999743,0.000029,0.000024,0.000089,0.000073,0.00002,0.000022,,500,,
0,0,,0.999743,0.000029,0.000024,0.000089,0.000073,0.00002,0.000022,,400,,
0,0,,0.999743,0.000029,0.000024,0.000089,0.000073,0.00002,0.000022,,400,,
0,0,,0.999743,0.000029,0.000024,0.000089,0.000073,0.00002,0.000022,,400,,
0,0,,0.999743,0.000029,0.000024,0.000089,0.000073,0.00002,0.000022,,400,,
0,0,,0.998185,0.000051,0.000173,0.001416,0.000081,0.00008,0.000014,,500,,
0,0,,0.999743,0.000029,0.000024,0.000089,0.000073,0.00002,0.000022,,500,,
0,0,,0.995415,0.001074,0.000486,0.00148,0.001088,0.000261,0.000196,,400,,
0,0,,0.999743,0.000029,0.000024,0.000089,0.000073,0.00002,0.000022,,400,,
0,0,,0.999743,0.000029,0.000024,0.000089,0.000073,0.00002,0.000022,,400,,
0,0,,0.995415,0.001074,0.000486,0.00148,0.001088,0.000261,0.000196,,400,,
0,0,,0.999743,0.000029,0.000024,0.000089,0.000073,0.00002,0.000022,,500,,
0,0,,0.999743,0.000029,0.000024,0.000089,0.000073,0.00002,0.000022,,400,,
0,0,,0.999743,0.000029,0.000024,0.000089,0.000073,0.00002,0.000022,,400,,
0,0,,0.999743,0.000029,0.000024,0.000089,0.000073,0.00002,0.000022,,400,,
0,0,,0.999743,0.000029,0.000024,0.000089,0.000073,0.00002,0.000022,,400,,
0,0,,0.999743,0.000029,0.000024,0.000089,0.000073,0.00002,0.000022,,400,,
0,0,,0.999743,0.000029,0.000024,0.000089,0.000073,0.00002,0.000022,,500,,
0,0,,0.999743,0.000029,0.000024,0.000089,0.000073,0.00002,0.000022,,400,,
0,0,,0.999743,0.000029,0.000024,0.000089,0.000073,0.00002,0.000022,,400,,
0,0,,0.999743,0.000029,0.000024,0.000089,0.000073,0.00002,0.000022,,400,,
0,0,,0.999743,0.000029,0.000024,0.000089,0.000073,0.00002,0.000022,,400,,
0,0,,0.998178,0.000011,0.000038,0.001688,0.000064,0.000018,0.000003,,500,,
0,0,,0.999743,0.000029,0.000024,0.000089,0.000073,0.00002,0.000022,,400,,
0,0,,0.999743,0.000029,0.000024,0.000089,0.000073,0.00002,0.000022,,400,,
0,0,,0.999743,0.000029,0.000024,0.000089,0.000073,0.00002,0.000022,,500,,
0,0,,0.995415,0.001074,0.000486,0.00148,0.001088,0.000261,0.000196,,400,,
0,0,,0.999743,0.000029,0.000024,0.000089,0.000073,0.00002,0.000022,,400,,
0,0,,0.999743,0.000029,0.000024,0.000089,0.000073,0.00002,0.000022,,400,,
0,0,,0.999743,0.000029,0.000024,0.000089,0.000073,0.00002,0.000022,,400,,
0,0,,0.999743,0.000029,0.000024,0.000089,0.000073,0.00002,0.000022,,400,,
0,0,,0.999743,0.000029,0.000024,0.000089,0.000073,0.00002,0.000022,,400,,
0,0,,0.999743,0.000029,0.000024,0.000089,0.000073,0.00002,0.000022,,400,,
0,0,,0.999743,0.000029,0.000024,0.000089,0.000073,0.00002,0.000022,,400,,
0,0,,0.995415,0.001074,0.000486,0.00148,0.001088,0.000261,0.000196,,400,,
0,0,,0.999743,0.000029,0.000024,0.000089,0.000073,0.00002,0.000022,,500,,
0,0,,0.998178,0.000011,0.000038,0.001688,0.000064,0.000018,0.000003,,500,,
0,0,,0.999743,0.000029,0.000024,0.000089,0.000073,0.00002,0.000022,,400,,
0,0,,0.999743,0.000029,0.000024,0.000089,0.000073,0.00002,0.000022,,400,,
0,0,,0.999743,0.000029,0.000024,0.000089,0.000073,0.00002,0.000022,,400,,
0,0,,0.995415,0.001074,0.000486,0.00148,0.001088,0.000261,0.000196,,500,,
0,0,,0.999743,0.000029,0.000024,0.000089,0.000073,0.00002,0.000022,,400,,
0,0,,0.999743,0.000029,0.000024,0.000089,0.000073,0.00002,0.000022,,400,,
0,0,,0.995415,0.001074,0.000486,0.00148,0.001088,0.000261,0.000196,,400,,
0,0,,0.995415,0.001074,0.000486,0.00148,0.001088,0.000261,0.000196,,400,,
0,0,,0.999743,0.000029,0.000024,0.000089,0.000073,0.00002,0.000022,,400,,
0,0,,0.995415,0.001074,0.000486,0.00148,0.001088,0.000261,0.000196,,400,,
0,0,,0.999743,0.000029,0.000024,0.000089,0.000073,0.00002,0.000022,,400,,
0,0,,0.998185,0.000051,0.000173,0.001416,0.000081,0.00008,0.000014,,400,,
0,0,,0.995415,0.001074,0.000486,0.00148,0.001088,0.000261,0.000196,,400,,
0,0,,0.999743,0.000029,0.000024,0.000089,0.000073,0.00002,0.000022,,400,,
0,0,,0.998185,0.000051,0.000173,0.001416,0.000081,0.00008,0.000014,,400,,
0,0,,0.995415,0.001074,0.000486,0.00148,0.001088,0.000261,0.000196,,400,,
0,0,,0.998178,0.000011,0.000038,0.001688,0.000064,0.000018,0.000003,,400,,
0,0,,0.999743,0.000029,0.000024,0.000089,0.000073,0.00002,0.000022,,400,,
0,0,,0.999743,0.000029,0.000024,0.000089,0.000073,0.00002,0.000022,,400,,
0,0,,0.999743,0.000029,0.000024,0.000089,0.000073,0.00002,0.000022,,400,,
0,0,,0.999743,0.000029,0.000024,0.000089,0.000073,0.00002,0.000022,,400,,
0,0,,0.995415,0.001074,0.000486,0.00148,0.001088,0.000261,0.000196,,400,,
0,0,,0.999743,0.000029,0.000024,0.000089,0.000073,0.00002,0.000022,,400,,
0,0,,0.999743,0.000029,0.000024,0.000089,0.000073,0.00002,0.000022,,400,,
0,0,,0.999743,0.000029,0.000024,0.000089,0.000073,0.00002,0.000022,,500,,
0,0,,0.999743,0.000029,0.000024,0.000089,0.000073,0.00002,0.000022,,400,,
0,0,,0.995415,0.001074,0.000486,0.00148,0.001088,0.000261,0.000196,,400,,
0,0,,0.999743,0.000029,0.000024,0.000089,0.000073,0.00002,0.000022,,400,,
0,0,,0.999743,0.000029,0.000024,0.000089,0.000073,0.00002,0.000022,,400,,
0,0,,0.999743,0.000029,0.000024,0.000089,0.000073,0.00002,0.000022,,500,,
0,0,,0.999743,0.000029,0.000024,0.000089,0.000073,0.00002,0.000022,,400,,
0,0,,0.998185,0.000051,0.000173,0.001416,0.000081,0.00008,0.000014,,500,,
0,0,,0.995415,0.001074,0.000486,0.00148,0.001088,0.000261,0.000196,,400,,
0,0,,0.999743,0.000029,0.000024,0.000089,0.000073,0.00002,0.000022,,400,,
0,0,,0.999743,0.000029,0.000024,0.000089,0.000073,0.00002,0.000022,,400,,
0,0,,0.999743,0.000029,0.000024,0.000089,0.000073,0.00002,0.000022,,400,,
0,0,,0.999743,0.000029,0.000024,0.000089,0.000073,0.00002,0.000022,,500,,
0,0,,0.995415,0.001074,0.000486,0.00148,0.001088,0.000261,0.000196,,400,,
0,0,,0.995415,0.001074,0.000486,0.00148,0.001088,0.000261,0.000196,,400,,
0,0,,0.999743,0.000029,0.000024,0.000089,0.000073,0.00002,0.000022,,400,,
0,0,,0.999743,0.000029,0.000024,0.000089,0.000073,0.00002,0.000022,,400,,
0,0,,0.999743,0.000029,0.000024,0.000089,0.000073,0.00002,0.000022,,400,,
0,0,,0.995415,0.001074,0.000486,0.00148,0.001088,0.000261,0.000196,,400,,
0,0,,0.995415,0.001074,0.000486,0.00148,0.001088,0.000261,0.000196,,500,,
0,0,,0.995415,0.001074,0.000486,0.00148,0.001088,0.000261,0.000196,,400,,
0,0,,0.995415,0.001074,0.000486,0.00148,0.001088,0.000261,0.000196,,400,,
0,0,,0.995415,0.001074,0.000486,0.00148,0.001088,0.000261,0.000196,,400,,
0,0,,0.995415,0.001074,0.000486,0.00148,0.001088,0.000261,0.000196,,400,,
0,0,,0.999743,0.000029,0.000024,0.000089,0.000073,0.00002,0.000022,,400,,
0,0,,0.999743,0.000029,0.000024,0.000089,0.000073,0.00002,0.000022,,400,,
0,0,,0.999743,0.000029,0.000024,0.000089,0.000073,0.00002,0.000022,,400,,
0,0,,0.995415,0.001074,0.000486,0.00148,0.001088,0.000261,0.000196,,400,,
0,0,,0.999743,0.000029,0.000024,0.000089,0.000073,0.00002,0.000022,,500,,
0,0,,0.995415,0.001074,0.000486,0.00148,0.001088,0.000261,0.000196,,400,,
0,0,,0.999743,0.000029,0.000024,0.000089,0.000073,0.00002,0.000022,,500,,
0,0,,0.999743,0.000029,0.000024,0.000089,0.000073,0.00002,0.000022,,400,,
0,0,,0.999743,0.000029,0.000024,0.000089,0.000073,0.00002,0.000022,,400,,
0,0,,0.999743,0.000029,0.000024,0.000089,0.000073,0.00002,0.000022,,400,,
0,0,,0.995415,0.001074,0.000486,0.00148,0.001088,0.000261,0.000196,,400,,
0,0,,0.999743,0.000029,0.000024,0.000089,0.000073,0.00002,0.000022,,500,,
0,0,,0.999743,0.000029,0.000024,0.000089,0.000073,0.00002,0.000022,,400,,
0,0,,0.999743,0.000029,0.000024,0.000089,0.000073,0.00002,0.000022,,400,,
0,0,,0.999743,0.000029,0.000024,0.000089,0.000073,0.00002,0.000022,,400,,
0,0,,0.999743,0.000029,0.000024,0.000089,0.000073,0.00002,0.000022,,400,,
0,0,,0.999743,0.000029,0.000024,0.000089,0.000073,0.00002,0.000022,,400,,
0,0,,0.999743,0.000029,0.000024,0.000089,0.000073,0.00002,0.000022,,400,,
0,0,,0.998185,0.000051,0.000173,0.001416,0.000081,0.00008,0.000014,,500,,
0,0,,0.999743,0.000029,0.000024,0.000089,0.000073,0.00002,0.000022,,400,,
0,0,,0.999743,0.000029,0.000024,0.000089,0.000073,0.00002,0.000022,,400,,
0,0,,0.999743,0.000029,0.000024,0.000089,0.000073,0.00002,0.000022,,500,,
0,0,,0.999743,0.000029,0.000024,0.000089,0.000073,0.00002,0.000022,,500,,
0,0,,0.999743,0.000029,0.000024,0.000089,0.000073,0.00002,0.000022,,400,,
0,0,,0.999743,0.000029,0.000024,0.000089,0.000073,0.00002,0.000022,,400,,
0,0,,0.995415,0.001074,0.000486,0.00148,0.001088,0.000261,0.000196,,400,,
0,0,,0.999743,0.000029,0.000024,0.000089,0.000073,0.00002,0.000022,,400,,
0,0,,0.998178,0.000011,0.000038,0.001688,0.000064,0.000018,0.000003,,400,,
0,0,,0.999743,0.000029,0.000024,0.000089,0.000073,0.00002,0.000022,,400,,
0,0,,0.999743,0.000029,0.000024,0.000089,0.000073,0.00002,0.000022,,400,,
0,0,,0.999743,0.000029,0.000024,0.000089,0.000073,0.00002,0.000022,,400,,
0,0,,0.998178,0.000011,0.000038,0.001688,0.000064,0.000018,0.000003,,400,,
0,0,,0.998185,0.000051,0.000173,0.001416,0.000081,0.00008,0.000014,,400,,
0,0,,0.995415,0.001074,0.000486,0.00148,0.001088,0.000261,0.000196,,400,,
0,0,,0.999743,0.000029,0.000024,0.000089,0.000073,0.00002,0.000022,,400,,
0,0,,0.999743,0.000029,0.000024,0.000089,0.000073,0.00002,0.000022,,400,,
0,0,,0.999743,0.000029,0.000024,0.000089,0.000073,0.00002,0.000022,,400,,
0,0,,0.995415,0.001074,0.000486,0.00148,0.001088,0.000261,0.000196,,400,,
0,0,,0.999743,0.000029,0.000024,0.000089,0.000073,0.00002,0.000022,,500,,
0,0,,0.995415,0.001074,0.000486,0.00148,0.001088,0.000261,0.000196,,500,,
0,0,,0.995415,0.001074,0.000486,0.00148,0.001088,0.000261,0.000196,,400,,
0,0,,0.995415,0.001074,0.000486,0.00148,0.001088,0.000261,0.000196,,400,,
0,0,,0.999743,0.000029,0.000024,0.000089,0.000073,0.00002,0.000022,,400,,
0,0,,0.999743,0.000029,0.000024,0.000089,0.000073,0.00002,0.000022,,400,,
0,0,,0.998185,0.000051,0.000173,0.001416,0.000081,0.00008,0.000014,,400,,
0,0,,0.998185,0.000051,0.000173,0.001416,0.000081,0.00008,0.000014,,400,,
0,0,,0.998178,0.000011,0.000038,0.001688,0.000064,0.000018,0.000003,,500,,
0,0,,0.999743,0.000029,0.000024,0.000089,0.000073,0.00002,0.000022,,500,,
0,0,,0.999743,0.000029,0.000024,0.000089,0.000073,0.00002,0.000022,,400,,
0,0,,0.999743,0.000029,0.000024,0.000089,0.000073,0.00002,0.000022,,400,,
0,0,,0.995415,0.001074,0.000486,0.00148,0.001088,0.000261,0.000196,,400,,
0,0,,0.995415,0.001074,0.000486,0.00148,0.001088,0.000261,0.000196,,400,,
0,0,,0.998185,0.000051,0.000173,0.001416,0.000081,0.00008,0.000014,,500,,
0,0,,0.999743,0.000029,0.000024,0.000089,0.000073,0.00002,0.000022,,400,,
0,0,,0.999743,0.000029,0.000024,0.000089,0.000073,0.00002,0.000022,,500,,
0,0,,0.999743,0.000029,0.000024,0.000089,0.000073,0.00002,0.000022,,400,,
0,0,,0.999743,0.000029,0.000024,0.000089,0.000073,0.00002,0.000022,,400,,
0,0,,0.999743,0.000029,0.000024,0.000089,0.000073,0.00002,0.000022,,400,,
0,0,,0.999743,0.000029,0.000024,0.000089,0.000073,0.00002,0.000022,,400,,
0,0,,0.999743,0.000029,0.000024,0.000089,0.000073,0.00002,0.000022,,500,,
0,0,,0.999743,0.000029,0.000024,0.000089,0.000073,0.00002,0.000022,,400,,
0,0,,0.999743,0.000029,0.000024,0.000089,0.000073,0.00002,0.000022,,400,,
0,0,,0.999743,0.000029,0.000024,0.000089,0.000073,0.00002,0.000022,,400,,
0,0,,0.999743,0.000029,0.000024,0.000089,0.000073,0.00002,0.000022,,400,,
0,0,,0.998178,0.000011,0.000038,0.001688,0.000064,0.000018,0.000003,,500,,
0,0,,0.999743,0.000029,0.000024,0.000089,0.000073,0.00002,0.000022,,400,,
0,0,,0.999743,0.000029,0.000024,0.000089,0.000073,0.00002,0.000022,,400,,
0,0,,0.999743,0.000029,0.000024,0.000089,0.000073,0.00002,0.000022,,400,,
0,0,,0.999743,0.000029,0.000024,0.000089,0.000073,0.00002,0.000022,,400,,
0,0,,0.995415,0.001074,0.000486,0.00148,0.001088,0.000261,0.000196,,400,,
0,0,,0.999743,0.000029,0.000024,0.000089,0.000073,0.00002,0.000022,,400,,
0,0,,0.999743,0.000029,0.000024,0.000089,0.000073,0.00002,0.000022,,400,,
0,0,,0.995415,0.001074,0.000486,0.00148,0.001088,0.000261,0.000196,,400,,
0,0,,0.999743,0.000029,0.000024,0.000089,0.000073,0.00002,0.000022,,400,,
0,0,,0.998178,0.000011,0.000038,0.001688,0.000064,0.000018,0.000003,,500,,
0,0,,0.999743,0.000029,0.000024,0.000089,0.000073,0.00002,0.000022,,400,,
0,0,,0.999743,0.000029,0.000024,0.000089,0.000073,0.00002,0.000022,,400,,
0,0,,0.995415,0.001074,0.000486,0.00148,0.001088,0.000261,0.000196,,500,,
0,0,,0.999743,0.000029,0.000024,0.000089,0.000073,0.00002,0.000022,,500,,
0,0,,0.999743,0.000029,0.000024,0.000089,0.000073,0.00002,0.000022,,400,,
0,0,,0.999743,0.000029,0.000024,0.000089,0.000073,0.00002,0.000022,,400,,
0,0,,0.999743,0.000029,0.000024,0.000089,0.000073,0.00002,0.000022,,400,,
0,0,,0.999743,0.000029,0.000024,0.000089,0.000073,0.00002,0.000022,,400,,
0,0,,0.999743,0.000029,0.000024,0.000089,0.000073,0.00002,0.000022,,400,,
0,0,,0.999743,0.000029,0.000024,0.000089,0.000073,0.00002,0.000022,,400,,
0,0,,0.999743,0.000029,0.000024,0.000089,0.000073,0.00002,0.000022,,500,,
0,0,,0.999743,0.000029,0.000024,0.000089,0.000073,0.00002,0.000022,,500,,
0,0,,0.999743,0.000029,0.000024,0.000089,0.000073,0.00002,0.000022,,400,,
0,0,,0.999743,0.000029,0.000024,0.000089,0.000073,0.00002,0.000022,,400,,
0,0,,0.999743,0.000029,0.000024,0.000089,0.000073,0.00002,0.000022,,400,,
0,0,,0.995415,0.001074,0.000486,0.00148,0.001088,0.000261,0.000196,,400,,
0,0,,0.995415,0.001074,0.000486,0.00148,0.001088,0.000261,0.000196,,400,,
0,0,,0.995415,0.001074,0.000486,0.00148,0.001088,0.000261,0.000196,,400,,
0,0,,0.999743,0.000029,0.000024,0.000089,0.000073,0.00002,0.000022,,500,,
0,0,,0.999743,0.000029,0.000024,0.000089,0.000073,0.00002,0.000022,,500,,
0,0,,0.999743,0.000029,0.000024,0.000089,0.000073,0.00002,0.000022,,400,,
0,0,,0.995415,0.001074,0.000486,0.00148,0.001088,0.000261,0.000196,,400,,
0,0,,0.995415,0.001074,0.000486,0.00148,0.001088,0.000261,0.000196,,400,,
0,0,,0.999743,0.000029,0.000024,0.000089,0.000073,0.00002,0.000022,,400,,
0,0,,0.999743,0.000029,0.000024,0.000089,0.000073,0.00002,0.000022,,400,,
0,0,,0.999743,0.000029,0.000024,0.000089,0.000073,0.00002,0.000022,,400,,
0,0,,0.999743,0.000029,0.000024,0.000089,0.000073,0.00002,0.000022,,500,,
0,0,,0.999743,0.000029,0.000024,0.000089,0.000073,0.00002,0.000022,,400,,
0,0,,0.998185,0.000051,0.000173,0.001416,0.000081,0.00008,0.000014,,500,,
0,0,,0.999743,0.000029,0.000024,0.000089,0.000073,0.00002,0.000022,,400,,
0,0,,0.999743,0.000029,0.000024,0.000089,0.000073,0.00002,0.000022,,500,,
0,0,,0.999743,0.000029,0.000024,0.000089,0.000073,0.00002,0.000022,,400,,
0,0,,0.998185,0.000051,0.000173,0.001416,0.000081,0.00008,0.000014,,500,,
0,0,,0.998185,0.000051,0.000173,0.001416,0.000081,0.00008,0.000014,,500,,
0,0,,0.995415,0.001074,0.000486,0.00148,0.001088,0.000261,0.000196,,500,,
0,0,,0.995415,0.001074,0.000486,0.00148,0.001088,0.000261,0.000196,,500,,
0,0,,0.999743,0.000029,0.000024,0.000089,0.000073,0.00002,0.000022,,400,,
0,0,,0.995415,0.001074,0.000486,0.00148,0.001088,0.000261,0.000196,,400,,
0,0,,0.999743,0.000029,0.000024,0.000089,0.000073,0.00002,0.000022,,400,,
0,0,,0.999743,0.000029,0.000024,0.000089,0.000073,0.00002,0.000022,,400,,
0,0,,0.998185,0.000051,0.000173,0.001416,0.000081,0.00008,0.000014,,500,,
0,0,,0.999743,0.000029,0.000024,0.000089,0.000073,0.00002,0.000022,,400,,
0,0,,0.995415,0.001074,0.000486,0.00148,0.001088,0.000261,0.000196,,500,,
0,0,,0.999743,0.000029,0.000024,0.000089,0.000073,0.00002,0.000022,,400,,
0,0,,0.995415,0.001074,0.000486,0.00148,0.001088,0.000261,0.000196,,400,,
0,0,,0.999743,0.000029,0.000024,0.000089,0.000073,0.00002,0.000022,,500,,
0,0,,0.999743,0.000029,0.000024,0.000089,0.000073,0.00002,0.000022,,400,,
0,0,,0.998178,0.000011,0.000038,0.001688,0.000064,0.000018,0.000003,,400,,
0,0,,0.995415,0.001074,0.000486,0.00148,0.001088,0.000261,0.000196,,400,,
0,0,,0.999743,0.000029,0.000024,0.000089,0.000073,0.00002,0.000022,,400,,
0,0,,0.998178,0.000011,0.000038,0.001688,0.000064,0.000018,0.000003,,400,,
0,0,,0.999743,0.000029,0.000024,0.000089,0.000073,0.00002,0.000022,,400,,
0,0,,0.999743,0.000029,0.000024,0.000089,0.000073,0.00002,0.000022,,500,,
0,0,,0.999743,0.000029,0.000024,0.000089,0.000073,0.00002,0.000022,,400,,
0,0,,0.995415,0.001074,0.000486,0.00148,0.001088,0.000261,0.000196,,400,,
0,0,,0.998185,0.000051,0.000173,0.001416,0.000081,0.00008,0.000014,,500,,
0,0,,0.995415,0.001074,0.000486,0.00148,0.001088,0.000261,0.000196,,400,,
0,0,,0.999743,0.000029,0.000024,0.000089,0.000073,0.00002,0.000022,,400,,
0,0,,0.999743,0.000029,0.000024,0.000089,0.000073,0.00002,0.000022,,400,,
0,0,,0.998178,0.000011,0.000038,0.001688,0.000064,0.000018,0.000003,,400,,
0,0,,0.999743,0.000029,0.000024,0.000089,0.000073,0.00002,0.000022,,400,,
0,0,,0.999743,0.000029,0.000024,0.000089,0.000073,0.00002,0.000022,,400,,
0,0,,0.999743,0.000029,0.000024,0.000089,0.000073,0.00002,0.000022,,400,,
0,0,,0.999743,0.000029,0.000024,0.000089,0.000073,0.00002,0.000022,,400,,
0,0,,0.999743,0.000029,0.000024,0.000089,0.000073,0.00002,0.000022,,400,,
0,0,,0.995415,0.001074,0.000486,0.00148,0.001088,0.000261,0.000196,,500,,
0,0,,0.999743,0.000029,0.000024,0.000089,0.000073,0.00002,0.000022,,400,,
0,0,,0.995415,0.001074,0.000486,0.00148,0.001088,0.000261,0.000196,,400,,
0,0,,0.999743,0.000029,0.000024,0.000089,0.000073,0.00002,0.000022,,400,,
0,0,,0.999743,0.000029,0.000024,0.000089,0.000073,0.00002,0.000022,,400,,
0,0,,0.999743,0.000029,0.000024,0.000089,0.000073,0.00002,0.000022,,500,,
0,0,,0.995415,0.001074,0.000486,0.00148,0.001088,0.000261,0.000196,,400,,
0,0,,0.995415,0.001074,0.000486,0.00148,0.001088,0.000261,0.000196,,400,,
0,0,,0.999743,0.000029,0.000024,0.000089,0.000073,0.00002,0.000022,,400,,
0,0,,0.999743,0.000029,0.000024,0.000089,0.000073,0.00002,0.000022,,500,,
0,0,,0.999743,0.000029,0.000024,0.000089,0.000073,0.00002,0.000022,,400,,
0,0,,0.999743,0.000029,0.000024,0.000089,0.000073,0.00002,0.000022,,400,,
0,0,,0.995415,0.001074,0.000486,0.00148,0.001088,0.000261,0.000196,,400,,
0,0,,0.995415,0.001074,0.000486,0.00148,0.001088,0.000261,0.000196,,400,,
0,0,,0.999743,0.000029,0.000024,0.000089,0.000073,0.00002,0.000022,,400,,
0,0,,0.999743,0.000029,0.000024,0.000089,0.000073,0.00002,0.000022,,500,,
0,0,,0.999743,0.000029,0.000024,0.000089,0.000073,0.00002,0.000022,,400,,
0,0,,0.999743,0.000029,0.000024,0.000089,0.000073,0.00002,0.000022,,400,,
0,0,,0.999743,0.000029,0.000024,0.000089,0.000073,0.00002,0.000022,,400,,
0,0,,0.995415,0.001074,0.000486,0.00148,0.001088,0.000261,0.000196,,400,,
0,0,,0.999743,0.000029,0.000024,0.000089,0.000073,0.00002,0.000022,,400,,
0,0,,0.999743,0.000029,0.000024,0.000089,0.000073,0.00002,0.000022,,500,,
0,0,,0.999743,0.000029,0.000024,0.000089,0.000073,0.00002,0.000022,,400,,
0,0,,0.999743,0.000029,0.000024,0.000089,0.000073,0.00002,0.000022,,400,,
0,0,,0.995415,0.001074,0.000486,0.00148,0.001088,0.000261,0.000196,,400,,
0,0,,0.995415,0.001074,0.000486,0.00148,0.001088,0.000261,0.000196,,400,,
0,0,,0.999743,0.000029,0.000024,0.000089,0.000073,0.00002,0.000022,,500,,
0,0,,0.999743,0.000029,0.000024,0.000089,0.000073,0.00002,0.000022,,500,,
0,0,,0.999743,0.000029,0.000024,0.000089,0.000073,0.00002,0.000022,,400,,
0,0,,0.999743,0.000029,0.000024,0.000089,0.000073,0.00002,0.000022,,400,,
0,0,,0.999743,0.000029,0.000024,0.000089,0.000073,0.00002,0.000022,,400,,
0,0,,0.995415,0.001074,0.000486,0.00148,0.001088,0.000261,0.000196,,400,,
0,0,,0.998178,0.000011,0.000038,0.001688,0.000064,0.000018,0.000003,,500,,
0,0,,0.995415,0.001074,0.000486,0.00148,0.001088,0.000261,0.000196,,400,,
0,0,,0.999743,0.000029,0.000024,0.000089,0.000073,0.00002,0.000022,,400,,
0,0,,0.999743,0.000029,0.000024,0.000089,0.000073,0.00002,0.000022,,500,,
0,0,,0.999743,0.000029,0.000024,0.000089,0.000073,0.00002,0.000022,,500,,
0,0,,0.998185,0.000051,0.000173,0.001416,0.000081,0.00008,0.000014,,500,,
0,0,,0.999743,0.000029,0.000024,0.000089,0.000073,0.00002,0.000022,,500,,
0,0,,0.999743,0.000029,0.000024,0.000089,0.000073,0.00002,0.000022,,500,,
0,0,,0.999743,0.000029,0.000024,0.000089,0.000073,0.00002,0.000022,,400,,
0,0,,0.999743,0.000029,0.000024,0.000089,0.000073,0.00002,0.000022,,400,,
0,0,,0.998178,0.000011,0.000038,0.001688,0.000064,0.000018,0.000003,,500,,
0,0,,0.999743,0.000029,0.000024,0.000089,0.000073,0.00002,0.000022,,400,,
0,0,,0.999743,0.000029,0.000024,0.000089,0.000073,0.00002,0.000022,,400,,
0,0,,0.998178,0.000011,0.000038,0.001688,0.000064,0.000018,0.000003,,500,,
0,0,,0.999743,0.000029,0.000024,0.000089,0.000073,0.00002,0.000022,,500,,
0,0,,0.995415,0.001074,0.000486,0.00148,0.001088,0.000261,0.000196,,400,,
0,0,,0.998185,0.000051,0.000173,0.001416,0.000081,0.00008,0.000014,,400,,
0,0,,0.999743,0.000029,0.000024,0.000089,0.000073,0.00002,0.000022,,400,,
0,0,,0.998185,0.000051,0.000173,0.001416,0.000081,0.00008,0.000014,,400,,
0,0,,0.999743,0.000029,0.000024,0.000089,0.000073,0.00002,0.000022,,400,,
0,0,,0.999743,0.000029,0.000024,0.000089,0.000073,0.00002,0.000022,,400,,
0,0,,0.999743,0.000029,0.000024,0.000089,0.000073,0.00002,0.000022,,400,,
0,0,,0.999743,0.000029,0.000024,0.000089,0.000073,0.00002,0.000022,,400,,
0,0,,0.999743,0.000029,0.000024,0.000089,0.000073,0.00002,0.000022,,400,,
0,0,,0.999743,0.000029,0.000024,0.000089,0.000073,0.00002,0.000022,,400,,
0,0,,0.999743,0.000029,0.000024,0.000089,0.000073,0.00002,0.000022,,400,,
0,0,,0.999743,0.000029,0.000024,0.000089,0.000073,0.00002,0.000022,,400,,
0,0,,0.999743,0.000029,0.000024,0.000089,0.000073,0.00002,0.000022,,500,,
0,0,,0.995415,0.001074,0.000486,0.00148,0.001088,0.000261,0.000196,,400,,
0,0,,0.999743,0.000029,0.000024,0.000089,0.000073,0.00002,0.000022,,500,,
0,0,,0.998185,0.000051,0.000173,0.001416,0.000081,0.00008,0.000014,,400,,
0,0,,0.999743,0.000029,0.000024,0.000089,0.000073,0.00002,0.000022,,400,,
0,0,,0.998185,0.000051,0.000173,0.001416,0.000081,0.00008,0.000014,,400,,
0,0,,0.998178,0.000011,0.000038,0.001688,0.000064,0.000018,0.000003,,400,,
0,0,,0.999743,0.000029,0.000024,0.000089,0.000073,0.00002,0.000022,,400,,
0,0,,0.999743,0.000029,0.000024,0.000089,0.000073,0.00002,0.000022,,400,,
0,0,,0.999743,0.000029,0.000024,0.000089,0.000073,0.00002,0.000022,,400,,
0,0,,0.995415,0.001074,0.000486,0.00148,0.001088,0.000261,0.000196,,500,,
0,0,,0.999743,0.000029,0.000024,0.000089,0.000073,0.00002,0.000022,,400,,
0,0,,0.999743,0.000029,0.000024,0.000089,0.000073,0.00002,0.000022,,400,,
0,0,,0.999743,0.000029,0.000024,0.000089,0.000073,0.00002,0.000022,,400,,
0,0,,0.995415,0.001074,0.000486,0.00148,0.001088,0.000261,0.000196,,400,,
0,0,,0.995415,0.001074,0.000486,0.00148,0.001088,0.000261,0.000196,,400,,
0,0,,0.999743,0.000029,0.000024,0.000089,0.000073,0.00002,0.000022,,500,,
0,0,,0.999743,0.000029,0.000024,0.000089,0.000073,0.00002,0.000022,,400,,
0,0,,0.999743,0.000029,0.000024,0.000089,0.000073,0.00002,0.000022,,400,,
0,0,,0.999743,0.000029,0.000024,0.000089,0.000073,0.00002,0.000022,,400,,
0,0,,0.995415,0.001074,0.000486,0.00148,0.001088,0.000261,0.000196,,500,,
0,0,,0.995415,0.001074,0.000486,0.00148,0.001088,0.000261,0.000196,,500,,
0,0,,0.999743,0.000029,0.000024,0.000089,0.000073,0.00002,0.000022,,400,,
0,0,,0.999743,0.000029,0.000024,0.000089,0.000073,0.00002,0.000022,,400,,
0,0,,0.999743,0.000029,0.000024,0.000089,0.000073,0.00002,0.000022,,400,,
0,0,,0.998178,0.000011,0.000038,0.001688,0.000064,0.000018,0.000003,,500,,
0,0,,0.995415,0.001074,0.000486,0.00148,0.001088,0.000261,0.000196,,400,,
0,0,,0.995415,0.001074,0.000486,0.00148,0.001088,0.000261,0.000196,,500,,
0,0,,0.999743,0.000029,0.000024,0.000089,0.000073,0.00002,0.000022,,400,,
0,0,,0.998178,0.000011,0.000038,0.001688,0.000064,0.000018,0.000003,,500,,
0,0,,0.999743,0.000029,0.000024,0.000089,0.000073,0.00002,0.000022,,500,,
0,0,,0.999743,0.000029,0.000024,0.000089,0.000073,0.00002,0.000022,,500,,
0,0,,0.999743,0.000029,0.000024,0.000089,0.000073,0.00002,0.000022,,400,,
0,0,,0.995415,0.001074,0.000486,0.00148,0.001088,0.000261,0.000196,,400,,
0,0,,0.999743,0.000029,0.000024,0.000089,0.000073,0.00002,0.000022,,400,,
0,0,,0.995415,0.001074,0.000486,0.00148,0.001088,0.000261,0.000196,,400,,
0,0,,0.999743,0.000029,0.000024,0.000089,0.000073,0.00002,0.000022,,400,,
0,0,,0.995415,0.001074,0.000486,0.00148,0.001088,0.000261,0.000196,,400,,
0,0,,0.995415,0.001074,0.000486,0.00148,0.001088,0.000261,0.000196,,500,,
0,0,,0.999743,0.000029,0.000024,0.000089,0.000073,0.00002,0.000022,,400,,
0,0,,0.998178,0.000011,0.000038,0.001688,0.000064,0.000018,0.000003,,500,,
0,0,,0.999743,0.000029,0.000024,0.000089,0.000073,0.00002,0.000022,,500,,
0,0,,0.999743,0.000029,0.000024,0.000089,0.000073,0.00002,0.000022,,500,,
0,0,,0.999743,0.000029,0.000024,0.000089,0.000073,0.00002,0.000022,,400,,
0,0,,0.999743,0.000029,0.000024,0.000089,0.000073,0.00002,0.000022,,400,,
0,0,,0.999743,0.000029,0.000024,0.000089,0.000073,0.00002,0.000022,,400,,
0,0,,0.999743,0.000029,0.000024,0.000089,0.000073,0.00002,0.000022,,400,,
0,0,,0.998185,0.000051,0.000173,0.001416,0.000081,0.00008,0.000014,,400,,
0,0,,0.999743,0.000029,0.000024,0.000089,0.000073,0.00002,0.000022,,400,,
0,0,,0.995415,0.001074,0.000486,0.00148,0.001088,0.000261,0.000196,,400,,
0,0,,0.998178,0.000011,0.000038,0.001688,0.000064,0.000018,0.000003,,400,,
0,0,,0.999743,0.000029,0.000024,0.000089,0.000073,0.00002,0.000022,,400,,
0,0,,0.999743,0.000029,0.000024,0.000089,0.000073,0.00002,0.000022,,400,,
0,0,,0.999743,0.000029,0.000024,0.000089,0.000073,0.00002,0.000022,,400,,
0,0,,0.999743,0.000029,0.000024,0.000089,0.000073,0.00002,0.000022,,400,,
0,0,,0.995415,0.001074,0.000486,0.00148,0.001088,0.000261,0.000196,,500,,
0,0,,0.999743,0.000029,0.000024,0.000089,0.000073,0.00002,0.000022,,400,,
0,0,,0.995415,0.001074,0.000486,0.00148,0.001088,0.000261,0.000196,,400,,
0,0,,0.998185,0.000051,0.000173,0.001416,0.000081,0.00008,0.000014,,400,,
0,0,,0.998178,0.000011,0.000038,0.001688,0.000064,0.000018,0.000003,,500,,
0,0,,0.999743,0.000029,0.000024,0.000089,0.000073,0.00002,0.000022,,500,,
0,0,,0.999743,0.000029,0.000024,0.000089,0.000073,0.00002,0.000022,,400,,
0,0,,0.999743,0.000029,0.000024,0.000089,0.000073,0.00002,0.000022,,400,,
0,0,,0.999743,0.000029,0.000024,0.000089,0.000073,0.00002,0.000022,,400,,
0,0,,0.998185,0.000051,0.000173,0.001416,0.000081,0.00008,0.000014,,400,,
0,0,,0.999743,0.000029,0.000024,0.000089,0.000073,0.00002,0.000022,,400,,
0,0,,0.999743,0.000029,0.000024,0.000089,0.000073,0.00002,0.000022,,400,,
0,0,,0.995415,0.001074,0.000486,0.00148,0.001088,0.000261,0.000196,,400,,
0,0,,0.995415,0.001074,0.000486,0.00148,0.001088,0.000261,0.000196,,500,,
0,0,,0.998178,0.000011,0.000038,0.001688,0.000064,0.000018,0.000003,,500,,
0,0,,0.998185,0.000051,0.000173,0.001416,0.000081,0.00008,0.000014,,400,,
0,0,,0.999743,0.000029,0.000024,0.000089,0.000073,0.00002,0.000022,,500,,
0,0,,0.999743,0.000029,0.000024,0.000089,0.000073,0.00002,0.000022,,400,,
0,0,,0.995415,0.001074,0.000486,0.00148,0.001088,0.000261,0.000196,,400,,
0,0,,0.999743,0.000029,0.000024,0.000089,0.000073,0.00002,0.000022,,400,,
0,0,,0.998185,0.000051,0.000173,0.001416,0.000081,0.00008,0.000014,,400,,
0,0,,0.995415,0.001074,0.000486,0.00148,0.001088,0.000261,0.000196,,400,,
0,0,,0.995415,0.001074,0.000486,0.00148,0.001088,0.000261,0.000196,,400,,
0,0,,0.995415,0.001074,0.000486,0.00148,0.001088,0.000261,0.000196,,400,,
0,0,,0.998178,0.000011,0.000038,0.001688,0.000064,0.000018,0.000003,,400,,
0,0,,0.998178,0.000011,0.000038,0.001688,0.000064,0.000018,0.000003,,500,,
0,0,,0.999743,0.000029,0.000024,0.000089,0.000073,0.00002,0.000022,,500,,
0,0,,0.999743,0.000029,0.000024,0.000089,0.000073,0.00002,0.000022,,500,,
0,0,,0.999743,0.000029,0.000024,0.000089,0.000073,0.00002,0.000022,,400,,
0,0,,0.999743,0.000029,0.000024,0.000089,0.000073,0.00002,0.000022,,400,,
0,0,,0.995415,0.001074,0.000486,0.00148,0.001088,0.000261,0.000196,,400,,
0,0,,0.995415,0.001074,0.000486,0.00148,0.001088,0.000261,0.000196,,400,,
0,0,,0.999743,0.000029,0.000024,0.000089,0.000073,0.00002,0.000022,,500,,
0,0,,0.999743,0.000029,0.000024,0.000089,0.000073,0.00002,0.000022,,400,,
0,0,,0.999743,0.000029,0.000024,0.000089,0.000073,0.00002,0.000022,,400,,
0,0,,0.995415,0.001074,0.000486,0.00148,0.001088,0.000261,0.000196,,400,,
0,0,,0.999743,0.000029,0.000024,0.000089,0.000073,0.00002,0.000022,,400,,
0,0,,0.995415,0.001074,0.000486,0.00148,0.001088,0.000261,0.000196,,500,,
0,0,,0.999743,0.000029,0.000024,0.000089,0.000073,0.00002,0.000022,,400,,
0,0,,0.999743,0.000029,0.000024,0.000089,0.000073,0.00002,0.000022,,400,,
0,0,,0.999743,0.000029,0.000024,0.000089,0.000073,0.00002,0.000022,,400,,
0,0,,0.999743,0.000029,0.000024,0.000089,0.000073,0.00002,0.000022,,400,,
0,0,,0.999743,0.000029,0.000024,0.000089,0.000073,0.00002,0.000022,,500,,
0,0,,0.999743,0.000029,0.000024,0.000089,0.000073,0.00002,0.000022,,500,,
0,0,,0.999743,0.000029,0.000024,0.000089,0.000073,0.00002,0.000022,,400,,
0,0,,0.995415,0.001074,0.000486,0.00148,0.001088,0.000261,0.000196,,400,,
0,0,,0.999743,0.000029,0.000024,0.000089,0.000073,0.00002,0.000022,,400,,
0,0,,0.998185,0.000051,0.000173,0.001416,0.000081,0.00008,0.000014,,400,,
0,0,,0.999743,0.000029,0.000024,0.000089,0.000073,0.00002,0.000022,,400,,
0,0,,0.999743,0.000029,0.000024,0.000089,0.000073,0.00002,0.000022,,400,,
0,0,,0.998185,0.000051,0.000173,0.001416,0.000081,0.00008,0.000014,,400,,
0,0,,0.999743,0.000029,0.000024,0.000089,0.000073,0.00002,0.000022,,400,,
0,0,,0.999743,0.000029,0.000024,0.000089,0.000073,0.00002,0.000022,,400,,
0,0,,0.999743,0.000029,0.000024,0.000089,0.000073,0.00002,0.000022,,400,,
0,0,,0.999743,0.000029,0.000024,0.000089,0.000073,0.00002,0.000022,,500,,
0,0,,0.999743,0.000029,0.000024,0.000089,0.000073,0.00002,0.000022,,400,,
0,0,,0.999743,0.000029,0.000024,0.000089,0.000073,0.00002,0.000022,,400,,
0,0,,0.999743,0.000029,0.000024,0.000089,0.000073,0.00002,0.000022,,400,,
0,0,,0.999743,0.000029,0.000024,0.000089,0.000073,0.00002,0.000022,,400,,
0,0,,0.999743,0.000029,0.000024,0.000089,0.000073,0.00002,0.000022,,400,,
0,0,,0.999743,0.000029,0.000024,0.000089,0.000073,0.00002,0.000022,,500,,
0,0,,0.999743,0.000029,0.000024,0.000089,0.000073,0.00002,0.000022,,400,,
0,0,,0.995415,0.001074,0.000486,0.00148,0.001088,0.000261,0.000196,,400,,
0,0,,0.999743,0.000029,0.000024,0.000089,0.000073,0.00002,0.000022,,400,,
0,0,,0.998178,0.000011,0.000038,0.001688,0.000064,0.000018,0.000003,,400,,
0,0,,0.999743,0.000029,0.000024,0.000089,0.000073,0.00002,0.000022,,400,,
0,0,,0.999743,0.000029,0.000024,0.000089,0.000073,0.00002,0.000022,,400,,
0,0,,0.999743,0.000029,0.000024,0.000089,0.000073,0.00002,0.000022,,400,,
0,0,,0.998185,0.000051,0.000173,0.001416,0.000081,0.00008,0.000014,,500,,
0,0,,0.999743,0.000029,0.000024,0.000089,0.000073,0.00002,0.000022,,400,,
0,0,,0.995415,0.001074,0.000486,0.00148,0.001088,0.000261,0.000196,,500,,
0,0,,0.999743,0.000029,0.000024,0.000089,0.000073,0.00002,0.000022,,400,,
0,0,,0.999743,0.000029,0.000024,0.000089,0.000073,0.00002,0.000022,,400,,
0,0,,0.999743,0.000029,0.000024,0.000089,0.000073,0.00002,0.000022,,400,,
0,0,,0.998178,0.000011,0.000038,0.001688,0.000064,0.000018,0.000003,,500,,
0,0,,0.999743,0.000029,0.000024,0.000089,0.000073,0.00002,0.000022,,400,,
0,0,,0.999743,0.000029,0.000024,0.000089,0.000073,0.00002,0.000022,,400,,
0,0,,0.999743,0.000029,0.000024,0.000089,0.000073,0.00002,0.000022,,400,,
0,0,,0.995415,0.001074,0.000486,0.00148,0.001088,0.000261,0.000196,,400,,
0,0,,0.995415,0.001074,0.000486,0.00148,0.001088,0.000261,0.000196,,400,,
0,0,,0.999743,0.000029,0.000024,0.000089,0.000073,0.00002,0.000022,,400,,
0,0,,0.999743,0.000029,0.000024,0.000089,0.000073,0.00002,0.000022,,400,,
0,0,,0.999743,0.000029,0.000024,0.000089,0.000073,0.00002,0.000022,,400,,
0,0,,0.995415,0.001074,0.000486,0.00148,0.001088,0.000261,0.000196,,400,,
0,0,,0.999743,0.000029,0.000024,0.000089,0.000073,0.00002,0.000022,,400,,
0,0,,0.999743,0.000029,0.000024,0.000089,0.000073,0.00002,0.000022,,400,,
0,0,,0.999743,0.000029,0.000024,0.000089,0.000073,0.00002,0.000022,,400,,
0,0,,0.995415,0.001074,0.000486,0.00148,0.001088,0.000261,0.000196,,400,,
0,0,,0.999743,0.000029,0.000024,0.000089,0.000073,0.00002,0.000022,,1600,,
0,0,,0.995415,0.001074,0.000486,0.00148,0.001088,0.000261,0.000196,,400,,
0,0,,0.999743,0.000029,0.000024,0.000089,0.000073,0.00002,0.000022,,400,,
0,0,,0.999743,0.000029,0.000024,0.000089,0.000073,0.00002,0.000022,,400,,
0,0,,0.999743,0.000029,0.000024,0.000089,0.000073,0.00002,0.000022,,400,,
0,0,,0.999743,0.000029,0.000024,0.000089,0.000073,0.00002,0.000022,,400,,
0,0,,0.995415,0.001074,0.000486,0.00148,0.001088,0.000261,0.000196,,400,,
0,0,,0.999743,0.000029,0.000024,0.000089,0.000073,0.00002,0.000022,,400,,
0,0,,0.999743,0.000029,0.000024,0.000089,0.000073,0.00002,0.000022,,500,,
0,0,,0.995415,0.001074,0.000486,0.00148,0.001088,0.000261,0.000196,,400,,
0,0,,0.999743,0.000029,0.000024,0.000089,0.000073,0.00002,0.000022,,500,,
0,0,,0.999743,0.000029,0.000024,0.000089,0.000073,0.00002,0.000022,,400,,
0,0,,0.999743,0.000029,0.000024,0.000089,0.000073,0.00002,0.000022,,400,,
0,0,,0.998178,0.000011,0.000038,0.001688,0.000064,0.000018,0.000003,,500,,
0,0,,0.995415,0.001074,0.000486,0.00148,0.001088,0.000261,0.000196,,500,,
0,0,,0.999743,0.000029,0.000024,0.000089,0.000073,0.00002,0.000022,,400,,
0,0,,0.999743,0.000029,0.000024,0.000089,0.000073,0.00002,0.000022,,400,,
0,0,,0.998178,0.000011,0.000038,0.001688,0.000064,0.000018,0.000003,,500,,
0,0,,0.995415,0.001074,0.000486,0.00148,0.001088,0.000261,0.000196,,500,,
0,0,,0.999743,0.000029,0.000024,0.000089,0.000073,0.00002,0.000022,,400,,
0,0,,0.999743,0.000029,0.000024,0.000089,0.000073,0.00002,0.000022,,400,,
0,0,,0.999743,0.000029,0.000024,0.000089,0.000073,0.00002,0.000022,,400,,
0,0,,0.999743,0.000029,0.000024,0.000089,0.000073,0.00002,0.000022,,400,,
0,0,,0.995415,0.001074,0.000486,0.00148,0.001088,0.000261,0.000196,,400,,
0,0,,0.999743,0.000029,0.000024,0.000089,0.000073,0.00002,0.000022,,500,,
0,0,,0.999743,0.000029,0.000024,0.000089,0.000073,0.00002,0.000022,,500,,
0,0,,0.999743,0.000029,0.000024,0.000089,0.000073,0.00002,0.000022,,400,,
0,0,,0.998178,0.000011,0.000038,0.001688,0.000064,0.000018,0.000003,,500,,
0,0,,0.995415,0.001074,0.000486,0.00148,0.001088,0.000261,0.000196,,500,,
0,0,,0.999743,0.000029,0.000024,0.000089,0.000073,0.00002,0.000022,,500,,
0,0,,0.999743,0.000029,0.000024,0.000089,0.000073,0.00002,0.000022,,400,,
0,0,,0.999743,0.000029,0.000024,0.000089,0.000073,0.00002,0.000022,,400,,
0,0,,0.995415,0.001074,0.000486,0.00148,0.001088,0.000261,0.000196,,400,,
0,0,,0.995415,0.001074,0.000486,0.00148,0.001088,0.000261,0.000196,,400,,
0,0,,0.995415,0.001074,0.000486,0.00148,0.001088,0.000261,0.000196,,400,,
0,0,,0.998185,0.000051,0.000173,0.001416,0.000081,0.00008,0.000014,,500,,
0,0,,0.999743,0.000029,0.000024,0.000089,0.000073,0.00002,0.000022,,400,,
0,0,,0.999743,0.000029,0.000024,0.000089,0.000073,0.00002,0.000022,,400,,
0,0,,0.999743,0.000029,0.000024,0.000089,0.000073,0.00002,0.000022,,500,,
0,0,,0.995415,0.001074,0.000486,0.00148,0.001088,0.000261,0.000196,,500,,
0,0,,0.999743,0.000029,0.000024,0.000089,0.000073,0.00002,0.000022,,400,,
0,0,,0.999743,0.000029,0.000024,0.000089,0.000073,0.00002,0.000022,,400,,
0,0,,0.999743,0.000029,0.000024,0.000089,0.000073,0.00002,0.000022,,400,,
0,0,,0.999743,0.000029,0.000024,0.000089,0.000073,0.00002,0.000022,,400,,
0,0,,0.999743,0.000029,0.000024,0.000089,0.000073,0.00002,0.000022,,400,,
0,0,,0.999743,0.000029,0.000024,0.000089,0.000073,0.00002,0.000022,,400,,
0,0,,0.999743,0.000029,0.000024,0.000089,0.000073,0.00002,0.000022,,500,,
0,0,,0.999743,0.000029,0.000024,0.000089,0.000073,0.00002,0.000022,,500,,
0,0,,0.998185,0.000051,0.000173,0.001416,0.000081,0.00008,0.000014,,500,,
0,0,,0.999743,0.000029,0.000024,0.000089,0.000073,0.00002,0.000022,,500,,
0,0,,0.998178,0.000011,0.000038,0.001688,0.000064,0.000018,0.000003,,500,,
0,0,,0.999743,0.000029,0.000024,0.000089,0.000073,0.00002,0.000022,,400,,
0,0,,0.999743,0.000029,0.000024,0.000089,0.000073,0.00002,0.000022,,400,,
0,0,,0.995415,0.001074,0.000486,0.00148,0.001088,0.000261,0.000196,,400,,
0,0,,0.995415,0.001074,0.000486,0.00148,0.001088,0.000261,0.000196,,400,,
0,0,,0.999743,0.000029,0.000024,0.000089,0.000073,0.00002,0.000022,,500,,
0,0,,0.999743,0.000029,0.000024,0.000089,0.000073,0.00002,0.000022,,400,,
0,0,,0.999743,0.000029,0.000024,0.000089,0.000073,0.00002,0.000022,,400,,
0,0,,0.999743,0.000029,0.000024,0.000089,0.000073,0.00002,0.000022,,400,,
0,0,,0.999743,0.000029,0.000024,0.000089,0.000073,0.00002,0.000022,,400,,
0,0,,0.999743,0.000029,0.000024,0.000089,0.000073,0.00002,0.000022,,400,,
0,0,,0.999743,0.000029,0.000024,0.000089,0.000073,0.00002,0.000022,,400,,
0,0,,0.999743,0.000029,0.000024,0.000089,0.000073,0.00002,0.000022,,400,,
0,0,,0.998185,0.000051,0.000173,0.001416,0.000081,0.00008,0.000014,,500,,
0,0,,0.995415,0.001074,0.000486,0.00148,0.001088,0.000261,0.000196,,500,,
0,0,,0.999743,0.000029,0.000024,0.000089,0.000073,0.00002,0.000022,,500,,
0,0,,0.995415,0.001074,0.000486,0.00148,0.001088,0.000261,0.000196,,500,,
0,0,,0.995415,0.001074,0.000486,0.00148,0.001088,0.000261,0.000196,,400,,
0,0,,0.999743,0.000029,0.000024,0.000089,0.000073,0.00002,0.000022,,400,,
0,0,,0.999743,0.000029,0.000024,0.000089,0.000073,0.00002,0.000022,,400,,
0,0,,0.998185,0.000051,0.000173,0.001416,0.000081,0.00008,0.000014,,500,,
0,0,,0.998178,0.000011,0.000038,0.001688,0.000064,0.000018,0.000003,,500,,
0,0,,0.999743,0.000029,0.000024,0.000089,0.000073,0.00002,0.000022,,400,,
0,0,,0.999743,0.000029,0.000024,0.000089,0.000073,0.00002,0.000022,,500,,
0,0,,0.995415,0.001074,0.000486,0.00148,0.001088,0.000261,0.000196,,400,,
0,0,,0.998178,0.000011,0.000038,0.001688,0.000064,0.000018,0.000003,,500,,
0,0,,0.998178,0.000011,0.000038,0.001688,0.000064,0.000018,0.000003,,500,,
0,0,,0.999743,0.000029,0.000024,0.000089,0.000073,0.00002,0.000022,,400,,
0,0,,0.999743,0.000029,0.000024,0.000089,0.000073,0.00002,0.000022,,400,,
0,0,,0.999743,0.000029,0.000024,0.000089,0.000073,0.00002,0.000022,,500,,
0,0,,0.999743,0.000029,0.000024,0.000089,0.000073,0.00002,0.000022,,500,,
0,0,,0.999743,0.000029,0.000024,0.000089,0.000073,0.00002,0.000022,,400,,
0,0,,0.999743,0.000029,0.000024,0.000089,0.000073,0.00002,0.000022,,400,,
0,0,,0.998178,0.000011,0.000038,0.001688,0.000064,0.000018,0.000003,,500,,
0,0,,0.999743,0.000029,0.000024,0.000089,0.000073,0.00002,0.000022,,500,,
0,0,,0.999743,0.000029,0.000024,0.000089,0.000073,0.00002,0.000022,,400,,
0,0,,0.999743,0.000029,0.000024,0.000089,0.000073,0.00002,0.000022,,400,,
0,0,,0.995415,0.001074,0.000486,0.00148,0.001088,0.000261,0.000196,,400,,
0,0,,0.995415,0.001074,0.000486,0.00148,0.001088,0.000261,0.000196,,400,,
0,0,,0.755722,0.003211,0.19723,0.001742,0.000274,0.00232,0.039501,,400,,
0,0,,0.998178,0.000011,0.000038,0.001688,0.000064,0.000018,0.000003,,400,,
0,0,,0.999743,0.000029,0.000024,0.000089,0.000073,0.00002,0.000022,,400,,
0,0,,0.995415,0.001074,0.000486,0.00148,0.001088,0.000261,0.000196,,400,,
0,0,,0.998185,0.000051,0.000173,0.001416,0.000081,0.00008,0.000014,,400,,
0,0,,0.999743,0.000029,0.000024,0.000089,0.000073,0.00002,0.000022,,400,,
0,0,,0.995415,0.001074,0.000486,0.00148,0.001088,0.000261,0.000196,,400,,
0,0,,0.999743,0.000029,0.000024,0.000089,0.000073,0.00002,0.000022,,500,,
0,0,,0.999743,0.000029,0.000024,0.000089,0.000073,0.00002,0.000022,,400,,
0,0,,0.999743,0.000029,0.000024,0.000089,0.000073,0.00002,0.000022,,400,,
0,0,,0.998178,0.000011,0.000038,0.001688,0.000064,0.000018,0.000003,,400,,
0,0,,0.999743,0.000029,0.000024,0.000089,0.000073,0.00002,0.000022,,400,,
0,0,,0.995415,0.001074,0.000486,0.00148,0.001088,0.000261,0.000196,,400,,
0,0,,0.995415,0.001074,0.000486,0.00148,0.001088,0.000261,0.000196,,400,,
0,0,,0.999743,0.000029,0.000024,0.000089,0.000073,0.00002,0.000022,,400,,
0,0,,0.999743,0.000029,0.000024,0.000089,0.000073,0.00002,0.000022,,500,,
0,0,,0.999743,0.000029,0.000024,0.000089,0.000073,0.00002,0.000022,,400,,
0,0,,0.999743,0.000029,0.000024,0.000089,0.000073,0.00002,0.000022,,400,,
0,0,,0.999743,0.000029,0.000024,0.000089,0.000073,0.00002,0.000022,,400,,
0,0,,0.999743,0.000029,0.000024,0.000089,0.000073,0.00002,0.000022,,400,,
0,0,,0.995415,0.001074,0.000486,0.00148,0.001088,0.000261,0.000196,,500,,
0,0,,0.998178,0.000011,0.000038,0.001688,0.000064,0.000018,0.000003,,500,,
0,0,,0.995415,0.001074,0.000486,0.00148,0.001088,0.000261,0.000196,,400,,
0,0,,0.999743,0.000029,0.000024,0.000089,0.000073,0.00002,0.000022,,500,,
0,0,,0.999743,0.000029,0.000024,0.000089,0.000073,0.00002,0.000022,,500,,
0,0,,0.999743,0.000029,0.000024,0.000089,0.000073,0.00002,0.000022,,400,,
0,0,,0.995415,0.001074,0.000486,0.00148,0.001088,0.000261,0.000196,,400,,
0,0,,0.999743,0.000029,0.000024,0.000089,0.000073,0.00002,0.000022,,400,,
0,0,,0.999743,0.000029,0.000024,0.000089,0.000073,0.00002,0.000022,,500,,
0,0,,0.999743,0.000029,0.000024,0.000089,0.000073,0.00002,0.000022,,400,,
0,0,,0.999743,0.000029,0.000024,0.000089,0.000073,0.00002,0.000022,,500,,
0,0,,0.999743,0.000029,0.000024,0.000089,0.000073,0.00002,0.000022,,400,,
0,0,,0.999743,0.000029,0.000024,0.000089,0.000073,0.00002,0.000022,,400,,
0,0,,0.999743,0.000029,0.000024,0.000089,0.000073,0.00002,0.000022,,400,,
0,0,,0.999743,0.000029,0.000024,0.000089,0.000073,0.00002,0.000022,,400,,
0,0,,0.998178,0.000011,0.000038,0.001688,0.000064,0.000018,0.000003,,400,,
0,0,,0.995415,0.001074,0.000486,0.00148,0.001088,0.000261,0.000196,,400,,
0,0,,0.999743,0.000029,0.000024,0.000089,0.000073,0.00002,0.000022,,400,,
0,0,,0.999743,0.000029,0.000024,0.000089,0.000073,0.00002,0.000022,,400,,
0,0,,0.999743,0.000029,0.000024,0.000089,0.000073,0.00002,0.000022,,400,,
0,0,,0.999743,0.000029,0.000024,0.000089,0.000073,0.00002,0.000022,,400,,
0,0,,0.999743,0.000029,0.000024,0.000089,0.000073,0.00002,0.000022,,500,,
0,0,,0.999743,0.000029,0.000024,0.000089,0.000073,0.00002,0.000022,,400,,
0,0,,0.999743,0.000029,0.000024,0.000089,0.000073,0.00002,0.000022,,400,,
0,0,,0.999743,0.000029,0.000024,0.000089,0.000073,0.00002,0.000022,,400,,
0,0,,0.995415,0.001074,0.000486,0.00148,0.001088,0.000261,0.000196,,400,,
0,0,,0.999743,0.000029,0.000024,0.000089,0.000073,0.00002,0.000022,,400,,
0,0,,0.995415,0.001074,0.000486,0.00148,0.001088,0.000261,0.000196,,500,,
0,0,,0.999743,0.000029,0.000024,0.000089,0.000073,0.00002,0.000022,,400,,
0,0,,0.999743,0.000029,0.000024,0.000089,0.000073,0.00002,0.000022,,400,,
0,0,,0.995415,0.001074,0.000486,0.00148,0.001088,0.000261,0.000196,,400,,
0,0,,0.999743,0.000029,0.000024,0.000089,0.000073,0.00002,0.000022,,400,,
0,0,,0.995415,0.001074,0.000486,0.00148,0.001088,0.000261,0.000196,,400,,
0,0,,0.999743,0.000029,0.000024,0.000089,0.000073,0.00002,0.000022,,400,,
0,0,,0.999743,0.000029,0.000024,0.000089,0.000073,0.00002,0.000022,,500,,
0,0,,0.995415,0.001074,0.000486,0.00148,0.001088,0.000261,0.000196,,500,,
0,0,,0.999743,0.000029,0.000024,0.000089,0.000073,0.00002,0.000022,,400,,
0,0,,0.999743,0.000029,0.000024,0.000089,0.000073,0.00002,0.000022,,400,,
0,0,,0.999743,0.000029,0.000024,0.000089,0.000073,0.00002,0.000022,,400,,
0,0,,0.999743,0.000029,0.000024,0.000089,0.000073,0.00002,0.000022,,400,,
0,0,,0.999743,0.000029,0.000024,0.000089,0.000073,0.00002,0.000022,,400,,
0,0,,0.998185,0.000051,0.000173,0.001416,0.000081,0.00008,0.000014,,400,,
0,0,,0.999743,0.000029,0.000024,0.000089,0.000073,0.00002,0.000022,,400,,
0,0,,0.999743,0.000029,0.000024,0.000089,0.000073,0.00002,0.000022,,500,,
0,0,,0.999743,0.000029,0.000024,0.000089,0.000073,0.00002,0.000022,,400,,
0,0,,0.999743,0.000029,0.000024,0.000089,0.000073,0.00002,0.000022,,400,,
0,0,,0.999743,0.000029,0.000024,0.000089,0.000073,0.00002,0.000022,,400,,
0,0,,0.999743,0.000029,0.000024,0.000089,0.000073,0.00002,0.000022,,400,,
0,0,,0.999743,0.000029,0.000024,0.000089,0.000073,0.00002,0.000022,,400,,
0,0,,0.999743,0.000029,0.000024,0.000089,0.000073,0.00002,0.000022,,400,,
0,0,,0.999743,0.000029,0.000024,0.000089,0.000073,0.00002,0.000022,,500,,
0,0,,0.999743,0.000029,0.000024,0.000089,0.000073,0.00002,0.000022,,500,,
0,0,,0.998185,0.000051,0.000173,0.001416,0.000081,0.00008,0.000014,,500,,
0,0,,0.999743,0.000029,0.000024,0.000089,0.000073,0.00002,0.000022,,400,,
0,0,,0.995415,0.001074,0.000486,0.00148,0.001088,0.000261,0.000196,,400,,
0,0,,0.999743,0.000029,0.000024,0.000089,0.000073,0.00002,0.000022,,400,,
0,0,,0.999743,0.000029,0.000024,0.000089,0.000073,0.00002,0.000022,,400,,
0,0,,0.999743,0.000029,0.000024,0.000089,0.000073,0.00002,0.000022,,500,,
0,0,,0.999743,0.000029,0.000024,0.000089,0.000073,0.00002,0.000022,,400,,
0,0,,0.999743,0.000029,0.000024,0.000089,0.000073,0.00002,0.000022,,400,,
0,0,,0.995415,0.001074,0.000486,0.00148,0.001088,0.000261,0.000196,,400,,
0,0,,0.995415,0.001074,0.000486,0.00148,0.001088,0.000261,0.000196,,400,,
0,0,,0.998178,0.000011,0.000038,0.001688,0.000064,0.000018,0.000003,,400,,
0,0,,0.999743,0.000029,0.000024,0.000089,0.000073,0.00002,0.000022,,400,,
0,0,,0.999743,0.000029,0.000024,0.000089,0.000073,0.00002,0.000022,,400,,
0,0,,0.999743,0.000029,0.000024,0.000089,0.000073,0.00002,0.000022,,400,,
0,0,,0.999743,0.000029,0.000024,0.000089,0.000073,0.00002,0.000022,,400,,
0,0,,0.995415,0.001074,0.000486,0.00148,0.001088,0.000261,0.000196,,400,,
0,0,,0.999743,0.000029,0.000024,0.000089,0.000073,0.00002,0.000022,,500,,
0,0,,0.999743,0.000029,0.000024,0.000089,0.000073,0.00002,0.000022,,400,,
0,0,,0.999743,0.000029,0.000024,0.000089,0.000073,0.00002,0.000022,,500,,
0,0,,0.999743,0.000029,0.000024,0.000089,0.000073,0.00002,0.000022,,500,,
0,0,,0.995415,0.001074,0.000486,0.00148,0.001088,0.000261,0.000196,,400,,
0,0,,0.995415,0.001074,0.000486,0.00148,0.001088,0.000261,0.000196,,400,,
0,0,,0.995415,0.001074,0.000486,0.00148,0.001088,0.000261,0.000196,,400,,
0,0,,0.999743,0.000029,0.000024,0.000089,0.000073,0.00002,0.000022,,400,,
0,0,,0.999743,0.000029,0.000024,0.000089,0.000073,0.00002,0.000022,,400,,
0,0,,0.999743,0.000029,0.000024,0.000089,0.000073,0.00002,0.000022,,400,,
0,0,,0.999743,0.000029,0.000024,0.000089,0.000073,0.00002,0.000022,,400,,
0,0,,0.999743,0.000029,0.000024,0.000089,0.000073,0.00002,0.000022,,400,,
0,0,,0.995415,0.001074,0.000486,0.00148,0.001088,0.000261,0.000196,,500,,
0,0,,0.999743,0.000029,0.000024,0.000089,0.000073,0.00002,0.000022,,500,,
0,0,,0.999743,0.000029,0.000024,0.000089,0.000073,0.00002,0.000022,,400,,
0,0,,0.999743,0.000029,0.000024,0.000089,0.000073,0.00002,0.000022,,400,,
0,0,,0.999743,0.000029,0.000024,0.000089,0.000073,0.00002,0.000022,,400,,
0,0,,0.999743,0.000029,0.000024,0.000089,0.000073,0.00002,0.000022,,400,,
0,0,,0.998185,0.000051,0.000173,0.001416,0.000081,0.00008,0.000014,,500,,
0,0,,0.999743,0.000029,0.000024,0.000089,0.000073,0.00002,0.000022,,500,,
0,0,,0.995415,0.001074,0.000486,0.00148,0.001088,0.000261,0.000196,,400,,
0,0,,0.999743,0.000029,0.000024,0.000089,0.000073,0.00002,0.000022,,400,,
0,0,,0.995415,0.001074,0.000486,0.00148,0.001088,0.000261,0.000196,,400,,
0,0,,0.999743,0.000029,0.000024,0.000089,0.000073,0.00002,0.000022,,400,,
0,0,,0.998178,0.000011,0.000038,0.001688,0.000064,0.000018,0.000003,,400,,
0,0,,0.999743,0.000029,0.000024,0.000089,0.000073,0.00002,0.000022,,400,,
0,0,,0.999743,0.000029,0.000024,0.000089,0.000073,0.00002,0.000022,,400,,
0,0,,0.999743,0.000029,0.000024,0.000089,0.000073,0.00002,0.000022,,400,,
0,0,,0.999743,0.000029,0.000024,0.000089,0.000073,0.00002,0.000022,,500,,
0,0,,0.999743,0.000029,0.000024,0.000089,0.000073,0.00002,0.000022,,500,,
0,0,,0.999743,0.000029,0.000024,0.000089,0.000073,0.00002,0.000022,,400,,
0,0,,0.999743,0.000029,0.000024,0.000089,0.000073,0.00002,0.000022,,400,,
0,0,,0.995415,0.001074,0.000486,0.00148,0.001088,0.000261,0.000196,,400,,
0,0,,0.999743,0.000029,0.000024,0.000089,0.000073,0.00002,0.000022,,500,,
0,0,,0.995415,0.001074,0.000486,0.00148,0.001088,0.000261,0.000196,,400,,
0,0,,0.998185,0.000051,0.000173,0.001416,0.000081,0.00008,0.000014,,400,,
0,0,,0.999743,0.000029,0.000024,0.000089,0.000073,0.00002,0.000022,,400,,
0,0,,0.999743,0.000029,0.000024,0.000089,0.000073,0.00002,0.000022,,400,,
0,0,,0.999743,0.000029,0.000024,0.000089,0.000073,0.00002,0.000022,,400,,
0,0,,0.999743,0.000029,0.000024,0.000089,0.000073,0.00002,0.000022,,400,,
0,0,,0.995415,0.001074,0.000486,0.00148,0.001088,0.000261,0.000196,,500,,
0,0,,0.999743,0.000029,0.000024,0.000089,0.000073,0.00002,0.000022,,500,,
0,0,,0.998178,0.000011,0.000038,0.001688,0.000064,0.000018,0.000003,,500,,
0,0,,0.995415,0.001074,0.000486,0.00148,0.001088,0.000261,0.000196,,500,,
0,0,,0.998178,0.000011,0.000038,0.001688,0.000064,0.000018,0.000003,,500,,
0,0,,0.995415,0.001074,0.000486,0.00148,0.001088,0.000261,0.000196,,400,,
0,0,,0.999743,0.000029,0.000024,0.000089,0.000073,0.00002,0.000022,,400,,
0,0,,0.995415,0.001074,0.000486,0.00148,0.001088,0.000261,0.000196,,500,,
0,0,,0.995415,0.001074,0.000486,0.00148,0.001088,0.000261,0.000196,,500,,
0,0,,0.999743,0.000029,0.000024,0.000089,0.000073,0.00002,0.000022,,400,,
0,0,,0.999743,0.000029,0.000024,0.000089,0.000073,0.00002,0.000022,,400,,
0,0,,0.999743,0.000029,0.000024,0.000089,0.000073,0.00002,0.000022,,400,,
0,0,,0.995415,0.001074,0.000486,0.00148,0.001088,0.000261,0.000196,,400,,
0,0,,0.999743,0.000029,0.000024,0.000089,0.000073,0.00002,0.000022,,400,,
0,0,,0.998185,0.000051,0.000173,0.001416,0.000081,0.00008,0.000014,,400,,
0,0,,0.995415,0.001074,0.000486,0.00148,0.001088,0.000261,0.000196,,400,,
0,0,,0.999743,0.000029,0.000024,0.000089,0.000073,0.00002,0.000022,,400,,
0,0,,0.999743,0.000029,0.000024,0.000089,0.000073,0.00002,0.000022,,400,,
0,0,,0.995415,0.001074,0.000486,0.00148,0.001088,0.000261,0.000196,,500,,
0,0,,0.995415,0.001074,0.000486,0.00148,0.001088,0.000261,0.000196,,500,,
0,0,,0.998185,0.000051,0.000173,0.001416,0.000081,0.00008,0.000014,,500,,
0,0,,0.999743,0.000029,0.000024,0.000089,0.000073,0.00002,0.000022,,500,,
0,0,,0.999743,0.000029,0.000024,0.000089,0.000073,0.00002,0.000022,,500,,
0,0,,0.998185,0.000051,0.000173,0.001416,0.000081,0.00008,0.000014,,500,,
0,0,,0.995415,0.001074,0.000486,0.00148,0.001088,0.000261,0.000196,,500,,
0,0,,0.999743,0.000029,0.000024,0.000089,0.000073,0.00002,0.000022,,500,,
0,0,,0.995415,0.001074,0.000486,0.00148,0.001088,0.000261,0.000196,,400,,
0,0,,0.998178,0.000011,0.000038,0.001688,0.000064,0.000018,0.000003,,400,,
0,0,,0.998178,0.000011,0.000038,0.001688,0.000064,0.000018,0.000003,,400,,
0,0,,0.999743,0.000029,0.000024,0.000089,0.000073,0.00002,0.000022,,400,,
0,0,,0.995415,0.001074,0.000486,0.00148,0.001088,0.000261,0.000196,,400,,
0,0,,0.999743,0.000029,0.000024,0.000089,0.000073,0.00002,0.000022,,400,,
0,0,,0.999743,0.000029,0.000024,0.000089,0.000073,0.00002,0.000022,,500,,
0,0,,0.999743,0.000029,0.000024,0.000089,0.000073,0.00002,0.000022,,500,,
0,0,,0.995415,0.001074,0.000486,0.00148,0.001088,0.000261,0.000196,,400,,
0,0,,0.995415,0.001074,0.000486,0.00148,0.001088,0.000261,0.000196,,400,,
0,0,,0.999743,0.000029,0.000024,0.000089,0.000073,0.00002,0.000022,,400,,
0,0,,0.995415,0.001074,0.000486,0.00148,0.001088,0.000261,0.000196,,400,,
0,0,,0.999743,0.000029,0.000024,0.000089,0.000073,0.00002,0.000022,,400,,
0,0,,0.999743,0.000029,0.000024,0.000089,0.000073,0.00002,0.000022,,500,,
0,0,,0.999743,0.000029,0.000024,0.000089,0.000073,0.00002,0.000022,,500,,
0,0,,0.999743,0.000029,0.000024,0.000089,0.000073,0.00002,0.000022,,400,,
0,0,,0.999743,0.000029,0.000024,0.000089,0.000073,0.00002,0.000022,,400,,
0,0,,0.999743,0.000029,0.000024,0.000089,0.000073,0.00002,0.000022,,400,,
0,0,,0.995415,0.001074,0.000486,0.00148,0.001088,0.000261,0.000196,,500,,
0,0,,0.999743,0.000029,0.000024,0.000089,0.000073,0.00002,0.000022,,400,,
0,0,,0.999743,0.000029,0.000024,0.000089,0.000073,0.00002,0.000022,,400,,
0,0,,0.999743,0.000029,0.000024,0.000089,0.000073,0.00002,0.000022,,400,,
0,0,,0.999743,0.000029,0.000024,0.000089,0.000073,0.00002,0.000022,,400,,
0,0,,0.999743,0.000029,0.000024,0.000089,0.000073,0.00002,0.000022,,400,,
0,0,,0.995415,0.001074,0.000486,0.00148,0.001088,0.000261,0.000196,,400,,
0,0,,0.999743,0.000029,0.000024,0.000089,0.000073,0.00002,0.000022,,500,,
0,0,,0.999743,0.000029,0.000024,0.000089,0.000073,0.00002,0.000022,,500,,
0,0,,0.999743,0.000029,0.000024,0.000089,0.000073,0.00002,0.000022,,500,,
0,0,,0.995415,0.001074,0.000486,0.00148,0.001088,0.000261,0.000196,,400,,
0,0,,0.999743,0.000029,0.000024,0.000089,0.000073,0.00002,0.000022,,400,,
0,0,,0.995415,0.001074,0.000486,0.00148,0.001088,0.000261,0.000196,,400,,
0,0,,0.999743,0.000029,0.000024,0.000089,0.000073,0.00002,0.000022,,400,,
0,0,,0.995415,0.001074,0.000486,0.00148,0.001088,0.000261,0.000196,,500,,
0,0,,0.995415,0.001074,0.000486,0.00148,0.001088,0.000261,0.000196,,400,,
0,0,,0.998185,0.000051,0.000173,0.001416,0.000081,0.00008,0.000014,,500,,
0,0,,0.999743,0.000029,0.000024,0.000089,0.000073,0.00002,0.000022,,400,,
0,0,,0.999743,0.000029,0.000024,0.000089,0.000073,0.00002,0.000022,,400,,
0,0,,0.999743,0.000029,0.000024,0.000089,0.000073,0.00002,0.000022,,400,,
0,0,,0.999743,0.000029,0.000024,0.000089,0.000073,0.00002,0.000022,,400,,
0,0,,0.999743,0.000029,0.000024,0.000089,0.000073,0.00002,0.000022,,500,,
0,0,,0.999743,0.000029,0.000024,0.000089,0.000073,0.00002,0.000022,,400,,
0,0,,0.998178,0.000011,0.000038,0.001688,0.000064,0.000018,0.000003,,500,,
0,0,,0.998178,0.000011,0.000038,0.001688,0.000064,0.000018,0.000003,,500,,
0,0,,0.998178,0.000011,0.000038,0.001688,0.000064,0.000018,0.000003,,400,,
0,0,,0.999743,0.000029,0.000024,0.000089,0.000073,0.00002,0.000022,,400,,
0,0,,0.995415,0.001074,0.000486,0.00148,0.001088,0.000261,0.000196,,400,,
0,0,,0.999743,0.000029,0.000024,0.000089,0.000073,0.00002,0.000022,,400,,
0,0,,0.995415,0.001074,0.000486,0.00148,0.001088,0.000261,0.000196,,400,,
0,0,,0.999743,0.000029,0.000024,0.000089,0.000073,0.00002,0.000022,,500,,
0,0,,0.999743,0.000029,0.000024,0.000089,0.000073,0.00002,0.000022,,400,,
0,0,,0.999743,0.000029,0.000024,0.000089,0.000073,0.00002,0.000022,,400,,
0,0,,0.995415,0.001074,0.000486,0.00148,0.001088,0.000261,0.000196,,400,,
0,0,,0.999743,0.000029,0.000024,0.000089,0.000073,0.00002,0.000022,,400,,
0,0,,0.999743,0.000029,0.000024,0.000089,0.000073,0.00002,0.000022,,400,,
0,0,,0.998178,0.000011,0.000038,0.001688,0.000064,0.000018,0.000003,,500,,
0,0,,0.999743,0.000029,0.000024,0.000089,0.000073,0.00002,0.000022,,400,,
0,0,,0.999743,0.000029,0.000024,0.000089,0.000073,0.00002,0.000022,,400,,
0,0,,0.998185,0.000051,0.000173,0.001416,0.000081,0.00008,0.000014,,500,,
0,0,,0.995415,0.001074,0.000486,0.00148,0.001088,0.000261,0.000196,,500,,
0,0,,0.999743,0.000029,0.000024,0.000089,0.000073,0.00002,0.000022,,500,,
0,0,,0.999743,0.000029,0.000024,0.000089,0.000073,0.00002,0.000022,,400,,
0,0,,0.995415,0.001074,0.000486,0.00148,0.001088,0.000261,0.000196,,400,,
0,0,,0.999743,0.000029,0.000024,0.000089,0.000073,0.00002,0.000022,,400,,
0,0,,0.999743,0.000029,0.000024,0.000089,0.000073,0.00002,0.000022,,400,,
0,0,,0.999743,0.000029,0.000024,0.000089,0.000073,0.00002,0.000022,,400,,
0,0,,0.995415,0.001074,0.000486,0.00148,0.001088,0.000261,0.000196,,500,,
0,0,,0.999743,0.000029,0.000024,0.000089,0.000073,0.00002,0.000022,,400,,
0,0,,0.999743,0.000029,0.000024,0.000089,0.000073,0.00002,0.000022,,400,,
0,0,,0.999743,0.000029,0.000024,0.000089,0.000073,0.00002,0.000022,,400,,
0,0,,0.999743,0.000029,0.000024,0.000089,0.000073,0.00002,0.000022,,400,,
0,0,,0.999743,0.000029,0.000024,0.000089,0.000073,0.00002,0.000022,,400,,
0,0,,0.999743,0.000029,0.000024,0.000089,0.000073,0.00002,0.000022,,400,,
0,0,,0.999743,0.000029,0.000024,0.000089,0.000073,0.00002,0.000022,,400,,
0,0,,0.995415,0.001074,0.000486,0.00148,0.001088,0.000261,0.000196,,400,,
0,0,,0.999743,0.000029,0.000024,0.000089,0.000073,0.00002,0.000022,,400,,
0,0,,0.999743,0.000029,0.000024,0.000089,0.000073,0.00002,0.000022,,400,,
0,0,,0.999743,0.000029,0.000024,0.000089,0.000073,0.00002,0.000022,,400,,
0,0,,0.995415,0.001074,0.000486,0.00148,0.001088,0.000261,0.000196,,500,,
0,0,,0.995415,0.001074,0.000486,0.00148,0.001088,0.000261,0.000196,,500,,
0,0,,0.995415,0.001074,0.000486,0.00148,0.001088,0.000261,0.000196,,400,,
0,0,,0.999743,0.000029,0.000024,0.000089,0.000073,0.00002,0.000022,,400,,
0,0,,0.999743,0.000029,0.000024,0.000089,0.000073,0.00002,0.000022,,400,,
0,0,,0.999743,0.000029,0.000024,0.000089,0.000073,0.00002,0.000022,,400,,
0,0,,0.999743,0.000029,0.000024,0.000089,0.000073,0.00002,0.000022,,400,,
0,0,,0.995415,0.001074,0.000486,0.00148,0.001088,0.000261,0.000196,,400,,
0,0,,0.999743,0.000029,0.000024,0.000089,0.000073,0.00002,0.000022,,500,,
0,0,,0.999743,0.000029,0.000024,0.000089,0.000073,0.00002,0.000022,,500,,
0,0,,0.999743,0.000029,0.000024,0.000089,0.000073,0.00002,0.000022,,400,,
0,0,,0.998178,0.000011,0.000038,0.001688,0.000064,0.000018,0.000003,,500,,
0,0,,0.999743,0.000029,0.000024,0.000089,0.000073,0.00002,0.000022,,500,,
0,0,,0.995415,0.001074,0.000486,0.00148,0.001088,0.000261,0.000196,,500,,
0,0,,0.999743,0.000029,0.000024,0.000089,0.000073,0.00002,0.000022,,400,,
0,0,,0.995415,0.001074,0.000486,0.00148,0.001088,0.000261,0.000196,,400,,
0,0,,0.998178,0.000011,0.000038,0.001688,0.000064,0.000018,0.000003,,500,,
0,0,,0.998185,0.000051,0.000173,0.001416,0.000081,0.00008,0.000014,,500,,
0,0,,0.999743,0.000029,0.000024,0.000089,0.000073,0.00002,0.000022,,400,,
0,0,,0.999743,0.000029,0.000024,0.000089,0.000073,0.00002,0.000022,,500,,
0,0,,0.998178,0.000011,0.000038,0.001688,0.000064,0.000018,0.000003,,500,,
0,0,,0.999743,0.000029,0.000024,0.000089,0.000073,0.00002,0.000022,,500,,
0,0,,0.999743,0.000029,0.000024,0.000089,0.000073,0.00002,0.000022,,400,,
0,0,,0.999743,0.000029,0.000024,0.000089,0.000073,0.00002,0.000022,,400,,
0,0,,0.999743,0.000029,0.000024,0.000089,0.000073,0.00002,0.000022,,400,,
0,0,,0.999743,0.000029,0.000024,0.000089,0.000073,0.00002,0.000022,,400,,
0,0,,0.999743,0.000029,0.000024,0.000089,0.000073,0.00002,0.000022,,400,,
0,0,,0.999743,0.000029,0.000024,0.000089,0.000073,0.00002,0.000022,,500,,
0,0,,0.999743,0.000029,0.000024,0.000089,0.000073,0.00002,0.000022,,500,,
0,0,,0.999743,0.000029,0.000024,0.000089,0.000073,0.00002,0.000022,,400,,
0,0,,0.999743,0.000029,0.000024,0.000089,0.000073,0.00002,0.000022,,400,,
0,0,,0.999743,0.000029,0.000024,0.000089,0.000073,0.00002,0.000022,,400,,
0,0,,0.995415,0.001074,0.000486,0.00148,0.001088,0.000261,0.000196,,400,,
0,0,,0.999743,0.000029,0.000024,0.000089,0.000073,0.00002,0.000022,,400,,
0,0,,0.999743,0.000029,0.000024,0.000089,0.000073,0.00002,0.000022,,400,,
0,0,,0.999743,0.000029,0.000024,0.000089,0.000073,0.00002,0.000022,,500,,
0,0,,0.999743,0.000029,0.000024,0.000089,0.000073,0.00002,0.000022,,500,,
0,0,,0.999743,0.000029,0.000024,0.000089,0.000073,0.00002,0.000022,,500,,
0,0,,0.999743,0.000029,0.000024,0.000089,0.000073,0.00002,0.000022,,400,,
0,0,,0.999743,0.000029,0.000024,0.000089,0.000073,0.00002,0.000022,,400,,
0,0,,0.999743,0.000029,0.000024,0.000089,0.000073,0.00002,0.000022,,400,,
0,0,,0.999743,0.000029,0.000024,0.000089,0.000073,0.00002,0.000022,,500,,
0,0,,0.995415,0.001074,0.000486,0.00148,0.001088,0.000261,0.000196,,400,,
0,0,,0.999743,0.000029,0.000024,0.000089,0.000073,0.00002,0.000022,,400,,
0,0,,0.995415,0.001074,0.000486,0.00148,0.001088,0.000261,0.000196,,400,,
0,0,,0.998185,0.000051,0.000173,0.001416,0.000081,0.00008,0.000014,,500,,
0,0,,0.999743,0.000029,0.000024,0.000089,0.000073,0.00002,0.000022,,400,,
0,0,,0.995415,0.001074,0.000486,0.00148,0.001088,0.000261,0.000196,,400,,
0,0,,0.995415,0.001074,0.000486,0.00148,0.001088,0.000261,0.000196,,400,,
0,0,,0.999743,0.000029,0.000024,0.000089,0.000073,0.00002,0.000022,,400,,
0,0,,0.995415,0.001074,0.000486,0.00148,0.001088,0.000261,0.000196,,400,,
0,0,,0.999743,0.000029,0.000024,0.000089,0.000073,0.00002,0.000022,,500,,
0,0,,0.999743,0.000029,0.000024,0.000089,0.000073,0.00002,0.000022,,500,,
0,0,,0.999743,0.000029,0.000024,0.000089,0.000073,0.00002,0.000022,,400,,
0,0,,0.995415,0.001074,0.000486,0.00148,0.001088,0.000261,0.000196,,400,,
0,0,,0.999743,0.000029,0.000024,0.000089,0.000073,0.00002,0.000022,,400,,
0,0,,0.999743,0.000029,0.000024,0.000089,0.000073,0.00002,0.000022,,400,,
0,0,,0.999743,0.000029,0.000024,0.000089,0.000073,0.00002,0.000022,,400,,
0,0,,0.999743,0.000029,0.000024,0.000089,0.000073,0.00002,0.000022,,400,,
0,0,,0.995415,0.001074,0.000486,0.00148,0.001088,0.000261,0.000196,,500,,
0,0,,0.995415,0.001074,0.000486,0.00148,0.001088,0.000261,0.000196,,500,,
0,0,,0.999743,0.000029,0.000024,0.000089,0.000073,0.00002,0.000022,,400,,
0,0,,0.999743,0.000029,0.000024,0.000089,0.000073,0.00002,0.000022,,400,,
0,0,,0.999743,0.000029,0.000024,0.000089,0.000073,0.00002,0.000022,,400,,
0,0,,0.999743,0.000029,0.000024,0.000089,0.000073,0.00002,0.000022,,400,,
0,0,,0.999743,0.000029,0.000024,0.000089,0.000073,0.00002,0.000022,,400,,
0,0,,0.995415,0.001074,0.000486,0.00148,0.001088,0.000261,0.000196,,500,,
0,0,,0.999743,0.000029,0.000024,0.000089,0.000073,0.00002,0.000022,,500,,
0,0,,0.999743,0.000029,0.000024,0.000089,0.000073,0.00002,0.000022,,400,,
0,0,,0.999743,0.000029,0.000024,0.000089,0.000073,0.00002,0.000022,,400,,
0,0,,0.998178,0.000011,0.000038,0.001688,0.000064,0.000018,0.000003,,500,,
0,0,,0.999743,0.000029,0.000024,0.000089,0.000073,0.00002,0.000022,,500,,
0,0,,0.995415,0.001074,0.000486,0.00148,0.001088,0.000261,0.000196,,400,,
0,0,,0.995415,0.001074,0.000486,0.00148,0.001088,0.000261,0.000196,,400,,
0,0,,0.999743,0.000029,0.000024,0.000089,0.000073,0.00002,0.000022,,400,,
0,0,,0.999743,0.000029,0.000024,0.000089,0.000073,0.00002,0.000022,,400,,
0,0,,0.995415,0.001074,0.000486,0.00148,0.001088,0.000261,0.000196,,400,,
0,0,,0.999743,0.000029,0.000024,0.000089,0.000073,0.00002,0.000022,,400,,
0,0,,0.998185,0.000051,0.000173,0.001416,0.000081,0.00008,0.000014,,500,,
0,0,,0.999743,0.000029,0.000024,0.000089,0.000073,0.00002,0.000022,,400,,
0,0,,0.998178,0.000011,0.000038,0.001688,0.000064,0.000018,0.000003,,400,,
0,0,,0.998178,0.000011,0.000038,0.001688,0.000064,0.000018,0.000003,,500,,
0,0,,0.998178,0.000011,0.000038,0.001688,0.000064,0.000018,0.000003,,500,,
0,0,,0.999743,0.000029,0.000024,0.000089,0.000073,0.00002,0.000022,,400,,
0,0,,0.995415,0.001074,0.000486,0.00148,0.001088,0.000261,0.000196,,400,,
0,0,,0.755722,0.003211,0.19723,0.001742,0.000274,0.00232,0.039501,,500,,
0,0,,0.995415,0.001074,0.000486,0.00148,0.001088,0.000261,0.000196,,400,,
0,0,,0.999743,0.000029,0.000024,0.000089,0.000073,0.00002,0.000022,,400,,
0,0,,0.999743,0.000029,0.000024,0.000089,0.000073,0.00002,0.000022,,400,,
0,0,,0.995415,0.001074,0.000486,0.00148,0.001088,0.000261,0.000196,,400,,
0,0,,0.995415,0.001074,0.000486,0.00148,0.001088,0.000261,0.000196,,400,,
0,0,,0.999743,0.000029,0.000024,0.000089,0.000073,0.00002,0.000022,,400,,
0,0,,0.999743,0.000029,0.000024,0.000089,0.000073,0.00002,0.000022,,400,,
0,0,,0.999743,0.000029,0.000024,0.000089,0.000073,0.00002,0.000022,,400,,
0,0,,0.999743,0.000029,0.000024,0.000089,0.000073,0.00002,0.000022,,400,,
0,0,,0.999743,0.000029,0.000024,0.000089,0.000073,0.00002,0.000022,,500,,
0,0,,0.999743,0.000029,0.000024,0.000089,0.000073,0.00002,0.000022,,400,,
0,0,,0.998185,0.000051,0.000173,0.001416,0.000081,0.00008,0.000014,,500,,
0,0,,0.999743,0.000029,0.000024,0.000089,0.000073,0.00002,0.000022,,500,,
0,0,,0.995415,0.001074,0.000486,0.00148,0.001088,0.000261,0.000196,,400,,
0,0,,0.995415,0.001074,0.000486,0.00148,0.001088,0.000261,0.000196,,400,,
0,0,,0.995415,0.001074,0.000486,0.00148,0.001088,0.000261,0.000196,,400,,
0,0,,0.999743,0.000029,0.000024,0.000089,0.000073,0.00002,0.000022,,400,,
0,0,,0.999743,0.000029,0.000024,0.000089,0.000073,0.00002,0.000022,,400,,
0,0,,0.995415,0.001074,0.000486,0.00148,0.001088,0.000261,0.000196,,500,,
0,0,,0.995415,0.001074,0.000486,0.00148,0.001088,0.000261,0.000196,,500,,
0,0,,0.999743,0.000029,0.000024,0.000089,0.000073,0.00002,0.000022,,400,,
0,0,,0.999743,0.000029,0.000024,0.000089,0.000073,0.00002,0.000022,,400,,
0,0,,0.998185,0.000051,0.000173,0.001416,0.000081,0.00008,0.000014,,500,,
0,0,,0.995415,0.001074,0.000486,0.00148,0.001088,0.000261,0.000196,,500,,
0,0,,0.999743,0.000029,0.000024,0.000089,0.000073,0.00002,0.000022,,400,,
0,0,,0.999743,0.000029,0.000024,0.000089,0.000073,0.00002,0.000022,,400,,
0,0,,0.999743,0.000029,0.000024,0.000089,0.000073,0.00002,0.000022,,400,,
0,0,,0.999743,0.000029,0.000024,0.000089,0.000073,0.00002,0.000022,,400,,
0,0,,0.999743,0.000029,0.000024,0.000089,0.000073,0.00002,0.000022,,400,,
0,0,,0.999743,0.000029,0.000024,0.000089,0.000073,0.00002,0.000022,,400,,
0,0,,0.995415,0.001074,0.000486,0.00148,0.001088,0.000261,0.000196,,500,,
0,0,,0.999743,0.000029,0.000024,0.000089,0.000073,0.00002,0.000022,,400,,
0,0,,0.995415,0.001074,0.000486,0.00148,0.001088,0.000261,0.000196,,400,,
0,0,,0.999743,0.000029,0.000024,0.000089,0.000073,0.00002,0.000022,,400,,
0,0,,0.999743,0.000029,0.000024,0.000089,0.000073,0.00002,0.000022,,400,,
0,0,,0.999743,0.000029,0.000024,0.000089,0.000073,0.00002,0.000022,,400,,
0,0,,0.998185,0.000051,0.000173,0.001416,0.000081,0.00008,0.000014,,500,,
0,0,,0.995415,0.001074,0.000486,0.00148,0.001088,0.000261,0.000196,,400,,
0,0,,0.998178,0.000011,0.000038,0.001688,0.000064,0.000018,0.000003,,500,,
0,0,,0.998178,0.000011,0.000038,0.001688,0.000064,0.000018,0.000003,,500,,
0,0,,0.998178,0.000011,0.000038,0.001688,0.000064,0.000018,0.000003,,500,,
0,0,,0.999743,0.000029,0.000024,0.000089,0.000073,0.00002,0.000022,,400,,
0,0,,0.998185,0.000051,0.000173,0.001416,0.000081,0.00008,0.000014,,500,,
0,0,,0.999743,0.000029,0.000024,0.000089,0.000073,0.00002,0.000022,,400,,
0,0,,0.999743,0.000029,0.000024,0.000089,0.000073,0.00002,0.000022,,500,,
0,0,,0.995415,0.001074,0.000486,0.00148,0.001088,0.000261,0.000196,,500,,
0,0,,0.999743,0.000029,0.000024,0.000089,0.000073,0.00002,0.000022,,400,,
0,0,,0.999743,0.000029,0.000024,0.000089,0.000073,0.00002,0.000022,,400,,
0,0,,0.999743,0.000029,0.000024,0.000089,0.000073,0.00002,0.000022,,400,,
0,0,,0.999743,0.000029,0.000024,0.000089,0.000073,0.00002,0.000022,,400,,
0,0,,0.998178,0.000011,0.000038,0.001688,0.000064,0.000018,0.000003,,500,,
0,0,,0.999743,0.000029,0.000024,0.000089,0.000073,0.00002,0.000022,,400,,
0,0,,0.995415,0.001074,0.000486,0.00148,0.001088,0.000261,0.000196,,400,,
0,0,,0.999743,0.000029,0.000024,0.000089,0.000073,0.00002,0.000022,,500,,
0,0,,0.999743,0.000029,0.000024,0.000089,0.000073,0.00002,0.000022,,500,,
0,0,,0.999743,0.000029,0.000024,0.000089,0.000073,0.00002,0.000022,,500,,
0,0,,0.995415,0.001074,0.000486,0.00148,0.001088,0.000261,0.000196,,400,,
0,0,,0.998185,0.000051,0.000173,0.001416,0.000081,0.00008,0.000014,,400,,
0,0,,0.995415,0.001074,0.000486,0.00148,0.001088,0.000261,0.000196,,400,,
0,0,,0.999743,0.000029,0.000024,0.000089,0.000073,0.00002,0.000022,,400,,
0,0,,0.999743,0.000029,0.000024,0.000089,0.000073,0.00002,0.000022,,400,,
0,0,,0.995415,0.001074,0.000486,0.00148,0.001088,0.000261,0.000196,,500,,
0,0,,0.999743,0.000029,0.000024,0.000089,0.000073,0.00002,0.000022,,400,,
0,0,,0.999743,0.000029,0.000024,0.000089,0.000073,0.00002,0.000022,,400,,
0,0,,0.998185,0.000051,0.000173,0.001416,0.000081,0.00008,0.000014,,400,,
0,0,,0.999743,0.000029,0.000024,0.000089,0.000073,0.00002,0.000022,,400,,
0,0,,0.995415,0.001074,0.000486,0.00148,0.001088,0.000261,0.000196,,400,,
0,0,,0.998185,0.000051,0.000173,0.001416,0.000081,0.00008,0.000014,,500,,
0,0,,0.999743,0.000029,0.000024,0.000089,0.000073,0.00002,0.000022,,400,,
0,0,,0.995415,0.001074,0.000486,0.00148,0.001088,0.000261,0.000196,,400,,
0,0,,0.998178,0.000011,0.000038,0.001688,0.000064,0.000018,0.000003,,500,,
0,0,,0.995415,0.001074,0.000486,0.00148,0.001088,0.000261,0.000196,,400,,
0,0,,0.999743,0.000029,0.000024,0.000089,0.000073,0.00002,0.000022,,400,,
0,0,,0.995415,0.001074,0.000486,0.00148,0.001088,0.000261,0.000196,,400,,
0,0,,0.998178,0.000011,0.000038,0.001688,0.000064,0.000018,0.000003,,500,,
0,0,,0.999743,0.000029,0.000024,0.000089,0.000073,0.00002,0.000022,,500,,
0,0,,0.995415,0.001074,0.000486,0.00148,0.001088,0.000261,0.000196,,500,,
0,0,,0.999743,0.000029,0.000024,0.000089,0.000073,0.00002,0.000022,,400,,
0,0,,0.998178,0.000011,0.000038,0.001688,0.000064,0.000018,0.000003,,500,,
0,0,,0.999743,0.000029,0.000024,0.000089,0.000073,0.00002,0.000022,,500,,
0,0,,0.995415,0.001074,0.000486,0.00148,0.001088,0.000261,0.000196,,500,,
0,0,,0.995415,0.001074,0.000486,0.00148,0.001088,0.000261,0.000196,,400,,
0,0,,0.998178,0.000011,0.000038,0.001688,0.000064,0.000018,0.000003,,500,,
0,0,,0.995415,0.001074,0.000486,0.00148,0.001088,0.000261,0.000196,,500,,
0,0,,0.995415,0.001074,0.000486,0.00148,0.001088,0.000261,0.000196,,400,,
0,0,,0.998185,0.000051,0.000173,0.001416,0.000081,0.00008,0.000014,,500,,
0,0,,0.995415,0.001074,0.000486,0.00148,0.001088,0.000261,0.000196,,500,,
0,0,,0.998178,0.000011,0.000038,0.001688,0.000064,0.000018,0.000003,,500,,
0,0,,0.995415,0.001074,0.000486,0.00148,0.001088,0.000261,0.000196,,400,,
0,0,,0.999743,0.000029,0.000024,0.000089,0.000073,0.00002,0.000022,,500,,
0,0,,0.999743,0.000029,0.000024,0.000089,0.000073,0.00002,0.000022,,500,,
0,0,,0.999743,0.000029,0.000024,0.000089,0.000073,0.00002,0.000022,,400,,
0,0,,0.999743,0.000029,0.000024,0.000089,0.000073,0.00002,0.000022,,400,,
0,0,,0.999743,0.000029,0.000024,0.000089,0.000073,0.00002,0.000022,,400,,
0,0,,0.999743,0.000029,0.000024,0.000089,0.000073,0.00002,0.000022,,400,,
0,0,,0.999743,0.000029,0.000024,0.000089,0.000073,0.00002,0.000022,,400,,
0,0,,0.995415,0.001074,0.000486,0.00148,0.001088,0.000261,0.000196,,500,,
0,0,,0.995415,0.001074,0.000486,0.00148,0.001088,0.000261,0.000196,,500,,
0,0,,0.999743,0.000029,0.000024,0.000089,0.000073,0.00002,0.000022,,500,,
0,0,,0.995415,0.001074,0.000486,0.00148,0.001088,0.000261,0.000196,,400,,
0,0,,0.999743,0.000029,0.000024,0.000089,0.000073,0.00002,0.000022,,400,,
0,0,,0.999743,0.000029,0.000024,0.000089,0.000073,0.00002,0.000022,,400,,
0,0,,0.999743,0.000029,0.000024,0.000089,0.000073,0.00002,0.000022,,400,,
0,0,,0.999743,0.000029,0.000024,0.000089,0.000073,0.00002,0.000022,,500,,
0,0,,0.999743,0.000029,0.000024,0.000089,0.000073,0.00002,0.000022,,500,,
0,0,,0.995415,0.001074,0.000486,0.00148,0.001088,0.000261,0.000196,,400,,
0,0,,0.999743,0.000029,0.000024,0.000089,0.000073,0.00002,0.000022,,400,,
0,0,,0.999743,0.000029,0.000024,0.000089,0.000073,0.00002,0.000022,,400,,
0,0,,0.999743,0.000029,0.000024,0.000089,0.000073,0.00002,0.000022,,400,,
0,0,,0.999743,0.000029,0.000024,0.000089,0.000073,0.00002,0.000022,,400,,
0,0,,0.995415,0.001074,0.000486,0.00148,0.001088,0.000261,0.000196,,400,,
0,0,,0.999743,0.000029,0.000024,0.000089,0.000073,0.00002,0.000022,,500,,
0,0,,0.999743,0.000029,0.000024,0.000089,0.000073,0.00002,0.000022,,500,,
0,0,,0.995415,0.001074,0.000486,0.00148,0.001088,0.000261,0.000196,,400,,
0,0,,0.995415,0.001074,0.000486,0.00148,0.001088,0.000261,0.000196,,400,,
0,0,,0.998178,0.000011,0.000038,0.001688,0.000064,0.000018,0.000003,,500,,
0,0,,0.999743,0.000029,0.000024,0.000089,0.000073,0.00002,0.000022,,400,,
0,0,,0.999743,0.000029,0.000024,0.000089,0.000073,0.00002,0.000022,,400,,
0,0,,0.999743,0.000029,0.000024,0.000089,0.000073,0.00002,0.000022,,400,,
0,0,,0.999743,0.000029,0.000024,0.000089,0.000073,0.00002,0.000022,,400,,
0,0,,0.998185,0.000051,0.000173,0.001416,0.000081,0.00008,0.000014,,500,,
0,0,,0.999743,0.000029,0.000024,0.000089,0.000073,0.00002,0.000022,,400,,
0,0,,0.999743,0.000029,0.000024,0.000089,0.000073,0.00002,0.000022,,400,,
0,0,,0.999743,0.000029,0.000024,0.000089,0.000073,0.00002,0.000022,,400,,
0,0,,0.999743,0.000029,0.000024,0.000089,0.000073,0.00002,0.000022,,400,,
0,0,,0.999743,0.000029,0.000024,0.000089,0.000073,0.00002,0.000022,,400,,
0,0,,0.999743,0.000029,0.000024,0.000089,0.000073,0.00002,0.000022,,500,,
0,0,,0.999743,0.000029,0.000024,0.000089,0.000073,0.00002,0.000022,,400,,
0,0,,0.999743,0.000029,0.000024,0.000089,0.000073,0.00002,0.000022,,400,,
0,0,,0.999743,0.000029,0.000024,0.000089,0.000073,0.00002,0.000022,,400,,
0,0,,0.999743,0.000029,0.000024,0.000089,0.000073,0.00002,0.000022,,400,,
0,0,,0.999743,0.000029,0.000024,0.000089,0.000073,0.00002,0.000022,,400,,
0,0,,0.995415,0.001074,0.000486,0.00148,0.001088,0.000261,0.000196,,400,,
0,0,,0.998185,0.000051,0.000173,0.001416,0.000081,0.00008,0.000014,,500,,
0,0,,0.999743,0.000029,0.000024,0.000089,0.000073,0.00002,0.000022,,400,,
0,0,,0.999743,0.000029,0.000024,0.000089,0.000073,0.00002,0.000022,,400,,
0,0,,0.999743,0.000029,0.000024,0.000089,0.000073,0.00002,0.000022,,500,,
0,0,,0.998185,0.000051,0.000173,0.001416,0.000081,0.00008,0.000014,,500,,
0,0,,0.999743,0.000029,0.000024,0.000089,0.000073,0.00002,0.000022,,400,,
0,0,,0.999743,0.000029,0.000024,0.000089,0.000073,0.00002,0.000022,,500,,
0,0,,0.995415,0.001074,0.000486,0.00148,0.001088,0.000261,0.000196,,500,,
0,0,,0.999743,0.000029,0.000024,0.000089,0.000073,0.00002,0.000022,,400,,
0,0,,0.999743,0.000029,0.000024,0.000089,0.000073,0.00002,0.000022,,400,,
0,0,,0.995415,0.001074,0.000486,0.00148,0.001088,0.000261,0.000196,,400,,
0,0,,0.999743,0.000029,0.000024,0.000089,0.000073,0.00002,0.000022,,400,,
0,0,,0.995415,0.001074,0.000486,0.00148,0.001088,0.000261,0.000196,,400,,
0,0,,0.999743,0.000029,0.000024,0.000089,0.000073,0.00002,0.000022,,400,,
0,0,,0.999743,0.000029,0.000024,0.000089,0.000073,0.00002,0.000022,,500,,
0,0,,0.995415,0.001074,0.000486,0.00148,0.001088,0.000261,0.000196,,400,,
0,0,,0.995415,0.001074,0.000486,0.00148,0.001088,0.000261,0.000196,,400,,
0,0,,0.998178,0.000011,0.000038,0.001688,0.000064,0.000018,0.000003,,500,,
0,0,,0.999743,0.000029,0.000024,0.000089,0.000073,0.00002,0.000022,,500,,
0,0,,0.999743,0.000029,0.000024,0.000089,0.000073,0.00002,0.000022,,400,,
0,0,,0.999743,0.000029,0.000024,0.000089,0.000073,0.00002,0.000022,,400,,
0,0,,0.998185,0.000051,0.000173,0.001416,0.000081,0.00008,0.000014,,500,,
0,0,,0.999743,0.000029,0.000024,0.000089,0.000073,0.00002,0.000022,,400,,
0,0,,0.999743,0.000029,0.000024,0.000089,0.000073,0.00002,0.000022,,500,,
0,0,,0.999743,0.000029,0.000024,0.000089,0.000073,0.00002,0.000022,,400,,
0,0,,0.999743,0.000029,0.000024,0.000089,0.000073,0.00002,0.000022,,400,,
0,0,,0.995415,0.001074,0.000486,0.00148,0.001088,0.000261,0.000196,,400,,
0,0,,0.995415,0.001074,0.000486,0.00148,0.001088,0.000261,0.000196,,500,,
0,0,,0.999743,0.000029,0.000024,0.000089,0.000073,0.00002,0.000022,,400,,
0,0,,0.998178,0.000011,0.000038,0.001688,0.000064,0.000018,0.000003,,500,,
0,0,,0.999743,0.000029,0.000024,0.000089,0.000073,0.00002,0.000022,,500,,
0,0,,0.999743,0.000029,0.000024,0.000089,0.000073,0.00002,0.000022,,400,,
0,0,,0.998185,0.000051,0.000173,0.001416,0.000081,0.00008,0.000014,,500,,
0,0,,0.999743,0.000029,0.000024,0.000089,0.000073,0.00002,0.000022,,400,,
0,0,,0.999743,0.000029,0.000024,0.000089,0.000073,0.00002,0.000022,,400,,
0,0,,0.998178,0.000011,0.000038,0.001688,0.000064,0.000018,0.000003,,500,,
0,0,,0.995415,0.001074,0.000486,0.00148,0.001088,0.000261,0.000196,,500,,
0,0,,0.999743,0.000029,0.000024,0.000089,0.000073,0.00002,0.000022,,400,,
0,0,,0.998185,0.000051,0.000173,0.001416,0.000081,0.00008,0.000014,,500,,
0,0,,0.998178,0.000011,0.000038,0.001688,0.000064,0.000018,0.000003,,500,,
0,0,,0.999743,0.000029,0.000024,0.000089,0.000073,0.00002,0.000022,,400,,
0,0,,0.999743,0.000029,0.000024,0.000089,0.000073,0.00002,0.000022,,400,,
0,0,,0.995415,0.001074,0.000486,0.00148,0.001088,0.000261,0.000196,,400,,
0,0,,0.998185,0.000051,0.000173,0.001416,0.000081,0.00008,0.000014,,500,,
0,0,,0.998178,0.000011,0.000038,0.001688,0.000064,0.000018,0.000003,,400,,
0,0,,0.995415,0.001074,0.000486,0.00148,0.001088,0.000261,0.000196,,400,,
0,0,,0.995415,0.001074,0.000486,0.00148,0.001088,0.000261,0.000196,,400,,
0,0,,0.999743,0.000029,0.000024,0.000089,0.000073,0.00002,0.000022,,400,,
0,0,,0.995415,0.001074,0.000486,0.00148,0.001088,0.000261,0.000196,,500,,
0,0,,0.995415,0.001074,0.000486,0.00148,0.001088,0.000261,0.000196,,500,,
0,0,,0.998178,0.000011,0.000038,0.001688,0.000064,0.000018,0.000003,,500,,
0,0,,0.998178,0.000011,0.000038,0.001688,0.000064,0.000018,0.000003,,400,,
0,0,,0.999743,0.000029,0.000024,0.000089,0.000073,0.00002,0.000022,,400,,
0,0,,0.999743,0.000029,0.000024,0.000089,0.000073,0.00002,0.000022,,400,,
0,0,,0.995415,0.001074,0.000486,0.00148,0.001088,0.000261,0.000196,,500,,
0,0,,0.999743,0.000029,0.000024,0.000089,0.000073,0.00002,0.000022,,500,,
0,0,,0.999743,0.000029,0.000024,0.000089,0.000073,0.00002,0.000022,,400,,
0,0,,0.999743,0.000029,0.000024,0.000089,0.000073,0.00002,0.000022,,400,,
0,0,,0.999743,0.000029,0.000024,0.000089,0.000073,0.00002,0.000022,,400,,
0,0,,0.999743,0.000029,0.000024,0.000089,0.000073,0.00002,0.000022,,400,,
0,0,,0.995415,0.001074,0.000486,0.00148,0.001088,0.000261,0.000196,,400,,
0,0,,0.999743,0.000029,0.000024,0.000089,0.000073,0.00002,0.000022,,400,,
0,0,,0.999743,0.000029,0.000024,0.000089,0.000073,0.00002,0.000022,,500,,
0,0,,0.999743,0.000029,0.000024,0.000089,0.000073,0.00002,0.000022,,400,,
0,0,,0.995415,0.001074,0.000486,0.00148,0.001088,0.000261,0.000196,,400,,
0,0,,0.998185,0.000051,0.000173,0.001416,0.000081,0.00008,0.000014,,400,,
0,0,,0.995415,0.001074,0.000486,0.00148,0.001088,0.000261,0.000196,,400,,
0,0,,0.995415,0.001074,0.000486,0.00148,0.001088,0.000261,0.000196,,400,,
0,0,,0.888434,0.058996,0.000913,0.015187,0.000335,0.035283,0.000852,,400,,
0,0,,0.999743,0.000029,0.000024,0.000089,0.000073,0.00002,0.000022,,500,,
0,0,,0.999743,0.000029,0.000024,0.000089,0.000073,0.00002,0.000022,,400,,
0,0,,0.999743,0.000029,0.000024,0.000089,0.000073,0.00002,0.000022,,400,,
0,0,,0.999743,0.000029,0.000024,0.000089,0.000073,0.00002,0.000022,,400,,
0,0,,0.999743,0.000029,0.000024,0.000089,0.000073,0.00002,0.000022,,400,,
0,0,,0.998178,0.000011,0.000038,0.001688,0.000064,0.000018,0.000003,,500,,
0,0,,0.999743,0.000029,0.000024,0.000089,0.000073,0.00002,0.000022,,400,,
0,0,,0.999743,0.000029,0.000024,0.000089,0.000073,0.00002,0.000022,,400,,
0,0,,0.998185,0.000051,0.000173,0.001416,0.000081,0.00008,0.000014,,500,,
0,0,,0.999743,0.000029,0.000024,0.000089,0.000073,0.00002,0.000022,,400,,
0,0,,0.999743,0.000029,0.000024,0.000089,0.000073,0.00002,0.000022,,400,,
0,0,,0.999743,0.000029,0.000024,0.000089,0.000073,0.00002,0.000022,,400,,
0,0,,0.999743,0.000029,0.000024,0.000089,0.000073,0.00002,0.000022,,400,,
0,0,,0.995415,0.001074,0.000486,0.00148,0.001088,0.000261,0.000196,,500,,
0,0,,0.995415,0.001074,0.000486,0.00148,0.001088,0.000261,0.000196,,400,,
0,0,,0.995415,0.001074,0.000486,0.00148,0.001088,0.000261,0.000196,,400,,
0,0,,0.999743,0.000029,0.000024,0.000089,0.000073,0.00002,0.000022,,400,,
0,0,,0.995415,0.001074,0.000486,0.00148,0.001088,0.000261,0.000196,,400,,
0,0,,0.999743,0.000029,0.000024,0.000089,0.000073,0.00002,0.000022,,400,,
0,0,,0.999743,0.000029,0.000024,0.000089,0.000073,0.00002,0.000022,,500,,
0,0,,0.999743,0.000029,0.000024,0.000089,0.000073,0.00002,0.000022,,500,,
0,0,,0.999743,0.000029,0.000024,0.000089,0.000073,0.00002,0.000022,,400,,
0,0,,0.995415,0.001074,0.000486,0.00148,0.001088,0.000261,0.000196,,400,,
0,0,,0.999743,0.000029,0.000024,0.000089,0.000073,0.00002,0.000022,,400,,
0,0,,0.995415,0.001074,0.000486,0.00148,0.001088,0.000261,0.000196,,400,,
0,0,,0.999743,0.000029,0.000024,0.000089,0.000073,0.00002,0.000022,,400,,
0,0,,0.999743,0.000029,0.000024,0.000089,0.000073,0.00002,0.000022,,500,,
0,0,,0.999743,0.000029,0.000024,0.000089,0.000073,0.00002,0.000022,,400,,
0,0,,0.999743,0.000029,0.000024,0.000089,0.000073,0.00002,0.000022,,400,,
0,0,,0.995415,0.001074,0.000486,0.00148,0.001088,0.000261,0.000196,,400,,
0,0,,0.998185,0.000051,0.000173,0.001416,0.000081,0.00008,0.000014,,400,,
0,0,,0.999743,0.000029,0.000024,0.000089,0.000073,0.00002,0.000022,,400,,
0,0,,0.999743,0.000029,0.000024,0.000089,0.000073,0.00002,0.000022,,400,,
0,0,,0.999743,0.000029,0.000024,0.000089,0.000073,0.00002,0.000022,,500,,
0,0,,0.999743,0.000029,0.000024,0.000089,0.000073,0.00002,0.000022,,500,,
0,0,,0.999743,0.000029,0.000024,0.000089,0.000073,0.00002,0.000022,,400,,
0,0,,0.999743,0.000029,0.000024,0.000089,0.000073,0.00002,0.000022,,400,,
0,0,,0.999743,0.000029,0.000024,0.000089,0.000073,0.00002,0.000022,,400,,
0,0,,0.999743,0.000029,0.000024,0.000089,0.000073,0.00002,0.000022,,400,,
0,0,,0.998178,0.000011,0.000038,0.001688,0.000064,0.000018,0.000003,,400,,
0,0,,0.999743,0.000029,0.000024,0.000089,0.000073,0.00002,0.000022,,400,,
0,0,,0.998178,0.000011,0.000038,0.001688,0.000064,0.000018,0.000003,,500,,
0,0,,0.995415,0.001074,0.000486,0.00148,0.001088,0.000261,0.000196,,400,,
0,0,,0.999743,0.000029,0.000024,0.000089,0.000073,0.00002,0.000022,,400,,
0,0,,0.995415,0.001074,0.000486,0.00148,0.001088,0.000261,0.000196,,400,,
0,0,,0.998178,0.000011,0.000038,0.001688,0.000064,0.000018,0.000003,,400,,
0,0,,0.999743,0.000029,0.000024,0.000089,0.000073,0.00002,0.000022,,400,,
0,0,,0.999743,0.000029,0.000024,0.000089,0.000073,0.00002,0.000022,,400,,
0,0,,0.995415,0.001074,0.000486,0.00148,0.001088,0.000261,0.000196,,400,,
0,0,,0.999743,0.000029,0.000024,0.000089,0.000073,0.00002,0.000022,,500,,
0,0,,0.999743,0.000029,0.000024,0.000089,0.000073,0.00002,0.000022,,400,,
0,0,,0.998178,0.000011,0.000038,0.001688,0.000064,0.000018,0.000003,,500,,
0,0,,0.995415,0.001074,0.000486,0.00148,0.001088,0.000261,0.000196,,500,,
0,0,,0.999743,0.000029,0.000024,0.000089,0.000073,0.00002,0.000022,,400,,
0,0,,0.999743,0.000029,0.000024,0.000089,0.000073,0.00002,0.000022,,400,,
0,0,,0.995415,0.001074,0.000486,0.00148,0.001088,0.000261,0.000196,,400,,
0,0,,0.998185,0.000051,0.000173,0.001416,0.000081,0.00008,0.000014,,400,,
0,0,,0.999743,0.000029,0.000024,0.000089,0.000073,0.00002,0.000022,,400,,
0,0,,0.999743,0.000029,0.000024,0.000089,0.000073,0.00002,0.000022,,400,,
0,0,,0.998185,0.000051,0.000173,0.001416,0.000081,0.00008,0.000014,,400,,
0,0,,0.995415,0.001074,0.000486,0.00148,0.001088,0.000261,0.000196,,400,,
0,0,,0.999743,0.000029,0.000024,0.000089,0.000073,0.00002,0.000022,,500,,
0,0,,0.999743,0.000029,0.000024,0.000089,0.000073,0.00002,0.000022,,400,,
0,0,,0.999743,0.000029,0.000024,0.000089,0.000073,0.00002,0.000022,,400,,
0,0,,0.999743,0.000029,0.000024,0.000089,0.000073,0.00002,0.000022,,400,,
0,0,,0.999743,0.000029,0.000024,0.000089,0.000073,0.00002,0.000022,,400,,
0,0,,0.998178,0.000011,0.000038,0.001688,0.000064,0.000018,0.000003,,400,,
0,0,,0.998178,0.000011,0.000038,0.001688,0.000064,0.000018,0.000003,,500,,
0,0,,0.999743,0.000029,0.000024,0.000089,0.000073,0.00002,0.000022,,400,,
0,0,,0.999743,0.000029,0.000024,0.000089,0.000073,0.00002,0.000022,,400,,
0,0,,0.999743,0.000029,0.000024,0.000089,0.000073,0.00002,0.000022,,400,,
0,0,,0.999743,0.000029,0.000024,0.000089,0.000073,0.00002,0.000022,,400,,
0,0,,0.999743,0.000029,0.000024,0.000089,0.000073,0.00002,0.000022,,500,,
0,0,,0.995415,0.001074,0.000486,0.00148,0.001088,0.000261,0.000196,,400,,
0,0,,0.998178,0.000011,0.000038,0.001688,0.000064,0.000018,0.000003,,500,,
0,0,,0.998178,0.000011,0.000038,0.001688,0.000064,0.000018,0.000003,,500,,
0,0,,0.999743,0.000029,0.000024,0.000089,0.000073,0.00002,0.000022,,400,,
0,0,,0.999743,0.000029,0.000024,0.000089,0.000073,0.00002,0.000022,,400,,
0,0,,0.999743,0.000029,0.000024,0.000089,0.000073,0.00002,0.000022,,900,,
0,0,,0.998185,0.000051,0.000173,0.001416,0.000081,0.00008,0.000014,,500,,
0,0,,0.999743,0.000029,0.000024,0.000089,0.000073,0.00002,0.000022,,500,,
0,0,,0.995415,0.001074,0.000486,0.00148,0.001088,0.000261,0.000196,,400,,
0,0,,0.998178,0.000011,0.000038,0.001688,0.000064,0.000018,0.000003,,2100,,
0,0,,0.998178,0.000011,0.000038,0.001688,0.000064,0.000018,0.000003,,400,,
0,0,,0.999743,0.000029,0.000024,0.000089,0.000073,0.00002,0.000022,,400,,
0,0,,0.999743,0.000029,0.000024,0.000089,0.000073,0.00002,0.000022,,400,,
0,0,,0.995415,0.001074,0.000486,0.00148,0.001088,0.000261,0.000196,,400,,
0,0,,0.998178,0.000011,0.000038,0.001688,0.000064,0.000018,0.000003,,400,,
0,0,,0.995415,0.001074,0.000486,0.00148,0.001088,0.000261,0.000196,,400,,
0,0,,0.999743,0.000029,0.000024,0.000089,0.000073,0.00002,0.000022,,400,,
0,0,,0.995415,0.001074,0.000486,0.00148,0.001088,0.000261,0.000196,,400,,
0,0,,0.999743,0.000029,0.000024,0.000089,0.000073,0.00002,0.000022,,500,,
0,0,,0.999743,0.000029,0.000024,0.000089,0.000073,0.00002,0.000022,,400,,
0,0,,0.999743,0.000029,0.000024,0.000089,0.000073,0.00002,0.000022,,400,,
0,0,,0.999743,0.000029,0.000024,0.000089,0.000073,0.00002,0.000022,,400,,
0,0,,0.999743,0.000029,0.000024,0.000089,0.000073,0.00002,0.000022,,400,,
0,0,,0.999743,0.000029,0.000024,0.000089,0.000073,0.00002,0.000022,,400,,
0,0,,0.995415,0.001074,0.000486,0.00148,0.001088,0.000261,0.000196,,400,,
0,0,,0.999743,0.000029,0.000024,0.000089,0.000073,0.00002,0.000022,,400,,
0,0,,0.995415,0.001074,0.000486,0.00148,0.001088,0.000261,0.000196,,400,,
0,0,,0.995415,0.001074,0.000486,0.00148,0.001088,0.000261,0.000196,,400,,
0,0,,0.999743,0.000029,0.000024,0.000089,0.000073,0.00002,0.000022,,400,,
0,0,,0.999743,0.000029,0.000024,0.000089,0.000073,0.00002,0.000022,,500,,
0,0,,0.995415,0.001074,0.000486,0.00148,0.001088,0.000261,0.000196,,400,,
0,0,,0.999743,0.000029,0.000024,0.000089,0.000073,0.00002,0.000022,,400,,
0,0,,0.999743,0.000029,0.000024,0.000089,0.000073,0.00002,0.000022,,400,,
0,0,,0.999743,0.000029,0.000024,0.000089,0.000073,0.00002,0.000022,,400,,
0,0,,0.999743,0.000029,0.000024,0.000089,0.000073,0.00002,0.000022,,400,,
0,0,,0.995415,0.001074,0.000486,0.00148,0.001088,0.000261,0.000196,,500,,
0,0,,0.999743,0.000029,0.000024,0.000089,0.000073,0.00002,0.000022,,400,,
0,0,,0.995415,0.001074,0.000486,0.00148,0.001088,0.000261,0.000196,,400,,
0,0,,0.999743,0.000029,0.000024,0.000089,0.000073,0.00002,0.000022,,400,,
0,0,,0.999743,0.000029,0.000024,0.000089,0.000073,0.00002,0.000022,,400,,
0,0,,0.999743,0.000029,0.000024,0.000089,0.000073,0.00002,0.000022,,500,,
0,0,,0.999743,0.000029,0.000024,0.000089,0.000073,0.00002,0.000022,,400,,
0,0,,0.999743,0.000029,0.000024,0.000089,0.000073,0.00002,0.000022,,400,,
0,0,,0.999743,0.000029,0.000024,0.000089,0.000073,0.00002,0.000022,,400,,
0,0,,0.999743,0.000029,0.000024,0.000089,0.000073,0.00002,0.000022,,400,,
0,0,,0.999743,0.000029,0.000024,0.000089,0.000073,0.00002,0.000022,,400,,
0,0,,0.999743,0.000029,0.000024,0.000089,0.000073,0.00002,0.000022,,500,,
0,0,,0.999743,0.000029,0.000024,0.000089,0.000073,0.00002,0.000022,,400,,
0,0,,0.999743,0.000029,0.000024,0.000089,0.000073,0.00002,0.000022,,400,,
0,0,,0.998185,0.000051,0.000173,0.001416,0.000081,0.00008,0.000014,,400,,
0,0,,0.999743,0.000029,0.000024,0.000089,0.000073,0.00002,0.000022,,400,,
0,0,,0.999743,0.000029,0.000024,0.000089,0.000073,0.00002,0.000022,,400,,
0,0,,0.999743,0.000029,0.000024,0.000089,0.000073,0.00002,0.000022,,400,,
0,0,,0.999743,0.000029,0.000024,0.000089,0.000073,0.00002,0.000022,,500,,
0,0,,0.999743,0.000029,0.000024,0.000089,0.000073,0.00002,0.000022,,400,,
0,0,,0.999743,0.000029,0.000024,0.000089,0.000073,0.00002,0.000022,,400,,
0,0,,0.995415,0.001074,0.000486,0.00148,0.001088,0.000261,0.000196,,400,,
0,0,,0.999743,0.000029,0.000024,0.000089,0.000073,0.00002,0.000022,,400,,
0,0,,0.999743,0.000029,0.000024,0.000089,0.000073,0.00002,0.000022,,400,,
0,0,,0.999743,0.000029,0.000024,0.000089,0.000073,0.00002,0.000022,,500,,
0,0,,0.999743,0.000029,0.000024,0.000089,0.000073,0.00002,0.000022,,400,,
0,0,,0.999743,0.000029,0.000024,0.000089,0.000073,0.00002,0.000022,,400,,
0,0,,0.998178,0.000011,0.000038,0.001688,0.000064,0.000018,0.000003,,500,,
0,0,,0.998178,0.000011,0.000038,0.001688,0.000064,0.000018,0.000003,,500,,
0,0,,0.995415,0.001074,0.000486,0.00148,0.001088,0.000261,0.000196,,500,,
0,0,,0.999743,0.000029,0.000024,0.000089,0.000073,0.00002,0.000022,,500,,
0,0,,0.995415,0.001074,0.000486,0.00148,0.001088,0.000261,0.000196,,500,,
0,0,,0.995415,0.001074,0.000486,0.00148,0.001088,0.000261,0.000196,,500,,
0,0,,0.995415,0.001074,0.000486,0.00148,0.001088,0.000261,0.000196,,400,,
0,0,,0.995415,0.001074,0.000486,0.00148,0.001088,0.000261,0.000196,,400,,
0,0,,0.999743,0.000029,0.000024,0.000089,0.000073,0.00002,0.000022,,400,,
0,0,,0.999743,0.000029,0.000024,0.000089,0.000073,0.00002,0.000022,,400,,
0,0,,0.998185,0.000051,0.000173,0.001416,0.000081,0.00008,0.000014,,400,,
0,0,,0.999743,0.000029,0.000024,0.000089,0.000073,0.00002,0.000022,,400,,
0,0,,0.999743,0.000029,0.000024,0.000089,0.000073,0.00002,0.000022,,400,,
0,0,,0.998185,0.000051,0.000173,0.001416,0.000081,0.00008,0.000014,,400,,
0,0,,0.995415,0.001074,0.000486,0.00148,0.001088,0.000261,0.000196,,400,,
0,0,,0.995415,0.001074,0.000486,0.00148,0.001088,0.000261,0.000196,,400,,
0,0,,0.998178,0.000011,0.000038,0.001688,0.000064,0.000018,0.000003,,400,,
0,0,,0.999743,0.000029,0.000024,0.000089,0.000073,0.00002,0.000022,,400,,
0,0,,0.999743,0.000029,0.000024,0.000089,0.000073,0.00002,0.000022,,400,,
0,0,,0.999743,0.000029,0.000024,0.000089,0.000073,0.00002,0.000022,,400,,
0,0,,0.999743,0.000029,0.000024,0.000089,0.000073,0.00002,0.000022,,400,,
0,0,,0.999743,0.000029,0.000024,0.000089,0.000073,0.00002,0.000022,,500,,
0,0,,0.995415,0.001074,0.000486,0.00148,0.001088,0.000261,0.000196,,400,,
0,0,,0.755722,0.003211,0.19723,0.001742,0.000274,0.00232,0.039501,,400,,
0,0,,0.999743,0.000029,0.000024,0.000089,0.000073,0.00002,0.000022,,400,,
0,0,,0.999743,0.000029,0.000024,0.000089,0.000073,0.00002,0.000022,,400,,
0,0,,0.999743,0.000029,0.000024,0.000089,0.000073,0.00002,0.000022,,400,,
0,0,,0.999743,0.000029,0.000024,0.000089,0.000073,0.00002,0.000022,,500,,
0,0,,0.995415,0.001074,0.000486,0.00148,0.001088,0.000261,0.000196,,400,,
0,0,,0.995415,0.001074,0.000486,0.00148,0.001088,0.000261,0.000196,,400,,
0,0,,0.999743,0.000029,0.000024,0.000089,0.000073,0.00002,0.000022,,400,,
0,0,,0.995415,0.001074,0.000486,0.00148,0.001088,0.000261,0.000196,,400,,
0,0,,0.999743,0.000029,0.000024,0.000089,0.000073,0.00002,0.000022,,400,,
0,0,,0.999743,0.000029,0.000024,0.000089,0.000073,0.00002,0.000022,,500,,
0,0,,0.998185,0.000051,0.000173,0.001416,0.000081,0.00008,0.000014,,500,,
0,0,,0.998178,0.000011,0.000038,0.001688,0.000064,0.000018,0.000003,,500,,
0,0,,0.999743,0.000029,0.000024,0.000089,0.000073,0.00002,0.000022,,400,,
0,0,,0.998185,0.000051,0.000173,0.001416,0.000081,0.00008,0.000014,,400,,
0,0,,0.998178,0.000011,0.000038,0.001688,0.000064,0.000018,0.000003,,500,,
0,0,,0.999743,0.000029,0.000024,0.000089,0.000073,0.00002,0.000022,,400,,
0,0,,0.999743,0.000029,0.000024,0.000089,0.000073,0.00002,0.000022,,400,,
0,0,,0.999743,0.000029,0.000024,0.000089,0.000073,0.00002,0.000022,,400,,
0,0,,0.999743,0.000029,0.000024,0.000089,0.000073,0.00002,0.000022,,400,,
0,0,,0.999743,0.000029,0.000024,0.000089,0.000073,0.00002,0.000022,,400,,
0,0,,0.998178,0.000011,0.000038,0.001688,0.000064,0.000018,0.000003,,500,,
0,0,,0.999743,0.000029,0.000024,0.000089,0.000073,0.00002,0.000022,,400,,
0,0,,0.998178,0.000011,0.000038,0.001688,0.000064,0.000018,0.000003,,400,,
0,0,,0.999743,0.000029,0.000024,0.000089,0.000073,0.00002,0.000022,,400,,
0,0,,0.998185,0.000051,0.000173,0.001416,0.000081,0.00008,0.000014,,500,,
0,0,,0.999743,0.000029,0.000024,0.000089,0.000073,0.00002,0.000022,,400,,
0,0,,0.999743,0.000029,0.000024,0.000089,0.000073,0.00002,0.000022,,400,,
0,0,,0.995415,0.001074,0.000486,0.00148,0.001088,0.000261,0.000196,,400,,
0,0,,0.999743,0.000029,0.000024,0.000089,0.000073,0.00002,0.000022,,400,,
0,0,,0.999743,0.000029,0.000024,0.000089,0.000073,0.00002,0.000022,,400,,
0,0,,0.999743,0.000029,0.000024,0.000089,0.000073,0.00002,0.000022,,400,,
0,0,,0.995415,0.001074,0.000486,0.00148,0.001088,0.000261,0.000196,,500,,
0,0,,0.999743,0.000029,0.000024,0.000089,0.000073,0.00002,0.000022,,500,,
0,0,,0.999743,0.000029,0.000024,0.000089,0.000073,0.00002,0.000022,,500,,
0,0,,0.998185,0.000051,0.000173,0.001416,0.000081,0.00008,0.000014,,500,,
0,0,,0.995415,0.001074,0.000486,0.00148,0.001088,0.000261,0.000196,,500,,
0,0,,0.999743,0.000029,0.000024,0.000089,0.000073,0.00002,0.000022,,400,,
0,0,,0.999743,0.000029,0.000024,0.000089,0.000073,0.00002,0.000022,,400,,
0,0,,0.998185,0.000051,0.000173,0.001416,0.000081,0.00008,0.000014,,500,,
0,0,,0.999743,0.000029,0.000024,0.000089,0.000073,0.00002,0.000022,,400,,
0,0,,0.999743,0.000029,0.000024,0.000089,0.000073,0.00002,0.000022,,400,,
0,0,,0.995415,0.001074,0.000486,0.00148,0.001088,0.000261,0.000196,,400,,
0,0,,0.995415,0.001074,0.000486,0.00148,0.001088,0.000261,0.000196,,500,,
0,0,,0.998178,0.000011,0.000038,0.001688,0.000064,0.000018,0.000003,,500,,
0,0,,0.999743,0.000029,0.000024,0.000089,0.000073,0.00002,0.000022,,400,,
0,0,,0.999743,0.000029,0.000024,0.000089,0.000073,0.00002,0.000022,,400,,
0,0,,0.998185,0.000051,0.000173,0.001416,0.000081,0.00008,0.000014,,400,,
0,0,,0.999743,0.000029,0.000024,0.000089,0.000073,0.00002,0.000022,,400,,
0,0,,0.999743,0.000029,0.000024,0.000089,0.000073,0.00002,0.000022,,400,,
0,0,,0.999743,0.000029,0.000024,0.000089,0.000073,0.00002,0.000022,,400,,
0,0,,0.999743,0.000029,0.000024,0.000089,0.000073,0.00002,0.000022,,500,,
0,0,,0.995415,0.001074,0.000486,0.00148,0.001088,0.000261,0.000196,,400,,
0,0,,0.995415,0.001074,0.000486,0.00148,0.001088,0.000261,0.000196,,500,,
0,0,,0.999743,0.000029,0.000024,0.000089,0.000073,0.00002,0.000022,,500,,
0,0,,0.995415,0.001074,0.000486,0.00148,0.001088,0.000261,0.000196,,500,,
0,0,,0.995415,0.001074,0.000486,0.00148,0.001088,0.000261,0.000196,,400,,
0,0,,0.998178,0.000011,0.000038,0.001688,0.000064,0.000018,0.000003,,500,,
0,0,,0.999743,0.000029,0.000024,0.000089,0.000073,0.00002,0.000022,,500,,
0,0,,0.995415,0.001074,0.000486,0.00148,0.001088,0.000261,0.000196,,500,,
0,0,,0.995415,0.001074,0.000486,0.00148,0.001088,0.000261,0.000196,,400,,
0,0,,0.999743,0.000029,0.000024,0.000089,0.000073,0.00002,0.000022,,400,,
0,0,,0.999743,0.000029,0.000024,0.000089,0.000073,0.00002,0.000022,,400,,
0,0,,0.995415,0.001074,0.000486,0.00148,0.001088,0.000261,0.000196,,400,,
0,0,,0.999743,0.000029,0.000024,0.000089,0.000073,0.00002,0.000022,,400,,
0,0,,0.999743,0.000029,0.000024,0.000089,0.000073,0.00002,0.000022,,400,,
0,0,,0.999743,0.000029,0.000024,0.000089,0.000073,0.00002,0.000022,,500,,
0,0,,0.999743,0.000029,0.000024,0.000089,0.000073,0.00002,0.000022,,500,,
0,0,,0.999743,0.000029,0.000024,0.000089,0.000073,0.00002,0.000022,,500,,
0,0,,0.995415,0.001074,0.000486,0.00148,0.001088,0.000261,0.000196,,400,,
0,0,,0.998178,0.000011,0.000038,0.001688,0.000064,0.000018,0.000003,,500,,
0,0,,0.999743,0.000029,0.000024,0.000089,0.000073,0.00002,0.000022,,500,,
0,0,,0.999743,0.000029,0.000024,0.000089,0.000073,0.00002,0.000022,,500,,
0,0,,0.999743,0.000029,0.000024,0.000089,0.000073,0.00002,0.000022,,400,,
0,0,,0.995415,0.001074,0.000486,0.00148,0.001088,0.000261,0.000196,,400,,
0,0,,0.999743,0.000029,0.000024,0.000089,0.000073,0.00002,0.000022,,400,,
0,0,,0.998178,0.000011,0.000038,0.001688,0.000064,0.000018,0.000003,,400,,
0,0,,0.995415,0.001074,0.000486,0.00148,0.001088,0.000261,0.000196,,400,,
0,0,,0.999743,0.000029,0.000024,0.000089,0.000073,0.00002,0.000022,,400,,
0,0,,0.999743,0.000029,0.000024,0.000089,0.000073,0.00002,0.000022,,400,,
0,0,,0.995415,0.001074,0.000486,0.00148,0.001088,0.000261,0.000196,,400,,
0,0,,0.995415,0.001074,0.000486,0.00148,0.001088,0.000261,0.000196,,400,,
0,0,,0.995415,0.001074,0.000486,0.00148,0.001088,0.000261,0.000196,,500,,
0,0,,0.999743,0.000029,0.000024,0.000089,0.000073,0.00002,0.000022,,500,,
0,0,,0.995415,0.001074,0.000486,0.00148,0.001088,0.000261,0.000196,,400,,
0,0,,0.999743,0.000029,0.000024,0.000089,0.000073,0.00002,0.000022,,400,,
0,0,,0.998185,0.000051,0.000173,0.001416,0.000081,0.00008,0.000014,,500,,
0,0,,0.999743,0.000029,0.000024,0.000089,0.000073,0.00002,0.000022,,400,,
0,0,,0.995415,0.001074,0.000486,0.00148,0.001088,0.000261,0.000196,,400,,
0,0,,0.999743,0.000029,0.000024,0.000089,0.000073,0.00002,0.000022,,400,,
0,0,,0.999743,0.000029,0.000024,0.000089,0.000073,0.00002,0.000022,,400,,
0,0,,0.999743,0.000029,0.000024,0.000089,0.000073,0.00002,0.000022,,400,,
0,0,,0.998178,0.000011,0.000038,0.001688,0.000064,0.000018,0.000003,,400,,
0,0,,0.999743,0.000029,0.000024,0.000089,0.000073,0.00002,0.000022,,400,,
0,0,,0.999743,0.000029,0.000024,0.000089,0.000073,0.00002,0.000022,,400,,
0,0,,0.999743,0.000029,0.000024,0.000089,0.000073,0.00002,0.000022,,400,,
0,0,,0.999743,0.000029,0.000024,0.000089,0.000073,0.00002,0.000022,,400,,
0,0,,0.999743,0.000029,0.000024,0.000089,0.000073,0.00002,0.000022,,500,,
0,0,,0.999743,0.000029,0.000024,0.000089,0.000073,0.00002,0.000022,,500,,
0,0,,0.999743,0.000029,0.000024,0.000089,0.000073,0.00002,0.000022,,400,,
0,0,,0.999743,0.000029,0.000024,0.000089,0.000073,0.00002,0.000022,,400,,
0,0,,0.999743,0.000029,0.000024,0.000089,0.000073,0.00002,0.000022,,400,,
0,0,,0.998185,0.000051,0.000173,0.001416,0.000081,0.00008,0.000014,,400,,
0,0,,0.999743,0.000029,0.000024,0.000089,0.000073,0.00002,0.000022,,400,,
0,0,,0.998178,0.000011,0.000038,0.001688,0.000064,0.000018,0.000003,,400,,
0,0,,0.995415,0.001074,0.000486,0.00148,0.001088,0.000261,0.000196,,400,,
0,0,,0.999743,0.000029,0.000024,0.000089,0.000073,0.00002,0.000022,,400,,
0,0,,0.995415,0.001074,0.000486,0.00148,0.001088,0.000261,0.000196,,400,,
0,0,,0.995415,0.001074,0.000486,0.00148,0.001088,0.000261,0.000196,,400,,
0,0,,0.999743,0.000029,0.000024,0.000089,0.000073,0.00002,0.000022,,400,,
0,0,,0.999743,0.000029,0.000024,0.000089,0.000073,0.00002,0.000022,,500,,
0,0,,0.999743,0.000029,0.000024,0.000089,0.000073,0.00002,0.000022,,400,,
0,0,,0.999743,0.000029,0.000024,0.000089,0.000073,0.00002,0.000022,,400,,
0,0,,0.995415,0.001074,0.000486,0.00148,0.001088,0.000261,0.000196,,400,,
0,0,,0.995415,0.001074,0.000486,0.00148,0.001088,0.000261,0.000196,,400,,
0,0,,0.995415,0.001074,0.000486,0.00148,0.001088,0.000261,0.000196,,500,,
0,0,,0.995415,0.001074,0.000486,0.00148,0.001088,0.000261,0.000196,,400,,
0,0,,0.995415,0.001074,0.000486,0.00148,0.001088,0.000261,0.000196,,400,,
0,0,,0.995415,0.001074,0.000486,0.00148,0.001088,0.000261,0.000196,,400,,
0,0,,0.995415,0.001074,0.000486,0.00148,0.001088,0.000261,0.000196,,400,,
0,0,,0.999743,0.000029,0.000024,0.000089,0.000073,0.00002,0.000022,,500,,
0,0,,0.995415,0.001074,0.000486,0.00148,0.001088,0.000261,0.000196,,400,,
0,0,,0.999743,0.000029,0.000024,0.000089,0.000073,0.00002,0.000022,,400,,
0,0,,0.999743,0.000029,0.000024,0.000089,0.000073,0.00002,0.000022,,400,,
0,0,,0.999743,0.000029,0.000024,0.000089,0.000073,0.00002,0.000022,,400,,
0,0,,0.999743,0.000029,0.000024,0.000089,0.000073,0.00002,0.000022,,400,,
0,0,,0.995415,0.001074,0.000486,0.00148,0.001088,0.000261,0.000196,,400,,
0,0,,0.999743,0.000029,0.000024,0.000089,0.000073,0.00002,0.000022,,400,,
0,0,,0.995415,0.001074,0.000486,0.00148,0.001088,0.000261,0.000196,,400,,
0,0,,0.999743,0.000029,0.000024,0.000089,0.000073,0.00002,0.000022,,400,,
0,0,,0.995415,0.001074,0.000486,0.00148,0.001088,0.000261,0.000196,,500,,
0,0,,0.995415,0.001074,0.000486,0.00148,0.001088,0.000261,0.000196,,400,,
0,0,,0.995415,0.001074,0.000486,0.00148,0.001088,0.000261,0.000196,,400,,
0,0,,0.999743,0.000029,0.000024,0.000089,0.000073,0.00002,0.000022,,400,,
0,0,,0.995415,0.001074,0.000486,0.00148,0.001088,0.000261,0.000196,,400,,
0,0,,0.999743,0.000029,0.000024,0.000089,0.000073,0.00002,0.000022,,400,,
0,0,,0.998178,0.000011,0.000038,0.001688,0.000064,0.000018,0.000003,,500,,
0,0,,0.995415,0.001074,0.000486,0.00148,0.001088,0.000261,0.000196,,500,,
0,0,,0.999743,0.000029,0.000024,0.000089,0.000073,0.00002,0.000022,,400,,
0,0,,0.999743,0.000029,0.000024,0.000089,0.000073,0.00002,0.000022,,400,,
0,0,,0.999743,0.000029,0.000024,0.000089,0.000073,0.00002,0.000022,,400,,
0,0,,0.999743,0.000029,0.000024,0.000089,0.000073,0.00002,0.000022,,400,,
0,0,,0.995415,0.001074,0.000486,0.00148,0.001088,0.000261,0.000196,,400,,
0,0,,0.999743,0.000029,0.000024,0.000089,0.000073,0.00002,0.000022,,500,,
0,0,,0.999743,0.000029,0.000024,0.000089,0.000073,0.00002,0.000022,,400,,
0,0,,0.999743,0.000029,0.000024,0.000089,0.000073,0.00002,0.000022,,400,,
0,0,,0.999743,0.000029,0.000024,0.000089,0.000073,0.00002,0.000022,,400,,
0,0,,0.999743,0.000029,0.000024,0.000089,0.000073,0.00002,0.000022,,500,,
0,0,,0.995415,0.001074,0.000486,0.00148,0.001088,0.000261,0.000196,,400,,
0,0,,0.999743,0.000029,0.000024,0.000089,0.000073,0.00002,0.000022,,400,,
0,0,,0.998178,0.000011,0.000038,0.001688,0.000064,0.000018,0.000003,,500,,
0,0,,0.995415,0.001074,0.000486,0.00148,0.001088,0.000261,0.000196,,400,,
0,0,,0.999743,0.000029,0.000024,0.000089,0.000073,0.00002,0.000022,,400,,
0,0,,0.999743,0.000029,0.000024,0.000089,0.000073,0.00002,0.000022,,400,,
0,0,,0.999743,0.000029,0.000024,0.000089,0.000073,0.00002,0.000022,,400,,
0,0,,0.999743,0.000029,0.000024,0.000089,0.000073,0.00002,0.000022,,400,,
0,0,,0.999743,0.000029,0.000024,0.000089,0.000073,0.00002,0.000022,,400,,
0,0,,0.999743,0.000029,0.000024,0.000089,0.000073,0.00002,0.000022,,500,,
0,0,,0.998178,0.000011,0.000038,0.001688,0.000064,0.000018,0.000003,,500,,
0,0,,0.999743,0.000029,0.000024,0.000089,0.000073,0.00002,0.000022,,400,,
0,0,,0.995415,0.001074,0.000486,0.00148,0.001088,0.000261,0.000196,,400,,
0,0,,0.999743,0.000029,0.000024,0.000089,0.000073,0.00002,0.000022,,500,,
0,0,,0.995415,0.001074,0.000486,0.00148,0.001088,0.000261,0.000196,,400,,
0,0,,0.999743,0.000029,0.000024,0.000089,0.000073,0.00002,0.000022,,400,,
0,0,,0.999743,0.000029,0.000024,0.000089,0.000073,0.00002,0.000022,,400,,
0,0,,0.999743,0.000029,0.000024,0.000089,0.000073,0.00002,0.000022,,400,,
0,0,,0.998185,0.000051,0.000173,0.001416,0.000081,0.00008,0.000014,,400,,
0,0,,0.998178,0.000011,0.000038,0.001688,0.000064,0.000018,0.000003,,500,,
0,0,,0.999743,0.000029,0.000024,0.000089,0.000073,0.00002,0.000022,,500,,
0,0,,0.998185,0.000051,0.000173,0.001416,0.000081,0.00008,0.000014,,500,,
0,0,,0.999743,0.000029,0.000024,0.000089,0.000073,0.00002,0.000022,,500,,
0,0,,0.999743,0.000029,0.000024,0.000089,0.000073,0.00002,0.000022,,500,,
0,0,,0.998178,0.000011,0.000038,0.001688,0.000064,0.000018,0.000003,,500,,
0,0,,0.995415,0.001074,0.000486,0.00148,0.001088,0.000261,0.000196,,400,,
0,0,,0.999743,0.000029,0.000024,0.000089,0.000073,0.00002,0.000022,,500,,
0,0,,0.999743,0.000029,0.000024,0.000089,0.000073,0.00002,0.000022,,400,,
0,0,,0.999743,0.000029,0.000024,0.000089,0.000073,0.00002,0.000022,,400,,
0,0,,0.999743,0.000029,0.000024,0.000089,0.000073,0.00002,0.000022,,400,,
0,0,,0.999743,0.000029,0.000024,0.000089,0.000073,0.00002,0.000022,,400,,
0,0,,0.999743,0.000029,0.000024,0.000089,0.000073,0.00002,0.000022,,400,,
0,0,,0.995415,0.001074,0.000486,0.00148,0.001088,0.000261,0.000196,,400,,
0,0,,0.998178,0.000011,0.000038,0.001688,0.000064,0.000018,0.000003,,500,,
0,0,,0.999743,0.000029,0.000024,0.000089,0.000073,0.00002,0.000022,,400,,
0,0,,0.999743,0.000029,0.000024,0.000089,0.000073,0.00002,0.000022,,400,,
0,0,,0.999743,0.000029,0.000024,0.000089,0.000073,0.00002,0.000022,,400,,
0,0,,0.995415,0.001074,0.000486,0.00148,0.001088,0.000261,0.000196,,400,,
0,0,,0.999743,0.000029,0.000024,0.000089,0.000073,0.00002,0.000022,,500,,
0,0,,0.999743,0.000029,0.000024,0.000089,0.000073,0.00002,0.000022,,400,,
0,0,,0.995415,0.001074,0.000486,0.00148,0.001088,0.000261,0.000196,,400,,
0,0,,0.999743,0.000029,0.000024,0.000089,0.000073,0.00002,0.000022,,400,,
0,0,,0.999743,0.000029,0.000024,0.000089,0.000073,0.00002,0.000022,,400,,
0,0,,0.995415,0.001074,0.000486,0.00148,0.001088,0.000261,0.000196,,400,,
0,0,,0.999743,0.000029,0.000024,0.000089,0.000073,0.00002,0.000022,,400,,
0,0,,0.999743,0.000029,0.000024,0.000089,0.000073,0.00002,0.000022,,500,,
0,0,,0.999743,0.000029,0.000024,0.000089,0.000073,0.00002,0.000022,,400,,
0,0,,0.999743,0.000029,0.000024,0.000089,0.000073,0.00002,0.000022,,400,,
0,0,,0.998185,0.000051,0.000173,0.001416,0.000081,0.00008,0.000014,,500,,
0,0,,0.999743,0.000029,0.000024,0.000089,0.000073,0.00002,0.000022,,500,,
0,0,,0.999743,0.000029,0.000024,0.000089,0.000073,0.00002,0.000022,,500,,
0,0,,0.999743,0.000029,0.000024,0.000089,0.000073,0.00002,0.000022,,400,,
0,0,,0.999743,0.000029,0.000024,0.000089,0.000073,0.00002,0.000022,,500,,
0,0,,0.999743,0.000029,0.000024,0.000089,0.000073,0.00002,0.000022,,500,,
0,0,,0.998178,0.000011,0.000038,0.001688,0.000064,0.000018,0.000003,,500,,
0,0,,0.999743,0.000029,0.000024,0.000089,0.000073,0.00002,0.000022,,400,,
0,0,,0.998178,0.000011,0.000038,0.001688,0.000064,0.000018,0.000003,,500,,
0,0,,0.999743,0.000029,0.000024,0.000089,0.000073,0.00002,0.000022,,400,,
0,0,,0.995415,0.001074,0.000486,0.00148,0.001088,0.000261,0.000196,,400,,
0,0,,0.999743,0.000029,0.000024,0.000089,0.000073,0.00002,0.000022,,400,,
0,0,,0.995415,0.001074,0.000486,0.00148,0.001088,0.000261,0.000196,,500,,
0,0,,0.999743,0.000029,0.000024,0.000089,0.000073,0.00002,0.000022,,400,,
0,0,,0.995415,0.001074,0.000486,0.00148,0.001088,0.000261,0.000196,,400,,
0,0,,0.999743,0.000029,0.000024,0.000089,0.000073,0.00002,0.000022,,400,,
0,0,,0.998178,0.000011,0.000038,0.001688,0.000064,0.000018,0.000003,,500,,
0,0,,0.999743,0.000029,0.000024,0.000089,0.000073,0.00002,0.000022,,400,,
0,0,,0.999743,0.000029,0.000024,0.000089,0.000073,0.00002,0.000022,,400,,
0,0,,0.999743,0.000029,0.000024,0.000089,0.000073,0.00002,0.000022,,400,,
0,0,,0.999743,0.000029,0.000024,0.000089,0.000073,0.00002,0.000022,,400,,
0,0,,0.999743,0.000029,0.000024,0.000089,0.000073,0.00002,0.000022,,400,,
0,0,,0.998185,0.000051,0.000173,0.001416,0.000081,0.00008,0.000014,,500,,
0,0,,0.995415,0.001074,0.000486,0.00148,0.001088,0.000261,0.000196,,400,,
0,0,,0.999743,0.000029,0.000024,0.000089,0.000073,0.00002,0.000022,,400,,
0,0,,0.998178,0.000011,0.000038,0.001688,0.000064,0.000018,0.000003,,500,,
0,0,,0.995415,0.001074,0.000486,0.00148,0.001088,0.000261,0.000196,,400,,
0,0,,0.999743,0.000029,0.000024,0.000089,0.000073,0.00002,0.000022,,400,,
0,0,,0.998185,0.000051,0.000173,0.001416,0.000081,0.00008,0.000014,,500,,
0,0,,0.995415,0.001074,0.000486,0.00148,0.001088,0.000261,0.000196,,400,,
0,0,,0.999743,0.000029,0.000024,0.000089,0.000073,0.00002,0.000022,,400,,
0,0,,0.999743,0.000029,0.000024,0.000089,0.000073,0.00002,0.000022,,500,,
0,0,,0.999743,0.000029,0.000024,0.000089,0.000073,0.00002,0.000022,,500,,
0,0,,0.999743,0.000029,0.000024,0.000089,0.000073,0.00002,0.000022,,400,,
0,0,,0.995415,0.001074,0.000486,0.00148,0.001088,0.000261,0.000196,,400,,
0,0,,0.998178,0.000011,0.000038,0.001688,0.000064,0.000018,0.000003,,500,,
0,0,,0.999743,0.000029,0.000024,0.000089,0.000073,0.00002,0.000022,,400,,
0,0,,0.998178,0.000011,0.000038,0.001688,0.000064,0.000018,0.000003,,500,,
0,0,,0.999743,0.000029,0.000024,0.000089,0.000073,0.00002,0.000022,,500,,
0,0,,0.999743,0.000029,0.000024,0.000089,0.000073,0.00002,0.000022,,500,,
0,0,,0.995415,0.001074,0.000486,0.00148,0.001088,0.000261,0.000196,,500,,
0,0,,0.999743,0.000029,0.000024,0.000089,0.000073,0.00002,0.000022,,500,,
0,0,,0.999743,0.000029,0.000024,0.000089,0.000073,0.00002,0.000022,,400,,
0,0,,0.995415,0.001074,0.000486,0.00148,0.001088,0.000261,0.000196,,400,,
0,0,,0.999743,0.000029,0.000024,0.000089,0.000073,0.00002,0.000022,,400,,
0,0,,0.999743,0.000029,0.000024,0.000089,0.000073,0.00002,0.000022,,400,,
0,0,,0.999743,0.000029,0.000024,0.000089,0.000073,0.00002,0.000022,,400,,
0,0,,0.999743,0.000029,0.000024,0.000089,0.000073,0.00002,0.000022,,500,,
0,0,,0.999743,0.000029,0.000024,0.000089,0.000073,0.00002,0.000022,,400,,
0,0,,0.999743,0.000029,0.000024,0.000089,0.000073,0.00002,0.000022,,500,,
0,0,,0.995415,0.001074,0.000486,0.00148,0.001088,0.000261,0.000196,,400,,
0,0,,0.999743,0.000029,0.000024,0.000089,0.000073,0.00002,0.000022,,400,,
0,0,,0.999743,0.000029,0.000024,0.000089,0.000073,0.00002,0.000022,,400,,
0,0,,0.995415,0.001074,0.000486,0.00148,0.001088,0.000261,0.000196,,400,,
0,0,,0.995415,0.001074,0.000486,0.00148,0.001088,0.000261,0.000196,,400,,
0,0,,0.999743,0.000029,0.000024,0.000089,0.000073,0.00002,0.000022,,400,,
0,0,,0.999743,0.000029,0.000024,0.000089,0.000073,0.00002,0.000022,,400,,
0,0,,0.999743,0.000029,0.000024,0.000089,0.000073,0.00002,0.000022,,400,,
0,0,,0.999743,0.000029,0.000024,0.000089,0.000073,0.00002,0.000022,,400,,
0,0,,0.999743,0.000029,0.000024,0.000089,0.000073,0.00002,0.000022,,500,,
0,0,,0.999743,0.000029,0.000024,0.000089,0.000073,0.00002,0.000022,,500,,
0,0,,0.999743,0.000029,0.000024,0.000089,0.000073,0.00002,0.000022,,400,,
0,0,,0.999743,0.000029,0.000024,0.000089,0.000073,0.00002,0.000022,,400,,
0,0,,0.999743,0.000029,0.000024,0.000089,0.000073,0.00002,0.000022,,400,,
0,0,,0.999743,0.000029,0.000024,0.000089,0.000073,0.00002,0.000022,,400,,
0,0,,0.999743,0.000029,0.000024,0.000089,0.000073,0.00002,0.000022,,400,,
0,0,,0.999743,0.000029,0.000024,0.000089,0.000073,0.00002,0.000022,,400,,
0,0,,0.999743,0.000029,0.000024,0.000089,0.000073,0.00002,0.000022,,500,,
0,0,,0.998178,0.000011,0.000038,0.001688,0.000064,0.000018,0.000003,,500,,
0,0,,0.998185,0.000051,0.000173,0.001416,0.000081,0.00008,0.000014,,400,,
0,0,,0.995415,0.001074,0.000486,0.00148,0.001088,0.000261,0.000196,,400,,
0,0,,0.999743,0.000029,0.000024,0.000089,0.000073,0.00002,0.000022,,400,,
0,0,,0.999743,0.000029,0.000024,0.000089,0.000073,0.00002,0.000022,,400,,
0,0,,0.999743,0.000029,0.000024,0.000089,0.000073,0.00002,0.000022,,400,,
0,0,,0.999743,0.000029,0.000024,0.000089,0.000073,0.00002,0.000022,,500,,
0,0,,0.998178,0.000011,0.000038,0.001688,0.000064,0.000018,0.000003,,500,,
0,0,,0.999743,0.000029,0.000024,0.000089,0.000073,0.00002,0.000022,,400,,
0,0,,0.999743,0.000029,0.000024,0.000089,0.000073,0.00002,0.000022,,400,,
0,0,,0.999743,0.000029,0.000024,0.000089,0.000073,0.00002,0.000022,,500,,
0,0,,0.995415,0.001074,0.000486,0.00148,0.001088,0.000261,0.000196,,500,,
0,0,,0.995415,0.001074,0.000486,0.00148,0.001088,0.000261,0.000196,,400,,
0,0,,0.998178,0.000011,0.000038,0.001688,0.000064,0.000018,0.000003,,500,,
0,0,,0.995415,0.001074,0.000486,0.00148,0.001088,0.000261,0.000196,,500,,
0,0,,0.999743,0.000029,0.000024,0.000089,0.000073,0.00002,0.000022,,500,,
0,0,,0.999743,0.000029,0.000024,0.000089,0.000073,0.00002,0.000022,,400,,
0,0,,0.999743,0.000029,0.000024,0.000089,0.000073,0.00002,0.000022,,400,,
0,0,,0.995415,0.001074,0.000486,0.00148,0.001088,0.000261,0.000196,,400,,
0,0,,0.999743,0.000029,0.000024,0.000089,0.000073,0.00002,0.000022,,400,,
0,0,,0.999743,0.000029,0.000024,0.000089,0.000073,0.00002,0.000022,,400,,
0,0,,0.999743,0.000029,0.000024,0.000089,0.000073,0.00002,0.000022,,500,,
0,0,,0.999743,0.000029,0.000024,0.000089,0.000073,0.00002,0.000022,,500,,
0,0,,0.995415,0.001074,0.000486,0.00148,0.001088,0.000261,0.000196,,400,,
0,0,,0.995415,0.001074,0.000486,0.00148,0.001088,0.000261,0.000196,,400,,
0,0,,0.998178,0.000011,0.000038,0.001688,0.000064,0.000018,0.000003,,500,,
0,0,,0.999743,0.000029,0.000024,0.000089,0.000073,0.00002,0.000022,,400,,
0,0,,0.998178,0.000011,0.000038,0.001688,0.000064,0.000018,0.000003,,500,,
0,0,,0.995415,0.001074,0.000486,0.00148,0.001088,0.000261,0.000196,,500,,
0,0,,0.995415,0.001074,0.000486,0.00148,0.001088,0.000261,0.000196,,500,,
0,0,,0.998185,0.000051,0.000173,0.001416,0.000081,0.00008,0.000014,,600,,
0,0,,0.999743,0.000029,0.000024,0.000089,0.000073,0.00002,0.000022,,500,,
0,0,,0.995415,0.001074,0.000486,0.00148,0.001088,0.000261,0.000196,,500,,
0,0,,0.998185,0.000051,0.000173,0.001416,0.000081,0.00008,0.000014,,400,,
0,0,,0.999743,0.000029,0.000024,0.000089,0.000073,0.00002,0.000022,,400,,
0,0,,0.999743,0.000029,0.000024,0.000089,0.000073,0.00002,0.000022,,400,,
0,0,,0.995415,0.001074,0.000486,0.00148,0.001088,0.000261,0.000196,,400,,
0,0,,0.999743,0.000029,0.000024,0.000089,0.000073,0.00002,0.000022,,500,,
0,0,,0.999743,0.000029,0.000024,0.000089,0.000073,0.00002,0.000022,,400,,
0,0,,0.999743,0.000029,0.000024,0.000089,0.000073,0.00002,0.000022,,400,,
0,0,,0.999743,0.000029,0.000024,0.000089,0.000073,0.00002,0.000022,,400,,
0,0,,0.995415,0.001074,0.000486,0.00148,0.001088,0.000261,0.000196,,400,,
0,0,,0.999743,0.000029,0.000024,0.000089,0.000073,0.00002,0.000022,,400,,
0,0,,0.998178,0.000011,0.000038,0.001688,0.000064,0.000018,0.000003,,400,,
0,0,,0.999743,0.000029,0.000024,0.000089,0.000073,0.00002,0.000022,,400,,
0,0,,0.999743,0.000029,0.000024,0.000089,0.000073,0.00002,0.000022,,400,,
0,0,,0.999743,0.000029,0.000024,0.000089,0.000073,0.00002,0.000022,,400,,
0,0,,0.999743,0.000029,0.000024,0.000089,0.000073,0.00002,0.000022,,400,,
0,0,,0.998185,0.000051,0.000173,0.001416,0.000081,0.00008,0.000014,,500,,
0,0,,0.999743,0.000029,0.000024,0.000089,0.000073,0.00002,0.000022,,400,,
0,0,,0.995415,0.001074,0.000486,0.00148,0.001088,0.000261,0.000196,,500,,
0,0,,0.999743,0.000029,0.000024,0.000089,0.000073,0.00002,0.000022,,400,,
0,0,,0.999743,0.000029,0.000024,0.000089,0.000073,0.00002,0.000022,,400,,
0,0,,0.999743,0.000029,0.000024,0.000089,0.000073,0.00002,0.000022,,400,,
0,0,,0.999743,0.000029,0.000024,0.000089,0.000073,0.00002,0.000022,,400,,
0,0,,0.999743,0.000029,0.000024,0.000089,0.000073,0.00002,0.000022,,500,,
0,0,,0.999743,0.000029,0.000024,0.000089,0.000073,0.00002,0.000022,,400,,
0,0,,0.999743,0.000029,0.000024,0.000089,0.000073,0.00002,0.000022,,400,,
0,0,,0.999743,0.000029,0.000024,0.000089,0.000073,0.00002,0.000022,,400,,
0,0,,0.999743,0.000029,0.000024,0.000089,0.000073,0.00002,0.000022,,400,,
0,0,,0.999743,0.000029,0.000024,0.000089,0.000073,0.00002,0.000022,,500,,
0,0,,0.998185,0.000051,0.000173,0.001416,0.000081,0.00008,0.000014,,500,,
0,0,,0.999743,0.000029,0.000024,0.000089,0.000073,0.00002,0.000022,,400,,
0,0,,0.995415,0.001074,0.000486,0.00148,0.001088,0.000261,0.000196,,500,,
0,0,,0.998178,0.000011,0.000038,0.001688,0.000064,0.000018,0.000003,,500,,
0,0,,0.995415,0.001074,0.000486,0.00148,0.001088,0.000261,0.000196,,400,,
0,0,,0.995415,0.001074,0.000486,0.00148,0.001088,0.000261,0.000196,,400,,
0,0,,0.999743,0.000029,0.000024,0.000089,0.000073,0.00002,0.000022,,500,,
0,0,,0.998185,0.000051,0.000173,0.001416,0.000081,0.00008,0.000014,,500,,
0,0,,0.999743,0.000029,0.000024,0.000089,0.000073,0.00002,0.000022,,400,,
0,0,,0.998185,0.000051,0.000173,0.001416,0.000081,0.00008,0.000014,,500,,
0,0,,0.999743,0.000029,0.000024,0.000089,0.000073,0.00002,0.000022,,400,,
0,0,,0.999743,0.000029,0.000024,0.000089,0.000073,0.00002,0.000022,,400,,
0,0,,0.999743,0.000029,0.000024,0.000089,0.000073,0.00002,0.000022,,400,,
0,0,,0.999743,0.000029,0.000024,0.000089,0.000073,0.00002,0.000022,,400,,
0,0,,0.998178,0.000011,0.000038,0.001688,0.000064,0.000018,0.000003,,400,,
0,0,,0.999743,0.000029,0.000024,0.000089,0.000073,0.00002,0.000022,,400,,
0,0,,0.995415,0.001074,0.000486,0.00148,0.001088,0.000261,0.000196,,400,,
0,0,,0.998185,0.000051,0.000173,0.001416,0.000081,0.00008,0.000014,,500,,
0,0,,0.995415,0.001074,0.000486,0.00148,0.001088,0.000261,0.000196,,400,,
0,0,,0.998178,0.000011,0.000038,0.001688,0.000064,0.000018,0.000003,,500,,
0,0,,0.999743,0.000029,0.000024,0.000089,0.000073,0.00002,0.000022,,400,,
0,0,,0.998178,0.000011,0.000038,0.001688,0.000064,0.000018,0.000003,,400,,
0,0,,0.999743,0.000029,0.000024,0.000089,0.000073,0.00002,0.000022,,400,,
0,0,,0.999743,0.000029,0.000024,0.000089,0.000073,0.00002,0.000022,,400,,
0,0,,0.999743,0.000029,0.000024,0.000089,0.000073,0.00002,0.000022,,400,,
0,0,,0.995415,0.001074,0.000486,0.00148,0.001088,0.000261,0.000196,,500,,
0,0,,0.999743,0.000029,0.000024,0.000089,0.000073,0.00002,0.000022,,400,,
0,0,,0.998178,0.000011,0.000038,0.001688,0.000064,0.000018,0.000003,,500,,
0,0,,0.999743,0.000029,0.000024,0.000089,0.000073,0.00002,0.000022,,400,,
0,0,,0.999743,0.000029,0.000024,0.000089,0.000073,0.00002,0.000022,,400,,
0,0,,0.999743,0.000029,0.000024,0.000089,0.000073,0.00002,0.000022,,400,,
0,0,,0.999743,0.000029,0.000024,0.000089,0.000073,0.00002,0.000022,,400,,
0,0,,0.999743,0.000029,0.000024,0.000089,0.000073,0.00002,0.000022,,400,,
0,0,,0.999743,0.000029,0.000024,0.000089,0.000073,0.00002,0.000022,,400,,
0,0,,0.998185,0.000051,0.000173,0.001416,0.000081,0.00008,0.000014,,400,,
0,0,,0.999743,0.000029,0.000024,0.000089,0.000073,0.00002,0.000022,,400,,
0,0,,0.999743,0.000029,0.000024,0.000089,0.000073,0.00002,0.000022,,400,,
0,0,,0.995415,0.001074,0.000486,0.00148,0.001088,0.000261,0.000196,,400,,
0,0,,0.755722,0.003211,0.19723,0.001742,0.000274,0.00232,0.039501,,500,,
0,0,,0.999743,0.000029,0.000024,0.000089,0.000073,0.00002,0.000022,,400,,
0,0,,0.998185,0.000051,0.000173,0.001416,0.000081,0.00008,0.000014,,500,,
0,0,,0.999743,0.000029,0.000024,0.000089,0.000073,0.00002,0.000022,,500,,
0,0,,0.999743,0.000029,0.000024,0.000089,0.000073,0.00002,0.000022,,400,,
0,0,,0.999743,0.000029,0.000024,0.000089,0.000073,0.00002,0.000022,,400,,
0,0,,0.999743,0.000029,0.000024,0.000089,0.000073,0.00002,0.000022,,400,,
0,0,,0.999743,0.000029,0.000024,0.000089,0.000073,0.00002,0.000022,,400,,
0,0,,0.998178,0.000011,0.000038,0.001688,0.000064,0.000018,0.000003,,400,,
0,0,,0.999743,0.000029,0.000024,0.000089,0.000073,0.00002,0.000022,,400,,
0,0,,0.999743,0.000029,0.000024,0.000089,0.000073,0.00002,0.000022,,400,,
0,0,,0.999743,0.000029,0.000024,0.000089,0.000073,0.00002,0.000022,,400,,
0,0,,0.995415,0.001074,0.000486,0.00148,0.001088,0.000261,0.000196,,400,,
0,0,,0.999743,0.000029,0.000024,0.000089,0.000073,0.00002,0.000022,,400,,
0,0,,0.999743,0.000029,0.000024,0.000089,0.000073,0.00002,0.000022,,500,,
0,0,,0.999743,0.000029,0.000024,0.000089,0.000073,0.00002,0.000022,,500,,
0,0,,0.999743,0.000029,0.000024,0.000089,0.000073,0.00002,0.000022,,400,,
0,0,,0.999743,0.000029,0.000024,0.000089,0.000073,0.00002,0.000022,,400,,
0,0,,0.998178,0.000011,0.000038,0.001688,0.000064,0.000018,0.000003,,500,,
0,0,,0.995415,0.001074,0.000486,0.00148,0.001088,0.000261,0.000196,,500,,
0,0,,0.999743,0.000029,0.000024,0.000089,0.000073,0.00002,0.000022,,500,,
0,0,,0.995415,0.001074,0.000486,0.00148,0.001088,0.000261,0.000196,,400,,
0,0,,0.995415,0.001074,0.000486,0.00148,0.001088,0.000261,0.000196,,400,,
0,0,,0.995415,0.001074,0.000486,0.00148,0.001088,0.000261,0.000196,,400,,
0,0,,0.999743,0.000029,0.000024,0.000089,0.000073,0.00002,0.000022,,400,,
0,0,,0.999743,0.000029,0.000024,0.000089,0.000073,0.00002,0.000022,,400,,
0,0,,0.999743,0.000029,0.000024,0.000089,0.000073,0.00002,0.000022,,500,,
0,0,,0.999743,0.000029,0.000024,0.000089,0.000073,0.00002,0.000022,,400,,
0,0,,0.999743,0.000029,0.000024,0.000089,0.000073,0.00002,0.000022,,400,,
0,0,,0.999743,0.000029,0.000024,0.000089,0.000073,0.00002,0.000022,,400,,
0,0,,0.999743,0.000029,0.000024,0.000089,0.000073,0.00002,0.000022,,400,,
0,0,,0.995415,0.001074,0.000486,0.00148,0.001088,0.000261,0.000196,,400,,
0,0,,0.999743,0.000029,0.000024,0.000089,0.000073,0.00002,0.000022,,400,,
0,0,,0.999743,0.000029,0.000024,0.000089,0.000073,0.00002,0.000022,,400,,
0,0,,0.998178,0.000011,0.000038,0.001688,0.000064,0.000018,0.000003,,500,,
0,0,,0.999743,0.000029,0.000024,0.000089,0.000073,0.00002,0.000022,,400,,
0,0,,0.999743,0.000029,0.000024,0.000089,0.000073,0.00002,0.000022,,400,,
0,0,,0.999743,0.000029,0.000024,0.000089,0.000073,0.00002,0.000022,,400,,
0,0,,0.999743,0.000029,0.000024,0.000089,0.000073,0.00002,0.000022,,400,,
0,0,,0.999743,0.000029,0.000024,0.000089,0.000073,0.00002,0.000022,,400,,
0,0,,0.999743,0.000029,0.000024,0.000089,0.000073,0.00002,0.000022,,400,,
0,0,,0.999743,0.000029,0.000024,0.000089,0.000073,0.00002,0.000022,,500,,
0,0,,0.999743,0.000029,0.000024,0.000089,0.000073,0.00002,0.000022,,500,,
0,0,,0.999743,0.000029,0.000024,0.000089,0.000073,0.00002,0.000022,,400,,
0,0,,0.995415,0.001074,0.000486,0.00148,0.001088,0.000261,0.000196,,400,,
0,0,,0.999743,0.000029,0.000024,0.000089,0.000073,0.00002,0.000022,,400,,
0,0,,0.999743,0.000029,0.000024,0.000089,0.000073,0.00002,0.000022,,400,,
0,0,,0.995415,0.001074,0.000486,0.00148,0.001088,0.000261,0.000196,,400,,
0,0,,0.999743,0.000029,0.000024,0.000089,0.000073,0.00002,0.000022,,500,,
0,0,,0.999743,0.000029,0.000024,0.000089,0.000073,0.00002,0.000022,,500,,
0,0,,0.999743,0.000029,0.000024,0.000089,0.000073,0.00002,0.000022,,400,,
0,0,,0.995415,0.001074,0.000486,0.00148,0.001088,0.000261,0.000196,,400,,
0,0,,0.999743,0.000029,0.000024,0.000089,0.000073,0.00002,0.000022,,400,,
0,0,,0.999743,0.000029,0.000024,0.000089,0.000073,0.00002,0.000022,,400,,
0,0,,0.999743,0.000029,0.000024,0.000089,0.000073,0.00002,0.000022,,400,,
0,0,,0.995415,0.001074,0.000486,0.00148,0.001088,0.000261,0.000196,,500,,
0,0,,0.999743,0.000029,0.000024,0.000089,0.000073,0.00002,0.000022,,500,,
0,0,,0.998178,0.000011,0.000038,0.001688,0.000064,0.000018,0.000003,,500,,
0,0,,0.999743,0.000029,0.000024,0.000089,0.000073,0.00002,0.000022,,500,,
0,0,,0.999743,0.000029,0.000024,0.000089,0.000073,0.00002,0.000022,,500,,
0,0,,0.995415,0.001074,0.000486,0.00148,0.001088,0.000261,0.000196,,400,,
0,0,,0.998178,0.000011,0.000038,0.001688,0.000064,0.000018,0.000003,,500,,
0,0,,0.998178,0.000011,0.000038,0.001688,0.000064,0.000018,0.000003,,500,,
0,0,,0.995415,0.001074,0.000486,0.00148,0.001088,0.000261,0.000196,,400,,
0,0,,0.998178,0.000011,0.000038,0.001688,0.000064,0.000018,0.000003,,400,,
0,0,,0.999743,0.000029,0.000024,0.000089,0.000073,0.00002,0.000022,,400,,
0,0,,0.999743,0.000029,0.000024,0.000089,0.000073,0.00002,0.000022,,400,,
0,0,,0.999743,0.000029,0.000024,0.000089,0.000073,0.00002,0.000022,,400,,
0,0,,0.999743,0.000029,0.000024,0.000089,0.000073,0.00002,0.000022,,500,,
0,0,,0.995415,0.001074,0.000486,0.00148,0.001088,0.000261,0.000196,,400,,
0,0,,0.998178,0.000011,0.000038,0.001688,0.000064,0.000018,0.000003,,500,,
0,0,,0.995415,0.001074,0.000486,0.00148,0.001088,0.000261,0.000196,,500,,
0,0,,0.995415,0.001074,0.000486,0.00148,0.001088,0.000261,0.000196,,400,,
0,0,,0.999743,0.000029,0.000024,0.000089,0.000073,0.00002,0.000022,,400,,
0,0,,0.995415,0.001074,0.000486,0.00148,0.001088,0.000261,0.000196,,400,,
0,0,,0.999743,0.000029,0.000024,0.000089,0.000073,0.00002,0.000022,,400,,
0,0,,0.999743,0.000029,0.000024,0.000089,0.000073,0.00002,0.000022,,500,,
0,0,,0.995415,0.001074,0.000486,0.00148,0.001088,0.000261,0.000196,,500,,
0,0,,0.999743,0.000029,0.000024,0.000089,0.000073,0.00002,0.000022,,400,,
0,0,,0.995415,0.001074,0.000486,0.00148,0.001088,0.000261,0.000196,,400,,
0,0,,0.995415,0.001074,0.000486,0.00148,0.001088,0.000261,0.000196,,400,,
0,0,,0.999743,0.000029,0.000024,0.000089,0.000073,0.00002,0.000022,,400,,
0,0,,0.999743,0.000029,0.000024,0.000089,0.000073,0.00002,0.000022,,400,,
0,0,,0.999743,0.000029,0.000024,0.000089,0.000073,0.00002,0.000022,,400,,
0,0,,0.995415,0.001074,0.000486,0.00148,0.001088,0.000261,0.000196,,400,,
0,0,,0.999743,0.000029,0.000024,0.000089,0.000073,0.00002,0.000022,,400,,
0,0,,0.995415,0.001074,0.000486,0.00148,0.001088,0.000261,0.000196,,500,,
0,0,,0.999743,0.000029,0.000024,0.000089,0.000073,0.00002,0.000022,,500,,
0,0,,0.995415,0.001074,0.000486,0.00148,0.001088,0.000261,0.000196,,400,,
0,0,,0.995415,0.001074,0.000486,0.00148,0.001088,0.000261,0.000196,,400,,
0,0,,0.999743,0.000029,0.000024,0.000089,0.000073,0.00002,0.000022,,400,,
0,0,,0.999743,0.000029,0.000024,0.000089,0.000073,0.00002,0.000022,,400,,
0,0,,0.999743,0.000029,0.000024,0.000089,0.000073,0.00002,0.000022,,400,,
0,0,,0.995415,0.001074,0.000486,0.00148,0.001088,0.000261,0.000196,,400,,
0,0,,0.995415,0.001074,0.000486,0.00148,0.001088,0.000261,0.000196,,400,,
0,0,,0.999743,0.000029,0.000024,0.000089,0.000073,0.00002,0.000022,,500,,
0,0,,0.999743,0.000029,0.000024,0.000089,0.000073,0.00002,0.000022,,400,,
0,0,,0.999743,0.000029,0.000024,0.000089,0.000073,0.00002,0.000022,,400,,
0,0,,0.999743,0.000029,0.000024,0.000089,0.000073,0.00002,0.000022,,500,,
0,0,,0.995415,0.001074,0.000486,0.00148,0.001088,0.000261,0.000196,,400,,
0,0,,0.999743,0.000029,0.000024,0.000089,0.000073,0.00002,0.000022,,400,,
0,0,,0.999743,0.000029,0.000024,0.000089,0.000073,0.00002,0.000022,,400,,
0,0,,0.999743,0.000029,0.000024,0.000089,0.000073,0.00002,0.000022,,400,,
0,0,,0.995415,0.001074,0.000486,0.00148,0.001088,0.000261,0.000196,,400,,
0,0,,0.998178,0.000011,0.000038,0.001688,0.000064,0.000018,0.000003,,400,,
0,0,,0.998178,0.000011,0.000038,0.001688,0.000064,0.000018,0.000003,,500,,
0,0,,0.999743,0.000029,0.000024,0.000089,0.000073,0.00002,0.000022,,500,,
0,0,,0.999743,0.000029,0.000024,0.000089,0.000073,0.00002,0.000022,,500,,
0,0,,0.999743,0.000029,0.000024,0.000089,0.000073,0.00002,0.000022,,400,,
0,0,,0.995415,0.001074,0.000486,0.00148,0.001088,0.000261,0.000196,,400,,
0,0,,0.998178,0.000011,0.000038,0.001688,0.000064,0.000018,0.000003,,500,,
0,0,,0.999743,0.000029,0.000024,0.000089,0.000073,0.00002,0.000022,,400,,
0,0,,0.999743,0.000029,0.000024,0.000089,0.000073,0.00002,0.000022,,500,,
0,0,,0.998185,0.000051,0.000173,0.001416,0.000081,0.00008,0.000014,,500,,
0,0,,0.999743,0.000029,0.000024,0.000089,0.000073,0.00002,0.000022,,500,,
0,0,,0.995415,0.001074,0.000486,0.00148,0.001088,0.000261,0.000196,,500,,
0,0,,0.998185,0.000051,0.000173,0.001416,0.000081,0.00008,0.000014,,500,,
0,0,,0.999743,0.000029,0.000024,0.000089,0.000073,0.00002,0.000022,,500,,
0,0,,0.999743,0.000029,0.000024,0.000089,0.000073,0.00002,0.000022,,500,,
0,0,,0.999743,0.000029,0.000024,0.000089,0.000073,0.00002,0.000022,,400,,
0,0,,0.999743,0.000029,0.000024,0.000089,0.000073,0.00002,0.000022,,400,,
0,0,,0.995415,0.001074,0.000486,0.00148,0.001088,0.000261,0.000196,,400,,
0,0,,0.999743,0.000029,0.000024,0.000089,0.000073,0.00002,0.000022,,400,,
0,0,,0.998185,0.000051,0.000173,0.001416,0.000081,0.00008,0.000014,,400,,
0,0,,0.999743,0.000029,0.000024,0.000089,0.000073,0.00002,0.000022,,400,,
0,0,,0.999743,0.000029,0.000024,0.000089,0.000073,0.00002,0.000022,,400,,
0,0,,0.755722,0.003211,0.19723,0.001742,0.000274,0.00232,0.039501,,400,,
0,0,,0.998185,0.000051,0.000173,0.001416,0.000081,0.00008,0.000014,,400,,
0,0,,0.995415,0.001074,0.000486,0.00148,0.001088,0.000261,0.000196,,400,,
0,0,,0.998178,0.000011,0.000038,0.001688,0.000064,0.000018,0.000003,,400,,
0,0,,0.999743,0.000029,0.000024,0.000089,0.000073,0.00002,0.000022,,400,,
0,0,,0.995415,0.001074,0.000486,0.00148,0.001088,0.000261,0.000196,,400,,
0,0,,0.995415,0.001074,0.000486,0.00148,0.001088,0.000261,0.000196,,400,,
0,0,,0.999743,0.000029,0.000024,0.000089,0.000073,0.00002,0.000022,,400,,
0,0,,0.999743,0.000029,0.000024,0.000089,0.000073,0.00002,0.000022,,400,,
0,0,,0.995415,0.001074,0.000486,0.00148,0.001088,0.000261,0.000196,,400,,
0,0,,0.995415,0.001074,0.000486,0.00148,0.001088,0.000261,0.000196,,500,,
0,0,,0.995415,0.001074,0.000486,0.00148,0.001088,0.000261,0.000196,,400,,
0,0,,0.999743,0.000029,0.000024,0.000089,0.000073,0.00002,0.000022,,400,,
0,0,,0.999743,0.000029,0.000024,0.000089,0.000073,0.00002,0.000022,,400,,
0,0,,0.999743,0.000029,0.000024,0.000089,0.000073,0.00002,0.000022,,400,,
0,0,,0.999743,0.000029,0.000024,0.000089,0.000073,0.00002,0.000022,,500,,
0,0,,0.998178,0.000011,0.000038,0.001688,0.000064,0.000018,0.000003,,500,,
0,0,,0.998178,0.000011,0.000038,0.001688,0.000064,0.000018,0.000003,,400,,
0,0,,0.998185,0.000051,0.000173,0.001416,0.000081,0.00008,0.000014,,500,,
0,0,,0.999743,0.000029,0.000024,0.000089,0.000073,0.00002,0.000022,,500,,
0,0,,0.999743,0.000029,0.000024,0.000089,0.000073,0.00002,0.000022,,400,,
0,0,,0.999743,0.000029,0.000024,0.000089,0.000073,0.00002,0.000022,,400,,
0,0,,0.999743,0.000029,0.000024,0.000089,0.000073,0.00002,0.000022,,400,,
0,0,,0.999743,0.000029,0.000024,0.000089,0.000073,0.00002,0.000022,,400,,
0,0,,0.999743,0.000029,0.000024,0.000089,0.000073,0.00002,0.000022,,400,,
0,0,,0.998178,0.000011,0.000038,0.001688,0.000064,0.000018,0.000003,,400,,
0,0,,0.999743,0.000029,0.000024,0.000089,0.000073,0.00002,0.000022,,400,,
0,0,,0.999743,0.000029,0.000024,0.000089,0.000073,0.00002,0.000022,,400,,
0,0,,0.998178,0.000011,0.000038,0.001688,0.000064,0.000018,0.000003,,400,,
0,0,,0.999743,0.000029,0.000024,0.000089,0.000073,0.00002,0.000022,,400,,
0,0,,0.999743,0.000029,0.000024,0.000089,0.000073,0.00002,0.000022,,400,,
0,0,,0.998178,0.000011,0.000038,0.001688,0.000064,0.000018,0.000003,,500,,
0,0,,0.995415,0.001074,0.000486,0.00148,0.001088,0.000261,0.000196,,400,,
0,0,,0.999743,0.000029,0.000024,0.000089,0.000073,0.00002,0.000022,,400,,
0,0,,0.999743,0.000029,0.000024,0.000089,0.000073,0.00002,0.000022,,400,,
0,0,,0.999743,0.000029,0.000024,0.000089,0.000073,0.00002,0.000022,,400,,
0,0,,0.998178,0.000011,0.000038,0.001688,0.000064,0.000018,0.000003,,500,,
0,0,,0.995415,0.001074,0.000486,0.00148,0.001088,0.000261,0.000196,,400,,
0,0,,0.999743,0.000029,0.000024,0.000089,0.000073,0.00002,0.000022,,400,,
0,0,,0.998185,0.000051,0.000173,0.001416,0.000081,0.00008,0.000014,,400,,
0,0,,0.999743,0.000029,0.000024,0.000089,0.000073,0.00002,0.000022,,400,,
0,0,,0.999743,0.000029,0.000024,0.000089,0.000073,0.00002,0.000022,,500,,
0,0,,0.995415,0.001074,0.000486,0.00148,0.001088,0.000261,0.000196,,500,,
0,0,,0.999743,0.000029,0.000024,0.000089,0.000073,0.00002,0.000022,,400,,
0,0,,0.995415,0.001074,0.000486,0.00148,0.001088,0.000261,0.000196,,400,,
0,0,,0.998178,0.000011,0.000038,0.001688,0.000064,0.000018,0.000003,,500,,
0,0,,0.999743,0.000029,0.000024,0.000089,0.000073,0.00002,0.000022,,400,,
0,0,,0.998178,0.000011,0.000038,0.001688,0.000064,0.000018,0.000003,,400,,
0,0,,0.999743,0.000029,0.000024,0.000089,0.000073,0.00002,0.000022,,400,,
0,0,,0.999743,0.000029,0.000024,0.000089,0.000073,0.00002,0.000022,,400,,
0,0,,0.999743,0.000029,0.000024,0.000089,0.000073,0.00002,0.000022,,400,,
0,0,,0.999743,0.000029,0.000024,0.000089,0.000073,0.00002,0.000022,,400,,
0,0,,0.999743,0.000029,0.000024,0.000089,0.000073,0.00002,0.000022,,400,,
0,0,,0.999743,0.000029,0.000024,0.000089,0.000073,0.00002,0.000022,,500,,
0,0,,0.999743,0.000029,0.000024,0.000089,0.000073,0.00002,0.000022,,500,,
0,0,,0.995415,0.001074,0.000486,0.00148,0.001088,0.000261,0.000196,,500,,
0,0,,0.999743,0.000029,0.000024,0.000089,0.000073,0.00002,0.000022,,500,,
0,0,,0.995415,0.001074,0.000486,0.00148,0.001088,0.000261,0.000196,,500,,
0,0,,0.999743,0.000029,0.000024,0.000089,0.000073,0.00002,0.000022,,400,,
0,0,,0.999743,0.000029,0.000024,0.000089,0.000073,0.00002,0.000022,,400,,
0,0,,0.999743,0.000029,0.000024,0.000089,0.000073,0.00002,0.000022,,400,,
0,0,,0.999743,0.000029,0.000024,0.000089,0.000073,0.00002,0.000022,,400,,
0,0,,0.999743,0.000029,0.000024,0.000089,0.000073,0.00002,0.000022,,400,,
0,0,,0.999743,0.000029,0.000024,0.000089,0.000073,0.00002,0.000022,,400,,
0,0,,0.999743,0.000029,0.000024,0.000089,0.000073,0.00002,0.000022,,500,,
0,0,,0.999743,0.000029,0.000024,0.000089,0.000073,0.00002,0.000022,,500,,
0,0,,0.995415,0.001074,0.000486,0.00148,0.001088,0.000261,0.000196,,400,,
0,0,,0.999743,0.000029,0.000024,0.000089,0.000073,0.00002,0.000022,,400,,
0,0,,0.999743,0.000029,0.000024,0.000089,0.000073,0.00002,0.000022,,400,,
0,0,,0.999743,0.000029,0.000024,0.000089,0.000073,0.00002,0.000022,,400,,
0,0,,0.995415,0.001074,0.000486,0.00148,0.001088,0.000261,0.000196,,400,,
0,0,,0.999743,0.000029,0.000024,0.000089,0.000073,0.00002,0.000022,,400,,
0,0,,0.999743,0.000029,0.000024,0.000089,0.000073,0.00002,0.000022,,500,,
0,0,,0.999743,0.000029,0.000024,0.000089,0.000073,0.00002,0.000022,,400,,
0,0,,0.999743,0.000029,0.000024,0.000089,0.000073,0.00002,0.000022,,400,,
0,0,,0.999743,0.000029,0.000024,0.000089,0.000073,0.00002,0.000022,,400,,
0,0,,0.998178,0.000011,0.000038,0.001688,0.000064,0.000018,0.000003,,500,,
0,0,,0.999743,0.000029,0.000024,0.000089,0.000073,0.00002,0.000022,,500,,
0,0,,0.999743,0.000029,0.000024,0.000089,0.000073,0.00002,0.000022,,400,,
0,0,,0.998178,0.000011,0.000038,0.001688,0.000064,0.000018,0.000003,,500,,
0,0,,0.999743,0.000029,0.000024,0.000089,0.000073,0.00002,0.000022,,500,,
0,0,,0.995415,0.001074,0.000486,0.00148,0.001088,0.000261,0.000196,,400,,
0,0,,0.999743,0.000029,0.000024,0.000089,0.000073,0.00002,0.000022,,400,,
0,0,,0.999743,0.000029,0.000024,0.000089,0.000073,0.00002,0.000022,,400,,
0,0,,0.995415,0.001074,0.000486,0.00148,0.001088,0.000261,0.000196,,400,,
0,0,,0.999743,0.000029,0.000024,0.000089,0.000073,0.00002,0.000022,,400,,
0,0,,0.995415,0.001074,0.000486,0.00148,0.001088,0.000261,0.000196,,400,,
0,0,,0.999743,0.000029,0.000024,0.000089,0.000073,0.00002,0.000022,,500,,
0,0,,0.999743,0.000029,0.000024,0.000089,0.000073,0.00002,0.000022,,500,,
0,0,,0.999743,0.000029,0.000024,0.000089,0.000073,0.00002,0.000022,,400,,
0,0,,0.999743,0.000029,0.000024,0.000089,0.000073,0.00002,0.000022,,400,,
0,0,,0.995415,0.001074,0.000486,0.00148,0.001088,0.000261,0.000196,,400,,
0,0,,0.998178,0.000011,0.000038,0.001688,0.000064,0.000018,0.000003,,400,,
0,0,,0.999743,0.000029,0.000024,0.000089,0.000073,0.00002,0.000022,,400,,
0,0,,0.999743,0.000029,0.000024,0.000089,0.000073,0.00002,0.000022,,400,,
0,0,,0.999743,0.000029,0.000024,0.000089,0.000073,0.00002,0.000022,,400,,
0,0,,0.995415,0.001074,0.000486,0.00148,0.001088,0.000261,0.000196,,400,,
0,0,,0.999743,0.000029,0.000024,0.000089,0.000073,0.00002,0.000022,,400,,
0,0,,0.999743,0.000029,0.000024,0.000089,0.000073,0.00002,0.000022,,400,,
0,0,,0.995415,0.001074,0.000486,0.00148,0.001088,0.000261,0.000196,,500,,
0,0,,0.999743,0.000029,0.000024,0.000089,0.000073,0.00002,0.000022,,500,,
0,0,,0.998178,0.000011,0.000038,0.001688,0.000064,0.000018,0.000003,,500,,
0,0,,0.998185,0.000051,0.000173,0.001416,0.000081,0.00008,0.000014,,500,,
0,0,,0.995415,0.001074,0.000486,0.00148,0.001088,0.000261,0.000196,,400,,
0,0,,0.999743,0.000029,0.000024,0.000089,0.000073,0.00002,0.000022,,500,,
0,0,,0.999743,0.000029,0.000024,0.000089,0.000073,0.00002,0.000022,,500,,
0,0,,0.999743,0.000029,0.000024,0.000089,0.000073,0.00002,0.000022,,400,,
0,0,,0.999743,0.000029,0.000024,0.000089,0.000073,0.00002,0.000022,,400,,
0,0,,0.999743,0.000029,0.000024,0.000089,0.000073,0.00002,0.000022,,400,,
0,0,,0.995415,0.001074,0.000486,0.00148,0.001088,0.000261,0.000196,,400,,
0,0,,0.995415,0.001074,0.000486,0.00148,0.001088,0.000261,0.000196,,400,,
0,0,,0.999743,0.000029,0.000024,0.000089,0.000073,0.00002,0.000022,,500,,
0,0,,0.999743,0.000029,0.000024,0.000089,0.000073,0.00002,0.000022,,400,,
0,0,,0.999743,0.000029,0.000024,0.000089,0.000073,0.00002,0.000022,,400,,
0,0,,0.999743,0.000029,0.000024,0.000089,0.000073,0.00002,0.000022,,400,,
0,0,,0.995415,0.001074,0.000486,0.00148,0.001088,0.000261,0.000196,,400,,
0,0,,0.995415,0.001074,0.000486,0.00148,0.001088,0.000261,0.000196,,400,,
0,0,,0.998178,0.000011,0.000038,0.001688,0.000064,0.000018,0.000003,,400,,
0,0,,0.999743,0.000029,0.000024,0.000089,0.000073,0.00002,0.000022,,400,,
0,0,,0.755722,0.003211,0.19723,0.001742,0.000274,0.00232,0.039501,,400,,
0,0,,0.999743,0.000029,0.000024,0.000089,0.000073,0.00002,0.000022,,400,,
0,0,,0.999743,0.000029,0.000024,0.000089,0.000073,0.00002,0.000022,,400,,
0,0,,0.995415,0.001074,0.000486,0.00148,0.001088,0.000261,0.000196,,400,,
0,0,,0.999743,0.000029,0.000024,0.000089,0.000073,0.00002,0.000022,,400,,
0,0,,0.999743,0.000029,0.000024,0.000089,0.000073,0.00002,0.000022,,400,,
0,0,,0.999743,0.000029,0.000024,0.000089,0.000073,0.00002,0.000022,,400,,
0,0,,0.999743,0.000029,0.000024,0.000089,0.000073,0.00002,0.000022,,400,,
0,0,,0.995415,0.001074,0.000486,0.00148,0.001088,0.000261,0.000196,,400,,
0,0,,0.999743,0.000029,0.000024,0.000089,0.000073,0.00002,0.000022,,400,,
0,0,,0.999743,0.000029,0.000024,0.000089,0.000073,0.00002,0.000022,,400,,
0,0,,0.999743,0.000029,0.000024,0.000089,0.000073,0.00002,0.000022,,400,,
0,0,,0.999743,0.000029,0.000024,0.000089,0.000073,0.00002,0.000022,,400,,
0,0,,0.995415,0.001074,0.000486,0.00148,0.001088,0.000261,0.000196,,400,,
0,0,,0.998178,0.000011,0.000038,0.001688,0.000064,0.000018,0.000003,,400,,
0,0,,0.999743,0.000029,0.000024,0.000089,0.000073,0.00002,0.000022,,400,,
0,0,,0.999743,0.000029,0.000024,0.000089,0.000073,0.00002,0.000022,,400,,
0,0,,0.999743,0.000029,0.000024,0.000089,0.000073,0.00002,0.000022,,400,,
0,0,,0.998185,0.000051,0.000173,0.001416,0.000081,0.00008,0.000014,,400,,
0,0,,0.995415,0.001074,0.000486,0.00148,0.001088,0.000261,0.000196,,400,,
0,0,,0.999743,0.000029,0.000024,0.000089,0.000073,0.00002,0.000022,,400,,
0,0,,0.999743,0.000029,0.000024,0.000089,0.000073,0.00002,0.000022,,400,,
0,0,,0.999743,0.000029,0.000024,0.000089,0.000073,0.00002,0.000022,,500,,
0,0,,0.995415,0.001074,0.000486,0.00148,0.001088,0.000261,0.000196,,400,,
0,0,,0.999743,0.000029,0.000024,0.000089,0.000073,0.00002,0.000022,,400,,
0,0,,0.999743,0.000029,0.000024,0.000089,0.000073,0.00002,0.000022,,400,,
0,0,,0.999743,0.000029,0.000024,0.000089,0.000073,0.00002,0.000022,,400,,
0,0,,0.999743,0.000029,0.000024,0.000089,0.000073,0.00002,0.000022,,400,,
0,0,,0.755722,0.003211,0.19723,0.001742,0.000274,0.00232,0.039501,,500,,
0,0,,0.999743,0.000029,0.000024,0.000089,0.000073,0.00002,0.000022,,400,,
0,0,,0.999743,0.000029,0.000024,0.000089,0.000073,0.00002,0.000022,,400,,
0,0,,0.995415,0.001074,0.000486,0.00148,0.001088,0.000261,0.000196,,400,,
0,0,,0.999743,0.000029,0.000024,0.000089,0.000073,0.00002,0.000022,,400,,
0,0,,0.999743,0.000029,0.000024,0.000089,0.000073,0.00002,0.000022,,500,,
0,0,,0.998178,0.000011,0.000038,0.001688,0.000064,0.000018,0.000003,,500,,
0,0,,0.999743,0.000029,0.000024,0.000089,0.000073,0.00002,0.000022,,400,,
0,0,,0.999743,0.000029,0.000024,0.000089,0.000073,0.00002,0.000022,,400,,
0,0,,0.999743,0.000029,0.000024,0.000089,0.000073,0.00002,0.000022,,400,,
0,0,,0.998185,0.000051,0.000173,0.001416,0.000081,0.00008,0.000014,,500,,
0,0,,0.999743,0.000029,0.000024,0.000089,0.000073,0.00002,0.000022,,400,,
0,0,,0.995415,0.001074,0.000486,0.00148,0.001088,0.000261,0.000196,,400,,
0,0,,0.999743,0.000029,0.000024,0.000089,0.000073,0.00002,0.000022,,400,,
0,0,,0.998178,0.000011,0.000038,0.001688,0.000064,0.000018,0.000003,,400,,
0,0,,0.999743,0.000029,0.000024,0.000089,0.000073,0.00002,0.000022,,400,,
0,0,,0.999743,0.000029,0.000024,0.000089,0.000073,0.00002,0.000022,,400,,
0,0,,0.999743,0.000029,0.000024,0.000089,0.000073,0.00002,0.000022,,400,,
0,0,,0.999743,0.000029,0.000024,0.000089,0.000073,0.00002,0.000022,,400,,
0,0,,0.995415,0.001074,0.000486,0.00148,0.001088,0.000261,0.000196,,400,,
0,0,,0.999743,0.000029,0.000024,0.000089,0.000073,0.00002,0.000022,,400,,
0,0,,0.999743,0.000029,0.000024,0.000089,0.000073,0.00002,0.000022,,500,,
0,0,,0.999743,0.000029,0.000024,0.000089,0.000073,0.00002,0.000022,,500,,
0,0,,0.999743,0.000029,0.000024,0.000089,0.000073,0.00002,0.000022,,400,,
0,0,,0.995415,0.001074,0.000486,0.00148,0.001088,0.000261,0.000196,,400,,
0,0,,0.995415,0.001074,0.000486,0.00148,0.001088,0.000261,0.000196,,400,,
0,0,,0.999743,0.000029,0.000024,0.000089,0.000073,0.00002,0.000022,,400,,
0,0,,0.999743,0.000029,0.000024,0.000089,0.000073,0.00002,0.000022,,500,,
0,0,,0.998178,0.000011,0.000038,0.001688,0.000064,0.000018,0.000003,,500,,
0,0,,0.999743,0.000029,0.000024,0.000089,0.000073,0.00002,0.000022,,400,,
0,0,,0.999743,0.000029,0.000024,0.000089,0.000073,0.00002,0.000022,,400,,
0,0,,0.999743,0.000029,0.000024,0.000089,0.000073,0.00002,0.000022,,400,,
0,0,,0.995415,0.001074,0.000486,0.00148,0.001088,0.000261,0.000196,,400,,
0,0,,0.998185,0.000051,0.000173,0.001416,0.000081,0.00008,0.000014,,500,,
0,0,,0.999743,0.000029,0.000024,0.000089,0.000073,0.00002,0.000022,,400,,
0,0,,0.995415,0.001074,0.000486,0.00148,0.001088,0.000261,0.000196,,500,,
0,0,,0.995415,0.001074,0.000486,0.00148,0.001088,0.000261,0.000196,,400,,
0,0,,0.995415,0.001074,0.000486,0.00148,0.001088,0.000261,0.000196,,400,,
0,0,,0.998185,0.000051,0.000173,0.001416,0.000081,0.00008,0.000014,,400,,
0,0,,0.995415,0.001074,0.000486,0.00148,0.001088,0.000261,0.000196,,400,,
0,0,,0.999743,0.000029,0.000024,0.000089,0.000073,0.00002,0.000022,,400,,
0,0,,0.998178,0.000011,0.000038,0.001688,0.000064,0.000018,0.000003,,500,,
0,0,,0.995415,0.001074,0.000486,0.00148,0.001088,0.000261,0.000196,,500,,
0,0,,0.995415,0.001074,0.000486,0.00148,0.001088,0.000261,0.000196,,400,,
0,0,,0.995415,0.001074,0.000486,0.00148,0.001088,0.000261,0.000196,,400,,
0,0,,0.995415,0.001074,0.000486,0.00148,0.001088,0.000261,0.000196,,400,,
0,0,,0.995415,0.001074,0.000486,0.00148,0.001088,0.000261,0.000196,,400,,
0,0,,0.995415,0.001074,0.000486,0.00148,0.001088,0.000261,0.000196,,500,,
0,0,,0.999743,0.000029,0.000024,0.000089,0.000073,0.00002,0.000022,,400,,
0,0,,0.999743,0.000029,0.000024,0.000089,0.000073,0.00002,0.000022,,400,,
0,0,,0.999743,0.000029,0.000024,0.000089,0.000073,0.00002,0.000022,,400,,
0,0,,0.999743,0.000029,0.000024,0.000089,0.000073,0.00002,0.000022,,400,,
0,0,,0.999743,0.000029,0.000024,0.000089,0.000073,0.00002,0.000022,,400,,
0,0,,0.998185,0.000051,0.000173,0.001416,0.000081,0.00008,0.000014,,400,,
0,0,,0.999743,0.000029,0.000024,0.000089,0.000073,0.00002,0.000022,,400,,
0,0,,0.998178,0.000011,0.000038,0.001688,0.000064,0.000018,0.000003,,400,,
0,0,,0.999743,0.000029,0.000024,0.000089,0.000073,0.00002,0.000022,,400,,
0,0,,0.999743,0.000029,0.000024,0.000089,0.000073,0.00002,0.000022,,400,,
0,0,,0.999743,0.000029,0.000024,0.000089,0.000073,0.00002,0.000022,,500,,
0,0,,0.999743,0.000029,0.000024,0.000089,0.000073,0.00002,0.000022,,500,,
0,0,,0.998178,0.000011,0.000038,0.001688,0.000064,0.000018,0.000003,,500,,
0,0,,0.999743,0.000029,0.000024,0.000089,0.000073,0.00002,0.000022,,400,,
0,0,,0.999743,0.000029,0.000024,0.000089,0.000073,0.00002,0.000022,,400,,
0,0,,0.995415,0.001074,0.000486,0.00148,0.001088,0.000261,0.000196,,400,,
0,0,,0.999743,0.000029,0.000024,0.000089,0.000073,0.00002,0.000022,,400,,
0,0,,0.999743,0.000029,0.000024,0.000089,0.000073,0.00002,0.000022,,400,,
0,0,,0.999743,0.000029,0.000024,0.000089,0.000073,0.00002,0.000022,,400,,
0,0,,0.999743,0.000029,0.000024,0.000089,0.000073,0.00002,0.000022,,400,,
0,0,,0.999743,0.000029,0.000024,0.000089,0.000073,0.00002,0.000022,,500,,
0,0,,0.999743,0.000029,0.000024,0.000089,0.000073,0.00002,0.000022,,500,,
0,0,,0.998185,0.000051,0.000173,0.001416,0.000081,0.00008,0.000014,,500,,
0,0,,0.999743,0.000029,0.000024,0.000089,0.000073,0.00002,0.000022,,500,,
0,0,,0.995415,0.001074,0.000486,0.00148,0.001088,0.000261,0.000196,,500,,
0,0,,0.998178,0.000011,0.000038,0.001688,0.000064,0.000018,0.000003,,500,,
0,0,,0.999743,0.000029,0.000024,0.000089,0.000073,0.00002,0.000022,,500,,
0,0,,0.995415,0.001074,0.000486,0.00148,0.001088,0.000261,0.000196,,500,,
0,0,,0.999743,0.000029,0.000024,0.000089,0.000073,0.00002,0.000022,,400,,
0,0,,0.999743,0.000029,0.000024,0.000089,0.000073,0.00002,0.000022,,400,,
0,0,,0.998185,0.000051,0.000173,0.001416,0.000081,0.00008,0.000014,,500,,
0,0,,0.995415,0.001074,0.000486,0.00148,0.001088,0.000261,0.000196,,400,,
0,0,,0.999743,0.000029,0.000024,0.000089,0.000073,0.00002,0.000022,,500,,
0,0,,0.999743,0.000029,0.000024,0.000089,0.000073,0.00002,0.000022,,500,,
0,0,,0.999743,0.000029,0.000024,0.000089,0.000073,0.00002,0.000022,,400,,
0,0,,0.999743,0.000029,0.000024,0.000089,0.000073,0.00002,0.000022,,400,,
0,0,,0.999743,0.000029,0.000024,0.000089,0.000073,0.00002,0.000022,,400,,
0,0,,0.998178,0.000011,0.000038,0.001688,0.000064,0.000018,0.000003,,400,,
0,0,,0.999743,0.000029,0.000024,0.000089,0.000073,0.00002,0.000022,,400,,
0,0,,0.995415,0.001074,0.000486,0.00148,0.001088,0.000261,0.000196,,400,,
0,0,,0.995415,0.001074,0.000486,0.00148,0.001088,0.000261,0.000196,,400,,
0,0,,0.999743,0.000029,0.000024,0.000089,0.000073,0.00002,0.000022,,400,,
0,0,,0.998178,0.000011,0.000038,0.001688,0.000064,0.000018,0.000003,,500,,
0,0,,0.998185,0.000051,0.000173,0.001416,0.000081,0.00008,0.000014,,400,,
0,0,,0.995415,0.001074,0.000486,0.00148,0.001088,0.000261,0.000196,,400,,
0,0,,0.999743,0.000029,0.000024,0.000089,0.000073,0.00002,0.000022,,400,,
0,0,,0.999743,0.000029,0.000024,0.000089,0.000073,0.00002,0.000022,,400,,
0,0,,0.995415,0.001074,0.000486,0.00148,0.001088,0.000261,0.000196,,400,,
0,0,,0.998185,0.000051,0.000173,0.001416,0.000081,0.00008,0.000014,,500,,
0,0,,0.998178,0.000011,0.000038,0.001688,0.000064,0.000018,0.000003,,400,,
0,0,,0.995415,0.001074,0.000486,0.00148,0.001088,0.000261,0.000196,,400,,
0,0,,0.999743,0.000029,0.000024,0.000089,0.000073,0.00002,0.000022,,400,,
0,0,,0.995415,0.001074,0.000486,0.00148,0.001088,0.000261,0.000196,,500,,
0,0,,0.999743,0.000029,0.000024,0.000089,0.000073,0.00002,0.000022,,400,,
0,0,,0.998178,0.000011,0.000038,0.001688,0.000064,0.000018,0.000003,,500,,
0,0,,0.999743,0.000029,0.000024,0.000089,0.000073,0.00002,0.000022,,500,,
0,0,,0.999743,0.000029,0.000024,0.000089,0.000073,0.00002,0.000022,,400,,
0,0,,0.995415,0.001074,0.000486,0.00148,0.001088,0.000261,0.000196,,400,,
0,0,,0.995415,0.001074,0.000486,0.00148,0.001088,0.000261,0.000196,,400,,
0,0,,0.995415,0.001074,0.000486,0.00148,0.001088,0.000261,0.000196,,400,,
0,0,,0.995415,0.001074,0.000486,0.00148,0.001088,0.000261,0.000196,,400,,
0,0,,0.999743,0.000029,0.000024,0.000089,0.000073,0.00002,0.000022,,500,,
0,0,,0.999743,0.000029,0.000024,0.000089,0.000073,0.00002,0.000022,,500,,
0,0,,0.999743,0.000029,0.000024,0.000089,0.000073,0.00002,0.000022,,400,,
0,0,,0.999743,0.000029,0.000024,0.000089,0.000073,0.00002,0.000022,,400,,
0,0,,0.999743,0.000029,0.000024,0.000089,0.000073,0.00002,0.000022,,400,,
0,0,,0.999743,0.000029,0.000024,0.000089,0.000073,0.00002,0.000022,,400,,
0,0,,0.999743,0.000029,0.000024,0.000089,0.000073,0.00002,0.000022,,500,,
0,0,,0.999743,0.000029,0.000024,0.000089,0.000073,0.00002,0.000022,,600,,
0,0,,0.999743,0.000029,0.000024,0.000089,0.000073,0.00002,0.000022,,500,,
0,0,,0.999743,0.000029,0.000024,0.000089,0.000073,0.00002,0.000022,,600,,
0,0,,0.998185,0.000051,0.000173,0.001416,0.000081,0.00008,0.000014,,600,,
0,0,,0.995415,0.001074,0.000486,0.00148,0.001088,0.000261,0.000196,,500,,
0,0,,0.998178,0.000011,0.000038,0.001688,0.000064,0.000018,0.000003,,700,,
0,0,,0.999743,0.000029,0.000024,0.000089,0.000073,0.00002,0.000022,,600,,
0,0,,0.999743,0.000029,0.000024,0.000089,0.000073,0.00002,0.000022,,600,,
0,0,,0.998178,0.000011,0.000038,0.001688,0.000064,0.000018,0.000003,,600,,
0,0,,0.999743,0.000029,0.000024,0.000089,0.000073,0.00002,0.000022,,600,,
0,0,,0.999743,0.000029,0.000024,0.000089,0.000073,0.00002,0.000022,,600,,
0,0,,0.995415,0.001074,0.000486,0.00148,0.001088,0.000261,0.000196,,400,,
0,0,,0.999743,0.000029,0.000024,0.000089,0.000073,0.00002,0.000022,,400,,
0,0,,0.998178,0.000011,0.000038,0.001688,0.000064,0.000018,0.000003,,500,,
0,0,,0.999743,0.000029,0.000024,0.000089,0.000073,0.00002,0.000022,,400,,
0,0,,0.999743,0.000029,0.000024,0.000089,0.000073,0.00002,0.000022,,400,,
0,0,,0.999743,0.000029,0.000024,0.000089,0.000073,0.00002,0.000022,,400,,
0,0,,0.999743,0.000029,0.000024,0.000089,0.000073,0.00002,0.000022,,400,,
0,0,,0.999743,0.000029,0.000024,0.000089,0.000073,0.00002,0.000022,,400,,
0,0,,0.995415,0.001074,0.000486,0.00148,0.001088,0.000261,0.000196,,400,,
0,0,,0.999743,0.000029,0.000024,0.000089,0.000073,0.00002,0.000022,,600,,
0,0,,0.999743,0.000029,0.000024,0.000089,0.000073,0.00002,0.000022,,400,,
0,0,,0.999743,0.000029,0.000024,0.000089,0.000073,0.00002,0.000022,,400,,
0,0,,0.995415,0.001074,0.000486,0.00148,0.001088,0.000261,0.000196,,400,,
0,0,,0.999743,0.000029,0.000024,0.000089,0.000073,0.00002,0.000022,,500,,
0,0,,0.995415,0.001074,0.000486,0.00148,0.001088,0.000261,0.000196,,500,,
0,0,,0.999743,0.000029,0.000024,0.000089,0.000073,0.00002,0.000022,,400,,
0,0,,0.999743,0.000029,0.000024,0.000089,0.000073,0.00002,0.000022,,400,,
0,0,,0.995415,0.001074,0.000486,0.00148,0.001088,0.000261,0.000196,,400,,
0,0,,0.998185,0.000051,0.000173,0.001416,0.000081,0.00008,0.000014,,400,,
0,0,,0.998178,0.000011,0.000038,0.001688,0.000064,0.000018,0.000003,,400,,
0,0,,0.998178,0.000011,0.000038,0.001688,0.000064,0.000018,0.000003,,500,,
0,0,,0.995415,0.001074,0.000486,0.00148,0.001088,0.000261,0.000196,,500,,
0,0,,0.998178,0.000011,0.000038,0.001688,0.000064,0.000018,0.000003,,500,,
0,0,,0.999743,0.000029,0.000024,0.000089,0.000073,0.00002,0.000022,,400,,
0,0,,0.999743,0.000029,0.000024,0.000089,0.000073,0.00002,0.000022,,400,,
0,0,,0.995415,0.001074,0.000486,0.00148,0.001088,0.000261,0.000196,,400,,
0,0,,0.999743,0.000029,0.000024,0.000089,0.000073,0.00002,0.000022,,500,,
0,0,,0.999743,0.000029,0.000024,0.000089,0.000073,0.00002,0.000022,,400,,
0,0,,0.995415,0.001074,0.000486,0.00148,0.001088,0.000261,0.000196,,400,,
0,0,,0.999743,0.000029,0.000024,0.000089,0.000073,0.00002,0.000022,,400,,
0,0,,0.999743,0.000029,0.000024,0.000089,0.000073,0.00002,0.000022,,400,,
0,0,,0.999743,0.000029,0.000024,0.000089,0.000073,0.00002,0.000022,,400,,
0,0,,0.995415,0.001074,0.000486,0.00148,0.001088,0.000261,0.000196,,400,,
0,0,,0.995415,0.001074,0.000486,0.00148,0.001088,0.000261,0.000196,,500,,
0,0,,0.999743,0.000029,0.000024,0.000089,0.000073,0.00002,0.000022,,500,,
0,0,,0.995415,0.001074,0.000486,0.00148,0.001088,0.000261,0.000196,,400,,
0,0,,0.999743,0.000029,0.000024,0.000089,0.000073,0.00002,0.000022,,400,,
0,0,,0.999743,0.000029,0.000024,0.000089,0.000073,0.00002,0.000022,,400,,
0,0,,0.995415,0.001074,0.000486,0.00148,0.001088,0.000261,0.000196,,400,,
0,0,,0.998178,0.000011,0.000038,0.001688,0.000064,0.000018,0.000003,,500,,
0,0,,0.995415,0.001074,0.000486,0.00148,0.001088,0.000261,0.000196,,400,,
0,0,,0.999743,0.000029,0.000024,0.000089,0.000073,0.00002,0.000022,,500,,
0,0,,0.999743,0.000029,0.000024,0.000089,0.000073,0.00002,0.000022,,500,,
0,0,,0.999743,0.000029,0.000024,0.000089,0.000073,0.00002,0.000022,,400,,
0,0,,0.999743,0.000029,0.000024,0.000089,0.000073,0.00002,0.000022,,400,,
0,0,,0.999743,0.000029,0.000024,0.000089,0.000073,0.00002,0.000022,,400,,
0,0,,0.995415,0.001074,0.000486,0.00148,0.001088,0.000261,0.000196,,400,,
0,0,,0.998178,0.000011,0.000038,0.001688,0.000064,0.000018,0.000003,,400,,
0,0,,0.995415,0.001074,0.000486,0.00148,0.001088,0.000261,0.000196,,400,,
0,0,,0.999743,0.000029,0.000024,0.000089,0.000073,0.00002,0.000022,,400,,
0,0,,0.998178,0.000011,0.000038,0.001688,0.000064,0.000018,0.000003,,400,,
0,0,,0.999743,0.000029,0.000024,0.000089,0.000073,0.00002,0.000022,,400,,
0,0,,0.999743,0.000029,0.000024,0.000089,0.000073,0.00002,0.000022,,400,,
0,0,,0.995415,0.001074,0.000486,0.00148,0.001088,0.000261,0.000196,,400,,
0,0,,0.999743,0.000029,0.000024,0.000089,0.000073,0.00002,0.000022,,400,,
0,0,,0.999743,0.000029,0.000024,0.000089,0.000073,0.00002,0.000022,,500,,
0,0,,0.999743,0.000029,0.000024,0.000089,0.000073,0.00002,0.000022,,500,,
0,0,,0.999743,0.000029,0.000024,0.000089,0.000073,0.00002,0.000022,,400,,
0,0,,0.999743,0.000029,0.000024,0.000089,0.000073,0.00002,0.000022,,400,,
0,0,,0.999743,0.000029,0.000024,0.000089,0.000073,0.00002,0.000022,,400,,
0,0,,0.999743,0.000029,0.000024,0.000089,0.000073,0.00002,0.000022,,400,,
0,0,,0.995415,0.001074,0.000486,0.00148,0.001088,0.000261,0.000196,,400,,
0,0,,0.995415,0.001074,0.000486,0.00148,0.001088,0.000261,0.000196,,400,,
0,0,,0.999743,0.000029,0.000024,0.000089,0.000073,0.00002,0.000022,,500,,
0,0,,0.999743,0.000029,0.000024,0.000089,0.000073,0.00002,0.000022,,500,,
0,0,,0.999743,0.000029,0.000024,0.000089,0.000073,0.00002,0.000022,,400,,
0,0,,0.999743,0.000029,0.000024,0.000089,0.000073,0.00002,0.000022,,400,,
0,0,,0.999743,0.000029,0.000024,0.000089,0.000073,0.00002,0.000022,,400,,
0,0,,0.995415,0.001074,0.000486,0.00148,0.001088,0.000261,0.000196,,400,,
0,0,,0.999743,0.000029,0.000024,0.000089,0.000073,0.00002,0.000022,,400,,
0,0,,0.999743,0.000029,0.000024,0.000089,0.000073,0.00002,0.000022,,500,,
0,0,,0.999743,0.000029,0.000024,0.000089,0.000073,0.00002,0.000022,,500,,
0,0,,0.999743,0.000029,0.000024,0.000089,0.000073,0.00002,0.000022,,400,,
0,0,,0.999743,0.000029,0.000024,0.000089,0.000073,0.00002,0.000022,,400,,
0,0,,0.998178,0.000011,0.000038,0.001688,0.000064,0.000018,0.000003,,500,,
0,0,,0.999743,0.000029,0.000024,0.000089,0.000073,0.00002,0.000022,,400,,
0,0,,0.995415,0.001074,0.000486,0.00148,0.001088,0.000261,0.000196,,400,,
0,0,,0.999743,0.000029,0.000024,0.000089,0.000073,0.00002,0.000022,,400,,
0,0,,0.999743,0.000029,0.000024,0.000089,0.000073,0.00002,0.000022,,400,,
0,0,,0.999743,0.000029,0.000024,0.000089,0.000073,0.00002,0.000022,,400,,
0,0,,0.999743,0.000029,0.000024,0.000089,0.000073,0.00002,0.000022,,500,,
0,0,,0.999743,0.000029,0.000024,0.000089,0.000073,0.00002,0.000022,,400,,
0,0,,0.999743,0.000029,0.000024,0.000089,0.000073,0.00002,0.000022,,400,,
0,0,,0.995415,0.001074,0.000486,0.00148,0.001088,0.000261,0.000196,,400,,
0,0,,0.999743,0.000029,0.000024,0.000089,0.000073,0.00002,0.000022,,400,,
0,0,,0.999743,0.000029,0.000024,0.000089,0.000073,0.00002,0.000022,,400,,
0,0,,0.999743,0.000029,0.000024,0.000089,0.000073,0.00002,0.000022,,500,,
0,0,,0.999743,0.000029,0.000024,0.000089,0.000073,0.00002,0.000022,,500,,
0,0,,0.999743,0.000029,0.000024,0.000089,0.000073,0.00002,0.000022,,400,,
0,0,,0.999743,0.000029,0.000024,0.000089,0.000073,0.00002,0.000022,,500,,
0,0,,0.999743,0.000029,0.000024,0.000089,0.000073,0.00002,0.000022,,400,,
0,0,,0.999743,0.000029,0.000024,0.000089,0.000073,0.00002,0.000022,,400,,
0,0,,0.998178,0.000011,0.000038,0.001688,0.000064,0.000018,0.000003,,500,,
0,0,,0.995415,0.001074,0.000486,0.00148,0.001088,0.000261,0.000196,,400,,
0,0,,0.999743,0.000029,0.000024,0.000089,0.000073,0.00002,0.000022,,400,,
0,0,,0.999743,0.000029,0.000024,0.000089,0.000073,0.00002,0.000022,,400,,
0,0,,0.995415,0.001074,0.000486,0.00148,0.001088,0.000261,0.000196,,400,,
0,0,,0.999743,0.000029,0.000024,0.000089,0.000073,0.00002,0.000022,,400,,
0,0,,0.998178,0.000011,0.000038,0.001688,0.000064,0.000018,0.000003,,400,,
0,0,,0.995415,0.001074,0.000486,0.00148,0.001088,0.000261,0.000196,,400,,
0,0,,0.999743,0.000029,0.000024,0.000089,0.000073,0.00002,0.000022,,400,,
0,0,,0.995415,0.001074,0.000486,0.00148,0.001088,0.000261,0.000196,,400,,
0,0,,0.999743,0.000029,0.000024,0.000089,0.000073,0.00002,0.000022,,500,,
0,0,,0.999743,0.000029,0.000024,0.000089,0.000073,0.00002,0.000022,,500,,
0,0,,0.995415,0.001074,0.000486,0.00148,0.001088,0.000261,0.000196,,400,,
0,0,,0.998178,0.000011,0.000038,0.001688,0.000064,0.000018,0.000003,,500,,
0,0,,0.999743,0.000029,0.000024,0.000089,0.000073,0.00002,0.000022,,500,,
0,0,,0.995415,0.001074,0.000486,0.00148,0.001088,0.000261,0.000196,,400,,
0,0,,0.999743,0.000029,0.000024,0.000089,0.000073,0.00002,0.000022,,400,,
0,0,,0.998185,0.000051,0.000173,0.001416,0.000081,0.00008,0.000014,,500,,
0,0,,0.998178,0.000011,0.000038,0.001688,0.000064,0.000018,0.000003,,500,,
0,0,,0.995415,0.001074,0.000486,0.00148,0.001088,0.000261,0.000196,,400,,
0,0,,0.995415,0.001074,0.000486,0.00148,0.001088,0.000261,0.000196,,500,,
0,0,,0.998178,0.000011,0.000038,0.001688,0.000064,0.000018,0.000003,,500,,
0,0,,0.999743,0.000029,0.000024,0.000089,0.000073,0.00002,0.000022,,400,,
0,0,,0.995415,0.001074,0.000486,0.00148,0.001088,0.000261,0.000196,,500,,
0,0,,0.995415,0.001074,0.000486,0.00148,0.001088,0.000261,0.000196,,400,,
0,0,,0.995415,0.001074,0.000486,0.00148,0.001088,0.000261,0.000196,,400,,
0,0,,0.999743,0.000029,0.000024,0.000089,0.000073,0.00002,0.000022,,400,,
0,0,,0.995415,0.001074,0.000486,0.00148,0.001088,0.000261,0.000196,,400,,
0,0,,0.998185,0.000051,0.000173,0.001416,0.000081,0.00008,0.000014,,400,,
0,0,,0.995415,0.001074,0.000486,0.00148,0.001088,0.000261,0.000196,,400,,
0,0,,0.999743,0.000029,0.000024,0.000089,0.000073,0.00002,0.000022,,400,,
0,0,,0.999743,0.000029,0.000024,0.000089,0.000073,0.00002,0.000022,,400,,
0,0,,0.999743,0.000029,0.000024,0.000089,0.000073,0.00002,0.000022,,400,,
0,0,,0.999743,0.000029,0.000024,0.000089,0.000073,0.00002,0.000022,,500,,
0,0,,0.999743,0.000029,0.000024,0.000089,0.000073,0.00002,0.000022,,400,,
0,0,,0.999743,0.000029,0.000024,0.000089,0.000073,0.00002,0.000022,,400,,
0,0,,0.998178,0.000011,0.000038,0.001688,0.000064,0.000018,0.000003,,500,,
0,0,,0.999743,0.000029,0.000024,0.000089,0.000073,0.00002,0.000022,,400,,
0,0,,0.995415,0.001074,0.000486,0.00148,0.001088,0.000261,0.000196,,400,,
0,0,,0.995415,0.001074,0.000486,0.00148,0.001088,0.000261,0.000196,,400,,
0,0,,0.999743,0.000029,0.000024,0.000089,0.000073,0.00002,0.000022,,500,,
0,0,,0.999743,0.000029,0.000024,0.000089,0.000073,0.00002,0.000022,,400,,
0,0,,0.995415,0.001074,0.000486,0.00148,0.001088,0.000261,0.000196,,400,,
0,0,,0.999743,0.000029,0.000024,0.000089,0.000073,0.00002,0.000022,,400,,
0,0,,0.998178,0.000011,0.000038,0.001688,0.000064,0.000018,0.000003,,400,,
0,0,,0.995415,0.001074,0.000486,0.00148,0.001088,0.000261,0.000196,,400,,
0,0,,0.995415,0.001074,0.000486,0.00148,0.001088,0.000261,0.000196,,400,,
0,0,,0.998178,0.000011,0.000038,0.001688,0.000064,0.000018,0.000003,,400,,
0,0,,0.998178,0.000011,0.000038,0.001688,0.000064,0.000018,0.000003,,500,,
0,0,,0.998185,0.000051,0.000173,0.001416,0.000081,0.00008,0.000014,,500,,
0,0,,0.999743,0.000029,0.000024,0.000089,0.000073,0.00002,0.000022,,400,,
0,0,,0.999743,0.000029,0.000024,0.000089,0.000073,0.00002,0.000022,,400,,
0,0,,0.995415,0.001074,0.000486,0.00148,0.001088,0.000261,0.000196,,500,,
0,0,,0.999743,0.000029,0.000024,0.000089,0.000073,0.00002,0.000022,,500,,
0,0,,0.999743,0.000029,0.000024,0.000089,0.000073,0.00002,0.000022,,400,,
0,0,,0.999743,0.000029,0.000024,0.000089,0.000073,0.00002,0.000022,,400,,
0,0,,0.995415,0.001074,0.000486,0.00148,0.001088,0.000261,0.000196,,400,,
0,0,,0.999743,0.000029,0.000024,0.000089,0.000073,0.00002,0.000022,,400,,
0,0,,0.998178,0.000011,0.000038,0.001688,0.000064,0.000018,0.000003,,400,,
0,0,,0.999743,0.000029,0.000024,0.000089,0.000073,0.00002,0.000022,,400,,
0,0,,0.999743,0.000029,0.000024,0.000089,0.000073,0.00002,0.000022,,400,,
0,0,,0.999743,0.000029,0.000024,0.000089,0.000073,0.00002,0.000022,,400,,
0,0,,0.998178,0.000011,0.000038,0.001688,0.000064,0.000018,0.000003,,400,,
0,0,,0.999743,0.000029,0.000024,0.000089,0.000073,0.00002,0.000022,,400,,
0,0,,0.998178,0.000011,0.000038,0.001688,0.000064,0.000018,0.000003,,400,,
0,0,,0.999743,0.000029,0.000024,0.000089,0.000073,0.00002,0.000022,,400,,
0,0,,0.998185,0.000051,0.000173,0.001416,0.000081,0.00008,0.000014,,500,,
0,0,,0.999743,0.000029,0.000024,0.000089,0.000073,0.00002,0.000022,,400,,
0,0,,0.999743,0.000029,0.000024,0.000089,0.000073,0.00002,0.000022,,400,,
0,0,,0.999743,0.000029,0.000024,0.000089,0.000073,0.00002,0.000022,,400,,
0,0,,0.999743,0.000029,0.000024,0.000089,0.000073,0.00002,0.000022,,400,,
0,0,,0.998178,0.000011,0.000038,0.001688,0.000064,0.000018,0.000003,,400,,
0,0,,0.999743,0.000029,0.000024,0.000089,0.000073,0.00002,0.000022,,400,,
0,0,,0.999743,0.000029,0.000024,0.000089,0.000073,0.00002,0.000022,,400,,
0,0,,0.999743,0.000029,0.000024,0.000089,0.000073,0.00002,0.000022,,400,,
0,0,,0.999743,0.000029,0.000024,0.000089,0.000073,0.00002,0.000022,,400,,
0,0,,0.995415,0.001074,0.000486,0.00148,0.001088,0.000261,0.000196,,400,,
0,0,,0.999743,0.000029,0.000024,0.000089,0.000073,0.00002,0.000022,,500,,
0,0,,0.999743,0.000029,0.000024,0.000089,0.000073,0.00002,0.000022,,400,,
0,0,,0.995415,0.001074,0.000486,0.00148,0.001088,0.000261,0.000196,,400,,
0,0,,0.999743,0.000029,0.000024,0.000089,0.000073,0.00002,0.000022,,400,,
0,0,,0.995415,0.001074,0.000486,0.00148,0.001088,0.000261,0.000196,,400,,
0,0,,0.999743,0.000029,0.000024,0.000089,0.000073,0.00002,0.000022,,400,,
0,0,,0.999743,0.000029,0.000024,0.000089,0.000073,0.00002,0.000022,,400,,
0,0,,0.995415,0.001074,0.000486,0.00148,0.001088,0.000261,0.000196,,400,,
0,0,,0.999743,0.000029,0.000024,0.000089,0.000073,0.00002,0.000022,,500,,
0,0,,0.999743,0.000029,0.000024,0.000089,0.000073,0.00002,0.000022,,400,,
0,0,,0.999743,0.000029,0.000024,0.000089,0.000073,0.00002,0.000022,,400,,
0,0,,0.999743,0.000029,0.000024,0.000089,0.000073,0.00002,0.000022,,400,,
0,0,,0.995415,0.001074,0.000486,0.00148,0.001088,0.000261,0.000196,,400,,
0,0,,0.999743,0.000029,0.000024,0.000089,0.000073,0.00002,0.000022,,400,,
0,0,,0.995415,0.001074,0.000486,0.00148,0.001088,0.000261,0.000196,,400,,
0,0,,0.999743,0.000029,0.000024,0.000089,0.000073,0.00002,0.000022,,500,,
0,0,,0.995415,0.001074,0.000486,0.00148,0.001088,0.000261,0.000196,,400,,
0,0,,0.998178,0.000011,0.000038,0.001688,0.000064,0.000018,0.000003,,500,,
0,0,,0.999743,0.000029,0.000024,0.000089,0.000073,0.00002,0.000022,,500,,
0,0,,0.999743,0.000029,0.000024,0.000089,0.000073,0.00002,0.000022,,400,,
0,0,,0.999743,0.000029,0.000024,0.000089,0.000073,0.00002,0.000022,,400,,
0,0,,0.999743,0.000029,0.000024,0.000089,0.000073,0.00002,0.000022,,400,,
0,0,,0.999743,0.000029,0.000024,0.000089,0.000073,0.00002,0.000022,,400,,
0,0,,0.995415,0.001074,0.000486,0.00148,0.001088,0.000261,0.000196,,500,,
0,0,,0.995415,0.001074,0.000486,0.00148,0.001088,0.000261,0.000196,,400,,
0,0,,0.999743,0.000029,0.000024,0.000089,0.000073,0.00002,0.000022,,400,,
0,0,,0.999743,0.000029,0.000024,0.000089,0.000073,0.00002,0.000022,,400,,
0,0,,0.999743,0.000029,0.000024,0.000089,0.000073,0.00002,0.000022,,400,,
0,0,,0.999743,0.000029,0.000024,0.000089,0.000073,0.00002,0.000022,,400,,
0,0,,0.998178,0.000011,0.000038,0.001688,0.000064,0.000018,0.000003,,500,,
0,0,,0.999743,0.000029,0.000024,0.000089,0.000073,0.00002,0.000022,,400,,
0,0,,0.999743,0.000029,0.000024,0.000089,0.000073,0.00002,0.000022,,500,,
0,0,,0.995415,0.001074,0.000486,0.00148,0.001088,0.000261,0.000196,,400,,
0,0,,0.999743,0.000029,0.000024,0.000089,0.000073,0.00002,0.000022,,400,,
0,0,,0.999743,0.000029,0.000024,0.000089,0.000073,0.00002,0.000022,,400,,
0,0,,0.998178,0.000011,0.000038,0.001688,0.000064,0.000018,0.000003,,400,,
0,0,,0.998185,0.000051,0.000173,0.001416,0.000081,0.00008,0.000014,,500,,
0,0,,0.995415,0.001074,0.000486,0.00148,0.001088,0.000261,0.000196,,400,,
0,0,,0.998178,0.000011,0.000038,0.001688,0.000064,0.000018,0.000003,,500,,
0,0,,0.999743,0.000029,0.000024,0.000089,0.000073,0.00002,0.000022,,400,,
0,0,,0.999743,0.000029,0.000024,0.000089,0.000073,0.00002,0.000022,,400,,
0,0,,0.999743,0.000029,0.000024,0.000089,0.000073,0.00002,0.000022,,400,,
0,0,,0.995415,0.001074,0.000486,0.00148,0.001088,0.000261,0.000196,,400,,
0,0,,0.999743,0.000029,0.000024,0.000089,0.000073,0.00002,0.000022,,400,,
0,0,,0.998178,0.000011,0.000038,0.001688,0.000064,0.000018,0.000003,,400,,
0,0,,0.999743,0.000029,0.000024,0.000089,0.000073,0.00002,0.000022,,400,,
0,0,,0.999743,0.000029,0.000024,0.000089,0.000073,0.00002,0.000022,,400,,
0,0,,0.999743,0.000029,0.000024,0.000089,0.000073,0.00002,0.000022,,400,,
0,0,,0.995415,0.001074,0.000486,0.00148,0.001088,0.000261,0.000196,,400,,
0,0,,0.999743,0.000029,0.000024,0.000089,0.000073,0.00002,0.000022,,500,,
0,0,,0.995415,0.001074,0.000486,0.00148,0.001088,0.000261,0.000196,,400,,
0,0,,0.999743,0.000029,0.000024,0.000089,0.000073,0.00002,0.000022,,400,,
0,0,,0.998178,0.000011,0.000038,0.001688,0.000064,0.000018,0.000003,,500,,
0,0,,0.999743,0.000029,0.000024,0.000089,0.000073,0.00002,0.000022,,500,,
0,0,,0.995415,0.001074,0.000486,0.00148,0.001088,0.000261,0.000196,,400,,
0,0,,0.999743,0.000029,0.000024,0.000089,0.000073,0.00002,0.000022,,400,,
0,0,,0.998178,0.000011,0.000038,0.001688,0.000064,0.000018,0.000003,,500,,
0,0,,0.999743,0.000029,0.000024,0.000089,0.000073,0.00002,0.000022,,500,,
0,0,,0.995415,0.001074,0.000486,0.00148,0.001088,0.000261,0.000196,,500,,
0,0,,0.998178,0.000011,0.000038,0.001688,0.000064,0.000018,0.000003,,500,,
0,0,,0.999743,0.000029,0.000024,0.000089,0.000073,0.00002,0.000022,,500,,
0,0,,0.995415,0.001074,0.000486,0.00148,0.001088,0.000261,0.000196,,500,,
0,0,,0.999743,0.000029,0.000024,0.000089,0.000073,0.00002,0.000022,,400,,
0,0,,0.999743,0.000029,0.000024,0.000089,0.000073,0.00002,0.000022,,400,,
0,0,,0.995415,0.001074,0.000486,0.00148,0.001088,0.000261,0.000196,,500,,
0,0,,0.995415,0.001074,0.000486,0.00148,0.001088,0.000261,0.000196,,400,,
0,0,,0.999743,0.000029,0.000024,0.000089,0.000073,0.00002,0.000022,,400,,
0,0,,0.998178,0.000011,0.000038,0.001688,0.000064,0.000018,0.000003,,500,,
0,0,,0.999743,0.000029,0.000024,0.000089,0.000073,0.00002,0.000022,,500,,
0,0,,0.998185,0.000051,0.000173,0.001416,0.000081,0.00008,0.000014,,500,,
0,0,,0.999743,0.000029,0.000024,0.000089,0.000073,0.00002,0.000022,,500,,
0,0,,0.999743,0.000029,0.000024,0.000089,0.000073,0.00002,0.000022,,400,,
0,0,,0.995415,0.001074,0.000486,0.00148,0.001088,0.000261,0.000196,,400,,
0,0,,0.999743,0.000029,0.000024,0.000089,0.000073,0.00002,0.000022,,400,,
0,0,,0.999743,0.000029,0.000024,0.000089,0.000073,0.00002,0.000022,,400,,
0,0,,0.999743,0.000029,0.000024,0.000089,0.000073,0.00002,0.000022,,400,,
0,0,,0.995415,0.001074,0.000486,0.00148,0.001088,0.000261,0.000196,,500,,
0,0,,0.999743,0.000029,0.000024,0.000089,0.000073,0.00002,0.000022,,500,,
0,0,,0.998178,0.000011,0.000038,0.001688,0.000064,0.000018,0.000003,,500,,
0,0,,0.998178,0.000011,0.000038,0.001688,0.000064,0.000018,0.000003,,400,,
0,0,,0.999743,0.000029,0.000024,0.000089,0.000073,0.00002,0.000022,,400,,
0,0,,0.995415,0.001074,0.000486,0.00148,0.001088,0.000261,0.000196,,400,,
0,0,,0.998185,0.000051,0.000173,0.001416,0.000081,0.00008,0.000014,,400,,
0,0,,0.999743,0.000029,0.000024,0.000089,0.000073,0.00002,0.000022,,400,,
0,0,,0.995415,0.001074,0.000486,0.00148,0.001088,0.000261,0.000196,,400,,
0,0,,0.998178,0.000011,0.000038,0.001688,0.000064,0.000018,0.000003,,400,,
0,0,,0.998185,0.000051,0.000173,0.001416,0.000081,0.00008,0.000014,,500,,
0,0,,0.995415,0.001074,0.000486,0.00148,0.001088,0.000261,0.000196,,400,,
0,0,,0.999743,0.000029,0.000024,0.000089,0.000073,0.00002,0.000022,,400,,
0,0,,0.999743,0.000029,0.000024,0.000089,0.000073,0.00002,0.000022,,400,,
0,0,,0.999743,0.000029,0.000024,0.000089,0.000073,0.00002,0.000022,,400,,
0,0,,0.995415,0.001074,0.000486,0.00148,0.001088,0.000261,0.000196,,400,,
0,0,,0.999743,0.000029,0.000024,0.000089,0.000073,0.00002,0.000022,,400,,
0,0,,0.999743,0.000029,0.000024,0.000089,0.000073,0.00002,0.000022,,500,,
0,0,,0.999743,0.000029,0.000024,0.000089,0.000073,0.00002,0.000022,,400,,
0,0,,0.999743,0.000029,0.000024,0.000089,0.000073,0.00002,0.000022,,400,,
0,0,,0.999743,0.000029,0.000024,0.000089,0.000073,0.00002,0.000022,,400,,
0,0,,0.999743,0.000029,0.000024,0.000089,0.000073,0.00002,0.000022,,400,,
0,0,,0.998185,0.000051,0.000173,0.001416,0.000081,0.00008,0.000014,,400,,
0,0,,0.998178,0.000011,0.000038,0.001688,0.000064,0.000018,0.000003,,500,,
0,0,,0.999743,0.000029,0.000024,0.000089,0.000073,0.00002,0.000022,,500,,
0,0,,0.999743,0.000029,0.000024,0.000089,0.000073,0.00002,0.000022,,400,,
0,0,,0.995415,0.001074,0.000486,0.00148,0.001088,0.000261,0.000196,,400,,
0,0,,0.999743,0.000029,0.000024,0.000089,0.000073,0.00002,0.000022,,400,,
0,0,,0.999743,0.000029,0.000024,0.000089,0.000073,0.00002,0.000022,,400,,
0,0,,0.999743,0.000029,0.000024,0.000089,0.000073,0.00002,0.000022,,400,,
0,0,,0.995415,0.001074,0.000486,0.00148,0.001088,0.000261,0.000196,,500,,
0,0,,0.999743,0.000029,0.000024,0.000089,0.000073,0.00002,0.000022,,500,,
0,0,,0.999743,0.000029,0.000024,0.000089,0.000073,0.00002,0.000022,,400,,
0,0,,0.999743,0.000029,0.000024,0.000089,0.000073,0.00002,0.000022,,400,,
0,0,,0.998178,0.000011,0.000038,0.001688,0.000064,0.000018,0.000003,,500,,
0,0,,0.999743,0.000029,0.000024,0.000089,0.000073,0.00002,0.000022,,500,,
0,0,,0.999743,0.000029,0.000024,0.000089,0.000073,0.00002,0.000022,,400,,
0,0,,0.998178,0.000011,0.000038,0.001688,0.000064,0.000018,0.000003,,500,,
0,0,,0.999743,0.000029,0.000024,0.000089,0.000073,0.00002,0.000022,,400,,
0,0,,0.995415,0.001074,0.000486,0.00148,0.001088,0.000261,0.000196,,500,,
0,0,,0.995415,0.001074,0.000486,0.00148,0.001088,0.000261,0.000196,,400,,
0,0,,0.998185,0.000051,0.000173,0.001416,0.000081,0.00008,0.000014,,500,,
0,0,,0.999743,0.000029,0.000024,0.000089,0.000073,0.00002,0.000022,,400,,
0,0,,0.999743,0.000029,0.000024,0.000089,0.000073,0.00002,0.000022,,400,,
0,0,,0.999743,0.000029,0.000024,0.000089,0.000073,0.00002,0.000022,,400,,
0,0,,0.995415,0.001074,0.000486,0.00148,0.001088,0.000261,0.000196,,400,,
0,0,,0.999743,0.000029,0.000024,0.000089,0.000073,0.00002,0.000022,,400,,
0,0,,0.999743,0.000029,0.000024,0.000089,0.000073,0.00002,0.000022,,400,,
0,0,,0.995415,0.001074,0.000486,0.00148,0.001088,0.000261,0.000196,,500,,
0,0,,0.995415,0.001074,0.000486,0.00148,0.001088,0.000261,0.000196,,400,,
0,0,,0.998185,0.000051,0.000173,0.001416,0.000081,0.00008,0.000014,,500,,
0,0,,0.998178,0.000011,0.000038,0.001688,0.000064,0.000018,0.000003,,500,,
0,0,,0.999743,0.000029,0.000024,0.000089,0.000073,0.00002,0.000022,,400,,
0,0,,0.995415,0.001074,0.000486,0.00148,0.001088,0.000261,0.000196,,500,,
0,0,,0.999743,0.000029,0.000024,0.000089,0.000073,0.00002,0.000022,,500,,
0,0,,0.999743,0.000029,0.000024,0.000089,0.000073,0.00002,0.000022,,500,,
0,0,,0.999743,0.000029,0.000024,0.000089,0.000073,0.00002,0.000022,,400,,
0,0,,0.999743,0.000029,0.000024,0.000089,0.000073,0.00002,0.000022,,400,,
0,0,,0.999743,0.000029,0.000024,0.000089,0.000073,0.00002,0.000022,,400,,
0,0,,0.995415,0.001074,0.000486,0.00148,0.001088,0.000261,0.000196,,400,,
0,0,,0.995415,0.001074,0.000486,0.00148,0.001088,0.000261,0.000196,,400,,
0,0,,0.999743,0.000029,0.000024,0.000089,0.000073,0.00002,0.000022,,500,,
0,0,,0.999743,0.000029,0.000024,0.000089,0.000073,0.00002,0.000022,,400,,
0,0,,0.998178,0.000011,0.000038,0.001688,0.000064,0.000018,0.000003,,500,,
0,0,,0.998178,0.000011,0.000038,0.001688,0.000064,0.000018,0.000003,,500,,
0,0,,0.999743,0.000029,0.000024,0.000089,0.000073,0.00002,0.000022,,400,,
0,0,,0.995415,0.001074,0.000486,0.00148,0.001088,0.000261,0.000196,,400,,
0,0,,0.995415,0.001074,0.000486,0.00148,0.001088,0.000261,0.000196,,500,,
0,0,,0.999743,0.000029,0.000024,0.000089,0.000073,0.00002,0.000022,,400,,
0,0,,0.999743,0.000029,0.000024,0.000089,0.000073,0.00002,0.000022,,400,,
0,0,,0.999743,0.000029,0.000024,0.000089,0.000073,0.00002,0.000022,,400,,
0,0,,0.999743,0.000029,0.000024,0.000089,0.000073,0.00002,0.000022,,400,,
0,0,,0.999743,0.000029,0.000024,0.000089,0.000073,0.00002,0.000022,,400,,
0,0,,0.998185,0.000051,0.000173,0.001416,0.000081,0.00008,0.000014,,400,,
0,0,,0.999743,0.000029,0.000024,0.000089,0.000073,0.00002,0.000022,,400,,
0,0,,0.999743,0.000029,0.000024,0.000089,0.000073,0.00002,0.000022,,400,,
0,0,,0.998178,0.000011,0.000038,0.001688,0.000064,0.000018,0.000003,,500,,
0,0,,0.999743,0.000029,0.000024,0.000089,0.000073,0.00002,0.000022,,400,,
0,0,,0.999743,0.000029,0.000024,0.000089,0.000073,0.00002,0.000022,,400,,
0,0,,0.995415,0.001074,0.000486,0.00148,0.001088,0.000261,0.000196,,500,,
0,0,,0.999743,0.000029,0.000024,0.000089,0.000073,0.00002,0.000022,,500,,
0,0,,0.995415,0.001074,0.000486,0.00148,0.001088,0.000261,0.000196,,400,,
0,0,,0.999743,0.000029,0.000024,0.000089,0.000073,0.00002,0.000022,,400,,
0,0,,0.995415,0.001074,0.000486,0.00148,0.001088,0.000261,0.000196,,400,,
0,0,,0.999743,0.000029,0.000024,0.000089,0.000073,0.00002,0.000022,,400,,
0,0,,0.999743,0.000029,0.000024,0.000089,0.000073,0.00002,0.000022,,400,,
0,0,,0.999743,0.000029,0.000024,0.000089,0.000073,0.00002,0.000022,,500,,
0,0,,0.999743,0.000029,0.000024,0.000089,0.000073,0.00002,0.000022,,500,,
0,0,,0.999743,0.000029,0.000024,0.000089,0.000073,0.00002,0.000022,,400,,
0,0,,0.995415,0.001074,0.000486,0.00148,0.001088,0.000261,0.000196,,400,,
0,0,,0.998185,0.000051,0.000173,0.001416,0.000081,0.00008,0.000014,,400,,
0,0,,0.995415,0.001074,0.000486,0.00148,0.001088,0.000261,0.000196,,400,,
0,0,,0.995415,0.001074,0.000486,0.00148,0.001088,0.000261,0.000196,,400,,
0,0,,0.999743,0.000029,0.000024,0.000089,0.000073,0.00002,0.000022,,500,,
0,0,,0.999743,0.000029,0.000024,0.000089,0.000073,0.00002,0.000022,,2600,,
0,0,,0.999743,0.000029,0.000024,0.000089,0.000073,0.00002,0.000022,,500,,
0,0,,0.999743,0.000029,0.000024,0.000089,0.000073,0.00002,0.000022,,400,,
0,0,,0.998178,0.000011,0.000038,0.001688,0.000064,0.000018,0.000003,,500,,
0,0,,0.995415,0.001074,0.000486,0.00148,0.001088,0.000261,0.000196,,500,,
0,0,,0.995415,0.001074,0.000486,0.00148,0.001088,0.000261,0.000196,,500,,
0,0,,0.999743,0.000029,0.000024,0.000089,0.000073,0.00002,0.000022,,400,,
0,0,,0.999743,0.000029,0.000024,0.000089,0.000073,0.00002,0.000022,,400,,
0,0,,0.999743,0.000029,0.000024,0.000089,0.000073,0.00002,0.000022,,400,,
0,0,,0.999743,0.000029,0.000024,0.000089,0.000073,0.00002,0.000022,,500,,
0,0,,0.995415,0.001074,0.000486,0.00148,0.001088,0.000261,0.000196,,400,,
0,0,,0.995415,0.001074,0.000486,0.00148,0.001088,0.000261,0.000196,,400,,
0,0,,0.999743,0.000029,0.000024,0.000089,0.000073,0.00002,0.000022,,400,,
0,0,,0.999743,0.000029,0.000024,0.000089,0.000073,0.00002,0.000022,,400,,
0,0,,0.995415,0.001074,0.000486,0.00148,0.001088,0.000261,0.000196,,400,,
0,0,,0.999743,0.000029,0.000024,0.000089,0.000073,0.00002,0.000022,,400,,
0,0,,0.999743,0.000029,0.000024,0.000089,0.000073,0.00002,0.000022,,400,,
0,0,,0.999743,0.000029,0.000024,0.000089,0.000073,0.00002,0.000022,,400,,
0,0,,0.998178,0.000011,0.000038,0.001688,0.000064,0.000018,0.000003,,500,,
0,0,,0.999743,0.000029,0.000024,0.000089,0.000073,0.00002,0.000022,,500,,
0,0,,0.999743,0.000029,0.000024,0.000089,0.000073,0.00002,0.000022,,400,,
0,0,,0.999743,0.000029,0.000024,0.000089,0.000073,0.00002,0.000022,,400,,
0,0,,0.999743,0.000029,0.000024,0.000089,0.000073,0.00002,0.000022,,400,,
0,0,,0.998185,0.000051,0.000173,0.001416,0.000081,0.00008,0.000014,,400,,
0,0,,0.999743,0.000029,0.000024,0.000089,0.000073,0.00002,0.000022,,400,,
0,0,,0.999743,0.000029,0.000024,0.000089,0.000073,0.00002,0.000022,,400,,
0,0,,0.995415,0.001074,0.000486,0.00148,0.001088,0.000261,0.000196,,500,,
0,0,,0.998178,0.000011,0.000038,0.001688,0.000064,0.000018,0.000003,,500,,
0,0,,0.995415,0.001074,0.000486,0.00148,0.001088,0.000261,0.000196,,400,,
0,0,,0.995415,0.001074,0.000486,0.00148,0.001088,0.000261,0.000196,,500,,
0,0,,0.999743,0.000029,0.000024,0.000089,0.000073,0.00002,0.000022,,500,,
0,0,,0.999743,0.000029,0.000024,0.000089,0.000073,0.00002,0.000022,,400,,
0,0,,0.998178,0.000011,0.000038,0.001688,0.000064,0.000018,0.000003,,500,,
0,0,,0.999743,0.000029,0.000024,0.000089,0.000073,0.00002,0.000022,,500,,
0,0,,0.999743,0.000029,0.000024,0.000089,0.000073,0.00002,0.000022,,500,,
0,0,,0.999743,0.000029,0.000024,0.000089,0.000073,0.00002,0.000022,,400,,
0,0,,0.999743,0.000029,0.000024,0.000089,0.000073,0.00002,0.000022,,400,,
0,0,,0.999743,0.000029,0.000024,0.000089,0.000073,0.00002,0.000022,,400,,
0,0,,0.998178,0.000011,0.000038,0.001688,0.000064,0.000018,0.000003,,500,,
0,0,,0.998178,0.000011,0.000038,0.001688,0.000064,0.000018,0.000003,,500,,
0,0,,0.999743,0.000029,0.000024,0.000089,0.000073,0.00002,0.000022,,400,,
0,0,,0.999743,0.000029,0.000024,0.000089,0.000073,0.00002,0.000022,,500,,
0,0,,0.999743,0.000029,0.000024,0.000089,0.000073,0.00002,0.000022,,400,,
0,0,,0.998178,0.000011,0.000038,0.001688,0.000064,0.000018,0.000003,,500,,
0,0,,0.995415,0.001074,0.000486,0.00148,0.001088,0.000261,0.000196,,400,,
0,0,,0.999743,0.000029,0.000024,0.000089,0.000073,0.00002,0.000022,,400,,
0,0,,0.999743,0.000029,0.000024,0.000089,0.000073,0.00002,0.000022,,500,,
0,0,,0.999743,0.000029,0.000024,0.000089,0.000073,0.00002,0.000022,,400,,
0,0,,0.999743,0.000029,0.000024,0.000089,0.000073,0.00002,0.000022,,400,,
0,0,,0.999743,0.000029,0.000024,0.000089,0.000073,0.00002,0.000022,,400,,
0,0,,0.999743,0.000029,0.000024,0.000089,0.000073,0.00002,0.000022,,400,,
0,0,,0.999743,0.000029,0.000024,0.000089,0.000073,0.00002,0.000022,,500,,
0,0,,0.999743,0.000029,0.000024,0.000089,0.000073,0.00002,0.000022,,400,,
0,0,,0.995415,0.001074,0.000486,0.00148,0.001088,0.000261,0.000196,,400,,
0,0,,0.999743,0.000029,0.000024,0.000089,0.000073,0.00002,0.000022,,400,,
0,0,,0.999743,0.000029,0.000024,0.000089,0.000073,0.00002,0.000022,,400,,
0,0,,0.999743,0.000029,0.000024,0.000089,0.000073,0.00002,0.000022,,500,,
0,0,,0.999743,0.000029,0.000024,0.000089,0.000073,0.00002,0.000022,,400,,
0,0,,0.999743,0.000029,0.000024,0.000089,0.000073,0.00002,0.000022,,400,,
0,0,,0.999743,0.000029,0.000024,0.000089,0.000073,0.00002,0.000022,,400,,
0,0,,0.999743,0.000029,0.000024,0.000089,0.000073,0.00002,0.000022,,400,,
0,0,,0.999743,0.000029,0.000024,0.000089,0.000073,0.00002,0.000022,,400,,
0,0,,0.999743,0.000029,0.000024,0.000089,0.000073,0.00002,0.000022,,500,,
0,0,,0.995415,0.001074,0.000486,0.00148,0.001088,0.000261,0.000196,,400,,
0,0,,0.999743,0.000029,0.000024,0.000089,0.000073,0.00002,0.000022,,400,,
0,0,,0.999743,0.000029,0.000024,0.000089,0.000073,0.00002,0.000022,,400,,
0,0,,0.995415,0.001074,0.000486,0.00148,0.001088,0.000261,0.000196,,400,,
0,0,,0.999743,0.000029,0.000024,0.000089,0.000073,0.00002,0.000022,,500,,
0,0,,0.998178,0.000011,0.000038,0.001688,0.000064,0.000018,0.000003,,500,,
0,0,,0.999743,0.000029,0.000024,0.000089,0.000073,0.00002,0.000022,,400,,
0,0,,0.999743,0.000029,0.000024,0.000089,0.000073,0.00002,0.000022,,500,,
0,0,,0.999743,0.000029,0.000024,0.000089,0.000073,0.00002,0.000022,,400,,
0,0,,0.999743,0.000029,0.000024,0.000089,0.000073,0.00002,0.000022,,400,,
0,0,,0.999743,0.000029,0.000024,0.000089,0.000073,0.00002,0.000022,,400,,
0,0,,0.999743,0.000029,0.000024,0.000089,0.000073,0.00002,0.000022,,400,,
0,0,,0.995415,0.001074,0.000486,0.00148,0.001088,0.000261,0.000196,,500,,
0,0,,0.999743,0.000029,0.000024,0.000089,0.000073,0.00002,0.000022,,400,,
0,0,,0.999743,0.000029,0.000024,0.000089,0.000073,0.00002,0.000022,,400,,
0,0,,0.999743,0.000029,0.000024,0.000089,0.000073,0.00002,0.000022,,400,,
0,0,,0.999743,0.000029,0.000024,0.000089,0.000073,0.00002,0.000022,,400,,
0,0,,0.999743,0.000029,0.000024,0.000089,0.000073,0.00002,0.000022,,500,,
0,0,,0.999743,0.000029,0.000024,0.000089,0.000073,0.00002,0.000022,,400,,
0,0,,0.995415,0.001074,0.000486,0.00148,0.001088,0.000261,0.000196,,400,,
0,0,,0.995415,0.001074,0.000486,0.00148,0.001088,0.000261,0.000196,,400,,
0,0,,0.999743,0.000029,0.000024,0.000089,0.000073,0.00002,0.000022,,400,,
0,0,,0.999743,0.000029,0.000024,0.000089,0.000073,0.00002,0.000022,,400,,
0,0,,0.995415,0.001074,0.000486,0.00148,0.001088,0.000261,0.000196,,500,,
0,0,,0.995415,0.001074,0.000486,0.00148,0.001088,0.000261,0.000196,,400,,
0,0,,0.999743,0.000029,0.000024,0.000089,0.000073,0.00002,0.000022,,400,,
0,0,,0.999743,0.000029,0.000024,0.000089,0.000073,0.00002,0.000022,,400,,
0,0,,0.999743,0.000029,0.000024,0.000089,0.000073,0.00002,0.000022,,400,,
0,0,,0.999743,0.000029,0.000024,0.000089,0.000073,0.00002,0.000022,,400,,
0,0,,0.999743,0.000029,0.000024,0.000089,0.000073,0.00002,0.000022,,400,,
0,0,,0.995415,0.001074,0.000486,0.00148,0.001088,0.000261,0.000196,,400,,
0,0,,0.999743,0.000029,0.000024,0.000089,0.000073,0.00002,0.000022,,400,,
0,0,,0.995415,0.001074,0.000486,0.00148,0.001088,0.000261,0.000196,,400,,
0,0,,0.998178,0.000011,0.000038,0.001688,0.000064,0.000018,0.000003,,500,,
0,0,,0.999743,0.000029,0.000024,0.000089,0.000073,0.00002,0.000022,,400,,
0,0,,0.999743,0.000029,0.000024,0.000089,0.000073,0.00002,0.000022,,400,,
0,0,,0.999743,0.000029,0.000024,0.000089,0.000073,0.00002,0.000022,,1300,,
0,0,,0.995415,0.001074,0.000486,0.00148,0.001088,0.000261,0.000196,,400,,
0,0,,0.995415,0.001074,0.000486,0.00148,0.001088,0.000261,0.000196,,400,,
0,0,,0.999743,0.000029,0.000024,0.000089,0.000073,0.00002,0.000022,,400,,
0,0,,0.999743,0.000029,0.000024,0.000089,0.000073,0.00002,0.000022,,400,,
0,0,,0.995415,0.001074,0.000486,0.00148,0.001088,0.000261,0.000196,,400,,
0,0,,0.995415,0.001074,0.000486,0.00148,0.001088,0.000261,0.000196,,400,,
0,0,,0.999743,0.000029,0.000024,0.000089,0.000073,0.00002,0.000022,,400,,
0,0,,0.998178,0.000011,0.000038,0.001688,0.000064,0.000018,0.000003,,400,,
0,0,,0.999743,0.000029,0.000024,0.000089,0.000073,0.00002,0.000022,,400,,
0,0,,0.999743,0.000029,0.000024,0.000089,0.000073,0.00002,0.000022,,400,,
0,0,,0.999743,0.000029,0.000024,0.000089,0.000073,0.00002,0.000022,,400,,
0,0,,0.999743,0.000029,0.000024,0.000089,0.000073,0.00002,0.000022,,400,,
0,0,,0.995415,0.001074,0.000486,0.00148,0.001088,0.000261,0.000196,,500,,
0,0,,0.999743,0.000029,0.000024,0.000089,0.000073,0.00002,0.000022,,500,,
0,0,,0.995415,0.001074,0.000486,0.00148,0.001088,0.000261,0.000196,,400,,
0,0,,0.999743,0.000029,0.000024,0.000089,0.000073,0.00002,0.000022,,400,,
0,0,,0.995415,0.001074,0.000486,0.00148,0.001088,0.000261,0.000196,,400,,
0,0,,0.995415,0.001074,0.000486,0.00148,0.001088,0.000261,0.000196,,400,,
0,0,,0.999743,0.000029,0.000024,0.000089,0.000073,0.00002,0.000022,,400,,
0,0,,0.995415,0.001074,0.000486,0.00148,0.001088,0.000261,0.000196,,500,,
0,0,,0.999743,0.000029,0.000024,0.000089,0.000073,0.00002,0.000022,,400,,
0,0,,0.999743,0.000029,0.000024,0.000089,0.000073,0.00002,0.000022,,400,,
0,0,,0.999743,0.000029,0.000024,0.000089,0.000073,0.00002,0.000022,,400,,
0,0,,0.995415,0.001074,0.000486,0.00148,0.001088,0.000261,0.000196,,400,,
0,0,,0.999743,0.000029,0.000024,0.000089,0.000073,0.00002,0.000022,,400,,
0,0,,0.998185,0.000051,0.000173,0.001416,0.000081,0.00008,0.000014,,500,,
0,0,,0.995415,0.001074,0.000486,0.00148,0.001088,0.000261,0.000196,,400,,
0,0,,0.999743,0.000029,0.000024,0.000089,0.000073,0.00002,0.000022,,400,,
0,0,,0.995415,0.001074,0.000486,0.00148,0.001088,0.000261,0.000196,,400,,
0,0,,0.998185,0.000051,0.000173,0.001416,0.000081,0.00008,0.000014,,400,,
0,0,,0.999743,0.000029,0.000024,0.000089,0.000073,0.00002,0.000022,,400,,
0,0,,0.999743,0.000029,0.000024,0.000089,0.000073,0.00002,0.000022,,500,,
0,0,,0.998178,0.000011,0.000038,0.001688,0.000064,0.000018,0.000003,,500,,
0,0,,0.999743,0.000029,0.000024,0.000089,0.000073,0.00002,0.000022,,400,,
0,0,,0.999743,0.000029,0.000024,0.000089,0.000073,0.00002,0.000022,,500,,
0,0,,0.999743,0.000029,0.000024,0.000089,0.000073,0.00002,0.000022,,400,,
0,0,,0.999743,0.000029,0.000024,0.000089,0.000073,0.00002,0.000022,,400,,
0,0,,0.999743,0.000029,0.000024,0.000089,0.000073,0.00002,0.000022,,400,,
0,0,,0.999743,0.000029,0.000024,0.000089,0.000073,0.00002,0.000022,,400,,
0,0,,0.999743,0.000029,0.000024,0.000089,0.000073,0.00002,0.000022,,500,,
0,0,,0.888434,0.058996,0.000913,0.015187,0.000335,0.035283,0.000852,,400,,
0,0,,0.995415,0.001074,0.000486,0.00148,0.001088,0.000261,0.000196,,500,,
0,0,,0.999743,0.000029,0.000024,0.000089,0.000073,0.00002,0.000022,,400,,
0,0,,0.995415,0.001074,0.000486,0.00148,0.001088,0.000261,0.000196,,400,,
0,0,,0.999743,0.000029,0.000024,0.000089,0.000073,0.00002,0.000022,,400,,
0,0,,0.998178,0.000011,0.000038,0.001688,0.000064,0.000018,0.000003,,400,,
0,0,,0.999743,0.000029,0.000024,0.000089,0.000073,0.00002,0.000022,,400,,
0,0,,0.998178,0.000011,0.000038,0.001688,0.000064,0.000018,0.000003,,500,,
0,0,,0.995415,0.001074,0.000486,0.00148,0.001088,0.000261,0.000196,,500,,
0,0,,0.995415,0.001074,0.000486,0.00148,0.001088,0.000261,0.000196,,400,,
0,0,,0.999743,0.000029,0.000024,0.000089,0.000073,0.00002,0.000022,,400,,
0,0,,0.995415,0.001074,0.000486,0.00148,0.001088,0.000261,0.000196,,400,,
0,0,,0.999743,0.000029,0.000024,0.000089,0.000073,0.00002,0.000022,,400,,
0,0,,0.999743,0.000029,0.000024,0.000089,0.000073,0.00002,0.000022,,400,,
0,0,,0.999743,0.000029,0.000024,0.000089,0.000073,0.00002,0.000022,,500,,
0,0,,0.999743,0.000029,0.000024,0.000089,0.000073,0.00002,0.000022,,400,,
0,0,,0.998178,0.000011,0.000038,0.001688,0.000064,0.000018,0.000003,,500,,
0,0,,0.999743,0.000029,0.000024,0.000089,0.000073,0.00002,0.000022,,500,,
0,0,,0.999743,0.000029,0.000024,0.000089,0.000073,0.00002,0.000022,,400,,
0,0,,0.999743,0.000029,0.000024,0.000089,0.000073,0.00002,0.000022,,400,,
0,0,,0.999743,0.000029,0.000024,0.000089,0.000073,0.00002,0.000022,,400,,
0,0,,0.999743,0.000029,0.000024,0.000089,0.000073,0.00002,0.000022,,400,,
0,0,,0.999743,0.000029,0.000024,0.000089,0.000073,0.00002,0.000022,,400,,
0,0,,0.995415,0.001074,0.000486,0.00148,0.001088,0.000261,0.000196,,400,,
0,0,,0.995415,0.001074,0.000486,0.00148,0.001088,0.000261,0.000196,,400,,
0,0,,0.999743,0.000029,0.000024,0.000089,0.000073,0.00002,0.000022,,500,,
0,0,,0.998178,0.000011,0.000038,0.001688,0.000064,0.000018,0.000003,,500,,
0,0,,0.999743,0.000029,0.000024,0.000089,0.000073,0.00002,0.000022,,400,,
0,0,,0.995415,0.001074,0.000486,0.00148,0.001088,0.000261,0.000196,,500,,
0,0,,0.999743,0.000029,0.000024,0.000089,0.000073,0.00002,0.000022,,400,,
0,0,,0.999743,0.000029,0.000024,0.000089,0.000073,0.00002,0.000022,,400,,
0,0,,0.999743,0.000029,0.000024,0.000089,0.000073,0.00002,0.000022,,400,,
0,0,,0.999743,0.000029,0.000024,0.000089,0.000073,0.00002,0.000022,,400,,
0,0,,0.995415,0.001074,0.000486,0.00148,0.001088,0.000261,0.000196,,400,,
0,0,,0.995415,0.001074,0.000486,0.00148,0.001088,0.000261,0.000196,,500,,
0,0,,0.995415,0.001074,0.000486,0.00148,0.001088,0.000261,0.000196,,500,,
0,0,,0.999743,0.000029,0.000024,0.000089,0.000073,0.00002,0.000022,,400,,
0,0,,0.999743,0.000029,0.000024,0.000089,0.000073,0.00002,0.000022,,400,,
0,0,,0.995415,0.001074,0.000486,0.00148,0.001088,0.000261,0.000196,,400,,
0,0,,0.995415,0.001074,0.000486,0.00148,0.001088,0.000261,0.000196,,400,,
0,0,,0.998185,0.000051,0.000173,0.001416,0.000081,0.00008,0.000014,,500,,
0,0,,0.999743,0.000029,0.000024,0.000089,0.000073,0.00002,0.000022,,400,,
0,0,,0.999743,0.000029,0.000024,0.000089,0.000073,0.00002,0.000022,,400,,
0,0,,0.999743,0.000029,0.000024,0.000089,0.000073,0.00002,0.000022,,400,,
0,0,,0.995415,0.001074,0.000486,0.00148,0.001088,0.000261,0.000196,,400,,
0,0,,0.999743,0.000029,0.000024,0.000089,0.000073,0.00002,0.000022,,400,,
0,0,,0.999743,0.000029,0.000024,0.000089,0.000073,0.00002,0.000022,,400,,
0,0,,0.999743,0.000029,0.000024,0.000089,0.000073,0.00002,0.000022,,400,,
0,0,,0.995415,0.001074,0.000486,0.00148,0.001088,0.000261,0.000196,,500,,
0,0,,0.995415,0.001074,0.000486,0.00148,0.001088,0.000261,0.000196,,500,,
0,0,,0.999743,0.000029,0.000024,0.000089,0.000073,0.00002,0.000022,,400,,
0,0,,0.999743,0.000029,0.000024,0.000089,0.000073,0.00002,0.000022,,500,,
0,0,,0.995415,0.001074,0.000486,0.00148,0.001088,0.000261,0.000196,,500,,
0,0,,0.999743,0.000029,0.000024,0.000089,0.000073,0.00002,0.000022,,400,,
0,0,,0.999743,0.000029,0.000024,0.000089,0.000073,0.00002,0.000022,,500,,
0,0,,0.995415,0.001074,0.000486,0.00148,0.001088,0.000261,0.000196,,400,,
0,0,,0.999743,0.000029,0.000024,0.000089,0.000073,0.00002,0.000022,,400,,
0,0,,0.995415,0.001074,0.000486,0.00148,0.001088,0.000261,0.000196,,500,,
0,0,,0.999743,0.000029,0.000024,0.000089,0.000073,0.00002,0.000022,,400,,
0,0,,0.999743,0.000029,0.000024,0.000089,0.000073,0.00002,0.000022,,400,,
0,0,,0.995415,0.001074,0.000486,0.00148,0.001088,0.000261,0.000196,,400,,
0,0,,0.999743,0.000029,0.000024,0.000089,0.000073,0.00002,0.000022,,500,,
0,0,,0.999743,0.000029,0.000024,0.000089,0.000073,0.00002,0.000022,,400,,
0,0,,0.999743,0.000029,0.000024,0.000089,0.000073,0.00002,0.000022,,400,,
0,0,,0.999743,0.000029,0.000024,0.000089,0.000073,0.00002,0.000022,,500,,
0,0,,0.999743,0.000029,0.000024,0.000089,0.000073,0.00002,0.000022,,400,,
0,0,,0.998185,0.000051,0.000173,0.001416,0.000081,0.00008,0.000014,,500,,
0,0,,0.999743,0.000029,0.000024,0.000089,0.000073,0.00002,0.000022,,500,,
0,0,,0.999743,0.000029,0.000024,0.000089,0.000073,0.00002,0.000022,,400,,
0,0,,0.999743,0.000029,0.000024,0.000089,0.000073,0.00002,0.000022,,400,,
0,0,,0.995415,0.001074,0.000486,0.00148,0.001088,0.000261,0.000196,,400,,
0,0,,0.995415,0.001074,0.000486,0.00148,0.001088,0.000261,0.000196,,500,,
0,0,,0.999743,0.000029,0.000024,0.000089,0.000073,0.00002,0.000022,,400,,
0,0,,0.995415,0.001074,0.000486,0.00148,0.001088,0.000261,0.000196,,400,,
0,0,,0.888434,0.058996,0.000913,0.015187,0.000335,0.035283,0.000852,,400,,
0,0,,0.999743,0.000029,0.000024,0.000089,0.000073,0.00002,0.000022,,400,,
0,0,,0.999743,0.000029,0.000024,0.000089,0.000073,0.00002,0.000022,,500,,
0,0,,0.999743,0.000029,0.000024,0.000089,0.000073,0.00002,0.000022,,400,,
0,0,,0.999743,0.000029,0.000024,0.000089,0.000073,0.00002,0.000022,,400,,
0,0,,0.999743,0.000029,0.000024,0.000089,0.000073,0.00002,0.000022,,400,,
0,0,,0.999743,0.000029,0.000024,0.000089,0.000073,0.00002,0.000022,,400,,
0,0,,0.999743,0.000029,0.000024,0.000089,0.000073,0.00002,0.000022,,400,,
0,0,,0.999743,0.000029,0.000024,0.000089,0.000073,0.00002,0.000022,,500,,
0,0,,0.998178,0.000011,0.000038,0.001688,0.000064,0.000018,0.000003,,500,,
0,0,,0.999743,0.000029,0.000024,0.000089,0.000073,0.00002,0.000022,,400,,
0,0,,0.999743,0.000029,0.000024,0.000089,0.000073,0.00002,0.000022,,400,,
0,0,,0.999743,0.000029,0.000024,0.000089,0.000073,0.00002,0.000022,,400,,
0,0,,0.995415,0.001074,0.000486,0.00148,0.001088,0.000261,0.000196,,500,,
0,0,,0.995415,0.001074,0.000486,0.00148,0.001088,0.000261,0.000196,,400,,
0,0,,0.999743,0.000029,0.000024,0.000089,0.000073,0.00002,0.000022,,400,,
0,0,,0.999743,0.000029,0.000024,0.000089,0.000073,0.00002,0.000022,,400,,
0,0,,0.999743,0.000029,0.000024,0.000089,0.000073,0.00002,0.000022,,400,,
0,0,,0.995415,0.001074,0.000486,0.00148,0.001088,0.000261,0.000196,,400,,
0,0,,0.999743,0.000029,0.000024,0.000089,0.000073,0.00002,0.000022,,500,,
0,0,,0.999743,0.000029,0.000024,0.000089,0.000073,0.00002,0.000022,,500,,
0,0,,0.995415,0.001074,0.000486,0.00148,0.001088,0.000261,0.000196,,400,,
0,0,,0.998178,0.000011,0.000038,0.001688,0.000064,0.000018,0.000003,,500,,
0,0,,0.999743,0.000029,0.000024,0.000089,0.000073,0.00002,0.000022,,500,,
0,0,,0.999743,0.000029,0.000024,0.000089,0.000073,0.00002,0.000022,,400,,
0,0,,0.998178,0.000011,0.000038,0.001688,0.000064,0.000018,0.000003,,500,,
0,0,,0.995415,0.001074,0.000486,0.00148,0.001088,0.000261,0.000196,,500,,
0,0,,0.998178,0.000011,0.000038,0.001688,0.000064,0.000018,0.000003,,600,,
0,0,,0.999743,0.000029,0.000024,0.000089,0.000073,0.00002,0.000022,,400,,
0,0,,0.999743,0.000029,0.000024,0.000089,0.000073,0.00002,0.000022,,400,,
0,0,,0.998185,0.000051,0.000173,0.001416,0.000081,0.00008,0.000014,,500,,
0,0,,0.998178,0.000011,0.000038,0.001688,0.000064,0.000018,0.000003,,500,,
0,0,,0.999743,0.000029,0.000024,0.000089,0.000073,0.00002,0.000022,,400,,
0,0,,0.999743,0.000029,0.000024,0.000089,0.000073,0.00002,0.000022,,400,,
0,0,,0.995415,0.001074,0.000486,0.00148,0.001088,0.000261,0.000196,,500,,
0,0,,0.999743,0.000029,0.000024,0.000089,0.000073,0.00002,0.000022,,400,,
0,0,,0.998178,0.000011,0.000038,0.001688,0.000064,0.000018,0.000003,,500,,
0,0,,0.998178,0.000011,0.000038,0.001688,0.000064,0.000018,0.000003,,400,,
0,0,,0.998185,0.000051,0.000173,0.001416,0.000081,0.00008,0.000014,,500,,
0,0,,0.998178,0.000011,0.000038,0.001688,0.000064,0.000018,0.000003,,500,,
0,0,,0.995415,0.001074,0.000486,0.00148,0.001088,0.000261,0.000196,,500,,
0,0,,0.999743,0.000029,0.000024,0.000089,0.000073,0.00002,0.000022,,500,,
0,0,,0.999743,0.000029,0.000024,0.000089,0.000073,0.00002,0.000022,,400,,
0,0,,0.995415,0.001074,0.000486,0.00148,0.001088,0.000261,0.000196,,400,,
0,0,,0.995415,0.001074,0.000486,0.00148,0.001088,0.000261,0.000196,,400,,
0,0,,0.995415,0.001074,0.000486,0.00148,0.001088,0.000261,0.000196,,400,,
0,0,,0.999743,0.000029,0.000024,0.000089,0.000073,0.00002,0.000022,,500,,
0,0,,0.999743,0.000029,0.000024,0.000089,0.000073,0.00002,0.000022,,500,,
0,0,,0.995415,0.001074,0.000486,0.00148,0.001088,0.000261,0.000196,,400,,
0,0,,0.999743,0.000029,0.000024,0.000089,0.000073,0.00002,0.000022,,400,,
0,0,,0.999743,0.000029,0.000024,0.000089,0.000073,0.00002,0.000022,,400,,
0,0,,0.999743,0.000029,0.000024,0.000089,0.000073,0.00002,0.000022,,400,,
0,0,,0.998178,0.000011,0.000038,0.001688,0.000064,0.000018,0.000003,,400,,
0,0,,0.995415,0.001074,0.000486,0.00148,0.001088,0.000261,0.000196,,400,,
0,0,,0.999743,0.000029,0.000024,0.000089,0.000073,0.00002,0.000022,,400,,
0,0,,0.995415,0.001074,0.000486,0.00148,0.001088,0.000261,0.000196,,400,,
0,0,,0.999743,0.000029,0.000024,0.000089,0.000073,0.00002,0.000022,,500,,
0,0,,0.999743,0.000029,0.000024,0.000089,0.000073,0.00002,0.000022,,400,,
0,0,,0.999743,0.000029,0.000024,0.000089,0.000073,0.00002,0.000022,,400,,
0,0,,0.999743,0.000029,0.000024,0.000089,0.000073,0.00002,0.000022,,400,,
0,0,,0.998178,0.000011,0.000038,0.001688,0.000064,0.000018,0.000003,,400,,
0,0,,0.999743,0.000029,0.000024,0.000089,0.000073,0.00002,0.000022,,400,,
0,0,,0.999743,0.000029,0.000024,0.000089,0.000073,0.00002,0.000022,,400,,
0,0,,0.999743,0.000029,0.000024,0.000089,0.000073,0.00002,0.000022,,400,,
0,0,,0.999743,0.000029,0.000024,0.000089,0.000073,0.00002,0.000022,,500,,
0,0,,0.995415,0.001074,0.000486,0.00148,0.001088,0.000261,0.000196,,400,,
0,0,,0.995415,0.001074,0.000486,0.00148,0.001088,0.000261,0.000196,,400,,
0,1,,0.233306,0.567866,0.004874,0.066954,0.001321,0.123704,0.001975,,400,,
0,0,,0.998178,0.000011,0.000038,0.001688,0.000064,0.000018,0.000003,,500,,
0,0,,0.999743,0.000029,0.000024,0.000089,0.000073,0.00002,0.000022,,400,,
0,0,,0.999743,0.000029,0.000024,0.000089,0.000073,0.00002,0.000022,,400,,
0,0,,0.995415,0.001074,0.000486,0.00148,0.001088,0.000261,0.000196,,400,,
0,0,,0.995415,0.001074,0.000486,0.00148,0.001088,0.000261,0.000196,,400,,
0,0,,0.999743,0.000029,0.000024,0.000089,0.000073,0.00002,0.000022,,400,,
0,0,,0.999743,0.000029,0.000024,0.000089,0.000073,0.00002,0.000022,,400,,
0,0,,0.999743,0.000029,0.000024,0.000089,0.000073,0.00002,0.000022,,500,,
0,0,,0.999743,0.000029,0.000024,0.000089,0.000073,0.00002,0.000022,,500,,
0,0,,0.999743,0.000029,0.000024,0.000089,0.000073,0.00002,0.000022,,500,,
0,0,,0.999743,0.000029,0.000024,0.000089,0.000073,0.00002,0.000022,,400,,
0,0,,0.999743,0.000029,0.000024,0.000089,0.000073,0.00002,0.000022,,400,,
0,0,,0.995415,0.001074,0.000486,0.00148,0.001088,0.000261,0.000196,,400,,
0,0,,0.999743,0.000029,0.000024,0.000089,0.000073,0.00002,0.000022,,400,,
0,0,,0.999743,0.000029,0.000024,0.000089,0.000073,0.00002,0.000022,,400,,
0,0,,0.999743,0.000029,0.000024,0.000089,0.000073,0.00002,0.000022,,400,,
0,0,,0.999743,0.000029,0.000024,0.000089,0.000073,0.00002,0.000022,,400,,
0,0,,0.999743,0.000029,0.000024,0.000089,0.000073,0.00002,0.000022,,400,,
0,0,,0.998178,0.000011,0.000038,0.001688,0.000064,0.000018,0.000003,,500,,
0,0,,0.999743,0.000029,0.000024,0.000089,0.000073,0.00002,0.000022,,400,,
0,0,,0.999743,0.000029,0.000024,0.000089,0.000073,0.00002,0.000022,,400,,
0,0,,0.995415,0.001074,0.000486,0.00148,0.001088,0.000261,0.000196,,400,,
0,0,,0.999743,0.000029,0.000024,0.000089,0.000073,0.00002,0.000022,,400,,
0,0,,0.999743,0.000029,0.000024,0.000089,0.000073,0.00002,0.000022,,400,,
0,0,,0.998178,0.000011,0.000038,0.001688,0.000064,0.000018,0.000003,,400,,
0,0,,0.999743,0.000029,0.000024,0.000089,0.000073,0.00002,0.000022,,400,,
0,0,,0.999743,0.000029,0.000024,0.000089,0.000073,0.00002,0.000022,,400,,
0,0,,0.995415,0.001074,0.000486,0.00148,0.001088,0.000261,0.000196,,400,,
0,0,,0.999743,0.000029,0.000024,0.000089,0.000073,0.00002,0.000022,,400,,
0,0,,0.995415,0.001074,0.000486,0.00148,0.001088,0.000261,0.000196,,400,,
0,0,,0.999743,0.000029,0.000024,0.000089,0.000073,0.00002,0.000022,,400,,
0,0,,0.995415,0.001074,0.000486,0.00148,0.001088,0.000261,0.000196,,400,,
0,0,,0.995415,0.001074,0.000486,0.00148,0.001088,0.000261,0.000196,,500,,
0,0,,0.999743,0.000029,0.000024,0.000089,0.000073,0.00002,0.000022,,400,,
0,0,,0.995415,0.001074,0.000486,0.00148,0.001088,0.000261,0.000196,,400,,
0,0,,0.995415,0.001074,0.000486,0.00148,0.001088,0.000261,0.000196,,400,,
0,0,,0.999743,0.000029,0.000024,0.000089,0.000073,0.00002,0.000022,,400,,
0,0,,0.999743,0.000029,0.000024,0.000089,0.000073,0.00002,0.000022,,500,,
0,0,,0.998178,0.000011,0.000038,0.001688,0.000064,0.000018,0.000003,,500,,
0,0,,0.995415,0.001074,0.000486,0.00148,0.001088,0.000261,0.000196,,400,,
0,0,,0.999743,0.000029,0.000024,0.000089,0.000073,0.00002,0.000022,,500,,
0,0,,0.999743,0.000029,0.000024,0.000089,0.000073,0.00002,0.000022,,400,,
0,0,,0.999743,0.000029,0.000024,0.000089,0.000073,0.00002,0.000022,,400,,
0,0,,0.999743,0.000029,0.000024,0.000089,0.000073,0.00002,0.000022,,400,,
0,0,,0.995415,0.001074,0.000486,0.00148,0.001088,0.000261,0.000196,,400,,
0,0,,0.999743,0.000029,0.000024,0.000089,0.000073,0.00002,0.000022,,400,,
0,0,,0.999743,0.000029,0.000024,0.000089,0.000073,0.00002,0.000022,,400,,
0,0,,0.999743,0.000029,0.000024,0.000089,0.000073,0.00002,0.000022,,400,,
0,0,,0.999743,0.000029,0.000024,0.000089,0.000073,0.00002,0.000022,,400,,
0,0,,0.999743,0.000029,0.000024,0.000089,0.000073,0.00002,0.000022,,400,,
0,0,,0.995415,0.001074,0.000486,0.00148,0.001088,0.000261,0.000196,,500,,
0,0,,0.998178,0.000011,0.000038,0.001688,0.000064,0.000018,0.000003,,500,,
0,0,,0.995415,0.001074,0.000486,0.00148,0.001088,0.000261,0.000196,,400,,
0,0,,0.999743,0.000029,0.000024,0.000089,0.000073,0.00002,0.000022,,400,,
0,0,,0.999743,0.000029,0.000024,0.000089,0.000073,0.00002,0.000022,,500,,
0,0,,0.999743,0.000029,0.000024,0.000089,0.000073,0.00002,0.000022,,400,,
0,0,,0.999743,0.000029,0.000024,0.000089,0.000073,0.00002,0.000022,,500,,
0,0,,0.995415,0.001074,0.000486,0.00148,0.001088,0.000261,0.000196,,500,,
0,0,,0.999743,0.000029,0.000024,0.000089,0.000073,0.00002,0.000022,,400,,
0,0,,0.995415,0.001074,0.000486,0.00148,0.001088,0.000261,0.000196,,500,,
0,0,,0.998178,0.000011,0.000038,0.001688,0.000064,0.000018,0.000003,,500,,
0,0,,0.998178,0.000011,0.000038,0.001688,0.000064,0.000018,0.000003,,400,,
0,0,,0.998178,0.000011,0.000038,0.001688,0.000064,0.000018,0.000003,,400,,
0,0,,0.999743,0.000029,0.000024,0.000089,0.000073,0.00002,0.000022,,400,,
0,0,,0.999743,0.000029,0.000024,0.000089,0.000073,0.00002,0.000022,,400,,
0,0,,0.999743,0.000029,0.000024,0.000089,0.000073,0.00002,0.000022,,500,,
0,0,,0.999743,0.000029,0.000024,0.000089,0.000073,0.00002,0.000022,,400,,
0,0,,0.999743,0.000029,0.000024,0.000089,0.000073,0.00002,0.000022,,400,,
0,0,,0.995415,0.001074,0.000486,0.00148,0.001088,0.000261,0.000196,,400,,
0,0,,0.999743,0.000029,0.000024,0.000089,0.000073,0.00002,0.000022,,400,,
0,0,,0.999743,0.000029,0.000024,0.000089,0.000073,0.00002,0.000022,,400,,
0,0,,0.995415,0.001074,0.000486,0.00148,0.001088,0.000261,0.000196,,500,,
0,0,,0.999743,0.000029,0.000024,0.000089,0.000073,0.00002,0.000022,,500,,
0,0,,0.995415,0.001074,0.000486,0.00148,0.001088,0.000261,0.000196,,400,,
0,0,,0.999743,0.000029,0.000024,0.000089,0.000073,0.00002,0.000022,,400,,
0,0,,0.998178,0.000011,0.000038,0.001688,0.000064,0.000018,0.000003,,500,,
0,0,,0.998185,0.000051,0.000173,0.001416,0.000081,0.00008,0.000014,,500,,
0,0,,0.995415,0.001074,0.000486,0.00148,0.001088,0.000261,0.000196,,400,,
0,0,,0.995415,0.001074,0.000486,0.00148,0.001088,0.000261,0.000196,,500,,
0,0,,0.995415,0.001074,0.000486,0.00148,0.001088,0.000261,0.000196,,500,,
0,0,,0.999743,0.000029,0.000024,0.000089,0.000073,0.00002,0.000022,,400,,
0,0,,0.999743,0.000029,0.000024,0.000089,0.000073,0.00002,0.000022,,400,,
0,0,,0.995415,0.001074,0.000486,0.00148,0.001088,0.000261,0.000196,,400,,
0,0,,0.999743,0.000029,0.000024,0.000089,0.000073,0.00002,0.000022,,400,,
0,0,,0.999743,0.000029,0.000024,0.000089,0.000073,0.00002,0.000022,,400,,
0,0,,0.995415,0.001074,0.000486,0.00148,0.001088,0.000261,0.000196,,500,,
0,0,,0.999743,0.000029,0.000024,0.000089,0.000073,0.00002,0.000022,,400,,
0,0,,0.998178,0.000011,0.000038,0.001688,0.000064,0.000018,0.000003,,500,,
0,0,,0.999743,0.000029,0.000024,0.000089,0.000073,0.00002,0.000022,,500,,
0,0,,0.999743,0.000029,0.000024,0.000089,0.000073,0.00002,0.000022,,500,,
0,0,,0.999743,0.000029,0.000024,0.000089,0.000073,0.00002,0.000022,,500,,
0,0,,0.995415,0.001074,0.000486,0.00148,0.001088,0.000261,0.000196,,400,,
0,0,,0.995415,0.001074,0.000486,0.00148,0.001088,0.000261,0.000196,,400,,
0,0,,0.999743,0.000029,0.000024,0.000089,0.000073,0.00002,0.000022,,400,,
0,0,,0.999743,0.000029,0.000024,0.000089,0.000073,0.00002,0.000022,,400,,
0,0,,0.995415,0.001074,0.000486,0.00148,0.001088,0.000261,0.000196,,400,,
0,0,,0.999743,0.000029,0.000024,0.000089,0.000073,0.00002,0.000022,,500,,
0,0,,0.998185,0.000051,0.000173,0.001416,0.000081,0.00008,0.000014,,500,,
0,0,,0.999743,0.000029,0.000024,0.000089,0.000073,0.00002,0.000022,,400,,
0,0,,0.995415,0.001074,0.000486,0.00148,0.001088,0.000261,0.000196,,400,,
0,0,,0.999743,0.000029,0.000024,0.000089,0.000073,0.00002,0.000022,,400,,
0,0,,0.998185,0.000051,0.000173,0.001416,0.000081,0.00008,0.000014,,400,,
0,0,,0.995415,0.001074,0.000486,0.00148,0.001088,0.000261,0.000196,,400,,
0,0,,0.999743,0.000029,0.000024,0.000089,0.000073,0.00002,0.000022,,400,,
0,0,,0.995415,0.001074,0.000486,0.00148,0.001088,0.000261,0.000196,,400,,
0,0,,0.999743,0.000029,0.000024,0.000089,0.000073,0.00002,0.000022,,400,,
0,0,,0.999743,0.000029,0.000024,0.000089,0.000073,0.00002,0.000022,,400,,
0,0,,0.995415,0.001074,0.000486,0.00148,0.001088,0.000261,0.000196,,500,,
0,0,,0.998178,0.000011,0.000038,0.001688,0.000064,0.000018,0.000003,,500,,
0,0,,0.995415,0.001074,0.000486,0.00148,0.001088,0.000261,0.000196,,400,,
0,0,,0.999743,0.000029,0.000024,0.000089,0.000073,0.00002,0.000022,,500,,
0,0,,0.999743,0.000029,0.000024,0.000089,0.000073,0.00002,0.000022,,500,,
0,0,,0.995415,0.001074,0.000486,0.00148,0.001088,0.000261,0.000196,,400,,
0,0,,0.998178,0.000011,0.000038,0.001688,0.000064,0.000018,0.000003,,500,,
0,0,,0.999743,0.000029,0.000024,0.000089,0.000073,0.00002,0.000022,,400,,
0,0,,0.995415,0.001074,0.000486,0.00148,0.001088,0.000261,0.000196,,400,,
0,0,,0.999743,0.000029,0.000024,0.000089,0.000073,0.00002,0.000022,,400,,
0,0,,0.999743,0.000029,0.000024,0.000089,0.000073,0.00002,0.000022,,400,,
0,0,,0.999743,0.000029,0.000024,0.000089,0.000073,0.00002,0.000022,,400,,
0,0,,0.999743,0.000029,0.000024,0.000089,0.000073,0.00002,0.000022,,400,,
0,0,,0.999743,0.000029,0.000024,0.000089,0.000073,0.00002,0.000022,,400,,
0,0,,0.998185,0.000051,0.000173,0.001416,0.000081,0.00008,0.000014,,500,,
0,0,,0.995415,0.001074,0.000486,0.00148,0.001088,0.000261,0.000196,,400,,
0,0,,0.995415,0.001074,0.000486,0.00148,0.001088,0.000261,0.000196,,400,,
0,0,,0.999743,0.000029,0.000024,0.000089,0.000073,0.00002,0.000022,,500,,
0,0,,0.995415,0.001074,0.000486,0.00148,0.001088,0.000261,0.000196,,500,,
0,0,,0.995415,0.001074,0.000486,0.00148,0.001088,0.000261,0.000196,,400,,
0,0,,0.999743,0.000029,0.000024,0.000089,0.000073,0.00002,0.000022,,400,,
0,0,,0.995415,0.001074,0.000486,0.00148,0.001088,0.000261,0.000196,,400,,
0,0,,0.999743,0.000029,0.000024,0.000089,0.000073,0.00002,0.000022,,400,,
0,0,,0.999743,0.000029,0.000024,0.000089,0.000073,0.00002,0.000022,,400,,
0,0,,0.999743,0.000029,0.000024,0.000089,0.000073,0.00002,0.000022,,400,,
0,0,,0.999743,0.000029,0.000024,0.000089,0.000073,0.00002,0.000022,,500,,
0,0,,0.999743,0.000029,0.000024,0.000089,0.000073,0.00002,0.000022,,500,,
0,0,,0.998185,0.000051,0.000173,0.001416,0.000081,0.00008,0.000014,,500,,
0,0,,0.999743,0.000029,0.000024,0.000089,0.000073,0.00002,0.000022,,500,,
0,0,,0.999743,0.000029,0.000024,0.000089,0.000073,0.00002,0.000022,,400,,
0,0,,0.995415,0.001074,0.000486,0.00148,0.001088,0.000261,0.000196,,400,,
0,0,,0.999743,0.000029,0.000024,0.000089,0.000073,0.00002,0.000022,,400,,
0,0,,0.999743,0.000029,0.000024,0.000089,0.000073,0.00002,0.000022,,400,,
0,0,,0.999743,0.000029,0.000024,0.000089,0.000073,0.00002,0.000022,,400,,
0,0,,0.999743,0.000029,0.000024,0.000089,0.000073,0.00002,0.000022,,400,,
0,0,,0.999743,0.000029,0.000024,0.000089,0.000073,0.00002,0.000022,,500,,
0,0,,0.998178,0.000011,0.000038,0.001688,0.000064,0.000018,0.000003,,500,,
0,0,,0.995415,0.001074,0.000486,0.00148,0.001088,0.000261,0.000196,,400,,
0,0,,0.995415,0.001074,0.000486,0.00148,0.001088,0.000261,0.000196,,500,,
0,0,,0.995415,0.001074,0.000486,0.00148,0.001088,0.000261,0.000196,,400,,
0,0,,0.995415,0.001074,0.000486,0.00148,0.001088,0.000261,0.000196,,400,,
0,0,,0.995415,0.001074,0.000486,0.00148,0.001088,0.000261,0.000196,,400,,
0,0,,0.999743,0.000029,0.000024,0.000089,0.000073,0.00002,0.000022,,400,,
0,0,,0.998178,0.000011,0.000038,0.001688,0.000064,0.000018,0.000003,,400,,
0,0,,0.999743,0.000029,0.000024,0.000089,0.000073,0.00002,0.000022,,400,,
0,0,,0.999743,0.000029,0.000024,0.000089,0.000073,0.00002,0.000022,,400,,
0,0,,0.999743,0.000029,0.000024,0.000089,0.000073,0.00002,0.000022,,400,,
0,0,,0.999743,0.000029,0.000024,0.000089,0.000073,0.00002,0.000022,,400,,
0,0,,0.999743,0.000029,0.000024,0.000089,0.000073,0.00002,0.000022,,400,,
0,0,,0.998178,0.000011,0.000038,0.001688,0.000064,0.000018,0.000003,,500,,
0,0,,0.995415,0.001074,0.000486,0.00148,0.001088,0.000261,0.000196,,400,,
0,0,,0.999743,0.000029,0.000024,0.000089,0.000073,0.00002,0.000022,,400,,
0,0,,0.995415,0.001074,0.000486,0.00148,0.001088,0.000261,0.000196,,500,,
0,0,,0.999743,0.000029,0.000024,0.000089,0.000073,0.00002,0.000022,,400,,
0,0,,0.999743,0.000029,0.000024,0.000089,0.000073,0.00002,0.000022,,400,,
0,0,,0.995415,0.001074,0.000486,0.00148,0.001088,0.000261,0.000196,,400,,
0,0,,0.999743,0.000029,0.000024,0.000089,0.000073,0.00002,0.000022,,400,,
0,0,,0.999743,0.000029,0.000024,0.000089,0.000073,0.00002,0.000022,,500,,
0,0,,0.999743,0.000029,0.000024,0.000089,0.000073,0.00002,0.000022,,500,,
0,0,,0.999743,0.000029,0.000024,0.000089,0.000073,0.00002,0.000022,,400,,
0,0,,0.995415,0.001074,0.000486,0.00148,0.001088,0.000261,0.000196,,400,,
0,0,,0.999743,0.000029,0.000024,0.000089,0.000073,0.00002,0.000022,,400,,
0,0,,0.999743,0.000029,0.000024,0.000089,0.000073,0.00002,0.000022,,400,,
0,0,,0.999743,0.000029,0.000024,0.000089,0.000073,0.00002,0.000022,,400,,
0,0,,0.995415,0.001074,0.000486,0.00148,0.001088,0.000261,0.000196,,500,,
0,0,,0.755722,0.003211,0.19723,0.001742,0.000274,0.00232,0.039501,,500,,
0,0,,0.999743,0.000029,0.000024,0.000089,0.000073,0.00002,0.000022,,500,,
0,0,,0.998185,0.000051,0.000173,0.001416,0.000081,0.00008,0.000014,,500,,
0,0,,0.999743,0.000029,0.000024,0.000089,0.000073,0.00002,0.000022,,500,,
0,0,,0.998185,0.000051,0.000173,0.001416,0.000081,0.00008,0.000014,,500,,
0,0,,0.999743,0.000029,0.000024,0.000089,0.000073,0.00002,0.000022,,500,,
0,0,,0.999743,0.000029,0.000024,0.000089,0.000073,0.00002,0.000022,,500,,
0,0,,0.995415,0.001074,0.000486,0.00148,0.001088,0.000261,0.000196,,400,,
0,0,,0.999743,0.000029,0.000024,0.000089,0.000073,0.00002,0.000022,,400,,
0,0,,0.998178,0.000011,0.000038,0.001688,0.000064,0.000018,0.000003,,500,,
0,0,,0.999743,0.000029,0.000024,0.000089,0.000073,0.00002,0.000022,,500,,
0,0,,0.995415,0.001074,0.000486,0.00148,0.001088,0.000261,0.000196,,400,,
0,0,,0.999743,0.000029,0.000024,0.000089,0.000073,0.00002,0.000022,,400,,
0,0,,0.999743,0.000029,0.000024,0.000089,0.000073,0.00002,0.000022,,400,,
0,0,,0.999743,0.000029,0.000024,0.000089,0.000073,0.00002,0.000022,,400,,
0,0,,0.999743,0.000029,0.000024,0.000089,0.000073,0.00002,0.000022,,500,,
0,0,,0.999743,0.000029,0.000024,0.000089,0.000073,0.00002,0.000022,,400,,
1,1,,0.000002,0.765453,0.00137,0.014121,0.00642,0.212631,0.000003,,800,,
1,1,,0.233306,0.567866,0.004874,0.066954,0.001321,0.123704,0.001975,,500,,
1,1,,0.233306,0.567866,0.004874,0.066954,0.001321,0.123704,0.001975,,400,,
1,1,,0.233306,0.567866,0.004874,0.066954,0.001321,0.123704,0.001975,,400,,
1,1,,0.233306,0.567866,0.004874,0.066954,0.001321,0.123704,0.001975,,400,,
1,1,,0.233306,0.567866,0.004874,0.066954,0.001321,0.123704,0.001975,,400,,
1,1,,0.233306,0.567866,0.004874,0.066954,0.001321,0.123704,0.001975,,500,,
1,1,,0.233306,0.567866,0.004874,0.066954,0.001321,0.123704,0.001975,,400,,
1,1,,0.233306,0.567866,0.004874,0.066954,0.001321,0.123704,0.001975,,400,,
1,1,,0.233306,0.567866,0.004874,0.066954,0.001321,0.123704,0.001975,,400,,
2,2,,0.142658,0.022219,0.757175,0.005521,0.000776,0.005847,0.065806,,500,,
2,2,,0.142658,0.022219,0.757175,0.005521,0.000776,0.005847,0.065806,,400,,
2,3,,0,0.000059,0.038631,0.961233,0.000009,0.000043,0.000024,,600,,
2,2,,0.000001,0.000628,0.879944,0.113755,0.005189,0.000329,0.000155,,600,,
2,2,,0.142658,0.022219,0.757175,0.005521,0.000776,0.005847,0.065806,,400,,
2,2,,0.142658,0.022219,0.757175,0.005521,0.000776,0.005847,0.065806,,400,,
2,2,,0.142658,0.022219,0.757175,0.005521,0.000776,0.005847,0.065806,,400,,
2,0,,0.755722,0.003211,0.19723,0.001742,0.000274,0.00232,0.039501,,400,,
2,2,,0.142658,0.022219,0.757175,0.005521,0.000776,0.005847,0.065806,,400,,
2,2,,0.142658,0.022219,0.757175,0.005521,0.000776,0.005847,0.065806,,400,,
2,2,,0.000001,0.000628,0.879944,0.113755,0.005189,0.000329,0.000155,,500,,
2,2,,0.000087,0.001643,0.948455,0.047898,0.000015,0.001191,0.000712,,500,,
2,2,,0.000001,0.000628,0.879944,0.113755,0.005189,0.000329,0.000155,,500,,
2,2,,0.142658,0.022219,0.757175,0.005521,0.000776,0.005847,0.065806,,400,,
2,2,,0.142658,0.022219,0.757175,0.005521,0.000776,0.005847,0.065806,,400,,
2,2,,0.142658,0.022219,0.757175,0.005521,0.000776,0.005847,0.065806,,400,,
2,2,,0.142658,0.022219,0.757175,0.005521,0.000776,0.005847,0.065806,,400,,
2,2,,0.000001,0.000628,0.879944,0.113755,0.005189,0.000329,0.000155,,500,,
2,2,,0.142658,0.022219,0.757175,0.005521,0.000776,0.005847,0.065806,,500,,
2,2,,0.142658,0.022219,0.757175,0.005521,0.000776,0.005847,0.065806,,400,,
2,2,,0.142658,0.022219,0.757175,0.005521,0.000776,0.005847,0.065806,,400,,
2,0,,0.995415,0.001074,0.000486,0.00148,0.001088,0.000261,0.000196,,400,,
2,2,,0.000001,0.000628,0.879944,0.113755,0.005189,0.000329,0.000155,,500,,
2,2,,0.142658,0.022219,0.757175,0.005521,0.000776,0.005847,0.065806,,500,,
2,0,,0.755722,0.003211,0.19723,0.001742,0.000274,0.00232,0.039501,,400,,
2,0,,0.995415,0.001074,0.000486,0.00148,0.001088,0.000261,0.000196,,400,,
2,2,,0.142658,0.022219,0.757175,0.005521,0.000776,0.005847,0.065806,,400,,
2,2,,0.142658,0.022219,0.757175,0.005521,0.000776,0.005847,0.065806,,400,,
2,0,,0.755722,0.003211,0.19723,0.001742,0.000274,0.00232,0.039501,,500,,
2,2,,0.142658,0.022219,0.757175,0.005521,0.000776,0.005847,0.065806,,400,,
2,2,,0.000001,0.000628,0.879944,0.113755,0.005189,0.000329,0.000155,,500,,
2,2,,0.142658,0.022219,0.757175,0.005521,0.000776,0.005847,0.065806,,400,,
2,3,,0,0.000059,0.038631,0.961233,0.000009,0.000043,0.000024,,500,,
2,2,,0.142658,0.022219,0.757175,0.005521,0.000776,0.005847,0.065806,,400,,
2,0,,0.995415,0.001074,0.000486,0.00148,0.001088,0.000261,0.000196,,400,,
3,3,,0.000004,0.000011,0.000096,0.999829,0.000052,0.000007,0,,600,,
3,3,,0.000004,0.000011,0.000096,0.999829,0.000052,0.000007,0,,600,,
3,3,,0.000004,0.000011,0.000096,0.999829,0.000052,0.000007,0,,700,,
3,3,,0.000004,0.000011,0.000096,0.999829,0.000052,0.000007,0,,700,,
3,3,,0.000004,0.000011,0.000096,0.999829,0.000052,0.000007,0,,600,,
3,3,,0.000004,0.000011,0.000096,0.999829,0.000052,0.000007,0,,600,,
3,3,,0.000004,0.000011,0.000096,0.999829,0.000052,0.000007,0,,700,,
3,3,,0.000004,0.000011,0.000096,0.999829,0.000052,0.000007,0,,600,,
3,3,,0.000004,0.000011,0.000096,0.999829,0.000052,0.000007,0,,700,,
3,3,,0.000004,0.000011,0.000096,0.999829,0.000052,0.000007,0,,700,,
3,3,,0.000004,0.000011,0.000096,0.999829,0.000052,0.000007,0,,600,,
3,3,,0.000004,0.000011,0.000096,0.999829,0.000052,0.000007,0,,600,,
3,3,,0.000004,0.000011,0.000096,0.999829,0.000052,0.000007,0,,600,,
3,3,,0.000004,0.000011,0.000096,0.999829,0.000052,0.000007,0,,600,,
3,3,,0.000004,0.000011,0.000096,0.999829,0.000052,0.000007,0,,600,,
3,3,,0.000004,0.000011,0.000096,0.999829,0.000052,0.000007,0,,600,,
3,3,,0.000004,0.000011,0.000096,0.999829,0.000052,0.000007,0,,600,,
3,3,,0.000004,0.000011,0.000096,0.999829,0.000052,0.000007,0,,600,,
3,3,,0.000004,0.000011,0.000096,0.999829,0.000052,0.000007,0,,600,,
3,3,,0.000004,0.000011,0.000096,0.999829,0.000052,0.000007,0,,600,,
3,3,,0.000004,0.000011,0.000096,0.999829,0.000052,0.000007,0,,600,,
3,3,,0.000004,0.000011,0.000096,0.999829,0.000052,0.000007,0,,600,,
3,3,,0.000004,0.000011,0.000096,0.999829,0.000052,0.000007,0,,600,,
3,3,,0.000004,0.000011,0.000096,0.999829,0.000052,0.000007,0,,600,,
3,3,,0.000004,0.000011,0.000096,0.999829,0.000052,0.000007,0,,600,,
3,3,,0.000004,0.000011,0.000096,0.999829,0.000052,0.000007,0,,600,,
3,3,,0.000004,0.000011,0.000096,0.999829,0.000052,0.000007,0,,600,,
3,3,,0.000004,0.000011,0.000096,0.999829,0.000052,0.000007,0,,600,,
3,3,,0.000004,0.000011,0.000096,0.999829,0.000052,0.000007,0,,600,,
3,3,,0.000004,0.000011,0.000096,0.999829,0.000052,0.000007,0,,600,,
3,3,,0.000004,0.000011,0.000096,0.999829,0.000052,0.000007,0,,700,,
3,3,,0.000004,0.000011,0.000096,0.999829,0.000052,0.000007,0,,600,,
3,3,,0.000004,0.000011,0.000096,0.999829,0.000052,0.000007,0,,600,,
3,3,,0.000004,0.000011,0.000096,0.999829,0.000052,0.000007,0,,600,,
3,3,,0.000004,0.000011,0.000096,0.999829,0.000052,0.000007,0,,700,,
3,3,,0.000004,0.000011,0.000096,0.999829,0.000052,0.000007,0,,700,,
3,3,,0.000004,0.000011,0.000096,0.999829,0.000052,0.000007,0,,600,,
3,3,,0.000004,0.000011,0.000096,0.999829,0.000052,0.000007,0,,600,,
3,3,,0.000004,0.000011,0.000096,0.999829,0.000052,0.000007,0,,600,,
3,3,,0.000004,0.000011,0.000096,0.999829,0.000052,0.000007,0,,600,,
3,3,,0.000004,0.000011,0.000096,0.999829,0.000052,0.000007,0,,600,,
3,3,,0.000004,0.000011,0.000096,0.999829,0.000052,0.000007,0,,600,,
3,3,,0.000004,0.000011,0.000096,0.999829,0.000052,0.000007,0,,600,,
3,3,,0.000004,0.000011,0.000096,0.999829,0.000052,0.000007,0,,500,,
3,3,,0.000004,0.000011,0.000096,0.999829,0.000052,0.000007,0,,500,,
3,3,,0.000004,0.000011,0.000096,0.999829,0.000052,0.000007,0,,500,,
3,3,,0.000004,0.000011,0.000096,0.999829,0.000052,0.000007,0,,400,,
3,3,,0.000004,0.000011,0.000096,0.999829,0.000052,0.000007,0,,500,,
3,3,,0.000004,0.000011,0.000096,0.999829,0.000052,0.000007,0,,500,,
3,3,,0.000004,0.000011,0.000096,0.999829,0.000052,0.000007,0,,500,,
3,3,,0.000004,0.000011,0.000096,0.999829,0.000052,0.000007,0,,500,,
3,3,,0.000004,0.000011,0.000096,0.999829,0.000052,0.000007,0,,500,,
3,3,,0.000004,0.000011,0.000096,0.999829,0.000052,0.000007,0,,500,,
3,3,,0.000004,0.000011,0.000096,0.999829,0.000052,0.000007,0,,400,,
3,3,,0.000004,0.000011,0.000096,0.999829,0.000052,0.000007,0,,500,,
3,3,,0.000004,0.000011,0.000096,0.999829,0.000052,0.000007,0,,500,,
3,3,,0.000004,0.000011,0.000096,0.999829,0.000052,0.000007,0,,500,,
3,3,,0.000004,0.000011,0.000096,0.999829,0.000052,0.000007,0,,500,,
3,3,,0.000004,0.000011,0.000096,0.999829,0.000052,0.000007,0,,400,,
3,3,,0.000004,0.000011,0.000096,0.999829,0.000052,0.000007,0,,500,,
3,3,,0.000004,0.000011,0.000096,0.999829,0.000052,0.000007,0,,500,,
3,3,,0.000004,0.000011,0.000096,0.999829,0.000052,0.000007,0,,500,,
3,3,,0.000004,0.000011,0.000096,0.999829,0.000052,0.000007,0,,500,,
3,3,,0.000004,0.000011,0.000096,0.999829,0.000052,0.000007,0,,500,,
3,3,,0.000004,0.000011,0.000096,0.999829,0.000052,0.000007,0,,500,,
3,3,,0.000004,0.000011,0.000096,0.999829,0.000052,0.000007,0,,400,,
3,3,,0.000004,0.000011,0.000096,0.999829,0.000052,0.000007,0,,500,,
3,3,,0.000004,0.000011,0.000096,0.999829,0.000052,0.000007,0,,500,,
3,3,,0.000004,0.000011,0.000096,0.999829,0.000052,0.000007,0,,500,,
3,3,,0.000004,0.000011,0.000096,0.999829,0.000052,0.000007,0,,500,,
3,3,,0.000004,0.000011,0.000096,0.999829,0.000052,0.000007,0,,500,,
3,3,,0.000004,0.000011,0.000096,0.999829,0.000052,0.000007,0,,500,,
3,3,,0.000004,0.000011,0.000096,0.999829,0.000052,0.000007,0,,500,,
3,3,,0.000004,0.000011,0.000096,0.999829,0.000052,0.000007,0,,500,,
3,3,,0.000004,0.000011,0.000096,0.999829,0.000052,0.000007,0,,500,,
3,3,,0.000004,0.000011,0.000096,0.999829,0.000052,0.000007,0,,500,,
3,3,,0.000004,0.000011,0.000096,0.999829,0.000052,0.000007,0,,500,,
3,3,,0.000004,0.000011,0.000096,0.999829,0.000052,0.000007,0,,500,,
3,3,,0.000004,0.000011,0.000096,0.999829,0.000052,0.000007,0,,500,,
3,3,,0.000004,0.000011,0.000096,0.999829,0.000052,0.000007,0,,500,,
3,3,,0.000004,0.000011,0.000096,0.999829,0.000052,0.000007,0,,500,,
3,3,,0.000004,0.000011,0.000096,0.999829,0.000052,0.000007,0,,500,,
3,3,,0.000004,0.000011,0.000096,0.999829,0.000052,0.000007,0,,500,,
3,3,,0.000004,0.000011,0.000096,0.999829,0.000052,0.000007,0,,500,,
3,3,,0.000004,0.000011,0.000096,0.999829,0.000052,0.000007,0,,400,,
3,3,,0.000004,0.000011,0.000096,0.999829,0.000052,0.000007,0,,500,,
3,3,,0.000004,0.000011,0.000096,0.999829,0.000052,0.000007,0,,500,,
3,3,,0.000004,0.000011,0.000096,0.999829,0.000052,0.000007,0,,500,,
3,3,,0.000004,0.000011,0.000096,0.999829,0.000052,0.000007,0,,500,,
3,3,,0.000004,0.000011,0.000096,0.999829,0.000052,0.000007,0,,500,,
3,3,,0.000004,0.000011,0.000096,0.999829,0.000052,0.000007,0,,400,,
3,3,,0.000004,0.000011,0.000096,0.999829,0.000052,0.000007,0,,500,,
3,3,,0.000004,0.000011,0.000096,0.999829,0.000052,0.000007,0,,500,,
3,3,,0.000004,0.000011,0.000096,0.999829,0.000052,0.000007,0,,500,,
3,3,,0.000004,0.000011,0.000096,0.999829,0.000052,0.000007,0,,500,,
3,3,,0.000004,0.000011,0.000096,0.999829,0.000052,0.000007,0,,500,,
3,3,,0.000004,0.000011,0.000096,0.999829,0.000052,0.000007,0,,500,,
3,3,,0.000004,0.000011,0.000096,0.999829,0.000052,0.000007,0,,400,,
3,3,,0.000004,0.000011,0.000096,0.999829,0.000052,0.000007,0,,500,,
3,3,,0.000004,0.000011,0.000096,0.999829,0.000052,0.000007,0,,500,,
3,3,,0.000004,0.000011,0.000096,0.999829,0.000052,0.000007,0,,500,,
3,3,,0.000004,0.000011,0.000096,0.999829,0.000052,0.000007,0,,500,,
3,3,,0.000004,0.000011,0.000096,0.999829,0.000052,0.000007,0,,500,,
3,3,,0.000004,0.000011,0.000096,0.999829,0.000052,0.000007,0,,500,,
3,3,,0.000004,0.000011,0.000096,0.999829,0.000052,0.000007,0,,500,,
3,3,,0.000004,0.000011,0.000096,0.999829,0.000052,0.000007,0,,500,,
3,3,,0.000004,0.000011,0.000096,0.999829,0.000052,0.000007,0,,500,,
3,3,,0.000004,0.000011,0.000096,0.999829,0.000052,0.000007,0,,500,,
3,3,,0.000004,0.000011,0.000096,0.999829,0.000052,0.000007,0,,500,,
3,3,,0.000004,0.000011,0.000096,0.999829,0.000052,0.000007,0,,500,,
3,3,,0.000004,0.000011,0.000096,0.999829,0.000052,0.000007,0,,500,,
3,3,,0.000004,0.000011,0.000096,0.999829,0.000052,0.000007,0,,500,,
3,3,,0.000004,0.000011,0.000096,0.999829,0.000052,0.000007,0,,500,,
3,3,,0.000004,0.000011,0.000096,0.999829,0.000052,0.000007,0,,500,,
3,3,,0.000004,0.000011,0.000096,0.999829,0.000052,0.000007,0,,500,,
3,3,,0.000004,0.000011,0.000096,0.999829,0.000052,0.000007,0,,500,,
3,3,,0.000004,0.000011,0.000096,0.999829,0.000052,0.000007,0,,500,,
3,3,,0.000004,0.000011,0.000096,0.999829,0.000052,0.000007,0,,500,,
3,3,,0.000004,0.000011,0.000096,0.999829,0.000052,0.000007,0,,500,,
3,3,,0.000004,0.000011,0.000096,0.999829,0.000052,0.000007,0,,500,,
3,3,,0.000004,0.000011,0.000096,0.999829,0.000052,0.000007,0,,500,,
3,3,,0.000004,0.000011,0.000096,0.999829,0.000052,0.000007,0,,500,,
3,3,,0.000004,0.000011,0.000096,0.999829,0.000052,0.000007,0,,500,,
3,3,,0.000004,0.000011,0.000096,0.999829,0.000052,0.000007,0,,500,,
3,3,,0.000004,0.000011,0.000096,0.999829,0.000052,0.000007,0,,500,,
3,3,,0.000004,0.000011,0.000096,0.999829,0.000052,0.000007,0,,500,,
3,3,,0.000004,0.000011,0.000096,0.999829,0.000052,0.000007,0,,500,,
3,3,,0.000004,0.000011,0.000096,0.999829,0.000052,0.000007,0,,500,,
3,3,,0.000004,0.000011,0.000096,0.999829,0.000052,0.000007,0,,500,,
3,3,,0.000004,0.000011,0.000096,0.999829,0.000052,0.000007,0,,400,,
3,3,,0.000004,0.000011,0.000096,0.999829,0.000052,0.000007,0,,500,,
3,3,,0.000004,0.000011,0.000096,0.999829,0.000052,0.000007,0,,500,,
3,3,,0.000004,0.000011,0.000096,0.999829,0.000052,0.000007,0,,500,,
3,3,,0.000004,0.000011,0.000096,0.999829,0.000052,0.000007,0,,500,,
3,3,,0.000004,0.000011,0.000096,0.999829,0.000052,0.000007,0,,500,,
3,3,,0.000004,0.000011,0.000096,0.999829,0.000052,0.000007,0,,500,,
3,3,,0.000004,0.000011,0.000096,0.999829,0.000052,0.000007,0,,500,,
3,3,,0.000004,0.000011,0.000096,0.999829,0.000052,0.000007,0,,500,,
3,3,,0.000004,0.000011,0.000096,0.999829,0.000052,0.000007,0,,500,,
3,3,,0.000004,0.000011,0.000096,0.999829,0.000052,0.000007,0,,500,,
3,3,,0.000004,0.000011,0.000096,0.999829,0.000052,0.000007,0,,500,,
3,3,,0.000004,0.000011,0.000096,0.999829,0.000052,0.000007,0,,400,,
3,3,,0.000004,0.000011,0.000096,0.999829,0.000052,0.000007,0,,500,,
3,3,,0.000004,0.000011,0.000096,0.999829,0.000052,0.000007,0,,500,,
3,3,,0.000004,0.000011,0.000096,0.999829,0.000052,0.000007,0,,500,,
3,3,,0.000004,0.000011,0.000096,0.999829,0.000052,0.000007,0,,500,,
3,3,,0.000004,0.000011,0.000096,0.999829,0.000052,0.000007,0,,400,,
3,3,,0.000004,0.000011,0.000096,0.999829,0.000052,0.000007,0,,500,,
3,3,,0.000004,0.000011,0.000096,0.999829,0.000052,0.000007,0,,500,,
3,3,,0.000004,0.000011,0.000096,0.999829,0.000052,0.000007,0,,500,,
3,3,,0.000004,0.000011,0.000096,0.999829,0.000052,0.000007,0,,500,,
3,3,,0.000004,0.000011,0.000096,0.999829,0.000052,0.000007,0,,500,,
3,3,,0.000004,0.000011,0.000096,0.999829,0.000052,0.000007,0,,500,,
3,3,,0.000004,0.000011,0.000096,0.999829,0.000052,0.000007,0,,500,,
3,3,,0.000004,0.000011,0.000096,0.999829,0.000052,0.000007,0,,500,,
3,3,,0.000004,0.000011,0.000096,0.999829,0.000052,0.000007,0,,500,,
3,3,,0.000004,0.000011,0.000096,0.999829,0.000052,0.000007,0,,500,,
3,3,,0.000004,0.000011,0.000096,0.999829,0.000052,0.000007,0,,500,,
3,3,,0.000004,0.000011,0.000096,0.999829,0.000052,0.000007,0,,500,,
3,3,,0.000004,0.000011,0.000096,0.999829,0.000052,0.000007,0,,500,,
3,3,,0.000004,0.000011,0.000096,0.999829,0.000052,0.000007,0,,400,,
3,3,,0.000004,0.000011,0.000096,0.999829,0.000052,0.000007,0,,500,,
3,3,,0.000004,0.000011,0.000096,0.999829,0.000052,0.000007,0,,500,,
3,3,,0.000004,0.000011,0.000096,0.999829,0.000052,0.000007,0,,500,,
3,3,,0.000004,0.000011,0.000096,0.999829,0.000052,0.000007,0,,500,,
3,3,,0.000004,0.000011,0.000096,0.999829,0.000052,0.000007,0,,500,,
3,3,,0.000004,0.000011,0.000096,0.999829,0.000052,0.000007,0,,500,,
3,3,,0.000004,0.000011,0.000096,0.999829,0.000052,0.000007,0,,500,,
3,3,,0.000004,0.000011,0.000096,0.999829,0.000052,0.000007,0,,500,,
3,3,,0.000004,0.000011,0.000096,0.999829,0.000052,0.000007,0,,500,,
3,3,,0.000004,0.000011,0.000096,0.999829,0.000052,0.000007,0,,500,,
3,3,,0.000004,0.000011,0.000096,0.999829,0.000052,0.000007,0,,500,,
3,3,,0.000004,0.000011,0.000096,0.999829,0.000052,0.000007,0,,500,,
3,3,,0.000004,0.000011,0.000096,0.999829,0.000052,0.000007,0,,500,,
3,3,,0.000004,0.000011,0.000096,0.999829,0.000052,0.000007,0,,500,,
3,3,,0.000004,0.000011,0.000096,0.999829,0.000052,0.000007,0,,500,,
3,3,,0.000004,0.000011,0.000096,0.999829,0.000052,0.000007,0,,400,,
3,3,,0.000004,0.000011,0.000096,0.999829,0.000052,0.000007,0,,500,,
3,3,,0.000004,0.000011,0.000096,0.999829,0.000052,0.000007,0,,400,,
3,3,,0.000004,0.000011,0.000096,0.999829,0.000052,0.000007,0,,500,,
3,3,,0.000004,0.000011,0.000096,0.999829,0.000052,0.000007,0,,500,,
3,3,,0.000004,0.000011,0.000096,0.999829,0.000052,0.000007,0,,500,,
3,3,,0.000004,0.000011,0.000096,0.999829,0.000052,0.000007,0,,500,,
3,3,,0.000004,0.000011,0.000096,0.999829,0.000052,0.000007,0,,500,,
3,3,,0.000004,0.000011,0.000096,0.999829,0.000052,0.000007,0,,500,,
3,3,,0.000004,0.000011,0.000096,0.999829,0.000052,0.000007,0,,500,,
3,3,,0.000004,0.000011,0.000096,0.999829,0.000052,0.000007,0,,500,,
3,3,,0.000004,0.000011,0.000096,0.999829,0.000052,0.000007,0,,500,,
3,3,,0.000004,0.000011,0.000096,0.999829,0.000052,0.000007,0,,500,,
3,3,,0.000004,0.000011,0.000096,0.999829,0.000052,0.000007,0,,500,,
3,3,,0.000004,0.000011,0.000096,0.999829,0.000052,0.000007,0,,500,,
3,3,,0.000004,0.000011,0.000096,0.999829,0.000052,0.000007,0,,500,,
3,3,,0.000004,0.000011,0.000096,0.999829,0.000052,0.000007,0,,500,,
3,3,,0.000004,0.000011,0.000096,0.999829,0.000052,0.000007,0,,400,,
3,3,,0.000004,0.000011,0.000096,0.999829,0.000052,0.000007,0,,500,,
3,3,,0.000004,0.000011,0.000096,0.999829,0.000052,0.000007,0,,500,,
3,3,,0.000004,0.000011,0.000096,0.999829,0.000052,0.000007,0,,500,,
3,3,,0.000004,0.000011,0.000096,0.999829,0.000052,0.000007,0,,500,,
3,3,,0.000004,0.000011,0.000096,0.999829,0.000052,0.000007,0,,500,,
3,3,,0.000004,0.000011,0.000096,0.999829,0.000052,0.000007,0,,500,,
3,3,,0.000004,0.000011,0.000096,0.999829,0.000052,0.000007,0,,500,,
3,3,,0.000004,0.000011,0.000096,0.999829,0.000052,0.000007,0,,500,,
3,3,,0.000004,0.000011,0.000096,0.999829,0.000052,0.000007,0,,500,,
3,3,,0.000004,0.000011,0.000096,0.999829,0.000052,0.000007,0,,500,,
3,3,,0.000004,0.000011,0.000096,0.999829,0.000052,0.000007,0,,500,,
3,3,,0.000004,0.000011,0.000096,0.999829,0.000052,0.000007,0,,500,,
3,3,,0.000004,0.000011,0.000096,0.999829,0.000052,0.000007,0,,500,,
3,3,,0.000004,0.000011,0.000096,0.999829,0.000052,0.000007,0,,800,,
3,3,,0.000004,0.000011,0.000096,0.999829,0.000052,0.000007,0,,600,,
3,3,,0.000004,0.000011,0.000096,0.999829,0.000052,0.000007,0,,500,,
3,3,,0.000004,0.000011,0.000096,0.999829,0.000052,0.000007,0,,600,,
3,3,,0.000004,0.000011,0.000096,0.999829,0.000052,0.000007,0,,600,,
3,3,,0.000004,0.000011,0.000096,0.999829,0.000052,0.000007,0,,600,,
3,3,,0.000004,0.000011,0.000096,0.999829,0.000052,0.000007,0,,500,,
3,3,,0.000004,0.000011,0.000096,0.999829,0.000052,0.000007,0,,500,,
3,3,,0.000004,0.000011,0.000096,0.999829,0.000052,0.000007,0,,500,,
3,3,,0.000004,0.000011,0.000096,0.999829,0.000052,0.000007,0,,500,,
3,3,,0.000004,0.000011,0.000096,0.999829,0.000052,0.000007,0,,500,,
3,3,,0.000004,0.000011,0.000096,0.999829,0.000052,0.000007,0,,500,,
3,3,,0.000004,0.000011,0.000096,0.999829,0.000052,0.000007,0,,500,,
3,3,,0.000004,0.000011,0.000096,0.999829,0.000052,0.000007,0,,500,,
3,3,,0.000004,0.000011,0.000096,0.999829,0.000052,0.000007,0,,500,,
3,3,,0.000004,0.000011,0.000096,0.999829,0.000052,0.000007,0,,500,,
3,3,,0.000004,0.000011,0.000096,0.999829,0.000052,0.000007,0,,400,,
3,3,,0.000004,0.000011,0.000096,0.999829,0.000052,0.000007,0,,500,,
3,3,,0.000004,0.000011,0.000096,0.999829,0.000052,0.000007,0,,600,,
3,3,,0.000004,0.000011,0.000096,0.999829,0.000052,0.000007,0,,500,,
3,3,,0.000004,0.000011,0.000096,0.999829,0.000052,0.000007,0,,500,,
3,3,,0.000004,0.000011,0.000096,0.999829,0.000052,0.000007,0,,500,,
3,3,,0.000004,0.000011,0.000096,0.999829,0.000052,0.000007,0,,500,,
3,3,,0.000004,0.000011,0.000096,0.999829,0.000052,0.000007,0,,500,,
3,3,,0.000004,0.000011,0.000096,0.999829,0.000052,0.000007,0,,500,,
3,3,,0.000004,0.000011,0.000096,0.999829,0.000052,0.000007,0,,500,,
3,3,,0.000004,0.000011,0.000096,0.999829,0.000052,0.000007,0,,500,,
3,3,,0.000004,0.000011,0.000096,0.999829,0.000052,0.000007,0,,500,,
3,3,,0.000004,0.000011,0.000096,0.999829,0.000052,0.000007,0,,500,,
3,3,,0.000004,0.000011,0.000096,0.999829,0.000052,0.000007,0,,500,,
3,3,,0.000004,0.000011,0.000096,0.999829,0.000052,0.000007,0,,500,,
3,3,,0.000004,0.000011,0.000096,0.999829,0.000052,0.000007,0,,500,,
3,3,,0.000004,0.000011,0.000096,0.999829,0.000052,0.000007,0,,500,,
3,3,,0.000004,0.000011,0.000096,0.999829,0.000052,0.000007,0,,500,,
3,3,,0.000004,0.000011,0.000096,0.999829,0.000052,0.000007,0,,500,,
3,3,,0.000004,0.000011,0.000096,0.999829,0.000052,0.000007,0,,500,,
3,3,,0.000004,0.000011,0.000096,0.999829,0.000052,0.000007,0,,500,,
3,3,,0.000004,0.000011,0.000096,0.999829,0.000052,0.000007,0,,500,,
3,3,,0.000004,0.000011,0.000096,0.999829,0.000052,0.000007,0,,500,,
3,3,,0.000004,0.000011,0.000096,0.999829,0.000052,0.000007,0,,500,,
3,3,,0.000004,0.000011,0.000096,0.999829,0.000052,0.000007,0,,500,,
3,3,,0.000004,0.000011,0.000096,0.999829,0.000052,0.000007,0,,500,,
3,3,,0.000004,0.000011,0.000096,0.999829,0.000052,0.000007,0,,500,,
3,3,,0.000004,0.000011,0.000096,0.999829,0.000052,0.000007,0,,500,,
3,3,,0.000004,0.000011,0.000096,0.999829,0.000052,0.000007,0,,500,,
3,3,,0.000004,0.000011,0.000096,0.999829,0.000052,0.000007,0,,500,,
3,3,,0.000004,0.000011,0.000096,0.999829,0.000052,0.000007,0,,500,,
3,3,,0.000004,0.000011,0.000096,0.999829,0.000052,0.000007,0,,500,,
3,3,,0.000004,0.000011,0.000096,0.999829,0.000052,0.000007,0,,500,,
3,3,,0.000004,0.000011,0.000096,0.999829,0.000052,0.000007,0,,500,,
3,3,,0.000004,0.000011,0.000096,0.999829,0.000052,0.000007,0,,500,,
3,3,,0.000004,0.000011,0.000096,0.999829,0.000052,0.000007,0,,500,,
3,3,,0.000004,0.000011,0.000096,0.999829,0.000052,0.000007,0,,500,,
3,3,,0.000004,0.000011,0.000096,0.999829,0.000052,0.000007,0,,500,,
3,3,,0.000004,0.000011,0.000096,0.999829,0.000052,0.000007,0,,500,,
3,3,,0.000004,0.000011,0.000096,0.999829,0.000052,0.000007,0,,500,,
3,3,,0.000004,0.000011,0.000096,0.999829,0.000052,0.000007,0,,500,,
3,3,,0.000004,0.000011,0.000096,0.999829,0.000052,0.000007,0,,400,,
3,3,,0.000004,0.000011,0.000096,0.999829,0.000052,0.000007,0,,500,,
3,3,,0.000004,0.000011,0.000096,0.999829,0.000052,0.000007,0,,500,,
3,3,,0.000004,0.000011,0.000096,0.999829,0.000052,0.000007,0,,500,,
3,3,,0.000004,0.000011,0.000096,0.999829,0.000052,0.000007,0,,500,,
3,3,,0.000004,0.000011,0.000096,0.999829,0.000052,0.000007,0,,500,,
3,3,,0.000004,0.000011,0.000096,0.999829,0.000052,0.000007,0,,500,,
3,3,,0.000004,0.000011,0.000096,0.999829,0.000052,0.000007,0,,500,,
3,3,,0.000004,0.000011,0.000096,0.999829,0.000052,0.000007,0,,500,,
3,3,,0.000004,0.000011,0.000096,0.999829,0.000052,0.000007,0,,500,,
3,3,,0.000004,0.000011,0.000096,0.999829,0.000052,0.000007,0,,500,,
3,3,,0.000004,0.000011,0.000096,0.999829,0.000052,0.000007,0,,600,,
3,3,,0.000004,0.000011,0.000096,0.999829,0.000052,0.000007,0,,500,,
3,3,,0.000004,0.000011,0.000096,0.999829,0.000052,0.000007,0,,500,,
3,3,,0.000004,0.000011,0.000096,0.999829,0.000052,0.000007,0,,500,,
3,3,,0.000004,0.000011,0.000096,0.999829,0.000052,0.000007,0,,500,,
3,3,,0.000004,0.000011,0.000096,0.999829,0.000052,0.000007,0,,500,,
3,3,,0.000004,0.000011,0.000096,0.999829,0.000052,0.000007,0,,500,,
3,3,,0.000004,0.000011,0.000096,0.999829,0.000052,0.000007,0,,500,,
3,3,,0.000004,0.000011,0.000096,0.999829,0.000052,0.000007,0,,500,,
3,3,,0.000004,0.000011,0.000096,0.999829,0.000052,0.000007,0,,400,,
3,3,,0.000004,0.000011,0.000096,0.999829,0.000052,0.000007,0,,500,,
3,3,,0.000004,0.000011,0.000096,0.999829,0.000052,0.000007,0,,500,,
3,3,,0.000004,0.000011,0.000096,0.999829,0.000052,0.000007,0,,500,,
3,3,,0.000004,0.000011,0.000096,0.999829,0.000052,0.000007,0,,500,,
3,3,,0.000004,0.000011,0.000096,0.999829,0.000052,0.000007,0,,400,,
3,3,,0.000004,0.000011,0.000096,0.999829,0.000052,0.000007,0,,500,,
3,3,,0.000004,0.000011,0.000096,0.999829,0.000052,0.000007,0,,500,,
3,3,,0.000004,0.000011,0.000096,0.999829,0.000052,0.000007,0,,500,,
3,3,,0.000004,0.000011,0.000096,0.999829,0.000052,0.000007,0,,500,,
3,3,,0.000004,0.000011,0.000096,0.999829,0.000052,0.000007,0,,500,,
3,3,,0.000004,0.000011,0.000096,0.999829,0.000052,0.000007,0,,500,,
3,3,,0.000004,0.000011,0.000096,0.999829,0.000052,0.000007,0,,500,,
3,3,,0.000004,0.000011,0.000096,0.999829,0.000052,0.000007,0,,500,,
3,3,,0.000004,0.000011,0.000096,0.999829,0.000052,0.000007,0,,500,,
3,3,,0.000004,0.000011,0.000096,0.999829,0.000052,0.000007,0,,400,,
3,3,,0.000004,0.000011,0.000096,0.999829,0.000052,0.000007,0,,500,,
3,3,,0.000004,0.000011,0.000096,0.999829,0.000052,0.000007,0,,500,,
3,3,,0.000004,0.000011,0.000096,0.999829,0.000052,0.000007,0,,500,,
3,3,,0.000004,0.000011,0.000096,0.999829,0.000052,0.000007,0,,500,,
3,3,,0.000004,0.000011,0.000096,0.999829,0.000052,0.000007,0,,500,,
3,3,,0.000004,0.000011,0.000096,0.999829,0.000052,0.000007,0,,500,,
3,3,,0.000004,0.000011,0.000096,0.999829,0.000052,0.000007,0,,500,,
3,3,,0.000004,0.000011,0.000096,0.999829,0.000052,0.000007,0,,500,,
3,3,,0.000004,0.000011,0.000096,0.999829,0.000052,0.000007,0,,500,,
3,3,,0.000004,0.000011,0.000096,0.999829,0.000052,0.000007,0,,500,,
3,3,,0.000004,0.000011,0.000096,0.999829,0.000052,0.000007,0,,500,,
3,3,,0.000004,0.000011,0.000096,0.999829,0.000052,0.000007,0,,500,,
3,3,,0.000004,0.000011,0.000096,0.999829,0.000052,0.000007,0,,500,,
3,3,,0.000004,0.000011,0.000096,0.999829,0.000052,0.000007,0,,500,,
3,3,,0.000004,0.000011,0.000096,0.999829,0.000052,0.000007,0,,400,,
3,3,,0.000004,0.000011,0.000096,0.999829,0.000052,0.000007,0,,500,,
3,3,,0.000004,0.000011,0.000096,0.999829,0.000052,0.000007,0,,500,,
3,3,,0.000004,0.000011,0.000096,0.999829,0.000052,0.000007,0,,500,,
3,3,,0.000004,0.000011,0.000096,0.999829,0.000052,0.000007,0,,500,,
3,3,,0.000004,0.000011,0.000096,0.999829,0.000052,0.000007,0,,500,,
3,3,,0.000004,0.000011,0.000096,0.999829,0.000052,0.000007,0,,500,,
3,3,,0.000004,0.000011,0.000096,0.999829,0.000052,0.000007,0,,500,,
3,3,,0.000004,0.000011,0.000096,0.999829,0.000052,0.000007,0,,500,,
3,3,,0.000004,0.000011,0.000096,0.999829,0.000052,0.000007,0,,500,,
3,3,,0.000004,0.000011,0.000096,0.999829,0.000052,0.000007,0,,500,,
3,3,,0.000004,0.000011,0.000096,0.999829,0.000052,0.000007,0,,500,,
3,3,,0.000004,0.000011,0.000096,0.999829,0.000052,0.000007,0,,500,,
3,3,,0.000004,0.000011,0.000096,0.999829,0.000052,0.000007,0,,500,,
3,3,,0.000004,0.000011,0.000096,0.999829,0.000052,0.000007,0,,500,,
3,3,,0.000004,0.000011,0.000096,0.999829,0.000052,0.000007,0,,500,,
3,3,,0.000004,0.000011,0.000096,0.999829,0.000052,0.000007,0,,500,,
3,3,,0.000004,0.000011,0.000096,0.999829,0.000052,0.000007,0,,500,,
3,3,,0.000004,0.000011,0.000096,0.999829,0.000052,0.000007,0,,500,,
3,3,,0.000004,0.000011,0.000096,0.999829,0.000052,0.000007,0,,500,,
3,3,,0.000004,0.000011,0.000096,0.999829,0.000052,0.000007,0,,500,,
3,3,,0.000004,0.000011,0.000096,0.999829,0.000052,0.000007,0,,500,,
3,3,,0.000004,0.000011,0.000096,0.999829,0.000052,0.000007,0,,500,,
3,3,,0.000004,0.000011,0.000096,0.999829,0.000052,0.000007,0,,500,,
3,3,,0.000004,0.000011,0.000096,0.999829,0.000052,0.000007,0,,400,,
3,3,,0.000004,0.000011,0.000096,0.999829,0.000052,0.000007,0,,500,,
3,3,,0.000004,0.000011,0.000096,0.999829,0.000052,0.000007,0,,500,,
3,3,,0.000004,0.000011,0.000096,0.999829,0.000052,0.000007,0,,500,,
3,3,,0.000004,0.000011,0.000096,0.999829,0.000052,0.000007,0,,500,,
3,3,,0.000004,0.000011,0.000096,0.999829,0.000052,0.000007,0,,500,,
3,3,,0.000004,0.000011,0.000096,0.999829,0.000052,0.000007,0,,500,,
3,3,,0.000004,0.000011,0.000096,0.999829,0.000052,0.000007,0,,500,,
3,3,,0.000004,0.000011,0.000096,0.999829,0.000052,0.000007,0,,500,,
3,3,,0.000004,0.000011,0.000096,0.999829,0.000052,0.000007,0,,500,,
3,3,,0.000004,0.000011,0.000096,0.999829,0.000052,0.000007,0,,500,,
3,3,,0.000004,0.000011,0.000096,0.999829,0.000052,0.000007,0,,500,,
3,3,,0.000004,0.000011,0.000096,0.999829,0.000052,0.000007,0,,500,,
3,3,,0.000004,0.000011,0.000096,0.999829,0.000052,0.000007,0,,500,,
3,3,,0.000004,0.000011,0.000096,0.999829,0.000052,0.000007,0,,500,,
3,3,,0.000004,0.000011,0.000096,0.999829,0.000052,0.000007,0,,500,,
3,3,,0.000004,0.000011,0.000096,0.999829,0.000052,0.000007,0,,500,,
3,3,,0.000004,0.000011,0.000096,0.999829,0.000052,0.000007,0,,500,,
3,3,,0.000004,0.000011,0.000096,0.999829,0.000052,0.000007,0,,500,,
3,3,,0.000004,0.000011,0.000096,0.999829,0.000052,0.000007,0,,500,,
3,3,,0.000004,0.000011,0.000096,0.999829,0.000052,0.000007,0,,500,,
3,3,,0.000004,0.000011,0.000096,0.999829,0.000052,0.000007,0,,500,,
3,3,,0.000004,0.000011,0.000096,0.999829,0.000052,0.000007,0,,500,,
3,3,,0.000004,0.000011,0.000096,0.999829,0.000052,0.000007,0,,500,,
3,3,,0.000004,0.000011,0.000096,0.999829,0.000052,0.000007,0,,500,,
3,3,,0.000004,0.000011,0.000096,0.999829,0.000052,0.000007,0,,500,,
3,3,,0.000004,0.000011,0.000096,0.999829,0.000052,0.000007,0,,500,,
3,3,,0.000004,0.000011,0.000096,0.999829,0.000052,0.000007,0,,500,,
3,3,,0.000004,0.000011,0.000096,0.999829,0.000052,0.000007,0,,500,,
3,3,,0.000004,0.000011,0.000096,0.999829,0.000052,0.000007,0,,500,,
3,3,,0.000004,0.000011,0.000096,0.999829,0.000052,0.000007,0,,500,,
3,3,,0.000004,0.000011,0.000096,0.999829,0.000052,0.000007,0,,500,,
3,3,,0.000004,0.000011,0.000096,0.999829,0.000052,0.000007,0,,500,,
3,3,,0.000004,0.000011,0.000096,0.999829,0.000052,0.000007,0,,500,,
3,3,,0.000004,0.000011,0.000096,0.999829,0.000052,0.000007,0,,500,,
3,3,,0.000004,0.000011,0.000096,0.999829,0.000052,0.000007,0,,500,,
3,3,,0.000004,0.000011,0.000096,0.999829,0.000052,0.000007,0,,500,,
3,3,,0.000004,0.000011,0.000096,0.999829,0.000052,0.000007,0,,500,,
3,3,,0.000004,0.000011,0.000096,0.999829,0.000052,0.000007,0,,500,,
3,3,,0.000004,0.000011,0.000096,0.999829,0.000052,0.000007,0,,500,,
3,3,,0.000004,0.000011,0.000096,0.999829,0.000052,0.000007,0,,500,,
3,3,,0.000004,0.000011,0.000096,0.999829,0.000052,0.000007,0,,500,,
3,3,,0.000004,0.000011,0.000096,0.999829,0.000052,0.000007,0,,500,,
3,3,,0.000004,0.000011,0.000096,0.999829,0.000052,0.000007,0,,500,,
3,3,,0.000004,0.000011,0.000096,0.999829,0.000052,0.000007,0,,400,,
3,3,,0.000004,0.000011,0.000096,0.999829,0.000052,0.000007,0,,500,,
3,3,,0.000004,0.000011,0.000096,0.999829,0.000052,0.000007,0,,500,,
3,3,,0.000004,0.000011,0.000096,0.999829,0.000052,0.000007,0,,500,,
3,3,,0.000004,0.000011,0.000096,0.999829,0.000052,0.000007,0,,500,,
3,3,,0.000004,0.000011,0.000096,0.999829,0.000052,0.000007,0,,500,,
3,3,,0.000004,0.000011,0.000096,0.999829,0.000052,0.000007,0,,500,,
3,3,,0.000004,0.000011,0.000096,0.999829,0.000052,0.000007,0,,400,,
3,3,,0.000004,0.000011,0.000096,0.999829,0.000052,0.000007,0,,500,,
3,3,,0.000004,0.000011,0.000096,0.999829,0.000052,0.000007,0,,500,,
3,3,,0.000004,0.000011,0.000096,0.999829,0.000052,0.000007,0,,500,,
3,3,,0.000004,0.000011,0.000096,0.999829,0.000052,0.000007,0,,500,,
3,3,,0.000004,0.000011,0.000096,0.999829,0.000052,0.000007,0,,500,,
3,3,,0.000004,0.000011,0.000096,0.999829,0.000052,0.000007,0,,500,,
3,3,,0.000004,0.000011,0.000096,0.999829,0.000052,0.000007,0,,500,,
3,3,,0.000004,0.000011,0.000096,0.999829,0.000052,0.000007,0,,500,,
3,3,,0.000004,0.000011,0.000096,0.999829,0.000052,0.000007,0,,500,,
3,3,,0.000004,0.000011,0.000096,0.999829,0.000052,0.000007,0,,500,,
3,3,,0.000004,0.000011,0.000096,0.999829,0.000052,0.000007,0,,500,,
3,3,,0.000004,0.000011,0.000096,0.999829,0.000052,0.000007,0,,500,,
3,3,,0.000004,0.000011,0.000096,0.999829,0.000052,0.000007,0,,500,,
3,3,,0.000004,0.000011,0.000096,0.999829,0.000052,0.000007,0,,500,,
3,3,,0.000004,0.000011,0.000096,0.999829,0.000052,0.000007,0,,500,,
3,3,,0.000004,0.000011,0.000096,0.999829,0.000052,0.000007,0,,500,,
3,3,,0.000004,0.000011,0.000096,0.999829,0.000052,0.000007,0,,400,,
3,3,,0.000004,0.000011,0.000096,0.999829,0.000052,0.000007,0,,500,,
3,3,,0.000004,0.000011,0.000096,0.999829,0.000052,0.000007,0,,500,,
3,3,,0.000004,0.000011,0.000096,0.999829,0.000052,0.000007,0,,500,,
3,3,,0.000004,0.000011,0.000096,0.999829,0.000052,0.000007,0,,500,,
3,3,,0.000004,0.000011,0.000096,0.999829,0.000052,0.000007,0,,400,,
3,3,,0.000004,0.000011,0.000096,0.999829,0.000052,0.000007,0,,500,,
3,3,,0.000004,0.000011,0.000096,0.999829,0.000052,0.000007,0,,500,,
3,3,,0.000004,0.000011,0.000096,0.999829,0.000052,0.000007,0,,500,,
3,3,,0.000004,0.000011,0.000096,0.999829,0.000052,0.000007,0,,500,,
3,3,,0.000004,0.000011,0.000096,0.999829,0.000052,0.000007,0,,500,,
3,3,,0.000004,0.000011,0.000096,0.999829,0.000052,0.000007,0,,500,,
3,3,,0.000004,0.000011,0.000096,0.999829,0.000052,0.000007,0,,500,,
3,3,,0.000004,0.000011,0.000096,0.999829,0.000052,0.000007,0,,500,,
3,3,,0.000004,0.000011,0.000096,0.999829,0.000052,0.000007,0,,500,,
3,3,,0.000004,0.000011,0.000096,0.999829,0.000052,0.000007,0,,500,,
3,3,,0.000004,0.000011,0.000096,0.999829,0.000052,0.000007,0,,500,,
3,3,,0.000218,0.064161,0.009331,0.887716,0.000038,0.038503,0.000033,,500,,
3,3,,0.000004,0.000011,0.000096,0.999829,0.000052,0.000007,0,,500,,
3,3,,0.000004,0.000011,0.000096,0.999829,0.000052,0.000007,0,,500,,
3,3,,0.000004,0.000011,0.000096,0.999829,0.000052,0.000007,0,,500,,
3,3,,0.000004,0.000011,0.000096,0.999829,0.000052,0.000007,0,,500,,
3,3,,0.000004,0.000011,0.000096,0.999829,0.000052,0.000007,0,,500,,
3,3,,0.000004,0.000011,0.000096,0.999829,0.000052,0.000007,0,,500,,
3,3,,0.000004,0.000011,0.000096,0.999829,0.000052,0.000007,0,,500,,
3,3,,0.000004,0.000011,0.000096,0.999829,0.000052,0.000007,0,,500,,
3,3,,0.000004,0.000011,0.000096,0.999829,0.000052,0.000007,0,,500,,
3,3,,0.000004,0.000011,0.000096,0.999829,0.000052,0.000007,0,,500,,
3,3,,0.000004,0.000011,0.000096,0.999829,0.000052,0.000007,0,,500,,
3,3,,0.000004,0.000011,0.000096,0.999829,0.000052,0.000007,0,,500,,
3,3,,0.000004,0.000011,0.000096,0.999829,0.000052,0.000007,0,,500,,
3,3,,0.000004,0.000011,0.000096,0.999829,0.000052,0.000007,0,,500,,
3,3,,0.000004,0.000011,0.000096,0.999829,0.000052,0.000007,0,,500,,
3,3,,0.000004,0.000011,0.000096,0.999829,0.000052,0.000007,0,,500,,
3,3,,0.000004,0.000011,0.000096,0.999829,0.000052,0.000007,0,,500,,
3,3,,0.000004,0.000011,0.000096,0.999829,0.000052,0.000007,0,,500,,
3,3,,0.000004,0.000011,0.000096,0.999829,0.000052,0.000007,0,,500,,
3,3,,0.000004,0.000011,0.000096,0.999829,0.000052,0.000007,0,,500,,
3,3,,0.000004,0.000011,0.000096,0.999829,0.000052,0.000007,0,,500,,
3,3,,0.000004,0.000011,0.000096,0.999829,0.000052,0.000007,0,,500,,
3,3,,0.000004,0.000011,0.000096,0.999829,0.000052,0.000007,0,,500,,
3,3,,0.000004,0.000011,0.000096,0.999829,0.000052,0.000007,0,,500,,
3,3,,0.000004,0.000011,0.000096,0.999829,0.000052,0.000007,0,,500,,
3,3,,0.000004,0.000011,0.000096,0.999829,0.000052,0.000007,0,,500,,
3,3,,0.000004,0.000011,0.000096,0.999829,0.000052,0.000007,0,,500,,
3,3,,0.000004,0.000011,0.000096,0.999829,0.000052,0.000007,0,,500,,
3,3,,0.000004,0.000011,0.000096,0.999829,0.000052,0.000007,0,,500,,
3,3,,0.000004,0.000011,0.000096,0.999829,0.000052,0.000007,0,,500,,
3,3,,0.000004,0.000011,0.000096,0.999829,0.000052,0.000007,0,,500,,
3,3,,0.000004,0.000011,0.000096,0.999829,0.000052,0.000007,0,,500,,
3,3,,0.000004,0.000011,0.000096,0.999829,0.000052,0.000007,0,,500,,
3,3,,0.000004,0.000011,0.000096,0.999829,0.000052,0.000007,0,,400,,
3,3,,0.000004,0.000011,0.000096,0.999829,0.000052,0.000007,0,,500,,
3,3,,0.000004,0.000011,0.000096,0.999829,0.000052,0.000007,0,,500,,
3,3,,0.000004,0.000011,0.000096,0.999829,0.000052,0.000007,0,,500,,
3,3,,0.000004,0.000011,0.000096,0.999829,0.000052,0.000007,0,,500,,
3,3,,0.000004,0.000011,0.000096,0.999829,0.000052,0.000007,0,,500,,
3,3,,0.000004,0.000011,0.000096,0.999829,0.000052,0.000007,0,,500,,
3,3,,0.000004,0.000011,0.000096,0.999829,0.000052,0.000007,0,,400,,
3,3,,0.000004,0.000011,0.000096,0.999829,0.000052,0.000007,0,,500,,
3,3,,0.000004,0.000011,0.000096,0.999829,0.000052,0.000007,0,,500,,
3,3,,0.000004,0.000011,0.000096,0.999829,0.000052,0.000007,0,,500,,
3,3,,0.000004,0.000011,0.000096,0.999829,0.000052,0.000007,0,,500,,
3,3,,0.000004,0.000011,0.000096,0.999829,0.000052,0.000007,0,,500,,
3,3,,0.000004,0.000011,0.000096,0.999829,0.000052,0.000007,0,,500,,
3,3,,0.000004,0.000011,0.000096,0.999829,0.000052,0.000007,0,,500,,
3,3,,0.000004,0.000011,0.000096,0.999829,0.000052,0.000007,0,,500,,
3,3,,0.000004,0.000011,0.000096,0.999829,0.000052,0.000007,0,,500,,
3,3,,0.000004,0.000011,0.000096,0.999829,0.000052,0.000007,0,,500,,
3,3,,0.000004,0.000011,0.000096,0.999829,0.000052,0.000007,0,,500,,
3,3,,0.000004,0.000011,0.000096,0.999829,0.000052,0.000007,0,,500,,
3,3,,0.000004,0.000011,0.000096,0.999829,0.000052,0.000007,0,,500,,
3,3,,0.000004,0.000011,0.000096,0.999829,0.000052,0.000007,0,,500,,
3,3,,0.000004,0.000011,0.000096,0.999829,0.000052,0.000007,0,,500,,
3,3,,0.000004,0.000011,0.000096,0.999829,0.000052,0.000007,0,,500,,
3,3,,0.000004,0.000011,0.000096,0.999829,0.000052,0.000007,0,,500,,
3,3,,0.000004,0.000011,0.000096,0.999829,0.000052,0.000007,0,,500,,
3,3,,0.000004,0.000011,0.000096,0.999829,0.000052,0.000007,0,,500,,
3,3,,0.000004,0.000011,0.000096,0.999829,0.000052,0.000007,0,,400,,
3,3,,0.000004,0.000011,0.000096,0.999829,0.000052,0.000007,0,,500,,
3,3,,0.000004,0.000011,0.000096,0.999829,0.000052,0.000007,0,,500,,
3,3,,0.000004,0.000011,0.000096,0.999829,0.000052,0.000007,0,,500,,
3,3,,0.000004,0.000011,0.000096,0.999829,0.000052,0.000007,0,,500,,
3,3,,0.000004,0.000011,0.000096,0.999829,0.000052,0.000007,0,,500,,
3,3,,0.000004,0.000011,0.000096,0.999829,0.000052,0.000007,0,,500,,
3,3,,0.000004,0.000011,0.000096,0.999829,0.000052,0.000007,0,,500,,
3,3,,0.000004,0.000011,0.000096,0.999829,0.000052,0.000007,0,,500,,
3,3,,0.000004,0.000011,0.000096,0.999829,0.000052,0.000007,0,,500,,
3,3,,0.000004,0.000011,0.000096,0.999829,0.000052,0.000007,0,,400,,
3,3,,0.042774,0.005588,0.042853,0.903441,0.00146,0.003736,0.000149,,500,,
3,3,,0.000004,0.000011,0.000096,0.999829,0.000052,0.000007,0,,500,,
3,3,,0.000004,0.000011,0.000096,0.999829,0.000052,0.000007,0,,500,,
3,3,,0.000004,0.000011,0.000096,0.999829,0.000052,0.000007,0,,500,,
3,3,,0.000004,0.000011,0.000096,0.999829,0.000052,0.000007,0,,500,,
3,3,,0.000004,0.000011,0.000096,0.999829,0.000052,0.000007,0,,500,,
3,3,,0.000004,0.000011,0.000096,0.999829,0.000052,0.000007,0,,500,,
3,3,,0.000004,0.000011,0.000096,0.999829,0.000052,0.000007,0,,500,,
3,3,,0.000004,0.000011,0.000096,0.999829,0.000052,0.000007,0,,500,,
3,3,,0.000004,0.000011,0.000096,0.999829,0.000052,0.000007,0,,500,,
3,3,,0.000004,0.000011,0.000096,0.999829,0.000052,0.000007,0,,500,,
3,3,,0.000004,0.000011,0.000096,0.999829,0.000052,0.000007,0,,500,,
3,3,,0.000004,0.000011,0.000096,0.999829,0.000052,0.000007,0,,500,,
3,3,,0.000004,0.000011,0.000096,0.999829,0.000052,0.000007,0,,500,,
3,3,,0.000004,0.000011,0.000096,0.999829,0.000052,0.000007,0,,500,,
3,3,,0.000004,0.000011,0.000096,0.999829,0.000052,0.000007,0,,500,,
3,3,,0.000004,0.000011,0.000096,0.999829,0.000052,0.000007,0,,500,,
3,3,,0.000004,0.000011,0.000096,0.999829,0.000052,0.000007,0,,500,,
3,3,,0.000004,0.000011,0.000096,0.999829,0.000052,0.000007,0,,500,,
3,3,,0.000004,0.000011,0.000096,0.999829,0.000052,0.000007,0,,500,,
3,3,,0.000004,0.000011,0.000096,0.999829,0.000052,0.000007,0,,500,,
3,3,,0.000004,0.000011,0.000096,0.999829,0.000052,0.000007,0,,500,,
3,3,,0.000004,0.000011,0.000096,0.999829,0.000052,0.000007,0,,500,,
3,3,,0.000004,0.000011,0.000096,0.999829,0.000052,0.000007,0,,500,,
3,3,,0.000004,0.000011,0.000096,0.999829,0.000052,0.000007,0,,400,,
3,3,,0.000004,0.000011,0.000096,0.999829,0.000052,0.000007,0,,500,,
3,3,,0.000004,0.000011,0.000096,0.999829,0.000052,0.000007,0,,500,,
3,3,,0.000004,0.000011,0.000096,0.999829,0.000052,0.000007,0,,500,,
3,3,,0.000004,0.000011,0.000096,0.999829,0.000052,0.000007,0,,500,,
3,3,,0.000004,0.000011,0.000096,0.999829,0.000052,0.000007,0,,500,,
3,3,,0.000004,0.000011,0.000096,0.999829,0.000052,0.000007,0,,400,,
3,3,,0.000004,0.000011,0.000096,0.999829,0.000052,0.000007,0,,500,,
3,3,,0.000004,0.000011,0.000096,0.999829,0.000052,0.000007,0,,400,,
3,3,,0.000004,0.000011,0.000096,0.999829,0.000052,0.000007,0,,500,,
3,3,,0.000004,0.000011,0.000096,0.999829,0.000052,0.000007,0,,500,,
3,3,,0.000004,0.000011,0.000096,0.999829,0.000052,0.000007,0,,500,,
3,3,,0.000004,0.000011,0.000096,0.999829,0.000052,0.000007,0,,500,,
3,3,,0.000004,0.000011,0.000096,0.999829,0.000052,0.000007,0,,500,,
3,3,,0.000004,0.000011,0.000096,0.999829,0.000052,0.000007,0,,500,,
3,3,,0.000004,0.000011,0.000096,0.999829,0.000052,0.000007,0,,500,,
3,3,,0.000004,0.000011,0.000096,0.999829,0.000052,0.000007,0,,500,,
3,3,,0.000004,0.000011,0.000096,0.999829,0.000052,0.000007,0,,500,,
3,3,,0.000218,0.064161,0.009331,0.887716,0.000038,0.038503,0.000033,,600,,
3,3,,0.000004,0.000011,0.000096,0.999829,0.000052,0.000007,0,,500,,
3,3,,0.000004,0.000011,0.000096,0.999829,0.000052,0.000007,0,,500,,
3,3,,0.000004,0.000011,0.000096,0.999829,0.000052,0.000007,0,,500,,
3,3,,0.000004,0.000011,0.000096,0.999829,0.000052,0.000007,0,,500,,
3,3,,0.000004,0.000011,0.000096,0.999829,0.000052,0.000007,0,,500,,
3,3,,0.000004,0.000011,0.000096,0.999829,0.000052,0.000007,0,,500,,
3,3,,0.000004,0.000011,0.000096,0.999829,0.000052,0.000007,0,,500,,
3,3,,0.000004,0.000011,0.000096,0.999829,0.000052,0.000007,0,,500,,
3,3,,0.000004,0.000011,0.000096,0.999829,0.000052,0.000007,0,,400,,
3,3,,0.000004,0.000011,0.000096,0.999829,0.000052,0.000007,0,,500,,
3,3,,0.000004,0.000011,0.000096,0.999829,0.000052,0.000007,0,,500,,
3,3,,0.000004,0.000011,0.000096,0.999829,0.000052,0.000007,0,,500,,
3,3,,0.000004,0.000011,0.000096,0.999829,0.000052,0.000007,0,,500,,
3,3,,0.000004,0.000011,0.000096,0.999829,0.000052,0.000007,0,,500,,
3,3,,0.000004,0.000011,0.000096,0.999829,0.000052,0.000007,0,,500,,
3,3,,0.000004,0.000011,0.000096,0.999829,0.000052,0.000007,0,,500,,
3,3,,0.000004,0.000011,0.000096,0.999829,0.000052,0.000007,0,,500,,
3,3,,0.000004,0.000011,0.000096,0.999829,0.000052,0.000007,0,,500,,
3,3,,0.000004,0.000011,0.000096,0.999829,0.000052,0.000007,0,,500,,
3,3,,0.000004,0.000011,0.000096,0.999829,0.000052,0.000007,0,,500,,
3,3,,0.000004,0.000011,0.000096,0.999829,0.000052,0.000007,0,,500,,
3,3,,0.000004,0.000011,0.000096,0.999829,0.000052,0.000007,0,,500,,
3,3,,0.000004,0.000011,0.000096,0.999829,0.000052,0.000007,0,,500,,
3,3,,0.000004,0.000011,0.000096,0.999829,0.000052,0.000007,0,,500,,
3,3,,0.000004,0.000011,0.000096,0.999829,0.000052,0.000007,0,,400,,
3,3,,0.000004,0.000011,0.000096,0.999829,0.000052,0.000007,0,,500,,
3,3,,0.000004,0.000011,0.000096,0.999829,0.000052,0.000007,0,,500,,
3,3,,0.000004,0.000011,0.000096,0.999829,0.000052,0.000007,0,,500,,
3,3,,0.000004,0.000011,0.000096,0.999829,0.000052,0.000007,0,,500,,
3,3,,0.000004,0.000011,0.000096,0.999829,0.000052,0.000007,0,,500,,
3,3,,0.000004,0.000011,0.000096,0.999829,0.000052,0.000007,0,,500,,
3,3,,0.000004,0.000011,0.000096,0.999829,0.000052,0.000007,0,,500,,
3,3,,0.000004,0.000011,0.000096,0.999829,0.000052,0.000007,0,,500,,
3,3,,0.000004,0.000011,0.000096,0.999829,0.000052,0.000007,0,,500,,
3,3,,0.000004,0.000011,0.000096,0.999829,0.000052,0.000007,0,,500,,
3,3,,0.000004,0.000011,0.000096,0.999829,0.000052,0.000007,0,,500,,
3,3,,0.000004,0.000011,0.000096,0.999829,0.000052,0.000007,0,,400,,
3,3,,0.000004,0.000011,0.000096,0.999829,0.000052,0.000007,0,,500,,
3,3,,0.000004,0.000011,0.000096,0.999829,0.000052,0.000007,0,,500,,
3,3,,0.000004,0.000011,0.000096,0.999829,0.000052,0.000007,0,,500,,
3,3,,0.000004,0.000011,0.000096,0.999829,0.000052,0.000007,0,,500,,
3,3,,0.000004,0.000011,0.000096,0.999829,0.000052,0.000007,0,,400,,
3,3,,0.000004,0.000011,0.000096,0.999829,0.000052,0.000007,0,,500,,
3,3,,0.000004,0.000011,0.000096,0.999829,0.000052,0.000007,0,,500,,
3,3,,0.000004,0.000011,0.000096,0.999829,0.000052,0.000007,0,,500,,
3,3,,0.000004,0.000011,0.000096,0.999829,0.000052,0.000007,0,,500,,
3,3,,0.000004,0.000011,0.000096,0.999829,0.000052,0.000007,0,,500,,
3,3,,0.000004,0.000011,0.000096,0.999829,0.000052,0.000007,0,,500,,
3,3,,0.000004,0.000011,0.000096,0.999829,0.000052,0.000007,0,,500,,
3,3,,0.000004,0.000011,0.000096,0.999829,0.000052,0.000007,0,,500,,
3,3,,0.000004,0.000011,0.000096,0.999829,0.000052,0.000007,0,,500,,
3,3,,0.000004,0.000011,0.000096,0.999829,0.000052,0.000007,0,,500,,
3,3,,0.000004,0.000011,0.000096,0.999829,0.000052,0.000007,0,,500,,
3,3,,0.000004,0.000011,0.000096,0.999829,0.000052,0.000007,0,,500,,
3,3,,0.000004,0.000011,0.000096,0.999829,0.000052,0.000007,0,,500,,
3,3,,0.000004,0.000011,0.000096,0.999829,0.000052,0.000007,0,,500,,
3,3,,0.000004,0.000011,0.000096,0.999829,0.000052,0.000007,0,,400,,
3,3,,0.000004,0.000011,0.000096,0.999829,0.000052,0.000007,0,,500,,
3,3,,0.000004,0.000011,0.000096,0.999829,0.000052,0.000007,0,,500,,
3,3,,0.000004,0.000011,0.000096,0.999829,0.000052,0.000007,0,,500,,
3,3,,0.000004,0.000011,0.000096,0.999829,0.000052,0.000007,0,,500,,
3,3,,0.000004,0.000011,0.000096,0.999829,0.000052,0.000007,0,,400,,
3,3,,0.000004,0.000011,0.000096,0.999829,0.000052,0.000007,0,,500,,
3,3,,0.000004,0.000011,0.000096,0.999829,0.000052,0.000007,0,,500,,
3,3,,0.000004,0.000011,0.000096,0.999829,0.000052,0.000007,0,,500,,
3,3,,0.000004,0.000011,0.000096,0.999829,0.000052,0.000007,0,,500,,
3,3,,0.000004,0.000011,0.000096,0.999829,0.000052,0.000007,0,,500,,
3,3,,0.000004,0.000011,0.000096,0.999829,0.000052,0.000007,0,,500,,
3,3,,0.000004,0.000011,0.000096,0.999829,0.000052,0.000007,0,,500,,
3,3,,0.000004,0.000011,0.000096,0.999829,0.000052,0.000007,0,,500,,
3,3,,0.000004,0.000011,0.000096,0.999829,0.000052,0.000007,0,,500,,
3,3,,0.000004,0.000011,0.000096,0.999829,0.000052,0.000007,0,,500,,
3,3,,0.000004,0.000011,0.000096,0.999829,0.000052,0.000007,0,,500,,
3,3,,0.000004,0.000011,0.000096,0.999829,0.000052,0.000007,0,,500,,
3,3,,0.000218,0.064161,0.009331,0.887716,0.000038,0.038503,0.000033,,500,,
3,3,,0.000004,0.000011,0.000096,0.999829,0.000052,0.000007,0,,500,,
3,3,,0.000004,0.000011,0.000096,0.999829,0.000052,0.000007,0,,500,,
3,3,,0.000004,0.000011,0.000096,0.999829,0.000052,0.000007,0,,500,,
3,3,,0.000004,0.000011,0.000096,0.999829,0.000052,0.000007,0,,500,,
3,3,,0.000004,0.000011,0.000096,0.999829,0.000052,0.000007,0,,500,,
3,3,,0.000004,0.000011,0.000096,0.999829,0.000052,0.000007,0,,500,,
3,3,,0.000004,0.000011,0.000096,0.999829,0.000052,0.000007,0,,400,,
3,3,,0.000004,0.000011,0.000096,0.999829,0.000052,0.000007,0,,500,,
3,3,,0.000004,0.000011,0.000096,0.999829,0.000052,0.000007,0,,500,,
3,3,,0.000004,0.000011,0.000096,0.999829,0.000052,0.000007,0,,500,,
3,3,,0.000004,0.000011,0.000096,0.999829,0.000052,0.000007,0,,500,,
3,3,,0.000004,0.000011,0.000096,0.999829,0.000052,0.000007,0,,500,,
3,3,,0.000004,0.000011,0.000096,0.999829,0.000052,0.000007,0,,500,,
3,3,,0.000004,0.000011,0.000096,0.999829,0.000052,0.000007,0,,500,,
3,3,,0.000004,0.000011,0.000096,0.999829,0.000052,0.000007,0,,500,,
3,3,,0.000004,0.000011,0.000096,0.999829,0.000052,0.000007,0,,500,,
3,3,,0.000004,0.000011,0.000096,0.999829,0.000052,0.000007,0,,500,,
3,3,,0.000004,0.000011,0.000096,0.999829,0.000052,0.000007,0,,500,,
3,3,,0.000004,0.000011,0.000096,0.999829,0.000052,0.000007,0,,400,,
3,3,,0.000004,0.000011,0.000096,0.999829,0.000052,0.000007,0,,500,,
3,3,,0.000004,0.000011,0.000096,0.999829,0.000052,0.000007,0,,500,,
3,3,,0.000004,0.000011,0.000096,0.999829,0.000052,0.000007,0,,500,,
3,3,,0.000004,0.000011,0.000096,0.999829,0.000052,0.000007,0,,500,,
3,3,,0.000004,0.000011,0.000096,0.999829,0.000052,0.000007,0,,500,,
3,3,,0.000004,0.000011,0.000096,0.999829,0.000052,0.000007,0,,500,,
3,3,,0.000004,0.000011,0.000096,0.999829,0.000052,0.000007,0,,500,,
3,3,,0.000004,0.000011,0.000096,0.999829,0.000052,0.000007,0,,500,,
3,3,,0.000004,0.000011,0.000096,0.999829,0.000052,0.000007,0,,500,,
3,3,,0.000004,0.000011,0.000096,0.999829,0.000052,0.000007,0,,400,,
3,3,,0.000004,0.000011,0.000096,0.999829,0.000052,0.000007,0,,500,,
3,3,,0.000004,0.000011,0.000096,0.999829,0.000052,0.000007,0,,500,,
3,3,,0.000004,0.000011,0.000096,0.999829,0.000052,0.000007,0,,500,,
3,3,,0.000004,0.000011,0.000096,0.999829,0.000052,0.000007,0,,500,,
3,3,,0.000004,0.000011,0.000096,0.999829,0.000052,0.000007,0,,400,,
3,3,,0.000004,0.000011,0.000096,0.999829,0.000052,0.000007,0,,500,,
3,3,,0.000004,0.000011,0.000096,0.999829,0.000052,0.000007,0,,500,,
3,3,,0.000004,0.000011,0.000096,0.999829,0.000052,0.000007,0,,500,,
3,3,,0.000004,0.000011,0.000096,0.999829,0.000052,0.000007,0,,500,,
3,3,,0.000004,0.000011,0.000096,0.999829,0.000052,0.000007,0,,500,,
3,3,,0.000004,0.000011,0.000096,0.999829,0.000052,0.000007,0,,500,,
3,3,,0.000004,0.000011,0.000096,0.999829,0.000052,0.000007,0,,500,,
3,3,,0.000004,0.000011,0.000096,0.999829,0.000052,0.000007,0,,500,,
3,3,,0.000004,0.000011,0.000096,0.999829,0.000052,0.000007,0,,500,,
3,3,,0.000004,0.000011,0.000096,0.999829,0.000052,0.000007,0,,500,,
3,3,,0.000004,0.000011,0.000096,0.999829,0.000052,0.000007,0,,500,,
3,3,,0.000004,0.000011,0.000096,0.999829,0.000052,0.000007,0,,500,,
3,3,,0.000004,0.000011,0.000096,0.999829,0.000052,0.000007,0,,500,,
3,3,,0.000004,0.000011,0.000096,0.999829,0.000052,0.000007,0,,500,,
3,3,,0.000004,0.000011,0.000096,0.999829,0.000052,0.000007,0,,500,,
3,3,,0.000004,0.000011,0.000096,0.999829,0.000052,0.000007,0,,500,,
3,3,,0.000004,0.000011,0.000096,0.999829,0.000052,0.000007,0,,500,,
3,3,,0.000004,0.000011,0.000096,0.999829,0.000052,0.000007,0,,500,,
3,3,,0.000004,0.000011,0.000096,0.999829,0.000052,0.000007,0,,500,,
3,3,,0.000004,0.000011,0.000096,0.999829,0.000052,0.000007,0,,500,,
3,3,,0.000004,0.000011,0.000096,0.999829,0.000052,0.000007,0,,500,,
3,3,,0.000004,0.000011,0.000096,0.999829,0.000052,0.000007,0,,400,,
3,3,,0.000004,0.000011,0.000096,0.999829,0.000052,0.000007,0,,500,,
3,3,,0.000004,0.000011,0.000096,0.999829,0.000052,0.000007,0,,500,,
3,3,,0.000004,0.000011,0.000096,0.999829,0.000052,0.000007,0,,500,,
3,3,,0.000004,0.000011,0.000096,0.999829,0.000052,0.000007,0,,500,,
3,3,,0.000004,0.000011,0.000096,0.999829,0.000052,0.000007,0,,500,,
3,3,,0.000004,0.000011,0.000096,0.999829,0.000052,0.000007,0,,500,,
3,3,,0.000004,0.000011,0.000096,0.999829,0.000052,0.000007,0,,500,,
3,3,,0.000004,0.000011,0.000096,0.999829,0.000052,0.000007,0,,500,,
3,3,,0.000004,0.000011,0.000096,0.999829,0.000052,0.000007,0,,500,,
3,3,,0.000004,0.000011,0.000096,0.999829,0.000052,0.000007,0,,500,,
3,3,,0.000004,0.000011,0.000096,0.999829,0.000052,0.000007,0,,500,,
3,3,,0.000004,0.000011,0.000096,0.999829,0.000052,0.000007,0,,500,,
3,3,,0.000004,0.000011,0.000096,0.999829,0.000052,0.000007,0,,500,,
3,3,,0.000004,0.000011,0.000096,0.999829,0.000052,0.000007,0,,500,,
3,3,,0.000004,0.000011,0.000096,0.999829,0.000052,0.000007,0,,500,,
3,3,,0.000004,0.000011,0.000096,0.999829,0.000052,0.000007,0,,500,,
3,3,,0.000004,0.000011,0.000096,0.999829,0.000052,0.000007,0,,500,,
3,3,,0.000004,0.000011,0.000096,0.999829,0.000052,0.000007,0,,500,,
3,3,,0.000004,0.000011,0.000096,0.999829,0.000052,0.000007,0,,500,,
3,3,,0.000004,0.000011,0.000096,0.999829,0.000052,0.000007,0,,500,,
3,3,,0.000004,0.000011,0.000096,0.999829,0.000052,0.000007,0,,500,,
3,3,,0.000004,0.000011,0.000096,0.999829,0.000052,0.000007,0,,500,,
3,3,,0.000004,0.000011,0.000096,0.999829,0.000052,0.000007,0,,500,,
3,3,,0.000004,0.000011,0.000096,0.999829,0.000052,0.000007,0,,500,,
3,3,,0.000004,0.000011,0.000096,0.999829,0.000052,0.000007,0,,500,,
3,3,,0.000004,0.000011,0.000096,0.999829,0.000052,0.000007,0,,500,,
3,3,,0.000004,0.000011,0.000096,0.999829,0.000052,0.000007,0,,500,,
3,3,,0.000004,0.000011,0.000096,0.999829,0.000052,0.000007,0,,500,,
3,3,,0.000004,0.000011,0.000096,0.999829,0.000052,0.000007,0,,500,,
3,3,,0.000004,0.000011,0.000096,0.999829,0.000052,0.000007,0,,500,,
3,3,,0.000004,0.000011,0.000096,0.999829,0.000052,0.000007,0,,500,,
3,3,,0.000004,0.000011,0.000096,0.999829,0.000052,0.000007,0,,500,,
3,3,,0.000004,0.000011,0.000096,0.999829,0.000052,0.000007,0,,500,,
3,3,,0.000004,0.000011,0.000096,0.999829,0.000052,0.000007,0,,500,,
3,3,,0.000004,0.000011,0.000096,0.999829,0.000052,0.000007,0,,500,,
3,3,,0.000004,0.000011,0.000096,0.999829,0.000052,0.000007,0,,500,,
3,3,,0.000004,0.000011,0.000096,0.999829,0.000052,0.000007,0,,500,,
3,3,,0.000004,0.000011,0.000096,0.999829,0.000052,0.000007,0,,500,,
3,3,,0.000004,0.000011,0.000096,0.999829,0.000052,0.000007,0,,500,,
3,3,,0.000004,0.000011,0.000096,0.999829,0.000052,0.000007,0,,500,,
3,3,,0.000004,0.000011,0.000096,0.999829,0.000052,0.000007,0,,500,,
3,3,,0.000004,0.000011,0.000096,0.999829,0.000052,0.000007,0,,500,,
3,3,,0.000004,0.000011,0.000096,0.999829,0.000052,0.000007,0,,500,,
3,3,,0.000004,0.000011,0.000096,0.999829,0.000052,0.000007,0,,500,,
3,3,,0.000004,0.000011,0.000096,0.999829,0.000052,0.000007,0,,500,,
3,3,,0.000004,0.000011,0.000096,0.999829,0.000052,0.000007,0,,500,,
3,3,,0.000004,0.000011,0.000096,0.999829,0.000052,0.000007,0,,500,,
3,3,,0.000004,0.000011,0.000096,0.999829,0.000052,0.000007,0,,500,,
3,3,,0.000004,0.000011,0.000096,0.999829,0.000052,0.000007,0,,500,,
3,3,,0.000004,0.000011,0.000096,0.999829,0.000052,0.000007,0,,500,,
3,3,,0.000004,0.000011,0.000096,0.999829,0.000052,0.000007,0,,500,,
3,3,,0.000004,0.000011,0.000096,0.999829,0.000052,0.000007,0,,500,,
3,3,,0.000004,0.000011,0.000096,0.999829,0.000052,0.000007,0,,500,,
3,3,,0.000004,0.000011,0.000096,0.999829,0.000052,0.000007,0,,500,,
3,3,,0.000004,0.000011,0.000096,0.999829,0.000052,0.000007,0,,500,,
3,3,,0.000004,0.000011,0.000096,0.999829,0.000052,0.000007,0,,500,,
3,3,,0.000004,0.000011,0.000096,0.999829,0.000052,0.000007,0,,500,,
3,3,,0.000004,0.000011,0.000096,0.999829,0.000052,0.000007,0,,500,,
3,3,,0.000004,0.000011,0.000096,0.999829,0.000052,0.000007,0,,500,,
3,3,,0.000004,0.000011,0.000096,0.999829,0.000052,0.000007,0,,500,,
3,3,,0.000004,0.000011,0.000096,0.999829,0.000052,0.000007,0,,500,,
3,3,,0.000004,0.000011,0.000096,0.999829,0.000052,0.000007,0,,500,,
3,3,,0.000004,0.000011,0.000096,0.999829,0.000052,0.000007,0,,500,,
3,3,,0.000004,0.000011,0.000096,0.999829,0.000052,0.000007,0,,500,,
3,3,,0.000004,0.000011,0.000096,0.999829,0.000052,0.000007,0,,500,,
3,3,,0.000004,0.000011,0.000096,0.999829,0.000052,0.000007,0,,400,,
3,3,,0.000004,0.000011,0.000096,0.999829,0.000052,0.000007,0,,500,,
3,3,,0.000004,0.000011,0.000096,0.999829,0.000052,0.000007,0,,500,,
3,3,,0.000004,0.000011,0.000096,0.999829,0.000052,0.000007,0,,500,,
3,3,,0.000004,0.000011,0.000096,0.999829,0.000052,0.000007,0,,500,,
3,3,,0.000004,0.000011,0.000096,0.999829,0.000052,0.000007,0,,500,,
3,3,,0.000004,0.000011,0.000096,0.999829,0.000052,0.000007,0,,500,,
3,3,,0.000004,0.000011,0.000096,0.999829,0.000052,0.000007,0,,500,,
3,3,,0.000004,0.000011,0.000096,0.999829,0.000052,0.000007,0,,500,,
3,3,,0.000004,0.000011,0.000096,0.999829,0.000052,0.000007,0,,500,,
3,3,,0.000004,0.000011,0.000096,0.999829,0.000052,0.000007,0,,500,,
3,3,,0.000004,0.000011,0.000096,0.999829,0.000052,0.000007,0,,500,,
3,3,,0.000004,0.000011,0.000096,0.999829,0.000052,0.000007,0,,500,,
3,3,,0.000004,0.000011,0.000096,0.999829,0.000052,0.000007,0,,500,,
3,3,,0.000004,0.000011,0.000096,0.999829,0.000052,0.000007,0,,500,,
3,3,,0.000004,0.000011,0.000096,0.999829,0.000052,0.000007,0,,500,,
3,3,,0.000004,0.000011,0.000096,0.999829,0.000052,0.000007,0,,500,,
3,3,,0.000004,0.000011,0.000096,0.999829,0.000052,0.000007,0,,500,,
3,3,,0.000004,0.000011,0.000096,0.999829,0.000052,0.000007,0,,500,,
3,3,,0.000004,0.000011,0.000096,0.999829,0.000052,0.000007,0,,500,,
3,3,,0.000004,0.000011,0.000096,0.999829,0.000052,0.000007,0,,500,,
3,3,,0.000004,0.000011,0.000096,0.999829,0.000052,0.000007,0,,500,,
3,3,,0.000004,0.000011,0.000096,0.999829,0.000052,0.000007,0,,500,,
3,3,,0.000004,0.000011,0.000096,0.999829,0.000052,0.000007,0,,500,,
3,3,,0.000004,0.000011,0.000096,0.999829,0.000052,0.000007,0,,500,,
3,3,,0.042774,0.005588,0.042853,0.903441,0.00146,0.003736,0.000149,,500,,
3,3,,0.000004,0.000011,0.000096,0.999829,0.000052,0.000007,0,,500,,
3,3,,0.000004,0.000011,0.000096,0.999829,0.000052,0.000007,0,,500,,
3,3,,0.000004,0.000011,0.000096,0.999829,0.000052,0.000007,0,,500,,
3,3,,0.000004,0.000011,0.000096,0.999829,0.000052,0.000007,0,,500,,
3,3,,0.000004,0.000011,0.000096,0.999829,0.000052,0.000007,0,,500,,
3,3,,0.000004,0.000011,0.000096,0.999829,0.000052,0.000007,0,,500,,
3,3,,0.000004,0.000011,0.000096,0.999829,0.000052,0.000007,0,,500,,
3,3,,0.000004,0.000011,0.000096,0.999829,0.000052,0.000007,0,,500,,
3,3,,0.000004,0.000011,0.000096,0.999829,0.000052,0.000007,0,,500,,
3,3,,0.000004,0.000011,0.000096,0.999829,0.000052,0.000007,0,,500,,
3,3,,0.000004,0.000011,0.000096,0.999829,0.000052,0.000007,0,,500,,
3,3,,0.000004,0.000011,0.000096,0.999829,0.000052,0.000007,0,,500,,
3,3,,0.000004,0.000011,0.000096,0.999829,0.000052,0.000007,0,,500,,
3,3,,0.000004,0.000011,0.000096,0.999829,0.000052,0.000007,0,,500,,
3,3,,0.000004,0.000011,0.000096,0.999829,0.000052,0.000007,0,,500,,
3,3,,0.000004,0.000011,0.000096,0.999829,0.000052,0.000007,0,,500,,
3,3,,0.000004,0.000011,0.000096,0.999829,0.000052,0.000007,0,,500,,
3,3,,0.000004,0.000011,0.000096,0.999829,0.000052,0.000007,0,,500,,
3,3,,0.000004,0.000011,0.000096,0.999829,0.000052,0.000007,0,,500,,
3,3,,0.000004,0.000011,0.000096,0.999829,0.000052,0.000007,0,,500,,
3,3,,0.000004,0.000011,0.000096,0.999829,0.000052,0.000007,0,,500,,
3,3,,0.000004,0.000011,0.000096,0.999829,0.000052,0.000007,0,,500,,
3,3,,0.000004,0.000011,0.000096,0.999829,0.000052,0.000007,0,,500,,
3,3,,0.000004,0.000011,0.000096,0.999829,0.000052,0.000007,0,,500,,
3,3,,0.000004,0.000011,0.000096,0.999829,0.000052,0.000007,0,,500,,
3,3,,0.000004,0.000011,0.000096,0.999829,0.000052,0.000007,0,,500,,
3,3,,0.000004,0.000011,0.000096,0.999829,0.000052,0.000007,0,,500,,
3,3,,0.000004,0.000011,0.000096,0.999829,0.000052,0.000007,0,,500,,
3,3,,0.000004,0.000011,0.000096,0.999829,0.000052,0.000007,0,,500,,
3,3,,0.000004,0.000011,0.000096,0.999829,0.000052,0.000007,0,,500,,
3,3,,0.000004,0.000011,0.000096,0.999829,0.000052,0.000007,0,,500,,
3,3,,0.000004,0.000011,0.000096,0.999829,0.000052,0.000007,0,,500,,
3,3,,0.000004,0.000011,0.000096,0.999829,0.000052,0.000007,0,,500,,
3,3,,0.000004,0.000011,0.000096,0.999829,0.000052,0.000007,0,,500,,
3,3,,0.000004,0.000011,0.000096,0.999829,0.000052,0.000007,0,,500,,
3,3,,0.000004,0.000011,0.000096,0.999829,0.000052,0.000007,0,,500,,
3,3,,0.000004,0.000011,0.000096,0.999829,0.000052,0.000007,0,,500,,
3,3,,0.000004,0.000011,0.000096,0.999829,0.000052,0.000007,0,,500,,
3,3,,0.000004,0.000011,0.000096,0.999829,0.000052,0.000007,0,,500,,
3,3,,0.000004,0.000011,0.000096,0.999829,0.000052,0.000007,0,,500,,
3,3,,0.000004,0.000011,0.000096,0.999829,0.000052,0.000007,0,,500,,
3,3,,0.000004,0.000011,0.000096,0.999829,0.000052,0.000007,0,,500,,
3,3,,0.000004,0.000011,0.000096,0.999829,0.000052,0.000007,0,,500,,
3,3,,0.000004,0.000011,0.000096,0.999829,0.000052,0.000007,0,,500,,
3,3,,0.000004,0.000011,0.000096,0.999829,0.000052,0.000007,0,,500,,
3,3,,0.000004,0.000011,0.000096,0.999829,0.000052,0.000007,0,,500,,
3,3,,0.000004,0.000011,0.000096,0.999829,0.000052,0.000007,0,,500,,
3,3,,0.000004,0.000011,0.000096,0.999829,0.000052,0.000007,0,,500,,
3,3,,0.000004,0.000011,0.000096,0.999829,0.000052,0.000007,0,,500,,
3,3,,0.000004,0.000011,0.000096,0.999829,0.000052,0.000007,0,,500,,
3,3,,0.000004,0.000011,0.000096,0.999829,0.000052,0.000007,0,,500,,
3,3,,0.000004,0.000011,0.000096,0.999829,0.000052,0.000007,0,,500,,
3,3,,0.000004,0.000011,0.000096,0.999829,0.000052,0.000007,0,,500,,
3,3,,0.000004,0.000011,0.000096,0.999829,0.000052,0.000007,0,,500,,
3,3,,0.000004,0.000011,0.000096,0.999829,0.000052,0.000007,0,,500,,
3,3,,0.000004,0.000011,0.000096,0.999829,0.000052,0.000007,0,,500,,
3,3,,0.000004,0.000011,0.000096,0.999829,0.000052,0.000007,0,,500,,
3,3,,0.000004,0.000011,0.000096,0.999829,0.000052,0.000007,0,,500,,
3,3,,0.000004,0.000011,0.000096,0.999829,0.000052,0.000007,0,,500,,
3,3,,0.000004,0.000011,0.000096,0.999829,0.000052,0.000007,0,,500,,
3,3,,0.000004,0.000011,0.000096,0.999829,0.000052,0.000007,0,,500,,
3,3,,0.000004,0.000011,0.000096,0.999829,0.000052,0.000007,0,,500,,
3,3,,0.000004,0.000011,0.000096,0.999829,0.000052,0.000007,0,,500,,
3,3,,0.000004,0.000011,0.000096,0.999829,0.000052,0.000007,0,,500,,
3,3,,0.000004,0.000011,0.000096,0.999829,0.000052,0.000007,0,,500,,
3,3,,0.000004,0.000011,0.000096,0.999829,0.000052,0.000007,0,,500,,
3,3,,0.000004,0.000011,0.000096,0.999829,0.000052,0.000007,0,,500,,
3,3,,0.000004,0.000011,0.000096,0.999829,0.000052,0.000007,0,,500,,
3,3,,0.000004,0.000011,0.000096,0.999829,0.000052,0.000007,0,,500,,
3,3,,0.000004,0.000011,0.000096,0.999829,0.000052,0.000007,0,,500,,
3,3,,0.000004,0.000011,0.000096,0.999829,0.000052,0.000007,0,,500,,
3,3,,0.000004,0.000011,0.000096,0.999829,0.000052,0.000007,0,,500,,
3,3,,0.000004,0.000011,0.000096,0.999829,0.000052,0.000007,0,,500,,
3,3,,0.000004,0.000011,0.000096,0.999829,0.000052,0.000007,0,,400,,
3,3,,0.000004,0.000011,0.000096,0.999829,0.000052,0.000007,0,,500,,
3,3,,0.000004,0.000011,0.000096,0.999829,0.000052,0.000007,0,,500,,
3,3,,0.000004,0.000011,0.000096,0.999829,0.000052,0.000007,0,,500,,
3,3,,0.000004,0.000011,0.000096,0.999829,0.000052,0.000007,0,,500,,
3,3,,0.000004,0.000011,0.000096,0.999829,0.000052,0.000007,0,,400,,
3,3,,0.000004,0.000011,0.000096,0.999829,0.000052,0.000007,0,,500,,
3,3,,0.000004,0.000011,0.000096,0.999829,0.000052,0.000007,0,,500,,
3,3,,0.000004,0.000011,0.000096,0.999829,0.000052,0.000007,0,,400,,
3,3,,0.000004,0.000011,0.000096,0.999829,0.000052,0.000007,0,,500,,
3,3,,0.000218,0.064161,0.009331,0.887716,0.000038,0.038503,0.000033,,500,,
3,3,,0.000004,0.000011,0.000096,0.999829,0.000052,0.000007,0,,500,,
3,3,,0.000004,0.000011,0.000096,0.999829,0.000052,0.000007,0,,500,,
3,3,,0.000004,0.000011,0.000096,0.999829,0.000052,0.000007,0,,500,,
3,3,,0.000004,0.000011,0.000096,0.999829,0.000052,0.000007,0,,500,,
3,3,,0.000004,0.000011,0.000096,0.999829,0.000052,0.000007,0,,500,,
3,3,,0.000004,0.000011,0.000096,0.999829,0.000052,0.000007,0,,500,,
3,3,,0.000004,0.000011,0.000096,0.999829,0.000052,0.000007,0,,500,,
3,3,,0.000004,0.000011,0.000096,0.999829,0.000052,0.000007,0,,500,,
3,3,,0.000004,0.000011,0.000096,0.999829,0.000052,0.000007,0,,500,,
3,3,,0.000004,0.000011,0.000096,0.999829,0.000052,0.000007,0,,500,,
3,3,,0.000004,0.000011,0.000096,0.999829,0.000052,0.000007,0,,600,,
3,3,,0.000004,0.000011,0.000096,0.999829,0.000052,0.000007,0,,500,,
3,3,,0.000004,0.000011,0.000096,0.999829,0.000052,0.000007,0,,500,,
3,3,,0.000004,0.000011,0.000096,0.999829,0.000052,0.000007,0,,500,,
3,3,,0.000004,0.000011,0.000096,0.999829,0.000052,0.000007,0,,500,,
3,3,,0.000004,0.000011,0.000096,0.999829,0.000052,0.000007,0,,500,,
3,3,,0.000004,0.000011,0.000096,0.999829,0.000052,0.000007,0,,500,,
3,3,,0.000004,0.000011,0.000096,0.999829,0.000052,0.000007,0,,500,,
3,3,,0.000004,0.000011,0.000096,0.999829,0.000052,0.000007,0,,500,,
3,3,,0.000004,0.000011,0.000096,0.999829,0.000052,0.000007,0,,500,,
3,3,,0.000004,0.000011,0.000096,0.999829,0.000052,0.000007,0,,500,,
3,3,,0.000004,0.000011,0.000096,0.999829,0.000052,0.000007,0,,500,,
3,3,,0.000004,0.000011,0.000096,0.999829,0.000052,0.000007,0,,500,,
3,3,,0.000004,0.000011,0.000096,0.999829,0.000052,0.000007,0,,500,,
3,3,,0.000004,0.000011,0.000096,0.999829,0.000052,0.000007,0,,500,,
3,3,,0.000004,0.000011,0.000096,0.999829,0.000052,0.000007,0,,400,,
3,3,,0.000004,0.000011,0.000096,0.999829,0.000052,0.000007,0,,500,,
3,3,,0.000004,0.000011,0.000096,0.999829,0.000052,0.000007,0,,500,,
3,3,,0.000004,0.000011,0.000096,0.999829,0.000052,0.000007,0,,500,,
3,3,,0.000004,0.000011,0.000096,0.999829,0.000052,0.000007,0,,500,,
3,3,,0.000004,0.000011,0.000096,0.999829,0.000052,0.000007,0,,500,,
3,3,,0.000004,0.000011,0.000096,0.999829,0.000052,0.000007,0,,500,,
3,3,,0.000004,0.000011,0.000096,0.999829,0.000052,0.000007,0,,500,,
3,3,,0.000004,0.000011,0.000096,0.999829,0.000052,0.000007,0,,500,,
3,3,,0.000004,0.000011,0.000096,0.999829,0.000052,0.000007,0,,500,,
3,3,,0.000004,0.000011,0.000096,0.999829,0.000052,0.000007,0,,500,,
3,3,,0.000004,0.000011,0.000096,0.999829,0.000052,0.000007,0,,500,,
3,3,,0.000004,0.000011,0.000096,0.999829,0.000052,0.000007,0,,500,,
3,3,,0.000004,0.000011,0.000096,0.999829,0.000052,0.000007,0,,500,,
3,3,,0.000004,0.000011,0.000096,0.999829,0.000052,0.000007,0,,400,,
3,3,,0.000004,0.000011,0.000096,0.999829,0.000052,0.000007,0,,500,,
3,3,,0.000004,0.000011,0.000096,0.999829,0.000052,0.000007,0,,500,,
3,3,,0.000004,0.000011,0.000096,0.999829,0.000052,0.000007,0,,500,,
3,3,,0.000004,0.000011,0.000096,0.999829,0.000052,0.000007,0,,500,,
3,3,,0.000004,0.000011,0.000096,0.999829,0.000052,0.000007,0,,400,,
3,3,,0.000004,0.000011,0.000096,0.999829,0.000052,0.000007,0,,500,,
3,3,,0.000004,0.000011,0.000096,0.999829,0.000052,0.000007,0,,500,,
3,3,,0.000004,0.000011,0.000096,0.999829,0.000052,0.000007,0,,500,,
3,3,,0.000004,0.000011,0.000096,0.999829,0.000052,0.000007,0,,500,,
3,3,,0.000004,0.000011,0.000096,0.999829,0.000052,0.000007,0,,500,,
3,3,,0.000004,0.000011,0.000096,0.999829,0.000052,0.000007,0,,500,,
3,3,,0.000004,0.000011,0.000096,0.999829,0.000052,0.000007,0,,500,,
3,3,,0.000004,0.000011,0.000096,0.999829,0.000052,0.000007,0,,500,,
3,3,,0.000004,0.000011,0.000096,0.999829,0.000052,0.000007,0,,500,,
3,3,,0.000004,0.000011,0.000096,0.999829,0.000052,0.000007,0,,400,,
3,3,,0.000004,0.000011,0.000096,0.999829,0.000052,0.000007,0,,500,,
3,3,,0.000004,0.000011,0.000096,0.999829,0.000052,0.000007,0,,500,,
3,3,,0.000004,0.000011,0.000096,0.999829,0.000052,0.000007,0,,500,,
3,3,,0.000004,0.000011,0.000096,0.999829,0.000052,0.000007,0,,500,,
3,3,,0.000004,0.000011,0.000096,0.999829,0.000052,0.000007,0,,500,,
3,3,,0.000004,0.000011,0.000096,0.999829,0.000052,0.000007,0,,500,,
3,3,,0.000004,0.000011,0.000096,0.999829,0.000052,0.000007,0,,500,,
3,3,,0.000004,0.000011,0.000096,0.999829,0.000052,0.000007,0,,500,,
3,3,,0.000004,0.000011,0.000096,0.999829,0.000052,0.000007,0,,500,,
3,3,,0.000004,0.000011,0.000096,0.999829,0.000052,0.000007,0,,500,,
3,3,,0.000004,0.000011,0.000096,0.999829,0.000052,0.000007,0,,500,,
3,3,,0.000004,0.000011,0.000096,0.999829,0.000052,0.000007,0,,500,,
3,3,,0.000004,0.000011,0.000096,0.999829,0.000052,0.000007,0,,500,,
3,3,,0.000004,0.000011,0.000096,0.999829,0.000052,0.000007,0,,500,,
3,3,,0.000004,0.000011,0.000096,0.999829,0.000052,0.000007,0,,500,,
3,3,,0.000004,0.000011,0.000096,0.999829,0.000052,0.000007,0,,500,,
3,3,,0.000004,0.000011,0.000096,0.999829,0.000052,0.000007,0,,500,,
3,3,,0.000004,0.000011,0.000096,0.999829,0.000052,0.000007,0,,500,,
3,3,,0.000004,0.000011,0.000096,0.999829,0.000052,0.000007,0,,500,,
3,3,,0.000004,0.000011,0.000096,0.999829,0.000052,0.000007,0,,500,,
3,3,,0.000004,0.000011,0.000096,0.999829,0.000052,0.000007,0,,500,,
3,3,,0.000004,0.000011,0.000096,0.999829,0.000052,0.000007,0,,500,,
3,3,,0.000004,0.000011,0.000096,0.999829,0.000052,0.000007,0,,500,,
3,3,,0.000004,0.000011,0.000096,0.999829,0.000052,0.000007,0,,500,,
3,3,,0.000004,0.000011,0.000096,0.999829,0.000052,0.000007,0,,500,,
3,3,,0.000004,0.000011,0.000096,0.999829,0.000052,0.000007,0,,500,,
3,3,,0.000004,0.000011,0.000096,0.999829,0.000052,0.000007,0,,500,,
3,3,,0.000004,0.000011,0.000096,0.999829,0.000052,0.000007,0,,500,,
3,3,,0.000004,0.000011,0.000096,0.999829,0.000052,0.000007,0,,500,,
3,3,,0.000004,0.000011,0.000096,0.999829,0.000052,0.000007,0,,500,,
3,3,,0.000004,0.000011,0.000096,0.999829,0.000052,0.000007,0,,500,,
3,3,,0.000004,0.000011,0.000096,0.999829,0.000052,0.000007,0,,500,,
3,3,,0.000004,0.000011,0.000096,0.999829,0.000052,0.000007,0,,400,,
3,3,,0.000004,0.000011,0.000096,0.999829,0.000052,0.000007,0,,500,,
3,3,,0.000004,0.000011,0.000096,0.999829,0.000052,0.000007,0,,500,,
3,3,,0.000004,0.000011,0.000096,0.999829,0.000052,0.000007,0,,500,,
3,3,,0.000004,0.000011,0.000096,0.999829,0.000052,0.000007,0,,500,,
3,3,,0.000004,0.000011,0.000096,0.999829,0.000052,0.000007,0,,400,,
3,3,,0.000004,0.000011,0.000096,0.999829,0.000052,0.000007,0,,500,,
3,3,,0.000004,0.000011,0.000096,0.999829,0.000052,0.000007,0,,500,,
3,3,,0.000004,0.000011,0.000096,0.999829,0.000052,0.000007,0,,500,,
3,3,,0.000004,0.000011,0.000096,0.999829,0.000052,0.000007,0,,500,,
3,3,,0.000004,0.000011,0.000096,0.999829,0.000052,0.000007,0,,500,,
3,3,,0.000004,0.000011,0.000096,0.999829,0.000052,0.000007,0,,500,,
3,3,,0.000004,0.000011,0.000096,0.999829,0.000052,0.000007,0,,500,,
3,3,,0.000004,0.000011,0.000096,0.999829,0.000052,0.000007,0,,500,,
3,3,,0.000004,0.000011,0.000096,0.999829,0.000052,0.000007,0,,500,,
3,3,,0.000004,0.000011,0.000096,0.999829,0.000052,0.000007,0,,500,,
3,3,,0.000004,0.000011,0.000096,0.999829,0.000052,0.000007,0,,500,,
3,3,,0.000004,0.000011,0.000096,0.999829,0.000052,0.000007,0,,500,,
3,3,,0.000004,0.000011,0.000096,0.999829,0.000052,0.000007,0,,500,,
3,3,,0.000004,0.000011,0.000096,0.999829,0.000052,0.000007,0,,500,,
3,3,,0.000004,0.000011,0.000096,0.999829,0.000052,0.000007,0,,500,,
3,3,,0.000004,0.000011,0.000096,0.999829,0.000052,0.000007,0,,500,,
3,3,,0.000004,0.000011,0.000096,0.999829,0.000052,0.000007,0,,500,,
3,3,,0.000004,0.000011,0.000096,0.999829,0.000052,0.000007,0,,500,,
3,3,,0.000004,0.000011,0.000096,0.999829,0.000052,0.000007,0,,500,,
3,3,,0.000004,0.000011,0.000096,0.999829,0.000052,0.000007,0,,500,,
3,3,,0.000004,0.000011,0.000096,0.999829,0.000052,0.000007,0,,500,,
3,3,,0.000004,0.000011,0.000096,0.999829,0.000052,0.000007,0,,500,,
3,3,,0.000004,0.000011,0.000096,0.999829,0.000052,0.000007,0,,500,,
3,3,,0.000004,0.000011,0.000096,0.999829,0.000052,0.000007,0,,500,,
3,3,,0.000004,0.000011,0.000096,0.999829,0.000052,0.000007,0,,500,,
3,3,,0.000004,0.000011,0.000096,0.999829,0.000052,0.000007,0,,500,,
3,3,,0.000004,0.000011,0.000096,0.999829,0.000052,0.000007,0,,500,,
3,3,,0.000004,0.000011,0.000096,0.999829,0.000052,0.000007,0,,500,,
3,3,,0.000004,0.000011,0.000096,0.999829,0.000052,0.000007,0,,500,,
3,3,,0.000004,0.000011,0.000096,0.999829,0.000052,0.000007,0,,500,,
3,3,,0.000004,0.000011,0.000096,0.999829,0.000052,0.000007,0,,500,,
3,3,,0.000004,0.000011,0.000096,0.999829,0.000052,0.000007,0,,500,,
3,3,,0.000004,0.000011,0.000096,0.999829,0.000052,0.000007,0,,500,,
3,3,,0.000004,0.000011,0.000096,0.999829,0.000052,0.000007,0,,400,,
3,3,,0.000004,0.000011,0.000096,0.999829,0.000052,0.000007,0,,500,,
3,3,,0.000004,0.000011,0.000096,0.999829,0.000052,0.000007,0,,500,,
3,3,,0.000004,0.000011,0.000096,0.999829,0.000052,0.000007,0,,500,,
3,3,,0.000004,0.000011,0.000096,0.999829,0.000052,0.000007,0,,500,,
3,3,,0.000004,0.000011,0.000096,0.999829,0.000052,0.000007,0,,500,,
3,3,,0.000004,0.000011,0.000096,0.999829,0.000052,0.000007,0,,500,,
3,3,,0.000004,0.000011,0.000096,0.999829,0.000052,0.000007,0,,500,,
3,3,,0.000004,0.000011,0.000096,0.999829,0.000052,0.000007,0,,400,,
3,3,,0.000004,0.000011,0.000096,0.999829,0.000052,0.000007,0,,500,,
3,3,,0.000004,0.000011,0.000096,0.999829,0.000052,0.000007,0,,500,,
3,3,,0.000004,0.000011,0.000096,0.999829,0.000052,0.000007,0,,500,,
3,3,,0.000004,0.000011,0.000096,0.999829,0.000052,0.000007,0,,500,,
3,3,,0.000004,0.000011,0.000096,0.999829,0.000052,0.000007,0,,400,,
3,3,,0.000004,0.000011,0.000096,0.999829,0.000052,0.000007,0,,500,,
3,3,,0.000004,0.000011,0.000096,0.999829,0.000052,0.000007,0,,500,,
3,3,,0.000004,0.000011,0.000096,0.999829,0.000052,0.000007,0,,500,,
3,3,,0.000004,0.000011,0.000096,0.999829,0.000052,0.000007,0,,500,,
3,3,,0.000004,0.000011,0.000096,0.999829,0.000052,0.000007,0,,500,,
3,3,,0.000004,0.000011,0.000096,0.999829,0.000052,0.000007,0,,500,,
3,3,,0.000004,0.000011,0.000096,0.999829,0.000052,0.000007,0,,500,,
3,3,,0.000004,0.000011,0.000096,0.999829,0.000052,0.000007,0,,500,,
3,3,,0.000004,0.000011,0.000096,0.999829,0.000052,0.000007,0,,500,,
3,3,,0.000004,0.000011,0.000096,0.999829,0.000052,0.000007,0,,400,,
3,3,,0.000004,0.000011,0.000096,0.999829,0.000052,0.000007,0,,500,,
3,3,,0.000004,0.000011,0.000096,0.999829,0.000052,0.000007,0,,500,,
3,3,,0.000004,0.000011,0.000096,0.999829,0.000052,0.000007,0,,600,,
3,3,,0.000004,0.000011,0.000096,0.999829,0.000052,0.000007,0,,500,,
3,3,,0.000004,0.000011,0.000096,0.999829,0.000052,0.000007,0,,500,,
3,3,,0.000004,0.000011,0.000096,0.999829,0.000052,0.000007,0,,400,,
3,3,,0.000004,0.000011,0.000096,0.999829,0.000052,0.000007,0,,500,,
3,3,,0.000004,0.000011,0.000096,0.999829,0.000052,0.000007,0,,500,,
3,3,,0.000004,0.000011,0.000096,0.999829,0.000052,0.000007,0,,500,,
3,3,,0.000004,0.000011,0.000096,0.999829,0.000052,0.000007,0,,500,,
3,3,,0.000004,0.000011,0.000096,0.999829,0.000052,0.000007,0,,500,,
3,3,,0.000004,0.000011,0.000096,0.999829,0.000052,0.000007,0,,500,,
3,3,,0.000004,0.000011,0.000096,0.999829,0.000052,0.000007,0,,500,,
3,3,,0.000004,0.000011,0.000096,0.999829,0.000052,0.000007,0,,500,,
3,3,,0.042774,0.005588,0.042853,0.903441,0.00146,0.003736,0.000149,,500,,
3,3,,0.000004,0.000011,0.000096,0.999829,0.000052,0.000007,0,,500,,
3,3,,0.000004,0.000011,0.000096,0.999829,0.000052,0.000007,0,,500,,
3,3,,0.000004,0.000011,0.000096,0.999829,0.000052,0.000007,0,,500,,
3,3,,0.000004,0.000011,0.000096,0.999829,0.000052,0.000007,0,,500,,
3,3,,0.000004,0.000011,0.000096,0.999829,0.000052,0.000007,0,,500,,
3,3,,0.000004,0.000011,0.000096,0.999829,0.000052,0.000007,0,,500,,
3,3,,0.000004,0.000011,0.000096,0.999829,0.000052,0.000007,0,,500,,
3,3,,0.000004,0.000011,0.000096,0.999829,0.000052,0.000007,0,,400,,
3,3,,0.000004,0.000011,0.000096,0.999829,0.000052,0.000007,0,,500,,
3,3,,0.000004,0.000011,0.000096,0.999829,0.000052,0.000007,0,,500,,
3,3,,0.000004,0.000011,0.000096,0.999829,0.000052,0.000007,0,,500,,
3,3,,0.000004,0.000011,0.000096,0.999829,0.000052,0.000007,0,,500,,
3,3,,0.000004,0.000011,0.000096,0.999829,0.000052,0.000007,0,,400,,
3,3,,0.000004,0.000011,0.000096,0.999829,0.000052,0.000007,0,,500,,
3,3,,0.000004,0.000011,0.000096,0.999829,0.000052,0.000007,0,,500,,
3,3,,0.000004,0.000011,0.000096,0.999829,0.000052,0.000007,0,,500,,
3,3,,0.000004,0.000011,0.000096,0.999829,0.000052,0.000007,0,,500,,
3,3,,0.000004,0.000011,0.000096,0.999829,0.000052,0.000007,0,,500,,
3,3,,0.000004,0.000011,0.000096,0.999829,0.000052,0.000007,0,,500,,
3,3,,0.000004,0.000011,0.000096,0.999829,0.000052,0.000007,0,,500,,
3,3,,0.000004,0.000011,0.000096,0.999829,0.000052,0.000007,0,,500,,
3,3,,0.000004,0.000011,0.000096,0.999829,0.000052,0.000007,0,,500,,
3,3,,0.000004,0.000011,0.000096,0.999829,0.000052,0.000007,0,,500,,
3,3,,0.000004,0.000011,0.000096,0.999829,0.000052,0.000007,0,,500,,
3,3,,0.000004,0.000011,0.000096,0.999829,0.000052,0.000007,0,,500,,
3,3,,0.000004,0.000011,0.000096,0.999829,0.000052,0.000007,0,,500,,
3,3,,0.000004,0.000011,0.000096,0.999829,0.000052,0.000007,0,,500,,
3,3,,0.000004,0.000011,0.000096,0.999829,0.000052,0.000007,0,,500,,
3,3,,0.000004,0.000011,0.000096,0.999829,0.000052,0.000007,0,,500,,
3,3,,0.000004,0.000011,0.000096,0.999829,0.000052,0.000007,0,,500,,
3,3,,0.000004,0.000011,0.000096,0.999829,0.000052,0.000007,0,,500,,
3,3,,0.000004,0.000011,0.000096,0.999829,0.000052,0.000007,0,,500,,
3,3,,0.000004,0.000011,0.000096,0.999829,0.000052,0.000007,0,,500,,
3,3,,0.000004,0.000011,0.000096,0.999829,0.000052,0.000007,0,,500,,
3,3,,0.000004,0.000011,0.000096,0.999829,0.000052,0.000007,0,,500,,
3,3,,0.000004,0.000011,0.000096,0.999829,0.000052,0.000007,0,,400,,
3,3,,0.000004,0.000011,0.000096,0.999829,0.000052,0.000007,0,,500,,
3,3,,0.000004,0.000011,0.000096,0.999829,0.000052,0.000007,0,,500,,
3,3,,0,0.00013,0.000021,0.999769,0.000001,0.000078,0,,500,,
3,3,,0.000004,0.000011,0.000096,0.999829,0.000052,0.000007,0,,500,,
3,3,,0.000004,0.000011,0.000096,0.999829,0.000052,0.000007,0,,400,,
3,3,,0.000004,0.000011,0.000096,0.999829,0.000052,0.000007,0,,500,,
3,3,,0.000004,0.000011,0.000096,0.999829,0.000052,0.000007,0,,500,,
3,3,,0.000004,0.000011,0.000096,0.999829,0.000052,0.000007,0,,500,,
3,3,,0.000004,0.000011,0.000096,0.999829,0.000052,0.000007,0,,500,,
3,3,,0.000004,0.000011,0.000096,0.999829,0.000052,0.000007,0,,400,,
3,3,,0.000004,0.000011,0.000096,0.999829,0.000052,0.000007,0,,500,,
3,3,,0.000004,0.000011,0.000096,0.999829,0.000052,0.000007,0,,500,,
3,3,,0.000004,0.000011,0.000096,0.999829,0.000052,0.000007,0,,500,,
3,3,,0.000004,0.000011,0.000096,0.999829,0.000052,0.000007,0,,500,,
3,3,,0.000004,0.000011,0.000096,0.999829,0.000052,0.000007,0,,500,,
3,3,,0.000004,0.000011,0.000096,0.999829,0.000052,0.000007,0,,400,,
3,3,,0.000004,0.000011,0.000096,0.999829,0.000052,0.000007,0,,500,,
3,3,,0.000004,0.000011,0.000096,0.999829,0.000052,0.000007,0,,500,,
3,3,,0.000004,0.000011,0.000096,0.999829,0.000052,0.000007,0,,500,,
3,3,,0.000004,0.000011,0.000096,0.999829,0.000052,0.000007,0,,500,,
3,3,,0.000004,0.000011,0.000096,0.999829,0.000052,0.000007,0,,400,,
3,3,,0.000004,0.000011,0.000096,0.999829,0.000052,0.000007,0,,500,,
3,3,,0.000004,0.000011,0.000096,0.999829,0.000052,0.000007,0,,500,,
3,3,,0.000004,0.000011,0.000096,0.999829,0.000052,0.000007,0,,500,,
3,3,,0.000004,0.000011,0.000096,0.999829,0.000052,0.000007,0,,500,,
3,3,,0.000004,0.000011,0.000096,0.999829,0.000052,0.000007,0,,500,,
3,3,,0.000004,0.000011,0.000096,0.999829,0.000052,0.000007,0,,500,,
3,3,,0.000004,0.000011,0.000096,0.999829,0.000052,0.000007,0,,500,,
3,3,,0.000004,0.000011,0.000096,0.999829,0.000052,0.000007,0,,500,,
3,3,,0.000004,0.000011,0.000096,0.999829,0.000052,0.000007,0,,500,,
3,3,,0.000004,0.000011,0.000096,0.999829,0.000052,0.000007,0,,500,,
3,3,,0.000004,0.000011,0.000096,0.999829,0.000052,0.000007,0,,500,,
3,3,,0.000004,0.000011,0.000096,0.999829,0.000052,0.000007,0,,500,,
3,3,,0.000004,0.000011,0.000096,0.999829,0.000052,0.000007,0,,500,,
3,3,,0.000004,0.000011,0.000096,0.999829,0.000052,0.000007,0,,500,,
3,3,,0.000004,0.000011,0.000096,0.999829,0.000052,0.000007,0,,500,,
3,3,,0.000004,0.000011,0.000096,0.999829,0.000052,0.000007,0,,500,,
3,3,,0.000004,0.000011,0.000096,0.999829,0.000052,0.000007,0,,500,,
3,3,,0.000004,0.000011,0.000096,0.999829,0.000052,0.000007,0,,500,,
3,3,,0.000004,0.000011,0.000096,0.999829,0.000052,0.000007,0,,500,,
3,3,,0.000004,0.000011,0.000096,0.999829,0.000052,0.000007,0,,500,,
3,3,,0.000004,0.000011,0.000096,0.999829,0.000052,0.000007,0,,500,,
3,3,,0.000004,0.000011,0.000096,0.999829,0.000052,0.000007,0,,500,,
3,3,,0.000004,0.000011,0.000096,0.999829,0.000052,0.000007,0,,500,,
3,3,,0.000004,0.000011,0.000096,0.999829,0.000052,0.000007,0,,500,,
3,3,,0.000004,0.000011,0.000096,0.999829,0.000052,0.000007,0,,500,,
3,3,,0.000004,0.000011,0.000096,0.999829,0.000052,0.000007,0,,500,,
3,3,,0.000004,0.000011,0.000096,0.999829,0.000052,0.000007,0,,500,,
3,3,,0.000004,0.000011,0.000096,0.999829,0.000052,0.000007,0,,500,,
3,3,,0.000004,0.000011,0.000096,0.999829,0.000052,0.000007,0,,500,,
3,3,,0.000004,0.000011,0.000096,0.999829,0.000052,0.000007,0,,500,,
3,3,,0.000004,0.000011,0.000096,0.999829,0.000052,0.000007,0,,500,,
3,3,,0.000004,0.000011,0.000096,0.999829,0.000052,0.000007,0,,500,,
3,3,,0.000004,0.000011,0.000096,0.999829,0.000052,0.000007,0,,500,,
3,3,,0.000004,0.000011,0.000096,0.999829,0.000052,0.000007,0,,600,,
3,3,,0.000004,0.000011,0.000096,0.999829,0.000052,0.000007,0,,500,,
3,3,,0.000004,0.000011,0.000096,0.999829,0.000052,0.000007,0,,500,,
3,3,,0.000004,0.000011,0.000096,0.999829,0.000052,0.000007,0,,500,,
3,3,,0.000004,0.000011,0.000096,0.999829,0.000052,0.000007,0,,500,,
3,3,,0.000004,0.000011,0.000096,0.999829,0.000052,0.000007,0,,500,,
3,3,,0.000004,0.000011,0.000096,0.999829,0.000052,0.000007,0,,500,,
3,3,,0.000004,0.000011,0.000096,0.999829,0.000052,0.000007,0,,500,,
3,3,,0.000004,0.000011,0.000096,0.999829,0.000052,0.000007,0,,500,,
3,3,,0.000004,0.000011,0.000096,0.999829,0.000052,0.000007,0,,500,,
3,3,,0.000004,0.000011,0.000096,0.999829,0.000052,0.000007,0,,400,,
3,3,,0.000004,0.000011,0.000096,0.999829,0.000052,0.000007,0,,500,,
3,3,,0.000004,0.000011,0.000096,0.999829,0.000052,0.000007,0,,500,,
3,3,,0.000004,0.000011,0.000096,0.999829,0.000052,0.000007,0,,500,,
3,3,,0.000004,0.000011,0.000096,0.999829,0.000052,0.000007,0,,500,,
3,3,,0.000004,0.000011,0.000096,0.999829,0.000052,0.000007,0,,500,,
3,3,,0.000004,0.000011,0.000096,0.999829,0.000052,0.000007,0,,500,,
3,3,,0.000004,0.000011,0.000096,0.999829,0.000052,0.000007,0,,400,,
3,3,,0.000004,0.000011,0.000096,0.999829,0.000052,0.000007,0,,500,,
3,3,,0.000004,0.000011,0.000096,0.999829,0.000052,0.000007,0,,500,,
3,3,,0.000004,0.000011,0.000096,0.999829,0.000052,0.000007,0,,500,,
3,3,,0.000004,0.000011,0.000096,0.999829,0.000052,0.000007,0,,500,,
3,3,,0.000004,0.000011,0.000096,0.999829,0.000052,0.000007,0,,400,,
3,3,,0.000004,0.000011,0.000096,0.999829,0.000052,0.000007,0,,500,,
3,3,,0.000004,0.000011,0.000096,0.999829,0.000052,0.000007,0,,500,,
3,3,,0.000004,0.000011,0.000096,0.999829,0.000052,0.000007,0,,500,,
3,3,,0.000004,0.000011,0.000096,0.999829,0.000052,0.000007,0,,500,,
3,3,,0.000004,0.000011,0.000096,0.999829,0.000052,0.000007,0,,500,,
3,3,,0.000004,0.000011,0.000096,0.999829,0.000052,0.000007,0,,500,,
3,3,,0.000004,0.000011,0.000096,0.999829,0.000052,0.000007,0,,500,,
3,3,,0.000004,0.000011,0.000096,0.999829,0.000052,0.000007,0,,500,,
3,3,,0.000004,0.000011,0.000096,0.999829,0.000052,0.000007,0,,500,,
3,3,,0.000004,0.000011,0.000096,0.999829,0.000052,0.000007,0,,500,,
3,3,,0.000004,0.000011,0.000096,0.999829,0.000052,0.000007,0,,400,,
3,3,,0.000004,0.000011,0.000096,0.999829,0.000052,0.000007,0,,500,,
3,3,,0.000004,0.000011,0.000096,0.999829,0.000052,0.000007,0,,400,,
3,3,,0.000004,0.000011,0.000096,0.999829,0.000052,0.000007,0,,500,,
3,3,,0.000004,0.000011,0.000096,0.999829,0.000052,0.000007,0,,400,,
3,3,,0.000004,0.000011,0.000096,0.999829,0.000052,0.000007,0,,500,,
3,3,,0.000004,0.000011,0.000096,0.999829,0.000052,0.000007,0,,500,,
3,3,,0.000004,0.000011,0.000096,0.999829,0.000052,0.000007,0,,500,,
3,3,,0.000004,0.000011,0.000096,0.999829,0.000052,0.000007,0,,500,,
3,3,,0.000004,0.000011,0.000096,0.999829,0.000052,0.000007,0,,500,,
3,3,,0.000004,0.000011,0.000096,0.999829,0.000052,0.000007,0,,500,,
3,3,,0.000004,0.000011,0.000096,0.999829,0.000052,0.000007,0,,500,,
3,3,,0.000004,0.000011,0.000096,0.999829,0.000052,0.000007,0,,500,,
3,3,,0.000004,0.000011,0.000096,0.999829,0.000052,0.000007,0,,500,,
3,3,,0.000004,0.000011,0.000096,0.999829,0.000052,0.000007,0,,400,,
3,3,,0.000004,0.000011,0.000096,0.999829,0.000052,0.000007,0,,500,,
3,3,,0.000004,0.000011,0.000096,0.999829,0.000052,0.000007,0,,500,,
3,3,,0.000004,0.000011,0.000096,0.999829,0.000052,0.000007,0,,500,,
3,3,,0.000004,0.000011,0.000096,0.999829,0.000052,0.000007,0,,500,,
3,3,,0.000004,0.000011,0.000096,0.999829,0.000052,0.000007,0,,500,,
3,3,,0.000004,0.000011,0.000096,0.999829,0.000052,0.000007,0,,500,,
3,3,,0.000004,0.000011,0.000096,0.999829,0.000052,0.000007,0,,500,,
3,3,,0.000004,0.000011,0.000096,0.999829,0.000052,0.000007,0,,500,,
3,3,,0.000004,0.000011,0.000096,0.999829,0.000052,0.000007,0,,500,,
3,3,,0.000004,0.000011,0.000096,0.999829,0.000052,0.000007,0,,500,,
3,3,,0.000004,0.000011,0.000096,0.999829,0.000052,0.000007,0,,500,,
3,3,,0.000004,0.000011,0.000096,0.999829,0.000052,0.000007,0,,500,,
3,3,,0.000004,0.000011,0.000096,0.999829,0.000052,0.000007,0,,500,,
3,3,,0.000004,0.000011,0.000096,0.999829,0.000052,0.000007,0,,500,,
3,3,,0.000004,0.000011,0.000096,0.999829,0.000052,0.000007,0,,500,,
3,3,,0.000004,0.000011,0.000096,0.999829,0.000052,0.000007,0,,500,,
3,3,,0.000004,0.000011,0.000096,0.999829,0.000052,0.000007,0,,600,,
3,3,,0.000004,0.000011,0.000096,0.999829,0.000052,0.000007,0,,500,,
3,3,,0.000004,0.000011,0.000096,0.999829,0.000052,0.000007,0,,500,,
3,3,,0.000004,0.000011,0.000096,0.999829,0.000052,0.000007,0,,500,,
3,3,,0.000004,0.000011,0.000096,0.999829,0.000052,0.000007,0,,500,,
3,3,,0.000004,0.000011,0.000096,0.999829,0.000052,0.000007,0,,500,,
3,3,,0.000004,0.000011,0.000096,0.999829,0.000052,0.000007,0,,500,,
3,3,,0.000004,0.000011,0.000096,0.999829,0.000052,0.000007,0,,500,,
3,3,,0.000004,0.000011,0.000096,0.999829,0.000052,0.000007,0,,500,,
3,3,,0.000004,0.000011,0.000096,0.999829,0.000052,0.000007,0,,500,,
3,3,,0.000218,0.064161,0.009331,0.887716,0.000038,0.038503,0.000033,,500,,
3,3,,0.000004,0.000011,0.000096,0.999829,0.000052,0.000007,0,,500,,
3,3,,0.000004,0.000011,0.000096,0.999829,0.000052,0.000007,0,,400,,
3,3,,0.000004,0.000011,0.000096,0.999829,0.000052,0.000007,0,,500,,
3,3,,0.000004,0.000011,0.000096,0.999829,0.000052,0.000007,0,,500,,
3,3,,0.000004,0.000011,0.000096,0.999829,0.000052,0.000007,0,,500,,
3,3,,0.000004,0.000011,0.000096,0.999829,0.000052,0.000007,0,,400,,
3,3,,0.000004,0.000011,0.000096,0.999829,0.000052,0.000007,0,,500,,
3,3,,0.000004,0.000011,0.000096,0.999829,0.000052,0.000007,0,,500,,
3,3,,0.000004,0.000011,0.000096,0.999829,0.000052,0.000007,0,,500,,
3,3,,0.000004,0.000011,0.000096,0.999829,0.000052,0.000007,0,,500,,
3,3,,0.000004,0.000011,0.000096,0.999829,0.000052,0.000007,0,,500,,
3,3,,0.000004,0.000011,0.000096,0.999829,0.000052,0.000007,0,,500,,
3,3,,0.000004,0.000011,0.000096,0.999829,0.000052,0.000007,0,,500,,
3,3,,0.000004,0.000011,0.000096,0.999829,0.000052,0.000007,0,,500,,
3,3,,0.000004,0.000011,0.000096,0.999829,0.000052,0.000007,0,,500,,
3,3,,0.000004,0.000011,0.000096,0.999829,0.000052,0.000007,0,,500,,
3,3,,0.000004,0.000011,0.000096,0.999829,0.000052,0.000007,0,,500,,
3,3,,0.000004,0.000011,0.000096,0.999829,0.000052,0.000007,0,,500,,
3,3,,0.000004,0.000011,0.000096,0.999829,0.000052,0.000007,0,,2300,,
3,3,,0.000004,0.000011,0.000096,0.999829,0.000052,0.000007,0,,400,,
3,3,,0.000004,0.000011,0.000096,0.999829,0.000052,0.000007,0,,500,,
3,3,,0.000004,0.000011,0.000096,0.999829,0.000052,0.000007,0,,500,,
3,3,,0.000004,0.000011,0.000096,0.999829,0.000052,0.000007,0,,500,,
3,3,,0.000004,0.000011,0.000096,0.999829,0.000052,0.000007,0,,500,,
3,3,,0.000004,0.000011,0.000096,0.999829,0.000052,0.000007,0,,400,,
3,3,,0.000004,0.000011,0.000096,0.999829,0.000052,0.000007,0,,500,,
3,3,,0.000004,0.000011,0.000096,0.999829,0.000052,0.000007,0,,500,,
3,3,,0.000004,0.000011,0.000096,0.999829,0.000052,0.000007,0,,500,,
3,3,,0.000004,0.000011,0.000096,0.999829,0.000052,0.000007,0,,500,,
3,3,,0.000004,0.000011,0.000096,0.999829,0.000052,0.000007,0,,500,,
3,3,,0.000004,0.000011,0.000096,0.999829,0.000052,0.000007,0,,500,,
3,3,,0.000004,0.000011,0.000096,0.999829,0.000052,0.000007,0,,500,,
3,3,,0.000004,0.000011,0.000096,0.999829,0.000052,0.000007,0,,500,,
3,3,,0.000004,0.000011,0.000096,0.999829,0.000052,0.000007,0,,500,,
3,3,,0.000004,0.000011,0.000096,0.999829,0.000052,0.000007,0,,500,,
3,3,,0.000004,0.000011,0.000096,0.999829,0.000052,0.000007,0,,500,,
3,3,,0.000004,0.000011,0.000096,0.999829,0.000052,0.000007,0,,500,,
3,3,,0.000004,0.000011,0.000096,0.999829,0.000052,0.000007,0,,500,,
3,3,,0.000004,0.000011,0.000096,0.999829,0.000052,0.000007,0,,400,,
3,3,,0.000004,0.000011,0.000096,0.999829,0.000052,0.000007,0,,500,,
3,3,,0.000004,0.000011,0.000096,0.999829,0.000052,0.000007,0,,500,,
3,3,,0.000004,0.000011,0.000096,0.999829,0.000052,0.000007,0,,500,,
3,3,,0.000004,0.000011,0.000096,0.999829,0.000052,0.000007,0,,500,,
3,3,,0.000004,0.000011,0.000096,0.999829,0.000052,0.000007,0,,400,,
3,3,,0.000004,0.000011,0.000096,0.999829,0.000052,0.000007,0,,500,,
3,3,,0.000004,0.000011,0.000096,0.999829,0.000052,0.000007,0,,500,,
3,3,,0.000004,0.000011,0.000096,0.999829,0.000052,0.000007,0,,500,,
3,3,,0.000004,0.000011,0.000096,0.999829,0.000052,0.000007,0,,500,,
3,3,,0.000004,0.000011,0.000096,0.999829,0.000052,0.000007,0,,500,,
3,3,,0.000004,0.000011,0.000096,0.999829,0.000052,0.000007,0,,500,,
3,3,,0.000004,0.000011,0.000096,0.999829,0.000052,0.000007,0,,500,,
3,3,,0.000004,0.000011,0.000096,0.999829,0.000052,0.000007,0,,500,,
3,3,,0.000004,0.000011,0.000096,0.999829,0.000052,0.000007,0,,500,,
3,3,,0.000004,0.000011,0.000096,0.999829,0.000052,0.000007,0,,400,,
3,3,,0.000004,0.000011,0.000096,0.999829,0.000052,0.000007,0,,500,,
3,3,,0.000004,0.000011,0.000096,0.999829,0.000052,0.000007,0,,500,,
3,3,,0.000004,0.000011,0.000096,0.999829,0.000052,0.000007,0,,500,,
3,3,,0.000004,0.000011,0.000096,0.999829,0.000052,0.000007,0,,500,,
3,3,,0.000004,0.000011,0.000096,0.999829,0.000052,0.000007,0,,500,,
3,3,,0.000004,0.000011,0.000096,0.999829,0.000052,0.000007,0,,500,,
3,3,,0.000004,0.000011,0.000096,0.999829,0.000052,0.000007,0,,500,,
3,3,,0.000004,0.000011,0.000096,0.999829,0.000052,0.000007,0,,500,,
3,3,,0.000004,0.000011,0.000096,0.999829,0.000052,0.000007,0,,500,,
3,3,,0.000004,0.000011,0.000096,0.999829,0.000052,0.000007,0,,500,,
3,3,,0.000004,0.000011,0.000096,0.999829,0.000052,0.000007,0,,500,,
3,3,,0.000004,0.000011,0.000096,0.999829,0.000052,0.000007,0,,400,,
3,3,,0.000004,0.000011,0.000096,0.999829,0.000052,0.000007,0,,500,,
3,3,,0.000004,0.000011,0.000096,0.999829,0.000052,0.000007,0,,500,,
3,3,,0.000004,0.000011,0.000096,0.999829,0.000052,0.000007,0,,500,,
3,3,,0.000004,0.000011,0.000096,0.999829,0.000052,0.000007,0,,500,,
3,3,,0.000218,0.064161,0.009331,0.887716,0.000038,0.038503,0.000033,,500,,
3,3,,0.000004,0.000011,0.000096,0.999829,0.000052,0.000007,0,,500,,
3,3,,0.000004,0.000011,0.000096,0.999829,0.000052,0.000007,0,,500,,
3,3,,0.000004,0.000011,0.000096,0.999829,0.000052,0.000007,0,,500,,
3,3,,0.000004,0.000011,0.000096,0.999829,0.000052,0.000007,0,,500,,
3,3,,0.000004,0.000011,0.000096,0.999829,0.000052,0.000007,0,,500,,
3,3,,0.000004,0.000011,0.000096,0.999829,0.000052,0.000007,0,,500,,
3,3,,0.000004,0.000011,0.000096,0.999829,0.000052,0.000007,0,,500,,
3,3,,0.000004,0.000011,0.000096,0.999829,0.000052,0.000007,0,,500,,
3,3,,0.000004,0.000011,0.000096,0.999829,0.000052,0.000007,0,,500,,
3,3,,0.000004,0.000011,0.000096,0.999829,0.000052,0.000007,0,,500,,
3,3,,0.000004,0.000011,0.000096,0.999829,0.000052,0.000007,0,,500,,
3,3,,0.000004,0.000011,0.000096,0.999829,0.000052,0.000007,0,,500,,
3,3,,0.000004,0.000011,0.000096,0.999829,0.000052,0.000007,0,,500,,
3,3,,0.000004,0.000011,0.000096,0.999829,0.000052,0.000007,0,,500,,
3,3,,0.000004,0.000011,0.000096,0.999829,0.000052,0.000007,0,,500,,
3,3,,0.000004,0.000011,0.000096,0.999829,0.000052,0.000007,0,,500,,
3,3,,0.000004,0.000011,0.000096,0.999829,0.000052,0.000007,0,,500,,
3,3,,0.000004,0.000011,0.000096,0.999829,0.000052,0.000007,0,,500,,
3,3,,0.000004,0.000011,0.000096,0.999829,0.000052,0.000007,0,,500,,
3,3,,0.000004,0.000011,0.000096,0.999829,0.000052,0.000007,0,,500,,
3,3,,0.000004,0.000011,0.000096,0.999829,0.000052,0.000007,0,,500,,
3,3,,0.000004,0.000011,0.000096,0.999829,0.000052,0.000007,0,,500,,
3,3,,0.000004,0.000011,0.000096,0.999829,0.000052,0.000007,0,,500,,
3,3,,0.000004,0.000011,0.000096,0.999829,0.000052,0.000007,0,,500,,
3,3,,0.000004,0.000011,0.000096,0.999829,0.000052,0.000007,0,,500,,
3,3,,0.000004,0.000011,0.000096,0.999829,0.000052,0.000007,0,,500,,
3,3,,0.000004,0.000011,0.000096,0.999829,0.000052,0.000007,0,,500,,
3,3,,0.000004,0.000011,0.000096,0.999829,0.000052,0.000007,0,,500,,
3,3,,0.000004,0.000011,0.000096,0.999829,0.000052,0.000007,0,,500,,
3,3,,0.000004,0.000011,0.000096,0.999829,0.000052,0.000007,0,,500,,
3,3,,0.000004,0.000011,0.000096,0.999829,0.000052,0.000007,0,,500,,
3,3,,0.000004,0.000011,0.000096,0.999829,0.000052,0.000007,0,,500,,
3,3,,0.000004,0.000011,0.000096,0.999829,0.000052,0.000007,0,,500,,
3,3,,0.000004,0.000011,0.000096,0.999829,0.000052,0.000007,0,,500,,
3,3,,0.000004,0.000011,0.000096,0.999829,0.000052,0.000007,0,,500,,
3,3,,0.000004,0.000011,0.000096,0.999829,0.000052,0.000007,0,,500,,
3,3,,0.000004,0.000011,0.000096,0.999829,0.000052,0.000007,0,,500,,
3,3,,0.000004,0.000011,0.000096,0.999829,0.000052,0.000007,0,,500,,
3,3,,0.000004,0.000011,0.000096,0.999829,0.000052,0.000007,0,,1400,,
3,3,,0.000004,0.000011,0.000096,0.999829,0.000052,0.000007,0,,500,,
3,3,,0.000004,0.000011,0.000096,0.999829,0.000052,0.000007,0,,500,,
3,3,,0.000004,0.000011,0.000096,0.999829,0.000052,0.000007,0,,500,,
3,3,,0.000004,0.000011,0.000096,0.999829,0.000052,0.000007,0,,400,,
3,3,,0.000004,0.000011,0.000096,0.999829,0.000052,0.000007,0,,500,,
3,3,,0.000004,0.000011,0.000096,0.999829,0.000052,0.000007,0,,500,,
3,3,,0.000004,0.000011,0.000096,0.999829,0.000052,0.000007,0,,500,,
3,3,,0.000004,0.000011,0.000096,0.999829,0.000052,0.000007,0,,500,,
3,3,,0.000004,0.000011,0.000096,0.999829,0.000052,0.000007,0,,400,,
3,3,,0.000004,0.000011,0.000096,0.999829,0.000052,0.000007,0,,500,,
3,3,,0.000004,0.000011,0.000096,0.999829,0.000052,0.000007,0,,500,,
3,3,,0.000004,0.000011,0.000096,0.999829,0.000052,0.000007,0,,500,,
3,3,,0.000004,0.000011,0.000096,0.999829,0.000052,0.000007,0,,500,,
3,3,,0.000004,0.000011,0.000096,0.999829,0.000052,0.000007,0,,500,,
3,3,,0.000004,0.000011,0.000096,0.999829,0.000052,0.000007,0,,500,,
3,3,,0.000004,0.000011,0.000096,0.999829,0.000052,0.000007,0,,500,,
3,3,,0.000004,0.000011,0.000096,0.999829,0.000052,0.000007,0,,500,,
3,3,,0.000004,0.000011,0.000096,0.999829,0.000052,0.000007,0,,500,,
3,3,,0.000004,0.000011,0.000096,0.999829,0.000052,0.000007,0,,500,,
3,3,,0.000004,0.000011,0.000096,0.999829,0.000052,0.000007,0,,500,,
3,3,,0.000004,0.000011,0.000096,0.999829,0.000052,0.000007,0,,400,,
3,3,,0.000004,0.000011,0.000096,0.999829,0.000052,0.000007,0,,500,,
3,3,,0.000004,0.000011,0.000096,0.999829,0.000052,0.000007,0,,500,,
3,3,,0.000004,0.000011,0.000096,0.999829,0.000052,0.000007,0,,500,,
3,3,,0.000004,0.000011,0.000096,0.999829,0.000052,0.000007,0,,500,,
3,3,,0.000004,0.000011,0.000096,0.999829,0.000052,0.000007,0,,400,,
3,3,,0.000004,0.000011,0.000096,0.999829,0.000052,0.000007,0,,500,,
3,3,,0.000004,0.000011,0.000096,0.999829,0.000052,0.000007,0,,500,,
3,3,,0.000004,0.000011,0.000096,0.999829,0.000052,0.000007,0,,500,,
3,3,,0.000004,0.000011,0.000096,0.999829,0.000052,0.000007,0,,500,,
3,3,,0.000004,0.000011,0.000096,0.999829,0.000052,0.000007,0,,500,,
3,3,,0.000004,0.000011,0.000096,0.999829,0.000052,0.000007,0,,500,,
3,3,,0.000004,0.000011,0.000096,0.999829,0.000052,0.000007,0,,400,,
3,3,,0.000004,0.000011,0.000096,0.999829,0.000052,0.000007,0,,500,,
3,3,,0.000004,0.000011,0.000096,0.999829,0.000052,0.000007,0,,500,,
3,3,,0.000004,0.000011,0.000096,0.999829,0.000052,0.000007,0,,500,,
3,3,,0.000004,0.000011,0.000096,0.999829,0.000052,0.000007,0,,500,,
3,3,,0.000004,0.000011,0.000096,0.999829,0.000052,0.000007,0,,500,,
3,3,,0.000004,0.000011,0.000096,0.999829,0.000052,0.000007,0,,400,,
3,3,,0.000004,0.000011,0.000096,0.999829,0.000052,0.000007,0,,500,,
3,3,,0.000004,0.000011,0.000096,0.999829,0.000052,0.000007,0,,500,,
3,3,,0.000004,0.000011,0.000096,0.999829,0.000052,0.000007,0,,500,,
3,3,,0.000004,0.000011,0.000096,0.999829,0.000052,0.000007,0,,500,,
3,3,,0.000004,0.000011,0.000096,0.999829,0.000052,0.000007,0,,500,,
3,3,,0.000004,0.000011,0.000096,0.999829,0.000052,0.000007,0,,500,,
3,3,,0.000004,0.000011,0.000096,0.999829,0.000052,0.000007,0,,500,,
3,3,,0.000004,0.000011,0.000096,0.999829,0.000052,0.000007,0,,500,,
3,3,,0.000004,0.000011,0.000096,0.999829,0.000052,0.000007,0,,500,,
3,3,,0.000004,0.000011,0.000096,0.999829,0.000052,0.000007,0,,500,,
3,3,,0.000004,0.000011,0.000096,0.999829,0.000052,0.000007,0,,500,,
3,3,,0.000004,0.000011,0.000096,0.999829,0.000052,0.000007,0,,500,,
3,3,,0.000004,0.000011,0.000096,0.999829,0.000052,0.000007,0,,500,,
3,3,,0.000004,0.000011,0.000096,0.999829,0.000052,0.000007,0,,500,,
3,3,,0.000004,0.000011,0.000096,0.999829,0.000052,0.000007,0,,500,,
3,3,,0.000004,0.000011,0.000096,0.999829,0.000052,0.000007,0,,500,,
3,3,,0.000004,0.000011,0.000096,0.999829,0.000052,0.000007,0,,500,,
3,3,,0.000004,0.000011,0.000096,0.999829,0.000052,0.000007,0,,500,,
3,3,,0.000004,0.000011,0.000096,0.999829,0.000052,0.000007,0,,500,,
3,3,,0.000004,0.000011,0.000096,0.999829,0.000052,0.000007,0,,400,,
3,3,,0.000004,0.000011,0.000096,0.999829,0.000052,0.000007,0,,500,,
3,3,,0.000004,0.000011,0.000096,0.999829,0.000052,0.000007,0,,500,,
3,3,,0.000004,0.000011,0.000096,0.999829,0.000052,0.000007,0,,500,,
3,3,,0.000004,0.000011,0.000096,0.999829,0.000052,0.000007,0,,500,,
3,3,,0.000004,0.000011,0.000096,0.999829,0.000052,0.000007,0,,400,,
3,3,,0.000004,0.000011,0.000096,0.999829,0.000052,0.000007,0,,500,,
3,3,,0.000004,0.000011,0.000096,0.999829,0.000052,0.000007,0,,500,,
3,3,,0.000004,0.000011,0.000096,0.999829,0.000052,0.000007,0,,500,,
3,3,,0.000004,0.000011,0.000096,0.999829,0.000052,0.000007,0,,500,,
3,3,,0.000004,0.000011,0.000096,0.999829,0.000052,0.000007,0,,500,,
3,3,,0.000004,0.000011,0.000096,0.999829,0.000052,0.000007,0,,500,,
3,3,,0.000004,0.000011,0.000096,0.999829,0.000052,0.000007,0,,400,,
3,3,,0.000004,0.000011,0.000096,0.999829,0.000052,0.000007,0,,500,,
3,3,,0.000004,0.000011,0.000096,0.999829,0.000052,0.000007,0,,500,,
3,3,,0.000004,0.000011,0.000096,0.999829,0.000052,0.000007,0,,500,,
3,3,,0.000004,0.000011,0.000096,0.999829,0.000052,0.000007,0,,500,,
3,3,,0.000004,0.000011,0.000096,0.999829,0.000052,0.000007,0,,400,,
3,3,,0.000004,0.000011,0.000096,0.999829,0.000052,0.000007,0,,500,,
3,3,,0.000004,0.000011,0.000096,0.999829,0.000052,0.000007,0,,500,,
3,3,,0.000004,0.000011,0.000096,0.999829,0.000052,0.000007,0,,500,,
3,3,,0.000004,0.000011,0.000096,0.999829,0.000052,0.000007,0,,500,,
3,3,,0.000004,0.000011,0.000096,0.999829,0.000052,0.000007,0,,500,,
3,3,,0.000004,0.000011,0.000096,0.999829,0.000052,0.000007,0,,500,,
3,3,,0.000004,0.000011,0.000096,0.999829,0.000052,0.000007,0,,500,,
3,3,,0.000004,0.000011,0.000096,0.999829,0.000052,0.000007,0,,500,,
3,3,,0.000004,0.000011,0.000096,0.999829,0.000052,0.000007,0,,500,,
3,3,,0.000004,0.000011,0.000096,0.999829,0.000052,0.000007,0,,500,,
3,3,,0.000004,0.000011,0.000096,0.999829,0.000052,0.000007,0,,500,,
3,3,,0.000004,0.000011,0.000096,0.999829,0.000052,0.000007,0,,500,,
3,3,,0.000004,0.000011,0.000096,0.999829,0.000052,0.000007,0,,500,,
3,3,,0.000004,0.000011,0.000096,0.999829,0.000052,0.000007,0,,500,,
3,3,,0.000004,0.000011,0.000096,0.999829,0.000052,0.000007,0,,500,,
3,3,,0.000004,0.000011,0.000096,0.999829,0.000052,0.000007,0,,500,,
3,3,,0.000004,0.000011,0.000096,0.999829,0.000052,0.000007,0,,500,,
3,3,,0.000004,0.000011,0.000096,0.999829,0.000052,0.000007,0,,500,,
3,3,,0.000004,0.000011,0.000096,0.999829,0.000052,0.000007,0,,500,,
3,3,,0.000004,0.000011,0.000096,0.999829,0.000052,0.000007,0,,500,,
3,3,,0.000004,0.000011,0.000096,0.999829,0.000052,0.000007,0,,500,,
3,3,,0.000004,0.000011,0.000096,0.999829,0.000052,0.000007,0,,500,,
3,3,,0.000004,0.000011,0.000096,0.999829,0.000052,0.000007,0,,400,,
3,3,,0.000004,0.000011,0.000096,0.999829,0.000052,0.000007,0,,500,,
3,3,,0.000004,0.000011,0.000096,0.999829,0.000052,0.000007,0,,500,,
3,3,,0.000004,0.000011,0.000096,0.999829,0.000052,0.000007,0,,500,,
3,3,,0.000004,0.000011,0.000096,0.999829,0.000052,0.000007,0,,500,,
3,3,,0.000004,0.000011,0.000096,0.999829,0.000052,0.000007,0,,500,,
3,3,,0.000004,0.000011,0.000096,0.999829,0.000052,0.000007,0,,500,,
3,3,,0.000004,0.000011,0.000096,0.999829,0.000052,0.000007,0,,500,,
3,3,,0.000004,0.000011,0.000096,0.999829,0.000052,0.000007,0,,500,,
3,3,,0.000004,0.000011,0.000096,0.999829,0.000052,0.000007,0,,500,,
3,3,,0.000004,0.000011,0.000096,0.999829,0.000052,0.000007,0,,500,,
3,3,,0.000004,0.000011,0.000096,0.999829,0.000052,0.000007,0,,500,,
3,3,,0.000004,0.000011,0.000096,0.999829,0.000052,0.000007,0,,500,,
3,3,,0.000004,0.000011,0.000096,0.999829,0.000052,0.000007,0,,500,,
3,3,,0.000004,0.000011,0.000096,0.999829,0.000052,0.000007,0,,500,,
3,3,,0.000004,0.000011,0.000096,0.999829,0.000052,0.000007,0,,500,,
3,3,,0.000004,0.000011,0.000096,0.999829,0.000052,0.000007,0,,500,,
3,3,,0.000004,0.000011,0.000096,0.999829,0.000052,0.000007,0,,500,,
3,3,,0.000004,0.000011,0.000096,0.999829,0.000052,0.000007,0,,500,,
3,3,,0.000004,0.000011,0.000096,0.999829,0.000052,0.000007,0,,500,,
3,3,,0.000004,0.000011,0.000096,0.999829,0.000052,0.000007,0,,500,,
3,3,,0.000004,0.000011,0.000096,0.999829,0.000052,0.000007,0,,500,,
3,3,,0.000004,0.000011,0.000096,0.999829,0.000052,0.000007,0,,500,,
3,3,,0.000004,0.000011,0.000096,0.999829,0.000052,0.000007,0,,500,,
3,3,,0.000004,0.000011,0.000096,0.999829,0.000052,0.000007,0,,500,,
3,3,,0.000004,0.000011,0.000096,0.999829,0.000052,0.000007,0,,500,,
3,3,,0.000004,0.000011,0.000096,0.999829,0.000052,0.000007,0,,500,,
3,3,,0.000004,0.000011,0.000096,0.999829,0.000052,0.000007,0,,400,,
3,3,,0.000004,0.000011,0.000096,0.999829,0.000052,0.000007,0,,500,,
3,3,,0.000004,0.000011,0.000096,0.999829,0.000052,0.000007,0,,500,,
3,3,,0.000004,0.000011,0.000096,0.999829,0.000052,0.000007,0,,500,,
3,3,,0.000004,0.000011,0.000096,0.999829,0.000052,0.000007,0,,500,,
3,3,,0.000004,0.000011,0.000096,0.999829,0.000052,0.000007,0,,500,,
3,3,,0.000004,0.000011,0.000096,0.999829,0.000052,0.000007,0,,500,,
3,3,,0.000004,0.000011,0.000096,0.999829,0.000052,0.000007,0,,500,,
3,3,,0.000004,0.000011,0.000096,0.999829,0.000052,0.000007,0,,500,,
3,3,,0.000004,0.000011,0.000096,0.999829,0.000052,0.000007,0,,500,,
3,3,,0.000004,0.000011,0.000096,0.999829,0.000052,0.000007,0,,500,,
3,3,,0.000004,0.000011,0.000096,0.999829,0.000052,0.000007,0,,500,,
3,3,,0.000004,0.000011,0.000096,0.999829,0.000052,0.000007,0,,400,,
3,3,,0.000004,0.000011,0.000096,0.999829,0.000052,0.000007,0,,500,,
3,3,,0.000004,0.000011,0.000096,0.999829,0.000052,0.000007,0,,500,,
3,3,,0.000004,0.000011,0.000096,0.999829,0.000052,0.000007,0,,500,,
3,3,,0.000004,0.000011,0.000096,0.999829,0.000052,0.000007,0,,600,,
3,3,,0.000001,0.328277,0.000274,0.543925,0.000053,0.127467,0.000002,,600,,
3,3,,0.000004,0.000011,0.000096,0.999829,0.000052,0.000007,0,,500,,
3,3,,0.000004,0.000011,0.000096,0.999829,0.000052,0.000007,0,,500,,
3,3,,0.000004,0.000011,0.000096,0.999829,0.000052,0.000007,0,,500,,
3,3,,0.000004,0.000011,0.000096,0.999829,0.000052,0.000007,0,,500,,
3,3,,0.000004,0.000011,0.000096,0.999829,0.000052,0.000007,0,,500,,
3,3,,0.000004,0.000011,0.000096,0.999829,0.000052,0.000007,0,,500,,
3,3,,0.000004,0.000011,0.000096,0.999829,0.000052,0.000007,0,,500,,
3,3,,0.000004,0.000011,0.000096,0.999829,0.000052,0.000007,0,,500,,
3,3,,0.000004,0.000011,0.000096,0.999829,0.000052,0.000007,0,,500,,
3,3,,0.000004,0.000011,0.000096,0.999829,0.000052,0.000007,0,,500,,
3,3,,0.000004,0.000011,0.000096,0.999829,0.000052,0.000007,0,,500,,
3,3,,0.000004,0.000011,0.000096,0.999829,0.000052,0.000007,0,,500,,
3,3,,0.000004,0.000011,0.000096,0.999829,0.000052,0.000007,0,,500,,
3,3,,0.000004,0.000011,0.000096,0.999829,0.000052,0.000007,0,,500,,
3,3,,0.000004,0.000011,0.000096,0.999829,0.000052,0.000007,0,,500,,
3,3,,0.000004,0.000011,0.000096,0.999829,0.000052,0.000007,0,,500,,
3,3,,0.000004,0.000011,0.000096,0.999829,0.000052,0.000007,0,,500,,
3,3,,0.000004,0.000011,0.000096,0.999829,0.000052,0.000007,0,,500,,
3,3,,0.000004,0.000011,0.000096,0.999829,0.000052,0.000007,0,,500,,
3,3,,0.000004,0.000011,0.000096,0.999829,0.000052,0.000007,0,,500,,
3,3,,0.000004,0.000011,0.000096,0.999829,0.000052,0.000007,0,,500,,
3,3,,0.000004,0.000011,0.000096,0.999829,0.000052,0.000007,0,,500,,
3,3,,0.000004,0.000011,0.000096,0.999829,0.000052,0.000007,0,,500,,
3,3,,0.000004,0.000011,0.000096,0.999829,0.000052,0.000007,0,,500,,
3,3,,0.000004,0.000011,0.000096,0.999829,0.000052,0.000007,0,,500,,
3,3,,0.000004,0.000011,0.000096,0.999829,0.000052,0.000007,0,,400,,
3,3,,0.000004,0.000011,0.000096,0.999829,0.000052,0.000007,0,,500,,
3,3,,0.000004,0.000011,0.000096,0.999829,0.000052,0.000007,0,,500,,
3,3,,0.000004,0.000011,0.000096,0.999829,0.000052,0.000007,0,,500,,
3,3,,0.000004,0.000011,0.000096,0.999829,0.000052,0.000007,0,,500,,
3,3,,0.000004,0.000011,0.000096,0.999829,0.000052,0.000007,0,,500,,
3,3,,0.000004,0.000011,0.000096,0.999829,0.000052,0.000007,0,,500,,
3,3,,0.000004,0.000011,0.000096,0.999829,0.000052,0.000007,0,,500,,
3,3,,0.000004,0.000011,0.000096,0.999829,0.000052,0.000007,0,,500,,
3,3,,0.000004,0.000011,0.000096,0.999829,0.000052,0.000007,0,,500,,
3,3,,0.000004,0.000011,0.000096,0.999829,0.000052,0.000007,0,,500,,
3,3,,0.000004,0.000011,0.000096,0.999829,0.000052,0.000007,0,,500,,
3,3,,0.000004,0.000011,0.000096,0.999829,0.000052,0.000007,0,,400,,
3,3,,0.000004,0.000011,0.000096,0.999829,0.000052,0.000007,0,,500,,
3,3,,0.000004,0.000011,0.000096,0.999829,0.000052,0.000007,0,,500,,
3,3,,0.000004,0.000011,0.000096,0.999829,0.000052,0.000007,0,,500,,
3,3,,0.000004,0.000011,0.000096,0.999829,0.000052,0.000007,0,,500,,
3,3,,0.000004,0.000011,0.000096,0.999829,0.000052,0.000007,0,,500,,
3,3,,0.000004,0.000011,0.000096,0.999829,0.000052,0.000007,0,,500,,
3,3,,0.000004,0.000011,0.000096,0.999829,0.000052,0.000007,0,,500,,
3,3,,0.000004,0.000011,0.000096,0.999829,0.000052,0.000007,0,,500,,
3,3,,0.000004,0.000011,0.000096,0.999829,0.000052,0.000007,0,,500,,
3,3,,0.000004,0.000011,0.000096,0.999829,0.000052,0.000007,0,,500,,
3,3,,0.000004,0.000011,0.000096,0.999829,0.000052,0.000007,0,,500,,
3,3,,0.000004,0.000011,0.000096,0.999829,0.000052,0.000007,0,,500,,
3,3,,0.000004,0.000011,0.000096,0.999829,0.000052,0.000007,0,,500,,
3,3,,0.000004,0.000011,0.000096,0.999829,0.000052,0.000007,0,,500,,
3,3,,0.000004,0.000011,0.000096,0.999829,0.000052,0.000007,0,,500,,
3,3,,0.000004,0.000011,0.000096,0.999829,0.000052,0.000007,0,,500,,
3,3,,0.000004,0.000011,0.000096,0.999829,0.000052,0.000007,0,,500,,
3,3,,0.000004,0.000011,0.000096,0.999829,0.000052,0.000007,0,,500,,
3,3,,0.000004,0.000011,0.000096,0.999829,0.000052,0.000007,0,,500,,
3,3,,0.000004,0.000011,0.000096,0.999829,0.000052,0.000007,0,,500,,
3,3,,0.000004,0.000011,0.000096,0.999829,0.000052,0.000007,0,,500,,
3,3,,0.000004,0.000011,0.000096,0.999829,0.000052,0.000007,0,,500,,
3,3,,0.000004,0.000011,0.000096,0.999829,0.000052,0.000007,0,,500,,
3,3,,0.000004,0.000011,0.000096,0.999829,0.000052,0.000007,0,,500,,
3,3,,0.000004,0.000011,0.000096,0.999829,0.000052,0.000007,0,,500,,
3,3,,0.000004,0.000011,0.000096,0.999829,0.000052,0.000007,0,,500,,
3,3,,0.000004,0.000011,0.000096,0.999829,0.000052,0.000007,0,,500,,
3,3,,0.000004,0.000011,0.000096,0.999829,0.000052,0.000007,0,,500,,
3,3,,0.000004,0.000011,0.000096,0.999829,0.000052,0.000007,0,,400,,
3,3,,0.000004,0.000011,0.000096,0.999829,0.000052,0.000007,0,,500,,
3,3,,0.000004,0.000011,0.000096,0.999829,0.000052,0.000007,0,,500,,
3,3,,0.000004,0.000011,0.000096,0.999829,0.000052,0.000007,0,,500,,
3,3,,0.000004,0.000011,0.000096,0.999829,0.000052,0.000007,0,,500,,
3,3,,0.000004,0.000011,0.000096,0.999829,0.000052,0.000007,0,,400,,
3,3,,0.000004,0.000011,0.000096,0.999829,0.000052,0.000007,0,,500,,
3,3,,0.000004,0.000011,0.000096,0.999829,0.000052,0.000007,0,,500,,
3,3,,0.000004,0.000011,0.000096,0.999829,0.000052,0.000007,0,,500,,
3,3,,0.000004,0.000011,0.000096,0.999829,0.000052,0.000007,0,,500,,
3,3,,0.000004,0.000011,0.000096,0.999829,0.000052,0.000007,0,,500,,
3,3,,0.000004,0.000011,0.000096,0.999829,0.000052,0.000007,0,,500,,
3,3,,0.000004,0.000011,0.000096,0.999829,0.000052,0.000007,0,,500,,
3,3,,0.000004,0.000011,0.000096,0.999829,0.000052,0.000007,0,,500,,
3,3,,0.000004,0.000011,0.000096,0.999829,0.000052,0.000007,0,,500,,
3,3,,0.000004,0.000011,0.000096,0.999829,0.000052,0.000007,0,,500,,
3,3,,0.000004,0.000011,0.000096,0.999829,0.000052,0.000007,0,,500,,
3,3,,0.000004,0.000011,0.000096,0.999829,0.000052,0.000007,0,,500,,
3,3,,0.000004,0.000011,0.000096,0.999829,0.000052,0.000007,0,,500,,
3,3,,0.000004,0.000011,0.000096,0.999829,0.000052,0.000007,0,,500,,
3,3,,0.000004,0.000011,0.000096,0.999829,0.000052,0.000007,0,,500,,
3,3,,0.000004,0.000011,0.000096,0.999829,0.000052,0.000007,0,,500,,
3,3,,0.000004,0.000011,0.000096,0.999829,0.000052,0.000007,0,,400,,
3,3,,0.000004,0.000011,0.000096,0.999829,0.000052,0.000007,0,,500,,
3,3,,0.000004,0.000011,0.000096,0.999829,0.000052,0.000007,0,,500,,
3,3,,0.000004,0.000011,0.000096,0.999829,0.000052,0.000007,0,,500,,
3,3,,0.000004,0.000011,0.000096,0.999829,0.000052,0.000007,0,,500,,
3,3,,0.000004,0.000011,0.000096,0.999829,0.000052,0.000007,0,,500,,
3,3,,0.000004,0.000011,0.000096,0.999829,0.000052,0.000007,0,,500,,
3,3,,0.000004,0.000011,0.000096,0.999829,0.000052,0.000007,0,,500,,
3,3,,0.000004,0.000011,0.000096,0.999829,0.000052,0.000007,0,,500,,
3,3,,0.000004,0.000011,0.000096,0.999829,0.000052,0.000007,0,,500,,
3,3,,0,0.00013,0.000021,0.999769,0.000001,0.000078,0,,500,,
3,3,,0.000004,0.000011,0.000096,0.999829,0.000052,0.000007,0,,500,,
3,3,,0.000004,0.000011,0.000096,0.999829,0.000052,0.000007,0,,500,,
3,3,,0.000004,0.000011,0.000096,0.999829,0.000052,0.000007,0,,500,,
3,3,,0.000004,0.000011,0.000096,0.999829,0.000052,0.000007,0,,500,,
3,3,,0.000004,0.000011,0.000096,0.999829,0.000052,0.000007,0,,500,,
3,3,,0.000004,0.000011,0.000096,0.999829,0.000052,0.000007,0,,500,,
3,3,,0.000004,0.000011,0.000096,0.999829,0.000052,0.000007,0,,500,,
3,3,,0.000004,0.000011,0.000096,0.999829,0.000052,0.000007,0,,500,,
3,3,,0.000004,0.000011,0.000096,0.999829,0.000052,0.000007,0,,500,,
3,3,,0.000004,0.000011,0.000096,0.999829,0.000052,0.000007,0,,500,,
3,3,,0.000004,0.000011,0.000096,0.999829,0.000052,0.000007,0,,500,,
3,3,,0.000004,0.000011,0.000096,0.999829,0.000052,0.000007,0,,500,,
3,3,,0.000004,0.000011,0.000096,0.999829,0.000052,0.000007,0,,500,,
3,3,,0.000004,0.000011,0.000096,0.999829,0.000052,0.000007,0,,500,,
3,3,,0.000004,0.000011,0.000096,0.999829,0.000052,0.000007,0,,500,,
3,3,,0.000004,0.000011,0.000096,0.999829,0.000052,0.000007,0,,500,,
3,3,,0.000004,0.000011,0.000096,0.999829,0.000052,0.000007,0,,500,,
3,3,,0.000004,0.000011,0.000096,0.999829,0.000052,0.000007,0,,500,,
3,3,,0.000004,0.000011,0.000096,0.999829,0.000052,0.000007,0,,500,,
3,3,,0.000004,0.000011,0.000096,0.999829,0.000052,0.000007,0,,500,,
3,3,,0.000004,0.000011,0.000096,0.999829,0.000052,0.000007,0,,500,,
3,3,,0.000004,0.000011,0.000096,0.999829,0.000052,0.000007,0,,500,,
3,3,,0.000004,0.000011,0.000096,0.999829,0.000052,0.000007,0,,500,,
3,3,,0.000004,0.000011,0.000096,0.999829,0.000052,0.000007,0,,400,,
3,3,,0.000004,0.000011,0.000096,0.999829,0.000052,0.000007,0,,500,,
3,3,,0.000004,0.000011,0.000096,0.999829,0.000052,0.000007,0,,500,,
3,3,,0.000004,0.000011,0.000096,0.999829,0.000052,0.000007,0,,500,,
3,3,,0.000004,0.000011,0.000096,0.999829,0.000052,0.000007,0,,500,,
3,3,,0.000004,0.000011,0.000096,0.999829,0.000052,0.000007,0,,500,,
3,3,,0.000004,0.000011,0.000096,0.999829,0.000052,0.000007,0,,500,,
3,3,,0.000004,0.000011,0.000096,0.999829,0.000052,0.000007,0,,500,,
3,3,,0.000004,0.000011,0.000096,0.999829,0.000052,0.000007,0,,500,,
3,3,,0.000004,0.000011,0.000096,0.999829,0.000052,0.000007,0,,500,,
3,3,,0.000004,0.000011,0.000096,0.999829,0.000052,0.000007,0,,500,,
3,3,,0.000004,0.000011,0.000096,0.999829,0.000052,0.000007,0,,500,,
3,3,,0.000004,0.000011,0.000096,0.999829,0.000052,0.000007,0,,500,,
3,3,,0.000004,0.000011,0.000096,0.999829,0.000052,0.000007,0,,500,,
3,3,,0.000004,0.000011,0.000096,0.999829,0.000052,0.000007,0,,500,,
3,3,,0.000004,0.000011,0.000096,0.999829,0.000052,0.000007,0,,500,,
3,3,,0.000004,0.000011,0.000096,0.999829,0.000052,0.000007,0,,500,,
3,3,,0.000004,0.000011,0.000096,0.999829,0.000052,0.000007,0,,500,,
3,3,,0.000004,0.000011,0.000096,0.999829,0.000052,0.000007,0,,500,,
3,3,,0.000004,0.000011,0.000096,0.999829,0.000052,0.000007,0,,400,,
3,3,,0.000004,0.000011,0.000096,0.999829,0.000052,0.000007,0,,500,,
3,3,,0.000004,0.000011,0.000096,0.999829,0.000052,0.000007,0,,500,,
3,3,,0.000004,0.000011,0.000096,0.999829,0.000052,0.000007,0,,500,,
3,3,,0.000004,0.000011,0.000096,0.999829,0.000052,0.000007,0,,500,,
3,3,,0.000004,0.000011,0.000096,0.999829,0.000052,0.000007,0,,500,,
3,3,,0.000004,0.000011,0.000096,0.999829,0.000052,0.000007,0,,500,,
3,3,,0.000004,0.000011,0.000096,0.999829,0.000052,0.000007,0,,500,,
3,3,,0.000004,0.000011,0.000096,0.999829,0.000052,0.000007,0,,500,,
3,3,,0.000004,0.000011,0.000096,0.999829,0.000052,0.000007,0,,500,,
3,3,,0.000004,0.000011,0.000096,0.999829,0.000052,0.000007,0,,500,,
3,3,,0.000004,0.000011,0.000096,0.999829,0.000052,0.000007,0,,500,,
3,3,,0.000004,0.000011,0.000096,0.999829,0.000052,0.000007,0,,500,,
3,3,,0.000004,0.000011,0.000096,0.999829,0.000052,0.000007,0,,500,,
3,3,,0.000004,0.000011,0.000096,0.999829,0.000052,0.000007,0,,500,,
3,3,,0.000004,0.000011,0.000096,0.999829,0.000052,0.000007,0,,500,,
3,3,,0.000004,0.000011,0.000096,0.999829,0.000052,0.000007,0,,500,,
3,3,,0.000004,0.000011,0.000096,0.999829,0.000052,0.000007,0,,500,,
3,3,,0.000004,0.000011,0.000096,0.999829,0.000052,0.000007,0,,500,,
3,3,,0.000004,0.000011,0.000096,0.999829,0.000052,0.000007,0,,500,,
3,3,,0.000004,0.000011,0.000096,0.999829,0.000052,0.000007,0,,500,,
3,3,,0.000004,0.000011,0.000096,0.999829,0.000052,0.000007,0,,500,,
3,3,,0.000004,0.000011,0.000096,0.999829,0.000052,0.000007,0,,500,,
3,3,,0.000004,0.000011,0.000096,0.999829,0.000052,0.000007,0,,500,,
3,3,,0.000004,0.000011,0.000096,0.999829,0.000052,0.000007,0,,500,,
3,3,,0.000004,0.000011,0.000096,0.999829,0.000052,0.000007,0,,400,,
3,3,,0.000004,0.000011,0.000096,0.999829,0.000052,0.000007,0,,500,,
3,3,,0.000004,0.000011,0.000096,0.999829,0.000052,0.000007,0,,500,,
3,3,,0.000004,0.000011,0.000096,0.999829,0.000052,0.000007,0,,500,,
3,3,,0.000004,0.000011,0.000096,0.999829,0.000052,0.000007,0,,500,,
3,3,,0.000004,0.000011,0.000096,0.999829,0.000052,0.000007,0,,500,,
3,3,,0.000004,0.000011,0.000096,0.999829,0.000052,0.000007,0,,500,,
3,3,,0.000004,0.000011,0.000096,0.999829,0.000052,0.000007,0,,500,,
3,3,,0.000004,0.000011,0.000096,0.999829,0.000052,0.000007,0,,500,,
3,3,,0.000004,0.000011,0.000096,0.999829,0.000052,0.000007,0,,500,,
3,3,,0.000004,0.000011,0.000096,0.999829,0.000052,0.000007,0,,500,,
3,3,,0.000004,0.000011,0.000096,0.999829,0.000052,0.000007,0,,500,,
3,3,,0.000004,0.000011,0.000096,0.999829,0.000052,0.000007,0,,500,,
3,3,,0.000004,0.000011,0.000096,0.999829,0.000052,0.000007,0,,500,,
3,3,,0.000004,0.000011,0.000096,0.999829,0.000052,0.000007,0,,400,,
3,3,,0.000004,0.000011,0.000096,0.999829,0.000052,0.000007,0,,500,,
3,3,,0.000004,0.000011,0.000096,0.999829,0.000052,0.000007,0,,500,,
3,3,,0.000004,0.000011,0.000096,0.999829,0.000052,0.000007,0,,500,,
3,3,,0.000004,0.000011,0.000096,0.999829,0.000052,0.000007,0,,500,,
3,3,,0.000004,0.000011,0.000096,0.999829,0.000052,0.000007,0,,500,,
3,3,,0.000004,0.000011,0.000096,0.999829,0.000052,0.000007,0,,500,,
3,3,,0.000004,0.000011,0.000096,0.999829,0.000052,0.000007,0,,500,,
3,3,,0.000004,0.000011,0.000096,0.999829,0.000052,0.000007,0,,500,,
3,3,,0.000004,0.000011,0.000096,0.999829,0.000052,0.000007,0,,500,,
3,3,,0.000004,0.000011,0.000096,0.999829,0.000052,0.000007,0,,500,,
3,3,,0.000004,0.000011,0.000096,0.999829,0.000052,0.000007,0,,500,,
3,3,,0.000004,0.000011,0.000096,0.999829,0.000052,0.000007,0,,500,,
3,3,,0.000004,0.000011,0.000096,0.999829,0.000052,0.000007,0,,500,,
3,3,,0.000004,0.000011,0.000096,0.999829,0.000052,0.000007,0,,500,,
3,3,,0.000004,0.000011,0.000096,0.999829,0.000052,0.000007,0,,500,,
3,3,,0.000004,0.000011,0.000096,0.999829,0.000052,0.000007,0,,500,,
3,3,,0.000004,0.000011,0.000096,0.999829,0.000052,0.000007,0,,500,,
3,3,,0.000004,0.000011,0.000096,0.999829,0.000052,0.000007,0,,500,,
3,3,,0.000004,0.000011,0.000096,0.999829,0.000052,0.000007,0,,500,,
3,3,,0.000004,0.000011,0.000096,0.999829,0.000052,0.000007,0,,500,,
3,3,,0.000004,0.000011,0.000096,0.999829,0.000052,0.000007,0,,500,,
3,3,,0.000004,0.000011,0.000096,0.999829,0.000052,0.000007,0,,500,,
3,3,,0.000004,0.000011,0.000096,0.999829,0.000052,0.000007,0,,500,,
3,3,,0.000004,0.000011,0.000096,0.999829,0.000052,0.000007,0,,500,,
3,3,,0.000004,0.000011,0.000096,0.999829,0.000052,0.000007,0,,500,,
3,3,,0.000004,0.000011,0.000096,0.999829,0.000052,0.000007,0,,500,,
3,3,,0.000004,0.000011,0.000096,0.999829,0.000052,0.000007,0,,500,,
3,3,,0.042774,0.005588,0.042853,0.903441,0.00146,0.003736,0.000149,,400,,
3,3,,0.000004,0.000011,0.000096,0.999829,0.000052,0.000007,0,,500,,
3,3,,0.000004,0.000011,0.000096,0.999829,0.000052,0.000007,0,,500,,
3,3,,0.000004,0.000011,0.000096,0.999829,0.000052,0.000007,0,,500,,
3,3,,0.000004,0.000011,0.000096,0.999829,0.000052,0.000007,0,,500,,
3,3,,0.000004,0.000011,0.000096,0.999829,0.000052,0.000007,0,,400,,
3,3,,0.000004,0.000011,0.000096,0.999829,0.000052,0.000007,0,,500,,
3,3,,0.000004,0.000011,0.000096,0.999829,0.000052,0.000007,0,,500,,
3,3,,0.000004,0.000011,0.000096,0.999829,0.000052,0.000007,0,,500,,
3,3,,0.000004,0.000011,0.000096,0.999829,0.000052,0.000007,0,,500,,
3,3,,0.000004,0.000011,0.000096,0.999829,0.000052,0.000007,0,,500,,
3,3,,0.000004,0.000011,0.000096,0.999829,0.000052,0.000007,0,,500,,
3,3,,0.000004,0.000011,0.000096,0.999829,0.000052,0.000007,0,,500,,
3,3,,0.000004,0.000011,0.000096,0.999829,0.000052,0.000007,0,,500,,
3,3,,0.000004,0.000011,0.000096,0.999829,0.000052,0.000007,0,,500,,
3,3,,0.000004,0.000011,0.000096,0.999829,0.000052,0.000007,0,,500,,
3,3,,0.000004,0.000011,0.000096,0.999829,0.000052,0.000007,0,,500,,
3,3,,0.000004,0.000011,0.000096,0.999829,0.000052,0.000007,0,,400,,
3,3,,0.000004,0.000011,0.000096,0.999829,0.000052,0.000007,0,,500,,
3,3,,0.000004,0.000011,0.000096,0.999829,0.000052,0.000007,0,,500,,
3,3,,0.000004,0.000011,0.000096,0.999829,0.000052,0.000007,0,,500,,
3,3,,0.000004,0.000011,0.000096,0.999829,0.000052,0.000007,0,,500,,
3,3,,0.000004,0.000011,0.000096,0.999829,0.000052,0.000007,0,,400,,
3,3,,0.000004,0.000011,0.000096,0.999829,0.000052,0.000007,0,,500,,
3,3,,0.000004,0.000011,0.000096,0.999829,0.000052,0.000007,0,,500,,
3,3,,0.000004,0.000011,0.000096,0.999829,0.000052,0.000007,0,,500,,
3,3,,0.000004,0.000011,0.000096,0.999829,0.000052,0.000007,0,,500,,
3,3,,0.000004,0.000011,0.000096,0.999829,0.000052,0.000007,0,,500,,
3,3,,0.000004,0.000011,0.000096,0.999829,0.000052,0.000007,0,,500,,
3,3,,0.000004,0.000011,0.000096,0.999829,0.000052,0.000007,0,,500,,
3,3,,0.000004,0.000011,0.000096,0.999829,0.000052,0.000007,0,,500,,
3,3,,0.000004,0.000011,0.000096,0.999829,0.000052,0.000007,0,,500,,
3,3,,0.000004,0.000011,0.000096,0.999829,0.000052,0.000007,0,,500,,
3,3,,0.000004,0.000011,0.000096,0.999829,0.000052,0.000007,0,,500,,
3,3,,0.000004,0.000011,0.000096,0.999829,0.000052,0.000007,0,,500,,
3,3,,0.000004,0.000011,0.000096,0.999829,0.000052,0.000007,0,,500,,
3,3,,0.000004,0.000011,0.000096,0.999829,0.000052,0.000007,0,,500,,
3,3,,0.000004,0.000011,0.000096,0.999829,0.000052,0.000007,0,,500,,
3,3,,0.000004,0.000011,0.000096,0.999829,0.000052,0.000007,0,,500,,
3,3,,0.000004,0.000011,0.000096,0.999829,0.000052,0.000007,0,,500,,
3,3,,0.000004,0.000011,0.000096,0.999829,0.000052,0.000007,0,,500,,
3,3,,0.000004,0.000011,0.000096,0.999829,0.000052,0.000007,0,,500,,
3,3,,0.000004,0.000011,0.000096,0.999829,0.000052,0.000007,0,,400,,
3,3,,0.000004,0.000011,0.000096,0.999829,0.000052,0.000007,0,,500,,
3,3,,0.000004,0.000011,0.000096,0.999829,0.000052,0.000007,0,,400,,
3,3,,0.000004,0.000011,0.000096,0.999829,0.000052,0.000007,0,,500,,
3,3,,0.000218,0.064161,0.009331,0.887716,0.000038,0.038503,0.000033,,500,,
3,3,,0.000004,0.000011,0.000096,0.999829,0.000052,0.000007,0,,500,,
3,3,,0.000004,0.000011,0.000096,0.999829,0.000052,0.000007,0,,500,,
3,3,,0.000004,0.000011,0.000096,0.999829,0.000052,0.000007,0,,500,,
3,3,,0,0.00013,0.000021,0.999769,0.000001,0.000078,0,,500,,
3,3,,0.000004,0.000011,0.000096,0.999829,0.000052,0.000007,0,,500,,
3,3,,0.000004,0.000011,0.000096,0.999829,0.000052,0.000007,0,,500,,
3,3,,0.000004,0.000011,0.000096,0.999829,0.000052,0.000007,0,,500,,
3,3,,0.000004,0.000011,0.000096,0.999829,0.000052,0.000007,0,,400,,
3,3,,0.000004,0.000011,0.000096,0.999829,0.000052,0.000007,0,,500,,
3,3,,0.000004,0.000011,0.000096,0.999829,0.000052,0.000007,0,,500,,
3,3,,0.000004,0.000011,0.000096,0.999829,0.000052,0.000007,0,,600,,
3,3,,0.000004,0.000011,0.000096,0.999829,0.000052,0.000007,0,,400,,
3,3,,0.000004,0.000011,0.000096,0.999829,0.000052,0.000007,0,,500,,
3,3,,0.000004,0.000011,0.000096,0.999829,0.000052,0.000007,0,,500,,
3,3,,0.000004,0.000011,0.000096,0.999829,0.000052,0.000007,0,,500,,
3,3,,0.000004,0.000011,0.000096,0.999829,0.000052,0.000007,0,,500,,
3,3,,0.000004,0.000011,0.000096,0.999829,0.000052,0.000007,0,,500,,
3,3,,0.000004,0.000011,0.000096,0.999829,0.000052,0.000007,0,,500,,
3,3,,0.000004,0.000011,0.000096,0.999829,0.000052,0.000007,0,,500,,
3,3,,0.000004,0.000011,0.000096,0.999829,0.000052,0.000007,0,,500,,
3,3,,0.042774,0.005588,0.042853,0.903441,0.00146,0.003736,0.000149,,500,,
3,3,,0.000004,0.000011,0.000096,0.999829,0.000052,0.000007,0,,500,,
3,3,,0.000004,0.000011,0.000096,0.999829,0.000052,0.000007,0,,500,,
3,3,,0.000004,0.000011,0.000096,0.999829,0.000052,0.000007,0,,500,,
3,3,,0.000004,0.000011,0.000096,0.999829,0.000052,0.000007,0,,500,,
3,3,,0.000004,0.000011,0.000096,0.999829,0.000052,0.000007,0,,500,,
3,3,,0.000004,0.000011,0.000096,0.999829,0.000052,0.000007,0,,500,,
3,3,,0.000004,0.000011,0.000096,0.999829,0.000052,0.000007,0,,500,,
3,3,,0.000004,0.000011,0.000096,0.999829,0.000052,0.000007,0,,500,,
3,3,,0.000004,0.000011,0.000096,0.999829,0.000052,0.000007,0,,500,,
3,3,,0.000004,0.000011,0.000096,0.999829,0.000052,0.000007,0,,400,,
3,3,,0.000004,0.000011,0.000096,0.999829,0.000052,0.000007,0,,500,,
3,3,,0.000004,0.000011,0.000096,0.999829,0.000052,0.000007,0,,500,,
3,3,,0.000004,0.000011,0.000096,0.999829,0.000052,0.000007,0,,500,,
3,3,,0.000004,0.000011,0.000096,0.999829,0.000052,0.000007,0,,500,,
3,3,,0.000004,0.000011,0.000096,0.999829,0.000052,0.000007,0,,500,,
3,3,,0.000004,0.000011,0.000096,0.999829,0.000052,0.000007,0,,500,,
3,3,,0.000004,0.000011,0.000096,0.999829,0.000052,0.000007,0,,500,,
3,3,,0.000004,0.000011,0.000096,0.999829,0.000052,0.000007,0,,500,,
3,3,,0.000004,0.000011,0.000096,0.999829,0.000052,0.000007,0,,500,,
3,3,,0.000004,0.000011,0.000096,0.999829,0.000052,0.000007,0,,500,,
3,3,,0.000004,0.000011,0.000096,0.999829,0.000052,0.000007,0,,500,,
3,3,,0.000004,0.000011,0.000096,0.999829,0.000052,0.000007,0,,500,,
3,3,,0.000004,0.000011,0.000096,0.999829,0.000052,0.000007,0,,500,,
3,3,,0.000004,0.000011,0.000096,0.999829,0.000052,0.000007,0,,500,,
3,3,,0.000004,0.000011,0.000096,0.999829,0.000052,0.000007,0,,500,,
3,3,,0.000004,0.000011,0.000096,0.999829,0.000052,0.000007,0,,500,,
3,3,,0.000004,0.000011,0.000096,0.999829,0.000052,0.000007,0,,500,,
3,3,,0.000004,0.000011,0.000096,0.999829,0.000052,0.000007,0,,500,,
3,3,,0.000004,0.000011,0.000096,0.999829,0.000052,0.000007,0,,500,,
3,3,,0.000004,0.000011,0.000096,0.999829,0.000052,0.000007,0,,500,,
3,3,,0.000004,0.000011,0.000096,0.999829,0.000052,0.000007,0,,500,,
3,3,,0.000004,0.000011,0.000096,0.999829,0.000052,0.000007,0,,500,,
3,3,,0.000004,0.000011,0.000096,0.999829,0.000052,0.000007,0,,500,,
3,3,,0.000004,0.000011,0.000096,0.999829,0.000052,0.000007,0,,400,,
3,3,,0.000004,0.000011,0.000096,0.999829,0.000052,0.000007,0,,500,,
3,3,,0,0.00013,0.000021,0.999769,0.000001,0.000078,0,,500,,
3,3,,0.000004,0.000011,0.000096,0.999829,0.000052,0.000007,0,,500,,
3,3,,0.000004,0.000011,0.000096,0.999829,0.000052,0.000007,0,,400,,
3,3,,0.000004,0.000011,0.000096,0.999829,0.000052,0.000007,0,,500,,
3,3,,0.000004,0.000011,0.000096,0.999829,0.000052,0.000007,0,,500,,
3,3,,0.000004,0.000011,0.000096,0.999829,0.000052,0.000007,0,,500,,
3,3,,0.000004,0.000011,0.000096,0.999829,0.000052,0.000007,0,,500,,
3,3,,0.000004,0.000011,0.000096,0.999829,0.000052,0.000007,0,,500,,
3,3,,0.000004,0.000011,0.000096,0.999829,0.000052,0.000007,0,,500,,
3,3,,0.000004,0.000011,0.000096,0.999829,0.000052,0.000007,0,,500,,
3,3,,0.000004,0.000011,0.000096,0.999829,0.000052,0.000007,0,,500,,
3,3,,0.000004,0.000011,0.000096,0.999829,0.000052,0.000007,0,,500,,
3,3,,0.000004,0.000011,0.000096,0.999829,0.000052,0.000007,0,,500,,
3,3,,0.000004,0.000011,0.000096,0.999829,0.000052,0.000007,0,,500,,
3,3,,0.000004,0.000011,0.000096,0.999829,0.000052,0.000007,0,,400,,
3,3,,0.000004,0.000011,0.000096,0.999829,0.000052,0.000007,0,,500,,
3,3,,0.000004,0.000011,0.000096,0.999829,0.000052,0.000007,0,,500,,
3,3,,0.000004,0.000011,0.000096,0.999829,0.000052,0.000007,0,,500,,
3,3,,0.000004,0.000011,0.000096,0.999829,0.000052,0.000007,0,,500,,
3,3,,0.000004,0.000011,0.000096,0.999829,0.000052,0.000007,0,,400,,
3,3,,0.000004,0.000011,0.000096,0.999829,0.000052,0.000007,0,,500,,
3,3,,0.000004,0.000011,0.000096,0.999829,0.000052,0.000007,0,,500,,
3,3,,0.000004,0.000011,0.000096,0.999829,0.000052,0.000007,0,,500,,
3,3,,0.000004,0.000011,0.000096,0.999829,0.000052,0.000007,0,,500,,
3,3,,0.000004,0.000011,0.000096,0.999829,0.000052,0.000007,0,,500,,
3,3,,0.000004,0.000011,0.000096,0.999829,0.000052,0.000007,0,,500,,
3,3,,0.000004,0.000011,0.000096,0.999829,0.000052,0.000007,0,,400,,
3,3,,0.000004,0.000011,0.000096,0.999829,0.000052,0.000007,0,,500,,
3,3,,0.000004,0.000011,0.000096,0.999829,0.000052,0.000007,0,,500,,
3,3,,0.000004,0.000011,0.000096,0.999829,0.000052,0.000007,0,,500,,
3,3,,0.000004,0.000011,0.000096,0.999829,0.000052,0.000007,0,,500,,
3,3,,0.000004,0.000011,0.000096,0.999829,0.000052,0.000007,0,,500,,
3,3,,0.000004,0.000011,0.000096,0.999829,0.000052,0.000007,0,,500,,
3,3,,0.000004,0.000011,0.000096,0.999829,0.000052,0.000007,0,,500,,
3,3,,0.000004,0.000011,0.000096,0.999829,0.000052,0.000007,0,,500,,
3,3,,0.000004,0.000011,0.000096,0.999829,0.000052,0.000007,0,,500,,
3,3,,0.000004,0.000011,0.000096,0.999829,0.000052,0.000007,0,,500,,
3,3,,0.000004,0.000011,0.000096,0.999829,0.000052,0.000007,0,,500,,
3,3,,0.000004,0.000011,0.000096,0.999829,0.000052,0.000007,0,,500,,
3,3,,0.000004,0.000011,0.000096,0.999829,0.000052,0.000007,0,,500,,
3,3,,0.000004,0.000011,0.000096,0.999829,0.000052,0.000007,0,,400,,
3,3,,0.000004,0.000011,0.000096,0.999829,0.000052,0.000007,0,,500,,
3,3,,0.000004,0.000011,0.000096,0.999829,0.000052,0.000007,0,,400,,
4,4,,0.00046,0.000122,0.000207,0.002796,0.996382,0.000025,0.000008,,600,,
4,4,,0.00046,0.000122,0.000207,0.002796,0.996382,0.000025,0.000008,,500,,
4,4,,0.00046,0.000122,0.000207,0.002796,0.996382,0.000025,0.000008,,500,,
4,4,,0.00046,0.000122,0.000207,0.002796,0.996382,0.000025,0.000008,,500,,
4,4,,0.00046,0.000122,0.000207,0.002796,0.996382,0.000025,0.000008,,500,,
4,4,,0.00046,0.000122,0.000207,0.002796,0.996382,0.000025,0.000008,,500,,
4,4,,0.00046,0.000122,0.000207,0.002796,0.996382,0.000025,0.000008,,400,,
4,4,,0.00046,0.000122,0.000207,0.002796,0.996382,0.000025,0.000008,,400,,
4,4,,0.00046,0.000122,0.000207,0.002796,0.996382,0.000025,0.000008,,500,,
4,4,,0.00046,0.000122,0.000207,0.002796,0.996382,0.000025,0.000008,,500,,
4,4,,0.00046,0.000122,0.000207,0.002796,0.996382,0.000025,0.000008,,400,,
4,4,,0.00046,0.000122,0.000207,0.002796,0.996382,0.000025,0.000008,,500,,
4,4,,0.00046,0.000122,0.000207,0.002796,0.996382,0.000025,0.000008,,500,,
4,4,,0.00046,0.000122,0.000207,0.002796,0.996382,0.000025,0.000008,,500,,
4,4,,0.00046,0.000122,0.000207,0.002796,0.996382,0.000025,0.000008,,400,,
4,4,,0.00046,0.000122,0.000207,0.002796,0.996382,0.000025,0.000008,,500,,
4,4,,0.00046,0.000122,0.000207,0.002796,0.996382,0.000025,0.000008,,500,,
4,4,,0.00046,0.000122,0.000207,0.002796,0.996382,0.000025,0.000008,,500,,
4,4,,0.00046,0.000122,0.000207,0.002796,0.996382,0.000025,0.000008,,400,,
4,4,,0.00046,0.000122,0.000207,0.002796,0.996382,0.000025,0.000008,,400,,
4,4,,0.00046,0.000122,0.000207,0.002796,0.996382,0.000025,0.000008,,500,,
4,4,,0.00046,0.000122,0.000207,0.002796,0.996382,0.000025,0.000008,,500,,
4,4,,0.00046,0.000122,0.000207,0.002796,0.996382,0.000025,0.000008,,400,,
4,4,,0.00046,0.000122,0.000207,0.002796,0.996382,0.000025,0.000008,,500,,
4,4,,0.00046,0.000122,0.000207,0.002796,0.996382,0.000025,0.000008,,600,,
4,4,,0.00046,0.000122,0.000207,0.002796,0.996382,0.000025,0.000008,,400,,
4,4,,0.00046,0.000122,0.000207,0.002796,0.996382,0.000025,0.000008,,400,,
4,4,,0.00046,0.000122,0.000207,0.002796,0.996382,0.000025,0.000008,,500,,
4,4,,0.00046,0.000122,0.000207,0.002796,0.996382,0.000025,0.000008,,500,,
4,4,,0.00046,0.000122,0.000207,0.002796,0.996382,0.000025,0.000008,,400,,
4,4,,0.00046,0.000122,0.000207,0.002796,0.996382,0.000025,0.000008,,400,,
4,4,,0.00046,0.000122,0.000207,0.002796,0.996382,0.000025,0.000008,,500,,
4,4,,0.00046,0.000122,0.000207,0.002796,0.996382,0.000025,0.000008,,500,,
4,4,,0.00046,0.000122,0.000207,0.002796,0.996382,0.000025,0.000008,,400,,
4,4,,0.00046,0.000122,0.000207,0.002796,0.996382,0.000025,0.000008,,400,,
4,4,,0.00046,0.000122,0.000207,0.002796,0.996382,0.000025,0.000008,,500,,
4,4,,0.00046,0.000122,0.000207,0.002796,0.996382,0.000025,0.000008,,500,,
4,4,,0.00046,0.000122,0.000207,0.002796,0.996382,0.000025,0.000008,,500,,
4,4,,0.00046,0.000122,0.000207,0.002796,0.996382,0.000025,0.000008,,400,,
4,4,,0.000076,0.045471,0.001465,0.089471,0.855011,0.008449,0.000057,,500,,
4,4,,0.00046,0.000122,0.000207,0.002796,0.996382,0.000025,0.000008,,500,,
4,4,,0.00046,0.000122,0.000207,0.002796,0.996382,0.000025,0.000008,,400,,
4,4,,0.00046,0.000122,0.000207,0.002796,0.996382,0.000025,0.000008,,500,,
4,4,,0.00046,0.000122,0.000207,0.002796,0.996382,0.000025,0.000008,,500,,
4,4,,0.00046,0.000122,0.000207,0.002796,0.996382,0.000025,0.000008,,500,,
4,4,,0.00046,0.000122,0.000207,0.002796,0.996382,0.000025,0.000008,,500,,
4,4,,0.00046,0.000122,0.000207,0.002796,0.996382,0.000025,0.000008,,500,,
4,4,,0.00046,0.000122,0.000207,0.002796,0.996382,0.000025,0.000008,,400,,
4,4,,0.00046,0.000122,0.000207,0.002796,0.996382,0.000025,0.000008,,500,,
4,4,,0.00046,0.000122,0.000207,0.002796,0.996382,0.000025,0.000008,,500,,
4,4,,0.00046,0.000122,0.000207,0.002796,0.996382,0.000025,0.000008,,500,,
4,4,,0.00046,0.000122,0.000207,0.002796,0.996382,0.000025,0.000008,,400,,
4,4,,0.00046,0.000122,0.000207,0.002796,0.996382,0.000025,0.000008,,500,,
4,4,,0.00046,0.000122,0.000207,0.002796,0.996382,0.000025,0.000008,,500,,
4,4,,0.00046,0.000122,0.000207,0.002796,0.996382,0.000025,0.000008,,400,,
4,4,,0.000076,0.045471,0.001465,0.089471,0.855011,0.008449,0.000057,,500,,
4,4,,0.00046,0.000122,0.000207,0.002796,0.996382,0.000025,0.000008,,400,,
4,4,,0.00046,0.000122,0.000207,0.002796,0.996382,0.000025,0.000008,,500,,
4,4,,0.00046,0.000122,0.000207,0.002796,0.996382,0.000025,0.000008,,500,,
4,4,,0.00046,0.000122,0.000207,0.002796,0.996382,0.000025,0.000008,,500,,
4,4,,0.00046,0.000122,0.000207,0.002796,0.996382,0.000025,0.000008,,400,,
4,4,,0.00046,0.000122,0.000207,0.002796,0.996382,0.000025,0.000008,,500,,
4,4,,0.00046,0.000122,0.000207,0.002796,0.996382,0.000025,0.000008,,500,,
4,4,,0.00046,0.000122,0.000207,0.002796,0.996382,0.000025,0.000008,,500,,
4,4,,0.00046,0.000122,0.000207,0.002796,0.996382,0.000025,0.000008,,400,,
4,4,,0.00046,0.000122,0.000207,0.002796,0.996382,0.000025,0.000008,,500,,
4,4,,0.00046,0.000122,0.000207,0.002796,0.996382,0.000025,0.000008,,500,,
4,4,,0.00046,0.000122,0.000207,0.002796,0.996382,0.000025,0.000008,,500,,
4,4,,0.00046,0.000122,0.000207,0.002796,0.996382,0.000025,0.000008,,400,,
4,4,,0.00046,0.000122,0.000207,0.002796,0.996382,0.000025,0.000008,,400,,
4,4,,0.00046,0.000122,0.000207,0.002796,0.996382,0.000025,0.000008,,500,,
4,4,,0.00046,0.000122,0.000207,0.002796,0.996382,0.000025,0.000008,,500,,
4,4,,0.00046,0.000122,0.000207,0.002796,0.996382,0.000025,0.000008,,400,,
4,4,,0.00046,0.000122,0.000207,0.002796,0.996382,0.000025,0.000008,,500,,
4,4,,0.00046,0.000122,0.000207,0.002796,0.996382,0.000025,0.000008,,500,,
4,4,,0.00046,0.000122,0.000207,0.002796,0.996382,0.000025,0.000008,,500,,
4,4,,0.00046,0.000122,0.000207,0.002796,0.996382,0.000025,0.000008,,400,,
4,4,,0.00046,0.000122,0.000207,0.002796,0.996382,0.000025,0.000008,,400,,
4,4,,0.00046,0.000122,0.000207,0.002796,0.996382,0.000025,0.000008,,500,,
4,4,,0.00046,0.000122,0.000207,0.002796,0.996382,0.000025,0.000008,,500,,
4,4,,0.00046,0.000122,0.000207,0.002796,0.996382,0.000025,0.000008,,400,,
4,4,,0.00046,0.000122,0.000207,0.002796,0.996382,0.000025,0.000008,,400,,
4,4,,0.00046,0.000122,0.000207,0.002796,0.996382,0.000025,0.000008,,500,,
4,4,,0.00046,0.000122,0.000207,0.002796,0.996382,0.000025,0.000008,,500,,
4,4,,0.00046,0.000122,0.000207,0.002796,0.996382,0.000025,0.000008,,400,,
4,4,,0.00046,0.000122,0.000207,0.002796,0.996382,0.000025,0.000008,,400,,
4,4,,0.00046,0.000122,0.000207,0.002796,0.996382,0.000025,0.000008,,500,,
4,4,,0.00046,0.000122,0.000207,0.002796,0.996382,0.000025,0.000008,,500,,
4,4,,0.00046,0.000122,0.000207,0.002796,0.996382,0.000025,0.000008,,400,,
4,4,,0.00046,0.000122,0.000207,0.002796,0.996382,0.000025,0.000008,,400,,
4,4,,0.00046,0.000122,0.000207,0.002796,0.996382,0.000025,0.000008,,500,,
4,4,,0.00046,0.000122,0.000207,0.002796,0.996382,0.000025,0.000008,,500,,
4,4,,0.00046,0.000122,0.000207,0.002796,0.996382,0.000025,0.000008,,400,,
4,4,,0.00046,0.000122,0.000207,0.002796,0.996382,0.000025,0.000008,,500,,
4,4,,0.00046,0.000122,0.000207,0.002796,0.996382,0.000025,0.000008,,500,,
4,4,,0.00046,0.000122,0.000207,0.002796,0.996382,0.000025,0.000008,,500,,
4,4,,0.00046,0.000122,0.000207,0.002796,0.996382,0.000025,0.000008,,500,,
4,4,,0.00046,0.000122,0.000207,0.002796,0.996382,0.000025,0.000008,,500,,
4,4,,0.00046,0.000122,0.000207,0.002796,0.996382,0.000025,0.000008,,400,,
4,4,,0.00046,0.000122,0.000207,0.002796,0.996382,0.000025,0.000008,,400,,
4,4,,0.00046,0.000122,0.000207,0.002796,0.996382,0.000025,0.000008,,500,,
4,4,,0.00046,0.000122,0.000207,0.002796,0.996382,0.000025,0.000008,,500,,
4,4,,0.00046,0.000122,0.000207,0.002796,0.996382,0.000025,0.000008,,500,,
4,4,,0.00046,0.000122,0.000207,0.002796,0.996382,0.000025,0.000008,,400,,
4,4,,0.00046,0.000122,0.000207,0.002796,0.996382,0.000025,0.000008,,500,,
4,4,,0.00046,0.000122,0.000207,0.002796,0.996382,0.000025,0.000008,,500,,
4,4,,0.00046,0.000122,0.000207,0.002796,0.996382,0.000025,0.000008,,400,,
4,4,,0.00046,0.000122,0.000207,0.002796,0.996382,0.000025,0.000008,,400,,
4,4,,0.00046,0.000122,0.000207,0.002796,0.996382,0.000025,0.000008,,500,,
4,4,,0.00046,0.000122,0.000207,0.002796,0.996382,0.000025,0.000008,,500,,
4,4,,0.00046,0.000122,0.000207,0.002796,0.996382,0.000025,0.000008,,400,,
4,4,,0.00046,0.000122,0.000207,0.002796,0.996382,0.000025,0.000008,,400,,
4,4,,0.00046,0.000122,0.000207,0.002796,0.996382,0.000025,0.000008,,500,,
4,4,,0.00046,0.000122,0.000207,0.002796,0.996382,0.000025,0.000008,,500,,
4,4,,0.00046,0.000122,0.000207,0.002796,0.996382,0.000025,0.000008,,400,,
4,4,,0.00046,0.000122,0.000207,0.002796,0.996382,0.000025,0.000008,,400,,
4,4,,0.00046,0.000122,0.000207,0.002796,0.996382,0.000025,0.000008,,500,,
4,4,,0.00046,0.000122,0.000207,0.002796,0.996382,0.000025,0.000008,,500,,
4,4,,0.00046,0.000122,0.000207,0.002796,0.996382,0.000025,0.000008,,400,,
4,4,,0.00046,0.000122,0.000207,0.002796,0.996382,0.000025,0.000008,,400,,
4,4,,0.00046,0.000122,0.000207,0.002796,0.996382,0.000025,0.000008,,500,,
4,4,,0.00046,0.000122,0.000207,0.002796,0.996382,0.000025,0.000008,,500,,
4,4,,0.00046,0.000122,0.000207,0.002796,0.996382,0.000025,0.000008,,400,,
4,4,,0.00046,0.000122,0.000207,0.002796,0.996382,0.000025,0.000008,,400,,
4,4,,0.00046,0.000122,0.000207,0.002796,0.996382,0.000025,0.000008,,500,,
4,4,,0.00046,0.000122,0.000207,0.002796,0.996382,0.000025,0.000008,,500,,
4,4,,0.00046,0.000122,0.000207,0.002796,0.996382,0.000025,0.000008,,400,,
4,4,,0.00046,0.000122,0.000207,0.002796,0.996382,0.000025,0.000008,,400,,
4,4,,0.00046,0.000122,0.000207,0.002796,0.996382,0.000025,0.000008,,500,,
4,4,,0.00046,0.000122,0.000207,0.002796,0.996382,0.000025,0.000008,,500,,
4,4,,0.00046,0.000122,0.000207,0.002796,0.996382,0.000025,0.000008,,400,,
4,4,,0.00046,0.000122,0.000207,0.002796,0.996382,0.000025,0.000008,,400,,
4,4,,0.00046,0.000122,0.000207,0.002796,0.996382,0.000025,0.000008,,500,,
4,4,,0.00046,0.000122,0.000207,0.002796,0.996382,0.000025,0.000008,,500,,
4,4,,0.00046,0.000122,0.000207,0.002796,0.996382,0.000025,0.000008,,400,,
4,4,,0.00046,0.000122,0.000207,0.002796,0.996382,0.000025,0.000008,,400,,
4,4,,0.00046,0.000122,0.000207,0.002796,0.996382,0.000025,0.000008,,500,,
4,4,,0.00046,0.000122,0.000207,0.002796,0.996382,0.000025,0.000008,,500,,
4,4,,0.00046,0.000122,0.000207,0.002796,0.996382,0.000025,0.000008,,500,,
4,4,,0.00046,0.000122,0.000207,0.002796,0.996382,0.000025,0.000008,,400,,
4,4,,0.00046,0.000122,0.000207,0.002796,0.996382,0.000025,0.000008,,500,,
4,4,,0.00046,0.000122,0.000207,0.002796,0.996382,0.000025,0.000008,,500,,
4,4,,0.00046,0.000122,0.000207,0.002796,0.996382,0.000025,0.000008,,400,,
4,4,,0.00046,0.000122,0.000207,0.002796,0.996382,0.000025,0.000008,,400,,
4,4,,0.00046,0.000122,0.000207,0.002796,0.996382,0.000025,0.000008,,500,,
4,4,,0.00046,0.000122,0.000207,0.002796,0.996382,0.000025,0.000008,,500,,
4,4,,0.00046,0.000122,0.000207,0.002796,0.996382,0.000025,0.000008,,400,,
4,4,,0.00046,0.000122,0.000207,0.002796,0.996382,0.000025,0.000008,,400,,
4,4,,0.00046,0.000122,0.000207,0.002796,0.996382,0.000025,0.000008,,400,,
4,4,,0.00046,0.000122,0.000207,0.002796,0.996382,0.000025,0.000008,,500,,
4,4,,0.00046,0.000122,0.000207,0.002796,0.996382,0.000025,0.000008,,500,,
4,4,,0.00046,0.000122,0.000207,0.002796,0.996382,0.000025,0.000008,,400,,
4,4,,0.00046,0.000122,0.000207,0.002796,0.996382,0.000025,0.000008,,400,,
4,4,,0.00046,0.000122,0.000207,0.002796,0.996382,0.000025,0.000008,,500,,
4,4,,0.00046,0.000122,0.000207,0.002796,0.996382,0.000025,0.000008,,500,,
4,4,,0.00046,0.000122,0.000207,0.002796,0.996382,0.000025,0.000008,,400,,
4,4,,0.00046,0.000122,0.000207,0.002796,0.996382,0.000025,0.000008,,400,,
4,4,,0.00046,0.000122,0.000207,0.002796,0.996382,0.000025,0.000008,,500,,
4,4,,0.00046,0.000122,0.000207,0.002796,0.996382,0.000025,0.000008,,500,,
4,4,,0.00046,0.000122,0.000207,0.002796,0.996382,0.000025,0.000008,,400,,
4,4,,0.00046,0.000122,0.000207,0.002796,0.996382,0.000025,0.000008,,500,,
4,4,,0.00046,0.000122,0.000207,0.002796,0.996382,0.000025,0.000008,,500,,
4,4,,0.00046,0.000122,0.000207,0.002796,0.996382,0.000025,0.000008,,500,,
4,4,,0.00046,0.000122,0.000207,0.002796,0.996382,0.000025,0.000008,,400,,
4,4,,0.000063,0.0024,0.306984,0.009953,0.677499,0.000539,0.002563,,500,,
4,4,,0.00046,0.000122,0.000207,0.002796,0.996382,0.000025,0.000008,,500,,
4,4,,0.00046,0.000122,0.000207,0.002796,0.996382,0.000025,0.000008,,500,,
4,4,,0.00046,0.000122,0.000207,0.002796,0.996382,0.000025,0.000008,,400,,
4,4,,0.00046,0.000122,0.000207,0.002796,0.996382,0.000025,0.000008,,500,,
4,4,,0.00046,0.000122,0.000207,0.002796,0.996382,0.000025,0.000008,,500,,
4,4,,0.00046,0.000122,0.000207,0.002796,0.996382,0.000025,0.000008,,400,,
4,4,,0.000076,0.045471,0.001465,0.089471,0.855011,0.008449,0.000057,,400,,
4,4,,0.00046,0.000122,0.000207,0.002796,0.996382,0.000025,0.000008,,500,,
4,4,,0.00046,0.000122,0.000207,0.002796,0.996382,0.000025,0.000008,,500,,
4,4,,0.00046,0.000122,0.000207,0.002796,0.996382,0.000025,0.000008,,400,,
4,4,,0.00046,0.000122,0.000207,0.002796,0.996382,0.000025,0.000008,,500,,
4,4,,0.00046,0.000122,0.000207,0.002796,0.996382,0.000025,0.000008,,500,,
4,4,,0.00046,0.000122,0.000207,0.002796,0.996382,0.000025,0.000008,,500,,
4,4,,0.00046,0.000122,0.000207,0.002796,0.996382,0.000025,0.000008,,400,,
4,4,,0.00046,0.000122,0.000207,0.002796,0.996382,0.000025,0.000008,,500,,
4,4,,0.00046,0.000122,0.000207,0.002796,0.996382,0.000025,0.000008,,500,,
4,4,,0.00046,0.000122,0.000207,0.002796,0.996382,0.000025,0.000008,,500,,
4,4,,0.00046,0.000122,0.000207,0.002796,0.996382,0.000025,0.000008,,400,,
4,4,,0.00046,0.000122,0.000207,0.002796,0.996382,0.000025,0.000008,,400,,
4,4,,0.00046,0.000122,0.000207,0.002796,0.996382,0.000025,0.000008,,500,,
4,4,,0.00046,0.000122,0.000207,0.002796,0.996382,0.000025,0.000008,,500,,
4,4,,0.00046,0.000122,0.000207,0.002796,0.996382,0.000025,0.000008,,400,,
4,4,,0.00046,0.000122,0.000207,0.002796,0.996382,0.000025,0.000008,,400,,
4,4,,0.00046,0.000122,0.000207,0.002796,0.996382,0.000025,0.000008,,500,,
4,4,,0.00046,0.000122,0.000207,0.002796,0.996382,0.000025,0.000008,,500,,
4,4,,0.00046,0.000122,0.000207,0.002796,0.996382,0.000025,0.000008,,500,,
4,4,,0.00046,0.000122,0.000207,0.002796,0.996382,0.000025,0.000008,,400,,
4,4,,0.00046,0.000122,0.000207,0.002796,0.996382,0.000025,0.000008,,500,,
4,4,,0.00046,0.000122,0.000207,0.002796,0.996382,0.000025,0.000008,,500,,
4,4,,0.00046,0.000122,0.000207,0.002796,0.996382,0.000025,0.000008,,500,,
4,4,,0.00046,0.000122,0.000207,0.002796,0.996382,0.000025,0.000008,,400,,
4,4,,0.00046,0.000122,0.000207,0.002796,0.996382,0.000025,0.000008,,500,,
4,4,,0.00046,0.000122,0.000207,0.002796,0.996382,0.000025,0.000008,,500,,
4,4,,0.00046,0.000122,0.000207,0.002796,0.996382,0.000025,0.000008,,400,,
4,4,,0.00046,0.000122,0.000207,0.002796,0.996382,0.000025,0.000008,,500,,
4,4,,0.00046,0.000122,0.000207,0.002796,0.996382,0.000025,0.000008,,500,,
4,4,,0.00046,0.000122,0.000207,0.002796,0.996382,0.000025,0.000008,,500,,
4,4,,0.00046,0.000122,0.000207,0.002796,0.996382,0.000025,0.000008,,400,,
4,4,,0.00046,0.000122,0.000207,0.002796,0.996382,0.000025,0.000008,,500,,
4,4,,0.00046,0.000122,0.000207,0.002796,0.996382,0.000025,0.000008,,500,,
4,4,,0.00046,0.000122,0.000207,0.002796,0.996382,0.000025,0.000008,,400,,
4,4,,0.00046,0.000122,0.000207,0.002796,0.996382,0.000025,0.000008,,400,,
4,4,,0.00046,0.000122,0.000207,0.002796,0.996382,0.000025,0.000008,,500,,
4,4,,0.00046,0.000122,0.000207,0.002796,0.996382,0.000025,0.000008,,500,,
4,4,,0.00046,0.000122,0.000207,0.002796,0.996382,0.000025,0.000008,,400,,
4,4,,0.00046,0.000122,0.000207,0.002796,0.996382,0.000025,0.000008,,500,,
4,4,,0.00046,0.000122,0.000207,0.002796,0.996382,0.000025,0.000008,,500,,
4,4,,0.00046,0.000122,0.000207,0.002796,0.996382,0.000025,0.000008,,400,,
4,4,,0.00046,0.000122,0.000207,0.002796,0.996382,0.000025,0.000008,,400,,
4,4,,0.00046,0.000122,0.000207,0.002796,0.996382,0.000025,0.000008,,500,,
4,4,,0.00046,0.000122,0.000207,0.002796,0.996382,0.000025,0.000008,,500,,
4,4,,0.00046,0.000122,0.000207,0.002796,0.996382,0.000025,0.000008,,500,,
4,4,,0.00046,0.000122,0.000207,0.002796,0.996382,0.000025,0.000008,,400,,
4,4,,0.000076,0.045471,0.001465,0.089471,0.855011,0.008449,0.000057,,500,,
4,4,,0.00046,0.000122,0.000207,0.002796,0.996382,0.000025,0.000008,,500,,
4,4,,0.00046,0.000122,0.000207,0.002796,0.996382,0.000025,0.000008,,400,,
4,4,,0.00046,0.000122,0.000207,0.002796,0.996382,0.000025,0.000008,,500,,
4,4,,0.00046,0.000122,0.000207,0.002796,0.996382,0.000025,0.000008,,500,,
4,4,,0.00046,0.000122,0.000207,0.002796,0.996382,0.000025,0.000008,,500,,
4,4,,0.00046,0.000122,0.000207,0.002796,0.996382,0.000025,0.000008,,400,,
4,4,,0.00046,0.000122,0.000207,0.002796,0.996382,0.000025,0.000008,,400,,
4,4,,0.00046,0.000122,0.000207,0.002796,0.996382,0.000025,0.000008,,500,,
4,4,,0.00046,0.000122,0.000207,0.002796,0.996382,0.000025,0.000008,,500,,
4,4,,0.00046,0.000122,0.000207,0.002796,0.996382,0.000025,0.000008,,400,,
4,4,,0.00046,0.000122,0.000207,0.002796,0.996382,0.000025,0.000008,,400,,
4,4,,0.00046,0.000122,0.000207,0.002796,0.996382,0.000025,0.000008,,500,,
4,4,,0.00046,0.000122,0.000207,0.002796,0.996382,0.000025,0.000008,,500,,
4,4,,0.00046,0.000122,0.000207,0.002796,0.996382,0.000025,0.000008,,400,,
4,4,,0.00046,0.000122,0.000207,0.002796,0.996382,0.000025,0.000008,,400,,
4,4,,0.00046,0.000122,0.000207,0.002796,0.996382,0.000025,0.000008,,500,,
4,4,,0.00046,0.000122,0.000207,0.002796,0.996382,0.000025,0.000008,,500,,
4,4,,0.00046,0.000122,0.000207,0.002796,0.996382,0.000025,0.000008,,500,,
4,4,,0.00046,0.000122,0.000207,0.002796,0.996382,0.000025,0.000008,,400,,
4,4,,0.00046,0.000122,0.000207,0.002796,0.996382,0.000025,0.000008,,500,,
4,4,,0.00046,0.000122,0.000207,0.002796,0.996382,0.000025,0.000008,,500,,
4,4,,0.00046,0.000122,0.000207,0.002796,0.996382,0.000025,0.000008,,400,,
4,4,,0.00046,0.000122,0.000207,0.002796,0.996382,0.000025,0.000008,,500,,
4,4,,0.00046,0.000122,0.000207,0.002796,0.996382,0.000025,0.000008,,500,,
4,4,,0.00046,0.000122,0.000207,0.002796,0.996382,0.000025,0.000008,,500,,
4,4,,0.00046,0.000122,0.000207,0.002796,0.996382,0.000025,0.000008,,400,,
4,4,,0.00046,0.000122,0.000207,0.002796,0.996382,0.000025,0.000008,,500,,
4,4,,0.00046,0.000122,0.000207,0.002796,0.996382,0.000025,0.000008,,500,,
4,4,,0.00046,0.000122,0.000207,0.002796,0.996382,0.000025,0.000008,,400,,
4,4,,0.00046,0.000122,0.000207,0.002796,0.996382,0.000025,0.000008,,400,,
4,4,,0.00046,0.000122,0.000207,0.002796,0.996382,0.000025,0.000008,,500,,
4,4,,0.00046,0.000122,0.000207,0.002796,0.996382,0.000025,0.000008,,500,,
4,4,,0.00046,0.000122,0.000207,0.002796,0.996382,0.000025,0.000008,,400,,
4,4,,0.00046,0.000122,0.000207,0.002796,0.996382,0.000025,0.000008,,400,,
4,4,,0.00046,0.000122,0.000207,0.002796,0.996382,0.000025,0.000008,,500,,
4,4,,0.00046,0.000122,0.000207,0.002796,0.996382,0.000025,0.000008,,500,,
4,4,,0.00046,0.000122,0.000207,0.002796,0.996382,0.000025,0.000008,,400,,
4,4,,0.00046,0.000122,0.000207,0.002796,0.996382,0.000025,0.000008,,400,,
4,4,,0.00046,0.000122,0.000207,0.002796,0.996382,0.000025,0.000008,,500,,
4,4,,0.00046,0.000122,0.000207,0.002796,0.996382,0.000025,0.000008,,500,,
4,4,,0.00046,0.000122,0.000207,0.002796,0.996382,0.000025,0.000008,,400,,
4,4,,0.00046,0.000122,0.000207,0.002796,0.996382,0.000025,0.000008,,500,,
4,4,,0.00046,0.000122,0.000207,0.002796,0.996382,0.000025,0.000008,,500,,
4,4,,0.00046,0.000122,0.000207,0.002796,0.996382,0.000025,0.000008,,500,,
4,4,,0.00046,0.000122,0.000207,0.002796,0.996382,0.000025,0.000008,,400,,
4,4,,0.00046,0.000122,0.000207,0.002796,0.996382,0.000025,0.000008,,400,,
4,4,,0.00046,0.000122,0.000207,0.002796,0.996382,0.000025,0.000008,,500,,
4,4,,0.00046,0.000122,0.000207,0.002796,0.996382,0.000025,0.000008,,500,,
4,4,,0.00046,0.000122,0.000207,0.002796,0.996382,0.000025,0.000008,,400,,
4,4,,0.00046,0.000122,0.000207,0.002796,0.996382,0.000025,0.000008,,400,,
4,4,,0.00046,0.000122,0.000207,0.002796,0.996382,0.000025,0.000008,,500,,
4,4,,0.00046,0.000122,0.000207,0.002796,0.996382,0.000025,0.000008,,500,,
4,4,,0.00046,0.000122,0.000207,0.002796,0.996382,0.000025,0.000008,,400,,
4,4,,0.00046,0.000122,0.000207,0.002796,0.996382,0.000025,0.000008,,500,,
4,4,,0.000076,0.045471,0.001465,0.089471,0.855011,0.008449,0.000057,,500,,
4,4,,0.00046,0.000122,0.000207,0.002796,0.996382,0.000025,0.000008,,400,,
4,4,,0.00046,0.000122,0.000207,0.002796,0.996382,0.000025,0.000008,,400,,
4,4,,0.00046,0.000122,0.000207,0.002796,0.996382,0.000025,0.000008,,500,,
4,4,,0.00046,0.000122,0.000207,0.002796,0.996382,0.000025,0.000008,,500,,
4,4,,0.00046,0.000122,0.000207,0.002796,0.996382,0.000025,0.000008,,400,,
4,4,,0.00046,0.000122,0.000207,0.002796,0.996382,0.000025,0.000008,,400,,
4,4,,0.00046,0.000122,0.000207,0.002796,0.996382,0.000025,0.000008,,500,,
4,4,,0.00046,0.000122,0.000207,0.002796,0.996382,0.000025,0.000008,,500,,
4,4,,0.00046,0.000122,0.000207,0.002796,0.996382,0.000025,0.000008,,400,,
4,4,,0.00046,0.000122,0.000207,0.002796,0.996382,0.000025,0.000008,,400,,
4,4,,0.00046,0.000122,0.000207,0.002796,0.996382,0.000025,0.000008,,500,,
4,4,,0.00046,0.000122,0.000207,0.002796,0.996382,0.000025,0.000008,,500,,
4,4,,0.000076,0.045471,0.001465,0.089471,0.855011,0.008449,0.000057,,400,,
4,4,,0.00046,0.000122,0.000207,0.002796,0.996382,0.000025,0.000008,,500,,
4,4,,0.00046,0.000122,0.000207,0.002796,0.996382,0.000025,0.000008,,500,,
4,4,,0.00046,0.000122,0.000207,0.002796,0.996382,0.000025,0.000008,,500,,
4,4,,0.00046,0.000122,0.000207,0.002796,0.996382,0.000025,0.000008,,400,,
4,4,,0.00046,0.000122,0.000207,0.002796,0.996382,0.000025,0.000008,,500,,
4,4,,0.00046,0.000122,0.000207,0.002796,0.996382,0.000025,0.000008,,500,,
4,4,,0.00046,0.000122,0.000207,0.002796,0.996382,0.000025,0.000008,,500,,
4,4,,0.00046,0.000122,0.000207,0.002796,0.996382,0.000025,0.000008,,400,,
4,4,,0.00046,0.000122,0.000207,0.002796,0.996382,0.000025,0.000008,,500,,
4,4,,0.00046,0.000122,0.000207,0.002796,0.996382,0.000025,0.000008,,500,,
4,4,,0.00046,0.000122,0.000207,0.002796,0.996382,0.000025,0.000008,,400,,
4,4,,0.00046,0.000122,0.000207,0.002796,0.996382,0.000025,0.000008,,400,,
4,4,,0.00046,0.000122,0.000207,0.002796,0.996382,0.000025,0.000008,,500,,
4,4,,0.00046,0.000122,0.000207,0.002796,0.996382,0.000025,0.000008,,500,,
4,4,,0.00046,0.000122,0.000207,0.002796,0.996382,0.000025,0.000008,,400,,
4,4,,0.00046,0.000122,0.000207,0.002796,0.996382,0.000025,0.000008,,500,,
4,4,,0.00046,0.000122,0.000207,0.002796,0.996382,0.000025,0.000008,,500,,
4,4,,0.00046,0.000122,0.000207,0.002796,0.996382,0.000025,0.000008,,500,,
4,4,,0.00046,0.000122,0.000207,0.002796,0.996382,0.000025,0.000008,,400,,
4,4,,0.00046,0.000122,0.000207,0.002796,0.996382,0.000025,0.000008,,500,,
4,4,,0.00046,0.000122,0.000207,0.002796,0.996382,0.000025,0.000008,,500,,
4,4,,0.00046,0.000122,0.000207,0.002796,0.996382,0.000025,0.000008,,500,,
4,4,,0.00046,0.000122,0.000207,0.002796,0.996382,0.000025,0.000008,,400,,
4,4,,0.00046,0.000122,0.000207,0.002796,0.996382,0.000025,0.000008,,500,,
4,4,,0.00046,0.000122,0.000207,0.002796,0.996382,0.000025,0.000008,,500,,
4,4,,0.00046,0.000122,0.000207,0.002796,0.996382,0.000025,0.000008,,400,,
4,4,,0.00046,0.000122,0.000207,0.002796,0.996382,0.000025,0.000008,,400,,
4,4,,0.00046,0.000122,0.000207,0.002796,0.996382,0.000025,0.000008,,500,,
4,4,,0.00046,0.000122,0.000207,0.002796,0.996382,0.000025,0.000008,,500,,
4,4,,0.00046,0.000122,0.000207,0.002796,0.996382,0.000025,0.000008,,400,,
4,4,,0.00046,0.000122,0.000207,0.002796,0.996382,0.000025,0.000008,,500,,
4,4,,0.00046,0.000122,0.000207,0.002796,0.996382,0.000025,0.000008,,500,,
4,4,,0.00046,0.000122,0.000207,0.002796,0.996382,0.000025,0.000008,,500,,
4,4,,0.00046,0.000122,0.000207,0.002796,0.996382,0.000025,0.000008,,400,,
4,4,,0.00046,0.000122,0.000207,0.002796,0.996382,0.000025,0.000008,,500,,
4,4,,0.00046,0.000122,0.000207,0.002796,0.996382,0.000025,0.000008,,500,,
4,4,,0.00046,0.000122,0.000207,0.002796,0.996382,0.000025,0.000008,,500,,
4,4,,0.00046,0.000122,0.000207,0.002796,0.996382,0.000025,0.000008,,400,,
4,4,,0.00046,0.000122,0.000207,0.002796,0.996382,0.000025,0.000008,,400,,
4,4,,0.00046,0.000122,0.000207,0.002796,0.996382,0.000025,0.000008,,500,,
4,4,,0.00046,0.000122,0.000207,0.002796,0.996382,0.000025,0.000008,,500,,
4,4,,0.00046,0.000122,0.000207,0.002796,0.996382,0.000025,0.000008,,400,,
4,4,,0.00046,0.000122,0.000207,0.002796,0.996382,0.000025,0.000008,,400,,
4,4,,0.00046,0.000122,0.000207,0.002796,0.996382,0.000025,0.000008,,500,,
4,4,,0.00046,0.000122,0.000207,0.002796,0.996382,0.000025,0.000008,,500,,
4,4,,0.00046,0.000122,0.000207,0.002796,0.996382,0.000025,0.000008,,400,,
4,4,,0.00046,0.000122,0.000207,0.002796,0.996382,0.000025,0.000008,,400,,
4,4,,0.00046,0.000122,0.000207,0.002796,0.996382,0.000025,0.000008,,500,,
4,4,,0.00046,0.000122,0.000207,0.002796,0.996382,0.000025,0.000008,,500,,
4,4,,0.00046,0.000122,0.000207,0.002796,0.996382,0.000025,0.000008,,400,,
4,4,,0.00046,0.000122,0.000207,0.002796,0.996382,0.000025,0.000008,,500,,
4,4,,0.00046,0.000122,0.000207,0.002796,0.996382,0.000025,0.000008,,500,,
4,4,,0.00046,0.000122,0.000207,0.002796,0.996382,0.000025,0.000008,,500,,
4,4,,0.00046,0.000122,0.000207,0.002796,0.996382,0.000025,0.000008,,400,,
4,4,,0.000076,0.045471,0.001465,0.089471,0.855011,0.008449,0.000057,,500,,
4,4,,0.00046,0.000122,0.000207,0.002796,0.996382,0.000025,0.000008,,500,,
4,4,,0.00046,0.000122,0.000207,0.002796,0.996382,0.000025,0.000008,,400,,
4,4,,0.00046,0.000122,0.000207,0.002796,0.996382,0.000025,0.000008,,500,,
4,4,,0.00046,0.000122,0.000207,0.002796,0.996382,0.000025,0.000008,,500,,
4,4,,0.00046,0.000122,0.000207,0.002796,0.996382,0.000025,0.000008,,500,,
4,4,,0.00046,0.000122,0.000207,0.002796,0.996382,0.000025,0.000008,,400,,
4,4,,0.00046,0.000122,0.000207,0.002796,0.996382,0.000025,0.000008,,500,,
4,4,,0.00046,0.000122,0.000207,0.002796,0.996382,0.000025,0.000008,,500,,
4,4,,0.00046,0.000122,0.000207,0.002796,0.996382,0.000025,0.000008,,400,,
4,4,,0.00046,0.000122,0.000207,0.002796,0.996382,0.000025,0.000008,,400,,
4,4,,0.00046,0.000122,0.000207,0.002796,0.996382,0.000025,0.000008,,500,,
4,4,,0.00046,0.000122,0.000207,0.002796,0.996382,0.000025,0.000008,,500,,
4,4,,0.00046,0.000122,0.000207,0.002796,0.996382,0.000025,0.000008,,400,,
4,4,,0.00046,0.000122,0.000207,0.002796,0.996382,0.000025,0.000008,,400,,
4,4,,0.00046,0.000122,0.000207,0.002796,0.996382,0.000025,0.000008,,500,,
4,4,,0.00046,0.000122,0.000207,0.002796,0.996382,0.000025,0.000008,,500,,
4,4,,0.00046,0.000122,0.000207,0.002796,0.996382,0.000025,0.000008,,500,,
4,4,,0.000076,0.045471,0.001465,0.089471,0.855011,0.008449,0.000057,,500,,
4,4,,0.00046,0.000122,0.000207,0.002796,0.996382,0.000025,0.000008,,500,,
4,4,,0.00046,0.000122,0.000207,0.002796,0.996382,0.000025,0.000008,,500,,
4,4,,0.00046,0.000122,0.000207,0.002796,0.996382,0.000025,0.000008,,400,,
4,4,,0.00046,0.000122,0.000207,0.002796,0.996382,0.000025,0.000008,,500,,
4,4,,0.00046,0.000122,0.000207,0.002796,0.996382,0.000025,0.000008,,500,,
4,4,,0.00046,0.000122,0.000207,0.002796,0.996382,0.000025,0.000008,,400,,
4,4,,0.00046,0.000122,0.000207,0.002796,0.996382,0.000025,0.000008,,400,,
4,4,,0.00046,0.000122,0.000207,0.002796,0.996382,0.000025,0.000008,,500,,
4,4,,0.00046,0.000122,0.000207,0.002796,0.996382,0.000025,0.000008,,500,,
4,4,,0.00046,0.000122,0.000207,0.002796,0.996382,0.000025,0.000008,,400,,
4,4,,0.00046,0.000122,0.000207,0.002796,0.996382,0.000025,0.000008,,400,,
4,4,,0.00046,0.000122,0.000207,0.002796,0.996382,0.000025,0.000008,,500,,
4,4,,0.00046,0.000122,0.000207,0.002796,0.996382,0.000025,0.000008,,500,,
4,4,,0.00046,0.000122,0.000207,0.002796,0.996382,0.000025,0.000008,,400,,
4,4,,0.00046,0.000122,0.000207,0.002796,0.996382,0.000025,0.000008,,500,,
4,4,,0.00046,0.000122,0.000207,0.002796,0.996382,0.000025,0.000008,,500,,
4,4,,0.00046,0.000122,0.000207,0.002796,0.996382,0.000025,0.000008,,400,,
4,4,,0.00046,0.000122,0.000207,0.002796,0.996382,0.000025,0.000008,,400,,
4,4,,0.00046,0.000122,0.000207,0.002796,0.996382,0.000025,0.000008,,500,,
4,4,,0.00046,0.000122,0.000207,0.002796,0.996382,0.000025,0.000008,,500,,
4,4,,0.00046,0.000122,0.000207,0.002796,0.996382,0.000025,0.000008,,500,,
4,4,,0.00046,0.000122,0.000207,0.002796,0.996382,0.000025,0.000008,,400,,
4,4,,0.00046,0.000122,0.000207,0.002796,0.996382,0.000025,0.000008,,500,,
4,4,,0.00046,0.000122,0.000207,0.002796,0.996382,0.000025,0.000008,,500,,
4,4,,0.00046,0.000122,0.000207,0.002796,0.996382,0.000025,0.000008,,400,,
4,4,,0.00046,0.000122,0.000207,0.002796,0.996382,0.000025,0.000008,,400,,
4,4,,0.00046,0.000122,0.000207,0.002796,0.996382,0.000025,0.000008,,500,,
4,4,,0.00046,0.000122,0.000207,0.002796,0.996382,0.000025,0.000008,,500,,
4,4,,0.00046,0.000122,0.000207,0.002796,0.996382,0.000025,0.000008,,400,,
4,4,,0.00046,0.000122,0.000207,0.002796,0.996382,0.000025,0.000008,,400,,
4,4,,0.00046,0.000122,0.000207,0.002796,0.996382,0.000025,0.000008,,500,,
4,4,,0.00046,0.000122,0.000207,0.002796,0.996382,0.000025,0.000008,,500,,
4,4,,0.00046,0.000122,0.000207,0.002796,0.996382,0.000025,0.000008,,400,,
4,4,,0.00046,0.000122,0.000207,0.002796,0.996382,0.000025,0.000008,,400,,
4,4,,0.00046,0.000122,0.000207,0.002796,0.996382,0.000025,0.000008,,500,,
4,4,,0.00046,0.000122,0.000207,0.002796,0.996382,0.000025,0.000008,,500,,
4,4,,0.00046,0.000122,0.000207,0.002796,0.996382,0.000025,0.000008,,500,,
4,4,,0.00046,0.000122,0.000207,0.002796,0.996382,0.000025,0.000008,,500,,
4,4,,0.00046,0.000122,0.000207,0.002796,0.996382,0.000025,0.000008,,400,,
4,4,,0.00046,0.000122,0.000207,0.002796,0.996382,0.000025,0.000008,,500,,
4,4,,0.00046,0.000122,0.000207,0.002796,0.996382,0.000025,0.000008,,500,,
4,4,,0.00046,0.000122,0.000207,0.002796,0.996382,0.000025,0.000008,,500,,
4,4,,0.00046,0.000122,0.000207,0.002796,0.996382,0.000025,0.000008,,400,,
4,4,,0.00046,0.000122,0.000207,0.002796,0.996382,0.000025,0.000008,,400,,
4,4,,0.00046,0.000122,0.000207,0.002796,0.996382,0.000025,0.000008,,500,,
4,4,,0.00046,0.000122,0.000207,0.002796,0.996382,0.000025,0.000008,,500,,
4,4,,0.00046,0.000122,0.000207,0.002796,0.996382,0.000025,0.000008,,500,,
4,4,,0.00046,0.000122,0.000207,0.002796,0.996382,0.000025,0.000008,,400,,
4,4,,0.00046,0.000122,0.000207,0.002796,0.996382,0.000025,0.000008,,500,,
4,4,,0.00046,0.000122,0.000207,0.002796,0.996382,0.000025,0.000008,,500,,
4,4,,0.00046,0.000122,0.000207,0.002796,0.996382,0.000025,0.000008,,400,,
4,4,,0.00046,0.000122,0.000207,0.002796,0.996382,0.000025,0.000008,,500,,
4,4,,0.00046,0.000122,0.000207,0.002796,0.996382,0.000025,0.000008,,500,,
4,4,,0.00046,0.000122,0.000207,0.002796,0.996382,0.000025,0.000008,,400,,
4,4,,0.00046,0.000122,0.000207,0.002796,0.996382,0.000025,0.000008,,500,,
4,4,,0.00046,0.000122,0.000207,0.002796,0.996382,0.000025,0.000008,,500,,
4,4,,0.00046,0.000122,0.000207,0.002796,0.996382,0.000025,0.000008,,400,,
4,4,,0.00046,0.000122,0.000207,0.002796,0.996382,0.000025,0.000008,,400,,
4,4,,0.00046,0.000122,0.000207,0.002796,0.996382,0.000025,0.000008,,500,,
4,4,,0.00046,0.000122,0.000207,0.002796,0.996382,0.000025,0.000008,,500,,
4,4,,0.00046,0.000122,0.000207,0.002796,0.996382,0.000025,0.000008,,400,,
4,4,,0.00046,0.000122,0.000207,0.002796,0.996382,0.000025,0.000008,,400,,
4,4,,0.00046,0.000122,0.000207,0.002796,0.996382,0.000025,0.000008,,500,,
4,4,,0.00046,0.000122,0.000207,0.002796,0.996382,0.000025,0.000008,,500,,
4,4,,0.00046,0.000122,0.000207,0.002796,0.996382,0.000025,0.000008,,400,,
4,4,,0.00046,0.000122,0.000207,0.002796,0.996382,0.000025,0.000008,,400,,
4,4,,0.00046,0.000122,0.000207,0.002796,0.996382,0.000025,0.000008,,500,,
4,4,,0.00046,0.000122,0.000207,0.002796,0.996382,0.000025,0.000008,,500,,
4,4,,0.00046,0.000122,0.000207,0.002796,0.996382,0.000025,0.000008,,500,,
4,4,,0.00046,0.000122,0.000207,0.002796,0.996382,0.000025,0.000008,,400,,
4,4,,0.00046,0.000122,0.000207,0.002796,0.996382,0.000025,0.000008,,500,,
4,4,,0.00046,0.000122,0.000207,0.002796,0.996382,0.000025,0.000008,,500,,
4,4,,0.00046,0.000122,0.000207,0.002796,0.996382,0.000025,0.000008,,500,,
4,4,,0.00046,0.000122,0.000207,0.002796,0.996382,0.000025,0.000008,,400,,
4,4,,0.00046,0.000122,0.000207,0.002796,0.996382,0.000025,0.000008,,400,,
4,4,,0.00046,0.000122,0.000207,0.002796,0.996382,0.000025,0.000008,,500,,
4,4,,0.00046,0.000122,0.000207,0.002796,0.996382,0.000025,0.000008,,500,,
4,4,,0.00046,0.000122,0.000207,0.002796,0.996382,0.000025,0.000008,,400,,
4,4,,0.000076,0.045471,0.001465,0.089471,0.855011,0.008449,0.000057,,500,,
4,4,,0.00046,0.000122,0.000207,0.002796,0.996382,0.000025,0.000008,,500,,
4,4,,0.00046,0.000122,0.000207,0.002796,0.996382,0.000025,0.000008,,500,,
4,4,,0.00046,0.000122,0.000207,0.002796,0.996382,0.000025,0.000008,,400,,
4,4,,0.00046,0.000122,0.000207,0.002796,0.996382,0.000025,0.000008,,500,,
4,4,,0.00046,0.000122,0.000207,0.002796,0.996382,0.000025,0.000008,,500,,
4,4,,0.00046,0.000122,0.000207,0.002796,0.996382,0.000025,0.000008,,500,,
4,4,,0.00046,0.000122,0.000207,0.002796,0.996382,0.000025,0.000008,,400,,
4,4,,0.00046,0.000122,0.000207,0.002796,0.996382,0.000025,0.000008,,500,,
4,4,,0.00046,0.000122,0.000207,0.002796,0.996382,0.000025,0.000008,,500,,
4,4,,0.00046,0.000122,0.000207,0.002796,0.996382,0.000025,0.000008,,500,,
4,4,,0.00046,0.000122,0.000207,0.002796,0.996382,0.000025,0.000008,,400,,
4,4,,0.00046,0.000122,0.000207,0.002796,0.996382,0.000025,0.000008,,500,,
4,4,,0.00046,0.000122,0.000207,0.002796,0.996382,0.000025,0.000008,,500,,
4,4,,0.00046,0.000122,0.000207,0.002796,0.996382,0.000025,0.000008,,500,,
4,4,,0.00046,0.000122,0.000207,0.002796,0.996382,0.000025,0.000008,,400,,
4,4,,0.00046,0.000122,0.000207,0.002796,0.996382,0.000025,0.000008,,500,,
4,4,,0.00046,0.000122,0.000207,0.002796,0.996382,0.000025,0.000008,,500,,
4,4,,0.00046,0.000122,0.000207,0.002796,0.996382,0.000025,0.000008,,500,,
4,4,,0.00046,0.000122,0.000207,0.002796,0.996382,0.000025,0.000008,,400,,
4,4,,0.00046,0.000122,0.000207,0.002796,0.996382,0.000025,0.000008,,400,,
4,4,,0.00046,0.000122,0.000207,0.002796,0.996382,0.000025,0.000008,,500,,
4,4,,0.00046,0.000122,0.000207,0.002796,0.996382,0.000025,0.000008,,500,,
4,4,,0.00046,0.000122,0.000207,0.002796,0.996382,0.000025,0.000008,,400,,
4,4,,0.00046,0.000122,0.000207,0.002796,0.996382,0.000025,0.000008,,400,,
4,4,,0.00046,0.000122,0.000207,0.002796,0.996382,0.000025,0.000008,,500,,
4,4,,0.00046,0.000122,0.000207,0.002796,0.996382,0.000025,0.000008,,500,,
4,4,,0.00046,0.000122,0.000207,0.002796,0.996382,0.000025,0.000008,,500,,
4,4,,0.00046,0.000122,0.000207,0.002796,0.996382,0.000025,0.000008,,400,,
4,4,,0.00046,0.000122,0.000207,0.002796,0.996382,0.000025,0.000008,,500,,
4,4,,0.00046,0.000122,0.000207,0.002796,0.996382,0.000025,0.000008,,500,,
4,4,,0.00046,0.000122,0.000207,0.002796,0.996382,0.000025,0.000008,,500,,
4,4,,0.00046,0.000122,0.000207,0.002796,0.996382,0.000025,0.000008,,400,,
4,4,,0.00046,0.000122,0.000207,0.002796,0.996382,0.000025,0.000008,,500,,
4,4,,0.00046,0.000122,0.000207,0.002796,0.996382,0.000025,0.000008,,500,,
4,4,,0.00046,0.000122,0.000207,0.002796,0.996382,0.000025,0.000008,,500,,
4,4,,0.00046,0.000122,0.000207,0.002796,0.996382,0.000025,0.000008,,400,,
4,4,,0.00046,0.000122,0.000207,0.002796,0.996382,0.000025,0.000008,,400,,
4,4,,0.00046,0.000122,0.000207,0.002796,0.996382,0.000025,0.000008,,500,,
4,4,,0.00046,0.000122,0.000207,0.002796,0.996382,0.000025,0.000008,,500,,
4,4,,0.00046,0.000122,0.000207,0.002796,0.996382,0.000025,0.000008,,400,,
4,4,,0.00046,0.000122,0.000207,0.002796,0.996382,0.000025,0.000008,,500,,
4,4,,0.00046,0.000122,0.000207,0.002796,0.996382,0.000025,0.000008,,500,,
4,4,,0.00046,0.000122,0.000207,0.002796,0.996382,0.000025,0.000008,,500,,
4,4,,0.00046,0.000122,0.000207,0.002796,0.996382,0.000025,0.000008,,400,,
4,4,,0.00046,0.000122,0.000207,0.002796,0.996382,0.000025,0.000008,,400,,
4,4,,0.00046,0.000122,0.000207,0.002796,0.996382,0.000025,0.000008,,500,,
4,4,,0.00046,0.000122,0.000207,0.002796,0.996382,0.000025,0.000008,,400,,
4,4,,0.00046,0.000122,0.000207,0.002796,0.996382,0.000025,0.000008,,400,,
4,4,,0.00046,0.000122,0.000207,0.002796,0.996382,0.000025,0.000008,,500,,
4,4,,0.00046,0.000122,0.000207,0.002796,0.996382,0.000025,0.000008,,500,,
4,4,,0.00046,0.000122,0.000207,0.002796,0.996382,0.000025,0.000008,,500,,
4,4,,0.00046,0.000122,0.000207,0.002796,0.996382,0.000025,0.000008,,400,,
4,4,,0.00046,0.000122,0.000207,0.002796,0.996382,0.000025,0.000008,,500,,
4,4,,0.00046,0.000122,0.000207,0.002796,0.996382,0.000025,0.000008,,500,,
4,4,,0.00046,0.000122,0.000207,0.002796,0.996382,0.000025,0.000008,,500,,
4,4,,0.00046,0.000122,0.000207,0.002796,0.996382,0.000025,0.000008,,400,,
4,4,,0.00046,0.000122,0.000207,0.002796,0.996382,0.000025,0.000008,,400,,
4,4,,0.00046,0.000122,0.000207,0.002796,0.996382,0.000025,0.000008,,500,,
4,4,,0.00046,0.000122,0.000207,0.002796,0.996382,0.000025,0.000008,,500,,
4,4,,0.00046,0.000122,0.000207,0.002796,0.996382,0.000025,0.000008,,400,,
4,4,,0.00046,0.000122,0.000207,0.002796,0.996382,0.000025,0.000008,,400,,
4,4,,0.00046,0.000122,0.000207,0.002796,0.996382,0.000025,0.000008,,500,,
4,4,,0.00046,0.000122,0.000207,0.002796,0.996382,0.000025,0.000008,,500,,
4,4,,0.00046,0.000122,0.000207,0.002796,0.996382,0.000025,0.000008,,500,,
4,4,,0.00046,0.000122,0.000207,0.002796,0.996382,0.000025,0.000008,,400,,
4,4,,0.00046,0.000122,0.000207,0.002796,0.996382,0.000025,0.000008,,400,,
4,4,,0.00046,0.000122,0.000207,0.002796,0.996382,0.000025,0.000008,,500,,
4,4,,0.00046,0.000122,0.000207,0.002796,0.996382,0.000025,0.000008,,500,,
4,4,,0.00046,0.000122,0.000207,0.002796,0.996382,0.000025,0.000008,,500,,
4,4,,0.00046,0.000122,0.000207,0.002796,0.996382,0.000025,0.000008,,400,,
4,4,,0.000076,0.045471,0.001465,0.089471,0.855011,0.008449,0.000057,,500,,
4,4,,0.00046,0.000122,0.000207,0.002796,0.996382,0.000025,0.000008,,500,,
4,4,,0.00046,0.000122,0.000207,0.002796,0.996382,0.000025,0.000008,,400,,
4,4,,0.000076,0.045471,0.001465,0.089471,0.855011,0.008449,0.000057,,500,,
4,4,,0.000076,0.045471,0.001465,0.089471,0.855011,0.008449,0.000057,,500,,
4,4,,0.00046,0.000122,0.000207,0.002796,0.996382,0.000025,0.000008,,400,,
4,4,,0.00046,0.000122,0.000207,0.002796,0.996382,0.000025,0.000008,,400,,
4,4,,0.00046,0.000122,0.000207,0.002796,0.996382,0.000025,0.000008,,500,,
4,4,,0.00046,0.000122,0.000207,0.002796,0.996382,0.000025,0.000008,,500,,
4,4,,0.00046,0.000122,0.000207,0.002796,0.996382,0.000025,0.000008,,400,,
4,4,,0.00046,0.000122,0.000207,0.002796,0.996382,0.000025,0.000008,,400,,
4,4,,0.00046,0.000122,0.000207,0.002796,0.996382,0.000025,0.000008,,500,,
4,4,,0.00046,0.000122,0.000207,0.002796,0.996382,0.000025,0.000008,,500,,
4,4,,0.00046,0.000122,0.000207,0.002796,0.996382,0.000025,0.000008,,400,,
4,4,,0.00046,0.000122,0.000207,0.002796,0.996382,0.000025,0.000008,,400,,
4,4,,0.00046,0.000122,0.000207,0.002796,0.996382,0.000025,0.000008,,500,,
4,4,,0.00046,0.000122,0.000207,0.002796,0.996382,0.000025,0.000008,,500,,
4,4,,0.00046,0.000122,0.000207,0.002796,0.996382,0.000025,0.000008,,500,,
4,4,,0.00046,0.000122,0.000207,0.002796,0.996382,0.000025,0.000008,,400,,
4,4,,0.00046,0.000122,0.000207,0.002796,0.996382,0.000025,0.000008,,500,,
4,4,,0.00046,0.000122,0.000207,0.002796,0.996382,0.000025,0.000008,,500,,
4,4,,0.00046,0.000122,0.000207,0.002796,0.996382,0.000025,0.000008,,500,,
4,4,,0.00046,0.000122,0.000207,0.002796,0.996382,0.000025,0.000008,,400,,
4,4,,0.00046,0.000122,0.000207,0.002796,0.996382,0.000025,0.000008,,500,,
4,4,,0.00046,0.000122,0.000207,0.002796,0.996382,0.000025,0.000008,,500,,
4,4,,0.00046,0.000122,0.000207,0.002796,0.996382,0.000025,0.000008,,500,,
4,4,,0.00046,0.000122,0.000207,0.002796,0.996382,0.000025,0.000008,,400,,
4,4,,0.00046,0.000122,0.000207,0.002796,0.996382,0.000025,0.000008,,500,,
4,4,,0.00046,0.000122,0.000207,0.002796,0.996382,0.000025,0.000008,,500,,
4,4,,0.00046,0.000122,0.000207,0.002796,0.996382,0.000025,0.000008,,500,,
4,4,,0.00046,0.000122,0.000207,0.002796,0.996382,0.000025,0.000008,,400,,
4,4,,0.00046,0.000122,0.000207,0.002796,0.996382,0.000025,0.000008,,500,,
4,4,,0.00046,0.000122,0.000207,0.002796,0.996382,0.000025,0.000008,,500,,
4,4,,0.00046,0.000122,0.000207,0.002796,0.996382,0.000025,0.000008,,500,,
4,4,,0.00046,0.000122,0.000207,0.002796,0.996382,0.000025,0.000008,,400,,
4,4,,0.00046,0.000122,0.000207,0.002796,0.996382,0.000025,0.000008,,500,,
4,4,,0.00046,0.000122,0.000207,0.002796,0.996382,0.000025,0.000008,,500,,
4,4,,0.00046,0.000122,0.000207,0.002796,0.996382,0.000025,0.000008,,500,,
4,4,,0.00046,0.000122,0.000207,0.002796,0.996382,0.000025,0.000008,,500,,
4,4,,0.00046,0.000122,0.000207,0.002796,0.996382,0.000025,0.000008,,500,,
4,4,,0.00046,0.000122,0.000207,0.002796,0.996382,0.000025,0.000008,,400,,
4,4,,0.00046,0.000122,0.000207,0.002796,0.996382,0.000025,0.000008,,400,,
4,4,,0.00046,0.000122,0.000207,0.002796,0.996382,0.000025,0.000008,,500,,
4,4,,0.00046,0.000122,0.000207,0.002796,0.996382,0.000025,0.000008,,500,,
4,4,,0.00046,0.000122,0.000207,0.002796,0.996382,0.000025,0.000008,,500,,
4,4,,0.00046,0.000122,0.000207,0.002796,0.996382,0.000025,0.000008,,400,,
4,4,,0.00046,0.000122,0.000207,0.002796,0.996382,0.000025,0.000008,,500,,
4,4,,0.00046,0.000122,0.000207,0.002796,0.996382,0.000025,0.000008,,500,,
4,4,,0.00046,0.000122,0.000207,0.002796,0.996382,0.000025,0.000008,,500,,
4,4,,0.00046,0.000122,0.000207,0.002796,0.996382,0.000025,0.000008,,400,,
4,4,,0.00046,0.000122,0.000207,0.002796,0.996382,0.000025,0.000008,,500,,
4,4,,0.00046,0.000122,0.000207,0.002796,0.996382,0.000025,0.000008,,500,,
4,4,,0.00046,0.000122,0.000207,0.002796,0.996382,0.000025,0.000008,,500,,
4,4,,0.00046,0.000122,0.000207,0.002796,0.996382,0.000025,0.000008,,400,,
4,4,,0.00046,0.000122,0.000207,0.002796,0.996382,0.000025,0.000008,,500,,
4,4,,0.00046,0.000122,0.000207,0.002796,0.996382,0.000025,0.000008,,500,,
4,4,,0.00046,0.000122,0.000207,0.002796,0.996382,0.000025,0.000008,,400,,
4,4,,0.00046,0.000122,0.000207,0.002796,0.996382,0.000025,0.000008,,400,,
4,4,,0.00046,0.000122,0.000207,0.002796,0.996382,0.000025,0.000008,,500,,
4,4,,0.00046,0.000122,0.000207,0.002796,0.996382,0.000025,0.000008,,500,,
4,4,,0.00046,0.000122,0.000207,0.002796,0.996382,0.000025,0.000008,,500,,
4,4,,0.000076,0.045471,0.001465,0.089471,0.855011,0.008449,0.000057,,400,,
4,4,,0.00046,0.000122,0.000207,0.002796,0.996382,0.000025,0.000008,,500,,
4,4,,0.00046,0.000122,0.000207,0.002796,0.996382,0.000025,0.000008,,500,,
4,4,,0.00046,0.000122,0.000207,0.002796,0.996382,0.000025,0.000008,,400,,
4,4,,0.00046,0.000122,0.000207,0.002796,0.996382,0.000025,0.000008,,400,,
4,4,,0.00046,0.000122,0.000207,0.002796,0.996382,0.000025,0.000008,,500,,
4,4,,0.00046,0.000122,0.000207,0.002796,0.996382,0.000025,0.000008,,500,,
4,4,,0.00046,0.000122,0.000207,0.002796,0.996382,0.000025,0.000008,,500,,
4,4,,0.00046,0.000122,0.000207,0.002796,0.996382,0.000025,0.000008,,400,,
4,4,,0.00046,0.000122,0.000207,0.002796,0.996382,0.000025,0.000008,,500,,
4,4,,0.00046,0.000122,0.000207,0.002796,0.996382,0.000025,0.000008,,500,,
4,4,,0.00046,0.000122,0.000207,0.002796,0.996382,0.000025,0.000008,,400,,
4,4,,0.00046,0.000122,0.000207,0.002796,0.996382,0.000025,0.000008,,400,,
4,4,,0.00046,0.000122,0.000207,0.002796,0.996382,0.000025,0.000008,,500,,
4,4,,0.00046,0.000122,0.000207,0.002796,0.996382,0.000025,0.000008,,500,,
4,4,,0.00046,0.000122,0.000207,0.002796,0.996382,0.000025,0.000008,,400,,
4,4,,0.00046,0.000122,0.000207,0.002796,0.996382,0.000025,0.000008,,400,,
4,4,,0.00046,0.000122,0.000207,0.002796,0.996382,0.000025,0.000008,,500,,
4,4,,0.00046,0.000122,0.000207,0.002796,0.996382,0.000025,0.000008,,500,,
4,4,,0.000076,0.045471,0.001465,0.089471,0.855011,0.008449,0.000057,,500,,
4,4,,0.00046,0.000122,0.000207,0.002796,0.996382,0.000025,0.000008,,400,,
4,4,,0.00046,0.000122,0.000207,0.002796,0.996382,0.000025,0.000008,,500,,
4,4,,0.00046,0.000122,0.000207,0.002796,0.996382,0.000025,0.000008,,500,,
4,4,,0.00046,0.000122,0.000207,0.002796,0.996382,0.000025,0.000008,,400,,
4,4,,0.00046,0.000122,0.000207,0.002796,0.996382,0.000025,0.000008,,400,,
4,4,,0.00046,0.000122,0.000207,0.002796,0.996382,0.000025,0.000008,,500,,
4,4,,0.000076,0.045471,0.001465,0.089471,0.855011,0.008449,0.000057,,500,,
4,4,,0.00046,0.000122,0.000207,0.002796,0.996382,0.000025,0.000008,,400,,
4,4,,0.00046,0.000122,0.000207,0.002796,0.996382,0.000025,0.000008,,500,,
4,4,,0.00046,0.000122,0.000207,0.002796,0.996382,0.000025,0.000008,,500,,
4,4,,0.00046,0.000122,0.000207,0.002796,0.996382,0.000025,0.000008,,500,,
4,4,,0.00046,0.000122,0.000207,0.002796,0.996382,0.000025,0.000008,,400,,
4,4,,0.00046,0.000122,0.000207,0.002796,0.996382,0.000025,0.000008,,500,,
4,4,,0.00046,0.000122,0.000207,0.002796,0.996382,0.000025,0.000008,,500,,
4,4,,0.00046,0.000122,0.000207,0.002796,0.996382,0.000025,0.000008,,400,,
4,4,,0.00046,0.000122,0.000207,0.002796,0.996382,0.000025,0.000008,,500,,
4,4,,0.00046,0.000122,0.000207,0.002796,0.996382,0.000025,0.000008,,500,,
4,4,,0.00046,0.000122,0.000207,0.002796,0.996382,0.000025,0.000008,,500,,
4,4,,0.00046,0.000122,0.000207,0.002796,0.996382,0.000025,0.000008,,400,,
4,4,,0.00046,0.000122,0.000207,0.002796,0.996382,0.000025,0.000008,,400,,
4,4,,0.00046,0.000122,0.000207,0.002796,0.996382,0.000025,0.000008,,500,,
4,4,,0.00046,0.000122,0.000207,0.002796,0.996382,0.000025,0.000008,,500,,
4,4,,0.00046,0.000122,0.000207,0.002796,0.996382,0.000025,0.000008,,400,,
4,4,,0.00046,0.000122,0.000207,0.002796,0.996382,0.000025,0.000008,,500,,
4,4,,0.00046,0.000122,0.000207,0.002796,0.996382,0.000025,0.000008,,500,,
4,4,,0.00046,0.000122,0.000207,0.002796,0.996382,0.000025,0.000008,,500,,
4,4,,0.00046,0.000122,0.000207,0.002796,0.996382,0.000025,0.000008,,400,,
4,4,,0.00046,0.000122,0.000207,0.002796,0.996382,0.000025,0.000008,,400,,
4,4,,0.00046,0.000122,0.000207,0.002796,0.996382,0.000025,0.000008,,500,,
4,4,,0.00046,0.000122,0.000207,0.002796,0.996382,0.000025,0.000008,,500,,
4,4,,0.00046,0.000122,0.000207,0.002796,0.996382,0.000025,0.000008,,400,,
4,4,,0.00046,0.000122,0.000207,0.002796,0.996382,0.000025,0.000008,,500,,
4,4,,0.00046,0.000122,0.000207,0.002796,0.996382,0.000025,0.000008,,500,,
4,4,,0.00046,0.000122,0.000207,0.002796,0.996382,0.000025,0.000008,,500,,
4,4,,0.00046,0.000122,0.000207,0.002796,0.996382,0.000025,0.000008,,400,,
4,4,,0.00046,0.000122,0.000207,0.002796,0.996382,0.000025,0.000008,,400,,
4,4,,0.00046,0.000122,0.000207,0.002796,0.996382,0.000025,0.000008,,500,,
4,4,,0.00046,0.000122,0.000207,0.002796,0.996382,0.000025,0.000008,,500,,
4,4,,0.00046,0.000122,0.000207,0.002796,0.996382,0.000025,0.000008,,500,,
4,4,,0.00046,0.000122,0.000207,0.002796,0.996382,0.000025,0.000008,,400,,
4,4,,0.00046,0.000122,0.000207,0.002796,0.996382,0.000025,0.000008,,500,,
4,4,,0.000076,0.045471,0.001465,0.089471,0.855011,0.008449,0.000057,,500,,
4,4,,0.00046,0.000122,0.000207,0.002796,0.996382,0.000025,0.000008,,400,,
4,4,,0.00046,0.000122,0.000207,0.002796,0.996382,0.000025,0.000008,,400,,
4,4,,0.00046,0.000122,0.000207,0.002796,0.996382,0.000025,0.000008,,500,,
4,4,,0.00046,0.000122,0.000207,0.002796,0.996382,0.000025,0.000008,,500,,
4,4,,0.00046,0.000122,0.000207,0.002796,0.996382,0.000025,0.000008,,400,,
4,4,,0.00046,0.000122,0.000207,0.002796,0.996382,0.000025,0.000008,,500,,
4,4,,0.00046,0.000122,0.000207,0.002796,0.996382,0.000025,0.000008,,500,,
4,4,,0.00046,0.000122,0.000207,0.002796,0.996382,0.000025,0.000008,,500,,
4,4,,0.00046,0.000122,0.000207,0.002796,0.996382,0.000025,0.000008,,400,,
4,4,,0.00046,0.000122,0.000207,0.002796,0.996382,0.000025,0.000008,,500,,
4,4,,0.00046,0.000122,0.000207,0.002796,0.996382,0.000025,0.000008,,500,,
4,4,,0.00046,0.000122,0.000207,0.002796,0.996382,0.000025,0.000008,,500,,
4,4,,0.00046,0.000122,0.000207,0.002796,0.996382,0.000025,0.000008,,400,,
4,4,,0.00046,0.000122,0.000207,0.002796,0.996382,0.000025,0.000008,,500,,
4,4,,0.00046,0.000122,0.000207,0.002796,0.996382,0.000025,0.000008,,500,,
4,4,,0.00046,0.000122,0.000207,0.002796,0.996382,0.000025,0.000008,,400,,
4,4,,0.00046,0.000122,0.000207,0.002796,0.996382,0.000025,0.000008,,400,,
4,4,,0.00046,0.000122,0.000207,0.002796,0.996382,0.000025,0.000008,,500,,
4,4,,0.00046,0.000122,0.000207,0.002796,0.996382,0.000025,0.000008,,500,,
4,4,,0.000076,0.045471,0.001465,0.089471,0.855011,0.008449,0.000057,,500,,
4,4,,0.00046,0.000122,0.000207,0.002796,0.996382,0.000025,0.000008,,500,,
4,4,,0.00046,0.000122,0.000207,0.002796,0.996382,0.000025,0.000008,,500,,
5,4,,0.000076,0.045471,0.001465,0.089471,0.855011,0.008449,0.000057,,500,,
5,1,,0.000002,0.765453,0.00137,0.014121,0.00642,0.212631,0.000003,,500,,
6,2,,0.142658,0.022219,0.757175,0.005521,0.000776,0.005847,0.065806,,500,,
6,2,,0.142658,0.022219,0.757175,0.005521,0.000776,0.005847,0.065806,,500,,
6,2,,0.142658,0.022219,0.757175,0.005521,0.000776,0.005847,0.065806,,400,,