semeion,CWE,test,1,NANOSECONDS,PREDICTIONS, Generated by ClassifierExperiments.java on 2022-05-16 18:51:22.    SYSTEMPROPERTIES:{user.name:matth,os.arch:amd64,os.name:Windows 10},ENDSYSTEMPROPERTIES
No parameter info
0.6780185758513931,5700390600,3909918300,-1,173560176,10,,-1,-1
0,0,,0.706989,0.023246,0.03046,0.000267,0.139722,0.000802,0.038006,0.004275,0.050821,0.005411,,11450700,,
0,0,,0.706989,0.023246,0.03046,0.000267,0.139722,0.000802,0.038006,0.004275,0.050821,0.005411,,14941400,,
0,0,,0.706989,0.023246,0.03046,0.000267,0.139722,0.000802,0.038006,0.004275,0.050821,0.005411,,12942000,,
0,6,,0.032343,0.161689,0.108275,0.00202,0.152837,0.006876,0.257032,0.035067,0.238492,0.005369,,11961100,,
0,0,,0.706989,0.023246,0.03046,0.000267,0.139722,0.000802,0.038006,0.004275,0.050821,0.005411,,11426700,,
0,0,,0.706989,0.023246,0.03046,0.000267,0.139722,0.000802,0.038006,0.004275,0.050821,0.005411,,11900000,,
0,0,,0.706989,0.023246,0.03046,0.000267,0.139722,0.000802,0.038006,0.004275,0.050821,0.005411,,11668900,,
0,0,,0.706989,0.023246,0.03046,0.000267,0.139722,0.000802,0.038006,0.004275,0.050821,0.005411,,15519900,,
0,0,,0.706989,0.023246,0.03046,0.000267,0.139722,0.000802,0.038006,0.004275,0.050821,0.005411,,19797200,,
0,0,,0.706989,0.023246,0.03046,0.000267,0.139722,0.000802,0.038006,0.004275,0.050821,0.005411,,11920500,,
0,0,,0.706989,0.023246,0.03046,0.000267,0.139722,0.000802,0.038006,0.004275,0.050821,0.005411,,11737100,,
0,5,,0.237842,0.026,0.035356,0.041404,0.067595,0.283719,0.000375,0.032482,0.019662,0.255566,,11410500,,
0,0,,0.706989,0.023246,0.03046,0.000267,0.139722,0.000802,0.038006,0.004275,0.050821,0.005411,,12419500,,
0,0,,0.706989,0.023246,0.03046,0.000267,0.139722,0.000802,0.038006,0.004275,0.050821,0.005411,,13328900,,
0,0,,0.706989,0.023246,0.03046,0.000267,0.139722,0.000802,0.038006,0.004275,0.050821,0.005411,,12880500,,
0,0,,0.702555,0.023246,0.03046,0.000267,0.139345,0.000802,0.040506,0.004275,0.053133,0.005411,,13180500,,
0,0,,0.706989,0.023246,0.03046,0.000267,0.139722,0.000802,0.038006,0.004275,0.050821,0.005411,,12875400,,
0,0,,0.646989,0.023246,0.03046,0.000267,0.139722,0.000802,0.038006,0.004275,0.110821,0.005411,,12260500,,
0,8,,0.003691,0.057886,0.059019,0.219691,0.009564,0.151741,0.022067,0.048393,0.227798,0.200149,,11750800,,
0,0,,0.706989,0.023246,0.03046,0.000267,0.139722,0.000802,0.038006,0.004275,0.050821,0.005411,,11839800,,
0,0,,0.225912,0.030742,0.207644,0.001595,0.163664,0.005481,0.202488,0.026447,0.13229,0.003739,,11373600,,
0,4,,0.030569,0.059223,0.072442,0.001133,0.459333,0.007087,0.167179,0.045898,0.146024,0.011113,,19050400,,
0,0,,0.706989,0.023246,0.03046,0.000267,0.139722,0.000802,0.038006,0.004275,0.050821,0.005411,,15051800,,
0,0,,0.706989,0.023246,0.03046,0.000267,0.139722,0.000802,0.038006,0.004275,0.050821,0.005411,,12513300,,
0,0,,0.702555,0.023246,0.03046,0.000267,0.139345,0.000802,0.040506,0.004275,0.053133,0.005411,,12901600,,
0,0,,0.706989,0.023246,0.03046,0.000267,0.139722,0.000802,0.038006,0.004275,0.050821,0.005411,,12190400,,
0,0,,0.646989,0.023246,0.03046,0.000267,0.139722,0.000802,0.038006,0.004275,0.110821,0.005411,,12027100,,
0,0,,0.706989,0.023246,0.03046,0.000267,0.139722,0.000802,0.038006,0.004275,0.050821,0.005411,,13084700,,
0,0,,0.706989,0.023246,0.03046,0.000267,0.139722,0.000802,0.038006,0.004275,0.050821,0.005411,,13034200,,
0,0,,0.706989,0.023246,0.03046,0.000267,0.139722,0.000802,0.038006,0.004275,0.050821,0.005411,,13138600,,
0,5,,0.161801,0.026,0.035356,0.041404,0.067595,0.283719,0.000375,0.032482,0.078167,0.273102,,13769900,,
0,0,,0.566989,0.023246,0.03046,0.000267,0.279722,0.000802,0.038006,0.004275,0.050821,0.005411,,12243800,,
0,0,,0.706989,0.023246,0.03046,0.000267,0.139722,0.000802,0.038006,0.004275,0.050821,0.005411,,11692800,,
1,1,,0.00533,0.374997,0.133403,0.074165,0.01711,0.065944,0.000834,0.210311,0.047033,0.070872,,15137400,,
1,1,,0.00533,0.374997,0.133403,0.074165,0.01711,0.065944,0.000834,0.210311,0.047033,0.070872,,11419400,,
1,4,,0.030569,0.237234,0.074108,0.001133,0.279978,0.007087,0.167179,0.045575,0.146024,0.011113,,12086900,,
1,1,,0.00533,0.374997,0.133403,0.074165,0.01711,0.065944,0.000834,0.210311,0.047033,0.070872,,11767400,,
1,4,,0.030569,0.157234,0.114108,0.001133,0.319978,0.007087,0.167179,0.045575,0.146024,0.011113,,11457000,,
1,1,,0.00533,0.374997,0.133403,0.074165,0.01711,0.065944,0.000834,0.210311,0.047033,0.070872,,11718600,,
1,1,,0.00533,0.374997,0.133403,0.074165,0.01711,0.065944,0.000834,0.210311,0.047033,0.070872,,12243000,,
1,4,,0.030569,0.237234,0.074108,0.001133,0.279978,0.007087,0.167179,0.045575,0.146024,0.011113,,11839300,,
1,1,,0.00533,0.374997,0.133403,0.074165,0.01711,0.065944,0.000834,0.210311,0.047033,0.070872,,11638900,,
1,1,,0.00533,0.374997,0.133403,0.074165,0.01711,0.065944,0.000834,0.210311,0.047033,0.070872,,11372500,,
1,1,,0.00533,0.374997,0.133403,0.074165,0.01711,0.065944,0.000834,0.210311,0.047033,0.070872,,11876800,,
1,7,,0.00533,0.256576,0.13314,0.097901,0.01711,0.065944,0.000834,0.269785,0.04677,0.106609,,11430900,,
1,7,,0.00533,0.202157,0.175001,0.073901,0.017576,0.073386,0.000834,0.333041,0.0477,0.071074,,12924300,,
1,6,,0.032343,0.221689,0.098275,0.00202,0.152837,0.006876,0.257032,0.035067,0.188492,0.005369,,19173000,,
1,1,,0.00533,0.314997,0.133403,0.074165,0.01711,0.065944,0.000834,0.270311,0.047033,0.070872,,11499100,,
1,3,,0.008834,0.268744,0.0555,0.432037,0.014706,0.057817,0.00312,0.056108,0.025573,0.077562,,11140500,,
1,7,,0.00533,0.202157,0.215001,0.073901,0.017576,0.073386,0.000834,0.293041,0.0477,0.071074,,16646700,,
1,1,,0.00533,0.374997,0.133403,0.074165,0.01711,0.065944,0.000834,0.210311,0.047033,0.070872,,12693300,,
1,1,,0.00533,0.363242,0.136474,0.073901,0.01711,0.067611,0.000834,0.214785,0.048437,0.072275,,11703700,,
1,1,,0.00533,0.374997,0.133403,0.074165,0.01711,0.065944,0.000834,0.210311,0.047033,0.070872,,11534400,,
1,3,,0.008834,0.268744,0.0555,0.432037,0.014706,0.057817,0.00312,0.056108,0.025573,0.077562,,11540500,,
1,1,,0.00533,0.263242,0.196474,0.073901,0.01711,0.067611,0.000834,0.214785,0.048437,0.112275,,11637900,,
1,1,,0.00533,0.374997,0.133403,0.074165,0.01711,0.065944,0.000834,0.210311,0.047033,0.070872,,13880800,,
1,6,,0.032343,0.181689,0.108275,0.00202,0.152837,0.006876,0.257032,0.035067,0.218492,0.005369,,11470200,,
1,1,,0.00533,0.374997,0.133403,0.074165,0.01711,0.065944,0.000834,0.210311,0.047033,0.070872,,11698000,,
1,1,,0.00533,0.374997,0.133403,0.074165,0.01711,0.065944,0.000834,0.210311,0.047033,0.070872,,11773200,,
1,8,,0.032343,0.028072,0.26209,0.00202,0.094965,0.005174,0.245968,0.024854,0.29888,0.005634,,11678200,,
1,0,,0.507555,0.109913,0.09546,0.000267,0.139345,0.000802,0.038006,0.004275,0.057299,0.047077,,11838600,,
1,1,,0.00533,0.374997,0.133403,0.074165,0.01711,0.065944,0.000834,0.210311,0.047033,0.070872,,12651000,,
1,1,,0.00533,0.363242,0.136474,0.073901,0.01711,0.067611,0.000834,0.214785,0.048437,0.072275,,11783300,,
1,3,,0.008834,0.268744,0.0555,0.432037,0.014706,0.057817,0.00312,0.056108,0.025573,0.077562,,11847600,,
1,1,,0.00533,0.374997,0.133403,0.074165,0.01711,0.065944,0.000834,0.210311,0.047033,0.070872,,14779600,,
1,1,,0.00533,0.374997,0.133403,0.074165,0.01711,0.065944,0.000834,0.210311,0.047033,0.070872,,14938000,,
2,3,,0.008834,0.088744,0.1005,0.477037,0.014706,0.147817,0.00312,0.056108,0.025573,0.077562,,12932800,,
2,2,,0.00533,0.196576,0.312474,0.074568,0.01711,0.065944,0.000834,0.209785,0.04677,0.070609,,12732200,,
2,2,,0.005256,0.189737,0.253373,0.133915,0.016669,0.0644,0.000834,0.220977,0.045573,0.069265,,11686500,,
2,2,,0.00533,0.196576,0.31314,0.073901,0.01711,0.065944,0.000834,0.209785,0.04677,0.070609,,12633200,,
2,9,,0.041691,0.026,0.035568,0.041404,0.08802,0.300102,0.000375,0.052695,0.018269,0.395875,,11656600,,
2,1,,0.00533,0.289909,0.219807,0.073901,0.01711,0.065944,0.000834,0.209785,0.04677,0.070609,,11507800,,
2,6,,0.03399,0.028319,0.261348,0.022844,0.098452,0.006115,0.338418,0.027753,0.179094,0.003667,,11647600,,
2,6,,0.03399,0.028319,0.281348,0.002844,0.098452,0.006115,0.338418,0.027753,0.179094,0.003667,,11592700,,
2,2,,0.00533,0.197063,0.296555,0.075365,0.01711,0.065944,0.000834,0.210761,0.053599,0.077438,,11510300,,
2,2,,0.00533,0.196576,0.272474,0.114568,0.01711,0.065944,0.000834,0.209785,0.04677,0.070609,,12123000,,
2,7,,0.00533,0.196576,0.13314,0.073901,0.11711,0.065944,0.000834,0.288118,0.048437,0.070609,,14270900,,
2,6,,0.032343,0.161689,0.108275,0.00202,0.152837,0.006876,0.257032,0.035067,0.238492,0.005369,,13435900,,
2,6,,0.033755,0.029483,0.284733,0.002726,0.098494,0.00588,0.325027,0.027678,0.188557,0.003667,,11787600,,
2,7,,0.00533,0.196576,0.13314,0.073901,0.01711,0.065944,0.000834,0.388118,0.048437,0.070609,,12171200,,
2,2,,0.005256,0.189737,0.233373,0.113915,0.016669,0.0644,0.000834,0.220977,0.045573,0.109265,,11621000,,
2,3,,0.008834,0.108744,0.0555,0.432037,0.014706,0.057817,0.00312,0.076108,0.110573,0.132562,,11392800,,
2,5,,0.042192,0.026714,0.117498,0.043547,0.074381,0.387648,0.000375,0.033553,0.017844,0.256247,,11433700,,
2,1,,0.00533,0.363242,0.136474,0.073901,0.01711,0.067611,0.000834,0.214785,0.048437,0.072275,,11827900,,
2,2,,0.032343,0.028072,0.30209,0.00202,0.094965,0.005174,0.245968,0.024854,0.25888,0.005634,,12306500,,
2,1,,0.00533,0.329909,0.179807,0.073901,0.01711,0.065944,0.000834,0.209785,0.04677,0.070609,,11784100,,
2,5,,0.042192,0.026714,0.217498,0.043547,0.074381,0.287648,0.000375,0.033553,0.017844,0.256247,,11359000,,
2,1,,0.00533,0.289909,0.219807,0.073901,0.01711,0.065944,0.000834,0.209785,0.04677,0.070609,,11630900,,
2,2,,0.032343,0.028072,0.30209,0.00202,0.094965,0.005174,0.245968,0.024854,0.25888,0.005634,,11688500,,
2,2,,0.00533,0.197063,0.296555,0.075365,0.01711,0.065944,0.000834,0.210761,0.053599,0.077438,,11545500,,
2,1,,0.00533,0.322157,0.175001,0.073901,0.017576,0.073386,0.000834,0.213041,0.0477,0.071074,,11997400,,
2,6,,0.03399,0.028319,0.261348,0.022844,0.098452,0.006115,0.338418,0.027753,0.179094,0.003667,,12600300,,
2,2,,0.00533,0.196576,0.312474,0.074568,0.01711,0.065944,0.000834,0.209785,0.04677,0.070609,,12218800,,
2,2,,0.005256,0.189737,0.313373,0.073915,0.016669,0.0644,0.000834,0.220977,0.045573,0.069265,,12592700,,
2,6,,0.03399,0.028319,0.281348,0.002844,0.098452,0.006115,0.338418,0.027753,0.179094,0.003667,,12083200,,
2,7,,0.00533,0.203242,0.196474,0.073901,0.01711,0.087611,0.000834,0.294785,0.048437,0.072275,,11469500,,
2,2,,0.032343,0.028072,0.30209,0.00202,0.094965,0.005174,0.245968,0.024854,0.25888,0.005634,,11562800,,
2,2,,0.00533,0.196576,0.31314,0.073901,0.01711,0.065944,0.000834,0.209785,0.04677,0.070609,,11560500,,
3,3,,0.008834,0.088744,0.055708,0.591412,0.014706,0.057817,0.00312,0.056108,0.025573,0.097979,,11777600,,
3,3,,0.008834,0.088744,0.0555,0.458703,0.014706,0.08115,0.00312,0.056108,0.028906,0.204229,,11492500,,
3,3,,0.008834,0.088744,0.055708,0.611412,0.014706,0.057817,0.00312,0.056108,0.025573,0.077979,,11476900,,
3,3,,0.008834,0.088744,0.055708,0.611412,0.014706,0.057817,0.00312,0.056108,0.025573,0.077979,,11737100,,
3,7,,0.00533,0.196576,0.13314,0.073901,0.01711,0.065944,0.000834,0.389785,0.04677,0.070609,,12850800,,
3,3,,0.008834,0.088744,0.055708,0.611412,0.014706,0.057817,0.00312,0.056108,0.025573,0.077979,,13475000,,
3,7,,0.00533,0.197063,0.136555,0.095365,0.01711,0.065944,0.000834,0.330761,0.053599,0.097438,,11813400,,
3,3,,0.008834,0.088744,0.055708,0.611412,0.014706,0.057817,0.00312,0.056108,0.025573,0.077979,,11713300,,
3,3,,0.008834,0.088744,0.055708,0.611412,0.014706,0.057817,0.00312,0.056108,0.025573,0.077979,,12342400,,
3,3,,0.005256,0.189737,0.133373,0.253915,0.016669,0.0644,0.000834,0.220977,0.045573,0.069265,,11868200,,
3,3,,0.008834,0.088744,0.055708,0.611412,0.014706,0.057817,0.00312,0.056108,0.025573,0.077979,,11485800,,
3,5,,0.042192,0.026714,0.117498,0.143547,0.074381,0.287648,0.000375,0.033553,0.017844,0.256247,,12540300,,
3,3,,0.008834,0.088744,0.055708,0.611412,0.014706,0.057817,0.00312,0.056108,0.025573,0.077979,,11652800,,
3,3,,0.008834,0.088744,0.055708,0.611412,0.014706,0.057817,0.00312,0.056108,0.025573,0.077979,,11874700,,
3,3,,0.008834,0.088744,0.055708,0.611412,0.014706,0.057817,0.00312,0.056108,0.025573,0.077979,,14199000,,
3,3,,0.008834,0.088744,0.055708,0.611412,0.014706,0.057817,0.00312,0.056108,0.025573,0.077979,,11590100,,
3,3,,0.008834,0.088744,0.055708,0.611412,0.014706,0.057817,0.00312,0.056108,0.025573,0.077979,,11714100,,
3,3,,0.008834,0.088744,0.0555,0.518703,0.014706,0.14115,0.00312,0.056108,0.028906,0.084229,,11851700,,
3,3,,0.008834,0.088744,0.055708,0.611412,0.014706,0.057817,0.00312,0.056108,0.025573,0.077979,,12835200,,
3,3,,0.008834,0.088744,0.055708,0.611412,0.014706,0.057817,0.00312,0.056108,0.025573,0.077979,,12827400,,
3,3,,0.008834,0.088744,0.0555,0.478703,0.014706,0.16115,0.00312,0.056108,0.048906,0.084229,,12612300,,
3,9,,0.042192,0.026714,0.037498,0.043547,0.074381,0.287648,0.000375,0.033553,0.017844,0.436247,,11505400,,
3,5,,0.042192,0.028714,0.039498,0.215547,0.074381,0.289648,0.000375,0.035553,0.017844,0.256247,,11603000,,
3,3,,0.008834,0.088744,0.055708,0.611412,0.014706,0.057817,0.00312,0.056108,0.025573,0.077979,,12581400,,
3,3,,0.008834,0.088744,0.055708,0.611412,0.014706,0.057817,0.00312,0.056108,0.025573,0.077979,,13018800,,
3,3,,0.008834,0.088744,0.055708,0.611412,0.014706,0.057817,0.00312,0.056108,0.025573,0.077979,,12709300,,
3,3,,0.008834,0.088744,0.055708,0.611412,0.014706,0.057817,0.00312,0.056108,0.025573,0.077979,,11977200,,
3,3,,0.008834,0.088744,0.055708,0.611412,0.014706,0.057817,0.00312,0.056108,0.025573,0.077979,,11773000,,
3,3,,0.008834,0.088744,0.0555,0.598703,0.014706,0.06115,0.00312,0.056108,0.028906,0.084229,,13584500,,
3,3,,0.008834,0.088744,0.055708,0.611412,0.014706,0.057817,0.00312,0.056108,0.025573,0.077979,,12651400,,
3,3,,0.008834,0.088744,0.055708,0.611412,0.014706,0.057817,0.00312,0.056108,0.025573,0.077979,,11796100,,
3,3,,0.008834,0.088744,0.0555,0.518703,0.014706,0.06115,0.00312,0.056108,0.028906,0.164229,,11928900,,
4,5,,0.042192,0.026714,0.037498,0.043547,0.254381,0.287648,0.000375,0.033553,0.017844,0.256247,,12860900,,
4,4,,0.030569,0.059223,0.072442,0.001133,0.459333,0.007087,0.167179,0.045898,0.146024,0.011113,,12964700,,
4,5,,0.042192,0.026714,0.037498,0.043547,0.078825,0.463203,0.000375,0.033553,0.017844,0.256247,,12391900,,
4,5,,0.062192,0.026714,0.037498,0.043547,0.214381,0.287648,0.000375,0.053553,0.017844,0.256247,,11713700,,
4,4,,0.030569,0.059223,0.092442,0.001133,0.439333,0.007087,0.167179,0.045898,0.146024,0.011113,,11592000,,
4,9,,0.041801,0.026,0.035356,0.041404,0.067595,0.283719,0.000375,0.032482,0.018167,0.453102,,11402200,,
4,0,,0.508324,0.023246,0.031229,0.000267,0.337807,0.000802,0.038006,0.004275,0.050633,0.005411,,11671600,,
4,6,,0.032578,0.040524,0.09489,0.002138,0.212795,0.007111,0.350423,0.035142,0.219029,0.005369,,11902500,,
4,4,,0.030569,0.059223,0.072442,0.001133,0.459333,0.007087,0.167179,0.045898,0.146024,0.011113,,13817700,,
4,4,,0.030569,0.059223,0.072442,0.001133,0.459333,0.007087,0.167179,0.045898,0.146024,0.011113,,11535200,,
4,5,,0.042192,0.026714,0.037498,0.043547,0.254381,0.287648,0.000375,0.033553,0.017844,0.256247,,11468900,,
4,5,,0.042192,0.088714,0.039498,0.055547,0.074381,0.369648,0.000375,0.055553,0.017844,0.256247,,11786500,,
4,5,,0.042192,0.186714,0.037498,0.043547,0.074381,0.287648,0.000375,0.033553,0.017844,0.276247,,13756400,,
4,5,,0.042192,0.026714,0.037498,0.043547,0.158825,0.383203,0.000375,0.033553,0.017844,0.256247,,12305200,,
4,4,,0.030569,0.059223,0.072442,0.001133,0.459333,0.007087,0.167179,0.045898,0.146024,0.011113,,11990000,,
4,4,,0.030569,0.059223,0.072442,0.001133,0.459333,0.007087,0.167179,0.045898,0.146024,0.011113,,11652600,,
4,4,,0.030569,0.058901,0.072442,0.001133,0.459978,0.007087,0.167179,0.045575,0.146024,0.011113,,12610700,,
4,4,,0.030569,0.058901,0.072442,0.001133,0.419978,0.007087,0.167179,0.065575,0.166024,0.011113,,11729500,,
4,4,,0.030569,0.059223,0.072442,0.001133,0.459333,0.007087,0.167179,0.045898,0.146024,0.011113,,11695700,,
4,4,,0.030569,0.058901,0.072442,0.001133,0.459978,0.007087,0.167179,0.045575,0.146024,0.011113,,11774200,,
4,4,,0.030569,0.059223,0.072442,0.001133,0.459333,0.007087,0.167179,0.045898,0.146024,0.011113,,11696200,,
4,4,,0.030569,0.059223,0.072442,0.001133,0.459333,0.007087,0.167179,0.045898,0.146024,0.011113,,11702100,,
4,4,,0.030569,0.059223,0.072442,0.001133,0.459333,0.007087,0.167179,0.045898,0.146024,0.011113,,12313900,,
4,4,,0.030569,0.059223,0.072442,0.001133,0.459333,0.007087,0.167179,0.045898,0.146024,0.011113,,13804500,,
4,0,,0.566989,0.023246,0.03046,0.000267,0.279722,0.000802,0.038006,0.004275,0.050821,0.005411,,12046300,,
4,5,,0.062192,0.026714,0.037498,0.043547,0.234381,0.287648,0.000375,0.033553,0.017844,0.256247,,11432000,,
4,6,,0.032578,0.063858,0.09489,0.002138,0.256128,0.007111,0.323756,0.035142,0.179029,0.005369,,12009500,,
4,5,,0.042192,0.026714,0.037498,0.043547,0.158825,0.383203,0.000375,0.033553,0.017844,0.256247,,12866600,,
4,4,,0.030569,0.059223,0.072442,0.001133,0.459333,0.007087,0.167179,0.045898,0.146024,0.011113,,13112400,,
4,5,,0.042192,0.026714,0.037498,0.043547,0.098825,0.443203,0.000375,0.033553,0.017844,0.256247,,12884500,,
4,4,,0.030569,0.059223,0.072442,0.001133,0.459333,0.007087,0.167179,0.045898,0.146024,0.011113,,11464500,,
4,4,,0.030569,0.059223,0.072442,0.001133,0.459333,0.007087,0.167179,0.045898,0.146024,0.011113,,11975900,,
4,4,,0.030569,0.045606,0.096258,0.001133,0.40146,0.005384,0.156115,0.035685,0.216411,0.011378,,11891800,,
5,5,,0.042192,0.026714,0.037498,0.043547,0.074381,0.467648,0.000375,0.033553,0.017844,0.256247,,11541700,,
5,5,,0.041691,0.026,0.035568,0.041404,0.06802,0.480102,0.000375,0.032695,0.018269,0.255875,,11860800,,
5,5,,0.041691,0.026,0.035568,0.041404,0.06802,0.480102,0.000375,0.032695,0.018269,0.255875,,12730400,,
5,5,,0.041691,0.026,0.035568,0.041404,0.06802,0.480102,0.000375,0.032695,0.018269,0.255875,,13372700,,
5,5,,0.041691,0.026,0.035568,0.041404,0.06802,0.480102,0.000375,0.032695,0.018269,0.255875,,12542000,,
5,5,,0.00733,0.196576,0.13314,0.083901,0.01711,0.231944,0.000834,0.209785,0.04677,0.072609,,13058700,,
5,3,,0.008834,0.088744,0.0805,0.477037,0.014706,0.167817,0.00312,0.056108,0.025573,0.077562,,12252500,,
5,5,,0.041691,0.026,0.035568,0.041404,0.06802,0.480102,0.000375,0.032695,0.018269,0.255875,,11874600,,
5,5,,0.041691,0.026,0.035568,0.041404,0.06802,0.480102,0.000375,0.032695,0.018269,0.255875,,11684000,,
5,7,,0.00533,0.263242,0.156474,0.073901,0.01711,0.067611,0.000834,0.294785,0.048437,0.072275,,11634500,,
5,5,,0.041691,0.026,0.035568,0.041404,0.06802,0.480102,0.000375,0.032695,0.018269,0.255875,,11650300,,
5,9,,0.003691,0.057886,0.059019,0.219691,0.009564,0.151741,0.112067,0.048393,0.067798,0.270149,,12086600,,
5,5,,0.00533,0.202157,0.135001,0.073901,0.017576,0.233386,0.000834,0.213041,0.0477,0.071074,,12806100,,
5,5,,0.041691,0.026,0.035568,0.041404,0.06802,0.480102,0.000375,0.032695,0.018269,0.255875,,12702600,,
5,5,,0.041691,0.026,0.035568,0.041404,0.06802,0.480102,0.000375,0.032695,0.018269,0.255875,,12085700,,
5,5,,0.00533,0.202157,0.135001,0.073901,0.017576,0.233386,0.000834,0.213041,0.0477,0.071074,,12326700,,
5,9,,0.041801,0.026,0.035356,0.041404,0.067595,0.283719,0.000375,0.032482,0.018167,0.453102,,13038600,,
5,3,,0.00733,0.196576,0.13314,0.243901,0.01711,0.071944,0.000834,0.209785,0.04677,0.072609,,12588000,,
5,9,,0.003691,0.057886,0.059019,0.219691,0.009564,0.231741,0.052067,0.048393,0.067798,0.250149,,11330100,,
5,5,,0.042192,0.026714,0.037498,0.043547,0.158825,0.383203,0.000375,0.033553,0.017844,0.256247,,11526300,,
5,9,,0.00533,0.197063,0.136555,0.075365,0.01711,0.065944,0.000834,0.210761,0.053599,0.237438,,11891200,,
5,3,,0.003691,0.057886,0.059019,0.399691,0.009564,0.151741,0.022067,0.048393,0.067798,0.180149,,11637600,,
5,5,,0.041691,0.026,0.035568,0.041404,0.06802,0.480102,0.000375,0.032695,0.018269,0.255875,,13048200,,
5,5,,0.041691,0.026,0.035568,0.041404,0.06802,0.480102,0.000375,0.032695,0.018269,0.255875,,11667700,,
5,5,,0.041691,0.026,0.035568,0.041404,0.06802,0.480102,0.000375,0.032695,0.018269,0.255875,,11636400,,
5,5,,0.00533,0.202157,0.135001,0.073901,0.017576,0.233386,0.000834,0.213041,0.0477,0.071074,,11569700,,
5,5,,0.042192,0.026714,0.037498,0.043547,0.078825,0.463203,0.000375,0.033553,0.017844,0.256247,,11413700,,
5,5,,0.041691,0.026,0.035568,0.041404,0.06802,0.480102,0.000375,0.032695,0.018269,0.255875,,11792100,,
5,5,,0.041691,0.026,0.035568,0.041404,0.06802,0.480102,0.000375,0.032695,0.018269,0.255875,,11824200,,
5,5,,0.041691,0.026,0.035568,0.041404,0.06802,0.480102,0.000375,0.032695,0.018269,0.255875,,12360900,,
5,5,,0.00533,0.202157,0.135001,0.073901,0.017576,0.233386,0.000834,0.213041,0.0477,0.071074,,11740200,,
5,5,,0.062192,0.026714,0.037498,0.043547,0.234381,0.287648,0.000375,0.033553,0.017844,0.256247,,11353800,,
6,6,,0.03399,0.028319,0.241348,0.042844,0.098452,0.006115,0.338418,0.027753,0.179094,0.003667,,11223400,,
6,0,,0.508324,0.023246,0.031229,0.000267,0.337807,0.000802,0.038006,0.004275,0.050633,0.005411,,11290000,,
6,6,,0.03399,0.028319,0.281348,0.002844,0.098452,0.006115,0.338418,0.027753,0.179094,0.003667,,11071700,,
6,6,,0.03399,0.028319,0.101348,0.002844,0.098646,0.006309,0.517835,0.027753,0.179289,0.003667,,11264200,,
6,6,,0.03399,0.028319,0.101348,0.002844,0.098646,0.006309,0.517835,0.027753,0.179289,0.003667,,11285800,,
6,6,,0.032578,0.040524,0.09489,0.002138,0.152795,0.007111,0.450423,0.035142,0.179029,0.005369,,11085800,,
6,6,,0.03399,0.028319,0.101348,0.002844,0.098646,0.006309,0.517835,0.027753,0.179289,0.003667,,11332500,,
6,6,,0.032578,0.043858,0.09489,0.002138,0.156128,0.007111,0.443756,0.035142,0.179029,0.005369,,11359200,,
6,6,,0.03399,0.028319,0.101348,0.002844,0.098646,0.006309,0.517835,0.027753,0.179289,0.003667,,11529000,,
6,6,,0.03399,0.028319,0.101348,0.002844,0.098646,0.006309,0.517835,0.027753,0.179289,0.003667,,11546800,,
6,6,,0.03399,0.028319,0.101348,0.002844,0.098646,0.006309,0.517835,0.027753,0.179289,0.003667,,11682200,,
6,6,,0.03399,0.028319,0.101348,0.002844,0.098646,0.006309,0.517835,0.027753,0.179289,0.003667,,12224900,,
6,6,,0.031981,0.044169,0.080127,0.001839,0.21153,0.00588,0.420691,0.038992,0.155113,0.009679,,11709700,,
6,6,,0.03399,0.028319,0.101348,0.002844,0.098646,0.006309,0.517835,0.027753,0.179289,0.003667,,11667400,,
6,6,,0.03399,0.028319,0.281348,0.002844,0.098452,0.006115,0.338418,0.027753,0.179094,0.003667,,11283700,,
6,6,,0.03399,0.028319,0.101348,0.002844,0.098646,0.006309,0.517835,0.027753,0.179289,0.003667,,11298500,,
6,6,,0.032578,0.040524,0.09489,0.002138,0.152989,0.007305,0.44984,0.035142,0.179224,0.005369,,11417600,,
6,6,,0.03399,0.028319,0.101348,0.002844,0.098646,0.006309,0.517835,0.027753,0.179289,0.003667,,11256400,,
6,6,,0.03399,0.028319,0.101348,0.002844,0.098646,0.006309,0.517835,0.027753,0.179289,0.003667,,11313300,,
6,6,,0.03399,0.028319,0.101348,0.002844,0.118452,0.126115,0.338418,0.027753,0.219094,0.003667,,11219000,,
6,6,,0.03399,0.028319,0.101348,0.002844,0.098646,0.006309,0.517835,0.027753,0.179289,0.003667,,11412500,,
6,1,,0.00533,0.374997,0.133403,0.074165,0.01711,0.065944,0.000834,0.210311,0.047033,0.070872,,12801600,,
6,8,,0.031981,0.044169,0.080127,0.001839,0.21153,0.00588,0.240691,0.098992,0.275113,0.009679,,12354400,,
6,1,,0.00533,0.374997,0.133403,0.074165,0.01711,0.065944,0.000834,0.210311,0.047033,0.070872,,12407100,,
6,6,,0.032578,0.040524,0.09489,0.002138,0.152795,0.007111,0.450423,0.035142,0.179029,0.005369,,12608800,,
6,6,,0.03399,0.028319,0.101348,0.002844,0.098646,0.006309,0.517835,0.027753,0.179289,0.003667,,12326800,,
6,6,,0.03399,0.028319,0.101348,0.002844,0.098646,0.006309,0.517835,0.027753,0.179289,0.003667,,11447100,,
6,6,,0.03399,0.028319,0.101348,0.002844,0.098452,0.006115,0.518418,0.027753,0.179094,0.003667,,11354600,,
6,6,,0.03399,0.028319,0.101348,0.002844,0.098646,0.006309,0.517835,0.027753,0.179289,0.003667,,11821800,,
6,6,,0.03399,0.028319,0.101348,0.002844,0.098646,0.006309,0.517835,0.027753,0.179289,0.003667,,12065200,,
6,6,,0.03399,0.028319,0.101348,0.002844,0.098646,0.006309,0.517835,0.027753,0.179289,0.003667,,11725500,,
6,6,,0.03399,0.028319,0.101348,0.002844,0.098646,0.006309,0.517835,0.027753,0.179289,0.003667,,12336300,,
6,6,,0.03399,0.028319,0.101348,0.002844,0.098646,0.006309,0.517835,0.027753,0.179289,0.003667,,15956400,,
7,7,,0.00533,0.196576,0.13314,0.073901,0.15711,0.065944,0.000834,0.249785,0.04677,0.070609,,11821200,,
7,7,,0.00533,0.196576,0.13314,0.073901,0.01711,0.065944,0.000834,0.388118,0.048437,0.070609,,11474100,,
7,7,,0.005256,0.189737,0.133373,0.073915,0.016669,0.0644,0.000834,0.400613,0.045937,0.069265,,11712300,,
7,7,,0.00533,0.202157,0.175001,0.073901,0.017576,0.073386,0.000834,0.333041,0.0477,0.071074,,11443100,,
7,6,,0.031981,0.044169,0.080127,0.001839,0.21153,0.00588,0.240691,0.218992,0.155113,0.009679,,11620200,,
7,1,,0.00533,0.362157,0.135001,0.073901,0.017576,0.073386,0.000834,0.213041,0.0477,0.071074,,11113800,,
7,7,,0.005256,0.189737,0.133373,0.073915,0.016669,0.0644,0.000834,0.400613,0.045937,0.069265,,11223600,,
7,7,,0.00533,0.196576,0.13314,0.073901,0.01711,0.065944,0.000834,0.388118,0.048437,0.070609,,11271100,,
7,6,,0.032343,0.201689,0.118275,0.00202,0.152837,0.006876,0.257032,0.035067,0.188492,0.005369,,11760400,,
7,7,,0.00533,0.274997,0.133403,0.074165,0.01711,0.065944,0.000834,0.310311,0.047033,0.070872,,11727800,,
7,7,,0.005256,0.189737,0.133373,0.073915,0.016669,0.0644,0.000834,0.400613,0.045937,0.069265,,11231300,,
7,7,,0.005256,0.189737,0.133373,0.073915,0.016669,0.0644,0.000834,0.400613,0.045937,0.069265,,12691800,,
7,7,,0.00533,0.262157,0.135001,0.073901,0.017576,0.073386,0.000834,0.313041,0.0477,0.071074,,12663600,,
7,7,,0.005256,0.189737,0.133373,0.073915,0.016669,0.0644,0.000834,0.400613,0.045937,0.069265,,12675700,,
7,7,,0.00533,0.196576,0.13314,0.073901,0.01711,0.065944,0.000834,0.388118,0.048437,0.070609,,12822100,,
7,7,,0.00533,0.202157,0.215001,0.073901,0.017576,0.073386,0.000834,0.293041,0.0477,0.071074,,12544800,,
7,7,,0.005256,0.189737,0.133373,0.073915,0.016669,0.0644,0.000834,0.400613,0.045937,0.069265,,12564900,,
7,1,,0.00533,0.294997,0.133403,0.074165,0.01711,0.065944,0.000834,0.290311,0.047033,0.070872,,12410400,,
7,7,,0.005256,0.189737,0.133373,0.073915,0.016669,0.0644,0.000834,0.400613,0.045937,0.069265,,12640400,,
7,7,,0.005256,0.189737,0.133373,0.073915,0.016669,0.0644,0.000834,0.400613,0.045937,0.069265,,12487100,,
7,1,,0.00533,0.294997,0.133403,0.074165,0.01711,0.065944,0.000834,0.290311,0.047033,0.070872,,11098900,,
7,1,,0.00533,0.362157,0.135001,0.073901,0.017576,0.073386,0.000834,0.213041,0.0477,0.071074,,11139600,,
7,7,,0.00533,0.196576,0.13314,0.073901,0.01711,0.065944,0.000834,0.388118,0.048437,0.070609,,11520000,,
7,3,,0.008834,0.088744,0.0755,0.552037,0.014706,0.097817,0.00312,0.056108,0.025573,0.077562,,11742700,,
7,7,,0.005256,0.189737,0.133373,0.073915,0.016669,0.0644,0.000834,0.400613,0.045937,0.069265,,12196600,,
7,6,,0.03399,0.028319,0.101348,0.002844,0.128452,0.006115,0.338418,0.027753,0.329094,0.003667,,11665100,,
7,7,,0.00533,0.196576,0.13314,0.073901,0.01711,0.065944,0.000834,0.389785,0.04677,0.070609,,11333500,,
7,7,,0.00533,0.196576,0.13314,0.073901,0.01711,0.065944,0.000834,0.368118,0.068437,0.070609,,11107200,,
7,8,,0.00533,0.197063,0.136555,0.075365,0.01711,0.065944,0.000834,0.210761,0.213599,0.077438,,11926000,,
7,1,,0.00533,0.374997,0.133403,0.074165,0.01711,0.065944,0.000834,0.210311,0.047033,0.070872,,12347500,,
7,7,,0.005256,0.189737,0.133373,0.073915,0.016669,0.0644,0.000834,0.400613,0.045937,0.069265,,11265800,,
7,7,,0.005256,0.189737,0.133373,0.073915,0.016669,0.0644,0.000834,0.400613,0.045937,0.069265,,11213400,,
8,8,,0.032343,0.028072,0.12209,0.00202,0.094965,0.005174,0.245968,0.024854,0.43888,0.005634,,11459100,,
8,8,,0.032578,0.026907,0.118706,0.002138,0.094922,0.005409,0.273645,0.027787,0.412274,0.005634,,11751300,,
8,2,,0.00533,0.197063,0.296555,0.075365,0.01711,0.065944,0.000834,0.210761,0.053599,0.077438,,11928500,,
8,0,,0.507555,0.049913,0.03546,0.000267,0.139345,0.000802,0.038006,0.004275,0.217299,0.007077,,11225500,,
8,9,,0.041801,0.026,0.035356,0.041404,0.067595,0.283719,0.000375,0.032482,0.018167,0.453102,,11792200,,
8,8,,0.032343,0.028072,0.12209,0.00202,0.094965,0.005174,0.245968,0.024854,0.43888,0.005634,,11281900,,
8,8,,0.032343,0.041689,0.098275,0.00202,0.152837,0.006876,0.257032,0.035067,0.368492,0.005369,,11362400,,
8,0,,0.507555,0.109913,0.07546,0.000267,0.139345,0.000802,0.038006,0.004275,0.097299,0.027077,,11241200,,
8,2,,0.00533,0.197063,0.296555,0.075365,0.01711,0.065944,0.000834,0.210761,0.053599,0.077438,,11434400,,
8,3,,0.008834,0.088744,0.0555,0.432037,0.034706,0.057817,0.00312,0.056108,0.110573,0.152562,,11307400,,
8,6,,0.03399,0.028319,0.101348,0.002844,0.125118,0.006115,0.338418,0.027753,0.332428,0.003667,,11266200,,
8,4,,0.030569,0.056374,0.133669,0.001133,0.265873,0.006876,0.172696,0.066381,0.255048,0.011381,,11202600,,
8,8,,0.032343,0.028072,0.12209,0.00202,0.094965,0.005174,0.245968,0.024854,0.43888,0.005634,,11312800,,
8,8,,0.00533,0.197063,0.136555,0.075365,0.01711,0.065944,0.000834,0.210761,0.213599,0.077438,,11269500,,
8,6,,0.032343,0.161689,0.098275,0.00202,0.152837,0.006876,0.257032,0.035067,0.248492,0.005369,,11221300,,
8,8,,0.032343,0.028072,0.12209,0.00202,0.094965,0.005174,0.245968,0.024854,0.43888,0.005634,,12738600,,
8,8,,0.00533,0.197063,0.136555,0.075365,0.01711,0.065944,0.000834,0.210761,0.213599,0.077438,,11365600,,
8,0,,0.508324,0.023246,0.031229,0.000267,0.337807,0.000802,0.038006,0.004275,0.050633,0.005411,,11417200,,
8,3,,0.008834,0.088744,0.0555,0.438703,0.014706,0.08115,0.00312,0.056108,0.048906,0.204229,,11416800,,
8,8,,0.032343,0.028072,0.12209,0.00202,0.094965,0.005174,0.245968,0.024854,0.43888,0.005634,,13445300,,
8,8,,0.032343,0.028072,0.22209,0.00202,0.094965,0.005174,0.245968,0.024854,0.33888,0.005634,,11926500,,
8,2,,0.00533,0.197063,0.296555,0.075365,0.01711,0.065944,0.000834,0.210761,0.053599,0.077438,,11253800,,
8,6,,0.030569,0.042757,0.097485,0.001133,0.208,0.005174,0.261632,0.036168,0.225435,0.091646,,11312300,,
8,6,,0.032578,0.026907,0.118706,0.002138,0.101589,0.005409,0.359359,0.02493,0.32275,0.005634,,11258800,,
8,8,,0.030569,0.042757,0.117485,0.001133,0.208,0.005174,0.161632,0.036168,0.385435,0.011646,,11419100,,
8,8,,0.032343,0.028072,0.12209,0.00202,0.094965,0.005174,0.245968,0.024854,0.43888,0.005634,,11656900,,
8,3,,0.008834,0.088744,0.0555,0.438703,0.014706,0.06115,0.00312,0.056108,0.088906,0.184229,,11375700,,
8,7,,0.00533,0.197063,0.136555,0.175365,0.01711,0.065944,0.000834,0.210761,0.113599,0.077438,,11179000,,
8,5,,0.041691,0.026,0.035568,0.041404,0.06802,0.480102,0.000375,0.032695,0.018269,0.255875,,11300700,,
8,9,,0.041691,0.026,0.035568,0.041404,0.06802,0.300102,0.000375,0.032695,0.118269,0.335875,,11301600,,
8,2,,0.00533,0.197063,0.296555,0.075365,0.01711,0.065944,0.000834,0.210761,0.053599,0.077438,,11326000,,
9,9,,0.003691,0.057886,0.059019,0.219691,0.009564,0.151741,0.022067,0.048393,0.067798,0.360149,,11758000,,
9,9,,0.041801,0.026,0.035356,0.041404,0.067595,0.283719,0.000375,0.032482,0.018167,0.453102,,11364400,,
9,9,,0.041801,0.026,0.035356,0.041404,0.067595,0.283719,0.000375,0.032482,0.018167,0.453102,,11456800,,
9,5,,0.042192,0.026714,0.037498,0.043547,0.078825,0.463203,0.000375,0.033553,0.017844,0.256247,,11592400,,
9,5,,0.041691,0.026,0.035568,0.041404,0.06802,0.480102,0.000375,0.032695,0.018269,0.255875,,12373800,,
9,9,,0.041801,0.026,0.035356,0.041404,0.067595,0.283719,0.000375,0.032482,0.018167,0.453102,,11842200,,
9,5,,0.041691,0.026,0.035568,0.041404,0.10802,0.360102,0.000375,0.112695,0.018269,0.255875,,11748800,,
9,3,,0.008834,0.088744,0.0555,0.432037,0.014706,0.057817,0.00312,0.056108,0.030573,0.252562,,12804100,,
9,3,,0.008834,0.088744,0.055708,0.611412,0.014706,0.057817,0.00312,0.056108,0.025573,0.077979,,11632100,,
9,9,,0.041801,0.026,0.035356,0.041404,0.067595,0.283719,0.000375,0.032482,0.018167,0.453102,,11527400,,
9,9,,0.041801,0.026,0.035356,0.041404,0.067595,0.283719,0.000375,0.032482,0.018167,0.453102,,11720800,,
9,9,,0.041691,0.026,0.035568,0.041404,0.08802,0.300102,0.000375,0.052695,0.018269,0.395875,,11638000,,
9,9,,0.041801,0.026,0.035356,0.041404,0.067595,0.283719,0.000375,0.032482,0.018167,0.453102,,11437200,,
9,9,,0.041801,0.026,0.035356,0.041404,0.067595,0.283719,0.000375,0.032482,0.018167,0.453102,,11606500,,
9,9,,0.041801,0.026,0.035356,0.041404,0.067595,0.283719,0.000375,0.032482,0.018167,0.453102,,11992900,,
9,9,,0.041801,0.026,0.035356,0.041404,0.067595,0.283719,0.000375,0.032482,0.018167,0.453102,,13243800,,
9,9,,0.041801,0.026,0.035356,0.041404,0.067595,0.283719,0.000375,0.032482,0.018167,0.453102,,12907400,,
9,9,,0.041801,0.026,0.035356,0.041404,0.067595,0.283719,0.000375,0.032482,0.018167,0.453102,,13018500,,
9,9,,0.041801,0.026,0.035356,0.041404,0.067595,0.283719,0.000375,0.032482,0.018167,0.453102,,12491500,,
9,9,,0.041801,0.026,0.035356,0.041404,0.067595,0.283719,0.000375,0.032482,0.018167,0.453102,,12674200,,
9,9,,0.041801,0.026,0.035356,0.041404,0.067595,0.283719,0.000375,0.032482,0.018167,0.453102,,12206800,,
9,9,,0.003691,0.057886,0.059019,0.219691,0.009564,0.151741,0.022067,0.048393,0.107798,0.320149,,11519400,,
9,9,,0.041801,0.026,0.035356,0.041404,0.067595,0.283719,0.000375,0.032482,0.018167,0.453102,,11799400,,
9,9,,0.041801,0.026,0.035356,0.041404,0.067595,0.283719,0.000375,0.032482,0.018167,0.453102,,11568400,,
9,9,,0.003691,0.057886,0.119019,0.219691,0.009564,0.151741,0.022067,0.048393,0.067798,0.300149,,11623100,,
9,9,,0.041801,0.026,0.035356,0.041404,0.067595,0.283719,0.000375,0.032482,0.018167,0.453102,,11394300,,
9,9,,0.041801,0.026,0.035356,0.041404,0.067595,0.283719,0.000375,0.032482,0.018167,0.453102,,11371600,,
9,9,,0.041801,0.026,0.035356,0.041404,0.067595,0.283719,0.000375,0.032482,0.018167,0.453102,,11275700,,
9,5,,0.042192,0.028714,0.039498,0.215547,0.074381,0.289648,0.000375,0.035553,0.017844,0.256247,,11592400,,
9,9,,0.041801,0.026,0.035356,0.041404,0.067595,0.283719,0.000375,0.032482,0.018167,0.453102,,11685600,,
9,9,,0.00533,0.197063,0.136555,0.075365,0.01711,0.065944,0.000834,0.210761,0.053599,0.237438,,11815200,,
9,9,,0.041801,0.026,0.035356,0.041404,0.067595,0.283719,0.000375,0.032482,0.018167,0.453102,,11572200,,