semeion,CWE,test,2,NANOSECONDS,PREDICTIONS, Generated by ClassifierExperiments.java on 2022-05-16 19:06:45.    SYSTEMPROPERTIES:{user.name:matth,os.arch:amd64,os.name:Windows 10},ENDSYSTEMPROPERTIES
No parameter info
0.6749226006191951,4735137800,3627495100,-1,174813960,10,,-1,-1
0,0,,0.69458,0.018659,0.038421,0.000192,0.09504,0.000385,0.02762,0.005191,0.113759,0.006153,,11142300,,
0,0,,0.69458,0.018659,0.038421,0.000192,0.09504,0.000385,0.02762,0.005191,0.113759,0.006153,,10849100,,
0,0,,0.69458,0.018659,0.038421,0.000192,0.09504,0.000385,0.02762,0.005191,0.113759,0.006153,,10913400,,
0,0,,0.67458,0.018659,0.038421,0.000192,0.09504,0.000385,0.02762,0.005191,0.133759,0.006153,,10866700,,
0,9,,0.172935,0.020128,0.038774,0.038247,0.08449,0.292975,0.000267,0.023591,0.014022,0.314572,,11143600,,
0,0,,0.69458,0.018659,0.038421,0.000192,0.09504,0.000385,0.02762,0.005191,0.113759,0.006153,,10951200,,
0,0,,0.69458,0.018659,0.038421,0.000192,0.09504,0.000385,0.02762,0.005191,0.113759,0.006153,,10823700,,
0,0,,0.69458,0.018659,0.038421,0.000192,0.09504,0.000385,0.02762,0.005191,0.113759,0.006153,,10953800,,
0,0,,0.69458,0.018659,0.038421,0.000192,0.09504,0.000385,0.02762,0.005191,0.113759,0.006153,,10843100,,
0,0,,0.69458,0.018659,0.038421,0.000192,0.09504,0.000385,0.02762,0.005191,0.113759,0.006153,,11084300,,
0,0,,0.69458,0.018659,0.038421,0.000192,0.09504,0.000385,0.02762,0.005191,0.113759,0.006153,,12332400,,
0,6,,0.294577,0.023977,0.056958,0.001312,0.174761,0.002624,0.309516,0.022659,0.111747,0.00187,,10971500,,
0,3,,0.109783,0.05995,0.056992,0.551202,0.010563,0.068256,0.00338,0.046242,0.029663,0.063968,,10908900,,
0,0,,0.424495,0.02279,0.047276,0.001148,0.172216,0.002295,0.193693,0.0197,0.115424,0.000964,,11824600,,
0,0,,0.69458,0.018659,0.038421,0.000192,0.09504,0.000385,0.02762,0.005191,0.113759,0.006153,,11096900,,
0,0,,0.69458,0.018659,0.038421,0.000192,0.09504,0.000385,0.02762,0.005191,0.113759,0.006153,,10879200,,
0,0,,0.4474,0.027097,0.071729,0.00149,0.052262,0.00059,0.177666,0.013014,0.202292,0.006461,,10811500,,
0,9,,0.172935,0.020128,0.038774,0.038247,0.08449,0.292975,0.000267,0.023591,0.014022,0.314572,,11023000,,
0,9,,0.073027,0.041439,0.043365,0.042837,0.099664,0.299624,0.000267,0.045559,0.013458,0.34076,,10841100,,
0,0,,0.69458,0.018659,0.038421,0.000192,0.09504,0.000385,0.02762,0.005191,0.113759,0.006153,,10902000,,
0,0,,0.69458,0.018659,0.038421,0.000192,0.09504,0.000385,0.02762,0.005191,0.113759,0.006153,,10846500,,
0,0,,0.69458,0.018659,0.038421,0.000192,0.09504,0.000385,0.02762,0.005191,0.113759,0.006153,,11023100,,
0,0,,0.69458,0.018659,0.038421,0.000192,0.09504,0.000385,0.02762,0.005191,0.113759,0.006153,,10952200,,
0,0,,0.69458,0.018659,0.038421,0.000192,0.09504,0.000385,0.02762,0.005191,0.113759,0.006153,,10699200,,
0,5,,0.187372,0.020128,0.038774,0.038247,0.083926,0.292411,0.000267,0.023591,0.038458,0.276826,,10974500,,
0,0,,0.69458,0.018659,0.038421,0.000192,0.09504,0.000385,0.02762,0.005191,0.113759,0.006153,,10758500,,
0,5,,0.187372,0.020128,0.038774,0.038247,0.083926,0.292411,0.000267,0.023591,0.038458,0.276826,,10978500,,
0,0,,0.504495,0.02279,0.047276,0.001148,0.172216,0.002295,0.153693,0.0197,0.075424,0.000964,,11316900,,
0,0,,0.69458,0.018659,0.038421,0.000192,0.09504,0.000385,0.02762,0.005191,0.113759,0.006153,,10896800,,
0,0,,0.69458,0.018659,0.038421,0.000192,0.09504,0.000385,0.02762,0.005191,0.113759,0.006153,,10921800,,
0,0,,0.69458,0.018659,0.038421,0.000192,0.09504,0.000385,0.02762,0.005191,0.113759,0.006153,,10876500,,
0,0,,0.69458,0.018659,0.038421,0.000192,0.09504,0.000385,0.02762,0.005191,0.113759,0.006153,,11648700,,
0,6,,0.177315,0.031227,0.080584,0.002445,0.129438,0.0025,0.343739,0.027523,0.203957,0.001272,,10880000,,
1,1,,0.006151,0.486137,0.135005,0.062017,0.007775,0.046816,0.004413,0.161207,0.037993,0.052487,,10832400,,
1,1,,0.006315,0.483189,0.116433,0.063572,0.007278,0.048614,0.004577,0.175951,0.041187,0.052884,,11322800,,
1,7,,0.003696,0.152874,0.189554,0.080717,0.007873,0.066274,0.001958,0.360402,0.063086,0.073567,,10763500,,
1,7,,0.004047,0.210818,0.117825,0.061304,0.017278,0.078614,0.002309,0.356002,0.081187,0.070616,,10917200,,
1,1,,0.006315,0.483189,0.116433,0.063572,0.007278,0.048614,0.004577,0.175951,0.041187,0.052884,,12837800,,
1,1,,0.006151,0.486137,0.135005,0.062017,0.007775,0.046816,0.004413,0.161207,0.037993,0.052487,,11035900,,
1,1,,0.006151,0.486137,0.135005,0.062017,0.007775,0.046816,0.004413,0.161207,0.037993,0.052487,,11225000,,
1,7,,0.003696,0.152874,0.209554,0.100717,0.007873,0.066274,0.001958,0.220402,0.123086,0.113567,,11374000,,
1,1,,0.003532,0.295821,0.208126,0.079163,0.00837,0.064476,0.001794,0.205658,0.059891,0.07317,,11133000,,
1,4,,0.033054,0.223696,0.070319,0.001414,0.279075,0.007146,0.196309,0.061313,0.119986,0.007688,,10830100,,
1,1,,0.006315,0.483189,0.116433,0.063572,0.007278,0.048614,0.004577,0.175951,0.041187,0.052884,,10753200,,
1,1,,0.003474,0.369472,0.14575,0.155603,0.014565,0.075068,0.001273,0.061739,0.014925,0.158131,,10984200,,
1,1,,0.003696,0.292874,0.189554,0.080717,0.007873,0.066274,0.001958,0.220402,0.063086,0.073567,,10737200,,
1,1,,0.006151,0.486137,0.135005,0.062017,0.007775,0.046816,0.004413,0.161207,0.037993,0.052487,,11025800,,
1,1,,0.006315,0.483189,0.116433,0.063572,0.007278,0.048614,0.004577,0.175951,0.041187,0.052884,,11072900,,
1,1,,0.003883,0.353765,0.136397,0.059749,0.017775,0.076816,0.002145,0.201258,0.077993,0.070218,,10768000,,
1,1,,0.006315,0.483189,0.116433,0.063572,0.007278,0.048614,0.004577,0.175951,0.041187,0.052884,,10939800,,
1,1,,0.006151,0.386137,0.135005,0.062017,0.007775,0.046816,0.004413,0.261207,0.037993,0.052487,,10690300,,
1,1,,0.006151,0.486137,0.135005,0.062017,0.007775,0.046816,0.004413,0.161207,0.037993,0.052487,,10985400,,
1,1,,0.003474,0.369472,0.14575,0.155603,0.014565,0.075068,0.001273,0.061739,0.014925,0.158131,,10817100,,
1,7,,0.004047,0.250818,0.117825,0.061304,0.017278,0.078614,0.002309,0.316002,0.081187,0.070616,,10963800,,
1,1,,0.006315,0.483189,0.116433,0.063572,0.007278,0.048614,0.004577,0.175951,0.041187,0.052884,,11159400,,
1,1,,0.006315,0.463189,0.116433,0.063572,0.007278,0.048614,0.004577,0.175951,0.041187,0.072884,,11240300,,
1,2,,0.003532,0.155821,0.348126,0.079163,0.00837,0.064476,0.001794,0.205658,0.059891,0.07317,,11016300,,
1,8,,0.213178,0.079566,0.061464,0.000459,0.200798,0.005235,0.075951,0.046804,0.303668,0.012877,,10848600,,
1,4,,0.033054,0.223696,0.070319,0.001414,0.279075,0.007146,0.196309,0.061313,0.119986,0.007688,,11416900,,
1,1,,0.006151,0.486137,0.135005,0.062017,0.007775,0.046816,0.004413,0.161207,0.037993,0.052487,,12099800,,
1,1,,0.006315,0.483189,0.116433,0.063572,0.007278,0.048614,0.004577,0.175951,0.041187,0.052884,,12275900,,
1,1,,0.003474,0.349472,0.14575,0.155603,0.034565,0.075068,0.001273,0.061739,0.014925,0.158131,,12000000,,
1,1,,0.006151,0.486137,0.135005,0.062017,0.007775,0.046816,0.004413,0.161207,0.037993,0.052487,,12874300,,
1,4,,0.033508,0.10881,0.069637,0.001414,0.299302,0.008055,0.198241,0.156199,0.117145,0.007688,,11339900,,
1,6,,0.04668,0.133156,0.111125,0.002857,0.153218,0.002829,0.345288,0.031222,0.172411,0.001213,,10807300,,
1,1,,0.006151,0.486137,0.135005,0.062017,0.007775,0.046816,0.004413,0.161207,0.037993,0.052487,,11080800,,
2,2,,0.003532,0.155821,0.348126,0.079163,0.00837,0.064476,0.001794,0.205658,0.059891,0.07317,,11056200,,
2,5,,0.033027,0.021439,0.183365,0.042837,0.099664,0.299624,0.000267,0.025559,0.013458,0.28076,,10878600,,
2,2,,0.003532,0.155821,0.348126,0.079163,0.00837,0.064476,0.001794,0.205658,0.059891,0.07317,,11141200,,
2,2,,0.003883,0.213765,0.276397,0.059749,0.017775,0.076816,0.002145,0.201258,0.077993,0.070218,,10746100,,
2,2,,0.003696,0.152874,0.269554,0.080717,0.007873,0.066274,0.001958,0.220402,0.103086,0.093567,,10996800,,
2,2,,0.003532,0.155821,0.348126,0.079163,0.00837,0.064476,0.001794,0.205658,0.059891,0.07317,,10845600,,
2,6,,0.04668,0.033156,0.231125,0.002857,0.133218,0.002829,0.345288,0.031222,0.172411,0.001213,,11089400,,
2,1,,0.003474,0.229472,0.14575,0.155603,0.054565,0.175068,0.001273,0.061739,0.014925,0.158131,,10926200,,
2,6,,0.04668,0.033156,0.091125,0.002857,0.173218,0.002829,0.425288,0.031222,0.192411,0.001213,,10824400,,
2,6,,0.04668,0.033156,0.231125,0.002857,0.133218,0.002829,0.345288,0.031222,0.172411,0.001213,,10954700,,
2,2,,0.003883,0.213765,0.276397,0.059749,0.017775,0.076816,0.002145,0.201258,0.077993,0.070218,,10813700,,
2,2,,0.003532,0.155821,0.348126,0.079163,0.00837,0.064476,0.001794,0.205658,0.059891,0.07317,,10849700,,
2,7,,0.003696,0.152874,0.189554,0.080717,0.007873,0.066274,0.001958,0.220402,0.203086,0.073567,,10805500,,
2,8,,0.227521,0.028284,0.161411,0.001654,0.053707,0.000919,0.199203,0.015972,0.303962,0.007366,,11144700,,
2,6,,0.04668,0.033156,0.171125,0.002857,0.133218,0.002829,0.345288,0.031222,0.232411,0.001213,,11096800,,
2,6,,0.04668,0.033156,0.231125,0.002857,0.133218,0.002829,0.345288,0.031222,0.172411,0.001213,,11536100,,
2,6,,0.04668,0.033156,0.231125,0.002857,0.133218,0.002829,0.345288,0.031222,0.172411,0.001213,,10952500,,
2,8,,0.227521,0.028284,0.221411,0.001654,0.053707,0.000919,0.199203,0.015972,0.243962,0.007366,,10733800,,
2,2,,0.003532,0.155821,0.348126,0.079163,0.00837,0.064476,0.001794,0.205658,0.059891,0.07317,,10921200,,
2,8,,0.214142,0.063316,0.103783,0.000459,0.193298,0.005235,0.076629,0.038054,0.291243,0.013841,,11163800,,
2,6,,0.04668,0.033156,0.231125,0.002857,0.133218,0.002829,0.345288,0.031222,0.172411,0.001213,,11066400,,
2,2,,0.003532,0.155821,0.348126,0.079163,0.00837,0.064476,0.001794,0.205658,0.059891,0.07317,,10944300,,
2,2,,0.003696,0.152874,0.329554,0.080717,0.007873,0.066274,0.001958,0.220402,0.063086,0.073567,,10855700,,
2,2,,0.003532,0.155821,0.348126,0.079163,0.00837,0.064476,0.001794,0.205658,0.059891,0.07317,,11059900,,
2,2,,0.003532,0.155821,0.348126,0.079163,0.00837,0.064476,0.001794,0.205658,0.059891,0.07317,,10769000,,
2,6,,0.04668,0.033156,0.231125,0.002857,0.133218,0.002829,0.345288,0.031222,0.172411,0.001213,,10965600,,
2,4,,0.033508,0.06881,0.069637,0.001414,0.439302,0.008055,0.198241,0.056199,0.117145,0.007688,,11053100,,
2,2,,0.003532,0.155821,0.348126,0.079163,0.00837,0.064476,0.001794,0.205658,0.059891,0.07317,,10738700,,
2,6,,0.047397,0.032415,0.230266,0.00261,0.131984,0.002829,0.319561,0.030481,0.20028,0.002177,,11826300,,
2,6,,0.04668,0.033156,0.091125,0.002857,0.133218,0.002829,0.485288,0.031222,0.172411,0.001213,,10883600,,
2,7,,0.003696,0.152874,0.249554,0.080717,0.047873,0.066274,0.001958,0.260402,0.063086,0.073567,,10842100,,
2,6,,0.047397,0.032415,0.230266,0.00261,0.131984,0.002829,0.319561,0.030481,0.20028,0.002177,,10931400,,
3,3,,0.009783,0.05995,0.056992,0.651202,0.010563,0.068256,0.00338,0.046242,0.029663,0.063968,,11015400,,
3,5,,0.033027,0.021439,0.043365,0.182837,0.099664,0.299624,0.000267,0.025559,0.013458,0.28076,,11063600,,
3,3,,0.009783,0.05995,0.056992,0.651202,0.010563,0.068256,0.00338,0.046242,0.029663,0.063968,,12116700,,
3,3,,0.009783,0.05995,0.056992,0.651202,0.010563,0.068256,0.00338,0.046242,0.029663,0.063968,,11001600,,
3,3,,0.009783,0.05995,0.056992,0.651202,0.010563,0.068256,0.00338,0.046242,0.029663,0.063968,,10952600,,
3,3,,0.009783,0.05995,0.056992,0.591202,0.010563,0.108256,0.00338,0.046242,0.049663,0.063968,,10812100,,
3,3,,0.009783,0.05995,0.056992,0.651202,0.010563,0.068256,0.00338,0.046242,0.029663,0.063968,,10985700,,
3,3,,0.009783,0.05995,0.056992,0.651202,0.010563,0.068256,0.00338,0.046242,0.029663,0.063968,,10850000,,
3,3,,0.009783,0.05995,0.056992,0.651202,0.010563,0.068256,0.00338,0.046242,0.029663,0.063968,,10966200,,
3,3,,0.009783,0.05995,0.056992,0.651202,0.010563,0.068256,0.00338,0.046242,0.029663,0.063968,,10881200,,
3,3,,0.009783,0.05995,0.056992,0.651202,0.010563,0.068256,0.00338,0.046242,0.029663,0.063968,,10921600,,
3,2,,0.003532,0.155821,0.208126,0.079163,0.00837,0.064476,0.001794,0.205658,0.099891,0.17317,,10796700,,
3,3,,0.009783,0.05995,0.056992,0.651202,0.010563,0.068256,0.00338,0.046242,0.029663,0.063968,,11586600,,
3,3,,0.029783,0.05995,0.056992,0.631202,0.010563,0.068256,0.00338,0.046242,0.029663,0.063968,,11601600,,
3,3,,0.006207,0.147371,0.03985,0.440447,0.015932,0.098298,0.002639,0.043406,0.023123,0.182727,,11534200,,
3,3,,0.009783,0.05995,0.116992,0.551202,0.030563,0.068256,0.00338,0.066242,0.029663,0.063968,,10944500,,
3,3,,0.009783,0.05995,0.056992,0.651202,0.010563,0.068256,0.00338,0.046242,0.029663,0.063968,,11109200,,
3,3,,0.009783,0.05995,0.056992,0.651202,0.010563,0.068256,0.00338,0.046242,0.029663,0.063968,,11087000,,
3,3,,0.009783,0.05995,0.056992,0.651202,0.010563,0.068256,0.00338,0.046242,0.029663,0.063968,,11789900,,
3,1,,0.006315,0.343189,0.116433,0.183572,0.007278,0.068614,0.004577,0.175951,0.041187,0.052884,,11519700,,
3,5,,0.033027,0.021439,0.043365,0.182837,0.099664,0.299624,0.000267,0.025559,0.013458,0.28076,,10796500,,
3,1,,0.003532,0.215821,0.208126,0.159163,0.00837,0.064476,0.001794,0.205658,0.059891,0.07317,,10947600,,
3,3,,0.009783,0.05995,0.056992,0.651202,0.010563,0.068256,0.00338,0.046242,0.029663,0.063968,,10629700,,
3,3,,0.003696,0.152874,0.189554,0.220717,0.007873,0.066274,0.001958,0.220402,0.063086,0.073567,,11077100,,
3,3,,0.009783,0.05995,0.056992,0.651202,0.010563,0.068256,0.00338,0.046242,0.029663,0.063968,,10836900,,
3,3,,0.009783,0.05995,0.096992,0.551202,0.010563,0.108256,0.00338,0.046242,0.029663,0.083968,,10772100,,
3,3,,0.009783,0.05995,0.056992,0.651202,0.010563,0.068256,0.00338,0.046242,0.029663,0.063968,,11080700,,
3,3,,0.009783,0.05995,0.056992,0.651202,0.010563,0.068256,0.00338,0.046242,0.029663,0.063968,,10791500,,
3,3,,0.009783,0.05995,0.056992,0.651202,0.010563,0.068256,0.00338,0.046242,0.029663,0.063968,,11838100,,
3,3,,0.009783,0.05995,0.056992,0.651202,0.010563,0.068256,0.00338,0.046242,0.029663,0.063968,,10776400,,
3,3,,0.009783,0.05995,0.056992,0.651202,0.010563,0.068256,0.00338,0.046242,0.029663,0.063968,,10950700,,
3,3,,0.009783,0.05995,0.056992,0.591202,0.010563,0.108256,0.00338,0.046242,0.029663,0.083968,,10890800,,
4,5,,0.033027,0.021439,0.043365,0.042837,0.239664,0.299624,0.000267,0.025559,0.013458,0.28076,,10762900,,
4,4,,0.033508,0.06881,0.069637,0.001414,0.439302,0.008055,0.198241,0.056199,0.117145,0.007688,,10943500,,
4,4,,0.076964,0.066258,0.064557,0.00125,0.44263,0.006817,0.17705,0.049604,0.107124,0.007747,,10840700,,
4,5,,0.033027,0.021439,0.043365,0.042837,0.239664,0.299624,0.000267,0.025559,0.013458,0.28076,,10923700,,
4,4,,0.033508,0.06881,0.069637,0.001414,0.439302,0.008055,0.198241,0.056199,0.117145,0.007688,,10698200,,
4,4,,0.093508,0.06881,0.069637,0.001414,0.379302,0.008055,0.198241,0.056199,0.117145,0.007688,,10833800,,
4,5,,0.033027,0.021439,0.043365,0.082837,0.099664,0.399624,0.000267,0.025559,0.013458,0.28076,,10937700,,
4,4,,0.033508,0.06881,0.069637,0.001414,0.439302,0.008055,0.198241,0.056199,0.117145,0.007688,,10711500,,
4,4,,0.033508,0.06881,0.069637,0.001414,0.439302,0.008055,0.198241,0.056199,0.117145,0.007688,,10867600,,
4,4,,0.033054,0.223696,0.070319,0.001414,0.279075,0.007146,0.196309,0.061313,0.119986,0.007688,,10795700,,
4,4,,0.033508,0.06881,0.069637,0.001414,0.439302,0.008055,0.198241,0.056199,0.117145,0.007688,,10774900,,
4,4,,0.033508,0.16881,0.109637,0.001414,0.299302,0.008055,0.198241,0.056199,0.117145,0.007688,,11581900,,
4,4,,0.033508,0.06881,0.069637,0.001414,0.439302,0.008055,0.198241,0.056199,0.117145,0.007688,,11431300,,
4,7,,0.0029,0.164257,0.071479,0.074913,0.111108,0.059111,0.001161,0.409155,0.05537,0.050546,,10823600,,
4,4,,0.033508,0.06881,0.069637,0.001414,0.439302,0.008055,0.198241,0.056199,0.117145,0.007688,,10968800,,
4,4,,0.033508,0.06881,0.069637,0.001414,0.439302,0.008055,0.198241,0.056199,0.117145,0.007688,,10766600,,
4,4,,0.033054,0.083696,0.070319,0.001414,0.339075,0.007146,0.236309,0.101313,0.119986,0.007688,,10673500,,
4,4,,0.033054,0.083696,0.070319,0.001414,0.279075,0.007146,0.196309,0.061313,0.259986,0.007688,,11369100,,
4,4,,0.337524,0.02279,0.048876,0.001148,0.345816,0.002295,0.149579,0.0197,0.07131,0.000964,,10999900,,
4,4,,0.033508,0.06881,0.069637,0.001414,0.439302,0.008055,0.198241,0.056199,0.117145,0.007688,,10909500,,
4,4,,0.033508,0.06881,0.069637,0.001414,0.439302,0.008055,0.198241,0.056199,0.117145,0.007688,,11072300,,
4,5,,0.033027,0.021439,0.043365,0.042837,0.239664,0.299624,0.000267,0.025559,0.013458,0.28076,,10795000,,
4,4,,0.337524,0.02279,0.048876,0.001148,0.345816,0.002295,0.149579,0.0197,0.07131,0.000964,,10964000,,
4,6,,0.06668,0.113156,0.091125,0.002857,0.173218,0.002829,0.345288,0.031222,0.172411,0.001213,,10651800,,
4,4,,0.033508,0.06881,0.069637,0.001414,0.439302,0.008055,0.198241,0.056199,0.117145,0.007688,,11040900,,
4,4,,0.033508,0.06881,0.069637,0.001414,0.299302,0.088055,0.258241,0.056199,0.117145,0.007688,,10902400,,
4,4,,0.033508,0.06881,0.069637,0.001414,0.439302,0.008055,0.198241,0.056199,0.117145,0.007688,,10806700,,
4,4,,0.033508,0.06881,0.069637,0.001414,0.439302,0.008055,0.198241,0.056199,0.117145,0.007688,,11217800,,
4,5,,0.033027,0.021439,0.043365,0.042837,0.239664,0.299624,0.000267,0.025559,0.013458,0.28076,,11787300,,
4,4,,0.076964,0.066258,0.064557,0.00125,0.44263,0.006817,0.17705,0.049604,0.107124,0.007747,,10893900,,
4,4,,0.033054,0.083696,0.130319,0.001414,0.359075,0.007146,0.196309,0.061313,0.119986,0.007688,,10756300,,
4,1,,0.006315,0.343189,0.136433,0.063572,0.007278,0.048614,0.004577,0.295951,0.041187,0.052884,,10851700,,
4,5,,0.032793,0.020128,0.039617,0.038247,0.084347,0.465253,0.000267,0.023591,0.013879,0.281878,,11002100,,
5,5,,0.032793,0.020128,0.039617,0.038247,0.084347,0.465253,0.000267,0.023591,0.013879,0.281878,,10750200,,
5,8,,0.047397,0.032415,0.090266,0.00261,0.131984,0.002829,0.319561,0.030481,0.34028,0.002177,,10935400,,
5,5,,0.032793,0.020128,0.039617,0.038247,0.084347,0.465253,0.000267,0.023591,0.013879,0.281878,,10643500,,
5,5,,0.032793,0.020128,0.039617,0.038247,0.084347,0.465253,0.000267,0.023591,0.013879,0.281878,,10821200,,
5,7,,0.003696,0.192874,0.189554,0.080717,0.007873,0.166274,0.001958,0.220402,0.063086,0.073567,,10638100,,
5,5,,0.032793,0.020128,0.039617,0.038247,0.084347,0.465253,0.000267,0.023591,0.013879,0.281878,,10819000,,
5,1,,0.004047,0.350818,0.117825,0.061304,0.017278,0.078614,0.002309,0.216002,0.081187,0.070616,,10776200,,
5,7,,0.003696,0.152874,0.189554,0.080717,0.007873,0.206274,0.001958,0.220402,0.063086,0.073567,,10789100,,
5,5,,0.033027,0.021439,0.103365,0.042837,0.179664,0.299624,0.000267,0.025559,0.013458,0.28076,,11407900,,
5,5,,0.032793,0.020128,0.039617,0.038247,0.084347,0.465253,0.000267,0.023591,0.013879,0.281878,,11046700,,
5,5,,0.032793,0.020128,0.039617,0.038247,0.084347,0.465253,0.000267,0.023591,0.013879,0.281878,,11191100,,
5,5,,0.032793,0.020128,0.039617,0.038247,0.084347,0.465253,0.000267,0.023591,0.013879,0.281878,,10804900,,
5,9,,0.033027,0.021439,0.043365,0.042837,0.099664,0.319624,0.000267,0.025559,0.013458,0.40076,,10782000,,
5,1,,0.004047,0.350818,0.117825,0.061304,0.017278,0.078614,0.002309,0.216002,0.081187,0.070616,,10926800,,
5,3,,0.006207,0.147371,0.03985,0.300447,0.015932,0.238298,0.002639,0.043406,0.023123,0.182727,,10846600,,
5,5,,0.032793,0.020128,0.039617,0.038247,0.084347,0.465253,0.000267,0.023591,0.013879,0.281878,,10847900,,
5,5,,0.032793,0.020128,0.039617,0.038247,0.084347,0.465253,0.000267,0.023591,0.013879,0.281878,,10798800,,
5,5,,0.004047,0.210818,0.117825,0.061304,0.017278,0.218614,0.002309,0.216002,0.081187,0.070616,,11029100,,
5,7,,0.004047,0.210818,0.117825,0.101304,0.017278,0.078614,0.082309,0.236002,0.081187,0.070616,,10777200,,
5,5,,0.033027,0.021439,0.043365,0.182837,0.099664,0.299624,0.000267,0.025559,0.013458,0.28076,,10915100,,
5,5,,0.032793,0.020128,0.039617,0.038247,0.084347,0.465253,0.000267,0.023591,0.013879,0.281878,,10824400,,
5,5,,0.032793,0.020128,0.039617,0.038247,0.084347,0.465253,0.000267,0.023591,0.013879,0.281878,,10782900,,
5,7,,0.003696,0.152874,0.189554,0.080717,0.007873,0.206274,0.001958,0.220402,0.063086,0.073567,,10952700,,
5,5,,0.033027,0.021439,0.043365,0.042837,0.099664,0.439624,0.000267,0.025559,0.013458,0.28076,,10709600,,
5,7,,0.003696,0.152874,0.189554,0.080717,0.007873,0.066274,0.001958,0.260402,0.063086,0.173567,,11000900,,
5,5,,0.032793,0.020128,0.039617,0.038247,0.084347,0.465253,0.000267,0.023591,0.013879,0.281878,,10724900,,
5,5,,0.052793,0.020128,0.039617,0.038247,0.084347,0.425253,0.000267,0.023591,0.033879,0.281878,,11006400,,
5,5,,0.004047,0.210818,0.117825,0.061304,0.017278,0.218614,0.002309,0.216002,0.081187,0.070616,,11886100,,
5,3,,0.015021,0.057855,0.07585,0.360345,0.008467,0.286828,0.010713,0.044147,0.064235,0.076539,,11025300,,
5,5,,0.004047,0.210818,0.117825,0.061304,0.017278,0.218614,0.002309,0.216002,0.081187,0.070616,,11183300,,
5,5,,0.032793,0.020128,0.039617,0.038247,0.084347,0.465253,0.000267,0.023591,0.013879,0.281878,,11039200,,
5,7,,0.003696,0.152874,0.189554,0.080717,0.007873,0.206274,0.001958,0.220402,0.063086,0.073567,,11221000,,
6,6,,0.033508,0.06881,0.069637,0.001414,0.299302,0.008055,0.338241,0.056199,0.117145,0.007688,,10834200,,
6,1,,0.006315,0.483189,0.116433,0.063572,0.007278,0.048614,0.004577,0.175951,0.041187,0.052884,,10966600,,
6,6,,0.04668,0.033156,0.091125,0.002857,0.133218,0.002829,0.485288,0.031222,0.172411,0.001213,,11602300,,
6,6,,0.04668,0.033156,0.091125,0.002857,0.133218,0.002829,0.485288,0.031222,0.172411,0.001213,,10730000,,
6,6,,0.04668,0.033156,0.091125,0.002857,0.133218,0.002829,0.485288,0.031222,0.172411,0.001213,,12023100,,
6,6,,0.04668,0.033156,0.091125,0.002857,0.133218,0.002829,0.485288,0.031222,0.172411,0.001213,,12148600,,
6,4,,0.033508,0.08881,0.109637,0.001414,0.299302,0.028055,0.198241,0.116199,0.117145,0.007688,,12282800,,
6,6,,0.04668,0.033156,0.091125,0.002857,0.133218,0.002829,0.485288,0.031222,0.172411,0.001213,,11755400,,
6,6,,0.04668,0.033156,0.091125,0.002857,0.133218,0.002829,0.485288,0.031222,0.172411,0.001213,,11778700,,
6,6,,0.04668,0.033156,0.091125,0.002857,0.133218,0.002829,0.485288,0.031222,0.172411,0.001213,,11436900,,
6,4,,0.033508,0.06881,0.149637,0.001414,0.299302,0.008055,0.198241,0.056199,0.177145,0.007688,,13919800,,
6,6,,0.04668,0.033156,0.091125,0.002857,0.133218,0.002829,0.485288,0.031222,0.172411,0.001213,,12864500,,
6,6,,0.04668,0.033156,0.091125,0.002857,0.133218,0.002829,0.485288,0.031222,0.172411,0.001213,,16144500,,
6,6,,0.04668,0.033156,0.091125,0.002857,0.133218,0.002829,0.485288,0.031222,0.172411,0.001213,,14532200,,
6,6,,0.04668,0.033156,0.091125,0.002857,0.133218,0.002829,0.485288,0.031222,0.172411,0.001213,,12608400,,
6,6,,0.04668,0.033156,0.091125,0.002857,0.133218,0.002829,0.485288,0.031222,0.172411,0.001213,,13083600,,
6,6,,0.04668,0.033156,0.091125,0.002857,0.133218,0.002829,0.485288,0.031222,0.172411,0.001213,,13407300,,
6,6,,0.04668,0.033156,0.091125,0.002857,0.133218,0.002829,0.485288,0.031222,0.172411,0.001213,,12048400,,
6,6,,0.04668,0.033156,0.091125,0.002857,0.133218,0.002829,0.485288,0.031222,0.172411,0.001213,,12074000,,
6,6,,0.04668,0.033156,0.091125,0.002857,0.133218,0.002829,0.485288,0.031222,0.172411,0.001213,,12400700,,
6,6,,0.04668,0.033156,0.091125,0.002857,0.133218,0.002829,0.485288,0.031222,0.172411,0.001213,,13546600,,
6,6,,0.04668,0.033156,0.091125,0.002857,0.133218,0.002829,0.485288,0.031222,0.172411,0.001213,,12327800,,
6,6,,0.033508,0.06881,0.069637,0.001414,0.299302,0.008055,0.338241,0.056199,0.117145,0.007688,,11608100,,
6,6,,0.04668,0.033156,0.091125,0.002857,0.133218,0.002829,0.485288,0.031222,0.172411,0.001213,,11867000,,
6,6,,0.04668,0.033156,0.091125,0.002857,0.133218,0.002829,0.485288,0.031222,0.172411,0.001213,,11925800,,
6,6,,0.033508,0.06881,0.069637,0.001414,0.299302,0.008055,0.338241,0.056199,0.117145,0.007688,,11131900,,
6,6,,0.04668,0.033156,0.091125,0.002857,0.133218,0.002829,0.485288,0.031222,0.172411,0.001213,,11318800,,
6,6,,0.04668,0.033156,0.091125,0.002857,0.133218,0.002829,0.485288,0.031222,0.172411,0.001213,,12224100,,
6,6,,0.04668,0.033156,0.091125,0.002857,0.133218,0.002829,0.485288,0.031222,0.172411,0.001213,,11209600,,
6,6,,0.04668,0.033156,0.091125,0.002857,0.133218,0.002829,0.485288,0.031222,0.172411,0.001213,,11477700,,
6,6,,0.047397,0.032415,0.090266,0.00261,0.131984,0.002829,0.379561,0.030481,0.20028,0.082177,,11617300,,
6,6,,0.04668,0.033156,0.091125,0.002857,0.133218,0.002829,0.485288,0.031222,0.172411,0.001213,,11413800,,
6,3,,0.015021,0.057855,0.15585,0.360345,0.008467,0.146828,0.050713,0.044147,0.084235,0.076539,,12277900,,
7,7,,0.004047,0.170818,0.117492,0.061304,0.014612,0.048614,0.002309,0.489002,0.041187,0.050616,,12534800,,
7,7,,0.002713,0.063365,0.124636,0.095881,0.041206,0.048569,0.000974,0.528298,0.040463,0.053895,,12601900,,
7,7,,0.003696,0.152874,0.189554,0.180717,0.007873,0.066274,0.001958,0.260402,0.063086,0.073567,,12099200,,
7,7,,0.003064,0.08131,0.052574,0.076468,0.047945,0.030909,0.001325,0.656899,0.018564,0.030943,,11345100,,
7,7,,0.002713,0.063365,0.144636,0.095881,0.041206,0.048569,0.000974,0.508298,0.040463,0.053895,,12227500,,
7,7,,0.004047,0.170818,0.117492,0.061304,0.014612,0.048614,0.002309,0.489002,0.041187,0.050616,,11026400,,
7,3,,0.00705,0.162052,0.182893,0.406357,0.009196,0.045027,0.002014,0.124575,0.021464,0.039371,,11396300,,
7,9,,0.032793,0.020128,0.039617,0.038247,0.104347,0.345253,0.000267,0.023591,0.013879,0.381878,,13528600,,
7,7,,0.003696,0.152874,0.189554,0.080717,0.007873,0.066274,0.001958,0.360402,0.063086,0.073567,,15428200,,
7,7,,0.003696,0.152874,0.189554,0.080717,0.007873,0.066274,0.001958,0.360402,0.063086,0.073567,,11117600,,
7,7,,0.004047,0.170818,0.117492,0.061304,0.014612,0.048614,0.002309,0.489002,0.041187,0.050616,,10968800,,
7,4,,0.033508,0.06881,0.069637,0.001414,0.299302,0.008055,0.278241,0.116199,0.117145,0.007688,,11172100,,
7,7,,0.004047,0.170818,0.117492,0.061304,0.014612,0.048614,0.002309,0.489002,0.041187,0.050616,,10995500,,
7,4,,0.002549,0.152256,0.031588,0.106585,0.334103,0.067207,0.00081,0.042944,0.01215,0.249807,,10726600,,
7,7,,0.004047,0.310818,0.117492,0.061304,0.014612,0.048614,0.002309,0.349002,0.041187,0.050616,,11038800,,
7,7,,0.004047,0.170818,0.117492,0.061304,0.014612,0.048614,0.002309,0.489002,0.041187,0.050616,,10909300,,
7,7,,0.004047,0.210818,0.117825,0.061304,0.017278,0.078614,0.002309,0.356002,0.081187,0.070616,,10900500,,
7,7,,0.004047,0.170818,0.117492,0.061304,0.014612,0.048614,0.002309,0.489002,0.041187,0.050616,,10886500,,
7,7,,0.003696,0.152874,0.189554,0.080717,0.007873,0.066274,0.001958,0.360402,0.063086,0.073567,,11162600,,
7,7,,0.003064,0.08131,0.052574,0.076468,0.047945,0.030909,0.001325,0.656899,0.018564,0.030943,,11154000,,
7,1,,0.006315,0.343189,0.176433,0.063572,0.027278,0.048614,0.004577,0.235951,0.041187,0.052884,,11513400,,
7,7,,0.003696,0.152874,0.269554,0.080717,0.007873,0.066274,0.001958,0.280402,0.063086,0.073567,,11706500,,
7,7,,0.005332,0.253681,0.051515,0.078736,0.040612,0.030909,0.003593,0.483847,0.018564,0.033212,,11829700,,
7,7,,0.004047,0.210818,0.117825,0.061304,0.017278,0.078614,0.002309,0.356002,0.081187,0.070616,,11524900,,
7,7,,0.004047,0.170818,0.117492,0.201304,0.014612,0.048614,0.002309,0.349002,0.041187,0.050616,,11531500,,
7,7,,0.003064,0.08131,0.052574,0.076468,0.047945,0.030909,0.001325,0.656899,0.018564,0.030943,,13201200,,
7,3,,0.009783,0.07995,0.076992,0.511202,0.010563,0.068256,0.00338,0.146242,0.029663,0.063968,,13930500,,
7,7,,0.002713,0.063365,0.124636,0.095881,0.041206,0.048569,0.000974,0.528298,0.040463,0.053895,,11716700,,
7,7,,0.004047,0.210818,0.117825,0.061304,0.017278,0.078614,0.002309,0.216002,0.081187,0.210616,,11548100,,
7,7,,0.003696,0.152874,0.189554,0.080717,0.007873,0.066274,0.001958,0.360402,0.063086,0.073567,,11720000,,
7,7,,0.003696,0.152874,0.189554,0.080717,0.007873,0.066274,0.001958,0.360402,0.063086,0.073567,,11568100,,
7,1,,0.006315,0.343189,0.116433,0.063572,0.007278,0.048614,0.004577,0.315951,0.041187,0.052884,,10980700,,
8,9,,0.172935,0.020128,0.038774,0.038247,0.08449,0.292975,0.000267,0.023591,0.014022,0.314572,,10946600,,
8,8,,0.227521,0.028284,0.161411,0.001654,0.053707,0.000919,0.199203,0.015972,0.303962,0.007366,,10792600,,
8,8,,0.227521,0.028284,0.081411,0.001654,0.053707,0.000919,0.199203,0.015972,0.383962,0.007366,,10834700,,
8,8,,0.227521,0.028284,0.081411,0.001654,0.053707,0.000919,0.199203,0.015972,0.383962,0.007366,,10669500,,
8,0,,0.516048,0.032945,0.046992,0.000192,0.093939,0.000385,0.02762,0.005191,0.267678,0.00901,,11054300,,
8,8,,0.226804,0.029025,0.10227,0.001901,0.054941,0.000919,0.22493,0.016713,0.336093,0.006403,,10751000,,
8,6,,0.04668,0.033156,0.231125,0.002857,0.133218,0.002829,0.345288,0.031222,0.172411,0.001213,,10791300,,
8,7,,0.003696,0.152874,0.189554,0.080717,0.007873,0.066274,0.001958,0.220402,0.203086,0.073567,,10898800,,
8,6,,0.04668,0.033156,0.091125,0.042857,0.133218,0.002829,0.345288,0.031222,0.272411,0.001213,,10702900,,
8,0,,0.246804,0.049025,0.10227,0.001901,0.134941,0.000919,0.22493,0.016713,0.216093,0.006403,,10972300,,
8,6,,0.04668,0.033156,0.091125,0.002857,0.133218,0.002829,0.345288,0.031222,0.312411,0.001213,,10633000,,
8,8,,0.214142,0.063316,0.063783,0.000459,0.193298,0.005235,0.076629,0.038054,0.331243,0.013841,,10951900,,
8,6,,0.04668,0.033156,0.091125,0.002857,0.153218,0.002829,0.405288,0.031222,0.232411,0.001213,,10865400,,
8,8,,0.226804,0.029025,0.10227,0.001901,0.054941,0.000919,0.22493,0.016713,0.336093,0.006403,,10824900,,
8,8,,0.227521,0.028284,0.081411,0.001654,0.053707,0.000919,0.199203,0.015972,0.383962,0.007366,,10843000,,
8,3,,0.009783,0.05995,0.056992,0.651202,0.010563,0.068256,0.00338,0.046242,0.029663,0.063968,,10865700,,
8,8,,0.227521,0.028284,0.081411,0.001654,0.053707,0.000919,0.199203,0.015972,0.383962,0.007366,,11006700,,
8,3,,0.006207,0.247371,0.03985,0.340447,0.015932,0.098298,0.002639,0.043406,0.023123,0.182727,,10746600,,
8,3,,0.015021,0.057855,0.07585,0.360345,0.008467,0.146828,0.030713,0.044147,0.184235,0.076539,,11028900,,
8,8,,0.227521,0.028284,0.081411,0.001654,0.053707,0.000919,0.199203,0.015972,0.383962,0.007366,,10859600,,
8,8,,0.047397,0.032415,0.090266,0.00261,0.131984,0.002829,0.319561,0.030481,0.34028,0.002177,,10912200,,
8,5,,0.032793,0.020128,0.039617,0.038247,0.084347,0.445253,0.000267,0.023591,0.013879,0.301878,,10930500,,
8,1,,0.006315,0.343189,0.116433,0.063572,0.007278,0.048614,0.004577,0.275951,0.081187,0.052884,,10788000,,
8,8,,0.047397,0.032415,0.090266,0.00261,0.131984,0.002829,0.319561,0.030481,0.34028,0.002177,,11165800,,
8,0,,0.334142,0.063316,0.063783,0.000459,0.193298,0.005235,0.076629,0.038054,0.191243,0.033841,,10589300,,
8,7,,0.004047,0.210818,0.117825,0.121304,0.017278,0.078614,0.022309,0.276002,0.081187,0.070616,,11141000,,
8,3,,0.009783,0.05995,0.056992,0.651202,0.010563,0.068256,0.00338,0.046242,0.029663,0.063968,,11793600,,
8,5,,0.032793,0.020128,0.039617,0.038247,0.164347,0.345253,0.000267,0.023591,0.013879,0.321878,,10635600,,
8,7,,0.004047,0.210818,0.117825,0.201304,0.017278,0.078614,0.002309,0.216002,0.081187,0.070616,,10992800,,
8,8,,0.004047,0.210818,0.117825,0.061304,0.017278,0.078614,0.002309,0.216002,0.221187,0.070616,,10895100,,
8,5,,0.032793,0.020128,0.039617,0.038247,0.084347,0.465253,0.000267,0.023591,0.013879,0.281878,,10762800,,
9,9,,0.006207,0.147371,0.03985,0.300447,0.015932,0.098298,0.002639,0.043406,0.023123,0.322727,,10778700,,
9,5,,0.032793,0.020128,0.039617,0.038247,0.084347,0.425253,0.000267,0.023591,0.013879,0.321878,,10903000,,
9,9,,0.032935,0.020128,0.038774,0.038247,0.08449,0.292975,0.000267,0.023591,0.014022,0.454572,,10980200,,
9,3,,0.009783,0.05995,0.056992,0.651202,0.010563,0.068256,0.00338,0.046242,0.029663,0.063968,,11195500,,
9,9,,0.032935,0.020128,0.038774,0.038247,0.08449,0.292975,0.000267,0.023591,0.014022,0.454572,,11117300,,
9,9,,0.032935,0.020128,0.038774,0.038247,0.08449,0.292975,0.000267,0.023591,0.014022,0.454572,,10946800,,
9,3,,0.009783,0.05995,0.076992,0.611202,0.010563,0.068256,0.00338,0.046242,0.029663,0.083968,,11020900,,
9,3,,0.055021,0.057855,0.07585,0.380345,0.008467,0.146828,0.010713,0.044147,0.064235,0.156539,,10872800,,
9,9,,0.032935,0.020128,0.038774,0.038247,0.08449,0.292975,0.000267,0.023591,0.014022,0.454572,,11592300,,
9,9,,0.032935,0.020128,0.038774,0.038247,0.08449,0.292975,0.000267,0.023591,0.014022,0.454572,,10846000,,
9,9,,0.032935,0.020128,0.038774,0.038247,0.08449,0.292975,0.000267,0.023591,0.014022,0.454572,,10689000,,
9,9,,0.032935,0.020128,0.038774,0.038247,0.08449,0.292975,0.000267,0.023591,0.014022,0.454572,,10889200,,
9,9,,0.032935,0.020128,0.038774,0.038247,0.08449,0.292975,0.000267,0.023591,0.014022,0.454572,,10770800,,
9,9,,0.053027,0.041439,0.043365,0.042837,0.099664,0.299624,0.000267,0.045559,0.013458,0.36076,,10883200,,
9,9,,0.006207,0.147371,0.03985,0.300447,0.015932,0.098298,0.002639,0.043406,0.023123,0.322727,,10804300,,
9,9,,0.006207,0.147371,0.03985,0.300447,0.015932,0.098298,0.002639,0.043406,0.023123,0.322727,,10864500,,
9,9,,0.032935,0.020128,0.038774,0.038247,0.08449,0.292975,0.000267,0.023591,0.014022,0.454572,,10919200,,
9,7,,0.003696,0.152874,0.189554,0.160717,0.027873,0.066274,0.001958,0.220402,0.063086,0.113567,,10778600,,
9,3,,0.015021,0.057855,0.07585,0.360345,0.008467,0.286828,0.010713,0.044147,0.064235,0.076539,,11224100,,
9,5,,0.032935,0.020128,0.038774,0.038247,0.10449,0.332975,0.000267,0.023591,0.094022,0.314572,,11964000,,
9,9,,0.032935,0.020128,0.038774,0.038247,0.08449,0.292975,0.000267,0.023591,0.014022,0.454572,,11191300,,
9,7,,0.003696,0.152874,0.189554,0.080717,0.007873,0.066274,0.001958,0.220402,0.063086,0.213567,,11136900,,
9,9,,0.032935,0.020128,0.038774,0.038247,0.08449,0.292975,0.000267,0.023591,0.014022,0.454572,,11057400,,
9,1,,0.003696,0.292874,0.189554,0.080717,0.007873,0.066274,0.001958,0.220402,0.063086,0.073567,,11436400,,
9,9,,0.032935,0.020128,0.038774,0.038247,0.08449,0.292975,0.000267,0.023591,0.014022,0.454572,,13358500,,
9,9,,0.033027,0.041439,0.043365,0.042837,0.099664,0.299624,0.000267,0.045559,0.013458,0.38076,,11045100,,
9,9,,0.032935,0.020128,0.038774,0.038247,0.08449,0.292975,0.000267,0.023591,0.014022,0.454572,,11292800,,
9,3,,0.015021,0.057855,0.07585,0.360345,0.008467,0.286828,0.010713,0.044147,0.064235,0.076539,,13120300,,
9,8,,0.214142,0.063316,0.143783,0.000459,0.193298,0.005235,0.096629,0.038054,0.231243,0.013841,,12133500,,
9,9,,0.033027,0.021439,0.043365,0.042837,0.099664,0.339624,0.000267,0.025559,0.013458,0.38076,,11852200,,
9,1,,0.026315,0.343189,0.116433,0.063572,0.007278,0.048614,0.004577,0.175951,0.041187,0.172884,,11133300,,
9,9,,0.032935,0.020128,0.038774,0.038247,0.08449,0.292975,0.000267,0.023591,0.014022,0.454572,,10768800,,