semeion,CWE,test,3,NANOSECONDS,PREDICTIONS, Generated by ClassifierExperiments.java on 2022-05-16 19:21:02.    SYSTEMPROPERTIES:{user.name:matth,os.arch:amd64,os.name:Windows 10},ENDSYSTEMPROPERTIES
No parameter info
0.7647058823529411,4566521900,3882073100,-1,167959000,10,,-1,-1
0,0,,0.643089,0.017191,0.043283,0.000783,0.124226,0.003027,0.031357,0.007953,0.095086,0.034005,,12792200,,
0,0,,0.683089,0.017191,0.043283,0.000783,0.084226,0.003027,0.031357,0.007953,0.095086,0.034005,,11747000,,
0,0,,0.683089,0.017191,0.043283,0.000783,0.084226,0.003027,0.031357,0.007953,0.095086,0.034005,,12175800,,
0,7,,0.01387,0.075415,0.063971,0.09314,0.05694,0.180998,0.012845,0.241086,0.044731,0.217004,,11947300,,
0,6,,0.127399,0.039914,0.105013,0.015229,0.157844,0.078098,0.292509,0.031499,0.1414,0.011094,,11802700,,
0,0,,0.683089,0.017191,0.043283,0.000783,0.084226,0.003027,0.031357,0.007953,0.095086,0.034005,,11860000,,
0,0,,0.683089,0.017191,0.043283,0.000783,0.084226,0.003027,0.031357,0.007953,0.095086,0.034005,,13214700,,
0,0,,0.519587,0.022382,0.032015,0.027863,0.09088,0.118367,0.002656,0.026008,0.021851,0.138393,,11791100,,
0,0,,0.683089,0.017191,0.043283,0.000783,0.084226,0.003027,0.031357,0.007953,0.095086,0.034005,,11483600,,
0,6,,0.047399,0.039914,0.105013,0.015229,0.117844,0.018098,0.472509,0.031499,0.1414,0.011094,,11557600,,
0,0,,0.683089,0.017191,0.043283,0.000783,0.084226,0.003027,0.031357,0.007953,0.095086,0.034005,,11280300,,
0,0,,0.683089,0.017191,0.043283,0.000783,0.084226,0.003027,0.031357,0.007953,0.095086,0.034005,,11546300,,
0,0,,0.683089,0.017191,0.043283,0.000783,0.084226,0.003027,0.031357,0.007953,0.095086,0.034005,,11885700,,
0,0,,0.493362,0.022085,0.035297,0.031155,0.10431,0.121659,0.005948,0.028616,0.021406,0.136161,,11494100,,
0,9,,0.01387,0.08902,0.080696,0.098675,0.060203,0.201304,0.012845,0.097524,0.05084,0.295022,,12421700,,
0,0,,0.372419,0.04157,0.101841,0.013208,0.052781,0.014325,0.174251,0.023505,0.188835,0.017265,,11700000,,
0,0,,0.683089,0.017191,0.043283,0.000783,0.084226,0.003027,0.031357,0.007953,0.095086,0.034005,,12648600,,
0,0,,0.683089,0.017191,0.043283,0.000783,0.084226,0.003027,0.031357,0.007953,0.095086,0.034005,,13442600,,
0,0,,0.683089,0.017191,0.043283,0.000783,0.084226,0.003027,0.031357,0.007953,0.095086,0.034005,,11424900,,
0,0,,0.683089,0.017191,0.043283,0.000783,0.084226,0.003027,0.031357,0.007953,0.095086,0.034005,,11457400,,
0,0,,0.683089,0.017191,0.043283,0.000783,0.084226,0.003027,0.031357,0.007953,0.095086,0.034005,,11739100,,
0,0,,0.683089,0.017191,0.043283,0.000783,0.084226,0.003027,0.031357,0.007953,0.095086,0.034005,,11656800,,
0,0,,0.663089,0.017191,0.043283,0.000783,0.104226,0.003027,0.031357,0.007953,0.095086,0.034005,,11507300,,
0,0,,0.683089,0.017191,0.043283,0.000783,0.084226,0.003027,0.031357,0.007953,0.095086,0.034005,,11718600,,
0,0,,0.683089,0.017191,0.043283,0.000783,0.084226,0.003027,0.031357,0.007953,0.095086,0.034005,,11527400,,
0,0,,0.683089,0.017191,0.043283,0.000783,0.084226,0.003027,0.031357,0.007953,0.095086,0.034005,,11553800,,
0,0,,0.504202,0.022382,0.038168,0.027863,0.09088,0.118367,0.002656,0.026008,0.031082,0.138393,,11559900,,
0,0,,0.372419,0.04157,0.101841,0.013208,0.052781,0.014325,0.174251,0.023505,0.188835,0.017265,,11565800,,
0,0,,0.683089,0.017191,0.043283,0.000783,0.084226,0.003027,0.031357,0.007953,0.095086,0.034005,,11623600,,
0,0,,0.683089,0.017191,0.043283,0.000783,0.084226,0.003027,0.031357,0.007953,0.095086,0.034005,,11987400,,
0,0,,0.683089,0.017191,0.043283,0.000783,0.084226,0.003027,0.031357,0.007953,0.095086,0.034005,,12774100,,
0,0,,0.30292,0.025715,0.113681,0.027863,0.092546,0.118367,0.002656,0.026008,0.021851,0.268393,,11936300,,
0,0,,0.683089,0.017191,0.043283,0.000783,0.084226,0.003027,0.031357,0.007953,0.095086,0.034005,,11523800,,
1,7,,0.003857,0.210016,0.091541,0.103287,0.043387,0.102017,0.014736,0.302335,0.044243,0.084583,,12311200,,
1,1,,0.006804,0.334342,0.196853,0.101699,0.029517,0.086072,0.021013,0.085366,0.056005,0.082328,,11404200,,
1,1,,0.003638,0.323182,0.067792,0.14287,0.031853,0.121667,0.013314,0.092298,0.041293,0.162093,,11475400,,
1,7,,0.004874,0.158633,0.085033,0.117981,0.096155,0.12198,0.01329,0.22751,0.06603,0.108514,,11522000,,
1,1,,0.003857,0.36518,0.076541,0.104046,0.033665,0.099017,0.014736,0.174133,0.044243,0.084583,,11482100,,
1,1,,0.007775,0.267368,0.074176,0.264955,0.028581,0.110312,0.014693,0.091785,0.046297,0.094058,,11334800,,
1,7,,0.005897,0.113529,0.084765,0.109844,0.053076,0.116864,0.022791,0.32647,0.06859,0.098174,,12277100,,
1,1,,0.004874,0.278633,0.085033,0.117981,0.036155,0.12198,0.01329,0.16751,0.06603,0.108514,,13432400,,
1,1,,0.003857,0.36518,0.076541,0.104046,0.033665,0.099017,0.014736,0.174133,0.044243,0.084583,,12787400,,
1,1,,0.003638,0.313991,0.189718,0.110291,0.033245,0.092097,0.013071,0.109004,0.042796,0.092149,,11919600,,
1,1,,0.003857,0.330016,0.091541,0.103287,0.043387,0.102017,0.014736,0.182335,0.044243,0.084583,,11402700,,
1,1,,0.007023,0.364241,0.085551,0.098445,0.033284,0.092992,0.022678,0.156073,0.059327,0.080387,,11575500,,
1,7,,0.005897,0.113529,0.084765,0.109844,0.053076,0.116864,0.022791,0.32647,0.06859,0.098174,,11887100,,
1,1,,0.003857,0.330016,0.091541,0.103287,0.043387,0.102017,0.014736,0.182335,0.044243,0.084583,,11486600,,
1,1,,0.003638,0.313991,0.189718,0.110291,0.033245,0.092097,0.013071,0.109004,0.042796,0.092149,,12476000,,
1,1,,0.003857,0.36518,0.076541,0.104046,0.033665,0.099017,0.014736,0.174133,0.044243,0.084583,,12586000,,
1,1,,0.003638,0.335281,0.187843,0.107301,0.029899,0.092097,0.013071,0.103426,0.040921,0.086524,,12001200,,
1,1,,0.183054,0.24844,0.079334,0.012183,0.180302,0.015722,0.071331,0.03428,0.15048,0.024874,,11622100,,
1,1,,0.003638,0.313991,0.189718,0.110291,0.033245,0.092097,0.013071,0.109004,0.042796,0.092149,,11348800,,
1,1,,0.179888,0.249378,0.070324,0.017785,0.180684,0.021747,0.063389,0.05234,0.135396,0.02907,,12902400,,
1,4,,0.037049,0.233498,0.078778,0.021547,0.250129,0.024062,0.160599,0.066534,0.098762,0.029042,,12196600,,
1,1,,0.003638,0.335281,0.187843,0.107301,0.029899,0.092097,0.013071,0.103426,0.040921,0.086524,,13291400,,
1,1,,0.003857,0.179922,0.072996,0.102297,0.114437,0.119151,0.015043,0.159472,0.145059,0.087767,,11468400,,
1,1,,0.004661,0.308887,0.18945,0.102154,0.050166,0.086981,0.022572,0.087964,0.065356,0.081809,,12661700,,
1,1,,0.003638,0.335281,0.187843,0.107301,0.029899,0.092097,0.013071,0.103426,0.040921,0.086524,,11778400,,
1,1,,0.003638,0.323182,0.067792,0.14287,0.031853,0.121667,0.013314,0.092298,0.041293,0.162093,,11478900,,
1,4,,0.040079,0.066576,0.07458,0.012955,0.385553,0.018037,0.167694,0.062473,0.13212,0.039933,,11807500,,
1,6,,0.046414,0.227917,0.09941,0.019581,0.119262,0.022665,0.26352,0.050181,0.135242,0.015809,,11472000,,
1,1,,0.004874,0.278633,0.085033,0.117981,0.036155,0.12198,0.01329,0.16751,0.06603,0.108514,,11551000,,
1,1,,0.004874,0.278633,0.085033,0.117981,0.036155,0.12198,0.01329,0.16751,0.06603,0.108514,,11499200,,
1,1,,0.003857,0.36518,0.076541,0.104046,0.033665,0.099017,0.014736,0.174133,0.044243,0.084583,,11436800,,
1,1,,0.003857,0.36518,0.076541,0.104046,0.033665,0.099017,0.014736,0.174133,0.044243,0.084583,,12922700,,
1,1,,0.003857,0.36518,0.076541,0.104046,0.033665,0.099017,0.014736,0.174133,0.044243,0.084583,,12339300,,
2,1,,0.003638,0.313991,0.189718,0.110291,0.033245,0.092097,0.013071,0.109004,0.042796,0.092149,,11835000,,
2,3,,0.007775,0.087368,0.254176,0.264955,0.028581,0.110312,0.014693,0.091785,0.046297,0.094058,,12119400,,
2,8,,0.00804,0.118984,0.092168,0.109389,0.032427,0.115955,0.041232,0.143873,0.179239,0.158694,,11610600,,
2,2,,0.00804,0.118984,0.272168,0.109389,0.032427,0.115955,0.021232,0.143873,0.079239,0.098694,,12226600,,
2,6,,0.047399,0.039914,0.282086,0.016693,0.117844,0.018098,0.292509,0.031499,0.142864,0.011094,,11924700,,
2,1,,0.003638,0.215281,0.187843,0.147301,0.029899,0.092097,0.013071,0.183426,0.040921,0.086524,,12210100,,
2,1,,0.003638,0.233991,0.189718,0.110291,0.053245,0.092097,0.013071,0.169004,0.042796,0.092149,,11556600,,
2,2,,0.003638,0.202116,0.327843,0.106541,0.02762,0.092097,0.013071,0.099629,0.040921,0.086524,,13193700,,
2,5,,0.01387,0.076031,0.065509,0.093207,0.078005,0.285194,0.013152,0.161288,0.043597,0.170147,,13713900,,
2,1,,0.003638,0.313991,0.189718,0.110291,0.033245,0.092097,0.013071,0.109004,0.042796,0.092149,,11832900,,
2,2,,0.003638,0.160023,0.334298,0.105551,0.03067,0.112231,0.013379,0.098766,0.041737,0.099708,,11209700,,
2,1,,0.003638,0.313991,0.189718,0.110291,0.033245,0.092097,0.013071,0.109004,0.042796,0.092149,,11490300,,
2,6,,0.047399,0.039914,0.282086,0.016693,0.117844,0.018098,0.292509,0.031499,0.142864,0.011094,,11561500,,
2,2,,0.003638,0.163012,0.319485,0.111019,0.031202,0.110007,0.013071,0.105002,0.048981,0.094584,,11929300,,
2,7,,0.004874,0.158633,0.105033,0.117981,0.036155,0.12198,0.01329,0.22751,0.06603,0.148514,,11636400,,
2,2,,0.00804,0.118984,0.272168,0.109389,0.032427,0.115955,0.021232,0.143873,0.079239,0.098694,,11181100,,
2,5,,0.01387,0.076031,0.065509,0.093207,0.099672,0.203527,0.013152,0.081288,0.183597,0.170147,,11340100,,
2,2,,0.003638,0.162116,0.367843,0.106541,0.02762,0.092097,0.013071,0.099629,0.040921,0.086524,,11256000,,
2,2,,0.006804,0.154342,0.376853,0.101699,0.029517,0.086072,0.021013,0.085366,0.056005,0.082328,,11197400,,
2,6,,0.047399,0.039914,0.282086,0.016693,0.117844,0.018098,0.292509,0.031499,0.142864,0.011094,,11304300,,
2,2,,0.04958,0.046979,0.28842,0.013979,0.11888,0.01664,0.271462,0.032121,0.150326,0.011613,,12305100,,
2,7,,0.004874,0.126758,0.083158,0.114231,0.03053,0.12198,0.01329,0.338135,0.064155,0.102889,,12384900,,
2,2,,0.004661,0.148887,0.36945,0.102154,0.050166,0.086981,0.022572,0.087964,0.045356,0.081809,,11392600,,
2,2,,0.004623,0.147278,0.37052,0.104413,0.028481,0.087531,0.04206,0.084744,0.048543,0.081809,,11584500,,
2,6,,0.047399,0.039914,0.158346,0.015229,0.157844,0.018098,0.325842,0.084832,0.1414,0.011094,,11427600,,
2,6,,0.046414,0.055648,0.171052,0.043299,0.120565,0.040575,0.26352,0.051757,0.183301,0.023869,,11751900,,
2,7,,0.003638,0.162116,0.187843,0.106541,0.02762,0.092097,0.013071,0.279629,0.040921,0.086524,,12594600,,
2,2,,0.003638,0.162116,0.367843,0.106541,0.02762,0.092097,0.013071,0.099629,0.040921,0.086524,,12749900,,
2,7,,0.004874,0.127654,0.1348,0.118709,0.074112,0.13989,0.01329,0.203508,0.072214,0.110949,,12505000,,
2,8,,0.047399,0.039914,0.105013,0.015229,0.117844,0.018098,0.292509,0.051499,0.3014,0.011094,,12409900,,
2,2,,0.003638,0.163012,0.279485,0.111019,0.031202,0.110007,0.013071,0.145002,0.048981,0.094584,,11295200,,
2,1,,0.003638,0.193991,0.189718,0.110291,0.033245,0.092097,0.013071,0.169004,0.042796,0.152149,,11510300,,
3,9,,0.007775,0.087368,0.074176,0.264955,0.037153,0.110312,0.014693,0.091785,0.046297,0.265487,,11418700,,
3,3,,0.007775,0.087368,0.074176,0.444955,0.028581,0.110312,0.014693,0.091785,0.046297,0.094058,,11650000,,
3,3,,0.007775,0.087368,0.074176,0.444955,0.028581,0.110312,0.014693,0.091785,0.046297,0.094058,,11324000,,
3,3,,0.007775,0.087368,0.074176,0.444955,0.028581,0.110312,0.014693,0.091785,0.046297,0.094058,,12350500,,
3,3,,0.007775,0.087368,0.074176,0.444955,0.028581,0.110312,0.014693,0.091785,0.046297,0.094058,,11359300,,
3,3,,0.007775,0.087368,0.074176,0.444955,0.028581,0.110312,0.014693,0.091785,0.046297,0.094058,,11347700,,
3,3,,0.007775,0.087368,0.074176,0.444955,0.028581,0.110312,0.014693,0.091785,0.046297,0.094058,,11227500,,
3,3,,0.003638,0.143182,0.067792,0.25287,0.031853,0.171667,0.013314,0.092298,0.041293,0.182093,,11437100,,
3,9,,0.01387,0.146031,0.095509,0.093207,0.059672,0.203527,0.013152,0.091288,0.043597,0.240147,,15452900,,
3,3,,0.003638,0.143182,0.067792,0.25287,0.031853,0.171667,0.013314,0.092298,0.041293,0.182093,,12095100,,
3,3,,0.007775,0.087368,0.074176,0.444955,0.028581,0.110312,0.014693,0.091785,0.046297,0.094058,,11215900,,
3,9,,0.003638,0.140515,0.066823,0.119317,0.03259,0.117609,0.013071,0.093215,0.044581,0.368642,,11190500,,
3,3,,0.014855,0.073286,0.086658,0.214605,0.057482,0.202827,0.061834,0.077266,0.04894,0.162247,,11316400,,
3,3,,0.007775,0.087368,0.074176,0.444955,0.028581,0.110312,0.014693,0.091785,0.046297,0.094058,,11519700,,
3,3,,0.007775,0.087368,0.074176,0.444955,0.028581,0.110312,0.014693,0.091785,0.046297,0.094058,,11236800,,
3,3,,0.003638,0.143182,0.067792,0.25287,0.031853,0.151667,0.013314,0.092298,0.041293,0.202093,,12497500,,
3,3,,0.007775,0.087368,0.074176,0.444955,0.028581,0.110312,0.014693,0.091785,0.046297,0.094058,,12470000,,
3,3,,0.007775,0.087368,0.074176,0.444955,0.028581,0.110312,0.014693,0.091785,0.046297,0.094058,,12036300,,
3,3,,0.007775,0.087368,0.074176,0.444955,0.028581,0.110312,0.014693,0.091785,0.046297,0.094058,,11632500,,
3,3,,0.007775,0.087368,0.074176,0.444955,0.028581,0.110312,0.014693,0.091785,0.046297,0.094058,,12311500,,
3,3,,0.007775,0.087368,0.074176,0.444955,0.028581,0.110312,0.014693,0.091785,0.046297,0.094058,,12087600,,
3,2,,0.003638,0.242116,0.287843,0.106541,0.02762,0.092097,0.013071,0.099629,0.040921,0.086524,,16128600,,
3,3,,0.007775,0.087368,0.074176,0.444955,0.028581,0.110312,0.014693,0.091785,0.046297,0.094058,,12632500,,
3,3,,0.008761,0.082572,0.095893,0.341757,0.02986,0.168082,0.04344,0.088882,0.053794,0.086961,,11637000,,
3,3,,0.007775,0.087368,0.074176,0.444955,0.028581,0.110312,0.014693,0.091785,0.046297,0.094058,,11745500,,
3,3,,0.007775,0.087368,0.074176,0.444955,0.028581,0.110312,0.014693,0.091785,0.046297,0.094058,,13737700,,
3,3,,0.007775,0.087368,0.074176,0.444955,0.028581,0.110312,0.014693,0.091785,0.046297,0.094058,,14802800,,
3,4,,0.278652,0.060719,0.046543,0.048331,0.295362,0.057388,0.003537,0.0946,0.04278,0.072088,,13853600,,
3,3,,0.007775,0.087368,0.074176,0.264955,0.080581,0.202312,0.014693,0.127785,0.046297,0.094058,,13368400,,
3,3,,0.004244,0.117939,0.08139,0.290512,0.02927,0.106862,0.01329,0.214015,0.050926,0.091551,,12952400,,
3,3,,0.007775,0.087368,0.074176,0.444955,0.028581,0.110312,0.014693,0.091785,0.046297,0.094058,,11837300,,
3,3,,0.01387,0.078082,0.064941,0.297804,0.056203,0.185056,0.013087,0.080169,0.041443,0.169345,,11307800,,
4,4,,0.003857,0.179922,0.072996,0.102297,0.214437,0.119151,0.015043,0.159472,0.045059,0.087767,,11560300,,
4,4,,0.040079,0.066576,0.07458,0.012955,0.365553,0.018037,0.167694,0.102473,0.13212,0.019933,,11720300,,
4,4,,0.038072,0.068394,0.07851,0.01341,0.44705,0.018946,0.1701,0.045494,0.101323,0.018702,,11632800,,
4,5,,0.01387,0.076031,0.065509,0.093207,0.194672,0.248527,0.013152,0.081288,0.043597,0.170147,,11534700,,
4,9,,0.01387,0.075415,0.063971,0.09314,0.21694,0.180998,0.012845,0.081086,0.044731,0.217004,,11972300,,
4,4,,0.037049,0.194787,0.076903,0.018556,0.306782,0.024062,0.160599,0.060956,0.096887,0.023417,,12156200,,
4,0,,0.308312,0.022303,0.08362,0.001989,0.160898,0.005776,0.129003,0.092511,0.056133,0.139454,,11853800,,
4,0,,0.603089,0.017191,0.043283,0.000783,0.164226,0.003027,0.031357,0.007953,0.095086,0.034005,,11602300,,
4,4,,0.038072,0.068394,0.07851,0.01341,0.44705,0.018946,0.1701,0.045494,0.101323,0.018702,,12156200,,
4,4,,0.287648,0.022085,0.03244,0.028297,0.321453,0.118802,0.003091,0.028616,0.021406,0.136161,,15191400,,
4,5,,0.01387,0.076031,0.065509,0.093207,0.214672,0.228527,0.013152,0.081288,0.043597,0.170147,,12689200,,
4,4,,0.038072,0.168394,0.07851,0.01341,0.26705,0.018946,0.1701,0.045494,0.181323,0.018702,,13915500,,
4,4,,0.058072,0.068394,0.07851,0.01341,0.42705,0.018946,0.1701,0.045494,0.101323,0.018702,,13133800,,
4,1,,0.037049,0.25158,0.072789,0.041404,0.244085,0.025725,0.160842,0.045177,0.095549,0.025799,,12494600,,
4,0,,0.379587,0.022382,0.032015,0.027863,0.23088,0.118367,0.002656,0.026008,0.021851,0.138393,,12411500,,
4,4,,0.041183,0.071427,0.100934,0.022734,0.306689,0.041969,0.208391,0.059289,0.119599,0.027785,,11668700,,
4,4,,0.038072,0.068394,0.07851,0.01341,0.44705,0.018946,0.1701,0.045494,0.101323,0.018702,,12327900,,
4,4,,0.043303,0.052615,0.088628,0.013974,0.380926,0.017552,0.225229,0.037962,0.125024,0.014786,,12329100,,
4,4,,0.038072,0.068394,0.07851,0.01341,0.44705,0.018946,0.1701,0.045494,0.101323,0.018702,,11939400,,
4,4,,0.101433,0.032187,0.05482,0.013656,0.386546,0.003993,0.127219,0.089178,0.050783,0.140187,,12498000,,
4,4,,0.01387,0.075415,0.063971,0.09314,0.23694,0.180998,0.012845,0.081086,0.044731,0.197004,,11755800,,
4,4,,0.037049,0.082518,0.088545,0.022274,0.288086,0.041972,0.160599,0.122532,0.104947,0.051477,,11449700,,
4,4,,0.037049,0.069529,0.073358,0.016807,0.402554,0.049196,0.160907,0.066296,0.097703,0.026601,,11252100,,
4,4,,0.038072,0.068394,0.09351,0.04091,0.26705,0.133946,0.1851,0.052994,0.101323,0.018702,,11346600,,
4,4,,0.038072,0.068394,0.07851,0.01341,0.44705,0.018946,0.1701,0.045494,0.101323,0.018702,,11773700,,
4,4,,0.038072,0.068394,0.07851,0.01341,0.44705,0.018946,0.1701,0.045494,0.101323,0.018702,,11840400,,
4,2,,0.003638,0.240116,0.262843,0.106541,0.03962,0.095097,0.013071,0.111629,0.040921,0.086524,,12588400,,
4,4,,0.037049,0.082518,0.088545,0.022274,0.368086,0.041972,0.160599,0.062532,0.104947,0.031477,,15766300,,
4,9,,0.01387,0.075415,0.063971,0.09314,0.13694,0.180998,0.012845,0.081086,0.044731,0.297004,,13781000,,
4,4,,0.040215,0.073849,0.085913,0.012955,0.3664,0.018037,0.168542,0.102896,0.111972,0.019221,,11800200,,
4,4,,0.308312,0.022303,0.050287,0.001989,0.380898,0.005776,0.129003,0.019178,0.056133,0.026121,,12134500,,
4,4,,0.038072,0.068394,0.07851,0.01341,0.44705,0.018946,0.1701,0.045494,0.101323,0.018702,,11947900,,
4,4,,0.038072,0.068394,0.07851,0.01341,0.44705,0.018946,0.1701,0.045494,0.101323,0.018702,,11435600,,
5,5,,0.01387,0.076031,0.065509,0.093207,0.060517,0.380992,0.013998,0.081288,0.044442,0.170147,,11357700,,
5,3,,0.007775,0.087368,0.074176,0.264955,0.055248,0.248312,0.028026,0.091785,0.046297,0.096058,,12734300,,
5,5,,0.01387,0.076031,0.065509,0.093207,0.060517,0.380992,0.013998,0.081288,0.044442,0.170147,,11887100,,
5,5,,0.005859,0.111919,0.088761,0.110639,0.031391,0.253413,0.054279,0.14325,0.102313,0.098174,,11596000,,
5,5,,0.01387,0.076031,0.065509,0.093207,0.060517,0.380992,0.013998,0.081288,0.044442,0.170147,,11423400,,
5,5,,0.01387,0.076031,0.065509,0.093207,0.060517,0.380992,0.013998,0.081288,0.044442,0.170147,,11677700,,
5,5,,0.01387,0.076031,0.065509,0.093207,0.060517,0.380992,0.013998,0.081288,0.044442,0.170147,,11333800,,
5,2,,0.01387,0.088124,0.209055,0.094197,0.056621,0.183393,0.012845,0.132151,0.042781,0.166963,,12386600,,
5,5,,0.01387,0.08902,0.080696,0.098675,0.060203,0.321304,0.012845,0.097524,0.05084,0.175022,,11575300,,
5,5,,0.01387,0.076031,0.065509,0.093207,0.060517,0.380992,0.013998,0.081288,0.044442,0.170147,,11571200,,
5,5,,0.004874,0.127654,0.0948,0.118709,0.034112,0.25989,0.01329,0.163508,0.072214,0.110949,,11178700,,
5,5,,0.01387,0.076031,0.065509,0.093207,0.060517,0.380992,0.013998,0.081288,0.044442,0.170147,,11507400,,
5,5,,0.01387,0.076031,0.065509,0.093207,0.060517,0.380992,0.013998,0.081288,0.044442,0.170147,,11436100,,
5,5,,0.014855,0.073286,0.086658,0.174605,0.057482,0.202827,0.101834,0.077266,0.04894,0.162247,,11721200,,
5,5,,0.004874,0.127654,0.0948,0.118709,0.034112,0.25989,0.01329,0.163508,0.072214,0.110949,,11456900,,
5,5,,0.01387,0.076031,0.065509,0.093207,0.060517,0.380992,0.013998,0.081288,0.044442,0.170147,,11795300,,
5,5,,0.01387,0.076031,0.065509,0.093207,0.060517,0.380992,0.013998,0.081288,0.044442,0.170147,,11504000,,
5,5,,0.01387,0.08902,0.080696,0.098675,0.060203,0.321304,0.012845,0.097524,0.05084,0.175022,,11642400,,
5,5,,0.01387,0.076031,0.065509,0.093207,0.060517,0.380992,0.013998,0.081288,0.044442,0.170147,,11764900,,
5,5,,0.01387,0.08902,0.080696,0.098675,0.060203,0.321304,0.012845,0.097524,0.05084,0.175022,,11232300,,
5,5,,0.01387,0.076031,0.085509,0.153207,0.059953,0.222682,0.013434,0.081288,0.083878,0.210147,,12731800,,
5,5,,0.01387,0.076031,0.065509,0.093207,0.060517,0.380992,0.013998,0.081288,0.044442,0.170147,,11897900,,
5,5,,0.004874,0.127654,0.0948,0.118709,0.034112,0.25989,0.01329,0.163508,0.072214,0.110949,,11304100,,
5,5,,0.01387,0.076031,0.065509,0.093207,0.060517,0.380992,0.013998,0.081288,0.044442,0.170147,,11522400,,
5,5,,0.01387,0.076031,0.065509,0.093207,0.060517,0.380992,0.013998,0.081288,0.044442,0.170147,,12305200,,
5,2,,0.014855,0.073286,0.191731,0.132069,0.057482,0.178827,0.041834,0.077266,0.070403,0.162247,,12802600,,
5,5,,0.01387,0.076031,0.065509,0.093207,0.060517,0.380992,0.013998,0.081288,0.044442,0.170147,,12100400,,
5,2,,0.01387,0.086031,0.215509,0.093207,0.059672,0.203527,0.013152,0.091288,0.043597,0.180147,,14718500,,
5,5,,0.01387,0.076031,0.065509,0.093207,0.060517,0.380992,0.013998,0.081288,0.044442,0.170147,,15391500,,
5,5,,0.01387,0.076031,0.065509,0.093207,0.060517,0.380992,0.013998,0.081288,0.044442,0.170147,,11633300,,
5,5,,0.01387,0.076031,0.065509,0.093207,0.060517,0.380992,0.013998,0.081288,0.044442,0.170147,,11561900,,
5,5,,0.01387,0.076031,0.065509,0.093207,0.060517,0.380992,0.013998,0.081288,0.044442,0.170147,,11538700,,
6,6,,0.047399,0.039914,0.105013,0.015229,0.117844,0.018098,0.472509,0.031499,0.1414,0.011094,,12039500,,
6,6,,0.047399,0.039914,0.105013,0.015229,0.117844,0.018098,0.472509,0.031499,0.1414,0.011094,,12117800,,
6,6,,0.047399,0.039914,0.105013,0.015229,0.117844,0.018098,0.472509,0.031499,0.1414,0.011094,,11532600,,
6,6,,0.047399,0.039914,0.105013,0.015229,0.117844,0.018098,0.472509,0.031499,0.1414,0.011094,,11816300,,
6,6,,0.047399,0.039914,0.105013,0.015229,0.117844,0.018098,0.472509,0.031499,0.1414,0.011094,,12935600,,
6,6,,0.047399,0.039914,0.105013,0.015229,0.117844,0.018098,0.472509,0.031499,0.1414,0.011094,,12617500,,
6,6,,0.047399,0.039914,0.105013,0.015229,0.117844,0.018098,0.472509,0.031499,0.1414,0.011094,,11797700,,
6,6,,0.147399,0.039914,0.105013,0.015229,0.157844,0.058098,0.292509,0.031499,0.1414,0.011094,,11418300,,
6,6,,0.038072,0.068394,0.07851,0.01341,0.26705,0.018946,0.3501,0.045494,0.101323,0.018702,,12390600,,
6,6,,0.047399,0.039914,0.105013,0.015229,0.117844,0.038098,0.452509,0.031499,0.1414,0.011094,,13791300,,
6,6,,0.047399,0.039914,0.105013,0.015229,0.117844,0.018098,0.472509,0.031499,0.1414,0.011094,,11549800,,
6,6,,0.047399,0.039914,0.105013,0.015229,0.117844,0.018098,0.472509,0.031499,0.1414,0.011094,,11675200,,
6,6,,0.043303,0.052615,0.088628,0.013974,0.200926,0.017552,0.405229,0.037962,0.125024,0.014786,,11384800,,
6,6,,0.047399,0.039914,0.105013,0.015229,0.117844,0.018098,0.472509,0.031499,0.1414,0.011094,,11854400,,
6,6,,0.047399,0.039914,0.105013,0.015229,0.117844,0.018098,0.472509,0.031499,0.1414,0.011094,,12115600,,
6,5,,0.008761,0.082572,0.083893,0.237757,0.02986,0.240082,0.07544,0.088882,0.065794,0.086961,,11686300,,
6,6,,0.047399,0.039914,0.105013,0.015229,0.117844,0.018098,0.472509,0.031499,0.1414,0.011094,,11745400,,
6,6,,0.047399,0.039914,0.105013,0.015229,0.117844,0.018098,0.472509,0.031499,0.1414,0.011094,,11498300,,
6,6,,0.047399,0.039914,0.105013,0.015229,0.117844,0.018098,0.472509,0.031499,0.1414,0.011094,,11716100,,
6,1,,0.004842,0.177177,0.082144,0.099695,0.032247,0.15045,0.075725,0.15545,0.142401,0.079868,,11556500,,
6,6,,0.047399,0.039914,0.105013,0.015229,0.117844,0.018098,0.472509,0.031499,0.1414,0.011094,,11525300,,
6,6,,0.047399,0.039914,0.105013,0.015229,0.117844,0.018098,0.472509,0.031499,0.1414,0.011094,,11549500,,
6,6,,0.047399,0.039914,0.105013,0.015229,0.117844,0.018098,0.472509,0.031499,0.1414,0.011094,,11852600,,
6,6,,0.047399,0.039914,0.105013,0.015229,0.117844,0.018098,0.472509,0.031499,0.1414,0.011094,,11603700,,
6,6,,0.042169,0.055693,0.094895,0.014665,0.183967,0.019492,0.41738,0.039031,0.117699,0.01501,,11501000,,
6,6,,0.047399,0.039914,0.105013,0.015229,0.117844,0.018098,0.472509,0.031499,0.1414,0.011094,,11536700,,
6,6,,0.047399,0.039914,0.105013,0.015229,0.117844,0.018098,0.472509,0.031499,0.1414,0.011094,,11554500,,
6,6,,0.047399,0.039914,0.105013,0.015229,0.117844,0.018098,0.472509,0.031499,0.1414,0.011094,,11238200,,
6,6,,0.047399,0.039914,0.105013,0.015229,0.117844,0.018098,0.472509,0.031499,0.1414,0.011094,,11525800,,
6,4,,0.038072,0.068394,0.07851,0.01341,0.358478,0.018946,0.258671,0.045494,0.101323,0.018702,,11569400,,
6,6,,0.047399,0.039914,0.105013,0.015229,0.117844,0.018098,0.472509,0.031499,0.1414,0.011094,,11498100,,
6,6,,0.047399,0.039914,0.105013,0.015229,0.117844,0.018098,0.472509,0.031499,0.1414,0.011094,,11701000,,
6,6,,0.047399,0.039914,0.105013,0.015229,0.117844,0.018098,0.472509,0.031499,0.1414,0.011094,,12724400,,
7,7,,0.003857,0.210016,0.091541,0.103287,0.063387,0.102017,0.014736,0.282335,0.044243,0.084583,,11594200,,
7,7,,0.003857,0.140251,0.080033,0.105867,0.029505,0.098076,0.013794,0.39958,0.043301,0.085737,,11488700,,
7,4,,0.040215,0.073849,0.085913,0.012955,0.2864,0.018037,0.168542,0.182896,0.111972,0.019221,,11434700,,
7,7,,0.004874,0.126758,0.083158,0.114231,0.03053,0.12198,0.01329,0.338135,0.064155,0.102889,,11831500,,
7,7,,0.003857,0.192016,0.076541,0.103287,0.031387,0.099017,0.014736,0.350335,0.044243,0.084583,,11452000,,
7,7,,0.071143,0.061783,0.049308,0.056279,0.079749,0.040486,0.001753,0.440481,0.024202,0.174815,,11577800,,
7,7,,0.003857,0.140251,0.080033,0.105867,0.029505,0.098076,0.013794,0.39958,0.043301,0.085737,,11684400,,
7,4,,0.04958,0.046979,0.10842,0.013979,0.27888,0.01664,0.271462,0.052121,0.150326,0.011613,,11966900,,
7,7,,0.003857,0.192016,0.076541,0.103287,0.031387,0.099017,0.014736,0.350335,0.044243,0.084583,,11579400,,
7,7,,0.004874,0.126758,0.083158,0.114231,0.03053,0.12198,0.01329,0.338135,0.064155,0.102889,,13784600,,
7,7,,0.004244,0.117939,0.082544,0.110512,0.02927,0.106862,0.01329,0.391707,0.050926,0.092705,,12223000,,
7,7,,0.004244,0.117939,0.08139,0.110512,0.02927,0.106862,0.01329,0.394015,0.050926,0.091551,,13977200,,
7,7,,0.003857,0.140251,0.080033,0.105867,0.029505,0.098076,0.013794,0.39958,0.043301,0.085737,,13392400,,
7,7,,0.004874,0.126758,0.084312,0.114231,0.03053,0.12198,0.01329,0.335827,0.064155,0.104043,,11950500,,
7,4,,0.038072,0.068394,0.07851,0.01341,0.26705,0.018946,0.1701,0.225494,0.101323,0.018702,,11807200,,
7,7,,0.004244,0.117939,0.082544,0.110512,0.02927,0.106862,0.01329,0.371707,0.050926,0.112705,,11631800,,
7,7,,0.004874,0.126758,0.083158,0.114231,0.03053,0.12198,0.01329,0.338135,0.064155,0.102889,,11470700,,
7,7,,0.003857,0.192016,0.076541,0.103287,0.031387,0.099017,0.014736,0.350335,0.044243,0.084583,,11652700,,
7,7,,0.041183,0.070532,0.090446,0.018257,0.183107,0.024058,0.208391,0.231608,0.11154,0.020879,,11597200,,
7,1,,0.003638,0.253991,0.189718,0.110291,0.033245,0.092097,0.013071,0.169004,0.042796,0.092149,,11412700,,
7,7,,0.003857,0.210016,0.091541,0.103287,0.123387,0.102017,0.014736,0.222335,0.044243,0.084583,,12769100,,
7,7,,0.003857,0.192016,0.076541,0.103287,0.031387,0.179017,0.014736,0.270335,0.044243,0.084583,,12223200,,
7,7,,0.004874,0.126758,0.083158,0.114231,0.03053,0.12198,0.01329,0.338135,0.064155,0.102889,,12104100,,
7,7,,0.004874,0.126758,0.083158,0.114231,0.03053,0.12198,0.01329,0.338135,0.064155,0.102889,,11704000,,
7,7,,0.003857,0.158251,0.093879,0.105867,0.041505,0.101076,0.013794,0.353887,0.043301,0.084583,,11629000,,
7,7,,0.003857,0.26518,0.076541,0.104046,0.033665,0.099017,0.014736,0.274133,0.044243,0.084583,,11882000,,
7,7,,0.004874,0.126758,0.083158,0.114231,0.03053,0.12198,0.01329,0.338135,0.064155,0.102889,,11644800,,
7,7,,0.278022,0.0519,0.078109,0.044613,0.074102,0.04227,0.003537,0.283814,0.029552,0.114083,,11320300,,
7,4,,0.038072,0.068394,0.09351,0.06091,0.26705,0.053946,0.2451,0.052994,0.101323,0.018702,,11462900,,
7,7,,0.00488,0.178787,0.078148,0.098899,0.053933,0.093901,0.024236,0.29867,0.088678,0.079868,,11427900,,
7,7,,0.004874,0.126758,0.084312,0.114231,0.03053,0.12198,0.01329,0.335827,0.064155,0.104043,,11673200,,
7,3,,0.004874,0.158633,0.085033,0.237981,0.036155,0.12198,0.01329,0.16751,0.06603,0.108514,,11494200,,
8,8,,0.049444,0.039706,0.097087,0.013979,0.118033,0.01664,0.270615,0.031698,0.350474,0.012324,,11429700,,
8,8,,0.192283,0.034297,0.090508,0.013208,0.051934,0.014325,0.173404,0.023081,0.388983,0.017977,,11807800,,
8,7,,0.003857,0.127542,0.073795,0.10481,0.029823,0.09568,0.013794,0.290822,0.125251,0.134625,,12846000,,
8,8,,0.192283,0.034297,0.090508,0.013208,0.051934,0.014325,0.173404,0.023081,0.388983,0.017977,,12479900,,
8,8,,0.192419,0.04157,0.101841,0.013208,0.052781,0.014325,0.174251,0.023505,0.368835,0.017265,,11444000,,
8,8,,0.182918,0.061167,0.068001,0.012183,0.179455,0.015722,0.070484,0.033856,0.350628,0.025585,,11476700,,
8,8,,0.043303,0.052615,0.088628,0.013974,0.200926,0.017552,0.225229,0.037962,0.305024,0.014786,,11528200,,
8,7,,0.12804,0.118984,0.092168,0.109389,0.032427,0.115955,0.021232,0.163873,0.119239,0.098694,,12419300,,
8,6,,0.107399,0.039914,0.105013,0.015229,0.217844,0.038098,0.292509,0.031499,0.1414,0.011094,,12396600,,
8,4,,0.101433,0.032187,0.05482,0.013656,0.386546,0.003993,0.127219,0.089178,0.050783,0.140187,,13331100,,
8,8,,0.192283,0.034297,0.090508,0.013208,0.051934,0.014325,0.173404,0.023081,0.388983,0.017977,,11785300,,
8,8,,0.192283,0.034297,0.090508,0.013208,0.051934,0.014325,0.173404,0.023081,0.388983,0.017977,,11882000,,
8,8,,0.049444,0.039706,0.097087,0.013979,0.118033,0.01664,0.270615,0.031698,0.350474,0.012324,,12066400,,
8,2,,0.188285,0.052661,0.269452,0.012748,0.114178,0.014329,0.12646,0.026748,0.174182,0.020958,,13602900,,
8,8,,0.004874,0.127654,0.0948,0.118709,0.034112,0.13989,0.01329,0.163508,0.192214,0.110949,,15319300,,
8,8,,0.182918,0.061167,0.068001,0.012183,0.179455,0.015722,0.070484,0.033856,0.350628,0.025585,,13617200,,
8,2,,0.010942,0.089636,0.267299,0.236507,0.030896,0.102624,0.022393,0.089504,0.062719,0.08748,,13759500,,
8,8,,0.192283,0.034297,0.090508,0.013208,0.051934,0.014325,0.173404,0.023081,0.388983,0.017977,,14530300,,
8,6,,0.047399,0.039914,0.105013,0.091229,0.117844,0.018098,0.292509,0.031499,0.2454,0.011094,,11527600,,
8,8,,0.046414,0.042659,0.095865,0.017831,0.160034,0.042798,0.263828,0.035521,0.276058,0.018993,,12401800,,
8,2,,0.041183,0.058438,0.215747,0.037267,0.186157,0.044192,0.208698,0.043053,0.112356,0.052909,,11615400,,
8,3,,0.008761,0.082572,0.123893,0.237757,0.12986,0.104082,0.06344,0.108882,0.053794,0.086961,,11552000,,
8,6,,0.047399,0.039914,0.282086,0.016693,0.117844,0.018098,0.292509,0.031499,0.142864,0.011094,,11894000,,
8,8,,0.049444,0.039706,0.097087,0.013979,0.118033,0.01664,0.270615,0.031698,0.350474,0.012324,,11493100,,
8,8,,0.192283,0.034297,0.090508,0.013208,0.051934,0.014325,0.173404,0.023081,0.388983,0.017977,,11592000,,
8,8,,0.192283,0.034297,0.090508,0.013208,0.051934,0.014325,0.173404,0.023081,0.388983,0.017977,,11399200,,
8,8,,0.00804,0.118984,0.092168,0.109389,0.032427,0.115955,0.021232,0.143873,0.259239,0.098694,,11469200,,
8,6,,0.046414,0.044711,0.130296,0.132428,0.116565,0.079328,0.263762,0.034402,0.133904,0.018191,,11090100,,
8,8,,0.192283,0.034297,0.090508,0.013208,0.051934,0.014325,0.173404,0.023081,0.388983,0.017977,,11496500,,
8,8,,0.192419,0.04157,0.101841,0.013208,0.052781,0.014325,0.174251,0.023505,0.368835,0.017265,,11872500,,
8,9,,0.047904,0.111711,0.080835,0.109389,0.03158,0.115955,0.080385,0.143449,0.099387,0.179405,,11654700,,
9,9,,0.01387,0.075415,0.063971,0.094251,0.05694,0.180998,0.012845,0.081086,0.044731,0.375893,,11275400,,
9,9,,0.01387,0.076031,0.068176,0.093207,0.059672,0.203527,0.013152,0.085288,0.04493,0.342147,,11474900,,
9,9,,0.01387,0.075415,0.063971,0.094251,0.05694,0.180998,0.012845,0.081086,0.044731,0.375893,,11771300,,
9,9,,0.01387,0.076031,0.066843,0.093207,0.079672,0.203527,0.013152,0.202621,0.043597,0.20748,,11936700,,
9,2,,0.003638,0.193991,0.209718,0.110291,0.033245,0.092097,0.013071,0.129004,0.042796,0.172149,,11356300,,
9,7,,0.004874,0.147654,0.0948,0.118709,0.034112,0.13989,0.01329,0.243508,0.092214,0.110949,,11307400,,
9,9,,0.01387,0.08902,0.080696,0.098675,0.060203,0.201304,0.012845,0.097524,0.05084,0.295022,,11477800,,
9,9,,0.30292,0.025715,0.033681,0.027863,0.092546,0.118367,0.002656,0.026008,0.021851,0.348393,,11342200,,
9,9,,0.086028,0.139489,0.045701,0.048619,0.072959,0.032207,0.002764,0.174192,0.017962,0.380079,,12087800,,
9,9,,0.01387,0.126031,0.066843,0.093207,0.069672,0.203527,0.013152,0.083955,0.04493,0.284813,,11345900,,
9,9,,0.30292,0.025715,0.033681,0.027863,0.092546,0.118367,0.002656,0.026008,0.021851,0.348393,,11270300,,
9,9,,0.01387,0.076031,0.068176,0.093207,0.059672,0.203527,0.013152,0.085288,0.04493,0.342147,,11330900,,
9,5,,0.01387,0.186031,0.065509,0.093207,0.109672,0.203527,0.013152,0.101288,0.043597,0.170147,,11220800,,
9,9,,0.01387,0.076031,0.065509,0.123207,0.059672,0.203527,0.013152,0.081288,0.043597,0.320147,,11768900,,
9,0,,0.30292,0.025715,0.153681,0.027863,0.092546,0.118367,0.002656,0.026008,0.021851,0.228393,,15633100,,
9,9,,0.01387,0.076031,0.068176,0.093207,0.059672,0.203527,0.013152,0.085288,0.04493,0.342147,,16061300,,
9,9,,0.01387,0.075415,0.063971,0.094251,0.05694,0.180998,0.012845,0.081086,0.044731,0.375893,,13000700,,
9,9,,0.01387,0.146031,0.066843,0.093207,0.069672,0.203527,0.013152,0.122621,0.043597,0.22748,,13615800,,
9,9,,0.01387,0.075415,0.063971,0.094251,0.05694,0.180998,0.012845,0.081086,0.044731,0.375893,,11204300,,
9,9,,0.080769,0.031968,0.090306,0.039964,0.1071,0.117018,0.001308,0.11195,0.016056,0.40356,,11036400,,
9,9,,0.01387,0.075415,0.063971,0.09314,0.05694,0.180998,0.012845,0.081086,0.064731,0.357004,,11275700,,
9,9,,0.01387,0.075415,0.063971,0.09314,0.05694,0.180998,0.012845,0.081086,0.144731,0.277004,,11340800,,
9,9,,0.01387,0.076031,0.068176,0.093207,0.059672,0.203527,0.013152,0.085288,0.04493,0.342147,,11755500,,
9,9,,0.01387,0.078082,0.064941,0.117804,0.056203,0.185056,0.013087,0.080169,0.041443,0.349345,,11879100,,
9,3,,0.004623,0.138386,0.077509,0.191672,0.033132,0.115437,0.04206,0.089395,0.15279,0.154996,,11546200,,
9,9,,0.30292,0.025715,0.033681,0.027863,0.092546,0.118367,0.002656,0.026008,0.021851,0.348393,,13059300,,
9,9,,0.01387,0.075415,0.063971,0.09314,0.05694,0.270998,0.012845,0.081086,0.044731,0.287004,,12780100,,
9,9,,0.01387,0.075415,0.063971,0.094251,0.05694,0.180998,0.012845,0.081086,0.044731,0.375893,,11483400,,
9,9,,0.01387,0.075415,0.063971,0.094251,0.05694,0.180998,0.012845,0.081086,0.044731,0.375893,,11607000,,
9,9,,0.096041,0.035598,0.038214,0.039529,0.098194,0.116583,0.000873,0.096008,0.016501,0.462459,,11436300,,
9,2,,0.003638,0.193991,0.209718,0.110291,0.033245,0.092097,0.013071,0.129004,0.042796,0.172149,,11574300,,
9,9,,0.01387,0.075415,0.063971,0.174251,0.05694,0.180998,0.012845,0.081086,0.044731,0.295893,,11713800,,