connect-4,CWE,test,2,NANOSECONDS,PREDICTIONS, Generated by ClassifierExperiments.java on 2022-05-16 23:20:48.    SYSTEMPROPERTIES:{user.name:matth,os.arch:amd64,os.name:Windows 10},ENDSYSTEMPROPERTIES
No parameter info
0.7014505624629959,22024954200,381112194000,-1,671298080,3,,-1,-1
0,2,,0.085332,0.170421,0.744247,,27493600,,
0,2,,0.105566,0.395053,0.499382,,25149900,,
0,2,,0.169073,0.305434,0.525493,,25764300,,
0,2,,0.085639,0.295916,0.618445,,25666900,,
0,2,,0.10124,0.300852,0.597908,,25768300,,
0,2,,0.114955,0.297613,0.587432,,25252600,,
0,2,,0.124865,0.170447,0.704688,,26640300,,
0,2,,0.085902,0.297111,0.616986,,25875200,,
0,2,,0.120369,0.189909,0.689722,,25463100,,
0,2,,0.109237,0.370413,0.52035,,25609200,,
0,2,,0.111876,0.316552,0.571572,,26240400,,
0,2,,0.076578,0.330922,0.5925,,26176300,,
0,2,,0.129144,0.242913,0.627943,,25672300,,
0,2,,0.076194,0.248699,0.675107,,25598200,,
0,2,,0.147189,0.266095,0.586716,,25374200,,
0,2,,0.119956,0.194424,0.68562,,26236400,,
0,2,,0.172791,0.245179,0.58203,,26389800,,
0,2,,0.062007,0.337752,0.600242,,25979600,,
0,2,,0.13144,0.353922,0.514637,,25123600,,
0,2,,0.112253,0.216894,0.670853,,26053100,,
0,1,,0.221818,0.393159,0.385023,,26188000,,
0,2,,0.109662,0.175672,0.714667,,26688900,,
0,2,,0.131969,0.202936,0.665095,,25681100,,
0,2,,0.060936,0.354511,0.584553,,26566900,,
0,2,,0.133656,0.193494,0.67285,,26383900,,
0,2,,0.152051,0.235103,0.612846,,25856500,,
0,2,,0.081981,0.34522,0.572799,,27064800,,
0,2,,0.164863,0.307019,0.528118,,25811300,,
0,2,,0.215747,0.313079,0.471174,,24996500,,
0,2,,0.14948,0.364097,0.486423,,26091700,,
0,2,,0.133663,0.216954,0.649383,,25722000,,
0,2,,0.11126,0.305315,0.583425,,25951600,,
0,2,,0.114072,0.220276,0.665652,,25525300,,
0,2,,0.211738,0.222636,0.565626,,26427600,,
0,2,,0.200295,0.255264,0.544441,,26461700,,
0,2,,0.126988,0.286632,0.58638,,26206600,,
0,2,,0.108347,0.3116,0.580053,,26001900,,
0,2,,0.158345,0.211049,0.630606,,27311000,,
0,2,,0.146491,0.246286,0.607222,,26204600,,
0,2,,0.18841,0.261992,0.549597,,26527700,,
0,2,,0.228495,0.247509,0.523996,,27012900,,
0,2,,0.104682,0.252931,0.642387,,27191000,,
0,2,,0.165435,0.313387,0.521178,,27039400,,
0,2,,0.165717,0.30273,0.531554,,26086500,,
0,2,,0.135299,0.169226,0.695475,,29559600,,
0,2,,0.105095,0.301273,0.593632,,26193600,,
0,2,,0.150203,0.271884,0.577914,,25469000,,
0,2,,0.134953,0.194895,0.670151,,26927000,,
0,2,,0.154672,0.222331,0.622997,,25877500,,
0,2,,0.120253,0.227573,0.652174,,26069300,,
0,2,,0.134647,0.261703,0.60365,,26182500,,
0,2,,0.096004,0.256815,0.647181,,25645700,,
0,2,,0.10979,0.31184,0.578369,,26748300,,
0,2,,0.139519,0.378044,0.482438,,26986200,,
0,2,,0.062727,0.2122,0.725073,,26376600,,
0,2,,0.100096,0.204057,0.695847,,25854100,,
0,2,,0.17588,0.226339,0.597782,,27197900,,
0,2,,0.231389,0.281285,0.487326,,27559800,,
0,2,,0.169131,0.249293,0.581576,,27387900,,
0,2,,0.116089,0.195839,0.688072,,26693700,,
0,2,,0.096492,0.246067,0.657441,,27338400,,
0,2,,0.125061,0.275567,0.599373,,29279100,,
0,2,,0.084481,0.32122,0.594299,,25103000,,
0,2,,0.236631,0.348437,0.414932,,25685200,,
0,2,,0.220897,0.293673,0.48543,,26093900,,
0,2,,0.149402,0.226437,0.624161,,26814000,,
0,2,,0.163859,0.182592,0.653549,,25741500,,
0,2,,0.111716,0.197884,0.6904,,25222500,,
0,2,,0.144673,0.338656,0.516672,,27063100,,
0,2,,0.107201,0.269451,0.623348,,25943900,,
0,2,,0.161316,0.24078,0.597904,,25555700,,
0,2,,0.13249,0.218612,0.648898,,25737500,,
0,2,,0.180859,0.34733,0.471811,,26017000,,
0,2,,0.148679,0.225,0.626321,,26726200,,
0,2,,0.098941,0.19577,0.705289,,26625200,,
0,2,,0.060108,0.313665,0.626227,,26377300,,
0,2,,0.07642,0.148237,0.775343,,25294600,,
0,2,,0.105738,0.180461,0.713801,,26294800,,
0,2,,0.124584,0.386387,0.489029,,26147600,,
0,2,,0.072179,0.405078,0.522743,,26315500,,
0,2,,0.102127,0.204079,0.693793,,26463400,,
0,2,,0.134689,0.202398,0.662913,,25424500,,
0,2,,0.137,0.356498,0.506502,,25605400,,
0,2,,0.150713,0.256017,0.593271,,26226700,,
0,2,,0.138656,0.261454,0.59989,,25660800,,
0,2,,0.143534,0.218125,0.638341,,25780100,,
0,2,,0.191061,0.230823,0.578116,,25792300,,
0,2,,0.152967,0.201557,0.645476,,25945900,,
0,2,,0.056563,0.338122,0.605315,,25837100,,
0,2,,0.068158,0.371813,0.560029,,25137700,,
0,2,,0.163009,0.320777,0.516214,,26281500,,
0,2,,0.123572,0.295891,0.580536,,26354200,,
0,2,,0.152361,0.385674,0.461964,,26038100,,
0,2,,0.157177,0.347318,0.495506,,25620300,,
0,2,,0.091166,0.262255,0.646578,,25388900,,
0,2,,0.092504,0.290013,0.617483,,27472600,,
0,2,,0.139384,0.294739,0.565876,,26592600,,
0,2,,0.117666,0.240905,0.64143,,26130700,,
0,2,,0.167072,0.381363,0.451565,,25518300,,
0,2,,0.102967,0.28335,0.613683,,25430200,,
0,2,,0.121763,0.246395,0.631842,,26281800,,
0,2,,0.224486,0.31444,0.461075,,27232800,,
0,2,,0.104567,0.287482,0.60795,,25269100,,
0,2,,0.121832,0.173795,0.704374,,25105800,,
0,2,,0.100448,0.249724,0.649828,,26040800,,
0,2,,0.158189,0.210302,0.631509,,25544200,,
0,2,,0.115802,0.218362,0.665836,,27303400,,
0,2,,0.142243,0.260653,0.597105,,26417100,,
0,2,,0.080384,0.252076,0.66754,,25009200,,
0,2,,0.072538,0.184098,0.743364,,25932000,,
0,2,,0.124927,0.300827,0.574246,,26213600,,
0,2,,0.124055,0.280508,0.595437,,26151200,,
0,2,,0.146191,0.208518,0.645292,,26962900,,
0,2,,0.099654,0.132361,0.767985,,25938700,,
0,2,,0.123595,0.301016,0.575389,,25453100,,
0,2,,0.109226,0.275491,0.615283,,26281700,,
0,2,,0.13199,0.281945,0.586064,,25929200,,
0,2,,0.173629,0.268279,0.558091,,26284800,,
0,2,,0.206204,0.27201,0.521786,,26936600,,
0,2,,0.105971,0.173936,0.720093,,26489200,,
0,2,,0.094442,0.216433,0.689125,,26703500,,
0,2,,0.126994,0.201937,0.671069,,26071300,,
0,2,,0.152795,0.34936,0.497845,,26473600,,
0,2,,0.171595,0.247675,0.580729,,26217200,,
0,2,,0.141736,0.270091,0.588173,,25825800,,
0,2,,0.173934,0.364764,0.461303,,25831200,,
0,2,,0.109503,0.271084,0.619413,,24607200,,
0,2,,0.136181,0.289277,0.574542,,26686800,,
0,2,,0.074331,0.239994,0.685675,,27065900,,
0,2,,0.074988,0.232009,0.693003,,25877000,,
0,2,,0.145966,0.325623,0.528411,,25800200,,
0,2,,0.131562,0.294762,0.573676,,25288600,,
0,2,,0.067733,0.146439,0.785827,,26681200,,
0,2,,0.106657,0.219448,0.673895,,26986600,,
0,2,,0.141186,0.195137,0.663678,,26906700,,
0,2,,0.104499,0.255372,0.640129,,25909900,,
0,2,,0.164389,0.323192,0.512419,,25045800,,
0,2,,0.103721,0.203113,0.693166,,26119600,,
0,2,,0.191782,0.287711,0.520507,,27873600,,
0,2,,0.150239,0.256309,0.593452,,28079600,,
0,2,,0.101083,0.177718,0.721199,,25658900,,
0,2,,0.127209,0.245351,0.62744,,25320700,,
0,2,,0.177113,0.218592,0.604295,,26015800,,
0,1,,0.175568,0.421545,0.402887,,26158400,,
0,2,,0.212202,0.308708,0.47909,,27001900,,
0,2,,0.213785,0.333842,0.452372,,24655500,,
0,2,,0.127725,0.259898,0.612377,,25987300,,
0,2,,0.156049,0.349778,0.494173,,26124100,,
0,2,,0.081413,0.167723,0.750864,,25189700,,
0,2,,0.079697,0.272689,0.647614,,26811900,,
0,2,,0.114074,0.14757,0.738356,,25306200,,
0,2,,0.150053,0.277932,0.572014,,25816700,,
0,2,,0.11894,0.203631,0.677429,,25277400,,
0,2,,0.101969,0.244661,0.65337,,25602100,,
0,2,,0.123987,0.216567,0.659446,,25178500,,
0,2,,0.127918,0.376161,0.495921,,29495500,,
0,2,,0.145167,0.273514,0.581319,,27030900,,
0,2,,0.141098,0.366743,0.492159,,26407600,,
0,2,,0.115162,0.269358,0.61548,,25692300,,
0,2,,0.113828,0.224455,0.661718,,26182000,,
0,2,,0.121971,0.348526,0.529502,,27097500,,
0,2,,0.156784,0.210514,0.632702,,25994000,,
0,2,,0.102855,0.227365,0.66978,,27917200,,
0,2,,0.10451,0.196623,0.698867,,26146300,,
0,2,,0.17522,0.229057,0.595724,,25366700,,
0,2,,0.099681,0.351294,0.549025,,26725200,,
0,2,,0.125217,0.244312,0.630472,,26831400,,
0,2,,0.164239,0.171227,0.664534,,26998000,,
0,2,,0.100579,0.301108,0.598313,,37775600,,
0,2,,0.103818,0.284164,0.612017,,31532500,,
0,2,,0.229874,0.244765,0.525361,,26086600,,
0,2,,0.118507,0.224831,0.656662,,26338000,,
0,2,,0.150451,0.237313,0.612237,,25923900,,
0,2,,0.109536,0.189076,0.701387,,27344600,,
0,2,,0.106254,0.298109,0.595637,,26574000,,
0,2,,0.176723,0.28388,0.539397,,27115600,,
0,2,,0.228718,0.250867,0.520416,,28251900,,
0,2,,0.168068,0.263506,0.568426,,39385500,,
0,2,,0.155702,0.312057,0.532241,,30353100,,
0,2,,0.156889,0.342257,0.500854,,25259100,,
0,2,,0.097666,0.237514,0.66482,,28065500,,
0,2,,0.180562,0.306836,0.512602,,27145100,,
0,2,,0.096018,0.212356,0.691626,,27343900,,
0,2,,0.097678,0.275096,0.627226,,25857400,,
0,2,,0.106802,0.268725,0.624473,,25406800,,
0,2,,0.086796,0.225102,0.688102,,26879400,,
0,2,,0.123023,0.27726,0.599717,,29737400,,
0,2,,0.132448,0.316658,0.550894,,26502400,,
0,2,,0.110674,0.285211,0.604115,,25434800,,
0,2,,0.185471,0.201667,0.612862,,25315600,,
0,2,,0.151799,0.276849,0.571351,,26925400,,
0,2,,0.111922,0.261697,0.626381,,26948100,,
0,1,,0.137496,0.437764,0.42474,,26069900,,
0,2,,0.074528,0.229475,0.695997,,26086200,,
0,2,,0.123611,0.298999,0.57739,,25462400,,
0,2,,0.128556,0.202582,0.668863,,26750600,,
0,2,,0.135512,0.338343,0.526144,,26561400,,
0,2,,0.188653,0.240075,0.571271,,26041600,,
0,1,,0.160659,0.428163,0.411177,,26578300,,
0,2,,0.082708,0.32407,0.593222,,25577500,,
0,2,,0.112108,0.213512,0.67438,,26030200,,
0,2,,0.200609,0.388939,0.410452,,26457800,,
0,2,,0.168871,0.247958,0.58317,,26252200,,
0,2,,0.1388,0.385144,0.476056,,26184000,,
0,2,,0.121762,0.372251,0.505987,,26586200,,
0,2,,0.193087,0.209927,0.596986,,26013900,,
0,2,,0.116817,0.282075,0.601108,,26274100,,
0,2,,0.220673,0.371062,0.408265,,27577800,,
0,2,,0.162364,0.264431,0.573205,,25497500,,
0,2,,0.091622,0.317534,0.590844,,26475400,,
0,2,,0.220859,0.195889,0.583252,,25825200,,
0,2,,0.107636,0.227592,0.664772,,27687100,,
0,2,,0.142246,0.256272,0.601481,,27210200,,
0,2,,0.11965,0.282787,0.597562,,25621000,,
0,2,,0.161765,0.394479,0.443756,,26263500,,
0,2,,0.096304,0.256012,0.647684,,28297100,,
0,2,,0.103352,0.259888,0.63676,,26734000,,
0,2,,0.185912,0.348937,0.46515,,27096900,,
0,2,,0.161816,0.355791,0.482393,,26346000,,
0,2,,0.160641,0.320763,0.518597,,26388400,,
0,2,,0.141141,0.279147,0.579711,,26287500,,
0,2,,0.11526,0.287743,0.596997,,25842000,,
0,2,,0.125132,0.260367,0.6145,,25826900,,
0,2,,0.099046,0.243014,0.65794,,26151400,,
0,2,,0.141016,0.257641,0.601344,,26776000,,
0,2,,0.082632,0.272734,0.644634,,26350900,,
0,2,,0.08582,0.315772,0.598408,,27868400,,
0,2,,0.159703,0.345191,0.495106,,27541600,,
0,2,,0.157299,0.276978,0.565723,,27293700,,
0,2,,0.16211,0.196206,0.641684,,26713500,,
0,2,,0.144845,0.213083,0.642073,,26141400,,
0,2,,0.158378,0.262791,0.578831,,26215200,,
0,2,,0.085406,0.18922,0.725373,,25741700,,
0,2,,0.189304,0.343735,0.466961,,26194400,,
0,2,,0.083795,0.130257,0.785948,,26184100,,
0,2,,0.218089,0.317213,0.464699,,26007200,,
0,2,,0.143229,0.235302,0.621469,,26343700,,
0,2,,0.155607,0.343026,0.501368,,24717900,,
0,2,,0.118866,0.239232,0.641902,,26540500,,
0,2,,0.104722,0.310885,0.584393,,26984500,,
0,2,,0.110361,0.286691,0.602948,,26845500,,
0,2,,0.127414,0.247392,0.625193,,26719300,,
0,2,,0.14238,0.247775,0.609845,,26124900,,
0,2,,0.110355,0.234533,0.655112,,26495400,,
0,2,,0.134421,0.319993,0.545586,,26790600,,
0,2,,0.106016,0.241543,0.652441,,25772200,,
0,2,,0.142759,0.375306,0.481935,,26146800,,
0,2,,0.09001,0.308763,0.601227,,26163900,,
0,2,,0.172304,0.204627,0.623069,,26426900,,
0,2,,0.12648,0.225509,0.648011,,27412900,,
0,2,,0.116464,0.178571,0.704964,,27103500,,
0,2,,0.105835,0.349069,0.545096,,27156200,,
0,2,,0.114162,0.194333,0.691504,,26608900,,
0,2,,0.156474,0.241193,0.602333,,27478400,,
0,2,,0.125654,0.270477,0.603869,,25945800,,
0,2,,0.084219,0.236044,0.679737,,26917400,,
0,2,,0.177432,0.198875,0.623692,,25895000,,
0,2,,0.15371,0.231919,0.614371,,25430900,,
0,2,,0.175588,0.290951,0.533461,,26044100,,
0,2,,0.109649,0.31671,0.573641,,26121800,,
0,2,,0.149729,0.249972,0.600299,,27526500,,
0,2,,0.195065,0.249079,0.555857,,26449700,,
0,2,,0.094223,0.227149,0.678628,,25831800,,
0,2,,0.127263,0.322865,0.549871,,25837300,,
0,2,,0.133921,0.295445,0.570634,,26681000,,
0,2,,0.107252,0.273879,0.61887,,26342600,,
0,2,,0.180651,0.240341,0.579009,,27656000,,
0,2,,0.124548,0.273292,0.60216,,25677000,,
0,2,,0.187036,0.338348,0.474616,,26460600,,
0,2,,0.121267,0.325431,0.553302,,26822700,,
0,2,,0.07102,0.181303,0.747677,,59235200,,
0,2,,0.143087,0.318009,0.538904,,32013700,,
0,2,,0.113576,0.293563,0.59286,,25415300,,
0,2,,0.147051,0.221739,0.63121,,27204800,,
0,2,,0.141714,0.267398,0.590888,,26993200,,
0,2,,0.083158,0.291145,0.625697,,25801400,,
0,2,,0.163189,0.188936,0.647875,,26040300,,
0,2,,0.10458,0.237817,0.657603,,27123200,,
0,2,,0.151214,0.215037,0.63375,,27215900,,
0,2,,0.072221,0.259158,0.668621,,26557600,,
0,2,,0.092688,0.217048,0.690265,,27209300,,
0,2,,0.092255,0.208049,0.699697,,26160500,,
0,2,,0.10291,0.2799,0.61719,,26172500,,
0,2,,0.081029,0.289937,0.629034,,26150400,,
0,2,,0.155252,0.279041,0.565707,,25812600,,
0,2,,0.131789,0.330905,0.537306,,26772600,,
0,2,,0.152993,0.217601,0.629405,,28521600,,
0,2,,0.09934,0.125188,0.775472,,25503400,,
0,2,,0.132292,0.144237,0.72347,,26089000,,
0,2,,0.102288,0.307332,0.590379,,25799200,,
0,2,,0.131011,0.263414,0.605575,,26386000,,
0,2,,0.147261,0.229587,0.623152,,26040000,,
0,2,,0.146889,0.291041,0.56207,,25539300,,
0,2,,0.195155,0.25201,0.552835,,33353100,,
0,2,,0.087584,0.2054,0.707016,,44360200,,
0,2,,0.086491,0.375835,0.537674,,28085900,,
0,2,,0.135171,0.293443,0.571386,,26972400,,
0,2,,0.119923,0.422387,0.45769,,26423600,,
0,2,,0.085125,0.276441,0.638434,,25824400,,
0,2,,0.090737,0.140084,0.769179,,25750000,,
0,2,,0.107565,0.212059,0.680376,,26034500,,
0,2,,0.173744,0.232471,0.593786,,26531100,,
0,2,,0.166336,0.283386,0.550278,,26761100,,
0,2,,0.087238,0.15316,0.759601,,26322100,,
0,2,,0.174966,0.299569,0.525465,,26480600,,
0,2,,0.073573,0.361794,0.564633,,26253600,,
0,2,,0.108764,0.319333,0.571903,,26130600,,
0,2,,0.193934,0.170903,0.635163,,25811600,,
0,2,,0.154687,0.297783,0.54753,,26391400,,
0,2,,0.117748,0.305864,0.576388,,26931800,,
0,2,,0.107841,0.194382,0.697777,,26355000,,
0,2,,0.173283,0.369802,0.456915,,27742500,,
0,2,,0.0825,0.361393,0.556108,,26343200,,
0,2,,0.185189,0.373149,0.441662,,26052700,,
0,2,,0.162122,0.238531,0.599347,,25625500,,
0,2,,0.096326,0.271803,0.631871,,26686100,,
0,2,,0.107575,0.223216,0.669209,,27543300,,
0,2,,0.125061,0.251162,0.623777,,26084900,,
0,2,,0.173631,0.295678,0.530691,,25698700,,
0,2,,0.119084,0.33781,0.543107,,25501900,,
0,2,,0.098797,0.196092,0.705111,,26344900,,
0,2,,0.071901,0.345131,0.582968,,27125600,,
0,2,,0.141661,0.308268,0.550072,,25865500,,
0,2,,0.094521,0.255821,0.649658,,26727800,,
0,2,,0.114427,0.126535,0.759038,,27099300,,
0,2,,0.182162,0.139568,0.67827,,26264700,,
0,2,,0.147807,0.376327,0.475866,,26671300,,
0,2,,0.144794,0.241949,0.613258,,26822800,,
0,2,,0.129215,0.206535,0.664249,,25810500,,
0,2,,0.122584,0.293297,0.584119,,25545800,,
0,2,,0.170923,0.292916,0.536161,,26668200,,
0,2,,0.098606,0.220178,0.681216,,25745700,,
0,2,,0.096064,0.298418,0.605518,,26245800,,
0,2,,0.172497,0.328442,0.499061,,26074200,,
0,2,,0.138783,0.191972,0.669245,,25686900,,
0,1,,0.160477,0.420115,0.419408,,25967200,,
0,2,,0.182803,0.226332,0.590865,,25893900,,
0,2,,0.105196,0.280755,0.614049,,25503300,,
0,2,,0.17331,0.282412,0.544278,,26036100,,
0,2,,0.1424,0.155384,0.702216,,26119500,,
0,2,,0.111464,0.339521,0.549015,,26102400,,
0,2,,0.138336,0.307829,0.553834,,25905000,,
0,2,,0.110025,0.330409,0.559566,,25956600,,
0,2,,0.069738,0.138187,0.792075,,26051900,,
0,2,,0.120426,0.2547,0.624874,,25965800,,
0,2,,0.177883,0.271176,0.550941,,25941800,,
0,2,,0.096391,0.185879,0.71773,,25934200,,
0,2,,0.124854,0.192468,0.682678,,24829600,,
0,2,,0.119077,0.196017,0.684905,,26790100,,
0,2,,0.110946,0.284264,0.604789,,26213500,,
0,2,,0.083098,0.262179,0.654723,,25160000,,
0,2,,0.225629,0.328343,0.446028,,25518300,,
0,2,,0.078192,0.225531,0.696277,,26376300,,
0,2,,0.135652,0.328514,0.535834,,27666200,,
0,2,,0.064286,0.337512,0.598202,,26974200,,
0,2,,0.101909,0.226725,0.671366,,27273000,,
0,2,,0.154532,0.293464,0.552004,,26454000,,
0,2,,0.115104,0.332948,0.551948,,26289900,,
0,2,,0.086438,0.252493,0.661069,,26335200,,
0,2,,0.147859,0.263625,0.588516,,26119600,,
0,2,,0.192255,0.232915,0.57483,,25733100,,
0,2,,0.132684,0.213339,0.653977,,25954100,,
0,2,,0.099287,0.215856,0.684856,,25953000,,
0,2,,0.131578,0.260448,0.607974,,28369300,,
0,2,,0.12806,0.267394,0.604546,,25763000,,
0,2,,0.176552,0.10114,0.722308,,25632900,,
0,2,,0.166175,0.239214,0.594611,,25316100,,
0,2,,0.086033,0.268541,0.645425,,25726800,,
0,2,,0.180332,0.206948,0.612719,,25608000,,
0,2,,0.118932,0.282938,0.59813,,24994200,,
0,2,,0.103463,0.191506,0.705031,,25772000,,
0,2,,0.131112,0.173897,0.694991,,25708400,,
0,2,,0.13904,0.334668,0.526292,,26556500,,
0,2,,0.09433,0.295299,0.610371,,25522200,,
0,2,,0.155652,0.240176,0.604172,,32716000,,
0,2,,0.171255,0.399345,0.4294,,26071400,,
0,2,,0.105622,0.32759,0.566787,,28372700,,
0,2,,0.10821,0.33864,0.553149,,26846300,,
0,2,,0.131782,0.249804,0.618414,,26429400,,
0,2,,0.102937,0.236949,0.660113,,26773000,,
0,2,,0.167201,0.225967,0.606832,,27018300,,
0,2,,0.098737,0.248533,0.65273,,26499000,,
0,2,,0.12388,0.409107,0.467013,,26849900,,
0,1,,0.12834,0.48476,0.3869,,26527400,,
0,2,,0.21394,0.264132,0.521929,,26077200,,
0,2,,0.174423,0.351801,0.473776,,26251900,,
0,1,,0.157025,0.472562,0.370413,,26478300,,
0,2,,0.087558,0.311032,0.60141,,26066900,,
0,2,,0.135165,0.257872,0.606963,,26038000,,
0,2,,0.173478,0.401873,0.424649,,26243300,,
0,2,,0.140913,0.309621,0.549467,,26090300,,
0,2,,0.094402,0.367672,0.537926,,29339500,,
0,2,,0.113718,0.294009,0.592273,,26636400,,
0,2,,0.135644,0.284977,0.57938,,26551900,,
0,2,,0.108487,0.230418,0.661095,,26087200,,
0,2,,0.170595,0.328625,0.50078,,26641700,,
0,2,,0.192308,0.350694,0.456998,,27099200,,
0,2,,0.103718,0.252707,0.643575,,26606600,,
0,2,,0.142532,0.375697,0.481771,,27016000,,
0,2,,0.086739,0.361157,0.552104,,26488200,,
0,2,,0.097301,0.365944,0.536755,,26705800,,
0,2,,0.115487,0.331556,0.552958,,29507000,,
0,2,,0.099955,0.252817,0.647228,,27905200,,
0,2,,0.150171,0.26323,0.586599,,27015500,,
0,2,,0.088253,0.254563,0.657184,,25834700,,
0,2,,0.108781,0.324745,0.566474,,26372200,,
0,2,,0.156044,0.215063,0.628893,,26016800,,
0,2,,0.167115,0.325327,0.507558,,26775500,,
0,2,,0.112309,0.360842,0.526849,,27111600,,
0,2,,0.100857,0.318447,0.580695,,26457900,,
0,2,,0.101322,0.202104,0.696574,,26808800,,
0,2,,0.172087,0.365105,0.462808,,25766600,,
0,2,,0.163279,0.343775,0.492945,,27650500,,
0,2,,0.10372,0.193791,0.702489,,27436600,,
0,2,,0.183222,0.287525,0.529253,,26850000,,
0,2,,0.129382,0.325246,0.545372,,25901900,,
0,2,,0.206499,0.350831,0.44267,,26505000,,
0,2,,0.134029,0.16478,0.701191,,27786300,,
0,2,,0.232241,0.235417,0.532342,,29273600,,
0,2,,0.103437,0.277485,0.619078,,26823600,,
0,2,,0.200598,0.268687,0.530714,,26044900,,
0,2,,0.129086,0.186637,0.684278,,31060900,,
0,2,,0.16734,0.281215,0.551445,,37096400,,
0,2,,0.15016,0.214086,0.635754,,28447200,,
0,2,,0.107633,0.182593,0.709774,,27349700,,
0,2,,0.102308,0.181885,0.715807,,27125900,,
0,2,,0.156282,0.201668,0.64205,,26180500,,
0,2,,0.063905,0.355858,0.580237,,25732900,,
0,2,,0.141624,0.258398,0.599978,,26309200,,
0,2,,0.132462,0.30891,0.558628,,26045700,,
0,2,,0.23272,0.16727,0.60001,,26145600,,
0,2,,0.193264,0.246104,0.560632,,25405100,,
0,2,,0.136402,0.308107,0.555491,,25926300,,
0,2,,0.077791,0.251516,0.670693,,26591300,,
0,2,,0.06121,0.30147,0.63732,,25186000,,
0,2,,0.205409,0.339941,0.454651,,27113600,,
0,2,,0.108217,0.166062,0.725721,,28581900,,
0,2,,0.159085,0.296285,0.54463,,26824800,,
0,2,,0.094951,0.280307,0.624741,,25765000,,
0,2,,0.15658,0.279031,0.564389,,26340800,,
0,2,,0.076899,0.324663,0.598438,,26095700,,
0,2,,0.109198,0.208971,0.681831,,25858000,,
0,2,,0.104994,0.345904,0.549102,,25691400,,
0,2,,0.103129,0.209093,0.687778,,26534700,,
0,2,,0.093129,0.206164,0.700707,,25990900,,
0,2,,0.105159,0.176056,0.718785,,26633900,,
0,2,,0.104476,0.239206,0.656318,,26502500,,
0,2,,0.080695,0.216929,0.702376,,25873300,,
0,2,,0.103631,0.409906,0.486463,,26085200,,
0,2,,0.113878,0.294019,0.592102,,26309900,,
0,2,,0.183226,0.269554,0.54722,,25819200,,
0,2,,0.092064,0.254667,0.653269,,25490800,,
0,2,,0.164713,0.241362,0.593925,,25391100,,
0,2,,0.163755,0.337012,0.499233,,25621800,,
0,2,,0.091199,0.218645,0.690156,,26865900,,
0,2,,0.138687,0.296737,0.564575,,26401100,,
0,2,,0.08387,0.234221,0.681909,,25575900,,
0,2,,0.07528,0.297645,0.627075,,25206400,,
0,2,,0.090347,0.170557,0.739096,,25730500,,
0,2,,0.143909,0.303258,0.552833,,38429200,,
0,2,,0.10312,0.244768,0.652113,,33218800,,
0,2,,0.083579,0.191467,0.724954,,25731000,,
0,2,,0.175933,0.303874,0.520192,,27604500,,
0,2,,0.094025,0.247991,0.657984,,25726500,,
0,2,,0.148201,0.170443,0.681356,,26549600,,
0,2,,0.118852,0.279658,0.60149,,25799700,,
0,2,,0.108494,0.159496,0.73201,,26069700,,
0,2,,0.062003,0.303982,0.634015,,26019300,,
0,2,,0.177163,0.278227,0.544609,,25003000,,
0,2,,0.121157,0.258336,0.620507,,25882500,,
0,2,,0.097712,0.231981,0.670307,,27770000,,
0,2,,0.168043,0.267349,0.564608,,25712000,,
0,2,,0.138098,0.223238,0.638663,,25776300,,
0,2,,0.174759,0.138554,0.686687,,26280300,,
0,2,,0.084703,0.304939,0.610358,,25419200,,
0,2,,0.160985,0.343804,0.495211,,27001900,,
0,2,,0.166733,0.293963,0.539304,,25864100,,
0,2,,0.199534,0.263227,0.537239,,26624000,,
0,2,,0.095742,0.275107,0.629151,,24876400,,
0,2,,0.110759,0.228624,0.660617,,25984200,,
0,2,,0.111229,0.297672,0.5911,,26365000,,
0,2,,0.085468,0.278286,0.636246,,27951900,,
0,2,,0.1102,0.281459,0.608342,,25119400,,
0,2,,0.129027,0.182166,0.688807,,25153000,,
0,2,,0.086191,0.234344,0.679465,,25912900,,
0,2,,0.17519,0.267287,0.557523,,25903400,,
0,2,,0.160092,0.16585,0.674058,,26513900,,
0,2,,0.18025,0.408933,0.410817,,24862900,,
0,2,,0.158338,0.303564,0.538098,,25759800,,
0,2,,0.140349,0.288035,0.571616,,25757900,,
0,2,,0.126824,0.229385,0.643791,,25382500,,
0,2,,0.177404,0.272986,0.549611,,26675600,,
0,2,,0.142534,0.317775,0.539692,,25668900,,
0,2,,0.186366,0.175666,0.637968,,26003600,,
0,2,,0.150559,0.188333,0.661108,,25926200,,
0,2,,0.133314,0.224242,0.642444,,28100200,,
0,2,,0.213431,0.203565,0.583003,,29495000,,
0,2,,0.072838,0.38114,0.546023,,32198300,,
0,2,,0.187777,0.318425,0.493797,,30511300,,
0,2,,0.133725,0.259677,0.606598,,30264800,,
0,2,,0.096167,0.319099,0.584735,,29047700,,
0,2,,0.124428,0.178365,0.697208,,30058000,,
0,2,,0.147259,0.165767,0.686974,,30156000,,
0,2,,0.091494,0.224288,0.684219,,28726500,,
0,2,,0.141396,0.359597,0.499007,,29725300,,
0,2,,0.135548,0.217514,0.646937,,29097600,,
0,2,,0.102488,0.217958,0.679554,,32515100,,
0,2,,0.246825,0.296233,0.456942,,29869000,,
0,2,,0.110206,0.237311,0.652483,,31092100,,
0,2,,0.104193,0.231729,0.664078,,30688300,,
0,2,,0.167841,0.306533,0.525626,,30661000,,
0,2,,0.11734,0.220994,0.661666,,31940900,,
0,2,,0.107986,0.241558,0.650457,,29687700,,
0,2,,0.150985,0.20782,0.641195,,30482600,,
0,2,,0.166113,0.187702,0.646185,,30690000,,
0,2,,0.063134,0.351761,0.585105,,29610800,,
0,2,,0.139467,0.185909,0.674624,,29543900,,
0,2,,0.118067,0.212333,0.6696,,29277400,,
0,2,,0.143383,0.245221,0.611396,,28972500,,
0,2,,0.133412,0.277377,0.589211,,29495400,,
0,2,,0.206088,0.30496,0.488951,,30509100,,
0,2,,0.12129,0.203423,0.675287,,29366700,,
0,2,,0.174597,0.175454,0.649949,,29420800,,
0,2,,0.134351,0.194818,0.670832,,41527000,,
0,2,,0.064153,0.323187,0.61266,,31746000,,
0,2,,0.103633,0.309215,0.587153,,25855400,,
0,2,,0.133369,0.249618,0.617013,,26207900,,
0,2,,0.135145,0.333744,0.531112,,25720600,,
0,2,,0.116644,0.281512,0.601844,,24856900,,
0,2,,0.075985,0.329855,0.594159,,26327100,,
0,2,,0.175277,0.194387,0.630336,,26235900,,
0,2,,0.168232,0.298243,0.533526,,26602000,,
0,2,,0.138015,0.287233,0.574751,,24596300,,
0,2,,0.23326,0.353271,0.413469,,25860500,,
0,2,,0.101022,0.255049,0.643929,,26119600,,
0,2,,0.175407,0.242607,0.581986,,27041100,,
0,2,,0.123857,0.208037,0.668106,,25083400,,
0,2,,0.089392,0.24431,0.666298,,25794500,,
0,2,,0.137055,0.304707,0.558238,,27640300,,
0,2,,0.121258,0.170182,0.708561,,26067600,,
0,2,,0.189517,0.383508,0.426975,,25759500,,
0,2,,0.141833,0.409773,0.448393,,25117500,,
0,2,,0.154971,0.211714,0.633315,,27835300,,
0,2,,0.102724,0.266143,0.631133,,26497900,,
0,2,,0.134214,0.258427,0.607359,,25434100,,
0,2,,0.083165,0.093215,0.82362,,26181100,,
0,2,,0.111019,0.276506,0.612475,,27282400,,
0,2,,0.104039,0.176039,0.719922,,26386500,,
0,2,,0.205908,0.268253,0.525839,,30320800,,
0,2,,0.151684,0.245948,0.602368,,27180500,,
0,2,,0.118184,0.240499,0.641317,,28486400,,
0,2,,0.187143,0.298375,0.514482,,26920700,,
0,2,,0.131612,0.33854,0.529848,,27920900,,
0,2,,0.167265,0.290533,0.542203,,26577200,,
0,2,,0.131413,0.431749,0.436838,,26675300,,
0,2,,0.230168,0.382358,0.387474,,25917100,,
0,2,,0.20105,0.272933,0.526017,,28803200,,
0,2,,0.130998,0.328428,0.540574,,25455300,,
0,2,,0.161627,0.213547,0.624826,,29165400,,
0,2,,0.17971,0.293124,0.527166,,26167000,,
0,2,,0.160335,0.263337,0.576328,,26193500,,
0,2,,0.157295,0.287132,0.555573,,27312900,,
0,2,,0.088658,0.187839,0.723503,,25597800,,
0,2,,0.132006,0.368826,0.499168,,26769300,,
0,2,,0.10737,0.317155,0.575474,,26628900,,
0,2,,0.201966,0.255065,0.542969,,26289700,,
0,2,,0.070235,0.195255,0.73451,,30724300,,
0,2,,0.191554,0.296518,0.511928,,27180200,,
0,2,,0.118785,0.252819,0.628396,,25413700,,
0,2,,0.252085,0.228536,0.519378,,25679600,,
0,2,,0.112183,0.297401,0.590416,,27766400,,
0,2,,0.12758,0.273047,0.599373,,26872200,,
0,2,,0.154,0.249638,0.596361,,25802800,,
0,2,,0.069294,0.293289,0.637417,,25238700,,
0,2,,0.119734,0.251461,0.628805,,27370900,,
0,2,,0.15816,0.298667,0.543173,,26223100,,
0,2,,0.104493,0.28962,0.605887,,25407100,,
0,2,,0.188776,0.252161,0.559062,,26595200,,
0,2,,0.071887,0.281345,0.646769,,25509600,,
0,2,,0.120614,0.242041,0.637345,,25903500,,
0,2,,0.095184,0.278933,0.625883,,25097900,,
0,2,,0.119775,0.179077,0.701149,,25278800,,
0,2,,0.06986,0.319577,0.610563,,26403600,,
0,2,,0.114818,0.250979,0.634203,,25815600,,
0,2,,0.179488,0.168673,0.651839,,25637400,,
0,2,,0.084339,0.266298,0.649363,,25560000,,
0,2,,0.090433,0.278435,0.631132,,25304400,,
0,2,,0.109936,0.391175,0.498889,,26692400,,
0,2,,0.137555,0.335871,0.526574,,28816000,,
0,2,,0.134981,0.267078,0.597941,,26873900,,
0,2,,0.142598,0.288119,0.569284,,25142200,,
0,2,,0.129976,0.197067,0.672957,,25474200,,
0,2,,0.15565,0.334541,0.509809,,29325300,,
0,2,,0.126625,0.277191,0.596184,,26734200,,
0,2,,0.184518,0.25431,0.561173,,26389000,,
0,2,,0.125032,0.288301,0.586666,,25497500,,
0,2,,0.12532,0.343966,0.530714,,26283600,,
0,2,,0.070924,0.264291,0.664785,,26006300,,
0,1,,0.16853,0.466358,0.365112,,26236400,,
0,2,,0.205083,0.37291,0.422007,,26746200,,
0,2,,0.135236,0.277711,0.587052,,25862600,,
0,2,,0.206728,0.265145,0.528127,,26723600,,
0,2,,0.133249,0.330143,0.536608,,30577900,,
0,2,,0.105517,0.294626,0.599857,,26282200,,
0,2,,0.141973,0.238842,0.619185,,28107500,,
0,2,,0.118854,0.285375,0.595771,,26120300,,
0,2,,0.151134,0.352075,0.496791,,26170800,,
0,2,,0.163161,0.211873,0.624965,,26582500,,
0,2,,0.05467,0.266892,0.678438,,26909400,,
0,1,,0.118335,0.496583,0.385082,,26777800,,
0,2,,0.093868,0.208543,0.697589,,25976700,,
0,2,,0.097778,0.236882,0.66534,,26447400,,
0,2,,0.121091,0.264757,0.614152,,33566400,,
0,2,,0.094376,0.163862,0.741762,,54341600,,
0,2,,0.199424,0.270769,0.529807,,39886600,,
0,2,,0.111916,0.23822,0.649864,,36105300,,
0,2,,0.140816,0.280676,0.578508,,30293400,,
0,2,,0.145414,0.25194,0.602647,,31118700,,
0,2,,0.165792,0.249849,0.584359,,27901600,,
0,1,,0.216574,0.411898,0.371528,,26043700,,
0,2,,0.077581,0.120561,0.801858,,27221100,,
0,2,,0.185542,0.282129,0.532329,,27219400,,
0,2,,0.167658,0.201258,0.631084,,26931900,,
0,2,,0.076507,0.260403,0.66309,,26670400,,
0,2,,0.062802,0.34905,0.588148,,28758800,,
0,2,,0.086028,0.212057,0.701915,,25689600,,
0,2,,0.168087,0.32561,0.506303,,25533600,,
0,2,,0.125467,0.251131,0.623402,,25500800,,
0,1,,0.216874,0.404925,0.378201,,25958600,,
0,2,,0.122495,0.217874,0.65963,,26286700,,
0,2,,0.120755,0.313171,0.566074,,28789400,,
0,2,,0.105232,0.271577,0.62319,,24987200,,
0,2,,0.11196,0.302241,0.585799,,25941200,,
0,2,,0.154045,0.139325,0.70663,,26589300,,
0,2,,0.13221,0.26426,0.60353,,25833000,,
0,2,,0.132392,0.292374,0.575235,,25219100,,
0,2,,0.136792,0.272011,0.591197,,25201100,,
0,2,,0.118278,0.326429,0.555294,,25942400,,
0,2,,0.116665,0.193006,0.690329,,26894700,,
0,2,,0.10155,0.264184,0.634266,,26407200,,
0,2,,0.102762,0.266992,0.630246,,29017200,,
0,2,,0.093602,0.276878,0.629521,,26429200,,
0,2,,0.081856,0.304015,0.614129,,28720700,,
0,2,,0.034363,0.271028,0.694609,,30039400,,
0,2,,0.208542,0.190824,0.600634,,28843700,,
0,2,,0.075795,0.3099,0.614306,,28340700,,
0,2,,0.135049,0.321409,0.543542,,28909000,,
0,2,,0.148108,0.34001,0.511882,,28199400,,
0,2,,0.100868,0.192307,0.706825,,28513300,,
0,2,,0.149428,0.351583,0.498989,,27966800,,
0,2,,0.117744,0.29687,0.585386,,32192200,,
0,2,,0.117175,0.240766,0.642058,,28434800,,
0,2,,0.151681,0.126696,0.721623,,28305900,,
0,2,,0.103356,0.250705,0.645939,,27859400,,
0,2,,0.124665,0.2365,0.638836,,29376700,,
0,2,,0.083117,0.313785,0.603098,,29456200,,
0,2,,0.093602,0.31997,0.586427,,26350500,,
0,2,,0.134033,0.339521,0.526446,,26440600,,
0,2,,0.116654,0.325554,0.557791,,28174500,,
0,2,,0.120494,0.237959,0.641547,,31376400,,
0,2,,0.193868,0.223169,0.582963,,26811400,,
0,2,,0.265976,0.25818,0.475844,,28437700,,
0,2,,0.340845,0.248714,0.410441,,26852600,,
0,2,,0.141883,0.311859,0.546258,,28260200,,
0,2,,0.096886,0.271296,0.631818,,28574000,,
0,2,,0.114969,0.280642,0.60439,,27652000,,
0,2,,0.08038,0.340914,0.578705,,27622200,,
0,2,,0.243548,0.280591,0.475861,,25686900,,
0,2,,0.12379,0.279807,0.596403,,27452100,,
0,2,,0.157952,0.289532,0.552516,,26891700,,
0,2,,0.118147,0.191731,0.690121,,33941400,,
0,2,,0.137733,0.255384,0.606883,,32687800,,
0,2,,0.099768,0.230156,0.670075,,27551400,,
0,2,,0.183006,0.292686,0.524308,,27401900,,
0,2,,0.129875,0.315826,0.554299,,27025500,,
0,2,,0.138798,0.388785,0.472418,,26168400,,
0,2,,0.101772,0.305863,0.592365,,27382500,,
0,2,,0.230232,0.381729,0.388039,,29758900,,
0,2,,0.140308,0.26216,0.597533,,27344600,,
0,2,,0.241545,0.288837,0.469618,,26332700,,
0,2,,0.228592,0.246244,0.525164,,25592000,,
0,2,,0.097713,0.210982,0.691305,,25961200,,
0,2,,0.263403,0.206919,0.529678,,26033000,,
0,2,,0.180603,0.255095,0.564302,,25984200,,
0,2,,0.131699,0.364053,0.504247,,26011700,,
0,2,,0.146194,0.203268,0.650538,,25660200,,
0,2,,0.051878,0.295275,0.652847,,25471700,,
0,2,,0.131942,0.190486,0.677573,,26189500,,
0,2,,0.171511,0.290272,0.538218,,26367600,,
0,2,,0.087099,0.360124,0.552778,,27008000,,
0,2,,0.12092,0.194223,0.684857,,26200600,,
0,2,,0.132598,0.315675,0.551727,,25751400,,
0,2,,0.143974,0.25991,0.596116,,27775200,,
0,2,,0.120913,0.186583,0.692504,,28075000,,
0,2,,0.086716,0.223555,0.689729,,33678400,,
0,2,,0.135623,0.270269,0.594107,,34593200,,
0,2,,0.114578,0.265628,0.619794,,34608600,,
0,2,,0.146893,0.259658,0.593448,,31583200,,
0,2,,0.107815,0.317125,0.57506,,30692400,,
0,2,,0.195711,0.213381,0.590907,,26775100,,
0,2,,0.115773,0.296434,0.587793,,27021300,,
0,2,,0.126428,0.280306,0.593266,,26323300,,
0,2,,0.112097,0.122609,0.765294,,26027900,,
0,2,,0.105819,0.227169,0.667011,,25900600,,
0,1,,0.103836,0.450048,0.446116,,26296300,,
0,2,,0.091155,0.192748,0.716097,,28697900,,
0,2,,0.062431,0.296403,0.641167,,33777500,,
0,2,,0.141632,0.367869,0.490499,,29133200,,
0,2,,0.177492,0.359719,0.462789,,29380900,,
0,2,,0.150379,0.191695,0.657926,,30957800,,
0,2,,0.148278,0.385634,0.466088,,37142000,,
0,2,,0.102834,0.363054,0.534112,,35160900,,
0,2,,0.21197,0.377505,0.410525,,34336200,,
0,2,,0.118672,0.376721,0.504608,,33108500,,
0,2,,0.177302,0.347985,0.474713,,29517200,,
0,2,,0.155333,0.264089,0.580578,,28303400,,
0,2,,0.188278,0.19328,0.618442,,25829900,,
0,2,,0.127739,0.431291,0.44097,,27562800,,
0,2,,0.093199,0.333051,0.573751,,26328800,,
0,2,,0.079372,0.264388,0.65624,,27200200,,
0,2,,0.104958,0.223586,0.671456,,28111200,,
0,2,,0.061674,0.393232,0.545094,,25427300,,
0,2,,0.144113,0.23806,0.617827,,27545200,,
0,2,,0.069921,0.384314,0.545765,,25736800,,
0,2,,0.089751,0.189422,0.720827,,26894500,,
0,2,,0.120672,0.311995,0.567333,,26555200,,
0,2,,0.190938,0.327216,0.481846,,26970000,,
0,2,,0.085695,0.204026,0.710279,,25595000,,
0,2,,0.193453,0.268017,0.53853,,26111900,,
0,2,,0.217482,0.225048,0.55747,,26899100,,
0,2,,0.121984,0.310558,0.567457,,26042200,,
0,2,,0.073965,0.292365,0.63367,,26275600,,
0,2,,0.138704,0.389748,0.471548,,25195100,,
0,2,,0.138718,0.429777,0.431505,,28505000,,
0,2,,0.150322,0.290084,0.559594,,26911100,,
0,2,,0.134364,0.34332,0.522315,,25835000,,
0,2,,0.10556,0.199012,0.695428,,31152700,,
0,2,,0.146142,0.352909,0.500949,,31011900,,
0,2,,0.123601,0.233832,0.642567,,31740700,,
0,2,,0.084781,0.256389,0.65883,,30910400,,
0,2,,0.118559,0.227291,0.654151,,30163400,,
0,2,,0.183688,0.299124,0.517188,,29097100,,
0,2,,0.185804,0.319197,0.494999,,28198400,,
0,2,,0.139239,0.251434,0.609327,,26694900,,
0,2,,0.087814,0.260227,0.651959,,26520900,,
0,2,,0.165484,0.271373,0.563143,,25872700,,
0,2,,0.152824,0.278509,0.568667,,24857200,,
0,2,,0.165537,0.233615,0.600848,,26926000,,
0,2,,0.131196,0.219905,0.648899,,26735100,,
0,2,,0.103039,0.111521,0.785439,,29535600,,
0,2,,0.145625,0.289721,0.564654,,26486300,,
0,2,,0.114751,0.244253,0.640996,,25810300,,
0,2,,0.166133,0.221695,0.612172,,26298500,,
0,2,,0.099216,0.345017,0.555766,,26527300,,
0,2,,0.099461,0.245572,0.654967,,26801400,,
0,2,,0.128665,0.178645,0.69269,,25718600,,
0,2,,0.150762,0.216302,0.632937,,25805600,,
0,2,,0.150863,0.258623,0.590513,,25833900,,
0,2,,0.243352,0.319643,0.437005,,25684400,,
0,2,,0.09901,0.264419,0.636571,,27011100,,
0,2,,0.067808,0.373237,0.558955,,24712800,,
0,2,,0.162631,0.277156,0.560213,,27349700,,
0,2,,0.194019,0.205096,0.600885,,26353200,,
0,2,,0.150293,0.335486,0.514222,,26821200,,
0,2,,0.124776,0.208805,0.666419,,27658300,,
0,2,,0.171473,0.239637,0.58889,,25847000,,
0,2,,0.06131,0.35548,0.58321,,26447100,,
0,2,,0.109086,0.222619,0.668295,,25397800,,
0,2,,0.127888,0.322285,0.549827,,26064500,,
0,2,,0.081306,0.314198,0.604497,,25903100,,
0,2,,0.109979,0.280326,0.609696,,25761300,,
0,2,,0.089962,0.284672,0.625366,,25993900,,
0,2,,0.074343,0.275209,0.650449,,26312500,,
0,2,,0.145902,0.355491,0.498607,,25944900,,
0,2,,0.211658,0.216467,0.571874,,25062400,,
0,2,,0.19757,0.280928,0.521502,,26202400,,
0,2,,0.206174,0.270424,0.523402,,26397600,,
0,2,,0.117238,0.242713,0.640049,,26415800,,
0,2,,0.077594,0.346225,0.576181,,25270100,,
0,2,,0.187036,0.204172,0.608792,,25240800,,
0,2,,0.168607,0.28299,0.548404,,26036800,,
0,2,,0.171254,0.258608,0.570138,,26686600,,
0,2,,0.114562,0.239547,0.645891,,25297900,,
0,2,,0.115203,0.219269,0.665528,,25139900,,
0,2,,0.161202,0.291178,0.54762,,26777800,,
0,2,,0.097781,0.221039,0.68118,,26496300,,
0,2,,0.091169,0.125162,0.78367,,26473700,,
0,2,,0.114635,0.292713,0.592653,,26307100,,
0,2,,0.125256,0.290795,0.583949,,26548800,,
0,2,,0.157967,0.315263,0.52677,,27131400,,
0,2,,0.118608,0.369313,0.512079,,27038100,,
0,2,,0.109096,0.190715,0.700189,,26262600,,
0,2,,0.109426,0.257274,0.633301,,27243100,,
0,2,,0.114526,0.280981,0.604493,,26192500,,
0,2,,0.086413,0.283258,0.630329,,26966500,,
0,2,,0.106113,0.256893,0.636994,,26895800,,
0,2,,0.226281,0.333991,0.439728,,26823500,,
0,2,,0.116214,0.213812,0.669974,,26106700,,
0,2,,0.094729,0.211653,0.693617,,25287300,,
0,2,,0.061201,0.26702,0.671779,,25847200,,
0,2,,0.120124,0.247195,0.632681,,26094300,,
0,2,,0.236853,0.212277,0.55087,,25990500,,
0,2,,0.120339,0.25903,0.620631,,27032800,,
0,2,,0.209532,0.249034,0.541433,,26209200,,
0,2,,0.114833,0.265521,0.619645,,25534900,,
0,2,,0.136012,0.250033,0.613955,,25946800,,
0,2,,0.08437,0.3511,0.56453,,25786100,,
0,2,,0.126386,0.217292,0.656321,,26145100,,
0,2,,0.108968,0.280606,0.610425,,26288600,,
0,2,,0.171338,0.230328,0.598335,,26920900,,
0,2,,0.114388,0.170588,0.715024,,30694300,,
0,2,,0.164871,0.180484,0.654645,,26229100,,
0,2,,0.096127,0.234093,0.66978,,28377100,,
0,2,,0.098387,0.180883,0.72073,,26653700,,
0,2,,0.143077,0.296232,0.560691,,26968200,,
0,2,,0.146239,0.225005,0.628756,,26261400,,
0,2,,0.192289,0.35131,0.456401,,27106400,,
0,2,,0.228865,0.246086,0.525049,,26491400,,
0,2,,0.15059,0.321655,0.527756,,25505500,,
0,2,,0.129071,0.237906,0.633023,,26310400,,
0,2,,0.127485,0.292868,0.579647,,25546100,,
0,2,,0.089154,0.339433,0.571414,,25635200,,
0,2,,0.170103,0.328643,0.501253,,25350800,,
0,2,,0.092466,0.382199,0.525335,,26430700,,
0,2,,0.143915,0.217606,0.638479,,25182200,,
0,2,,0.165907,0.195852,0.638241,,26541400,,
0,2,,0.123618,0.283381,0.593001,,27059600,,
0,2,,0.154444,0.19273,0.652826,,25663100,,
0,2,,0.143809,0.352701,0.50349,,25932600,,
0,2,,0.15363,0.207945,0.638425,,26675400,,
0,2,,0.116836,0.24117,0.641994,,25759700,,
0,2,,0.138644,0.176055,0.685302,,24614200,,
0,2,,0.106154,0.255402,0.638443,,25497700,,
0,2,,0.108036,0.183551,0.708414,,26073200,,
0,2,,0.156648,0.377565,0.465788,,26199600,,
0,2,,0.119579,0.290884,0.589537,,25099200,,
0,2,,0.171902,0.373331,0.454766,,25657300,,
0,2,,0.096332,0.260114,0.643553,,25739700,,
0,2,,0.093541,0.359755,0.546704,,26283900,,
0,2,,0.111946,0.334059,0.553995,,25694300,,
0,2,,0.123552,0.281462,0.594986,,25671700,,
0,2,,0.137319,0.166516,0.696165,,25890200,,
0,2,,0.122656,0.261874,0.615469,,28251300,,
0,2,,0.187653,0.227698,0.584649,,28521200,,
0,2,,0.189679,0.23512,0.575202,,26404300,,
0,2,,0.129959,0.16979,0.700251,,25242200,,
0,2,,0.165664,0.36085,0.473485,,26043300,,
0,2,,0.162578,0.291656,0.545766,,25960000,,
0,2,,0.182025,0.250625,0.56735,,25277200,,
0,2,,0.086662,0.17725,0.736088,,29468100,,
0,2,,0.122302,0.270458,0.60724,,25730000,,
0,2,,0.188103,0.193943,0.617954,,25889300,,
0,2,,0.13531,0.284737,0.579954,,25771300,,
0,2,,0.131181,0.284349,0.58447,,25287100,,
0,2,,0.098128,0.221427,0.680445,,25629100,,
0,2,,0.073137,0.421366,0.505496,,28429900,,
0,2,,0.14915,0.275822,0.575028,,28755700,,
0,2,,0.128018,0.286169,0.585813,,25856500,,
0,2,,0.080133,0.282035,0.637831,,25513900,,
0,2,,0.107461,0.31563,0.576909,,26024900,,
0,2,,0.094624,0.288022,0.617354,,26175000,,
0,2,,0.22541,0.273567,0.501023,,26292600,,
0,2,,0.145531,0.197932,0.656537,,25622500,,
0,2,,0.145757,0.26011,0.594133,,25077100,,
0,2,,0.111634,0.308723,0.579643,,25542500,,
0,2,,0.180218,0.27632,0.543462,,26494400,,
0,2,,0.12775,0.376123,0.496127,,26729900,,
0,2,,0.120749,0.229424,0.649826,,25126800,,
0,2,,0.086057,0.337302,0.576641,,25688100,,
0,2,,0.134633,0.329127,0.53624,,26211300,,
0,2,,0.155716,0.283865,0.560419,,25783700,,
0,2,,0.194857,0.230608,0.574535,,25875000,,
0,1,,0.178421,0.449795,0.371785,,27601800,,
0,2,,0.122723,0.203778,0.673499,,25166200,,
0,2,,0.127022,0.315384,0.557595,,25863700,,
0,2,,0.101208,0.300283,0.598509,,25701200,,
0,2,,0.107208,0.200691,0.692101,,31315400,,
0,2,,0.198839,0.189184,0.611977,,27754300,,
0,2,,0.076102,0.192857,0.731042,,27350200,,
0,2,,0.11624,0.351052,0.532707,,26502100,,
0,2,,0.167591,0.293046,0.539363,,28302000,,
0,2,,0.116047,0.273797,0.610156,,28329200,,
0,2,,0.0864,0.212385,0.701214,,27133100,,
0,2,,0.090562,0.216274,0.693164,,27052300,,
0,2,,0.136983,0.305857,0.55716,,26648200,,
0,2,,0.168616,0.247258,0.584126,,27603200,,
0,2,,0.131396,0.286163,0.582441,,27098000,,
0,2,,0.200829,0.346624,0.452547,,35228900,,
0,2,,0.137588,0.379231,0.483181,,26012900,,
0,2,,0.144408,0.2878,0.567792,,26260500,,
0,2,,0.094941,0.20126,0.703799,,26258700,,
0,2,,0.124848,0.250534,0.624618,,25361700,,
0,1,,0.043567,0.48084,0.475592,,28919400,,
0,2,,0.113361,0.218597,0.668043,,26106800,,
0,2,,0.206293,0.187749,0.605959,,26649700,,
0,2,,0.102639,0.320997,0.576364,,25971800,,
0,2,,0.106334,0.203662,0.690004,,25289400,,
0,2,,0.113703,0.229315,0.656982,,26576000,,
0,2,,0.079684,0.368047,0.552269,,26219700,,
0,2,,0.054652,0.384301,0.561047,,25826900,,
0,2,,0.148281,0.292919,0.558799,,25211000,,
0,2,,0.139938,0.145959,0.714103,,26391400,,
0,2,,0.142225,0.219272,0.638503,,27012800,,
0,2,,0.117058,0.244629,0.638313,,26687800,,
0,2,,0.08933,0.228842,0.681828,,25710800,,
0,2,,0.093704,0.306756,0.59954,,25394600,,
0,2,,0.144082,0.22845,0.627468,,26345200,,
0,2,,0.101406,0.326733,0.571861,,25917800,,
0,2,,0.079337,0.315284,0.605378,,37113800,,
