connect-4,CWE,test,4,NANOSECONDS,PREDICTIONS, Generated by ClassifierExperiments.java on 2022-05-16 23:37:11.    SYSTEMPROPERTIES:{user.name:matth,os.arch:amd64,os.name:Windows 10},ENDSYSTEMPROPERTIES
No parameter info
0.6776939017169923,21171646500,440766053800,-1,668656032,3,,-1,-1
0,2,,0.153812,0.240845,0.605343,,44133900,,
0,2,,0.104301,0.229214,0.666485,,42820000,,
0,2,,0.229287,0.237124,0.533588,,42564400,,
0,2,,0.129359,0.190646,0.679995,,43345300,,
0,2,,0.109406,0.267109,0.623485,,37817300,,
0,2,,0.222898,0.17937,0.597732,,28837000,,
0,2,,0.132589,0.250921,0.616491,,28748700,,
0,2,,0.106533,0.390673,0.502795,,29937400,,
0,2,,0.087993,0.194067,0.717939,,31912900,,
0,2,,0.112338,0.279473,0.608189,,31923200,,
0,2,,0.183988,0.265253,0.55076,,28793000,,
0,2,,0.114171,0.350768,0.535061,,28382700,,
0,2,,0.15903,0.260798,0.580172,,28546100,,
0,2,,0.073219,0.240497,0.686284,,29044300,,
0,2,,0.163004,0.303005,0.533991,,32771500,,
0,2,,0.112441,0.318342,0.569217,,32150800,,
0,2,,0.101503,0.287532,0.610965,,39205700,,
0,2,,0.058272,0.362827,0.5789,,40396600,,
0,2,,0.113287,0.114605,0.772108,,42001100,,
0,2,,0.087722,0.188855,0.723423,,46140600,,
0,2,,0.153427,0.349039,0.497534,,42289200,,
0,2,,0.114198,0.228218,0.657584,,50221800,,
0,2,,0.149146,0.224295,0.62656,,46456100,,
0,2,,0.105092,0.26615,0.628758,,37631600,,
0,2,,0.154401,0.252495,0.593104,,33650400,,
0,2,,0.123988,0.219303,0.656709,,37334800,,
0,2,,0.045047,0.401546,0.553406,,35177200,,
0,2,,0.117211,0.286006,0.596783,,36973300,,
0,2,,0.102765,0.260866,0.636369,,47117700,,
0,2,,0.108695,0.319757,0.571548,,43110500,,
0,2,,0.168538,0.29906,0.532403,,35768000,,
0,2,,0.068051,0.339984,0.591965,,38485000,,
0,2,,0.128894,0.32746,0.543647,,50461500,,
0,2,,0.13821,0.271127,0.590663,,46287900,,
0,2,,0.157116,0.28501,0.557875,,44915200,,
0,2,,0.110615,0.302366,0.58702,,33259100,,
0,2,,0.166269,0.295011,0.53872,,32430900,,
0,2,,0.123322,0.254335,0.622343,,31811300,,
0,2,,0.165985,0.334655,0.49936,,31497000,,
0,2,,0.089554,0.247498,0.662948,,30947000,,
0,2,,0.132295,0.221084,0.646621,,33423500,,
0,2,,0.118304,0.374712,0.506985,,32684100,,
0,2,,0.071165,0.285746,0.643089,,34642500,,
0,2,,0.096062,0.231075,0.672863,,30949600,,
0,2,,0.16873,0.227465,0.603805,,31340000,,
0,2,,0.084663,0.289386,0.625951,,31701300,,
0,2,,0.129483,0.306872,0.563646,,30849000,,
0,2,,0.121332,0.185677,0.692991,,31760000,,
0,2,,0.074766,0.312958,0.612277,,32054600,,
0,2,,0.108219,0.330573,0.561209,,31376400,,
0,2,,0.118588,0.239655,0.641757,,31366200,,
0,2,,0.108655,0.285014,0.60633,,31553700,,
0,2,,0.122232,0.238829,0.638938,,30864800,,
0,2,,0.10192,0.222498,0.675582,,30741200,,
0,2,,0.157017,0.207089,0.635893,,31003900,,
0,2,,0.103323,0.24011,0.656567,,31287300,,
0,2,,0.116472,0.20739,0.676137,,31413300,,
0,2,,0.166161,0.24331,0.590529,,30878800,,
0,2,,0.131627,0.255654,0.612719,,30950400,,
0,2,,0.135544,0.263099,0.601357,,31047300,,
0,2,,0.108939,0.29667,0.594391,,31401700,,
0,2,,0.103599,0.20815,0.688251,,30593500,,
0,2,,0.041885,0.302081,0.656035,,30028700,,
0,2,,0.0793,0.404968,0.515732,,30316500,,
0,2,,0.133198,0.207188,0.659614,,35167300,,
0,2,,0.124826,0.2926,0.582574,,30898500,,
0,2,,0.100724,0.21597,0.683306,,32578900,,
0,2,,0.121983,0.255284,0.622733,,30521800,,
0,2,,0.095083,0.16074,0.744177,,32241800,,
0,2,,0.114105,0.256716,0.629179,,33549600,,
0,2,,0.136492,0.259111,0.604397,,36234000,,
0,2,,0.11365,0.224813,0.661537,,39997100,,
0,2,,0.128499,0.333613,0.537889,,59091900,,
0,2,,0.055827,0.294757,0.649416,,62509700,,
0,2,,0.12155,0.298663,0.579787,,37945900,,
0,2,,0.151374,0.245976,0.60265,,34862600,,
0,2,,0.123195,0.279903,0.596902,,35457600,,
0,2,,0.138224,0.28884,0.572936,,36076200,,
0,2,,0.181633,0.322249,0.496118,,34285500,,
0,2,,0.101109,0.26111,0.637781,,34652700,,
0,2,,0.156762,0.256545,0.586693,,34119900,,
0,2,,0.088489,0.233295,0.678216,,33764600,,
0,2,,0.082316,0.268336,0.649348,,33262700,,
0,2,,0.104625,0.322486,0.57289,,34538300,,
0,2,,0.102981,0.351032,0.545987,,33799400,,
0,2,,0.161077,0.317424,0.5215,,33823500,,
0,2,,0.109271,0.225426,0.665303,,34044100,,
0,2,,0.166041,0.22832,0.605639,,34205300,,
0,2,,0.092011,0.326366,0.581624,,34604600,,
0,2,,0.185538,0.215758,0.598704,,34131000,,
0,2,,0.097045,0.259766,0.643188,,33467700,,
0,2,,0.087112,0.288557,0.624331,,34138200,,
0,2,,0.127959,0.244467,0.627574,,32494700,,
0,2,,0.115445,0.319123,0.565432,,30216700,,
0,2,,0.121327,0.185768,0.692905,,29371100,,
0,2,,0.155406,0.319513,0.52508,,29019600,,
0,2,,0.10809,0.383692,0.508218,,29460900,,
0,2,,0.078962,0.271411,0.649627,,43479700,,
0,2,,0.10556,0.295725,0.598714,,43358600,,
0,2,,0.169413,0.291638,0.538949,,33577700,,
0,2,,0.090687,0.273769,0.635543,,37393200,,
0,2,,0.137073,0.316861,0.546066,,33992300,,
0,2,,0.115039,0.254307,0.630653,,34687500,,
0,2,,0.142937,0.2379,0.619163,,34756000,,
0,2,,0.168391,0.331087,0.500522,,34711000,,
0,2,,0.089733,0.208451,0.701817,,34238600,,
0,2,,0.106405,0.218858,0.674736,,35620000,,
0,2,,0.228245,0.347667,0.424088,,34301300,,
0,2,,0.114899,0.244708,0.640393,,35083600,,
0,2,,0.143531,0.258914,0.597555,,34464000,,
0,2,,0.173964,0.220758,0.605278,,34404000,,
0,2,,0.101487,0.261711,0.636802,,34325300,,
0,2,,0.065738,0.18724,0.747022,,34963300,,
0,2,,0.113781,0.159819,0.7264,,33932300,,
0,2,,0.10842,0.24594,0.64564,,34001900,,
0,2,,0.10116,0.255549,0.643291,,34726000,,
0,2,,0.11188,0.358254,0.529866,,34925600,,
0,2,,0.125633,0.246585,0.627782,,33713000,,
0,2,,0.12369,0.206947,0.669363,,34789300,,
0,2,,0.168599,0.271802,0.559599,,33859700,,
0,2,,0.122235,0.227737,0.650028,,35919600,,
0,2,,0.106726,0.302741,0.590534,,33368700,,
0,2,,0.112981,0.141518,0.745501,,34243100,,
0,2,,0.091359,0.288873,0.619768,,34291700,,
0,2,,0.074016,0.274367,0.651616,,34214400,,
0,2,,0.068652,0.315152,0.616196,,33667100,,
0,2,,0.152802,0.293996,0.553202,,34929600,,
0,2,,0.102728,0.243973,0.653299,,35489600,,
0,2,,0.148107,0.225384,0.626509,,30835800,,
0,2,,0.11955,0.224198,0.656252,,30935200,,
0,2,,0.065852,0.407278,0.52687,,32058500,,
0,2,,0.146413,0.249456,0.604131,,31265300,,
0,2,,0.09999,0.220366,0.679644,,30016000,,
0,2,,0.133422,0.290518,0.57606,,34287800,,
0,2,,0.220345,0.21963,0.560025,,33935200,,
0,2,,0.140604,0.310825,0.548571,,35051500,,
0,2,,0.136337,0.29048,0.573183,,34632200,,
0,2,,0.111987,0.260945,0.627068,,34713200,,
0,2,,0.11813,0.295799,0.58607,,34466500,,
0,2,,0.132764,0.236654,0.630582,,33448700,,
0,2,,0.086775,0.273691,0.639534,,33161400,,
0,2,,0.09392,0.316585,0.589496,,34663300,,
0,2,,0.172102,0.267615,0.560283,,34764800,,
0,2,,0.09624,0.246655,0.657105,,34521100,,
0,2,,0.088936,0.403838,0.507226,,34627100,,
0,2,,0.118114,0.259015,0.622871,,35236800,,
0,2,,0.117033,0.276972,0.605996,,33444000,,
0,2,,0.112698,0.23634,0.650962,,34392000,,
0,2,,0.110489,0.222845,0.666666,,35417500,,
0,2,,0.100778,0.312026,0.587195,,35215800,,
0,2,,0.102109,0.266425,0.631466,,36326700,,
0,2,,0.144835,0.18993,0.665234,,34299300,,
0,2,,0.143314,0.315121,0.541564,,33724000,,
0,2,,0.169512,0.247684,0.582804,,35272300,,
0,2,,0.138682,0.307903,0.553415,,35042900,,
0,2,,0.086051,0.208479,0.705471,,35463900,,
0,2,,0.158234,0.278018,0.563748,,34627300,,
0,2,,0.115092,0.236025,0.648883,,35800400,,
0,2,,0.177027,0.246817,0.576156,,34439800,,
0,2,,0.116471,0.201309,0.68222,,51748100,,
0,2,,0.051094,0.248681,0.700225,,39218700,,
0,2,,0.083713,0.398833,0.517454,,40453600,,
0,2,,0.159361,0.248288,0.592352,,36220700,,
0,2,,0.115434,0.172532,0.712034,,37392400,,
0,2,,0.104774,0.17846,0.716765,,35289200,,
0,2,,0.154983,0.243643,0.601374,,35105200,,
0,2,,0.099331,0.249904,0.650765,,34590200,,
0,2,,0.099465,0.183469,0.717066,,35014700,,
0,2,,0.181728,0.152932,0.66534,,35366200,,
0,2,,0.105686,0.297858,0.596456,,35129700,,
0,2,,0.107321,0.237869,0.65481,,34872500,,
0,2,,0.201091,0.20177,0.597139,,35898000,,
0,2,,0.120994,0.291922,0.587085,,34041500,,
0,2,,0.122985,0.304784,0.572231,,34401300,,
0,2,,0.167928,0.298913,0.53316,,33870900,,
0,2,,0.170472,0.210443,0.619085,,35672200,,
0,2,,0.093957,0.379401,0.526642,,33960800,,
0,2,,0.136722,0.160905,0.702373,,34397100,,
0,2,,0.135258,0.279336,0.585406,,33861500,,
0,2,,0.114529,0.230119,0.655352,,33189700,,
0,2,,0.109353,0.309091,0.581556,,34228700,,
0,2,,0.120151,0.349783,0.530066,,33062800,,
0,2,,0.114197,0.179389,0.706413,,33585700,,
0,2,,0.147048,0.257522,0.59543,,33920700,,
0,2,,0.10539,0.272397,0.622214,,34087100,,
0,2,,0.091601,0.246969,0.661429,,34689800,,
0,2,,0.141598,0.264057,0.594345,,33045700,,
0,2,,0.139212,0.247819,0.612968,,34142500,,
0,2,,0.147877,0.187444,0.66468,,36801200,,
0,2,,0.114994,0.238876,0.646131,,32509500,,
0,2,,0.185447,0.190501,0.624051,,41179600,,
0,2,,0.125835,0.174742,0.699423,,34935300,,
0,2,,0.169797,0.293207,0.536996,,36158100,,
0,2,,0.16334,0.279911,0.556749,,37129600,,
0,2,,0.115276,0.266177,0.618547,,34835100,,
0,2,,0.143708,0.278787,0.577506,,36158500,,
0,2,,0.130073,0.331123,0.538805,,39167000,,
0,2,,0.09238,0.152754,0.754867,,35493700,,
0,2,,0.138027,0.198669,0.663304,,32268400,,
0,2,,0.160962,0.21193,0.627108,,31983200,,
0,2,,0.104847,0.208631,0.686521,,32731400,,
0,2,,0.106223,0.273649,0.620128,,32760800,,
0,2,,0.13128,0.184112,0.684608,,31706200,,
0,2,,0.117021,0.228711,0.654268,,31388400,,
0,2,,0.101943,0.159888,0.738169,,30808700,,
0,2,,0.121615,0.312023,0.566361,,32423900,,
0,2,,0.116651,0.205146,0.678203,,30434400,,
0,2,,0.138186,0.331472,0.530343,,32087900,,
0,2,,0.103147,0.156021,0.740833,,30758200,,
0,2,,0.102214,0.291584,0.606202,,30885900,,
0,2,,0.124823,0.277156,0.59802,,31436500,,
0,2,,0.113465,0.265714,0.62082,,31108900,,
0,2,,0.118292,0.235967,0.645741,,30655600,,
0,2,,0.125713,0.245349,0.628937,,30874400,,
0,2,,0.12452,0.231529,0.643951,,31405000,,
0,2,,0.179561,0.265238,0.555201,,29458400,,
0,2,,0.085149,0.388973,0.525878,,28582000,,
0,2,,0.103861,0.264158,0.631981,,29228300,,
0,2,,0.120411,0.243366,0.636224,,28413800,,
0,2,,0.139596,0.208542,0.651863,,29399700,,
0,2,,0.131031,0.192252,0.676718,,28556300,,
0,2,,0.114654,0.296094,0.589251,,28572200,,
0,2,,0.089908,0.158809,0.751283,,29711400,,
0,2,,0.152297,0.243743,0.60396,,28932600,,
0,2,,0.123814,0.226094,0.650092,,29973700,,
0,2,,0.107625,0.271114,0.621261,,28051000,,
0,2,,0.157605,0.194504,0.647891,,28688700,,
0,2,,0.165006,0.225996,0.608998,,27716200,,
0,2,,0.10968,0.321905,0.568415,,31069700,,
0,2,,0.117004,0.180741,0.702256,,31164000,,
0,2,,0.155367,0.225713,0.61892,,34689100,,
0,2,,0.079284,0.329655,0.591061,,33591600,,
0,2,,0.095528,0.238761,0.665711,,31809000,,
0,2,,0.153851,0.270602,0.575546,,31480700,,
0,2,,0.104196,0.213354,0.68245,,34005100,,
0,2,,0.090225,0.321227,0.588548,,33966400,,
0,2,,0.088121,0.268614,0.643265,,34291400,,
0,2,,0.136534,0.310016,0.553449,,36852100,,
0,2,,0.119679,0.235998,0.644323,,30113300,,
0,2,,0.110235,0.223036,0.666729,,31033400,,
0,2,,0.266082,0.291175,0.442743,,29104100,,
0,2,,0.142851,0.275111,0.582039,,29077400,,
0,2,,0.189963,0.252441,0.557595,,31241800,,
0,2,,0.14839,0.291184,0.560426,,34608900,,
0,2,,0.11382,0.256745,0.629435,,35034700,,
0,2,,0.100807,0.276209,0.622984,,35147700,,
0,2,,0.10159,0.233102,0.665308,,33799200,,
0,2,,0.142019,0.297085,0.560896,,36087900,,
0,2,,0.145748,0.212372,0.64188,,33291500,,
0,2,,0.157011,0.2306,0.612389,,34543700,,
0,2,,0.101423,0.254448,0.64413,,36271000,,
0,2,,0.162498,0.245642,0.59186,,37055900,,
0,2,,0.144401,0.251004,0.604594,,38296300,,
0,2,,0.144074,0.281131,0.574796,,38233500,,
0,2,,0.161358,0.239116,0.599526,,37805000,,
0,2,,0.087182,0.275569,0.637249,,35645600,,
0,2,,0.088335,0.257546,0.654119,,34040500,,
0,2,,0.129147,0.223114,0.647739,,33788700,,
0,2,,0.133278,0.258374,0.608348,,32996800,,
0,2,,0.12328,0.232755,0.643965,,32428500,,
0,2,,0.119598,0.208149,0.672253,,31944800,,
0,2,,0.188159,0.229942,0.581899,,32501500,,
0,2,,0.098189,0.287832,0.613979,,34398800,,
0,2,,0.089546,0.286152,0.624302,,33523300,,
0,2,,0.137517,0.256402,0.606081,,33884200,,
0,2,,0.107086,0.288989,0.603925,,32287600,,
0,2,,0.157271,0.218744,0.623984,,31573100,,
0,2,,0.099315,0.190441,0.710244,,33599400,,
0,2,,0.119788,0.261279,0.618933,,36857300,,
0,2,,0.128176,0.273468,0.598356,,40715200,,
0,2,,0.115092,0.243295,0.641613,,46296000,,
0,2,,0.149037,0.256326,0.594637,,43123100,,
0,2,,0.105411,0.239005,0.655584,,42301800,,
0,2,,0.152708,0.275017,0.572276,,66072700,,
0,2,,0.091392,0.360921,0.547687,,45505900,,
0,2,,0.103033,0.282299,0.614668,,33107600,,
0,2,,0.085817,0.238258,0.675925,,32853500,,
0,2,,0.076452,0.201166,0.722382,,32596600,,
0,2,,0.160834,0.244333,0.594832,,31938300,,
0,2,,0.144997,0.278622,0.576381,,39903500,,
0,2,,0.191823,0.262738,0.545439,,44394800,,
0,2,,0.134181,0.212436,0.653383,,37745600,,
0,2,,0.114882,0.254365,0.630753,,32128500,,
0,2,,0.132422,0.252041,0.615537,,31860000,,
0,2,,0.113965,0.289276,0.596758,,32370600,,
0,2,,0.11745,0.262371,0.620179,,32408500,,
0,2,,0.106926,0.181572,0.711501,,35136000,,
0,2,,0.129243,0.281957,0.5888,,33215600,,
0,2,,0.081325,0.279591,0.639083,,32666000,,
0,2,,0.099853,0.228618,0.671529,,31614900,,
0,2,,0.103425,0.28478,0.611795,,31769100,,
0,2,,0.114685,0.216258,0.669057,,31152000,,
0,2,,0.143955,0.220095,0.635951,,32120700,,
0,2,,0.177269,0.295825,0.526906,,31800100,,
0,2,,0.135462,0.23905,0.625488,,31507800,,
0,2,,0.057762,0.384584,0.557654,,31152900,,
0,2,,0.106019,0.239021,0.65496,,31044900,,
0,2,,0.127554,0.300596,0.57185,,32082400,,
0,2,,0.108659,0.280106,0.611235,,31172300,,
0,2,,0.14756,0.213697,0.638743,,31644000,,
0,2,,0.138514,0.258449,0.603037,,31328300,,
0,2,,0.096551,0.220831,0.682617,,31767700,,
0,2,,0.115946,0.269834,0.61422,,32453900,,
0,2,,0.13429,0.163255,0.702455,,31679500,,
0,2,,0.112015,0.23272,0.655265,,31605200,,
0,2,,0.114453,0.319157,0.56639,,32651300,,
0,2,,0.147302,0.320682,0.532016,,34911500,,
0,2,,0.037417,0.210729,0.751854,,35758500,,
0,2,,0.152558,0.2868,0.560642,,34565800,,
0,2,,0.105003,0.237647,0.65735,,35415800,,
0,2,,0.11546,0.259108,0.625432,,34494100,,
0,2,,0.077736,0.24701,0.675254,,30673400,,
0,2,,0.151233,0.249067,0.5997,,29989100,,
0,2,,0.073372,0.349602,0.577026,,30027100,,
0,2,,0.128431,0.303388,0.568181,,30387100,,
0,2,,0.162264,0.232436,0.605301,,30032800,,
0,2,,0.097817,0.272194,0.629989,,30134000,,
0,2,,0.12602,0.332555,0.541425,,29782300,,
0,2,,0.088345,0.303115,0.60854,,30441400,,
0,2,,0.121168,0.26627,0.612562,,30336800,,
0,2,,0.142161,0.286812,0.571026,,30124800,,
0,2,,0.143049,0.220602,0.636349,,31066400,,
0,2,,0.111563,0.208466,0.679971,,31628200,,
0,2,,0.107419,0.196286,0.696295,,30299200,,
0,2,,0.147168,0.264767,0.588065,,30761700,,
0,2,,0.0994,0.187872,0.712728,,29476100,,
0,2,,0.13258,0.205081,0.66234,,31328000,,
0,2,,0.056979,0.364281,0.57874,,30151300,,
0,2,,0.102857,0.278707,0.618436,,29648500,,
0,2,,0.121776,0.373943,0.504281,,30275300,,
0,2,,0.169709,0.185632,0.644659,,30310900,,
0,2,,0.115355,0.312317,0.572327,,29830500,,
0,2,,0.137138,0.313251,0.549612,,30726800,,
0,2,,0.085626,0.372021,0.542352,,31054900,,
0,2,,0.102881,0.241358,0.655761,,31950000,,
0,2,,0.110045,0.331299,0.558656,,30978600,,
0,2,,0.091396,0.171162,0.737442,,30334800,,
0,2,,0.110331,0.32872,0.560949,,30447700,,
0,2,,0.15954,0.199356,0.641104,,33765700,,
0,2,,0.150491,0.235529,0.61398,,30339000,,
0,2,,0.083051,0.258628,0.658322,,30675100,,
0,2,,0.152938,0.174166,0.672897,,31374800,,
0,2,,0.155941,0.259471,0.584588,,31322300,,
0,2,,0.124272,0.314067,0.561661,,33787100,,
0,2,,0.135545,0.298442,0.566012,,31048700,,
0,2,,0.097941,0.296647,0.605412,,31616000,,
0,2,,0.10766,0.288142,0.604199,,33040600,,
0,2,,0.119698,0.201526,0.678776,,35436600,,
0,2,,0.104797,0.319922,0.575282,,35931300,,
0,2,,0.132923,0.245233,0.621844,,35583700,,
0,2,,0.04416,0.295648,0.660192,,38719500,,
0,2,,0.159826,0.216812,0.623362,,38079300,,
0,2,,0.116525,0.209674,0.673801,,38660900,,
0,2,,0.115393,0.296793,0.587814,,44711200,,
0,2,,0.099142,0.429762,0.471095,,40702000,,
0,2,,0.124192,0.325971,0.549837,,37080300,,
0,2,,0.178233,0.23467,0.587098,,33660000,,
0,2,,0.090202,0.277467,0.632331,,31933900,,
0,2,,0.118276,0.292604,0.58912,,32436000,,
0,2,,0.127002,0.344834,0.528164,,30226200,,
0,2,,0.076487,0.266397,0.657116,,30255100,,
0,2,,0.109117,0.285041,0.605842,,29413200,,
0,2,,0.105654,0.329914,0.564432,,30541100,,
0,2,,0.092926,0.295135,0.611939,,30400000,,
0,2,,0.116382,0.22794,0.655679,,33089200,,
0,2,,0.15502,0.229653,0.615327,,31529100,,
0,2,,0.106387,0.255918,0.637695,,32331500,,
0,2,,0.143796,0.20111,0.655094,,31314200,,
0,2,,0.123279,0.189538,0.687183,,31941600,,
0,2,,0.109049,0.264372,0.626579,,30627800,,
0,2,,0.120146,0.288637,0.591218,,31383900,,
0,2,,0.125052,0.246952,0.627996,,29965400,,
0,2,,0.117677,0.274839,0.607485,,30864500,,
0,2,,0.091938,0.293226,0.614837,,30436600,,
0,2,,0.147346,0.307852,0.544802,,30347500,,
0,2,,0.104851,0.349468,0.54568,,33638500,,
0,2,,0.104298,0.187219,0.708482,,31513000,,
0,2,,0.16889,0.18784,0.643269,,30625500,,
0,2,,0.111152,0.299902,0.588945,,30157000,,
0,2,,0.140429,0.268121,0.59145,,29831800,,
0,2,,0.155805,0.264099,0.580096,,29717500,,
0,2,,0.101246,0.282703,0.61605,,31840200,,
0,2,,0.161059,0.186653,0.652289,,31016000,,
0,2,,0.140455,0.226474,0.633071,,30998400,,
0,2,,0.132491,0.177623,0.689886,,31298600,,
0,2,,0.113449,0.272365,0.614186,,32489600,,
0,2,,0.147405,0.268307,0.584288,,31697800,,
0,2,,0.045635,0.227641,0.726724,,31840700,,
0,2,,0.065086,0.354056,0.580858,,30958300,,
0,2,,0.121549,0.231012,0.647438,,30715100,,
0,2,,0.09443,0.337422,0.568148,,32060600,,
0,2,,0.11204,0.270307,0.617653,,30583400,,
0,2,,0.149976,0.265357,0.584667,,30720700,,
0,2,,0.086739,0.338267,0.574993,,29642800,,
0,2,,0.130544,0.296182,0.573274,,30056400,,
0,2,,0.109273,0.304987,0.58574,,30162400,,
0,2,,0.160392,0.221332,0.618276,,32584900,,
0,2,,0.124191,0.187471,0.688338,,32580700,,
0,2,,0.117059,0.428336,0.454604,,41750100,,
0,2,,0.075063,0.206396,0.718541,,40752800,,
0,2,,0.122575,0.21807,0.659355,,31239700,,
0,2,,0.11015,0.245289,0.644561,,31540700,,
0,2,,0.110064,0.256471,0.633465,,31514200,,
0,2,,0.090423,0.306129,0.603448,,30500500,,
0,2,,0.101745,0.199351,0.698905,,30469300,,
0,2,,0.100297,0.211881,0.687822,,31304300,,
0,2,,0.059169,0.328557,0.612273,,31154700,,
0,2,,0.178933,0.27335,0.547717,,31165400,,
0,2,,0.138504,0.28708,0.574416,,30991200,,
0,2,,0.103492,0.218847,0.677661,,30438700,,
0,2,,0.142758,0.267525,0.589717,,31223500,,
0,2,,0.124082,0.353344,0.522574,,30736400,,
0,2,,0.158288,0.191108,0.650605,,31372300,,
0,2,,0.121267,0.243998,0.634736,,30673200,,
0,2,,0.128672,0.254159,0.617169,,30950800,,
0,2,,0.120778,0.333271,0.545951,,31701000,,
0,2,,0.075448,0.275323,0.649229,,31268900,,
0,2,,0.177441,0.233662,0.588898,,30501300,,
0,2,,0.180623,0.324932,0.494445,,30480400,,
0,2,,0.106937,0.20207,0.690993,,31244900,,
0,2,,0.151488,0.314615,0.533897,,32466100,,
0,2,,0.103092,0.309704,0.587204,,34403400,,
0,2,,0.172574,0.306329,0.521098,,31391000,,
0,2,,0.097494,0.355332,0.547174,,30587800,,
0,2,,0.105727,0.302492,0.591781,,31075800,,
0,2,,0.093029,0.244384,0.662586,,31785000,,
0,2,,0.154974,0.34995,0.495076,,31403500,,
0,2,,0.095596,0.213661,0.690743,,31219700,,
0,2,,0.124788,0.295673,0.579539,,30926800,,
0,2,,0.152762,0.167211,0.680027,,30399900,,
0,2,,0.085281,0.282905,0.631815,,31801100,,
0,2,,0.097832,0.319732,0.582436,,30859600,,
0,2,,0.085976,0.345941,0.568083,,31482500,,
0,2,,0.109952,0.245063,0.644985,,31064000,,
0,2,,0.087908,0.244835,0.667257,,31588600,,
0,2,,0.160576,0.328109,0.511315,,31089500,,
0,2,,0.122737,0.280135,0.597129,,31454100,,
0,2,,0.159007,0.232121,0.608872,,30763300,,
0,2,,0.154925,0.266736,0.578339,,32429000,,
0,2,,0.058801,0.248513,0.692686,,31179400,,
0,2,,0.099453,0.256357,0.644189,,31528900,,
0,2,,0.137428,0.279083,0.583489,,30018300,,
0,2,,0.107244,0.218983,0.673773,,31026400,,
0,2,,0.103645,0.392032,0.504323,,31677800,,
0,2,,0.121712,0.287349,0.590939,,30842200,,
0,2,,0.150293,0.288286,0.561421,,30528600,,
0,2,,0.099789,0.31899,0.581222,,31407700,,
0,2,,0.160543,0.289873,0.549584,,31320300,,
0,2,,0.101021,0.257267,0.641713,,31626100,,
0,2,,0.112438,0.240762,0.6468,,30870900,,
0,2,,0.115814,0.306168,0.578018,,30532400,,
0,2,,0.117115,0.331465,0.55142,,30821900,,
0,2,,0.061145,0.460082,0.478773,,31351700,,
0,2,,0.148981,0.292055,0.558963,,30830800,,
0,2,,0.096179,0.310436,0.593385,,31299800,,
0,2,,0.164675,0.240516,0.594809,,31082800,,
0,2,,0.111637,0.25552,0.632843,,31398600,,
0,2,,0.100517,0.245977,0.653506,,31625600,,
0,2,,0.166288,0.206824,0.626888,,31675500,,
0,2,,0.122371,0.271953,0.605675,,31173400,,
0,2,,0.12909,0.176509,0.694401,,31454900,,
0,2,,0.112077,0.376106,0.511817,,33724600,,
0,2,,0.124768,0.189463,0.685768,,35904500,,
0,2,,0.1004,0.258073,0.641527,,37386300,,
0,2,,0.198954,0.270516,0.53053,,38044000,,
0,2,,0.168665,0.242553,0.588781,,38843800,,
0,2,,0.12223,0.283747,0.594022,,38997200,,
0,2,,0.136448,0.312592,0.550961,,37960700,,
0,2,,0.107916,0.306736,0.585348,,39947900,,
0,2,,0.112017,0.287854,0.600129,,40180400,,
0,2,,0.18789,0.264358,0.547752,,41609600,,
0,2,,0.109805,0.266934,0.623261,,41151400,,
0,2,,0.123492,0.278449,0.598059,,42384100,,
0,2,,0.107426,0.182077,0.710497,,42927200,,
0,2,,0.16723,0.189451,0.643319,,43072100,,
0,2,,0.198183,0.302853,0.498964,,40882600,,
0,2,,0.158375,0.222038,0.619587,,55694100,,
0,2,,0.076801,0.314786,0.608413,,38126500,,
0,2,,0.148432,0.270206,0.581362,,37234200,,
0,2,,0.116988,0.210007,0.673005,,36180400,,
0,2,,0.082651,0.25194,0.665409,,35445700,,
0,2,,0.122315,0.286425,0.59126,,36134000,,
0,2,,0.149856,0.20492,0.645223,,43458700,,
0,2,,0.146101,0.266873,0.587026,,44285400,,
0,2,,0.097136,0.281661,0.621203,,36314100,,
0,2,,0.148001,0.24791,0.604089,,35423600,,
0,2,,0.085163,0.16919,0.745647,,37899600,,
0,2,,0.1316,0.216913,0.651487,,42391200,,
0,2,,0.117511,0.21624,0.666249,,42234500,,
0,2,,0.095723,0.381957,0.52232,,42289800,,
0,2,,0.088833,0.272481,0.638686,,39831200,,
0,2,,0.107709,0.218956,0.673335,,38699000,,
0,2,,0.111117,0.254008,0.634875,,39544400,,
0,2,,0.121874,0.344479,0.533647,,35673800,,
0,2,,0.073182,0.185879,0.740939,,33331800,,
0,2,,0.102474,0.275209,0.622317,,31713600,,
0,2,,0.151708,0.29525,0.553042,,29867700,,
0,2,,0.15142,0.264463,0.584117,,30123400,,
0,2,,0.114889,0.226523,0.658588,,30412400,,
0,2,,0.113415,0.248808,0.637777,,30429500,,
0,2,,0.108503,0.375565,0.515932,,29615000,,
0,2,,0.054567,0.301799,0.643634,,30540000,,
0,2,,0.052849,0.329576,0.617575,,34340600,,
0,2,,0.16548,0.208306,0.626214,,38481700,,
0,2,,0.134253,0.287549,0.578198,,37891800,,
0,2,,0.103011,0.336419,0.56057,,39476100,,
0,2,,0.15101,0.267892,0.581098,,38238300,,
0,2,,0.108559,0.269834,0.621606,,36988300,,
0,2,,0.093318,0.264312,0.64237,,35852600,,
0,2,,0.224635,0.197978,0.577387,,33397500,,
0,2,,0.115207,0.275599,0.609194,,34550100,,
0,2,,0.136203,0.256372,0.607425,,33488700,,
0,2,,0.132115,0.3029,0.564985,,30840200,,
0,2,,0.109787,0.322043,0.568171,,30337300,,
0,2,,0.13351,0.266522,0.599968,,31632800,,
0,2,,0.11042,0.21194,0.67764,,30992600,,
0,2,,0.168544,0.292613,0.538843,,30523200,,
0,2,,0.123099,0.209613,0.667288,,32025200,,
0,2,,0.143596,0.298024,0.55838,,29510000,,
0,2,,0.091234,0.290747,0.618018,,29619300,,
0,2,,0.130128,0.210872,0.658999,,29179600,,
0,2,,0.138983,0.304164,0.556853,,28778200,,
0,2,,0.142282,0.21614,0.641577,,29310400,,
0,2,,0.041888,0.274638,0.683474,,29441600,,
0,2,,0.085576,0.22483,0.689594,,29727500,,
0,2,,0.128815,0.295768,0.575418,,29294400,,
0,2,,0.118284,0.200514,0.681202,,30126200,,
0,2,,0.087275,0.251741,0.660985,,29142400,,
0,2,,0.1264,0.310327,0.563272,,29664200,,
0,2,,0.116615,0.276587,0.606798,,31324400,,
0,2,,0.107169,0.144865,0.747966,,29128100,,
0,2,,0.118712,0.199417,0.68187,,30218200,,
0,2,,0.163995,0.2703,0.565704,,33244500,,
0,2,,0.101602,0.242371,0.656028,,36537900,,
0,2,,0.122255,0.200698,0.677047,,37416500,,
0,2,,0.139737,0.196187,0.664076,,36985200,,
0,2,,0.121555,0.317596,0.560849,,36767200,,
0,2,,0.251834,0.222189,0.525977,,34031000,,
0,2,,0.082343,0.378803,0.538854,,32058600,,
0,2,,0.131447,0.329759,0.538794,,28898200,,
0,2,,0.131164,0.262849,0.605987,,30727500,,
0,2,,0.18681,0.24296,0.57023,,36804700,,
0,2,,0.13504,0.290347,0.574613,,37422600,,
0,2,,0.121588,0.211108,0.667305,,37419700,,
0,2,,0.098522,0.28963,0.611848,,37257400,,
0,2,,0.106101,0.252521,0.641378,,37839300,,
0,2,,0.08181,0.271404,0.646786,,32967800,,
0,2,,0.117595,0.269658,0.612747,,30060600,,
0,2,,0.106138,0.28623,0.607631,,33654000,,
0,2,,0.148644,0.294944,0.556412,,33946700,,
0,2,,0.121885,0.266229,0.611886,,33613500,,
0,2,,0.117032,0.241027,0.641941,,34001300,,
0,2,,0.088194,0.318306,0.5935,,43421700,,
0,2,,0.115487,0.282331,0.602181,,40804200,,
0,2,,0.201974,0.253012,0.545014,,35864100,,
0,2,,0.114734,0.360927,0.524339,,33770500,,
0,2,,0.092743,0.148755,0.758502,,33930500,,
0,2,,0.07604,0.352451,0.571509,,33827000,,
0,2,,0.12974,0.21623,0.65403,,33157200,,
0,2,,0.112614,0.132323,0.755063,,32931200,,
0,2,,0.089278,0.318327,0.592395,,31192300,,
0,2,,0.096796,0.25374,0.649465,,30269700,,
0,2,,0.14791,0.26282,0.58927,,31042300,,
0,2,,0.133126,0.290006,0.576868,,28950000,,
0,2,,0.105329,0.17895,0.715721,,34022700,,
0,2,,0.103506,0.23652,0.659974,,40622700,,
0,2,,0.151773,0.248874,0.599353,,37593600,,
0,2,,0.183218,0.297306,0.519476,,38491200,,
0,2,,0.10206,0.168426,0.729514,,37134100,,
0,2,,0.076378,0.238179,0.685444,,38109200,,
0,2,,0.158201,0.255308,0.58649,,36773500,,
0,2,,0.10814,0.285319,0.606541,,33795100,,
0,2,,0.063936,0.186653,0.749411,,30791700,,
0,2,,0.107613,0.244422,0.647965,,32394400,,
0,2,,0.114269,0.236773,0.648959,,30654600,,
0,2,,0.091536,0.262657,0.645808,,29915100,,
0,2,,0.163847,0.191829,0.644324,,29092600,,
0,2,,0.153338,0.296307,0.550356,,30336800,,
0,2,,0.146109,0.24725,0.606641,,29637500,,
0,2,,0.18396,0.233361,0.582679,,31796300,,
0,2,,0.104297,0.289615,0.606088,,36022600,,
0,2,,0.127891,0.187875,0.684234,,32636200,,
0,2,,0.098284,0.159231,0.742484,,31454600,,
0,2,,0.136846,0.212958,0.650196,,35600400,,
0,2,,0.104267,0.256027,0.639706,,32034200,,
0,2,,0.171653,0.244672,0.583675,,30348100,,
0,2,,0.144601,0.310746,0.544654,,32601900,,
0,2,,0.170676,0.214573,0.614752,,30094300,,
0,2,,0.130621,0.248446,0.620932,,30517400,,
0,2,,0.147518,0.247219,0.605264,,31723300,,
0,2,,0.083833,0.19533,0.720838,,31843400,,
0,2,,0.112679,0.352543,0.534778,,30075100,,
0,2,,0.104547,0.218816,0.676637,,31568200,,
0,2,,0.112816,0.182542,0.704642,,29747300,,
0,2,,0.1458,0.270743,0.583456,,29723700,,
0,2,,0.133627,0.274707,0.591666,,32437600,,
0,2,,0.09215,0.261712,0.646137,,31632200,,
0,2,,0.160359,0.23269,0.60695,,29474200,,
0,2,,0.156362,0.234258,0.609381,,35830900,,
0,2,,0.119385,0.345921,0.534694,,43493800,,
0,2,,0.082196,0.391821,0.525984,,45040600,,
0,2,,0.156341,0.264577,0.579083,,38416000,,
0,2,,0.1274,0.360172,0.512428,,40624200,,
0,2,,0.158443,0.22096,0.620598,,35873600,,
0,2,,0.114201,0.296319,0.589479,,36395700,,
0,2,,0.102457,0.226999,0.670544,,34919600,,
0,2,,0.096848,0.171738,0.731414,,37194900,,
0,2,,0.094593,0.274354,0.631053,,36129800,,
0,2,,0.16342,0.262497,0.574083,,55326200,,
0,2,,0.101512,0.331806,0.566682,,46192600,,
0,2,,0.122266,0.220367,0.657368,,38898600,,
0,2,,0.122632,0.243317,0.634051,,28259300,,
0,2,,0.105377,0.347455,0.547168,,28643900,,
0,2,,0.158755,0.245969,0.595276,,28329900,,
0,2,,0.042017,0.3475,0.610483,,28643900,,
0,2,,0.088739,0.292394,0.618867,,29794800,,
0,2,,0.086586,0.317777,0.595637,,28755000,,
0,2,,0.078893,0.366756,0.55435,,28335600,,
0,2,,0.109736,0.209986,0.680278,,30885500,,
0,2,,0.122783,0.20157,0.675647,,30891700,,
0,2,,0.137529,0.329243,0.533229,,35309200,,
0,2,,0.1408,0.271075,0.588125,,35739700,,
0,2,,0.117971,0.226743,0.655286,,36135800,,
0,2,,0.144265,0.254295,0.601441,,32694800,,
0,2,,0.057575,0.323244,0.619181,,31100800,,
0,2,,0.127135,0.226351,0.646513,,29716300,,
0,2,,0.046962,0.324617,0.628421,,32348300,,
0,2,,0.186093,0.257821,0.556086,,29892200,,
0,2,,0.144873,0.280523,0.574604,,31713100,,
0,2,,0.089085,0.3927,0.518216,,29695500,,
0,2,,0.163198,0.331606,0.505196,,29946100,,
0,2,,0.121409,0.281127,0.597464,,30644500,,
0,2,,0.125453,0.24235,0.632198,,30744000,,
0,2,,0.110375,0.318698,0.570927,,30599000,,
0,2,,0.083208,0.361697,0.555096,,30771800,,
0,2,,0.10112,0.219836,0.679045,,32140300,,
0,2,,0.128334,0.289015,0.582651,,29415000,,
0,2,,0.178842,0.258415,0.562743,,30158400,,
0,2,,0.099475,0.274083,0.626442,,29853800,,
0,2,,0.099328,0.183183,0.717489,,28639200,,
0,2,,0.084071,0.292019,0.62391,,29281300,,
0,2,,0.144523,0.2935,0.561977,,29184200,,
0,2,,0.142196,0.314874,0.54293,,30053600,,
0,2,,0.07629,0.391682,0.532029,,30136800,,
0,2,,0.139836,0.225227,0.634937,,33035600,,
0,2,,0.129457,0.270367,0.600176,,34732700,,
0,2,,0.104747,0.230221,0.665031,,34961000,,
0,2,,0.126785,0.361453,0.511762,,33841600,,
0,2,,0.163981,0.227805,0.608214,,32880400,,
0,2,,0.161464,0.216627,0.621909,,32078800,,
0,2,,0.082364,0.303026,0.61461,,32754600,,
0,2,,0.141368,0.232461,0.626171,,30836100,,
0,2,,0.125213,0.247335,0.627452,,29093000,,
0,2,,0.119822,0.208427,0.671751,,28547500,,
0,2,,0.140364,0.287369,0.572267,,30412500,,
0,2,,0.119702,0.263118,0.617179,,29557600,,
0,2,,0.061976,0.291729,0.646295,,28534700,,
0,2,,0.121901,0.249795,0.628303,,28327500,,
0,2,,0.047513,0.263455,0.689032,,28616600,,
0,2,,0.168189,0.185463,0.646348,,29086500,,
0,2,,0.095427,0.376565,0.528008,,30197000,,
0,2,,0.088681,0.160641,0.750678,,28808200,,
0,2,,0.071979,0.318425,0.609597,,28670900,,
0,2,,0.137571,0.248549,0.61388,,28728300,,
0,2,,0.171446,0.242868,0.585686,,28451800,,
0,2,,0.133488,0.263923,0.602589,,29113600,,
0,2,,0.137598,0.218528,0.643874,,28618800,,
0,2,,0.071119,0.228638,0.700243,,29189800,,
0,2,,0.102312,0.212079,0.685609,,29585900,,
0,2,,0.102959,0.297704,0.599337,,27962200,,
0,2,,0.149445,0.216416,0.634138,,29485400,,
0,2,,0.134512,0.26504,0.600447,,29337800,,
0,2,,0.143551,0.237779,0.61867,,28478100,,
0,2,,0.106885,0.258872,0.634243,,28963800,,
0,2,,0.135639,0.283981,0.58038,,28702300,,
0,2,,0.104071,0.222126,0.673803,,34261800,,
0,2,,0.104433,0.235982,0.659585,,29205300,,
0,2,,0.122043,0.24311,0.634847,,29692600,,
0,2,,0.103041,0.224361,0.672598,,28803500,,
0,2,,0.175633,0.336452,0.487915,,30267800,,
0,2,,0.129165,0.31467,0.556165,,30605900,,
0,2,,0.10242,0.257491,0.64009,,28287900,,
0,2,,0.116004,0.235813,0.648183,,29598600,,
0,2,,0.121881,0.275201,0.602917,,28310500,,
0,2,,0.076054,0.277908,0.646037,,28375800,,
0,2,,0.127722,0.280634,0.591643,,29106800,,
0,2,,0.143424,0.230992,0.625584,,28536900,,
0,2,,0.154579,0.202311,0.64311,,28464600,,
0,2,,0.139495,0.249869,0.610636,,28421200,,
0,2,,0.13315,0.294577,0.572273,,28574500,,
0,2,,0.1164,0.222295,0.661305,,29741800,,
0,2,,0.075856,0.27008,0.654064,,29196000,,
0,2,,0.106744,0.310143,0.583114,,28310100,,
0,2,,0.214466,0.344015,0.441519,,29294900,,
0,2,,0.12307,0.302835,0.574094,,29177200,,
0,2,,0.166316,0.22406,0.609624,,29040100,,
0,2,,0.085459,0.342164,0.572377,,28628000,,
0,2,,0.116688,0.28642,0.596891,,29081000,,
0,2,,0.108691,0.270589,0.62072,,28418200,,
0,2,,0.14584,0.262822,0.591338,,29958800,,
0,2,,0.084925,0.242234,0.672841,,31940900,,
0,2,,0.138444,0.199756,0.6618,,30755200,,
0,2,,0.115271,0.200041,0.684689,,31081400,,
0,2,,0.123347,0.320641,0.556012,,31305000,,
0,2,,0.085326,0.281134,0.633539,,33651000,,
0,2,,0.185226,0.277389,0.537385,,35509900,,
0,2,,0.116702,0.273862,0.609436,,40126200,,
0,2,,0.117375,0.313973,0.568652,,39716400,,
0,2,,0.169148,0.181188,0.649665,,39495700,,
0,2,,0.137086,0.271691,0.591223,,39262100,,
0,2,,0.157599,0.287899,0.554503,,38266700,,
0,2,,0.122986,0.227795,0.649218,,37993500,,
0,2,,0.092008,0.305649,0.602343,,35139100,,
0,2,,0.114605,0.297903,0.587492,,33065700,,
0,2,,0.124119,0.242286,0.633595,,33912400,,
0,2,,0.135594,0.209978,0.654428,,33738300,,
0,2,,0.111144,0.372363,0.516494,,32242600,,
0,2,,0.097546,0.201947,0.700506,,31671500,,
0,1,,0.078491,0.522958,0.39855,,30306400,,
0,2,,0.165336,0.276332,0.558332,,33079500,,
0,2,,0.096787,0.201969,0.701244,,40318000,,
0,2,,0.133188,0.263431,0.603381,,40093100,,
0,2,,0.099897,0.318531,0.581572,,41573600,,
0,2,,0.135595,0.280535,0.58387,,41140400,,
0,2,,0.143821,0.269084,0.587095,,34710400,,
0,2,,0.110538,0.323752,0.56571,,34498900,,
0,2,,0.155848,0.152979,0.691174,,39715700,,
0,2,,0.174555,0.235137,0.590309,,39598500,,
0,2,,0.101175,0.233629,0.665197,,39562800,,
0,2,,0.10466,0.340654,0.554685,,40125600,,
0,2,,0.09216,0.179704,0.728136,,36040000,,
0,2,,0.038669,0.260238,0.701093,,38762400,,
0,2,,0.1585,0.294661,0.546839,,37696700,,
0,2,,0.145348,0.28438,0.570272,,33810700,,
0,2,,0.119206,0.316555,0.564239,,31446200,,
0,2,,0.106938,0.303229,0.589833,,31681600,,
0,2,,0.141339,0.250237,0.608424,,31462300,,
0,2,,0.073542,0.358581,0.567877,,35640900,,
0,2,,0.127248,0.264956,0.607797,,38066600,,
0,2,,0.127089,0.28378,0.589131,,38786000,,
0,2,,0.078766,0.201179,0.720055,,36414500,,
0,2,,0.151056,0.258947,0.589997,,32532300,,
0,2,,0.091014,0.347543,0.561443,,32271400,,
0,2,,0.085523,0.233083,0.681395,,31136500,,
0,2,,0.130052,0.254071,0.615877,,32960600,,
0,2,,0.126317,0.301691,0.571993,,30707200,,
0,2,,0.138418,0.194108,0.667474,,30483500,,
0,2,,0.168433,0.256937,0.574629,,30281900,,
0,2,,0.117978,0.299441,0.582581,,30843500,,
0,2,,0.090917,0.233451,0.675632,,31022100,,
0,2,,0.094465,0.193411,0.712124,,31763000,,
0,2,,0.095951,0.322953,0.581096,,28928900,,
0,2,,0.089769,0.227273,0.682958,,32033600,,
0,2,,0.089608,0.191702,0.718691,,29446000,,
0,2,,0.112651,0.317318,0.570031,,37894300,,
0,2,,0.105383,0.249259,0.645358,,31845500,,
0,2,,0.129463,0.265589,0.604948,,29417900,,
0,2,,0.113628,0.17016,0.716212,,29673100,,
0,2,,0.126689,0.241664,0.631647,,28340200,,
0,2,,0.11929,0.324608,0.556103,,28767100,,
0,2,,0.182705,0.222811,0.594484,,28843300,,
0,2,,0.085591,0.283872,0.630537,,29322200,,
0,2,,0.149267,0.185178,0.665555,,40260000,,
0,2,,0.130277,0.209837,0.659886,,40657600,,
0,2,,0.105214,0.263726,0.63106,,42221000,,
0,2,,0.175317,0.295814,0.528869,,47291200,,
0,2,,0.089626,0.361536,0.548838,,37732400,,
0,2,,0.094201,0.179955,0.725844,,36801700,,
0,2,,0.15863,0.284022,0.557348,,33907000,,
0,2,,0.116922,0.274379,0.608699,,34868100,,
0,2,,0.155689,0.238971,0.60534,,36283300,,
0,2,,0.080913,0.332403,0.586684,,32291800,,
0,2,,0.152559,0.255988,0.591453,,34991500,,
0,2,,0.082822,0.179404,0.737773,,40134400,,
0,2,,0.090548,0.307281,0.602171,,35008300,,
0,2,,0.128994,0.1834,0.687605,,31542300,,
0,2,,0.148603,0.221234,0.630162,,31161900,,
0,2,,0.102094,0.25423,0.643676,,32439700,,
0,2,,0.103606,0.254119,0.642275,,31572500,,
0,2,,0.115992,0.227538,0.656469,,31279900,,
0,2,,0.12119,0.270281,0.608529,,31853800,,
0,2,,0.133446,0.24446,0.622094,,32266500,,
0,2,,0.11161,0.274145,0.614245,,38205400,,
0,2,,0.22071,0.195317,0.583973,,33768800,,
0,2,,0.130494,0.264406,0.6051,,30308700,,
0,2,,0.136839,0.214977,0.648183,,31183000,,
0,2,,0.138375,0.248757,0.612868,,32884700,,
0,2,,0.114767,0.269764,0.615469,,33088000,,
0,2,,0.152028,0.180168,0.667805,,33421400,,
0,2,,0.167382,0.29416,0.538458,,30236100,,
0,2,,0.163816,0.249085,0.587099,,30473000,,
0,2,,0.146106,0.240346,0.613548,,30438500,,
0,2,,0.136501,0.2641,0.599399,,34320500,,
0,2,,0.14775,0.240542,0.611708,,33260200,,
0,2,,0.119928,0.244172,0.6359,,34024600,,
0,2,,0.13117,0.243842,0.624988,,34748200,,
0,2,,0.08728,0.232339,0.680381,,37411600,,
0,2,,0.158027,0.244973,0.597,,37875300,,
0,2,,0.133505,0.308463,0.558032,,38586900,,
0,2,,0.112961,0.216536,0.670503,,44815400,,
0,2,,0.079723,0.224318,0.695959,,43605200,,
0,2,,0.253624,0.220075,0.5263,,45895700,,
0,2,,0.109728,0.300078,0.590194,,43672400,,
0,2,,0.089591,0.251201,0.659209,,42217000,,
0,2,,0.205276,0.246635,0.54809,,42383300,,
0,2,,0.083226,0.201442,0.715332,,43781700,,
0,2,,0.136568,0.323044,0.540388,,41148300,,
0,2,,0.115845,0.222233,0.661923,,37271800,,
0,2,,0.097081,0.417011,0.485908,,40876700,,
0,2,,0.103348,0.28464,0.612012,,33603800,,
0,2,,0.097919,0.240139,0.661942,,34015500,,
0,2,,0.061496,0.310908,0.627596,,56831000,,
0,2,,0.162981,0.303179,0.53384,,52550100,,
0,2,,0.143014,0.217122,0.639864,,35890200,,
0,2,,0.127004,0.259382,0.613614,,30636200,,
0,2,,0.134901,0.289988,0.575111,,30879100,,
0,2,,0.138497,0.220192,0.641311,,30542300,,
0,2,,0.178811,0.266948,0.554241,,33719700,,
0,2,,0.124474,0.268274,0.607252,,33096600,,
0,2,,0.107049,0.239738,0.653213,,30613600,,
0,2,,0.113588,0.252971,0.633442,,35104700,,
0,2,,0.092935,0.380876,0.526189,,32153600,,
0,2,,0.042586,0.274987,0.682426,,30074400,,
0,2,,0.10955,0.326894,0.563556,,30137400,,
0,2,,0.055683,0.379803,0.564514,,30877800,,
0,2,,0.11162,0.272672,0.615708,,30142600,,
0,2,,0.127706,0.326207,0.546087,,29964900,,
0,2,,0.120867,0.195144,0.68399,,31196200,,
0,2,,0.116183,0.257599,0.626218,,28483300,,
0,2,,0.11202,0.302578,0.585402,,29631800,,
0,2,,0.142017,0.254868,0.603115,,29737100,,
0,2,,0.09896,0.211815,0.689225,,30909500,,
0,2,,0.107513,0.193616,0.698871,,28269400,,
0,2,,0.156853,0.175174,0.667973,,28740700,,
0,2,,0.083948,0.408994,0.507058,,29242800,,
0,2,,0.100178,0.211463,0.688359,,28630000,,
0,2,,0.12943,0.225397,0.645173,,28514400,,
0,2,,0.133681,0.241308,0.625011,,28388200,,
0,2,,0.130404,0.225224,0.644373,,29333900,,
0,2,,0.132011,0.363649,0.504339,,29601500,,
0,2,,0.104064,0.265024,0.630912,,28125000,,
0,2,,0.10495,0.297675,0.597375,,27415800,,
0,2,,0.168425,0.25896,0.572615,,28382500,,
0,2,,0.107016,0.31507,0.577914,,28694900,,
0,2,,0.12009,0.262068,0.617841,,29458700,,
0,2,,0.112378,0.27328,0.614341,,28780100,,
0,2,,0.10767,0.291454,0.600876,,28352500,,
0,2,,0.162997,0.311269,0.525735,,30020500,,
0,2,,0.11042,0.301405,0.588175,,42619900,,
0,2,,0.11936,0.211917,0.668723,,37470200,,
0,2,,0.117124,0.328991,0.553886,,30805900,,
0,2,,0.115589,0.286608,0.597803,,29241000,,
0,2,,0.085059,0.212727,0.702214,,28593300,,
0,2,,0.122123,0.276346,0.601531,,29508400,,
0,2,,0.161375,0.226312,0.612312,,29102400,,
0,2,,0.110153,0.293298,0.596549,,30488700,,
0,2,,0.12406,0.227356,0.648584,,29660800,,
0,2,,0.123584,0.347937,0.52848,,31199100,,
0,2,,0.137141,0.286371,0.576488,,30373800,,
0,2,,0.103265,0.203729,0.693006,,29593100,,
0,2,,0.113176,0.237315,0.649509,,29280300,,
0,2,,0.160569,0.251822,0.587609,,29087700,,
0,2,,0.100965,0.229781,0.669254,,29162100,,
0,2,,0.208013,0.229563,0.562424,,28614600,,
0,2,,0.117139,0.229259,0.653602,,27757700,,
0,2,,0.127,0.209699,0.663301,,29398400,,
0,2,,0.14268,0.268092,0.589227,,34426000,,
0,2,,0.123009,0.312734,0.564258,,30774800,,
0,2,,0.161636,0.228065,0.610299,,28981300,,
0,2,,0.128289,0.207509,0.664202,,29230600,,
0,2,,0.126775,0.269027,0.604198,,28988800,,
0,2,,0.134285,0.244074,0.621641,,29422300,,
0,2,,0.150173,0.380341,0.469486,,30999400,,
0,2,,0.087939,0.27022,0.641841,,30143300,,
0,2,,0.134888,0.232625,0.632487,,29281900,,
0,2,,0.187042,0.257292,0.555666,,29514400,,
0,2,,0.130098,0.331326,0.538575,,29620400,,
0,2,,0.090862,0.253796,0.655342,,28977700,,
0,2,,0.115644,0.273477,0.610879,,29517200,,
0,2,,0.156476,0.164182,0.679342,,28624300,,
0,2,,0.125174,0.219408,0.655419,,29279600,,
0,2,,0.098088,0.32032,0.581592,,29477800,,
0,2,,0.088333,0.243975,0.667692,,29971700,,
0,2,,0.198897,0.361845,0.439258,,38117800,,
0,2,,0.134755,0.277504,0.587741,,36931700,,
0,2,,0.138379,0.217886,0.643735,,36791000,,
0,2,,0.099847,0.269327,0.630826,,39124600,,
0,2,,0.114899,0.295816,0.589285,,42525500,,
0,2,,0.127904,0.227149,0.644947,,46212500,,
0,2,,0.159081,0.197101,0.643818,,41295000,,
0,2,,0.143683,0.259747,0.59657,,31805900,,
0,2,,0.099133,0.363483,0.537384,,33582500,,
0,2,,0.077019,0.202509,0.720472,,33683100,,
0,2,,0.101114,0.204491,0.694395,,30543000,,
0,2,,0.132338,0.220001,0.647661,,30547400,,
0,2,,0.132567,0.3041,0.563332,,32131800,,
0,2,,0.130597,0.217395,0.652008,,36149000,,
0,2,,0.125033,0.268634,0.606333,,40685500,,
0,2,,0.111114,0.254509,0.634377,,44177200,,
0,2,,0.125092,0.258623,0.616286,,43604700,,
0,2,,0.123896,0.255829,0.620275,,60787800,,
0,2,,0.099134,0.326958,0.573908,,56809800,,
0,2,,0.052678,0.381412,0.56591,,41161500,,
0,2,,0.132805,0.224167,0.643028,,32420000,,
0,2,,0.036639,0.33415,0.62921,,49268900,,
0,2,,0.089484,0.24372,0.666796,,37095500,,
0,2,,0.129005,0.26706,0.603935,,35106300,,
0,2,,0.130477,0.261127,0.608397,,32239800,,
0,2,,0.129362,0.284005,0.586632,,30995500,,
