connect-4,CWE,test,3,NANOSECONDS,PREDICTIONS, Generated by ClassifierExperiments.java on 2022-05-16 23:28:48.    SYSTEMPROPERTIES:{user.name:matth,os.arch:amd64,os.name:Windows 10},ENDSYSTEMPROPERTIES
No parameter info
0.7002664298401421,22207610200,418124206800,-1,671843744,3,,-1,-1
0,2,,0.140018,0.313819,0.546163,,48482200,,
0,2,,0.195356,0.266479,0.538165,,33934100,,
0,2,,0.165452,0.349882,0.484666,,44539300,,
0,2,,0.14606,0.345842,0.508098,,30287500,,
0,2,,0.114812,0.344346,0.540842,,34463200,,
0,2,,0.121712,0.335568,0.54272,,48725400,,
0,2,,0.087272,0.294793,0.617935,,32284800,,
0,2,,0.1217,0.309171,0.569129,,29017600,,
0,2,,0.123449,0.268706,0.607844,,30641400,,
0,2,,0.107451,0.276235,0.616314,,28880300,,
0,2,,0.121367,0.312325,0.566308,,32013300,,
0,2,,0.149997,0.253624,0.596378,,30944800,,
0,2,,0.160787,0.179628,0.659585,,29478900,,
0,2,,0.18644,0.223789,0.589771,,29010800,,
0,2,,0.056182,0.359292,0.584525,,30545300,,
0,2,,0.105879,0.204268,0.689853,,33369000,,
0,2,,0.062316,0.357782,0.579902,,34342700,,
0,2,,0.095377,0.363867,0.540756,,34456000,,
0,2,,0.079677,0.087266,0.833057,,33074600,,
0,2,,0.158924,0.287335,0.553741,,37193100,,
0,2,,0.162838,0.209451,0.627711,,34631100,,
0,2,,0.053568,0.281846,0.664586,,29886100,,
0,2,,0.107932,0.198209,0.693859,,29234800,,
0,2,,0.045387,0.357697,0.596916,,29862500,,
0,2,,0.105582,0.31412,0.580298,,30351900,,
0,1,,0.156864,0.434475,0.408661,,29249200,,
0,2,,0.07705,0.246615,0.676335,,29279900,,
0,2,,0.132258,0.391998,0.475743,,33262600,,
0,2,,0.175111,0.306457,0.518432,,48802300,,
0,2,,0.088271,0.223646,0.688083,,42707600,,
0,2,,0.147277,0.2131,0.639623,,30843400,,
0,2,,0.129534,0.236639,0.633827,,29518900,,
0,2,,0.134827,0.252427,0.612745,,29919100,,
0,2,,0.151343,0.260809,0.587848,,28889900,,
0,2,,0.096006,0.320273,0.583721,,28881200,,
0,2,,0.157314,0.35413,0.488556,,29877400,,
0,2,,0.198527,0.204661,0.596811,,28555800,,
0,2,,0.087698,0.21619,0.696111,,29758500,,
0,2,,0.150978,0.220819,0.628203,,32173100,,
0,2,,0.129858,0.276506,0.593636,,31868600,,
0,2,,0.112809,0.185257,0.701934,,29864600,,
0,2,,0.109328,0.2409,0.649772,,30061800,,
0,2,,0.122112,0.406033,0.471854,,30503900,,
0,2,,0.115615,0.177213,0.707172,,29465500,,
0,1,,0.100684,0.455241,0.444075,,28535400,,
0,2,,0.203884,0.217441,0.578676,,28872300,,
0,2,,0.116437,0.295756,0.587807,,27896500,,
0,2,,0.099024,0.292117,0.608859,,29522000,,
0,2,,0.146885,0.326475,0.52664,,28463400,,
0,2,,0.119107,0.208948,0.671945,,28992500,,
0,2,,0.1068,0.343788,0.549411,,28641100,,
0,2,,0.111086,0.212182,0.676732,,28175300,,
0,2,,0.12625,0.131402,0.742348,,31406600,,
0,2,,0.109448,0.199918,0.690633,,27613500,,
0,2,,0.143109,0.157664,0.699226,,28499000,,
0,2,,0.170074,0.282493,0.547433,,28465500,,
0,2,,0.045195,0.281478,0.673327,,31990700,,
0,2,,0.11804,0.2285,0.653459,,29731800,,
0,2,,0.154634,0.204097,0.641269,,31103800,,
0,2,,0.133912,0.260544,0.605544,,29458300,,
0,2,,0.118472,0.156662,0.724866,,31105100,,
0,2,,0.110908,0.23723,0.651861,,28772900,,
0,2,,0.170783,0.258778,0.57044,,28145900,,
0,2,,0.085089,0.254321,0.66059,,27559100,,
0,2,,0.123236,0.34096,0.535804,,29278000,,
0,2,,0.105493,0.128897,0.76561,,29622900,,
0,2,,0.14123,0.327741,0.531028,,30937100,,
0,2,,0.128959,0.234159,0.636882,,28997000,,
0,2,,0.140563,0.24325,0.616187,,28377700,,
0,2,,0.149735,0.251956,0.598309,,34155800,,
0,2,,0.082676,0.29776,0.619564,,29323000,,
0,2,,0.113553,0.224217,0.66223,,32656600,,
0,2,,0.154618,0.224665,0.620717,,29535100,,
0,2,,0.098099,0.318202,0.583699,,28604500,,
0,2,,0.09575,0.223261,0.680989,,28744700,,
0,2,,0.101088,0.338691,0.56022,,30380400,,
0,2,,0.103606,0.320967,0.575427,,31795400,,
0,2,,0.091528,0.136797,0.771675,,32823500,,
0,2,,0.063962,0.345112,0.590926,,30608300,,
0,2,,0.096379,0.198398,0.705223,,29281900,,
0,2,,0.134494,0.321425,0.544082,,29348200,,
0,2,,0.152266,0.241012,0.606721,,30020800,,
0,2,,0.093338,0.255669,0.650993,,28302400,,
0,2,,0.143713,0.258193,0.598094,,28450100,,
0,2,,0.136916,0.37322,0.489865,,28243000,,
0,2,,0.131706,0.183656,0.684637,,31025100,,
0,2,,0.072741,0.363697,0.563562,,34242700,,
0,2,,0.191802,0.264096,0.544102,,39513700,,
0,2,,0.150007,0.160262,0.689731,,31624300,,
0,2,,0.090719,0.233541,0.675741,,31949400,,
0,2,,0.139659,0.301658,0.558683,,30680500,,
0,2,,0.094425,0.258834,0.646742,,29921200,,
0,2,,0.103845,0.181062,0.715093,,28701900,,
0,2,,0.139186,0.35276,0.508054,,30793400,,
0,2,,0.279495,0.234966,0.485539,,31870600,,
0,2,,0.151478,0.320877,0.527644,,31766900,,
0,2,,0.117098,0.18964,0.693262,,33067100,,
0,2,,0.095503,0.33151,0.572987,,31277600,,
0,2,,0.122736,0.346115,0.53115,,28649500,,
0,2,,0.243504,0.205691,0.550804,,30567800,,
0,2,,0.112329,0.298674,0.588996,,29093300,,
0,2,,0.164283,0.215935,0.619782,,28941200,,
0,2,,0.128391,0.369275,0.502333,,30167500,,
0,2,,0.20008,0.271343,0.528577,,29443200,,
0,2,,0.117724,0.305153,0.577123,,28152500,,
0,2,,0.116198,0.321511,0.56229,,28911500,,
0,2,,0.1388,0.240739,0.620461,,29241200,,
0,2,,0.117962,0.162414,0.719624,,29718000,,
0,2,,0.096511,0.184262,0.719226,,30604000,,
0,2,,0.15058,0.197607,0.651813,,31199400,,
0,2,,0.156871,0.282633,0.560496,,29680200,,
0,2,,0.123644,0.335421,0.540935,,29238900,,
0,2,,0.150489,0.254723,0.594788,,29789500,,
0,2,,0.167021,0.347605,0.485374,,29146800,,
0,2,,0.098149,0.230104,0.671747,,28671700,,
0,2,,0.072672,0.430516,0.496812,,31334600,,
0,2,,0.136506,0.221505,0.641989,,30818600,,
0,2,,0.147712,0.183723,0.668565,,33852300,,
0,2,,0.113629,0.280663,0.605708,,36056700,,
0,2,,0.098066,0.253539,0.648395,,35175200,,
0,2,,0.155213,0.270585,0.574203,,30017200,,
0,1,,0.127395,0.471914,0.400691,,30608500,,
0,2,,0.164148,0.308299,0.527553,,28597800,,
0,2,,0.092977,0.327286,0.579737,,30344700,,
0,2,,0.18096,0.286441,0.532599,,29173600,,
0,2,,0.148982,0.240659,0.61036,,29860600,,
0,2,,0.14413,0.357136,0.498734,,29442400,,
0,2,,0.154391,0.163807,0.681802,,29734400,,
0,2,,0.132,0.252194,0.615806,,30155900,,
0,2,,0.10753,0.35954,0.53293,,28974500,,
0,2,,0.075434,0.194791,0.729775,,29568300,,
0,2,,0.162495,0.218726,0.618779,,28924000,,
0,2,,0.171089,0.325514,0.503397,,29383100,,
0,2,,0.16303,0.302943,0.534026,,28748400,,
0,2,,0.129905,0.276532,0.593564,,30085200,,
0,2,,0.086994,0.298655,0.61435,,32519500,,
0,2,,0.103731,0.271559,0.62471,,30264700,,
0,2,,0.150213,0.253873,0.595914,,29872500,,
0,2,,0.090567,0.208863,0.70057,,28317600,,
0,2,,0.150271,0.241991,0.607738,,27461900,,
0,2,,0.06563,0.168121,0.766249,,28180300,,
0,2,,0.121424,0.291713,0.586863,,29021900,,
0,2,,0.089586,0.273657,0.636758,,28395800,,
0,2,,0.108603,0.388887,0.502509,,29836800,,
0,2,,0.079085,0.226556,0.694358,,29280700,,
0,2,,0.080713,0.307,0.612288,,29974300,,
0,2,,0.118691,0.24309,0.638218,,29342300,,
0,2,,0.183866,0.247265,0.568869,,29461900,,
0,2,,0.126899,0.229082,0.644019,,28542900,,
0,2,,0.132795,0.14836,0.718846,,27810300,,
0,2,,0.114899,0.361653,0.523448,,28550100,,
0,2,,0.201812,0.241829,0.556358,,28196900,,
0,2,,0.142677,0.176885,0.680438,,28261300,,
0,2,,0.161303,0.343595,0.495102,,31639800,,
0,2,,0.147659,0.234916,0.617425,,29408200,,
0,2,,0.156021,0.339695,0.504284,,29898700,,
0,2,,0.088765,0.271595,0.63964,,30085600,,
0,2,,0.081119,0.216043,0.702838,,29223600,,
0,2,,0.172473,0.268767,0.55876,,28805200,,
0,2,,0.092891,0.300767,0.606343,,29446500,,
0,2,,0.072127,0.272984,0.654889,,28895900,,
0,2,,0.112086,0.346776,0.541138,,29194700,,
0,2,,0.134074,0.236254,0.629672,,28807900,,
0,2,,0.134355,0.30469,0.560955,,28415200,,
0,2,,0.19389,0.187828,0.618282,,29849000,,
0,2,,0.110575,0.16944,0.719985,,29360900,,
0,2,,0.187059,0.255881,0.55706,,28735700,,
0,2,,0.1124,0.199248,0.688352,,28777100,,
0,2,,0.194034,0.210277,0.595689,,28623000,,
0,2,,0.20155,0.253835,0.544615,,29400700,,
0,2,,0.091008,0.260612,0.64838,,28980100,,
0,2,,0.091288,0.239132,0.66958,,29225500,,
0,2,,0.14157,0.244013,0.614417,,29349800,,
0,2,,0.111405,0.239099,0.649496,,28602500,,
0,2,,0.132485,0.270566,0.596948,,32392200,,
0,2,,0.146569,0.136611,0.716819,,30117700,,
0,2,,0.248022,0.239812,0.512166,,30080700,,
0,2,,0.131195,0.30154,0.567265,,30504600,,
0,2,,0.168483,0.356404,0.475113,,29170600,,
0,2,,0.125148,0.265077,0.609775,,29058100,,
0,2,,0.119203,0.247515,0.633282,,30932500,,
0,2,,0.121882,0.200417,0.677701,,31812300,,
0,2,,0.136383,0.326814,0.536803,,29253300,,
0,2,,0.094593,0.355324,0.550083,,29560100,,
0,2,,0.087176,0.376443,0.536382,,29360800,,
0,2,,0.086099,0.294816,0.619086,,28823700,,
0,2,,0.133489,0.290532,0.575979,,28812600,,
0,2,,0.166275,0.254841,0.578884,,29069600,,
0,2,,0.169046,0.239682,0.591272,,29638000,,
0,2,,0.177762,0.255661,0.566577,,29154500,,
0,2,,0.164742,0.227497,0.607761,,29013400,,
0,2,,0.122223,0.289437,0.58834,,29150200,,
0,2,,0.114229,0.428573,0.457197,,29479500,,
0,2,,0.125347,0.258975,0.615677,,29715400,,
0,2,,0.134942,0.21065,0.654408,,29190400,,
0,2,,0.12497,0.279215,0.595814,,29167100,,
0,2,,0.092042,0.349137,0.558821,,31732800,,
0,2,,0.115189,0.270924,0.613887,,28936700,,
0,2,,0.079685,0.333478,0.586837,,30200400,,
0,2,,0.107762,0.253859,0.638379,,28767000,,
0,2,,0.137148,0.213166,0.649686,,29563100,,
0,2,,0.172156,0.228591,0.599252,,29058800,,
0,2,,0.21852,0.229641,0.551839,,28673400,,
0,2,,0.179967,0.2303,0.589733,,29290200,,
0,2,,0.125505,0.369339,0.505155,,29281900,,
0,2,,0.117566,0.185904,0.69653,,27962200,,
0,2,,0.100463,0.2648,0.634736,,27769100,,
0,2,,0.246576,0.207993,0.54543,,29184400,,
0,2,,0.077258,0.424731,0.498011,,29485500,,
0,2,,0.079807,0.289924,0.630269,,29565700,,
0,2,,0.097585,0.186979,0.715436,,29336200,,
0,2,,0.134536,0.283927,0.581537,,29010000,,
0,2,,0.113673,0.417319,0.469007,,28755400,,
0,2,,0.130726,0.248201,0.621073,,29128600,,
0,1,,0.165523,0.424467,0.41001,,28302300,,
0,2,,0.141854,0.412564,0.445582,,28201800,,
0,2,,0.109101,0.239166,0.651733,,27976700,,
0,2,,0.126427,0.177118,0.696454,,28036900,,
0,2,,0.07667,0.265228,0.658102,,28276700,,
0,2,,0.09807,0.236159,0.665771,,28542000,,
0,2,,0.170813,0.217123,0.612063,,28708400,,
0,2,,0.184634,0.170184,0.645181,,28841900,,
0,2,,0.095408,0.169248,0.735344,,29128700,,
0,2,,0.080254,0.33735,0.582396,,28811300,,
0,2,,0.159739,0.229279,0.610982,,28368900,,
0,2,,0.086199,0.412549,0.501252,,27903300,,
0,2,,0.122758,0.23404,0.643202,,28137600,,
0,2,,0.132613,0.398577,0.46881,,28140600,,
0,2,,0.065719,0.238237,0.696044,,27579300,,
0,2,,0.098636,0.286654,0.61471,,29352900,,
0,2,,0.110581,0.225817,0.663602,,30311400,,
0,2,,0.150325,0.198308,0.651367,,30428900,,
0,2,,0.140239,0.367804,0.491958,,31998900,,
0,2,,0.13979,0.199221,0.660989,,30036300,,
0,2,,0.196773,0.317805,0.485422,,28788300,,
0,2,,0.095906,0.336184,0.56791,,27941200,,
0,2,,0.179495,0.390516,0.429989,,27971100,,
0,2,,0.134406,0.177349,0.688245,,28247600,,
0,2,,0.139175,0.238953,0.621872,,28960000,,
0,2,,0.13623,0.188336,0.675434,,27949200,,
0,2,,0.129647,0.176016,0.694337,,29557100,,
0,2,,0.184197,0.162755,0.653048,,29255200,,
0,2,,0.213059,0.279194,0.507747,,29965800,,
0,2,,0.11974,0.369508,0.510752,,29991900,,
0,2,,0.16684,0.209646,0.623513,,28833600,,
0,2,,0.085586,0.365841,0.548573,,28932200,,
0,2,,0.110736,0.158084,0.731179,,29794800,,
0,2,,0.12206,0.236111,0.641829,,29743000,,
0,2,,0.11419,0.149163,0.736647,,28442900,,
0,2,,0.196629,0.284172,0.519199,,28102100,,
0,2,,0.074748,0.20316,0.722092,,27855200,,
0,2,,0.057485,0.29126,0.651255,,29055000,,
0,2,,0.085484,0.268764,0.645752,,27719300,,
0,2,,0.108449,0.136644,0.754907,,52375100,,
0,2,,0.067661,0.14024,0.792099,,34687900,,
0,2,,0.164748,0.170493,0.66476,,29296200,,
0,2,,0.136555,0.304345,0.5591,,28988900,,
0,2,,0.140936,0.180993,0.678071,,27839900,,
0,2,,0.145333,0.345785,0.508882,,28181300,,
0,2,,0.102792,0.206556,0.690653,,29501300,,
0,2,,0.128537,0.332053,0.53941,,30494100,,
0,2,,0.103286,0.182808,0.713906,,29265900,,
0,2,,0.131793,0.258203,0.610005,,29299400,,
0,2,,0.189805,0.20438,0.605815,,29295900,,
0,2,,0.101293,0.313662,0.585045,,28547400,,
0,2,,0.146587,0.225242,0.628172,,30931200,,
0,2,,0.136131,0.148096,0.715773,,29910300,,
0,2,,0.148648,0.248242,0.603111,,30252200,,
0,2,,0.115121,0.382828,0.502051,,29003500,,
0,2,,0.129885,0.302412,0.567703,,29790800,,
0,2,,0.157935,0.243068,0.598997,,29942400,,
0,2,,0.19375,0.241006,0.565244,,28479900,,
0,2,,0.160109,0.385237,0.454653,,28673800,,
0,2,,0.180832,0.233178,0.58599,,28614000,,
0,2,,0.169388,0.384512,0.4461,,29935200,,
0,2,,0.057822,0.376078,0.5661,,28414000,,
0,2,,0.092696,0.343297,0.564007,,28928500,,
0,2,,0.21688,0.34441,0.438709,,30872100,,
0,2,,0.114953,0.29919,0.585857,,32208900,,
0,2,,0.139376,0.322038,0.538587,,30773500,,
0,2,,0.088891,0.334866,0.576243,,29117500,,
0,2,,0.113488,0.270874,0.615638,,35063900,,
0,2,,0.105385,0.191391,0.703224,,29257700,,
0,2,,0.163049,0.226955,0.609996,,29641500,,
0,2,,0.138635,0.212355,0.64901,,28584700,,
0,2,,0.112618,0.265467,0.621916,,28223700,,
0,2,,0.067268,0.264314,0.668417,,28861100,,
0,2,,0.150883,0.184897,0.66422,,28478400,,
0,2,,0.109619,0.323617,0.566764,,36628700,,
0,2,,0.05945,0.203933,0.736618,,38774100,,
0,2,,0.120556,0.23484,0.644604,,29591600,,
0,2,,0.137639,0.231258,0.631103,,28510000,,
0,2,,0.138373,0.10465,0.756977,,28244900,,
0,2,,0.152706,0.389238,0.458056,,29550600,,
0,2,,0.105639,0.220829,0.673532,,30250600,,
0,2,,0.077113,0.238489,0.684398,,29008600,,
0,2,,0.171361,0.212821,0.615817,,30641500,,
0,2,,0.121387,0.214854,0.66376,,29176600,,
0,2,,0.124234,0.269925,0.605841,,29011400,,
0,2,,0.118585,0.29439,0.587025,,29687800,,
0,2,,0.084561,0.21675,0.698689,,29738100,,
0,2,,0.140393,0.192251,0.667356,,29005100,,
0,2,,0.091284,0.250095,0.658621,,29844700,,
0,2,,0.07053,0.229197,0.700273,,29802700,,
0,2,,0.246591,0.227784,0.525626,,28339700,,
0,2,,0.126946,0.265897,0.607157,,28368700,,
0,2,,0.125251,0.217778,0.656971,,30114900,,
0,2,,0.171642,0.276651,0.551707,,30562900,,
0,2,,0.103985,0.249492,0.646522,,29032600,,
0,2,,0.148947,0.177425,0.673628,,28607800,,
0,2,,0.142294,0.296549,0.561156,,30579100,,
0,2,,0.167061,0.205281,0.627657,,29549800,,
0,2,,0.128799,0.350778,0.520423,,31183900,,
0,2,,0.042578,0.280038,0.677384,,30160800,,
0,2,,0.15482,0.181992,0.663188,,32986200,,
0,2,,0.205802,0.253237,0.540961,,31560800,,
0,2,,0.170858,0.381652,0.447489,,31801100,,
0,2,,0.230576,0.290685,0.478739,,28946300,,
0,2,,0.197425,0.233396,0.569178,,29263900,,
0,2,,0.16475,0.241545,0.593705,,30789300,,
0,2,,0.143128,0.385106,0.471766,,29967900,,
0,2,,0.13175,0.23882,0.62943,,30018000,,
0,2,,0.153563,0.272373,0.574065,,29499800,,
0,2,,0.096994,0.214552,0.688454,,29060300,,
0,2,,0.110778,0.372872,0.51635,,29565200,,
0,2,,0.115539,0.327558,0.556903,,29817000,,
0,2,,0.126151,0.261724,0.612125,,30675500,,
0,2,,0.082699,0.15019,0.767112,,29251700,,
0,2,,0.158214,0.193716,0.64807,,29875200,,
0,2,,0.115945,0.291325,0.592729,,29867900,,
0,2,,0.121641,0.284533,0.593825,,32526300,,
0,2,,0.130669,0.332664,0.536668,,29508800,,
0,2,,0.116584,0.265262,0.618155,,29541000,,
0,2,,0.096096,0.313373,0.590531,,30097900,,
0,2,,0.181767,0.351556,0.466677,,29499100,,
0,2,,0.145453,0.404054,0.450493,,29760000,,
0,2,,0.138127,0.234668,0.627205,,29300100,,
0,2,,0.158363,0.256968,0.584669,,29240900,,
0,2,,0.221224,0.223734,0.555042,,29485100,,
0,2,,0.109436,0.206391,0.684173,,30680500,,
0,2,,0.146562,0.259404,0.594034,,30789300,,
0,2,,0.148137,0.314777,0.537086,,29718300,,
0,2,,0.122993,0.189521,0.687486,,29472800,,
0,2,,0.151692,0.242077,0.606231,,31011300,,
0,2,,0.166945,0.184666,0.648389,,29951600,,
0,2,,0.104527,0.274125,0.621347,,29956300,,
0,2,,0.123222,0.173101,0.703676,,29254500,,
0,2,,0.103646,0.178434,0.71792,,29088500,,
0,2,,0.068631,0.341394,0.589975,,28950100,,
0,2,,0.120657,0.222031,0.657313,,29661700,,
0,2,,0.094784,0.317036,0.58818,,29201200,,
0,2,,0.194837,0.318404,0.486759,,28975600,,
0,2,,0.138881,0.283723,0.577396,,28796500,,
0,2,,0.231668,0.189809,0.578523,,28466100,,
0,2,,0.119947,0.296617,0.583436,,29815600,,
0,2,,0.196392,0.235447,0.56816,,29129100,,
0,2,,0.115011,0.210037,0.674952,,29056600,,
0,2,,0.15282,0.3458,0.50138,,29463500,,
0,2,,0.229054,0.306292,0.464654,,29228000,,
0,2,,0.098249,0.389411,0.51234,,29554500,,
0,2,,0.18272,0.260409,0.556871,,29009200,,
0,2,,0.135936,0.260516,0.603549,,29777700,,
0,2,,0.108913,0.210887,0.6802,,28276000,,
0,2,,0.15171,0.356948,0.491341,,29573900,,
0,2,,0.081945,0.293511,0.624544,,29944400,,
0,2,,0.120995,0.216424,0.662581,,28945400,,
0,2,,0.185092,0.299581,0.515327,,29089100,,
0,2,,0.1092,0.275961,0.614839,,29402500,,
0,2,,0.113492,0.224577,0.661931,,31361900,,
0,2,,0.175486,0.203172,0.621342,,30398800,,
0,2,,0.178541,0.247946,0.573513,,29484700,,
0,2,,0.139154,0.335968,0.524878,,28772200,,
0,2,,0.161225,0.204314,0.634461,,28911000,,
0,2,,0.158542,0.224019,0.617439,,29654300,,
0,2,,0.088956,0.203649,0.707394,,29290100,,
0,2,,0.155999,0.205501,0.638499,,29509500,,
0,2,,0.083579,0.277209,0.639212,,29479100,,
0,2,,0.240159,0.353917,0.405924,,29516000,,
0,2,,0.096964,0.329233,0.573803,,30242000,,
0,2,,0.127298,0.155018,0.717684,,28650900,,
0,2,,0.145956,0.244524,0.60952,,29750000,,
0,2,,0.100471,0.225852,0.673677,,29072400,,
0,2,,0.157658,0.26486,0.577483,,29874100,,
0,2,,0.164308,0.206981,0.628711,,29751400,,
0,2,,0.066519,0.324907,0.608574,,29403300,,
0,2,,0.179459,0.22189,0.598651,,29474600,,
0,2,,0.131523,0.360233,0.508244,,29242600,,
0,2,,0.09392,0.249053,0.657027,,28817100,,
0,2,,0.095263,0.42934,0.475396,,29341000,,
0,2,,0.163353,0.218469,0.618178,,28707100,,
0,2,,0.12395,0.156646,0.719404,,29582800,,
0,2,,0.11921,0.163088,0.717702,,29380000,,
0,2,,0.120105,0.329194,0.550701,,28974800,,
0,2,,0.158533,0.293836,0.547631,,33520000,,
0,2,,0.151234,0.384012,0.464754,,33911900,,
0,2,,0.137019,0.322862,0.540119,,30497400,,
0,2,,0.127036,0.305421,0.567543,,29325400,,
0,2,,0.110745,0.339178,0.550076,,30658700,,
0,2,,0.175808,0.275352,0.54884,,28702200,,
0,2,,0.171616,0.255781,0.572603,,28443200,,
0,2,,0.173855,0.216111,0.610033,,28942500,,
0,2,,0.149896,0.211127,0.638977,,29018100,,
0,2,,0.122216,0.193374,0.68441,,29534000,,
0,2,,0.183601,0.296123,0.520275,,31082500,,
0,2,,0.206182,0.307938,0.48588,,29311900,,
0,2,,0.140473,0.259367,0.600161,,28677300,,
0,2,,0.123089,0.183962,0.692949,,30144500,,
0,2,,0.110691,0.309276,0.580033,,29916900,,
0,2,,0.185359,0.29701,0.517631,,28789500,,
0,2,,0.15197,0.206637,0.641393,,29192700,,
0,2,,0.105514,0.406289,0.488198,,29737200,,
0,2,,0.154431,0.214281,0.631288,,31158300,,
0,2,,0.085619,0.346108,0.568273,,31546200,,
0,2,,0.16043,0.372893,0.466677,,30096300,,
0,2,,0.138729,0.308639,0.552632,,31098700,,
0,2,,0.089283,0.283902,0.626815,,31397100,,
0,2,,0.180403,0.288983,0.530614,,30761700,,
0,2,,0.118898,0.262396,0.618706,,30018000,,
0,2,,0.120178,0.383457,0.496366,,28807000,,
0,2,,0.082147,0.238148,0.679705,,31040600,,
0,2,,0.201138,0.222428,0.576434,,28240600,,
0,2,,0.073456,0.384593,0.541951,,28727000,,
0,2,,0.176915,0.26666,0.556424,,28885300,,
0,2,,0.179639,0.21313,0.607232,,29177700,,
0,2,,0.145469,0.247644,0.606887,,27793600,,
0,2,,0.1108,0.428641,0.460559,,27586700,,
0,2,,0.165513,0.19929,0.635197,,27858000,,
0,2,,0.121454,0.197616,0.68093,,28984000,,
0,2,,0.167591,0.227669,0.60474,,28533800,,
0,2,,0.179269,0.199109,0.621622,,27904800,,
0,2,,0.175441,0.372056,0.452503,,28323100,,
0,2,,0.092673,0.319538,0.587788,,29456700,,
0,2,,0.111094,0.30284,0.586066,,28598200,,
0,2,,0.161755,0.298261,0.539984,,29992700,,
0,2,,0.101217,0.230242,0.668542,,28373500,,
0,2,,0.14113,0.2858,0.57307,,28160500,,
0,2,,0.146175,0.198675,0.65515,,29554400,,
0,2,,0.151632,0.280672,0.567696,,31568200,,
0,2,,0.19367,0.209908,0.596422,,28965100,,
0,2,,0.092918,0.234102,0.672979,,29250400,,
0,2,,0.195515,0.313896,0.490589,,30592800,,
0,2,,0.1394,0.174801,0.685799,,28560800,,
0,2,,0.166528,0.309138,0.524334,,29211100,,
0,2,,0.120533,0.180376,0.699091,,29588400,,
0,2,,0.101531,0.274753,0.623716,,29035200,,
0,2,,0.106081,0.224529,0.66939,,31319300,,
0,2,,0.13775,0.346975,0.515276,,29823600,,
0,2,,0.124303,0.196477,0.67922,,29580400,,
0,2,,0.123114,0.263682,0.613205,,29483500,,
0,2,,0.153314,0.268477,0.578209,,29051700,,
0,2,,0.125984,0.406166,0.467851,,29690700,,
0,2,,0.177089,0.365674,0.457237,,29188800,,
0,2,,0.113473,0.259686,0.626841,,30859900,,
0,2,,0.100246,0.280554,0.6192,,29968400,,
0,2,,0.140149,0.229608,0.630243,,30208000,,
0,2,,0.180179,0.236621,0.583199,,29421200,,
0,2,,0.169127,0.367557,0.463316,,28058300,,
0,2,,0.17473,0.291247,0.534023,,28491600,,
0,2,,0.113639,0.263201,0.62316,,28252000,,
0,2,,0.109457,0.413976,0.476567,,27609200,,
0,2,,0.064209,0.318508,0.617283,,28259100,,
0,2,,0.112712,0.144004,0.743284,,28225100,,
0,2,,0.119818,0.369807,0.510375,,28719000,,
0,2,,0.105751,0.242954,0.651295,,29446600,,
0,2,,0.115654,0.24736,0.636985,,29528500,,
0,2,,0.138978,0.21859,0.642432,,28994700,,
0,2,,0.079359,0.247838,0.672803,,29198900,,
0,2,,0.097566,0.200219,0.702215,,29339100,,
0,2,,0.145829,0.295391,0.55878,,29067900,,
0,2,,0.136539,0.283534,0.579927,,30533800,,
0,2,,0.126628,0.196535,0.676837,,29118100,,
0,2,,0.159064,0.211503,0.629433,,29278400,,
0,2,,0.135831,0.299903,0.564266,,30038100,,
0,2,,0.198936,0.25206,0.549004,,29186200,,
0,2,,0.168523,0.276822,0.554654,,29300200,,
0,2,,0.221942,0.213364,0.564694,,29009300,,
0,2,,0.153349,0.354161,0.49249,,29249200,,
0,2,,0.12626,0.24847,0.62527,,29183200,,
0,2,,0.078565,0.206042,0.715393,,29527600,,
0,2,,0.116472,0.229315,0.654213,,30043600,,
0,2,,0.187544,0.253147,0.559309,,29397700,,
0,2,,0.075856,0.377005,0.547139,,29346800,,
0,2,,0.122429,0.300002,0.577569,,28675200,,
0,2,,0.185114,0.271851,0.543036,,29476800,,
0,2,,0.131121,0.385843,0.483035,,29571000,,
0,2,,0.125353,0.268185,0.606462,,27922900,,
0,2,,0.160862,0.263275,0.575863,,28396200,,
0,2,,0.134316,0.194459,0.671226,,28706100,,
0,2,,0.070857,0.398586,0.530557,,29174700,,
0,2,,0.119081,0.229174,0.651746,,29378800,,
0,2,,0.112621,0.247805,0.639575,,29091500,,
0,2,,0.098912,0.251352,0.649735,,29193500,,
0,2,,0.092806,0.354907,0.552287,,29403500,,
0,2,,0.128707,0.308333,0.562959,,29115000,,
0,2,,0.109218,0.276861,0.613921,,29593300,,
0,2,,0.15744,0.296487,0.546073,,29460800,,
0,2,,0.102897,0.321097,0.576005,,28098600,,
0,2,,0.094476,0.238818,0.666706,,29409300,,
0,2,,0.099901,0.18751,0.712589,,28885000,,
0,2,,0.119971,0.252845,0.627184,,29542800,,
0,2,,0.166699,0.292992,0.540309,,29206700,,
0,2,,0.122955,0.187993,0.689052,,29207300,,
0,2,,0.094771,0.341965,0.563264,,29294500,,
0,2,,0.095027,0.358289,0.546684,,29862900,,
0,2,,0.18387,0.162704,0.653426,,30025300,,
0,2,,0.098188,0.318528,0.583284,,30094000,,
0,2,,0.188085,0.234333,0.577582,,28367200,,
0,2,,0.093243,0.334093,0.572664,,28797200,,
0,2,,0.096602,0.153282,0.750116,,31581000,,
0,2,,0.129796,0.325416,0.544788,,31164700,,
0,2,,0.128955,0.330924,0.540121,,29017300,,
0,2,,0.128095,0.388198,0.483707,,28975600,,
0,2,,0.148733,0.191969,0.659298,,28939700,,
0,2,,0.120355,0.296283,0.583361,,30809700,,
0,2,,0.101956,0.255143,0.642901,,29281400,,
0,2,,0.091326,0.240212,0.668462,,28606700,,
0,2,,0.190886,0.199463,0.609651,,27882800,,
0,2,,0.111606,0.208899,0.679495,,29315500,,
0,2,,0.102498,0.170228,0.727274,,30487900,,
0,2,,0.128937,0.229575,0.641488,,28750300,,
0,2,,0.174188,0.164726,0.661087,,28762900,,
0,2,,0.127098,0.224842,0.64806,,28583700,,
0,2,,0.139931,0.307183,0.552886,,29280300,,
0,2,,0.159303,0.313589,0.527109,,31078800,,
0,2,,0.133926,0.235241,0.630833,,29222800,,
0,2,,0.07639,0.339243,0.584367,,30355400,,
0,2,,0.121339,0.20149,0.677171,,29897600,,
0,2,,0.172853,0.307614,0.519533,,29036000,,
0,2,,0.102888,0.201832,0.69528,,28224100,,
0,2,,0.099136,0.246195,0.654669,,28369100,,
0,2,,0.180691,0.2927,0.526608,,27992900,,
0,2,,0.081136,0.218104,0.70076,,27872300,,
0,2,,0.104602,0.285734,0.609664,,28152500,,
0,2,,0.113935,0.294447,0.591618,,28366300,,
0,2,,0.174496,0.231699,0.593804,,28429800,,
0,2,,0.099596,0.251553,0.648851,,29028200,,
0,2,,0.128799,0.390979,0.480222,,28531500,,
0,2,,0.139704,0.19415,0.666146,,28943700,,
0,2,,0.061724,0.373097,0.565179,,28021500,,
0,2,,0.109429,0.160787,0.729784,,28723700,,
0,2,,0.088229,0.305945,0.605826,,28200800,,
0,2,,0.148991,0.212565,0.638445,,28191100,,
0,2,,0.110247,0.30943,0.580323,,43757700,,
0,2,,0.164671,0.245596,0.589733,,29098300,,
0,2,,0.158919,0.214103,0.626978,,28816300,,
0,2,,0.08845,0.164144,0.747406,,29025600,,
0,2,,0.088922,0.163986,0.747092,,31508600,,
0,2,,0.152419,0.275084,0.572496,,30404200,,
0,2,,0.092678,0.200839,0.706483,,29392000,,
0,2,,0.215172,0.21729,0.567539,,28632200,,
0,2,,0.156325,0.276793,0.566882,,28886600,,
0,2,,0.040007,0.321465,0.638528,,30033700,,
0,2,,0.12021,0.315488,0.564301,,29078400,,
0,2,,0.164809,0.327591,0.5076,,29068900,,
0,2,,0.128455,0.257039,0.614506,,29128300,,
0,2,,0.105366,0.340612,0.554022,,28471100,,
0,2,,0.145063,0.247264,0.607673,,29623400,,
0,2,,0.131371,0.2002,0.668429,,28430500,,
0,2,,0.124249,0.19822,0.677532,,32165300,,
0,2,,0.092181,0.340457,0.567362,,28466900,,
0,2,,0.07361,0.273274,0.653115,,30945100,,
0,2,,0.113665,0.262868,0.623466,,30005500,,
0,2,,0.126722,0.242982,0.630295,,28841200,,
0,2,,0.150962,0.184866,0.664172,,29264600,,
0,2,,0.15484,0.209187,0.635973,,29034700,,
0,2,,0.152563,0.330668,0.51677,,28775700,,
0,2,,0.135472,0.366424,0.498104,,29583800,,
0,2,,0.160364,0.257659,0.581976,,27728400,,
0,2,,0.153022,0.324022,0.522955,,29007300,,
0,2,,0.159438,0.211753,0.628809,,29449900,,
0,2,,0.104895,0.286927,0.608177,,29314400,,
0,2,,0.083911,0.148863,0.767225,,29077200,,
0,2,,0.161419,0.291932,0.546649,,28479700,,
0,1,,0.156982,0.423766,0.419252,,28856700,,
0,2,,0.107486,0.165373,0.727141,,27899500,,
0,2,,0.182651,0.309309,0.50804,,29585700,,
0,2,,0.108475,0.36934,0.522186,,29487200,,
0,2,,0.155564,0.191786,0.65265,,29706100,,
0,2,,0.189676,0.28897,0.521354,,28966000,,
0,2,,0.128312,0.203188,0.668501,,28670600,,
0,2,,0.099597,0.270544,0.629859,,29036800,,
0,2,,0.178213,0.227959,0.593828,,31399200,,
0,2,,0.243411,0.269832,0.486757,,28655900,,
0,2,,0.129975,0.116698,0.753327,,28612200,,
0,2,,0.069622,0.394793,0.535585,,28973900,,
0,2,,0.177785,0.386044,0.43617,,30667800,,
0,2,,0.093496,0.202576,0.703928,,29708700,,
0,2,,0.083615,0.286325,0.63006,,29355400,,
0,2,,0.074513,0.426455,0.499032,,29441500,,
0,2,,0.152053,0.253719,0.594228,,29133000,,
0,2,,0.183321,0.180887,0.635792,,29992300,,
0,2,,0.081149,0.251812,0.66704,,28166300,,
0,2,,0.1106,0.394163,0.495237,,28699500,,
0,2,,0.143603,0.306071,0.550325,,29800200,,
0,2,,0.14254,0.363066,0.494394,,45131100,,
0,2,,0.108356,0.161715,0.729929,,43401200,,
0,2,,0.208291,0.36813,0.423579,,41641100,,
0,2,,0.067377,0.255281,0.677342,,30011300,,
0,2,,0.128612,0.337004,0.534384,,28916200,,
0,2,,0.156067,0.189109,0.654824,,29002600,,
0,2,,0.1003,0.391712,0.507988,,29017000,,
0,2,,0.131228,0.204841,0.663931,,29396200,,
0,2,,0.08403,0.287556,0.628414,,28562300,,
0,2,,0.118095,0.299658,0.582248,,29946600,,
0,2,,0.108553,0.203257,0.68819,,29466400,,
0,2,,0.108473,0.28833,0.603197,,29638300,,
0,2,,0.123994,0.247247,0.628759,,29495200,,
0,2,,0.158232,0.214289,0.627479,,30912600,,
0,2,,0.189564,0.259666,0.550771,,29237900,,
0,2,,0.146562,0.226801,0.626637,,28498000,,
0,2,,0.108541,0.25397,0.63749,,31215800,,
0,2,,0.167486,0.180925,0.651589,,28274600,,
0,2,,0.068656,0.187363,0.743981,,28618700,,
0,2,,0.136322,0.291597,0.57208,,31145100,,
0,2,,0.148215,0.423154,0.428631,,30749100,,
0,2,,0.082497,0.22239,0.695113,,29896500,,
0,2,,0.09175,0.286509,0.621742,,30417500,,
0,2,,0.171501,0.172055,0.656444,,34922300,,
0,2,,0.184125,0.384779,0.431096,,31043200,,
0,2,,0.118951,0.319866,0.561182,,31694000,,
0,2,,0.115756,0.370706,0.513538,,30285600,,
0,2,,0.159271,0.264749,0.57598,,31233200,,
0,2,,0.164014,0.311835,0.524151,,31008300,,
0,2,,0.112231,0.294542,0.593227,,29856400,,
0,2,,0.165657,0.305652,0.528691,,29960400,,
0,2,,0.065052,0.238996,0.695952,,30805700,,
0,2,,0.10358,0.258129,0.638292,,32662700,,
0,2,,0.166888,0.326938,0.506174,,29202600,,
0,2,,0.116702,0.269447,0.613851,,28778600,,
0,2,,0.147297,0.284919,0.567784,,29311600,,
0,2,,0.139438,0.2483,0.612262,,29325100,,
0,2,,0.133589,0.259783,0.606628,,29201100,,
0,2,,0.151521,0.176558,0.671922,,28052800,,
0,2,,0.129079,0.311713,0.559209,,31514200,,
0,2,,0.168501,0.154543,0.676956,,28964200,,
0,2,,0.109561,0.175283,0.715156,,30076800,,
0,2,,0.098063,0.288218,0.613719,,29652500,,
0,2,,0.162986,0.313938,0.523076,,29587800,,
0,2,,0.14547,0.315675,0.538855,,29207000,,
0,2,,0.089046,0.311917,0.599037,,28637300,,
0,2,,0.189958,0.19614,0.613902,,28443400,,
0,2,,0.058781,0.30753,0.633689,,28393700,,
0,2,,0.160883,0.209416,0.629701,,27962900,,
0,2,,0.086556,0.260984,0.65246,,28932200,,
0,2,,0.10972,0.236486,0.653794,,31903300,,
0,2,,0.178065,0.306486,0.515449,,28815500,,
0,2,,0.111076,0.261609,0.627315,,28255900,,
0,2,,0.129751,0.200017,0.670233,,28260500,,
0,2,,0.140265,0.168153,0.691582,,28258800,,
0,2,,0.167592,0.251526,0.580883,,27565600,,
0,2,,0.10879,0.235666,0.655544,,28681500,,
0,2,,0.109036,0.183665,0.707299,,29137700,,
0,2,,0.133025,0.268888,0.598087,,28250400,,
0,2,,0.157232,0.271974,0.570794,,28468800,,
0,2,,0.204154,0.237831,0.558014,,28253100,,
0,2,,0.126645,0.259958,0.613398,,28691200,,
0,2,,0.11257,0.234036,0.653394,,28400600,,
0,2,,0.145121,0.19154,0.663339,,28355600,,
0,2,,0.225345,0.292994,0.48166,,28351500,,
0,2,,0.085908,0.318535,0.595557,,28088100,,
0,2,,0.094143,0.262762,0.643096,,29140100,,
0,2,,0.136872,0.220475,0.642653,,28445100,,
0,2,,0.120606,0.279566,0.599827,,27744100,,
0,2,,0.164309,0.245549,0.590142,,28152900,,
0,1,,0.106076,0.454743,0.439181,,28328300,,
0,2,,0.160295,0.27812,0.561585,,29297700,,
0,2,,0.068946,0.336879,0.594176,,28614400,,
0,2,,0.097512,0.250191,0.652297,,28504300,,
0,2,,0.169318,0.267499,0.563183,,31692400,,
0,2,,0.128719,0.124454,0.746827,,29784300,,
0,2,,0.161538,0.208605,0.629858,,28982000,,
0,2,,0.187908,0.323702,0.48839,,29259600,,
0,2,,0.140143,0.350631,0.509226,,28643900,,
0,2,,0.176803,0.306172,0.517026,,28585400,,
0,2,,0.177099,0.336625,0.486277,,29777500,,
0,2,,0.166693,0.205345,0.627962,,29326700,,
0,2,,0.103312,0.201262,0.695426,,28756700,,
0,2,,0.125955,0.269062,0.604983,,28477000,,
0,2,,0.104436,0.300349,0.595215,,31637500,,
0,2,,0.162128,0.190233,0.647638,,32505000,,
0,2,,0.108417,0.125517,0.766065,,30926600,,
0,2,,0.072762,0.212678,0.71456,,28881000,,
0,2,,0.164424,0.287935,0.547641,,29140100,,
0,2,,0.127483,0.347964,0.524553,,28942100,,
0,2,,0.160448,0.243481,0.596071,,29666100,,
0,2,,0.098094,0.239785,0.662121,,29345600,,
0,2,,0.235471,0.164658,0.599871,,28394400,,
0,2,,0.106611,0.353109,0.54028,,27828600,,
0,2,,0.188307,0.379766,0.431927,,31861800,,
0,2,,0.175382,0.209871,0.614747,,29394100,,
0,2,,0.180493,0.1915,0.628007,,29195500,,
0,2,,0.092733,0.131372,0.775895,,29757100,,
0,2,,0.125188,0.235827,0.638985,,30171500,,
0,2,,0.163051,0.362902,0.474047,,28719400,,
0,2,,0.198814,0.265776,0.53541,,27997200,,
0,2,,0.14209,0.162903,0.695007,,27876000,,
0,2,,0.0953,0.167889,0.736811,,27239300,,
0,2,,0.129181,0.384764,0.486055,,28128800,,
0,2,,0.173995,0.264848,0.561157,,28375200,,
0,2,,0.105857,0.206846,0.687297,,28258300,,
0,2,,0.137413,0.311164,0.551423,,28635300,,
0,2,,0.209182,0.302729,0.48809,,27653900,,
0,2,,0.107004,0.26622,0.626775,,27498900,,
0,2,,0.150382,0.341012,0.508607,,27850500,,
0,2,,0.079785,0.184257,0.735958,,28938900,,
0,2,,0.123855,0.160684,0.71546,,28450900,,
0,2,,0.167651,0.269578,0.562772,,28368400,,
0,2,,0.128844,0.21176,0.659396,,28360000,,
0,2,,0.092474,0.347806,0.55972,,28595300,,
0,2,,0.09885,0.320296,0.580854,,30060100,,
0,2,,0.118173,0.187078,0.694749,,29561000,,
0,2,,0.149667,0.284155,0.566177,,29312200,,
0,2,,0.126936,0.426668,0.446396,,29587500,,
0,2,,0.154616,0.247522,0.597862,,28969800,,
0,2,,0.143374,0.265604,0.591022,,30335200,,
0,2,,0.112525,0.361772,0.525703,,31243800,,
0,2,,0.098509,0.330013,0.571478,,30376800,,
0,2,,0.217164,0.178909,0.603926,,28771100,,
0,2,,0.094902,0.26038,0.644717,,29462500,,
0,2,,0.131899,0.303126,0.564976,,29515100,,
0,2,,0.083027,0.323037,0.593935,,29289300,,
0,2,,0.096661,0.199116,0.704222,,29275400,,
0,2,,0.106595,0.24426,0.649145,,29571400,,
0,2,,0.133286,0.279064,0.58765,,29642300,,
0,2,,0.111546,0.215483,0.67297,,29625000,,
0,2,,0.121745,0.366275,0.51198,,28887400,,
0,2,,0.098307,0.265433,0.636259,,29168900,,
0,2,,0.133783,0.26986,0.596356,,29448300,,
0,2,,0.132917,0.275097,0.591986,,30063200,,
0,2,,0.19654,0.26745,0.53601,,29272900,,
0,2,,0.166012,0.22966,0.604328,,29595100,,
0,2,,0.124578,0.181324,0.694097,,29377300,,
0,2,,0.112135,0.205031,0.682834,,29289100,,
0,2,,0.215341,0.269341,0.515317,,29078900,,
0,2,,0.144905,0.239965,0.615131,,29271000,,
0,2,,0.095162,0.270937,0.633901,,28735500,,
0,2,,0.157902,0.22323,0.618869,,34281900,,
0,2,,0.096485,0.422664,0.480851,,30863600,,
0,2,,0.18935,0.270235,0.540415,,29906300,,
0,2,,0.14205,0.15476,0.70319,,32304600,,
0,2,,0.142835,0.340193,0.516971,,31273700,,
0,2,,0.082794,0.275335,0.641871,,31273300,,
0,2,,0.201514,0.176862,0.621625,,29944600,,
0,2,,0.153196,0.288081,0.558723,,29912300,,
0,2,,0.181773,0.339021,0.479206,,29454000,,
0,2,,0.21068,0.274422,0.514899,,29369300,,
0,2,,0.14505,0.210004,0.644946,,29773200,,
0,2,,0.11922,0.356439,0.524341,,29133700,,
0,2,,0.133017,0.178449,0.688534,,29834600,,
0,2,,0.089994,0.193294,0.716712,,32158400,,
0,2,,0.123209,0.174249,0.702542,,30108300,,
0,2,,0.144106,0.334528,0.521366,,30436600,,
0,2,,0.130827,0.341524,0.527649,,29808200,,
0,2,,0.157078,0.339083,0.50384,,32638700,,
0,2,,0.162295,0.325244,0.512461,,37794500,,
0,2,,0.151252,0.317337,0.531412,,34683300,,
0,2,,0.115598,0.219439,0.664963,,31844900,,
0,2,,0.120339,0.253277,0.626384,,30019000,,
0,2,,0.120223,0.317202,0.562575,,30399000,,
0,2,,0.153323,0.421493,0.425184,,29392300,,
0,2,,0.117892,0.197748,0.68436,,29780400,,
0,2,,0.100373,0.266228,0.633399,,29319400,,
0,2,,0.101595,0.219068,0.679338,,30077400,,
0,2,,0.107395,0.29178,0.600826,,28957500,,
0,2,,0.119971,0.217623,0.662406,,30218100,,
0,2,,0.135072,0.190268,0.67466,,29449300,,
0,2,,0.149683,0.288742,0.561574,,33647400,,
0,2,,0.112342,0.380927,0.506731,,30632500,,
0,2,,0.160146,0.153755,0.686099,,30086400,,
0,2,,0.155568,0.195782,0.648649,,31256900,,
0,2,,0.087129,0.167305,0.745566,,33174600,,
0,2,,0.12251,0.162071,0.715419,,30273000,,
0,2,,0.191781,0.313765,0.494454,,30170900,,
0,2,,0.106897,0.285414,0.607689,,31840700,,
0,2,,0.200786,0.393768,0.405446,,32424100,,
0,2,,0.165777,0.252827,0.581396,,32480600,,
0,2,,0.182819,0.258682,0.558499,,31956100,,
0,2,,0.075806,0.215085,0.709109,,31587500,,
0,2,,0.142009,0.213958,0.644033,,32541200,,
0,2,,0.118729,0.359576,0.521695,,33836000,,
0,2,,0.118289,0.415142,0.466569,,30314900,,
0,2,,0.223996,0.221469,0.554535,,33234500,,
0,2,,0.119939,0.218764,0.661297,,32901500,,
0,2,,0.177741,0.363412,0.458847,,35365500,,
0,2,,0.131356,0.2233,0.645344,,39126800,,
0,2,,0.107486,0.237647,0.654867,,38293700,,
0,2,,0.082976,0.178574,0.73845,,43269900,,
0,2,,0.124327,0.270969,0.604703,,41606900,,
0,2,,0.142199,0.226118,0.631683,,43148100,,
0,2,,0.185939,0.237525,0.576536,,41043400,,
0,2,,0.09075,0.388682,0.520568,,45647000,,
0,2,,0.101339,0.427655,0.471006,,33874200,,
0,2,,0.07282,0.411195,0.515985,,32774900,,
0,2,,0.091144,0.259886,0.648969,,37214900,,
0,2,,0.094343,0.09674,0.808917,,35273000,,
0,2,,0.101239,0.315057,0.583705,,32351800,,
0,2,,0.115312,0.177948,0.706741,,29803500,,
0,2,,0.166452,0.218833,0.614714,,29932300,,
0,2,,0.18653,0.300047,0.513423,,29519300,,
0,2,,0.165535,0.21166,0.622806,,28642100,,
0,2,,0.217031,0.372654,0.410315,,29399500,,
0,2,,0.140403,0.234824,0.624773,,28108900,,
0,2,,0.095099,0.290491,0.61441,,27472600,,
0,2,,0.094225,0.225883,0.679892,,28728100,,
0,2,,0.123841,0.250479,0.62568,,30789700,,
0,2,,0.195773,0.230414,0.573812,,30311800,,
0,2,,0.177783,0.264125,0.558092,,28575900,,
0,2,,0.113846,0.278168,0.607987,,29463200,,
0,2,,0.15265,0.293364,0.553986,,29070500,,
0,2,,0.11917,0.106029,0.774801,,28933900,,
0,2,,0.130512,0.335832,0.533656,,31157200,,
0,2,,0.15124,0.21074,0.63802,,35910900,,
0,2,,0.197133,0.30228,0.500587,,37662700,,
0,2,,0.183718,0.271721,0.544561,,36382300,,
0,2,,0.115466,0.301422,0.583112,,36930300,,
0,2,,0.20687,0.187318,0.605812,,37931800,,
0,2,,0.073645,0.281669,0.644686,,37000300,,
0,2,,0.094531,0.388671,0.516797,,35556500,,
0,2,,0.091795,0.353531,0.554674,,36777400,,
0,2,,0.156739,0.202341,0.64092,,35785100,,
0,2,,0.084274,0.351815,0.563911,,37976000,,
0,2,,0.146235,0.303998,0.549767,,35853700,,
0,2,,0.114474,0.197883,0.687642,,30445400,,
0,1,,0.116324,0.473684,0.409992,,31211100,,
0,2,,0.077579,0.404879,0.517542,,29740400,,
0,2,,0.16444,0.238906,0.596654,,31391000,,
0,2,,0.137639,0.274484,0.587877,,29507100,,
0,2,,0.139851,0.428023,0.432126,,29016600,,
0,2,,0.082995,0.264632,0.652373,,29531100,,
0,2,,0.276015,0.178695,0.54529,,29684100,,
0,2,,0.076976,0.234878,0.688146,,29921000,,
0,2,,0.186688,0.204294,0.609018,,29013700,,
0,2,,0.109822,0.31494,0.575238,,28013900,,
0,2,,0.229448,0.248244,0.522308,,28486100,,
0,2,,0.141081,0.217904,0.641015,,28341700,,
0,2,,0.077662,0.435299,0.487038,,30187000,,
0,2,,0.109196,0.198368,0.692436,,31371700,,
0,2,,0.097618,0.222281,0.680101,,32237500,,
0,2,,0.127554,0.213959,0.658487,,34459900,,
0,2,,0.136973,0.226081,0.636946,,37395800,,
0,2,,0.081192,0.215208,0.7036,,44593200,,
0,2,,0.125152,0.307989,0.566859,,44963200,,
0,2,,0.143134,0.316015,0.540851,,44610800,,
0,2,,0.059096,0.254911,0.685993,,40251400,,
0,2,,0.117828,0.287891,0.594281,,32557700,,
0,2,,0.205746,0.235218,0.559036,,30028900,,
0,2,,0.13137,0.31983,0.5488,,32016500,,
0,2,,0.097932,0.27728,0.624788,,29938300,,
0,2,,0.075191,0.355996,0.568813,,31808100,,
0,2,,0.17696,0.396258,0.426782,,32164200,,
0,2,,0.08515,0.264503,0.650347,,41794000,,
0,2,,0.257869,0.177777,0.564354,,44770400,,
0,2,,0.183964,0.301347,0.51469,,43900900,,
0,2,,0.170065,0.224808,0.605127,,43867500,,
0,2,,0.182648,0.315239,0.502113,,46151700,,
0,2,,0.150891,0.296266,0.552843,,41518800,,
0,2,,0.113034,0.193931,0.693035,,37341500,,
0,2,,0.136058,0.289633,0.574308,,34877600,,
0,2,,0.131974,0.191694,0.676332,,34404800,,
0,2,,0.14031,0.337686,0.522004,,32758700,,
0,2,,0.088728,0.34965,0.561622,,35138700,,
0,1,,0.174696,0.440648,0.384656,,30320000,,
0,2,,0.170232,0.245278,0.58449,,33366400,,
0,2,,0.107299,0.322289,0.570412,,31070400,,
0,2,,0.085104,0.295865,0.619031,,31356600,,
0,2,,0.085508,0.235241,0.679251,,30103600,,
0,2,,0.072169,0.442612,0.48522,,29170400,,
0,2,,0.204314,0.204327,0.591358,,34930700,,
0,2,,0.133487,0.259836,0.606677,,37878900,,
0,2,,0.14095,0.255073,0.603977,,44325600,,
0,2,,0.098694,0.33324,0.568066,,43944300,,
0,2,,0.230066,0.286103,0.483831,,37287700,,
0,2,,0.148332,0.215544,0.636124,,38850800,,
0,2,,0.121144,0.286509,0.592347,,40820200,,
0,2,,0.119382,0.2315,0.649118,,34195000,,
0,2,,0.090258,0.21283,0.696912,,30723900,,
0,2,,0.113009,0.272011,0.61498,,30981100,,
0,2,,0.127528,0.292765,0.579706,,29804000,,
0,2,,0.196791,0.262318,0.540891,,29991700,,
0,2,,0.142292,0.364451,0.493257,,30505100,,
0,2,,0.300149,0.296489,0.403362,,29815400,,
0,2,,0.152217,0.320388,0.527395,,28805600,,
0,2,,0.103934,0.311509,0.584557,,28981600,,
0,2,,0.113001,0.204534,0.682465,,28123400,,
0,2,,0.099317,0.317347,0.583335,,30178500,,
0,2,,0.146912,0.257157,0.595931,,34560200,,
0,2,,0.128036,0.32311,0.548854,,32493800,,
0,2,,0.107215,0.268739,0.624046,,30339700,,
0,2,,0.137906,0.291725,0.570369,,32960500,,
0,2,,0.092679,0.201143,0.706179,,36634100,,
0,2,,0.172741,0.319826,0.507432,,35024600,,
0,2,,0.067046,0.171795,0.761159,,35119600,,
0,2,,0.165166,0.168428,0.666405,,32310400,,
0,2,,0.198446,0.290717,0.510837,,36103500,,
0,2,,0.172654,0.325508,0.501838,,35182600,,
0,2,,0.120932,0.237393,0.641675,,34550300,,
0,2,,0.127081,0.245619,0.6273,,34061200,,
0,2,,0.206781,0.288437,0.504782,,39216900,,
0,2,,0.098407,0.307788,0.593805,,35963700,,
0,2,,0.114294,0.321022,0.564684,,36157000,,
0,2,,0.141998,0.225464,0.632538,,34140000,,
0,2,,0.100083,0.212271,0.687646,,33099200,,
0,2,,0.169865,0.365012,0.465122,,34278100,,
0,1,,0.144124,0.460626,0.39525,,38975800,,
0,2,,0.100866,0.262634,0.6365,,31609600,,
0,2,,0.109724,0.236493,0.653783,,32673300,,
0,2,,0.07354,0.368772,0.557688,,34111100,,
0,2,,0.138341,0.205056,0.656603,,33907300,,
0,2,,0.128789,0.294675,0.576535,,35278700,,
0,2,,0.182174,0.223552,0.594274,,34836100,,
