connect-4,CWE,test,0,NANOSECONDS,PREDICTIONS, Generated by ClassifierExperiments.java on 2022-05-16 23:02:18.    SYSTEMPROPERTIES:{user.name:matth,os.arch:amd64,os.name:Windows 10},ENDSYSTEMPROPERTIES
No parameter info
0.6810242747187685,23960819800,609327043800,-1,669206256,3,,-1,-1
0,2,,0.12122,0.275981,0.602799,,48278100,,
0,2,,0.184494,0.291718,0.523787,,47395500,,
0,2,,0.065787,0.241317,0.692896,,40214800,,
0,2,,0.096807,0.246532,0.656661,,49907200,,
0,2,,0.17622,0.318128,0.505652,,32154900,,
0,2,,0.160353,0.32359,0.516057,,32746800,,
0,2,,0.120237,0.182383,0.69738,,33159200,,
0,2,,0.140274,0.378791,0.480935,,33756300,,
0,2,,0.101288,0.266729,0.631983,,35086900,,
0,2,,0.115406,0.165739,0.718855,,35472700,,
0,2,,0.0979,0.327794,0.574306,,53031900,,
0,2,,0.193004,0.243748,0.563248,,39854600,,
0,2,,0.147669,0.308908,0.543423,,44220000,,
0,2,,0.152062,0.325367,0.522572,,47019300,,
0,2,,0.144932,0.277717,0.577351,,41396600,,
0,2,,0.113725,0.258232,0.628043,,40977000,,
0,2,,0.176003,0.317401,0.506596,,38221800,,
0,2,,0.089973,0.247877,0.66215,,33076300,,
0,2,,0.119591,0.240329,0.64008,,32839700,,
0,2,,0.096628,0.345998,0.557374,,32628000,,
0,2,,0.099807,0.155892,0.744301,,32934800,,
0,2,,0.136334,0.207535,0.656131,,31834200,,
0,2,,0.115167,0.248093,0.63674,,34045600,,
0,2,,0.11265,0.198693,0.688657,,32457600,,
0,2,,0.11467,0.27489,0.610439,,32043900,,
0,2,,0.115756,0.2058,0.678443,,37233200,,
0,2,,0.114449,0.306199,0.579351,,33107200,,
0,2,,0.144318,0.199942,0.655739,,36124200,,
0,2,,0.117468,0.212299,0.670233,,33508800,,
0,2,,0.13929,0.298929,0.561781,,32209000,,
0,2,,0.170601,0.257368,0.57203,,33427300,,
0,2,,0.103259,0.35441,0.542331,,33231400,,
0,2,,0.197168,0.195033,0.6078,,33783400,,
0,2,,0.127936,0.268398,0.603667,,33538000,,
0,2,,0.084513,0.177989,0.737498,,34456700,,
0,2,,0.081188,0.300747,0.618065,,33396100,,
0,2,,0.115063,0.315112,0.569825,,33387900,,
0,2,,0.098125,0.213048,0.688827,,33717300,,
0,2,,0.109943,0.234282,0.655774,,32780800,,
0,2,,0.136907,0.336094,0.526999,,32764600,,
0,2,,0.150356,0.310386,0.539258,,32486400,,
0,2,,0.0974,0.217942,0.684658,,47922300,,
0,2,,0.136742,0.176375,0.686883,,36150500,,
0,2,,0.160412,0.317448,0.52214,,35641000,,
0,2,,0.135879,0.286325,0.577796,,33240100,,
0,2,,0.148678,0.222169,0.629153,,37821700,,
0,2,,0.118988,0.164757,0.716255,,34799200,,
0,2,,0.116207,0.33932,0.544473,,34591500,,
0,2,,0.146052,0.271194,0.582753,,33367300,,
0,2,,0.103027,0.330543,0.56643,,34335100,,
0,2,,0.114651,0.327247,0.558102,,41278200,,
0,2,,0.126126,0.312689,0.561185,,46426700,,
0,2,,0.106626,0.262816,0.630558,,43828100,,
0,2,,0.120858,0.201267,0.677875,,36985300,,
0,2,,0.119141,0.290821,0.590038,,54887200,,
0,2,,0.129607,0.201164,0.669229,,39275100,,
0,2,,0.081558,0.220513,0.697929,,40342500,,
0,2,,0.107725,0.355304,0.536971,,32187200,,
0,2,,0.189519,0.222928,0.587552,,33695300,,
0,2,,0.12427,0.252305,0.623425,,33096000,,
0,2,,0.079135,0.222245,0.69862,,43815600,,
0,2,,0.163891,0.26603,0.570079,,58519500,,
0,2,,0.092186,0.282663,0.625151,,58626000,,
0,2,,0.148834,0.256771,0.594394,,32601900,,
0,2,,0.113272,0.244626,0.642101,,32686900,,
0,2,,0.138721,0.262878,0.598401,,32466400,,
0,2,,0.129553,0.249859,0.620588,,32780000,,
0,2,,0.09807,0.342525,0.559405,,33180700,,
0,2,,0.073993,0.295762,0.630244,,32452600,,
0,2,,0.198337,0.240439,0.561224,,32402700,,
0,2,,0.153554,0.251171,0.595275,,32278400,,
0,2,,0.12315,0.249908,0.626942,,31971600,,
0,2,,0.13701,0.221281,0.641709,,33359900,,
0,2,,0.147786,0.248626,0.603588,,36103900,,
0,2,,0.128639,0.310888,0.560473,,31851900,,
0,2,,0.170917,0.283396,0.545687,,32877800,,
0,2,,0.123455,0.307347,0.569197,,33428400,,
0,2,,0.130612,0.393748,0.47564,,32769400,,
0,2,,0.125915,0.225035,0.649051,,32726900,,
0,2,,0.096226,0.254325,0.64945,,34077700,,
0,2,,0.126916,0.333396,0.539688,,33681300,,
0,2,,0.116431,0.283321,0.600248,,48920900,,
0,2,,0.169952,0.262789,0.56726,,44503500,,
0,2,,0.154082,0.182111,0.663807,,33433100,,
0,2,,0.114337,0.24928,0.636384,,34004600,,
0,2,,0.094374,0.264313,0.641314,,36017100,,
0,2,,0.148465,0.148949,0.702586,,33297400,,
0,2,,0.200395,0.291868,0.507738,,32903600,,
0,2,,0.153438,0.232481,0.614082,,35017500,,
0,2,,0.120243,0.276153,0.603605,,42043200,,
0,2,,0.103575,0.336513,0.559913,,46017200,,
0,2,,0.090642,0.34314,0.566218,,39423700,,
0,2,,0.112103,0.209581,0.678317,,33119800,,
0,2,,0.137007,0.270815,0.592178,,33017400,,
0,2,,0.131829,0.246178,0.621992,,33221700,,
0,2,,0.084911,0.389413,0.525676,,39607400,,
0,2,,0.095948,0.315508,0.588544,,45001500,,
0,2,,0.064125,0.273471,0.662404,,41827400,,
0,2,,0.105094,0.257707,0.6372,,47278400,,
0,2,,0.163603,0.214114,0.622283,,47151800,,
0,2,,0.097878,0.250984,0.651138,,48098200,,
0,2,,0.124526,0.290922,0.584552,,41459500,,
0,2,,0.133504,0.275564,0.590932,,33523600,,
0,2,,0.135666,0.196405,0.667929,,32882600,,
0,2,,0.058227,0.320687,0.621086,,32839600,,
0,2,,0.12648,0.365498,0.508022,,32140700,,
0,2,,0.111845,0.321661,0.566494,,32752700,,
0,2,,0.089981,0.144151,0.765868,,32450200,,
0,2,,0.073936,0.325185,0.60088,,41263400,,
0,2,,0.145929,0.175084,0.678987,,35708600,,
0,2,,0.112972,0.275079,0.611949,,35343100,,
0,2,,0.134008,0.23233,0.633662,,32646800,,
0,2,,0.097165,0.233566,0.669269,,33481100,,
0,2,,0.148156,0.196528,0.655317,,34022100,,
0,2,,0.080375,0.18846,0.731166,,32583400,,
0,2,,0.103591,0.261587,0.634822,,36654000,,
0,2,,0.097572,0.26866,0.633767,,43537800,,
0,2,,0.167298,0.239104,0.593598,,31883500,,
0,2,,0.109802,0.333573,0.556625,,33913900,,
0,2,,0.183846,0.257501,0.558653,,32430000,,
0,2,,0.113028,0.252321,0.634651,,32220200,,
0,2,,0.12656,0.291987,0.581453,,32548800,,
0,2,,0.123091,0.220367,0.656543,,33831900,,
0,2,,0.132034,0.218068,0.649898,,35464400,,
0,2,,0.096094,0.224053,0.679854,,37437600,,
0,2,,0.09478,0.213655,0.691565,,39707900,,
0,2,,0.1577,0.315024,0.527275,,37502600,,
0,2,,0.137272,0.287817,0.574911,,37674900,,
0,2,,0.109411,0.268943,0.621646,,37874700,,
0,2,,0.121454,0.379154,0.499392,,35541400,,
0,2,,0.137824,0.255431,0.606746,,34689400,,
0,2,,0.185189,0.25999,0.554821,,34168100,,
0,2,,0.100863,0.347752,0.551385,,32637300,,
0,2,,0.114699,0.168753,0.716548,,32388200,,
0,2,,0.109964,0.264116,0.62592,,32512700,,
0,2,,0.102633,0.261456,0.63591,,33135800,,
0,2,,0.174973,0.317438,0.507589,,32549100,,
0,2,,0.147942,0.245066,0.606992,,35127400,,
0,2,,0.109574,0.324959,0.565467,,32188300,,
0,2,,0.099411,0.235266,0.665323,,32763200,,
0,2,,0.067344,0.209603,0.723053,,34179500,,
0,2,,0.080887,0.254195,0.664918,,32981300,,
0,2,,0.113682,0.369516,0.516802,,39941500,,
0,2,,0.135932,0.401761,0.462308,,41865000,,
0,2,,0.122542,0.221016,0.656442,,32604600,,
0,2,,0.125231,0.175632,0.699138,,32077600,,
0,2,,0.139319,0.187526,0.673155,,34207300,,
0,2,,0.091665,0.268265,0.64007,,33420300,,
0,2,,0.099116,0.341879,0.559005,,34830200,,
0,2,,0.071078,0.280201,0.648721,,35400000,,
0,2,,0.085737,0.201316,0.712947,,32259100,,
0,2,,0.254012,0.207987,0.538001,,38979200,,
0,2,,0.105044,0.201378,0.693577,,46184900,,
0,2,,0.088319,0.274186,0.637495,,31995900,,
0,2,,0.199549,0.262655,0.537796,,32416700,,
0,2,,0.203674,0.308107,0.488219,,33121500,,
0,2,,0.143415,0.34596,0.510625,,32503200,,
0,2,,0.07326,0.273651,0.653089,,32747900,,
0,2,,0.124154,0.210157,0.665689,,33105100,,
0,2,,0.09747,0.372703,0.529827,,32761400,,
0,2,,0.098323,0.306003,0.595674,,32480200,,
0,2,,0.048626,0.305122,0.646253,,42898300,,
0,2,,0.134452,0.200123,0.665425,,39752400,,
0,2,,0.111102,0.15543,0.733468,,34632800,,
0,2,,0.135817,0.215701,0.648482,,34135900,,
0,2,,0.138653,0.246039,0.615308,,35083300,,
0,2,,0.087255,0.346337,0.566408,,32654800,,
0,2,,0.131775,0.221679,0.646546,,39471300,,
0,2,,0.121099,0.205643,0.673258,,33074700,,
0,2,,0.088151,0.339164,0.572685,,32873900,,
0,2,,0.140257,0.283343,0.5764,,32623300,,
0,2,,0.063864,0.269527,0.666609,,33299000,,
0,2,,0.094552,0.185457,0.719991,,33069500,,
0,2,,0.145529,0.208012,0.646459,,34816400,,
0,2,,0.076213,0.275251,0.648536,,42854100,,
0,2,,0.138162,0.275059,0.586779,,44554700,,
0,2,,0.082563,0.294936,0.622501,,36522600,,
0,2,,0.084184,0.360385,0.555431,,35814600,,
0,2,,0.065492,0.362784,0.571724,,34516500,,
0,2,,0.104729,0.186633,0.708638,,34779000,,
0,2,,0.136571,0.254664,0.608765,,32555700,,
0,2,,0.107919,0.279072,0.61301,,33129400,,
0,2,,0.143309,0.333804,0.522887,,32825200,,
0,2,,0.156102,0.235057,0.608841,,38008900,,
0,2,,0.059547,0.351931,0.588522,,32594600,,
0,2,,0.080781,0.247418,0.671801,,32313300,,
0,2,,0.125261,0.219199,0.655539,,31997900,,
0,2,,0.094362,0.255566,0.650072,,33561600,,
0,2,,0.111212,0.298772,0.590016,,33717500,,
0,2,,0.112328,0.292059,0.595612,,32229000,,
0,2,,0.131486,0.373169,0.495345,,32247200,,
0,2,,0.078992,0.262042,0.658966,,33125200,,
0,2,,0.148264,0.327274,0.524463,,33621600,,
0,2,,0.093473,0.271752,0.634775,,32421100,,
0,2,,0.125684,0.261855,0.612462,,35672500,,
0,2,,0.143244,0.256475,0.600281,,38738800,,
0,2,,0.094352,0.215719,0.689929,,48259400,,
0,2,,0.128971,0.215104,0.655926,,38746800,,
0,2,,0.115837,0.280862,0.603301,,44506300,,
0,2,,0.125993,0.304853,0.569155,,42117500,,
0,2,,0.074919,0.265219,0.659862,,43089500,,
0,2,,0.130203,0.197721,0.672077,,41065100,,
0,2,,0.112935,0.2914,0.595665,,37461700,,
0,2,,0.085122,0.266553,0.648324,,36936300,,
0,2,,0.120497,0.25029,0.629213,,34760400,,
0,2,,0.127887,0.302461,0.569652,,35952600,,
0,2,,0.069588,0.164775,0.765637,,33668300,,
0,2,,0.074706,0.272502,0.652792,,35019300,,
0,2,,0.119607,0.201414,0.678978,,33166700,,
0,2,,0.150464,0.29942,0.550116,,33126200,,
0,2,,0.097845,0.209168,0.692986,,33407900,,
0,2,,0.166486,0.290851,0.542663,,33570500,,
0,2,,0.099237,0.266065,0.634698,,33436100,,
0,2,,0.11037,0.237286,0.652344,,35865300,,
0,2,,0.120039,0.275668,0.604293,,34261400,,
0,2,,0.11307,0.399366,0.487564,,37341600,,
0,2,,0.162057,0.214796,0.623147,,35462900,,
0,2,,0.119919,0.299137,0.580944,,35124200,,
0,2,,0.187432,0.184326,0.628242,,36204500,,
0,2,,0.098693,0.222884,0.678423,,35154000,,
0,2,,0.107512,0.30383,0.588658,,35668300,,
0,2,,0.147916,0.251805,0.60028,,35023100,,
0,2,,0.099597,0.190749,0.709654,,37282600,,
0,2,,0.075883,0.206488,0.717629,,39708300,,
0,2,,0.176188,0.247645,0.576167,,33730500,,
0,2,,0.084774,0.223466,0.69176,,34291100,,
0,2,,0.091507,0.25069,0.657803,,36523600,,
0,2,,0.159001,0.244801,0.596197,,40002100,,
0,2,,0.125011,0.258684,0.616304,,37893900,,
0,2,,0.112449,0.357368,0.530182,,41934900,,
0,2,,0.125492,0.291882,0.582627,,53706400,,
0,2,,0.152451,0.367251,0.480298,,41610800,,
0,2,,0.077624,0.295696,0.62668,,38949100,,
0,2,,0.111236,0.254149,0.634614,,35747600,,
0,2,,0.189302,0.341826,0.468872,,39095000,,
0,2,,0.159482,0.302231,0.538287,,36820100,,
0,2,,0.227316,0.194898,0.577785,,35148700,,
0,2,,0.180925,0.220993,0.598082,,34003900,,
0,2,,0.110824,0.254005,0.635171,,34961500,,
0,2,,0.109042,0.222969,0.667989,,31975400,,
0,2,,0.095724,0.218113,0.686163,,31772700,,
0,2,,0.146808,0.16861,0.684582,,32387700,,
0,2,,0.147015,0.326673,0.526312,,39648200,,
0,2,,0.128101,0.220548,0.651351,,37865200,,
0,2,,0.108102,0.233105,0.658794,,38030700,,
0,2,,0.110757,0.179676,0.709567,,32920300,,
0,2,,0.128307,0.321713,0.54998,,34924600,,
0,2,,0.09952,0.217125,0.683356,,37322700,,
0,2,,0.110159,0.320788,0.569053,,53203200,,
0,2,,0.04704,0.320634,0.632325,,53729200,,
0,2,,0.138044,0.305732,0.556224,,44019000,,
0,2,,0.13236,0.229126,0.638514,,41831300,,
0,2,,0.122199,0.363643,0.514158,,33577200,,
0,2,,0.112113,0.317786,0.5701,,32816000,,
0,2,,0.105436,0.205181,0.689382,,32778400,,
0,2,,0.100159,0.21456,0.685281,,33917800,,
0,2,,0.108198,0.298138,0.593664,,39628000,,
0,2,,0.164989,0.281096,0.553915,,45379100,,
0,2,,0.108046,0.251285,0.640669,,31915700,,
0,2,,0.167744,0.262057,0.5702,,33162400,,
0,2,,0.131428,0.354629,0.513943,,37434500,,
0,2,,0.122423,0.249653,0.627924,,43845600,,
0,2,,0.141664,0.309992,0.548344,,32344500,,
0,2,,0.130572,0.375702,0.493726,,32155000,,
0,2,,0.127988,0.229339,0.642673,,37330300,,
0,1,,0.124316,0.456922,0.418762,,32453700,,
0,2,,0.16266,0.247158,0.590182,,34689700,,
0,2,,0.113655,0.256239,0.630106,,35879800,,
0,2,,0.162487,0.179049,0.658465,,39247600,,
0,2,,0.093155,0.278466,0.62838,,36690100,,
0,2,,0.089529,0.302763,0.607708,,38507900,,
0,2,,0.16919,0.307293,0.523517,,40888500,,
0,2,,0.096655,0.441402,0.461944,,37153700,,
0,2,,0.100206,0.213804,0.685991,,39913700,,
0,2,,0.160524,0.315751,0.523725,,39091600,,
0,2,,0.108663,0.321233,0.570104,,33815600,,
0,2,,0.144781,0.337205,0.518014,,43507700,,
0,2,,0.093986,0.284147,0.621867,,35381400,,
0,2,,0.145214,0.240417,0.614369,,35763300,,
0,2,,0.177291,0.225638,0.597071,,34326300,,
0,2,,0.110407,0.343599,0.545994,,34783600,,
0,2,,0.131304,0.28289,0.585807,,32571700,,
0,2,,0.084231,0.227478,0.688291,,32533800,,
0,2,,0.127993,0.21636,0.655647,,32268600,,
0,2,,0.177952,0.212262,0.609786,,35039100,,
0,2,,0.09941,0.228193,0.672397,,31818100,,
0,2,,0.102561,0.302272,0.595167,,33341600,,
0,2,,0.136133,0.330905,0.532962,,53259500,,
0,2,,0.118188,0.235588,0.646225,,40290300,,
0,2,,0.147847,0.237794,0.614358,,37243600,,
0,2,,0.156238,0.216333,0.627429,,38972800,,
0,2,,0.139444,0.351903,0.508653,,46043700,,
0,2,,0.1404,0.316516,0.543085,,44215300,,
0,2,,0.104486,0.33545,0.560064,,45633400,,
0,2,,0.073899,0.184844,0.741257,,37220700,,
0,2,,0.115922,0.280942,0.603136,,32837300,,
0,2,,0.10402,0.294858,0.601122,,32602400,,
0,2,,0.112874,0.24776,0.639366,,39888500,,
0,2,,0.194218,0.212647,0.593135,,38601400,,
0,2,,0.159796,0.238548,0.601655,,33955200,,
0,2,,0.102552,0.247331,0.650117,,33139600,,
0,2,,0.112169,0.295692,0.592139,,34707600,,
0,2,,0.149207,0.225165,0.625628,,33257800,,
0,2,,0.094634,0.391282,0.514084,,32286900,,
0,2,,0.110656,0.323544,0.5658,,32987100,,
0,2,,0.134864,0.295417,0.569719,,44161100,,
0,2,,0.096842,0.34411,0.559048,,42911400,,
0,2,,0.160059,0.265468,0.574473,,44671000,,
0,2,,0.112969,0.213971,0.67306,,33156700,,
0,2,,0.093194,0.254914,0.651893,,32267100,,
0,2,,0.119244,0.348617,0.532139,,32938000,,
0,2,,0.106503,0.224367,0.66913,,35834200,,
0,2,,0.192603,0.303919,0.503478,,50964300,,
0,2,,0.165747,0.369427,0.464826,,40432400,,
0,2,,0.163832,0.276372,0.559795,,36792200,,
0,2,,0.153718,0.266024,0.580258,,34408000,,
0,2,,0.151902,0.277016,0.571082,,37955800,,
0,2,,0.157273,0.308054,0.534673,,33102100,,
0,2,,0.145582,0.336751,0.517667,,32473200,,
0,2,,0.086464,0.295712,0.617825,,32529600,,
0,2,,0.083416,0.172039,0.744545,,34620100,,
0,2,,0.065249,0.278037,0.656714,,36571000,,
0,2,,0.091337,0.412238,0.496425,,33557200,,
0,2,,0.139858,0.215349,0.644793,,32386600,,
0,2,,0.081555,0.23353,0.684915,,33578500,,
0,2,,0.097687,0.207707,0.694606,,33972200,,
0,2,,0.093365,0.254092,0.652544,,33018200,,
0,2,,0.138098,0.295711,0.566191,,37685100,,
0,2,,0.132048,0.204179,0.663773,,32622000,,
0,2,,0.137278,0.312567,0.550155,,34800600,,
0,2,,0.235148,0.161875,0.602978,,34593100,,
0,2,,0.098243,0.38149,0.520267,,33071800,,
0,2,,0.086942,0.174209,0.738849,,32924800,,
0,2,,0.085405,0.228377,0.686218,,32940500,,
0,2,,0.083211,0.224288,0.692501,,33013000,,
0,2,,0.141602,0.262668,0.59573,,32563300,,
0,2,,0.094618,0.26192,0.643461,,33530800,,
0,2,,0.147482,0.306385,0.546132,,32593200,,
0,2,,0.113138,0.164787,0.722075,,42030600,,
0,2,,0.090699,0.221328,0.687973,,42259900,,
0,2,,0.161783,0.238404,0.599813,,39293800,,
0,2,,0.115142,0.207728,0.67713,,35717600,,
0,2,,0.153012,0.198375,0.648613,,39811200,,
0,2,,0.143012,0.330404,0.526584,,41045700,,
0,2,,0.125571,0.223768,0.65066,,35444800,,
0,2,,0.145688,0.265131,0.589181,,45397300,,
0,2,,0.08563,0.295457,0.618914,,34548100,,
0,2,,0.121434,0.364908,0.513658,,33690400,,
0,2,,0.147615,0.260712,0.591673,,37030000,,
0,2,,0.124547,0.318137,0.557316,,33819400,,
0,2,,0.151629,0.260193,0.588178,,36796600,,
0,2,,0.144274,0.200126,0.655599,,32205600,,
0,2,,0.168478,0.250796,0.580726,,32662300,,
0,2,,0.069988,0.249708,0.680304,,32753100,,
0,2,,0.182764,0.321692,0.495545,,34996600,,
0,2,,0.081684,0.331354,0.586962,,34835700,,
0,2,,0.152803,0.231084,0.616114,,31695600,,
0,2,,0.131823,0.258899,0.609278,,44651700,,
0,2,,0.16097,0.133268,0.705762,,33536500,,
0,2,,0.143862,0.266964,0.589175,,33875100,,
0,2,,0.080107,0.222712,0.69718,,32330900,,
0,2,,0.095981,0.220913,0.683106,,33781500,,
0,2,,0.131066,0.290544,0.57839,,39755000,,
0,2,,0.12986,0.199784,0.670356,,47202800,,
0,2,,0.07747,0.176111,0.746419,,56381100,,
0,2,,0.148182,0.329465,0.522353,,53496000,,
0,2,,0.152308,0.22347,0.624223,,45603900,,
0,2,,0.098778,0.269653,0.631569,,34080400,,
0,2,,0.170721,0.31618,0.5131,,32543000,,
0,2,,0.150502,0.178064,0.671435,,32411000,,
0,2,,0.127161,0.220603,0.652236,,31717900,,
0,2,,0.1625,0.304713,0.532787,,32010000,,
0,2,,0.059967,0.304389,0.635644,,48180300,,
0,2,,0.142379,0.338414,0.519207,,37736300,,
0,2,,0.077679,0.291392,0.63093,,32375600,,
0,2,,0.104314,0.311726,0.58396,,33262400,,
0,2,,0.134318,0.279106,0.586576,,33140100,,
0,2,,0.077434,0.315136,0.60743,,34981600,,
0,2,,0.127941,0.260594,0.611465,,33123800,,
0,2,,0.161067,0.334884,0.504049,,41919000,,
0,2,,0.111191,0.264513,0.624297,,45688400,,
0,2,,0.156677,0.200015,0.643308,,40172200,,
0,2,,0.161485,0.274393,0.564122,,39046300,,
0,2,,0.103354,0.26392,0.632726,,55043300,,
0,2,,0.117684,0.209387,0.672928,,42861400,,
0,2,,0.117282,0.250154,0.632564,,51354700,,
0,2,,0.185218,0.259968,0.554815,,36766200,,
0,2,,0.13729,0.258986,0.603723,,38278300,,
0,2,,0.126359,0.290732,0.582909,,32962100,,
0,2,,0.127951,0.184497,0.687552,,33371900,,
0,2,,0.075318,0.279876,0.644806,,32137600,,
0,2,,0.118654,0.250845,0.630501,,34832700,,
0,2,,0.119312,0.28215,0.598538,,34582600,,
0,2,,0.107087,0.415741,0.477171,,33259300,,
0,2,,0.118961,0.198372,0.682666,,48150000,,
0,2,,0.120808,0.35202,0.527172,,33142100,,
0,2,,0.110549,0.333339,0.556112,,32671800,,
0,2,,0.126992,0.23954,0.633468,,36750300,,
0,2,,0.112796,0.193119,0.694085,,32848300,,
0,2,,0.1527,0.200402,0.646898,,33164700,,
0,2,,0.110268,0.324279,0.565452,,40000800,,
0,2,,0.072522,0.266452,0.661027,,46895100,,
0,2,,0.078074,0.30778,0.614146,,47719100,,
0,2,,0.123775,0.215654,0.660572,,33977200,,
0,2,,0.12557,0.246687,0.627742,,32950700,,
0,2,,0.119128,0.248515,0.632357,,32524700,,
0,2,,0.113413,0.326211,0.560375,,33536700,,
0,2,,0.131006,0.213667,0.655327,,33261400,,
0,2,,0.084676,0.173807,0.741517,,33919300,,
0,2,,0.090616,0.315497,0.593886,,33730000,,
0,2,,0.119553,0.306656,0.573791,,35145100,,
0,2,,0.118659,0.258335,0.623007,,33413400,,
0,2,,0.206053,0.318021,0.475925,,38984900,,
0,2,,0.221888,0.187207,0.590905,,36365600,,
0,2,,0.119367,0.273442,0.60719,,34828300,,
0,2,,0.129255,0.199294,0.671451,,32464500,,
0,2,,0.098941,0.257614,0.643445,,33794400,,
0,2,,0.093705,0.343694,0.562601,,33008100,,
0,2,,0.099386,0.282754,0.617859,,32616500,,
0,2,,0.13433,0.29676,0.568909,,33239300,,
0,2,,0.184489,0.307764,0.507747,,37203300,,
0,2,,0.089219,0.226957,0.683825,,33141200,,
0,2,,0.121719,0.19869,0.67959,,31713200,,
0,2,,0.106264,0.33031,0.563426,,34461200,,
0,2,,0.103103,0.233456,0.663441,,39883700,,
0,2,,0.091879,0.259521,0.648599,,43432900,,
0,2,,0.18045,0.135969,0.683581,,39422600,,
0,2,,0.173276,0.220921,0.605802,,42142900,,
0,2,,0.150419,0.296483,0.553098,,37339900,,
0,2,,0.111722,0.235941,0.652336,,46571500,,
0,2,,0.08392,0.233522,0.682558,,36380600,,
0,2,,0.091943,0.234568,0.673489,,32569700,,
0,2,,0.104325,0.246267,0.649408,,31765500,,
0,2,,0.130254,0.28902,0.580727,,33551200,,
0,2,,0.12313,0.265813,0.611057,,36221600,,
0,2,,0.083221,0.190781,0.725999,,34299900,,
0,2,,0.139538,0.29268,0.567783,,32604300,,
0,2,,0.091496,0.236026,0.672478,,32986200,,
0,2,,0.134279,0.250909,0.614811,,35832400,,
0,2,,0.06371,0.38416,0.55213,,33418700,,
0,2,,0.098814,0.314343,0.586842,,32669600,,
0,2,,0.136923,0.16086,0.702216,,32464500,,
0,2,,0.132433,0.189163,0.678404,,35904700,,
0,2,,0.117406,0.294981,0.587612,,46090100,,
0,2,,0.110086,0.279706,0.610208,,44195700,,
0,2,,0.132761,0.333408,0.53383,,51996400,,
0,2,,0.09273,0.267278,0.639991,,36578800,,
0,2,,0.177787,0.244824,0.577389,,37613100,,
0,2,,0.133375,0.287237,0.579388,,45786800,,
0,2,,0.101693,0.218342,0.679965,,33710300,,
0,2,,0.113419,0.375417,0.511164,,32531800,,
0,2,,0.170004,0.212604,0.617392,,32721400,,
0,1,,0.168539,0.446578,0.384882,,45876500,,
0,2,,0.119632,0.337302,0.543066,,43712000,,
0,2,,0.128907,0.373498,0.497595,,34014900,,
0,2,,0.075404,0.428332,0.496265,,33880900,,
0,2,,0.141095,0.380631,0.478273,,32515300,,
0,2,,0.142702,0.319281,0.538016,,33312600,,
0,2,,0.079702,0.269593,0.650705,,34502200,,
0,2,,0.14364,0.202223,0.654137,,31859200,,
0,2,,0.082286,0.162559,0.755155,,32696800,,
0,2,,0.137689,0.299065,0.563246,,33988100,,
0,2,,0.111893,0.260705,0.627402,,32864800,,
0,2,,0.134792,0.203238,0.66197,,32208600,,
0,2,,0.063227,0.248606,0.688168,,33920300,,
0,2,,0.127684,0.220234,0.652081,,39076400,,
0,2,,0.120869,0.388542,0.490589,,42672500,,
0,2,,0.117451,0.278654,0.603895,,54354700,,
0,2,,0.112148,0.237723,0.650129,,40477100,,
0,2,,0.084901,0.317604,0.597496,,39111000,,
0,2,,0.09342,0.281544,0.625035,,49764900,,
0,2,,0.123612,0.357256,0.519132,,47230500,,
0,2,,0.16043,0.252394,0.587176,,37590200,,
0,2,,0.108923,0.226215,0.664862,,44303300,,
0,2,,0.12948,0.263988,0.606531,,32881300,,
0,2,,0.109024,0.245233,0.645743,,41752100,,
0,2,,0.068524,0.235286,0.69619,,37157900,,
0,2,,0.125965,0.171009,0.703026,,36103800,,
0,2,,0.172993,0.266623,0.560384,,33799700,,
0,2,,0.123674,0.199626,0.676699,,33846600,,
0,2,,0.120097,0.275596,0.604307,,40490400,,
0,2,,0.170535,0.367361,0.462104,,40690000,,
0,2,,0.116104,0.267074,0.616822,,34989300,,
0,2,,0.115745,0.295503,0.588752,,33112600,,
0,2,,0.165597,0.276235,0.558167,,33398200,,
0,2,,0.128667,0.20807,0.663263,,34055300,,
0,2,,0.282511,0.276851,0.440638,,33509300,,
0,2,,0.208736,0.179495,0.611769,,32657200,,
0,2,,0.138365,0.303171,0.558463,,32318300,,
0,2,,0.11606,0.353811,0.530129,,34135200,,
0,2,,0.08797,0.33579,0.576241,,33325400,,
0,2,,0.140845,0.340454,0.518701,,35890900,,
0,2,,0.13252,0.278866,0.588614,,35685500,,
0,2,,0.068707,0.275478,0.655815,,34278600,,
0,2,,0.109147,0.276086,0.614767,,35820300,,
0,2,,0.08616,0.285236,0.628604,,36514000,,
0,2,,0.127273,0.188783,0.683944,,34334400,,
0,2,,0.089011,0.172939,0.73805,,34179100,,
0,2,,0.152683,0.259721,0.587597,,53810300,,
0,2,,0.13731,0.301847,0.560843,,41951400,,
0,2,,0.106744,0.253369,0.639887,,42748300,,
0,2,,0.059416,0.279919,0.660664,,37113300,,
0,2,,0.090824,0.326782,0.582394,,45304800,,
0,2,,0.105755,0.312283,0.581963,,35956000,,
0,2,,0.160893,0.301634,0.537473,,32646900,,
0,2,,0.197525,0.369734,0.432742,,33359800,,
0,2,,0.125165,0.248834,0.626001,,33206700,,
0,2,,0.082507,0.198651,0.718842,,33058000,,
0,2,,0.139338,0.248775,0.611887,,32539900,,
0,2,,0.136886,0.231426,0.631689,,32545800,,
0,2,,0.129871,0.277641,0.592488,,33440700,,
0,2,,0.127793,0.239043,0.633164,,32465600,,
0,2,,0.066641,0.284368,0.648991,,32700500,,
0,2,,0.134179,0.30805,0.557772,,33556200,,
0,2,,0.150368,0.314003,0.535629,,39796700,,
0,2,,0.109104,0.219031,0.671865,,40798100,,
0,2,,0.138518,0.326196,0.535286,,33858800,,
0,2,,0.146782,0.302865,0.550352,,32310400,,
0,2,,0.158925,0.235616,0.605459,,34396100,,
0,2,,0.15444,0.305556,0.540004,,34767800,,
0,2,,0.120381,0.320159,0.55946,,45335500,,
0,2,,0.153633,0.286636,0.559731,,33104600,,
0,2,,0.108168,0.25998,0.631851,,33007600,,
0,2,,0.130205,0.20872,0.661075,,33844400,,
0,2,,0.161028,0.274384,0.564588,,32287500,,
0,2,,0.09286,0.259506,0.647634,,33220800,,
0,2,,0.078231,0.275366,0.646402,,32996500,,
0,2,,0.159503,0.301323,0.539175,,33503600,,
0,2,,0.118208,0.283125,0.598666,,45829200,,
0,2,,0.090062,0.34179,0.568149,,35855200,,
0,2,,0.096248,0.268199,0.635553,,32969200,,
0,2,,0.145418,0.191802,0.66278,,32811500,,
0,2,,0.094603,0.263063,0.642334,,41598000,,
0,2,,0.145587,0.344505,0.509909,,38220500,,
0,2,,0.097671,0.265949,0.63638,,36671500,,
0,2,,0.105428,0.34789,0.546682,,33469900,,
0,2,,0.112081,0.280898,0.607021,,33307100,,
0,2,,0.11756,0.165681,0.716758,,37412700,,
0,2,,0.149253,0.287015,0.563732,,42845100,,
0,2,,0.154169,0.281571,0.56426,,55762400,,
0,2,,0.110974,0.308684,0.580342,,36057600,,
0,2,,0.125875,0.240179,0.633947,,33659100,,
0,2,,0.068468,0.227312,0.70422,,32666400,,
0,2,,0.143375,0.256904,0.599721,,32883000,,
0,2,,0.078012,0.159104,0.762884,,33708200,,
0,2,,0.133931,0.31149,0.554579,,33634300,,
0,2,,0.134185,0.240959,0.624855,,32912100,,
0,2,,0.131143,0.24369,0.625167,,35378700,,
0,2,,0.205717,0.265259,0.529024,,33749400,,
0,2,,0.120146,0.176324,0.70353,,32654900,,
0,2,,0.186298,0.262967,0.550736,,32876700,,
0,2,,0.222048,0.263311,0.51464,,43987400,,
0,2,,0.045113,0.325899,0.628988,,34910500,,
0,2,,0.09907,0.282677,0.618253,,34367900,,
0,2,,0.10763,0.257278,0.635092,,34786200,,
0,2,,0.137431,0.220994,0.641575,,34533300,,
0,2,,0.134478,0.209584,0.655939,,34554600,,
0,2,,0.103264,0.256675,0.640061,,38162300,,
0,2,,0.114752,0.301547,0.583701,,40931700,,
0,2,,0.094428,0.243868,0.661704,,42428600,,
0,2,,0.079253,0.247708,0.673039,,38066200,,
0,2,,0.156621,0.317902,0.525478,,37625200,,
0,2,,0.121261,0.356737,0.522003,,39359800,,
0,2,,0.182343,0.304173,0.513484,,42259100,,
0,2,,0.136206,0.214763,0.649031,,46606700,,
0,2,,0.171034,0.250378,0.578589,,40140900,,
0,2,,0.102003,0.288251,0.609746,,42443200,,
0,2,,0.150412,0.377051,0.472536,,42405800,,
0,2,,0.168506,0.229873,0.601621,,43007500,,
0,2,,0.139686,0.226258,0.634056,,47535600,,
0,2,,0.174684,0.258854,0.566462,,37614500,,
0,2,,0.145079,0.289007,0.565915,,40465000,,
0,2,,0.124617,0.300282,0.575101,,43733100,,
0,2,,0.146956,0.264952,0.588092,,37212500,,
0,2,,0.144815,0.277815,0.577369,,43364900,,
0,2,,0.103683,0.317438,0.578879,,36369500,,
0,2,,0.137275,0.226755,0.63597,,37243900,,
0,2,,0.154995,0.262294,0.582711,,39324400,,
0,2,,0.183361,0.3418,0.474839,,34356600,,
0,2,,0.129778,0.351723,0.518499,,42446800,,
0,2,,0.119471,0.269069,0.61146,,40286800,,
0,2,,0.142151,0.306596,0.551254,,33603700,,
0,2,,0.085545,0.340914,0.57354,,34152100,,
0,2,,0.116366,0.19673,0.686905,,35242000,,
0,2,,0.141278,0.290251,0.568471,,52621600,,
0,2,,0.100493,0.270602,0.628904,,67822100,,
0,2,,0.138537,0.297828,0.563636,,59331900,,
0,2,,0.147545,0.231178,0.621277,,45407100,,
0,2,,0.088794,0.248742,0.662464,,38941000,,
0,2,,0.125553,0.262777,0.611669,,41323000,,
0,2,,0.079245,0.341485,0.57927,,48198300,,
0,2,,0.171342,0.233347,0.595311,,52085800,,
0,2,,0.102359,0.21802,0.679621,,46957300,,
0,2,,0.168397,0.360257,0.471345,,47797700,,
0,2,,0.121479,0.271143,0.607378,,57770100,,
0,2,,0.131695,0.235722,0.632583,,53556600,,
0,2,,0.106132,0.287605,0.606263,,45328900,,
0,2,,0.155866,0.238026,0.606108,,43187600,,
0,2,,0.074369,0.206811,0.718821,,40239300,,
0,2,,0.202871,0.172412,0.624717,,39066300,,
0,2,,0.122689,0.149124,0.728187,,40698800,,
0,2,,0.211684,0.218299,0.570017,,39196400,,
0,2,,0.178776,0.298154,0.523071,,38811100,,
0,2,,0.080459,0.310659,0.608882,,38958700,,
0,2,,0.120662,0.347078,0.53226,,38440200,,
0,2,,0.112574,0.190211,0.697215,,38217300,,
0,2,,0.095533,0.218504,0.685962,,38155100,,
0,2,,0.133061,0.215143,0.651797,,39539400,,
0,2,,0.154332,0.278677,0.566991,,37968400,,
0,2,,0.125005,0.321629,0.553366,,38532200,,
0,2,,0.137487,0.157398,0.705114,,38323800,,
0,2,,0.174668,0.223588,0.601745,,38779300,,
0,2,,0.140024,0.227075,0.632901,,41395400,,
0,2,,0.139422,0.23942,0.621158,,40825000,,
0,2,,0.14487,0.215333,0.639797,,39402700,,
0,2,,0.156628,0.313307,0.530065,,38738100,,
0,2,,0.158481,0.275034,0.566485,,37665900,,
0,2,,0.172636,0.24201,0.585354,,38232100,,
0,2,,0.185616,0.225989,0.588395,,33155600,,
0,2,,0.115187,0.183365,0.701448,,32344200,,
0,2,,0.188282,0.351705,0.460012,,34694100,,
0,2,,0.087385,0.31163,0.600985,,32451400,,
0,2,,0.087197,0.361263,0.551539,,33379300,,
0,2,,0.095939,0.197941,0.70612,,33802700,,
0,2,,0.11847,0.207109,0.674421,,33483000,,
0,2,,0.162384,0.202982,0.634634,,33259700,,
0,2,,0.108029,0.308319,0.583652,,33970200,,
0,2,,0.083896,0.307348,0.608757,,42572600,,
0,2,,0.076847,0.250437,0.672715,,32295600,,
0,2,,0.091367,0.35126,0.557373,,32347200,,
0,2,,0.110204,0.321713,0.568083,,32678000,,
0,2,,0.092406,0.321011,0.586583,,32650700,,
0,2,,0.097897,0.329894,0.572209,,32745600,,
0,2,,0.085222,0.20036,0.714418,,33027900,,
0,2,,0.123019,0.274492,0.602488,,31830000,,
0,2,,0.111272,0.279512,0.609217,,33894500,,
0,2,,0.076173,0.262747,0.66108,,32527300,,
0,2,,0.187085,0.296853,0.516062,,32317500,,
0,2,,0.101337,0.248253,0.65041,,31909900,,
0,2,,0.118113,0.284969,0.596919,,34190000,,
0,2,,0.112531,0.290316,0.597153,,32183700,,
0,2,,0.132016,0.200656,0.667328,,32107400,,
0,2,,0.13978,0.182196,0.678024,,37155500,,
0,2,,0.114859,0.308614,0.576527,,33905800,,
0,2,,0.072204,0.322053,0.605743,,32691500,,
0,2,,0.132381,0.29258,0.575039,,34918300,,
0,2,,0.112521,0.306574,0.580906,,34309900,,
0,2,,0.074119,0.329454,0.596427,,47039300,,
0,2,,0.140922,0.325773,0.533305,,33209700,,
0,2,,0.146749,0.196233,0.657018,,36026400,,
0,2,,0.096198,0.220805,0.682997,,42351700,,
0,2,,0.054087,0.372113,0.573801,,40302600,,
0,2,,0.127086,0.169482,0.703432,,33006900,,
0,2,,0.127613,0.181567,0.69082,,36358100,,
0,2,,0.102472,0.327184,0.570343,,33340700,,
0,2,,0.095355,0.250883,0.653762,,33311000,,
0,2,,0.129958,0.236717,0.633325,,36748500,,
0,2,,0.156345,0.273985,0.569671,,33986700,,
0,2,,0.136077,0.245694,0.61823,,35103100,,
0,2,,0.118719,0.355949,0.525332,,34127100,,
0,2,,0.134765,0.358395,0.50684,,41725800,,
0,2,,0.175682,0.24677,0.577548,,32810400,,
0,2,,0.200068,0.294099,0.505833,,32542900,,
0,2,,0.076849,0.242657,0.680494,,34040600,,
0,2,,0.132479,0.355159,0.512362,,32837800,,
0,2,,0.145549,0.202579,0.651872,,31555400,,
0,2,,0.091514,0.357613,0.550873,,32058100,,
0,2,,0.120922,0.231181,0.647896,,32308500,,
0,2,,0.182662,0.282651,0.534687,,32684100,,
0,2,,0.11228,0.245652,0.642068,,33287100,,
0,2,,0.159904,0.3866,0.453496,,32455300,,
0,2,,0.158806,0.331624,0.50957,,32432800,,
0,2,,0.081368,0.184231,0.734401,,33043200,,
0,2,,0.087201,0.22305,0.689749,,32435000,,
0,2,,0.130501,0.179395,0.690104,,32655200,,
0,2,,0.085494,0.340187,0.574319,,31798900,,
0,2,,0.124609,0.154682,0.72071,,32736000,,
0,2,,0.065139,0.350164,0.584697,,32890400,,
0,2,,0.111334,0.333581,0.555085,,31931800,,
0,2,,0.14703,0.247362,0.605608,,34559800,,
0,2,,0.087932,0.238918,0.67315,,32842200,,
0,2,,0.083149,0.235495,0.681356,,32780100,,
0,2,,0.119836,0.304236,0.575927,,32240300,,
0,2,,0.121455,0.238277,0.640268,,33551300,,
0,2,,0.101816,0.31081,0.587374,,35838900,,
0,2,,0.117789,0.358746,0.523465,,34429100,,
0,2,,0.099652,0.272021,0.628327,,33423800,,
0,2,,0.117502,0.150077,0.732421,,32967600,,
0,2,,0.163198,0.203677,0.633124,,32526000,,
0,2,,0.194718,0.307753,0.497529,,32741100,,
0,2,,0.132571,0.267506,0.599923,,32590400,,
0,2,,0.136946,0.190003,0.673052,,37102000,,
0,2,,0.146674,0.370995,0.482331,,41612000,,
0,2,,0.095444,0.287584,0.616972,,32985700,,
0,2,,0.056509,0.278222,0.665268,,31756500,,
0,2,,0.061475,0.263104,0.675421,,31860600,,
0,2,,0.186773,0.35619,0.457037,,31863700,,
0,2,,0.096875,0.257409,0.645717,,32642300,,
0,2,,0.114381,0.179817,0.705802,,33889200,,
0,2,,0.159915,0.313493,0.526592,,32519900,,
0,2,,0.123069,0.294673,0.582258,,33303600,,
0,2,,0.098181,0.183088,0.718731,,34382700,,
0,2,,0.132319,0.233616,0.634065,,32942300,,
0,2,,0.195327,0.24518,0.559493,,32321100,,
0,2,,0.139524,0.283726,0.57675,,32116800,,
0,2,,0.124422,0.273833,0.601745,,31979700,,
0,2,,0.121531,0.168067,0.710402,,32286000,,
0,2,,0.159889,0.218571,0.62154,,31723800,,
0,2,,0.132276,0.26337,0.604354,,32230000,,
0,2,,0.134179,0.318277,0.547544,,34896600,,
0,2,,0.063473,0.235637,0.700891,,32770900,,
0,2,,0.102409,0.351024,0.546567,,32146800,,
0,2,,0.10948,0.31808,0.57244,,32248300,,
0,2,,0.125089,0.246939,0.627972,,32865600,,
0,2,,0.097437,0.261004,0.641558,,32196500,,
0,2,,0.104379,0.249636,0.645985,,33942800,,
0,2,,0.064914,0.322843,0.612243,,32106400,,
0,2,,0.085126,0.336249,0.578625,,33243400,,
0,2,,0.109507,0.266105,0.624387,,33069400,,
0,2,,0.138764,0.218794,0.642442,,42817500,,
0,2,,0.09569,0.290525,0.613785,,39422400,,
0,2,,0.112645,0.249848,0.637507,,32034000,,
0,2,,0.094237,0.290585,0.615179,,33143200,,
0,2,,0.188782,0.20493,0.606289,,33671100,,
0,2,,0.208918,0.231927,0.559155,,33997300,,
0,2,,0.109807,0.250709,0.639484,,32327000,,
0,2,,0.128132,0.261452,0.610416,,40039600,,
0,2,,0.095218,0.327615,0.577167,,31679300,,
0,2,,0.119865,0.204023,0.676112,,33061600,,
0,2,,0.124934,0.276287,0.598779,,32337600,,
0,2,,0.123876,0.237079,0.639045,,32488000,,
0,2,,0.153889,0.240188,0.605923,,33582300,,
0,2,,0.11473,0.250316,0.634954,,38628900,,
0,2,,0.160085,0.24431,0.595605,,35975300,,
0,2,,0.144985,0.233866,0.621149,,33405300,,
0,2,,0.164179,0.225713,0.610108,,32635100,,
0,2,,0.11639,0.317331,0.566279,,32744300,,
0,2,,0.149897,0.295187,0.554916,,37867600,,
0,2,,0.123313,0.169459,0.707228,,40036900,,
0,2,,0.112074,0.327372,0.560554,,45521200,,
0,2,,0.206915,0.289319,0.503766,,45844900,,
0,2,,0.075087,0.371545,0.553368,,47730400,,
0,2,,0.093792,0.328664,0.577544,,54220900,,
0,2,,0.141821,0.358418,0.499761,,57559000,,
0,2,,0.141751,0.391752,0.466497,,59786600,,
0,2,,0.17884,0.234196,0.586964,,58022300,,
0,2,,0.126904,0.178172,0.694924,,58424700,,
0,2,,0.118127,0.258554,0.623319,,42216600,,
0,2,,0.093582,0.197154,0.709264,,41916500,,
0,2,,0.110651,0.30332,0.586029,,40571600,,
0,2,,0.109022,0.218081,0.672897,,45255600,,
0,2,,0.094575,0.372467,0.532958,,36536300,,
0,2,,0.114274,0.315656,0.570069,,39296400,,
0,2,,0.150599,0.24991,0.599491,,42569300,,
0,2,,0.111027,0.217997,0.670976,,43969400,,
0,2,,0.11447,0.156021,0.729508,,38762100,,
0,2,,0.114937,0.29708,0.587984,,40970300,,
0,2,,0.108615,0.332138,0.559247,,42463300,,
0,2,,0.161816,0.302015,0.536169,,40410200,,
0,2,,0.083121,0.305617,0.611262,,44480600,,
0,2,,0.119897,0.197314,0.682789,,57300600,,
0,2,,0.163802,0.253174,0.583024,,55233500,,
0,2,,0.102602,0.30807,0.589328,,43486100,,
0,2,,0.14149,0.25319,0.605319,,40719900,,
0,2,,0.12703,0.288165,0.584805,,45019100,,
0,2,,0.165762,0.312104,0.522134,,43996000,,
0,2,,0.104253,0.235916,0.659831,,40097600,,
0,2,,0.140613,0.229265,0.630122,,40687100,,
0,2,,0.060037,0.321296,0.618667,,62343800,,
0,2,,0.108551,0.271593,0.619857,,64958100,,
0,2,,0.107203,0.201146,0.691651,,37528200,,
0,2,,0.120572,0.283338,0.59609,,38053200,,
0,2,,0.135138,0.266117,0.598745,,45111000,,
0,2,,0.088342,0.33259,0.579068,,65578900,,
0,2,,0.102233,0.266986,0.630781,,63905700,,
0,2,,0.039672,0.243742,0.716585,,74462400,,
0,2,,0.135703,0.21005,0.654247,,59587600,,
0,1,,0.101,0.478556,0.420444,,61836900,,
0,2,,0.141324,0.228558,0.630118,,74556900,,
0,2,,0.138024,0.204734,0.657241,,77940200,,
0,2,,0.122997,0.209924,0.667079,,49705900,,
0,2,,0.103486,0.263769,0.632744,,54566400,,
0,2,,0.121557,0.233715,0.644728,,42914600,,
0,2,,0.160515,0.322715,0.516771,,36867300,,
0,2,,0.24354,0.304468,0.451992,,50468300,,
0,2,,0.099227,0.282272,0.618501,,35504200,,
0,2,,0.12912,0.279697,0.591182,,36301000,,
0,2,,0.097918,0.195162,0.70692,,46365000,,
0,2,,0.102263,0.183039,0.714697,,55074200,,
0,2,,0.12475,0.345615,0.529635,,52443300,,
0,2,,0.119199,0.297391,0.583409,,51795800,,
0,2,,0.150421,0.203938,0.645642,,50120800,,
0,2,,0.072719,0.257122,0.670159,,48544500,,
0,2,,0.09603,0.299722,0.604248,,45213000,,
0,2,,0.11093,0.31399,0.57508,,46416400,,
0,2,,0.089717,0.188956,0.721326,,41243000,,
0,2,,0.110177,0.213851,0.675971,,40333200,,
0,2,,0.105413,0.345107,0.54948,,38973300,,
0,2,,0.182983,0.264742,0.552275,,33066500,,
0,2,,0.123623,0.304022,0.572355,,33532100,,
0,2,,0.106964,0.316378,0.576659,,42339200,,
0,2,,0.131956,0.303262,0.564782,,46124500,,
0,2,,0.133677,0.255344,0.610979,,46087700,,
0,2,,0.112033,0.216481,0.671486,,34977600,,
0,2,,0.114661,0.231898,0.653441,,32457300,,
0,2,,0.108703,0.233227,0.65807,,32072300,,
0,2,,0.093362,0.299726,0.606911,,32035900,,
0,2,,0.104912,0.259966,0.635123,,33867000,,
0,2,,0.164926,0.282304,0.55277,,34133700,,
0,2,,0.096153,0.246853,0.656993,,32230900,,
0,2,,0.104547,0.325609,0.569844,,31607500,,
0,2,,0.117233,0.208049,0.674719,,32775200,,
0,2,,0.095069,0.272961,0.63197,,33973400,,
0,2,,0.238909,0.258715,0.502376,,34078300,,
0,2,,0.036268,0.377202,0.58653,,32694400,,
0,2,,0.117065,0.326339,0.556595,,33076200,,
0,2,,0.166913,0.329459,0.503628,,32703800,,
0,2,,0.116185,0.203342,0.680473,,35106800,,
0,2,,0.15335,0.264766,0.581884,,32609500,,
0,2,,0.187512,0.282871,0.529618,,31782000,,
0,2,,0.107557,0.188373,0.70407,,36489200,,
0,2,,0.172588,0.295487,0.531925,,32221800,,
0,2,,0.182194,0.299799,0.518007,,32367800,,
0,2,,0.132294,0.310284,0.557422,,33320500,,
0,2,,0.103764,0.355249,0.540987,,32876800,,
0,2,,0.1208,0.263876,0.615324,,32575400,,
0,2,,0.185481,0.227547,0.586972,,44206600,,
0,2,,0.092411,0.252458,0.65513,,32771000,,
0,2,,0.10229,0.234661,0.663049,,34771100,,
0,2,,0.170969,0.290431,0.5386,,35961000,,
0,2,,0.127607,0.253027,0.619366,,33672100,,
0,2,,0.125118,0.282078,0.592804,,35289900,,
0,2,,0.113078,0.295339,0.591584,,36820900,,
0,2,,0.166705,0.258156,0.57514,,33988500,,
0,2,,0.143042,0.257679,0.599279,,32278000,,
0,2,,0.105043,0.251784,0.643173,,32689000,,
0,2,,0.095754,0.206924,0.697321,,34287200,,
0,2,,0.163688,0.288276,0.548036,,46499900,,
0,2,,0.118836,0.245355,0.635809,,37203000,,
0,2,,0.111033,0.304673,0.584294,,42936100,,
0,2,,0.1365,0.184617,0.678882,,33008400,,
0,2,,0.121772,0.306776,0.571452,,32434600,,
0,2,,0.072624,0.390555,0.536821,,32078800,,
0,2,,0.090974,0.288637,0.620389,,32667300,,
0,2,,0.129551,0.297766,0.572683,,32786900,,
0,2,,0.080585,0.255488,0.663927,,31980800,,
0,2,,0.117611,0.184191,0.698198,,32256900,,
0,2,,0.108354,0.309485,0.582161,,32535100,,
0,2,,0.124502,0.2231,0.652397,,36114000,,
0,2,,0.12839,0.347522,0.524088,,43503400,,
0,2,,0.175632,0.299362,0.525006,,46180000,,
0,2,,0.160058,0.269517,0.570426,,33117100,,
0,2,,0.104163,0.44495,0.450887,,34651600,,
0,2,,0.109126,0.285955,0.604918,,33003400,,
0,2,,0.165935,0.314778,0.519287,,32331400,,
0,2,,0.104719,0.17246,0.72282,,32439200,,
0,2,,0.111843,0.293893,0.594264,,32559400,,
0,2,,0.112172,0.172116,0.715712,,33242100,,
0,2,,0.151605,0.378609,0.469786,,35555400,,
0,2,,0.11811,0.236223,0.645667,,32070200,,
0,2,,0.13213,0.303551,0.564319,,32801200,,
0,2,,0.066429,0.174452,0.759119,,33209800,,
0,2,,0.053439,0.222937,0.723624,,33126700,,
0,2,,0.13097,0.221261,0.647769,,32726300,,
0,2,,0.172759,0.275885,0.551357,,33226200,,
0,2,,0.124486,0.271232,0.604282,,33513900,,
0,2,,0.095478,0.259884,0.644638,,32576500,,
0,2,,0.114148,0.22443,0.661423,,33831600,,
0,2,,0.170386,0.227915,0.601699,,33930100,,
0,2,,0.103668,0.262339,0.633993,,33159100,,
0,2,,0.110422,0.386456,0.503122,,33024000,,
0,2,,0.128491,0.318787,0.552722,,32360200,,
0,2,,0.184681,0.219829,0.595489,,32421300,,
0,2,,0.107376,0.307233,0.585391,,33341100,,
0,2,,0.129353,0.367781,0.502866,,41902800,,
0,2,,0.089542,0.216647,0.693811,,38563500,,
0,2,,0.048061,0.305288,0.64665,,33123500,,
0,2,,0.128243,0.318716,0.553041,,32251000,,
0,2,,0.087279,0.248284,0.664437,,35318400,,
0,2,,0.163689,0.28919,0.547121,,39137900,,
0,2,,0.120487,0.294539,0.584974,,47327500,,
0,2,,0.130223,0.22863,0.641148,,37093300,,
0,2,,0.104875,0.194326,0.700799,,31968200,,
0,2,,0.097759,0.302504,0.599736,,39070100,,
0,2,,0.138839,0.176003,0.685158,,40142300,,
0,2,,0.161146,0.230904,0.607951,,41342400,,
0,2,,0.16418,0.246684,0.589136,,34127700,,
0,2,,0.088084,0.251198,0.660718,,33157900,,
0,2,,0.22699,0.196698,0.576312,,33896600,,
0,2,,0.134708,0.270317,0.594975,,33952000,,
0,2,,0.03701,0.22922,0.73377,,37182700,,
0,2,,0.092698,0.261519,0.645784,,33059900,,
0,2,,0.088999,0.229159,0.681842,,32808800,,
0,2,,0.119569,0.232457,0.647974,,33161900,,
0,2,,0.092181,0.273065,0.634754,,31683900,,
0,2,,0.146485,0.308363,0.545151,,44764000,,
0,2,,0.143058,0.308282,0.54866,,40271700,,
0,2,,0.151028,0.201622,0.64735,,32586600,,
0,2,,0.210721,0.315639,0.47364,,31681800,,
0,2,,0.140304,0.267384,0.592312,,33440300,,
0,2,,0.11527,0.34644,0.538291,,32009700,,
0,2,,0.163258,0.308787,0.527955,,33521800,,
0,2,,0.171727,0.240512,0.587761,,33195600,,
0,2,,0.134617,0.308725,0.556658,,34310300,,
0,2,,0.094696,0.290903,0.614401,,36686000,,
0,2,,0.099003,0.207667,0.69333,,35716800,,
0,2,,0.106817,0.258682,0.634501,,51735000,,
0,2,,0.198924,0.281494,0.519582,,39013700,,
0,2,,0.122351,0.214249,0.6634,,35751200,,
