connect-4,CWE,test,1,NANOSECONDS,PREDICTIONS, Generated by ClassifierExperiments.java on 2022-05-16 23:13:23.    SYSTEMPROPERTIES:{user.name:matth,os.arch:amd64,os.name:Windows 10},ENDSYSTEMPROPERTIES
No parameter info
0.6868709295441089,24744592700,596364139300,-1,668913600,3,,-1,-1
0,2,,0.121163,0.39603,0.482806,,45645900,,
0,2,,0.115121,0.233053,0.651825,,42977200,,
0,2,,0.144195,0.198817,0.656989,,46339200,,
0,2,,0.14162,0.240299,0.618081,,35577100,,
0,2,,0.088505,0.229871,0.681624,,47054800,,
0,2,,0.112558,0.230038,0.657404,,48309200,,
0,2,,0.069467,0.194906,0.735627,,44698500,,
0,2,,0.146493,0.391001,0.462505,,50577800,,
0,2,,0.101834,0.198151,0.700015,,45348600,,
0,2,,0.126753,0.260483,0.612764,,48234000,,
0,2,,0.118765,0.33953,0.541706,,47324100,,
0,2,,0.174396,0.257941,0.567663,,50192700,,
0,2,,0.094047,0.26496,0.640993,,58600300,,
0,2,,0.12381,0.363161,0.513028,,58054900,,
0,2,,0.141987,0.26162,0.596394,,63129600,,
0,2,,0.155911,0.168135,0.675953,,50604000,,
0,2,,0.091655,0.239865,0.66848,,52962000,,
0,2,,0.111516,0.297672,0.590812,,45102200,,
0,2,,0.156514,0.298494,0.544991,,49161600,,
0,2,,0.098969,0.282469,0.618562,,49993100,,
0,2,,0.11751,0.312345,0.570145,,52921100,,
0,2,,0.100959,0.301179,0.597861,,44373100,,
0,2,,0.125416,0.301607,0.572977,,61319200,,
0,2,,0.168035,0.240687,0.591279,,52635900,,
0,2,,0.183164,0.322296,0.49454,,54024800,,
0,2,,0.086405,0.241813,0.671782,,42802300,,
0,2,,0.107938,0.208012,0.68405,,48691400,,
0,2,,0.12455,0.309786,0.565664,,46476400,,
0,2,,0.12167,0.314641,0.563689,,46246100,,
0,2,,0.102383,0.231763,0.665854,,42491600,,
0,2,,0.118367,0.245535,0.636098,,43839600,,
0,2,,0.12034,0.324693,0.554968,,44340500,,
0,2,,0.110251,0.273856,0.615893,,39425000,,
0,2,,0.143158,0.3521,0.504742,,36353400,,
0,2,,0.147691,0.245756,0.606553,,51931500,,
0,2,,0.138462,0.284947,0.576591,,40104500,,
0,2,,0.212619,0.288973,0.498408,,42520200,,
0,2,,0.113582,0.141227,0.745191,,50302200,,
0,2,,0.144312,0.250668,0.60502,,43825600,,
0,2,,0.089138,0.220407,0.690455,,48018100,,
0,2,,0.171992,0.26551,0.562498,,46963700,,
0,2,,0.08061,0.242837,0.676553,,36672200,,
0,2,,0.122203,0.180516,0.697281,,43444600,,
0,2,,0.154152,0.304262,0.541586,,52409000,,
0,2,,0.116797,0.227641,0.655562,,46439000,,
0,2,,0.125951,0.188513,0.685535,,41972200,,
0,2,,0.110463,0.32754,0.561997,,45257800,,
0,2,,0.078713,0.25785,0.663437,,42252400,,
0,2,,0.240686,0.186672,0.572642,,44077400,,
0,2,,0.117659,0.20966,0.672681,,46857600,,
0,2,,0.107316,0.318176,0.574508,,45670000,,
0,2,,0.141494,0.276265,0.582241,,41394700,,
0,2,,0.188907,0.231649,0.579444,,42730700,,
0,2,,0.189622,0.272225,0.538153,,48617500,,
0,2,,0.09057,0.259311,0.650119,,47354000,,
0,2,,0.136983,0.282283,0.580734,,47058300,,
0,2,,0.104127,0.230868,0.665006,,46049900,,
0,2,,0.188975,0.180009,0.631016,,46291300,,
0,2,,0.157793,0.261331,0.580876,,42488400,,
0,2,,0.091543,0.174125,0.734331,,46919100,,
0,2,,0.122173,0.197791,0.680036,,47038500,,
0,2,,0.227725,0.252464,0.519811,,45267300,,
0,2,,0.12428,0.217421,0.658299,,49362700,,
0,2,,0.125033,0.205731,0.669235,,45819100,,
0,2,,0.113564,0.349065,0.537371,,46358700,,
0,2,,0.110612,0.34968,0.539708,,47755600,,
0,2,,0.144206,0.179917,0.675877,,44378200,,
0,2,,0.124772,0.357493,0.517736,,49628500,,
0,2,,0.07855,0.278419,0.643031,,45989800,,
0,2,,0.075336,0.169524,0.75514,,44010500,,
0,2,,0.116622,0.316787,0.566591,,45672300,,
0,2,,0.126917,0.307271,0.565812,,38735900,,
0,2,,0.153078,0.314413,0.532509,,36807000,,
0,2,,0.108345,0.189596,0.702059,,38143500,,
0,2,,0.132132,0.326414,0.541454,,47173300,,
0,2,,0.131643,0.306963,0.561394,,44805900,,
0,2,,0.149013,0.249199,0.601787,,54948600,,
0,2,,0.108048,0.297139,0.594813,,48012600,,
0,2,,0.125595,0.330789,0.543616,,44723500,,
0,2,,0.131011,0.209526,0.659463,,43909700,,
0,2,,0.088597,0.316534,0.594869,,40458200,,
0,2,,0.146025,0.278914,0.575061,,40209000,,
0,2,,0.130873,0.319725,0.549402,,44161900,,
0,2,,0.129198,0.266198,0.604603,,47998700,,
0,2,,0.105843,0.181534,0.712624,,49871900,,
0,2,,0.107564,0.316551,0.575885,,48702300,,
0,2,,0.143097,0.269196,0.587707,,41127000,,
0,2,,0.090599,0.213609,0.695792,,38769800,,
0,2,,0.167002,0.307568,0.525429,,37183000,,
0,2,,0.198803,0.188319,0.612878,,40893300,,
0,2,,0.12705,0.40749,0.46546,,43464000,,
0,2,,0.132482,0.203724,0.663794,,42266900,,
0,2,,0.111952,0.354476,0.533571,,46247900,,
0,2,,0.113341,0.283289,0.60337,,42000500,,
0,2,,0.058053,0.354767,0.587179,,41772000,,
0,2,,0.092807,0.224492,0.682701,,43445100,,
0,2,,0.100738,0.234518,0.664744,,47977200,,
0,2,,0.081106,0.318057,0.600837,,44483900,,
0,2,,0.070143,0.259356,0.670501,,45894000,,
0,2,,0.18512,0.288429,0.526451,,38160500,,
0,2,,0.114864,0.402566,0.48257,,50588900,,
0,2,,0.16871,0.256909,0.574381,,42593900,,
0,2,,0.070111,0.456254,0.473636,,43672500,,
0,2,,0.137097,0.398513,0.464389,,42478400,,
0,2,,0.101338,0.265731,0.632931,,45237900,,
0,2,,0.155249,0.402021,0.44273,,48439000,,
0,2,,0.153686,0.316344,0.52997,,42309000,,
0,2,,0.142769,0.28214,0.575091,,40539900,,
0,2,,0.142331,0.330325,0.527344,,46503300,,
0,2,,0.115458,0.22766,0.656883,,45315000,,
0,2,,0.168399,0.250397,0.581204,,44059900,,
0,2,,0.098916,0.253966,0.647119,,50797100,,
0,2,,0.123437,0.272402,0.604161,,46353300,,
0,2,,0.146224,0.188762,0.665014,,44517700,,
0,2,,0.085555,0.277122,0.637323,,37909700,,
0,2,,0.078125,0.272881,0.648994,,38676600,,
0,2,,0.165522,0.351666,0.482812,,39779600,,
0,2,,0.112271,0.397254,0.490475,,39679600,,
0,2,,0.070444,0.177479,0.752077,,51585200,,
0,2,,0.152869,0.272703,0.574428,,49353100,,
0,2,,0.11578,0.277439,0.606781,,39581900,,
0,2,,0.085241,0.252812,0.661946,,41178100,,
0,2,,0.140193,0.221936,0.637871,,47155300,,
0,2,,0.115195,0.190229,0.694576,,45213200,,
0,2,,0.073216,0.222607,0.704177,,39614600,,
0,2,,0.103754,0.315939,0.580307,,36024000,,
0,2,,0.109136,0.393733,0.497131,,43332700,,
0,2,,0.122975,0.299748,0.577276,,41265500,,
0,2,,0.132156,0.305732,0.562112,,43096500,,
0,2,,0.096451,0.112441,0.791108,,41883700,,
0,2,,0.089288,0.295064,0.615648,,44030800,,
0,2,,0.094306,0.191429,0.714265,,44894600,,
0,2,,0.069287,0.289411,0.641302,,45442000,,
0,2,,0.108772,0.244043,0.647185,,44869200,,
0,2,,0.077216,0.261115,0.661669,,39153600,,
0,2,,0.15724,0.185544,0.657216,,53257000,,
0,2,,0.135328,0.346004,0.518669,,42823500,,
0,1,,0.16396,0.490441,0.345598,,42412300,,
0,2,,0.088608,0.262582,0.648811,,38044300,,
0,2,,0.112626,0.252723,0.634651,,48298200,,
0,2,,0.099886,0.421995,0.478119,,44870400,,
0,2,,0.118713,0.297384,0.583903,,44622000,,
0,2,,0.101113,0.303822,0.595065,,40772600,,
0,2,,0.127221,0.325605,0.547174,,37816100,,
0,2,,0.109572,0.413096,0.477332,,48082900,,
0,2,,0.158762,0.210818,0.630421,,45790800,,
0,2,,0.143349,0.291238,0.565413,,45268100,,
0,2,,0.100719,0.307414,0.591866,,52217700,,
0,2,,0.091512,0.306351,0.602137,,46526600,,
0,2,,0.14435,0.22709,0.62856,,43913400,,
0,2,,0.132234,0.191468,0.676298,,43520900,,
0,2,,0.103404,0.270594,0.626002,,44142700,,
0,2,,0.107116,0.234039,0.658845,,39642700,,
0,2,,0.181167,0.273501,0.545333,,42377800,,
0,2,,0.118195,0.274825,0.60698,,45955400,,
0,2,,0.096815,0.275562,0.627624,,43499500,,
0,2,,0.118054,0.290943,0.591003,,45054600,,
0,2,,0.097293,0.319982,0.582725,,41286300,,
0,2,,0.131191,0.291526,0.577283,,41516100,,
0,2,,0.084712,0.253175,0.662113,,47013900,,
0,2,,0.087167,0.341078,0.571755,,48655600,,
0,2,,0.097331,0.375299,0.52737,,49120400,,
0,2,,0.100577,0.439942,0.459481,,45733600,,
0,2,,0.152227,0.365226,0.482547,,41200400,,
0,2,,0.103151,0.420183,0.476666,,49035600,,
0,2,,0.077484,0.313136,0.60938,,46096500,,
0,2,,0.182557,0.200114,0.617328,,46369300,,
0,2,,0.125643,0.268246,0.606111,,45807400,,
0,2,,0.062829,0.385835,0.551336,,44597000,,
0,2,,0.102846,0.212052,0.685101,,44809800,,
0,2,,0.132277,0.40937,0.458353,,38719700,,
0,2,,0.086345,0.246808,0.666847,,48312700,,
0,2,,0.148167,0.260177,0.591655,,44976200,,
0,2,,0.157002,0.209422,0.633575,,45372400,,
0,2,,0.131053,0.274951,0.593996,,47112800,,
0,2,,0.126221,0.357848,0.51593,,49913800,,
0,2,,0.153022,0.337337,0.509641,,45912000,,
0,2,,0.091675,0.277284,0.631041,,43339400,,
0,2,,0.108728,0.248591,0.642681,,49028200,,
0,2,,0.092179,0.208074,0.699747,,47129700,,
0,2,,0.176911,0.218022,0.605067,,46559800,,
0,2,,0.175228,0.29273,0.532043,,47668400,,
0,2,,0.111222,0.242711,0.646067,,51200900,,
0,2,,0.131495,0.308157,0.560349,,46451000,,
0,2,,0.098043,0.198487,0.703469,,49550300,,
0,2,,0.095316,0.279605,0.62508,,46890200,,
0,2,,0.109028,0.284844,0.606128,,45275100,,
0,2,,0.185088,0.239978,0.574934,,47865100,,
0,2,,0.101653,0.206291,0.692056,,49799200,,
0,2,,0.225232,0.294426,0.480342,,46276600,,
0,2,,0.090438,0.304468,0.605094,,49947800,,
0,2,,0.093956,0.289682,0.616362,,44353800,,
0,2,,0.122182,0.308459,0.56936,,45614900,,
0,2,,0.158612,0.257762,0.583626,,42073600,,
0,2,,0.122246,0.296317,0.581437,,39055200,,
0,2,,0.182707,0.301729,0.515564,,54552700,,
0,2,,0.111623,0.252628,0.635749,,44753800,,
0,2,,0.133413,0.252006,0.614581,,46658900,,
0,2,,0.109774,0.194929,0.695296,,46228600,,
0,2,,0.135856,0.344219,0.519925,,47104800,,
0,2,,0.109849,0.273623,0.616528,,44649800,,
0,2,,0.116931,0.239467,0.643602,,40245000,,
0,2,,0.110183,0.217153,0.672664,,41954300,,
0,2,,0.12096,0.172159,0.706881,,54151400,,
0,2,,0.143575,0.269191,0.587233,,47123400,,
0,2,,0.114789,0.300122,0.585089,,56816000,,
0,2,,0.120681,0.22388,0.655439,,50187800,,
0,2,,0.140711,0.244072,0.615217,,44234700,,
0,2,,0.207578,0.240104,0.552318,,50506600,,
0,2,,0.138104,0.322979,0.538917,,49049000,,
0,2,,0.104889,0.321549,0.573562,,45709200,,
0,2,,0.088373,0.243676,0.667951,,39935700,,
0,2,,0.096573,0.237115,0.666312,,49394500,,
0,2,,0.162574,0.21814,0.619287,,48625900,,
0,2,,0.083454,0.174768,0.741778,,52540800,,
0,2,,0.08831,0.279554,0.632136,,48929200,,
0,2,,0.121179,0.279116,0.599706,,44190400,,
0,2,,0.119482,0.300517,0.580002,,52199700,,
0,2,,0.147572,0.382692,0.469736,,45640700,,
0,2,,0.094498,0.215122,0.69038,,46375700,,
0,2,,0.13352,0.201403,0.665078,,52297300,,
0,2,,0.110307,0.19169,0.698004,,50903700,,
0,2,,0.087197,0.194827,0.717976,,45500100,,
0,2,,0.10588,0.350731,0.543389,,50555500,,
0,2,,0.175618,0.2042,0.620182,,46129700,,
0,2,,0.0896,0.223657,0.686744,,46904000,,
0,2,,0.116771,0.215343,0.667886,,53158700,,
0,2,,0.1113,0.258265,0.630434,,47741000,,
0,2,,0.139534,0.336633,0.523833,,46769800,,
0,2,,0.138177,0.221443,0.640379,,41431100,,
0,2,,0.114694,0.173018,0.712288,,49223200,,
0,2,,0.099811,0.261434,0.638755,,41784500,,
0,2,,0.103036,0.28791,0.609054,,43315400,,
0,2,,0.092472,0.260283,0.647245,,52711500,,
0,2,,0.107837,0.285093,0.60707,,55451800,,
0,2,,0.140166,0.303127,0.556708,,52199300,,
0,2,,0.135399,0.255073,0.609528,,44951400,,
0,2,,0.148418,0.383933,0.467649,,52366200,,
0,2,,0.088616,0.301963,0.609421,,46495000,,
0,2,,0.113232,0.234221,0.652547,,44594100,,
0,2,,0.171691,0.307566,0.520743,,41710200,,
0,2,,0.117418,0.19006,0.692522,,45784700,,
0,2,,0.14171,0.211044,0.647246,,41828000,,
0,2,,0.119506,0.324624,0.555871,,37906500,,
0,2,,0.105625,0.15929,0.735085,,37974000,,
0,2,,0.108883,0.277531,0.613587,,44013900,,
0,2,,0.140007,0.301327,0.558665,,43509700,,
0,2,,0.10805,0.296672,0.595279,,42268000,,
0,2,,0.128628,0.228178,0.643194,,51006900,,
0,2,,0.15691,0.211072,0.632019,,42264800,,
0,2,,0.095508,0.307077,0.597414,,42669600,,
0,2,,0.14155,0.291741,0.56671,,43307400,,
0,2,,0.046148,0.303519,0.650333,,47270500,,
0,2,,0.090094,0.314321,0.595586,,44374700,,
0,2,,0.116072,0.375999,0.507929,,44496000,,
0,2,,0.105203,0.238383,0.656414,,46239100,,
0,2,,0.12529,0.315823,0.558887,,43447900,,
0,2,,0.127355,0.292795,0.57985,,36790300,,
0,2,,0.141407,0.201605,0.656987,,46227500,,
0,2,,0.150876,0.318505,0.53062,,45226000,,
0,2,,0.098036,0.314899,0.587065,,49428300,,
0,2,,0.14177,0.266756,0.591474,,47202500,,
0,2,,0.149292,0.336443,0.514265,,46459400,,
0,2,,0.141743,0.316919,0.541339,,54621600,,
0,2,,0.111045,0.37942,0.509535,,44904900,,
0,2,,0.131666,0.210879,0.657456,,41477900,,
0,2,,0.145154,0.391115,0.463731,,47153400,,
0,2,,0.122137,0.360074,0.517789,,45034400,,
0,2,,0.142822,0.141487,0.715691,,49566900,,
0,2,,0.138976,0.286584,0.57444,,48859800,,
0,2,,0.103919,0.396375,0.499706,,58292000,,
0,2,,0.104706,0.203415,0.691878,,42192700,,
0,1,,0.073913,0.463697,0.46239,,53227700,,
0,2,,0.102337,0.246533,0.65113,,49001900,,
0,2,,0.127453,0.284056,0.588491,,51611000,,
0,2,,0.170803,0.235787,0.593409,,57602500,,
0,2,,0.081562,0.249671,0.668767,,52618800,,
0,2,,0.047446,0.275755,0.676799,,49688700,,
0,2,,0.108027,0.266561,0.625413,,47797700,,
0,2,,0.117308,0.187751,0.694941,,50183500,,
0,2,,0.103248,0.241537,0.655215,,48663100,,
0,2,,0.128784,0.241266,0.62995,,49652300,,
0,2,,0.180202,0.248183,0.571615,,51183600,,
0,2,,0.104078,0.287803,0.60812,,45620900,,
0,2,,0.119499,0.274892,0.605609,,45465200,,
0,2,,0.186312,0.365937,0.447751,,44392400,,
0,2,,0.139919,0.257745,0.602336,,53018600,,
0,2,,0.068213,0.218101,0.713686,,47483900,,
0,2,,0.097572,0.320468,0.581959,,49128100,,
0,2,,0.141833,0.176042,0.682125,,51278900,,
0,2,,0.093534,0.345408,0.561057,,45925400,,
0,2,,0.11537,0.257,0.627629,,49833600,,
0,2,,0.191829,0.268439,0.539732,,48650900,,
0,2,,0.096445,0.318085,0.585471,,47277300,,
0,2,,0.120044,0.22324,0.656715,,51419200,,
0,2,,0.122021,0.296002,0.581977,,49775200,,
0,2,,0.1051,0.147975,0.746925,,48391500,,
0,2,,0.145632,0.193749,0.660619,,49385300,,
0,2,,0.110932,0.253977,0.63509,,47196900,,
0,2,,0.11129,0.286485,0.602226,,51103700,,
0,2,,0.101229,0.286022,0.612749,,42928100,,
0,2,,0.110024,0.313615,0.576361,,57446400,,
0,2,,0.162346,0.339864,0.49779,,71057100,,
0,2,,0.117715,0.256458,0.625828,,59273300,,
0,2,,0.133577,0.341454,0.524969,,56677800,,
0,2,,0.136609,0.276804,0.586586,,62554900,,
0,2,,0.112909,0.258269,0.628823,,54428500,,
0,2,,0.157383,0.285167,0.55745,,50390700,,
0,2,,0.103027,0.210594,0.686379,,44610000,,
0,2,,0.118381,0.304163,0.577455,,52192000,,
0,2,,0.210798,0.178604,0.610597,,47872900,,
0,2,,0.102262,0.244267,0.653471,,52193000,,
0,2,,0.09296,0.351595,0.555444,,44917300,,
0,2,,0.097801,0.232694,0.669505,,54217900,,
0,2,,0.174121,0.160785,0.665094,,46382600,,
0,2,,0.184608,0.306263,0.509129,,44804100,,
0,2,,0.162923,0.192555,0.644522,,56071900,,
0,2,,0.081962,0.299368,0.61867,,50244400,,
0,2,,0.105849,0.336114,0.558037,,47721300,,
0,2,,0.113641,0.237319,0.64904,,46344600,,
0,2,,0.178507,0.210745,0.610748,,44634600,,
0,2,,0.167538,0.243804,0.588658,,47194700,,
0,2,,0.050515,0.252242,0.697242,,47059200,,
0,2,,0.083038,0.307563,0.6094,,52579000,,
0,2,,0.133862,0.282995,0.583144,,52338400,,
0,2,,0.117572,0.329988,0.552441,,41701500,,
0,2,,0.112864,0.219123,0.668013,,44137000,,
0,2,,0.172213,0.223467,0.60432,,47797800,,
0,2,,0.119968,0.178781,0.701251,,45150200,,
0,2,,0.140273,0.208355,0.651371,,46038100,,
0,2,,0.116356,0.247074,0.63657,,49892700,,
0,2,,0.112363,0.271687,0.615951,,50387500,,
0,2,,0.11986,0.24936,0.63078,,58012400,,
0,2,,0.164916,0.249807,0.585277,,43100000,,
0,2,,0.056496,0.372853,0.570651,,42422400,,
0,2,,0.08402,0.306981,0.608999,,39178000,,
0,2,,0.039495,0.261653,0.698852,,43796700,,
0,2,,0.129549,0.23845,0.632002,,43341000,,
0,2,,0.18759,0.286487,0.525923,,40698900,,
0,2,,0.120986,0.211435,0.667579,,39362500,,
0,2,,0.145921,0.243522,0.610557,,45276800,,
0,2,,0.159071,0.214353,0.626576,,44857100,,
0,2,,0.111205,0.295679,0.593116,,47845800,,
0,2,,0.124332,0.28845,0.587218,,51711300,,
0,2,,0.094541,0.271164,0.634295,,46658500,,
0,2,,0.129361,0.334556,0.536083,,51105600,,
0,2,,0.185852,0.348684,0.465464,,47160600,,
0,2,,0.079379,0.304642,0.615979,,50961100,,
0,2,,0.0836,0.206616,0.709785,,37635200,,
0,2,,0.117479,0.25893,0.623591,,37878000,,
0,2,,0.199776,0.238651,0.561573,,52846300,,
0,2,,0.138935,0.257647,0.603418,,55367900,,
0,2,,0.138189,0.362089,0.499721,,53996700,,
0,2,,0.14144,0.237906,0.620654,,49922000,,
0,2,,0.081558,0.299213,0.619229,,54783800,,
0,2,,0.136394,0.299617,0.56399,,52135600,,
0,2,,0.136698,0.271551,0.591751,,47779700,,
0,2,,0.109009,0.393279,0.497712,,47308400,,
0,2,,0.117411,0.211416,0.671173,,50371400,,
0,2,,0.135076,0.257346,0.607578,,49178800,,
0,2,,0.156376,0.302164,0.54146,,49650500,,
0,2,,0.126401,0.401886,0.471713,,37948400,,
0,2,,0.105296,0.305754,0.588949,,39324400,,
0,2,,0.102937,0.258685,0.638379,,48161100,,
0,2,,0.144166,0.158832,0.697003,,50768200,,
0,2,,0.135291,0.150597,0.714112,,50975900,,
0,2,,0.070573,0.165487,0.76394,,50998100,,
0,2,,0.113198,0.194717,0.692085,,47413100,,
0,2,,0.134383,0.182049,0.683568,,45628600,,
0,2,,0.146772,0.32713,0.526098,,52587700,,
0,2,,0.097104,0.233941,0.668955,,46240800,,
0,2,,0.069752,0.167404,0.762844,,45448800,,
0,2,,0.123953,0.364279,0.511768,,39734100,,
0,2,,0.181314,0.213859,0.604826,,42279600,,
0,2,,0.16116,0.247776,0.591064,,44814400,,
0,2,,0.109586,0.24196,0.648454,,47219800,,
0,2,,0.105741,0.278069,0.61619,,47923200,,
0,2,,0.246263,0.247958,0.505779,,40479900,,
0,2,,0.054517,0.300091,0.645392,,45638700,,
0,2,,0.1072,0.208273,0.684526,,50825500,,
0,2,,0.109267,0.192512,0.698221,,52038400,,
0,2,,0.142584,0.347405,0.510011,,50292300,,
0,2,,0.178042,0.296074,0.525884,,42136800,,
0,2,,0.161143,0.290448,0.548409,,41611400,,
0,2,,0.131051,0.298881,0.570068,,41557100,,
0,2,,0.138521,0.219513,0.641966,,36026700,,
0,2,,0.118525,0.313013,0.568462,,46991500,,
0,2,,0.108974,0.348044,0.542981,,44617000,,
0,2,,0.17089,0.207666,0.621444,,43956300,,
0,2,,0.129218,0.282727,0.588056,,41253800,,
0,2,,0.109862,0.287884,0.602254,,45410700,,
0,2,,0.118556,0.238037,0.643408,,43995100,,
0,2,,0.185128,0.211623,0.603249,,41232200,,
0,2,,0.165077,0.27589,0.559034,,36456500,,
0,2,,0.081071,0.233408,0.685521,,41099500,,
0,2,,0.158079,0.297112,0.544809,,47329000,,
0,2,,0.08244,0.260619,0.656942,,54316100,,
0,2,,0.1026,0.256771,0.64063,,45803900,,
0,2,,0.126031,0.197506,0.676462,,41878200,,
0,2,,0.121825,0.139844,0.738331,,44954600,,
0,2,,0.085609,0.234065,0.680327,,51337400,,
0,2,,0.123414,0.346977,0.529608,,46612700,,
0,2,,0.137111,0.17187,0.691019,,46216200,,
0,2,,0.143238,0.215438,0.641324,,44135200,,
0,2,,0.176208,0.183217,0.640575,,46315400,,
0,2,,0.141862,0.279952,0.578186,,48106000,,
0,2,,0.147833,0.414204,0.437963,,44968300,,
0,2,,0.128693,0.249663,0.621644,,43034100,,
0,2,,0.119458,0.153003,0.727539,,47746000,,
0,2,,0.099803,0.230057,0.67014,,44625600,,
0,2,,0.107811,0.380316,0.511873,,44417500,,
0,2,,0.103058,0.16523,0.731712,,43395600,,
0,2,,0.124795,0.333385,0.541819,,37041000,,
0,2,,0.180899,0.224894,0.594207,,38966600,,
0,2,,0.125023,0.368474,0.506502,,47466200,,
0,2,,0.086165,0.26884,0.644996,,47480600,,
0,2,,0.150508,0.329173,0.52032,,42909600,,
0,2,,0.105237,0.239728,0.655035,,39157600,,
0,2,,0.127135,0.377449,0.495415,,41963100,,
0,2,,0.101881,0.27297,0.625149,,52091800,,
0,2,,0.148098,0.221042,0.63086,,39970300,,
0,2,,0.149895,0.212674,0.637431,,40406100,,
0,2,,0.117559,0.320468,0.561973,,42810800,,
0,2,,0.127842,0.259881,0.612277,,38830300,,
0,2,,0.108226,0.250346,0.641428,,38916400,,
0,2,,0.058356,0.278723,0.662921,,40339300,,
0,2,,0.122408,0.274198,0.603394,,42598000,,
0,2,,0.132656,0.254853,0.612491,,44935900,,
0,2,,0.100907,0.290454,0.608639,,47518900,,
0,2,,0.134268,0.246681,0.619051,,35085300,,
0,2,,0.141436,0.275397,0.583168,,34505300,,
0,2,,0.126715,0.338781,0.534504,,39764300,,
0,2,,0.102252,0.284358,0.61339,,38754600,,
0,2,,0.110463,0.227106,0.662432,,34499400,,
0,2,,0.181169,0.224888,0.593943,,45645500,,
0,2,,0.15607,0.286787,0.557143,,40231900,,
0,2,,0.209963,0.252323,0.537713,,38163400,,
0,2,,0.141816,0.212632,0.645552,,38796800,,
0,2,,0.089951,0.169959,0.740091,,41074900,,
0,2,,0.119873,0.285835,0.594293,,41530200,,
0,2,,0.099867,0.308152,0.591981,,42526400,,
0,2,,0.137682,0.30115,0.561168,,38270300,,
0,2,,0.131906,0.315125,0.552969,,34199600,,
0,2,,0.103571,0.19553,0.7009,,48044700,,
0,2,,0.098386,0.326567,0.575047,,50367300,,
0,2,,0.169242,0.312259,0.518499,,46276600,,
0,2,,0.094203,0.276857,0.62894,,46211100,,
0,2,,0.080681,0.176227,0.743092,,43932900,,
0,2,,0.118802,0.241551,0.639647,,45353200,,
0,2,,0.078921,0.239385,0.681694,,42095400,,
0,2,,0.116139,0.260605,0.623256,,43949400,,
0,2,,0.192892,0.22653,0.580578,,38881500,,
0,2,,0.085556,0.313106,0.601338,,38814400,,
0,2,,0.151704,0.285998,0.562298,,39469100,,
0,2,,0.105404,0.191221,0.703375,,39765200,,
0,2,,0.094416,0.223218,0.682366,,44286800,,
0,2,,0.092368,0.296799,0.610833,,38692300,,
0,2,,0.104593,0.309478,0.585929,,37009800,,
0,2,,0.171313,0.225524,0.603164,,41852300,,
0,2,,0.072102,0.262869,0.665029,,41496300,,
0,2,,0.075741,0.29886,0.625399,,43047600,,
0,2,,0.122119,0.281274,0.596607,,43629100,,
0,2,,0.089487,0.206081,0.704432,,47139600,,
0,2,,0.169789,0.358227,0.471984,,47122400,,
0,2,,0.148486,0.276719,0.574795,,47277000,,
0,2,,0.132504,0.202391,0.665105,,45708700,,
0,2,,0.143322,0.342016,0.514662,,47894900,,
0,2,,0.119007,0.320925,0.560068,,50819200,,
0,2,,0.115236,0.2894,0.595364,,46610900,,
0,2,,0.113286,0.209319,0.677395,,43954600,,
0,2,,0.141617,0.310627,0.547756,,41926200,,
0,2,,0.103634,0.16853,0.727835,,46876600,,
0,2,,0.150074,0.220418,0.629508,,45269000,,
0,2,,0.153841,0.265422,0.580737,,36895700,,
0,2,,0.128241,0.208945,0.662814,,43315600,,
0,2,,0.099674,0.319271,0.581055,,42651100,,
0,2,,0.078378,0.235138,0.686484,,43126500,,
0,2,,0.092202,0.338129,0.569669,,42588600,,
0,2,,0.070825,0.37496,0.554214,,38470500,,
0,2,,0.150195,0.339839,0.509965,,38765800,,
0,2,,0.174232,0.308252,0.517516,,40211500,,
0,2,,0.095665,0.227086,0.677249,,54747400,,
0,2,,0.123559,0.329357,0.547084,,53765600,,
0,2,,0.149445,0.256734,0.593821,,45830900,,
0,2,,0.078908,0.277637,0.643455,,47800100,,
0,2,,0.127065,0.244151,0.628783,,50611600,,
0,2,,0.095874,0.27503,0.629096,,48176100,,
0,2,,0.135842,0.283542,0.580615,,48087100,,
0,2,,0.163584,0.365272,0.471143,,45919200,,
0,2,,0.129854,0.203588,0.666557,,43796100,,
0,2,,0.10349,0.197823,0.698687,,42555300,,
0,2,,0.114772,0.151361,0.733867,,40216000,,
0,2,,0.098466,0.276212,0.625321,,41604800,,
0,2,,0.144721,0.238678,0.616601,,40055300,,
0,2,,0.114985,0.219934,0.665081,,39983000,,
0,2,,0.113212,0.278634,0.608154,,45694900,,
0,2,,0.148824,0.216816,0.63436,,44075600,,
0,2,,0.057667,0.239841,0.702492,,49914800,,
0,2,,0.150875,0.239536,0.609588,,48726400,,
0,2,,0.139266,0.3371,0.523634,,47481900,,
0,2,,0.114585,0.241794,0.643621,,50045600,,
0,2,,0.114492,0.337675,0.547834,,45549700,,
0,2,,0.089186,0.32776,0.583054,,49444300,,
0,2,,0.089996,0.263341,0.646662,,46027800,,
0,2,,0.131435,0.28949,0.579075,,46072300,,
0,2,,0.124314,0.312864,0.562823,,48991200,,
0,2,,0.144927,0.21213,0.642943,,50983200,,
0,2,,0.108841,0.310414,0.580745,,45054500,,
0,2,,0.143442,0.300868,0.55569,,47246000,,
0,2,,0.187272,0.267263,0.545466,,45477000,,
0,2,,0.109798,0.292792,0.59741,,50850200,,
0,2,,0.178423,0.252488,0.569089,,46805700,,
0,2,,0.136224,0.292903,0.570873,,35931400,,
0,2,,0.105185,0.283216,0.6116,,40058300,,
0,2,,0.156843,0.202717,0.64044,,42068300,,
0,2,,0.121911,0.227893,0.650195,,45736000,,
0,2,,0.156266,0.217829,0.625905,,44747400,,
0,2,,0.128708,0.244926,0.626367,,60511100,,
0,2,,0.09106,0.298088,0.610852,,63641300,,
0,2,,0.071921,0.272682,0.655397,,46860200,,
0,1,,0.132805,0.461562,0.405633,,46864800,,
0,2,,0.131,0.188071,0.680929,,46811700,,
0,2,,0.116017,0.251754,0.632229,,51641600,,
0,2,,0.091658,0.336994,0.571348,,44671100,,
0,2,,0.140026,0.199115,0.660859,,47108400,,
0,2,,0.15956,0.303567,0.536872,,51209800,,
0,2,,0.119403,0.190678,0.689919,,50057900,,
0,2,,0.120864,0.417015,0.462121,,47250600,,
0,2,,0.119865,0.224955,0.65518,,46848400,,
0,2,,0.114144,0.337926,0.54793,,45758900,,
0,2,,0.115147,0.204488,0.680365,,41284300,,
0,2,,0.146563,0.226574,0.626864,,43806800,,
0,2,,0.159224,0.219303,0.621473,,40564300,,
0,2,,0.131151,0.311795,0.557054,,34537100,,
0,2,,0.092935,0.30661,0.600455,,45175800,,
0,2,,0.115684,0.22419,0.660126,,40713300,,
0,2,,0.18606,0.26442,0.54952,,36663800,,
0,2,,0.140087,0.187551,0.672362,,41450000,,
0,2,,0.096588,0.218599,0.684813,,42091100,,
0,2,,0.11824,0.25452,0.62724,,46913300,,
0,2,,0.138769,0.328752,0.532479,,45697500,,
0,2,,0.142522,0.276102,0.581376,,45503800,,
0,2,,0.204904,0.180313,0.614783,,44631100,,
0,2,,0.129886,0.408393,0.461722,,45208000,,
0,2,,0.142023,0.320278,0.537699,,44828100,,
0,2,,0.085074,0.247646,0.66728,,37296500,,
0,2,,0.145906,0.19197,0.662124,,39415600,,
0,2,,0.116629,0.290453,0.592918,,42707900,,
0,2,,0.168123,0.253532,0.578345,,44452800,,
0,2,,0.115571,0.136779,0.74765,,51120600,,
0,2,,0.092799,0.318876,0.588325,,44500000,,
0,2,,0.127645,0.144229,0.728125,,43180000,,
0,2,,0.09977,0.35586,0.54437,,44382900,,
0,2,,0.132515,0.2582,0.609285,,49857500,,
0,2,,0.093603,0.299503,0.606894,,46443900,,
0,2,,0.082841,0.238045,0.679114,,54840700,,
0,2,,0.083117,0.352991,0.563892,,45885700,,
0,2,,0.109751,0.346146,0.544103,,45600900,,
0,2,,0.103725,0.280725,0.615549,,47470800,,
0,2,,0.07938,0.228613,0.692007,,43506700,,
0,2,,0.124571,0.277514,0.597915,,39221000,,
0,2,,0.116093,0.274056,0.609851,,43908300,,
0,2,,0.139943,0.348168,0.511889,,38017000,,
0,2,,0.142624,0.178253,0.679123,,37359300,,
0,2,,0.145135,0.234746,0.620119,,42838500,,
0,2,,0.209037,0.226262,0.564701,,41516700,,
0,2,,0.168047,0.181054,0.650899,,36313300,,
0,2,,0.148832,0.217695,0.633472,,46758100,,
0,2,,0.142113,0.310029,0.547858,,42323300,,
0,2,,0.147735,0.305397,0.546867,,38578500,,
0,2,,0.122044,0.164651,0.713305,,37054800,,
0,2,,0.102028,0.257502,0.64047,,42799200,,
0,2,,0.168181,0.240059,0.591759,,48173500,,
0,2,,0.160439,0.271507,0.568054,,36221100,,
0,2,,0.042842,0.404369,0.552789,,35788000,,
0,2,,0.179433,0.271772,0.548795,,40388500,,
0,2,,0.107513,0.264705,0.627782,,49606400,,
0,2,,0.121489,0.18306,0.695452,,37462900,,
0,2,,0.10273,0.203079,0.694191,,43158500,,
0,2,,0.110671,0.223613,0.665716,,39217700,,
0,2,,0.163942,0.244445,0.591612,,37280200,,
0,2,,0.109756,0.204622,0.685622,,34488000,,
0,2,,0.126074,0.352812,0.521114,,35468200,,
0,2,,0.038335,0.204748,0.756917,,37527200,,
0,2,,0.128096,0.180555,0.691349,,43525900,,
0,2,,0.135328,0.264545,0.600127,,39450600,,
0,2,,0.091385,0.321598,0.587017,,37837000,,
0,2,,0.070091,0.282571,0.647338,,39860500,,
0,2,,0.104999,0.358014,0.536987,,40248700,,
0,2,,0.174397,0.241212,0.584391,,41929900,,
0,2,,0.113135,0.280726,0.606139,,41136700,,
0,2,,0.110619,0.179853,0.709528,,38745500,,
0,2,,0.098686,0.212199,0.689116,,39842200,,
0,2,,0.134276,0.227863,0.63786,,36523600,,
0,2,,0.200029,0.2838,0.516172,,36991100,,
0,2,,0.097603,0.209845,0.692552,,37647500,,
0,2,,0.123699,0.323001,0.5533,,41246300,,
0,2,,0.087081,0.310532,0.602387,,42154000,,
0,2,,0.179044,0.322576,0.49838,,42982400,,
0,2,,0.148391,0.392743,0.458866,,37568700,,
0,2,,0.146095,0.221689,0.632215,,41987100,,
0,2,,0.11859,0.232184,0.649225,,42258100,,
0,2,,0.116061,0.235268,0.648671,,40147400,,
0,2,,0.089651,0.274626,0.635724,,54971900,,
0,2,,0.128999,0.254581,0.616421,,40453900,,
0,2,,0.141287,0.218399,0.640314,,49114600,,
0,2,,0.124632,0.27471,0.600658,,42555000,,
0,2,,0.101734,0.235438,0.662828,,51299300,,
0,2,,0.112347,0.176144,0.711509,,49173000,,
0,2,,0.150054,0.306242,0.543704,,53488500,,
0,2,,0.042868,0.235044,0.722088,,42772300,,
0,2,,0.122409,0.2112,0.666391,,46086700,,
0,2,,0.155854,0.349165,0.494981,,46904400,,
0,2,,0.151345,0.256401,0.592254,,43088200,,
0,2,,0.127454,0.182325,0.69022,,40014200,,
0,2,,0.110541,0.290368,0.599091,,39819800,,
0,2,,0.134884,0.261933,0.603183,,47606000,,
0,2,,0.163234,0.234909,0.601857,,48512000,,
0,2,,0.091039,0.253077,0.655884,,49384900,,
0,2,,0.099116,0.355853,0.545031,,44590400,,
0,2,,0.095163,0.258866,0.645972,,46183700,,
0,2,,0.087229,0.258053,0.654718,,44972600,,
0,2,,0.176599,0.237811,0.58559,,41193300,,
0,2,,0.168445,0.294941,0.536614,,43620100,,
0,2,,0.111936,0.217918,0.670146,,42195400,,
0,2,,0.165988,0.168526,0.665486,,41804200,,
0,2,,0.088781,0.441367,0.469852,,47977100,,
0,2,,0.12557,0.312516,0.561914,,43962400,,
0,2,,0.164619,0.168313,0.667068,,63879400,,
0,2,,0.098951,0.327147,0.573902,,59082800,,
0,2,,0.135411,0.176578,0.688011,,45849600,,
0,2,,0.120085,0.180832,0.699083,,42049800,,
0,2,,0.048628,0.399131,0.552241,,42414700,,
0,2,,0.131538,0.3778,0.490663,,37914600,,
0,2,,0.135298,0.290562,0.57414,,36662400,,
0,1,,0.128617,0.456399,0.414985,,39628600,,
0,2,,0.112283,0.208435,0.679282,,43003900,,
0,2,,0.096068,0.209438,0.694494,,39149200,,
0,2,,0.096533,0.234837,0.66863,,42172900,,
0,2,,0.124007,0.285172,0.590821,,39765500,,
0,2,,0.115306,0.243667,0.641027,,40154400,,
0,2,,0.15088,0.22796,0.62116,,35229800,,
0,2,,0.071498,0.178632,0.74987,,35691800,,
0,2,,0.105428,0.264701,0.629871,,33783300,,
0,2,,0.164466,0.306168,0.529367,,41870500,,
0,2,,0.093639,0.257298,0.649063,,38916000,,
0,2,,0.082681,0.225883,0.691436,,40329100,,
0,2,,0.126367,0.177025,0.696608,,36727800,,
0,2,,0.105241,0.243685,0.651074,,39644400,,
0,2,,0.12455,0.193934,0.681516,,41157700,,
0,2,,0.113838,0.161876,0.724286,,40605100,,
0,2,,0.122168,0.29619,0.581642,,38497800,,
0,2,,0.075407,0.304011,0.620583,,40325900,,
0,2,,0.129316,0.193,0.677684,,44302300,,
0,2,,0.08282,0.137021,0.780159,,46332300,,
0,2,,0.146719,0.220363,0.632918,,41434400,,
0,2,,0.124889,0.353307,0.521804,,37217700,,
0,2,,0.098716,0.247586,0.653697,,35493500,,
0,2,,0.102642,0.34092,0.556438,,37596500,,
0,2,,0.146151,0.300173,0.553676,,40046100,,
0,2,,0.147196,0.214708,0.638097,,38421800,,
0,2,,0.120913,0.284374,0.594713,,38582900,,
0,2,,0.173939,0.200224,0.625837,,38728100,,
0,2,,0.102921,0.357794,0.539285,,52243500,,
0,2,,0.139357,0.234531,0.626112,,39805800,,
0,2,,0.144344,0.328538,0.527118,,36756600,,
0,2,,0.130731,0.313265,0.556004,,41097000,,
0,2,,0.075257,0.303852,0.620891,,42418100,,
0,2,,0.086883,0.284484,0.628634,,47869700,,
0,2,,0.094704,0.271039,0.634257,,38021900,,
0,2,,0.131151,0.260186,0.608663,,37294500,,
0,2,,0.177406,0.211342,0.611253,,37688800,,
0,2,,0.099049,0.233465,0.667486,,37601000,,
0,2,,0.199199,0.301016,0.499784,,38572200,,
0,2,,0.141228,0.399036,0.459736,,37256300,,
0,2,,0.123002,0.194092,0.682906,,36269600,,
0,2,,0.099331,0.268958,0.631711,,48481800,,
0,2,,0.165422,0.202924,0.631655,,51727300,,
0,2,,0.135273,0.185639,0.679088,,43238600,,
0,2,,0.126979,0.372583,0.500438,,50724600,,
0,2,,0.191359,0.238945,0.569695,,45133600,,
0,2,,0.129839,0.280674,0.589487,,44963200,,
0,2,,0.115796,0.262641,0.621564,,42801100,,
0,2,,0.121559,0.149268,0.729172,,38417800,,
0,2,,0.143329,0.245974,0.610697,,33849300,,
0,2,,0.112908,0.347833,0.539259,,35958800,,
0,2,,0.199664,0.277761,0.522575,,45976900,,
0,2,,0.127068,0.296315,0.576617,,40168500,,
0,2,,0.116533,0.26106,0.622407,,50901800,,
0,2,,0.098338,0.369718,0.531945,,38569300,,
0,2,,0.119024,0.331948,0.549028,,50550100,,
0,2,,0.066838,0.271874,0.661288,,42361400,,
0,2,,0.085046,0.238237,0.676718,,44420300,,
0,2,,0.07473,0.253647,0.671622,,41266600,,
0,2,,0.072807,0.328748,0.598444,,33399400,,
0,2,,0.130147,0.25489,0.614963,,37443400,,
0,2,,0.144125,0.16545,0.690425,,51246900,,
0,2,,0.139735,0.258049,0.602216,,45206700,,
0,2,,0.100253,0.278277,0.62147,,42880000,,
0,2,,0.07098,0.235999,0.693021,,44637000,,
0,2,,0.083437,0.26362,0.652942,,45986100,,
0,2,,0.105081,0.343863,0.551056,,45395600,,
0,2,,0.145249,0.268293,0.586459,,35418000,,
0,2,,0.114993,0.220846,0.664161,,40725000,,
0,2,,0.124887,0.25927,0.615843,,34309000,,
0,2,,0.156722,0.185997,0.657281,,35774700,,
0,2,,0.12687,0.222479,0.650651,,38668500,,
0,2,,0.149437,0.270193,0.58037,,35504100,,
0,2,,0.221274,0.36978,0.408946,,37428900,,
0,2,,0.124129,0.136196,0.739674,,39933300,,
0,2,,0.101004,0.224433,0.674563,,45251400,,
0,2,,0.117139,0.282758,0.600103,,44044300,,
0,2,,0.115943,0.207269,0.676788,,42154100,,
0,2,,0.15407,0.296976,0.548955,,41802400,,
0,2,,0.129314,0.340515,0.530171,,47040500,,
0,2,,0.118882,0.323935,0.557183,,39265700,,
0,2,,0.127199,0.27609,0.596711,,39083800,,
0,2,,0.08943,0.216136,0.694434,,35294800,,
0,2,,0.134923,0.219324,0.645753,,38548700,,
0,2,,0.104401,0.43924,0.456359,,37377000,,
0,2,,0.149532,0.279805,0.570664,,42345300,,
0,2,,0.125262,0.268853,0.605885,,42056500,,
0,2,,0.106217,0.306284,0.587499,,47939300,,
0,2,,0.172309,0.272459,0.555232,,53784300,,
0,2,,0.157054,0.179474,0.663471,,46739500,,
0,2,,0.17461,0.266573,0.558816,,41420700,,
0,2,,0.143874,0.320865,0.535261,,39540400,,
0,2,,0.128294,0.198273,0.673433,,39429600,,
0,2,,0.126886,0.249184,0.62393,,42213600,,
0,2,,0.168834,0.213268,0.617897,,44976800,,
0,2,,0.14275,0.269125,0.588125,,45662100,,
0,2,,0.036029,0.292474,0.671496,,35969700,,
0,2,,0.148895,0.287407,0.563698,,40293200,,
0,2,,0.156641,0.25762,0.585739,,42866400,,
0,2,,0.082883,0.278081,0.639036,,39662200,,
0,2,,0.151838,0.229534,0.618629,,35278900,,
0,2,,0.12771,0.234762,0.637528,,38195700,,
0,2,,0.076937,0.340443,0.58262,,38669700,,
0,2,,0.140022,0.211611,0.648368,,37583000,,
0,2,,0.098267,0.28995,0.611783,,39816500,,
0,2,,0.142844,0.272212,0.584944,,44684500,,
0,2,,0.110272,0.303761,0.585967,,47544400,,
0,2,,0.130981,0.336602,0.532416,,51594400,,
0,2,,0.125903,0.254873,0.619224,,49114900,,
0,2,,0.081967,0.156958,0.761075,,44320200,,
0,2,,0.124314,0.295374,0.580312,,51468900,,
0,2,,0.080306,0.344713,0.574981,,45071200,,
0,2,,0.095115,0.324622,0.580263,,45298000,,
0,2,,0.096648,0.178383,0.724968,,46236900,,
0,2,,0.134626,0.421595,0.443779,,46360800,,
0,2,,0.095323,0.269086,0.635591,,44429900,,
0,2,,0.133693,0.196735,0.669573,,44027100,,
0,2,,0.131234,0.184883,0.683883,,39449100,,
0,2,,0.107295,0.284274,0.608431,,37448900,,
0,2,,0.137476,0.369767,0.492757,,45434900,,
0,2,,0.185536,0.28823,0.526234,,37931200,,
0,2,,0.078612,0.230249,0.691139,,45878200,,
0,2,,0.09117,0.330503,0.578327,,45631000,,
0,2,,0.102201,0.236724,0.661076,,47622400,,
0,2,,0.109867,0.241481,0.648653,,41971900,,
0,2,,0.105952,0.300809,0.593238,,46941800,,
0,2,,0.158033,0.247103,0.594864,,50152600,,
0,2,,0.128025,0.251987,0.619988,,46630800,,
0,2,,0.161247,0.298221,0.540531,,40115800,,
0,2,,0.177434,0.269121,0.553446,,38155000,,
0,2,,0.102008,0.259356,0.638636,,38051700,,
0,2,,0.165614,0.340685,0.4937,,37047000,,
0,2,,0.147559,0.135901,0.71654,,39630600,,
0,2,,0.143327,0.206742,0.649931,,48176100,,
0,2,,0.084041,0.271557,0.644401,,45010100,,
0,2,,0.143395,0.305595,0.55101,,46250700,,
0,2,,0.138367,0.171583,0.69005,,47694200,,
0,2,,0.077459,0.368495,0.554046,,43717100,,
0,2,,0.13967,0.377853,0.482477,,47480600,,
0,2,,0.139878,0.335875,0.524247,,46701200,,
0,2,,0.082168,0.2941,0.623732,,47344600,,
0,2,,0.093589,0.255992,0.65042,,53623100,,
0,2,,0.131194,0.225021,0.643784,,45883600,,
0,2,,0.141874,0.285463,0.572663,,43476900,,
0,2,,0.134516,0.343326,0.522158,,44427500,,
0,2,,0.143171,0.311137,0.545693,,45235700,,
0,2,,0.100289,0.298548,0.601163,,47392100,,
0,2,,0.137497,0.282241,0.580262,,45391500,,
0,2,,0.13591,0.112435,0.751655,,47499600,,
0,2,,0.139297,0.314535,0.546169,,46174400,,
0,2,,0.129072,0.209067,0.661861,,44165500,,
0,2,,0.127355,0.190445,0.682201,,41908900,,
0,2,,0.182949,0.315839,0.501212,,48747200,,
0,2,,0.157342,0.313471,0.529187,,50816600,,
0,2,,0.103625,0.325518,0.570857,,43237300,,
0,2,,0.092833,0.215706,0.691461,,42556600,,
0,2,,0.079413,0.374593,0.545994,,49308500,,
0,2,,0.116855,0.177081,0.706064,,42613300,,
0,2,,0.101249,0.228141,0.670611,,42178700,,
0,2,,0.097758,0.291053,0.61119,,46056100,,
0,2,,0.120153,0.273476,0.606371,,45588600,,
0,2,,0.144078,0.262239,0.593683,,46889300,,
0,2,,0.142678,0.218768,0.638554,,38890200,,
0,2,,0.195864,0.182082,0.622053,,42301400,,
0,2,,0.086879,0.268434,0.644687,,50065800,,
0,2,,0.135834,0.292908,0.571258,,39505500,,
0,2,,0.063261,0.274855,0.661884,,43516300,,
0,2,,0.138099,0.247475,0.614426,,39240500,,
0,2,,0.15334,0.177333,0.669327,,50609200,,
0,2,,0.112304,0.240207,0.647489,,47015600,,
0,2,,0.087362,0.280093,0.632545,,43551100,,
0,2,,0.111909,0.238202,0.649889,,39897100,,
0,2,,0.129612,0.330796,0.539592,,39724300,,
0,2,,0.100104,0.285877,0.614019,,44858500,,
0,2,,0.136738,0.173332,0.68993,,36524900,,
0,2,,0.142335,0.234332,0.623333,,37786600,,
0,2,,0.115572,0.171382,0.713047,,41213100,,
0,2,,0.140864,0.194161,0.664975,,36339000,,
0,2,,0.183762,0.252161,0.564077,,41005800,,
0,2,,0.099298,0.248347,0.652355,,37651100,,
0,2,,0.152611,0.339214,0.508175,,41230300,,
0,2,,0.101525,0.246649,0.651825,,43100300,,
0,2,,0.110466,0.251081,0.638453,,40600400,,
0,2,,0.136929,0.284748,0.578322,,40906400,,
0,2,,0.087155,0.254859,0.657986,,43373200,,
0,2,,0.09394,0.236122,0.669938,,45903500,,
0,2,,0.1219,0.356225,0.521875,,45130000,,
0,2,,0.126619,0.213752,0.659629,,45277000,,
0,2,,0.077443,0.222676,0.699881,,41206500,,
0,2,,0.179509,0.295,0.525491,,43753100,,
0,2,,0.122031,0.27331,0.604659,,44922500,,
0,2,,0.149115,0.205575,0.64531,,49187300,,
0,2,,0.157124,0.155134,0.687742,,39381000,,
0,2,,0.086786,0.228704,0.68451,,37380500,,
0,2,,0.065982,0.165048,0.768971,,38733400,,
0,2,,0.1268,0.242081,0.631119,,42020300,,
0,2,,0.150745,0.357514,0.491741,,37593200,,
0,2,,0.164678,0.190177,0.645146,,41684700,,
0,2,,0.114754,0.24853,0.636716,,44411400,,
0,2,,0.144568,0.355754,0.499678,,42266300,,
0,2,,0.091931,0.291706,0.616364,,39441400,,
0,2,,0.148471,0.218588,0.632941,,41881800,,
0,2,,0.079172,0.177774,0.743055,,35831400,,
0,2,,0.192027,0.233082,0.574891,,37636100,,
0,2,,0.16338,0.244237,0.592383,,42003100,,
0,2,,0.072254,0.16454,0.763206,,38788500,,
0,2,,0.107636,0.218958,0.673406,,38196100,,
0,2,,0.127638,0.339395,0.532967,,40756600,,
0,2,,0.13022,0.290872,0.578908,,48300200,,
0,2,,0.106778,0.191516,0.701706,,34978600,,
0,2,,0.120404,0.345868,0.533727,,38288400,,
0,2,,0.117978,0.231079,0.650943,,46449500,,
0,2,,0.149914,0.225366,0.62472,,43513500,,
0,2,,0.147421,0.267082,0.585497,,48143100,,
0,2,,0.14771,0.300836,0.551454,,43533100,,
0,2,,0.097486,0.23404,0.668473,,45511800,,
0,2,,0.112643,0.269812,0.617545,,49345300,,
0,2,,0.157985,0.253105,0.58891,,53379200,,
0,2,,0.122657,0.360209,0.517134,,37768900,,
0,2,,0.121566,0.288999,0.589436,,38926800,,
0,2,,0.096118,0.248941,0.654941,,55439200,,
0,2,,0.162545,0.233028,0.604427,,39590600,,
0,2,,0.111861,0.241358,0.64678,,43028300,,
0,2,,0.106297,0.196039,0.697665,,42356600,,
0,2,,0.151561,0.208907,0.639531,,42696600,,
0,2,,0.19649,0.271344,0.532166,,41712900,,
0,2,,0.12223,0.162248,0.715522,,39619500,,
0,2,,0.145754,0.191181,0.663065,,42388900,,
0,2,,0.143629,0.248519,0.607852,,42714400,,
0,2,,0.111127,0.234406,0.654467,,45308200,,
0,2,,0.139557,0.370502,0.489941,,42968100,,
0,2,,0.182793,0.294513,0.522694,,44565000,,
0,2,,0.135585,0.328496,0.535919,,41841500,,
0,2,,0.127252,0.35841,0.514338,,50617000,,
0,2,,0.191754,0.306473,0.501773,,51016000,,
0,2,,0.074235,0.233639,0.692126,,37179800,,
0,2,,0.070741,0.373934,0.555324,,43938500,,
0,2,,0.094179,0.229199,0.676623,,47118500,,
0,2,,0.163551,0.274973,0.561476,,45295500,,
0,2,,0.085041,0.326666,0.588293,,51407300,,
0,2,,0.140767,0.170137,0.689096,,46366400,,
0,2,,0.125928,0.259547,0.614525,,45326300,,
0,2,,0.112421,0.346807,0.540772,,45878600,,
0,2,,0.11502,0.395192,0.489788,,49297600,,
0,2,,0.172952,0.288375,0.538674,,46431000,,
0,2,,0.118113,0.288215,0.593672,,46145900,,
0,2,,0.202969,0.264793,0.532237,,48341700,,
0,2,,0.09711,0.290775,0.612116,,42085000,,
0,2,,0.136439,0.225403,0.638158,,43492900,,
0,2,,0.093859,0.271848,0.634292,,38232100,,
0,2,,0.113564,0.275604,0.610833,,39093100,,
0,2,,0.107545,0.272331,0.620124,,50823700,,
0,2,,0.148328,0.253539,0.598133,,43164100,,
0,2,,0.139337,0.290972,0.56969,,46131300,,
0,2,,0.120727,0.2613,0.617973,,41530800,,
0,2,,0.117423,0.280293,0.602283,,38077000,,
0,2,,0.115718,0.436255,0.448027,,45328900,,
0,2,,0.176597,0.285563,0.537841,,50025200,,
0,2,,0.158591,0.249036,0.592373,,41646600,,
0,2,,0.105943,0.315851,0.578206,,35408500,,
0,2,,0.148514,0.245783,0.605703,,35128600,,
0,2,,0.193124,0.279557,0.527319,,40403300,,
0,2,,0.092901,0.325307,0.581792,,45895700,,
0,2,,0.115666,0.358458,0.525876,,45283000,,
0,2,,0.147103,0.210494,0.642403,,43008700,,
0,2,,0.115326,0.136314,0.748359,,45784200,,
0,2,,0.115108,0.335132,0.549761,,37300600,,
0,2,,0.136573,0.259465,0.603963,,34561700,,
0,2,,0.097712,0.245048,0.65724,,42976900,,
0,2,,0.114507,0.180874,0.704619,,37642700,,
0,2,,0.16948,0.274332,0.556188,,42022700,,
0,2,,0.14991,0.157974,0.692116,,37930600,,
0,2,,0.044717,0.336885,0.618397,,42300600,,
0,2,,0.096839,0.232939,0.670222,,44064300,,
