cardiotocography-10clases,CWE,test,1,NANOSECONDS,PREDICTIONS, Generated by ClassifierExperiments.java on 2022-05-16 22:38:26.    SYSTEMPROPERTIES:{user.name:matth,os.arch:amd64,os.name:Windows 10},ENDSYSTEMPROPERTIES
No parameter info
0.6511627906976745,410922400,328504200,-1,0,10,,-1,-1
0,0,,0.313796,0.149617,0.025596,0.031545,0.034799,0.064164,0.14069,0.03159,0.044672,0.16353,,840300,,
0,1,,0.193082,0.249161,0.017025,0.042907,0.020378,0.167575,0.112551,0.104979,0.02313,0.069211,,734700,,
0,0,,0.324134,0.162796,0.045968,0.033919,0.033646,0.043294,0.13545,0.029377,0.04573,0.145685,,732500,,
0,0,,0.31667,0.131022,0.024373,0.023774,0.038753,0.025557,0.067702,0.065521,0.154552,0.152076,,979300,,
0,0,,0.286861,0.125791,0.022868,0.070126,0.036139,0.090189,0.076533,0.031363,0.107113,0.153017,,772600,,
0,0,,0.192754,0.133666,0.026336,0.057349,0.093669,0.086997,0.184995,0.040684,0.035924,0.147625,,740000,,
0,0,,0.299409,0.135993,0.025997,0.069365,0.033247,0.106081,0.074906,0.028034,0.064404,0.162564,,726000,,
0,0,,0.258212,0.135855,0.043045,0.02865,0.037231,0.0645,0.120238,0.032705,0.132025,0.147539,,735700,,
0,0,,0.222972,0.106452,0.023735,0.024099,0.036232,0.060695,0.167402,0.03397,0.132857,0.191586,,727500,,
0,0,,0.235926,0.125058,0.024285,0.029095,0.035293,0.072907,0.15664,0.059561,0.065091,0.196145,,745400,,
0,0,,0.306821,0.109518,0.024487,0.026686,0.032594,0.070253,0.096521,0.131428,0.06256,0.139132,,729300,,
0,0,,0.262464,0.125807,0.023813,0.067382,0.033505,0.095618,0.08853,0.057183,0.067409,0.178288,,734100,,
0,0,,0.309917,0.171393,0.023963,0.023774,0.060658,0.025557,0.067502,0.025521,0.095314,0.1964,,725900,,
0,0,,0.266748,0.130822,0.023975,0.023774,0.039157,0.025557,0.107502,0.025521,0.200209,0.156735,,726600,,
0,0,,0.306748,0.130822,0.023975,0.023774,0.039157,0.045557,0.087502,0.025521,0.160209,0.156735,,729600,,
0,1,,0.167385,0.372,0.014063,0.092197,0.020904,0.169927,0.036702,0.017178,0.022908,0.086736,,875900,,
0,0,,0.282454,0.131199,0.023773,0.023774,0.038942,0.025557,0.087502,0.025521,0.168137,0.193141,,727400,,
0,0,,0.273893,0.129058,0.023527,0.023861,0.057959,0.054991,0.094485,0.028564,0.155926,0.157735,,729500,,
0,0,,0.279709,0.131591,0.023773,0.023774,0.056589,0.025557,0.067502,0.025521,0.207549,0.158435,,726900,,
0,0,,0.231881,0.104299,0.022945,0.02564,0.07553,0.072382,0.135704,0.03823,0.129913,0.163476,,726200,,
0,0,,0.266773,0.117996,0.023291,0.028563,0.058214,0.055066,0.093255,0.029662,0.164236,0.162944,,724500,,
0,0,,0.291104,0.161136,0.023595,0.065251,0.03785,0.051245,0.063797,0.024178,0.133226,0.148619,,750700,,
0,0,,0.275053,0.125679,0.026377,0.027889,0.054554,0.060393,0.138611,0.029377,0.131387,0.13068,,735600,,
0,0,,0.276888,0.161313,0.022995,0.065251,0.058039,0.031245,0.063597,0.024178,0.11681,0.179683,,733200,,
0,0,,0.280843,0.150632,0.024323,0.023774,0.038254,0.025993,0.076192,0.108919,0.118247,0.152822,,731000,,
0,0,,0.32433,0.137335,0.045766,0.02604,0.033646,0.0586,0.119176,0.083691,0.04573,0.125685,,809700,,
0,0,,0.296391,0.146827,0.025589,0.038676,0.052514,0.083321,0.148773,0.035279,0.040249,0.132383,,732100,,
0,0,,0.29116,0.101506,0.023007,0.025877,0.034921,0.077649,0.099931,0.120237,0.050877,0.174834,,886600,,
0,0,,0.264003,0.131214,0.023975,0.023774,0.036804,0.025557,0.067502,0.045521,0.229621,0.152029,,730300,,
0,0,,0.319891,0.127451,0.045241,0.038795,0.031935,0.082238,0.148186,0.036561,0.039618,0.130083,,730700,,
0,0,,0.281464,0.183247,0.022407,0.080059,0.028906,0.138343,0.065038,0.026804,0.035195,0.138538,,730900,,
0,0,,0.282454,0.151199,0.023773,0.023774,0.058942,0.025557,0.087502,0.025521,0.138137,0.183141,,726800,,
0,0,,0.293757,0.150436,0.024939,0.027906,0.030234,0.085426,0.107378,0.1364,0.037506,0.106021,,726300,,
0,0,,0.266311,0.127304,0.026603,0.032883,0.031291,0.086123,0.185052,0.080684,0.03718,0.12657,,728900,,
0,0,,0.260912,0.17859,0.020912,0.035525,0.024894,0.139134,0.132078,0.091693,0.029764,0.086498,,728900,,
0,0,,0.294522,0.152105,0.024262,0.032392,0.031032,0.103232,0.108006,0.089532,0.038291,0.126626,,725500,,
0,0,,0.278212,0.115855,0.023045,0.02865,0.037231,0.0645,0.100238,0.032705,0.142025,0.177539,,1024900,,
0,0,,0.311067,0.137619,0.023493,0.028563,0.038429,0.055066,0.073255,0.109662,0.076308,0.146539,,749300,,
0,0,,0.29909,0.127489,0.026696,0.031242,0.029804,0.086507,0.16589,0.096448,0.035176,0.101658,,738200,,
0,0,,0.237786,0.124489,0.022596,0.02564,0.056433,0.071945,0.127014,0.034832,0.131875,0.167389,,759600,,
0,0,,0.272646,0.145969,0.022268,0.070126,0.036328,0.090189,0.076333,0.031363,0.060698,0.194082,,726400,,
0,0,,0.309917,0.131393,0.023963,0.023774,0.040658,0.045557,0.127502,0.025521,0.055314,0.2164,,761000,,
0,0,,0.294182,0.141801,0.025388,0.030916,0.031032,0.077981,0.120602,0.114273,0.037655,0.12617,,746600,,
0,0,,0.232484,0.121673,0.024441,0.034367,0.035179,0.077898,0.17776,0.038756,0.064727,0.192715,,742700,,
0,0,,0.228685,0.120569,0.02402,0.049536,0.055723,0.065452,0.16837,0.036105,0.088628,0.162911,,727300,,
0,0,,0.308649,0.144132,0.045285,0.030829,0.032918,0.068109,0.124929,0.087832,0.041829,0.115489,,739600,,
0,0,,0.266773,0.157996,0.023291,0.028563,0.058214,0.035066,0.093255,0.029662,0.134236,0.172944,,898400,,
0,0,,0.226866,0.101883,0.022805,0.025877,0.074706,0.077649,0.159931,0.040237,0.108806,0.16124,,784100,,
0,0,,0.237786,0.124489,0.022596,0.02564,0.056433,0.071945,0.127014,0.034832,0.131875,0.167389,,737200,,
0,0,,0.28867,0.128304,0.022704,0.070039,0.039027,0.080754,0.06935,0.028319,0.090086,0.182747,,734700,,
0,1,,0.211114,0.259138,0.015518,0.083326,0.049182,0.131949,0.034202,0.016234,0.040967,0.158371,,740000,,
0,0,,0.239214,0.200559,0.0213,0.098926,0.052188,0.112606,0.060964,0.024876,0.038799,0.150567,,728700,,
0,0,,0.248074,0.170716,0.025986,0.052765,0.033441,0.079774,0.180037,0.039959,0.038417,0.13083,,734500,,
0,0,,0.313796,0.149617,0.025596,0.031545,0.034799,0.064164,0.14069,0.03159,0.044672,0.16353,,734200,,
0,0,,0.322454,0.111199,0.023773,0.023774,0.038942,0.045557,0.087502,0.025521,0.158137,0.163141,,739300,,
0,0,,0.271622,0.116389,0.023558,0.025575,0.05514,0.086383,0.083697,0.092627,0.107945,0.137064,,737000,,
0,0,,0.318764,0.16745,0.024989,0.067517,0.032743,0.084289,0.07527,0.042348,0.044404,0.142228,,730600,,
0,0,,0.289917,0.131393,0.023963,0.023774,0.060658,0.045557,0.087502,0.025521,0.135314,0.1764,,814500,,
0,0,,0.265162,0.137429,0.023842,0.008563,0.037526,0.055502,0.081945,0.13306,0.114345,0.142626,,737300,,
0,1,,0.198749,0.238277,0.017595,0.080804,0.025018,0.135483,0.039922,0.030263,0.138118,0.09577,,751100,,
0,0,,0.330764,0.110832,0.024721,0.023774,0.03785,0.045993,0.076392,0.108919,0.05259,0.188163,,727300,,
0,0,,0.184519,0.173061,0.020223,0.098077,0.049164,0.127881,0.078661,0.055953,0.0782,0.134262,,739800,,
0,0,,0.269917,0.131393,0.023963,0.023774,0.080658,0.025557,0.107502,0.025521,0.135314,0.1764,,738800,,
0,1,,0.235408,0.25876,0.01572,0.083326,0.029397,0.111949,0.034202,0.016234,0.083039,0.131965,,748600,,
0,0,,0.289917,0.151393,0.023963,0.023774,0.060658,0.025557,0.067502,0.025521,0.175314,0.1564,,731100,,
0,0,,0.289917,0.111393,0.023963,0.023774,0.060658,0.045557,0.127502,0.025521,0.075314,0.2164,,737000,,
0,0,,0.292956,0.166534,0.02479,0.037575,0.034295,0.067066,0.137329,0.05159,0.044672,0.143194,,736000,,
0,0,,0.230995,0.140479,0.025434,0.026843,0.034949,0.06409,0.14172,0.050492,0.152018,0.13298,,960700,,
0,0,,0.275442,0.109073,0.023729,0.023861,0.035822,0.054991,0.074485,0.048564,0.207409,0.146624,,952400,,
0,0,,0.275053,0.185679,0.026377,0.027889,0.034554,0.060393,0.138611,0.029377,0.071387,0.15068,,950500,,
0,0,,0.282454,0.131199,0.023773,0.023774,0.038942,0.025557,0.067502,0.025521,0.218137,0.163141,,992500,,
0,0,,0.29579,0.139366,0.02294,0.065338,0.038772,0.08068,0.07058,0.047222,0.091776,0.147538,,945200,,
0,0,,0.25694,0.125591,0.02247,0.070126,0.036543,0.090189,0.076333,0.031363,0.12277,0.167676,,739000,,
0,0,,0.269917,0.131393,0.023963,0.023774,0.060658,0.025557,0.107502,0.025521,0.155314,0.1764,,737500,,
0,0,,0.223318,0.160021,0.01964,0.071243,0.03109,0.103433,0.054958,0.021851,0.178703,0.135743,,745800,,
0,6,,0.208251,0.136725,0.027033,0.078482,0.052292,0.092735,0.208869,0.042612,0.033082,0.119919,,823400,,
0,0,,0.313893,0.129058,0.023527,0.023861,0.037959,0.054991,0.094485,0.028564,0.085926,0.207735,,732700,,
1,1,,0.147071,0.319331,0.016862,0.11476,0.05738,0.191769,0.046349,0.041899,0.015851,0.048729,,733600,,
1,1,,0.14081,0.325084,0.01391,0.119569,0.018657,0.185674,0.058052,0.039803,0.020066,0.078374,,731800,,
1,1,,0.238326,0.268404,0.017817,0.093558,0.021999,0.159558,0.057823,0.046532,0.024386,0.071597,,728000,,
1,1,,0.147385,0.352,0.014063,0.092197,0.020904,0.169927,0.036702,0.037178,0.062908,0.066736,,724200,,
1,5,,0.056618,0.262855,0.008271,0.129168,0.006791,0.304424,0.143401,0.072683,0.003814,0.011975,,726600,,
1,1,,0.142882,0.375059,0.01476,0.13333,0.019526,0.175664,0.040576,0.019106,0.020066,0.059031,,730000,,
1,1,,0.174577,0.340201,0.012358,0.089216,0.02413,0.160828,0.029466,0.01525,0.048888,0.105086,,730600,,
1,5,,0.058812,0.271278,0.00981,0.132675,0.01034,0.300345,0.139939,0.060925,0.003144,0.012733,,739900,,
1,1,,0.079374,0.313219,0.014591,0.100789,0.009962,0.253117,0.085519,0.111623,0.008521,0.023285,,829000,,
1,1,,0.142457,0.343693,0.014311,0.11032,0.038728,0.183109,0.047352,0.041232,0.019916,0.058881,,726900,,
1,1,,0.197113,0.254044,0.013926,0.106604,0.024477,0.158464,0.046291,0.041997,0.029448,0.127637,,774000,,
1,1,,0.176075,0.295938,0.013085,0.08434,0.063488,0.141884,0.01673,0.008065,0.064412,0.135982,,724800,,
1,0,,0.257837,0.169331,0.021708,0.078416,0.046271,0.132772,0.085889,0.088284,0.030545,0.088947,,744500,,
1,1,,0.095252,0.299113,0.014946,0.185053,0.038543,0.196311,0.070605,0.022455,0.013443,0.064277,,726900,,
1,1,,0.141225,0.316802,0.014267,0.110529,0.038363,0.190218,0.06819,0.04193,0.019916,0.058561,,728800,,
1,1,,0.107323,0.306872,0.013268,0.096673,0.014765,0.26651,0.058989,0.084354,0.012423,0.038821,,730300,,
1,1,,0.175106,0.351058,0.013503,0.09814,0.021382,0.163393,0.026357,0.014134,0.06512,0.071806,,728800,,
1,1,,0.151832,0.340594,0.012358,0.129216,0.041777,0.160828,0.029466,0.01525,0.0383,0.08038,,728000,,
1,1,,0.16217,0.263285,0.014782,0.108411,0.022652,0.167699,0.051324,0.046554,0.065327,0.097797,,728900,,
1,1,,0.150194,0.271521,0.017466,0.090091,0.017588,0.180504,0.0627,0.142263,0.01641,0.051264,,810300,,
1,1,,0.142042,0.391976,0.013954,0.09936,0.019022,0.178566,0.037214,0.039106,0.020066,0.058695,,727600,,
1,1,,0.107621,0.322727,0.015912,0.093757,0.014022,0.220849,0.072525,0.101274,0.01278,0.038533,,731100,,
1,5,,0.115421,0.198237,0.014563,0.094077,0.012507,0.251309,0.154549,0.111517,0.011462,0.036358,,736200,,
1,1,,0.151406,0.329228,0.011909,0.086205,0.020979,0.168273,0.036243,0.037376,0.05815,0.100231,,726500,,
1,1,,0.230015,0.25719,0.015463,0.083413,0.029915,0.141383,0.041185,0.019278,0.055933,0.126225,,727400,,
1,1,,0.202823,0.268989,0.017168,0.086395,0.066689,0.150482,0.04842,0.021206,0.029953,0.107875,,730100,,
1,1,,0.106356,0.3312,0.011436,0.181507,0.01878,0.207231,0.055493,0.045371,0.009997,0.032627,,726800,,
1,1,,0.167385,0.372,0.014063,0.112197,0.020904,0.169927,0.036702,0.017178,0.022908,0.066736,,729500,,
1,1,,0.027205,0.333379,0.008453,0.263949,0.015478,0.244267,0.066654,0.03264,0.001408,0.006566,,735600,,
1,1,,0.122056,0.316914,0.016722,0.174997,0.016556,0.197036,0.050576,0.043906,0.014744,0.046493,,803200,,
1,1,,0.188033,0.296649,0.013718,0.086366,0.046204,0.15276,0.053374,0.016592,0.032517,0.113787,,728500,,
1,1,,0.186545,0.328917,0.013257,0.098227,0.020399,0.172828,0.03334,0.037178,0.022908,0.0864,,726100,,
1,1,,0.14081,0.365084,0.01391,0.119569,0.018657,0.185674,0.038052,0.039803,0.020066,0.058374,,792100,,
1,1,,0.142042,0.351976,0.033954,0.09936,0.019022,0.178566,0.037214,0.059106,0.020066,0.058695,,730000,,
1,1,,0.167494,0.290858,0.016358,0.137525,0.040298,0.177318,0.045583,0.021093,0.021484,0.08199,,725800,,
1,1,,0.177462,0.184043,0.022259,0.104731,0.047437,0.135438,0.125469,0.03397,0.032113,0.137078,,728900,,
1,1,,0.202823,0.248989,0.017168,0.106395,0.046689,0.150482,0.06842,0.021206,0.049953,0.087875,,736200,,
1,1,,0.027604,0.310414,0.007857,0.293213,0.018523,0.240413,0.065781,0.027182,0.000992,0.008022,,733900,,
1,1,,0.198326,0.288404,0.017817,0.113558,0.021999,0.159558,0.057823,0.046532,0.024386,0.071597,,728600,,
1,1,,0.167385,0.372,0.014063,0.112197,0.020904,0.169927,0.036702,0.017178,0.022908,0.066736,,820400,,
1,1,,0.179964,0.271406,0.011928,0.111262,0.042099,0.180262,0.03909,0.04106,0.025664,0.097265,,730400,,
1,1,,0.130374,0.397291,0.013549,0.088384,0.019207,0.171882,0.040733,0.032502,0.042128,0.063951,,733500,,
1,1,,0.10999,0.306423,0.011622,0.152717,0.039421,0.188581,0.04601,0.023187,0.052909,0.06914,,727400,,
1,1,,0.212276,0.271994,0.014445,0.081491,0.047915,0.133816,0.020638,0.009408,0.07863,0.129388,,726600,,
1,1,,0.154577,0.340201,0.012358,0.129216,0.04413,0.160828,0.029466,0.01525,0.028888,0.085086,,729400,,
1,1,,0.142882,0.375059,0.01476,0.13333,0.019526,0.175664,0.040576,0.019106,0.020066,0.059031,,731300,,
1,1,,0.147385,0.332,0.014063,0.112197,0.040904,0.169927,0.036702,0.017178,0.042908,0.086736,,734200,,
1,1,,0.128269,0.306263,0.01433,0.195376,0.017495,0.195099,0.0502,0.024916,0.016842,0.05121,,730500,,
1,1,,0.180385,0.293719,0.033461,0.116559,0.017859,0.193119,0.044828,0.04193,0.019916,0.058225,,723400,,
1,1,,0.180001,0.325365,0.014617,0.115378,0.022473,0.16476,0.037248,0.01852,0.026537,0.095101,,767500,,
1,1,,0.14081,0.385084,0.01391,0.099569,0.018657,0.185674,0.038052,0.039803,0.020066,0.058374,,884700,,
1,1,,0.188033,0.296649,0.013718,0.086366,0.046204,0.15276,0.053374,0.016592,0.032517,0.113787,,737400,,
1,1,,0.141651,0.328167,0.014716,0.133539,0.019161,0.182773,0.061414,0.039803,0.020066,0.058711,,760200,,
1,1,,0.211512,0.232927,0.01619,0.078538,0.069273,0.12244,0.028449,0.012093,0.111457,0.117121,,785100,,
1,1,,0.127844,0.314897,0.013881,0.152366,0.016697,0.202543,0.076976,0.027043,0.016692,0.05106,,763100,,
1,1,,0.147385,0.352,0.014063,0.092197,0.020904,0.169927,0.056702,0.037178,0.022908,0.086736,,729000,,
1,1,,0.174577,0.340201,0.012358,0.109216,0.02413,0.160828,0.029466,0.01525,0.028888,0.105086,,760400,,
1,1,,0.171832,0.320594,0.012358,0.129216,0.041777,0.160828,0.029466,0.01525,0.0383,0.08038,,730000,,
1,1,,0.215694,0.282963,0.035111,0.088632,0.021096,0.165804,0.044847,0.054762,0.023695,0.067395,,726900,,
1,1,,0.121111,0.280525,0.011687,0.11696,0.015005,0.256668,0.083757,0.049686,0.016235,0.048365,,744500,,
1,1,,0.174577,0.360201,0.012358,0.109216,0.02413,0.160828,0.029466,0.01525,0.028888,0.085086,,797000,,
1,1,,0.114376,0.320918,0.016026,0.161234,0.015037,0.222828,0.048019,0.045453,0.013766,0.042345,,733000,,
1,1,,0.087774,0.329538,0.011831,0.185858,0.017199,0.230076,0.073719,0.027299,0.008442,0.028264,,723200,,
1,1,,0.208033,0.276649,0.013718,0.086366,0.026204,0.15276,0.033374,0.016592,0.052517,0.133787,,725800,,
1,5,,0.15833,0.179279,0.020066,0.037125,0.024241,0.186193,0.116437,0.154799,0.031232,0.092298,,728300,,
1,1,,0.159353,0.28601,0.011133,0.128174,0.01853,0.197802,0.066736,0.044145,0.016866,0.071252,,742400,,
1,0,,0.210382,0.186426,0.019159,0.076032,0.052715,0.112942,0.060711,0.025992,0.10539,0.150252,,728000,,
1,1,,0.128278,0.28964,0.012805,0.121628,0.016692,0.190046,0.09914,0.073816,0.019956,0.047998,,729900,,
1,1,,0.061626,0.31152,0.011174,0.226899,0.038859,0.211666,0.079037,0.025848,0.007142,0.026229,,732100,,
1,1,,0.138971,0.32762,0.012788,0.102331,0.032568,0.210539,0.052631,0.073206,0.013843,0.035503,,728700,,
1,1,,0.125356,0.34885,0.013928,0.120481,0.037386,0.194438,0.043439,0.044439,0.01768,0.054003,,817100,,
1,1,,0.14154,0.349842,0.010725,0.120755,0.04523,0.162098,0.050197,0.01525,0.026314,0.078049,,738400,,
1,1,,0.170433,0.291317,0.016468,0.110481,0.040697,0.168033,0.053173,0.043846,0.021733,0.083818,,752000,,
1,1,,0.142056,0.296914,0.016722,0.174997,0.016556,0.197036,0.050576,0.043906,0.014744,0.046493,,747700,,
1,1,,0.160581,0.308258,0.033259,0.04868,0.017859,0.188425,0.068554,0.096244,0.019916,0.058225,,757000,,
1,1,,0.081626,0.33152,0.011174,0.226899,0.018859,0.211666,0.059037,0.025848,0.007142,0.026229,,807600,,
1,1,,0.19989,0.225162,0.017626,0.113677,0.022158,0.165907,0.062437,0.047256,0.049567,0.096319,,731200,,
1,1,,0.142457,0.363693,0.014311,0.13032,0.018728,0.183109,0.047352,0.021232,0.019916,0.058881,,729900,,
1,0,,0.259342,0.182356,0.020077,0.071156,0.073789,0.073998,0.047975,0.018807,0.118092,0.134408,,730100,,
1,1,,0.167385,0.372,0.014063,0.092197,0.040904,0.169927,0.036702,0.017178,0.022908,0.066736,,755000,,
1,1,,0.204774,0.280357,0.01532,0.08887,0.039369,0.171507,0.057765,0.060167,0.020626,0.061246,,818200,,
1,1,,0.164348,0.268992,0.014871,0.06586,0.018571,0.178952,0.084541,0.122294,0.020476,0.061096,,763300,,
1,1,,0.150475,0.298142,0.017184,0.152526,0.018049,0.182535,0.062433,0.05041,0.016504,0.051742,,725400,,
1,1,,0.167385,0.372,0.014063,0.112197,0.020904,0.169927,0.036702,0.017178,0.022908,0.066736,,729100,,
1,1,,0.175947,0.314141,0.014309,0.11211,0.041886,0.160492,0.029719,0.014134,0.02512,0.112142,,730700,,
1,1,,0.108003,0.310528,0.01239,0.188372,0.018271,0.204687,0.07785,0.027043,0.012101,0.040754,,729700,,
1,1,,0.222829,0.245345,0.01712,0.092425,0.023377,0.15382,0.053949,0.044604,0.047229,0.099302,,726700,,
1,1,,0.085766,0.326539,0.009187,0.206352,0.020193,0.206167,0.07526,0.026381,0.010078,0.034075,,731100,,
1,1,,0.155795,0.322668,0.013769,0.119806,0.017833,0.190941,0.06228,0.04181,0.018959,0.056138,,732100,,
1,1,,0.108614,0.297808,0.013082,0.165078,0.020261,0.204043,0.062144,0.019803,0.037492,0.071674,,810100,,
1,1,,0.208442,0.22214,0.015825,0.104622,0.025704,0.15097,0.054925,0.046819,0.055547,0.115005,,727000,,
1,1,,0.11464,0.298769,0.015099,0.206824,0.016583,0.220515,0.047574,0.023906,0.013457,0.042634,,732700,,
1,1,,0.142882,0.335059,0.01476,0.11333,0.039526,0.175664,0.060576,0.039106,0.020066,0.059031,,761100,,
1,1,,0.151832,0.340594,0.012358,0.089216,0.021777,0.160828,0.029466,0.01525,0.0983,0.08038,,732300,,
1,1,,0.188033,0.296649,0.013718,0.086366,0.046204,0.15276,0.033374,0.016592,0.032517,0.133787,,731700,,
1,1,,0.167385,0.372,0.014063,0.092197,0.020904,0.169927,0.056702,0.017178,0.022908,0.066736,,800600,,
1,1,,0.150603,0.394117,0.0342,0.099273,0.020005,0.169131,0.030231,0.016062,0.022277,0.0641,,795500,,
1,1,,0.154577,0.340201,0.012358,0.109216,0.02413,0.160828,0.029466,0.01525,0.068888,0.085086,,730700,,
1,1,,0.147385,0.372,0.014063,0.112197,0.020904,0.169927,0.056702,0.017178,0.022908,0.066736,,732100,,
1,1,,0.226846,0.236619,0.015474,0.083413,0.028414,0.141383,0.061185,0.019278,0.080827,0.10656,,731900,,
1,1,,0.127385,0.372,0.014063,0.092197,0.020904,0.169927,0.036702,0.037178,0.062908,0.066736,,731700,,
1,1,,0.114376,0.300918,0.016026,0.161234,0.015037,0.202828,0.048019,0.085453,0.013766,0.042345,,820500,,
1,1,,0.180001,0.305365,0.014617,0.095378,0.022473,0.16476,0.037248,0.01852,0.026537,0.135101,,731100,,
1,1,,0.142042,0.351976,0.013954,0.11936,0.019022,0.178566,0.037214,0.039106,0.020066,0.078695,,729000,,
1,0,,0.244597,0.186248,0.019759,0.076032,0.032526,0.112942,0.060911,0.025992,0.121805,0.119188,,730500,,
1,1,,0.14081,0.345084,0.03391,0.119569,0.018657,0.185674,0.038052,0.039803,0.020066,0.058374,,728500,,
1,5,,0.077897,0.276818,0.009588,0.123441,0.009836,0.297693,0.130833,0.043385,0.007099,0.023411,,730500,,
1,1,,0.142457,0.343693,0.014311,0.11032,0.038728,0.183109,0.047352,0.041232,0.019916,0.058881,,731800,,
1,1,,0.175947,0.394141,0.014309,0.09211,0.021886,0.160492,0.029719,0.014134,0.02512,0.072142,,732000,,
1,1,,0.080866,0.318127,0.009912,0.19291,0.015942,0.238076,0.071726,0.055089,0.003568,0.013783,,726500,,
1,1,,0.196595,0.278791,0.013963,0.086279,0.027187,0.143325,0.026391,0.033549,0.094728,0.099192,,738200,,
1,1,,0.131832,0.320594,0.012358,0.089216,0.021777,0.160828,0.029466,0.03525,0.1183,0.08038,,730300,,
1,5,,0.070727,0.186795,0.01624,0.115185,0.012854,0.222275,0.211126,0.118,0.013279,0.033519,,855800,,
1,1,,0.080593,0.301623,0.00938,0.185691,0.01653,0.233998,0.086447,0.051943,0.008118,0.025678,,743200,,
1,1,,0.141651,0.328167,0.014716,0.133539,0.039161,0.182773,0.041414,0.039803,0.020066,0.058711,,732700,,
1,1,,0.161942,0.260546,0.033823,0.13267,0.024109,0.166396,0.050994,0.025103,0.065313,0.079104,,1253600,,
2,0,,0.279329,0.147286,0.025699,0.031632,0.052913,0.074036,0.156363,0.058031,0.040498,0.134212,,1418000,,
2,0,,0.273979,0.170906,0.025638,0.052765,0.034344,0.079337,0.171348,0.036561,0.04038,0.114743,,1500500,,
2,0,,0.23463,0.159368,0.026442,0.051006,0.07102,0.099305,0.175502,0.044738,0.03495,0.103039,,1398900,,
2,0,,0.271585,0.112871,0.023455,0.028888,0.035719,0.070204,0.113155,0.098111,0.071027,0.174984,,1541800,,
2,0,,0.280623,0.200164,0.0416,0.086089,0.028401,0.121245,0.061676,0.046804,0.035195,0.098202,,1454700,,
2,0,,0.300732,0.170534,0.026047,0.032765,0.032439,0.079337,0.151548,0.056561,0.039618,0.11042,,1491800,,
2,0,,0.231905,0.186604,0.023818,0.080472,0.045792,0.136741,0.085999,0.055421,0.028541,0.124707,,919600,,
2,0,,0.300087,0.141991,0.045039,0.030916,0.031935,0.077544,0.111912,0.110875,0.039618,0.110083,,729900,,
2,0,,0.232594,0.201007,0.034385,0.035288,0.025718,0.133867,0.107851,0.109686,0.030871,0.088734,,729100,,
2,0,,0.263749,0.116126,0.024152,0.030021,0.031989,0.07751,0.120755,0.114352,0.065047,0.156298,,728300,,
2,0,,0.294182,0.161801,0.025388,0.030916,0.031032,0.077981,0.100602,0.134273,0.037655,0.10617,,727300,,
3,1,,0.147385,0.332,0.014063,0.152197,0.040904,0.169927,0.036702,0.017178,0.022908,0.066736,,772000,,
3,1,,0.142882,0.375059,0.01476,0.13333,0.019526,0.175664,0.040576,0.019106,0.020066,0.059031,,759600,,
3,1,,0.032257,0.330908,0.006707,0.253561,0.039304,0.235384,0.061652,0.027635,0.002193,0.010399,,728300,,
3,1,,0.02602,0.348533,0.007522,0.227166,0.01427,0.246513,0.065765,0.056566,0.001547,0.006098,,801500,,
3,1,,0.027179,0.319048,0.007408,0.270203,0.017725,0.247857,0.072557,0.029308,0.000842,0.007872,,735500,,
3,1,,0.088429,0.301894,0.012839,0.231382,0.039069,0.197243,0.051074,0.024916,0.01225,0.040904,,734700,,
3,1,,0.134348,0.34164,0.01243,0.143737,0.042004,0.171197,0.057432,0.017178,0.020334,0.059699,,726900,,
3,5,,0.023918,0.245766,0.006118,0.202719,0.009876,0.310486,0.147488,0.046143,0.000936,0.00655,,743900,,
3,1,,0.121136,0.355908,0.008274,0.154046,0.045277,0.170967,0.035971,0.018642,0.022586,0.067193,,736900,,
3,1,,0.040975,0.319053,0.00801,0.223335,0.038773,0.237697,0.084977,0.028309,0.003374,0.015497,,768800,,
3,1,,0.105968,0.289195,0.013776,0.198709,0.039346,0.190235,0.066469,0.022988,0.017667,0.055646,,728100,,
3,1,,0.155947,0.354141,0.014309,0.11211,0.061886,0.160492,0.029719,0.014134,0.02512,0.072142,,732400,,
3,1,,0.142882,0.355059,0.03476,0.11333,0.019526,0.175664,0.040576,0.039106,0.020066,0.059031,,758200,,
3,1,,0.040975,0.299053,0.00801,0.243335,0.038773,0.237697,0.084977,0.028309,0.003374,0.015497,,812100,,
3,1,,0.142882,0.355059,0.03476,0.11333,0.019526,0.175664,0.040576,0.039106,0.020066,0.059031,,726000,,
3,1,,0.061338,0.300975,0.0093,0.262749,0.018816,0.237458,0.064879,0.025848,0.00328,0.015356,,730000,,
3,1,,0.06055,0.307687,0.007561,0.220325,0.017975,0.245141,0.091753,0.030436,0.003225,0.015347,,734000,,
4,0,,0.232306,0.115665,0.023394,0.02865,0.036328,0.064937,0.128928,0.056103,0.160062,0.153626,,738100,,
4,0,,0.302454,0.131199,0.023773,0.023774,0.038942,0.025557,0.087502,0.025521,0.178137,0.163141,,728000,,
4,0,,0.266773,0.157996,0.023291,0.028563,0.058214,0.035066,0.113255,0.029662,0.114236,0.172944,,751700,,
4,1,,0.226795,0.272341,0.016,0.078538,0.04991,0.10244,0.028449,0.012093,0.044868,0.168567,,733500,,
4,0,,0.181897,0.133551,0.024517,0.137534,0.070547,0.126106,0.131838,0.065856,0.0317,0.096453,,743600,,
4,0,,0.266773,0.137996,0.023291,0.048563,0.058214,0.055066,0.093255,0.029662,0.104236,0.182944,,732100,,
4,0,,0.238482,0.127847,0.024941,0.031632,0.115721,0.073599,0.147474,0.034633,0.083222,0.122449,,735600,,
4,0,,0.200102,0.197463,0.023198,0.070334,0.07494,0.083508,0.148717,0.036561,0.037805,0.12737,,1050200,,
4,0,,0.219558,0.147675,0.026194,0.032883,0.073196,0.086123,0.204852,0.040684,0.057942,0.110894,,753200,,
4,0,,0.266773,0.117996,0.023291,0.028563,0.058214,0.055066,0.093255,0.029662,0.164236,0.162944,,728000,,
4,1,,0.191634,0.217411,0.021499,0.086226,0.026327,0.134381,0.102521,0.056911,0.030839,0.132249,,729200,,
4,0,,0.249136,0.104691,0.022945,0.02564,0.033177,0.072382,0.135704,0.03823,0.159325,0.15877,,753400,,
4,0,,0.23531,0.128127,0.024888,0.031869,0.03305,0.079829,0.183401,0.060039,0.041115,0.182371,,737500,,
4,0,,0.238212,0.115855,0.023045,0.02865,0.037231,0.0645,0.100238,0.032705,0.202025,0.157539,,730800,,
4,0,,0.224476,0.166236,0.019507,0.076032,0.051812,0.113379,0.069401,0.02939,0.103428,0.146339,,730100,,
5,6,,0.104566,0.145924,0.016331,0.039666,0.013979,0.212284,0.217548,0.193298,0.015394,0.041009,,734600,,
5,5,,0.019937,0.199465,0.003962,0.057845,0.004047,0.391869,0.179051,0.139569,0.000868,0.003388,,732500,,
5,5,,0.09268,0.258294,0.008308,0.090988,0.010946,0.263735,0.133569,0.097006,0.011357,0.033117,,806000,,
5,1,,0.184716,0.209673,0.01678,0.064507,0.019536,0.194634,0.09711,0.128085,0.021013,0.063947,,728800,,
5,5,,0.062002,0.256151,0.005077,0.132877,0.009023,0.293067,0.119675,0.091434,0.008634,0.02206,,732900,,
5,5,,0.104958,0.247349,0.009071,0.094437,0.010608,0.272586,0.137763,0.085798,0.00924,0.028189,,828200,,
5,5,,0.074753,0.179788,0.009911,0.088641,0.009924,0.276643,0.210934,0.117691,0.008345,0.023371,,741100,,
5,5,,0.029081,0.184537,0.007005,0.054201,0.005626,0.31689,0.230713,0.161152,0.00244,0.008355,,746200,,
5,5,,0.111037,0.172874,0.009394,0.045105,0.011244,0.258356,0.179757,0.165856,0.012673,0.033704,,728300,,
5,5,,0.019937,0.199465,0.003962,0.057845,0.004047,0.331869,0.159051,0.219569,0.000868,0.003388,,762900,,
5,5,,0.122583,0.129217,0.013798,0.101259,0.01444,0.228201,0.190461,0.144405,0.01498,0.040657,,731800,,
5,1,,0.026851,0.329556,0.008232,0.221182,0.014763,0.244238,0.090698,0.056503,0.001545,0.006432,,724500,,
5,5,,0.021635,0.237418,0.005539,0.108041,0.006683,0.334375,0.168126,0.113602,0.000456,0.004124,,722600,,
5,1,,0.151659,0.277535,0.029212,0.107708,0.019075,0.180745,0.084177,0.06798,0.020476,0.061433,,794700,,
5,5,,0.040746,0.16222,0.007578,0.049769,0.008093,0.334133,0.193947,0.182922,0.00505,0.015543,,889500,,
5,5,,0.019937,0.199465,0.003962,0.097845,0.004047,0.351869,0.179051,0.139569,0.000868,0.003388,,729700,,
5,1,,0.065313,0.271172,0.009293,0.117204,0.011323,0.252616,0.11372,0.081935,0.049103,0.028323,,740900,,
5,5,,0.068229,0.219048,0.007202,0.125514,0.008106,0.327072,0.148736,0.071716,0.005741,0.018636,,741300,,
5,5,,0.111037,0.172874,0.009394,0.045105,0.011244,0.258356,0.179757,0.165856,0.012673,0.033704,,733000,,
5,1,,0.175913,0.280141,0.015671,0.127471,0.040802,0.175041,0.071259,0.022575,0.023545,0.067582,,724900,,
5,5,,0.15867,0.179585,0.01711,0.099444,0.019309,0.19097,0.172502,0.076135,0.022312,0.063963,,743600,,
5,5,,0.028719,0.182615,0.005715,0.034787,0.005583,0.317129,0.15081,0.263613,0.002534,0.008496,,726700,,
5,5,,0.035194,0.242609,0.006826,0.102296,0.007295,0.315408,0.159942,0.115643,0.003306,0.011482,,730600,,
5,5,,0.105861,0.260185,0.012189,0.114012,0.010683,0.268759,0.131809,0.060925,0.008292,0.027283,,721800,,
5,6,,0.123134,0.129206,0.013981,0.081259,0.01444,0.228547,0.24088,0.113499,0.014397,0.040657,,826000,,
5,5,,0.116351,0.187593,0.011512,0.046035,0.012323,0.251325,0.148324,0.18037,0.011837,0.034329,,728300,,
5,5,,0.068576,0.131649,0.011464,0.042388,0.012609,0.285692,0.233473,0.169636,0.011684,0.032829,,726600,,
5,1,,0.146967,0.306024,0.012634,0.130693,0.016333,0.2085,0.062891,0.047679,0.017342,0.050937,,728100,,
5,5,,0.078116,0.197319,0.011051,0.121367,0.033512,0.269141,0.203954,0.052088,0.007545,0.025906,,726300,,
5,5,,0.01974,0.204925,0.004164,0.105723,0.004047,0.356563,0.175325,0.125256,0.000868,0.003388,,736500,,
5,5,,0.083976,0.205759,0.008578,0.099238,0.008832,0.300668,0.191701,0.079686,0.004972,0.01659,,724700,,
5,5,,0.084958,0.267349,0.009071,0.114437,0.010608,0.272586,0.137763,0.065798,0.00924,0.028189,,728200,,
5,5,,0.021197,0.274196,0.006311,0.107169,0.005456,0.340676,0.181289,0.058522,0.001326,0.003858,,723800,,
5,5,,0.021074,0.256859,0.007016,0.13538,0.005709,0.363368,0.153786,0.052198,0.001096,0.003515,,726400,,
5,5,,0.019937,0.199465,0.003962,0.057845,0.004047,0.371869,0.139051,0.199569,0.000868,0.003388,,790900,,
5,5,,0.14481,0.163586,0.016732,0.102211,0.020212,0.190999,0.148258,0.072271,0.06576,0.075161,,877000,,
5,5,,0.110251,0.188867,0.013011,0.110776,0.012711,0.285571,0.165324,0.072671,0.009831,0.030987,,845500,,
5,5,,0.033999,0.235703,0.005798,0.125559,0.006077,0.33828,0.140624,0.099506,0.003442,0.011012,,823400,,
5,5,,0.048719,0.182615,0.005715,0.054787,0.005583,0.317129,0.15081,0.223613,0.002534,0.008496,,830100,,
5,5,,0.074839,0.218786,0.006604,0.119529,0.006581,0.315379,0.143985,0.099506,0.003442,0.011348,,815600,,
5,1,,0.078694,0.293076,0.009679,0.175366,0.032988,0.24029,0.084934,0.036822,0.012328,0.035824,,815500,,
5,5,,0.084314,0.258805,0.008063,0.052588,0.010104,0.270794,0.138128,0.140112,0.00924,0.027853,,821400,,
5,5,,0.019937,0.199465,0.003962,0.057845,0.004047,0.411869,0.159051,0.139569,0.000868,0.003388,,822100,,
5,5,,0.035894,0.248196,0.007173,0.127876,0.028713,0.316092,0.153425,0.067853,0.003031,0.011748,,878300,,
5,1,,0.121952,0.303608,0.012493,0.13093,0.015509,0.213767,0.087118,0.049686,0.016235,0.048701,,740400,,
5,5,,0.019937,0.199465,0.003962,0.057845,0.004047,0.411869,0.139051,0.159569,0.000868,0.003388,,726600,,
5,5,,0.023654,0.267915,0.007046,0.137128,0.00833,0.332799,0.147933,0.067689,0.001246,0.00626,,739900,,
5,5,,0.092484,0.263754,0.00851,0.098867,0.010946,0.268429,0.109844,0.102692,0.011357,0.033117,,737800,,
5,5,,0.048719,0.182615,0.005715,0.094787,0.005583,0.317129,0.19081,0.143613,0.002534,0.008496,,747500,,
5,5,,0.062739,0.208082,0.011929,0.051921,0.007623,0.305993,0.179369,0.149464,0.00678,0.016099,,730500,,
5,5,,0.042977,0.213392,0.007348,0.034623,0.007613,0.298846,0.136109,0.237863,0.005109,0.01612,,741500,,
5,5,,0.035894,0.268196,0.007173,0.167876,0.008713,0.296092,0.153425,0.047853,0.003031,0.011748,,741700,,
5,5,,0.149825,0.166002,0.016872,0.081974,0.021036,0.185732,0.144031,0.070264,0.086867,0.077397,,789000,,
5,5,,0.034195,0.230242,0.005596,0.09768,0.006077,0.353586,0.14435,0.11382,0.003442,0.011012,,804900,,
5,5,,0.071206,0.24979,0.007194,0.124594,0.007901,0.295159,0.142412,0.07199,0.008072,0.021682,,735200,,
5,5,,0.062671,0.173385,0.009148,0.086705,0.010402,0.265415,0.164315,0.188961,0.010556,0.02844,,867300,,
5,0,,0.280912,0.17859,0.020912,0.035525,0.024894,0.139134,0.112078,0.091693,0.029764,0.086498,,733000,,
5,0,,0.224043,0.156156,0.033222,0.077538,0.023772,0.159209,0.146215,0.063129,0.032847,0.083869,,728600,,
5,5,,0.021635,0.237418,0.005539,0.128041,0.006683,0.334375,0.168126,0.093602,0.000456,0.004124,,726400,,
5,5,,0.104408,0.191963,0.007143,0.091803,0.010815,0.276615,0.140694,0.129786,0.01228,0.034495,,757300,,
5,5,,0.100407,0.230499,0.024157,0.091379,0.012145,0.257847,0.129523,0.109841,0.010906,0.033297,,808900,,
5,5,,0.040397,0.265137,0.006476,0.146743,0.01009,0.290355,0.129551,0.085925,0.005873,0.019453,,734900,,
5,1,,0.186974,0.238076,0.017624,0.124756,0.022787,0.169368,0.091987,0.050666,0.023892,0.073871,,728700,,
5,6,,0.127991,0.12997,0.013506,0.082893,0.016531,0.222839,0.232963,0.107707,0.017103,0.048497,,728500,,
5,1,,0.076577,0.266475,0.0091,0.113258,0.013,0.241084,0.107559,0.080007,0.053233,0.039707,,854900,,
5,5,,0.096721,0.191109,0.011953,0.116402,0.012099,0.277463,0.210696,0.052671,0.007257,0.023629,,728200,,
5,5,,0.053999,0.235703,0.005798,0.125559,0.006077,0.31828,0.140624,0.099506,0.003442,0.011012,,721900,,
6,5,,0.163362,0.088956,0.01872,0.033377,0.020593,0.202917,0.200029,0.181969,0.023291,0.066786,,724300,,
6,7,,0.131128,0.078836,0.018897,0.011901,0.021496,0.157617,0.211113,0.254768,0.0452,0.069044,,754500,,
6,6,,0.132677,0.091192,0.02031,0.036517,0.022715,0.159785,0.277124,0.125685,0.064482,0.069514,,748600,,
6,7,,0.139804,0.145983,0.018389,0.037376,0.021444,0.17391,0.118121,0.203592,0.068518,0.072863,,735000,,
6,0,,0.204562,0.117042,0.022767,0.028308,0.027784,0.108975,0.146106,0.184156,0.059481,0.100819,,729400,,
6,6,,0.184606,0.083168,0.020468,0.031768,0.023494,0.14203,0.21062,0.196405,0.02798,0.079461,,737200,,
6,5,,0.17742,0.142282,0.01759,0.100999,0.019482,0.192264,0.19073,0.075377,0.021346,0.06251,,728900,,
6,0,,0.294401,0.138979,0.025947,0.049754,0.030738,0.087218,0.167013,0.062086,0.037506,0.106357,,782500,,
6,6,,0.227501,0.113979,0.025625,0.051088,0.030005,0.108447,0.242852,0.067613,0.033662,0.099227,,759100,,
6,6,,0.14521,0.090682,0.018197,0.094767,0.018096,0.20521,0.225985,0.127315,0.020193,0.054346,,799300,,
6,0,,0.288742,0.128019,0.024798,0.028143,0.02941,0.090692,0.131605,0.118407,0.036399,0.123784,,740600,,
6,0,,0.196196,0.117554,0.022521,0.029908,0.026942,0.116034,0.150665,0.187262,0.057364,0.095555,,733000,,
6,0,,0.247679,0.135075,0.023324,0.028487,0.029884,0.110643,0.123826,0.115136,0.037914,0.148033,,743400,,
6,6,,0.096061,0.099314,0.015226,0.032193,0.016422,0.196595,0.295472,0.180276,0.018457,0.049984,,742700,,
6,6,,0.192972,0.082656,0.020714,0.030168,0.024335,0.134971,0.206062,0.193299,0.030097,0.084725,,747400,,
6,6,,0.149769,0.070102,0.016676,0.032028,0.018452,0.177967,0.270352,0.185432,0.021614,0.057608,,725400,,
6,6,,0.205856,0.080471,0.019988,0.030214,0.023321,0.140736,0.252393,0.137162,0.028946,0.080913,,736800,,
6,7,,0.129769,0.070102,0.016676,0.012028,0.018452,0.177967,0.230352,0.265432,0.021614,0.057608,,855400,,
6,0,,0.249386,0.116563,0.025807,0.049992,0.029914,0.112485,0.191241,0.084093,0.036399,0.104121,,732600,,
6,6,,0.121058,0.1589,0.021483,0.050167,0.020285,0.142665,0.241746,0.131765,0.020187,0.091743,,728200,,
6,6,,0.097759,0.077267,0.016802,0.062389,0.019058,0.199101,0.324548,0.134309,0.018046,0.05072,,727500,,
6,0,,0.194957,0.105272,0.023458,0.02861,0.030349,0.092014,0.152089,0.179585,0.082781,0.110884,,735900,,
6,6,,0.186697,0.071732,0.017167,0.030341,0.020276,0.161473,0.23881,0.179283,0.025942,0.068278,,723900,,
6,5,,0.104753,0.080206,0.016082,0.033505,0.017548,0.244001,0.216866,0.173184,0.059705,0.054151,,766700,,
6,6,,0.217602,0.117534,0.024549,0.030749,0.028641,0.105124,0.23955,0.089597,0.037418,0.109238,,729500,,
6,6,,0.169291,0.080764,0.020787,0.031315,0.021539,0.156991,0.263837,0.160851,0.024524,0.070102,,726500,,
6,6,,0.116705,0.067858,0.016234,0.054041,0.016926,0.198388,0.315108,0.145962,0.018457,0.05032,,728200,,
6,6,,0.150132,0.072024,0.017966,0.031442,0.018495,0.177729,0.290254,0.162972,0.02152,0.057467,,803400,,
6,6,,0.160243,0.086521,0.019625,0.055971,0.020696,0.170461,0.309283,0.090845,0.023012,0.063342,,730100,,
6,0,,0.247649,0.179351,0.025538,0.049754,0.032643,0.087218,0.166813,0.062086,0.038268,0.110681,,730300,,
6,0,,0.241612,0.102631,0.023981,0.028226,0.028395,0.099834,0.158955,0.181282,0.035112,0.099973,,725800,,
6,6,,0.09551,0.059325,0.015042,0.032193,0.016422,0.19625,0.265053,0.251182,0.01904,0.049984,,799200,,
6,0,,0.194957,0.105272,0.023458,0.02861,0.030349,0.092014,0.152089,0.179585,0.082781,0.110884,,729500,,
6,6,,0.090756,0.091793,0.015567,0.038378,0.015709,0.249269,0.278213,0.156064,0.017725,0.046527,,729500,,
6,6,,0.09551,0.059325,0.015042,0.032193,0.016422,0.19625,0.285053,0.231182,0.01904,0.049984,,726100,,
6,6,,0.095873,0.061247,0.016332,0.031606,0.016465,0.196011,0.324955,0.188721,0.018946,0.049843,,750100,,
6,0,,0.27367,0.136326,0.02455,0.030021,0.051585,0.07751,0.120955,0.134352,0.039391,0.11164,,810500,,
6,6,,0.096061,0.059314,0.015226,0.032193,0.016422,0.196595,0.315472,0.200276,0.018457,0.049984,,725900,,
6,6,,0.095873,0.061247,0.016332,0.031606,0.016465,0.196011,0.284955,0.228721,0.018946,0.049843,,727900,,
6,6,,0.119525,0.080776,0.018113,0.03379,0.019939,0.170671,0.273424,0.157169,0.063243,0.063349,,728400,,
6,6,,0.09551,0.099325,0.015042,0.032193,0.016422,0.19625,0.245053,0.231182,0.01904,0.049984,,727500,,
6,6,,0.131202,0.117706,0.017248,0.031399,0.01831,0.175137,0.237036,0.193557,0.020937,0.057467,,727700,,
6,6,,0.185856,0.080471,0.019988,0.030214,0.023321,0.140736,0.232393,0.177162,0.028946,0.080913,,730600,,
6,7,,0.109769,0.090102,0.016676,0.032028,0.018452,0.177967,0.230352,0.245432,0.021614,0.057608,,740300,,
6,6,,0.185118,0.135625,0.020949,0.054592,0.047268,0.137291,0.223558,0.056978,0.030679,0.107943,,762500,,
6,6,,0.160243,0.086521,0.019625,0.055971,0.020696,0.170461,0.309283,0.090845,0.023012,0.063342,,806900,,
6,0,,0.268742,0.128019,0.024798,0.028143,0.02941,0.090692,0.131605,0.158407,0.036399,0.103784,,728000,,
6,0,,0.19882,0.107819,0.0244,0.028143,0.029814,0.090692,0.151405,0.178407,0.082055,0.108443,,754300,,
6,6,,0.14521,0.090682,0.018197,0.074767,0.018096,0.20521,0.225985,0.147315,0.020193,0.054346,,735200,,
6,6,,0.188278,0.103956,0.023284,0.031843,0.026464,0.127261,0.237283,0.115992,0.055153,0.090486,,730100,,
6,0,,0.205856,0.080471,0.019988,0.030214,0.023321,0.140736,0.192393,0.197162,0.028946,0.080913,,728600,,
7,7,,0.133079,0.143515,0.022615,0.033563,0.018452,0.138903,0.170964,0.23712,0.043352,0.058437,,733200,,
7,7,,0.104955,0.069081,0.015676,0.011477,0.017264,0.183639,0.234335,0.267169,0.041157,0.055248,,764200,,
7,7,,0.117757,0.09256,0.017508,0.017021,0.016612,0.175976,0.20519,0.28672,0.019842,0.050813,,756500,,
7,7,,0.092191,0.102675,0.01673,0.018498,0.015709,0.201665,0.201285,0.285377,0.018515,0.047356,,737100,,
7,7,,0.09551,0.059325,0.015042,0.012193,0.016422,0.19625,0.245053,0.291182,0.01904,0.049984,,813000,,
7,7,,0.09551,0.059325,0.015042,0.012193,0.016422,0.19625,0.225053,0.311182,0.01904,0.049984,,734700,,
7,7,,0.09551,0.059325,0.015042,0.012193,0.016422,0.19625,0.265053,0.271182,0.01904,0.049984,,729000,,
7,7,,0.167634,0.095412,0.022275,0.009995,0.02596,0.125469,0.177648,0.230306,0.055153,0.09015,,729500,,
7,7,,0.139082,0.155103,0.0221,0.018435,0.016612,0.144171,0.17231,0.24,0.041373,0.050813,,749700,,
7,7,,0.104702,0.105018,0.031745,0.017743,0.016612,0.169349,0.23852,0.245352,0.020144,0.050813,,729000,,
7,5,,0.03985,0.160467,0.007269,0.026956,0.00739,0.293132,0.185999,0.257754,0.005771,0.015411,,764900,,
7,7,,0.126446,0.179661,0.042738,0.040652,0.018436,0.134312,0.144962,0.233962,0.023432,0.055398,,759400,,
7,7,,0.081939,0.120673,0.012789,0.01941,0.013936,0.226409,0.210825,0.238719,0.03498,0.040321,,727000,,
7,7,,0.104072,0.061466,0.015288,0.012106,0.017405,0.186815,0.23807,0.268138,0.041251,0.05539,,728800,,
7,7,,0.06768,0.109896,0.011156,0.019574,0.011906,0.244691,0.205526,0.284468,0.012405,0.032697,,809600,,
7,7,,0.117757,0.09256,0.017508,0.017021,0.016612,0.175976,0.22519,0.26672,0.019842,0.050813,,728600,,
7,7,,0.184562,0.097042,0.022767,0.028308,0.027784,0.108975,0.146106,0.204156,0.079481,0.100819,,740500,,
7,7,,0.181892,0.10619,0.023909,0.00983,0.027989,0.107186,0.162946,0.224556,0.057727,0.097773,,802600,,
7,7,,0.126697,0.071732,0.017167,0.010341,0.020276,0.161473,0.19881,0.259283,0.065942,0.068278,,744500,,
7,7,,0.174763,0.100801,0.023092,0.009912,0.026974,0.116327,0.170297,0.227431,0.05644,0.093962,,724900,,
7,1,,0.043847,0.26761,0.014776,0.076209,0.008378,0.213609,0.126481,0.204446,0.028253,0.016389,,740000,,
7,7,,0.139007,0.078642,0.019099,0.011901,0.0219,0.157229,0.203734,0.243312,0.050275,0.074902,,744300,,
8,0,,0.259709,0.131591,0.023773,0.023774,0.036589,0.025557,0.067502,0.025521,0.247549,0.158435,,764600,,
8,0,,0.222972,0.106452,0.023735,0.024099,0.036232,0.060695,0.147402,0.05397,0.132857,0.191586,,766500,,
8,0,,0.246748,0.130822,0.023975,0.023774,0.039157,0.025557,0.067502,0.085521,0.170209,0.186735,,802200,,
8,1,,0.12519,0.168682,0.017738,0.076912,0.027341,0.107537,0.14365,0.106644,0.122813,0.103492,,731200,,
8,0,,0.244003,0.131214,0.023975,0.023774,0.036804,0.025557,0.067502,0.065521,0.229621,0.152029,,738300,,
8,0,,0.253893,0.109058,0.023527,0.023861,0.037959,0.054991,0.074485,0.028564,0.235926,0.157735,,727800,,
