cardiotocography-10clases,CWE,test,2,NANOSECONDS,PREDICTIONS, Generated by ClassifierExperiments.java on 2022-05-16 22:41:26.    SYSTEMPROPERTIES:{user.name:matth,os.arch:amd64,os.name:Windows 10},ENDSYSTEMPROPERTIES
No parameter info
0.5837209302325581,275318400,353829100,-1,0,10,,-1,-1
0,0,,0.330241,0.120045,0.032136,0.019115,0.043137,0.050463,0.130901,0.088612,0.048344,0.137005,,931300,,
0,1,,0.23749,0.294858,0.021621,0.041225,0.033693,0.119146,0.063056,0.026236,0.056226,0.10645,,838700,,
0,0,,0.299358,0.102654,0.052144,0.030882,0.041493,0.078431,0.146993,0.052212,0.043953,0.15188,,822500,,
0,0,,0.300328,0.114135,0.030889,0.020739,0.044585,0.055727,0.133724,0.048612,0.06937,0.18189,,858200,,
0,0,,0.303154,0.110334,0.03017,0.016858,0.044359,0.034057,0.110716,0.040314,0.105423,0.204615,,933000,,
0,0,,0.281878,0.129638,0.0305,0.018724,0.040303,0.054506,0.146182,0.048999,0.089831,0.159441,,826600,,
0,0,,0.301437,0.150511,0.033045,0.008661,0.040668,0.037499,0.134305,0.091135,0.067702,0.135038,,836800,,
0,0,,0.279875,0.117999,0.029099,0.028958,0.043888,0.08852,0.142987,0.052489,0.045578,0.170606,,834400,,
0,0,,0.290593,0.10756,0.029018,0.016974,0.043157,0.043505,0.118776,0.045181,0.11753,0.187704,,824400,,
0,0,,0.299288,0.121935,0.029353,0.004626,0.047398,0.014274,0.111582,0.062148,0.093011,0.216384,,876900,,
0,1,,0.234949,0.273123,0.023111,0.042117,0.028899,0.157346,0.06758,0.029473,0.051802,0.0916,,825200,,
0,0,,0.313437,0.125511,0.051997,0.008661,0.039859,0.03707,0.1454,0.067802,0.06994,0.140323,,818200,,
0,0,,0.29423,0.096555,0.030433,0.027662,0.037557,0.075245,0.143718,0.077162,0.065847,0.151592,,852300,,
0,0,,0.299288,0.121935,0.029353,0.004626,0.047398,0.014274,0.111582,0.062148,0.093011,0.216384,,893200,,
0,0,,0.246536,0.099923,0.052378,0.034443,0.037973,0.089987,0.153308,0.054097,0.073752,0.157603,,836100,,
0,0,,0.258974,0.093305,0.030497,0.006647,0.04,0.089946,0.148623,0.078563,0.089151,0.164295,,830200,,
0,0,,0.30999,0.111253,0.050581,0.017913,0.042031,0.049016,0.12191,0.045279,0.080498,0.171529,,1138700,,
0,0,,0.225378,0.117349,0.030631,0.027145,0.039635,0.100247,0.170087,0.055985,0.090106,0.143437,,1502700,,
0,0,,0.274459,0.108266,0.029836,0.016898,0.043452,0.043288,0.11791,0.043347,0.103275,0.219269,,1447300,,
0,1,,0.193334,0.292621,0.02185,0.041225,0.031671,0.119146,0.063056,0.026236,0.063822,0.147039,,1621600,,
0,0,,0.290214,0.158706,0.0518,0.023959,0.038898,0.069033,0.125865,0.048503,0.065083,0.127939,,1389900,,
0,0,,0.308734,0.131915,0.051127,0.020739,0.042563,0.055727,0.133724,0.048612,0.06892,0.137939,,1522800,,
0,0,,0.299542,0.128734,0.032873,0.007886,0.046129,0.022994,0.123705,0.066218,0.104497,0.167421,,1469600,,
0,0,,0.283073,0.128523,0.028361,0.019889,0.041894,0.054822,0.109471,0.040714,0.106487,0.186767,,1531800,,
0,0,,0.331246,0.113338,0.070923,0.037873,0.042938,0.019785,0.114716,0.042246,0.0746,0.152335,,1471600,,
0,0,,0.314487,0.128959,0.032447,0.008637,0.039667,0.062918,0.140114,0.075043,0.066499,0.131228,,1525500,,
0,0,,0.303154,0.110334,0.03017,0.016858,0.044359,0.034057,0.110716,0.040314,0.125423,0.184615,,1278100,,
0,1,,0.20771,0.291064,0.022865,0.058998,0.052569,0.125892,0.067143,0.028168,0.031579,0.114011,,934500,,
0,0,,0.303154,0.110334,0.03017,0.036858,0.044359,0.014057,0.110716,0.040314,0.105423,0.204615,,772900,,
0,0,,0.278685,0.113321,0.030915,0.017873,0.042938,0.039785,0.114716,0.042246,0.122646,0.196875,,771100,,
0,1,,0.212311,0.322002,0.024012,0.040851,0.028078,0.132928,0.070546,0.030691,0.050487,0.088093,,766800,,
0,0,,0.299288,0.121935,0.029353,0.004626,0.047398,0.014274,0.111582,0.062148,0.093011,0.216384,,735700,,
0,0,,0.244615,0.111703,0.029504,0.021061,0.042773,0.080247,0.158174,0.051372,0.096113,0.164439,,733100,,
0,0,,0.315715,0.11035,0.030178,0.016858,0.044359,0.034057,0.110716,0.040314,0.117377,0.180075,,729200,,
0,0,,0.342841,0.115558,0.030685,0.017873,0.04496,0.039785,0.114716,0.042246,0.09505,0.156286,,727700,,
0,0,,0.297847,0.126667,0.031491,0.007926,0.044413,0.031797,0.121994,0.065917,0.084587,0.187361,,758600,,
0,0,,0.303154,0.110334,0.03017,0.036858,0.044359,0.014057,0.110716,0.040314,0.145423,0.164615,,794900,,
0,0,,0.287623,0.107347,0.029425,0.035843,0.04578,0.00833,0.106716,0.038381,0.148199,0.192356,,719900,,
0,0,,0.304797,0.111148,0.030144,0.039724,0.046007,0.029999,0.129724,0.04668,0.112146,0.14963,,719200,,
0,0,,0.315715,0.11035,0.030178,0.016858,0.044359,0.034057,0.110716,0.040314,0.088488,0.208964,,723500,,
0,1,,0.211331,0.275319,0.022053,0.029546,0.025377,0.180794,0.089304,0.040718,0.046395,0.079164,,732400,,
0,0,,0.315715,0.11035,0.030178,0.016858,0.044359,0.034057,0.110716,0.040314,0.117377,0.180075,,723900,,
0,0,,0.32731,0.112571,0.02994,0.016858,0.046381,0.034057,0.110716,0.040314,0.117826,0.164027,,742200,,
0,1,,0.23459,0.294705,0.022193,0.041185,0.032578,0.109915,0.055863,0.023203,0.037924,0.147844,,729000,,
0,0,,0.253628,0.103387,0.029592,0.059783,0.042983,0.039011,0.137221,0.049537,0.089559,0.195299,,728300,,
0,0,,0.305579,0.110098,0.031087,0.018648,0.06081,0.054289,0.125316,0.047164,0.079184,0.167825,,728200,,
0,0,,0.294459,0.108266,0.029836,0.016898,0.043452,0.043288,0.11791,0.043347,0.103275,0.199269,,812400,,
0,1,,0.217666,0.289465,0.023038,0.042195,0.025714,0.152181,0.082492,0.039641,0.047385,0.080222,,725700,,
0,0,,0.283154,0.110334,0.03017,0.016858,0.044359,0.034057,0.110716,0.040314,0.125423,0.204615,,744400,,
0,0,,0.26842,0.109184,0.029571,0.039536,0.042085,0.035825,0.124652,0.045181,0.132459,0.173088,,724600,,
0,0,,0.237677,0.106007,0.07035,0.042662,0.039298,0.12278,0.162571,0.057974,0.047553,0.113127,,724700,,
0,1,,0.20443,0.288455,0.021462,0.047067,0.031596,0.140847,0.070405,0.028835,0.032155,0.134748,,726200,,
0,0,,0.303154,0.110334,0.03017,0.016858,0.044359,0.034057,0.110716,0.040314,0.096534,0.213504,,729200,,
0,1,,0.205895,0.292637,0.021859,0.041225,0.031671,0.119146,0.063056,0.026236,0.075776,0.122498,,726700,,
0,0,,0.294295,0.108019,0.029606,0.016898,0.043665,0.043288,0.11791,0.043347,0.137995,0.164977,,725600,,
0,0,,0.304493,0.130854,0.028933,0.019849,0.042588,0.045591,0.102277,0.037681,0.094758,0.192976,,725600,,
0,0,,0.303154,0.110334,0.03017,0.036858,0.044359,0.014057,0.110716,0.040314,0.145423,0.164615,,727700,,
0,0,,0.30731,0.112571,0.02994,0.016858,0.046381,0.034057,0.110716,0.040314,0.117826,0.184027,,726800,,
0,0,,0.335715,0.11035,0.030178,0.036858,0.044359,0.014057,0.110716,0.040314,0.077377,0.200075,,812200,,
0,0,,0.259534,0.119586,0.030402,0.027145,0.041657,0.100247,0.170087,0.055985,0.072509,0.122848,,729600,,
0,0,,0.314487,0.116651,0.032447,0.040944,0.039667,0.042918,0.140114,0.075043,0.066499,0.131228,,724500,,
0,0,,0.331246,0.113338,0.050923,0.017873,0.042938,0.039785,0.134716,0.042246,0.0546,0.172335,,724200,,
0,0,,0.283154,0.110334,0.03017,0.036858,0.044359,0.014057,0.110716,0.040314,0.145423,0.184615,,724400,,
0,0,,0.30731,0.112571,0.02994,0.016858,0.046381,0.034057,0.110716,0.040314,0.117826,0.184027,,732000,,
0,0,,0.298579,0.110098,0.032135,0.018648,0.06162,0.054718,0.134221,0.050497,0.076946,0.162539,,725000,,
0,0,,0.315551,0.11127,0.071637,0.017913,0.04284,0.049444,0.130815,0.048612,0.070214,0.141703,,739700,,
0,0,,0.28583,0.118889,0.072642,0.01985,0.061916,0.055736,0.134307,0.050497,0.04703,0.153301,,732500,,
0,0,,0.28299,0.110087,0.02994,0.016858,0.044571,0.034057,0.110716,0.040314,0.140143,0.190323,,730000,,
0,0,,0.303052,0.132668,0.030176,0.021599,0.039946,0.056593,0.129683,0.041498,0.098713,0.146072,,731300,,
0,0,,0.283154,0.110334,0.03017,0.016858,0.044359,0.034057,0.110716,0.040314,0.105423,0.224615,,738300,,
0,1,,0.193334,0.287065,0.02185,0.066781,0.031671,0.099146,0.063056,0.026236,0.103822,0.107039,,1119400,,
0,0,,0.283154,0.110334,0.03017,0.016858,0.044359,0.034057,0.110716,0.040314,0.145423,0.184615,,1425100,,
0,0,,0.289567,0.118413,0.032046,0.019926,0.061409,0.055953,0.135173,0.052332,0.057468,0.177711,,1572700,,
0,0,,0.298219,0.137083,0.030008,0.023224,0.041331,0.063331,0.113555,0.043285,0.069084,0.18088,,1511500,,
0,0,,0.310613,0.157685,0.050184,0.021599,0.039946,0.056593,0.109683,0.041498,0.070667,0.141532,,1523000,,
0,1,,0.226184,0.296925,0.021955,0.041185,0.0346,0.109915,0.055863,0.023203,0.038374,0.151796,,1472900,,
0,1,,0.23944,0.2995,0.023432,0.040194,0.026113,0.14249,0.082053,0.038975,0.027385,0.080419,,1379500,,
1,1,,0.144938,0.336565,0.018079,0.058518,0.020277,0.195396,0.063987,0.032821,0.041303,0.088116,,754000,,
1,1,,0.128177,0.389611,0.012931,0.069225,0.021443,0.225583,0.033472,0.017618,0.045641,0.056299,,748400,,
1,1,,0.150137,0.378322,0.015729,0.074937,0.022714,0.187526,0.021387,0.013741,0.048857,0.08665,,735600,,
1,1,,0.078527,0.392938,0.01221,0.101338,0.018146,0.251365,0.049385,0.024761,0.037757,0.033572,,745800,,
1,1,,0.082531,0.382443,0.013543,0.050365,0.009023,0.280463,0.076827,0.087759,0.003702,0.013345,,749200,,
1,1,,0.170724,0.38917,0.016251,0.079929,0.021799,0.197509,0.028706,0.017558,0.01904,0.059314,,741000,,
1,1,,0.083301,0.366563,0.012964,0.109863,0.014777,0.300351,0.065564,0.02836,0.003,0.015257,,737100,,
1,1,,0.105666,0.367288,0.014697,0.079499,0.017455,0.285571,0.057056,0.025034,0.017243,0.03049,,747500,,
1,1,,0.154425,0.406791,0.017391,0.045498,0.018825,0.18029,0.04879,0.038196,0.037392,0.052401,,973600,,
1,1,,0.073696,0.291467,0.013628,0.116301,0.017399,0.282647,0.090153,0.037679,0.031738,0.045293,,817300,,
1,1,,0.115293,0.408481,0.012469,0.078518,0.017066,0.227082,0.068713,0.028459,0.011326,0.032593,,1023100,,
1,1,,0.091713,0.368139,0.013236,0.107037,0.017076,0.274069,0.062654,0.02836,0.014743,0.022973,,991300,,
1,5,,0.087638,0.24591,0.018978,0.056679,0.016432,0.285856,0.170967,0.062698,0.014418,0.040423,,964500,,
1,1,,0.122591,0.351109,0.014455,0.079199,0.020774,0.225327,0.030951,0.015576,0.07576,0.064259,,967900,,
1,1,,0.155135,0.390326,0.015745,0.059194,0.023019,0.212235,0.0253,0.015673,0.020354,0.083018,,971300,,
1,1,,0.032151,0.393315,0.013884,0.100935,0.009926,0.289917,0.111766,0.041589,0.00144,0.005076,,959200,,
1,1,,0.138874,0.386585,0.014063,0.073153,0.019946,0.176286,0.033672,0.023859,0.04716,0.086401,,962000,,
1,1,,0.120691,0.384355,0.015307,0.086729,0.012864,0.242689,0.074545,0.032876,0.007113,0.022832,,959500,,
1,1,,0.12863,0.380192,0.01472,0.066561,0.02214,0.19279,0.024209,0.013741,0.069433,0.087583,,965800,,
1,1,,0.175135,0.410326,0.015745,0.059194,0.023019,0.192235,0.0253,0.015673,0.020354,0.063018,,960800,,
1,1,,0.101074,0.389264,0.01362,0.120417,0.017492,0.255164,0.049556,0.025399,0.006642,0.021373,,976500,,
1,1,,0.042604,0.366943,0.013621,0.10804,0.010408,0.292593,0.113378,0.03849,0.003433,0.010489,,965100,,
1,1,,0.213334,0.292621,0.02185,0.041225,0.031671,0.119146,0.063056,0.026236,0.083822,0.107039,,965200,,
1,1,,0.159129,0.408537,0.01649,0.058342,0.019776,0.197509,0.028706,0.017558,0.038591,0.055363,,957800,,
1,1,,0.088033,0.348337,0.012284,0.063292,0.038762,0.297154,0.057096,0.02859,0.010898,0.055554,,908500,,
1,1,,0.179481,0.322474,0.0197,0.087462,0.024623,0.155519,0.037951,0.019123,0.074023,0.079644,,834700,,
1,1,,0.175135,0.390326,0.015745,0.059194,0.023019,0.192235,0.0253,0.015673,0.040354,0.063018,,949800,,
1,1,,0.148317,0.390971,0.015235,0.06202,0.022742,0.198518,0.028209,0.015673,0.05906,0.059254,,847200,,
1,1,,0.149013,0.340371,0.018972,0.099504,0.023318,0.154441,0.045584,0.022823,0.051875,0.094101,,836100,,
1,1,,0.145419,0.409026,0.016053,0.043757,0.017774,0.185867,0.054916,0.043141,0.036304,0.047744,,825500,,
1,1,,0.152497,0.399205,0.016646,0.077928,0.042197,0.187818,0.028266,0.016891,0.01904,0.059511,,817300,,
1,1,,0.212517,0.358435,0.018219,0.050157,0.029288,0.144518,0.030545,0.015306,0.050517,0.090499,,828200,,
1,1,,0.147476,0.405239,0.016794,0.045474,0.017824,0.185709,0.054599,0.042104,0.03619,0.048592,,826700,,
1,1,,0.126568,0.391378,0.016481,0.055485,0.019776,0.217509,0.028706,0.017558,0.026637,0.099903,,837200,,
1,1,,0.137474,0.393488,0.014782,0.067415,0.021294,0.219602,0.028777,0.015673,0.045362,0.056132,,827700,,
1,1,,0.032461,0.383426,0.011528,0.129273,0.018625,0.302715,0.086863,0.02836,0.000411,0.006337,,823700,,
1,1,,0.141844,0.387768,0.015591,0.130053,0.018147,0.200384,0.041049,0.022073,0.010436,0.032655,,904000,,
1,1,,0.168317,0.410971,0.015235,0.06202,0.022742,0.198518,0.028209,0.015673,0.01906,0.059254,,832200,,
1,1,,0.165079,0.392688,0.016534,0.064055,0.021865,0.179597,0.020944,0.013712,0.021483,0.104043,,826300,,
1,1,,0.082132,0.353163,0.013616,0.073615,0.037058,0.30811,0.059365,0.028256,0.017048,0.027637,,833700,,
1,1,,0.135448,0.379547,0.01523,0.063735,0.022418,0.186508,0.0213,0.013741,0.070727,0.091347,,827700,,
1,1,,0.12535,0.355463,0.014611,0.064356,0.019167,0.288098,0.047172,0.023045,0.022015,0.040724,,832900,,
1,1,,0.123998,0.36719,0.015779,0.074709,0.013856,0.267426,0.05689,0.04671,0.007003,0.026441,,815200,,
1,1,,0.201532,0.294201,0.022279,0.041111,0.026628,0.148197,0.097112,0.036303,0.049399,0.083238,,904300,,
1,1,,0.159604,0.387339,0.015,0.058179,0.02444,0.186508,0.0213,0.013741,0.043131,0.090759,,825800,,
1,1,,0.089147,0.381134,0.013541,0.048813,0.009468,0.254375,0.094373,0.087958,0.004908,0.016284,,825400,,
1,1,,0.131785,0.368026,0.015034,0.09174,0.017225,0.218439,0.060712,0.02311,0.033714,0.040215,,977100,,
1,1,,0.111909,0.387788,0.015558,0.084908,0.042393,0.225894,0.03227,0.017558,0.014581,0.067141,,830100,,
1,1,,0.226184,0.296925,0.021955,0.041185,0.0346,0.109915,0.055863,0.023203,0.058374,0.131796,,828600,,
1,1,,0.190762,0.349965,0.017726,0.056039,0.046283,0.175449,0.045088,0.020938,0.024298,0.073452,,856500,,
1,1,,0.103544,0.392352,0.013446,0.090239,0.020235,0.211311,0.037472,0.01955,0.037585,0.074267,,826600,,
1,1,,0.140462,0.379715,0.016012,0.045532,0.016822,0.214721,0.062096,0.044961,0.034896,0.044782,,842500,,
1,1,,0.097341,0.327777,0.015216,0.103882,0.020341,0.277283,0.082442,0.033625,0.008687,0.033406,,824500,,
1,1,,0.123453,0.393679,0.013952,0.070975,0.040824,0.236585,0.040878,0.021435,0.013954,0.044265,,828300,,
1,1,,0.150137,0.378322,0.015729,0.074937,0.022714,0.187526,0.021387,0.013741,0.048857,0.08665,,838200,,
1,1,,0.126949,0.411226,0.015848,0.048902,0.01555,0.200357,0.063696,0.047656,0.032608,0.037209,,909800,,
1,5,,0.156454,0.235082,0.019445,0.046655,0.023605,0.246818,0.106811,0.044521,0.050243,0.070367,,822400,,
1,1,,0.128935,0.382359,0.016219,0.070545,0.01735,0.247504,0.044387,0.019273,0.0119,0.061528,,824400,,
1,1,,0.148317,0.390971,0.015235,0.06202,0.022742,0.198518,0.028209,0.015673,0.05906,0.059254,,832000,,
1,1,,0.032461,0.383426,0.011528,0.129273,0.018625,0.302715,0.086863,0.02836,0.000411,0.006337,,882000,,
1,1,,0.175135,0.390326,0.015745,0.059194,0.023019,0.192235,0.0253,0.015673,0.020354,0.083018,,842000,,
1,1,,0.056408,0.43685,0.013578,0.048741,0.010988,0.245115,0.057078,0.10118,0.00788,0.022183,,824100,,
1,1,,0.083301,0.366563,0.012964,0.109863,0.014777,0.300351,0.065564,0.02836,0.003,0.015257,,827900,,
1,1,,0.18354,0.39255,0.015983,0.05475,0.020997,0.192235,0.0253,0.015673,0.039905,0.059067,,747400,,
1,1,,0.134729,0.346233,0.018127,0.092064,0.023304,0.166864,0.051714,0.022605,0.04508,0.099279,,822100,,
1,1,,0.149115,0.383259,0.017891,0.079008,0.039122,0.201308,0.028877,0.018196,0.015522,0.067704,,731800,,
1,1,,0.21156,0.282586,0.021456,0.043226,0.031272,0.128837,0.063496,0.026903,0.063822,0.126841,,731500,,
1,1,,0.130979,0.382534,0.015975,0.08475,0.020997,0.172235,0.0253,0.015673,0.067951,0.083607,,742000,,
1,1,,0.10948,0.383995,0.01414,0.070389,0.010024,0.255043,0.091018,0.043851,0.004904,0.017154,,729600,,
1,1,,0.079306,0.36994,0.01222,0.109128,0.01802,0.295078,0.062157,0.026476,0.004763,0.022913,,772300,,
1,1,,0.134589,0.384635,0.015777,0.107853,0.021506,0.214703,0.034737,0.016311,0.023359,0.046531,,739300,,
1,1,,0.122317,0.395053,0.012222,0.07619,0.019644,0.239809,0.04307,0.022876,0.032319,0.036501,,735500,,
1,1,,0.127023,0.385068,0.0132,0.085982,0.023762,0.226602,0.033559,0.017618,0.016175,0.071012,,735300,,
1,1,,0.032099,0.361933,0.013244,0.122034,0.010474,0.31808,0.096586,0.038594,0.001129,0.005828,,891200,,
1,1,,0.122772,0.384293,0.015891,0.080084,0.023508,0.196589,0.02438,0.014379,0.058768,0.079335,,827500,,
1,1,,0.061477,0.336533,0.012631,0.120965,0.014911,0.296723,0.066177,0.029333,0.028374,0.032876,,832200,,
1,1,,0.081553,0.371896,0.015837,0.081245,0.018178,0.214834,0.089771,0.081101,0.012824,0.032761,,840400,,
1,1,,0.144524,0.361203,0.016725,0.07128,0.03613,0.252778,0.047793,0.021157,0.010585,0.037824,,851100,,
1,1,,0.123871,0.36405,0.014633,0.077855,0.014884,0.283482,0.059332,0.029211,0.006896,0.025787,,829300,,
1,1,,0.108956,0.357474,0.015484,0.064717,0.01657,0.288311,0.047979,0.02493,0.018482,0.057097,,860300,,
1,1,,0.09283,0.352921,0.013886,0.092629,0.015546,0.301869,0.056176,0.028256,0.015797,0.030091,,822200,,
1,1,,0.110077,0.348444,0.014191,0.138764,0.018675,0.240298,0.05365,0.02315,0.018557,0.034195,,825000,,
1,1,,0.133824,0.344016,0.014326,0.060007,0.013585,0.275992,0.082297,0.037121,0.009296,0.029536,,898700,,
1,1,,0.123332,0.381114,0.01479,0.048638,0.012027,0.263805,0.08542,0.038901,0.007201,0.024773,,823000,,
1,1,,0.149115,0.383259,0.017891,0.099008,0.039122,0.181308,0.028877,0.018196,0.035522,0.047704,,825000,,
1,1,,0.097341,0.327777,0.015216,0.103882,0.020341,0.277283,0.082442,0.033625,0.008687,0.033406,,830700,,
1,5,,0.081935,0.317722,0.011687,0.049699,0.009023,0.332194,0.090932,0.090174,0.003289,0.013345,,823800,,
1,1,,0.132752,0.392569,0.016369,0.082749,0.021395,0.182544,0.02486,0.015006,0.047951,0.083804,,823900,,
1,1,,0.083623,0.347181,0.01279,0.064027,0.037542,0.302427,0.060502,0.030475,0.009584,0.05185,,823400,,
1,1,,0.159129,0.381394,0.03649,0.065485,0.019776,0.197509,0.028706,0.017558,0.018591,0.075363,,822800,,
1,1,,0.102703,0.382584,0.0132,0.085982,0.021952,0.226602,0.033559,0.017618,0.038491,0.077309,,913900,,
1,1,,0.154425,0.391626,0.037391,0.060663,0.018825,0.20029,0.02879,0.018196,0.037392,0.052401,,837900,,
1,1,,0.072132,0.353163,0.013616,0.093615,0.017058,0.30811,0.059365,0.028256,0.027048,0.027637,,846500,,
1,1,,0.123708,0.392599,0.013676,0.070239,0.020022,0.231311,0.037472,0.01955,0.042865,0.048559,,845300,,
1,1,,0.140295,0.350137,0.017337,0.083337,0.024931,0.212042,0.054522,0.025453,0.017438,0.074508,,824000,,
1,1,,0.121517,0.35749,0.015492,0.064717,0.01657,0.288311,0.047979,0.02493,0.010436,0.052556,,833800,,
1,1,,0.194625,0.348836,0.018382,0.049479,0.022316,0.17986,0.051393,0.026731,0.042626,0.065751,,828300,,
1,1,,0.130979,0.382534,0.015975,0.08475,0.020997,0.172235,0.0253,0.015673,0.067951,0.083607,,860500,,
1,1,,0.107866,0.329797,0.013739,0.047127,0.012528,0.304316,0.089873,0.040083,0.028097,0.026574,,857100,,
1,1,,0.083095,0.366489,0.01372,0.102222,0.012476,0.281343,0.088297,0.033944,0.003301,0.015114,,737700,,
1,1,,0.169783,0.395154,0.015633,0.056178,0.022817,0.176816,0.02086,0.013074,0.042681,0.087004,,738600,,
1,5,,0.104513,0.278912,0.014265,0.046568,0.013289,0.309989,0.104911,0.091531,0.008435,0.027587,,736500,,
1,1,,0.063169,0.344366,0.012876,0.167012,0.014053,0.259488,0.088463,0.032268,0.003092,0.015212,,737600,,
1,1,,0.055363,0.375075,0.012617,0.121205,0.01549,0.274789,0.062922,0.02836,0.026871,0.027307,,730900,,
1,1,,0.18354,0.39255,0.015983,0.05475,0.020997,0.192235,0.0253,0.015673,0.039905,0.059067,,737500,,
1,1,,0.131785,0.388026,0.015034,0.07174,0.017225,0.218439,0.060712,0.02311,0.033714,0.040215,,734900,,
1,1,,0.102867,0.382831,0.01343,0.085982,0.02174,0.226602,0.033559,0.017618,0.043771,0.071601,,760600,,
1,1,,0.155135,0.390326,0.015745,0.059194,0.043019,0.192235,0.0253,0.015673,0.040354,0.063018,,741200,,
1,1,,0.082132,0.353163,0.013616,0.073615,0.017058,0.30811,0.059365,0.028256,0.017048,0.047637,,854500,,
1,1,,0.125312,0.341824,0.01592,0.120001,0.025281,0.163534,0.050438,0.022882,0.049009,0.085798,,744600,,
1,1,,0.072132,0.353163,0.013616,0.093615,0.017058,0.30811,0.059365,0.028256,0.007048,0.047637,,745300,,
1,1,,0.144142,0.391614,0.015564,0.073695,0.023325,0.157277,0.014106,0.010708,0.072875,0.096694,,735800,,
1,1,,0.123708,0.372599,0.013676,0.090239,0.020022,0.231311,0.037472,0.01955,0.042865,0.048559,,742500,,
1,1,,0.161647,0.331898,0.019134,0.059095,0.044112,0.203504,0.048578,0.023461,0.021785,0.086786,,734100,,
1,1,,0.137474,0.393488,0.014782,0.067415,0.021294,0.219602,0.028777,0.015673,0.045362,0.056132,,736100,,
1,1,,0.185603,0.402429,0.016474,0.057153,0.024325,0.173313,0.017666,0.011973,0.022502,0.088561,,727000,,
2,0,,0.256094,0.12224,0.070601,0.032855,0.040564,0.09738,0.145757,0.053128,0.041875,0.139507,,739800,,
2,0,,0.248557,0.091191,0.029155,0.025393,0.058022,0.078529,0.159214,0.0656,0.065907,0.178433,,743900,,
2,0,,0.288734,0.111915,0.031127,0.040739,0.042563,0.035727,0.133724,0.048612,0.100031,0.166828,,961700,,
2,0,,0.301437,0.138203,0.053045,0.020969,0.040668,0.057499,0.134305,0.051135,0.067702,0.135038,,758100,,
2,0,,0.309231,0.117733,0.050712,0.026869,0.04394,0.082085,0.137698,0.050497,0.046761,0.134475,,727900,,
2,0,,0.227555,0.09474,0.030645,0.027638,0.057578,0.081093,0.158432,0.064403,0.065173,0.192745,,733200,,
2,0,,0.27423,0.096555,0.030433,0.027662,0.057557,0.075245,0.143718,0.057162,0.065847,0.171592,,735500,,
2,0,,0.289231,0.117733,0.050712,0.046869,0.04394,0.062085,0.137698,0.050497,0.046761,0.154475,,741900,,
2,0,,0.301437,0.138203,0.053045,0.020969,0.040668,0.057499,0.134305,0.051135,0.067702,0.135038,,729100,,
2,0,,0.315551,0.11127,0.071637,0.017913,0.04284,0.049444,0.130815,0.048612,0.050214,0.161703,,734200,,
2,0,,0.269522,0.094399,0.031597,0.054502,0.036972,0.098999,0.200805,0.056954,0.039601,0.11665,,734300,,
3,1,,0.113911,0.395686,0.011984,0.117777,0.021666,0.219809,0.04307,0.022876,0.012769,0.040452,,827600,,
3,1,,0.074896,0.368784,0.012726,0.149863,0.016799,0.260351,0.065564,0.02836,0.003449,0.019209,,727300,,
3,1,,0.074896,0.368784,0.012726,0.149863,0.016799,0.260351,0.065564,0.02836,0.003449,0.019209,,767300,,
3,1,,0.081713,0.348139,0.013236,0.127037,0.017076,0.294069,0.062654,0.02836,0.004743,0.022973,,739600,,
3,1,,0.032461,0.363426,0.011528,0.169273,0.018625,0.302715,0.066863,0.02836,0.000411,0.006337,,736000,,
3,1,,0.072668,0.391484,0.013382,0.120417,0.039514,0.255164,0.049556,0.025399,0.007091,0.025324,,731300,,
3,1,,0.077372,0.408395,0.01248,0.098096,0.040465,0.252383,0.049472,0.024761,0.00829,0.028286,,743400,,
3,1,,0.054896,0.348784,0.012726,0.189863,0.016799,0.260351,0.065564,0.02836,0.003449,0.019209,,734600,,
3,5,,0.031225,0.314884,0.010963,0.099013,0.009574,0.388633,0.099738,0.039789,0.000411,0.005772,,737500,,
3,1,,0.147864,0.394835,0.013446,0.070239,0.022044,0.231311,0.037472,0.01955,0.015269,0.04797,,837700,,
3,1,,0.08419,0.38775,0.01299,0.11527,0.040742,0.246101,0.046563,0.024761,0.009584,0.03205,,741400,,
3,1,,0.032461,0.363426,0.011528,0.189273,0.018625,0.262715,0.086863,0.02836,0.000411,0.006337,,736500,,
3,1,,0.050233,0.406126,0.012184,0.139827,0.021339,0.277528,0.050856,0.025399,0.004053,0.012453,,784600,,
3,1,,0.033463,0.379877,0.010039,0.167029,0.019069,0.260151,0.087645,0.029557,0.001145,0.012025,,731400,,
3,1,,0.043206,0.378728,0.012007,0.161187,0.020183,0.268829,0.076645,0.025399,0.002716,0.0111,,735300,,
3,1,,0.032461,0.363426,0.011528,0.209273,0.018625,0.262715,0.066863,0.02836,0.000411,0.006337,,729400,,
3,1,,0.143453,0.368124,0.013952,0.09653,0.020824,0.236585,0.040878,0.021435,0.013954,0.044265,,743500,,
4,1,,0.18429,0.287095,0.019157,0.054271,0.030297,0.167913,0.075669,0.030779,0.038737,0.111793,,731800,,
4,0,,0.311615,0.110503,0.030654,0.016898,0.046284,0.043717,0.126815,0.04668,0.084551,0.182284,,828900,,
4,0,,0.327146,0.11349,0.031399,0.017913,0.044863,0.049444,0.130815,0.048612,0.070664,0.165655,,732500,,
4,0,,0.216201,0.146469,0.068643,0.038433,0.062586,0.10331,0.152078,0.0577,0.039894,0.114686,,734600,,
4,0,,0.298615,0.110503,0.029606,0.016898,0.065474,0.043288,0.11791,0.043347,0.086789,0.187569,,731400,,
4,1,,0.188361,0.356198,0.018449,0.070157,0.027265,0.124518,0.030545,0.015306,0.078113,0.091088,,734400,,
4,0,,0.280104,0.117956,0.032623,0.042796,0.043052,0.044545,0.136774,0.049251,0.099114,0.153785,,737900,,
4,0,,0.236201,0.146469,0.068643,0.038433,0.042586,0.10331,0.152078,0.0577,0.039894,0.114686,,738000,,
4,0,,0.280623,0.107347,0.030473,0.035843,0.046589,0.008758,0.115621,0.041714,0.145961,0.18707,,731200,,
4,0,,0.288835,0.122265,0.07085,0.019115,0.06435,0.050034,0.121997,0.045279,0.051032,0.166242,,734700,,
4,0,,0.282649,0.115732,0.030025,0.065078,0.045466,0.021853,0.123098,0.043647,0.120596,0.151854,,744500,,
4,1,,0.127917,0.264294,0.018956,0.111348,0.025341,0.191125,0.101444,0.039638,0.051469,0.068468,,857800,,
4,0,,0.32031,0.112571,0.030988,0.016858,0.047191,0.034486,0.119621,0.043647,0.106699,0.16763,,726000,,
4,0,,0.269419,0.129415,0.029128,0.022715,0.042213,0.061533,0.121285,0.044048,0.117123,0.163121,,735400,,
4,0,,0.223076,0.088113,0.027741,0.053332,0.038785,0.097143,0.182876,0.05821,0.099974,0.13075,,733400,,
5,5,,0.034293,0.301293,0.008678,0.050727,0.008687,0.387083,0.130842,0.070126,0.001613,0.006657,,947000,,
5,5,,0.036013,0.323659,0.010854,0.090354,0.010074,0.363071,0.117096,0.039789,0.001517,0.007573,,762000,,
5,1,,0.091892,0.342872,0.013515,0.087708,0.015434,0.316509,0.066375,0.031113,0.007048,0.027535,,738400,,
5,5,,0.031225,0.314884,0.010963,0.079013,0.009574,0.388633,0.119738,0.039789,0.000411,0.005772,,739900,,
5,5,,0.029913,0.30287,0.009386,0.072993,0.008743,0.388106,0.134463,0.047297,0.000503,0.005726,,736300,,
5,5,,0.034293,0.301293,0.008678,0.050727,0.008687,0.387083,0.130842,0.070126,0.001613,0.006657,,1149900,,
5,5,,0.05648,0.276871,0.010778,0.059975,0.010957,0.315855,0.157229,0.084753,0.007045,0.020058,,886800,,
5,5,,0.034758,0.314043,0.009365,0.087461,0.009968,0.368614,0.124588,0.042112,0.001517,0.007573,,741900,,
5,5,,0.136461,0.202728,0.015824,0.030277,0.017214,0.279399,0.163975,0.089765,0.016388,0.047968,,731900,,
5,5,,0.040717,0.32057,0.009952,0.088034,0.011025,0.38029,0.097012,0.039151,0.002716,0.010534,,746100,,
5,5,,0.031772,0.353164,0.012877,0.060507,0.010346,0.355245,0.102322,0.068282,0.001218,0.004267,,740900,,
5,1,,0.08382,0.333901,0.011515,0.107641,0.01505,0.308335,0.076777,0.033436,0.005754,0.023771,,742800,,
5,5,,0.086947,0.206754,0.016711,0.056438,0.016432,0.30194,0.194342,0.06622,0.013792,0.040423,,734000,,
5,5,,0.146959,0.238783,0.017918,0.071328,0.025061,0.259364,0.113184,0.046598,0.020187,0.060618,,738800,,
5,5,,0.150875,0.245517,0.020147,0.051394,0.023422,0.247538,0.102782,0.064275,0.029077,0.064972,,833700,,
5,5,,0.034293,0.301293,0.008678,0.050727,0.008687,0.387083,0.130842,0.070126,0.001613,0.006657,,756300,,
5,5,,0.030835,0.309624,0.010276,0.05431,0.008293,0.381894,0.130325,0.06908,0.000507,0.004856,,742100,,
5,1,,0.12853,0.311305,0.017568,0.060096,0.020978,0.276545,0.070646,0.030195,0.014786,0.069352,,744000,,
5,5,,0.05175,0.258186,0.010975,0.044068,0.01118,0.367487,0.152638,0.079568,0.005847,0.018302,,739000,,
5,5,,0.028701,0.29372,0.007797,0.045347,0.006358,0.356998,0.123439,0.133746,0.000704,0.003189,,793000,,
5,5,,0.034425,0.32349,0.008765,0.053578,0.009411,0.367946,0.107943,0.086218,0.001521,0.006702,,737100,,
5,1,,0.08382,0.333901,0.011515,0.087641,0.01505,0.328335,0.076777,0.033436,0.005754,0.023771,,735600,,
5,1,,0.080453,0.336222,0.012548,0.066107,0.011853,0.321261,0.075539,0.059128,0.013446,0.023444,,761300,,
5,5,,0.070189,0.286962,0.01262,0.080692,0.015724,0.325921,0.128102,0.044415,0.009292,0.026085,,814700,,
5,1,,0.037683,0.348084,0.009731,0.107127,0.016369,0.330916,0.098942,0.035271,0.002251,0.013626,,734200,,
5,5,,0.02958,0.300009,0.008786,0.051417,0.008186,0.387437,0.137817,0.071403,0.000507,0.004856,,739200,,
5,5,,0.028701,0.29372,0.007797,0.045347,0.006358,0.356998,0.123439,0.133746,0.000704,0.003189,,735600,,
5,5,,0.033822,0.317665,0.008288,0.045957,0.007415,0.332104,0.117443,0.12964,0.001806,0.00586,,739000,,
5,5,,0.052613,0.262542,0.011777,0.042259,0.010006,0.335205,0.175734,0.086536,0.005943,0.017386,,734900,,
5,5,,0.047744,0.327968,0.010129,0.086674,0.012182,0.368989,0.091223,0.039151,0.004053,0.011887,,741200,,
5,5,,0.02958,0.300009,0.008786,0.051417,0.008186,0.387437,0.137817,0.071403,0.000507,0.004856,,740500,,
5,1,,0.066774,0.339726,0.011785,0.087303,0.014088,0.313987,0.066877,0.03231,0.035237,0.031913,,732800,,
5,5,,0.040791,0.320369,0.009952,0.107758,0.011025,0.355083,0.101345,0.040427,0.002716,0.010534,,849900,,
5,1,,0.081602,0.31486,0.011087,0.048123,0.008466,0.311526,0.114287,0.09428,0.003293,0.012474,,739000,,
5,5,,0.115443,0.238594,0.017372,0.038804,0.021325,0.269997,0.122328,0.070705,0.026449,0.078984,,735800,,
5,1,,0.166063,0.317941,0.016507,0.04823,0.021478,0.211923,0.08306,0.030664,0.041448,0.062684,,761600,,
5,1,,0.182041,0.256129,0.021212,0.049029,0.026645,0.225368,0.086769,0.036207,0.024846,0.091755,,729700,,
5,1,,0.091427,0.323408,0.010677,0.07872,0.010475,0.303851,0.088206,0.069536,0.005594,0.018107,,748000,,
5,5,,0.029913,0.30287,0.009386,0.072993,0.008743,0.388106,0.134463,0.047297,0.000503,0.005726,,743400,,
5,5,,0.081347,0.314182,0.011187,0.052876,0.010746,0.361358,0.089894,0.060306,0.003092,0.015012,,931700,,
5,5,,0.029913,0.30287,0.009386,0.072993,0.008743,0.388106,0.134463,0.047297,0.000503,0.005726,,753900,,
5,1,,0.052154,0.349124,0.009623,0.085938,0.013402,0.343715,0.087817,0.037266,0.005368,0.015592,,828000,,
5,5,,0.040717,0.32057,0.009952,0.108034,0.011025,0.36029,0.097012,0.039151,0.002716,0.010534,,731600,,
5,5,,0.034368,0.301092,0.008678,0.050451,0.008687,0.381876,0.135175,0.071403,0.001613,0.006657,,732400,,
5,5,,0.029304,0.299546,0.008274,0.052968,0.008353,0.41284,0.11394,0.070324,0.000419,0.004031,,729600,,
5,1,,0.071101,0.360219,0.011416,0.065546,0.015405,0.31176,0.067582,0.031552,0.016002,0.049418,,730000,,
5,5,,0.051692,0.255788,0.010887,0.040942,0.010456,0.361417,0.159871,0.084753,0.005939,0.018257,,731800,,
5,5,,0.122803,0.256546,0.018148,0.051328,0.023038,0.259364,0.113184,0.046598,0.027783,0.081207,,733800,,
5,5,,0.051146,0.252714,0.010288,0.039366,0.009899,0.33393,0.140318,0.139011,0.005943,0.017386,,731800,,
5,5,,0.029172,0.296995,0.008397,0.047199,0.006914,0.389693,0.138659,0.078211,0.000701,0.004059,,727100,,
5,5,,0.034368,0.301092,0.008678,0.050451,0.008687,0.381876,0.135175,0.071403,0.001613,0.006657,,961300,,
5,5,,0.089551,0.325349,0.013274,0.075794,0.011853,0.350395,0.076593,0.034075,0.004294,0.018822,,743000,,
5,5,,0.1377,0.244661,0.017372,0.039452,0.021876,0.261889,0.115618,0.069578,0.027183,0.064672,,736600,,
5,5,,0.040717,0.32057,0.009952,0.128034,0.011025,0.34029,0.097012,0.039151,0.002716,0.010534,,730200,,
5,5,,0.040659,0.318172,0.009865,0.084907,0.010302,0.35422,0.124244,0.044335,0.002808,0.010489,,729200,,
5,5,,0.057278,0.272836,0.011855,0.081204,0.01351,0.340339,0.1458,0.048653,0.006755,0.02177,,736400,,
5,1,,0.064383,0.319861,0.015122,0.055989,0.012121,0.305904,0.118786,0.075946,0.008869,0.023019,,732500,,
5,5,,0.040791,0.320369,0.009952,0.087758,0.011025,0.335083,0.141345,0.040427,0.002716,0.010534,,733100,,
5,5,,0.029971,0.305268,0.009473,0.07612,0.009467,0.394176,0.12723,0.042112,0.000411,0.005772,,738300,,
5,5,,0.115228,0.234474,0.018643,0.095008,0.022953,0.273446,0.119057,0.047237,0.01765,0.056304,,865000,,
5,1,,0.129637,0.317154,0.016332,0.045208,0.017386,0.241277,0.100364,0.060286,0.033266,0.03909,,820900,,
5,5,,0.034035,0.297877,0.008288,0.045957,0.007415,0.378923,0.14035,0.079488,0.001806,0.00586,,751300,,
5,1,,0.114546,0.329908,0.015672,0.063193,0.019855,0.288422,0.080374,0.036378,0.01233,0.039322,,755000,,
5,5,,0.040791,0.320369,0.009952,0.087758,0.011025,0.375083,0.101345,0.040427,0.002716,0.010534,,831700,,
5,5,,0.040717,0.32057,0.009952,0.108034,0.011025,0.36029,0.097012,0.039151,0.002716,0.010534,,817400,,
5,5,,0.033822,0.317665,0.008288,0.045957,0.007415,0.332104,0.117443,0.12964,0.001806,0.00586,,750600,,
5,1,,0.177751,0.317484,0.022573,0.035151,0.024701,0.143705,0.105979,0.060818,0.043833,0.068005,,738800,,
6,6,,0.213873,0.103732,0.026084,0.050396,0.03232,0.15912,0.218519,0.066705,0.03309,0.09616,,740100,,
6,0,,0.279407,0.123171,0.028425,0.020365,0.038009,0.083734,0.163257,0.075707,0.0639,0.124024,,901400,,
6,6,,0.161592,0.058728,0.02444,0.03458,0.03003,0.184647,0.283332,0.104342,0.030816,0.087492,,805400,,
6,0,,0.224237,0.0904,0.027407,0.050804,0.034872,0.145544,0.222292,0.066376,0.035614,0.102456,,732500,,
6,0,,0.223438,0.082127,0.02633,0.021883,0.032319,0.141061,0.205721,0.130475,0.035903,0.100743,,739400,,
6,5,,0.130849,0.204264,0.016413,0.030301,0.018215,0.253979,0.138166,0.125857,0.025637,0.056318,,744000,,
6,6,,0.162132,0.063574,0.025127,0.059007,0.031311,0.187239,0.277,0.075483,0.030721,0.088408,,743400,,
6,5,,0.090871,0.203834,0.015591,0.0602,0.018822,0.330944,0.166784,0.055274,0.014612,0.043067,,760300,,
6,0,,0.244581,0.105427,0.02849,0.007969,0.035322,0.078744,0.207304,0.120384,0.059605,0.112172,,728700,,
6,0,,0.222649,0.091976,0.027679,0.027978,0.037171,0.139262,0.219382,0.066376,0.037357,0.130171,,740900,,
6,6,,0.161259,0.055867,0.02384,0.013005,0.029473,0.203978,0.286687,0.108448,0.03082,0.086622,,739900,,
6,6,,0.160925,0.052653,0.02345,0.00851,0.028201,0.181026,0.276862,0.151533,0.031014,0.085825,,1048000,,
6,0,,0.258061,0.139876,0.031494,0.012532,0.038911,0.053311,0.165891,0.118711,0.062361,0.118852,,978000,,
6,5,,0.137258,0.225053,0.019262,0.10084,0.02273,0.252725,0.11879,0.047237,0.017839,0.058267,,748000,,
6,6,,0.167119,0.113549,0.027431,0.02592,0.033906,0.172843,0.219444,0.114333,0.032068,0.093388,,735000,,
6,0,,0.225123,0.11843,0.030908,0.02788,0.060437,0.105521,0.193493,0.057869,0.041195,0.139144,,749000,,
6,5,,0.14238,0.222638,0.017392,0.072115,0.020824,0.278989,0.126549,0.04956,0.017201,0.052352,,736000,,
6,6,,0.161844,0.063574,0.025127,0.019007,0.031311,0.199359,0.25417,0.12648,0.030721,0.088408,,736200,,
6,6,,0.166002,0.059884,0.023934,0.033845,0.03125,0.179373,0.279926,0.102457,0.032131,0.091197,,732100,,
6,0,,0.24728,0.103869,0.029149,0.024433,0.038561,0.101938,0.154188,0.079066,0.071396,0.150119,,728900,,
6,6,,0.161592,0.058728,0.02444,0.01458,0.03003,0.204647,0.283332,0.104342,0.030816,0.087492,,844000,,
6,0,,0.287473,0.123435,0.031666,0.008695,0.038666,0.07193,0.167611,0.077901,0.065205,0.127419,,740000,,
6,6,,0.163069,0.152412,0.027954,0.028244,0.028652,0.132058,0.223973,0.127755,0.031524,0.084359,,736500,,
6,0,,0.240941,0.07494,0.027404,0.006787,0.033207,0.111962,0.188877,0.159451,0.045351,0.111079,,733900,,
6,5,,0.062438,0.271089,0.011366,0.052855,0.012014,0.307531,0.169653,0.081791,0.008243,0.023019,,772100,,
6,5,,0.087338,0.212367,0.017189,0.104059,0.018428,0.290963,0.161934,0.052951,0.013506,0.041266,,729900,,
6,0,,0.247148,0.101672,0.029061,0.021583,0.037837,0.101075,0.157088,0.082974,0.071488,0.150073,,726700,,
6,5,,0.05648,0.256871,0.010778,0.039975,0.010957,0.315855,0.177229,0.104753,0.007045,0.020058,,778000,,
6,6,,0.207747,0.074437,0.027429,0.036064,0.03359,0.173148,0.2296,0.069337,0.042649,0.105998,,745600,,
6,5,,0.09028,0.197558,0.014602,0.033854,0.016993,0.322116,0.179647,0.088742,0.01481,0.041399,,1041600,,
6,0,,0.223438,0.082127,0.02633,0.021883,0.032319,0.141061,0.205721,0.130475,0.035903,0.100743,,955500,,
6,6,,0.198453,0.119878,0.02661,0.049608,0.056557,0.139495,0.205154,0.063743,0.036076,0.104426,,957500,,
6,6,,0.152093,0.080768,0.022683,0.019122,0.028426,0.221583,0.267015,0.100631,0.028109,0.079568,,960800,,
6,0,,0.229507,0.084385,0.026823,0.06667,0.035312,0.122312,0.223552,0.067452,0.037023,0.106963,,957800,,
6,5,,0.057353,0.264931,0.011855,0.088897,0.01351,0.361399,0.125722,0.047808,0.006755,0.02177,,953700,,
6,6,,0.166543,0.06473,0.024621,0.038272,0.032531,0.201965,0.273594,0.073598,0.032035,0.092112,,962400,,
6,6,,0.212359,0.063964,0.025251,0.008393,0.030204,0.134278,0.239294,0.157542,0.033603,0.095111,,958200,,
6,5,,0.085027,0.191416,0.014023,0.030394,0.015212,0.286146,0.208543,0.116756,0.0138,0.038683,,955700,,
6,0,,0.283118,0.118701,0.030053,0.010784,0.038614,0.078366,0.1729,0.079893,0.064022,0.12355,,956600,,
6,6,,0.213491,0.075098,0.026928,0.03889,0.033313,0.17943,0.23251,0.069337,0.033309,0.097693,,969800,,
6,6,,0.169795,0.10604,0.027848,0.04036,0.033082,0.174958,0.224167,0.092574,0.033375,0.0978,,828500,,
6,0,,0.26906,0.116384,0.0308,0.021369,0.063825,0.065069,0.181387,0.051574,0.046301,0.154231,,823100,,
6,6,,0.182596,0.074221,0.02632,0.017314,0.032756,0.178762,0.251865,0.093443,0.041359,0.101363,,821900,,
6,0,,0.255767,0.111962,0.030502,0.047519,0.038988,0.085307,0.192687,0.055985,0.041875,0.139409,,957100,,
6,6,,0.163799,0.062713,0.024527,0.017431,0.030754,0.20657,0.256355,0.119589,0.030725,0.087538,,825600,,
6,6,,0.172004,0.083123,0.024529,0.009692,0.030316,0.127808,0.263289,0.164466,0.033315,0.091457,,848600,,
6,6,,0.163799,0.062713,0.024527,0.037431,0.030754,0.18657,0.256355,0.119589,0.030725,0.087538,,819000,,
6,0,,0.225388,0.09494,0.027998,0.023767,0.035581,0.127098,0.176492,0.130284,0.046384,0.112068,,842200,,
6,6,,0.212359,0.063964,0.025251,0.008393,0.030204,0.154278,0.239294,0.137542,0.033603,0.095111,,845200,,
6,6,,0.160925,0.052653,0.02345,0.02851,0.028201,0.181026,0.256862,0.151533,0.031014,0.085825,,857700,,
6,0,,0.245352,0.076096,0.026897,0.006052,0.034428,0.106689,0.185471,0.157567,0.046665,0.114784,,825400,,
7,6,,0.163213,0.113746,0.02812,0.011764,0.028308,0.153741,0.238986,0.144455,0.031843,0.085825,,817100,,
7,5,,0.084814,0.191204,0.014023,0.030394,0.015212,0.319328,0.165636,0.126908,0.0138,0.038683,,820000,,
7,6,,0.16218,0.062268,0.02494,0.011403,0.028308,0.155483,0.26937,0.16921,0.031014,0.085825,,900200,,
7,1,,0.054902,0.362871,0.014411,0.04092,0.01045,0.244827,0.099036,0.141795,0.007715,0.023074,,828900,,
7,6,,0.160713,0.05244,0.02345,0.00851,0.028201,0.154207,0.228954,0.226685,0.031014,0.085825,,818600,,
7,6,,0.14949,0.072943,0.022205,0.011501,0.02643,0.185741,0.220515,0.204053,0.028395,0.078726,,823500,,
7,6,,0.150957,0.082771,0.023695,0.014394,0.026537,0.187017,0.260931,0.146578,0.028395,0.078726,,819100,,
7,6,,0.160713,0.05244,0.02345,0.00851,0.028201,0.154207,0.228954,0.226685,0.031014,0.085825,,815600,,
7,0,,0.197826,0.095971,0.026919,0.0096,0.03332,0.115641,0.187912,0.158567,0.065151,0.109093,,819200,,
7,6,,0.160925,0.052653,0.02345,0.00851,0.028201,0.161026,0.283862,0.164533,0.031014,0.085825,,837500,,
7,6,,0.16218,0.062268,0.02494,0.011403,0.028308,0.175483,0.27637,0.14221,0.031014,0.085825,,829600,,
7,6,,0.199798,0.063948,0.025243,0.008393,0.030204,0.134278,0.207294,0.189542,0.041649,0.099651,,904600,,
7,7,,0.184919,0.087892,0.025734,0.009003,0.031261,0.109385,0.201297,0.205436,0.04275,0.102322,,824200,,
7,7,,0.164215,0.110197,0.026631,0.009519,0.028752,0.131177,0.194767,0.210652,0.032577,0.091513,,829900,,
7,0,,0.206748,0.0655,0.025841,0.008418,0.031205,0.128859,0.201485,0.185634,0.042851,0.10346,,821300,,
7,1,,0.042037,0.330258,0.008876,0.047177,0.009023,0.295673,0.103156,0.145552,0.003739,0.014509,,829000,,
7,5,,0.084814,0.191204,0.014023,0.030394,0.015212,0.279328,0.165636,0.166908,0.0138,0.038683,,882800,,
7,6,,0.162969,0.058507,0.02345,0.009158,0.028752,0.1661,0.222244,0.185559,0.051748,0.091513,,752000,,
7,6,,0.160713,0.05244,0.02345,0.00851,0.028201,0.154207,0.228954,0.226685,0.031014,0.085825,,730300,,
7,0,,0.240941,0.07494,0.027404,0.006787,0.033207,0.111962,0.188877,0.159451,0.045351,0.111079,,821100,,
7,6,,0.162871,0.101424,0.027207,0.011643,0.028308,0.139399,0.245996,0.165688,0.03164,0.085825,,740200,,
7,6,,0.160925,0.052653,0.02345,0.00851,0.028201,0.161026,0.276862,0.171533,0.031014,0.085825,,736400,,
8,0,,0.287623,0.107347,0.029425,0.035843,0.04578,0.00833,0.106716,0.038381,0.148199,0.192356,,730600,,
8,0,,0.274459,0.108266,0.029836,0.036898,0.043452,0.023288,0.11791,0.043347,0.143275,0.179269,,728200,,
8,0,,0.283154,0.110334,0.03017,0.016858,0.044359,0.034057,0.110716,0.040314,0.145423,0.184615,,754600,,
8,0,,0.287623,0.107347,0.029425,0.035843,0.04578,0.00833,0.106716,0.038381,0.128199,0.212356,,734700,,
8,0,,0.26842,0.109184,0.029571,0.039536,0.042085,0.035825,0.124652,0.045181,0.132459,0.173088,,749600,,
8,0,,0.294459,0.108266,0.029836,0.016898,0.043452,0.043288,0.11791,0.043347,0.143275,0.159269,,731300,,
