cardiotocography-10clases,CWE,test,3,NANOSECONDS,PREDICTIONS, Generated by ClassifierExperiments.java on 2022-05-16 22:44:29.    SYSTEMPROPERTIES:{user.name:matth,os.arch:amd64,os.name:Windows 10},ENDSYSTEMPROPERTIES
No parameter info
0.6139534883720931,217746400,336214200,-1,0,10,,-1,-1
0,0,,0.240313,0.11835,0.025086,0.031521,0.04307,0.098367,0.139802,0.046254,0.076251,0.180985,,882600,,
0,0,,0.234076,0.118772,0.027975,0.03175,0.036688,0.111286,0.152907,0.059293,0.067831,0.159422,,933800,,
0,0,,0.239695,0.121687,0.025732,0.032572,0.041685,0.104026,0.131821,0.048171,0.081446,0.173164,,749600,,
0,6,,0.179311,0.099093,0.045345,0.015316,0.030748,0.168276,0.209519,0.114476,0.035742,0.102175,,742700,,
0,0,,0.233392,0.127135,0.047959,0.033622,0.049463,0.11,0.136011,0.053158,0.067684,0.141576,,735800,,
0,0,,0.263735,0.117662,0.026948,0.030221,0.040092,0.095594,0.13148,0.048468,0.077445,0.168353,,737500,,
0,0,,0.252066,0.107005,0.02739,0.031256,0.035294,0.132803,0.179109,0.066275,0.043665,0.125138,,732400,,
0,0,,0.277432,0.12111,0.049175,0.031272,0.03787,0.101568,0.14367,0.053455,0.051683,0.132764,,741200,,
0,0,,0.200412,0.196225,0.021277,0.063291,0.038247,0.132578,0.095649,0.038557,0.064287,0.149476,,738200,,
0,0,,0.25958,0.120719,0.028657,0.031367,0.037375,0.102087,0.146398,0.053634,0.089105,0.131077,,766800,,
0,0,,0.24317,0.11835,0.025086,0.031521,0.04307,0.098367,0.119802,0.046254,0.079109,0.195271,,740300,,
0,0,,0.24036,0.114677,0.025037,0.030917,0.051968,0.106137,0.125913,0.049447,0.075151,0.180394,,738900,,
0,0,,0.251615,0.139001,0.025872,0.032532,0.0461,0.073865,0.117294,0.043373,0.085554,0.184794,,731900,,
0,0,,0.248415,0.141001,0.025872,0.032532,0.0537,0.073865,0.109294,0.043373,0.107295,0.164653,,767400,,
0,0,,0.249392,0.125135,0.047959,0.033622,0.039463,0.11,0.136011,0.053158,0.067684,0.137576,,737600,,
0,0,,0.268353,0.114325,0.026302,0.02917,0.041478,0.089936,0.127462,0.046551,0.10025,0.156174,,733300,,
0,1,,0.202388,0.208463,0.02094,0.045218,0.047851,0.142011,0.096416,0.039287,0.064287,0.133139,,732200,,
0,0,,0.279732,0.121483,0.048657,0.031477,0.037375,0.108836,0.138624,0.053634,0.049105,0.131077,,976800,,
0,0,,0.248353,0.126825,0.026302,0.01167,0.041478,0.094936,0.127462,0.046551,0.12025,0.156174,,736000,,
0,0,,0.277432,0.12111,0.049175,0.031272,0.03787,0.101568,0.14367,0.053455,0.051683,0.132764,,732200,,
0,0,,0.273681,0.121752,0.026136,0.030005,0.043112,0.087266,0.11177,0.043373,0.07998,0.182925,,739400,,
0,0,,0.240533,0.132486,0.028746,0.033522,0.050446,0.100912,0.128709,0.050277,0.068986,0.165384,,743200,,
0,0,,0.234584,0.160505,0.045317,0.036962,0.037559,0.121922,0.119912,0.047522,0.064985,0.130733,,740900,,
0,0,,0.23062,0.127939,0.025331,0.032784,0.048456,0.109206,0.126584,0.048264,0.053921,0.196895,,742100,,
0,0,,0.267453,0.123701,0.025872,0.03142,0.044053,0.08928,0.1125,0.043373,0.077554,0.184794,,729700,,
0,0,,0.270652,0.114698,0.025784,0.029375,0.040983,0.097203,0.122416,0.04673,0.077672,0.174487,,731500,,
0,0,,0.26562,0.119605,0.025331,0.032784,0.041789,0.109206,0.126584,0.048264,0.053921,0.176895,,733500,,
0,1,,0.190653,0.257489,0.019895,0.049614,0.028083,0.17409,0.09245,0.037004,0.056836,0.093886,,735400,,
0,0,,0.27958,0.120719,0.048657,0.011171,0.037375,0.09593,0.140942,0.085444,0.049105,0.131077,,734700,,
0,0,,0.25958,0.120719,0.048657,0.031367,0.037375,0.102087,0.146398,0.053634,0.069105,0.131077,,730300,,
0,0,,0.251453,0.125701,0.025872,0.03142,0.054053,0.08928,0.1125,0.043373,0.077554,0.188794,,735500,,
0,0,,0.252381,0.117147,0.048924,0.030685,0.036811,0.10639,0.149384,0.057581,0.070556,0.130139,,823300,,
0,0,,0.27764,0.119286,0.02657,0.008969,0.041965,0.07521,0.117431,0.075659,0.098974,0.158296,,1697000,,
0,0,,0.211582,0.118916,0.026791,0.035827,0.037166,0.12941,0.170576,0.060206,0.064069,0.145458,,1061100,,
0,0,,0.260812,0.158555,0.045581,0.035546,0.036618,0.119908,0.119182,0.047522,0.047411,0.128865,,786000,,
0,0,,0.24317,0.11835,0.025086,0.031521,0.04307,0.098367,0.119802,0.046254,0.079109,0.195271,,740400,,
0,0,,0.237473,0.126856,0.028091,0.05607,0.036256,0.123714,0.149146,0.062021,0.061051,0.119321,,740900,,
0,0,,0.27958,0.120719,0.048657,0.011171,0.037375,0.09593,0.140942,0.085444,0.049105,0.131077,,730700,,
0,0,,0.262899,0.147091,0.025677,0.036743,0.035075,0.13019,0.143293,0.048728,0.046405,0.123898,,733200,,
0,1,,0.187402,0.263302,0.018774,0.067532,0.034932,0.135256,0.064747,0.029262,0.062176,0.136616,,736100,,
0,0,,0.24317,0.11835,0.025086,0.031521,0.04307,0.098367,0.119802,0.046254,0.079109,0.195271,,732200,,
0,1,,0.179711,0.212887,0.048506,0.04232,0.02983,0.161797,0.114439,0.069406,0.035567,0.105537,,740300,,
0,0,,0.223725,0.129182,0.047733,0.048744,0.038102,0.138137,0.155266,0.060939,0.040035,0.118138,,742200,,
0,0,,0.251288,0.12374,0.025786,0.035191,0.040531,0.103258,0.123546,0.048171,0.082278,0.166212,,1186000,,
0,0,,0.243818,0.15383,0.024023,0.03486,0.040329,0.110605,0.111875,0.043689,0.070595,0.166375,,834800,,
0,0,,0.240313,0.11835,0.025086,0.031521,0.04307,0.098367,0.119802,0.046254,0.076251,0.200985,,832200,,
0,0,,0.213376,0.162558,0.02537,0.039581,0.038804,0.121154,0.119637,0.047522,0.064075,0.167922,,829300,,
0,0,,0.2547,0.12639,0.028205,0.034886,0.038182,0.120838,0.142793,0.055167,0.045354,0.153485,,849300,,
0,0,,0.262899,0.147091,0.045677,0.036743,0.035075,0.13019,0.123293,0.048728,0.046405,0.123898,,833600,,
0,0,,0.243654,0.129481,0.054284,0.031003,0.036233,0.112475,0.141583,0.057433,0.064817,0.129036,,826800,,
0,0,,0.275115,0.12482,0.029304,0.032527,0.03599,0.114494,0.142643,0.055551,0.0663,0.123256,,853500,,
0,0,,0.210801,0.160476,0.024969,0.049794,0.041409,0.126334,0.1224,0.047615,0.06455,0.151653,,855400,,
0,0,,0.248553,0.13268,0.034536,0.03148,0.037292,0.100904,0.143644,0.053307,0.065944,0.151661,,822700,,
0,0,,0.247453,0.123701,0.025872,0.03142,0.044053,0.08928,0.1125,0.043373,0.117554,0.164794,,828700,,
0,0,,0.176952,0.135749,0.022533,0.043161,0.032721,0.172008,0.168297,0.059878,0.057537,0.131163,,825700,,
0,0,,0.23887,0.147086,0.023765,0.037991,0.042791,0.117654,0.111981,0.045108,0.071115,0.163639,,1010300,,
0,1,,0.19986,0.21751,0.02187,0.041723,0.035617,0.139004,0.099943,0.040474,0.065248,0.138752,,817900,,
0,0,,0.219193,0.11503,0.027342,0.011687,0.035294,0.119845,0.159288,0.103297,0.063665,0.145361,,848600,,
0,0,,0.25958,0.120719,0.048657,0.031367,0.037375,0.102087,0.146398,0.053634,0.069105,0.131077,,853000,,
0,0,,0.27764,0.119286,0.02657,0.008969,0.041965,0.07521,0.117431,0.075659,0.098974,0.158296,,820200,,
0,0,,0.240812,0.158555,0.045581,0.035546,0.036618,0.119908,0.119182,0.047522,0.067411,0.128865,,819700,,
0,0,,0.265449,0.109972,0.025533,0.008483,0.039924,0.089119,0.130447,0.082666,0.096546,0.151862,,823100,,
0,1,,0.128766,0.317113,0.013779,0.082135,0.023853,0.222318,0.056876,0.027727,0.05339,0.074043,,829000,,
0,0,,0.234584,0.160505,0.045317,0.036962,0.037559,0.121922,0.119912,0.047522,0.064985,0.130733,,821100,,
0,0,,0.25958,0.120719,0.048657,0.031367,0.037375,0.102087,0.146398,0.053634,0.069105,0.131077,,821000,,
0,0,,0.260313,0.11835,0.025086,0.031521,0.04307,0.098367,0.119802,0.046254,0.076251,0.180985,,820000,,
0,0,,0.252185,0.127187,0.028013,0.036242,0.040708,0.109232,0.143736,0.053158,0.074775,0.134765,,820600,,
0,0,,0.279732,0.121483,0.048657,0.031477,0.037375,0.108836,0.138624,0.053634,0.049105,0.131077,,890700,,
0,0,,0.25958,0.120719,0.048657,0.031367,0.037375,0.102087,0.146398,0.053634,0.069105,0.131077,,731100,,
0,0,,0.241605,0.125403,0.02514,0.04414,0.046816,0.097599,0.119527,0.046254,0.075342,0.178175,,814200,,
0,0,,0.239105,0.120403,0.02514,0.03414,0.044316,0.097599,0.119527,0.046254,0.075342,0.198175,,770700,,
0,0,,0.206374,0.148443,0.03066,0.035348,0.034543,0.126649,0.134146,0.07262,0.043771,0.167446,,757100,,
0,0,,0.24994,0.116719,0.028121,0.031367,0.037083,0.109085,0.174264,0.057423,0.066039,0.129957,,730600,,
0,0,,0.237495,0.145786,0.028746,0.034634,0.040093,0.085497,0.133503,0.050277,0.106727,0.137243,,734800,,
0,0,,0.223134,0.123225,0.047762,0.035655,0.03965,0.114054,0.141449,0.057284,0.065648,0.15214,,733400,,
0,0,,0.248253,0.123701,0.025872,0.03142,0.041653,0.08928,0.1205,0.043373,0.115295,0.160653,,772700,,
0,0,,0.275493,0.119676,0.027088,0.02907,0.04246,0.080848,0.12016,0.04367,0.101552,0.159983,,735600,,
1,1,,0.160832,0.294954,0.015306,0.07764,0.023429,0.208748,0.064281,0.03138,0.047632,0.075798,,736300,,
1,1,,0.109585,0.281978,0.014257,0.062696,0.021938,0.261196,0.103976,0.03935,0.040144,0.064879,,732400,,
1,1,,0.137657,0.315995,0.015233,0.081849,0.036762,0.210179,0.064577,0.030293,0.025179,0.082276,,731500,,
1,1,,0.101237,0.332112,0.012465,0.077215,0.02207,0.243239,0.074907,0.037718,0.037687,0.061349,,729100,,
1,1,,0.128383,0.328775,0.013133,0.061084,0.025238,0.21666,0.052858,0.02581,0.046195,0.101864,,726700,,
1,1,,0.137657,0.295995,0.015233,0.081849,0.036762,0.210179,0.064577,0.030293,0.045179,0.082276,,736600,,
1,1,,0.125058,0.339166,0.013833,0.094754,0.027598,0.22155,0.056601,0.027727,0.02248,0.071232,,739200,,
1,1,,0.088153,0.326401,0.01238,0.104732,0.044844,0.247901,0.072982,0.03518,0.01523,0.052197,,999800,,
1,1,,0.055177,0.366683,0.016924,0.070445,0.014985,0.264415,0.108977,0.059765,0.010009,0.032621,,742300,,
1,1,,0.113673,0.33561,0.012676,0.06318,0.019883,0.241993,0.074452,0.037718,0.041023,0.059791,,736300,,
1,1,,0.138865,0.293942,0.015179,0.079229,0.035516,0.210947,0.064852,0.030293,0.046089,0.085087,,731700,,
1,1,,0.082908,0.323675,0.012277,0.081508,0.019996,0.286439,0.089368,0.038373,0.015039,0.050416,,734300,,
1,1,,0.165377,0.313501,0.01469,0.08177,0.021526,0.225962,0.060164,0.029644,0.023011,0.064353,,810200,,
1,1,,0.113379,0.321957,0.013609,0.082992,0.029043,0.229983,0.066068,0.034553,0.041631,0.066787,,740300,,
1,1,,0.18299,0.231354,0.019128,0.049472,0.025754,0.211406,0.097256,0.043319,0.051979,0.087342,,746700,,
1,1,,0.096891,0.338213,0.013606,0.079876,0.043737,0.249687,0.075856,0.035508,0.014831,0.051794,,736300,,
1,1,,0.105956,0.305894,0.012612,0.064339,0.021556,0.271728,0.081441,0.034775,0.039775,0.061925,,829200,,
1,1,,0.148606,0.287319,0.01394,0.079747,0.029532,0.198863,0.05654,0.026459,0.056504,0.10249,,752600,,
1,1,,0.140248,0.307915,0.013359,0.062797,0.02057,0.252794,0.067944,0.032058,0.042297,0.060019,,745500,,
1,1,,0.094641,0.336706,0.039634,0.063614,0.017267,0.247318,0.07906,0.059784,0.014051,0.047925,,733900,,
1,1,,0.095676,0.297191,0.011039,0.084541,0.02959,0.279903,0.086045,0.040537,0.017171,0.058308,,733800,,
1,1,,0.133908,0.313567,0.01266,0.084943,0.032658,0.233958,0.065331,0.031582,0.020876,0.070517,,743800,,
1,1,,0.127766,0.314113,0.013779,0.082135,0.033853,0.222318,0.056876,0.027727,0.04339,0.078043,,735300,,
1,1,,0.101508,0.314875,0.01296,0.098825,0.045123,0.244028,0.071837,0.033592,0.017636,0.059615,,733100,,
1,0,,0.279732,0.121483,0.048657,0.031477,0.037375,0.108836,0.138624,0.053634,0.049105,0.131077,,938200,,
1,1,,0.084743,0.347685,0.012973,0.103163,0.022214,0.254328,0.077276,0.037097,0.013335,0.047187,,807600,,
1,1,,0.096891,0.338213,0.013606,0.079876,0.043737,0.249687,0.075856,0.035508,0.014831,0.051794,,734600,,
1,1,,0.125367,0.313619,0.012714,0.087562,0.023904,0.23319,0.065055,0.031582,0.039966,0.067039,,748000,,
1,1,,0.112701,0.335619,0.012714,0.067562,0.033904,0.23319,0.065055,0.031582,0.039966,0.067706,,731600,,
1,1,,0.156165,0.261682,0.016967,0.056341,0.041112,0.187735,0.088951,0.038645,0.052219,0.100181,,733500,,
1,1,,0.120056,0.279695,0.035254,0.057674,0.020737,0.254182,0.105607,0.043318,0.020417,0.063061,,760300,,
1,1,,0.113908,0.333567,0.01266,0.064943,0.032658,0.233958,0.065331,0.031582,0.040876,0.070517,,735800,,
1,1,,0.163766,0.312113,0.013779,0.082135,0.023853,0.222318,0.056876,0.027727,0.02339,0.074043,,732300,,
1,1,,0.174178,0.320251,0.021756,0.057196,0.023345,0.2086,0.06471,0.030442,0.024349,0.075173,,1228900,,
1,1,,0.101508,0.334875,0.01296,0.078825,0.045123,0.244028,0.071837,0.033592,0.017636,0.059615,,772900,,
1,1,,0.173942,0.242059,0.018484,0.084237,0.029087,0.191803,0.094367,0.042842,0.029649,0.09353,,739700,,
1,1,,0.12475,0.294294,0.023308,0.058299,0.024198,0.205736,0.1041,0.068435,0.023899,0.072982,,735400,,
1,1,,0.078799,0.338077,0.015393,0.069533,0.016825,0.279599,0.089507,0.061232,0.011646,0.03939,,741600,,
1,1,,0.137722,0.311942,0.015179,0.059229,0.025516,0.210947,0.064852,0.030293,0.048946,0.095373,,744000,,
1,1,,0.132383,0.310775,0.013133,0.061084,0.035238,0.23666,0.052858,0.02581,0.046195,0.085864,,731800,,
1,1,,0.092137,0.338269,0.016932,0.049533,0.015387,0.279599,0.086751,0.084565,0.008446,0.028382,,734000,,
1,1,,0.115874,0.336485,0.016548,0.072992,0.022031,0.22989,0.06617,0.034012,0.039562,0.066436,,736700,,
1,1,,0.194361,0.213086,0.022179,0.0447,0.043835,0.154095,0.104729,0.043121,0.059586,0.120308,,731500,,
1,1,,0.10642,0.33742,0.012957,0.078586,0.025898,0.238801,0.067699,0.031582,0.038789,0.061847,,1148500,,
1,0,,0.243818,0.15383,0.024023,0.03486,0.040329,0.110605,0.111875,0.043689,0.070595,0.166375,,778900,,
1,1,,0.181405,0.243566,0.018733,0.074584,0.030921,0.181753,0.084515,0.036707,0.051928,0.095886,,740900,,
1,1,,0.101508,0.314875,0.01296,0.098825,0.045123,0.244028,0.071837,0.033592,0.017636,0.059615,,747800,,
1,1,,0.092811,0.268512,0.01219,0.081287,0.01942,0.261915,0.140539,0.049238,0.017591,0.056496,,742300,,
1,1,,0.101175,0.324694,0.012855,0.065363,0.02105,0.277339,0.084085,0.034775,0.018598,0.060066,,747000,,
1,1,,0.085653,0.321401,0.01238,0.114732,0.022344,0.247901,0.072982,0.03518,0.01523,0.072197,,749000,,
1,1,,0.123531,0.334442,0.013833,0.086306,0.032698,0.22155,0.056601,0.027727,0.03928,0.064032,,745700,,
1,5,,0.084783,0.265901,0.012565,0.060923,0.016802,0.289224,0.115026,0.094944,0.014146,0.045686,,745100,,
1,1,,0.13229,0.30986,0.014778,0.069442,0.028121,0.216128,0.067615,0.030385,0.046564,0.084817,,830300,,
1,1,,0.199095,0.257315,0.018258,0.052627,0.026393,0.192997,0.095858,0.041038,0.031744,0.084673,,758200,,
1,1,,0.140915,0.226074,0.017527,0.032101,0.024604,0.217061,0.110794,0.1017,0.04937,0.079854,,750500,,
1,1,,0.096263,0.302149,0.012857,0.065602,0.020275,0.282566,0.088223,0.036785,0.037445,0.057835,,745000,,
1,1,,0.093236,0.320425,0.012857,0.067154,0.017875,0.282566,0.088223,0.036785,0.034245,0.046635,,732600,,
1,1,,0.173953,0.327698,0.014478,0.039684,0.021765,0.208248,0.061807,0.060013,0.02481,0.067545,,757800,,
1,1,,0.166613,0.263514,0.018679,0.051965,0.039676,0.182521,0.08479,0.036707,0.052837,0.102697,,956200,,
1,0,,0.190409,0.187413,0.02213,0.044096,0.042733,0.181865,0.110839,0.046314,0.058485,0.115716,,756600,,
1,1,,0.109585,0.281978,0.014257,0.082696,0.041938,0.241196,0.103976,0.03935,0.020144,0.064879,,740700,,
1,1,,0.173953,0.327698,0.014478,0.039684,0.021765,0.208248,0.061807,0.060013,0.02481,0.067545,,746200,,
1,1,,0.145392,0.312319,0.01394,0.069747,0.032032,0.198863,0.05654,0.026459,0.05079,0.093918,,746400,,
1,1,,0.145392,0.312319,0.01394,0.069747,0.032032,0.198863,0.05654,0.026459,0.05079,0.093918,,751100,,
1,1,,0.126558,0.336166,0.013833,0.064754,0.035098,0.22155,0.056601,0.027727,0.04248,0.075232,,734300,,
1,1,,0.202453,0.20441,0.020886,0.042599,0.036606,0.142779,0.096692,0.039287,0.068053,0.146235,,741700,,
1,1,,0.133374,0.324818,0.016548,0.082992,0.028698,0.22989,0.06617,0.034012,0.019562,0.063936,,742200,,
1,1,,0.163905,0.248566,0.018733,0.084584,0.033421,0.181753,0.084515,0.036707,0.051928,0.095886,,750500,,
1,1,,0.136157,0.318995,0.015233,0.071849,0.029262,0.210179,0.064577,0.030293,0.045179,0.078276,,738900,,
1,0,,0.202969,0.182839,0.02279,0.043145,0.029348,0.200332,0.129841,0.052357,0.03698,0.099401,,755500,,
1,1,,0.097845,0.340145,0.012134,0.113469,0.026125,0.237063,0.0662,0.03317,0.01756,0.056288,,755600,,
1,1,,0.083536,0.359738,0.013026,0.095783,0.023459,0.25356,0.077001,0.037097,0.012425,0.044376,,1149800,,
1,1,,0.106237,0.319612,0.032465,0.087215,0.02207,0.243239,0.074907,0.037718,0.017687,0.058849,,792000,,
1,1,,0.160843,0.251745,0.019646,0.049376,0.026249,0.190888,0.094528,0.06314,0.054557,0.089029,,748800,,
1,1,,0.188595,0.203864,0.019767,0.045407,0.035411,0.154419,0.105146,0.043142,0.06554,0.138709,,741600,,
1,1,,0.112701,0.315619,0.012714,0.087562,0.033904,0.23319,0.065055,0.031582,0.039966,0.067706,,746700,,
1,1,,0.146705,0.333401,0.013906,0.082098,0.019365,0.220118,0.056305,0.028814,0.041733,0.057554,,753900,,
1,1,,0.092882,0.351138,0.011885,0.093121,0.021791,0.247112,0.076052,0.039306,0.015281,0.051431,,751500,,
1,1,,0.127766,0.314113,0.013779,0.082135,0.033853,0.222318,0.056876,0.027727,0.04339,0.078043,,740300,,
1,1,,0.161872,0.28829,0.015877,0.077083,0.023429,0.209783,0.067465,0.030769,0.04751,0.077922,,748200,,
1,1,,0.126558,0.316166,0.013833,0.084754,0.035098,0.22155,0.056601,0.027727,0.04248,0.075232,,745600,,
1,1,,0.083265,0.326975,0.012532,0.124172,0.022906,0.25277,0.080071,0.041223,0.012476,0.04361,,752900,,
1,1,,0.128701,0.313619,0.012714,0.087562,0.023904,0.23319,0.065055,0.031582,0.039966,0.063706,,735900,,
1,1,,0.135095,0.332658,0.013584,0.074407,0.025764,0.231599,0.066453,0.033863,0.020201,0.066375,,745900,,
1,1,,0.136157,0.298995,0.015233,0.091849,0.049262,0.210179,0.064577,0.030293,0.025179,0.078276,,743300,,
1,1,,0.065211,0.313753,0.011349,0.04847,0.016096,0.271658,0.111999,0.111292,0.014289,0.035883,,750900,,
1,1,,0.137674,0.291395,0.01406,0.082037,0.024322,0.222588,0.073306,0.034148,0.043575,0.076894,,1060000,,
1,1,,0.131745,0.277236,0.013973,0.059544,0.020108,0.258471,0.093637,0.064549,0.019651,0.061086,,738800,,
1,1,,0.11412,0.31045,0.013112,0.108266,0.020684,0.248897,0.078926,0.039635,0.014882,0.051028,,745200,,
1,1,,0.107612,0.319026,0.021459,0.061845,0.021961,0.217985,0.114246,0.056717,0.020251,0.058896,,743800,,
1,1,,0.091375,0.302724,0.013009,0.065043,0.038336,0.287435,0.095312,0.042828,0.014691,0.049247,,760700,,
1,1,,0.112866,0.310421,0.014079,0.106017,0.023817,0.232388,0.063383,0.029737,0.04015,0.067141,,744100,,
1,0,,0.220586,0.146121,0.02374,0.039406,0.041179,0.11927,0.112367,0.044418,0.069686,0.183227,,940600,,
1,1,,0.174106,0.308461,0.014478,0.079989,0.021765,0.221154,0.05949,0.028203,0.02481,0.067545,,839900,,
1,1,,0.117413,0.360779,0.01448,0.097357,0.023813,0.227208,0.06062,0.029644,0.016475,0.052211,,829500,,
1,1,,0.1221,0.303746,0.012785,0.103916,0.026588,0.221072,0.055346,0.025903,0.04576,0.082783,,856700,,
1,1,,0.128837,0.307544,0.017921,0.055798,0.023241,0.213084,0.070441,0.055201,0.026944,0.100988,,840300,,
1,1,,0.210727,0.258207,0.022252,0.069573,0.02729,0.167645,0.088586,0.035013,0.038561,0.082146,,836000,,
1,1,,0.127766,0.314113,0.013779,0.082135,0.033853,0.222318,0.056876,0.027727,0.04339,0.078043,,959200,,
1,1,,0.142892,0.307319,0.01394,0.059747,0.029532,0.198863,0.05654,0.026459,0.05079,0.113918,,833400,,
1,1,,0.102716,0.332822,0.012906,0.076206,0.043877,0.244796,0.072113,0.033592,0.018546,0.062426,,838200,,
1,1,,0.130913,0.286269,0.01513,0.058625,0.024414,0.248717,0.080962,0.033486,0.044988,0.076495,,835100,,
1,1,,0.12948,0.312113,0.013779,0.082135,0.023853,0.222318,0.056876,0.027727,0.049104,0.082614,,834900,,
1,1,,0.096263,0.302149,0.012857,0.065602,0.020275,0.282566,0.088223,0.036785,0.017445,0.077835,,836000,,
1,1,,0.113908,0.313567,0.01266,0.084943,0.032658,0.233958,0.065331,0.031582,0.040876,0.070517,,825700,,
1,1,,0.149908,0.311567,0.01266,0.084943,0.022658,0.233958,0.065331,0.031582,0.020876,0.066517,,836500,,
1,1,,0.081983,0.291447,0.011285,0.085804,0.018309,0.280741,0.122827,0.042547,0.01484,0.050218,,840700,,
1,1,,0.168103,0.213848,0.02136,0.061391,0.035105,0.175806,0.11969,0.048985,0.053833,0.10188,,838400,,
1,1,,0.154106,0.328461,0.014478,0.059989,0.021765,0.221154,0.05949,0.028203,0.04481,0.067545,,832200,,
1,1,,0.127766,0.314113,0.013779,0.082135,0.033853,0.222318,0.056876,0.027727,0.04339,0.078043,,919300,,
1,1,,0.133135,0.286269,0.01513,0.078625,0.024414,0.218717,0.08874,0.033486,0.044988,0.076495,,748100,,
1,1,,0.132383,0.310775,0.013133,0.061084,0.035238,0.23666,0.052858,0.02581,0.046195,0.085864,,748200,,
1,1,,0.153,0.325438,0.012486,0.060033,0.026623,0.211001,0.048839,0.023894,0.049,0.089685,,917100,,
1,1,,0.137657,0.315995,0.015233,0.061849,0.036762,0.210179,0.064577,0.030293,0.045179,0.082276,,746700,,
1,1,,0.052131,0.370491,0.009172,0.1128,0.024449,0.271033,0.081743,0.03729,0.008757,0.032135,,739700,,
1,1,,0.085653,0.361401,0.01238,0.094732,0.022344,0.247901,0.072982,0.03518,0.01523,0.052197,,743400,,
2,0,,0.243502,0.128718,0.034284,0.030894,0.036233,0.105726,0.149357,0.057433,0.064817,0.149036,,732300,,
2,0,,0.233937,0.211162,0.024042,0.04351,0.030857,0.158071,0.108632,0.045335,0.04078,0.103675,,734200,,
2,0,,0.269385,0.130242,0.052483,0.032531,0.036198,0.106257,0.147215,0.055075,0.046204,0.124411,,732100,,
2,0,,0.269392,0.125135,0.047959,0.033622,0.039463,0.11,0.136011,0.053158,0.047684,0.137576,,729100,,
2,0,,0.249392,0.125135,0.047959,0.033622,0.039463,0.11,0.136011,0.053158,0.047684,0.157576,,732800,,
2,0,,0.272968,0.125211,0.049822,0.032432,0.036485,0.113975,0.139915,0.055372,0.048878,0.124943,,790500,,
2,0,,0.264088,0.136781,0.055182,0.03264,0.035906,0.113311,0.139888,0.055224,0.043139,0.12384,,731300,,
2,0,,0.255621,0.123185,0.048224,0.032207,0.038522,0.107986,0.13528,0.053158,0.070111,0.135707,,735000,,
2,0,,0.220721,0.12568,0.047764,0.045894,0.038875,0.119281,0.145588,0.059293,0.064496,0.132408,,743200,,
2,0,,0.272968,0.125211,0.049822,0.032432,0.036485,0.113975,0.139915,0.055372,0.048878,0.124943,,739100,,
2,0,,0.216827,0.131641,0.046894,0.04905,0.062014,0.120872,0.14419,0.057013,0.044261,0.127239,,745900,,
3,1,,0.111558,0.333619,0.012714,0.067562,0.023904,0.23319,0.065055,0.031582,0.042824,0.077992,,891300,,
3,1,,0.111201,0.338619,0.012714,0.077562,0.046404,0.23319,0.065055,0.031582,0.019966,0.063706,,738400,,
3,1,,0.112701,0.335619,0.012714,0.087562,0.033904,0.23319,0.065055,0.031582,0.019966,0.067706,,756700,,
3,1,,0.0926,0.32742,0.012032,0.100245,0.021277,0.255601,0.082586,0.036363,0.017369,0.054507,,734200,,
3,1,,0.092318,0.343421,0.012134,0.13502,0.021225,0.237063,0.0662,0.03317,0.01436,0.045088,,732000,,
3,1,,0.037074,0.364559,0.009821,0.145642,0.017388,0.281918,0.0899,0.041217,0.001599,0.010882,,750300,,
3,1,,0.111201,0.338619,0.012714,0.077562,0.046404,0.23319,0.065055,0.031582,0.019966,0.063706,,737300,,
3,1,,0.04617,0.35726,0.009858,0.119686,0.017408,0.286843,0.09745,0.039167,0.005427,0.020731,,730100,,
3,1,,0.051419,0.338984,0.009858,0.098134,0.019808,0.296843,0.105228,0.039167,0.008627,0.031931,,731400,,
3,1,,0.085653,0.321401,0.01238,0.114732,0.022344,0.247901,0.072982,0.03518,0.01523,0.072197,,736300,,
3,1,,0.093723,0.346711,0.011601,0.093538,0.032141,0.243728,0.068842,0.03317,0.017168,0.059378,,733700,,
3,1,,0.085653,0.321401,0.01238,0.134732,0.022344,0.247901,0.072982,0.03518,0.01523,0.052197,,736300,,
3,1,,0.049825,0.345047,0.010608,0.142408,0.023271,0.273964,0.085083,0.037891,0.006013,0.02589,,733200,,
3,1,,0.105673,0.351895,0.012714,0.109114,0.021504,0.23319,0.065055,0.031582,0.016766,0.052506,,734300,,
3,1,,0.080508,0.348014,0.013026,0.127334,0.021059,0.25356,0.077001,0.037097,0.009225,0.033176,,733400,,
3,1,,0.042601,0.341284,0.009821,0.144091,0.022288,0.281918,0.0899,0.041217,0.004799,0.022082,,732100,,
3,1,,0.09598,0.328151,0.01296,0.110377,0.040223,0.244028,0.071837,0.033592,0.014436,0.048415,,735600,,
4,0,,0.215352,0.154796,0.025033,0.041508,0.048408,0.130587,0.120404,0.048252,0.064075,0.151585,,898300,,
4,1,,0.176729,0.2646,0.017723,0.047936,0.032842,0.161772,0.075986,0.032143,0.061305,0.128962,,740100,,
4,0,,0.234325,0.119203,0.025383,0.035164,0.04381,0.103211,0.122171,0.046254,0.074164,0.196316,,745100,,
4,0,,0.24317,0.11835,0.025086,0.031521,0.04307,0.098367,0.119802,0.046254,0.079109,0.195271,,731600,,
4,0,,0.220992,0.128443,0.028259,0.047505,0.041928,0.12007,0.142518,0.055167,0.064445,0.150674,,734700,,
4,0,,0.231912,0.121658,0.025385,0.045403,0.045535,0.108438,0.126309,0.048264,0.073012,0.174084,,834400,,
4,0,,0.241962,0.120403,0.02514,0.03414,0.044316,0.097599,0.119527,0.046254,0.078199,0.19246,,742000,,
4,0,,0.207135,0.127897,0.02714,0.050313,0.040733,0.13171,0.150972,0.059022,0.061931,0.143148,,733600,,
4,0,,0.24317,0.11835,0.025086,0.031521,0.04307,0.098367,0.119802,0.046254,0.079109,0.195271,,732800,,
4,0,,0.216827,0.131641,0.046894,0.04905,0.042014,0.120872,0.14419,0.057013,0.064261,0.127239,,761500,,
4,0,,0.21221,0.134979,0.047541,0.050101,0.060629,0.12653,0.148208,0.05893,0.041456,0.119418,,732300,,
4,0,,0.209698,0.137849,0.022518,0.038991,0.037636,0.139448,0.127207,0.051466,0.072695,0.162492,,733800,,
4,0,,0.232185,0.129187,0.028013,0.036242,0.050708,0.109232,0.135736,0.053158,0.066775,0.158765,,734500,,
4,0,,0.239695,0.123687,0.025732,0.032572,0.051685,0.104026,0.123821,0.048171,0.073446,0.177164,,744800,,
4,0,,0.220586,0.146121,0.02374,0.059406,0.041179,0.11927,0.112367,0.044418,0.069686,0.163227,,906200,,
5,5,,0.049397,0.248274,0.009057,0.081192,0.011888,0.30461,0.148314,0.112706,0.007918,0.026644,,739100,,
5,5,,0.042915,0.265108,0.007011,0.083047,0.011609,0.310322,0.13632,0.108224,0.008024,0.027421,,733200,,
5,5,,0.084631,0.265137,0.012565,0.040617,0.016802,0.276318,0.117344,0.126754,0.014146,0.045686,,740600,,
5,5,,0.042174,0.24451,0.008271,0.082874,0.010905,0.312564,0.153131,0.116032,0.006703,0.022836,,736400,,
5,5,,0.042212,0.281837,0.007486,0.075754,0.014644,0.334563,0.157125,0.051635,0.007115,0.02763,,739300,,
5,1,,0.087964,0.296775,0.032737,0.063627,0.017103,0.282419,0.092447,0.066617,0.014051,0.046259,,738100,,
5,1,,0.176473,0.18668,0.021127,0.068125,0.031886,0.167776,0.117891,0.071102,0.057463,0.101477,,740400,,
5,5,,0.031074,0.264681,0.006871,0.04578,0.009241,0.343935,0.145156,0.133467,0.004004,0.015792,,738200,,
5,5,,0.082365,0.260255,0.011273,0.059894,0.017204,0.289303,0.120569,0.093694,0.015744,0.049699,,738200,,
5,5,,0.04198,0.277158,0.008424,0.087123,0.01201,0.321786,0.160133,0.062225,0.005807,0.023355,,754000,,
5,5,,0.052808,0.254224,0.009329,0.062607,0.01312,0.329626,0.171179,0.068917,0.008557,0.029633,,777100,,
5,1,,0.125668,0.324745,0.013756,0.043501,0.017351,0.248501,0.081814,0.080111,0.017212,0.047341,,778700,,
5,1,,0.170199,0.225929,0.018107,0.049359,0.026282,0.220098,0.103749,0.047815,0.049971,0.088492,,739300,,
5,5,,0.084783,0.265901,0.012565,0.060923,0.016802,0.289224,0.115026,0.094944,0.014146,0.045686,,740100,,
5,5,,0.039373,0.270056,0.006991,0.067755,0.012412,0.344082,0.160932,0.063635,0.007397,0.027368,,753700,,
5,5,,0.115942,0.221422,0.016337,0.055074,0.022194,0.265814,0.157829,0.057569,0.021534,0.066285,,760200,,
5,5,,0.069922,0.194082,0.011771,0.075609,0.015064,0.284138,0.173069,0.122446,0.013452,0.040446,,898000,,
5,5,,0.042174,0.24451,0.008271,0.082874,0.010905,0.312564,0.153131,0.116032,0.006703,0.022836,,753500,,
5,1,,0.133266,0.284888,0.013811,0.08169,0.022488,0.232637,0.100936,0.040283,0.021296,0.068704,,759900,,
5,5,,0.084783,0.265901,0.012565,0.060923,0.016802,0.289224,0.115026,0.094944,0.014146,0.045686,,743600,,
5,1,,0.132445,0.232125,0.017909,0.074872,0.044159,0.217639,0.131003,0.051807,0.024139,0.073902,,755700,,
5,6,,0.137342,0.109687,0.018482,0.041216,0.026152,0.214375,0.230766,0.104959,0.030258,0.086763,,741000,,
5,5,,0.112921,0.15003,0.015682,0.047027,0.022825,0.267116,0.207037,0.079828,0.024859,0.072675,,743900,,
5,5,,0.043943,0.28751,0.007535,0.076358,0.015747,0.336793,0.143236,0.048442,0.008216,0.032222,,740300,,
5,1,,0.091375,0.302724,0.033009,0.065043,0.018336,0.287435,0.095312,0.042828,0.014691,0.049247,,740800,,
5,5,,0.081748,0.290042,0.011648,0.063702,0.015094,0.293674,0.104284,0.089662,0.011542,0.038604,,738100,,
5,5,,0.127092,0.107076,0.018857,0.040851,0.023534,0.245017,0.224142,0.110665,0.026813,0.075953,,742800,,
5,5,,0.073684,0.286072,0.011165,0.063828,0.015138,0.310594,0.117051,0.072379,0.011447,0.038642,,746400,,
5,5,,0.073684,0.286072,0.011165,0.063828,0.015138,0.300594,0.110384,0.089045,0.011447,0.038642,,758600,,
5,5,,0.085173,0.200458,0.012182,0.074292,0.018665,0.275542,0.187099,0.073414,0.018111,0.055064,,760600,,
5,5,,0.04198,0.277158,0.008424,0.087123,0.01201,0.321786,0.160133,0.062225,0.005807,0.023355,,751700,,
5,5,,0.15053,0.167656,0.01919,0.046758,0.027739,0.22173,0.181527,0.062066,0.031088,0.091716,,1026400,,
5,1,,0.110673,0.258327,0.023924,0.038416,0.023304,0.212563,0.148854,0.092593,0.023506,0.067842,,743700,,
5,5,,0.187241,0.17638,0.020973,0.045015,0.028427,0.201619,0.133514,0.077376,0.033148,0.096307,,744400,,
5,5,,0.116223,0.222466,0.015705,0.078322,0.023893,0.236842,0.160885,0.051526,0.022986,0.071151,,738700,,
5,1,,0.081983,0.291447,0.011285,0.085804,0.038309,0.280741,0.102827,0.042547,0.01484,0.050218,,738800,,
5,5,,0.031074,0.264681,0.006871,0.08578,0.009241,0.323935,0.145156,0.113467,0.004004,0.015792,,773200,,
5,1,,0.074067,0.310297,0.011437,0.086796,0.013971,0.28561,0.129916,0.04859,0.008886,0.030431,,754300,,
5,5,,0.151276,0.222074,0.016991,0.032101,0.024312,0.224059,0.11866,0.105489,0.026305,0.078734,,737500,,
5,1,,0.135777,0.262334,0.017429,0.058186,0.024281,0.226919,0.106855,0.068762,0.02706,0.072398,,743000,,
5,5,,0.054014,0.244936,0.008411,0.060141,0.013273,0.318952,0.144295,0.110789,0.010723,0.034465,,737600,,
5,5,,0.077145,0.197846,0.012557,0.053927,0.016047,0.296184,0.171586,0.115787,0.014666,0.044255,,738700,,
5,5,,0.031074,0.264681,0.006871,0.06578,0.009241,0.343935,0.145156,0.113467,0.004004,0.015792,,734800,,
5,1,,0.12323,0.291395,0.01406,0.082037,0.024322,0.222588,0.091084,0.034148,0.043575,0.073561,,739100,,
5,5,,0.031074,0.264681,0.006871,0.08578,0.009241,0.323935,0.145156,0.113467,0.004004,0.015792,,733300,,
5,5,,0.078301,0.282734,0.010518,0.062778,0.016523,0.294936,0.103032,0.090462,0.014252,0.046463,,884300,,
5,5,,0.042174,0.24451,0.008271,0.062874,0.010905,0.332564,0.156464,0.112699,0.006703,0.022836,,740900,,
5,5,,0.081983,0.291447,0.011285,0.065804,0.018309,0.300741,0.122827,0.042547,0.01484,0.050218,,741100,,
5,1,,0.157333,0.23155,0.017757,0.075432,0.026098,0.21277,0.123915,0.045764,0.026893,0.082489,,738800,,
5,5,,0.058983,0.259896,0.009378,0.083211,0.014223,0.291856,0.172846,0.065724,0.009658,0.034225,,739700,,
5,1,,0.093597,0.302724,0.013009,0.085043,0.038336,0.257435,0.10309,0.042828,0.014691,0.049247,,740300,,
5,5,,0.031074,0.264681,0.006871,0.04578,0.009241,0.343935,0.145156,0.133467,0.004004,0.015792,,740600,,
5,5,,0.077145,0.197846,0.012557,0.073927,0.016047,0.276184,0.168252,0.11912,0.014666,0.044255,,807300,,
5,5,,0.082365,0.260255,0.011273,0.079894,0.017204,0.269303,0.117236,0.097027,0.015744,0.049699,,778000,,
5,5,,0.14369,0.170994,0.019836,0.047809,0.026353,0.237388,0.157768,0.083983,0.028283,0.083895,,776200,,
5,1,,0.169132,0.230808,0.018009,0.05228,0.024559,0.223047,0.10571,0.067174,0.029465,0.079816,,745900,,
5,5,,0.039887,0.290644,0.007906,0.089074,0.012703,0.310204,0.150712,0.064417,0.00775,0.026701,,737500,,
5,5,,0.042212,0.281837,0.007486,0.075754,0.014644,0.334563,0.157125,0.051635,0.007115,0.02763,,806600,,
5,5,,0.046326,0.271057,0.007282,0.084462,0.012842,0.315338,0.159185,0.064435,0.008663,0.03041,,745800,,
5,5,,0.089401,0.262563,0.011918,0.059872,0.018187,0.283566,0.114341,0.089694,0.016952,0.053507,,735900,,
5,5,,0.144232,0.170717,0.019614,0.046998,0.026223,0.224602,0.148792,0.104579,0.028744,0.085499,,737700,,
5,5,,0.120559,0.218084,0.01569,0.074023,0.023579,0.233489,0.160478,0.055652,0.024339,0.074106,,909400,,
5,5,,0.081983,0.291447,0.011285,0.065804,0.018309,0.300741,0.122827,0.042547,0.01484,0.050218,,740400,,
5,5,,0.117149,0.212135,0.015418,0.032607,0.022346,0.25514,0.134279,0.116108,0.0237,0.071118,,754600,,
5,5,,0.112531,0.215472,0.016065,0.053658,0.020961,0.260798,0.134965,0.101358,0.020895,0.063296,,735200,,
5,5,,0.042174,0.24451,0.008271,0.042874,0.010905,0.332564,0.153131,0.136032,0.006703,0.022836,,738900,,
5,5,,0.032345,0.30345,0.008133,0.078356,0.010859,0.350221,0.153365,0.053551,0.00111,0.008609,,738400,,
6,0,,0.221655,0.113767,0.0274,0.034988,0.032669,0.143181,0.168815,0.10933,0.038441,0.109754,,736200,,
6,6,,0.136701,0.077703,0.021051,0.037267,0.024851,0.211617,0.24429,0.138897,0.028298,0.079325,,735800,,
6,5,,0.119868,0.103312,0.018071,0.042533,0.022551,0.232972,0.228959,0.133991,0.025599,0.072145,,749300,,
6,6,,0.136701,0.077703,0.021051,0.037267,0.024851,0.211617,0.24429,0.138897,0.028298,0.079325,,736900,,
6,0,,0.181223,0.131304,0.023291,0.019025,0.031799,0.152892,0.154549,0.137034,0.058452,0.110433,,738700,,
6,0,,0.221655,0.113767,0.0274,0.034988,0.032669,0.143181,0.168815,0.10933,0.038441,0.109754,,735700,,
6,6,,0.179311,0.099093,0.045345,0.015316,0.030748,0.168276,0.186185,0.137809,0.035742,0.102175,,1021800,,
6,6,,0.15284,0.098623,0.022452,0.045559,0.031237,0.20429,0.223664,0.073739,0.052624,0.094971,,755700,,
6,6,,0.15284,0.098623,0.022452,0.045559,0.031237,0.20429,0.223664,0.073739,0.052624,0.094971,,876600,,
6,6,,0.183775,0.094992,0.024698,0.01396,0.032133,0.149712,0.204484,0.147702,0.038547,0.109996,,792100,,
6,6,,0.148389,0.077366,0.02119,0.014425,0.027219,0.191255,0.223229,0.173654,0.032318,0.090954,,745300,,
6,5,,0.132737,0.12614,0.018735,0.053111,0.029057,0.22583,0.207039,0.068966,0.049811,0.088575,,759100,,
6,6,,0.130118,0.105923,0.017696,0.042898,0.025169,0.222329,0.235583,0.088285,0.029043,0.102955,,746100,,
6,6,,0.136701,0.077703,0.021051,0.037267,0.024851,0.211617,0.24429,0.138897,0.028298,0.079325,,744900,,
6,0,,0.204786,0.138017,0.023562,0.040745,0.033032,0.164147,0.181763,0.061435,0.039091,0.113421,,738400,,
6,6,,0.143222,0.098196,0.022313,0.048292,0.028869,0.207903,0.240278,0.078982,0.028604,0.103342,,759300,,
6,6,,0.15284,0.098623,0.022452,0.045559,0.031237,0.20429,0.223664,0.073739,0.052624,0.094971,,750600,,
6,6,,0.148542,0.078129,0.02119,0.034534,0.027219,0.198004,0.235455,0.133654,0.032318,0.090954,,779000,,
6,6,,0.154175,0.084079,0.021462,0.035949,0.028452,0.19302,0.266097,0.089865,0.032957,0.093943,,737200,,
6,6,,0.136701,0.077703,0.021051,0.017267,0.024851,0.211617,0.22429,0.178897,0.028298,0.079325,,744800,,
6,6,,0.133348,0.077117,0.021051,0.016962,0.022451,0.198711,0.256696,0.180441,0.025098,0.068125,,747000,,
6,0,,0.193591,0.109796,0.046917,0.015114,0.032714,0.150101,0.171581,0.132047,0.038346,0.109791,,746600,,
6,0,,0.201619,0.112408,0.026542,0.035479,0.035332,0.142792,0.197094,0.066341,0.06179,0.120601,,736500,,
6,6,,0.136701,0.077703,0.021051,0.017267,0.024851,0.211617,0.24429,0.158897,0.028298,0.079325,,906300,,
6,5,,0.168308,0.167656,0.01919,0.066758,0.027739,0.205063,0.160416,0.062066,0.031088,0.091716,,737000,,
6,6,,0.179311,0.099093,0.025345,0.015316,0.030748,0.168276,0.206185,0.137809,0.035742,0.102175,,753500,,
6,6,,0.199224,0.115746,0.047189,0.03653,0.033947,0.145117,0.202224,0.068258,0.038985,0.11278,,797400,,
6,6,,0.140588,0.090343,0.021982,0.042959,0.027381,0.217582,0.240223,0.086982,0.028792,0.103167,,743000,,
6,6,,0.133348,0.077117,0.021051,0.016962,0.022451,0.198711,0.26003,0.177108,0.025098,0.068125,,746800,,
6,6,,0.136701,0.077703,0.021051,0.017267,0.024851,0.211617,0.24429,0.158897,0.028298,0.079325,,745700,,
6,6,,0.136701,0.077703,0.021051,0.037267,0.024851,0.211617,0.24429,0.138897,0.028298,0.079325,,746500,,
6,6,,0.179311,0.099093,0.025345,0.015316,0.030748,0.168276,0.186185,0.157809,0.035742,0.102175,,737300,,
6,6,,0.116668,0.103489,0.018071,0.042533,0.020151,0.232972,0.239047,0.143726,0.022399,0.060945,,755300,,
6,6,,0.192497,0.098522,0.026883,0.015011,0.02931,0.155371,0.212413,0.146285,0.032542,0.091167,,752200,,
6,0,,0.198055,0.105695,0.026271,0.013758,0.034099,0.131537,0.169881,0.14194,0.061151,0.117612,,754300,,
6,6,,0.179311,0.099093,0.025345,0.035316,0.030748,0.168276,0.206185,0.117809,0.035742,0.102175,,743800,,
6,6,,0.143772,0.080704,0.021837,0.015279,0.025834,0.190757,0.241791,0.167381,0.029513,0.083133,,743800,,
6,0,,0.218055,0.105695,0.026271,0.013758,0.034099,0.131537,0.169881,0.14194,0.041151,0.117612,,751800,,
6,0,,0.207974,0.125401,0.049884,0.014591,0.034263,0.129826,0.153998,0.103959,0.061151,0.118952,,750900,,
6,6,,0.199158,0.09833,0.025345,0.015207,0.030748,0.161527,0.213959,0.117809,0.035742,0.102175,,740700,,
6,6,,0.172999,0.130077,0.022484,0.042557,0.031619,0.179778,0.214408,0.063071,0.036436,0.106571,,970100,,
6,6,,0.169075,0.096963,0.0247,0.015338,0.027365,0.174013,0.202502,0.171544,0.031333,0.087166,,751400,,
6,6,,0.189561,0.101705,0.02497,0.035681,0.033366,0.157634,0.212809,0.092103,0.039186,0.112984,,744700,,
6,0,,0.198055,0.105695,0.026271,0.013758,0.034099,0.131537,0.169881,0.14194,0.061151,0.117612,,751700,,
6,5,,0.162478,0.124702,0.022365,0.040582,0.028448,0.189631,0.170854,0.132903,0.033042,0.094995,,740700,,
6,0,,0.213438,0.109033,0.026917,0.014809,0.032714,0.137196,0.193899,0.123857,0.038346,0.109791,,756200,,
6,0,,0.193591,0.109796,0.046917,0.015114,0.032714,0.150101,0.171581,0.132047,0.038346,0.109791,,751800,,
6,6,,0.136701,0.077703,0.021051,0.017267,0.024851,0.211617,0.24429,0.158897,0.028298,0.079325,,808600,,
6,0,,0.260313,0.11835,0.025086,0.031521,0.04307,0.098367,0.119802,0.046254,0.076251,0.180985,,743100,,
6,5,,0.076993,0.197083,0.012557,0.033622,0.016047,0.283278,0.17057,0.15093,0.014666,0.044255,,745500,,
6,6,,0.191247,0.102927,0.02651,0.036754,0.02956,0.169029,0.243633,0.07802,0.031973,0.090347,,745800,,
7,6,,0.136701,0.077703,0.021051,0.017267,0.024851,0.211617,0.247623,0.155564,0.028298,0.079325,,739600,,
7,5,,0.076993,0.197083,0.012557,0.033622,0.016047,0.283278,0.17057,0.15093,0.014666,0.044255,,739800,,
7,0,,0.213438,0.109033,0.026917,0.014809,0.032714,0.137196,0.173899,0.143857,0.038346,0.109791,,752200,,
7,6,,0.137486,0.101054,0.022461,0.020197,0.025695,0.198529,0.234334,0.15222,0.0286,0.079424,,912500,,
7,6,,0.136548,0.07694,0.021051,0.016962,0.024851,0.198711,0.249941,0.167373,0.028298,0.079325,,847400,,
7,1,,0.079365,0.296448,0.014382,0.044369,0.017896,0.229286,0.135167,0.121533,0.016239,0.045316,,755900,,
7,6,,0.136548,0.07694,0.021051,0.016962,0.024851,0.198711,0.226608,0.190707,0.028298,0.079325,,740600,,
7,5,,0.119715,0.102548,0.018071,0.022228,0.022551,0.220066,0.211276,0.185801,0.025599,0.072145,,750600,,
7,0,,0.213438,0.109033,0.026917,0.014809,0.032714,0.137196,0.173899,0.143857,0.038346,0.109791,,752900,,
7,6,,0.137333,0.100291,0.022461,0.019892,0.025695,0.185623,0.213318,0.187363,0.0286,0.079424,,742600,,
7,6,,0.141165,0.073602,0.020404,0.015911,0.026237,0.193053,0.222589,0.18879,0.031103,0.087146,,733500,,
7,6,,0.136548,0.07694,0.021051,0.016962,0.024851,0.198711,0.226608,0.190707,0.028298,0.079325,,775100,,
7,6,,0.179158,0.09833,0.025345,0.015011,0.030748,0.155371,0.188503,0.169619,0.035742,0.102175,,748200,,
7,6,,0.133054,0.102741,0.019609,0.022228,0.021113,0.220066,0.231853,0.165801,0.022399,0.061137,,749800,,
7,6,,0.136548,0.07694,0.021051,0.016962,0.024851,0.198711,0.226608,0.190707,0.028298,0.079325,,736500,,
7,0,,0.193438,0.109033,0.046917,0.014809,0.032714,0.137196,0.173899,0.143857,0.038346,0.109791,,742900,,
7,6,,0.179158,0.09833,0.025345,0.015011,0.030748,0.155371,0.188503,0.169619,0.035742,0.102175,,779200,,
7,6,,0.172123,0.096022,0.0247,0.015033,0.029765,0.161108,0.194731,0.173619,0.034533,0.098366,,964100,,
7,6,,0.148389,0.077366,0.02119,0.014229,0.027219,0.185098,0.217772,0.185464,0.032318,0.090954,,837000,,
7,6,,0.160731,0.127915,0.043826,0.024725,0.029015,0.16465,0.182891,0.122957,0.054765,0.088526,,831300,,
7,0,,0.213438,0.109033,0.026917,0.014809,0.032714,0.137196,0.173899,0.143857,0.038346,0.109791,,826000,,
7,6,,0.136548,0.07694,0.021051,0.016962,0.024851,0.198711,0.249941,0.167373,0.028298,0.079325,,779800,,
8,0,,0.253167,0.123701,0.025872,0.03142,0.044053,0.08928,0.1125,0.043373,0.083268,0.193365,,744700,,
8,0,,0.238389,0.107817,0.026053,0.028823,0.039644,0.099985,0.137314,0.072687,0.077971,0.171317,,743500,,
8,0,,0.228712,0.121658,0.025385,0.045403,0.043135,0.108438,0.126309,0.048264,0.082753,0.169943,,731900,,
8,0,,0.228712,0.121658,0.025385,0.045403,0.043135,0.108438,0.126309,0.048264,0.082753,0.169943,,738400,,
8,0,,0.266693,0.122716,0.028528,0.028874,0.04006,0.072024,0.11014,0.04367,0.131294,0.156001,,740000,,
8,0,,0.24317,0.11835,0.025086,0.031521,0.04307,0.098367,0.119802,0.046254,0.079109,0.195271,,735400,,
