cardiotocography-10clases,CWE,test,0,NANOSECONDS,PREDICTIONS, Generated by ClassifierExperiments.java on 2022-05-16 22:35:34.    SYSTEMPROPERTIES:{user.name:matth,os.arch:amd64,os.name:Windows 10},ENDSYSTEMPROPERTIES
No parameter info
0.4511627906976744,204761000,337265800,-1,0,10,,-1,-1
0,0,,0.2863,0.148135,0.033036,0.012788,0.047479,0.025903,0.125523,0.046079,0.101562,0.173195,,851300,,
0,0,,0.307984,0.135907,0.03438,0.012557,0.065454,0.032621,0.134111,0.052915,0.07354,0.150529,,745300,,
0,0,,0.289868,0.126596,0.032909,0.009957,0.067496,0.025407,0.129971,0.050225,0.103345,0.164227,,741000,,
0,0,,0.292689,0.124928,0.030866,0.011737,0.049527,0.019936,0.113713,0.041072,0.107302,0.208232,,739200,,
0,0,,0.251149,0.205688,0.029302,0.048803,0.041547,0.077365,0.105513,0.039596,0.045109,0.155928,,747900,,
0,1,,0.202321,0.338965,0.020918,0.040628,0.031708,0.13329,0.050248,0.020676,0.055912,0.105335,,750400,,
0,0,,0.296427,0.127171,0.030866,0.011737,0.050274,0.019936,0.114087,0.041072,0.128985,0.179447,,739600,,
0,0,,0.292689,0.124928,0.030866,0.011737,0.049527,0.019936,0.113713,0.041072,0.127302,0.188232,,735900,,
0,0,,0.250533,0.231368,0.031259,0.026744,0.037905,0.085272,0.110362,0.066727,0.041206,0.118624,,936000,,
0,0,,0.271804,0.214786,0.028605,0.022993,0.043192,0.064235,0.098524,0.036906,0.071912,0.147043,,847100,,
0,0,,0.314946,0.153225,0.034523,0.01384,0.045964,0.031561,0.129964,0.067996,0.055414,0.152568,,757000,,
0,0,,0.2863,0.128135,0.033036,0.012788,0.047479,0.025903,0.125523,0.046079,0.101562,0.193195,,742700,,
0,1,,0.188122,0.314919,0.020069,0.037743,0.032118,0.120228,0.045314,0.018079,0.081679,0.14173,,741300,,
0,0,,0.257606,0.19074,0.027756,0.020108,0.043601,0.051174,0.093591,0.034309,0.117679,0.163437,,742900,,
0,0,,0.251747,0.206592,0.028605,0.022041,0.041855,0.063664,0.098143,0.036906,0.094895,0.155552,,747200,,
0,0,,0.292689,0.124928,0.030866,0.011737,0.069527,0.019936,0.113713,0.041072,0.107302,0.188232,,745800,,
0,1,,0.148623,0.405748,0.018385,0.048075,0.024258,0.167149,0.03358,0.01583,0.049445,0.088907,,737900,,
0,1,,0.181313,0.316249,0.021588,0.040728,0.029791,0.138376,0.054069,0.022593,0.097794,0.0975,,752300,,
0,1,,0.181666,0.329866,0.021616,0.046437,0.030064,0.14642,0.077236,0.023366,0.029109,0.11422,,749500,,
0,1,,0.188122,0.314919,0.020069,0.037743,0.032118,0.120228,0.045314,0.018079,0.081679,0.14173,,744900,,
0,1,,0.17084,0.348665,0.021573,0.043228,0.050601,0.140504,0.05415,0.023366,0.051154,0.095918,,810600,,
0,0,,0.292689,0.124928,0.030866,0.011737,0.049527,0.019936,0.113713,0.041072,0.107302,0.208232,,744400,,
0,1,,0.161795,0.34613,0.022272,0.03799,0.046187,0.148783,0.064271,0.036536,0.048481,0.087555,,746600,,
0,0,,0.307067,0.131462,0.030287,0.013027,0.050921,0.020715,0.113302,0.041072,0.065575,0.226572,,744300,,
0,0,,0.294946,0.133225,0.034523,0.01384,0.045964,0.031561,0.129964,0.067996,0.095414,0.152568,,757000,,
0,0,,0.332689,0.124928,0.030866,0.011737,0.049527,0.019936,0.113713,0.041072,0.087302,0.188232,,744700,,
0,0,,0.292689,0.124928,0.030866,0.011737,0.049527,0.019936,0.113713,0.041072,0.107302,0.208232,,743500,,
0,0,,0.296257,0.123389,0.030738,0.008906,0.069544,0.019439,0.118161,0.045218,0.109085,0.179264,,742100,,
0,1,,0.188122,0.314919,0.020069,0.037743,0.032118,0.120228,0.045314,0.018079,0.081679,0.14173,,742100,,
0,0,,0.308487,0.128408,0.03043,0.004726,0.068684,0.024886,0.123285,0.050148,0.085939,0.175006,,779000,,
0,0,,0.293978,0.165953,0.034304,0.022385,0.068927,0.033125,0.128941,0.047996,0.053687,0.150705,,743100,,
0,1,,0.173381,0.397009,0.016226,0.04656,0.026376,0.174755,0.021176,0.009963,0.033679,0.100876,,852500,,
0,0,,0.292689,0.124928,0.030866,0.011737,0.049527,0.019936,0.113713,0.041072,0.127302,0.188232,,738400,,
0,0,,0.296257,0.123389,0.030738,0.008906,0.069544,0.019439,0.118161,0.045218,0.109085,0.179264,,744000,,
0,0,,0.292689,0.124928,0.030866,0.011737,0.049527,0.019936,0.113713,0.041072,0.107302,0.208232,,744100,,
0,0,,0.256973,0.153387,0.031912,0.020759,0.043841,0.071489,0.149504,0.054783,0.068986,0.148366,,742800,,
0,1,,0.18513,0.372498,0.017569,0.043441,0.030641,0.138271,0.032834,0.014021,0.035952,0.129643,,747200,,
0,0,,0.257606,0.19074,0.027756,0.020108,0.043601,0.051174,0.093591,0.034309,0.077679,0.203437,,756000,,
0,0,,0.332689,0.124928,0.030866,0.011737,0.049527,0.019936,0.113713,0.041072,0.087302,0.188232,,739500,,
0,0,,0.251804,0.214786,0.028605,0.022993,0.043192,0.064235,0.098524,0.036906,0.091912,0.147043,,746500,,
0,0,,0.294946,0.133225,0.034523,0.01384,0.065964,0.031561,0.129964,0.047996,0.095414,0.152568,,739500,,
0,0,,0.261344,0.192983,0.027756,0.020108,0.064349,0.051174,0.093964,0.034309,0.099361,0.154652,,822600,,
0,0,,0.312689,0.124928,0.030866,0.011737,0.049527,0.019936,0.113713,0.041072,0.087302,0.208232,,739700,,
0,1,,0.19091,0.33586,0.022404,0.040728,0.048856,0.138376,0.054307,0.022593,0.052747,0.093218,,745100,,
0,0,,0.288075,0.150128,0.03077,0.014411,0.048986,0.042246,0.1212,0.041845,0.080835,0.181504,,742400,,
0,0,,0.277606,0.19074,0.027756,0.020108,0.043601,0.051174,0.093591,0.034309,0.077679,0.183437,,753100,,
0,0,,0.231149,0.205688,0.029302,0.048803,0.041547,0.077365,0.105513,0.039596,0.065109,0.155928,,751600,,
0,0,,0.257606,0.19074,0.027756,0.020108,0.043601,0.051174,0.093591,0.034309,0.097679,0.183437,,752700,,
0,0,,0.29223,0.137843,0.035046,0.015943,0.043495,0.042878,0.137008,0.07183,0.053211,0.170516,,790700,,
0,0,,0.28161,0.151371,0.033706,0.01384,0.046151,0.031561,0.129351,0.047996,0.098778,0.165635,,748500,,
0,0,,0.275701,0.147231,0.033734,0.01955,0.047171,0.039605,0.152892,0.048769,0.071776,0.163571,,750400,,
0,0,,0.303006,0.133461,0.034087,0.01183,0.064374,0.036512,0.139162,0.057072,0.072369,0.148128,,753000,,
0,0,,0.312745,0.153122,0.030866,0.012689,0.050864,0.020507,0.114094,0.041072,0.084319,0.179722,,817500,,
0,0,,0.247058,0.209828,0.029274,0.023093,0.040527,0.069322,0.101972,0.038823,0.092112,0.147992,,744400,,
0,0,,0.292689,0.144928,0.030866,0.011737,0.049527,0.019936,0.113713,0.041072,0.107302,0.188232,,747100,,
0,0,,0.241697,0.2066,0.027784,0.045818,0.044622,0.059217,0.097131,0.035082,0.070676,0.171372,,750100,,
0,0,,0.296257,0.123389,0.030738,0.008906,0.049544,0.019439,0.118161,0.045218,0.109085,0.199264,,761900,,
0,0,,0.314946,0.133225,0.034523,0.01384,0.065964,0.031561,0.129964,0.047996,0.075414,0.152568,,747400,,
0,0,,0.269487,0.163994,0.034057,0.014661,0.065105,0.040085,0.135135,0.056222,0.072268,0.148986,,743400,,
0,0,,0.270521,0.140259,0.03372,0.01005,0.064622,0.03631,0.156099,0.060022,0.073932,0.154465,,749100,,
0,0,,0.294946,0.153225,0.034523,0.01384,0.065964,0.031561,0.129964,0.047996,0.075414,0.152568,,743200,,
0,0,,0.2863,0.128135,0.033036,0.012788,0.047479,0.025903,0.125523,0.046079,0.121562,0.173195,,738500,,
0,0,,0.260517,0.170056,0.034737,0.017716,0.043973,0.048896,0.142513,0.096759,0.047082,0.13775,,742100,,
0,0,,0.296257,0.123389,0.030738,0.008906,0.049544,0.019439,0.118161,0.045218,0.129085,0.179264,,813700,,
0,1,,0.163942,0.347294,0.019666,0.045136,0.04692,0.15564,0.042,0.018535,0.073794,0.087073,,742000,,
0,0,,0.273675,0.214543,0.029471,0.023289,0.042889,0.069322,0.101972,0.038823,0.068943,0.137074,,739900,,
0,0,,0.3063,0.128135,0.033036,0.012788,0.047479,0.025903,0.125523,0.046079,0.081562,0.193195,,742100,,
0,0,,0.231125,0.202504,0.027604,0.033048,0.042636,0.094983,0.138178,0.04561,0.041784,0.142528,,745100,,
0,0,,0.30161,0.151371,0.033706,0.01384,0.046151,0.031561,0.129351,0.047996,0.058778,0.185635,,781700,,
0,1,,0.202501,0.341453,0.019491,0.039033,0.033512,0.121007,0.044903,0.018079,0.039952,0.14007,,739700,,
0,0,,0.292689,0.124928,0.030866,0.011737,0.069527,0.019936,0.113713,0.041072,0.107302,0.188232,,770500,,
0,0,,0.288075,0.150128,0.03077,0.014411,0.048986,0.042246,0.1212,0.041845,0.080835,0.181504,,740800,,
0,0,,0.271747,0.206592,0.028605,0.022041,0.041855,0.063664,0.098143,0.036906,0.074895,0.155552,,752800,,
0,0,,0.30161,0.131371,0.033706,0.01384,0.046151,0.031561,0.129351,0.047996,0.078778,0.185635,,744700,,
0,0,,0.292689,0.124928,0.030866,0.011737,0.049527,0.019936,0.113713,0.041072,0.107302,0.208232,,971600,,
0,0,,0.247058,0.209828,0.029274,0.023093,0.060527,0.069322,0.101972,0.038823,0.072112,0.147992,,849600,,
0,0,,0.296257,0.123389,0.030738,0.008906,0.049544,0.019439,0.118161,0.045218,0.109085,0.199264,,859500,,
1,1,,0.03351,0.390765,0.012548,0.110161,0.010776,0.284535,0.10683,0.040598,0.001866,0.008411,,851600,,
1,1,,0.131478,0.448445,0.016526,0.065984,0.025076,0.180009,0.025504,0.013125,0.022068,0.071787,,855800,,
1,1,,0.193369,0.343123,0.020355,0.042305,0.045255,0.155143,0.046312,0.022681,0.048848,0.082608,,850000,,
1,1,,0.177574,0.334006,0.021588,0.040728,0.049043,0.138376,0.053695,0.022593,0.056112,0.106285,,846800,,
1,1,,0.101132,0.438256,0.015222,0.079453,0.02109,0.202246,0.043579,0.024069,0.016407,0.058547,,836100,,
1,1,,0.137099,0.441911,0.017104,0.064694,0.023681,0.179229,0.025915,0.013125,0.023795,0.073446,,857300,,
1,1,,0.134375,0.417913,0.016781,0.063649,0.025029,0.192443,0.048086,0.021844,0.019871,0.060008,,903100,,
1,1,,0.114365,0.427036,0.015468,0.068144,0.02274,0.206091,0.046013,0.020491,0.019695,0.059958,,848000,,
1,1,,0.153263,0.42252,0.016895,0.050801,0.028353,0.157044,0.02874,0.012089,0.02801,0.102287,,855800,,
1,1,,0.126774,0.421643,0.016671,0.070071,0.024573,0.193769,0.048838,0.022617,0.018421,0.056623,,848500,,
1,1,,0.150728,0.36278,0.01645,0.046397,0.027478,0.155109,0.04591,0.020035,0.074353,0.10076,,849800,,
1,1,,0.0828,0.432764,0.013589,0.089745,0.0203,0.231631,0.051185,0.019912,0.013423,0.044652,,837300,,
1,1,,0.123262,0.438511,0.017972,0.05909,0.022867,0.204889,0.030658,0.018054,0.020268,0.064427,,948800,,
1,1,,0.208122,0.334919,0.020069,0.037743,0.032118,0.120228,0.045314,0.018079,0.061679,0.12173,,847200,,
1,1,,0.088611,0.412108,0.013001,0.095297,0.020364,0.233397,0.054315,0.02208,0.014799,0.046028,,844800,,
1,1,,0.131478,0.448445,0.016526,0.065984,0.025076,0.180009,0.025504,0.013125,0.022068,0.071787,,843400,,
1,1,,0.134388,0.43022,0.017166,0.063898,0.024509,0.188473,0.033348,0.014477,0.02302,0.070501,,962400,,
1,1,,0.15524,0.390463,0.018581,0.048272,0.026621,0.187149,0.03358,0.01583,0.046277,0.077989,,854900,,
1,1,,0.170208,0.404516,0.017793,0.048184,0.021427,0.198162,0.03022,0.017271,0.023515,0.068706,,875900,,
1,1,,0.116144,0.442025,0.014158,0.069178,0.024635,0.191968,0.034341,0.017222,0.021526,0.068804,,841800,,
1,1,,0.110284,0.437919,0.015391,0.077761,0.022133,0.198404,0.038654,0.019912,0.018495,0.061047,,853200,,
1,1,,0.131421,0.44025,0.016526,0.065032,0.023739,0.179437,0.025123,0.013125,0.025051,0.080296,,854900,,
1,1,,0.122002,0.446173,0.013309,0.067245,0.026381,0.179478,0.029788,0.014625,0.024309,0.076689,,857000,,
1,1,,0.147579,0.414387,0.017075,0.076112,0.025966,0.167817,0.026109,0.01256,0.027912,0.084481,,859400,,
1,1,,0.080973,0.439581,0.014102,0.059421,0.018189,0.216327,0.076219,0.033892,0.013574,0.047722,,852000,,
1,1,,0.170752,0.345964,0.018148,0.042152,0.029247,0.137492,0.033245,0.014021,0.077679,0.131303,,843600,,
1,1,,0.141789,0.438675,0.016434,0.063643,0.025009,0.173571,0.022086,0.011208,0.026578,0.081006,,929300,,
1,1,,0.190752,0.365964,0.018148,0.042152,0.029247,0.137492,0.033245,0.014021,0.037679,0.131303,,843100,,
1,0,,0.294946,0.133225,0.034523,0.01384,0.045964,0.031561,0.129964,0.067996,0.095414,0.152568,,844400,,
1,1,,0.19432,0.344424,0.01802,0.03932,0.029264,0.136995,0.037693,0.018167,0.079462,0.102335,,854700,,
1,6,,0.209052,0.108661,0.02945,0.015971,0.035402,0.102772,0.243122,0.110002,0.038828,0.106741,,930400,,
1,1,,0.159171,0.40666,0.016867,0.045091,0.027333,0.149001,0.025199,0.011316,0.055012,0.104351,,857900,,
1,1,,0.147523,0.426193,0.017075,0.05516,0.024629,0.167245,0.025729,0.01256,0.030895,0.092991,,876200,,
1,1,,0.113049,0.449545,0.018348,0.055792,0.019148,0.220856,0.040678,0.017732,0.014744,0.050109,,838700,,
1,1,,0.118861,0.467429,0.019605,0.061921,0.021291,0.192315,0.033265,0.017732,0.015873,0.051708,,853900,,
1,1,,0.109974,0.433101,0.01464,0.077499,0.022887,0.198709,0.038037,0.017995,0.02015,0.067007,,847000,,
1,1,,0.118861,0.467429,0.019605,0.061921,0.021291,0.192315,0.033265,0.017732,0.015873,0.051708,,839000,,
1,1,,0.131287,0.33196,0.020129,0.045073,0.022781,0.18343,0.129862,0.052922,0.020698,0.061858,,908800,,
1,1,,0.131478,0.448445,0.016526,0.065984,0.025076,0.180009,0.025504,0.013125,0.022068,0.071787,,847800,,
1,1,,0.099043,0.438974,0.01661,0.067272,0.021641,0.204532,0.061359,0.019912,0.016069,0.054586,,833700,,
1,1,,0.135217,0.387279,0.016883,0.052517,0.024852,0.204767,0.046245,0.021844,0.042951,0.067446,,828700,,
1,1,,0.147591,0.434629,0.015586,0.060757,0.025419,0.16051,0.017153,0.008611,0.032345,0.0974,,859600,,
1,1,,0.07342,0.419235,0.014929,0.111848,0.017644,0.242947,0.058842,0.023746,0.007856,0.029533,,850200,,
1,1,,0.093219,0.388357,0.018791,0.075308,0.043078,0.205875,0.090607,0.029156,0.012273,0.043336,,855400,,
1,1,,0.121155,0.44144,0.01692,0.055207,0.022859,0.184628,0.050914,0.018054,0.019733,0.06909,,863600,,
1,1,,0.169207,0.403814,0.018419,0.045081,0.022604,0.193964,0.034317,0.019397,0.022874,0.070324,,845300,,
1,1,,0.115177,0.434767,0.016644,0.075062,0.024309,0.192085,0.041811,0.020491,0.019695,0.059958,,851400,,
1,1,,0.123636,0.447975,0.015602,0.055456,0.022938,0.196276,0.038199,0.019139,0.020284,0.060495,,907200,,
1,1,,0.125653,0.420964,0.01962,0.093706,0.021071,0.197425,0.033191,0.016959,0.017847,0.053565,,845000,,
1,1,,0.18513,0.372498,0.017569,0.043441,0.030641,0.138271,0.032834,0.014021,0.035952,0.129643,,898700,,
1,1,,0.095926,0.449445,0.016437,0.071636,0.018398,0.213611,0.051361,0.027902,0.011756,0.043527,,742500,,
1,1,,0.118861,0.467429,0.019605,0.061921,0.021291,0.192315,0.033265,0.017732,0.015873,0.051708,,742400,,
1,1,,0.100325,0.461018,0.017262,0.056081,0.017223,0.211729,0.050663,0.031189,0.012648,0.041862,,743700,,
1,1,,0.202501,0.341453,0.019491,0.039033,0.033512,0.121007,0.044903,0.018079,0.039952,0.14007,,747200,,
1,0,,0.266125,0.213126,0.028026,0.023331,0.043249,0.064443,0.097733,0.036906,0.053168,0.173893,,752700,,
1,1,,0.122002,0.446173,0.013309,0.067245,0.026381,0.179478,0.029788,0.014625,0.024309,0.076689,,762700,,
1,1,,0.07795,0.429936,0.0141,0.06717,0.018344,0.246235,0.068222,0.030408,0.010709,0.036926,,740400,,
1,1,,0.16513,0.352498,0.017569,0.043441,0.030641,0.138271,0.032834,0.014021,0.055952,0.149643,,740400,,
1,1,,0.147437,0.419737,0.016771,0.048381,0.031173,0.157092,0.028865,0.012089,0.028926,0.109529,,739200,,
1,1,,0.153606,0.421388,0.016288,0.047333,0.030064,0.150351,0.025169,0.011316,0.030302,0.114183,,823500,,
1,1,,0.125308,0.419521,0.017008,0.094305,0.023328,0.186749,0.0292,0.013898,0.020692,0.06999,,735100,,
1,1,,0.117942,0.409444,0.014568,0.054794,0.024787,0.195041,0.047603,0.018103,0.024062,0.093656,,738300,,
1,1,,0.134009,0.390948,0.018289,0.07075,0.023718,0.189459,0.041067,0.016603,0.022978,0.092179,,740200,,
1,1,,0.14366,0.431159,0.0173,0.051211,0.024707,0.198658,0.025534,0.013125,0.02361,0.071037,,735500,,
1,0,,0.199573,0.177603,0.025922,0.024641,0.054935,0.10775,0.141794,0.094395,0.060099,0.11329,,734100,,
1,1,,0.116144,0.442025,0.014158,0.069178,0.024635,0.191968,0.034341,0.017222,0.021526,0.068804,,740000,,
1,1,,0.12941,0.448299,0.017702,0.072287,0.025121,0.180222,0.025123,0.013125,0.021687,0.067025,,736700,,
1,1,,0.177369,0.379841,0.021807,0.048788,0.02355,0.168513,0.049969,0.043142,0.021206,0.065815,,738200,,
1,1,,0.141969,0.441163,0.015007,0.062047,0.026813,0.161289,0.016742,0.008611,0.030618,0.095741,,746100,,
1,1,,0.188122,0.314919,0.020069,0.037743,0.032118,0.120228,0.045314,0.018079,0.081679,0.14173,,738200,,
1,1,,0.103239,0.455328,0.016274,0.063336,0.021098,0.202507,0.043323,0.024069,0.016943,0.053884,,807200,,
1,1,,0.15581,0.405073,0.016767,0.050267,0.025107,0.193264,0.031234,0.01749,0.024766,0.080224,,875400,,
1,1,,0.109029,0.444979,0.016915,0.061866,0.022055,0.196753,0.047346,0.025421,0.018276,0.05736,,738900,,
1,1,,0.150019,0.415421,0.016126,0.051736,0.02415,0.199018,0.027211,0.016138,0.023432,0.076748,,739500,,
1,1,,0.159171,0.38666,0.016867,0.045091,0.027333,0.149001,0.025199,0.011316,0.055012,0.124351,,742700,,
1,1,,0.13633,0.394589,0.018609,0.046065,0.022482,0.195176,0.043438,0.028203,0.043035,0.072075,,741200,,
1,1,,0.147591,0.427357,0.015586,0.06803,0.025419,0.16051,0.017153,0.008611,0.032345,0.0974,,752300,,
1,1,,0.137211,0.429902,0.017166,0.063562,0.024696,0.173683,0.029146,0.014477,0.026385,0.083772,,736600,,
1,1,,0.147591,0.44069,0.015586,0.054696,0.025419,0.16051,0.017153,0.008611,0.032345,0.0974,,771100,,
1,1,,0.07064,0.344386,0.014951,0.082555,0.039943,0.243148,0.129673,0.035778,0.008546,0.030382,,744000,,
1,0,,0.277606,0.19074,0.027756,0.020108,0.043601,0.051174,0.093591,0.034309,0.077679,0.183437,,738200,,
1,1,,0.093026,0.414932,0.01665,0.100037,0.017379,0.229902,0.053343,0.023746,0.011419,0.039567,,733600,,
1,1,,0.134031,0.450609,0.018906,0.058348,0.024904,0.175244,0.029631,0.015251,0.022773,0.070303,,736900,,
1,1,,0.099043,0.438974,0.01661,0.067272,0.021641,0.204532,0.061359,0.019912,0.016069,0.054586,,826300,,
1,1,,0.088874,0.438801,0.013687,0.056406,0.017595,0.231184,0.060944,0.031156,0.014683,0.046667,,737400,,
1,1,,0.202264,0.330771,0.020918,0.039676,0.030371,0.132718,0.049867,0.020676,0.058895,0.113844,,734300,,
1,1,,0.108217,0.437773,0.016568,0.064063,0.022178,0.218617,0.038273,0.019912,0.018114,0.056285,,737500,,
1,1,,0.141732,0.430481,0.016434,0.06269,0.023672,0.173,0.021705,0.011208,0.029562,0.089515,,742300,,
1,1,,0.085211,0.428519,0.015025,0.095344,0.017998,0.235427,0.055556,0.022973,0.010959,0.032989,,742600,,
1,1,,0.150378,0.428298,0.01792,0.051015,0.022158,0.198658,0.026146,0.013125,0.023414,0.068888,,744300,,
1,1,,0.144316,0.360047,0.019482,0.069329,0.046687,0.16161,0.047006,0.023465,0.045066,0.082992,,738800,,
1,1,,0.111681,0.440964,0.029926,0.051847,0.018551,0.206071,0.046835,0.029272,0.015431,0.049422,,802600,,
1,1,,0.103217,0.456191,0.016487,0.064853,0.021604,0.20458,0.041485,0.019912,0.016986,0.054686,,737600,,
1,1,,0.138038,0.444966,0.016722,0.065228,0.026101,0.179437,0.025123,0.013125,0.021883,0.069378,,746500,,
1,1,,0.112902,0.456748,0.018135,0.053939,0.018643,0.206874,0.046862,0.021888,0.014701,0.049308,,749000,,
1,1,,0.096314,0.440921,0.015392,0.050811,0.017945,0.229137,0.050172,0.03315,0.016395,0.049764,,916400,,
1,1,,0.15524,0.410463,0.018581,0.048272,0.026621,0.167149,0.03358,0.01583,0.046277,0.077989,,736600,,
1,1,,0.147591,0.447357,0.015586,0.04803,0.025419,0.16051,0.017153,0.008611,0.032345,0.0974,,734200,,
1,1,,0.132719,0.332826,0.016313,0.046684,0.02058,0.194068,0.101448,0.054107,0.040099,0.061155,,738100,,
1,1,,0.095631,0.432599,0.014859,0.058608,0.019676,0.227146,0.059308,0.024335,0.015941,0.051895,,746400,,
1,1,,0.12941,0.448299,0.017702,0.072287,0.025121,0.180222,0.025123,0.013125,0.021687,0.067025,,789600,,
1,1,,0.096455,0.421316,0.014511,0.075777,0.01845,0.224715,0.054872,0.027139,0.015722,0.051044,,740300,,
1,0,,0.251984,0.217274,0.027177,0.021398,0.044996,0.051953,0.09318,0.034309,0.075952,0.181778,,763700,,
1,1,,0.077591,0.420357,0.013995,0.061043,0.01666,0.254742,0.075049,0.033349,0.010709,0.036505,,741100,,
1,1,,0.0828,0.432764,0.013589,0.089745,0.0203,0.231631,0.051185,0.019912,0.013423,0.044652,,740300,,
1,1,,0.115009,0.431308,0.016582,0.062515,0.021957,0.21706,0.038199,0.019139,0.020088,0.058142,,739600,,
1,1,,0.048522,0.426783,0.010543,0.112033,0.021912,0.239313,0.077878,0.023464,0.007059,0.032494,,803000,,
1,1,,0.184893,0.341815,0.018997,0.044085,0.0475,0.149982,0.037798,0.016618,0.054895,0.103417,,741800,,
1,1,,0.202501,0.341453,0.019491,0.039033,0.033512,0.121007,0.044903,0.018079,0.039952,0.14007,,765900,,
1,1,,0.147523,0.426193,0.017075,0.05516,0.024629,0.167245,0.025729,0.01256,0.030895,0.092991,,735700,,
1,1,,0.123636,0.447975,0.015602,0.055456,0.022938,0.196276,0.038199,0.019139,0.020284,0.060495,,740900,,
1,1,,0.159171,0.40666,0.016867,0.045091,0.027333,0.149001,0.025199,0.011316,0.055012,0.104351,,765900,,
1,1,,0.159171,0.38666,0.016867,0.065091,0.027333,0.149001,0.025199,0.011316,0.055012,0.104351,,746900,,
1,1,,0.131478,0.448445,0.016526,0.065984,0.025076,0.180009,0.025504,0.013125,0.022068,0.071787,,736200,,
1,1,,0.093047,0.441568,0.016437,0.07102,0.016874,0.227829,0.055182,0.027902,0.011376,0.038765,,755200,,
1,1,,0.101273,0.377605,0.01516,0.05279,0.019397,0.218822,0.09591,0.047324,0.017332,0.054387,,752600,,
2,0,,0.314946,0.133225,0.034523,0.01384,0.065964,0.031561,0.129964,0.047996,0.075414,0.152568,,739300,,
2,0,,0.280962,0.142657,0.047556,0.012557,0.065454,0.035698,0.134159,0.056212,0.07354,0.151204,,741100,,
2,0,,0.281046,0.129427,0.032811,0.014357,0.044025,0.060001,0.166024,0.055996,0.051047,0.165266,,806600,,
2,0,,0.286001,0.147277,0.034518,0.013933,0.064025,0.042465,0.135853,0.057793,0.071047,0.147088,,738900,,
2,0,,0.314946,0.133225,0.034523,0.01384,0.045964,0.031561,0.129964,0.067996,0.075414,0.152568,,739100,,
2,0,,0.289487,0.143994,0.034057,0.014661,0.045105,0.040085,0.135135,0.076222,0.072268,0.148986,,734200,,
2,0,,0.266849,0.155203,0.033398,0.014661,0.065105,0.048461,0.143023,0.052926,0.072268,0.148107,,752600,,
2,0,,0.294946,0.153225,0.034523,0.01384,0.065964,0.031561,0.129964,0.047996,0.075414,0.152568,,737400,,
2,0,,0.31223,0.137843,0.035046,0.015943,0.043495,0.042878,0.137008,0.05183,0.073211,0.150516,,743500,,
2,0,,0.294946,0.153225,0.034523,0.01384,0.045964,0.031561,0.129964,0.047996,0.095414,0.152568,,746200,,
2,0,,0.261022,0.146243,0.031113,0.018602,0.042256,0.077619,0.158689,0.06201,0.067722,0.134724,,737200,,
3,1,,0.111397,0.404567,0.014827,0.101777,0.02197,0.197055,0.037788,0.019139,0.021726,0.069754,,750200,,
3,1,,0.070058,0.40275,0.016229,0.128186,0.01925,0.228893,0.074515,0.023746,0.00694,0.029433,,740300,,
3,1,,0.094518,0.427388,0.01493,0.096254,0.021359,0.210432,0.043992,0.019912,0.015293,0.055922,,735100,,
3,1,,0.085092,0.425382,0.014953,0.116667,0.022289,0.216543,0.047116,0.021056,0.012015,0.038889,,893900,,
3,1,,0.070058,0.40275,0.016229,0.128186,0.01925,0.228893,0.074515,0.023746,0.00694,0.029433,,824900,,
3,1,,0.037075,0.413109,0.013059,0.140438,0.019302,0.250842,0.085154,0.027297,0.001111,0.012612,,840200,,
3,1,,0.039155,0.393079,0.010502,0.122742,0.017944,0.274107,0.092999,0.028451,0.00359,0.017431,,746600,,
3,1,,0.034107,0.379736,0.011067,0.124667,0.014932,0.288272,0.103654,0.033309,0.000807,0.00945,,738900,,
3,1,,0.070058,0.40975,0.016229,0.121186,0.01925,0.228893,0.074515,0.023746,0.00694,0.029433,,737100,,
3,1,,0.10111,0.42662,0.015434,0.09347,0.021596,0.204319,0.04174,0.019912,0.01645,0.059348,,740300,,
3,1,,0.104862,0.426028,0.014323,0.093013,0.023071,0.203739,0.040421,0.019139,0.017585,0.057819,,739900,,
3,1,,0.111454,0.425261,0.014827,0.090229,0.023307,0.197627,0.038169,0.019139,0.018742,0.061244,,736100,,
3,1,,0.094518,0.439888,0.01493,0.083754,0.021359,0.210432,0.043992,0.019912,0.015293,0.055922,,740500,,
3,1,,0.050464,0.441386,0.011338,0.111488,0.020663,0.236473,0.061957,0.031648,0.007741,0.026842,,743600,,
3,1,,0.089143,0.438722,0.016018,0.073106,0.017936,0.229871,0.055848,0.027892,0.010743,0.04072,,755900,,
3,1,,0.10111,0.41912,0.015434,0.08097,0.021596,0.204319,0.06174,0.019912,0.01645,0.059348,,815300,,
3,1,,0.031243,0.346202,0.009977,0.103475,0.01096,0.325121,0.124138,0.041488,0.000652,0.006743,,823000,,
4,0,,0.312689,0.124928,0.030866,0.011737,0.049527,0.019936,0.113713,0.041072,0.087302,0.208232,,740900,,
4,1,,0.151929,0.337356,0.019311,0.046263,0.028669,0.156773,0.06595,0.028607,0.051059,0.114083,,747600,,
4,0,,0.294565,0.161212,0.032941,0.016079,0.051319,0.033995,0.129189,0.046852,0.055476,0.178372,,741200,,
4,1,,0.162477,0.338269,0.017793,0.043278,0.031743,0.138625,0.057568,0.024093,0.056626,0.129528,,734800,,
4,0,,0.27678,0.160788,0.030894,0.017447,0.050547,0.027979,0.117254,0.041845,0.0803,0.196167,,775400,,
4,0,,0.287067,0.151462,0.030287,0.013027,0.050921,0.020715,0.113302,0.041072,0.085575,0.206572,,741700,,
4,0,,0.312689,0.124928,0.030866,0.011737,0.049527,0.019936,0.113713,0.041072,0.087302,0.208232,,742800,,
4,0,,0.271747,0.206592,0.028605,0.022041,0.041855,0.063664,0.098143,0.036906,0.054895,0.175552,,739600,,
4,1,,0.18796,0.340788,0.021573,0.042612,0.029077,0.154723,0.057971,0.023366,0.030773,0.111157,,754600,,
4,0,,0.286357,0.156329,0.033036,0.013741,0.048816,0.026475,0.125904,0.046079,0.098578,0.164686,,739300,,
4,0,,0.292689,0.144928,0.030866,0.011737,0.049527,0.019936,0.113713,0.041072,0.107302,0.188232,,835200,,
4,1,,0.196699,0.325498,0.02034,0.061918,0.033103,0.134069,0.049837,0.020676,0.034185,0.123676,,740500,,
4,0,,0.292689,0.124928,0.030866,0.011737,0.049527,0.019936,0.113713,0.041072,0.107302,0.208232,,738700,,
4,0,,0.292689,0.124928,0.030866,0.011737,0.049527,0.019936,0.113713,0.041072,0.107302,0.208232,,735800,,
4,0,,0.292689,0.124928,0.030866,0.011737,0.049527,0.019936,0.113713,0.041072,0.087302,0.228232,,746300,,
5,1,,0.035598,0.380644,0.008923,0.062664,0.010301,0.324437,0.108718,0.051902,0.003683,0.013131,,741000,,
5,1,,0.042303,0.323151,0.010828,0.064865,0.010136,0.308987,0.149754,0.073886,0.003756,0.012335,,741400,,
5,1,,0.030418,0.350482,0.009292,0.067306,0.00676,0.306754,0.123273,0.099406,0.00129,0.005019,,738600,,
5,1,,0.040266,0.366844,0.008465,0.083129,0.012134,0.31228,0.103051,0.045829,0.006509,0.021492,,737500,,
5,1,,0.030552,0.378493,0.00942,0.057974,0.007491,0.328571,0.119115,0.061994,0.00119,0.005201,,736900,,
5,1,,0.03339,0.432717,0.01141,0.068063,0.010509,0.288111,0.09513,0.051317,0.001683,0.00767,,746200,,
5,1,,0.118627,0.35923,0.017326,0.043731,0.020732,0.192963,0.07866,0.091104,0.019438,0.058189,,737300,,
5,1,,0.030588,0.366765,0.00942,0.057637,0.007491,0.30725,0.139199,0.075259,0.00119,0.005201,,821300,,
5,1,,0.095419,0.404895,0.014945,0.053849,0.017512,0.251674,0.06978,0.032705,0.014117,0.045104,,736600,,
5,1,,0.046688,0.32655,0.009903,0.063316,0.010002,0.289586,0.134158,0.093527,0.00674,0.019529,,739100,,
5,1,,0.046594,0.41851,0.009225,0.069511,0.014696,0.285602,0.089135,0.034584,0.00744,0.024703,,738800,,
5,1,,0.036698,0.353532,0.010233,0.062246,0.00993,0.32434,0.136569,0.055172,0.002233,0.009047,,740600,,
5,1,,0.101507,0.337854,0.017032,0.053275,0.018818,0.226182,0.134596,0.052013,0.014176,0.044546,,741500,,
5,1,,0.099467,0.42957,0.01457,0.057738,0.020189,0.226,0.059018,0.023562,0.017007,0.05288,,759400,,
5,1,,0.030588,0.345693,0.00942,0.070137,0.007491,0.315822,0.139199,0.075259,0.00119,0.005201,,807300,,
5,1,,0.030738,0.360098,0.009465,0.060884,0.008242,0.329598,0.13662,0.057966,0.001,0.005389,,728300,,
5,1,,0.064975,0.413203,0.013148,0.062054,0.013808,0.284639,0.081911,0.036211,0.006437,0.023614,,730000,,
5,1,,0.104627,0.413372,0.017718,0.055581,0.018788,0.21632,0.063228,0.050607,0.014042,0.045716,,729200,,
5,1,,0.031243,0.358702,0.009977,0.084308,0.01096,0.331787,0.124138,0.041488,0.000652,0.006743,,734800,,
5,1,,0.142937,0.336023,0.022651,0.047647,0.049591,0.181161,0.079562,0.02938,0.026319,0.084729,,812600,,
5,1,,0.1458,0.406065,0.018385,0.048412,0.024072,0.181939,0.037782,0.01583,0.02608,0.095636,,740200,,
5,1,,0.069643,0.390831,0.012691,0.075853,0.015641,0.28772,0.076244,0.030137,0.009264,0.031975,,742800,,
5,1,,0.035406,0.345226,0.009007,0.07385,0.010076,0.326013,0.130953,0.051892,0.003827,0.01375,,738900,,
5,1,,0.064619,0.387816,0.012975,0.056312,0.012326,0.283115,0.10848,0.044385,0.006728,0.023244,,735500,,
5,1,,0.100755,0.339802,0.013459,0.049154,0.014837,0.252702,0.096856,0.082585,0.012278,0.037572,,733300,,
5,1,,0.040096,0.367061,0.008338,0.072298,0.011404,0.295784,0.127125,0.049975,0.00661,0.02131,,735400,,
5,1,,0.160787,0.351723,0.0199,0.040996,0.023068,0.168289,0.058938,0.082793,0.022919,0.070587,,738100,,
5,1,,0.040266,0.366844,0.008465,0.083129,0.012134,0.31228,0.103051,0.045829,0.006509,0.021492,,746000,,
5,1,,0.039931,0.380593,0.00808,0.05587,0.010147,0.308683,0.111458,0.05816,0.006757,0.02032,,740200,,
5,1,,0.101507,0.357854,0.017032,0.053275,0.018818,0.226182,0.114596,0.052013,0.014176,0.044546,,768900,,
5,6,,0.150281,0.173084,0.020636,0.035207,0.030317,0.182944,0.216631,0.071527,0.031843,0.087529,,736300,,
5,1,,0.13176,0.376692,0.017073,0.044555,0.021915,0.201196,0.054121,0.040468,0.042881,0.06934,,825000,,
5,1,,0.078336,0.396429,0.015132,0.054883,0.014807,0.24455,0.089469,0.064794,0.009549,0.032051,,739400,,
5,1,,0.041998,0.325468,0.010573,0.048685,0.008674,0.295245,0.137986,0.115444,0.003957,0.01197,,739600,,
5,1,,0.039797,0.376511,0.007952,0.052703,0.009416,0.275437,0.135616,0.075572,0.006857,0.020138,,737400,,
5,1,,0.087646,0.322341,0.01541,0.047267,0.015423,0.226851,0.12873,0.107207,0.012162,0.036964,,743900,,
5,1,,0.053899,0.307276,0.012027,0.055006,0.01207,0.278009,0.179379,0.076709,0.006333,0.019292,,904000,,
5,1,,0.086095,0.423527,0.013248,0.060639,0.019006,0.241439,0.069092,0.026503,0.014601,0.045851,,834800,,
5,1,,0.040623,0.359731,0.008638,0.101371,0.013616,0.313804,0.096482,0.037654,0.006219,0.021863,,829200,,
5,1,,0.030582,0.344379,0.009549,0.071734,0.008017,0.318426,0.118939,0.091221,0.001144,0.006008,,839100,,
5,6,,0.140567,0.150448,0.02159,0.030052,0.025674,0.190663,0.24222,0.101026,0.026523,0.071238,,830400,,
5,1,,0.089991,0.406748,0.015931,0.053569,0.017102,0.214839,0.080662,0.064154,0.013785,0.043219,,834300,,
5,1,,0.095813,0.449228,0.014806,0.060718,0.019799,0.224699,0.047938,0.019912,0.015828,0.05126,,921100,,
5,1,,0.15009,0.321781,0.018235,0.042275,0.023451,0.176804,0.093517,0.058165,0.044099,0.071582,,833300,,
5,1,,0.057484,0.346177,0.009948,0.053571,0.01314,0.288971,0.112158,0.057795,0.030644,0.030112,,829700,,
5,1,,0.070925,0.400347,0.013947,0.084211,0.015393,0.27851,0.072725,0.028984,0.007701,0.027256,,833800,,
5,1,,0.086727,0.396646,0.012993,0.055618,0.017636,0.261184,0.075297,0.033729,0.014541,0.04563,,833100,,
5,1,,0.037084,0.366164,0.022625,0.051625,0.00676,0.306754,0.123273,0.079406,0.00129,0.005019,,843400,,
5,1,,0.031243,0.358702,0.009977,0.084308,0.01096,0.331787,0.124138,0.041488,0.000652,0.006743,,832800,,
5,1,,0.07059,0.414096,0.013562,0.056952,0.013406,0.274912,0.081133,0.041315,0.007948,0.026084,,827400,,
5,1,,0.046594,0.40601,0.009225,0.082011,0.014696,0.285602,0.089135,0.034584,0.00744,0.024703,,863900,,
5,1,,0.080915,0.407858,0.012564,0.058605,0.017185,0.269011,0.069435,0.02822,0.01325,0.042955,,829500,,
5,1,,0.042318,0.320973,0.010746,0.064945,0.010156,0.309518,0.151333,0.074004,0.003667,0.01234,,928000,,
5,1,,0.053579,0.304771,0.011854,0.045746,0.010588,0.263736,0.166032,0.118149,0.006624,0.018921,,799900,,
5,1,,0.08778,0.319423,0.015537,0.057434,0.016154,0.240097,0.151239,0.063129,0.012061,0.037146,,748100,,
5,1,,0.070275,0.373386,0.013488,0.051676,0.012552,0.264115,0.096661,0.08315,0.008162,0.026537,,848500,,
5,1,,0.030588,0.378193,0.00942,0.057637,0.007491,0.315822,0.119199,0.075259,0.00119,0.005201,,757200,,
5,1,,0.126082,0.431987,0.016772,0.050709,0.022194,0.202269,0.044101,0.017547,0.02149,0.066848,,742200,,
5,1,,0.064789,0.384599,0.013103,0.066143,0.013057,0.283611,0.104406,0.040239,0.006627,0.023426,,743500,,
5,1,,0.140688,0.321767,0.018578,0.041452,0.024931,0.170041,0.086901,0.073245,0.046222,0.076175,,741000,,
5,1,,0.053579,0.294589,0.011854,0.055928,0.010588,0.263736,0.186032,0.098149,0.006624,0.018921,,748000,,
5,1,,0.053579,0.294589,0.011854,0.055928,0.010588,0.263736,0.166032,0.118149,0.006624,0.018921,,779800,,
5,1,,0.065411,0.348785,0.01313,0.048922,0.013811,0.232861,0.118572,0.109397,0.013215,0.035896,,749400,,
5,1,,0.071423,0.409384,0.013564,0.056023,0.013293,0.265009,0.083089,0.053622,0.007741,0.026852,,743800,,
5,1,,0.030552,0.367065,0.00942,0.057974,0.007491,0.319999,0.139115,0.061994,0.00119,0.005201,,815100,,
5,1,,0.064485,0.403734,0.012847,0.053145,0.011595,0.269869,0.092638,0.061797,0.006828,0.023061,,749500,,
5,1,,0.141143,0.307556,0.016793,0.042319,0.022423,0.194988,0.105829,0.059246,0.022785,0.086919,,746400,,
6,0,,0.255344,0.125603,0.032035,0.016668,0.039382,0.074542,0.170214,0.122482,0.043322,0.120407,,746400,,
6,6,,0.190827,0.117187,0.025442,0.025078,0.036515,0.134908,0.20136,0.081786,0.059687,0.127211,,746000,,
6,6,,0.209052,0.108661,0.02945,0.015971,0.035402,0.102772,0.223122,0.130002,0.038828,0.106741,,754800,,
6,6,,0.190827,0.117187,0.025442,0.025078,0.036515,0.134908,0.20136,0.081786,0.059687,0.127211,,791400,,
6,6,,0.174985,0.080909,0.025894,0.024632,0.030567,0.139657,0.247091,0.154277,0.03329,0.088699,,745500,,
6,0,,0.222487,0.110528,0.043372,0.016018,0.036369,0.097416,0.217647,0.105973,0.039842,0.11035,,745800,,
6,6,,0.199675,0.084673,0.025224,0.01658,0.031895,0.133999,0.223262,0.15236,0.036074,0.096258,,746500,,
6,0,,0.216124,0.138393,0.030294,0.022016,0.03783,0.111158,0.202748,0.091082,0.03964,0.110715,,748600,,
6,6,,0.17581,0.096629,0.029437,0.0408,0.037624,0.160881,0.25367,0.076359,0.032652,0.096138,,791300,,
6,0,,0.215024,0.134941,0.030036,0.016611,0.036481,0.09457,0.189109,0.133598,0.040049,0.109581,,966100,,
6,1,,0.071605,0.285339,0.014334,0.057856,0.016929,0.264343,0.193516,0.055102,0.010086,0.03089,,846000,,
6,0,,0.255344,0.128785,0.032035,0.013486,0.039382,0.074542,0.170214,0.122482,0.043322,0.120407,,831100,,
6,6,,0.17581,0.096629,0.02658,0.0408,0.034767,0.158024,0.267956,0.076359,0.032652,0.090423,,847300,,
6,6,,0.209052,0.108661,0.02945,0.015971,0.035402,0.102772,0.216455,0.136668,0.038828,0.106741,,897100,,
6,0,,0.235514,0.149386,0.032163,0.019499,0.040113,0.075039,0.16614,0.118336,0.043221,0.12059,,843700,,
6,6,,0.18519,0.090157,0.02524,0.038697,0.037422,0.146708,0.220299,0.072525,0.058219,0.125543,,839200,,
6,0,,0.222914,0.144173,0.031072,0.021979,0.038797,0.102103,0.195655,0.088141,0.040843,0.114323,,826200,,
6,6,,0.209052,0.113661,0.02945,0.010971,0.035402,0.102772,0.223122,0.130002,0.038828,0.106741,,830200,,
6,0,,0.230194,0.200772,0.027962,0.019572,0.058183,0.083369,0.122513,0.063461,0.065547,0.128425,,837900,,
6,0,,0.209052,0.128661,0.02945,0.015971,0.035402,0.102772,0.196455,0.136668,0.038828,0.106741,,894600,,
6,6,,0.175119,0.084992,0.026022,0.027799,0.031297,0.152903,0.249599,0.130198,0.03319,0.088881,,888600,,
6,0,,0.300869,0.124152,0.03321,0.01032,0.063807,0.043567,0.146219,0.059369,0.072214,0.146273,,825000,,
6,0,,0.228736,0.130054,0.028365,0.019866,0.059518,0.105198,0.180567,0.071277,0.044194,0.132226,,836400,,
6,0,,0.258751,0.117852,0.030109,0.008925,0.060958,0.071428,0.169904,0.081719,0.067668,0.132686,,829800,,
6,1,,0.183845,0.184224,0.023806,0.025951,0.053164,0.139125,0.161606,0.06625,0.057628,0.1044,,828200,,
6,0,,0.184013,0.164728,0.023806,0.026287,0.033164,0.142462,0.177261,0.08625,0.057628,0.1044,,831100,,
6,0,,0.197741,0.196158,0.025301,0.029129,0.035829,0.128547,0.140618,0.095134,0.039743,0.111799,,824800,,
6,0,,0.25139,0.122313,0.044029,0.011383,0.062038,0.063226,0.162557,0.078648,0.068889,0.135526,,833600,,
6,6,,0.140753,0.152053,0.021635,0.032962,0.026425,0.191691,0.239725,0.096997,0.026333,0.071426,,828000,,
6,1,,0.077616,0.273726,0.027109,0.041338,0.013459,0.246472,0.158101,0.122207,0.010624,0.029348,,826500,,
6,6,,0.209222,0.105443,0.029577,0.025802,0.036132,0.103269,0.239048,0.105855,0.038728,0.106924,,885500,,
6,0,,0.212191,0.166494,0.02818,0.032567,0.039632,0.093242,0.175322,0.078109,0.040286,0.133977,,827900,,
6,6,,0.204365,0.086437,0.024554,0.010529,0.033222,0.128341,0.219434,0.130443,0.058857,0.103818,,825300,,
6,6,,0.175341,0.093296,0.026067,0.023374,0.032049,0.141181,0.240522,0.146102,0.033,0.089069,,824500,,
6,1,,0.07095,0.263545,0.013776,0.051519,0.013459,0.246472,0.198101,0.102207,0.010624,0.029348,,834200,,
6,0,,0.222914,0.144173,0.031072,0.021979,0.038797,0.102103,0.195655,0.088141,0.040843,0.114323,,833600,,
6,0,,0.215024,0.134941,0.030036,0.016611,0.036481,0.09457,0.189109,0.133598,0.040049,0.109581,,827600,,
6,6,,0.174985,0.087909,0.025894,0.017632,0.030567,0.139657,0.253757,0.14761,0.03329,0.088699,,865500,,
6,1,,0.071775,0.279265,0.014461,0.067687,0.017659,0.264839,0.1923,0.050956,0.009985,0.031073,,897400,,
6,0,,0.213067,0.180551,0.025611,0.032193,0.038792,0.13262,0.158816,0.051622,0.038738,0.127991,,824300,,
6,6,,0.181652,0.092909,0.039227,0.012632,0.030567,0.139657,0.227091,0.154277,0.03329,0.088699,,917300,,
6,6,,0.174985,0.080909,0.025894,0.024632,0.030567,0.139657,0.253757,0.14761,0.03329,0.088699,,739400,,
6,1,,0.180642,0.19718,0.025732,0.028694,0.031588,0.132827,0.157655,0.120279,0.033282,0.092121,,741200,,
6,6,,0.140567,0.143448,0.02159,0.037052,0.025674,0.190663,0.24222,0.101026,0.026523,0.071238,,743300,,
6,0,,0.215719,0.113661,0.042783,0.010971,0.035402,0.102772,0.196455,0.136668,0.038828,0.106741,,737300,,
6,6,,0.174985,0.087909,0.025894,0.017632,0.030567,0.139657,0.267091,0.134277,0.03329,0.088699,,768700,,
6,1,,0.188487,0.200495,0.025448,0.035238,0.034904,0.143515,0.182478,0.052765,0.035818,0.100852,,972300,,
6,0,,0.235457,0.15055,0.035233,0.021353,0.043476,0.092718,0.189932,0.060914,0.043264,0.127105,,833600,,
6,0,,0.230171,0.177588,0.026264,0.023817,0.056414,0.100987,0.135178,0.069475,0.062222,0.117883,,831700,,
6,0,,0.268864,0.137798,0.030449,0.018609,0.042195,0.086747,0.163907,0.06015,0.04761,0.14367,,838400,,
6,6,,0.204365,0.081437,0.024554,0.015529,0.033222,0.128341,0.219434,0.150443,0.038857,0.103818,,832600,,
7,6,,0.140433,0.131366,0.021462,0.021884,0.024943,0.177418,0.206378,0.178437,0.026624,0.071056,,896300,,
7,6,,0.174985,0.091091,0.025894,0.01445,0.030567,0.139657,0.227091,0.174277,0.03329,0.088699,,824000,,
7,0,,0.229372,0.104323,0.031449,0.011028,0.038303,0.082745,0.177561,0.165552,0.042101,0.117567,,827000,,
7,6,,0.174985,0.091091,0.025894,0.01445,0.030567,0.139657,0.233757,0.16761,0.03329,0.088699,,826900,,
7,6,,0.177438,0.124758,0.02851,0.016547,0.031134,0.120099,0.207287,0.169359,0.034315,0.090554,,826000,,
7,0,,0.191898,0.148424,0.029756,0.014382,0.053789,0.098049,0.183122,0.112764,0.060321,0.107495,,827200,,
7,6,,0.195209,0.098739,0.040594,0.01446,0.032501,0.125246,0.221189,0.14064,0.035506,0.095916,,825600,,
7,6,,0.177438,0.126576,0.02851,0.014729,0.031134,0.120099,0.207287,0.169359,0.034315,0.090554,,830200,,
7,6,,0.191031,0.084619,0.037888,0.012347,0.033222,0.128341,0.219434,0.150443,0.038857,0.103818,,828500,,
7,0,,0.215719,0.111843,0.042783,0.012789,0.035402,0.102772,0.203122,0.130002,0.038828,0.106741,,903700,,
7,1,,0.052254,0.349344,0.021926,0.048052,0.010373,0.289683,0.119639,0.076924,0.008191,0.023613,,845900,,
7,6,,0.177599,0.136746,0.029389,0.016573,0.031134,0.114152,0.201033,0.168066,0.034754,0.090554,,838100,,
7,1,,0.051378,0.338996,0.009233,0.046582,0.01133,0.283928,0.130329,0.09161,0.009524,0.027089,,925000,,
7,1,,0.048665,0.325468,0.023906,0.048685,0.008674,0.295245,0.137986,0.095444,0.003957,0.01197,,733200,,
7,6,,0.174985,0.092909,0.025894,0.012632,0.030567,0.139657,0.227091,0.174277,0.03329,0.088699,,729600,,
7,0,,0.25748,0.134913,0.032912,0.018178,0.039949,0.067487,0.163157,0.120185,0.043476,0.122263,,735600,,
7,0,,0.236039,0.122505,0.044782,0.012846,0.038303,0.082745,0.177561,0.125552,0.042101,0.117567,,739800,,
7,6,,0.191031,0.084619,0.037888,0.012347,0.053222,0.128341,0.219434,0.110443,0.058857,0.103818,,732800,,
7,6,,0.191031,0.084619,0.037888,0.012347,0.053222,0.128341,0.219434,0.110443,0.058857,0.103818,,735800,,
7,1,,0.07095,0.255545,0.013776,0.039519,0.013459,0.246472,0.158101,0.162207,0.010624,0.029348,,815700,,
7,6,,0.186342,0.087855,0.038558,0.013398,0.031895,0.133999,0.229929,0.145693,0.036074,0.096258,,744100,,
7,0,,0.222609,0.101309,0.030817,0.010981,0.037336,0.088361,0.183887,0.169699,0.041044,0.113958,,736300,,
8,0,,0.292689,0.124928,0.030866,0.011737,0.049527,0.019936,0.113713,0.041072,0.107302,0.208232,,739100,,
8,0,,0.292689,0.144928,0.030866,0.011737,0.049527,0.019936,0.113713,0.041072,0.107302,0.188232,,736800,,
8,0,,0.296427,0.127171,0.030866,0.011737,0.050274,0.019936,0.114087,0.041072,0.128985,0.179447,,741100,,
8,0,,0.296257,0.123389,0.030738,0.008906,0.049544,0.019439,0.118161,0.045218,0.129085,0.179264,,741000,,
8,0,,0.28678,0.140788,0.030894,0.037447,0.050547,0.027979,0.117254,0.041845,0.0803,0.186167,,737400,,
