optdigits,Tuned_CWT,test,4,NANOSECONDS,PREDICTIONS, Generated by ClassifierExperiments.java on 2022-05-16 00:28:54.    SYSTEMPROPERTIES:{user.name:matth,os.arch:amd64,os.name:Windows 10},ENDSYSTEMPROPERTIES
No parameter info
0.5518157661647476,9222583600,3935062700,-1,162802808,10,,-1,-1
0,0,,0.24606,0.069497,0.028466,0.015726,0.207748,0.015367,0.231294,0.039705,0.131676,0.01446,,3446500,,
0,0,,0.69014,0.016921,0.01313,0.015012,0.015708,0.014653,0.015934,0.185491,0.018376,0.014636,,2900800,,
0,0,,0.478103,0.045455,0.04579,0.014836,0.102958,0.027649,0.068708,0.064831,0.137209,0.01446,,3147500,,
0,0,,0.426103,0.045455,0.04579,0.014836,0.102958,0.027649,0.068708,0.064831,0.189209,0.01446,,3080100,,
0,1,,0.019995,0.445009,0.050566,0.020376,0.038355,0.282461,0.013891,0.050691,0.055887,0.022769,,3013200,,
0,0,,0.568471,0.015332,0.043035,0.015242,0.150998,0.02212,0.07209,0.015801,0.074909,0.022001,,3108700,,
0,0,,0.446714,0.058487,0.038175,0.017794,0.076175,0.014477,0.139034,0.029475,0.165209,0.01446,,2970100,,
0,0,,0.348103,0.045455,0.04579,0.014836,0.102958,0.157649,0.068708,0.064831,0.137209,0.01446,,2896300,,
0,0,,0.261511,0.046163,0.036034,0.023294,0.172117,0.015367,0.231294,0.043173,0.156586,0.01446,,3129600,,
0,0,,0.312801,0.074249,0.043337,0.017107,0.099201,0.016748,0.163885,0.049845,0.208369,0.01446,,3087700,,
0,4,,0.162032,0.098901,0.046194,0.017107,0.216234,0.016748,0.163885,0.074497,0.189944,0.01446,,2940700,,
0,0,,0.446714,0.058487,0.038175,0.017794,0.076175,0.014477,0.139034,0.029475,0.165209,0.01446,,3198100,,
0,0,,0.446714,0.058487,0.038175,0.017794,0.076175,0.014477,0.139034,0.029475,0.165209,0.01446,,2895500,,
0,0,,0.69014,0.016921,0.01313,0.015012,0.015708,0.014653,0.015934,0.185491,0.018376,0.014636,,3147700,,
0,0,,0.387433,0.047634,0.029349,0.015726,0.150885,0.015367,0.231294,0.029215,0.078637,0.01446,,3047800,,
0,0,,0.478103,0.045455,0.04579,0.014836,0.102958,0.027649,0.068708,0.064831,0.137209,0.01446,,2957600,,
0,0,,0.330032,0.08071,0.043337,0.017107,0.077662,0.016748,0.163885,0.028307,0.227753,0.01446,,3110500,,
0,0,,0.788616,0.015332,0.043517,0.015242,0.040203,0.022361,0.018017,0.015801,0.018909,0.022001,,2922200,,
0,0,,0.426103,0.045455,0.04579,0.014836,0.102958,0.027649,0.068708,0.064831,0.189209,0.01446,,2931400,,
0,4,,0.192393,0.06483,0.047133,0.015726,0.242748,0.015367,0.231294,0.046705,0.129343,0.01446,,3068900,,
0,0,,0.69014,0.016921,0.01313,0.015012,0.015708,0.014653,0.015934,0.185491,0.018376,0.014636,,3058500,,
0,0,,0.398201,0.044345,0.072672,0.014836,0.068851,0.024554,0.096989,0.080185,0.184907,0.01446,,2935100,,
0,0,,0.446714,0.058487,0.038175,0.017794,0.076175,0.014477,0.139034,0.029475,0.165209,0.01446,,3031500,,
0,0,,0.24606,0.069497,0.028466,0.015726,0.207748,0.015367,0.231294,0.039705,0.131676,0.01446,,2949400,,
0,0,,0.409606,0.015332,0.237759,0.015242,0.01585,0.014921,0.018017,0.015801,0.242909,0.014562,,2967900,,
0,0,,0.261511,0.046163,0.036034,0.023294,0.172117,0.015367,0.231294,0.043173,0.156586,0.01446,,3239200,,
0,0,,0.478103,0.045455,0.04579,0.014836,0.102958,0.027649,0.068708,0.064831,0.137209,0.01446,,3015700,,
0,0,,0.788616,0.015332,0.043517,0.015242,0.040203,0.022361,0.018017,0.015801,0.018909,0.022001,,3160300,,
0,0,,0.317587,0.05271,0.043337,0.017107,0.093218,0.016748,0.163885,0.043862,0.237087,0.01446,,3089200,,
0,0,,0.261511,0.046163,0.036034,0.023294,0.172117,0.015367,0.231294,0.043173,0.156586,0.01446,,3012100,,
0,0,,0.316333,0.081518,0.13694,0.020964,0.056321,0.047597,0.050419,0.163065,0.112384,0.01446,,3063800,,
0,0,,0.69014,0.016921,0.01313,0.015012,0.015708,0.014653,0.015934,0.185491,0.018376,0.014636,,3021000,,
0,4,,0.25803,0.047981,0.028466,0.015726,0.281839,0.015367,0.231294,0.029857,0.076979,0.01446,,2954400,,
0,0,,0.788616,0.015332,0.043517,0.015242,0.040203,0.022361,0.018017,0.015801,0.018909,0.022001,,3008100,,
0,0,,0.398201,0.044345,0.072672,0.014836,0.068851,0.024554,0.096989,0.080185,0.184907,0.01446,,2924600,,
0,0,,0.398201,0.044345,0.072672,0.014836,0.068851,0.024554,0.096989,0.080185,0.184907,0.01446,,3014900,,
0,0,,0.387433,0.047634,0.029349,0.015726,0.150885,0.015367,0.231294,0.029215,0.078637,0.01446,,3236100,,
0,0,,0.294663,0.067447,0.043337,0.017107,0.077662,0.016748,0.163885,0.043044,0.261648,0.01446,,3104000,,
0,0,,0.788616,0.015332,0.043517,0.015242,0.040203,0.022361,0.018017,0.015801,0.018909,0.022001,,3098700,,
0,0,,0.788616,0.015332,0.043517,0.015242,0.040203,0.022361,0.018017,0.015801,0.018909,0.022001,,2999000,,
0,0,,0.788616,0.015332,0.043517,0.015242,0.040203,0.022361,0.018017,0.015801,0.018909,0.022001,,2854000,,
0,0,,0.317587,0.05271,0.043337,0.017107,0.093218,0.016748,0.163885,0.043862,0.237087,0.01446,,3451200,,
0,0,,0.38803,0.047981,0.028466,0.015726,0.151839,0.015367,0.231294,0.029857,0.076979,0.01446,,3021600,,
0,0,,0.478103,0.045455,0.04579,0.014836,0.102958,0.027649,0.068708,0.064831,0.137209,0.01446,,2980000,,
0,0,,0.391436,0.045455,0.04579,0.014836,0.102958,0.114315,0.068708,0.064831,0.137209,0.01446,,3050000,,
0,4,,0.192393,0.06483,0.047133,0.015726,0.242748,0.015367,0.231294,0.046705,0.129343,0.01446,,2927100,,
0,0,,0.261511,0.046163,0.036034,0.023294,0.172117,0.015367,0.231294,0.043173,0.156586,0.01446,,2998200,,
0,4,,0.192393,0.06483,0.047133,0.015726,0.242748,0.015367,0.231294,0.046705,0.129343,0.01446,,3062100,,
0,0,,0.391436,0.045455,0.04579,0.014836,0.102958,0.114315,0.068708,0.064831,0.137209,0.01446,,2907700,,
0,0,,0.38803,0.047981,0.028466,0.015726,0.151839,0.015367,0.231294,0.029857,0.076979,0.01446,,2989000,,
0,0,,0.446714,0.058487,0.038175,0.017794,0.076175,0.014477,0.139034,0.029475,0.165209,0.01446,,2988800,,
0,0,,0.306548,0.070775,0.052369,0.017107,0.086695,0.016748,0.163885,0.037339,0.234076,0.01446,,2878300,,
0,0,,0.306548,0.070775,0.052369,0.017107,0.086695,0.016748,0.163885,0.037339,0.234076,0.01446,,3175500,,
0,0,,0.446714,0.058487,0.038175,0.017794,0.076175,0.014477,0.139034,0.029475,0.165209,0.01446,,3060500,,
0,0,,0.316333,0.081518,0.13694,0.020964,0.056321,0.047597,0.050419,0.163065,0.112384,0.01446,,2988900,,
0,8,,0.274032,0.05271,0.054537,0.017107,0.100062,0.016748,0.163885,0.028307,0.278153,0.01446,,3221000,,
0,0,,0.69014,0.016921,0.01313,0.015012,0.015708,0.014653,0.015934,0.185491,0.018376,0.014636,,2945000,,
0,0,,0.317587,0.05271,0.043337,0.017107,0.093218,0.016748,0.163885,0.043862,0.237087,0.01446,,3310500,,
0,0,,0.316333,0.081518,0.13694,0.020964,0.056321,0.047597,0.050419,0.163065,0.112384,0.01446,,3210700,,
0,0,,0.446714,0.058487,0.038175,0.017794,0.076175,0.014477,0.139034,0.029475,0.165209,0.01446,,3175000,,
0,0,,0.24606,0.069497,0.028466,0.015726,0.207748,0.015367,0.231294,0.039705,0.131676,0.01446,,4352900,,
0,0,,0.788616,0.015332,0.043517,0.015242,0.040203,0.022361,0.018017,0.015801,0.018909,0.022001,,3409500,,
0,0,,0.788616,0.015332,0.043517,0.015242,0.040203,0.022361,0.018017,0.015801,0.018909,0.022001,,3535800,,
0,0,,0.24606,0.069497,0.028466,0.015726,0.207748,0.015367,0.231294,0.039705,0.131676,0.01446,,3486400,,
0,0,,0.478103,0.045455,0.04579,0.014836,0.102958,0.027649,0.068708,0.064831,0.137209,0.01446,,3326400,,
0,0,,0.446714,0.058487,0.038175,0.017794,0.076175,0.014477,0.139034,0.029475,0.165209,0.01446,,3474400,,
0,0,,0.478103,0.045455,0.04579,0.014836,0.102958,0.027649,0.068708,0.064831,0.137209,0.01446,,3379000,,
0,0,,0.252899,0.065474,0.047777,0.015726,0.197691,0.015367,0.231294,0.028038,0.131274,0.01446,,3604000,,
0,0,,0.387433,0.047634,0.029349,0.015726,0.150885,0.015367,0.231294,0.029215,0.078637,0.01446,,3359600,,
0,0,,0.788616,0.015332,0.043517,0.015242,0.040203,0.022361,0.018017,0.015801,0.018909,0.022001,,3637700,,
0,0,,0.252899,0.065474,0.047777,0.015726,0.197691,0.015367,0.231294,0.028038,0.131274,0.01446,,3446100,,
0,0,,0.24606,0.069497,0.028466,0.015726,0.207748,0.015367,0.231294,0.039705,0.131676,0.01446,,3332700,,
0,0,,0.330032,0.08071,0.043337,0.017107,0.077662,0.016748,0.163885,0.028307,0.227753,0.01446,,3358500,,
0,0,,0.252899,0.065474,0.047777,0.015726,0.197691,0.015367,0.231294,0.028038,0.131274,0.01446,,2916600,,
0,0,,0.306548,0.070775,0.052369,0.017107,0.086695,0.016748,0.163885,0.037339,0.234076,0.01446,,2932700,,
0,4,,0.192393,0.06483,0.047133,0.015726,0.242748,0.015367,0.231294,0.046705,0.129343,0.01446,,3200500,,
0,0,,0.312801,0.074249,0.043337,0.017107,0.099201,0.016748,0.163885,0.049845,0.208369,0.01446,,2868200,,
0,8,,0.12803,0.047981,0.028466,0.015726,0.151839,0.015367,0.231294,0.029857,0.336979,0.01446,,3167800,,
0,0,,0.446714,0.058487,0.038175,0.017794,0.076175,0.014477,0.139034,0.029475,0.165209,0.01446,,3135200,,
0,0,,0.25803,0.177981,0.028466,0.015726,0.151839,0.015367,0.231294,0.029857,0.076979,0.01446,,2884300,,
0,4,,0.192393,0.06483,0.047133,0.015726,0.242748,0.015367,0.231294,0.046705,0.129343,0.01446,,3299400,,
0,0,,0.446714,0.058487,0.038175,0.017794,0.076175,0.014477,0.139034,0.029475,0.165209,0.01446,,2976100,,
0,0,,0.478103,0.045455,0.04579,0.014836,0.102958,0.027649,0.068708,0.064831,0.137209,0.01446,,3070600,,
0,0,,0.312801,0.074249,0.043337,0.017107,0.099201,0.016748,0.163885,0.049845,0.208369,0.01446,,3047500,,
0,0,,0.478103,0.045455,0.04579,0.014836,0.102958,0.027649,0.068708,0.064831,0.137209,0.01446,,2981400,,
0,0,,0.446714,0.058487,0.038175,0.017794,0.076175,0.014477,0.139034,0.029475,0.165209,0.01446,,3054600,,
0,0,,0.478103,0.045455,0.04579,0.014836,0.102958,0.027649,0.068708,0.064831,0.137209,0.01446,,2979100,,
0,0,,0.446714,0.058487,0.038175,0.017794,0.076175,0.014477,0.139034,0.029475,0.165209,0.01446,,2892600,,
0,0,,0.446714,0.058487,0.038175,0.017794,0.076175,0.014477,0.139034,0.029475,0.165209,0.01446,,3001900,,
0,0,,0.788616,0.015332,0.043517,0.015242,0.040203,0.022361,0.018017,0.015801,0.018909,0.022001,,3117600,,
0,0,,0.398201,0.044345,0.072672,0.014836,0.068851,0.024554,0.096989,0.080185,0.184907,0.01446,,2874500,,
0,0,,0.306548,0.070775,0.052369,0.017107,0.086695,0.016748,0.163885,0.037339,0.234076,0.01446,,3084000,,
0,0,,0.38803,0.047981,0.028466,0.015726,0.151839,0.015367,0.231294,0.029857,0.076979,0.01446,,2965600,,
0,0,,0.788616,0.015332,0.043517,0.015242,0.040203,0.022361,0.018017,0.015801,0.018909,0.022001,,2874900,,
0,0,,0.426103,0.045455,0.04579,0.014836,0.102958,0.027649,0.068708,0.064831,0.189209,0.01446,,3149600,,
0,0,,0.252899,0.065474,0.047777,0.015726,0.197691,0.015367,0.231294,0.028038,0.131274,0.01446,,3029300,,
0,0,,0.478103,0.045455,0.04579,0.014836,0.102958,0.027649,0.068708,0.064831,0.137209,0.01446,,3030400,,
0,0,,0.446714,0.058487,0.038175,0.017794,0.076175,0.014477,0.139034,0.029475,0.165209,0.01446,,2924800,,
0,8,,0.109205,0.203435,0.014383,0.01519,0.017498,0.014831,0.014184,0.01787,0.578766,0.014637,,2891600,,
0,0,,0.478103,0.045455,0.04579,0.014836,0.102958,0.027649,0.068708,0.064831,0.137209,0.01446,,3094500,,
0,0,,0.69014,0.016921,0.01313,0.015012,0.015708,0.014653,0.015934,0.185491,0.018376,0.014636,,3007700,,
0,0,,0.252899,0.065474,0.047777,0.015726,0.197691,0.015367,0.231294,0.028038,0.131274,0.01446,,2883800,,
0,0,,0.446714,0.058487,0.038175,0.017794,0.076175,0.014477,0.139034,0.029475,0.165209,0.01446,,2964800,,
0,0,,0.788616,0.015332,0.043517,0.015242,0.040203,0.022361,0.018017,0.015801,0.018909,0.022001,,2971300,,
0,0,,0.478103,0.045455,0.04579,0.014836,0.102958,0.027649,0.068708,0.064831,0.137209,0.01446,,2856700,,
0,0,,0.387433,0.047634,0.029349,0.015726,0.150885,0.015367,0.231294,0.029215,0.078637,0.01446,,3208200,,
0,0,,0.317587,0.05271,0.043337,0.017107,0.093218,0.016748,0.163885,0.043862,0.237087,0.01446,,2951400,,
0,8,,0.019995,0.221675,0.050566,0.020376,0.038355,0.025794,0.013891,0.210691,0.375887,0.022769,,2967300,,
0,0,,0.312801,0.074249,0.043337,0.017107,0.099201,0.016748,0.163885,0.049845,0.208369,0.01446,,3107800,,
0,0,,0.519872,0.016769,0.014383,0.18319,0.017498,0.014831,0.014184,0.01787,0.186766,0.014637,,2891700,,
0,0,,0.446714,0.058487,0.038175,0.017794,0.076175,0.014477,0.139034,0.029475,0.165209,0.01446,,3049000,,
1,7,,0.014456,0.075883,0.106371,0.071981,0.058735,0.090533,0.013653,0.458225,0.028627,0.081537,,3001800,,
1,3,,0.021461,0.015332,0.013277,0.575242,0.014646,0.01468,0.29609,0.015801,0.018909,0.014562,,2963300,,
1,7,,0.01891,0.155035,0.193819,0.050465,0.124095,0.091723,0.013653,0.197032,0.109632,0.045635,,2996200,,
1,1,,0.014456,0.347401,0.054654,0.150401,0.033327,0.151014,0.013653,0.059551,0.020398,0.155146,,2923000,,
1,3,,0.014456,0.138967,0.085822,0.234793,0.043888,0.211942,0.013653,0.070217,0.020398,0.165863,,2892700,,
1,9,,0.014456,0.153434,0.054283,0.215711,0.033711,0.136558,0.013653,0.061696,0.020576,0.295922,,3045400,,
1,3,,0.005967,0.204981,0.197482,0.297534,0.018506,0.097955,0.037119,0.034631,0.009808,0.096017,,3068200,,
1,3,,0.014456,0.199158,0.054557,0.209397,0.052212,0.136558,0.013653,0.099199,0.020746,0.200063,,2968700,,
1,9,,0.014456,0.094071,0.060899,0.160025,0.046324,0.136558,0.013653,0.112788,0.020746,0.340481,,3151500,,
1,1,,0.014456,0.322434,0.054283,0.150711,0.033711,0.136558,0.013653,0.068196,0.020576,0.185422,,3796500,,
1,0,,0.261511,0.046163,0.036034,0.023294,0.172117,0.015367,0.231294,0.043173,0.156586,0.01446,,3339600,,
1,1,,0.124754,0.235518,0.121466,0.020964,0.056321,0.03286,0.106419,0.118855,0.168384,0.01446,,3189200,,
1,1,,0.01814,0.551521,0.01313,0.015012,0.049641,0.014653,0.015934,0.017491,0.289843,0.014636,,2985200,,
1,1,,0.005967,0.387658,0.073094,0.177482,0.029068,0.158883,0.006008,0.045297,0.009808,0.106734,,3137800,,
1,7,,0.01891,0.155035,0.193819,0.050465,0.124095,0.091723,0.013653,0.197032,0.109632,0.045635,,3002500,,
1,4,,0.014456,0.08664,0.056552,0.15826,0.294132,0.13757,0.013653,0.06122,0.021411,0.156107,,3259400,,
1,1,,0.005967,0.300092,0.181926,0.24909,0.018506,0.097955,0.006008,0.034631,0.009808,0.096017,,3199600,,
1,8,,0.015872,0.016769,0.014383,0.01519,0.017498,0.014831,0.014184,0.29787,0.578766,0.014637,,3024000,,
1,3,,0.014456,0.161686,0.091797,0.298973,0.033327,0.151014,0.013653,0.059551,0.020398,0.155146,,3091000,,
1,8,,0.155535,0.084345,0.083339,0.014836,0.128851,0.024554,0.118322,0.100185,0.275574,0.01446,,3053500,,
1,5,,0.014456,0.075048,0.110643,0.084226,0.059481,0.360746,0.013653,0.175771,0.042875,0.063101,,2957300,,
1,1,,0.01814,0.551521,0.01313,0.015012,0.049641,0.014653,0.015934,0.017491,0.289843,0.014636,,3423300,,
1,1,,0.014456,0.232146,0.113872,0.183335,0.033764,0.136558,0.013653,0.076043,0.035273,0.1609,,2913600,,
1,7,,0.014456,0.098059,0.120426,0.160583,0.13379,0.089181,0.013653,0.291006,0.046313,0.032533,,3157600,,
1,1,,0.014456,0.322434,0.054283,0.150711,0.033711,0.136558,0.013653,0.068196,0.020576,0.185422,,3042600,,
1,1,,0.124754,0.235518,0.121466,0.020964,0.056321,0.03286,0.106419,0.118855,0.168384,0.01446,,2838400,,
1,2,,0.019995,0.141675,0.370566,0.020376,0.038355,0.025794,0.013891,0.050691,0.295887,0.022769,,3154100,,
1,7,,0.014456,0.205883,0.106371,0.071981,0.058735,0.090533,0.013653,0.328225,0.028627,0.081537,,3060300,,
1,0,,0.199372,0.092122,0.04579,0.014836,0.176292,0.027014,0.095375,0.164831,0.169907,0.01446,,2934700,,
1,1,,0.006775,0.260286,0.170439,0.00757,0.244712,0.060053,0.00621,0.194717,0.042583,0.006654,,2980500,,
1,7,,0.01891,0.155035,0.193819,0.050465,0.124095,0.091723,0.013653,0.197032,0.109632,0.045635,,2939200,,
1,8,,0.021461,0.196525,0.032812,0.034777,0.063341,0.021192,0.150852,0.17661,0.281356,0.021073,,2904700,,
1,6,,0.117727,0.220006,0.028848,0.015726,0.181425,0.015431,0.304932,0.028038,0.073406,0.01446,,3057500,,
1,8,,0.199372,0.115455,0.04579,0.014836,0.137958,0.027014,0.068708,0.064831,0.311574,0.01446,,2988000,,
1,1,,0.124754,0.235518,0.121466,0.020964,0.056321,0.03286,0.106419,0.118855,0.168384,0.01446,,2932700,,
1,2,,0.014456,0.10225,0.218371,0.127981,0.056286,0.0889,0.013653,0.184348,0.056627,0.137129,,3154400,,
1,4,,0.173727,0.046163,0.028466,0.015726,0.289415,0.015367,0.231294,0.084038,0.101343,0.01446,,2867900,,
1,3,,0.014456,0.161686,0.091797,0.298973,0.033327,0.151014,0.013653,0.059551,0.020398,0.155146,,3731200,,
1,1,,0.019995,0.317675,0.050566,0.020376,0.166355,0.025794,0.013891,0.178691,0.183887,0.022769,,4247000,,
1,2,,0.005967,0.139887,0.294633,0.174436,0.019763,0.087889,0.108543,0.035016,0.013752,0.120115,,4100500,,
1,1,,0.019995,0.701675,0.050566,0.020376,0.038355,0.025794,0.013891,0.050691,0.055887,0.022769,,3306700,,
1,1,,0.005967,0.352008,0.228593,0.128976,0.025684,0.097955,0.006008,0.041809,0.009808,0.103194,,3412500,,
1,1,,0.005967,0.253425,0.228593,0.24909,0.018506,0.097955,0.006008,0.034631,0.009808,0.096017,,3576700,,
1,4,,0.015264,0.072045,0.015996,0.01625,0.408098,0.095662,0.013855,0.331806,0.015957,0.015066,,3309300,,
1,1,,0.005967,0.378674,0.201926,0.128976,0.025684,0.097955,0.006008,0.041809,0.009808,0.103194,,3427800,,
1,1,,0.275995,0.317675,0.050566,0.020376,0.038355,0.025794,0.013891,0.050691,0.183887,0.022769,,3646600,,
1,1,,0.124754,0.235518,0.121466,0.020964,0.056321,0.03286,0.106419,0.118855,0.168384,0.01446,,3361400,,
1,3,,0.014456,0.218121,0.054514,0.285973,0.033786,0.136891,0.013653,0.061448,0.020398,0.160761,,3605900,,
1,8,,0.021461,0.196525,0.032812,0.034777,0.063341,0.021192,0.150852,0.17661,0.281356,0.021073,,3254800,,
1,0,,0.199372,0.092122,0.04579,0.014836,0.176292,0.027014,0.095375,0.164831,0.169907,0.01446,,3946300,,
1,3,,0.014456,0.087978,0.054738,0.376735,0.034344,0.181115,0.013653,0.060264,0.021214,0.155502,,3304000,,
1,1,,0.005967,0.352008,0.228593,0.128976,0.025684,0.097955,0.006008,0.041809,0.009808,0.103194,,3494400,,
1,8,,0.162032,0.05271,0.083337,0.017107,0.077662,0.016748,0.163885,0.068307,0.343753,0.01446,,3945500,,
1,8,,0.155535,0.044345,0.203339,0.014836,0.068851,0.024554,0.078322,0.080185,0.315574,0.01446,,3331500,,
1,0,,0.317587,0.05271,0.043337,0.017107,0.093218,0.016748,0.163885,0.043862,0.237087,0.01446,,3338800,,
1,2,,0.014456,0.126985,0.268143,0.084226,0.056383,0.097084,0.013653,0.163376,0.042875,0.132819,,3293000,,
1,0,,0.24606,0.069497,0.028466,0.015726,0.207748,0.015367,0.231294,0.039705,0.131676,0.01446,,3470800,,
1,0,,0.252899,0.065474,0.047777,0.015726,0.197691,0.015367,0.231294,0.028038,0.131274,0.01446,,3516500,,
1,3,,0.014456,0.129666,0.168059,0.199549,0.039483,0.187467,0.013653,0.065811,0.020398,0.161458,,3980900,,
1,1,,0.005967,0.352008,0.228593,0.128976,0.025684,0.097955,0.006008,0.041809,0.009808,0.103194,,4270600,,
1,7,,0.248597,0.320275,0.015996,0.01625,0.015649,0.015891,0.013855,0.322462,0.015957,0.015066,,3878000,,
1,1,,0.005967,0.352008,0.228593,0.128976,0.025684,0.097955,0.006008,0.041809,0.009808,0.103194,,3029200,,
1,1,,0.014456,0.322434,0.054283,0.150711,0.033711,0.136558,0.013653,0.068196,0.020576,0.185422,,2924800,,
1,8,,0.021461,0.08696,0.106383,0.034777,0.161788,0.021192,0.147684,0.054871,0.34381,0.021073,,2987300,,
1,7,,0.014456,0.075048,0.110643,0.084226,0.059481,0.11205,0.013653,0.424466,0.042875,0.063101,,2875400,,
1,1,,0.005967,0.398674,0.181926,0.128976,0.025684,0.097955,0.006008,0.041809,0.009808,0.103194,,2918200,,
1,3,,0.014456,0.122454,0.128181,0.266862,0.058008,0.155224,0.013653,0.059448,0.020398,0.161316,,3465600,,
1,5,,0.014456,0.074485,0.110643,0.084226,0.056383,0.377084,0.013653,0.163376,0.042875,0.062819,,3014500,,
1,9,,0.014456,0.088434,0.054283,0.150711,0.033711,0.136558,0.013653,0.23503,0.020576,0.252589,,3147000,,
1,1,,0.014456,0.217577,0.05597,0.154955,0.165225,0.136908,0.013653,0.060149,0.020398,0.160708,,3914600,,
1,1,,0.005967,0.297563,0.236371,0.128976,0.025684,0.097955,0.044897,0.041809,0.009808,0.110972,,2883200,,
1,7,,0.01891,0.155035,0.193819,0.050465,0.124095,0.091723,0.013653,0.197032,0.109632,0.045635,,3255300,,
1,1,,0.014456,0.322434,0.054283,0.150711,0.033711,0.136558,0.013653,0.068196,0.020576,0.185422,,2977200,,
1,1,,0.01814,0.551521,0.01313,0.015012,0.049641,0.014653,0.015934,0.017491,0.289843,0.014636,,2900700,,
1,8,,0.021461,0.068059,0.03661,0.038576,0.014646,0.01468,0.154272,0.015801,0.621334,0.014562,,3215000,,
1,0,,0.306548,0.070775,0.052369,0.017107,0.086695,0.016748,0.163885,0.037339,0.234076,0.01446,,2890000,,
1,2,,0.01891,0.080918,0.299231,0.050465,0.11586,0.075253,0.013653,0.223385,0.076691,0.045635,,3104200,,
1,4,,0.117727,0.06483,0.028466,0.015726,0.392081,0.015367,0.249961,0.028038,0.073343,0.01446,,3021800,,
1,0,,0.199372,0.092122,0.04579,0.014836,0.176292,0.027014,0.095375,0.164831,0.169907,0.01446,,3026900,,
1,8,,0.015872,0.016769,0.014383,0.01519,0.017498,0.014831,0.014184,0.29787,0.578766,0.014637,,3095300,,
1,2,,0.005967,0.071486,0.374345,0.050244,0.03294,0.058494,0.031462,0.100537,0.14365,0.130873,,3035400,,
1,8,,0.015872,0.184769,0.014383,0.01519,0.185498,0.014831,0.182184,0.18587,0.186766,0.014637,,2955700,,
1,1,,0.005967,0.398674,0.181926,0.128976,0.025684,0.097955,0.006008,0.041809,0.009808,0.103194,,3002600,,
1,4,,0.176674,0.134584,0.043203,0.015726,0.237836,0.015367,0.231294,0.028038,0.102816,0.01446,,3083500,,
1,3,,0.014456,0.138967,0.085822,0.234793,0.043888,0.211942,0.013653,0.070217,0.020398,0.165863,,2924800,,
1,7,,0.01891,0.155035,0.193819,0.050465,0.124095,0.091723,0.013653,0.197032,0.109632,0.045635,,3108900,,
1,9,,0.014456,0.120934,0.054283,0.183211,0.066211,0.136558,0.013653,0.126696,0.020576,0.263422,,2898900,,
1,3,,0.014456,0.122454,0.128181,0.266862,0.058008,0.155224,0.013653,0.059448,0.020398,0.161316,,3240800,,
1,3,,0.014456,0.115529,0.056552,0.302704,0.034132,0.195348,0.013653,0.06122,0.021411,0.184996,,3448200,,
1,7,,0.01891,0.155035,0.193819,0.050465,0.124095,0.091723,0.013653,0.197032,0.109632,0.045635,,2919900,,
1,0,,0.199372,0.092122,0.04579,0.014836,0.176292,0.027014,0.095375,0.164831,0.169907,0.01446,,3070600,,
1,3,,0.014456,0.140121,0.106514,0.259973,0.033786,0.136891,0.013653,0.061448,0.020398,0.212761,,2945800,,
1,8,,0.015872,0.136769,0.014383,0.01519,0.017498,0.014831,0.014184,0.13787,0.618766,0.014637,,2925700,,
1,1,,0.014456,0.232146,0.113872,0.183335,0.033764,0.136558,0.013653,0.076043,0.035273,0.1609,,3289000,,
1,3,,0.014456,0.199158,0.054557,0.209397,0.052212,0.136558,0.013653,0.099199,0.020746,0.200063,,3132200,,
1,1,,0.014456,0.289983,0.054654,0.186287,0.040504,0.151014,0.013653,0.066729,0.020398,0.162323,,3129700,,
1,2,,0.014456,0.190013,0.307093,0.073572,0.045054,0.086767,0.013653,0.190892,0.045968,0.032533,,2998700,,
1,5,,0.01891,0.150918,0.103231,0.050465,0.18586,0.215253,0.013653,0.139385,0.076691,0.045635,,2900100,,
1,0,,0.24606,0.069497,0.028466,0.015726,0.207748,0.015367,0.231294,0.039705,0.131676,0.01446,,3085900,,
1,8,,0.168282,0.058487,0.038175,0.017794,0.109064,0.014477,0.199243,0.029475,0.350543,0.01446,,3166700,,
1,2,,0.005967,0.115393,0.36175,0.140857,0.025799,0.052068,0.108543,0.118334,0.030062,0.041225,,2902400,,
1,7,,0.015264,0.016942,0.085996,0.01625,0.365649,0.015891,0.013855,0.369129,0.085957,0.015066,,3168600,,
1,1,,0.01814,0.551521,0.01313,0.015012,0.049641,0.014653,0.015934,0.017491,0.289843,0.014636,,2920600,,
1,8,,0.155535,0.076653,0.063339,0.014836,0.122697,0.035323,0.089091,0.177108,0.250958,0.01446,,2939000,,
1,8,,0.019995,0.221675,0.050566,0.020376,0.038355,0.025794,0.013891,0.210691,0.375887,0.022769,,3156700,,
1,1,,0.014456,0.232146,0.113872,0.183335,0.033764,0.136558,0.013653,0.076043,0.035273,0.1609,,2986400,,
1,2,,0.014456,0.190013,0.307093,0.073572,0.045054,0.086767,0.013653,0.190892,0.045968,0.032533,,2997500,,
1,1,,0.014456,0.232146,0.113872,0.183335,0.033764,0.136558,0.013653,0.076043,0.035273,0.1609,,2998000,,
1,1,,0.014456,0.289983,0.054654,0.186287,0.040504,0.151014,0.013653,0.066729,0.020398,0.162323,,2915500,,
1,8,,0.015872,0.016769,0.224383,0.01519,0.017498,0.014831,0.014184,0.01787,0.648766,0.014637,,2974800,,
1,7,,0.014456,0.205883,0.106371,0.071981,0.058735,0.090533,0.013653,0.328225,0.028627,0.081537,,3167300,,
1,7,,0.014456,0.136707,0.141754,0.115337,0.087494,0.097084,0.013653,0.163376,0.105097,0.125042,,2888600,,
1,9,,0.014456,0.205803,0.057514,0.15564,0.057256,0.137558,0.013653,0.085084,0.044534,0.228503,,3037500,,
1,4,,0.015872,0.136769,0.014383,0.01519,0.617498,0.014831,0.014184,0.13787,0.018766,0.014637,,2996400,,
1,8,,0.199372,0.045455,0.139124,0.014836,0.102958,0.027014,0.068708,0.064831,0.323241,0.01446,,2873500,,
2,2,,0.015264,0.060214,0.340373,0.179154,0.015649,0.125707,0.013855,0.085673,0.082501,0.08161,,3350400,,
2,2,,0.005967,0.208724,0.239173,0.129967,0.018944,0.083499,0.108543,0.051123,0.028626,0.125433,,2955700,,
2,2,,0.014456,0.087401,0.314654,0.150401,0.033327,0.151014,0.013653,0.059551,0.020398,0.155146,,3048300,,
2,8,,0.021461,0.149182,0.095034,0.034777,0.014646,0.021192,0.091335,0.054871,0.496429,0.021073,,2984200,,
2,5,,0.199372,0.045455,0.04579,0.014836,0.102958,0.307014,0.068708,0.064831,0.136574,0.01446,,2912500,,
2,9,,0.005967,0.082554,0.220182,0.102281,0.01847,0.083499,0.108543,0.137092,0.014094,0.227319,,3141900,,
2,3,,0.014456,0.105596,0.141754,0.270892,0.056383,0.128195,0.013653,0.163376,0.042875,0.062819,,3087500,,
2,0,,0.312801,0.074249,0.043337,0.017107,0.099201,0.016748,0.163885,0.049845,0.208369,0.01446,,2908900,,
2,8,,0.109205,0.203435,0.014383,0.01519,0.017498,0.014831,0.014184,0.01787,0.578766,0.014637,,3121200,,
2,0,,0.199372,0.045455,0.18579,0.014836,0.149625,0.027014,0.068708,0.111498,0.183241,0.01446,,2983300,,
2,3,,0.014456,0.129666,0.168059,0.199549,0.039483,0.187467,0.013653,0.065811,0.020398,0.161458,,2882500,,
2,1,,0.124754,0.235518,0.121466,0.020964,0.056321,0.03286,0.106419,0.118855,0.168384,0.01446,,3242600,,
2,7,,0.186976,0.081518,0.138577,0.020964,0.087432,0.03286,0.08153,0.243299,0.112384,0.01446,,2970300,,
2,2,,0.005967,0.065602,0.356538,0.10015,0.019763,0.174556,0.108543,0.035016,0.013752,0.120115,,2992000,,
2,2,,0.014456,0.087401,0.184654,0.150401,0.163327,0.151014,0.013653,0.059551,0.020398,0.155146,,3945700,,
2,8,,0.199372,0.045455,0.04579,0.014836,0.102958,0.120347,0.162042,0.064831,0.229907,0.01446,,2951300,,
2,1,,0.005967,0.333919,0.215404,0.054188,0.03294,0.058494,0.108543,0.100537,0.028806,0.061202,,3189200,,
2,5,,0.005967,0.056669,0.289069,0.102757,0.019524,0.344723,0.038949,0.035344,0.010624,0.096373,,2989100,,
2,2,,0.014456,0.143346,0.307093,0.120239,0.045054,0.086767,0.013653,0.190892,0.045968,0.032533,,2909000,,
2,2,,0.005967,0.19304,0.349805,0.098061,0.032577,0.053882,0.006008,0.113778,0.042944,0.103938,,3483000,,
2,2,,0.01891,0.080918,0.299231,0.050465,0.11586,0.075253,0.013653,0.223385,0.076691,0.045635,,2886200,,
2,2,,0.014456,0.07425,0.218371,0.155981,0.056286,0.1449,0.013653,0.184348,0.028627,0.109129,,3011200,,
2,6,,0.155535,0.044345,0.119339,0.014836,0.068851,0.024554,0.246322,0.080185,0.231574,0.01446,,3037800,,
2,5,,0.014456,0.074485,0.15731,0.130892,0.056383,0.190417,0.013653,0.163376,0.042875,0.156153,,2909600,,
2,8,,0.155535,0.044345,0.063339,0.014836,0.068851,0.024554,0.078322,0.220185,0.315574,0.01446,,2980100,,
2,2,,0.005967,0.098532,0.481934,0.050244,0.03294,0.058494,0.038949,0.100537,0.024862,0.10754,,3663300,,
2,2,,0.012972,0.071248,0.381748,0.010506,0.006866,0.006211,0.110979,0.007178,0.36248,0.029812,,2961500,,
2,8,,0.155535,0.044345,0.098339,0.014836,0.138851,0.024554,0.113322,0.115185,0.280574,0.01446,,3613600,,
2,2,,0.007383,0.022456,0.594297,0.049744,0.009718,0.006362,0.074831,0.045653,0.133266,0.056289,,3134300,,
2,9,,0.005967,0.165753,0.228222,0.108693,0.034185,0.083499,0.006008,0.128541,0.009985,0.229146,,3556200,,
2,9,,0.005967,0.082554,0.220182,0.102281,0.01847,0.083499,0.108543,0.137092,0.014094,0.227319,,3202000,,
2,9,,0.005967,0.079864,0.270905,0.132342,0.045259,0.083714,0.056917,0.037538,0.010023,0.27747,,2926100,,
2,2,,0.019995,0.061675,0.387408,0.087744,0.038355,0.025794,0.013891,0.118059,0.15694,0.090138,,3016600,,
2,2,,0.014456,0.072403,0.341035,0.071053,0.095736,0.038622,0.013653,0.171625,0.144884,0.036532,,3009100,,
2,2,,0.005967,0.052927,0.327833,0.130005,0.032577,0.109882,0.108543,0.113778,0.018887,0.0996,,2945000,,
2,7,,0.01891,0.155035,0.193819,0.050465,0.124095,0.091723,0.013653,0.197032,0.109632,0.045635,,3368000,,
2,3,,0.014456,0.163309,0.169333,0.227803,0.034583,0.140948,0.013653,0.059936,0.020398,0.155582,,2901300,,
2,2,,0.014456,0.07425,0.199704,0.071981,0.149619,0.182233,0.013653,0.184348,0.028627,0.081129,,3112000,,
2,7,,0.01891,0.080918,0.143231,0.050465,0.11586,0.075253,0.013653,0.299385,0.156691,0.045635,,3185400,,
2,8,,0.155535,0.044345,0.156672,0.014836,0.068851,0.024554,0.078322,0.080185,0.36224,0.01446,,2884200,,
2,4,,0.01814,0.016921,0.01313,0.015012,0.375708,0.014653,0.135934,0.257491,0.138376,0.014636,,4016200,,
2,3,,0.014456,0.129666,0.168059,0.199549,0.039483,0.187467,0.013653,0.065811,0.020398,0.161458,,3486200,,
2,2,,0.005967,0.08504,0.374472,0.112061,0.032577,0.123882,0.006008,0.113778,0.014944,0.131271,,3050400,,
2,2,,0.014456,0.087401,0.314654,0.150401,0.033327,0.151014,0.013653,0.059551,0.020398,0.155146,,3105900,,
2,2,,0.014456,0.114485,0.230643,0.124226,0.056383,0.137084,0.013653,0.163376,0.082875,0.062819,,3076400,,
2,1,,0.014456,0.25668,0.160426,0.073572,0.045054,0.086767,0.013653,0.190892,0.045968,0.112533,,3071400,,
2,4,,0.173727,0.046163,0.028466,0.015726,0.289415,0.015367,0.231294,0.084038,0.101343,0.01446,,2932300,,
2,2,,0.005967,0.075458,0.40925,0.075726,0.03294,0.058494,0.108543,0.100537,0.071883,0.061202,,2864400,,
2,2,,0.005967,0.259728,0.318166,0.04358,0.025799,0.052068,0.044897,0.118334,0.026119,0.105341,,3122000,,
2,6,,0.117727,0.046673,0.044142,0.015726,0.183124,0.015431,0.461272,0.028038,0.073406,0.01446,,3015300,,
2,2,,0.005967,0.193304,0.245466,0.152086,0.037392,0.083499,0.031462,0.074279,0.03561,0.140934,,2969200,,
2,3,,0.014456,0.129666,0.168059,0.199549,0.039483,0.187467,0.013653,0.065811,0.020398,0.161458,,3197900,,
2,1,,0.162032,0.19271,0.113337,0.017107,0.147662,0.016748,0.163885,0.028307,0.143753,0.01446,,2901600,,
2,2,,0.014456,0.089023,0.317904,0.153518,0.034583,0.140948,0.013653,0.059936,0.020398,0.155582,,3287500,,
2,8,,0.124754,0.081518,0.107466,0.020964,0.056321,0.03286,0.050419,0.118855,0.392384,0.01446,,3037900,,
2,4,,0.199372,0.045455,0.04579,0.014836,0.242958,0.027014,0.138708,0.064831,0.206574,0.01446,,2878800,,
2,8,,0.021461,0.015332,0.153277,0.155242,0.126646,0.01468,0.21209,0.015801,0.270909,0.014562,,2998400,,
2,3,,0.005967,0.081723,0.246879,0.292644,0.020404,0.08385,0.031462,0.035229,0.035263,0.166579,,2936100,,
2,7,,0.019995,0.061675,0.370566,0.020376,0.038355,0.025794,0.013891,0.370691,0.055887,0.022769,,2906700,,
2,2,,0.015872,0.016769,0.565363,0.06336,0.017498,0.014831,0.014184,0.06604,0.163276,0.062807,,3052300,,
2,2,,0.014456,0.114485,0.230643,0.124226,0.056383,0.137084,0.013653,0.163376,0.082875,0.062819,,3137200,,
2,2,,0.015264,0.050983,0.417297,0.189923,0.015649,0.085707,0.013855,0.065673,0.062501,0.083148,,2961100,,
2,2,,0.005967,0.138532,0.461542,0.050244,0.03294,0.058494,0.006008,0.100537,0.024862,0.120873,,3052600,,
2,2,,0.014456,0.072403,0.341035,0.071053,0.095736,0.038622,0.013653,0.171625,0.144884,0.036532,,2948200,,
2,9,,0.014456,0.085976,0.068566,0.16249,0.040132,0.136558,0.013653,0.096222,0.02074,0.361207,,3090400,,
2,8,,0.162032,0.19271,0.043337,0.017107,0.077662,0.016748,0.163885,0.028307,0.283753,0.01446,,3973600,,
2,2,,0.014456,0.07425,0.330371,0.071981,0.056286,0.1449,0.013653,0.184348,0.028627,0.081129,,2911500,,
2,8,,0.01814,0.016921,0.01313,0.015012,0.015708,0.014653,0.225934,0.017491,0.648376,0.014636,,3286100,,
2,2,,0.01891,0.080918,0.299231,0.050465,0.11586,0.075253,0.013653,0.223385,0.076691,0.045635,,2911200,,
2,3,,0.005967,0.055331,0.290883,0.334949,0.019312,0.084511,0.038949,0.0363,0.036821,0.096978,,3281700,,
2,6,,0.162032,0.053155,0.17467,0.017107,0.080107,0.04947,0.243996,0.028307,0.176698,0.01446,,3865100,,
2,6,,0.117727,0.046673,0.044142,0.015726,0.152536,0.015431,0.49186,0.028038,0.073406,0.01446,,2970200,,
2,1,,0.005967,0.235887,0.180182,0.145614,0.01847,0.083499,0.108543,0.037092,0.014094,0.170653,,3289100,,
2,2,,0.005967,0.099072,0.385893,0.075853,0.059385,0.044695,0.044897,0.10586,0.133543,0.044836,,3122300,,
2,7,,0.124754,0.081518,0.107466,0.020964,0.126321,0.03286,0.050419,0.258855,0.182384,0.01446,,3506100,,
2,2,,0.014456,0.085737,0.234368,0.09772,0.095736,0.061955,0.013653,0.171625,0.174884,0.049866,,4377800,,
2,2,,0.01814,0.016921,0.43313,0.015012,0.225708,0.014653,0.225934,0.017491,0.018376,0.014636,,2890400,,
2,2,,0.005967,0.179365,0.397375,0.143578,0.03294,0.058494,0.006008,0.100537,0.024862,0.050873,,3079900,,
2,2,,0.014456,0.096024,0.304489,0.105764,0.056383,0.097084,0.013653,0.163376,0.085951,0.062819,,2885800,,
2,0,,0.306548,0.070775,0.052369,0.017107,0.086695,0.016748,0.163885,0.037339,0.234076,0.01446,,3042500,,
2,4,,0.114794,0.015332,0.199944,0.201909,0.219979,0.01468,0.07209,0.015801,0.130909,0.014562,,3117400,,
2,2,,0.005967,0.128699,0.241708,0.048891,0.032577,0.123882,0.0743,0.113778,0.028602,0.201596,,3058400,,
2,3,,0.114794,0.015332,0.013277,0.575242,0.014646,0.01468,0.109423,0.109134,0.018909,0.014562,,3235600,,
2,4,,0.014456,0.08664,0.056552,0.15826,0.294132,0.13757,0.013653,0.06122,0.021411,0.156107,,2978100,,
2,8,,0.248868,0.044345,0.063339,0.014836,0.068851,0.024554,0.078322,0.080185,0.36224,0.01446,,2923400,,
2,0,,0.214949,0.058487,0.178175,0.017794,0.122842,0.014477,0.137465,0.029475,0.211876,0.01446,,3378000,,
2,2,,0.005967,0.095331,0.322491,0.204949,0.071312,0.084511,0.006008,0.0883,0.010821,0.110311,,2972600,,
2,8,,0.155535,0.044345,0.156672,0.014836,0.162184,0.024554,0.078322,0.080185,0.268907,0.01446,,2854300,,
2,2,,0.005967,0.115545,0.211122,0.181426,0.029068,0.158883,0.108543,0.045297,0.013752,0.130396,,3077800,,
2,2,,0.014456,0.126985,0.268143,0.084226,0.056383,0.097084,0.013653,0.163376,0.042875,0.132819,,2915500,,
2,9,,0.005967,0.117852,0.199614,0.129349,0.019026,0.083862,0.037119,0.037073,0.009808,0.360329,,2911700,,
2,0,,0.261616,0.058487,0.131508,0.017794,0.076175,0.014477,0.137465,0.029475,0.258543,0.01446,,3085000,,
2,2,,0.005967,0.106419,0.372904,0.054188,0.03294,0.058494,0.108543,0.100537,0.028806,0.131202,,2939300,,
2,2,,0.014456,0.087401,0.314654,0.150401,0.033327,0.151014,0.013653,0.059551,0.020398,0.155146,,3102600,,
2,2,,0.014456,0.09668,0.400426,0.073572,0.045054,0.086767,0.013653,0.190892,0.045968,0.032533,,2962800,,
2,2,,0.005967,0.046032,0.394434,0.050244,0.03294,0.128494,0.038949,0.170537,0.024862,0.10754,,2863700,,
2,8,,0.162032,0.05271,0.090003,0.063773,0.124329,0.016748,0.210551,0.028307,0.237087,0.01446,,3061400,,
2,6,,0.162032,0.053155,0.04467,0.017107,0.080107,0.01697,0.352329,0.028307,0.230865,0.01446,,2987500,,
2,6,,0.155535,0.044345,0.203339,0.014836,0.068851,0.024554,0.218322,0.080185,0.175574,0.01446,,2904900,,
2,8,,0.208282,0.058487,0.038175,0.017794,0.196175,0.014477,0.177465,0.029475,0.245209,0.01446,,3016500,,
2,2,,0.005967,0.06975,0.465829,0.099919,0.018506,0.097955,0.0743,0.034631,0.023467,0.109675,,2929800,,
2,1,,0.014456,0.354485,0.110643,0.084226,0.056383,0.097084,0.013653,0.163376,0.042875,0.062819,,2851300,,
2,6,,0.162032,0.053155,0.04467,0.017107,0.080107,0.01697,0.352329,0.028307,0.230865,0.01446,,3206600,,
2,9,,0.014456,0.088434,0.134283,0.210711,0.033711,0.136558,0.013653,0.101696,0.020576,0.245922,,2978200,,
2,2,,0.005967,0.289425,0.348593,0.09309,0.018506,0.097955,0.006008,0.034631,0.009808,0.096017,,2995900,,
2,2,,0.005967,0.063218,0.376852,0.104892,0.019312,0.084511,0.108543,0.1013,0.014764,0.12064,,3079900,,
2,2,,0.005967,0.063979,0.439954,0.097034,0.018506,0.097955,0.108543,0.034631,0.013752,0.119679,,2841200,,
2,7,,0.019995,0.061675,0.370566,0.020376,0.038355,0.025794,0.013891,0.370691,0.055887,0.022769,,3155600,,
2,2,,0.014456,0.087401,0.314654,0.150401,0.033327,0.151014,0.013653,0.059551,0.020398,0.155146,,3041100,,
2,2,,0.008846,0.163442,0.386582,0.029186,0.080095,0.062781,0.006008,0.144315,0.079212,0.039533,,2980400,,
2,9,,0.014456,0.086939,0.056787,0.155549,0.033847,0.136921,0.013653,0.061993,0.020398,0.419458,,3277600,,
2,4,,0.25803,0.047981,0.028466,0.015726,0.281839,0.015367,0.231294,0.029857,0.076979,0.01446,,2907100,,
3,2,,0.019995,0.061675,0.387408,0.087744,0.038355,0.025794,0.013891,0.118059,0.15694,0.090138,,2936600,,
3,9,,0.014456,0.086939,0.056787,0.233549,0.033847,0.162921,0.013653,0.061993,0.020398,0.315458,,3400300,,
3,2,,0.015264,0.027711,0.579585,0.02702,0.015649,0.015891,0.013855,0.019129,0.24929,0.036605,,2943400,,
3,0,,0.435872,0.016769,0.119383,0.01519,0.017498,0.119831,0.014184,0.22787,0.018766,0.014637,,3116700,,
3,3,,0.014456,0.087978,0.054738,0.376735,0.034344,0.181115,0.013653,0.060264,0.021214,0.155502,,3085900,,
3,3,,0.014456,0.129666,0.168059,0.199549,0.039483,0.187467,0.013653,0.065811,0.020398,0.161458,,2881100,,
3,3,,0.014456,0.087577,0.12097,0.219955,0.100225,0.136908,0.013653,0.125149,0.020398,0.160708,,3051800,,
3,9,,0.014456,0.088434,0.054283,0.166961,0.033711,0.136558,0.013653,0.077946,0.028701,0.385297,,3096100,,
3,3,,0.014456,0.138967,0.085822,0.234793,0.043888,0.211942,0.013653,0.070217,0.020398,0.165863,,2893900,,
3,3,,0.014456,0.087978,0.054738,0.376735,0.034344,0.181115,0.013653,0.060264,0.021214,0.155502,,3362900,,
3,9,,0.014456,0.086411,0.120234,0.185011,0.067125,0.136773,0.013653,0.062458,0.020613,0.293266,,2944400,,
3,3,,0.014456,0.085976,0.054881,0.415648,0.03329,0.136558,0.013653,0.062012,0.02074,0.162786,,3028400,,
3,3,,0.014456,0.085976,0.054881,0.415648,0.03329,0.136558,0.013653,0.062012,0.02074,0.162786,,3091200,,
3,3,,0.014456,0.085976,0.054881,0.415648,0.03329,0.136558,0.013653,0.062012,0.02074,0.162786,,3027700,,
3,7,,0.014456,0.075048,0.110643,0.084226,0.133767,0.137889,0.013653,0.324342,0.042875,0.063101,,3912000,,
3,4,,0.015264,0.086942,0.015996,0.01625,0.715649,0.015891,0.013855,0.089129,0.015957,0.015066,,2972800,,
3,3,,0.014456,0.174645,0.054738,0.246735,0.034344,0.137782,0.013653,0.146931,0.021214,0.155502,,2902600,,
3,1,,0.014456,0.217577,0.05597,0.154955,0.165225,0.136908,0.013653,0.060149,0.020398,0.160708,,4046800,,
3,9,,0.014456,0.18523,0.054557,0.218683,0.033641,0.136558,0.013653,0.094556,0.020746,0.22792,,2977400,,
3,3,,0.014456,0.087401,0.054654,0.410401,0.033327,0.151014,0.013653,0.059551,0.020398,0.155146,,3057400,,
3,5,,0.014456,0.074485,0.110643,0.084226,0.056383,0.377084,0.013653,0.163376,0.042875,0.062819,,3026800,,
3,3,,0.014456,0.08773,0.054557,0.413683,0.033641,0.136558,0.013653,0.062056,0.020746,0.16292,,2845900,,
3,1,,0.019995,0.317675,0.050566,0.020376,0.038355,0.281794,0.013891,0.050691,0.183887,0.022769,,3982300,,
3,2,,0.019995,0.061675,0.387408,0.087744,0.038355,0.025794,0.013891,0.118059,0.15694,0.090138,,3162200,,
3,3,,0.014456,0.13864,0.056552,0.31426,0.034132,0.13757,0.013653,0.06122,0.073411,0.156107,,4516700,,
3,9,,0.014456,0.088434,0.054283,0.150711,0.033711,0.136558,0.013653,0.23503,0.020576,0.252589,,2962800,,
3,2,,0.061931,0.040214,0.36704,0.22582,0.015649,0.085707,0.013855,0.065673,0.062501,0.06161,,2955100,,
3,9,,0.014456,0.088434,0.054283,0.202711,0.033711,0.136558,0.013653,0.07903,0.020576,0.356589,,3130400,,
3,9,,0.014456,0.087577,0.05597,0.154955,0.035225,0.136908,0.013653,0.060149,0.020398,0.420708,,3161900,,
3,5,,0.03538,0.130329,0.103231,0.116347,0.13233,0.141135,0.013653,0.139385,0.076691,0.111518,,3047000,,
3,3,,0.014456,0.085976,0.054881,0.415648,0.03329,0.136558,0.013653,0.062012,0.02074,0.162786,,3009400,,
3,3,,0.014456,0.088121,0.054514,0.415973,0.033786,0.136891,0.013653,0.061448,0.020398,0.160761,,3006600,,
3,3,,0.014456,0.144485,0.145643,0.189226,0.056383,0.132084,0.013653,0.163376,0.042875,0.097819,,3234700,,
3,5,,0.014456,0.089023,0.057904,0.153518,0.034583,0.400948,0.013653,0.059936,0.020398,0.155582,,3198200,,
3,3,,0.014456,0.086939,0.056787,0.415549,0.033847,0.136921,0.013653,0.061993,0.020398,0.159458,,2909100,,
3,9,,0.014456,0.088434,0.054283,0.166961,0.033711,0.136558,0.013653,0.077946,0.028701,0.385297,,3173300,,
3,1,,0.014456,0.289983,0.054654,0.186287,0.040504,0.151014,0.013653,0.066729,0.020398,0.162323,,2884700,,
3,3,,0.014456,0.129666,0.168059,0.199549,0.039483,0.187467,0.013653,0.065811,0.020398,0.161458,,3127100,,
3,3,,0.014456,0.152978,0.054738,0.290068,0.034344,0.137782,0.013653,0.060264,0.086214,0.155502,,3161600,,
3,9,,0.014456,0.087701,0.056094,0.241113,0.033764,0.136558,0.013653,0.061598,0.020828,0.334234,,3076200,,
