optdigits,Tuned_CWT,test,2,NANOSECONDS,PREDICTIONS, Generated by ClassifierExperiments.java on 2022-05-16 00:03:44.    SYSTEMPROPERTIES:{user.name:matth,os.arch:amd64,os.name:Windows 10},ENDSYSTEMPROPERTIES
No parameter info
0.6217891939769707,7984473700,3427981300,-1,162986864,10,,-1,-1
0,0,,0.393593,0.037867,0.025737,0.020419,0.172779,0.016668,0.236657,0.025963,0.054094,0.016222,,3106100,,
0,0,,0.304441,0.118126,0.064609,0.018052,0.057122,0.060255,0.057009,0.03879,0.263956,0.01764,,2996100,,
0,0,,0.528774,0.035158,0.145782,0.01911,0.080444,0.035251,0.077755,0.026135,0.030067,0.021524,,2971500,,
0,8,,0.142308,0.04717,0.03969,0.017086,0.149878,0.016668,0.1872,0.049219,0.334559,0.016222,,2928700,,
0,0,,0.674777,0.027633,0.035782,0.017758,0.062939,0.032747,0.06315,0.031305,0.031468,0.022441,,3200900,,
0,0,,0.486692,0.039693,0.029225,0.016552,0.080803,0.027144,0.135106,0.037335,0.130311,0.01714,,2977900,,
0,0,,0.391385,0.059685,0.025737,0.017086,0.151048,0.016668,0.215748,0.044751,0.06167,0.016222,,2984500,,
0,0,,0.408838,0.075019,0.073528,0.021577,0.087842,0.056224,0.087981,0.09659,0.07618,0.016222,,3453800,,
0,0,,0.425022,0.037867,0.025737,0.020419,0.141351,0.016668,0.236657,0.025963,0.054094,0.016222,,2955000,,
0,0,,0.456886,0.059713,0.03943,0.017932,0.103063,0.030889,0.149475,0.030937,0.093814,0.017861,,2935500,,
0,0,,0.472559,0.036762,0.03943,0.017932,0.079522,0.016134,0.196885,0.026019,0.098536,0.016222,,2948500,,
0,0,,0.499633,0.027876,0.073666,0.016552,0.09569,0.033737,0.05972,0.054724,0.12218,0.016222,,2979700,,
0,0,,0.486692,0.039693,0.029225,0.016552,0.080803,0.027144,0.135106,0.037335,0.130311,0.01714,,2989400,,
0,0,,0.363661,0.058275,0.025737,0.019127,0.124344,0.054423,0.185705,0.060657,0.072461,0.03561,,3023000,,
0,0,,0.490777,0.045795,0.039001,0.016552,0.10058,0.037256,0.086719,0.06,0.106179,0.01714,,2910200,,
0,0,,0.395689,0.047219,0.029225,0.017904,0.098308,0.029648,0.149711,0.032165,0.18391,0.016222,,3037800,,
0,0,,0.638774,0.035158,0.035782,0.01911,0.080444,0.035251,0.077755,0.026135,0.030067,0.021524,,2919000,,
0,0,,0.468855,0.055305,0.029225,0.016552,0.099903,0.030889,0.120247,0.030327,0.130837,0.017861,,2887900,,
0,0,,0.472559,0.036762,0.03943,0.017932,0.079522,0.016134,0.196885,0.026019,0.098536,0.016222,,3264800,,
0,0,,0.283527,0.032354,0.029225,0.016552,0.22467,0.037673,0.153092,0.025409,0.159738,0.037761,,2928300,,
0,0,,0.456886,0.059713,0.03943,0.017932,0.103063,0.030889,0.149475,0.030937,0.093814,0.017861,,2892500,,
0,0,,0.467479,0.056638,0.04007,0.016552,0.099948,0.039081,0.099676,0.056629,0.107705,0.016222,,3176300,,
0,0,,0.410517,0.052732,0.025737,0.018437,0.153963,0.030181,0.204045,0.03272,0.055445,0.016222,,2888100,,
0,0,,0.674777,0.027633,0.035782,0.017758,0.062939,0.032747,0.06315,0.031305,0.031468,0.022441,,3056700,,
0,0,,0.3963,0.074542,0.073666,0.016552,0.05769,0.045737,0.05972,0.101391,0.14618,0.028222,,2978200,,
0,0,,0.490777,0.045795,0.039001,0.016552,0.10058,0.037256,0.086719,0.06,0.106179,0.01714,,2904200,,
0,0,,0.460336,0.036762,0.03943,0.017932,0.079522,0.016134,0.209107,0.026019,0.098536,0.016222,,2917900,,
0,0,,0.463393,0.050536,0.030294,0.016552,0.08017,0.028969,0.148063,0.033965,0.131836,0.016222,,3069000,,
0,0,,0.490777,0.045795,0.039001,0.016552,0.10058,0.037256,0.086719,0.06,0.106179,0.01714,,2867700,,
0,0,,0.467479,0.056638,0.04007,0.016552,0.099948,0.039081,0.099676,0.056629,0.107705,0.016222,,3115100,,
0,0,,0.423221,0.056049,0.026806,0.017086,0.135825,0.029502,0.202397,0.03452,0.058372,0.016222,,3016500,,
0,0,,0.444841,0.067494,0.073528,0.020226,0.070336,0.05372,0.073377,0.101759,0.077581,0.01714,,2887900,,
0,0,,0.44652,0.045207,0.025737,0.017086,0.136458,0.027677,0.18944,0.03789,0.056846,0.01714,,3173500,,
0,0,,0.279992,0.104418,0.178281,0.022454,0.088251,0.028969,0.106327,0.075083,0.097052,0.019173,,2892300,,
0,0,,0.362308,0.04717,0.03969,0.017086,0.149878,0.016668,0.1872,0.049219,0.114559,0.016222,,3074400,,
0,0,,0.343975,0.04717,0.03969,0.017086,0.149878,0.016668,0.1872,0.049219,0.132892,0.016222,,3048800,,
0,0,,0.408786,0.089187,0.060544,0.022454,0.107985,0.030889,0.091844,0.071445,0.096053,0.020812,,2876200,,
0,0,,0.591917,0.040702,0.035782,0.019799,0.050825,0.059493,0.059415,0.054072,0.047083,0.040911,,3085000,,
0,0,,0.638774,0.035158,0.035782,0.01911,0.080444,0.035251,0.077755,0.026135,0.030067,0.021524,,2982700,,
0,0,,0.47294,0.061407,0.039001,0.016552,0.119681,0.041001,0.07186,0.052991,0.106706,0.017861,,2898600,,
0,0,,0.444664,0.059713,0.03943,0.017932,0.103063,0.030889,0.161698,0.030937,0.093814,0.017861,,3078000,,
0,8,,0.203221,0.056049,0.026806,0.017086,0.135825,0.029502,0.202397,0.03452,0.278372,0.016222,,2983700,,
0,0,,0.391865,0.05717,0.03943,0.019972,0.071848,0.05389,0.160599,0.060712,0.108903,0.03561,,2875100,,
0,0,,0.374332,0.056049,0.026806,0.017086,0.135825,0.029502,0.226841,0.03452,0.082816,0.016222,,3282000,,
0,0,,0.674777,0.027633,0.035782,0.017758,0.062939,0.032747,0.06315,0.031305,0.031468,0.022441,,2947400,,
0,0,,0.403221,0.056049,0.026806,0.017086,0.135825,0.029502,0.202397,0.03452,0.078372,0.016222,,3013600,,
0,0,,0.709945,0.020294,0.035782,0.017758,0.061165,0.021737,0.037034,0.019378,0.042049,0.034857,,3129600,,
0,0,,0.403221,0.056049,0.026806,0.017086,0.135825,0.029502,0.202397,0.03452,0.078372,0.016222,,3013600,,
0,0,,0.390621,0.081101,0.060544,0.023805,0.10639,0.029648,0.121308,0.073284,0.094125,0.019173,,3005300,,
0,0,,0.463393,0.050536,0.030294,0.016552,0.08017,0.028969,0.148063,0.033965,0.131836,0.016222,,3004200,,
0,0,,0.358593,0.041439,0.025737,0.017086,0.236589,0.020239,0.160705,0.050963,0.072427,0.016222,,2936900,,
0,0,,0.426624,0.073576,0.060544,0.022454,0.088884,0.027144,0.106703,0.078454,0.095526,0.02009,,3816800,,
0,0,,0.286603,0.133738,0.064609,0.018052,0.076223,0.064,0.04215,0.031781,0.264482,0.018361,,2920000,,
0,0,,0.391865,0.05717,0.03943,0.019972,0.071848,0.05389,0.160599,0.060712,0.108903,0.03561,,2885500,,
0,0,,0.392612,0.038456,0.139001,0.116552,0.07214,0.026246,0.04727,0.048073,0.103427,0.016222,,3190600,,
0,5,,0.118442,0.110572,0.086752,0.030052,0.162348,0.172968,0.01556,0.161363,0.070053,0.071889,,2919300,,
0,8,,0.22652,0.045207,0.025737,0.017086,0.136458,0.027677,0.18944,0.03789,0.276846,0.01714,,2973800,,
0,0,,0.392908,0.040334,0.03943,0.017932,0.184093,0.019706,0.147822,0.051019,0.090536,0.016222,,3018200,,
0,0,,0.455193,0.075687,0.029225,0.016552,0.052362,0.016134,0.142323,0.038742,0.150892,0.022889,,2915100,,
0,0,,0.404316,0.032354,0.029225,0.016552,0.23131,0.016134,0.095656,0.030672,0.127558,0.016222,,3087300,,
0,0,,0.591917,0.040702,0.035782,0.019799,0.050825,0.059493,0.059415,0.054072,0.047083,0.040911,,2955100,,
0,0,,0.561843,0.038456,0.039001,0.016552,0.087525,0.026246,0.062654,0.048073,0.103427,0.016222,,2932200,,
0,0,,0.355498,0.052153,0.03288,0.045657,0.108017,0.045239,0.153562,0.054535,0.100522,0.051936,,2983700,,
0,0,,0.467479,0.056638,0.04007,0.016552,0.099948,0.039081,0.099676,0.056629,0.107705,0.016222,,2908900,,
0,0,,0.426624,0.073576,0.060544,0.022454,0.088884,0.027144,0.106703,0.078454,0.095526,0.02009,,2918900,,
0,0,,0.451425,0.054944,0.040499,0.017932,0.083329,0.028969,0.177292,0.034575,0.094814,0.016222,,3001400,,
0,0,,0.404888,0.056049,0.026806,0.017086,0.135825,0.029502,0.202397,0.03452,0.076705,0.016222,,2975800,,
0,0,,0.405022,0.037867,0.025737,0.020419,0.141351,0.016668,0.236657,0.025963,0.074094,0.016222,,2900100,,
0,0,,0.538527,0.032354,0.029225,0.016552,0.052362,0.016134,0.112323,0.025409,0.160892,0.016222,,3016700,,
0,0,,0.439203,0.054944,0.040499,0.017932,0.083329,0.028969,0.189514,0.034575,0.094814,0.016222,,2892000,,
0,8,,0.203221,0.056049,0.026806,0.017086,0.135825,0.029502,0.202397,0.03452,0.278372,0.016222,,3030000,,
0,0,,0.376559,0.047873,0.078319,0.026265,0.066633,0.038357,0.127663,0.056574,0.15998,0.021778,,2994900,,
0,0,,0.451425,0.054944,0.040499,0.017932,0.083329,0.028969,0.177292,0.034575,0.094814,0.016222,,2917700,,
0,0,,0.490777,0.045795,0.039001,0.016552,0.10058,0.037256,0.086719,0.06,0.106179,0.01714,,3088100,,
0,0,,0.328721,0.051627,0.14943,0.019283,0.101468,0.029648,0.178939,0.032775,0.091887,0.016222,,2972100,,
0,0,,0.454774,0.053321,0.039001,0.017904,0.118086,0.03976,0.101324,0.05483,0.104778,0.016222,,2892700,,
0,0,,0.44652,0.045207,0.025737,0.017086,0.136458,0.027677,0.18944,0.03789,0.056846,0.01714,,2974000,,
0,0,,0.403325,0.084418,0.061614,0.022454,0.088251,0.028969,0.11966,0.075083,0.097052,0.019173,,2963200,,
0,0,,0.438721,0.051627,0.03943,0.019283,0.101468,0.029648,0.178939,0.032775,0.091887,0.016222,,2877400,,
0,0,,0.408052,0.056352,0.025737,0.017086,0.137714,0.016668,0.215748,0.038085,0.068336,0.016222,,3014400,,
0,0,,0.410517,0.052732,0.025737,0.018437,0.153963,0.030181,0.204045,0.03272,0.055445,0.016222,,2946300,,
0,0,,0.444841,0.067494,0.073528,0.020226,0.070336,0.05372,0.073377,0.101759,0.077581,0.01714,,2876000,,
0,0,,0.403833,0.052762,0.029225,0.018593,0.068689,0.05389,0.131371,0.060102,0.145926,0.03561,,3348500,,
0,0,,0.450689,0.047219,0.029225,0.017904,0.098308,0.029648,0.149711,0.032165,0.12891,0.016222,,2897500,,
0,5,,0.118442,0.118467,0.131489,0.030052,0.117611,0.149284,0.028718,0.100837,0.130579,0.07452,,2900800,,
0,0,,0.451425,0.054944,0.040499,0.017932,0.083329,0.028969,0.177292,0.034575,0.094814,0.016222,,3010400,,
0,0,,0.674777,0.027633,0.035782,0.017758,0.062939,0.032747,0.06315,0.031305,0.031468,0.022441,,2893600,,
0,0,,0.64536,0.043244,0.035782,0.017758,0.082039,0.048071,0.048291,0.024297,0.031995,0.023163,,3176100,,
0,0,,0.376623,0.056352,0.025737,0.017086,0.169143,0.016668,0.215748,0.038085,0.068336,0.016222,,3011300,,
0,0,,0.431692,0.039693,0.029225,0.016552,0.080803,0.027144,0.135106,0.037335,0.185311,0.01714,,2871200,,
0,0,,0.467479,0.056638,0.04007,0.016552,0.099948,0.039081,0.099676,0.056629,0.107705,0.016222,,3014200,,
0,0,,0.399755,0.052742,0.046144,0.045124,0.07214,0.054818,0.050841,0.076645,0.149856,0.051936,,2909500,,
0,0,,0.663198,0.027633,0.035782,0.017758,0.062939,0.044326,0.06315,0.031305,0.031468,0.022441,,2875800,,
0,0,,0.663198,0.027633,0.035782,0.017758,0.062939,0.044326,0.06315,0.031305,0.031468,0.022441,,3018400,,
0,0,,0.47294,0.061407,0.039001,0.016552,0.119681,0.041001,0.07186,0.052991,0.106706,0.017861,,2912300,,
0,0,,0.450689,0.047219,0.029225,0.017904,0.098308,0.029648,0.149711,0.032165,0.12891,0.016222,,2882700,,
0,0,,0.698366,0.020294,0.035782,0.017758,0.061165,0.033316,0.037034,0.019378,0.042049,0.034857,,3402200,,
0,0,,0.41035,0.060818,0.025737,0.017086,0.155558,0.031422,0.174581,0.030881,0.075706,0.017861,,2917200,,
0,0,,0.456886,0.059713,0.03943,0.017932,0.103063,0.030889,0.149475,0.030937,0.093814,0.017861,,3057400,,
0,0,,0.426624,0.073576,0.060544,0.022454,0.088884,0.027144,0.106703,0.078454,0.095526,0.02009,,3012500,,
0,0,,0.561843,0.038456,0.039001,0.016552,0.087525,0.026246,0.062654,0.048073,0.103427,0.016222,,2902200,,
0,0,,0.467479,0.056638,0.04007,0.016552,0.099948,0.039081,0.099676,0.056629,0.107705,0.016222,,3091500,,
0,0,,0.451193,0.063687,0.029225,0.020552,0.064362,0.016134,0.142323,0.037409,0.154892,0.020222,,2945400,,
0,0,,0.390051,0.059619,0.03943,0.017932,0.161236,0.018992,0.157107,0.048876,0.090536,0.016222,,3805500,,
0,0,,0.410517,0.052732,0.025737,0.018437,0.153963,0.030181,0.204045,0.03272,0.055445,0.016222,,3184300,,
0,0,,0.391385,0.059685,0.025737,0.017086,0.151048,0.016668,0.215748,0.044751,0.06167,0.016222,,3161900,,
0,0,,0.490777,0.045795,0.039001,0.016552,0.10058,0.037256,0.086719,0.06,0.106179,0.01714,,2943400,,
0,0,,0.561843,0.038456,0.039001,0.016552,0.087525,0.026246,0.062654,0.048073,0.103427,0.016222,,3207900,,
0,0,,0.433012,0.032412,0.021752,0.060909,0.057122,0.103112,0.057009,0.03879,0.178242,0.01764,,3141400,,
0,0,,0.425022,0.037867,0.025737,0.020419,0.141351,0.016668,0.236657,0.025963,0.054094,0.016222,,3276400,,
0,0,,0.663198,0.027633,0.035782,0.017758,0.062939,0.044326,0.06315,0.031305,0.031468,0.022441,,3264200,,
1,6,,0.09381,0.085668,0.081019,0.03356,0.204185,0.066209,0.237624,0.09901,0.060016,0.038899,,2977900,,
1,6,,0.111988,0.171709,0.03362,0.018018,0.084758,0.047797,0.234814,0.101028,0.177848,0.01842,,3452300,,
1,1,,0.011884,0.313872,0.187837,0.120579,0.03088,0.093621,0.067964,0.04095,0.028689,0.103725,,2987100,,
1,2,,0.011884,0.064055,0.330676,0.053245,0.033756,0.058292,0.053344,0.118435,0.231354,0.04496,,3332700,,
1,1,,0.03683,0.457257,0.025178,0.019662,0.053206,0.021579,0.092298,0.138426,0.135362,0.020203,,3101400,,
1,1,,0.032328,0.364365,0.049263,0.103921,0.068748,0.164076,0.018407,0.062427,0.025941,0.110526,,3271300,,
1,1,,0.016328,0.366918,0.096832,0.071508,0.084521,0.099251,0.019872,0.132193,0.061509,0.051068,,3148700,,
1,1,,0.03425,0.2086,0.079949,0.036483,0.124363,0.0886,0.150745,0.119089,0.099635,0.058287,,3217300,,
1,1,,0.104604,0.32944,0.041217,0.019835,0.064322,0.036976,0.127458,0.073638,0.15061,0.051901,,3042000,,
1,8,,0.062326,0.113214,0.142211,0.033914,0.126284,0.051906,0.093701,0.044378,0.315544,0.016524,,3222000,,
1,1,,0.018805,0.431255,0.053385,0.040915,0.029064,0.056153,0.017699,0.076912,0.255369,0.020442,,3178300,,
1,1,,0.016328,0.350352,0.04667,0.105171,0.041889,0.189523,0.018407,0.051124,0.043902,0.136635,,3001400,,
1,4,,0.09381,0.097109,0.089769,0.06856,0.217021,0.0864,0.137966,0.092951,0.068766,0.047649,,3405500,,
1,9,,0.016109,0.138696,0.138074,0.143557,0.033387,0.117143,0.075384,0.084715,0.102735,0.150201,,2984800,,
1,1,,0.08245,0.432832,0.077923,0.022129,0.054175,0.031997,0.038239,0.137452,0.102902,0.019901,,3490000,,
1,9,,0.016339,0.067008,0.04667,0.17712,0.04771,0.178781,0.052893,0.045471,0.022554,0.345454,,2960600,,
1,4,,0.09381,0.206373,0.081019,0.034443,0.245844,0.063679,0.079437,0.092951,0.063545,0.038899,,3299000,,
1,1,,0.016328,0.331314,0.083034,0.106419,0.042067,0.109666,0.018407,0.102817,0.079517,0.110431,,3079400,,
1,1,,0.035212,0.332548,0.229444,0.01849,0.036565,0.019313,0.020407,0.026863,0.262953,0.018204,,3341000,,
1,1,,0.025328,0.48325,0.091148,0.031956,0.07796,0.034476,0.019872,0.108982,0.098127,0.028901,,3248900,,
1,1,,0.016109,0.296361,0.04667,0.112604,0.164031,0.151715,0.016988,0.061458,0.018875,0.115188,,3090500,,
1,2,,0.012103,0.184899,0.262501,0.091673,0.151639,0.058949,0.051478,0.118435,0.039477,0.028846,,3138100,,
1,1,,0.025109,0.221928,0.091148,0.031518,0.070077,0.145297,0.017025,0.108982,0.205496,0.08342,,3330600,,
1,1,,0.025328,0.48325,0.091148,0.031956,0.07796,0.034476,0.019872,0.108982,0.098127,0.028901,,3264900,,
1,1,,0.114493,0.312593,0.04667,0.097328,0.064447,0.102493,0.057856,0.057168,0.044693,0.102258,,3593900,,
1,1,,0.094034,0.319136,0.024352,0.019564,0.129458,0.055602,0.185321,0.060657,0.074784,0.037091,,3283800,,
1,8,,0.111988,0.143709,0.064731,0.018018,0.11898,0.144242,0.125925,0.104139,0.149848,0.01842,,3009100,,
1,1,,0.075344,0.438914,0.051607,0.024357,0.072723,0.020976,0.058232,0.114146,0.120848,0.022852,,3580800,,
1,1,,0.016328,0.432386,0.08733,0.051183,0.050279,0.06734,0.019872,0.170346,0.068672,0.036265,,2944900,,
1,1,,0.012103,0.329821,0.274219,0.065732,0.044452,0.060476,0.033272,0.080282,0.053906,0.045737,,3283300,,
1,1,,0.112207,0.405031,0.03362,0.018456,0.064641,0.020976,0.097661,0.073028,0.154479,0.019901,,3126900,,
1,1,,0.012103,0.478194,0.123837,0.093017,0.031763,0.0878,0.014811,0.04095,0.019319,0.098206,,3170000,,
1,8,,0.111988,0.090815,0.050763,0.038091,0.10467,0.059211,0.213349,0.040793,0.274097,0.016222,,3214000,,
1,2,,0.011884,0.067208,0.314387,0.044969,0.033756,0.062102,0.076726,0.211769,0.040221,0.13698,,3095600,,
1,1,,0.019828,0.69775,0.026148,0.019956,0.04096,0.022976,0.021872,0.074482,0.055627,0.020401,,2985200,,
1,7,,0.016109,0.117536,0.113337,0.098372,0.178414,0.105756,0.027412,0.180153,0.057394,0.105518,,3202400,,
1,8,,0.016109,0.157456,0.079457,0.101051,0.088614,0.150695,0.033588,0.094422,0.174427,0.104181,,3176100,,
1,1,,0.031634,0.325662,0.04667,0.099369,0.052333,0.129239,0.054121,0.079935,0.060309,0.120728,,2972000,,
1,4,,0.037877,0.067008,0.04667,0.17712,0.201351,0.144319,0.058637,0.045471,0.022554,0.198993,,3499500,,
1,8,,0.081106,0.076624,0.108549,0.115059,0.130658,0.062159,0.095887,0.130044,0.160019,0.039897,,3016200,,
1,0,,0.254633,0.040899,0.064916,0.016552,0.193364,0.031499,0.174691,0.074259,0.132965,0.016222,,3535600,,
1,4,,0.144385,0.078683,0.046747,0.027932,0.260492,0.016134,0.193072,0.065945,0.130536,0.036074,,2959600,,
1,1,,0.073194,0.345901,0.038964,0.018196,0.04881,0.017916,0.145378,0.127171,0.166464,0.018005,,3409600,,
1,1,,0.104604,0.297449,0.147932,0.01837,0.059927,0.017313,0.125993,0.026019,0.18469,0.017704,,2998400,,
1,1,,0.012103,0.279896,0.18098,0.127303,0.141763,0.087278,0.014811,0.04095,0.017754,0.097163,,3582800,,
1,1,,0.011884,0.246935,0.185266,0.108735,0.024951,0.118932,0.011964,0.043093,0.151516,0.096725,,3454600,,
1,1,,0.016558,0.268603,0.04667,0.177558,0.068355,0.154866,0.018407,0.045471,0.025619,0.177892,,2878800,,
1,1,,0.016109,0.148626,0.105524,0.104785,0.131983,0.114757,0.059829,0.083043,0.122957,0.112388,,2897600,,
1,1,,0.011884,0.336872,0.123837,0.092579,0.02388,0.126621,0.011964,0.04095,0.134689,0.096725,,3004500,,
1,1,,0.104852,0.400553,0.069312,0.018456,0.057969,0.029829,0.055282,0.102343,0.141504,0.019901,,2916000,,
1,1,,0.091194,0.223435,0.04774,0.097328,0.103814,0.104318,0.070813,0.053798,0.106219,0.10134,,2944900,,
1,1,,0.019776,0.328702,0.04667,0.097328,0.194628,0.101829,0.021855,0.065931,0.021941,0.10134,,2951700,,
1,1,,0.016328,0.432386,0.08733,0.051183,0.050279,0.06734,0.019872,0.170346,0.068672,0.036265,,2858900,,
1,1,,0.126161,0.264936,0.049456,0.024077,0.132345,0.031453,0.091149,0.095692,0.166312,0.01842,,3071900,,
1,5,,0.029442,0.126784,0.156955,0.121021,0.083736,0.184958,0.058637,0.067093,0.065286,0.106088,,2914400,,
1,1,,0.031634,0.235662,0.04667,0.099369,0.052333,0.156739,0.054121,0.079935,0.122809,0.120728,,2847000,,
1,1,,0.016328,0.370352,0.04667,0.105171,0.041889,0.189523,0.018407,0.051124,0.023902,0.136635,,3118500,,
1,1,,0.127592,0.33983,0.136917,0.01699,0.060246,0.017313,0.096196,0.025409,0.161805,0.017704,,2864000,,
1,1,,0.016328,0.333505,0.101955,0.097328,0.040885,0.096884,0.033041,0.10703,0.070661,0.102384,,2899300,,
1,1,,0.104852,0.377696,0.069312,0.018456,0.057969,0.029829,0.055282,0.102343,0.164361,0.019901,,3266200,,
1,4,,0.090975,0.146862,0.056224,0.09689,0.157749,0.120631,0.110391,0.062283,0.048608,0.109387,,2868500,,
1,1,,0.016109,0.14685,0.108177,0.09689,0.126335,0.114372,0.061305,0.113252,0.109586,0.107125,,2973500,,
1,1,,0.016109,0.190741,0.068729,0.102949,0.094896,0.123553,0.057974,0.140056,0.098164,0.106828,,2941000,,
1,6,,0.153375,0.055588,0.081422,0.017086,0.189056,0.085502,0.199166,0.14652,0.056064,0.016222,,2881600,,
1,1,,0.019024,0.524657,0.031957,0.025197,0.035876,0.025021,0.020546,0.224769,0.071029,0.021924,,3006400,,
1,1,,0.016109,0.235908,0.084475,0.045085,0.15217,0.085489,0.059449,0.178031,0.070364,0.07292,,3029500,,
1,1,,0.016328,0.370352,0.04667,0.105171,0.041889,0.189523,0.018407,0.051124,0.023902,0.136635,,2903500,,
1,1,,0.016328,0.336636,0.101955,0.097328,0.040885,0.096362,0.033041,0.10703,0.069096,0.10134,,3013400,,
1,4,,0.016109,0.192985,0.097256,0.050745,0.250844,0.066161,0.026951,0.180272,0.064041,0.054636,,2938800,,
1,1,,0.018805,0.229525,0.078623,0.174759,0.121326,0.023842,0.064366,0.224769,0.043541,0.020442,,2878000,,
1,1,,0.016339,0.193773,0.04667,0.178002,0.162867,0.12631,0.02703,0.045471,0.026083,0.177454,,3002400,,
1,1,,0.144604,0.258358,0.036821,0.02837,0.091355,0.04822,0.185993,0.056019,0.133601,0.01666,,2900500,,
1,2,,0.011884,0.077741,0.345866,0.092579,0.02388,0.086621,0.011964,0.04095,0.201355,0.10716,,2876700,,
1,1,,0.019162,0.434104,0.084345,0.035463,0.096492,0.052157,0.019872,0.132014,0.083812,0.042579,,3144900,,
1,1,,0.090975,0.194108,0.053799,0.102949,0.111741,0.10972,0.110381,0.053798,0.071627,0.100902,,2894000,,
1,1,,0.094034,0.239136,0.024352,0.019564,0.129458,0.071602,0.185321,0.060657,0.106784,0.069091,,2970500,,
1,1,,0.019162,0.344971,0.19106,0.033998,0.092096,0.048494,0.018407,0.084395,0.127035,0.040381,,3010400,,
1,8,,0.016109,0.163504,0.04667,0.13689,0.049745,0.150286,0.05556,0.061458,0.178875,0.140902,,2895200,,
1,1,,0.016109,0.214413,0.04667,0.115981,0.138836,0.15665,0.072833,0.061458,0.057057,0.119993,,2967200,,
1,1,,0.016339,0.199865,0.04667,0.192834,0.143329,0.124209,0.016988,0.045471,0.022554,0.19174,,3003000,,
1,1,,0.075125,0.239814,0.098273,0.086141,0.064839,0.019797,0.117608,0.114146,0.162884,0.021371,,2899900,,
1,3,,0.016339,0.070085,0.162362,0.238043,0.029043,0.172935,0.01556,0.04701,0.023323,0.2253,,3095100,,
1,1,,0.112207,0.33983,0.152301,0.01699,0.060246,0.017313,0.11158,0.040793,0.131035,0.017704,,2945800,,
1,1,,0.090975,0.205748,0.04774,0.097772,0.189755,0.10719,0.079437,0.053798,0.026683,0.100902,,2864300,,
1,5,,0.016109,0.077566,0.056927,0.159311,0.161947,0.235126,0.02703,0.065754,0.058302,0.141928,,3059900,,
1,5,,0.090975,0.090983,0.04924,0.10139,0.061931,0.185994,0.1593,0.128631,0.029154,0.102402,,3007900,,
1,1,,0.016328,0.426645,0.096832,0.071508,0.053092,0.068345,0.019872,0.132193,0.063074,0.052112,,2916100,,
1,8,,0.11994,0.048284,0.18021,0.084476,0.062016,0.062742,0.119625,0.089418,0.19768,0.03561,,3133800,,
1,1,,0.031634,0.335697,0.092436,0.072084,0.065023,0.102437,0.054121,0.119268,0.057998,0.069302,,2887900,,
1,1,,0.016328,0.215254,0.089337,0.097328,0.154007,0.091484,0.045073,0.045242,0.144608,0.10134,,2924400,,
1,1,,0.075344,0.266044,0.051607,0.024357,0.160723,0.020454,0.102232,0.114146,0.163283,0.021809,,2986300,,
1,1,,0.078509,0.263886,0.034807,0.02461,0.165453,0.02639,0.190639,0.073582,0.123703,0.01842,,2893700,,
1,1,,0.016109,0.184156,0.052566,0.102855,0.038519,0.176823,0.108358,0.167694,0.048319,0.1046,,2970100,,
1,4,,0.045323,0.10543,0.030502,0.053052,0.449396,0.047242,0.10756,0.099721,0.036303,0.025472,,2998100,,
1,1,,0.011884,0.238493,0.129783,0.161714,0.02388,0.089864,0.011964,0.04095,0.194743,0.096725,,2877900,,
1,9,,0.090975,0.078983,0.04774,0.13689,0.055931,0.183661,0.067966,0.053798,0.063154,0.220902,,3030100,,
1,1,,0.08245,0.409974,0.077923,0.022129,0.054175,0.031997,0.038239,0.137452,0.12576,0.019901,,3688600,,
1,1,,0.016328,0.361443,0.215513,0.070043,0.048696,0.064682,0.033791,0.099959,0.039631,0.049914,,2877900,,
1,1,,0.016339,0.199865,0.04667,0.192834,0.143329,0.124209,0.016988,0.045471,0.022554,0.19174,,3101700,,
1,0,,0.228585,0.128789,0.123001,0.044552,0.092473,0.02873,0.10327,0.090194,0.137183,0.023222,,2939000,,
1,7,,0.016109,0.073212,0.08092,0.106022,0.047148,0.113426,0.142361,0.210276,0.104881,0.105645,,2956900,,
1,1,,0.12638,0.411133,0.043396,0.018456,0.084419,0.026572,0.051582,0.095692,0.122469,0.019901,,3036700,,
1,1,,0.022994,0.338587,0.05667,0.120661,0.046007,0.114817,0.018407,0.068575,0.098608,0.114674,,2857400,,
1,6,,0.166796,0.055764,0.064916,0.017904,0.18931,0.045012,0.228745,0.081016,0.134316,0.016222,,3156400,,
1,1,,0.112207,0.405031,0.03362,0.018456,0.064641,0.020976,0.097661,0.073028,0.154479,0.019901,,3016400,,
1,1,,0.08245,0.352832,0.077923,0.022129,0.054175,0.047997,0.038239,0.137452,0.134902,0.051901,,2925500,,
1,1,,0.011884,0.216872,0.174747,0.168943,0.02388,0.086621,0.088328,0.04095,0.040143,0.147634,,3095500,,
1,3,,0.096437,0.129818,0.082934,0.243174,0.085541,0.095147,0.04015,0.127645,0.04493,0.054225,,2951000,,
1,7,,0.016109,0.133442,0.146746,0.045102,0.152219,0.093678,0.069836,0.186708,0.085439,0.070722,,2875400,,
1,1,,0.016339,0.199865,0.04667,0.192834,0.143329,0.124209,0.016988,0.045471,0.022554,0.19174,,3138100,,
1,1,,0.039024,0.350198,0.027561,0.023732,0.187844,0.034473,0.019081,0.276241,0.023163,0.018683,,2933000,,
1,1,,0.019024,0.286159,0.177561,0.023732,0.031481,0.021358,0.044081,0.22715,0.149729,0.019726,,2929400,,
1,1,,0.016109,0.187308,0.108014,0.102949,0.088811,0.101764,0.072608,0.10703,0.114504,0.100902,,3093600,,
1,1,,0.17947,0.236266,0.037891,0.01837,0.087734,0.046147,0.178399,0.034575,0.131445,0.049704,,2864300,,
1,1,,0.141686,0.320186,0.039001,0.019031,0.09635,0.060664,0.085831,0.082767,0.117393,0.037091,,3084700,,
2,0,,0.376559,0.043319,0.072217,0.02121,0.055522,0.035807,0.131443,0.075199,0.169224,0.019501,,2959100,,
2,2,,0.104385,0.052647,0.323089,0.025826,0.069388,0.032307,0.160849,0.057598,0.152426,0.021485,,2908900,,
2,2,,0.019609,0.037038,0.391611,0.099207,0.033126,0.08014,0.029412,0.103448,0.123091,0.083318,,3047000,,
2,2,,0.011884,0.071377,0.300482,0.153502,0.02388,0.140584,0.076726,0.042488,0.019267,0.159809,,2953600,,
2,2,,0.011884,0.104872,0.277147,0.178543,0.02388,0.086621,0.088328,0.04095,0.040143,0.147634,,2878600,,
2,5,,0.016109,0.066862,0.083034,0.105981,0.034184,0.389009,0.01556,0.102817,0.076451,0.109993,,3064800,,
2,2,,0.025109,0.121955,0.198037,0.142052,0.12656,0.090513,0.030194,0.123152,0.117207,0.025222,,2941200,,
2,8,,0.111988,0.032354,0.129225,0.016552,0.052362,0.016134,0.093349,0.025409,0.506405,0.016222,,2863100,,
2,7,,0.028354,0.073483,0.083839,0.089483,0.084138,0.121164,0.093723,0.22458,0.122672,0.078564,,3037000,,
2,3,,0.018805,0.136192,0.207251,0.210641,0.027993,0.143842,0.05064,0.074769,0.109423,0.020442,,2881400,,
2,2,,0.016109,0.059709,0.276267,0.04928,0.038,0.062498,0.11556,0.21606,0.040598,0.125919,,2903000,,
2,2,,0.011884,0.056872,0.383837,0.159008,0.028165,0.088049,0.034821,0.113093,0.021831,0.102439,,3272900,,
2,2,,0.092231,0.068049,0.198264,0.100226,0.047159,0.073471,0.057085,0.129306,0.155355,0.078854,,2926800,,
2,2,,0.016109,0.114296,0.446559,0.060543,0.045956,0.07101,0.01556,0.123466,0.040417,0.066083,,3094300,,
2,8,,0.025109,0.227285,0.112576,0.034732,0.071149,0.039726,0.017025,0.111125,0.333853,0.02742,,3037000,,
2,7,,0.018805,0.033725,0.249783,0.040331,0.059153,0.032031,0.105864,0.383446,0.058616,0.018245,,2964700,,
2,5,,0.016109,0.068696,0.091407,0.16689,0.033387,0.257143,0.063718,0.084715,0.114402,0.103534,,3083400,,
2,3,,0.011884,0.061799,0.234711,0.272108,0.037068,0.084436,0.078554,0.119174,0.039775,0.060491,,3039200,,
2,2,,0.011884,0.070907,0.323754,0.065294,0.036569,0.110206,0.088328,0.080282,0.030813,0.181963,,3012400,,
2,2,,0.011884,0.069922,0.404853,0.143597,0.02388,0.093674,0.076726,0.04095,0.022552,0.111963,,3284000,,
2,2,,0.011884,0.114745,0.363162,0.062909,0.069712,0.06065,0.123964,0.117635,0.017279,0.05806,,2982600,,
2,5,,0.011884,0.0683,0.18479,0.162579,0.02388,0.23043,0.111726,0.04095,0.053498,0.111963,,3075500,,
2,2,,0.126161,0.049838,0.214285,0.016552,0.077018,0.026608,0.181904,0.109862,0.181549,0.016222,,3113800,,
2,5,,0.111988,0.045512,0.081856,0.024447,0.062889,0.301398,0.106507,0.056988,0.186931,0.021485,,2982000,,
2,2,,0.011884,0.059896,0.47172,0.038682,0.051719,0.045392,0.076726,0.118731,0.086355,0.038896,,3174900,,
2,2,,0.016109,0.073959,0.216445,0.171213,0.042936,0.097519,0.034432,0.148963,0.086545,0.11188,,3063700,,
2,2,,0.011884,0.107781,0.334747,0.092579,0.074789,0.13753,0.037419,0.04095,0.065598,0.096725,,2891200,,
2,2,,0.016109,0.059006,0.40653,0.058183,0.059336,0.057366,0.027412,0.178714,0.105663,0.031681,,3114100,,
2,2,,0.011884,0.089539,0.300291,0.052967,0.068147,0.073964,0.076726,0.116588,0.153498,0.056396,,2921700,,
2,2,,0.016109,0.068696,0.206701,0.162772,0.033387,0.117143,0.061659,0.084715,0.145284,0.103534,,2883900,,
2,2,,0.082231,0.068049,0.27382,0.035781,0.07827,0.053471,0.124863,0.129306,0.135355,0.018854,,2975100,,
2,2,,0.011884,0.105204,0.356107,0.140422,0.024378,0.08795,0.013793,0.11127,0.019841,0.129151,,2906000,,
2,2,,0.011884,0.066769,0.392025,0.18099,0.02388,0.089864,0.053344,0.04095,0.027018,0.113277,,2874100,,
2,2,,0.082231,0.083043,0.252194,0.035707,0.07434,0.039007,0.157779,0.146129,0.113347,0.016222,,4225600,,
2,2,,0.011884,0.133872,0.367837,0.120579,0.03088,0.093621,0.067964,0.04095,0.028689,0.103725,,2919500,,
2,2,,0.016109,0.105674,0.326594,0.04362,0.129956,0.064856,0.06856,0.121927,0.053466,0.069237,,4089500,,
2,2,,0.011884,0.135314,0.330845,0.10157,0.043569,0.066297,0.109344,0.080282,0.053089,0.067807,,2898500,,
2,9,,0.016109,0.062343,0.247323,0.063111,0.054891,0.062694,0.042227,0.124516,0.077284,0.249502,,3157900,,
2,3,,0.016109,0.059391,0.165761,0.283183,0.06049,0.056981,0.033181,0.177176,0.119894,0.027835,,3777000,,
2,2,,0.011884,0.071608,0.384589,0.122053,0.02388,0.086621,0.058581,0.04095,0.058899,0.140936,,3359700,,
2,2,,0.016109,0.072183,0.217249,0.162772,0.033002,0.095705,0.063135,0.10703,0.131912,0.100902,,3410900,,
2,1,,0.011884,0.293872,0.207837,0.120579,0.03088,0.093621,0.067964,0.04095,0.028689,0.103725,,3302000,,
2,8,,0.016109,0.067358,0.122534,0.164784,0.028124,0.110499,0.065194,0.094422,0.226795,0.104181,,3486200,,
2,7,,0.011884,0.204333,0.145607,0.094887,0.027341,0.097005,0.023503,0.274796,0.022765,0.097879,,3374100,,
2,2,,0.018805,0.055808,0.536913,0.069448,0.02886,0.046495,0.029392,0.066624,0.080624,0.06703,,3293400,,
2,2,,0.011884,0.125443,0.18098,0.126865,0.02388,0.142621,0.179964,0.04095,0.070689,0.096725,,3486600,,
2,6,,0.128355,0.043928,0.1221,0.026177,0.174078,0.03485,0.249991,0.083539,0.11167,0.025313,,3323000,,
2,2,,0.126161,0.041533,0.436693,0.033475,0.07214,0.027884,0.07227,0.049612,0.120164,0.020068,,3348900,,
2,2,,0.011884,0.065147,0.318222,0.167284,0.028165,0.088049,0.059058,0.113093,0.030107,0.118991,,3359000,,
2,2,,0.016109,0.058296,0.41754,0.068755,0.045956,0.0681,0.11556,0.121927,0.02552,0.062237,,3299600,,
2,2,,0.016109,0.055929,0.270838,0.09726,0.059336,0.051212,0.139412,0.177176,0.104894,0.027835,,3404800,,
2,2,,0.104385,0.042823,0.213185,0.027023,0.058104,0.174316,0.123146,0.083594,0.148111,0.025313,,3430700,,
2,2,,0.019609,0.059416,0.326828,0.089193,0.033126,0.080895,0.054866,0.10191,0.17323,0.060927,,3776600,,
2,5,,0.078509,0.037406,0.177685,0.097086,0.105248,0.223334,0.14676,0.025963,0.091786,0.016222,,3319600,,
2,2,,0.016109,0.058422,0.427456,0.039778,0.059769,0.044238,0.030194,0.182668,0.11353,0.027835,,3325900,,
2,2,,0.011884,0.058314,0.302845,0.18557,0.036569,0.115297,0.053344,0.080282,0.039089,0.116807,,2917200,,
2,2,,0.011884,0.058122,0.270445,0.103829,0.03138,0.095371,0.034107,0.0497,0.247189,0.097975,,2904000,,
2,2,,0.011884,0.214366,0.229708,0.229444,0.041712,0.063893,0.011964,0.117635,0.021333,0.05806,,2999700,,
2,2,,0.011884,0.0683,0.29679,0.148579,0.02388,0.09043,0.188726,0.04095,0.018498,0.111963,,2967500,,
2,2,,0.011884,0.07502,0.338003,0.061585,0.069712,0.06065,0.165344,0.117635,0.025555,0.074611,,2848200,,
2,2,,0.011884,0.101115,0.488267,0.091817,0.036569,0.096879,0.011964,0.081821,0.031582,0.048101,,2995000,,
2,8,,0.111988,0.045081,0.15977,0.016552,0.060362,0.117953,0.106076,0.025409,0.340586,0.016222,,2989400,,
2,2,,0.016109,0.07526,0.349647,0.113813,0.033002,0.101859,0.030194,0.108569,0.066799,0.104749,,2878700,,
2,2,,0.011884,0.107241,0.269424,0.241492,0.034909,0.119061,0.017733,0.118435,0.051411,0.028408,,3104100,,
2,2,,0.104385,0.045651,0.313488,0.019413,0.056488,0.097986,0.134998,0.082315,0.129054,0.016222,,2970900,,
2,3,,0.011884,0.125443,0.196536,0.220198,0.054991,0.164399,0.02752,0.04095,0.014689,0.143392,,2968700,,
2,8,,0.111988,0.051142,0.180134,0.025643,0.058423,0.136134,0.106076,0.082984,0.222162,0.025313,,3108100,,
2,8,,0.016109,0.077133,0.173492,0.147705,0.028622,0.114157,0.066055,0.084134,0.190695,0.1019,,2884300,,
2,2,,0.019609,0.0978,0.281979,0.166802,0.028682,0.068134,0.05756,0.045613,0.178348,0.055472,,2865600,,
2,2,,0.011884,0.06548,0.205234,0.107669,0.024378,0.08795,0.055172,0.189842,0.138117,0.114274,,3073500,,
2,6,,0.016109,0.053967,0.142436,0.139605,0.075813,0.063503,0.20056,0.084574,0.14,0.083433,,2885100,,
2,2,,0.018943,0.087546,0.253128,0.063034,0.089091,0.052194,0.059668,0.146184,0.147103,0.08311,,3259500,,
2,2,,0.016109,0.071312,0.359283,0.123507,0.032568,0.105922,0.027412,0.101538,0.061448,0.100902,,2991700,,
2,2,,0.104385,0.04992,0.182786,0.150271,0.06257,0.052509,0.136304,0.057598,0.182173,0.021485,,2849200,,
2,2,,0.011884,0.060622,0.342587,0.097579,0.09138,0.094121,0.050714,0.0722,0.080939,0.097975,,3163900,,
2,5,,0.096109,0.063345,0.184752,0.11928,0.038,0.202498,0.05056,0.126363,0.086507,0.032586,,2920500,,
2,5,,0.016109,0.096357,0.140003,0.138372,0.045901,0.156012,0.094078,0.101538,0.097394,0.114236,,2832100,,
2,7,,0.018943,0.176628,0.084345,0.035025,0.175788,0.090722,0.017025,0.239963,0.079181,0.082379,,3115200,,
2,0,,0.356611,0.026354,0.292146,0.026849,0.040559,0.039919,0.023701,0.076954,0.086292,0.030615,,2897300,,
2,2,,0.011884,0.052745,0.291619,0.109309,0.181712,0.06065,0.099107,0.117635,0.017279,0.05806,,2854200,,
2,2,,0.017776,0.055589,0.413056,0.120622,0.040813,0.066746,0.057782,0.084574,0.09461,0.048433,,4021400,,
2,2,,0.019609,0.025072,0.465252,0.148802,0.084682,0.074134,0.01756,0.045613,0.083803,0.035472,,2977100,,
2,2,,0.011884,0.078699,0.263547,0.117091,0.04221,0.065789,0.099845,0.156527,0.083015,0.081392,,3122600,,
2,2,,0.0709,0.113034,0.460415,0.027743,0.063018,0.022838,0.07487,0.062235,0.089951,0.014996,,3027900,,
2,2,,0.151884,0.056872,0.266695,0.092579,0.02388,0.086621,0.029107,0.04095,0.014689,0.236725,,2973600,,
2,2,,0.011884,0.103779,0.262501,0.184569,0.033756,0.108292,0.051964,0.118435,0.076411,0.048408,,3994800,,
2,2,,0.09061,0.061427,0.180505,0.03356,0.084213,0.117316,0.057782,0.084395,0.111293,0.178899,,2913700,,
2,2,,0.104633,0.033936,0.38128,0.025643,0.05175,0.043169,0.05097,0.1123,0.171006,0.025313,,3005000,,
2,4,,0.128355,0.044425,0.058524,0.020364,0.328017,0.03634,0.156548,0.075144,0.132782,0.019501,,2996600,,
2,5,,0.023252,0.18723,0.054884,0.144747,0.029195,0.240113,0.019131,0.073813,0.065304,0.162331,,2880900,,
2,2,,0.036611,0.069759,0.280141,0.091163,0.098943,0.034743,0.110552,0.077213,0.180504,0.02037,,3015100,,
2,2,,0.018943,0.097171,0.243353,0.045475,0.084213,0.10689,0.13556,0.084395,0.1451,0.038899,,2953200,,
2,8,,0.186051,0.067873,0.128488,0.049043,0.083155,0.047246,0.129813,0.026019,0.203869,0.078444,,2927000,,
2,6,,0.1406,0.041949,0.097982,0.037494,0.168017,0.041158,0.258154,0.058616,0.123482,0.032549,,3102500,,
2,2,,0.011884,0.079884,0.318974,0.130329,0.02388,0.086621,0.082817,0.04095,0.067175,0.157487,,2918500,,
2,2,,0.011884,0.1383,0.231457,0.139246,0.02388,0.09043,0.123393,0.04095,0.041831,0.15863,,2871700,,
2,7,,0.011884,0.070669,0.226823,0.047276,0.037217,0.072486,0.088265,0.352281,0.048298,0.0448,,3180000,,
2,2,,0.152942,0.025072,0.311752,0.018052,0.028682,0.144801,0.04256,0.17353,0.085886,0.016722,,2953300,,
2,1,,0.011884,0.228872,0.125337,0.097079,0.13988,0.205621,0.029964,0.04245,0.020689,0.098225,,2922800,,
2,2,,0.016109,0.073959,0.239302,0.104785,0.03865,0.189423,0.028718,0.123487,0.079402,0.106166,,3008500,,
2,2,,0.016109,0.124598,0.317601,0.050761,0.042444,0.07435,0.027412,0.235023,0.079117,0.032586,,2884600,,
2,5,,0.016109,0.091912,0.049263,0.134483,0.088864,0.253419,0.01556,0.085427,0.123875,0.141088,,2999700,,
2,2,,0.016109,0.067184,0.358325,0.096119,0.0504,0.079951,0.027412,0.178224,0.064039,0.062237,,3009600,,
2,2,,0.082231,0.06379,0.282012,0.020226,0.081896,0.027155,0.073927,0.093469,0.259071,0.016222,,2879900,,
2,6,,0.128355,0.043928,0.1221,0.026177,0.174078,0.03485,0.249991,0.083539,0.11167,0.025313,,3329900,,
2,2,,0.01458,0.095446,0.463513,0.077045,0.044815,0.026358,0.024177,0.146704,0.045988,0.061375,,2965900,,
2,2,,0.016109,0.049767,0.475808,0.039778,0.061709,0.050269,0.065105,0.12088,0.092739,0.027835,,2971400,,
2,2,,0.011884,0.056872,0.434695,0.092579,0.02388,0.142621,0.029107,0.09695,0.014689,0.096725,,3134500,,
2,2,,0.011884,0.0683,0.346895,0.122053,0.053353,0.09043,0.120937,0.04095,0.033235,0.111963,,2992100,,
2,2,,0.121936,0.055396,0.300864,0.012241,0.123896,0.073524,0.043674,0.155781,0.090208,0.02248,,2933700,,
2,2,,0.016109,0.079316,0.34073,0.107999,0.039721,0.102519,0.028718,0.078963,0.099759,0.106166,,3135900,,
2,2,,0.018805,0.134067,0.371664,0.11355,0.023597,0.026333,0.031619,0.117406,0.140867,0.022091,,2962800,,
3,9,,0.016339,0.117917,0.04667,0.196211,0.118134,0.129145,0.072833,0.045471,0.060735,0.196545,,3046400,,
3,3,,0.016339,0.068258,0.05042,0.18837,0.146543,0.131531,0.02056,0.054221,0.145054,0.178704,,3121600,,
3,3,,0.016339,0.182133,0.052729,0.183179,0.084853,0.12884,0.057974,0.045471,0.071027,0.177454,,2910400,,
3,3,,0.016109,0.119263,0.052439,0.232531,0.031585,0.156211,0.027098,0.059088,0.203619,0.102056,,3044300,,
3,3,,0.016339,0.06734,0.063766,0.274523,0.029542,0.124111,0.017388,0.084363,0.144177,0.178451,,2974800,,
3,3,,0.016339,0.070469,0.053593,0.364043,0.030197,0.18355,0.021329,0.045471,0.037554,0.177454,,2886500,,
3,3,,0.016339,0.143803,0.053593,0.199043,0.030197,0.12855,0.094662,0.045471,0.110887,0.177454,,3137400,,
3,3,,0.019173,0.067634,0.083345,0.274042,0.091925,0.086062,0.020088,0.173807,0.068473,0.115451,,2947200,,
3,6,,0.011884,0.056872,0.043837,0.132579,0.02388,0.166621,0.251964,0.04095,0.054689,0.216725,,2896100,,
3,3,,0.016339,0.094814,0.04667,0.288346,0.142205,0.122781,0.01556,0.045471,0.022554,0.205261,,3027600,,
3,3,,0.016339,0.093675,0.073337,0.21712,0.042377,0.176114,0.082227,0.045471,0.062554,0.190788,,2892200,,
3,3,,0.016339,0.06863,0.237616,0.257255,0.029043,0.126024,0.01556,0.045471,0.026608,0.177454,,2886500,,
3,3,,0.016339,0.069053,0.093751,0.344428,0.031089,0.128235,0.02306,0.084492,0.02869,0.180863,,3000700,,
3,5,,0.112218,0.038561,0.029225,0.096782,0.053282,0.328088,0.093349,0.025639,0.130083,0.092774,,2904700,,
3,5,,0.026109,0.060801,0.12667,0.17689,0.028124,0.210827,0.02556,0.045242,0.138875,0.160902,,2905500,,
3,8,,0.025109,0.160905,0.115352,0.1102,0.11618,0.080964,0.041833,0.150255,0.172983,0.026219,,3052100,,
3,1,,0.016339,0.207008,0.04667,0.17712,0.064043,0.122781,0.05056,0.045471,0.092554,0.177454,,2893000,,
3,3,,0.016339,0.06863,0.182616,0.312255,0.029043,0.126024,0.01556,0.045471,0.026608,0.177454,,3111400,,
3,7,,0.016109,0.069401,0.081851,0.130613,0.084138,0.127444,0.08556,0.21244,0.089182,0.103263,,2944400,,
3,3,,0.016109,0.062423,0.109283,0.505359,0.028124,0.09407,0.01556,0.045242,0.02293,0.100902,,2879000,,
3,9,,0.016339,0.102008,0.11667,0.19462,0.046543,0.157781,0.01556,0.045471,0.110054,0.194954,,3215600,,
3,8,,0.022776,0.094134,0.060066,0.133808,0.044916,0.120953,0.020088,0.084424,0.304599,0.114236,,2902800,,
3,9,,0.016339,0.067008,0.08667,0.25712,0.029043,0.162781,0.01556,0.045471,0.022554,0.297454,,2940000,,
3,3,,0.016339,0.070469,0.126927,0.272376,0.030197,0.201883,0.021329,0.045471,0.037554,0.177454,,3166800,,
3,3,,0.016339,0.070469,0.052439,0.216094,0.032505,0.206499,0.063765,0.059318,0.103964,0.178608,,2889600,,
3,2,,0.019173,0.067634,0.219949,0.18379,0.085133,0.07927,0.01556,0.084625,0.129416,0.115451,,2975300,,
3,3,,0.016339,0.06863,0.072616,0.422255,0.029043,0.126024,0.01556,0.045471,0.026608,0.177454,,3926400,,
3,6,,0.028354,0.058049,0.104681,0.090013,0.040813,0.087993,0.303723,0.117227,0.104388,0.064759,,2943400,,
3,9,,0.016339,0.105629,0.056325,0.186775,0.029043,0.122781,0.01556,0.045471,0.041864,0.380213,,3059900,,
3,3,,0.016339,0.070085,0.074362,0.38471,0.029043,0.128935,0.01556,0.04701,0.03799,0.195967,,2999300,,
3,3,,0.016339,0.070085,0.147696,0.267376,0.029043,0.128935,0.01556,0.120343,0.023323,0.1813,,2871200,,
3,3,,0.026339,0.067008,0.12667,0.25712,0.029043,0.142781,0.02556,0.045471,0.042554,0.237454,,3015800,,
3,9,,0.016339,0.067008,0.15867,0.23312,0.029043,0.122781,0.01556,0.045471,0.022554,0.289454,,2946900,,
3,3,,0.016339,0.067008,0.070003,0.340453,0.029043,0.216114,0.01556,0.045471,0.022554,0.177454,,3049900,,
3,4,,0.016339,0.067008,0.050066,0.190705,0.255836,0.129573,0.020088,0.061321,0.03161,0.177454,,3088100,,
3,3,,0.016339,0.069053,0.093751,0.344428,0.031089,0.128235,0.02306,0.084492,0.02869,0.180863,,2892400,,
3,3,,0.016339,0.182133,0.052729,0.183179,0.084853,0.12884,0.057974,0.045471,0.071027,0.177454,,3012300,,
3,2,,0.025339,0.131516,0.204647,0.16923,0.066601,0.061588,0.074507,0.061593,0.103205,0.101774,,2947500,,
3,5,,0.139035,0.031043,0.143561,0.163524,0.084517,0.220133,0.016234,0.02738,0.023776,0.150796,,2940800,,
3,3,,0.023252,0.075419,0.082413,0.205609,0.028622,0.120728,0.045404,0.112705,0.168234,0.137614,,2985900,,
3,3,,0.016339,0.070166,0.04667,0.305015,0.029043,0.250676,0.01556,0.045471,0.023606,0.197454,,2936900,,
