optdigits,Tuned_CWT,test,0,NANOSECONDS,PREDICTIONS, Generated by ClassifierExperiments.java on 2022-05-15 23:34:43.    SYSTEMPROPERTIES:{user.name:matth,os.arch:amd64,os.name:Windows 10},ENDSYSTEMPROPERTIES
No parameter info
0.5651018600531443,7687620700,3080410000,-1,160401312,10,,-1,-1
0,0,,0.417926,0.04081,0.026763,0.008583,0.154851,0.009349,0.234616,0.026484,0.072257,0.00836,,5494500,,
0,0,,0.417926,0.04081,0.026763,0.008583,0.154851,0.009349,0.234616,0.026484,0.072257,0.00836,,4297100,,
0,6,,0.237926,0.10081,0.026763,0.008583,0.214851,0.009349,0.294616,0.026484,0.072257,0.00836,,2812400,,
0,0,,0.419117,0.034287,0.077,0.008583,0.070743,0.035578,0.108122,0.061015,0.177196,0.00836,,2797500,,
0,5,,0.25171,0.148045,0.206251,0.098583,0.007764,0.255071,0.007366,0.008532,0.008319,0.00836,,2693000,,
0,6,,0.234442,0.064786,0.024203,0.008583,0.174986,0.009349,0.329878,0.026484,0.118928,0.00836,,2707700,,
0,0,,0.396195,0.087538,0.060483,0.008583,0.079643,0.026872,0.07169,0.106082,0.154556,0.00836,,2789600,,
0,0,,0.859465,0.008045,0.033613,0.008583,0.031072,0.017525,0.007366,0.008532,0.008319,0.017481,,2692300,,
0,2,,0.25771,0.098712,0.280918,0.125917,0.043764,0.115071,0.007366,0.008532,0.053652,0.00836,,2680200,,
0,0,,0.417926,0.04081,0.026763,0.008583,0.154851,0.009349,0.234616,0.026484,0.072257,0.00836,,2694000,,
0,0,,0.436195,0.087538,0.047149,0.008583,0.079643,0.013538,0.058357,0.106082,0.154556,0.00836,,2675000,,
0,0,,0.349354,0.04081,0.026763,0.008583,0.154851,0.009349,0.268902,0.026484,0.106543,0.00836,,2730900,,
0,0,,0.417926,0.04081,0.026763,0.008583,0.154851,0.009349,0.234616,0.026484,0.072257,0.00836,,2730400,,
0,0,,0.397926,0.04081,0.026763,0.008583,0.154851,0.009349,0.234616,0.026484,0.092257,0.00836,,2629700,,
0,0,,0.417926,0.04081,0.026763,0.008583,0.154851,0.009349,0.234616,0.026484,0.072257,0.00836,,2615100,,
0,0,,0.475013,0.044454,0.036592,0.011617,0.060592,0.008404,0.14115,0.023702,0.190114,0.00836,,2615600,,
0,0,,0.38364,0.04081,0.026763,0.008583,0.189137,0.009349,0.234616,0.026484,0.072257,0.00836,,2627500,,
0,0,,0.475013,0.044454,0.036592,0.011617,0.060592,0.008404,0.14115,0.023702,0.190114,0.00836,,2661200,,
0,0,,0.455043,0.047546,0.041035,0.010907,0.073732,0.031854,0.152021,0.027121,0.152381,0.00836,,2631400,,
0,0,,0.475013,0.044454,0.036592,0.011617,0.060592,0.008404,0.14115,0.023702,0.190114,0.00836,,2606600,,
0,2,,0.111366,0.04017,0.344203,0.008583,0.150371,0.009349,0.231416,0.026484,0.069697,0.00836,,2608400,,
0,0,,0.521906,0.044442,0.039239,0.008583,0.103519,0.020831,0.058402,0.058164,0.136554,0.00836,,2620600,,
0,0,,0.396195,0.087538,0.060483,0.008583,0.079643,0.026872,0.07169,0.106082,0.154556,0.00836,,2618500,,
0,0,,0.475013,0.044454,0.036592,0.011617,0.060592,0.008404,0.14115,0.023702,0.190114,0.00836,,2649000,,
0,0,,0.417926,0.04081,0.026763,0.008583,0.154851,0.009349,0.234616,0.026484,0.072257,0.00836,,2634300,,
0,0,,0.389992,0.080608,0.121619,0.01518,0.047343,0.085317,0.030236,0.120674,0.100671,0.00836,,2619100,,
0,0,,0.461906,0.044442,0.039239,0.008583,0.103519,0.020831,0.058402,0.058164,0.196554,0.00836,,2614900,,
0,0,,0.417926,0.04081,0.026763,0.008583,0.154851,0.009349,0.234616,0.026484,0.072257,0.00836,,2616600,,
0,0,,0.475043,0.047546,0.041035,0.010907,0.073732,0.011854,0.152021,0.027121,0.152381,0.00836,,2624800,,
0,0,,0.419117,0.034287,0.077,0.008583,0.070743,0.035578,0.108122,0.061015,0.177196,0.00836,,2696500,,
0,0,,0.475043,0.047546,0.041035,0.010907,0.073732,0.011854,0.152021,0.027121,0.152381,0.00836,,2629900,,
0,0,,0.461906,0.044442,0.039239,0.008583,0.103519,0.020831,0.058402,0.058164,0.196554,0.00836,,2619000,,
0,0,,0.475043,0.047546,0.041035,0.010907,0.073732,0.011854,0.152021,0.027121,0.152381,0.00836,,2645900,,
0,0,,0.521906,0.044442,0.039239,0.008583,0.103519,0.020831,0.058402,0.058164,0.136554,0.00836,,2619600,,
0,0,,0.417926,0.04081,0.026763,0.008583,0.154851,0.009349,0.234616,0.026484,0.072257,0.00836,,2649100,,
0,0,,0.521906,0.044442,0.039239,0.008583,0.103519,0.020831,0.058402,0.058164,0.136554,0.00836,,2643700,,
0,0,,0.475013,0.044454,0.036592,0.011617,0.060592,0.008404,0.14115,0.023702,0.190114,0.00836,,2647300,,
0,0,,0.475043,0.047546,0.041035,0.010907,0.073732,0.011854,0.152021,0.027121,0.152381,0.00836,,2625800,,
0,4,,0.235043,0.047546,0.041035,0.010907,0.313732,0.011854,0.152021,0.027121,0.152381,0.00836,,2645300,,
0,0,,0.389992,0.080608,0.121619,0.01518,0.047343,0.085317,0.030236,0.120674,0.100671,0.00836,,2640900,,
0,0,,0.475043,0.047546,0.041035,0.010907,0.073732,0.011854,0.152021,0.027121,0.152381,0.00836,,2651900,,
0,0,,0.417926,0.04081,0.026763,0.008583,0.154851,0.009349,0.234616,0.026484,0.072257,0.00836,,2637000,,
0,0,,0.521906,0.044442,0.039239,0.008583,0.103519,0.020831,0.058402,0.058164,0.136554,0.00836,,2654900,,
0,0,,0.475043,0.047546,0.041035,0.010907,0.073732,0.011854,0.152021,0.027121,0.152381,0.00836,,2629900,,
0,0,,0.461906,0.044442,0.039239,0.008583,0.103519,0.020831,0.058402,0.058164,0.196554,0.00836,,2629200,,
0,0,,0.337926,0.04081,0.026763,0.008583,0.154851,0.009349,0.234616,0.026484,0.152257,0.00836,,2646100,,
0,0,,0.847465,0.008045,0.033613,0.008583,0.031072,0.029525,0.007366,0.008532,0.008319,0.017481,,2661800,,
0,0,,0.417926,0.04081,0.026763,0.008583,0.154851,0.009349,0.234616,0.026484,0.072257,0.00836,,2643500,,
0,0,,0.475043,0.047546,0.041035,0.010907,0.073732,0.011854,0.152021,0.027121,0.152381,0.00836,,2656300,,
0,0,,0.475043,0.047546,0.041035,0.010907,0.073732,0.011854,0.152021,0.027121,0.152381,0.00836,,2625300,,
0,0,,0.521906,0.044442,0.039239,0.008583,0.103519,0.020831,0.058402,0.058164,0.136554,0.00836,,2655400,,
0,0,,0.389992,0.080608,0.121619,0.01518,0.047343,0.085317,0.030236,0.120674,0.100671,0.00836,,2667900,,
0,0,,0.419117,0.034287,0.077,0.008583,0.070743,0.035578,0.108122,0.061015,0.177196,0.00836,,2628200,,
0,0,,0.475013,0.044454,0.036592,0.011617,0.060592,0.008404,0.14115,0.023702,0.190114,0.00836,,2624900,,
0,0,,0.475013,0.044454,0.036592,0.011617,0.060592,0.008404,0.14115,0.023702,0.190114,0.00836,,2644900,,
0,0,,0.859465,0.008045,0.033613,0.008583,0.031072,0.017525,0.007366,0.008532,0.008319,0.017481,,2631500,,
0,0,,0.475043,0.047546,0.041035,0.010907,0.073732,0.011854,0.152021,0.027121,0.152381,0.00836,,2620500,,
0,0,,0.475043,0.047546,0.041035,0.010907,0.073732,0.011854,0.152021,0.027121,0.152381,0.00836,,2638100,,
0,6,,0.111366,0.04017,0.024203,0.11525,0.150371,0.009349,0.231416,0.026484,0.176364,0.115027,,2638100,,
0,0,,0.521906,0.044442,0.039239,0.008583,0.103519,0.020831,0.058402,0.058164,0.136554,0.00836,,2643500,,
0,0,,0.455043,0.047546,0.041035,0.010907,0.073732,0.031854,0.152021,0.027121,0.152381,0.00836,,2675900,,
0,0,,0.396195,0.087538,0.060483,0.008583,0.079643,0.026872,0.07169,0.106082,0.154556,0.00836,,2637300,,
0,0,,0.417926,0.04081,0.026763,0.008583,0.154851,0.009349,0.234616,0.026484,0.072257,0.00836,,2650100,,
0,0,,0.417926,0.04081,0.026763,0.008583,0.154851,0.009349,0.234616,0.026484,0.072257,0.00836,,2673000,,
0,0,,0.847465,0.008045,0.033613,0.008583,0.031072,0.029525,0.007366,0.008532,0.008319,0.017481,,2628700,,
0,0,,0.349354,0.04081,0.026763,0.008583,0.154851,0.009349,0.268902,0.026484,0.106543,0.00836,,2653500,,
0,0,,0.461906,0.044442,0.039239,0.008583,0.103519,0.020831,0.058402,0.058164,0.196554,0.00836,,2678800,,
0,0,,0.521906,0.044442,0.039239,0.008583,0.103519,0.020831,0.058402,0.058164,0.136554,0.00836,,2647300,,
0,0,,0.417926,0.04081,0.026763,0.008583,0.154851,0.009349,0.234616,0.026484,0.072257,0.00836,,2655800,,
0,0,,0.417926,0.04081,0.026763,0.008583,0.154851,0.009349,0.234616,0.026484,0.072257,0.00836,,2647700,,
0,0,,0.859465,0.008045,0.033613,0.008583,0.031072,0.017525,0.007366,0.008532,0.008319,0.017481,,2663300,,
0,0,,0.859465,0.008045,0.033613,0.008583,0.031072,0.017525,0.007366,0.008532,0.008319,0.017481,,2659500,,
0,0,,0.396195,0.087538,0.060483,0.008583,0.079643,0.026872,0.07169,0.106082,0.154556,0.00836,,2671700,,
0,0,,0.38364,0.04081,0.026763,0.008583,0.189137,0.009349,0.234616,0.026484,0.072257,0.00836,,2651600,,
0,0,,0.475043,0.047546,0.041035,0.010907,0.073732,0.011854,0.152021,0.027121,0.152381,0.00836,,2678600,,
0,0,,0.461906,0.044442,0.039239,0.008583,0.103519,0.020831,0.058402,0.058164,0.196554,0.00836,,2647300,,
0,0,,0.475043,0.047546,0.041035,0.010907,0.073732,0.011854,0.152021,0.027121,0.152381,0.00836,,2638600,,
0,0,,0.475013,0.044454,0.036592,0.011617,0.060592,0.008404,0.14115,0.023702,0.190114,0.00836,,2663400,,
0,0,,0.521906,0.044442,0.039239,0.008583,0.103519,0.020831,0.058402,0.058164,0.136554,0.00836,,2647700,,
0,0,,0.859465,0.008045,0.033613,0.008583,0.031072,0.017525,0.007366,0.008532,0.008319,0.017481,,2642100,,
0,0,,0.859465,0.008045,0.033613,0.008583,0.031072,0.017525,0.007366,0.008532,0.008319,0.017481,,2654600,,
0,0,,0.417926,0.04081,0.026763,0.008583,0.154851,0.009349,0.234616,0.026484,0.072257,0.00836,,2668200,,
0,0,,0.475013,0.044454,0.036592,0.011617,0.060592,0.008404,0.14115,0.023702,0.190114,0.00836,,2633300,,
0,6,,0.271366,0.04017,0.024203,0.008583,0.150371,0.009349,0.311416,0.026484,0.069697,0.08836,,2679500,,
0,0,,0.847465,0.008045,0.033613,0.008583,0.031072,0.029525,0.007366,0.008532,0.008319,0.017481,,2677500,,
0,0,,0.349354,0.04081,0.026763,0.008583,0.154851,0.009349,0.268902,0.026484,0.106543,0.00836,,2677600,,
0,0,,0.419117,0.034287,0.077,0.008583,0.070743,0.035578,0.108122,0.061015,0.177196,0.00836,,2668700,,
0,0,,0.419117,0.034287,0.077,0.008583,0.070743,0.035578,0.108122,0.061015,0.177196,0.00836,,2677000,,
0,0,,0.475013,0.044454,0.036592,0.011617,0.060592,0.008404,0.14115,0.023702,0.190114,0.00836,,2657300,,
0,0,,0.419117,0.034287,0.077,0.008583,0.070743,0.035578,0.108122,0.061015,0.177196,0.00836,,2655100,,
0,0,,0.337926,0.04081,0.026763,0.008583,0.154851,0.009349,0.234616,0.026484,0.152257,0.00836,,2658800,,
0,0,,0.475013,0.044454,0.036592,0.011617,0.060592,0.008404,0.14115,0.023702,0.190114,0.00836,,2678200,,
0,0,,0.417926,0.04081,0.026763,0.008583,0.154851,0.009349,0.234616,0.026484,0.072257,0.00836,,2666500,,
0,0,,0.475013,0.044454,0.036592,0.011617,0.060592,0.008404,0.14115,0.023702,0.190114,0.00836,,2652600,,
0,0,,0.847465,0.008045,0.033613,0.008583,0.031072,0.029525,0.007366,0.008532,0.008319,0.017481,,2679100,,
0,0,,0.521906,0.044442,0.039239,0.008583,0.103519,0.020831,0.058402,0.058164,0.136554,0.00836,,2692700,,
0,0,,0.417926,0.04081,0.026763,0.008583,0.154851,0.009349,0.234616,0.026484,0.072257,0.00836,,2699900,,
0,0,,0.521906,0.044442,0.039239,0.008583,0.103519,0.020831,0.058402,0.058164,0.136554,0.00836,,2664800,,
0,0,,0.396195,0.127538,0.047149,0.008583,0.079643,0.013538,0.058357,0.106082,0.154556,0.00836,,2681700,,
0,0,,0.542948,0.008045,0.006251,0.008583,0.007764,0.083261,0.007366,0.008532,0.31889,0.00836,,2681000,,
0,0,,0.417926,0.04081,0.026763,0.008583,0.154851,0.009349,0.234616,0.026484,0.072257,0.00836,,2656700,,
0,0,,0.417926,0.04081,0.026763,0.008583,0.154851,0.009349,0.234616,0.026484,0.072257,0.00836,,2672000,,
0,0,,0.859465,0.008045,0.033613,0.008583,0.031072,0.017525,0.007366,0.008532,0.008319,0.017481,,2682100,,
0,0,,0.397926,0.04081,0.026763,0.008583,0.154851,0.009349,0.234616,0.026484,0.092257,0.00836,,2661000,,
0,0,,0.521906,0.044442,0.039239,0.008583,0.103519,0.020831,0.058402,0.058164,0.136554,0.00836,,2666500,,
0,0,,0.739465,0.008045,0.153613,0.008583,0.031072,0.017525,0.007366,0.008532,0.008319,0.017481,,2668500,,
0,0,,0.417926,0.04081,0.026763,0.008583,0.154851,0.009349,0.234616,0.026484,0.072257,0.00836,,2665100,,
0,0,,0.521906,0.044442,0.039239,0.008583,0.103519,0.020831,0.058402,0.058164,0.136554,0.00836,,3916200,,
0,0,,0.389992,0.080608,0.121619,0.01518,0.047343,0.085317,0.030236,0.120674,0.100671,0.00836,,3866900,,
0,0,,0.417926,0.04081,0.026763,0.008583,0.154851,0.009349,0.234616,0.026484,0.072257,0.00836,,3836200,,
0,0,,0.417926,0.04081,0.026763,0.008583,0.154851,0.009349,0.234616,0.026484,0.072257,0.00836,,3814500,,
1,1,,0.008661,0.415574,0.006251,0.008868,0.127444,0.119296,0.061352,0.228532,0.014449,0.009574,,3826700,,
1,1,,0.008376,0.322448,0.045841,0.159746,0.055862,0.137998,0.02411,0.062598,0.026625,0.156396,,2675400,,
1,6,,0.008376,0.14957,0.006251,0.015114,0.084917,0.010037,0.401007,0.18966,0.120177,0.014891,,2685400,,
1,9,,0.008376,0.078727,0.043981,0.196158,0.029815,0.227566,0.007366,0.057017,0.059316,0.291678,,2685300,,
1,1,,0.008376,0.320678,0.048859,0.169956,0.030791,0.144918,0.019073,0.075553,0.023358,0.158438,,2682000,,
1,6,,0.111366,0.058456,0.097346,0.026869,0.1778,0.10992,0.313702,0.026484,0.069697,0.00836,,2687100,,
1,1,,0.008661,0.378513,0.043981,0.150728,0.039495,0.136707,0.011352,0.057017,0.018442,0.155105,,2752200,,
1,1,,0.17857,0.341983,0.036592,0.011902,0.070272,0.009296,0.127682,0.023702,0.190426,0.009574,,2684600,,
1,1,,0.008661,0.230821,0.043981,0.150728,0.09488,0.136707,0.011352,0.057017,0.110749,0.155105,,2667700,,
1,1,,0.11165,0.337699,0.024203,0.008868,0.160051,0.010241,0.235402,0.026484,0.075827,0.009574,,2681800,,
1,1,,0.013332,0.359981,0.097109,0.050907,0.134219,0.065348,0.011352,0.125308,0.095501,0.046943,,2674600,,
1,1,,0.11165,0.337699,0.024203,0.008868,0.160051,0.010241,0.235402,0.026484,0.075827,0.009574,,2684300,,
1,5,,0.008376,0.152344,0.107385,0.15555,0.043432,0.264648,0.024387,0.058719,0.027219,0.15794,,2696000,,
1,1,,0.008661,0.358513,0.043981,0.150728,0.039495,0.136707,0.011352,0.057017,0.038442,0.155105,,2689200,,
1,1,,0.001988,0.37107,0.225363,0.105797,0.012704,0.072045,0.082002,0.0253,0.022292,0.081439,,2679900,,
1,4,,0.008376,0.13258,0.043981,0.151419,0.200157,0.145894,0.007366,0.13526,0.015553,0.159413,,2691200,,
1,8,,0.144832,0.107904,0.140404,0.01369,0.08436,0.15266,0.102286,0.062717,0.179384,0.011764,,2681800,,
1,2,,0.001988,0.116498,0.356506,0.11094,0.012704,0.077188,0.174573,0.0253,0.027435,0.096868,,2689700,,
1,4,,0.013047,0.16582,0.097109,0.057153,0.289437,0.066089,0.056345,0.125308,0.077432,0.052259,,2687400,,
1,8,,0.008661,0.305574,0.006251,0.158868,0.017444,0.009296,0.011352,0.158532,0.314449,0.009574,,2683500,,
1,1,,0.178286,0.306954,0.036592,0.012867,0.094342,0.012154,0.137446,0.023702,0.189296,0.00836,,2673400,,
1,1,,0.001988,0.35599,0.208696,0.070241,0.012704,0.108871,0.002002,0.0253,0.141657,0.07255,,2683200,,
1,1,,0.008376,0.167616,0.043981,0.150444,0.127593,0.162804,0.05181,0.065905,0.058046,0.163424,,2694800,,
1,1,,0.008661,0.378513,0.043981,0.150728,0.039495,0.136707,0.011352,0.057017,0.018442,0.155105,,2685500,,
1,1,,0.11165,0.337699,0.024203,0.008868,0.160051,0.010241,0.235402,0.026484,0.075827,0.009574,,2709400,,
1,1,,0.023295,0.344661,0.053812,0.023502,0.22037,0.063608,0.011352,0.136093,0.083402,0.039905,,2700200,,
1,1,,0.008661,0.358513,0.043981,0.150728,0.039495,0.136707,0.011352,0.057017,0.038442,0.155105,,2674700,,
1,1,,0.17857,0.341983,0.036592,0.011902,0.070272,0.009296,0.127682,0.023702,0.190426,0.009574,,2667900,,
1,6,,0.111366,0.193948,0.025981,0.013917,0.164593,0.009349,0.242083,0.026484,0.202141,0.010138,,2681500,,
1,1,,0.008376,0.334222,0.113255,0.091797,0.084135,0.103953,0.021116,0.142952,0.042825,0.057368,,2658900,,
1,1,,0.120803,0.378136,0.121619,0.015465,0.057023,0.035682,0.034222,0.120674,0.106801,0.009574,,2733500,,
1,9,,0.008376,0.078727,0.059116,0.223417,0.029815,0.140462,0.007366,0.119179,0.013602,0.319941,,2674600,,
1,1,,0.02301,0.278208,0.053812,0.142265,0.125453,0.124943,0.011175,0.056093,0.148562,0.036478,,2672500,,
1,1,,0.008661,0.371509,0.113255,0.090832,0.060065,0.100773,0.011352,0.142952,0.042665,0.057938,,2662500,,
1,1,,0.008661,0.307397,0.084498,0.04486,0.058577,0.096383,0.091352,0.183351,0.028584,0.096339,,2684400,,
1,4,,0.008376,0.367537,0.008029,0.013917,0.4077,0.008404,0.018033,0.137103,0.020763,0.010138,,2682200,,
1,3,,0.008376,0.088523,0.043981,0.316974,0.097571,0.13777,0.02206,0.057017,0.026663,0.201066,,2647500,,
1,1,,0.008661,0.35224,0.146251,0.148868,0.017444,0.055963,0.058018,0.188532,0.014449,0.009574,,2651000,,
1,1,,0.164342,0.345075,0.038781,0.011192,0.078904,0.01162,0.15488,0.027121,0.158512,0.009574,,2632900,,
1,8,,0.008661,0.305574,0.006251,0.158868,0.017444,0.009296,0.011352,0.158532,0.314449,0.009574,,2678600,,
1,2,,0.001988,0.126338,0.369354,0.137607,0.001881,0.110891,0.106829,0.002029,0.119766,0.023318,,2650100,,
1,1,,0.008661,0.378513,0.043981,0.150728,0.039495,0.136707,0.011352,0.057017,0.018442,0.155105,,2649800,,
1,1,,0.008376,0.334222,0.113255,0.091797,0.084135,0.103953,0.021116,0.142952,0.042825,0.057368,,2668600,,
1,1,,0.008376,0.365459,0.120679,0.063814,0.053739,0.080982,0.018033,0.176368,0.07066,0.04189,,2653400,,
1,1,,0.120803,0.378136,0.121619,0.015465,0.057023,0.035682,0.034222,0.120674,0.106801,0.009574,,2632500,,
1,9,,0.008376,0.078727,0.056288,0.175059,0.029815,0.209984,0.007366,0.057017,0.013602,0.363766,,2678700,,
1,7,,0.008376,0.082448,0.045841,0.159746,0.055862,0.137998,0.02411,0.302598,0.026625,0.156396,,2661000,,
1,1,,0.116479,0.385066,0.047149,0.008868,0.089322,0.01443,0.062343,0.106082,0.160686,0.009574,,2647900,,
1,1,,0.120803,0.378136,0.121619,0.015465,0.057023,0.035682,0.034222,0.120674,0.106801,0.009574,,3103800,,
1,1,,0.008661,0.378513,0.043981,0.150728,0.039495,0.136707,0.011352,0.057017,0.018442,0.155105,,2663000,,
1,1,,0.001988,0.278848,0.212696,0.070241,0.012704,0.127156,0.066002,0.0893,0.004514,0.13655,,2696000,,
1,1,,0.013332,0.357239,0.097109,0.050907,0.164219,0.065026,0.011352,0.125308,0.069211,0.046298,,2665200,,
1,8,,0.144832,0.060953,0.103666,0.008583,0.17741,0.024149,0.111932,0.087681,0.272434,0.00836,,2666400,,
1,1,,0.013047,0.331174,0.098969,0.059925,0.150586,0.066317,0.02411,0.130889,0.077394,0.047589,,2675000,,
1,7,,0.008661,0.283351,0.006251,0.008868,0.217444,0.009296,0.011352,0.408532,0.036671,0.009574,,2681400,,
1,6,,0.013047,0.088934,0.097109,0.050623,0.149725,0.067419,0.296255,0.126789,0.064371,0.045728,,2665000,,
1,3,,0.008376,0.143012,0.112552,0.237587,0.029815,0.151852,0.007366,0.058445,0.013602,0.237392,,2693400,,
1,1,,0.008661,0.378513,0.043981,0.150728,0.039495,0.136707,0.011352,0.057017,0.018442,0.155105,,2670500,,
1,1,,0.008661,0.389209,0.118901,0.058765,0.049196,0.081874,0.011352,0.176368,0.064346,0.041327,,2645800,,
1,5,,0.008376,0.081992,0.055409,0.261464,0.031448,0.305934,0.012264,0.057017,0.031561,0.154535,,2681000,,
1,2,,0.008376,0.071722,0.184366,0.126102,0.050385,0.171314,0.007366,0.142952,0.108937,0.128479,,2667900,,
1,7,,0.008376,0.205142,0.086251,0.008583,0.141957,0.021952,0.007366,0.431596,0.066867,0.021908,,2674800,,
1,8,,0.164057,0.047546,0.045893,0.059415,0.180971,0.023172,0.156227,0.073851,0.202667,0.046201,,2706500,,
1,8,,0.178286,0.044454,0.036592,0.011617,0.100592,0.208404,0.163696,0.023702,0.224296,0.00836,,2665300,,
1,1,,0.001988,0.347602,0.328664,0.077607,0.001881,0.024224,0.095335,0.047029,0.064766,0.010904,,2653900,,
1,1,,0.120803,0.378136,0.121619,0.015465,0.057023,0.035682,0.034222,0.120674,0.106801,0.009574,,2685600,,
1,9,,0.008376,0.078727,0.059116,0.223417,0.029815,0.140462,0.007366,0.119179,0.013602,0.319941,,2655000,,
1,0,,0.206906,0.106665,0.145906,0.044139,0.103519,0.027219,0.138402,0.058164,0.151832,0.017249,,2693100,,
1,0,,0.206906,0.170296,0.039239,0.009559,0.129861,0.028087,0.058402,0.088408,0.136005,0.133238,,2667400,,
1,2,,0.013047,0.136683,0.211981,0.050623,0.198386,0.064456,0.056597,0.133513,0.080781,0.053933,,2667800,,
1,4,,0.008376,0.121393,0.043981,0.150444,0.232482,0.136138,0.028699,0.067683,0.024268,0.186535,,2666600,,
1,1,,0.008376,0.158727,0.053981,0.150444,0.149815,0.156138,0.047366,0.077017,0.043602,0.154535,,2702000,,
1,1,,0.008376,0.402275,0.006251,0.009833,0.090912,0.012154,0.160063,0.18966,0.112116,0.00836,,2671100,,
1,1,,0.20719,0.341971,0.039239,0.008868,0.113199,0.019223,0.062388,0.058164,0.140184,0.009574,,2695800,,
1,1,,0.008376,0.167616,0.043981,0.150444,0.127593,0.162804,0.05181,0.065905,0.058046,0.163424,,2678500,,
1,1,,0.008661,0.378513,0.043981,0.150728,0.039495,0.136707,0.011352,0.057017,0.018442,0.155105,,2653900,,
1,1,,0.001988,0.278848,0.228696,0.070241,0.012704,0.143156,0.082002,0.0253,0.084514,0.07255,,2671800,,
1,2,,0.001988,0.22107,0.375363,0.105797,0.012704,0.072045,0.082002,0.0253,0.022292,0.081439,,2703700,,
1,1,,0.11165,0.337699,0.024203,0.008868,0.160051,0.010241,0.235402,0.026484,0.075827,0.009574,,2683500,,
1,0,,0.366906,0.044442,0.039239,0.008583,0.103519,0.018331,0.138402,0.058164,0.134054,0.08836,,2654000,,
1,8,,0.144832,0.060953,0.103666,0.008583,0.17741,0.024149,0.111932,0.087681,0.272434,0.00836,,2670400,,
1,1,,0.008661,0.358513,0.043981,0.150728,0.039495,0.136707,0.011352,0.057017,0.038442,0.155105,,2663700,,
1,1,,0.008661,0.378513,0.043981,0.150728,0.039495,0.136707,0.011352,0.057017,0.018442,0.155105,,2647200,,
1,1,,0.001988,0.421348,0.148696,0.071491,0.166454,0.066906,0.015752,0.0253,0.009514,0.07255,,2671600,,
1,6,,0.164057,0.093261,0.038781,0.010907,0.069224,0.010728,0.288037,0.072835,0.198096,0.054074,,2693100,,
1,1,,0.116479,0.362844,0.047149,0.008868,0.089322,0.01443,0.062343,0.106082,0.182908,0.009574,,2660700,,
1,1,,0.116479,0.385066,0.047149,0.008868,0.089322,0.01443,0.062343,0.106082,0.160686,0.009574,,2634200,,
1,1,,0.008661,0.35286,0.14367,0.035889,0.088222,0.056583,0.011352,0.163902,0.109022,0.02984,,2634900,,
1,1,,0.008376,0.202504,0.045758,0.155777,0.194038,0.136138,0.018033,0.057017,0.026046,0.156313,,2641600,,
1,1,,0.008661,0.378513,0.043981,0.150728,0.039495,0.136707,0.011352,0.057017,0.018442,0.155105,,2681000,,
1,8,,0.008376,0.101227,0.043981,0.151694,0.063565,0.139888,0.021116,0.057017,0.258602,0.154535,,2650600,,
1,6,,0.111366,0.04017,0.024203,0.008583,0.264657,0.009349,0.379988,0.037913,0.115411,0.00836,,2628400,,
1,1,,0.145116,0.331815,0.077,0.008868,0.080423,0.025041,0.089251,0.061015,0.171897,0.009574,,2636800,,
1,2,,0.001988,0.083848,0.317696,0.070241,0.012704,0.191156,0.047002,0.0253,0.049514,0.20055,,2639800,,
1,1,,0.008661,0.348513,0.043981,0.150728,0.069495,0.136707,0.011352,0.057017,0.018442,0.155105,,2648100,,
1,8,,0.111366,0.073948,0.025981,0.013917,0.164593,0.009349,0.242083,0.026484,0.322141,0.010138,,2694400,,
1,9,,0.008376,0.142727,0.139981,0.214444,0.029815,0.136138,0.039366,0.057017,0.013602,0.218535,,2637200,,
1,1,,0.008376,0.167616,0.043981,0.150444,0.127593,0.162804,0.05181,0.065905,0.058046,0.163424,,2646900,,
1,1,,0.008376,0.27206,0.043981,0.169491,0.114577,0.138043,0.011175,0.057017,0.013602,0.171678,,2632200,,
1,1,,0.008661,0.271847,0.043981,0.150728,0.039495,0.136707,0.011352,0.057017,0.125108,0.155105,,2626700,,
1,1,,0.008661,0.376255,0.043981,0.150728,0.039495,0.13703,0.011352,0.057017,0.019732,0.15575,,2648300,,
1,1,,0.008661,0.378513,0.043981,0.150728,0.039495,0.136707,0.011352,0.057017,0.018442,0.155105,,2702800,,
1,1,,0.001988,0.311985,0.128108,0.293614,0.015842,0.131548,0.002002,0.027653,0.004514,0.082747,,2634900,,
1,1,,0.008376,0.158727,0.053981,0.150444,0.149815,0.156138,0.047366,0.077017,0.043602,0.154535,,2646200,,
1,2,,0.206906,0.044442,0.231239,0.029917,0.103519,0.018331,0.079735,0.058164,0.198054,0.029693,,5282900,,
1,1,,0.008661,0.378513,0.043981,0.150728,0.039495,0.136707,0.011352,0.057017,0.018442,0.155105,,4663900,,
1,9,,0.008376,0.142727,0.139981,0.214444,0.029815,0.136138,0.039366,0.057017,0.013602,0.218535,,2697700,,
1,1,,0.008661,0.338601,0.076251,0.148868,0.16052,0.050897,0.011352,0.077763,0.083158,0.043929,,2675200,,
1,7,,0.008376,0.18057,0.118901,0.058481,0.137294,0.107649,0.05181,0.185257,0.10266,0.049002,,2672700,,
1,7,,0.008376,0.173605,0.044956,0.150444,0.076401,0.17004,0.007366,0.194821,0.013602,0.160389,,2687000,,
1,6,,0.234442,0.064786,0.024203,0.008583,0.174986,0.009349,0.329878,0.026484,0.118928,0.00836,,2694200,,
1,1,,0.008376,0.158727,0.053981,0.150444,0.149815,0.156138,0.047366,0.077017,0.043602,0.154535,,2665200,,
1,1,,0.008661,0.36038,0.006251,0.008868,0.066842,0.024681,0.150299,0.18966,0.144015,0.040344,,2673800,,
1,6,,0.116195,0.110038,0.047149,0.009833,0.113393,0.017288,0.312107,0.106082,0.159556,0.00836,,2666400,,
1,1,,0.11165,0.337699,0.024203,0.008868,0.160051,0.010241,0.235402,0.026484,0.075827,0.009574,,2666600,,
2,2,,0.001988,0.038848,0.563075,0.088019,0.030482,0.098712,0.076512,0.0253,0.004514,0.07255,,2690900,,
2,2,,0.008376,0.136841,0.199369,0.044575,0.122744,0.095813,0.056597,0.191556,0.040154,0.103974,,2702100,,
2,8,,0.164057,0.047546,0.038781,0.010907,0.229224,0.090728,0.150894,0.027121,0.232381,0.00836,,2709700,,
2,7,,0.008376,0.087387,0.170852,0.190519,0.05105,0.102198,0.040468,0.194808,0.088144,0.066198,,2694700,,
2,0,,0.859465,0.008045,0.033613,0.008583,0.031072,0.017525,0.007366,0.008532,0.008319,0.017481,,2705700,,
2,2,,0.120518,0.080608,0.299397,0.032958,0.100677,0.03479,0.101348,0.120674,0.100671,0.00836,,2694000,,
2,3,,0.008376,0.081864,0.053392,0.373816,0.032953,0.20453,0.007366,0.05937,0.013602,0.164731,,2702800,,
2,2,,0.001988,0.066941,0.263573,0.221262,0.014337,0.192952,0.068969,0.0253,0.047301,0.097378,,2700700,,
2,2,,0.001988,0.124993,0.456628,0.040911,0.022088,0.111407,0.092712,0.065759,0.044213,0.0393,,2707100,,
2,9,,0.008376,0.083727,0.236981,0.175444,0.029815,0.145138,0.007366,0.060017,0.014602,0.238535,,2691900,,
2,2,,0.008376,0.148045,0.324029,0.026361,0.061097,0.148404,0.078477,0.188532,0.008319,0.00836,,2718600,,
2,2,,0.013047,0.105738,0.170252,0.068908,0.151968,0.165028,0.089652,0.125308,0.064371,0.045728,,2695700,,
2,2,,0.178286,0.044454,0.196592,0.011617,0.060592,0.008404,0.123696,0.023702,0.184296,0.16836,,2720300,,
2,2,,0.001988,0.017475,0.37314,0.007194,0.081881,0.167145,0.094573,0.002029,0.237131,0.017444,,2708400,,
2,0,,0.275043,0.047546,0.121035,0.010907,0.153732,0.011854,0.192021,0.027121,0.152381,0.00836,,2716100,,
2,8,,0.144832,0.034287,0.077,0.008583,0.070743,0.237482,0.085265,0.061015,0.272434,0.00836,,2711900,,
2,4,,0.008376,0.078727,0.043981,0.150444,0.212673,0.136138,0.098794,0.057017,0.059316,0.154535,,2699700,,
2,6,,0.177926,0.04081,0.106763,0.008583,0.234851,0.009349,0.314616,0.026484,0.072257,0.00836,,2719300,,
2,8,,0.116195,0.115773,0.178914,0.008583,0.079643,0.079421,0.124239,0.106082,0.182791,0.00836,,2729800,,
2,2,,0.001988,0.043848,0.517696,0.143241,0.012704,0.168156,0.002002,0.0283,0.005514,0.07655,,2724600,,
2,2,,0.001988,0.100917,0.289386,0.230241,0.012704,0.063156,0.026829,0.0253,0.004514,0.244964,,2706300,,
2,7,,0.008376,0.083342,0.053211,0.155059,0.034431,0.148445,0.018135,0.198555,0.144371,0.156074,,2686600,,
2,2,,0.008376,0.036281,0.522631,0.05166,0.007764,0.074286,0.073248,0.051609,0.122708,0.051437,,2709100,,
2,8,,0.116195,0.087538,0.11826,0.044139,0.079643,0.084649,0.058357,0.106082,0.225667,0.079471,,2725300,,
2,0,,0.34182,0.076721,0.297981,0.002051,0.032133,0.020993,0.097586,0.027239,0.089047,0.014429,,2707800,,
2,2,,0.008376,0.055332,0.46367,0.035604,0.078542,0.055691,0.007366,0.163902,0.102892,0.028626,,2692500,,
2,2,,0.008376,0.09261,0.237498,0.189575,0.048898,0.104813,0.007366,0.186351,0.024744,0.099769,,2703700,,
2,2,,0.008376,0.008045,0.497533,0.05166,0.007764,0.061737,0.060699,0.051609,0.094472,0.158103,,2697100,,
2,2,,0.013047,0.161024,0.267252,0.075623,0.12454,0.107742,0.007366,0.128308,0.065371,0.049728,,2692000,,
2,8,,0.116195,0.136768,0.162021,0.008583,0.153489,0.013538,0.107588,0.114287,0.170966,0.016565,,2708800,,
2,2,,0.001988,0.063675,0.332144,0.070241,0.012704,0.143156,0.144071,0.0253,0.109341,0.097378,,2696100,,
2,2,,0.001988,0.06434,0.257241,0.080213,0.013369,0.065151,0.067173,0.197156,0.15466,0.098708,,2697400,,
2,3,,0.008376,0.140949,0.150647,0.185999,0.029815,0.145027,0.087366,0.057017,0.03138,0.163424,,2691000,,
2,0,,0.206906,0.044442,0.119239,0.008583,0.103519,0.098331,0.058402,0.058164,0.134054,0.16836,,2685600,,
2,3,,0.008376,0.081864,0.053392,0.421816,0.032953,0.15653,0.007366,0.05937,0.013602,0.164731,,2706800,,
2,4,,0.013047,0.114119,0.123776,0.103956,0.137873,0.11779,0.074033,0.125308,0.131038,0.059061,,2689700,,
2,8,,0.001988,0.056227,0.254717,0.094896,0.01368,0.07708,0.106281,0.043837,0.259413,0.091881,,2689400,,
2,6,,0.177926,0.04081,0.106763,0.008583,0.234851,0.009349,0.314616,0.026484,0.072257,0.00836,,2695500,,
2,2,,0.001988,0.070353,0.363156,0.148631,0.017098,0.098118,0.064071,0.082464,0.112062,0.04206,,2699100,,
2,2,,0.001988,0.15507,0.441363,0.105797,0.012704,0.072045,0.082002,0.0253,0.022292,0.081439,,2684700,,
2,2,,0.001988,0.084184,0.349808,0.03741,0.048821,0.144037,0.146356,0.084956,0.034133,0.068306,,2707400,,
2,2,,0.001988,0.085799,0.378574,0.149753,0.01368,0.071937,0.118709,0.043837,0.05927,0.076453,,2694500,,
2,9,,0.001988,0.083848,0.253696,0.070241,0.012704,0.063156,0.047002,0.0253,0.049514,0.39255,,2690300,,
2,2,,0.001988,0.041071,0.39204,0.125791,0.128059,0.043465,0.129845,0.084956,0.009305,0.043479,,2713500,,
2,2,,0.001988,0.059517,0.479622,0.062245,0.022088,0.045525,0.085404,0.065759,0.104806,0.073047,,2706200,,
2,2,,0.008376,0.091681,0.198901,0.138481,0.039517,0.160982,0.007366,0.176368,0.138216,0.040113,,2724100,,
2,2,,0.001988,0.101581,0.438483,0.080213,0.013369,0.065151,0.029932,0.125156,0.009832,0.134294,,2697200,,
2,2,,0.001988,0.08685,0.546083,0.05051,0.037364,0.033471,0.082002,0.076222,0.064927,0.020582,,2709500,,
2,2,,0.02301,0.181498,0.444202,0.026854,0.040691,0.039402,0.007366,0.056093,0.161549,0.019335,,2733100,,
2,2,,0.008376,0.060332,0.33667,0.060604,0.078542,0.064691,0.007366,0.166902,0.103892,0.112626,,2701400,,
2,0,,0.444057,0.087546,0.038781,0.010907,0.069224,0.010728,0.150894,0.027121,0.152381,0.00836,,2713400,,
2,2,,0.008376,0.013045,0.519866,0.12466,0.007764,0.113404,0.007366,0.054609,0.095472,0.055437,,2759800,,
2,2,,0.001988,0.092848,0.38041,0.222622,0.012704,0.078394,0.047716,0.0253,0.03499,0.103027,,2706400,,
2,2,,0.001988,0.073413,0.259251,0.106757,0.079842,0.088691,0.094573,0.043653,0.009657,0.242175,,2700300,,
2,8,,0.164057,0.058455,0.0606,0.134543,0.069224,0.027091,0.150894,0.027121,0.299654,0.00836,,2694200,,
2,3,,0.008376,0.078727,0.181124,0.241872,0.029815,0.136138,0.098794,0.057017,0.013602,0.154535,,2707400,,
2,0,,0.275043,0.047546,0.121035,0.010907,0.153732,0.011854,0.192021,0.027121,0.152381,0.00836,,2708100,,
2,1,,0.001988,0.281985,0.158108,0.221614,0.015842,0.083548,0.002002,0.027653,0.004514,0.202747,,2750100,,
2,8,,0.008376,0.091682,0.089887,0.008583,0.007764,0.008404,0.091002,0.008532,0.677409,0.00836,,2713400,,
2,2,,0.001988,0.101758,0.537863,0.065911,0.022088,0.054525,0.026829,0.068759,0.076978,0.0433,,2718900,,
2,2,,0.001988,0.221071,0.473217,0.019124,0.021393,0.043465,0.002002,0.164956,0.009305,0.043479,,2710600,,
2,2,,0.001988,0.177578,0.370173,0.040911,0.119866,0.072192,0.046446,0.074648,0.060422,0.035775,,2708900,,
2,2,,0.001988,0.271047,0.379426,0.050337,0.089309,0.102573,0.084288,0.002029,0.001988,0.017015,,2732400,,
2,5,,0.008376,0.078727,0.043981,0.150444,0.029815,0.456138,0.007366,0.057017,0.013602,0.154535,,2720200,,
2,2,,0.206906,0.044442,0.279239,0.008583,0.130186,0.018331,0.085069,0.058164,0.134054,0.035027,,2715600,,
2,2,,0.008376,0.0895,0.237699,0.161658,0.050385,0.100203,0.078477,0.142952,0.073381,0.057368,,2711000,,
2,2,,0.001988,0.086985,0.343108,0.261614,0.015842,0.083548,0.047002,0.027653,0.049514,0.082747,,2681900,,
2,2,,0.008376,0.08761,0.339633,0.057548,0.048898,0.100138,0.007366,0.185513,0.023744,0.141175,,2706600,,
2,2,,0.013047,0.178362,0.198927,0.054259,0.12454,0.08082,0.007366,0.125308,0.171644,0.045728,,2713100,,
2,2,,0.098245,0.081763,0.371763,0.002051,0.097328,0.006815,0.101421,0.026093,0.200094,0.014429,,2685000,,
2,2,,0.008376,0.055997,0.292767,0.045576,0.079207,0.057685,0.010468,0.263758,0.10821,0.077955,,2690800,,
2,5,,0.02301,0.084875,0.212636,0.076159,0.080691,0.223038,0.047366,0.091387,0.10621,0.05463,,2691000,,
2,8,,0.144832,0.034287,0.148111,0.150805,0.070743,0.059705,0.085265,0.061015,0.201323,0.043915,,2996800,,
2,0,,0.206906,0.044442,0.199239,0.008583,0.103519,0.018331,0.058402,0.058164,0.134054,0.16836,,4136500,,
2,2,,0.098245,0.073694,0.405644,0.002051,0.051613,0.246815,0.030879,0.026093,0.062951,0.002015,,2652000,,
2,8,,0.164057,0.047546,0.038781,0.010907,0.10478,0.010728,0.293116,0.027121,0.294604,0.00836,,2658300,,
2,8,,0.008376,0.008045,0.077362,0.150805,0.007764,0.04396,0.007366,0.008532,0.643874,0.043915,,2651700,,
2,9,,0.026604,0.063675,0.252144,0.094857,0.061935,0.063156,0.064071,0.0253,0.029341,0.318916,,2662300,,
2,2,,0.008376,0.08761,0.404498,0.044575,0.048898,0.095813,0.007366,0.183351,0.023744,0.095769,,2691400,,
2,2,,0.001988,0.063675,0.284144,0.134241,0.044704,0.071156,0.096071,0.1133,0.069341,0.121378,,2630200,,
2,3,,0.008376,0.079392,0.151935,0.194702,0.03048,0.138132,0.044754,0.108873,0.087492,0.155865,,2636300,,
2,3,,0.008376,0.076722,0.226255,0.275547,0.050385,0.109203,0.007366,0.145952,0.038825,0.061368,,2630500,,
2,0,,0.440518,0.080608,0.121619,0.01518,0.047343,0.03479,0.030236,0.120674,0.100671,0.00836,,2639600,,
2,8,,0.144832,0.034287,0.077,0.008583,0.070743,0.024149,0.085265,0.221015,0.325767,0.00836,,2658800,,
2,2,,0.008376,0.013045,0.583866,0.07666,0.007764,0.017404,0.007366,0.054609,0.095472,0.135437,,2661400,,
2,2,,0.008376,0.128045,0.391251,0.038583,0.217764,0.008404,0.007366,0.168532,0.008319,0.02336,,2652100,,
2,9,,0.001988,0.083848,0.25428,0.071409,0.012704,0.084762,0.047002,0.0253,0.049514,0.369193,,2657800,,
2,6,,0.08394,0.059608,0.037808,0.014103,0.041737,0.01259,0.390811,0.089346,0.246866,0.023192,,2640900,,
2,3,,0.008376,0.078727,0.075981,0.214444,0.061815,0.144138,0.039366,0.145017,0.053602,0.178535,,2652200,,
2,2,,0.001988,0.054276,0.281839,0.139384,0.044704,0.076299,0.126573,0.1133,0.049657,0.111979,,2672700,,
2,6,,0.177926,0.04081,0.106763,0.008583,0.234851,0.009349,0.314616,0.026484,0.072257,0.00836,,2666200,,
2,5,,0.164057,0.047546,0.038781,0.010907,0.069224,0.330728,0.150894,0.027121,0.152381,0.00836,,2640900,,
2,2,,0.008376,0.08761,0.324498,0.044575,0.048898,0.095813,0.007366,0.263351,0.023744,0.095769,,2664000,,
2,1,,0.001988,0.283463,0.277927,0.074857,0.01732,0.075464,0.012771,0.166838,0.015283,0.074089,,2649700,,
2,4,,0.111366,0.082837,0.024203,0.008583,0.353038,0.009349,0.25275,0.037151,0.080364,0.04036,,2668100,,
2,2,,0.001988,0.054941,0.357793,0.119642,0.013369,0.070294,0.131961,0.077156,0.083547,0.089309,,2717400,,
2,2,,0.001988,0.102985,0.263108,0.101614,0.079842,0.083548,0.047002,0.043653,0.049514,0.226747,,2697700,,
2,2,,0.001988,0.038848,0.39952,0.134241,0.044704,0.071156,0.055178,0.1133,0.044514,0.09655,,3530700,,
2,9,,0.008376,0.078727,0.115092,0.185999,0.029815,0.207249,0.007366,0.057017,0.084713,0.225646,,2671600,,
2,2,,0.013047,0.161024,0.267252,0.075623,0.12454,0.107742,0.007366,0.128308,0.065371,0.049728,,2693600,,
2,2,,0.001988,0.092848,0.526696,0.091575,0.012704,0.063156,0.023335,0.0253,0.068514,0.093884,,2694100,,
2,2,,0.001988,0.095071,0.599217,0.019124,0.021393,0.043465,0.002002,0.164956,0.009305,0.043479,,2775900,,
2,8,,0.164057,0.047546,0.038781,0.170907,0.069224,0.010728,0.150894,0.027121,0.312381,0.00836,,2693600,,
2,7,,0.008376,0.079392,0.049078,0.160416,0.03048,0.138132,0.010468,0.228873,0.13892,0.155865,,2686200,,
2,9,,0.008376,0.071722,0.177255,0.154547,0.050385,0.164203,0.007366,0.142952,0.037825,0.185368,,2692800,,
2,2,,0.008376,0.09261,0.357498,0.069575,0.048898,0.104813,0.007366,0.186351,0.024744,0.099769,,2715600,,
2,2,,0.02301,0.11311,0.385577,0.023217,0.040691,0.088921,0.073248,0.156093,0.076798,0.019335,,2730300,,
2,2,,0.248376,0.008045,0.263394,0.008583,0.007764,0.054118,0.007366,0.008532,0.248319,0.145503,,2717300,,
2,3,,0.008376,0.083012,0.052552,0.417587,0.029815,0.151852,0.007366,0.058445,0.013602,0.177392,,2692800,,
2,2,,0.001988,0.158848,0.243831,0.243214,0.012704,0.187481,0.002002,0.027462,0.004514,0.117956,,2687200,,
2,0,,0.351233,0.008045,0.189108,0.094298,0.007764,0.099833,0.007366,0.139961,0.094033,0.00836,,2689800,,
2,2,,0.02301,0.155329,0.332908,0.101159,0.040691,0.097493,0.007366,0.094387,0.06721,0.080448,,2713800,,
3,2,,0.16171,0.061379,0.359584,0.21525,0.107764,0.008404,0.007366,0.008532,0.061652,0.00836,,2684300,,
3,7,,0.008376,0.091681,0.149377,0.165147,0.054755,0.172411,0.022604,0.176368,0.073454,0.085827,,2713300,,
3,5,,0.008376,0.158727,0.070647,0.150444,0.056482,0.189471,0.034033,0.057017,0.120268,0.154535,,2687000,,
3,7,,0.008376,0.087387,0.170852,0.190519,0.05105,0.102198,0.040468,0.194808,0.088144,0.066198,,2686300,,
3,8,,0.286948,0.008045,0.006251,0.008583,0.007764,0.211261,0.007366,0.008532,0.44689,0.00836,,2690200,,
3,5,,0.008376,0.093632,0.123779,0.137993,0.040492,0.209762,0.019073,0.194905,0.127972,0.044015,,2712000,,
3,7,,0.008376,0.114277,0.084498,0.124575,0.102231,0.175813,0.007366,0.183351,0.103744,0.095769,,2701400,,
3,9,,0.008376,0.078727,0.059116,0.223417,0.029815,0.140462,0.007366,0.119179,0.013602,0.319941,,2703400,,
3,3,,0.008376,0.083012,0.052552,0.417587,0.029815,0.151852,0.007366,0.058445,0.013602,0.177392,,2683200,,
3,6,,0.008376,0.071722,0.113255,0.090547,0.050385,0.100203,0.327366,0.142952,0.037825,0.057368,,2687300,,
3,2,,0.013047,0.087453,0.272244,0.143595,0.12454,0.068781,0.007366,0.12747,0.064371,0.091134,,2678200,,
3,6,,0.008376,0.080865,0.115541,0.097404,0.070956,0.10706,0.265652,0.145238,0.049254,0.059654,,2707300,,
3,9,,0.008376,0.078727,0.089695,0.196158,0.07553,0.136138,0.007366,0.057017,0.150745,0.20025,,2711900,,
3,3,,0.008376,0.081992,0.055409,0.421464,0.031448,0.145934,0.012264,0.057017,0.031561,0.154535,,2719100,,
3,2,,0.001988,0.113224,0.301693,0.168703,0.012704,0.130849,0.026829,0.0253,0.004514,0.214195,,2690000,,
3,2,,0.008376,0.08761,0.404498,0.044575,0.048898,0.095813,0.007366,0.183351,0.023744,0.095769,,2679400,,
3,9,,0.008376,0.081864,0.053392,0.181816,0.032953,0.15653,0.007366,0.17937,0.013602,0.284731,,2721800,,
3,3,,0.008376,0.081864,0.133392,0.341816,0.032953,0.15653,0.007366,0.05937,0.013602,0.164731,,2685700,,
3,3,,0.008376,0.078727,0.063981,0.21711,0.063149,0.162804,0.040699,0.143683,0.066935,0.154535,,2664500,,
3,2,,0.008376,0.078727,0.235981,0.171777,0.029815,0.136138,0.028699,0.057017,0.077602,0.175869,,2723400,,
3,3,,0.008376,0.082448,0.045841,0.239746,0.055862,0.137998,0.10411,0.062598,0.106625,0.156396,,2693600,,
3,8,,0.008376,0.080678,0.048859,0.169956,0.030791,0.144918,0.019073,0.075553,0.263358,0.158438,,2699200,,
3,3,,0.008376,0.143012,0.112552,0.237587,0.029815,0.151852,0.007366,0.058445,0.013602,0.237392,,2712500,,
3,3,,0.008376,0.078727,0.051092,0.198952,0.141561,0.148582,0.012699,0.103747,0.063888,0.192377,,2682500,,
3,3,,0.008376,0.079392,0.151935,0.194702,0.03048,0.138132,0.044754,0.108873,0.087492,0.155865,,2677100,,
3,5,,0.008376,0.078727,0.043981,0.150444,0.109815,0.296138,0.007366,0.057017,0.013602,0.234535,,2726900,,
3,3,,0.008376,0.083727,0.196981,0.295444,0.029815,0.145138,0.007366,0.060017,0.014602,0.158535,,2707400,,
3,2,,0.001988,0.063675,0.4477,0.088019,0.030482,0.098712,0.117404,0.0253,0.029341,0.097378,,2711200,,
3,3,,0.008376,0.094392,0.101578,0.250416,0.03048,0.138132,0.040468,0.108873,0.06392,0.163365,,2693600,,
3,3,,0.008376,0.110727,0.043981,0.342444,0.029815,0.136138,0.007366,0.057017,0.077602,0.186535,,2685400,,
3,3,,0.008376,0.081864,0.101392,0.325816,0.032953,0.20453,0.007366,0.05937,0.013602,0.164731,,2688500,,
3,3,,0.008376,0.079392,0.089078,0.260416,0.03048,0.158132,0.050468,0.108873,0.05892,0.155865,,2708500,,
3,2,,0.008376,0.055997,0.292767,0.045576,0.079207,0.057685,0.010468,0.263758,0.10821,0.077955,,2688100,,
3,7,,0.008376,0.08761,0.116498,0.108575,0.080898,0.103813,0.039366,0.271351,0.063744,0.119769,,2672700,,
3,9,,0.008376,0.084653,0.043981,0.247666,0.029815,0.176323,0.007366,0.057017,0.015083,0.32972,,2653700,,
3,2,,0.008376,0.08761,0.404498,0.044575,0.048898,0.095813,0.007366,0.183351,0.023744,0.095769,,2648200,,
3,3,,0.008376,0.083342,0.053211,0.203059,0.034431,0.196445,0.066135,0.126555,0.072371,0.156074,,2647700,,
3,3,,0.008376,0.143012,0.112552,0.237587,0.029815,0.151852,0.007366,0.058445,0.013602,0.237392,,2684400,,
3,2,,0.02301,0.084875,0.212636,0.121873,0.040691,0.114467,0.007366,0.091387,0.111924,0.191772,,2731300,,
3,3,,0.008376,0.079392,0.065078,0.256416,0.03048,0.154132,0.010468,0.108873,0.13092,0.155865,,2695500,,
