optdigits,Tuned_CWT,test,1,NANOSECONDS,PREDICTIONS, Generated by ClassifierExperiments.java on 2022-05-15 23:47:47.    SYSTEMPROPERTIES:{user.name:matth,os.arch:amd64,os.name:Windows 10},ENDSYSTEMPROPERTIES
No parameter info
0.5553587245349867,11325633300,4467183200,-1,162966024,10,,-1,-1
0,0,,0.391908,0.082722,0.091453,0.014489,0.063024,0.065704,0.036504,0.132571,0.107418,0.014206,,4597600,,
0,0,,0.353938,0.05874,0.088726,0.014489,0.067608,0.034793,0.111738,0.06373,0.192032,0.014206,,3730500,,
0,4,,0.180607,0.064284,0.041228,0.017484,0.328765,0.01443,0.134332,0.031817,0.172772,0.01428,,4459000,,
0,0,,0.548483,0.020154,0.018248,0.05588,0.020176,0.080633,0.014643,0.022286,0.204944,0.014554,,3761800,,
0,0,,0.353938,0.05874,0.088726,0.014489,0.067608,0.034793,0.111738,0.06373,0.192032,0.014206,,5084800,,
0,0,,0.459536,0.049303,0.041228,0.017411,0.066182,0.014135,0.13437,0.031817,0.171813,0.014206,,4268600,,
0,0,,0.476643,0.050922,0.05028,0.014489,0.091915,0.036223,0.064851,0.064306,0.136163,0.014206,,3240700,,
0,0,,0.459536,0.049303,0.041228,0.017411,0.066182,0.014135,0.13437,0.031817,0.171813,0.014206,,3739600,,
0,0,,0.377118,0.102471,0.060464,0.024869,0.08588,0.014135,0.066584,0.107706,0.141378,0.019396,,3478300,,
0,0,,0.353938,0.05874,0.088726,0.014489,0.067608,0.034793,0.111738,0.06373,0.192032,0.014206,,3267600,,
0,0,,0.392429,0.04686,0.03038,0.014489,0.148567,0.015037,0.228626,0.028715,0.080692,0.014206,,3979700,,
0,0,,0.795485,0.017158,0.039397,0.014905,0.031073,0.022113,0.018948,0.016369,0.022576,0.021976,,5948900,,
0,0,,0.392429,0.04686,0.03038,0.014489,0.148567,0.015037,0.228626,0.028715,0.080692,0.014206,,3970300,,
0,0,,0.353938,0.05874,0.088726,0.014489,0.067608,0.034793,0.111738,0.06373,0.192032,0.014206,,3834700,,
0,0,,0.795485,0.017158,0.039397,0.014905,0.031073,0.022113,0.018948,0.016369,0.022576,0.021976,,3628600,,
0,0,,0.476643,0.050922,0.05028,0.014489,0.091915,0.036223,0.064851,0.064306,0.136163,0.014206,,4305100,,
0,0,,0.359929,0.04686,0.03038,0.014489,0.148567,0.015037,0.228626,0.028715,0.113192,0.014206,,3702800,,
0,0,,0.355286,0.04686,0.03038,0.014489,0.185709,0.015037,0.228626,0.028715,0.080692,0.014206,,4041100,,
0,0,,0.459536,0.049303,0.041228,0.017411,0.066182,0.014135,0.13437,0.031817,0.171813,0.014206,,3211100,,
0,0,,0.392429,0.04686,0.03038,0.014489,0.148567,0.015037,0.228626,0.028715,0.080692,0.014206,,3740200,,
0,0,,0.459536,0.049303,0.041228,0.017411,0.066182,0.014135,0.13437,0.031817,0.171813,0.014206,,3983600,,
0,6,,0.115968,0.046706,0.029611,0.014489,0.147643,0.055037,0.227703,0.028715,0.199923,0.134206,,4378900,,
0,0,,0.392429,0.04686,0.03038,0.014489,0.148567,0.015037,0.228626,0.028715,0.080692,0.014206,,3141800,,
0,0,,0.476643,0.050922,0.05028,0.014489,0.091915,0.036223,0.064851,0.064306,0.136163,0.014206,,3345400,,
0,0,,0.353938,0.05874,0.088726,0.014489,0.067608,0.034793,0.111738,0.06373,0.192032,0.014206,,3989800,,
0,0,,0.436151,0.057271,0.046228,0.016754,0.071141,0.014135,0.17538,0.027874,0.140861,0.014206,,5435400,,
0,0,,0.436151,0.057271,0.046228,0.016754,0.071141,0.014135,0.17538,0.027874,0.140861,0.014206,,3693000,,
0,0,,0.476643,0.050922,0.05028,0.014489,0.091915,0.036223,0.064851,0.064306,0.136163,0.014206,,3403700,,
0,0,,0.459536,0.049303,0.041228,0.017411,0.066182,0.014135,0.13437,0.031817,0.171813,0.014206,,3587100,,
0,0,,0.476643,0.050922,0.05028,0.014489,0.091915,0.036223,0.064851,0.064306,0.136163,0.014206,,3201300,,
0,0,,0.359929,0.04686,0.03038,0.014489,0.148567,0.015037,0.228626,0.028715,0.113192,0.014206,,3453400,,
0,0,,0.436151,0.057271,0.046228,0.016754,0.071141,0.014135,0.17538,0.027874,0.140861,0.014206,,3436300,,
0,0,,0.476643,0.050922,0.05028,0.014489,0.091915,0.036223,0.064851,0.064306,0.136163,0.014206,,3608600,,
0,0,,0.392429,0.04686,0.03038,0.014489,0.148567,0.015037,0.228626,0.028715,0.080692,0.014206,,3447700,,
0,0,,0.436151,0.057271,0.046228,0.016754,0.071141,0.014135,0.17538,0.027874,0.140861,0.014206,,3419700,,
0,0,,0.436151,0.057271,0.046228,0.016754,0.071141,0.014135,0.17538,0.027874,0.140861,0.014206,,3971500,,
0,0,,0.377118,0.102471,0.060464,0.024869,0.08588,0.014135,0.066584,0.107706,0.141378,0.019396,,3247100,,
0,0,,0.353938,0.05874,0.088726,0.014489,0.067608,0.034793,0.111738,0.06373,0.192032,0.014206,,3168500,,
0,0,,0.377118,0.102471,0.060464,0.024869,0.08588,0.014135,0.066584,0.107706,0.141378,0.019396,,3255200,,
0,0,,0.795485,0.017158,0.039397,0.014905,0.031073,0.022113,0.018948,0.016369,0.022576,0.021976,,3527900,,
0,0,,0.436151,0.057271,0.046228,0.016754,0.071141,0.014135,0.17538,0.027874,0.140861,0.014206,,3246500,,
0,0,,0.476643,0.050922,0.05028,0.014489,0.091915,0.036223,0.064851,0.064306,0.136163,0.014206,,4316900,,
0,0,,0.476643,0.050922,0.05028,0.014489,0.091915,0.036223,0.064851,0.064306,0.136163,0.014206,,4017400,,
0,0,,0.782485,0.017158,0.039397,0.014905,0.031073,0.035113,0.018948,0.016369,0.022576,0.021976,,4278500,,
0,0,,0.355286,0.04686,0.03038,0.014489,0.185709,0.015037,0.228626,0.028715,0.080692,0.014206,,4415500,,
0,0,,0.436151,0.057271,0.046228,0.016754,0.071141,0.014135,0.17538,0.027874,0.140861,0.014206,,3480400,,
0,0,,0.392429,0.04686,0.03038,0.014489,0.148567,0.015037,0.228626,0.028715,0.080692,0.014206,,3340300,,
0,0,,0.459536,0.049303,0.041228,0.017411,0.066182,0.014135,0.13437,0.031817,0.171813,0.014206,,3492000,,
0,0,,0.476643,0.050922,0.05028,0.014489,0.091915,0.036223,0.064851,0.064306,0.136163,0.014206,,3346500,,
0,0,,0.795485,0.017158,0.039397,0.014905,0.031073,0.022113,0.018948,0.016369,0.022576,0.021976,,3335000,,
0,0,,0.436151,0.057271,0.046228,0.016754,0.071141,0.014135,0.17538,0.027874,0.140861,0.014206,,3185600,,
0,0,,0.476643,0.050922,0.05028,0.014489,0.091915,0.036223,0.064851,0.064306,0.136163,0.014206,,3829300,,
0,0,,0.392429,0.04686,0.03038,0.014489,0.148567,0.015037,0.228626,0.028715,0.080692,0.014206,,3403400,,
0,1,,0.100846,0.206821,0.046248,0.17388,0.113509,0.043178,0.014643,0.106286,0.180035,0.014554,,5943800,,
0,6,,0.115968,0.046706,0.029611,0.014489,0.147643,0.055037,0.227703,0.028715,0.199923,0.134206,,5350700,,
0,0,,0.459536,0.049303,0.041228,0.017411,0.066182,0.014135,0.13437,0.031817,0.171813,0.014206,,3673200,,
0,0,,0.436151,0.057271,0.046228,0.016754,0.071141,0.014135,0.17538,0.027874,0.140861,0.014206,,3226000,,
0,0,,0.392429,0.04686,0.03038,0.014489,0.148567,0.015037,0.228626,0.028715,0.080692,0.014206,,3449200,,
0,0,,0.359929,0.04686,0.03038,0.014489,0.148567,0.015037,0.228626,0.028715,0.113192,0.014206,,3428600,,
0,0,,0.392429,0.04686,0.03038,0.014489,0.148567,0.015037,0.228626,0.028715,0.080692,0.014206,,3533800,,
0,0,,0.359929,0.04686,0.03038,0.014489,0.148567,0.015037,0.228626,0.028715,0.113192,0.014206,,3191100,,
0,0,,0.353938,0.05874,0.088726,0.014489,0.067608,0.034793,0.111738,0.06373,0.192032,0.014206,,3662000,,
0,0,,0.436151,0.057271,0.046228,0.016754,0.071141,0.014135,0.17538,0.027874,0.140861,0.014206,,4012600,,
0,0,,0.353938,0.05874,0.088726,0.014489,0.067608,0.034793,0.111738,0.06373,0.192032,0.014206,,3781600,,
0,0,,0.359929,0.04686,0.03038,0.014489,0.148567,0.015037,0.228626,0.028715,0.113192,0.014206,,3204300,,
0,0,,0.476643,0.050922,0.05028,0.014489,0.091915,0.036223,0.064851,0.064306,0.136163,0.014206,,3567700,,
0,0,,0.327429,0.04686,0.03038,0.014489,0.148567,0.015037,0.228626,0.028715,0.145692,0.014206,,3522300,,
0,0,,0.436151,0.057271,0.046228,0.016754,0.071141,0.014135,0.17538,0.027874,0.140861,0.014206,,3746300,,
0,0,,0.353938,0.05874,0.088726,0.014489,0.067608,0.034793,0.111738,0.06373,0.192032,0.014206,,3817600,,
0,0,,0.377118,0.102471,0.060464,0.024869,0.08588,0.014135,0.066584,0.107706,0.141378,0.019396,,4001300,,
0,0,,0.436151,0.057271,0.046228,0.016754,0.071141,0.014135,0.17538,0.027874,0.140861,0.014206,,3642300,,
0,0,,0.359929,0.04686,0.03038,0.014489,0.148567,0.015037,0.228626,0.028715,0.113192,0.014206,,4100600,,
0,0,,0.795485,0.017158,0.039397,0.014905,0.031073,0.022113,0.018948,0.016369,0.022576,0.021976,,3637800,,
0,0,,0.334651,0.04686,0.03038,0.014489,0.148567,0.015037,0.257515,0.028715,0.109581,0.014206,,3897500,,
0,0,,0.476643,0.050922,0.05028,0.014489,0.091915,0.036223,0.064851,0.064306,0.136163,0.014206,,3389600,,
0,0,,0.476643,0.050922,0.05028,0.014489,0.091915,0.036223,0.064851,0.064306,0.136163,0.014206,,3563100,,
0,0,,0.392429,0.04686,0.03038,0.014489,0.148567,0.015037,0.228626,0.028715,0.080692,0.014206,,3211700,,
0,0,,0.782485,0.017158,0.039397,0.014905,0.031073,0.035113,0.018948,0.016369,0.022576,0.021976,,3726200,,
0,6,,0.199536,0.049303,0.041228,0.017411,0.066182,0.014135,0.39437,0.031817,0.171813,0.014206,,4079200,,
0,0,,0.392429,0.04686,0.03038,0.014489,0.148567,0.015037,0.228626,0.028715,0.080692,0.014206,,4215900,,
0,0,,0.392429,0.04686,0.03038,0.014489,0.148567,0.015037,0.228626,0.028715,0.080692,0.014206,,3825900,,
0,0,,0.476643,0.050922,0.05028,0.014489,0.091915,0.036223,0.064851,0.064306,0.136163,0.014206,,3852600,,
0,0,,0.377118,0.102471,0.060464,0.024869,0.08588,0.014135,0.066584,0.107706,0.141378,0.019396,,3838200,,
0,0,,0.782485,0.017158,0.039397,0.014905,0.031073,0.035113,0.018948,0.016369,0.022576,0.021976,,4437100,,
0,2,,0.176151,0.057271,0.219561,0.016754,0.114474,0.014135,0.218714,0.027874,0.140861,0.014206,,3774300,,
0,0,,0.436151,0.057271,0.046228,0.016754,0.071141,0.014135,0.17538,0.027874,0.140861,0.014206,,3932300,,
0,0,,0.392429,0.04686,0.03038,0.014489,0.148567,0.015037,0.228626,0.028715,0.080692,0.014206,,3428100,,
0,0,,0.436151,0.057271,0.046228,0.016754,0.071141,0.014135,0.17538,0.027874,0.140861,0.014206,,3536300,,
0,0,,0.392429,0.04686,0.03038,0.014489,0.148567,0.015037,0.228626,0.028715,0.080692,0.014206,,3346900,,
0,0,,0.795485,0.017158,0.039397,0.014905,0.031073,0.022113,0.018948,0.016369,0.022576,0.021976,,3639800,,
0,0,,0.795485,0.017158,0.039397,0.014905,0.031073,0.022113,0.018948,0.016369,0.022576,0.021976,,3655000,,
0,0,,0.459536,0.049303,0.041228,0.017411,0.066182,0.014135,0.13437,0.031817,0.171813,0.014206,,4292200,,
0,0,,0.436151,0.057271,0.046228,0.016754,0.071141,0.014135,0.17538,0.027874,0.140861,0.014206,,3640200,,
0,0,,0.476643,0.050922,0.05028,0.014489,0.091915,0.036223,0.064851,0.064306,0.136163,0.014206,,4561300,,
0,9,,0.115968,0.046706,0.029611,0.014489,0.147643,0.015037,0.227703,0.028715,0.079923,0.294206,,3650800,,
0,0,,0.436151,0.057271,0.046228,0.016754,0.071141,0.014135,0.17538,0.027874,0.140861,0.014206,,3888100,,
0,0,,0.377118,0.102471,0.060464,0.024869,0.08588,0.014135,0.066584,0.107706,0.141378,0.019396,,4290700,,
0,0,,0.392429,0.04686,0.03038,0.014489,0.148567,0.015037,0.228626,0.028715,0.080692,0.014206,,3616400,,
0,0,,0.392429,0.04686,0.03038,0.014489,0.148567,0.015037,0.228626,0.028715,0.080692,0.014206,,4542700,,
0,0,,0.459536,0.049303,0.041228,0.017411,0.066182,0.014135,0.13437,0.031817,0.171813,0.014206,,3584400,,
0,0,,0.476643,0.050922,0.05028,0.014489,0.091915,0.036223,0.064851,0.064306,0.136163,0.014206,,3543700,,
0,0,,0.20261,0.100106,0.10977,0.06928,0.102255,0.160379,0.013948,0.158113,0.058806,0.024733,,3307600,,
0,0,,0.392429,0.04686,0.03038,0.014489,0.148567,0.015037,0.228626,0.028715,0.080692,0.014206,,3246100,,
0,0,,0.795485,0.017158,0.039397,0.014905,0.031073,0.022113,0.018948,0.016369,0.022576,0.021976,,3408500,,
0,0,,0.377118,0.102471,0.060464,0.024869,0.08588,0.014135,0.066584,0.107706,0.141378,0.019396,,3419700,,
0,0,,0.377118,0.102471,0.060464,0.024869,0.08588,0.014135,0.066584,0.107706,0.141378,0.019396,,3856900,,
0,0,,0.436151,0.057271,0.046228,0.016754,0.071141,0.014135,0.17538,0.027874,0.140861,0.014206,,3288400,,
0,0,,0.476643,0.050922,0.05028,0.014489,0.091915,0.036223,0.064851,0.064306,0.136163,0.014206,,3512000,,
0,0,,0.392429,0.04686,0.03038,0.014489,0.148567,0.015037,0.228626,0.028715,0.080692,0.014206,,3397000,,
0,0,,0.782485,0.017158,0.039397,0.014905,0.031073,0.035113,0.018948,0.016369,0.022576,0.021976,,3325700,,
0,0,,0.392429,0.04686,0.03038,0.014489,0.148567,0.015037,0.228626,0.028715,0.080692,0.014206,,3177200,,
1,1,,0.014064,0.35245,0.05241,0.149531,0.038861,0.139205,0.015858,0.06126,0.0211,0.155261,,3312600,,
1,1,,0.028855,0.387456,0.016712,0.014979,0.087325,0.014847,0.145473,0.140984,0.14888,0.014488,,3660100,,
1,1,,0.014064,0.290081,0.05241,0.149531,0.038861,0.139205,0.014981,0.06126,0.084346,0.155261,,3180600,,
1,1,,0.014064,0.216229,0.05241,0.14978,0.173374,0.1402,0.017496,0.06126,0.02,0.155188,,3789700,,
1,9,,0.014064,0.147979,0.05241,0.166427,0.036278,0.13891,0.013948,0.06126,0.035356,0.333369,,3327100,,
1,4,,0.014064,0.08449,0.052898,0.149457,0.304082,0.139398,0.016387,0.061748,0.021801,0.155675,,3621100,,
1,5,,0.018732,0.093605,0.10534,0.051836,0.129931,0.231339,0.013948,0.191665,0.074725,0.08888,,3409100,,
1,1,,0.014064,0.322581,0.05241,0.149531,0.038861,0.139205,0.014981,0.06126,0.051846,0.155261,,3519000,,
1,3,,0.014064,0.092827,0.090592,0.200366,0.049005,0.189819,0.064857,0.06126,0.069296,0.167915,,3223800,,
1,5,,0.014064,0.1601,0.05241,0.149457,0.116278,0.21891,0.053948,0.06126,0.018387,0.155188,,3480500,,
1,1,,0.018732,0.365955,0.10534,0.05191,0.132514,0.063634,0.015858,0.135665,0.077438,0.032954,,3365100,,
1,4,,0.014064,0.10085,0.05266,0.149457,0.240778,0.13966,0.013948,0.09376,0.018387,0.176438,,3997900,,
1,1,,0.138575,0.355072,0.091453,0.014563,0.065607,0.039332,0.038414,0.132571,0.110132,0.01428,,3189300,,
1,1,,0.018732,0.3164,0.10534,0.052159,0.137027,0.064629,0.017496,0.135665,0.119671,0.03288,,3476600,,
1,2,,0.011937,0.191366,0.313785,0.090736,0.023689,0.082335,0.012018,0.037301,0.01423,0.222603,,4823200,,
1,3,,0.011937,0.331221,0.049945,0.352223,0.023689,0.078995,0.012018,0.036962,0.01503,0.08798,,4263000,,
1,9,,0.014064,0.0801,0.05241,0.149457,0.036278,0.13891,0.013948,0.06126,0.158387,0.295188,,3269000,,
1,1,,0.014064,0.317938,0.05241,0.149531,0.038861,0.139205,0.014981,0.06126,0.056489,0.155261,,3733100,,
1,1,,0.014064,0.1641,0.061743,0.149457,0.129611,0.157577,0.051281,0.070594,0.046387,0.155188,,3137600,,
1,8,,0.014064,0.08449,0.052898,0.149457,0.044082,0.139398,0.016387,0.061748,0.281801,0.155675,,3384000,,
1,2,,0.014064,0.120668,0.228469,0.154555,0.036278,0.193655,0.013948,0.062045,0.018387,0.157933,,3301700,,
1,3,,0.014064,0.123229,0.115965,0.195981,0.059322,0.071846,0.013948,0.182644,0.121199,0.101801,,3962000,,
1,1,,0.014064,0.344271,0.108818,0.091263,0.054153,0.103914,0.015858,0.151708,0.050383,0.065569,,4224100,,
1,1,,0.016846,0.400108,0.026373,0.020016,0.099946,0.015473,0.016554,0.099473,0.290582,0.014628,,3836200,,
1,1,,0.014064,0.360404,0.120001,0.069675,0.052544,0.092506,0.015858,0.170437,0.058083,0.046429,,3305000,,
1,1,,0.138575,0.355072,0.091453,0.014563,0.065607,0.039332,0.038414,0.132571,0.110132,0.01428,,3619700,,
1,8,,0.028855,0.027158,0.115378,0.014905,0.125511,0.143218,0.237614,0.016369,0.266576,0.024414,,3347400,,
1,1,,0.011937,0.342435,0.260647,0.052598,0.033959,0.059224,0.059718,0.084168,0.054659,0.040654,,3308200,,
1,1,,0.014064,0.216903,0.108818,0.091263,0.184153,0.103914,0.014981,0.151708,0.048628,0.065569,,3576100,,
1,3,,0.03461,0.10834,0.1517,0.177351,0.102418,0.048814,0.047154,0.171156,0.125328,0.03313,,3272800,,
1,1,,0.014064,0.317938,0.05241,0.149531,0.038861,0.139205,0.014981,0.06126,0.056489,0.155261,,3824800,,
1,5,,0.014064,0.086229,0.05241,0.14978,0.043374,0.4002,0.017496,0.06126,0.02,0.155188,,3396800,,
1,2,,0.03461,0.100106,0.245254,0.06928,0.102255,0.102573,0.077173,0.158113,0.085903,0.024733,,4316100,,
1,6,,0.018732,0.093605,0.10534,0.051836,0.135037,0.06419,0.28799,0.135665,0.074725,0.03288,,3932800,,
1,8,,0.138575,0.117722,0.091453,0.084489,0.063024,0.039037,0.036504,0.167571,0.212418,0.049206,,4733000,,
1,1,,0.014064,0.338051,0.108818,0.091512,0.058667,0.104909,0.017496,0.151708,0.049282,0.065495,,3235200,,
1,1,,0.016846,0.383442,0.026373,0.090016,0.099946,0.015473,0.016554,0.169473,0.167249,0.014628,,3784300,,
1,7,,0.016846,0.300154,0.088248,0.01588,0.020176,0.015178,0.014643,0.335619,0.178701,0.014554,,3239000,,
1,3,,0.014064,0.0801,0.05241,0.242791,0.222944,0.13891,0.013948,0.06126,0.018387,0.155188,,3455600,,
1,1,,0.03461,0.372456,0.10977,0.069354,0.104838,0.048674,0.015858,0.158113,0.06152,0.024807,,3323300,,
1,2,,0.112674,0.102471,0.195948,0.024869,0.08588,0.068328,0.114254,0.107706,0.168475,0.019396,,3421100,,
1,6,,0.115968,0.046706,0.029611,0.014489,0.272485,0.015037,0.372518,0.028715,0.090267,0.014206,,3145600,,
1,1,,0.014064,0.355979,0.120379,0.070733,0.054489,0.092588,0.016589,0.170437,0.05801,0.046732,,3501500,,
1,1,,0.115968,0.319056,0.029611,0.014563,0.150226,0.015332,0.229614,0.028715,0.082637,0.01428,,3208100,,
1,5,,0.014064,0.090869,0.095487,0.165611,0.052431,0.171218,0.05164,0.13126,0.066848,0.160572,,3268100,,
1,1,,0.014064,0.268415,0.05241,0.149531,0.038861,0.139205,0.014981,0.06126,0.106013,0.155261,,3648700,,
1,1,,0.014064,0.266766,0.05241,0.149457,0.129611,0.13891,0.013948,0.06126,0.018387,0.155188,,4930500,,
1,1,,0.115968,0.319056,0.029611,0.014563,0.150226,0.015332,0.229614,0.028715,0.082637,0.01428,,3336200,,
1,2,,0.011937,0.12796,0.25323,0.130623,0.023689,0.085201,0.129897,0.036962,0.0412,0.159301,,3609200,,
1,1,,0.112674,0.374821,0.060464,0.024943,0.088463,0.01443,0.052939,0.107706,0.144092,0.01947,,3355300,,
1,1,,0.014064,0.348913,0.115965,0.056055,0.061905,0.072141,0.015858,0.182644,0.030579,0.101875,,3494200,,
1,1,,0.014064,0.34449,0.052898,0.149457,0.044082,0.139398,0.016387,0.061748,0.021801,0.155675,,3762400,,
1,1,,0.014064,0.317938,0.05241,0.149531,0.076003,0.139205,0.014981,0.06126,0.019346,0.155261,,3219100,,
1,2,,0.011937,0.161115,0.259991,0.049927,0.189546,0.05416,0.105051,0.095818,0.035051,0.037404,,4020300,,
1,1,,0.014064,0.355081,0.05241,0.149531,0.038861,0.139205,0.014981,0.06126,0.019346,0.155261,,3501600,,
1,1,,0.014064,0.355081,0.05241,0.149531,0.038861,0.139205,0.014981,0.06126,0.019346,0.155261,,3846200,,
1,7,,0.014064,0.081463,0.052864,0.15173,0.041732,0.139819,0.018493,0.322624,0.021569,0.155642,,3652100,,
1,1,,0.014064,0.290081,0.05241,0.149531,0.071361,0.139205,0.014981,0.06126,0.051846,0.155261,,4050300,,
1,8,,0.138575,0.082722,0.184787,0.014489,0.063024,0.039037,0.036504,0.132571,0.294085,0.014206,,3861000,,
1,1,,0.180607,0.315432,0.041228,0.017733,0.073279,0.015425,0.136847,0.031817,0.173426,0.014206,,3957600,,
1,1,,0.014064,0.322581,0.05241,0.149531,0.038861,0.139205,0.014981,0.06126,0.051846,0.155261,,3996900,,
1,1,,0.115968,0.319056,0.029611,0.014563,0.150226,0.015332,0.229614,0.028715,0.082637,0.01428,,3833300,,
1,1,,0.014064,0.355081,0.05241,0.149531,0.038861,0.139205,0.014981,0.06126,0.019346,0.155261,,3993600,,
1,9,,0.014064,0.102232,0.05427,0.172984,0.171394,0.162902,0.018134,0.083857,0.042844,0.177319,,3992900,,
1,1,,0.03461,0.372456,0.10977,0.069354,0.104838,0.048674,0.015858,0.158113,0.06152,0.024807,,4111000,,
1,1,,0.214143,0.23218,0.050658,0.015621,0.18311,0.027851,0.067493,0.064306,0.130055,0.014583,,3896500,,
1,1,,0.028855,0.414123,0.016712,0.014979,0.087325,0.014847,0.145473,0.140984,0.122213,0.014488,,3783600,,
1,1,,0.014064,0.225081,0.05241,0.149531,0.168861,0.139205,0.014981,0.06126,0.019346,0.155261,,4297200,,
1,1,,0.027934,0.633366,0.065394,0.031901,0.047012,0.032213,0.016302,0.059366,0.065296,0.021215,,3811000,,
1,9,,0.014064,0.1201,0.05241,0.1666,0.139135,0.144624,0.07109,0.06126,0.052672,0.178045,,3813200,,
1,0,,0.180607,0.049303,0.076228,0.017411,0.101182,0.154135,0.168299,0.066817,0.171813,0.014206,,3583200,,
1,3,,0.014064,0.080778,0.054783,0.416237,0.036278,0.143317,0.013948,0.061599,0.018387,0.160611,,4004400,,
1,1,,0.014064,0.340953,0.116453,0.055981,0.067127,0.072334,0.016387,0.183132,0.03128,0.102289,,3561300,,
1,1,,0.03461,0.372456,0.10977,0.069354,0.104838,0.048674,0.015858,0.158113,0.06152,0.024807,,4253900,,
1,8,,0.011937,0.104627,0.18323,0.083956,0.023689,0.085201,0.106564,0.036962,0.204533,0.159301,,3224400,,
1,1,,0.115968,0.319056,0.029611,0.014563,0.150226,0.015332,0.229614,0.028715,0.082637,0.01428,,4002700,,
1,1,,0.064807,0.339942,0.215817,0.025954,0.05281,0.012313,0.102972,0.062213,0.100216,0.022955,,3764400,,
1,4,,0.014064,0.10085,0.05266,0.149457,0.240778,0.13966,0.013948,0.09376,0.018387,0.176438,,5667300,,
1,1,,0.115968,0.319056,0.029611,0.014563,0.150226,0.015332,0.229614,0.028715,0.082637,0.01428,,3574200,,
1,1,,0.014064,0.360404,0.120001,0.069675,0.052544,0.092506,0.015858,0.170437,0.058083,0.046429,,3646000,,
1,1,,0.214143,0.323272,0.05028,0.014563,0.094498,0.027769,0.066762,0.064306,0.130127,0.01428,,3236200,,
1,3,,0.06073,0.0801,0.05241,0.289457,0.036278,0.13891,0.013948,0.06126,0.065053,0.201854,,3747100,,
1,4,,0.214143,0.065904,0.05028,0.014563,0.354498,0.027769,0.065884,0.064306,0.128373,0.01428,,3250400,,
1,9,,0.014064,0.147979,0.05241,0.166427,0.036278,0.13891,0.013948,0.06126,0.035356,0.333369,,4572900,,
1,1,,0.014064,0.335081,0.05241,0.149531,0.038861,0.139205,0.014981,0.06126,0.039346,0.155261,,3484800,,
1,1,,0.014064,0.322581,0.05241,0.149531,0.038861,0.139205,0.014981,0.06126,0.051846,0.155261,,3561200,,
1,8,,0.180607,0.079573,0.124471,0.017411,0.066182,0.082243,0.193839,0.031817,0.209651,0.014206,,3201300,,
1,1,,0.027934,0.285802,0.065394,0.031901,0.265443,0.065154,0.015425,0.141719,0.063542,0.037686,,4186100,,
1,1,,0.014064,0.317938,0.05241,0.149531,0.038861,0.139205,0.014981,0.06126,0.056489,0.155261,,3157000,,
1,1,,0.014064,0.341463,0.052864,0.15173,0.041732,0.139819,0.018493,0.062624,0.021569,0.155642,,3360800,,
1,1,,0.014064,0.355081,0.05241,0.149531,0.038861,0.139205,0.014981,0.06126,0.019346,0.155261,,3498700,,
1,5,,0.115968,0.046706,0.029611,0.014489,0.15275,0.275888,0.241746,0.028715,0.079923,0.014206,,4829500,,
1,1,,0.014064,0.322581,0.05241,0.149531,0.038861,0.139205,0.014981,0.06126,0.051846,0.155261,,3219800,,
1,1,,0.014064,0.283024,0.052787,0.215589,0.040806,0.139287,0.016589,0.06126,0.021028,0.155565,,3280000,,
1,6,,0.014064,0.078051,0.108818,0.091512,0.145333,0.104909,0.190829,0.151708,0.049282,0.065495,,3889200,,
1,4,,0.014064,0.10085,0.05266,0.149457,0.240778,0.13966,0.013948,0.09376,0.018387,0.176438,,3981500,,
1,5,,0.014064,0.099921,0.136818,0.091189,0.10757,0.187619,0.041948,0.151708,0.103669,0.065495,,3902200,,
1,1,,0.027934,0.361016,0.200878,0.031827,0.044429,0.086111,0.077618,0.059366,0.089679,0.021141,,3674400,,
1,1,,0.014064,0.317938,0.05241,0.149531,0.076003,0.139205,0.014981,0.06126,0.019346,0.155261,,3933300,,
1,6,,0.115968,0.04807,0.029611,0.014489,0.154462,0.015491,0.496339,0.030078,0.081287,0.014206,,3901400,,
1,8,,0.014064,0.157445,0.120489,0.069601,0.122766,0.092698,0.016387,0.170925,0.188784,0.046843,,3944200,,
1,6,,0.214143,0.163272,0.05028,0.014563,0.094498,0.027769,0.226762,0.064306,0.130127,0.01428,,4045000,,
1,1,,0.180607,0.321653,0.041228,0.017484,0.068765,0.01443,0.135209,0.031817,0.174527,0.01428,,3957500,,
1,9,,0.014064,0.1201,0.05241,0.1666,0.139135,0.144624,0.07109,0.06126,0.052672,0.178045,,4291900,,
1,1,,0.014064,0.20651,0.05241,0.149531,0.150289,0.176348,0.014981,0.06126,0.019346,0.155261,,3952700,,
1,1,,0.014064,0.1641,0.061743,0.149457,0.129611,0.157577,0.051281,0.070594,0.046387,0.155188,,4085100,,
1,5,,0.014064,0.1151,0.05241,0.149457,0.071278,0.20891,0.013948,0.07876,0.105887,0.190188,,3481300,,
1,1,,0.014064,0.268415,0.05241,0.149531,0.038861,0.139205,0.014981,0.06126,0.106013,0.155261,,3400200,,
1,0,,0.214143,0.050922,0.05028,0.107822,0.091915,0.027473,0.064851,0.064306,0.127413,0.200873,,3980700,,
1,1,,0.018732,0.339288,0.10534,0.05191,0.132514,0.063634,0.015858,0.135665,0.104105,0.032954,,3614400,,
1,1,,0.014064,0.311748,0.05241,0.149531,0.038861,0.139205,0.014981,0.06126,0.062679,0.155261,,3787200,,
1,7,,0.014064,0.110186,0.121862,0.093128,0.185077,0.116203,0.018134,0.193034,0.079826,0.068487,,3174200,,
1,1,,0.018732,0.365955,0.10534,0.05191,0.132514,0.063634,0.015858,0.135665,0.077438,0.032954,,3483600,,
1,1,,0.159008,0.329621,0.045085,0.016827,0.072581,0.01443,0.176719,0.027874,0.143575,0.01428,,3278900,,
1,1,,0.016846,0.370154,0.018248,0.08588,0.020176,0.015178,0.014643,0.092286,0.352035,0.014554,,3375700,,
2,3,,0.022972,0.067842,0.216424,0.311507,0.059087,0.039542,0.106564,0.089367,0.041321,0.045375,,3166300,,
2,3,,0.011937,0.059529,0.190289,0.262388,0.023689,0.087946,0.106564,0.037746,0.017866,0.202046,,3721400,,
2,1,,0.014064,0.3466,0.05841,0.151457,0.036778,0.13941,0.016948,0.06126,0.019387,0.155688,,4488900,,
2,2,,0.011937,0.05796,0.32323,0.17729,0.023689,0.085201,0.15323,0.036962,0.017866,0.112634,,3685200,,
2,3,,0.014064,0.080155,0.150747,0.19926,0.051733,0.104054,0.047154,0.164751,0.11419,0.073891,,4109400,,
2,2,,0.03461,0.100571,0.221212,0.079047,0.102255,0.15424,0.013948,0.158113,0.058806,0.077198,,4130500,,
2,1,,0.011937,0.331153,0.152854,0.093724,0.023689,0.183789,0.012018,0.036962,0.01423,0.139645,,3319800,,
2,3,,0.014064,0.092827,0.154228,0.187639,0.036278,0.151637,0.039402,0.06126,0.107478,0.155188,,3587900,,
2,7,,0.014064,0.159887,0.11661,0.097683,0.05157,0.191844,0.013948,0.239413,0.047928,0.067053,,3897900,,
2,2,,0.014064,0.063748,0.41524,0.057139,0.085532,0.045824,0.013948,0.165977,0.110712,0.027817,,4090500,,
2,2,,0.014064,0.080633,0.320943,0.157724,0.036278,0.139977,0.013948,0.06126,0.019187,0.155988,,3878100,,
2,2,,0.011937,0.07478,0.359345,0.153766,0.024195,0.079954,0.12571,0.041772,0.040601,0.087939,,3810200,,
2,2,,0.011937,0.082411,0.452947,0.092112,0.031539,0.059364,0.012725,0.134354,0.031888,0.090723,,3622600,,
2,3,,0.011937,0.051858,0.223241,0.322291,0.031376,0.068062,0.106564,0.084168,0.034003,0.0665,,3899100,,
2,6,,0.180607,0.049303,0.198728,0.017411,0.101182,0.014135,0.220799,0.031817,0.171813,0.014206,,4135800,,
2,5,,0.014064,0.072611,0.197094,0.092109,0.052489,0.283159,0.023373,0.151708,0.047899,0.065495,,4165800,,
2,8,,0.028855,0.017158,0.016712,0.014905,0.015511,0.126551,0.018948,0.072369,0.618576,0.070414,,4072700,,
2,2,,0.014064,0.117131,0.292024,0.061079,0.059322,0.126591,0.013948,0.183428,0.027866,0.104546,,3935500,,
2,2,,0.018732,0.094138,0.373874,0.060103,0.129931,0.064406,0.013948,0.135665,0.075525,0.03368,,3842500,,
2,2,,0.159008,0.089771,0.233085,0.070754,0.070498,0.014635,0.177809,0.027874,0.141861,0.014706,,3767700,,
2,2,,0.016846,0.020154,0.246091,0.125684,0.066843,0.148512,0.014643,0.125423,0.20478,0.031024,,3285900,,
2,9,,0.014064,0.081399,0.233535,0.155951,0.036278,0.140468,0.013948,0.062299,0.018646,0.243413,,3709900,,
2,2,,0.022972,0.130374,0.334407,0.04974,0.059087,0.098517,0.112559,0.089367,0.075522,0.027455,,3334400,,
2,2,,0.028855,0.017158,0.287195,0.149905,0.015511,0.068745,0.217173,0.016369,0.184673,0.014414,,3395800,,
2,2,,0.011937,0.095369,0.276503,0.085956,0.024189,0.078429,0.015018,0.036962,0.27523,0.100407,,3317400,,
2,5,,0.014064,0.0801,0.12241,0.219457,0.036278,0.27891,0.013948,0.06126,0.018387,0.155188,,4172100,,
2,1,,0.011937,0.210688,0.192523,0.115067,0.023689,0.093484,0.058685,0.036962,0.15423,0.102735,,3262200,,
2,9,,0.112674,0.102471,0.060464,0.118202,0.08588,0.014135,0.051028,0.107706,0.141378,0.206063,,3597500,,
2,2,,0.011937,0.062134,0.298658,0.143186,0.07763,0.100531,0.076018,0.095818,0.096758,0.03733,,3267900,,
2,8,,0.159008,0.097271,0.125085,0.016754,0.069998,0.014135,0.174809,0.027874,0.220861,0.094206,,3322000,,
2,8,,0.159008,0.07881,0.1097,0.05983,0.069998,0.07875,0.174809,0.049413,0.183938,0.035744,,3296200,,
2,3,,0.014064,0.080565,0.059852,0.419225,0.036278,0.14077,0.013948,0.06126,0.018387,0.155653,,3290200,,
2,2,,0.03461,0.101675,0.376829,0.074378,0.102255,0.051124,0.013948,0.158897,0.058806,0.027478,,4090000,,
2,2,,0.03461,0.100106,0.26727,0.06928,0.137255,0.048379,0.101448,0.158113,0.058806,0.024733,,4685200,,
2,2,,0.014064,0.081399,0.320202,0.155951,0.036278,0.140468,0.013948,0.062299,0.018646,0.156746,,3554800,,
2,5,,0.03461,0.100106,0.10977,0.06928,0.102255,0.188379,0.013948,0.158113,0.058806,0.164733,,3246600,,
2,2,,0.138575,0.082722,0.248953,0.014489,0.098024,0.039037,0.124004,0.132571,0.107418,0.014206,,4311200,,
2,2,,0.011937,0.103986,0.474982,0.09045,0.023689,0.079487,0.07424,0.038001,0.01449,0.088738,,4012100,,
2,3,,0.014064,0.07203,0.133759,0.211817,0.051733,0.12769,0.03829,0.164751,0.1201,0.065766,,3728000,,
2,6,,0.132429,0.04686,0.13438,0.014489,0.200567,0.015037,0.332626,0.028715,0.080692,0.014206,,4014200,,
2,2,,0.138575,0.082722,0.226937,0.014489,0.063024,0.093231,0.09973,0.132571,0.134515,0.014206,,3654600,,
2,3,,0.014064,0.088333,0.094339,0.257528,0.036441,0.139345,0.047154,0.074304,0.084908,0.163584,,4159000,,
2,0,,0.214143,0.050922,0.185764,0.014489,0.091915,0.081667,0.128077,0.064306,0.15451,0.014206,,3769800,,
2,7,,0.086846,0.090154,0.088248,0.01588,0.020176,0.015178,0.014643,0.335619,0.318701,0.014554,,4640200,,
2,2,,0.138575,0.084021,0.359246,0.020982,0.063024,0.040595,0.036504,0.13361,0.107678,0.015764,,3824800,,
2,3,,0.018732,0.132046,0.150275,0.206901,0.129931,0.10204,0.013948,0.136704,0.074984,0.034438,,3917500,,
2,3,,0.011937,0.059986,0.225204,0.315117,0.023689,0.079487,0.076018,0.038001,0.03049,0.140071,,3768200,,
2,2,,0.03461,0.100106,0.33377,0.06928,0.102255,0.048379,0.013948,0.214113,0.058806,0.024733,,4195400,,
2,2,,0.118604,0.110025,0.342415,0.012315,0.055715,0.019129,0.045796,0.038793,0.152382,0.104826,,3970400,,
2,8,,0.127784,0.05874,0.077957,0.014489,0.067608,0.117357,0.079431,0.06373,0.378699,0.014206,,3717000,,
2,2,,0.214143,0.050922,0.244127,0.014489,0.091915,0.027473,0.08639,0.064306,0.127413,0.078821,,4082800,,
2,2,,0.014064,0.07322,0.24661,0.227683,0.05157,0.105177,0.013948,0.152747,0.047928,0.067053,,3497900,,
2,9,,0.011937,0.090688,0.225412,0.091956,0.023689,0.077929,0.052018,0.036962,0.01423,0.37518,,3579400,,
2,2,,0.011937,0.074554,0.496612,0.092223,0.023689,0.078995,0.058685,0.036962,0.038363,0.08798,,3346000,,
2,6,,0.162634,0.046706,0.029611,0.154489,0.147643,0.015037,0.227703,0.028715,0.12659,0.060873,,3592000,,
2,2,,0.018732,0.094903,0.286466,0.05833,0.129931,0.064897,0.013948,0.136704,0.074984,0.121105,,3638300,,
2,6,,0.159008,0.086129,0.184609,0.016754,0.069998,0.055992,0.230618,0.027874,0.140861,0.028158,,3739000,,
2,2,,0.018732,0.09407,0.216782,0.061604,0.129931,0.169199,0.013948,0.135665,0.074725,0.085345,,4104800,,
2,8,,0.028855,0.017158,0.196712,0.014905,0.015511,0.014551,0.158948,0.016369,0.522576,0.014414,,3269900,,
2,8,,0.159008,0.085271,0.045085,0.016754,0.097998,0.070135,0.174809,0.027874,0.224861,0.098206,,4731600,,
2,2,,0.014064,0.064018,0.414507,0.055743,0.085532,0.04701,0.013948,0.165722,0.110452,0.029003,,3309900,,
2,7,,0.014064,0.080208,0.053714,0.151903,0.036441,0.139345,0.014654,0.204304,0.149908,0.155459,,4266200,,
2,3,,0.014064,0.105554,0.103319,0.225821,0.036278,0.13891,0.090311,0.06126,0.043841,0.180642,,4706900,,
2,2,,0.03461,0.135106,0.28477,0.06928,0.102255,0.048379,0.013948,0.158113,0.058806,0.094733,,4244800,,
2,8,,0.127784,0.097182,0.122892,0.169554,0.067608,0.062725,0.079431,0.064769,0.192292,0.015764,,3831500,,
2,2,,0.011937,0.082302,0.303072,0.108524,0.087376,0.170929,0.012018,0.140168,0.030367,0.053308,,3749600,,
2,3,,0.03461,0.101405,0.142324,0.199583,0.102255,0.087081,0.013948,0.196294,0.059066,0.063434,,4130500,,
2,2,,0.011937,0.05796,0.329897,0.110623,0.050355,0.111868,0.146564,0.036962,0.0312,0.112634,,3700500,,
2,2,,0.011937,0.06964,0.259739,0.149924,0.031126,0.061572,0.13977,0.108862,0.104249,0.063181,,4149900,,
2,2,,0.027934,0.082315,0.465818,0.097268,0.044429,0.033476,0.014392,0.089879,0.107053,0.037437,,4626600,,
2,2,,0.011937,0.06194,0.486343,0.05012,0.030963,0.062204,0.106564,0.095818,0.038528,0.055584,,3850600,,
2,2,,0.01472,0.026734,0.642571,0.046443,0.018227,0.014128,0.076714,0.036597,0.086149,0.037717,,3689500,,
2,5,,0.014064,0.088744,0.168883,0.094157,0.05088,0.27569,0.023373,0.170437,0.067417,0.046355,,5332100,,
2,8,,0.127784,0.05874,0.077957,0.070489,0.067608,0.024024,0.079431,0.11973,0.192032,0.182206,,3875400,,
2,9,,0.011937,0.060256,0.224471,0.097054,0.023689,0.080674,0.076018,0.037746,0.03023,0.357925,,4005900,,
2,2,,0.011937,0.051986,0.353966,0.214259,0.023689,0.11663,0.012018,0.075144,0.01449,0.125881,,3871800,,
2,8,,0.014064,0.071921,0.108818,0.147189,0.10757,0.103619,0.013948,0.151708,0.159669,0.121495,,4231600,,
2,2,,0.028855,0.057726,0.291437,0.020003,0.015511,0.167963,0.117614,0.017153,0.266576,0.017159,,3946300,,
2,2,,0.013715,0.029427,0.561641,0.081751,0.015271,0.023024,0.107008,0.047377,0.066806,0.053979,,4218200,,
2,2,,0.016846,0.021453,0.553883,0.038844,0.020176,0.016737,0.014643,0.126462,0.158373,0.032583,,3921400,,
2,2,,0.014064,0.089421,0.231318,0.178689,0.05157,0.103619,0.031448,0.151708,0.082669,0.065495,,3677800,,
2,3,,0.011937,0.206669,0.167133,0.217361,0.155816,0.081758,0.014146,0.039515,0.017634,0.088031,,4169800,,
2,2,,0.011937,0.051447,0.331964,0.107338,0.042766,0.08924,0.014043,0.2182,0.026554,0.106511,,3197000,,
2,8,,0.159008,0.057271,0.045085,0.016754,0.209998,0.014135,0.174809,0.027874,0.280861,0.014206,,3770700,,
2,2,,0.011937,0.04572,0.379023,0.113807,0.035151,0.043063,0.07424,0.100484,0.059101,0.137472,,4249100,,
2,2,,0.118604,0.071843,0.337325,0.020315,0.055715,0.099129,0.085796,0.038793,0.072382,0.100099,,3671600,,
2,1,,0.011937,0.237354,0.172296,0.088446,0.137974,0.079969,0.013651,0.154105,0.017087,0.08718,,3970800,,
2,0,,0.795485,0.017158,0.039397,0.014905,0.031073,0.022113,0.018948,0.016369,0.022576,0.021976,,3827200,,
2,6,,0.180607,0.07816,0.180752,0.017411,0.066182,0.055992,0.189108,0.031817,0.171813,0.028158,,4920400,,
2,0,,0.377118,0.102471,0.060464,0.024869,0.08588,0.014135,0.066584,0.107706,0.141378,0.019396,,4007900,,
2,3,,0.014064,0.092827,0.154228,0.187639,0.036278,0.151637,0.039402,0.06126,0.107478,0.155188,,3911100,,
2,2,,0.027934,0.081016,0.25206,0.031827,0.044429,0.171918,0.014392,0.152699,0.062583,0.161141,,4084100,,
2,6,,0.132429,0.04686,0.13438,0.014489,0.200567,0.015037,0.332626,0.028715,0.080692,0.014206,,4387100,,
2,2,,0.011937,0.170688,0.225412,0.091956,0.103689,0.157929,0.092018,0.036962,0.01423,0.09518,,3851000,,
2,2,,0.026729,0.052747,0.333719,0.012731,0.013562,0.087816,0.172104,0.014209,0.24862,0.037762,,3939100,,
2,6,,0.115968,0.074706,0.057611,0.014489,0.203643,0.099037,0.255703,0.028715,0.135923,0.014206,,9016100,,
2,4,,0.014064,0.088054,0.213335,0.069601,0.236628,0.09221,0.013948,0.170437,0.055369,0.046355,,3978000,,
2,9,,0.033476,0.058688,0.217412,0.113495,0.066766,0.077929,0.076018,0.036962,0.03023,0.289026,,3667700,,
2,6,,0.115968,0.075563,0.169135,0.014489,0.147643,0.056894,0.283513,0.028715,0.079923,0.028158,,4400000,,
2,2,,0.011937,0.050688,0.358963,0.088446,0.137974,0.079969,0.013651,0.154105,0.017087,0.08718,,3301100,,
2,6,,0.159008,0.097271,0.125085,0.036754,0.089998,0.054135,0.214809,0.027874,0.180861,0.014206,,3570700,,
2,9,,0.138575,0.082722,0.091453,0.014489,0.063024,0.039037,0.036504,0.132571,0.200752,0.200873,,3886100,,
2,3,,0.138575,0.082722,0.116908,0.24358,0.063024,0.064492,0.036504,0.132571,0.107418,0.014206,,3421200,,
2,6,,0.159008,0.062271,0.045085,0.10842,0.069998,0.105801,0.174809,0.027874,0.140861,0.105873,,4810200,,
2,2,,0.018732,0.123875,0.188584,0.051836,0.129931,0.131447,0.074488,0.135665,0.112562,0.03288,,4955600,,
2,3,,0.014064,0.0801,0.103319,0.200366,0.036278,0.13891,0.039402,0.06126,0.171114,0.155188,,3386800,,
2,9,,0.138575,0.082722,0.091453,0.107822,0.063024,0.039037,0.036504,0.132571,0.107418,0.200873,,3627000,,
2,2,,0.016846,0.020154,0.371581,0.01588,0.020176,0.015178,0.014643,0.115619,0.208701,0.201221,,4330000,,
2,1,,0.127784,0.33874,0.077957,0.014489,0.067608,0.024024,0.079431,0.06373,0.192032,0.014206,,4020200,,
2,3,,0.014064,0.071921,0.148818,0.237856,0.05157,0.103619,0.067281,0.151708,0.074335,0.078828,,4458300,,
2,0,,0.418575,0.082722,0.091453,0.014489,0.063024,0.039037,0.036504,0.132571,0.107418,0.014206,,4191200,,
2,2,,0.014064,0.080633,0.320943,0.157724,0.036278,0.139977,0.013948,0.06126,0.019187,0.155988,,4950400,,
3,3,,0.014064,0.0801,0.09241,0.296124,0.036278,0.13891,0.067281,0.06126,0.045053,0.168521,,3816600,,
3,3,,0.014064,0.081399,0.125202,0.350951,0.036278,0.140468,0.013948,0.062299,0.018646,0.156746,,4386300,,
3,8,,0.208575,0.082722,0.091453,0.014489,0.063024,0.074037,0.036504,0.132571,0.212418,0.084206,,3942700,,
3,3,,0.018732,0.101838,0.14727,0.159907,0.130094,0.063774,0.047154,0.148709,0.141246,0.041277,,4696200,,
3,8,,0.014064,0.088054,0.160001,0.069601,0.089961,0.09221,0.013948,0.170437,0.215369,0.086355,,4079000,,
3,3,,0.014064,0.080208,0.071047,0.255903,0.036441,0.156678,0.014654,0.074304,0.141242,0.155459,,4784500,,
3,3,,0.014064,0.081399,0.060202,0.285951,0.036278,0.140468,0.013948,0.062299,0.083646,0.221746,,4021600,,
3,9,,0.014064,0.080778,0.054783,0.286237,0.036278,0.143317,0.013948,0.061599,0.018387,0.290611,,4882900,,
3,3,,0.014064,0.092827,0.154228,0.187639,0.036278,0.151637,0.039402,0.06126,0.107478,0.155188,,5106600,,
3,2,,0.014064,0.0801,0.239076,0.149457,0.036278,0.13891,0.013948,0.154594,0.018387,0.155188,,4253700,,
3,3,,0.014064,0.0801,0.052818,0.413947,0.039135,0.140951,0.01558,0.066974,0.021244,0.155188,,3982400,,
3,3,,0.011937,0.059529,0.190289,0.349054,0.023689,0.087946,0.106564,0.037746,0.017866,0.115379,,3909700,,
3,5,,0.014064,0.111211,0.05241,0.149457,0.036278,0.263354,0.013948,0.06126,0.080609,0.21741,,3683700,,
3,3,,0.014064,0.0801,0.05241,0.242791,0.036278,0.13891,0.107281,0.06126,0.11172,0.155188,,3632300,,
3,3,,0.03461,0.100215,0.131075,0.311726,0.102418,0.048814,0.014654,0.171156,0.060328,0.025005,,3541400,,
3,9,,0.014064,0.1601,0.09241,0.149457,0.036278,0.17891,0.013948,0.06126,0.058387,0.235188,,4005600,,
3,3,,0.014064,0.080565,0.233185,0.245891,0.036278,0.14077,0.013948,0.06126,0.018387,0.155653,,3712100,,
3,3,,0.014064,0.080778,0.054783,0.32957,0.036278,0.143317,0.013948,0.061599,0.018387,0.247278,,4370900,,
3,3,,0.014064,0.080778,0.054783,0.416237,0.036278,0.143317,0.013948,0.061599,0.018387,0.160611,,3713500,,
3,3,,0.014064,0.080633,0.060943,0.287724,0.036278,0.139977,0.013948,0.06126,0.019187,0.285988,,4129800,,
3,1,,0.014064,0.225081,0.05241,0.149531,0.103861,0.139205,0.079981,0.06126,0.019346,0.155261,,3951500,,
3,3,,0.014064,0.080633,0.060943,0.417724,0.036278,0.139977,0.013948,0.06126,0.019187,0.155988,,4218000,,
3,5,,0.014064,0.098766,0.05241,0.205457,0.054944,0.232243,0.013948,0.06126,0.074387,0.192521,,4424900,,
3,6,,0.115968,0.046706,0.029611,0.070489,0.203643,0.071037,0.227703,0.028715,0.191923,0.014206,,3749900,,
3,9,,0.014064,0.0801,0.05241,0.205457,0.092278,0.13891,0.013948,0.06126,0.130387,0.211188,,3847600,,
3,3,,0.014064,0.081134,0.055168,0.243021,0.036967,0.140634,0.015672,0.06126,0.196548,0.155532,,3218400,,
3,3,,0.014064,0.080565,0.059852,0.419225,0.036278,0.14077,0.013948,0.06126,0.018387,0.155653,,4554800,,
3,3,,0.014064,0.080565,0.059852,0.419225,0.036278,0.14077,0.013948,0.06126,0.018387,0.155653,,4385900,,
3,9,,0.118855,0.017158,0.286712,0.104905,0.105511,0.014551,0.018948,0.016369,0.022576,0.294414,,4396000,,
3,3,,0.03461,0.100215,0.134711,0.189907,0.102418,0.07245,0.03829,0.171156,0.131237,0.025005,,4213600,,
3,3,,0.014064,0.080633,0.060943,0.287724,0.036278,0.269977,0.013948,0.06126,0.019187,0.155988,,3409500,,
3,3,,0.014064,0.076988,0.117242,0.189386,0.06145,0.075676,0.016075,0.185197,0.16127,0.102652,,4595200,,
3,8,,0.014064,0.071921,0.108818,0.091189,0.144903,0.103619,0.013948,0.151708,0.234335,0.065495,,4928400,,
3,3,,0.014064,0.081399,0.084964,0.27976,0.036278,0.177611,0.013948,0.099442,0.018646,0.193889,,4153800,,
3,9,,0.014064,0.0801,0.055965,0.153013,0.069666,0.139354,0.01617,0.19526,0.054442,0.221965,,3554700,,
3,3,,0.014064,0.088333,0.094339,0.257528,0.036441,0.139345,0.047154,0.074304,0.084908,0.163584,,3362500,,
3,5,,0.014064,0.0801,0.05241,0.149457,0.036278,0.25091,0.013948,0.11726,0.074387,0.211188,,4450400,,
3,3,,0.014064,0.080859,0.053676,0.284267,0.036784,0.140935,0.145973,0.06607,0.021425,0.155947,,3304800,,
3,4,,0.014064,0.147081,0.05241,0.149531,0.194861,0.139205,0.066981,0.06126,0.019346,0.155261,,3185500,,
3,3,,0.014064,0.0801,0.052818,0.413947,0.039135,0.140951,0.01558,0.066974,0.021244,0.155188,,5146700,,
3,3,,0.014064,0.092827,0.090592,0.200366,0.049005,0.189819,0.064857,0.06126,0.069296,0.167915,,6492900,,
