optdigits,LADTree,test,2,NANOSECONDS,PREDICTIONS, Generated by ClassifierExperiments.java on 2022-05-16 13:32:07.    SYSTEMPROPERTIES:{user.name:matth,os.arch:amd64,os.name:Windows 10},ENDSYSTEMPROPERTIES
No parameter info
0.7856510186005314,3669094800,2070904100,-1,102593472,10,,-1,-1
0,0,,0.482935,0.034385,0.022538,0.02306,0.128528,0.028479,0.130302,0.039956,0.076347,0.033471,,2121800,,
0,0,,0.413198,0.068505,0.041814,0.013418,0.110192,0.070497,0.028342,0.061459,0.164414,0.028162,,1866500,,
0,0,,0.435044,0.031757,0.084187,0.029778,0.049407,0.059073,0.047686,0.085663,0.059347,0.118059,,1856200,,
0,0,,0.412045,0.037108,0.024939,0.017996,0.110993,0.033856,0.156715,0.040237,0.12656,0.039553,,1948400,,
0,0,,0.729477,0.016322,0.022688,0.011415,0.055229,0.027383,0.033908,0.032406,0.030851,0.04032,,1844700,,
0,0,,0.575698,0.035349,0.026532,0.020123,0.066786,0.018372,0.086535,0.023589,0.115844,0.031173,,1843200,,
0,0,,0.499646,0.034685,0.022714,0.013576,0.101343,0.022664,0.162808,0.039688,0.047817,0.055059,,1867000,,
0,0,,0.488531,0.057436,0.073046,0.012711,0.088321,0.05586,0.03974,0.075574,0.082695,0.026085,,1846100,,
0,0,,0.567308,0.029983,0.019028,0.009749,0.11878,0.023308,0.134417,0.025127,0.044981,0.02732,,1847500,,
0,0,,0.541039,0.034327,0.03062,0.012467,0.067275,0.029807,0.129969,0.032962,0.085409,0.036125,,1848600,,
0,0,,0.505743,0.034962,0.035786,0.012179,0.06575,0.021946,0.12742,0.04906,0.109008,0.038147,,1851500,,
0,0,,0.581889,0.018847,0.055005,0.010427,0.052019,0.029342,0.051771,0.060965,0.099614,0.040121,,1874100,,
0,0,,0.593133,0.026937,0.02111,0.011208,0.061993,0.018508,0.086497,0.026714,0.121628,0.032272,,1847500,,
0,0,,0.473896,0.039751,0.032611,0.009393,0.115323,0.031218,0.149622,0.037158,0.061343,0.049684,,1849700,,
0,0,,0.62508,0.027453,0.030761,0.009183,0.071009,0.023513,0.05012,0.050751,0.081159,0.03097,,1878800,,
0,0,,0.447874,0.037401,0.0439,0.02397,0.090819,0.035029,0.094815,0.041795,0.141509,0.042888,,1797700,,
0,0,,0.675004,0.01966,0.046047,0.015764,0.053875,0.031722,0.043705,0.034579,0.040204,0.03944,,1796200,,
0,0,,0.454959,0.045187,0.041536,0.009572,0.09695,0.031825,0.119863,0.03818,0.124436,0.037492,,1788300,,
0,0,,0.504403,0.031412,0.030741,0.011496,0.065053,0.042028,0.146516,0.034037,0.102713,0.031601,,1795900,,
0,0,,0.227212,0.038839,0.048974,0.013759,0.200795,0.066771,0.159576,0.029886,0.151759,0.06243,,1800700,,
0,0,,0.476077,0.039962,0.051993,0.008618,0.094249,0.029884,0.127402,0.034066,0.102946,0.034804,,1790900,,
0,0,,0.492146,0.043727,0.047104,0.009091,0.089897,0.043849,0.056841,0.079121,0.102161,0.036064,,1811200,,
0,0,,0.533089,0.034363,0.020869,0.010662,0.121039,0.028191,0.124308,0.0359,0.0593,0.032279,,1830500,,
0,0,,0.759274,0.015569,0.025222,0.016021,0.035295,0.023472,0.034855,0.036669,0.024758,0.028864,,1801600,,
0,0,,0.529312,0.022984,0.061096,0.009975,0.063795,0.052973,0.05349,0.046563,0.121573,0.03824,,1790900,,
0,0,,0.587991,0.029096,0.046096,0.011063,0.077828,0.027358,0.049008,0.047585,0.094323,0.029653,,1782400,,
0,0,,0.53561,0.030804,0.031757,0.031777,0.063109,0.031917,0.124783,0.025825,0.103,0.021419,,1794300,,
0,0,,0.556626,0.029733,0.029946,0.009031,0.059348,0.028013,0.111042,0.030868,0.118585,0.026808,,1796700,,
0,0,,0.617135,0.027774,0.037945,0.009507,0.07129,0.028029,0.049643,0.041506,0.086824,0.030346,,1841900,,
0,0,,0.572075,0.033432,0.045639,0.017535,0.074173,0.035757,0.049219,0.043498,0.093135,0.035537,,1789200,,
0,0,,0.491681,0.03724,0.020646,0.00933,0.117466,0.03561,0.128652,0.029682,0.086076,0.043616,,1793900,,
0,0,,0.343506,0.074786,0.096419,0.019326,0.057953,0.082561,0.034453,0.09359,0.095282,0.102124,,1798700,,
0,0,,0.508096,0.028235,0.022059,0.008816,0.124013,0.034184,0.143441,0.031878,0.060914,0.038364,,1791300,,
0,0,,0.346222,0.078468,0.118067,0.024608,0.09938,0.033862,0.078582,0.073411,0.087494,0.059906,,1793400,,
0,0,,0.50164,0.037466,0.024571,0.018099,0.118392,0.032361,0.120946,0.035209,0.068888,0.042427,,1788400,,
0,0,,0.449391,0.039429,0.029395,0.011516,0.150672,0.025941,0.127261,0.050337,0.083127,0.03293,,1784800,,
0,0,,0.538884,0.052361,0.043231,0.045537,0.063094,0.017983,0.052565,0.065078,0.087715,0.033554,,1790900,,
0,0,,0.649326,0.021164,0.035792,0.019288,0.055217,0.031883,0.040509,0.067287,0.041845,0.03769,,1825300,,
0,0,,0.689675,0.015702,0.030223,0.012337,0.055686,0.033313,0.052349,0.05279,0.02352,0.034403,,1816600,,
0,0,,0.562656,0.040654,0.042121,0.019482,0.072867,0.033851,0.045233,0.046855,0.098085,0.038196,,1807700,,
0,0,,0.528786,0.031253,0.041661,0.009767,0.072424,0.030768,0.126977,0.032601,0.08833,0.037432,,1792900,,
0,0,,0.382753,0.042215,0.042565,0.01614,0.119279,0.026484,0.154071,0.031971,0.124684,0.059838,,1779000,,
0,0,,0.464844,0.047356,0.051168,0.018908,0.054536,0.037612,0.146507,0.033775,0.095747,0.049546,,1787700,,
0,0,,0.520387,0.04124,0.028204,0.008646,0.113569,0.018969,0.139316,0.032986,0.057494,0.039189,,1792100,,
0,0,,0.742266,0.019031,0.022864,0.014219,0.041705,0.022673,0.03332,0.039444,0.026666,0.037813,,1793800,,
0,0,,0.525225,0.033132,0.017691,0.022472,0.111037,0.019735,0.147865,0.02551,0.058576,0.038758,,1793000,,
0,0,,0.764948,0.014883,0.022902,0.013801,0.036022,0.027645,0.035251,0.022962,0.025276,0.036311,,1826800,,
0,0,,0.545474,0.031506,0.028883,0.011248,0.105529,0.015092,0.137812,0.036034,0.064318,0.024103,,1802800,,
0,0,,0.508299,0.05237,0.04676,0.043788,0.065108,0.0195,0.056734,0.070142,0.0843,0.052998,,1792100,,
0,0,,0.536029,0.027193,0.027025,0.015233,0.061952,0.016001,0.139703,0.035217,0.118064,0.023583,,1796700,,
0,0,,0.457193,0.032196,0.02597,0.011584,0.186487,0.024817,0.14574,0.041076,0.056711,0.018226,,1786800,,
0,0,,0.542384,0.055558,0.054924,0.02092,0.062335,0.030727,0.054078,0.061458,0.081998,0.035619,,1786500,,
0,0,,0.439392,0.103132,0.053771,0.02277,0.082123,0.039975,0.024182,0.030774,0.176828,0.027054,,1793300,,
0,0,,0.51678,0.034751,0.028536,0.029753,0.051558,0.040751,0.142256,0.028494,0.092018,0.035102,,1791100,,
0,0,,0.500512,0.03692,0.062775,0.022355,0.071076,0.030414,0.067676,0.057967,0.110051,0.040253,,1797200,,
0,0,,0.379291,0.090785,0.092828,0.026728,0.089276,0.083188,0.016839,0.081551,0.079391,0.060124,,1815100,,
0,0,,0.245689,0.034441,0.047144,0.02149,0.144281,0.04821,0.219351,0.032635,0.136095,0.070664,,1803800,,
0,0,,0.537252,0.02737,0.031738,0.011824,0.091355,0.021416,0.133613,0.035694,0.08431,0.025428,,1789100,,
0,0,,0.523615,0.032088,0.056425,0.012658,0.055889,0.03082,0.086746,0.033728,0.136625,0.031407,,1797100,,
0,0,,0.573019,0.019918,0.024394,0.009704,0.103145,0.015986,0.08698,0.026603,0.113746,0.026503,,1789400,,
0,0,,0.673146,0.027315,0.022763,0.013992,0.090821,0.025061,0.051421,0.030286,0.032166,0.033029,,1789500,,
0,0,,0.55192,0.039667,0.036353,0.01558,0.077567,0.038571,0.047504,0.055601,0.109996,0.027241,,1794500,,
0,0,,0.436778,0.038118,0.03817,0.024251,0.181177,0.030059,0.125404,0.040092,0.060712,0.02524,,1787300,,
0,0,,0.582061,0.039407,0.031862,0.010285,0.077093,0.027849,0.055275,0.043716,0.101528,0.030924,,1787000,,
0,0,,0.529505,0.049862,0.043964,0.020299,0.064726,0.024064,0.060684,0.069637,0.089268,0.047991,,1833300,,
0,0,,0.577258,0.032664,0.032352,0.009428,0.065155,0.017534,0.110036,0.051661,0.080156,0.023756,,1790700,,
0,0,,0.499862,0.045252,0.022483,0.009328,0.121363,0.027104,0.148293,0.041315,0.053067,0.031933,,1800100,,
0,0,,0.490216,0.033309,0.021957,0.009952,0.12057,0.036977,0.139244,0.035697,0.063762,0.048316,,1791100,,
0,0,,0.579495,0.025172,0.025732,0.013032,0.064779,0.023968,0.082175,0.034009,0.117244,0.034393,,1791600,,
0,0,,0.510119,0.030014,0.042258,0.009645,0.088312,0.025311,0.13262,0.033537,0.08777,0.040414,,1786800,,
0,0,,0.487908,0.028505,0.029473,0.008983,0.096694,0.030093,0.135065,0.028951,0.122961,0.031366,,1786600,,
0,0,,0.446687,0.031732,0.035651,0.018341,0.106964,0.044265,0.129289,0.034922,0.104789,0.047359,,1793900,,
0,0,,0.537005,0.037777,0.050685,0.029134,0.049069,0.019816,0.11631,0.026991,0.087026,0.046187,,1804800,,
0,0,,0.602589,0.027835,0.034512,0.010011,0.075963,0.028825,0.06849,0.044011,0.079773,0.027992,,1796800,,
0,0,,0.49205,0.035379,0.068637,0.015777,0.064552,0.029569,0.131711,0.029317,0.099468,0.03354,,1788800,,
0,0,,0.597231,0.029283,0.029416,0.008906,0.090144,0.034033,0.051011,0.042679,0.088734,0.028564,,1790700,,
0,0,,0.534504,0.032648,0.019683,0.009004,0.133201,0.023093,0.144053,0.028328,0.049491,0.025996,,1788700,,
0,0,,0.570512,0.052115,0.041357,0.015806,0.057372,0.029151,0.061811,0.063269,0.07235,0.036257,,1799800,,
0,0,,0.555121,0.038325,0.029035,0.009984,0.070039,0.021558,0.111357,0.039962,0.094779,0.029841,,1785400,,
0,0,,0.436245,0.040965,0.026892,0.016766,0.150041,0.029277,0.122818,0.052881,0.06691,0.057204,,1783900,,
0,0,,0.512556,0.035224,0.018234,0.010661,0.132328,0.034498,0.129646,0.039736,0.050992,0.036126,,1793400,,
0,0,,0.514325,0.059871,0.069131,0.017169,0.057043,0.053202,0.040536,0.07278,0.083158,0.032786,,1811100,,
0,0,,0.51251,0.025671,0.028106,0.015341,0.067338,0.025622,0.106592,0.036683,0.152389,0.029747,,1816500,,
0,0,,0.586516,0.024383,0.025368,0.00889,0.062591,0.023293,0.098875,0.033915,0.110369,0.025801,,1795400,,
0,0,,0.20018,0.116808,0.119683,0.032805,0.114036,0.083037,0.023925,0.104773,0.098576,0.106177,,1787400,,
0,0,,0.434758,0.057196,0.050628,0.016223,0.07935,0.028933,0.14442,0.040434,0.098328,0.049729,,1786300,,
0,0,,0.7056,0.018905,0.036969,0.013338,0.035708,0.022793,0.031969,0.052138,0.031147,0.051433,,1793700,,
0,0,,0.726894,0.018618,0.024716,0.013299,0.061905,0.027934,0.041333,0.026615,0.034476,0.024211,,1788700,,
0,0,,0.475798,0.036819,0.025182,0.018001,0.143836,0.030204,0.126822,0.028876,0.061985,0.052477,,1788900,,
0,0,,0.454328,0.051818,0.036178,0.009395,0.061512,0.023474,0.094758,0.047849,0.149106,0.071581,,1807300,,
0,0,,0.55961,0.042851,0.03088,0.010522,0.083024,0.035871,0.058302,0.049638,0.10113,0.028172,,1791200,,
0,0,,0.487618,0.033036,0.036353,0.034096,0.088535,0.068165,0.047628,0.046863,0.111543,0.046161,,1817400,,
0,0,,0.743908,0.016549,0.027652,0.019371,0.033201,0.025802,0.032858,0.039927,0.033262,0.02747,,1799800,,
0,0,,0.722544,0.020026,0.025767,0.021505,0.03997,0.029156,0.034273,0.029669,0.03979,0.0373,,1782200,,
0,0,,0.566277,0.036343,0.051556,0.015413,0.075124,0.03747,0.040505,0.038458,0.091889,0.046964,,1790000,,
0,0,,0.499435,0.031196,0.027459,0.010637,0.074205,0.036291,0.098133,0.037217,0.151026,0.034403,,1797000,,
0,0,,0.695861,0.023144,0.024872,0.015968,0.051649,0.024903,0.046596,0.039422,0.030353,0.047232,,1792500,,
0,0,,0.501489,0.032968,0.020747,0.011469,0.131599,0.027855,0.142366,0.035367,0.0677,0.02844,,1819100,,
0,0,,0.565688,0.035786,0.040919,0.009083,0.064601,0.021311,0.10995,0.026139,0.08861,0.037912,,1788100,,
0,0,,0.514946,0.050195,0.05058,0.021712,0.072869,0.019959,0.052801,0.08907,0.080869,0.047,,1790300,,
0,0,,0.586828,0.02864,0.035936,0.00971,0.075095,0.036674,0.044206,0.048729,0.098686,0.035496,,1819900,,
0,0,,0.577382,0.041891,0.031387,0.01382,0.073887,0.031632,0.051603,0.043326,0.099134,0.035938,,1801500,,
0,0,,0.543186,0.02845,0.037474,0.01429,0.070416,0.019094,0.094294,0.032634,0.129832,0.03033,,1794400,,
0,0,,0.535566,0.031812,0.030316,0.012102,0.096204,0.023733,0.106643,0.041443,0.099645,0.022536,,1787500,,
0,0,,0.559525,0.031925,0.023095,0.01039,0.117476,0.018975,0.131089,0.024886,0.057551,0.025087,,1783800,,
0,0,,0.536125,0.039726,0.020855,0.008238,0.122602,0.018829,0.129408,0.035317,0.05715,0.031749,,1800100,,
0,0,,0.481262,0.035081,0.051315,0.014903,0.108068,0.059972,0.043244,0.048296,0.096774,0.061085,,1817700,,
0,0,,0.594472,0.029524,0.033391,0.009771,0.064433,0.026728,0.044248,0.050207,0.10911,0.038116,,1792500,,
0,0,,0.539206,0.069703,0.051035,0.02851,0.043593,0.054537,0.0208,0.045508,0.108945,0.038164,,1840600,,
0,0,,0.510176,0.031064,0.021789,0.01133,0.143662,0.035688,0.125031,0.023238,0.060892,0.03713,,1800000,,
0,0,,0.727252,0.014553,0.024139,0.013416,0.050381,0.023588,0.037503,0.054882,0.023928,0.030357,,1798800,,
1,4,,0.030968,0.147673,0.082544,0.070665,0.186701,0.064363,0.158358,0.092222,0.099966,0.06654,,1809000,,
1,6,,0.100435,0.103695,0.079326,0.0258,0.086452,0.053848,0.252684,0.050194,0.180431,0.067135,,1794900,,
1,1,,0.013599,0.191945,0.118047,0.174433,0.042741,0.108085,0.062946,0.057283,0.091935,0.138987,,1796300,,
1,2,,0.027456,0.088416,0.236396,0.092485,0.064564,0.073096,0.051791,0.098908,0.232373,0.034515,,1817400,,
1,1,,0.027601,0.393595,0.068695,0.0511,0.049427,0.035254,0.091048,0.073407,0.172968,0.036905,,1794100,,
1,1,,0.019423,0.316062,0.091715,0.138591,0.065133,0.085403,0.032831,0.079437,0.069261,0.102144,,1793100,,
1,1,,0.006347,0.210385,0.146271,0.184656,0.073662,0.112022,0.029292,0.1275,0.054669,0.055197,,1827300,,
1,1,,0.019012,0.262104,0.11699,0.052547,0.189408,0.058706,0.036332,0.117217,0.106919,0.040766,,1804700,,
1,1,,0.125391,0.289096,0.060366,0.045403,0.060895,0.043786,0.124036,0.05591,0.160476,0.03464,,1800700,,
1,8,,0.03279,0.15743,0.125413,0.037,0.114111,0.047136,0.112347,0.034684,0.310272,0.028817,,1805700,,
1,1,,0.009391,0.252417,0.16103,0.078988,0.036796,0.122235,0.036545,0.058056,0.195033,0.049509,,1795400,,
1,1,,0.009658,0.418068,0.056226,0.107157,0.056261,0.097374,0.037736,0.058452,0.063786,0.095282,,1820900,,
1,1,,0.032419,0.31155,0.086858,0.071994,0.112582,0.06819,0.050166,0.121393,0.067493,0.077356,,1801600,,
1,1,,0.006815,0.190206,0.118702,0.167293,0.042683,0.122947,0.067677,0.055611,0.095473,0.13259,,1791600,,
1,1,,0.059314,0.395134,0.102746,0.045915,0.050394,0.03358,0.049704,0.134194,0.11259,0.01643,,1807700,,
1,9,,0.008384,0.127604,0.083554,0.138485,0.051782,0.129422,0.046765,0.047737,0.036143,0.330124,,1798000,,
1,1,,0.03067,0.31695,0.085375,0.044456,0.158397,0.067968,0.067965,0.086866,0.093607,0.047746,,1796700,,
1,1,,0.00732,0.351438,0.095281,0.144844,0.055149,0.09028,0.036426,0.070188,0.049899,0.099174,,1790500,,
1,1,,0.01508,0.376079,0.124316,0.050099,0.059737,0.030832,0.051361,0.084869,0.181576,0.026051,,1798600,,
1,1,,0.022917,0.427379,0.099604,0.073017,0.07487,0.047967,0.017815,0.081524,0.114761,0.040146,,1797600,,
1,9,,0.044546,0.225906,0.047895,0.144535,0.094635,0.092219,0.024192,0.048613,0.028523,0.248937,,1814300,,
1,1,,0.01427,0.184333,0.121252,0.065181,0.153759,0.114117,0.037882,0.159073,0.072804,0.077329,,1795200,,
1,1,,0.013251,0.219159,0.160238,0.052278,0.096379,0.145995,0.028045,0.077081,0.160007,0.047568,,1794700,,
1,1,,0.015328,0.455237,0.096814,0.050955,0.118239,0.029126,0.026373,0.0683,0.117575,0.022052,,1799800,,
1,1,,0.032562,0.428042,0.051181,0.106511,0.053065,0.078941,0.033693,0.061366,0.049104,0.105536,,1790900,,
1,1,,0.08687,0.391281,0.023222,0.035727,0.128194,0.027712,0.152664,0.048625,0.084957,0.02075,,1790300,,
1,8,,0.088385,0.152888,0.068295,0.036167,0.10454,0.125036,0.127532,0.083569,0.186752,0.026836,,1796100,,
1,1,,0.057225,0.406202,0.058007,0.031786,0.096207,0.017336,0.055873,0.12501,0.127859,0.024496,,1801500,,
1,1,,0.008329,0.331081,0.116528,0.10553,0.048016,0.060102,0.025019,0.144461,0.116503,0.04443,,1807100,,
1,1,,0.010041,0.322908,0.137944,0.101826,0.044871,0.05963,0.057986,0.106205,0.087097,0.071491,,1793000,,
1,1,,0.096125,0.349041,0.051522,0.045939,0.075354,0.016569,0.10828,0.052991,0.181405,0.022773,,1788400,,
1,1,,0.007035,0.233385,0.093283,0.145458,0.042105,0.124098,0.032013,0.098096,0.118172,0.106355,,1799900,,
1,8,,0.092234,0.135482,0.084777,0.057271,0.10027,0.06855,0.170529,0.043103,0.234618,0.013165,,1826600,,
1,2,,0.006465,0.112801,0.247162,0.072349,0.080476,0.117349,0.080507,0.138075,0.076667,0.068149,,1789900,,
1,1,,0.012393,0.562195,0.035862,0.041044,0.075025,0.022784,0.046494,0.079636,0.111457,0.013109,,1791800,,
1,7,,0.006365,0.151963,0.136992,0.134703,0.108036,0.122012,0.02664,0.166807,0.035557,0.110924,,1805100,,
1,1,,0.008256,0.364864,0.08565,0.115321,0.061957,0.087688,0.044677,0.0641,0.066972,0.100514,,1827200,,
1,1,,0.011216,0.433931,0.044429,0.098906,0.061075,0.09803,0.02958,0.076514,0.04305,0.103269,,1791700,,
1,9,,0.061538,0.055953,0.053991,0.119508,0.176112,0.119449,0.064576,0.056273,0.018967,0.273634,,1792300,,
1,1,,0.036711,0.172431,0.1185,0.121652,0.138414,0.048729,0.036474,0.168376,0.123013,0.035701,,1797200,,
1,8,,0.101976,0.113861,0.098306,0.037474,0.14253,0.03464,0.146952,0.095147,0.212831,0.016284,,1797500,,
1,4,,0.08607,0.185194,0.066547,0.036759,0.207546,0.029622,0.169334,0.045408,0.141976,0.031546,,1833100,,
1,1,,0.0307,0.420988,0.060901,0.044539,0.065875,0.047312,0.069485,0.072646,0.170211,0.017343,,1792400,,
1,1,,0.10384,0.376304,0.085008,0.031004,0.066019,0.012792,0.139338,0.034712,0.137292,0.013691,,2648400,,
1,1,,0.006797,0.21089,0.122419,0.165694,0.066184,0.090357,0.041725,0.113026,0.086856,0.096052,,1812700,,
1,1,,0.011578,0.159625,0.115255,0.109962,0.058827,0.145775,0.079035,0.058555,0.121082,0.140306,,1808900,,
1,3,,0.011071,0.173448,0.093421,0.241264,0.044587,0.106357,0.027139,0.089085,0.085143,0.128485,,1798200,,
1,1,,0.006312,0.286686,0.071281,0.140848,0.079594,0.105715,0.028193,0.131722,0.051201,0.098448,,1792100,,
1,1,,0.011123,0.256669,0.097737,0.102709,0.033584,0.176908,0.030121,0.050163,0.109408,0.131579,,1791800,,
1,1,,0.089613,0.333709,0.098851,0.061972,0.054132,0.023582,0.058873,0.084685,0.176262,0.018322,,1809400,,
1,1,,0.021947,0.329163,0.074637,0.136917,0.073541,0.078692,0.04418,0.094224,0.059124,0.087575,,1800900,,
1,1,,0.014189,0.403568,0.044543,0.129745,0.067674,0.100493,0.026446,0.05299,0.047466,0.112885,,1791700,,
1,1,,0.007237,0.358831,0.085632,0.091501,0.086236,0.075089,0.022683,0.126632,0.086165,0.059993,,1797000,,
1,1,,0.096268,0.305309,0.052474,0.039815,0.09961,0.033315,0.090207,0.087186,0.167437,0.028379,,1808500,,
1,1,,0.017731,0.195531,0.12248,0.162647,0.077208,0.116672,0.061816,0.064118,0.06492,0.116879,,1804000,,
1,1,,0.013996,0.341433,0.068164,0.152142,0.033307,0.10711,0.031464,0.063775,0.067528,0.121079,,1801300,,
1,1,,0.013363,0.405219,0.068852,0.115497,0.046054,0.111902,0.021714,0.059231,0.040804,0.117364,,1793500,,
1,1,,0.104175,0.305845,0.053611,0.041203,0.086404,0.02084,0.101078,0.093642,0.166621,0.026582,,1790400,,
1,1,,0.006438,0.218501,0.100549,0.19366,0.063231,0.114363,0.027784,0.120397,0.063626,0.091451,,1855500,,
1,1,,0.088375,0.342046,0.085737,0.038784,0.062562,0.028195,0.061689,0.082738,0.181163,0.028712,,1792100,,
1,1,,0.025158,0.327943,0.071394,0.150758,0.07698,0.085206,0.046408,0.059381,0.065588,0.091184,,1796800,,
1,1,,0.006403,0.264288,0.07808,0.147131,0.067154,0.108005,0.044839,0.133968,0.057605,0.092528,,1808900,,
1,1,,0.011071,0.189823,0.100958,0.149218,0.079024,0.111452,0.020817,0.173143,0.059513,0.10498,,1793100,,
1,6,,0.071108,0.126065,0.111208,0.036003,0.205182,0.049469,0.222202,0.088626,0.068462,0.021674,,1794000,,
1,1,,0.011171,0.464691,0.046387,0.059657,0.039053,0.062217,0.024751,0.154634,0.080544,0.056897,,1796900,,
1,1,,0.006585,0.3028,0.106453,0.061493,0.148767,0.07075,0.028631,0.154398,0.047472,0.072651,,1793400,,
1,1,,0.010928,0.397061,0.05384,0.104308,0.03176,0.128219,0.035895,0.076268,0.067298,0.094424,,1803300,,
1,3,,0.006438,0.215259,0.108389,0.223342,0.049733,0.115728,0.033627,0.084379,0.070402,0.092704,,1799800,,
1,2,,0.006555,0.140652,0.184624,0.174228,0.147944,0.075023,0.018983,0.120852,0.056825,0.074313,,1797000,,
1,1,,0.009116,0.239618,0.229517,0.099632,0.099461,0.063351,0.052703,0.076245,0.096327,0.034028,,1822100,,
1,1,,0.008565,0.347484,0.063558,0.171903,0.064437,0.091235,0.053387,0.052727,0.039755,0.106949,,1796700,,
1,1,,0.082864,0.267833,0.052389,0.039156,0.079529,0.05854,0.123724,0.061193,0.213352,0.02142,,1800000,,
1,1,,0.017629,0.164233,0.148226,0.10087,0.041185,0.163395,0.048396,0.049063,0.137644,0.129359,,1804200,,
1,1,,0.010096,0.402404,0.092293,0.053693,0.131732,0.042417,0.023432,0.126715,0.078415,0.038802,,1807700,,
1,1,,0.025471,0.325522,0.055918,0.139867,0.060823,0.084691,0.059423,0.065202,0.060199,0.122883,,1801600,,
1,1,,0.06508,0.189737,0.079463,0.071672,0.164619,0.033284,0.165042,0.084191,0.13265,0.01426,,1824000,,
1,1,,0.018467,0.362983,0.1065,0.052852,0.100985,0.039003,0.021971,0.125685,0.114586,0.056969,,1802700,,
1,1,,0.015499,0.191943,0.048066,0.157725,0.053748,0.103012,0.087867,0.056036,0.134152,0.151952,,1821000,,
1,1,,0.017487,0.306506,0.046025,0.178315,0.062662,0.101886,0.041602,0.073134,0.059609,0.112774,,1800800,,
1,9,,0.01406,0.19388,0.061052,0.163884,0.096525,0.088775,0.020168,0.04943,0.03292,0.279306,,1805000,,
1,1,,0.055285,0.243848,0.084763,0.092569,0.089034,0.020187,0.161304,0.081513,0.151328,0.02017,,1797100,,
1,3,,0.030535,0.184187,0.098945,0.186527,0.098405,0.100845,0.029654,0.054565,0.039358,0.176979,,1809300,,
1,1,,0.082686,0.340799,0.078115,0.055421,0.073728,0.01582,0.113655,0.047627,0.17652,0.015629,,1816600,,
1,1,,0.028414,0.335235,0.05905,0.137792,0.087071,0.102503,0.054911,0.058138,0.045142,0.091743,,1791100,,
1,1,,0.026171,0.343806,0.055207,0.133259,0.062051,0.099081,0.039126,0.059402,0.059167,0.12273,,1883400,,
1,1,,0.028752,0.335302,0.114062,0.117567,0.051984,0.092049,0.056179,0.072617,0.043414,0.088074,,1804900,,
1,1,,0.011186,0.406565,0.094918,0.101365,0.044745,0.063605,0.022943,0.107673,0.083262,0.063737,,1823100,,
1,8,,0.086035,0.076042,0.17828,0.067671,0.093242,0.050213,0.103276,0.086459,0.233414,0.025369,,1807700,,
1,1,,0.01461,0.302804,0.150848,0.093087,0.053953,0.063759,0.03929,0.133134,0.096205,0.05231,,1794200,,
1,1,,0.012448,0.164724,0.099726,0.141372,0.082389,0.094428,0.07578,0.139978,0.092097,0.097057,,1792900,,
1,1,,0.052698,0.322055,0.087274,0.05164,0.106374,0.019313,0.072235,0.113489,0.144649,0.030273,,1798600,,
1,1,,0.070658,0.315199,0.055746,0.05869,0.162029,0.015515,0.152184,0.046275,0.103632,0.020072,,1794800,,
1,1,,0.006585,0.258558,0.113993,0.137092,0.128778,0.106881,0.043675,0.083235,0.034084,0.087119,,1854100,,
1,1,,0.025756,0.355825,0.055402,0.039512,0.214598,0.021112,0.071522,0.076039,0.120952,0.019282,,1809600,,
1,3,,0.006871,0.120601,0.119919,0.279159,0.060147,0.131595,0.021563,0.047928,0.106095,0.106121,,1808800,,
1,9,,0.036362,0.155854,0.052231,0.136974,0.07382,0.133846,0.030622,0.056177,0.045168,0.278947,,1811000,,
1,1,,0.065638,0.440023,0.072242,0.03805,0.049469,0.019769,0.049241,0.129392,0.120252,0.015924,,1808300,,
1,1,,0.010165,0.386133,0.141807,0.106529,0.048333,0.058849,0.028583,0.094885,0.074965,0.049751,,1801100,,
1,9,,0.028098,0.203404,0.059698,0.132651,0.095934,0.089034,0.041724,0.065384,0.032714,0.251361,,1818900,,
1,1,,0.123312,0.186338,0.096563,0.048267,0.126201,0.026334,0.117568,0.074737,0.173969,0.026713,,1813200,,
1,1,,0.018085,0.234753,0.116142,0.132671,0.066777,0.083399,0.023429,0.15043,0.057278,0.117035,,1849800,,
1,1,,0.137263,0.264407,0.061989,0.052285,0.136078,0.03228,0.07327,0.09536,0.13215,0.014918,,1868100,,
1,1,,0.025519,0.272486,0.073081,0.151521,0.054138,0.073579,0.023033,0.154392,0.041685,0.130566,,1816700,,
1,6,,0.087536,0.111097,0.093789,0.024871,0.134688,0.053922,0.197125,0.083597,0.195561,0.017815,,1812800,,
1,1,,0.095797,0.382603,0.052913,0.036949,0.061292,0.011503,0.10979,0.049801,0.177584,0.021768,,1921700,,
1,1,,0.09766,0.327308,0.112701,0.063699,0.054931,0.036953,0.050596,0.109074,0.121525,0.025553,,2004800,,
1,2,,0.006123,0.145971,0.173247,0.164973,0.052463,0.120362,0.090221,0.050219,0.047287,0.149134,,1843000,,
1,3,,0.026376,0.141708,0.116024,0.169069,0.063722,0.125365,0.049801,0.137624,0.062268,0.108043,,1826900,,
1,1,,0.008332,0.301877,0.104818,0.070932,0.072518,0.066429,0.033931,0.191943,0.079925,0.069294,,1816700,,
1,9,,0.008384,0.157525,0.080093,0.15279,0.090726,0.111229,0.034955,0.056948,0.042031,0.26532,,1826100,,
1,1,,0.05071,0.366,0.054694,0.078531,0.174342,0.041864,0.026783,0.105124,0.067129,0.034824,,1862600,,
1,1,,0.014041,0.411662,0.085808,0.060129,0.02803,0.056401,0.033724,0.128548,0.092367,0.08929,,1879000,,
1,1,,0.006579,0.302494,0.068608,0.140675,0.107262,0.113682,0.030157,0.092156,0.052181,0.086208,,1871300,,
1,1,,0.120256,0.304369,0.043708,0.047527,0.076264,0.026009,0.14769,0.058234,0.147719,0.028225,,1850900,,
1,1,,0.105864,0.36056,0.059729,0.041942,0.084275,0.025365,0.098836,0.086333,0.121322,0.015777,,1844000,,
2,0,,0.311932,0.063424,0.107482,0.020341,0.072598,0.04664,0.186651,0.018637,0.141393,0.030902,,1867800,,
2,2,,0.090166,0.044022,0.291819,0.077065,0.045039,0.037562,0.218266,0.022357,0.154027,0.019678,,1880200,,
2,2,,0.009706,0.051209,0.366066,0.167732,0.081879,0.074052,0.04169,0.079728,0.086864,0.041074,,1856500,,
2,2,,0.00806,0.082648,0.335201,0.149374,0.028394,0.127403,0.037954,0.049245,0.05133,0.13039,,1900800,,
2,2,,0.01444,0.081433,0.194176,0.172487,0.055177,0.131535,0.067919,0.06081,0.056732,0.165291,,1879300,,
2,5,,0.006123,0.104099,0.209991,0.107966,0.023175,0.27526,0.030246,0.042779,0.092642,0.10772,,1867400,,
2,8,,0.021153,0.124422,0.151336,0.113538,0.146602,0.076642,0.019709,0.113819,0.156043,0.076737,,1866600,,
2,8,,0.092612,0.046042,0.072133,0.032507,0.057156,0.037502,0.118868,0.045511,0.474033,0.023637,,1871700,,
2,2,,0.018097,0.100357,0.170327,0.15281,0.072947,0.106055,0.041015,0.165013,0.073329,0.100048,,1898500,,
2,2,,0.042697,0.09765,0.213534,0.140962,0.048207,0.090374,0.036529,0.154289,0.111661,0.064097,,1885000,,
2,2,,0.006465,0.077301,0.317524,0.094614,0.053226,0.100014,0.053181,0.140729,0.065999,0.090947,,1873700,,
2,2,,0.007127,0.114877,0.224267,0.200892,0.046382,0.098118,0.046573,0.085731,0.07618,0.099854,,1929000,,
2,2,,0.076696,0.097676,0.23201,0.103209,0.051688,0.065782,0.047538,0.091484,0.166575,0.067342,,1901200,,
2,2,,0.00852,0.119928,0.202373,0.131871,0.039595,0.150229,0.035223,0.132924,0.087635,0.091702,,1876000,,
2,2,,0.02371,0.12735,0.307934,0.058619,0.07227,0.033948,0.019359,0.070935,0.244414,0.041461,,1886300,,
2,2,,0.025395,0.080649,0.356593,0.067681,0.044902,0.08929,0.116162,0.120181,0.055908,0.04324,,1863500,,
2,5,,0.007736,0.091232,0.165599,0.185081,0.042944,0.191717,0.042931,0.074257,0.09105,0.107454,,1892200,,
2,2,,0.00901,0.100872,0.258972,0.129047,0.056387,0.083368,0.030369,0.14874,0.090864,0.092371,,1888400,,
2,2,,0.02763,0.061895,0.174451,0.143633,0.06223,0.103893,0.093865,0.083565,0.093055,0.155783,,1865800,,
2,2,,0.006396,0.069116,0.309505,0.178305,0.049741,0.101417,0.028799,0.090949,0.061576,0.104196,,1939400,,
2,2,,0.006583,0.079406,0.284683,0.086883,0.068662,0.088124,0.093893,0.128247,0.034502,0.129018,,1880000,,
2,5,,0.006396,0.077833,0.179544,0.175476,0.038073,0.206999,0.038363,0.069447,0.088027,0.119841,,1870600,,
2,2,,0.108498,0.049693,0.241185,0.057057,0.086195,0.030931,0.119496,0.086048,0.197069,0.023829,,1871800,,
2,8,,0.086946,0.067396,0.095489,0.056562,0.054289,0.190649,0.139694,0.034323,0.250639,0.024013,,1867000,,
2,2,,0.006973,0.065355,0.379334,0.123336,0.06678,0.05946,0.018747,0.132788,0.105171,0.042055,,1851600,,
2,2,,0.0134,0.158206,0.292791,0.160444,0.043729,0.083182,0.027203,0.079344,0.050718,0.090983,,1855000,,
2,2,,0.013989,0.102876,0.23595,0.149145,0.067928,0.128212,0.045313,0.083378,0.072514,0.100696,,1854500,,
2,2,,0.006206,0.05938,0.452457,0.07574,0.050223,0.079773,0.028295,0.126126,0.082301,0.039499,,1879900,,
2,2,,0.01024,0.098549,0.270808,0.090336,0.062179,0.074482,0.011596,0.140886,0.168474,0.072452,,1863600,,
2,2,,0.006777,0.07758,0.278467,0.188062,0.046984,0.096729,0.039068,0.073937,0.091462,0.100936,,1807500,,
2,2,,0.083857,0.096908,0.222122,0.054658,0.070706,0.070737,0.10022,0.089066,0.129609,0.082119,,1813000,,
2,2,,0.006806,0.103967,0.300332,0.134897,0.05197,0.098584,0.029565,0.12747,0.057568,0.088839,,1810600,,
2,3,,0.027569,0.085662,0.213011,0.21654,0.060244,0.111,0.026638,0.068946,0.066841,0.123551,,1821300,,
2,2,,0.057711,0.113599,0.278042,0.041169,0.050935,0.111152,0.141078,0.078318,0.08841,0.039586,,1811600,,
2,9,,0.020655,0.140496,0.170353,0.135427,0.079454,0.110098,0.041439,0.077534,0.048546,0.175998,,1808400,,
2,2,,0.006555,0.142006,0.266219,0.080454,0.089145,0.085462,0.028329,0.144751,0.045204,0.111875,,1821100,,
2,2,,0.035568,0.114578,0.276526,0.110433,0.068059,0.113432,0.043356,0.111177,0.059403,0.067468,,1807900,,
2,2,,0.011901,0.064085,0.252855,0.07607,0.0428,0.067198,0.038162,0.101238,0.100835,0.244857,,1819400,,
2,2,,0.006393,0.073739,0.214435,0.194746,0.054263,0.071057,0.04195,0.153541,0.13597,0.053905,,1814400,,
2,2,,0.016299,0.10599,0.25251,0.186735,0.039185,0.088993,0.035475,0.056296,0.075098,0.143419,,1803000,,
2,2,,0.006948,0.076316,0.315573,0.17432,0.033589,0.090578,0.044481,0.066311,0.09286,0.099023,,1797900,,
2,2,,0.009901,0.123418,0.232741,0.168047,0.038879,0.100441,0.075305,0.084361,0.064298,0.102609,,1806000,,
2,3,,0.006976,0.081286,0.182566,0.199111,0.032722,0.088698,0.055686,0.061638,0.155591,0.135726,,1806800,,
2,3,,0.012784,0.114423,0.131699,0.154457,0.048624,0.09683,0.059784,0.139551,0.127588,0.114261,,1798200,,
2,2,,0.010247,0.093606,0.337849,0.179205,0.034681,0.032861,0.018209,0.149329,0.085547,0.058467,,1829200,,
2,2,,0.007676,0.10709,0.157882,0.153146,0.030233,0.157082,0.1281,0.045292,0.104461,0.109039,,1833200,,
2,6,,0.183365,0.036373,0.092468,0.01693,0.101123,0.085377,0.358266,0.019234,0.062197,0.044666,,1819900,,
2,2,,0.105509,0.090566,0.238102,0.056881,0.082663,0.032959,0.11065,0.063603,0.157626,0.061439,,1812700,,
2,3,,0.006152,0.130374,0.163092,0.233232,0.041282,0.099797,0.044975,0.085262,0.084749,0.111083,,1820100,,
2,2,,0.006282,0.118383,0.279476,0.122244,0.052333,0.13335,0.050497,0.124991,0.045842,0.066602,,1821600,,
2,2,,0.009986,0.056697,0.262764,0.125502,0.058573,0.050377,0.08348,0.150357,0.141276,0.060987,,1816500,,
2,2,,0.089949,0.082079,0.193356,0.025645,0.070715,0.153276,0.121875,0.032808,0.136074,0.094224,,1817000,,
2,2,,0.022032,0.076255,0.297164,0.140124,0.064929,0.056174,0.047577,0.127724,0.127298,0.040724,,1830500,,
2,2,,0.071037,0.057375,0.175199,0.044806,0.096068,0.145232,0.167482,0.039773,0.150849,0.05218,,1817000,,
2,2,,0.00683,0.072549,0.348343,0.070569,0.080313,0.056427,0.037844,0.149473,0.134041,0.04361,,1849700,,
2,2,,0.008287,0.072407,0.259803,0.149294,0.052445,0.13493,0.042288,0.106276,0.073661,0.100611,,1816600,,
2,2,,0.007566,0.196011,0.221456,0.123912,0.055022,0.105419,0.032169,0.063233,0.079609,0.115602,,1827500,,
2,2,,0.006703,0.081352,0.282126,0.161059,0.072235,0.081116,0.028028,0.131789,0.0602,0.09539,,1829900,,
2,2,,0.021172,0.084511,0.192362,0.186499,0.039823,0.133933,0.087902,0.069555,0.075556,0.108687,,1813100,,
2,2,,0.006932,0.097659,0.251329,0.084552,0.072923,0.114072,0.130769,0.109504,0.024806,0.107454,,1816200,,
2,2,,0.006458,0.089665,0.403229,0.118914,0.042852,0.092965,0.024061,0.098349,0.051672,0.071836,,1830500,,
2,8,,0.081789,0.05761,0.214479,0.025702,0.059914,0.109633,0.148762,0.026145,0.241026,0.034939,,1816000,,
2,2,,0.006757,0.067922,0.354688,0.145101,0.036131,0.121506,0.020646,0.080546,0.066954,0.099749,,1820000,,
2,2,,0.00654,0.119437,0.186101,0.15104,0.053181,0.122617,0.03128,0.172184,0.127441,0.030179,,1802700,,
2,2,,0.091295,0.042124,0.29327,0.051439,0.045859,0.068597,0.189381,0.040146,0.139697,0.038192,,1812700,,
2,9,,0.014181,0.072776,0.137917,0.22383,0.05238,0.163277,0.030022,0.035115,0.041596,0.228906,,1817600,,
2,2,,0.09036,0.046697,0.210929,0.034801,0.055412,0.116943,0.151931,0.026582,0.210738,0.055606,,1819000,,
2,3,,0.012071,0.107719,0.162376,0.16905,0.061301,0.082758,0.028066,0.134638,0.127143,0.114877,,1814200,,
2,2,,0.026137,0.071357,0.269701,0.159561,0.062384,0.062422,0.046619,0.100411,0.149346,0.052061,,1806200,,
2,2,,0.007247,0.149164,0.269048,0.150208,0.031691,0.093264,0.02384,0.119016,0.059853,0.096669,,1833800,,
2,3,,0.013032,0.079936,0.190695,0.192481,0.060491,0.071407,0.05142,0.139138,0.123034,0.078366,,1810500,,
2,2,,0.041628,0.087396,0.232341,0.064228,0.069944,0.063004,0.052327,0.153696,0.154076,0.081358,,1816900,,
2,2,,0.017825,0.06734,0.229782,0.171182,0.046366,0.108542,0.02843,0.075474,0.111621,0.143438,,1812700,,
2,8,,0.09465,0.056998,0.153832,0.141135,0.069696,0.051581,0.122972,0.076866,0.182615,0.049655,,1810300,,
2,2,,0.010269,0.130431,0.202132,0.144646,0.050999,0.102414,0.045177,0.129389,0.057647,0.126895,,1800400,,
2,2,,0.011544,0.067881,0.252883,0.13679,0.041693,0.182237,0.057157,0.122554,0.087379,0.039883,,1815500,,
2,3,,0.021783,0.102214,0.177881,0.180819,0.033745,0.130891,0.068343,0.092522,0.07092,0.120881,,1815900,,
2,7,,0.035848,0.087732,0.168423,0.062023,0.131822,0.064194,0.011215,0.282524,0.084951,0.071267,,1830900,,
2,0,,0.275045,0.054694,0.177294,0.016542,0.0376,0.104359,0.18093,0.013448,0.107101,0.032987,,1818500,,
2,2,,0.010146,0.073052,0.209541,0.124402,0.151562,0.084904,0.066481,0.130578,0.083668,0.065667,,1841800,,
2,2,,0.006396,0.06373,0.404333,0.18189,0.053887,0.068856,0.018451,0.084485,0.069319,0.048652,,1807100,,
2,2,,0.021374,0.080469,0.19024,0.095998,0.157928,0.083843,0.065105,0.088278,0.177135,0.03963,,2727500,,
2,2,,0.00634,0.141271,0.163995,0.159354,0.053406,0.086435,0.070315,0.158225,0.081494,0.079166,,2668200,,
2,2,,0.058143,0.091652,0.262301,0.028846,0.060811,0.08087,0.103439,0.097053,0.161281,0.055605,,2629700,,
2,9,,0.140467,0.073314,0.115603,0.135867,0.026592,0.123799,0.015265,0.053719,0.029511,0.285863,,2326200,,
2,2,,0.016446,0.080419,0.233953,0.181591,0.032723,0.12374,0.045868,0.126796,0.095912,0.062551,,1786500,,
2,9,,0.086026,0.08452,0.150768,0.047013,0.091623,0.115173,0.044302,0.087527,0.08963,0.203418,,1787100,,
2,2,,0.075679,0.032516,0.372712,0.027883,0.047597,0.085269,0.059154,0.056907,0.194172,0.04811,,1784200,,
2,4,,0.136443,0.073183,0.136776,0.029367,0.173067,0.048802,0.153025,0.021813,0.090688,0.136837,,1780300,,
2,9,,0.030124,0.103476,0.101836,0.142569,0.050472,0.159492,0.025041,0.079891,0.046694,0.260406,,1783900,,
2,2,,0.130367,0.06267,0.215077,0.056039,0.061208,0.051378,0.141412,0.053712,0.179623,0.048514,,1782700,,
2,2,,0.008883,0.148206,0.242372,0.058615,0.08495,0.096513,0.088204,0.114252,0.105701,0.052305,,1782400,,
2,8,,0.111185,0.069854,0.07532,0.071672,0.091835,0.039648,0.112077,0.069121,0.26976,0.089528,,1803500,,
2,6,,0.171711,0.048336,0.094987,0.032361,0.168616,0.041252,0.259233,0.022325,0.100835,0.060344,,1776400,,
2,2,,0.030383,0.097294,0.218227,0.19251,0.028962,0.097055,0.037465,0.059612,0.076317,0.162175,,1785200,,
2,2,,0.006123,0.151816,0.164221,0.155977,0.021987,0.154869,0.054769,0.056794,0.080961,0.152483,,1784700,,
2,7,,0.013321,0.122255,0.160907,0.071807,0.07838,0.100076,0.044763,0.229092,0.130664,0.048734,,1777700,,
2,2,,0.07472,0.115303,0.229504,0.053004,0.118503,0.072802,0.028906,0.092701,0.169943,0.044614,,1785500,,
2,2,,0.011377,0.155936,0.181231,0.162262,0.060709,0.092138,0.043538,0.131183,0.064949,0.096678,,1777100,,
2,2,,0.006123,0.071065,0.281364,0.204017,0.037856,0.130816,0.047569,0.061601,0.066841,0.092748,,1788900,,
2,2,,0.00654,0.146794,0.349072,0.096844,0.061809,0.083088,0.016744,0.1423,0.050909,0.0459,,1803100,,
2,3,,0.010391,0.095933,0.124458,0.18223,0.065713,0.160763,0.045205,0.073152,0.11776,0.124396,,1791400,,
2,2,,0.010446,0.08004,0.306677,0.114547,0.046465,0.068945,0.018919,0.181625,0.072401,0.099936,,1789200,,
2,8,,0.072812,0.100675,0.206373,0.059624,0.063003,0.038472,0.050454,0.140454,0.222968,0.045165,,1831800,,
2,6,,0.278964,0.031306,0.052572,0.026032,0.108325,0.053719,0.333139,0.022133,0.053502,0.040306,,1798600,,
2,2,,0.037995,0.086729,0.200945,0.160285,0.130269,0.042751,0.049856,0.182487,0.06956,0.039122,,1789600,,
2,2,,0.00702,0.077326,0.366102,0.073123,0.056123,0.053372,0.105712,0.102902,0.083796,0.074525,,1784600,,
2,2,,0.02029,0.080285,0.219473,0.162369,0.037893,0.183392,0.016313,0.078201,0.042987,0.158797,,1787100,,
2,2,,0.027866,0.066439,0.308037,0.137187,0.054913,0.118654,0.046603,0.064749,0.061973,0.113579,,1792300,,
2,2,,0.10838,0.062473,0.201687,0.040963,0.110362,0.102027,0.051823,0.109235,0.165146,0.047902,,1791800,,
2,2,,0.006123,0.08589,0.327785,0.187678,0.030513,0.109888,0.035769,0.065265,0.049589,0.101501,,1787000,,
2,2,,0.009832,0.104833,0.332215,0.075514,0.05911,0.095603,0.070779,0.052853,0.134718,0.064543,,1797400,,
3,1,,0.007049,0.214032,0.080123,0.207711,0.053448,0.124993,0.041435,0.065612,0.067564,0.138032,,1810600,,
3,3,,0.006468,0.103668,0.09402,0.242526,0.072835,0.163546,0.022174,0.076499,0.084048,0.134215,,1786700,,
3,1,,0.011153,0.232764,0.08425,0.227192,0.044606,0.100746,0.030767,0.073039,0.076622,0.118859,,1784100,,
3,3,,0.013811,0.088609,0.114802,0.23491,0.077804,0.098597,0.043985,0.114292,0.070047,0.143143,,1788400,,
3,3,,0.01027,0.088293,0.136392,0.290075,0.038332,0.108406,0.032839,0.098574,0.063422,0.133397,,1782600,,
3,3,,0.006439,0.104446,0.107363,0.264067,0.027712,0.204587,0.029173,0.046732,0.080348,0.129133,,1810900,,
3,3,,0.030707,0.111365,0.077429,0.24432,0.031181,0.154322,0.036444,0.050001,0.083744,0.180489,,1783900,,
3,7,,0.01593,0.143017,0.109055,0.177729,0.080992,0.081661,0.019796,0.199571,0.093103,0.079146,,1782300,,
3,3,,0.009908,0.076794,0.070016,0.244747,0.032476,0.118042,0.096301,0.051675,0.065446,0.234594,,1791600,,
3,3,,0.00822,0.094573,0.126467,0.290581,0.076918,0.107961,0.019754,0.057084,0.059685,0.158758,,1805100,,
3,3,,0.025772,0.113948,0.102945,0.198754,0.050072,0.177606,0.080891,0.04476,0.075669,0.129584,,1805300,,
3,3,,0.015722,0.062269,0.157523,0.295965,0.041651,0.140203,0.015539,0.05539,0.061688,0.15405,,1795400,,
3,3,,0.008565,0.149893,0.126299,0.320901,0.03223,0.09439,0.0427,0.079497,0.044937,0.10059,,1797800,,
3,8,,0.134198,0.042297,0.06888,0.097862,0.051054,0.195833,0.09957,0.025848,0.208621,0.075837,,1808400,,
3,3,,0.02726,0.066631,0.123917,0.200772,0.104731,0.141157,0.018655,0.060177,0.076796,0.179904,,1790400,,
3,8,,0.028742,0.134994,0.149766,0.089324,0.104273,0.061714,0.035824,0.14836,0.202717,0.044286,,1802400,,
3,3,,0.006712,0.138917,0.085302,0.2892,0.04732,0.119793,0.034336,0.051112,0.089465,0.137844,,1795900,,
3,3,,0.010803,0.060961,0.142071,0.29913,0.041895,0.12544,0.01773,0.070286,0.086419,0.145264,,1794200,,
3,7,,0.014909,0.137277,0.098114,0.085466,0.075137,0.103658,0.053372,0.175738,0.132092,0.124236,,1846000,,
3,3,,0.010049,0.074587,0.133136,0.347503,0.030726,0.103934,0.023705,0.081345,0.06412,0.130896,,1804800,,
3,3,,0.01073,0.094206,0.118646,0.237943,0.042179,0.148274,0.029302,0.051242,0.134694,0.132784,,1798500,,
3,3,,0.00997,0.128994,0.129805,0.249934,0.064516,0.092762,0.015818,0.10664,0.101903,0.09966,,1800100,,
3,3,,0.012204,0.061547,0.139282,0.289937,0.028472,0.138879,0.017966,0.056684,0.033644,0.221387,,1789100,,
3,3,,0.012055,0.09379,0.115083,0.361608,0.027268,0.12104,0.022591,0.049765,0.067567,0.129232,,1787700,,
3,3,,0.010197,0.128485,0.084622,0.286591,0.036681,0.117303,0.035886,0.137198,0.058231,0.104805,,1787000,,
3,9,,0.022493,0.074636,0.181286,0.171177,0.0665,0.06949,0.015662,0.087572,0.110214,0.20097,,1786400,,
3,3,,0.007231,0.096149,0.106495,0.390555,0.038468,0.123103,0.012651,0.062109,0.060838,0.102399,,1783100,,
3,6,,0.010215,0.070921,0.146331,0.14331,0.039353,0.160819,0.166698,0.090984,0.072682,0.098687,,1815200,,
3,9,,0.016441,0.09156,0.081145,0.193596,0.021983,0.117615,0.018667,0.058652,0.060088,0.340253,,1813200,,
3,3,,0.010803,0.061429,0.105093,0.254461,0.033664,0.124616,0.020777,0.135313,0.077654,0.176191,,1791800,,
3,3,,0.010135,0.084966,0.113325,0.30378,0.028389,0.137724,0.04084,0.102249,0.038359,0.140231,,1806000,,
3,9,,0.020102,0.06324,0.119423,0.224123,0.024324,0.115635,0.02493,0.048846,0.04879,0.310587,,1795500,,
3,3,,0.008203,0.09208,0.17487,0.252112,0.029304,0.114735,0.011343,0.066751,0.035553,0.215048,,1806100,,
3,3,,0.007496,0.077956,0.127948,0.354529,0.033767,0.16077,0.018335,0.052546,0.032743,0.133909,,1783400,,
3,3,,0.010408,0.166558,0.096888,0.265945,0.076728,0.107549,0.013257,0.093152,0.055044,0.114469,,1789000,,
3,3,,0.007443,0.116802,0.108929,0.334961,0.038382,0.112487,0.038586,0.075704,0.06893,0.097777,,1790800,,
3,1,,0.007278,0.166239,0.075153,0.156896,0.055184,0.143654,0.087121,0.128629,0.059461,0.120384,,1808600,,
3,3,,0.036282,0.145168,0.16026,0.178713,0.087999,0.054222,0.054265,0.066766,0.149897,0.066428,,1799000,,
3,3,,0.045212,0.082199,0.10088,0.213969,0.041021,0.169998,0.025507,0.110135,0.075791,0.135288,,1812000,,
3,3,,0.016089,0.091535,0.064645,0.165326,0.0591,0.112442,0.129687,0.150302,0.069979,0.140894,,1791300,,
