optdigits,LADTree,test,1,NANOSECONDS,PREDICTIONS, Generated by ClassifierExperiments.java on 2022-05-16 13:24:27.    SYSTEMPROPERTIES:{user.name:matth,os.arch:amd64,os.name:Windows 10},ENDSYSTEMPROPERTIES
No parameter info
0.7679362267493357,2764748400,2122938300,-1,101705432,10,,-1,-1
0,0,,0.430358,0.061615,0.062955,0.031263,0.073732,0.051962,0.042422,0.101628,0.098659,0.045405,,2544700,,
0,0,,0.326659,0.061768,0.067072,0.027749,0.06748,0.041372,0.109344,0.073942,0.179878,0.044736,,2011600,,
0,0,,0.201442,0.101633,0.074915,0.035767,0.116044,0.052379,0.137827,0.062139,0.153852,0.064001,,1913600,,
0,0,,0.476509,0.066808,0.037165,0.05068,0.05,0.052636,0.027804,0.057122,0.135369,0.045908,,1927000,,
0,0,,0.35152,0.053602,0.066886,0.020789,0.073616,0.05059,0.125752,0.067431,0.148121,0.041693,,1893400,,
0,0,,0.438002,0.030779,0.02957,0.027173,0.133951,0.021243,0.101111,0.048414,0.124416,0.04534,,1897500,,
0,0,,0.455305,0.052539,0.042168,0.03559,0.100106,0.03889,0.069155,0.066604,0.093747,0.045897,,1904100,,
0,0,,0.469045,0.044934,0.02969,0.024062,0.072712,0.027989,0.107371,0.050061,0.123342,0.050795,,1896100,,
0,0,,0.441913,0.073129,0.041726,0.034544,0.073936,0.021002,0.061658,0.083129,0.112122,0.05684,,1918200,,
0,0,,0.388549,0.063112,0.053221,0.027193,0.089586,0.03088,0.08948,0.056052,0.154097,0.04783,,1893800,,
0,0,,0.311276,0.049338,0.044927,0.039295,0.179336,0.036745,0.161712,0.054079,0.085477,0.037813,,1879700,,
0,0,,0.61627,0.032407,0.028927,0.023364,0.072563,0.030803,0.047183,0.05171,0.05296,0.043814,,1886600,,
0,0,,0.36,0.063244,0.031562,0.016042,0.155397,0.028234,0.164662,0.056307,0.082592,0.04196,,1888700,,
0,0,,0.368035,0.056183,0.06027,0.028931,0.075338,0.036965,0.100131,0.072966,0.148181,0.052998,,1883000,,
0,0,,0.625845,0.023499,0.02928,0.028591,0.069968,0.035953,0.047313,0.044278,0.049181,0.046093,,1885400,,
0,0,,0.546467,0.042839,0.037089,0.028623,0.068172,0.032854,0.059398,0.049408,0.093205,0.041945,,1884900,,
0,0,,0.418903,0.052248,0.023789,0.016373,0.115154,0.023345,0.160388,0.043037,0.087291,0.059471,,1879100,,
0,0,,0.347019,0.049117,0.039072,0.020773,0.141175,0.037485,0.197402,0.041412,0.079708,0.046837,,1841100,,
0,0,,0.505704,0.042513,0.02939,0.025666,0.065737,0.024471,0.094503,0.036708,0.127333,0.047974,,1835900,,
0,0,,0.379061,0.041306,0.032082,0.020504,0.161859,0.030284,0.154492,0.054719,0.087039,0.038654,,1845500,,
0,0,,0.482868,0.045348,0.031463,0.027297,0.054225,0.034768,0.110516,0.040435,0.124061,0.049018,,1832600,,
0,0,,0.216588,0.066073,0.044627,0.019987,0.137937,0.049415,0.169874,0.063276,0.111683,0.120539,,1836900,,
0,0,,0.350124,0.053638,0.033265,0.021196,0.164854,0.034505,0.149548,0.063867,0.089335,0.039666,,1829500,,
0,0,,0.474218,0.043858,0.038115,0.027693,0.086771,0.03897,0.082101,0.077405,0.090985,0.039884,,1832200,,
0,0,,0.424499,0.048558,0.068336,0.029741,0.068434,0.030062,0.091778,0.054831,0.141785,0.041975,,1859200,,
0,0,,0.44324,0.050839,0.037666,0.019724,0.087263,0.025382,0.126414,0.040817,0.121459,0.047198,,1836300,,
0,0,,0.391921,0.056877,0.034258,0.025908,0.086794,0.036947,0.145783,0.044878,0.13948,0.037154,,1832500,,
0,0,,0.475149,0.049656,0.037928,0.024124,0.116628,0.037107,0.063023,0.063356,0.092006,0.041022,,1838900,,
0,0,,0.363431,0.04435,0.041559,0.017739,0.075698,0.039783,0.150174,0.052948,0.149422,0.064894,,1844300,,
0,0,,0.406955,0.053932,0.055205,0.017638,0.098076,0.042156,0.07549,0.077402,0.124281,0.048865,,1831900,,
0,0,,0.371631,0.045221,0.039655,0.03011,0.1212,0.029321,0.176283,0.048111,0.094257,0.044211,,1832800,,
0,0,,0.425042,0.05066,0.032849,0.027907,0.097136,0.029288,0.119119,0.052579,0.11745,0.047971,,1832800,,
0,0,,0.486343,0.051548,0.035237,0.0237,0.093203,0.032885,0.058015,0.056779,0.097215,0.065076,,1852700,,
0,0,,0.342,0.055629,0.029886,0.0176,0.140034,0.027839,0.15515,0.080749,0.121162,0.029951,,1838100,,
0,0,,0.428379,0.051815,0.034193,0.014403,0.084285,0.022606,0.158225,0.047418,0.107202,0.051474,,1834400,,
0,0,,0.434214,0.049349,0.041906,0.019358,0.081017,0.026932,0.135238,0.043797,0.124363,0.043827,,1830900,,
0,0,,0.38775,0.070763,0.062277,0.038492,0.091522,0.045009,0.070639,0.088021,0.100261,0.045266,,1837800,,
0,0,,0.419725,0.041535,0.065795,0.024019,0.070434,0.034956,0.090516,0.06535,0.140884,0.046786,,1830500,,
0,0,,0.462647,0.06731,0.042837,0.028725,0.077225,0.026244,0.05073,0.08878,0.101257,0.054243,,1834100,,
0,0,,0.611296,0.025597,0.037668,0.017033,0.091906,0.03678,0.047667,0.047619,0.049015,0.035419,,1837400,,
0,0,,0.346226,0.055686,0.033954,0.027204,0.09622,0.035513,0.146938,0.088218,0.136492,0.033548,,1852300,,
0,0,,0.486344,0.043632,0.041264,0.03795,0.096775,0.044694,0.059166,0.058346,0.099913,0.031917,,1828500,,
0,0,,0.346837,0.063751,0.064858,0.030255,0.091945,0.053273,0.065257,0.062542,0.151923,0.069358,,1838200,,
0,0,,0.563254,0.038419,0.032161,0.031749,0.066068,0.028054,0.052308,0.068852,0.064781,0.054355,,1832400,,
0,0,,0.354677,0.054805,0.028033,0.01898,0.152468,0.034307,0.178709,0.051306,0.078425,0.04829,,1832100,,
0,0,,0.382489,0.060336,0.04106,0.023727,0.096383,0.030545,0.128963,0.046387,0.148598,0.041511,,1849200,,
0,0,,0.368252,0.045639,0.027454,0.018042,0.140819,0.048144,0.175725,0.053915,0.077218,0.044792,,1834500,,
0,0,,0.49532,0.040762,0.032502,0.020744,0.089249,0.021215,0.100301,0.039883,0.126054,0.03397,,1831000,,
0,0,,0.47949,0.051055,0.03769,0.029411,0.089222,0.034535,0.053936,0.064364,0.108085,0.052213,,1832600,,
0,0,,0.551649,0.029693,0.040891,0.026576,0.07243,0.0313,0.056776,0.068435,0.069834,0.052417,,1844700,,
0,0,,0.400795,0.05742,0.033329,0.019494,0.103312,0.026502,0.121961,0.052056,0.106545,0.078587,,1896300,,
0,0,,0.520897,0.051367,0.033503,0.016615,0.07442,0.0325,0.058149,0.061736,0.08863,0.062182,,1856100,,
0,0,,0.418791,0.038373,0.027022,0.027005,0.11826,0.033965,0.150667,0.048943,0.084437,0.052538,,1833800,,
0,0,,0.217047,0.111956,0.05879,0.087111,0.098567,0.050457,0.074846,0.105327,0.109344,0.086555,,1834200,,
0,0,,0.188965,0.056744,0.043355,0.020063,0.153965,0.054255,0.167,0.071955,0.106199,0.1375,,1848300,,
0,0,,0.479309,0.052186,0.026716,0.027967,0.071822,0.025427,0.095293,0.041698,0.142211,0.03737,,1834700,,
0,0,,0.417799,0.065707,0.041444,0.020525,0.063067,0.025014,0.141837,0.039749,0.122341,0.062517,,1829500,,
0,0,,0.376024,0.050455,0.028006,0.024782,0.144304,0.029182,0.159489,0.058036,0.08673,0.042991,,1860000,,
0,0,,0.423453,0.053803,0.026195,0.023147,0.11923,0.024057,0.145805,0.043206,0.089709,0.051396,,1859900,,
0,0,,0.276871,0.044056,0.050611,0.021436,0.131382,0.052505,0.18038,0.047025,0.115079,0.080655,,1857900,,
0,0,,0.354022,0.062297,0.03606,0.016894,0.132317,0.03987,0.165245,0.051489,0.089017,0.05279,,1833000,,
0,0,,0.401987,0.053747,0.0539,0.016615,0.103048,0.035755,0.076361,0.059153,0.137098,0.062336,,1847100,,
0,0,,0.416305,0.051248,0.037413,0.02678,0.113821,0.029394,0.128368,0.048919,0.101201,0.04655,,1843000,,
0,0,,0.422424,0.044764,0.062283,0.032136,0.061308,0.031736,0.08965,0.062193,0.14113,0.052375,,1856100,,
0,0,,0.376221,0.059778,0.031735,0.020022,0.134221,0.033621,0.185899,0.034722,0.077825,0.045955,,1843400,,
0,0,,0.501541,0.041181,0.035993,0.027334,0.077154,0.042921,0.072413,0.061276,0.095675,0.044513,,1858600,,
0,0,,0.334398,0.046757,0.042446,0.028029,0.139449,0.042094,0.186718,0.041375,0.087013,0.051721,,1841900,,
0,0,,0.453793,0.046474,0.04113,0.021634,0.068816,0.034304,0.140874,0.041976,0.104686,0.046313,,1850200,,
0,0,,0.328825,0.046694,0.060293,0.031116,0.097002,0.053944,0.089841,0.066056,0.18318,0.043049,,1849400,,
0,0,,0.345619,0.07754,0.053098,0.034134,0.088169,0.056625,0.052485,0.091085,0.118364,0.082881,,1845400,,
0,0,,0.408143,0.058249,0.04366,0.016714,0.094905,0.031165,0.147701,0.050408,0.106283,0.042774,,1842900,,
0,0,,0.405382,0.057643,0.028563,0.016373,0.114754,0.031507,0.154091,0.042755,0.085288,0.063645,,1855500,,
0,0,,0.546081,0.037843,0.044194,0.035008,0.067627,0.031657,0.092401,0.042871,0.051166,0.051152,,1845700,,
0,0,,0.38998,0.045351,0.03292,0.016832,0.138608,0.03665,0.165818,0.042564,0.092803,0.038474,,1866700,,
0,0,,0.43249,0.064931,0.036032,0.026741,0.091119,0.062498,0.056468,0.075573,0.114199,0.039949,,1834000,,
0,0,,0.469426,0.04288,0.036831,0.030758,0.124541,0.035039,0.065783,0.06639,0.087988,0.040366,,1827800,,
0,0,,0.412355,0.047635,0.035742,0.017488,0.112179,0.032009,0.162906,0.0462,0.079237,0.054248,,1831900,,
0,0,,0.638665,0.029553,0.029422,0.024254,0.054446,0.0292,0.047541,0.044105,0.051747,0.051067,,1831100,,
0,0,,0.377091,0.047167,0.029042,0.03025,0.086401,0.051209,0.138194,0.037904,0.144034,0.058707,,1837300,,
0,0,,0.374252,0.054371,0.028254,0.024273,0.12712,0.037237,0.156556,0.041582,0.080161,0.076196,,1839700,,
0,0,,0.363865,0.05183,0.032975,0.013396,0.142282,0.036958,0.167359,0.051197,0.090968,0.049169,,1857500,,
0,0,,0.481625,0.048824,0.03985,0.030042,0.107123,0.041045,0.063763,0.061186,0.090168,0.036372,,1869600,,
0,0,,0.326304,0.082401,0.048644,0.018825,0.095891,0.035057,0.092365,0.095689,0.151928,0.052896,,1852300,,
0,0,,0.644639,0.038047,0.029421,0.030997,0.050061,0.028637,0.04856,0.040194,0.04618,0.043264,,1851100,,
0,0,,0.346495,0.049262,0.0689,0.023462,0.118646,0.047584,0.142081,0.04635,0.122735,0.034485,,1834700,,
0,0,,0.390905,0.050751,0.046832,0.040052,0.142438,0.026855,0.131791,0.046138,0.09321,0.031028,,1845000,,
0,0,,0.390305,0.045689,0.025047,0.020674,0.127288,0.025811,0.188304,0.054927,0.079966,0.041988,,1846100,,
0,0,,0.381427,0.068557,0.049137,0.019613,0.115452,0.024425,0.152513,0.047559,0.113213,0.028104,,1856900,,
0,0,,0.379201,0.04879,0.02789,0.017375,0.132357,0.044775,0.152648,0.057036,0.088654,0.051273,,1854400,,
0,0,,0.528244,0.048891,0.050443,0.055685,0.058396,0.044223,0.056807,0.029468,0.080592,0.047252,,1858800,,
0,0,,0.645526,0.033915,0.026376,0.021884,0.051389,0.031804,0.049143,0.040398,0.048283,0.051283,,1840100,,
0,0,,0.512315,0.046271,0.029165,0.022029,0.060682,0.0243,0.099721,0.036835,0.123107,0.045574,,1836300,,
0,0,,0.440047,0.047757,0.033356,0.019949,0.091467,0.032059,0.133944,0.0522,0.107092,0.042129,,1835000,,
0,0,,0.468766,0.048476,0.031607,0.027626,0.10663,0.043521,0.075232,0.060108,0.095169,0.042865,,1831400,,
0,0,,0.221681,0.060761,0.043402,0.049126,0.11012,0.038834,0.153121,0.042317,0.11124,0.169396,,1840000,,
0,0,,0.449657,0.049573,0.040563,0.029557,0.095336,0.027777,0.12389,0.039111,0.107017,0.03752,,1839800,,
0,0,,0.474458,0.067171,0.042313,0.029854,0.067098,0.021283,0.057093,0.086305,0.102999,0.051427,,1843500,,
0,0,,0.407774,0.06458,0.024917,0.021828,0.133597,0.0234,0.153509,0.049854,0.073941,0.046599,,1841300,,
0,0,,0.405826,0.049706,0.027296,0.018999,0.132126,0.031049,0.157696,0.047462,0.084862,0.044978,,1831100,,
0,0,,0.48238,0.048834,0.02971,0.015959,0.098604,0.033057,0.100917,0.046072,0.107096,0.03737,,1829300,,
0,0,,0.49551,0.04673,0.034872,0.026121,0.074329,0.040856,0.066528,0.062891,0.102366,0.049796,,1830800,,
0,0,,0.305157,0.125202,0.066397,0.04762,0.102554,0.09027,0.032586,0.135604,0.050509,0.044102,,1833400,,
0,0,,0.428966,0.045623,0.026107,0.025598,0.114882,0.031995,0.149997,0.047693,0.086143,0.042995,,1833000,,
0,0,,0.607919,0.026943,0.030767,0.027007,0.075698,0.034157,0.053808,0.044279,0.045251,0.054173,,1835400,,
0,0,,0.428928,0.067638,0.044875,0.035945,0.094974,0.022284,0.06415,0.097691,0.100622,0.042894,,1835200,,
0,0,,0.419917,0.079747,0.042494,0.03506,0.073125,0.053812,0.061107,0.087261,0.104834,0.042641,,1878100,,
0,0,,0.453869,0.054162,0.037434,0.024462,0.07711,0.035977,0.121639,0.054242,0.098646,0.042457,,1849200,,
0,0,,0.42289,0.056927,0.039678,0.028683,0.112582,0.063935,0.075612,0.065982,0.096737,0.036973,,1847300,,
0,0,,0.407535,0.051737,0.031955,0.021921,0.132188,0.029311,0.157575,0.041602,0.087958,0.038218,,1830000,,
0,0,,0.54376,0.028348,0.028558,0.020485,0.074352,0.0482,0.097744,0.0545,0.065269,0.038783,,1830200,,
0,0,,0.409737,0.046383,0.029886,0.021642,0.125485,0.029366,0.168676,0.047786,0.079339,0.041699,,1841000,,
1,1,,0.022809,0.267844,0.072895,0.169337,0.049236,0.112859,0.016543,0.090113,0.060271,0.138092,,1841700,,
1,1,,0.068699,0.334385,0.064607,0.053262,0.058901,0.028457,0.083187,0.085351,0.198508,0.024645,,1829000,,
1,1,,0.059338,0.234116,0.060715,0.155626,0.064525,0.114477,0.033676,0.073519,0.05712,0.146889,,1836600,,
1,1,,0.049798,0.252039,0.069692,0.131132,0.066171,0.106168,0.080479,0.072757,0.054895,0.116868,,1851800,,
1,9,,0.027515,0.155595,0.076738,0.139469,0.039165,0.126664,0.03383,0.06503,0.054606,0.281387,,1832500,,
1,5,,0.008241,0.146872,0.095684,0.138101,0.134253,0.162143,0.071687,0.090231,0.04125,0.111538,,1831900,,
1,1,,0.011933,0.217082,0.118731,0.064274,0.110792,0.143476,0.061179,0.141791,0.078896,0.051847,,1838800,,
1,1,,0.044224,0.243105,0.063521,0.140355,0.108457,0.113449,0.025002,0.071524,0.059345,0.131018,,1831300,,
1,3,,0.056044,0.154444,0.071815,0.17626,0.073038,0.125242,0.044814,0.071279,0.100775,0.126291,,1831900,,
1,3,,0.010547,0.175426,0.091308,0.175712,0.101859,0.168819,0.044507,0.071468,0.041553,0.118801,,1833000,,
1,1,,0.011869,0.290167,0.151115,0.071945,0.095721,0.075365,0.01877,0.155514,0.096128,0.033406,,1831300,,
1,5,,0.008226,0.114484,0.093441,0.142337,0.103191,0.179053,0.041444,0.146733,0.045774,0.125318,,1853900,,
1,1,,0.112672,0.312324,0.091024,0.03778,0.053231,0.037945,0.043951,0.131158,0.153486,0.026431,,1845400,,
1,1,,0.039783,0.237237,0.092622,0.054109,0.174509,0.066899,0.0403,0.110445,0.133309,0.050788,,1834600,,
1,5,,0.012548,0.134127,0.150696,0.14843,0.050335,0.176137,0.076996,0.051485,0.047094,0.152153,,1845000,,
1,3,,0.009633,0.116142,0.152318,0.261786,0.046319,0.155601,0.026767,0.057338,0.051309,0.122788,,1842700,,
1,9,,0.050781,0.099852,0.076572,0.156174,0.051373,0.148439,0.026296,0.073512,0.082604,0.234397,,1832400,,
1,1,,0.045886,0.268654,0.062466,0.132407,0.072281,0.124096,0.026467,0.077226,0.071703,0.118815,,1839100,,
1,1,,0.04314,0.229919,0.066466,0.123693,0.094564,0.106791,0.047507,0.072978,0.05751,0.157431,,1839300,,
1,1,,0.050106,0.184824,0.062291,0.152411,0.069631,0.099668,0.048293,0.073057,0.120337,0.139381,,1858200,,
1,5,,0.008221,0.135438,0.155801,0.13381,0.039867,0.203439,0.072064,0.081253,0.03956,0.130548,,1848200,,
1,1,,0.009237,0.19486,0.162919,0.095725,0.070658,0.081187,0.057124,0.163361,0.069958,0.09497,,1834700,,
1,1,,0.026117,0.232062,0.131747,0.105891,0.055591,0.111868,0.084799,0.108899,0.06817,0.074856,,1848300,,
1,1,,0.01949,0.333947,0.057698,0.089205,0.055441,0.02293,0.02223,0.129568,0.226683,0.042808,,1854900,,
1,1,,0.022812,0.258757,0.118734,0.082504,0.083107,0.106938,0.021561,0.147994,0.089347,0.068247,,1832500,,
1,1,,0.08351,0.283874,0.108638,0.028638,0.0668,0.06755,0.09554,0.109749,0.139014,0.016688,,1838600,,
1,8,,0.058196,0.207112,0.098312,0.035064,0.101339,0.063891,0.121306,0.06555,0.215539,0.033691,,1837300,,
1,1,,0.01989,0.213198,0.174525,0.116651,0.064175,0.076174,0.057422,0.131177,0.080777,0.066012,,1835600,,
1,1,,0.016222,0.236812,0.145069,0.121057,0.073433,0.098937,0.033469,0.139092,0.071947,0.063961,,1846900,,
1,7,,0.035231,0.099358,0.161055,0.119988,0.075722,0.048133,0.029757,0.229248,0.088048,0.113459,,1867400,,
1,1,,0.0095,0.26728,0.096651,0.148294,0.061034,0.129028,0.024641,0.06987,0.056806,0.136897,,1853500,,
1,1,,0.034859,0.195248,0.063615,0.133831,0.14898,0.133018,0.054766,0.056391,0.06866,0.110633,,1856400,,
1,1,,0.040786,0.177771,0.153853,0.063424,0.0932,0.122318,0.075103,0.153141,0.082539,0.037866,,1854500,,
1,4,,0.048111,0.146638,0.099705,0.055534,0.17504,0.059078,0.128483,0.11361,0.10561,0.068192,,1842400,,
1,1,,0.090597,0.208043,0.124223,0.070497,0.058357,0.046727,0.051895,0.129212,0.18545,0.034999,,1843300,,
1,1,,0.010056,0.223614,0.159957,0.103342,0.104182,0.099785,0.031134,0.131811,0.072228,0.063891,,1864900,,
1,1,,0.012354,0.354778,0.058003,0.089912,0.062619,0.061425,0.067453,0.129062,0.140674,0.02372,,1844800,,
1,1,,0.012507,0.351947,0.107349,0.059292,0.053719,0.034765,0.018917,0.191485,0.140432,0.029586,,1861300,,
1,3,,0.01594,0.113202,0.084035,0.21079,0.139926,0.144586,0.047899,0.053276,0.029642,0.160703,,1846900,,
1,1,,0.032599,0.284577,0.143664,0.100996,0.074522,0.043945,0.020015,0.145368,0.107739,0.046575,,1844400,,
1,1,,0.063012,0.19917,0.122525,0.03689,0.077723,0.095433,0.102418,0.105205,0.167396,0.030228,,1845800,,
1,6,,0.096064,0.114526,0.077509,0.04037,0.196555,0.048063,0.230963,0.058218,0.117072,0.020658,,2549500,,
1,1,,0.008799,0.237948,0.149902,0.101896,0.06005,0.099632,0.03251,0.167604,0.08289,0.058771,,1864900,,
1,1,,0.10812,0.285731,0.036946,0.03025,0.152061,0.025552,0.181841,0.049634,0.107915,0.021951,,1862900,,
1,1,,0.034053,0.202261,0.083037,0.130624,0.052387,0.128077,0.038395,0.100787,0.061389,0.168991,,1844100,,
1,1,,0.025278,0.240015,0.077947,0.161694,0.060774,0.114033,0.024899,0.073195,0.052435,0.169731,,1832500,,
1,9,,0.026132,0.162333,0.078123,0.1467,0.075203,0.116516,0.04132,0.067934,0.058604,0.227134,,1853400,,
1,1,,0.085366,0.241082,0.057885,0.041206,0.154874,0.033233,0.173375,0.062599,0.123334,0.027047,,1849000,,
1,3,,0.014331,0.149835,0.130776,0.189231,0.056214,0.130247,0.04184,0.058739,0.047162,0.181626,,1835500,,
1,1,,0.065042,0.316644,0.090066,0.056653,0.077365,0.037031,0.07325,0.110687,0.146018,0.027244,,1836300,,
1,1,,0.009277,0.330988,0.136325,0.074598,0.064951,0.061862,0.044046,0.159906,0.043929,0.074118,,1837300,,
1,1,,0.029455,0.264538,0.072034,0.168287,0.05777,0.104225,0.034089,0.069023,0.058166,0.142414,,1840700,,
1,1,,0.016103,0.249322,0.09286,0.169555,0.059633,0.12417,0.043056,0.06043,0.052763,0.132107,,1835900,,
1,4,,0.025484,0.159784,0.136792,0.060288,0.1774,0.105071,0.09025,0.123472,0.069199,0.05226,,1836700,,
1,1,,0.053192,0.269946,0.067225,0.130219,0.06625,0.121218,0.042627,0.077761,0.05419,0.117372,,1845500,,
1,1,,0.036862,0.227903,0.063549,0.140433,0.146238,0.113821,0.07414,0.063297,0.035139,0.098618,,1833500,,
1,7,,0.029399,0.121929,0.102579,0.157359,0.051697,0.102819,0.035609,0.177278,0.060167,0.161162,,1831500,,
1,1,,0.028192,0.255858,0.081717,0.171798,0.055166,0.103764,0.034932,0.066633,0.063843,0.138096,,1832000,,
1,8,,0.099919,0.162481,0.135085,0.040543,0.086371,0.076841,0.097943,0.106687,0.166127,0.028003,,1834000,,
1,1,,0.13617,0.209648,0.040736,0.044837,0.124175,0.022079,0.130564,0.064689,0.20469,0.022412,,1860100,,
1,1,,0.024866,0.261921,0.078959,0.156967,0.06542,0.10331,0.028516,0.070855,0.059914,0.149272,,1827600,,
1,6,,0.071328,0.218425,0.053602,0.035374,0.140511,0.052131,0.247921,0.049655,0.109282,0.02177,,1828800,,
1,1,,0.026933,0.273888,0.084257,0.157259,0.046143,0.116111,0.030606,0.069463,0.057563,0.137776,,1818600,,
1,9,,0.035273,0.147099,0.082192,0.133994,0.099688,0.118578,0.067566,0.09294,0.044576,0.178093,,1839900,,
1,1,,0.035223,0.286263,0.095272,0.072239,0.103403,0.051111,0.027848,0.191805,0.096972,0.039865,,1831300,,
1,1,,0.132728,0.214903,0.05876,0.04368,0.108419,0.034554,0.090822,0.105601,0.172139,0.038394,,1832500,,
1,1,,0.066317,0.346137,0.062544,0.0477,0.045966,0.024919,0.086492,0.089596,0.201783,0.028546,,1827200,,
1,1,,0.033566,0.255252,0.074602,0.131338,0.057908,0.127942,0.046555,0.082879,0.057298,0.132659,,1859300,,
1,1,,0.036376,0.469104,0.075127,0.060008,0.074736,0.046933,0.023759,0.073672,0.100034,0.040251,,1836600,,
1,3,,0.008603,0.170137,0.117024,0.180371,0.076529,0.134109,0.046642,0.079601,0.065589,0.121394,,1817000,,
1,8,,0.119631,0.175438,0.072311,0.038515,0.083064,0.099527,0.134634,0.068626,0.188581,0.019673,,1823800,,
1,9,,0.02042,0.130828,0.09352,0.202219,0.050758,0.138028,0.029415,0.063902,0.05982,0.211088,,1826900,,
1,1,,0.010454,0.202847,0.166838,0.097557,0.095332,0.067196,0.029236,0.165219,0.066619,0.098702,,1829700,,
1,1,,0.028189,0.325578,0.133345,0.095503,0.08137,0.044936,0.023817,0.136053,0.074917,0.056292,,1834400,,
1,5,,0.01431,0.112786,0.102119,0.118632,0.11599,0.16435,0.086578,0.056033,0.11659,0.112611,,1833400,,
1,1,,0.111282,0.244734,0.049309,0.037991,0.139488,0.029845,0.19447,0.061978,0.108016,0.022888,,1828800,,
1,1,,0.070618,0.287763,0.115181,0.052536,0.071008,0.026043,0.069816,0.128922,0.1485,0.029613,,1853800,,
1,1,,0.017561,0.185473,0.065872,0.139595,0.172369,0.123811,0.038288,0.105073,0.040523,0.111435,,1832300,,
1,1,,0.13264,0.251366,0.031169,0.037999,0.128118,0.016693,0.19168,0.057358,0.129202,0.023774,,1832700,,
1,1,,0.01434,0.242575,0.136838,0.117258,0.05155,0.068718,0.031908,0.176295,0.094997,0.065521,,1832000,,
1,1,,0.140765,0.264927,0.1053,0.034966,0.082824,0.042513,0.083826,0.079812,0.149063,0.016004,,1842100,,
1,9,,0.058801,0.086162,0.066692,0.143827,0.069797,0.130224,0.047099,0.057276,0.069127,0.270997,,1830900,,
1,1,,0.123602,0.188119,0.079492,0.02537,0.118436,0.077874,0.137672,0.089424,0.143995,0.016017,,1829900,,
1,9,,0.023489,0.164752,0.086167,0.164255,0.036165,0.112869,0.033318,0.065845,0.055973,0.257167,,1829200,,
1,1,,0.061329,0.275782,0.065583,0.135829,0.055709,0.108547,0.03598,0.069616,0.06758,0.124045,,1853400,,
1,1,,0.013073,0.248481,0.097637,0.188328,0.048148,0.102769,0.035312,0.061318,0.054698,0.150237,,1827700,,
1,8,,0.115155,0.176577,0.103252,0.029744,0.066034,0.076379,0.164594,0.051625,0.187851,0.028789,,1831500,,
1,1,,0.050122,0.257808,0.063459,0.053423,0.182143,0.047141,0.067199,0.108949,0.126957,0.042799,,1835700,,
1,1,,0.017569,0.270741,0.094449,0.148295,0.072003,0.13918,0.033142,0.060071,0.042974,0.121576,,1829200,,
1,1,,0.065434,0.236745,0.05912,0.139245,0.06159,0.111555,0.050546,0.076315,0.052021,0.147429,,1831600,,
1,1,,0.030511,0.242837,0.05612,0.125568,0.066171,0.108239,0.040063,0.094782,0.063035,0.172674,,1830500,,
1,6,,0.116746,0.137124,0.069824,0.039252,0.166719,0.075076,0.233274,0.037858,0.092724,0.031403,,1830800,,
1,1,,0.019824,0.260571,0.084821,0.127972,0.06412,0.114252,0.025005,0.071086,0.052115,0.180234,,1848700,,
1,1,,0.048736,0.260465,0.07152,0.151292,0.077184,0.102971,0.043702,0.075574,0.045864,0.122693,,1836200,,
1,1,,0.02291,0.210574,0.131816,0.113757,0.094818,0.086807,0.04108,0.137486,0.095743,0.06501,,1832000,,
1,5,,0.008221,0.104037,0.118004,0.144042,0.093619,0.194248,0.043798,0.13823,0.040933,0.114869,,1835000,,
1,7,,0.032022,0.109537,0.13603,0.12239,0.104612,0.129278,0.068499,0.13806,0.094905,0.064666,,1836400,,
1,1,,0.037308,0.335394,0.114285,0.036202,0.075315,0.121557,0.08928,0.063598,0.089509,0.037552,,1833400,,
1,1,,0.022941,0.226939,0.088142,0.114485,0.084299,0.175767,0.078011,0.05744,0.045683,0.106294,,1849000,,
1,6,,0.082733,0.079111,0.072238,0.027171,0.191167,0.074739,0.30823,0.04941,0.097112,0.018088,,1825800,,
1,7,,0.018236,0.146577,0.151283,0.101346,0.104399,0.072341,0.03075,0.189587,0.111957,0.073525,,1834400,,
1,1,,0.128737,0.262194,0.073394,0.036101,0.10409,0.047825,0.093265,0.082458,0.151853,0.020083,,1827700,,
1,1,,0.14753,0.259534,0.042396,0.036495,0.06092,0.021291,0.114889,0.055456,0.218794,0.042696,,1821700,,
1,1,,0.052131,0.229786,0.071651,0.13797,0.087776,0.112868,0.053907,0.066891,0.052955,0.134064,,1829800,,
1,5,,0.013854,0.140555,0.12991,0.1435,0.066263,0.177204,0.089362,0.063902,0.05579,0.119659,,1833100,,
1,1,,0.013742,0.205966,0.103864,0.171093,0.099564,0.132055,0.036968,0.065729,0.05314,0.117881,,1826600,,
1,9,,0.048524,0.154095,0.071041,0.140211,0.083552,0.140341,0.050638,0.068991,0.076649,0.165958,,1832200,,
1,1,,0.026553,0.202281,0.081955,0.13768,0.074842,0.166651,0.073123,0.057822,0.051142,0.127951,,1836700,,
1,8,,0.120277,0.167914,0.091764,0.04008,0.077519,0.041425,0.094006,0.078923,0.236574,0.051518,,1857300,,
1,1,,0.039132,0.290981,0.089458,0.047103,0.151981,0.066223,0.041467,0.142135,0.104943,0.026577,,1830000,,
1,1,,0.018849,0.296203,0.066568,0.149435,0.065262,0.133719,0.032621,0.066427,0.062742,0.108173,,1826500,,
1,1,,0.044531,0.163027,0.130898,0.091833,0.082697,0.106846,0.073409,0.160721,0.090571,0.055468,,1839700,,
1,1,,0.019065,0.322251,0.107977,0.086916,0.092213,0.067429,0.025686,0.146937,0.101469,0.030057,,1833300,,
1,1,,0.093815,0.302844,0.056887,0.038459,0.100196,0.024392,0.155652,0.05587,0.155862,0.016024,,1833700,,
1,1,,0.017451,0.345828,0.097615,0.05788,0.071095,0.039836,0.071883,0.066493,0.211857,0.02006,,1835100,,
2,2,,0.032226,0.123647,0.208225,0.168439,0.070003,0.078796,0.031562,0.14862,0.086738,0.051744,,1932500,,
2,2,,0.018262,0.099273,0.203972,0.185968,0.041459,0.138443,0.04403,0.072639,0.055553,0.140401,,2212300,,
2,2,,0.008309,0.128667,0.235822,0.176529,0.039548,0.141913,0.037774,0.063054,0.051547,0.116838,,2186500,,
2,3,,0.065243,0.098298,0.156075,0.185351,0.062388,0.133897,0.06987,0.071841,0.045306,0.111732,,2181900,,
2,2,,0.019432,0.092953,0.18846,0.146275,0.055414,0.110526,0.028789,0.168313,0.090959,0.09888,,2187100,,
2,2,,0.019484,0.128961,0.251612,0.143466,0.075333,0.089612,0.03554,0.138692,0.068381,0.048918,,2192300,,
2,3,,0.014031,0.107473,0.176668,0.243106,0.032768,0.14555,0.028283,0.060919,0.032875,0.158327,,2186600,,
2,2,,0.009484,0.0974,0.23527,0.171641,0.045977,0.131236,0.034083,0.07026,0.084739,0.119909,,2186700,,
2,2,,0.008522,0.106944,0.295376,0.119706,0.044109,0.115156,0.04318,0.145776,0.05631,0.064922,,2245300,,
2,2,,0.009527,0.087191,0.359852,0.086037,0.061717,0.080345,0.048137,0.121016,0.104527,0.041651,,2191500,,
2,2,,0.019168,0.098662,0.224863,0.208174,0.038483,0.137036,0.035779,0.066078,0.03973,0.132025,,2175400,,
2,5,,0.00814,0.107394,0.151894,0.149815,0.054058,0.197186,0.076323,0.077331,0.052672,0.125187,,2189300,,
2,2,,0.019856,0.104191,0.256439,0.132207,0.058581,0.077049,0.025878,0.167991,0.069908,0.087901,,2190800,,
2,2,,0.008221,0.084186,0.280423,0.166525,0.04989,0.118842,0.058467,0.109459,0.048434,0.075553,,2192300,,
2,6,,0.115349,0.051014,0.143616,0.042065,0.075255,0.102888,0.211158,0.032374,0.144949,0.081334,,2198200,,
2,2,,0.01177,0.08516,0.189674,0.126938,0.047168,0.176673,0.07679,0.108121,0.073506,0.1042,,2190200,,
2,8,,0.054412,0.08458,0.13198,0.083132,0.04022,0.067295,0.081089,0.067573,0.334048,0.055671,,2185900,,
2,2,,0.013711,0.098488,0.273835,0.078739,0.068924,0.117884,0.067937,0.130974,0.041418,0.10809,,2190400,,
2,2,,0.017105,0.099347,0.261082,0.120149,0.09636,0.073572,0.024369,0.158397,0.093552,0.056067,,2187600,,
2,8,,0.14217,0.106732,0.134039,0.086386,0.070258,0.026382,0.161808,0.061156,0.173049,0.03802,,2194800,,
2,2,,0.042014,0.075487,0.205774,0.08103,0.131212,0.046392,0.066631,0.093671,0.195352,0.062437,,2191100,,
2,2,,0.009517,0.093924,0.234895,0.158546,0.036294,0.171419,0.050787,0.069941,0.037113,0.137563,,2179500,,
2,2,,0.01907,0.139517,0.256802,0.07491,0.070437,0.112383,0.07441,0.129572,0.074334,0.048563,,2211700,,
2,2,,0.036486,0.061229,0.226904,0.071691,0.082511,0.110541,0.160579,0.037957,0.175814,0.036287,,2187500,,
2,2,,0.009484,0.129997,0.197554,0.180663,0.047135,0.154753,0.027106,0.077706,0.058317,0.117284,,1941300,,
2,2,,0.010171,0.098621,0.206004,0.183209,0.04705,0.180814,0.029134,0.070661,0.053872,0.120464,,1833800,,
2,2,,0.018541,0.091278,0.18411,0.173668,0.040969,0.133918,0.042718,0.062369,0.101273,0.151158,,1822600,,
2,8,,0.070564,0.132385,0.152699,0.078791,0.098037,0.031252,0.06797,0.116675,0.180235,0.071393,,1834100,,
2,2,,0.010048,0.104947,0.213968,0.176988,0.056801,0.104947,0.054246,0.125513,0.088331,0.064211,,1836400,,
2,8,,0.096107,0.099213,0.147894,0.084919,0.093897,0.043913,0.164883,0.041277,0.169326,0.058571,,1836000,,
2,8,,0.109606,0.101462,0.142846,0.075418,0.077813,0.045405,0.172964,0.046921,0.191851,0.035714,,1873800,,
2,3,,0.010271,0.089796,0.195935,0.203632,0.039824,0.176797,0.04864,0.057651,0.037864,0.139591,,1840800,,
2,2,,0.021395,0.10652,0.236188,0.143323,0.094906,0.066996,0.037714,0.128092,0.111505,0.053361,,1829400,,
2,2,,0.029501,0.106921,0.215943,0.078709,0.091157,0.106635,0.080453,0.14352,0.078705,0.068455,,1834000,,
2,2,,0.011479,0.09878,0.243372,0.160068,0.033253,0.160117,0.058137,0.060412,0.046989,0.127394,,1831300,,
2,2,,0.021191,0.100641,0.207207,0.087775,0.073696,0.127137,0.055039,0.135388,0.081145,0.110781,,1831700,,
2,2,,0.102932,0.096582,0.180797,0.033831,0.058164,0.09563,0.117584,0.100887,0.118578,0.095015,,1833200,,
2,2,,0.025036,0.107881,0.191828,0.164071,0.040429,0.118823,0.065189,0.086619,0.053784,0.146341,,1834600,,
2,2,,0.016134,0.091897,0.227944,0.163529,0.049892,0.094199,0.022518,0.154556,0.085402,0.09393,,1859700,,
2,6,,0.214778,0.049816,0.06648,0.014889,0.165222,0.071549,0.276606,0.028822,0.083865,0.027973,,1856000,,
2,8,,0.088971,0.100109,0.178997,0.049726,0.068005,0.10763,0.059709,0.118727,0.185368,0.042758,,1833000,,
2,3,,0.022339,0.10199,0.158808,0.172887,0.06381,0.122353,0.028846,0.111123,0.08055,0.137294,,1838600,,
2,2,,0.118932,0.055272,0.233154,0.031438,0.092286,0.075701,0.143766,0.07173,0.141975,0.035747,,1831900,,
2,8,,0.061046,0.127491,0.203384,0.091736,0.038522,0.035773,0.03542,0.14973,0.216868,0.04003,,1836600,,
2,2,,0.079576,0.091896,0.268277,0.06675,0.056359,0.085986,0.078617,0.124389,0.100984,0.047165,,1827100,,
2,2,,0.014171,0.109104,0.222976,0.169216,0.082287,0.098452,0.042005,0.13108,0.080176,0.050533,,1830600,,
2,3,,0.023345,0.083376,0.184713,0.192796,0.033566,0.1483,0.047051,0.091971,0.03592,0.158961,,1854600,,
2,2,,0.019491,0.131467,0.248942,0.097721,0.068233,0.079535,0.054548,0.157776,0.096886,0.0454,,1835500,,
2,2,,0.133284,0.0827,0.180606,0.056393,0.145431,0.059986,0.074955,0.055324,0.150963,0.060359,,1846200,,
2,8,,0.076795,0.064319,0.160189,0.077643,0.080675,0.068916,0.084648,0.077782,0.244392,0.064641,,1839200,,
2,2,,0.125405,0.067547,0.189598,0.030369,0.10552,0.099586,0.107503,0.060945,0.126703,0.086825,,1834200,,
2,2,,0.024083,0.098521,0.219763,0.17656,0.049232,0.085719,0.030311,0.123945,0.068576,0.123289,,1837600,,
2,9,,0.08948,0.065856,0.159162,0.162197,0.076164,0.118487,0.058036,0.062637,0.036841,0.171141,,1835800,,
2,2,,0.021922,0.091117,0.210619,0.18881,0.043118,0.108698,0.038988,0.073502,0.055452,0.167773,,1827900,,
2,6,,0.110083,0.062423,0.124796,0.074391,0.110326,0.066151,0.18367,0.042204,0.138138,0.08782,,1853700,,
2,2,,0.010717,0.093284,0.29516,0.102439,0.084723,0.09544,0.053958,0.121843,0.079304,0.063131,,1831200,,
2,2,,0.094776,0.098243,0.197598,0.042165,0.102198,0.088773,0.155944,0.043531,0.141276,0.035497,,1843200,,
2,2,,0.012013,0.088926,0.256112,0.105069,0.10148,0.114585,0.055838,0.121662,0.077117,0.067199,,1845700,,
2,8,,0.054619,0.109404,0.138652,0.096722,0.036607,0.047936,0.117917,0.04789,0.290715,0.059537,,1834100,,
2,8,,0.118236,0.086243,0.075333,0.049634,0.062629,0.046065,0.128945,0.086172,0.263109,0.083635,,1833600,,
2,2,,0.020198,0.088801,0.265238,0.142752,0.071351,0.046172,0.041969,0.13984,0.128916,0.054762,,1835600,,
2,2,,0.009529,0.114411,0.189803,0.187106,0.04868,0.110517,0.026756,0.120816,0.070145,0.122238,,1832400,,
2,2,,0.010728,0.105925,0.232163,0.196154,0.037028,0.123996,0.057464,0.065537,0.048154,0.122852,,1851700,,
2,2,,0.022621,0.141434,0.21507,0.128919,0.081431,0.077037,0.033274,0.151255,0.083297,0.065662,,1837300,,
2,8,,0.093923,0.078128,0.16576,0.097463,0.073199,0.057169,0.126892,0.069898,0.195867,0.041701,,1836500,,
2,2,,0.008221,0.086536,0.238231,0.11057,0.069512,0.149297,0.046831,0.129257,0.080031,0.081512,,1845900,,
2,2,,0.0285,0.121362,0.226807,0.132093,0.096854,0.069393,0.038327,0.133754,0.089666,0.063243,,1838800,,
2,2,,0.00814,0.088824,0.255029,0.151564,0.044786,0.167309,0.060021,0.062329,0.052686,0.109313,,1832800,,
2,2,,0.01987,0.105877,0.235317,0.117347,0.058129,0.094076,0.038063,0.159294,0.104703,0.067326,,1835000,,
2,2,,0.048673,0.122353,0.264078,0.109548,0.061429,0.056781,0.034118,0.095796,0.127244,0.079981,,1836500,,
2,2,,0.008237,0.135729,0.276454,0.093923,0.048224,0.11159,0.042691,0.132586,0.091203,0.059363,,1851700,,
2,2,,0.023167,0.065207,0.33502,0.106118,0.04578,0.042696,0.029112,0.115529,0.190764,0.046609,,1838600,,
2,2,,0.008599,0.09235,0.221043,0.106329,0.044827,0.179629,0.070461,0.125874,0.080825,0.070064,,1840800,,
2,8,,0.081125,0.065416,0.162902,0.056677,0.07575,0.049171,0.080557,0.104027,0.260245,0.06413,,1841700,,
2,3,,0.021549,0.110021,0.164042,0.180454,0.047303,0.115999,0.041235,0.068595,0.082811,0.167991,,1833400,,
2,2,,0.021681,0.096788,0.187873,0.17449,0.042166,0.119152,0.043361,0.095561,0.062924,0.156003,,1837200,,
2,2,,0.023836,0.100483,0.225303,0.140647,0.055059,0.089954,0.047251,0.124718,0.098352,0.094397,,1832600,,
2,8,,0.042523,0.084597,0.19811,0.072598,0.039688,0.09996,0.111121,0.052053,0.249792,0.049558,,1830900,,
2,2,,0.029727,0.227206,0.250532,0.116582,0.038194,0.047796,0.045142,0.076049,0.114147,0.054624,,1856600,,
2,2,,0.013933,0.111952,0.347285,0.097149,0.042152,0.046349,0.035491,0.144962,0.11431,0.046418,,3258700,,
2,2,,0.009237,0.095771,0.253095,0.136353,0.060567,0.11881,0.054707,0.106588,0.092554,0.072317,,2673100,,
2,3,,0.010969,0.112617,0.15391,0.199014,0.075047,0.128391,0.041554,0.092522,0.058732,0.127244,,2693400,,
2,3,,0.010032,0.104552,0.16383,0.20413,0.044055,0.121873,0.025259,0.15231,0.04989,0.124069,,2672000,,
2,8,,0.096338,0.094146,0.087,0.056885,0.116373,0.044677,0.164355,0.074936,0.232088,0.033202,,2638100,,
2,2,,0.040309,0.071739,0.216965,0.1211,0.064602,0.069376,0.03861,0.136875,0.079468,0.160955,,2513500,,
2,2,,0.12515,0.076747,0.169922,0.050988,0.120777,0.055457,0.116785,0.061574,0.162792,0.059808,,1838100,,
2,3,,0.0095,0.124957,0.168781,0.185665,0.060899,0.145387,0.042998,0.106289,0.047842,0.107683,,1837400,,
2,0,,0.274865,0.058422,0.140936,0.03325,0.054525,0.086596,0.091182,0.026353,0.168036,0.065835,,1880500,,
2,6,,0.10306,0.085905,0.178997,0.040093,0.065445,0.086196,0.194102,0.045914,0.157457,0.04283,,1883800,,
2,0,,0.195381,0.103007,0.094696,0.040981,0.102812,0.065073,0.09031,0.082731,0.181615,0.043393,,1858300,,
2,2,,0.010394,0.104202,0.228283,0.170479,0.05138,0.133552,0.0388,0.070596,0.075661,0.116654,,1856700,,
2,2,,0.014954,0.088269,0.244345,0.065264,0.11752,0.116307,0.071315,0.11278,0.072541,0.096703,,1861200,,
2,6,,0.182989,0.063112,0.081509,0.02719,0.157364,0.045239,0.265905,0.029765,0.099358,0.047568,,1851200,,
2,2,,0.018541,0.130736,0.167412,0.165069,0.073489,0.151421,0.043506,0.06678,0.054442,0.128603,,1843500,,
2,8,,0.040814,0.096759,0.221777,0.059081,0.047585,0.095207,0.107998,0.044437,0.252976,0.033366,,1846700,,
2,6,,0.152552,0.081446,0.073984,0.039671,0.15172,0.074842,0.181503,0.068845,0.143243,0.032194,,1842400,,
2,2,,0.009199,0.111864,0.230718,0.071575,0.113881,0.110924,0.097365,0.123036,0.068035,0.063402,,1866500,,
2,9,,0.059488,0.071371,0.111796,0.163309,0.071427,0.12419,0.028771,0.090164,0.043132,0.236352,,1850400,,
2,6,,0.07986,0.080453,0.137074,0.025915,0.108925,0.126391,0.261041,0.031157,0.117493,0.031691,,1844000,,
2,3,,0.01892,0.114464,0.165307,0.199034,0.07592,0.119825,0.031918,0.100868,0.04695,0.126794,,1842400,,
2,6,,0.144007,0.084252,0.129903,0.058416,0.102229,0.045757,0.165878,0.059915,0.157138,0.052504,,1863500,,
2,2,,0.078768,0.099345,0.227017,0.058565,0.059429,0.082791,0.050512,0.137345,0.128815,0.077413,,1839100,,
2,2,,0.090622,0.09622,0.216145,0.073591,0.100688,0.085043,0.069102,0.104068,0.124905,0.039616,,1843700,,
2,8,,0.114091,0.098094,0.092634,0.086904,0.06523,0.048491,0.157969,0.052898,0.209784,0.073904,,1840100,,
2,2,,0.010731,0.100454,0.210708,0.090257,0.092633,0.121361,0.07489,0.123771,0.118449,0.056745,,1843600,,
2,3,,0.011284,0.09307,0.213358,0.21349,0.039543,0.113382,0.035228,0.079911,0.072517,0.128216,,1850100,,
2,2,,0.092418,0.092044,0.211855,0.078676,0.096027,0.066829,0.046156,0.12312,0.127693,0.065182,,1844200,,
2,2,,0.012354,0.067324,0.307259,0.064593,0.040031,0.062835,0.069657,0.149558,0.153031,0.073359,,1845700,,
2,8,,0.07278,0.174079,0.151112,0.057604,0.046643,0.049065,0.114945,0.080225,0.212408,0.041138,,1868200,,
2,2,,0.01614,0.077878,0.245804,0.15761,0.046988,0.104922,0.075676,0.107462,0.091234,0.076286,,1852200,,
2,2,,0.117535,0.098146,0.265979,0.053078,0.080501,0.067503,0.059397,0.098192,0.113663,0.046005,,1845000,,
2,2,,0.040545,0.092698,0.209549,0.185728,0.036793,0.114525,0.036803,0.075651,0.054313,0.153395,,1844900,,
3,3,,0.029917,0.093094,0.103862,0.28464,0.03293,0.123995,0.046952,0.070912,0.059223,0.154475,,1841300,,
3,3,,0.020161,0.100176,0.12726,0.253966,0.038633,0.113529,0.026974,0.068192,0.048531,0.202579,,1854400,,
3,8,,0.145049,0.099627,0.120544,0.063627,0.052093,0.071635,0.040878,0.111789,0.149358,0.1454,,1843300,,
3,7,,0.030962,0.095042,0.143953,0.166036,0.095648,0.053205,0.034437,0.191929,0.114197,0.074592,,1845400,,
3,2,,0.029138,0.091579,0.178686,0.154772,0.052764,0.084614,0.028039,0.164984,0.123281,0.092142,,1870600,,
3,3,,0.016658,0.106476,0.082853,0.212544,0.049742,0.130134,0.015266,0.115681,0.079767,0.190879,,1839000,,
3,3,,0.022015,0.091355,0.116758,0.235628,0.038387,0.116805,0.024089,0.069268,0.061341,0.224355,,1830600,,
3,3,,0.029657,0.093534,0.086885,0.25299,0.046378,0.136649,0.016321,0.084046,0.039701,0.213839,,1836800,,
3,3,,0.028819,0.091814,0.136672,0.237523,0.036114,0.109935,0.033167,0.073778,0.102666,0.149514,,1830400,,
3,3,,0.011418,0.112208,0.115193,0.234006,0.049252,0.199865,0.0173,0.067277,0.044304,0.149177,,1840800,,
3,3,,0.025356,0.100054,0.089651,0.242539,0.054174,0.134365,0.018125,0.122607,0.07117,0.141959,,1856000,,
3,3,,0.030015,0.094351,0.120629,0.219058,0.031233,0.150741,0.019887,0.078387,0.065991,0.189707,,1840900,,
3,3,,0.047312,0.108661,0.082563,0.233476,0.049611,0.148786,0.015703,0.083202,0.068639,0.162046,,1837600,,
3,3,,0.032417,0.084671,0.086813,0.315171,0.037443,0.120849,0.026161,0.075101,0.049849,0.171525,,1839200,,
3,7,,0.035319,0.12291,0.149966,0.172622,0.095704,0.055515,0.02458,0.173911,0.103828,0.065645,,1837900,,
3,5,,0.013591,0.141428,0.104662,0.183358,0.052373,0.191523,0.053602,0.045916,0.059474,0.154073,,1841000,,
3,3,,0.02492,0.074294,0.115029,0.251593,0.03881,0.170886,0.016517,0.079763,0.033147,0.195041,,1836700,,
3,3,,0.025754,0.08448,0.087133,0.247706,0.038708,0.127106,0.026326,0.090718,0.052835,0.219232,,1827900,,
3,3,,0.009034,0.08255,0.097548,0.259952,0.053799,0.189192,0.039977,0.055994,0.042668,0.169285,,1830900,,
3,3,,0.009702,0.101074,0.141074,0.272203,0.040285,0.140742,0.025806,0.054832,0.037837,0.176444,,1847500,,
3,5,,0.02136,0.166333,0.073948,0.151456,0.056318,0.182592,0.062379,0.07909,0.044355,0.162171,,1847600,,
3,3,,0.01792,0.088058,0.118218,0.242805,0.046574,0.113976,0.020958,0.078494,0.063782,0.209216,,1841900,,
3,3,,0.030685,0.096983,0.119272,0.245985,0.052978,0.152417,0.013956,0.074584,0.064986,0.148153,,1848000,,
3,6,,0.170648,0.049317,0.057956,0.068861,0.133274,0.055657,0.2,0.060567,0.141003,0.062717,,1845900,,
3,3,,0.012661,0.089451,0.116999,0.234639,0.07237,0.157285,0.024644,0.064109,0.072841,0.155002,,1831300,,
3,3,,0.018608,0.101675,0.087504,0.304694,0.034539,0.119674,0.023112,0.069209,0.065029,0.175956,,1840100,,
3,3,,0.011667,0.08452,0.128509,0.319873,0.043104,0.155292,0.022487,0.053589,0.033933,0.147027,,1845700,,
3,3,,0.019601,0.077541,0.133347,0.249812,0.030095,0.131027,0.022471,0.080481,0.084362,0.171264,,1836800,,
3,9,,0.129228,0.070436,0.127945,0.121147,0.04837,0.02614,0.10069,0.060586,0.140355,0.175103,,1834900,,
3,3,,0.046258,0.123791,0.152292,0.170822,0.082023,0.04826,0.036895,0.157561,0.110467,0.07163,,1856300,,
3,3,,0.019563,0.09251,0.125277,0.247889,0.039379,0.125631,0.034836,0.076662,0.042469,0.195784,,1837700,,
3,7,,0.012384,0.092823,0.169859,0.092327,0.06476,0.10449,0.036931,0.195674,0.090064,0.140689,,1849000,,
3,7,,0.02637,0.080368,0.14377,0.137094,0.076575,0.125108,0.019813,0.192385,0.127932,0.070585,,1846800,,
3,3,,0.015375,0.086822,0.096821,0.219376,0.04747,0.211399,0.044504,0.074259,0.062408,0.141564,,1828700,,
3,3,,0.029991,0.107314,0.097455,0.252405,0.053089,0.115746,0.02384,0.099992,0.057268,0.1629,,1832600,,
3,3,,0.042738,0.116341,0.078446,0.234087,0.054111,0.119186,0.024582,0.10894,0.054422,0.167147,,1826100,,
3,3,,0.030678,0.097331,0.078364,0.225317,0.031955,0.138467,0.022681,0.087192,0.064912,0.223103,,1849800,,
3,3,,0.014203,0.107487,0.115691,0.286441,0.03708,0.129609,0.031186,0.09776,0.053131,0.127412,,1840100,,
3,5,,0.009105,0.135645,0.079091,0.156122,0.100987,0.195485,0.08755,0.067265,0.051873,0.116877,,1841000,,
3,3,,0.027578,0.098611,0.102638,0.256594,0.058619,0.133282,0.018176,0.106838,0.057966,0.139697,,1832700,,
