optdigits,LADTree,test,0,NANOSECONDS,PREDICTIONS, Generated by ClassifierExperiments.java on 2022-05-16 13:17:38.    SYSTEMPROPERTIES:{user.name:matth,os.arch:amd64,os.name:Windows 10},ENDSYSTEMPROPERTIES
No parameter info
0.787422497785651,3083362700,2075454800,-1,101823040,10,,-1,-1
0,0,,0.390082,0.059886,0.024231,0.01706,0.125594,0.041538,0.170664,0.045946,0.075856,0.049142,,2018000,,
0,0,,0.369688,0.046499,0.025653,0.015106,0.125836,0.025619,0.191726,0.050651,0.086426,0.062795,,1855600,,
0,6,,0.241635,0.060767,0.028364,0.081875,0.149318,0.038042,0.254234,0.032011,0.084865,0.02889,,1832100,,
0,0,,0.374881,0.036215,0.055838,0.022221,0.079929,0.040385,0.104812,0.07727,0.12672,0.081729,,1823000,,
0,0,,0.248127,0.123465,0.101346,0.058042,0.105924,0.11767,0.031563,0.100856,0.059137,0.053869,,1850500,,
0,0,,0.235303,0.063661,0.025922,0.011854,0.194225,0.016925,0.18597,0.069985,0.127201,0.068953,,1832900,,
0,0,,0.474424,0.062703,0.03651,0.015567,0.079641,0.019909,0.059632,0.091018,0.11759,0.043006,,1830900,,
0,0,,0.610028,0.040238,0.025824,0.0204,0.082658,0.019286,0.046411,0.045692,0.058978,0.050485,,1837100,,
0,0,,0.253543,0.107691,0.142128,0.080539,0.114477,0.105564,0.033493,0.05751,0.050202,0.054852,,1835600,,
0,0,,0.3148,0.047279,0.030479,0.017071,0.141548,0.02797,0.2007,0.062972,0.092104,0.065076,,1840100,,
0,0,,0.343186,0.074425,0.05211,0.011744,0.11383,0.022837,0.079588,0.120965,0.118184,0.06313,,1823100,,
0,0,,0.369725,0.039322,0.028928,0.019322,0.140942,0.019964,0.18314,0.051672,0.099789,0.047195,,1840700,,
0,0,,0.373053,0.064762,0.031806,0.014876,0.170668,0.038058,0.159016,0.049352,0.068294,0.030115,,1822600,,
0,0,,0.341556,0.047182,0.039433,0.02859,0.130772,0.025482,0.19766,0.045129,0.088453,0.055744,,1804800,,
0,0,,0.386594,0.053308,0.020001,0.015238,0.137279,0.02397,0.181748,0.057428,0.079594,0.04484,,1814500,,
0,0,,0.368697,0.048021,0.028065,0.013902,0.130486,0.01308,0.153111,0.071025,0.12245,0.051165,,1811900,,
0,0,,0.333963,0.052691,0.02309,0.016013,0.157108,0.023637,0.200598,0.054028,0.077073,0.0618,,1813200,,
0,0,,0.438207,0.058146,0.024699,0.018156,0.063061,0.024941,0.104413,0.055727,0.137349,0.0753,,1812600,,
0,0,,0.37513,0.04616,0.029145,0.023708,0.1729,0.032309,0.13049,0.072707,0.097835,0.019615,,1821500,,
0,0,,0.484154,0.043787,0.026512,0.017516,0.082518,0.017052,0.104988,0.048128,0.131786,0.043559,,1830900,,
0,2,,0.144379,0.052237,0.182183,0.067644,0.121722,0.026097,0.175408,0.045818,0.117378,0.067134,,1816100,,
0,0,,0.493136,0.043863,0.036868,0.012703,0.08562,0.025538,0.049863,0.067901,0.120599,0.063909,,1802500,,
0,0,,0.400937,0.070011,0.035465,0.017457,0.083252,0.048365,0.067253,0.095913,0.135439,0.045908,,1798600,,
0,0,,0.462794,0.046215,0.026125,0.015829,0.065134,0.017182,0.121693,0.045379,0.128748,0.0709,,1801500,,
0,0,,0.428242,0.04023,0.021297,0.01994,0.133991,0.016557,0.161499,0.047932,0.074221,0.056091,,1798500,,
0,0,,0.328272,0.085604,0.085895,0.021138,0.100054,0.070382,0.052657,0.133644,0.076568,0.045786,,1802300,,
0,0,,0.484758,0.035965,0.042235,0.032695,0.091418,0.0306,0.062993,0.064725,0.122209,0.032402,,1803500,,
0,0,,0.277809,0.036988,0.033511,0.020671,0.219769,0.035161,0.18135,0.069174,0.073217,0.052349,,1816300,,
0,0,,0.45956,0.048446,0.032477,0.016787,0.106697,0.021389,0.125859,0.0512,0.09887,0.038715,,1838100,,
0,0,,0.470321,0.028371,0.050551,0.016286,0.071923,0.027164,0.101811,0.06843,0.115718,0.049423,,1806600,,
0,0,,0.45351,0.051803,0.029207,0.017218,0.086829,0.023044,0.139128,0.044808,0.106537,0.047916,,1820700,,
0,0,,0.413916,0.042594,0.049696,0.015773,0.173683,0.019722,0.051121,0.090207,0.11673,0.02656,,1813600,,
0,0,,0.44023,0.047843,0.032518,0.022351,0.091205,0.019416,0.144585,0.045961,0.108012,0.04788,,1800400,,
0,0,,0.442091,0.036189,0.02566,0.016672,0.182834,0.025963,0.046922,0.086453,0.10713,0.030086,,1800000,,
0,0,,0.347575,0.047867,0.036765,0.019728,0.145009,0.030245,0.175123,0.045604,0.085117,0.066966,,1798600,,
0,0,,0.494182,0.036526,0.036771,0.01922,0.089732,0.021839,0.055316,0.074535,0.126078,0.0458,,1815200,,
0,0,,0.477976,0.042896,0.024458,0.019836,0.083509,0.017323,0.104988,0.052415,0.138267,0.038332,,1826200,,
0,0,,0.344458,0.071674,0.033121,0.014499,0.113061,0.026809,0.126339,0.0613,0.122923,0.085815,,1813700,,
0,0,,0.403322,0.04678,0.029674,0.014218,0.139466,0.022291,0.126207,0.055968,0.099065,0.063009,,1804400,,
0,0,,0.304114,0.078122,0.103548,0.018747,0.084917,0.085942,0.041687,0.104385,0.135503,0.043035,,1808600,,
0,0,,0.407188,0.05889,0.027788,0.014832,0.105885,0.023346,0.10934,0.052135,0.109713,0.090883,,1799600,,
0,0,,0.386882,0.050135,0.028409,0.012403,0.117307,0.021091,0.186349,0.053681,0.078502,0.065242,,1817700,,
0,0,,0.485634,0.037716,0.027928,0.016117,0.088592,0.048563,0.061641,0.067529,0.112795,0.053485,,1813300,,
0,0,,0.482008,0.047645,0.027455,0.01682,0.081382,0.018326,0.116093,0.055658,0.111062,0.043551,,1801000,,
0,0,,0.471944,0.043593,0.048686,0.015855,0.093578,0.029779,0.069209,0.068038,0.118308,0.04101,,1819800,,
0,0,,0.301046,0.047985,0.023993,0.017272,0.153745,0.025155,0.218952,0.060083,0.093037,0.058732,,1869800,,
0,0,,0.608089,0.033793,0.038933,0.01885,0.069531,0.028963,0.055909,0.046681,0.04989,0.04936,,1827000,,
0,0,,0.290831,0.040592,0.023442,0.016838,0.192403,0.014624,0.214026,0.097145,0.069201,0.040897,,1809700,,
0,0,,0.413979,0.049214,0.035585,0.016003,0.128692,0.027255,0.124345,0.052998,0.108599,0.043328,,1806400,,
0,0,,0.391221,0.047058,0.039511,0.073836,0.079846,0.030103,0.137489,0.040413,0.125199,0.035324,,1807000,,
0,0,,0.447796,0.052496,0.027574,0.019216,0.105268,0.028829,0.061565,0.065785,0.119103,0.072368,,1816600,,
0,0,,0.360492,0.087315,0.085927,0.0247,0.081428,0.067208,0.044607,0.115876,0.087312,0.045135,,1800700,,
0,0,,0.432272,0.038427,0.062989,0.027348,0.070608,0.034276,0.109787,0.063429,0.117012,0.043852,,1826400,,
0,0,,0.337682,0.038109,0.029854,0.024229,0.123459,0.016731,0.167405,0.083053,0.126938,0.052539,,1827000,,
0,0,,0.485813,0.037749,0.029789,0.0231,0.065949,0.018858,0.125258,0.042024,0.125088,0.046372,,1805000,,
0,0,,0.59845,0.021409,0.026742,0.027074,0.05451,0.01751,0.061113,0.088312,0.056775,0.048105,,1809800,,
0,0,,0.408194,0.052039,0.034871,0.033252,0.083273,0.031655,0.11284,0.058854,0.129782,0.055241,,1804800,,
0,0,,0.413171,0.050334,0.035328,0.028438,0.111141,0.026195,0.118846,0.043039,0.127384,0.046125,,1806700,,
0,0,,0.180374,0.066468,0.027298,0.070387,0.124962,0.04339,0.140272,0.09603,0.14148,0.10934,,1816800,,
0,0,,0.47469,0.049949,0.051835,0.01732,0.090281,0.027393,0.053991,0.064037,0.122798,0.047706,,1799100,,
0,0,,0.408523,0.039826,0.04498,0.018034,0.091709,0.027738,0.155355,0.056308,0.111563,0.045964,,1799700,,
0,0,,0.4007,0.080498,0.040275,0.018574,0.079001,0.032469,0.083576,0.100289,0.119724,0.044894,,1822400,,
0,0,,0.403151,0.050118,0.023856,0.016188,0.155513,0.019656,0.156579,0.061035,0.075022,0.038882,,1827100,,
0,0,,0.419396,0.045442,0.023391,0.012259,0.129731,0.017209,0.161818,0.045293,0.067993,0.077468,,1795400,,
0,0,,0.567215,0.038201,0.029446,0.01989,0.060012,0.027412,0.065734,0.059848,0.063839,0.068402,,1808300,,
0,0,,0.41053,0.048699,0.022905,0.016899,0.127832,0.018199,0.151734,0.05478,0.104472,0.043949,,1822200,,
0,0,,0.493659,0.051055,0.034264,0.01792,0.084108,0.029682,0.050685,0.055263,0.132459,0.050906,,1798500,,
0,0,,0.442687,0.038533,0.034521,0.017768,0.10298,0.030955,0.076234,0.070521,0.125173,0.060629,,1802600,,
0,0,,0.380685,0.046934,0.028142,0.019748,0.128672,0.027691,0.163936,0.054798,0.089898,0.059495,,1809600,,
0,0,,0.387515,0.037904,0.022996,0.019013,0.143883,0.019715,0.206604,0.052059,0.068035,0.042275,,1836000,,
0,0,,0.511788,0.045112,0.023461,0.017112,0.091776,0.020119,0.066747,0.076074,0.074462,0.073348,,1854800,,
0,0,,0.606653,0.037923,0.02965,0.021526,0.059523,0.021956,0.047937,0.061873,0.068593,0.044367,,1806600,,
0,0,,0.452271,0.065416,0.041417,0.02834,0.080662,0.023366,0.056335,0.085518,0.11142,0.055256,,1801800,,
0,0,,0.345398,0.052476,0.022224,0.016716,0.165893,0.026867,0.173795,0.054943,0.073135,0.068553,,1800500,,
0,0,,0.422284,0.047537,0.036134,0.015535,0.10066,0.021566,0.129598,0.057281,0.126923,0.042483,,1819400,,
0,0,,0.521605,0.039561,0.032568,0.016155,0.092556,0.025944,0.057513,0.062413,0.110535,0.041152,,1808100,,
0,0,,0.346357,0.043466,0.031196,0.040008,0.087819,0.040931,0.152312,0.065392,0.142891,0.049629,,1805500,,
0,0,,0.465817,0.047191,0.024077,0.018824,0.070008,0.016745,0.12424,0.054048,0.141002,0.038048,,1855400,,
0,0,,0.486263,0.04348,0.027817,0.019369,0.087469,0.021757,0.0688,0.07368,0.104452,0.066912,,1800500,,
0,0,,0.579083,0.029973,0.027999,0.019726,0.062915,0.018843,0.052208,0.078201,0.068196,0.062856,,1810400,,
0,0,,0.552871,0.038344,0.033987,0.017242,0.061339,0.024428,0.057836,0.068459,0.055787,0.089706,,1799600,,
0,0,,0.387071,0.037127,0.026797,0.021936,0.153435,0.01921,0.180748,0.058171,0.068402,0.047103,,1798400,,
0,0,,0.41433,0.047896,0.038258,0.019237,0.063643,0.024781,0.164116,0.033814,0.131771,0.062154,,1798300,,
0,0,,0.342596,0.04857,0.019361,0.019319,0.136877,0.02159,0.182244,0.059738,0.084216,0.085489,,1804400,,
0,0,,0.635378,0.029488,0.02978,0.021933,0.067578,0.021596,0.052549,0.049467,0.048917,0.043315,,1815500,,
0,0,,0.339345,0.047406,0.030115,0.011785,0.154629,0.021323,0.181807,0.054273,0.095367,0.06395,,1816100,,
0,0,,0.416112,0.045639,0.063381,0.012402,0.081939,0.056006,0.107307,0.056082,0.112824,0.048307,,1808200,,
0,0,,0.466737,0.034536,0.049083,0.020557,0.076316,0.026445,0.106592,0.067726,0.109087,0.042921,,1813500,,
0,0,,0.420712,0.048694,0.042902,0.021961,0.058318,0.022852,0.172111,0.029314,0.123093,0.060043,,1815300,,
0,0,,0.453524,0.028448,0.048153,0.016793,0.072533,0.035002,0.113131,0.06697,0.123937,0.041508,,1806100,,
0,0,,0.342817,0.038316,0.025778,0.017384,0.134372,0.037436,0.223507,0.058072,0.090806,0.031511,,1809000,,
0,0,,0.502957,0.036914,0.026213,0.020637,0.071954,0.015491,0.094524,0.055558,0.126062,0.049691,,1804000,,
0,0,,0.317314,0.059121,0.023833,0.096031,0.127199,0.030579,0.181337,0.050525,0.083058,0.031004,,1813600,,
0,0,,0.413783,0.053353,0.032414,0.030272,0.063679,0.01756,0.158771,0.041191,0.141025,0.047951,,1823900,,
0,0,,0.618578,0.028029,0.038001,0.019948,0.072887,0.023122,0.051484,0.060347,0.055334,0.03227,,1838100,,
0,0,,0.474161,0.046251,0.031483,0.017626,0.100888,0.036518,0.052639,0.071015,0.111183,0.058235,,1820900,,
0,0,,0.321182,0.049955,0.027524,0.019639,0.186713,0.02659,0.151209,0.082223,0.093226,0.041739,,1827500,,
0,0,,0.404302,0.04932,0.034481,0.020016,0.115775,0.035117,0.089595,0.061931,0.142938,0.046525,,1801300,,
0,0,,0.38452,0.118208,0.037862,0.019521,0.085371,0.025219,0.06059,0.101525,0.116212,0.050973,,1816100,,
0,0,,0.430155,0.066086,0.034865,0.01889,0.067763,0.047052,0.02982,0.077995,0.168053,0.059321,,1821000,,
0,0,,0.338583,0.052489,0.021693,0.017427,0.191471,0.025093,0.174947,0.059954,0.076124,0.04222,,1811100,,
0,0,,0.416992,0.037081,0.021208,0.019858,0.128434,0.019945,0.157489,0.070528,0.077856,0.050609,,1804100,,
0,0,,0.60318,0.038179,0.032459,0.02357,0.058536,0.031761,0.047891,0.053952,0.064591,0.045881,,1813600,,
0,0,,0.322463,0.06194,0.030863,0.01447,0.129335,0.033291,0.166748,0.061018,0.092372,0.0875,,1817200,,
0,0,,0.447295,0.044555,0.041124,0.01721,0.099991,0.035934,0.076738,0.076721,0.100231,0.060203,,1815600,,
0,0,,0.383222,0.028457,0.04921,0.036153,0.117058,0.027069,0.083201,0.1668,0.062807,0.046021,,1826800,,
0,0,,0.321649,0.039873,0.029371,0.015661,0.206926,0.018033,0.201892,0.070072,0.067334,0.029188,,1816400,,
0,0,,0.447323,0.045689,0.051612,0.020423,0.089863,0.035548,0.057556,0.067838,0.136918,0.047231,,1817800,,
0,0,,0.385103,0.094336,0.077811,0.035482,0.073438,0.055123,0.047782,0.104535,0.087415,0.038974,,1807400,,
0,0,,0.390683,0.041405,0.029881,0.026681,0.111275,0.018929,0.206882,0.044899,0.077475,0.051889,,1815100,,
0,0,,0.408497,0.039314,0.029841,0.015199,0.132488,0.020815,0.187393,0.05318,0.071209,0.042064,,1821600,,
1,1,,0.032691,0.29129,0.077237,0.065517,0.094862,0.073339,0.04304,0.189798,0.102033,0.030192,,1811500,,
1,1,,0.031534,0.275376,0.077918,0.131316,0.04722,0.126975,0.032316,0.078919,0.074741,0.123685,,1806400,,
1,1,,0.104763,0.213095,0.082505,0.065252,0.056801,0.027693,0.132649,0.085606,0.206885,0.024752,,1804500,,
1,9,,0.041515,0.189021,0.059137,0.142593,0.059211,0.113681,0.057214,0.066687,0.057771,0.213168,,1814800,,
1,1,,0.019783,0.197669,0.111365,0.181518,0.027835,0.103695,0.027746,0.105244,0.085033,0.140112,,2620300,,
1,6,,0.107674,0.08549,0.102407,0.034822,0.153755,0.089636,0.305765,0.039354,0.07049,0.010609,,1814900,,
1,1,,0.031453,0.273987,0.064502,0.135256,0.065052,0.111621,0.025473,0.103041,0.062515,0.127099,,1803900,,
1,1,,0.141867,0.237599,0.072154,0.047428,0.064646,0.022441,0.09271,0.055033,0.233926,0.032196,,1823500,,
1,1,,0.060528,0.280162,0.053262,0.142938,0.077389,0.100659,0.030149,0.068416,0.065092,0.121405,,1818500,,
1,1,,0.096105,0.286475,0.055954,0.041121,0.155932,0.025768,0.174138,0.054524,0.084255,0.025729,,1814800,,
1,1,,0.026137,0.296133,0.136793,0.107459,0.100481,0.065614,0.012871,0.1087,0.088284,0.057528,,1821000,,
1,6,,0.126556,0.208097,0.050037,0.034054,0.158726,0.08957,0.213632,0.032964,0.068654,0.017711,,1825600,,
1,1,,0.058429,0.242117,0.089426,0.143578,0.050872,0.121226,0.059314,0.068975,0.062594,0.103469,,1816100,,
1,1,,0.009804,0.292371,0.095398,0.167924,0.046065,0.135792,0.01249,0.061739,0.053612,0.124806,,1824100,,
1,3,,0.006046,0.123664,0.184982,0.199498,0.02479,0.130123,0.070693,0.076184,0.064718,0.119303,,1821900,,
1,5,,0.00608,0.158292,0.134962,0.117582,0.103482,0.162168,0.060822,0.075592,0.045749,0.13527,,1839700,,
1,1,,0.10243,0.199787,0.087559,0.035119,0.079892,0.054703,0.127051,0.100397,0.187182,0.02588,,1812100,,
1,3,,0.006568,0.133465,0.15956,0.239274,0.039514,0.142386,0.046735,0.039155,0.047318,0.146024,,1814300,,
1,1,,0.021117,0.219498,0.134902,0.081598,0.135776,0.057309,0.034449,0.13255,0.102804,0.079996,,1835200,,
1,1,,0.018357,0.304465,0.077966,0.090796,0.045114,0.083521,0.047046,0.115246,0.194767,0.022721,,1819700,,
1,1,,0.129132,0.232914,0.050576,0.042838,0.08573,0.031068,0.142117,0.053002,0.214304,0.018319,,1820300,,
1,1,,0.006442,0.187814,0.1787,0.127641,0.027087,0.187146,0.060219,0.040616,0.073945,0.110389,,1820500,,
1,1,,0.017682,0.29967,0.088219,0.146315,0.057936,0.106721,0.029819,0.061527,0.072016,0.120095,,1801500,,
1,1,,0.006874,0.315353,0.114562,0.148536,0.054152,0.118522,0.013531,0.056091,0.048767,0.12361,,1800100,,
1,1,,0.109988,0.298462,0.054226,0.030591,0.138757,0.024208,0.16875,0.046385,0.110641,0.017992,,1827500,,
1,1,,0.066549,0.30039,0.074788,0.048207,0.139448,0.047055,0.074234,0.12026,0.086918,0.042151,,1810500,,
1,1,,0.042946,0.339212,0.066839,0.116126,0.062308,0.110556,0.031392,0.07077,0.066337,0.093514,,1816800,,
1,1,,0.124412,0.245761,0.070078,0.062386,0.054068,0.027378,0.092314,0.068792,0.228431,0.026379,,1827800,,
1,1,,0.087495,0.240511,0.065657,0.051267,0.166461,0.023752,0.163459,0.048888,0.128801,0.023708,,1798600,,
1,1,,0.007435,0.252658,0.165777,0.141244,0.063405,0.095602,0.025613,0.108386,0.080213,0.059668,,1850700,,
1,1,,0.099698,0.301291,0.120118,0.052526,0.056034,0.044759,0.064435,0.101466,0.139455,0.020217,,1809600,,
1,9,,0.034773,0.139363,0.088088,0.141853,0.047256,0.10352,0.024238,0.078159,0.030808,0.311942,,1823700,,
1,1,,0.113021,0.159591,0.06462,0.083094,0.112213,0.068986,0.039942,0.10244,0.122761,0.133332,,1825900,,
1,1,,0.014791,0.307472,0.131547,0.110548,0.057034,0.112723,0.039073,0.104949,0.056997,0.064868,,1822000,,
1,1,,0.012816,0.344534,0.135555,0.065845,0.052066,0.079848,0.026039,0.111218,0.077202,0.094878,,1815900,,
1,1,,0.058659,0.267316,0.079876,0.04085,0.225473,0.04044,0.065331,0.108634,0.089623,0.023798,,1812200,,
1,1,,0.088558,0.200101,0.063791,0.140393,0.06975,0.085979,0.035568,0.075317,0.041533,0.199009,,1820800,,
1,1,,0.031704,0.342805,0.165239,0.099303,0.043204,0.047252,0.050621,0.120396,0.070378,0.029097,,1826400,,
1,1,,0.122311,0.259278,0.076318,0.042553,0.067314,0.025955,0.133238,0.055618,0.190968,0.026446,,1814000,,
1,1,,0.033259,0.305185,0.075075,0.106045,0.056195,0.049959,0.023848,0.120125,0.200862,0.029447,,1810200,,
1,2,,0.02088,0.168765,0.190614,0.114795,0.051815,0.091582,0.113825,0.070624,0.138399,0.038701,,1824000,,
1,1,,0.009105,0.318726,0.12108,0.156648,0.04949,0.113754,0.012944,0.049308,0.044451,0.124495,,1819100,,
1,1,,0.0097,0.248082,0.181449,0.104056,0.078854,0.107287,0.026435,0.102939,0.072918,0.068281,,1812400,,
1,1,,0.026958,0.270659,0.133579,0.071143,0.097942,0.068187,0.058503,0.132235,0.078613,0.062181,,1813200,,
1,1,,0.109541,0.291924,0.137998,0.059392,0.042998,0.039797,0.067246,0.105964,0.118021,0.027119,,1811800,,
1,9,,0.059189,0.103803,0.066653,0.130583,0.042168,0.128306,0.030047,0.064208,0.024651,0.350394,,1822400,,
1,9,,0.043017,0.146356,0.066726,0.197461,0.044776,0.087848,0.012442,0.152915,0.042976,0.205483,,1829000,,
1,1,,0.096508,0.30696,0.069595,0.037143,0.070933,0.029752,0.058585,0.12443,0.17334,0.032754,,1814300,,
1,1,,0.099882,0.309285,0.148023,0.036647,0.059108,0.051651,0.035271,0.106091,0.124861,0.029182,,1838700,,
1,1,,0.02978,0.332748,0.059149,0.124176,0.040297,0.113589,0.022799,0.074775,0.057889,0.144796,,1812400,,
1,2,,0.006046,0.135964,0.20464,0.151661,0.033426,0.174653,0.068689,0.055879,0.041798,0.127244,,1802000,,
1,1,,0.008549,0.313274,0.150911,0.07467,0.101113,0.070985,0.014567,0.117189,0.082154,0.066589,,1802800,,
1,8,,0.099189,0.170646,0.092127,0.034087,0.147747,0.039425,0.133494,0.069444,0.202302,0.011539,,1805600,,
1,1,,0.07522,0.239019,0.111559,0.053249,0.147898,0.056395,0.050487,0.131457,0.094669,0.040048,,1800700,,
1,1,,0.04164,0.295999,0.071025,0.04522,0.130319,0.043796,0.036515,0.21411,0.103735,0.01764,,1808800,,
1,6,,0.05914,0.138048,0.112124,0.053683,0.13879,0.069595,0.166521,0.128804,0.07976,0.053536,,1804500,,
1,9,,0.069078,0.145999,0.070003,0.126802,0.070646,0.133235,0.015648,0.081301,0.065508,0.22178,,1807300,,
1,1,,0.026464,0.283824,0.105316,0.106454,0.071212,0.124246,0.088647,0.047278,0.030983,0.115577,,1808300,,
1,1,,0.023026,0.287202,0.145388,0.121451,0.046658,0.087651,0.014582,0.12021,0.100693,0.05314,,1804400,,
1,1,,0.020815,0.219345,0.091427,0.152813,0.044939,0.154998,0.02891,0.086379,0.066022,0.134352,,1810100,,
1,2,,0.006434,0.145219,0.199368,0.095752,0.045671,0.140914,0.054264,0.118697,0.088962,0.104719,,1816300,,
1,7,,0.016001,0.184114,0.122179,0.048153,0.080799,0.087457,0.073773,0.243381,0.105376,0.038768,,1809100,,
1,8,,0.114458,0.123407,0.047643,0.043122,0.130215,0.023346,0.114775,0.137121,0.184174,0.081738,,1802200,,
1,8,,0.117355,0.197707,0.074691,0.041883,0.072277,0.099285,0.106563,0.053592,0.21113,0.025517,,1809200,,
1,2,,0.04068,0.171007,0.218613,0.101615,0.091036,0.066964,0.155888,0.075727,0.060548,0.017923,,1824800,,
1,1,,0.115375,0.264179,0.131834,0.058999,0.04894,0.043827,0.063777,0.091314,0.152608,0.029146,,1832400,,
1,9,,0.037463,0.090483,0.091362,0.149239,0.050237,0.122756,0.0165,0.080457,0.049858,0.311645,,1804000,,
1,8,,0.149044,0.162405,0.073822,0.045397,0.14311,0.043994,0.093676,0.077592,0.174922,0.036037,,1809100,,
1,1,,0.17129,0.193172,0.092277,0.034689,0.079958,0.040792,0.073431,0.077716,0.18473,0.051943,,1818200,,
1,1,,0.009403,0.194513,0.152235,0.062477,0.112329,0.099535,0.076008,0.129403,0.092567,0.071528,,1815000,,
1,5,,0.011566,0.12158,0.088374,0.131336,0.079331,0.17872,0.074116,0.112362,0.047733,0.154883,,1808700,,
1,1,,0.038797,0.235919,0.050218,0.105899,0.090492,0.099805,0.056332,0.085662,0.040378,0.196498,,1809700,,
1,1,,0.09543,0.288985,0.049531,0.04238,0.084846,0.027638,0.134776,0.090949,0.166311,0.019154,,1808500,,
1,1,,0.140739,0.313455,0.076105,0.040379,0.080092,0.031382,0.0627,0.06063,0.17791,0.016607,,1832500,,
1,1,,0.053361,0.254278,0.054082,0.15895,0.063664,0.110382,0.048003,0.079302,0.060461,0.117515,,1820800,,
1,1,,0.006152,0.220777,0.126418,0.167116,0.039312,0.175189,0.058983,0.04945,0.045778,0.110826,,1807300,,
1,5,,0.006046,0.148798,0.152017,0.125225,0.033332,0.195145,0.075556,0.069355,0.0732,0.121327,,1815600,,
1,2,,0.006046,0.152722,0.229269,0.149989,0.031238,0.156281,0.066051,0.046066,0.049855,0.112482,,1810300,,
1,1,,0.112197,0.268022,0.055006,0.036897,0.13605,0.031879,0.172911,0.055366,0.108423,0.02325,,1812100,,
1,0,,0.199737,0.11568,0.11772,0.02311,0.079878,0.064421,0.154163,0.054626,0.14427,0.046395,,1820300,,
1,6,,0.097236,0.101967,0.142213,0.01957,0.151081,0.058867,0.194069,0.058808,0.164548,0.011642,,1819400,,
1,1,,0.020099,0.288375,0.128766,0.162655,0.03122,0.103922,0.019704,0.05834,0.057144,0.129776,,1833800,,
1,1,,0.029899,0.341807,0.075928,0.136047,0.048593,0.113662,0.023256,0.058337,0.050697,0.121774,,1818600,,
1,3,,0.006046,0.149549,0.149033,0.166833,0.066089,0.136235,0.055341,0.084362,0.068414,0.118099,,1806000,,
1,1,,0.093098,0.198794,0.080829,0.035527,0.087037,0.063938,0.177525,0.055297,0.173497,0.034457,,1814800,,
1,1,,0.07741,0.33296,0.091399,0.041551,0.064342,0.040236,0.076711,0.120016,0.134913,0.020462,,1810700,,
1,1,,0.088264,0.331839,0.07694,0.036966,0.067773,0.058808,0.087472,0.085359,0.146825,0.019756,,1804800,,
1,1,,0.010859,0.322757,0.134456,0.084876,0.086906,0.059094,0.016712,0.113972,0.140153,0.030214,,1802100,,
1,1,,0.021013,0.222212,0.080586,0.167369,0.058787,0.089714,0.034323,0.120658,0.062449,0.14289,,1798900,,
1,1,,0.021613,0.311619,0.080311,0.13523,0.049512,0.106775,0.026913,0.06591,0.07491,0.127208,,1803200,,
1,1,,0.032456,0.267099,0.056301,0.126227,0.124958,0.104418,0.055068,0.054656,0.065832,0.112986,,1849300,,
1,6,,0.087205,0.132301,0.083635,0.034473,0.191948,0.043672,0.2232,0.050553,0.135939,0.017074,,1823000,,
1,1,,0.11486,0.244362,0.091958,0.046086,0.052917,0.038455,0.072588,0.085429,0.222045,0.031299,,1805900,,
1,5,,0.006528,0.121184,0.171475,0.107539,0.036364,0.224708,0.074295,0.037933,0.051311,0.168662,,1813300,,
1,1,,0.04569,0.323855,0.07227,0.134611,0.047353,0.098895,0.036623,0.060364,0.06373,0.11661,,1816100,,
1,4,,0.103043,0.18323,0.034679,0.033826,0.199835,0.036101,0.191011,0.055141,0.138904,0.024229,,1822500,,
1,3,,0.008195,0.141238,0.151531,0.163672,0.043732,0.152544,0.061166,0.052627,0.069097,0.156198,,1808300,,
1,1,,0.00903,0.231402,0.116283,0.179801,0.05807,0.124703,0.034708,0.059811,0.057186,0.129006,,1800600,,
1,9,,0.012771,0.172705,0.092897,0.189996,0.040392,0.111288,0.022056,0.068168,0.051023,0.238705,,1816800,,
1,1,,0.008817,0.268168,0.117438,0.155019,0.060502,0.128339,0.013227,0.054612,0.069424,0.124453,,1846700,,
1,1,,0.024124,0.31142,0.070891,0.176215,0.042127,0.097628,0.013642,0.075829,0.046697,0.141426,,1818400,,
1,1,,0.013803,0.307372,0.100847,0.184394,0.034013,0.106388,0.030211,0.042967,0.045349,0.134656,,1817000,,
1,3,,0.006455,0.153095,0.15549,0.273442,0.04673,0.120484,0.013939,0.051099,0.039631,0.139635,,1814800,,
1,1,,0.006046,0.221262,0.142833,0.170367,0.07672,0.120897,0.021922,0.072699,0.055512,0.111741,,1817900,,
1,0,,0.164368,0.156891,0.095221,0.026056,0.119336,0.065211,0.145616,0.067845,0.128478,0.030978,,1812900,,
1,1,,0.029894,0.312709,0.063975,0.11888,0.105344,0.107042,0.030523,0.071197,0.046311,0.114126,,1807700,,
1,1,,0.032667,0.222084,0.085169,0.150962,0.045249,0.123874,0.036787,0.060842,0.095532,0.146833,,1839900,,
1,1,,0.033061,0.297979,0.080632,0.082352,0.1742,0.065698,0.051064,0.11105,0.082081,0.021883,,1829000,,
1,1,,0.04409,0.178132,0.14643,0.098507,0.068989,0.084239,0.0237,0.156784,0.07982,0.119309,,1806200,,
1,1,,0.016258,0.246307,0.058653,0.128413,0.159131,0.111812,0.060357,0.098811,0.020283,0.099977,,1807400,,
1,6,,0.154037,0.08489,0.051277,0.022814,0.167951,0.071878,0.282365,0.041723,0.103586,0.019478,,1823000,,
1,1,,0.012993,0.265437,0.104043,0.153007,0.056356,0.105715,0.028597,0.058926,0.057298,0.157628,,1824300,,
1,1,,0.088893,0.319966,0.102615,0.048218,0.05494,0.034316,0.079682,0.074605,0.17867,0.018094,,1814800,,
1,1,,0.076508,0.212841,0.085357,0.056924,0.086365,0.032957,0.079523,0.128756,0.200128,0.040641,,1805900,,
1,1,,0.11013,0.272242,0.049149,0.031894,0.138627,0.032589,0.206626,0.044356,0.090642,0.023745,,1806500,,
2,2,,0.006046,0.116635,0.296551,0.197486,0.029446,0.119564,0.024642,0.042875,0.041372,0.125383,,1813100,,
2,2,,0.006677,0.143844,0.22507,0.101545,0.080395,0.104841,0.025903,0.138534,0.059479,0.11371,,1815200,,
2,6,,0.097752,0.070202,0.198002,0.043204,0.091216,0.064572,0.201779,0.034237,0.164216,0.034821,,1823200,,
2,2,,0.023347,0.117502,0.175492,0.147476,0.054548,0.10832,0.029091,0.142587,0.115399,0.086238,,1815300,,
2,0,,0.27042,0.073249,0.187153,0.034751,0.045182,0.078043,0.097442,0.022132,0.160136,0.031492,,2931200,,
2,2,,0.093796,0.093121,0.29433,0.041492,0.061735,0.067689,0.129308,0.0936,0.105247,0.019682,,3536900,,
2,2,,0.017766,0.103819,0.24071,0.210084,0.032521,0.115997,0.020715,0.066104,0.057576,0.134707,,3089900,,
2,2,,0.019346,0.10886,0.242129,0.178369,0.031393,0.126209,0.018965,0.06326,0.076215,0.135254,,1822500,,
2,2,,0.019557,0.111569,0.325704,0.103441,0.034379,0.116648,0.06228,0.081636,0.068186,0.0766,,1812100,,
2,2,,0.008018,0.114863,0.236035,0.194133,0.026701,0.136771,0.044192,0.058205,0.043135,0.137947,,1807600,,
2,2,,0.009414,0.129869,0.307217,0.078841,0.069199,0.109909,0.077452,0.116053,0.077193,0.024853,,1813600,,
2,2,,0.008385,0.096193,0.222785,0.10153,0.133856,0.123405,0.093123,0.100194,0.071451,0.049079,,1812600,,
2,6,,0.099674,0.095073,0.176148,0.031205,0.063802,0.067245,0.196341,0.024092,0.16021,0.086211,,1808700,,
2,2,,0.043617,0.106341,0.236702,0.063239,0.072196,0.121608,0.061604,0.045393,0.227983,0.021317,,1813700,,
2,6,,0.201018,0.087795,0.119415,0.025268,0.092186,0.055561,0.217252,0.028042,0.158074,0.015388,,1835100,,
2,8,,0.079389,0.059821,0.236995,0.052904,0.042543,0.097335,0.082166,0.054114,0.247186,0.047548,,1788100,,
2,2,,0.008084,0.120243,0.260905,0.161686,0.079429,0.105112,0.038584,0.061098,0.060034,0.104825,,1810500,,
2,6,,0.180734,0.070564,0.109849,0.041119,0.121294,0.072343,0.268208,0.02694,0.094161,0.014786,,1800200,,
2,2,,0.072484,0.114207,0.235091,0.066626,0.06482,0.063717,0.107755,0.071978,0.171567,0.031754,,1797000,,
2,3,,0.018198,0.110642,0.207549,0.218743,0.031056,0.144387,0.012149,0.056627,0.057394,0.143255,,1800900,,
2,9,,0.100593,0.066202,0.08688,0.240805,0.030403,0.112773,0.021966,0.069527,0.022336,0.248516,,1799500,,
2,2,,0.006046,0.173177,0.205932,0.156535,0.029338,0.134271,0.045062,0.074437,0.06034,0.114861,,1798900,,
2,2,,0.019036,0.073178,0.390139,0.082552,0.034488,0.068165,0.072386,0.064626,0.145069,0.050362,,1822800,,
2,2,,0.062108,0.148167,0.206261,0.066281,0.049137,0.055332,0.067841,0.090123,0.201835,0.052915,,1800400,,
2,0,,0.273519,0.040362,0.086659,0.044382,0.065033,0.035349,0.10285,0.067112,0.124709,0.160025,,1799000,,
2,2,,0.008596,0.101453,0.341936,0.055697,0.067199,0.082635,0.060632,0.112861,0.118534,0.050456,,1796100,,
2,2,,0.006046,0.13021,0.292467,0.118673,0.046631,0.102644,0.017603,0.12171,0.061844,0.102172,,1785100,,
2,2,,0.01871,0.078501,0.399279,0.101175,0.058323,0.045696,0.030656,0.081316,0.122661,0.063684,,1796000,,
2,2,,0.008351,0.108707,0.343612,0.100243,0.073664,0.095996,0.05124,0.098649,0.072316,0.047222,,1799200,,
2,2,,0.059441,0.141967,0.261695,0.068285,0.066355,0.035177,0.075164,0.089273,0.174009,0.028635,,1799200,,
2,2,,0.019028,0.097118,0.180865,0.173763,0.041605,0.150339,0.054324,0.067555,0.088126,0.127276,,1808600,,
2,2,,0.006046,0.131916,0.262678,0.1919,0.025519,0.098066,0.025689,0.07858,0.070296,0.10931,,1800800,,
2,2,,0.006455,0.139762,0.212865,0.211087,0.043403,0.114713,0.047416,0.056609,0.054129,0.113561,,1794900,,
2,8,,0.12773,0.072312,0.187514,0.061365,0.068024,0.070785,0.052013,0.066032,0.201453,0.092773,,1814200,,
2,3,,0.025506,0.096066,0.177607,0.211142,0.02971,0.124204,0.013254,0.096494,0.072808,0.153211,,1864500,,
2,3,,0.009221,0.112532,0.181921,0.223773,0.078934,0.095163,0.031748,0.102947,0.104629,0.059131,,1809400,,
2,3,,0.006046,0.116155,0.180023,0.217281,0.025051,0.109632,0.025654,0.098001,0.104866,0.117291,,1804300,,
2,6,,0.13958,0.064267,0.10165,0.034886,0.150356,0.048063,0.304487,0.028843,0.112296,0.015573,,1807500,,
2,2,,0.007713,0.113461,0.26041,0.171375,0.032645,0.088555,0.055865,0.125029,0.093914,0.051034,,1814600,,
2,2,,0.007907,0.147971,0.243386,0.176455,0.036027,0.116187,0.035561,0.055545,0.061423,0.11954,,1811700,,
2,2,,0.006046,0.118324,0.276765,0.078834,0.059989,0.123366,0.095028,0.114995,0.042435,0.084217,,1796500,,
2,2,,0.006046,0.104461,0.211944,0.154539,0.037121,0.151827,0.088119,0.065034,0.048261,0.132648,,1793900,,
2,9,,0.029865,0.112394,0.184488,0.185342,0.037511,0.121845,0.016667,0.047964,0.047621,0.216303,,1800500,,
2,2,,0.018198,0.119209,0.281835,0.101595,0.061423,0.080356,0.039642,0.115065,0.070446,0.11223,,1814700,,
2,2,,0.006223,0.083853,0.328218,0.107353,0.039096,0.109162,0.070409,0.093959,0.097891,0.063836,,1809200,,
2,2,,0.017769,0.09625,0.252193,0.137407,0.045328,0.116106,0.027875,0.139364,0.10414,0.063567,,1794900,,
2,2,,0.007907,0.114473,0.289488,0.172073,0.039207,0.104732,0.025195,0.088916,0.049516,0.108492,,1821600,,
2,2,,0.017322,0.093871,0.395342,0.081388,0.053678,0.049392,0.033808,0.103819,0.121765,0.049616,,1842200,,
2,2,,0.016928,0.193446,0.278088,0.051734,0.039486,0.09766,0.085943,0.059757,0.141227,0.035732,,1813900,,
2,2,,0.006046,0.065933,0.402881,0.061535,0.054585,0.073595,0.045317,0.099724,0.133052,0.057333,,1809700,,
2,8,,0.167908,0.130549,0.139989,0.071265,0.068184,0.042552,0.131692,0.027778,0.186906,0.033177,,1814100,,
2,2,,0.015842,0.07913,0.337132,0.138165,0.037561,0.073551,0.072804,0.067968,0.126881,0.050966,,1826500,,
2,2,,0.007907,0.126928,0.268533,0.216058,0.033534,0.118306,0.023606,0.046276,0.047434,0.111418,,1823400,,
2,2,,0.012815,0.103025,0.264667,0.152916,0.037644,0.107953,0.02449,0.058563,0.051695,0.186233,,1808500,,
2,8,,0.093053,0.09844,0.114378,0.057819,0.123831,0.043136,0.132352,0.04796,0.266528,0.022505,,1807100,,
2,2,,0.022497,0.085704,0.206647,0.190403,0.048119,0.111031,0.038522,0.063641,0.062458,0.170979,,1832600,,
2,6,,0.207317,0.081961,0.141883,0.026781,0.081475,0.075165,0.215525,0.023185,0.131916,0.014792,,1813000,,
2,2,,0.018198,0.117486,0.224081,0.191927,0.038436,0.120922,0.012466,0.070759,0.048455,0.157269,,1803700,,
2,8,,0.070036,0.097591,0.136661,0.067352,0.037614,0.038765,0.069907,0.051769,0.376391,0.053915,,1817100,,
2,2,,0.006568,0.136404,0.341332,0.120939,0.052152,0.104825,0.01183,0.088445,0.065536,0.07197,,1808700,,
2,2,,0.007907,0.119925,0.363301,0.079327,0.053513,0.080258,0.015133,0.144745,0.054344,0.081548,,1823400,,
2,2,,0.007438,0.205775,0.240406,0.103532,0.082219,0.10372,0.03437,0.089762,0.067153,0.065626,,1804900,,
2,2,,0.00813,0.113689,0.356392,0.081166,0.128495,0.0943,0.083598,0.054169,0.051334,0.028728,,1807700,,
2,5,,0.006046,0.114969,0.213497,0.150616,0.026402,0.219569,0.060349,0.041572,0.047025,0.119955,,1826800,,
2,2,,0.141294,0.071714,0.273612,0.032562,0.082286,0.046733,0.090792,0.04912,0.171236,0.04065,,1804500,,
2,2,,0.006899,0.111501,0.310069,0.144434,0.052977,0.088341,0.062632,0.088809,0.082459,0.051878,,1809800,,
2,2,,0.016046,0.106467,0.267082,0.222975,0.044835,0.114897,0.015208,0.043832,0.046356,0.1223,,1813700,,
2,2,,0.006046,0.132025,0.278012,0.081923,0.044126,0.108445,0.055028,0.111648,0.052654,0.130093,,1807700,,
2,2,,0.018388,0.108121,0.176654,0.062994,0.08721,0.134319,0.111812,0.144946,0.104966,0.05059,,1807700,,
2,2,,0.137617,0.076997,0.216031,0.061191,0.104323,0.033906,0.069785,0.062066,0.1986,0.039485,,1820300,,
2,2,,0.018614,0.142749,0.306513,0.102043,0.051709,0.05035,0.019373,0.135965,0.124389,0.048297,,1809600,,
2,2,,0.031133,0.138295,0.209525,0.068348,0.073539,0.113497,0.028042,0.111685,0.130118,0.095818,,1807400,,
2,2,,0.075709,0.080324,0.264597,0.103156,0.058916,0.04923,0.067282,0.06403,0.203312,0.033443,,1830700,,
2,2,,0.152896,0.09018,0.195694,0.075118,0.05919,0.041498,0.051988,0.047612,0.193077,0.092747,,1805300,,
2,2,,0.135063,0.093392,0.199093,0.058982,0.100558,0.132876,0.054248,0.048724,0.154288,0.022775,,1806300,,
2,8,,0.105833,0.060114,0.19695,0.066021,0.084238,0.027543,0.166837,0.060774,0.208244,0.023446,,1811100,,
2,8,,0.069385,0.097001,0.141907,0.080382,0.031875,0.088673,0.059342,0.053393,0.322484,0.055558,,1800200,,
2,9,,0.0259,0.076093,0.142491,0.168236,0.05154,0.150231,0.053257,0.060635,0.068096,0.203522,,1803300,,
2,2,,0.007423,0.113522,0.313798,0.083997,0.05313,0.108438,0.053444,0.107914,0.061275,0.097059,,1821600,,
2,2,,0.006046,0.102304,0.218906,0.163134,0.033408,0.134297,0.070085,0.089495,0.054197,0.128128,,1802300,,
2,3,,0.013241,0.104666,0.171192,0.213441,0.0382,0.102822,0.029092,0.092401,0.100196,0.134749,,1827500,,
2,2,,0.03372,0.086154,0.202171,0.19264,0.062687,0.07943,0.018653,0.10624,0.060308,0.157996,,1805500,,
2,2,,0.213173,0.115835,0.247079,0.043995,0.049215,0.064155,0.031699,0.086286,0.117039,0.031525,,1803600,,
2,8,,0.075709,0.100863,0.211803,0.060396,0.062435,0.045248,0.068631,0.116345,0.234981,0.023589,,1803700,,
2,2,,0.01788,0.092201,0.350486,0.104625,0.043543,0.049333,0.040145,0.091615,0.138293,0.071879,,1816700,,
2,2,,0.023442,0.113335,0.33818,0.108242,0.125768,0.041342,0.018804,0.117657,0.074175,0.039056,,1803500,,
2,9,,0.06049,0.07059,0.091589,0.123253,0.07453,0.111367,0.012718,0.1177,0.023753,0.31401,,1812400,,
2,6,,0.06376,0.069157,0.095784,0.072176,0.055103,0.039485,0.336429,0.054687,0.184256,0.029162,,1811500,,
2,3,,0.009283,0.164265,0.194369,0.19805,0.04789,0.106725,0.040535,0.079645,0.050269,0.108969,,1824600,,
2,2,,0.006046,0.141807,0.260655,0.173096,0.036719,0.124733,0.023727,0.070581,0.047347,0.115288,,1801100,,
2,6,,0.178456,0.053703,0.091999,0.02015,0.154188,0.061805,0.29336,0.038947,0.096826,0.010568,,1806000,,
2,8,,0.099094,0.123292,0.096367,0.063632,0.093416,0.147419,0.10811,0.055873,0.191699,0.021099,,1807800,,
2,2,,0.008149,0.143215,0.278959,0.088355,0.052308,0.125013,0.050526,0.132002,0.048071,0.073403,,1809500,,
2,2,,0.019346,0.098399,0.20939,0.163619,0.034492,0.11001,0.030117,0.127117,0.072927,0.134584,,1809500,,
2,4,,0.09616,0.074683,0.121027,0.054159,0.183221,0.035158,0.173732,0.066762,0.121111,0.073989,,1807100,,
2,2,,0.006491,0.123945,0.244171,0.210137,0.030305,0.099707,0.025671,0.07834,0.0713,0.109933,,1809200,,
2,2,,0.020088,0.103589,0.228586,0.143703,0.052889,0.125786,0.020587,0.068202,0.064602,0.171968,,1816400,,
2,3,,0.007982,0.129182,0.207795,0.21831,0.043482,0.104405,0.02335,0.085371,0.068558,0.111565,,1812900,,
2,5,,0.020369,0.105227,0.178838,0.135989,0.033191,0.18303,0.069329,0.051455,0.06935,0.153222,,1809700,,
2,2,,0.010322,0.125583,0.276221,0.145567,0.083271,0.10351,0.015485,0.114852,0.076073,0.049117,,1807100,,
2,2,,0.016391,0.113544,0.202755,0.167199,0.03289,0.116061,0.055411,0.061317,0.093773,0.140661,,1810000,,
2,2,,0.006046,0.132081,0.381903,0.098796,0.043788,0.081453,0.011308,0.129863,0.039914,0.074847,,1810000,,
2,6,,0.091167,0.08207,0.136957,0.086341,0.053482,0.064754,0.213071,0.047899,0.20927,0.01499,,1812600,,
2,2,,0.007982,0.118796,0.242906,0.173945,0.035137,0.097525,0.027534,0.10201,0.077864,0.116302,,1810400,,
2,2,,0.006046,0.093091,0.311018,0.10604,0.055549,0.135536,0.050229,0.085102,0.065286,0.092102,,1823000,,
2,2,,0.00789,0.129902,0.21255,0.162285,0.033446,0.110247,0.012956,0.154011,0.079103,0.097609,,1812400,,
2,2,,0.022127,0.165146,0.261175,0.084607,0.053677,0.082349,0.036253,0.129085,0.116097,0.049485,,1809000,,
2,2,,0.108746,0.068094,0.290554,0.055627,0.029256,0.068382,0.0871,0.024752,0.192578,0.07491,,1808300,,
2,2,,0.006046,0.097182,0.24611,0.18723,0.028384,0.15991,0.056694,0.046568,0.05599,0.115885,,1807900,,
2,9,,0.081031,0.082608,0.115851,0.171777,0.044445,0.11585,0.017534,0.075057,0.031389,0.264459,,1809100,,
2,2,,0.15901,0.126393,0.207606,0.091773,0.06077,0.061051,0.023941,0.082371,0.122143,0.064943,,1814200,,
2,2,,0.019307,0.189023,0.301571,0.103714,0.064878,0.070233,0.019046,0.083026,0.085226,0.063975,,1811600,,
3,8,,0.10804,0.098719,0.193149,0.114939,0.050132,0.046177,0.062989,0.078662,0.199244,0.047949,,1815700,,
3,2,,0.019519,0.08706,0.203432,0.156388,0.051337,0.086356,0.023771,0.14903,0.114579,0.108528,,1867400,,
3,3,,0.006683,0.13283,0.151226,0.224428,0.049364,0.138107,0.035506,0.064411,0.075681,0.121765,,1803400,,
3,2,,0.022428,0.131674,0.188674,0.173392,0.050472,0.092624,0.025232,0.167833,0.085735,0.061937,,1797900,,
3,8,,0.155477,0.056747,0.075847,0.120787,0.042957,0.092763,0.033553,0.066011,0.281345,0.074511,,1817100,,
3,3,,0.024942,0.125041,0.155523,0.170289,0.037845,0.107949,0.024114,0.159097,0.108424,0.086775,,1818900,,
3,3,,0.006309,0.126794,0.163248,0.195184,0.062183,0.13005,0.046744,0.121352,0.068909,0.079228,,1806500,,
3,9,,0.019867,0.079801,0.082135,0.21915,0.03026,0.130505,0.021202,0.078887,0.053045,0.285146,,1815100,,
3,3,,0.017456,0.091513,0.108018,0.348288,0.042453,0.102232,0.022958,0.062825,0.042922,0.161336,,1814800,,
3,2,,0.016633,0.105832,0.180184,0.168466,0.044356,0.117856,0.057606,0.103831,0.086933,0.118303,,2526300,,
3,9,,0.040431,0.067215,0.145126,0.120849,0.09809,0.068083,0.012307,0.168615,0.088973,0.190311,,1832700,,
3,3,,0.007974,0.105052,0.151838,0.153496,0.042721,0.134407,0.118016,0.120378,0.070924,0.095194,,1812800,,
3,3,,0.007974,0.103073,0.130132,0.261048,0.035712,0.132336,0.065863,0.045421,0.066942,0.151498,,1813900,,
3,3,,0.021934,0.076894,0.133661,0.296662,0.027653,0.107143,0.016169,0.069027,0.110038,0.140818,,1811600,,
3,3,,0.006452,0.076534,0.139303,0.255925,0.026361,0.127326,0.024198,0.083927,0.042734,0.21724,,1810600,,
3,2,,0.010694,0.09101,0.277743,0.127202,0.051452,0.096466,0.018274,0.136371,0.055225,0.135564,,1813600,,
3,3,,0.015372,0.080833,0.09165,0.286591,0.028236,0.123422,0.026591,0.098402,0.049633,0.199269,,1802200,,
3,3,,0.014419,0.086119,0.115046,0.321977,0.03534,0.106854,0.02627,0.060614,0.052732,0.180628,,1826100,,
3,3,,0.010181,0.108868,0.103544,0.299475,0.042921,0.101613,0.025171,0.106749,0.080973,0.120504,,1833100,,
3,3,,0.02156,0.089224,0.187609,0.234934,0.031435,0.098832,0.023588,0.074226,0.089907,0.148686,,1816600,,
3,3,,0.020354,0.153967,0.139473,0.260501,0.035293,0.099159,0.032209,0.051949,0.084785,0.12231,,1805100,,
3,3,,0.008847,0.102581,0.087812,0.309578,0.039489,0.10006,0.02595,0.102934,0.0931,0.129648,,1804300,,
3,3,,0.023698,0.127287,0.131274,0.234468,0.026402,0.139445,0.011014,0.074146,0.091189,0.141076,,1809900,,
3,3,,0.008891,0.16867,0.107081,0.26025,0.059535,0.107477,0.015337,0.085393,0.068912,0.118454,,1805300,,
3,3,,0.01639,0.086825,0.095483,0.238412,0.028449,0.100698,0.025015,0.125052,0.095417,0.188258,,1806400,,
3,3,,0.020013,0.083956,0.099865,0.245091,0.054343,0.185744,0.028671,0.068451,0.047616,0.166251,,1808400,,
3,3,,0.021458,0.094904,0.096192,0.328696,0.030603,0.108835,0.024881,0.06797,0.063935,0.162525,,1816600,,
3,3,,0.00821,0.099916,0.151471,0.323862,0.04038,0.127739,0.033978,0.0581,0.038463,0.117881,,1809400,,
3,3,,0.020965,0.100647,0.102601,0.277009,0.025135,0.117097,0.033066,0.10205,0.084926,0.136504,,1823300,,
3,3,,0.006633,0.101751,0.112382,0.350228,0.055564,0.109977,0.018217,0.06027,0.061122,0.123856,,1809500,,
3,3,,0.012948,0.093855,0.100453,0.358329,0.025819,0.109042,0.023357,0.071368,0.047092,0.157737,,1804200,,
3,3,,0.020806,0.096918,0.105116,0.251106,0.03482,0.122016,0.034839,0.086457,0.119909,0.128012,,1802500,,
3,7,,0.026386,0.082261,0.211361,0.084555,0.072418,0.061728,0.01485,0.252999,0.136498,0.056944,,1797000,,
3,7,,0.025926,0.072819,0.117814,0.111572,0.098941,0.141178,0.025039,0.196856,0.082429,0.127427,,1814100,,
3,3,,0.021092,0.085562,0.103841,0.267344,0.029783,0.113239,0.014167,0.090042,0.074674,0.200255,,1826300,,
3,2,,0.01814,0.072392,0.226153,0.156764,0.069891,0.110847,0.063719,0.113605,0.05362,0.11487,,1801100,,
3,3,,0.021978,0.115904,0.100954,0.22792,0.030141,0.129484,0.031692,0.115038,0.083552,0.143339,,1823700,,
3,3,,0.010517,0.118319,0.13466,0.312322,0.043677,0.119001,0.012389,0.06263,0.037685,0.148799,,1826800,,
3,2,,0.030143,0.122325,0.202817,0.164271,0.06129,0.04725,0.052645,0.10326,0.133983,0.082015,,1819600,,
3,3,,0.022656,0.080263,0.102081,0.312238,0.039788,0.106286,0.020393,0.105721,0.086799,0.123775,,1816900,,
