optdigits,LADTree,test,4,NANOSECONDS,PREDICTIONS, Generated by ClassifierExperiments.java on 2022-05-16 13:47:42.    SYSTEMPROPERTIES:{user.name:matth,os.arch:amd64,os.name:Windows 10},ENDSYSTEMPROPERTIES
No parameter info
0.7785651018600531,2577700000,2064213900,-1,101017736,10,,-1,-1
0,0,,0.265152,0.0609,0.033335,0.030198,0.21711,0.029507,0.16185,0.074794,0.084072,0.043082,,2053700,,
0,0,,0.327813,0.063829,0.099773,0.036267,0.066146,0.088809,0.062058,0.092855,0.117397,0.045052,,1860400,,
0,0,,0.398731,0.052719,0.051991,0.032741,0.100845,0.038608,0.078508,0.080338,0.113449,0.052069,,1854800,,
0,0,,0.412673,0.047294,0.052254,0.026829,0.151082,0.029257,0.060747,0.086281,0.09775,0.035833,,1846900,,
0,0,,0.260412,0.135633,0.054671,0.028636,0.088715,0.089559,0.067824,0.088651,0.128382,0.057514,,1866600,,
0,0,,0.403501,0.05129,0.080742,0.03057,0.099189,0.042209,0.081239,0.061027,0.077771,0.072461,,1865400,,
0,0,,0.414596,0.053698,0.033338,0.037864,0.0983,0.028416,0.117056,0.057329,0.123302,0.036101,,1848900,,
0,0,,0.368021,0.061235,0.048389,0.030638,0.16092,0.051384,0.064918,0.090929,0.093132,0.030435,,1848500,,
0,0,,0.295371,0.050312,0.036812,0.027692,0.157503,0.025147,0.186044,0.071567,0.103218,0.046334,,1844000,,
0,0,,0.381054,0.059941,0.040973,0.027369,0.105126,0.033901,0.123248,0.071058,0.111438,0.045893,,1840300,,
0,0,,0.345471,0.059253,0.042902,0.039175,0.166031,0.030841,0.12224,0.075537,0.096252,0.022298,,1844800,,
0,0,,0.428507,0.052713,0.035576,0.030324,0.086825,0.033781,0.110402,0.053968,0.130677,0.037228,,1841500,,
0,0,,0.473745,0.049708,0.032298,0.026946,0.070921,0.027794,0.112044,0.054738,0.114487,0.03732,,1875600,,
0,0,,0.258729,0.05872,0.0582,0.027447,0.125586,0.053287,0.052653,0.123955,0.141818,0.099606,,1815600,,
0,0,,0.384044,0.058539,0.029242,0.025649,0.130715,0.029817,0.154005,0.055587,0.06572,0.066683,,1796000,,
0,0,,0.497467,0.044552,0.039914,0.024302,0.088683,0.033281,0.069617,0.068555,0.09065,0.042979,,1801400,,
0,0,,0.417648,0.063343,0.035366,0.028889,0.078465,0.032619,0.114111,0.057344,0.13269,0.039525,,1806100,,
0,0,,0.563395,0.035499,0.04823,0.031746,0.063748,0.030912,0.058594,0.057598,0.063611,0.046668,,1796500,,
0,0,,0.37847,0.065906,0.055224,0.026633,0.10523,0.055162,0.066299,0.07684,0.13813,0.032105,,1798100,,
0,0,,0.267219,0.050273,0.039216,0.026817,0.192413,0.028587,0.183118,0.085027,0.088048,0.039281,,1793500,,
0,0,,0.432467,0.052553,0.053029,0.030354,0.059316,0.02608,0.049406,0.121781,0.121813,0.0532,,1832800,,
0,0,,0.45418,0.047559,0.056896,0.027263,0.070087,0.033867,0.080968,0.072608,0.115303,0.04127,,1784500,,
0,0,,0.439485,0.059057,0.041792,0.028675,0.078212,0.028583,0.102016,0.056317,0.115736,0.050128,,1784400,,
0,0,,0.249525,0.066688,0.035526,0.025802,0.133248,0.042127,0.213697,0.070866,0.090531,0.07199,,1788700,,
0,0,,0.347169,0.047885,0.099297,0.028195,0.086653,0.037427,0.073846,0.066293,0.142935,0.0703,,1790800,,
0,0,,0.322052,0.041011,0.043913,0.034498,0.144123,0.026239,0.185976,0.058903,0.093121,0.050164,,1790200,,
0,0,,0.476525,0.043335,0.040468,0.033057,0.092246,0.028599,0.067884,0.063896,0.106621,0.047369,,1788400,,
0,0,,0.539028,0.045344,0.047811,0.033915,0.065579,0.029501,0.062472,0.057184,0.069828,0.049337,,1787400,,
0,0,,0.381711,0.055255,0.043783,0.028704,0.099293,0.027431,0.127762,0.061925,0.108462,0.065676,,1787800,,
0,0,,0.331433,0.048738,0.033198,0.028221,0.152457,0.030842,0.191796,0.055083,0.082348,0.045883,,1784500,,
0,0,,0.407895,0.062974,0.073703,0.036648,0.065144,0.038982,0.049268,0.11094,0.100102,0.054343,,1787400,,
0,0,,0.391711,0.061844,0.06343,0.040024,0.058554,0.039202,0.056064,0.096949,0.134789,0.057433,,1790200,,
0,0,,0.264142,0.059553,0.032451,0.035753,0.145207,0.030376,0.220462,0.075676,0.085157,0.051223,,1790900,,
0,0,,0.515295,0.04274,0.065168,0.03256,0.056858,0.033091,0.058984,0.052005,0.075056,0.068244,,1788400,,
0,0,,0.401532,0.059773,0.048884,0.031137,0.078277,0.043289,0.084268,0.074892,0.148252,0.029696,,1788300,,
0,0,,0.339068,0.049566,0.078574,0.034218,0.081208,0.037262,0.089267,0.090706,0.13116,0.068971,,1788000,,
0,0,,0.352379,0.058966,0.034499,0.023063,0.126493,0.02775,0.167297,0.056649,0.0708,0.082103,,1789300,,
0,0,,0.388888,0.051153,0.038312,0.030613,0.1072,0.037591,0.113022,0.068059,0.119943,0.045218,,1790000,,
0,0,,0.52699,0.039867,0.049095,0.027345,0.062983,0.027719,0.058119,0.080424,0.071612,0.055847,,1782700,,
0,0,,0.488861,0.036549,0.041965,0.033141,0.139989,0.033759,0.046541,0.06805,0.06002,0.051124,,1785400,,
0,0,,0.439164,0.046685,0.052101,0.03423,0.134406,0.036982,0.078547,0.068574,0.070231,0.039081,,1784600,,
0,0,,0.433416,0.055843,0.036333,0.029539,0.073388,0.035258,0.110929,0.057659,0.121229,0.046408,,1785900,,
0,0,,0.331756,0.062809,0.040749,0.02396,0.151934,0.028136,0.184056,0.05851,0.07377,0.044319,,1790600,,
0,0,,0.468733,0.04876,0.045782,0.025158,0.101775,0.039156,0.061622,0.066769,0.097304,0.044942,,1785100,,
0,0,,0.416949,0.04919,0.042181,0.031094,0.102881,0.05427,0.05981,0.090705,0.110419,0.042501,,1788400,,
0,0,,0.264999,0.067351,0.029143,0.035716,0.18483,0.032786,0.175109,0.078972,0.086524,0.044571,,1811300,,
0,0,,0.331699,0.046066,0.028939,0.031424,0.130495,0.03018,0.175491,0.054404,0.114537,0.056764,,1788300,,
0,0,,0.319802,0.057045,0.032364,0.032413,0.174037,0.028047,0.161329,0.053478,0.106077,0.035408,,1788400,,
0,0,,0.369327,0.056958,0.037377,0.033375,0.107623,0.044615,0.08924,0.07691,0.105777,0.078798,,1784200,,
0,0,,0.369456,0.05328,0.029652,0.02504,0.134515,0.027344,0.158918,0.071992,0.084806,0.044995,,1780800,,
0,0,,0.368002,0.068079,0.033122,0.025349,0.133256,0.025707,0.100768,0.080567,0.115792,0.049357,,1824500,,
0,0,,0.426728,0.055199,0.036422,0.02475,0.074783,0.028211,0.113931,0.048755,0.117144,0.074076,,1789200,,
0,0,,0.372702,0.066796,0.037926,0.022804,0.091052,0.030503,0.117228,0.057009,0.10763,0.09635,,1784000,,
0,0,,0.446921,0.054625,0.031803,0.027763,0.094767,0.029251,0.105658,0.057428,0.123193,0.028591,,1817400,,
0,0,,0.381923,0.069031,0.105123,0.039991,0.0691,0.039674,0.056531,0.102857,0.094309,0.041461,,1787400,,
0,0,,0.360124,0.053226,0.044027,0.033933,0.095245,0.03481,0.135334,0.065396,0.118735,0.059169,,1787100,,
0,0,,0.432385,0.049038,0.051376,0.040196,0.066068,0.029277,0.046184,0.106909,0.1269,0.051666,,1789800,,
0,0,,0.312022,0.048139,0.036022,0.024912,0.126822,0.036913,0.157486,0.095288,0.10863,0.053766,,1785900,,
0,0,,0.403007,0.061745,0.102262,0.029502,0.080015,0.037781,0.054888,0.106606,0.083014,0.041179,,1790000,,
0,0,,0.457077,0.048559,0.031796,0.027785,0.085231,0.025461,0.10566,0.054648,0.116991,0.046791,,1787700,,
0,0,,0.326059,0.059679,0.043404,0.028594,0.161332,0.025279,0.156448,0.064321,0.085958,0.048924,,1789600,,
0,0,,0.462905,0.054575,0.044751,0.034328,0.091111,0.038361,0.074809,0.056724,0.100009,0.042426,,1818100,,
0,0,,0.475855,0.055032,0.055383,0.033788,0.082167,0.041089,0.05323,0.069228,0.090556,0.043672,,1784800,,
0,0,,0.311078,0.066046,0.035508,0.032762,0.162041,0.036074,0.175768,0.055702,0.085858,0.039162,,1788600,,
0,0,,0.409466,0.063542,0.046184,0.034457,0.11049,0.046906,0.0605,0.084402,0.101047,0.043007,,1787600,,
0,0,,0.473728,0.049706,0.035941,0.027326,0.075385,0.031332,0.107772,0.044953,0.112157,0.0417,,1787800,,
0,0,,0.407109,0.046212,0.041717,0.028824,0.149505,0.032514,0.077102,0.077573,0.100195,0.039249,,1791200,,
0,0,,0.275564,0.052516,0.041312,0.02813,0.193015,0.020958,0.210547,0.072517,0.067525,0.037918,,1785700,,
0,0,,0.327566,0.05773,0.037362,0.021812,0.148193,0.038024,0.149924,0.070147,0.079777,0.069465,,1785300,,
0,0,,0.503032,0.04439,0.040321,0.032132,0.090779,0.034128,0.060708,0.06878,0.077524,0.048204,,1786300,,
0,0,,0.380382,0.048491,0.032107,0.022659,0.1451,0.025454,0.17971,0.051144,0.069534,0.045418,,1810000,,
0,0,,0.315545,0.056671,0.045836,0.031064,0.143862,0.037933,0.167527,0.058004,0.107902,0.035656,,1786800,,
0,0,,0.373032,0.06531,0.039003,0.043463,0.074701,0.036864,0.107209,0.067842,0.135054,0.05752,,1791600,,
0,0,,0.31658,0.062146,0.035657,0.029849,0.142868,0.033608,0.16137,0.065065,0.089859,0.062999,,1786700,,
0,0,,0.402981,0.069766,0.038922,0.025737,0.090969,0.031496,0.116461,0.055247,0.103843,0.064579,,1786600,,
0,0,,0.231712,0.073194,0.035353,0.045995,0.153795,0.044951,0.179472,0.073687,0.110929,0.050911,,1785000,,
0,0,,0.35391,0.056589,0.043253,0.035033,0.088845,0.041424,0.130597,0.071088,0.125411,0.053849,,1785600,,
0,6,,0.159814,0.055009,0.032121,0.041488,0.169805,0.029794,0.280585,0.065148,0.119773,0.046464,,1793600,,
0,0,,0.38804,0.050968,0.035772,0.036413,0.092907,0.035384,0.117739,0.054211,0.130138,0.058427,,1835800,,
0,0,,0.341981,0.051477,0.03101,0.026824,0.13443,0.029996,0.185371,0.062454,0.082219,0.054239,,1788300,,
0,0,,0.405419,0.046068,0.029428,0.029089,0.127388,0.02927,0.156845,0.054642,0.083408,0.038443,,1790000,,
0,0,,0.443302,0.056812,0.032026,0.029416,0.079614,0.037656,0.096354,0.055669,0.123737,0.045413,,1788100,,
0,0,,0.450241,0.056302,0.043865,0.036855,0.087712,0.03892,0.06454,0.075427,0.10314,0.042999,,1793300,,
0,0,,0.417302,0.059683,0.037422,0.027777,0.088191,0.033831,0.110861,0.068809,0.113492,0.042633,,1787000,,
0,0,,0.43549,0.056943,0.037885,0.028921,0.097071,0.03544,0.072925,0.082454,0.100467,0.052404,,1783300,,
0,0,,0.451119,0.061221,0.035693,0.033306,0.0924,0.024907,0.103293,0.051009,0.105436,0.041615,,1794100,,
0,0,,0.357652,0.056824,0.051902,0.036664,0.109848,0.061855,0.074566,0.083474,0.100156,0.067059,,1789000,,
0,0,,0.388519,0.067837,0.030559,0.027319,0.071736,0.043813,0.107635,0.065297,0.128633,0.068651,,1817800,,
0,0,,0.399515,0.067504,0.038046,0.042022,0.109307,0.033211,0.11112,0.049593,0.112156,0.037526,,1789600,,
0,0,,0.473877,0.054953,0.08473,0.041385,0.082427,0.029431,0.051574,0.058203,0.084058,0.03936,,1789800,,
0,0,,0.37872,0.051885,0.052772,0.026058,0.082964,0.041299,0.084434,0.096049,0.129343,0.056476,,1791500,,
0,0,,0.380082,0.069792,0.039652,0.023021,0.09787,0.032147,0.11753,0.060066,0.117232,0.062607,,1788300,,
0,0,,0.351019,0.057073,0.037037,0.028242,0.141778,0.027641,0.153297,0.062679,0.092856,0.048377,,1789200,,
0,0,,0.517788,0.047333,0.046805,0.031248,0.077193,0.038778,0.059289,0.065639,0.068933,0.046992,,1784400,,
0,0,,0.43641,0.061859,0.04569,0.034218,0.097884,0.032378,0.071997,0.072208,0.113075,0.034281,,1794800,,
0,0,,0.357302,0.055097,0.04048,0.024452,0.136611,0.034601,0.146246,0.059351,0.091742,0.054119,,1824400,,
0,0,,0.381424,0.05,0.050481,0.027167,0.120428,0.048366,0.078943,0.076833,0.114322,0.052036,,1803400,,
0,0,,0.33447,0.072098,0.047458,0.025755,0.095516,0.041161,0.115585,0.056093,0.121863,0.09,,1799500,,
0,0,,0.276532,0.090151,0.064399,0.02919,0.10623,0.084298,0.035651,0.092684,0.181894,0.038971,,1810700,,
0,0,,0.461013,0.052522,0.03738,0.02581,0.089996,0.034578,0.070078,0.072071,0.09312,0.063431,,1799600,,
0,0,,0.363416,0.057115,0.040956,0.029801,0.129376,0.02981,0.063019,0.075513,0.142464,0.068529,,1800200,,
0,0,,0.249056,0.05939,0.072066,0.026016,0.15955,0.048939,0.162332,0.063446,0.082323,0.076881,,1809300,,
0,0,,0.421431,0.053609,0.03912,0.03815,0.103842,0.024536,0.108899,0.055771,0.11385,0.040792,,1795500,,
0,0,,0.485794,0.052283,0.042823,0.043976,0.100816,0.035629,0.082282,0.060356,0.063242,0.032799,,1828500,,
0,0,,0.466517,0.043855,0.042699,0.027087,0.104451,0.038178,0.060725,0.064329,0.108305,0.043853,,1808400,,
0,0,,0.322079,0.062517,0.036235,0.021074,0.140754,0.029464,0.174339,0.066885,0.077558,0.069094,,1792600,,
0,0,,0.422896,0.060894,0.034864,0.029696,0.073982,0.029098,0.114505,0.057397,0.10917,0.067497,,1800100,,
0,0,,0.29652,0.093913,0.06941,0.030375,0.080847,0.127705,0.036805,0.100462,0.115199,0.048765,,1800200,,
0,0,,0.388772,0.061299,0.051367,0.029952,0.103582,0.035397,0.113987,0.056545,0.109826,0.049274,,1796100,,
0,0,,0.424193,0.083183,0.067145,0.056679,0.074909,0.030558,0.038908,0.069658,0.110377,0.04439,,1784600,,
0,0,,0.438824,0.05423,0.044147,0.02853,0.088977,0.031516,0.102984,0.057111,0.11058,0.043101,,1800900,,
1,7,,0.0393,0.136028,0.107744,0.0647,0.152746,0.11283,0.059868,0.226259,0.048262,0.052263,,1802500,,
1,6,,0.069002,0.08932,0.078336,0.185396,0.087922,0.107626,0.197861,0.034688,0.117366,0.032482,,1830900,,
1,1,,0.044126,0.236868,0.147042,0.095276,0.082272,0.066714,0.031602,0.133025,0.108649,0.054424,,1803900,,
1,9,,0.025148,0.12961,0.086167,0.149199,0.050565,0.168196,0.087356,0.058714,0.070096,0.174949,,1790000,,
1,1,,0.014821,0.21909,0.12444,0.189418,0.04662,0.129808,0.023246,0.053768,0.054787,0.144,,1796600,,
1,9,,0.031056,0.147358,0.097545,0.141346,0.03842,0.116395,0.037923,0.097969,0.045723,0.246266,,1803100,,
1,3,,0.01216,0.134271,0.137923,0.204002,0.063191,0.110205,0.094487,0.050802,0.047139,0.145821,,1800200,,
1,1,,0.038828,0.209293,0.058847,0.121613,0.073118,0.118231,0.033224,0.093402,0.089777,0.163665,,1799500,,
1,1,,0.032134,0.178382,0.092651,0.162524,0.043751,0.107028,0.027459,0.100395,0.078938,0.176738,,1802800,,
1,1,,0.080962,0.230511,0.049888,0.119968,0.056755,0.104809,0.02726,0.085265,0.053069,0.191514,,1826800,,
1,6,,0.16738,0.160446,0.047302,0.047394,0.140022,0.032947,0.184731,0.072863,0.108391,0.038526,,1806600,,
1,1,,0.072962,0.204468,0.169275,0.050733,0.073922,0.059987,0.063605,0.113225,0.156636,0.035187,,1807300,,
1,1,,0.055163,0.211777,0.063621,0.064477,0.055711,0.05213,0.166273,0.13565,0.128755,0.066444,,1805800,,
1,1,,0.010696,0.256903,0.121182,0.137426,0.073714,0.123282,0.02713,0.075205,0.051525,0.122935,,1795900,,
1,2,,0.017542,0.159999,0.160592,0.073624,0.109273,0.116101,0.076582,0.152078,0.080836,0.053373,,1811300,,
1,3,,0.024474,0.144643,0.132235,0.171957,0.100013,0.097248,0.02991,0.103896,0.070922,0.124702,,1807200,,
1,2,,0.017859,0.092805,0.198099,0.156144,0.042718,0.160866,0.109271,0.060181,0.035167,0.126889,,1797500,,
1,1,,0.040593,0.268678,0.076154,0.078414,0.060816,0.03113,0.031511,0.133999,0.238588,0.040115,,1838300,,
1,3,,0.014419,0.153902,0.149989,0.154551,0.069644,0.13163,0.057856,0.104198,0.04909,0.114721,,1801800,,
1,6,,0.108021,0.1034,0.080873,0.034108,0.139458,0.084473,0.18553,0.071964,0.157511,0.034662,,1802900,,
1,1,,0.016162,0.200546,0.160077,0.095729,0.074385,0.134156,0.030776,0.137842,0.087081,0.063246,,1805700,,
1,1,,0.060388,0.305743,0.070271,0.046379,0.10153,0.045064,0.105371,0.084443,0.148748,0.032064,,1800000,,
1,1,,0.031299,0.23304,0.103035,0.143509,0.043569,0.10952,0.031716,0.065222,0.090272,0.148818,,1806600,,
1,1,,0.03399,0.192644,0.157537,0.108995,0.07322,0.078337,0.022347,0.18658,0.088619,0.057731,,2628800,,
1,1,,0.046223,0.206935,0.057771,0.135093,0.099969,0.101816,0.058079,0.091969,0.062467,0.139678,,1803400,,
1,1,,0.098815,0.247511,0.100993,0.069959,0.049697,0.043909,0.075943,0.117315,0.156521,0.039336,,1799700,,
1,1,,0.029719,0.228133,0.169745,0.081367,0.045066,0.062831,0.02205,0.12018,0.145672,0.095237,,1812100,,
1,1,,0.016336,0.219476,0.157699,0.10447,0.073983,0.080173,0.02517,0.193001,0.055469,0.074224,,1805700,,
1,1,,0.123887,0.212338,0.088249,0.041752,0.109813,0.053502,0.085165,0.111874,0.144867,0.028554,,1806500,,
1,1,,0.054349,0.210834,0.139785,0.040151,0.11822,0.077833,0.182448,0.081727,0.068432,0.026222,,1789800,,
1,1,,0.017629,0.166455,0.159737,0.080984,0.097205,0.123969,0.079255,0.123325,0.105326,0.046116,,1802800,,
1,1,,0.11941,0.188841,0.052895,0.05083,0.113987,0.034792,0.129385,0.104402,0.165914,0.039543,,1799400,,
1,6,,0.09498,0.101122,0.07176,0.036825,0.15428,0.09364,0.266025,0.047748,0.096463,0.037156,,1802200,,
1,8,,0.149485,0.135512,0.079926,0.040499,0.115242,0.053685,0.087782,0.08832,0.180409,0.06914,,1807300,,
1,6,,0.081504,0.147718,0.099398,0.047444,0.109276,0.105477,0.176913,0.105802,0.102891,0.023577,,1814200,,
1,1,,0.035597,0.185057,0.129243,0.088301,0.055581,0.091213,0.035011,0.152497,0.077346,0.150152,,1796400,,
1,4,,0.101297,0.163476,0.061477,0.046042,0.195953,0.043954,0.143402,0.071892,0.139451,0.033055,,1802200,,
1,1,,0.019283,0.18085,0.127952,0.165631,0.033101,0.142732,0.080091,0.052973,0.047798,0.14959,,1803500,,
1,1,,0.023617,0.335369,0.132431,0.056437,0.103186,0.053237,0.035547,0.103637,0.105995,0.050543,,1802600,,
1,9,,0.018098,0.125284,0.140986,0.171891,0.066471,0.11623,0.059836,0.060522,0.046625,0.194058,,1798000,,
1,1,,0.041224,0.346011,0.121217,0.055082,0.066553,0.050512,0.035021,0.094029,0.125403,0.064946,,1795600,,
1,5,,0.018459,0.122973,0.138807,0.104931,0.060358,0.181099,0.126583,0.048898,0.054765,0.143127,,1805300,,
1,2,,0.012144,0.147834,0.184641,0.126459,0.04676,0.142865,0.10161,0.05245,0.046111,0.139126,,1807400,,
1,1,,0.070291,0.250911,0.092213,0.059453,0.183347,0.06118,0.049334,0.13222,0.074528,0.026522,,1801200,,
1,5,,0.012144,0.147914,0.132968,0.119448,0.053027,0.168638,0.112354,0.050965,0.063552,0.13899,,1798100,,
1,1,,0.058863,0.258947,0.107367,0.103162,0.051705,0.082175,0.08444,0.081091,0.118758,0.053491,,1800200,,
1,1,,0.073353,0.272357,0.117497,0.079288,0.07406,0.038857,0.060121,0.129897,0.129122,0.025446,,1971500,,
1,1,,0.061429,0.248912,0.069438,0.137997,0.054297,0.114164,0.050244,0.065271,0.076615,0.121633,,1817200,,
1,1,,0.095417,0.224269,0.067089,0.062889,0.063255,0.041781,0.094945,0.108582,0.180224,0.061549,,1793500,,
1,1,,0.146933,0.198767,0.078959,0.048782,0.092213,0.042614,0.077262,0.101643,0.16113,0.051697,,1788800,,
1,1,,0.051694,0.22285,0.069796,0.159528,0.10736,0.106302,0.055182,0.072101,0.05276,0.102426,,1810800,,
1,2,,0.012454,0.139882,0.193153,0.134422,0.039274,0.149306,0.083284,0.068879,0.052465,0.12688,,1786900,,
1,8,,0.107699,0.154709,0.069216,0.048008,0.081926,0.084493,0.159724,0.066146,0.189193,0.038887,,1790100,,
1,4,,0.107324,0.107649,0.109857,0.044332,0.209405,0.070232,0.093593,0.073756,0.151525,0.032328,,1790200,,
1,8,,0.117344,0.187058,0.074881,0.067214,0.074996,0.042862,0.115655,0.077234,0.192812,0.049944,,1788300,,
1,2,,0.01613,0.102589,0.190483,0.067074,0.081397,0.145795,0.097986,0.115963,0.08579,0.096793,,1791100,,
1,6,,0.170891,0.155949,0.052093,0.039394,0.156499,0.036042,0.170944,0.06016,0.117506,0.040523,,1781600,,
1,4,,0.144119,0.162227,0.045941,0.036721,0.197698,0.030428,0.171285,0.066386,0.110407,0.034788,,1784100,,
1,1,,0.017335,0.163934,0.150516,0.132586,0.055476,0.127801,0.027536,0.086558,0.082603,0.155654,,1810200,,
1,1,,0.012144,0.176476,0.133484,0.12188,0.062756,0.145061,0.116757,0.0557,0.048403,0.127338,,1783600,,
1,1,,0.051527,0.224019,0.134601,0.051895,0.071471,0.139446,0.08841,0.140069,0.068472,0.030091,,1791700,,
1,5,,0.012411,0.127527,0.146836,0.146558,0.046539,0.16313,0.121305,0.054865,0.053806,0.127024,,1784200,,
1,9,,0.035079,0.152619,0.101892,0.134435,0.053121,0.127467,0.020724,0.11359,0.042629,0.218444,,1782000,,
1,8,,0.063716,0.192769,0.107941,0.099003,0.088907,0.037878,0.080887,0.088227,0.20517,0.035501,,1792900,,
1,7,,0.025172,0.158924,0.119751,0.115458,0.064937,0.084628,0.022423,0.219199,0.081207,0.1083,,1790600,,
1,5,,0.026388,0.146914,0.139624,0.112155,0.051929,0.17838,0.099969,0.052726,0.065874,0.126042,,1785300,,
1,1,,0.017244,0.211234,0.116624,0.147206,0.068295,0.13537,0.03253,0.078546,0.076483,0.116469,,1782000,,
1,5,,0.014569,0.133492,0.150651,0.110058,0.07022,0.176855,0.061206,0.158648,0.060386,0.063914,,1803800,,
1,9,,0.039502,0.198877,0.098565,0.140874,0.040099,0.108539,0.017168,0.087742,0.041236,0.227397,,1786500,,
1,1,,0.043383,0.171449,0.089042,0.132999,0.127172,0.097869,0.040152,0.082138,0.074104,0.141692,,1783600,,
1,2,,0.015094,0.148929,0.179446,0.127694,0.049695,0.164747,0.078036,0.057754,0.057068,0.121538,,1784700,,
1,1,,0.039599,0.168947,0.153368,0.112547,0.095497,0.086433,0.025998,0.14512,0.105063,0.067429,,1796100,,
1,1,,0.042122,0.240667,0.063264,0.127534,0.050888,0.104474,0.036934,0.084621,0.08268,0.166815,,1786100,,
1,1,,0.058335,0.211022,0.070736,0.043145,0.117051,0.086491,0.152098,0.074469,0.157319,0.029334,,1787300,,
1,8,,0.099876,0.162344,0.10938,0.076035,0.056672,0.053879,0.094941,0.057597,0.249375,0.039899,,1790000,,
1,8,,0.121335,0.193842,0.060948,0.045966,0.072671,0.037173,0.099363,0.105264,0.198734,0.064704,,1807400,,
1,7,,0.04884,0.151337,0.137761,0.063095,0.115608,0.0676,0.057726,0.163604,0.110224,0.084205,,1782200,,
1,4,,0.121296,0.193803,0.060154,0.044319,0.208761,0.041718,0.194384,0.044547,0.070803,0.020215,,1780500,,
1,1,,0.117856,0.219007,0.06659,0.04198,0.157807,0.057789,0.094973,0.099019,0.118906,0.026072,,1788500,,
1,1,,0.023177,0.223225,0.080132,0.065284,0.056241,0.112203,0.069455,0.111075,0.222165,0.037041,,1790200,,
1,1,,0.026793,0.188002,0.164915,0.127488,0.057099,0.065987,0.062089,0.115759,0.086944,0.104924,,1785800,,
1,1,,0.026539,0.265132,0.141153,0.0722,0.095784,0.046886,0.06049,0.135578,0.12566,0.030577,,1788200,,
1,5,,0.012276,0.134878,0.13241,0.135265,0.041861,0.167832,0.122319,0.051512,0.045989,0.155657,,1788100,,
1,6,,0.110346,0.107879,0.078827,0.056316,0.160452,0.070496,0.177056,0.085089,0.110296,0.043243,,1805300,,
1,1,,0.015197,0.243872,0.104953,0.146652,0.083434,0.119924,0.033702,0.054304,0.058891,0.139072,,1789600,,
1,1,,0.037023,0.223352,0.117741,0.089865,0.086898,0.074102,0.027463,0.133307,0.144041,0.066209,,1783200,,
1,9,,0.024154,0.14015,0.122955,0.177726,0.036676,0.101773,0.020167,0.089613,0.061731,0.225054,,1787700,,
1,3,,0.016264,0.174223,0.160747,0.182052,0.04423,0.109454,0.039395,0.057204,0.063361,0.15307,,1787300,,
1,1,,0.035683,0.199362,0.096069,0.175299,0.056127,0.126265,0.027322,0.084351,0.07553,0.123993,,1789300,,
1,1,,0.044851,0.196863,0.118629,0.06635,0.09286,0.081319,0.044875,0.14524,0.147693,0.06132,,1786100,,
1,1,,0.132098,0.20151,0.110826,0.045205,0.100336,0.06454,0.081249,0.097626,0.138397,0.028214,,1792200,,
1,1,,0.086758,0.200065,0.065589,0.133987,0.072451,0.113916,0.043465,0.084513,0.076045,0.123212,,1784200,,
1,8,,0.037695,0.214661,0.106318,0.048839,0.125695,0.051124,0.058777,0.10678,0.21616,0.03395,,1820600,,
1,1,,0.069751,0.23393,0.074407,0.11253,0.062768,0.112701,0.048112,0.077004,0.078258,0.13054,,1784200,,
1,1,,0.031348,0.23111,0.099354,0.154543,0.037132,0.103847,0.025059,0.080396,0.085899,0.151312,,1783300,,
1,2,,0.014399,0.142092,0.173293,0.13431,0.046905,0.163858,0.065573,0.081666,0.059931,0.117973,,1789900,,
1,7,,0.075226,0.152673,0.137741,0.078489,0.086255,0.088865,0.048039,0.163075,0.081056,0.08858,,1787100,,
1,1,,0.074409,0.149485,0.106746,0.086111,0.12365,0.097513,0.060752,0.127696,0.10463,0.069007,,1788500,,
1,1,,0.136261,0.182984,0.064396,0.046701,0.126872,0.039671,0.17504,0.063138,0.110788,0.054149,,1784100,,
1,1,,0.122222,0.174018,0.09628,0.059785,0.103045,0.052216,0.137801,0.046844,0.169596,0.038194,,1784400,,
1,2,,0.013883,0.120941,0.158587,0.089239,0.056479,0.107573,0.14678,0.125147,0.100223,0.081148,,1812700,,
1,1,,0.036366,0.245053,0.119784,0.054976,0.130402,0.059399,0.052648,0.121956,0.144761,0.034656,,1790500,,
1,1,,0.054799,0.212555,0.089291,0.049958,0.082204,0.07884,0.200545,0.059367,0.143564,0.028878,,1787400,,
1,1,,0.10768,0.201428,0.070348,0.047739,0.068301,0.047551,0.087766,0.115319,0.185911,0.067956,,1788700,,
1,1,,0.026525,0.295016,0.128009,0.057529,0.064372,0.057244,0.025251,0.125422,0.160237,0.060395,,1787300,,
1,1,,0.050148,0.189242,0.06905,0.115528,0.087074,0.10641,0.038889,0.091636,0.099532,0.152492,,1787600,,
1,2,,0.068035,0.157869,0.158147,0.086682,0.088564,0.069145,0.05519,0.142362,0.117641,0.056365,,1790300,,
1,1,,0.040621,0.220941,0.069677,0.129193,0.105204,0.112383,0.050942,0.07206,0.062244,0.136735,,1786400,,
1,5,,0.014783,0.181078,0.122312,0.129002,0.060379,0.1827,0.065766,0.077114,0.047134,0.119734,,1784400,,
1,1,,0.045831,0.210452,0.127204,0.095997,0.05547,0.038143,0.041692,0.127005,0.205606,0.052599,,1809200,,
1,1,,0.016029,0.215905,0.122805,0.123851,0.076072,0.105823,0.022934,0.184497,0.061631,0.070453,,1790100,,
1,1,,0.034049,0.220492,0.130949,0.109613,0.068495,0.080319,0.025337,0.119085,0.100013,0.111647,,1786400,,
1,1,,0.044407,0.250081,0.073229,0.108132,0.121905,0.103681,0.049805,0.070978,0.06583,0.111952,,1784500,,
1,4,,0.0555,0.192177,0.055196,0.054239,0.219546,0.033616,0.085782,0.101936,0.160318,0.04169,,1783600,,
1,8,,0.139644,0.099644,0.105397,0.036372,0.10348,0.120483,0.140348,0.066567,0.16076,0.027304,,1785600,,
2,2,,0.037073,0.078591,0.257525,0.109359,0.066616,0.132252,0.056234,0.092058,0.072216,0.098076,,1783900,,
2,2,,0.033505,0.106301,0.17506,0.170552,0.03386,0.111334,0.062648,0.081313,0.073799,0.151629,,1784900,,
2,2,,0.014267,0.113273,0.214586,0.148717,0.039227,0.158224,0.061107,0.076453,0.055096,0.119051,,1811100,,
2,8,,0.086801,0.11354,0.123463,0.099406,0.040901,0.039567,0.066144,0.109403,0.23258,0.088195,,1785000,,
2,2,,0.105507,0.136206,0.14338,0.075401,0.101824,0.121,0.054107,0.07538,0.142341,0.044854,,1787500,,
2,3,,0.037757,0.087866,0.164195,0.179442,0.058083,0.108073,0.04489,0.092515,0.064861,0.162318,,1786500,,
2,2,,0.039716,0.105055,0.185876,0.143028,0.066478,0.086287,0.02573,0.13507,0.068219,0.144541,,1785200,,
2,8,,0.136772,0.082629,0.118531,0.08013,0.074642,0.03522,0.148664,0.108139,0.158251,0.057022,,1787900,,
2,2,,0.045404,0.12622,0.202988,0.128085,0.059269,0.042463,0.029727,0.115376,0.202245,0.048222,,1785300,,
2,2,,0.103398,0.08901,0.238106,0.087162,0.095563,0.050877,0.060587,0.101325,0.126654,0.047319,,1787100,,
2,2,,0.016066,0.11277,0.245533,0.176567,0.046424,0.109144,0.023749,0.07178,0.070276,0.127692,,1815500,,
2,2,,0.081603,0.121534,0.213325,0.056592,0.055531,0.104212,0.113132,0.104775,0.115805,0.033491,,1793300,,
2,2,,0.096966,0.087589,0.178294,0.105563,0.077894,0.056058,0.047889,0.137501,0.152957,0.059289,,1788800,,
2,2,,0.015091,0.11417,0.242978,0.173851,0.048564,0.118124,0.022876,0.080056,0.065163,0.119126,,1791500,,
2,2,,0.014283,0.14286,0.199177,0.144023,0.040233,0.136433,0.074789,0.064321,0.045849,0.138032,,1786900,,
2,2,,0.107189,0.081625,0.180846,0.054872,0.077322,0.125984,0.118605,0.061532,0.138438,0.053589,,1788400,,
2,2,,0.014663,0.144127,0.223716,0.135087,0.053305,0.11749,0.059539,0.108793,0.072956,0.070324,,1787600,,
2,3,,0.014162,0.130572,0.17834,0.187765,0.063843,0.1166,0.038196,0.084779,0.068579,0.117164,,1784900,,
2,2,,0.033991,0.095999,0.242875,0.117788,0.096269,0.082728,0.071321,0.121417,0.071962,0.06565,,1787500,,
2,2,,0.013943,0.117736,0.279294,0.126986,0.050393,0.075703,0.042821,0.123614,0.064397,0.105113,,1792000,,
2,2,,0.016472,0.092021,0.265762,0.098157,0.076183,0.109864,0.056611,0.142584,0.08027,0.062075,,1796400,,
2,2,,0.024087,0.113688,0.190524,0.171847,0.050143,0.106136,0.024318,0.141358,0.085009,0.092891,,1790600,,
2,8,,0.101734,0.073139,0.133428,0.123421,0.063742,0.054196,0.09783,0.101323,0.175408,0.07578,,1791400,,
2,2,,0.03679,0.090261,0.167227,0.156941,0.054765,0.09373,0.029997,0.143486,0.098156,0.128646,,1784700,,
2,8,,0.094189,0.100642,0.178599,0.086029,0.063061,0.05568,0.064766,0.125892,0.184239,0.046904,,1783900,,
2,2,,0.014314,0.108994,0.302712,0.110183,0.063783,0.089783,0.041954,0.121853,0.063581,0.082844,,1784400,,
2,2,,0.07121,0.106954,0.211233,0.079991,0.059289,0.101,0.063998,0.061203,0.205322,0.039799,,1793000,,
2,2,,0.086422,0.089214,0.180045,0.087381,0.07325,0.088139,0.099226,0.089773,0.157197,0.049354,,1811700,,
2,2,,0.037061,0.075759,0.317722,0.110301,0.056465,0.045874,0.041149,0.104744,0.147087,0.063838,,1790700,,
2,9,,0.023296,0.117666,0.148629,0.140727,0.052895,0.085422,0.078035,0.122256,0.063218,0.167856,,1787300,,
2,9,,0.105488,0.076623,0.130242,0.150275,0.049459,0.099391,0.030611,0.103175,0.060809,0.193926,,1786000,,
2,3,,0.033638,0.10768,0.155295,0.192419,0.045082,0.09882,0.067839,0.074999,0.053211,0.171017,,1781600,,
2,2,,0.017778,0.084369,0.235155,0.093374,0.055518,0.093342,0.096678,0.146866,0.119715,0.057205,,1785700,,
2,2,,0.020176,0.07302,0.231421,0.166849,0.075377,0.061258,0.024013,0.128482,0.145661,0.073742,,1787400,,
2,2,,0.014867,0.093467,0.237979,0.124131,0.058583,0.137307,0.08491,0.112208,0.042592,0.093956,,1787100,,
2,2,,0.016474,0.100477,0.263515,0.089187,0.078947,0.120642,0.062715,0.126625,0.076534,0.064885,,1789600,,
2,2,,0.022756,0.127614,0.246746,0.187429,0.053686,0.098861,0.030231,0.069832,0.050972,0.111873,,1786100,,
2,2,,0.015015,0.078747,0.246687,0.0837,0.093089,0.16493,0.071427,0.121794,0.04923,0.075382,,1787200,,
2,2,,0.024464,0.086365,0.154374,0.075627,0.095998,0.111974,0.135733,0.129916,0.097846,0.087704,,1785200,,
2,8,,0.105326,0.12998,0.12652,0.080612,0.056038,0.045943,0.070653,0.127888,0.209003,0.048036,,1787000,,
2,2,,0.072542,0.062946,0.192887,0.087829,0.076441,0.107472,0.114343,0.10522,0.129399,0.05092,,1789300,,
2,2,,0.019009,0.103916,0.250298,0.170115,0.05209,0.117517,0.027214,0.069889,0.063461,0.126492,,1789500,,
2,2,,0.016384,0.113538,0.229664,0.16801,0.056524,0.100847,0.02215,0.140614,0.054452,0.097818,,3085400,,
2,2,,0.014532,0.092152,0.219135,0.14872,0.039974,0.154845,0.070686,0.062512,0.062549,0.134895,,3070100,,
2,2,,0.032995,0.097928,0.200558,0.104699,0.060314,0.136286,0.08976,0.113013,0.103111,0.061336,,1803100,,
2,2,,0.017239,0.161911,0.241228,0.135727,0.045005,0.077083,0.024935,0.150484,0.064629,0.081759,,1793600,,
2,8,,0.119895,0.080207,0.112555,0.078653,0.115003,0.048195,0.164607,0.07246,0.166068,0.042358,,1798500,,
2,2,,0.012511,0.104429,0.291746,0.111575,0.045055,0.096156,0.085846,0.1177,0.072394,0.062588,,1793200,,
2,2,,0.017323,0.149789,0.228668,0.150491,0.050799,0.080735,0.025155,0.140626,0.079733,0.076682,,1787200,,
2,6,,0.074628,0.112395,0.142551,0.073871,0.109274,0.078705,0.244193,0.04782,0.08575,0.030814,,1778100,,
2,0,,0.186147,0.090385,0.095393,0.139886,0.061274,0.097507,0.020423,0.096869,0.043146,0.16897,,1782000,,
2,2,,0.016246,0.114805,0.216147,0.189132,0.052567,0.104899,0.026147,0.080359,0.074863,0.124835,,1802500,,
2,8,,0.092966,0.131502,0.119284,0.095268,0.088924,0.063427,0.118801,0.062816,0.177447,0.049566,,1768800,,
2,2,,0.015107,0.124245,0.258816,0.17232,0.04469,0.108789,0.037532,0.071628,0.050312,0.116561,,1765400,,
2,8,,0.101785,0.106564,0.151072,0.089274,0.056501,0.099883,0.07562,0.104867,0.163603,0.050831,,1780700,,
2,2,,0.101747,0.11709,0.176991,0.091422,0.116376,0.078507,0.088865,0.057829,0.124299,0.046874,,1785600,,
2,2,,0.071947,0.067988,0.204666,0.115618,0.055962,0.082049,0.143735,0.044209,0.159556,0.054271,,1782300,,
2,3,,0.037464,0.115789,0.174483,0.200803,0.043789,0.105063,0.025481,0.06606,0.054776,0.176293,,1783700,,
2,2,,0.022865,0.09397,0.217299,0.065793,0.134374,0.107535,0.086485,0.116947,0.101875,0.052856,,1778300,,
2,2,,0.024885,0.087292,0.286857,0.141323,0.065788,0.046062,0.033986,0.116997,0.135117,0.061693,,1799900,,
2,2,,0.01617,0.139175,0.255926,0.121762,0.063871,0.097852,0.027585,0.121854,0.085685,0.07012,,1765500,,
2,2,,0.023303,0.087571,0.231387,0.179822,0.059677,0.063519,0.023521,0.174402,0.090189,0.06661,,1784400,,
2,2,,0.014351,0.103064,0.271092,0.095827,0.051354,0.121926,0.060236,0.106015,0.075472,0.100664,,1782900,,
2,2,,0.014534,0.101887,0.241186,0.106636,0.076764,0.087218,0.062827,0.120574,0.132165,0.056211,,1773100,,
2,9,,0.038399,0.085739,0.105656,0.137429,0.08105,0.138947,0.0505,0.07871,0.085099,0.198472,,1784100,,
2,8,,0.091955,0.101304,0.147261,0.072109,0.0874,0.048551,0.159909,0.063562,0.184866,0.043082,,1776600,,
2,2,,0.014351,0.082979,0.252833,0.134234,0.049815,0.123168,0.065633,0.128146,0.052888,0.095953,,1778600,,
2,8,,0.07048,0.077451,0.152043,0.058229,0.09277,0.092283,0.136484,0.104021,0.170624,0.045616,,1773200,,
2,2,,0.016488,0.103452,0.223547,0.124118,0.076974,0.120566,0.05921,0.127156,0.082015,0.066475,,1797300,,
2,3,,0.023407,0.111559,0.176621,0.214462,0.044635,0.089827,0.0457,0.097634,0.070238,0.125919,,1781000,,
2,6,,0.135533,0.075185,0.143785,0.044943,0.115087,0.081444,0.17472,0.051006,0.110156,0.06814,,1779100,,
2,6,,0.105985,0.071319,0.090382,0.046865,0.127364,0.077736,0.257374,0.037763,0.119207,0.066005,,1830400,,
2,9,,0.037357,0.107943,0.1367,0.161591,0.046202,0.106079,0.068567,0.086857,0.079324,0.16938,,1779100,,
2,2,,0.014848,0.090337,0.27864,0.081686,0.073584,0.099857,0.064963,0.12137,0.119665,0.055051,,1780300,,
2,2,,0.076391,0.104271,0.231819,0.083533,0.077362,0.058013,0.03961,0.131979,0.143036,0.053987,,1784100,,
2,2,,0.014657,0.076765,0.238707,0.091449,0.069541,0.099939,0.104941,0.130891,0.126208,0.046901,,1775800,,
2,2,,0.084399,0.070874,0.242438,0.071772,0.072185,0.074154,0.111086,0.079988,0.133793,0.059312,,1801800,,
2,2,,0.034757,0.093676,0.195204,0.129735,0.099869,0.095889,0.050248,0.109705,0.083026,0.107892,,1778100,,
2,2,,0.014267,0.103293,0.272299,0.130246,0.051476,0.114678,0.059344,0.11584,0.061603,0.076953,,1778000,,
2,8,,0.123469,0.068448,0.071117,0.086899,0.072043,0.050742,0.10886,0.096103,0.24437,0.077948,,1775400,,
2,2,,0.118897,0.074871,0.19292,0.142478,0.109869,0.041588,0.061456,0.0662,0.134199,0.057521,,1786400,,
2,2,,0.015767,0.138732,0.178166,0.132585,0.06291,0.125736,0.057712,0.122468,0.045308,0.120616,,1775000,,
2,3,,0.088219,0.060134,0.160231,0.195539,0.04545,0.085739,0.130953,0.058253,0.10573,0.069751,,1779900,,
2,3,,0.036021,0.111813,0.141589,0.146919,0.07718,0.112159,0.049261,0.109421,0.074344,0.141294,,1782400,,
2,8,,0.116521,0.061231,0.167175,0.112033,0.064049,0.044645,0.057099,0.092543,0.212988,0.071716,,1802800,,
2,2,,0.100558,0.077398,0.18198,0.067121,0.077873,0.102976,0.158954,0.046224,0.141294,0.045621,,1789200,,
2,3,,0.024137,0.121633,0.169048,0.192635,0.058101,0.109328,0.030167,0.084011,0.08078,0.130161,,1791500,,
2,8,,0.104043,0.07057,0.163636,0.081027,0.074159,0.043472,0.07425,0.137535,0.188448,0.062861,,1788400,,
2,2,,0.012913,0.149125,0.241663,0.159538,0.039681,0.113171,0.040995,0.075816,0.051317,0.115782,,1778300,,
2,2,,0.014283,0.10679,0.275249,0.105668,0.045717,0.113492,0.064617,0.124817,0.060582,0.088786,,1802200,,
2,3,,0.028431,0.097993,0.147545,0.190593,0.049244,0.152683,0.021693,0.073338,0.059636,0.178843,,1786600,,
2,8,,0.109194,0.081707,0.165103,0.06261,0.069664,0.077258,0.135502,0.059918,0.173961,0.065083,,1783100,,
2,2,,0.016155,0.12772,0.282139,0.116486,0.06554,0.086167,0.024602,0.126214,0.072608,0.082369,,1784300,,
2,2,,0.02038,0.110671,0.171973,0.130743,0.047272,0.16598,0.080882,0.08659,0.074878,0.110631,,1804100,,
2,2,,0.027874,0.104704,0.296353,0.118893,0.041304,0.071522,0.062752,0.134883,0.072868,0.068846,,1786700,,
2,2,,0.017052,0.115751,0.230528,0.119604,0.079537,0.13201,0.025513,0.129138,0.059678,0.09119,,1783000,,
2,8,,0.090829,0.083763,0.148583,0.10491,0.064866,0.062781,0.112489,0.065307,0.204693,0.061779,,1788400,,
2,8,,0.087183,0.090618,0.126938,0.052824,0.09287,0.122208,0.157672,0.056124,0.171681,0.041883,,1789400,,
2,2,,0.093131,0.069252,0.166255,0.0573,0.076216,0.128669,0.133545,0.08867,0.144861,0.042101,,1799000,,
2,8,,0.098373,0.133633,0.157052,0.067796,0.110626,0.048149,0.102651,0.065078,0.165117,0.051526,,1781500,,
2,2,,0.014593,0.10809,0.180426,0.177902,0.034453,0.143556,0.074981,0.072117,0.062709,0.131173,,1785700,,
2,7,,0.037923,0.133315,0.128179,0.134953,0.056696,0.100676,0.031758,0.155103,0.098309,0.123086,,1817700,,
2,6,,0.085845,0.071183,0.154217,0.057161,0.080587,0.079152,0.206732,0.043318,0.169756,0.052048,,1792300,,
2,9,,0.027295,0.112805,0.163391,0.159477,0.048014,0.090534,0.042307,0.108948,0.059313,0.187915,,1786900,,
2,2,,0.012144,0.123674,0.173773,0.156968,0.039349,0.148998,0.091862,0.050436,0.057393,0.145403,,1790800,,
2,2,,0.036021,0.099758,0.202961,0.167976,0.059848,0.10232,0.053364,0.102664,0.055612,0.119477,,1784000,,
2,2,,0.014267,0.100155,0.241123,0.180775,0.03659,0.131914,0.05905,0.066766,0.052103,0.117256,,1787300,,
2,2,,0.018621,0.167496,0.203905,0.111249,0.037476,0.110208,0.091821,0.125963,0.067714,0.065546,,1797300,,
2,2,,0.014746,0.095923,0.230938,0.162831,0.049426,0.138895,0.089774,0.063364,0.042309,0.111795,,1787600,,
2,2,,0.033114,0.126174,0.243247,0.104116,0.079597,0.068459,0.023882,0.147317,0.100066,0.074028,,1789400,,
2,3,,0.031321,0.103096,0.166453,0.195888,0.079223,0.097798,0.037579,0.081876,0.053087,0.153679,,1811000,,
2,6,,0.11216,0.086005,0.090154,0.07366,0.131346,0.03819,0.156467,0.096952,0.143355,0.07171,,1785600,,
3,2,,0.035301,0.104432,0.161512,0.161091,0.075764,0.069115,0.036851,0.113653,0.147846,0.094434,,1784200,,
3,3,,0.028447,0.099541,0.109397,0.312032,0.035973,0.108286,0.018547,0.070028,0.060732,0.157016,,1784000,,
3,2,,0.021282,0.109141,0.201701,0.102899,0.05239,0.1869,0.0279,0.079543,0.131939,0.086303,,1777200,,
3,7,,0.112033,0.086987,0.122161,0.125502,0.064026,0.068055,0.034438,0.199184,0.149687,0.037928,,1778700,,
3,3,,0.016577,0.098662,0.111995,0.341006,0.042797,0.118768,0.018686,0.067316,0.054708,0.129484,,1775200,,
3,3,,0.016066,0.112845,0.138032,0.258843,0.062664,0.120474,0.023853,0.076886,0.062469,0.127869,,1787700,,
3,3,,0.045555,0.115126,0.093553,0.216153,0.03683,0.107507,0.023127,0.131003,0.086478,0.144668,,1821500,,
3,3,,0.025678,0.101933,0.112863,0.257876,0.033774,0.104067,0.021069,0.076151,0.066818,0.199772,,1771600,,
3,3,,0.01489,0.118492,0.158704,0.274232,0.051395,0.11771,0.021593,0.06103,0.059658,0.122295,,1781800,,
3,3,,0.021942,0.122429,0.11707,0.266843,0.044301,0.111633,0.039513,0.080501,0.074469,0.121299,,1772700,,
3,3,,0.033779,0.087944,0.106426,0.274803,0.036758,0.098942,0.029002,0.090398,0.081497,0.160452,,1780300,,
3,3,,0.031007,0.086245,0.116353,0.31253,0.032031,0.092062,0.046564,0.083016,0.060941,0.13925,,1779800,,
3,3,,0.033352,0.094797,0.114499,0.279774,0.035594,0.091659,0.019324,0.084532,0.100046,0.146423,,1790200,,
3,3,,0.031007,0.092325,0.09779,0.292178,0.038836,0.099266,0.018608,0.107802,0.080398,0.14179,,1789600,,
3,7,,0.033041,0.082498,0.130672,0.131873,0.068937,0.106143,0.019668,0.212141,0.128801,0.086225,,1829500,,
3,7,,0.060157,0.119006,0.12486,0.092384,0.144391,0.051098,0.026893,0.201084,0.116223,0.063905,,1780100,,
3,3,,0.020145,0.128226,0.148239,0.233704,0.053181,0.10511,0.02303,0.095603,0.049758,0.143004,,1784700,,
3,3,,0.038459,0.122044,0.098876,0.257631,0.041961,0.105182,0.018704,0.082029,0.05612,0.178994,,1795200,,
3,3,,0.033052,0.094062,0.087846,0.239966,0.047065,0.104678,0.027351,0.137585,0.063568,0.164828,,1774900,,
3,3,,0.014379,0.118378,0.146789,0.237341,0.035008,0.150877,0.066046,0.055241,0.045398,0.130543,,1782900,,
3,1,,0.01751,0.154701,0.14881,0.146478,0.071791,0.145438,0.021249,0.149091,0.079004,0.065929,,1774900,,
3,3,,0.03463,0.102669,0.134636,0.27084,0.035511,0.092244,0.025935,0.078308,0.079413,0.145814,,1792000,,
3,8,,0.042514,0.156065,0.128691,0.058174,0.128209,0.101233,0.050983,0.082226,0.189353,0.062551,,1790200,,
3,1,,0.032198,0.180982,0.17618,0.134854,0.045646,0.065219,0.026253,0.113094,0.126888,0.098687,,1802000,,
3,3,,0.023284,0.124888,0.116505,0.209838,0.038894,0.125878,0.027046,0.072004,0.084115,0.177548,,1780100,,
3,3,,0.0298,0.104992,0.105682,0.232127,0.038891,0.091573,0.029801,0.131247,0.065459,0.170427,,1782200,,
3,3,,0.078888,0.068619,0.182107,0.216511,0.096776,0.064806,0.027382,0.091167,0.066625,0.107119,,1788500,,
3,9,,0.029159,0.114543,0.097576,0.162156,0.059519,0.126162,0.018786,0.102475,0.070565,0.21906,,1788200,,
3,3,,0.037479,0.1002,0.131533,0.252562,0.046295,0.099693,0.024253,0.075283,0.074059,0.158643,,1779500,,
3,3,,0.062795,0.088489,0.146646,0.1564,0.08543,0.095255,0.015908,0.13317,0.087046,0.128862,,1792300,,
3,3,,0.031007,0.102037,0.107011,0.299779,0.031907,0.097272,0.028112,0.085985,0.078513,0.138376,,1791200,,
3,3,,0.036919,0.097221,0.083002,0.202585,0.037842,0.131325,0.029436,0.096674,0.098637,0.186358,,1800600,,
3,2,,0.042691,0.125566,0.170681,0.155119,0.048663,0.081093,0.023032,0.167673,0.086709,0.098773,,1791900,,
3,3,,0.018192,0.110881,0.142405,0.210526,0.078753,0.149874,0.025917,0.084589,0.039578,0.139285,,1788000,,
3,3,,0.028447,0.121424,0.10783,0.301053,0.035991,0.104268,0.019092,0.0716,0.065502,0.144791,,1784800,,
3,3,,0.024011,0.107378,0.096221,0.232391,0.033774,0.105572,0.029343,0.0741,0.087822,0.209388,,1786900,,
3,5,,0.021313,0.126099,0.077313,0.11932,0.049134,0.255305,0.076328,0.062537,0.08235,0.130302,,1779400,,
3,3,,0.016925,0.106109,0.148285,0.226968,0.052559,0.142683,0.019771,0.060587,0.065882,0.160231,,1800100,,
3,3,,0.01646,0.127318,0.128399,0.273598,0.045104,0.111764,0.02003,0.074876,0.05701,0.145442,,1788000,,
3,3,,0.034808,0.07794,0.099467,0.246683,0.041042,0.121273,0.018215,0.103558,0.060504,0.196509,,1794200,,
