optdigits,LADTree,test,3,NANOSECONDS,PREDICTIONS, Generated by ClassifierExperiments.java on 2022-05-16 13:39:51.    SYSTEMPROPERTIES:{user.name:matth,os.arch:amd64,os.name:Windows 10},ENDSYSTEMPROPERTIES
No parameter info
0.812223206377325,2766492600,2086457600,-1,101347688,10,,-1,-1
0,0,,0.369309,0.055425,0.03351,0.027213,0.080692,0.038038,0.089232,0.061073,0.121558,0.12395,,2117900,,
0,0,,0.161595,0.052745,0.11062,0.036083,0.116577,0.049384,0.115355,0.084701,0.154276,0.118664,,1899700,,
0,0,,0.409868,0.040868,0.057527,0.030842,0.065236,0.024413,0.121245,0.056075,0.107731,0.086194,,1890900,,
0,0,,0.48278,0.039335,0.030728,0.017822,0.08521,0.02231,0.058385,0.064453,0.071237,0.127739,,1910600,,
0,0,,0.426917,0.047407,0.06294,0.045657,0.092443,0.04038,0.047883,0.081479,0.112612,0.042282,,1889300,,
0,0,,0.524103,0.036938,0.040017,0.034755,0.093886,0.027593,0.037659,0.055368,0.081981,0.0677,,1883100,,
0,0,,0.401537,0.061237,0.041874,0.032873,0.126983,0.036955,0.050151,0.110676,0.088387,0.049328,,1883500,,
0,0,,0.369723,0.056625,0.044385,0.024775,0.076539,0.037568,0.146791,0.050388,0.112665,0.080542,,1876700,,
0,0,,0.40279,0.051058,0.050942,0.052117,0.093843,0.083529,0.035503,0.064914,0.108776,0.056528,,1872000,,
0,0,,0.378529,0.039031,0.021595,0.037944,0.172036,0.038189,0.12307,0.065808,0.084151,0.039649,,1926800,,
0,0,,0.504026,0.033978,0.048274,0.025369,0.065551,0.024132,0.060297,0.069396,0.100948,0.068028,,1876400,,
0,0,,0.316854,0.039155,0.040351,0.034559,0.144303,0.038514,0.123839,0.084594,0.105701,0.072131,,1902400,,
0,9,,0.168342,0.052395,0.074617,0.039656,0.165496,0.035251,0.144966,0.05498,0.095075,0.169222,,1833600,,
0,0,,0.400443,0.062178,0.043046,0.043371,0.133948,0.031623,0.112823,0.053853,0.07614,0.042575,,1823500,,
0,0,,0.33281,0.049184,0.020882,0.027933,0.175145,0.045143,0.11675,0.086424,0.082122,0.063608,,1817900,,
0,0,,0.36709,0.056243,0.068001,0.042067,0.076189,0.044354,0.122939,0.064188,0.10604,0.052889,,1832400,,
0,0,,0.463121,0.054903,0.046898,0.033832,0.057204,0.028902,0.09672,0.042793,0.091113,0.084515,,1833200,,
0,0,,0.356481,0.062677,0.020701,0.022218,0.129963,0.031232,0.114152,0.074679,0.072368,0.115529,,1864300,,
0,0,,0.412347,0.064777,0.043089,0.03603,0.0713,0.060417,0.099246,0.056461,0.101474,0.054857,,1841700,,
0,0,,0.445927,0.0529,0.048241,0.038845,0.137821,0.032943,0.049293,0.053813,0.085798,0.054419,,1865200,,
0,0,,0.391584,0.042119,0.031698,0.024546,0.079152,0.075327,0.103213,0.060586,0.113816,0.07796,,1829200,,
0,0,,0.368451,0.053649,0.02992,0.027281,0.149554,0.051047,0.113353,0.05761,0.072179,0.076955,,1822500,,
0,0,,0.513928,0.040459,0.04353,0.033589,0.064226,0.025434,0.049982,0.067424,0.109774,0.051654,,1818100,,
0,0,,0.463754,0.045493,0.054387,0.026051,0.093368,0.036459,0.053634,0.066756,0.106771,0.053328,,1825600,,
0,0,,0.473249,0.045181,0.02683,0.036154,0.07028,0.023633,0.07801,0.056412,0.139881,0.05037,,1820600,,
0,0,,0.476739,0.049478,0.06058,0.045657,0.074029,0.030623,0.057605,0.068826,0.095167,0.041295,,1821300,,
0,0,,0.351948,0.038478,0.046492,0.041057,0.088673,0.0571,0.1105,0.062232,0.132374,0.071146,,1852400,,
0,0,,0.506789,0.043433,0.035981,0.031527,0.077854,0.017139,0.071599,0.050245,0.107623,0.05781,,1840600,,
0,0,,0.294745,0.042989,0.051762,0.040783,0.102316,0.050883,0.114183,0.07906,0.152523,0.070757,,1815400,,
0,0,,0.372071,0.068878,0.035847,0.032826,0.139847,0.031029,0.145343,0.052405,0.074037,0.047716,,1823900,,
0,0,,0.417755,0.050823,0.035667,0.028589,0.084654,0.031489,0.118373,0.060892,0.107432,0.064326,,1817500,,
0,0,,0.519258,0.050749,0.039523,0.047703,0.08275,0.028796,0.036249,0.058223,0.075733,0.061015,,1821600,,
0,0,,0.410354,0.054307,0.022174,0.022489,0.111108,0.023959,0.112387,0.06038,0.069512,0.113331,,1827400,,
0,0,,0.298496,0.068928,0.045829,0.02231,0.070371,0.076703,0.042307,0.143655,0.092771,0.13863,,1818100,,
0,0,,0.470627,0.043101,0.033588,0.030849,0.083731,0.026683,0.049361,0.073719,0.11774,0.070601,,1820000,,
0,0,,0.346166,0.056888,0.039157,0.024512,0.116076,0.039194,0.078468,0.079394,0.11051,0.109635,,1847700,,
0,0,,0.397013,0.06666,0.042424,0.061346,0.086104,0.035108,0.083863,0.03759,0.129875,0.060017,,1850500,,
0,0,,0.415923,0.046237,0.027251,0.047303,0.112664,0.043455,0.078861,0.067165,0.111309,0.049833,,1821600,,
0,0,,0.360659,0.056102,0.038672,0.026975,0.083439,0.056682,0.111778,0.056373,0.112732,0.096588,,1824200,,
0,0,,0.486758,0.035979,0.070667,0.032932,0.051122,0.049453,0.037608,0.064623,0.091301,0.079557,,1821700,,
0,0,,0.488001,0.03923,0.036198,0.024053,0.089811,0.032556,0.05682,0.071999,0.102486,0.058846,,1824500,,
0,0,,0.484513,0.050975,0.038856,0.040266,0.101161,0.033113,0.042811,0.057424,0.093753,0.057127,,1826000,,
0,0,,0.447832,0.049597,0.048268,0.041001,0.056204,0.024846,0.05002,0.100038,0.092004,0.09019,,1829000,,
0,0,,0.384851,0.045446,0.024497,0.037526,0.117432,0.022495,0.155658,0.057259,0.078149,0.076687,,1836000,,
0,0,,0.356911,0.062493,0.039693,0.03101,0.091047,0.038548,0.066174,0.064219,0.12506,0.124845,,1853600,,
0,0,,0.329478,0.061555,0.063127,0.03779,0.058187,0.119093,0.020695,0.1511,0.085372,0.073604,,1826500,,
0,0,,0.413271,0.047261,0.031451,0.028272,0.074309,0.089148,0.050704,0.069416,0.103994,0.092175,,1822400,,
0,0,,0.462977,0.05007,0.029223,0.027619,0.074401,0.021034,0.076875,0.064527,0.129988,0.063285,,1824800,,
0,0,,0.415289,0.062655,0.044128,0.025723,0.074065,0.037781,0.134276,0.049231,0.104161,0.052691,,1830100,,
0,0,,0.429373,0.040547,0.040998,0.033276,0.072614,0.026374,0.095375,0.066572,0.119517,0.075355,,1836900,,
0,0,,0.392201,0.088878,0.077893,0.031714,0.126613,0.082137,0.024133,0.068981,0.074057,0.033393,,1841400,,
0,0,,0.385446,0.047499,0.024941,0.029989,0.151614,0.040055,0.117033,0.058157,0.093399,0.051867,,1852100,,
0,0,,0.481293,0.046198,0.042758,0.053275,0.076221,0.029435,0.059693,0.050804,0.090864,0.069459,,1880200,,
0,0,,0.312131,0.062453,0.03566,0.026651,0.133447,0.0375,0.129527,0.057973,0.1228,0.081858,,1842200,,
0,0,,0.524413,0.038051,0.036551,0.03123,0.058762,0.015705,0.066188,0.049881,0.124288,0.054931,,1839800,,
0,0,,0.407426,0.044008,0.022951,0.024363,0.128705,0.032169,0.124055,0.058505,0.08722,0.070597,,1836600,,
0,0,,0.382817,0.045932,0.082571,0.068211,0.084973,0.065106,0.032706,0.080238,0.095752,0.061694,,1835200,,
0,0,,0.475109,0.031014,0.056912,0.030023,0.072321,0.0364,0.052932,0.068127,0.103873,0.073289,,1814500,,
0,0,,0.37545,0.039143,0.057309,0.024895,0.073223,0.037889,0.103612,0.10559,0.110556,0.072335,,1833600,,
0,0,,0.220843,0.115818,0.075449,0.040592,0.117934,0.046598,0.020709,0.134164,0.072428,0.155467,,1839700,,
0,0,,0.394695,0.052831,0.039062,0.035956,0.101864,0.047702,0.049767,0.078744,0.115443,0.083936,,1861400,,
0,4,,0.182949,0.06206,0.031237,0.020622,0.203291,0.072454,0.153885,0.070896,0.095673,0.106933,,1868800,,
0,0,,0.381563,0.071107,0.052213,0.049038,0.071567,0.033809,0.044117,0.119154,0.111668,0.065765,,1843300,,
0,0,,0.491594,0.051008,0.048284,0.049617,0.074771,0.02378,0.057834,0.056712,0.093013,0.053387,,1825300,,
0,0,,0.49571,0.045539,0.028335,0.025621,0.061483,0.018115,0.072222,0.057563,0.118395,0.077016,,1823400,,
0,0,,0.329708,0.044082,0.033466,0.023447,0.151942,0.077641,0.125748,0.05564,0.078198,0.080128,,1823200,,
0,0,,0.513831,0.043905,0.043196,0.036009,0.087675,0.02255,0.039646,0.077037,0.086941,0.049211,,1819300,,
0,0,,0.406068,0.075633,0.06959,0.053805,0.06593,0.052965,0.030543,0.095145,0.082198,0.068123,,1824300,,
0,0,,0.490297,0.032037,0.030556,0.023645,0.058557,0.030739,0.079185,0.052179,0.131773,0.071031,,1836500,,
0,0,,0.473524,0.047278,0.053444,0.014336,0.107459,0.027015,0.080902,0.044033,0.108695,0.043313,,1845000,,
0,0,,0.297633,0.0354,0.043745,0.040841,0.165321,0.05767,0.117023,0.081084,0.086386,0.074895,,1825300,,
0,0,,0.393694,0.065345,0.082424,0.033805,0.067771,0.029769,0.033106,0.101659,0.117053,0.075374,,1826000,,
0,0,,0.345042,0.032927,0.036585,0.032391,0.146598,0.045939,0.121552,0.067245,0.108131,0.063591,,1821400,,
0,0,,0.387998,0.062268,0.022503,0.017739,0.141488,0.021966,0.10769,0.064839,0.070651,0.102859,,1816400,,
0,0,,0.448517,0.049924,0.059458,0.040157,0.098532,0.039729,0.061136,0.068757,0.093289,0.040502,,1826600,,
0,0,,0.48086,0.060243,0.046253,0.029101,0.073016,0.019843,0.057529,0.089751,0.080911,0.062493,,1816600,,
0,0,,0.372188,0.035115,0.042158,0.062161,0.115608,0.024011,0.101767,0.073486,0.118865,0.054641,,1824700,,
0,0,,0.49862,0.037477,0.026274,0.02526,0.06853,0.025115,0.077343,0.062435,0.116991,0.061956,,1831200,,
0,0,,0.453577,0.053497,0.058111,0.022701,0.112311,0.035086,0.050366,0.07594,0.09651,0.0419,,1868800,,
0,0,,0.272806,0.058596,0.048245,0.058917,0.161417,0.04722,0.136867,0.075598,0.094123,0.046211,,1837100,,
0,0,,0.433723,0.053302,0.047863,0.033299,0.073426,0.026544,0.106429,0.054398,0.094804,0.076212,,1828000,,
0,0,,0.403341,0.040344,0.059541,0.048308,0.074821,0.029201,0.118338,0.05134,0.11752,0.057247,,1816300,,
0,0,,0.375333,0.042603,0.031613,0.025731,0.136897,0.034801,0.11987,0.072365,0.092031,0.068755,,1818300,,
0,0,,0.404944,0.037684,0.029306,0.036037,0.11763,0.039366,0.131485,0.052129,0.088123,0.063295,,1819300,,
0,0,,0.445409,0.043083,0.041152,0.040281,0.094119,0.0354,0.058771,0.068718,0.121173,0.051894,,1820500,,
0,0,,0.511326,0.041187,0.033548,0.027707,0.085334,0.038376,0.065702,0.04782,0.075029,0.07397,,1834600,,
0,0,,0.378344,0.040466,0.036783,0.036072,0.129392,0.035407,0.122015,0.062587,0.083506,0.075426,,1819700,,
0,0,,0.383313,0.050833,0.059684,0.036157,0.161117,0.053309,0.042962,0.075508,0.098333,0.038784,,1838500,,
0,0,,0.424894,0.036203,0.02982,0.033894,0.115754,0.034244,0.109824,0.065381,0.083011,0.066976,,1819700,,
0,0,,0.316233,0.059773,0.049485,0.026707,0.119513,0.04145,0.056716,0.081549,0.149302,0.099272,,1818400,,
0,0,,0.344108,0.07059,0.060856,0.061533,0.089434,0.091264,0.025335,0.089312,0.094882,0.072687,,1830200,,
0,0,,0.482056,0.047302,0.052866,0.050926,0.069233,0.024181,0.050169,0.070543,0.092433,0.060292,,1837300,,
0,0,,0.479473,0.032198,0.035642,0.042739,0.066024,0.02225,0.080493,0.054516,0.123796,0.062869,,1818200,,
0,0,,0.413499,0.044396,0.03634,0.02605,0.082948,0.02989,0.090888,0.06722,0.142209,0.066561,,1841700,,
0,0,,0.345974,0.086582,0.085528,0.043588,0.056627,0.087006,0.040633,0.096817,0.078761,0.078483,,1826200,,
0,0,,0.416519,0.035164,0.028398,0.033784,0.113737,0.034529,0.123323,0.063733,0.090037,0.060776,,1823100,,
0,0,,0.313996,0.057932,0.06916,0.04527,0.079095,0.0657,0.02552,0.140102,0.119486,0.083738,,1852800,,
0,0,,0.488323,0.054098,0.036693,0.027845,0.083916,0.031939,0.043845,0.069069,0.10431,0.059962,,1833800,,
0,0,,0.342498,0.065596,0.025284,0.022969,0.119528,0.025608,0.153166,0.059442,0.08539,0.100518,,1825300,,
0,0,,0.499991,0.049941,0.03016,0.016386,0.076773,0.021041,0.0352,0.066579,0.08692,0.117009,,1815900,,
0,0,,0.373773,0.039389,0.038356,0.038398,0.086787,0.024636,0.096539,0.088381,0.129391,0.08435,,1820000,,
0,0,,0.385065,0.059623,0.032312,0.03683,0.118326,0.024312,0.150237,0.045328,0.086493,0.061474,,1860500,,
0,0,,0.338022,0.068567,0.045048,0.040915,0.164007,0.039387,0.131222,0.062345,0.068519,0.041969,,1824100,,
0,0,,0.412367,0.053308,0.054094,0.050136,0.092859,0.042017,0.048086,0.081719,0.108099,0.057314,,1820500,,
0,0,,0.41861,0.064147,0.034203,0.027272,0.062868,0.02177,0.099873,0.063196,0.106152,0.101908,,1841500,,
0,0,,0.429854,0.063001,0.033895,0.022384,0.071107,0.022966,0.100946,0.06021,0.095503,0.100134,,1835700,,
0,0,,0.378054,0.061355,0.047485,0.057972,0.097081,0.075908,0.052826,0.053561,0.108747,0.067012,,1829900,,
0,0,,0.419541,0.051625,0.03889,0.045139,0.063695,0.027634,0.09382,0.058777,0.13726,0.063618,,1822800,,
0,0,,0.40077,0.054815,0.034353,0.028885,0.061728,0.028068,0.092858,0.07776,0.134262,0.086501,,1824800,,
0,0,,0.579046,0.027688,0.048138,0.027394,0.041251,0.025815,0.044326,0.053772,0.080624,0.071945,,1857200,,
0,0,,0.250566,0.055481,0.041015,0.069024,0.197329,0.055541,0.178058,0.039395,0.075211,0.038379,,1824900,,
1,1,,0.07928,0.207202,0.076661,0.141266,0.105162,0.10143,0.045342,0.072975,0.056308,0.114374,,1820300,,
1,1,,0.036282,0.253803,0.074569,0.156168,0.086971,0.091822,0.033069,0.099191,0.07124,0.096885,,1827700,,
1,1,,0.050055,0.288683,0.115934,0.13616,0.03169,0.079512,0.019787,0.062779,0.067248,0.148152,,1864300,,
1,1,,0.023214,0.259717,0.091107,0.140521,0.111542,0.131215,0.03767,0.049225,0.050236,0.105553,,1854600,,
1,9,,0.047783,0.123876,0.061497,0.107818,0.054961,0.119955,0.026379,0.084603,0.063391,0.309737,,1834100,,
1,1,,0.030746,0.25418,0.060965,0.126941,0.041044,0.114456,0.014056,0.095563,0.06359,0.198458,,1836500,,
1,1,,0.119683,0.204294,0.062204,0.054496,0.129354,0.02549,0.138268,0.061634,0.174083,0.030495,,1826300,,
1,4,,0.021673,0.225706,0.102835,0.06465,0.255631,0.09876,0.048,0.052287,0.060961,0.069496,,1857500,,
1,1,,0.088848,0.240698,0.074352,0.067037,0.064101,0.028392,0.065852,0.100324,0.217748,0.052648,,1835600,,
1,1,,0.048169,0.159082,0.148422,0.153865,0.069773,0.140887,0.015869,0.079248,0.065018,0.119668,,1836800,,
1,2,,0.004115,0.123661,0.182186,0.101404,0.065897,0.109572,0.109694,0.134985,0.090247,0.078239,,1838300,,
1,6,,0.005433,0.129709,0.137293,0.089973,0.10079,0.138128,0.140651,0.037296,0.114662,0.106065,,1871900,,
1,1,,0.051979,0.319154,0.103145,0.087234,0.060348,0.046048,0.082388,0.087788,0.1051,0.056815,,1856200,,
1,4,,0.079864,0.128755,0.124229,0.036455,0.180325,0.064643,0.143278,0.103865,0.122767,0.015821,,1865300,,
1,1,,0.045828,0.161838,0.120555,0.093332,0.095599,0.059764,0.074541,0.155301,0.06963,0.123613,,1900800,,
1,1,,0.004955,0.293038,0.113995,0.13997,0.139113,0.106067,0.014744,0.057646,0.037012,0.093459,,1853900,,
1,1,,0.048003,0.247126,0.04671,0.099428,0.051067,0.087861,0.020687,0.11872,0.040952,0.239445,,1837500,,
1,1,,0.044232,0.157114,0.109029,0.148619,0.053384,0.097034,0.033048,0.090615,0.118807,0.148117,,1841500,,
1,1,,0.055278,0.419356,0.08963,0.065005,0.052317,0.055819,0.02953,0.061867,0.139457,0.031741,,1842700,,
1,1,,0.04068,0.262222,0.120472,0.131087,0.093639,0.10465,0.067353,0.061898,0.042083,0.075914,,1851600,,
1,1,,0.076294,0.252466,0.05397,0.063693,0.173581,0.01887,0.066242,0.089967,0.15322,0.051697,,1835900,,
1,1,,0.125339,0.257383,0.060739,0.050037,0.065034,0.020371,0.10973,0.07765,0.187333,0.046384,,1840500,,
1,1,,0.005214,0.244684,0.169481,0.143426,0.071485,0.06709,0.011415,0.172311,0.067809,0.047085,,1837900,,
1,9,,0.027507,0.162935,0.085554,0.15784,0.040159,0.146819,0.029464,0.091477,0.070152,0.188094,,1862500,,
1,1,,0.03424,0.388052,0.12331,0.077369,0.086251,0.056698,0.030858,0.071465,0.097583,0.034174,,1835600,,
1,1,,0.029746,0.243647,0.098467,0.158545,0.095035,0.102937,0.036924,0.066466,0.066763,0.101469,,1830100,,
1,1,,0.099737,0.160257,0.147436,0.066256,0.117499,0.036546,0.05975,0.08936,0.080948,0.142211,,1831700,,
1,9,,0.033518,0.116709,0.103487,0.170106,0.034941,0.104272,0.042163,0.076629,0.098771,0.219405,,1830400,,
1,1,,0.105473,0.320895,0.087161,0.064526,0.089843,0.030456,0.04496,0.079677,0.154912,0.022097,,1843800,,
1,1,,0.130215,0.242627,0.04547,0.054474,0.102876,0.03253,0.113257,0.100061,0.153391,0.0251,,1837700,,
1,9,,0.09638,0.130297,0.047234,0.135513,0.048211,0.085369,0.027044,0.077757,0.112635,0.23956,,1843500,,
1,1,,0.016509,0.265678,0.148427,0.110261,0.07761,0.09077,0.132261,0.041158,0.039624,0.077703,,1869900,,
1,1,,0.069816,0.218674,0.04967,0.140796,0.096283,0.097954,0.030994,0.090494,0.08937,0.115948,,1829100,,
1,1,,0.063274,0.241481,0.063892,0.11554,0.049685,0.07401,0.024376,0.093668,0.06804,0.206034,,1822900,,
1,1,,0.004726,0.239589,0.073344,0.149716,0.18927,0.108031,0.01719,0.073492,0.043879,0.100763,,1825500,,
1,2,,0.017708,0.148644,0.180802,0.117254,0.063673,0.087686,0.139443,0.126571,0.061797,0.056423,,1830900,,
1,1,,0.038687,0.187442,0.128505,0.155165,0.09411,0.060934,0.030431,0.128845,0.09979,0.076092,,1839200,,
1,6,,0.077045,0.124889,0.116936,0.06825,0.094021,0.04778,0.233902,0.027557,0.161112,0.048508,,1829700,,
1,1,,0.071591,0.300412,0.076137,0.121819,0.059424,0.098512,0.01788,0.066922,0.06551,0.121793,,1816600,,
1,1,,0.004357,0.191089,0.166138,0.1526,0.076671,0.10531,0.106083,0.055555,0.04412,0.098077,,1843900,,
1,1,,0.058509,0.322932,0.081538,0.125346,0.03949,0.097694,0.020951,0.072536,0.072305,0.108698,,1827500,,
1,2,,0.003983,0.143895,0.229926,0.12947,0.047324,0.166609,0.085014,0.04084,0.046358,0.106582,,1831500,,
1,1,,0.014554,0.260129,0.101004,0.079393,0.129026,0.046113,0.024965,0.108437,0.198408,0.037969,,1826100,,
1,1,,0.013111,0.404239,0.119124,0.0535,0.08484,0.042879,0.023084,0.067475,0.149845,0.041901,,1827900,,
1,9,,0.063137,0.132452,0.067394,0.120646,0.085927,0.130976,0.011895,0.093633,0.113219,0.180721,,1827500,,
1,1,,0.086317,0.244522,0.105134,0.093752,0.063103,0.066188,0.009361,0.14584,0.088919,0.096864,,1833900,,
1,1,,0.009103,0.229345,0.166391,0.096775,0.096195,0.079273,0.015812,0.167859,0.070454,0.068793,,1826800,,
1,1,,0.014968,0.247781,0.148554,0.112559,0.102648,0.089645,0.017498,0.101296,0.116847,0.048205,,1837800,,
1,1,,0.097082,0.287542,0.074905,0.059385,0.056282,0.02737,0.065019,0.089494,0.194607,0.048314,,1827900,,
1,1,,0.039609,0.290098,0.139707,0.112274,0.063301,0.068542,0.012553,0.12806,0.088016,0.057839,,1827500,,
1,1,,0.085777,0.245596,0.144125,0.069039,0.080899,0.049088,0.082156,0.069283,0.155809,0.018227,,4096100,,
1,2,,0.003998,0.169584,0.199642,0.138187,0.067604,0.100708,0.121167,0.053554,0.047889,0.097667,,3522700,,
1,1,,0.00963,0.202394,0.167561,0.108115,0.122383,0.093164,0.029024,0.145573,0.066842,0.055313,,3533100,,
1,1,,0.102032,0.177502,0.056515,0.036951,0.159614,0.02317,0.115843,0.102142,0.138183,0.088048,,2303000,,
1,2,,0.004084,0.141853,0.179445,0.150729,0.082531,0.102019,0.134615,0.064794,0.048359,0.091571,,1828700,,
1,1,,0.133263,0.266841,0.033125,0.043679,0.141406,0.017237,0.143456,0.070183,0.110439,0.040371,,1823700,,
1,1,,0.056604,0.265079,0.122694,0.049595,0.07091,0.033014,0.175456,0.072035,0.133249,0.021364,,1821700,,
1,9,,0.070023,0.138579,0.064715,0.135595,0.076188,0.084133,0.030542,0.095796,0.057445,0.246985,,1813600,,
1,1,,0.039002,0.223795,0.110698,0.098135,0.115323,0.04369,0.042645,0.124021,0.126497,0.076194,,1817900,,
1,5,,0.020071,0.139602,0.130455,0.123095,0.102941,0.148996,0.14076,0.054186,0.046823,0.093073,,1845100,,
1,1,,0.138363,0.157778,0.083201,0.049167,0.14458,0.025688,0.094033,0.088426,0.137659,0.081106,,1835900,,
1,1,,0.084077,0.283654,0.076308,0.123591,0.068131,0.082036,0.022908,0.062537,0.074335,0.122422,,1809500,,
1,4,,0.093045,0.157227,0.062613,0.073423,0.173057,0.066021,0.146271,0.108683,0.091694,0.027966,,1813700,,
1,1,,0.054794,0.184263,0.045412,0.110354,0.115319,0.095309,0.038998,0.110422,0.064185,0.180944,,1812300,,
1,1,,0.052261,0.197003,0.072463,0.134904,0.081794,0.084896,0.080352,0.09193,0.077974,0.126423,,1808700,,
1,1,,0.121306,0.212385,0.060249,0.052525,0.151863,0.018515,0.140057,0.080697,0.1141,0.048303,,1805400,,
1,1,,0.005728,0.236206,0.122932,0.085253,0.147426,0.116629,0.02092,0.157232,0.067998,0.039675,,1817700,,
1,4,,0.005061,0.161977,0.15767,0.120367,0.185846,0.081453,0.018871,0.135194,0.062271,0.071292,,1807700,,
1,1,,0.0081,0.334915,0.169734,0.071041,0.153934,0.049307,0.040444,0.053184,0.09416,0.025181,,1819100,,
1,9,,0.051673,0.090084,0.095314,0.127395,0.068629,0.091034,0.015998,0.076452,0.061737,0.321684,,1832500,,
1,8,,0.107453,0.172451,0.172036,0.053952,0.071342,0.06276,0.111508,0.03713,0.176048,0.035319,,1813200,,
1,1,,0.086401,0.30258,0.071555,0.128848,0.068009,0.078254,0.03728,0.065743,0.054925,0.106404,,1809300,,
1,9,,0.053682,0.119172,0.075158,0.163488,0.064691,0.077845,0.021095,0.168217,0.077983,0.178668,,1809000,,
1,9,,0.074747,0.154895,0.053362,0.118275,0.098321,0.109395,0.024291,0.077393,0.053638,0.235684,,1814400,,
1,3,,0.06512,0.112763,0.16168,0.202837,0.027557,0.095642,0.031109,0.068712,0.070979,0.163602,,1813300,,
1,4,,0.105227,0.149658,0.034551,0.066707,0.181248,0.041349,0.137621,0.100354,0.10351,0.079776,,1820700,,
1,1,,0.128637,0.22576,0.042626,0.052258,0.130226,0.029563,0.15837,0.060285,0.11754,0.054735,,1820700,,
1,9,,0.078127,0.101195,0.106171,0.117256,0.043836,0.071586,0.059701,0.074541,0.035387,0.312201,,1819400,,
1,9,,0.056009,0.134372,0.076201,0.115336,0.094416,0.089952,0.013004,0.086249,0.057072,0.277389,,1809900,,
1,1,,0.027185,0.29364,0.138924,0.098612,0.080014,0.066123,0.030239,0.132543,0.082256,0.050464,,1815800,,
1,1,,0.00825,0.233252,0.158339,0.065495,0.15596,0.086049,0.01238,0.11932,0.136623,0.024333,,1810200,,
1,1,,0.00446,0.1993,0.132275,0.138407,0.118072,0.156595,0.026473,0.074494,0.052167,0.097759,,1815100,,
1,2,,0.003983,0.120538,0.181843,0.114539,0.086078,0.110954,0.122269,0.109804,0.084582,0.065411,,1821100,,
1,1,,0.032864,0.31922,0.08861,0.076288,0.076418,0.048129,0.055573,0.123614,0.080385,0.098899,,1810700,,
1,1,,0.037682,0.350077,0.094146,0.063927,0.056877,0.054583,0.053945,0.099109,0.092433,0.09722,,1810800,,
1,2,,0.005846,0.147051,0.161352,0.135799,0.076864,0.136171,0.120227,0.051747,0.049794,0.115148,,1872900,,
1,1,,0.085498,0.311533,0.079685,0.075325,0.079388,0.031695,0.045029,0.106097,0.150617,0.035134,,1817800,,
1,6,,0.060915,0.204929,0.076484,0.076882,0.125533,0.06169,0.230669,0.033078,0.106696,0.023123,,1809300,,
1,1,,0.049532,0.304579,0.09552,0.082362,0.063825,0.039044,0.042944,0.165698,0.133221,0.023275,,1818900,,
1,1,,0.029489,0.228072,0.066739,0.126698,0.082822,0.093126,0.067867,0.098424,0.052813,0.153948,,1810300,,
1,1,,0.068402,0.327063,0.062117,0.037783,0.09504,0.02173,0.093955,0.092385,0.125082,0.076443,,1809100,,
1,1,,0.115601,0.259096,0.07571,0.057664,0.054319,0.015992,0.127081,0.075818,0.170518,0.048203,,1819400,,
1,1,,0.080952,0.341178,0.093549,0.070389,0.071347,0.031064,0.054788,0.095338,0.136067,0.025329,,1816000,,
1,3,,0.01421,0.172188,0.06918,0.199733,0.138417,0.153966,0.016576,0.061071,0.071516,0.103142,,1862300,,
1,1,,0.125113,0.229425,0.062115,0.050991,0.134333,0.022227,0.125499,0.072606,0.124251,0.05344,,1807600,,
1,8,,0.07856,0.177084,0.094769,0.122202,0.096223,0.042083,0.086873,0.041144,0.225235,0.035828,,1817500,,
1,1,,0.060477,0.225185,0.065422,0.10223,0.078888,0.10633,0.020139,0.113834,0.050062,0.177434,,1811800,,
1,1,,0.021968,0.277388,0.114283,0.166551,0.045283,0.096063,0.022553,0.080958,0.07353,0.101423,,1808100,,
1,1,,0.007262,0.2743,0.135969,0.14067,0.088757,0.066456,0.011132,0.126493,0.10284,0.046121,,1812500,,
1,1,,0.043502,0.178478,0.126374,0.109544,0.137824,0.051229,0.017947,0.17157,0.118126,0.045407,,1818900,,
1,6,,0.029165,0.101156,0.158578,0.134506,0.061636,0.145303,0.167902,0.053202,0.055239,0.093313,,1826300,,
1,1,,0.145059,0.258672,0.043803,0.045394,0.095339,0.019641,0.126284,0.073008,0.16411,0.02869,,1824600,,
1,1,,0.046819,0.325956,0.10421,0.085115,0.094612,0.060313,0.01119,0.10964,0.107987,0.054157,,1852600,,
1,4,,0.064091,0.131085,0.146535,0.032619,0.172746,0.084933,0.168829,0.037609,0.121354,0.040201,,1824600,,
1,1,,0.034864,0.260349,0.118225,0.051345,0.176078,0.044318,0.067472,0.076433,0.144777,0.026138,,1813000,,
1,1,,0.004014,0.213098,0.148334,0.152612,0.104714,0.098093,0.091866,0.054716,0.043598,0.088954,,1804700,,
1,8,,0.065682,0.135933,0.102901,0.048341,0.144047,0.102527,0.085546,0.038667,0.258702,0.017654,,1811800,,
1,1,,0.019283,0.29525,0.135366,0.152711,0.085664,0.105869,0.012687,0.05509,0.046084,0.091996,,1806000,,
1,1,,0.091668,0.178489,0.079691,0.048394,0.159844,0.049321,0.16368,0.042143,0.165975,0.020795,,1816900,,
1,1,,0.0814,0.27162,0.063832,0.066117,0.06356,0.042356,0.056563,0.121998,0.155279,0.077276,,1824200,,
1,1,,0.003983,0.189229,0.153026,0.162824,0.04949,0.111178,0.114129,0.055267,0.04902,0.111855,,1857500,,
1,1,,0.028964,0.233612,0.069531,0.116584,0.061496,0.084496,0.017343,0.110381,0.080387,0.197206,,1811800,,
1,1,,0.063211,0.315434,0.071007,0.054277,0.053901,0.029164,0.079874,0.141411,0.107226,0.084495,,1805300,,
1,1,,0.111011,0.19962,0.055127,0.056954,0.126736,0.039755,0.056659,0.117691,0.192862,0.043585,,1808700,,
1,1,,0.079563,0.192644,0.05008,0.146162,0.123049,0.089387,0.054223,0.083038,0.079248,0.102605,,1814000,,
2,8,,0.081982,0.101658,0.141406,0.111494,0.034373,0.031227,0.054191,0.08245,0.273474,0.087744,,1808800,,
2,9,,0.03152,0.099281,0.128069,0.170882,0.037115,0.108395,0.053254,0.088263,0.081432,0.201789,,1817700,,
2,2,,0.069664,0.154564,0.201096,0.059043,0.033686,0.10967,0.056386,0.112928,0.165555,0.037407,,1830900,,
2,2,,0.003998,0.093993,0.198695,0.141923,0.04564,0.119166,0.095372,0.064243,0.121671,0.115299,,1814000,,
2,3,,0.077224,0.080884,0.14897,0.150488,0.121538,0.083835,0.112731,0.042114,0.134702,0.047514,,1834400,,
2,2,,0.003983,0.087685,0.296982,0.147353,0.051253,0.068494,0.101717,0.106339,0.091393,0.044801,,1819100,,
2,3,,0.049,0.072677,0.122379,0.158136,0.141302,0.093791,0.054161,0.079845,0.078587,0.150121,,1819000,,
2,2,,0.015003,0.077591,0.309065,0.107729,0.075899,0.047238,0.031346,0.107718,0.162364,0.066045,,1809100,,
2,2,,0.036575,0.090137,0.224593,0.122477,0.055556,0.070479,0.029258,0.167067,0.072273,0.131584,,1807400,,
2,2,,0.003983,0.087872,0.287695,0.110815,0.052025,0.081257,0.097975,0.096846,0.131426,0.050105,,1817900,,
2,2,,0.058428,0.117959,0.205553,0.063819,0.104851,0.059077,0.07834,0.097058,0.147314,0.067602,,1821400,,
2,3,,0.004138,0.139855,0.175863,0.239717,0.037869,0.118841,0.087219,0.046859,0.050458,0.099182,,1831000,,
2,8,,0.091034,0.085509,0.128804,0.084648,0.100228,0.022112,0.142943,0.057907,0.22204,0.064775,,1807900,,
2,2,,0.004343,0.089489,0.279431,0.115137,0.050227,0.09799,0.115412,0.09099,0.078923,0.078059,,1823100,,
2,2,,0.033092,0.103738,0.23791,0.086258,0.093364,0.075855,0.172979,0.061659,0.064114,0.071031,,1816300,,
2,8,,0.110324,0.057484,0.174102,0.071822,0.032527,0.028969,0.063651,0.072949,0.319312,0.06886,,1821200,,
2,2,,0.004302,0.101788,0.321974,0.079743,0.05546,0.119866,0.090477,0.103827,0.044519,0.078044,,1810400,,
2,2,,0.049303,0.094916,0.172257,0.161293,0.039922,0.14187,0.031967,0.073957,0.077403,0.157112,,1823900,,
2,2,,0.033617,0.083116,0.271246,0.119468,0.090734,0.095721,0.1029,0.073301,0.061125,0.068772,,1816700,,
2,2,,0.030455,0.085735,0.277931,0.089892,0.089435,0.067849,0.10908,0.073401,0.127262,0.04896,,1821100,,
2,2,,0.007548,0.120504,0.26808,0.10481,0.044602,0.098981,0.104735,0.104613,0.074585,0.071542,,1836700,,
2,8,,0.116593,0.085282,0.162733,0.105326,0.08121,0.064817,0.048654,0.077243,0.17196,0.086181,,1823100,,
2,2,,0.050331,0.102107,0.179187,0.14467,0.058396,0.06335,0.044039,0.128004,0.110709,0.119208,,1848700,,
2,2,,0.010255,0.113085,0.188687,0.072753,0.048602,0.112962,0.131942,0.09168,0.174988,0.055046,,1824600,,
2,2,,0.080689,0.102513,0.211611,0.090996,0.072843,0.063016,0.045342,0.100854,0.171879,0.060256,,1827100,,
2,2,,0.047786,0.131781,0.222577,0.049862,0.044632,0.133396,0.150578,0.082689,0.104846,0.031853,,1814500,,
2,7,,0.024701,0.10281,0.179233,0.114759,0.057843,0.057955,0.04642,0.20232,0.118505,0.095455,,1809400,,
2,3,,0.003983,0.083249,0.21345,0.217499,0.030582,0.136479,0.106659,0.0453,0.043643,0.119154,,1813400,,
2,2,,0.017687,0.112115,0.241785,0.076256,0.081173,0.099362,0.147669,0.068031,0.117473,0.038448,,1833400,,
2,2,,0.098408,0.119388,0.271862,0.061603,0.091105,0.099129,0.043078,0.070496,0.121832,0.023099,,1808200,,
2,2,,0.004069,0.097032,0.265504,0.12482,0.046472,0.097355,0.121716,0.093884,0.077308,0.071839,,1816100,,
2,3,,0.051561,0.098222,0.132094,0.159252,0.046329,0.091986,0.037749,0.134468,0.092666,0.155674,,1857300,,
2,2,,0.048847,0.082622,0.219902,0.166078,0.064933,0.051677,0.011151,0.165986,0.119334,0.06947,,1816900,,
2,2,,0.010131,0.128465,0.201047,0.166888,0.079013,0.157033,0.024696,0.071383,0.066884,0.09446,,1809600,,
2,2,,0.015479,0.117062,0.195198,0.142059,0.105467,0.048483,0.07046,0.095086,0.163862,0.046845,,1824400,,
2,2,,0.005381,0.116053,0.271933,0.141772,0.039715,0.089362,0.110493,0.102685,0.057286,0.06532,,1823500,,
2,2,,0.010922,0.096985,0.300702,0.091299,0.072042,0.07848,0.120796,0.063474,0.098589,0.066711,,1813000,,
2,2,,0.015019,0.081635,0.336263,0.183189,0.032701,0.062609,0.034441,0.124409,0.066678,0.063056,,1821800,,
2,8,,0.084568,0.107849,0.158893,0.086794,0.073873,0.10643,0.111328,0.074794,0.170256,0.025216,,1819000,,
2,2,,0.087392,0.139494,0.169881,0.105448,0.064406,0.061463,0.058417,0.118493,0.142146,0.05286,,1832100,,
2,2,,0.004184,0.173346,0.194658,0.18114,0.093455,0.108371,0.031387,0.042277,0.051316,0.119867,,1819200,,
2,2,,0.007978,0.080948,0.28375,0.145478,0.034323,0.153262,0.088222,0.053083,0.042742,0.110214,,1813300,,
2,2,,0.008795,0.148585,0.288235,0.152802,0.038914,0.073358,0.054656,0.098852,0.091983,0.04382,,1812800,,
2,2,,0.022287,0.124308,0.194392,0.181344,0.051552,0.11485,0.060863,0.072683,0.072953,0.104769,,1817200,,
2,3,,0.036804,0.102443,0.179221,0.213937,0.040225,0.12735,0.014686,0.096306,0.054575,0.134451,,1840900,,
2,3,,0.034176,0.105693,0.153296,0.253799,0.051853,0.128788,0.010569,0.068995,0.06839,0.124441,,1815600,,
2,2,,0.022811,0.121707,0.242566,0.172379,0.048161,0.097379,0.014364,0.125619,0.072899,0.082115,,1819200,,
2,2,,0.06567,0.182025,0.185755,0.080748,0.073819,0.099414,0.049501,0.13475,0.10821,0.020107,,1827200,,
2,0,,0.228584,0.040192,0.109491,0.069088,0.065845,0.043045,0.066403,0.086905,0.129224,0.161224,,1835500,,
2,8,,0.070464,0.094481,0.165465,0.105694,0.094429,0.063899,0.131455,0.061173,0.189117,0.023821,,1844300,,
2,4,,0.078277,0.098723,0.125939,0.083302,0.205718,0.071183,0.132932,0.024855,0.133183,0.045888,,1823300,,
2,9,,0.032201,0.109818,0.127941,0.148142,0.034687,0.150348,0.042306,0.078683,0.053596,0.222278,,1809200,,
2,2,,0.074875,0.144999,0.170134,0.083514,0.091087,0.078199,0.072029,0.085059,0.157686,0.042419,,1805200,,
2,2,,0.030132,0.102792,0.200737,0.180176,0.050747,0.126561,0.023329,0.065552,0.093055,0.126918,,1838400,,
2,6,,0.090553,0.066075,0.097384,0.061956,0.127981,0.047642,0.168614,0.115037,0.13831,0.086447,,1829600,,
2,2,,0.004705,0.106859,0.217735,0.099511,0.049722,0.106184,0.16906,0.111426,0.062305,0.072494,,1825500,,
2,2,,0.009248,0.132634,0.302297,0.163445,0.062985,0.08449,0.021009,0.103111,0.068019,0.052763,,1819100,,
2,2,,0.006739,0.120593,0.232698,0.102152,0.036924,0.122261,0.151907,0.095001,0.038275,0.09345,,1829900,,
2,9,,0.026155,0.112238,0.107688,0.131864,0.135157,0.113851,0.027796,0.079687,0.066097,0.199465,,1815800,,
2,3,,0.01353,0.107943,0.165059,0.215258,0.042687,0.097868,0.040586,0.097099,0.099132,0.120839,,1829200,,
2,8,,0.119507,0.098926,0.140103,0.086454,0.055867,0.072859,0.050744,0.120851,0.152625,0.102065,,1823400,,
2,2,,0.043124,0.116798,0.182712,0.153836,0.077794,0.054936,0.013563,0.145758,0.144082,0.067398,,1840100,,
2,9,,0.047792,0.092079,0.15725,0.167917,0.040776,0.10137,0.019425,0.089963,0.112592,0.170838,,1818500,,
2,2,,0.004069,0.086576,0.25762,0.158778,0.033976,0.147011,0.102872,0.048284,0.043504,0.117311,,1819300,,
2,2,,0.011141,0.109742,0.211401,0.19489,0.03926,0.085625,0.032394,0.14956,0.053837,0.11215,,1813900,,
2,3,,0.043066,0.103266,0.122578,0.207107,0.058196,0.096532,0.061296,0.09703,0.06664,0.14429,,1827700,,
2,2,,0.043487,0.109265,0.227656,0.127411,0.09336,0.076946,0.044053,0.139424,0.05339,0.08501,,1823400,,
2,2,,0.005872,0.080089,0.223942,0.144992,0.068597,0.088983,0.087272,0.142373,0.071083,0.086798,,1824000,,
2,2,,0.069163,0.137517,0.237915,0.063308,0.056677,0.096708,0.113782,0.075431,0.105921,0.043577,,1826600,,
2,2,,0.004677,0.095802,0.267749,0.0839,0.073227,0.082424,0.130255,0.098527,0.114804,0.048635,,1850000,,
2,2,,0.090715,0.104348,0.166328,0.16548,0.088294,0.053097,0.024749,0.090222,0.146063,0.070703,,1836700,,
2,2,,0.044822,0.130686,0.190985,0.180159,0.102069,0.052906,0.014546,0.11457,0.090819,0.078437,,1809800,,
2,2,,0.005728,0.122326,0.305866,0.121255,0.08499,0.110023,0.015033,0.088582,0.075281,0.070916,,1829200,,
2,2,,0.005394,0.115433,0.293097,0.186434,0.037786,0.108347,0.043468,0.075333,0.036935,0.097774,,1825200,,
2,2,,0.003983,0.098897,0.27834,0.161745,0.041416,0.101766,0.102519,0.089159,0.054739,0.067437,,1821300,,
2,2,,0.006465,0.095181,0.262241,0.153234,0.057604,0.108054,0.090751,0.090987,0.068896,0.066585,,1823300,,
2,8,,0.080539,0.086534,0.148167,0.078585,0.060606,0.039225,0.094041,0.07434,0.21963,0.118333,,1820500,,
2,2,,0.009731,0.151059,0.217143,0.064106,0.080212,0.135984,0.11022,0.080698,0.107316,0.043533,,1851700,,
2,8,,0.113602,0.077482,0.139839,0.076771,0.109596,0.047527,0.058736,0.079278,0.225845,0.071322,,1815800,,
2,2,,0.0042,0.158921,0.248725,0.122677,0.100124,0.067929,0.040236,0.133416,0.067691,0.056081,,1827200,,
2,2,,0.022174,0.099656,0.26906,0.194151,0.06063,0.09823,0.01731,0.070471,0.058918,0.1094,,1821300,,
2,2,,0.003999,0.098369,0.266634,0.147707,0.043114,0.098801,0.101054,0.080419,0.0686,0.091304,,1812100,,
2,2,,0.034262,0.115237,0.195703,0.179887,0.061249,0.08542,0.02533,0.126061,0.100773,0.076076,,1828200,,
2,2,,0.075388,0.107946,0.172915,0.13749,0.048714,0.109003,0.019973,0.081327,0.081134,0.16611,,1819800,,
2,2,,0.004948,0.080493,0.329217,0.118489,0.051752,0.087545,0.10487,0.089695,0.060814,0.072178,,1825700,,
2,7,,0.048663,0.082865,0.162291,0.169687,0.053399,0.068986,0.026611,0.176898,0.134546,0.076053,,1828200,,
2,9,,0.034069,0.093807,0.094033,0.144428,0.045092,0.138291,0.068977,0.064099,0.047529,0.269676,,1824500,,
2,2,,0.029889,0.109968,0.25192,0.170712,0.058798,0.11262,0.01461,0.066532,0.06281,0.12214,,1826800,,
2,3,,0.038857,0.084416,0.171245,0.192305,0.040776,0.098703,0.033521,0.092136,0.087846,0.160195,,1827900,,
2,2,,0.008114,0.117704,0.259608,0.168981,0.031242,0.117367,0.090302,0.043359,0.046929,0.116394,,1830000,,
2,2,,0.003983,0.129123,0.255702,0.168572,0.031237,0.116056,0.100942,0.037886,0.056699,0.099801,,1831200,,
2,2,,0.013692,0.088433,0.2882,0.072694,0.048006,0.099246,0.09806,0.064997,0.124216,0.102457,,1841900,,
2,9,,0.04485,0.119852,0.109743,0.142053,0.049099,0.076554,0.018048,0.073249,0.042534,0.324017,,1826400,,
2,2,,0.034176,0.147065,0.202814,0.184049,0.054302,0.090381,0.034928,0.072009,0.057464,0.122811,,1819200,,
2,2,,0.025717,0.095163,0.242748,0.150537,0.08004,0.047524,0.03721,0.097582,0.159564,0.063915,,1845100,,
2,2,,0.006113,0.13017,0.211851,0.152669,0.072989,0.091654,0.098375,0.082707,0.097509,0.055962,,1829100,,
2,2,,0.09687,0.116574,0.151669,0.13289,0.068485,0.040186,0.076333,0.119862,0.148246,0.048885,,3512900,,
2,2,,0.046022,0.103396,0.23759,0.14506,0.069841,0.051696,0.029264,0.128319,0.096243,0.09257,,3516800,,
2,2,,0.006959,0.102272,0.303076,0.161431,0.047776,0.094019,0.048229,0.104608,0.075187,0.056442,,3379200,,
2,2,,0.090933,0.084905,0.19555,0.07555,0.087036,0.083525,0.091334,0.084456,0.160316,0.046396,,2636300,,
2,4,,0.081314,0.075023,0.090982,0.064626,0.182778,0.043933,0.173805,0.101899,0.096715,0.088924,,1908600,,
2,2,,0.049869,0.107959,0.241355,0.053725,0.058247,0.070568,0.204418,0.077763,0.097923,0.038173,,1797700,,
2,3,,0.028729,0.100452,0.2097,0.219402,0.039634,0.09174,0.027419,0.095976,0.07786,0.109088,,1827300,,
2,2,,0.005952,0.135981,0.25955,0.151188,0.042724,0.104508,0.033336,0.122629,0.089593,0.054539,,1878200,,
2,2,,0.045291,0.071611,0.210659,0.181509,0.064874,0.03848,0.039471,0.147544,0.144024,0.056537,,1819900,,
2,2,,0.007218,0.136942,0.268047,0.087805,0.099887,0.079798,0.117858,0.075788,0.076363,0.050294,,1784500,,
2,2,,0.015897,0.077684,0.258173,0.203312,0.03131,0.095143,0.039741,0.119335,0.063937,0.095467,,1827700,,
2,3,,0.061874,0.074854,0.150015,0.153124,0.075572,0.095948,0.027892,0.146354,0.119088,0.095277,,1864000,,
2,2,,0.072833,0.097971,0.200577,0.124026,0.067937,0.058758,0.059153,0.082078,0.191581,0.045085,,1792900,,
2,2,,0.01693,0.143165,0.259494,0.143797,0.063222,0.073605,0.032225,0.109256,0.082587,0.075718,,1786200,,
2,2,,0.004395,0.087526,0.252193,0.06874,0.054005,0.094006,0.098473,0.097545,0.152646,0.09047,,1774600,,
2,3,,0.046819,0.093802,0.178021,0.191581,0.052916,0.085336,0.025944,0.110661,0.078091,0.136829,,1880400,,
3,3,,0.039343,0.095706,0.130315,0.281386,0.03503,0.09933,0.013706,0.091082,0.084206,0.129896,,1775300,,
3,3,,0.045734,0.071592,0.164157,0.205119,0.035519,0.130788,0.01279,0.094634,0.113367,0.126299,,1793800,,
3,3,,0.065879,0.07667,0.145149,0.224629,0.037239,0.099521,0.00947,0.079187,0.083421,0.178836,,1774400,,
3,3,,0.024615,0.120728,0.113639,0.200705,0.035059,0.100012,0.014757,0.163863,0.065993,0.160629,,1904100,,
3,8,,0.077494,0.122117,0.093525,0.151077,0.085913,0.063428,0.022687,0.171295,0.172346,0.040118,,1774000,,
3,3,,0.004387,0.106182,0.141303,0.173693,0.069987,0.113625,0.093407,0.106124,0.088007,0.103285,,1801300,,
3,3,,0.038794,0.097746,0.125962,0.256641,0.052925,0.104571,0.012452,0.104492,0.088709,0.117707,,1772000,,
3,3,,0.04556,0.082097,0.103634,0.241649,0.029379,0.103263,0.020598,0.141349,0.105104,0.127367,,1885600,,
3,3,,0.057035,0.092989,0.102434,0.195594,0.054503,0.131055,0.014515,0.094252,0.074441,0.183182,,1781800,,
3,3,,0.065478,0.079339,0.137422,0.213036,0.031343,0.095944,0.017951,0.078225,0.088803,0.192459,,1772900,,
3,9,,0.038983,0.100676,0.15142,0.115571,0.05792,0.082022,0.066681,0.143332,0.077215,0.166179,,1923700,,
3,3,,0.043455,0.064784,0.10932,0.24553,0.040937,0.129881,0.01153,0.089958,0.081532,0.183072,,3523800,,
3,3,,0.010395,0.144343,0.195081,0.215498,0.046743,0.117587,0.029353,0.080513,0.053692,0.106797,,3500100,,
3,3,,0.050245,0.100688,0.09716,0.195147,0.057251,0.128577,0.026495,0.074071,0.098402,0.171965,,3459400,,
3,3,,0.02507,0.097233,0.103094,0.228686,0.035764,0.114135,0.035436,0.109165,0.05364,0.197778,,3405000,,
3,3,,0.050747,0.080468,0.096154,0.281723,0.031739,0.106678,0.006724,0.09014,0.074028,0.1816,,3421600,,
3,3,,0.030451,0.142212,0.123931,0.294652,0.044526,0.115086,0.011052,0.071231,0.063962,0.102897,,1806300,,
3,3,,0.004981,0.125567,0.149777,0.17755,0.058502,0.151643,0.077382,0.066484,0.084193,0.103921,,1799000,,
3,3,,0.028835,0.131926,0.13186,0.269115,0.026188,0.088465,0.015961,0.075883,0.051486,0.180281,,1805200,,
3,3,,0.044487,0.097352,0.123311,0.185522,0.095222,0.099889,0.059008,0.071711,0.068839,0.154658,,1801200,,
3,3,,0.01331,0.122358,0.109155,0.178607,0.108358,0.167984,0.030154,0.070542,0.101428,0.098105,,1796400,,
3,2,,0.004582,0.15158,0.18776,0.183649,0.064303,0.087291,0.042045,0.070543,0.089192,0.119055,,1800700,,
3,3,,0.037942,0.123624,0.124492,0.230169,0.056435,0.121608,0.015931,0.097108,0.052236,0.140454,,1804300,,
3,2,,0.027078,0.104904,0.195081,0.131662,0.089026,0.083943,0.099459,0.071254,0.100826,0.096767,,1825900,,
3,3,,0.039659,0.100937,0.112251,0.218779,0.063213,0.108264,0.01141,0.105237,0.107527,0.132724,,1801400,,
3,3,,0.021889,0.144736,0.135506,0.191836,0.055594,0.111228,0.009716,0.072428,0.090743,0.166324,,1799500,,
3,3,,0.003983,0.091669,0.147704,0.227686,0.087148,0.126657,0.087381,0.055023,0.045515,0.127234,,1797800,,
3,1,,0.006104,0.159104,0.113406,0.141327,0.107816,0.14166,0.129146,0.047027,0.045859,0.108552,,1788900,,
3,3,,0.052192,0.099086,0.114313,0.224043,0.040825,0.094726,0.02779,0.11601,0.095987,0.13503,,1800800,,
3,3,,0.015457,0.082947,0.08079,0.26326,0.060601,0.157288,0.08644,0.080959,0.091271,0.080988,,1807300,,
3,0,,0.160979,0.05034,0.158583,0.155388,0.058142,0.033235,0.058914,0.059415,0.135256,0.129748,,1799800,,
3,3,,0.046359,0.086661,0.174373,0.203914,0.05112,0.061766,0.030418,0.181996,0.07639,0.087004,,1800300,,
3,3,,0.042806,0.086524,0.118054,0.263004,0.052172,0.121639,0.012656,0.090237,0.085519,0.127389,,1803900,,
3,2,,0.115105,0.084295,0.185522,0.056608,0.064148,0.056903,0.044022,0.098674,0.171953,0.122769,,1802400,,
3,3,,0.045359,0.074503,0.102448,0.272854,0.036373,0.12044,0.026035,0.091688,0.095725,0.134576,,1809900,,
3,3,,0.037957,0.151864,0.094327,0.227501,0.047938,0.096963,0.010225,0.129799,0.061034,0.142392,,1795400,,
3,3,,0.016516,0.088079,0.144822,0.241125,0.057418,0.128115,0.018541,0.068574,0.078872,0.157936,,1796900,,
3,3,,0.042802,0.127639,0.126402,0.22286,0.04999,0.129818,0.027327,0.069307,0.059557,0.144297,,1807600,,
3,3,,0.004917,0.108755,0.103308,0.201281,0.065983,0.176727,0.133754,0.050155,0.056334,0.098786,,1793800,,
3,3,,0.029434,0.100392,0.100427,0.236627,0.043793,0.109033,0.023592,0.083099,0.065803,0.207801,,1808600,,
