optdigits,CWE,test,4,NANOSECONDS,PREDICTIONS, Generated by ClassifierExperiments.java on 2022-05-15 22:25:58.    SYSTEMPROPERTIES:{user.name:matth,os.arch:amd64,os.name:Windows 10},ENDSYSTEMPROPERTIES
No parameter info
0.7227635075287865,3139338500,2081621500,-1,99242936,10,,-1,-1
0,0,,0.275262,0.056983,0.027034,0.01404,0.238305,0.014923,0.178638,0.073199,0.077401,0.044216,,2069400,,
0,0,,0.463746,0.045974,0.052936,0.025005,0.041573,0.095705,0.045597,0.086082,0.084564,0.058817,,1890000,,
0,0,,0.424183,0.05082,0.039412,0.02173,0.108271,0.040829,0.059882,0.088497,0.116356,0.050019,,1881400,,
0,0,,0.389835,0.040971,0.045899,0.014562,0.191116,0.0216,0.063821,0.095783,0.109782,0.026629,,1875000,,
0,0,,0.187033,0.182626,0.04353,0.017356,0.105821,0.121343,0.048703,0.128033,0.104226,0.061329,,1903200,,
0,0,,0.45883,0.037524,0.06107,0.0147,0.111463,0.028436,0.08234,0.059974,0.088691,0.056972,,1883700,,
0,0,,0.45151,0.04837,0.032567,0.015964,0.091476,0.016101,0.117639,0.03451,0.140836,0.051027,,1874200,,
0,0,,0.383725,0.042396,0.040058,0.015672,0.194071,0.025307,0.065501,0.094677,0.112317,0.026276,,1881700,,
0,0,,0.335624,0.048936,0.02972,0.016218,0.157321,0.015454,0.186038,0.064043,0.105518,0.041129,,1877300,,
0,0,,0.387933,0.054123,0.042738,0.016129,0.110244,0.027923,0.124401,0.057016,0.129148,0.050344,,1874600,,
0,0,,0.311905,0.049843,0.041554,0.020499,0.224013,0.016061,0.127021,0.078598,0.109248,0.021259,,1874000,,
0,0,,0.450898,0.047023,0.033807,0.017165,0.089451,0.022675,0.115348,0.03398,0.138598,0.051055,,1859000,,
0,0,,0.482275,0.044099,0.029334,0.017906,0.072455,0.017461,0.112349,0.036515,0.139241,0.048364,,1893000,,
0,0,,0.334383,0.054699,0.037096,0.029078,0.104931,0.042757,0.050596,0.14467,0.108302,0.093487,,1845200,,
0,0,,0.394109,0.046362,0.022169,0.014488,0.147312,0.014257,0.180921,0.053288,0.071608,0.055485,,1823400,,
0,0,,0.490978,0.043022,0.039427,0.012813,0.10123,0.02201,0.062035,0.072574,0.113667,0.042245,,1819500,,
0,0,,0.451212,0.057431,0.034906,0.016884,0.079908,0.020907,0.121185,0.046877,0.128506,0.042185,,1816000,,
0,0,,0.618089,0.030537,0.031082,0.018011,0.060255,0.019192,0.051263,0.069201,0.049614,0.052756,,1831100,,
0,0,,0.427309,0.058962,0.038049,0.008408,0.121816,0.038778,0.057916,0.084148,0.129151,0.035463,,1825500,,
0,0,,0.241056,0.04158,0.032849,0.015901,0.226243,0.024201,0.199536,0.086906,0.080969,0.05076,,1822500,,
0,0,,0.520856,0.039915,0.037035,0.016449,0.053532,0.013786,0.030895,0.132406,0.103967,0.051158,,1848100,,
0,0,,0.456213,0.049527,0.054741,0.014553,0.073477,0.018673,0.07855,0.077658,0.136849,0.039759,,1824200,,
0,0,,0.415598,0.053921,0.041757,0.028736,0.084716,0.022245,0.10377,0.053286,0.137545,0.058425,,1830600,,
0,0,,0.28956,0.068633,0.030389,0.014574,0.152481,0.019736,0.201607,0.053343,0.084464,0.085213,,1813400,,
0,0,,0.398692,0.050031,0.112352,0.017556,0.070785,0.040615,0.041214,0.05828,0.127772,0.082703,,1812900,,
0,0,,0.308198,0.040023,0.032202,0.026914,0.164812,0.018075,0.192548,0.05603,0.105815,0.055383,,1848700,,
0,0,,0.470654,0.038915,0.039366,0.02211,0.102487,0.020539,0.06476,0.069871,0.124286,0.047012,,1833500,,
0,0,,0.628856,0.027279,0.039565,0.01518,0.070486,0.016635,0.04568,0.050791,0.059333,0.046196,,1817700,,
0,0,,0.406231,0.047578,0.037469,0.014293,0.104262,0.028068,0.129349,0.049195,0.136211,0.047344,,1844000,,
0,0,,0.34908,0.039118,0.030422,0.017236,0.166765,0.016233,0.186434,0.05904,0.082896,0.052778,,1830000,,
0,0,,0.400796,0.06414,0.085529,0.028062,0.071231,0.036965,0.036887,0.112342,0.112352,0.051696,,1828100,,
0,0,,0.523438,0.044737,0.050124,0.026423,0.049903,0.021718,0.03677,0.100121,0.089438,0.057329,,1828300,,
0,0,,0.27096,0.051313,0.030278,0.018788,0.175013,0.024956,0.209767,0.076423,0.085067,0.057434,,1828400,,
0,0,,0.586064,0.033424,0.041132,0.016724,0.053044,0.020921,0.046223,0.048036,0.05707,0.097363,,1860300,,
0,0,,0.428201,0.05149,0.050423,0.017754,0.068597,0.033084,0.075968,0.06644,0.158401,0.049643,,1848900,,
0,0,,0.35416,0.046834,0.096079,0.021601,0.084101,0.027439,0.082333,0.090383,0.144475,0.052595,,1831500,,
0,0,,0.34537,0.051647,0.03189,0.026826,0.14449,0.031494,0.178423,0.047846,0.070213,0.071801,,1867800,,
0,0,,0.364008,0.045223,0.033854,0.014408,0.136829,0.015117,0.143907,0.070464,0.12345,0.052741,,1846700,,
0,0,,0.581588,0.031903,0.037789,0.015062,0.078467,0.018559,0.044207,0.086542,0.052345,0.053538,,1851600,,
0,0,,0.510572,0.026423,0.032762,0.016702,0.182108,0.020813,0.041607,0.081514,0.045805,0.041694,,1840800,,
0,0,,0.41798,0.025108,0.044577,0.033179,0.171734,0.03395,0.10931,0.076652,0.052689,0.034821,,1843200,,
0,0,,0.440022,0.052811,0.033767,0.015067,0.083265,0.020284,0.125251,0.051774,0.131246,0.046514,,1846800,,
0,0,,0.38463,0.062826,0.023293,0.013319,0.152003,0.014373,0.179387,0.053224,0.074946,0.041999,,1845700,,
0,0,,0.445662,0.041416,0.046561,0.013981,0.106055,0.03166,0.062412,0.072365,0.132053,0.047835,,1844500,,
0,0,,0.489945,0.045745,0.040467,0.015603,0.096146,0.045812,0.064111,0.051747,0.107198,0.043226,,1841900,,
0,0,,0.326486,0.065408,0.028646,0.018912,0.180324,0.015542,0.173082,0.056156,0.085979,0.049465,,1860500,,
0,0,,0.376033,0.038428,0.02482,0.017462,0.152264,0.012784,0.17386,0.051249,0.104135,0.048965,,1849200,,
0,0,,0.367902,0.050994,0.027188,0.018517,0.171994,0.013201,0.17283,0.034492,0.094809,0.048073,,1842000,,
0,0,,0.379819,0.053393,0.037336,0.013941,0.111488,0.024668,0.104695,0.070575,0.116992,0.087093,,1840900,,
0,0,,0.361034,0.047588,0.027688,0.013193,0.153569,0.029777,0.172985,0.059402,0.087472,0.04729,,1842300,,
0,0,,0.34929,0.054455,0.028214,0.016436,0.169962,0.015478,0.108886,0.086081,0.135706,0.035491,,1845700,,
0,0,,0.439764,0.052029,0.037314,0.016856,0.084431,0.015931,0.121121,0.046564,0.131914,0.054074,,1844300,,
0,0,,0.335824,0.063998,0.038534,0.014744,0.107054,0.023134,0.130548,0.054736,0.127996,0.10343,,1841400,,
0,0,,0.470746,0.049104,0.029686,0.016023,0.077005,0.02519,0.113904,0.028906,0.150013,0.039424,,1856300,,
0,0,,0.369446,0.073432,0.112842,0.020157,0.078417,0.036068,0.05209,0.112768,0.107382,0.037397,,1846400,,
0,0,,0.404149,0.047565,0.043149,0.020531,0.088071,0.026883,0.128449,0.045759,0.138849,0.056596,,1844300,,
0,0,,0.538901,0.041391,0.041451,0.014983,0.056648,0.011688,0.036175,0.107648,0.107783,0.043333,,1842300,,
0,0,,0.337259,0.05091,0.033093,0.015193,0.104915,0.015093,0.166656,0.072343,0.138497,0.066041,,1839600,,
0,0,,0.353246,0.07546,0.111407,0.017975,0.108053,0.026958,0.043445,0.132098,0.089406,0.041952,,1837700,,
0,0,,0.428247,0.046595,0.028063,0.01696,0.098225,0.010133,0.123133,0.057439,0.138503,0.052702,,1839700,,
0,0,,0.354232,0.052977,0.025572,0.014017,0.165655,0.011279,0.16614,0.061551,0.101945,0.046631,,1836800,,
0,0,,0.595586,0.043349,0.03643,0.02006,0.064096,0.034143,0.06293,0.024954,0.047448,0.071003,,1858900,,
0,0,,0.538442,0.040091,0.034564,0.020364,0.123276,0.027875,0.03856,0.078816,0.050037,0.047974,,1842600,,
0,0,,0.390527,0.065415,0.027569,0.014553,0.142213,0.020975,0.173407,0.034912,0.085012,0.045418,,1839000,,
0,0,,0.402412,0.047596,0.045562,0.030592,0.106931,0.040248,0.049918,0.08167,0.128299,0.066771,,1846400,,
0,0,,0.475447,0.048364,0.029317,0.015337,0.070768,0.013685,0.111406,0.036363,0.139163,0.060147,,1843300,,
0,0,,0.38144,0.037321,0.040039,0.015202,0.191993,0.031992,0.075357,0.082054,0.114016,0.030587,,1841300,,
0,0,,0.26631,0.041401,0.033984,0.01402,0.245621,0.011811,0.197535,0.087723,0.074654,0.02694,,1843800,,
0,0,,0.298957,0.056464,0.043657,0.016313,0.157326,0.033895,0.172664,0.070425,0.080364,0.069934,,1839000,,
0,0,,0.550411,0.024072,0.034155,0.019016,0.123489,0.022283,0.04872,0.085333,0.055218,0.037304,,1856700,,
0,0,,0.365712,0.046941,0.026466,0.01289,0.157864,0.01111,0.209669,0.05396,0.072619,0.042769,,1841000,,
0,0,,0.275715,0.056528,0.030144,0.040831,0.152992,0.049161,0.179109,0.056645,0.100607,0.058269,,1842600,,
0,0,,0.377667,0.067162,0.044262,0.022262,0.085009,0.024891,0.120751,0.051528,0.152299,0.054168,,1843000,,
0,0,,0.34232,0.059104,0.031077,0.01393,0.14916,0.030895,0.16623,0.061101,0.08963,0.056552,,1837400,,
0,0,,0.42213,0.063891,0.034538,0.014007,0.087414,0.027735,0.131421,0.045751,0.121947,0.051166,,1857300,,
0,0,,0.226834,0.061835,0.029026,0.021142,0.196758,0.048177,0.195933,0.052125,0.128719,0.03945,,1852800,,
0,0,,0.350029,0.05831,0.041757,0.018702,0.09972,0.032048,0.136481,0.065246,0.134189,0.063518,,1850800,,
0,6,,0.190847,0.044044,0.022605,0.028311,0.167531,0.046238,0.264078,0.040186,0.14748,0.04868,,1873000,,
0,0,,0.393535,0.05438,0.035643,0.015354,0.104269,0.013329,0.117909,0.049817,0.148782,0.066981,,1841200,,
0,0,,0.344961,0.063563,0.027876,0.014644,0.150584,0.015239,0.17872,0.060436,0.082145,0.061832,,1843100,,
0,0,,0.400139,0.047981,0.025272,0.017307,0.157569,0.015657,0.174372,0.045636,0.07831,0.037757,,1839400,,
0,0,,0.446927,0.055961,0.03067,0.030563,0.076742,0.04356,0.09823,0.028226,0.129052,0.060069,,1841400,,
0,0,,0.409168,0.056328,0.042191,0.031428,0.100931,0.047801,0.049814,0.080108,0.124316,0.057915,,1841100,,
0,0,,0.450244,0.052373,0.03505,0.015814,0.091015,0.017334,0.1248,0.04821,0.123844,0.041316,,1841800,,
0,0,,0.416636,0.053572,0.04432,0.030399,0.104636,0.03854,0.058833,0.074709,0.114576,0.063777,,1843400,,
0,0,,0.450561,0.059645,0.031393,0.019508,0.089503,0.010288,0.120833,0.046068,0.128921,0.043279,,1867600,,
0,0,,0.334966,0.052994,0.048439,0.014254,0.119665,0.06656,0.068131,0.076113,0.124385,0.094492,,1841000,,
0,0,,0.361334,0.071328,0.030216,0.015829,0.083055,0.025702,0.115179,0.057664,0.14691,0.092784,,1857800,,
0,0,,0.446112,0.062578,0.031575,0.012057,0.101588,0.017617,0.116613,0.044053,0.124285,0.043521,,1843400,,
0,0,,0.578382,0.030099,0.069154,0.02642,0.072477,0.025269,0.033892,0.04846,0.067967,0.047879,,1844100,,
0,0,,0.339485,0.048225,0.056255,0.016136,0.088625,0.044317,0.075217,0.10478,0.155981,0.070979,,1842600,,
0,0,,0.407048,0.05231,0.036703,0.014646,0.101285,0.017562,0.1319,0.048673,0.130101,0.059772,,1855200,,
0,0,,0.356417,0.049399,0.034371,0.018082,0.151673,0.022783,0.180209,0.059023,0.081822,0.046221,,1873800,,
0,0,,0.583184,0.030653,0.036809,0.016701,0.076191,0.03327,0.043453,0.072863,0.059509,0.047367,,1859300,,
0,0,,0.462316,0.056755,0.040132,0.019153,0.105353,0.024494,0.057191,0.070447,0.128321,0.035839,,1856900,,
0,0,,0.344499,0.052291,0.032696,0.013705,0.15252,0.024896,0.174586,0.054686,0.102088,0.048033,,1855200,,
0,0,,0.401814,0.072034,0.048343,0.012557,0.12428,0.030198,0.063168,0.082106,0.117405,0.048094,,1854400,,
0,0,,0.325501,0.069917,0.040074,0.013985,0.083734,0.031973,0.119744,0.056178,0.142127,0.116768,,1853300,,
0,0,,0.289614,0.092638,0.061922,0.019362,0.109137,0.049833,0.030341,0.07556,0.217911,0.053681,,1856300,,
0,0,,0.410562,0.052069,0.037326,0.013924,0.099593,0.028456,0.064873,0.076173,0.123228,0.093796,,1854700,,
0,0,,0.415276,0.04925,0.031176,0.017061,0.111932,0.020284,0.038123,0.098098,0.128332,0.090467,,1831700,,
0,0,,0.241539,0.05973,0.039012,0.022937,0.157503,0.070653,0.16993,0.052787,0.08265,0.103257,,1880700,,
0,0,,0.419738,0.052599,0.034478,0.016982,0.11178,0.013394,0.116022,0.046395,0.137379,0.051232,,1844300,,
0,0,,0.640212,0.028752,0.033709,0.024769,0.077031,0.023005,0.045094,0.041578,0.047613,0.038238,,1842200,,
0,0,,0.478818,0.036821,0.039696,0.017042,0.099955,0.028139,0.063656,0.0564,0.123326,0.056147,,1843400,,
0,0,,0.338272,0.053352,0.038797,0.01152,0.154422,0.036271,0.176622,0.064586,0.072915,0.053243,,1846000,,
0,0,,0.347084,0.06136,0.034754,0.030169,0.082689,0.031535,0.121852,0.053861,0.129355,0.10734,,1842200,,
0,0,,0.286513,0.09837,0.065731,0.023567,0.082437,0.089336,0.024144,0.116148,0.158921,0.054833,,1847400,,
0,0,,0.402765,0.052161,0.037329,0.018483,0.113241,0.021944,0.129046,0.049949,0.128234,0.046847,,1845100,,
0,0,,0.449857,0.06041,0.067365,0.063017,0.08422,0.019813,0.020324,0.074686,0.113804,0.046504,,1883500,,
0,0,,0.461194,0.056307,0.035413,0.016399,0.081013,0.014836,0.10623,0.050124,0.135408,0.043077,,1849600,,
1,7,,0.015527,0.172283,0.151108,0.085746,0.107256,0.100256,0.036726,0.220599,0.04373,0.066769,,1850400,,
1,6,,0.050705,0.125605,0.068239,0.209996,0.063679,0.031556,0.213205,0.044769,0.16034,0.031906,,1850500,,
1,1,,0.019557,0.286967,0.148255,0.064893,0.092497,0.079451,0.009685,0.142497,0.112648,0.043549,,1840600,,
1,1,,0.012558,0.197247,0.113107,0.184798,0.040006,0.127679,0.059817,0.05045,0.068898,0.14544,,1841800,,
1,1,,0.009065,0.242529,0.102393,0.20736,0.028153,0.166401,0.010252,0.049906,0.029451,0.15449,,1841400,,
1,9,,0.015484,0.136834,0.083028,0.153429,0.031408,0.145794,0.018858,0.091957,0.054412,0.268796,,1845200,,
1,3,,0.008155,0.179788,0.139215,0.195939,0.033517,0.126208,0.064239,0.055223,0.047899,0.149818,,1839500,,
1,1,,0.017113,0.255911,0.083975,0.128047,0.036019,0.109396,0.039848,0.085466,0.09487,0.149355,,1861300,,
1,9,,0.016423,0.173542,0.070346,0.13808,0.064644,0.127264,0.016818,0.15141,0.057674,0.1838,,1846300,,
1,9,,0.067761,0.208941,0.061577,0.118142,0.072074,0.110781,0.024728,0.07996,0.045559,0.210476,,1849400,,
1,6,,0.18023,0.17517,0.041629,0.028451,0.138333,0.024452,0.215835,0.060297,0.115361,0.020242,,1853000,,
1,1,,0.085023,0.210815,0.173246,0.047406,0.065921,0.043189,0.063283,0.130607,0.15213,0.028378,,1850200,,
1,1,,0.03545,0.332523,0.083032,0.033398,0.04755,0.021,0.140269,0.084216,0.180176,0.042386,,1847900,,
1,1,,0.006414,0.368913,0.085062,0.160164,0.033239,0.111796,0.014355,0.073039,0.029223,0.117795,,1845400,,
1,7,,0.012374,0.157251,0.16428,0.090138,0.111156,0.083821,0.036425,0.178113,0.117785,0.048658,,1847600,,
1,1,,0.013757,0.214357,0.113132,0.159635,0.061214,0.128077,0.024876,0.078401,0.06182,0.144732,,1862500,,
1,5,,0.007951,0.139081,0.178496,0.159892,0.035385,0.181985,0.075154,0.054311,0.037582,0.130165,,1842600,,
1,1,,0.033262,0.289289,0.068257,0.046007,0.060936,0.025765,0.018496,0.149993,0.287039,0.020956,,1843800,,
1,1,,0.008398,0.242435,0.129853,0.156023,0.052047,0.119835,0.037597,0.083772,0.043146,0.126895,,1839000,,
1,8,,0.113138,0.126115,0.100318,0.026587,0.110371,0.045522,0.177269,0.079971,0.204331,0.016379,,1844100,,
1,1,,0.008602,0.197778,0.175631,0.084986,0.04954,0.132661,0.019738,0.17568,0.091932,0.063451,,1852400,,
1,1,,0.04387,0.376815,0.050379,0.040343,0.067631,0.023495,0.109067,0.099342,0.168217,0.020841,,1842300,,
1,1,,0.017238,0.300943,0.097333,0.158231,0.040825,0.116176,0.017006,0.06435,0.049221,0.138677,,1842600,,
1,1,,0.016467,0.235874,0.161955,0.098683,0.045447,0.09239,0.009478,0.224107,0.075337,0.040261,,1855900,,
1,1,,0.027573,0.245201,0.076413,0.146296,0.099027,0.116452,0.015248,0.093392,0.041809,0.138589,,1845700,,
1,1,,0.106584,0.288556,0.119423,0.038877,0.048467,0.032346,0.058151,0.125607,0.162188,0.019801,,1842800,,
1,1,,0.016567,0.247051,0.237588,0.061043,0.045835,0.038839,0.017012,0.112418,0.170272,0.053376,,1846200,,
1,1,,0.009518,0.231029,0.170942,0.096754,0.060662,0.086064,0.016067,0.197093,0.051364,0.080506,,1840300,,
1,1,,0.140229,0.22069,0.076639,0.034212,0.109962,0.038919,0.111241,0.093393,0.150625,0.02409,,1841600,,
1,1,,0.029491,0.218484,0.134516,0.049282,0.125364,0.067782,0.132441,0.108501,0.11116,0.022979,,1840800,,
1,1,,0.014986,0.176224,0.155573,0.083023,0.117371,0.109081,0.044254,0.139708,0.121058,0.038722,,1843800,,
1,1,,0.079941,0.266282,0.060342,0.043031,0.096415,0.01739,0.106596,0.079603,0.229276,0.021125,,1860900,,
1,6,,0.099193,0.146545,0.082168,0.037464,0.166466,0.035873,0.256028,0.04398,0.10501,0.027274,,1844600,,
1,8,,0.164096,0.167397,0.073771,0.031491,0.126609,0.033914,0.084539,0.086747,0.197515,0.033922,,1842200,,
1,2,,0.100667,0.137606,0.151056,0.058901,0.072939,0.065562,0.146102,0.120563,0.127564,0.01904,,1848000,,
1,1,,0.038822,0.205762,0.136746,0.073965,0.076819,0.082834,0.012986,0.190827,0.05514,0.126098,,1843100,,
1,6,,0.104199,0.183501,0.04366,0.023821,0.202382,0.033624,0.205493,0.060324,0.120639,0.022358,,1848100,,
1,3,,0.008625,0.175264,0.134656,0.212981,0.027217,0.148609,0.038006,0.059762,0.037111,0.157769,,1843700,,
1,1,,0.011959,0.405414,0.122891,0.040246,0.096206,0.034537,0.020557,0.109433,0.129265,0.029492,,1847700,,
1,9,,0.009895,0.141604,0.131844,0.17234,0.040438,0.144756,0.048763,0.071843,0.040076,0.198441,,1864100,,
1,1,,0.023949,0.498208,0.10014,0.034911,0.040466,0.033869,0.027806,0.088927,0.111905,0.03982,,1845300,,
1,1,,0.007951,0.160385,0.145789,0.14889,0.034962,0.159603,0.099302,0.057054,0.056978,0.129086,,1848700,,
1,3,,0.007951,0.15775,0.141008,0.172136,0.046229,0.150447,0.072015,0.061905,0.066137,0.124422,,1845500,,
1,1,,0.041419,0.26307,0.090817,0.046574,0.204706,0.071272,0.024948,0.183411,0.05203,0.021752,,1843900,,
1,3,,0.007951,0.166243,0.130794,0.169938,0.045093,0.144858,0.077044,0.06238,0.058053,0.137647,,1843800,,
1,1,,0.091959,0.311949,0.115991,0.092248,0.039578,0.033224,0.046422,0.078676,0.144469,0.045484,,1844600,,
1,1,,0.086049,0.280792,0.13894,0.047271,0.060645,0.036862,0.054804,0.129224,0.14706,0.018353,,1842800,,
1,1,,0.042245,0.29761,0.078379,0.160697,0.039314,0.119299,0.015008,0.064602,0.041836,0.141009,,1865800,,
1,1,,0.061861,0.305227,0.06693,0.048132,0.037471,0.021313,0.093395,0.100791,0.233332,0.031548,,1844600,,
1,1,,0.161945,0.245561,0.06906,0.033267,0.099994,0.030792,0.093498,0.094948,0.148569,0.022367,,1845700,,
1,1,,0.04945,0.223259,0.086336,0.183609,0.091828,0.129453,0.012137,0.068735,0.03227,0.122923,,1844600,,
1,2,,0.007951,0.158322,0.199867,0.152982,0.033629,0.156543,0.060511,0.05492,0.050125,0.12515,,1840300,,
1,8,,0.13306,0.151229,0.077999,0.029073,0.07381,0.032005,0.209723,0.053339,0.221454,0.018309,,1845100,,
1,8,,0.122706,0.104698,0.120468,0.047644,0.16059,0.038658,0.10068,0.086895,0.197234,0.020428,,1843800,,
1,1,,0.156299,0.195156,0.061288,0.040737,0.081535,0.023656,0.166962,0.052934,0.191924,0.029509,,1843700,,
1,2,,0.008768,0.154637,0.201142,0.081436,0.075074,0.116774,0.071301,0.142641,0.074405,0.073822,,1846100,,
1,6,,0.171764,0.190329,0.049066,0.027808,0.138258,0.024989,0.221919,0.042857,0.108512,0.024497,,1843300,,
1,6,,0.166132,0.190985,0.04617,0.024381,0.182122,0.010309,0.222214,0.045447,0.09358,0.018661,,1848900,,
1,1,,0.009314,0.26964,0.117372,0.154309,0.036918,0.12922,0.017549,0.096662,0.04437,0.124646,,1847000,,
1,5,,0.008155,0.162607,0.122352,0.149518,0.07589,0.168022,0.072797,0.06061,0.041729,0.138319,,1849200,,
1,1,,0.060143,0.267893,0.132542,0.054058,0.044933,0.066254,0.043136,0.218237,0.075698,0.037106,,1851000,,
1,3,,0.007951,0.17131,0.127057,0.184683,0.038224,0.167013,0.068047,0.05768,0.044532,0.133503,,1833900,,
1,9,,0.038012,0.163183,0.078477,0.145588,0.05987,0.130625,0.014993,0.105377,0.030968,0.232907,,1833100,,
1,8,,0.05173,0.214618,0.104535,0.051551,0.07558,0.026675,0.120929,0.072883,0.257351,0.024148,,1839000,,
1,7,,0.015433,0.16367,0.118165,0.083121,0.096157,0.08885,0.016766,0.233937,0.080155,0.103744,,1832400,,
1,3,,0.007951,0.13849,0.162811,0.166098,0.036264,0.164736,0.075145,0.055085,0.064186,0.129233,,1832600,,
1,1,,0.008602,0.285554,0.100287,0.180407,0.031896,0.133456,0.025519,0.062302,0.052325,0.119652,,1838600,,
1,2,,0.008602,0.184401,0.191111,0.113577,0.045783,0.155806,0.029868,0.139617,0.07094,0.060294,,1860100,,
1,9,,0.040529,0.139899,0.068356,0.139992,0.075087,0.125289,0.011788,0.112402,0.033885,0.252773,,1856500,,
1,1,,0.020151,0.225552,0.088726,0.175729,0.122064,0.119275,0.023226,0.06051,0.039496,0.125269,,1852700,,
1,5,,0.008959,0.11892,0.16789,0.173678,0.044035,0.183327,0.043406,0.073923,0.054756,0.131106,,1847900,,
1,1,,0.051653,0.237227,0.149807,0.08357,0.099032,0.097294,0.009479,0.134864,0.090197,0.046878,,1847000,,
1,1,,0.026315,0.240769,0.079059,0.158159,0.064708,0.134981,0.017525,0.083632,0.041021,0.15383,,1863600,,
1,1,,0.04182,0.32373,0.060855,0.033355,0.083527,0.048957,0.122054,0.067161,0.191089,0.027451,,1857600,,
1,8,,0.0912,0.218373,0.095672,0.04769,0.026298,0.021231,0.091012,0.046699,0.342186,0.019639,,1846400,,
1,1,,0.173225,0.203384,0.037196,0.016609,0.096477,0.013284,0.123373,0.110936,0.194457,0.03106,,1852000,,
1,1,,0.033142,0.217935,0.153518,0.055814,0.121413,0.078682,0.035219,0.148767,0.10116,0.054348,,1848100,,
1,6,,0.119704,0.213906,0.047288,0.02859,0.208713,0.036435,0.218467,0.03316,0.07427,0.019466,,1838900,,
1,1,,0.14233,0.209246,0.065824,0.031387,0.139593,0.048825,0.108085,0.083996,0.145657,0.025057,,1842400,,
1,1,,0.018605,0.2895,0.06863,0.040602,0.053312,0.050662,0.025549,0.147577,0.281799,0.023765,,1845800,,
1,1,,0.01483,0.218646,0.198814,0.102058,0.048469,0.079524,0.040746,0.136876,0.069122,0.090915,,1856500,,
1,1,,0.018605,0.343659,0.087474,0.030033,0.103135,0.027667,0.062373,0.138194,0.167274,0.021586,,1844900,,
1,3,,0.007951,0.148042,0.138074,0.175424,0.058049,0.169614,0.064924,0.050656,0.044406,0.142861,,1833500,,
1,6,,0.118635,0.128487,0.076637,0.042969,0.164389,0.041833,0.220016,0.068918,0.113813,0.024305,,1836400,,
1,1,,0.013398,0.277766,0.105457,0.174892,0.042145,0.13211,0.015018,0.047337,0.055641,0.136237,,1839400,,
1,1,,0.019474,0.27922,0.138304,0.079732,0.104911,0.074845,0.022561,0.124129,0.105185,0.051639,,1831200,,
1,3,,0.013233,0.168557,0.096251,0.213318,0.054829,0.130485,0.017126,0.070781,0.031575,0.203845,,1832900,,
1,1,,0.009625,0.219134,0.12075,0.20449,0.03206,0.128749,0.014049,0.063587,0.041532,0.166026,,1831900,,
1,1,,0.014907,0.237612,0.101001,0.191189,0.033812,0.139288,0.029389,0.055173,0.054538,0.143092,,1861200,,
1,1,,0.03016,0.221602,0.126379,0.057502,0.11393,0.062583,0.034617,0.192097,0.117348,0.043781,,1834700,,
1,1,,0.156999,0.251485,0.0773,0.032693,0.105243,0.031439,0.076873,0.092576,0.15582,0.019573,,1830600,,
1,1,,0.044737,0.246235,0.090261,0.160406,0.059979,0.128595,0.019605,0.070596,0.049401,0.130184,,1828200,,
1,8,,0.023429,0.256154,0.077653,0.039395,0.092103,0.03098,0.050903,0.13024,0.275019,0.024124,,1836500,,
1,1,,0.036999,0.277555,0.087113,0.158012,0.047751,0.121647,0.013723,0.074932,0.052549,0.12972,,1829600,,
1,1,,0.017534,0.282813,0.102374,0.162067,0.032928,0.118722,0.012881,0.062002,0.053261,0.155419,,1832200,,
1,2,,0.008398,0.164229,0.175442,0.166521,0.041156,0.120239,0.039589,0.083194,0.07514,0.126092,,1833900,,
1,7,,0.061787,0.167407,0.173345,0.080574,0.065847,0.099244,0.03717,0.188191,0.062348,0.064087,,1838600,,
1,1,,0.074827,0.175061,0.150525,0.059815,0.121007,0.109302,0.02729,0.130305,0.093626,0.058244,,1831400,,
1,6,,0.153583,0.218779,0.042548,0.026641,0.129297,0.015253,0.225392,0.048942,0.114444,0.025121,,1835300,,
1,8,,0.141798,0.138267,0.081356,0.047048,0.092055,0.034937,0.172077,0.040901,0.216809,0.034751,,1834900,,
1,2,,0.010617,0.133705,0.220033,0.101236,0.054083,0.088396,0.095829,0.149629,0.093932,0.052539,,1837100,,
1,1,,0.023248,0.211046,0.169686,0.040561,0.127001,0.055127,0.027804,0.150343,0.169904,0.02528,,1839100,,
1,1,,0.040842,0.30213,0.084425,0.031248,0.069278,0.043436,0.166498,0.060131,0.179,0.023012,,1834600,,
1,1,,0.122737,0.235045,0.080729,0.027845,0.068813,0.026679,0.106511,0.110075,0.187695,0.033872,,1832800,,
1,1,,0.020709,0.39681,0.107812,0.02898,0.03465,0.045018,0.018891,0.141712,0.177608,0.02781,,1842200,,
1,1,,0.025469,0.251872,0.092589,0.152385,0.039449,0.116122,0.022429,0.083103,0.057498,0.159084,,1831800,,
1,1,,0.045474,0.19521,0.183694,0.087939,0.063366,0.082344,0.044984,0.172107,0.081681,0.043201,,1838800,,
1,1,,0.021726,0.266609,0.078913,0.162945,0.07233,0.138617,0.017746,0.059137,0.036814,0.145164,,1831300,,
1,1,,0.008398,0.207344,0.118114,0.190521,0.034413,0.136449,0.039861,0.090031,0.051162,0.123706,,1831700,,
1,8,,0.045595,0.245692,0.151589,0.065746,0.05553,0.02378,0.025571,0.087828,0.267853,0.030817,,1846600,,
1,1,,0.009317,0.230853,0.156541,0.084967,0.06509,0.093055,0.043095,0.191004,0.054893,0.071186,,1832200,,
1,1,,0.017602,0.276569,0.153571,0.104173,0.054027,0.087532,0.01159,0.138744,0.07367,0.082522,,1846500,,
1,1,,0.031241,0.24844,0.083065,0.167303,0.100418,0.12703,0.011018,0.063793,0.037245,0.130447,,1874400,,
1,4,,0.043329,0.234494,0.060617,0.036376,0.291701,0.02346,0.041804,0.105819,0.138179,0.02422,,1835800,,
1,8,,0.15866,0.095398,0.125661,0.027148,0.10962,0.052683,0.130359,0.079601,0.201803,0.019068,,1838400,,
2,2,,0.017712,0.086537,0.300083,0.1158,0.040757,0.094458,0.036728,0.116986,0.112376,0.078563,,1838300,,
2,3,,0.015791,0.103549,0.173845,0.241377,0.029325,0.119886,0.043679,0.065057,0.056253,0.151239,,1836500,,
2,2,,0.008398,0.123045,0.214982,0.171521,0.043606,0.151601,0.05206,0.057395,0.047201,0.130193,,2362900,,
2,8,,0.082067,0.114897,0.152467,0.097425,0.037058,0.023872,0.071236,0.072011,0.276958,0.07201,,3323800,,
2,8,,0.143157,0.111123,0.126816,0.078333,0.089187,0.1199,0.070324,0.072437,0.165455,0.023268,,3154900,,
2,9,,0.016591,0.089161,0.134907,0.156501,0.054572,0.15214,0.051171,0.094335,0.060052,0.190571,,1803000,,
2,2,,0.045302,0.09044,0.173168,0.135968,0.064479,0.088897,0.022524,0.148625,0.066953,0.163643,,1815400,,
2,6,,0.146174,0.059187,0.106232,0.080561,0.094595,0.023421,0.192352,0.077455,0.185767,0.034255,,1814600,,
2,8,,0.042845,0.144519,0.192944,0.102524,0.055942,0.028998,0.020282,0.107174,0.26807,0.036704,,1788300,,
2,2,,0.144216,0.093095,0.220777,0.06584,0.093868,0.037648,0.0702,0.085173,0.159024,0.030159,,1796500,,
2,3,,0.009314,0.108057,0.205422,0.20667,0.039036,0.133124,0.015779,0.076168,0.073996,0.132435,,1788000,,
2,2,,0.100057,0.106644,0.234144,0.035459,0.059424,0.064113,0.10959,0.123791,0.141301,0.025477,,1803300,,
2,2,,0.096891,0.098499,0.232208,0.065659,0.049926,0.062942,0.042742,0.147274,0.164683,0.039176,,1806400,,
2,2,,0.008398,0.10716,0.235241,0.178449,0.03453,0.136595,0.026158,0.073593,0.070208,0.129667,,1798500,,
2,3,,0.009112,0.178576,0.158388,0.184617,0.032126,0.153255,0.035657,0.070682,0.047867,0.12972,,1802200,,
2,2,,0.145698,0.068659,0.184711,0.040572,0.085247,0.074387,0.110666,0.068297,0.176381,0.045382,,1831600,,
2,2,,0.008398,0.160891,0.21529,0.120299,0.047119,0.087651,0.035312,0.17196,0.092904,0.060176,,1810600,,
2,2,,0.008976,0.145101,0.19987,0.193958,0.03536,0.13879,0.02591,0.052987,0.055763,0.143285,,1803100,,
2,2,,0.017774,0.105794,0.269269,0.109015,0.069536,0.11193,0.072556,0.145419,0.059894,0.038813,,1825200,,
2,2,,0.008867,0.153274,0.235352,0.109883,0.057087,0.087489,0.031746,0.142609,0.064047,0.109647,,1810000,,
2,2,,0.011448,0.121949,0.271644,0.087573,0.088475,0.085809,0.035978,0.152167,0.092507,0.05245,,1815300,,
2,2,,0.013721,0.092759,0.212072,0.160427,0.0449,0.116342,0.021115,0.175093,0.074117,0.089454,,1816500,,
2,8,,0.121203,0.061378,0.163208,0.073784,0.060983,0.046099,0.118767,0.089165,0.21848,0.046934,,1816100,,
2,2,,0.016221,0.080813,0.222298,0.127178,0.055611,0.118277,0.016408,0.164877,0.107148,0.091169,,1805300,,
2,8,,0.117407,0.112889,0.151114,0.065577,0.064272,0.037208,0.078814,0.127478,0.214007,0.031235,,1813800,,
2,2,,0.008867,0.13307,0.25664,0.142769,0.051271,0.095608,0.034434,0.138593,0.060091,0.078657,,1794100,,
2,8,,0.051214,0.124365,0.215427,0.064738,0.048854,0.053142,0.083049,0.082429,0.252866,0.023917,,1802000,,
2,8,,0.107681,0.119334,0.177514,0.054431,0.082987,0.025877,0.110437,0.098945,0.190322,0.032472,,1823800,,
2,2,,0.029699,0.072565,0.356862,0.08502,0.068307,0.047897,0.032724,0.096857,0.159495,0.050575,,1818600,,
2,9,,0.014041,0.108743,0.132888,0.156565,0.049165,0.115367,0.063318,0.131678,0.053271,0.174964,,1822000,,
2,9,,0.093906,0.081382,0.124285,0.141537,0.060129,0.122123,0.013764,0.095179,0.037815,0.229879,,1811000,,
2,3,,0.016951,0.113756,0.160046,0.194128,0.04084,0.133891,0.05474,0.086335,0.058128,0.141185,,1816100,,
2,2,,0.016475,0.09313,0.294413,0.088693,0.036735,0.058244,0.070643,0.143773,0.142704,0.055191,,1829400,,
2,2,,0.008838,0.073443,0.297147,0.114885,0.071945,0.047292,0.019808,0.156572,0.16534,0.04473,,1818400,,
2,2,,0.009731,0.09071,0.237968,0.118274,0.057331,0.116379,0.065318,0.150539,0.053358,0.100393,,1810800,,
2,2,,0.013671,0.115408,0.263901,0.095717,0.089011,0.090628,0.040836,0.13111,0.10228,0.057439,,1813900,,
2,2,,0.012398,0.118474,0.250437,0.19115,0.024713,0.126787,0.018277,0.06581,0.063133,0.128821,,1836800,,
2,2,,0.008761,0.115786,0.246466,0.115628,0.073725,0.104753,0.050015,0.152457,0.055649,0.07676,,1839000,,
2,2,,0.016948,0.100715,0.197757,0.057846,0.108022,0.108263,0.116798,0.124055,0.106419,0.063176,,1840000,,
2,8,,0.120364,0.10296,0.145099,0.082022,0.054253,0.030306,0.0889,0.081591,0.249321,0.045184,,1826900,,
2,2,,0.060637,0.068383,0.209337,0.067867,0.128113,0.037614,0.116459,0.11835,0.157126,0.036114,,1841100,,
2,2,,0.009314,0.105313,0.232012,0.17517,0.036916,0.152856,0.017192,0.081527,0.066183,0.123517,,1825600,,
2,2,,0.009423,0.126905,0.238279,0.12593,0.052435,0.121132,0.012057,0.172705,0.049162,0.091973,,1824200,,
2,2,,0.008838,0.104712,0.251626,0.155397,0.032949,0.157106,0.038276,0.063263,0.060243,0.127589,,1825400,,
2,2,,0.008398,0.109297,0.230635,0.134478,0.046886,0.10706,0.078094,0.139347,0.068107,0.077698,,1847600,,
2,2,,0.008398,0.182534,0.261945,0.128473,0.033914,0.084002,0.013197,0.163306,0.060329,0.063902,,1841300,,
2,6,,0.139158,0.097073,0.084032,0.041538,0.151633,0.018461,0.237918,0.049534,0.166713,0.013939,,1833500,,
2,2,,0.008214,0.129024,0.304093,0.110266,0.041969,0.098694,0.052141,0.136048,0.058149,0.061403,,1829800,,
2,2,,0.008398,0.175653,0.257292,0.13778,0.037693,0.08703,0.01339,0.157335,0.064579,0.060851,,1827900,,
2,6,,0.083544,0.114392,0.105635,0.0528,0.129735,0.032627,0.285736,0.03052,0.104183,0.060828,,1824900,,
2,9,,0.119878,0.08309,0.086978,0.156878,0.100039,0.108786,0.009447,0.096164,0.023771,0.214968,,1833200,,
2,3,,0.010034,0.103206,0.179447,0.207315,0.039335,0.147371,0.015627,0.087374,0.078839,0.131452,,1826500,,
2,8,,0.114329,0.145709,0.1508,0.043562,0.088992,0.040181,0.16185,0.042731,0.191657,0.020191,,1823400,,
2,2,,0.008398,0.139136,0.218892,0.172179,0.037862,0.137236,0.030436,0.065974,0.058808,0.131078,,1853600,,
2,2,,0.120104,0.125703,0.194793,0.075445,0.058819,0.041881,0.080072,0.117889,0.160026,0.025267,,1833100,,
2,8,,0.136514,0.130814,0.130007,0.054491,0.121713,0.05713,0.105138,0.059445,0.171797,0.032952,,1827700,,
2,2,,0.054574,0.04846,0.227585,0.092551,0.085539,0.042119,0.151269,0.034615,0.223275,0.040013,,1829800,,
2,3,,0.016529,0.100974,0.126285,0.237548,0.0521,0.129744,0.023109,0.058701,0.045583,0.209426,,1828900,,
2,2,,0.022387,0.093091,0.29304,0.040088,0.104732,0.066614,0.061181,0.164544,0.121301,0.033022,,1832900,,
2,2,,0.019426,0.06681,0.338986,0.102774,0.058304,0.040763,0.028029,0.116777,0.165578,0.062552,,1827100,,
2,2,,0.009314,0.137937,0.243058,0.115924,0.07361,0.100086,0.028944,0.142859,0.085401,0.062867,,1825300,,
2,2,,0.014859,0.076498,0.340847,0.133457,0.043617,0.060979,0.014586,0.162556,0.085605,0.066998,,1855600,,
2,2,,0.008398,0.115822,0.250411,0.112423,0.051089,0.098576,0.041631,0.151752,0.080379,0.089519,,1843200,,
2,2,,0.008398,0.102075,0.304018,0.095446,0.084324,0.041972,0.035819,0.142937,0.144595,0.040416,,1818600,,
2,9,,0.018955,0.091284,0.100491,0.171785,0.062805,0.159473,0.022883,0.074652,0.07413,0.223541,,1824100,,
2,8,,0.115532,0.10585,0.140732,0.059915,0.081278,0.029703,0.188365,0.054582,0.196667,0.027376,,1828700,,
2,2,,0.008398,0.130618,0.262585,0.095535,0.04613,0.087884,0.035604,0.187256,0.070815,0.075176,,1827000,,
2,8,,0.049137,0.059988,0.156319,0.034783,0.072043,0.053828,0.148493,0.091127,0.300516,0.033765,,1825300,,
2,2,,0.011448,0.097832,0.217797,0.127502,0.086933,0.088504,0.037934,0.148073,0.102607,0.081369,,1832400,,
2,3,,0.012349,0.114084,0.159285,0.213146,0.034831,0.11718,0.032036,0.130644,0.046635,0.139812,,1835500,,
2,6,,0.15778,0.05537,0.130283,0.039334,0.109223,0.039142,0.218951,0.039125,0.174855,0.035937,,1843400,,
2,6,,0.111041,0.05447,0.076993,0.035923,0.14319,0.039492,0.341429,0.031522,0.132484,0.033456,,1869000,,
2,3,,0.019774,0.098464,0.140752,0.181134,0.039498,0.130773,0.057169,0.082248,0.078077,0.172111,,1831800,,
2,2,,0.012398,0.087515,0.326542,0.082789,0.079372,0.047292,0.032446,0.146622,0.139797,0.045227,,1822200,,
2,2,,0.093007,0.153518,0.226896,0.058326,0.065354,0.041448,0.050304,0.122437,0.150971,0.037738,,1858000,,
2,2,,0.012398,0.083363,0.27941,0.091931,0.079688,0.06816,0.074526,0.139812,0.134934,0.035777,,1833800,,
2,2,,0.066901,0.108135,0.292422,0.059662,0.102765,0.028545,0.107792,0.067441,0.126373,0.039964,,1838700,,
2,2,,0.015774,0.097126,0.228066,0.135564,0.055057,0.103597,0.072027,0.122369,0.086825,0.083596,,1841600,,
2,2,,0.008398,0.130793,0.280341,0.114398,0.046421,0.089979,0.044601,0.13889,0.078241,0.067938,,1861300,,
2,8,,0.169636,0.054479,0.070985,0.040951,0.089176,0.035645,0.14168,0.093421,0.250421,0.053608,,1865400,,
2,2,,0.135355,0.05079,0.227185,0.108629,0.133443,0.02885,0.077722,0.04846,0.165369,0.024198,,1856200,,
2,2,,0.009112,0.136512,0.230489,0.13198,0.052157,0.113111,0.016102,0.160223,0.055914,0.0944,,1833900,,
2,3,,0.094795,0.051857,0.162289,0.205623,0.04574,0.054039,0.139292,0.084484,0.127906,0.033975,,1834900,,
2,3,,0.015907,0.096278,0.177595,0.180313,0.065135,0.148481,0.0145,0.087632,0.081319,0.132841,,1847600,,
2,8,,0.126643,0.057703,0.176824,0.058446,0.055627,0.042217,0.076725,0.090156,0.284119,0.03154,,1833500,,
2,8,,0.124366,0.085211,0.188296,0.05049,0.101333,0.028903,0.152445,0.035906,0.193824,0.039227,,1842300,,
2,2,,0.013516,0.127398,0.189106,0.18612,0.044122,0.131445,0.019116,0.076183,0.075456,0.137539,,1857500,,
2,8,,0.114483,0.055116,0.188394,0.078986,0.077476,0.028832,0.084939,0.122524,0.215206,0.034043,,1842600,,
2,2,,0.007951,0.148126,0.217657,0.178272,0.027599,0.127592,0.034792,0.073698,0.05789,0.126422,,1844800,,
2,2,,0.008398,0.110433,0.257205,0.116579,0.047181,0.098594,0.047204,0.1512,0.05859,0.104616,,1839100,,
2,3,,0.015504,0.108132,0.142524,0.243962,0.033631,0.150343,0.010447,0.072493,0.04313,0.179834,,1848600,,
2,8,,0.139222,0.062726,0.144074,0.051071,0.077577,0.035188,0.182254,0.051782,0.209886,0.046219,,1827900,,
2,2,,0.009314,0.106522,0.259685,0.1275,0.05775,0.100004,0.022212,0.158511,0.081875,0.076627,,1843700,,
2,3,,0.018398,0.116193,0.172289,0.172631,0.044495,0.148647,0.047973,0.071144,0.071424,0.136808,,1840800,,
2,2,,0.015791,0.111125,0.305959,0.109791,0.039564,0.080273,0.051722,0.159088,0.078821,0.047866,,1852700,,
2,2,,0.009757,0.126211,0.26828,0.106065,0.053258,0.123498,0.013704,0.153382,0.054634,0.09121,,1819400,,
2,8,,0.10976,0.084914,0.124866,0.060268,0.077341,0.025054,0.153427,0.068338,0.255515,0.040517,,1826700,,
2,6,,0.116155,0.106435,0.120404,0.02796,0.084905,0.057318,0.226742,0.043917,0.185248,0.030915,,1867300,,
2,8,,0.111288,0.066119,0.171498,0.051085,0.071112,0.053665,0.128619,0.093768,0.224496,0.028349,,1824700,,
2,8,,0.129214,0.132433,0.130745,0.04012,0.100366,0.058286,0.131167,0.056866,0.184623,0.036181,,1831100,,
2,3,,0.008398,0.114008,0.16151,0.198946,0.061768,0.135869,0.040757,0.082972,0.054346,0.141426,,1827500,,
2,7,,0.017183,0.127963,0.147348,0.103115,0.073899,0.085586,0.022422,0.221086,0.104292,0.097105,,1833200,,
2,6,,0.120373,0.06515,0.165502,0.057907,0.07272,0.028052,0.227017,0.043166,0.195114,0.024999,,1844600,,
2,9,,0.018039,0.107074,0.181325,0.185769,0.03691,0.13015,0.012614,0.084484,0.054706,0.188928,,1829800,,
2,3,,0.007951,0.171953,0.165034,0.180532,0.027923,0.156423,0.072359,0.046906,0.035377,0.135542,,1830900,,
2,2,,0.015907,0.101557,0.227548,0.165663,0.050579,0.134618,0.030214,0.094992,0.048749,0.130174,,1843700,,
2,2,,0.008398,0.135458,0.192915,0.177987,0.050438,0.13465,0.033145,0.072342,0.062188,0.132479,,1842500,,
2,2,,0.016495,0.156001,0.26587,0.09382,0.037811,0.061305,0.063373,0.165084,0.090758,0.049483,,1859200,,
2,2,,0.008398,0.101343,0.206773,0.165083,0.036541,0.163383,0.073862,0.064537,0.053008,0.127072,,1848600,,
2,2,,0.020073,0.114706,0.220706,0.115954,0.087203,0.082787,0.009773,0.152058,0.116567,0.080172,,1848400,,
2,3,,0.017777,0.103009,0.176662,0.1889,0.050169,0.141484,0.03106,0.072823,0.063393,0.154723,,1865000,,
2,6,,0.14332,0.091773,0.07522,0.041622,0.169365,0.025983,0.231952,0.049002,0.137748,0.034014,,1844000,,
3,2,,0.027783,0.081135,0.213635,0.155596,0.060627,0.039743,0.051289,0.12712,0.164778,0.078292,,1828600,,
3,3,,0.015829,0.097226,0.108727,0.305654,0.031681,0.138267,0.012807,0.071312,0.049769,0.168728,,1824900,,
3,2,,0.014426,0.139037,0.298881,0.110383,0.035412,0.070742,0.020442,0.076112,0.147944,0.086621,,1848500,,
3,8,,0.151872,0.085409,0.120276,0.097701,0.077816,0.059945,0.029602,0.170042,0.178921,0.028416,,1842800,,
3,3,,0.010812,0.098331,0.115848,0.322071,0.03261,0.15416,0.009933,0.060631,0.043055,0.15255,,1846200,,
3,3,,0.009797,0.135003,0.123261,0.221695,0.039912,0.194081,0.01209,0.062833,0.040239,0.161089,,1836100,,
3,3,,0.021212,0.092715,0.124666,0.241874,0.039233,0.166653,0.009399,0.066124,0.060494,0.177631,,1845700,,
3,3,,0.013303,0.096651,0.109716,0.262402,0.031342,0.154841,0.018345,0.070203,0.042805,0.20039,,1839600,,
3,3,,0.009346,0.104493,0.118781,0.318903,0.026168,0.150087,0.012103,0.050823,0.055986,0.15331,,1835900,,
3,3,,0.010091,0.108197,0.119835,0.273438,0.035041,0.148368,0.017709,0.075933,0.065168,0.14622,,1829800,,
3,3,,0.017881,0.092362,0.092111,0.279002,0.033676,0.15592,0.022501,0.068243,0.059791,0.178515,,1821900,,
3,3,,0.016518,0.09633,0.11231,0.308291,0.029686,0.129256,0.017937,0.07166,0.056613,0.161398,,1843800,,
3,3,,0.018149,0.109657,0.111987,0.283663,0.037909,0.136624,0.011923,0.067047,0.062708,0.160333,,1836000,,
3,3,,0.018149,0.098108,0.120679,0.259583,0.048306,0.154304,0.011566,0.086685,0.056148,0.146472,,1825500,,
3,7,,0.016601,0.086989,0.165794,0.117424,0.083936,0.12699,0.014233,0.209572,0.110826,0.067634,,1832600,,
3,4,,0.021175,0.136927,0.150719,0.078057,0.201897,0.068509,0.015439,0.179091,0.096946,0.05124,,1836900,,
3,3,,0.009906,0.142459,0.108715,0.246615,0.038791,0.175406,0.011855,0.067101,0.03719,0.161962,,1815000,,
3,3,,0.017575,0.115554,0.118235,0.225715,0.048798,0.158412,0.009399,0.05289,0.041997,0.211425,,1847800,,
3,9,,0.021687,0.091165,0.070246,0.205565,0.046558,0.147942,0.010626,0.13958,0.059656,0.206973,,1857000,,
3,3,,0.009135,0.150318,0.124101,0.260276,0.030293,0.147599,0.033879,0.05322,0.030089,0.161091,,1830800,,
3,5,,0.019732,0.138574,0.169813,0.129027,0.062826,0.177958,0.014769,0.141087,0.069821,0.076395,,1813600,,
3,3,,0.016423,0.104506,0.11571,0.264411,0.025767,0.140327,0.020037,0.073026,0.070156,0.169637,,1806600,,
3,8,,0.026569,0.169052,0.130257,0.073348,0.101966,0.140709,0.032861,0.08064,0.192211,0.052387,,1815300,,
3,2,,0.022868,0.181594,0.217761,0.154254,0.032051,0.051341,0.012673,0.105147,0.116751,0.10556,,1850100,,
3,3,,0.015755,0.137549,0.11832,0.239257,0.034774,0.135165,0.030824,0.061154,0.062291,0.164913,,1824200,,
3,3,,0.015655,0.106142,0.098946,0.271415,0.030185,0.125892,0.016448,0.097529,0.06001,0.177779,,1840100,,
3,2,,0.11915,0.062275,0.208609,0.199536,0.066175,0.071583,0.024507,0.093175,0.051772,0.103218,,1839400,,
3,9,,0.01654,0.107691,0.091797,0.150376,0.062913,0.146456,0.010027,0.131658,0.053639,0.228902,,1842600,,
3,3,,0.018229,0.091006,0.118795,0.276535,0.034229,0.131645,0.020395,0.064089,0.06152,0.183556,,1819700,,
3,7,,0.049432,0.081367,0.141739,0.140717,0.106061,0.105796,0.0121,0.146614,0.101076,0.115096,,1805000,,
3,3,,0.016704,0.105767,0.108383,0.295855,0.030707,0.13873,0.011631,0.07509,0.062742,0.154392,,1821000,,
3,3,,0.019078,0.137518,0.088426,0.248329,0.027296,0.152429,0.020351,0.077553,0.047165,0.181855,,1852700,,
3,2,,0.023635,0.129418,0.182508,0.17017,0.04821,0.10691,0.017156,0.148132,0.089575,0.084286,,1845000,,
3,3,,0.008881,0.126779,0.120559,0.249629,0.052387,0.177884,0.015644,0.065564,0.026265,0.156408,,1825300,,
3,3,,0.016504,0.133168,0.108219,0.298636,0.028391,0.147931,0.011039,0.055435,0.039934,0.160744,,1838400,,
3,3,,0.013489,0.102808,0.09074,0.214955,0.045244,0.145471,0.020516,0.114371,0.066246,0.18616,,1838500,,
3,3,,0.02062,0.113169,0.111746,0.197982,0.032888,0.188656,0.054021,0.075086,0.070288,0.135544,,1834500,,
3,3,,0.010905,0.122359,0.132857,0.242418,0.035884,0.174411,0.011277,0.05689,0.049052,0.163948,,1832500,,
3,3,,0.00972,0.13736,0.099288,0.299811,0.038338,0.14752,0.011291,0.054038,0.036859,0.165775,,1823600,,
3,9,,0.016721,0.075079,0.077436,0.248874,0.052915,0.154786,0.020786,0.060658,0.03971,0.253036,,1845900,,
