optdigits,CWE,test,1,NANOSECONDS,PREDICTIONS, Generated by ClassifierExperiments.java on 2022-05-15 21:50:03.    SYSTEMPROPERTIES:{user.name:matth,os.arch:amd64,os.name:Windows 10},ENDSYSTEMPROPERTIES
No parameter info
0.8325952170062002,2865753300,2233083700,-1,98634632,10,,-1,-1
0,0,,0.379755,0.067273,0.049,0.043888,0.092936,0.049439,0.053238,0.090835,0.106489,0.067148,,2083600,,
0,0,,0.280978,0.092829,0.064828,0.047317,0.067258,0.052125,0.084268,0.096642,0.107306,0.106449,,1932800,,
0,0,,0.247218,0.088779,0.054203,0.048285,0.131804,0.043178,0.084047,0.098708,0.122114,0.081665,,1938300,,
0,0,,0.448515,0.042882,0.043057,0.051271,0.067864,0.055386,0.042559,0.073121,0.103969,0.071376,,1904200,,
0,0,,0.275653,0.058907,0.054902,0.054529,0.076676,0.071684,0.102687,0.090344,0.110682,0.103935,,1916700,,
0,0,,0.314482,0.029784,0.032848,0.037417,0.226234,0.021951,0.074974,0.09508,0.10064,0.06659,,2054000,,
0,0,,0.403569,0.06836,0.041438,0.043443,0.100811,0.03637,0.073043,0.078123,0.089875,0.064967,,1936100,,
0,0,,0.418074,0.055177,0.031467,0.031263,0.085106,0.032966,0.080726,0.080455,0.109706,0.07506,,1924700,,
0,0,,0.382646,0.061036,0.03683,0.043732,0.086395,0.040864,0.063039,0.095232,0.087328,0.102898,,2109500,,
0,0,,0.419372,0.055716,0.044279,0.036392,0.088768,0.031721,0.060328,0.080708,0.120516,0.062201,,1952900,,
0,0,,0.202289,0.06057,0.055489,0.063907,0.18961,0.061521,0.105214,0.105668,0.085846,0.069887,,1905900,,
0,0,,0.47495,0.053603,0.039162,0.032582,0.094251,0.032427,0.048534,0.08306,0.070972,0.07046,,1919700,,
0,0,,0.329447,0.066639,0.026739,0.038645,0.162201,0.03464,0.118221,0.070563,0.074211,0.078694,,1940000,,
0,0,,0.344448,0.055165,0.04092,0.033224,0.083448,0.079441,0.076634,0.077272,0.141691,0.067757,,1907200,,
0,0,,0.456824,0.035278,0.030546,0.03313,0.10853,0.035079,0.056083,0.090371,0.071615,0.082543,,1898300,,
0,0,,0.482587,0.04873,0.042382,0.041453,0.060186,0.033038,0.06392,0.058009,0.082802,0.086894,,2005300,,
0,0,,0.374957,0.062983,0.025926,0.025154,0.092147,0.027994,0.118447,0.067598,0.110096,0.094698,,1968000,,
0,0,,0.341288,0.063412,0.03707,0.039126,0.106204,0.065228,0.110493,0.06451,0.091081,0.081588,,1904600,,
0,0,,0.463253,0.049941,0.030849,0.033253,0.081911,0.026765,0.0751,0.060459,0.106973,0.071496,,1900700,,
0,0,,0.290227,0.044929,0.031697,0.037268,0.190899,0.0352,0.121464,0.0838,0.097423,0.067092,,1915300,,
0,0,,0.421947,0.059903,0.027411,0.041743,0.053182,0.054306,0.074594,0.064209,0.105097,0.097608,,1885400,,
0,0,,0.172942,0.074122,0.065582,0.024941,0.145831,0.049815,0.103285,0.083894,0.10876,0.170828,,1882100,,
0,0,,0.320821,0.065999,0.029484,0.036323,0.170649,0.034247,0.108537,0.078452,0.087108,0.068379,,1895000,,
0,0,,0.484999,0.048351,0.039485,0.039489,0.085043,0.042042,0.063265,0.062647,0.085879,0.048799,,1899700,,
0,0,,0.4228,0.055914,0.077061,0.043317,0.080996,0.031245,0.064947,0.064303,0.099987,0.059429,,1882900,,
0,0,,0.412882,0.062413,0.031226,0.02755,0.086982,0.034391,0.08495,0.070014,0.093499,0.096094,,1938100,,
0,0,,0.302306,0.044751,0.034519,0.045474,0.11083,0.057839,0.097856,0.09272,0.112298,0.101407,,1940500,,
0,0,,0.400852,0.064197,0.042608,0.031042,0.11763,0.033647,0.06994,0.089929,0.085584,0.06457,,1922200,,
0,0,,0.342306,0.058361,0.034024,0.027705,0.097623,0.036927,0.104897,0.08197,0.114643,0.101544,,1898600,,
0,0,,0.346177,0.070238,0.049002,0.030875,0.100607,0.05451,0.071034,0.093218,0.1048,0.079539,,1908800,,
0,0,,0.346032,0.046738,0.035645,0.054721,0.113715,0.037094,0.122691,0.075649,0.084414,0.0833,,1922700,,
0,0,,0.430413,0.054047,0.032398,0.037403,0.091177,0.031454,0.098549,0.062588,0.097464,0.064507,,1900500,,
0,0,,0.433452,0.062805,0.033465,0.036365,0.087827,0.03223,0.055367,0.069264,0.086096,0.103129,,1894000,,
0,0,,0.349141,0.043455,0.03851,0.035624,0.102907,0.068404,0.112915,0.072028,0.103544,0.073472,,2027800,,
0,0,,0.347231,0.062832,0.029955,0.024861,0.114763,0.030011,0.126828,0.072668,0.090585,0.100265,,1908600,,
0,0,,0.368478,0.046637,0.033047,0.036996,0.095585,0.035384,0.123555,0.073378,0.109784,0.077156,,1877900,,
0,0,,0.355928,0.076572,0.078303,0.037837,0.108142,0.058428,0.074818,0.079126,0.076671,0.054174,,1895000,,
0,0,,0.406748,0.041404,0.073899,0.032098,0.076071,0.032163,0.068637,0.080771,0.114078,0.074131,,1993700,,
0,0,,0.460418,0.068426,0.031914,0.034821,0.082877,0.026093,0.050424,0.088359,0.084959,0.071709,,1922300,,
0,0,,0.392119,0.04127,0.035171,0.03038,0.175749,0.04644,0.050762,0.100085,0.064057,0.063966,,1891100,,
0,0,,0.211424,0.059909,0.036193,0.040621,0.086441,0.06079,0.126849,0.141624,0.149955,0.086195,,1902900,,
0,0,,0.443332,0.05843,0.042632,0.051987,0.094228,0.035689,0.067132,0.075014,0.080735,0.05082,,1919000,,
0,0,,0.252994,0.068649,0.055679,0.051204,0.115026,0.062269,0.050176,0.104133,0.136878,0.102993,,1893300,,
0,0,,0.454607,0.042679,0.043627,0.051633,0.081508,0.044704,0.067039,0.073174,0.060483,0.080547,,1886100,,
0,0,,0.315106,0.066505,0.025043,0.031624,0.129613,0.033034,0.140678,0.080518,0.082599,0.09528,,1916000,,
0,0,,0.229198,0.058725,0.044853,0.045515,0.072671,0.088833,0.112132,0.07484,0.127607,0.145625,,1909700,,
0,0,,0.348394,0.05666,0.028677,0.030627,0.118304,0.041992,0.118628,0.081104,0.096475,0.079139,,1884000,,
0,0,,0.438152,0.04774,0.03596,0.04015,0.101897,0.026531,0.087524,0.061479,0.097262,0.063305,,1881400,,
0,0,,0.438447,0.041068,0.034892,0.049692,0.083567,0.0409,0.05577,0.076167,0.092428,0.087067,,1943200,,
0,0,,0.467926,0.041559,0.04169,0.041537,0.090198,0.042994,0.062393,0.078762,0.059472,0.073469,,1901100,,
0,0,,0.351793,0.06891,0.030709,0.025852,0.095854,0.038139,0.087332,0.074285,0.096457,0.13067,,1897400,,
0,0,,0.450644,0.050115,0.030842,0.025434,0.078197,0.041398,0.065482,0.077431,0.078866,0.101591,,2829000,,
0,0,,0.40434,0.04266,0.03556,0.03668,0.097158,0.031866,0.102808,0.079381,0.089975,0.079571,,2181600,,
0,0,,0.287684,0.097357,0.048979,0.066249,0.084292,0.058944,0.047592,0.128665,0.091127,0.089112,,3325700,,
0,0,,0.19811,0.072063,0.042839,0.025125,0.133162,0.053117,0.106949,0.099966,0.131817,0.136853,,3461800,,
0,0,,0.484989,0.053045,0.026382,0.036967,0.084698,0.028958,0.074495,0.047773,0.114345,0.04835,,2566100,,
0,0,,0.336908,0.081953,0.042742,0.035491,0.076153,0.041037,0.091245,0.077101,0.103616,0.113754,,3022700,,
0,0,,0.358052,0.068511,0.038289,0.034803,0.120894,0.042783,0.10051,0.084776,0.08311,0.068271,,3632900,,
0,0,,0.413289,0.058065,0.033431,0.026423,0.104821,0.032004,0.095918,0.069417,0.069985,0.096647,,3437500,,
0,0,,0.350235,0.045338,0.046829,0.038098,0.118859,0.047623,0.111361,0.07249,0.089073,0.080094,,2033800,,
0,0,,0.341078,0.063671,0.029355,0.02437,0.110626,0.071258,0.109735,0.068533,0.087464,0.09391,,2281700,,
0,0,,0.372118,0.061654,0.045976,0.025434,0.092856,0.048822,0.060348,0.080225,0.108857,0.10371,,2919100,,
0,0,,0.414487,0.065301,0.04113,0.032453,0.091911,0.036998,0.077335,0.070834,0.095221,0.074331,,2127600,,
0,0,,0.43343,0.038421,0.050787,0.047376,0.064406,0.030813,0.067849,0.075326,0.113213,0.078378,,3908800,,
0,0,,0.309243,0.068778,0.033926,0.039985,0.113929,0.036616,0.147969,0.065503,0.079823,0.104228,,2499400,,
0,0,,0.465871,0.058939,0.031246,0.035855,0.082184,0.040258,0.067104,0.070153,0.09503,0.05336,,2059500,,
0,0,,0.304945,0.069984,0.030395,0.045272,0.115888,0.030309,0.13851,0.069609,0.087661,0.107428,,2914300,,
0,0,,0.403086,0.052439,0.049072,0.037348,0.065344,0.07265,0.104715,0.049921,0.102448,0.062976,,1928000,,
0,0,,0.315566,0.056211,0.059742,0.041203,0.081699,0.062383,0.061026,0.064529,0.185527,0.072113,,1897600,,
0,0,,0.290195,0.087787,0.051719,0.040469,0.090788,0.06367,0.045549,0.116439,0.087454,0.12593,,1919300,,
0,0,,0.320213,0.06972,0.040716,0.036504,0.116657,0.041083,0.134697,0.081522,0.090577,0.068311,,2080800,,
0,0,,0.365718,0.070552,0.030114,0.025154,0.114488,0.036545,0.096436,0.080879,0.076291,0.103823,,2672100,,
0,0,,0.466551,0.066232,0.056535,0.047603,0.081601,0.040104,0.065482,0.054121,0.044117,0.077653,,2674700,,
0,0,,0.338135,0.057076,0.033288,0.033474,0.138542,0.037185,0.124062,0.070472,0.096371,0.071395,,2546800,,
0,0,,0.364257,0.096668,0.037747,0.05737,0.08704,0.081952,0.048902,0.057262,0.102485,0.066315,,2859400,,
0,0,,0.382368,0.05322,0.03694,0.043229,0.15191,0.046042,0.071261,0.071045,0.070013,0.073973,,2279000,,
0,0,,0.358038,0.069314,0.029729,0.024212,0.095071,0.041243,0.11248,0.072274,0.096919,0.10072,,2764400,,
0,0,,0.498308,0.037864,0.036101,0.034481,0.08068,0.037422,0.058907,0.070992,0.066066,0.079179,,3206100,,
0,0,,0.298767,0.056758,0.027271,0.044146,0.097136,0.090924,0.106703,0.05566,0.130638,0.091996,,2879000,,
0,0,,0.368813,0.058624,0.029697,0.024827,0.104599,0.069106,0.10641,0.060022,0.075877,0.102026,,2825500,,
0,0,,0.329193,0.062273,0.025729,0.024809,0.136017,0.037989,0.136892,0.083534,0.06937,0.094194,,2456500,,
0,0,,0.391853,0.065204,0.054246,0.04097,0.104347,0.044553,0.070251,0.087806,0.087068,0.053702,,2231900,,
0,0,,0.261822,0.082591,0.045505,0.028544,0.12347,0.044046,0.093045,0.11061,0.103915,0.106452,,2227200,,
0,0,,0.52433,0.049611,0.036459,0.047874,0.067435,0.046362,0.054887,0.054648,0.046679,0.071716,,2253200,,
0,0,,0.369655,0.05492,0.042252,0.043785,0.098526,0.062979,0.081986,0.064205,0.126174,0.055518,,2228900,,
0,0,,0.293447,0.059322,0.04644,0.051991,0.19094,0.034843,0.109576,0.09837,0.073409,0.041661,,2237500,,
0,0,,0.347155,0.051049,0.027299,0.040406,0.116378,0.031659,0.143415,0.088793,0.077053,0.076794,,2225300,,
0,0,,0.283141,0.058945,0.049736,0.050179,0.162569,0.029962,0.12101,0.096372,0.10232,0.045765,,2225300,,
0,0,,0.314948,0.0612,0.029577,0.031378,0.126754,0.056857,0.107174,0.089511,0.097981,0.08462,,2200800,,
0,0,,0.393653,0.047566,0.066185,0.082819,0.055672,0.055388,0.055103,0.056481,0.099924,0.087209,,2243600,,
0,0,,0.515386,0.045019,0.029455,0.03195,0.073216,0.029585,0.060995,0.076363,0.063312,0.074719,,2251200,,
0,0,,0.466522,0.059393,0.027084,0.032148,0.069573,0.031023,0.088699,0.056739,0.092767,0.076053,,2227000,,
0,0,,0.414591,0.055654,0.02947,0.03215,0.083073,0.044632,0.095878,0.07123,0.100595,0.072727,,2344400,,
0,0,,0.42892,0.047731,0.030963,0.036696,0.102551,0.037849,0.086418,0.072676,0.097146,0.05905,,2294900,,
0,9,,0.215272,0.070285,0.032217,0.033467,0.101462,0.042888,0.101521,0.074978,0.072624,0.255286,,2480000,,
0,0,,0.458611,0.052466,0.029082,0.057823,0.106637,0.034303,0.091619,0.046949,0.074553,0.047957,,2270300,,
0,0,,0.464751,0.061079,0.036148,0.035885,0.07046,0.026265,0.061566,0.087612,0.083312,0.072922,,2238200,,
0,0,,0.365404,0.048986,0.029526,0.031755,0.143113,0.028303,0.131019,0.076225,0.075208,0.070461,,2200800,,
0,0,,0.372321,0.055659,0.032245,0.034091,0.130548,0.030828,0.122394,0.072268,0.080236,0.06941,,2218000,,
0,0,,0.4317,0.054082,0.024435,0.04252,0.090374,0.077046,0.074278,0.076935,0.078609,0.05002,,2204300,,
0,0,,0.413045,0.056159,0.034247,0.040701,0.073366,0.051607,0.070488,0.085645,0.09297,0.081773,,2192600,,
0,0,,0.288443,0.079286,0.055956,0.053389,0.143857,0.063067,0.05556,0.122856,0.065116,0.07247,,1998100,,
0,0,,0.407681,0.058088,0.030604,0.039579,0.100838,0.04479,0.093629,0.064945,0.092101,0.067744,,1884400,,
0,0,,0.496937,0.034557,0.033401,0.03906,0.077245,0.032594,0.054054,0.074821,0.078085,0.079246,,1874000,,
0,0,,0.410761,0.072928,0.043667,0.041756,0.101422,0.027129,0.071403,0.086912,0.079923,0.064099,,1870000,,
0,0,,0.398611,0.080447,0.050412,0.035143,0.070105,0.079085,0.071012,0.083694,0.081016,0.050476,,1883200,,
0,0,,0.453291,0.062177,0.03782,0.031563,0.063646,0.041323,0.084456,0.061569,0.085483,0.078673,,1864400,,
0,0,,0.334302,0.089412,0.034919,0.061201,0.137076,0.091157,0.052158,0.059199,0.08747,0.053106,,1865200,,
0,0,,0.342195,0.05248,0.034324,0.045772,0.111505,0.033579,0.116705,0.08115,0.105168,0.077121,,1867000,,
0,0,,0.395553,0.039566,0.029627,0.034565,0.088697,0.091816,0.083079,0.062591,0.0782,0.096308,,1889500,,
0,0,,0.389333,0.054716,0.028545,0.041495,0.103824,0.026936,0.117774,0.072234,0.084705,0.080437,,1861200,,
1,1,,0.051891,0.263388,0.09211,0.130652,0.043776,0.072297,0.027135,0.109077,0.095219,0.114455,,1865100,,
1,1,,0.04768,0.325171,0.084045,0.101588,0.065237,0.04502,0.056736,0.089021,0.139251,0.046252,,1888000,,
1,1,,0.097185,0.212707,0.059599,0.112175,0.062814,0.122883,0.05098,0.08726,0.075176,0.11922,,1889900,,
1,1,,0.094617,0.235862,0.079859,0.120574,0.075671,0.082157,0.047441,0.093524,0.089643,0.08065,,1863800,,
1,9,,0.037043,0.171391,0.059241,0.092183,0.097233,0.08635,0.036233,0.095149,0.082026,0.243151,,1869800,,
1,1,,0.01308,0.206021,0.115085,0.144372,0.085834,0.113524,0.092171,0.101016,0.047792,0.081105,,1884500,,
1,1,,0.017236,0.209251,0.120061,0.10322,0.087704,0.128974,0.10577,0.099458,0.076102,0.052221,,1874200,,
1,1,,0.061096,0.206849,0.060593,0.105665,0.149391,0.105674,0.034105,0.088725,0.068917,0.118984,,1885700,,
1,1,,0.09012,0.183588,0.059,0.147599,0.10548,0.109984,0.037936,0.074128,0.100727,0.091437,,1865100,,
1,1,,0.013803,0.22338,0.09771,0.122904,0.132889,0.121685,0.051146,0.081433,0.062262,0.092788,,1913100,,
1,1,,0.018696,0.290884,0.142742,0.106636,0.095811,0.065166,0.022293,0.114928,0.090841,0.052002,,1880600,,
1,1,,0.013065,0.179706,0.132136,0.127461,0.062199,0.124021,0.099146,0.116384,0.068189,0.077694,,1861900,,
1,1,,0.076259,0.31137,0.078879,0.09013,0.055409,0.036143,0.050762,0.13528,0.117939,0.047829,,1874100,,
1,1,,0.083816,0.224404,0.064563,0.061323,0.147595,0.059032,0.071381,0.103655,0.108315,0.075916,,1866100,,
1,6,,0.014719,0.164834,0.145841,0.091336,0.040459,0.140158,0.189452,0.0553,0.088867,0.069034,,1866600,,
1,3,,0.010192,0.170916,0.160652,0.20303,0.052649,0.123628,0.059986,0.054386,0.077421,0.08714,,1883500,,
1,9,,0.089588,0.126775,0.051918,0.114494,0.055217,0.097159,0.058015,0.087531,0.095792,0.223513,,1889300,,
1,1,,0.057525,0.216408,0.064051,0.118545,0.069951,0.127932,0.037284,0.088152,0.126863,0.093289,,1862500,,
1,1,,0.085222,0.243478,0.064201,0.099515,0.107272,0.079899,0.04298,0.080957,0.070525,0.125951,,1861900,,
1,1,,0.123605,0.204857,0.05732,0.15105,0.061325,0.066281,0.051345,0.084419,0.111601,0.088197,,1858800,,
1,1,,0.013394,0.174582,0.143905,0.113529,0.047204,0.153187,0.094945,0.076858,0.083161,0.099236,,1868300,,
1,1,,0.015879,0.255348,0.153142,0.116089,0.084432,0.098291,0.031485,0.098544,0.083013,0.063778,,1862300,,
1,1,,0.036552,0.313481,0.083511,0.085197,0.064082,0.111699,0.092879,0.076944,0.080178,0.055478,,1866400,,
1,1,,0.032291,0.298441,0.062031,0.094151,0.051628,0.04285,0.025683,0.092634,0.213555,0.086736,,1882000,,
1,1,,0.038257,0.225798,0.088198,0.062653,0.070951,0.090504,0.023208,0.171754,0.103473,0.125206,,1862500,,
1,1,,0.05847,0.264224,0.112283,0.054847,0.0567,0.093055,0.125851,0.090311,0.105793,0.038466,,1905200,,
1,1,,0.064044,0.266749,0.07487,0.04649,0.15078,0.070319,0.103302,0.067882,0.120156,0.035407,,1882700,,
1,1,,0.044063,0.218076,0.17294,0.134445,0.057971,0.047173,0.080031,0.081346,0.086301,0.077654,,1884600,,
1,1,,0.013894,0.254438,0.157817,0.102016,0.061349,0.112494,0.030287,0.104249,0.110541,0.052913,,1890500,,
1,9,,0.058122,0.087135,0.136355,0.119893,0.069863,0.049034,0.035179,0.17325,0.092755,0.178414,,1881500,,
1,1,,0.016899,0.255671,0.131934,0.120768,0.069125,0.111074,0.023898,0.081993,0.093575,0.095063,,1888700,,
1,1,,0.063744,0.206302,0.099488,0.102405,0.195724,0.077237,0.065616,0.059967,0.045253,0.084265,,1919500,,
1,1,,0.026284,0.184383,0.107653,0.066714,0.078761,0.155176,0.117554,0.118544,0.09413,0.050802,,1890900,,
1,1,,0.072819,0.156498,0.078018,0.065363,0.129778,0.053193,0.138946,0.106965,0.111316,0.087104,,1878600,,
1,1,,0.070389,0.280942,0.092132,0.103316,0.061646,0.043565,0.042532,0.105156,0.141406,0.058916,,1897100,,
1,1,,0.019021,0.239637,0.1483,0.124598,0.081447,0.082374,0.060033,0.105131,0.078056,0.061403,,1883600,,
1,1,,0.015084,0.291726,0.075535,0.105567,0.057121,0.112643,0.10433,0.097145,0.100385,0.040464,,1886600,,
1,1,,0.014549,0.349982,0.097603,0.092643,0.11415,0.044604,0.028022,0.103147,0.108089,0.047211,,1883900,,
1,3,,0.015413,0.146681,0.09776,0.172164,0.146697,0.116071,0.070311,0.054503,0.054838,0.125563,,1885900,,
1,1,,0.055512,0.284328,0.104952,0.105706,0.057672,0.050599,0.02404,0.123107,0.11577,0.078315,,1883000,,
1,1,,0.046441,0.206344,0.099348,0.059392,0.079228,0.123161,0.127753,0.085512,0.116083,0.056737,,1945900,,
1,1,,0.063007,0.196428,0.106821,0.070457,0.159047,0.055351,0.127724,0.053173,0.130013,0.037978,,1883100,,
1,1,,0.012942,0.21121,0.15226,0.140582,0.049645,0.101681,0.028485,0.155258,0.088549,0.059388,,1886600,,
1,1,,0.100087,0.330485,0.055673,0.058234,0.138147,0.040407,0.084887,0.058147,0.097561,0.036372,,1881400,,
1,1,,0.05503,0.243458,0.071745,0.101306,0.054385,0.092723,0.045504,0.105797,0.092332,0.13772,,1876300,,
1,1,,0.046748,0.241489,0.089833,0.163077,0.05024,0.088142,0.02616,0.081467,0.093502,0.119341,,1881000,,
1,9,,0.060937,0.145746,0.068577,0.115919,0.07476,0.082326,0.039451,0.088013,0.07035,0.253921,,1889500,,
1,1,,0.060102,0.223644,0.089515,0.078988,0.145802,0.049909,0.100568,0.077838,0.135929,0.037703,,1882800,,
1,3,,0.016048,0.112187,0.164212,0.166287,0.06622,0.105053,0.085885,0.074421,0.060307,0.14938,,1926400,,
1,1,,0.041642,0.341892,0.077226,0.071928,0.074407,0.062428,0.071457,0.097357,0.117663,0.044001,,1842500,,
1,1,,0.017368,0.383576,0.104177,0.086382,0.099786,0.05639,0.026748,0.089653,0.057482,0.078438,,1827100,,
1,1,,0.042217,0.280258,0.08398,0.140915,0.045567,0.07448,0.039726,0.082946,0.100523,0.109389,,1814000,,
1,1,,0.015916,0.282447,0.116388,0.157067,0.063333,0.08049,0.036396,0.07371,0.063697,0.110557,,1817700,,
1,4,,0.028264,0.13045,0.14377,0.056228,0.185973,0.11719,0.133915,0.098492,0.063636,0.042082,,1819000,,
1,1,,0.127682,0.226321,0.064006,0.119888,0.081174,0.09575,0.042259,0.094577,0.068984,0.07936,,1812200,,
1,1,,0.062173,0.231471,0.077744,0.105538,0.196417,0.091391,0.067724,0.058962,0.037078,0.071501,,1815400,,
1,9,,0.079483,0.13445,0.091085,0.142143,0.053943,0.068827,0.029467,0.157443,0.07088,0.172279,,1839900,,
1,1,,0.044079,0.245063,0.112664,0.165854,0.058255,0.064829,0.038174,0.072279,0.073879,0.124924,,1843300,,
1,6,,0.089788,0.149545,0.127994,0.054212,0.099975,0.105867,0.162194,0.076192,0.101401,0.032833,,1817400,,
1,1,,0.120809,0.245764,0.06491,0.070657,0.127184,0.033852,0.080296,0.084337,0.12643,0.045761,,1814400,,
1,1,,0.041316,0.239873,0.093684,0.172073,0.044228,0.08465,0.042902,0.077857,0.086366,0.117051,,1821800,,
1,6,,0.049738,0.206992,0.097093,0.05993,0.108181,0.093642,0.20878,0.049888,0.08441,0.041344,,1815900,,
1,1,,0.054541,0.231276,0.115071,0.134028,0.052066,0.081988,0.043973,0.07835,0.09817,0.110536,,1815400,,
1,1,,0.075699,0.211316,0.096916,0.112353,0.078875,0.070622,0.063066,0.093688,0.071849,0.125616,,1815400,,
1,1,,0.053691,0.311714,0.076762,0.087186,0.066505,0.045737,0.031525,0.140704,0.112853,0.073322,,1826000,,
1,1,,0.102557,0.192235,0.059996,0.072101,0.08339,0.037082,0.081331,0.176644,0.12815,0.066513,,1870700,,
1,1,,0.068093,0.303866,0.075385,0.074079,0.052604,0.039909,0.059702,0.102547,0.171767,0.052048,,1826100,,
1,1,,0.051493,0.252615,0.07901,0.09828,0.058528,0.079138,0.040778,0.096718,0.144858,0.098581,,1797600,,
1,1,,0.057275,0.33605,0.069323,0.078815,0.069225,0.065223,0.033828,0.089275,0.121288,0.079698,,1835500,,
1,1,,0.012942,0.222817,0.13901,0.1724,0.086951,0.090177,0.040019,0.105776,0.054432,0.075476,,1819100,,
1,1,,0.075038,0.264171,0.093638,0.072544,0.078457,0.085226,0.063138,0.091832,0.137405,0.038551,,1828300,,
1,1,,0.031125,0.186121,0.112763,0.166207,0.052624,0.078623,0.038132,0.072079,0.081858,0.180467,,1817000,,
1,1,,0.017272,0.241642,0.1273,0.151627,0.079226,0.059267,0.032583,0.12972,0.0758,0.085561,,1823200,,
1,1,,0.035578,0.260985,0.085785,0.104985,0.080351,0.042762,0.024624,0.164625,0.105826,0.094478,,1830100,,
1,1,,0.017952,0.158578,0.113026,0.074337,0.142843,0.140672,0.103542,0.046097,0.135308,0.067645,,1819800,,
1,1,,0.067828,0.280298,0.06137,0.053186,0.129801,0.04907,0.121133,0.088928,0.111475,0.036912,,1820900,,
1,1,,0.074013,0.274631,0.142957,0.09739,0.058767,0.036598,0.049907,0.091694,0.120978,0.053064,,1830000,,
1,1,,0.03768,0.205937,0.060896,0.096551,0.199676,0.094898,0.053083,0.128037,0.046087,0.077154,,1822900,,
1,1,,0.15527,0.206365,0.045129,0.058624,0.111124,0.031784,0.146141,0.08581,0.11416,0.045594,,1812100,,
1,1,,0.029857,0.221244,0.101079,0.109712,0.062361,0.062935,0.031389,0.171686,0.099162,0.110574,,1832100,,
1,1,,0.091234,0.286364,0.118539,0.075727,0.074909,0.058824,0.058474,0.080717,0.117205,0.038007,,1819400,,
1,9,,0.097537,0.130837,0.061746,0.130054,0.088959,0.091713,0.067549,0.069271,0.093864,0.168471,,1816400,,
1,1,,0.079557,0.190789,0.088879,0.040567,0.103168,0.157538,0.145958,0.064919,0.098146,0.030478,,1860300,,
1,9,,0.035449,0.144742,0.099171,0.163538,0.0378,0.082712,0.044889,0.077594,0.094515,0.219591,,1838500,,
1,1,,0.118243,0.220116,0.069722,0.122858,0.053933,0.081256,0.057396,0.082665,0.097145,0.096665,,1829800,,
1,1,,0.015855,0.220934,0.147556,0.164885,0.053117,0.07052,0.054757,0.057766,0.062756,0.151854,,1824200,,
1,1,,0.077417,0.239522,0.127172,0.082452,0.064097,0.065538,0.077929,0.082875,0.130784,0.052214,,1823000,,
1,1,,0.090713,0.227446,0.070598,0.067654,0.135857,0.046661,0.085439,0.109796,0.104106,0.061729,,1826400,,
1,1,,0.015916,0.280372,0.093289,0.117924,0.125165,0.101066,0.036088,0.064921,0.069714,0.095546,,1821900,,
1,1,,0.111024,0.248796,0.056179,0.106806,0.068317,0.068618,0.050901,0.099094,0.086596,0.103669,,1832800,,
1,7,,0.056657,0.166615,0.05264,0.092672,0.097932,0.080915,0.044045,0.167812,0.080799,0.159912,,1821900,,
1,1,,0.125202,0.197024,0.067495,0.088718,0.160156,0.034095,0.189307,0.04523,0.06833,0.024442,,1820900,,
1,1,,0.033576,0.24411,0.086221,0.106072,0.052526,0.094401,0.03628,0.098964,0.094395,0.153455,,1844800,,
1,1,,0.083453,0.250413,0.079847,0.127427,0.064559,0.072308,0.062049,0.077841,0.08637,0.095732,,1864800,,
1,1,,0.052603,0.221882,0.124727,0.128557,0.062579,0.061156,0.0598,0.116783,0.093455,0.078458,,1934500,,
1,1,,0.01306,0.176185,0.127667,0.149427,0.056117,0.121975,0.098965,0.127648,0.050203,0.078752,,1973100,,
1,1,,0.061297,0.165961,0.126997,0.107987,0.131504,0.085256,0.065257,0.102583,0.093123,0.060037,,1877600,,
1,1,,0.053279,0.25458,0.119391,0.045362,0.074955,0.133857,0.121437,0.058426,0.085797,0.052916,,1847400,,
1,1,,0.037599,0.235223,0.101251,0.072466,0.097972,0.15407,0.137601,0.050273,0.04268,0.070865,,1963200,,
1,6,,0.079563,0.133383,0.082976,0.044628,0.160082,0.104885,0.216048,0.059548,0.0952,0.023687,,1914300,,
1,7,,0.02973,0.157882,0.117704,0.105537,0.077077,0.060251,0.029819,0.208659,0.092064,0.121276,,1917500,,
1,1,,0.099262,0.212974,0.091933,0.076305,0.114997,0.086355,0.063857,0.093002,0.117678,0.043637,,1923900,,
1,1,,0.106132,0.255569,0.056365,0.069211,0.073882,0.039691,0.064056,0.08986,0.155751,0.089485,,1899300,,
1,1,,0.08878,0.235078,0.073214,0.109727,0.071283,0.09924,0.066796,0.081405,0.067253,0.107224,,1854500,,
1,6,,0.011019,0.137111,0.154582,0.105263,0.062395,0.120329,0.163858,0.086391,0.073971,0.085081,,1836500,,
1,1,,0.020529,0.222303,0.14763,0.140407,0.081272,0.104309,0.049624,0.065742,0.076876,0.091308,,1875600,,
1,1,,0.082826,0.173377,0.06152,0.118027,0.08253,0.138228,0.032124,0.082762,0.104563,0.124042,,1867400,,
1,1,,0.046255,0.170047,0.104528,0.121044,0.062432,0.15248,0.134881,0.058834,0.071717,0.077782,,1887900,,
1,1,,0.075873,0.229806,0.144262,0.069808,0.051114,0.07452,0.065821,0.089054,0.146067,0.053675,,1868000,,
1,1,,0.080676,0.29327,0.061138,0.048829,0.147568,0.071052,0.05234,0.114764,0.09599,0.034374,,1866300,,
1,1,,0.021058,0.249341,0.077419,0.150981,0.086498,0.109163,0.028596,0.108528,0.087801,0.080617,,1859500,,
1,1,,0.114241,0.187211,0.112994,0.092262,0.089082,0.058848,0.066853,0.108983,0.104701,0.064824,,1855300,,
1,1,,0.024532,0.363409,0.09975,0.076997,0.087294,0.08673,0.026098,0.092186,0.101286,0.04172,,1854900,,
1,1,,0.055275,0.335107,0.075711,0.078574,0.131572,0.053742,0.088983,0.049811,0.100909,0.030316,,1899800,,
1,1,,0.025158,0.374607,0.083145,0.094548,0.093214,0.06928,0.038237,0.070623,0.114534,0.036654,,1864100,,
2,2,,0.05091,0.092139,0.230668,0.168042,0.04932,0.061381,0.053311,0.102452,0.11235,0.079425,,1883900,,
2,2,,0.016217,0.114781,0.234663,0.121648,0.063179,0.11086,0.054028,0.083405,0.099623,0.101596,,1844700,,
2,2,,0.01229,0.116654,0.291536,0.1729,0.041953,0.130601,0.029584,0.057962,0.065329,0.081191,,1848400,,
2,2,,0.084183,0.089037,0.170145,0.133374,0.069933,0.129981,0.110524,0.062212,0.083006,0.067605,,1838600,,
2,3,,0.042957,0.098921,0.14785,0.155857,0.066456,0.082812,0.03522,0.146939,0.114314,0.108674,,1845800,,
2,2,,0.025624,0.107997,0.2946,0.157123,0.053656,0.096239,0.043682,0.072073,0.083018,0.065989,,1844400,,
2,2,,0.011073,0.134008,0.227216,0.206338,0.039457,0.113117,0.049436,0.043199,0.048484,0.127673,,1873700,,
2,2,,0.016011,0.105185,0.241474,0.166921,0.065122,0.092988,0.045336,0.075062,0.100677,0.091224,,1857500,,
2,2,,0.012305,0.107846,0.322725,0.141498,0.038572,0.087697,0.048933,0.099547,0.070327,0.070548,,1854800,,
2,2,,0.012521,0.078273,0.336221,0.094771,0.055886,0.10948,0.101683,0.072185,0.090224,0.048755,,1868900,,
2,3,,0.040996,0.098964,0.192222,0.21479,0.069292,0.075145,0.036908,0.067859,0.088817,0.115006,,1868200,,
2,2,,0.010311,0.089592,0.225443,0.124488,0.04765,0.121766,0.144595,0.063083,0.069632,0.10344,,1853700,,
2,2,,0.042824,0.091278,0.250496,0.125432,0.06469,0.067827,0.028944,0.126531,0.104625,0.097353,,1858200,,
2,2,,0.012505,0.083509,0.249025,0.181284,0.046676,0.125009,0.110805,0.064204,0.062653,0.064329,,1863900,,
2,2,,0.061884,0.067628,0.203978,0.071827,0.058331,0.104286,0.180179,0.054277,0.130167,0.067442,,1861500,,
2,2,,0.013724,0.086329,0.211413,0.11232,0.047766,0.160616,0.132758,0.068515,0.086435,0.080124,,1855800,,
2,8,,0.072174,0.12564,0.133557,0.121525,0.043881,0.067468,0.082171,0.071558,0.197702,0.084323,,1862700,,
2,2,,0.013544,0.100422,0.232105,0.080279,0.066396,0.164601,0.124961,0.07623,0.057263,0.084199,,1876400,,
2,2,,0.017042,0.099189,0.287869,0.166661,0.061371,0.080272,0.04108,0.082623,0.100567,0.063326,,1869800,,
2,8,,0.11881,0.098202,0.153216,0.112999,0.069578,0.040324,0.100595,0.080742,0.157203,0.068332,,1859900,,
2,8,,0.068383,0.073134,0.181486,0.104379,0.07415,0.062274,0.054065,0.104956,0.192014,0.085159,,1872200,,
2,2,,0.015411,0.080299,0.261734,0.167494,0.038723,0.121013,0.104766,0.041794,0.069672,0.099094,,1866600,,
2,2,,0.017654,0.133023,0.272604,0.073715,0.064317,0.117742,0.116563,0.075109,0.069813,0.059461,,1889500,,
2,2,,0.039838,0.068844,0.195046,0.098382,0.076577,0.130824,0.151177,0.035522,0.138821,0.064969,,1858300,,
2,2,,0.021725,0.148568,0.262893,0.16996,0.058025,0.0946,0.025189,0.068197,0.06767,0.083173,,1864600,,
2,2,,0.016372,0.129037,0.255008,0.146825,0.06223,0.115638,0.0412,0.073214,0.07364,0.086835,,1859300,,
2,2,,0.038048,0.101684,0.227014,0.167651,0.0659,0.063857,0.052311,0.070361,0.101299,0.111875,,1877500,,
2,2,,0.07064,0.129089,0.176258,0.122104,0.076145,0.047164,0.04129,0.112358,0.145947,0.079005,,1858300,,
2,2,,0.01545,0.078588,0.237709,0.215319,0.035236,0.063202,0.097798,0.119719,0.060514,0.076466,,1867300,,
2,2,,0.051941,0.144974,0.288277,0.092464,0.048984,0.057384,0.107222,0.029086,0.116132,0.063535,,1864800,,
2,2,,0.06317,0.099899,0.195246,0.109084,0.072572,0.049653,0.110689,0.063304,0.177827,0.058556,,1879500,,
2,2,,0.016322,0.070639,0.204031,0.184415,0.044538,0.145328,0.106645,0.050696,0.074614,0.102771,,1865500,,
2,2,,0.024822,0.13143,0.214247,0.169802,0.079491,0.062942,0.038585,0.094309,0.114868,0.069504,,1856500,,
2,2,,0.02234,0.097569,0.205846,0.116363,0.074966,0.115965,0.110751,0.106112,0.086969,0.063118,,1861400,,
2,2,,0.016519,0.110878,0.240316,0.155585,0.053927,0.123468,0.108511,0.04445,0.054163,0.092183,,1872400,,
2,2,,0.018568,0.077594,0.256936,0.075715,0.071243,0.13883,0.116574,0.081442,0.077607,0.085492,,1863600,,
2,2,,0.057218,0.07956,0.216882,0.060062,0.056016,0.114062,0.131229,0.095267,0.127154,0.06255,,1853300,,
2,2,,0.046675,0.10673,0.171005,0.150562,0.043271,0.091219,0.085211,0.086551,0.07802,0.140755,,1860900,,
2,2,,0.029056,0.085516,0.242205,0.122902,0.051836,0.070716,0.047364,0.115927,0.122096,0.112382,,1878700,,
2,6,,0.137772,0.061277,0.090332,0.040144,0.119023,0.130704,0.246796,0.03255,0.105022,0.03638,,1862400,,
2,2,,0.061811,0.087686,0.189488,0.111658,0.076699,0.097447,0.030992,0.13525,0.138123,0.070847,,1852600,,
2,2,,0.05233,0.103327,0.166161,0.158444,0.059522,0.079921,0.029432,0.115032,0.105441,0.13039,,1845500,,
2,2,,0.068909,0.059208,0.225638,0.070738,0.083327,0.110379,0.142986,0.059979,0.122986,0.05585,,1849500,,
2,8,,0.083964,0.161728,0.178576,0.13265,0.028334,0.047259,0.035801,0.085985,0.190654,0.055048,,1860800,,
2,2,,0.045915,0.108121,0.254498,0.10794,0.056595,0.101251,0.111514,0.079539,0.076817,0.05781,,1838900,,
2,3,,0.017227,0.114655,0.186241,0.224598,0.069446,0.10685,0.038573,0.09458,0.076893,0.070937,,1847400,,
2,2,,0.050496,0.085355,0.237102,0.138263,0.045153,0.089276,0.06061,0.082011,0.088155,0.123578,,1876200,,
2,2,,0.022268,0.10379,0.240598,0.124794,0.058633,0.107269,0.101961,0.089351,0.088557,0.06278,,1843400,,
2,2,,0.065283,0.11903,0.334005,0.076744,0.067762,0.046448,0.059381,0.04626,0.120803,0.064284,,1846000,,
2,2,,0.050217,0.074935,0.247431,0.109496,0.064506,0.056716,0.052464,0.071014,0.199783,0.073438,,1835600,,
2,2,,0.075657,0.071041,0.222344,0.06635,0.082315,0.120865,0.127068,0.064762,0.101809,0.067788,,1837200,,
2,2,,0.056458,0.098738,0.184672,0.117892,0.061134,0.070283,0.041708,0.100136,0.096424,0.172555,,1831600,,
2,9,,0.174085,0.049015,0.159875,0.134075,0.048882,0.052557,0.057458,0.066667,0.055381,0.202006,,1833600,,
2,2,,0.046809,0.099569,0.212729,0.142183,0.043503,0.076871,0.071044,0.091318,0.087427,0.128547,,1835000,,
2,2,,0.095596,0.094217,0.172667,0.111307,0.075042,0.044875,0.119236,0.065534,0.146603,0.074924,,1838300,,
2,2,,0.01361,0.101794,0.262542,0.130052,0.062378,0.115486,0.111839,0.075927,0.063796,0.062574,,1852300,,
2,2,,0.059779,0.136037,0.205258,0.078022,0.123278,0.088029,0.099412,0.0507,0.100638,0.058848,,1826900,,
2,2,,0.019275,0.094406,0.246807,0.098007,0.093744,0.129944,0.107412,0.069646,0.0721,0.068659,,1826400,,
2,8,,0.065372,0.092899,0.184703,0.150566,0.054361,0.056471,0.069221,0.061418,0.189783,0.075207,,1830000,,
2,8,,0.089257,0.074584,0.077245,0.070734,0.061703,0.048151,0.10175,0.149382,0.221789,0.105406,,1833900,,
2,2,,0.044208,0.106574,0.225228,0.178902,0.062044,0.049287,0.022247,0.136006,0.106663,0.06884,,1828300,,
2,2,,0.016507,0.104278,0.244535,0.195262,0.055294,0.068325,0.027324,0.098821,0.10489,0.084764,,1802700,,
2,2,,0.020182,0.120727,0.301517,0.192007,0.032505,0.083166,0.056093,0.05936,0.049538,0.084905,,1801300,,
2,2,,0.023309,0.14441,0.244297,0.137443,0.078839,0.075892,0.035667,0.089599,0.096126,0.074417,,1825900,,
2,2,,0.103235,0.073496,0.21133,0.122593,0.059556,0.049571,0.069086,0.089226,0.145505,0.076402,,1801400,,
2,2,,0.012505,0.094082,0.249581,0.139841,0.057895,0.134309,0.095513,0.074323,0.072877,0.069073,,1804000,,
2,2,,0.026054,0.154437,0.204798,0.149432,0.078714,0.074326,0.056636,0.096678,0.087239,0.071687,,1799100,,
2,2,,0.012424,0.102073,0.245569,0.164987,0.048433,0.128342,0.103678,0.046809,0.07137,0.076316,,1804900,,
2,2,,0.043324,0.082431,0.233576,0.138312,0.053668,0.075273,0.048611,0.124932,0.12138,0.078491,,1803400,,
2,2,,0.04265,0.154466,0.25279,0.142899,0.050587,0.065807,0.044069,0.072527,0.087597,0.086607,,1784400,,
2,2,,0.012521,0.11205,0.281661,0.103685,0.046106,0.129676,0.091181,0.07566,0.084754,0.062706,,1782900,,
2,2,,0.042246,0.069421,0.331987,0.13548,0.042015,0.036808,0.048502,0.085522,0.136487,0.071532,,1806900,,
2,2,,0.012964,0.089672,0.234496,0.107368,0.052994,0.151932,0.125403,0.07739,0.077932,0.069849,,1790200,,
2,2,,0.081258,0.077378,0.186934,0.125057,0.058272,0.054188,0.044305,0.106103,0.177219,0.089286,,1787400,,
2,2,,0.043881,0.092624,0.166625,0.124114,0.065433,0.113964,0.05848,0.116948,0.100823,0.117108,,1799300,,
2,2,,0.048681,0.088119,0.242865,0.159252,0.05111,0.077971,0.049591,0.092425,0.08577,0.104217,,1796500,,
2,2,,0.052338,0.091658,0.194689,0.141683,0.051405,0.076211,0.039755,0.115055,0.128034,0.109172,,1811600,,
2,2,,0.042571,0.100462,0.196676,0.098386,0.045564,0.126182,0.151074,0.044589,0.135659,0.058836,,2632200,,
2,2,,0.052088,0.170845,0.201755,0.158024,0.042293,0.045544,0.037033,0.091367,0.118884,0.082168,,1796700,,
2,2,,0.020067,0.084963,0.349637,0.128572,0.058376,0.058036,0.047438,0.085312,0.108024,0.059574,,1788700,,
2,2,,0.015324,0.139945,0.2261,0.130899,0.07892,0.106058,0.054626,0.083956,0.083942,0.08023,,1792200,,
2,3,,0.017857,0.131421,0.174488,0.195121,0.056267,0.073674,0.089713,0.081593,0.087711,0.092156,,1797300,,
2,3,,0.015285,0.11719,0.200145,0.262659,0.0434,0.065377,0.069981,0.075449,0.065519,0.084995,,1793400,,
2,8,,0.05422,0.115871,0.155428,0.102568,0.095807,0.067485,0.095219,0.083991,0.186267,0.043144,,1799500,,
2,2,,0.097309,0.078575,0.170453,0.137333,0.064425,0.062634,0.043739,0.107774,0.089861,0.147896,,1803300,,
2,2,,0.087987,0.077452,0.216638,0.121101,0.08587,0.053462,0.105084,0.062792,0.114531,0.075083,,1814500,,
2,2,,0.015024,0.190419,0.22133,0.129724,0.061339,0.091029,0.057619,0.08922,0.069812,0.074483,,1806100,,
2,0,,0.181407,0.093207,0.152469,0.068929,0.050126,0.126697,0.124635,0.027655,0.12607,0.048804,,1808600,,
2,2,,0.058158,0.091102,0.213175,0.068688,0.063279,0.120739,0.191812,0.033545,0.110315,0.049187,,1820500,,
2,2,,0.100478,0.079597,0.185607,0.067231,0.06706,0.118978,0.124829,0.060582,0.138038,0.057599,,1817300,,
2,2,,0.017444,0.101158,0.228663,0.162741,0.065553,0.105307,0.049006,0.07641,0.110963,0.082755,,1818200,,
2,2,,0.015475,0.078349,0.237771,0.07016,0.084722,0.145197,0.116981,0.088889,0.070666,0.091791,,1817900,,
2,6,,0.11031,0.069644,0.120266,0.057357,0.077193,0.105092,0.245304,0.0292,0.145627,0.040007,,1814500,,
2,2,,0.038048,0.106802,0.229739,0.167872,0.060444,0.079147,0.05593,0.075865,0.089133,0.09702,,1827800,,
2,2,,0.04432,0.138321,0.224899,0.097182,0.080698,0.100997,0.071867,0.055508,0.136053,0.050155,,1847000,,
2,0,,0.163378,0.083741,0.064708,0.047786,0.119764,0.054815,0.16197,0.105565,0.129766,0.068507,,1832800,,
2,5,,0.014853,0.092278,0.169082,0.079919,0.112542,0.183067,0.147592,0.06952,0.058978,0.07217,,1859000,,
2,9,,0.050112,0.053402,0.136385,0.150477,0.048285,0.135948,0.094543,0.089904,0.083343,0.157601,,1815700,,
2,6,,0.061674,0.066156,0.202288,0.040941,0.073054,0.139504,0.238916,0.031939,0.09434,0.051187,,1811800,,
2,2,,0.038965,0.110352,0.228606,0.19148,0.052182,0.060086,0.066291,0.078129,0.067597,0.10631,,1808500,,
2,8,,0.134631,0.082091,0.105314,0.076383,0.095574,0.038932,0.124573,0.086695,0.139353,0.116452,,1808200,,
2,2,,0.046823,0.127091,0.214693,0.103795,0.060983,0.08481,0.051829,0.104579,0.122024,0.083374,,1811700,,
2,2,,0.057325,0.085834,0.178086,0.123676,0.068958,0.115199,0.107246,0.078017,0.12604,0.059617,,1826600,,
2,8,,0.085715,0.096964,0.099328,0.129146,0.056052,0.051059,0.074417,0.114063,0.172784,0.120472,,1807300,,
2,2,,0.015203,0.088105,0.222105,0.129726,0.087851,0.120173,0.102636,0.09175,0.07678,0.065672,,1831700,,
2,3,,0.022287,0.113186,0.168342,0.205593,0.05494,0.094571,0.056192,0.077425,0.114584,0.092881,,1806800,,
2,2,,0.060085,0.072404,0.234141,0.110947,0.049059,0.086108,0.080879,0.11278,0.12107,0.072526,,1803100,,
2,2,,0.014372,0.064549,0.262409,0.10018,0.051182,0.105676,0.111999,0.088564,0.125873,0.075195,,1805200,,
2,8,,0.061956,0.150312,0.138626,0.154585,0.035877,0.060693,0.062637,0.088176,0.191497,0.05564,,1809300,,
2,2,,0.012801,0.086875,0.242045,0.126714,0.044773,0.129783,0.115011,0.078783,0.094079,0.069136,,1801700,,
2,2,,0.107208,0.140478,0.204337,0.093784,0.088721,0.084009,0.042357,0.080538,0.093682,0.064887,,1795700,,
2,2,,0.050496,0.136056,0.187697,0.1789,0.040867,0.078618,0.060709,0.076889,0.07412,0.115648,,1812800,,
3,3,,0.049614,0.12106,0.117669,0.231968,0.046353,0.097058,0.025183,0.101136,0.085006,0.124952,,1805100,,
3,3,,0.031532,0.099693,0.084784,0.247966,0.033192,0.089843,0.037705,0.082946,0.08964,0.2027,,1812200,,
3,8,,0.081083,0.09698,0.101452,0.112422,0.059074,0.108694,0.044604,0.098797,0.164966,0.131928,,1808500,,
3,7,,0.096636,0.069938,0.091629,0.137317,0.075239,0.063555,0.041453,0.185926,0.117483,0.120824,,1810900,,
3,3,,0.045609,0.087412,0.145946,0.198721,0.057651,0.077827,0.03933,0.115859,0.129914,0.101731,,1801900,,
3,3,,0.031914,0.089585,0.085241,0.196046,0.054435,0.088632,0.026762,0.126843,0.144396,0.156147,,1812300,,
3,3,,0.031361,0.092251,0.108407,0.211837,0.041994,0.093798,0.052341,0.079303,0.080455,0.208253,,1818800,,
3,3,,0.050591,0.081108,0.092625,0.255973,0.039475,0.096148,0.0246,0.091231,0.086438,0.181812,,1815300,,
3,3,,0.049581,0.084513,0.147256,0.215041,0.036341,0.076563,0.035592,0.095919,0.129204,0.12999,,1857400,,
3,3,,0.016601,0.124218,0.138517,0.206703,0.080336,0.155275,0.024532,0.073288,0.07061,0.10992,,1827200,,
3,3,,0.042235,0.152783,0.115976,0.239743,0.042162,0.096647,0.018176,0.098325,0.089275,0.104678,,1830200,,
3,9,,0.048681,0.076844,0.146906,0.179381,0.038384,0.117482,0.047263,0.080031,0.08089,0.184137,,1822000,,
3,3,,0.045774,0.106996,0.0922,0.241533,0.044762,0.10305,0.026649,0.112331,0.106433,0.120272,,1827500,,
3,3,,0.051597,0.100235,0.122479,0.25309,0.04368,0.085866,0.025514,0.090592,0.088085,0.138862,,1828900,,
3,3,,0.045119,0.113908,0.112583,0.16075,0.088831,0.056579,0.030339,0.158423,0.112939,0.12053,,1824000,,
3,3,,0.024477,0.126965,0.137772,0.174789,0.045146,0.150096,0.104168,0.047426,0.083907,0.105255,,1826500,,
3,3,,0.043239,0.066399,0.124672,0.267888,0.045356,0.084842,0.028348,0.096217,0.090562,0.152478,,1815000,,
3,3,,0.043408,0.084505,0.109789,0.231591,0.046579,0.099932,0.049863,0.083537,0.094435,0.156361,,1847400,,
3,3,,0.013342,0.101297,0.119723,0.240971,0.049523,0.151121,0.094258,0.061954,0.05464,0.113169,,1827700,,
3,3,,0.017515,0.087543,0.144727,0.292267,0.029735,0.170333,0.033799,0.043086,0.064677,0.116318,,1833000,,
3,5,,0.016117,0.133213,0.075788,0.158915,0.063259,0.175604,0.125168,0.07294,0.061541,0.117456,,1825900,,
3,3,,0.031125,0.086481,0.119189,0.228091,0.043813,0.102383,0.039425,0.080621,0.080695,0.188178,,1826400,,
3,3,,0.017806,0.112623,0.145799,0.214224,0.06222,0.109875,0.041106,0.097887,0.099704,0.098756,,1831700,,
3,8,,0.125034,0.050984,0.109331,0.104689,0.136394,0.043546,0.13387,0.086179,0.139832,0.07014,,1840700,,
3,3,,0.016929,0.124842,0.155906,0.21781,0.068965,0.116962,0.025181,0.08547,0.074486,0.113449,,1821300,,
3,3,,0.033052,0.096164,0.104522,0.261725,0.038535,0.089673,0.028273,0.07787,0.094573,0.175613,,1851200,,
3,3,,0.01744,0.083058,0.129792,0.290037,0.053056,0.151366,0.03265,0.063135,0.064041,0.115425,,1834400,,
3,3,,0.042779,0.074869,0.141591,0.252887,0.037885,0.071684,0.036189,0.076753,0.140089,0.125273,,1840800,,
3,3,,0.1193,0.06273,0.113104,0.180458,0.044109,0.04994,0.076568,0.068414,0.121765,0.163613,,1896300,,
3,3,,0.049845,0.111952,0.129447,0.206135,0.079873,0.045268,0.046,0.122025,0.129441,0.080015,,1918400,,
3,3,,0.026581,0.081577,0.145445,0.224509,0.037223,0.095149,0.100675,0.07328,0.065636,0.149923,,1909000,,
3,2,,0.026356,0.105419,0.170881,0.159705,0.075681,0.084776,0.045584,0.130827,0.120966,0.079804,,1893600,,
3,8,,0.054876,0.097689,0.148084,0.132391,0.0652,0.090439,0.020675,0.132669,0.184132,0.073844,,1924300,,
3,5,,0.014713,0.080063,0.114239,0.178345,0.045743,0.224341,0.09882,0.067902,0.06239,0.113443,,1944400,,
3,3,,0.041095,0.168341,0.118545,0.231251,0.05339,0.075747,0.034905,0.088405,0.064693,0.123629,,1966800,,
3,3,,0.062881,0.112571,0.123333,0.217195,0.064915,0.08366,0.035077,0.106756,0.081347,0.112265,,1923400,,
3,3,,0.052079,0.080824,0.110168,0.183458,0.041772,0.108546,0.040968,0.088676,0.112823,0.180686,,1942000,,
3,3,,0.019509,0.132727,0.17647,0.278089,0.031387,0.088427,0.0225,0.083109,0.065918,0.101865,,1907700,,
3,5,,0.014754,0.134392,0.078561,0.133355,0.091589,0.171806,0.116901,0.081843,0.076723,0.100076,,1916600,,
3,3,,0.044031,0.155458,0.115848,0.224104,0.065001,0.109054,0.019201,0.089297,0.07439,0.103615,,1903900,,
