optdigits,CWE,test,1,NANOSECONDS,PREDICTIONS, Generated by ClassifierExperiments.java on 2022-05-16 20:48:39.    SYSTEMPROPERTIES:{user.name:matth,os.arch:amd64,os.name:Windows 10},ENDSYSTEMPROPERTIES
No parameter info
0.7980513728963685,3115045400,2041916200,-1,98437784,10,,-1,-1
0,0,,0.442791,0.059761,0.058221,0.020368,0.062858,0.079878,0.044711,0.09968,0.092496,0.039236,,2056100,,
0,0,,0.319382,0.097324,0.06555,0.020983,0.068614,0.034757,0.102466,0.064938,0.162015,0.06397,,1856600,,
0,0,,0.240668,0.091421,0.053743,0.052058,0.123879,0.024663,0.115996,0.09887,0.145293,0.053408,,1825100,,
0,0,,0.497492,0.111949,0.038778,0.033286,0.046841,0.045919,0.029989,0.036948,0.12328,0.035518,,1854700,,
0,0,,0.322099,0.065737,0.07567,0.030546,0.073346,0.03935,0.123291,0.062037,0.156175,0.05175,,1830700,,
0,0,,0.426424,0.028048,0.030141,0.018089,0.174477,0.017968,0.104409,0.045728,0.12367,0.031047,,1830400,,
0,0,,0.488459,0.055634,0.0376,0.022823,0.082819,0.034124,0.077919,0.059453,0.10526,0.035909,,1862200,,
0,0,,0.502648,0.045371,0.028971,0.017996,0.067918,0.029306,0.103712,0.041691,0.124152,0.038234,,1827000,,
0,0,,0.452837,0.062435,0.040772,0.029834,0.077782,0.035135,0.066785,0.079189,0.08804,0.067192,,1827400,,
0,0,,0.424161,0.04354,0.056434,0.024079,0.070226,0.045058,0.080356,0.050782,0.164166,0.041197,,1823600,,
0,0,,0.300289,0.051593,0.043372,0.038695,0.18519,0.039598,0.145697,0.054169,0.095363,0.046034,,1822800,,
0,0,,0.642654,0.035793,0.028535,0.01829,0.06732,0.031475,0.043369,0.039115,0.05341,0.040038,,1826800,,
0,0,,0.372663,0.064123,0.028657,0.030633,0.156976,0.02817,0.167163,0.043113,0.067638,0.040865,,1826700,,
0,0,,0.369769,0.053686,0.051856,0.021235,0.083076,0.042994,0.098313,0.068951,0.172782,0.037339,,1828500,,
0,0,,0.652561,0.024884,0.029328,0.017783,0.075467,0.039907,0.045986,0.0397,0.033838,0.040546,,1850100,,
0,0,,0.571359,0.036877,0.040091,0.015024,0.069091,0.02968,0.060031,0.05485,0.088493,0.034503,,1784100,,
0,0,,0.410499,0.050562,0.023251,0.014392,0.132832,0.024355,0.149154,0.042562,0.11026,0.042132,,1782100,,
0,0,,0.41452,0.045652,0.032082,0.015155,0.137019,0.049602,0.130068,0.046803,0.092953,0.036146,,1781100,,
0,0,,0.518944,0.043075,0.027719,0.016492,0.070956,0.026257,0.094826,0.033284,0.132783,0.035664,,1776500,,
0,0,,0.332108,0.041058,0.029184,0.017961,0.171506,0.031878,0.168026,0.054865,0.119054,0.034361,,1785000,,
0,0,,0.483601,0.048647,0.034282,0.017675,0.055671,0.037405,0.099375,0.037726,0.13134,0.054278,,1778800,,
0,0,,0.172538,0.06299,0.067451,0.014214,0.148571,0.047591,0.154395,0.062934,0.146573,0.122744,,1844000,,
0,0,,0.37148,0.049502,0.026124,0.016846,0.17747,0.035475,0.159544,0.054043,0.07221,0.037308,,1811500,,
0,0,,0.528596,0.038367,0.034782,0.017388,0.087003,0.030325,0.083944,0.060889,0.085617,0.03309,,1783100,,
0,0,,0.456838,0.040772,0.087393,0.017811,0.078932,0.027518,0.077919,0.049724,0.13067,0.032422,,1766700,,
0,0,,0.476269,0.055399,0.03108,0.016404,0.07703,0.024001,0.119226,0.043116,0.114702,0.042775,,1774100,,
0,0,,0.346145,0.072845,0.032059,0.023853,0.0854,0.03691,0.155388,0.05536,0.144323,0.047717,,1780700,,
0,0,,0.456164,0.050565,0.045581,0.016293,0.104201,0.048749,0.075219,0.064416,0.096437,0.042375,,1772600,,
0,0,,0.420577,0.049749,0.033472,0.021268,0.071433,0.030815,0.126718,0.04146,0.159237,0.045272,,1768200,,
0,0,,0.39532,0.067613,0.046338,0.015769,0.092911,0.041732,0.102466,0.091934,0.109271,0.036645,,1767900,,
0,0,,0.422642,0.044011,0.025073,0.018066,0.134009,0.03249,0.154634,0.045533,0.077317,0.046225,,1779700,,
0,0,,0.475088,0.049595,0.030862,0.01957,0.083562,0.026188,0.131956,0.041114,0.10727,0.034793,,1776200,,
0,0,,0.553957,0.042802,0.032769,0.013741,0.086548,0.029751,0.058092,0.049698,0.090864,0.041779,,1772900,,
0,0,,0.376148,0.044407,0.03309,0.016937,0.125899,0.04739,0.161887,0.058208,0.098069,0.037964,,1767800,,
0,0,,0.390426,0.054119,0.030218,0.015697,0.095371,0.035066,0.170673,0.04868,0.110426,0.049325,,1771700,,
0,0,,0.408814,0.051403,0.030785,0.017399,0.094914,0.029242,0.145442,0.043604,0.130448,0.047949,,1767400,,
0,0,,0.392944,0.072448,0.061047,0.025116,0.094456,0.055853,0.089496,0.07208,0.09132,0.04524,,1772400,,
0,0,,0.436479,0.040824,0.082595,0.016722,0.06335,0.031331,0.092827,0.057829,0.140846,0.037197,,1769300,,
0,0,,0.507536,0.067422,0.039062,0.021475,0.077491,0.020207,0.050515,0.086253,0.090666,0.039372,,1769400,,
0,0,,0.556882,0.030852,0.047369,0.015623,0.11642,0.044423,0.051049,0.047847,0.055141,0.034393,,1796000,,
0,0,,0.284366,0.062957,0.033753,0.032454,0.108175,0.046687,0.167506,0.070966,0.137401,0.055734,,1777700,,
0,0,,0.542947,0.042335,0.04027,0.020483,0.076791,0.032542,0.072769,0.052993,0.088538,0.030331,,1774800,,
0,0,,0.360267,0.062262,0.07001,0.018493,0.082207,0.060884,0.068357,0.063706,0.149869,0.063945,,1772500,,
0,0,,0.614388,0.028207,0.028742,0.02023,0.071019,0.039022,0.055131,0.053597,0.042168,0.047497,,1778400,,
0,0,,0.364188,0.062799,0.025795,0.017337,0.159057,0.02564,0.17179,0.050189,0.078058,0.045146,,1777100,,
0,0,,0.342546,0.055689,0.038701,0.04011,0.077719,0.048815,0.139547,0.049542,0.154537,0.052795,,1778900,,
0,0,,0.356403,0.047928,0.029055,0.016903,0.160833,0.045383,0.176576,0.05124,0.07915,0.03653,,1774000,,
0,0,,0.509237,0.042775,0.029757,0.018772,0.089324,0.024406,0.101876,0.032975,0.118889,0.03199,,1795700,,
0,0,,0.530234,0.041325,0.032418,0.017844,0.084741,0.043414,0.070155,0.047428,0.089923,0.042517,,1788500,,
0,0,,0.600721,0.028207,0.038408,0.02023,0.074353,0.039689,0.055131,0.053597,0.042168,0.047497,,1770900,,
0,0,,0.441605,0.058073,0.030613,0.021623,0.085406,0.025488,0.121028,0.049155,0.11432,0.05269,,1774100,,
0,0,,0.553562,0.036955,0.032261,0.014401,0.069056,0.045403,0.064443,0.050678,0.081548,0.051693,,1763800,,
0,0,,0.465548,0.038631,0.026157,0.017922,0.116215,0.029297,0.139979,0.042685,0.08477,0.038796,,1772800,,
0,0,,0.27191,0.153261,0.074854,0.088202,0.076689,0.061242,0.050548,0.078343,0.100086,0.044863,,1773200,,
0,0,,0.160036,0.06333,0.044185,0.02349,0.153989,0.052508,0.15844,0.076305,0.149325,0.118392,,1767700,,
0,0,,0.478808,0.040273,0.026337,0.019273,0.080551,0.031019,0.102631,0.037804,0.149041,0.034262,,1770000,,
0,0,,0.453563,0.065198,0.03274,0.015797,0.068681,0.03414,0.117324,0.045039,0.117675,0.049844,,1786400,,
0,0,,0.416719,0.052403,0.025214,0.019054,0.132959,0.031073,0.16214,0.045326,0.081457,0.033655,,1779800,,
0,0,,0.426946,0.050311,0.031006,0.021558,0.128624,0.024843,0.142991,0.049892,0.082468,0.04136,,1768700,,
0,0,,0.387563,0.039107,0.034521,0.018592,0.124351,0.051972,0.153269,0.040608,0.082348,0.067669,,1768000,,
0,0,,0.352814,0.075165,0.036862,0.015493,0.13818,0.035908,0.159534,0.057734,0.078451,0.049859,,1766100,,
0,0,,0.423197,0.049772,0.055009,0.014401,0.080715,0.046953,0.075013,0.057755,0.145124,0.05206,,1763000,,
0,0,,0.432221,0.058096,0.032963,0.018876,0.109016,0.039258,0.119956,0.046621,0.105213,0.03778,,1769400,,
0,0,,0.496053,0.036202,0.066148,0.01637,0.055837,0.02726,0.077254,0.057893,0.131528,0.035456,,1770200,,
0,0,,0.362335,0.074014,0.024047,0.017754,0.140785,0.023066,0.182276,0.048693,0.074512,0.052517,,1769800,,
0,0,,0.498771,0.052098,0.034587,0.017904,0.084089,0.042718,0.080501,0.065619,0.09012,0.033592,,1770000,,
0,0,,0.374261,0.054871,0.027012,0.017444,0.136813,0.03831,0.167207,0.039278,0.090721,0.054083,,1786000,,
0,0,,0.456907,0.046383,0.037669,0.016724,0.075362,0.048616,0.142383,0.042871,0.098823,0.034262,,1769100,,
0,0,,0.32128,0.054477,0.058021,0.020021,0.062975,0.044009,0.082916,0.0744,0.230404,0.051495,,1767500,,
0,0,,0.377515,0.067079,0.063334,0.021395,0.070996,0.053038,0.059702,0.111205,0.10725,0.068486,,1772000,,
0,0,,0.391616,0.072145,0.032963,0.0164,0.109107,0.027381,0.159477,0.051272,0.098947,0.040692,,1780800,,
0,0,,0.432855,0.051265,0.025681,0.014392,0.11235,0.034121,0.15057,0.04323,0.08147,0.054066,,1774000,,
0,0,,0.563207,0.03331,0.031784,0.027198,0.064259,0.028896,0.094747,0.04692,0.041982,0.067695,,1777500,,
0,0,,0.403049,0.052025,0.026566,0.01632,0.148361,0.031288,0.168145,0.038876,0.079768,0.035601,,1794600,,
0,0,,0.454217,0.046748,0.060845,0.031211,0.072758,0.036226,0.045041,0.082311,0.122219,0.048424,,1772300,,
0,0,,0.500174,0.03912,0.033946,0.019402,0.120766,0.042978,0.075624,0.056272,0.08251,0.029209,,1784800,,
0,0,,0.424408,0.053045,0.025404,0.014392,0.11023,0.032586,0.147198,0.049804,0.099395,0.043539,,1785300,,
0,0,,0.664787,0.028138,0.027676,0.01895,0.056837,0.029974,0.048351,0.037001,0.046494,0.041793,,1776100,,
0,0,,0.35306,0.047119,0.028245,0.021289,0.088251,0.062971,0.163483,0.043026,0.156427,0.03613,,1778300,,
0,0,,0.399485,0.04899,0.026044,0.01912,0.137664,0.029835,0.15987,0.056734,0.079078,0.04318,,1767700,,
0,0,,0.381419,0.058891,0.027396,0.014396,0.147443,0.031554,0.177201,0.052343,0.062383,0.046974,,1769300,,
0,0,,0.496367,0.050038,0.049707,0.018472,0.079227,0.046619,0.069616,0.061709,0.094381,0.033863,,1785200,,
0,0,,0.329586,0.086673,0.040922,0.020477,0.115644,0.032232,0.099108,0.090341,0.125826,0.059191,,1791700,,
0,0,,0.663439,0.032715,0.027176,0.021141,0.046271,0.039533,0.054444,0.027182,0.046287,0.041812,,1784800,,
0,0,,0.375322,0.046417,0.058333,0.018191,0.100487,0.039369,0.162221,0.036339,0.131317,0.032004,,2105300,,
0,0,,0.399144,0.05907,0.039546,0.022088,0.155793,0.02748,0.132346,0.046037,0.093365,0.02513,,2070600,,
0,0,,0.414009,0.043645,0.024107,0.01573,0.143384,0.024001,0.174237,0.04952,0.070608,0.040758,,2071000,,
0,0,,0.394305,0.05805,0.0417,0.031197,0.110669,0.026829,0.146905,0.038871,0.123506,0.027969,,2071000,,
0,0,,0.349213,0.05557,0.025675,0.015803,0.138872,0.063504,0.154442,0.05587,0.096257,0.044795,,2072400,,
0,0,,0.58698,0.034734,0.037731,0.026971,0.051809,0.045563,0.054851,0.042267,0.065836,0.053258,,2084200,,
0,0,,0.687871,0.027923,0.025939,0.020702,0.051331,0.026488,0.050423,0.03221,0.035463,0.04165,,2075300,,
0,0,,0.514283,0.041029,0.026976,0.017032,0.07025,0.022577,0.115994,0.036571,0.119036,0.036251,,2099800,,
0,0,,0.461256,0.05279,0.0299,0.018065,0.080883,0.028157,0.131448,0.048409,0.113129,0.035963,,2064600,,
0,0,,0.50275,0.04403,0.037141,0.018463,0.093207,0.04251,0.083055,0.053941,0.090897,0.034006,,2063100,,
0,0,,0.229886,0.053837,0.036562,0.034086,0.127901,0.038084,0.144131,0.063041,0.088642,0.183828,,2061200,,
0,0,,0.470424,0.042722,0.041657,0.033757,0.077781,0.025039,0.119544,0.037563,0.115631,0.035882,,2058400,,
0,0,,0.513295,0.067109,0.041378,0.021741,0.064444,0.019992,0.061341,0.08288,0.088648,0.039173,,2066900,,
0,0,,0.412815,0.048323,0.025721,0.015804,0.146245,0.028631,0.171885,0.04311,0.072139,0.035327,,2057200,,
0,0,,0.412702,0.053438,0.026172,0.017041,0.141046,0.029379,0.161596,0.045825,0.076995,0.035808,,2069000,,
0,0,,0.485254,0.037556,0.024991,0.021954,0.108928,0.03838,0.101181,0.034666,0.111551,0.035538,,2063900,,
0,0,,0.51047,0.051981,0.046696,0.016323,0.070714,0.03304,0.068929,0.058299,0.104122,0.039427,,2062300,,
0,0,,0.345355,0.104535,0.083225,0.051848,0.113292,0.084133,0.029289,0.104001,0.044068,0.040254,,2065700,,
0,0,,0.414751,0.055816,0.028331,0.016638,0.125797,0.031098,0.142233,0.051626,0.085443,0.048266,,2060100,,
0,0,,0.648809,0.027169,0.027948,0.019998,0.070625,0.036607,0.048166,0.037631,0.041163,0.041884,,2083000,,
0,0,,0.454445,0.075594,0.045486,0.026323,0.079207,0.022234,0.074993,0.087283,0.098652,0.035784,,2062800,,
0,0,,0.442964,0.061841,0.048473,0.036659,0.066773,0.04206,0.070686,0.098313,0.095477,0.036753,,2058000,,
0,0,,0.463003,0.060634,0.033919,0.017698,0.07431,0.030945,0.124629,0.054844,0.103572,0.036445,,2066600,,
0,0,,0.403161,0.062642,0.048317,0.042185,0.111844,0.055748,0.068239,0.065841,0.102989,0.039034,,2055400,,
0,0,,0.385562,0.050807,0.029845,0.020265,0.132442,0.035346,0.159902,0.054909,0.093568,0.037353,,2066900,,
0,0,,0.538958,0.030805,0.030581,0.020979,0.082,0.064756,0.081377,0.052638,0.057591,0.040315,,2070900,,
0,0,,0.463439,0.046131,0.025797,0.015807,0.122271,0.024605,0.148837,0.046129,0.073332,0.033652,,2073700,,
1,1,,0.019545,0.270703,0.080652,0.135885,0.051227,0.102624,0.027497,0.111017,0.05632,0.144531,,2105100,,
1,1,,0.048523,0.34705,0.051488,0.043976,0.064793,0.03774,0.096153,0.096823,0.188339,0.025116,,2058700,,
1,1,,0.076107,0.262366,0.07844,0.107393,0.051485,0.108469,0.058127,0.073976,0.0428,0.140835,,2074200,,
1,1,,0.046801,0.261053,0.055823,0.139638,0.0759,0.137038,0.04393,0.090284,0.053707,0.095826,,1923900,,
1,9,,0.029555,0.191597,0.059788,0.12963,0.060325,0.156938,0.029674,0.071459,0.055367,0.215666,,1783800,,
1,1,,0.01027,0.209047,0.118003,0.173949,0.069772,0.121459,0.038825,0.099932,0.041424,0.117318,,1780900,,
1,1,,0.012543,0.191733,0.133346,0.063787,0.133249,0.113538,0.055782,0.151268,0.083562,0.061193,,1775900,,
1,1,,0.029528,0.222263,0.055602,0.104693,0.162863,0.103239,0.043501,0.081908,0.053822,0.142582,,1786800,,
1,1,,0.062048,0.174151,0.068265,0.155741,0.114284,0.115272,0.054694,0.05607,0.079247,0.120229,,1775400,,
1,1,,0.009992,0.179033,0.115156,0.146878,0.086643,0.159269,0.049628,0.07455,0.050709,0.128141,,1777700,,
1,1,,0.013384,0.301638,0.123385,0.068482,0.097296,0.066515,0.029252,0.139873,0.12307,0.037103,,1771900,,
1,7,,0.010026,0.129139,0.13056,0.14301,0.068787,0.139127,0.047864,0.146567,0.06327,0.12165,,1773900,,
1,1,,0.092716,0.325881,0.090919,0.051501,0.051578,0.034686,0.057657,0.138127,0.134401,0.022534,,1782700,,
1,1,,0.052476,0.290638,0.077309,0.049067,0.169044,0.053811,0.079031,0.099118,0.090627,0.038879,,1777900,,
1,1,,0.026079,0.211577,0.14797,0.12791,0.050014,0.118397,0.044188,0.05812,0.088655,0.127089,,1785000,,
1,3,,0.010227,0.122728,0.16209,0.240571,0.040199,0.139794,0.035506,0.064225,0.054344,0.130317,,1784800,,
1,9,,0.042786,0.087789,0.094646,0.192944,0.050677,0.117095,0.063831,0.066061,0.073066,0.211105,,1786700,,
1,1,,0.031913,0.236446,0.066043,0.115368,0.084147,0.138456,0.038849,0.085241,0.08878,0.114756,,1769000,,
1,1,,0.057929,0.30852,0.056237,0.093503,0.121522,0.102989,0.039917,0.064965,0.049786,0.104633,,1784700,,
1,1,,0.068756,0.270118,0.056764,0.112577,0.058264,0.091183,0.06643,0.07825,0.077012,0.120647,,1783300,,
1,2,,0.010079,0.16334,0.231075,0.132493,0.03584,0.13981,0.041239,0.074063,0.043791,0.12827,,1786700,,
1,7,,0.0108,0.164284,0.150863,0.099004,0.07332,0.086945,0.077324,0.174899,0.076096,0.086467,,1783300,,
1,1,,0.041298,0.246578,0.102525,0.112964,0.062296,0.091429,0.094206,0.103142,0.072721,0.072841,,1781000,,
1,1,,0.043569,0.319014,0.04506,0.138349,0.037314,0.028863,0.02597,0.155776,0.173769,0.032317,,1786700,,
1,1,,0.022256,0.250408,0.102441,0.09764,0.072642,0.124448,0.023344,0.138061,0.091247,0.077512,,1781300,,
1,1,,0.08383,0.282029,0.135087,0.028948,0.066361,0.053693,0.081303,0.104277,0.125277,0.039195,,1781700,,
1,8,,0.062582,0.172194,0.104417,0.03442,0.120407,0.074065,0.138923,0.075656,0.188522,0.028813,,1784300,,
1,1,,0.017013,0.206288,0.170911,0.116252,0.04124,0.068564,0.087222,0.118683,0.102725,0.071101,,1782300,,
1,1,,0.010045,0.287735,0.123245,0.110408,0.069146,0.089886,0.024927,0.128124,0.084651,0.071833,,1779700,,
1,7,,0.051648,0.114745,0.176934,0.109958,0.090383,0.044397,0.036823,0.201747,0.093399,0.079967,,1784800,,
1,1,,0.010975,0.255704,0.121596,0.143838,0.050111,0.129301,0.028234,0.076784,0.063144,0.120312,,1795800,,
1,1,,0.039452,0.231266,0.079668,0.128513,0.127959,0.122436,0.073614,0.054963,0.039506,0.102623,,1772100,,
1,1,,0.02357,0.183366,0.135101,0.058581,0.10432,0.119873,0.065913,0.156672,0.10472,0.047883,,1780400,,
1,4,,0.057774,0.141943,0.095776,0.050152,0.198567,0.060072,0.146344,0.115275,0.085275,0.048821,,1805100,,
1,1,,0.079667,0.204152,0.130306,0.070727,0.055701,0.039055,0.065611,0.143136,0.173219,0.038427,,1775100,,
1,1,,0.010923,0.258627,0.149581,0.11093,0.054288,0.104227,0.032913,0.122533,0.082167,0.073812,,1780800,,
1,1,,0.012861,0.376327,0.051507,0.080054,0.036265,0.044591,0.051908,0.128875,0.146257,0.071355,,1785200,,
1,1,,0.016365,0.268841,0.080776,0.049213,0.066018,0.04641,0.031017,0.248791,0.155156,0.037413,,1782000,,
1,3,,0.012231,0.128496,0.086839,0.222996,0.092519,0.152571,0.074081,0.041643,0.029437,0.159187,,1787600,,
1,1,,0.02877,0.339566,0.119963,0.096734,0.069213,0.052041,0.034326,0.126781,0.088261,0.044345,,1816500,,
1,1,,0.070261,0.217737,0.102419,0.037558,0.078979,0.093267,0.091076,0.096588,0.167588,0.044527,,1802900,,
1,4,,0.069133,0.147249,0.064626,0.054348,0.20793,0.041894,0.198406,0.057339,0.139752,0.019322,,1791200,,
1,1,,0.010413,0.263789,0.145212,0.10867,0.052799,0.098983,0.024701,0.16399,0.070889,0.060554,,1782700,,
1,1,,0.100097,0.325163,0.041644,0.033349,0.139616,0.031586,0.143365,0.047351,0.119955,0.017874,,1777800,,
1,1,,0.039127,0.312503,0.060294,0.098037,0.052492,0.140557,0.035982,0.089614,0.054733,0.116662,,1786000,,
1,1,,0.01867,0.253164,0.107359,0.185804,0.035342,0.104383,0.032269,0.067874,0.052974,0.142161,,1790700,,
1,9,,0.023581,0.166442,0.079925,0.160307,0.101784,0.109521,0.024974,0.085333,0.040622,0.207511,,1786600,,
1,1,,0.082127,0.224811,0.059129,0.039366,0.192653,0.033018,0.155571,0.057406,0.135917,0.020002,,1777500,,
1,3,,0.01554,0.131592,0.1365,0.216334,0.061263,0.122697,0.047101,0.061372,0.049903,0.157697,,1801200,,
1,1,,0.07078,0.357154,0.095471,0.038976,0.078008,0.026355,0.076262,0.116499,0.115426,0.025068,,1784100,,
1,1,,0.010045,0.356928,0.127218,0.078018,0.061343,0.072737,0.031925,0.127673,0.046111,0.088002,,1789200,,
1,1,,0.017489,0.300163,0.088485,0.115441,0.04222,0.098327,0.037588,0.06424,0.067724,0.168323,,1786200,,
1,1,,0.015007,0.280583,0.096358,0.154013,0.046997,0.114787,0.043894,0.054484,0.062497,0.131381,,1786500,,
1,4,,0.015544,0.136345,0.123389,0.063356,0.239601,0.083496,0.059657,0.136603,0.089978,0.05203,,1784200,,
1,1,,0.069258,0.236836,0.081028,0.123127,0.073385,0.118743,0.063649,0.073673,0.054251,0.106051,,1785500,,
1,1,,0.039723,0.264221,0.081106,0.122036,0.132012,0.107307,0.073506,0.05765,0.027394,0.095045,,1779800,,
1,7,,0.026983,0.154661,0.109542,0.161281,0.051384,0.092423,0.015767,0.17628,0.048909,0.162771,,1778700,,
1,1,,0.017214,0.283754,0.105105,0.161591,0.050858,0.093916,0.032799,0.071599,0.049939,0.133225,,1803200,,
1,8,,0.114178,0.151459,0.119907,0.034193,0.105706,0.066181,0.115859,0.10643,0.158775,0.027312,,1802100,,
1,1,,0.15883,0.255098,0.056485,0.042297,0.089205,0.024297,0.133772,0.0549,0.16432,0.020796,,1791200,,
1,1,,0.017537,0.283653,0.10251,0.152356,0.035934,0.089285,0.036603,0.071955,0.070393,0.139773,,1791500,,
1,1,,0.06774,0.270396,0.053667,0.044736,0.131298,0.042409,0.212354,0.040787,0.11015,0.026463,,1792700,,
1,1,,0.020974,0.262358,0.110882,0.160319,0.034355,0.114773,0.035057,0.073358,0.07152,0.116405,,1769300,,
1,1,,0.049825,0.247612,0.058934,0.122517,0.077533,0.104892,0.096157,0.095636,0.040519,0.106375,,1768200,,
1,1,,0.029252,0.312456,0.085709,0.068449,0.098366,0.056245,0.026144,0.182977,0.097883,0.042519,,1779200,,
1,1,,0.12106,0.262818,0.061261,0.045828,0.072529,0.042523,0.099391,0.088073,0.170257,0.036259,,1783700,,
1,1,,0.03635,0.342066,0.055127,0.050342,0.060601,0.03403,0.092035,0.101116,0.19952,0.028813,,1845500,,
1,1,,0.024342,0.281686,0.054257,0.107576,0.066341,0.127865,0.032487,0.074776,0.08837,0.1423,,1785200,,
1,1,,0.028882,0.484472,0.056122,0.054585,0.06855,0.052939,0.039554,0.064289,0.105372,0.045234,,1784700,,
1,1,,0.010526,0.224546,0.138637,0.178398,0.044403,0.10607,0.031025,0.082883,0.071988,0.111525,,1780800,,
1,8,,0.124102,0.137599,0.103266,0.033225,0.099468,0.083554,0.109007,0.094038,0.194733,0.021007,,1777200,,
1,3,,0.014306,0.179964,0.129566,0.180683,0.065388,0.106964,0.034459,0.053615,0.066385,0.16867,,1769500,,
1,7,,0.011196,0.201468,0.138547,0.090674,0.07039,0.073904,0.026595,0.240073,0.054997,0.092155,,1788300,,
1,1,,0.026249,0.321691,0.141042,0.072143,0.08161,0.043182,0.022145,0.15216,0.089002,0.050775,,1778800,,
1,4,,0.01826,0.146113,0.063355,0.102106,0.148305,0.147212,0.067233,0.053457,0.145517,0.108444,,1782100,,
1,1,,0.098683,0.278388,0.039525,0.032372,0.157292,0.049891,0.167313,0.055204,0.101199,0.020133,,1796700,,
1,1,,0.070978,0.343751,0.106898,0.072598,0.062674,0.024766,0.068051,0.091628,0.128371,0.030285,,1792600,,
1,4,,0.031761,0.144732,0.066664,0.117381,0.159194,0.122714,0.052375,0.158661,0.03772,0.108799,,1789200,,
1,1,,0.155038,0.235699,0.036584,0.034964,0.139395,0.025815,0.191346,0.061395,0.099414,0.020349,,1783600,,
1,1,,0.015431,0.274362,0.123767,0.122339,0.048076,0.071241,0.028739,0.156627,0.094788,0.064631,,1787100,,
1,1,,0.140026,0.307045,0.066835,0.041892,0.071507,0.041673,0.083355,0.069725,0.160524,0.017418,,1787400,,
1,9,,0.094784,0.136074,0.059602,0.150178,0.080295,0.105046,0.082634,0.059617,0.068329,0.163441,,1774000,,
1,1,,0.136344,0.196063,0.071031,0.03436,0.103888,0.074578,0.120649,0.086781,0.158977,0.01733,,1770700,,
1,9,,0.014141,0.206654,0.099608,0.153608,0.032915,0.116507,0.045761,0.04822,0.057315,0.225271,,1790300,,
1,1,,0.075202,0.272792,0.071032,0.130724,0.052146,0.123688,0.040538,0.060715,0.073727,0.099434,,1789300,,
1,1,,0.010284,0.217969,0.122607,0.180723,0.051452,0.094004,0.041929,0.071295,0.054805,0.154932,,1786600,,
1,1,,0.112447,0.180364,0.10654,0.039988,0.078398,0.07263,0.122355,0.079931,0.169569,0.037776,,1782200,,
1,1,,0.066981,0.294897,0.036702,0.038304,0.203647,0.051248,0.087054,0.109255,0.073687,0.038226,,1800100,,
1,1,,0.010316,0.267593,0.102358,0.145436,0.066742,0.130869,0.045502,0.05842,0.058031,0.114734,,1781600,,
1,1,,0.04372,0.288017,0.0543,0.097235,0.068111,0.128086,0.055193,0.077512,0.051726,0.136099,,1789300,,
1,1,,0.024786,0.311862,0.055008,0.100966,0.086323,0.124295,0.037838,0.072555,0.05326,0.133107,,1776100,,
1,6,,0.105215,0.118637,0.072686,0.039348,0.208803,0.05191,0.234504,0.049851,0.088151,0.030895,,1795500,,
1,1,,0.020436,0.293902,0.080811,0.115728,0.055201,0.126862,0.027116,0.077457,0.05672,0.145767,,1781600,,
1,1,,0.04917,0.269821,0.098489,0.156231,0.066029,0.087053,0.075748,0.062249,0.041357,0.093853,,1802900,,
1,1,,0.019492,0.241218,0.126931,0.132861,0.057314,0.092506,0.047047,0.128583,0.086994,0.067054,,1792300,,
1,3,,0.010447,0.124197,0.156794,0.158607,0.064905,0.130154,0.045667,0.135606,0.045554,0.128067,,1788700,,
1,4,,0.053464,0.094782,0.108395,0.114828,0.146427,0.128456,0.059995,0.135329,0.08924,0.069085,,1795700,,
1,1,,0.043276,0.328227,0.084241,0.035226,0.091338,0.115605,0.077579,0.060741,0.09472,0.069046,,1778000,,
1,1,,0.036959,0.290024,0.087167,0.105986,0.095895,0.14027,0.065295,0.054483,0.034122,0.089798,,1776000,,
1,6,,0.1079,0.094488,0.056296,0.045398,0.185029,0.070594,0.27592,0.046417,0.096237,0.021721,,1779700,,
1,1,,0.02105,0.221338,0.154092,0.100579,0.056909,0.078778,0.022562,0.175426,0.08984,0.079426,,1807300,,
1,1,,0.157311,0.189857,0.065674,0.051352,0.100322,0.048132,0.103915,0.106438,0.153408,0.023592,,1788800,,
1,1,,0.149189,0.268048,0.040874,0.039222,0.071043,0.040396,0.097185,0.055023,0.203579,0.035441,,1799400,,
1,1,,0.054441,0.263911,0.055475,0.123047,0.076887,0.12715,0.061737,0.072539,0.039644,0.125168,,1775700,,
1,1,,0.014462,0.173665,0.143142,0.129604,0.068344,0.104112,0.064814,0.112266,0.073681,0.115912,,1775000,,
1,1,,0.01163,0.244218,0.132172,0.141547,0.058566,0.130146,0.047107,0.060974,0.061884,0.111756,,1769400,,
1,9,,0.029006,0.159485,0.060873,0.120495,0.112445,0.162891,0.052859,0.057816,0.065479,0.178652,,1787000,,
1,1,,0.047234,0.178781,0.110346,0.147173,0.07513,0.144629,0.066787,0.066004,0.067851,0.096065,,1784900,,
1,8,,0.126474,0.14952,0.077568,0.062795,0.067824,0.046604,0.081566,0.08765,0.210402,0.089599,,1787300,,
1,1,,0.047955,0.288292,0.077997,0.064514,0.166131,0.069076,0.059832,0.11146,0.07852,0.036224,,1784900,,
1,1,,0.016095,0.30189,0.069888,0.171893,0.059734,0.138287,0.028297,0.063031,0.047983,0.102902,,1792600,,
1,1,,0.056932,0.261805,0.113455,0.073399,0.074165,0.078437,0.076295,0.160666,0.06445,0.040398,,1787200,,
1,1,,0.01225,0.326759,0.090853,0.100753,0.094715,0.061464,0.027497,0.138741,0.119238,0.027731,,1777800,,
1,1,,0.092967,0.307415,0.073202,0.045963,0.1062,0.030832,0.152783,0.053844,0.122409,0.014385,,1779900,,
1,1,,0.023582,0.264427,0.068701,0.064489,0.070234,0.041001,0.133216,0.086901,0.229312,0.018136,,1797300,,
2,2,,0.029445,0.118905,0.218703,0.157902,0.071487,0.081412,0.033882,0.148608,0.090151,0.049505,,1793900,,
2,2,,0.01114,0.126117,0.201801,0.145706,0.044441,0.133351,0.055065,0.060184,0.089542,0.132653,,1789800,,
2,2,,0.009992,0.126199,0.279479,0.168236,0.04063,0.126126,0.039233,0.059339,0.043613,0.107152,,1799700,,
2,3,,0.099013,0.090519,0.167413,0.170491,0.051119,0.151022,0.059095,0.062407,0.051145,0.097778,,1815800,,
2,7,,0.017715,0.096409,0.155888,0.138909,0.077491,0.103723,0.037997,0.172362,0.10265,0.096857,,1790400,,
2,2,,0.022155,0.129284,0.246532,0.130687,0.084174,0.094682,0.034443,0.111174,0.088002,0.058867,,1838700,,
2,2,,0.010249,0.107459,0.202371,0.199623,0.043972,0.15606,0.033235,0.056451,0.04621,0.144369,,1783900,,
2,2,,0.011127,0.092375,0.236355,0.164361,0.04758,0.116269,0.046967,0.085305,0.089315,0.110347,,1793400,,
2,2,,0.009992,0.094533,0.324841,0.125078,0.04134,0.107629,0.034316,0.133959,0.062318,0.065993,,1775900,,
2,2,,0.010545,0.091342,0.356381,0.107947,0.056632,0.074532,0.049049,0.113964,0.092415,0.047192,,1786400,,
2,2,,0.01696,0.10116,0.231951,0.227917,0.041076,0.102405,0.029668,0.067476,0.051227,0.13016,,1806300,,
2,2,,0.014026,0.108904,0.274446,0.153817,0.035376,0.106129,0.049846,0.076732,0.057936,0.122788,,1793400,,
2,2,,0.017741,0.116036,0.256239,0.124647,0.06446,0.070901,0.034873,0.159044,0.075177,0.080881,,1788100,,
2,2,,0.010026,0.086039,0.291327,0.163302,0.051077,0.104391,0.054948,0.103167,0.059034,0.076687,,1783200,,
2,2,,0.09894,0.049601,0.226,0.044154,0.056151,0.077243,0.184964,0.079982,0.125302,0.057661,,1788600,,
2,2,,0.010026,0.096458,0.231488,0.117242,0.048923,0.159194,0.04847,0.094591,0.097745,0.095864,,1787100,,
2,8,,0.043672,0.091764,0.174063,0.075091,0.043866,0.061214,0.065121,0.064751,0.315547,0.06491,,1789800,,
2,2,,0.010026,0.080776,0.23601,0.073654,0.111019,0.11711,0.065647,0.150345,0.057413,0.098001,,1786600,,
2,2,,0.012197,0.079634,0.235143,0.135526,0.089105,0.072691,0.028574,0.157956,0.102774,0.0864,,1811400,,
2,2,,0.14331,0.108563,0.160264,0.073349,0.07519,0.034594,0.139154,0.072894,0.151666,0.041015,,1791800,,
2,8,,0.02712,0.05335,0.198872,0.12428,0.056497,0.062865,0.108267,0.074861,0.247485,0.046402,,1783600,,
2,2,,0.010286,0.104369,0.278583,0.156941,0.033666,0.126044,0.045432,0.075094,0.048741,0.120844,,1784500,,
2,2,,0.019742,0.190342,0.235768,0.073212,0.075206,0.099672,0.076338,0.096428,0.076516,0.056776,,1797800,,
2,2,,0.026998,0.063171,0.205727,0.106261,0.068939,0.145884,0.13771,0.042843,0.158723,0.043743,,1781600,,
2,2,,0.01205,0.152248,0.240776,0.154914,0.043974,0.112727,0.045597,0.065091,0.054486,0.118136,,1785800,,
2,2,,0.011163,0.099485,0.235105,0.164208,0.044343,0.161483,0.035103,0.083202,0.060563,0.105346,,1781500,,
2,2,,0.017164,0.094564,0.210013,0.174534,0.05227,0.100057,0.045856,0.076807,0.093704,0.135031,,1793800,,
2,8,,0.070188,0.133599,0.138353,0.092265,0.066706,0.030193,0.060369,0.135127,0.165704,0.107493,,1781800,,
2,2,,0.015707,0.100721,0.203298,0.162641,0.071608,0.119852,0.028435,0.13685,0.095294,0.065593,,1783700,,
2,2,,0.079344,0.164639,0.197535,0.047738,0.084155,0.046903,0.127508,0.033771,0.145294,0.073112,,1774700,,
2,8,,0.088295,0.091155,0.179267,0.087525,0.062425,0.061096,0.146424,0.050868,0.190248,0.042696,,1773200,,
2,2,,0.010812,0.09468,0.245783,0.186917,0.04308,0.13221,0.055241,0.057124,0.04842,0.125731,,1794600,,
2,2,,0.022436,0.10972,0.218509,0.148482,0.099012,0.054369,0.038136,0.105391,0.148312,0.055631,,1789000,,
2,2,,0.025937,0.098915,0.261847,0.080255,0.102447,0.075733,0.077462,0.127119,0.093134,0.05715,,1783400,,
2,2,,0.010398,0.127364,0.244214,0.183338,0.033501,0.115111,0.044872,0.074874,0.054738,0.111591,,1772600,,
2,2,,0.020924,0.096195,0.276366,0.077555,0.069363,0.121711,0.049131,0.097967,0.081476,0.109312,,1779900,,
2,2,,0.095075,0.091509,0.235457,0.034623,0.062128,0.078464,0.112655,0.094241,0.138039,0.057809,,1770300,,
2,2,,0.019328,0.079346,0.20368,0.154239,0.035395,0.100357,0.063942,0.10503,0.079221,0.159462,,1771400,,
2,2,,0.014238,0.08716,0.207014,0.155997,0.045767,0.081272,0.045819,0.153379,0.113443,0.095911,,1793600,,
2,6,,0.152162,0.046166,0.060411,0.020413,0.154963,0.098956,0.305672,0.035564,0.083707,0.041987,,1774200,,
2,8,,0.090349,0.103348,0.177965,0.049772,0.056013,0.110917,0.05988,0.119202,0.196946,0.035607,,1802700,,
2,2,,0.019867,0.093026,0.211028,0.155144,0.054258,0.09687,0.034468,0.117424,0.053737,0.164176,,1775500,,
2,2,,0.125165,0.067065,0.221519,0.042467,0.080928,0.068002,0.129205,0.074391,0.139548,0.05171,,1784800,,
2,2,,0.049442,0.103101,0.261501,0.116603,0.024697,0.039661,0.036292,0.149813,0.177556,0.041334,,1786200,,
2,2,,0.073527,0.087687,0.277974,0.098418,0.058041,0.078817,0.064063,0.115132,0.087014,0.059328,,1810400,,
2,2,,0.013088,0.084209,0.238175,0.157547,0.091431,0.114978,0.039849,0.121353,0.081103,0.058268,,1791100,,
2,2,,0.020262,0.095887,0.247018,0.150294,0.038296,0.123697,0.049819,0.078921,0.051662,0.144145,,1785000,,
2,2,,0.027336,0.126898,0.282886,0.093903,0.068742,0.077236,0.036799,0.149285,0.085976,0.050938,,1788100,,
2,2,,0.123115,0.113126,0.209739,0.052621,0.095718,0.042304,0.05377,0.056445,0.187265,0.065897,,1790900,,
2,8,,0.068204,0.056599,0.18618,0.093592,0.056926,0.061193,0.080698,0.063952,0.257089,0.075566,,1807700,,
2,2,,0.125153,0.062156,0.234167,0.041956,0.094066,0.091583,0.088214,0.074054,0.121133,0.067517,,1781400,,
2,2,,0.022836,0.089561,0.232464,0.204422,0.042568,0.079301,0.026191,0.113093,0.071242,0.118323,,1792300,,
2,9,,0.057649,0.05998,0.122658,0.204517,0.055603,0.087864,0.043881,0.066572,0.042328,0.258948,,1794700,,
2,3,,0.019054,0.097934,0.174642,0.253358,0.03145,0.118373,0.039914,0.071453,0.054734,0.139088,,1778500,,
2,8,,0.111998,0.063837,0.100176,0.09994,0.103437,0.056553,0.139915,0.076434,0.166876,0.080833,,1783700,,
2,2,,0.012402,0.089465,0.278757,0.121887,0.076641,0.108836,0.050319,0.125183,0.076903,0.059608,,1792000,,
2,2,,0.087521,0.116941,0.190687,0.044966,0.138625,0.077617,0.137243,0.043745,0.108895,0.053759,,1794000,,
2,2,,0.014764,0.102148,0.243189,0.111164,0.120542,0.111059,0.044994,0.104121,0.076246,0.071774,,1775300,,
2,8,,0.032709,0.105539,0.162826,0.101376,0.035263,0.038619,0.102083,0.042513,0.318417,0.060656,,1794300,,
2,8,,0.123037,0.085185,0.096777,0.046481,0.058925,0.045099,0.124805,0.068141,0.290435,0.061114,,1785200,,
2,2,,0.018668,0.081283,0.273989,0.126102,0.092381,0.070432,0.033881,0.146415,0.104682,0.052168,,1798100,,
2,2,,0.010952,0.110216,0.234623,0.207456,0.03896,0.085261,0.030011,0.122577,0.057422,0.102522,,1783500,,
2,2,,0.012492,0.095923,0.281818,0.194274,0.029931,0.092126,0.059914,0.063382,0.053897,0.116243,,1773600,,
2,2,,0.020956,0.154897,0.236349,0.113306,0.090631,0.073376,0.030186,0.120802,0.095066,0.064432,,1791800,,
2,2,,0.143877,0.060718,0.201688,0.103205,0.054455,0.04983,0.103487,0.076388,0.165094,0.041258,,1773700,,
2,2,,0.010396,0.088763,0.261518,0.118077,0.061353,0.12422,0.040018,0.112124,0.105491,0.078042,,1793800,,
2,2,,0.032851,0.131489,0.267637,0.109312,0.066421,0.062649,0.051869,0.106647,0.098061,0.073064,,1770000,,
2,2,,0.010026,0.097323,0.278282,0.152721,0.053612,0.114439,0.06963,0.070081,0.050522,0.103365,,1801600,,
2,2,,0.017694,0.090636,0.262392,0.115967,0.065957,0.073645,0.035532,0.160356,0.110193,0.067627,,1795900,,
2,2,,0.051637,0.091915,0.237965,0.140523,0.055151,0.064516,0.037259,0.087187,0.133484,0.100364,,1775700,,
2,2,,0.011235,0.138781,0.286153,0.105548,0.044512,0.099913,0.040916,0.118485,0.094594,0.059864,,1773500,,
2,2,,0.020028,0.059123,0.382068,0.117717,0.029653,0.041254,0.027837,0.100814,0.178402,0.043105,,1773600,,
2,2,,0.010396,0.102964,0.220056,0.123591,0.040213,0.155473,0.06756,0.115478,0.092117,0.072151,,1777800,,
2,8,,0.093639,0.062994,0.16591,0.080259,0.076619,0.040895,0.059448,0.098287,0.220851,0.101097,,1786900,,
2,2,,0.019063,0.103954,0.171541,0.169525,0.037556,0.118287,0.044056,0.098723,0.103821,0.133473,,1787100,,
2,3,,0.019054,0.104157,0.186125,0.212059,0.035614,0.097959,0.053116,0.078809,0.081187,0.131921,,1787000,,
2,2,,0.019068,0.101925,0.18048,0.170757,0.071702,0.071388,0.026166,0.125785,0.120536,0.112193,,1791500,,
2,8,,0.029032,0.103246,0.20249,0.075505,0.060297,0.087452,0.108124,0.054272,0.223057,0.056525,,1818000,,
2,2,,0.022688,0.233273,0.248438,0.144641,0.033263,0.054648,0.037799,0.06818,0.098879,0.058191,,1774900,,
2,2,,0.013965,0.114775,0.328349,0.110171,0.046375,0.040626,0.040753,0.166644,0.086058,0.052284,,1774800,,
2,2,,0.013182,0.097547,0.270924,0.147037,0.055258,0.0904,0.03943,0.118851,0.088476,0.078895,,1794000,,
2,3,,0.012202,0.104455,0.173303,0.221646,0.04859,0.131622,0.034735,0.090193,0.069701,0.113553,,1785400,,
2,3,,0.009992,0.117549,0.114917,0.243169,0.067931,0.11761,0.024897,0.121366,0.073886,0.108684,,1770900,,
2,8,,0.081504,0.110791,0.08362,0.051785,0.095925,0.040559,0.173618,0.085195,0.237525,0.039478,,1770600,,
2,2,,0.032566,0.087289,0.209018,0.14309,0.071927,0.061537,0.023391,0.146587,0.090974,0.13362,,1809900,,
2,2,,0.124321,0.072209,0.194882,0.068127,0.102814,0.058175,0.078506,0.075114,0.171566,0.054285,,1794400,,
2,1,,0.011979,0.192544,0.184722,0.139706,0.070684,0.125844,0.02827,0.084331,0.059224,0.102697,,1813700,,
2,0,,0.337972,0.05863,0.134076,0.045658,0.050519,0.07553,0.074785,0.017705,0.141524,0.0636,,1780800,,
2,6,,0.095337,0.074206,0.182031,0.056436,0.049971,0.097054,0.205022,0.048177,0.127649,0.064118,,1794800,,
2,0,,0.168615,0.089743,0.130045,0.050566,0.077167,0.093337,0.079722,0.074866,0.160902,0.075036,,1779800,,
2,2,,0.011163,0.101794,0.219629,0.172318,0.045603,0.117561,0.045793,0.092455,0.085468,0.108215,,1780700,,
2,2,,0.013244,0.068607,0.240988,0.051968,0.127508,0.130695,0.064767,0.119446,0.075928,0.106849,,1773000,,
2,6,,0.174222,0.089194,0.103988,0.032087,0.098674,0.060473,0.252975,0.020922,0.110974,0.056492,,1780300,,
2,2,,0.01696,0.123157,0.197333,0.168591,0.066342,0.116912,0.051663,0.063449,0.075382,0.12021,,1814900,,
2,8,,0.028039,0.097123,0.232363,0.067802,0.045674,0.090498,0.075528,0.057785,0.255903,0.049285,,1812700,,
2,6,,0.167619,0.074243,0.069973,0.029266,0.182512,0.078351,0.182942,0.053347,0.119693,0.042053,,1789200,,
2,2,,0.013359,0.109944,0.210108,0.07517,0.123102,0.096925,0.075076,0.132242,0.064067,0.100007,,1783600,,
2,9,,0.035718,0.067374,0.13513,0.155633,0.066453,0.0905,0.030637,0.111518,0.054463,0.252573,,1782200,,
2,6,,0.081417,0.083857,0.175852,0.025225,0.096502,0.110175,0.261249,0.025572,0.092264,0.047886,,1794500,,
2,3,,0.017632,0.132702,0.185275,0.217733,0.058959,0.08654,0.03403,0.089073,0.056211,0.121845,,1778400,,
2,8,,0.143031,0.087297,0.140228,0.055934,0.110915,0.044771,0.147634,0.063773,0.150305,0.056111,,1783000,,
2,2,,0.074697,0.107058,0.214096,0.061892,0.058756,0.069783,0.057705,0.136614,0.128284,0.091114,,1788600,,
2,2,,0.089744,0.092799,0.178727,0.137998,0.073791,0.081134,0.0583,0.096559,0.146295,0.044653,,1789200,,
2,8,,0.120156,0.080927,0.112208,0.104751,0.063433,0.057818,0.128979,0.068453,0.17515,0.088125,,1788600,,
2,2,,0.012743,0.106172,0.223912,0.115348,0.104416,0.096361,0.070069,0.117215,0.092368,0.061395,,1788300,,
2,3,,0.010952,0.107652,0.167211,0.207892,0.036051,0.111314,0.041356,0.074301,0.121028,0.122243,,2940100,,
2,2,,0.102192,0.08736,0.183077,0.103782,0.070817,0.06464,0.037543,0.112883,0.124223,0.113482,,2072300,,
2,2,,0.014179,0.079447,0.302069,0.072127,0.042578,0.070842,0.052542,0.130223,0.151775,0.084219,,2073000,,
2,8,,0.090168,0.135042,0.155631,0.072899,0.043292,0.048993,0.100516,0.074973,0.231311,0.047174,,2063500,,
2,2,,0.010243,0.078137,0.293314,0.144964,0.04594,0.085455,0.070949,0.101219,0.095498,0.074281,,2089100,,
2,2,,0.193189,0.093298,0.234015,0.056523,0.055769,0.056816,0.039903,0.097224,0.114599,0.058666,,2066300,,
2,2,,0.019492,0.101795,0.199996,0.192121,0.033996,0.104002,0.048556,0.094927,0.063266,0.141849,,2083600,,
3,3,,0.019075,0.09534,0.128933,0.314507,0.030919,0.102354,0.040011,0.083265,0.054765,0.130831,,2073200,,
3,3,,0.017964,0.090786,0.132242,0.246085,0.041273,0.103868,0.038858,0.071457,0.058205,0.199261,,2075700,,
3,8,,0.147392,0.094906,0.109771,0.07517,0.051907,0.07854,0.037865,0.10175,0.183722,0.118977,,2076000,,
3,7,,0.036435,0.077437,0.141559,0.109209,0.095799,0.058445,0.096469,0.160204,0.122159,0.102284,,2075600,,
3,2,,0.020449,0.087158,0.195537,0.166083,0.046132,0.107723,0.03246,0.136601,0.098941,0.108915,,2072900,,
3,3,,0.015495,0.089856,0.105008,0.213035,0.052254,0.102836,0.024546,0.139648,0.101349,0.155973,,2084500,,
3,9,,0.018251,0.076579,0.135053,0.224037,0.03623,0.111154,0.031527,0.074293,0.059721,0.233156,,2064700,,
3,3,,0.019075,0.071241,0.102078,0.271691,0.031087,0.144466,0.022591,0.078223,0.049501,0.210046,,2067600,,
3,3,,0.019075,0.094794,0.147107,0.285779,0.031579,0.094605,0.03762,0.075005,0.080908,0.133527,,2061200,,
3,3,,0.011195,0.106576,0.161899,0.199105,0.042542,0.191725,0.025639,0.090248,0.035367,0.135705,,2061700,,
3,1,,0.017438,0.204074,0.087743,0.185576,0.048882,0.106742,0.020644,0.109632,0.049198,0.170071,,2077000,,
3,9,,0.019075,0.093887,0.126996,0.183799,0.052016,0.121646,0.03363,0.070145,0.050514,0.248293,,2078400,,
3,3,,0.027716,0.081585,0.111223,0.249348,0.032235,0.149818,0.021955,0.080789,0.080673,0.164659,,2084900,,
3,3,,0.019888,0.102695,0.10261,0.269008,0.030231,0.107343,0.056402,0.076525,0.06633,0.168969,,2071600,,
3,7,,0.038082,0.122631,0.117074,0.146702,0.117976,0.047302,0.034326,0.201706,0.111124,0.063077,,2064100,,
3,3,,0.010763,0.147948,0.10893,0.235589,0.032807,0.162042,0.04253,0.051137,0.069407,0.138846,,2069000,,
3,3,,0.018281,0.072095,0.136124,0.31796,0.030662,0.126729,0.020926,0.068375,0.033264,0.175584,,2061500,,
3,3,,0.01879,0.082972,0.095816,0.249347,0.041635,0.131531,0.037694,0.078239,0.057413,0.206563,,2058600,,
3,3,,0.010337,0.115658,0.101512,0.250898,0.045806,0.168614,0.047936,0.056699,0.040091,0.162449,,2061000,,
3,3,,0.01382,0.081611,0.16226,0.2533,0.032982,0.152654,0.030271,0.062265,0.049309,0.161529,,2072000,,
3,1,,0.020929,0.168481,0.083991,0.147255,0.046422,0.157524,0.056521,0.125064,0.046666,0.147147,,2061100,,
3,3,,0.014336,0.074696,0.126723,0.244184,0.041581,0.125124,0.024229,0.074741,0.060023,0.214363,,1807200,,
3,3,,0.019811,0.10128,0.118996,0.210244,0.060174,0.171904,0.022194,0.075664,0.08446,0.135271,,1775500,,
3,6,,0.166344,0.052591,0.029498,0.097177,0.149911,0.046959,0.19274,0.059605,0.162776,0.042398,,1774100,,
3,3,,0.010944,0.099409,0.12431,0.220955,0.070456,0.133661,0.03026,0.061617,0.094048,0.15434,,1769800,,
3,3,,0.014549,0.092794,0.121333,0.292749,0.032879,0.101212,0.024687,0.082206,0.061771,0.175819,,1780400,,
3,3,,0.010386,0.083204,0.127816,0.323176,0.038832,0.130699,0.027888,0.060713,0.036205,0.161081,,1774800,,
3,3,,0.018214,0.0888,0.179426,0.236728,0.029772,0.113734,0.030977,0.072119,0.076196,0.154032,,1801600,,
3,9,,0.145622,0.055838,0.154495,0.130734,0.04822,0.040803,0.072749,0.044893,0.081828,0.224818,,1790300,,
3,7,,0.028093,0.095836,0.137879,0.169814,0.095316,0.055361,0.070682,0.17709,0.104605,0.065325,,1789600,,
3,3,,0.017109,0.070004,0.127547,0.266022,0.03798,0.115887,0.029828,0.077175,0.037448,0.221,,1794600,,
3,7,,0.012202,0.139781,0.16147,0.150187,0.067693,0.061077,0.034436,0.169343,0.091064,0.112748,,1785200,,
3,7,,0.019492,0.086659,0.136598,0.128313,0.083011,0.114102,0.029123,0.186414,0.148035,0.068253,,1791100,,
3,5,,0.014944,0.097475,0.091144,0.205017,0.038667,0.211416,0.047341,0.060731,0.079304,0.153962,,1780900,,
3,3,,0.016982,0.158961,0.110353,0.21571,0.053479,0.098461,0.034066,0.088304,0.064312,0.159371,,1766400,,
3,3,,0.038753,0.126537,0.158772,0.190648,0.051485,0.107741,0.031078,0.084545,0.056716,0.153725,,1770500,,
3,9,,0.019322,0.164815,0.083302,0.183153,0.034988,0.1345,0.03047,0.086588,0.060291,0.20257,,1812200,,
3,3,,0.014229,0.108439,0.181856,0.243043,0.030086,0.116469,0.04466,0.083446,0.040408,0.137364,,1790700,,
3,3,,0.010315,0.164749,0.067551,0.178065,0.077524,0.136487,0.084699,0.095664,0.053564,0.131382,,1802500,,
3,3,,0.017887,0.157444,0.134389,0.252735,0.044511,0.120862,0.020644,0.079773,0.05221,0.119545,,1786800,,
