optdigits,CWE,test,3,NANOSECONDS,PREDICTIONS, Generated by ClassifierExperiments.java on 2022-05-15 22:14:30.    SYSTEMPROPERTIES:{user.name:matth,os.arch:amd64,os.name:Windows 10},ENDSYSTEMPROPERTIES
No parameter info
0.7528786536758193,3148817900,2312366400,-1,98614880,10,,-1,-1
0,0,,0.329335,0.046111,0.047787,0.022492,0.105273,0.0428,0.145985,0.064773,0.128162,0.067283,,2182800,,
0,8,,0.146001,0.070813,0.087687,0.029791,0.122105,0.044704,0.179897,0.065245,0.199736,0.054021,,1975300,,
0,0,,0.350158,0.043808,0.042931,0.022797,0.080022,0.02573,0.169933,0.068843,0.136969,0.05881,,1942900,,
0,0,,0.453071,0.033604,0.044285,0.023564,0.102531,0.0248,0.089455,0.070433,0.060153,0.098104,,1955400,,
0,0,,0.398618,0.046172,0.044955,0.028759,0.095512,0.048723,0.066159,0.087765,0.129439,0.053897,,1955100,,
0,0,,0.531412,0.038371,0.033855,0.029463,0.102684,0.026326,0.052226,0.055033,0.072269,0.058362,,1953400,,
0,0,,0.365158,0.033717,0.042607,0.033421,0.136288,0.038698,0.058665,0.175902,0.065048,0.050495,,1988600,,
0,0,,0.341277,0.055199,0.039607,0.024302,0.073064,0.032597,0.151885,0.053388,0.15336,0.075322,,2009400,,
0,0,,0.396826,0.062873,0.041197,0.030756,0.096574,0.035591,0.050675,0.078183,0.145573,0.061752,,1958800,,
0,0,,0.327838,0.041686,0.023723,0.021418,0.215164,0.022923,0.155264,0.080613,0.085045,0.026327,,1954100,,
0,0,,0.455848,0.04113,0.047998,0.023391,0.079397,0.030503,0.092207,0.073533,0.103815,0.052179,,1956900,,
0,0,,0.216085,0.053246,0.029937,0.027523,0.16013,0.054588,0.136261,0.113057,0.137803,0.071369,,1956100,,
0,0,,0.238307,0.052692,0.039871,0.048318,0.165614,0.04045,0.175674,0.05555,0.117515,0.066009,,1945600,,
0,0,,0.343171,0.074056,0.036972,0.029598,0.157895,0.026499,0.154479,0.051168,0.082187,0.043976,,1941500,,
0,0,,0.220226,0.077198,0.035148,0.023577,0.167132,0.066165,0.158348,0.082784,0.102375,0.067048,,2031500,,
0,0,,0.31197,0.061319,0.052968,0.033764,0.06851,0.055451,0.179249,0.057969,0.10785,0.07095,,1999200,,
0,0,,0.43234,0.065275,0.048194,0.025819,0.075014,0.039797,0.1012,0.049089,0.105086,0.058186,,1980300,,
0,0,,0.277276,0.068193,0.032342,0.02965,0.148189,0.046595,0.135071,0.093894,0.094817,0.073974,,1966200,,
0,0,,0.437349,0.081387,0.043135,0.026007,0.069316,0.033315,0.110075,0.05385,0.100044,0.045521,,1962400,,
0,0,,0.487474,0.038509,0.044422,0.029223,0.165275,0.028169,0.048071,0.056923,0.066745,0.035189,,1979800,,
0,0,,0.402063,0.045664,0.032998,0.021548,0.09854,0.026034,0.116345,0.063413,0.142935,0.050458,,1966800,,
0,0,,0.293659,0.067148,0.02577,0.023512,0.190264,0.042715,0.138402,0.064018,0.083283,0.071231,,1975400,,
0,0,,0.501364,0.037628,0.045178,0.024839,0.062054,0.031033,0.080864,0.066917,0.102905,0.047218,,1991500,,
0,0,,0.423742,0.043924,0.048931,0.023835,0.086415,0.037521,0.066368,0.076863,0.129932,0.062469,,1959100,,
0,0,,0.445483,0.042193,0.034426,0.028142,0.084535,0.023723,0.104647,0.052104,0.13822,0.046528,,1950600,,
0,0,,0.458678,0.045511,0.056026,0.028759,0.077548,0.032968,0.084311,0.068648,0.103692,0.043859,,1967200,,
0,0,,0.319685,0.036012,0.04121,0.024114,0.122909,0.027372,0.156714,0.060353,0.154761,0.056869,,2044900,,
0,0,,0.4527,0.048951,0.040087,0.02762,0.091941,0.029466,0.087962,0.05075,0.124451,0.046072,,2005600,,
0,0,,0.225252,0.075889,0.051159,0.032117,0.111219,0.051819,0.145527,0.088379,0.157948,0.060693,,2000400,,
0,0,,0.264118,0.074336,0.044555,0.027501,0.162673,0.023872,0.182819,0.061599,0.096829,0.061698,,2026900,,
0,0,,0.348793,0.055254,0.043987,0.030664,0.094495,0.051894,0.132498,0.050476,0.135054,0.056885,,1990900,,
0,0,,0.49778,0.042213,0.034854,0.025569,0.097258,0.029737,0.036892,0.072032,0.076253,0.087412,,2018000,,
0,0,,0.433524,0.044695,0.025333,0.021807,0.117416,0.02146,0.132526,0.064593,0.074381,0.064265,,2039500,,
0,0,,0.317895,0.083961,0.059105,0.033465,0.061195,0.07289,0.05193,0.130647,0.098796,0.090117,,2017300,,
0,0,,0.480191,0.036727,0.039059,0.025434,0.090928,0.028522,0.051458,0.074657,0.120817,0.052207,,2040800,,
0,0,,0.366964,0.046821,0.06245,0.020625,0.139537,0.030375,0.071008,0.074329,0.126086,0.061804,,2040000,,
0,0,,0.462258,0.051937,0.035996,0.030593,0.071329,0.032633,0.089455,0.037029,0.131234,0.057535,,1990600,,
0,0,,0.400957,0.037958,0.039127,0.030067,0.119085,0.040974,0.096536,0.071162,0.121865,0.042269,,2016500,,
0,0,,0.370224,0.044127,0.049793,0.02528,0.090063,0.046542,0.131937,0.065023,0.117476,0.059536,,1982300,,
0,0,,0.518157,0.028612,0.04562,0.041712,0.057184,0.042288,0.046377,0.07226,0.089237,0.058553,,2024200,,
0,0,,0.408872,0.047663,0.037463,0.033192,0.091137,0.038615,0.057732,0.075237,0.137979,0.072111,,1980200,,
0,0,,0.470575,0.042798,0.062551,0.026914,0.090752,0.030965,0.057436,0.061999,0.104689,0.051321,,1979000,,
0,0,,0.393931,0.0671,0.040859,0.028863,0.079732,0.025425,0.062021,0.113772,0.092036,0.09626,,1972000,,
0,0,,0.351546,0.049631,0.027279,0.024877,0.140135,0.021039,0.182952,0.067582,0.086363,0.048595,,1971700,,
0,0,,0.281054,0.069337,0.068097,0.031966,0.109758,0.048706,0.081912,0.056709,0.147717,0.104743,,2077200,,
0,0,,0.254557,0.069856,0.061772,0.031294,0.070982,0.081619,0.035375,0.203713,0.13043,0.060401,,2139600,,
0,0,,0.392133,0.051849,0.045895,0.032147,0.113364,0.044377,0.051878,0.061539,0.107461,0.099358,,1974300,,
0,0,,0.459445,0.051365,0.029586,0.024779,0.088806,0.021828,0.083608,0.055591,0.130974,0.054018,,1979700,,
0,0,,0.348034,0.052187,0.04195,0.021515,0.085105,0.027047,0.161293,0.067188,0.151901,0.043781,,2030600,,
0,0,,0.364038,0.048441,0.062917,0.039499,0.082526,0.034071,0.122828,0.052313,0.139447,0.05392,,2084700,,
0,0,,0.422293,0.063694,0.090664,0.027584,0.094164,0.059503,0.02893,0.086573,0.082513,0.044083,,2033400,,
0,0,,0.339712,0.05739,0.032189,0.021797,0.178777,0.028709,0.148494,0.068101,0.082045,0.042788,,1988400,,
0,0,,0.41914,0.038693,0.038971,0.028747,0.08491,0.025797,0.105932,0.062653,0.107306,0.087851,,1969100,,
0,0,,0.374423,0.051464,0.030301,0.022278,0.143521,0.02274,0.138419,0.076698,0.095632,0.044523,,1980000,,
0,0,,0.475993,0.049231,0.035967,0.025953,0.068089,0.02108,0.083703,0.059398,0.127915,0.052672,,1974100,,
0,0,,0.323308,0.049316,0.032057,0.024414,0.17182,0.024179,0.146867,0.074796,0.101266,0.051977,,1984300,,
0,0,,0.356507,0.086352,0.075188,0.030777,0.09206,0.053079,0.050234,0.105093,0.102374,0.048337,,1985900,,
0,0,,0.461874,0.038998,0.038263,0.032015,0.082301,0.038099,0.067053,0.055351,0.123789,0.062258,,2143000,,
0,0,,0.341283,0.045993,0.039834,0.023426,0.07632,0.036875,0.144169,0.086344,0.13419,0.071566,,2037500,,
0,7,,0.075893,0.156372,0.088996,0.036056,0.159759,0.063949,0.026326,0.180579,0.087516,0.124554,,1997200,,
0,0,,0.368247,0.055711,0.038578,0.026404,0.120551,0.044187,0.058569,0.066984,0.133021,0.087748,,1973100,,
0,0,,0.206461,0.069235,0.05179,0.016146,0.171209,0.029301,0.180693,0.072626,0.137336,0.065203,,2003800,,
0,0,,0.434401,0.061692,0.039029,0.034462,0.092189,0.024313,0.064544,0.119839,0.082641,0.046888,,1986800,,
0,0,,0.478153,0.042961,0.047007,0.029373,0.08461,0.028506,0.082983,0.064726,0.092044,0.049638,,1974700,,
0,0,,0.468248,0.049029,0.031047,0.02532,0.07201,0.021671,0.100843,0.053086,0.127641,0.051105,,2002200,,
0,0,,0.270465,0.06003,0.037455,0.025649,0.165021,0.065158,0.142314,0.051944,0.09107,0.090895,,2028400,,
0,0,,0.496945,0.047751,0.048515,0.026835,0.091589,0.027788,0.053256,0.061667,0.092991,0.052663,,2019800,,
0,0,,0.334943,0.0849,0.070025,0.029705,0.076386,0.064195,0.054639,0.104145,0.091203,0.08986,,2030700,,
0,0,,0.439831,0.038863,0.034804,0.024346,0.079743,0.022862,0.108867,0.063146,0.133251,0.054288,,2002800,,
0,0,,0.462404,0.049351,0.046285,0.022571,0.083156,0.027188,0.104235,0.043617,0.107123,0.05407,,2037400,,
0,0,,0.243284,0.053562,0.029034,0.040377,0.161861,0.086183,0.127228,0.087035,0.10611,0.065327,,1993800,,
0,0,,0.330287,0.069362,0.062743,0.02962,0.096387,0.037887,0.062165,0.101726,0.118201,0.091622,,2008600,,
0,0,,0.340244,0.041052,0.029923,0.026946,0.136207,0.037509,0.133734,0.075697,0.125305,0.053383,,2030700,,
0,0,,0.34088,0.047678,0.027489,0.018207,0.183322,0.024114,0.143933,0.061014,0.097469,0.055894,,3495200,,
0,0,,0.471551,0.044847,0.040199,0.030466,0.090115,0.039402,0.055546,0.064853,0.117886,0.045136,,4277700,,
0,0,,0.467825,0.06504,0.040998,0.031587,0.066719,0.024137,0.058191,0.104839,0.084151,0.056513,,2210600,,
0,0,,0.338585,0.036724,0.04865,0.028139,0.157094,0.026667,0.123191,0.069704,0.135399,0.035846,,1994100,,
0,0,,0.445051,0.037837,0.028685,0.025043,0.083198,0.020138,0.109995,0.06522,0.117517,0.067316,,2007500,,
0,0,,0.413463,0.078678,0.0454,0.022629,0.099459,0.045277,0.05776,0.062227,0.124307,0.0508,,2034300,,
0,0,,0.269148,0.050755,0.040381,0.031543,0.188647,0.041039,0.12782,0.075037,0.125548,0.050082,,2150900,,
0,0,,0.383744,0.066795,0.047384,0.024995,0.091607,0.038929,0.110166,0.062751,0.110875,0.062756,,2057000,,
0,0,,0.316156,0.044911,0.052059,0.050522,0.085575,0.031445,0.130279,0.052945,0.19454,0.041569,,2004800,,
0,0,,0.329919,0.049536,0.033883,0.022353,0.147651,0.028936,0.13319,0.081225,0.106548,0.066759,,1981400,,
0,0,,0.337063,0.049635,0.039044,0.031443,0.141356,0.033759,0.161369,0.053149,0.083856,0.069326,,1986600,,
0,0,,0.461488,0.040278,0.038452,0.025879,0.08921,0.03388,0.065907,0.070378,0.12536,0.049167,,2095400,,
0,0,,0.515111,0.04031,0.039476,0.029806,0.08293,0.028693,0.088349,0.046113,0.074983,0.054227,,1969000,,
0,0,,0.310292,0.040237,0.029522,0.027149,0.192442,0.042853,0.154739,0.070211,0.082786,0.049769,,1954500,,
0,0,,0.431663,0.040057,0.035381,0.025175,0.147172,0.049339,0.06531,0.051294,0.107361,0.047249,,2480000,,
0,0,,0.38791,0.038224,0.028678,0.026554,0.134296,0.03217,0.141979,0.057157,0.097288,0.055745,,2168700,,
0,0,,0.305589,0.055355,0.046739,0.041261,0.114888,0.04763,0.056652,0.093956,0.156939,0.080991,,2031800,,
0,0,,0.363896,0.051964,0.06536,0.031966,0.086816,0.066555,0.034494,0.104309,0.124679,0.069961,,2016900,,
0,0,,0.467504,0.045752,0.064745,0.025046,0.091868,0.028916,0.079171,0.067597,0.086617,0.042786,,1994300,,
0,0,,0.447633,0.040022,0.040173,0.031027,0.086814,0.028466,0.109014,0.04397,0.124675,0.048207,,2011600,,
0,0,,0.370972,0.058098,0.03992,0.020535,0.10598,0.036917,0.096912,0.068251,0.151663,0.050752,,2012000,,
0,0,,0.301621,0.127891,0.083298,0.039154,0.059811,0.061349,0.067604,0.119827,0.070149,0.069295,,2090400,,
0,0,,0.347786,0.040064,0.030663,0.04143,0.125955,0.027302,0.1574,0.060145,0.101557,0.067698,,2050600,,
0,0,,0.171244,0.102955,0.090977,0.034955,0.13828,0.061126,0.063347,0.146358,0.122852,0.067905,,2041100,,
0,0,,0.463049,0.04392,0.037996,0.027668,0.097538,0.043207,0.048771,0.057865,0.128951,0.051035,,2062400,,
0,0,,0.31262,0.074839,0.050044,0.022385,0.126731,0.021801,0.180687,0.048959,0.088453,0.073481,,2025800,,
0,0,,0.496741,0.046161,0.042139,0.020916,0.081376,0.027445,0.041023,0.066502,0.115958,0.061738,,1995000,,
0,0,,0.258556,0.074174,0.059234,0.027066,0.107604,0.021804,0.164429,0.05514,0.156752,0.075241,,2048100,,
0,0,,0.258787,0.07076,0.046692,0.039835,0.160849,0.022315,0.169448,0.054911,0.093517,0.082886,,2053200,,
0,0,,0.263841,0.079085,0.036315,0.033998,0.189421,0.032627,0.171922,0.062318,0.087493,0.04298,,2082900,,
0,0,,0.338123,0.05752,0.052369,0.037836,0.095109,0.042252,0.058954,0.099867,0.146973,0.070997,,2065400,,
0,0,,0.385932,0.054835,0.052232,0.020749,0.090523,0.025149,0.131689,0.060012,0.115859,0.06302,,2562300,,
0,0,,0.426961,0.056883,0.046616,0.021161,0.076913,0.023804,0.122532,0.056905,0.109509,0.058717,,2010300,,
0,0,,0.365962,0.051604,0.051852,0.029692,0.10241,0.055217,0.063119,0.071457,0.149511,0.059176,,2117500,,
0,0,,0.32771,0.065104,0.045616,0.035031,0.071164,0.027308,0.131133,0.070457,0.160288,0.066188,,2068600,,
0,0,,0.35843,0.053736,0.0477,0.033408,0.078116,0.022964,0.117824,0.076432,0.147705,0.063684,,2097300,,
0,0,,0.630463,0.024037,0.037974,0.030273,0.043321,0.025184,0.041072,0.045993,0.061393,0.06029,,2043800,,
0,0,,0.215685,0.07042,0.034648,0.060177,0.173161,0.044585,0.197878,0.045498,0.120595,0.037353,,2042900,,
1,1,,0.042416,0.30626,0.071699,0.133803,0.054256,0.118288,0.042028,0.070935,0.044738,0.115577,,2176300,,
1,1,,0.032269,0.21998,0.088369,0.183076,0.04921,0.119003,0.049901,0.094815,0.057422,0.105955,,2135100,,
1,1,,0.028134,0.22235,0.168095,0.157921,0.034571,0.115099,0.025587,0.060245,0.061796,0.126201,,2043500,,
1,1,,0.018489,0.197933,0.095912,0.1546,0.05337,0.163468,0.032444,0.062622,0.073286,0.147876,,2022300,,
1,9,,0.045308,0.172786,0.064184,0.113599,0.054772,0.108642,0.02399,0.09241,0.065187,0.259121,,2054700,,
1,1,,0.02563,0.255437,0.067261,0.13257,0.048744,0.132173,0.020801,0.082905,0.083013,0.151465,,2020300,,
1,8,,0.131515,0.185875,0.054162,0.032891,0.110617,0.032171,0.129661,0.075878,0.222177,0.025052,,2100800,,
1,4,,0.043076,0.190736,0.130976,0.055929,0.205465,0.062683,0.038093,0.07952,0.08506,0.108463,,2023500,,
1,8,,0.07555,0.229575,0.09458,0.044117,0.044417,0.031743,0.10416,0.089228,0.248786,0.037843,,2032600,,
1,1,,0.027806,0.243281,0.088576,0.155392,0.059022,0.124707,0.038377,0.090504,0.048409,0.123926,,2016200,,
1,7,,0.012424,0.176357,0.158555,0.089181,0.084417,0.101648,0.05451,0.181123,0.083795,0.05799,,2078700,,
1,1,,0.018279,0.194029,0.086644,0.118848,0.111074,0.178419,0.073192,0.046039,0.060072,0.113404,,2071900,,
1,1,,0.02954,0.258246,0.134843,0.090593,0.048239,0.055078,0.179772,0.090041,0.075911,0.037737,,2080000,,
1,8,,0.119117,0.162938,0.077845,0.029184,0.096286,0.113635,0.079292,0.081819,0.217549,0.022336,,2057900,,
1,7,,0.043629,0.148108,0.141693,0.086878,0.102799,0.079801,0.048802,0.193878,0.051731,0.102681,,2074900,,
1,1,,0.013047,0.184882,0.160041,0.159628,0.072561,0.134104,0.024399,0.099345,0.046191,0.105802,,2033800,,
1,9,,0.045351,0.16675,0.052801,0.114227,0.048037,0.108146,0.046218,0.084199,0.066287,0.267985,,2139100,,
1,9,,0.026867,0.166425,0.126237,0.151047,0.046535,0.11188,0.017932,0.108707,0.061522,0.182847,,2055700,,
1,1,,0.030664,0.417218,0.101097,0.059719,0.052241,0.050427,0.040723,0.071489,0.141365,0.035056,,2042300,,
1,1,,0.040678,0.158647,0.124723,0.143819,0.072564,0.155738,0.071432,0.058706,0.073231,0.100462,,2040800,,
1,1,,0.06411,0.254469,0.052284,0.041338,0.208004,0.026571,0.056084,0.093853,0.171478,0.031808,,2083100,,
1,8,,0.152499,0.172523,0.070694,0.037499,0.062653,0.026252,0.144919,0.071855,0.229105,0.032002,,2045500,,
1,1,,0.013781,0.216261,0.17251,0.104002,0.05813,0.083769,0.02192,0.205633,0.074019,0.049975,,2074300,,
1,1,,0.023229,0.199696,0.089225,0.158472,0.045152,0.151235,0.029619,0.093998,0.044262,0.165112,,2017500,,
1,1,,0.024335,0.435724,0.111823,0.053898,0.064188,0.053947,0.035724,0.076611,0.102474,0.041277,,2089000,,
1,1,,0.020224,0.239714,0.105262,0.197762,0.042435,0.132813,0.020747,0.057126,0.049947,0.13397,,2006300,,
1,2,,0.099527,0.115968,0.186118,0.073335,0.144517,0.073835,0.039224,0.077132,0.093747,0.096597,,2089300,,
1,3,,0.021346,0.133932,0.08716,0.243899,0.034356,0.124401,0.022107,0.067987,0.058396,0.206416,,1999800,,
1,1,,0.119048,0.225921,0.080593,0.04558,0.089063,0.037842,0.072257,0.093014,0.212331,0.02435,,2034900,,
1,1,,0.141879,0.213142,0.057135,0.046825,0.111445,0.035117,0.097985,0.100213,0.167578,0.028681,,2074700,,
1,9,,0.065176,0.161541,0.051378,0.140072,0.047651,0.122829,0.02608,0.089623,0.063329,0.23232,,2083100,,
1,1,,0.02595,0.242456,0.104026,0.127497,0.077733,0.148893,0.076089,0.049459,0.041167,0.106731,,2026100,,
1,1,,0.040457,0.185825,0.064714,0.184154,0.05243,0.135816,0.041039,0.063346,0.052062,0.180157,,2081200,,
1,1,,0.060645,0.205773,0.061306,0.115799,0.068649,0.100511,0.024243,0.100197,0.065832,0.197044,,2037600,,
1,1,,0.006268,0.370484,0.090021,0.140672,0.038336,0.115416,0.013588,0.071682,0.040587,0.112946,,2100500,,
1,2,,0.009967,0.111225,0.210499,0.111281,0.056232,0.099277,0.094047,0.134291,0.091155,0.082027,,2037700,,
1,1,,0.025273,0.196533,0.171578,0.135055,0.057979,0.088653,0.024227,0.148658,0.075738,0.076304,,2072600,,
1,8,,0.09435,0.144298,0.088094,0.03873,0.083769,0.050495,0.20484,0.056934,0.215663,0.022828,,3075600,,
1,1,,0.03586,0.24455,0.113183,0.149339,0.075286,0.112884,0.020228,0.075378,0.061658,0.111632,,2948500,,
1,3,,0.009967,0.182628,0.137499,0.215555,0.035338,0.129212,0.068062,0.058329,0.052509,0.110901,,2372600,,
1,1,,0.04366,0.254827,0.088141,0.157689,0.044758,0.126382,0.034134,0.061332,0.077017,0.112059,,2358900,,
1,1,,0.009967,0.206281,0.183163,0.148357,0.031138,0.161698,0.044859,0.055521,0.048521,0.110496,,2335300,,
1,1,,0.020131,0.369155,0.093655,0.058308,0.063318,0.052872,0.031808,0.102753,0.183377,0.024623,,2350200,,
1,1,,0.02187,0.343749,0.107529,0.049968,0.061128,0.056892,0.030448,0.092706,0.201759,0.033952,,2342300,,
1,9,,0.03516,0.169948,0.072562,0.165788,0.065293,0.157766,0.016083,0.059431,0.070069,0.187898,,2344400,,
1,2,,0.078134,0.082941,0.185817,0.090283,0.094045,0.08705,0.020619,0.175736,0.090158,0.095217,,2344000,,
1,1,,0.014208,0.209417,0.203086,0.084676,0.051903,0.099272,0.019897,0.192427,0.048303,0.076811,,2358200,,
1,1,,0.018428,0.380838,0.15905,0.055704,0.083245,0.057702,0.028122,0.088725,0.095169,0.033018,,2340800,,
1,8,,0.088335,0.22232,0.098223,0.038415,0.055655,0.034116,0.086424,0.104945,0.240709,0.030857,,2324600,,
1,1,,0.02367,0.222584,0.169247,0.125107,0.051413,0.096171,0.020079,0.13414,0.099948,0.057642,,2322700,,
1,1,,0.076088,0.236915,0.110982,0.048424,0.051412,0.037487,0.0955,0.089022,0.226077,0.028092,,2346500,,
1,1,,0.014257,0.189396,0.167102,0.156471,0.041386,0.159044,0.057168,0.052549,0.053336,0.109291,,2338400,,
1,1,,0.014208,0.209579,0.180714,0.113064,0.060045,0.111523,0.026188,0.138344,0.063143,0.083192,,2401600,,
1,8,,0.132986,0.122658,0.043349,0.026794,0.166519,0.030847,0.1432,0.121366,0.166902,0.045379,,2337100,,
1,1,,0.011161,0.199523,0.14297,0.195508,0.038144,0.109904,0.073319,0.079113,0.043042,0.107315,,2173800,,
1,1,,0.170239,0.20034,0.042779,0.031318,0.153916,0.021666,0.191547,0.062649,0.100412,0.025134,,1995400,,
1,1,,0.05405,0.244636,0.093099,0.038412,0.045905,0.057491,0.130356,0.088094,0.226082,0.021875,,1973600,,
1,9,,0.077528,0.159396,0.052211,0.126513,0.057821,0.119613,0.014571,0.090287,0.03435,0.267708,,2049400,,
1,1,,0.026325,0.222163,0.131711,0.100665,0.086651,0.06081,0.028474,0.156635,0.105223,0.081344,,1985300,,
1,1,,0.010267,0.195857,0.109573,0.155689,0.039741,0.170208,0.079543,0.051549,0.045516,0.142058,,1999000,,
1,8,,0.10704,0.141475,0.058431,0.0431,0.184701,0.053889,0.095767,0.085433,0.191514,0.038651,,1997100,,
1,1,,0.064902,0.209683,0.081986,0.15124,0.045404,0.138263,0.025939,0.060501,0.060799,0.161282,,1976200,,
1,4,,0.133451,0.175183,0.061302,0.039739,0.190651,0.030572,0.180437,0.06963,0.101494,0.017542,,2046400,,
1,9,,0.053128,0.19202,0.046643,0.106273,0.06921,0.142706,0.035286,0.094962,0.058077,0.201696,,1979900,,
1,1,,0.027391,0.195429,0.088539,0.150792,0.060406,0.121627,0.077426,0.070925,0.053913,0.153552,,2114400,,
1,0,,0.184791,0.15753,0.056335,0.036177,0.15147,0.025776,0.179594,0.063998,0.11941,0.024918,,1983300,,
1,1,,0.013042,0.228221,0.140077,0.092245,0.069168,0.102149,0.020172,0.200437,0.086454,0.048036,,1959200,,
1,1,,0.012923,0.21431,0.153501,0.142911,0.071354,0.106194,0.023749,0.151138,0.063309,0.060612,,2000600,,
1,1,,0.015145,0.393513,0.157413,0.057007,0.093851,0.052052,0.030052,0.057953,0.114834,0.028179,,1995000,,
1,9,,0.053263,0.12188,0.079686,0.150205,0.055291,0.105026,0.012998,0.075278,0.038181,0.308193,,1986600,,
1,1,,0.102394,0.210205,0.087295,0.049489,0.08095,0.038785,0.1479,0.061604,0.198509,0.022869,,2011200,,
1,1,,0.05764,0.189973,0.081306,0.157016,0.057337,0.11271,0.062165,0.064036,0.050184,0.167631,,2004300,,
1,9,,0.043391,0.100169,0.092314,0.160506,0.052804,0.09035,0.016333,0.157728,0.07082,0.215586,,2001200,,
1,9,,0.06821,0.14002,0.06377,0.109214,0.071995,0.114288,0.037282,0.102134,0.035338,0.25775,,1953400,,
1,3,,0.024668,0.137693,0.116873,0.224722,0.029529,0.134025,0.024525,0.057957,0.052174,0.197835,,1960500,,
1,4,,0.130582,0.137032,0.045293,0.028399,0.256738,0.032823,0.159787,0.060319,0.111026,0.038,,1997000,,
1,6,,0.165571,0.191242,0.044535,0.036132,0.150775,0.020712,0.202847,0.054952,0.105339,0.027894,,1972600,,
1,9,,0.074958,0.110389,0.074566,0.140522,0.048396,0.106327,0.041005,0.07944,0.027442,0.296955,,1963300,,
1,9,,0.044795,0.170117,0.077223,0.145981,0.056993,0.154645,0.024958,0.067501,0.048336,0.209451,,1983600,,
1,1,,0.019461,0.202047,0.19858,0.097387,0.073055,0.076219,0.056179,0.123972,0.094221,0.058879,,1972000,,
1,1,,0.015264,0.198997,0.156943,0.068644,0.124182,0.074194,0.020029,0.180521,0.137003,0.024223,,2000600,,
1,3,,0.012625,0.171198,0.119198,0.191195,0.049929,0.148765,0.019643,0.070447,0.075452,0.141547,,1993500,,
1,1,,0.012523,0.184658,0.18138,0.109486,0.068064,0.115588,0.056195,0.114711,0.089986,0.067409,,1976600,,
1,1,,0.031338,0.229361,0.105957,0.071812,0.074008,0.055969,0.162185,0.127411,0.070691,0.071267,,1982700,,
1,1,,0.023936,0.243317,0.135187,0.052012,0.049571,0.087067,0.176194,0.079128,0.068371,0.085217,,2006900,,
1,2,,0.016023,0.121406,0.159648,0.153105,0.031914,0.147605,0.085802,0.106625,0.072665,0.105207,,1987600,,
1,1,,0.109783,0.290997,0.073676,0.048239,0.054987,0.049842,0.066001,0.111086,0.166523,0.028864,,2010100,,
1,6,,0.073744,0.172712,0.067761,0.036,0.14789,0.065718,0.215485,0.063705,0.12615,0.030835,,2018900,,
1,1,,0.071249,0.217701,0.109483,0.05931,0.045724,0.043799,0.08975,0.194368,0.145287,0.023329,,2006800,,
1,1,,0.031515,0.195928,0.086841,0.170683,0.055978,0.112172,0.070339,0.077388,0.038749,0.160407,,1984400,,
1,1,,0.057187,0.308287,0.066875,0.032232,0.088091,0.031799,0.155505,0.083444,0.130427,0.046152,,1971100,,
1,1,,0.175726,0.179838,0.08366,0.046994,0.068492,0.021157,0.139378,0.073245,0.177921,0.033589,,1978900,,
1,1,,0.08391,0.269238,0.104083,0.058259,0.055097,0.032907,0.087892,0.113922,0.1692,0.025492,,2023300,,
1,1,,0.022243,0.200129,0.080044,0.173841,0.095938,0.175173,0.019839,0.057522,0.048641,0.12663,,1984200,,
1,1,,0.132036,0.199255,0.065607,0.035379,0.147119,0.023886,0.182192,0.058667,0.119701,0.036156,,1981300,,
1,8,,0.066947,0.207978,0.093541,0.052267,0.04824,0.041957,0.10511,0.058048,0.304657,0.021255,,2016200,,
1,9,,0.056535,0.191676,0.046527,0.123546,0.082011,0.100864,0.027434,0.093482,0.047242,0.230682,,2034600,,
1,1,,0.01972,0.257206,0.10698,0.177432,0.041458,0.135345,0.020372,0.069225,0.061742,0.11052,,2024300,,
1,1,,0.015737,0.270243,0.151538,0.085063,0.078206,0.077494,0.020528,0.14291,0.090439,0.067841,,1978300,,
1,7,,0.024064,0.17726,0.15992,0.093691,0.111093,0.07073,0.020172,0.185032,0.120146,0.037891,,1980800,,
1,5,,0.034304,0.162521,0.101405,0.142607,0.053404,0.189869,0.100167,0.060446,0.044465,0.110813,,1983100,,
1,0,,0.201752,0.17272,0.054248,0.03099,0.111325,0.032964,0.140524,0.07134,0.160865,0.023274,,1979500,,
1,1,,0.026315,0.311606,0.136569,0.093998,0.082856,0.065976,0.021207,0.124988,0.088352,0.048131,,2014100,,
1,4,,0.107027,0.14517,0.045249,0.033132,0.241291,0.038405,0.180253,0.080209,0.109971,0.019293,,1983500,,
1,1,,0.07681,0.232295,0.090712,0.050859,0.176057,0.040953,0.06597,0.079754,0.157804,0.028785,,2004700,,
1,1,,0.012424,0.186365,0.142171,0.174459,0.071628,0.120881,0.0363,0.101112,0.04751,0.107149,,2017800,,
1,8,,0.066905,0.197972,0.096488,0.032635,0.109748,0.039438,0.078735,0.063528,0.2964,0.01815,,1989200,,
1,3,,0.020302,0.168204,0.145336,0.178614,0.05015,0.139283,0.020087,0.059138,0.065452,0.153434,,2000300,,
1,8,,0.114992,0.193506,0.070257,0.036131,0.110584,0.04103,0.151895,0.059537,0.200098,0.021969,,1976400,,
1,1,,0.073604,0.301926,0.080016,0.040274,0.050763,0.030926,0.065353,0.135609,0.173278,0.048252,,1977500,,
1,1,,0.012424,0.19307,0.119598,0.1745,0.046272,0.132803,0.058583,0.094518,0.051936,0.116296,,2010600,,
1,9,,0.039935,0.169123,0.092533,0.13601,0.048527,0.104513,0.031791,0.080388,0.075571,0.221609,,1986800,,
1,1,,0.067763,0.242156,0.082889,0.058082,0.045502,0.040405,0.11483,0.160219,0.116922,0.071232,,2095600,,
1,8,,0.107776,0.155101,0.067348,0.035379,0.095918,0.047928,0.11538,0.110578,0.200949,0.063643,,1997100,,
1,1,,0.054215,0.220217,0.060526,0.174408,0.060386,0.125754,0.034876,0.056722,0.043664,0.169231,,1982800,,
2,8,,0.064775,0.105614,0.141291,0.062968,0.049079,0.031213,0.085131,0.075125,0.329017,0.055787,,1983800,,
2,9,,0.027298,0.10175,0.138664,0.161302,0.042044,0.118548,0.033868,0.132672,0.072998,0.170856,,1978000,,
2,8,,0.088906,0.121813,0.171978,0.059923,0.040307,0.08837,0.098784,0.12843,0.179131,0.022359,,2008000,,
2,2,,0.010338,0.107924,0.190466,0.171967,0.028248,0.136984,0.064156,0.055235,0.07775,0.156931,,1960200,,
2,8,,0.122262,0.121165,0.151971,0.066392,0.113496,0.039883,0.118668,0.061982,0.170987,0.033195,,1956500,,
2,2,,0.009967,0.073003,0.316356,0.106285,0.055865,0.08852,0.061117,0.130311,0.130154,0.028421,,1991900,,
2,2,,0.021764,0.083504,0.189589,0.147999,0.077018,0.115633,0.036259,0.107861,0.069507,0.150867,,1965300,,
2,2,,0.014412,0.076233,0.265488,0.067603,0.113923,0.055007,0.040861,0.164959,0.155605,0.045907,,1986600,,
2,2,,0.041409,0.117873,0.198867,0.099378,0.067339,0.088028,0.027336,0.155054,0.082832,0.121885,,2003000,,
2,2,,0.010264,0.068108,0.282901,0.091079,0.055185,0.094523,0.052218,0.149674,0.155425,0.040623,,1960600,,
2,8,,0.075298,0.102421,0.1748,0.07365,0.070917,0.057318,0.102241,0.106169,0.196772,0.040415,,1986900,,
2,3,,0.016102,0.128912,0.172143,0.183123,0.041855,0.17966,0.042687,0.061445,0.048643,0.12543,,1988800,,
2,6,,0.133863,0.096333,0.100423,0.043791,0.137782,0.046489,0.195529,0.063152,0.133736,0.048903,,2166100,,
2,2,,0.010328,0.077367,0.31378,0.095571,0.051529,0.114316,0.071829,0.118615,0.079531,0.067134,,2360800,,
2,2,,0.048243,0.085896,0.238903,0.094195,0.098526,0.074615,0.075265,0.093503,0.108315,0.082538,,2350100,,
2,8,,0.071867,0.068745,0.163265,0.06639,0.042297,0.029615,0.107563,0.073552,0.326505,0.050202,,2361500,,
2,2,,0.010461,0.100133,0.312947,0.07607,0.045831,0.151585,0.03544,0.138795,0.053112,0.075626,,2339800,,
2,3,,0.033998,0.104802,0.165717,0.180534,0.049507,0.122759,0.029156,0.06597,0.068588,0.178969,,2344800,,
2,2,,0.036473,0.077903,0.306588,0.103167,0.064521,0.121869,0.044045,0.097738,0.084219,0.063477,,2352100,,
2,2,,0.020148,0.086795,0.247795,0.08729,0.110562,0.080304,0.05096,0.104576,0.16839,0.043179,,2486600,,
2,2,,0.01189,0.127633,0.239513,0.113701,0.046393,0.112351,0.048875,0.134477,0.112884,0.052282,,2387000,,
2,8,,0.136768,0.078267,0.172397,0.073038,0.091537,0.036863,0.07838,0.08906,0.197445,0.046245,,2374300,,
2,2,,0.027326,0.131068,0.236105,0.122269,0.055518,0.081861,0.056517,0.126076,0.078203,0.085056,,2335500,,
2,8,,0.017272,0.083842,0.216935,0.063722,0.039112,0.087813,0.056272,0.142686,0.253239,0.039105,,2349500,,
2,2,,0.082733,0.103151,0.287061,0.077477,0.054017,0.03706,0.041142,0.10474,0.167479,0.045141,,2391200,,
2,2,,0.071612,0.149459,0.195783,0.047569,0.039842,0.12893,0.068802,0.135674,0.136461,0.025868,,2347400,,
2,2,,0.017458,0.112714,0.21753,0.093192,0.068997,0.099091,0.044005,0.169501,0.116924,0.060588,,2437400,,
2,2,,0.010461,0.103416,0.232473,0.19889,0.025652,0.162034,0.059478,0.054913,0.049517,0.103166,,2326500,,
2,2,,0.017869,0.094422,0.286936,0.065754,0.07879,0.089495,0.066007,0.075096,0.179885,0.045747,,2355800,,
2,2,,0.126962,0.109889,0.269092,0.040076,0.069758,0.045557,0.090683,0.051162,0.169342,0.027479,,2336000,,
2,2,,0.013102,0.095826,0.316806,0.09066,0.046073,0.11734,0.052967,0.106091,0.088894,0.072241,,2336200,,
2,2,,0.029308,0.095946,0.187611,0.167105,0.030873,0.100574,0.066184,0.10147,0.083917,0.137012,,2339300,,
2,2,,0.02253,0.082904,0.264215,0.119093,0.072972,0.059769,0.036949,0.156949,0.146388,0.03823,,2355100,,
2,3,,0.015155,0.150777,0.161485,0.202371,0.050676,0.133941,0.027739,0.05952,0.072228,0.126107,,2348200,,
2,2,,0.017872,0.143024,0.287292,0.089801,0.079262,0.042644,0.036703,0.072168,0.195604,0.03563,,2217200,,
2,2,,0.011261,0.129657,0.301048,0.107178,0.041838,0.101554,0.073853,0.123767,0.07064,0.039203,,2009800,,
2,2,,0.015211,0.09713,0.285284,0.119152,0.06254,0.104385,0.064402,0.083073,0.113006,0.055817,,2012100,,
2,2,,0.017107,0.101658,0.309466,0.120014,0.05463,0.076981,0.033297,0.142017,0.06685,0.07798,,1973100,,
2,8,,0.137489,0.135684,0.141864,0.051329,0.085541,0.030427,0.138305,0.084556,0.171824,0.022981,,2036200,,
2,2,,0.070551,0.146223,0.209418,0.061495,0.083379,0.039858,0.074143,0.128222,0.156615,0.030097,,2088900,,
2,3,,0.010539,0.127592,0.187229,0.220899,0.04474,0.125391,0.048199,0.071075,0.054608,0.109729,,2014500,,
2,2,,0.014475,0.091178,0.238841,0.168589,0.030349,0.164369,0.04025,0.062344,0.066471,0.123134,,1994700,,
2,2,,0.01099,0.144508,0.290864,0.11974,0.047196,0.07646,0.070946,0.120782,0.075722,0.042792,,1982700,,
2,2,,0.019382,0.118766,0.219785,0.158522,0.033429,0.133237,0.02437,0.096632,0.072563,0.123314,,2113700,,
2,2,,0.024644,0.102655,0.262303,0.162597,0.035092,0.106329,0.024724,0.070264,0.063749,0.147644,,1970400,,
2,3,,0.023271,0.112909,0.153,0.224219,0.045447,0.133636,0.01713,0.076731,0.049955,0.163701,,1976300,,
2,2,,0.020068,0.149041,0.274667,0.112582,0.048806,0.096798,0.02215,0.138052,0.053486,0.08435,,2009400,,
2,1,,0.080861,0.174105,0.172362,0.055197,0.064581,0.073323,0.079501,0.133888,0.147628,0.018554,,2008800,,
2,0,,0.239914,0.059283,0.135429,0.036081,0.070606,0.036146,0.100114,0.090683,0.133345,0.098398,,1993900,,
2,8,,0.09051,0.13336,0.125328,0.060117,0.072371,0.041948,0.152477,0.124637,0.173953,0.025299,,1977900,,
2,6,,0.087654,0.13504,0.141064,0.123034,0.072362,0.048692,0.154136,0.060541,0.144937,0.03254,,1953000,,
2,9,,0.028499,0.124914,0.182786,0.156591,0.028221,0.121822,0.022928,0.088234,0.043166,0.202839,,2006600,,
2,2,,0.114472,0.145355,0.181794,0.051829,0.059413,0.044173,0.117345,0.107813,0.153843,0.023962,,1994200,,
2,3,,0.021107,0.11306,0.176151,0.184071,0.050899,0.132385,0.033426,0.072495,0.094615,0.12179,,2016200,,
2,6,,0.1116,0.074952,0.0839,0.028744,0.181164,0.024626,0.210919,0.109345,0.136925,0.037825,,1971400,,
2,2,,0.010264,0.110419,0.255512,0.112721,0.043986,0.149632,0.06796,0.12925,0.068285,0.051971,,1975300,,
2,2,,0.014201,0.134053,0.290962,0.113517,0.062387,0.08891,0.029596,0.130338,0.080636,0.055401,,2005200,,
2,2,,0.012424,0.105275,0.266958,0.090111,0.036484,0.131344,0.088239,0.12273,0.050795,0.095641,,1978900,,
2,9,,0.020527,0.108578,0.161835,0.148532,0.060535,0.115997,0.036267,0.082566,0.077402,0.187761,,1980200,,
2,2,,0.015453,0.11442,0.214285,0.208106,0.037464,0.121936,0.033174,0.083835,0.060079,0.111249,,1992800,,
2,8,,0.130914,0.117695,0.137216,0.062872,0.057448,0.039256,0.091915,0.15109,0.161429,0.050165,,1994300,,
2,2,,0.021369,0.099624,0.249593,0.14739,0.066581,0.054764,0.021675,0.159213,0.140553,0.039239,,2005600,,
2,3,,0.028058,0.097658,0.162679,0.19131,0.046297,0.117482,0.026969,0.105213,0.072176,0.152159,,1966600,,
2,2,,0.01451,0.107664,0.232287,0.166366,0.035236,0.162523,0.053542,0.0686,0.053012,0.10626,,1993000,,
2,2,,0.012094,0.114803,0.222526,0.207871,0.036451,0.111738,0.032584,0.091519,0.061394,0.109021,,1958900,,
2,2,,0.031354,0.083729,0.195078,0.194554,0.033543,0.132157,0.045819,0.086556,0.040952,0.156258,,1951600,,
2,2,,0.020897,0.126384,0.306681,0.088723,0.037482,0.105076,0.029698,0.148332,0.047,0.089728,,1985300,,
2,2,,0.013065,0.116521,0.26165,0.117632,0.040091,0.114912,0.050541,0.134382,0.064018,0.087187,,1984300,,
2,2,,0.086564,0.142731,0.19617,0.062366,0.04887,0.111184,0.068654,0.105774,0.149605,0.028081,,2032700,,
2,2,,0.012424,0.065636,0.285556,0.108759,0.059992,0.09307,0.057634,0.130537,0.15705,0.029342,,2110000,,
2,2,,0.111163,0.116484,0.27685,0.073663,0.060134,0.028287,0.030807,0.102426,0.155674,0.04451,,1972400,,
2,2,,0.064869,0.162639,0.200703,0.114692,0.095756,0.061055,0.03174,0.109379,0.091462,0.067707,,2015700,,
2,2,,0.010648,0.128147,0.337768,0.091257,0.060269,0.087378,0.042414,0.106553,0.058506,0.077059,,1988500,,
2,2,,0.013264,0.145711,0.246276,0.178693,0.038517,0.124204,0.040914,0.073408,0.035514,0.103499,,2009400,,
2,2,,0.010264,0.102019,0.294092,0.114624,0.04404,0.128035,0.050502,0.12405,0.062121,0.070253,,1981200,,
2,2,,0.011098,0.096912,0.243757,0.112753,0.057522,0.110495,0.054087,0.150023,0.083682,0.079672,,1974300,,
2,8,,0.099081,0.090336,0.149909,0.050228,0.072199,0.040237,0.121075,0.079876,0.245273,0.051786,,1983000,,
2,7,,0.01838,0.12468,0.157363,0.093884,0.085045,0.133235,0.061821,0.182164,0.091741,0.051686,,2022800,,
2,8,,0.149828,0.074383,0.179528,0.056523,0.104178,0.042534,0.068581,0.082228,0.200945,0.041272,,1994000,,
2,2,,0.010168,0.129605,0.297821,0.108731,0.065888,0.087351,0.035255,0.146273,0.077647,0.041261,,1998700,,
2,2,,0.019022,0.109203,0.24623,0.208842,0.045553,0.112924,0.020849,0.060767,0.05604,0.120571,,1977800,,
2,2,,0.010623,0.092703,0.313254,0.10474,0.048085,0.114696,0.055315,0.107183,0.08884,0.064564,,1994400,,
2,2,,0.022106,0.129905,0.276939,0.089286,0.054141,0.098391,0.047566,0.127092,0.100901,0.053672,,1978400,,
2,2,,0.029795,0.110995,0.203466,0.163251,0.026302,0.119892,0.036131,0.078249,0.061566,0.170352,,1988600,,
2,2,,0.010795,0.08739,0.320651,0.116376,0.05315,0.110127,0.044526,0.122432,0.0794,0.055153,,1985600,,
2,2,,0.027034,0.08938,0.226032,0.125332,0.053591,0.077412,0.021232,0.128889,0.175526,0.075572,,1971600,,
2,9,,0.039259,0.118536,0.094407,0.158562,0.034604,0.157712,0.066332,0.067254,0.046053,0.217281,,1977000,,
2,3,,0.019392,0.117609,0.173681,0.214239,0.056857,0.117504,0.032495,0.072322,0.070667,0.125233,,2013000,,
2,3,,0.023924,0.103576,0.176275,0.200666,0.045344,0.119787,0.034705,0.085994,0.059857,0.149871,,2096000,,
2,2,,0.01218,0.110571,0.227388,0.199133,0.032284,0.16157,0.036661,0.060293,0.055998,0.103923,,1984500,,
2,2,,0.010645,0.133931,0.236332,0.172782,0.029647,0.13728,0.061829,0.046443,0.050464,0.120646,,1950800,,
2,2,,0.016575,0.084661,0.274139,0.122415,0.048627,0.100854,0.048529,0.080676,0.173278,0.050247,,2002200,,
2,9,,0.071796,0.092707,0.109525,0.172546,0.043393,0.098191,0.025141,0.070342,0.032302,0.284058,,1975900,,
2,2,,0.020021,0.147205,0.218913,0.184626,0.034063,0.101646,0.051407,0.070784,0.047613,0.123722,,2025600,,
2,2,,0.022951,0.10206,0.265492,0.109462,0.082767,0.032617,0.035565,0.099592,0.202119,0.047374,,1993900,,
2,2,,0.01222,0.138788,0.228246,0.114028,0.070582,0.113766,0.052361,0.123998,0.090096,0.055915,,2020700,,
2,8,,0.078799,0.122706,0.128851,0.056225,0.057566,0.036287,0.129463,0.119759,0.238959,0.031386,,1994700,,
2,2,,0.027137,0.131633,0.273966,0.114806,0.069749,0.060662,0.036401,0.142332,0.087591,0.055723,,1981200,,
2,2,,0.011036,0.102831,0.293588,0.117577,0.068153,0.092009,0.055765,0.116375,0.085023,0.057644,,2004700,,
2,8,,0.105903,0.094006,0.159172,0.062963,0.092848,0.040875,0.134125,0.053695,0.233667,0.022747,,1978400,,
2,6,,0.131279,0.07158,0.093139,0.038284,0.152744,0.040609,0.204974,0.109702,0.114181,0.043508,,1968400,,
2,2,,0.055556,0.133525,0.219192,0.052458,0.039037,0.076141,0.163103,0.099141,0.134758,0.027089,,2020700,,
2,2,,0.016252,0.115149,0.255961,0.184491,0.038349,0.106056,0.047311,0.067688,0.062501,0.106241,,2055100,,
2,2,,0.012824,0.131143,0.323168,0.09713,0.049537,0.096652,0.036045,0.131894,0.079044,0.042562,,2018300,,
2,2,,0.024868,0.077635,0.277375,0.103393,0.084323,0.055747,0.033639,0.157195,0.141365,0.044458,,1996900,,
2,2,,0.013035,0.119027,0.284985,0.074181,0.103457,0.086951,0.061692,0.131772,0.075373,0.049527,,1993600,,
2,2,,0.017547,0.10174,0.267712,0.171037,0.03908,0.108659,0.032603,0.102509,0.053642,0.105471,,1974400,,
2,2,,0.054744,0.122187,0.236354,0.127236,0.079705,0.06919,0.02291,0.108237,0.106622,0.072817,,1987600,,
2,2,,0.075189,0.086716,0.239802,0.080671,0.061939,0.048008,0.083437,0.092792,0.20676,0.024686,,2003800,,
2,2,,0.01909,0.136189,0.341112,0.115683,0.067585,0.055988,0.042201,0.083575,0.085778,0.052799,,1985100,,
2,2,,0.009967,0.099317,0.2879,0.069651,0.057911,0.08683,0.05948,0.14584,0.13033,0.052774,,2043600,,
2,2,,0.020897,0.092708,0.238696,0.163861,0.034047,0.097018,0.062448,0.094816,0.053334,0.142176,,2112000,,
3,3,,0.027116,0.086445,0.089874,0.353246,0.025905,0.129406,0.014886,0.069899,0.048494,0.154728,,2081700,,
3,3,,0.04083,0.086394,0.132232,0.235789,0.031322,0.126852,0.02447,0.078576,0.08392,0.159615,,1984000,,
3,3,,0.036022,0.074497,0.084399,0.26806,0.027275,0.138655,0.013889,0.064501,0.06256,0.230141,,1996700,,
3,3,,0.022644,0.102347,0.108082,0.244258,0.036414,0.141413,0.016673,0.089086,0.050148,0.188936,,2035400,,
3,8,,0.125789,0.110014,0.088942,0.094889,0.094059,0.095932,0.043112,0.126225,0.186726,0.034311,,2001400,,
3,2,,0.041717,0.109125,0.178444,0.163985,0.062254,0.12672,0.037192,0.11347,0.048824,0.11827,,1985800,,
3,3,,0.02856,0.100435,0.111726,0.288718,0.040019,0.13022,0.017168,0.062745,0.049777,0.170631,,2052600,,
3,3,,0.029079,0.090373,0.082063,0.344417,0.029474,0.119813,0.017385,0.080232,0.055437,0.151728,,2047600,,
3,3,,0.033732,0.096705,0.094541,0.23509,0.030253,0.129466,0.017917,0.082353,0.052206,0.227737,,1979200,,
3,3,,0.030409,0.094544,0.124417,0.247068,0.030753,0.13114,0.021514,0.073742,0.051252,0.195162,,1998900,,
3,2,,0.019618,0.10229,0.194842,0.120845,0.043493,0.099565,0.042388,0.148227,0.095962,0.132771,,1983500,,
3,3,,0.029079,0.086578,0.096313,0.290493,0.035204,0.124583,0.019815,0.090665,0.053127,0.174143,,2000600,,
3,3,,0.012393,0.143321,0.126246,0.304336,0.0314,0.121503,0.027277,0.058241,0.032405,0.142879,,1961100,,
3,3,,0.019467,0.075807,0.089922,0.236307,0.024105,0.212425,0.006606,0.04067,0.121142,0.173548,,1987500,,
3,3,,0.017583,0.100122,0.114549,0.254832,0.029547,0.118102,0.039195,0.082633,0.038979,0.204459,,2101300,,
3,3,,0.03287,0.090241,0.091948,0.254532,0.029787,0.12746,0.016338,0.078128,0.057435,0.221261,,1991600,,
3,3,,0.02461,0.127564,0.106043,0.301658,0.03258,0.133122,0.016986,0.068393,0.046702,0.142343,,2020900,,
3,3,,0.016181,0.134403,0.108901,0.214613,0.031437,0.191737,0.026326,0.067913,0.058243,0.150244,,2026400,,
3,3,,0.021969,0.126011,0.101055,0.284277,0.03033,0.110981,0.020419,0.069778,0.042212,0.192969,,1991200,,
3,3,,0.026706,0.116169,0.106595,0.227495,0.031389,0.125087,0.036143,0.066372,0.068639,0.195406,,1991000,,
3,3,,0.013512,0.144442,0.116274,0.20136,0.051378,0.191131,0.025222,0.066621,0.065722,0.124339,,1991700,,
3,3,,0.013601,0.16569,0.128128,0.217631,0.047583,0.124879,0.031132,0.08166,0.051588,0.138108,,1999700,,
3,3,,0.028674,0.122327,0.103132,0.257236,0.035757,0.128663,0.015835,0.063211,0.054151,0.191014,,1959200,,
3,2,,0.028592,0.083135,0.180302,0.160928,0.069279,0.120991,0.034465,0.081194,0.127874,0.113242,,2027200,,
3,3,,0.032316,0.117224,0.144278,0.272197,0.029534,0.113465,0.016139,0.07401,0.078237,0.1226,,3491900,,
3,3,,0.021214,0.150978,0.129093,0.180705,0.06315,0.12467,0.024017,0.092238,0.079468,0.134467,,2019300,,
3,3,,0.017579,0.109952,0.084527,0.27694,0.038062,0.2048,0.031623,0.052305,0.039434,0.144777,,2061600,,
3,5,,0.019246,0.12639,0.113251,0.202328,0.044409,0.206888,0.037775,0.047952,0.053285,0.148475,,1989500,,
3,3,,0.031443,0.090276,0.108245,0.306029,0.037591,0.113478,0.019467,0.077809,0.090176,0.125485,,2018900,,
3,3,,0.024545,0.134508,0.079187,0.209824,0.040368,0.17216,0.022625,0.096239,0.045199,0.175345,,1989100,,
3,0,,0.16603,0.066418,0.146449,0.112962,0.072802,0.040282,0.099059,0.04823,0.157528,0.090239,,2257200,,
3,2,,0.025694,0.096837,0.200852,0.175896,0.053705,0.107589,0.021133,0.124401,0.079831,0.114062,,2403800,,
3,3,,0.034534,0.121688,0.094259,0.299519,0.027077,0.135686,0.015065,0.064476,0.071421,0.136275,,2342000,,
3,8,,0.088246,0.094245,0.185033,0.046682,0.076825,0.038869,0.083637,0.073406,0.235453,0.077604,,2361700,,
3,3,,0.029513,0.085161,0.076736,0.329399,0.03058,0.135192,0.018995,0.072058,0.059022,0.163344,,2346000,,
3,3,,0.025503,0.111123,0.127159,0.293657,0.032275,0.13197,0.013827,0.063285,0.047832,0.153369,,2341100,,
3,3,,0.015411,0.091836,0.091997,0.324125,0.042419,0.126487,0.023668,0.057141,0.046736,0.180179,,2324100,,
3,3,,0.023556,0.111647,0.107947,0.289461,0.032236,0.130456,0.027455,0.069831,0.040837,0.166574,,2429400,,
3,3,,0.018813,0.098229,0.101792,0.253497,0.028837,0.229493,0.035643,0.04972,0.046124,0.137853,,2483500,,
3,3,,0.024186,0.080718,0.06807,0.314736,0.03065,0.125507,0.019654,0.071792,0.059885,0.204803,,2404100,,
