optdigits,CWE,test,0,NANOSECONDS,PREDICTIONS, Generated by ClassifierExperiments.java on 2022-05-16 20:38:11.    SYSTEMPROPERTIES:{user.name:matth,os.arch:amd64,os.name:Windows 10},ENDSYSTEMPROPERTIES
No parameter info
0.7759078830823738,4877283900,2898852100,-1,97942488,10,,-1,-1
0,0,,0.422895,0.055433,0.02507,0.023367,0.117184,0.028737,0.148186,0.052133,0.081118,0.045877,,2964200,,
0,0,,0.348019,0.067075,0.027038,0.024713,0.128417,0.038339,0.170454,0.052861,0.081428,0.061655,,2753500,,
0,0,,0.305519,0.06791,0.033312,0.048201,0.164962,0.028442,0.184973,0.040867,0.082721,0.043093,,2163900,,
0,0,,0.350722,0.04958,0.071775,0.036855,0.065481,0.038303,0.08743,0.074304,0.154254,0.071296,,2202000,,
0,0,,0.32566,0.14757,0.073723,0.054532,0.06033,0.126414,0.038655,0.089726,0.053954,0.029436,,2630300,,
0,4,,0.172029,0.076581,0.027663,0.020716,0.187566,0.057087,0.174255,0.061911,0.102912,0.119279,,2753900,,
0,0,,0.44563,0.062996,0.042147,0.022808,0.07908,0.025197,0.071333,0.091044,0.112495,0.04727,,2049800,,
0,0,,0.630784,0.036674,0.023127,0.026643,0.051953,0.030501,0.05829,0.044298,0.048451,0.049279,,2920900,,
0,0,,0.28504,0.119541,0.137619,0.080622,0.117451,0.107992,0.038991,0.042268,0.044912,0.025563,,2128000,,
0,0,,0.357512,0.053661,0.031583,0.034664,0.136873,0.024749,0.178168,0.055914,0.070697,0.056179,,2691700,,
0,0,,0.31844,0.083626,0.059085,0.016211,0.114178,0.030539,0.08114,0.112195,0.112555,0.072031,,2582000,,
0,0,,0.339568,0.044071,0.034165,0.041932,0.128305,0.030374,0.175726,0.051436,0.113774,0.040649,,3009000,,
0,0,,0.384141,0.064548,0.047964,0.021298,0.177066,0.037961,0.157714,0.040465,0.053453,0.015389,,2496800,,
0,0,,0.366458,0.049683,0.033673,0.031932,0.127888,0.029083,0.166033,0.05246,0.097886,0.044905,,2724400,,
0,0,,0.392557,0.058058,0.022102,0.023127,0.128712,0.032584,0.163228,0.05284,0.079355,0.047436,,2417900,,
0,0,,0.36204,0.062806,0.027659,0.027745,0.127913,0.018551,0.114172,0.065657,0.127668,0.065789,,2390700,,
0,0,,0.365006,0.05419,0.027631,0.023836,0.13533,0.029954,0.174843,0.051671,0.086322,0.051218,,2646000,,
0,0,,0.411162,0.057305,0.025708,0.028305,0.060547,0.042113,0.100945,0.064756,0.142981,0.066177,,2469900,,
0,0,,0.392098,0.054824,0.037919,0.052157,0.119728,0.036921,0.12078,0.059291,0.10386,0.022421,,2358100,,
0,0,,0.473174,0.045656,0.02732,0.026503,0.070464,0.021158,0.108756,0.051602,0.134132,0.041235,,4056200,,
0,6,,0.15952,0.059604,0.150962,0.043741,0.129073,0.062989,0.175519,0.048086,0.08707,0.083436,,2792800,,
0,0,,0.47157,0.058587,0.032402,0.01965,0.088351,0.036098,0.061553,0.062992,0.089378,0.079419,,2424300,,
0,0,,0.418758,0.067788,0.03909,0.02762,0.081026,0.046918,0.070707,0.098797,0.112821,0.036474,,2494900,,
0,0,,0.426354,0.053933,0.028349,0.021342,0.068151,0.023036,0.115857,0.048782,0.130474,0.083721,,2502200,,
0,0,,0.412725,0.0431,0.030015,0.030574,0.13243,0.026812,0.144577,0.053357,0.077302,0.049107,,2825200,,
0,0,,0.348686,0.082933,0.081884,0.033691,0.075005,0.071107,0.056533,0.116974,0.092234,0.040953,,2448900,,
0,0,,0.448664,0.046211,0.045173,0.050367,0.091799,0.029042,0.075826,0.055887,0.133721,0.02331,,2527500,,
0,0,,0.339084,0.04394,0.03008,0.029173,0.203228,0.022062,0.150576,0.078064,0.075881,0.027912,,2483900,,
0,0,,0.431301,0.061128,0.045519,0.025524,0.078662,0.023077,0.126019,0.049349,0.123322,0.036099,,2504000,,
0,0,,0.437655,0.031053,0.049737,0.022005,0.072564,0.030244,0.106018,0.068582,0.137633,0.044508,,2722700,,
0,0,,0.397671,0.059867,0.040142,0.025477,0.088893,0.032522,0.141156,0.05227,0.125073,0.036929,,2644900,,
0,0,,0.416799,0.055903,0.038639,0.033821,0.146424,0.020025,0.052748,0.078529,0.120497,0.036617,,2812400,,
0,0,,0.437497,0.062924,0.040514,0.027375,0.090045,0.02885,0.10757,0.049571,0.109865,0.04579,,2451500,,
0,0,,0.42786,0.041816,0.028344,0.024343,0.161184,0.033469,0.056456,0.082676,0.098316,0.045536,,2410900,,
0,0,,0.366968,0.061006,0.036551,0.029727,0.140315,0.038561,0.158747,0.05246,0.081759,0.033906,,2821300,,
0,0,,0.485127,0.037314,0.033842,0.029617,0.090305,0.031177,0.068227,0.067205,0.100273,0.056911,,2863100,,
0,0,,0.450843,0.046186,0.02632,0.031852,0.076379,0.022182,0.106687,0.054657,0.150358,0.034535,,2838300,,
0,0,,0.296665,0.072506,0.045758,0.018909,0.099191,0.056164,0.113306,0.07116,0.121391,0.104949,,2752700,,
0,0,,0.38708,0.053728,0.031198,0.030852,0.135079,0.023499,0.115004,0.051505,0.103951,0.068105,,2736800,,
0,0,,0.329933,0.082932,0.09833,0.034043,0.101887,0.105765,0.058933,0.072582,0.091526,0.024068,,2640100,,
0,0,,0.425793,0.056692,0.030193,0.02209,0.073235,0.027076,0.115004,0.050912,0.105643,0.093361,,2657200,,
0,0,,0.377064,0.0677,0.033373,0.016594,0.11692,0.029469,0.159473,0.057447,0.07601,0.06595,,2879100,,
0,0,,0.445588,0.038651,0.036656,0.022195,0.093533,0.050835,0.068946,0.067426,0.110025,0.066144,,2597000,,
0,0,,0.436559,0.059805,0.028985,0.02689,0.079551,0.025931,0.126449,0.052036,0.116211,0.047584,,2322700,,
0,0,,0.440603,0.053186,0.038482,0.022829,0.100556,0.031139,0.073765,0.063316,0.126527,0.049598,,2952000,,
0,0,,0.284054,0.053283,0.042054,0.029679,0.140961,0.036796,0.197599,0.068444,0.096677,0.050453,,2293200,,
0,0,,0.604446,0.035618,0.039053,0.024017,0.064873,0.037398,0.060467,0.042026,0.042753,0.04935,,2308800,,
0,0,,0.369874,0.05163,0.020715,0.024945,0.171743,0.015167,0.157663,0.081342,0.065673,0.041248,,2397200,,
0,0,,0.392275,0.067844,0.045747,0.024907,0.088538,0.038333,0.127503,0.049693,0.118523,0.046635,,2519000,,
0,0,,0.419328,0.047544,0.039312,0.038477,0.083936,0.029779,0.118028,0.059951,0.124671,0.038975,,2437300,,
0,0,,0.454537,0.049716,0.034075,0.025767,0.086996,0.042032,0.073682,0.069159,0.105162,0.058873,,2273300,,
0,0,,0.380235,0.079955,0.08822,0.034785,0.06946,0.071539,0.051356,0.107065,0.073458,0.043927,,2531000,,
0,0,,0.418688,0.05306,0.063165,0.022097,0.06803,0.036831,0.114705,0.062973,0.114949,0.045501,,2591700,,
0,0,,0.378983,0.044233,0.033223,0.030282,0.122721,0.021011,0.119126,0.068411,0.128123,0.053887,,2744500,,
0,0,,0.463721,0.036088,0.030866,0.040877,0.064402,0.024471,0.113736,0.050481,0.134085,0.041273,,3625200,,
0,0,,0.628966,0.02105,0.027552,0.031424,0.054156,0.022193,0.057221,0.053945,0.042179,0.061313,,3247200,,
0,0,,0.404181,0.065357,0.042276,0.033209,0.071307,0.047611,0.116851,0.061136,0.119765,0.038307,,3485100,,
0,0,,0.431582,0.059275,0.032636,0.027313,0.088988,0.035502,0.11697,0.050314,0.126299,0.031121,,3031100,,
0,0,,0.191695,0.06262,0.030335,0.064419,0.115927,0.040248,0.147584,0.067575,0.108499,0.171098,,3036100,,
0,0,,0.447446,0.056784,0.041312,0.02488,0.104983,0.048115,0.058721,0.060709,0.097416,0.059633,,2467600,,
0,0,,0.426423,0.051924,0.044712,0.023431,0.084053,0.027163,0.128038,0.059086,0.11309,0.042079,,2142300,,
0,0,,0.396486,0.078351,0.041206,0.032662,0.081552,0.04896,0.064889,0.093586,0.12187,0.040439,,2138400,,
0,0,,0.354489,0.052029,0.046762,0.024045,0.13422,0.035631,0.170104,0.055968,0.076984,0.049769,,3105400,,
0,0,,0.421146,0.048544,0.022732,0.01757,0.11831,0.022485,0.154379,0.051397,0.062027,0.08141,,2343800,,
0,0,,0.586009,0.041668,0.028329,0.022138,0.055834,0.040367,0.057666,0.044122,0.03634,0.087527,,2243600,,
0,0,,0.409526,0.042343,0.025004,0.022385,0.121569,0.02815,0.16073,0.056147,0.089963,0.044184,,2816300,,
0,0,,0.451769,0.053871,0.039851,0.032081,0.085884,0.03972,0.062195,0.060856,0.125612,0.04816,,2079500,,
0,0,,0.473716,0.046531,0.028498,0.026736,0.106127,0.038492,0.071289,0.07354,0.102084,0.032988,,2406100,,
0,0,,0.373447,0.044407,0.030955,0.036606,0.114168,0.036359,0.149761,0.067204,0.098165,0.04893,,2499800,,
0,0,,0.41157,0.042055,0.027353,0.024425,0.120993,0.020393,0.181485,0.052956,0.077228,0.041543,,2858300,,
0,0,,0.590801,0.039304,0.022565,0.026884,0.068659,0.03014,0.048383,0.059646,0.054377,0.05924,,2474700,,
0,0,,0.593645,0.041119,0.032875,0.032962,0.066734,0.033945,0.049029,0.053453,0.052016,0.044223,,2528100,,
0,0,,0.388857,0.061845,0.046757,0.030468,0.06749,0.048928,0.086645,0.090055,0.11706,0.061896,,2267400,,
0,0,,0.366028,0.051299,0.029615,0.021767,0.133506,0.039913,0.156266,0.056479,0.078372,0.066757,,2626000,,
0,0,,0.357685,0.056994,0.073889,0.025566,0.077982,0.037962,0.13013,0.053937,0.123528,0.062327,,2329700,,
0,0,,0.452619,0.050806,0.040912,0.026751,0.099201,0.025559,0.071129,0.062051,0.128556,0.042417,,2292200,,
0,0,,0.346638,0.049198,0.039152,0.03193,0.085299,0.044272,0.136678,0.06798,0.134878,0.063974,,2361400,,
0,0,,0.435867,0.06007,0.027153,0.027424,0.069615,0.019584,0.120331,0.049982,0.159998,0.029977,,2918400,,
0,0,,0.482378,0.049447,0.030927,0.025627,0.08892,0.028326,0.066015,0.062993,0.088526,0.076841,,2361100,,
0,0,,0.626587,0.025743,0.023274,0.027204,0.053294,0.028145,0.052233,0.057932,0.052248,0.053342,,2345500,,
0,0,,0.628341,0.023524,0.03447,0.022723,0.056485,0.025708,0.060003,0.051497,0.045328,0.051921,,2657400,,
0,0,,0.351318,0.03931,0.042273,0.02831,0.141154,0.03075,0.176178,0.057979,0.086043,0.046684,,2666400,,
0,0,,0.399521,0.060076,0.035795,0.034448,0.071733,0.024237,0.142193,0.046149,0.14505,0.040797,,2273000,,
0,0,,0.309566,0.057373,0.023444,0.026013,0.144007,0.029719,0.181548,0.052167,0.092023,0.084142,,2324200,,
0,0,,0.616396,0.033616,0.031888,0.036209,0.064895,0.03065,0.057454,0.042668,0.041454,0.04477,,2411500,,
0,0,,0.358547,0.058571,0.027404,0.019069,0.122406,0.027447,0.174244,0.049678,0.084884,0.07775,,2516600,,
0,0,,0.377678,0.068849,0.067887,0.013736,0.103508,0.089849,0.105039,0.048657,0.09385,0.030947,,2480300,,
0,0,,0.444626,0.042504,0.056312,0.034364,0.080115,0.033384,0.106018,0.058285,0.107887,0.036505,,2274600,,
0,0,,0.411844,0.05369,0.043738,0.032667,0.06529,0.038991,0.141746,0.042088,0.127802,0.042142,,2672500,,
0,0,,0.43246,0.033571,0.051121,0.024828,0.073632,0.034776,0.110787,0.069749,0.120596,0.048477,,2362200,,
0,0,,0.287426,0.054619,0.040293,0.022474,0.147438,0.050607,0.171214,0.068139,0.11175,0.046039,,2634500,,
0,0,,0.472254,0.041749,0.030914,0.038701,0.078614,0.020616,0.096396,0.046811,0.131947,0.041999,,2272700,,
0,0,,0.344901,0.063666,0.030175,0.035213,0.125196,0.045412,0.156856,0.060236,0.090131,0.048213,,2640700,,
0,0,,0.412115,0.042636,0.044966,0.043364,0.064554,0.029521,0.124241,0.04966,0.147636,0.041307,,1975600,,
0,0,,0.610297,0.036637,0.047407,0.038665,0.066033,0.026647,0.048194,0.066695,0.039954,0.019472,,2127800,,
0,0,,0.448842,0.057145,0.03301,0.035995,0.094817,0.034797,0.061553,0.064404,0.132023,0.037414,,2035800,,
0,0,,0.299075,0.062155,0.053499,0.033453,0.146898,0.046254,0.171109,0.060698,0.087549,0.039309,,2544600,,
0,0,,0.406925,0.057547,0.03947,0.030034,0.096948,0.036418,0.092405,0.061125,0.146509,0.032619,,2281300,,
0,0,,0.361851,0.087122,0.039766,0.03218,0.084042,0.040823,0.079191,0.085803,0.116818,0.072404,,2125900,,
0,0,,0.466448,0.061071,0.043165,0.033131,0.074268,0.048012,0.039618,0.056146,0.136585,0.041556,,1962300,,
0,0,,0.361609,0.059145,0.028589,0.031352,0.156466,0.028928,0.159382,0.064843,0.076517,0.033168,,2051100,,
0,0,,0.432748,0.039031,0.026785,0.032141,0.122364,0.017637,0.160444,0.05051,0.076642,0.041699,,2403300,,
0,0,,0.610832,0.043815,0.052883,0.036182,0.06301,0.027674,0.041878,0.057292,0.042585,0.023848,,1973300,,
0,0,,0.314094,0.059413,0.042597,0.017359,0.12903,0.045618,0.178504,0.058825,0.076262,0.078297,,2172800,,
0,0,,0.444283,0.039872,0.040319,0.025029,0.095424,0.044178,0.061884,0.126063,0.093394,0.029554,,2004700,,
0,0,,0.450619,0.033596,0.07174,0.038935,0.101985,0.037632,0.097224,0.075681,0.040431,0.052158,,2605800,,
0,0,,0.376045,0.047405,0.026701,0.020981,0.18784,0.01649,0.155489,0.070392,0.067023,0.031635,,2325500,,
0,0,,0.449421,0.062766,0.04535,0.033743,0.099834,0.053665,0.066102,0.052018,0.098833,0.038267,,1966800,,
0,0,,0.39711,0.10002,0.07931,0.048229,0.066973,0.059274,0.042787,0.07376,0.109347,0.023188,,2000800,,
0,0,,0.421753,0.048008,0.031869,0.022347,0.117311,0.025368,0.16622,0.049117,0.071973,0.046034,,2650800,,
0,0,,0.389312,0.048117,0.027362,0.024635,0.129451,0.029925,0.165425,0.053496,0.092081,0.040196,,2166100,,
1,1,,0.080817,0.308014,0.070629,0.070202,0.080542,0.04756,0.053075,0.14237,0.1108,0.035991,,2162400,,
1,1,,0.066711,0.247566,0.054776,0.11798,0.078096,0.11617,0.034878,0.07888,0.066129,0.138813,,2060400,,
1,8,,0.059739,0.199052,0.074412,0.068422,0.095676,0.029845,0.123735,0.102025,0.2027,0.044394,,2840700,,
1,9,,0.07419,0.175505,0.047667,0.123713,0.047604,0.118605,0.053202,0.071954,0.054926,0.232633,,2538900,,
1,3,,0.049636,0.160117,0.067719,0.174852,0.035061,0.118947,0.017577,0.12229,0.104229,0.149573,,2490400,,
1,6,,0.109182,0.094298,0.085544,0.026759,0.158542,0.128892,0.29474,0.035973,0.05437,0.0117,,2456700,,
1,1,,0.045633,0.289684,0.057776,0.127351,0.049322,0.110013,0.031946,0.102187,0.080023,0.106065,,2548000,,
1,1,,0.150566,0.264132,0.058492,0.040612,0.062981,0.019061,0.092876,0.070083,0.198356,0.042841,,2771000,,
1,1,,0.096086,0.272389,0.053983,0.112879,0.085203,0.088724,0.033578,0.079248,0.078567,0.099342,,2095300,,
1,1,,0.078844,0.298308,0.053623,0.042999,0.167311,0.0264,0.155843,0.060512,0.095294,0.020865,,2076400,,
1,1,,0.035581,0.313606,0.121995,0.095552,0.103195,0.053108,0.022667,0.101988,0.097879,0.054429,,2676500,,
1,1,,0.11453,0.25707,0.031333,0.020645,0.161083,0.130337,0.173221,0.034064,0.06977,0.007949,,2298000,,
1,1,,0.087739,0.211399,0.079441,0.118169,0.071217,0.14182,0.064357,0.06119,0.071745,0.092923,,2088000,,
1,1,,0.011585,0.275212,0.110983,0.175406,0.067343,0.098195,0.014167,0.064065,0.072114,0.110931,,2720500,,
1,3,,0.006353,0.135504,0.147769,0.200225,0.056002,0.121593,0.109065,0.050108,0.0537,0.119682,,2494800,,
1,1,,0.006403,0.185903,0.124771,0.113617,0.109194,0.159214,0.07286,0.070446,0.059568,0.098025,,2083000,,
1,8,,0.133909,0.163401,0.084712,0.037537,0.090575,0.068811,0.111872,0.111968,0.163548,0.033667,,2393000,,
1,3,,0.00756,0.163171,0.151362,0.201634,0.071052,0.145099,0.051514,0.038943,0.040729,0.128936,,2102400,,
1,1,,0.036429,0.208578,0.108956,0.076445,0.146933,0.049477,0.045336,0.130925,0.120866,0.076055,,2263300,,
1,1,,0.009845,0.341911,0.056642,0.067565,0.046575,0.102019,0.045208,0.102327,0.149072,0.078836,,2871600,,
1,1,,0.138384,0.20116,0.05353,0.041564,0.113485,0.033491,0.133374,0.066708,0.189251,0.029052,,2231600,,
1,5,,0.006309,0.147959,0.148915,0.136534,0.033766,0.151607,0.116232,0.067651,0.086683,0.104345,,2087300,,
1,1,,0.049187,0.229022,0.073818,0.140877,0.076699,0.103963,0.031802,0.080983,0.094745,0.118903,,2117500,,
1,1,,0.007593,0.318977,0.109151,0.128894,0.085127,0.119217,0.023393,0.064371,0.052837,0.090439,,2835900,,
1,1,,0.087584,0.335459,0.061833,0.026906,0.13055,0.023459,0.152642,0.058971,0.106695,0.015901,,2146200,,
1,1,,0.098703,0.314537,0.060365,0.043657,0.13748,0.040272,0.047344,0.119467,0.090024,0.048151,,2144700,,
1,1,,0.049592,0.322415,0.06821,0.100324,0.069932,0.096972,0.03299,0.073137,0.097055,0.089372,,2308200,,
1,1,,0.127949,0.257571,0.0717,0.051362,0.069416,0.019265,0.093766,0.090588,0.183779,0.034603,,2996600,,
1,1,,0.101312,0.243035,0.065183,0.058702,0.143064,0.017819,0.158371,0.05111,0.129327,0.032077,,2409100,,
1,1,,0.007685,0.256539,0.143293,0.103461,0.125466,0.073907,0.048064,0.09546,0.092546,0.053579,,2082300,,
1,1,,0.087298,0.282779,0.118077,0.0592,0.089935,0.03705,0.057603,0.11311,0.13161,0.023339,,2074500,,
1,9,,0.050577,0.105793,0.067555,0.16088,0.063202,0.100391,0.029804,0.085431,0.043528,0.29284,,2575100,,
1,1,,0.102142,0.180476,0.061918,0.101183,0.083115,0.064563,0.059552,0.07521,0.137954,0.133888,,2159300,,
1,1,,0.029396,0.350841,0.091385,0.073683,0.082616,0.090572,0.039792,0.123054,0.068479,0.050183,,2329200,,
1,1,,0.015456,0.386504,0.107465,0.052223,0.075971,0.066853,0.044589,0.112464,0.059114,0.079362,,2044200,,
1,1,,0.042324,0.28905,0.104177,0.080284,0.190113,0.051566,0.054171,0.083103,0.07963,0.025582,,2725200,,
1,1,,0.08674,0.180818,0.053524,0.120075,0.097774,0.089708,0.052563,0.090176,0.058225,0.170395,,2307600,,
1,1,,0.047948,0.359963,0.139728,0.096651,0.040729,0.036288,0.056498,0.103888,0.079008,0.039298,,3176800,,
1,1,,0.128337,0.290295,0.069063,0.041143,0.063148,0.019844,0.127297,0.066963,0.159386,0.034524,,3374200,,
1,1,,0.064706,0.33966,0.061581,0.086983,0.065215,0.018948,0.030113,0.107346,0.193907,0.031539,,2420300,,
1,2,,0.020645,0.150137,0.198408,0.098894,0.04641,0.089203,0.134627,0.079412,0.145795,0.036469,,2361700,,
1,1,,0.010816,0.286174,0.125233,0.128612,0.063672,0.129201,0.025698,0.063719,0.068291,0.098584,,3366500,,
1,1,,0.010871,0.259932,0.159633,0.084954,0.116765,0.087744,0.049261,0.105692,0.075917,0.049232,,2943900,,
1,1,,0.052317,0.256225,0.117865,0.066281,0.124225,0.061129,0.048405,0.140324,0.081347,0.051882,,2357400,,
1,1,,0.100236,0.321794,0.115067,0.053535,0.048919,0.033694,0.052929,0.119116,0.125249,0.029462,,2248400,,
1,9,,0.092207,0.096257,0.056598,0.13501,0.041633,0.144445,0.02847,0.069954,0.034335,0.301092,,2014300,,
1,7,,0.043599,0.111231,0.086826,0.155307,0.065497,0.083218,0.030689,0.169887,0.106209,0.147537,,2451100,,
1,1,,0.093056,0.301633,0.074436,0.04091,0.0697,0.021522,0.057624,0.129414,0.166363,0.045341,,2027700,,
1,1,,0.076335,0.364461,0.142076,0.038685,0.050084,0.052369,0.04357,0.100788,0.115164,0.016468,,2569700,,
1,1,,0.025577,0.301247,0.0646,0.10791,0.051817,0.107913,0.042253,0.093012,0.058981,0.146688,,2083800,,
1,2,,0.015715,0.118082,0.202739,0.122932,0.041615,0.181638,0.107792,0.05278,0.04738,0.109327,,2948000,,
1,1,,0.01014,0.311017,0.105164,0.106401,0.121467,0.083881,0.022611,0.094395,0.095713,0.049212,,2077600,,
1,8,,0.116672,0.170081,0.094741,0.034583,0.16102,0.039883,0.120026,0.072344,0.178791,0.01186,,2254700,,
1,1,,0.102369,0.221802,0.092117,0.062107,0.148337,0.051872,0.058071,0.111087,0.089872,0.062366,,2152500,,
1,1,,0.049988,0.369682,0.049402,0.03853,0.133666,0.028468,0.042751,0.144399,0.119771,0.023343,,2488800,,
1,2,,0.083133,0.104169,0.141157,0.066436,0.124118,0.070243,0.12609,0.113008,0.081995,0.089652,,2549500,,
1,9,,0.043176,0.15492,0.063027,0.119788,0.073152,0.127759,0.028913,0.091402,0.045538,0.252325,,2290600,,
1,1,,0.044492,0.31388,0.081801,0.111148,0.069017,0.136274,0.094821,0.043738,0.022387,0.082444,,2200100,,
1,1,,0.033269,0.336909,0.124684,0.082477,0.052353,0.071122,0.022431,0.130486,0.098412,0.047857,,2572100,,
1,3,,0.026885,0.152869,0.084821,0.168516,0.057459,0.168355,0.041676,0.083473,0.06663,0.149315,,2668600,,
1,2,,0.0066,0.129332,0.238945,0.091809,0.057633,0.134945,0.061379,0.098725,0.085567,0.095066,,2060200,,
1,7,,0.0111,0.191284,0.14708,0.042857,0.110661,0.06977,0.060385,0.237182,0.093628,0.036053,,2441900,,
1,8,,0.115845,0.127655,0.069209,0.05751,0.108827,0.029615,0.112975,0.130139,0.161192,0.087034,,2157400,,
1,8,,0.111666,0.169355,0.085976,0.046104,0.090327,0.096421,0.102048,0.086555,0.187505,0.024042,,2221100,,
1,2,,0.069771,0.159836,0.210474,0.091348,0.09966,0.05617,0.193973,0.056042,0.049237,0.01349,,2160600,,
1,1,,0.121387,0.295758,0.115034,0.052754,0.058223,0.031931,0.057603,0.105117,0.126097,0.036096,,2171900,,
1,9,,0.042092,0.117529,0.074142,0.15863,0.066127,0.108108,0.021783,0.084371,0.050935,0.276283,,2369300,,
1,8,,0.153961,0.111309,0.087716,0.033926,0.124588,0.075065,0.080171,0.106476,0.164358,0.062428,,2478500,,
1,8,,0.105193,0.187506,0.084666,0.036008,0.10755,0.045153,0.087927,0.112704,0.19977,0.033524,,2059400,,
1,1,,0.008912,0.151065,0.150867,0.074582,0.12601,0.112235,0.083223,0.11496,0.112599,0.065549,,4409900,,
1,5,,0.017192,0.136318,0.084159,0.117883,0.13225,0.17148,0.090422,0.07761,0.039798,0.132886,,2310400,,
1,1,,0.055879,0.223414,0.056391,0.097394,0.099286,0.099239,0.037403,0.104353,0.060019,0.166621,,2255600,,
1,1,,0.089377,0.277943,0.037339,0.042623,0.116568,0.026135,0.114127,0.114017,0.155323,0.026549,,2336500,,
1,1,,0.114406,0.332766,0.068053,0.036362,0.098466,0.027153,0.063672,0.098634,0.140213,0.020274,,3041600,,
1,1,,0.090854,0.210252,0.066077,0.120736,0.093299,0.106462,0.052707,0.081045,0.070676,0.107893,,2612400,,
1,1,,0.006545,0.272169,0.122301,0.124855,0.050038,0.148165,0.064334,0.063163,0.056781,0.091649,,2637200,,
1,5,,0.007343,0.134492,0.120986,0.120096,0.045968,0.175553,0.133189,0.064012,0.062854,0.135507,,2593700,,
1,1,,0.006309,0.187408,0.176494,0.146091,0.037255,0.134973,0.117678,0.039547,0.059482,0.094765,,3204200,,
1,1,,0.100118,0.249324,0.064107,0.040047,0.148548,0.021259,0.153023,0.07132,0.11088,0.041374,,2453300,,
1,0,,0.169813,0.114851,0.142541,0.024067,0.106534,0.086114,0.141563,0.056814,0.113345,0.044357,,2357900,,
1,6,,0.112608,0.081296,0.133807,0.025244,0.1693,0.068107,0.177549,0.064958,0.155427,0.011704,,2559400,,
1,1,,0.050089,0.291484,0.091154,0.137667,0.042344,0.094995,0.013465,0.067808,0.079399,0.131596,,3261000,,
1,1,,0.060813,0.313434,0.069702,0.133758,0.05204,0.115277,0.021378,0.064266,0.05497,0.114362,,2350500,,
1,1,,0.015715,0.159323,0.101478,0.143929,0.100118,0.117855,0.117238,0.081858,0.053207,0.109278,,2319400,,
1,6,,0.083279,0.154379,0.103237,0.036125,0.077331,0.090883,0.193453,0.064698,0.159821,0.036795,,2551000,,
1,1,,0.070414,0.377009,0.079279,0.030199,0.076836,0.02964,0.06346,0.105366,0.151219,0.016578,,1964000,,
1,1,,0.068645,0.34844,0.063912,0.030802,0.092715,0.085735,0.05987,0.090397,0.137027,0.022457,,2030600,,
1,1,,0.017828,0.353794,0.125542,0.04893,0.090114,0.0667,0.025935,0.123327,0.120101,0.027728,,1934700,,
1,1,,0.048236,0.216756,0.06983,0.12968,0.080145,0.080191,0.032521,0.117511,0.086532,0.138598,,3196100,,
1,1,,0.048583,0.306351,0.056363,0.127142,0.056994,0.098821,0.035901,0.090762,0.068559,0.110523,,2481200,,
1,1,,0.071234,0.202568,0.061317,0.112421,0.198145,0.099781,0.061422,0.041049,0.066535,0.085529,,2715200,,
1,6,,0.069201,0.09955,0.134943,0.039466,0.191268,0.038829,0.210413,0.055092,0.142264,0.018974,,3061200,,
1,1,,0.117116,0.268669,0.089105,0.042228,0.058325,0.032763,0.076077,0.091103,0.181694,0.042919,,2917500,,
1,5,,0.016818,0.110966,0.172393,0.109545,0.050602,0.176225,0.129302,0.044517,0.057049,0.132582,,2561600,,
1,1,,0.094805,0.290565,0.067138,0.124634,0.062436,0.095089,0.032819,0.062918,0.057442,0.112154,,2306600,,
1,1,,0.110359,0.198171,0.046556,0.033066,0.159732,0.039409,0.162791,0.062782,0.15236,0.034775,,2651400,,
1,5,,0.00711,0.162755,0.117483,0.14018,0.08009,0.179688,0.065456,0.058553,0.076888,0.111798,,2863600,,
1,1,,0.020703,0.184239,0.102233,0.174048,0.087388,0.116298,0.032371,0.072327,0.081398,0.128996,,2780200,,
1,9,,0.031766,0.176346,0.073988,0.157223,0.059187,0.113717,0.022627,0.065418,0.045751,0.253977,,3266300,,
1,1,,0.007396,0.239974,0.129795,0.130557,0.08847,0.123004,0.018229,0.068545,0.092095,0.101934,,2064800,,
1,1,,0.041153,0.294447,0.086287,0.139679,0.044679,0.08843,0.023669,0.076667,0.075743,0.129246,,2800600,,
1,1,,0.015303,0.333587,0.086418,0.15634,0.053467,0.129035,0.033889,0.040882,0.028962,0.122116,,2256400,,
1,3,,0.007299,0.106192,0.150289,0.279787,0.071597,0.145585,0.015175,0.055389,0.045209,0.123478,,1957900,,
1,1,,0.012756,0.215161,0.115985,0.155396,0.128388,0.110984,0.03713,0.060069,0.070179,0.093952,,3040000,,
1,0,,0.150943,0.142758,0.103446,0.02657,0.141033,0.071848,0.14066,0.070524,0.12911,0.023108,,2585000,,
1,1,,0.046991,0.280204,0.064129,0.122835,0.132688,0.102412,0.024486,0.068013,0.046557,0.111686,,2429200,,
1,9,,0.055243,0.163946,0.074226,0.131107,0.075205,0.127219,0.051434,0.087181,0.069077,0.165363,,3146200,,
1,1,,0.064387,0.323288,0.075504,0.075089,0.171022,0.053025,0.044192,0.075477,0.097853,0.020163,,2096300,,
1,1,,0.027973,0.223069,0.124187,0.07561,0.085548,0.071273,0.04063,0.152312,0.096297,0.103102,,2519900,,
1,4,,0.017673,0.164131,0.057398,0.145458,0.209458,0.10753,0.050291,0.120367,0.032089,0.095604,,3179800,,
1,6,,0.157771,0.083213,0.038142,0.02043,0.162555,0.102182,0.271519,0.052914,0.085278,0.025995,,2271100,,
1,1,,0.031494,0.225915,0.086983,0.142854,0.078932,0.107308,0.030427,0.06693,0.058253,0.170904,,2447600,,
1,1,,0.034116,0.360835,0.094131,0.046247,0.061103,0.035809,0.078198,0.099423,0.16798,0.022159,,2597500,,
1,1,,0.086904,0.211887,0.07386,0.051273,0.088861,0.025343,0.123087,0.132082,0.163463,0.043239,,3707300,,
1,1,,0.086528,0.300239,0.034085,0.022361,0.150669,0.034498,0.175695,0.076908,0.091703,0.027314,,2516700,,
2,2,,0.007092,0.081411,0.286173,0.206688,0.039353,0.107934,0.036442,0.07695,0.057399,0.100558,,2438400,,
2,2,,0.007451,0.150994,0.246938,0.099374,0.094099,0.093758,0.036665,0.126018,0.068678,0.076024,,2227200,,
2,2,,0.082846,0.065703,0.188619,0.049933,0.100646,0.092174,0.174464,0.040982,0.165788,0.038846,,2622600,,
2,2,,0.033312,0.072578,0.209306,0.134891,0.055396,0.08356,0.02661,0.199316,0.1017,0.08333,,1999100,,
2,0,,0.302767,0.053567,0.178381,0.050606,0.032972,0.069651,0.114122,0.017079,0.129101,0.051754,,2488200,,
2,2,,0.116427,0.088949,0.24775,0.052832,0.06038,0.066257,0.132631,0.084046,0.093487,0.057242,,2049700,,
2,2,,0.039596,0.113187,0.241294,0.182848,0.036059,0.106462,0.015745,0.07864,0.067759,0.118409,,2815500,,
2,2,,0.05968,0.081404,0.214867,0.16845,0.04478,0.109547,0.024314,0.08591,0.0912,0.119848,,2201000,,
2,2,,0.033059,0.089547,0.283269,0.109742,0.045718,0.09823,0.113489,0.090451,0.064161,0.072334,,2209400,,
2,2,,0.007037,0.118381,0.241918,0.134954,0.044088,0.112582,0.098587,0.062862,0.045382,0.134209,,2295900,,
2,2,,0.00732,0.122822,0.334445,0.058703,0.081935,0.11658,0.091712,0.097922,0.068699,0.019862,,2600700,,
2,2,,0.008704,0.0913,0.247077,0.083284,0.120229,0.119196,0.11857,0.096681,0.076204,0.038755,,2722600,,
2,2,,0.089985,0.06771,0.217198,0.042261,0.062866,0.074602,0.179432,0.033783,0.154305,0.077858,,2027200,,
2,8,,0.021645,0.081113,0.1954,0.057488,0.096368,0.167156,0.050989,0.054332,0.255113,0.020396,,2665200,,
2,6,,0.172826,0.070976,0.138879,0.030248,0.103098,0.062715,0.202406,0.035358,0.14112,0.042374,,2603400,,
2,2,,0.073447,0.053118,0.218176,0.078179,0.046049,0.081417,0.098783,0.077152,0.201303,0.072377,,3034100,,
2,2,,0.011381,0.093424,0.241314,0.170199,0.088884,0.119102,0.038842,0.073197,0.065134,0.098523,,2010700,,
2,6,,0.138481,0.068239,0.116734,0.056506,0.125871,0.049086,0.28272,0.029455,0.089975,0.042934,,2150800,,
2,2,,0.060847,0.09231,0.211408,0.074848,0.090355,0.057623,0.153648,0.085656,0.145347,0.027958,,2033800,,
2,3,,0.044729,0.088476,0.17862,0.192897,0.046017,0.164599,0.01334,0.060567,0.07169,0.139065,,2009200,,
2,9,,0.092099,0.076863,0.127814,0.203733,0.046268,0.084687,0.014263,0.08338,0.057007,0.213884,,3391700,,
2,2,,0.007343,0.121967,0.182666,0.145246,0.036702,0.122971,0.105155,0.095928,0.082834,0.099187,,3026500,,
2,2,,0.020675,0.069421,0.336454,0.059256,0.073264,0.060785,0.109363,0.076335,0.15697,0.037475,,2025200,,
2,8,,0.0657,0.162265,0.142383,0.0815,0.057575,0.052586,0.058254,0.116342,0.217318,0.046075,,2269700,,
2,0,,0.308733,0.038141,0.091438,0.045158,0.066677,0.038216,0.086215,0.08788,0.147868,0.089675,,2963500,,
2,2,,0.007558,0.091899,0.356875,0.042726,0.067009,0.077509,0.115572,0.108934,0.093467,0.038451,,2612900,,
2,2,,0.006742,0.14691,0.228914,0.098148,0.05693,0.129915,0.022634,0.152739,0.070849,0.086219,,2847000,,
2,2,,0.014853,0.058731,0.296077,0.099782,0.075359,0.05284,0.043361,0.0935,0.182771,0.082726,,2478800,,
2,2,,0.008704,0.11615,0.288143,0.100307,0.083775,0.100297,0.067912,0.103712,0.086915,0.044085,,2727700,,
2,8,,0.062576,0.133734,0.149372,0.0996,0.073266,0.055131,0.068211,0.120583,0.197766,0.039762,,2288300,,
2,3,,0.034858,0.083401,0.140508,0.196282,0.083909,0.112962,0.034173,0.080766,0.113292,0.119848,,2449800,,
2,3,,0.013758,0.09986,0.217551,0.218419,0.028475,0.097806,0.023858,0.128002,0.07293,0.099341,,1993900,,
2,2,,0.007451,0.137061,0.175764,0.170184,0.110203,0.123663,0.052787,0.065377,0.060426,0.097085,,2887900,,
2,8,,0.1099,0.070805,0.170027,0.065647,0.077143,0.075109,0.049776,0.094355,0.196194,0.091045,,2731300,,
2,3,,0.04261,0.102626,0.167341,0.176699,0.044222,0.103307,0.019692,0.116286,0.085614,0.141603,,2660700,,
2,2,,0.009487,0.08809,0.238932,0.182663,0.089811,0.081637,0.041826,0.118991,0.100506,0.048056,,2407900,,
2,3,,0.01282,0.089692,0.184787,0.221274,0.029898,0.118292,0.033074,0.109269,0.098065,0.102829,,4050300,,
2,6,,0.116299,0.072696,0.12454,0.02995,0.142704,0.067906,0.274436,0.03431,0.093607,0.043553,,2977400,,
2,2,,0.011413,0.129255,0.255257,0.137453,0.038577,0.085742,0.047107,0.166973,0.082344,0.045878,,3185200,,
2,2,,0.017414,0.121827,0.200795,0.154777,0.054872,0.122902,0.05459,0.083877,0.07169,0.117256,,3968300,,
2,2,,0.009006,0.13088,0.233438,0.062068,0.062332,0.133615,0.139478,0.114263,0.037783,0.077137,,2755300,,
2,3,,0.011999,0.107966,0.162169,0.175773,0.032322,0.130018,0.09719,0.077888,0.09671,0.107965,,2703200,,
2,9,,0.062073,0.07852,0.174375,0.181568,0.036532,0.113953,0.043447,0.055722,0.0459,0.207909,,2001500,,
2,2,,0.03489,0.100066,0.225452,0.117627,0.069689,0.069889,0.048499,0.153638,0.080914,0.099338,,3855900,,
2,2,,0.006392,0.076491,0.257792,0.109087,0.047984,0.103681,0.132919,0.124709,0.087701,0.053245,,2042500,,
2,2,,0.037184,0.074387,0.244037,0.107386,0.040859,0.117679,0.021358,0.157623,0.124829,0.074659,,3685100,,
2,2,,0.011381,0.097854,0.243829,0.153972,0.062163,0.108263,0.026696,0.124372,0.067831,0.103639,,2375000,,
2,2,,0.043127,0.104705,0.275587,0.097376,0.064701,0.057703,0.042424,0.1483,0.108916,0.057162,,2604600,,
2,2,,0.012655,0.184468,0.24911,0.064244,0.040947,0.092637,0.096759,0.073425,0.156992,0.028762,,1988400,,
2,2,,0.006392,0.065609,0.358857,0.057151,0.070334,0.065027,0.092337,0.104193,0.11487,0.06523,,2246000,,
2,8,,0.166038,0.099702,0.13105,0.091387,0.069545,0.054218,0.11454,0.05111,0.172187,0.050223,,2403500,,
2,2,,0.010859,0.064165,0.302008,0.073582,0.045502,0.060857,0.134516,0.08487,0.178643,0.044997,,2151600,,
2,2,,0.010674,0.104707,0.253985,0.193184,0.049832,0.124176,0.033908,0.060431,0.060924,0.108178,,2762900,,
2,9,,0.027657,0.091958,0.204372,0.134177,0.065954,0.088224,0.017507,0.078903,0.080132,0.211117,,2337800,,
2,8,,0.087211,0.090742,0.145561,0.052962,0.111852,0.045911,0.147599,0.060922,0.226286,0.030954,,2074800,,
2,2,,0.035155,0.08747,0.222141,0.186898,0.030183,0.08897,0.053846,0.081975,0.086069,0.127292,,2792100,,
2,6,,0.167001,0.069301,0.145837,0.041885,0.077389,0.083305,0.216989,0.032087,0.128381,0.037825,,2291400,,
2,3,,0.03584,0.092516,0.175711,0.203164,0.041573,0.121687,0.02334,0.090261,0.065834,0.150074,,2117600,,
2,8,,0.047671,0.132695,0.118667,0.077877,0.034242,0.029396,0.067465,0.074313,0.350144,0.06753,,2083600,,
2,2,,0.008244,0.111303,0.305864,0.124491,0.07402,0.115502,0.019916,0.095357,0.077702,0.067599,,2421400,,
2,2,,0.010871,0.125498,0.328497,0.082268,0.06852,0.081132,0.021139,0.153125,0.060635,0.068315,,3187700,,
2,1,,0.007712,0.199097,0.169306,0.113685,0.121565,0.110451,0.040553,0.104914,0.077135,0.055582,,2308000,,
2,2,,0.007226,0.108194,0.299468,0.080735,0.13135,0.082479,0.164287,0.040999,0.049567,0.035695,,2765300,,
2,5,,0.006309,0.144654,0.191973,0.11323,0.031704,0.195541,0.086854,0.045455,0.09238,0.091899,,2557500,,
2,2,,0.113816,0.070522,0.245494,0.042681,0.09424,0.061338,0.137258,0.053664,0.131642,0.049344,,2724300,,
2,2,,0.007961,0.095618,0.261433,0.129074,0.083301,0.091969,0.061218,0.138462,0.083219,0.047745,,2692500,,
2,3,,0.028716,0.082761,0.227125,0.260438,0.060309,0.10768,0.012927,0.045761,0.044017,0.130267,,3065200,,
2,2,,0.006506,0.138253,0.270457,0.068667,0.050284,0.110878,0.102021,0.108386,0.055595,0.088955,,3389900,,
2,2,,0.028885,0.136036,0.19442,0.064296,0.089167,0.119909,0.139275,0.103699,0.088058,0.036254,,2634900,,
2,8,,0.133042,0.073481,0.169896,0.100827,0.10837,0.031011,0.076132,0.085709,0.174847,0.046685,,2324500,,
2,2,,0.035512,0.105003,0.264861,0.088685,0.057425,0.047659,0.029137,0.187585,0.123427,0.060708,,2545100,,
2,2,,0.048312,0.108521,0.207153,0.075884,0.080591,0.112263,0.036541,0.117788,0.125104,0.087843,,3251800,,
2,8,,0.077087,0.073382,0.198857,0.127908,0.071594,0.062623,0.075211,0.070406,0.200786,0.042146,,2377500,,
2,2,,0.129201,0.070728,0.216701,0.117542,0.072998,0.052557,0.047079,0.056561,0.138734,0.097899,,2635300,,
2,2,,0.114761,0.09665,0.173376,0.047264,0.137441,0.1201,0.065416,0.058198,0.149774,0.03702,,2283200,,
2,8,,0.099265,0.06756,0.160411,0.080766,0.074071,0.03107,0.16859,0.089492,0.206616,0.022158,,3000600,,
2,8,,0.059349,0.10025,0.128465,0.121215,0.030067,0.057026,0.0497,0.075572,0.309997,0.06836,,2473400,,
2,9,,0.051682,0.081046,0.102709,0.152043,0.063705,0.134137,0.017916,0.082999,0.080321,0.233442,,2441300,,
2,2,,0.00696,0.114239,0.331084,0.06884,0.044632,0.0789,0.095615,0.112203,0.078791,0.068734,,2448700,,
2,3,,0.006309,0.101773,0.165016,0.170426,0.042201,0.123994,0.114793,0.103256,0.060563,0.11167,,3176300,,
2,7,,0.022114,0.115579,0.146241,0.149247,0.037544,0.094657,0.041573,0.152432,0.093286,0.147328,,2371900,,
2,2,,0.030238,0.081975,0.211304,0.173499,0.060749,0.070328,0.019386,0.126358,0.098275,0.127889,,2353100,,
2,2,,0.165855,0.091031,0.210083,0.051663,0.075899,0.107067,0.101267,0.073106,0.098741,0.025289,,2741300,,
2,8,,0.076829,0.099582,0.169247,0.070181,0.073489,0.046875,0.073563,0.139117,0.229047,0.02207,,2479600,,
2,2,,0.014883,0.113943,0.310503,0.076984,0.088128,0.038911,0.072606,0.082572,0.140437,0.061033,,2374300,,
2,2,,0.024381,0.103724,0.297354,0.113147,0.126112,0.038077,0.019212,0.161216,0.083022,0.033755,,2305300,,
2,9,,0.084801,0.076467,0.057184,0.145325,0.044324,0.123346,0.013832,0.07901,0.048252,0.327459,,3162300,,
2,8,,0.073077,0.10159,0.087843,0.123298,0.051477,0.056198,0.189367,0.095617,0.190148,0.031384,,3328300,,
2,2,,0.015674,0.131994,0.195974,0.171926,0.063489,0.107268,0.033551,0.101248,0.074586,0.104289,,2230800,,
2,2,,0.006545,0.105399,0.186321,0.182566,0.048536,0.168719,0.03028,0.101368,0.065793,0.104474,,3373300,,
2,6,,0.16468,0.070579,0.103928,0.022388,0.148996,0.060669,0.283065,0.024434,0.084783,0.036478,,2337100,,
2,8,,0.087575,0.093168,0.100051,0.091857,0.11674,0.136244,0.109239,0.05891,0.182052,0.024164,,3873500,,
2,2,,0.006506,0.123459,0.300165,0.074089,0.048477,0.089886,0.100933,0.144605,0.042971,0.06891,,2771000,,
2,7,,0.0378,0.086247,0.158884,0.13914,0.043768,0.104348,0.030278,0.18862,0.085403,0.125513,,3464600,,
2,4,,0.098232,0.089389,0.087088,0.043499,0.193842,0.029858,0.160009,0.086499,0.124285,0.087299,,2375700,,
2,2,,0.011774,0.081876,0.219941,0.178901,0.037283,0.092565,0.048658,0.160217,0.071248,0.097539,,2330100,,
2,9,,0.040321,0.088102,0.18628,0.141952,0.050239,0.099587,0.021503,0.082399,0.078363,0.211253,,3113600,,
2,3,,0.010841,0.091967,0.160264,0.185877,0.062452,0.117936,0.037366,0.138126,0.085374,0.109797,,2314500,,
2,2,,0.036552,0.093238,0.198309,0.116193,0.053506,0.140615,0.111861,0.054441,0.064038,0.131246,,2396600,,
2,2,,0.009508,0.126949,0.240946,0.16276,0.096473,0.098667,0.022371,0.117989,0.079211,0.045125,,2729500,,
2,2,,0.043897,0.09331,0.165396,0.16237,0.047173,0.114599,0.04937,0.082645,0.103083,0.138158,,2985800,,
2,2,,0.006742,0.11124,0.313907,0.128551,0.05434,0.094293,0.022182,0.1438,0.048855,0.076088,,2318900,,
2,6,,0.090346,0.076579,0.173246,0.082682,0.061513,0.049023,0.205107,0.03736,0.200185,0.023959,,2333400,,
2,2,,0.010841,0.09529,0.207058,0.156756,0.075718,0.089026,0.038161,0.130838,0.092849,0.103464,,2755700,,
2,2,,0.007037,0.086114,0.24232,0.118241,0.051353,0.110617,0.082013,0.102909,0.061185,0.138209,,2978600,,
2,2,,0.011413,0.14778,0.254342,0.127389,0.040033,0.09262,0.020494,0.160224,0.061079,0.084627,,2509700,,
2,2,,0.018345,0.17319,0.247729,0.07178,0.060419,0.085987,0.043604,0.113031,0.140595,0.045319,,2462400,,
2,2,,0.081438,0.055279,0.316743,0.056362,0.031032,0.079808,0.098441,0.028981,0.188947,0.062968,,3348900,,
2,3,,0.006309,0.094549,0.211439,0.230939,0.032275,0.113614,0.101118,0.051676,0.062478,0.095604,,2595000,,
2,9,,0.08921,0.084216,0.071991,0.187968,0.052739,0.120414,0.028907,0.075539,0.057902,0.231113,,2792500,,
2,2,,0.107725,0.130479,0.200335,0.076696,0.097916,0.103204,0.045719,0.079536,0.119931,0.038459,,2763900,,
2,2,,0.013259,0.213647,0.251671,0.091505,0.105507,0.059768,0.025773,0.1021,0.083598,0.053173,,2998100,,
3,2,,0.081769,0.135136,0.199213,0.127402,0.062971,0.032166,0.041972,0.062379,0.17531,0.081682,,3283200,,
3,3,,0.032724,0.090593,0.15419,0.17644,0.050879,0.108175,0.020657,0.14698,0.095877,0.123485,,2494300,,
3,3,,0.007422,0.12783,0.121768,0.2205,0.076599,0.148827,0.04317,0.057797,0.070408,0.125679,,3183500,,
3,3,,0.032974,0.091341,0.154361,0.191132,0.052516,0.084217,0.020809,0.173825,0.092669,0.106156,,2717200,,
3,8,,0.160109,0.091956,0.099545,0.126422,0.041917,0.096782,0.034801,0.045249,0.204102,0.099118,,3327100,,
3,3,,0.037116,0.11275,0.135037,0.186677,0.039242,0.087444,0.02878,0.177129,0.10836,0.087465,,2750300,,
3,3,,0.006476,0.097311,0.170134,0.172972,0.067492,0.12403,0.064997,0.129741,0.064469,0.102377,,3425700,,
3,9,,0.02325,0.081516,0.066274,0.215308,0.032912,0.111026,0.028002,0.077697,0.048702,0.315313,,2582200,,
3,3,,0.040168,0.089835,0.092028,0.369509,0.050676,0.102359,0.015924,0.053715,0.038116,0.14767,,2397000,,
3,2,,0.018523,0.078832,0.187395,0.144949,0.051837,0.132391,0.09621,0.120523,0.082679,0.086663,,3130600,,
3,9,,0.046841,0.072332,0.138637,0.17191,0.078843,0.063982,0.016064,0.131715,0.090233,0.189442,,2282600,,
3,2,,0.00634,0.09949,0.172285,0.151994,0.067086,0.111355,0.125382,0.109183,0.06441,0.092475,,2438100,,
3,3,,0.00634,0.07807,0.176144,0.211038,0.038835,0.122883,0.100513,0.057892,0.073484,0.134801,,2425600,,
3,3,,0.032343,0.076298,0.101779,0.3113,0.034812,0.112827,0.020525,0.081026,0.085982,0.143108,,3208000,,
3,3,,0.014992,0.126387,0.107836,0.266826,0.030493,0.138222,0.015092,0.074141,0.041018,0.184993,,2561000,,
3,2,,0.011004,0.0905,0.28261,0.131977,0.065596,0.11071,0.012118,0.11936,0.044107,0.132018,,2292000,,
3,3,,0.023416,0.083936,0.087002,0.248662,0.036067,0.121293,0.013247,0.085908,0.054478,0.24599,,3581000,,
3,3,,0.027798,0.080712,0.091366,0.301283,0.045383,0.105279,0.012205,0.063943,0.056588,0.215442,,2380400,,
3,3,,0.019222,0.08622,0.105226,0.260867,0.065563,0.111986,0.042573,0.115451,0.06717,0.125721,,2486700,,
3,3,,0.047121,0.092705,0.150495,0.192398,0.038039,0.109398,0.030741,0.087372,0.102199,0.149534,,2534600,,
3,3,,0.034851,0.125504,0.091534,0.247753,0.056499,0.098665,0.050509,0.071056,0.090076,0.133552,,3002300,,
3,3,,0.016586,0.088533,0.085075,0.302984,0.049025,0.102957,0.044176,0.108621,0.073159,0.128885,,2012000,,
3,3,,0.03603,0.114464,0.131236,0.244377,0.027992,0.110647,0.020129,0.067201,0.105076,0.142847,,2135300,,
3,3,,0.010885,0.139594,0.113869,0.225255,0.075721,0.119082,0.018139,0.086709,0.075204,0.135543,,2418900,,
3,3,,0.03395,0.122323,0.12604,0.152298,0.045149,0.084798,0.031383,0.152284,0.099942,0.151831,,2683200,,
3,9,,0.042628,0.07515,0.107717,0.167848,0.069296,0.181429,0.012954,0.085059,0.059319,0.198599,,2558100,,
3,3,,0.037644,0.079588,0.115454,0.297554,0.027342,0.100951,0.022795,0.069338,0.065337,0.183998,,3057800,,
3,3,,0.011008,0.090196,0.190692,0.244033,0.053669,0.134599,0.034949,0.065021,0.053508,0.122324,,2042200,,
3,3,,0.047121,0.105037,0.087952,0.218573,0.03005,0.098536,0.018023,0.148951,0.092552,0.153204,,3236500,,
3,3,,0.007285,0.10049,0.126192,0.255887,0.070788,0.131353,0.030151,0.068246,0.071208,0.1384,,2387300,,
3,3,,0.021948,0.096186,0.08448,0.29173,0.026974,0.114427,0.014795,0.067079,0.055074,0.227307,,2524100,,
3,3,,0.040736,0.094081,0.101925,0.232343,0.034193,0.104484,0.026177,0.131332,0.09751,0.137219,,2597400,,
3,7,,0.038972,0.084538,0.187755,0.074012,0.072658,0.05377,0.023408,0.248104,0.144303,0.072481,,3095800,,
3,7,,0.038805,0.082044,0.132777,0.147739,0.064395,0.126791,0.03282,0.17777,0.075318,0.121541,,2019600,,
3,3,,0.032249,0.079181,0.119979,0.24623,0.056291,0.121612,0.01223,0.070281,0.078327,0.18362,,2222900,,
3,2,,0.016009,0.082937,0.253712,0.130108,0.052705,0.095914,0.086626,0.101617,0.049054,0.131318,,2313400,,
3,3,,0.051565,0.108657,0.076393,0.220588,0.037673,0.116905,0.035562,0.112238,0.100467,0.139952,,3578600,,
3,3,,0.011004,0.105963,0.124322,0.306058,0.075637,0.121486,0.013779,0.052957,0.035135,0.153659,,2259300,,
3,3,,0.043047,0.077806,0.164687,0.184316,0.057103,0.060022,0.027948,0.114735,0.147636,0.122699,,2256500,,
3,3,,0.033097,0.082437,0.094021,0.271544,0.041755,0.102016,0.028861,0.133478,0.079124,0.133666,,2952700,,
