optdigits,CWE,test,0,NANOSECONDS,PREDICTIONS, Generated by ClassifierExperiments.java on 2022-05-15 21:41:31.    SYSTEMPROPERTIES:{user.name:matth,os.arch:amd64,os.name:Windows 10},ENDSYSTEMPROPERTIES
No parameter info
0.7404782993799823,3430336100,2101439400,-1,100233544,10,,-1,-1
0,0,,0.403638,0.048152,0.024276,0.016208,0.131324,0.024278,0.171396,0.043219,0.085327,0.052183,,2178300,,
0,0,,0.350063,0.054819,0.026632,0.010833,0.160951,0.018567,0.189149,0.054318,0.078272,0.056396,,2015800,,
0,0,,0.230393,0.048413,0.024208,0.054264,0.224819,0.023157,0.229573,0.036132,0.103293,0.025747,,1985100,,
0,0,,0.372513,0.039767,0.069236,0.01411,0.101879,0.028186,0.092207,0.06995,0.165358,0.046793,,2038000,,
0,0,,0.236206,0.150976,0.099882,0.065913,0.114539,0.099493,0.015003,0.110231,0.066647,0.04111,,2001500,,
0,0,,0.227498,0.059704,0.024959,0.011397,0.210264,0.027141,0.203578,0.053824,0.101298,0.080337,,1991200,,
0,0,,0.436782,0.06619,0.038869,0.015257,0.091991,0.017322,0.055698,0.097309,0.132907,0.047675,,1964000,,
0,0,,0.636289,0.029283,0.025545,0.025469,0.074525,0.015874,0.033971,0.041332,0.060127,0.057586,,1908400,,
0,0,,0.214133,0.09904,0.137512,0.088866,0.130414,0.106084,0.013434,0.12311,0.047249,0.040158,,1895500,,
0,0,,0.283959,0.048171,0.028558,0.019548,0.163227,0.024329,0.193385,0.070256,0.109848,0.058719,,1880600,,
0,0,,0.334973,0.07812,0.055361,0.006404,0.100426,0.017933,0.072688,0.127554,0.150856,0.055686,,1874600,,
0,0,,0.344463,0.039773,0.024053,0.020416,0.157833,0.015859,0.192611,0.050518,0.108885,0.04559,,1875500,,
0,0,,0.32174,0.063562,0.033102,0.01505,0.222794,0.01854,0.181198,0.046178,0.063438,0.034398,,1878000,,
0,0,,0.348186,0.045256,0.023284,0.021217,0.152745,0.015024,0.186067,0.04792,0.109691,0.050609,,1874600,,
0,0,,0.36392,0.039179,0.01949,0.01518,0.162847,0.017143,0.194346,0.052797,0.082511,0.052587,,1874600,,
0,0,,0.361192,0.046981,0.024782,0.014832,0.11938,0.014071,0.10482,0.066901,0.184477,0.062565,,1874500,,
0,0,,0.309429,0.050484,0.024907,0.015686,0.170238,0.017077,0.188319,0.056519,0.088451,0.07889,,1906300,,
0,0,,0.413127,0.052077,0.025,0.021494,0.06565,0.017078,0.109896,0.04782,0.169956,0.0779,,1860100,,
0,0,,0.318339,0.057908,0.029232,0.027757,0.198079,0.018648,0.132533,0.081663,0.119656,0.016186,,1839600,,
0,0,,0.434237,0.045565,0.028787,0.019056,0.079301,0.014064,0.106613,0.045173,0.18035,0.046855,,1836300,,
0,6,,0.189647,0.044294,0.099017,0.065898,0.153661,0.031186,0.195205,0.04743,0.10559,0.068072,,1904500,,
0,0,,0.511585,0.036701,0.033312,0.013813,0.094475,0.019358,0.050174,0.06383,0.109247,0.067506,,1849300,,
0,0,,0.3963,0.079153,0.037661,0.016572,0.078879,0.043404,0.051487,0.104387,0.143226,0.048931,,1834500,,
0,0,,0.415261,0.052401,0.026867,0.014855,0.066171,0.01082,0.104907,0.04416,0.192323,0.072234,,1838900,,
0,0,,0.392186,0.038131,0.027018,0.017752,0.135526,0.014755,0.171377,0.050855,0.102164,0.050236,,1840400,,
0,0,,0.322661,0.083424,0.102386,0.023471,0.070742,0.057578,0.038238,0.143546,0.110835,0.047119,,1828700,,
0,0,,0.463661,0.028443,0.041388,0.030182,0.105889,0.025384,0.066976,0.069306,0.134061,0.034711,,1822300,,
0,0,,0.299184,0.041588,0.023573,0.017108,0.215771,0.014031,0.181383,0.079191,0.076442,0.051728,,1828800,,
0,0,,0.432552,0.042156,0.036022,0.011696,0.101707,0.012278,0.139961,0.053582,0.130234,0.039812,,1830100,,
0,0,,0.408964,0.02455,0.075771,0.013263,0.077548,0.022131,0.090277,0.066241,0.170452,0.050802,,1827700,,
0,0,,0.392999,0.060349,0.029181,0.012493,0.082495,0.016903,0.152065,0.043918,0.164331,0.045267,,1819800,,
0,0,,0.448026,0.033099,0.039472,0.013809,0.152218,0.019601,0.05061,0.095873,0.120532,0.026761,,1830000,,
0,0,,0.409134,0.046156,0.057538,0.018105,0.095191,0.012729,0.122364,0.052648,0.140386,0.045749,,1824100,,
0,0,,0.400741,0.045086,0.029114,0.019573,0.178311,0.023887,0.056972,0.095039,0.117691,0.033586,,1847700,,
0,0,,0.324472,0.043428,0.049508,0.014248,0.165918,0.017636,0.180935,0.058713,0.094229,0.050912,,1825800,,
0,0,,0.478552,0.043238,0.03322,0.018494,0.098445,0.022776,0.051853,0.068534,0.11835,0.066538,,1824000,,
0,0,,0.406662,0.044277,0.024546,0.018901,0.079476,0.015957,0.104437,0.047668,0.215099,0.042976,,1830300,,
0,0,,0.306213,0.063386,0.052683,0.009395,0.10801,0.021713,0.141205,0.05772,0.145672,0.094003,,1820200,,
0,0,,0.414901,0.051089,0.032192,0.014627,0.0989,0.01307,0.120171,0.053125,0.139377,0.062546,,1835500,,
0,0,,0.302129,0.078693,0.119971,0.027145,0.080863,0.097936,0.035093,0.09862,0.116873,0.042678,,1827200,,
0,0,,0.376349,0.059379,0.031806,0.014605,0.085235,0.021508,0.118756,0.051187,0.14067,0.100505,,1820800,,
0,0,,0.387419,0.053519,0.024723,0.008902,0.138418,0.014801,0.171389,0.061692,0.085682,0.053456,,1823600,,
0,0,,0.444855,0.036907,0.038975,0.014233,0.095931,0.036766,0.058876,0.064603,0.148879,0.059976,,1827400,,
0,0,,0.452429,0.046252,0.025592,0.019524,0.078956,0.015585,0.119612,0.053162,0.140668,0.048219,,1826200,,
0,0,,0.446803,0.047922,0.04274,0.013906,0.105918,0.030241,0.063675,0.077481,0.126123,0.045192,,1826500,,
0,6,,0.214944,0.054702,0.047499,0.011666,0.200484,0.022331,0.223267,0.063674,0.088651,0.072781,,1834900,,
0,0,,0.634089,0.026184,0.036346,0.02196,0.069201,0.024813,0.047323,0.036815,0.050764,0.052506,,1832300,,
0,0,,0.349155,0.046713,0.02303,0.015751,0.180442,0.009767,0.171199,0.083292,0.0738,0.046849,,1828300,,
0,0,,0.377551,0.047295,0.039419,0.011499,0.112013,0.02565,0.137763,0.053146,0.139792,0.055871,,1824400,,
0,0,,0.37501,0.037713,0.037548,0.048766,0.067338,0.022019,0.148632,0.044885,0.189404,0.028685,,1858200,,
0,0,,0.412749,0.058124,0.0358,0.016439,0.100573,0.034046,0.058075,0.077598,0.126705,0.079889,,1839100,,
0,0,,0.336537,0.095153,0.103806,0.023897,0.067004,0.065966,0.032039,0.124988,0.103969,0.04664,,1843200,,
0,0,,0.420171,0.032201,0.068528,0.01377,0.077486,0.029596,0.092031,0.074103,0.147397,0.044717,,1842700,,
0,0,,0.393533,0.032033,0.029381,0.019683,0.106098,0.013778,0.116942,0.068953,0.169747,0.049851,,1846800,,
0,0,,0.45311,0.039418,0.029996,0.029649,0.059052,0.01295,0.107324,0.041934,0.1745,0.052067,,1845200,,
0,0,,0.60347,0.016327,0.025245,0.020646,0.049155,0.014505,0.058398,0.096063,0.057938,0.058252,,1856400,,
0,0,,0.398861,0.050773,0.039094,0.018348,0.079345,0.031183,0.12303,0.069221,0.142319,0.047825,,1843700,,
0,0,,0.407633,0.051375,0.032962,0.018824,0.098637,0.020455,0.127522,0.04746,0.150556,0.044576,,1849300,,
0,0,,0.20916,0.053181,0.028148,0.051922,0.143767,0.044614,0.176641,0.079574,0.105208,0.107784,,1845200,,
0,0,,0.444891,0.073761,0.041033,0.014677,0.087968,0.032215,0.064165,0.057477,0.121499,0.062314,,1845000,,
0,0,,0.417278,0.040378,0.060096,0.013284,0.072242,0.014488,0.129529,0.054001,0.153106,0.045599,,1840000,,
0,0,,0.385955,0.077459,0.041089,0.015488,0.076675,0.026788,0.080644,0.115343,0.132343,0.048219,,1843100,,
0,0,,0.297674,0.049512,0.044629,0.012527,0.172885,0.020916,0.212895,0.063738,0.07132,0.053903,,1843300,,
0,0,,0.407582,0.04021,0.022464,0.011815,0.124298,0.01506,0.168454,0.040354,0.089848,0.079915,,1843100,,
0,0,,0.56297,0.022883,0.027994,0.026563,0.064595,0.024395,0.084377,0.053034,0.060159,0.073031,,1848700,,
0,0,,0.387599,0.042682,0.025418,0.013893,0.148736,0.017042,0.178546,0.045496,0.092571,0.048017,,1861000,,
0,0,,0.515373,0.039063,0.036056,0.014879,0.083104,0.023026,0.054867,0.053577,0.125153,0.054903,,1845900,,
0,0,,0.482414,0.035576,0.030624,0.01573,0.106721,0.030239,0.059005,0.066597,0.130632,0.042461,,1843300,,
0,0,,0.384863,0.039914,0.024973,0.016971,0.137215,0.014375,0.188645,0.043228,0.1051,0.044716,,1842700,,
0,0,,0.378437,0.043024,0.020082,0.018644,0.162857,0.010011,0.187424,0.05433,0.076831,0.048359,,1846800,,
0,0,,0.515743,0.035155,0.023806,0.018961,0.088225,0.02125,0.068336,0.073203,0.072328,0.082993,,1844400,,
0,0,,0.61896,0.02877,0.035363,0.024451,0.057652,0.021261,0.042394,0.053976,0.067828,0.049345,,1841200,,
0,0,,0.406181,0.077506,0.051771,0.016947,0.064875,0.05446,0.050079,0.092673,0.122572,0.062938,,1847000,,
0,0,,0.299033,0.048117,0.034134,0.012618,0.161695,0.027617,0.180813,0.055573,0.078434,0.101966,,1847700,,
0,0,,0.374762,0.047833,0.053536,0.013385,0.094186,0.021163,0.140952,0.053862,0.146214,0.054107,,1841800,,
0,0,,0.5039,0.035002,0.033318,0.014285,0.09675,0.022378,0.050174,0.074095,0.121634,0.048463,,1844000,,
0,0,,0.300941,0.037603,0.037291,0.018519,0.103983,0.02405,0.171313,0.060878,0.199066,0.046356,,1847600,,
0,0,,0.415442,0.041939,0.026039,0.015817,0.077836,0.012936,0.105803,0.046566,0.215394,0.042229,,1845800,,
0,0,,0.513018,0.039034,0.028509,0.011154,0.094972,0.019424,0.055237,0.063704,0.107502,0.067445,,1845100,,
0,0,,0.631512,0.026283,0.030586,0.022521,0.051895,0.017599,0.046265,0.047863,0.068426,0.05705,,1843800,,
0,0,,0.555968,0.03564,0.034364,0.015367,0.070185,0.018931,0.060874,0.062982,0.062781,0.082909,,1839400,,
0,0,,0.316824,0.038336,0.042778,0.012089,0.164841,0.015609,0.19922,0.060993,0.101449,0.047861,,1854600,,
0,0,,0.418393,0.039416,0.035042,0.020305,0.054226,0.016316,0.119036,0.031014,0.214818,0.051434,,1864000,,
0,0,,0.322911,0.049186,0.020925,0.016884,0.147505,0.022707,0.206248,0.049222,0.095676,0.068736,,1844000,,
0,0,,0.680119,0.021517,0.02753,0.023539,0.055106,0.018254,0.035834,0.044005,0.047821,0.046275,,1844300,,
0,0,,0.363134,0.043743,0.026723,0.011445,0.155729,0.014472,0.188121,0.05135,0.082826,0.062457,,1846000,,
0,0,,0.394706,0.046687,0.063935,0.007212,0.087379,0.058379,0.103837,0.046721,0.144502,0.046641,,1847300,,
0,0,,0.436637,0.03283,0.056947,0.019788,0.078641,0.023633,0.090773,0.063247,0.154532,0.042973,,1843000,,
0,0,,0.437623,0.048488,0.053306,0.018607,0.053338,0.01623,0.121866,0.028817,0.171337,0.050387,,1836100,,
0,0,,0.406745,0.041078,0.069873,0.016228,0.071998,0.034414,0.111282,0.067381,0.132345,0.048654,,1844600,,
0,0,,0.357025,0.045891,0.034606,0.009826,0.158772,0.017271,0.180583,0.048407,0.114623,0.032996,,2002900,,
0,0,,0.481723,0.030184,0.026635,0.026155,0.066771,0.007848,0.103198,0.044553,0.167327,0.045607,,1846100,,
0,0,,0.330183,0.049525,0.023957,0.075902,0.152506,0.018395,0.192784,0.046692,0.083004,0.027052,,1843800,,
0,0,,0.405835,0.042499,0.033371,0.013856,0.073454,0.033245,0.109892,0.043718,0.193795,0.050334,,1844200,,
0,0,,0.638135,0.015614,0.03683,0.023197,0.075552,0.016328,0.045397,0.054094,0.058924,0.03593,,1840300,,
0,0,,0.478403,0.035575,0.036183,0.023136,0.101293,0.028215,0.04946,0.069822,0.125,0.052913,,1844300,,
0,0,,0.25524,0.036927,0.040741,0.012239,0.223231,0.017896,0.223312,0.071197,0.086786,0.032431,,1839900,,
0,0,,0.386213,0.041486,0.035506,0.013428,0.132704,0.021912,0.082937,0.073962,0.171079,0.040774,,1834600,,
0,0,,0.393512,0.078521,0.036923,0.020202,0.08912,0.027395,0.057025,0.111879,0.128344,0.05708,,1856100,,
0,0,,0.429487,0.094757,0.040549,0.017852,0.074579,0.050426,0.018551,0.06345,0.164513,0.045835,,1852400,,
0,0,,0.325059,0.050621,0.034993,0.012003,0.180796,0.015333,0.198544,0.059058,0.074233,0.049361,,1842200,,
0,0,,0.405482,0.034317,0.024497,0.017169,0.137173,0.013008,0.175774,0.045148,0.09932,0.048111,,1841100,,
0,0,,0.631928,0.018789,0.042701,0.033511,0.051841,0.014408,0.034141,0.046482,0.081929,0.044269,,1841600,,
0,0,,0.280616,0.04985,0.04627,0.010777,0.153905,0.031753,0.192468,0.075806,0.089912,0.068643,,1845000,,
0,0,,0.440651,0.032006,0.031707,0.018286,0.113789,0.021337,0.071806,0.111277,0.118005,0.041137,,1844900,,
0,0,,0.387475,0.026531,0.057782,0.033876,0.112951,0.02209,0.050745,0.197749,0.062217,0.048583,,1839300,,
0,0,,0.346941,0.038444,0.020875,0.011449,0.214552,0.013421,0.181914,0.069228,0.077022,0.026153,,1841000,,
0,0,,0.454726,0.037489,0.045347,0.031752,0.10557,0.035292,0.055608,0.064821,0.117458,0.051936,,1840000,,
0,0,,0.395103,0.099471,0.089603,0.032156,0.064549,0.04749,0.036006,0.097986,0.094736,0.0429,,1841100,,
0,0,,0.382259,0.043888,0.05013,0.020916,0.139082,0.017139,0.176251,0.045463,0.074418,0.050455,,1843100,,
0,0,,0.372384,0.037447,0.020788,0.013248,0.159349,0.012309,0.193522,0.050326,0.097082,0.043545,,1844500,,
1,1,,0.05118,0.324217,0.094999,0.055917,0.079392,0.059307,0.045901,0.143377,0.125573,0.020137,,1846300,,
1,1,,0.017107,0.297493,0.081353,0.150043,0.029707,0.110911,0.012088,0.078434,0.065613,0.157251,,1844700,,
1,1,,0.115276,0.220679,0.078198,0.041674,0.064544,0.02064,0.150281,0.089298,0.199355,0.020053,,1838000,,
1,9,,0.009196,0.20134,0.074776,0.16749,0.039478,0.13224,0.053615,0.057495,0.040741,0.223628,,1863900,,
1,3,,0.016289,0.15643,0.105245,0.207854,0.032655,0.111861,0.015172,0.104102,0.089229,0.161163,,1843200,,
1,6,,0.08233,0.096382,0.089834,0.051358,0.170654,0.069361,0.308402,0.035277,0.083208,0.013193,,1886000,,
1,1,,0.015852,0.292777,0.071933,0.148939,0.04288,0.098574,0.008782,0.130565,0.065801,0.123897,,1867000,,
1,8,,0.200035,0.207658,0.053286,0.032246,0.081455,0.017241,0.113676,0.057739,0.213446,0.023219,,1843400,,
1,1,,0.033884,0.299877,0.067558,0.156245,0.060673,0.106336,0.015533,0.066913,0.057673,0.135308,,1843800,,
1,1,,0.094436,0.262207,0.039654,0.023093,0.186799,0.015782,0.214656,0.035572,0.119462,0.008338,,1840200,,
1,1,,0.019186,0.322194,0.128305,0.092704,0.102465,0.058983,0.010293,0.114247,0.091549,0.060075,,1842800,,
1,1,,0.076691,0.244685,0.047968,0.022538,0.209658,0.073121,0.211407,0.028423,0.075381,0.010129,,1846300,,
1,1,,0.042445,0.208179,0.121925,0.153186,0.052215,0.139797,0.033255,0.084919,0.047339,0.116739,,1843500,,
1,1,,0.016229,0.273282,0.088394,0.207105,0.035978,0.126292,0.008068,0.055842,0.044818,0.143994,,1845100,,
1,2,,0.002034,0.163118,0.17391,0.168605,0.04402,0.139612,0.057095,0.063197,0.048231,0.140178,,1845100,,
1,1,,0.003257,0.198316,0.137551,0.141458,0.071779,0.181928,0.033218,0.066955,0.043541,0.121998,,1842600,,
1,1,,0.104164,0.178252,0.107443,0.038029,0.084856,0.039808,0.115524,0.145034,0.164714,0.022176,,1843200,,
1,3,,0.002863,0.161843,0.1222,0.235237,0.049964,0.16746,0.040492,0.044613,0.0402,0.135127,,1844600,,
1,1,,0.022317,0.225199,0.136936,0.066778,0.143199,0.048513,0.028415,0.152055,0.098598,0.077989,,1840100,,
1,1,,0.013512,0.312783,0.083988,0.085694,0.045486,0.065118,0.033951,0.120872,0.180673,0.057922,,1864600,,
1,1,,0.180424,0.201834,0.054865,0.035352,0.11185,0.019952,0.133717,0.046021,0.200873,0.015111,,1842500,,
1,1,,0.003192,0.209334,0.160346,0.148219,0.025089,0.169051,0.056095,0.04939,0.060495,0.118789,,1844800,,
1,1,,0.018514,0.2625,0.086002,0.149181,0.056446,0.112003,0.028863,0.061522,0.053702,0.171266,,1843600,,
1,1,,0.002743,0.25955,0.108048,0.168961,0.085235,0.148609,0.011072,0.060289,0.036483,0.11901,,1843500,,
1,1,,0.115351,0.296469,0.042763,0.023333,0.170655,0.016013,0.190064,0.036203,0.101249,0.007899,,1843000,,
1,1,,0.029482,0.328431,0.105405,0.049091,0.142611,0.047041,0.03785,0.125902,0.082155,0.052034,,1841600,,
1,1,,0.00515,0.312471,0.111089,0.134259,0.041506,0.114799,0.011935,0.08214,0.078434,0.108216,,1843500,,
1,1,,0.163236,0.250639,0.064512,0.056114,0.066319,0.009367,0.103967,0.065463,0.201113,0.019269,,1843300,,
1,1,,0.105232,0.24145,0.055012,0.042839,0.159236,0.009249,0.189819,0.045062,0.129167,0.022934,,1842900,,
1,1,,0.002335,0.264069,0.161794,0.156052,0.07189,0.087964,0.018865,0.106482,0.069144,0.061406,,1845400,,
1,1,,0.108529,0.292613,0.130668,0.048972,0.048831,0.033083,0.066686,0.126488,0.133715,0.010415,,1848600,,
1,9,,0.048985,0.155435,0.067581,0.149431,0.057811,0.109644,0.012835,0.087105,0.031544,0.279629,,1851500,,
1,1,,0.104554,0.170138,0.069771,0.101846,0.103629,0.078737,0.031423,0.097273,0.134474,0.108154,,1850300,,
1,1,,0.010751,0.327524,0.137887,0.119859,0.047937,0.100485,0.017847,0.117729,0.058869,0.061112,,1845100,,
1,1,,0.008049,0.383097,0.123669,0.049794,0.058735,0.075453,0.016008,0.127569,0.052079,0.105547,,1849800,,
1,1,,0.056384,0.286185,0.140251,0.039461,0.198161,0.028709,0.041062,0.089559,0.107625,0.012603,,1878600,,
1,1,,0.05925,0.22694,0.051446,0.145846,0.064289,0.108183,0.020448,0.07097,0.032802,0.219825,,1852400,,
1,1,,0.038517,0.363018,0.197612,0.085244,0.046317,0.031688,0.042346,0.117774,0.060164,0.01732,,1853200,,
1,1,,0.159195,0.253461,0.058872,0.032349,0.075713,0.013069,0.127072,0.072672,0.188268,0.019329,,1844600,,
1,1,,0.065539,0.307787,0.078902,0.085653,0.056423,0.012863,0.01764,0.139363,0.220158,0.015673,,1846000,,
1,2,,0.016501,0.155175,0.181718,0.106313,0.05854,0.096911,0.105143,0.08654,0.169124,0.024035,,1844600,,
1,1,,0.005561,0.276713,0.12443,0.156206,0.063315,0.125843,0.008782,0.066939,0.052254,0.119958,,1842700,,
1,1,,0.004196,0.238678,0.178466,0.109165,0.091898,0.116018,0.021722,0.116518,0.052581,0.070758,,1845600,,
1,1,,0.020482,0.290818,0.165607,0.070461,0.062738,0.066161,0.033318,0.14136,0.094838,0.054217,,1845600,,
1,1,,0.120629,0.296827,0.1334,0.042693,0.041871,0.03322,0.073304,0.131689,0.108249,0.018118,,1849100,,
1,9,,0.089832,0.138911,0.065764,0.138047,0.047904,0.131895,0.020531,0.064709,0.020395,0.282014,,1850400,,
1,9,,0.042409,0.120906,0.103186,0.162259,0.048526,0.095924,0.004218,0.182648,0.053815,0.186109,,1839100,,
1,1,,0.096518,0.293504,0.063031,0.031439,0.079444,0.021146,0.056106,0.152492,0.185206,0.021114,,1844200,,
1,1,,0.106593,0.315429,0.140779,0.030493,0.051407,0.046307,0.032686,0.126795,0.137675,0.011836,,1845500,,
1,1,,0.010932,0.323643,0.072535,0.133972,0.037547,0.114898,0.01272,0.09067,0.0518,0.151282,,1843900,,
1,5,,0.002034,0.165515,0.174824,0.151151,0.036167,0.19313,0.049564,0.058302,0.038427,0.130887,,1846600,,
1,1,,0.010411,0.280291,0.125865,0.103477,0.130677,0.079469,0.010405,0.115173,0.087023,0.05721,,1847700,,
1,8,,0.096225,0.161485,0.122856,0.031902,0.131577,0.033583,0.13467,0.067938,0.206836,0.012926,,1867100,,
1,1,,0.028027,0.275764,0.11929,0.062921,0.127382,0.064379,0.027543,0.126692,0.102779,0.065222,,1841400,,
1,1,,0.046571,0.35387,0.06894,0.029148,0.127713,0.01994,0.045985,0.179354,0.118597,0.009882,,1852000,,
1,2,,0.03683,0.158345,0.164164,0.071268,0.13398,0.068616,0.075738,0.132861,0.090102,0.068096,,1847100,,
1,9,,0.066765,0.200216,0.074782,0.152394,0.058768,0.106622,0.014662,0.065158,0.032314,0.22832,,1847400,,
1,1,,0.002034,0.332043,0.129636,0.130558,0.034786,0.151492,0.031758,0.04914,0.031981,0.106573,,1841500,,
1,1,,0.01361,0.298137,0.157165,0.100223,0.044739,0.08953,0.012718,0.154363,0.085277,0.044238,,1843300,,
1,1,,0.009018,0.228389,0.083488,0.169891,0.03264,0.160773,0.021763,0.089961,0.044437,0.159641,,1842900,,
1,2,,0.002609,0.13129,0.226019,0.103695,0.055617,0.14134,0.023877,0.141006,0.071988,0.102557,,1847500,,
1,7,,0.008099,0.201623,0.120009,0.082125,0.089038,0.067646,0.039337,0.251847,0.102944,0.03733,,1851600,,
1,8,,0.166335,0.13318,0.048086,0.034242,0.118635,0.015842,0.112421,0.129276,0.191308,0.050674,,1840100,,
1,8,,0.15827,0.185892,0.080025,0.027953,0.09209,0.082563,0.118798,0.044467,0.197659,0.012284,,1861700,,
1,2,,0.011277,0.159743,0.311611,0.088464,0.082152,0.055663,0.126536,0.072524,0.069895,0.022134,,1845000,,
1,1,,0.122868,0.264683,0.1261,0.045211,0.058203,0.04865,0.06813,0.118009,0.127215,0.020931,,1857000,,
1,9,,0.053498,0.120643,0.068248,0.171085,0.066467,0.114767,0.007499,0.083916,0.028836,0.28504,,1839100,,
1,0,,0.180574,0.126579,0.088399,0.043148,0.126312,0.042568,0.094669,0.08715,0.176176,0.034424,,1850300,,
1,8,,0.162998,0.177154,0.085505,0.031123,0.126304,0.038395,0.085779,0.088697,0.194959,0.009087,,1862700,,
1,7,,0.005988,0.132198,0.154427,0.092533,0.124725,0.094873,0.041963,0.155392,0.123589,0.074312,,1844000,,
1,3,,0.002382,0.132936,0.087408,0.191097,0.101709,0.167003,0.050993,0.076913,0.048414,0.141146,,1848000,,
1,1,,0.048606,0.219556,0.078103,0.129417,0.082534,0.098256,0.044598,0.071936,0.038694,0.1883,,1857100,,
1,1,,0.093444,0.257949,0.081411,0.035791,0.090428,0.017293,0.133851,0.088748,0.174342,0.026744,,1850500,,
1,1,,0.156141,0.284888,0.06374,0.034803,0.101676,0.026948,0.06937,0.096789,0.154811,0.010833,,1850000,,
1,1,,0.035001,0.256881,0.067361,0.16152,0.056951,0.121239,0.031039,0.062946,0.064683,0.142378,,1841900,,
1,1,,0.00208,0.230145,0.121773,0.196807,0.035884,0.162819,0.026705,0.058838,0.044525,0.120424,,1842200,,
1,5,,0.002034,0.172134,0.149867,0.138647,0.029737,0.180626,0.062575,0.057858,0.056813,0.149709,,1845800,,
1,1,,0.002034,0.197428,0.167226,0.156306,0.031852,0.163077,0.066266,0.048787,0.037038,0.129985,,1846000,,
1,1,,0.12934,0.209999,0.041792,0.035876,0.175021,0.013023,0.190255,0.064398,0.112719,0.027576,,1845900,,
1,0,,0.20228,0.102733,0.116781,0.019827,0.115022,0.07454,0.131872,0.067405,0.144802,0.024738,,1839500,,
1,8,,0.096272,0.110565,0.122098,0.023116,0.141334,0.071538,0.164365,0.079382,0.178356,0.012974,,1844800,,
1,1,,0.015871,0.304038,0.105804,0.179103,0.026219,0.10078,0.013752,0.060819,0.033642,0.159973,,1852100,,
1,1,,0.024426,0.328242,0.100449,0.166524,0.035785,0.098372,0.017626,0.055805,0.040815,0.131956,,1843900,,
1,1,,0.002034,0.183398,0.149094,0.163586,0.058792,0.135805,0.058835,0.074366,0.043411,0.130681,,1838500,,
1,6,,0.103875,0.175672,0.126591,0.025425,0.068484,0.061339,0.190092,0.058602,0.165744,0.024176,,1863800,,
1,1,,0.088586,0.329539,0.095166,0.025522,0.07292,0.027972,0.081994,0.109908,0.15634,0.012054,,1843100,,
1,1,,0.099981,0.298895,0.076706,0.025118,0.081929,0.051201,0.107019,0.096715,0.152411,0.010022,,1841100,,
1,1,,0.019002,0.318055,0.145162,0.062111,0.097396,0.055993,0.010293,0.136619,0.135078,0.020292,,1846700,,
1,1,,0.019439,0.202228,0.063541,0.14617,0.064334,0.098992,0.017926,0.154398,0.068394,0.164578,,1842000,,
1,1,,0.015894,0.298519,0.099088,0.150251,0.025305,0.098466,0.017943,0.090206,0.062439,0.141888,,1848900,,
1,1,,0.018425,0.249945,0.085224,0.163041,0.10996,0.120724,0.040472,0.044979,0.050944,0.116287,,1848500,,
1,6,,0.080596,0.129424,0.060007,0.03234,0.237735,0.03374,0.243046,0.044055,0.128302,0.010755,,1849000,,
1,1,,0.14664,0.237002,0.090739,0.034771,0.061208,0.043098,0.104081,0.070599,0.192357,0.019506,,1851000,,
1,5,,0.012542,0.131381,0.183124,0.128686,0.045336,0.199496,0.087827,0.042284,0.024799,0.144524,,1846400,,
1,1,,0.016126,0.331238,0.077384,0.1554,0.037066,0.102096,0.013647,0.063973,0.061789,0.141282,,1845400,,
1,6,,0.12982,0.192662,0.056353,0.030297,0.155939,0.015706,0.209444,0.046142,0.143193,0.020444,,1845100,,
1,3,,0.004559,0.15622,0.124631,0.194334,0.042964,0.191373,0.046417,0.046569,0.048526,0.144406,,1841400,,
1,1,,0.004456,0.218122,0.101233,0.208334,0.059361,0.12615,0.024536,0.06163,0.059219,0.136959,,1840200,,
1,9,,0.009018,0.192606,0.114416,0.180404,0.054804,0.125937,0.025528,0.0533,0.038249,0.205738,,1848800,,
1,1,,0.003618,0.220519,0.122993,0.176131,0.096473,0.129304,0.010351,0.061212,0.055209,0.12419,,1840300,,
1,1,,0.014724,0.272019,0.091279,0.155343,0.051147,0.106008,0.010293,0.102327,0.050117,0.146742,,1868600,,
1,1,,0.009759,0.314393,0.095187,0.187838,0.034493,0.123659,0.023332,0.049589,0.02683,0.134919,,1844900,,
1,3,,0.002442,0.149372,0.140139,0.263847,0.050017,0.161042,0.019653,0.054065,0.032464,0.126959,,1841800,,
1,1,,0.002619,0.228106,0.122171,0.180879,0.084712,0.130106,0.020223,0.076119,0.039044,0.11602,,1836900,,
1,0,,0.165647,0.160256,0.105266,0.0318,0.111311,0.078979,0.118135,0.062804,0.153174,0.012628,,1841600,,
1,1,,0.027174,0.301035,0.070899,0.143992,0.040148,0.110948,0.021908,0.060435,0.045935,0.177525,,1837700,,
1,1,,0.013911,0.25191,0.085415,0.157712,0.052994,0.10937,0.024088,0.062929,0.064494,0.177178,,1851200,,
1,1,,0.019693,0.354815,0.087668,0.073667,0.166741,0.064941,0.031211,0.092685,0.090003,0.018574,,1848000,,
1,2,,0.027758,0.181212,0.206955,0.084707,0.071727,0.083851,0.015339,0.168818,0.069952,0.089682,,1845900,,
1,1,,0.008338,0.241865,0.074235,0.155753,0.118453,0.128765,0.039387,0.091043,0.031403,0.110758,,1849700,,
1,6,,0.150813,0.079744,0.034219,0.031699,0.206994,0.078491,0.279872,0.044068,0.082432,0.011668,,1844100,,
1,1,,0.009196,0.277033,0.096415,0.150822,0.055877,0.111761,0.023425,0.058233,0.03553,0.181707,,1841100,,
1,1,,0.102027,0.328338,0.076829,0.033393,0.048803,0.036586,0.093308,0.085075,0.182959,0.012682,,1839600,,
1,8,,0.086051,0.181354,0.08165,0.049639,0.107036,0.0236,0.083702,0.169574,0.182449,0.034946,,1842300,,
1,1,,0.090982,0.28675,0.059361,0.026745,0.170999,0.01588,0.197812,0.043458,0.098371,0.00964,,1849400,,
2,3,,0.002034,0.138866,0.22626,0.226656,0.035329,0.127264,0.022567,0.062441,0.029338,0.129246,,1842200,,
2,2,,0.002743,0.169508,0.201411,0.094355,0.071676,0.110522,0.024419,0.154788,0.064568,0.10601,,1847000,,
2,2,,0.103573,0.093676,0.206144,0.035761,0.084992,0.06448,0.186762,0.0319,0.165269,0.027443,,1863900,,
2,2,,0.018713,0.078202,0.176232,0.143241,0.059638,0.128813,0.029638,0.159106,0.102763,0.103655,,1848700,,
2,0,,0.292124,0.087582,0.185143,0.040216,0.040592,0.091215,0.078786,0.019658,0.145912,0.018772,,1845500,,
2,2,,0.114728,0.09578,0.290718,0.052047,0.043546,0.074607,0.080107,0.10785,0.121551,0.019067,,1845600,,
2,2,,0.013753,0.096148,0.251033,0.203564,0.039595,0.11782,0.01983,0.072856,0.047571,0.137831,,1844800,,
2,3,,0.036681,0.093175,0.180496,0.205257,0.042534,0.13255,0.017804,0.08327,0.053167,0.155067,,1841300,,
2,2,,0.015898,0.12557,0.31975,0.122175,0.035034,0.107704,0.033233,0.098471,0.052288,0.089877,,1852300,,
2,2,,0.00404,0.158436,0.237861,0.168201,0.028661,0.133178,0.034133,0.069588,0.032498,0.133404,,1844700,,
2,2,,0.009685,0.144221,0.286063,0.077272,0.087397,0.115651,0.024903,0.134965,0.087144,0.0327,,1852600,,
2,2,,0.00526,0.103163,0.249082,0.121408,0.117124,0.101133,0.062482,0.11918,0.076244,0.044924,,1841800,,
2,2,,0.11348,0.063811,0.215546,0.02667,0.063931,0.090629,0.161239,0.028072,0.176765,0.059858,,1853500,,
2,2,,0.052301,0.124706,0.253435,0.053599,0.049523,0.105832,0.056456,0.044692,0.243797,0.01566,,1846300,,
2,6,,0.182592,0.057391,0.136692,0.024447,0.074837,0.074539,0.244149,0.025506,0.168555,0.011291,,1845500,,
2,2,,0.106432,0.050863,0.214062,0.063077,0.058046,0.067756,0.146617,0.061989,0.184459,0.046699,,1854200,,
2,2,,0.011336,0.100822,0.208984,0.198333,0.078957,0.129782,0.029344,0.07097,0.045927,0.125547,,1829000,,
2,6,,0.15953,0.047925,0.09826,0.082981,0.131684,0.037221,0.326871,0.020443,0.086473,0.008612,,1835300,,
2,2,,0.094869,0.150904,0.206517,0.055855,0.071246,0.046409,0.089481,0.088274,0.16808,0.028365,,1859100,,
2,3,,0.02731,0.108212,0.188024,0.211093,0.032883,0.153287,0.009101,0.05848,0.037716,0.173894,,1840100,,
2,3,,0.121313,0.067255,0.101748,0.2416,0.03701,0.106315,0.016834,0.074628,0.031378,0.201917,,1843000,,
2,2,,0.002034,0.160598,0.230604,0.153368,0.037909,0.156092,0.022057,0.074719,0.043745,0.118875,,1846300,,
2,2,,0.01655,0.088266,0.352202,0.078927,0.069856,0.053409,0.044878,0.085743,0.167473,0.042694,,1841300,,
2,8,,0.076228,0.171181,0.162217,0.065052,0.05422,0.037496,0.084603,0.104823,0.208036,0.036146,,1842800,,
2,0,,0.296685,0.038138,0.1009,0.028699,0.080887,0.026282,0.092565,0.113334,0.147401,0.075109,,1842900,,
2,2,,0.002624,0.0883,0.357012,0.053303,0.061668,0.087972,0.055036,0.128161,0.118227,0.047696,,1848400,,
2,2,,0.002179,0.164432,0.238733,0.084559,0.048806,0.107314,0.014017,0.161949,0.059067,0.118945,,1864100,,
2,2,,0.018214,0.083141,0.326549,0.098008,0.062602,0.03593,0.036204,0.093135,0.176776,0.069441,,1839600,,
2,2,,0.005109,0.122566,0.322348,0.096486,0.087778,0.09118,0.021703,0.10732,0.074809,0.070701,,1835600,,
2,2,,0.072228,0.166597,0.206662,0.055381,0.066438,0.035123,0.088541,0.10649,0.173543,0.028997,,1849600,,
2,3,,0.022378,0.090862,0.1422,0.207568,0.05039,0.144847,0.055416,0.096975,0.040827,0.148536,,1847800,,
2,3,,0.002034,0.121427,0.213008,0.231405,0.028044,0.111848,0.024425,0.083038,0.057912,0.126859,,1858300,,
2,3,,0.002587,0.1229,0.192785,0.21255,0.073309,0.125364,0.031666,0.074394,0.0436,0.120845,,1846000,,
2,8,,0.142302,0.069085,0.173108,0.082356,0.077166,0.05237,0.058509,0.077194,0.193825,0.074083,,1844900,,
2,3,,0.021225,0.105534,0.122156,0.21293,0.040766,0.131229,0.01752,0.113237,0.064186,0.171217,,1875900,,
2,2,,0.00526,0.109032,0.203637,0.177348,0.103051,0.08205,0.032171,0.130375,0.103429,0.053647,,1849400,,
2,3,,0.002034,0.10165,0.194322,0.284383,0.029548,0.113934,0.028076,0.058714,0.052835,0.134505,,1830900,,
2,6,,0.140352,0.058823,0.0757,0.03848,0.183697,0.028518,0.339221,0.03968,0.084001,0.011528,,1850700,,
2,2,,0.004534,0.098332,0.234647,0.165512,0.029969,0.107396,0.043979,0.177171,0.091403,0.047059,,1855200,,
2,2,,0.005712,0.16653,0.208169,0.17829,0.041846,0.130397,0.038537,0.061555,0.045081,0.123883,,1836900,,
2,2,,0.004679,0.123938,0.273867,0.082498,0.058215,0.108977,0.06344,0.144488,0.035608,0.104288,,1853400,,
2,2,,0.002034,0.10127,0.240336,0.201933,0.035122,0.139776,0.045147,0.05607,0.034888,0.143425,,1844800,,
2,3,,0.03016,0.099588,0.171515,0.230793,0.033347,0.129287,0.033576,0.052469,0.036973,0.182292,,1854900,,
2,2,,0.022757,0.133876,0.218451,0.107017,0.064086,0.077843,0.039997,0.140256,0.064323,0.131393,,1844100,,
2,2,,0.002564,0.085045,0.319576,0.134644,0.041125,0.102847,0.057183,0.105549,0.084381,0.067084,,1840600,,
2,2,,0.013751,0.105322,0.266409,0.116312,0.043352,0.12302,0.036201,0.146091,0.093273,0.056269,,1841600,,
2,2,,0.005712,0.105172,0.282293,0.179362,0.038154,0.130468,0.0186,0.07268,0.039155,0.128405,,1845000,,
2,2,,0.017309,0.086187,0.343486,0.093362,0.058185,0.055382,0.027617,0.142663,0.119904,0.055905,,1845100,,
2,2,,0.010686,0.248966,0.286617,0.059105,0.03588,0.060454,0.045726,0.067146,0.148044,0.037376,,1849900,,
2,2,,0.002034,0.060667,0.418761,0.066682,0.067124,0.059091,0.031434,0.12037,0.128346,0.045493,,1850700,,
2,8,,0.153573,0.096219,0.104064,0.083734,0.098441,0.052551,0.140982,0.049058,0.174971,0.046406,,1869900,,
2,2,,0.013381,0.089014,0.327887,0.074031,0.050802,0.040989,0.082863,0.08985,0.179796,0.051387,,1853400,,
2,3,,0.003894,0.153766,0.198006,0.217728,0.047793,0.131142,0.025694,0.059419,0.036572,0.125987,,1840400,,
2,2,,0.015644,0.092761,0.241709,0.14624,0.046223,0.115378,0.019483,0.068191,0.034716,0.219655,,1837400,,
2,8,,0.105434,0.091434,0.077733,0.063947,0.110648,0.029973,0.155103,0.077914,0.249629,0.038187,,1845400,,
2,3,,0.016466,0.088931,0.183959,0.187783,0.036199,0.123031,0.03842,0.10664,0.066617,0.151956,,1841600,,
2,6,,0.184412,0.087518,0.147801,0.045794,0.068525,0.044229,0.232302,0.040112,0.131128,0.018177,,1853200,,
2,3,,0.018185,0.105525,0.158921,0.190107,0.062127,0.129958,0.01724,0.102701,0.05033,0.164906,,1836800,,
2,8,,0.066696,0.113821,0.119862,0.072362,0.025686,0.021371,0.072537,0.053626,0.404474,0.049565,,1856200,,
2,2,,0.002555,0.1645,0.302119,0.146871,0.05059,0.102609,0.012186,0.097048,0.043003,0.07852,,1845200,,
2,2,,0.003894,0.147972,0.298293,0.081492,0.065655,0.083586,0.01676,0.161141,0.044303,0.096904,,1847500,,
2,2,,0.002701,0.214665,0.24293,0.100381,0.074818,0.097604,0.021502,0.114745,0.058719,0.071935,,1842600,,
2,2,,0.008273,0.11094,0.363087,0.091585,0.089637,0.078061,0.09122,0.081107,0.051406,0.034684,,1840200,,
2,2,,0.002034,0.117147,0.235567,0.146406,0.026517,0.198136,0.03263,0.044106,0.071642,0.125816,,1845700,,
2,2,,0.150071,0.071577,0.220805,0.039435,0.085043,0.078812,0.084177,0.051196,0.185931,0.032953,,1848600,,
2,2,,0.002886,0.101882,0.287887,0.147224,0.053037,0.0995,0.04763,0.107968,0.090537,0.061449,,1840400,,
2,2,,0.002034,0.097085,0.270212,0.199758,0.049479,0.12323,0.011759,0.050283,0.036537,0.159623,,1846900,,
2,2,,0.002179,0.145058,0.311378,0.070948,0.052582,0.112812,0.051317,0.131007,0.042063,0.080656,,1849800,,
2,2,,0.005255,0.168623,0.218496,0.099904,0.084223,0.084433,0.045753,0.141572,0.092848,0.058894,,1847200,,
2,2,,0.151002,0.068507,0.182288,0.083058,0.118515,0.024812,0.08411,0.07033,0.18211,0.035267,,1847700,,
2,2,,0.014601,0.139965,0.318035,0.08507,0.056694,0.051127,0.015988,0.14466,0.121712,0.052148,,1846500,,
2,2,,0.049646,0.131955,0.164014,0.084603,0.098801,0.140895,0.023236,0.120759,0.110228,0.075862,,1848800,,
2,8,,0.092138,0.109573,0.159685,0.093221,0.062757,0.052597,0.082361,0.062927,0.253841,0.0309,,1845300,,
2,2,,0.160542,0.120564,0.167937,0.119412,0.071004,0.017015,0.058097,0.05761,0.16622,0.061599,,1845700,,
2,2,,0.154259,0.107029,0.194584,0.035035,0.122342,0.092426,0.067767,0.047642,0.1481,0.030817,,1832200,,
2,8,,0.156598,0.053064,0.155823,0.063385,0.080817,0.02244,0.175689,0.055584,0.210823,0.025777,,1851700,,
2,8,,0.070206,0.135319,0.119198,0.094328,0.026452,0.046213,0.054133,0.03671,0.376084,0.041358,,1842500,,
2,9,,0.036173,0.08071,0.112697,0.170016,0.046875,0.154448,0.051873,0.083538,0.051524,0.212146,,1861500,,
2,2,,0.003299,0.13389,0.318996,0.101758,0.0528,0.087202,0.028294,0.13108,0.046099,0.096582,,1834300,,
2,2,,0.002034,0.11531,0.234543,0.196751,0.027421,0.133452,0.035764,0.08258,0.042088,0.130058,,1843300,,
2,3,,0.0093,0.109262,0.166768,0.182459,0.037709,0.108538,0.031487,0.0999,0.085674,0.168903,,1840400,,
2,3,,0.03963,0.077219,0.176608,0.193225,0.048748,0.089248,0.011359,0.13862,0.07364,0.151703,,1846500,,
2,2,,0.12102,0.130407,0.247908,0.048176,0.075753,0.079424,0.033613,0.097089,0.139689,0.026922,,1848500,,
2,8,,0.091927,0.10582,0.170937,0.048432,0.070867,0.046592,0.095003,0.151241,0.198967,0.020213,,1853200,,
2,2,,0.015918,0.104069,0.309306,0.096659,0.091717,0.031784,0.064333,0.086913,0.144501,0.054799,,1832500,,
2,2,,0.029701,0.105794,0.300439,0.128366,0.079306,0.033213,0.016207,0.196615,0.074774,0.035586,,1849500,,
2,9,,0.062388,0.090321,0.080252,0.147447,0.076947,0.135715,0.007755,0.091975,0.021768,0.285432,,1858600,,
2,6,,0.122272,0.129232,0.087136,0.08981,0.054395,0.034818,0.212146,0.042386,0.187519,0.040286,,1845500,,
2,3,,0.013499,0.15041,0.183066,0.188345,0.046515,0.123704,0.027374,0.095484,0.047881,0.123722,,1850200,,
2,3,,0.002034,0.13861,0.195828,0.210522,0.040149,0.147015,0.022622,0.085319,0.032401,0.125501,,1837900,,
2,6,,0.145852,0.058163,0.077809,0.031742,0.152323,0.056181,0.3508,0.025592,0.082784,0.018755,,1845500,,
2,8,,0.114914,0.119726,0.067561,0.063402,0.121409,0.122844,0.123869,0.063288,0.191778,0.01121,,1851900,,
2,2,,0.002335,0.171462,0.288476,0.077313,0.053407,0.085955,0.038444,0.158171,0.040654,0.083784,,1845800,,
2,3,,0.015143,0.088257,0.170346,0.203041,0.035953,0.119133,0.036698,0.135829,0.053621,0.14198,,1842400,,
2,4,,0.150636,0.067881,0.068662,0.033542,0.206133,0.03439,0.204009,0.055934,0.129735,0.049076,,1833100,,
2,2,,0.002478,0.101477,0.215104,0.208622,0.028208,0.11211,0.027625,0.123602,0.057078,0.123696,,1847300,,
2,9,,0.017744,0.106888,0.196931,0.15595,0.04842,0.133738,0.030221,0.068713,0.03715,0.204245,,1852100,,
2,3,,0.003969,0.108814,0.153488,0.226726,0.059551,0.136687,0.027397,0.085869,0.068094,0.129403,,1843900,,
2,2,,0.002034,0.114552,0.254291,0.154288,0.025371,0.159098,0.028352,0.052414,0.051312,0.158289,,1855400,,
2,2,,0.006958,0.154541,0.213902,0.165059,0.090608,0.094809,0.01422,0.127793,0.081601,0.050509,,1866100,,
2,3,,0.012378,0.096319,0.162053,0.208002,0.041392,0.122466,0.044066,0.072546,0.081048,0.159731,,1843400,,
2,2,,0.002179,0.150932,0.319575,0.100509,0.046682,0.082647,0.01487,0.159381,0.031318,0.091908,,1840800,,
2,6,,0.107193,0.06518,0.191644,0.0573,0.058361,0.051531,0.221837,0.04294,0.184227,0.019786,,1854200,,
2,2,,0.003969,0.097684,0.240109,0.192972,0.03624,0.105369,0.030816,0.108088,0.060882,0.123869,,1858100,,
2,2,,0.002337,0.121673,0.307176,0.12193,0.039312,0.136356,0.026639,0.103507,0.052014,0.089056,,1857200,,
2,2,,0.005366,0.135644,0.194668,0.164925,0.037429,0.10682,0.015816,0.173109,0.063185,0.103038,,1841100,,
2,2,,0.014515,0.216599,0.253966,0.087894,0.048293,0.074342,0.029442,0.129235,0.10107,0.044642,,1856500,,
2,2,,0.111399,0.079158,0.307669,0.052027,0.023936,0.059705,0.072909,0.027967,0.220566,0.044663,,1856000,,
2,2,,0.002034,0.106733,0.237777,0.226005,0.035005,0.154877,0.03019,0.047354,0.043846,0.116181,,1849900,,
2,9,,0.122036,0.098346,0.085369,0.185129,0.051049,0.1233,0.022875,0.072487,0.033248,0.20616,,1852900,,
2,2,,0.133581,0.14852,0.196981,0.076013,0.086456,0.06866,0.037009,0.08909,0.136629,0.027062,,1874900,,
2,2,,0.012944,0.228051,0.27906,0.105987,0.080393,0.038946,0.01626,0.101061,0.080577,0.056722,,1853000,,
3,2,,0.093864,0.09444,0.226167,0.074343,0.055903,0.041886,0.067061,0.065908,0.221812,0.058617,,1910500,,
3,2,,0.01439,0.094641,0.255331,0.149376,0.042161,0.099054,0.021413,0.140247,0.090257,0.093131,,1897800,,
3,3,,0.00275,0.155911,0.135772,0.18975,0.054988,0.155784,0.03164,0.060831,0.081713,0.130863,,1889500,,
3,2,,0.018,0.13775,0.21379,0.161324,0.063339,0.093098,0.018506,0.12242,0.095047,0.076726,,1884300,,
3,8,,0.149321,0.083245,0.089196,0.116976,0.052524,0.098554,0.041895,0.066461,0.243975,0.057853,,1879600,,
3,7,,0.020618,0.123403,0.164996,0.17803,0.030939,0.091459,0.008553,0.185475,0.097608,0.098917,,1869800,,
3,2,,0.007033,0.156701,0.187368,0.131534,0.068673,0.119724,0.021632,0.143801,0.054181,0.109353,,1876700,,
3,9,,0.016481,0.086423,0.068813,0.214225,0.027769,0.13391,0.006709,0.083632,0.046581,0.315456,,1861300,,
3,3,,0.022684,0.091395,0.099769,0.344673,0.035061,0.112881,0.025947,0.052624,0.041353,0.173613,,1864200,,
3,2,,0.01707,0.111104,0.212846,0.157288,0.047124,0.126386,0.063287,0.11744,0.071331,0.076124,,1872200,,
3,2,,0.043489,0.089205,0.165749,0.132702,0.105367,0.071117,0.002983,0.148877,0.095557,0.144955,,1866100,,
3,2,,0.004045,0.106272,0.183604,0.133989,0.052284,0.146853,0.09208,0.119139,0.071289,0.090446,,1898300,,
3,3,,0.004045,0.144093,0.147544,0.230394,0.030572,0.153628,0.046145,0.04827,0.060043,0.135266,,1863700,,
3,3,,0.018095,0.084042,0.109123,0.327167,0.026,0.125426,0.013219,0.065718,0.062709,0.1685,,1863200,,
3,3,,0.002564,0.099978,0.150358,0.261236,0.025949,0.130304,0.031291,0.085461,0.037761,0.175097,,1863400,,
3,2,,0.009424,0.102204,0.230632,0.118225,0.045573,0.119857,0.02166,0.143567,0.059852,0.149007,,1866100,,
3,3,,0.00911,0.084555,0.100325,0.244077,0.026925,0.115848,0.057668,0.079901,0.041977,0.239613,,1876900,,
3,3,,0.010138,0.093619,0.104239,0.282932,0.03101,0.129431,0.023011,0.072296,0.043338,0.209986,,1864300,,
3,3,,0.009909,0.096822,0.121383,0.282715,0.042019,0.123406,0.028707,0.086522,0.060111,0.148406,,1867500,,
3,3,,0.019279,0.10605,0.136759,0.24349,0.030502,0.115885,0.026437,0.094787,0.068914,0.157896,,1878600,,
3,3,,0.015843,0.116313,0.114189,0.27856,0.028143,0.108721,0.042626,0.071116,0.074331,0.150157,,1872500,,
3,3,,0.011468,0.113227,0.113466,0.299403,0.03314,0.117223,0.026038,0.087741,0.058541,0.139753,,1862100,,
3,3,,0.017793,0.156263,0.120219,0.229549,0.028688,0.15197,0.008179,0.065887,0.063963,0.15749,,1866100,,
3,3,,0.008968,0.186039,0.095027,0.23429,0.053678,0.129565,0.013681,0.074709,0.063047,0.140995,,1864600,,
3,9,,0.016324,0.103334,0.105407,0.202756,0.034469,0.105129,0.024578,0.101837,0.089807,0.21636,,1862800,,
3,3,,0.017754,0.092792,0.114306,0.207314,0.047161,0.173004,0.034781,0.070139,0.05156,0.191188,,1872100,,
3,3,,0.0168,0.085885,0.085705,0.269552,0.036216,0.118223,0.024988,0.071068,0.063804,0.227758,,1864200,,
3,3,,0.003969,0.148583,0.166164,0.261155,0.045597,0.119728,0.038436,0.055831,0.031952,0.128586,,1871400,,
3,3,,0.016878,0.107256,0.115383,0.278549,0.023975,0.110418,0.033315,0.083859,0.07077,0.159598,,1866000,,
3,3,,0.007441,0.107524,0.135896,0.263731,0.052783,0.146686,0.024072,0.061309,0.061226,0.139333,,1867300,,
3,3,,0.009549,0.097517,0.102607,0.292345,0.026334,0.124968,0.022584,0.078121,0.051333,0.194642,,1860900,,
3,3,,0.019911,0.089896,0.108167,0.242678,0.033273,0.123407,0.03261,0.070697,0.112742,0.166619,,1870900,,
3,7,,0.016216,0.086202,0.198759,0.080208,0.087557,0.068529,0.019851,0.236373,0.14444,0.061865,,1862800,,
3,7,,0.037976,0.091376,0.105876,0.109003,0.055135,0.176107,0.014672,0.223212,0.046547,0.140096,,1870200,,
3,3,,0.017378,0.087588,0.104078,0.261474,0.051034,0.141156,0.019745,0.069188,0.054968,0.193392,,1864300,,
3,2,,0.01264,0.091318,0.237778,0.120624,0.056191,0.122743,0.0364,0.124438,0.061554,0.136313,,1887000,,
3,3,,0.024461,0.097261,0.087916,0.244369,0.027691,0.128506,0.030594,0.128782,0.081793,0.148626,,1867300,,
3,3,,0.008893,0.151888,0.155013,0.225956,0.056728,0.145478,0.012292,0.064908,0.026795,0.152049,,1871100,,
3,2,,0.02409,0.110375,0.200285,0.125207,0.081982,0.043073,0.038379,0.133034,0.155932,0.087645,,1883200,,
3,3,,0.027197,0.092093,0.141527,0.264007,0.0339,0.119493,0.015985,0.064495,0.075308,0.165994,,1860400,,
