optdigits,CWE,test,4,NANOSECONDS,PREDICTIONS, Generated by ClassifierExperiments.java on 2022-05-16 21:10:57.    SYSTEMPROPERTIES:{user.name:matth,os.arch:amd64,os.name:Windows 10},ENDSYSTEMPROPERTIES
No parameter info
0.7945084145261293,3393449000,2053350900,-1,99254368,10,,-1,-1
0,0,,0.326517,0.05052,0.023721,0.016656,0.233246,0.027661,0.11684,0.067709,0.07683,0.0603,,1979300,,
0,0,,0.455391,0.055424,0.065689,0.026776,0.048874,0.060647,0.051446,0.094068,0.073292,0.068393,,1798100,,
0,0,,0.511849,0.039141,0.028956,0.022584,0.077716,0.030841,0.064848,0.068297,0.103102,0.052664,,1794000,,
0,0,,0.475198,0.037969,0.02921,0.018381,0.173911,0.028727,0.048406,0.083603,0.070526,0.034068,,1813400,,
0,0,,0.245435,0.162736,0.038624,0.022395,0.068732,0.11975,0.047305,0.084677,0.094269,0.116078,,1802100,,
0,0,,0.45271,0.039995,0.037921,0.040543,0.105119,0.034145,0.087119,0.056236,0.076176,0.070037,,1789400,,
0,0,,0.492988,0.039275,0.02825,0.01745,0.082295,0.035167,0.098583,0.039653,0.108991,0.057347,,1806000,,
0,0,,0.448956,0.041485,0.029474,0.018581,0.197008,0.028199,0.050128,0.084539,0.069006,0.032624,,1787600,,
0,0,,0.326841,0.051643,0.029736,0.022535,0.151866,0.030025,0.144002,0.061049,0.105118,0.077185,,1797300,,
0,0,,0.456203,0.054942,0.029904,0.020566,0.112618,0.032993,0.084317,0.055658,0.098606,0.054192,,1794200,,
0,0,,0.384238,0.049966,0.035762,0.023781,0.203757,0.028979,0.094379,0.076058,0.076258,0.026822,,1787800,,
0,0,,0.521148,0.036666,0.028514,0.021743,0.06902,0.027526,0.094838,0.03629,0.098558,0.065697,,1787600,,
0,0,,0.538896,0.038529,0.025902,0.019455,0.061647,0.026143,0.091168,0.034408,0.100213,0.063639,,1823200,,
0,0,,0.357101,0.048906,0.034126,0.019524,0.124005,0.053313,0.029482,0.095981,0.116689,0.120872,,1794400,,
0,0,,0.470746,0.048147,0.023512,0.015954,0.110887,0.023008,0.116203,0.055367,0.070139,0.066037,,1794700,,
0,0,,0.562106,0.036932,0.028792,0.016663,0.077112,0.030684,0.062774,0.061398,0.074193,0.049346,,1787800,,
0,0,,0.531148,0.047903,0.030026,0.019808,0.063551,0.02311,0.087619,0.043394,0.107185,0.046256,,1788200,,
0,0,,0.617813,0.025453,0.039562,0.022173,0.056899,0.029786,0.050084,0.054383,0.044918,0.058928,,1817000,,
0,0,,0.453677,0.047917,0.031246,0.014759,0.094832,0.078526,0.055222,0.061379,0.110621,0.051822,,1787500,,
0,0,,0.286428,0.038363,0.038274,0.019626,0.222555,0.030165,0.137044,0.080489,0.081403,0.065653,,1796800,,
0,0,,0.496056,0.052811,0.036198,0.018332,0.048999,0.025116,0.064246,0.110026,0.091172,0.057044,,1780600,,
0,0,,0.511664,0.0374,0.054987,0.01779,0.073833,0.027143,0.066256,0.070475,0.092846,0.047606,,1829100,,
0,0,,0.472423,0.043516,0.030944,0.022337,0.069862,0.027185,0.105816,0.059589,0.098742,0.069587,,1800200,,
0,0,,0.333537,0.062056,0.026734,0.017225,0.141956,0.035799,0.148711,0.06519,0.085906,0.082885,,1779100,,
0,0,,0.364299,0.044761,0.05919,0.021016,0.109952,0.036918,0.102258,0.066509,0.083571,0.111528,,1798500,,
0,0,,0.405794,0.029747,0.031117,0.028509,0.130346,0.02501,0.150278,0.050226,0.087883,0.061089,,1800900,,
0,0,,0.557254,0.033543,0.031496,0.024944,0.076881,0.02912,0.057164,0.051705,0.082175,0.055717,,1784900,,
0,0,,0.620996,0.034469,0.027917,0.019443,0.06254,0.025634,0.053207,0.045366,0.057325,0.053104,,1777100,,
0,0,,0.486438,0.045267,0.026689,0.017313,0.090296,0.030028,0.076608,0.062504,0.110762,0.054095,,1778400,,
0,0,,0.42549,0.036224,0.028643,0.021179,0.133283,0.024295,0.137354,0.051746,0.087336,0.05445,,1786000,,
0,0,,0.455527,0.041704,0.058742,0.01842,0.052202,0.03919,0.041586,0.171633,0.063524,0.057473,,1800500,,
0,0,,0.512374,0.037408,0.048231,0.025654,0.054776,0.034732,0.051126,0.090848,0.080111,0.064742,,1782800,,
0,0,,0.35437,0.054993,0.027405,0.018082,0.143846,0.037958,0.157015,0.069112,0.065624,0.071597,,1786100,,
0,0,,0.551954,0.036799,0.037146,0.016796,0.066353,0.03952,0.057476,0.04842,0.052891,0.092645,,1803000,,
0,0,,0.474102,0.038012,0.043189,0.024404,0.068669,0.040603,0.056643,0.064139,0.143082,0.047156,,1788700,,
0,0,,0.426656,0.031583,0.060573,0.027816,0.078433,0.032988,0.057145,0.08642,0.106807,0.091578,,1775800,,
0,0,,0.455159,0.048822,0.028411,0.016278,0.117268,0.023276,0.123972,0.05331,0.07036,0.063144,,1784700,,
0,0,,0.415464,0.037721,0.0269,0.018,0.13636,0.029547,0.086605,0.068451,0.111216,0.069737,,1781800,,
0,0,,0.594125,0.033169,0.028067,0.019951,0.06191,0.031883,0.050478,0.072073,0.052137,0.056208,,1782200,,
0,0,,0.531906,0.0245,0.026769,0.019336,0.165213,0.03153,0.039255,0.067283,0.043966,0.050242,,1803100,,
0,0,,0.393087,0.026856,0.028889,0.026669,0.161048,0.039485,0.118023,0.106898,0.045219,0.053826,,1783400,,
0,0,,0.523755,0.037722,0.024521,0.019425,0.074038,0.025452,0.083619,0.050888,0.10834,0.052239,,1784000,,
0,0,,0.411699,0.056711,0.023238,0.017848,0.134315,0.029716,0.13605,0.05209,0.09115,0.047183,,1799100,,
0,0,,0.529106,0.039689,0.037869,0.017964,0.084284,0.042479,0.049705,0.059795,0.08285,0.056258,,1782500,,
0,0,,0.475383,0.040005,0.032075,0.019945,0.095781,0.054547,0.037966,0.073083,0.115999,0.055216,,1781500,,
0,0,,0.384195,0.052163,0.031849,0.018831,0.165248,0.027543,0.120828,0.059822,0.080153,0.059368,,1788100,,
0,0,,0.428737,0.034162,0.023472,0.023672,0.120996,0.028066,0.123544,0.073373,0.090789,0.053189,,1781400,,
0,0,,0.386199,0.044452,0.031482,0.018667,0.183921,0.0288,0.124525,0.052721,0.076425,0.052809,,1804300,,
0,0,,0.442786,0.050424,0.031935,0.016746,0.087236,0.030113,0.07797,0.079689,0.08975,0.09335,,1823700,,
0,0,,0.439738,0.059258,0.022183,0.015645,0.125207,0.02669,0.107784,0.072714,0.080615,0.050167,,1785700,,
0,0,,0.404283,0.049311,0.022155,0.016108,0.153902,0.02262,0.104323,0.075413,0.102688,0.049197,,1803000,,
0,0,,0.497936,0.046012,0.038604,0.02058,0.070966,0.024425,0.089955,0.041534,0.108833,0.061155,,1784900,,
0,0,,0.429635,0.057691,0.028466,0.018606,0.083388,0.032923,0.091693,0.048062,0.104963,0.104572,,1787300,,
0,0,,0.489343,0.041681,0.024692,0.019973,0.092653,0.02655,0.088617,0.041177,0.124585,0.05073,,1781300,,
0,0,,0.408054,0.052259,0.088684,0.030887,0.08255,0.040192,0.048707,0.111102,0.07711,0.060454,,1784200,,
0,0,,0.386724,0.030307,0.030589,0.026413,0.11628,0.040445,0.105602,0.053518,0.156095,0.054028,,1783900,,
0,0,,0.545701,0.033962,0.039363,0.017878,0.058093,0.026006,0.043108,0.097219,0.087639,0.051031,,1789900,,
0,0,,0.388185,0.038229,0.030771,0.018027,0.104805,0.031504,0.120788,0.073822,0.109691,0.084177,,1778400,,
0,0,,0.488891,0.045178,0.060943,0.019919,0.084276,0.051991,0.050445,0.087758,0.06044,0.050159,,1783600,,
0,0,,0.490065,0.039893,0.022696,0.018901,0.091458,0.026932,0.093026,0.049217,0.104884,0.062929,,1781900,,
0,0,,0.396096,0.048586,0.024856,0.017322,0.168382,0.025952,0.122064,0.058717,0.080565,0.05746,,1780800,,
0,0,,0.497621,0.028885,0.034161,0.022853,0.099256,0.043076,0.101071,0.047704,0.055867,0.069506,,1779400,,
0,0,,0.542644,0.039476,0.027349,0.023008,0.12178,0.030608,0.042558,0.068772,0.053016,0.05079,,1778500,,
0,0,,0.376313,0.070226,0.023257,0.044215,0.141953,0.036201,0.127203,0.051087,0.087783,0.041763,,1783000,,
0,0,,0.490817,0.039643,0.037706,0.025235,0.099664,0.035243,0.044093,0.084627,0.085353,0.057617,,1789000,,
0,0,,0.528451,0.042309,0.025538,0.018837,0.066934,0.028692,0.093497,0.031342,0.10331,0.061091,,1792600,,
0,0,,0.453879,0.032451,0.028997,0.019576,0.174716,0.034801,0.064408,0.069325,0.072556,0.049291,,1786200,,
0,0,,0.351095,0.044414,0.033345,0.016315,0.207551,0.025456,0.146679,0.072926,0.066472,0.035747,,1794400,,
0,0,,0.350376,0.047128,0.041953,0.02341,0.136778,0.046696,0.138369,0.062149,0.080327,0.072816,,1785300,,
0,0,,0.540898,0.031219,0.027752,0.020982,0.101073,0.032113,0.051258,0.096123,0.057142,0.041438,,1780000,,
0,0,,0.438328,0.041037,0.030137,0.017158,0.150612,0.026034,0.124166,0.048713,0.075201,0.048614,,1784000,,
0,0,,0.321579,0.0716,0.026848,0.035289,0.16228,0.040046,0.122024,0.053009,0.09877,0.068555,,1781000,,
0,0,,0.450872,0.047623,0.024246,0.028713,0.078228,0.028833,0.095407,0.057407,0.107256,0.081415,,1785700,,
0,0,,0.391121,0.043615,0.03151,0.017042,0.146519,0.031888,0.115264,0.058455,0.096545,0.06804,,1782800,,
0,0,,0.499715,0.049312,0.027661,0.016634,0.086262,0.028442,0.089211,0.046243,0.098496,0.058025,,1792300,,
0,0,,0.244968,0.061161,0.040858,0.030084,0.184894,0.039839,0.117676,0.071481,0.123867,0.085173,,1799400,,
0,0,,0.410856,0.049672,0.033482,0.028961,0.087574,0.036657,0.114878,0.061037,0.103161,0.073721,,1783800,,
0,0,,0.258571,0.046414,0.041762,0.06622,0.115284,0.040111,0.169116,0.052901,0.145612,0.064009,,1783700,,
0,0,,0.476919,0.042714,0.028948,0.018144,0.084769,0.025436,0.100759,0.048128,0.113009,0.061174,,1787300,,
0,0,,0.37133,0.051509,0.024742,0.018052,0.135412,0.0304,0.149909,0.057237,0.082931,0.078478,,1782500,,
0,0,,0.454239,0.041605,0.037751,0.019155,0.132764,0.023242,0.118975,0.048398,0.078268,0.045604,,1785100,,
0,0,,0.523458,0.044851,0.02546,0.020683,0.058499,0.03148,0.079873,0.0351,0.113743,0.066852,,1782600,,
0,0,,0.520247,0.0425,0.029106,0.024526,0.071893,0.03239,0.048649,0.080121,0.085264,0.065304,,1780500,,
0,0,,0.496394,0.048726,0.026602,0.020566,0.09225,0.038633,0.083891,0.051513,0.094896,0.046528,,1793200,,
0,0,,0.533553,0.043371,0.02627,0.021792,0.077957,0.029725,0.060381,0.066424,0.077953,0.062574,,1784800,,
0,0,,0.51766,0.055693,0.025254,0.021448,0.081121,0.023817,0.091023,0.042941,0.087963,0.053079,,1780300,,
0,0,,0.485622,0.045576,0.033265,0.017917,0.085693,0.036578,0.058014,0.064937,0.08133,0.091068,,1789200,,
0,0,,0.438493,0.059785,0.02287,0.019481,0.066423,0.035617,0.090596,0.052208,0.116819,0.097707,,1780900,,
0,0,,0.441973,0.050309,0.024508,0.018602,0.129484,0.067739,0.095336,0.039011,0.082406,0.05063,,1783700,,
0,0,,0.600974,0.033655,0.029853,0.032964,0.077031,0.032604,0.044028,0.048672,0.047284,0.052935,,1782000,,
0,0,,0.350656,0.063682,0.048809,0.022076,0.08112,0.078875,0.071604,0.086661,0.123385,0.073132,,1780100,,
0,0,,0.49981,0.045881,0.028242,0.018802,0.077078,0.029029,0.091065,0.04606,0.101481,0.062551,,1784000,,
0,0,,0.416176,0.047528,0.027142,0.01939,0.136884,0.035155,0.125452,0.062435,0.076817,0.05302,,1787400,,
0,0,,0.602772,0.034724,0.030131,0.020861,0.070833,0.032231,0.048252,0.056376,0.049413,0.054406,,1782700,,
0,0,,0.54065,0.048528,0.033496,0.021317,0.078842,0.030224,0.065112,0.060119,0.079205,0.042506,,1784500,,
0,0,,0.421125,0.049654,0.033461,0.018777,0.136536,0.025671,0.11529,0.054524,0.087507,0.057453,,1783000,,
0,0,,0.424446,0.040839,0.041899,0.014772,0.114406,0.033749,0.063846,0.073005,0.122377,0.07066,,1783000,,
0,0,,0.366346,0.066929,0.031038,0.016022,0.107981,0.032569,0.097408,0.052629,0.118235,0.110842,,1784800,,
0,0,,0.342372,0.061989,0.070898,0.02486,0.108875,0.080789,0.036716,0.07115,0.143179,0.05917,,1787300,,
0,0,,0.511052,0.04385,0.027436,0.017161,0.073173,0.032348,0.062774,0.065444,0.072365,0.094396,,1783100,,
0,0,,0.441102,0.038488,0.026697,0.019192,0.10654,0.027464,0.043152,0.086327,0.123931,0.087108,,1782100,,
0,0,,0.327823,0.06459,0.042648,0.02039,0.150965,0.040212,0.108623,0.062125,0.085607,0.097016,,1820300,,
0,0,,0.48622,0.041843,0.026951,0.01894,0.109867,0.026542,0.09455,0.039052,0.095115,0.06092,,1796900,,
0,0,,0.594043,0.031994,0.029035,0.025741,0.081119,0.028026,0.067623,0.051974,0.045676,0.044768,,1783000,,
0,0,,0.515012,0.03681,0.037127,0.017826,0.080609,0.039259,0.055154,0.041803,0.094397,0.082003,,1792300,,
0,0,,0.398072,0.04889,0.031709,0.014236,0.138639,0.038365,0.13102,0.059849,0.070621,0.068599,,1792600,,
0,0,,0.441128,0.048207,0.026103,0.022112,0.074929,0.027789,0.089783,0.056843,0.106333,0.106773,,1790000,,
0,0,,0.333448,0.097947,0.049851,0.019147,0.070854,0.101142,0.03337,0.103117,0.129446,0.061678,,1801800,,
0,0,,0.498076,0.047705,0.027405,0.020698,0.092355,0.026099,0.086642,0.049902,0.094896,0.056222,,1785500,,
0,0,,0.431268,0.085403,0.076315,0.031229,0.073822,0.029951,0.035589,0.082527,0.085437,0.06846,,1809800,,
0,0,,0.504695,0.049396,0.030982,0.020364,0.079848,0.028246,0.091862,0.047183,0.098623,0.048801,,1801400,,
1,7,,0.033358,0.138939,0.113747,0.07754,0.138918,0.133042,0.048155,0.227203,0.042158,0.046939,,1797000,,
1,6,,0.044617,0.112602,0.08047,0.106397,0.083756,0.104329,0.253483,0.027125,0.155714,0.031507,,1787800,,
1,1,,0.02169,0.336354,0.141357,0.07178,0.063585,0.057019,0.024893,0.099191,0.141384,0.042746,,1787900,,
1,1,,0.021075,0.191808,0.102168,0.128122,0.05624,0.129447,0.086169,0.079997,0.079158,0.125817,,1787400,,
1,1,,0.010507,0.260802,0.161212,0.203345,0.031708,0.096077,0.023442,0.068652,0.048044,0.096211,,1785200,,
1,9,,0.029777,0.14195,0.064621,0.131014,0.040188,0.119614,0.039187,0.05668,0.052353,0.324615,,1784100,,
1,1,,0.010035,0.185752,0.166209,0.17408,0.052058,0.101026,0.10198,0.047438,0.064609,0.096812,,1819300,,
1,1,,0.02217,0.315704,0.064267,0.110496,0.051577,0.07411,0.033747,0.102479,0.101151,0.124299,,1791900,,
1,1,,0.018061,0.213344,0.047474,0.153404,0.060237,0.082728,0.034095,0.146289,0.071262,0.173106,,1787100,,
1,1,,0.064137,0.283773,0.045789,0.098831,0.081781,0.092854,0.024778,0.082219,0.058005,0.167833,,1785100,,
1,1,,0.170681,0.219528,0.047443,0.054721,0.113957,0.024596,0.135097,0.062984,0.144322,0.026672,,1782200,,
1,1,,0.052894,0.254741,0.179672,0.05407,0.051407,0.046416,0.05648,0.161673,0.110165,0.032482,,1786000,,
1,1,,0.044767,0.265211,0.054308,0.065752,0.076694,0.039985,0.12629,0.091782,0.180473,0.05474,,1780200,,
1,1,,0.003984,0.393046,0.108737,0.160394,0.044806,0.095376,0.019655,0.050444,0.034625,0.088932,,1786300,,
1,7,,0.014403,0.16055,0.161728,0.056942,0.08869,0.111607,0.079662,0.165852,0.102398,0.058169,,1787400,,
1,1,,0.015438,0.261977,0.099921,0.158399,0.091385,0.087064,0.04342,0.064442,0.067208,0.110746,,1808300,,
1,2,,0.01002,0.13122,0.19975,0.139481,0.032589,0.19885,0.104052,0.03857,0.048239,0.09723,,1802200,,
1,1,,0.033671,0.324201,0.058767,0.076996,0.059924,0.042341,0.02533,0.103266,0.245448,0.030056,,1787900,,
1,1,,0.010731,0.257834,0.122857,0.129433,0.083228,0.13499,0.076303,0.047643,0.047937,0.089044,,1782300,,
1,6,,0.082685,0.125815,0.088798,0.030436,0.117318,0.076915,0.245944,0.056627,0.156097,0.019366,,1793100,,
1,1,,0.01112,0.201478,0.127989,0.111822,0.063933,0.105734,0.024462,0.187683,0.1022,0.063579,,1785400,,
1,1,,0.034474,0.309178,0.059322,0.074508,0.054829,0.033356,0.129666,0.077519,0.191416,0.035732,,1784200,,
1,1,,0.018921,0.336646,0.097697,0.134268,0.038935,0.099302,0.0178,0.074159,0.069636,0.112636,,1781100,,
1,1,,0.018925,0.269195,0.118586,0.097205,0.051457,0.058042,0.022741,0.226128,0.095258,0.042463,,1803900,,
1,1,,0.029367,0.301497,0.060013,0.114372,0.100679,0.064423,0.038462,0.103677,0.065021,0.12249,,1784600,,
1,1,,0.063142,0.37261,0.103919,0.060074,0.040995,0.029518,0.055705,0.105416,0.139646,0.028974,,1799900,,
1,1,,0.019895,0.228625,0.180186,0.06789,0.045059,0.076981,0.021762,0.09177,0.204685,0.063148,,1789800,,
1,1,,0.010981,0.25343,0.166832,0.091188,0.072329,0.078944,0.020881,0.181003,0.060293,0.06412,,1782800,,
1,1,,0.104844,0.282574,0.084954,0.045747,0.083802,0.050897,0.085991,0.104904,0.128753,0.027534,,1786300,,
1,6,,0.046102,0.157148,0.130445,0.040422,0.14955,0.078092,0.192625,0.105268,0.077268,0.023079,,1785300,,
1,1,,0.012471,0.184143,0.182722,0.06397,0.097826,0.122894,0.087165,0.086438,0.129696,0.032676,,1784900,,
1,1,,0.101028,0.27959,0.063787,0.057935,0.070667,0.027072,0.098024,0.082237,0.191668,0.027992,,1789000,,
1,6,,0.084053,0.141921,0.085175,0.049532,0.111108,0.085363,0.280596,0.032528,0.080608,0.049115,,1796400,,
1,8,,0.134749,0.146604,0.120948,0.048357,0.121072,0.032888,0.052522,0.094172,0.19795,0.050736,,1782800,,
1,2,,0.05611,0.14438,0.212733,0.091329,0.061072,0.087075,0.152737,0.07921,0.09488,0.020472,,1788100,,
1,1,,0.043935,0.233006,0.126627,0.086148,0.067911,0.084632,0.014949,0.132216,0.065048,0.145528,,1786900,,
1,1,,0.093906,0.233036,0.075777,0.043822,0.19912,0.033049,0.117263,0.067839,0.111075,0.025114,,1786600,,
1,1,,0.010036,0.209782,0.134538,0.204739,0.035414,0.10296,0.075842,0.066003,0.047475,0.113213,,1790800,,
1,1,,0.017846,0.346066,0.123814,0.069256,0.09864,0.050494,0.031468,0.09082,0.133964,0.037632,,1785200,,
1,3,,0.015334,0.12896,0.151077,0.191416,0.05748,0.10621,0.055159,0.081315,0.042776,0.170272,,1792900,,
1,1,,0.02519,0.473404,0.092368,0.062609,0.050709,0.047201,0.020654,0.075943,0.107491,0.04443,,1793400,,
1,5,,0.013477,0.136838,0.15057,0.114223,0.047139,0.195146,0.117375,0.045297,0.061416,0.11852,,1787700,,
1,2,,0.01002,0.158985,0.189786,0.14783,0.04937,0.1411,0.088347,0.050321,0.068389,0.095853,,1788000,,
1,1,,0.051065,0.312643,0.079113,0.064004,0.183084,0.060276,0.039862,0.128771,0.060662,0.02052,,1788500,,
1,1,,0.01002,0.159576,0.140425,0.120288,0.058442,0.156949,0.11017,0.047807,0.08554,0.110783,,1787100,,
1,1,,0.077639,0.271722,0.089427,0.100976,0.043966,0.076524,0.096906,0.063614,0.120834,0.058392,,1791100,,
1,1,,0.057911,0.309526,0.130103,0.072705,0.080347,0.02943,0.064472,0.090656,0.144067,0.020783,,1784300,,
1,1,,0.041585,0.314857,0.06012,0.137177,0.050794,0.077876,0.02637,0.065874,0.089217,0.136129,,1788400,,
1,1,,0.06329,0.312086,0.067364,0.070598,0.050758,0.033495,0.063214,0.089982,0.211433,0.037779,,1808000,,
1,1,,0.104529,0.283646,0.072208,0.065171,0.076758,0.036659,0.072446,0.101661,0.153716,0.033207,,1785300,,
1,1,,0.035011,0.262723,0.071255,0.199552,0.103373,0.080402,0.040235,0.068778,0.053972,0.0847,,1782100,,
1,2,,0.01002,0.136919,0.221503,0.145835,0.035775,0.177209,0.076602,0.045368,0.045312,0.105458,,1785200,,
1,8,,0.117714,0.195118,0.080261,0.054143,0.097514,0.057942,0.079354,0.082898,0.211222,0.023834,,1807100,,
1,4,,0.082664,0.141833,0.124738,0.064264,0.196217,0.052181,0.077852,0.084393,0.14109,0.034769,,1781000,,
1,1,,0.13686,0.239803,0.049863,0.074262,0.062671,0.035837,0.089525,0.058807,0.218981,0.033391,,1791100,,
1,2,,0.011475,0.121608,0.215601,0.069164,0.075873,0.131957,0.089032,0.077997,0.11143,0.095863,,1783300,,
1,1,,0.170114,0.191775,0.064544,0.052908,0.16077,0.024958,0.123471,0.064184,0.115455,0.031819,,1785100,,
1,1,,0.154432,0.244347,0.053684,0.041156,0.140236,0.024739,0.151098,0.054128,0.109876,0.026305,,1788300,,
1,1,,0.010981,0.296612,0.157554,0.14562,0.04641,0.103977,0.022741,0.059122,0.060792,0.096192,,1786400,,
1,1,,0.010049,0.182024,0.116759,0.125921,0.08511,0.170392,0.104917,0.070021,0.05371,0.081097,,1791600,,
1,1,,0.088418,0.218106,0.100287,0.065486,0.067751,0.120401,0.088256,0.135908,0.079853,0.035535,,1799900,,
1,5,,0.01002,0.181121,0.128712,0.128121,0.033788,0.195717,0.124868,0.05612,0.046219,0.095314,,1809000,,
1,9,,0.0437,0.218152,0.069362,0.106524,0.049774,0.084026,0.024402,0.091492,0.042956,0.26961,,1791400,,
1,8,,0.044722,0.220972,0.100766,0.095563,0.069444,0.04392,0.06296,0.085123,0.236172,0.040356,,1784400,,
1,7,,0.015433,0.20252,0.091345,0.080453,0.097921,0.068817,0.018907,0.229124,0.097384,0.098095,,1787700,,
1,5,,0.017286,0.15275,0.148408,0.123769,0.047176,0.177074,0.088673,0.042338,0.095964,0.106563,,1798600,,
1,1,,0.010065,0.288151,0.120817,0.194512,0.050668,0.08266,0.02119,0.047168,0.083251,0.101518,,1799700,,
1,5,,0.010049,0.187827,0.141026,0.09828,0.051039,0.224316,0.074177,0.103019,0.062481,0.047785,,1791400,,
1,9,,0.036328,0.199734,0.097736,0.133776,0.042588,0.077251,0.016898,0.098916,0.053337,0.243436,,1788700,,
1,1,,0.021818,0.284627,0.077644,0.129265,0.141416,0.071185,0.03245,0.057096,0.053121,0.131378,,1800900,,
1,2,,0.01002,0.13881,0.189213,0.146987,0.051316,0.175863,0.068572,0.039896,0.077061,0.102263,,1816900,,
1,1,,0.052115,0.264992,0.143898,0.094117,0.078235,0.069722,0.02569,0.126605,0.09138,0.053246,,1809900,,
1,1,,0.025364,0.280398,0.066135,0.127214,0.039825,0.082128,0.025079,0.085713,0.117683,0.15046,,1799400,,
1,1,,0.034575,0.261121,0.08394,0.051317,0.082894,0.060465,0.16055,0.061732,0.174145,0.029261,,1797400,,
1,8,,0.066416,0.234168,0.126938,0.0894,0.048809,0.030398,0.070518,0.035361,0.272744,0.025248,,1811900,,
1,1,,0.134699,0.254562,0.042691,0.048137,0.064735,0.023478,0.094953,0.1159,0.178093,0.042752,,1799300,,
1,1,,0.030311,0.259359,0.132643,0.075697,0.087378,0.06358,0.036362,0.139401,0.105864,0.069405,,1792800,,
1,1,,0.086744,0.255649,0.067551,0.045844,0.250434,0.025348,0.149298,0.033905,0.065262,0.019965,,1788700,,
1,1,,0.095151,0.269269,0.077612,0.047646,0.115817,0.040933,0.113048,0.093936,0.120833,0.025756,,1814100,,
1,1,,0.015819,0.347835,0.064495,0.046229,0.044526,0.081436,0.066238,0.095495,0.212854,0.025072,,1793600,,
1,1,,0.016915,0.248743,0.161909,0.123022,0.04338,0.046692,0.051183,0.09499,0.100549,0.112616,,1793400,,
1,1,,0.018419,0.340117,0.12888,0.059975,0.092112,0.036512,0.051405,0.104413,0.143013,0.025154,,1799200,,
1,1,,0.010519,0.172654,0.140449,0.132907,0.081786,0.153102,0.102523,0.072379,0.052193,0.081488,,1804400,,
1,4,,0.093321,0.149641,0.108016,0.093627,0.151942,0.056572,0.148948,0.044886,0.124093,0.028953,,1804300,,
1,1,,0.011081,0.3442,0.121605,0.166121,0.033481,0.106973,0.017924,0.05987,0.049192,0.089552,,1811300,,
1,1,,0.023089,0.295571,0.132179,0.086352,0.061,0.089898,0.024148,0.099879,0.132929,0.054955,,1797900,,
1,1,,0.017107,0.241397,0.095056,0.155433,0.046379,0.071873,0.023545,0.094924,0.053754,0.200531,,1806000,,
1,1,,0.011053,0.249398,0.1253,0.205753,0.052337,0.089251,0.033663,0.066699,0.044143,0.122402,,1803000,,
1,1,,0.015479,0.29768,0.117332,0.184742,0.044817,0.080949,0.030193,0.053318,0.061694,0.113794,,1805600,,
1,1,,0.025968,0.250026,0.11593,0.062564,0.105129,0.058009,0.02953,0.15131,0.157386,0.044149,,1806200,,
1,1,,0.104203,0.275532,0.105111,0.051551,0.076798,0.044576,0.071479,0.081023,0.171383,0.018345,,1833500,,
1,1,,0.053484,0.288272,0.061183,0.170196,0.065055,0.072587,0.033661,0.068181,0.09261,0.094771,,1791700,,
1,1,,0.020819,0.229044,0.109777,0.059659,0.121089,0.039646,0.077922,0.132445,0.175581,0.034019,,1790400,,
1,1,,0.05183,0.352427,0.078461,0.125876,0.055792,0.072514,0.020276,0.076175,0.068048,0.0986,,1790400,,
1,1,,0.018495,0.333811,0.083981,0.134768,0.037,0.076866,0.038426,0.076611,0.070097,0.129944,,1793900,,
1,1,,0.01002,0.207364,0.16982,0.136888,0.04837,0.146543,0.074368,0.057437,0.044048,0.105143,,1807500,,
1,1,,0.047419,0.195347,0.171355,0.062939,0.104724,0.096716,0.046438,0.12487,0.096179,0.054013,,1785000,,
1,1,,0.071338,0.215209,0.125086,0.061809,0.121254,0.108862,0.063449,0.105172,0.084911,0.04291,,1781500,,
1,1,,0.155588,0.246156,0.058713,0.055921,0.114536,0.028542,0.117385,0.068231,0.123218,0.031711,,1790900,,
1,8,,0.099661,0.168463,0.14509,0.075453,0.070523,0.044074,0.124114,0.036485,0.201431,0.034706,,1789900,,
1,2,,0.011819,0.155596,0.196568,0.098991,0.040058,0.08483,0.15807,0.075222,0.108404,0.070443,,1786200,,
1,1,,0.024577,0.233689,0.115684,0.057018,0.151264,0.050598,0.040761,0.150698,0.143917,0.031795,,1780900,,
1,1,,0.029487,0.246255,0.088347,0.035212,0.070572,0.10351,0.200087,0.033689,0.164952,0.027888,,1782400,,
1,1,,0.096014,0.253529,0.059139,0.050835,0.095229,0.037172,0.05766,0.105638,0.194939,0.049845,,1778900,,
1,1,,0.013962,0.331031,0.092299,0.055312,0.054642,0.051848,0.029617,0.125926,0.197923,0.04744,,1809600,,
1,1,,0.037556,0.340393,0.079967,0.137352,0.055797,0.077507,0.021092,0.079248,0.078095,0.092993,,1784400,,
1,2,,0.040361,0.192171,0.204665,0.09882,0.076536,0.063485,0.05969,0.111906,0.096425,0.055942,,1798900,,
1,1,,0.023954,0.327919,0.083496,0.123162,0.095767,0.069994,0.03336,0.074461,0.069518,0.098369,,1774900,,
1,1,,0.010428,0.253207,0.120702,0.154465,0.034834,0.161763,0.067704,0.04767,0.059998,0.089228,,1786000,,
1,1,,0.059271,0.268564,0.143084,0.080147,0.049528,0.030861,0.039219,0.145664,0.145851,0.037811,,1784600,,
1,1,,0.010749,0.21876,0.141634,0.104996,0.077577,0.093629,0.028522,0.1777,0.080794,0.065638,,1785300,,
1,1,,0.02128,0.288847,0.121854,0.100537,0.056997,0.067117,0.027229,0.118605,0.105591,0.091943,,1777400,,
1,1,,0.028119,0.300698,0.078065,0.123087,0.100266,0.087976,0.066185,0.066846,0.053586,0.095171,,1781900,,
1,1,,0.041434,0.279837,0.056871,0.054875,0.190341,0.024643,0.052682,0.082389,0.183456,0.033472,,1789800,,
1,8,,0.119037,0.133783,0.115865,0.026159,0.0757,0.104506,0.148232,0.056391,0.183396,0.03693,,1783500,,
2,2,,0.02487,0.063565,0.298806,0.113669,0.069521,0.121709,0.062687,0.06343,0.098615,0.083129,,1785100,,
2,2,,0.01786,0.120483,0.232185,0.182108,0.033677,0.082315,0.053695,0.062316,0.075997,0.139364,,1781700,,
2,2,,0.01002,0.104647,0.267106,0.172422,0.032739,0.140508,0.063422,0.041789,0.076938,0.090411,,1785100,,
2,8,,0.057901,0.120668,0.127097,0.109706,0.038925,0.046513,0.057939,0.088136,0.292147,0.060967,,1783300,,
2,2,,0.075945,0.135535,0.158665,0.107412,0.107895,0.109113,0.070775,0.050907,0.153075,0.030679,,1785400,,
2,2,,0.018213,0.063767,0.21623,0.132188,0.083695,0.137943,0.039607,0.074645,0.072223,0.161489,,1783000,,
2,2,,0.03477,0.09627,0.179104,0.172127,0.05499,0.07491,0.024106,0.103517,0.096911,0.163295,,1770500,,
2,2,,0.137436,0.081595,0.185032,0.096063,0.075797,0.036126,0.093236,0.069057,0.179578,0.046081,,1804300,,
2,2,,0.027457,0.12782,0.294693,0.105196,0.043704,0.047774,0.019612,0.089589,0.195368,0.048786,,1787100,,
2,2,,0.080191,0.103412,0.292841,0.080674,0.082108,0.055088,0.04219,0.100719,0.126443,0.036335,,1781400,,
2,2,,0.010936,0.110802,0.288805,0.160966,0.036625,0.10453,0.04097,0.047451,0.092322,0.106594,,1784500,,
2,2,,0.07682,0.138412,0.172204,0.045028,0.038204,0.119463,0.119456,0.119184,0.137964,0.033265,,1780000,,
2,8,,0.067462,0.086387,0.209595,0.088888,0.059094,0.071286,0.038421,0.109236,0.228614,0.041017,,1784500,,
2,2,,0.01002,0.109384,0.354836,0.158976,0.040477,0.1143,0.017164,0.040917,0.069325,0.084602,,1780000,,
2,2,,0.010065,0.133452,0.239041,0.167245,0.057557,0.109838,0.072443,0.067447,0.04784,0.095072,,1781800,,
2,2,,0.09097,0.068887,0.192479,0.044931,0.083147,0.129194,0.113658,0.040887,0.176179,0.059668,,1788400,,
2,2,,0.010134,0.187018,0.221019,0.118179,0.046241,0.099342,0.061427,0.127788,0.075694,0.053156,,1789500,,
2,3,,0.011075,0.127112,0.198097,0.210987,0.051926,0.128603,0.035436,0.06935,0.074624,0.09279,,1787100,,
2,2,,0.018701,0.102844,0.306345,0.126367,0.057627,0.070464,0.073149,0.111914,0.076204,0.056385,,1785700,,
2,2,,0.010936,0.13703,0.288543,0.132434,0.055188,0.083566,0.036327,0.082997,0.076203,0.096778,,1783900,,
2,2,,0.011546,0.100652,0.347429,0.076996,0.067228,0.102247,0.058972,0.109616,0.07678,0.048535,,1781100,,
2,2,,0.01574,0.084386,0.283858,0.185659,0.041971,0.112741,0.024827,0.097145,0.072095,0.081578,,1779800,,
2,8,,0.107819,0.062188,0.132166,0.097978,0.065871,0.081989,0.086749,0.073773,0.220837,0.070632,,1787700,,
2,2,,0.019941,0.070814,0.194096,0.166643,0.048153,0.113112,0.028334,0.142335,0.111925,0.104647,,1783900,,
2,2,,0.070956,0.093312,0.212897,0.102026,0.056092,0.042401,0.073818,0.116226,0.197599,0.034673,,1793500,,
2,2,,0.010951,0.122561,0.331593,0.101284,0.051808,0.082649,0.038875,0.097919,0.070034,0.092326,,1797000,,
2,2,,0.039362,0.14358,0.227347,0.065113,0.054329,0.109103,0.080011,0.03537,0.214678,0.031107,,1786500,,
2,2,,0.071596,0.070922,0.229497,0.058278,0.061807,0.113296,0.139769,0.054623,0.166116,0.034095,,1784700,,
2,2,,0.024187,0.058135,0.315998,0.121428,0.062809,0.053997,0.032406,0.107518,0.17239,0.051131,,1786100,,
2,3,,0.015309,0.09837,0.163881,0.166588,0.058356,0.081906,0.087913,0.096262,0.073819,0.157597,,1782100,,
2,9,,0.086685,0.063624,0.160955,0.125663,0.061534,0.126227,0.025345,0.074568,0.048839,0.22656,,1773500,,
2,2,,0.019602,0.125135,0.18309,0.162072,0.036018,0.091174,0.057167,0.068487,0.075909,0.181347,,1782300,,
2,2,,0.013037,0.087453,0.26552,0.09997,0.036129,0.104549,0.109878,0.109609,0.114709,0.059146,,1786000,,
2,2,,0.010804,0.069467,0.283996,0.19089,0.048857,0.046879,0.020717,0.104069,0.163932,0.060389,,1804300,,
2,2,,0.013953,0.075025,0.284403,0.131825,0.049773,0.139532,0.088252,0.072788,0.053536,0.090913,,1796100,,
2,2,,0.011631,0.090999,0.302202,0.112387,0.075971,0.104769,0.056439,0.108437,0.076549,0.060616,,1799000,,
2,2,,0.010105,0.137646,0.294014,0.201091,0.032697,0.088576,0.033392,0.05114,0.051953,0.099387,,1790200,,
2,2,,0.010105,0.094204,0.287261,0.077281,0.077703,0.165148,0.078253,0.082439,0.050841,0.076764,,1783700,,
2,2,,0.045061,0.092326,0.188411,0.057967,0.074656,0.12244,0.099029,0.121041,0.09446,0.104609,,1792000,,
2,8,,0.09027,0.100147,0.136959,0.134076,0.06719,0.045723,0.042199,0.125086,0.210688,0.047662,,1790600,,
2,2,,0.055515,0.070058,0.208602,0.108263,0.097029,0.088402,0.095109,0.087689,0.142598,0.046734,,1791600,,
2,2,,0.011021,0.112252,0.311243,0.160598,0.044574,0.10924,0.025593,0.056805,0.071741,0.096933,,1785400,,
2,2,,0.011061,0.103067,0.268612,0.182672,0.051134,0.104941,0.017454,0.099136,0.066079,0.095845,,1794000,,
2,2,,0.010519,0.075082,0.287134,0.162145,0.033908,0.162427,0.06052,0.044854,0.064226,0.099187,,1788200,,
2,2,,0.026715,0.101389,0.225944,0.095775,0.065053,0.144927,0.079221,0.113369,0.092925,0.054681,,1789200,,
2,2,,0.010035,0.183023,0.30361,0.133817,0.028323,0.066426,0.017162,0.103415,0.072549,0.081639,,1786700,,
2,6,,0.110355,0.086251,0.122631,0.092302,0.130264,0.088386,0.137118,0.053784,0.135284,0.043625,,1787300,,
2,2,,0.010035,0.110311,0.339513,0.1,0.031853,0.104405,0.09908,0.081128,0.068033,0.055642,,1776400,,
2,2,,0.010035,0.167396,0.295528,0.151784,0.037781,0.067768,0.025047,0.092056,0.077953,0.074652,,1782100,,
2,6,,0.059464,0.077876,0.169513,0.057646,0.082332,0.096373,0.296221,0.033965,0.071819,0.054791,,1777800,,
2,9,,0.158666,0.059302,0.083563,0.101634,0.093533,0.089568,0.019075,0.092391,0.024646,0.277622,,1805700,,
2,2,,0.011296,0.112436,0.274204,0.1803,0.041255,0.099336,0.020013,0.059432,0.111147,0.090581,,1797700,,
2,1,,0.065702,0.182678,0.170543,0.065953,0.096283,0.053704,0.105154,0.055044,0.167701,0.037239,,1788500,,
2,2,,0.010065,0.138894,0.301173,0.140162,0.033617,0.089721,0.046296,0.088761,0.056097,0.095213,,1786100,,
2,8,,0.049854,0.077099,0.22547,0.101408,0.039734,0.08807,0.068664,0.079645,0.229904,0.040151,,1794100,,
2,2,,0.068,0.151614,0.225207,0.078785,0.100059,0.091394,0.087443,0.044596,0.119918,0.032984,,1780500,,
2,8,,0.042216,0.074259,0.151707,0.097909,0.096168,0.083881,0.157442,0.033377,0.211726,0.051316,,1776600,,
2,2,,0.032065,0.099207,0.217661,0.180806,0.045507,0.108262,0.026125,0.044841,0.074567,0.170959,,1776600,,
2,2,,0.017266,0.0729,0.274276,0.058655,0.088282,0.12101,0.074989,0.137345,0.096088,0.059189,,1783200,,
2,2,,0.016816,0.069734,0.307083,0.156256,0.046707,0.06407,0.029012,0.117544,0.129315,0.063464,,1797400,,
2,2,,0.010951,0.130245,0.300358,0.147734,0.072176,0.084461,0.026504,0.0861,0.094184,0.047286,,1799400,,
2,2,,0.015948,0.087026,0.257641,0.234492,0.043017,0.062489,0.020017,0.125581,0.091758,0.062031,,1791300,,
2,2,,0.01002,0.128544,0.300503,0.093222,0.039458,0.117593,0.064246,0.086759,0.073953,0.085703,,1788100,,
2,2,,0.01002,0.103877,0.341375,0.084816,0.058934,0.094361,0.052336,0.086598,0.122426,0.045257,,1777500,,
2,9,,0.019636,0.077245,0.116001,0.146715,0.084203,0.111378,0.025127,0.064258,0.097397,0.258039,,1783000,,
2,8,,0.062706,0.174496,0.135369,0.081738,0.074466,0.059235,0.099811,0.045574,0.229755,0.036851,,1778700,,
2,2,,0.01002,0.118525,0.328603,0.087649,0.035061,0.11532,0.059594,0.107876,0.055108,0.082246,,1775800,,
2,8,,0.070449,0.061512,0.148277,0.041922,0.060577,0.128665,0.121492,0.066904,0.239685,0.060517,,1785700,,
2,2,,0.011676,0.092734,0.301276,0.105596,0.059274,0.118739,0.0593,0.11578,0.079305,0.056321,,1778900,,
2,3,,0.014418,0.099264,0.168583,0.301739,0.042263,0.084211,0.043034,0.095107,0.063976,0.087404,,1808800,,
2,6,,0.134241,0.070402,0.15079,0.039065,0.08757,0.097887,0.211314,0.022902,0.139202,0.046627,,1788200,,
2,6,,0.131888,0.051765,0.118551,0.037423,0.088742,0.078916,0.334619,0.023764,0.090876,0.043456,,1784400,,
2,2,,0.017872,0.115347,0.182992,0.177244,0.036174,0.102505,0.053143,0.06963,0.088688,0.156404,,1781900,,
2,2,,0.012705,0.076174,0.288493,0.095429,0.06264,0.09416,0.075829,0.090528,0.138833,0.065207,,1781300,,
2,2,,0.052585,0.143795,0.240158,0.109408,0.06095,0.052028,0.026716,0.11715,0.148383,0.048827,,1783400,,
2,2,,0.010751,0.076139,0.271499,0.135356,0.052759,0.091806,0.072114,0.092764,0.142721,0.054092,,1790300,,
2,2,,0.071667,0.096205,0.279629,0.062614,0.075142,0.067665,0.111114,0.048516,0.140672,0.046777,,1772900,,
2,2,,0.018443,0.105995,0.220278,0.162367,0.092623,0.073537,0.046109,0.090669,0.096891,0.093088,,1775300,,
2,2,,0.01039,0.093003,0.348135,0.140176,0.037002,0.100312,0.054261,0.085768,0.074751,0.056202,,1783100,,
2,8,,0.138584,0.073526,0.065028,0.060845,0.081258,0.056034,0.096107,0.076005,0.249606,0.103007,,1782900,,
2,8,,0.078733,0.062028,0.195346,0.14004,0.09303,0.054315,0.057634,0.05134,0.195568,0.071966,,1776600,,
2,2,,0.010779,0.144279,0.261875,0.137619,0.044235,0.123187,0.016027,0.109164,0.053387,0.099449,,1786000,,
2,2,,0.080424,0.052171,0.163885,0.112567,0.040655,0.093709,0.14899,0.072884,0.123109,0.111607,,1781900,,
2,2,,0.014807,0.094328,0.235435,0.161602,0.078553,0.093398,0.025956,0.08594,0.102284,0.107696,,1785900,,
2,2,,0.170051,0.06096,0.187386,0.093969,0.069076,0.067951,0.043976,0.060936,0.184066,0.061628,,1777300,,
2,6,,0.07533,0.069798,0.159331,0.049108,0.099116,0.144612,0.164468,0.034726,0.144989,0.058523,,1772600,,
2,2,,0.014823,0.11676,0.235028,0.212919,0.062989,0.08501,0.032799,0.084058,0.064841,0.090774,,1766900,,
2,2,,0.11548,0.068671,0.204705,0.091802,0.066211,0.046633,0.071331,0.104948,0.174549,0.055671,,1803700,,
2,2,,0.010065,0.197485,0.204866,0.182842,0.036646,0.101505,0.038141,0.076592,0.055647,0.096212,,1783700,,
2,2,,0.010035,0.103468,0.305928,0.096767,0.037715,0.106758,0.087747,0.097055,0.058093,0.096434,,1772800,,
2,3,,0.016899,0.102136,0.16942,0.20878,0.041421,0.134174,0.014753,0.069619,0.073458,0.169339,,1784800,,
2,2,,0.141316,0.063726,0.200098,0.052379,0.075599,0.096254,0.160234,0.038586,0.1318,0.04001,,1777100,,
2,2,,0.010936,0.13656,0.342034,0.116718,0.049275,0.076228,0.024571,0.087215,0.078649,0.077814,,1776200,,
2,2,,0.02002,0.115149,0.218441,0.136905,0.038993,0.176946,0.081737,0.048065,0.066113,0.097632,,1776400,,
2,2,,0.01786,0.099331,0.365366,0.108662,0.037967,0.068596,0.06095,0.089412,0.100659,0.051197,,1776500,,
2,2,,0.010749,0.109656,0.292543,0.112422,0.066711,0.126859,0.020669,0.108219,0.064555,0.087616,,1773700,,
2,8,,0.068345,0.082284,0.176123,0.107495,0.08624,0.047833,0.113402,0.041185,0.234258,0.042833,,1781500,,
2,6,,0.062938,0.085347,0.136032,0.055799,0.044729,0.13475,0.201905,0.022378,0.188957,0.067165,,1775500,,
2,2,,0.079,0.062096,0.206135,0.054699,0.057536,0.12458,0.149313,0.070415,0.133794,0.062433,,1773600,,
2,8,,0.070915,0.145684,0.17684,0.048014,0.079948,0.066418,0.102247,0.058043,0.182122,0.06977,,1769800,,
2,2,,0.010036,0.106786,0.232027,0.173441,0.073119,0.116271,0.058152,0.083329,0.048385,0.098454,,4131200,,
2,1,,0.05983,0.172426,0.113359,0.117408,0.050714,0.079324,0.031606,0.128819,0.117416,0.129098,,3418400,,
2,6,,0.078416,0.066483,0.199504,0.063732,0.054179,0.093258,0.199906,0.028372,0.17039,0.045761,,3459400,,
2,2,,0.015992,0.104516,0.213733,0.160148,0.046738,0.082397,0.039235,0.08757,0.075728,0.173942,,3414800,,
2,2,,0.01002,0.158783,0.205013,0.168684,0.028614,0.145301,0.091253,0.037404,0.054797,0.100132,,3378100,,
2,2,,0.014807,0.0919,0.30212,0.15324,0.04025,0.095859,0.048257,0.084828,0.061751,0.106989,,1774100,,
2,2,,0.01002,0.144123,0.283575,0.153437,0.034868,0.113641,0.065442,0.042189,0.062381,0.090325,,1778000,,
2,2,,0.01241,0.134016,0.246293,0.082496,0.043745,0.089062,0.080419,0.144074,0.08057,0.086914,,1767500,,
2,2,,0.010409,0.0934,0.270959,0.149223,0.030641,0.162606,0.095874,0.037918,0.05304,0.095929,,1784500,,
2,2,,0.019826,0.11505,0.283067,0.104269,0.059395,0.067174,0.025981,0.113859,0.150354,0.061026,,1789400,,
2,2,,0.017288,0.09005,0.208947,0.208315,0.032253,0.078426,0.040455,0.07566,0.074877,0.173729,,1767400,,
2,8,,0.130963,0.103545,0.067306,0.065229,0.132693,0.03491,0.118877,0.073699,0.189228,0.08355,,1770000,,
3,2,,0.021587,0.068181,0.195253,0.176274,0.057767,0.060011,0.076824,0.102041,0.16214,0.079921,,1764800,,
3,3,,0.026212,0.093004,0.081116,0.296662,0.033717,0.093168,0.042905,0.07848,0.068039,0.186698,,1787900,,
3,2,,0.027296,0.105433,0.216438,0.122409,0.065146,0.147222,0.038734,0.065782,0.135305,0.076236,,1765500,,
3,7,,0.068788,0.101818,0.096062,0.154095,0.073055,0.058323,0.021413,0.207006,0.188813,0.030628,,1768300,,
3,3,,0.011835,0.099593,0.142426,0.343285,0.038925,0.114285,0.020465,0.053779,0.067017,0.108391,,1764000,,
3,3,,0.010907,0.138227,0.157284,0.231636,0.049939,0.126554,0.044386,0.058524,0.081881,0.100662,,1775500,,
3,3,,0.029108,0.10344,0.1111,0.228105,0.045152,0.110387,0.02477,0.111584,0.079092,0.157262,,1771000,,
3,3,,0.015217,0.094478,0.116574,0.249333,0.040317,0.094947,0.029296,0.060145,0.088471,0.211222,,1767700,,
3,3,,0.010351,0.13933,0.128915,0.325358,0.039952,0.113354,0.024835,0.05423,0.060532,0.103142,,1767300,,
3,3,,0.017049,0.1088,0.094621,0.298192,0.046474,0.1139,0.043341,0.098853,0.081961,0.096807,,1775400,,
3,3,,0.021235,0.088294,0.096411,0.233171,0.048671,0.105755,0.03258,0.096531,0.103522,0.17383,,1765900,,
3,3,,0.017929,0.074308,0.08656,0.338172,0.03022,0.069183,0.08121,0.088474,0.071716,0.142227,,1766100,,
3,3,,0.020735,0.086942,0.094459,0.30453,0.046285,0.090874,0.01926,0.083537,0.112529,0.140849,,1774900,,
3,3,,0.01943,0.095618,0.096503,0.220398,0.060674,0.118463,0.015934,0.116848,0.106418,0.149714,,1765300,,
3,7,,0.020231,0.077032,0.141299,0.113724,0.0863,0.092204,0.01269,0.278309,0.105539,0.072672,,2573400,,
3,4,,0.032214,0.093808,0.111038,0.095387,0.211979,0.122323,0.024307,0.108653,0.110377,0.089914,,3420000,,
3,3,,0.011045,0.151982,0.145687,0.223688,0.050496,0.128534,0.019084,0.092665,0.06529,0.111529,,2586600,,
3,3,,0.026023,0.114477,0.095417,0.256149,0.050064,0.111559,0.021312,0.06148,0.054999,0.20852,,1756900,,
3,7,,0.024424,0.082049,0.06503,0.188832,0.053424,0.115502,0.01566,0.221318,0.069687,0.164074,,1759100,,
3,3,,0.011763,0.129228,0.134116,0.260198,0.043774,0.108179,0.085956,0.051561,0.056899,0.118325,,1755500,,
3,5,,0.016351,0.131285,0.116602,0.152828,0.055467,0.207387,0.021218,0.119218,0.123791,0.055853,,1764800,,
3,3,,0.01845,0.114737,0.142602,0.244976,0.035019,0.081093,0.029055,0.086519,0.095793,0.151756,,1777300,,
3,8,,0.02467,0.175845,0.102118,0.093541,0.107804,0.12792,0.038298,0.105974,0.181671,0.04216,,1765400,,
3,2,,0.019005,0.143918,0.171805,0.169528,0.069194,0.04307,0.030087,0.106447,0.132867,0.114078,,1760500,,
3,3,,0.018553,0.121854,0.091673,0.255487,0.076238,0.092927,0.043594,0.072841,0.090823,0.136011,,1776900,,
3,3,,0.016098,0.095552,0.100824,0.252051,0.045185,0.112414,0.014637,0.130518,0.087342,0.145378,,1762000,,
3,2,,0.085819,0.066543,0.24511,0.157416,0.080044,0.072663,0.022483,0.092637,0.053166,0.124118,,1768400,,
3,9,,0.016854,0.093014,0.088018,0.145453,0.080235,0.113182,0.038875,0.103983,0.092269,0.228118,,1765000,,
3,3,,0.022038,0.080422,0.147844,0.291823,0.054531,0.096858,0.018796,0.063596,0.066757,0.157335,,1765700,,
3,2,,0.05336,0.084736,0.176387,0.139355,0.083767,0.084002,0.02294,0.139621,0.072345,0.143486,,1750800,,
3,3,,0.019459,0.109114,0.096318,0.249753,0.042504,0.096916,0.014759,0.110553,0.126586,0.134038,,1769100,,
3,3,,0.018003,0.106618,0.08411,0.257275,0.040432,0.101314,0.038554,0.082284,0.121891,0.149518,,1765800,,
3,3,,0.02217,0.140317,0.156855,0.198117,0.042238,0.076441,0.043238,0.141805,0.081787,0.097034,,1760200,,
3,3,,0.01424,0.126467,0.162814,0.187594,0.107092,0.169911,0.027986,0.058111,0.0379,0.107884,,1796300,,
3,3,,0.017902,0.145709,0.124595,0.324919,0.029582,0.098795,0.02817,0.046065,0.056517,0.127745,,1764300,,
3,9,,0.015409,0.101167,0.087014,0.168377,0.050097,0.101782,0.035095,0.118429,0.138891,0.183738,,1758700,,
3,5,,0.011053,0.093487,0.074298,0.138985,0.052774,0.26145,0.10194,0.069481,0.066926,0.129606,,1760500,,
3,3,,0.012394,0.116142,0.185224,0.240454,0.048353,0.112437,0.025801,0.050582,0.085602,0.123011,,1764400,,
3,3,,0.011636,0.127885,0.105531,0.324901,0.048197,0.092693,0.02615,0.052432,0.047513,0.163062,,1763700,,
3,3,,0.024276,0.064953,0.09871,0.269161,0.05689,0.084178,0.021257,0.085283,0.077853,0.21744,,1771600,,
