optdigits,CWE,test,2,NANOSECONDS,PREDICTIONS, Generated by ClassifierExperiments.java on 2022-05-15 22:00:05.    SYSTEMPROPERTIES:{user.name:matth,os.arch:amd64,os.name:Windows 10},ENDSYSTEMPROPERTIES
No parameter info
0.8007085916740478,3635640800,2306533200,-1,99204208,10,,-1,-1
0,0,,0.421987,0.038853,0.027039,0.020624,0.126061,0.037709,0.140568,0.054514,0.087141,0.045501,,2219100,,
0,0,,0.334005,0.056794,0.048822,0.024486,0.152007,0.098639,0.030896,0.067761,0.141896,0.044693,,1994400,,
0,0,,0.442655,0.042207,0.102526,0.042107,0.055668,0.033478,0.06732,0.085591,0.048586,0.079861,,1963500,,
0,0,,0.40541,0.040811,0.028784,0.018828,0.14724,0.019781,0.135073,0.056466,0.104265,0.043343,,2006700,,
0,0,,0.594651,0.03074,0.029052,0.021868,0.077438,0.034784,0.048298,0.060309,0.049834,0.053026,,1997500,,
0,0,,0.516215,0.036354,0.035255,0.025611,0.059012,0.030861,0.090203,0.04258,0.122734,0.041175,,1954700,,
0,0,,0.455366,0.046464,0.024254,0.016055,0.115121,0.025284,0.135623,0.052792,0.056655,0.072385,,1947400,,
0,0,,0.336189,0.063919,0.091869,0.022315,0.144404,0.071264,0.040869,0.084031,0.102786,0.042353,,1941600,,
0,0,,0.471846,0.039689,0.02962,0.026079,0.116351,0.029237,0.126787,0.043674,0.0658,0.050916,,2039900,,
0,0,,0.469132,0.051304,0.036809,0.021779,0.09775,0.032985,0.102796,0.048737,0.087,0.051708,,1982700,,
0,0,,0.431716,0.053302,0.039989,0.016499,0.109251,0.017851,0.119229,0.05537,0.095489,0.061305,,1953900,,
0,0,,0.516498,0.024682,0.058387,0.019773,0.065409,0.042043,0.050683,0.066095,0.104055,0.052374,,2018500,,
0,0,,0.504609,0.042049,0.025976,0.021057,0.064356,0.028283,0.088251,0.050075,0.122547,0.052797,,2024400,,
0,0,,0.384141,0.056538,0.039264,0.024178,0.126482,0.03605,0.132267,0.063949,0.074439,0.062692,,1990400,,
0,0,,0.527665,0.038092,0.033569,0.02335,0.081326,0.038508,0.050258,0.064234,0.091129,0.051868,,1927400,,
0,0,,0.379228,0.053846,0.035225,0.017707,0.080727,0.052308,0.106684,0.065443,0.136363,0.072469,,1955800,,
0,0,,0.596077,0.036497,0.033388,0.027988,0.059143,0.039058,0.049273,0.053991,0.050263,0.054323,,1983100,,
0,0,,0.426796,0.048243,0.039218,0.023178,0.099643,0.022625,0.099112,0.055389,0.126852,0.058944,,1999100,,
0,0,,0.473718,0.042156,0.038576,0.020632,0.092924,0.022822,0.120627,0.048286,0.098649,0.041611,,1951600,,
0,0,,0.191897,0.056109,0.051814,0.027143,0.133369,0.076263,0.165314,0.05986,0.14866,0.089571,,1948100,,
0,0,,0.412113,0.053623,0.048641,0.018037,0.098988,0.033847,0.133596,0.04884,0.096053,0.056262,,2115100,,
0,0,,0.43145,0.041832,0.042584,0.018393,0.106989,0.056302,0.062883,0.067494,0.11974,0.052335,,2019300,,
0,0,,0.460132,0.04158,0.02656,0.019336,0.126304,0.028902,0.131943,0.05019,0.062108,0.052944,,1999900,,
0,0,,0.659269,0.025549,0.02643,0.042795,0.045794,0.03098,0.03929,0.042413,0.045964,0.041517,,1971100,,
0,0,,0.467063,0.039673,0.068325,0.014217,0.098466,0.045726,0.050014,0.060946,0.09504,0.060531,,1953000,,
0,0,,0.532076,0.043532,0.037885,0.024755,0.086904,0.033187,0.050344,0.05786,0.083893,0.049563,,1942200,,
0,0,,0.476068,0.040074,0.053614,0.043536,0.072502,0.026255,0.112283,0.054563,0.089954,0.031151,,1956800,,
0,0,,0.486716,0.044685,0.028505,0.020955,0.073005,0.025474,0.105788,0.049655,0.122906,0.04231,,2002100,,
0,0,,0.524489,0.04188,0.040524,0.022828,0.084316,0.034758,0.047607,0.062102,0.092123,0.049373,,2002700,,
0,0,,0.504454,0.047915,0.033466,0.021648,0.084795,0.03667,0.056888,0.066203,0.095795,0.052165,,2010500,,
0,0,,0.418853,0.043473,0.022922,0.020639,0.130301,0.038744,0.134957,0.049868,0.087737,0.052506,,1944000,,
0,0,,0.352282,0.065578,0.112584,0.027087,0.074866,0.070214,0.038849,0.106228,0.072055,0.080256,,1997700,,
0,0,,0.459349,0.041684,0.021903,0.016646,0.123678,0.028701,0.122431,0.055278,0.060619,0.069712,,1999200,,
0,0,,0.349865,0.086184,0.080349,0.030536,0.080631,0.04493,0.065775,0.076794,0.104957,0.07998,,1982400,,
0,0,,0.420478,0.036436,0.033462,0.024996,0.121017,0.035991,0.129758,0.051233,0.085432,0.061197,,1942300,,
0,0,,0.371182,0.050786,0.030464,0.024807,0.176401,0.023197,0.1363,0.062722,0.0864,0.037741,,1945200,,
0,0,,0.47708,0.063097,0.049324,0.025206,0.074522,0.028205,0.054872,0.075831,0.098199,0.053664,,1983600,,
0,0,,0.521419,0.040308,0.029507,0.028885,0.066773,0.046157,0.060382,0.063815,0.076411,0.066342,,1943000,,
0,0,,0.587033,0.030845,0.035548,0.024664,0.060029,0.031727,0.057737,0.076108,0.044006,0.052303,,1941000,,
0,0,,0.474318,0.061353,0.032238,0.021425,0.087921,0.043123,0.043871,0.059731,0.095516,0.080503,,2000400,,
0,0,,0.439389,0.038565,0.034887,0.019606,0.106656,0.034382,0.103671,0.066752,0.099618,0.056475,,1993300,,
0,0,,0.369533,0.05181,0.036078,0.022136,0.14223,0.024417,0.144221,0.056911,0.084048,0.068616,,1970800,,
0,0,,0.45279,0.040691,0.044713,0.020905,0.071826,0.034951,0.121194,0.051998,0.099334,0.061599,,1939600,,
0,0,,0.412479,0.052859,0.024746,0.015888,0.128689,0.024537,0.13522,0.071227,0.065049,0.069305,,2048400,,
0,0,,0.615918,0.038947,0.026799,0.023844,0.049774,0.03379,0.041632,0.052223,0.046407,0.070667,,1995600,,
0,0,,0.468073,0.051921,0.021909,0.017336,0.107326,0.029639,0.128962,0.048412,0.057474,0.068948,,2029500,,
0,0,,0.660678,0.029498,0.031955,0.022094,0.048269,0.032788,0.02803,0.044141,0.046723,0.055824,,2174900,,
0,0,,0.457087,0.039532,0.037844,0.03227,0.114865,0.021155,0.136452,0.048688,0.069318,0.042789,,2097900,,
0,0,,0.405945,0.079506,0.048789,0.036006,0.075134,0.032753,0.066085,0.086602,0.090539,0.07864,,2035700,,
0,0,,0.450579,0.041066,0.029717,0.026227,0.08128,0.021693,0.116688,0.049332,0.135128,0.04829,,2000800,,
0,0,,0.378433,0.045175,0.034197,0.020209,0.207163,0.061347,0.115458,0.057115,0.046693,0.034209,,1981000,,
0,0,,0.458684,0.066981,0.060161,0.033494,0.064725,0.045857,0.060543,0.069742,0.093124,0.046688,,1978200,,
0,0,,0.35947,0.072031,0.071303,0.031318,0.123365,0.09009,0.024102,0.049048,0.138685,0.040589,,1960400,,
0,0,,0.448141,0.047944,0.037268,0.020103,0.057314,0.052596,0.122391,0.049345,0.115467,0.049428,,1996600,,
0,0,,0.433102,0.045338,0.061681,0.030443,0.085571,0.026412,0.050611,0.070665,0.135256,0.060921,,1986100,,
0,0,,0.293512,0.095494,0.075509,0.032757,0.091417,0.110172,0.021812,0.088607,0.087256,0.103465,,2069000,,
0,0,,0.280093,0.05451,0.038733,0.022187,0.155409,0.028433,0.211461,0.055259,0.085333,0.068581,,1982100,,
0,0,,0.439127,0.037884,0.049921,0.025172,0.127486,0.024501,0.101078,0.058214,0.094108,0.042509,,1967000,,
0,0,,0.454452,0.048349,0.054041,0.019788,0.063918,0.030015,0.096507,0.051875,0.133267,0.047788,,1950000,,
0,0,,0.460789,0.026612,0.035114,0.023688,0.138561,0.021722,0.080723,0.049287,0.12035,0.043153,,1932000,,
0,0,,0.510438,0.035937,0.030059,0.022212,0.104314,0.034002,0.071816,0.05413,0.061142,0.07595,,1974800,,
0,0,,0.469357,0.04567,0.0379,0.032209,0.08833,0.063557,0.038764,0.071312,0.107626,0.045276,,2113800,,
0,0,,0.316047,0.04711,0.024767,0.043971,0.220644,0.034763,0.126269,0.058218,0.094818,0.033392,,1998300,,
0,0,,0.493808,0.05327,0.037183,0.025869,0.091774,0.034768,0.056888,0.063593,0.090667,0.05218,,2054000,,
0,0,,0.432681,0.073529,0.049654,0.031264,0.074314,0.028844,0.057234,0.078392,0.100911,0.073177,,1972800,,
0,0,,0.475629,0.048668,0.039844,0.019739,0.099287,0.023555,0.114639,0.053292,0.084245,0.041101,,1998600,,
0,0,,0.422453,0.049588,0.026059,0.018696,0.138362,0.03151,0.144481,0.046477,0.070425,0.051949,,2049900,,
0,0,,0.456179,0.04916,0.024008,0.018014,0.109354,0.028511,0.13024,0.05208,0.060143,0.072311,,2060400,,
0,0,,0.525583,0.03655,0.034717,0.022278,0.061831,0.023914,0.075399,0.047126,0.122369,0.050232,,2022600,,
0,0,,0.505357,0.042615,0.036209,0.022145,0.072927,0.022664,0.118925,0.049126,0.09126,0.038773,,1986500,,
0,0,,0.479418,0.039523,0.026788,0.021599,0.105735,0.02425,0.139383,0.039748,0.083608,0.039948,,2584100,,
0,0,,0.378617,0.043143,0.056278,0.032238,0.085377,0.047471,0.11308,0.056135,0.114344,0.073317,,2939000,,
0,0,,0.443539,0.062612,0.051861,0.017947,0.064553,0.029903,0.111249,0.049936,0.089746,0.078654,,2053200,,
0,0,,0.544806,0.039344,0.041503,0.022514,0.071618,0.034028,0.052473,0.057167,0.084757,0.051789,,1996300,,
0,0,,0.425985,0.048625,0.069044,0.019846,0.082289,0.030445,0.129828,0.050115,0.107147,0.036676,,2000800,,
0,0,,0.498783,0.041942,0.037283,0.021052,0.093444,0.038458,0.059822,0.064946,0.093855,0.050416,,2093100,,
0,0,,0.448475,0.039358,0.029365,0.018828,0.120566,0.021481,0.159064,0.057408,0.061851,0.043604,,1959500,,
0,0,,0.484854,0.068974,0.046577,0.029746,0.067185,0.030717,0.063339,0.061966,0.089636,0.057005,,2278300,,
0,0,,0.477274,0.043018,0.033382,0.021254,0.090051,0.032172,0.112616,0.049299,0.089696,0.051238,,2069200,,
0,0,,0.401714,0.041956,0.031302,0.025835,0.143794,0.023811,0.138169,0.071098,0.071329,0.050992,,1958800,,
0,0,,0.454414,0.052086,0.024404,0.01958,0.105125,0.048488,0.128553,0.0399,0.053392,0.074058,,2031700,,
0,0,,0.44486,0.060148,0.06054,0.028771,0.069168,0.066339,0.036495,0.089159,0.088304,0.056216,,1963600,,
0,0,,0.444886,0.036726,0.034933,0.025707,0.072673,0.035485,0.108106,0.059603,0.133125,0.048757,,1983300,,
0,0,,0.512026,0.039662,0.035356,0.02038,0.070083,0.025936,0.089106,0.045342,0.121046,0.041063,,2015500,,
0,0,,0.146811,0.11633,0.116115,0.041405,0.131352,0.077835,0.034464,0.109916,0.092453,0.13332,,1964700,,
0,0,,0.359772,0.069486,0.065404,0.020519,0.068064,0.047022,0.143747,0.0438,0.114767,0.06742,,2039400,,
0,0,,0.615652,0.03931,0.02799,0.022882,0.048532,0.029835,0.041632,0.058087,0.044996,0.071084,,2019900,,
0,0,,0.618231,0.032604,0.037116,0.033569,0.072221,0.037977,0.039512,0.044804,0.051664,0.032302,,2023200,,
0,0,,0.422853,0.041733,0.030279,0.027551,0.126915,0.041258,0.136947,0.045718,0.07436,0.052387,,1978700,,
0,0,,0.370993,0.054246,0.053115,0.016573,0.076322,0.049663,0.090844,0.050619,0.138109,0.099516,,1975100,,
0,0,,0.476757,0.046065,0.046691,0.026869,0.113127,0.041521,0.058118,0.060115,0.087502,0.043236,,1975700,,
0,0,,0.431745,0.045548,0.042782,0.035781,0.082077,0.053712,0.065151,0.065197,0.119169,0.058838,,1954300,,
0,0,,0.622565,0.031541,0.037451,0.030376,0.048341,0.033022,0.041632,0.055999,0.051817,0.047256,,1994800,,
0,0,,0.611166,0.032071,0.031271,0.026192,0.052318,0.039784,0.042277,0.054551,0.052497,0.057873,,2026700,,
0,0,,0.519353,0.054105,0.037684,0.020468,0.080117,0.03991,0.047909,0.054804,0.091526,0.054124,,2092000,,
0,0,,0.404074,0.064841,0.031123,0.036908,0.093782,0.036937,0.105378,0.04284,0.139117,0.045001,,2172400,,
0,0,,0.57062,0.031277,0.03251,0.025714,0.064799,0.028346,0.058505,0.051354,0.049939,0.086936,,1966500,,
0,0,,0.469245,0.045662,0.029055,0.019809,0.139509,0.026979,0.115662,0.059097,0.057766,0.037217,,2037700,,
0,0,,0.484041,0.05453,0.033563,0.017846,0.075391,0.026454,0.110108,0.04873,0.089825,0.059512,,2018600,,
0,0,,0.426378,0.066131,0.054226,0.037486,0.072294,0.029033,0.055944,0.085563,0.095146,0.077801,,1964800,,
0,0,,0.54429,0.037689,0.035833,0.020391,0.0774,0.031564,0.03949,0.062582,0.094136,0.056626,,2084200,,
0,0,,0.471275,0.047113,0.035304,0.026118,0.090808,0.079664,0.051959,0.059569,0.086862,0.051328,,2110400,,
0,0,,0.461382,0.047008,0.044188,0.028026,0.07323,0.02108,0.112846,0.043046,0.130874,0.038319,,2013400,,
0,0,,0.446181,0.037776,0.030513,0.033424,0.128481,0.032022,0.10566,0.063978,0.088711,0.033255,,2027700,,
0,0,,0.46827,0.038634,0.029642,0.019301,0.119973,0.027543,0.131867,0.047976,0.071082,0.045712,,2030800,,
0,0,,0.419147,0.054263,0.024637,0.015888,0.129411,0.018904,0.148328,0.05847,0.064408,0.066543,,1971600,,
0,0,,0.405906,0.051621,0.041168,0.021508,0.095457,0.093212,0.053519,0.069365,0.099555,0.068688,,2011300,,
0,0,,0.537312,0.039939,0.033668,0.016834,0.075506,0.035482,0.045684,0.06125,0.086857,0.067469,,1969000,,
0,0,,0.46054,0.063153,0.064126,0.027788,0.064337,0.058752,0.028483,0.071165,0.103477,0.058179,,2026400,,
0,0,,0.43972,0.047283,0.022165,0.017223,0.13772,0.033354,0.132016,0.051209,0.060148,0.059162,,1962200,,
0,0,,0.613058,0.030898,0.037526,0.030598,0.054708,0.037616,0.038179,0.052588,0.050096,0.054733,,2082300,,
1,1,,0.055232,0.170969,0.111015,0.065606,0.142803,0.064708,0.104328,0.104374,0.106453,0.074513,,1985400,,
1,6,,0.115739,0.161288,0.065422,0.045112,0.088087,0.089625,0.17926,0.047681,0.157534,0.050251,,1937000,,
1,3,,0.014143,0.152852,0.129341,0.157185,0.061141,0.112879,0.078545,0.059163,0.124474,0.110277,,1970400,,
1,2,,0.014143,0.118996,0.191387,0.087605,0.070254,0.080379,0.146797,0.106445,0.141628,0.042367,,1973300,,
1,1,,0.042371,0.400526,0.091529,0.038627,0.056189,0.048378,0.081449,0.063391,0.138639,0.038899,,2005600,,
1,1,,0.042806,0.305305,0.076895,0.108829,0.069003,0.09335,0.029909,0.08023,0.086351,0.107323,,2081800,,
1,1,,0.01009,0.242933,0.178354,0.134361,0.058589,0.101214,0.031505,0.122171,0.06524,0.055543,,1982200,,
1,1,,0.037834,0.244167,0.088679,0.041796,0.14209,0.054154,0.063764,0.122365,0.143589,0.061561,,2033300,,
1,1,,0.12518,0.354613,0.06342,0.058407,0.057262,0.020563,0.114472,0.049239,0.130106,0.026736,,1998900,,
1,8,,0.047927,0.153287,0.156626,0.042174,0.123472,0.056054,0.084442,0.058775,0.256164,0.021079,,1994800,,
1,1,,0.034652,0.241873,0.223422,0.067037,0.077511,0.084871,0.036756,0.100645,0.091499,0.041733,,2015800,,
1,1,,0.013249,0.379243,0.061856,0.117861,0.07729,0.124484,0.024041,0.051393,0.054495,0.096089,,1991100,,
1,1,,0.056428,0.202606,0.089708,0.083736,0.154924,0.074182,0.061133,0.124004,0.078467,0.074812,,2074600,,
1,5,,0.010821,0.141918,0.135037,0.151068,0.061397,0.163136,0.057867,0.052004,0.099548,0.127203,,2144900,,
1,1,,0.065776,0.345376,0.104774,0.060693,0.065859,0.037453,0.044617,0.105345,0.148738,0.021369,,2008500,,
1,9,,0.01776,0.108813,0.109969,0.147164,0.045985,0.13788,0.062261,0.066659,0.046639,0.256871,,2001900,,
1,1,,0.055247,0.249259,0.086044,0.041674,0.15421,0.077191,0.054474,0.093191,0.08796,0.100751,,2056800,,
1,1,,0.009997,0.35057,0.095193,0.112579,0.081415,0.082458,0.036033,0.052323,0.082926,0.096506,,2089700,,
1,1,,0.030896,0.409826,0.098716,0.06164,0.080179,0.027516,0.040906,0.088075,0.127023,0.035224,,1971500,,
1,1,,0.03468,0.409755,0.10709,0.053665,0.071489,0.02985,0.022289,0.086245,0.140834,0.044104,,1979100,,
1,9,,0.08927,0.180446,0.048137,0.135085,0.097123,0.103318,0.024004,0.070696,0.055097,0.196825,,1970400,,
1,1,,0.022892,0.184049,0.106272,0.065584,0.150217,0.123829,0.09625,0.11959,0.061695,0.069621,,2007000,,
1,1,,0.03757,0.205608,0.1175,0.0631,0.109467,0.115921,0.0419,0.087646,0.152906,0.068382,,2061200,,
1,1,,0.020739,0.487122,0.110648,0.044508,0.07802,0.035423,0.027778,0.069523,0.099052,0.027186,,2006100,,
1,1,,0.064489,0.343624,0.055635,0.099068,0.075089,0.088886,0.045183,0.0713,0.063681,0.093043,,1971600,,
1,1,,0.096593,0.359874,0.032508,0.03316,0.127258,0.026076,0.161257,0.055393,0.079646,0.028236,,2012100,,
1,1,,0.088678,0.22689,0.082659,0.042012,0.08931,0.097349,0.099808,0.087264,0.159807,0.026224,,1958300,,
1,1,,0.079582,0.362621,0.068111,0.040333,0.084457,0.024534,0.058922,0.106247,0.138691,0.036502,,2063100,,
1,1,,0.017842,0.365211,0.114142,0.079397,0.051858,0.053918,0.022289,0.157219,0.073562,0.064562,,1994700,,
1,1,,0.029674,0.293515,0.140801,0.117375,0.056698,0.060219,0.040497,0.103075,0.088444,0.069704,,1955300,,
1,1,,0.109721,0.305885,0.064311,0.070961,0.069508,0.02441,0.096869,0.061093,0.16637,0.030872,,1975400,,
1,1,,0.009997,0.236923,0.112857,0.151735,0.051059,0.102777,0.06389,0.061197,0.104871,0.104696,,2024200,,
1,8,,0.09179,0.132276,0.089343,0.068966,0.117223,0.0628,0.144627,0.055097,0.217268,0.020609,,1985300,,
1,2,,0.011226,0.115785,0.199734,0.062425,0.071584,0.101651,0.110237,0.149286,0.096657,0.081413,,2047100,,
1,1,,0.018897,0.514298,0.048334,0.035611,0.093229,0.028618,0.038162,0.10583,0.095232,0.021789,,2036000,,
1,2,,0.010167,0.13345,0.155374,0.138189,0.100273,0.136706,0.035058,0.133223,0.059375,0.098185,,2004300,,
1,1,,0.017752,0.281001,0.074729,0.117293,0.087614,0.102467,0.038659,0.064371,0.084692,0.131422,,2202900,,
1,1,,0.023464,0.370541,0.052652,0.103664,0.065239,0.107733,0.028251,0.07524,0.056923,0.116291,,2010900,,
1,9,,0.034005,0.077,0.069416,0.10928,0.095887,0.113287,0.088586,0.07009,0.025198,0.31725,,1973500,,
1,7,,0.071192,0.125454,0.127078,0.11735,0.116793,0.04752,0.044979,0.147492,0.132256,0.069886,,1982200,,
1,8,,0.11004,0.167677,0.088114,0.032475,0.150918,0.066173,0.11104,0.070524,0.185283,0.017756,,1997400,,
1,1,,0.103037,0.20646,0.074535,0.045769,0.17178,0.018355,0.156401,0.061305,0.122634,0.039725,,2029000,,
1,1,,0.049207,0.38893,0.071945,0.038774,0.090999,0.049642,0.088736,0.066711,0.136487,0.018571,,1973200,,
1,1,,0.077794,0.367208,0.085913,0.035165,0.101828,0.02373,0.128459,0.039435,0.125276,0.015194,,2027100,,
1,1,,0.011088,0.181029,0.116338,0.153644,0.063564,0.091897,0.075209,0.091041,0.119946,0.096246,,1944000,,
1,2,,0.014288,0.112007,0.219543,0.103938,0.036057,0.147581,0.105126,0.053112,0.103283,0.105064,,2026100,,
1,3,,0.027704,0.151504,0.086927,0.20848,0.047761,0.113693,0.015146,0.073729,0.1073,0.167756,,2016900,,
1,1,,0.010588,0.225515,0.125128,0.123711,0.105845,0.129174,0.038802,0.062154,0.078873,0.100211,,1998500,,
1,1,,0.009909,0.238025,0.114805,0.112918,0.044758,0.166827,0.075017,0.04837,0.09105,0.098321,,1993300,,
1,1,,0.09902,0.334142,0.098858,0.059035,0.063221,0.029732,0.053921,0.086478,0.151639,0.023955,,2000200,,
1,1,,0.040239,0.278397,0.071894,0.147899,0.085871,0.081341,0.040672,0.085353,0.07423,0.094104,,1975600,,
1,1,,0.036367,0.341508,0.052379,0.134118,0.099844,0.095897,0.028522,0.064106,0.043057,0.104202,,2038200,,
1,1,,0.014183,0.384084,0.107418,0.076909,0.062238,0.079614,0.022917,0.13289,0.06592,0.053828,,1976200,,
1,1,,0.105833,0.239353,0.055449,0.04257,0.112718,0.030354,0.067729,0.109138,0.204078,0.032777,,1969500,,
1,1,,0.026893,0.174319,0.114915,0.139799,0.075375,0.128557,0.051165,0.0764,0.083255,0.129322,,1947200,,
1,1,,0.032174,0.22146,0.067614,0.134381,0.054703,0.119385,0.03038,0.073087,0.124675,0.142141,,2014200,,
1,1,,0.030696,0.335283,0.061433,0.137548,0.046421,0.138764,0.015492,0.059249,0.056328,0.118788,,1975200,,
1,1,,0.129315,0.320254,0.064162,0.039217,0.068107,0.027661,0.093197,0.063209,0.16372,0.031157,,2051400,,
1,1,,0.010273,0.247317,0.118149,0.145055,0.062685,0.1417,0.037629,0.060502,0.087906,0.088783,,2063500,,
1,1,,0.09796,0.349986,0.072992,0.039171,0.05163,0.036762,0.064661,0.081076,0.161844,0.04392,,2171900,,
1,1,,0.065118,0.241676,0.061909,0.106446,0.102501,0.094553,0.062382,0.068517,0.086333,0.110566,,2051600,,
1,1,,0.010771,0.213094,0.113485,0.128285,0.102287,0.121479,0.059519,0.063071,0.090663,0.097346,,2030800,,
1,1,,0.02812,0.232125,0.117696,0.13065,0.101658,0.082541,0.03101,0.076576,0.080074,0.119551,,1972700,,
1,4,,0.080335,0.116775,0.083548,0.03786,0.281022,0.044632,0.193893,0.063499,0.077791,0.020645,,2016100,,
1,1,,0.022129,0.426922,0.050629,0.075029,0.067297,0.066113,0.023206,0.133395,0.071045,0.064237,,1947800,,
1,1,,0.009924,0.233924,0.127581,0.071318,0.132314,0.109589,0.053931,0.13415,0.059348,0.067922,,2066300,,
1,1,,0.020455,0.396472,0.053239,0.094737,0.03624,0.123652,0.02416,0.06829,0.056863,0.125892,,2046500,,
1,1,,0.010273,0.250756,0.121086,0.15086,0.051143,0.135504,0.041355,0.060307,0.08785,0.090866,,2005200,,
1,4,,0.009909,0.163338,0.158537,0.110481,0.197267,0.08188,0.026066,0.122247,0.060108,0.070167,,1955600,,
1,1,,0.018819,0.25459,0.182968,0.097827,0.111056,0.066513,0.049563,0.090579,0.096701,0.031384,,1978600,,
1,1,,0.009946,0.308491,0.065623,0.143454,0.094201,0.104478,0.025051,0.05128,0.062711,0.134764,,1968700,,
1,1,,0.088081,0.265938,0.054208,0.047907,0.086547,0.044246,0.1352,0.063359,0.193719,0.020795,,1961100,,
1,5,,0.009892,0.152523,0.131843,0.105901,0.055955,0.19359,0.075023,0.052688,0.125251,0.097334,,1969600,,
1,1,,0.013051,0.423561,0.107965,0.06344,0.115133,0.043686,0.023177,0.081574,0.085581,0.042833,,1984100,,
1,1,,0.05118,0.27589,0.072188,0.119038,0.067843,0.095841,0.051032,0.066337,0.086002,0.114649,,2126600,,
1,1,,0.062674,0.205889,0.083686,0.066847,0.169139,0.068234,0.146944,0.092499,0.083748,0.020341,,2663200,,
1,1,,0.0363,0.357757,0.093152,0.0448,0.093634,0.037795,0.02093,0.122321,0.08711,0.106201,,2587000,,
1,1,,0.028856,0.197039,0.064103,0.134753,0.06042,0.108565,0.059029,0.072177,0.116573,0.158484,,2000800,,
1,1,,0.053877,0.261553,0.054047,0.14632,0.073435,0.113439,0.037725,0.07871,0.074629,0.106265,,1973900,,
1,9,,0.023277,0.156389,0.06551,0.174055,0.107555,0.107457,0.018235,0.071207,0.027616,0.248697,,1997200,,
1,1,,0.059826,0.267004,0.089619,0.07173,0.089399,0.056884,0.126555,0.082102,0.132404,0.024476,,2017600,,
1,9,,0.063367,0.112226,0.096845,0.165682,0.095728,0.107238,0.019646,0.089745,0.034173,0.215351,,2213600,,
1,1,,0.086378,0.350401,0.097191,0.043319,0.080416,0.02535,0.09774,0.041568,0.159303,0.018335,,2574500,,
1,1,,0.054892,0.30017,0.073766,0.101546,0.125369,0.100388,0.050323,0.062905,0.05124,0.079402,,2012800,,
1,1,,0.039094,0.25956,0.072443,0.137084,0.075249,0.144426,0.024616,0.06494,0.055522,0.127067,,1963900,,
1,1,,0.05314,0.247067,0.079938,0.101766,0.049415,0.136202,0.075417,0.086523,0.064413,0.10612,,2137200,,
1,1,,0.027699,0.37891,0.137597,0.090152,0.048558,0.058766,0.022005,0.091525,0.077835,0.066953,,1990400,,
1,8,,0.083122,0.079331,0.164279,0.070125,0.092635,0.082807,0.105419,0.079267,0.217354,0.02566,,1998900,,
1,1,,0.037085,0.285955,0.105667,0.085178,0.0573,0.069554,0.061711,0.150695,0.086801,0.060052,,1961800,,
1,2,,0.009997,0.144053,0.1634,0.120111,0.086295,0.093713,0.08207,0.101997,0.103113,0.09525,,2154100,,
1,1,,0.060021,0.254164,0.149139,0.050781,0.146515,0.028083,0.062933,0.072051,0.138918,0.037394,,2038300,,
1,1,,0.078964,0.310951,0.064969,0.050151,0.146668,0.020446,0.143225,0.056123,0.099375,0.029127,,1992300,,
1,1,,0.009924,0.203899,0.125453,0.118069,0.160592,0.120263,0.045265,0.065896,0.05317,0.097469,,1996700,,
1,1,,0.054794,0.247007,0.067818,0.049263,0.217656,0.03074,0.088242,0.086859,0.118794,0.038828,,1961400,,
1,3,,0.009931,0.209883,0.123673,0.240921,0.025279,0.146591,0.017804,0.045786,0.067912,0.11222,,1970600,,
1,9,,0.057799,0.131468,0.053526,0.129222,0.067792,0.139293,0.048282,0.070449,0.064695,0.237473,,1988700,,
1,1,,0.093927,0.403597,0.084163,0.039093,0.048961,0.027826,0.037561,0.121987,0.116341,0.026546,,1963400,,
1,1,,0.025187,0.367345,0.125139,0.092596,0.057221,0.07126,0.02524,0.106384,0.071055,0.058573,,2853500,,
1,9,,0.0568,0.146394,0.068568,0.130199,0.110093,0.097189,0.049569,0.091792,0.043569,0.205826,,2362700,,
1,1,,0.153222,0.176674,0.077997,0.067638,0.104733,0.030139,0.089325,0.097987,0.149275,0.05301,,2333000,,
1,1,,0.041805,0.163256,0.098068,0.143406,0.067114,0.090039,0.060931,0.113864,0.063359,0.158158,,2327400,,
1,1,,0.11649,0.264358,0.085502,0.041054,0.146108,0.050195,0.092587,0.061141,0.121894,0.02067,,2375800,,
1,1,,0.049519,0.292872,0.069638,0.122765,0.058252,0.079554,0.017644,0.10238,0.056539,0.150836,,2322000,,
1,8,,0.094867,0.123812,0.109898,0.033769,0.14097,0.064394,0.157655,0.077444,0.17756,0.019632,,2318800,,
1,1,,0.104738,0.363056,0.074355,0.033565,0.068489,0.019164,0.08802,0.056392,0.154796,0.037427,,2350200,,
1,1,,0.096548,0.365377,0.100635,0.04184,0.051081,0.028962,0.043696,0.103193,0.119727,0.048941,,2443800,,
1,6,,0.019909,0.139231,0.125068,0.157805,0.048214,0.119509,0.173356,0.045666,0.052638,0.118603,,2304000,,
1,9,,0.048685,0.115305,0.12243,0.119011,0.092654,0.107316,0.041814,0.135896,0.077879,0.13901,,2322500,,
1,1,,0.015803,0.261354,0.138766,0.070125,0.089753,0.088975,0.039578,0.14498,0.080355,0.070312,,2377100,,
1,9,,0.01776,0.159569,0.112988,0.165785,0.097571,0.098972,0.031429,0.078418,0.039065,0.198443,,2338600,,
1,1,,0.041504,0.384945,0.065211,0.078331,0.139762,0.042316,0.025428,0.128841,0.069814,0.023848,,2318100,,
1,1,,0.031241,0.429541,0.081526,0.064776,0.047541,0.045745,0.024232,0.11587,0.092789,0.066737,,2293800,,
1,1,,0.010876,0.25023,0.110512,0.125639,0.101753,0.119898,0.036327,0.080291,0.066386,0.098089,,2307200,,
1,1,,0.127103,0.335695,0.050822,0.041698,0.079275,0.032875,0.129149,0.054094,0.109743,0.039545,,2317200,,
1,1,,0.104322,0.35259,0.054534,0.048511,0.108242,0.031277,0.063402,0.093261,0.120501,0.023361,,2301500,,
2,0,,0.231961,0.087081,0.120306,0.029318,0.08292,0.07093,0.198547,0.03106,0.129297,0.018579,,2310300,,
2,2,,0.085534,0.085741,0.25655,0.075658,0.056315,0.045525,0.195463,0.042198,0.132928,0.02409,,2366400,,
2,2,,0.014741,0.056061,0.279757,0.127335,0.104263,0.075036,0.099281,0.096904,0.09072,0.0559,,1970800,,
2,2,,0.010709,0.093367,0.247512,0.145366,0.079352,0.102888,0.067464,0.059651,0.072029,0.121661,,1974200,,
2,2,,0.034413,0.083137,0.186295,0.159247,0.05878,0.121216,0.053179,0.082236,0.072626,0.148872,,1941400,,
2,2,,0.009909,0.123019,0.212535,0.125244,0.033505,0.207123,0.04718,0.052738,0.088204,0.100543,,1948300,,
2,2,,0.034758,0.117297,0.153738,0.115216,0.093645,0.077408,0.023342,0.145288,0.146807,0.0925,,1992200,,
2,8,,0.086655,0.05439,0.146645,0.051757,0.048654,0.047987,0.162379,0.036741,0.332542,0.032252,,1953200,,
2,7,,0.032193,0.091437,0.166847,0.090036,0.068386,0.125922,0.058628,0.170166,0.07463,0.121754,,1968000,,
2,2,,0.034666,0.100213,0.183148,0.144287,0.049156,0.087164,0.031297,0.143952,0.133114,0.093001,,1992700,,
2,2,,0.01008,0.089752,0.275969,0.088372,0.063003,0.070859,0.074552,0.143187,0.064623,0.119602,,1962700,,
2,3,,0.013402,0.107942,0.172574,0.193957,0.047664,0.135599,0.028567,0.093747,0.080204,0.126344,,1960900,,
2,2,,0.064974,0.071434,0.224111,0.128476,0.056121,0.059331,0.047844,0.101161,0.184686,0.061862,,2015400,,
2,2,,0.011063,0.09143,0.257378,0.165953,0.038628,0.097993,0.030329,0.149283,0.070679,0.087264,,2045100,,
2,2,,0.023173,0.158705,0.252379,0.06641,0.097201,0.060793,0.029396,0.076506,0.189406,0.046031,,1991400,,
2,2,,0.020615,0.088286,0.26223,0.114551,0.050829,0.078336,0.138801,0.125953,0.076072,0.044327,,2031300,,
2,3,,0.012126,0.109026,0.152727,0.184408,0.059461,0.167481,0.038179,0.059709,0.102445,0.114437,,1980800,,
2,2,,0.012781,0.085676,0.234126,0.166606,0.059841,0.078197,0.053147,0.135412,0.112858,0.061356,,2055700,,
2,2,,0.040354,0.066802,0.160602,0.110283,0.065959,0.098456,0.119815,0.093522,0.087162,0.157044,,1974100,,
2,2,,0.009909,0.077054,0.249784,0.194718,0.034356,0.130743,0.015174,0.103158,0.093953,0.091153,,2052100,,
2,2,,0.010263,0.081525,0.229352,0.118623,0.085302,0.087167,0.098281,0.103129,0.052981,0.133377,,2072100,,
2,5,,0.015623,0.090901,0.167827,0.182593,0.054991,0.186063,0.035205,0.054754,0.096254,0.115789,,2060000,,
2,8,,0.104268,0.066104,0.202519,0.086669,0.091802,0.031161,0.072188,0.100415,0.2027,0.042173,,2038600,,
2,8,,0.083429,0.096684,0.127213,0.075883,0.054119,0.127636,0.136979,0.039463,0.214306,0.044287,,1962400,,
2,2,,0.010092,0.078713,0.311507,0.097197,0.068978,0.045466,0.02764,0.15095,0.146376,0.063081,,1971500,,
2,2,,0.019295,0.125961,0.212004,0.17742,0.067769,0.09508,0.032223,0.106849,0.058745,0.104655,,2047500,,
2,2,,0.033544,0.107569,0.200797,0.143108,0.058554,0.111514,0.050779,0.081026,0.098851,0.114258,,1944000,,
2,2,,0.010074,0.080622,0.325362,0.106156,0.058146,0.071628,0.079284,0.122214,0.097629,0.048884,,1953200,,
2,2,,0.024957,0.088976,0.232427,0.109432,0.063579,0.064828,0.015139,0.185769,0.144342,0.070549,,1949200,,
2,2,,0.012126,0.081039,0.242575,0.172837,0.056374,0.101295,0.039419,0.092829,0.094458,0.107049,,1955700,,
2,2,,0.082505,0.082779,0.208462,0.060478,0.08464,0.060732,0.10853,0.099039,0.130685,0.082148,,1945900,,
2,2,,0.012141,0.087415,0.237568,0.161506,0.070325,0.110767,0.020548,0.115633,0.076535,0.107562,,1942800,,
2,3,,0.039909,0.078431,0.218594,0.225613,0.07184,0.117608,0.019348,0.064893,0.06133,0.102433,,1989600,,
2,2,,0.061833,0.106693,0.233928,0.045057,0.057807,0.136204,0.123315,0.094158,0.10962,0.031384,,1972000,,
2,2,,0.028105,0.124849,0.178629,0.135956,0.064468,0.102826,0.034336,0.102534,0.071236,0.157062,,1977600,,
2,2,,0.009909,0.110239,0.279235,0.122744,0.05945,0.089235,0.021281,0.159922,0.045046,0.102938,,1962800,,
2,2,,0.017754,0.095985,0.217488,0.117877,0.064797,0.16418,0.042545,0.112858,0.080124,0.086391,,1993200,,
2,2,,0.012737,0.085682,0.254559,0.088661,0.061642,0.072018,0.02993,0.104808,0.12576,0.164202,,2011400,,
2,2,,0.010074,0.069441,0.244589,0.238602,0.04653,0.065976,0.033424,0.117653,0.123655,0.050056,,2144800,,
2,2,,0.021303,0.09654,0.20199,0.191645,0.066637,0.110948,0.027223,0.070635,0.07299,0.140089,,2058500,,
2,2,,0.010446,0.084133,0.291894,0.167581,0.036658,0.097576,0.041133,0.088981,0.090374,0.091223,,2127800,,
2,3,,0.024603,0.111272,0.192546,0.203205,0.038448,0.097087,0.05306,0.063536,0.078701,0.137542,,1994400,,
2,3,,0.013387,0.087848,0.163441,0.190781,0.048741,0.096071,0.05522,0.073011,0.136022,0.135478,,1940200,,
2,2,,0.027626,0.098908,0.158171,0.146044,0.059391,0.097506,0.027279,0.134046,0.113827,0.137201,,2011500,,
2,2,,0.017619,0.086477,0.360761,0.143274,0.059472,0.036128,0.020289,0.137625,0.09086,0.047496,,1965000,,
2,5,,0.010725,0.121217,0.163559,0.129855,0.03788,0.169474,0.113423,0.059718,0.089024,0.105125,,1968600,,
2,6,,0.159198,0.068998,0.088801,0.018988,0.089296,0.069615,0.378758,0.026902,0.081011,0.018433,,2028400,,
2,2,,0.095105,0.112631,0.240299,0.093431,0.058617,0.04092,0.07981,0.06557,0.164733,0.048883,,2023200,,
2,3,,0.009924,0.125158,0.141974,0.207849,0.069396,0.081164,0.071328,0.105265,0.077972,0.109971,,2026100,,
2,2,,0.009909,0.101521,0.262429,0.135771,0.049103,0.073167,0.072696,0.155281,0.064857,0.075266,,1991600,,
2,2,,0.025264,0.066932,0.24532,0.158474,0.058097,0.051924,0.061246,0.142652,0.132675,0.057415,,1980300,,
2,2,,0.078484,0.104452,0.206647,0.055086,0.091605,0.112019,0.109403,0.054,0.133591,0.054712,,2018400,,
2,2,,0.028398,0.090478,0.23917,0.127745,0.077209,0.070292,0.03584,0.127123,0.15596,0.047785,,1953000,,
2,2,,0.059072,0.087595,0.17301,0.06286,0.099838,0.091188,0.163256,0.04772,0.124984,0.090478,,1970000,,
2,2,,0.010263,0.062376,0.353327,0.095282,0.065464,0.056568,0.024894,0.150777,0.133393,0.047656,,2082400,,
2,2,,0.012467,0.08569,0.219338,0.140964,0.048231,0.136071,0.064062,0.101469,0.071204,0.120503,,2015800,,
2,3,,0.015009,0.135498,0.175004,0.177784,0.071021,0.102803,0.033262,0.075067,0.099439,0.115112,,2032700,,
2,2,,0.011661,0.093582,0.288302,0.132359,0.08208,0.073148,0.030142,0.160145,0.053485,0.075095,,2045400,,
2,3,,0.054506,0.089053,0.153471,0.156508,0.065647,0.123468,0.071149,0.08125,0.103166,0.101782,,1989300,,
2,2,,0.009909,0.092344,0.241931,0.115891,0.058157,0.11662,0.135219,0.107364,0.044621,0.077946,,1963800,,
2,2,,0.012264,0.106819,0.323975,0.112818,0.062253,0.103316,0.026107,0.090559,0.088104,0.073784,,1950800,,
2,2,,0.085898,0.098826,0.218002,0.035422,0.077449,0.073402,0.147595,0.042869,0.184185,0.03635,,1963600,,
2,2,,0.011844,0.088092,0.275153,0.171805,0.046763,0.104378,0.03353,0.082691,0.081559,0.104185,,1946700,,
2,3,,0.016899,0.139683,0.13992,0.171166,0.074616,0.148589,0.032165,0.126862,0.104926,0.045175,,2001000,,
2,2,,0.074676,0.078344,0.293831,0.062553,0.051674,0.058484,0.161289,0.046424,0.145958,0.026767,,2447000,,
2,3,,0.0343,0.077422,0.141005,0.203338,0.057997,0.131449,0.042316,0.056048,0.061442,0.194683,,1994000,,
2,2,,0.079843,0.064497,0.224911,0.060927,0.051137,0.080357,0.168849,0.034756,0.183287,0.051436,,2035500,,
2,2,,0.024774,0.11874,0.183976,0.16035,0.035926,0.096751,0.025329,0.119049,0.112891,0.122214,,2023700,,
2,2,,0.042127,0.086214,0.233585,0.153047,0.079001,0.061598,0.04184,0.103629,0.136553,0.062407,,1967700,,
2,2,,0.013257,0.091847,0.223615,0.203101,0.034658,0.087546,0.022496,0.130575,0.092171,0.100733,,1960800,,
2,2,,0.027611,0.079295,0.230254,0.152202,0.063748,0.078852,0.045909,0.131146,0.113421,0.077563,,1948500,,
2,2,,0.030924,0.093213,0.224103,0.100637,0.077475,0.069374,0.057281,0.125809,0.12275,0.098435,,2185800,,
2,2,,0.027776,0.079031,0.226888,0.171771,0.055745,0.114397,0.024109,0.072201,0.085244,0.142837,,2020800,,
2,2,,0.091641,0.06403,0.156695,0.149188,0.059453,0.049595,0.107745,0.108531,0.147748,0.065374,,1967600,,
2,2,,0.024972,0.110708,0.221381,0.164032,0.058319,0.089985,0.039927,0.086388,0.087914,0.116374,,1961400,,
2,2,,0.011661,0.091017,0.26292,0.129789,0.054299,0.141897,0.032457,0.133043,0.103496,0.03942,,1971800,,
2,2,,0.027776,0.088768,0.196376,0.16344,0.043834,0.118467,0.064635,0.076897,0.110148,0.10966,,1959600,,
2,7,,0.030698,0.091545,0.149847,0.076654,0.125849,0.089184,0.017627,0.218669,0.113057,0.086871,,1946000,,
2,0,,0.202517,0.082443,0.190697,0.026297,0.044162,0.096086,0.187863,0.023762,0.114438,0.031736,,1986500,,
2,2,,0.025264,0.088184,0.184465,0.164923,0.116827,0.073627,0.056798,0.135896,0.082234,0.071781,,2049900,,
2,2,,0.011495,0.079167,0.350605,0.158472,0.044258,0.088958,0.024169,0.095969,0.090565,0.056341,,2041800,,
2,8,,0.03089,0.086532,0.15721,0.115348,0.164972,0.07446,0.051921,0.089479,0.175137,0.054051,,2048400,,
2,2,,0.009924,0.100834,0.260871,0.136792,0.047771,0.072499,0.029925,0.153818,0.106499,0.081067,,2009600,,
2,2,,0.053902,0.12093,0.177699,0.053892,0.068322,0.065829,0.122852,0.121808,0.143805,0.070959,,2001100,,
2,9,,0.107411,0.075992,0.099162,0.148306,0.048851,0.150569,0.028726,0.063951,0.050774,0.226259,,1995000,,
2,2,,0.03927,0.08069,0.182084,0.177282,0.049414,0.086195,0.04863,0.114982,0.135287,0.086166,,1982600,,
2,9,,0.057206,0.095789,0.143726,0.072545,0.074817,0.134892,0.10134,0.080675,0.083972,0.155039,,1976800,,
2,2,,0.074093,0.066426,0.28546,0.058269,0.043518,0.058592,0.09809,0.07137,0.175856,0.068325,,2166500,,
2,6,,0.145658,0.088385,0.150027,0.0654,0.155911,0.057799,0.171488,0.029248,0.115524,0.020559,,2093400,,
2,9,,0.033196,0.143765,0.121376,0.119835,0.062358,0.135193,0.064334,0.081823,0.065612,0.172507,,1983000,,
2,2,,0.063034,0.077044,0.214608,0.085195,0.064646,0.051023,0.115146,0.077612,0.181603,0.070088,,1970300,,
2,2,,0.013639,0.108078,0.18842,0.063926,0.08851,0.091646,0.110284,0.15663,0.12907,0.049796,,2085200,,
2,8,,0.110468,0.063215,0.093888,0.054553,0.071283,0.035575,0.131518,0.078116,0.29596,0.065424,,2012700,,
2,6,,0.11932,0.106227,0.085469,0.033858,0.176279,0.06313,0.256931,0.031651,0.105913,0.021222,,1969900,,
2,2,,0.061661,0.09069,0.186584,0.184436,0.04231,0.10208,0.027826,0.052898,0.090145,0.16137,,1961400,,
2,2,,0.009909,0.139811,0.178641,0.144972,0.036205,0.108231,0.098091,0.054643,0.102027,0.127471,,2088200,,
2,7,,0.026531,0.087339,0.189041,0.102906,0.075809,0.097081,0.039544,0.199243,0.120542,0.061963,,2078600,,
2,2,,0.038837,0.106429,0.223143,0.054257,0.134144,0.10076,0.038336,0.096391,0.173209,0.034494,,2009600,,
2,3,,0.028939,0.12774,0.111154,0.190965,0.081826,0.121418,0.033982,0.07796,0.091804,0.134211,,1988900,,
2,2,,0.009909,0.105386,0.217177,0.146086,0.032787,0.152689,0.066549,0.080871,0.092538,0.096009,,1975000,,
2,2,,0.010844,0.140421,0.242145,0.129941,0.094333,0.092008,0.022804,0.144675,0.077477,0.045353,,1974000,,
2,3,,0.023559,0.125803,0.106999,0.214791,0.058638,0.143319,0.035395,0.074533,0.107129,0.109835,,1965700,,
2,2,,0.025618,0.071067,0.298066,0.119199,0.056774,0.073129,0.022081,0.180303,0.075071,0.078692,,1971700,,
2,2,,0.068176,0.107554,0.227692,0.053939,0.058887,0.047421,0.045721,0.123033,0.197967,0.069611,,2417700,,
2,6,,0.245848,0.04059,0.052836,0.032155,0.102101,0.059653,0.34992,0.03271,0.067137,0.017051,,1999600,,
2,2,,0.043008,0.081686,0.206146,0.197614,0.088215,0.068316,0.031867,0.155877,0.083531,0.043739,,2359900,,
2,2,,0.016762,0.073606,0.267464,0.092916,0.08451,0.063287,0.151639,0.098671,0.0911,0.060044,,1966700,,
2,5,,0.031237,0.089163,0.186301,0.132891,0.049689,0.19759,0.018984,0.092335,0.052241,0.149568,,1977900,,
2,2,,0.01986,0.088947,0.233659,0.144603,0.050559,0.124305,0.049754,0.073131,0.086156,0.129026,,2389300,,
2,2,,0.093069,0.074039,0.226989,0.073808,0.083358,0.096404,0.056742,0.107102,0.137643,0.050846,,2007600,,
2,2,,0.009909,0.114689,0.250225,0.186395,0.03144,0.120541,0.068901,0.046888,0.07444,0.096572,,2112500,,
2,2,,0.016983,0.119782,0.274629,0.105908,0.07754,0.071266,0.052311,0.081504,0.138278,0.061799,,2173900,,
3,3,,0.011681,0.148518,0.096212,0.208066,0.075654,0.135223,0.035771,0.081662,0.065744,0.141468,,2313900,,
3,5,,0.010882,0.111143,0.106422,0.17601,0.092304,0.204466,0.034055,0.076774,0.075191,0.112753,,2648500,,
3,3,,0.028117,0.156396,0.10896,0.187029,0.057956,0.095119,0.032773,0.077337,0.106213,0.150102,,2550300,,
3,3,,0.018805,0.110083,0.096099,0.20041,0.082971,0.123593,0.025466,0.091181,0.076421,0.174971,,2082000,,
3,3,,0.024623,0.095566,0.135229,0.271497,0.04387,0.104246,0.014217,0.095528,0.081673,0.133551,,1950900,,
3,3,,0.009931,0.095299,0.147714,0.22043,0.03539,0.189834,0.065529,0.043327,0.073441,0.119105,,2096000,,
3,3,,0.027961,0.107295,0.089465,0.242609,0.042432,0.119474,0.05307,0.05747,0.095154,0.165069,,1986700,,
3,3,,0.027183,0.097421,0.145857,0.205377,0.085752,0.069756,0.027688,0.159981,0.114828,0.066157,,2006300,,
3,9,,0.028809,0.076704,0.06239,0.209169,0.031236,0.132705,0.081546,0.053265,0.064889,0.259287,,2001200,,
3,3,,0.020441,0.117309,0.081389,0.268447,0.090865,0.102394,0.01653,0.066467,0.050552,0.185607,,1981500,,
3,5,,0.03825,0.103177,0.128798,0.154735,0.05929,0.17214,0.105494,0.053067,0.085552,0.099497,,1997900,,
3,3,,0.01776,0.071066,0.10474,0.264062,0.069667,0.126848,0.015238,0.067536,0.058593,0.204491,,1938700,,
3,3,,0.018518,0.15668,0.130377,0.301971,0.030699,0.098896,0.0353,0.072072,0.050223,0.105264,,1988400,,
3,8,,0.083635,0.03784,0.09495,0.132561,0.061034,0.116602,0.081002,0.040958,0.230269,0.12115,,2327600,,
3,3,,0.051507,0.058959,0.120015,0.182285,0.073899,0.138483,0.020163,0.103963,0.078234,0.17249,,2028500,,
3,8,,0.0393,0.142659,0.115332,0.096561,0.089337,0.079617,0.03983,0.113565,0.214554,0.069245,,1989300,,
3,3,,0.009914,0.125519,0.111778,0.212074,0.043377,0.159789,0.029057,0.070327,0.09055,0.147614,,1980200,,
3,3,,0.026856,0.075747,0.098463,0.2749,0.036724,0.11617,0.018156,0.064123,0.088868,0.199995,,2005000,,
3,7,,0.049752,0.091892,0.109976,0.131474,0.055033,0.08531,0.0434,0.157555,0.155728,0.11988,,1992800,,
3,3,,0.025082,0.078094,0.127617,0.328975,0.036416,0.123894,0.018326,0.056282,0.066384,0.138929,,1990100,,
3,3,,0.026945,0.088172,0.153591,0.2609,0.036475,0.109345,0.015032,0.057705,0.103852,0.147983,,2001700,,
3,3,,0.025399,0.112042,0.133967,0.186939,0.086166,0.094587,0.017548,0.109974,0.103,0.130379,,2058500,,
3,3,,0.024765,0.064756,0.116411,0.236378,0.041717,0.127928,0.019427,0.089455,0.044767,0.234397,,1981100,,
3,3,,0.024782,0.077403,0.141374,0.298961,0.030711,0.12629,0.017437,0.063167,0.067194,0.152682,,2093400,,
3,3,,0.024712,0.096932,0.125192,0.303062,0.036147,0.122458,0.0286,0.065771,0.074512,0.122615,,2189300,,
3,9,,0.036165,0.061354,0.168169,0.189216,0.068709,0.071886,0.01976,0.096056,0.094899,0.193786,,2016500,,
3,3,,0.010268,0.097056,0.146132,0.348204,0.025108,0.145715,0.014289,0.048907,0.05136,0.11296,,2091500,,
3,2,,0.017291,0.065107,0.185583,0.109295,0.040943,0.137635,0.17516,0.110152,0.087148,0.071686,,2009100,,
3,9,,0.019418,0.087952,0.074676,0.234513,0.040715,0.105892,0.02645,0.061168,0.041183,0.308033,,2021800,,
3,3,,0.026856,0.071846,0.10955,0.286998,0.038219,0.116228,0.020284,0.080037,0.074854,0.175128,,1979400,,
3,3,,0.026184,0.069511,0.114108,0.261048,0.031829,0.121123,0.036249,0.107914,0.066246,0.165787,,1977000,,
3,9,,0.033988,0.062897,0.095341,0.243986,0.03676,0.125602,0.019192,0.063666,0.045036,0.273531,,2054400,,
3,3,,0.013134,0.087484,0.169275,0.25203,0.029294,0.109649,0.016882,0.049259,0.064384,0.208609,,1976900,,
3,3,,0.009914,0.071291,0.126552,0.305195,0.033727,0.167842,0.027066,0.053128,0.074803,0.130482,,2018800,,
3,3,,0.025136,0.131792,0.104914,0.240137,0.069164,0.116501,0.017427,0.104153,0.063996,0.12678,,1997100,,
3,3,,0.013424,0.110937,0.116723,0.301834,0.054673,0.100516,0.035394,0.09111,0.068232,0.107158,,1954500,,
3,5,,0.013876,0.145212,0.092015,0.152467,0.084798,0.160734,0.110611,0.063576,0.077372,0.099338,,2029400,,
3,2,,0.019203,0.142448,0.205568,0.2047,0.081808,0.060297,0.034478,0.062761,0.11185,0.076885,,2026500,,
3,3,,0.043191,0.073096,0.131249,0.250263,0.045901,0.129187,0.016289,0.102961,0.080193,0.127669,,1978500,,
3,9,,0.025506,0.093403,0.071554,0.144134,0.059999,0.130491,0.075528,0.101857,0.119275,0.178253,,2038400,,
