optdigits,CWE,test,3,NANOSECONDS,PREDICTIONS, Generated by ClassifierExperiments.java on 2022-05-16 21:03:19.    SYSTEMPROPERTIES:{user.name:matth,os.arch:amd64,os.name:Windows 10},ENDSYSTEMPROPERTIES
No parameter info
0.8077945084145262,3273729000,2072333300,-1,98907472,10,,-1,-1
0,0,,0.379892,0.044692,0.033386,0.025811,0.08708,0.036594,0.098185,0.069562,0.122882,0.101915,,3200600,,
0,2,,0.122065,0.062727,0.171575,0.027474,0.104465,0.025142,0.156692,0.11355,0.170915,0.045394,,1838700,,
0,0,,0.417255,0.042063,0.043528,0.022337,0.076541,0.01989,0.126762,0.065117,0.122873,0.063636,,1827300,,
0,0,,0.458798,0.029891,0.035898,0.020318,0.118824,0.022439,0.067528,0.075214,0.043479,0.127611,,1829100,,
0,0,,0.401862,0.065093,0.044727,0.034301,0.121496,0.035713,0.038784,0.088195,0.114793,0.055036,,1824700,,
0,0,,0.565742,0.034482,0.034824,0.040054,0.078515,0.025812,0.038616,0.055261,0.059516,0.067177,,1819200,,
0,0,,0.329154,0.051346,0.037268,0.046118,0.16504,0.036482,0.05756,0.154501,0.060835,0.061695,,1824300,,
0,0,,0.376319,0.038645,0.031908,0.021331,0.066015,0.045045,0.141022,0.050265,0.125637,0.103813,,1837500,,
0,0,,0.461058,0.041881,0.039284,0.037634,0.097763,0.054247,0.030575,0.07451,0.101703,0.061344,,1843000,,
0,0,,0.371656,0.036379,0.020946,0.021312,0.203598,0.02614,0.134274,0.081652,0.069602,0.034441,,1825400,,
0,0,,0.49555,0.035407,0.042746,0.02626,0.078644,0.026664,0.062929,0.069986,0.089582,0.072232,,1811400,,
0,0,,0.306715,0.043478,0.03369,0.025818,0.142902,0.041449,0.118941,0.098489,0.115559,0.072959,,1817000,,
0,0,,0.216322,0.045944,0.112182,0.045499,0.125352,0.041043,0.16487,0.056046,0.093576,0.099167,,1824400,,
0,0,,0.379396,0.064622,0.033701,0.031997,0.151371,0.026517,0.121181,0.056461,0.076678,0.058077,,1826400,,
0,0,,0.273111,0.049415,0.025759,0.02288,0.164655,0.060763,0.134479,0.105863,0.092696,0.070377,,1828900,,
0,0,,0.335966,0.059046,0.059243,0.03656,0.081491,0.050378,0.129581,0.077537,0.106344,0.063853,,1842100,,
0,0,,0.484382,0.048602,0.045071,0.027776,0.059353,0.028734,0.097421,0.038456,0.084167,0.086039,,1816100,,
0,0,,0.315811,0.055887,0.021867,0.031219,0.158248,0.042406,0.1284,0.08284,0.061765,0.101554,,1834500,,
0,0,,0.436713,0.071344,0.03757,0.037092,0.073183,0.031699,0.105626,0.054034,0.092227,0.060511,,1813900,,
0,0,,0.485312,0.033559,0.044379,0.029788,0.166135,0.027327,0.05104,0.060885,0.055433,0.046142,,1818400,,
0,0,,0.45425,0.038789,0.028622,0.018414,0.09371,0.028274,0.097284,0.060704,0.11765,0.062304,,1817100,,
0,0,,0.346752,0.056722,0.023582,0.018926,0.152072,0.048403,0.117892,0.066897,0.078946,0.089808,,1821500,,
0,0,,0.537679,0.03456,0.04222,0.0247,0.064672,0.028613,0.046663,0.065606,0.091671,0.063617,,1814600,,
0,0,,0.467973,0.042551,0.04435,0.02239,0.099727,0.039629,0.048025,0.07168,0.099794,0.063883,,1819600,,
0,0,,0.487233,0.040872,0.02679,0.027188,0.080171,0.024893,0.085001,0.054627,0.108665,0.06456,,1814300,,
0,0,,0.484459,0.041048,0.048977,0.034706,0.078874,0.0298,0.060405,0.073456,0.092474,0.055801,,1806000,,
0,0,,0.34479,0.037364,0.037395,0.021989,0.123968,0.02985,0.133886,0.061013,0.135318,0.074426,,1826400,,
0,0,,0.50159,0.036411,0.028856,0.025654,0.088883,0.017724,0.083505,0.061298,0.095642,0.060438,,1802500,,
0,0,,0.281012,0.052553,0.044592,0.035658,0.110141,0.046378,0.119351,0.088972,0.14468,0.076663,,1805900,,
0,0,,0.355206,0.061915,0.036131,0.022918,0.139654,0.027755,0.149387,0.061919,0.079338,0.065777,,1809100,,
0,0,,0.356878,0.043548,0.037711,0.028016,0.119691,0.049517,0.131751,0.060062,0.115112,0.057715,,1811300,,
0,0,,0.53595,0.029807,0.029422,0.032797,0.098424,0.026846,0.030907,0.084338,0.049981,0.081528,,1813000,,
0,0,,0.432616,0.048097,0.018388,0.034574,0.121715,0.019491,0.119319,0.056078,0.064323,0.085397,,1810600,,
0,0,,0.36846,0.06879,0.049572,0.03562,0.065312,0.0568,0.035531,0.118741,0.087648,0.113525,,1799200,,
0,0,,0.498077,0.034123,0.033522,0.026767,0.088918,0.028562,0.046825,0.069715,0.105343,0.068149,,1803000,,
0,0,,0.393047,0.044337,0.030255,0.020824,0.119118,0.03951,0.076661,0.070435,0.090436,0.115377,,1814100,,
0,0,,0.483698,0.041628,0.033839,0.054371,0.073518,0.03021,0.078403,0.031543,0.105261,0.067529,,1807900,,
0,0,,0.417444,0.046765,0.024367,0.051797,0.123621,0.03633,0.088489,0.065769,0.090763,0.054654,,1817200,,
0,0,,0.354601,0.046555,0.040458,0.027694,0.09177,0.060286,0.112117,0.049575,0.113804,0.103138,,1803400,,
0,0,,0.558461,0.023548,0.046867,0.030197,0.062958,0.035163,0.04198,0.069208,0.050275,0.081343,,1811000,,
0,0,,0.490228,0.03612,0.03516,0.027598,0.094604,0.03593,0.051198,0.06822,0.087197,0.073745,,1814100,,
0,0,,0.498259,0.036937,0.035267,0.035788,0.100413,0.034367,0.033102,0.065394,0.09314,0.067334,,1808200,,
0,0,,0.40077,0.063025,0.037906,0.037567,0.079417,0.022422,0.049674,0.113064,0.090564,0.105591,,1807500,,
0,0,,0.374258,0.048713,0.025044,0.033109,0.129988,0.013027,0.16601,0.057425,0.069523,0.082903,,1805600,,
0,0,,0.327718,0.060001,0.045626,0.036694,0.084911,0.024046,0.081722,0.065743,0.132069,0.14147,,1828100,,
0,0,,0.336821,0.076783,0.038149,0.024419,0.06019,0.062734,0.024958,0.162538,0.135147,0.078261,,1811400,,
0,0,,0.421371,0.040969,0.043505,0.030481,0.092475,0.054707,0.042528,0.0699,0.089351,0.114712,,1811500,,
0,0,,0.469145,0.04235,0.037828,0.021836,0.085324,0.018018,0.080355,0.063275,0.11188,0.069989,,1806900,,
0,0,,0.423869,0.037283,0.035593,0.031775,0.069529,0.028544,0.126934,0.044773,0.120873,0.080827,,1809000,,
0,0,,0.41403,0.04113,0.039121,0.027366,0.08676,0.023465,0.104942,0.061154,0.129744,0.072287,,1810200,,
0,0,,0.454428,0.056626,0.063342,0.038863,0.124034,0.054014,0.023197,0.085735,0.050242,0.049518,,1813100,,
0,0,,0.409552,0.04758,0.019949,0.020985,0.162748,0.026222,0.123854,0.060464,0.069931,0.058715,,1805500,,
0,0,,0.432514,0.046986,0.029088,0.049185,0.074958,0.027542,0.096183,0.063529,0.086832,0.093183,,1820100,,
0,0,,0.369977,0.050474,0.029157,0.022718,0.155505,0.026854,0.131201,0.059555,0.092783,0.061776,,1800200,,
0,0,,0.54469,0.033786,0.029468,0.022952,0.068158,0.017313,0.068437,0.053959,0.102432,0.058805,,1799800,,
0,0,,0.417988,0.040407,0.024454,0.018309,0.146369,0.027058,0.118155,0.064564,0.079772,0.062925,,1807500,,
0,0,,0.36699,0.074525,0.065244,0.068988,0.089669,0.053318,0.034343,0.09908,0.085546,0.062296,,1810700,,
0,0,,0.478841,0.039362,0.04758,0.027272,0.08166,0.034805,0.050694,0.050382,0.114479,0.074924,,1812200,,
0,0,,0.369088,0.044382,0.046796,0.020542,0.09089,0.032275,0.115691,0.081074,0.113846,0.085416,,1803400,,
0,7,,0.1412,0.163728,0.057867,0.033498,0.156713,0.059547,0.027613,0.175622,0.081022,0.10319,,1809300,,
0,0,,0.4239,0.055313,0.032182,0.027909,0.10007,0.026428,0.053679,0.080919,0.100855,0.098745,,1800600,,
0,4,,0.191058,0.06543,0.027468,0.012757,0.200931,0.058605,0.158471,0.081429,0.122108,0.081744,,1823600,,
0,0,,0.425749,0.063648,0.040921,0.043982,0.083158,0.025488,0.048238,0.119257,0.087891,0.061669,,1808600,,
0,0,,0.492509,0.040963,0.045644,0.041668,0.080563,0.025509,0.056907,0.065282,0.090918,0.060037,,1807800,,
0,0,,0.518996,0.034085,0.030694,0.021279,0.074271,0.017143,0.0807,0.058634,0.100815,0.063383,,1803100,,
0,0,,0.32299,0.060023,0.033342,0.022487,0.143445,0.035298,0.116885,0.065078,0.083991,0.11646,,1821200,,
0,0,,0.502765,0.03915,0.043169,0.039531,0.093956,0.026676,0.043017,0.073768,0.083011,0.054957,,1802400,,
0,0,,0.354213,0.080531,0.061262,0.056693,0.077871,0.046575,0.039111,0.108438,0.07576,0.099546,,1803100,,
0,0,,0.520666,0.030876,0.027218,0.020479,0.075468,0.023193,0.080458,0.052677,0.103312,0.065653,,1819400,,
0,0,,0.472675,0.038937,0.032929,0.026412,0.094368,0.028578,0.085943,0.049384,0.112475,0.058299,,1803900,,
0,0,,0.275867,0.051793,0.0446,0.036293,0.147185,0.048991,0.116527,0.11227,0.094334,0.07214,,1821500,,
0,0,,0.342492,0.072305,0.092313,0.029857,0.075743,0.045227,0.045861,0.102614,0.098934,0.094655,,1804500,,
0,0,,0.362924,0.039607,0.033309,0.027357,0.124967,0.033237,0.12389,0.061109,0.118667,0.074933,,1805600,,
0,0,,0.406964,0.047979,0.024432,0.015918,0.139682,0.019246,0.124322,0.073463,0.066021,0.081974,,1802500,,
0,0,,0.488675,0.041677,0.042926,0.031221,0.100557,0.03195,0.051035,0.067727,0.086309,0.057923,,1817400,,
0,0,,0.489331,0.059712,0.03844,0.027154,0.074018,0.021828,0.050935,0.098476,0.075546,0.06456,,1803900,,
0,0,,0.339204,0.03408,0.043318,0.052593,0.166538,0.01811,0.103588,0.077522,0.121248,0.043799,,1804300,,
0,0,,0.482753,0.031181,0.028764,0.022869,0.074634,0.032883,0.083496,0.068434,0.101721,0.073265,,1810700,,
0,0,,0.436497,0.050597,0.044,0.040579,0.1033,0.038335,0.054699,0.056549,0.117107,0.058338,,1808300,,
0,0,,0.270886,0.067291,0.036834,0.04208,0.196498,0.032825,0.111196,0.06859,0.10278,0.071021,,1817800,,
0,0,,0.397681,0.05017,0.046236,0.029002,0.089203,0.037456,0.114221,0.059123,0.09285,0.084058,,1836900,,
0,0,,0.351623,0.038287,0.046964,0.045137,0.071264,0.042566,0.118991,0.049956,0.178123,0.057089,,1826500,,
0,0,,0.343314,0.035427,0.03558,0.026874,0.140498,0.034637,0.133255,0.082341,0.088858,0.079216,,1839400,,
0,0,,0.396511,0.037448,0.030606,0.051761,0.117634,0.038374,0.128751,0.055936,0.070582,0.072396,,1822200,,
0,0,,0.474748,0.038815,0.036556,0.030278,0.097155,0.030556,0.058286,0.070543,0.097881,0.065182,,1822000,,
0,0,,0.545102,0.038188,0.036862,0.031328,0.080191,0.033446,0.080502,0.033421,0.050482,0.070478,,1822300,,
0,0,,0.396679,0.033193,0.027639,0.022223,0.1457,0.02959,0.128564,0.064652,0.082146,0.069613,,1804200,,
0,0,,0.421951,0.033207,0.038163,0.041881,0.126656,0.04657,0.037273,0.073775,0.125562,0.054963,,1814300,,
0,0,,0.404977,0.035635,0.02777,0.028561,0.138878,0.02823,0.115741,0.062974,0.090537,0.066695,,1837800,,
0,0,,0.352465,0.059277,0.063237,0.020479,0.10545,0.049717,0.043719,0.072291,0.134651,0.098715,,1835700,,
0,0,,0.409004,0.042106,0.058061,0.066764,0.091528,0.051947,0.021185,0.101625,0.092698,0.065081,,1837100,,
0,0,,0.49812,0.040751,0.050771,0.053023,0.072476,0.025117,0.046354,0.068459,0.083807,0.061122,,1824300,,
0,0,,0.500331,0.034879,0.035745,0.033861,0.06572,0.02297,0.086907,0.040695,0.108154,0.070737,,1827900,,
0,0,,0.464783,0.041908,0.02956,0.018957,0.090601,0.025262,0.09729,0.056496,0.114886,0.060256,,1828900,,
0,0,,0.367808,0.094231,0.06954,0.033747,0.067413,0.058344,0.038732,0.12138,0.069088,0.079716,,1856500,,
0,0,,0.393952,0.034019,0.027448,0.035504,0.129719,0.022498,0.123581,0.069389,0.091875,0.072015,,1828500,,
0,0,,0.249848,0.077953,0.075267,0.034239,0.122891,0.061897,0.030162,0.151554,0.123403,0.072786,,1839100,,
0,0,,0.521182,0.038925,0.031862,0.022125,0.088528,0.033205,0.040038,0.069035,0.089336,0.065764,,1828900,,
0,0,,0.388639,0.053567,0.044851,0.019843,0.11885,0.015644,0.14143,0.059974,0.080667,0.076534,,1827400,,
0,0,,0.54251,0.03649,0.026972,0.021219,0.080529,0.026684,0.031439,0.063002,0.075852,0.095304,,1824300,,
0,0,,0.325264,0.052197,0.043249,0.020555,0.113113,0.02744,0.1036,0.08139,0.117732,0.11546,,1812800,,
0,0,,0.334849,0.063777,0.025414,0.02787,0.153732,0.02506,0.159531,0.040865,0.074972,0.09393,,1815600,,
0,0,,0.320719,0.082086,0.049381,0.0254,0.189327,0.025202,0.113754,0.08072,0.065464,0.047946,,1812400,,
0,0,,0.422089,0.045137,0.042463,0.034956,0.111224,0.053308,0.037773,0.070646,0.092474,0.08993,,1811700,,
0,0,,0.421416,0.063873,0.036014,0.018322,0.081934,0.020465,0.10608,0.067727,0.110185,0.073984,,1809400,,
0,0,,0.428952,0.059012,0.034698,0.025273,0.078577,0.021435,0.104503,0.059314,0.096796,0.09144,,1865000,,
0,0,,0.42818,0.046993,0.041972,0.04003,0.099739,0.059736,0.057217,0.057449,0.091669,0.077015,,1817100,,
0,0,,0.391842,0.06064,0.034484,0.045778,0.072247,0.023715,0.095622,0.062673,0.1508,0.0622,,1886300,,
0,0,,0.432996,0.054527,0.034618,0.029794,0.076356,0.021227,0.07983,0.076007,0.123085,0.07156,,1833200,,
0,0,,0.64877,0.023755,0.028344,0.033028,0.04607,0.025184,0.03351,0.047147,0.048566,0.065626,,1815200,,
0,0,,0.224917,0.048272,0.031365,0.074273,0.183272,0.064928,0.185967,0.037198,0.092056,0.057753,,1819100,,
1,1,,0.083843,0.251581,0.069691,0.130526,0.083291,0.099329,0.052511,0.063461,0.063746,0.102022,,1829800,,
1,1,,0.036712,0.247222,0.086715,0.172985,0.058798,0.090617,0.05065,0.077699,0.075872,0.102731,,1823200,,
1,1,,0.026733,0.303462,0.132357,0.145387,0.028406,0.109201,0.026348,0.045635,0.055459,0.127013,,1834300,,
1,1,,0.016004,0.261536,0.10648,0.141123,0.08236,0.150037,0.0356,0.054243,0.052782,0.099835,,1829600,,
1,9,,0.047209,0.147991,0.050408,0.11445,0.058099,0.115389,0.026087,0.083526,0.057962,0.298878,,1819400,,
1,1,,0.024325,0.321764,0.066827,0.109771,0.049732,0.124084,0.018274,0.082611,0.060913,0.141699,,1821800,,
1,8,,0.093017,0.200327,0.061953,0.043107,0.123915,0.027622,0.146399,0.056497,0.217608,0.029556,,1824700,,
1,4,,0.025912,0.219877,0.102037,0.055408,0.243835,0.063014,0.059458,0.093304,0.06479,0.072367,,1830700,,
1,1,,0.068633,0.275321,0.089205,0.058154,0.048815,0.029924,0.078806,0.080482,0.235518,0.035143,,1824000,,
1,1,,0.022346,0.247952,0.092257,0.149858,0.06155,0.143416,0.027113,0.071723,0.074301,0.109483,,1823000,,
1,2,,0.006258,0.161474,0.179484,0.100011,0.064189,0.100781,0.072383,0.14539,0.092313,0.077716,,1822600,,
1,5,,0.011275,0.14984,0.096289,0.119266,0.094161,0.156172,0.105039,0.05257,0.119227,0.096159,,1833000,,
1,1,,0.025545,0.24402,0.124389,0.094531,0.045662,0.040445,0.223481,0.07585,0.09095,0.035127,,1830100,,
1,1,,0.08971,0.208247,0.107257,0.034964,0.124565,0.070695,0.121463,0.097443,0.131636,0.01402,,1817600,,
1,1,,0.038115,0.209972,0.135617,0.076022,0.111594,0.078322,0.058757,0.156002,0.044584,0.091015,,1812900,,
1,1,,0.007148,0.217575,0.130127,0.168019,0.114411,0.112728,0.030941,0.082863,0.033534,0.102652,,1811600,,
1,1,,0.055586,0.275462,0.042941,0.105493,0.058622,0.083726,0.020913,0.092986,0.045141,0.219131,,1817200,,
1,1,,0.023841,0.175123,0.106164,0.162198,0.047325,0.10957,0.018368,0.094031,0.104937,0.158444,,1809700,,
1,1,,0.022751,0.479782,0.085606,0.064137,0.058951,0.047794,0.04681,0.045129,0.113602,0.035437,,1818500,,
1,1,,0.045806,0.249976,0.119,0.127844,0.095349,0.109808,0.071499,0.05701,0.043762,0.079947,,1825400,,
1,1,,0.043421,0.25935,0.055348,0.072993,0.17296,0.029211,0.066944,0.071699,0.191481,0.036594,,1838500,,
1,1,,0.120985,0.214003,0.076643,0.046074,0.069078,0.023559,0.133164,0.078088,0.211734,0.026671,,1812600,,
1,1,,0.008033,0.256158,0.153035,0.094712,0.066162,0.070608,0.013584,0.205559,0.079683,0.052466,,1810500,,
1,1,,0.016207,0.228905,0.113462,0.137789,0.065863,0.132664,0.029786,0.079726,0.056035,0.139564,,1816000,,
1,1,,0.024897,0.484398,0.103631,0.053433,0.063483,0.053645,0.050588,0.054771,0.085513,0.02564,,1812800,,
1,1,,0.015963,0.271742,0.115517,0.170318,0.074033,0.101729,0.031335,0.055603,0.057293,0.106467,,1821000,,
1,9,,0.145599,0.119956,0.117711,0.075028,0.104122,0.083751,0.054911,0.064866,0.087696,0.146359,,1815300,,
1,3,,0.031217,0.117854,0.105231,0.218294,0.033018,0.110592,0.039553,0.062965,0.084188,0.197088,,1811700,,
1,1,,0.090983,0.272617,0.074508,0.06399,0.092008,0.033879,0.06885,0.106679,0.180836,0.015649,,1827700,,
1,1,,0.112545,0.225443,0.060714,0.051576,0.125001,0.038609,0.109197,0.099948,0.15341,0.023557,,1815700,,
1,9,,0.081255,0.125938,0.041016,0.141682,0.054354,0.094965,0.04038,0.095057,0.07397,0.251382,,1814500,,
1,1,,0.027015,0.242937,0.108949,0.134887,0.098419,0.120661,0.090714,0.044089,0.049712,0.082617,,1816500,,
1,1,,0.052546,0.218907,0.063615,0.14612,0.07632,0.124312,0.038191,0.067875,0.070784,0.141329,,1815000,,
1,1,,0.090565,0.25949,0.063775,0.108468,0.049502,0.076972,0.027969,0.083778,0.059631,0.179851,,1810100,,
1,1,,0.000976,0.379913,0.081619,0.136093,0.071283,0.142079,0.018464,0.05477,0.030871,0.083933,,1819100,,
1,2,,0.010992,0.1591,0.206137,0.125144,0.056273,0.099331,0.121847,0.101793,0.055438,0.063945,,1813300,,
1,1,,0.021656,0.177688,0.158287,0.170099,0.074694,0.072648,0.029737,0.147565,0.067799,0.079827,,1833800,,
1,8,,0.081277,0.151385,0.077155,0.064099,0.077996,0.045595,0.222798,0.028866,0.226955,0.023874,,1827400,,
1,1,,0.074723,0.30589,0.080194,0.13187,0.074893,0.090341,0.033414,0.05594,0.058705,0.094032,,1822700,,
1,1,,0.005992,0.209317,0.183564,0.163788,0.050278,0.128734,0.079774,0.049378,0.03665,0.092524,,1815000,,
1,1,,0.034568,0.326798,0.0822,0.142167,0.040232,0.118423,0.035267,0.056744,0.059402,0.104199,,1818200,,
1,2,,0.005992,0.175779,0.232201,0.136084,0.041374,0.173335,0.039111,0.040107,0.048106,0.107912,,1814300,,
1,1,,0.013345,0.333162,0.103361,0.071718,0.112257,0.037195,0.027644,0.090268,0.178098,0.032951,,1819400,,
1,1,,0.013961,0.318888,0.11332,0.047859,0.081151,0.049319,0.033019,0.085644,0.22554,0.0313,,1816100,,
1,1,,0.049516,0.169681,0.095762,0.162445,0.071737,0.130578,0.023265,0.064262,0.086922,0.145831,,1819300,,
1,7,,0.106828,0.151575,0.10554,0.101525,0.07372,0.071641,0.012159,0.18974,0.085117,0.102155,,1822100,,
1,1,,0.008228,0.225631,0.19081,0.093235,0.079482,0.077777,0.014402,0.186592,0.046156,0.077687,,1820400,,
1,1,,0.01493,0.386882,0.138361,0.073966,0.077251,0.079093,0.041801,0.070848,0.092781,0.024088,,1818200,,
1,1,,0.070923,0.282229,0.084139,0.07302,0.045425,0.034457,0.068279,0.082889,0.225986,0.032653,,1813700,,
1,1,,0.020148,0.28332,0.156367,0.110644,0.052006,0.081946,0.019784,0.133633,0.091722,0.05043,,1809700,,
1,1,,0.06629,0.274946,0.113317,0.061035,0.060814,0.044874,0.081614,0.06346,0.217058,0.016592,,1815100,,
1,1,,0.005992,0.206698,0.194934,0.159265,0.062956,0.134659,0.073172,0.033597,0.040889,0.087838,,1818500,,
1,1,,0.008755,0.203325,0.170833,0.111393,0.093038,0.105147,0.031017,0.157285,0.06335,0.055859,,1812100,,
1,8,,0.094738,0.173439,0.028261,0.031808,0.156926,0.034945,0.116987,0.127442,0.181094,0.054359,,1837300,,
1,2,,0.005992,0.167412,0.184547,0.18018,0.056576,0.117231,0.092927,0.05023,0.053597,0.091309,,1816900,,
1,1,,0.135568,0.215463,0.042424,0.041011,0.155056,0.021953,0.190308,0.054161,0.116401,0.027655,,1815800,,
1,1,,0.035979,0.265986,0.113699,0.044243,0.06774,0.065625,0.110116,0.07097,0.206659,0.018984,,1830000,,
1,9,,0.104344,0.147411,0.05237,0.142428,0.055414,0.090952,0.009358,0.081368,0.03705,0.279304,,1813200,,
1,1,,0.028694,0.208114,0.131185,0.102371,0.102604,0.052407,0.048518,0.127981,0.137586,0.060539,,1816900,,
1,1,,0.006271,0.221181,0.154253,0.11643,0.05359,0.157294,0.096199,0.043004,0.057519,0.094259,,1810500,,
1,8,,0.119998,0.156504,0.074905,0.050229,0.135723,0.035004,0.088957,0.104694,0.179206,0.05478,,1821800,,
1,1,,0.069579,0.280642,0.064813,0.129225,0.05106,0.123164,0.033547,0.047203,0.053824,0.146944,,1821000,,
1,1,,0.109911,0.183338,0.06897,0.065862,0.157055,0.046952,0.175898,0.06449,0.111679,0.015845,,1819100,,
1,1,,0.062153,0.231042,0.042334,0.107003,0.097473,0.113077,0.035189,0.093959,0.07354,0.144231,,1853700,,
1,1,,0.031032,0.239102,0.085943,0.122935,0.084975,0.101778,0.072575,0.070197,0.069178,0.122285,,1814200,,
1,6,,0.135982,0.183653,0.057769,0.047532,0.148462,0.024549,0.184345,0.068209,0.111973,0.037527,,1809100,,
1,1,,0.006673,0.293117,0.122266,0.118047,0.067889,0.102233,0.020689,0.166872,0.068088,0.034124,,1806500,,
1,1,,0.00747,0.201628,0.167387,0.129356,0.12082,0.101468,0.029457,0.127528,0.064027,0.05086,,1831800,,
1,1,,0.008848,0.395238,0.121276,0.069915,0.132461,0.045161,0.040695,0.041346,0.1221,0.02296,,1831500,,
1,9,,0.064277,0.105593,0.0659,0.13967,0.068486,0.089722,0.007825,0.076537,0.049369,0.332622,,1831900,,
1,8,,0.100019,0.160093,0.115796,0.092296,0.070718,0.06252,0.132271,0.033668,0.204679,0.02794,,1820900,,
1,1,,0.072077,0.279824,0.078343,0.135014,0.065197,0.094068,0.060864,0.051638,0.053304,0.109671,,1830900,,
1,9,,0.059618,0.102332,0.098736,0.127525,0.069931,0.085626,0.030651,0.158333,0.057809,0.20944,,1844700,,
1,9,,0.080277,0.182312,0.057619,0.105977,0.074044,0.097824,0.028241,0.076444,0.051097,0.246166,,1822000,,
1,3,,0.029971,0.148429,0.11801,0.223371,0.028059,0.100457,0.027502,0.052255,0.076088,0.195858,,1817000,,
1,4,,0.103271,0.14133,0.046669,0.047775,0.181494,0.02767,0.174749,0.104162,0.125999,0.04688,,1828900,,
1,1,,0.140219,0.212034,0.049126,0.053124,0.140751,0.029983,0.199056,0.045321,0.096464,0.033921,,1819600,,
1,9,,0.119958,0.111845,0.084096,0.129432,0.041468,0.096002,0.033985,0.065071,0.031603,0.28654,,1809200,,
1,9,,0.039774,0.180219,0.073957,0.143184,0.075596,0.113124,0.026996,0.061387,0.057562,0.228202,,1825200,,
1,1,,0.015313,0.293627,0.162926,0.09265,0.065789,0.076341,0.048538,0.124992,0.07002,0.049805,,1805500,,
1,1,,0.010933,0.189907,0.147413,0.081793,0.182295,0.072151,0.018532,0.132837,0.137557,0.026583,,1807000,,
1,1,,0.006653,0.189989,0.126419,0.186637,0.074006,0.155186,0.032483,0.068957,0.050236,0.109433,,1864800,,
1,2,,0.006258,0.159296,0.174495,0.12643,0.070986,0.117727,0.093069,0.108585,0.08023,0.062923,,1805200,,
1,1,,0.025114,0.27798,0.068134,0.060425,0.075677,0.040339,0.193492,0.117108,0.077532,0.064199,,1806500,,
1,1,,0.019348,0.272212,0.1054,0.056829,0.048346,0.07192,0.213614,0.078222,0.076961,0.057148,,1809200,,
1,1,,0.007413,0.16844,0.157546,0.155169,0.045675,0.146055,0.088722,0.063141,0.07441,0.093429,,1816600,,
1,1,,0.108023,0.318654,0.080747,0.050444,0.069848,0.032455,0.061829,0.106915,0.147734,0.023351,,1850600,,
1,6,,0.063081,0.212814,0.098231,0.052683,0.131422,0.068656,0.218653,0.026902,0.099897,0.027662,,1809200,,
1,1,,0.063583,0.256457,0.095569,0.059582,0.067714,0.038165,0.068618,0.148068,0.185653,0.016592,,1804500,,
1,1,,0.018647,0.241159,0.084289,0.146946,0.071798,0.104839,0.081344,0.069664,0.045401,0.135912,,1811000,,
1,1,,0.05209,0.360011,0.087241,0.036883,0.092873,0.029001,0.106299,0.057345,0.13455,0.043706,,1917400,,
1,8,,0.134619,0.163439,0.104998,0.058658,0.06025,0.027012,0.136138,0.072806,0.207085,0.034996,,1807000,,
1,1,,0.085231,0.297871,0.110062,0.06263,0.052449,0.032995,0.087628,0.099451,0.144678,0.027005,,1804100,,
1,1,,0.012685,0.207337,0.074472,0.170234,0.123049,0.166122,0.018764,0.053737,0.067567,0.106034,,1809900,,
1,1,,0.126088,0.208292,0.059116,0.045391,0.140191,0.02815,0.169216,0.067668,0.123304,0.032583,,1817400,,
1,8,,0.051887,0.219056,0.104684,0.080788,0.060001,0.064135,0.098794,0.037336,0.265896,0.017423,,1811000,,
1,1,,0.056295,0.24003,0.060385,0.090179,0.109087,0.092635,0.044033,0.096426,0.041786,0.169144,,1804300,,
1,1,,0.014406,0.311666,0.10236,0.174075,0.036078,0.107887,0.014155,0.074902,0.061047,0.103425,,1809600,,
1,1,,0.010789,0.266756,0.139352,0.117781,0.11258,0.0632,0.019007,0.137154,0.086959,0.046422,,1812700,,
1,1,,0.02809,0.195893,0.122439,0.089421,0.162988,0.052796,0.016679,0.175567,0.11562,0.040507,,1816700,,
1,5,,0.032608,0.145074,0.101272,0.147814,0.077472,0.156137,0.115594,0.046165,0.062372,0.115493,,1813500,,
1,1,,0.152637,0.206743,0.055594,0.038557,0.091941,0.036425,0.165848,0.056673,0.1779,0.017683,,1803600,,
1,1,,0.032732,0.350702,0.113281,0.102557,0.071652,0.064178,0.017087,0.11929,0.084836,0.043685,,1831100,,
1,6,,0.08818,0.130103,0.074334,0.049893,0.190246,0.04876,0.196008,0.037796,0.1055,0.079179,,1817000,,
1,1,,0.034351,0.287816,0.095145,0.048833,0.11829,0.086259,0.062019,0.055609,0.160145,0.051534,,1812200,,
1,1,,0.005992,0.219714,0.147334,0.162011,0.089767,0.108508,0.052045,0.079041,0.037811,0.097779,,1811200,,
1,8,,0.054861,0.178488,0.098796,0.043643,0.123803,0.045352,0.108769,0.04875,0.280937,0.016601,,1821400,,
1,1,,0.009819,0.267354,0.150264,0.155589,0.069142,0.131573,0.018633,0.05756,0.038897,0.101169,,1830200,,
1,1,,0.078038,0.208394,0.072265,0.055872,0.136703,0.042964,0.151129,0.0458,0.195805,0.01303,,1829200,,
1,1,,0.0692,0.275323,0.071024,0.052031,0.078133,0.034562,0.057387,0.16299,0.158126,0.041223,,1826000,,
1,3,,0.005992,0.157915,0.161331,0.165116,0.046993,0.150851,0.078501,0.076184,0.045024,0.112093,,1802500,,
1,1,,0.044839,0.267015,0.054458,0.116953,0.062816,0.085419,0.025826,0.112237,0.075007,0.15543,,1827200,,
1,1,,0.061902,0.300811,0.077519,0.051881,0.057468,0.028177,0.074452,0.163993,0.119377,0.06442,,1828200,,
1,8,,0.106321,0.174738,0.063699,0.038009,0.140398,0.030027,0.060909,0.135854,0.204335,0.04571,,1825300,,
1,1,,0.058994,0.218787,0.061904,0.165889,0.086364,0.10399,0.068187,0.050668,0.055812,0.129405,,1814100,,
2,8,,0.058467,0.0851,0.142881,0.108552,0.043334,0.037664,0.072756,0.070178,0.31302,0.068046,,1816500,,
2,3,,0.025681,0.101868,0.110474,0.20548,0.04116,0.133127,0.034141,0.093351,0.09115,0.163568,,1820800,,
2,8,,0.082338,0.17384,0.173232,0.060683,0.048498,0.090741,0.058174,0.111456,0.178681,0.022357,,1828600,,
2,2,,0.005992,0.119809,0.218956,0.17688,0.030665,0.13628,0.066633,0.062573,0.066868,0.115345,,1822400,,
2,6,,0.081976,0.102268,0.126876,0.092458,0.137114,0.067095,0.185136,0.041623,0.109887,0.055567,,1812700,,
2,2,,0.005992,0.079941,0.294581,0.149012,0.051219,0.075792,0.074896,0.103317,0.120167,0.045084,,1821900,,
2,2,,0.025062,0.079816,0.169576,0.159552,0.066143,0.118006,0.044054,0.089319,0.088734,0.159739,,1813700,,
2,2,,0.008033,0.07867,0.263966,0.132167,0.116862,0.051483,0.032061,0.114865,0.156895,0.044999,,1815900,,
2,2,,0.042397,0.094055,0.224018,0.117814,0.073644,0.072887,0.019456,0.151222,0.083929,0.120578,,1805900,,
2,2,,0.005992,0.073823,0.285028,0.133114,0.051349,0.102273,0.059437,0.097977,0.144124,0.046883,,1814500,,
2,8,,0.067696,0.131124,0.176376,0.080708,0.07421,0.046834,0.092123,0.09357,0.190388,0.046971,,1819500,,
2,3,,0.007849,0.142745,0.186541,0.209261,0.03603,0.146511,0.061127,0.054145,0.048043,0.107748,,1816600,,
2,8,,0.099007,0.076152,0.163915,0.081874,0.114632,0.030785,0.160361,0.047963,0.18515,0.04016,,1810800,,
2,2,,0.006713,0.082047,0.278919,0.133319,0.043136,0.122342,0.088172,0.087027,0.084921,0.073405,,1826100,,
2,2,,0.028796,0.101494,0.29219,0.109168,0.062595,0.073184,0.120674,0.059229,0.085719,0.066949,,1815200,,
2,8,,0.060959,0.07533,0.146211,0.080454,0.046545,0.042116,0.0947,0.065486,0.323621,0.064579,,1816800,,
2,2,,0.005992,0.104137,0.331704,0.09908,0.041605,0.124802,0.037257,0.122337,0.06222,0.070866,,1817100,,
2,2,,0.027841,0.090164,0.201178,0.17387,0.038491,0.122558,0.032181,0.056803,0.088854,0.16806,,1807500,,
2,2,,0.024648,0.078469,0.30096,0.161807,0.04278,0.123816,0.048269,0.059877,0.077242,0.082131,,1825500,,
2,2,,0.018371,0.07328,0.241511,0.103392,0.135855,0.073473,0.045027,0.128217,0.127916,0.052959,,1855600,,
2,2,,0.009292,0.126064,0.234742,0.119395,0.042502,0.107103,0.084648,0.118298,0.083488,0.074468,,1843200,,
2,8,,0.115915,0.085352,0.168388,0.096369,0.089853,0.053142,0.069668,0.079956,0.181202,0.060156,,1821600,,
2,2,,0.028149,0.107502,0.204941,0.158628,0.055921,0.081404,0.070081,0.10329,0.085578,0.104507,,1817800,,
2,2,,0.01537,0.102343,0.281514,0.064177,0.034419,0.100781,0.068593,0.110526,0.165572,0.056705,,1809700,,
2,2,,0.088103,0.124893,0.240311,0.096583,0.064104,0.063971,0.047986,0.084777,0.143143,0.046129,,1814900,,
2,2,,0.064919,0.127937,0.227869,0.056268,0.04325,0.124149,0.104897,0.101822,0.125278,0.023611,,1817700,,
2,2,,0.015129,0.104931,0.201055,0.115917,0.055083,0.096966,0.051569,0.156533,0.138589,0.064229,,1806300,,
2,2,,0.005992,0.103224,0.250928,0.192384,0.025137,0.169163,0.050323,0.042822,0.049296,0.11073,,1819200,,
2,2,,0.011918,0.106146,0.260738,0.075982,0.097499,0.104997,0.1111,0.061448,0.14282,0.027353,,1815800,,
2,2,,0.087666,0.141247,0.260658,0.062018,0.105569,0.086181,0.054022,0.046629,0.132404,0.023605,,1813900,,
2,2,,0.006258,0.089996,0.291032,0.127787,0.040684,0.115848,0.083525,0.092815,0.073453,0.078602,,1811700,,
2,3,,0.033416,0.11368,0.17345,0.17394,0.027552,0.093155,0.060135,0.106598,0.070484,0.147592,,1811600,,
2,2,,0.029941,0.077632,0.208103,0.186587,0.061945,0.054671,0.03715,0.151338,0.14142,0.051213,,1808100,,
2,3,,0.009127,0.122222,0.188313,0.196302,0.074761,0.133027,0.047638,0.057351,0.055106,0.116153,,1806600,,
2,2,,0.01232,0.168355,0.260702,0.091036,0.107457,0.048477,0.050484,0.061904,0.163747,0.035518,,1809400,,
2,2,,0.00777,0.118407,0.268007,0.155091,0.037268,0.112375,0.07789,0.109177,0.063056,0.050958,,1808200,,
2,2,,0.010259,0.087575,0.301869,0.129822,0.054569,0.098351,0.094657,0.05475,0.088946,0.079202,,1816900,,
2,2,,0.008033,0.09082,0.325686,0.16357,0.042236,0.079517,0.028168,0.127351,0.066433,0.068185,,1835000,,
2,8,,0.104831,0.146762,0.137536,0.067047,0.070074,0.099756,0.131227,0.056419,0.167187,0.019159,,1803800,,
2,2,,0.068592,0.158922,0.208597,0.090359,0.057731,0.045948,0.068971,0.101623,0.158454,0.040803,,1814100,,
2,3,,0.006394,0.128598,0.191233,0.219904,0.055613,0.123924,0.038586,0.050384,0.057369,0.127996,,1825100,,
2,2,,0.01001,0.116318,0.27374,0.160366,0.026624,0.15269,0.046001,0.048602,0.054045,0.111604,,1810200,,
2,2,,0.011391,0.161736,0.29886,0.125542,0.035993,0.070272,0.068205,0.093977,0.082192,0.051832,,1808300,,
2,2,,0.014587,0.126021,0.238318,0.181147,0.041899,0.107483,0.049217,0.057733,0.072342,0.111253,,1808100,,
2,3,,0.023887,0.099287,0.202384,0.20635,0.031163,0.115456,0.015793,0.084058,0.061037,0.160585,,1815000,,
2,3,,0.019665,0.101017,0.189587,0.211712,0.034745,0.147126,0.025189,0.06066,0.066037,0.144262,,1810400,,
2,2,,0.015264,0.095455,0.266778,0.155863,0.035195,0.104068,0.011067,0.139056,0.085516,0.091738,,1811900,,
2,1,,0.068357,0.198688,0.180816,0.074385,0.078472,0.072,0.044382,0.150422,0.116269,0.016208,,1808000,,
2,0,,0.292107,0.051152,0.102292,0.056985,0.069836,0.024518,0.072005,0.076422,0.124721,0.129962,,1816400,,
2,8,,0.075192,0.117874,0.154358,0.08323,0.087738,0.061402,0.138901,0.072967,0.184305,0.024033,,1810100,,
2,1,,0.08064,0.172948,0.134376,0.114547,0.107355,0.056445,0.144165,0.033331,0.111829,0.044363,,1806100,,
2,9,,0.028642,0.110605,0.184923,0.164138,0.029503,0.117242,0.026487,0.06402,0.064171,0.210268,,1807800,,
2,2,,0.080066,0.149288,0.215035,0.078192,0.070154,0.055282,0.086525,0.082433,0.150065,0.032959,,1821100,,
2,2,,0.024366,0.093929,0.223614,0.184412,0.035751,0.123064,0.033136,0.064165,0.084421,0.133143,,1850400,,
2,6,,0.087151,0.107592,0.078935,0.04809,0.128868,0.056728,0.189818,0.108352,0.143204,0.051262,,1810700,,
2,2,,0.006302,0.101234,0.236929,0.111336,0.04393,0.152874,0.072289,0.110142,0.071178,0.093786,,1815800,,
2,2,,0.008387,0.135438,0.300755,0.142408,0.075718,0.080401,0.026493,0.102848,0.077289,0.050263,,1812300,,
2,2,,0.006151,0.094926,0.290569,0.113949,0.037266,0.113572,0.092008,0.102214,0.050572,0.098774,,1820200,,
2,9,,0.020518,0.098111,0.160497,0.15262,0.067822,0.116034,0.032418,0.072705,0.093347,0.185928,,1815800,,
2,3,,0.016034,0.106917,0.172102,0.245926,0.039963,0.117336,0.041751,0.077609,0.073946,0.108416,,1817700,,
2,8,,0.097776,0.114199,0.157274,0.100474,0.056277,0.046486,0.066499,0.124076,0.182304,0.054636,,1812200,,
2,2,,0.024392,0.092971,0.254897,0.168649,0.059272,0.053651,0.013835,0.142251,0.135003,0.055079,,1818600,,
2,3,,0.025665,0.093032,0.159478,0.206584,0.040782,0.111997,0.024407,0.076707,0.112085,0.149262,,1830500,,
2,2,,0.010992,0.114582,0.257987,0.157209,0.025314,0.155645,0.062259,0.049582,0.052962,0.113468,,1826500,,
2,2,,0.009461,0.113744,0.243987,0.194664,0.050466,0.095445,0.032865,0.104631,0.053928,0.100808,,1817800,,
2,3,,0.042793,0.078085,0.179814,0.199304,0.041824,0.117236,0.056371,0.077213,0.060033,0.147326,,1821500,,
2,2,,0.03222,0.140749,0.280457,0.095413,0.072197,0.096493,0.036588,0.122067,0.04861,0.075205,,1833600,,
2,2,,0.007603,0.114209,0.276285,0.134,0.056889,0.094255,0.045192,0.12266,0.056644,0.092263,,1818600,,
2,2,,0.067706,0.124093,0.224412,0.077135,0.049085,0.113153,0.065455,0.090581,0.145351,0.04303,,1815800,,
2,2,,0.007992,0.076894,0.292341,0.100232,0.056673,0.094377,0.071681,0.106638,0.145917,0.047255,,1818600,,
2,2,,0.095571,0.111794,0.207999,0.143273,0.064374,0.054243,0.030332,0.096818,0.146506,0.04909,,1814500,,
2,2,,0.042717,0.16195,0.215244,0.159678,0.086267,0.071357,0.01689,0.098139,0.084453,0.063305,,1812500,,
2,2,,0.007963,0.154722,0.326676,0.116613,0.05995,0.095182,0.020485,0.082044,0.064696,0.07167,,1824800,,
2,2,,0.007691,0.131573,0.306883,0.185618,0.037592,0.113808,0.035672,0.046528,0.035825,0.098811,,1817900,,
2,2,,0.005992,0.106423,0.31801,0.143375,0.03685,0.124135,0.049499,0.092508,0.056111,0.067098,,1811600,,
2,2,,0.008488,0.09697,0.244708,0.153925,0.050838,0.126326,0.055799,0.114675,0.073004,0.075267,,1833900,,
2,8,,0.090639,0.087839,0.1567,0.075956,0.07117,0.053273,0.093338,0.073066,0.234725,0.063293,,1818200,,
2,2,,0.011948,0.137839,0.190691,0.0862,0.064958,0.161012,0.11491,0.099468,0.094176,0.038798,,1815400,,
2,8,,0.099502,0.08064,0.141554,0.079532,0.113982,0.056798,0.065249,0.071261,0.227566,0.063915,,1823600,,
2,2,,0.006394,0.157384,0.268098,0.120756,0.073442,0.082693,0.042851,0.127415,0.067188,0.05378,,1809900,,
2,2,,0.013866,0.122747,0.275591,0.183655,0.060395,0.105912,0.018494,0.062222,0.051703,0.105415,,1804700,,
2,2,,0.005992,0.093438,0.329323,0.13066,0.037675,0.107627,0.059232,0.088953,0.073992,0.073109,,1811800,,
2,2,,0.021885,0.111698,0.235532,0.170748,0.046917,0.09423,0.03627,0.118517,0.096631,0.067572,,1804900,,
2,2,,0.033149,0.103781,0.208894,0.192942,0.022668,0.114221,0.016818,0.063606,0.075315,0.168606,,1829300,,
2,2,,0.006891,0.080275,0.338326,0.139303,0.046083,0.109538,0.045072,0.100595,0.071207,0.062711,,2617000,,
2,2,,0.028101,0.092098,0.201069,0.15778,0.057065,0.083322,0.027042,0.163059,0.120908,0.069557,,1819900,,
2,9,,0.030546,0.080058,0.142642,0.149904,0.026198,0.144756,0.071502,0.050362,0.056306,0.247727,,1815800,,
2,2,,0.021866,0.114044,0.238794,0.210521,0.050027,0.101978,0.024687,0.059399,0.049889,0.128794,,1812100,,
2,3,,0.036189,0.090781,0.171948,0.215455,0.031197,0.12047,0.026791,0.090485,0.081809,0.134875,,1823100,,
2,2,,0.010232,0.144041,0.255494,0.19315,0.026582,0.129167,0.03527,0.048175,0.043551,0.114338,,1821300,,
2,2,,0.005992,0.14535,0.268048,0.156418,0.030602,0.121201,0.086765,0.037005,0.044949,0.103671,,1822300,,
2,2,,0.012437,0.079426,0.287683,0.138517,0.032687,0.111939,0.050088,0.050566,0.161748,0.074909,,1822700,,
2,9,,0.089137,0.115608,0.12266,0.119423,0.040915,0.077541,0.012114,0.05028,0.031564,0.340758,,1828900,,
2,2,,0.023671,0.155836,0.224141,0.187388,0.033885,0.091702,0.040861,0.06596,0.064128,0.112428,,1823300,,
2,2,,0.018782,0.076708,0.265772,0.137293,0.100726,0.037929,0.028642,0.096234,0.187254,0.050659,,1823100,,
2,2,,0.008258,0.135213,0.272599,0.126001,0.060498,0.099454,0.057612,0.085042,0.095495,0.059829,,1819700,,
2,8,,0.091254,0.147109,0.169278,0.093737,0.062957,0.036044,0.076273,0.108639,0.180319,0.03439,,1832600,,
2,2,,0.025797,0.10873,0.287052,0.129783,0.077539,0.058836,0.034362,0.109263,0.092212,0.076425,,1827600,,
2,2,,0.00785,0.117325,0.289617,0.164259,0.052848,0.09211,0.055064,0.091878,0.069789,0.059259,,1811200,,
2,8,,0.088,0.117149,0.192565,0.068315,0.085145,0.056075,0.125224,0.03022,0.206627,0.030679,,1817600,,
2,6,,0.101585,0.091605,0.075875,0.058228,0.177594,0.028552,0.180905,0.127073,0.095293,0.063289,,1823500,,
2,2,,0.047748,0.107314,0.263786,0.058093,0.051062,0.076263,0.154137,0.084354,0.127637,0.029605,,1825600,,
2,2,,0.020691,0.121437,0.248797,0.208121,0.040251,0.093295,0.032268,0.069213,0.064637,0.10129,,1834400,,
2,2,,0.006792,0.153854,0.279479,0.119612,0.047351,0.112675,0.03448,0.118076,0.085488,0.042193,,1826800,,
2,2,,0.037927,0.089264,0.24854,0.154924,0.071956,0.052195,0.037474,0.117997,0.131654,0.058069,,1849300,,
2,2,,0.010326,0.134933,0.299939,0.112312,0.09784,0.083485,0.068075,0.082309,0.068471,0.042309,,1826500,,
2,2,,0.008932,0.099848,0.263413,0.177978,0.037613,0.096218,0.052009,0.086878,0.075274,0.101837,,1818500,,
2,2,,0.040046,0.101933,0.215103,0.165513,0.054922,0.077704,0.025308,0.108798,0.136278,0.074393,,1825700,,
2,2,,0.069554,0.087462,0.253718,0.127864,0.061044,0.05713,0.067297,0.069287,0.176502,0.030143,,1825500,,
2,2,,0.01284,0.157086,0.299284,0.146381,0.044961,0.07319,0.034382,0.085788,0.089494,0.056594,,1827700,,
2,2,,0.005992,0.091555,0.320927,0.075888,0.050161,0.089451,0.062313,0.094072,0.120784,0.088858,,1820800,,
2,2,,0.039442,0.090702,0.228053,0.182711,0.035362,0.100932,0.034348,0.065596,0.080016,0.142837,,1839400,,
3,3,,0.02902,0.083045,0.111862,0.361637,0.026741,0.103148,0.011257,0.064155,0.074038,0.135099,,1822000,,
3,3,,0.034915,0.076873,0.136353,0.235864,0.035972,0.124006,0.019723,0.080496,0.100962,0.154835,,1827700,,
3,3,,0.040352,0.071688,0.11435,0.226242,0.04139,0.111502,0.008893,0.093095,0.078779,0.213708,,1824400,,
3,3,,0.034245,0.09212,0.10388,0.201105,0.052982,0.12143,0.032855,0.113168,0.061742,0.186472,,1823800,,
3,7,,0.053456,0.103898,0.087256,0.153278,0.095713,0.093332,0.028093,0.179608,0.176951,0.028415,,1811900,,
3,2,,0.017765,0.109367,0.185406,0.179504,0.042441,0.124166,0.049222,0.131893,0.067127,0.093108,,1815900,,
3,3,,0.028964,0.090557,0.116463,0.312597,0.032064,0.109613,0.031255,0.074316,0.083655,0.120517,,1818700,,
3,3,,0.034882,0.07788,0.106572,0.316786,0.024809,0.09952,0.022568,0.073247,0.112611,0.131126,,1834700,,
3,3,,0.039532,0.079658,0.116344,0.232283,0.025834,0.132464,0.017196,0.066681,0.060221,0.229786,,1812600,,
3,3,,0.041514,0.074858,0.171515,0.228961,0.037876,0.109792,0.022154,0.057465,0.069817,0.186049,,1806500,,
3,2,,0.031684,0.104853,0.171913,0.106156,0.048296,0.100644,0.076529,0.151252,0.067042,0.14163,,1820500,,
3,3,,0.034726,0.074495,0.120199,0.274869,0.039622,0.122425,0.013787,0.079372,0.062361,0.178144,,1807400,,
3,3,,0.009095,0.15377,0.214479,0.240825,0.031347,0.114678,0.038925,0.050192,0.041871,0.104817,,1804700,,
3,5,,0.017905,0.069967,0.129884,0.193898,0.021566,0.211188,0.01128,0.040605,0.125032,0.178674,,1808900,,
3,9,,0.021145,0.105006,0.134178,0.206275,0.040373,0.094554,0.046082,0.06245,0.052832,0.237106,,1816100,,
3,3,,0.032207,0.087534,0.096694,0.312257,0.032355,0.108937,0.018335,0.065456,0.053706,0.192521,,1827700,,
3,3,,0.028754,0.146405,0.114636,0.274886,0.041492,0.125836,0.016244,0.071539,0.066119,0.11409,,1832200,,
3,3,,0.014533,0.138271,0.128593,0.211107,0.042168,0.165256,0.049903,0.065339,0.058943,0.125888,,1832700,,
3,3,,0.029737,0.14228,0.12607,0.244681,0.027007,0.093132,0.025622,0.053587,0.0511,0.206785,,1921500,,
3,3,,0.023841,0.096504,0.136127,0.176195,0.08021,0.115164,0.060829,0.06569,0.073845,0.171595,,1832100,,
3,3,,0.012691,0.131974,0.115098,0.209471,0.065835,0.166446,0.021297,0.069723,0.087575,0.119889,,1815400,,
3,3,,0.007438,0.17348,0.186666,0.196415,0.030175,0.09199,0.041332,0.059914,0.093355,0.119233,,1813000,,
3,3,,0.036363,0.124784,0.116523,0.222835,0.043952,0.133293,0.0172,0.068568,0.050923,0.185559,,1851500,,
3,2,,0.027435,0.066579,0.195756,0.159126,0.069774,0.120732,0.065158,0.068757,0.121205,0.105477,,1851300,,
3,3,,0.034796,0.098572,0.126914,0.23815,0.079664,0.108294,0.013622,0.08874,0.093644,0.117603,,1832400,,
3,3,,0.015457,0.166451,0.151463,0.174503,0.060429,0.12182,0.013558,0.079547,0.09291,0.123864,,1829600,,
3,3,,0.01097,0.097403,0.138662,0.244585,0.04412,0.168271,0.053595,0.055309,0.059318,0.127768,,1821700,,
3,5,,0.01097,0.16131,0.119833,0.175943,0.056021,0.179221,0.065762,0.045831,0.070143,0.114967,,1847800,,
3,3,,0.028107,0.090117,0.122415,0.245606,0.043349,0.105768,0.035676,0.099938,0.093393,0.135632,,1836500,,
3,3,,0.018631,0.114564,0.08846,0.202357,0.083407,0.179098,0.06503,0.065544,0.070612,0.112298,,1828600,,
3,2,,0.146274,0.063864,0.166155,0.102639,0.073229,0.029757,0.101649,0.040482,0.138991,0.13696,,1818000,,
3,2,,0.035263,0.090554,0.205738,0.179909,0.040756,0.079561,0.07096,0.109039,0.081774,0.106446,,1843700,,
3,3,,0.033287,0.121817,0.132294,0.251175,0.045657,0.121972,0.01542,0.061461,0.065377,0.15154,,1827100,,
3,8,,0.08565,0.088138,0.187766,0.065522,0.049129,0.043201,0.055417,0.081806,0.236338,0.107033,,1809600,,
3,3,,0.040145,0.076387,0.09374,0.30312,0.031281,0.124887,0.028049,0.077167,0.087281,0.137943,,1811200,,
3,3,,0.034363,0.110736,0.147899,0.219394,0.04471,0.118409,0.019012,0.131005,0.048909,0.125562,,1817000,,
3,3,,0.031394,0.096112,0.140947,0.273002,0.040286,0.103774,0.03386,0.062647,0.068588,0.14939,,1827700,,
3,3,,0.043238,0.148019,0.129099,0.227327,0.028417,0.099834,0.03227,0.06042,0.071895,0.15948,,1811700,,
3,3,,0.011496,0.106966,0.143329,0.228592,0.031816,0.197243,0.057194,0.047687,0.059007,0.116669,,1812400,,
3,3,,0.029481,0.078799,0.072641,0.300672,0.04708,0.117347,0.018049,0.062903,0.04985,0.223178,,1811200,,
