led-display,CWE,test,0,NANOSECONDS,PREDICTIONS, Generated by ClassifierExperiments.java on 2022-05-15 21:41:18.    SYSTEMPROPERTIES:{user.name:matth,os.arch:amd64,os.name:Windows 10},ENDSYSTEMPROPERTIES
No parameter info
0.6571428571428571,12330200,35415400,-1,21284320,10,,-1,-1
0,0,,0.260596,0.032838,0.049576,0.022415,0.124583,0.073526,0.115286,0.043086,0.179541,0.098553,,381700,,
0,0,,0.284146,0.022642,0.047294,0.024327,0.097685,0.075451,0.118784,0.048407,0.173497,0.107767,,336000,,
0,0,,0.284146,0.022642,0.047294,0.024327,0.097685,0.075451,0.118784,0.048407,0.173497,0.107767,,334600,,
0,7,,0.072583,0.119084,0.149128,0.114522,0.010235,0.105404,0.163434,0.191842,0.059695,0.014073,,334300,,
0,8,,0.155323,0.007593,0.066745,0.042503,0.108902,0.08108,0.14431,0.019946,0.247486,0.126111,,335700,,
0,0,,0.210964,0.019576,0.164873,0.020064,0.089337,0.072482,0.099289,0.047101,0.186567,0.089746,,332900,,
0,0,,0.284146,0.022642,0.047294,0.024327,0.097685,0.075451,0.118784,0.048407,0.173497,0.107767,,333100,,
0,0,,0.284146,0.022642,0.047294,0.024327,0.097685,0.075451,0.118784,0.048407,0.173497,0.107767,,334300,,
0,0,,0.284146,0.022642,0.047294,0.024327,0.097685,0.075451,0.118784,0.048407,0.173497,0.107767,,332400,,
1,7,,0.047388,0.239062,0.106859,0.171819,0.056721,0.03333,0.007976,0.278619,0.019234,0.038992,,333700,,
1,2,,0.051379,0.086457,0.412086,0.136983,0.009969,0.016541,0.035988,0.14082,0.089178,0.0206,,334900,,
1,7,,0.047388,0.239062,0.106859,0.171819,0.056721,0.03333,0.007976,0.278619,0.019234,0.038992,,334500,,
1,7,,0.047388,0.239062,0.106859,0.171819,0.056721,0.03333,0.007976,0.278619,0.019234,0.038992,,332700,,
1,7,,0.047388,0.239062,0.106859,0.171819,0.056721,0.03333,0.007976,0.278619,0.019234,0.038992,,334500,,
1,7,,0.047388,0.239062,0.106859,0.171819,0.056721,0.03333,0.007976,0.278619,0.019234,0.038992,,333700,,
1,4,,0.127052,0.074983,0.021484,0.055178,0.207304,0.09673,0.074073,0.095755,0.108437,0.139005,,333000,,
1,1,,0.019023,0.260685,0.106338,0.135711,0.056543,0.147041,0.043008,0.188242,0.016126,0.027283,,333500,,
2,8,,0.103707,0.004111,0.211179,0.027967,0.094246,0.078575,0.123421,0.018553,0.236072,0.102168,,334200,,
2,2,,0.051379,0.086457,0.412086,0.136983,0.009969,0.016541,0.035988,0.14082,0.089178,0.0206,,334400,,
2,8,,0.103707,0.004111,0.211179,0.027967,0.094246,0.078575,0.123421,0.018553,0.236072,0.102168,,336000,,
2,2,,0.051379,0.086457,0.412086,0.136983,0.009969,0.016541,0.035988,0.14082,0.089178,0.0206,,333900,,
2,2,,0.051379,0.086457,0.412086,0.136983,0.009969,0.016541,0.035988,0.14082,0.089178,0.0206,,333600,,
2,2,,0.051379,0.086457,0.412086,0.136983,0.009969,0.016541,0.035988,0.14082,0.089178,0.0206,,335700,,
2,3,,0.019743,0.102094,0.23219,0.268865,0.043462,0.046455,0.013687,0.178613,0.027823,0.067068,,333200,,
2,2,,0.093383,0.113827,0.303738,0.124873,0.008393,0.017425,0.032262,0.226396,0.062574,0.01713,,334600,,
2,2,,0.051379,0.086457,0.412086,0.136983,0.009969,0.016541,0.035988,0.14082,0.089178,0.0206,,368100,,
2,2,,0.049854,0.090093,0.407258,0.138333,0.015683,0.015827,0.035894,0.142174,0.08389,0.020994,,337900,,
2,6,,0.086428,0.006967,0.154916,0.013437,0.091592,0.14654,0.241026,0.017957,0.159618,0.081519,,336100,,
3,7,,0.021058,0.190403,0.106952,0.139372,0.032339,0.1802,0.059357,0.219655,0.015071,0.035592,,338400,,
3,9,,0.077683,0.017846,0.030049,0.116005,0.170494,0.128509,0.081051,0.05243,0.122511,0.203421,,335700,,
3,3,,0.025456,0.108851,0.121626,0.318968,0.044671,0.046195,0.013461,0.195867,0.041016,0.083888,,340200,,
3,3,,0.025456,0.108851,0.121626,0.318968,0.044671,0.046195,0.013461,0.195867,0.041016,0.083888,,337700,,
3,3,,0.025456,0.108851,0.121626,0.318968,0.044671,0.046195,0.013461,0.195867,0.041016,0.083888,,336900,,
3,3,,0.021585,0.132677,0.11487,0.29811,0.111241,0.048747,0.011129,0.176411,0.027637,0.057593,,336800,,
3,3,,0.025456,0.108851,0.121626,0.318968,0.044671,0.046195,0.013461,0.195867,0.041016,0.083888,,339100,,
3,3,,0.025456,0.108851,0.121626,0.318968,0.044671,0.046195,0.013461,0.195867,0.041016,0.083888,,335700,,
3,7,,0.021058,0.190403,0.106952,0.139372,0.032339,0.1802,0.059357,0.219655,0.015071,0.035592,,336500,,
3,3,,0.025456,0.108851,0.121626,0.318968,0.044671,0.046195,0.013461,0.195867,0.041016,0.083888,,337300,,
3,9,,0.077683,0.017846,0.030049,0.116005,0.170494,0.128509,0.081051,0.05243,0.122511,0.203421,,336400,,
3,3,,0.025456,0.108851,0.121626,0.318968,0.044671,0.046195,0.013461,0.195867,0.041016,0.083888,,336000,,
4,4,,0.070568,0.031613,0.02603,0.092243,0.282777,0.109216,0.077201,0.038854,0.106116,0.165383,,338000,,
4,3,,0.021585,0.132677,0.11487,0.29811,0.111241,0.048747,0.011129,0.176411,0.027637,0.057593,,336600,,
4,3,,0.021585,0.132677,0.11487,0.29811,0.111241,0.048747,0.011129,0.176411,0.027637,0.057593,,337500,,
4,3,,0.01924,0.12104,0.202762,0.26789,0.07444,0.044918,0.010048,0.175685,0.026292,0.057684,,337300,,
4,4,,0.070568,0.031613,0.02603,0.092243,0.282777,0.109216,0.077201,0.038854,0.106116,0.165383,,336000,,
4,4,,0.070568,0.031613,0.02603,0.092243,0.282777,0.109216,0.077201,0.038854,0.106116,0.165383,,337000,,
4,4,,0.070568,0.031613,0.02603,0.092243,0.282777,0.109216,0.077201,0.038854,0.106116,0.165383,,337200,,
4,5,,0.016678,0.147456,0.106887,0.195324,0.073915,0.197147,0.064246,0.15093,0.017495,0.029923,,335800,,
4,5,,0.064091,0.040695,0.022189,0.039309,0.222959,0.25833,0.12179,0.025966,0.092846,0.111824,,343500,,
4,8,,0.147094,0.010706,0.060662,0.032021,0.179111,0.075134,0.140165,0.016407,0.227625,0.111076,,338800,,
4,5,,0.064091,0.040695,0.022189,0.039309,0.222959,0.25833,0.12179,0.025966,0.092846,0.111824,,338800,,
5,5,,0.065312,0.025758,0.022748,0.04384,0.143163,0.312927,0.137202,0.030154,0.092401,0.126496,,338100,,
5,5,,0.090897,0.034009,0.021728,0.035366,0.127259,0.279564,0.146516,0.04325,0.086948,0.134464,,338900,,
5,5,,0.064091,0.040695,0.022189,0.039309,0.222959,0.25833,0.12179,0.025966,0.092846,0.111824,,338000,,
5,5,,0.065312,0.025758,0.022748,0.04384,0.143163,0.312927,0.137202,0.030154,0.092401,0.126496,,339000,,
5,5,,0.065312,0.025758,0.022748,0.04384,0.143163,0.312927,0.137202,0.030154,0.092401,0.126496,,339000,,
5,5,,0.065312,0.025758,0.022748,0.04384,0.143163,0.312927,0.137202,0.030154,0.092401,0.126496,,338100,,
5,5,,0.065312,0.025758,0.022748,0.04384,0.143163,0.312927,0.137202,0.030154,0.092401,0.126496,,339200,,
5,5,,0.065312,0.025758,0.022748,0.04384,0.143163,0.312927,0.137202,0.030154,0.092401,0.126496,,337500,,
5,9,,0.077683,0.017846,0.030049,0.116005,0.170494,0.128509,0.081051,0.05243,0.122511,0.203421,,337800,,
5,5,,0.065312,0.025758,0.022748,0.04384,0.143163,0.312927,0.137202,0.030154,0.092401,0.126496,,340900,,
5,5,,0.065312,0.025758,0.022748,0.04384,0.143163,0.312927,0.137202,0.030154,0.092401,0.126496,,338100,,
6,6,,0.104738,0.012821,0.049548,0.014743,0.131083,0.12345,0.286888,0.011912,0.179261,0.085557,,338400,,
6,6,,0.104738,0.012821,0.049548,0.014743,0.131083,0.12345,0.286888,0.011912,0.179261,0.085557,,340400,,
6,6,,0.105826,0.008532,0.045867,0.016122,0.09561,0.14449,0.313865,0.012601,0.167436,0.08965,,337300,,
6,5,,0.065312,0.025758,0.022748,0.04384,0.143163,0.312927,0.137202,0.030154,0.092401,0.126496,,335500,,
6,0,,0.284146,0.022642,0.047294,0.024327,0.097685,0.075451,0.118784,0.048407,0.173497,0.107767,,362300,,
6,6,,0.105826,0.008532,0.045867,0.016122,0.09561,0.14449,0.313865,0.012601,0.167436,0.08965,,338500,,
6,6,,0.105826,0.008532,0.045867,0.016122,0.09561,0.14449,0.313865,0.012601,0.167436,0.08965,,335100,,
6,6,,0.105826,0.008532,0.045867,0.016122,0.09561,0.14449,0.313865,0.012601,0.167436,0.08965,,366300,,
6,7,,0.072583,0.119084,0.149128,0.114522,0.010235,0.105404,0.163434,0.191842,0.059695,0.014073,,336000,,
6,6,,0.173642,0.008532,0.056151,0.014163,0.091679,0.139113,0.27646,0.015424,0.135912,0.088923,,335400,,
7,7,,0.021058,0.190403,0.106952,0.139372,0.032339,0.1802,0.059357,0.219655,0.015071,0.035592,,341100,,
7,7,,0.053045,0.174387,0.109006,0.185807,0.028641,0.039393,0.008479,0.32565,0.020548,0.055044,,333300,,
7,7,,0.053045,0.174387,0.109006,0.185807,0.028641,0.039393,0.008479,0.32565,0.020548,0.055044,,333600,,
7,7,,0.053045,0.174387,0.109006,0.185807,0.028641,0.039393,0.008479,0.32565,0.020548,0.055044,,335700,,
7,7,,0.053045,0.174387,0.109006,0.185807,0.028641,0.039393,0.008479,0.32565,0.020548,0.055044,,333700,,
7,7,,0.047388,0.239062,0.106859,0.171819,0.056721,0.03333,0.007976,0.278619,0.019234,0.038992,,334800,,
7,7,,0.047388,0.239062,0.106859,0.171819,0.056721,0.03333,0.007976,0.278619,0.019234,0.038992,,335800,,
7,7,,0.053045,0.174387,0.109006,0.185807,0.028641,0.039393,0.008479,0.32565,0.020548,0.055044,,333900,,
7,9,,0.145698,0.049295,0.023032,0.065351,0.143461,0.107502,0.077975,0.117753,0.101513,0.168421,,334200,,
7,7,,0.053045,0.174387,0.109006,0.185807,0.028641,0.039393,0.008479,0.32565,0.020548,0.055044,,335300,,
7,7,,0.018905,0.177362,0.137563,0.144729,0.032339,0.178868,0.048976,0.212914,0.015071,0.033272,,334400,,
7,7,,0.018905,0.177362,0.137563,0.144729,0.032339,0.178868,0.048976,0.212914,0.015071,0.033272,,334900,,
8,8,,0.155323,0.007593,0.066745,0.042503,0.108902,0.08108,0.14431,0.019946,0.247486,0.126111,,335500,,
8,8,,0.155323,0.007593,0.066745,0.042503,0.108902,0.08108,0.14431,0.019946,0.247486,0.126111,,334400,,
8,8,,0.155323,0.007593,0.066745,0.042503,0.108902,0.08108,0.14431,0.019946,0.247486,0.126111,,335400,,
8,8,,0.155323,0.007593,0.066745,0.042503,0.108902,0.08108,0.14431,0.019946,0.247486,0.126111,,336400,,
8,8,,0.155323,0.007593,0.066745,0.042503,0.108902,0.08108,0.14431,0.019946,0.247486,0.126111,,334000,,
8,6,,0.105826,0.008532,0.045867,0.016122,0.09561,0.14449,0.313865,0.012601,0.167436,0.08965,,333300,,
8,5,,0.065312,0.025758,0.022748,0.04384,0.143163,0.312927,0.137202,0.030154,0.092401,0.126496,,335300,,
8,8,,0.103707,0.004111,0.211179,0.027967,0.094246,0.078575,0.123421,0.018553,0.236072,0.102168,,341800,,
8,8,,0.155323,0.007593,0.066745,0.042503,0.108902,0.08108,0.14431,0.019946,0.247486,0.126111,,334400,,
8,8,,0.155323,0.007593,0.066745,0.042503,0.108902,0.08108,0.14431,0.019946,0.247486,0.126111,,335600,,
8,8,,0.155323,0.007593,0.066745,0.042503,0.108902,0.08108,0.14431,0.019946,0.247486,0.126111,,333700,,
9,5,,0.065312,0.025758,0.022748,0.04384,0.143163,0.312927,0.137202,0.030154,0.092401,0.126496,,333900,,
9,4,,0.070568,0.031613,0.02603,0.092243,0.282777,0.109216,0.077201,0.038854,0.106116,0.165383,,335600,,
9,9,,0.077683,0.017846,0.030049,0.116005,0.170494,0.128509,0.081051,0.05243,0.122511,0.203421,,334700,,
9,9,,0.077683,0.017846,0.030049,0.116005,0.170494,0.128509,0.081051,0.05243,0.122511,0.203421,,333000,,
9,9,,0.077683,0.017846,0.030049,0.116005,0.170494,0.128509,0.081051,0.05243,0.122511,0.203421,,337100,,
9,9,,0.077683,0.017846,0.030049,0.116005,0.170494,0.128509,0.081051,0.05243,0.122511,0.203421,,336200,,
9,4,,0.070568,0.031613,0.02603,0.092243,0.282777,0.109216,0.077201,0.038854,0.106116,0.165383,,333800,,
9,0,,0.284146,0.022642,0.047294,0.024327,0.097685,0.075451,0.118784,0.048407,0.173497,0.107767,,335800,,
9,9,,0.077683,0.017846,0.030049,0.116005,0.170494,0.128509,0.081051,0.05243,0.122511,0.203421,,334300,,
9,3,,0.025456,0.108851,0.121626,0.318968,0.044671,0.046195,0.013461,0.195867,0.041016,0.083888,,334300,,