led-display,CWE,test,3,NANOSECONDS,PREDICTIONS, Generated by ClassifierExperiments.java on 2022-05-15 22:14:17.    SYSTEMPROPERTIES:{user.name:matth,os.arch:amd64,os.name:Windows 10},ENDSYSTEMPROPERTIES
No parameter info
0.7333333333333333,15537800,37584900,-1,19976832,10,,-1,-1
0,0,,0.259679,0.009018,0.035968,0.027127,0.095973,0.090111,0.123497,0.069878,0.16965,0.1191,,426600,,
0,7,,0.067807,0.211711,0.040027,0.155752,0.022974,0.018244,0.012582,0.418963,0.007865,0.044076,,368400,,
0,0,,0.259679,0.009018,0.035968,0.027127,0.095973,0.090111,0.123497,0.069878,0.16965,0.1191,,356300,,
0,0,,0.259679,0.009018,0.035968,0.027127,0.095973,0.090111,0.123497,0.069878,0.16965,0.1191,,355700,,
0,0,,0.259679,0.009018,0.035968,0.027127,0.095973,0.090111,0.123497,0.069878,0.16965,0.1191,,355700,,
0,0,,0.259679,0.009018,0.035968,0.027127,0.095973,0.090111,0.123497,0.069878,0.16965,0.1191,,353500,,
0,0,,0.185348,0.008648,0.181784,0.021145,0.086544,0.087619,0.097734,0.074176,0.161414,0.095588,,362100,,
0,0,,0.259679,0.009018,0.035968,0.027127,0.095973,0.090111,0.123497,0.069878,0.16965,0.1191,,351600,,
0,0,,0.259679,0.009018,0.035968,0.027127,0.095973,0.090111,0.123497,0.069878,0.16965,0.1191,,351400,,
1,1,,0.167235,0.266017,0.140467,0.059168,0.023657,0.012706,0.028018,0.241339,0.047781,0.013613,,355000,,
1,7,,0.038413,0.33947,0.039876,0.132087,0.04702,0.016486,0.008653,0.342904,0.012493,0.022598,,351200,,
1,7,,0.067807,0.211711,0.040027,0.155752,0.022974,0.018244,0.012582,0.418963,0.007865,0.044076,,351700,,
1,7,,0.038413,0.33947,0.039876,0.132087,0.04702,0.016486,0.008653,0.342904,0.012493,0.022598,,353400,,
1,4,,0.107956,0.134015,0.023568,0.039842,0.184529,0.100317,0.083478,0.091681,0.110051,0.124563,,352100,,
1,7,,0.038413,0.33947,0.039876,0.132087,0.04702,0.016486,0.008653,0.342904,0.012493,0.022598,,358900,,
1,1,,0.033563,0.389893,0.03919,0.111204,0.045076,0.041566,0.015637,0.298439,0.007739,0.017694,,356600,,
1,7,,0.038413,0.33947,0.039876,0.132087,0.04702,0.016486,0.008653,0.342904,0.012493,0.022598,,354300,,
2,2,,0.041124,0.052656,0.615512,0.099148,0.019521,0.01373,0.019139,0.059743,0.065507,0.013922,,357800,,
2,2,,0.006031,0.073679,0.324461,0.265322,0.057117,0.051155,0.008528,0.134613,0.026907,0.052186,,356000,,
2,2,,0.041124,0.052656,0.615512,0.099148,0.019521,0.01373,0.019139,0.059743,0.065507,0.013922,,353700,,
2,7,,0.056311,0.198596,0.116308,0.13011,0.022915,0.01919,0.010448,0.410876,0.004974,0.030272,,355100,,
2,2,,0.039988,0.051355,0.598437,0.094582,0.041743,0.01373,0.019394,0.063632,0.057068,0.020071,,355200,,
2,2,,0.041124,0.052656,0.615512,0.099148,0.019521,0.01373,0.019139,0.059743,0.065507,0.013922,,355500,,
2,2,,0.112046,0.143207,0.348089,0.050548,0.005935,0.011024,0.021518,0.264005,0.028394,0.015234,,365600,,
2,2,,0.041124,0.052656,0.615512,0.099148,0.019521,0.01373,0.019139,0.059743,0.065507,0.013922,,355200,,
2,2,,0.07612,0.208995,0.360575,0.060205,0.01163,0.010126,0.017977,0.212513,0.034487,0.007373,,352700,,
2,2,,0.041124,0.052656,0.615512,0.099148,0.019521,0.01373,0.019139,0.059743,0.065507,0.013922,,356600,,
2,2,,0.041124,0.052656,0.615512,0.099148,0.019521,0.01373,0.019139,0.059743,0.065507,0.013922,,355300,,
3,7,,0.046722,0.234756,0.042245,0.134562,0.022803,0.082311,0.056064,0.342014,0.005644,0.032879,,354800,,
3,7,,0.067807,0.211711,0.040027,0.155752,0.022974,0.018244,0.012582,0.418963,0.007865,0.044076,,411200,,
3,2,,0.006031,0.073679,0.324461,0.265322,0.057117,0.051155,0.008528,0.134613,0.026907,0.052186,,357600,,
3,3,,0.012069,0.114847,0.076026,0.365383,0.169579,0.040182,0.011872,0.133754,0.022623,0.053665,,358300,,
3,3,,0.015777,0.081379,0.081889,0.417284,0.058356,0.046328,0.013286,0.158329,0.043509,0.083862,,360300,,
3,1,,0.030988,0.322471,0.088847,0.140909,0.041722,0.015434,0.008286,0.320083,0.008398,0.022862,,358200,,
3,3,,0.015777,0.081379,0.081889,0.417284,0.058356,0.046328,0.013286,0.158329,0.043509,0.083862,,357900,,
3,2,,0.006031,0.102417,0.2718,0.243858,0.111565,0.039988,0.008528,0.136038,0.025422,0.054354,,359800,,
3,3,,0.015777,0.081379,0.081889,0.417284,0.058356,0.046328,0.013286,0.158329,0.043509,0.083862,,357700,,
3,3,,0.015777,0.081379,0.081889,0.417284,0.058356,0.046328,0.013286,0.158329,0.043509,0.083862,,358000,,
3,3,,0.015777,0.081379,0.081889,0.417284,0.058356,0.046328,0.013286,0.158329,0.043509,0.083862,,356700,,
3,3,,0.015777,0.081379,0.081889,0.417284,0.058356,0.046328,0.013286,0.158329,0.043509,0.083862,,357700,,
4,4,,0.078345,0.010997,0.031,0.085339,0.287001,0.123817,0.086231,0.022812,0.117058,0.157398,,357800,,
4,4,,0.070751,0.010559,0.030366,0.049946,0.240329,0.220144,0.128494,0.013841,0.115226,0.120343,,356400,,
4,4,,0.078345,0.010997,0.031,0.085339,0.287001,0.123817,0.086231,0.022812,0.117058,0.157398,,355800,,
4,4,,0.078345,0.010997,0.031,0.085339,0.287001,0.123817,0.086231,0.022812,0.117058,0.157398,,358200,,
4,4,,0.078345,0.010997,0.031,0.085339,0.287001,0.123817,0.086231,0.022812,0.117058,0.157398,,357600,,
4,4,,0.078345,0.010997,0.031,0.085339,0.287001,0.123817,0.086231,0.022812,0.117058,0.157398,,356900,,
4,4,,0.078345,0.010997,0.031,0.085339,0.287001,0.123817,0.086231,0.022812,0.117058,0.157398,,367700,,
4,4,,0.078345,0.010997,0.031,0.085339,0.287001,0.123817,0.086231,0.022812,0.117058,0.157398,,355100,,
4,4,,0.078345,0.010997,0.031,0.085339,0.287001,0.123817,0.086231,0.022812,0.117058,0.157398,,356900,,
4,4,,0.078345,0.010997,0.031,0.085339,0.287001,0.123817,0.086231,0.022812,0.117058,0.157398,,357400,,
4,4,,0.070751,0.010559,0.030366,0.049946,0.240329,0.220144,0.128494,0.013841,0.115226,0.120343,,357300,,
5,5,,0.072612,0.005586,0.030366,0.057587,0.129118,0.290762,0.142014,0.016551,0.114603,0.140801,,357500,,
5,5,,0.072612,0.005586,0.030366,0.057587,0.129118,0.290762,0.142014,0.016551,0.114603,0.140801,,355000,,
5,5,,0.100978,0.042679,0.025938,0.041072,0.105602,0.214244,0.138491,0.099248,0.100453,0.131296,,357500,,
5,5,,0.072612,0.005586,0.030366,0.057587,0.129118,0.290762,0.142014,0.016551,0.114603,0.140801,,360500,,
5,5,,0.070751,0.004845,0.067033,0.049545,0.127661,0.311375,0.123678,0.019345,0.103967,0.1218,,355500,,
5,3,,0.005358,0.124622,0.078911,0.224975,0.176366,0.149552,0.082664,0.105556,0.020382,0.031615,,363300,,
5,7,,0.046722,0.234756,0.042245,0.134562,0.022803,0.082311,0.056064,0.342014,0.005644,0.032879,,358100,,
5,5,,0.072612,0.005586,0.030366,0.057587,0.129118,0.290762,0.142014,0.016551,0.114603,0.140801,,356500,,
5,5,,0.072612,0.005586,0.030366,0.057587,0.129118,0.290762,0.142014,0.016551,0.114603,0.140801,,360600,,
5,5,,0.072612,0.005586,0.030366,0.057587,0.129118,0.290762,0.142014,0.016551,0.114603,0.140801,,356300,,
5,5,,0.072612,0.005586,0.030366,0.057587,0.129118,0.290762,0.142014,0.016551,0.114603,0.140801,,352600,,
6,6,,0.101941,0.000874,0.040606,0.023777,0.098324,0.159891,0.296649,0.008527,0.173054,0.096357,,354900,,
6,5,,0.072612,0.005586,0.030366,0.057587,0.129118,0.290762,0.142014,0.016551,0.114603,0.140801,,353400,,
6,6,,0.101941,0.000874,0.040606,0.023777,0.098324,0.159891,0.296649,0.008527,0.173054,0.096357,,353900,,
6,6,,0.101941,0.000874,0.040606,0.023777,0.098324,0.159891,0.296649,0.008527,0.173054,0.096357,,355000,,
6,6,,0.101941,0.000874,0.040606,0.023777,0.098324,0.159891,0.296649,0.008527,0.173054,0.096357,,355400,,
6,6,,0.101941,0.000874,0.040606,0.023777,0.098324,0.159891,0.296649,0.008527,0.173054,0.096357,,359300,,
6,9,,0.073291,0.007973,0.147486,0.087345,0.116549,0.156439,0.082982,0.024619,0.131234,0.172082,,358200,,
6,6,,0.101941,0.000874,0.040606,0.023777,0.098324,0.159891,0.296649,0.008527,0.173054,0.096357,,358200,,
6,2,,0.087265,0.041906,0.251439,0.093392,0.055052,0.124165,0.217693,0.065348,0.052551,0.011189,,357600,,
6,6,,0.096634,0.000874,0.045143,0.0226,0.140645,0.137719,0.272625,0.008527,0.180744,0.094489,,361200,,
7,7,,0.067807,0.211711,0.040027,0.155752,0.022974,0.018244,0.012582,0.418963,0.007865,0.044076,,356300,,
7,7,,0.067807,0.211711,0.040027,0.155752,0.022974,0.018244,0.012582,0.418963,0.007865,0.044076,,357400,,
7,7,,0.067807,0.211711,0.040027,0.155752,0.022974,0.018244,0.012582,0.418963,0.007865,0.044076,,358200,,
7,7,,0.038413,0.33947,0.039876,0.132087,0.04702,0.016486,0.008653,0.342904,0.012493,0.022598,,357500,,
7,7,,0.205084,0.155149,0.141279,0.069759,0.010089,0.017813,0.039049,0.292355,0.042248,0.027175,,362000,,
7,7,,0.067807,0.211711,0.040027,0.155752,0.022974,0.018244,0.012582,0.418963,0.007865,0.044076,,355100,,
7,2,,0.112046,0.143207,0.348089,0.050548,0.005935,0.011024,0.021518,0.264005,0.028394,0.015234,,359000,,
7,7,,0.046722,0.234756,0.042245,0.134562,0.022803,0.082311,0.056064,0.342014,0.005644,0.032879,,361800,,
7,3,,0.015777,0.081379,0.081889,0.417284,0.058356,0.046328,0.013286,0.158329,0.043509,0.083862,,361500,,
7,7,,0.067807,0.211711,0.040027,0.155752,0.022974,0.018244,0.012582,0.418963,0.007865,0.044076,,353200,,
7,7,,0.067807,0.211711,0.040027,0.155752,0.022974,0.018244,0.012582,0.418963,0.007865,0.044076,,357200,,
7,7,,0.067807,0.211711,0.040027,0.155752,0.022974,0.018244,0.012582,0.418963,0.007865,0.044076,,354100,,
8,8,,0.154344,0.004114,0.05662,0.061553,0.106629,0.094633,0.135968,0.014825,0.236534,0.134781,,360900,,
8,8,,0.154344,0.004114,0.05662,0.061553,0.106629,0.094633,0.135968,0.014825,0.236534,0.134781,,356400,,
8,2,,0.122231,0.053937,0.267096,0.232715,0.025186,0.017187,0.043168,0.094667,0.102895,0.040918,,357400,,
8,0,,0.185348,0.008648,0.181784,0.021145,0.086544,0.087619,0.097734,0.074176,0.161414,0.095588,,355100,,
8,8,,0.154344,0.004114,0.05662,0.061553,0.106629,0.094633,0.135968,0.014825,0.236534,0.134781,,358300,,
8,9,,0.085771,0.007367,0.036124,0.123884,0.140957,0.147298,0.087493,0.032076,0.13987,0.199161,,355700,,
8,8,,0.154344,0.004114,0.05662,0.061553,0.106629,0.094633,0.135968,0.014825,0.236534,0.134781,,356500,,
8,2,,0.122231,0.053937,0.267096,0.232715,0.025186,0.017187,0.043168,0.094667,0.102895,0.040918,,354600,,
8,8,,0.154344,0.004114,0.05662,0.061553,0.106629,0.094633,0.135968,0.014825,0.236534,0.134781,,352700,,
8,8,,0.154344,0.004114,0.05662,0.061553,0.106629,0.094633,0.135968,0.014825,0.236534,0.134781,,362700,,
8,4,,0.142766,0.004995,0.047106,0.042371,0.208164,0.090739,0.134242,0.010796,0.19755,0.121272,,353400,,
9,9,,0.085771,0.007367,0.036124,0.123884,0.140957,0.147298,0.087493,0.032076,0.13987,0.199161,,352500,,
9,9,,0.073291,0.007973,0.147486,0.087345,0.116549,0.156439,0.082982,0.024619,0.131234,0.172082,,354300,,
9,3,,0.015777,0.081379,0.081889,0.417284,0.058356,0.046328,0.013286,0.158329,0.043509,0.083862,,354400,,
9,8,,0.154344,0.004114,0.05662,0.061553,0.106629,0.094633,0.135968,0.014825,0.236534,0.134781,,357200,,
9,9,,0.085771,0.007367,0.036124,0.123884,0.140957,0.147298,0.087493,0.032076,0.13987,0.199161,,357800,,
9,9,,0.141692,0.036719,0.023606,0.053152,0.119661,0.11741,0.087879,0.153678,0.107973,0.158231,,355100,,
9,9,,0.085771,0.007367,0.036124,0.123884,0.140957,0.147298,0.087493,0.032076,0.13987,0.199161,,354100,,
9,9,,0.085771,0.007367,0.036124,0.123884,0.140957,0.147298,0.087493,0.032076,0.13987,0.199161,,355200,,
9,9,,0.085771,0.007367,0.036124,0.123884,0.140957,0.147298,0.087493,0.032076,0.13987,0.199161,,353000,,
9,4,,0.078345,0.010997,0.031,0.085339,0.287001,0.123817,0.086231,0.022812,0.117058,0.157398,,355300,,