chess-krvk,LADTree,test,2,NANOSECONDS,PREDICTIONS, Generated by ClassifierExperiments.java on 2022-05-16 13:24:54.    SYSTEMPROPERTIES:{user.name:matth,os.arch:amd64,os.name:Windows 10},ENDSYSTEMPROPERTIES
No parameter info
0.26316725978647687,646509200,16989760000,-1,114432624,18,,-1,-1
0,6,,0.106677,0.036774,0.082536,0.116482,0.006883,0.003117,0.21562,0.03854,0.001966,0.015542,0.013757,0.027733,0.051058,0.162788,0.001608,0.111422,0.006819,0.000677,,3336200,,
0,13,,0.107816,0.048479,0.099328,0.050631,0.009471,0.00525,0.152437,0.055199,0.004752,0.02029,0.01842,0.006618,0.071194,0.201006,0.00142,0.137995,0.008695,0.001,,3103700,,
0,2,,0.092427,0.107373,0.144824,0.010212,0.034122,0.020238,0.046974,0.131465,0.006193,0.071895,0.040176,0.000979,0.113013,0.057805,0.009321,0.095675,0.015247,0.002063,,3115700,,
0,15,,0.100875,0.054887,0.104264,0.064651,0.015091,0.003451,0.13435,0.064733,0.004053,0.025329,0.019569,0.007752,0.083646,0.137098,0.003874,0.15938,0.01543,0.001566,,3088700,,
0,6,,0.116038,0.019744,0.059969,0.185352,0.003747,0.000751,0.227644,0.023366,0.000581,0.008031,0.004107,0.075015,0.041228,0.150479,0.000151,0.082041,0.001569,0.000187,,3080800,,
0,6,,0.111888,0.039043,0.072493,0.131593,0.013167,0.005369,0.194981,0.042647,0.000993,0.016414,0.017303,0.029247,0.051644,0.154904,0.001163,0.114893,0.002021,0.000236,,3082700,,
0,13,,0.112034,0.054636,0.115774,0.037657,0.015782,0.009044,0.129911,0.057847,0.002483,0.026161,0.027628,0.004639,0.080576,0.170264,0.001695,0.149369,0.00388,0.00062,,3107100,,
0,15,,0.093007,0.074629,0.141954,0.021119,0.020251,0.003644,0.073434,0.099232,0.003668,0.036471,0.026761,0.000974,0.090616,0.119069,0.00416,0.17361,0.016379,0.001022,,3025400,,
0,6,,0.104286,0.044311,0.096194,0.119264,0.008257,0.000856,0.181589,0.073964,0.000128,0.019868,0.015128,0.019064,0.060156,0.146999,0.000094,0.108097,0.0016,0.000146,,2971800,,
0,6,,0.109768,0.034517,0.099958,0.09769,0.022004,0.010068,0.183966,0.046461,0.002649,0.014956,0.013703,0.013686,0.06357,0.154243,0.007042,0.113172,0.011783,0.000764,,2993600,,
0,6,,0.108516,0.024591,0.080827,0.166873,0.004268,0.001027,0.216854,0.028165,0.000177,0.009304,0.008088,0.062887,0.047035,0.140729,0.000094,0.09894,0.001481,0.000146,,3001200,,
0,13,,0.102169,0.047041,0.10635,0.061142,0.010253,0.004802,0.138882,0.079651,0.002302,0.025475,0.019752,0.006713,0.06987,0.187752,0.000699,0.133606,0.003027,0.000513,,2999300,,
0,6,,0.109747,0.044338,0.081573,0.116754,0.017153,0.006146,0.214869,0.040124,0.001077,0.015014,0.020556,0.015844,0.050059,0.146049,0.001492,0.109372,0.008847,0.000985,,2983800,,
0,13,,0.106655,0.042847,0.105397,0.03828,0.023649,0.014562,0.138809,0.055432,0.004636,0.019858,0.018544,0.001691,0.074869,0.191975,0.0075,0.141618,0.012631,0.001045,,2961100,,
0,13,,0.107452,0.042142,0.107204,0.038043,0.02334,0.014668,0.134457,0.053838,0.004888,0.019849,0.018802,0.002913,0.072622,0.192808,0.007494,0.145926,0.012507,0.001047,,2956700,,
0,6,,0.095137,0.05831,0.104857,0.062237,0.010003,0.003662,0.174266,0.072828,0.002507,0.029196,0.014988,0.011163,0.062511,0.153463,0.001073,0.135423,0.00759,0.000785,,2973800,,
0,15,,0.10476,0.061567,0.128264,0.01965,0.04026,0.016376,0.082393,0.072846,0.003359,0.03247,0.036798,0.00021,0.090192,0.120334,0.010152,0.162756,0.016698,0.000916,,2984300,,
0,6,,0.113603,0.037408,0.082021,0.099899,0.006425,0.001127,0.218261,0.042514,0.002105,0.012127,0.012185,0.018246,0.05679,0.17728,0.000886,0.110548,0.007745,0.000828,,2972700,,
0,13,,0.108365,0.037384,0.083362,0.094854,0.008293,0.006124,0.184168,0.045136,0.002436,0.016426,0.01682,0.0182,0.065828,0.18701,0.000903,0.121487,0.00274,0.000465,,2986000,,
0,13,,0.105488,0.046336,0.103161,0.036685,0.008105,0.004972,0.155346,0.05235,0.004068,0.019211,0.014877,0.003176,0.077383,0.195766,0.001446,0.161952,0.008654,0.001024,,2963900,,
0,13,,0.111574,0.055493,0.117603,0.027551,0.015401,0.009284,0.126215,0.062403,0.0025,0.025793,0.027202,0.002186,0.084538,0.170321,0.001702,0.15582,0.003772,0.000642,,2963300,,
0,13,,0.089203,0.050083,0.131379,0.016709,0.032263,0.018494,0.094966,0.067493,0.008654,0.039513,0.032498,0.000979,0.095829,0.148127,0.005393,0.145723,0.01877,0.003923,,3001100,,
0,7,,0.102199,0.117746,0.126564,0.036952,0.017183,0.007325,0.092996,0.129229,0.000384,0.041646,0.029694,0.007475,0.107884,0.087449,0.001712,0.092102,0.001309,0.000148,,2960100,,
0,13,,0.10715,0.041629,0.081458,0.078123,0.00855,0.005147,0.187829,0.043568,0.005583,0.014836,0.011238,0.006748,0.059562,0.199696,0.001539,0.133515,0.012354,0.001476,,2956100,,
0,13,,0.098028,0.069861,0.121604,0.025099,0.02193,0.008865,0.102591,0.090627,0.002338,0.038621,0.036158,0.001583,0.086071,0.154373,0.001693,0.136117,0.003822,0.000618,,2963700,,
0,6,,0.099736,0.045878,0.094042,0.097389,0.015209,0.005812,0.205112,0.044993,0.000357,0.018382,0.026318,0.018465,0.057646,0.14745,0.001191,0.1195,0.002282,0.000237,,2956100,,
0,2,,0.108932,0.114646,0.140673,0.022815,0.01661,0.008731,0.076774,0.133231,0.000588,0.046924,0.02939,0.004015,0.109998,0.080289,0.001771,0.103442,0.001064,0.000107,,2956700,,
0,13,,0.113763,0.037664,0.098618,0.068871,0.007542,0.006205,0.175968,0.053032,0.002436,0.017979,0.015598,0.010627,0.069441,0.184934,0.000903,0.133215,0.00274,0.000465,,2968900,,
0,6,,0.111696,0.028732,0.061623,0.176049,0.005769,0.000887,0.257158,0.036879,0.00079,0.008167,0.010105,0.028611,0.051371,0.139262,0.000495,0.076917,0.004953,0.000535,,2969800,,
0,2,,0.108865,0.116157,0.136455,0.025269,0.015471,0.008348,0.08238,0.13147,0.000294,0.048063,0.0303,0.003918,0.103966,0.082678,0.001913,0.103381,0.000965,0.000107,,2984100,,
0,13,,0.099501,0.067428,0.123205,0.026518,0.021733,0.009048,0.099646,0.088785,0.002483,0.039186,0.036265,0.001562,0.083219,0.156273,0.001695,0.138956,0.00388,0.00062,,2964400,,
0,6,,0.108863,0.045458,0.099139,0.119454,0.015651,0.005824,0.186425,0.047241,0.000424,0.018488,0.025072,0.02698,0.062446,0.127414,0.00111,0.107302,0.002456,0.000253,,2968200,,
0,6,,0.104645,0.023422,0.074881,0.180974,0.004071,0.001028,0.220744,0.023359,0.000065,0.009238,0.010231,0.076801,0.039167,0.144435,0.000095,0.085487,0.001236,0.000123,,2970500,,
0,6,,0.129489,0.032667,0.069299,0.157414,0.010434,0.00122,0.235366,0.03335,0.002224,0.007862,0.006733,0.019793,0.043677,0.140203,0.002012,0.088848,0.018338,0.00107,,2976600,,
0,6,,0.118686,0.024464,0.073706,0.158969,0.004737,0.001093,0.212106,0.025576,0.000204,0.008102,0.010619,0.076801,0.043132,0.154126,0.000151,0.085772,0.001569,0.000187,,3098700,,
0,13,,0.105467,0.04371,0.09642,0.055061,0.009065,0.005747,0.162203,0.048767,0.003853,0.018904,0.018005,0.00849,0.066609,0.205675,0.001762,0.140691,0.008617,0.000954,,2969900,,
0,13,,0.101235,0.049118,0.087546,0.075268,0.015836,0.009166,0.173341,0.050359,0.00306,0.017622,0.021413,0.008637,0.064289,0.180727,0.001665,0.129245,0.010167,0.001307,,2979400,,
0,6,,0.094778,0.041846,0.105624,0.11229,0.023082,0.009894,0.162814,0.053128,0.006697,0.03417,0.018145,0.016688,0.076803,0.108533,0.004522,0.11038,0.017845,0.002762,,2969900,,
0,6,,0.10707,0.046105,0.094226,0.091972,0.010677,0.001193,0.186919,0.076974,0.000243,0.023113,0.018938,0.012511,0.062075,0.156706,0.000423,0.109436,0.001275,0.000145,,2976400,,
0,6,,0.118261,0.021101,0.05431,0.18783,0.003524,0.001294,0.244989,0.02674,0.001353,0.005133,0.005662,0.03369,0.04042,0.164341,0.000095,0.086079,0.004644,0.000535,,2980800,,
0,15,,0.107856,0.070064,0.13541,0.02384,0.024432,0.010006,0.08518,0.076428,0.00214,0.035531,0.034636,0.004022,0.093266,0.107835,0.004822,0.173718,0.010257,0.000557,,2970200,,
0,13,,0.115127,0.039873,0.098066,0.068885,0.00802,0.00536,0.178394,0.055739,0.002643,0.018605,0.015365,0.00894,0.067204,0.1846,0.000652,0.129144,0.002917,0.000466,,2987700,,
0,13,,0.108757,0.047972,0.112963,0.023131,0.030946,0.018688,0.120962,0.054003,0.003633,0.024713,0.027937,0.000139,0.074238,0.183163,0.006873,0.153065,0.008159,0.000659,,2966600,,
0,6,,0.089256,0.043049,0.107934,0.064662,0.023804,0.009232,0.152315,0.054617,0.008308,0.030197,0.017729,0.011915,0.079538,0.138899,0.003813,0.136381,0.022769,0.005581,,2974300,,
0,6,,0.097389,0.040938,0.097269,0.081883,0.024035,0.009997,0.174254,0.052878,0.006792,0.03472,0.018187,0.009594,0.077149,0.135172,0.00393,0.114593,0.018427,0.002793,,2972900,,
0,15,,0.098479,0.063675,0.112835,0.055917,0.024486,0.008001,0.11361,0.070356,0.002913,0.02947,0.028589,0.007902,0.085541,0.118724,0.004304,0.162901,0.01174,0.000557,,2971200,,
0,6,,0.103312,0.025718,0.084516,0.117476,0.020555,0.010207,0.216953,0.042734,0.00083,0.011535,0.013285,0.017523,0.059032,0.15682,0.006003,0.107476,0.005878,0.000146,,2992400,,
0,13,,0.102301,0.040578,0.082717,0.075659,0.007316,0.004681,0.182727,0.048022,0.004681,0.01804,0.010966,0.009408,0.069797,0.199828,0.00147,0.132133,0.00865,0.001025,,2965100,,
0,6,,0.107265,0.044845,0.091979,0.070647,0.030095,0.017211,0.184186,0.045521,0.00136,0.026936,0.024988,0.009518,0.057574,0.154435,0.009287,0.11725,0.006651,0.000252,,2971200,,
0,6,,0.111883,0.032996,0.07531,0.150375,0.005196,0.000892,0.225591,0.038643,0.002629,0.0122,0.005187,0.027003,0.055799,0.146457,0.000831,0.100489,0.007734,0.000787,,2976400,,
0,6,,0.11228,0.045497,0.092793,0.087993,0.015785,0.005763,0.198628,0.048067,0.00045,0.01809,0.025549,0.018246,0.06117,0.154045,0.001165,0.111717,0.002467,0.000294,,2987300,,
0,13,,0.093346,0.065395,0.123996,0.021943,0.020452,0.009056,0.107583,0.089245,0.002228,0.034782,0.034754,0.001471,0.087095,0.159273,0.001693,0.143162,0.003925,0.000602,,2997200,,
0,15,,0.093776,0.05701,0.123052,0.014673,0.032597,0.018161,0.089797,0.070548,0.009977,0.046062,0.03347,0,0.094784,0.141201,0.005573,0.146834,0.019447,0.003038,,2970400,,
0,6,,0.148004,0.039514,0.094765,0.082457,0.021866,0.008344,0.189898,0.044908,0.000967,0.021105,0.016578,0.012747,0.048198,0.135551,0.004382,0.124078,0.006361,0.000277,,2973600,,
0,13,,0.092835,0.050752,0.116212,0.028068,0.025047,0.014053,0.109192,0.06444,0.011675,0.040585,0.024819,0.001183,0.088307,0.156667,0.00578,0.143573,0.023373,0.003438,,2976400,,
0,15,,0.106494,0.061272,0.123854,0.03339,0.018987,0.005692,0.104146,0.067485,0.00333,0.027139,0.022999,0.003651,0.090028,0.126309,0.005341,0.183827,0.015056,0.001,,2974400,,
0,6,,0.114593,0.030976,0.076138,0.111385,0.007094,0.005173,0.189427,0.049346,0.003353,0.015565,0.012291,0.017074,0.062044,0.184611,0.000652,0.116909,0.002903,0.000466,,2974600,,
0,13,,0.103091,0.054037,0.103911,0.049161,0.016574,0.009029,0.148913,0.055093,0.002402,0.025878,0.02885,0.008501,0.071876,0.17864,0.001697,0.138025,0.003749,0.000574,,2981900,,
0,13,,0.093477,0.060445,0.121106,0.028507,0.01051,0.004762,0.122787,0.080019,0.003898,0.027884,0.019557,0.001471,0.07765,0.180167,0.001442,0.156387,0.008862,0.001067,,2967200,,
0,6,,0.111021,0.044003,0.082344,0.103748,0.015832,0.005476,0.214872,0.04555,0.001331,0.01938,0.018931,0.015339,0.059076,0.148492,0.00152,0.110546,0.002303,0.000236,,2972500,,
0,6,,0.105268,0.022782,0.05747,0.181229,0.003742,0.00088,0.257705,0.034947,0.000514,0.008241,0.005629,0.030188,0.045613,0.145338,0.000096,0.098591,0.001623,0.000146,,2975500,,
0,6,,0.095624,0.058993,0.107817,0.073436,0.010158,0.003097,0.167194,0.071493,0.001915,0.029718,0.017357,0.013032,0.058656,0.148363,0.001653,0.134089,0.006752,0.000654,,2998200,,
0,13,,0.107586,0.049147,0.113693,0.024014,0.031268,0.018848,0.117153,0.058797,0.003267,0.025361,0.027834,0.000139,0.077063,0.180048,0.00744,0.14956,0.008142,0.000642,,2987400,,
0,6,,0.110399,0.033274,0.078298,0.106218,0.007239,0.005077,0.190521,0.048783,0.003143,0.015344,0.011577,0.014876,0.06415,0.189313,0.000652,0.117628,0.003042,0.000466,,2969300,,
0,13,,0.093285,0.055822,0.1234,0.021544,0.032154,0.017827,0.094546,0.069359,0.010112,0.044408,0.034065,0.001183,0.091796,0.141641,0.006231,0.140621,0.018994,0.003011,,2965100,,
0,6,,0.116154,0.027126,0.071106,0.13975,0.004985,0.001095,0.238289,0.03635,0.000205,0.008044,0.01164,0.028033,0.05302,0.165063,0.000103,0.097232,0.001617,0.000187,,2962600,,
0,6,,0.108991,0.041846,0.080219,0.152301,0.014171,0.005539,0.217554,0.042382,0.000854,0.011661,0.01785,0.025854,0.053465,0.124935,0.00123,0.091358,0.008805,0.000986,,2990200,,
0,6,,0.110729,0.038225,0.074064,0.128542,0.012937,0.005478,0.204574,0.041012,0.001159,0.016888,0.016405,0.025625,0.051477,0.157627,0.001191,0.111979,0.001851,0.000236,,2992700,,
0,13,,0.113294,0.039109,0.093329,0.07216,0.006386,0.005959,0.183176,0.053897,0.002205,0.018752,0.016302,0.009736,0.065656,0.184903,0.001013,0.131035,0.002623,0.000465,,2984700,,
0,6,,0.111418,0.037596,0.081174,0.099678,0.007232,0.004523,0.189693,0.047461,0.002157,0.01445,0.015859,0.017084,0.067529,0.180572,0.000697,0.119396,0.002969,0.000511,,2964700,,
0,6,,0.102282,0.019016,0.061047,0.207091,0.003081,0.000686,0.236442,0.021506,0.000386,0.009155,0.003756,0.075015,0.037188,0.140423,0.000095,0.081471,0.001236,0.000123,,2980700,,
0,6,,0.107805,0.037075,0.093082,0.098614,0.020937,0.010409,0.191354,0.039025,0.002863,0.01775,0.013647,0.010805,0.055649,0.162017,0.008709,0.118406,0.011088,0.000764,,3003100,,
0,2,,0.105136,0.114286,0.131595,0.019335,0.032232,0.020409,0.074155,0.121185,0.000874,0.041109,0.033501,0.001117,0.097708,0.09685,0.008603,0.096471,0.005343,0.000091,,3003200,,
0,15,,0.100689,0.056101,0.105322,0.058993,0.016605,0.005782,0.129218,0.066101,0.004603,0.029255,0.020311,0.007517,0.080147,0.13669,0.004703,0.162003,0.014961,0.001,,2995500,,
0,15,,0.087562,0.068249,0.143051,0.008975,0.0429,0.015557,0.055294,0.090078,0.007888,0.048395,0.04111,0,0.110468,0.080727,0.007856,0.161607,0.025995,0.004288,,2965100,,
0,15,,0.099104,0.063744,0.113693,0.058564,0.026269,0.009001,0.120213,0.06412,0.00345,0.02607,0.028095,0.006833,0.077814,0.117962,0.004333,0.159026,0.020139,0.00157,,2983600,,
0,6,,0.090258,0.037551,0.10401,0.081584,0.025008,0.012289,0.183669,0.056114,0.006865,0.032134,0.017724,0.013186,0.079423,0.120926,0.003188,0.114252,0.01738,0.004442,,2977700,,
0,6,,0.113004,0.026918,0.079541,0.097644,0.020635,0.010637,0.218651,0.036932,0.000923,0.013456,0.012918,0.009894,0.053072,0.183205,0.007255,0.10931,0.005816,0.000187,,3002900,,
0,15,,0.110051,0.062572,0.121639,0.03128,0.017437,0.003745,0.103297,0.072498,0.003668,0.027393,0.021334,0.003516,0.091994,0.127497,0.00416,0.180518,0.016379,0.001022,,2966400,,
0,6,,0.092867,0.055297,0.119676,0.074404,0.032442,0.014091,0.132642,0.059466,0.006944,0.041802,0.029422,0.010505,0.082929,0.097769,0.00593,0.122215,0.01873,0.002869,,2989400,,
0,15,,0.0995,0.061544,0.114185,0.060232,0.024723,0.008728,0.120595,0.065282,0.003038,0.026143,0.028756,0.006339,0.07847,0.118051,0.004102,0.159194,0.018722,0.002396,,2982100,,
0,13,,0.105602,0.043539,0.082692,0.067731,0.007462,0.004862,0.176021,0.050344,0.004502,0.017931,0.011509,0.007132,0.070064,0.199163,0.001539,0.14025,0.008573,0.001086,,2991100,,
0,13,,0.148286,0.046266,0.111117,0.026118,0.023166,0.009159,0.125219,0.055729,0.00294,0.020436,0.019647,0.000477,0.064234,0.178749,0.003424,0.154654,0.009694,0.000684,,3071300,,
0,13,,0.100697,0.049474,0.104749,0.059724,0.010451,0.004619,0.141827,0.081494,0.002157,0.024911,0.019645,0.006733,0.072721,0.185852,0.000697,0.130767,0.002969,0.000511,,2992100,,
0,13,,0.106343,0.052958,0.106327,0.052052,0.016708,0.008781,0.142669,0.056267,0.002548,0.02491,0.028769,0.010893,0.072978,0.173435,0.001662,0.138327,0.003754,0.000619,,2997400,,
0,7,,0.090769,0.124936,0.13878,0.014348,0.021481,0.00832,0.056363,0.165244,0.000404,0.059403,0.036609,0.00169,0.10425,0.074939,0.0018,0.099515,0.001059,0.000091,,2996400,,
0,6,,0.117463,0.029781,0.072038,0.172117,0.004733,0.000783,0.23352,0.037829,0.000128,0.008859,0.011165,0.034855,0.053855,0.132705,0.000094,0.088327,0.0016,0.000146,,2988300,,
0,13,,0.111477,0.049024,0.105842,0.038668,0.009057,0.006237,0.142572,0.054253,0.004294,0.022063,0.016451,0.004015,0.080169,0.190043,0.001672,0.154732,0.008407,0.001022,,3003100,,
0,2,,0.105775,0.118365,0.137393,0.028497,0.016111,0.007451,0.082107,0.130868,0.000292,0.04331,0.028148,0.004404,0.112058,0.080938,0.001689,0.101083,0.001402,0.000107,,3001300,,
0,6,,0.112737,0.027087,0.077452,0.171211,0.004851,0.001156,0.226086,0.035524,0.000179,0.008442,0.011163,0.036767,0.054296,0.138431,0.000048,0.092817,0.001606,0.000146,,2994400,,
0,6,,0.115357,0.024811,0.073858,0.177986,0.005134,0.002941,0.208964,0.022952,0.000018,0.011501,0.01167,0.093281,0.039441,0.12836,0.000871,0.082228,0.000592,0.000036,,2991500,,
0,6,,0.109228,0.026492,0.071621,0.156333,0.005443,0.003086,0.235648,0.032376,0.000065,0.011458,0.013212,0.03752,0.047288,0.150571,0.000825,0.098106,0.000692,0.000036,,2985600,,
0,6,,0.088873,0.053438,0.117278,0.058886,0.032737,0.016271,0.139517,0.055861,0.006436,0.044623,0.030767,0.011782,0.079486,0.109084,0.006649,0.127642,0.01812,0.00255,,3021700,,
0,6,,0.109834,0.039619,0.082466,0.137132,0.013712,0.005476,0.206791,0.043438,0.000879,0.016184,0.017621,0.023972,0.055064,0.133544,0.001163,0.110411,0.002458,0.000237,,2993100,,
0,13,,0.12218,0.055368,0.089469,0.057581,0.024865,0.009773,0.155449,0.049796,0.003405,0.020479,0.02248,0.004405,0.05689,0.186247,0.002189,0.128659,0.010168,0.000598,,2995000,,
0,6,,0.102777,0.03819,0.078484,0.121224,0.005449,0.000917,0.233335,0.041198,0.001915,0.013999,0.011609,0.016952,0.051719,0.164989,0.000876,0.108284,0.007344,0.000741,,2991600,,
0,6,,0.113393,0.03532,0.083464,0.100748,0.007033,0.004706,0.186852,0.044754,0.002302,0.014804,0.01595,0.017319,0.064481,0.181132,0.000699,0.123504,0.003027,0.000513,,2979700,,
0,6,,0.116989,0.020882,0.057422,0.154697,0.003747,0.000751,0.261367,0.035129,0.000581,0.008627,0.00489,0.023241,0.04861,0.169139,0.000151,0.092021,0.001569,0.000187,,3018000,,
0,6,,0.110748,0.048353,0.09623,0.088858,0.016643,0.008442,0.19352,0.048416,0.000905,0.025252,0.027243,0.019846,0.058173,0.143439,0.00152,0.110122,0.002056,0.000236,,3022600,,
0,6,,0.119669,0.043669,0.094891,0.083644,0.008146,0.003621,0.195724,0.046566,0.002636,0.019589,0.011199,0.016391,0.067402,0.151546,0.001054,0.125968,0.007499,0.000786,,2993400,,
0,15,,0.101497,0.063818,0.113465,0.055805,0.024123,0.007916,0.112746,0.070071,0.002968,0.030884,0.028297,0.007823,0.085121,0.119919,0.004415,0.159139,0.011436,0.000557,,2992000,,
0,7,,0.107134,0.114801,0.12677,0.038652,0.016901,0.007918,0.093835,0.130152,0.000294,0.046446,0.031317,0.00846,0.094454,0.086398,0.001913,0.093482,0.000965,0.000107,,2985200,,
0,13,,0.088851,0.047052,0.119273,0.022616,0.024806,0.013578,0.116857,0.067111,0.010858,0.034794,0.022671,0,0.094827,0.156315,0.004372,0.147854,0.022832,0.005332,,3012000,,
0,6,,0.10692,0.046707,0.088034,0.099021,0.009637,0.00339,0.187885,0.075936,0.000458,0.026197,0.015915,0.017364,0.059111,0.155387,0.000427,0.106311,0.001154,0.000145,,2997300,,
0,13,,0.106871,0.049197,0.092382,0.058889,0.01487,0.009068,0.158344,0.05443,0.003236,0.022155,0.021049,0.007132,0.07214,0.18174,0.001674,0.1424,0.003781,0.000642,,2982800,,
0,13,,0.103017,0.042896,0.104697,0.033031,0.023792,0.016312,0.14033,0.049022,0.005157,0.021924,0.019224,0.000139,0.06758,0.200143,0.006976,0.152241,0.011937,0.001582,,2993500,,
0,6,,0.09172,0.048747,0.116078,0.035536,0.033326,0.013589,0.154855,0.059536,0.006634,0.03552,0.027818,0.00186,0.0867,0.127436,0.004088,0.13337,0.018775,0.004412,,2984200,,
0,13,,0.103978,0.034315,0.08847,0.090649,0.006374,0.00466,0.18868,0.044644,0.001864,0.014859,0.016574,0.013687,0.064812,0.195804,0.000606,0.126579,0.00294,0.000507,,3012300,,
0,6,,0.101408,0.03812,0.080387,0.108514,0.005925,0.001178,0.224718,0.039758,0.002206,0.012777,0.012674,0.018465,0.052596,0.171162,0.000877,0.120927,0.007544,0.000764,,2989600,,
0,6,,0.114282,0.023791,0.08304,0.165295,0.004903,0.003019,0.208019,0.026503,0.000064,0.013155,0.009664,0.066342,0.043825,0.140936,0.000871,0.095574,0.000682,0.000036,,2996100,,
0,2,,0.107548,0.108973,0.144351,0.023472,0.015191,0.007633,0.084634,0.132624,0.000182,0.042527,0.027676,0.002186,0.110435,0.085059,0.001689,0.104502,0.001142,0.000178,,2992400,,
0,13,,0.106655,0.042847,0.105397,0.03828,0.023649,0.014562,0.138809,0.055432,0.004636,0.019858,0.018544,0.001691,0.074869,0.191975,0.0075,0.141618,0.012631,0.001045,,2991500,,
0,6,,0.116731,0.041796,0.079458,0.111763,0.015935,0.005622,0.210924,0.047378,0.001604,0.019551,0.019167,0.019575,0.058293,0.140882,0.001439,0.107421,0.00221,0.000252,,3010300,,
0,6,,0.119979,0.028183,0.087212,0.151528,0.006423,0.001128,0.206544,0.034103,0.000282,0.013447,0.010367,0.058958,0.049581,0.138415,0.000422,0.091712,0.00157,0.000145,,2983900,,
0,6,,0.11949,0.031074,0.087368,0.141199,0.004564,0.000664,0.233493,0.045268,0.000128,0.010718,0.009192,0.024246,0.054969,0.135404,0.000094,0.100385,0.0016,0.000146,,3000200,,
0,6,,0.096585,0.038909,0.096321,0.111193,0.00688,0.001104,0.192671,0.069478,0.000064,0.016391,0.014067,0.018086,0.061219,0.158268,0.000094,0.116714,0.001809,0.000146,,2981900,,
0,6,,0.09461,0.044015,0.097995,0.092168,0.024524,0.012494,0.169095,0.055883,0.007086,0.03989,0.019734,0.015401,0.076429,0.119567,0.004401,0.105559,0.018453,0.002695,,2991900,,
0,13,,0.106284,0.046153,0.112687,0.028412,0.030143,0.018221,0.128538,0.052388,0.003617,0.023128,0.02833,0.00021,0.07373,0.182826,0.006931,0.149743,0.007696,0.000963,,3005600,,
0,15,,0.105225,0.064087,0.112565,0.062836,0.026001,0.009014,0.116388,0.067359,0.003574,0.026107,0.027989,0.007762,0.076153,0.116469,0.004411,0.152776,0.019713,0.00157,,2981500,,
0,15,,0.106184,0.067458,0.137281,0.025991,0.026619,0.009918,0.084745,0.073608,0.001657,0.033013,0.035219,0.003651,0.0957,0.107167,0.005569,0.175439,0.010209,0.000573,,2996400,,
0,6,,0.087983,0.036282,0.090848,0.132816,0.007075,0.001219,0.201672,0.049585,0.000177,0.015799,0.013207,0.052635,0.056175,0.141675,0.000094,0.111133,0.001481,0.000146,,2996100,,
0,6,,0.111718,0.041501,0.089772,0.092216,0.006707,0.002913,0.210182,0.041678,0.001915,0.018591,0.011537,0.017285,0.058831,0.154945,0.001653,0.131151,0.006752,0.000654,,3035900,,
0,6,,0.110309,0.028267,0.074159,0.114926,0.006576,0.005507,0.198606,0.041685,0.002413,0.014812,0.011527,0.018874,0.060288,0.18877,0.000994,0.118903,0.002964,0.000419,,3001000,,
0,6,,0.109044,0.030212,0.075528,0.113924,0.006896,0.006867,0.200209,0.04074,0.00348,0.014442,0.012038,0.015279,0.058473,0.190982,0.001009,0.114112,0.00591,0.000855,,2988400,,
0,6,,0.107581,0.0332,0.074225,0.112463,0.006345,0.005314,0.197858,0.046104,0.00247,0.017992,0.011385,0.016326,0.060839,0.186338,0.001157,0.117058,0.002879,0.000465,,2999700,,
0,15,,0.103163,0.068804,0.138552,0.022541,0.024988,0.008166,0.087254,0.076483,0.002001,0.032757,0.033323,0.003176,0.097915,0.108694,0.004332,0.175692,0.011603,0.000557,,2994300,,
0,2,,0.109597,0.118797,0.142386,0.022808,0.016921,0.007914,0.074598,0.13729,0.000571,0.04557,0.031723,0.002175,0.108011,0.079504,0.001656,0.099101,0.00127,0.000107,,3002100,,
0,15,,0.138213,0.063602,0.113439,0.048879,0.031031,0.008068,0.11368,0.061472,0.005511,0.028966,0.027583,0.00252,0.073125,0.110906,0.005733,0.146825,0.019661,0.000785,,3006700,,
0,15,,0.090444,0.072649,0.13918,0.009377,0.046738,0.016784,0.049,0.092876,0.009033,0.055282,0.045367,0,0.104645,0.078882,0.009768,0.150629,0.02668,0.002668,,2988700,,
0,6,,0.113179,0.039645,0.093362,0.096312,0.005722,0.000944,0.209119,0.044245,0.001957,0.014277,0.009731,0.016092,0.065268,0.150321,0.000852,0.130143,0.008044,0.000786,,2997000,,
0,6,,0.111396,0.040906,0.074278,0.113856,0.015097,0.005976,0.227144,0.037553,0.000996,0.012328,0.017553,0.014521,0.047128,0.161049,0.001219,0.108931,0.009043,0.001027,,2998600,,
0,6,,0.098242,0.041276,0.095948,0.085912,0.009352,0.00132,0.197904,0.074236,0.000282,0.019139,0.017863,0.011287,0.062245,0.165631,0.000422,0.117226,0.00157,0.000145,,2983200,,
0,6,,0.144554,0.031014,0.058542,0.115244,0.006728,0.000598,0.256106,0.027194,0.004816,0.011351,0.006036,0.007714,0.037309,0.173903,0.00215,0.09833,0.017298,0.001111,,3005900,,
0,13,,0.114144,0.037463,0.085085,0.092154,0.008416,0.005279,0.181859,0.049843,0.002643,0.017053,0.017057,0.015367,0.066152,0.185422,0.000652,0.118027,0.002917,0.000466,,2999600,,
0,6,,0.101447,0.065237,0.113585,0.080367,0.020901,0.005471,0.144692,0.082308,0.000309,0.033826,0.032779,0.01265,0.073164,0.114507,0.001189,0.114848,0.002467,0.000253,,2994400,,
0,13,,0.104831,0.044248,0.105951,0.03294,0.023916,0.016319,0.135595,0.050513,0.005223,0.023132,0.020824,0.00022,0.068572,0.201289,0.009239,0.144002,0.012185,0.001,,3006100,,
0,15,,0.10266,0.058606,0.130726,0.018452,0.041217,0.018674,0.079284,0.068006,0.002941,0.031842,0.037313,0.001117,0.089228,0.122236,0.011701,0.169607,0.015818,0.000573,,2987400,,
0,13,,0.088851,0.047052,0.119273,0.022616,0.024806,0.013578,0.116857,0.067111,0.010858,0.034794,0.022671,0,0.094827,0.156315,0.004372,0.147854,0.022832,0.005332,,3011300,,
0,15,,0.110013,0.064603,0.127208,0.027916,0.01733,0.003724,0.102159,0.073656,0.003693,0.028353,0.022151,0.002186,0.096518,0.123337,0.004134,0.175113,0.016844,0.001064,,3002900,,
0,6,,0.111604,0.043754,0.082325,0.108469,0.015924,0.005592,0.207423,0.045797,0.001163,0.019236,0.02027,0.017361,0.057915,0.14483,0.001492,0.11437,0.002239,0.000236,,3007200,,
0,13,,0.098642,0.04059,0.082976,0.068708,0.007286,0.004791,0.183465,0.048605,0.004582,0.017818,0.011578,0.007664,0.066826,0.204986,0.001469,0.140489,0.008522,0.001002,,3001100,,
0,6,,0.102777,0.03819,0.078484,0.121224,0.005449,0.000917,0.233335,0.041198,0.001915,0.013999,0.011609,0.016952,0.051719,0.164989,0.000876,0.108284,0.007344,0.000741,,3000800,,
0,13,,0.103986,0.04242,0.081031,0.075102,0.007632,0.004741,0.181403,0.051503,0.004174,0.017005,0.011972,0.008725,0.069091,0.197339,0.001529,0.132803,0.008501,0.001045,,3000700,,
0,13,,0.1042,0.04068,0.084108,0.07447,0.007125,0.004652,0.180212,0.048756,0.004733,0.017418,0.011885,0.00829,0.065596,0.197914,0.001467,0.139094,0.008355,0.001047,,2983500,,
0,13,,0.106186,0.055146,0.106839,0.044123,0.016632,0.009164,0.139901,0.059139,0.002564,0.024876,0.028944,0.007475,0.075258,0.17478,0.001669,0.142875,0.003771,0.000658,,3001200,,
0,15,,0.102668,0.058572,0.108032,0.057855,0.01665,0.003593,0.131156,0.068048,0.004378,0.026641,0.018985,0.006895,0.086451,0.134315,0.004156,0.153843,0.016722,0.001042,,3011100,,
0,6,,0.107007,0.037075,0.081817,0.107677,0.006656,0.003115,0.217339,0.037943,0.002096,0.016111,0.014068,0.023381,0.049531,0.170617,0.001654,0.116502,0.006756,0.000654,,3036600,,
0,15,,0.110013,0.064603,0.127208,0.027916,0.01733,0.003724,0.102159,0.073656,0.003693,0.028353,0.022151,0.002186,0.096518,0.123337,0.004134,0.175113,0.016844,0.001064,,3009300,,
0,13,,0.112291,0.058131,0.11793,0.030061,0.017165,0.009617,0.124936,0.061715,0.002825,0.028844,0.02846,0.003121,0.081583,0.173571,0.001648,0.143759,0.00377,0.000573,,3007000,,
0,6,,0.088873,0.053438,0.117278,0.058886,0.032737,0.016271,0.139517,0.055861,0.006436,0.044623,0.030767,0.011782,0.079486,0.109084,0.006649,0.127642,0.01812,0.00255,,3014400,,
0,6,,0.13077,0.032272,0.061665,0.14729,0.010435,0.00122,0.224466,0.031837,0.002314,0.007662,0.00676,0.026127,0.038165,0.161647,0.002001,0.096202,0.018097,0.001069,,3006200,,
0,13,,0.108979,0.052211,0.118281,0.031686,0.016293,0.010148,0.131777,0.057804,0.002046,0.025616,0.027919,0.003208,0.080054,0.177738,0.00199,0.14994,0.003801,0.00051,,3022000,,
0,13,,0.11123,0.04943,0.106016,0.034593,0.00913,0.005382,0.146799,0.057712,0.004488,0.021613,0.015935,0.002228,0.076412,0.192986,0.001397,0.154732,0.008896,0.001022,,3011400,,
0,6,,0.110969,0.035951,0.071105,0.130815,0.008534,0.001301,0.237501,0.034652,0.003545,0.011234,0.009537,0.015844,0.046672,0.164141,0.001271,0.104467,0.011305,0.001153,,2994400,,
0,6,,0.084568,0.054976,0.10698,0.068972,0.008611,0.00125,0.183459,0.069464,0.00207,0.022718,0.01509,0.009198,0.063252,0.154803,0.000852,0.145234,0.007716,0.000786,,2989800,,
0,15,,0.10266,0.058606,0.130726,0.018452,0.041217,0.018674,0.079284,0.068006,0.002941,0.031842,0.037313,0.001117,0.089228,0.122236,0.011701,0.169607,0.015818,0.000573,,2988100,,
0,6,,0.107805,0.037075,0.093082,0.098614,0.020937,0.010409,0.191354,0.039025,0.002863,0.01775,0.013647,0.010805,0.055649,0.162017,0.008709,0.118406,0.011088,0.000764,,2994800,,
0,6,,0.113397,0.040424,0.074554,0.10887,0.014863,0.006159,0.232542,0.036175,0.001441,0.012271,0.016749,0.012663,0.048524,0.165791,0.001246,0.104384,0.00892,0.001027,,2983800,,
0,13,,0.105418,0.04858,0.092198,0.073403,0.016174,0.009353,0.163951,0.048732,0.003142,0.017735,0.021631,0.010109,0.060698,0.181701,0.001667,0.134012,0.010144,0.001352,,2995400,,
0,6,,0.105354,0.044863,0.093308,0.104576,0.016243,0.007753,0.195987,0.044092,0.00031,0.021505,0.027121,0.027733,0.055438,0.139553,0.001887,0.112591,0.001541,0.000142,,3003700,,
0,13,,0.094881,0.067506,0.127037,0.018346,0.02058,0.009288,0.096996,0.088568,0.0025,0.035486,0.03517,0.000205,0.08829,0.15959,0.001702,0.149442,0.003772,0.000642,,2990900,,
0,6,,0.114838,0.036798,0.067386,0.127484,0.006845,0.003445,0.231751,0.041207,0.003242,0.016512,0.006014,0.025875,0.055193,0.155259,0.001054,0.098813,0.007499,0.000786,,2984600,,
0,13,,0.092254,0.063666,0.127655,0.021144,0.0213,0.010144,0.102327,0.085754,0.002046,0.0352,0.035824,0.001183,0.083508,0.166699,0.00199,0.144995,0.003801,0.00051,,3004000,,
0,13,,0.112136,0.048882,0.103179,0.034518,0.007943,0.004978,0.145596,0.055573,0.00417,0.020073,0.015392,0.002186,0.079461,0.189998,0.001451,0.164645,0.00871,0.001108,,2985900,,
0,2,,0.107742,0.107001,0.133278,0.039837,0.020141,0.010494,0.094135,0.122804,0.000182,0.039807,0.033642,0.009058,0.096521,0.08818,0.002715,0.093297,0.001057,0.000107,,2985900,,
0,13,,0.106919,0.042539,0.081368,0.071512,0.008006,0.006061,0.178189,0.049676,0.0049,0.019038,0.012007,0.009974,0.068852,0.200266,0.001672,0.129593,0.008407,0.001022,,2987500,,
0,15,,0.107856,0.070064,0.13541,0.02384,0.024432,0.010006,0.08518,0.076428,0.00214,0.035531,0.034636,0.004022,0.093266,0.107835,0.004822,0.173718,0.010257,0.000557,,2977400,,
0,6,,0.105887,0.039079,0.098028,0.094607,0.005835,0.000942,0.210362,0.044022,0.001966,0.015677,0.01005,0.009047,0.063603,0.160007,0.000831,0.131881,0.007412,0.000764,,3007400,,
0,15,,0.107739,0.070663,0.13618,0.024052,0.024699,0.007975,0.086401,0.077939,0.001891,0.03373,0.03342,0.003757,0.097032,0.107551,0.004414,0.170236,0.011764,0.000557,,2997900,,
0,13,,0.108666,0.042005,0.084987,0.075496,0.009498,0.005586,0.182012,0.045127,0.006605,0.015022,0.012422,0.006339,0.060339,0.202656,0.00142,0.12797,0.01246,0.00139,,2985900,,
0,13,,0.113742,0.038142,0.099338,0.067148,0.007639,0.00535,0.181457,0.056621,0.002636,0.017782,0.01504,0.007608,0.06661,0.18601,0.000652,0.130636,0.003122,0.000466,,3007500,,
0,13,,0.099796,0.052793,0.110292,0.042528,0.016553,0.009197,0.144607,0.05623,0.002395,0.024472,0.029462,0.006996,0.073922,0.181569,0.001698,0.143226,0.003706,0.000558,,3009800,,
0,13,,0.10426,0.053461,0.109421,0.046894,0.016483,0.009092,0.142434,0.0583,0.002455,0.024104,0.029384,0.007355,0.074905,0.176548,0.001694,0.139013,0.003597,0.000602,,3037200,,
0,13,,0.109408,0.047168,0.089906,0.068021,0.014875,0.008683,0.159414,0.051578,0.003456,0.02257,0.02027,0.011388,0.070717,0.180422,0.001662,0.136089,0.003754,0.000619,,3023400,,
0,6,,0.109392,0.044759,0.098276,0.06311,0.031496,0.015498,0.18357,0.045812,0.00126,0.024819,0.027503,0.004698,0.060846,0.155841,0.009885,0.11689,0.006091,0.000253,,3015100,,
0,15,,0.103513,0.06846,0.138893,0.025322,0.023509,0.007808,0.08622,0.076065,0.001657,0.033676,0.034932,0.002629,0.097409,0.108826,0.004101,0.175248,0.010615,0.001115,,3006600,,
0,13,,0.14159,0.048104,0.086503,0.069139,0.019083,0.008872,0.155129,0.042719,0.006076,0.020229,0.020277,0.005608,0.054753,0.178564,0.003055,0.130923,0.008714,0.000661,,3017800,,
0,6,,0.113393,0.03532,0.083464,0.100748,0.007033,0.004706,0.186852,0.044754,0.002302,0.014804,0.01595,0.017319,0.064481,0.181132,0.000699,0.123504,0.003027,0.000513,,3038800,,
0,6,,0.120914,0.022625,0.065916,0.187982,0.005885,0.000959,0.208531,0.028051,0.001,0.01074,0.007087,0.083811,0.04268,0.132392,0.000377,0.079546,0.00136,0.000145,,3030200,,
0,13,,0.107036,0.04424,0.093449,0.058167,0.008951,0.005701,0.166116,0.048474,0.003719,0.018664,0.017793,0.009058,0.065667,0.20527,0.001762,0.136316,0.008664,0.000954,,3010300,,
0,6,,0.111481,0.032018,0.090309,0.099438,0.023458,0.010642,0.20594,0.046529,0.000903,0.014979,0.016109,0.013702,0.060772,0.158573,0.006593,0.102926,0.005483,0.000145,,2991900,,
0,15,,0.111236,0.070046,0.137383,0.02586,0.0251,0.007997,0.076852,0.081151,0.002064,0.034684,0.033607,0.004826,0.100064,0.105756,0.004377,0.166976,0.011449,0.000572,,3001700,,
0,6,,0.10557,0.027195,0.068356,0.162298,0.00401,0.000885,0.254024,0.036402,0.000018,0.009634,0.011042,0.025946,0.04997,0.149767,0.000094,0.093482,0.001184,0.000123,,3019500,,
0,6,,0.117386,0.051589,0.086622,0.097848,0.016438,0.007849,0.200128,0.049682,0.000639,0.025009,0.026668,0.0238,0.057626,0.131883,0.001522,0.103037,0.002022,0.000252,,3016600,,
0,6,,0.10839,0.047419,0.078736,0.121664,0.01617,0.005539,0.223612,0.045151,0.000971,0.015157,0.021216,0.018054,0.052876,0.13708,0.001558,0.096851,0.008569,0.000985,,3003700,,
0,2,,0.101884,0.108049,0.136604,0.037631,0.016506,0.007304,0.092794,0.130707,0.000182,0.04146,0.029897,0.006394,0.10238,0.090324,0.00169,0.094873,0.001143,0.000178,,2999800,,
0,15,,0.093776,0.05701,0.123052,0.014673,0.032597,0.018161,0.089797,0.070548,0.009977,0.046062,0.03347,0,0.094784,0.141201,0.005573,0.146834,0.019447,0.003038,,3010500,,
0,6,,0.120751,0.027501,0.063118,0.167342,0.004186,0.001006,0.224347,0.036342,0.000129,0.009468,0.010889,0.038625,0.049182,0.152163,0.000094,0.093438,0.001272,0.000145,,3033100,,
0,6,,0.095624,0.058993,0.107817,0.073436,0.010158,0.003097,0.167194,0.071493,0.001915,0.029718,0.017357,0.013032,0.058656,0.148363,0.001653,0.134089,0.006752,0.000654,,3011300,,
0,15,,0.103316,0.053984,0.102799,0.064586,0.017972,0.005433,0.131652,0.062738,0.004053,0.024989,0.020257,0.009839,0.081725,0.135452,0.005342,0.159816,0.015024,0.001023,,2987000,,
0,15,,0.093776,0.05701,0.123052,0.014673,0.032597,0.018161,0.089797,0.070548,0.009977,0.046062,0.03347,0,0.094784,0.141201,0.005573,0.146834,0.019447,0.003038,,2983000,,
0,13,,0.107036,0.04424,0.093449,0.058167,0.008951,0.005701,0.166116,0.048474,0.003719,0.018664,0.017793,0.009058,0.065667,0.20527,0.001762,0.136316,0.008664,0.000954,,2986000,,
0,6,,0.112307,0.044727,0.081301,0.111341,0.016952,0.006222,0.221557,0.039148,0.001643,0.014753,0.019214,0.01365,0.052005,0.149564,0.00152,0.104263,0.008849,0.000985,,3005700,,
0,6,,0.099123,0.035113,0.064907,0.136917,0.005368,0.000911,0.239763,0.039118,0.002362,0.012048,0.006754,0.020598,0.050755,0.160878,0.000942,0.115959,0.007721,0.000764,,3004600,,
0,15,,0.145663,0.061219,0.135961,0.0196,0.034735,0.008209,0.080643,0.073056,0.002722,0.028652,0.027382,0.000477,0.080771,0.107929,0.006687,0.165375,0.020151,0.000769,,3018300,,
0,6,,0.11348,0.023156,0.064013,0.198451,0.0044,0.001155,0.247205,0.02937,0.000672,0.004967,0.006655,0.03261,0.044239,0.138026,0.000096,0.085534,0.005435,0.000536,,2985000,,
0,6,,0.108373,0.029036,0.074691,0.113899,0.006695,0.005567,0.199964,0.042591,0.002185,0.014761,0.011661,0.017546,0.060546,0.189902,0.000994,0.118206,0.002964,0.000419,,2984500,,
0,6,,0.082621,0.044766,0.11926,0.066911,0.024865,0.011976,0.149449,0.058855,0.008085,0.034427,0.018712,0.013766,0.083901,0.121053,0.005233,0.129115,0.023946,0.003061,,3014800,,
0,13,,0.110767,0.051182,0.099766,0.040734,0.0079,0.00599,0.149119,0.05375,0.00406,0.023117,0.017177,0.003918,0.074364,0.193015,0.001781,0.154038,0.008323,0.000999,,2996600,,
0,6,,0.122996,0.02682,0.085542,0.132444,0.004193,0.000809,0.211132,0.042726,0.000177,0.011166,0.009063,0.029779,0.053047,0.159804,0.000048,0.108848,0.001263,0.000145,,2990800,,
0,6,,0.112196,0.038337,0.08091,0.095609,0.007113,0.005877,0.186842,0.047224,0.002205,0.017459,0.017437,0.016191,0.06417,0.185308,0.001013,0.119021,0.002623,0.000465,,2984400,,
0,6,,0.092867,0.055297,0.119676,0.074404,0.032442,0.014091,0.132642,0.059466,0.006944,0.041802,0.029422,0.010505,0.082929,0.097769,0.00593,0.122215,0.01873,0.002869,,2982500,,
0,6,,0.113277,0.031761,0.071868,0.15298,0.005735,0.00132,0.241876,0.0303,0.004177,0.008401,0.005878,0.020016,0.042927,0.157328,0.000877,0.098795,0.011329,0.001154,,3020200,,
0,13,,0.109544,0.034127,0.083989,0.09627,0.007707,0.00567,0.188422,0.043588,0.001864,0.014677,0.017227,0.01679,0.063578,0.189539,0.000994,0.122632,0.002964,0.000419,,2984300,,
0,6,,0.113621,0.041351,0.080691,0.109303,0.008402,0.003741,0.212795,0.0434,0.002636,0.017004,0.012533,0.025798,0.057026,0.158286,0.001054,0.104076,0.007499,0.000786,,2997000,,
0,6,,0.102232,0.060301,0.105449,0.058707,0.009838,0.001054,0.169823,0.074234,0.002054,0.026377,0.016341,0.004662,0.065193,0.162217,0.000931,0.132104,0.007677,0.000805,,2986800,,
0,6,,0.122996,0.02682,0.085542,0.132444,0.004193,0.000809,0.211132,0.042726,0.000177,0.011166,0.009063,0.029779,0.053047,0.159804,0.000048,0.108848,0.001263,0.000145,,2988500,,
0,15,,0.10728,0.066419,0.138706,0.024142,0.026422,0.009997,0.084562,0.074881,0.001657,0.032431,0.034736,0.003208,0.09568,0.106974,0.005569,0.176587,0.010193,0.000557,,2990400,,
0,13,,0.10918,0.052711,0.119086,0.031826,0.016596,0.010205,0.127827,0.059378,0.002109,0.02628,0.028268,0.003045,0.083659,0.175558,0.001957,0.147989,0.0038,0.000526,,2981500,,
0,13,,0.101638,0.048627,0.10961,0.03002,0.029769,0.020206,0.124221,0.053693,0.003108,0.027746,0.02909,0.000676,0.070181,0.187022,0.009449,0.146179,0.008193,0.000572,,2996900,,
0,13,,0.101285,0.039801,0.08438,0.072346,0.006603,0.004551,0.184809,0.047797,0.004272,0.017407,0.011733,0.007752,0.067386,0.204104,0.001375,0.134727,0.008607,0.001064,,2987800,,
0,7,,0.103986,0.103591,0.112805,0.053866,0.018318,0.010481,0.112144,0.122493,0.000861,0.0385,0.026978,0.008982,0.097405,0.094856,0.002716,0.090885,0.001042,0.000091,,2990200,,
0,13,,0.10603,0.056581,0.113115,0.040808,0.017785,0.009514,0.132108,0.061134,0.002945,0.026026,0.030926,0.006618,0.076246,0.177797,0.001648,0.136284,0.00388,0.000556,,2990300,,
0,13,,0.102913,0.047034,0.089642,0.067003,0.014944,0.008944,0.164742,0.052066,0.003427,0.022763,0.020004,0.009408,0.072758,0.183531,0.001664,0.134765,0.003818,0.000574,,2990800,,
0,13,,0.102075,0.041502,0.084369,0.068152,0.007274,0.00613,0.176912,0.050868,0.00479,0.021557,0.012824,0.007517,0.065734,0.20285,0.001777,0.136397,0.008274,0.000999,,2984800,,
0,6,,0.119937,0.052788,0.106155,0.070336,0.017209,0.005627,0.187364,0.053147,0.000424,0.025555,0.02583,0.01035,0.070331,0.132849,0.001518,0.118187,0.002142,0.000252,,2983900,,
0,13,,0.140628,0.037776,0.078152,0.066055,0.009183,0.004709,0.180972,0.038013,0.006935,0.016034,0.010906,0.00252,0.052189,0.201014,0.002545,0.132632,0.018344,0.001392,,2988500,,
0,6,,0.120708,0.025164,0.094612,0.181522,0.004657,0.001036,0.182559,0.030828,0.000179,0.0102,0.008245,0.066073,0.051034,0.130734,0.000048,0.090648,0.001606,0.000146,,3010000,,
0,6,,0.111373,0.044465,0.092871,0.106456,0.014677,0.005824,0.181056,0.045292,0.000479,0.018516,0.026078,0.025126,0.054936,0.15434,0.001191,0.115234,0.001851,0.000236,,2991600,,
0,7,,0.090714,0.12571,0.138205,0.014555,0.021299,0.00743,0.056369,0.164475,0.000292,0.0562,0.035892,0.000974,0.109158,0.074487,0.001689,0.101183,0.001276,0.000091,,2996000,,
0,13,,0.112728,0.049161,0.106839,0.035477,0.008091,0.004978,0.140724,0.056597,0.004177,0.020668,0.015514,0.002023,0.082245,0.186699,0.001475,0.162891,0.008603,0.001109,,3013100,,
0,13,,0.110133,0.045879,0.107517,0.039612,0.008983,0.005843,0.146286,0.051998,0.003722,0.020492,0.016231,0.003045,0.07776,0.194116,0.001763,0.157011,0.008632,0.000977,,2988900,,
0,2,,0.101443,0.108216,0.132002,0.041168,0.016616,0.00726,0.09614,0.131099,0.000245,0.041484,0.029541,0.007475,0.102,0.089109,0.001656,0.09321,0.001141,0.000194,,3015200,,
0,13,,0.105358,0.04589,0.097933,0.053141,0.008688,0.006271,0.157763,0.051695,0.004412,0.022538,0.018195,0.006995,0.067271,0.202465,0.001777,0.140335,0.008274,0.000999,,2991300,,
0,15,,0.105462,0.06247,0.120474,0.047557,0.01776,0.003541,0.114849,0.071108,0.0037,0.027361,0.023394,0.007475,0.087739,0.133178,0.004158,0.151973,0.016737,0.001065,,2983100,,
