chess-krvk,LADTree,test,1,NANOSECONDS,PREDICTIONS, Generated by ClassifierExperiments.java on 2022-05-16 13:18:05.    SYSTEMPROPERTIES:{user.name:matth,os.arch:amd64,os.name:Windows 10},ENDSYSTEMPROPERTIES
No parameter info
0.27402135231316727,620954800,17034382900,-1,113928648,18,,-1,-1
0,6,,0.112022,0.042196,0.085319,0.144935,0.008916,0.002069,0.165957,0.051617,0.000234,0.02169,0.014143,0.063729,0.053262,0.133717,0.000139,0.097509,0.002448,0.000098,,3364100,,
0,13,,0.104069,0.060362,0.111615,0.038446,0.011846,0.005932,0.127916,0.070416,0.004158,0.030434,0.021354,0.002857,0.068509,0.185163,0.002248,0.143086,0.010527,0.001061,,3123300,,
0,13,,0.104339,0.069243,0.119193,0.025818,0.022309,0.01003,0.108023,0.079504,0.002429,0.036004,0.032879,0.00087,0.079216,0.160784,0.001893,0.141906,0.005022,0.00054,,3122100,,
0,6,,0.119932,0.048977,0.073302,0.123311,0.01743,0.006693,0.203177,0.042949,0.002825,0.024893,0.022046,0.015868,0.047368,0.138008,0.003476,0.103638,0.005839,0.000269,,3100500,,
0,6,,0.110751,0.019041,0.071718,0.177846,0.005664,0.003702,0.215632,0.025965,0.001176,0.015064,0.006381,0.06883,0.040289,0.146951,0.000961,0.087806,0.002138,0.000085,,3106400,,
0,6,,0.11895,0.048091,0.086715,0.106858,0.017861,0.008422,0.193262,0.046086,0.000466,0.023773,0.025354,0.024837,0.056259,0.13109,0.001986,0.106972,0.00282,0.0002,,3102800,,
0,13,,0.103496,0.055499,0.107038,0.039318,0.025478,0.017147,0.124022,0.058932,0.002974,0.027992,0.029228,0.002081,0.075305,0.17308,0.008252,0.142813,0.006847,0.000499,,3100800,,
0,13,,0.11809,0.057459,0.1096,0.035668,0.021805,0.009948,0.132312,0.060058,0.002745,0.030132,0.027574,0.003507,0.07531,0.17185,0.001822,0.136776,0.004811,0.000535,,2997200,,
0,6,,0.119582,0.02147,0.069962,0.162424,0.007552,0.002026,0.231923,0.041114,0.001181,0.011958,0.00852,0.032204,0.048877,0.142983,0.00032,0.095228,0.002622,0.000053,,2995400,,
0,6,,0.098657,0.036388,0.085746,0.064177,0.017404,0.007784,0.222982,0.044432,0.003653,0.017784,0.013951,0.005074,0.05852,0.178161,0.004459,0.128429,0.010369,0.002032,,2998500,,
0,6,,0.115452,0.024519,0.081317,0.139584,0.006592,0.00194,0.227129,0.034802,0.000742,0.009499,0.012649,0.023743,0.050019,0.162522,0.000272,0.107001,0.00213,0.000085,,3001200,,
0,13,,0.106271,0.054004,0.117684,0.041867,0.018808,0.010231,0.128954,0.060542,0.002446,0.028047,0.026644,0.003993,0.084713,0.16564,0.001873,0.143267,0.00451,0.000505,,3028400,,
0,1,,0.107069,0.12249,0.109438,0.048658,0.021567,0.01136,0.106204,0.117243,0.002061,0.046536,0.030675,0.005802,0.076716,0.094946,0.004759,0.091104,0.003175,0.000199,,3001100,,
0,15,,0.115068,0.068111,0.116964,0.044122,0.017638,0.004306,0.108788,0.067226,0.003935,0.031645,0.020572,0.005602,0.084173,0.123766,0.004307,0.164558,0.017792,0.001426,,2986100,,
0,15,,0.096886,0.065309,0.12703,0.017423,0.038321,0.014587,0.091376,0.076914,0.003231,0.034973,0.039738,0.000093,0.093405,0.113274,0.008281,0.162167,0.015542,0.001451,,2992600,,
0,13,,0.10719,0.053811,0.109244,0.049173,0.018997,0.009935,0.139036,0.056371,0.002737,0.024301,0.028221,0.005079,0.06996,0.173165,0.001888,0.145271,0.005141,0.000481,,2986700,,
0,6,,0.122845,0.051644,0.083729,0.104439,0.017057,0.009372,0.191779,0.049685,0.001087,0.024796,0.025703,0.025559,0.056913,0.12909,0.002012,0.101149,0.002912,0.000231,,3015400,,
0,7,,0.117496,0.111571,0.123343,0.040644,0.019237,0.010188,0.09285,0.124237,0.000763,0.044413,0.031305,0.009566,0.092369,0.0861,0.002284,0.091499,0.001976,0.00016,,2989000,,
0,13,,0.102393,0.047593,0.098302,0.044085,0.017002,0.012473,0.140727,0.052575,0.005132,0.023316,0.018148,0.002952,0.067628,0.197124,0.007975,0.149387,0.01214,0.001048,,3017100,,
0,6,,0.103298,0.047287,0.104989,0.071346,0.027924,0.012287,0.170014,0.062766,0.001147,0.022739,0.027011,0.012157,0.073926,0.141388,0.005095,0.11049,0.00598,0.000155,,3011400,,
0,15,,0.10465,0.051278,0.106097,0.059543,0.018557,0.004305,0.132927,0.05703,0.005597,0.027084,0.023258,0.001414,0.069113,0.140729,0.007303,0.16252,0.024211,0.004386,,3001700,,
0,2,,0.113675,0.116245,0.133496,0.026247,0.018527,0.009238,0.082824,0.128265,0.000536,0.044345,0.027761,0.002568,0.107948,0.082792,0.001889,0.101257,0.00223,0.000158,,3015400,,
0,13,,0.106489,0.044219,0.09108,0.060112,0.008772,0.004768,0.169745,0.051755,0.005051,0.019289,0.011828,0.006088,0.068066,0.193461,0.001934,0.145208,0.011035,0.001099,,2991000,,
0,6,,0.104476,0.044309,0.099074,0.07595,0.015991,0.006458,0.20801,0.049101,0.000479,0.022006,0.022233,0.010409,0.066059,0.146447,0.001421,0.124053,0.002975,0.00055,,3001500,,
0,6,,0.105785,0.030239,0.08034,0.115445,0.014414,0.008154,0.220607,0.042629,0.000642,0.020063,0.016668,0.013382,0.055726,0.160956,0.006769,0.104004,0.004123,0.000054,,3001300,,
0,13,,0.098957,0.053628,0.112131,0.035078,0.0282,0.016661,0.122065,0.068655,0.002852,0.02449,0.028457,0.003301,0.083252,0.169401,0.00564,0.139443,0.007296,0.000491,,2989900,,
0,13,,0.10747,0.050193,0.10073,0.071186,0.009475,0.006932,0.149239,0.072041,0.002405,0.026637,0.021257,0.010076,0.066713,0.174817,0.001391,0.125738,0.00332,0.000379,,3009100,,
0,13,,0.111232,0.043434,0.096874,0.060557,0.009611,0.006359,0.159798,0.047619,0.004101,0.018876,0.016414,0.009729,0.069397,0.194158,0.002654,0.137782,0.010357,0.001048,,2984500,,
0,6,,0.108198,0.032779,0.089964,0.095598,0.007396,0.004708,0.18689,0.044884,0.001818,0.014244,0.015186,0.014323,0.067466,0.183907,0.000669,0.127688,0.003699,0.000584,,3038600,,
0,13,,0.101926,0.054098,0.112572,0.036568,0.028072,0.016755,0.120459,0.069569,0.002925,0.024262,0.02845,0.004131,0.082818,0.166845,0.005666,0.137201,0.007214,0.000467,,2984000,,
0,6,,0.127806,0.019374,0.079323,0.145186,0.007424,0.001807,0.236406,0.035271,0.00075,0.007576,0.007013,0.018701,0.042777,0.148891,0.001168,0.114802,0.005576,0.00015,,2994700,,
0,13,,0.108927,0.045602,0.085143,0.057956,0.012241,0.004423,0.173445,0.051983,0.004679,0.01707,0.014695,0.005757,0.060018,0.208891,0.002694,0.128149,0.01673,0.001598,,3019500,,
0,13,,0.091642,0.04879,0.116282,0.02573,0.021385,0.011519,0.126993,0.064374,0.010089,0.030114,0.019721,0,0.087681,0.168788,0.003866,0.148,0.020732,0.004294,,2987700,,
0,15,,0.115869,0.071638,0.11886,0.040644,0.026665,0.011176,0.094441,0.071004,0.002055,0.037637,0.035178,0.009566,0.081242,0.113578,0.005327,0.153895,0.010372,0.000853,,3036100,,
0,6,,0.113024,0.034386,0.07312,0.116352,0.007565,0.001889,0.233629,0.034841,0.003816,0.011573,0.006864,0.014187,0.050159,0.174533,0.001483,0.108714,0.0127,0.001167,,3002900,,
0,15,,0.099828,0.068063,0.121317,0.050274,0.026362,0.009328,0.101941,0.072742,0.002528,0.032432,0.03061,0.007549,0.084731,0.115456,0.00443,0.160241,0.011435,0.000732,,3007000,,
0,15,,0.109856,0.057311,0.11707,0.051912,0.01832,0.006023,0.110226,0.063995,0.003728,0.02639,0.022223,0.009729,0.084531,0.134914,0.00577,0.160396,0.01623,0.001375,,2989700,,
0,6,,0.107995,0.063894,0.099448,0.076033,0.021002,0.007363,0.147479,0.073658,0.000466,0.033011,0.029321,0.014762,0.065691,0.133492,0.00133,0.121275,0.003551,0.00023,,2994300,,
0,13,,0.108402,0.052793,0.091333,0.054262,0.020135,0.010325,0.152378,0.05132,0.004372,0.032025,0.026118,0.004035,0.05737,0.18916,0.005233,0.133729,0.00646,0.00055,,2992600,,
0,6,,0.113417,0.025742,0.055882,0.175248,0.005752,0.002226,0.263884,0.032283,0.002216,0.019699,0.010091,0.023631,0.038253,0.140307,0.003011,0.084502,0.00372,0.000137,,3013800,,
0,13,,0.095641,0.05392,0.108033,0.037339,0.02044,0.011959,0.119324,0.064446,0.010749,0.038435,0.022548,0.002776,0.081424,0.166078,0.006208,0.137051,0.021153,0.002477,,2990500,,
0,6,,0.118786,0.036584,0.086101,0.111554,0.01014,0.002241,0.196652,0.046526,0.003027,0.015435,0.014778,0.022382,0.055281,0.157753,0.00144,0.110611,0.009923,0.000787,,3010500,,
0,15,,0.08622,0.066641,0.138037,0.014295,0.040427,0.013931,0.07198,0.089278,0.005591,0.043643,0.041505,0,0.106358,0.092614,0.007393,0.158179,0.02027,0.003637,,3010000,,
0,15,,0.10714,0.067564,0.136404,0.031658,0.025268,0.009405,0.084039,0.077068,0.001742,0.034459,0.033231,0.002568,0.099941,0.105495,0.004363,0.167474,0.010825,0.001357,,2983300,,
0,13,,0.10219,0.043177,0.089703,0.073508,0.009452,0.004656,0.175079,0.046792,0.004995,0.015445,0.01235,0.008111,0.061334,0.198557,0.00184,0.137886,0.013567,0.001356,,3007600,,
0,13,,0.109609,0.047226,0.099348,0.042583,0.009073,0.004858,0.15903,0.053658,0.004606,0.019451,0.014274,0.004256,0.072875,0.194914,0.001739,0.151057,0.010357,0.001085,,2992400,,
0,13,,0.103738,0.048587,0.097947,0.047242,0.01678,0.012325,0.14233,0.052852,0.004937,0.023091,0.017913,0.002081,0.070752,0.192392,0.008025,0.145575,0.012384,0.001049,,3036800,,
0,6,,0.107697,0.040196,0.087034,0.126496,0.017212,0.007174,0.19877,0.045541,0.001366,0.020931,0.016861,0.02559,0.061006,0.13223,0.001482,0.107156,0.003087,0.000169,,3048100,,
0,6,,0.102715,0.03302,0.083652,0.102835,0.007367,0.005574,0.194577,0.048076,0.002619,0.016828,0.012609,0.014683,0.061781,0.183016,0.000929,0.125956,0.00341,0.000351,,2990900,,
0,13,,0.098216,0.053926,0.106326,0.035307,0.027923,0.017115,0.125106,0.057593,0.002945,0.032411,0.029841,0.002061,0.06946,0.180198,0.008306,0.145169,0.0076,0.000498,,2997900,,
0,13,,0.101926,0.054098,0.112572,0.036568,0.028072,0.016755,0.120459,0.069569,0.002925,0.024262,0.02845,0.004131,0.082818,0.166845,0.005666,0.137201,0.007214,0.000467,,2986800,,
0,15,,0.11766,0.06939,0.121585,0.038166,0.031333,0.008715,0.095294,0.072448,0.002056,0.037128,0.033208,0.006979,0.083766,0.114801,0.004325,0.150948,0.011346,0.000853,,3021800,,
0,13,,0.114163,0.033425,0.10091,0.079405,0.007547,0.006506,0.170108,0.048282,0.001818,0.016711,0.015959,0.012482,0.071164,0.180151,0.001541,0.136186,0.003298,0.000342,,3002800,,
0,6,,0.092718,0.041365,0.091147,0.108881,0.021507,0.008293,0.182462,0.051302,0.005273,0.036643,0.017916,0.016086,0.069525,0.128995,0.004571,0.107184,0.014655,0.001478,,3015700,,
0,15,,0.111814,0.067988,0.12245,0.045637,0.027371,0.008949,0.08751,0.07345,0.002083,0.03432,0.032015,0.010798,0.089505,0.115733,0.004524,0.153765,0.011304,0.000785,,3010100,,
0,6,,0.10765,0.067116,0.103295,0.077078,0.020842,0.007371,0.152597,0.073959,0.000697,0.031624,0.029113,0.012936,0.068797,0.125526,0.00133,0.116001,0.003838,0.000231,,3013700,,
0,6,,0.099369,0.023929,0.078749,0.101101,0.014801,0.007055,0.242523,0.040708,0.001141,0.010611,0.013353,0.012412,0.057476,0.170879,0.003376,0.117762,0.003734,0.001022,,3018300,,
0,6,,0.086072,0.032606,0.100732,0.09084,0.019562,0.007604,0.210575,0.052002,0.004718,0.021131,0.015432,0.011257,0.078033,0.131232,0.002222,0.119685,0.012965,0.003331,,2987000,,
0,6,,0.114023,0.036287,0.089817,0.104224,0.008317,0.00194,0.202238,0.038874,0.003199,0.014113,0.013071,0.016813,0.052243,0.170553,0.001413,0.122548,0.009511,0.000818,,2998300,,
0,15,,0.103217,0.072095,0.132106,0.031152,0.020434,0.005601,0.087182,0.085942,0.003586,0.038385,0.029038,0.002857,0.08388,0.122065,0.005325,0.159255,0.016452,0.001426,,2999000,,
0,13,,0.117393,0.037911,0.089963,0.086446,0.008155,0.004974,0.177455,0.04967,0.001971,0.019313,0.01467,0.01272,0.06489,0.177626,0.000649,0.131862,0.003953,0.000379,,2994200,,
0,13,,0.108123,0.055209,0.110237,0.040492,0.019073,0.00992,0.136979,0.058369,0.002608,0.02527,0.028184,0.005079,0.077335,0.171661,0.001983,0.143992,0.004977,0.00051,,3016400,,
0,7,,0.114259,0.112387,0.134217,0.027832,0.020026,0.009517,0.078079,0.134624,0.000863,0.04433,0.031622,0.003008,0.103133,0.082487,0.001818,0.098879,0.002787,0.00013,,2995100,,
0,6,,0.115151,0.04338,0.073809,0.119114,0.008518,0.0019,0.218318,0.041197,0.002827,0.016902,0.011677,0.023471,0.052857,0.15319,0.001234,0.10655,0.009106,0.0008,,3002600,,
0,2,,0.10322,0.108983,0.136806,0.027046,0.017965,0.008538,0.092848,0.124432,0.00057,0.039587,0.02622,0.00317,0.107237,0.092727,0.001647,0.106274,0.002571,0.000159,,3010500,,
0,13,,0.099775,0.049371,0.100439,0.07356,0.011194,0.004922,0.155122,0.068958,0.002155,0.025386,0.019637,0.008859,0.068945,0.178053,0.000649,0.129322,0.003251,0.000403,,3013500,,
0,15,,0.09666,0.06498,0.129285,0.025932,0.037486,0.014953,0.08035,0.082834,0.002511,0.034024,0.03846,0.002397,0.098212,0.109907,0.008916,0.156049,0.01585,0.001194,,3026200,,
0,6,,0.129122,0.018248,0.076075,0.15986,0.007531,0.001652,0.223077,0.034262,0.000757,0.007061,0.007418,0.024472,0.041133,0.146034,0.001098,0.115875,0.006204,0.000122,,3003500,,
0,2,,0.112136,0.106629,0.126733,0.042395,0.019961,0.008316,0.097348,0.121868,0.000329,0.041657,0.029602,0.006531,0.097453,0.089993,0.001634,0.094593,0.002309,0.000514,,2992600,,
0,15,,0.103315,0.081354,0.141627,0.019118,0.03068,0.009072,0.069228,0.095588,0.001796,0.044567,0.040835,0.00087,0.095459,0.099743,0.004439,0.149864,0.011563,0.000882,,2991100,,
0,13,,0.115438,0.057578,0.106173,0.043793,0.019154,0.010084,0.131832,0.057421,0.002203,0.030099,0.027093,0.006468,0.073514,0.168352,0.001798,0.143438,0.005049,0.000511,,3027200,,
0,13,,0.107313,0.043932,0.103132,0.04921,0.009651,0.006652,0.151981,0.050709,0.004885,0.022882,0.017653,0.005079,0.065971,0.197346,0.002589,0.149207,0.01074,0.00107,,3024200,,
0,15,,0.111327,0.064123,0.113637,0.054989,0.025917,0.009202,0.098301,0.070882,0.002988,0.034098,0.028147,0.01182,0.087872,0.115981,0.004524,0.154105,0.011304,0.000785,,3006700,,
0,13,,0.103965,0.045638,0.090537,0.064763,0.008875,0.004739,0.169728,0.052684,0.004799,0.018987,0.012381,0.007196,0.066912,0.193197,0.001935,0.141937,0.010665,0.001063,,2999600,,
0,6,,0.122025,0.026455,0.092366,0.123296,0.008273,0.002223,0.211893,0.047571,0.000703,0.014207,0.013283,0.021343,0.057769,0.146894,0.00032,0.108704,0.002622,0.000053,,3020700,,
0,6,,0.105274,0.049036,0.093613,0.086889,0.024434,0.012735,0.175978,0.050517,0.001174,0.026684,0.025953,0.009813,0.064331,0.145346,0.007763,0.114975,0.005265,0.000218,,3024600,,
0,6,,0.125246,0.044004,0.088505,0.090127,0.011119,0.001651,0.207669,0.047447,0.003048,0.020856,0.010848,0.013505,0.059016,0.15224,0.001296,0.11308,0.009544,0.0008,,3018200,,
0,6,,0.121838,0.048567,0.082996,0.112615,0.018281,0.007159,0.185955,0.047698,0.000466,0.023487,0.023654,0.026899,0.056741,0.132206,0.00133,0.106326,0.003551,0.00023,,2994000,,
0,13,,0.095641,0.05392,0.108033,0.037339,0.02044,0.011959,0.119324,0.064446,0.010749,0.038435,0.022548,0.002776,0.081424,0.166078,0.006208,0.137051,0.021153,0.002477,,3000600,,
0,7,,0.110429,0.107508,0.10856,0.051868,0.019335,0.011183,0.100334,0.129478,0.000992,0.040958,0.026551,0.010751,0.09898,0.087557,0.002922,0.090572,0.001892,0.00013,,3004900,,
0,15,,0.115857,0.064875,0.115056,0.043933,0.017851,0.004339,0.106005,0.067646,0.003706,0.032791,0.020764,0.006468,0.082544,0.126786,0.004349,0.167929,0.017673,0.001426,,3023500,,
0,13,,0.105046,0.071308,0.117157,0.034363,0.022259,0.010116,0.109887,0.079286,0.002461,0.035696,0.032158,0.003414,0.07854,0.15692,0.001822,0.133753,0.005303,0.000512,,3031700,,
0,6,,0.099017,0.034861,0.087095,0.066299,0.017177,0.008226,0.220649,0.042081,0.003351,0.016641,0.01418,0.006404,0.057866,0.177908,0.004865,0.131227,0.010382,0.001771,,3014100,,
0,6,,0.111913,0.022277,0.067762,0.146641,0.005623,0.001614,0.24908,0.037165,0.000892,0.010604,0.006386,0.023635,0.050743,0.164353,0.000343,0.098385,0.002473,0.000112,,3011300,,
0,7,,0.104922,0.126261,0.123762,0.027009,0.023831,0.008744,0.066837,0.154572,0.000561,0.054125,0.035584,0.003414,0.100247,0.075439,0.001634,0.089969,0.00293,0.00016,,3009300,,
0,6,,0.111041,0.045248,0.094602,0.07844,0.016852,0.006803,0.196159,0.04873,0.000688,0.021957,0.021357,0.014858,0.066109,0.146464,0.001421,0.125613,0.003428,0.00023,,3048100,,
0,13,,0.101844,0.052488,0.100238,0.06005,0.018525,0.009968,0.154681,0.054649,0.002766,0.021407,0.023185,0.006362,0.068388,0.17624,0.001919,0.137899,0.008483,0.000907,,3017900,,
0,6,,0.11045,0.024542,0.08119,0.120162,0.005776,0.002901,0.247316,0.037921,0.000247,0.01328,0.01167,0.020765,0.054036,0.155448,0.000979,0.111531,0.001719,0.000067,,3006500,,
0,6,,0.089918,0.034521,0.089624,0.103738,0.006507,0.001446,0.21763,0.059177,0.000247,0.01508,0.014691,0.01306,0.060798,0.166884,0.000216,0.124138,0.001908,0.000419,,3004400,,
0,6,,0.116435,0.045416,0.095138,0.102478,0.019329,0.009352,0.178285,0.0473,0.001398,0.020607,0.024053,0.02614,0.064511,0.135225,0.002164,0.109129,0.002839,0.0002,,3007700,,
0,2,,0.110316,0.106104,0.129801,0.042517,0.020579,0.011183,0.090036,0.124164,0.000423,0.039166,0.029883,0.009729,0.099244,0.086996,0.002922,0.094915,0.001892,0.00013,,3008100,,
0,6,,0.107264,0.042935,0.087146,0.113866,0.008496,0.003332,0.19573,0.063958,0.000234,0.021726,0.01726,0.019478,0.056961,0.146816,0.000795,0.112219,0.001717,0.000067,,3022600,,
0,6,,0.115162,0.042355,0.090378,0.132666,0.011939,0.001838,0.173043,0.053713,0.000682,0.02197,0.014715,0.058205,0.056129,0.132537,0.0002,0.09216,0.002238,0.000067,,3004900,,
0,2,,0.112292,0.118893,0.126615,0.031646,0.022915,0.011967,0.087685,0.124729,0.000754,0.042467,0.028275,0.004572,0.083564,0.087292,0.004769,0.107186,0.00421,0.000168,,3014800,,
0,6,,0.087167,0.056085,0.105683,0.058747,0.01911,0.006554,0.173777,0.068384,0.000706,0.025437,0.026852,0.008538,0.072294,0.150882,0.001421,0.134611,0.003553,0.000199,,3005400,,
0,6,,0.105516,0.042705,0.087953,0.120736,0.017158,0.006965,0.192748,0.048502,0.001048,0.019768,0.020551,0.021787,0.055575,0.136198,0.00146,0.117573,0.003568,0.000187,,3024700,,
0,6,,0.104995,0.04376,0.082936,0.111282,0.021273,0.008745,0.214574,0.053533,0.001545,0.020126,0.021647,0.021729,0.058023,0.131236,0.003006,0.096482,0.00487,0.000239,,3061600,,
0,6,,0.110751,0.019041,0.071718,0.177846,0.005664,0.003702,0.215632,0.025965,0.001176,0.015064,0.006381,0.06883,0.040289,0.146951,0.000961,0.087806,0.002138,0.000085,,3015300,,
0,13,,0.091316,0.041969,0.107225,0.068421,0.009316,0.00429,0.158203,0.064731,0.00219,0.019143,0.017238,0.007292,0.072473,0.190565,0.000649,0.140785,0.003791,0.000403,,3007500,,
0,6,,0.107443,0.022946,0.068854,0.189064,0.006166,0.00278,0.206733,0.027075,0.001059,0.014012,0.007054,0.073982,0.041742,0.137534,0.000462,0.090997,0.002025,0.000071,,3007200,,
0,13,,0.106489,0.044219,0.09108,0.060112,0.008772,0.004768,0.169745,0.051755,0.005051,0.019289,0.011828,0.006088,0.068066,0.193461,0.001934,0.145208,0.011035,0.001099,,3023300,,
0,13,,0.102436,0.04456,0.089978,0.070067,0.009444,0.004887,0.17536,0.047753,0.004996,0.016328,0.011879,0.006362,0.063122,0.196886,0.001935,0.138958,0.013667,0.001385,,3015000,,
0,6,,0.105444,0.036181,0.074437,0.145832,0.006716,0.00119,0.225999,0.047143,0.003299,0.010953,0.008927,0.02666,0.059009,0.143602,0.001507,0.089909,0.012091,0.001104,,3013100,,
0,13,,0.096844,0.05652,0.116579,0.030362,0.010549,0.004758,0.125981,0.070717,0.004584,0.024841,0.018475,0.000619,0.074716,0.193648,0.00181,0.157198,0.010686,0.001113,,3006100,,
0,6,,0.108623,0.041556,0.084953,0.101447,0.016973,0.006886,0.207409,0.047034,0.001213,0.020641,0.018676,0.016481,0.059474,0.15222,0.001567,0.11106,0.003559,0.000228,,3006000,,
0,6,,0.121493,0.051789,0.086843,0.113661,0.018121,0.007167,0.191073,0.047999,0.000697,0.0221,0.023446,0.025074,0.059846,0.124241,0.00133,0.101051,0.003838,0.000231,,3026200,,
0,6,,0.105855,0.024111,0.068513,0.182952,0.004942,0.00119,0.246189,0.043456,0.000776,0.006649,0.008663,0.034969,0.058709,0.131369,0.000328,0.07601,0.004924,0.000393,,3039300,,
0,6,,0.110084,0.034648,0.075358,0.109805,0.007371,0.001614,0.225646,0.041105,0.003349,0.015165,0.006958,0.016481,0.053408,0.172411,0.001483,0.114416,0.009853,0.000845,,3014900,,
0,15,,0.099045,0.071966,0.132109,0.032025,0.019145,0.003861,0.090235,0.087296,0.003586,0.038112,0.02874,0.00087,0.08616,0.123876,0.004189,0.159842,0.016832,0.002111,,3019500,,
0,7,,0.097752,0.129488,0.123908,0.025932,0.026166,0.01574,0.07942,0.130961,0.000899,0.042007,0.033394,0.002397,0.099338,0.088488,0.004827,0.094163,0.004873,0.000247,,3015100,,
0,15,,0.112691,0.069292,0.132348,0.027832,0.028846,0.009808,0.079237,0.083309,0.002295,0.037077,0.035488,0.003008,0.095837,0.103197,0.004439,0.162889,0.011621,0.000785,,3030100,,
0,6,,0.116139,0.046441,0.093612,0.099644,0.018099,0.007282,0.184189,0.048602,0.000673,0.020827,0.023594,0.021727,0.061339,0.140892,0.001553,0.111997,0.003163,0.000228,,3022400,,
0,15,,0.110821,0.06685,0.135168,0.030234,0.026789,0.011604,0.081048,0.075084,0.001742,0.034662,0.033661,0.005466,0.098052,0.103727,0.005839,0.168236,0.010233,0.000785,,3019200,,
0,6,,0.104993,0.021132,0.069993,0.192329,0.005401,0.001564,0.211562,0.026721,0.000609,0.011201,0.006406,0.071645,0.041576,0.13974,0.000299,0.092459,0.002201,0.00017,,3025300,,
0,13,,0.102929,0.066826,0.119044,0.030369,0.021881,0.011024,0.109204,0.076959,0.002066,0.036682,0.034061,0.002857,0.075419,0.164474,0.002309,0.138848,0.004559,0.000488,,3007100,,
0,13,,0.100145,0.044515,0.102571,0.033455,0.018199,0.01157,0.151756,0.051609,0.005102,0.018585,0.017715,0.000093,0.070945,0.198003,0.004955,0.156653,0.011981,0.002147,,3029900,,
0,6,,0.105649,0.036497,0.072372,0.134324,0.007073,0.001345,0.230655,0.045237,0.003297,0.011531,0.00875,0.023107,0.058134,0.15353,0.001462,0.093714,0.012192,0.001131,,3008100,,
0,6,,0.128858,0.019416,0.080283,0.164025,0.007266,0.001887,0.228475,0.035957,0.000509,0.0074,0.007437,0.021661,0.044162,0.135631,0.001098,0.110009,0.005803,0.000123,,3419600,,
0,6,,0.124163,0.030447,0.082836,0.153431,0.006418,0.001802,0.204787,0.031456,0.000457,0.014443,0.008967,0.063509,0.051578,0.133677,0.000209,0.089238,0.002454,0.000126,,3424900,,
0,15,,0.103217,0.072095,0.132106,0.031152,0.020434,0.005601,0.087182,0.085942,0.003586,0.038385,0.029038,0.002857,0.08388,0.122065,0.005325,0.159255,0.016452,0.001426,,3416400,,
0,13,,0.091926,0.060677,0.117086,0.029203,0.028939,0.016764,0.108024,0.068816,0.008745,0.044207,0.034295,0.001413,0.084891,0.146561,0.006441,0.134235,0.015826,0.001951,,3482400,,
0,6,,0.106114,0.02508,0.070768,0.164445,0.007502,0.001872,0.238216,0.034471,0.000905,0.008111,0.009309,0.025412,0.048613,0.151656,0.000361,0.101476,0.005328,0.000361,,3424400,,
0,6,,0.118199,0.037741,0.067762,0.115945,0.006615,0.001417,0.24043,0.036736,0.003853,0.022729,0.01357,0.009782,0.044024,0.160679,0.004133,0.100688,0.014392,0.001305,,3426900,,
0,13,,0.114802,0.047173,0.108068,0.043765,0.010435,0.006832,0.14256,0.053451,0.004889,0.02173,0.015681,0.00517,0.078168,0.186142,0.002546,0.147196,0.010319,0.001071,,3404000,,
0,6,,0.11385,0.047471,0.085945,0.109102,0.01729,0.007,0.199179,0.047063,0.000466,0.022844,0.024509,0.020712,0.057837,0.133989,0.00133,0.107627,0.003232,0.000553,,3450600,,
0,13,,0.116478,0.058091,0.097933,0.049282,0.018338,0.011875,0.143024,0.056957,0.002637,0.029137,0.028959,0.009566,0.067924,0.172425,0.00254,0.129905,0.004416,0.000511,,3410200,,
0,13,,0.113957,0.054577,0.10032,0.049997,0.019229,0.010875,0.14512,0.053452,0.002066,0.027765,0.028544,0.008518,0.068188,0.176162,0.002309,0.133875,0.004559,0.000488,,3460400,,
0,13,,0.119446,0.044999,0.085561,0.054735,0.009004,0.004227,0.173326,0.043785,0.00618,0.019698,0.013269,0.001414,0.057073,0.211615,0.003728,0.134726,0.015597,0.001618,,3426500,,
0,13,,0.10557,0.067888,0.116889,0.034569,0.022453,0.010034,0.106325,0.078205,0.002203,0.037088,0.032439,0.004279,0.07599,0.159231,0.001798,0.13948,0.005049,0.000511,,3419200,,
0,13,,0.109132,0.041594,0.092163,0.067704,0.009551,0.00511,0.174813,0.043869,0.005651,0.015707,0.011753,0.005276,0.05984,0.198659,0.001863,0.142384,0.01354,0.001393,,3436100,,
0,6,,0.113293,0.04357,0.088488,0.107354,0.011939,0.001838,0.195509,0.067667,0.000682,0.021721,0.016132,0.016016,0.06031,0.146752,0.0002,0.106224,0.002238,0.000067,,3448900,,
0,6,,0.101672,0.024628,0.080457,0.094388,0.015199,0.00721,0.245563,0.040665,0.001138,0.011247,0.012729,0.009635,0.058501,0.172571,0.003447,0.116146,0.003987,0.00082,,3418600,,
0,13,,0.111445,0.034777,0.092343,0.080463,0.007383,0.004759,0.18152,0.047502,0.002215,0.015508,0.013723,0.009778,0.067846,0.185893,0.000648,0.140096,0.00372,0.000379,,3072700,,
0,15,,0.099591,0.065373,0.129356,0.017866,0.037442,0.014743,0.089078,0.074984,0.003198,0.034432,0.038048,0.000093,0.096443,0.113509,0.008395,0.160422,0.015772,0.001255,,3036400,,
0,6,,0.09805,0.043454,0.095151,0.0562,0.026675,0.012688,0.20484,0.050509,0.001559,0.022819,0.025845,0.005074,0.063643,0.157418,0.004549,0.125719,0.004652,0.001154,,3011500,,
0,6,,0.104799,0.037622,0.087148,0.083686,0.007351,0.001186,0.224539,0.042205,0.002868,0.015632,0.009169,0.012259,0.063046,0.168616,0.00129,0.128043,0.009742,0.0008,,3019200,,
0,6,,0.105855,0.024111,0.068513,0.182952,0.004942,0.00119,0.246189,0.043456,0.000776,0.006649,0.008663,0.034969,0.058709,0.131369,0.000328,0.07601,0.004924,0.000393,,3018900,,
0,13,,0.115244,0.051784,0.098663,0.043227,0.009582,0.004969,0.152969,0.05287,0.004521,0.023004,0.015593,0.003059,0.070983,0.190322,0.001832,0.149274,0.010989,0.001113,,3009500,,
0,15,,0.099825,0.067266,0.130304,0.024024,0.038444,0.015075,0.078719,0.084051,0.002703,0.034806,0.038192,0.002397,0.099526,0.108093,0.009105,0.150378,0.016335,0.00076,,3019100,,
0,13,,0.103605,0.040813,0.094538,0.06043,0.008744,0.006557,0.165485,0.050997,0.005144,0.022662,0.013206,0.006088,0.063151,0.19772,0.002589,0.146459,0.01074,0.00107,,3017300,,
0,13,,0.100725,0.040887,0.093055,0.060621,0.008094,0.004446,0.171791,0.049367,0.004568,0.018739,0.011797,0.006088,0.064144,0.201631,0.001817,0.149989,0.010952,0.001288,,3009400,,
0,6,,0.102715,0.03302,0.083652,0.102835,0.007367,0.005574,0.194577,0.048076,0.002619,0.016828,0.012609,0.014683,0.061781,0.183016,0.000929,0.125956,0.00341,0.000351,,3005600,,
0,15,,0.087638,0.066253,0.137091,0.014388,0.041946,0.015349,0.070727,0.087839,0.005591,0.043732,0.041931,0.001004,0.104656,0.092021,0.008311,0.158341,0.020008,0.003175,,3010800,,
0,6,,0.108859,0.019646,0.069415,0.151191,0.006587,0.003284,0.24511,0.032841,0.00055,0.01111,0.007341,0.027218,0.045258,0.164119,0.001373,0.104218,0.001825,0.000053,,3024500,,
0,13,,0.106359,0.049096,0.103266,0.06735,0.010794,0.004937,0.150153,0.07108,0.002198,0.024587,0.01966,0.007041,0.070773,0.174864,0.000743,0.132765,0.003926,0.000408,,3013300,,
0,15,,0.112977,0.071561,0.135499,0.026247,0.026682,0.009531,0.083982,0.079217,0.001934,0.036822,0.032636,0.002568,0.098522,0.102896,0.004553,0.162464,0.011095,0.000813,,3020000,,
0,6,,0.119315,0.02207,0.071001,0.163325,0.006874,0.003818,0.232262,0.035196,0.001579,0.011102,0.005634,0.035962,0.052137,0.141924,0.00094,0.095004,0.00177,0.000085,,3020900,,
0,13,,0.09892,0.047438,0.098264,0.043874,0.016803,0.012456,0.147736,0.050864,0.005091,0.024187,0.01858,0.00159,0.066542,0.196919,0.00798,0.149334,0.01235,0.001072,,3005900,,
0,6,,0.088197,0.032643,0.099792,0.08299,0.019929,0.007759,0.209611,0.051222,0.004718,0.021489,0.014935,0.009439,0.077828,0.139202,0.002293,0.12152,0.0133,0.003133,,3031900,,
0,6,,0.117124,0.027916,0.081536,0.159731,0.008365,0.001704,0.196384,0.026885,0.000939,0.011264,0.013191,0.065575,0.048381,0.14638,0.000334,0.091711,0.002528,0.000053,,3011800,,
0,13,,0.101604,0.050164,0.104571,0.039561,0.019749,0.01201,0.135746,0.063267,0.005103,0.020638,0.019041,0.002508,0.075998,0.189407,0.005621,0.140813,0.013141,0.001057,,3012900,,
0,6,,0.119094,0.038596,0.080735,0.094129,0.007185,0.006817,0.187142,0.048168,0.002405,0.018489,0.016693,0.016294,0.061138,0.180086,0.001391,0.117938,0.00332,0.000379,,3014700,,
0,6,,0.119218,0.043369,0.087164,0.096639,0.007676,0.003145,0.20789,0.043738,0.0026,0.020862,0.011976,0.016966,0.055666,0.152304,0.00189,0.119076,0.009023,0.0008,,3011000,,
0,6,,0.112758,0.026807,0.083301,0.11278,0.007282,0.001647,0.249744,0.045069,0.000708,0.012848,0.009684,0.017078,0.058334,0.153074,0.000277,0.106964,0.001577,0.000067,,3027100,,
0,15,,0.110515,0.056715,0.106439,0.058238,0.019152,0.004468,0.118439,0.07026,0.005097,0.028829,0.020931,0.008292,0.081124,0.133112,0.00437,0.155026,0.017618,0.001375,,3004400,,
0,6,,0.119019,0.023095,0.069475,0.160491,0.005645,0.001747,0.238166,0.036497,0.000854,0.011322,0.005175,0.03155,0.048965,0.147591,0.000329,0.097871,0.002094,0.000112,,3009000,,
0,15,,0.108383,0.064212,0.124714,0.039918,0.020301,0.003735,0.100908,0.068013,0.004651,0.029061,0.024133,0.005079,0.085583,0.134612,0.004444,0.16327,0.017607,0.001374,,3022000,,
0,15,,0.090648,0.072784,0.12825,0.021593,0.042192,0.014962,0.064008,0.087223,0.006228,0.055596,0.04431,0.001884,0.095919,0.091649,0.010822,0.148661,0.021441,0.001831,,3013100,,
0,6,,0.116139,0.046441,0.093612,0.099644,0.018099,0.007282,0.184189,0.048602,0.000673,0.020827,0.023594,0.021727,0.061339,0.140892,0.001553,0.111997,0.003163,0.000228,,3029700,,
0,13,,0.109932,0.047406,0.10371,0.038026,0.010263,0.004897,0.157484,0.056944,0.004913,0.020547,0.015065,0.002261,0.072299,0.195319,0.001739,0.148166,0.009922,0.001108,,3021000,,
0,13,,0.093936,0.060706,0.124731,0.026838,0.020558,0.01073,0.11463,0.074126,0.002101,0.030904,0.032987,0.002383,0.076922,0.172028,0.00243,0.14912,0.004381,0.000488,,3001600,,
0,13,,0.101526,0.044488,0.093092,0.070033,0.010596,0.004984,0.170109,0.048611,0.005206,0.016565,0.013307,0.006595,0.06429,0.198537,0.001864,0.135131,0.013685,0.001379,,3019100,,
0,6,,0.101883,0.030971,0.083466,0.106957,0.008022,0.005555,0.19937,0.042554,0.002281,0.011968,0.012491,0.014421,0.059455,0.189044,0.000999,0.123386,0.006529,0.00065,,3016400,,
0,2,,0.112292,0.118893,0.126615,0.031646,0.022915,0.011967,0.087685,0.124729,0.000754,0.042467,0.028275,0.004572,0.083564,0.087292,0.004769,0.107186,0.00421,0.000168,,3030300,,
0,6,,0.113293,0.04357,0.088488,0.107354,0.011939,0.001838,0.195509,0.067667,0.000682,0.021721,0.016132,0.016016,0.06031,0.146752,0.0002,0.106224,0.002238,0.000067,,3006300,,
0,15,,0.110985,0.063043,0.132892,0.034156,0.033581,0.010474,0.086519,0.070453,0.002816,0.030164,0.030644,0.001377,0.080246,0.10896,0.006973,0.175905,0.019376,0.001436,,3004200,,
0,6,,0.110425,0.035743,0.09259,0.078089,0.007478,0.004858,0.185391,0.050436,0.002255,0.015286,0.013675,0.010102,0.068821,0.18501,0.000672,0.135448,0.003343,0.000379,,3028100,,
0,6,,0.120662,0.040834,0.077007,0.116297,0.007773,0.003163,0.213096,0.040695,0.0026,0.017734,0.01298,0.024837,0.050491,0.152679,0.00189,0.107439,0.009023,0.0008,,3014100,,
0,15,,0.096701,0.067032,0.121276,0.049578,0.026267,0.009247,0.102968,0.072207,0.002411,0.032234,0.030434,0.007196,0.086278,0.115223,0.004471,0.164244,0.011502,0.000732,,3008100,,
0,6,,0.104447,0.018771,0.072313,0.19448,0.005833,0.00132,0.232081,0.026954,0.000381,0.008841,0.007447,0.071248,0.044077,0.131827,0.000328,0.074329,0.00385,0.001473,,3008500,,
0,6,,0.095469,0.050003,0.100314,0.059184,0.01066,0.001834,0.19204,0.067717,0.003101,0.020905,0.015264,0.006904,0.064786,0.167043,0.001351,0.133791,0.008833,0.0008,,3010300,,
0,6,,0.103201,0.047673,0.083733,0.125069,0.017373,0.006269,0.207784,0.054084,0.001003,0.017646,0.022717,0.023433,0.06214,0.127735,0.001416,0.091324,0.006831,0.000567,,3022700,,
0,6,,0.106016,0.037022,0.079006,0.120946,0.00909,0.001724,0.208661,0.043231,0.00321,0.015883,0.009801,0.020064,0.053495,0.160214,0.001502,0.119808,0.009576,0.00075,,3021400,,
0,13,,0.105612,0.042799,0.08304,0.068882,0.011167,0.004308,0.179356,0.05058,0.004801,0.014849,0.012849,0.006808,0.061322,0.206489,0.002784,0.125724,0.017031,0.001598,,3025700,,
0,6,,0.126137,0.030851,0.088097,0.115807,0.009126,0.001887,0.205804,0.039727,0.002877,0.011982,0.0085,0.011824,0.047559,0.15456,0.002923,0.124934,0.016081,0.001323,,3005600,,
0,6,,0.119094,0.038596,0.080735,0.094129,0.007185,0.006817,0.187142,0.048168,0.002405,0.018489,0.016693,0.016294,0.061138,0.180086,0.001391,0.117938,0.00332,0.000379,,3012500,,
0,15,,0.102925,0.06004,0.122607,0.034896,0.017036,0.003798,0.11333,0.066662,0.003973,0.027747,0.019399,0.00317,0.089373,0.135561,0.004287,0.176382,0.017386,0.001426,,3010100,,
0,6,,0.120523,0.045351,0.106418,0.090518,0.017329,0.007157,0.162883,0.05141,0.00078,0.024216,0.022183,0.01981,0.067959,0.13893,0.001482,0.119628,0.003224,0.0002,,3014700,,
0,15,,0.100425,0.067598,0.121913,0.028902,0.035633,0.015865,0.080548,0.075086,0.003227,0.036985,0.038772,0.002952,0.090245,0.11578,0.011937,0.157649,0.01568,0.000803,,3037400,,
0,13,,0.103727,0.040528,0.092214,0.061752,0.009754,0.00609,0.169371,0.047115,0.004568,0.018738,0.01277,0.007534,0.062857,0.200779,0.002795,0.147698,0.010663,0.001047,,3012000,,
0,13,,0.106731,0.040691,0.090707,0.071547,0.007911,0.004657,0.173947,0.048719,0.00458,0.018278,0.0113,0.007853,0.068046,0.19503,0.001781,0.136175,0.010758,0.001289,,3006600,,
0,6,,0.11653,0.041672,0.085446,0.116809,0.018215,0.00915,0.193246,0.045616,0.001966,0.021219,0.017657,0.027638,0.060942,0.133157,0.002164,0.105534,0.002839,0.0002,,3010600,,
0,15,,0.106527,0.066256,0.133417,0.027432,0.02651,0.010749,0.093203,0.07202,0.001507,0.034186,0.03377,0.004026,0.089813,0.110327,0.005468,0.173678,0.010259,0.000852,,3019500,,
0,13,,0.116608,0.035381,0.099198,0.076434,0.009363,0.005359,0.166275,0.056331,0.002489,0.018282,0.01798,0.010024,0.069967,0.178527,0.000715,0.132603,0.004077,0.000388,,3015100,,
0,13,,0.095184,0.0631,0.12241,0.026599,0.020653,0.009806,0.116426,0.078162,0.002486,0.029821,0.030196,0.002613,0.080813,0.167569,0.001835,0.147411,0.004404,0.000511,,2999600,,
0,15,,0.091642,0.06987,0.130568,0.021291,0.04191,0.016481,0.063762,0.084579,0.005869,0.051616,0.045078,0.002436,0.098259,0.092833,0.010505,0.150967,0.020503,0.001831,,3011900,,
0,6,,0.085627,0.044075,0.106874,0.057248,0.021215,0.007604,0.18694,0.055199,0.007044,0.025548,0.015904,0.004886,0.079817,0.140841,0.003273,0.133797,0.019767,0.004341,,3010400,,
0,15,,0.118967,0.064651,0.133001,0.037961,0.033962,0.010555,0.081127,0.072053,0.002676,0.030631,0.03082,0.002262,0.081347,0.103663,0.006933,0.169131,0.018823,0.001436,,3025200,,
0,6,,0.117594,0.035292,0.076924,0.123328,0.007349,0.001747,0.21709,0.040831,0.003179,0.015657,0.005784,0.023226,0.052241,0.158772,0.001449,0.109295,0.009396,0.000846,,3009500,,
0,13,,0.110799,0.054011,0.104834,0.048211,0.02031,0.011804,0.138905,0.05654,0.002903,0.025565,0.027233,0.009433,0.077436,0.170237,0.002615,0.134362,0.004322,0.000481,,3009300,,
0,13,,0.118842,0.054626,0.091438,0.059397,0.019161,0.009517,0.143117,0.051398,0.004598,0.026845,0.025247,0.004938,0.05961,0.185117,0.003894,0.134251,0.007454,0.00055,,3005900,,
0,15,,0.095627,0.068741,0.140174,0.02371,0.01904,0.003892,0.08764,0.087841,0.003928,0.033029,0.026116,0.000619,0.091257,0.131194,0.004317,0.16424,0.01718,0.001455,,3011100,,
0,7,,0.106268,0.122824,0.12246,0.026819,0.024034,0.008736,0.063893,0.153793,0.000329,0.056214,0.035688,0.004279,0.096371,0.078502,0.001634,0.095317,0.002679,0.00016,,3016300,,
0,6,,0.11746,0.048382,0.078895,0.105364,0.017756,0.006915,0.215644,0.043491,0.00212,0.028674,0.025096,0.009782,0.049392,0.137706,0.003982,0.103513,0.005589,0.000238,,3009200,,
0,15,,0.108771,0.067831,0.121425,0.042395,0.02658,0.008748,0.098726,0.069742,0.001494,0.035572,0.034245,0.006531,0.084698,0.117261,0.00425,0.159329,0.010865,0.001538,,3013300,,
0,6,,0.121761,0.047067,0.087292,0.103441,0.007936,0.00189,0.205701,0.045651,0.002831,0.019189,0.010067,0.017203,0.059254,0.145454,0.001234,0.113155,0.010041,0.000832,,3009200,,
0,2,,0.102222,0.105243,0.137265,0.033802,0.018784,0.008253,0.089587,0.12853,0.000386,0.038626,0.028649,0.005079,0.101867,0.094607,0.001841,0.102463,0.002426,0.000371,,3004100,,
0,6,,0.097149,0.041778,0.095589,0.100635,0.020026,0.008181,0.182893,0.05073,0.0052,0.030582,0.016585,0.012888,0.074887,0.132901,0.00415,0.110287,0.014035,0.001506,,3028500,,
0,7,,0.101587,0.12226,0.111918,0.047458,0.023788,0.011342,0.107242,0.12478,0.000746,0.041728,0.029163,0.009099,0.08118,0.090535,0.00406,0.089121,0.003826,0.000168,,3037200,,
0,6,,0.107443,0.022946,0.068854,0.189064,0.006166,0.00278,0.206733,0.027075,0.001059,0.014012,0.007054,0.073982,0.041742,0.137534,0.000462,0.090997,0.002025,0.000071,,3013800,,
0,15,,0.114753,0.069159,0.132583,0.033355,0.026413,0.009411,0.077297,0.07748,0.002083,0.036522,0.031848,0.006535,0.097114,0.105728,0.004524,0.163106,0.011304,0.000785,,3005700,,
0,15,,0.091642,0.06987,0.130568,0.021291,0.04191,0.016481,0.063762,0.084579,0.005869,0.051616,0.045078,0.002436,0.098259,0.092833,0.010505,0.150967,0.020503,0.001831,,3009400,,
0,13,,0.11651,0.042977,0.084299,0.055593,0.008413,0.004537,0.174023,0.04536,0.005679,0.024393,0.017236,0.001414,0.055253,0.21218,0.004548,0.130233,0.015743,0.001613,,3027700,,
0,6,,0.091976,0.054961,0.106543,0.058241,0.019262,0.008269,0.171118,0.067351,0.000479,0.027444,0.029939,0.01059,0.067086,0.147546,0.002184,0.134025,0.002787,0.000199,,3015800,,
0,13,,0.098406,0.066451,0.119194,0.030649,0.021447,0.00983,0.112899,0.07803,0.002066,0.036171,0.033439,0.00087,0.076967,0.165492,0.001775,0.140723,0.004748,0.000842,,3005100,,
0,15,,0.10398,0.084033,0.138091,0.027009,0.030603,0.009159,0.068113,0.094482,0.001843,0.04448,0.039884,0.003414,0.092631,0.097451,0.004368,0.147782,0.011824,0.000853,,3016800,,
0,13,,0.095468,0.056526,0.11333,0.033556,0.009566,0.006214,0.131906,0.071614,0.004824,0.026563,0.018486,0.002944,0.071137,0.191866,0.002272,0.152188,0.010457,0.001085,,3007500,,
0,6,,0.105773,0.023654,0.065735,0.181066,0.00489,0.00119,0.242599,0.043057,0.000772,0.006699,0.008736,0.036861,0.05736,0.138385,0.000324,0.077522,0.004986,0.000392,,3027900,,
0,6,,0.114406,0.024782,0.074555,0.143546,0.006158,0.001963,0.22739,0.035905,0.000765,0.009152,0.012243,0.024703,0.046885,0.167802,0.000272,0.106787,0.002603,0.000084,,3026800,,
0,6,,0.110112,0.019969,0.07114,0.148164,0.005664,0.003702,0.241838,0.036818,0.001176,0.014686,0.00771,0.025446,0.04647,0.162797,0.000961,0.101125,0.002138,0.000085,,3005600,,
0,15,,0.099828,0.068063,0.121317,0.050274,0.026362,0.009328,0.101941,0.072742,0.002528,0.032432,0.03061,0.007549,0.084731,0.115456,0.00443,0.160241,0.011435,0.000732,,3005200,,
0,15,,0.104769,0.080797,0.136184,0.026819,0.030816,0.009192,0.065331,0.094903,0.001614,0.045625,0.040075,0.004279,0.091001,0.100472,0.00441,0.151153,0.011706,0.000853,,3008500,,
0,15,,0.107395,0.061814,0.116222,0.051868,0.026293,0.011394,0.102053,0.068486,0.002647,0.032237,0.02996,0.010751,0.08881,0.11398,0.005839,0.159234,0.010233,0.000785,,3028500,,
0,13,,0.113394,0.055296,0.116174,0.035043,0.019642,0.012003,0.124251,0.060603,0.002903,0.027731,0.027408,0.00517,0.084128,0.165843,0.002615,0.142995,0.004322,0.000481,,3014900,,
0,6,,0.114036,0.02663,0.07921,0.146997,0.00454,0.003313,0.216546,0.031213,0.0009,0.014988,0.007891,0.064398,0.049696,0.143532,0.000712,0.09322,0.002077,0.000098,,3010500,,
0,6,,0.106613,0.030538,0.07957,0.1133,0.014814,0.007864,0.220468,0.040426,0.000987,0.015748,0.012676,0.013167,0.05784,0.167602,0.005887,0.108147,0.00424,0.000113,,3005800,,
0,13,,0.113262,0.044963,0.108073,0.046716,0.009164,0.006506,0.144488,0.051589,0.004101,0.02111,0.016467,0.005466,0.076041,0.18888,0.002654,0.149114,0.010357,0.001048,,3007400,,
0,15,,0.086309,0.067904,0.136165,0.013806,0.041772,0.014644,0.073311,0.089207,0.005834,0.045645,0.041989,0,0.103479,0.092401,0.007821,0.156519,0.01979,0.003405,,3033200,,
0,6,,0.117124,0.027916,0.081536,0.159731,0.008365,0.001704,0.196384,0.026885,0.000939,0.011264,0.013191,0.065575,0.048381,0.14638,0.000334,0.091711,0.002528,0.000053,,3051800,,
0,6,,0.111466,0.042329,0.083325,0.1067,0.017265,0.007205,0.213219,0.041366,0.001456,0.016894,0.018666,0.014187,0.056544,0.154118,0.001567,0.105933,0.007121,0.000639,,3027200,,
0,6,,0.10012,0.043604,0.08452,0.124495,0.017603,0.007037,0.204231,0.042951,0.000903,0.016159,0.020275,0.018241,0.052345,0.140572,0.00146,0.11765,0.007266,0.000567,,3007600,,
0,13,,0.096246,0.043877,0.104469,0.068048,0.008063,0.006214,0.155501,0.068414,0.002472,0.022005,0.017858,0.008708,0.068416,0.186495,0.001205,0.138187,0.003443,0.000379,,3004900,,
0,6,,0.105362,0.035723,0.071659,0.143946,0.006663,0.00119,0.222409,0.046743,0.003295,0.011003,0.008999,0.028552,0.05766,0.150618,0.001502,0.091421,0.012153,0.001103,,3036600,,
0,15,,0.108847,0.068861,0.129652,0.029111,0.026285,0.009214,0.090869,0.074293,0.001836,0.033911,0.030981,0.003932,0.09237,0.11109,0.004385,0.172121,0.01139,0.000852,,3009600,,
0,7,,0.093044,0.112902,0.133626,0.019424,0.020509,0.008149,0.075944,0.155883,0.000343,0.047496,0.033654,0.000619,0.102579,0.088406,0.001647,0.103289,0.001976,0.000511,,3044100,,
