chess-krvk,LADTree,test,3,NANOSECONDS,PREDICTIONS, Generated by ClassifierExperiments.java on 2022-05-16 13:32:34.    SYSTEMPROPERTIES:{user.name:matth,os.arch:amd64,os.name:Windows 10},ENDSYSTEMPROPERTIES
No parameter info
0.24804270462633451,654486000,16953169800,-1,113598096,18,,-1,-1
0,15,,0.102202,0.069756,0.113143,0.064089,0.026279,0.007943,0.106446,0.073269,0.002672,0.028698,0.028563,0.009925,0.081313,0.108163,0.004636,0.150182,0.021291,0.001429,,3359600,,
0,15,,0.1127,0.074126,0.138095,0.020676,0.029158,0.007633,0.073532,0.086619,0.002249,0.040478,0.036302,0.001693,0.097323,0.09415,0.004302,0.167372,0.012963,0.00063,,3090500,,
0,13,,0.088488,0.049156,0.110956,0.024908,0.022526,0.014253,0.112118,0.060398,0.01159,0.040123,0.024368,0.000578,0.092085,0.172889,0.00644,0.144954,0.021523,0.002647,,3109200,,
0,6,,0.118201,0.024488,0.074256,0.151041,0.005364,0.001248,0.22218,0.027542,0.000158,0.007366,0.010083,0.062248,0.047104,0.159279,0.000134,0.087307,0.001753,0.000249,,3090900,,
0,13,,0.108577,0.033598,0.078972,0.099752,0.02068,0.009161,0.183849,0.037691,0.002651,0.015581,0.013131,0.020318,0.050513,0.184578,0.006981,0.123167,0.010019,0.000781,,3085300,,
0,6,,0.112535,0.035777,0.071281,0.145145,0.012795,0.005036,0.197738,0.041135,0.000861,0.015147,0.014904,0.033783,0.048956,0.155182,0.001125,0.105865,0.002445,0.000291,,3058500,,
0,6,,0.110657,0.038576,0.071236,0.111496,0.013936,0.005312,0.2444,0.036058,0.00087,0.011589,0.015448,0.0144,0.049107,0.165804,0.001152,0.100339,0.008752,0.000866,,2954900,,
0,7,,0.096063,0.143272,0.134793,0.019131,0.022075,0.006107,0.050402,0.169705,0.000233,0.056701,0.035696,0.001824,0.1124,0.064157,0.001632,0.08434,0.001372,0.000098,,2948000,,
0,13,,0.101211,0.068857,0.120341,0.019199,0.020736,0.009347,0.093734,0.084283,0.002908,0.035778,0.033538,0.000103,0.086173,0.166096,0.001934,0.150746,0.004314,0.000702,,2981100,,
0,15,,0.113328,0.064741,0.113929,0.049152,0.019972,0.003915,0.101841,0.072879,0.003677,0.028887,0.023447,0.010508,0.083411,0.128734,0.004245,0.158431,0.017768,0.001134,,2972000,,
0,6,,0.105437,0.028024,0.052219,0.171312,0.006215,0.004981,0.269653,0.037553,0.001719,0.010802,0.007353,0.036451,0.050933,0.138994,0.000218,0.072646,0.004928,0.000562,,2985400,,
0,13,,0.103326,0.044254,0.101919,0.035967,0.008372,0.005441,0.156404,0.050837,0.004536,0.019408,0.016534,0.002322,0.075637,0.202523,0.001567,0.161196,0.008889,0.000865,,2966800,,
0,13,,0.1079,0.041158,0.099497,0.05271,0.010987,0.006968,0.151198,0.044199,0.003997,0.018533,0.019559,0.009124,0.064574,0.211685,0.001832,0.146553,0.008638,0.000888,,2968500,,
0,7,,0.106093,0.129795,0.122394,0.041252,0.016426,0.006235,0.08154,0.141546,0.000398,0.044726,0.02703,0.011676,0.09801,0.080768,0.001745,0.088778,0.001505,0.000082,,2989000,,
0,13,,0.128538,0.039202,0.100216,0.036001,0.013808,0.005772,0.148322,0.046472,0.004636,0.016503,0.01208,0.000252,0.062677,0.204244,0.002939,0.158246,0.018659,0.001433,,2972300,,
0,6,,0.111177,0.022175,0.052713,0.196694,0.003731,0.000756,0.235779,0.032184,0.000633,0.004636,0.006126,0.046126,0.045002,0.15272,0.000162,0.082683,0.006137,0.000566,,2992000,,
0,6,,0.103624,0.044108,0.065808,0.128595,0.015345,0.009098,0.24243,0.045048,0.001842,0.017194,0.017156,0.027877,0.052449,0.135448,0.001215,0.084642,0.007297,0.000823,,2961200,,
0,13,,0.113984,0.034625,0.096366,0.068881,0.00728,0.005402,0.175051,0.04942,0.002786,0.015841,0.015789,0.008141,0.068715,0.184779,0.000916,0.14778,0.003681,0.000562,,2969300,,
0,6,,0.115127,0.02173,0.059128,0.174166,0.004458,0.001155,0.254389,0.018908,0.001089,0.004469,0.004056,0.058596,0.039386,0.159165,0.000134,0.077242,0.006196,0.000606,,2985900,,
0,6,,0.112938,0.030933,0.074083,0.166969,0.005101,0.001226,0.241273,0.030125,0.003222,0.007614,0.006278,0.025321,0.046215,0.139922,0.000748,0.095307,0.011568,0.001159,,2971400,,
0,6,,0.115244,0.028868,0.07379,0.164288,0.007548,0.005216,0.214188,0.028521,0.001223,0.015438,0.011965,0.073356,0.046192,0.132875,0.000559,0.079,0.001525,0.000206,,3006200,,
0,15,,0.085987,0.07848,0.154696,0.012686,0.029274,0.007738,0.056089,0.098861,0.001714,0.040628,0.039586,0.000841,0.101389,0.098938,0.004689,0.174317,0.013403,0.000683,,2973700,,
0,6,,0.109269,0.02322,0.074807,0.175093,0.006182,0.004611,0.21632,0.020999,0.000045,0.01363,0.013423,0.077089,0.038281,0.136186,0.001053,0.089316,0.000441,0.000035,,2966200,,
0,15,,0.107458,0.050486,0.130066,0.042747,0.01931,0.003909,0.10481,0.062002,0.003193,0.025092,0.021105,0.000252,0.07924,0.131687,0.00556,0.184931,0.023829,0.004324,,2963400,,
0,13,,0.103514,0.055101,0.111635,0.023809,0.032773,0.017382,0.114778,0.063186,0.003937,0.026827,0.030468,0.000225,0.078103,0.189201,0.006082,0.134602,0.007826,0.000552,,2983300,,
0,6,,0.119645,0.036416,0.076573,0.097159,0.006591,0.00114,0.231207,0.03954,0.001991,0.010724,0.011283,0.016098,0.054778,0.179763,0.000795,0.10811,0.007346,0.000843,,2997800,,
0,6,,0.099767,0.048433,0.113785,0.051157,0.030032,0.010042,0.162516,0.06078,0.009221,0.036405,0.021019,0.00362,0.078955,0.123685,0.006393,0.118902,0.022242,0.003046,,2972400,,
0,15,,0.092098,0.079165,0.153405,0.01393,0.028403,0.00712,0.053177,0.101694,0.001296,0.044645,0.04295,0.000103,0.100126,0.093978,0.004073,0.170586,0.01137,0.001881,,2966900,,
0,13,,0.115207,0.050339,0.114081,0.03564,0.015682,0.009096,0.12974,0.059522,0.00307,0.025216,0.02638,0.004728,0.081005,0.171834,0.001864,0.151212,0.004739,0.000644,,2965700,,
0,6,,0.109806,0.038258,0.081789,0.159786,0.013399,0.005361,0.221078,0.037634,0.000731,0.011484,0.016825,0.026589,0.050582,0.12167,0.001081,0.094659,0.008442,0.000826,,2987600,,
0,6,,0.134045,0.026321,0.074714,0.132823,0.009544,0.000897,0.195057,0.031537,0.00255,0.008284,0.005364,0.027253,0.039598,0.168428,0.00203,0.123837,0.016597,0.001121,,2973500,,
0,13,,0.113483,0.047396,0.102018,0.031993,0.008765,0.005667,0.139958,0.056782,0.004528,0.020969,0.016675,0.001675,0.079667,0.189833,0.001633,0.169091,0.008777,0.001092,,2975400,,
0,13,,0.10353,0.043755,0.103655,0.039783,0.023427,0.013326,0.136855,0.05329,0.005066,0.019638,0.020385,0.002888,0.074582,0.193255,0.006228,0.147268,0.01202,0.00105,,2967200,,
0,6,,0.089538,0.035928,0.092074,0.081226,0.02664,0.011993,0.22407,0.040484,0.000892,0.019119,0.022006,0.002055,0.055615,0.166266,0.004968,0.121445,0.00535,0.000331,,2968400,,
0,13,,0.097071,0.062375,0.127491,0.019078,0.021326,0.00943,0.09811,0.086548,0.003365,0.032402,0.036153,0.000194,0.081705,0.176352,0.001771,0.141444,0.004617,0.000568,,2970100,,
0,13,,0.114939,0.053832,0.113616,0.026022,0.01586,0.009439,0.121228,0.064861,0.002954,0.026649,0.026623,0.001473,0.087263,0.168997,0.001933,0.159223,0.004403,0.000686,,3008300,,
0,15,,0.100414,0.05892,0.130075,0.044817,0.016862,0.003619,0.102144,0.067622,0.003243,0.027549,0.025135,0.005906,0.089528,0.129841,0.003833,0.172701,0.015537,0.002255,,2975900,,
0,6,,0.102871,0.022263,0.074846,0.183999,0.003716,0.001001,0.234172,0.024181,0.000045,0.008763,0.009651,0.067584,0.042001,0.140213,0.000063,0.083363,0.001132,0.000138,,2966900,,
0,15,,0.113505,0.070942,0.133865,0.02431,0.025892,0.007689,0.074078,0.086726,0.002317,0.035385,0.032489,0.004728,0.099835,0.103339,0.004469,0.166202,0.0136,0.00063,,2988200,,
0,6,,0.100121,0.040317,0.097533,0.092626,0.012202,0.004828,0.229769,0.047522,0.000153,0.019353,0.021623,0.006018,0.058994,0.144176,0.001092,0.121463,0.00197,0.000236,,2972600,,
0,6,,0.11158,0.046026,0.089428,0.097263,0.01707,0.009537,0.204179,0.046274,0.001346,0.023249,0.02428,0.025769,0.058859,0.139549,0.001621,0.101317,0.002364,0.000288,,2971700,,
0,13,,0.12491,0.048026,0.112968,0.026579,0.023246,0.00947,0.120156,0.05322,0.004241,0.023173,0.022561,0.000491,0.06819,0.201147,0.002963,0.148386,0.00969,0.000583,,2970600,,
0,13,,0.103433,0.059301,0.115818,0.034733,0.0121,0.005433,0.119366,0.077198,0.004547,0.029179,0.02213,0.001609,0.071576,0.181774,0.001563,0.150462,0.008705,0.001072,,2982200,,
0,6,,0.109144,0.038424,0.094411,0.06034,0.025861,0.008973,0.215676,0.043789,0.002537,0.01743,0.01562,0.003239,0.059036,0.168736,0.005421,0.119969,0.009949,0.001446,,2989200,,
0,7,,0.113575,0.121212,0.134976,0.033922,0.019398,0.006506,0.085742,0.138452,0.000355,0.041327,0.022139,0.000252,0.091524,0.088358,0.002822,0.094374,0.003264,0.001802,,2975200,,
0,6,,0.124908,0.039249,0.067799,0.143834,0.018537,0.004868,0.202193,0.035302,0.000901,0.011943,0.014708,0.031879,0.040608,0.150284,0.001499,0.102375,0.008788,0.000323,,3014800,,
0,13,,0.128115,0.044885,0.108626,0.047017,0.021813,0.009286,0.12697,0.049285,0.003681,0.019491,0.020478,0.006394,0.064158,0.181373,0.003056,0.154511,0.010184,0.000676,,2966200,,
0,6,,0.094255,0.030832,0.111713,0.111099,0.021669,0.009515,0.173782,0.053429,0.006291,0.025443,0.014169,0.017525,0.081853,0.10744,0.003295,0.117147,0.016414,0.004127,,2972000,,
0,6,,0.11891,0.024482,0.072337,0.149206,0.005387,0.00114,0.219283,0.027637,0.000158,0.007209,0.00985,0.067151,0.047016,0.161416,0.000133,0.086656,0.001781,0.000249,,2977900,,
0,13,,0.10831,0.032921,0.083167,0.099764,0.021597,0.008654,0.178282,0.04461,0.002499,0.014057,0.013192,0.022191,0.056927,0.178816,0.005652,0.118062,0.01052,0.000781,,2965500,,
0,15,,0.104993,0.070166,0.133682,0.039086,0.026948,0.007937,0.082337,0.08028,0.002344,0.032145,0.033147,0.008435,0.090534,0.111227,0.004601,0.158099,0.01337,0.000668,,2969200,,
0,6,,0.099052,0.044021,0.099637,0.047737,0.024445,0.010403,0.16767,0.053925,0.008391,0.036425,0.01574,0.002435,0.078569,0.151461,0.004995,0.129432,0.022446,0.003215,,2984600,,
0,6,,0.118933,0.025751,0.070397,0.128746,0.005387,0.00114,0.244954,0.035986,0.000158,0.00733,0.010913,0.024251,0.053171,0.170163,0.000133,0.100556,0.001781,0.000249,,2972900,,
0,6,,0.102978,0.056244,0.107888,0.103045,0.009038,0.001001,0.16352,0.069735,0.001987,0.022443,0.017383,0.014877,0.06457,0.132374,0.000724,0.124099,0.007292,0.000802,,2977600,,
0,6,,0.136379,0.038876,0.065169,0.140202,0.016387,0.004693,0.202666,0.031325,0.002416,0.01522,0.015035,0.028248,0.036578,0.150752,0.002272,0.105668,0.007774,0.000339,,2965900,,
0,6,,0.099025,0.033927,0.064052,0.146389,0.005163,0.000793,0.249049,0.036415,0.002229,0.01082,0.007361,0.021524,0.049915,0.153543,0.00077,0.111124,0.00712,0.000781,,2987400,,
0,13,,0.097194,0.050388,0.105764,0.029818,0.027908,0.020547,0.123451,0.053462,0.003483,0.02941,0.029693,0.000791,0.070844,0.194018,0.009134,0.145019,0.00851,0.000568,,2981500,,
0,6,,0.116289,0.036958,0.094096,0.112988,0.005303,0.000796,0.211652,0.044552,0.001956,0.013039,0.01146,0.018031,0.062851,0.137426,0.000709,0.123854,0.00726,0.00078,,2969400,,
0,15,,0.104988,0.056721,0.120494,0.047912,0.022734,0.006915,0.102634,0.065232,0.003048,0.026536,0.025904,0.009985,0.085866,0.127035,0.006196,0.17175,0.015015,0.001035,,2973700,,
0,6,,0.120646,0.023867,0.076753,0.166732,0.004056,0.000758,0.190875,0.032156,0.00014,0.009714,0.009016,0.066992,0.046427,0.149095,0.000047,0.100939,0.001577,0.000209,,2982000,,
0,13,,0.118739,0.037156,0.097259,0.051009,0.011961,0.005552,0.15986,0.043157,0.004648,0.014515,0.012544,0.000759,0.06082,0.209776,0.002873,0.149672,0.018495,0.001206,,2973700,,
0,6,,0.123537,0.024468,0.07913,0.164953,0.004325,0.000666,0.180359,0.034193,0.000271,0.010839,0.009371,0.067522,0.046505,0.151923,0.000062,0.099804,0.001862,0.000209,,2976100,,
0,6,,0.095338,0.033083,0.0581,0.159734,0.005013,0.000785,0.270345,0.032729,0.002934,0.007283,0.007366,0.022325,0.047118,0.14713,0.000885,0.097386,0.011308,0.001138,,2967100,,
0,6,,0.103126,0.020994,0.06322,0.187105,0.00747,0.004754,0.254148,0.012886,0.000077,0.012601,0.008209,0.072002,0.026781,0.134693,0.003642,0.084964,0.003261,0.000067,,2973400,,
0,6,,0.100648,0.019471,0.059706,0.184618,0.002645,0.00057,0.272019,0.03103,0.000426,0.00936,0.004975,0.025112,0.04287,0.152085,0.000062,0.093104,0.001161,0.000138,,2978400,,
0,6,,0.106351,0.032403,0.093377,0.100762,0.020508,0.008764,0.206322,0.038539,0.002795,0.014427,0.013033,0.012283,0.05925,0.157223,0.005041,0.117474,0.009896,0.001554,,3001400,,
0,13,,0.128115,0.044885,0.108626,0.047017,0.021813,0.009286,0.12697,0.049285,0.003681,0.019491,0.020478,0.006394,0.064158,0.181373,0.003056,0.154511,0.010184,0.000676,,2979300,,
0,6,,0.100862,0.041632,0.089758,0.083143,0.007574,0.000951,0.2015,0.065085,0.000143,0.015152,0.015131,0.008303,0.065055,0.181045,0.000118,0.122563,0.001735,0.000249,,2968100,,
0,13,,0.106275,0.051135,0.106955,0.047766,0.016251,0.009711,0.141614,0.057669,0.002921,0.022073,0.026703,0.00755,0.076043,0.181135,0.001885,0.139071,0.004594,0.000648,,2970000,,
0,6,,0.120732,0.038246,0.086697,0.102308,0.009838,0.001206,0.218545,0.046349,0.002205,0.014893,0.016089,0.018242,0.05812,0.152473,0.001209,0.104823,0.007249,0.000776,,2968000,,
0,6,,0.117814,0.04544,0.102782,0.112089,0.013503,0.004867,0.194115,0.048728,0.000278,0.019277,0.022737,0.018916,0.064527,0.117365,0.001108,0.113609,0.002537,0.000307,,3000700,,
0,6,,0.109364,0.038259,0.066302,0.153977,0.01286,0.004873,0.208555,0.039679,0.000757,0.011028,0.015929,0.037553,0.046518,0.149174,0.001159,0.094679,0.008507,0.000826,,2973400,,
0,6,,0.109637,0.03252,0.083107,0.058575,0.022151,0.008774,0.220689,0.03889,0.00279,0.014106,0.01273,0.002055,0.05658,0.196478,0.005095,0.12431,0.010256,0.001258,,3002700,,
0,13,,0.10158,0.064504,0.116487,0.025327,0.012328,0.00567,0.107522,0.077322,0.004548,0.029678,0.022256,0.000103,0.079989,0.182065,0.001633,0.159263,0.008611,0.001114,,2976800,,
0,15,,0.082941,0.067233,0.147995,0.006628,0.040932,0.014697,0.04915,0.088997,0.007549,0.047372,0.038494,0,0.116723,0.084597,0.008328,0.170042,0.024834,0.00349,,2993000,,
0,15,,0.11096,0.0607,0.121635,0.049533,0.025855,0.007411,0.108474,0.061777,0.003143,0.030384,0.030159,0.001502,0.075587,0.116755,0.005609,0.171303,0.015549,0.003663,,3000700,,
0,13,,0.107439,0.046426,0.09572,0.069526,0.0157,0.009829,0.16037,0.045851,0.003951,0.017851,0.021046,0.009019,0.062196,0.18195,0.001881,0.139648,0.010418,0.001179,,2975000,,
0,15,,0.0972,0.065721,0.120096,0.054325,0.024973,0.00774,0.101572,0.072138,0.002198,0.032069,0.029271,0.007747,0.089477,0.113019,0.004676,0.164076,0.013072,0.00063,,2986000,,
0,15,,0.094008,0.059469,0.128895,0.023658,0.030413,0.010953,0.088871,0.072074,0.003595,0.03078,0.030399,0.000111,0.095225,0.125408,0.008228,0.175694,0.020023,0.002194,,2986500,,
0,6,,0.121906,0.032748,0.081705,0.112815,0.006572,0.004678,0.235013,0.044489,0.001108,0.017908,0.012809,0.024538,0.058206,0.138907,0.000339,0.1044,0.001653,0.000206,,3008000,,
0,15,,0.091166,0.077718,0.149651,0.014624,0.031472,0.010579,0.054207,0.098572,0.001581,0.046446,0.039085,0.001416,0.094241,0.099793,0.005679,0.17175,0.011336,0.000683,,2969000,,
0,6,,0.119086,0.026784,0.075274,0.175867,0.00732,0.000662,0.216273,0.030205,0.000613,0.011693,0.008129,0.065112,0.047183,0.133526,0.000571,0.079736,0.001763,0.000205,,2997700,,
0,2,,0.09851,0.086953,0.152819,0.012113,0.031848,0.007546,0.049641,0.106079,0.001724,0.046187,0.042282,0.000103,0.105624,0.089884,0.004616,0.149684,0.013623,0.000765,,3003400,,
0,6,,0.094255,0.030832,0.111713,0.111099,0.021669,0.009515,0.173782,0.053429,0.006291,0.025443,0.014169,0.017525,0.081853,0.10744,0.003295,0.117147,0.016414,0.004127,,2997300,,
0,6,,0.079268,0.041113,0.107546,0.068009,0.022587,0.009383,0.178727,0.050776,0.008038,0.027774,0.015261,0.006729,0.083203,0.132381,0.003904,0.139494,0.021276,0.004533,,2992900,,
0,15,,0.125523,0.065687,0.129798,0.036337,0.033917,0.008122,0.069978,0.074077,0.002979,0.030105,0.026956,0.006394,0.081945,0.108191,0.00622,0.171425,0.021481,0.000864,,3007400,,
0,6,,0.096391,0.036183,0.112622,0.072557,0.02941,0.009218,0.184185,0.06064,0.006848,0.02694,0.01825,0.008481,0.079563,0.120538,0.004072,0.113847,0.016383,0.003871,,2986600,,
0,15,,0.110851,0.071766,0.137548,0.033924,0.027746,0.007565,0.086164,0.078341,0.001724,0.035239,0.034611,0.006554,0.092544,0.106393,0.004616,0.150028,0.013623,0.000765,,3009000,,
0,13,,0.104654,0.029046,0.080895,0.100949,0.006386,0.004915,0.191169,0.041451,0.002498,0.014696,0.012224,0.014432,0.063667,0.198635,0.00073,0.129382,0.003793,0.00048,,3017800,,
0,6,,0.08322,0.050534,0.108661,0.068217,0.029487,0.013947,0.159597,0.054236,0.006795,0.038828,0.026867,0.007898,0.082569,0.113143,0.006128,0.129774,0.017656,0.00244,,2996700,,
0,6,,0.119212,0.026562,0.076557,0.178649,0.00467,0.001146,0.227729,0.035871,0.000154,0.008058,0.011087,0.036623,0.055809,0.125396,0.000063,0.090508,0.001698,0.000209,,3002000,,
0,6,,0.120233,0.021204,0.05916,0.150376,0.004184,0.000681,0.258564,0.033511,0.000539,0.00795,0.004735,0.025112,0.050204,0.167162,0.000133,0.094221,0.001781,0.000249,,2986600,,
0,6,,0.114248,0.026325,0.059532,0.157802,0.005312,0.004667,0.253249,0.038008,0.001439,0.016013,0.007031,0.033012,0.048332,0.148003,0.000559,0.084736,0.001525,0.000206,,2998800,,
0,6,,0.120526,0.042442,0.088197,0.085282,0.007992,0.004707,0.214457,0.045968,0.002938,0.021344,0.013316,0.017689,0.064302,0.144075,0.000977,0.117708,0.007302,0.000777,,2981000,,
0,6,,0.11057,0.03877,0.069359,0.114149,0.013577,0.005057,0.246455,0.037589,0.00087,0.011369,0.015605,0.015784,0.050946,0.162793,0.001115,0.096474,0.008652,0.000866,,2998400,,
0,6,,0.103279,0.060359,0.097046,0.070252,0.012184,0.004759,0.176834,0.070993,0.002957,0.030499,0.017612,0.01355,0.063024,0.147179,0.001122,0.12031,0.007242,0.0008,,3003900,,
0,15,,0.114372,0.064555,0.126102,0.031165,0.019004,0.003908,0.088575,0.079971,0.003906,0.030457,0.022815,0.004728,0.095585,0.118113,0.004146,0.173611,0.017951,0.001035,,2989700,,
0,13,,0.106112,0.033703,0.089575,0.084462,0.007356,0.00502,0.182837,0.044033,0.002119,0.01485,0.016662,0.012324,0.066045,0.199347,0.00073,0.130641,0.003704,0.00048,,3000300,,
0,13,,0.111374,0.046432,0.100795,0.04547,0.009532,0.005886,0.144654,0.051379,0.004662,0.018912,0.017653,0.005906,0.070794,0.197641,0.001656,0.1575,0.008641,0.001114,,3073500,,
0,6,,0.111503,0.032946,0.091021,0.092754,0.025003,0.009121,0.217784,0.046457,0.000718,0.0151,0.015965,0.011073,0.061688,0.156748,0.005192,0.101733,0.004991,0.000205,,2992200,,
0,6,,0.134078,0.027932,0.079171,0.086446,0.010737,0.000963,0.240294,0.03213,0.002046,0.008399,0.004901,0.004949,0.044343,0.183908,0.0021,0.119094,0.017347,0.001162,,2993200,,
0,13,,0.111047,0.048289,0.11424,0.032316,0.016828,0.010361,0.132412,0.054125,0.002244,0.025525,0.027478,0.00275,0.075352,0.190118,0.00211,0.149907,0.004422,0.000476,,2988300,,
0,15,,0.097643,0.081983,0.143885,0.014708,0.033226,0.010212,0.052146,0.099378,0.001697,0.050687,0.042029,0.001353,0.093001,0.095586,0.005688,0.164637,0.011418,0.000722,,2986500,,
0,6,,0.131838,0.02329,0.089886,0.145305,0.011542,0.00087,0.212981,0.024736,0.000796,0.010699,0.006862,0.050224,0.043604,0.14049,0.001522,0.098343,0.006776,0.000236,,3001400,,
0,15,,0.112709,0.072693,0.144781,0.018762,0.026358,0.007758,0.075204,0.087782,0.001887,0.036667,0.034179,0.001473,0.107418,0.093024,0.004539,0.160584,0.013509,0.000672,,3010700,,
0,6,,0.104888,0.02108,0.056858,0.174525,0.005266,0.004237,0.266533,0.022986,0.000833,0.012059,0.009857,0.036452,0.037851,0.150892,0.001053,0.090492,0.003745,0.000392,,3015000,,
0,13,,0.105049,0.046823,0.10201,0.029464,0.023844,0.013894,0.128647,0.055789,0.005169,0.021986,0.020413,0.000111,0.076192,0.195176,0.006162,0.156293,0.011885,0.001092,,2995200,,
0,13,,0.101334,0.066724,0.116308,0.028862,0.020216,0.009313,0.108446,0.08606,0.002918,0.034761,0.033015,0.001824,0.083443,0.164574,0.001868,0.135138,0.004529,0.000665,,2984000,,
0,7,,0.111667,0.140673,0.128484,0.018762,0.01623,0.006384,0.073836,0.143373,0.000285,0.046355,0.027342,0.001473,0.118685,0.071282,0.001816,0.091965,0.001263,0.000125,,2987800,,
0,13,,0.109107,0.050847,0.100893,0.053488,0.016316,0.009424,0.138619,0.057566,0.003944,0.023597,0.023255,0.006649,0.073111,0.191647,0.001788,0.134736,0.004462,0.000552,,3002200,,
0,7,,0.111734,0.126448,0.135341,0.02185,0.016489,0.007258,0.073865,0.148891,0.000383,0.053699,0.029666,0.003626,0.100459,0.070622,0.001851,0.096592,0.001143,0.000082,,2990700,,
0,6,,0.136249,0.029879,0.056103,0.149734,0.00702,0.00055,0.220791,0.026258,0.003839,0.010471,0.006015,0.028248,0.033694,0.167312,0.001697,0.105195,0.015823,0.001121,,2990000,,
0,6,,0.111681,0.037821,0.087252,0.094994,0.006747,0.003964,0.223639,0.038094,0.001878,0.020113,0.013814,0.019112,0.052362,0.150893,0.001714,0.12926,0.006034,0.000629,,2988500,,
0,13,,0.112257,0.033142,0.077663,0.099302,0.007938,0.007183,0.182871,0.044955,0.003353,0.018806,0.012484,0.017342,0.06464,0.190972,0.001296,0.121594,0.003732,0.000469,,2997300,,
0,13,,0.10353,0.043755,0.103655,0.039783,0.023427,0.013326,0.136855,0.05329,0.005066,0.019638,0.020385,0.002888,0.074582,0.193255,0.006228,0.147268,0.01202,0.00105,,3004900,,
0,15,,0.096102,0.065156,0.131033,0.017186,0.039867,0.019227,0.078208,0.070889,0.002558,0.038615,0.037166,0.000111,0.089445,0.112154,0.01043,0.175178,0.015711,0.000963,,3015100,,
0,13,,0.096609,0.043816,0.101095,0.034576,0.023241,0.013496,0.142385,0.053165,0.005195,0.020775,0.02029,0.000928,0.077304,0.200344,0.006388,0.147576,0.011951,0.000865,,2991500,,
0,13,,0.115676,0.035749,0.090277,0.079354,0.009857,0.005666,0.164951,0.051789,0.003461,0.018131,0.019941,0.013853,0.067855,0.192836,0.000822,0.125638,0.003673,0.000469,,2984500,,
0,15,,0.108437,0.072594,0.12585,0.044165,0.027394,0.007603,0.086432,0.073447,0.001883,0.035396,0.03318,0.009837,0.088078,0.11014,0.004551,0.156837,0.013451,0.000722,,2995500,,
0,13,,0.092411,0.044053,0.118819,0.024486,0.023393,0.013657,0.118755,0.063463,0.011083,0.031319,0.021521,0,0.087584,0.168039,0.004679,0.150592,0.021088,0.005059,,2984100,,
0,13,,0.097238,0.06522,0.123989,0.018783,0.019571,0.00949,0.09475,0.082608,0.002909,0.032174,0.031798,0.000194,0.086848,0.169947,0.001934,0.157421,0.004425,0.000702,,4116000,,
0,7,,0.100066,0.131754,0.146861,0.01393,0.02155,0.005961,0.051776,0.171057,0.000123,0.056031,0.036063,0.000103,0.108985,0.067142,0.001632,0.085661,0.001103,0.000201,,2963900,,
0,6,,0.099874,0.033913,0.076794,0.131367,0.005052,0.001029,0.245342,0.036211,0.001878,0.012164,0.011273,0.016098,0.048604,0.165163,0.000724,0.107056,0.006726,0.000732,,2961500,,
0,13,,0.097007,0.050544,0.110033,0.02035,0.024342,0.014843,0.10163,0.065706,0.011549,0.042773,0.023579,0,0.089376,0.163751,0.00592,0.153654,0.021807,0.003136,,2962300,,
0,6,,0.100531,0.020377,0.060355,0.201263,0.005256,0.004022,0.244242,0.015864,0.000491,0.012106,0.008976,0.080578,0.033444,0.130014,0.001037,0.077221,0.003832,0.000392,,2974100,,
0,13,,0.10791,0.028788,0.079364,0.101517,0.008472,0.006408,0.184613,0.04103,0.00237,0.016521,0.015426,0.01597,0.061081,0.200856,0.001163,0.124565,0.00357,0.000377,,2999700,,
0,13,,0.112618,0.045543,0.097754,0.050479,0.009591,0.005749,0.149657,0.05146,0.004543,0.01893,0.017222,0.006767,0.072598,0.196311,0.001609,0.149324,0.008754,0.001092,,2969000,,
0,6,,0.101164,0.040029,0.108589,0.077877,0.028796,0.00999,0.176094,0.058998,0.007426,0.033484,0.020369,0.009286,0.077251,0.118158,0.005659,0.107337,0.017018,0.002475,,2967300,,
0,13,,0.114866,0.038603,0.096215,0.059599,0.007587,0.005638,0.163446,0.055476,0.002786,0.018076,0.016148,0.006053,0.07404,0.182794,0.000985,0.153498,0.003584,0.000604,,2964900,,
0,6,,0.119535,0.02899,0.072217,0.147436,0.007007,0.00074,0.246882,0.039791,0.000598,0.011136,0.008441,0.023514,0.053196,0.147442,0.000571,0.09072,0.00158,0.000205,,2964600,,
0,15,,0.111616,0.065868,0.135382,0.024761,0.019117,0.003935,0.094374,0.079062,0.003343,0.031125,0.024136,0.001675,0.099689,0.110872,0.004311,0.171606,0.018013,0.001115,,3026900,,
0,15,,0.086681,0.071428,0.142273,0.011112,0.040047,0.015859,0.044979,0.087228,0.007902,0.053685,0.041237,0.000578,0.112369,0.081212,0.010691,0.164932,0.025524,0.002263,,2995400,,
0,6,,0.090919,0.042689,0.11143,0.068604,0.022157,0.013899,0.159241,0.048529,0.007478,0.04063,0.018656,0.015049,0.072994,0.12593,0.007134,0.131445,0.020614,0.002601,,2967500,,
0,6,,0.101452,0.040824,0.099562,0.094035,0.012457,0.004877,0.222651,0.04949,0.000216,0.019903,0.022088,0.006163,0.061386,0.141715,0.001108,0.119854,0.002,0.00022,,2965100,,
0,6,,0.1088,0.025942,0.087496,0.135978,0.01854,0.009389,0.212681,0.036453,0.000849,0.013524,0.012698,0.019191,0.056427,0.148826,0.006231,0.102098,0.004668,0.000209,,2978900,,
0,13,,0.105514,0.047219,0.094162,0.069907,0.015868,0.00934,0.160214,0.048147,0.003536,0.017895,0.021815,0.010924,0.062936,0.182184,0.001838,0.136677,0.010644,0.001179,,3018800,,
0,6,,0.120581,0.041975,0.092681,0.099277,0.013503,0.004917,0.173435,0.051583,0.000443,0.019026,0.021595,0.025579,0.061687,0.149,0.001108,0.120618,0.002701,0.000291,,2976900,,
0,6,,0.096294,0.044722,0.11059,0.037426,0.031948,0.01367,0.160093,0.059062,0.006368,0.03443,0.023002,0.001844,0.0843,0.140019,0.004331,0.130477,0.017519,0.003906,,2968800,,
0,15,,0.102639,0.060819,0.118069,0.054637,0.02246,0.007355,0.104115,0.070918,0.002105,0.031701,0.029625,0.007237,0.090787,0.115077,0.003996,0.165415,0.011256,0.001789,,2967500,,
0,13,,0.098888,0.04488,0.098771,0.081736,0.022786,0.010214,0.137187,0.053804,0.008539,0.033528,0.016092,0.019879,0.071345,0.1435,0.0054,0.128129,0.022135,0.003189,,2963200,,
0,6,,0.109775,0.024797,0.07237,0.146543,0.006182,0.004611,0.239402,0.029654,0.000045,0.013714,0.01456,0.036037,0.044233,0.153723,0.001053,0.102824,0.000441,0.000035,,2976300,,
0,15,,0.101032,0.062139,0.130987,0.027415,0.018151,0.003962,0.100928,0.071215,0.003333,0.0293,0.023346,0.002322,0.094459,0.120213,0.004388,0.187983,0.017755,0.001073,,2975400,,
0,6,,0.117511,0.035634,0.067364,0.147754,0.012749,0.004866,0.19475,0.040894,0.001074,0.015996,0.014187,0.037942,0.050085,0.152449,0.001108,0.102647,0.002701,0.000291,,2971400,,
0,6,,0.101164,0.040029,0.108589,0.077877,0.028796,0.00999,0.176094,0.058998,0.007426,0.033484,0.020369,0.009286,0.077251,0.118158,0.005659,0.107337,0.017018,0.002475,,2963800,,
0,7,,0.109226,0.122913,0.136735,0.022818,0.015182,0.00727,0.079282,0.146439,0.000234,0.052369,0.029219,0.003674,0.096682,0.075659,0.00196,0.099177,0.001063,0.000098,,2973900,,
0,6,,0.096783,0.03308,0.080405,0.12668,0.005206,0.001166,0.241108,0.036008,0.001994,0.012033,0.011673,0.014661,0.049045,0.168974,0.000748,0.11299,0.006713,0.000732,,2992800,,
0,15,,0.099861,0.067795,0.129851,0.018027,0.040283,0.014807,0.081418,0.073584,0.00312,0.036596,0.036032,0.000111,0.093743,0.114597,0.008768,0.162885,0.017457,0.001063,,2967000,,
0,13,,0.096487,0.04822,0.10601,0.027931,0.028336,0.01741,0.134068,0.050075,0.00355,0.027119,0.028877,0.00077,0.072833,0.193601,0.008489,0.148165,0.007583,0.000476,,2974000,,
0,15,,0.111705,0.060351,0.114055,0.044072,0.033029,0.011214,0.111474,0.059288,0.003143,0.030146,0.031619,0.006544,0.073264,0.110488,0.010664,0.17307,0.014956,0.000918,,2967700,,
0,6,,0.102581,0.038891,0.072189,0.127389,0.00619,0.001074,0.240658,0.035379,0.001878,0.011453,0.012492,0.022465,0.051673,0.155594,0.000724,0.111345,0.007221,0.000804,,2973700,,
0,6,,0.098691,0.036545,0.079022,0.119533,0.005878,0.00133,0.234246,0.035541,0.002231,0.010622,0.012898,0.020558,0.052489,0.16065,0.000748,0.121,0.007212,0.000804,,2990500,,
0,13,,0.106911,0.046746,0.092514,0.064915,0.014674,0.009449,0.158069,0.055946,0.003393,0.02159,0.020701,0.008925,0.072307,0.182778,0.001885,0.133953,0.004594,0.000648,,2983200,,
0,6,,0.10983,0.047068,0.09923,0.087145,0.012395,0.000864,0.190813,0.073834,0.000265,0.021607,0.022011,0.010264,0.063848,0.147016,0.00057,0.111354,0.001681,0.000205,,2967600,,
0,6,,0.1186,0.02574,0.090823,0.175025,0.003903,0.000768,0.203869,0.033328,0.000144,0.009852,0.009911,0.060757,0.052579,0.119758,0.000047,0.093092,0.001594,0.000209,,2975200,,
0,13,,0.111367,0.042111,0.094373,0.056334,0.010809,0.00679,0.157521,0.044107,0.003882,0.018966,0.019042,0.009772,0.063574,0.212903,0.001809,0.137145,0.008608,0.000888,,2964200,,
0,6,,0.119976,0.020089,0.05523,0.18974,0.00369,0.00061,0.22131,0.03281,0.000766,0.008511,0.004486,0.04638,0.043741,0.156517,0.000062,0.094009,0.001862,0.000209,,2968200,,
0,13,,0.114173,0.040285,0.091897,0.065853,0.007574,0.007048,0.170592,0.052157,0.00299,0.023001,0.018915,0.008788,0.065822,0.188786,0.001417,0.136565,0.003667,0.000469,,2998800,,
0,13,,0.128115,0.044885,0.108626,0.047017,0.021813,0.009286,0.12697,0.049285,0.003681,0.019491,0.020478,0.006394,0.064158,0.181373,0.003056,0.154511,0.010184,0.000676,,2980600,,
0,13,,0.118287,0.048354,0.109313,0.034883,0.010372,0.005604,0.133687,0.058545,0.005222,0.02422,0.020373,0.001693,0.077725,0.191526,0.001447,0.148943,0.00885,0.000957,,2978000,,
0,3,,0.120481,0.019402,0.057182,0.208484,0.00369,0.00061,0.194862,0.024247,0.000766,0.008493,0.003539,0.087225,0.038043,0.149048,0.000062,0.081795,0.001862,0.000209,,2972100,,
0,13,,0.108079,0.039638,0.089409,0.073947,0.008231,0.005419,0.166935,0.045705,0.005108,0.016617,0.013078,0.009153,0.063962,0.196267,0.001586,0.147044,0.008748,0.001073,,2984400,,
0,6,,0.103548,0.057607,0.098484,0.056687,0.009789,0.000966,0.181294,0.068808,0.001991,0.021848,0.016687,0.002927,0.066815,0.173306,0.000795,0.130257,0.007346,0.000843,,2984400,,
0,6,,0.103293,0.029984,0.063942,0.144551,0.006693,0.004265,0.255129,0.025085,0.003108,0.014751,0.010057,0.028947,0.037227,0.157541,0.001737,0.103377,0.009325,0.000986,,2999600,,
0,13,,0.131181,0.041765,0.081334,0.051094,0.011576,0.005207,0.170885,0.03988,0.005774,0.018438,0.01314,0.001502,0.055489,0.208494,0.002284,0.142449,0.018076,0.001433,,2983700,,
0,7,,0.108738,0.118985,0.111771,0.054637,0.014857,0.00604,0.102529,0.142164,0.000689,0.042517,0.022769,0.007237,0.100952,0.085523,0.001745,0.077559,0.001103,0.000185,,2994600,,
0,6,,0.103043,0.061703,0.102307,0.049312,0.019065,0.005084,0.168259,0.075182,0.000281,0.027847,0.029017,0.002927,0.072866,0.156982,0.001179,0.122006,0.002591,0.000348,,3011000,,
0,6,,0.094522,0.0481,0.103515,0.061147,0.02425,0.015277,0.160561,0.05652,0.010045,0.041078,0.01808,0.012406,0.081539,0.12723,0.005719,0.113982,0.022992,0.003038,,2987000,,
0,6,,0.120646,0.023867,0.076753,0.166732,0.004056,0.000758,0.190875,0.032156,0.00014,0.009714,0.009016,0.066992,0.046427,0.149095,0.000047,0.100939,0.001577,0.000209,,3024800,,
0,6,,0.122467,0.033229,0.090036,0.102813,0.007954,0.000753,0.245464,0.047327,0.000137,0.014826,0.013726,0.012825,0.057643,0.141004,0.000555,0.107384,0.001651,0.000205,,2986100,,
0,6,,0.104169,0.020412,0.060092,0.199487,0.005266,0.004237,0.247076,0.014114,0.000833,0.011602,0.008617,0.07383,0.03112,0.134235,0.001053,0.079719,0.003745,0.000392,,2983600,,
0,13,,0.105497,0.044726,0.101631,0.026954,0.023538,0.013659,0.132416,0.050462,0.005224,0.021608,0.020016,0.000111,0.072196,0.201723,0.005646,0.161511,0.011459,0.001622,,3024500,,
0,6,,0.099727,0.023436,0.055462,0.179174,0.003591,0.001208,0.27996,0.025051,0.001211,0.004952,0.006411,0.026943,0.042727,0.149266,0.000063,0.094476,0.005776,0.000566,,3002200,,
0,6,,0.107362,0.038347,0.103498,0.101996,0.028286,0.012761,0.18112,0.049414,0.000882,0.018444,0.022754,0.015054,0.066231,0.135693,0.00593,0.105993,0.005942,0.000291,,3007600,,
0,6,,0.096334,0.039341,0.07081,0.138767,0.01288,0.005633,0.251999,0.032457,0.001334,0.01152,0.016047,0.019437,0.046785,0.141137,0.001125,0.105439,0.008128,0.000827,,2988100,,
0,6,,0.101319,0.039863,0.091781,0.108221,0.007574,0.000951,0.189847,0.052701,0.000143,0.014905,0.013941,0.042695,0.062107,0.163089,0.000118,0.10876,0.001735,0.000249,,2980700,,
0,6,,0.098659,0.036483,0.092483,0.071998,0.027553,0.016095,0.199779,0.03834,0.000892,0.023443,0.023746,0.014668,0.054112,0.164788,0.007002,0.125084,0.004644,0.000229,,2993500,,
0,6,,0.116093,0.036616,0.075525,0.121687,0.008668,0.001224,0.249555,0.035122,0.003477,0.009965,0.008982,0.015042,0.050503,0.155092,0.001255,0.09885,0.011188,0.001155,,2985700,,
0,13,,0.115225,0.052207,0.109122,0.037825,0.015887,0.009033,0.135768,0.056913,0.002907,0.025818,0.026843,0.004203,0.075807,0.174353,0.001864,0.151157,0.004409,0.000661,,3031800,,
0,6,,0.107936,0.033513,0.09694,0.109312,0.020714,0.00894,0.193229,0.044656,0.002618,0.014497,0.013354,0.015054,0.063435,0.149254,0.005654,0.109573,0.01054,0.00078,,2987000,,
0,6,,0.11095,0.020487,0.059318,0.175958,0.004582,0.003833,0.250409,0.027861,0.000426,0.015273,0.009006,0.039807,0.041328,0.143999,0.001052,0.095207,0.000469,0.000035,,2984600,,
0,6,,0.112062,0.017514,0.078003,0.170152,0.007923,0.004753,0.229998,0.017069,0.000077,0.013098,0.007737,0.065465,0.031246,0.135713,0.004536,0.101978,0.002609,0.000067,,2984400,,
0,6,,0.116717,0.029263,0.077416,0.124466,0.00848,0.001001,0.24569,0.03012,0.002044,0.007649,0.006301,0.010341,0.041422,0.15558,0.00203,0.123346,0.017015,0.001122,,2991400,,
0,6,,0.117845,0.041781,0.09101,0.095329,0.009528,0.001317,0.214919,0.044929,0.002218,0.014498,0.015659,0.016194,0.060316,0.154864,0.001255,0.110378,0.00716,0.000799,,2993400,,
0,15,,0.100838,0.06516,0.128415,0.019095,0.040881,0.014518,0.079105,0.077917,0.00328,0.034422,0.036066,0.000259,0.093149,0.115368,0.008768,0.164079,0.017601,0.001078,,2984200,,
0,7,,0.111661,0.123472,0.126949,0.03719,0.018503,0.00679,0.086202,0.140458,0.000351,0.051418,0.030684,0.009539,0.089165,0.079255,0.001859,0.08524,0.001166,0.000098,,2986500,,
0,6,,0.111795,0.031037,0.088225,0.092955,0.023644,0.009708,0.22446,0.040843,0.000701,0.016582,0.015442,0.009577,0.056876,0.161682,0.006831,0.104496,0.004941,0.000205,,2988200,,
0,13,,0.088488,0.049156,0.110956,0.024908,0.022526,0.014253,0.112118,0.060398,0.01159,0.040123,0.024368,0.000578,0.092085,0.172889,0.00644,0.144954,0.021523,0.002647,,2995100,,
0,6,,0.117768,0.036749,0.071295,0.10839,0.013242,0.004937,0.232003,0.041595,0.000847,0.015435,0.014436,0.016674,0.056547,0.163094,0.001178,0.102859,0.00262,0.000332,,2997600,,
0,13,,0.100248,0.028999,0.079957,0.099561,0.0068,0.005418,0.200561,0.038376,0.002906,0.012086,0.012704,0.012302,0.05955,0.202663,0.00073,0.128648,0.007053,0.00144,,2987200,,
0,13,,0.10607,0.04974,0.093508,0.058119,0.016139,0.009679,0.156738,0.050786,0.00353,0.019907,0.021349,0.006303,0.066859,0.184597,0.001908,0.143025,0.010522,0.001221,,2988300,,
0,6,,0.093138,0.03513,0.082518,0.090524,0.020274,0.009315,0.225992,0.035205,0.002535,0.016843,0.013948,0.008189,0.053655,0.166977,0.007247,0.127704,0.010026,0.000781,,3011100,,
0,13,,0.111404,0.046589,0.098728,0.039411,0.00822,0.005645,0.155184,0.055837,0.004544,0.019172,0.01599,0.003459,0.077726,0.192693,0.001567,0.153871,0.008905,0.001054,,2993200,,
0,6,,0.118384,0.031254,0.078553,0.145854,0.005268,0.004716,0.216881,0.034389,0.000993,0.018482,0.011585,0.060116,0.049675,0.132659,0.00044,0.089031,0.001512,0.000206,,2999400,,
0,6,,0.112641,0.034737,0.090039,0.138671,0.005961,0.00132,0.207003,0.038232,0.002107,0.010682,0.012285,0.026534,0.056266,0.144923,0.000748,0.10975,0.007299,0.000803,,2992900,,
0,6,,0.11583,0.047844,0.10072,0.086874,0.017668,0.00561,0.200117,0.050887,0.000393,0.019081,0.026375,0.016194,0.064868,0.137243,0.001633,0.105959,0.00242,0.000287,,2985100,,
0,13,,0.115522,0.046774,0.09982,0.043993,0.00878,0.00538,0.151712,0.051358,0.004547,0.020674,0.016878,0.004203,0.071686,0.189353,0.001563,0.15798,0.008705,0.001072,,3006300,,
0,6,,0.117364,0.037522,0.064845,0.129827,0.007038,0.004651,0.237896,0.039774,0.00332,0.017416,0.006695,0.028956,0.054295,0.14874,0.000977,0.092605,0.007302,0.000777,,2998900,,
0,13,,0.121867,0.052628,0.083336,0.075087,0.020748,0.009091,0.158361,0.053464,0.003664,0.018531,0.020319,0.005738,0.064524,0.179452,0.002283,0.119488,0.010741,0.00068,,2985000,,
0,6,,0.115546,0.041491,0.085985,0.088874,0.014899,0.005424,0.214146,0.045714,0.000329,0.015285,0.021932,0.016489,0.059525,0.162858,0.001178,0.107373,0.00262,0.000332,,3004700,,
0,6,,0.122827,0.02022,0.074055,0.142562,0.006768,0.005462,0.255097,0.031956,0.00118,0.015419,0.006395,0.024871,0.044876,0.14212,0.002578,0.099523,0.003852,0.000237,,2991900,,
0,6,,0.108189,0.022244,0.07443,0.119181,0.020079,0.00845,0.207981,0.03647,0.001033,0.01069,0.012194,0.023816,0.049691,0.180928,0.004429,0.114778,0.004762,0.000655,,2993300,,
0,6,,0.10754,0.063912,0.113176,0.052423,0.022995,0.005011,0.162011,0.08062,0.000389,0.031809,0.034859,0.004332,0.071429,0.128885,0.001616,0.116169,0.002521,0.000303,,2982300,,
0,6,,0.096675,0.042608,0.088732,0.111078,0.014018,0.005623,0.219444,0.041498,0.000406,0.015205,0.023614,0.020558,0.057041,0.143029,0.001125,0.11658,0.002472,0.000292,,2986700,,
0,6,,0.102134,0.044294,0.090227,0.069301,0.029299,0.018648,0.193898,0.054025,0.001696,0.023733,0.023531,0.013887,0.066513,0.148456,0.006732,0.107188,0.006149,0.000288,,2986300,,
0,6,,0.119465,0.026707,0.059872,0.182146,0.005678,0.004622,0.225574,0.027766,0.00149,0.014611,0.004991,0.078239,0.045257,0.130711,0.000339,0.070672,0.001653,0.000206,,2998600,,
0,7,,0.093381,0.116922,0.145818,0.00994,0.028164,0.014169,0.043935,0.151504,0.005365,0.073182,0.037559,0,0.116004,0.058426,0.007787,0.082065,0.014136,0.001643,,2985200,,
0,6,,0.115418,0.021393,0.069539,0.19671,0.003807,0.000775,0.236854,0.036366,0.000498,0.007951,0.00669,0.036344,0.050371,0.126839,0.000063,0.088521,0.001652,0.000209,,2983700,,
0,6,,0.121889,0.041628,0.081732,0.111646,0.016337,0.004973,0.219113,0.048041,0.001176,0.019211,0.018564,0.018302,0.056939,0.137283,0.001615,0.098825,0.002439,0.000287,,2987300,,
0,7,,0.106422,0.119494,0.132403,0.040877,0.016429,0.006194,0.088904,0.142716,0.000172,0.041857,0.027257,0.006767,0.102532,0.083415,0.001745,0.081529,0.001103,0.000185,,2992800,,
0,6,,0.11425,0.031302,0.062978,0.119231,0.005885,0.001183,0.262442,0.029879,0.003364,0.007618,0.005496,0.013713,0.045494,0.182472,0.000818,0.1009,0.011776,0.0012,,2997400,,
0,15,,0.095659,0.060597,0.130786,0.018385,0.040356,0.018891,0.072531,0.068669,0.002091,0.033836,0.037808,0.001183,0.091937,0.119239,0.013646,0.178508,0.015195,0.000684,,2996600,,
0,13,,0.111305,0.052746,0.109071,0.033496,0.015014,0.009392,0.13942,0.061944,0.002925,0.024045,0.02539,0.003459,0.081389,0.176895,0.001868,0.146426,0.004553,0.000664,,2981500,,
0,6,,0.115403,0.031593,0.066101,0.112053,0.00561,0.000728,0.245825,0.037259,0.002324,0.010935,0.005616,0.014895,0.052555,0.181606,0.000818,0.108504,0.007333,0.000843,,2983400,,
0,6,,0.097069,0.029675,0.080817,0.102654,0.007042,0.005138,0.202736,0.039594,0.002599,0.01212,0.012893,0.012912,0.060323,0.199388,0.000732,0.125636,0.007233,0.00144,,2979300,,
0,15,,0.104993,0.070166,0.133682,0.039086,0.026948,0.007937,0.082337,0.08028,0.002344,0.032145,0.033147,0.008435,0.090534,0.111227,0.004601,0.158099,0.01337,0.000668,,2995900,,
0,13,,0.112601,0.05328,0.11262,0.031777,0.016787,0.011048,0.126035,0.059907,0.003144,0.030197,0.028185,0.003626,0.081802,0.17669,0.002244,0.144946,0.004558,0.000551,,3020000,,
0,13,,0.096609,0.043816,0.101095,0.034576,0.023241,0.013496,0.142385,0.053165,0.005195,0.020775,0.02029,0.000928,0.077304,0.200344,0.006388,0.147576,0.011951,0.000865,,2995800,,
0,13,,0.103226,0.050411,0.112262,0.030052,0.015166,0.009188,0.14064,0.056944,0.002918,0.024281,0.025935,0.002322,0.0793,0.186724,0.001868,0.153751,0.004537,0.000476,,2988500,,
0,13,,0.13123,0.048142,0.089328,0.06356,0.018729,0.008685,0.149542,0.041835,0.005043,0.021609,0.021573,0.007285,0.056266,0.185034,0.003172,0.138519,0.009756,0.000692,,2991300,,
0,13,,0.128538,0.039202,0.100216,0.036001,0.013808,0.005772,0.148322,0.046472,0.004636,0.016503,0.01208,0.000252,0.062677,0.204244,0.002939,0.158246,0.018659,0.001433,,2983300,,
0,13,,0.093901,0.046841,0.113795,0.051614,0.010181,0.004982,0.138359,0.073889,0.002119,0.024694,0.022171,0.004791,0.072551,0.193547,0.00073,0.14165,0.003704,0.00048,,3009600,,
0,13,,0.106662,0.042873,0.085038,0.068153,0.009241,0.005826,0.173852,0.044776,0.005519,0.016022,0.012744,0.006303,0.063515,0.199422,0.001679,0.143647,0.013279,0.001448,,2980200,,
0,6,,0.10264,0.0259,0.081144,0.131918,0.003175,0.000597,0.264345,0.041734,0.000045,0.011432,0.010717,0.012515,0.050209,0.150685,0.000063,0.111613,0.001132,0.000138,,2976200,,
0,13,,0.099432,0.045404,0.107977,0.02713,0.027968,0.018892,0.122629,0.049035,0.002719,0.025785,0.029141,0.001183,0.071163,0.207523,0.008601,0.147168,0.007776,0.000476,,3002600,,
0,15,,0.11108,0.059348,0.106832,0.064188,0.018449,0.003926,0.109129,0.071569,0.004529,0.027707,0.019465,0.012344,0.086049,0.128512,0.004146,0.153742,0.017951,0.001035,,2977400,,
