chess-krvk,LADTree,test,0,NANOSECONDS,PREDICTIONS, Generated by ClassifierExperiments.java on 2022-05-16 13:07:41.    SYSTEMPROPERTIES:{user.name:matth,os.arch:amd64,os.name:Windows 10},ENDSYSTEMPROPERTIES
No parameter info
0.25587188612099643,708354800,17070585200,-1,118661344,18,,-1,-1
0,6,,0.119896,0.044288,0.089626,0.081398,0.017838,0.006155,0.217649,0.045585,0.000476,0.021676,0.022198,0.010504,0.062755,0.140373,0.001307,0.115599,0.00252,0.000157,,3656300,,
0,15,,0.116152,0.069056,0.12096,0.036923,0.030357,0.010012,0.081776,0.068759,0.001742,0.038872,0.035216,0.00886,0.081853,0.110015,0.006719,0.167963,0.013894,0.00087,,3510900,,
0,6,,0.114925,0.027879,0.075262,0.142218,0.006488,0.003487,0.228907,0.032074,0.002526,0.015852,0.006754,0.030737,0.048113,0.151761,0.00199,0.102272,0.007996,0.000757,,3241900,,
0,6,,0.108359,0.034586,0.079857,0.12752,0.007934,0.001369,0.21954,0.040753,0.002538,0.015489,0.007992,0.01919,0.053404,0.156888,0.001152,0.114567,0.008148,0.000712,,3142400,,
0,15,,0.119151,0.069896,0.117132,0.031575,0.019832,0.006727,0.09075,0.070481,0.0038,0.037178,0.027698,0.005762,0.083816,0.111907,0.006148,0.178078,0.018745,0.001323,,3147000,,
0,13,,0.119923,0.052743,0.098941,0.039412,0.018115,0.009493,0.143654,0.053204,0.003117,0.027115,0.025215,0.004801,0.070374,0.188146,0.001508,0.13864,0.005075,0.000524,,3144100,,
0,6,,0.1207,0.046793,0.098784,0.082475,0.021216,0.006161,0.207858,0.048055,0.000697,0.026637,0.022945,0.011839,0.060195,0.133454,0.001494,0.108439,0.002162,0.000095,,3175300,,
0,6,,0.120817,0.020432,0.070693,0.183588,0.006517,0.001358,0.206603,0.031291,0.001413,0.011241,0.006829,0.077306,0.040367,0.141784,0.000251,0.077565,0.001906,0.00004,,3139000,,
0,6,,0.112753,0.040022,0.083651,0.12104,0.016756,0.006747,0.19106,0.042253,0.000866,0.01787,0.021091,0.033588,0.056162,0.144979,0.001183,0.107148,0.002643,0.000191,,3133200,,
0,6,,0.105217,0.020011,0.078014,0.18167,0.004224,0.001646,0.219773,0.022647,0.000094,0.009144,0.008768,0.065076,0.04121,0.150091,0.000126,0.090179,0.001849,0.000262,,3132900,,
0,6,,0.116991,0.019932,0.070481,0.170843,0.007657,0.001399,0.234083,0.030061,0.000204,0.006423,0.005819,0.030118,0.038475,0.152417,0.000562,0.10872,0.005609,0.000206,,3140300,,
0,13,,0.111974,0.052036,0.103491,0.042064,0.016528,0.009711,0.14056,0.057225,0.003522,0.026019,0.024352,0.005166,0.07724,0.182253,0.001375,0.140753,0.005173,0.000557,,3284600,,
0,6,,0.104239,0.03687,0.08738,0.066413,0.021396,0.007532,0.229964,0.042018,0.002651,0.015448,0.013797,0.002903,0.057853,0.175562,0.004495,0.11974,0.00973,0.002006,,3137500,,
0,13,,0.097727,0.055077,0.09322,0.058928,0.017314,0.008481,0.156558,0.060059,0.003376,0.019249,0.02472,0.006259,0.070712,0.191298,0.001461,0.126698,0.008107,0.000756,,3127000,,
0,15,,0.113196,0.072539,0.131847,0.021293,0.028072,0.011461,0.067439,0.081288,0.002958,0.038065,0.035673,0.005201,0.103618,0.09517,0.005943,0.171641,0.013582,0.001015,,3135600,,
0,6,,0.104821,0.040911,0.078063,0.152173,0.015487,0.005566,0.231344,0.045523,0.000702,0.012656,0.018654,0.026892,0.057876,0.11759,0.001157,0.0843,0.00587,0.000415,,3118300,,
0,6,,0.116133,0.030092,0.072,0.150683,0.006173,0.001138,0.214494,0.036295,0.003082,0.013638,0.004296,0.034281,0.048823,0.156884,0.000885,0.10154,0.008743,0.00082,,3127600,,
0,15,,0.107825,0.071363,0.117853,0.040062,0.027176,0.009141,0.091864,0.076863,0.004261,0.036249,0.029664,0.005492,0.094963,0.106096,0.005177,0.159978,0.014961,0.001015,,3187200,,
0,15,,0.093866,0.066452,0.130998,0.014154,0.038384,0.016291,0.073037,0.075627,0.003205,0.034536,0.039101,0.000489,0.096428,0.113216,0.009342,0.175035,0.018601,0.001238,,3152300,,
0,6,,0.122745,0.026408,0.085233,0.121184,0.005024,0.00095,0.229018,0.042494,0.000547,0.012481,0.00942,0.021371,0.057526,0.155068,0.000063,0.108492,0.001876,0.000101,,3145100,,
0,15,,0.10619,0.071273,0.139978,0.016362,0.026001,0.008591,0.070027,0.080687,0.002108,0.035895,0.033274,0.001227,0.097478,0.106114,0.005206,0.183159,0.015418,0.001014,,3139100,,
0,13,,0.111424,0.034799,0.093186,0.068289,0.007778,0.005532,0.17722,0.051188,0.002595,0.019838,0.016875,0.007059,0.067881,0.19485,0.000597,0.136088,0.004157,0.000644,,3176000,,
0,13,,0.10991,0.045312,0.093438,0.065031,0.015995,0.00993,0.14443,0.053142,0.004231,0.023566,0.019402,0.013027,0.0763,0.184165,0.001399,0.135047,0.005141,0.000534,,3172100,,
0,6,,0.099055,0.041241,0.08888,0.084587,0.026583,0.012511,0.212674,0.040606,0.000981,0.023443,0.025093,0.007615,0.053164,0.154938,0.007841,0.115701,0.004927,0.000159,,3160400,,
0,13,,0.097289,0.04845,0.109869,0.02229,0.025298,0.017397,0.12792,0.053227,0.002922,0.022203,0.027763,0.000489,0.073627,0.206714,0.004724,0.151635,0.006878,0.001304,,3138300,,
0,6,,0.104504,0.026988,0.066738,0.175251,0.005519,0.00085,0.25673,0.041246,0.000646,0.007447,0.008791,0.031629,0.056523,0.136194,0.000436,0.075704,0.004577,0.000228,,4160200,,
0,6,,0.112933,0.036537,0.074442,0.139027,0.016182,0.006362,0.205149,0.040552,0.001632,0.01791,0.015076,0.034281,0.052701,0.141929,0.001183,0.101271,0.002643,0.000191,,3857500,,
0,6,,0.115463,0.028851,0.082983,0.168154,0.007395,0.001719,0.201981,0.029192,0.000763,0.011827,0.011513,0.065782,0.049975,0.139376,0.000313,0.082627,0.002046,0.00004,,3906100,,
0,6,,0.112753,0.040022,0.083651,0.12104,0.016756,0.006747,0.19106,0.042253,0.000866,0.01787,0.021091,0.033588,0.056162,0.144979,0.001183,0.107148,0.002643,0.000191,,3834700,,
0,6,,0.120879,0.04202,0.077451,0.122565,0.017399,0.006314,0.20058,0.039892,0.00048,0.020162,0.021664,0.031689,0.050966,0.13865,0.001307,0.105218,0.002606,0.000158,,3853300,,
0,6,,0.097504,0.039783,0.096091,0.085659,0.028736,0.011794,0.20249,0.053081,0.000543,0.017863,0.024388,0.011532,0.065504,0.14553,0.005085,0.108868,0.00539,0.000159,,3863100,,
0,6,,0.117623,0.03268,0.074147,0.129308,0.00611,0.000925,0.236632,0.037157,0.003093,0.014419,0.004489,0.020789,0.04963,0.159504,0.000885,0.103077,0.008712,0.000819,,5438000,,
0,6,,0.110713,0.020723,0.083291,0.173766,0.009234,0.001397,0.215102,0.021289,0.000835,0.01022,0.005829,0.057979,0.041284,0.144341,0.00075,0.097555,0.005547,0.000144,,5207800,,
0,2,,0.106877,0.129237,0.144482,0.016362,0.015695,0.007488,0.068516,0.139961,0.000383,0.044496,0.026296,0.001227,0.116726,0.07842,0.002227,0.099684,0.001835,0.000088,,4130400,,
0,6,,0.121132,0.036542,0.093732,0.091027,0.006648,0.00095,0.214194,0.04454,0.002442,0.016308,0.009998,0.010501,0.061874,0.159185,0.000885,0.120513,0.008712,0.000819,,3915400,,
0,6,,0.098504,0.035559,0.063999,0.158063,0.005836,0.00085,0.258082,0.040414,0.002395,0.009203,0.007086,0.024433,0.054001,0.139875,0.001195,0.088573,0.010965,0.000965,,3877900,,
0,6,,0.108537,0.035901,0.088503,0.084194,0.019078,0.007318,0.207651,0.050322,0.002323,0.01526,0.013276,0.008484,0.0627,0.171983,0.004851,0.107815,0.011029,0.000774,,3877800,,
0,13,,0.107159,0.046976,0.101809,0.058797,0.016142,0.010448,0.151848,0.049856,0.004169,0.019796,0.021134,0.005678,0.06775,0.183879,0.001429,0.143745,0.008629,0.000757,,3625300,,
0,15,,0.110071,0.064024,0.115309,0.047587,0.020076,0.005221,0.103881,0.070701,0.005543,0.031655,0.021916,0.005492,0.091455,0.119467,0.005132,0.161182,0.01985,0.001435,,3131700,,
0,6,,0.114333,0.031942,0.075447,0.145301,0.005651,0.001552,0.243251,0.030562,0.003659,0.01014,0.005033,0.018243,0.044234,0.152998,0.00099,0.10396,0.011693,0.001009,,3128900,,
0,13,,0.101734,0.045896,0.112748,0.030501,0.015388,0.009341,0.141998,0.055423,0.002683,0.022924,0.024357,0.001227,0.075937,0.196443,0.001382,0.156355,0.004765,0.000898,,3121500,,
0,13,,0.102692,0.040765,0.092942,0.07,0.009505,0.005766,0.165673,0.046592,0.004998,0.014937,0.014376,0.009995,0.06579,0.200418,0.001442,0.141008,0.012005,0.001098,,3111100,,
0,6,,0.11461,0.033554,0.062003,0.146992,0.007645,0.000829,0.242936,0.030274,0.002618,0.01605,0.008113,0.01831,0.038413,0.157286,0.002716,0.103171,0.013268,0.001212,,3111200,,
0,13,,0.112405,0.038516,0.10319,0.040343,0.011869,0.005869,0.157053,0.050075,0.005008,0.01616,0.014532,0.000918,0.064845,0.21094,0.002193,0.148574,0.016141,0.001369,,3194800,,
0,6,,0.114198,0.038168,0.08892,0.095526,0.019737,0.006907,0.226566,0.040057,0.001063,0.014836,0.01838,0.008019,0.045587,0.152452,0.001836,0.120416,0.007069,0.000261,,3150600,,
0,6,,0.105371,0.045774,0.090659,0.097168,0.017676,0.006176,0.22378,0.042998,0.000486,0.021695,0.021836,0.013924,0.058867,0.134882,0.001307,0.115052,0.00219,0.000159,,3116700,,
0,6,,0.087408,0.046271,0.116583,0.0594,0.030007,0.011287,0.18148,0.053583,0.004519,0.029061,0.025702,0.005768,0.078892,0.115174,0.003214,0.134646,0.013327,0.003679,,3126400,,
0,13,,0.109814,0.034857,0.094574,0.068267,0.008025,0.005643,0.174575,0.049561,0.002875,0.015899,0.014924,0.007479,0.071234,0.195655,0.000574,0.141574,0.004026,0.000445,,3120700,,
0,6,,0.109896,0.022773,0.061165,0.182352,0.004298,0.001422,0.239317,0.031209,0.00058,0.00586,0.006391,0.037015,0.04268,0.154165,0.000187,0.095928,0.004472,0.000291,,3118200,,
0,13,,0.110244,0.041224,0.102855,0.032049,0.008516,0.005876,0.140948,0.053044,0.004546,0.019621,0.015896,0.001227,0.076176,0.211722,0.001328,0.164087,0.009666,0.000976,,3124400,,
0,13,,0.097126,0.039599,0.093845,0.065046,0.009065,0.005827,0.167931,0.05139,0.0049,0.017319,0.014492,0.006607,0.072373,0.200094,0.001442,0.142863,0.009149,0.000933,,3108200,,
0,13,,0.107592,0.052856,0.09618,0.048499,0.017997,0.009494,0.151007,0.050873,0.00313,0.026919,0.024689,0.007138,0.069276,0.192522,0.001532,0.135095,0.004677,0.000525,,3156800,,
0,13,,0.10091,0.047963,0.111911,0.030579,0.015781,0.009416,0.139414,0.054946,0.003052,0.023152,0.023844,0.00345,0.076815,0.195717,0.001429,0.155816,0.005247,0.000557,,3125600,,
0,7,,0.09394,0.137935,0.131572,0.030576,0.023497,0.011585,0.08764,0.1415,0.000519,0.045168,0.028783,0.004991,0.092016,0.073998,0.005753,0.087529,0.002838,0.00016,,3144000,,
0,13,,0.110565,0.048145,0.113719,0.042128,0.015918,0.009989,0.127825,0.060785,0.003556,0.025635,0.024654,0.003871,0.089164,0.173713,0.001398,0.143122,0.00528,0.000534,,3109000,,
0,15,,0.108382,0.074929,0.126873,0.030627,0.028085,0.008777,0.079458,0.081369,0.003076,0.037594,0.033126,0.005166,0.095514,0.106912,0.005177,0.15896,0.014961,0.001015,,3115000,,
0,13,,0.086087,0.045676,0.119196,0.020883,0.020331,0.010919,0.124096,0.060286,0.008722,0.030747,0.023023,0,0.086461,0.184777,0.003096,0.151927,0.018975,0.004797,,3152800,,
0,13,,0.120375,0.048846,0.094712,0.042042,0.008355,0.007439,0.149156,0.051647,0.004915,0.025479,0.01893,0.005762,0.067511,0.198046,0.002109,0.144264,0.00946,0.000953,,3123700,,
0,6,,0.099102,0.031747,0.071305,0.142742,0.006125,0.001483,0.236864,0.038243,0.002412,0.012697,0.006635,0.021592,0.049595,0.153661,0.000964,0.115907,0.008149,0.000776,,3109000,,
0,6,,0.098504,0.035559,0.063999,0.158063,0.005836,0.00085,0.258082,0.040414,0.002395,0.009203,0.007086,0.024433,0.054001,0.139875,0.001195,0.088573,0.010965,0.000965,,3094200,,
0,13,,0.102598,0.047366,0.103556,0.049413,0.015389,0.009759,0.150066,0.059931,0.003534,0.022158,0.023481,0.005465,0.075175,0.183183,0.001482,0.142316,0.004604,0.000524,,3100100,,
0,13,,0.100541,0.047102,0.104421,0.025072,0.022546,0.012852,0.139865,0.051986,0.00483,0.019198,0.019986,0,0.07319,0.211382,0.004458,0.149465,0.010647,0.002458,,3095200,,
0,6,,0.10352,0.020272,0.063224,0.162153,0.004476,0.001277,0.261994,0.032716,0.000917,0.009077,0.005013,0.027894,0.044865,0.162356,0.000126,0.0984,0.001618,0.000104,,3111700,,
0,6,,0.113493,0.041347,0.070932,0.134534,0.018267,0.005799,0.228052,0.033796,0.001381,0.019376,0.019606,0.01831,0.040853,0.140599,0.003287,0.104141,0.005963,0.000262,,3006600,,
0,6,,0.097205,0.044361,0.097174,0.073934,0.009727,0.003642,0.201057,0.056459,0.001936,0.020233,0.016259,0.010857,0.053965,0.165282,0.002186,0.137505,0.007462,0.000756,,2984500,,
0,15,,0.098238,0.072343,0.128,0.024764,0.041898,0.014213,0.060587,0.091364,0.002716,0.034561,0.040247,0.003685,0.095837,0.10492,0.009577,0.156627,0.019667,0.000756,,2979700,,
0,15,,0.105331,0.071532,0.128695,0.036634,0.036903,0.009921,0.070578,0.074586,0.002744,0.031591,0.031481,0.006159,0.082983,0.10253,0.006789,0.176635,0.023383,0.001524,,2975200,,
0,15,,0.098684,0.071651,0.145294,0.016028,0.024762,0.004733,0.07289,0.096174,0.00383,0.035255,0.03293,0.000082,0.089574,0.10924,0.005165,0.172266,0.020008,0.001434,,2995800,,
0,13,,0.112156,0.037973,0.090894,0.072557,0.008895,0.006011,0.156447,0.04698,0.005514,0.018972,0.011655,0.013027,0.072792,0.197536,0.001354,0.136251,0.01003,0.000954,,3046900,,
0,6,,0.106203,0.033423,0.077026,0.133125,0.007986,0.00142,0.234663,0.034589,0.00279,0.011698,0.007936,0.016679,0.0497,0.158102,0.001152,0.111361,0.011247,0.000901,,3003600,,
0,6,,0.106882,0.021021,0.075096,0.1438,0.004224,0.001646,0.243784,0.033253,0.000094,0.009566,0.009935,0.023768,0.047604,0.173389,0.000126,0.103702,0.001849,0.000262,,2984000,,
0,6,,0.109791,0.021522,0.063655,0.177965,0.00427,0.001371,0.22927,0.036877,0.000492,0.008956,0.006345,0.039581,0.045206,0.154131,0.000187,0.098765,0.001512,0.000102,,2986900,,
0,6,,0.103817,0.026508,0.057501,0.18538,0.00621,0.000941,0.281858,0.026827,0.001567,0.011986,0.006742,0.021624,0.037623,0.139559,0.001501,0.084539,0.00561,0.000208,,3005800,,
0,13,,0.097554,0.058042,0.12076,0.027009,0.018849,0.009509,0.114839,0.074524,0.003043,0.028348,0.02763,0.001625,0.079424,0.18078,0.001429,0.15132,0.004783,0.000533,,2987800,,
0,13,,0.097289,0.04845,0.109869,0.02229,0.025298,0.017397,0.12792,0.053227,0.002922,0.022203,0.027763,0.000489,0.073627,0.206714,0.004724,0.151635,0.006878,0.001304,,2998700,,
0,6,,0.108217,0.032311,0.072658,0.126674,0.005924,0.001477,0.233136,0.040263,0.002408,0.013346,0.007114,0.018331,0.050427,0.163415,0.000964,0.114495,0.008066,0.000774,,2998600,,
0,7,,0.112142,0.140632,0.132217,0.019669,0.016137,0.007107,0.068259,0.148554,0.000785,0.049109,0.026689,0.001144,0.116648,0.065892,0.002221,0.090878,0.001827,0.000089,,3004800,,
0,6,,0.10683,0.032021,0.069939,0.145347,0.006184,0.001371,0.214569,0.038679,0.002298,0.013118,0.006652,0.02969,0.047647,0.161263,0.000964,0.114614,0.008038,0.000775,,3001700,,
0,13,,0.114089,0.03767,0.100054,0.055867,0.010052,0.007489,0.152519,0.044632,0.004326,0.019119,0.017641,0.010512,0.072523,0.202178,0.002169,0.138622,0.009606,0.000931,,2993700,,
0,7,,0.114091,0.130098,0.139693,0.024271,0.018137,0.009789,0.06681,0.141583,0.000332,0.046195,0.028745,0.004653,0.11263,0.068635,0.003511,0.089441,0.001298,0.000089,,2997600,,
0,6,,0.121132,0.036542,0.093732,0.091027,0.006648,0.00095,0.214194,0.04454,0.002442,0.016308,0.009998,0.010501,0.061874,0.159185,0.000885,0.120513,0.008712,0.000819,,2997800,,
0,13,,0.096329,0.050881,0.110375,0.028323,0.024904,0.011992,0.115503,0.063404,0.011392,0.040254,0.028951,0.000454,0.079754,0.175928,0.006084,0.134096,0.019051,0.002326,,3033900,,
0,6,,0.096418,0.053082,0.10369,0.07384,0.018821,0.006405,0.186238,0.065267,0.000481,0.023055,0.024554,0.009922,0.066191,0.138473,0.001274,0.129609,0.002489,0.000191,,2989300,,
0,13,,0.09761,0.0567,0.113318,0.020296,0.0272,0.015278,0.102035,0.064926,0.00916,0.044779,0.035609,0.000571,0.085573,0.161687,0.00593,0.142183,0.014925,0.002221,,2995100,,
0,6,,0.106621,0.044223,0.093529,0.074743,0.029877,0.013023,0.201989,0.043446,0.001115,0.0246,0.026771,0.005405,0.055583,0.156318,0.008358,0.109008,0.005298,0.000095,,2985400,,
0,6,,0.103817,0.026508,0.057501,0.18538,0.00621,0.000941,0.281858,0.026827,0.001567,0.011986,0.006742,0.021624,0.037623,0.139559,0.001501,0.084539,0.00561,0.000208,,3002500,,
0,13,,0.114561,0.05198,0.11198,0.030252,0.016061,0.009751,0.127427,0.062434,0.003522,0.027027,0.024723,0.001144,0.087093,0.174722,0.001375,0.150217,0.005173,0.000557,,2994200,,
0,15,,0.104795,0.073,0.140811,0.027007,0.027513,0.009054,0.075546,0.083572,0.002912,0.037272,0.034959,0.004113,0.102847,0.101262,0.005341,0.154497,0.01463,0.000872,,2996000,,
0,6,,0.104821,0.040911,0.078063,0.152173,0.015487,0.005566,0.231344,0.045523,0.000702,0.012656,0.018654,0.026892,0.057876,0.11759,0.001157,0.0843,0.00587,0.000415,,3073700,,
0,13,,0.110111,0.035231,0.090479,0.077329,0.010071,0.006415,0.173945,0.044768,0.004316,0.013278,0.013863,0.009028,0.065431,0.202508,0.00055,0.134641,0.007405,0.000633,,3006500,,
0,15,,0.10928,0.070684,0.123612,0.031155,0.02996,0.00921,0.074303,0.087471,0.003281,0.03869,0.036718,0.005654,0.094088,0.107094,0.005213,0.157762,0.01481,0.001015,,2990200,,
0,15,,0.107825,0.071363,0.117853,0.040062,0.027176,0.009141,0.091864,0.076863,0.004261,0.036249,0.029664,0.005492,0.094963,0.106096,0.005177,0.159978,0.014961,0.001015,,3003000,,
0,13,,0.10963,0.03857,0.103494,0.038694,0.010336,0.007052,0.152817,0.04641,0.004191,0.019375,0.018136,0.002962,0.069066,0.210307,0.002303,0.156812,0.008913,0.00093,,3053500,,
0,13,,0.095888,0.056373,0.116063,0.025684,0.026468,0.015252,0.107135,0.06613,0.009274,0.043186,0.035545,0.00091,0.084707,0.157149,0.006059,0.137162,0.014952,0.002063,,3009700,,
0,15,,0.095002,0.069193,0.131569,0.015315,0.037934,0.016699,0.073457,0.077555,0.003518,0.035952,0.039346,0,0.09448,0.104447,0.009041,0.176498,0.018525,0.001467,,3005700,,
0,6,,0.115421,0.024214,0.05684,0.187299,0.005926,0.000829,0.256348,0.028472,0.000904,0.011813,0.006648,0.02852,0.037855,0.144722,0.001404,0.087414,0.005163,0.000206,,3032700,,
0,6,,0.115681,0.030052,0.08079,0.108621,0.008744,0.001505,0.240366,0.034702,0.002522,0.010668,0.00692,0.008019,0.042287,0.170661,0.001739,0.120438,0.015072,0.001211,,3005700,,
0,15,,0.097055,0.074239,0.116079,0.056975,0.029325,0.008695,0.092725,0.082001,0.003032,0.028348,0.031477,0.00959,0.084642,0.100318,0.005147,0.15797,0.02097,0.001411,,3071400,,
0,13,,0.107942,0.036175,0.096377,0.058499,0.009844,0.008715,0.161077,0.047543,0.005921,0.018826,0.014611,0.005357,0.061708,0.203198,0.001827,0.149637,0.0116,0.001142,,3012100,,
0,6,,0.118536,0.040984,0.080943,0.115258,0.017917,0.008497,0.215277,0.036486,0.00026,0.022093,0.023366,0.027686,0.048854,0.134808,0.002545,0.10456,0.001835,0.000095,,3011100,,
0,6,,0.114921,0.017371,0.06735,0.195159,0.004893,0.003487,0.212264,0.018998,0.000632,0.011674,0.005087,0.086292,0.038663,0.141169,0.001169,0.079672,0.00116,0.00004,,2999800,,
0,13,,0.105369,0.03433,0.094833,0.082367,0.008815,0.005771,0.172159,0.051061,0.003514,0.015895,0.014817,0.011871,0.070384,0.194648,0.000682,0.129143,0.003898,0.000444,,3001800,,
0,13,,0.115709,0.030585,0.091802,0.08002,0.009108,0.007489,0.169482,0.040935,0.002598,0.016254,0.017027,0.017885,0.06819,0.194972,0.001389,0.13211,0.004023,0.000422,,3025400,,
0,15,,0.098795,0.070115,0.138796,0.020383,0.026263,0.00839,0.080697,0.077178,0.002086,0.034125,0.032977,0.00345,0.094401,0.105404,0.005249,0.185132,0.015543,0.001014,,2998500,,
0,2,,0.117677,0.131188,0.136138,0.028719,0.022909,0.007021,0.072612,0.133477,0.000605,0.052369,0.030869,0.005944,0.101261,0.075663,0.002267,0.079843,0.001381,0.000056,,3004100,,
0,13,,0.096329,0.050881,0.110375,0.028323,0.024904,0.011992,0.115503,0.063404,0.011392,0.040254,0.028951,0.000454,0.079754,0.175928,0.006084,0.134096,0.019051,0.002326,,3001000,,
0,13,,0.109814,0.034857,0.094574,0.068267,0.008025,0.005643,0.174575,0.049561,0.002875,0.015899,0.014924,0.007479,0.071234,0.195655,0.000574,0.141574,0.004026,0.000445,,2999400,,
0,15,,0.111263,0.06361,0.124022,0.030119,0.019563,0.004791,0.08953,0.073828,0.003584,0.029354,0.024623,0.004566,0.090461,0.118259,0.005135,0.185626,0.020231,0.001434,,3011900,,
0,6,,0.103908,0.022514,0.082568,0.112203,0.01599,0.00719,0.250042,0.038546,0.000677,0.010958,0.011735,0.013768,0.056937,0.162984,0.003388,0.101542,0.004178,0.000872,,2985800,,
0,15,,0.109979,0.07073,0.116218,0.05456,0.033703,0.009844,0.087159,0.070163,0.004672,0.032596,0.035198,0.002108,0.080168,0.097537,0.009335,0.16266,0.021846,0.001524,,2982600,,
0,13,,0.110995,0.045476,0.10374,0.048019,0.017328,0.011387,0.139706,0.051453,0.00293,0.024066,0.026069,0.010512,0.076356,0.187388,0.002214,0.137133,0.004718,0.000511,,2982800,,
0,13,,0.118901,0.05094,0.095658,0.05204,0.017745,0.009262,0.139404,0.051387,0.003077,0.02696,0.025202,0.010978,0.066859,0.187376,0.001532,0.137081,0.005098,0.000501,,2978100,,
0,6,,0.100843,0.037248,0.084956,0.098464,0.006447,0.001537,0.209169,0.058625,0.000309,0.015052,0.012547,0.01314,0.060451,0.176581,0.000125,0.122651,0.001754,0.000101,,3001600,,
0,15,,0.110378,0.059486,0.121752,0.043834,0.022012,0.007148,0.089717,0.068739,0.003868,0.030191,0.026259,0.010512,0.090345,0.124373,0.006473,0.164835,0.018642,0.001435,,2982100,,
0,6,,0.117463,0.040874,0.096319,0.097623,0.016715,0.006376,0.186624,0.047326,0.000866,0.019877,0.021394,0.022042,0.063592,0.143788,0.001183,0.115104,0.002643,0.000191,,2994100,,
0,6,,0.10687,0.040187,0.078238,0.135771,0.020289,0.005729,0.222447,0.042239,0.000505,0.0135,0.018427,0.024221,0.049272,0.134331,0.001657,0.100241,0.005812,0.000262,,2983900,,
0,13,,0.114618,0.049425,0.111692,0.038886,0.016267,0.009944,0.122847,0.059358,0.003464,0.025524,0.02471,0.006729,0.085004,0.178268,0.001399,0.146189,0.005141,0.000534,,2982500,,
0,6,,0.088781,0.045962,0.110238,0.056892,0.03008,0.011142,0.175009,0.052256,0.004358,0.028375,0.026099,0.008485,0.075345,0.130704,0.003347,0.136118,0.013127,0.003684,,3004500,,
0,6,,0.117622,0.037385,0.081047,0.118991,0.018121,0.006582,0.2139,0.048624,0.001858,0.019691,0.019277,0.02175,0.053694,0.13742,0.00137,0.099896,0.002642,0.000128,,2981700,,
0,13,,0.112156,0.037973,0.090894,0.072557,0.008895,0.006011,0.156447,0.04698,0.005514,0.018972,0.011655,0.013027,0.072792,0.197536,0.001354,0.136251,0.01003,0.000954,,2978000,,
0,13,,0.09135,0.057125,0.125821,0.022692,0.018592,0.009519,0.11372,0.072098,0.003052,0.028189,0.027856,0.002133,0.077605,0.187511,0.001429,0.155504,0.005247,0.000557,,2980400,,
0,6,,0.112215,0.020997,0.082235,0.156875,0.005921,0.003264,0.225031,0.023188,0.000093,0.0125,0.010631,0.067482,0.044628,0.138931,0.001367,0.09386,0.000742,0.00004,,2981800,,
0,7,,0.097363,0.137784,0.142061,0.010379,0.021671,0.007142,0.057632,0.17408,0.000598,0.053618,0.035838,0.000082,0.104752,0.065144,0.002227,0.087708,0.001832,0.000088,,2987800,,
0,6,,0.114068,0.025709,0.071018,0.188721,0.006995,0.001516,0.230382,0.021433,0.001561,0.006947,0.005636,0.062052,0.043061,0.138784,0.000313,0.076578,0.004998,0.000228,,2981800,,
0,6,,0.120872,0.025744,0.085339,0.146954,0.005024,0.00095,0.200502,0.03191,0.000547,0.011922,0.008376,0.06206,0.051432,0.151599,0.000063,0.094729,0.001876,0.000101,,2995700,,
0,6,,0.105301,0.024538,0.05798,0.172564,0.005395,0.002967,0.278786,0.030361,0.00127,0.016983,0.0088,0.024484,0.040757,0.143565,0.003007,0.080199,0.002838,0.000206,,3002300,,
0,13,,0.097194,0.040194,0.092288,0.068344,0.009345,0.005878,0.1779,0.046639,0.005163,0.014927,0.014301,0.006166,0.06683,0.199487,0.001442,0.140366,0.012417,0.001121,,2994400,,
0,6,,0.10759,0.056753,0.098992,0.075106,0.021341,0.008593,0.175969,0.063694,0.00026,0.030963,0.0285,0.012616,0.057263,0.135858,0.002545,0.122028,0.001835,0.000095,,3004100,,
0,15,,0.091414,0.073722,0.114613,0.054945,0.029458,0.008692,0.098869,0.081097,0.00303,0.027724,0.031802,0.008253,0.084631,0.102304,0.005338,0.161357,0.021339,0.001411,,3000500,,
0,13,,0.094834,0.053209,0.121359,0.023642,0.026622,0.016804,0.102449,0.062296,0.008085,0.044047,0.036899,0.001528,0.082511,0.163713,0.007392,0.138407,0.014438,0.001766,,3000600,,
0,15,,0.107954,0.06858,0.116248,0.047633,0.034219,0.009697,0.084466,0.069035,0.004037,0.031794,0.034975,0.005202,0.077579,0.104095,0.009405,0.171833,0.021724,0.001524,,2999900,,
0,13,,0.114421,0.049042,0.101085,0.057309,0.012109,0.007531,0.13915,0.071348,0.003191,0.029023,0.020685,0.008674,0.068621,0.184276,0.00133,0.12778,0.003981,0.000445,,2999600,,
0,6,,0.104239,0.03687,0.08738,0.066413,0.021396,0.007532,0.229964,0.042018,0.002651,0.015448,0.013797,0.002903,0.057853,0.175562,0.004495,0.11974,0.00973,0.002006,,3022400,,
0,15,,0.10395,0.070067,0.129326,0.04053,0.028178,0.009971,0.096242,0.075699,0.004378,0.032622,0.030822,0.004235,0.095634,0.097087,0.005341,0.152129,0.022261,0.001528,,3000300,,
0,6,,0.11719,0.034608,0.08178,0.102467,0.006087,0.00171,0.222068,0.041507,0.002644,0.014214,0.011265,0.01522,0.05598,0.170594,0.00099,0.112125,0.008732,0.000819,,2994900,,
0,13,,0.103894,0.049089,0.105091,0.059235,0.011876,0.005923,0.145619,0.069705,0.002962,0.025675,0.020207,0.006284,0.070191,0.186509,0.000644,0.132677,0.003951,0.000469,,2999100,,
0,15,,0.100365,0.067972,0.124822,0.025592,0.03909,0.015497,0.066193,0.076518,0.003382,0.036816,0.042304,0.001429,0.090967,0.109053,0.013,0.166631,0.019614,0.000756,,2999200,,
0,6,,0.117949,0.030011,0.083045,0.141539,0.00923,0.001507,0.228123,0.033932,0.002528,0.010761,0.006644,0.012116,0.045627,0.146326,0.001739,0.112753,0.014955,0.001212,,3014500,,
0,6,,0.11132,0.024087,0.073573,0.160139,0.00602,0.001369,0.234242,0.038952,0.000732,0.011327,0.007686,0.029081,0.050963,0.149756,0.000375,0.098719,0.001622,0.00004,,2995200,,
0,2,,0.103548,0.123007,0.146768,0.020682,0.015635,0.007265,0.081997,0.139208,0.000168,0.042833,0.02657,0.001227,0.112476,0.0762,0.002227,0.098129,0.001584,0.000476,,2993500,,
0,15,,0.107528,0.071736,0.134444,0.030916,0.027249,0.00925,0.067689,0.083892,0.00308,0.037499,0.033237,0.003871,0.105731,0.094457,0.005145,0.168354,0.014907,0.001015,,3016700,,
0,15,,0.10296,0.069224,0.119944,0.033309,0.034727,0.009948,0.090808,0.068571,0.004689,0.034624,0.036673,0.001248,0.076268,0.111614,0.009736,0.172494,0.021638,0.001524,,2999300,,
0,15,,0.096539,0.070688,0.130639,0.037063,0.037084,0.010071,0.084173,0.072152,0.003286,0.030787,0.031595,0.001348,0.082959,0.102617,0.006825,0.176764,0.023885,0.001524,,3024200,,
0,15,,0.112083,0.078985,0.131368,0.023281,0.025057,0.006633,0.067638,0.090674,0.0038,0.04433,0.031338,0.003556,0.084898,0.10692,0.006148,0.163223,0.018745,0.001323,,2995900,,
0,13,,0.099775,0.058289,0.110626,0.028526,0.030977,0.016431,0.117677,0.068527,0.003361,0.023575,0.029512,0.001206,0.079897,0.184543,0.005104,0.133739,0.007735,0.0005,,3000400,,
0,6,,0.087408,0.046271,0.116583,0.0594,0.030007,0.011287,0.18148,0.053583,0.004519,0.029061,0.025702,0.005768,0.078892,0.115174,0.003214,0.134646,0.013327,0.003679,,3000400,,
0,13,,0.112967,0.05746,0.114483,0.029647,0.015928,0.005967,0.118078,0.074722,0.005025,0.03119,0.023703,0.00091,0.070882,0.190033,0.001397,0.137231,0.009424,0.000953,,2997100,,
0,6,,0.120593,0.022706,0.064284,0.167247,0.005304,0.003908,0.239868,0.035258,0.001323,0.012483,0.005185,0.041063,0.049739,0.142157,0.000568,0.086838,0.001373,0.000102,,3023000,,
0,6,,0.122561,0.025569,0.085559,0.152258,0.005987,0.003932,0.194014,0.029271,0.000786,0.013681,0.010532,0.069427,0.052035,0.142484,0.000568,0.089862,0.001373,0.000102,,3003300,,
0,15,,0.100689,0.071526,0.140516,0.033604,0.027572,0.009105,0.07276,0.078905,0.002927,0.036449,0.03416,0.00588,0.09596,0.106629,0.005309,0.162774,0.014363,0.000872,,3018900,,
0,6,,0.120017,0.039761,0.088814,0.116115,0.006812,0.000943,0.223524,0.041735,0.002209,0.015959,0.009524,0.016994,0.057213,0.139251,0.000944,0.110472,0.008893,0.00082,,3022300,,
0,15,,0.115166,0.07037,0.128565,0.028061,0.029544,0.010298,0.078073,0.071669,0.001742,0.039974,0.035026,0.004025,0.088044,0.099701,0.006719,0.178256,0.013894,0.00087,,3024400,,
0,6,,0.11046,0.0394,0.093015,0.070618,0.015712,0.00628,0.219384,0.046075,0.000476,0.019106,0.021255,0.00861,0.06411,0.156576,0.001274,0.124907,0.002553,0.00019,,3030400,,
0,15,,0.105458,0.067542,0.138934,0.022411,0.028225,0.010359,0.080196,0.074016,0.001742,0.035146,0.035359,0.002962,0.089916,0.102234,0.006684,0.183889,0.013913,0.001014,,3008400,,
0,1,,0.118907,0.13296,0.132059,0.028689,0.020326,0.007015,0.079315,0.128496,0.000383,0.049335,0.029745,0.004801,0.105191,0.073651,0.002267,0.085,0.001804,0.000056,,2997000,,
0,6,,0.122821,0.036367,0.093952,0.09633,0.007611,0.003932,0.207706,0.041901,0.00268,0.018067,0.012154,0.017868,0.062477,0.15007,0.001389,0.115646,0.00821,0.00082,,2994700,,
0,13,,0.101734,0.045896,0.112748,0.030501,0.015388,0.009341,0.141998,0.055423,0.002683,0.022924,0.024357,0.001227,0.075937,0.196443,0.001382,0.156355,0.004765,0.000898,,2996700,,
0,6,,0.123663,0.042807,0.080293,0.100199,0.005961,0.00355,0.224617,0.043234,0.002691,0.021373,0.012438,0.017774,0.052886,0.147053,0.001694,0.110665,0.008282,0.000819,,3017700,,
0,6,,0.115617,0.027112,0.072106,0.125354,0.003933,0.004046,0.252614,0.040952,0.000569,0.015951,0.010646,0.022167,0.052098,0.152939,0.00064,0.101833,0.001318,0.000102,,2998100,,
0,6,,0.104384,0.032086,0.080822,0.081152,0.018175,0.007174,0.222086,0.03891,0.00267,0.01338,0.012163,0.008485,0.054358,0.18339,0.004064,0.124701,0.009806,0.002195,,3001100,,
0,6,,0.103086,0.025556,0.058107,0.179798,0.005739,0.002615,0.262541,0.04468,0.000754,0.008744,0.007321,0.036751,0.054737,0.135462,0.000199,0.070115,0.003505,0.000291,,2998000,,
0,13,,0.08877,0.046716,0.115861,0.022664,0.02109,0.011189,0.128372,0.062544,0.009684,0.029681,0.021928,0,0.087651,0.176624,0.00328,0.150702,0.018095,0.005149,,2999700,,
0,6,,0.0966,0.060966,0.099629,0.078001,0.021184,0.006512,0.183414,0.065808,0.000486,0.02896,0.026595,0.009659,0.060855,0.135312,0.001307,0.122363,0.00219,0.000159,,3018000,,
0,6,,0.115681,0.030052,0.08079,0.108621,0.008744,0.001505,0.240366,0.034702,0.002522,0.010668,0.00692,0.008019,0.042287,0.170661,0.001739,0.120438,0.015072,0.001211,,3001200,,
0,6,,0.106352,0.044817,0.079483,0.117827,0.017751,0.006547,0.224366,0.039074,0.000486,0.019827,0.021209,0.024009,0.054042,0.135586,0.001307,0.104967,0.00219,0.000159,,2998600,,
0,15,,0.097854,0.074266,0.123454,0.050446,0.028805,0.009804,0.091023,0.07446,0.003191,0.030866,0.030849,0.007031,0.084135,0.099838,0.004867,0.164977,0.022724,0.001411,,2997700,,
0,6,,0.11046,0.0394,0.093015,0.070618,0.015712,0.00628,0.219384,0.046075,0.000476,0.019106,0.021255,0.00861,0.06411,0.156576,0.001274,0.124907,0.002553,0.00019,,3000700,,
0,6,,0.112574,0.040932,0.090228,0.092098,0.016224,0.007029,0.211545,0.045268,0.000699,0.018402,0.023241,0.01522,0.061627,0.153806,0.001276,0.10698,0.002695,0.000157,,3001200,,
0,15,,0.09227,0.071878,0.123002,0.046252,0.027252,0.009404,0.089747,0.07699,0.002966,0.033041,0.031368,0.006607,0.090615,0.107322,0.004941,0.170769,0.014818,0.000756,,2999400,,
0,2,,0.108202,0.129083,0.141009,0.02225,0.014891,0.009323,0.075584,0.140698,0.000394,0.047895,0.028103,0.003334,0.105893,0.074284,0.00268,0.095079,0.00121,0.000088,,3003900,,
0,13,,0.114281,0.050792,0.102121,0.05314,0.012057,0.005923,0.140063,0.070633,0.002949,0.025929,0.020371,0.005154,0.073807,0.182983,0.00062,0.13436,0.00435,0.000468,,2998200,,
0,6,,0.123579,0.038186,0.080377,0.112907,0.006819,0.000937,0.212973,0.041523,0.002203,0.016969,0.00999,0.021167,0.052226,0.154342,0.000944,0.115469,0.008569,0.00082,,2999100,,
0,13,,0.112682,0.034683,0.092214,0.067602,0.009206,0.007503,0.161563,0.043449,0.004864,0.019472,0.013804,0.011368,0.072031,0.201551,0.002169,0.135302,0.009606,0.000931,,3002300,,
0,7,,0.109622,0.143754,0.129546,0.022475,0.023715,0.006883,0.053397,0.161257,0.000394,0.061223,0.035765,0.002748,0.105262,0.058782,0.002267,0.080774,0.002081,0.000056,,2997000,,
0,15,,0.100126,0.069702,0.127934,0.024347,0.037951,0.015659,0.070625,0.076004,0.003455,0.038046,0.042865,0.00091,0.091697,0.104934,0.012939,0.162739,0.019312,0.000756,,2999500,,
0,15,,0.092126,0.071993,0.136847,0.014646,0.0409,0.016978,0.046982,0.088589,0.005723,0.052542,0.049446,0.001528,0.09804,0.080793,0.013651,0.165408,0.022164,0.001643,,3007600,,
0,15,,0.091504,0.073084,0.122783,0.048713,0.028831,0.009806,0.096443,0.073491,0.003192,0.030134,0.030732,0.006166,0.084272,0.101561,0.004941,0.170179,0.022756,0.001411,,3017500,,
0,6,,0.104779,0.021235,0.063046,0.176993,0.005908,0.003556,0.256948,0.028383,0.000435,0.00867,0.008312,0.033241,0.040913,0.146898,0.00079,0.096374,0.003291,0.000228,,3025500,,
0,15,,0.100689,0.071526,0.140516,0.033604,0.027572,0.009105,0.07276,0.078905,0.002927,0.036449,0.03416,0.00588,0.09596,0.106629,0.005309,0.162774,0.014363,0.000872,,3013100,,
0,6,,0.117063,0.042056,0.091861,0.095335,0.017725,0.008204,0.215887,0.040114,0.00026,0.024338,0.023108,0.016798,0.054971,0.133538,0.002545,0.114267,0.001835,0.000095,,3012300,,
0,13,,0.11438,0.030363,0.08334,0.097787,0.007927,0.006011,0.172046,0.043502,0.003786,0.016191,0.011026,0.020721,0.067917,0.190428,0.000574,0.129108,0.004447,0.000445,,3017800,,
0,15,,0.103736,0.068778,0.127548,0.051993,0.02904,0.009961,0.088874,0.073323,0.004372,0.030323,0.03022,0.006834,0.086193,0.100949,0.005347,0.158913,0.022068,0.001528,,3013500,,
0,2,,0.117876,0.134419,0.142807,0.020974,0.022209,0.007439,0.06871,0.132662,0.000605,0.054148,0.030904,0.002762,0.105259,0.069931,0.002267,0.085591,0.001381,0.000056,,3039800,,
0,6,,0.104046,0.017879,0.064988,0.161752,0.003826,0.001196,0.261141,0.03288,0.000349,0.009933,0.004652,0.024571,0.04355,0.168959,0.000126,0.09804,0.001849,0.000262,,3026100,,
0,6,,0.116771,0.026338,0.087968,0.145399,0.007118,0.001211,0.220367,0.033741,0.000523,0.013894,0.009459,0.062135,0.050413,0.134232,0.000312,0.088262,0.001816,0.00004,,3015500,,
0,15,,0.106966,0.064128,0.128726,0.043438,0.021147,0.00503,0.08649,0.074764,0.004684,0.030382,0.02535,0.006773,0.087708,0.120752,0.005314,0.167615,0.01941,0.001325,,3031800,,
0,13,,0.113004,0.048225,0.102906,0.042636,0.017802,0.010182,0.13522,0.0637,0.003859,0.027,0.028199,0.005654,0.077426,0.183732,0.001374,0.133388,0.005158,0.000533,,3011000,,
0,13,,0.118291,0.048827,0.097208,0.048242,0.018259,0.010588,0.144803,0.04867,0.002763,0.027178,0.026595,0.00886,0.064696,0.192672,0.002479,0.134741,0.00465,0.000478,,3051100,,
0,6,,0.110945,0.035817,0.069342,0.122803,0.008515,0.001045,0.256928,0.031831,0.003241,0.01943,0.010636,0.008775,0.040469,0.16057,0.003205,0.102111,0.013189,0.001149,,3024000,,
0,13,,0.105752,0.046925,0.100791,0.047561,0.015714,0.010157,0.148054,0.057649,0.003805,0.02394,0.02185,0.004706,0.077533,0.182076,0.001406,0.146451,0.005105,0.000524,,3018100,,
0,6,,0.109536,0.033484,0.07305,0.12318,0.008539,0.000856,0.25851,0.038311,0.002362,0.010164,0.007241,0.012693,0.048174,0.160567,0.001803,0.09588,0.014441,0.001211,,3016900,,
0,15,,0.114114,0.067801,0.130414,0.02695,0.020328,0.005077,0.082685,0.079219,0.004471,0.0337,0.024878,0.001144,0.101161,0.107661,0.005132,0.173979,0.01985,0.001435,,3016900,,
0,15,,0.106659,0.071789,0.121531,0.039481,0.028382,0.008955,0.072591,0.08023,0.003031,0.036168,0.03282,0.012222,0.095277,0.109374,0.005183,0.160474,0.014818,0.001015,,3040700,,
0,13,,0.114119,0.039131,0.090406,0.062573,0.009188,0.008007,0.162005,0.048305,0.005444,0.02026,0.013037,0.010793,0.075003,0.196614,0.001795,0.132975,0.009393,0.000954,,3035200,,
0,7,,0.109699,0.135249,0.126871,0.031155,0.018009,0.007122,0.071982,0.153575,0.000991,0.048697,0.031072,0.005654,0.102785,0.072691,0.002221,0.080345,0.001793,0.000089,,3024800,,
0,6,,0.105108,0.018798,0.067552,0.203444,0.00558,0.003693,0.215778,0.021905,0.000376,0.012158,0.006441,0.078263,0.038546,0.134783,0.00079,0.085693,0.001053,0.00004,,3023000,,
0,6,,0.107448,0.019662,0.072227,0.156846,0.006232,0.004171,0.257908,0.031461,0.00058,0.011344,0.0069,0.024711,0.043519,0.14931,0.002432,0.101968,0.003075,0.000206,,3024900,,
0,13,,0.120655,0.045938,0.096329,0.048458,0.009647,0.0056,0.146145,0.050641,0.004633,0.022341,0.016663,0.006508,0.068615,0.198002,0.001422,0.147598,0.009851,0.000954,,3047700,,
0,15,,0.086568,0.072604,0.140279,0.009419,0.040829,0.013162,0.060154,0.09318,0.00621,0.045829,0.042241,0,0.105455,0.07996,0.008019,0.169498,0.022951,0.003643,,3034400,,
0,6,,0.101256,0.03776,0.085601,0.132685,0.007854,0.004371,0.189924,0.048161,0.000569,0.0195,0.010743,0.06172,0.051025,0.146218,0.00064,0.100552,0.001318,0.000102,,3056400,,
0,13,,0.111606,0.043852,0.107174,0.032439,0.010665,0.005913,0.147702,0.055954,0.00489,0.021792,0.016443,0.001312,0.072702,0.203779,0.001327,0.151817,0.009682,0.000952,,3042600,,
0,13,,0.096808,0.045729,0.101507,0.057305,0.015634,0.009746,0.154924,0.057562,0.003541,0.021269,0.023153,0.006607,0.074399,0.185156,0.001506,0.140009,0.004619,0.000525,,3038100,,
0,6,,0.105256,0.026005,0.070319,0.16402,0.008715,0.000856,0.26403,0.037224,0.000668,0.008837,0.00834,0.02515,0.048295,0.141235,0.000644,0.085055,0.005209,0.000144,,3044100,,
0,6,,0.098394,0.024426,0.058733,0.191249,0.004102,0.00085,0.268928,0.038768,0.000537,0.005545,0.006806,0.035365,0.056198,0.130482,0.000252,0.074305,0.004767,0.000292,,3060800,,
0,15,,0.105458,0.067542,0.138934,0.022411,0.028225,0.010359,0.080196,0.074016,0.001742,0.035146,0.035359,0.002962,0.089916,0.102234,0.006684,0.183889,0.013913,0.001014,,3049600,,
0,6,,0.104367,0.041359,0.074169,0.128009,0.015663,0.005566,0.242587,0.043949,0.000819,0.013229,0.019064,0.020354,0.056359,0.137602,0.001273,0.089242,0.005976,0.000413,,3059300,,
0,15,,0.116894,0.064352,0.121287,0.034836,0.021949,0.006596,0.09326,0.067475,0.003298,0.034671,0.02604,0.004025,0.084411,0.113515,0.006609,0.180814,0.018647,0.001323,,3045900,,
0,6,,0.103006,0.035848,0.062664,0.145072,0.007929,0.000941,0.268446,0.028628,0.003282,0.016223,0.008206,0.011414,0.03818,0.152123,0.002813,0.100296,0.013714,0.001213,,3076100,,
0,7,,0.109742,0.13238,0.107922,0.046512,0.017997,0.009327,0.083815,0.143193,0.000982,0.046192,0.026811,0.011368,0.106743,0.074336,0.003511,0.077781,0.001298,0.000089,,3117300,,
0,15,,0.101001,0.060917,0.133422,0.034914,0.01965,0.004901,0.089066,0.071992,0.004102,0.030943,0.025464,0.004113,0.090425,0.128976,0.005195,0.174371,0.018699,0.001847,,3102700,,
0,13,,0.102208,0.054491,0.108453,0.02807,0.028372,0.016113,0.119858,0.068082,0.003236,0.024163,0.029473,0.001094,0.080249,0.184237,0.004826,0.138814,0.007737,0.000524,,3100100,,
0,15,,0.092791,0.071767,0.129713,0.022273,0.041287,0.014202,0.067629,0.089586,0.002556,0.034984,0.040912,0.002024,0.097543,0.102074,0.009735,0.160547,0.019622,0.000756,,3097300,,
0,6,,0.116869,0.022432,0.092254,0.171249,0.004707,0.00121,0.191246,0.030254,0.00058,0.01098,0.008155,0.068026,0.054289,0.136285,0.000063,0.089206,0.00209,0.000103,,3105700,,
0,13,,0.121997,0.048649,0.087158,0.051056,0.009156,0.00741,0.158993,0.048959,0.004915,0.02466,0.017713,0.009918,0.063271,0.202745,0.002109,0.13088,0.00946,0.000953,,3102800,,
0,13,,0.109886,0.039662,0.098189,0.064011,0.00911,0.006051,0.152624,0.049721,0.004952,0.019873,0.015882,0.009121,0.078097,0.193972,0.001354,0.136373,0.010169,0.000954,,3120600,,
0,7,,0.087749,0.14162,0.121224,0.041812,0.023722,0.009854,0.098953,0.142252,0.000474,0.044974,0.029512,0.007678,0.089282,0.074304,0.0054,0.078597,0.002433,0.00016,,3101800,,
0,13,,0.105792,0.037847,0.097241,0.054235,0.009171,0.008046,0.152889,0.051426,0.00535,0.0233,0.015392,0.006471,0.06506,0.20228,0.001827,0.153209,0.009508,0.000953,,3110700,,
0,6,,0.111337,0.038334,0.092301,0.141311,0.008612,0.003575,0.176576,0.047101,0.000092,0.020224,0.014204,0.065051,0.049195,0.131364,0.001362,0.098255,0.001068,0.00004,,3106900,,
0,13,,0.097398,0.054775,0.124757,0.023878,0.020239,0.010971,0.112833,0.069592,0.002683,0.028678,0.030957,0.001728,0.073225,0.188147,0.002381,0.153045,0.004203,0.00051,,3102000,,
0,6,,0.113791,0.032063,0.086753,0.140132,0.006192,0.001591,0.209064,0.038459,0.002475,0.013364,0.009691,0.02777,0.057945,0.146807,0.000885,0.103271,0.008926,0.000821,,3127500,,
0,6,,0.096036,0.019595,0.063906,0.2141,0.003631,0.000893,0.245126,0.026281,0.00039,0.006269,0.005184,0.078162,0.04445,0.12454,0.000136,0.066993,0.003583,0.000724,,3111600,,
0,13,,0.100837,0.043852,0.103379,0.02885,0.019652,0.012449,0.148856,0.050669,0.004443,0.019234,0.019321,0,0.072706,0.209555,0.004248,0.148678,0.010695,0.002576,,3128200,,
0,6,,0.107457,0.041557,0.093713,0.091769,0.026312,0.01257,0.202113,0.042413,0.000975,0.023089,0.025135,0.008725,0.055407,0.149095,0.007603,0.106841,0.005067,0.000159,,3110500,,
0,6,,0.113592,0.021287,0.079089,0.147136,0.009234,0.001397,0.244728,0.031547,0.000835,0.009457,0.007159,0.019413,0.044051,0.155119,0.00075,0.109514,0.005547,0.000144,,3099700,,
0,15,,0.114521,0.065294,0.127098,0.034406,0.020625,0.005254,0.076191,0.077472,0.004427,0.032171,0.024606,0.006729,0.098628,0.112981,0.005138,0.173317,0.019707,0.001435,,3105300,,
