chess-krvk,LADTree,test,0,NANOSECONDS,PREDICTIONS, Generated by ClassifierExperiments.java on 2022-05-16 03:51:21.    SYSTEMPROPERTIES:{user.name:matth,os.arch:amd64,os.name:Windows 10},ENDSYSTEMPROPERTIES
No parameter info
0.2592526690391459,737393400,17174856300,-1,117584888,18,,-1,-1
0,6,,0.124261,0.044945,0.086331,0.090926,0.016656,0.00518,0.220089,0.043792,0.000692,0.022899,0.019879,0.014037,0.058594,0.139113,0.001098,0.107897,0.003449,0.000163,,3681800,,
0,15,,0.111241,0.069521,0.122122,0.036804,0.029082,0.010382,0.079847,0.069038,0.001746,0.038725,0.033081,0.008023,0.082699,0.112923,0.007199,0.173503,0.013274,0.000789,,3117700,,
0,6,,0.112716,0.026184,0.079894,0.14648,0.007899,0.004148,0.223682,0.032761,0.001867,0.014809,0.007562,0.03364,0.050119,0.149021,0.002186,0.099763,0.006774,0.000499,,3141600,,
0,6,,0.102406,0.034434,0.081222,0.133108,0.0094,0.002277,0.215316,0.041255,0.002225,0.015016,0.010055,0.022392,0.052695,0.153285,0.001078,0.11623,0.007173,0.000434,,3120200,,
0,15,,0.119467,0.07314,0.11673,0.030981,0.020011,0.008043,0.087403,0.071645,0.003683,0.038848,0.026466,0.006731,0.085713,0.105668,0.006448,0.181007,0.016908,0.001106,,3117300,,
0,13,,0.11865,0.054052,0.093318,0.041131,0.01779,0.008658,0.147363,0.051302,0.003155,0.028264,0.024877,0.005401,0.069058,0.188394,0.001371,0.141063,0.005609,0.000543,,3123600,,
0,6,,0.124054,0.043699,0.094609,0.091736,0.021314,0.005221,0.209094,0.047912,0.000969,0.026196,0.020919,0.015505,0.05854,0.133837,0.001318,0.10199,0.002985,0.000101,,3145900,,
0,6,,0.119579,0.020196,0.074846,0.17388,0.008948,0.002278,0.205793,0.034756,0.001487,0.012232,0.008807,0.067897,0.041418,0.141078,0.000393,0.083226,0.003094,0.000092,,3005000,,
0,6,,0.114525,0.037506,0.085979,0.128965,0.015196,0.00594,0.185837,0.041586,0.001231,0.017088,0.018188,0.03671,0.05607,0.146298,0.000922,0.104111,0.003629,0.000218,,2931900,,
0,6,,0.103113,0.021593,0.079249,0.170368,0.006146,0.002611,0.223016,0.024451,0.000405,0.010111,0.010188,0.053144,0.041598,0.154933,0.00034,0.095422,0.002963,0.00035,,2959600,,
0,6,,0.108,0.01884,0.072258,0.182572,0.006771,0.002221,0.238433,0.029127,0.000349,0.006931,0.007873,0.032155,0.035619,0.146009,0.000542,0.108349,0.003787,0.000164,,2939700,,
0,13,,0.11137,0.053076,0.10009,0.04251,0.015751,0.008886,0.141128,0.056047,0.003726,0.026469,0.02354,0.00561,0.076211,0.184383,0.001221,0.143659,0.005727,0.000597,,2941500,,
0,6,,0.09404,0.036591,0.086537,0.065502,0.019292,0.007423,0.242186,0.043374,0.002005,0.014524,0.015758,0.00352,0.057759,0.176574,0.003943,0.12098,0.007669,0.002323,,2932200,,
0,13,,0.093849,0.05424,0.091972,0.061388,0.016965,0.007742,0.158683,0.06247,0.003358,0.018765,0.024612,0.007484,0.070755,0.194554,0.001359,0.123131,0.007877,0.000797,,2932200,,
0,15,,0.110337,0.072093,0.133391,0.023474,0.026673,0.012405,0.066286,0.07965,0.003036,0.036156,0.03275,0.007061,0.104539,0.093619,0.005967,0.178559,0.013084,0.000918,,2931200,,
0,6,,0.098218,0.040044,0.079047,0.159955,0.013292,0.004333,0.230572,0.050356,0.000612,0.011434,0.017336,0.030688,0.06021,0.117215,0.000899,0.079381,0.005941,0.000467,,2934400,,
0,6,,0.115458,0.028159,0.07515,0.154446,0.007794,0.002003,0.210189,0.036591,0.002552,0.013583,0.004969,0.037111,0.049962,0.15426,0.000743,0.098473,0.007947,0.000607,,2933100,,
0,15,,0.105915,0.073867,0.120123,0.03999,0.025679,0.008676,0.085944,0.076091,0.004618,0.036345,0.027937,0.006142,0.096179,0.106833,0.004749,0.164606,0.015388,0.000918,,2941000,,
0,15,,0.088422,0.063566,0.130934,0.016119,0.040651,0.016254,0.079174,0.074806,0.003109,0.034422,0.041222,0.000978,0.098198,0.105837,0.010688,0.173301,0.020788,0.001532,,2930600,,
0,6,,0.121432,0.027785,0.087615,0.118395,0.007152,0.001762,0.230688,0.039216,0.000974,0.013466,0.009735,0.02246,0.051248,0.156673,0.000206,0.107968,0.003072,0.000153,,2942500,,
0,15,,0.102324,0.073772,0.141253,0.016465,0.024506,0.008054,0.070116,0.079381,0.002326,0.036383,0.031297,0.001969,0.097129,0.107675,0.004797,0.18597,0.015666,0.000916,,2957900,,
0,13,,0.10984,0.037493,0.094005,0.062041,0.008895,0.005618,0.1746,0.051189,0.002482,0.021764,0.018618,0.006035,0.066776,0.19635,0.000711,0.138069,0.004816,0.000699,,2951500,,
0,13,,0.108631,0.044424,0.092322,0.063899,0.015109,0.009133,0.149195,0.052304,0.004085,0.022636,0.017575,0.011636,0.075501,0.189683,0.001288,0.13635,0.005675,0.000552,,2973300,,
0,6,,0.095736,0.042586,0.084012,0.096539,0.023179,0.010881,0.215022,0.041177,0.001219,0.024368,0.023445,0.010163,0.052124,0.157598,0.006734,0.10992,0.005153,0.000145,,2972700,,
0,13,,0.09313,0.045952,0.11267,0.024432,0.026126,0.018333,0.13266,0.052567,0.002597,0.020234,0.026362,0.000978,0.071876,0.204268,0.004773,0.154836,0.006709,0.001498,,2946100,,
0,6,,0.09842,0.030262,0.06963,0.17686,0.007177,0.001297,0.253173,0.046985,0.000598,0.008495,0.011387,0.034143,0.062711,0.124726,0.000598,0.069132,0.004168,0.000238,,2935900,,
0,6,,0.113528,0.034208,0.075988,0.145404,0.014525,0.005509,0.20261,0.040137,0.001712,0.017043,0.011992,0.037111,0.052394,0.143308,0.000922,0.099762,0.003629,0.000218,,2942300,,
0,6,,0.112621,0.030323,0.086681,0.153945,0.009897,0.002752,0.20469,0.028803,0.001241,0.010969,0.012434,0.05433,0.049104,0.147003,0.000527,0.091336,0.003273,0.00007,,3005000,,
0,6,,0.114525,0.037506,0.085979,0.128965,0.015196,0.00594,0.185837,0.041586,0.001231,0.017088,0.018188,0.03671,0.05607,0.146298,0.000922,0.104111,0.003629,0.000218,,2952400,,
0,6,,0.123035,0.041807,0.074272,0.132609,0.016248,0.005317,0.2023,0.039616,0.000682,0.021112,0.019195,0.034419,0.048315,0.136797,0.001117,0.09947,0.003526,0.000164,,2954100,,
0,6,,0.09173,0.038847,0.093906,0.100203,0.025105,0.010413,0.203905,0.054212,0.000635,0.015258,0.021654,0.016767,0.066503,0.148179,0.004262,0.102422,0.005856,0.000145,,2953500,,
0,6,,0.116653,0.031453,0.075827,0.135522,0.00771,0.001737,0.229259,0.037769,0.002616,0.014728,0.005165,0.025659,0.051102,0.155499,0.000743,0.099953,0.007974,0.000629,,2966600,,
0,6,,0.102604,0.02221,0.091361,0.173521,0.008486,0.002219,0.217395,0.024485,0.000662,0.011276,0.008329,0.045865,0.043342,0.139021,0.000729,0.104529,0.003863,0.000101,,2964700,,
0,2,,0.102093,0.128729,0.149991,0.016465,0.014428,0.007161,0.068571,0.137164,0.000539,0.04387,0.024064,0.001969,0.120623,0.08138,0.001932,0.098297,0.002618,0.000105,,2987500,,
0,6,,0.119992,0.035219,0.093397,0.097919,0.00824,0.001762,0.213205,0.041007,0.002361,0.016263,0.010095,0.015228,0.058929,0.158855,0.000743,0.118182,0.007974,0.000629,,2993700,,
0,6,,0.092422,0.03463,0.066647,0.164145,0.006929,0.001297,0.254175,0.046064,0.001987,0.008771,0.009435,0.028641,0.058828,0.134886,0.001096,0.080969,0.008345,0.000734,,2995800,,
0,6,,0.100339,0.034864,0.089537,0.093299,0.018551,0.007602,0.20942,0.051038,0.001804,0.013437,0.013914,0.013719,0.066391,0.168914,0.004304,0.10287,0.009453,0.000542,,2995800,,
0,13,,0.102434,0.04406,0.101611,0.055274,0.015025,0.00961,0.157743,0.04903,0.003901,0.018853,0.019399,0.004132,0.066891,0.194913,0.001342,0.146212,0.00875,0.00082,,3008200,,
0,15,,0.107523,0.066764,0.119136,0.045807,0.020482,0.005796,0.095316,0.071473,0.005406,0.032554,0.022309,0.006142,0.094888,0.117164,0.004715,0.164162,0.019137,0.001225,,3189900,,
0,6,,0.109568,0.028543,0.079072,0.144589,0.007151,0.002433,0.242789,0.030229,0.003246,0.0101,0.00622,0.018487,0.042999,0.15767,0.00092,0.105382,0.009829,0.000775,,3149900,,
0,13,,0.096234,0.045233,0.112483,0.030896,0.013685,0.008321,0.14467,0.053478,0.0025,0.022682,0.024559,0.001969,0.076197,0.201285,0.001175,0.158411,0.005225,0.000998,,3147900,,
0,13,,0.098378,0.038341,0.093446,0.068233,0.01025,0.0062,0.169939,0.047409,0.004564,0.014817,0.015208,0.007734,0.065501,0.204716,0.001291,0.142802,0.010234,0.000937,,3157500,,
0,6,,0.1054,0.031527,0.059484,0.150169,0.006065,0.001304,0.253794,0.031131,0.001929,0.01794,0.011835,0.018508,0.038504,0.159596,0.004036,0.093707,0.013502,0.00157,,3148800,,
0,13,,0.105257,0.034524,0.099088,0.042666,0.010334,0.006176,0.157189,0.048913,0.004276,0.015674,0.015922,0.001611,0.065747,0.222067,0.002629,0.149375,0.016684,0.001867,,3222600,,
0,6,,0.10608,0.039746,0.087892,0.105768,0.018442,0.006486,0.221346,0.039895,0.001205,0.01453,0.016999,0.010756,0.04561,0.152521,0.001753,0.126237,0.004541,0.000194,,3173100,,
0,6,,0.109223,0.045926,0.087501,0.107712,0.016462,0.005194,0.224401,0.041546,0.000706,0.022642,0.019413,0.017567,0.057042,0.13248,0.001116,0.107867,0.003038,0.000165,,3164700,,
0,6,,0.0805,0.045935,0.112135,0.062028,0.026813,0.009904,0.194541,0.052388,0.004228,0.027136,0.023335,0.006384,0.078923,0.124059,0.002931,0.132403,0.013183,0.003175,,3168100,,
0,13,,0.106059,0.03632,0.093835,0.062437,0.008996,0.005818,0.175729,0.049747,0.002962,0.016671,0.016118,0.007019,0.071351,0.196601,0.000736,0.144347,0.004768,0.000486,,3225500,,
0,6,,0.103779,0.023258,0.06607,0.177824,0.006159,0.00239,0.232203,0.032415,0.000622,0.007155,0.008647,0.036187,0.043555,0.15251,0.000354,0.102178,0.004392,0.000301,,3157500,,
0,13,,0.106466,0.041618,0.101887,0.02944,0.009146,0.006125,0.139653,0.051256,0.004206,0.020274,0.016885,0.001969,0.075672,0.214707,0.001202,0.169464,0.009126,0.000903,,3151300,,
0,13,,0.09279,0.040053,0.094622,0.060897,0.009777,0.006201,0.165788,0.0522,0.004397,0.017795,0.01529,0.006027,0.072941,0.204729,0.001314,0.145967,0.008392,0.000819,,3294400,,
0,13,,0.105807,0.053509,0.093754,0.050118,0.017644,0.008632,0.155339,0.048048,0.003173,0.027661,0.024545,0.006814,0.067359,0.195591,0.001436,0.134894,0.005131,0.000544,,3238400,,
0,13,,0.096665,0.047113,0.110615,0.030517,0.014576,0.008532,0.142632,0.052141,0.003101,0.022598,0.023428,0.004534,0.077225,0.200634,0.001335,0.157818,0.00594,0.000597,,3136500,,
0,1,,0.095892,0.160767,0.128096,0.028256,0.025694,0.011369,0.075603,0.138003,0.00094,0.046298,0.027218,0.003256,0.088083,0.074561,0.004342,0.088912,0.002627,0.000083,,3125900,,
0,13,,0.109075,0.047736,0.1099,0.046037,0.014791,0.009208,0.129956,0.059325,0.003771,0.025191,0.024056,0.005377,0.087909,0.177075,0.00127,0.142889,0.005882,0.000551,,3122900,,
0,15,,0.107336,0.077243,0.129084,0.031231,0.026995,0.007955,0.075388,0.081008,0.003295,0.038396,0.030815,0.00561,0.096269,0.107658,0.004749,0.160662,0.015388,0.000918,,3128100,,
0,13,,0.079629,0.045424,0.120667,0.021731,0.02189,0.013004,0.127131,0.062457,0.010492,0.030929,0.023187,0,0.088563,0.179218,0.003153,0.149421,0.018741,0.004364,,3150400,,
0,13,,0.120861,0.050541,0.092396,0.041272,0.00911,0.008221,0.147449,0.051947,0.0047,0.027503,0.019205,0.006731,0.068706,0.19752,0.002361,0.142135,0.008529,0.000813,,3161400,,
0,6,,0.094944,0.031075,0.075312,0.143313,0.007412,0.002392,0.228373,0.039133,0.001955,0.012779,0.008631,0.024017,0.049735,0.152152,0.00087,0.120262,0.0071,0.000545,,3109400,,
0,6,,0.092422,0.03463,0.066647,0.164145,0.006929,0.001297,0.254175,0.046064,0.001987,0.008771,0.009435,0.028641,0.058828,0.134886,0.001096,0.080969,0.008345,0.000734,,3101700,,
0,13,,0.099021,0.047695,0.10097,0.051339,0.014217,0.009114,0.147688,0.060014,0.003546,0.021892,0.0222,0.006027,0.073737,0.188012,0.001297,0.147616,0.005093,0.000522,,3085800,,
0,13,,0.093377,0.047467,0.107612,0.023893,0.021761,0.014857,0.138466,0.055139,0.004411,0.018598,0.021063,0,0.073196,0.210435,0.004227,0.153836,0.009145,0.002516,,3090100,,
0,6,,0.101878,0.021336,0.069721,0.153525,0.006624,0.002287,0.255934,0.030778,0.001227,0.010087,0.006429,0.025955,0.043571,0.163902,0.00034,0.103537,0.002737,0.000134,,2940300,,
0,6,,0.105363,0.044854,0.068541,0.13733,0.016426,0.005004,0.233061,0.035794,0.001547,0.021532,0.019163,0.018508,0.040772,0.14295,0.004049,0.10146,0.003453,0.000195,,2962100,,
0,6,,0.092206,0.0429,0.095072,0.076152,0.010577,0.004166,0.208149,0.053568,0.001429,0.019766,0.016454,0.013981,0.053251,0.165797,0.00243,0.137415,0.006191,0.000497,,2956400,,
0,15,,0.092604,0.071037,0.1252,0.029321,0.04113,0.013853,0.064482,0.091672,0.003012,0.034776,0.041473,0.005873,0.09985,0.102002,0.009925,0.150615,0.022482,0.000692,,2972300,,
0,15,,0.098078,0.070977,0.130014,0.030478,0.039913,0.010297,0.070177,0.075274,0.003745,0.03013,0.031413,0.004469,0.082603,0.103452,0.007983,0.183791,0.025135,0.002073,,2995400,,
0,15,,0.094847,0.075139,0.150444,0.014893,0.027035,0.005129,0.073132,0.098227,0.003849,0.035916,0.030682,0.000861,0.08938,0.106562,0.004847,0.168916,0.018965,0.001177,,2991400,,
0,13,,0.110084,0.037928,0.091433,0.070876,0.009833,0.00628,0.158111,0.047807,0.004842,0.019015,0.012068,0.011636,0.073254,0.199843,0.001235,0.135529,0.009388,0.000836,,2990800,,
0,6,,0.102766,0.033766,0.077984,0.13918,0.009461,0.002388,0.230271,0.035458,0.002627,0.011647,0.010011,0.019889,0.048726,0.15352,0.001078,0.111546,0.00906,0.000623,,2991300,,
0,6,,0.103322,0.022589,0.07748,0.136005,0.006146,0.002611,0.243375,0.031579,0.000405,0.010332,0.010967,0.022731,0.047128,0.174215,0.00034,0.107463,0.002963,0.00035,,2971900,,
0,6,,0.105055,0.02298,0.069396,0.173236,0.006145,0.002279,0.221781,0.037073,0.000562,0.010133,0.008486,0.03874,0.043775,0.152311,0.000354,0.105077,0.002505,0.000112,,2994600,,
0,6,,0.097603,0.027612,0.056658,0.196319,0.004804,0.001416,0.285714,0.027806,0.001088,0.015603,0.009855,0.023968,0.037249,0.12785,0.002306,0.081045,0.00294,0.000166,,2930200,,
0,13,,0.094151,0.058466,0.120935,0.028701,0.018413,0.008704,0.118959,0.073702,0.003089,0.028074,0.027873,0.00279,0.080259,0.178574,0.001319,0.15008,0.005362,0.00055,,2932600,,
0,13,,0.09313,0.045952,0.11267,0.024432,0.026126,0.018333,0.13266,0.052567,0.002597,0.020234,0.026362,0.000978,0.071876,0.204268,0.004773,0.154836,0.006709,0.001498,,2931900,,
0,6,,0.10305,0.031298,0.074821,0.131987,0.007233,0.002385,0.2243,0.04131,0.001973,0.013383,0.009133,0.021899,0.050575,0.161161,0.000847,0.116978,0.007124,0.000542,,2938100,,
0,7,,0.109633,0.138668,0.140235,0.023461,0.015135,0.006931,0.068286,0.144159,0.001131,0.047845,0.024284,0.002641,0.120721,0.065181,0.0019,0.087044,0.002639,0.000106,,2961600,,
0,6,,0.102154,0.0309,0.073631,0.146974,0.007471,0.002279,0.210386,0.039611,0.001814,0.013034,0.00867,0.030118,0.047165,0.159925,0.000847,0.117452,0.007048,0.00052,,2930500,,
0,13,,0.111997,0.037878,0.099893,0.05466,0.010597,0.007619,0.15223,0.044099,0.003713,0.019629,0.019102,0.009519,0.073097,0.207414,0.002341,0.13686,0.008609,0.000743,,2973900,,
0,2,,0.111348,0.121415,0.152383,0.026907,0.017771,0.011045,0.065196,0.137525,0.000532,0.042181,0.027831,0.00655,0.117333,0.067598,0.004009,0.088454,0.001815,0.000106,,2962600,,
0,6,,0.119992,0.035219,0.093397,0.097919,0.00824,0.001762,0.213205,0.041007,0.002361,0.016263,0.010095,0.015228,0.058929,0.158855,0.000743,0.118182,0.007974,0.000629,,2947400,,
0,13,,0.089729,0.050767,0.115871,0.031649,0.022005,0.013793,0.111849,0.064832,0.011934,0.039185,0.028505,0.001362,0.084864,0.170672,0.005805,0.135442,0.019213,0.002522,,2962000,,
0,6,,0.092823,0.051017,0.098797,0.078442,0.01727,0.005499,0.195236,0.062521,0.000678,0.021891,0.022203,0.012943,0.065536,0.142167,0.001046,0.128324,0.003389,0.000217,,2958200,,
0,13,,0.09165,0.054396,0.119154,0.02523,0.025977,0.01588,0.102467,0.06653,0.010568,0.039423,0.032951,0.001479,0.089358,0.158,0.005852,0.142466,0.016298,0.002321,,2976000,,
0,6,,0.102633,0.042952,0.089244,0.086354,0.025061,0.011031,0.206998,0.043916,0.00121,0.026611,0.026579,0.007953,0.052997,0.158802,0.00714,0.105204,0.005232,0.00008,,2955600,,
0,6,,0.097603,0.027612,0.056658,0.196319,0.004804,0.001416,0.285714,0.027806,0.001088,0.015603,0.009855,0.023968,0.037249,0.12785,0.002306,0.081045,0.00294,0.000166,,2972900,,
0,13,,0.112935,0.053658,0.109145,0.033032,0.015009,0.008936,0.127926,0.059942,0.003726,0.027213,0.024173,0.002641,0.082551,0.179481,0.001221,0.152087,0.005727,0.000597,,2978900,,
0,15,,0.101831,0.075085,0.139634,0.027553,0.026394,0.00835,0.07445,0.083495,0.003119,0.037651,0.033084,0.004155,0.102849,0.104383,0.004909,0.157151,0.015116,0.00079,,2980600,,
0,6,,0.098218,0.040044,0.079047,0.159955,0.013292,0.004333,0.230572,0.050356,0.000612,0.011434,0.017336,0.030688,0.06021,0.117215,0.000899,0.079381,0.005941,0.000467,,2969700,,
0,13,,0.106372,0.037168,0.093282,0.071687,0.011737,0.006655,0.168599,0.046723,0.004266,0.014676,0.015109,0.008184,0.070154,0.204466,0.00071,0.132501,0.007057,0.000653,,2969500,,
0,15,,0.108697,0.070293,0.125467,0.031977,0.030622,0.008528,0.070077,0.087114,0.003551,0.038101,0.035407,0.005885,0.091784,0.109472,0.004855,0.162139,0.015113,0.000918,,2965800,,
0,15,,0.105915,0.073867,0.120123,0.03999,0.025679,0.008676,0.085944,0.076091,0.004618,0.036345,0.027937,0.006142,0.096179,0.106833,0.004749,0.164606,0.015388,0.000918,,2976800,,
0,13,,0.104246,0.038835,0.102229,0.037109,0.010803,0.007066,0.152435,0.045558,0.003476,0.019593,0.020481,0.004104,0.069443,0.214485,0.002493,0.158927,0.007976,0.000742,,2973400,,
0,13,,0.090545,0.053093,0.117284,0.032308,0.025471,0.015821,0.109846,0.067594,0.010682,0.039537,0.032882,0.001817,0.088315,0.156536,0.006006,0.133639,0.016347,0.002275,,2969900,,
0,15,,0.087801,0.066571,0.129644,0.015329,0.039983,0.015261,0.08146,0.076419,0.003311,0.037042,0.041567,0,0.096428,0.105769,0.009832,0.171194,0.020628,0.00176,,2976100,,
0,6,,0.105968,0.025615,0.055504,0.19934,0.004881,0.001304,0.264694,0.028658,0.000769,0.015089,0.009762,0.030401,0.036056,0.13577,0.002209,0.080963,0.002855,0.000164,,2964900,,
0,6,,0.106639,0.02549,0.079536,0.118085,0.007789,0.002327,0.241452,0.033278,0.001839,0.009926,0.009583,0.010756,0.043439,0.17086,0.002232,0.119852,0.015325,0.001592,,3002000,,
0,15,,0.090926,0.074059,0.118604,0.052884,0.028677,0.008379,0.089099,0.083099,0.003635,0.027411,0.030092,0.009226,0.085539,0.102105,0.004699,0.165113,0.024639,0.001815,,2974800,,
0,13,,0.103364,0.034461,0.097733,0.057097,0.010309,0.009128,0.162061,0.045132,0.005641,0.021637,0.015773,0.004132,0.061712,0.21036,0.002039,0.147974,0.010443,0.001002,,2975100,,
0,6,,0.117314,0.040381,0.079057,0.124535,0.015748,0.008076,0.216092,0.036631,0.00039,0.022421,0.020553,0.03076,0.048271,0.132767,0.002727,0.101692,0.002484,0.000101,,2976100,,
0,6,,0.114052,0.020563,0.072022,0.182539,0.006375,0.004148,0.210181,0.02325,0.000662,0.012821,0.005818,0.078923,0.04108,0.140052,0.001483,0.083779,0.00216,0.000092,,2974600,,
0,13,,0.100515,0.035241,0.096315,0.078685,0.010015,0.006203,0.168399,0.052509,0.003577,0.01671,0.016079,0.011206,0.072485,0.195635,0.00077,0.130639,0.004573,0.000443,,2979500,,
0,13,,0.113712,0.032857,0.091772,0.075007,0.009435,0.007619,0.165445,0.040309,0.002592,0.018141,0.018559,0.016544,0.069292,0.19877,0.001659,0.133224,0.004621,0.000441,,2977900,,
0,15,,0.094212,0.070998,0.139008,0.020702,0.02482,0.007793,0.080452,0.075299,0.002275,0.033546,0.030805,0.004534,0.095887,0.105779,0.0049,0.192356,0.015719,0.000916,,2975800,,
0,2,,0.113867,0.128242,0.144781,0.030452,0.023613,0.006299,0.071356,0.1376,0.000838,0.050545,0.029159,0.006494,0.101002,0.073549,0.002025,0.078083,0.002043,0.000052,,2973600,,
0,13,,0.089729,0.050767,0.115871,0.031649,0.022005,0.013793,0.111849,0.064832,0.011934,0.039185,0.028505,0.001362,0.084864,0.170672,0.005805,0.135442,0.019213,0.002522,,2979600,,
0,13,,0.106059,0.03632,0.093835,0.062437,0.008996,0.005818,0.175729,0.049747,0.002962,0.016671,0.016118,0.007019,0.071351,0.196601,0.000736,0.144347,0.004768,0.000486,,2996500,,
0,15,,0.10692,0.065382,0.122696,0.029292,0.020177,0.005268,0.089262,0.074972,0.003343,0.029806,0.023674,0.004658,0.091997,0.115514,0.004742,0.191862,0.019234,0.0012,,2976900,,
0,6,,0.092019,0.025672,0.083013,0.102174,0.016599,0.007423,0.256887,0.039762,0.000551,0.010584,0.013132,0.011212,0.058473,0.165043,0.00331,0.10851,0.00416,0.001476,,2973100,,
0,15,,0.099597,0.072369,0.118073,0.04144,0.036688,0.009884,0.085459,0.068639,0.004933,0.03352,0.035453,0.002295,0.078823,0.102237,0.010745,0.174382,0.02339,0.002073,,2974600,,
0,13,,0.108508,0.044599,0.10346,0.047148,0.015754,0.011146,0.141438,0.050011,0.00285,0.023432,0.025271,0.009519,0.076205,0.19417,0.002428,0.138505,0.005051,0.000504,,2990000,,
0,13,,0.118894,0.051264,0.092698,0.053945,0.017405,0.008327,0.145173,0.04941,0.003055,0.02763,0.024843,0.009797,0.064382,0.189032,0.001437,0.136585,0.005626,0.000497,,2978500,,
0,6,,0.096732,0.034286,0.08441,0.087317,0.008133,0.002384,0.215734,0.056735,0.000546,0.014744,0.012554,0.011999,0.056631,0.185104,0.000315,0.129334,0.002889,0.000153,,2972400,,
0,15,,0.107726,0.059891,0.125521,0.042189,0.022648,0.007871,0.08309,0.068987,0.003259,0.030549,0.026066,0.009519,0.092252,0.12576,0.006873,0.169876,0.016766,0.001157,,2972500,,
0,6,,0.116027,0.038475,0.096051,0.108291,0.015046,0.005512,0.185893,0.045275,0.001231,0.019116,0.018599,0.02668,0.061512,0.145722,0.000922,0.111801,0.003629,0.000218,,2967800,,
0,6,,0.099385,0.042267,0.079822,0.139568,0.018467,0.004745,0.22271,0.048767,0.00086,0.012735,0.017242,0.026685,0.053877,0.133257,0.00167,0.094079,0.003668,0.000195,,2975500,,
0,13,,0.111863,0.049137,0.109737,0.042601,0.015345,0.009136,0.124858,0.057238,0.003605,0.025022,0.024096,0.008136,0.082528,0.181942,0.001288,0.147243,0.005675,0.000552,,2977900,,
0,6,,0.081576,0.04531,0.106729,0.059498,0.02674,0.009886,0.186492,0.052113,0.004332,0.026478,0.023473,0.009101,0.076406,0.135808,0.002948,0.136941,0.012987,0.003183,,2992700,,
0,6,,0.117261,0.033234,0.080821,0.129073,0.017299,0.005845,0.212162,0.048903,0.002002,0.019028,0.017706,0.02631,0.052812,0.136067,0.001124,0.096557,0.003642,0.000155,,2991500,,
0,13,,0.110084,0.037928,0.091433,0.070876,0.009833,0.00628,0.158111,0.047807,0.004842,0.019015,0.012068,0.011636,0.073254,0.199843,0.001235,0.135529,0.009388,0.000836,,2996200,,
0,13,,0.087336,0.056286,0.124978,0.024713,0.018229,0.008714,0.118098,0.070234,0.003101,0.027867,0.027936,0.003425,0.078689,0.188217,0.001335,0.154303,0.00594,0.000597,,2998900,,
0,6,,0.10691,0.023742,0.079254,0.143764,0.007058,0.00379,0.236682,0.025629,0.000276,0.014064,0.011906,0.0566,0.044389,0.144553,0.00173,0.097869,0.001693,0.000091,,3009100,,
0,7,,0.092553,0.135951,0.134718,0.011154,0.023012,0.00648,0.061947,0.186997,0.000808,0.057857,0.034342,0.000861,0.101141,0.065906,0.001965,0.081588,0.002615,0.000105,,2993600,,
0,6,,0.111513,0.028763,0.075794,0.172736,0.009543,0.002388,0.231091,0.023897,0.001555,0.008449,0.007706,0.048914,0.044031,0.142254,0.000527,0.085417,0.005161,0.000259,,2992400,,
0,6,,0.119574,0.027116,0.086372,0.143363,0.007152,0.001762,0.208017,0.031413,0.000974,0.013045,0.009053,0.048176,0.046475,0.158154,0.000206,0.095924,0.003072,0.000153,,2998700,,
0,6,,0.102728,0.02947,0.055765,0.189419,0.005719,0.002433,0.27766,0.030905,0.001134,0.019405,0.011241,0.026094,0.037007,0.130174,0.002468,0.075642,0.002572,0.000164,,2989600,,
0,13,,0.093394,0.037611,0.093025,0.064968,0.010066,0.006312,0.176045,0.047329,0.0048,0.015091,0.015063,0.005472,0.067764,0.207244,0.001314,0.143214,0.01028,0.001008,,3027100,,
0,6,,0.10678,0.053841,0.0958,0.08654,0.01883,0.008045,0.181194,0.060395,0.00039,0.028836,0.025053,0.016908,0.056003,0.136331,0.002727,0.11974,0.002484,0.000101,,2999000,,
0,15,,0.085802,0.07298,0.119342,0.051491,0.028864,0.00837,0.09135,0.082135,0.003625,0.026164,0.030546,0.008301,0.087427,0.10225,0.004981,0.169723,0.024834,0.001815,,2995900,,
0,13,,0.08873,0.049369,0.120538,0.029149,0.026695,0.017156,0.107374,0.062903,0.010141,0.039083,0.033451,0.002339,0.084539,0.166337,0.006018,0.137544,0.016405,0.002229,,2989500,,
0,15,,0.100251,0.07043,0.116723,0.039675,0.037351,0.009678,0.083686,0.070533,0.004604,0.032511,0.035176,0.00333,0.078037,0.105332,0.01087,0.176236,0.023503,0.002073,,2995500,,
0,13,,0.11257,0.051738,0.10375,0.054533,0.010811,0.008382,0.132743,0.071637,0.003331,0.026955,0.022034,0.00955,0.068282,0.185808,0.001662,0.13114,0.004607,0.000465,,3000900,,
0,6,,0.09404,0.036591,0.086537,0.065502,0.019292,0.007423,0.242186,0.043374,0.002005,0.014524,0.015758,0.00352,0.057759,0.176574,0.003943,0.12098,0.007669,0.002323,,2997500,,
0,15,,0.099344,0.07049,0.131753,0.03871,0.027965,0.009885,0.088718,0.076209,0.004767,0.031867,0.029088,0.004132,0.095982,0.095765,0.004909,0.162158,0.026345,0.001913,,2994300,,
0,6,,0.114298,0.032299,0.080258,0.105564,0.007493,0.002741,0.222247,0.040199,0.002556,0.014011,0.012002,0.017349,0.056901,0.172741,0.00092,0.109793,0.00802,0.000607,,3001000,,
0,13,,0.099577,0.049,0.106759,0.058268,0.012893,0.006204,0.143584,0.066882,0.003047,0.024622,0.020521,0.006062,0.070058,0.190556,0.000805,0.136094,0.004555,0.000513,,2998500,,
0,15,,0.096494,0.068474,0.121496,0.027787,0.038775,0.01466,0.068702,0.078829,0.003671,0.039352,0.044165,0.002337,0.094539,0.105677,0.01259,0.159428,0.022333,0.000692,,3005000,,
0,6,,0.107034,0.025145,0.084244,0.139036,0.007909,0.002329,0.234656,0.032468,0.001817,0.00953,0.009285,0.014529,0.04382,0.153695,0.002232,0.115249,0.015451,0.001571,,3002200,,
0,6,,0.105887,0.024622,0.077993,0.157704,0.007895,0.002277,0.229061,0.039256,0.000796,0.012078,0.009827,0.029437,0.051536,0.144487,0.000542,0.103938,0.002615,0.000049,,3010700,,
0,2,,0.100034,0.118066,0.154876,0.021834,0.013993,0.006794,0.081399,0.138976,0.000238,0.041787,0.024819,0.001969,0.117762,0.075664,0.001884,0.097142,0.002165,0.0006,,3008700,,
0,15,,0.106151,0.0733,0.133583,0.035209,0.025584,0.008667,0.066147,0.082211,0.003279,0.037696,0.03095,0.005377,0.104555,0.092522,0.004687,0.173943,0.015221,0.000918,,3074400,,
0,15,,0.097092,0.070909,0.120913,0.033803,0.039311,0.010025,0.085366,0.069399,0.004985,0.035572,0.037916,0.001759,0.076112,0.104045,0.011246,0.175916,0.023561,0.002073,,3003300,,
0,15,,0.091119,0.069223,0.134311,0.029762,0.039541,0.0105,0.076513,0.071601,0.003958,0.029558,0.03171,0.001697,0.083932,0.101524,0.008054,0.189673,0.025252,0.002073,,3014300,,
0,15,,0.109916,0.080605,0.136783,0.025168,0.023411,0.007834,0.069819,0.090209,0.003683,0.042748,0.032565,0.005622,0.084564,0.101273,0.006448,0.161338,0.016908,0.001106,,3006900,,
0,13,,0.094756,0.054513,0.111641,0.034362,0.028536,0.017382,0.116704,0.068378,0.003381,0.022199,0.028873,0.003394,0.077386,0.188705,0.004618,0.137094,0.007604,0.000474,,3009400,,
0,6,,0.0805,0.045935,0.112135,0.062028,0.026813,0.009904,0.194541,0.052388,0.004228,0.027136,0.023335,0.006384,0.078923,0.124059,0.002931,0.132403,0.013183,0.003175,,2995800,,
0,13,,0.111058,0.059172,0.12046,0.03071,0.017395,0.006301,0.112323,0.07263,0.004996,0.030517,0.021151,0.002417,0.069922,0.19046,0.001314,0.139687,0.008697,0.000789,,3030800,,
0,6,,0.120489,0.024035,0.069919,0.167706,0.007572,0.005216,0.229057,0.034585,0.001465,0.011917,0.005559,0.04281,0.052531,0.136591,0.000821,0.087176,0.002397,0.000154,,3007900,,
0,6,,0.121875,0.02564,0.088235,0.145488,0.008044,0.00524,0.195447,0.032365,0.00121,0.012646,0.009999,0.059892,0.055836,0.144611,0.000821,0.090102,0.002397,0.000154,,2998800,,
0,15,,0.099374,0.073168,0.140919,0.030708,0.026404,0.008408,0.071648,0.077304,0.003118,0.036346,0.031904,0.004155,0.092497,0.11376,0.004847,0.169965,0.014685,0.00079,,3006100,,
0,6,,0.124404,0.039878,0.084958,0.122956,0.008882,0.001619,0.224043,0.04121,0.001938,0.017284,0.009961,0.020666,0.056345,0.131677,0.000872,0.104622,0.008097,0.000586,,3002600,,
0,15,,0.113765,0.071137,0.128862,0.029034,0.027953,0.010768,0.074668,0.072441,0.001746,0.039391,0.033647,0.005054,0.088935,0.096897,0.007199,0.184442,0.013274,0.000789,,3011400,,
0,6,,0.105791,0.037516,0.090647,0.074994,0.013676,0.005375,0.226706,0.042893,0.000671,0.01857,0.018661,0.011597,0.060959,0.163422,0.001044,0.123762,0.003499,0.000216,,3013500,,
0,15,,0.099682,0.067519,0.138525,0.02189,0.026578,0.010869,0.079668,0.073583,0.001724,0.034002,0.033762,0.004104,0.091166,0.102449,0.007145,0.193215,0.013203,0.000916,,3000300,,
0,2,,0.11502,0.132422,0.136251,0.030328,0.019602,0.006258,0.078602,0.131727,0.000561,0.04854,0.026889,0.005401,0.110321,0.069896,0.001992,0.083566,0.002571,0.000052,,3005400,,
0,6,,0.120865,0.034436,0.094133,0.10196,0.009108,0.00524,0.206411,0.039709,0.002666,0.01729,0.011179,0.022959,0.06395,0.14838,0.001542,0.112512,0.00705,0.000607,,2997700,,
0,13,,0.096234,0.045233,0.112483,0.030896,0.013685,0.008321,0.14467,0.053478,0.0025,0.022682,0.024559,0.001969,0.076197,0.201285,0.001175,0.158411,0.005225,0.000998,,3035300,,
0,6,,0.126368,0.043348,0.077181,0.105093,0.007463,0.004628,0.22601,0.043069,0.002573,0.022966,0.011871,0.021645,0.053281,0.14117,0.001978,0.103652,0.007119,0.000585,,2992900,,
0,6,,0.109539,0.029039,0.071698,0.118134,0.005406,0.005302,0.260261,0.041588,0.000809,0.015579,0.009648,0.021994,0.051558,0.154468,0.000945,0.101583,0.002297,0.000153,,3015900,,
0,6,,0.093498,0.03196,0.081046,0.078814,0.017368,0.007423,0.235129,0.040528,0.001833,0.012433,0.01371,0.009101,0.055871,0.182901,0.003712,0.124477,0.007661,0.002534,,3001600,,
0,6,,0.096656,0.029952,0.06166,0.182984,0.006975,0.00264,0.254427,0.048791,0.00085,0.00987,0.009918,0.038599,0.059841,0.126959,0.00036,0.065261,0.003957,0.000301,,3028900,,
0,13,,0.082869,0.046744,0.116396,0.023438,0.022062,0.013025,0.13173,0.065529,0.01093,0.030301,0.023036,0,0.091483,0.171668,0.003269,0.14451,0.018556,0.004457,,3003200,,
0,6,,0.097187,0.058416,0.094172,0.090391,0.019694,0.005591,0.189447,0.06162,0.000706,0.027029,0.023503,0.013745,0.059332,0.13662,0.001116,0.118226,0.003038,0.000165,,3001300,,
0,6,,0.106639,0.02549,0.079536,0.118085,0.007789,0.002327,0.241452,0.033278,0.001839,0.009926,0.009583,0.010756,0.043439,0.17086,0.002232,0.119852,0.015325,0.001592,,3033800,,
0,6,,0.107721,0.044956,0.077429,0.128386,0.016611,0.005622,0.224345,0.037856,0.000706,0.020614,0.019003,0.027597,0.0516,0.133056,0.001116,0.100178,0.003038,0.000165,,2999900,,
0,15,,0.093369,0.071926,0.126946,0.044378,0.028304,0.009828,0.085395,0.073933,0.003884,0.029629,0.029462,0.005926,0.082843,0.1035,0.004506,0.178143,0.026214,0.001815,,3011900,,
0,6,,0.105791,0.037516,0.090647,0.074994,0.013676,0.005375,0.226706,0.042893,0.000671,0.01857,0.018661,0.011597,0.060959,0.163422,0.001044,0.123762,0.003499,0.000216,,3051800,,
0,6,,0.109948,0.039301,0.088342,0.098648,0.014449,0.006346,0.212238,0.044029,0.001077,0.017909,0.021023,0.017349,0.060471,0.158365,0.001069,0.105544,0.003729,0.000163,,3031500,,
0,15,,0.088603,0.071402,0.127398,0.040885,0.025498,0.00901,0.08321,0.075273,0.003552,0.032007,0.030592,0.006027,0.091656,0.111175,0.004671,0.183505,0.014843,0.000692,,3019900,,
0,2,,0.102347,0.123951,0.148908,0.021807,0.013285,0.010055,0.076909,0.14206,0.000521,0.046455,0.02526,0.003952,0.10961,0.075362,0.002516,0.095122,0.001773,0.000105,,3013100,,
0,13,,0.112954,0.048752,0.107099,0.047437,0.013038,0.006217,0.135937,0.069338,0.003029,0.024966,0.020772,0.00465,0.071399,0.184566,0.000757,0.143524,0.005051,0.000512,,3008100,,
0,6,,0.126368,0.037797,0.077524,0.11998,0.008876,0.001611,0.213435,0.040777,0.001908,0.018702,0.010504,0.024389,0.050555,0.148088,0.000872,0.110319,0.007709,0.000585,,3022200,,
0,13,,0.108634,0.03468,0.093817,0.065838,0.009971,0.007624,0.161775,0.044382,0.003968,0.018691,0.014575,0.010051,0.07306,0.207414,0.002341,0.133827,0.008609,0.000743,,3021300,,
0,7,,0.105385,0.140948,0.12206,0.028323,0.023214,0.006087,0.057356,0.173123,0.000576,0.062125,0.034151,0.004714,0.105047,0.056094,0.001994,0.075831,0.002922,0.000052,,3015800,,
0,15,,0.095332,0.070292,0.12298,0.028256,0.038136,0.014865,0.070167,0.076539,0.003919,0.040284,0.044442,0.001817,0.094945,0.103456,0.012465,0.159249,0.022164,0.000692,,3020000,,
0,15,,0.08669,0.068597,0.128355,0.020262,0.042848,0.016558,0.054691,0.093224,0.005749,0.050006,0.04981,0.002339,0.098124,0.085105,0.013823,0.159348,0.022782,0.00169,,2998400,,
0,15,,0.087537,0.070182,0.128478,0.043283,0.028385,0.009824,0.086921,0.072905,0.003877,0.028275,0.029474,0.005472,0.084878,0.103383,0.004671,0.184569,0.026071,0.001815,,3049500,,
0,6,,0.101788,0.022923,0.068088,0.172377,0.006438,0.00393,0.246117,0.029778,0.000622,0.010282,0.009931,0.032276,0.043067,0.145444,0.000942,0.101801,0.003957,0.000238,,3025000,,
0,15,,0.099374,0.073168,0.140919,0.030708,0.026404,0.008408,0.071648,0.077304,0.003118,0.036346,0.031904,0.004155,0.092497,0.11376,0.004847,0.169965,0.014685,0.00079,,3007500,,
0,6,,0.118816,0.04135,0.08913,0.103861,0.015598,0.007648,0.216147,0.04032,0.00039,0.024449,0.020963,0.02073,0.053714,0.132191,0.002727,0.109381,0.002484,0.000101,,3023100,,
0,13,,0.112202,0.031574,0.085325,0.093555,0.00914,0.00628,0.168195,0.043797,0.003585,0.017031,0.011539,0.020045,0.068338,0.192572,0.000719,0.130453,0.005162,0.000488,,3003900,,
0,15,,0.099263,0.067925,0.128545,0.047596,0.029188,0.009819,0.087592,0.073656,0.004721,0.028432,0.028043,0.004132,0.083041,0.104051,0.004941,0.17095,0.026192,0.001913,,3011200,,
0,2,,0.117328,0.13035,0.148954,0.022682,0.022477,0.007107,0.066664,0.136354,0.000838,0.051962,0.029503,0.003526,0.107965,0.06928,0.002025,0.080892,0.002043,0.000052,,2992500,,
0,6,,0.101836,0.019176,0.071169,0.153956,0.005778,0.002136,0.255828,0.031888,0.00066,0.011161,0.006102,0.023775,0.043018,0.168582,0.00034,0.101281,0.002963,0.00035,,3023800,,
0,6,,0.110702,0.02444,0.086958,0.132448,0.009464,0.002007,0.233942,0.035243,0.000814,0.012481,0.010019,0.047073,0.050207,0.143887,0.000503,0.096771,0.002949,0.000091,,3031700,,
0,15,,0.105468,0.065679,0.12839,0.04245,0.022036,0.005358,0.084213,0.07628,0.004438,0.030326,0.024656,0.004155,0.085567,0.126083,0.0049,0.170281,0.018614,0.001107,,3012200,,
0,13,,0.112995,0.046994,0.101823,0.043345,0.018177,0.009537,0.135447,0.0629,0.004244,0.025944,0.028641,0.005885,0.07495,0.188792,0.001253,0.132801,0.005722,0.000549,,3016700,,
0,13,,0.114465,0.048566,0.095124,0.048799,0.016939,0.010286,0.149137,0.046829,0.002575,0.02739,0.026115,0.008023,0.063987,0.197812,0.00271,0.135815,0.004978,0.00045,,3019100,,
0,6,,0.104635,0.035911,0.066048,0.133534,0.007251,0.00152,0.263095,0.032913,0.00241,0.0205,0.014403,0.011355,0.04048,0.1554,0.004568,0.090915,0.013576,0.001484,,3039300,,
0,13,,0.104885,0.047132,0.098121,0.048835,0.014488,0.009454,0.148183,0.05762,0.004008,0.023652,0.020367,0.004686,0.078217,0.186756,0.001293,0.146131,0.005631,0.000543,,3037900,,
0,6,,0.100676,0.029988,0.072658,0.133955,0.007443,0.001142,0.258844,0.042536,0.001588,0.009268,0.010221,0.017541,0.055069,0.154795,0.002375,0.085733,0.014573,0.001592,,3018100,,
0,15,,0.112308,0.071255,0.132345,0.028788,0.020677,0.005482,0.080244,0.07789,0.004308,0.034733,0.024077,0.002641,0.099922,0.102905,0.004715,0.177347,0.019137,0.001225,,3041600,,
0,15,,0.106965,0.072821,0.123619,0.038443,0.027511,0.008123,0.068492,0.08096,0.0032,0.036153,0.030221,0.011105,0.095359,0.113666,0.00478,0.162549,0.015114,0.000918,,3038800,,
0,13,,0.1112,0.039009,0.090702,0.061706,0.010245,0.008944,0.160873,0.04752,0.005049,0.020651,0.013295,0.010562,0.077691,0.199841,0.001969,0.131501,0.008407,0.000835,,3041200,,
0,7,,0.107921,0.128751,0.140371,0.031977,0.018563,0.006697,0.067667,0.154626,0.001388,0.045806,0.030566,0.005885,0.104728,0.07007,0.001932,0.08035,0.002597,0.000106,,3033100,,
0,6,,0.101562,0.023228,0.071697,0.189012,0.006424,0.00382,0.212012,0.027156,0.000562,0.0137,0.008253,0.069342,0.039778,0.135824,0.000942,0.094569,0.002069,0.000049,,3027500,,
0,6,,0.105337,0.022102,0.073125,0.173389,0.006716,0.003985,0.252786,0.030885,0.000725,0.010999,0.008282,0.026477,0.038712,0.138463,0.001066,0.103491,0.003296,0.000164,,3066900,,
0,13,,0.121813,0.04642,0.094883,0.050448,0.010896,0.005753,0.144388,0.049823,0.004198,0.023774,0.017891,0.006828,0.067704,0.195205,0.001319,0.14864,0.009203,0.000814,,3030500,,
0,15,,0.081714,0.073251,0.131169,0.011285,0.041519,0.012793,0.06789,0.097446,0.005718,0.047818,0.045117,0,0.104528,0.086023,0.009335,0.15786,0.023773,0.002762,,3009600,,
0,6,,0.098588,0.038112,0.081868,0.115988,0.007436,0.005677,0.207612,0.049844,0.000809,0.017744,0.011567,0.048582,0.055082,0.151675,0.000945,0.106021,0.002297,0.000153,,3027700,,
0,13,,0.107051,0.043939,0.105258,0.029859,0.012152,0.0062,0.147459,0.056952,0.004864,0.02005,0.017576,0.001969,0.073788,0.207309,0.001245,0.154395,0.009125,0.000809,,3025000,,
0,13,,0.093146,0.045038,0.101456,0.054451,0.014464,0.009068,0.155431,0.056242,0.003555,0.020748,0.021775,0.006027,0.07344,0.192737,0.001362,0.145406,0.005129,0.000524,,3020400,,
0,6,,0.099928,0.026207,0.073189,0.182949,0.007826,0.001142,0.265288,0.042704,0.000404,0.008335,0.010711,0.030104,0.053332,0.120195,0.000702,0.073476,0.003405,0.000101,,3051400,,
0,6,,0.091346,0.026426,0.063746,0.191022,0.005761,0.001297,0.261449,0.044432,0.000485,0.006521,0.009403,0.036703,0.0619,0.123755,0.000414,0.07085,0.004189,0.000302,,3036200,,
0,15,,0.099682,0.067519,0.138525,0.02189,0.026578,0.010869,0.079668,0.073583,0.001724,0.034002,0.033762,0.004104,0.091166,0.102449,0.007145,0.193215,0.013203,0.000916,,3047900,,
0,6,,0.097766,0.041666,0.074138,0.140638,0.013509,0.004343,0.23852,0.049604,0.000727,0.012154,0.017863,0.025593,0.059707,0.133311,0.001014,0.08294,0.00604,0.000465,,3037600,,
0,15,,0.115459,0.06642,0.121598,0.034907,0.022656,0.007426,0.08737,0.068866,0.00277,0.035315,0.026762,0.005054,0.085705,0.108216,0.007047,0.186675,0.016695,0.00106,,3063700,,
0,6,,0.097123,0.033646,0.060279,0.146359,0.005988,0.001416,0.272813,0.030098,0.002274,0.018503,0.011906,0.013651,0.039746,0.152915,0.004156,0.094005,0.013529,0.001595,,3044600,,
0,7,,0.106988,0.128891,0.112047,0.043436,0.018131,0.010285,0.079807,0.148114,0.001012,0.04251,0.026081,0.010051,0.116988,0.072683,0.004009,0.077045,0.001815,0.000106,,3029900,,
0,15,,0.097212,0.062313,0.134143,0.03184,0.019598,0.005117,0.084726,0.07232,0.003485,0.031144,0.025322,0.004155,0.090235,0.132721,0.004639,0.181562,0.017412,0.002058,,3032200,,
0,13,,0.096644,0.05315,0.109145,0.033084,0.026884,0.017272,0.118757,0.06699,0.003124,0.021814,0.026731,0.003281,0.080121,0.185378,0.004591,0.144928,0.007582,0.000522,,3011000,,
0,15,,0.086743,0.07014,0.127264,0.029496,0.040936,0.013944,0.068072,0.088043,0.003023,0.034541,0.041939,0.004211,0.101729,0.10046,0.010001,0.15601,0.022756,0.000692,,3025000,,
0,6,,0.114655,0.022687,0.092351,0.166817,0.0068,0.002087,0.194983,0.031054,0.001015,0.011943,0.008922,0.058236,0.052826,0.140479,0.000206,0.091476,0.003307,0.000155,,3015000,,
0,13,,0.120153,0.049527,0.083549,0.051883,0.009491,0.008192,0.161579,0.048632,0.0047,0.026592,0.018886,0.009699,0.063007,0.204319,0.002361,0.128085,0.008529,0.000813,,3023700,,
0,13,,0.110728,0.039784,0.097374,0.062929,0.010002,0.00633,0.154018,0.050189,0.004759,0.019938,0.016528,0.008346,0.079107,0.194543,0.001234,0.133781,0.009577,0.000835,,3017600,,
0,1,,0.091544,0.16499,0.11912,0.037515,0.025968,0.0097,0.084852,0.141898,0.000804,0.045637,0.027742,0.005743,0.088254,0.073063,0.004225,0.076795,0.002069,0.000083,,3009500,,
0,13,,0.102759,0.036903,0.09933,0.053026,0.010021,0.009018,0.151804,0.050004,0.005239,0.024341,0.016001,0.004686,0.066889,0.207845,0.002039,0.150727,0.008555,0.000813,,3007100,,
0,6,,0.111209,0.040216,0.08842,0.131688,0.009295,0.004029,0.191909,0.045628,0.000297,0.02035,0.013599,0.053613,0.049515,0.134507,0.001747,0.101906,0.002002,0.00007,,3021100,,
0,13,,0.092979,0.054245,0.12577,0.02634,0.019142,0.010652,0.115647,0.06829,0.0025,0.02854,0.031064,0.002996,0.07357,0.188719,0.002614,0.151832,0.004597,0.000503,,3028800,,
0,6,,0.115699,0.029451,0.089765,0.145476,0.007654,0.002536,0.203224,0.037845,0.002378,0.012806,0.009846,0.031234,0.059623,0.143363,0.000743,0.099591,0.00816,0.000608,,2992400,,
0,6,,0.092788,0.024468,0.066687,0.206184,0.005374,0.001383,0.244034,0.033634,0.000485,0.007468,0.00817,0.067828,0.050143,0.120397,0.000298,0.066165,0.004141,0.000353,,3011100,,
0,13,,0.092595,0.043838,0.103876,0.028337,0.020695,0.014737,0.149214,0.053893,0.003884,0.017402,0.019278,0,0.075097,0.206815,0.004231,0.154193,0.009257,0.002658,,3029700,,
0,6,,0.102697,0.042687,0.08778,0.102768,0.023007,0.010878,0.204866,0.042915,0.001214,0.023865,0.023493,0.011273,0.054541,0.151603,0.006589,0.104599,0.005079,0.000144,,3009200,,
0,6,,0.108081,0.020424,0.081097,0.164752,0.008486,0.002219,0.246737,0.031378,0.000662,0.009108,0.009213,0.022257,0.043346,0.140048,0.000729,0.107497,0.003863,0.000101,,2992200,,
0,15,,0.111781,0.06744,0.126978,0.037161,0.021114,0.005677,0.072891,0.077963,0.004183,0.03266,0.023603,0.008136,0.098056,0.108743,0.004728,0.178857,0.018827,0.001202,,3000300,,
