connect-4,LADTree,test,4,NANOSECONDS,PREDICTIONS, Generated by ClassifierExperiments.java on 2022-05-16 13:47:30.    SYSTEMPROPERTIES:{user.name:matth,os.arch:amd64,os.name:Windows 10},ENDSYSTEMPROPERTIES
No parameter info
0.6773238602723505,19838349100,409958710300,-1,673706408,3,,-1,-1
0,2,,0.152716,0.224561,0.622723,,31757800,,
0,2,,0.097374,0.256564,0.646062,,30915400,,
0,2,,0.247899,0.217323,0.534778,,31387500,,
0,2,,0.180386,0.206382,0.613233,,30644500,,
0,2,,0.104604,0.281003,0.614393,,30667200,,
0,2,,0.190463,0.174929,0.634607,,30903200,,
0,2,,0.144322,0.2728,0.582878,,31682300,,
0,2,,0.111363,0.391269,0.497368,,31062400,,
0,2,,0.110855,0.237283,0.651863,,30869300,,
0,2,,0.104914,0.283563,0.611523,,31074000,,
0,2,,0.145556,0.280521,0.573923,,30378000,,
0,2,,0.121427,0.358801,0.519771,,31132900,,
0,2,,0.176193,0.266223,0.557584,,30857200,,
0,2,,0.072187,0.248336,0.679477,,30916100,,
0,2,,0.166317,0.325294,0.508389,,30888900,,
0,2,,0.114172,0.291202,0.594627,,31666700,,
0,2,,0.110557,0.276746,0.612697,,31371600,,
0,2,,0.05307,0.342276,0.604655,,30624500,,
0,2,,0.073148,0.104288,0.822563,,30810700,,
0,2,,0.101164,0.188738,0.710098,,30844400,,
0,2,,0.18012,0.403794,0.416085,,32217900,,
0,2,,0.118837,0.214715,0.666448,,30154600,,
0,2,,0.16756,0.233979,0.598461,,29860200,,
0,2,,0.098944,0.295644,0.605413,,31093000,,
0,2,,0.163896,0.267202,0.568902,,30392600,,
0,2,,0.138168,0.225264,0.636568,,30263300,,
0,2,,0.051096,0.404193,0.544711,,32111400,,
0,2,,0.125086,0.260728,0.614186,,31318000,,
0,2,,0.112047,0.239893,0.64806,,29979000,,
0,2,,0.099915,0.297497,0.602588,,31134600,,
0,2,,0.151346,0.31582,0.532834,,30592800,,
0,2,,0.075992,0.319901,0.604107,,29590000,,
0,2,,0.123098,0.35022,0.526682,,29858300,,
0,2,,0.163731,0.253848,0.582421,,29919300,,
0,2,,0.145618,0.301978,0.552404,,30545400,,
0,2,,0.112356,0.331337,0.556307,,29758700,,
0,2,,0.141373,0.367398,0.491229,,29835000,,
0,2,,0.141844,0.211123,0.647033,,30113500,,
0,2,,0.158622,0.321018,0.52036,,30059100,,
0,2,,0.109607,0.287376,0.603017,,31183500,,
0,2,,0.138503,0.207616,0.65388,,29887900,,
0,2,,0.115201,0.396567,0.488232,,30488000,,
0,2,,0.070635,0.317237,0.612128,,29745400,,
0,2,,0.080396,0.219298,0.700307,,30437300,,
0,2,,0.195045,0.243632,0.561323,,30144000,,
0,2,,0.096811,0.267036,0.636153,,30099700,,
0,2,,0.146079,0.353164,0.500758,,29963500,,
0,2,,0.116767,0.157758,0.725475,,29654700,,
0,2,,0.068801,0.332911,0.598288,,30567800,,
0,2,,0.093314,0.357055,0.549631,,29853800,,
0,2,,0.117107,0.250335,0.632558,,30271000,,
0,2,,0.126313,0.334084,0.539603,,30111800,,
0,2,,0.110267,0.268324,0.621409,,30026500,,
0,2,,0.127947,0.230562,0.641491,,31620300,,
0,2,,0.155872,0.171703,0.672424,,30237400,,
0,2,,0.108895,0.259797,0.631308,,29972500,,
0,2,,0.126684,0.198408,0.674908,,31335500,,
0,2,,0.171661,0.242331,0.586007,,30556400,,
0,2,,0.131659,0.245838,0.622503,,30590200,,
0,2,,0.143143,0.328102,0.528755,,30690900,,
0,2,,0.104109,0.315117,0.580774,,29895300,,
0,2,,0.123928,0.262839,0.613233,,30051400,,
0,2,,0.04107,0.315997,0.642933,,31647900,,
0,2,,0.098592,0.33489,0.566518,,29836000,,
0,2,,0.129037,0.201276,0.669687,,30238100,,
0,2,,0.118138,0.305412,0.576451,,30142100,,
0,2,,0.103771,0.214827,0.681402,,30415700,,
0,2,,0.127638,0.268211,0.604151,,30878400,,
0,2,,0.091535,0.169565,0.738901,,30397200,,
0,2,,0.126565,0.27065,0.602785,,29895700,,
0,2,,0.136938,0.259298,0.603763,,30098100,,
0,2,,0.125655,0.224256,0.650089,,30714800,,
0,2,,0.123134,0.344235,0.532632,,30739000,,
0,2,,0.061962,0.29058,0.647457,,29967300,,
0,2,,0.137517,0.269764,0.592719,,30659400,,
0,2,,0.165655,0.24539,0.588954,,29652500,,
0,2,,0.124412,0.233548,0.642039,,30874000,,
0,2,,0.141867,0.238427,0.619706,,31172000,,
0,2,,0.163711,0.320433,0.515856,,30469000,,
0,2,,0.102218,0.241767,0.656015,,31036700,,
0,2,,0.165829,0.259679,0.574491,,29890000,,
0,2,,0.079518,0.225999,0.694483,,30676400,,
0,2,,0.085543,0.273786,0.64067,,32755900,,
0,2,,0.106417,0.314256,0.579327,,29786300,,
0,2,,0.113056,0.318299,0.568645,,30273800,,
0,2,,0.137287,0.294126,0.568587,,30434900,,
0,2,,0.130175,0.229847,0.639977,,31397800,,
0,2,,0.152478,0.241616,0.605906,,30035200,,
0,2,,0.089142,0.286932,0.623926,,30153600,,
0,2,,0.164537,0.230627,0.604836,,31382900,,
0,2,,0.100775,0.223132,0.676094,,31009500,,
0,2,,0.099459,0.248216,0.652325,,30370200,,
0,2,,0.142301,0.321897,0.535802,,30067000,,
0,2,,0.11673,0.30151,0.58176,,30040600,,
0,2,,0.121818,0.197964,0.680218,,30479100,,
0,2,,0.13275,0.345819,0.521431,,31192800,,
0,2,,0.09044,0.358616,0.550944,,30576500,,
0,2,,0.106677,0.267476,0.625847,,30297000,,
0,2,,0.098024,0.295007,0.606969,,29929800,,
0,2,,0.195571,0.337024,0.467405,,30455100,,
0,2,,0.08302,0.264833,0.652147,,30526500,,
0,2,,0.135151,0.339094,0.525755,,30948900,,
0,2,,0.111838,0.288543,0.599619,,30113200,,
0,2,,0.146695,0.266682,0.586623,,30351900,,
0,2,,0.166382,0.327753,0.505866,,31675100,,
0,2,,0.092622,0.229008,0.67837,,30113300,,
0,2,,0.151458,0.211683,0.63686,,30211500,,
0,2,,0.220867,0.385064,0.394068,,30849800,,
0,2,,0.111606,0.260163,0.628231,,30005800,,
0,2,,0.125846,0.20698,0.667174,,30695500,,
0,2,,0.190087,0.253389,0.556524,,29961500,,
0,2,,0.103041,0.277383,0.619576,,29524500,,
0,2,,0.054238,0.201454,0.744307,,30652100,,
0,2,,0.140055,0.183881,0.676064,,30779500,,
0,2,,0.106431,0.338438,0.55513,,31103400,,
0,2,,0.087007,0.268045,0.644948,,30461200,,
0,2,,0.095535,0.285276,0.619189,,30625600,,
0,2,,0.116625,0.257375,0.626,,29976700,,
0,2,,0.167815,0.22331,0.608875,,30907500,,
0,2,,0.218766,0.281707,0.499527,,31374300,,
0,2,,0.186826,0.253581,0.559594,,30230000,,
0,2,,0.14551,0.288183,0.566308,,30817600,,
0,2,,0.122542,0.139748,0.73771,,30273900,,
0,2,,0.091178,0.302255,0.606567,,30664400,,
0,2,,0.062854,0.282342,0.654804,,29991600,,
0,2,,0.070445,0.296879,0.632676,,30700000,,
0,2,,0.171003,0.294441,0.534556,,30177500,,
0,2,,0.117791,0.281714,0.600496,,30479700,,
0,2,,0.167212,0.237809,0.594979,,30588900,,
0,2,,0.119394,0.212995,0.667611,,31038000,,
0,2,,0.069538,0.402961,0.527501,,30198200,,
0,2,,0.136681,0.23231,0.63101,,30341500,,
0,2,,0.100441,0.251809,0.64775,,30953200,,
0,2,,0.113264,0.294397,0.592339,,30207400,,
0,2,,0.194683,0.190831,0.614486,,29574700,,
0,2,,0.142784,0.244185,0.613031,,30625600,,
0,2,,0.139543,0.311742,0.548715,,30283300,,
0,2,,0.095453,0.283862,0.620685,,31096000,,
0,2,,0.099698,0.348216,0.552086,,30643000,,
0,2,,0.145671,0.269457,0.584872,,30121200,,
0,2,,0.092621,0.265924,0.641455,,29950700,,
0,2,,0.096067,0.336601,0.567332,,30553000,,
0,2,,0.190225,0.268119,0.541657,,31276200,,
0,2,,0.108815,0.234936,0.656248,,30241300,,
0,2,,0.076453,0.376974,0.546573,,30064000,,
0,2,,0.130231,0.229976,0.639792,,30368800,,
0,2,,0.104106,0.264785,0.631109,,30684700,,
0,2,,0.110459,0.196853,0.692689,,30845100,,
0,2,,0.148175,0.243231,0.608593,,30861400,,
0,2,,0.096641,0.294188,0.609171,,30122200,,
0,2,,0.11177,0.281371,0.606859,,30062300,,
0,2,,0.137343,0.174295,0.688362,,30767400,,
0,2,,0.138378,0.30035,0.561273,,31166200,,
0,2,,0.162819,0.239941,0.597239,,30409900,,
0,2,,0.162576,0.287768,0.549656,,31029200,,
0,2,,0.078019,0.21644,0.705541,,30104100,,
0,2,,0.156627,0.275728,0.567645,,30992100,,
0,2,,0.116263,0.232771,0.650966,,30005700,,
0,2,,0.151899,0.264071,0.58403,,29706800,,
0,2,,0.111408,0.239167,0.649425,,29924900,,
0,2,,0.050018,0.29639,0.653593,,30191300,,
0,2,,0.080999,0.373082,0.54592,,31518200,,
0,2,,0.156785,0.241657,0.601558,,30887300,,
0,2,,0.133898,0.182777,0.683324,,30596500,,
0,2,,0.110086,0.189743,0.70017,,29802200,,
0,2,,0.143862,0.267498,0.588641,,31035700,,
0,2,,0.10221,0.223062,0.674728,,30351200,,
0,2,,0.083609,0.174689,0.741703,,30275700,,
0,2,,0.163278,0.161451,0.675271,,30442300,,
0,2,,0.104764,0.294619,0.600617,,30065900,,
0,2,,0.12662,0.245565,0.627816,,30849400,,
0,2,,0.165416,0.26909,0.565495,,30855200,,
0,2,,0.147288,0.300701,0.552011,,30261700,,
0,2,,0.116584,0.273742,0.609674,,30394500,,
0,2,,0.171648,0.289234,0.539118,,30941100,,
0,2,,0.198548,0.279726,0.521726,,31072000,,
0,2,,0.098541,0.380818,0.520641,,30043800,,
0,2,,0.121569,0.183173,0.695258,,29848300,,
0,2,,0.122241,0.288363,0.589396,,30111700,,
0,2,,0.121778,0.244131,0.634091,,31462200,,
0,2,,0.099566,0.231391,0.669043,,30198100,,
0,2,,0.121287,0.339386,0.539327,,30287200,,
0,2,,0.097651,0.18544,0.716909,,30158900,,
0,2,,0.13785,0.235174,0.626976,,30186300,,
0,2,,0.105275,0.3041,0.590625,,31675300,,
0,2,,0.102054,0.249845,0.6481,,30471100,,
0,2,,0.15433,0.228886,0.616784,,30025400,,
0,2,,0.13492,0.257332,0.607748,,30877200,,
0,2,,0.145237,0.166362,0.688401,,30219200,,
0,2,,0.111349,0.219156,0.669495,,30768800,,
0,2,,0.164329,0.181606,0.654066,,29951000,,
0,2,,0.150808,0.19215,0.657041,,32858900,,
0,2,,0.178191,0.319103,0.502706,,30053900,,
0,2,,0.165221,0.269112,0.565666,,31017800,,
0,2,,0.121652,0.29088,0.587468,,30316700,,
0,2,,0.168212,0.318115,0.513673,,30680000,,
0,2,,0.134541,0.345061,0.520398,,33265900,,
0,2,,0.104821,0.164063,0.731116,,30196900,,
0,2,,0.146529,0.206325,0.647146,,30882300,,
0,2,,0.140057,0.235383,0.62456,,31018500,,
0,2,,0.109073,0.261317,0.62961,,29845200,,
0,2,,0.103712,0.327521,0.568768,,30117500,,
0,2,,0.143915,0.177033,0.679052,,30236400,,
0,2,,0.140809,0.266645,0.592546,,31310300,,
0,2,,0.099344,0.144977,0.755679,,30406800,,
0,2,,0.119314,0.293055,0.587631,,30291500,,
0,2,,0.136516,0.224816,0.638668,,30402800,,
0,2,,0.119693,0.297479,0.582828,,31340000,,
0,2,,0.121419,0.162857,0.715723,,30981800,,
0,2,,0.113757,0.228673,0.65757,,30272500,,
0,2,,0.114108,0.270145,0.615747,,30263500,,
0,2,,0.112217,0.237567,0.650215,,30534000,,
0,2,,0.114473,0.252282,0.633245,,31392100,,
0,2,,0.160964,0.256308,0.582728,,30043700,,
0,2,,0.111605,0.188614,0.699781,,29950100,,
0,2,,0.184821,0.260223,0.554956,,30396300,,
0,2,,0.082839,0.347479,0.569683,,30247100,,
0,2,,0.122659,0.300022,0.577319,,32000100,,
0,2,,0.122578,0.269111,0.608311,,30399500,,
0,2,,0.127994,0.215768,0.656237,,29494600,,
0,2,,0.152608,0.219568,0.627824,,31096400,,
0,2,,0.099932,0.313187,0.586881,,31555200,,
0,2,,0.096295,0.163692,0.740013,,30663500,,
0,2,,0.149915,0.242926,0.607159,,30541300,,
0,2,,0.127919,0.235948,0.636133,,29977000,,
0,2,,0.130747,0.317337,0.551915,,29880200,,
0,2,,0.151604,0.249477,0.59892,,30516400,,
0,2,,0.189931,0.238952,0.571117,,30625100,,
0,2,,0.121205,0.294039,0.584756,,30156200,,
0,2,,0.093132,0.169108,0.73776,,30691700,,
0,2,,0.129703,0.237256,0.633041,,29950600,,
0,2,,0.086351,0.280916,0.632733,,30882700,,
0,2,,0.099898,0.260331,0.639771,,30082000,,
0,2,,0.140109,0.296738,0.563154,,30100500,,
0,2,,0.099748,0.239522,0.660729,,29887700,,
0,2,,0.108764,0.275229,0.616007,,30294700,,
0,2,,0.097327,0.244041,0.658632,,30982900,,
0,2,,0.154252,0.348679,0.497069,,30270000,,
0,2,,0.119815,0.246381,0.633804,,30261800,,
0,2,,0.115259,0.244408,0.640333,,29773800,,
0,2,,0.212248,0.28388,0.503872,,30752700,,
0,2,,0.159673,0.252738,0.587589,,30935300,,
0,2,,0.150926,0.275996,0.573078,,29782100,,
0,2,,0.139123,0.287397,0.57348,,30413900,,
0,2,,0.137347,0.240826,0.621827,,30063900,,
0,2,,0.09649,0.258547,0.644963,,30822900,,
0,2,,0.085048,0.25581,0.659142,,31790600,,
0,2,,0.140007,0.274121,0.585872,,29660200,,
0,2,,0.126679,0.225072,0.648249,,30071100,,
0,2,,0.159531,0.254924,0.585546,,29995600,,
0,2,,0.1115,0.260185,0.628315,,31380400,,
0,2,,0.160321,0.242978,0.596701,,30202100,,
0,2,,0.1704,0.310277,0.519323,,30015700,,
0,2,,0.143502,0.2604,0.596098,,30746900,,
0,2,,0.171993,0.24199,0.586018,,30844300,,
0,2,,0.083271,0.249967,0.666762,,30494800,,
0,2,,0.0911,0.240756,0.668144,,30228700,,
0,2,,0.131487,0.224706,0.643807,,30040500,,
0,2,,0.123487,0.256461,0.620052,,30645100,,
0,2,,0.124172,0.172196,0.703633,,31137700,,
0,2,,0.118942,0.232073,0.648984,,30889400,,
0,2,,0.235645,0.233546,0.530809,,30965500,,
0,2,,0.097588,0.293725,0.608687,,32052600,,
0,2,,0.112903,0.257909,0.629188,,31130800,,
0,2,,0.128666,0.273506,0.597828,,34190900,,
0,2,,0.105048,0.305411,0.589541,,30784000,,
0,2,,0.161325,0.234048,0.604627,,30989600,,
0,2,,0.089367,0.16772,0.742913,,30625700,,
0,2,,0.14157,0.268174,0.590256,,31463400,,
0,2,,0.125083,0.272921,0.601996,,30052100,,
0,2,,0.122949,0.232088,0.644963,,30144400,,
0,2,,0.170928,0.324935,0.504137,,30345500,,
0,2,,0.118752,0.243117,0.638131,,30233000,,
0,2,,0.159053,0.290406,0.550541,,30990700,,
0,2,,0.095618,0.32408,0.580302,,30439100,,
0,2,,0.096241,0.313029,0.590729,,30220000,,
0,2,,0.088749,0.240518,0.670732,,30310100,,
0,2,,0.09803,0.224832,0.677138,,30284100,,
0,2,,0.170668,0.246755,0.582577,,30060700,,
0,2,,0.177302,0.294769,0.527929,,31642100,,
0,2,,0.141874,0.306956,0.551169,,30775000,,
0,2,,0.150353,0.218699,0.630948,,30926900,,
0,2,,0.101723,0.221127,0.67715,,32982200,,
0,2,,0.193057,0.223381,0.583562,,30414000,,
0,2,,0.115542,0.252496,0.631962,,30224000,,
0,2,,0.139654,0.295338,0.565008,,31532900,,
0,2,,0.11424,0.198189,0.687571,,30411500,,
0,2,,0.171805,0.294792,0.533403,,30862900,,
0,2,,0.086048,0.261851,0.6521,,30301700,,
0,2,,0.089017,0.261392,0.649591,,29773300,,
0,2,,0.116316,0.274384,0.6093,,30001000,,
0,2,,0.108271,0.189909,0.70182,,30398700,,
0,2,,0.151202,0.221884,0.626914,,29979200,,
0,2,,0.168435,0.320626,0.510939,,29928300,,
0,2,,0.159571,0.290362,0.550067,,30254200,,
0,2,,0.05779,0.317026,0.625185,,30846100,,
0,2,,0.121849,0.288835,0.589316,,31490000,,
0,2,,0.126503,0.316322,0.557174,,29966100,,
0,2,,0.110056,0.315461,0.574483,,29504700,,
0,2,,0.142006,0.192532,0.665462,,30416400,,
0,2,,0.142071,0.25988,0.59805,,29918500,,
0,2,,0.097294,0.269691,0.633015,,31164900,,
0,2,,0.124132,0.308894,0.566974,,29996400,,
0,2,,0.177682,0.177066,0.645252,,29496700,,
0,2,,0.113665,0.215422,0.670913,,30758300,,
0,2,,0.101606,0.337063,0.561331,,31410700,,
0,2,,0.133202,0.30816,0.558637,,31424100,,
0,2,,0.035273,0.223873,0.740854,,31244000,,
0,2,,0.137678,0.3285,0.533822,,29945300,,
0,2,,0.100068,0.256762,0.64317,,30818500,,
0,2,,0.131528,0.288324,0.580148,,31451300,,
0,2,,0.074234,0.256587,0.669178,,31520700,,
0,2,,0.143479,0.258281,0.59824,,31390300,,
0,2,,0.098193,0.313957,0.58785,,30165900,,
0,2,,0.117642,0.322347,0.560011,,29819100,,
0,2,,0.105416,0.238353,0.656231,,32057700,,
0,2,,0.114472,0.257632,0.627896,,29936700,,
0,2,,0.127489,0.317383,0.555128,,29782400,,
0,2,,0.093148,0.311777,0.595075,,31317500,,
0,2,,0.112399,0.267718,0.619883,,30534400,,
0,2,,0.156529,0.325692,0.517779,,30505100,,
0,2,,0.146371,0.219576,0.634053,,30523500,,
0,2,,0.132882,0.24177,0.625349,,31290700,,
0,2,,0.117832,0.202804,0.679364,,29413300,,
0,2,,0.139093,0.246842,0.614065,,30828100,,
0,2,,0.104734,0.200384,0.694882,,30121500,,
0,2,,0.1097,0.225583,0.664717,,30255600,,
0,2,,0.064855,0.322684,0.612461,,29879800,,
0,2,,0.078067,0.271044,0.650889,,30150100,,
0,2,,0.135046,0.401977,0.462977,,31263800,,
0,2,,0.163627,0.190113,0.64626,,30002500,,
0,2,,0.129567,0.292329,0.578104,,30429000,,
0,2,,0.131583,0.345312,0.523105,,29950000,,
0,2,,0.084225,0.375199,0.540576,,30223100,,
0,2,,0.095352,0.235445,0.669203,,30737100,,
0,2,,0.137339,0.34135,0.52131,,30506300,,
0,2,,0.09438,0.167849,0.737771,,30506700,,
0,2,,0.110808,0.374262,0.51493,,31030100,,
0,2,,0.14367,0.240342,0.615987,,31335300,,
0,2,,0.166576,0.22072,0.612703,,29967000,,
0,2,,0.107292,0.249348,0.64336,,29782500,,
0,2,,0.131226,0.182019,0.686756,,30260300,,
0,2,,0.152549,0.250845,0.596606,,29762500,,
0,2,,0.11365,0.308039,0.57831,,30492500,,
0,2,,0.120695,0.283382,0.595923,,30221300,,
0,2,,0.158744,0.244021,0.597235,,30248200,,
0,2,,0.11939,0.325472,0.555138,,29888700,,
0,2,,0.11477,0.218841,0.666388,,30279000,,
0,2,,0.098022,0.329847,0.572131,,31552100,,
0,2,,0.134324,0.262873,0.602803,,30683600,,
0,2,,0.054161,0.255332,0.690508,,30993300,,
0,2,,0.152819,0.263771,0.58341,,31507700,,
0,2,,0.109277,0.258154,0.632569,,31372100,,
0,2,,0.121022,0.323503,0.555475,,31424100,,
0,2,,0.131895,0.364217,0.503888,,30963000,,
0,2,,0.107381,0.297594,0.595025,,33852600,,
0,2,,0.213567,0.248887,0.537546,,31366500,,
0,2,,0.099524,0.252423,0.648053,,31829400,,
0,2,,0.123992,0.31539,0.560618,,30852700,,
0,2,,0.10674,0.392613,0.500647,,30938100,,
0,2,,0.080985,0.295299,0.623716,,30804700,,
0,2,,0.10434,0.264435,0.631225,,31671300,,
0,2,,0.135742,0.307695,0.556563,,30895000,,
0,2,,0.083548,0.243872,0.67258,,30932800,,
0,2,,0.116479,0.290296,0.593225,,31059000,,
0,2,,0.140713,0.204848,0.654439,,31361000,,
0,2,,0.14029,0.281207,0.578503,,32309200,,
0,2,,0.185896,0.23116,0.582944,,31510200,,
0,2,,0.125784,0.201612,0.672604,,31201000,,
0,2,,0.09863,0.271184,0.630186,,30622000,,
0,2,,0.142647,0.324284,0.533069,,42295800,,
0,2,,0.116954,0.317464,0.565582,,35094500,,
0,2,,0.134369,0.264909,0.600722,,31090600,,
0,2,,0.078029,0.262951,0.65902,,31592100,,
0,2,,0.158604,0.319029,0.522367,,30558200,,
0,2,,0.102187,0.35408,0.543732,,30199500,,
0,2,,0.109046,0.191673,0.69928,,31060300,,
0,2,,0.171398,0.176861,0.651741,,31668400,,
0,2,,0.095322,0.319882,0.584796,,30972500,,
0,2,,0.14253,0.286115,0.571355,,32276900,,
0,2,,0.170011,0.257057,0.572932,,31222900,,
0,2,,0.103576,0.261704,0.634719,,30848200,,
0,2,,0.123704,0.240209,0.636087,,31957200,,
0,2,,0.151373,0.244238,0.604389,,31132000,,
0,2,,0.123227,0.181121,0.695652,,31555000,,
0,2,,0.125079,0.328999,0.545921,,31023600,,
0,2,,0.141182,0.27416,0.584657,,30982000,,
0,2,,0.058563,0.214212,0.727226,,31051300,,
0,2,,0.078782,0.366647,0.554571,,32312900,,
0,2,,0.088291,0.231719,0.67999,,31034600,,
0,2,,0.122594,0.286042,0.591364,,31569200,,
0,2,,0.104126,0.271039,0.624835,,30935500,,
0,2,,0.111938,0.244371,0.643691,,30837500,,
0,2,,0.088023,0.344793,0.567184,,32224400,,
0,2,,0.123961,0.291919,0.58412,,31179700,,
0,2,,0.105434,0.320627,0.573939,,30986300,,
0,2,,0.168946,0.185784,0.64527,,31031300,,
0,2,,0.141689,0.193559,0.664753,,32076700,,
0,1,,0.132914,0.44695,0.420135,,41381200,,
0,2,,0.082806,0.220369,0.696825,,30386900,,
0,2,,0.123633,0.24062,0.635747,,30914300,,
0,2,,0.111216,0.19565,0.693134,,30811900,,
0,2,,0.098474,0.284622,0.616904,,31712000,,
0,2,,0.082334,0.276854,0.640812,,30668300,,
0,2,,0.101139,0.226824,0.672037,,30754700,,
0,2,,0.104741,0.232682,0.662577,,31038400,,
0,2,,0.053569,0.28451,0.661922,,31234400,,
0,2,,0.165209,0.331844,0.502948,,32108400,,
0,2,,0.145212,0.26923,0.585558,,31269000,,
0,2,,0.140088,0.201899,0.658013,,31379700,,
0,2,,0.121815,0.270292,0.607892,,31419900,,
0,2,,0.119898,0.367432,0.51267,,32637600,,
0,2,,0.180231,0.213722,0.606047,,31013100,,
0,2,,0.128158,0.273476,0.598366,,30923200,,
0,2,,0.097356,0.250184,0.65246,,31753800,,
0,2,,0.14908,0.314327,0.536593,,31387400,,
0,2,,0.078888,0.279665,0.641447,,30899100,,
0,2,,0.168596,0.234234,0.597169,,30485700,,
0,2,,0.189046,0.329357,0.481598,,30819200,,
0,2,,0.106742,0.250487,0.642772,,29574000,,
0,2,,0.162256,0.320528,0.517216,,30552500,,
0,2,,0.089079,0.357363,0.553558,,30365700,,
0,2,,0.15686,0.302685,0.540455,,29682100,,
0,2,,0.115243,0.351622,0.533135,,29759100,,
0,2,,0.090433,0.330807,0.57876,,30124300,,
0,2,,0.105,0.23335,0.66165,,30590700,,
0,2,,0.171107,0.269879,0.559014,,31083400,,
0,2,,0.098591,0.22745,0.673959,,30020600,,
0,2,,0.095571,0.267015,0.637414,,29936200,,
0,2,,0.137246,0.156224,0.70653,,31133800,,
0,2,,0.088476,0.282131,0.629393,,30343600,,
0,2,,0.090985,0.342951,0.566064,,29426400,,
0,2,,0.088318,0.333832,0.57785,,30291500,,
0,2,,0.11395,0.218201,0.667849,,29512200,,
0,2,,0.087556,0.236348,0.676096,,30494900,,
0,2,,0.180351,0.348391,0.471258,,29581300,,
0,2,,0.142502,0.272769,0.584729,,29544600,,
0,2,,0.172996,0.204481,0.622523,,29575800,,
0,2,,0.156519,0.268917,0.574564,,30093000,,
0,2,,0.061698,0.240997,0.697305,,30646100,,
0,2,,0.100017,0.273604,0.62638,,29509000,,
0,2,,0.139301,0.26679,0.593909,,29954800,,
0,2,,0.1292,0.225646,0.645154,,29542100,,
0,2,,0.1029,0.360783,0.536317,,30684400,,
0,2,,0.153099,0.310139,0.536762,,31217700,,
0,2,,0.142549,0.287791,0.56966,,29437700,,
0,2,,0.143554,0.29399,0.562457,,30002500,,
0,2,,0.169929,0.29664,0.53343,,30886500,,
0,2,,0.090885,0.227103,0.682012,,30673400,,
0,2,,0.106935,0.267467,0.625598,,30248800,,
0,2,,0.122274,0.353708,0.524019,,29835100,,
0,2,,0.11264,0.378012,0.509348,,29505200,,
0,2,,0.067208,0.431596,0.501196,,29728100,,
0,2,,0.156639,0.262857,0.580504,,30631900,,
0,2,,0.145257,0.281776,0.572968,,30428600,,
0,2,,0.132191,0.240558,0.62725,,30186000,,
0,2,,0.114232,0.28265,0.603118,,29819800,,
0,2,,0.098581,0.246388,0.655031,,30290600,,
0,2,,0.166682,0.237556,0.595762,,31301100,,
0,2,,0.132197,0.301637,0.566166,,30251700,,
0,2,,0.111198,0.191379,0.697423,,30290800,,
0,2,,0.099398,0.396241,0.504362,,29738600,,
0,2,,0.125786,0.179236,0.694978,,29868900,,
0,2,,0.111308,0.23965,0.649042,,31516600,,
0,2,,0.156461,0.224015,0.619524,,29989500,,
0,2,,0.187425,0.244607,0.567968,,29895700,,
0,2,,0.124069,0.272818,0.603113,,31238300,,
0,2,,0.14251,0.332846,0.524644,,30471800,,
0,2,,0.104796,0.369442,0.525763,,30420100,,
0,2,,0.119759,0.302811,0.57743,,30288300,,
0,2,,0.162595,0.33056,0.506845,,30032300,,
0,2,,0.105873,0.276777,0.61735,,30063300,,
0,2,,0.113179,0.259964,0.626857,,31592300,,
0,2,,0.110182,0.191869,0.697949,,30169000,,
0,2,,0.187516,0.184083,0.628401,,30251700,,
0,2,,0.198838,0.340162,0.460999,,30306100,,
0,2,,0.169849,0.264952,0.565199,,29869200,,
0,2,,0.070986,0.280041,0.648973,,31944300,,
0,2,,0.153379,0.310985,0.535636,,30574800,,
0,2,,0.120427,0.224159,0.655414,,30367700,,
0,2,,0.093563,0.279612,0.626826,,31395600,,
0,2,,0.140397,0.288839,0.570764,,31041300,,
0,2,,0.159271,0.230756,0.609973,,30606900,,
0,2,,0.15954,0.280905,0.559555,,30413500,,
0,2,,0.117033,0.257884,0.625083,,29920100,,
0,2,,0.156421,0.263027,0.580552,,29747300,,
0,2,,0.102689,0.17755,0.719761,,30476900,,
0,2,,0.122014,0.201584,0.676401,,30517400,,
0,2,,0.116008,0.213035,0.670957,,30207000,,
0,2,,0.10679,0.305874,0.587336,,30969900,,
0,2,,0.103263,0.287741,0.608996,,31082400,,
0,2,,0.121453,0.264583,0.613964,,32127200,,
0,2,,0.127421,0.247925,0.624653,,30799900,,
0,2,,0.134433,0.332169,0.533398,,31627200,,
0,2,,0.104528,0.166879,0.728593,,31055300,,
0,2,,0.102669,0.229039,0.668293,,31811700,,
0,2,,0.159809,0.316996,0.523195,,31338200,,
0,2,,0.147502,0.2915,0.560998,,31392100,,
0,2,,0.125822,0.219905,0.654273,,32341700,,
0,2,,0.121207,0.236813,0.64198,,32247200,,
0,2,,0.130094,0.366486,0.50342,,31594900,,
0,2,,0.048832,0.304174,0.646994,,29681100,,
0,2,,0.051738,0.31996,0.628302,,30681200,,
0,2,,0.141903,0.203202,0.654896,,31252000,,
0,2,,0.158343,0.324949,0.516708,,31627100,,
0,2,,0.103505,0.345967,0.550528,,31029300,,
0,2,,0.155935,0.289448,0.554617,,30170900,,
0,2,,0.100369,0.23083,0.668801,,31152200,,
0,2,,0.081502,0.234089,0.684409,,31026000,,
0,2,,0.172836,0.217076,0.610087,,32514700,,
0,2,,0.10223,0.326264,0.571506,,30703800,,
0,2,,0.138815,0.259294,0.601891,,31129600,,
0,2,,0.124091,0.285751,0.590158,,31692700,,
0,2,,0.125039,0.345933,0.529028,,31501900,,
0,2,,0.197779,0.243898,0.558323,,31210100,,
0,2,,0.144792,0.230822,0.624386,,30941400,,
0,2,,0.155866,0.265955,0.578179,,31129000,,
0,2,,0.12617,0.287459,0.586371,,30709100,,
0,2,,0.163875,0.308559,0.527566,,30660000,,
0,2,,0.096089,0.300255,0.603656,,29787300,,
0,2,,0.173701,0.217748,0.608551,,29870500,,
0,2,,0.14165,0.327722,0.530628,,29984400,,
0,2,,0.131968,0.261442,0.60659,,29688000,,
0,2,,0.049657,0.283789,0.666554,,31275800,,
0,2,,0.095779,0.224817,0.679404,,29865100,,
0,2,,0.155443,0.284471,0.560086,,30313900,,
0,2,,0.108474,0.225528,0.665998,,30775700,,
0,2,,0.084176,0.278804,0.637021,,29705300,,
0,2,,0.123141,0.275511,0.601348,,30853000,,
0,2,,0.089837,0.291018,0.619145,,31819700,,
0,2,,0.104652,0.18636,0.708987,,29918100,,
0,2,,0.126531,0.26753,0.605939,,30130000,,
0,2,,0.135522,0.287364,0.577114,,31046000,,
0,2,,0.100924,0.256196,0.64288,,30173200,,
0,2,,0.104983,0.215782,0.679235,,29806500,,
0,2,,0.121378,0.191513,0.68711,,29873800,,
0,2,,0.135251,0.261586,0.603163,,29676300,,
0,2,,0.227018,0.232227,0.540755,,29838500,,
0,2,,0.081696,0.389866,0.528438,,30085900,,
0,2,,0.117676,0.397471,0.484854,,30088300,,
0,2,,0.127954,0.271604,0.600442,,30018000,,
0,2,,0.160431,0.279391,0.560178,,30252500,,
0,2,,0.138146,0.317569,0.544285,,32492100,,
0,2,,0.114333,0.224823,0.660844,,29903500,,
0,2,,0.120968,0.303064,0.575968,,29830800,,
0,2,,0.117585,0.301561,0.580855,,31012500,,
0,2,,0.084132,0.250447,0.665421,,30623300,,
0,2,,0.098762,0.291304,0.609933,,30554500,,
0,2,,0.109373,0.31793,0.572697,,30146700,,
0,2,,0.139284,0.289817,0.570899,,29715900,,
0,2,,0.166283,0.263917,0.569801,,29826000,,
0,2,,0.107835,0.240007,0.652158,,30871500,,
0,2,,0.102138,0.334326,0.563536,,30434200,,
0,2,,0.102423,0.261804,0.635773,,30445700,,
0,2,,0.187676,0.275741,0.536583,,29868900,,
0,2,,0.106297,0.335549,0.558154,,29997500,,
0,2,,0.113249,0.171424,0.715327,,31591400,,
0,2,,0.096686,0.328248,0.575066,,30168800,,
0,2,,0.114379,0.185488,0.700133,,29665600,,
0,2,,0.083551,0.128556,0.787893,,30160300,,
0,2,,0.086934,0.308891,0.604175,,31034700,,
0,2,,0.090327,0.255815,0.653859,,30968600,,
0,2,,0.140633,0.26584,0.593526,,30070400,,
0,2,,0.157545,0.294446,0.548009,,30424700,,
0,2,,0.11933,0.221714,0.658956,,30287200,,
0,2,,0.141311,0.223244,0.635444,,30474100,,
0,2,,0.165487,0.278003,0.556509,,30208500,,
0,2,,0.189331,0.31963,0.491039,,29781100,,
0,2,,0.104634,0.161666,0.7337,,30370500,,
0,2,,0.064351,0.25012,0.685529,,30602800,,
0,2,,0.160473,0.270407,0.569119,,29273600,,
0,2,,0.099435,0.275355,0.625211,,29574800,,
0,2,,0.061083,0.219381,0.719536,,28830500,,
0,2,,0.129364,0.297848,0.572788,,28556400,,
0,2,,0.109303,0.212119,0.678578,,28990400,,
0,2,,0.077436,0.278905,0.643659,,30139300,,
0,2,,0.177742,0.18698,0.635278,,28805700,,
0,2,,0.148336,0.280074,0.57159,,28952900,,
0,2,,0.140381,0.310009,0.549611,,28823500,,
0,2,,0.157654,0.242094,0.600252,,28488500,,
0,2,,0.11159,0.234998,0.653412,,28939300,,
0,2,,0.08305,0.173892,0.743058,,29110000,,
0,2,,0.098971,0.181851,0.719178,,29347700,,
0,2,,0.136628,0.229658,0.633714,,29049000,,
0,2,,0.115503,0.262003,0.622494,,29439700,,
0,2,,0.158622,0.287002,0.554376,,29468600,,
0,2,,0.163563,0.365726,0.470711,,29057300,,
0,2,,0.144558,0.246288,0.609154,,29292700,,
0,2,,0.158407,0.271714,0.569879,,29253000,,
0,2,,0.165187,0.21482,0.619993,,29809600,,
0,2,,0.074973,0.173373,0.751654,,29289700,,
0,2,,0.102551,0.370374,0.527076,,29204500,,
0,2,,0.156182,0.207215,0.636603,,29087700,,
0,2,,0.123376,0.22984,0.646784,,29970200,,
0,2,,0.164473,0.285204,0.550323,,29676600,,
0,2,,0.146698,0.289867,0.563435,,29034800,,
0,2,,0.113526,0.277125,0.609349,,29150800,,
0,2,,0.135127,0.228958,0.635915,,28960600,,
0,2,,0.13235,0.231613,0.636037,,29285400,,
0,2,,0.121239,0.398734,0.480027,,29817500,,
0,2,,0.082136,0.356466,0.561399,,28936300,,
0,2,,0.136771,0.30823,0.554999,,29021100,,
0,2,,0.144089,0.40019,0.455721,,29059300,,
0,2,,0.163083,0.214687,0.622231,,29124300,,
0,2,,0.12443,0.302232,0.573337,,29679100,,
0,2,,0.101957,0.22642,0.671623,,29086900,,
0,2,,0.113998,0.171348,0.714654,,31531800,,
0,2,,0.102828,0.251874,0.645298,,28729400,,
0,2,,0.141032,0.27428,0.584688,,28927900,,
0,2,,0.103427,0.381474,0.515099,,29143600,,
0,2,,0.108881,0.231188,0.65993,,28325000,,
0,2,,0.141971,0.274699,0.583329,,29096600,,
0,2,,0.111635,0.345792,0.542572,,29212700,,
0,2,,0.169315,0.267922,0.562763,,28405300,,
0,2,,0.045631,0.317142,0.637227,,29487300,,
0,2,,0.083003,0.266416,0.650581,,29221600,,
0,2,,0.073369,0.270501,0.656129,,29080200,,
0,2,,0.070613,0.339212,0.590175,,29837400,,
0,2,,0.154331,0.200888,0.644781,,28437500,,
0,2,,0.131169,0.185701,0.68313,,28910300,,
0,2,,0.126122,0.347773,0.526105,,29065500,,
0,2,,0.120761,0.263954,0.615285,,28901700,,
0,2,,0.101541,0.207112,0.691347,,29288500,,
0,2,,0.142255,0.290541,0.567203,,28998800,,
0,2,,0.061779,0.34194,0.596281,,29551000,,
0,2,,0.117325,0.268789,0.613886,,29070100,,
0,2,,0.06536,0.310213,0.624428,,29048200,,
0,2,,0.205321,0.242815,0.551864,,29269400,,
0,2,,0.165762,0.238044,0.596195,,29482100,,
0,2,,0.09382,0.378123,0.528057,,29201000,,
0,2,,0.178325,0.343165,0.47851,,29068400,,
0,2,,0.118316,0.30386,0.577823,,28986000,,
0,2,,0.141782,0.296385,0.561833,,29333700,,
0,2,,0.091594,0.362667,0.545739,,29437200,,
0,2,,0.078624,0.366981,0.554394,,29482200,,
0,2,,0.107061,0.222156,0.670783,,29167000,,
0,2,,0.101904,0.28798,0.610116,,29004400,,
0,2,,0.180582,0.253452,0.565966,,29054300,,
0,2,,0.132775,0.271175,0.59605,,29311300,,
0,2,,0.10154,0.203912,0.694548,,29439200,,
0,2,,0.095116,0.246773,0.658111,,29174500,,
0,2,,0.134061,0.294571,0.571368,,31532400,,
0,2,,0.152573,0.313271,0.534156,,29634300,,
0,2,,0.101338,0.327634,0.571028,,35683800,,
0,2,,0.132493,0.237975,0.629532,,32655600,,
0,2,,0.13911,0.281644,0.579246,,32110900,,
0,2,,0.12284,0.220222,0.656938,,28531500,,
0,2,,0.110914,0.366927,0.522159,,28603400,,
0,2,,0.153072,0.196003,0.650925,,29213900,,
0,2,,0.143871,0.245701,0.610428,,29193700,,
0,2,,0.079606,0.275097,0.645297,,28669400,,
0,2,,0.156466,0.278552,0.564982,,29229900,,
0,2,,0.102977,0.259704,0.637319,,29105700,,
0,2,,0.136444,0.235308,0.628247,,28585800,,
0,2,,0.14224,0.278537,0.579223,,28847600,,
0,2,,0.150459,0.267559,0.581982,,28724500,,
0,2,,0.065544,0.282401,0.652055,,29180700,,
0,2,,0.113696,0.291764,0.59454,,29538000,,
0,2,,0.107069,0.220583,0.672348,,29525700,,
0,2,,0.170746,0.193444,0.635809,,29210600,,
0,2,,0.108995,0.346037,0.544968,,29118400,,
0,2,,0.103674,0.202231,0.694095,,29329400,,
0,2,,0.072525,0.313659,0.613816,,29621500,,
0,2,,0.155566,0.266364,0.57807,,28587600,,
0,2,,0.178454,0.259445,0.562101,,30461000,,
0,2,,0.144331,0.297432,0.558237,,29181800,,
0,2,,0.167405,0.218402,0.614193,,29389900,,
0,2,,0.078756,0.21622,0.705024,,30077100,,
0,2,,0.117005,0.23402,0.648975,,29145800,,
0,2,,0.116907,0.293906,0.589187,,29684600,,
0,2,,0.143932,0.21501,0.641059,,29119200,,
0,2,,0.150775,0.299225,0.55,,29242500,,
0,2,,0.130425,0.238769,0.630806,,30189300,,
0,2,,0.106577,0.266058,0.627365,,29189300,,
0,2,,0.157966,0.282643,0.559391,,29205400,,
0,2,,0.140968,0.209148,0.649884,,31563000,,
0,2,,0.120898,0.285709,0.593393,,28753900,,
0,2,,0.140874,0.264979,0.594147,,30259100,,
0,2,,0.117008,0.222114,0.660879,,28242000,,
0,2,,0.177646,0.362445,0.459909,,29326000,,
0,2,,0.137743,0.339076,0.523181,,29926600,,
0,2,,0.096366,0.239944,0.663689,,28448300,,
0,2,,0.16231,0.249882,0.587808,,28950500,,
0,2,,0.137908,0.267292,0.5948,,29099300,,
0,2,,0.073162,0.24547,0.681368,,29368200,,
0,2,,0.121814,0.249863,0.628323,,29038400,,
0,2,,0.191684,0.251664,0.556653,,30903100,,
0,2,,0.153411,0.201885,0.644703,,30167800,,
0,2,,0.166296,0.237857,0.595847,,28433300,,
0,2,,0.173219,0.302114,0.524667,,29192200,,
0,2,,0.148663,0.264877,0.58646,,29181200,,
0,2,,0.083761,0.253743,0.662496,,29387200,,
0,2,,0.114549,0.27807,0.607382,,29433100,,
0,2,,0.232543,0.318203,0.449255,,29256400,,
0,2,,0.156472,0.310896,0.532632,,29351500,,
0,2,,0.176257,0.259352,0.564391,,29548300,,
0,2,,0.080731,0.317885,0.601384,,29466300,,
0,2,,0.131623,0.304497,0.563881,,29177000,,
0,2,,0.119632,0.273839,0.606529,,29304500,,
0,2,,0.156871,0.263186,0.579943,,29297100,,
0,2,,0.094321,0.29512,0.610558,,29175900,,
0,2,,0.15481,0.188978,0.656212,,29352300,,
0,2,,0.102195,0.221826,0.67598,,28683800,,
0,2,,0.13004,0.313741,0.556219,,29092300,,
0,2,,0.086695,0.320084,0.593222,,29180100,,
0,2,,0.178786,0.314612,0.506602,,29114200,,
0,2,,0.122675,0.263797,0.613529,,29966900,,
0,2,,0.131796,0.285837,0.582367,,29587700,,
0,2,,0.141531,0.172292,0.686177,,29341600,,
0,2,,0.139529,0.267712,0.59276,,29795300,,
0,2,,0.169619,0.266723,0.563658,,31345400,,
0,2,,0.117762,0.253216,0.629023,,29912900,,
0,2,,0.107681,0.305891,0.586428,,28507500,,
0,2,,0.113855,0.29189,0.594255,,28804700,,
0,2,,0.113036,0.243022,0.643942,,29635900,,
0,2,,0.131771,0.259431,0.608798,,28328900,,
0,2,,0.124535,0.336451,0.539014,,29265100,,
0,2,,0.068383,0.215866,0.71575,,29325300,,
0,1,,0.075951,0.484513,0.439536,,29280500,,
0,2,,0.183067,0.280592,0.536342,,28998000,,
0,2,,0.10815,0.232511,0.65934,,29963100,,
0,2,,0.122099,0.241865,0.636036,,28874700,,
0,2,,0.102177,0.26279,0.635032,,29194000,,
0,2,,0.138083,0.281722,0.580195,,28948200,,
0,2,,0.143341,0.265449,0.59121,,29002200,,
0,2,,0.116738,0.346263,0.536999,,29475400,,
0,2,,0.122755,0.155101,0.722144,,29378200,,
0,2,,0.172727,0.285652,0.54162,,28915900,,
0,2,,0.109295,0.283998,0.606707,,29466700,,
0,2,,0.107097,0.363817,0.529086,,29292600,,
0,2,,0.095144,0.208265,0.696591,,29191300,,
0,2,,0.041439,0.254116,0.704445,,29433900,,
0,2,,0.180524,0.285904,0.533572,,29566300,,
0,2,,0.150374,0.282114,0.567513,,28956600,,
0,2,,0.112146,0.320842,0.567012,,29373000,,
0,2,,0.085935,0.281158,0.632907,,29636000,,
0,2,,0.132232,0.234508,0.633259,,29355900,,
0,2,,0.071899,0.316629,0.611472,,29296600,,
0,2,,0.119439,0.290691,0.58987,,29301600,,
0,2,,0.116887,0.318197,0.564916,,28921600,,
0,2,,0.09131,0.184407,0.724283,,29616800,,
0,2,,0.151492,0.263383,0.585125,,29499100,,
0,2,,0.096547,0.349543,0.55391,,29230900,,
0,2,,0.101237,0.228386,0.670378,,29305500,,
0,2,,0.126938,0.222907,0.650155,,29786500,,
0,2,,0.119806,0.314456,0.565738,,31239600,,
0,2,,0.135051,0.183708,0.68124,,28118600,,
0,2,,0.150889,0.247311,0.601801,,28757200,,
0,2,,0.109156,0.246733,0.644111,,28505300,,
0,2,,0.087692,0.22457,0.687737,,28363200,,
0,2,,0.098289,0.221484,0.680227,,29007500,,
0,2,,0.09077,0.325611,0.583619,,29079500,,
0,2,,0.085689,0.241305,0.673006,,29256800,,
0,2,,0.097558,0.196013,0.706429,,29271100,,
0,2,,0.110049,0.273491,0.61646,,29248700,,
0,2,,0.109733,0.230274,0.659993,,29642900,,
0,2,,0.140815,0.2882,0.570985,,29223000,,
0,2,,0.120364,0.178721,0.700915,,29165700,,
0,2,,0.100001,0.29633,0.60367,,29254400,,
0,2,,0.097503,0.354981,0.547516,,29092500,,
0,2,,0.155495,0.240934,0.603572,,29792100,,
0,2,,0.092066,0.251637,0.656297,,29255400,,
0,2,,0.17069,0.209419,0.619891,,28923900,,
0,2,,0.159718,0.197219,0.643063,,29190900,,
0,2,,0.112196,0.252919,0.634885,,29017600,,
0,2,,0.179892,0.288439,0.531669,,30128100,,
0,2,,0.10023,0.328675,0.571094,,33142700,,
0,2,,0.11312,0.175272,0.711608,,28741600,,
0,2,,0.195766,0.316313,0.487921,,28909900,,
0,2,,0.146696,0.240568,0.612735,,29218700,,
0,2,,0.172459,0.200952,0.62659,,28325100,,
0,2,,0.092099,0.291612,0.616289,,28806100,,
0,2,,0.145623,0.250898,0.60348,,29123300,,
0,2,,0.09951,0.193917,0.706573,,29378100,,
0,2,,0.10038,0.278944,0.620676,,29817900,,
0,2,,0.134417,0.191374,0.67421,,29507800,,
0,2,,0.19979,0.216006,0.584204,,29171300,,
0,2,,0.106457,0.254424,0.639119,,29371900,,
0,2,,0.114158,0.273445,0.612396,,29130400,,
0,2,,0.120939,0.225877,0.653184,,32170100,,
0,2,,0.127209,0.305998,0.566794,,28565100,,
0,2,,0.16736,0.233101,0.599539,,28615200,,
0,2,,0.10281,0.275889,0.621301,,29101600,,
0,2,,0.184802,0.245887,0.569312,,28450300,,
0,2,,0.135594,0.297401,0.567004,,29120500,,
0,2,,0.143827,0.215196,0.640977,,29160100,,
0,2,,0.149455,0.268628,0.581916,,29056500,,
0,2,,0.122469,0.305322,0.572209,,29203100,,
0,2,,0.162661,0.212537,0.624802,,28975600,,
0,2,,0.162137,0.277365,0.560498,,29705400,,
0,2,,0.191084,0.256385,0.552531,,29524100,,
0,2,,0.124715,0.297623,0.577662,,29472200,,
0,2,,0.136677,0.217374,0.645949,,29012600,,
0,2,,0.16294,0.235382,0.601678,,29214200,,
0,2,,0.128108,0.260528,0.611365,,29516400,,
0,2,,0.153567,0.268576,0.577857,,33931100,,
0,2,,0.095135,0.258416,0.646449,,30067900,,
0,2,,0.161732,0.251934,0.586334,,30092400,,
0,2,,0.137874,0.324436,0.537691,,30147300,,
0,2,,0.115398,0.221775,0.662827,,31231700,,
0,2,,0.089295,0.238285,0.67242,,30054300,,
0,2,,0.207841,0.208854,0.583305,,31185400,,
0,2,,0.106872,0.311807,0.581321,,29821000,,
0,2,,0.085947,0.26429,0.649763,,31029700,,
0,2,,0.181793,0.246729,0.571478,,30361200,,
0,2,,0.081472,0.186031,0.732497,,30079300,,
0,2,,0.13371,0.329536,0.536754,,30319500,,
0,2,,0.117177,0.240396,0.642427,,30409700,,
0,2,,0.103854,0.399151,0.496995,,31312300,,
0,2,,0.098155,0.269814,0.63203,,30451200,,
0,2,,0.109814,0.218738,0.671448,,30078800,,
0,2,,0.063705,0.33156,0.604735,,30058800,,
0,2,,0.179264,0.304408,0.516328,,30259800,,
0,2,,0.158108,0.204911,0.636982,,32522100,,
0,2,,0.146797,0.283822,0.569381,,30104500,,
0,2,,0.13561,0.313822,0.550568,,31326000,,
0,2,,0.152613,0.204992,0.642395,,30353400,,
0,2,,0.158489,0.265382,0.576129,,31058600,,
0,2,,0.1188,0.243831,0.637369,,30287800,,
0,2,,0.125807,0.25479,0.619403,,30244700,,
0,2,,0.112792,0.269378,0.61783,,30309000,,
0,2,,0.091552,0.381293,0.527155,,30891900,,
0,2,,0.051879,0.237368,0.710753,,30951300,,
0,2,,0.102395,0.338618,0.558988,,30365600,,
0,2,,0.067025,0.317967,0.615008,,30435700,,
0,2,,0.11682,0.346887,0.536292,,28541900,,
0,2,,0.143431,0.330732,0.525837,,29232300,,
0,2,,0.120383,0.184454,0.695162,,29324500,,
0,2,,0.125447,0.267465,0.607088,,29100300,,
0,2,,0.118292,0.327239,0.554469,,28854500,,
0,2,,0.175748,0.315779,0.508473,,29125700,,
0,2,,0.094366,0.206334,0.699301,,29084100,,
0,2,,0.103762,0.215525,0.680713,,29628000,,
0,2,,0.165584,0.174574,0.659842,,29349900,,
0,2,,0.088114,0.330128,0.581758,,29449800,,
0,2,,0.109777,0.234925,0.655298,,32138900,,
0,2,,0.103156,0.200726,0.696117,,32513600,,
0,2,,0.142308,0.296499,0.561192,,31077400,,
0,2,,0.149098,0.232892,0.61801,,30772700,,
0,2,,0.133689,0.391566,0.474745,,30873200,,
0,2,,0.114484,0.309357,0.576159,,31071200,,
0,2,,0.115349,0.296478,0.588173,,32227800,,
0,2,,0.120842,0.287983,0.591174,,31161000,,
0,2,,0.109646,0.335736,0.554618,,31050900,,
0,2,,0.116979,0.265172,0.617849,,30795600,,
0,2,,0.096357,0.299713,0.60393,,31229100,,
0,2,,0.117011,0.316318,0.566671,,31761000,,
0,2,,0.159196,0.295193,0.545612,,30428100,,
0,2,,0.116575,0.305399,0.578026,,30933500,,
0,2,,0.122674,0.241529,0.635797,,31636300,,
0,2,,0.120639,0.339315,0.540046,,31848100,,
0,2,,0.086303,0.241997,0.6717,,31632800,,
0,2,,0.083131,0.248274,0.668595,,30698000,,
0,2,,0.11954,0.293586,0.586874,,31124900,,
0,2,,0.181034,0.239843,0.579123,,33518800,,
0,2,,0.101927,0.337263,0.560811,,31640900,,
0,2,,0.151295,0.266775,0.58193,,30849300,,
0,2,,0.122667,0.274571,0.602762,,30987100,,
0,2,,0.137332,0.341255,0.521412,,30736700,,
0,2,,0.102743,0.171251,0.726006,,31558900,,
0,2,,0.111109,0.233879,0.655012,,31477900,,
0,2,,0.21121,0.261622,0.527168,,31120400,,
0,2,,0.114868,0.240754,0.644377,,30817700,,
0,2,,0.163355,0.237856,0.598788,,31025400,,
0,2,,0.126373,0.252296,0.621331,,31534200,,
0,2,,0.110734,0.207283,0.681983,,31311800,,
0,2,,0.132532,0.278946,0.588522,,30935800,,
0,2,,0.120895,0.337445,0.54166,,31641900,,
0,2,,0.212409,0.224264,0.563327,,31997200,,
0,2,,0.113403,0.246759,0.639838,,31168100,,
0,2,,0.12199,0.30202,0.57599,,30886100,,
0,2,,0.144347,0.222688,0.632965,,30644900,,
0,2,,0.202674,0.365759,0.431567,,30890800,,
0,2,,0.088296,0.292336,0.619368,,32277400,,
0,2,,0.158179,0.244415,0.597406,,31248200,,
0,2,,0.165117,0.243788,0.591095,,30717200,,
0,2,,0.133568,0.330637,0.535795,,30653500,,
0,2,,0.101212,0.282094,0.616694,,31965900,,
0,2,,0.127084,0.265986,0.606931,,31053600,,
0,2,,0.136945,0.145479,0.717576,,30914700,,
0,2,,0.11906,0.222612,0.658329,,30608000,,
0,2,,0.159579,0.268201,0.572219,,30955200,,
0,2,,0.094602,0.285017,0.620381,,31265500,,
0,2,,0.191814,0.4015,0.406686,,31820300,,
0,2,,0.190147,0.23879,0.571063,,30949500,,
0,2,,0.149363,0.248238,0.6024,,30784900,,
0,2,,0.117436,0.246877,0.635687,,31107000,,
0,2,,0.142103,0.25507,0.602827,,31035000,,
0,2,,0.144168,0.27121,0.584623,,30529200,,
0,2,,0.148653,0.174336,0.677011,,30967300,,
0,2,,0.144336,0.272664,0.582999,,30988700,,
0,2,,0.099927,0.345151,0.554922,,32150200,,
0,2,,0.07463,0.213174,0.712197,,30944700,,
0,2,,0.100375,0.229659,0.669966,,30831800,,
0,2,,0.145784,0.23329,0.620926,,30702200,,
0,2,,0.166723,0.343041,0.490236,,31017100,,
0,2,,0.115886,0.259218,0.624896,,31768400,,
0,2,,0.123986,0.289127,0.586887,,31073200,,
0,2,,0.138109,0.265323,0.596568,,31044000,,
0,2,,0.120185,0.250836,0.628979,,31397500,,
0,2,,0.129769,0.280846,0.589385,,32483200,,
0,2,,0.126922,0.266414,0.606664,,30527900,,
0,2,,0.045514,0.375897,0.578589,,31021900,,
0,2,,0.112996,0.239632,0.647372,,31090600,,
0,2,,0.039464,0.289551,0.670986,,31485600,,
0,2,,0.088733,0.257981,0.653286,,31632100,,
0,2,,0.117179,0.281003,0.601818,,31309100,,
0,2,,0.139745,0.224858,0.635397,,30868900,,
0,2,,0.123273,0.298101,0.578626,,30830400,,
