connect-4,LADTree,test,2,NANOSECONDS,PREDICTIONS, Generated by ClassifierExperiments.java on 2022-05-16 13:31:54.    SYSTEMPROPERTIES:{user.name:matth,os.arch:amd64,os.name:Windows 10},ENDSYSTEMPROPERTIES
No parameter info
0.7024866785079928,22217459200,395872418200,-1,673641648,3,,-1,-1
0,2,,0.102274,0.181706,0.71602,,30614000,,
0,2,,0.126265,0.382967,0.490768,,31202100,,
0,2,,0.149499,0.331546,0.518955,,30396900,,
0,2,,0.073712,0.305805,0.620483,,28601600,,
0,2,,0.108281,0.318254,0.573464,,29031200,,
0,2,,0.107316,0.301185,0.591499,,31513300,,
0,2,,0.119913,0.176663,0.703424,,29696100,,
0,2,,0.085324,0.358497,0.556179,,29070300,,
0,2,,0.106428,0.192056,0.701516,,29104500,,
0,2,,0.119297,0.4215,0.459203,,29175400,,
0,2,,0.114418,0.307142,0.57844,,29860000,,
0,2,,0.078312,0.287351,0.634337,,28992100,,
0,2,,0.132223,0.243966,0.623812,,32798900,,
0,2,,0.080809,0.262105,0.657087,,30099500,,
0,2,,0.140626,0.251489,0.607885,,29774600,,
0,2,,0.126487,0.233206,0.640307,,31649500,,
0,2,,0.172731,0.225922,0.601346,,30220300,,
0,2,,0.058575,0.336615,0.60481,,31571400,,
0,2,,0.135107,0.313248,0.551645,,29875500,,
0,2,,0.099211,0.280189,0.6206,,30218000,,
0,2,,0.18046,0.392365,0.427176,,30822500,,
0,2,,0.106389,0.208965,0.684646,,30880000,,
0,2,,0.135536,0.2046,0.659864,,30492000,,
0,2,,0.063734,0.32382,0.612446,,29389200,,
0,2,,0.096163,0.160501,0.743336,,30093100,,
0,2,,0.182109,0.21746,0.600432,,29837000,,
0,2,,0.093395,0.378869,0.527736,,29076100,,
0,2,,0.170029,0.279502,0.550469,,29011900,,
0,2,,0.179047,0.299619,0.521334,,29045400,,
0,2,,0.167213,0.341009,0.491779,,30459800,,
0,2,,0.142296,0.23179,0.625914,,29703700,,
0,2,,0.123984,0.256872,0.619144,,30007900,,
0,2,,0.125546,0.199361,0.675093,,33896600,,
0,2,,0.220183,0.24037,0.539448,,29468200,,
0,2,,0.23803,0.239609,0.522361,,30705300,,
0,2,,0.114503,0.279633,0.605864,,29120300,,
0,2,,0.097494,0.317099,0.585407,,28837500,,
0,2,,0.154009,0.210767,0.635224,,29187700,,
0,2,,0.134594,0.270275,0.595131,,29034600,,
0,2,,0.172477,0.241593,0.58593,,31034800,,
0,2,,0.20774,0.242158,0.550102,,28664600,,
0,2,,0.148731,0.252026,0.599243,,29608100,,
0,2,,0.141316,0.371993,0.486691,,30100500,,
0,2,,0.154364,0.272355,0.573282,,30322500,,
0,2,,0.110572,0.142421,0.747007,,28762900,,
0,2,,0.108382,0.304768,0.58685,,29088000,,
0,2,,0.166894,0.195845,0.637261,,29958100,,
0,2,,0.118195,0.21159,0.670215,,29824700,,
0,2,,0.159085,0.227431,0.613484,,29713400,,
0,2,,0.139185,0.219035,0.64178,,30195000,,
0,2,,0.121857,0.234984,0.643159,,28921500,,
0,2,,0.09744,0.244011,0.658549,,30486800,,
0,2,,0.116817,0.297997,0.585186,,29033800,,
0,2,,0.130376,0.363937,0.505687,,29969300,,
0,2,,0.065706,0.204664,0.72963,,29508400,,
0,2,,0.146479,0.180546,0.672975,,29875900,,
0,2,,0.143807,0.206623,0.64957,,29189000,,
0,2,,0.186351,0.248218,0.565432,,28653100,,
0,2,,0.150231,0.265148,0.584621,,30233200,,
0,2,,0.127537,0.212867,0.659596,,29075800,,
0,2,,0.093994,0.249872,0.656134,,30046200,,
0,2,,0.125405,0.259738,0.614857,,29324400,,
0,2,,0.080302,0.36738,0.552318,,28688000,,
0,2,,0.241878,0.364167,0.393955,,30579900,,
0,2,,0.169253,0.300355,0.530392,,29106600,,
0,2,,0.136287,0.177819,0.685893,,29383400,,
0,2,,0.165566,0.184701,0.649734,,29207100,,
0,2,,0.107863,0.230106,0.66203,,29106400,,
0,2,,0.169752,0.351696,0.478551,,30175000,,
0,2,,0.095208,0.260922,0.64387,,29070100,,
0,2,,0.168014,0.214741,0.617244,,29592200,,
0,2,,0.142888,0.220883,0.636229,,29166400,,
0,2,,0.184434,0.374038,0.441528,,28569300,,
0,2,,0.170884,0.190297,0.638819,,30947900,,
0,2,,0.119432,0.214599,0.665968,,29073400,,
0,2,,0.050723,0.256089,0.693188,,28832100,,
0,2,,0.048164,0.174693,0.777143,,30005100,,
0,2,,0.123683,0.203391,0.672927,,30892400,,
0,2,,0.140374,0.328158,0.531469,,43041300,,
0,2,,0.056765,0.432861,0.510375,,29585200,,
0,2,,0.100141,0.180201,0.719658,,29623100,,
0,2,,0.116085,0.196634,0.687281,,29402900,,
0,2,,0.122263,0.325432,0.552305,,30480900,,
0,2,,0.168686,0.227526,0.603788,,29442400,,
0,2,,0.152946,0.213268,0.633786,,30516600,,
0,2,,0.115088,0.223601,0.661312,,29648600,,
0,2,,0.195924,0.246124,0.557951,,29198400,,
0,2,,0.166159,0.219548,0.614294,,30915900,,
0,2,,0.056074,0.301443,0.642483,,30296800,,
0,2,,0.067872,0.368963,0.563165,,28824200,,
0,2,,0.171067,0.275524,0.553409,,29965200,,
0,2,,0.135054,0.302368,0.562578,,29353900,,
0,2,,0.138553,0.401035,0.460412,,29949900,,
0,2,,0.167294,0.387118,0.445587,,28688300,,
0,2,,0.10756,0.21795,0.67449,,29044100,,
0,2,,0.082683,0.260317,0.657,,29012700,,
0,2,,0.13705,0.30864,0.55431,,29853400,,
0,2,,0.103943,0.232381,0.663676,,31989700,,
0,2,,0.179679,0.318054,0.502267,,29126200,,
0,2,,0.109508,0.265542,0.624951,,29654300,,
0,2,,0.115564,0.268427,0.616009,,31217300,,
0,2,,0.205665,0.274164,0.52017,,31125900,,
0,2,,0.099172,0.249852,0.650977,,29210500,,
0,2,,0.116736,0.162613,0.720651,,28800200,,
0,2,,0.126108,0.250618,0.623274,,29605100,,
0,2,,0.19259,0.237188,0.570221,,29262300,,
0,2,,0.113331,0.205523,0.681146,,30411000,,
0,2,,0.132033,0.275986,0.591981,,30595500,,
0,2,,0.111451,0.314329,0.57422,,28845100,,
0,2,,0.066534,0.151071,0.782395,,29098300,,
0,2,,0.121705,0.342163,0.536133,,30066500,,
0,2,,0.121348,0.333794,0.544858,,28319000,,
0,2,,0.170817,0.266902,0.562282,,28773000,,
0,2,,0.090848,0.116236,0.792916,,29080900,,
0,2,,0.137767,0.332124,0.530109,,29056100,,
0,2,,0.114435,0.257193,0.628372,,29858100,,
0,2,,0.134477,0.299644,0.565878,,30522900,,
0,2,,0.18258,0.286959,0.530461,,28906700,,
0,2,,0.218865,0.257379,0.523756,,31101900,,
0,2,,0.121674,0.185846,0.692479,,28822500,,
0,2,,0.095257,0.201906,0.702837,,29680300,,
0,2,,0.139868,0.199494,0.660639,,29010200,,
0,2,,0.142608,0.348012,0.50938,,29910100,,
0,2,,0.192665,0.284275,0.52306,,29134400,,
0,2,,0.125837,0.281866,0.592297,,30258700,,
0,2,,0.159435,0.330493,0.510072,,29316800,,
0,2,,0.100793,0.273016,0.626191,,29220500,,
0,2,,0.137085,0.279722,0.583193,,28697300,,
0,2,,0.064387,0.260276,0.675337,,28603200,,
0,2,,0.118331,0.248546,0.633123,,28795100,,
0,2,,0.14326,0.381017,0.475722,,30086400,,
0,2,,0.148022,0.308593,0.543385,,29202400,,
0,2,,0.076382,0.17122,0.752398,,29774800,,
0,2,,0.10569,0.220027,0.674283,,28608100,,
0,2,,0.134933,0.180527,0.68454,,28608200,,
0,2,,0.115787,0.285974,0.598239,,30352600,,
0,2,,0.165378,0.337916,0.496706,,28788500,,
0,2,,0.088984,0.229108,0.681908,,28593800,,
0,2,,0.161684,0.288081,0.550236,,29486000,,
0,2,,0.152723,0.231312,0.615965,,29789000,,
0,2,,0.100729,0.184503,0.714767,,29761500,,
0,2,,0.127814,0.237791,0.634394,,28894100,,
0,2,,0.244659,0.221743,0.533598,,29232300,,
0,1,,0.20799,0.398436,0.393574,,28929000,,
0,2,,0.195538,0.349722,0.454739,,29654500,,
0,2,,0.181616,0.329299,0.489085,,29243900,,
0,2,,0.10432,0.277015,0.618665,,28818500,,
0,2,,0.158777,0.357733,0.48349,,28998900,,
0,2,,0.095629,0.156847,0.747524,,28556000,,
0,2,,0.078323,0.285467,0.63621,,29745200,,
0,2,,0.135056,0.166345,0.698599,,29772300,,
0,2,,0.158981,0.302664,0.538355,,29049100,,
0,2,,0.134215,0.202992,0.662793,,29387700,,
0,2,,0.104066,0.220148,0.675785,,28391600,,
0,2,,0.107696,0.206734,0.68557,,29498300,,
0,2,,0.12465,0.356455,0.518895,,29677500,,
0,2,,0.150699,0.297268,0.552033,,29749400,,
0,2,,0.115205,0.310935,0.573859,,28633300,,
0,2,,0.128908,0.290816,0.580276,,29230300,,
0,2,,0.121697,0.236699,0.641604,,30860600,,
0,2,,0.103061,0.294015,0.602924,,29386100,,
0,2,,0.161385,0.211146,0.627469,,28369500,,
0,2,,0.104931,0.262602,0.632467,,29268200,,
0,2,,0.117519,0.210811,0.67167,,29130700,,
0,2,,0.162023,0.236534,0.601443,,30193500,,
0,2,,0.092973,0.27944,0.627588,,28437600,,
0,2,,0.132319,0.249218,0.618464,,32223600,,
0,2,,0.143326,0.16396,0.692714,,29186900,,
0,2,,0.117408,0.293896,0.588696,,29821500,,
0,2,,0.118842,0.289488,0.591669,,29924500,,
0,2,,0.175005,0.286698,0.538298,,28635600,,
0,2,,0.104169,0.214998,0.680834,,29302100,,
0,2,,0.148961,0.231876,0.619163,,28993400,,
0,2,,0.137202,0.245585,0.617213,,30195600,,
0,2,,0.104391,0.290014,0.605595,,29220000,,
0,2,,0.168955,0.248634,0.582411,,29514600,,
0,2,,0.212094,0.231375,0.556531,,29413700,,
0,2,,0.22498,0.228703,0.546317,,29017800,,
0,2,,0.14809,0.309111,0.542799,,29880200,,
0,2,,0.168985,0.292348,0.538667,,28255900,,
0,2,,0.100919,0.304945,0.594136,,29366600,,
0,2,,0.183422,0.252087,0.564491,,29275300,,
0,2,,0.094335,0.21281,0.692855,,28434500,,
0,2,,0.111607,0.265925,0.622468,,29656100,,
0,2,,0.104686,0.259496,0.635819,,29031400,,
0,2,,0.072731,0.22669,0.700579,,29078100,,
0,2,,0.132124,0.230455,0.63742,,30890900,,
0,2,,0.147918,0.334456,0.517625,,29317100,,
0,2,,0.114185,0.315065,0.57075,,30115700,,
0,2,,0.218287,0.204473,0.57724,,28649500,,
0,2,,0.14791,0.274132,0.577958,,30130100,,
0,2,,0.103051,0.275264,0.621685,,31629600,,
0,2,,0.138112,0.421026,0.440862,,30576800,,
0,2,,0.090242,0.225226,0.684532,,30570000,,
0,2,,0.116286,0.353131,0.530582,,30191000,,
0,2,,0.12415,0.19848,0.67737,,29536800,,
0,2,,0.123082,0.376531,0.500387,,29588400,,
0,2,,0.162444,0.246332,0.591224,,30682800,,
0,1,,0.148768,0.42705,0.424182,,30030600,,
0,2,,0.091781,0.298622,0.609596,,30078900,,
0,2,,0.09251,0.236365,0.671125,,29973900,,
0,2,,0.183584,0.342063,0.474353,,30370400,,
0,2,,0.16239,0.251516,0.586095,,31455000,,
0,2,,0.131176,0.371431,0.497394,,30327800,,
0,2,,0.128278,0.336126,0.535596,,31190900,,
0,2,,0.18794,0.237277,0.574784,,30212700,,
0,2,,0.128746,0.275612,0.595643,,30654900,,
0,2,,0.20178,0.307288,0.490932,,30606800,,
0,2,,0.172118,0.278738,0.549144,,29450200,,
0,2,,0.110009,0.272705,0.617286,,29838400,,
0,2,,0.235219,0.194798,0.569983,,30046400,,
0,2,,0.107731,0.222164,0.670105,,30890900,,
0,2,,0.153773,0.216137,0.63009,,29922500,,
0,2,,0.122787,0.319332,0.557881,,31320700,,
0,2,,0.192292,0.331526,0.476182,,29430500,,
0,2,,0.088771,0.212279,0.69895,,29954600,,
0,2,,0.110111,0.301188,0.588701,,31239300,,
0,2,,0.186419,0.39409,0.419491,,29509500,,
0,2,,0.120285,0.388763,0.490952,,29582300,,
0,2,,0.22063,0.274956,0.504414,,30903200,,
0,2,,0.124065,0.253464,0.622472,,29649600,,
0,2,,0.126242,0.259944,0.613814,,30995100,,
0,2,,0.139544,0.255869,0.604586,,29388900,,
0,2,,0.117456,0.231413,0.651131,,29959400,,
0,2,,0.125102,0.245569,0.629329,,30449100,,
0,2,,0.093239,0.311182,0.595579,,30502900,,
0,2,,0.093742,0.31084,0.595418,,31775900,,
0,2,,0.143633,0.325084,0.531283,,30333200,,
0,2,,0.138865,0.258461,0.602674,,29718100,,
0,2,,0.162837,0.175568,0.661595,,29749300,,
0,2,,0.14197,0.199265,0.658765,,29691900,,
0,2,,0.16303,0.294725,0.542245,,29759300,,
0,2,,0.089547,0.193245,0.717208,,29720400,,
0,2,,0.165177,0.351984,0.482839,,30244000,,
0,2,,0.076565,0.214419,0.709016,,29943600,,
0,2,,0.195401,0.272313,0.532286,,31394700,,
0,2,,0.144663,0.242815,0.612521,,29801600,,
0,2,,0.156425,0.318504,0.525071,,29802200,,
0,2,,0.097804,0.208436,0.69376,,30189100,,
0,2,,0.055156,0.337504,0.60734,,30051800,,
0,2,,0.110092,0.328391,0.561516,,30483300,,
0,2,,0.123319,0.246927,0.629753,,29465000,,
0,2,,0.145288,0.233779,0.620933,,29100900,,
0,2,,0.100959,0.236938,0.662103,,30559300,,
0,2,,0.183618,0.276118,0.540264,,29489200,,
0,2,,0.109417,0.246757,0.643826,,32304300,,
0,2,,0.141488,0.391823,0.466689,,44977300,,
0,2,,0.081692,0.318476,0.599832,,34562100,,
0,2,,0.172685,0.228439,0.598876,,30300000,,
0,2,,0.116684,0.237871,0.645445,,30223900,,
0,2,,0.124577,0.195666,0.679757,,29653900,,
0,2,,0.107349,0.351516,0.541134,,30554500,,
0,2,,0.123196,0.197114,0.67969,,29618200,,
0,2,,0.169897,0.195841,0.634262,,30458400,,
0,2,,0.132876,0.262669,0.604455,,30392000,,
0,2,,0.105718,0.256268,0.638014,,30585500,,
0,2,,0.159873,0.224744,0.615383,,29762100,,
0,2,,0.157021,0.219508,0.623472,,29963800,,
0,2,,0.157385,0.271234,0.571381,,31114500,,
0,2,,0.10197,0.313748,0.584282,,30633300,,
0,2,,0.147478,0.232304,0.620218,,29955900,,
0,2,,0.186352,0.223117,0.59053,,30083800,,
0,2,,0.097598,0.219375,0.683028,,29121800,,
0,2,,0.135158,0.31336,0.551481,,29245700,,
0,2,,0.127004,0.295104,0.577892,,28863800,,
0,2,,0.127141,0.251682,0.621177,,28723400,,
0,2,,0.203782,0.273104,0.523114,,28348400,,
0,2,,0.12717,0.258065,0.614765,,29678500,,
0,2,,0.19831,0.309992,0.491697,,29935800,,
0,2,,0.132287,0.328437,0.539276,,29042200,,
0,2,,0.074647,0.170372,0.754981,,28483700,,
0,2,,0.158762,0.304533,0.536704,,31648500,,
0,2,,0.134217,0.303321,0.562462,,30999500,,
0,2,,0.136519,0.215098,0.648383,,30216800,,
0,2,,0.151572,0.306251,0.542176,,30296900,,
0,2,,0.08524,0.270791,0.643969,,29012500,,
0,2,,0.154072,0.19681,0.649119,,30009000,,
0,2,,0.124233,0.244626,0.63114,,31089900,,
0,2,,0.14454,0.210897,0.644563,,29912700,,
0,2,,0.075528,0.223324,0.701148,,30208400,,
0,2,,0.109466,0.265419,0.625115,,29588700,,
0,2,,0.106933,0.213375,0.679692,,30147500,,
0,2,,0.094574,0.287419,0.618007,,30849600,,
0,2,,0.08442,0.298894,0.616685,,29543100,,
0,2,,0.179508,0.317,0.503492,,29677100,,
0,2,,0.093471,0.366095,0.540434,,31250400,,
0,2,,0.157809,0.213631,0.62856,,30468200,,
0,2,,0.144789,0.151011,0.7042,,30063100,,
0,2,,0.127135,0.144473,0.728392,,30122900,,
0,2,,0.098119,0.324095,0.577787,,30238900,,
0,2,,0.124873,0.237699,0.637428,,29270900,,
0,2,,0.122315,0.215717,0.661968,,30369000,,
0,2,,0.145091,0.301875,0.553034,,30526100,,
0,2,,0.173332,0.239915,0.586753,,30687800,,
0,2,,0.088097,0.174572,0.737332,,29833900,,
0,2,,0.087929,0.310945,0.601126,,29892900,,
0,2,,0.1306,0.288559,0.580841,,30836300,,
0,1,,0.110039,0.450499,0.439462,,29555800,,
0,2,,0.105039,0.286441,0.60852,,29840900,,
0,2,,0.125209,0.136152,0.738638,,29795800,,
0,2,,0.110459,0.225213,0.664328,,30392000,,
0,2,,0.165497,0.246703,0.587801,,31813700,,
0,2,,0.144436,0.289712,0.565852,,29849000,,
0,2,,0.092001,0.203312,0.704687,,29439300,,
0,2,,0.162313,0.26787,0.569817,,30296100,,
0,2,,0.076485,0.403954,0.519561,,30363800,,
0,2,,0.121116,0.340594,0.53829,,30357500,,
0,2,,0.150997,0.222877,0.626126,,30200700,,
0,2,,0.18794,0.256135,0.555925,,32274800,,
0,2,,0.130456,0.30837,0.561173,,30827200,,
0,2,,0.108337,0.197892,0.693771,,31508800,,
0,2,,0.158179,0.381977,0.459843,,30158000,,
0,2,,0.058262,0.347432,0.594306,,29970000,,
0,2,,0.194357,0.385424,0.420219,,29771700,,
0,2,,0.147218,0.260646,0.592135,,29715600,,
0,2,,0.093575,0.31711,0.589315,,31145700,,
0,2,,0.090958,0.210706,0.698336,,30061200,,
0,2,,0.13877,0.256252,0.604978,,29914500,,
0,2,,0.16915,0.265162,0.565687,,31731900,,
0,2,,0.123979,0.323982,0.552039,,30858900,,
0,2,,0.100462,0.222448,0.67709,,30037300,,
0,2,,0.063651,0.359827,0.576522,,30274900,,
0,2,,0.145319,0.286782,0.567899,,30710400,,
0,2,,0.097781,0.24633,0.655889,,30116800,,
0,2,,0.139466,0.121532,0.739002,,30177900,,
0,2,,0.164776,0.127515,0.707709,,29939600,,
0,2,,0.142986,0.39911,0.457905,,29861700,,
0,2,,0.152659,0.24045,0.606892,,30324600,,
0,2,,0.139461,0.207101,0.653438,,30120400,,
0,2,,0.122843,0.279883,0.597274,,30854800,,
0,2,,0.161908,0.27398,0.564112,,29754100,,
0,2,,0.096761,0.211175,0.692064,,29546200,,
0,2,,0.135155,0.257175,0.60767,,33011000,,
0,2,,0.162199,0.300552,0.537249,,30347000,,
0,2,,0.134563,0.164795,0.700643,,31028900,,
0,2,,0.150948,0.415451,0.433601,,30390700,,
0,2,,0.176824,0.247535,0.575641,,29651800,,
0,2,,0.098212,0.280264,0.621524,,29253000,,
0,2,,0.212498,0.294791,0.492711,,31273800,,
0,2,,0.132125,0.145925,0.72195,,29826900,,
0,2,,0.103343,0.282126,0.614532,,30061800,,
0,2,,0.138668,0.323833,0.537499,,30219000,,
0,2,,0.118376,0.304413,0.577211,,29125900,,
0,2,,0.065026,0.182189,0.752785,,31236800,,
0,2,,0.110606,0.231193,0.658201,,29848700,,
0,2,,0.18094,0.255012,0.564048,,29760300,,
0,2,,0.088347,0.155213,0.75644,,29401700,,
0,2,,0.125301,0.17861,0.696089,,30155400,,
0,2,,0.113963,0.185616,0.700421,,31308900,,
0,2,,0.085714,0.294965,0.619321,,30288100,,
0,2,,0.080459,0.209794,0.709747,,29674700,,
0,2,,0.207822,0.296388,0.495789,,31483600,,
0,2,,0.067608,0.235831,0.696561,,30841700,,
0,2,,0.126716,0.357638,0.515646,,29989900,,
0,2,,0.045707,0.366131,0.588162,,29833500,,
0,2,,0.099217,0.183131,0.717651,,30887900,,
0,2,,0.153884,0.300989,0.545127,,29637600,,
0,2,,0.13803,0.414763,0.447207,,31263200,,
0,2,,0.090787,0.271736,0.637477,,30022200,,
0,2,,0.126761,0.297654,0.575585,,29414300,,
0,2,,0.179236,0.21541,0.605354,,30529000,,
0,2,,0.123451,0.234101,0.642448,,30395000,,
0,2,,0.101954,0.184674,0.713372,,29922800,,
0,2,,0.127385,0.247676,0.624939,,28905000,,
0,2,,0.137629,0.256178,0.606193,,28914900,,
0,2,,0.213271,0.143612,0.643116,,29352200,,
0,2,,0.162369,0.263373,0.574258,,28907800,,
0,2,,0.082733,0.23108,0.686187,,30151400,,
0,2,,0.163347,0.187733,0.64892,,29219300,,
0,2,,0.126875,0.310939,0.562186,,29129900,,
0,2,,0.115513,0.167324,0.717163,,28849000,,
0,2,,0.124167,0.172466,0.703366,,28955900,,
0,2,,0.142761,0.345616,0.511623,,29161500,,
0,2,,0.073555,0.279721,0.646724,,28814200,,
0,2,,0.192091,0.272182,0.535727,,29046000,,
0,2,,0.16112,0.394939,0.443941,,29027100,,
0,2,,0.110303,0.331559,0.558138,,28931100,,
0,2,,0.110051,0.321493,0.568457,,29813800,,
0,2,,0.132095,0.307197,0.560708,,29010900,,
0,2,,0.110029,0.259706,0.630264,,28634600,,
0,2,,0.210209,0.225527,0.564264,,28797500,,
0,2,,0.126024,0.285023,0.588953,,28922000,,
0,2,,0.112833,0.406639,0.480528,,29485000,,
0,1,,0.140575,0.468005,0.39142,,28523900,,
0,2,,0.203991,0.277206,0.518802,,29037100,,
0,2,,0.192741,0.334201,0.473057,,30603000,,
0,1,,0.198871,0.462926,0.338203,,29410900,,
0,2,,0.079035,0.355215,0.56575,,29571000,,
0,2,,0.134022,0.33302,0.532957,,28754900,,
0,2,,0.184331,0.364186,0.451483,,30211300,,
0,2,,0.136692,0.316891,0.546417,,28948000,,
0,2,,0.0934,0.394567,0.512033,,29869700,,
0,2,,0.106487,0.284349,0.609164,,28312400,,
0,2,,0.146189,0.268819,0.584992,,28821500,,
0,2,,0.115163,0.287651,0.597186,,29143700,,
0,2,,0.177729,0.290357,0.531913,,29004900,,
0,2,,0.192486,0.355028,0.452486,,29925600,,
0,2,,0.110947,0.227597,0.661455,,28963800,,
0,2,,0.135246,0.343649,0.521105,,29076300,,
0,2,,0.084,0.354177,0.561823,,28767700,,
0,2,,0.093232,0.378578,0.52819,,28836100,,
0,2,,0.08892,0.270089,0.640991,,29762400,,
0,2,,0.102549,0.270067,0.627384,,29549900,,
0,2,,0.157022,0.219987,0.622991,,29075900,,
0,2,,0.07258,0.243151,0.684269,,28607400,,
0,2,,0.109224,0.341851,0.548925,,29049200,,
0,2,,0.138925,0.228925,0.63215,,30017400,,
0,2,,0.153068,0.313695,0.533237,,28868900,,
0,2,,0.09248,0.395687,0.511833,,28348800,,
0,2,,0.10625,0.339949,0.553801,,28957900,,
0,2,,0.086643,0.203906,0.709452,,29833100,,
0,2,,0.166175,0.374903,0.458923,,30221700,,
0,2,,0.184308,0.331019,0.484673,,29732700,,
0,2,,0.118111,0.205086,0.676804,,28874800,,
0,2,,0.180514,0.301566,0.51792,,29030800,,
0,2,,0.163194,0.331698,0.505108,,29657000,,
0,2,,0.194755,0.330455,0.474789,,29459800,,
0,2,,0.13776,0.179048,0.683192,,29020300,,
0,2,,0.214845,0.239772,0.545383,,28737600,,
0,2,,0.088912,0.250239,0.660849,,30227000,,
0,2,,0.214421,0.305813,0.479766,,29460200,,
0,2,,0.140449,0.229446,0.630106,,29426500,,
0,2,,0.146081,0.24576,0.608159,,28569200,,
0,2,,0.151113,0.205642,0.643246,,29519900,,
0,2,,0.133222,0.187237,0.67954,,28614500,,
0,2,,0.084473,0.169516,0.746012,,29676000,,
0,2,,0.133639,0.254217,0.612144,,29500900,,
0,2,,0.05529,0.380673,0.564037,,29162200,,
0,2,,0.137589,0.255427,0.606985,,28589000,,
0,2,,0.079531,0.326504,0.593965,,29920900,,
0,2,,0.235555,0.207209,0.557236,,31014700,,
0,2,,0.20919,0.239834,0.550976,,29030500,,
0,2,,0.137998,0.327815,0.534187,,28246100,,
0,2,,0.098366,0.26655,0.635083,,28723900,,
0,2,,0.053273,0.286764,0.659963,,28922500,,
0,2,,0.201868,0.33691,0.461222,,30732700,,
0,2,,0.112712,0.162224,0.725064,,29453400,,
0,2,,0.144232,0.289461,0.566307,,28896300,,
0,2,,0.093865,0.289962,0.616173,,29443500,,
0,2,,0.170782,0.279243,0.549975,,28950700,,
0,2,,0.084962,0.267693,0.647345,,30403200,,
0,2,,0.108483,0.197774,0.693743,,28745400,,
0,2,,0.115385,0.34443,0.540185,,28995100,,
0,2,,0.10782,0.216035,0.676145,,29108100,,
0,2,,0.091908,0.207075,0.701017,,29936700,,
0,2,,0.099987,0.211625,0.688388,,29595500,,
0,2,,0.128495,0.272679,0.598826,,29622100,,
0,2,,0.072882,0.197485,0.729633,,28907400,,
0,1,,0.105543,0.454702,0.439755,,29123400,,
0,2,,0.099842,0.305291,0.594867,,29637100,,
0,2,,0.163982,0.231216,0.604801,,29834800,,
0,2,,0.1036,0.247161,0.649239,,29108800,,
0,2,,0.184146,0.243043,0.572812,,29107800,,
0,2,,0.17753,0.315466,0.507004,,31455800,,
0,2,,0.091091,0.219306,0.689604,,31655300,,
0,2,,0.143446,0.331102,0.525453,,28058800,,
0,2,,0.072725,0.243193,0.684083,,28879400,,
0,2,,0.085558,0.31134,0.603102,,29317400,,
0,2,,0.105176,0.188246,0.706578,,28276300,,
0,2,,0.170655,0.310867,0.518478,,29631800,,
0,2,,0.094362,0.242742,0.662896,,28654400,,
0,2,,0.08806,0.204835,0.707105,,28876800,,
0,2,,0.184703,0.329024,0.486272,,28832700,,
0,2,,0.082744,0.265075,0.652181,,28858800,,
0,2,,0.164461,0.167908,0.667631,,30985300,,
0,2,,0.116944,0.304563,0.578494,,28122800,,
0,2,,0.11519,0.21577,0.66904,,29116300,,
0,2,,0.072093,0.344364,0.583542,,28648100,,
0,2,,0.181225,0.253711,0.565064,,28814500,,
0,2,,0.105747,0.276211,0.618042,,29441600,,
0,2,,0.102137,0.183903,0.713959,,29036700,,
0,2,,0.156721,0.302387,0.540892,,28525200,,
0,2,,0.138246,0.246425,0.615328,,29193200,,
0,2,,0.194344,0.142213,0.663443,,28976300,,
0,2,,0.079219,0.333531,0.58725,,28827100,,
0,2,,0.187739,0.31707,0.49519,,28328900,,
0,2,,0.168037,0.293871,0.538092,,29125600,,
0,2,,0.205703,0.237366,0.556931,,28779300,,
0,2,,0.103574,0.247049,0.649377,,30684800,,
0,2,,0.126125,0.207603,0.666273,,29451500,,
0,2,,0.129682,0.326656,0.543662,,31499500,,
0,2,,0.116709,0.330628,0.552663,,32317900,,
0,2,,0.092677,0.315277,0.592046,,29178000,,
0,2,,0.143565,0.210231,0.646204,,30730800,,
0,2,,0.080373,0.25441,0.665218,,30607000,,
0,2,,0.166766,0.222684,0.61055,,30253900,,
0,2,,0.149927,0.131822,0.718252,,29840500,,
0,2,,0.203459,0.379271,0.41727,,31404200,,
0,2,,0.204003,0.251292,0.544704,,31020100,,
0,2,,0.140128,0.364434,0.495438,,29556900,,
0,2,,0.162894,0.221475,0.61563,,29551600,,
0,2,,0.215094,0.240828,0.544077,,30992500,,
0,2,,0.160462,0.325302,0.514236,,30126800,,
0,2,,0.188384,0.169579,0.642037,,31553900,,
0,2,,0.103048,0.164338,0.732614,,29764400,,
0,2,,0.154955,0.243211,0.601835,,29826100,,
0,2,,0.206293,0.205432,0.588275,,30115300,,
0,2,,0.061702,0.399905,0.538393,,31000200,,
0,2,,0.139804,0.335754,0.524442,,30512400,,
0,2,,0.126844,0.271653,0.601503,,29698700,,
0,2,,0.060151,0.344099,0.595749,,29239600,,
0,2,,0.120099,0.155815,0.724087,,33743800,,
0,2,,0.130747,0.182986,0.686267,,31082700,,
0,2,,0.090914,0.210616,0.69847,,30266600,,
0,2,,0.156034,0.334603,0.509363,,29562100,,
0,2,,0.145964,0.212111,0.641925,,29614300,,
0,2,,0.103561,0.223874,0.672565,,29571900,,
0,2,,0.236951,0.317571,0.445477,,31393600,,
0,2,,0.130146,0.295882,0.573972,,30285400,,
0,2,,0.130926,0.22073,0.648344,,30386500,,
0,2,,0.203902,0.309169,0.486929,,29956200,,
0,2,,0.115944,0.215575,0.668481,,30387300,,
0,2,,0.117357,0.262151,0.620491,,30278400,,
0,2,,0.141243,0.185113,0.673644,,30039100,,
0,2,,0.175661,0.201504,0.622835,,29307600,,
0,2,,0.058051,0.376407,0.565543,,30685100,,
0,2,,0.150313,0.181492,0.668195,,31718200,,
0,2,,0.107602,0.20141,0.690989,,30638700,,
0,2,,0.144401,0.230075,0.625524,,30078500,,
0,2,,0.173715,0.335725,0.490559,,29800600,,
0,2,,0.174055,0.330116,0.495828,,31804400,,
0,2,,0.123806,0.230721,0.645472,,31170100,,
0,2,,0.175964,0.15766,0.666376,,30447800,,
0,2,,0.126395,0.173422,0.700183,,30082700,,
0,2,,0.057223,0.332476,0.610301,,30122400,,
0,2,,0.118839,0.35911,0.522051,,30213800,,
0,2,,0.160353,0.234128,0.605519,,31350900,,
0,2,,0.149502,0.31388,0.536618,,30480200,,
0,2,,0.125145,0.321754,0.553102,,29824400,,
0,2,,0.072752,0.275441,0.651807,,30100900,,
0,2,,0.178541,0.168354,0.653105,,30910800,,
0,2,,0.152367,0.293438,0.554195,,30863400,,
0,2,,0.142375,0.301689,0.555936,,30186400,,
0,2,,0.220065,0.344169,0.435766,,29738000,,
0,2,,0.1006,0.250003,0.649397,,30130500,,
0,2,,0.163164,0.276582,0.560253,,30748300,,
0,2,,0.124746,0.200868,0.674386,,30838000,,
0,2,,0.075067,0.219451,0.705482,,30038500,,
0,2,,0.130597,0.245113,0.62429,,30227200,,
0,2,,0.112038,0.165097,0.722865,,30032400,,
0,2,,0.223565,0.353776,0.422659,,30776300,,
0,2,,0.139573,0.393476,0.466952,,29970100,,
0,2,,0.178086,0.224873,0.597041,,30284200,,
0,2,,0.100396,0.233634,0.66597,,29862200,,
0,2,,0.143324,0.273581,0.583094,,34653100,,
0,2,,0.084544,0.120507,0.794948,,30453800,,
0,2,,0.130322,0.312189,0.557489,,30143800,,
0,2,,0.13322,0.197782,0.668998,,29092100,,
0,2,,0.232322,0.268232,0.499447,,29955300,,
0,2,,0.1621,0.261286,0.576614,,31205300,,
0,2,,0.12198,0.303839,0.574181,,30431100,,
0,2,,0.148497,0.258962,0.592541,,29752400,,
0,2,,0.131541,0.312888,0.555571,,28848700,,
0,2,,0.19484,0.24907,0.55609,,30036300,,
0,2,,0.113604,0.397869,0.488527,,30592100,,
0,1,,0.241562,0.435929,0.322508,,28767400,,
0,2,,0.21293,0.317072,0.469998,,29097600,,
0,2,,0.140081,0.354492,0.505427,,29104800,,
0,2,,0.162007,0.204513,0.63348,,28844300,,
0,2,,0.197808,0.300804,0.501388,,30493400,,
0,2,,0.18554,0.278214,0.536246,,28948900,,
0,2,,0.185446,0.270917,0.543637,,28780200,,
0,2,,0.100738,0.205057,0.694206,,28721900,,
0,2,,0.141169,0.357114,0.501717,,29460800,,
0,2,,0.109363,0.34255,0.548087,,30399100,,
0,2,,0.166933,0.271432,0.561635,,29043100,,
0,2,,0.083406,0.187826,0.728768,,28656400,,
0,2,,0.190499,0.309206,0.500294,,28530900,,
0,2,,0.125023,0.308094,0.566883,,30158700,,
0,2,,0.207444,0.213597,0.578959,,28767100,,
0,2,,0.105047,0.289596,0.605357,,29199900,,
0,2,,0.128341,0.276113,0.595546,,28994900,,
0,2,,0.144867,0.258466,0.596667,,29112400,,
0,2,,0.081142,0.327358,0.5915,,29319100,,
0,2,,0.125617,0.206644,0.667739,,29746200,,
0,2,,0.127957,0.263937,0.608106,,28915300,,
0,2,,0.108437,0.310726,0.580837,,28582400,,
0,2,,0.185592,0.294063,0.520345,,28253500,,
0,2,,0.077656,0.224251,0.698093,,29397900,,
0,2,,0.113334,0.225463,0.661203,,29637400,,
0,2,,0.089831,0.277285,0.632883,,28638100,,
0,2,,0.142668,0.175615,0.681717,,29318200,,
0,2,,0.050559,0.360915,0.588526,,29400000,,
0,2,,0.123938,0.250324,0.625737,,30404900,,
0,2,,0.159845,0.166478,0.673676,,28748700,,
0,2,,0.076747,0.277471,0.645782,,28582500,,
0,2,,0.087515,0.271492,0.640992,,29090000,,
0,2,,0.113573,0.385349,0.501078,,29543400,,
0,2,,0.147718,0.372114,0.480168,,29702000,,
0,2,,0.108298,0.266354,0.625347,,28883800,,
0,2,,0.125654,0.287632,0.586713,,28650700,,
0,2,,0.116595,0.221719,0.661686,,29572700,,
0,2,,0.172967,0.302123,0.52491,,29328500,,
0,2,,0.136018,0.296128,0.567854,,30020400,,
0,2,,0.202684,0.297147,0.500169,,29168800,,
0,2,,0.124185,0.295395,0.58042,,28836200,,
0,2,,0.139904,0.305386,0.554709,,28883700,,
0,2,,0.065258,0.232365,0.702377,,28416800,,
0,1,,0.215692,0.440713,0.343594,,30622100,,
0,2,,0.17408,0.396892,0.429028,,29011900,,
0,2,,0.107478,0.325414,0.567108,,29168200,,
0,2,,0.201384,0.237987,0.560629,,28533400,,
0,2,,0.135693,0.374393,0.489914,,28877100,,
0,2,,0.114245,0.292788,0.592967,,30395600,,
0,2,,0.165617,0.201686,0.632697,,29295900,,
0,2,,0.129975,0.294444,0.575581,,28410300,,
0,2,,0.128051,0.332334,0.539615,,29062900,,
0,2,,0.175625,0.21297,0.611405,,28895000,,
0,2,,0.055568,0.278007,0.666425,,30597300,,
0,1,,0.111233,0.474168,0.414599,,28824300,,
0,2,,0.088025,0.214445,0.69753,,29251800,,
0,2,,0.088713,0.275856,0.635431,,29181700,,
0,2,,0.136077,0.251252,0.612671,,30000500,,
0,2,,0.093857,0.173935,0.732207,,28482200,,
0,2,,0.181002,0.228976,0.590022,,29378900,,
0,2,,0.116465,0.247238,0.636297,,29015100,,
0,2,,0.119196,0.261654,0.61915,,29541100,,
0,2,,0.159681,0.251102,0.589216,,30588200,,
0,2,,0.167557,0.257445,0.574998,,29094200,,
0,1,,0.209452,0.418753,0.371795,,29397200,,
0,2,,0.081114,0.120083,0.798803,,29440600,,
0,2,,0.190981,0.304924,0.504095,,30768800,,
0,2,,0.172327,0.229368,0.598305,,29684400,,
0,2,,0.074338,0.246215,0.679446,,28695100,,
0,2,,0.044906,0.336594,0.618501,,29357300,,
0,2,,0.080929,0.200789,0.718282,,29640700,,
0,2,,0.177769,0.316652,0.505578,,28603900,,
0,2,,0.134414,0.249574,0.616012,,29917400,,
0,1,,0.211858,0.397083,0.391059,,29412700,,
0,2,,0.151753,0.233707,0.61454,,29345200,,
0,2,,0.112208,0.249337,0.638455,,28990900,,
0,2,,0.083579,0.267183,0.649238,,28911500,,
0,2,,0.126087,0.316907,0.557006,,30034700,,
0,2,,0.12229,0.142824,0.734886,,29647600,,
0,2,,0.14701,0.271797,0.581193,,29456200,,
0,2,,0.125454,0.320321,0.554226,,28570400,,
0,2,,0.132895,0.313644,0.553461,,28984100,,
0,2,,0.150632,0.400917,0.44845,,30383800,,
0,2,,0.123373,0.17276,0.703868,,29272100,,
0,2,,0.105962,0.258585,0.635453,,28735400,,
0,2,,0.093324,0.255335,0.651341,,28930300,,
0,2,,0.083368,0.25696,0.659671,,29708700,,
0,2,,0.081717,0.295013,0.62327,,29885700,,
0,2,,0.042582,0.24526,0.712158,,28549600,,
0,2,,0.21303,0.201811,0.585158,,28819400,,
0,2,,0.057438,0.368854,0.573708,,28839400,,
0,2,,0.155796,0.303035,0.54117,,29713700,,
0,2,,0.152598,0.320707,0.526696,,29327900,,
0,2,,0.104165,0.191049,0.704785,,28697300,,
0,2,,0.155561,0.351927,0.492511,,28889100,,
0,2,,0.117823,0.294738,0.587438,,28901100,,
0,2,,0.139835,0.272372,0.587793,,29985200,,
0,2,,0.155478,0.116277,0.728245,,30418200,,
0,2,,0.109156,0.32893,0.561914,,29568200,,
0,2,,0.138082,0.26633,0.595589,,29232500,,
0,2,,0.058663,0.368721,0.572616,,29581500,,
0,2,,0.099276,0.298158,0.602566,,29408900,,
0,2,,0.152064,0.30578,0.542155,,28835200,,
0,2,,0.1579,0.336968,0.505132,,28831100,,
0,2,,0.117176,0.217608,0.665216,,29452800,,
0,2,,0.202413,0.232792,0.564795,,28740800,,
0,2,,0.255288,0.256231,0.488481,,29852000,,
0,2,,0.337828,0.248848,0.413324,,29316800,,
0,2,,0.152394,0.302963,0.544643,,29054100,,
0,2,,0.128742,0.249556,0.621702,,28484800,,
0,2,,0.114034,0.307648,0.578319,,30388100,,
0,2,,0.072688,0.373293,0.554019,,30507500,,
0,2,,0.244051,0.232176,0.523774,,28798600,,
0,2,,0.104993,0.287149,0.607858,,29121500,,
0,2,,0.162732,0.275555,0.561713,,29574600,,
0,2,,0.135564,0.247953,0.616484,,31595200,,
0,2,,0.145937,0.26969,0.584373,,30264300,,
0,2,,0.118411,0.273236,0.608354,,28923700,,
0,2,,0.21536,0.25231,0.53233,,28682900,,
0,2,,0.150348,0.252173,0.597479,,28955600,,
0,2,,0.126879,0.371805,0.501316,,29067400,,
0,2,,0.131191,0.31392,0.554889,,30601700,,
0,2,,0.237346,0.310989,0.451665,,28537900,,
0,2,,0.150393,0.262612,0.586995,,28840500,,
0,2,,0.213406,0.298059,0.488535,,29281300,,
0,2,,0.209182,0.216101,0.574717,,29480100,,
0,2,,0.096872,0.210356,0.692772,,29113100,,
0,2,,0.19614,0.232496,0.571363,,29099400,,
0,2,,0.24257,0.263408,0.494022,,28891000,,
0,2,,0.155968,0.354242,0.48979,,28788400,,
0,2,,0.161248,0.196922,0.64183,,29971600,,
0,2,,0.049471,0.283217,0.667312,,30548200,,
0,2,,0.130277,0.229518,0.640205,,28887600,,
0,2,,0.157922,0.284463,0.557616,,28739600,,
0,2,,0.085989,0.381874,0.532137,,30095900,,
0,2,,0.157792,0.17417,0.668038,,29534500,,
0,2,,0.159873,0.351488,0.488639,,28926600,,
0,2,,0.143606,0.239025,0.617369,,28692400,,
0,2,,0.153058,0.222474,0.624468,,29541200,,
0,2,,0.116732,0.251494,0.631773,,29169600,,
0,2,,0.143831,0.293874,0.562295,,30254900,,
0,2,,0.111635,0.263657,0.624708,,29202700,,
0,2,,0.154997,0.314977,0.530025,,28578700,,
0,2,,0.101851,0.266039,0.63211,,28856000,,
0,2,,0.237509,0.18258,0.57991,,29086700,,
0,2,,0.118207,0.258164,0.623629,,30556900,,
0,2,,0.114291,0.281221,0.604488,,28525100,,
0,2,,0.100689,0.116454,0.782857,,28493600,,
0,2,,0.093962,0.241288,0.66475,,29120900,,
0,2,,0.114554,0.426722,0.458724,,29542000,,
0,2,,0.082666,0.171475,0.74586,,29875500,,
0,2,,0.062183,0.288629,0.649187,,29358900,,
0,2,,0.134153,0.371949,0.493898,,28501600,,
0,2,,0.167244,0.363883,0.468873,,29067100,,
0,2,,0.123916,0.183521,0.692563,,28642400,,
0,2,,0.183009,0.388562,0.428429,,30442100,,
0,2,,0.115957,0.340032,0.544011,,29809200,,
0,1,,0.19576,0.412874,0.391366,,28601600,,
0,2,,0.094818,0.324975,0.580207,,28693200,,
0,2,,0.172884,0.350545,0.47657,,28911000,,
0,2,,0.16832,0.280089,0.551591,,30097000,,
0,2,,0.184113,0.211635,0.604252,,28935200,,
0,2,,0.155723,0.421193,0.423084,,29113400,,
0,2,,0.100421,0.320932,0.578648,,28729600,,
0,2,,0.092849,0.261968,0.645183,,29946600,,
0,2,,0.116246,0.234876,0.648878,,29651100,,
0,2,,0.073908,0.405096,0.520996,,29063000,,
0,2,,0.130188,0.260459,0.609353,,27996900,,
0,2,,0.054907,0.361808,0.583284,,30035200,,
0,2,,0.089717,0.181013,0.729269,,29746800,,
0,2,,0.10412,0.346549,0.549331,,29176000,,
0,2,,0.193501,0.307402,0.499097,,28331100,,
0,2,,0.089487,0.225115,0.685398,,29456100,,
0,2,,0.204758,0.266287,0.528955,,29217900,,
0,2,,0.186086,0.198465,0.615449,,30270000,,
0,2,,0.143537,0.269616,0.586847,,29216100,,
0,2,,0.0755,0.287937,0.636563,,28943600,,
0,2,,0.127881,0.404604,0.467515,,28821500,,
0,1,,0.146168,0.436618,0.417214,,28734600,,
0,2,,0.159443,0.28401,0.556547,,30033700,,
0,2,,0.12856,0.322318,0.549122,,29242800,,
0,2,,0.095732,0.211119,0.69315,,28773900,,
0,2,,0.149601,0.284236,0.566164,,28736400,,
0,2,,0.136426,0.274949,0.588625,,28754400,,
0,2,,0.094093,0.220397,0.685509,,30217600,,
0,2,,0.109543,0.212262,0.678195,,28968600,,
0,2,,0.1636,0.291855,0.544546,,28860800,,
0,2,,0.170998,0.314847,0.514155,,28148100,,
0,2,,0.162272,0.279238,0.55849,,29033800,,
0,2,,0.124686,0.311255,0.564059,,29935600,,
0,2,,0.157388,0.267013,0.5756,,29245800,,
0,2,,0.176381,0.316341,0.507278,,28190400,,
0,2,,0.162355,0.237961,0.599683,,28868700,,
0,2,,0.125904,0.252151,0.621945,,28850700,,
0,2,,0.103408,0.136369,0.760222,,29330100,,
0,2,,0.141476,0.288048,0.570476,,28781900,,
0,2,,0.106282,0.282282,0.611436,,29158800,,
0,2,,0.163299,0.215456,0.621245,,28733700,,
0,2,,0.10741,0.266633,0.625957,,28626300,,
0,2,,0.111533,0.225509,0.662958,,29974600,,
0,2,,0.126196,0.163059,0.710745,,32281300,,
0,2,,0.1784,0.236335,0.585265,,29160100,,
0,2,,0.142165,0.269772,0.588063,,28265900,,
0,2,,0.2639,0.321623,0.414477,,28800000,,
0,2,,0.089775,0.298559,0.611666,,30456600,,
0,2,,0.048315,0.373801,0.577884,,28944300,,
0,2,,0.166319,0.238375,0.595306,,28516600,,
0,2,,0.193939,0.2079,0.598161,,29960400,,
0,2,,0.124464,0.308809,0.566728,,28890600,,
0,2,,0.154452,0.227192,0.618356,,29774500,,
0,2,,0.19035,0.231388,0.578262,,29826600,,
0,2,,0.055326,0.380525,0.564149,,29037400,,
0,2,,0.132319,0.213477,0.654204,,28897900,,
0,2,,0.170561,0.309392,0.520048,,29023200,,
0,2,,0.072347,0.286808,0.640844,,29942300,,
0,2,,0.10665,0.248064,0.645286,,28300300,,
0,2,,0.107629,0.320255,0.572116,,28813800,,
0,2,,0.059168,0.327909,0.612923,,28841200,,
0,2,,0.149407,0.307891,0.542702,,30050500,,
0,2,,0.192252,0.263092,0.544656,,28520000,,
0,2,,0.184644,0.264469,0.550887,,28969800,,
0,2,,0.196787,0.286781,0.516433,,29111100,,
0,2,,0.115324,0.243251,0.641425,,28718400,,
0,2,,0.079698,0.352922,0.56738,,28639600,,
0,2,,0.157584,0.215694,0.626722,,29677700,,
0,2,,0.177092,0.243585,0.579323,,28586300,,
0,2,,0.154198,0.234728,0.611074,,28046500,,
0,2,,0.102197,0.222856,0.674947,,28824300,,
0,2,,0.126143,0.212187,0.661671,,29257500,,
0,2,,0.175861,0.338184,0.485954,,29244400,,
0,2,,0.091614,0.221761,0.686625,,28237900,,
0,2,,0.106293,0.162914,0.730793,,28732200,,
0,2,,0.125452,0.30874,0.565809,,29015300,,
0,2,,0.141036,0.290076,0.568889,,29715500,,
0,2,,0.159509,0.29607,0.544421,,29202100,,
0,2,,0.142853,0.413733,0.443414,,29899300,,
0,2,,0.102147,0.200888,0.696964,,29326600,,
0,2,,0.133008,0.262351,0.604641,,30415400,,
0,2,,0.117384,0.329708,0.552909,,29658300,,
0,2,,0.074066,0.327915,0.598019,,28262900,,
0,2,,0.100156,0.307838,0.592006,,28899300,,
0,2,,0.220719,0.30861,0.470671,,29599800,,
0,2,,0.114412,0.223918,0.66167,,28758200,,
0,2,,0.099761,0.205684,0.694555,,29708800,,
0,2,,0.036166,0.311722,0.652112,,28793600,,
0,2,,0.136041,0.270875,0.593085,,29437700,,
0,2,,0.197731,0.239764,0.562504,,28666600,,
0,2,,0.128499,0.207864,0.663636,,29629000,,
0,2,,0.177827,0.228966,0.593207,,31016000,,
0,2,,0.112839,0.332376,0.554786,,30202100,,
0,2,,0.118094,0.238442,0.643464,,30112000,,
0,2,,0.090316,0.36076,0.548924,,30024600,,
0,2,,0.135731,0.236776,0.627493,,29901500,,
0,2,,0.100535,0.275506,0.623958,,30810900,,
0,2,,0.172968,0.227317,0.599715,,30428000,,
0,2,,0.10075,0.204065,0.695185,,30033200,,
0,2,,0.158486,0.16769,0.673824,,30076500,,
0,2,,0.097802,0.198084,0.704114,,30259300,,
0,2,,0.096378,0.195841,0.70778,,30325500,,
0,2,,0.136311,0.306606,0.557083,,29766700,,
0,2,,0.142644,0.206857,0.650499,,30044700,,
0,2,,0.175008,0.36368,0.461312,,31845300,,
0,2,,0.227007,0.212574,0.560419,,28505400,,
0,2,,0.152424,0.294807,0.552769,,27413800,,
0,2,,0.122286,0.213866,0.663848,,27497600,,
0,2,,0.106482,0.262428,0.63109,,27532600,,
0,2,,0.109646,0.31849,0.571864,,27611900,,
0,2,,0.147498,0.314682,0.53782,,27860800,,
0,2,,0.089069,0.413451,0.497479,,27992700,,
0,2,,0.163418,0.24712,0.589462,,27708700,,
0,2,,0.1657,0.190586,0.643715,,27293800,,
0,2,,0.139198,0.305868,0.554934,,27328900,,
0,2,,0.130242,0.192171,0.677587,,27109800,,
0,2,,0.136552,0.326286,0.537161,,27697300,,
0,2,,0.146658,0.211836,0.641505,,27683600,,
0,2,,0.091198,0.263565,0.645237,,28306900,,
0,2,,0.140173,0.149981,0.709846,,26859200,,
0,2,,0.096806,0.371019,0.532174,,27401700,,
0,2,,0.115115,0.183709,0.701176,,28373100,,
0,2,,0.155203,0.365078,0.479718,,27660900,,
0,2,,0.106867,0.252261,0.640872,,27719900,,
0,2,,0.17069,0.346451,0.482859,,27553100,,
0,2,,0.100099,0.215766,0.684136,,27629800,,
0,2,,0.097276,0.286579,0.616145,,28367400,,
0,2,,0.099714,0.343877,0.556409,,27814200,,
0,2,,0.128819,0.294136,0.577045,,27885300,,
0,2,,0.171944,0.19069,0.637367,,27832300,,
0,2,,0.12893,0.264384,0.606686,,27670600,,
0,2,,0.168573,0.214648,0.616779,,28724500,,
0,2,,0.188922,0.299177,0.511901,,27022900,,
0,2,,0.122915,0.165348,0.711736,,27611000,,
0,2,,0.197928,0.36146,0.440612,,27829200,,
0,2,,0.158261,0.248741,0.592998,,27613400,,
0,2,,0.162005,0.253184,0.584811,,28231600,,
0,2,,0.07767,0.193937,0.728393,,27841900,,
0,2,,0.101065,0.28383,0.615105,,27501400,,
0,2,,0.163269,0.238134,0.598597,,27747600,,
0,2,,0.141527,0.267145,0.591328,,27990000,,
0,2,,0.125344,0.267558,0.607099,,28122900,,
0,2,,0.09033,0.21498,0.69469,,27748400,,
0,2,,0.070555,0.419809,0.509636,,27638000,,
0,2,,0.133215,0.33652,0.530265,,27900700,,
0,2,,0.124141,0.29365,0.582209,,27595000,,
0,2,,0.074746,0.264734,0.66052,,27894800,,
0,2,,0.118195,0.277041,0.604763,,27794400,,
0,2,,0.098137,0.343288,0.558575,,28007800,,
0,2,,0.233554,0.293825,0.472621,,30629600,,
0,2,,0.136624,0.204399,0.658976,,27850200,,
0,2,,0.151927,0.241941,0.606132,,26974800,,
0,2,,0.11374,0.261203,0.625057,,26909900,,
0,2,,0.204296,0.234815,0.560888,,27257500,,
0,2,,0.136481,0.37485,0.488669,,27334100,,
0,2,,0.116678,0.188,0.695322,,27559400,,
0,2,,0.080961,0.285274,0.633765,,28073900,,
0,2,,0.131751,0.315556,0.552693,,27855400,,
0,2,,0.138009,0.364913,0.497078,,27655300,,
0,2,,0.199569,0.310298,0.490133,,28263900,,
0,1,,0.163471,0.437564,0.398965,,27603000,,
0,2,,0.121332,0.226759,0.651909,,27651700,,
0,2,,0.135427,0.302511,0.562062,,28359300,,
0,2,,0.106201,0.350253,0.543546,,28097300,,
0,2,,0.128785,0.204654,0.66656,,26760100,,
0,2,,0.170203,0.241165,0.588631,,27646400,,
0,2,,0.061329,0.162548,0.776123,,27574300,,
0,2,,0.107325,0.31785,0.574825,,28422800,,
0,2,,0.187899,0.288812,0.523289,,27992600,,
0,2,,0.129205,0.245569,0.625227,,27814600,,
0,2,,0.073991,0.20626,0.719749,,27632200,,
0,2,,0.106415,0.208864,0.684721,,28027900,,
0,2,,0.139251,0.376202,0.484547,,28059700,,
0,2,,0.167806,0.230431,0.601763,,27738100,,
0,2,,0.144592,0.245324,0.610084,,27981100,,
0,2,,0.18465,0.350114,0.465236,,27657800,,
0,2,,0.130173,0.373796,0.496031,,27477200,,
0,2,,0.173429,0.309712,0.516859,,27964700,,
0,2,,0.080857,0.194967,0.724175,,28060300,,
0,2,,0.131636,0.267473,0.600891,,27924800,,
0,2,,0.053171,0.432749,0.514079,,27739900,,
0,2,,0.122829,0.244611,0.63256,,27728300,,
0,2,,0.165438,0.238292,0.59627,,28049700,,
0,2,,0.096953,0.30549,0.597557,,27913500,,
0,2,,0.128971,0.172225,0.698804,,27914100,,
0,2,,0.134469,0.228367,0.637164,,27721800,,
0,2,,0.085692,0.317141,0.597167,,30611900,,
0,2,,0.067576,0.376604,0.55582,,27033800,,
0,2,,0.153039,0.278982,0.567978,,27626300,,
0,2,,0.122602,0.157672,0.719726,,27605200,,
0,2,,0.164085,0.231324,0.604591,,27520800,,
0,2,,0.141001,0.256859,0.60214,,27100600,,
0,2,,0.098595,0.252903,0.648502,,28113600,,
0,2,,0.097098,0.357252,0.54565,,27744400,,
0,2,,0.152513,0.174542,0.672945,,27818900,,
0,2,,0.092025,0.286257,0.621718,,27848300,,
0,2,,0.061401,0.296145,0.642453,,27574900,,
