connect-4,LADTree,test,0,NANOSECONDS,PREDICTIONS, Generated by ClassifierExperiments.java on 2022-05-16 13:17:25.    SYSTEMPROPERTIES:{user.name:matth,os.arch:amd64,os.name:Windows 10},ENDSYSTEMPROPERTIES
No parameter info
0.6998223801065719,20155999700,562095582400,-1,662296232,3,,-1,-1
0,2,,0.11161,0.246325,0.642065,,41932400,,
0,2,,0.207926,0.328172,0.463901,,41661100,,
0,2,,0.061494,0.322478,0.616028,,40617500,,
0,2,,0.102203,0.211507,0.686289,,41218700,,
0,2,,0.180327,0.319235,0.500437,,41581100,,
0,2,,0.155021,0.35379,0.491189,,42060100,,
0,2,,0.135753,0.172932,0.691315,,41862500,,
0,2,,0.175364,0.334995,0.489641,,41758100,,
0,2,,0.121984,0.182281,0.695735,,42586100,,
0,2,,0.133861,0.15883,0.707309,,42242300,,
0,2,,0.101316,0.312257,0.586427,,41507500,,
0,2,,0.207118,0.252083,0.540799,,42138700,,
0,2,,0.169742,0.29756,0.532698,,41682200,,
0,2,,0.194794,0.294051,0.511155,,41626500,,
0,2,,0.157497,0.340726,0.501778,,41266900,,
0,2,,0.124695,0.324318,0.550987,,42544900,,
0,2,,0.175973,0.295309,0.528718,,41059600,,
0,2,,0.115269,0.274707,0.610024,,40696700,,
0,2,,0.121576,0.274765,0.60366,,42348500,,
0,2,,0.067763,0.344692,0.587545,,42691300,,
0,2,,0.089507,0.166866,0.743626,,41916800,,
0,2,,0.116974,0.200431,0.682595,,41649800,,
0,2,,0.11748,0.263858,0.618663,,43093500,,
0,2,,0.103816,0.185209,0.710975,,41984700,,
0,2,,0.118569,0.25933,0.622101,,41342300,,
0,2,,0.118199,0.221525,0.660277,,41395600,,
0,2,,0.120547,0.311207,0.568247,,41919300,,
0,2,,0.155814,0.227843,0.616344,,41277900,,
0,2,,0.107814,0.184551,0.707634,,41701900,,
0,2,,0.14357,0.26021,0.59622,,43052200,,
0,2,,0.188759,0.2903,0.520941,,42652500,,
0,2,,0.096047,0.336281,0.567672,,42677700,,
0,2,,0.214564,0.178251,0.607186,,41685800,,
0,2,,0.103082,0.20267,0.694247,,41537400,,
0,2,,0.092144,0.142477,0.765378,,42174100,,
0,2,,0.056867,0.367592,0.575541,,42476200,,
0,2,,0.141653,0.369164,0.489182,,41529800,,
0,2,,0.118563,0.23194,0.649497,,42767600,,
0,2,,0.12849,0.233513,0.637996,,42161700,,
0,2,,0.139349,0.287111,0.57354,,42354400,,
0,2,,0.138461,0.315653,0.545886,,42241100,,
0,2,,0.139382,0.260765,0.599854,,41944500,,
0,2,,0.14357,0.161422,0.695008,,42091200,,
0,2,,0.177753,0.294413,0.527834,,42250300,,
0,2,,0.196253,0.29896,0.504786,,41223600,,
0,2,,0.138854,0.270672,0.590473,,41611300,,
0,2,,0.102171,0.148732,0.749098,,42551400,,
0,2,,0.162245,0.324647,0.513108,,41821300,,
0,2,,0.179827,0.26684,0.553334,,41336600,,
0,2,,0.102236,0.339705,0.558058,,40785800,,
0,2,,0.12182,0.353293,0.524887,,41392000,,
0,2,,0.126882,0.292952,0.580166,,40952400,,
0,2,,0.106111,0.242941,0.650947,,42232900,,
0,2,,0.141562,0.210046,0.648392,,43075000,,
0,2,,0.10957,0.274408,0.616022,,41366100,,
0,2,,0.123537,0.207297,0.669166,,42189600,,
0,2,,0.089946,0.20047,0.709584,,42971400,,
0,2,,0.114255,0.373481,0.512264,,41783600,,
0,2,,0.17372,0.210403,0.615877,,41874000,,
0,2,,0.116366,0.243961,0.639673,,42250400,,
0,2,,0.088831,0.182219,0.72895,,41460900,,
0,2,,0.192141,0.245497,0.562362,,41834500,,
0,2,,0.129503,0.282464,0.588033,,41237100,,
0,2,,0.16966,0.227448,0.602892,,42186900,,
0,2,,0.123078,0.216227,0.660694,,41588400,,
0,2,,0.135362,0.221294,0.643343,,41807900,,
0,2,,0.152282,0.240593,0.607125,,41793200,,
0,2,,0.086887,0.307058,0.606055,,42418700,,
0,2,,0.063567,0.33963,0.596803,,41635200,,
0,2,,0.214257,0.257777,0.527966,,41768800,,
0,2,,0.157932,0.280361,0.561707,,41416400,,
0,2,,0.154295,0.248612,0.597093,,41813200,,
0,2,,0.138236,0.203635,0.658129,,41239100,,
0,2,,0.188148,0.264384,0.547468,,42066500,,
0,2,,0.145986,0.346003,0.508011,,40031200,,
0,2,,0.158421,0.260288,0.581291,,40775600,,
0,2,,0.144082,0.326229,0.529689,,40456400,,
0,2,,0.168375,0.347406,0.484219,,41936100,,
0,2,,0.128016,0.244614,0.627371,,40382000,,
0,2,,0.120459,0.258713,0.620828,,41421200,,
0,2,,0.150584,0.395128,0.454288,,41313900,,
0,2,,0.118297,0.254365,0.627337,,40528200,,
0,2,,0.180983,0.237989,0.581029,,40683100,,
0,2,,0.14458,0.172797,0.682622,,42352700,,
0,2,,0.115407,0.259777,0.624816,,42091900,,
0,2,,0.075831,0.29813,0.626038,,42209100,,
0,2,,0.154294,0.167549,0.678157,,42323700,,
0,2,,0.177497,0.264698,0.557805,,42302900,,
0,2,,0.153887,0.230186,0.615926,,41321600,,
0,2,,0.126092,0.243991,0.629917,,41675800,,
0,2,,0.127856,0.286801,0.585342,,42324500,,
0,2,,0.099298,0.372474,0.528228,,41925900,,
0,2,,0.133948,0.211115,0.654937,,41567800,,
0,2,,0.172586,0.237302,0.590112,,43555700,,
0,2,,0.145011,0.277151,0.577838,,42021500,,
0,2,,0.080523,0.391464,0.528013,,42139500,,
0,2,,0.089249,0.292997,0.617754,,41633800,,
0,2,,0.06691,0.304062,0.629028,,42062500,,
0,2,,0.124235,0.284899,0.590865,,47540000,,
0,2,,0.165994,0.216326,0.617679,,53874100,,
0,2,,0.1079,0.249969,0.642131,,41927900,,
0,2,,0.135183,0.233621,0.631196,,42264800,,
0,2,,0.139631,0.253536,0.606833,,41844400,,
0,2,,0.138166,0.193546,0.668288,,41983000,,
0,2,,0.062795,0.367683,0.569523,,40948500,,
0,2,,0.130892,0.310066,0.559042,,42248600,,
0,2,,0.09171,0.304151,0.604139,,42144300,,
0,2,,0.0989,0.153141,0.74796,,42558700,,
0,2,,0.083403,0.361391,0.555207,,41580000,,
0,2,,0.149914,0.181302,0.668784,,42067800,,
0,2,,0.098706,0.267141,0.634153,,42161300,,
0,2,,0.179029,0.284654,0.536317,,42161500,,
0,2,,0.095675,0.221545,0.68278,,41143300,,
0,2,,0.144249,0.22023,0.635521,,41463200,,
0,2,,0.07582,0.212723,0.711457,,41672000,,
0,2,,0.127863,0.301363,0.570773,,41136100,,
0,2,,0.091925,0.262656,0.645419,,41676800,,
0,2,,0.186467,0.260149,0.553384,,41811600,,
0,2,,0.10591,0.345984,0.548107,,41124200,,
0,2,,0.174928,0.258578,0.566494,,41465300,,
0,2,,0.116735,0.241078,0.642187,,41797100,,
0,2,,0.147183,0.265709,0.587108,,41973500,,
0,2,,0.120747,0.182318,0.696936,,40965600,,
0,2,,0.143547,0.213483,0.64297,,41734400,,
0,2,,0.087971,0.198192,0.713838,,42883700,,
0,2,,0.112959,0.189096,0.697945,,41370100,,
0,2,,0.186894,0.282959,0.530147,,41177200,,
0,2,,0.119398,0.292004,0.588599,,42797300,,
0,2,,0.134612,0.2898,0.575588,,40606100,,
0,2,,0.122486,0.366363,0.511151,,42220000,,
0,2,,0.155299,0.266271,0.57843,,42721200,,
0,2,,0.25548,0.308973,0.435547,,41644700,,
0,2,,0.106189,0.367909,0.525902,,41688100,,
0,2,,0.149701,0.185902,0.664397,,41612500,,
0,2,,0.118504,0.250205,0.63129,,41519000,,
0,2,,0.10234,0.361827,0.535833,,40812500,,
0,2,,0.147868,0.31053,0.541602,,40200700,,
0,2,,0.143051,0.232027,0.624922,,40979500,,
0,2,,0.106632,0.308015,0.585354,,40971400,,
0,2,,0.109084,0.178985,0.711932,,41077100,,
0,2,,0.072582,0.271195,0.656223,,41076900,,
0,2,,0.082427,0.301618,0.615954,,41612800,,
0,2,,0.123199,0.412632,0.464169,,40703900,,
0,2,,0.200277,0.324224,0.475499,,40197700,,
0,2,,0.14199,0.239182,0.618827,,40224800,,
0,2,,0.135159,0.160691,0.704149,,41380900,,
0,2,,0.140727,0.200358,0.658914,,40487600,,
0,2,,0.1074,0.262898,0.629702,,40391200,,
0,2,,0.086187,0.30778,0.606033,,41040400,,
0,2,,0.070254,0.243394,0.686353,,40856500,,
0,2,,0.080891,0.182691,0.736418,,40899800,,
0,2,,0.219306,0.187406,0.593288,,40325300,,
0,2,,0.123006,0.240972,0.636023,,42393300,,
0,2,,0.083625,0.286041,0.630333,,41800300,,
0,2,,0.183773,0.273291,0.542936,,43053100,,
0,2,,0.226523,0.337665,0.435813,,43060600,,
0,2,,0.159543,0.314593,0.525864,,40724900,,
0,2,,0.087544,0.298892,0.613565,,41773300,,
0,2,,0.092894,0.17107,0.736037,,41775600,,
0,2,,0.10263,0.398662,0.498707,,42390400,,
0,2,,0.102664,0.379562,0.517773,,42055600,,
0,2,,0.042693,0.312969,0.644338,,41852500,,
0,2,,0.136056,0.212679,0.651265,,42827800,,
0,2,,0.072711,0.129244,0.798045,,41939600,,
0,2,,0.141009,0.245763,0.613228,,42337500,,
0,2,,0.14001,0.232186,0.627804,,42066500,,
0,2,,0.096941,0.269455,0.633604,,41230200,,
0,2,,0.128347,0.176623,0.69503,,42169000,,
0,2,,0.11725,0.205755,0.676995,,41972500,,
0,2,,0.074206,0.351188,0.574606,,42506600,,
0,2,,0.136911,0.257794,0.605295,,40617300,,
0,2,,0.064031,0.29236,0.643609,,41544400,,
0,2,,0.102934,0.16595,0.731116,,42159300,,
0,2,,0.118202,0.179644,0.702154,,42117800,,
0,2,,0.094583,0.284314,0.621104,,41881900,,
0,2,,0.137771,0.325945,0.536284,,42402100,,
0,2,,0.090585,0.316829,0.592585,,41024100,,
0,2,,0.09038,0.427809,0.481811,,42020600,,
0,2,,0.060274,0.398014,0.541712,,42389800,,
0,2,,0.130047,0.190054,0.679899,,42170900,,
0,2,,0.153283,0.265552,0.581166,,41708000,,
0,2,,0.096767,0.26382,0.639413,,41595500,,
0,2,,0.151573,0.307693,0.540733,,42629800,,
0,2,,0.142409,0.256101,0.60149,,42448300,,
0,2,,0.057601,0.40056,0.541838,,41844700,,
0,2,,0.082048,0.295705,0.622247,,41762400,,
0,2,,0.086937,0.267296,0.645767,,41289400,,
0,2,,0.077198,0.266763,0.656039,,42040200,,
0,2,,0.130162,0.284864,0.584974,,42161900,,
0,2,,0.120358,0.269143,0.610499,,41925200,,
0,2,,0.111522,0.367047,0.521431,,41852000,,
0,2,,0.076494,0.229149,0.694357,,41798300,,
0,2,,0.14594,0.332878,0.521183,,41780300,,
0,2,,0.068876,0.223845,0.707279,,41074800,,
0,2,,0.115341,0.21938,0.665279,,41178600,,
0,2,,0.115592,0.185261,0.699147,,40857100,,
0,2,,0.109962,0.189223,0.700815,,41424900,,
0,2,,0.183731,0.285825,0.530444,,41758600,,
0,2,,0.124342,0.283388,0.59227,,41504500,,
0,2,,0.124855,0.300076,0.575069,,42903100,,
0,2,,0.05885,0.282024,0.659125,,42150100,,
0,2,,0.151048,0.250979,0.597973,,41666900,,
0,2,,0.127641,0.295807,0.576551,,41883300,,
0,2,,0.076885,0.317137,0.605979,,42464900,,
0,2,,0.144421,0.220883,0.634696,,41550200,,
0,2,,0.118848,0.32206,0.559092,,41790100,,
0,2,,0.095625,0.168038,0.736337,,42089400,,
0,2,,0.070339,0.353698,0.575963,,42122800,,
0,2,,0.133331,0.251689,0.61498,,42098100,,
0,2,,0.138244,0.257731,0.604025,,41980900,,
0,2,,0.129738,0.236241,0.634021,,42589500,,
0,2,,0.178828,0.290748,0.530424,,41802500,,
0,2,,0.102062,0.287045,0.610893,,43010300,,
0,2,,0.098245,0.200019,0.701737,,42065300,,
0,2,,0.14368,0.282897,0.573423,,42406600,,
0,2,,0.112747,0.407985,0.479268,,41747000,,
0,2,,0.142205,0.229853,0.627943,,42168400,,
0,2,,0.13242,0.269042,0.598538,,41400300,,
0,2,,0.171467,0.204693,0.623841,,43722000,,
0,2,,0.099642,0.218278,0.682079,,41133300,,
0,2,,0.119387,0.328694,0.551919,,42161900,,
0,2,,0.141775,0.242252,0.615973,,41688100,,
0,2,,0.095184,0.156664,0.748152,,41918500,,
0,2,,0.09481,0.20398,0.70121,,40966200,,
0,2,,0.227974,0.283329,0.488697,,41839800,,
0,2,,0.088973,0.186184,0.724843,,42240600,,
0,2,,0.063544,0.302308,0.634148,,43273600,,
0,2,,0.176976,0.228584,0.594441,,41783700,,
0,2,,0.098044,0.259797,0.642159,,41687000,,
0,2,,0.112171,0.372928,0.514901,,41550900,,
0,2,,0.135385,0.349285,0.515331,,42281300,,
0,2,,0.157163,0.313297,0.52954,,42016400,,
0,2,,0.073381,0.245661,0.680958,,41614300,,
0,2,,0.132148,0.237754,0.630098,,42818300,,
0,2,,0.166941,0.386368,0.446692,,41574700,,
0,2,,0.138961,0.324539,0.5365,,42173000,,
0,2,,0.229111,0.218032,0.552857,,42235600,,
0,2,,0.206022,0.261351,0.532628,,42324700,,
0,2,,0.100584,0.232001,0.667415,,42204500,,
0,2,,0.089554,0.179768,0.730678,,41705800,,
0,2,,0.106281,0.196215,0.697503,,42435600,,
0,2,,0.162356,0.154571,0.683073,,41642500,,
0,2,,0.170371,0.363537,0.466091,,42057100,,
0,2,,0.179615,0.221179,0.599205,,40643700,,
0,2,,0.122431,0.245295,0.632274,,41652700,,
0,2,,0.11564,0.159115,0.725245,,42114100,,
0,2,,0.130267,0.260906,0.608827,,42268400,,
0,2,,0.114578,0.206736,0.678687,,42494200,,
0,2,,0.1196,0.394891,0.485509,,40582300,,
0,2,,0.049726,0.342406,0.607868,,42447100,,
0,2,,0.182194,0.258332,0.559475,,43290500,,
0,2,,0.127016,0.25439,0.618593,,41757800,,
0,2,,0.115802,0.320767,0.563431,,41380100,,
0,2,,0.157905,0.344345,0.49775,,41248800,,
0,2,,0.118727,0.213258,0.668015,,41605400,,
0,2,,0.143218,0.225278,0.631504,,42066800,,
0,2,,0.12916,0.237258,0.633582,,41662500,,
0,2,,0.139908,0.308047,0.552045,,42576100,,
0,2,,0.131688,0.223306,0.645006,,41477700,,
0,2,,0.138176,0.293606,0.568218,,41771800,,
0,2,,0.127275,0.346256,0.526469,,42361400,,
0,2,,0.140561,0.249755,0.609684,,42230700,,
0,2,,0.158487,0.242172,0.599341,,41709800,,
0,2,,0.110617,0.344282,0.545101,,41431700,,
0,2,,0.133937,0.245079,0.620985,,41433100,,
0,2,,0.150023,0.405836,0.44414,,41741000,,
0,2,,0.209167,0.252692,0.538142,,42120100,,
0,2,,0.113868,0.281527,0.604606,,43895400,,
0,2,,0.128231,0.204666,0.667104,,40926600,,
0,2,,0.095873,0.244989,0.659138,,41366600,,
0,2,,0.099997,0.300038,0.599965,,41555800,,
0,2,,0.186821,0.262517,0.550662,,42224900,,
0,1,,0.099369,0.477452,0.423179,,41915300,,
0,2,,0.092798,0.185373,0.721829,,42531600,,
0,2,,0.189966,0.398399,0.411635,,42808600,,
0,2,,0.130005,0.322267,0.547728,,41292300,,
0,2,,0.13874,0.342462,0.518798,,40796600,,
0,2,,0.081156,0.252718,0.666126,,41527400,,
0,2,,0.147436,0.311338,0.541227,,41248500,,
0,2,,0.156148,0.235535,0.608317,,42050900,,
0,2,,0.132286,0.371145,0.496569,,41466300,,
0,2,,0.150684,0.21769,0.631626,,42385000,,
0,2,,0.084691,0.265723,0.649586,,42085600,,
0,2,,0.146978,0.228008,0.625014,,41464500,,
0,2,,0.214647,0.212288,0.573065,,42519000,,
0,2,,0.156528,0.208811,0.634661,,42538200,,
0,2,,0.147261,0.302749,0.549989,,42108900,,
0,2,,0.126939,0.33945,0.533611,,40910300,,
0,2,,0.100296,0.266417,0.633287,,42911400,,
0,2,,0.107635,0.189017,0.703348,,41423900,,
0,2,,0.174646,0.262215,0.563139,,41647200,,
0,2,,0.139793,0.325642,0.534566,,51213100,,
0,2,,0.130775,0.338246,0.530979,,59535300,,
0,2,,0.111852,0.318121,0.570027,,45181700,,
0,2,,0.089833,0.187085,0.723083,,42134900,,
0,2,,0.110889,0.278652,0.610459,,40788600,,
0,2,,0.113525,0.247416,0.63906,,42087900,,
0,2,,0.172831,0.267125,0.560044,,43509800,,
0,2,,0.229437,0.231294,0.539269,,41859500,,
0,2,,0.118711,0.237623,0.643666,,41807400,,
0,2,,0.088659,0.191576,0.719765,,41947600,,
0,2,,0.102362,0.32541,0.572228,,41527600,,
0,2,,0.142381,0.217609,0.64001,,41968600,,
0,2,,0.072104,0.423345,0.504551,,43438800,,
0,2,,0.104442,0.29508,0.600478,,42590500,,
0,2,,0.120847,0.298243,0.58091,,42057800,,
0,2,,0.087148,0.314074,0.598778,,41181600,,
0,2,,0.154705,0.237397,0.607899,,41533300,,
0,2,,0.124482,0.211248,0.66427,,41915500,,
0,2,,0.092203,0.24397,0.663827,,41759900,,
0,2,,0.138268,0.34764,0.514093,,41956400,,
0,2,,0.125036,0.201897,0.673067,,42167300,,
0,2,,0.21045,0.300338,0.489211,,41090900,,
0,2,,0.130798,0.331858,0.537343,,40173600,,
0,2,,0.150002,0.299185,0.550813,,43351600,,
0,2,,0.142726,0.232151,0.625123,,42043600,,
0,2,,0.166232,0.285101,0.548667,,41003600,,
0,2,,0.180607,0.346455,0.472938,,41086600,,
0,2,,0.145261,0.335993,0.518746,,39825300,,
0,2,,0.102216,0.277278,0.620506,,40088700,,
0,2,,0.09313,0.20754,0.69933,,40509700,,
0,2,,0.077804,0.310363,0.611833,,40981100,,
0,2,,0.112929,0.3643,0.522771,,40680400,,
0,2,,0.166919,0.221105,0.611976,,41652800,,
0,2,,0.099778,0.237123,0.663099,,42049900,,
0,2,,0.101879,0.198963,0.699158,,40729800,,
0,2,,0.119702,0.218833,0.661466,,40666000,,
0,2,,0.13885,0.360005,0.501145,,41890300,,
0,2,,0.148349,0.240425,0.611225,,42238900,,
0,2,,0.134373,0.333979,0.531647,,40089700,,
0,2,,0.194542,0.192509,0.612949,,41621900,,
0,2,,0.096925,0.399663,0.503412,,40942300,,
0,2,,0.082745,0.157741,0.759515,,44052500,,
0,2,,0.083538,0.250836,0.665626,,42005800,,
0,2,,0.091561,0.204726,0.703713,,41824500,,
0,2,,0.112142,0.28508,0.602778,,41523700,,
0,2,,0.097617,0.268525,0.633859,,41657000,,
0,2,,0.154673,0.327918,0.517409,,41526300,,
0,2,,0.121202,0.173715,0.705083,,42204900,,
0,2,,0.085923,0.186231,0.727846,,44343200,,
0,2,,0.207412,0.222445,0.570144,,41808500,,
0,2,,0.111018,0.287847,0.601135,,43011400,,
0,2,,0.109757,0.209114,0.681129,,43188200,,
0,2,,0.160596,0.316169,0.523235,,42522300,,
0,2,,0.173923,0.247955,0.578122,,44154000,,
0,2,,0.17106,0.319445,0.509494,,42917000,,
0,2,,0.089147,0.254261,0.656591,,42321100,,
0,2,,0.111233,0.370665,0.518103,,43293300,,
0,2,,0.162612,0.261429,0.575959,,43779600,,
0,2,,0.153217,0.281822,0.564961,,41997300,,
0,2,,0.138898,0.29332,0.567782,,42602700,,
0,2,,0.152507,0.195368,0.652125,,43254500,,
0,2,,0.139287,0.267525,0.593187,,42602200,,
0,2,,0.058439,0.295418,0.646144,,42851200,,
0,2,,0.196683,0.342347,0.46097,,42906500,,
0,2,,0.071248,0.393977,0.534775,,43414500,,
0,2,,0.178466,0.240263,0.581271,,43170200,,
0,2,,0.146832,0.263682,0.589486,,42223900,,
0,2,,0.147801,0.144804,0.707395,,42387700,,
0,2,,0.178812,0.2741,0.547088,,42861700,,
0,2,,0.084553,0.197868,0.717579,,42131000,,
0,2,,0.110965,0.187125,0.70191,,43400500,,
0,2,,0.152546,0.306446,0.541008,,42559000,,
0,2,,0.148459,0.22679,0.624751,,41998700,,
0,2,,0.092438,0.218333,0.68923,,43343300,,
0,2,,0.166594,0.345225,0.488181,,43203400,,
0,2,,0.183424,0.243319,0.573258,,42438500,,
0,2,,0.110271,0.283948,0.605781,,41888500,,
0,2,,0.131149,0.315416,0.553435,,42640200,,
0,2,,0.165237,0.189383,0.64538,,41772900,,
0,2,,0.136597,0.208362,0.655041,,42580800,,
0,2,,0.152946,0.277624,0.56943,,43452000,,
0,2,,0.059937,0.336541,0.603522,,42593400,,
0,2,,0.130777,0.326038,0.543185,,42813100,,
0,2,,0.071586,0.310946,0.617468,,42673300,,
0,2,,0.133543,0.278795,0.587662,,43226600,,
0,2,,0.120665,0.239829,0.639506,,43466900,,
0,2,,0.066849,0.379898,0.553253,,42220200,,
0,2,,0.153337,0.321273,0.52539,,43676100,,
0,2,,0.176761,0.339993,0.483246,,42606000,,
0,2,,0.117091,0.211025,0.671884,,43216600,,
0,2,,0.149466,0.219551,0.630983,,42616700,,
0,2,,0.149867,0.246028,0.604105,,43613500,,
0,2,,0.094107,0.293723,0.612171,,42645300,,
0,2,,0.127844,0.236647,0.635509,,42727900,,
0,2,,0.090214,0.338457,0.571328,,43169100,,
0,2,,0.157811,0.254179,0.58801,,43716200,,
0,2,,0.165292,0.248776,0.585933,,42271200,,
0,2,,0.131882,0.295102,0.573016,,43060300,,
0,2,,0.126904,0.175555,0.697541,,44441600,,
0,2,,0.055968,0.316935,0.627097,,42936200,,
0,2,,0.14131,0.239794,0.618897,,44402300,,
0,2,,0.111044,0.290724,0.598233,,42937200,,
0,2,,0.114634,0.407215,0.478151,,45367500,,
0,2,,0.129318,0.216841,0.653841,,42719800,,
0,2,,0.126714,0.412047,0.46124,,42999300,,
0,2,,0.114508,0.303472,0.58202,,44443800,,
0,2,,0.133615,0.246946,0.619439,,43328400,,
0,2,,0.109545,0.19631,0.694146,,43210500,,
0,2,,0.164849,0.192872,0.642279,,42514600,,
0,2,,0.108278,0.280327,0.611395,,42844900,,
0,2,,0.072386,0.306148,0.621465,,43509000,,
0,2,,0.081721,0.359532,0.558748,,42817400,,
0,2,,0.106586,0.170277,0.723137,,42908800,,
0,2,,0.102974,0.229076,0.66795,,42681400,,
0,2,,0.132741,0.231217,0.636042,,43311000,,
0,2,,0.102351,0.353259,0.544391,,42815900,,
0,2,,0.116695,0.183168,0.700137,,42618900,,
0,2,,0.071895,0.189064,0.739041,,43299100,,
0,2,,0.092878,0.327539,0.579583,,43310700,,
0,2,,0.123852,0.426244,0.449904,,43753400,,
0,2,,0.112428,0.329874,0.557698,,42413000,,
0,2,,0.181048,0.316809,0.502143,,42310300,,
0,2,,0.226278,0.185883,0.587839,,43018500,,
0,2,,0.124413,0.218993,0.656594,,43919000,,
0,2,,0.180697,0.201338,0.617965,,42159000,,
0,2,,0.107943,0.228537,0.66352,,42740700,,
0,2,,0.104433,0.312455,0.583112,,42030100,,
0,2,,0.114111,0.263345,0.622544,,41837300,,
0,2,,0.11059,0.30268,0.58673,,41595100,,
0,2,,0.21228,0.321038,0.466682,,41385800,,
0,2,,0.083096,0.238513,0.678391,,41525500,,
0,2,,0.123472,0.177846,0.698681,,41991500,,
0,2,,0.143341,0.293117,0.563543,,41730000,,
0,2,,0.115479,0.287573,0.596948,,41855000,,
0,2,,0.096873,0.233258,0.669869,,44136500,,
0,2,,0.178711,0.124917,0.696372,,42801400,,
0,2,,0.18909,0.199237,0.611673,,44110700,,
0,2,,0.131484,0.365077,0.50344,,44165900,,
0,2,,0.099456,0.192659,0.707885,,42967800,,
0,2,,0.079129,0.269037,0.651834,,42967600,,
0,2,,0.094142,0.199259,0.7066,,42953800,,
0,2,,0.118643,0.26066,0.620697,,42921700,,
0,2,,0.124352,0.292438,0.58321,,42803200,,
0,2,,0.129578,0.240299,0.630123,,42950700,,
0,2,,0.094265,0.173063,0.732672,,42803600,,
0,2,,0.136495,0.285324,0.578181,,43080700,,
0,2,,0.085546,0.265184,0.64927,,42658700,,
0,2,,0.151144,0.237603,0.611253,,42927000,,
0,2,,0.056224,0.41285,0.530927,,43335300,,
0,2,,0.105098,0.278013,0.616889,,42730500,,
0,2,,0.115415,0.158022,0.726562,,43822900,,
0,2,,0.121789,0.207496,0.670716,,42754000,,
0,2,,0.121224,0.282233,0.596543,,42369600,,
0,2,,0.128813,0.277395,0.593792,,42912700,,
0,2,,0.140733,0.330883,0.528385,,43445400,,
0,2,,0.086597,0.264136,0.649267,,42651400,,
0,2,,0.263267,0.249371,0.487362,,42976000,,
0,2,,0.12188,0.284756,0.593364,,43525500,,
0,2,,0.104979,0.219831,0.67519,,42923700,,
0,2,,0.108197,0.378821,0.512982,,42542200,,
0,2,,0.167936,0.250039,0.582025,,43283300,,
0,1,,0.167672,0.487391,0.344936,,42281900,,
0,2,,0.16711,0.374219,0.458671,,42757300,,
0,2,,0.159628,0.411346,0.429027,,43287200,,
0,1,,0.096719,0.495105,0.408177,,43645600,,
0,2,,0.156162,0.358382,0.485455,,43314000,,
0,2,,0.112971,0.353147,0.533881,,42610500,,
0,2,,0.085228,0.301941,0.612832,,42801500,,
0,2,,0.159308,0.231233,0.609459,,43848100,,
0,2,,0.107352,0.161546,0.731103,,42474300,,
0,2,,0.146081,0.326154,0.527764,,43308600,,
0,2,,0.106642,0.235816,0.657543,,42408200,,
0,2,,0.139288,0.250559,0.610153,,43397500,,
0,2,,0.053209,0.255226,0.691564,,42766700,,
0,2,,0.120073,0.21736,0.662567,,43060900,,
0,2,,0.118624,0.414982,0.466393,,42830400,,
0,2,,0.136997,0.319328,0.543674,,42416500,,
0,2,,0.095313,0.211658,0.693029,,43054200,,
0,2,,0.076165,0.271197,0.652639,,42529200,,
0,2,,0.111648,0.250529,0.637824,,42776100,,
0,2,,0.124132,0.317299,0.558569,,43268900,,
0,2,,0.204998,0.26511,0.529891,,43058700,,
0,2,,0.090291,0.184428,0.72528,,42922900,,
0,2,,0.126268,0.256091,0.617641,,43012800,,
0,2,,0.103607,0.30135,0.595043,,44015000,,
0,2,,0.073868,0.310394,0.615738,,42587100,,
0,2,,0.198683,0.176012,0.625305,,42590800,,
0,2,,0.166657,0.258746,0.574596,,43349000,,
0,2,,0.118921,0.226715,0.654364,,43432800,,
0,2,,0.10421,0.255102,0.640688,,42944700,,
0,2,,0.181622,0.327045,0.491333,,43321200,,
0,2,,0.120172,0.299829,0.579998,,42770900,,
0,2,,0.103226,0.216699,0.680075,,42387700,,
0,2,,0.166201,0.34198,0.491819,,43049700,,
0,2,,0.129646,0.259435,0.610918,,42784900,,
0,2,,0.32999,0.292937,0.377074,,42629500,,
0,2,,0.20934,0.198535,0.592125,,43429000,,
0,2,,0.133657,0.291029,0.575314,,43939200,,
0,2,,0.135654,0.372767,0.491578,,43377900,,
0,2,,0.101814,0.426839,0.471347,,42902500,,
0,2,,0.147355,0.338614,0.514031,,43107500,,
0,2,,0.139901,0.259831,0.600268,,42764600,,
0,2,,0.062836,0.305733,0.631431,,42989600,,
0,2,,0.135104,0.304847,0.560049,,43089800,,
0,2,,0.098021,0.271085,0.630894,,43274300,,
0,2,,0.135923,0.167312,0.696764,,42605100,,
0,2,,0.09198,0.156424,0.751597,,42570800,,
0,2,,0.179961,0.226608,0.593431,,43579100,,
0,2,,0.14029,0.27375,0.58596,,43234000,,
0,2,,0.110549,0.182041,0.70741,,42944100,,
0,2,,0.051171,0.32798,0.620849,,43320200,,
0,2,,0.087698,0.359241,0.553061,,42749100,,
0,2,,0.12956,0.203314,0.667126,,42644000,,
0,2,,0.169278,0.278048,0.552674,,42796800,,
0,2,,0.161194,0.333354,0.505452,,43151200,,
0,2,,0.149069,0.204332,0.646599,,41757000,,
0,2,,0.062035,0.190319,0.747646,,42960100,,
0,2,,0.145546,0.248014,0.60644,,42815400,,
0,2,,0.134198,0.23043,0.635372,,42099000,,
0,2,,0.129021,0.270203,0.600776,,45696700,,
0,2,,0.123392,0.26089,0.615718,,42991700,,
0,2,,0.061188,0.337223,0.601589,,42100400,,
0,2,,0.14511,0.281376,0.573514,,42525000,,
0,2,,0.190941,0.381523,0.427536,,42417900,,
0,2,,0.09836,0.207128,0.694512,,42732800,,
0,2,,0.143654,0.280603,0.575743,,42196500,,
0,2,,0.153636,0.306546,0.539817,,43003000,,
0,2,,0.141528,0.21422,0.644252,,43683900,,
0,2,,0.177474,0.281138,0.541388,,43028600,,
0,2,,0.106624,0.380368,0.513008,,42733600,,
0,2,,0.190094,0.262621,0.547285,,43099700,,
0,2,,0.118297,0.207273,0.674431,,43456400,,
0,2,,0.125014,0.192471,0.682514,,42443100,,
0,2,,0.166691,0.268298,0.565011,,42373600,,
0,2,,0.112118,0.287157,0.600726,,42799800,,
0,2,,0.085103,0.28607,0.628827,,42577200,,
0,2,,0.171786,0.24946,0.578754,,43036700,,
0,2,,0.128929,0.335741,0.53533,,42936600,,
0,2,,0.091757,0.371,0.537243,,43433400,,
0,2,,0.10532,0.281023,0.613657,,41807700,,
0,2,,0.134259,0.169454,0.696288,,42564300,,
0,2,,0.105742,0.264912,0.629346,,42328000,,
0,2,,0.143345,0.294215,0.562439,,41941300,,
0,2,,0.113492,0.271701,0.614807,,43770200,,
0,2,,0.121363,0.319704,0.558932,,42601600,,
0,2,,0.135992,0.222188,0.641821,,42171800,,
0,2,,0.103948,0.173506,0.722546,,42389200,,
0,2,,0.171933,0.280024,0.548043,,43295700,,
0,2,,0.147276,0.301917,0.550808,,42602700,,
0,2,,0.134162,0.345993,0.519845,,42470700,,
0,2,,0.156829,0.24861,0.59456,,43532700,,
0,2,,0.095292,0.213495,0.691213,,43027500,,
0,2,,0.181039,0.327636,0.491324,,41802400,,
0,2,,0.0958,0.182646,0.721554,,42213400,,
0,2,,0.134741,0.254046,0.611213,,42931100,,
0,2,,0.140437,0.223737,0.635827,,42842300,,
0,2,,0.129854,0.235891,0.634254,,43016400,,
0,2,,0.208568,0.297371,0.494062,,43141000,,
0,2,,0.108546,0.167733,0.72372,,42411000,,
0,2,,0.152984,0.204067,0.642948,,42496300,,
0,2,,0.228681,0.2676,0.503719,,42643900,,
0,2,,0.044758,0.345102,0.61014,,42743800,,
0,2,,0.100804,0.245629,0.653567,,44325900,,
0,2,,0.088622,0.293484,0.617893,,42951000,,
0,2,,0.134932,0.214813,0.650255,,41773800,,
0,2,,0.153239,0.262561,0.584201,,41267000,,
0,2,,0.144869,0.27353,0.581601,,41807300,,
0,2,,0.115308,0.259408,0.625284,,42152000,,
0,2,,0.094496,0.307924,0.59758,,41439200,,
0,2,,0.079736,0.282351,0.637913,,41760300,,
0,2,,0.150588,0.36421,0.485202,,42426100,,
0,2,,0.158131,0.37995,0.461919,,41552700,,
0,2,,0.180763,0.292808,0.526429,,41279500,,
0,2,,0.128758,0.233759,0.637483,,42084800,,
0,2,,0.186622,0.233665,0.579713,,44276900,,
0,2,,0.108721,0.250087,0.641192,,40610600,,
0,2,,0.174615,0.411635,0.41375,,42355700,,
0,2,,0.172511,0.211864,0.615625,,42089200,,
0,2,,0.135736,0.208204,0.65606,,41417900,,
0,2,,0.173149,0.282263,0.544588,,41198200,,
0,2,,0.163022,0.349418,0.48756,,41947700,,
0,2,,0.09724,0.273921,0.628839,,40641400,,
0,2,,0.172835,0.232312,0.594853,,40283700,,
0,2,,0.154754,0.303228,0.542018,,40597500,,
0,2,,0.09738,0.32689,0.575731,,41247800,,
0,2,,0.138902,0.157756,0.703342,,40855900,,
0,2,,0.165467,0.223478,0.611056,,41685000,,
0,2,,0.168622,0.407212,0.424166,,42372900,,
0,2,,0.154413,0.341208,0.504379,,42293000,,
0,2,,0.114324,0.222483,0.663194,,41389900,,
0,2,,0.15481,0.300003,0.545188,,40166100,,
0,2,,0.088456,0.27365,0.637893,,42446900,,
0,2,,0.127761,0.237858,0.634381,,41338700,,
0,2,,0.174426,0.273087,0.552487,,41767000,,
0,2,,0.106236,0.242906,0.650858,,41444300,,
0,2,,0.135294,0.412603,0.452103,,41589400,,
0,2,,0.12627,0.223688,0.650042,,41195400,,
0,2,,0.089337,0.333987,0.576676,,42288400,,
0,2,,0.132712,0.277887,0.589401,,42094900,,
0,2,,0.092879,0.305166,0.601955,,41903400,,
0,2,,0.140139,0.20905,0.650811,,41495500,,
0,2,,0.089549,0.290265,0.620186,,42915900,,
0,2,,0.168728,0.394812,0.43646,,42073500,,
0,2,,0.139029,0.296571,0.564399,,42176900,,
0,2,,0.113348,0.252151,0.634501,,42164200,,
0,2,,0.10598,0.315789,0.578231,,42172500,,
0,2,,0.135186,0.291159,0.573655,,41433200,,
0,2,,0.064284,0.204929,0.730787,,41366900,,
0,2,,0.167688,0.186876,0.645436,,43163400,,
0,2,,0.113713,0.142073,0.744214,,41255400,,
0,2,,0.25658,0.214441,0.528979,,41218900,,
0,2,,0.128832,0.373216,0.497952,,44749000,,
0,2,,0.079417,0.289558,0.631025,,41641400,,
0,2,,0.145229,0.391227,0.463544,,41972600,,
0,2,,0.094522,0.166011,0.739467,,41349200,,
0,2,,0.085266,0.192117,0.722617,,41148500,,
0,2,,0.118959,0.189714,0.691327,,41333000,,
0,2,,0.153873,0.262995,0.583131,,42724700,,
0,2,,0.123688,0.387233,0.489079,,41736600,,
0,2,,0.128151,0.156121,0.715728,,41441400,,
0,2,,0.196027,0.267425,0.536548,,41975500,,
0,2,,0.129386,0.243562,0.627052,,42107400,,
0,2,,0.118585,0.223067,0.658348,,40891700,,
0,2,,0.146289,0.217595,0.636115,,41253000,,
0,2,,0.141779,0.290564,0.567657,,42152100,,
0,2,,0.136341,0.272,0.591658,,41484600,,
0,2,,0.191836,0.218531,0.589633,,40986800,,
0,2,,0.197618,0.18834,0.614042,,41126300,,
0,2,,0.103068,0.152636,0.744297,,42114200,,
0,2,,0.190743,0.342716,0.466541,,40357100,,
0,2,,0.082462,0.272201,0.645337,,40732800,,
0,2,,0.092805,0.366459,0.540736,,40526400,,
0,2,,0.088025,0.179116,0.732859,,40921500,,
0,2,,0.131588,0.183306,0.685105,,40522700,,
0,2,,0.149834,0.200007,0.65016,,40354900,,
0,2,,0.122255,0.281538,0.596207,,42635400,,
0,2,,0.09652,0.307313,0.596166,,40240300,,
0,2,,0.083164,0.238211,0.678625,,41121600,,
0,2,,0.098177,0.35519,0.546633,,40608500,,
0,2,,0.151167,0.319528,0.529306,,40738100,,
0,2,,0.085599,0.356913,0.557488,,41400400,,
0,2,,0.083551,0.327836,0.588614,,40514000,,
0,2,,0.083377,0.211907,0.704716,,41461000,,
0,2,,0.143134,0.319395,0.537471,,40575000,,
0,2,,0.117275,0.307965,0.57476,,40508400,,
0,2,,0.061512,0.269104,0.669384,,40478700,,
0,2,,0.154572,0.293967,0.551461,,41593500,,
0,2,,0.103905,0.232104,0.663991,,40654000,,
0,2,,0.116329,0.268255,0.615415,,40642100,,
0,2,,0.135221,0.364038,0.50074,,40668100,,
0,2,,0.129357,0.192718,0.677924,,39606500,,
0,2,,0.113633,0.217751,0.668616,,41814200,,
0,2,,0.135002,0.30032,0.564678,,43180900,,
0,2,,0.069199,0.357251,0.573549,,42040200,,
0,2,,0.140384,0.303705,0.55591,,41975800,,
0,2,,0.123773,0.342322,0.533905,,42011800,,
0,2,,0.07482,0.325371,0.599809,,42337400,,
0,2,,0.127085,0.324608,0.548306,,41638900,,
0,2,,0.161867,0.149054,0.689079,,42042500,,
0,2,,0.094357,0.234586,0.671057,,42431500,,
0,2,,0.067986,0.429776,0.502238,,44093900,,
0,2,,0.156397,0.171697,0.671907,,41389800,,
0,2,,0.125364,0.193285,0.681351,,41851300,,
0,2,,0.101498,0.355476,0.543026,,41411800,,
0,2,,0.099757,0.287622,0.612621,,40388000,,
0,2,,0.151058,0.267921,0.581021,,40730500,,
0,2,,0.135479,0.318602,0.545919,,41186100,,
0,2,,0.159944,0.214986,0.625071,,40061600,,
0,2,,0.14315,0.33807,0.51878,,40533800,,
0,2,,0.171511,0.290207,0.538282,,40349400,,
0,2,,0.156144,0.233938,0.609918,,42612900,,
0,2,,0.161254,0.253145,0.585601,,41357700,,
0,2,,0.071023,0.281557,0.64742,,41468000,,
0,2,,0.1478,0.343104,0.509096,,42142400,,
0,2,,0.137041,0.201424,0.661535,,41731700,,
0,2,,0.074786,0.347669,0.577546,,41644600,,
0,2,,0.153936,0.179773,0.666291,,41200200,,
0,2,,0.186403,0.307645,0.505952,,41466000,,
0,2,,0.157672,0.262748,0.57958,,40265400,,
0,1,,0.18044,0.419573,0.399987,,40680900,,
0,2,,0.158314,0.318597,0.523089,,41081900,,
0,2,,0.082247,0.219214,0.698539,,42085000,,
0,2,,0.078202,0.269158,0.65264,,41613100,,
0,2,,0.12632,0.157144,0.716536,,41467600,,
0,2,,0.091154,0.307205,0.601641,,42657300,,
0,2,,0.110865,0.163785,0.72535,,43672700,,
0,2,,0.05904,0.385639,0.55532,,41725300,,
0,2,,0.108173,0.274745,0.617082,,42402700,,
0,2,,0.166315,0.241538,0.592147,,41643900,,
0,2,,0.113157,0.194848,0.691995,,42465100,,
0,2,,0.08268,0.239278,0.678042,,45127800,,
0,2,,0.129467,0.309709,0.560824,,45544500,,
0,2,,0.143876,0.260551,0.595574,,41968800,,
0,2,,0.094959,0.362003,0.543038,,45663000,,
0,2,,0.147362,0.383601,0.469037,,43914500,,
0,2,,0.086229,0.259014,0.654757,,40213600,,
0,2,,0.130154,0.171576,0.69827,,40806000,,
0,2,,0.16355,0.222716,0.613734,,41911500,,
0,2,,0.21893,0.352306,0.428764,,41214600,,
0,2,,0.139371,0.246154,0.614475,,41273200,,
0,2,,0.128244,0.223701,0.648055,,41022900,,
0,2,,0.118173,0.353495,0.528332,,41634800,,
0,2,,0.106823,0.269522,0.623655,,41214700,,
0,2,,0.062045,0.328168,0.609787,,40835200,,
0,2,,0.051371,0.317533,0.631096,,41514400,,
0,2,,0.173191,0.40997,0.416839,,41382900,,
0,2,,0.089122,0.268178,0.642699,,41048000,,
0,2,,0.109822,0.15123,0.738949,,42905100,,
0,2,,0.224145,0.277888,0.497966,,40165100,,
0,2,,0.16656,0.289418,0.544022,,40362500,,
0,2,,0.099645,0.169787,0.730568,,40050100,,
0,2,,0.135326,0.250504,0.614169,,41498300,,
0,2,,0.167136,0.27552,0.557344,,40534100,,
0,2,,0.134095,0.260456,0.605449,,41398800,,
0,2,,0.108003,0.270866,0.621131,,40861900,,
0,2,,0.130613,0.175683,0.693704,,40742800,,
0,2,,0.155897,0.223091,0.621011,,41097100,,
0,2,,0.122197,0.255624,0.622179,,41235100,,
0,2,,0.154069,0.286703,0.559228,,41773400,,
0,2,,0.059881,0.280298,0.659821,,41053000,,
0,2,,0.117344,0.324014,0.558643,,41485800,,
0,2,,0.12479,0.248316,0.626894,,41428300,,
0,2,,0.163599,0.226724,0.609677,,41325700,,
0,2,,0.123247,0.282893,0.59386,,40843500,,
0,2,,0.141836,0.268315,0.589849,,40921200,,
0,2,,0.068161,0.357416,0.574423,,40958500,,
0,2,,0.13707,0.324657,0.538273,,40963400,,
0,2,,0.116906,0.279539,0.603555,,40453900,,
0,2,,0.135541,0.210931,0.653528,,41305100,,
0,2,,0.064332,0.334771,0.600897,,39978200,,
0,2,,0.139101,0.228172,0.632727,,41606900,,
0,2,,0.091296,0.25393,0.654774,,40873000,,
0,2,,0.237187,0.221712,0.541101,,41348700,,
0,2,,0.268645,0.302119,0.429236,,40459300,,
0,2,,0.132094,0.265336,0.60257,,40095300,,
0,2,,0.122069,0.236977,0.640954,,41207400,,
0,2,,0.095426,0.30367,0.600904,,40858300,,
0,2,,0.16083,0.198886,0.640284,,41431700,,
0,2,,0.124491,0.303366,0.572144,,41044000,,
0,2,,0.12616,0.247427,0.626413,,41944400,,
0,2,,0.154239,0.264687,0.581074,,41097300,,
0,2,,0.113813,0.197953,0.688234,,40918100,,
0,2,,0.201808,0.260639,0.537553,,41730100,,
0,2,,0.162482,0.27437,0.563148,,40560700,,
0,2,,0.187036,0.286164,0.526801,,41078300,,
0,2,,0.115525,0.300302,0.584173,,40793000,,
0,2,,0.186834,0.264363,0.548803,,42361500,,
0,2,,0.111328,0.154917,0.733755,,40669500,,
0,2,,0.116218,0.335267,0.548514,,40595800,,
0,2,,0.167332,0.261592,0.571076,,41702300,,
0,2,,0.078682,0.342945,0.578374,,41147300,,
0,2,,0.108992,0.339731,0.551277,,40724000,,
0,2,,0.113638,0.31673,0.569632,,41081000,,
0,2,,0.137548,0.378932,0.483519,,41332300,,
0,2,,0.184328,0.222213,0.593458,,41005400,,
0,2,,0.141638,0.216084,0.642277,,42395100,,
0,2,,0.12495,0.228824,0.646226,,41385400,,
0,2,,0.097598,0.208248,0.694154,,40372800,,
0,2,,0.113005,0.33426,0.552734,,40108100,,
0,2,,0.124817,0.291335,0.583848,,42794700,,
0,2,,0.098315,0.42637,0.475316,,40207600,,
0,2,,0.114089,0.267331,0.61858,,41146900,,
0,2,,0.13259,0.269586,0.597823,,41367000,,
0,2,,0.13424,0.238633,0.627127,,41642700,,
0,2,,0.109919,0.127541,0.76254,,40729400,,
0,2,,0.118294,0.262536,0.61917,,40691400,,
0,2,,0.105987,0.349033,0.54498,,40957500,,
0,2,,0.158965,0.314795,0.526239,,40757500,,
0,2,,0.070604,0.347765,0.581632,,40734700,,
0,2,,0.12303,0.225154,0.651815,,40801500,,
0,2,,0.167788,0.265999,0.566213,,41177200,,
0,2,,0.122285,0.235374,0.642341,,40572500,,
0,2,,0.143233,0.255578,0.60119,,41228700,,
0,2,,0.130328,0.213915,0.655757,,40717200,,
0,2,,0.157717,0.273364,0.568919,,40645400,,
0,2,,0.110753,0.205209,0.684038,,41214300,,
0,2,,0.145464,0.214911,0.639624,,40685000,,
0,2,,0.044626,0.374393,0.580982,,40893400,,
0,2,,0.091546,0.271787,0.636667,,40805000,,
0,2,,0.104541,0.180602,0.714856,,40876900,,
0,2,,0.152087,0.250473,0.597439,,40928900,,
0,2,,0.192076,0.342226,0.465698,,39871000,,
0,2,,0.092759,0.361361,0.54588,,39588200,,
0,2,,0.116357,0.279589,0.604054,,40272300,,
0,2,,0.040746,0.295664,0.66359,,39705900,,
0,2,,0.147616,0.193361,0.659023,,39828100,,
0,1,,0.087349,0.481945,0.430706,,39415000,,
0,2,,0.137123,0.237324,0.625553,,40901000,,
0,2,,0.126438,0.2335,0.640062,,41494600,,
0,2,,0.139681,0.2776,0.582719,,40439300,,
0,2,,0.107307,0.21282,0.679873,,41359300,,
0,2,,0.123759,0.216411,0.65983,,42149300,,
0,2,,0.157777,0.352589,0.489634,,40355300,,
0,2,,0.261581,0.355059,0.38336,,41210200,,
0,2,,0.110204,0.309595,0.580201,,40957200,,
0,2,,0.123494,0.31412,0.562386,,41031400,,
0,2,,0.107059,0.159651,0.73329,,41047800,,
0,2,,0.104441,0.175075,0.720484,,40983200,,
0,2,,0.098727,0.385162,0.516111,,41352900,,
0,2,,0.156031,0.36551,0.478459,,41062600,,
0,2,,0.159489,0.192605,0.647905,,40738500,,
0,2,,0.066951,0.284584,0.648464,,41194200,,
0,2,,0.102756,0.263488,0.633757,,40597500,,
0,2,,0.122504,0.270227,0.607268,,40700600,,
0,2,,0.100097,0.232502,0.6674,,40817300,,
0,2,,0.117708,0.206504,0.675788,,41000900,,
0,2,,0.118435,0.260276,0.621288,,40054500,,
0,2,,0.180937,0.261332,0.557731,,39664200,,
0,2,,0.136198,0.302837,0.560966,,40435000,,
0,2,,0.092255,0.310316,0.597429,,39585200,,
0,2,,0.155886,0.329992,0.514122,,39691600,,
0,2,,0.145519,0.253577,0.600904,,39506200,,
0,2,,0.118627,0.27476,0.606614,,40154000,,
0,2,,0.107023,0.229976,0.663001,,40037300,,
0,2,,0.117269,0.216448,0.666283,,39978300,,
0,2,,0.094993,0.283054,0.621954,,39370800,,
0,2,,0.125071,0.23968,0.635248,,39924800,,
0,2,,0.178,0.345377,0.476623,,41631400,,
0,2,,0.111454,0.230065,0.658481,,42087600,,
0,2,,0.121931,0.328622,0.549447,,42144500,,
0,2,,0.14929,0.240048,0.610662,,42477400,,
0,2,,0.078099,0.259951,0.66195,,41651100,,
0,2,,0.226819,0.294038,0.479143,,42194800,,
0,2,,0.049467,0.383541,0.566992,,42208400,,
0,2,,0.122742,0.345997,0.531262,,42058900,,
0,2,,0.177579,0.37372,0.448702,,42750000,,
0,2,,0.127205,0.192154,0.680641,,42870300,,
0,2,,0.137292,0.287442,0.575265,,41706400,,
0,2,,0.173331,0.226111,0.600558,,42725800,,
0,2,,0.134016,0.194585,0.671399,,43008000,,
0,2,,0.216522,0.253216,0.530263,,40729700,,
0,2,,0.161463,0.300996,0.537541,,40486700,,
0,2,,0.137837,0.329848,0.532314,,41458400,,
0,2,,0.120093,0.335997,0.54391,,42277700,,
0,2,,0.120101,0.256901,0.622998,,40542000,,
0,2,,0.142355,0.211544,0.646101,,40377700,,
0,2,,0.097761,0.23983,0.662409,,41929300,,
0,2,,0.128234,0.196087,0.675679,,42057200,,
0,2,,0.194358,0.279215,0.526428,,42183400,,
0,2,,0.130364,0.267557,0.602079,,42381300,,
0,2,,0.121602,0.272667,0.605731,,41986500,,
0,2,,0.123527,0.26089,0.615584,,41829400,,
0,2,,0.195883,0.224177,0.57994,,41779600,,
0,2,,0.150511,0.28074,0.568748,,42490800,,
0,2,,0.105641,0.265751,0.628608,,41859100,,
0,2,,0.10982,0.226431,0.663749,,42283300,,
0,2,,0.223924,0.282349,0.493727,,42625300,,
0,2,,0.154142,0.320782,0.525076,,41973000,,
0,2,,0.146794,0.316417,0.53679,,41788700,,
0,2,,0.127321,0.206889,0.665791,,42424300,,
0,2,,0.121188,0.235658,0.643154,,42763800,,
0,1,,0.0701,0.465034,0.464866,,42075500,,
0,2,,0.100655,0.275962,0.623382,,41567600,,
0,2,,0.139521,0.288775,0.571705,,42533000,,
0,2,,0.077711,0.251977,0.670312,,41088400,,
0,2,,0.134054,0.178135,0.687812,,40762500,,
0,2,,0.140803,0.297066,0.56213,,40766300,,
0,2,,0.105174,0.252318,0.642508,,40789800,,
0,2,,0.154018,0.332082,0.5139,,40870500,,
0,2,,0.162483,0.27551,0.562006,,41915300,,
0,2,,0.175381,0.359131,0.465488,,42091400,,
0,1,,0.117538,0.452914,0.429548,,41942600,,
0,2,,0.123091,0.25463,0.622279,,42144700,,
0,2,,0.142562,0.365828,0.491609,,42725400,,
0,2,,0.096412,0.212684,0.690904,,41977600,,
0,2,,0.111452,0.281713,0.606835,,42076000,,
0,2,,0.095418,0.157191,0.747391,,42211100,,
0,2,,0.174147,0.36935,0.456503,,41334300,,
0,2,,0.13142,0.235143,0.633436,,41885800,,
0,2,,0.187987,0.313233,0.49878,,42059300,,
0,2,,0.08637,0.177642,0.735987,,42795100,,
0,2,,0.051929,0.272457,0.675614,,41911800,,
0,2,,0.107478,0.21267,0.679852,,41943600,,
0,2,,0.179806,0.253477,0.566717,,42201200,,
0,2,,0.128605,0.214347,0.657047,,42593100,,
0,2,,0.110643,0.223336,0.66602,,41972500,,
0,2,,0.115998,0.22728,0.656722,,42372900,,
0,2,,0.165912,0.261546,0.572542,,45465600,,
0,2,,0.129273,0.294551,0.576176,,41045900,,
0,2,,0.085147,0.398285,0.516569,,41737900,,
0,2,,0.15012,0.373272,0.476608,,44539000,,
0,2,,0.190743,0.23812,0.571137,,42561600,,
0,2,,0.150356,0.36756,0.482084,,40396600,,
0,2,,0.155284,0.275632,0.569085,,41407900,,
0,2,,0.099976,0.207302,0.692723,,42204400,,
0,2,,0.041788,0.331598,0.626614,,42103700,,
0,2,,0.123577,0.319964,0.556459,,41506900,,
0,2,,0.092977,0.212079,0.694944,,42125900,,
0,2,,0.175657,0.286939,0.537404,,41971900,,
0,2,,0.131284,0.320754,0.547962,,41969300,,
0,2,,0.15062,0.227313,0.622067,,41721900,,
0,2,,0.136106,0.221751,0.642143,,42248700,,
0,2,,0.087044,0.347316,0.56564,,41223800,,
0,2,,0.148928,0.221857,0.629215,,42016900,,
0,2,,0.159903,0.241388,0.598709,,43376100,,
0,2,,0.141861,0.267341,0.590798,,42337300,,
0,2,,0.096252,0.227255,0.676492,,41511600,,
0,2,,0.172764,0.243862,0.583374,,41724300,,
0,2,,0.147061,0.249759,0.60318,,40890400,,
0,2,,0.042273,0.216879,0.740848,,41354900,,
0,2,,0.096922,0.340035,0.563042,,41795700,,
0,2,,0.08645,0.221808,0.691742,,41949200,,
0,2,,0.123492,0.202796,0.673712,,40241100,,
0,2,,0.088157,0.331653,0.58019,,41076900,,
0,2,,0.128026,0.341115,0.530859,,42961600,,
0,2,,0.134215,0.275833,0.589953,,42509600,,
0,2,,0.124727,0.205565,0.669707,,40746300,,
0,2,,0.177797,0.299957,0.522245,,42325500,,
0,2,,0.176339,0.231213,0.592449,,42471300,,
0,2,,0.122604,0.348137,0.52926,,41881800,,
0,2,,0.143476,0.325609,0.530916,,42384000,,
0,2,,0.196053,0.274362,0.529585,,41526500,,
0,2,,0.153854,0.277676,0.56847,,42382400,,
0,2,,0.108563,0.236955,0.654482,,41706100,,
0,2,,0.126353,0.191293,0.682355,,42139200,,
0,2,,0.118531,0.245461,0.636009,,42343900,,
0,2,,0.205345,0.278013,0.516642,,42084600,,
0,2,,0.125686,0.239388,0.634927,,41846900,,
