connect-4,LADTree,test,3,NANOSECONDS,PREDICTIONS, Generated by ClassifierExperiments.java on 2022-05-16 13:39:39.    SYSTEMPROPERTIES:{user.name:matth,os.arch:amd64,os.name:Windows 10},ENDSYSTEMPROPERTIES
No parameter info
0.6826524570751924,22312295100,401270643100,-1,672200944,3,,-1,-1
0,2,,0.15355,0.355266,0.491184,,31069600,,
0,2,,0.244986,0.274797,0.480217,,28686200,,
0,2,,0.182664,0.269703,0.547633,,29475400,,
0,2,,0.133918,0.333158,0.532925,,29845200,,
0,2,,0.112615,0.325594,0.561791,,29261400,,
0,2,,0.136229,0.296008,0.567763,,30368600,,
0,2,,0.083748,0.317569,0.598682,,35439700,,
0,2,,0.118932,0.287375,0.593693,,35957300,,
0,2,,0.144675,0.337285,0.518039,,36929500,,
0,2,,0.098411,0.275787,0.625802,,29267500,,
0,2,,0.107244,0.299225,0.593531,,30418000,,
0,2,,0.132737,0.25881,0.608454,,30499400,,
0,2,,0.153783,0.173479,0.672738,,30144500,,
0,2,,0.184325,0.205896,0.609779,,30573900,,
0,2,,0.070156,0.362632,0.567212,,31124000,,
0,2,,0.110343,0.206655,0.683002,,30251100,,
0,2,,0.079795,0.362779,0.557427,,30031400,,
0,2,,0.09474,0.332373,0.572887,,31299300,,
0,2,,0.109077,0.12531,0.765613,,29438600,,
0,2,,0.160493,0.261574,0.577933,,30036300,,
0,2,,0.128812,0.237315,0.633873,,29753100,,
0,2,,0.057197,0.242921,0.699882,,30212100,,
0,2,,0.125564,0.218421,0.656016,,30566500,,
0,2,,0.058829,0.311322,0.62985,,36191800,,
0,2,,0.107572,0.326141,0.566287,,41828200,,
0,2,,0.124969,0.372078,0.502953,,31065900,,
0,2,,0.066277,0.214915,0.718809,,30355000,,
0,2,,0.099525,0.354789,0.545686,,30250300,,
0,2,,0.185338,0.291545,0.523118,,30355400,,
0,2,,0.076377,0.215728,0.707895,,31160700,,
0,2,,0.136677,0.237966,0.625357,,29731300,,
0,2,,0.137876,0.249824,0.6123,,29889400,,
0,2,,0.152278,0.280732,0.56699,,30573700,,
0,2,,0.126125,0.291577,0.582297,,29255900,,
0,2,,0.11031,0.328485,0.561205,,29844600,,
0,2,,0.171477,0.343966,0.484557,,29452300,,
0,2,,0.183095,0.189326,0.627579,,30210900,,
0,2,,0.101672,0.1917,0.706628,,31178400,,
0,2,,0.1316,0.226247,0.642153,,29825000,,
0,2,,0.14241,0.261984,0.595606,,30465500,,
0,2,,0.118658,0.200558,0.680784,,32260900,,
0,2,,0.113382,0.255529,0.631089,,34028800,,
0,2,,0.118315,0.365857,0.515828,,30640300,,
0,2,,0.114447,0.180479,0.705074,,28526300,,
0,2,,0.117074,0.390426,0.492501,,28383300,,
0,2,,0.184391,0.234655,0.580954,,29637500,,
0,2,,0.114421,0.339619,0.54596,,30714600,,
0,2,,0.105777,0.292256,0.601967,,29698000,,
0,2,,0.154695,0.342578,0.502727,,31422400,,
0,2,,0.12074,0.226358,0.652902,,30777600,,
0,2,,0.121703,0.342152,0.536146,,33140900,,
0,2,,0.109446,0.204807,0.685746,,31018300,,
0,2,,0.128226,0.149446,0.722328,,28675600,,
0,2,,0.100092,0.219368,0.68054,,28885900,,
0,2,,0.133044,0.204863,0.662092,,28994500,,
0,2,,0.145845,0.251394,0.602761,,30174900,,
0,2,,0.041404,0.304459,0.654137,,29802100,,
0,2,,0.119371,0.263912,0.616717,,28574800,,
0,2,,0.16277,0.21395,0.623281,,28737300,,
0,2,,0.127807,0.25597,0.616222,,29373400,,
0,2,,0.134869,0.205205,0.659926,,29668400,,
0,2,,0.09943,0.244892,0.655679,,28924500,,
0,2,,0.163036,0.267671,0.569293,,29757200,,
0,2,,0.095437,0.248957,0.655606,,28573500,,
0,2,,0.124473,0.345374,0.530153,,28523600,,
0,2,,0.123142,0.186165,0.690692,,30048100,,
0,2,,0.145317,0.363621,0.491063,,29671500,,
0,2,,0.119584,0.207575,0.672842,,28844400,,
0,2,,0.16434,0.274131,0.561529,,29248100,,
0,2,,0.137174,0.264462,0.598364,,28155500,,
0,2,,0.092163,0.333245,0.574593,,29577800,,
0,2,,0.111503,0.150048,0.73845,,29655200,,
0,2,,0.164298,0.227608,0.608094,,30197600,,
0,2,,0.105758,0.290516,0.603726,,29330600,,
0,2,,0.093565,0.193932,0.712503,,28811300,,
0,2,,0.109106,0.366488,0.524406,,30083700,,
0,2,,0.102628,0.303493,0.593879,,29129200,,
0,2,,0.106586,0.166635,0.726779,,28755500,,
0,2,,0.057554,0.289947,0.652499,,29537100,,
0,2,,0.122081,0.223373,0.654546,,29639900,,
0,2,,0.131781,0.290744,0.577475,,30002200,,
0,2,,0.137579,0.22621,0.636212,,28545500,,
0,2,,0.08323,0.321492,0.595278,,29237600,,
0,2,,0.137466,0.282208,0.580326,,30120700,,
0,2,,0.136232,0.389363,0.474404,,29354600,,
0,2,,0.146599,0.183256,0.670145,,30358600,,
0,2,,0.085749,0.299339,0.614913,,28694300,,
0,2,,0.18228,0.286873,0.530848,,29387400,,
0,2,,0.139897,0.179573,0.68053,,29106400,,
0,2,,0.079567,0.193317,0.727116,,28939300,,
0,2,,0.155939,0.351468,0.492593,,30964500,,
0,2,,0.08355,0.233463,0.682986,,30263300,,
0,2,,0.080837,0.212501,0.706662,,31248900,,
0,2,,0.13723,0.358246,0.504525,,29127400,,
0,2,,0.235268,0.2552,0.509532,,30039800,,
0,2,,0.140874,0.300991,0.558134,,29229000,,
0,2,,0.105702,0.21979,0.674508,,29316400,,
0,2,,0.092213,0.286744,0.621044,,29776200,,
0,2,,0.111012,0.341153,0.547835,,29074400,,
0,2,,0.205945,0.219913,0.574142,,29942800,,
0,2,,0.110613,0.282151,0.607236,,30084000,,
0,2,,0.169658,0.244176,0.586166,,29293600,,
0,2,,0.132231,0.324038,0.543731,,28891500,,
0,2,,0.181192,0.340078,0.478731,,28879300,,
0,2,,0.108998,0.351834,0.539168,,29801200,,
0,2,,0.112,0.299169,0.588831,,29100000,,
0,2,,0.139636,0.277718,0.582646,,28777300,,
0,2,,0.138625,0.196697,0.664678,,29878400,,
0,2,,0.09983,0.208526,0.691644,,28763900,,
0,2,,0.178609,0.19672,0.624671,,30456700,,
0,2,,0.138761,0.321657,0.539582,,29154900,,
0,2,,0.149978,0.328848,0.521174,,28960200,,
0,2,,0.181079,0.219535,0.599386,,28358900,,
0,2,,0.141355,0.331957,0.526688,,29315100,,
0,2,,0.118212,0.235484,0.646304,,30023600,,
0,2,,0.078574,0.373348,0.548078,,29237300,,
0,2,,0.156318,0.215026,0.628656,,28446900,,
0,2,,0.155716,0.199832,0.644451,,29939800,,
0,2,,0.137039,0.313555,0.549407,,29013200,,
0,2,,0.090283,0.288767,0.62095,,30385200,,
0,2,,0.169398,0.27431,0.556292,,28717500,,
0,2,,0.150288,0.390752,0.45896,,28779700,,
0,2,,0.140387,0.312798,0.546815,,29322100,,
0,2,,0.089759,0.339157,0.571084,,29625500,,
0,2,,0.15754,0.277561,0.564899,,29654800,,
0,2,,0.127175,0.24847,0.624355,,29314900,,
0,2,,0.158403,0.396045,0.445552,,28799300,,
0,2,,0.182157,0.225411,0.592432,,29636800,,
0,2,,0.111613,0.261937,0.62645,,30665300,,
0,2,,0.102996,0.362331,0.534673,,29087400,,
0,2,,0.075849,0.209418,0.714733,,29380200,,
0,2,,0.136679,0.247932,0.615388,,30277700,,
0,2,,0.128976,0.304137,0.566887,,29047600,,
0,2,,0.143522,0.330826,0.525652,,29649900,,
0,2,,0.15559,0.282475,0.561935,,29716500,,
0,2,,0.075972,0.308982,0.615046,,29223600,,
0,2,,0.10443,0.292138,0.603431,,28804300,,
0,2,,0.134076,0.281366,0.584558,,28368200,,
0,2,,0.121702,0.201449,0.676849,,29037200,,
0,2,,0.162032,0.25082,0.587148,,28870300,,
0,2,,0.077041,0.201124,0.721835,,29216700,,
0,2,,0.158572,0.290287,0.551141,,28547000,,
0,2,,0.087557,0.242065,0.670379,,29587600,,
0,2,,0.103049,0.356538,0.540413,,29466600,,
0,2,,0.096102,0.276164,0.627734,,28954900,,
0,2,,0.090144,0.306419,0.603437,,28879700,,
0,2,,0.1207,0.260423,0.618876,,28993500,,
0,2,,0.144188,0.249498,0.606313,,29324300,,
0,2,,0.12477,0.262814,0.612416,,29632100,,
0,2,,0.139166,0.183389,0.677445,,28438700,,
0,2,,0.098911,0.329477,0.571612,,28493300,,
0,2,,0.182454,0.246639,0.570908,,29434800,,
0,2,,0.130536,0.227061,0.642403,,28835400,,
0,2,,0.139684,0.308352,0.551964,,30051000,,
0,2,,0.133442,0.241643,0.624915,,28633400,,
0,2,,0.173313,0.352404,0.474283,,28564900,,
0,2,,0.093346,0.220065,0.686589,,28697200,,
0,2,,0.068759,0.264301,0.66694,,28262000,,
0,2,,0.163382,0.262895,0.573723,,29834600,,
0,2,,0.112475,0.250171,0.637354,,29306100,,
0,2,,0.077012,0.282795,0.640193,,28284800,,
0,2,,0.124195,0.317468,0.558337,,28788700,,
0,2,,0.146617,0.236567,0.616816,,28941000,,
0,2,,0.105479,0.311059,0.583463,,30208500,,
0,2,,0.174058,0.191454,0.634488,,29060800,,
0,2,,0.11643,0.173923,0.709647,,29201400,,
0,2,,0.208873,0.238774,0.552353,,28761300,,
0,2,,0.113338,0.212014,0.674647,,29520600,,
0,2,,0.185129,0.237977,0.576893,,29218800,,
0,2,,0.209734,0.26334,0.526926,,29671700,,
0,2,,0.094802,0.25125,0.653948,,29032100,,
0,2,,0.095218,0.264227,0.640555,,28786400,,
0,2,,0.145794,0.25533,0.598877,,29394000,,
0,2,,0.078986,0.257342,0.663672,,29302300,,
0,2,,0.137376,0.299036,0.563588,,29672500,,
0,2,,0.135875,0.16258,0.701545,,28693400,,
0,2,,0.215088,0.24052,0.544392,,29064800,,
0,2,,0.136792,0.311515,0.551692,,30092000,,
0,2,,0.14571,0.344405,0.509885,,29566500,,
0,2,,0.135384,0.245103,0.619513,,29969300,,
0,2,,0.131888,0.285272,0.58284,,28869700,,
0,2,,0.112227,0.214583,0.67319,,29742000,,
0,2,,0.118318,0.305964,0.575717,,32267400,,
0,2,,0.120343,0.282345,0.597312,,30021700,,
0,2,,0.103044,0.332498,0.564457,,29923400,,
0,2,,0.1074,0.355288,0.537312,,30646300,,
0,2,,0.170721,0.283808,0.545471,,31094300,,
0,2,,0.163117,0.269015,0.567868,,31446100,,
0,2,,0.145021,0.212427,0.642552,,29610000,,
0,2,,0.155403,0.284338,0.560259,,30544100,,
0,2,,0.135439,0.245202,0.619359,,29821400,,
0,2,,0.108687,0.289529,0.601784,,30673900,,
0,2,,0.123385,0.400558,0.476057,,30477000,,
0,2,,0.1322,0.25261,0.61519,,30976300,,
0,2,,0.126761,0.259199,0.61404,,30112500,,
0,2,,0.105888,0.344475,0.549637,,29830200,,
0,2,,0.097058,0.304688,0.598254,,31543200,,
0,2,,0.103551,0.276773,0.619676,,29997300,,
0,2,,0.091879,0.304526,0.603595,,30333800,,
0,2,,0.095534,0.256825,0.647641,,30311600,,
0,2,,0.127107,0.190306,0.682587,,29832500,,
0,2,,0.162309,0.263966,0.573725,,30011800,,
0,2,,0.187145,0.247262,0.565593,,30469300,,
0,2,,0.144179,0.222434,0.633387,,30163400,,
0,2,,0.158799,0.352205,0.488995,,28654300,,
0,2,,0.121043,0.192551,0.686406,,29205600,,
0,2,,0.0906,0.248369,0.661031,,31410200,,
0,2,,0.216014,0.222462,0.561524,,29806600,,
0,2,,0.086204,0.364094,0.549702,,29954500,,
0,2,,0.096152,0.290286,0.613562,,29982800,,
0,2,,0.096711,0.182015,0.721275,,34069000,,
0,2,,0.117686,0.278451,0.603864,,35899200,,
0,2,,0.111348,0.346675,0.541976,,31410800,,
0,2,,0.120783,0.227413,0.651803,,30203300,,
0,2,,0.151557,0.384216,0.464226,,30550600,,
0,2,,0.124758,0.362654,0.512589,,30699500,,
0,2,,0.098591,0.181839,0.71957,,29902600,,
0,2,,0.115721,0.196084,0.688194,,29847400,,
0,2,,0.089442,0.284698,0.62586,,30157800,,
0,2,,0.09425,0.241985,0.663765,,30229700,,
0,2,,0.149237,0.246666,0.604096,,29382700,,
0,2,,0.159642,0.199767,0.640591,,28791900,,
0,2,,0.088359,0.216202,0.695439,,28388000,,
0,2,,0.085936,0.324513,0.589552,,29037800,,
0,2,,0.184036,0.217195,0.598769,,29329900,,
0,2,,0.094092,0.424985,0.480923,,29187000,,
0,2,,0.129211,0.245272,0.625517,,29071000,,
0,2,,0.159536,0.335987,0.504477,,29176800,,
0,2,,0.082567,0.274922,0.642511,,29427300,,
0,2,,0.097865,0.2846,0.617535,,30363100,,
0,2,,0.129159,0.233175,0.637666,,29325900,,
0,2,,0.187838,0.22879,0.583373,,29764700,,
0,2,,0.146467,0.334577,0.518957,,30062000,,
0,2,,0.127522,0.199196,0.673282,,29087800,,
0,2,,0.18963,0.305157,0.505212,,29857100,,
0,2,,0.080724,0.30628,0.612996,,29114900,,
0,2,,0.202615,0.352351,0.445034,,29230800,,
0,2,,0.137503,0.174728,0.687769,,29415400,,
0,2,,0.122758,0.238699,0.638543,,28713900,,
0,2,,0.116073,0.176725,0.707202,,29742000,,
0,2,,0.120503,0.207727,0.67177,,29744400,,
0,2,,0.175858,0.156657,0.667485,,29787000,,
0,2,,0.164328,0.315115,0.520557,,29815400,,
0,2,,0.121522,0.37379,0.504688,,30042600,,
0,2,,0.145684,0.272872,0.581444,,32098400,,
0,2,,0.080264,0.30823,0.611506,,31464100,,
0,2,,0.117693,0.134773,0.747534,,29973600,,
0,2,,0.109385,0.244206,0.646409,,29974200,,
0,2,,0.111653,0.172938,0.715409,,31397200,,
0,2,,0.197682,0.27938,0.522937,,30276300,,
0,2,,0.078009,0.222328,0.699663,,29560700,,
0,2,,0.1067,0.25967,0.633631,,30026000,,
0,2,,0.089852,0.310397,0.599751,,30675500,,
0,2,,0.105415,0.138947,0.755638,,31016400,,
0,2,,0.077398,0.173799,0.748803,,29937300,,
0,2,,0.150512,0.172615,0.676873,,29517300,,
0,2,,0.126059,0.29248,0.581461,,29610100,,
0,2,,0.143407,0.186133,0.67046,,30016900,,
0,2,,0.145907,0.327414,0.52668,,30479100,,
0,2,,0.104505,0.204469,0.691025,,29999600,,
0,2,,0.118258,0.299041,0.5827,,29923800,,
0,2,,0.095311,0.19692,0.707769,,30092000,,
0,2,,0.1507,0.285022,0.564278,,30904200,,
0,2,,0.18705,0.198231,0.61472,,29985600,,
0,2,,0.126243,0.34891,0.524847,,30323100,,
0,2,,0.139349,0.271771,0.58888,,30325000,,
0,2,,0.132097,0.202183,0.66572,,29470700,,
0,2,,0.121638,0.27269,0.605672,,30302700,,
0,2,,0.151891,0.348811,0.499298,,30292300,,
0,2,,0.124761,0.309524,0.565715,,30553200,,
0,2,,0.170556,0.243299,0.586146,,29875800,,
0,2,,0.216114,0.256127,0.527759,,29367500,,
0,2,,0.149111,0.353749,0.497141,,30427900,,
0,2,,0.140924,0.204545,0.65453,,30565700,,
0,2,,0.187051,0.31093,0.502019,,30292600,,
0,2,,0.070468,0.356163,0.573369,,29069500,,
0,2,,0.095666,0.353668,0.550667,,30521900,,
0,2,,0.16301,0.324927,0.512062,,31459100,,
0,2,,0.113928,0.305865,0.580208,,30687100,,
0,2,,0.168887,0.326649,0.504464,,30799400,,
0,2,,0.084695,0.303134,0.612171,,30614500,,
0,2,,0.102289,0.2496,0.648111,,31264100,,
0,2,,0.096034,0.18466,0.719306,,30073700,,
0,2,,0.146683,0.273313,0.580004,,29875500,,
0,2,,0.105181,0.209154,0.685665,,30524300,,
0,2,,0.11939,0.237858,0.642752,,30807400,,
0,2,,0.078322,0.239954,0.681724,,30742700,,
0,2,,0.128406,0.206283,0.665312,,30068200,,
0,2,,0.123408,0.339199,0.537393,,29791400,,
0,2,,0.046404,0.148134,0.805462,,29887400,,
0,2,,0.141608,0.301287,0.557105,,30069000,,
0,2,,0.124025,0.253105,0.62287,,30995700,,
0,2,,0.125186,0.131358,0.743456,,30176900,,
0,2,,0.135007,0.358704,0.506289,,32616100,,
0,2,,0.100092,0.255267,0.644641,,30503500,,
0,2,,0.104057,0.258868,0.637075,,30734200,,
0,2,,0.179141,0.263115,0.557745,,30249800,,
0,2,,0.109633,0.202773,0.687593,,30529200,,
0,2,,0.119948,0.291192,0.58886,,30561000,,
0,2,,0.120065,0.268278,0.611657,,30355100,,
0,2,,0.115176,0.224059,0.660765,,30912100,,
0,2,,0.141651,0.221484,0.636865,,29744200,,
0,2,,0.118938,0.236427,0.644636,,30044600,,
0,2,,0.068445,0.239143,0.692412,,29897500,,
0,2,,0.220948,0.246256,0.532795,,30155200,,
0,2,,0.125016,0.2555,0.619485,,30476300,,
0,2,,0.129576,0.215807,0.654617,,29206700,,
0,2,,0.158937,0.305223,0.53584,,29863900,,
0,2,,0.104695,0.236768,0.658537,,30071300,,
0,2,,0.135562,0.215188,0.64925,,30638900,,
0,2,,0.173481,0.301546,0.524973,,35395600,,
0,2,,0.10914,0.227326,0.663534,,41847000,,
0,2,,0.128635,0.30154,0.569824,,31082600,,
0,2,,0.04266,0.271685,0.685655,,30613500,,
0,2,,0.155402,0.191588,0.65301,,29453200,,
0,2,,0.159361,0.264096,0.576543,,29186400,,
0,2,,0.16211,0.389941,0.447949,,28788500,,
0,2,,0.190013,0.277088,0.532899,,29843200,,
0,2,,0.176594,0.224339,0.599067,,29646200,,
0,2,,0.135611,0.239551,0.624837,,29797400,,
0,2,,0.11005,0.370783,0.519166,,28660200,,
0,2,,0.118667,0.260544,0.620789,,29661400,,
0,2,,0.160588,0.263932,0.57548,,29031000,,
0,2,,0.095024,0.215713,0.689262,,29775900,,
0,2,,0.116866,0.362488,0.520646,,28623400,,
0,2,,0.119527,0.31522,0.565253,,29240100,,
0,2,,0.134079,0.262592,0.603329,,28983800,,
0,2,,0.099725,0.177084,0.723192,,29900700,,
0,2,,0.15007,0.179083,0.670847,,33729100,,
0,2,,0.111225,0.269004,0.61977,,29512900,,
0,2,,0.120037,0.268843,0.611121,,30387300,,
0,2,,0.109458,0.339501,0.551041,,30073000,,
0,2,,0.102403,0.241209,0.656388,,29769500,,
0,2,,0.122661,0.301066,0.576272,,30919900,,
0,2,,0.215315,0.325748,0.458937,,29812000,,
0,2,,0.234623,0.379756,0.38562,,29028700,,
0,2,,0.141553,0.273258,0.585188,,30290600,,
0,2,,0.152502,0.239835,0.607663,,30486600,,
0,2,,0.179149,0.241171,0.57968,,33561400,,
0,2,,0.115854,0.227666,0.65648,,30558900,,
0,2,,0.134459,0.290964,0.574577,,29030300,,
0,2,,0.128244,0.364839,0.506917,,30232500,,
0,2,,0.125462,0.219377,0.65516,,31051000,,
0,2,,0.162167,0.231733,0.606101,,30512700,,
0,2,,0.157018,0.204955,0.638027,,30968600,,
0,2,,0.097134,0.255877,0.646988,,32241900,,
0,2,,0.15883,0.220149,0.621021,,29039400,,
0,2,,0.133008,0.201813,0.665178,,30520700,,
0,2,,0.066903,0.332821,0.600276,,30127300,,
0,2,,0.112322,0.255336,0.632342,,29800700,,
0,2,,0.092605,0.296214,0.611182,,30765400,,
0,2,,0.188726,0.27104,0.540234,,31325600,,
0,2,,0.130691,0.267194,0.602115,,30047300,,
0,2,,0.221532,0.187935,0.590533,,29463200,,
0,2,,0.10191,0.267742,0.630348,,30194700,,
0,2,,0.162225,0.326585,0.51119,,30219300,,
0,2,,0.115305,0.23298,0.651715,,30516000,,
0,2,,0.148803,0.290366,0.560831,,29950100,,
0,2,,0.215033,0.343958,0.441008,,30148600,,
0,2,,0.096394,0.381372,0.522234,,30081000,,
0,2,,0.152915,0.242079,0.605006,,30933500,,
0,2,,0.131983,0.256998,0.611019,,30955700,,
0,2,,0.093848,0.244601,0.66155,,30470400,,
0,2,,0.142451,0.364557,0.492992,,29858600,,
0,2,,0.11653,0.299028,0.584442,,30197900,,
0,2,,0.129323,0.237444,0.633233,,31245400,,
0,2,,0.149589,0.276602,0.573808,,30151300,,
0,2,,0.126946,0.221638,0.651416,,30254000,,
0,2,,0.133041,0.260401,0.606557,,29761800,,
0,2,,0.141765,0.18057,0.677665,,29930000,,
0,2,,0.158326,0.255808,0.585867,,30337000,,
0,2,,0.115953,0.332926,0.551121,,30814900,,
0,2,,0.144281,0.227807,0.627912,,28968200,,
0,2,,0.164864,0.257673,0.577463,,29520200,,
0,2,,0.079101,0.239129,0.68177,,28755300,,
0,2,,0.121273,0.216825,0.661902,,31885800,,
0,2,,0.079617,0.3071,0.613283,,30619900,,
0,2,,0.213181,0.307124,0.479696,,30219600,,
0,2,,0.078904,0.274809,0.646286,,29042000,,
0,2,,0.13317,0.162333,0.704497,,28549800,,
0,2,,0.134738,0.244307,0.620955,,29948400,,
0,2,,0.146259,0.252196,0.601545,,29128500,,
0,2,,0.147616,0.287055,0.565329,,29197400,,
0,2,,0.158297,0.220172,0.621531,,28842200,,
0,2,,0.070684,0.3124,0.616915,,30098700,,
0,2,,0.174097,0.252871,0.573032,,29877400,,
0,2,,0.119869,0.335002,0.545129,,29227600,,
0,2,,0.100921,0.222944,0.676135,,28720500,,
0,2,,0.093606,0.359791,0.546603,,29203100,,
0,2,,0.153393,0.241857,0.60475,,29469000,,
0,2,,0.136403,0.184291,0.679306,,29564700,,
0,2,,0.103135,0.196378,0.700488,,28682500,,
0,2,,0.110632,0.355142,0.534226,,29280400,,
0,2,,0.146832,0.285082,0.568085,,28728500,,
0,2,,0.135505,0.363457,0.501038,,30537400,,
0,2,,0.150526,0.345689,0.503785,,30019400,,
0,2,,0.124277,0.257148,0.618575,,29489300,,
0,2,,0.146141,0.388021,0.465838,,30336500,,
0,2,,0.173721,0.286341,0.539938,,29358500,,
0,2,,0.182224,0.277622,0.540154,,29774100,,
0,2,,0.144823,0.233922,0.621256,,28902200,,
0,2,,0.190798,0.229899,0.579303,,29199600,,
0,2,,0.125764,0.230571,0.643666,,29722600,,
0,2,,0.08525,0.279578,0.635172,,29139400,,
0,2,,0.183627,0.32324,0.493134,,30305400,,
0,2,,0.1666,0.239143,0.594257,,29119500,,
0,2,,0.133472,0.23222,0.634309,,29047700,,
0,2,,0.111645,0.261932,0.626423,,29272300,,
0,2,,0.174231,0.281813,0.543956,,29436900,,
0,2,,0.1499,0.227211,0.622889,,30563300,,
0,2,,0.135648,0.332693,0.531658,,29420400,,
0,2,,0.133505,0.238214,0.62828,,29290300,,
0,2,,0.086389,0.36565,0.547961,,29782700,,
0,2,,0.131748,0.353719,0.514533,,30274900,,
0,2,,0.160519,0.279955,0.559526,,29795600,,
0,2,,0.093539,0.262072,0.644389,,29111500,,
0,2,,0.190171,0.272581,0.537249,,28911100,,
0,2,,0.106028,0.286061,0.607911,,28906900,,
0,2,,0.112258,0.33429,0.553453,,30873500,,
0,2,,0.102468,0.228151,0.669381,,29355100,,
0,2,,0.210686,0.21279,0.576524,,29487900,,
0,2,,0.050895,0.290682,0.658423,,29863500,,
0,2,,0.145097,0.279605,0.575298,,28889100,,
0,2,,0.229045,0.256683,0.514272,,30170300,,
0,2,,0.162377,0.243125,0.594498,,29225700,,
0,2,,0.099215,0.420958,0.479826,,29135700,,
0,2,,0.158077,0.19157,0.650353,,28994000,,
0,2,,0.094531,0.200234,0.705235,,29037600,,
0,2,,0.165133,0.268913,0.565954,,30577500,,
0,2,,0.189835,0.199331,0.610834,,29938700,,
0,2,,0.153895,0.352484,0.493621,,29634300,,
0,2,,0.074754,0.282352,0.642894,,29399400,,
0,2,,0.109914,0.272731,0.617355,,29605100,,
0,2,,0.162837,0.311418,0.525745,,29951600,,
0,2,,0.086796,0.228825,0.684379,,28917400,,
0,2,,0.1259,0.261291,0.612809,,29347000,,
0,2,,0.14561,0.177704,0.676686,,29376500,,
0,2,,0.150515,0.277715,0.57177,,29844800,,
0,2,,0.209304,0.218392,0.572304,,29528300,,
0,2,,0.074148,0.23902,0.686832,,28788500,,
0,2,,0.151368,0.344813,0.503819,,29850500,,
0,2,,0.154781,0.204833,0.640387,,29082000,,
0,2,,0.192997,0.355444,0.451559,,30412300,,
0,2,,0.122804,0.185508,0.691689,,30223000,,
0,2,,0.110021,0.325488,0.564491,,29527300,,
0,2,,0.133481,0.257352,0.609167,,30395300,,
0,2,,0.147862,0.343091,0.509048,,32358300,,
0,2,,0.112534,0.242314,0.645152,,43079100,,
0,2,,0.122527,0.243121,0.634352,,31854900,,
0,2,,0.136928,0.26846,0.594612,,29554500,,
0,2,,0.102465,0.404397,0.493138,,29383100,,
0,2,,0.138551,0.340631,0.520818,,30981900,,
0,2,,0.11212,0.295022,0.592858,,30764900,,
0,2,,0.103904,0.276057,0.620038,,29689600,,
0,2,,0.153934,0.223792,0.622274,,29592700,,
0,2,,0.180182,0.269532,0.550286,,29378800,,
0,2,,0.169465,0.360855,0.46968,,30475300,,
0,2,,0.164741,0.274056,0.561203,,28977000,,
0,2,,0.090543,0.266688,0.642768,,28955500,,
0,2,,0.132821,0.365387,0.501792,,28793900,,
0,2,,0.080477,0.286663,0.63286,,29347200,,
0,2,,0.136096,0.169919,0.693986,,30156700,,
0,2,,0.131599,0.407458,0.460943,,29865200,,
0,2,,0.099506,0.263419,0.637075,,28660600,,
0,2,,0.109771,0.288608,0.601621,,30224000,,
0,2,,0.146677,0.189382,0.663941,,29369000,,
0,2,,0.076441,0.244975,0.678584,,30004200,,
0,2,,0.091262,0.224556,0.684182,,29476200,,
0,2,,0.14379,0.297167,0.559043,,30942500,,
0,2,,0.133458,0.277273,0.589268,,30201400,,
0,2,,0.130455,0.232079,0.637465,,30490100,,
0,2,,0.147838,0.230132,0.62203,,31347900,,
0,2,,0.121024,0.275123,0.603853,,30195100,,
0,2,,0.159337,0.264565,0.576098,,30823600,,
0,2,,0.159973,0.245845,0.594183,,30288300,,
0,2,,0.215782,0.209369,0.574849,,30122600,,
0,2,,0.143657,0.338379,0.517963,,30252600,,
0,2,,0.102498,0.25603,0.641472,,30255000,,
0,2,,0.10695,0.223095,0.669955,,30084500,,
0,2,,0.098327,0.217803,0.68387,,30297500,,
0,2,,0.160873,0.26984,0.569287,,32108500,,
0,2,,0.085833,0.353048,0.561119,,30508700,,
0,2,,0.120732,0.294446,0.584823,,30354600,,
0,2,,0.160775,0.330906,0.508319,,30225100,,
0,2,,0.144969,0.410836,0.444195,,30505100,,
0,2,,0.105687,0.254694,0.639619,,31128000,,
0,2,,0.149128,0.273152,0.57772,,29922200,,
0,2,,0.140592,0.200733,0.658675,,29931900,,
0,2,,0.080693,0.380632,0.538675,,30225900,,
0,2,,0.130748,0.233923,0.635329,,31926300,,
0,2,,0.113529,0.259305,0.627166,,30640500,,
0,2,,0.127257,0.257248,0.615495,,29844600,,
0,2,,0.089297,0.3146,0.596103,,30261800,,
0,2,,0.106168,0.307639,0.586194,,30205700,,
0,2,,0.10472,0.258286,0.636994,,31018200,,
0,2,,0.141522,0.31075,0.547728,,30366400,,
0,2,,0.089462,0.36184,0.548698,,30708400,,
0,2,,0.090275,0.257627,0.652098,,30120300,,
0,2,,0.091583,0.180755,0.727661,,30336900,,
0,2,,0.110186,0.311659,0.578155,,30402300,,
0,2,,0.144383,0.296858,0.558759,,29942700,,
0,2,,0.08164,0.226124,0.692236,,30004400,,
0,2,,0.086497,0.345605,0.567898,,29958600,,
0,2,,0.097143,0.31861,0.584247,,30720400,,
0,2,,0.165336,0.20339,0.631274,,30833500,,
0,2,,0.095886,0.288578,0.615537,,30045800,,
0,2,,0.166518,0.250077,0.583406,,29608400,,
0,2,,0.142039,0.317151,0.54081,,30065900,,
0,2,,0.110459,0.186571,0.702969,,29340800,,
0,2,,0.116975,0.30905,0.573976,,30294700,,
0,2,,0.099217,0.277692,0.623091,,30092400,,
0,2,,0.119229,0.402597,0.478175,,30962200,,
0,2,,0.135752,0.210694,0.653554,,30617400,,
0,2,,0.098959,0.241002,0.660039,,30493700,,
0,2,,0.091421,0.272819,0.635761,,29432000,,
0,2,,0.075277,0.241633,0.68309,,29713500,,
0,2,,0.156483,0.215635,0.627882,,30057200,,
0,2,,0.123595,0.241234,0.63517,,30882300,,
0,2,,0.114671,0.218971,0.666358,,30666600,,
0,2,,0.114459,0.249834,0.635707,,29654900,,
0,2,,0.187048,0.169379,0.643573,,30041100,,
0,2,,0.120996,0.202661,0.676342,,30504900,,
0,2,,0.120934,0.341399,0.537668,,30714400,,
0,2,,0.175206,0.347916,0.476878,,30037700,,
0,2,,0.135303,0.260696,0.604001,,29214800,,
0,2,,0.068114,0.312159,0.619726,,28982100,,
0,2,,0.098897,0.223197,0.677906,,29100700,,
0,2,,0.16409,0.263491,0.572419,,30397900,,
0,2,,0.117332,0.246709,0.635959,,28612000,,
0,2,,0.100304,0.312926,0.58677,,30912500,,
0,2,,0.174771,0.302618,0.522611,,30163800,,
0,2,,0.068055,0.276157,0.655788,,29064200,,
0,2,,0.099054,0.297471,0.603475,,30210100,,
0,2,,0.129936,0.293967,0.576097,,28932300,,
0,2,,0.168893,0.240215,0.590892,,29419400,,
0,2,,0.095271,0.27308,0.631648,,29884100,,
0,2,,0.134256,0.369725,0.496019,,30322200,,
0,2,,0.133842,0.223714,0.642445,,30868400,,
0,2,,0.075524,0.324385,0.600091,,29671100,,
0,2,,0.114996,0.170039,0.714965,,30044600,,
0,2,,0.06926,0.346918,0.583822,,30097800,,
0,2,,0.117989,0.228083,0.653928,,30193300,,
0,2,,0.098888,0.267946,0.633166,,29129800,,
0,2,,0.16758,0.288286,0.544134,,36967700,,
0,2,,0.11617,0.245162,0.638669,,30727900,,
0,2,,0.114783,0.182568,0.702648,,30604100,,
0,2,,0.073349,0.191344,0.735307,,31793700,,
0,2,,0.156594,0.248848,0.594559,,31015900,,
0,2,,0.094038,0.246386,0.659577,,30502100,,
0,2,,0.174156,0.210852,0.614992,,30972700,,
0,2,,0.152906,0.289633,0.557461,,31041400,,
0,2,,0.052053,0.310483,0.637465,,31334700,,
0,2,,0.10468,0.321418,0.573901,,30747400,,
0,2,,0.161637,0.315163,0.5232,,30997400,,
0,2,,0.120233,0.271552,0.608215,,30131200,,
0,2,,0.096751,0.308489,0.59476,,31901500,,
0,2,,0.157654,0.249395,0.592951,,31528700,,
0,2,,0.118276,0.212321,0.669404,,31038000,,
0,2,,0.107123,0.250983,0.641894,,30954500,,
0,2,,0.109067,0.346068,0.544864,,30628400,,
0,2,,0.071733,0.291196,0.637071,,31950100,,
0,2,,0.106501,0.284564,0.608936,,30780400,,
0,2,,0.117012,0.234639,0.648348,,31418000,,
0,2,,0.131362,0.217872,0.650766,,31987400,,
0,2,,0.171764,0.210159,0.618077,,31249200,,
0,2,,0.147942,0.33339,0.518667,,30772600,,
0,2,,0.142534,0.306812,0.550654,,30831500,,
0,2,,0.176606,0.233988,0.589406,,30463900,,
0,2,,0.145014,0.305608,0.549378,,30751900,,
0,2,,0.169068,0.216616,0.614316,,33887600,,
0,2,,0.086387,0.294645,0.618968,,30428200,,
0,2,,0.098665,0.121471,0.779864,,31321200,,
0,2,,0.180351,0.281294,0.538355,,31824100,,
0,2,,0.156036,0.364433,0.479531,,31042400,,
0,2,,0.061425,0.200005,0.73857,,29892800,,
0,2,,0.210919,0.298131,0.49095,,29772000,,
0,2,,0.091474,0.319065,0.589461,,30136300,,
0,2,,0.133865,0.189784,0.676351,,29879900,,
0,2,,0.153656,0.335795,0.51055,,30865200,,
0,2,,0.120432,0.243054,0.636513,,30709500,,
0,2,,0.098544,0.243775,0.657681,,29154800,,
0,2,,0.163474,0.226307,0.610219,,29881900,,
0,2,,0.236007,0.301126,0.462867,,31134000,,
0,2,,0.133765,0.155753,0.710482,,30299300,,
0,2,,0.071249,0.357654,0.571097,,29362700,,
0,2,,0.158074,0.324291,0.517634,,28845100,,
0,2,,0.092908,0.213441,0.693651,,29686000,,
0,2,,0.088783,0.297973,0.613244,,29586800,,
0,2,,0.083446,0.357632,0.558922,,31166800,,
0,2,,0.127065,0.276007,0.596928,,31357500,,
0,2,,0.186188,0.214771,0.59904,,29444200,,
0,2,,0.06425,0.243349,0.692401,,30236200,,
0,2,,0.120652,0.332736,0.546612,,30695400,,
0,2,,0.150626,0.324067,0.525307,,29529100,,
0,2,,0.125162,0.327232,0.547606,,29971100,,
0,2,,0.112501,0.20466,0.682839,,29776400,,
0,2,,0.187502,0.306062,0.506436,,30274300,,
0,2,,0.050327,0.250636,0.699037,,31676100,,
0,2,,0.112949,0.330407,0.556644,,30390900,,
0,2,,0.142743,0.20471,0.652547,,30732900,,
0,2,,0.09232,0.348177,0.559503,,29939700,,
0,2,,0.12098,0.213115,0.665905,,29083200,,
0,2,,0.0856,0.363489,0.55091,,31120000,,
0,2,,0.105285,0.305567,0.589148,,30134500,,
0,2,,0.11431,0.209838,0.675852,,30305600,,
0,2,,0.121647,0.275035,0.603318,,30362600,,
0,2,,0.14373,0.283384,0.572885,,29516000,,
0,2,,0.160337,0.199727,0.639935,,30128900,,
0,2,,0.179754,0.259543,0.560702,,30450900,,
0,2,,0.153264,0.266045,0.580691,,29943100,,
0,2,,0.10581,0.242852,0.651338,,29835600,,
0,2,,0.143218,0.217453,0.639329,,31701200,,
0,2,,0.069182,0.241799,0.689019,,33255000,,
0,2,,0.150865,0.291327,0.557808,,29612300,,
0,2,,0.129572,0.348653,0.521775,,29571900,,
0,2,,0.098519,0.253803,0.647677,,31486800,,
0,2,,0.098559,0.34104,0.560402,,29829600,,
0,2,,0.157552,0.204489,0.637958,,29590300,,
0,2,,0.157651,0.327225,0.515124,,28990000,,
0,2,,0.121418,0.303755,0.574827,,29495800,,
0,2,,0.116507,0.387205,0.496289,,29708600,,
0,2,,0.176767,0.262544,0.56069,,29450700,,
0,2,,0.130867,0.264604,0.60453,,28701500,,
0,2,,0.116565,0.297313,0.586122,,29767700,,
0,2,,0.157404,0.331497,0.511099,,28774000,,
0,2,,0.063223,0.214634,0.722143,,29719300,,
0,2,,0.096294,0.28543,0.618276,,28785800,,
0,2,,0.162243,0.318692,0.519065,,29255800,,
0,2,,0.119081,0.241986,0.638933,,29352500,,
0,2,,0.13378,0.333215,0.533005,,30356800,,
0,2,,0.123436,0.238295,0.638269,,29200700,,
0,2,,0.139341,0.252488,0.608172,,28932300,,
0,2,,0.149408,0.161767,0.688824,,29332800,,
0,2,,0.141896,0.323042,0.535062,,29333200,,
0,2,,0.162172,0.197244,0.640585,,29104500,,
0,2,,0.105555,0.165557,0.728888,,30595100,,
0,2,,0.085026,0.243046,0.671929,,30637500,,
0,2,,0.172777,0.29409,0.533133,,30589700,,
0,2,,0.126585,0.307278,0.566137,,30254100,,
0,2,,0.094804,0.34787,0.557326,,30342100,,
0,2,,0.170526,0.228384,0.60109,,35999600,,
0,2,,0.05704,0.291521,0.651439,,32373800,,
0,2,,0.186132,0.248327,0.565541,,28865400,,
0,2,,0.096717,0.226482,0.6768,,29731400,,
0,2,,0.105382,0.260714,0.633904,,31110700,,
0,2,,0.159091,0.306536,0.534373,,30377600,,
0,2,,0.118486,0.277159,0.604356,,30456100,,
0,2,,0.105023,0.225295,0.669682,,30927700,,
0,2,,0.09716,0.183435,0.719405,,31076500,,
0,2,,0.172126,0.246352,0.581521,,31700300,,
0,2,,0.113769,0.247717,0.638515,,30050700,,
0,2,,0.094335,0.171087,0.734578,,30715400,,
0,2,,0.113815,0.248206,0.63798,,30220100,,
0,2,,0.15355,0.264337,0.582113,,30317300,,
0,2,,0.206464,0.212667,0.580869,,30598600,,
0,2,,0.108515,0.265735,0.625749,,28814500,,
0,2,,0.121993,0.264189,0.613818,,29021100,,
0,2,,0.120827,0.197993,0.68118,,30130300,,
0,2,,0.203369,0.285309,0.511322,,30964100,,
0,2,,0.085713,0.314384,0.599902,,30691700,,
0,2,,0.092903,0.273661,0.633436,,29902400,,
0,2,,0.141379,0.247571,0.61105,,31205000,,
0,2,,0.119296,0.268276,0.612428,,30935300,,
0,2,,0.153178,0.26031,0.586512,,31003400,,
0,2,,0.107789,0.43807,0.454141,,29894100,,
0,2,,0.173447,0.266028,0.560525,,29616100,,
0,2,,0.072266,0.388302,0.539433,,29578800,,
0,2,,0.115121,0.226713,0.658165,,29852700,,
0,2,,0.115163,0.261422,0.623416,,31087700,,
0,2,,0.120935,0.159225,0.71984,,29936600,,
0,2,,0.19091,0.228702,0.580388,,30080100,,
0,2,,0.145968,0.309112,0.544921,,29826400,,
0,2,,0.131256,0.363101,0.505643,,30800000,,
0,2,,0.159277,0.251329,0.589394,,29240700,,
0,2,,0.162184,0.271374,0.566443,,29959000,,
0,2,,0.149688,0.212276,0.638036,,28321300,,
0,2,,0.103849,0.214117,0.682033,,29679500,,
0,2,,0.139501,0.235758,0.62474,,30299400,,
0,2,,0.104401,0.267273,0.628326,,31112600,,
0,2,,0.170338,0.197139,0.632523,,29967300,,
0,2,,0.107388,0.142133,0.750479,,30323200,,
0,2,,0.071235,0.241067,0.687698,,30097900,,
0,2,,0.190592,0.264847,0.544561,,31779000,,
0,2,,0.117484,0.315798,0.566718,,31300800,,
0,2,,0.145872,0.286985,0.567143,,30482000,,
0,2,,0.104049,0.289892,0.606059,,29793900,,
0,2,,0.184602,0.178546,0.636853,,29895300,,
0,2,,0.124514,0.33224,0.543246,,30426800,,
0,2,,0.168382,0.321326,0.510291,,30486800,,
0,2,,0.168276,0.235541,0.596183,,30119800,,
0,2,,0.198951,0.211908,0.58914,,30047100,,
0,2,,0.087392,0.154319,0.758289,,30804000,,
0,2,,0.134731,0.215147,0.650122,,30404300,,
0,2,,0.137057,0.360976,0.501966,,32366300,,
0,2,,0.229324,0.266348,0.504327,,29808600,,
0,2,,0.11885,0.158489,0.722662,,30119100,,
0,2,,0.102517,0.189512,0.707971,,30660300,,
0,2,,0.123884,0.375,0.501116,,28520900,,
0,2,,0.16979,0.289529,0.54068,,29126400,,
0,2,,0.095908,0.207525,0.696567,,29437900,,
0,2,,0.144458,0.366686,0.488856,,29223800,,
0,2,,0.141862,0.321194,0.536944,,30282600,,
0,2,,0.116979,0.240181,0.64284,,28714800,,
0,2,,0.137953,0.306131,0.555916,,29581500,,
0,2,,0.074508,0.248242,0.677251,,29368600,,
0,2,,0.127564,0.164082,0.708354,,29155000,,
0,2,,0.164318,0.263937,0.571746,,29934200,,
0,2,,0.129385,0.211106,0.659509,,29060100,,
0,2,,0.084557,0.309585,0.605858,,32504200,,
0,2,,0.09734,0.340759,0.561901,,29115700,,
0,2,,0.099198,0.193495,0.707307,,29448200,,
0,2,,0.134086,0.278313,0.587601,,29978400,,
0,2,,0.11421,0.34439,0.5414,,29223200,,
0,2,,0.176429,0.270686,0.552885,,29770700,,
0,2,,0.131125,0.265173,0.603702,,29123600,,
0,2,,0.102348,0.357923,0.539728,,30944500,,
0,2,,0.089311,0.317555,0.593133,,29459700,,
0,2,,0.226034,0.204466,0.5695,,29258500,,
0,2,,0.104187,0.255846,0.639967,,28985000,,
0,2,,0.14728,0.357409,0.495311,,29303900,,
0,2,,0.092221,0.294227,0.613552,,29039800,,
0,2,,0.129866,0.240429,0.629705,,29283000,,
0,2,,0.126072,0.27212,0.601808,,29517500,,
0,2,,0.121477,0.292055,0.586468,,29239000,,
0,2,,0.106516,0.242879,0.650605,,28842800,,
0,2,,0.121323,0.307143,0.571534,,31758400,,
0,2,,0.096382,0.231648,0.671969,,29169200,,
0,2,,0.11563,0.277001,0.607369,,29190700,,
0,2,,0.127135,0.265013,0.607853,,29005400,,
0,2,,0.182427,0.3205,0.497074,,29739300,,
0,2,,0.153017,0.249911,0.597072,,30468900,,
0,2,,0.101023,0.216227,0.68275,,30118900,,
0,2,,0.09503,0.219494,0.685476,,29182400,,
0,2,,0.181838,0.257918,0.560244,,28749200,,
0,2,,0.174127,0.243644,0.58223,,29803000,,
0,2,,0.120511,0.26711,0.61238,,29751400,,
0,2,,0.160635,0.224322,0.615043,,29402700,,
0,2,,0.102167,0.376045,0.521789,,29160900,,
0,2,,0.160998,0.263047,0.575955,,28953900,,
0,2,,0.110434,0.17479,0.714776,,29398000,,
0,2,,0.186013,0.273709,0.540278,,30046000,,
0,2,,0.088419,0.244323,0.667258,,29376700,,
0,2,,0.179743,0.205933,0.614324,,29048300,,
0,2,,0.120277,0.297758,0.581965,,29073800,,
0,2,,0.132694,0.349447,0.517859,,31528400,,
0,2,,0.182795,0.312601,0.504604,,30303800,,
0,2,,0.138295,0.21794,0.643764,,30362800,,
0,2,,0.104999,0.324424,0.570577,,30151400,,
0,2,,0.145748,0.228755,0.625497,,30375100,,
0,2,,0.110174,0.237371,0.652454,,31534100,,
0,2,,0.111536,0.19579,0.692674,,28932000,,
0,2,,0.122859,0.277194,0.599947,,28728800,,
0,2,,0.13388,0.303532,0.562588,,28542100,,
0,2,,0.150013,0.291283,0.558704,,29493400,,
0,2,,0.176838,0.309476,0.513686,,30182000,,
0,2,,0.139802,0.288662,0.571537,,29624500,,
0,2,,0.097572,0.247145,0.655283,,30255500,,
0,2,,0.145875,0.253235,0.60089,,29793500,,
0,2,,0.136107,0.272104,0.591789,,30763900,,
0,2,,0.139354,0.4209,0.439746,,30405000,,
0,2,,0.12116,0.193585,0.685255,,29891900,,
0,2,,0.091288,0.292203,0.616509,,29503900,,
0,2,,0.124549,0.23429,0.641161,,31435100,,
0,2,,0.115094,0.291361,0.593545,,30490800,,
0,2,,0.108773,0.22055,0.670677,,31010400,,
0,2,,0.160061,0.178181,0.661757,,30160300,,
0,2,,0.138289,0.258738,0.602973,,29934200,,
0,2,,0.112823,0.366632,0.520545,,29312500,,
0,2,,0.200158,0.160209,0.639633,,30983800,,
0,2,,0.131246,0.212278,0.656477,,30229300,,
0,2,,0.10482,0.217091,0.678089,,30233100,,
0,2,,0.11357,0.20069,0.68574,,30139500,,
0,2,,0.205829,0.332118,0.462053,,29800600,,
0,2,,0.099119,0.333543,0.567337,,30854000,,
0,2,,0.15513,0.362604,0.482265,,29448300,,
0,2,,0.151229,0.263338,0.585433,,30475500,,
0,2,,0.150199,0.346726,0.503075,,29667000,,
0,2,,0.069238,0.28146,0.649302,,29693300,,
0,2,,0.144982,0.210163,0.644854,,30575500,,
0,2,,0.127446,0.319647,0.552908,,29984300,,
0,2,,0.110883,0.364022,0.525094,,29951800,,
0,2,,0.248692,0.21987,0.531438,,30012100,,
0,2,,0.110405,0.24483,0.644765,,32146800,,
0,2,,0.186314,0.317262,0.496424,,29845000,,
0,2,,0.123649,0.278597,0.597754,,30202100,,
0,2,,0.122287,0.219153,0.658559,,29763600,,
0,2,,0.075401,0.169246,0.755353,,30216700,,
0,2,,0.105174,0.276588,0.618238,,31062300,,
0,2,,0.128985,0.251409,0.619606,,29793000,,
0,2,,0.173355,0.282428,0.544217,,29999600,,
0,2,,0.077396,0.353388,0.569216,,30239300,,
0,2,,0.101632,0.372055,0.526313,,29931900,,
0,2,,0.077963,0.355336,0.566701,,31385700,,
0,2,,0.104945,0.330651,0.564404,,30011000,,
0,2,,0.075638,0.096115,0.828247,,30455900,,
0,2,,0.11284,0.328266,0.558894,,30752500,,
0,2,,0.161956,0.196534,0.64151,,30270500,,
0,2,,0.210564,0.222316,0.56712,,29897700,,
0,2,,0.170462,0.356785,0.472754,,30610800,,
0,2,,0.136055,0.242239,0.621706,,29944400,,
0,2,,0.195144,0.335619,0.469237,,29534100,,
0,2,,0.135314,0.246124,0.618562,,30309200,,
0,2,,0.100937,0.300745,0.598319,,30518700,,
0,2,,0.104307,0.220621,0.675072,,29940900,,
0,2,,0.121895,0.233801,0.644303,,30331900,,
0,2,,0.155609,0.245674,0.598718,,29768700,,
0,2,,0.18328,0.271642,0.545079,,30985400,,
0,2,,0.126937,0.27038,0.602683,,30451200,,
0,2,,0.170346,0.284539,0.545115,,30033300,,
0,2,,0.134913,0.151326,0.713761,,30746100,,
0,2,,0.150504,0.327987,0.521509,,29630900,,
0,2,,0.15646,0.225137,0.618403,,30087500,,
0,2,,0.142873,0.340491,0.516636,,29688900,,
0,2,,0.168963,0.285742,0.545295,,29806700,,
0,2,,0.104005,0.404041,0.491955,,29601000,,
0,2,,0.194823,0.173151,0.632026,,32256900,,
0,2,,0.077371,0.266158,0.656471,,30006500,,
0,2,,0.103397,0.335571,0.561032,,29805600,,
0,2,,0.082917,0.372016,0.545067,,30107300,,
0,2,,0.140428,0.232325,0.627246,,30056500,,
0,2,,0.08248,0.311371,0.60615,,31008600,,
0,2,,0.165735,0.317244,0.517021,,30786800,,
0,2,,0.110486,0.205313,0.684201,,30171600,,
0,2,,0.164153,0.407813,0.428034,,30608400,,
0,2,,0.087957,0.371339,0.540704,,30685800,,
0,2,,0.185033,0.238654,0.576314,,30764100,,
0,2,,0.150405,0.246387,0.603208,,29737800,,
0,2,,0.128079,0.429471,0.44245,,29425000,,
0,2,,0.076601,0.283229,0.64017,,30590200,,
0,2,,0.196618,0.210824,0.592558,,30283200,,
0,2,,0.079994,0.265712,0.654294,,30375200,,
0,2,,0.164333,0.206374,0.629293,,30010400,,
0,2,,0.114693,0.317052,0.568255,,30375000,,
0,2,,0.185646,0.247778,0.566575,,29885500,,
0,2,,0.139509,0.258694,0.601797,,30448300,,
0,2,,0.074507,0.352475,0.573018,,29958800,,
0,2,,0.115703,0.222795,0.661502,,29899000,,
0,2,,0.11628,0.228736,0.654983,,29942100,,
0,2,,0.09883,0.197814,0.703356,,30717300,,
0,2,,0.113482,0.234809,0.651708,,30877700,,
0,2,,0.093314,0.179461,0.727225,,29777400,,
0,2,,0.12798,0.320011,0.552009,,29998700,,
0,2,,0.132502,0.35493,0.512568,,29726000,,
0,2,,0.061232,0.296259,0.642508,,30568400,,
0,2,,0.126539,0.339424,0.534037,,30442400,,
0,2,,0.193954,0.217789,0.588257,,30288600,,
0,2,,0.125458,0.267054,0.607488,,29863100,,
0,2,,0.08517,0.257054,0.657776,,29853100,,
0,2,,0.097358,0.385266,0.517377,,31485400,,
0,2,,0.132547,0.36209,0.505362,,30160100,,
0,2,,0.112568,0.23113,0.656302,,29751300,,
0,2,,0.181476,0.195568,0.622956,,29862800,,
0,2,,0.164347,0.275928,0.559724,,29734600,,
0,2,,0.161727,0.25383,0.584443,,30207300,,
0,2,,0.160957,0.31399,0.525053,,29934900,,
0,2,,0.158384,0.28431,0.557306,,29909700,,
0,2,,0.101929,0.24979,0.648281,,30008100,,
0,2,,0.138979,0.252827,0.608194,,29664500,,
0,2,,0.14937,0.205945,0.644685,,30805900,,
0,2,,0.134526,0.329763,0.535711,,30050100,,
0,2,,0.088585,0.30794,0.603475,,29930400,,
0,2,,0.172902,0.397704,0.429394,,31306000,,
0,2,,0.15984,0.278695,0.561465,,30435600,,
0,2,,0.090854,0.307841,0.601305,,30155800,,
0,2,,0.076132,0.293093,0.630775,,29527300,,
0,2,,0.10543,0.223356,0.671213,,30655000,,
0,2,,0.08642,0.368941,0.544639,,30793800,,
0,2,,0.19339,0.246543,0.560067,,30702400,,
0,2,,0.154354,0.218537,0.62711,,29815900,,
0,2,,0.125721,0.227019,0.647261,,29826700,,
0,2,,0.105079,0.291792,0.603129,,30552100,,
0,1,,0.247347,0.376584,0.376069,,30379500,,
0,2,,0.159024,0.273644,0.567332,,31695700,,
0,2,,0.146264,0.3024,0.551336,,29188900,,
0,2,,0.117835,0.221466,0.660699,,29761300,,
0,2,,0.086298,0.199547,0.714155,,32324900,,
0,2,,0.104228,0.279265,0.616507,,30183500,,
0,2,,0.107657,0.26814,0.624203,,30213200,,
0,2,,0.155521,0.300367,0.544111,,29361600,,
0,2,,0.148725,0.323258,0.528017,,30510500,,
0,2,,0.212216,0.351164,0.436621,,30308900,,
0,2,,0.12282,0.294886,0.582294,,31811700,,
0,2,,0.103279,0.365364,0.531357,,30829800,,
0,2,,0.122468,0.211408,0.666123,,29891300,,
0,2,,0.083777,0.382981,0.533242,,30102900,,
0,2,,0.129106,0.286926,0.583968,,32468500,,
0,2,,0.134161,0.266908,0.598932,,31161300,,
0,2,,0.105457,0.237557,0.656986,,29611500,,
0,2,,0.129622,0.311191,0.559187,,30193500,,
0,2,,0.095505,0.21362,0.690875,,32408900,,
0,2,,0.119204,0.329683,0.551114,,31395400,,
0,2,,0.072328,0.18592,0.741752,,31118600,,
0,2,,0.147314,0.180082,0.672604,,30322300,,
0,2,,0.178258,0.297996,0.523746,,31234900,,
0,2,,0.126867,0.345098,0.528035,,31863700,,
0,2,,0.107811,0.249808,0.642381,,30857900,,
0,2,,0.108681,0.270966,0.620353,,29776500,,
0,2,,0.158435,0.280926,0.560639,,30765300,,
0,2,,0.103368,0.300845,0.595786,,31210500,,
0,2,,0.120827,0.304772,0.574401,,30858000,,
0,2,,0.143842,0.229022,0.627137,,33928300,,
0,2,,0.098922,0.274603,0.626474,,30679500,,
0,2,,0.167124,0.331986,0.50089,,30008100,,
0,2,,0.148231,0.378598,0.473171,,29881700,,
0,2,,0.099416,0.241649,0.658935,,30574400,,
0,2,,0.12202,0.243312,0.634668,,30798400,,
0,2,,0.075415,0.380128,0.544457,,29868300,,
0,2,,0.130193,0.259175,0.610632,,29387700,,
0,2,,0.153043,0.28324,0.563717,,29943800,,
