connect-4,LADTree,test,1,NANOSECONDS,PREDICTIONS, Generated by ClassifierExperiments.java on 2022-05-16 13:24:14.    SYSTEMPROPERTIES:{user.name:matth,os.arch:amd64,os.name:Windows 10},ENDSYSTEMPROPERTIES
No parameter info
0.6846506808762581,20075752100,347336491000,-1,674151024,3,,-1,-1
0,2,,0.129591,0.374276,0.496134,,26413600,,
0,2,,0.11263,0.222036,0.665334,,26030000,,
0,2,,0.127208,0.22878,0.644012,,25738100,,
0,2,,0.132026,0.282159,0.585815,,26232200,,
0,2,,0.080016,0.232164,0.68782,,26710300,,
0,2,,0.120584,0.228796,0.65062,,26388500,,
0,2,,0.067797,0.201563,0.730641,,26722100,,
0,2,,0.132068,0.353267,0.514665,,28094400,,
0,2,,0.100422,0.214233,0.685345,,26549900,,
0,2,,0.1348,0.399753,0.465447,,26948100,,
0,2,,0.139955,0.286447,0.573599,,26391300,,
0,2,,0.172854,0.276293,0.550853,,26654700,,
0,2,,0.115037,0.279947,0.605017,,26132600,,
0,2,,0.154398,0.334765,0.510837,,26546300,,
0,2,,0.14451,0.303108,0.552381,,27144700,,
0,2,,0.137217,0.168991,0.693792,,27984100,,
0,2,,0.087635,0.249753,0.662612,,26010300,,
0,2,,0.085921,0.268262,0.645817,,25513800,,
0,2,,0.190794,0.268014,0.541192,,25962600,,
0,2,,0.158562,0.252844,0.588594,,26134900,,
0,2,,0.127355,0.349766,0.52288,,27333600,,
0,2,,0.096914,0.265764,0.637321,,27056000,,
0,2,,0.153445,0.263104,0.583452,,25036800,,
0,2,,0.183922,0.252042,0.564036,,25625600,,
0,2,,0.179899,0.287822,0.532279,,24959600,,
0,2,,0.088611,0.192677,0.718713,,25119500,,
0,2,,0.146652,0.193148,0.6602,,27026300,,
0,2,,0.10963,0.353165,0.537204,,25551500,,
0,2,,0.111,0.36318,0.52582,,24929800,,
0,2,,0.111844,0.23433,0.653826,,25285600,,
0,2,,0.105767,0.198813,0.69542,,25192800,,
0,2,,0.122161,0.306393,0.571446,,26630900,,
0,2,,0.122925,0.296688,0.580387,,26332600,,
0,2,,0.084341,0.364132,0.551527,,26237300,,
0,2,,0.152771,0.220478,0.62675,,26541800,,
0,2,,0.156674,0.283865,0.559461,,25461100,,
0,2,,0.217931,0.318108,0.463962,,25185800,,
0,2,,0.138656,0.168403,0.692941,,26632300,,
0,2,,0.154869,0.294436,0.550695,,26009800,,
0,2,,0.086427,0.244128,0.669445,,25603600,,
0,2,,0.166492,0.238159,0.595349,,24920000,,
0,2,,0.094578,0.253468,0.651954,,26015100,,
0,2,,0.132931,0.184418,0.682652,,26259400,,
0,2,,0.157238,0.269141,0.573621,,25773600,,
0,2,,0.102225,0.232602,0.665173,,25122400,,
0,2,,0.132338,0.234082,0.633581,,26150000,,
0,2,,0.118565,0.292549,0.588886,,24995000,,
0,2,,0.066688,0.2318,0.701512,,26470000,,
0,2,,0.191412,0.238054,0.570534,,26435000,,
0,2,,0.166041,0.254279,0.579681,,25795300,,
0,2,,0.11168,0.276752,0.611569,,28882700,,
0,2,,0.152303,0.315546,0.53215,,25312800,,
0,2,,0.161751,0.192723,0.645526,,26357700,,
0,2,,0.164744,0.296217,0.539038,,26622100,,
0,2,,0.075515,0.268465,0.65602,,25930700,,
0,2,,0.136137,0.218957,0.644906,,25574300,,
0,2,,0.115061,0.276727,0.608211,,25862300,,
0,2,,0.188148,0.209577,0.602275,,26128300,,
0,2,,0.140627,0.245067,0.614306,,25499900,,
0,2,,0.108261,0.172179,0.71956,,26705000,,
0,2,,0.135969,0.226551,0.63748,,26453700,,
0,2,,0.181515,0.209648,0.608837,,25962600,,
0,2,,0.122063,0.272886,0.605051,,25395700,,
0,2,,0.122754,0.208324,0.668922,,25440700,,
0,2,,0.115686,0.334068,0.550246,,26138900,,
0,2,,0.117841,0.332071,0.550088,,26342200,,
0,2,,0.181787,0.239977,0.578236,,25623700,,
0,2,,0.133679,0.319851,0.54647,,24887200,,
0,2,,0.078864,0.253989,0.667147,,25742000,,
0,2,,0.070951,0.160532,0.768517,,25237400,,
0,2,,0.111965,0.248832,0.639203,,26325200,,
0,2,,0.124977,0.286167,0.588856,,25624400,,
0,2,,0.130728,0.316041,0.553231,,26608100,,
0,2,,0.107532,0.230617,0.661851,,25248600,,
0,2,,0.130259,0.3211,0.548641,,25477300,,
0,2,,0.143553,0.322029,0.534417,,26449800,,
0,2,,0.163175,0.282041,0.554785,,26038400,,
0,2,,0.119285,0.242609,0.638106,,25591000,,
0,2,,0.144498,0.297581,0.557921,,25054200,,
0,2,,0.136857,0.204542,0.658601,,25142000,,
0,2,,0.094978,0.256096,0.648926,,25116900,,
0,2,,0.124828,0.288782,0.58639,,26712200,,
0,2,,0.115648,0.349815,0.534537,,25174900,,
0,2,,0.124408,0.25104,0.624552,,25790700,,
0,2,,0.117114,0.277182,0.605703,,25232000,,
0,2,,0.156741,0.308636,0.534623,,30306000,,
0,2,,0.146606,0.274057,0.579338,,36767200,,
0,2,,0.077755,0.202219,0.720026,,26315700,,
0,2,,0.201405,0.307774,0.490821,,26857800,,
0,2,,0.160584,0.187844,0.651572,,26272600,,
0,2,,0.124649,0.399442,0.475909,,26090700,,
0,2,,0.147668,0.25427,0.598062,,26487700,,
0,2,,0.102355,0.339944,0.557701,,25849400,,
0,2,,0.110712,0.346151,0.543137,,25172300,,
0,2,,0.054177,0.381286,0.564537,,26223800,,
0,2,,0.100545,0.202374,0.697082,,25404500,,
0,2,,0.123908,0.232166,0.643926,,26020400,,
0,2,,0.088946,0.247836,0.663219,,26597200,,
0,2,,0.075973,0.223053,0.700974,,25882300,,
0,2,,0.166864,0.311217,0.521919,,26227900,,
0,2,,0.108193,0.391161,0.500646,,27552900,,
0,2,,0.170793,0.283952,0.545255,,26922300,,
0,2,,0.068942,0.38882,0.542238,,26042600,,
0,2,,0.14141,0.382994,0.475596,,25836100,,
0,2,,0.093372,0.23384,0.672789,,26310900,,
0,2,,0.168983,0.348902,0.482115,,24963800,,
0,2,,0.152664,0.326376,0.52096,,25891000,,
0,2,,0.14492,0.283942,0.571138,,25626900,,
0,2,,0.126716,0.327428,0.545856,,26434200,,
0,2,,0.164523,0.315364,0.520113,,24959900,,
0,2,,0.122687,0.257868,0.619445,,25310900,,
0,2,,0.151286,0.270855,0.577859,,25641000,,
0,2,,0.126422,0.257135,0.616443,,26446900,,
0,2,,0.13132,0.242154,0.626526,,26937500,,
0,2,,0.085575,0.23249,0.681935,,25832900,,
0,2,,0.075318,0.289655,0.635027,,25568000,,
0,2,,0.159126,0.362312,0.478563,,25299200,,
0,2,,0.134378,0.368043,0.497578,,25873100,,
0,2,,0.056715,0.156413,0.786873,,25650300,,
0,2,,0.182608,0.315646,0.501747,,26802600,,
0,2,,0.14925,0.299423,0.551327,,25535600,,
0,2,,0.087955,0.238037,0.674008,,26395100,,
0,2,,0.127218,0.222455,0.650326,,26513100,,
0,2,,0.107372,0.207779,0.684849,,24832500,,
0,2,,0.059964,0.196199,0.743837,,27119200,,
0,2,,0.108959,0.297548,0.593492,,25788500,,
0,2,,0.137433,0.334088,0.528479,,25570400,,
0,2,,0.145484,0.277257,0.577259,,25079400,,
0,2,,0.117449,0.322444,0.560107,,25931800,,
0,2,,0.1224,0.154171,0.723429,,24903800,,
0,2,,0.087721,0.259273,0.653006,,26716300,,
0,2,,0.074295,0.195276,0.730428,,27045600,,
0,2,,0.077653,0.263374,0.658973,,25095000,,
0,2,,0.122705,0.289915,0.58738,,26619500,,
0,2,,0.068375,0.233585,0.698041,,25981200,,
0,2,,0.119165,0.224247,0.656588,,27852800,,
0,2,,0.138118,0.327001,0.534881,,27503200,,
0,1,,0.156878,0.492843,0.350279,,26701600,,
0,2,,0.09041,0.267436,0.642154,,27136100,,
0,2,,0.112146,0.236596,0.651259,,26116500,,
0,2,,0.090987,0.411251,0.497761,,27207500,,
0,2,,0.099438,0.277712,0.62285,,27569200,,
0,2,,0.121971,0.360782,0.517247,,26013200,,
0,2,,0.150234,0.303624,0.546141,,26435100,,
0,2,,0.102822,0.318707,0.578471,,26859700,,
0,2,,0.184028,0.236934,0.579038,,26539800,,
0,2,,0.130466,0.308151,0.561384,,27744700,,
0,2,,0.099629,0.248838,0.651533,,26115400,,
0,2,,0.087376,0.299707,0.612918,,26972400,,
0,2,,0.128886,0.216916,0.654198,,26938300,,
0,2,,0.134902,0.184084,0.681014,,26885300,,
0,2,,0.110133,0.31459,0.575276,,26835300,,
0,2,,0.100372,0.263663,0.635965,,26322700,,
0,2,,0.148094,0.229991,0.621915,,26480800,,
0,2,,0.152287,0.231167,0.616546,,27045600,,
0,2,,0.11032,0.283626,0.606054,,26182000,,
0,2,,0.124419,0.348137,0.527444,,27826000,,
0,2,,0.090237,0.310755,0.599008,,26357700,,
0,2,,0.116399,0.316734,0.566867,,26492500,,
0,2,,0.085052,0.243973,0.670975,,26083700,,
0,2,,0.085286,0.331054,0.58366,,26396300,,
0,2,,0.122964,0.369823,0.507213,,26610200,,
0,1,,0.112334,0.444118,0.443548,,28049200,,
0,2,,0.133231,0.350576,0.516193,,27005400,,
0,2,,0.108886,0.407001,0.484113,,26586900,,
0,2,,0.076327,0.323963,0.59971,,26102500,,
0,2,,0.171196,0.209418,0.619387,,26717000,,
0,2,,0.16458,0.254795,0.580625,,26996100,,
0,2,,0.079824,0.380128,0.540048,,27429900,,
0,2,,0.115912,0.243219,0.640869,,28040400,,
0,2,,0.156495,0.364743,0.478761,,30157400,,
0,2,,0.079729,0.284778,0.635492,,25893900,,
0,2,,0.155221,0.250378,0.594401,,25679000,,
0,2,,0.167366,0.204962,0.627672,,26228000,,
0,2,,0.148492,0.33893,0.512578,,27267900,,
0,2,,0.154031,0.377628,0.468341,,28301800,,
0,2,,0.16285,0.335748,0.501402,,25681800,,
0,2,,0.10041,0.266093,0.633497,,26053700,,
0,2,,0.135668,0.246247,0.618085,,27649400,,
0,2,,0.109397,0.232621,0.657982,,25780800,,
0,2,,0.154088,0.245336,0.600576,,25520400,,
0,2,,0.170143,0.288386,0.541471,,29981600,,
0,2,,0.127468,0.212111,0.66042,,25738000,,
0,2,,0.144154,0.269554,0.586292,,26998000,,
0,2,,0.096107,0.234309,0.669584,,26550800,,
0,2,,0.089105,0.266161,0.644734,,26859800,,
0,2,,0.088414,0.275179,0.636407,,26875000,,
0,2,,0.16626,0.282207,0.551533,,26846900,,
0,2,,0.11193,0.166875,0.721195,,27529500,,
0,2,,0.201212,0.250551,0.548237,,26595900,,
0,2,,0.099217,0.316006,0.584777,,25380800,,
0,2,,0.097798,0.298156,0.604046,,26084300,,
0,2,,0.121081,0.313488,0.565431,,27026500,,
0,2,,0.209742,0.206915,0.583344,,25566500,,
0,2,,0.096894,0.244824,0.658282,,27768100,,
0,2,,0.19854,0.322944,0.478516,,26272400,,
0,2,,0.139637,0.253775,0.606588,,26427900,,
0,2,,0.143909,0.269619,0.586472,,26564100,,
0,2,,0.150294,0.18131,0.668396,,26436100,,
0,2,,0.144799,0.34205,0.513151,,27089300,,
0,2,,0.11121,0.285192,0.603597,,26863100,,
0,2,,0.099049,0.204603,0.696348,,26611200,,
0,2,,0.102053,0.200131,0.697815,,26795800,,
0,2,,0.103285,0.164992,0.731724,,27082200,,
0,2,,0.152508,0.29501,0.552482,,27040000,,
0,2,,0.128798,0.256789,0.614413,,26943600,,
0,2,,0.141397,0.26489,0.593713,,26419400,,
0,2,,0.13894,0.273369,0.587691,,27515600,,
0,2,,0.205699,0.195024,0.599277,,26209900,,
0,2,,0.143008,0.281541,0.575451,,26518000,,
0,2,,0.090557,0.304783,0.60466,,27730300,,
0,2,,0.094688,0.214915,0.690396,,27756000,,
0,2,,0.110908,0.250846,0.638246,,26483500,,
0,2,,0.181531,0.240266,0.578203,,26383900,,
0,2,,0.08959,0.182666,0.727745,,36359900,,
0,2,,0.094869,0.340519,0.564612,,36712300,,
0,2,,0.116926,0.193347,0.689728,,26422900,,
0,2,,0.132658,0.280352,0.586991,,26639700,,
0,2,,0.14628,0.353212,0.500508,,26435600,,
0,2,,0.100795,0.191006,0.708199,,23466800,,
0,2,,0.120966,0.173179,0.705855,,24531000,,
0,2,,0.135752,0.289083,0.575165,,24048400,,
0,2,,0.097611,0.24217,0.660218,,24205200,,
0,2,,0.109859,0.34181,0.548331,,24940400,,
0,2,,0.204216,0.192771,0.603012,,24821800,,
0,2,,0.089986,0.223025,0.686989,,25035900,,
0,2,,0.126222,0.162103,0.711675,,27818700,,
0,2,,0.109898,0.237104,0.652998,,24180800,,
0,2,,0.152701,0.299606,0.547693,,27193800,,
0,2,,0.143819,0.277778,0.578404,,27782400,,
0,2,,0.101411,0.18536,0.713229,,29327500,,
0,2,,0.096335,0.271571,0.632094,,28729000,,
0,2,,0.098133,0.288663,0.613205,,24927700,,
0,2,,0.109335,0.230273,0.660391,,26288200,,
0,2,,0.095153,0.314303,0.590544,,25621900,,
0,2,,0.14797,0.309957,0.542073,,29067400,,
0,2,,0.172056,0.264274,0.56367,,26736300,,
0,2,,0.168484,0.341184,0.490333,,36022100,,
0,2,,0.101284,0.278123,0.620593,,30782800,,
0,2,,0.134933,0.208905,0.656161,,29961600,,
0,2,,0.170294,0.331984,0.497722,,25807600,,
0,2,,0.169283,0.230128,0.600589,,26293000,,
0,2,,0.151459,0.243615,0.604925,,25277300,,
0,2,,0.113779,0.311653,0.574568,,25988100,,
0,2,,0.130942,0.169714,0.699344,,25796300,,
0,2,,0.11605,0.242208,0.641743,,25842600,,
0,2,,0.146386,0.302663,0.550951,,26391400,,
0,2,,0.118467,0.305719,0.575815,,25514600,,
0,2,,0.146681,0.331505,0.521813,,26735300,,
0,2,,0.196523,0.184064,0.619413,,25037700,,
0,2,,0.095067,0.402708,0.502225,,25980100,,
0,2,,0.155802,0.279024,0.565173,,24973800,,
0,2,,0.050222,0.275427,0.674351,,25547700,,
0,2,,0.083275,0.332365,0.58436,,25332900,,
0,2,,0.129776,0.325854,0.54437,,25939100,,
0,2,,0.093122,0.243757,0.663121,,24449700,,
0,2,,0.113867,0.268697,0.617435,,26700600,,
0,2,,0.158542,0.298321,0.543136,,26580700,,
0,2,,0.167151,0.218337,0.614512,,25738400,,
0,2,,0.153977,0.370077,0.475946,,24691000,,
0,2,,0.088697,0.285796,0.625507,,25265300,,
0,2,,0.144368,0.259515,0.596117,,25663800,,
0,2,,0.164685,0.28269,0.552625,,25285700,,
0,2,,0.126334,0.3442,0.529466,,26868500,,
0,2,,0.114024,0.433049,0.452927,,25388800,,
0,2,,0.142359,0.204957,0.652683,,25172800,,
0,2,,0.153389,0.371338,0.475272,,24856800,,
0,2,,0.123745,0.356711,0.519544,,25472800,,
0,2,,0.148539,0.16056,0.690901,,25031500,,
0,2,,0.148399,0.251902,0.599699,,27391200,,
0,2,,0.112227,0.400157,0.487616,,24851000,,
0,2,,0.090667,0.301137,0.608196,,25271700,,
0,2,,0.075308,0.385039,0.539653,,24881300,,
0,2,,0.106715,0.204585,0.6887,,26144600,,
0,2,,0.142564,0.28596,0.571476,,25951300,,
0,2,,0.178784,0.262483,0.558733,,25007100,,
0,2,,0.092635,0.219773,0.687591,,25159300,,
0,2,,0.052703,0.345124,0.602174,,25258200,,
0,2,,0.102316,0.258339,0.639345,,25239700,,
0,2,,0.153899,0.294928,0.551173,,25327200,,
0,2,,0.131746,0.235873,0.632381,,26390100,,
0,2,,0.101657,0.181879,0.716464,,24599000,,
0,2,,0.163332,0.243123,0.593544,,26134700,,
0,2,,0.103096,0.265893,0.631011,,25903400,,
0,2,,0.143816,0.297422,0.558762,,25487100,,
0,2,,0.179911,0.35113,0.468959,,25765000,,
0,2,,0.121279,0.216981,0.66174,,25505300,,
0,2,,0.072176,0.266787,0.661037,,25578800,,
0,2,,0.098829,0.295373,0.605799,,25010100,,
0,2,,0.117175,0.224901,0.657924,,24803600,,
0,2,,0.106366,0.338506,0.555128,,25571300,,
0,2,,0.10761,0.239577,0.652814,,25640300,,
0,2,,0.141997,0.222436,0.635567,,25627400,,
0,2,,0.097941,0.312071,0.589987,,25112100,,
0,2,,0.127699,0.186443,0.685858,,25138000,,
0,2,,0.169553,0.284586,0.545861,,24736800,,
0,2,,0.129272,0.236118,0.63461,,25435600,,
0,2,,0.111057,0.250245,0.638698,,26740700,,
0,2,,0.125482,0.273148,0.60137,,24796500,,
0,2,,0.120957,0.273135,0.605908,,25216900,,
0,2,,0.096503,0.292459,0.611038,,24931100,,
0,2,,0.127684,0.342917,0.529399,,25082400,,
0,2,,0.183726,0.344317,0.471957,,25932800,,
0,2,,0.158584,0.310777,0.530638,,26693600,,
0,2,,0.117419,0.337444,0.545137,,25085300,,
0,2,,0.137635,0.213495,0.64887,,25167800,,
0,2,,0.113848,0.277469,0.608683,,24550500,,
0,2,,0.175827,0.296434,0.527739,,25654800,,
0,2,,0.08252,0.203574,0.713907,,26184100,,
0,2,,0.11128,0.273383,0.615338,,25532800,,
0,2,,0.245318,0.172404,0.582278,,25506300,,
0,2,,0.108146,0.249515,0.642339,,26698600,,
0,2,,0.103771,0.32684,0.569389,,26594300,,
0,2,,0.090273,0.189846,0.71988,,26912100,,
0,2,,0.147163,0.20727,0.645567,,26494000,,
0,2,,0.19194,0.316091,0.491969,,25845200,,
0,2,,0.202108,0.198407,0.599484,,26596200,,
0,2,,0.097272,0.321827,0.580901,,26612300,,
0,2,,0.092483,0.297458,0.61006,,26033500,,
0,2,,0.110994,0.252504,0.636502,,27794400,,
0,2,,0.161314,0.202531,0.636155,,25539700,,
0,2,,0.205435,0.271506,0.52306,,26345500,,
0,2,,0.051442,0.267927,0.680632,,26612100,,
0,2,,0.074769,0.314841,0.61039,,27036200,,
0,2,,0.119145,0.258482,0.622373,,27948300,,
0,2,,0.126475,0.399468,0.474057,,26224600,,
0,2,,0.125571,0.214186,0.660243,,27015400,,
0,2,,0.171599,0.22996,0.598441,,25234300,,
0,2,,0.112291,0.22661,0.661099,,26272800,,
0,2,,0.110958,0.195564,0.693478,,26750800,,
0,2,,0.145091,0.265099,0.58981,,25896000,,
0,2,,0.124463,0.253928,0.621609,,26536300,,
0,2,,0.146053,0.273856,0.580091,,25906800,,
0,2,,0.136772,0.185373,0.677855,,25677600,,
0,2,,0.058484,0.304726,0.63679,,25692800,,
0,2,,0.098686,0.311372,0.589942,,26933600,,
0,2,,0.05108,0.285762,0.663158,,26083900,,
0,2,,0.160254,0.25736,0.582386,,26702500,,
0,2,,0.166382,0.297799,0.535819,,26544800,,
0,2,,0.109681,0.246153,0.644166,,26545400,,
0,2,,0.161554,0.278632,0.559814,,27034900,,
0,2,,0.124701,0.20382,0.671479,,26687700,,
0,2,,0.108666,0.241507,0.649828,,26114800,,
0,2,,0.119952,0.297977,0.582071,,26029400,,
0,2,,0.096315,0.314997,0.588688,,24642100,,
0,2,,0.14279,0.300003,0.557206,,26150700,,
0,2,,0.15826,0.333606,0.508134,,27693200,,
0,2,,0.065079,0.29611,0.638811,,26363700,,
0,2,,0.086358,0.212014,0.701628,,26838500,,
0,2,,0.111403,0.240469,0.648128,,26408600,,
0,2,,0.203348,0.235529,0.561123,,25904200,,
0,2,,0.135276,0.253644,0.61108,,26856200,,
0,2,,0.117377,0.346902,0.535721,,26313600,,
0,2,,0.144286,0.225778,0.629935,,26183600,,
0,2,,0.084838,0.337857,0.577305,,26247000,,
0,2,,0.132716,0.342757,0.524527,,26616200,,
0,2,,0.121501,0.248879,0.62962,,27062600,,
0,2,,0.118889,0.394656,0.486455,,26908100,,
0,2,,0.113931,0.215164,0.670905,,27118400,,
0,2,,0.13096,0.21166,0.657379,,25646000,,
0,2,,0.177263,0.272417,0.55032,,25913700,,
0,2,,0.132424,0.381838,0.485738,,26649200,,
0,2,,0.102346,0.268704,0.62895,,27545900,,
0,2,,0.096389,0.256334,0.647276,,26506900,,
0,2,,0.193713,0.217067,0.58922,,26024700,,
0,2,,0.089719,0.165817,0.744464,,30259000,,
0,2,,0.055269,0.178018,0.766713,,26887300,,
0,2,,0.098685,0.181455,0.71986,,26572200,,
0,2,,0.142998,0.188811,0.668191,,26696500,,
0,2,,0.173823,0.359924,0.466254,,25708700,,
0,2,,0.133843,0.291338,0.574819,,25837500,,
0,2,,0.079531,0.176787,0.743682,,25862600,,
0,2,,0.155391,0.328852,0.515757,,27302300,,
0,2,,0.165117,0.258589,0.576293,,26669000,,
0,2,,0.17861,0.273009,0.54838,,25641400,,
0,2,,0.119147,0.269988,0.610865,,26234500,,
0,2,,0.120835,0.261928,0.617237,,25661800,,
0,2,,0.189499,0.287832,0.522669,,26291000,,
0,2,,0.081231,0.345611,0.573158,,26238200,,
0,2,,0.110023,0.201134,0.688843,,26421800,,
0,2,,0.137369,0.236594,0.626037,,26696500,,
0,2,,0.12134,0.348237,0.530423,,25986200,,
0,2,,0.156298,0.282856,0.560847,,25683100,,
0,2,,0.167714,0.319524,0.512762,,25976800,,
0,2,,0.142413,0.259786,0.5978,,26854000,,
0,2,,0.139324,0.176584,0.684092,,25731900,,
0,2,,0.112687,0.270983,0.616331,,26659700,,
0,2,,0.102243,0.326825,0.570932,,26171600,,
0,2,,0.160007,0.225552,0.61444,,25506400,,
0,2,,0.1301,0.259574,0.610326,,27131000,,
0,2,,0.107349,0.255379,0.637272,,26013400,,
0,2,,0.145274,0.248626,0.6061,,26398700,,
0,2,,0.194517,0.23166,0.573823,,25334900,,
0,2,,0.171488,0.296798,0.531714,,26323400,,
0,2,,0.087973,0.25145,0.660577,,26899100,,
0,2,,0.207901,0.301121,0.490979,,25578100,,
0,2,,0.083951,0.233766,0.682283,,24968300,,
0,2,,0.08781,0.198876,0.713313,,25508300,,
0,2,,0.125267,0.170085,0.704648,,25741900,,
0,2,,0.101351,0.200064,0.698585,,25439600,,
0,2,,0.091005,0.203654,0.705341,,26667600,,
0,2,,0.111294,0.356008,0.532698,,25442900,,
0,2,,0.162062,0.193899,0.644039,,25932400,,
0,2,,0.161143,0.221776,0.617081,,24871300,,
0,2,,0.148417,0.234889,0.616694,,26157200,,
0,2,,0.148552,0.260489,0.590959,,36175200,,
0,2,,0.128163,0.37366,0.498177,,33184300,,
0,2,,0.16353,0.253729,0.58274,,26009600,,
0,2,,0.128938,0.156816,0.714246,,25227900,,
0,2,,0.079792,0.239198,0.681009,,25456700,,
0,2,,0.136554,0.327923,0.535523,,24689500,,
0,2,,0.085618,0.199628,0.714755,,26907600,,
0,2,,0.122973,0.317312,0.559714,,25335600,,
0,2,,0.153212,0.24527,0.601518,,25550500,,
0,2,,0.135311,0.312084,0.552605,,25280700,,
0,2,,0.072988,0.228946,0.698066,,25140500,,
0,2,,0.183163,0.292772,0.524065,,26066200,,
0,2,,0.099764,0.246951,0.653285,,25639300,,
0,2,,0.105039,0.330199,0.564762,,25100100,,
0,2,,0.093354,0.30794,0.598706,,25995100,,
0,2,,0.140817,0.274543,0.58464,,25850600,,
0,2,,0.146415,0.23829,0.615295,,25503800,,
0,2,,0.131406,0.261081,0.607513,,26892300,,
0,2,,0.127645,0.243894,0.628461,,25921400,,
0,2,,0.114978,0.238557,0.646465,,26075500,,
0,2,,0.044112,0.302251,0.653636,,25977600,,
0,2,,0.11366,0.283821,0.602519,,26045400,,
0,2,,0.159905,0.298186,0.541909,,27320800,,
0,2,,0.137258,0.257329,0.605413,,26105100,,
0,2,,0.163606,0.28295,0.553444,,25825700,,
0,2,,0.132172,0.214747,0.653081,,26458400,,
0,2,,0.137536,0.291148,0.571316,,26177800,,
0,2,,0.104007,0.32253,0.573463,,25712300,,
0,2,,0.149945,0.254507,0.595548,,27998400,,
0,2,,0.172743,0.21538,0.611877,,25905900,,
0,2,,0.189279,0.352944,0.457778,,25933800,,
0,2,,0.205032,0.251721,0.543247,,26444700,,
0,2,,0.14316,0.230091,0.626749,,24914900,,
0,2,,0.105261,0.19399,0.700749,,26886700,,
0,2,,0.118135,0.292647,0.589218,,28027700,,
0,2,,0.097913,0.306254,0.595833,,26041700,,
0,2,,0.138061,0.332507,0.529432,,26056100,,
0,2,,0.12047,0.339473,0.540057,,24922100,,
0,2,,0.117912,0.201808,0.680281,,27009400,,
0,2,,0.084018,0.342965,0.573017,,26622800,,
0,2,,0.183011,0.334117,0.482873,,26325400,,
0,2,,0.109529,0.329632,0.560839,,25918400,,
0,2,,0.094868,0.243668,0.661463,,26545400,,
0,2,,0.12664,0.291457,0.581903,,26040300,,
0,2,,0.070303,0.234168,0.695529,,26997400,,
0,2,,0.120894,0.222067,0.657039,,26471200,,
0,2,,0.212011,0.212576,0.575413,,25999900,,
0,2,,0.079074,0.329943,0.590983,,25962000,,
0,2,,0.160906,0.296141,0.542953,,25659100,,
0,2,,0.138683,0.177316,0.684001,,26176200,,
0,2,,0.069896,0.215981,0.714123,,26379600,,
0,2,,0.10162,0.296137,0.602243,,25805400,,
0,2,,0.107476,0.331293,0.56123,,27018400,,
0,2,,0.157871,0.202125,0.640004,,26995400,,
0,2,,0.058373,0.252532,0.689096,,26125400,,
0,2,,0.071026,0.271544,0.65743,,27098600,,
0,2,,0.112367,0.230582,0.657051,,25486100,,
0,2,,0.087417,0.183847,0.728736,,26464900,,
0,2,,0.151797,0.326287,0.521916,,25458800,,
0,2,,0.140201,0.291883,0.567916,,26008700,,
0,2,,0.169775,0.199492,0.630734,,26333300,,
0,2,,0.138454,0.336274,0.525273,,26033300,,
0,2,,0.126378,0.287437,0.586185,,26509400,,
0,2,,0.110796,0.230771,0.658433,,26056900,,
0,2,,0.106247,0.203086,0.690667,,26299100,,
0,2,,0.146771,0.279953,0.573276,,25454800,,
0,2,,0.103298,0.232134,0.664567,,34681300,,
0,2,,0.163286,0.226535,0.610179,,37306100,,
0,2,,0.16577,0.238399,0.595831,,25377600,,
0,2,,0.114428,0.198133,0.687439,,25708400,,
0,2,,0.097398,0.288086,0.614517,,25972400,,
0,2,,0.076292,0.261865,0.661843,,26449700,,
0,2,,0.106186,0.288867,0.604947,,26025100,,
0,2,,0.069649,0.315208,0.615143,,24841500,,
0,2,,0.143132,0.357622,0.499246,,27896300,,
0,2,,0.145616,0.271595,0.582789,,25096100,,
0,2,,0.101031,0.300684,0.598285,,25728000,,
0,2,,0.177533,0.349856,0.472611,,26031100,,
0,2,,0.167216,0.256154,0.576629,,25371200,,
0,2,,0.105097,0.309288,0.585615,,24572100,,
0,2,,0.124036,0.28075,0.595214,,25161100,,
0,2,,0.096255,0.294517,0.609227,,24818700,,
0,2,,0.163695,0.291933,0.544372,,26432600,,
0,2,,0.172063,0.342387,0.48555,,25104600,,
0,2,,0.16276,0.190532,0.646708,,25643200,,
0,2,,0.103405,0.248673,0.647922,,24584100,,
0,2,,0.108746,0.162244,0.72901,,25726700,,
0,2,,0.087522,0.276304,0.636173,,26355900,,
0,2,,0.152648,0.250973,0.596379,,25837700,,
0,2,,0.119599,0.186164,0.694237,,25026600,,
0,2,,0.090737,0.233774,0.67549,,24832500,,
0,2,,0.158779,0.302977,0.538244,,25831500,,
0,2,,0.05815,0.240236,0.701614,,25958100,,
0,2,,0.200426,0.208913,0.590661,,26310400,,
0,2,,0.141408,0.342859,0.515733,,24779400,,
0,2,,0.120823,0.210344,0.668833,,25080700,,
0,2,,0.093444,0.293295,0.613261,,24699300,,
0,2,,0.10513,0.272184,0.622686,,25703800,,
0,2,,0.090364,0.284686,0.624951,,25669300,,
0,2,,0.131336,0.240033,0.628631,,26602100,,
0,2,,0.146631,0.305776,0.547593,,25317200,,
0,2,,0.162596,0.227757,0.609647,,25545500,,
0,2,,0.096946,0.295199,0.607856,,25145700,,
0,2,,0.118439,0.277386,0.604175,,26242000,,
0,2,,0.212906,0.293401,0.493693,,27519400,,
0,2,,0.105461,0.291026,0.603512,,26032600,,
0,2,,0.19874,0.230093,0.571167,,26677900,,
0,2,,0.129034,0.219775,0.65119,,25941800,,
0,2,,0.112572,0.288164,0.599264,,25910000,,
0,2,,0.151624,0.285136,0.56324,,27521400,,
0,2,,0.119232,0.217996,0.662772,,27292500,,
0,2,,0.146929,0.235263,0.617808,,27993800,,
0,2,,0.132043,0.22449,0.643467,,25530400,,
0,2,,0.091735,0.295997,0.612267,,26133000,,
0,2,,0.072403,0.276755,0.650841,,26435600,,
0,2,,0.131166,0.407697,0.461137,,27784800,,
0,2,,0.122991,0.21498,0.662029,,23535200,,
0,2,,0.130912,0.218459,0.650629,,24121300,,
0,2,,0.05753,0.265462,0.677007,,24145400,,
0,2,,0.089812,0.219142,0.691045,,24194900,,
0,2,,0.164345,0.301192,0.534463,,24361900,,
0,2,,0.088591,0.28318,0.628229,,24277300,,
0,2,,0.122455,0.351586,0.525959,,23990800,,
0,2,,0.116789,0.248803,0.634408,,24300800,,
0,2,,0.120607,0.341359,0.538034,,24427100,,
0,2,,0.11191,0.284136,0.603953,,24154200,,
0,2,,0.154619,0.296912,0.548469,,24755200,,
0,2,,0.221336,0.216357,0.562307,,24032600,,
0,2,,0.112951,0.365891,0.521158,,24381000,,
0,2,,0.087534,0.294152,0.618313,,24578100,,
0,2,,0.110215,0.200084,0.689701,,23483200,,
0,2,,0.185955,0.342969,0.471076,,24041700,,
0,2,,0.128583,0.155766,0.715651,,27642700,,
0,2,,0.117431,0.211387,0.671182,,24580600,,
0,2,,0.133702,0.304335,0.561963,,24448800,,
0,2,,0.20703,0.320726,0.472244,,23978600,,
0,2,,0.152592,0.237471,0.609937,,23915100,,
0,2,,0.198527,0.215545,0.585928,,24027000,,
0,2,,0.139333,0.400294,0.460374,,24466100,,
0,2,,0.165018,0.340839,0.494143,,24441400,,
0,2,,0.09081,0.254116,0.655075,,24299600,,
0,2,,0.128089,0.165679,0.706233,,24594900,,
0,2,,0.102836,0.275511,0.621653,,24185900,,
0,2,,0.128037,0.291503,0.58046,,24964400,,
0,2,,0.102767,0.137467,0.759766,,24967000,,
0,2,,0.11293,0.273077,0.613993,,24497300,,
0,2,,0.143935,0.164843,0.691222,,24548100,,
0,2,,0.10652,0.346511,0.546969,,24473800,,
0,2,,0.120291,0.319834,0.559875,,24423200,,
0,2,,0.080697,0.274965,0.644339,,24152100,,
0,2,,0.083104,0.316656,0.60024,,24956900,,
0,2,,0.077949,0.335296,0.586755,,24560700,,
0,2,,0.106799,0.263718,0.629483,,25167100,,
0,2,,0.101968,0.226814,0.671218,,24309600,,
0,2,,0.070522,0.229583,0.699895,,24469400,,
0,2,,0.165646,0.27469,0.559664,,23549900,,
0,2,,0.098905,0.22829,0.672805,,24449200,,
0,2,,0.127768,0.341624,0.530608,,23981700,,
0,2,,0.137602,0.234976,0.627422,,24313100,,
0,2,,0.128018,0.246162,0.625819,,24090200,,
0,2,,0.176069,0.241119,0.582812,,24311300,,
0,2,,0.17592,0.206426,0.617654,,24341400,,
0,2,,0.164155,0.23128,0.604565,,24591500,,
0,2,,0.135299,0.346002,0.518699,,24326700,,
0,2,,0.160421,0.228791,0.610788,,24414200,,
0,2,,0.120737,0.171034,0.708229,,24176900,,
0,2,,0.095233,0.238671,0.666096,,24415200,,
0,2,,0.145801,0.221364,0.632834,,27781100,,
0,2,,0.101287,0.263445,0.635268,,24003700,,
0,2,,0.048662,0.342456,0.608882,,23873900,,
0,2,,0.17451,0.299676,0.525814,,24232900,,
0,2,,0.097999,0.255387,0.646614,,24063600,,
0,2,,0.153447,0.184371,0.662181,,24316800,,
0,2,,0.083057,0.193034,0.723909,,24881600,,
0,2,,0.120903,0.205184,0.673913,,27037700,,
0,2,,0.129836,0.220803,0.649361,,24410200,,
0,2,,0.105905,0.230632,0.663464,,24008400,,
0,2,,0.116917,0.358662,0.524422,,24188300,,
0,2,,0.044331,0.18009,0.775579,,24255500,,
0,2,,0.128529,0.231556,0.639916,,24136200,,
0,2,,0.123866,0.265477,0.610657,,23483600,,
0,2,,0.082781,0.328121,0.589098,,24640500,,
0,2,,0.061856,0.270155,0.667989,,24297200,,
0,2,,0.106034,0.290937,0.603029,,24281000,,
0,2,,0.189215,0.244197,0.566587,,24290600,,
0,2,,0.143288,0.279223,0.577489,,24964500,,
0,2,,0.113805,0.226346,0.659849,,24229700,,
0,2,,0.081732,0.24418,0.674088,,25166900,,
0,2,,0.151402,0.254332,0.594266,,23621500,,
0,2,,0.194724,0.267731,0.537546,,23559700,,
0,2,,0.130538,0.177435,0.692027,,24147000,,
0,2,,0.10382,0.278282,0.617898,,24779500,,
0,2,,0.109459,0.248039,0.642501,,24613900,,
0,2,,0.156468,0.369922,0.47361,,24208700,,
0,2,,0.17158,0.348239,0.480181,,23961300,,
0,2,,0.113673,0.219254,0.667072,,25204600,,
0,2,,0.118104,0.276792,0.605104,,27492600,,
0,2,,0.109896,0.25536,0.634745,,24565400,,
0,2,,0.094699,0.265595,0.639707,,24381500,,
0,2,,0.101341,0.201975,0.696684,,24691200,,
0,2,,0.113054,0.189419,0.697528,,24259700,,
0,2,,0.13478,0.250405,0.614815,,24506700,,
0,2,,0.110328,0.225584,0.664087,,24163700,,
0,2,,0.102857,0.159593,0.737549,,24392400,,
0,2,,0.158302,0.321584,0.520114,,24724700,,
0,2,,0.034426,0.222544,0.743031,,24506300,,
0,2,,0.114243,0.265869,0.619888,,24413000,,
0,2,,0.155441,0.383381,0.461178,,24556500,,
0,2,,0.164726,0.267203,0.568071,,25090500,,
0,2,,0.174687,0.172688,0.652625,,25156900,,
0,2,,0.134016,0.280105,0.585879,,24665900,,
0,2,,0.152897,0.284955,0.562148,,24258000,,
0,2,,0.187499,0.249492,0.563009,,24951500,,
0,2,,0.100864,0.252504,0.646632,,24457500,,
0,2,,0.1056,0.34708,0.547321,,31222300,,
0,2,,0.105895,0.251199,0.642906,,36360600,,
0,2,,0.092803,0.293036,0.614161,,23604300,,
0,2,,0.137478,0.196248,0.666274,,24272300,,
0,2,,0.156552,0.282771,0.560677,,23441900,,
0,2,,0.139845,0.228132,0.632024,,25454200,,
0,2,,0.198868,0.161489,0.639643,,26702900,,
0,2,,0.096024,0.371407,0.532569,,24554100,,
0,2,,0.131869,0.283487,0.584644,,24406900,,
0,2,,0.139178,0.173994,0.686829,,23853600,,
0,2,,0.076115,0.297188,0.626697,,24279600,,
0,2,,0.121502,0.204147,0.674351,,24796600,,
0,2,,0.125984,0.249697,0.624319,,24503200,,
0,2,,0.050424,0.385446,0.564129,,24572500,,
0,2,,0.139883,0.342032,0.518085,,24385900,,
0,2,,0.135428,0.296786,0.567785,,24153200,,
0,1,,0.153053,0.455948,0.391,,24484800,,
0,2,,0.090624,0.178716,0.73066,,24483800,,
0,2,,0.086862,0.189131,0.724007,,25097200,,
0,2,,0.099328,0.215466,0.685206,,23836000,,
0,2,,0.156818,0.355471,0.487711,,24846500,,
0,2,,0.119627,0.223006,0.657367,,24392200,,
0,2,,0.134643,0.233157,0.632199,,24691000,,
0,2,,0.074177,0.198792,0.727031,,24400000,,
0,2,,0.121286,0.258818,0.619896,,24340600,,
0,2,,0.177543,0.320346,0.502111,,24400200,,
0,2,,0.098215,0.25395,0.647835,,23981500,,
0,2,,0.077784,0.223259,0.698957,,24529600,,
0,2,,0.128689,0.234779,0.636532,,25296300,,
0,2,,0.096253,0.24476,0.658987,,24736500,,
0,2,,0.1121,0.234296,0.653604,,24192300,,
0,2,,0.128784,0.223153,0.648063,,24841500,,
0,2,,0.141639,0.350641,0.507719,,24773000,,
0,2,,0.083327,0.268988,0.647685,,24746400,,
0,2,,0.120639,0.279641,0.59972,,24931400,,
0,2,,0.089203,0.166317,0.74448,,24395300,,
0,2,,0.144753,0.263255,0.591991,,25011600,,
0,2,,0.13474,0.338736,0.526524,,24236800,,
0,2,,0.119607,0.268164,0.61223,,24275600,,
0,2,,0.09865,0.367045,0.534304,,24287700,,
0,2,,0.149805,0.326846,0.523348,,24902800,,
0,2,,0.158684,0.250082,0.591234,,24632100,,
0,2,,0.133231,0.262641,0.604128,,24882100,,
0,2,,0.170351,0.254507,0.575142,,26223000,,
0,2,,0.107441,0.294717,0.597842,,24323200,,
0,2,,0.147821,0.222114,0.630065,,24638900,,
0,2,,0.148083,0.32831,0.523608,,24426700,,
0,2,,0.164261,0.283411,0.552329,,24448400,,
0,2,,0.10147,0.281706,0.616824,,24381100,,
0,2,,0.09005,0.24068,0.66927,,24576300,,
0,2,,0.092975,0.257557,0.649468,,24336200,,
0,2,,0.122057,0.329924,0.548019,,24608400,,
0,2,,0.158996,0.252684,0.58832,,24780900,,
0,2,,0.072325,0.203751,0.723925,,24453200,,
0,2,,0.209807,0.277159,0.513034,,25342900,,
0,2,,0.126209,0.404059,0.469731,,24590600,,
0,2,,0.127954,0.213815,0.658231,,24427400,,
0,2,,0.116704,0.264794,0.618501,,24548700,,
0,2,,0.143238,0.207434,0.649328,,24743400,,
0,2,,0.127968,0.198693,0.673339,,24194000,,
0,2,,0.133894,0.342871,0.523235,,23996800,,
0,2,,0.232715,0.255648,0.511637,,24705700,,
0,2,,0.130882,0.298481,0.570637,,24507600,,
0,2,,0.10641,0.210558,0.683031,,25071500,,
0,2,,0.100076,0.132356,0.767567,,25000400,,
0,2,,0.126768,0.254631,0.618601,,24805200,,
0,2,,0.106631,0.347228,0.546141,,25019700,,
0,2,,0.159758,0.296167,0.544075,,25173700,,
0,2,,0.144261,0.293082,0.562657,,24265900,,
0,2,,0.114139,0.317594,0.568267,,24433500,,
0,2,,0.105288,0.382526,0.512186,,24198400,,
0,2,,0.10077,0.303497,0.595733,,24508700,,
0,2,,0.055581,0.237434,0.706985,,24837900,,
0,2,,0.08974,0.225421,0.684839,,25060400,,
0,2,,0.078331,0.235251,0.686418,,24668900,,
0,2,,0.084113,0.31897,0.596916,,25349000,,
0,2,,0.16351,0.273057,0.563433,,25135700,,
0,2,,0.126743,0.232481,0.640776,,25127600,,
0,2,,0.152815,0.289574,0.557611,,24661900,,
0,2,,0.095131,0.218601,0.686268,,24668600,,
0,2,,0.089139,0.228472,0.682389,,24428000,,
0,2,,0.079163,0.267015,0.653823,,26160900,,
0,2,,0.100541,0.303809,0.59565,,24373800,,
0,2,,0.161649,0.253675,0.584676,,24379000,,
0,2,,0.088921,0.209415,0.701664,,25876200,,
0,2,,0.145829,0.240528,0.613643,,24430900,,
0,2,,0.116582,0.16437,0.719048,,24774900,,
0,2,,0.15227,0.266704,0.581026,,24278200,,
0,2,,0.160584,0.285574,0.553842,,24192500,,
0,2,,0.221484,0.370914,0.407602,,29909400,,
0,2,,0.113312,0.126032,0.760656,,25859100,,
0,2,,0.118575,0.201875,0.67955,,26535200,,
0,2,,0.12607,0.188511,0.685419,,26077900,,
0,2,,0.13634,0.217532,0.646128,,26450700,,
0,2,,0.158862,0.309608,0.53153,,27416500,,
0,2,,0.10766,0.334395,0.557945,,25409700,,
0,2,,0.120033,0.286432,0.593535,,25985600,,
0,2,,0.139075,0.274657,0.586268,,27103700,,
0,2,,0.080466,0.225725,0.693809,,27082100,,
0,2,,0.156936,0.219324,0.62374,,26259200,,
0,2,,0.106295,0.420259,0.473446,,25848900,,
0,2,,0.141182,0.244941,0.613877,,26774700,,
0,2,,0.09826,0.20594,0.6958,,25861000,,
0,2,,0.111156,0.316526,0.572318,,27179700,,
0,2,,0.12937,0.261196,0.609434,,25751000,,
0,2,,0.152697,0.199117,0.648187,,27226000,,
0,2,,0.180906,0.249875,0.569219,,27088300,,
0,2,,0.165661,0.325439,0.5089,,26485600,,
0,2,,0.111729,0.252964,0.635307,,26464400,,
0,2,,0.132299,0.27481,0.592891,,27512100,,
0,2,,0.175284,0.238911,0.585804,,27719500,,
0,2,,0.12172,0.284572,0.593709,,24928900,,
0,2,,0.03776,0.273813,0.688428,,25335600,,
0,2,,0.155726,0.298283,0.545992,,26908100,,
0,2,,0.114092,0.298851,0.587057,,25836400,,
0,2,,0.10054,0.291575,0.607886,,25974100,,
0,2,,0.198016,0.218224,0.58376,,26602200,,
0,2,,0.148369,0.230586,0.621046,,25602900,,
0,2,,0.067946,0.360539,0.571516,,31200600,,
0,2,,0.184789,0.22614,0.589071,,36944300,,
0,2,,0.082404,0.268938,0.648658,,30268700,,
0,2,,0.164449,0.292553,0.542999,,39164800,,
0,2,,0.104667,0.276823,0.61851,,38769500,,
0,2,,0.12736,0.404115,0.468524,,34231800,,
0,2,,0.103484,0.234328,0.662188,,34873000,,
0,2,,0.092463,0.194199,0.713338,,37432700,,
0,2,,0.129768,0.269758,0.600474,,29059400,,
0,2,,0.089047,0.290769,0.620184,,30009100,,
0,2,,0.095621,0.312726,0.591654,,25864000,,
0,2,,0.093882,0.139501,0.766617,,26693700,,
0,2,,0.152175,0.378211,0.469614,,26262200,,
0,2,,0.093621,0.332214,0.574165,,27354100,,
0,2,,0.127528,0.252376,0.620096,,26681300,,
0,2,,0.127491,0.192137,0.680372,,26825200,,
0,2,,0.142705,0.336345,0.52095,,25125200,,
0,2,,0.144401,0.338189,0.517411,,25253000,,
0,2,,0.1581,0.314641,0.527259,,29517300,,
0,2,,0.08145,0.235253,0.683297,,28325100,,
0,2,,0.07596,0.280424,0.643616,,26065600,,
0,2,,0.124876,0.287698,0.587426,,27658800,,
0,2,,0.14767,0.318813,0.533517,,26494500,,
0,2,,0.12484,0.266404,0.608756,,25598600,,
0,2,,0.183827,0.270475,0.545698,,26383700,,
0,2,,0.113562,0.280028,0.606409,,26186900,,
0,2,,0.145267,0.223311,0.631421,,26218400,,
0,2,,0.177766,0.266681,0.555553,,25664100,,
0,2,,0.126826,0.366438,0.506735,,26140700,,
0,2,,0.180101,0.365596,0.454303,,25661000,,
0,2,,0.09804,0.129603,0.772357,,26852000,,
0,2,,0.131204,0.197992,0.670805,,26158800,,
0,2,,0.119515,0.255465,0.62502,,34723000,,
0,2,,0.141843,0.290367,0.56779,,25414100,,
0,2,,0.196958,0.238691,0.564351,,25797000,,
0,2,,0.06882,0.390515,0.540665,,26512600,,
0,2,,0.115749,0.357678,0.526573,,25770500,,
0,2,,0.131447,0.265445,0.603107,,26405800,,
0,2,,0.087736,0.273036,0.639228,,26321000,,
0,2,,0.115852,0.267507,0.616642,,25920900,,
0,2,,0.171677,0.264468,0.563856,,27890000,,
0,2,,0.122138,0.231585,0.646278,,25955100,,
0,2,,0.116999,0.31136,0.571641,,25387300,,
0,2,,0.146745,0.295538,0.557717,,25535200,,
0,2,,0.098208,0.274229,0.627563,,25109700,,
0,2,,0.151408,0.270234,0.578358,,24643900,,
0,2,,0.145801,0.13844,0.715759,,26176700,,
0,2,,0.146889,0.242688,0.610423,,26407400,,
0,2,,0.138957,0.268165,0.592878,,25241000,,
0,2,,0.16214,0.239425,0.598434,,25906000,,
0,2,,0.176814,0.334914,0.488273,,25453100,,
0,2,,0.186626,0.34685,0.466524,,25311700,,
0,2,,0.124538,0.244087,0.631375,,26201400,,
0,2,,0.089678,0.177156,0.733166,,28141300,,
0,2,,0.074561,0.323752,0.601687,,25761100,,
0,2,,0.115459,0.194475,0.690066,,25143900,,
0,2,,0.102242,0.27643,0.621328,,25076900,,
0,2,,0.113182,0.273389,0.613429,,29082900,,
0,2,,0.123101,0.232042,0.644857,,26615300,,
0,2,,0.15718,0.255672,0.587148,,27797300,,
0,2,,0.139236,0.230356,0.630408,,26905000,,
0,2,,0.140568,0.17736,0.682072,,26787700,,
0,2,,0.097202,0.320054,0.582743,,28166700,,
0,2,,0.140716,0.328944,0.530341,,26165800,,
0,2,,0.054588,0.257862,0.68755,,27589800,,
0,2,,0.135217,0.248776,0.616007,,27020400,,
0,2,,0.179259,0.199387,0.621354,,26045400,,
0,2,,0.11999,0.306763,0.573246,,27286800,,
0,2,,0.079628,0.330125,0.590246,,27761900,,
0,2,,0.108508,0.244456,0.647036,,26178400,,
0,2,,0.172432,0.316576,0.510992,,27462500,,
0,2,,0.109781,0.252721,0.637497,,25853600,,
0,2,,0.148103,0.178278,0.673619,,27337300,,
0,2,,0.143199,0.240609,0.616192,,28486600,,
0,2,,0.100735,0.218953,0.680312,,26801400,,
0,2,,0.152237,0.229759,0.618003,,27206400,,
0,2,,0.185672,0.284539,0.52979,,28131100,,
0,2,,0.09619,0.281943,0.621867,,25747900,,
0,2,,0.153085,0.286248,0.560666,,28124800,,
0,2,,0.105823,0.219498,0.674679,,27009800,,
0,2,,0.090722,0.223182,0.686096,,26254800,,
0,2,,0.13782,0.284662,0.577518,,26934300,,
0,2,,0.119881,0.256616,0.623504,,26174500,,
0,2,,0.093785,0.208648,0.697567,,28154900,,
0,2,,0.128908,0.357218,0.513873,,26547800,,
0,2,,0.14265,0.24532,0.61203,,26002300,,
0,2,,0.071663,0.259943,0.668394,,27766300,,
0,2,,0.153017,0.241504,0.60548,,26932300,,
0,2,,0.120892,0.270397,0.608711,,27432100,,
0,2,,0.14171,0.181815,0.676475,,26750300,,
0,2,,0.182596,0.20646,0.610944,,26366600,,
0,2,,0.070362,0.199652,0.729986,,27350200,,
0,2,,0.067889,0.15391,0.778201,,26259700,,
0,2,,0.106129,0.276146,0.617725,,26779500,,
0,2,,0.122719,0.329699,0.547582,,28105500,,
0,2,,0.15694,0.204434,0.638626,,26609400,,
0,2,,0.09815,0.260872,0.640978,,27930500,,
0,2,,0.132587,0.283787,0.583626,,27123700,,
0,2,,0.096766,0.256219,0.647015,,26590100,,
0,2,,0.138808,0.183588,0.677603,,27832500,,
0,2,,0.072711,0.200613,0.726676,,27542000,,
0,2,,0.176437,0.20025,0.623313,,25991100,,
0,2,,0.158346,0.221955,0.619699,,27179800,,
0,2,,0.066605,0.204181,0.729214,,25386300,,
0,2,,0.11328,0.230513,0.656207,,27352400,,
0,2,,0.149879,0.309768,0.540353,,26647400,,
0,2,,0.139947,0.335503,0.52455,,26489500,,
0,2,,0.101789,0.243929,0.654283,,27653600,,
0,2,,0.170315,0.335184,0.494501,,26036200,,
0,2,,0.095285,0.203136,0.701579,,26723200,,
0,2,,0.163968,0.258405,0.577628,,29120100,,
0,2,,0.15972,0.28138,0.5589,,25820600,,
0,2,,0.154435,0.290624,0.554941,,27593000,,
0,2,,0.080807,0.225144,0.694048,,26799200,,
0,2,,0.124756,0.348449,0.526795,,26991900,,
0,2,,0.128139,0.294317,0.577544,,27880400,,
0,2,,0.132188,0.313939,0.553872,,25953900,,
0,2,,0.12146,0.365998,0.512541,,26759400,,
0,2,,0.119426,0.237425,0.643149,,26695300,,
0,2,,0.138042,0.181557,0.680401,,26516400,,
0,2,,0.121986,0.158097,0.719917,,27741400,,
0,2,,0.138293,0.254976,0.606731,,26537800,,
0,2,,0.118281,0.237115,0.644605,,26817800,,
0,2,,0.150176,0.263557,0.586267,,27167700,,
0,2,,0.146192,0.171439,0.68237,,26280200,,
0,2,,0.119504,0.169139,0.711356,,29087200,,
0,2,,0.134775,0.330459,0.534766,,26544200,,
0,2,,0.092231,0.203211,0.704558,,26215300,,
0,2,,0.151851,0.283034,0.565115,,26726800,,
0,2,,0.16666,0.248131,0.585209,,25912400,,
0,2,,0.113202,0.305766,0.581032,,26824600,,
0,2,,0.132886,0.383962,0.483152,,27631700,,
0,2,,0.227245,0.31517,0.457585,,27432100,,
0,2,,0.081054,0.187532,0.731414,,28533300,,
0,2,,0.064275,0.318878,0.616848,,26451700,,
0,2,,0.118636,0.244126,0.637238,,27384200,,
0,2,,0.137935,0.271327,0.590739,,28102500,,
0,2,,0.09801,0.380693,0.521297,,26219300,,
0,2,,0.176663,0.154854,0.668483,,27385300,,
0,2,,0.143078,0.261203,0.595719,,26707500,,
0,2,,0.122351,0.324968,0.552682,,25934600,,
0,2,,0.128819,0.395793,0.475389,,27142700,,
0,2,,0.13511,0.250015,0.614875,,25982600,,
0,2,,0.094826,0.344701,0.560472,,26617400,,
0,2,,0.173209,0.233391,0.5934,,27202000,,
0,2,,0.107045,0.254572,0.638383,,25541700,,
0,2,,0.139386,0.200685,0.659929,,26528500,,
0,2,,0.092109,0.307061,0.60083,,26581500,,
0,2,,0.102147,0.278171,0.619683,,27216600,,
0,2,,0.100948,0.234535,0.664517,,26828200,,
0,2,,0.155878,0.252619,0.591504,,26525700,,
0,2,,0.139554,0.27092,0.589526,,27231800,,
0,2,,0.10985,0.265595,0.624555,,27340400,,
0,2,,0.119026,0.308125,0.572849,,26955200,,
0,2,,0.134603,0.389691,0.475706,,27482300,,
0,2,,0.158474,0.223959,0.617567,,26488100,,
0,2,,0.141215,0.249285,0.6095,,27165600,,
0,2,,0.122882,0.234671,0.642447,,28428900,,
0,2,,0.135624,0.249888,0.614489,,27109300,,
0,2,,0.197476,0.32116,0.481365,,27124800,,
0,2,,0.11172,0.277184,0.611096,,26831600,,
0,2,,0.124482,0.298778,0.57674,,26224000,,
0,2,,0.106839,0.211548,0.681614,,27823200,,
0,2,,0.134129,0.161638,0.704233,,29018100,,
0,2,,0.116452,0.324904,0.558644,,26910600,,
0,2,,0.126788,0.248485,0.624727,,26447600,,
0,2,,0.097557,0.224795,0.677648,,25711000,,
0,2,,0.10099,0.174051,0.724959,,26398700,,
0,2,,0.175053,0.316699,0.508248,,27873700,,
0,2,,0.129853,0.187126,0.683021,,26977600,,
0,2,,0.049142,0.340983,0.609875,,27822700,,
0,2,,0.084201,0.251161,0.664638,,25669900,,
