pendigits,LADTree,test,1,NANOSECONDS,PREDICTIONS, Generated by ClassifierExperiments.java on 2022-05-16 13:24:32.    SYSTEMPROPERTIES:{user.name:matth,os.arch:amd64,os.name:Windows 10},ENDSYSTEMPROPERTIES
No parameter info
0.5947296683325761,2322950200,3510403000,-1,86210496,10,,-1,-1
0,0,,0.494203,0.018588,0.011653,0.004706,0.024678,0.171281,0.013505,0.010225,0.24403,0.00713,,1858100,,
0,8,,0.09502,0.022247,0.063767,0.018733,0.092593,0.016105,0.177899,0.120798,0.354714,0.038124,,1635400,,
0,0,,0.407209,0.021932,0.00871,0.001579,0.045818,0.138703,0.01538,0.019768,0.287175,0.053726,,1637900,,
0,0,,0.457969,0.011648,0.007617,0.02676,0.012604,0.194243,0.013143,0.006399,0.247905,0.021709,,1629300,,
0,0,,0.50316,0.010684,0.004227,0.009945,0.024876,0.182078,0.009843,0.008714,0.236029,0.010445,,1636800,,
0,0,,0.509698,0.007983,0.010818,0.014953,0.012478,0.125591,0.059344,0.022625,0.227155,0.009355,,1653000,,
0,0,,0.411549,0.023791,0.047101,0.02356,0.065621,0.047472,0.046245,0.069014,0.187006,0.078641,,1627600,,
0,0,,0.415761,0.012665,0.042476,0.0241,0.043853,0.088918,0.105502,0.038922,0.18843,0.039373,,1626800,,
0,0,,0.473514,0.012916,0.011653,0.005106,0.030515,0.17953,0.023601,0.006241,0.242497,0.014427,,1631000,,
0,0,,0.524394,0.01158,0.0025,0.011,0.022872,0.218003,0.020279,0.010526,0.16063,0.018215,,1630600,,
0,0,,0.438922,0.023483,0.011617,0.000652,0.040075,0.159875,0.023465,0.007762,0.256247,0.037902,,1624500,,
0,0,,0.479223,0.005098,0.002182,0.038469,0.013766,0.155601,0.060771,0.001683,0.223,0.020208,,1624800,,
0,0,,0.40371,0.017311,0.011711,0.003333,0.025495,0.352101,0.021888,0.012898,0.134018,0.017534,,1630500,,
0,0,,0.455692,0.027555,0.015012,0,0.040539,0.226807,0.018241,0.010639,0.168737,0.036777,,1641700,,
0,0,,0.469922,0.008909,0.009613,0.01558,0.010486,0.19422,0.032469,0.00861,0.244716,0.005476,,1628100,,
0,0,,0.314079,0.008314,0.041364,0.02356,0.068631,0.197214,0.09613,0.031491,0.165785,0.053434,,1653800,,
0,0,,0.406637,0.015466,0.016853,0.000172,0.059188,0.18438,0.040818,0.015116,0.246302,0.015067,,1567300,,
0,5,,0.321835,0.026189,0.015217,0,0.055244,0.325609,0.017464,0.010003,0.203264,0.025175,,1582000,,
0,0,,0.379251,0.014069,0.012983,0,0.039536,0.348181,0.022999,0.01699,0.14818,0.01781,,1566500,,
0,0,,0.460928,0.007401,0.02,0.027196,0.033065,0.103352,0.115448,0.020956,0.183466,0.028188,,1566400,,
0,0,,0.366034,0.016162,0.01147,0.008596,0.013984,0.345187,0.019313,0.003499,0.203326,0.012429,,1566700,,
0,0,,0.328404,0.010177,0.025161,0.02485,0.038667,0.266853,0.11948,0.024504,0.129263,0.03264,,1566900,,
0,0,,0.396506,0.017502,0.010305,0.005899,0.020118,0.329687,0.018194,0.011121,0.173035,0.017633,,1570400,,
0,0,,0.355257,0.030477,0.012248,0.002424,0.029368,0.321138,0.009397,0.018315,0.211226,0.010149,,1569300,,
0,5,,0.32496,0.013716,0.014571,0,0.059221,0.373939,0.027015,0.011776,0.161605,0.013195,,1600500,,
0,0,,0.386926,0.00922,0.001616,0.020606,0.014613,0.369812,0.061161,0,0.119167,0.01688,,1569500,,
0,5,,0.31044,0.025175,0.015212,0.0002,0.079107,0.341927,0.036751,0.010997,0.169605,0.010585,,1572000,,
0,0,,0.335001,0.019904,0.005202,0.005194,0.082167,0.161164,0.112258,0.033429,0.228468,0.017212,,1569500,,
0,0,,0.491919,0.010228,0.020584,0.013141,0.018784,0.109822,0.026186,0.016294,0.290362,0.00268,,1565100,,
0,0,,0.367411,0.010476,0.009613,0.029996,0.017809,0.349353,0.013203,0.006137,0.174446,0.021556,,1566400,,
0,0,,0.452278,0.011735,0.008319,0.005516,0.032302,0.172995,0.02694,0.005904,0.277394,0.006616,,1569200,,
0,0,,0.445759,0.014331,0.001212,0.006636,0.009052,0.083337,0.131119,0.024854,0.235549,0.048151,,1572400,,
0,0,,0.469676,0.013915,0.008319,0.008046,0.011996,0.191323,0.025142,0.006359,0.256497,0.008726,,1569300,,
0,0,,0.332322,0.02245,0.00665,0.010556,0.090228,0.051904,0.165954,0.051804,0.260596,0.007535,,1569600,,
0,0,,0.5097,0.026964,0.011326,0.000263,0.022769,0.130915,0.022341,0.018376,0.219418,0.037927,,1642600,,
0,0,,0.513517,0.009562,0.002033,0.028915,0.015605,0.094281,0.027412,0.003362,0.263574,0.041738,,1569600,,
0,0,,0.483926,0.008699,0.001616,0.039721,0.011807,0.14006,0.072027,0.007798,0.211791,0.022554,,1566300,,
0,8,,0.211638,0.037105,0.049134,0.02356,0.075916,0.016927,0.06111,0.106373,0.372401,0.045837,,1571200,,
0,0,,0.442682,0.016787,0.006083,0.002222,0.084483,0.128172,0.075818,0.029457,0.197712,0.016584,,1570000,,
0,0,,0.385203,0.022793,0.010417,0,0.083895,0.234305,0.017482,0.013076,0.182004,0.050824,,1568900,,
0,8,,0.070591,0.016169,0.049056,0.020005,0.110124,0.014453,0.197052,0.197854,0.292759,0.031936,,1571500,,
0,0,,0.490309,0.013575,0.001443,0.036893,0.010915,0.177245,0.012743,0.002683,0.233787,0.020406,,1566900,,
0,0,,0.5103,0.012507,0.008488,0.010777,0.019592,0.166178,0.014075,0.008512,0.237324,0.012247,,1561200,,
0,0,,0.494581,0.007784,0.001835,0.02529,0.014112,0.136176,0.091293,0.010271,0.211657,0.007002,,1563500,,
0,0,,0.507499,0.010758,0.004381,0.012214,0.016446,0.162351,0.023724,0.005702,0.248076,0.008849,,1578300,,
0,0,,0.47617,0.012945,0.000833,0.03731,0.012072,0.172956,0.047591,0.000956,0.216193,0.022975,,1569900,,
0,0,,0.484915,0.010757,0.004227,0.008435,0.034938,0.178498,0.022721,0.004378,0.242474,0.008656,,1585700,,
0,0,,0.403616,0.035084,0.013049,0.001896,0.039446,0.201639,0.015453,0.015901,0.257333,0.016582,,1582300,,
0,0,,0.377347,0.014623,0.015012,0.008,0.067633,0.227242,0.040955,0.008548,0.200509,0.04013,,1580800,,
0,5,,0.280264,0.009061,0.013382,0.034442,0.061859,0.344488,0.070994,0.012459,0.148989,0.024062,,1577600,,
0,0,,0.455453,0.008868,0.004301,0.03754,0.015908,0.199254,0.012743,0.002776,0.242207,0.02095,,1586900,,
0,0,,0.445961,0.029008,0.010417,0.002687,0.031239,0.130001,0.01472,0.020404,0.280649,0.034914,,1583300,,
0,0,,0.521306,0.012409,0.003494,0.02052,0.014744,0.157536,0.024648,0.003396,0.233133,0.008814,,1583400,,
0,0,,0.362081,0.021826,0.011617,0.003721,0.033222,0.339185,0.01474,0.0134,0.174843,0.025363,,1610900,,
0,0,,0.384023,0.01915,0.002417,0.001591,0.067967,0.136793,0.03727,0.020248,0.237686,0.092854,,1596200,,
0,7,,0.142593,0.067983,0.021311,0.134379,0.063221,0.057663,0.101483,0.226884,0.126721,0.057762,,1592000,,
0,7,,0.015185,0.017725,0.081457,0.033552,0.172556,0.017383,0.204532,0.260967,0.169357,0.027285,,1583700,,
0,0,,0.445319,0.028645,0.014054,0.001622,0.041646,0.105468,0.009086,0.027244,0.316201,0.010716,,1586800,,
0,0,,0.483327,0.007085,0.001159,0.01256,0.010436,0.115385,0.13363,0.022286,0.200089,0.014042,,1577100,,
0,0,,0.493209,0.008276,0.004381,0.012372,0.016305,0.167596,0.031925,0.002845,0.255649,0.007441,,1575100,,
0,8,,0.267724,0.048613,0.054172,0.059512,0.066093,0.067496,0.038592,0.030768,0.32464,0.042389,,1592100,,
0,0,,0.478936,0.008411,0.001212,0.038913,0.007487,0.174855,0.047591,0.000956,0.219191,0.022448,,1577300,,
0,0,,0.37362,0.008405,0.010766,0.011675,0.013028,0.366449,0.038779,0.007226,0.154909,0.015144,,1598200,,
0,0,,0.51443,0.020891,0.007973,0.000444,0.025435,0.175245,0.014504,0.009305,0.222986,0.008786,,1580400,,
0,0,,0.448859,0.025421,0.02,0.007502,0.028186,0.124678,0.132119,0.021875,0.145962,0.045398,,1585400,,
0,0,,0.397037,0.011584,0,0.006944,0.016867,0.084939,0.13363,0.022286,0.304795,0.021919,,1593000,,
0,0,,0.382908,0.020719,0.011326,0.001622,0.072098,0.172518,0.018066,0.020716,0.258357,0.041671,,1578300,,
0,0,,0.421565,0.013626,0.012392,0.007273,0.054878,0.191676,0.039234,0.00762,0.237087,0.014649,,1578500,,
0,0,,0.529391,0.007044,0.001212,0.023158,0.016812,0.12724,0.063596,0.007998,0.215765,0.007783,,1583800,,
0,0,,0.473453,0.008558,0.00381,0.018758,0.013138,0.189467,0.05573,0.002923,0.225549,0.008615,,1585800,,
0,0,,0.541628,0.008411,0.017986,0.038913,0.010852,0.110638,0.027222,0.01773,0.205421,0.021198,,1582700,,
0,0,,0.496705,0.009557,0.00381,0.009945,0.02651,0.146641,0.05787,0.00767,0.230631,0.010662,,1572700,,
0,0,,0.463864,0.014042,0.009648,0.002829,0.01379,0.179002,0.034272,0.009017,0.263431,0.010104,,1599500,,
0,0,,0.268156,0.049996,0.063392,0.03448,0.065418,0.099377,0.063521,0.12478,0.209573,0.021308,,1585300,,
0,8,,0.340958,0.01852,0.002228,0.002703,0.044305,0.164108,0.036881,0.023261,0.34813,0.018906,,1583300,,
0,0,,0.431747,0.005418,0.011408,0.014401,0.046042,0.09627,0.154042,0.030588,0.190311,0.019773,,1584100,,
0,0,,0.473707,0.012927,0.007454,0.013656,0.0136,0.18794,0.033596,0.003445,0.243495,0.01018,,1579900,,
0,0,,0.431394,0.007647,0.004301,0.023123,0.016406,0.335328,0.03201,0.005249,0.139449,0.005094,,1581900,,
0,5,,0.288309,0.025807,0.018312,0.004554,0.085299,0.332428,0.041978,0.007754,0.181526,0.014032,,1590900,,
0,0,,0.408177,0.010359,0.002249,0.027463,0.009465,0.32886,0.03201,0.004472,0.168139,0.008805,,1578100,,
0,0,,0.427253,0.010135,0.002252,0.039706,0.017461,0.221328,0.018282,0.001999,0.208708,0.052876,,1581700,,
0,0,,0.396144,0.010276,0.010745,0.003554,0.028792,0.319575,0.020158,0.008356,0.176644,0.025757,,1581100,,
0,0,,0.385577,0.012209,0.010917,0.005106,0.025,0.287066,0.026303,0.007179,0.231014,0.009627,,1574800,,
0,0,,0.392841,0.011888,0.01114,0.02356,0.024193,0.313296,0.017243,0.00657,0.170428,0.028842,,1569200,,
0,0,,0.449249,0.021605,0.009648,0.001538,0.027752,0.168855,0.01692,0.01381,0.278828,0.011795,,1578600,,
0,0,,0.483877,0.013268,0.00354,0.022694,0.017041,0.141147,0.078471,0.005506,0.231155,0.003301,,1578200,,
0,0,,0.321333,0.02443,0.011486,0,0.080801,0.286878,0.039477,0.014697,0.210357,0.01054,,1590100,,
0,0,,0.39712,0.010288,0,0.009518,0.018192,0.092085,0.119439,0.023689,0.307026,0.022644,,1582900,,
0,0,,0.482011,0.008589,0.004301,0.03754,0.013029,0.18398,0.012743,0.002776,0.233375,0.021656,,1583300,,
0,0,,0.517066,0.009774,0.003807,0.017567,0.012982,0.172436,0.024648,0.003735,0.230788,0.007197,,1581200,,
0,0,,0.475009,0.010176,0.014571,0.007059,0.023047,0.183164,0.028264,0.006827,0.240426,0.011456,,1576700,,
0,0,,0.467124,0.010078,0.001212,0.038913,0.010237,0.148342,0.072027,0.007798,0.221738,0.022531,,1588600,,
0,0,,0.367087,0.010177,0,0.02485,0.023367,0.282772,0.087745,0.038672,0.126024,0.039307,,1577700,,
0,0,,0.37332,0.00981,0.02,0.00906,0.031476,0.251913,0.132119,0.021356,0.132558,0.018388,,1582700,,
0,0,,0.472426,0.011358,0.001026,0.036893,0.012681,0.178399,0.047591,0.00164,0.218222,0.019764,,1587500,,
0,0,,0.387311,0.013729,0.007973,0.000444,0.024683,0.333239,0.015371,0.015632,0.18713,0.014488,,1585200,,
0,0,,0.327177,0.012494,0.015072,0.005995,0.036225,0.229144,0.162771,0.021911,0.164418,0.024792,,1584200,,
0,0,,0.448495,0.011989,0.008488,0.026717,0.012291,0.194089,0.013094,0.003754,0.258908,0.022174,,1578700,,
0,0,,0.442304,0.03435,0.013613,0.00011,0.031413,0.226121,0.018351,0.011579,0.19317,0.028989,,1585000,,
0,7,,0.011149,0.046853,0.086287,0.026675,0.233412,0.017906,0.154461,0.236365,0.1047,0.082191,,1583800,,
0,0,,0.465138,0.00746,0.010544,0.017532,0.013923,0.190642,0.028545,0.006075,0.250078,0.010063,,1600100,,
0,0,,0.471164,0.013987,0.008319,0.005273,0.027888,0.188552,0.025018,0.007063,0.242821,0.009914,,1581000,,
0,0,,0.49083,0.009785,0.005417,0.004927,0.017365,0.175649,0.031481,0.009005,0.246185,0.009355,,1575900,,
0,0,,0.351889,0.024383,0.008016,0.003251,0.083263,0.089774,0.117454,0.036419,0.236321,0.04923,,1588500,,
0,0,,0.374884,0.023845,0.011711,0,0.056079,0.340643,0.005119,0.008405,0.164735,0.014578,,1583300,,
0,0,,0.440929,0.007853,0.011812,0.025304,0.037383,0.09181,0.162263,0.034017,0.181967,0.006661,,1590900,,
0,0,,0.388478,0.023201,0.012831,0.003721,0.020088,0.303543,0.011555,0.012453,0.211468,0.012662,,1578600,,
0,0,,0.498498,0.012694,0.007454,0.008495,0.01415,0.179811,0.028102,0.002154,0.239181,0.009461,,1576200,,
0,0,,0.555412,0.005222,0.020658,0.021981,0.017442,0.104451,0.038108,0.020218,0.210182,0.006328,,1585000,,
0,8,,0.238037,0.038845,0.084,0.052,0.068107,0.025587,0.075529,0.033433,0.365331,0.01913,,1580000,,
0,0,,0.469195,0.007751,0.003807,0.034068,0.012822,0.18064,0.012743,0.002338,0.254368,0.022267,,1602400,,
0,0,,0.478043,0.003303,0.001835,0.02431,0.014524,0.137506,0.089334,0.006842,0.231406,0.012896,,1577100,,
0,0,,0.417599,0.010128,0,0.027196,0.010701,0.323858,0.05502,0.000956,0.125676,0.028867,,1580000,,
0,0,,0.478425,0.013007,0.002249,0.04188,0.012427,0.170381,0.012743,0.001999,0.245353,0.021535,,1578400,,
0,0,,0.372171,0.014766,0.008319,0.024547,0.024257,0.302711,0.013237,0.005173,0.212212,0.022608,,1573200,,
0,0,,0.422189,0.016267,0.011653,0.001509,0.025382,0.289542,0.01164,0.009988,0.200404,0.011425,,1590100,,
0,5,,0.303517,0.018936,0.012235,0.007767,0.066246,0.316697,0.037381,0.015635,0.210198,0.011389,,1572700,,
0,0,,0.40965,0.032596,0.019034,0.000652,0.062303,0.264152,0.017429,0.013893,0.150619,0.029671,,1590800,,
0,0,,0.41316,0.01825,0.007973,0.007462,0.016789,0.146461,0.018178,0.006002,0.321435,0.04429,,1578300,,
0,0,,0.418608,0.014031,0.001251,0.020768,0.014776,0.345319,0.017734,0.002447,0.150537,0.01453,,1591100,,
0,5,,0.344178,0.018242,0.010917,0.007273,0.029206,0.354395,0.029414,0.008357,0.174081,0.023936,,1577900,,
0,0,,0.296433,0.01619,0.029169,0.006631,0.091646,0.054248,0.177651,0.06839,0.20897,0.050672,,1584000,,
0,5,,0.280155,0.015183,0.013243,0.008,0.04849,0.418529,0.045414,0.009487,0.15126,0.010239,,1578200,,
0,0,,0.38243,0.018825,0.014523,0.000842,0.040518,0.295075,0.013243,0.021551,0.205844,0.007151,,1577700,,
0,0,,0.510192,0.007545,0.000635,0.035623,0.020278,0.129323,0.046727,0.007003,0.219226,0.023449,,1573700,,
0,0,,0.387727,0.013448,0.01339,0.005106,0.025266,0.294809,0.026965,0.008275,0.210457,0.014557,,1588500,,
0,0,,0.524851,0.011449,0.009613,0.007727,0.012083,0.164194,0.031142,0.009052,0.220957,0.008933,,1578400,,
0,0,,0.431687,0.029369,0.00871,0.002681,0.049483,0.130682,0.027069,0.020265,0.257956,0.042099,,1579200,,
0,0,,0.463384,0.00528,0,0.030456,0.024546,0.083231,0.087745,0.036091,0.218014,0.051253,,1578800,,
0,0,,0.408873,0.016584,0.02137,0.006897,0.050093,0.172001,0.121219,0.028875,0.146841,0.027248,,1600000,,
0,0,,0.40384,0.010515,0.021212,0.009212,0.030362,0.204163,0.126333,0.023879,0.153441,0.017043,,1583600,,
0,0,,0.476778,0.00428,0.001212,0.019848,0.032312,0.110062,0.103547,0.037635,0.202658,0.011667,,1573000,,
0,8,,0.335892,0.011785,0.01056,0.009533,0.041033,0.118845,0.060626,0.012203,0.388648,0.010874,,1578900,,
0,0,,0.505998,0.006933,0.004301,0.03754,0.012679,0.165422,0.012743,0.002776,0.230001,0.021608,,1577200,,
0,5,,0.302693,0.020728,0.011832,0.003908,0.076705,0.313888,0.036216,0.015366,0.202006,0.016658,,1570600,,
0,0,,0.485635,0.010758,0.010544,0.005244,0.016893,0.193154,0.017211,0.005141,0.239617,0.015806,,1584500,,
0,0,,0.383982,0.011779,0.000541,0.0241,0.024918,0.090188,0.087745,0.037713,0.271785,0.067249,,1579200,,
0,0,,0.410606,0.018482,0.013274,0,0.024767,0.227641,0.013591,0.018556,0.235227,0.037855,,1577100,,
0,0,,0.493222,0.02561,0.013274,0.004396,0.029626,0.148946,0.034651,0.011434,0.196049,0.042792,,1581600,,
0,0,,0.354176,0.007083,0.00354,0.018687,0.061245,0.268274,0.104271,0.0228,0.148933,0.010991,,1581000,,
0,0,,0.407816,0.006553,0.034736,0.009502,0.068847,0.070847,0.140472,0.046687,0.161854,0.052687,,1578900,,
0,0,,0.317563,0.016773,0.010612,0.007059,0.061731,0.301018,0.045389,0.011628,0.217948,0.010281,,1580600,,
0,0,,0.512948,0.013724,0.005474,0.012175,0.029814,0.175731,0.005629,0.004716,0.232708,0.007081,,1575900,,
0,0,,0.481761,0.012945,0.000833,0.03731,0.012072,0.153386,0.060771,0.000956,0.216992,0.022975,,1574800,,
0,0,,0.485174,0.007664,0.001616,0.039721,0.008295,0.153339,0.060771,0.000956,0.219612,0.022852,,1573700,,
0,0,,0.382816,0.017693,0.009648,0.008205,0.023246,0.33331,0.019218,0.013986,0.180264,0.011614,,1585900,,
0,0,,0.498132,0.014918,0.008488,0.007444,0.017574,0.178933,0.024075,0.005655,0.235321,0.009461,,1581900,,
0,0,,0.471791,0.013227,0.001443,0.036893,0.012935,0.194204,0.012743,0.002683,0.233476,0.020603,,1580600,,
0,0,,0.357556,0.016041,0.008319,0.006411,0.022258,0.34368,0.029908,0.005573,0.199442,0.010813,,1576000,,
0,0,,0.418232,0.0129,0.013613,0.005161,0.023596,0.279244,0.034048,0.006906,0.193357,0.012943,,1581000,,
0,0,,0.466011,0.00951,0,0.012779,0.011602,0.212372,0.066857,0.003429,0.172486,0.044954,,1575500,,
0,0,,0.498067,0.014289,0.014571,0.004286,0.020164,0.168023,0.02557,0.007438,0.237272,0.01032,,1582000,,
0,0,,0.485223,0.008382,0.003807,0.034068,0.022784,0.174183,0.013528,0.002927,0.23384,0.021258,,1573500,,
0,0,,0.369962,0.014111,0.010917,0,0.030764,0.340289,0.019427,0.015267,0.184482,0.01478,,1577400,,
0,0,,0.393498,0.008969,0.004301,0.03754,0.01313,0.354149,0.019513,0.002776,0.137133,0.028991,,1577900,,
0,5,,0.322361,0.016766,0.012248,0.006667,0.042135,0.375322,0.018682,0.014305,0.174461,0.017053,,1588300,,
0,0,,0.421066,0.02379,0.012248,0,0.072223,0.249293,0.016242,0.012266,0.166089,0.026783,,1596100,,
0,0,,0.395707,0.022175,0.010417,0,0.066332,0.225632,0.015881,0.01574,0.203321,0.044796,,1595000,,
0,0,,0.474798,0.012753,0.010305,0.002189,0.027277,0.182691,0.032351,0.005813,0.240713,0.01111,,1573700,,
0,0,,0.439269,0.015734,0.015808,0.03356,0.038806,0.119544,0.089893,0.0154,0.207253,0.024733,,1579200,,
0,0,,0.372975,0.026996,0.016681,0,0.029494,0.339378,0.019328,0.009455,0.168855,0.016837,,1581500,,
0,0,,0.520132,0.007054,0.004227,0.021189,0.013007,0.168615,0.026643,0.004995,0.224529,0.009609,,1579000,,
0,5,,0.27051,0.033057,0.041364,0.02356,0.063125,0.296501,0.09613,0.029365,0.119341,0.027049,,1574700,,
0,0,,0.342535,0.016734,0.004551,0.008643,0.099415,0.093776,0.05745,0.029723,0.312896,0.034277,,1581100,,
0,0,,0.526904,0.010719,0.001212,0.010272,0.013294,0.204687,0.07169,0.001356,0.128831,0.031035,,1584100,,
0,0,,0.324437,0.017928,0.023433,0.012652,0.060439,0.163187,0.118718,0.056233,0.174135,0.048837,,1604600,,
0,0,,0.385494,0.011295,0.007617,0.02676,0.013792,0.358953,0.013143,0.006399,0.155262,0.021283,,1602800,,
0,0,,0.473244,0.007203,0.004523,0.03754,0.017345,0.186372,0.012743,0.002998,0.235939,0.022091,,1573500,,
0,5,,0.351765,0.024365,0.010523,0.000842,0.02776,0.382521,0.019528,0.006615,0.165477,0.010603,,1579200,,
0,0,,0.513398,0.012204,0.00304,0.039297,0.007673,0.182617,0.012743,0.001999,0.20586,0.021168,,1576600,,
0,0,,0.3493,0.010085,0.018246,0.024131,0.027318,0.266468,0.142729,0.016355,0.108987,0.036382,,1578000,,
0,0,,0.391346,0.013428,0.014062,0.003128,0.100658,0.168702,0.048869,0.014215,0.233163,0.012428,,1579700,,
0,0,,0.50828,0.010053,0.008488,0.026717,0.010649,0.167933,0.013094,0.003754,0.228889,0.022143,,1576100,,
0,0,,0.379356,0.00887,0,0.02606,0.015966,0.304537,0.072027,0.007798,0.153129,0.032257,,1580600,,
0,0,,0.43955,0.015376,0.009648,0.003701,0.043208,0.1705,0.014534,0.014742,0.275268,0.013474,,1578700,,
0,0,,0.415035,0.022419,0.010523,0.000842,0.061602,0.203422,0.030343,0.006096,0.238737,0.010982,,1585700,,
0,0,,0.495407,0.010503,0.010544,0.015285,0.01078,0.182261,0.026977,0.005894,0.231027,0.011324,,1591600,,
0,0,,0.557424,0.013439,0.0178,0.014624,0.014935,0.104248,0.045161,0.021329,0.205537,0.005503,,1577100,,
0,0,,0.472859,0.039879,0.067241,0.070839,0.05953,0.02396,0.028004,0.042674,0.154237,0.040776,,1579700,,
0,7,,0.010628,0.090473,0.092167,0.096124,0.178883,0.064222,0.137238,0.197103,0.034205,0.098959,,1581500,,
0,5,,0.326677,0.012586,0.008488,0.026717,0.025985,0.359471,0.013094,0.003754,0.188569,0.034659,,1579200,,
0,0,,0.477851,0.010465,0.004227,0.031995,0.01228,0.18713,0.012743,0.003632,0.237742,0.021936,,1580400,,
0,0,,0.513608,0.014804,0.0025,0.023754,0.010817,0.149379,0.068919,0.002319,0.202444,0.011457,,1581600,,
0,8,,0.298885,0.0176,0.006583,0.002807,0.108832,0.1096,0.076353,0.033604,0.316556,0.02918,,1580300,,
0,8,,0.081733,0.042884,0.067109,0.055798,0.090609,0.017527,0.059089,0.145583,0.420617,0.01905,,1570600,,
0,0,,0.450427,0.005423,0.014444,0.030456,0.033681,0.12197,0.089893,0.0154,0.213365,0.024939,,1594200,,
0,0,,0.376764,0.018246,0.002922,0.002407,0.06897,0.128051,0.075876,0.02197,0.29741,0.007385,,1583100,,
0,0,,0.379432,0.016865,0.008319,0.005273,0.019689,0.344161,0.024218,0.006863,0.185487,0.009693,,1578300,,
0,0,,0.49726,0.01083,0.007454,0.010392,0.017976,0.165593,0.024648,0.004896,0.251963,0.008989,,1574600,,
0,0,,0.486117,0.009439,0.003807,0.034068,0.011155,0.175343,0.012743,0.002338,0.244194,0.020795,,1577900,,
0,0,,0.44417,0.014343,0.013049,0.009552,0.04015,0.238788,0.02999,0.006072,0.18075,0.023137,,1574500,,
0,0,,0.399684,0.01485,0.020846,0.000187,0.083961,0.173164,0.044131,0.012487,0.234689,0.016001,,1587800,,
0,0,,0.465399,0.00746,0.004381,0.012456,0.025135,0.185963,0.026446,0.004355,0.261494,0.006909,,1575300,,
0,0,,0.332386,0.020736,0.010996,0.001622,0.043646,0.182674,0.019734,0.016535,0.274161,0.09751,,1574800,,
0,0,,0.450298,0.013317,0.003077,0.020479,0.016338,0.269017,0.039075,0.001404,0.176137,0.010858,,1575700,,
0,0,,0.51636,0.005594,0.004381,0.01748,0.016151,0.162779,0.023788,0.002845,0.243463,0.007159,,1592400,,
0,0,,0.423146,0.012752,0.036814,0.005161,0.065738,0.00962,0.092532,0.050619,0.260485,0.043131,,1586600,,
0,0,,0.499792,0.018285,0.007973,0.00473,0.014084,0.175924,0.024168,0.007456,0.236758,0.010829,,1576300,,
0,0,,0.444281,0.01243,0.01147,0.014333,0.014104,0.189596,0.029022,0.004615,0.268697,0.011452,,1573300,,
0,0,,0.355319,0.018533,0.013608,0.003412,0.058201,0.307387,0.058455,0.017507,0.158766,0.008813,,1582100,,
0,0,,0.475784,0.010205,0.007454,0.004689,0.018063,0.192386,0.028058,0.007578,0.238788,0.016994,,1573300,,
0,0,,0.502803,0.012413,0.007454,0.008495,0.014921,0.183497,0.028102,0.002154,0.229517,0.010643,,1576100,,
0,0,,0.442885,0.010935,0.015294,0.026009,0.036067,0.091127,0.113683,0.032361,0.201025,0.030615,,1580400,,
0,0,,0.428669,0.016117,0.015217,0.007475,0.031442,0.188852,0.028926,0.007461,0.265663,0.010179,,1575800,,
0,0,,0.486552,0.009819,0.007617,0.012343,0.018987,0.169465,0.03241,0.008872,0.247864,0.006071,,1595800,,
0,0,,0.342091,0.035181,0.015012,0.001633,0.031094,0.301736,0.016405,0.01505,0.233036,0.008761,,1576300,,
0,0,,0.502605,0.013893,0.02304,0.005142,0.066196,0.066881,0.08911,0.043274,0.147495,0.042364,,1585100,,
0,0,,0.409654,0.010751,0.009648,0.025098,0.033323,0.19137,0.023547,0.006251,0.259764,0.030592,,1583100,,
0,0,,0.503194,0.007729,0.001832,0.04188,0.013219,0.150636,0.034085,0.000956,0.225449,0.02102,,1582600,,
0,0,,0.475697,0.008892,0.001364,0.03356,0.013308,0.176245,0.047591,0.000956,0.215549,0.026839,,1577100,,
0,0,,0.400239,0.017545,0.013305,0.007619,0.071677,0.172639,0.03345,0.012014,0.253468,0.018044,,1576200,,
0,8,,0.202165,0.014092,0.023971,0.006075,0.10767,0.045721,0.155371,0.03459,0.374911,0.035432,,1581000,,
0,0,,0.36197,0.022732,0.011326,0.003721,0.01361,0.3431,0.016362,0.015734,0.187527,0.023917,,1586200,,
0,0,,0.445559,0.01584,0.008319,0.005432,0.012864,0.190798,0.032419,0.004006,0.274356,0.010407,,1585000,,
0,0,,0.505236,0.018191,0.011972,0.002566,0.026329,0.159722,0.006528,0.005276,0.256791,0.007391,,1597300,,
0,0,,0.504306,0.012184,0.007973,0.009587,0.011387,0.217517,0.032787,0.008027,0.172335,0.023895,,1577700,,
0,0,,0.51096,0.012013,0.01147,0.006685,0.010198,0.174964,0.022598,0.003798,0.23903,0.008283,,1580700,,
0,0,,0.432086,0.021213,0.015331,0,0.046929,0.190427,0.006201,0.02155,0.245272,0.02099,,1588900,,
0,0,,0.45957,0.024578,0.02137,0.011221,0.041954,0.084014,0.133002,0.02888,0.18471,0.010701,,1578000,,
0,0,,0.373485,0.008982,0.010688,0.011675,0.045954,0.352493,0.04686,0.007291,0.131413,0.011159,,1578100,,
0,0,,0.3384,0.01679,0.012,0.02356,0.045623,0.223914,0.102448,0.038931,0.16363,0.034703,,1577500,,
0,0,,0.295806,0.024199,0.037689,0.009283,0.088055,0.016402,0.152615,0.067841,0.282281,0.025828,,1577800,,
0,0,,0.440362,0.013484,0.01147,0.001579,0.032051,0.18674,0.009456,0.011905,0.284315,0.008639,,1575300,,
0,0,,0.464377,0.018097,0.008319,0.00826,0.014608,0.188704,0.024607,0.006915,0.258836,0.007277,,1597100,,
0,7,,0.038717,0.022412,0.081454,0.010371,0.158715,0.009143,0.18022,0.245015,0.22074,0.033213,,1581900,,
0,0,,0.399107,0.017844,0.011653,0.003333,0.035315,0.320351,0.014093,0.012073,0.17368,0.01255,,1579200,,
0,0,,0.487357,0.008087,0.003807,0.017567,0.010574,0.184353,0.024648,0.003735,0.250376,0.009495,,1581900,,
0,0,,0.46676,0.006667,0.015278,0.02875,0.037763,0.106485,0.105694,0.016944,0.207106,0.008553,,1577500,,
0,0,,0.374553,0.032492,0.015217,0,0.029903,0.337386,0.008395,0.012548,0.177409,0.012095,,1576600,,
1,1,,0.021309,0.462091,0.026399,0.026614,0.103906,0.022324,0.067004,0.109133,0.024446,0.136774,,1581000,,
1,3,,0.009539,0.072481,0.204079,0.317888,0.043144,0.126539,0.011487,0.052126,0.027151,0.135566,,1577200,,
1,1,,0.027988,0.249857,0.028707,0.037276,0.147067,0.017664,0.107142,0.146288,0.045023,0.192988,,1576200,,
1,3,,0.01725,0.125012,0.176583,0.27802,0.018188,0.123553,0.008582,0.050227,0.034861,0.167725,,1579500,,
1,1,,0.028954,0.322381,0.023038,0.038312,0.146151,0.014079,0.100468,0.116201,0.037198,0.173218,,1589300,,
1,2,,0.021395,0.204161,0.257814,0.176129,0.021676,0.087968,0.011792,0.058388,0.031486,0.129191,,1585800,,
1,2,,0.007812,0.158794,0.282014,0.111038,0.086335,0.06637,0.048368,0.116942,0.038803,0.083525,,1579600,,
1,2,,0.013783,0.165084,0.267068,0.205135,0.033949,0.09965,0.024367,0.06729,0.026859,0.096815,,1580900,,
1,1,,0.0138,0.363002,0.049119,0.034349,0.155862,0.019706,0.085638,0.118694,0.023259,0.136571,,1576200,,
1,1,,0.013303,0.327691,0.028524,0.009143,0.132351,0.010033,0.10106,0.172604,0.039124,0.166169,,1574000,,
1,1,,0.015647,0.444084,0.026705,0.031039,0.110136,0.016995,0.065816,0.101836,0.027005,0.160737,,1576800,,
1,7,,0.02599,0.138737,0.03027,0.016081,0.183452,0.004081,0.121128,0.229049,0.070562,0.18065,,1579600,,
1,1,,0.019178,0.2911,0.040953,0.036135,0.122272,0.07083,0.101842,0.114821,0.022831,0.180039,,1578600,,
1,2,,0.012388,0.219112,0.250052,0.170523,0.019119,0.092402,0.013352,0.053875,0.034485,0.134691,,1606700,,
1,1,,0.009749,0.293201,0.110801,0.030049,0.09831,0.049213,0.100584,0.107613,0.017617,0.182863,,1582200,,
1,3,,0.020735,0.147141,0.104439,0.311879,0.016546,0.09409,0.016169,0.024885,0.043196,0.22092,,1581700,,
1,2,,0.010996,0.153304,0.266257,0.218243,0.043356,0.112002,0.008545,0.080195,0.026158,0.080943,,1582800,,
1,1,,0.036012,0.347191,0.049466,0.039675,0.050946,0.040472,0.131312,0.060516,0.031407,0.213003,,1588700,,
1,2,,0.007227,0.135251,0.317096,0.199049,0.045785,0.114511,0.029319,0.057985,0.03321,0.060568,,1580300,,
1,1,,0.011445,0.318968,0.059099,0.021958,0.143052,0.028444,0.085262,0.13665,0.031029,0.164093,,1576500,,
1,1,,0.019987,0.276783,0.026176,0.009622,0.142948,0.03465,0.114876,0.133023,0.028008,0.213927,,1577300,,
1,1,,0.011953,0.286026,0.045188,0.00897,0.090074,0.080225,0.11221,0.069713,0.027609,0.268031,,1578000,,
1,1,,0.019439,0.310109,0.042481,0.028697,0.145413,0.01793,0.092855,0.098232,0.02887,0.215974,,1580500,,
1,2,,0.005605,0.154286,0.317847,0.176238,0.050203,0.096502,0.015165,0.079136,0.020326,0.084691,,1599800,,
1,1,,0.011467,0.371466,0.028378,0.044607,0.138067,0.015637,0.096514,0.124455,0.023562,0.145846,,1580500,,
1,1,,0.019212,0.229974,0.032258,0.023112,0.16338,0.015965,0.109485,0.158213,0.043132,0.205269,,1577700,,
1,3,,0.021732,0.125064,0.187127,0.269315,0.023408,0.115073,0.011884,0.061321,0.044791,0.140286,,1582400,,
1,1,,0.01871,0.43628,0.027303,0.037276,0.11553,0.016735,0.062318,0.102766,0.030515,0.152566,,1588200,,
1,1,,0.040376,0.320265,0.023038,0.033751,0.145193,0.017603,0.093898,0.114395,0.037246,0.174236,,1579200,,
1,1,,0.013596,0.243172,0.233577,0.179227,0.018111,0.091347,0.01692,0.047351,0.030082,0.126618,,1575700,,
1,1,,0.014513,0.244731,0.231595,0.178787,0.014401,0.092028,0.017283,0.04909,0.029724,0.127848,,1571700,,
1,1,,0.019626,0.286914,0.046919,0.041696,0.097462,0.071941,0.115903,0.114631,0.031646,0.173261,,1582900,,
1,1,,0.017792,0.263894,0.139215,0.187036,0.040028,0.063149,0.077603,0.081337,0.025996,0.10395,,1597300,,
1,1,,0.011967,0.452211,0.027303,0.037276,0.099565,0.016011,0.064671,0.106043,0.026256,0.158697,,1578600,,
1,2,,0.002276,0.149347,0.281893,0.106786,0.076985,0.085679,0.058478,0.106395,0.038124,0.094038,,1577400,,
1,1,,0.018039,0.316879,0.026826,0.051298,0.141529,0.026733,0.08965,0.111662,0.033117,0.184268,,1572500,,
1,1,,0.008384,0.356387,0.036554,0.037689,0.127378,0.013778,0.100899,0.12727,0.034279,0.157383,,1578900,,
1,1,,0.01614,0.281146,0.104847,0.041505,0.065867,0.05468,0.133809,0.085133,0.027424,0.189448,,1591600,,
1,1,,0.015095,0.230429,0.096367,0.170633,0.028531,0.105057,0.087375,0.085595,0.039246,0.141671,,1578900,,
1,1,,0.007622,0.368686,0.029252,0.02671,0.127168,0.03938,0.102583,0.132603,0.030719,0.135278,,1580800,,
1,3,,0.015116,0.160262,0.165911,0.276639,0.011598,0.113533,0.008523,0.055869,0.040071,0.152478,,1579000,,
1,1,,0.019723,0.287977,0.041116,0.047058,0.092807,0.066521,0.117346,0.095257,0.035068,0.197127,,1579100,,
1,1,,0.041145,0.219799,0.023038,0.028186,0.203526,0.011109,0.114901,0.127941,0.055416,0.174938,,1596000,,
1,1,,0.043144,0.224046,0.03907,0.02907,0.151358,0.00567,0.142404,0.161278,0.047109,0.156851,,1575700,,
1,3,,0.008995,0.12752,0.165017,0.262635,0.016241,0.11294,0.015308,0.072192,0.043573,0.175579,,1576700,,
1,1,,0.019852,0.211988,0.02974,0.030596,0.189442,0.014833,0.136994,0.143061,0.039109,0.184385,,1580300,,
1,1,,0.012514,0.329326,0.023636,0.037276,0.188904,0.01671,0.075152,0.116797,0.033505,0.166181,,1570900,,
1,1,,0.017163,0.302354,0.085645,0.035762,0.067904,0.080318,0.072466,0.118628,0.031099,0.18866,,1580500,,
1,9,,0.034014,0.198514,0.03027,0.016993,0.186458,0.004963,0.10849,0.16571,0.047678,0.206909,,1592100,,
1,1,,0.021118,0.249373,0.024785,0.039912,0.149047,0.019384,0.114038,0.148566,0.030878,0.202898,,1581800,,
1,1,,0.024264,0.258385,0.029099,0.029425,0.153412,0.013938,0.108343,0.152732,0.043755,0.186646,,1576900,,
1,2,,0.010692,0.165686,0.310118,0.123156,0.082045,0.074868,0.018379,0.102929,0.023564,0.088562,,1604800,,
1,2,,0.006878,0.144478,0.268907,0.096177,0.060221,0.070587,0.084726,0.114336,0.06509,0.088601,,1574500,,
1,2,,0.01233,0.161153,0.25594,0.190698,0.024134,0.09662,0.013177,0.066912,0.034675,0.144361,,1575700,,
1,3,,0.017854,0.149944,0.186476,0.274204,0.029251,0.110607,0.019337,0.050628,0.031317,0.13038,,1577300,,
1,1,,0.017032,0.227977,0.174732,0.173431,0.050682,0.075401,0.05829,0.075964,0.034609,0.111883,,1575800,,
1,3,,0.007806,0.086866,0.217462,0.26385,0.064039,0.109033,0.017518,0.076722,0.035864,0.120841,,1581500,,
1,2,,0.012886,0.221909,0.226723,0.195352,0.017314,0.098533,0.014997,0.063126,0.02917,0.11999,,1579500,,
1,1,,0.032959,0.440833,0.031892,0.034729,0.079988,0.017293,0.0713,0.100062,0.032527,0.158415,,1664900,,
1,2,,0.006232,0.120869,0.344032,0.183765,0.047175,0.088753,0.017748,0.085081,0.042091,0.064255,,1580500,,
1,1,,0.045097,0.310776,0.040195,0.019212,0.109607,0.011826,0.146801,0.12066,0.046553,0.149272,,1574300,,
1,3,,0.015417,0.159658,0.18764,0.262551,0.016711,0.094915,0.013156,0.052935,0.049745,0.147272,,1601400,,
1,9,,0.017007,0.186591,0.117051,0.058626,0.06187,0.078023,0.11599,0.106544,0.019103,0.239195,,1575900,,
1,2,,0.013508,0.1372,0.232124,0.143746,0.008195,0.075681,0.029296,0.076122,0.053991,0.230137,,1574100,,
1,3,,0.017074,0.084711,0.129728,0.31177,0.022737,0.123318,0.021277,0.065354,0.038212,0.185819,,1578900,,
1,1,,0.032464,0.452784,0.022379,0.051504,0.068262,0.016924,0.078541,0.102186,0.028056,0.1469,,1575800,,
1,1,,0.032458,0.294162,0.041112,0.01702,0.121666,0.062488,0.120881,0.113865,0.028858,0.16749,,1582000,,
1,1,,0.011574,0.228147,0.204008,0.09697,0.013518,0.076988,0.010663,0.112026,0.041781,0.204326,,1572000,,
1,2,,0.016103,0.228207,0.235015,0.162332,0.026024,0.092326,0.02526,0.067901,0.029251,0.117581,,1586800,,
1,2,,0.023113,0.146619,0.253751,0.09938,0.071894,0.049052,0.063295,0.121208,0.078366,0.093321,,1578500,,
1,2,,0.008525,0.148065,0.249736,0.108917,0.06113,0.068289,0.107749,0.103091,0.066429,0.07807,,1593700,,
1,2,,0.011713,0.182383,0.267959,0.174792,0.021889,0.101702,0.019456,0.066263,0.029534,0.124307,,1576900,,
1,1,,0.022663,0.241479,0.024176,0.033101,0.111612,0.084445,0.125339,0.091822,0.031429,0.233934,,1579600,,
1,1,,0.0198,0.222313,0.176457,0.195455,0.061636,0.082814,0.049835,0.060834,0.031296,0.09956,,1576000,,
1,1,,0.021197,0.368298,0.049306,0.034969,0.077144,0.038263,0.112285,0.065205,0.024756,0.208577,,1579000,,
1,1,,0.028643,0.203591,0.032549,0.035713,0.159947,0.021198,0.156902,0.140214,0.042605,0.178638,,1587400,,
1,9,,0.014309,0.24132,0.077539,0.0426,0.061767,0.105386,0.071609,0.099409,0.044527,0.241535,,1573900,,
1,1,,0.030769,0.292864,0.041113,0.017575,0.129059,0.060548,0.107415,0.121175,0.036657,0.162825,,1577400,,
1,1,,0.026077,0.250899,0.023662,0.021724,0.105327,0.038548,0.126149,0.156162,0.044186,0.207266,,1579900,,
1,1,,0.026155,0.248811,0.039176,0.015812,0.135777,0.079761,0.114517,0.121553,0.026535,0.191902,,1577800,,
1,1,,0.01282,0.232538,0.021768,0.044497,0.203482,0.015127,0.106051,0.165932,0.027964,0.169821,,1599000,,
1,2,,0.010867,0.170612,0.298682,0.22777,0.018555,0.099209,0.003301,0.072046,0.024625,0.074334,,1581800,,
1,1,,0.010442,0.46279,0.044831,0.030669,0.067271,0.039513,0.06229,0.12287,0.019853,0.13947,,1577600,,
1,1,,0.017143,0.226236,0.174954,0.174134,0.050978,0.074624,0.05829,0.075593,0.035349,0.112698,,1579000,,
1,1,,0.016905,0.249905,0.034431,0.014738,0.143973,0.034862,0.101986,0.154253,0.047546,0.201403,,1578500,,
1,9,,0.021822,0.233374,0.092655,0.016334,0.070789,0.096146,0.077675,0.108059,0.024476,0.258669,,1578700,,
1,1,,0.028349,0.372027,0.034536,0.031252,0.1028,0.01829,0.107788,0.129033,0.03976,0.136166,,1575900,,
1,1,,0.03371,0.253671,0.031979,0.039148,0.149094,0.017289,0.105908,0.16054,0.058587,0.150075,,1641000,,
1,1,,0.032198,0.349339,0.049465,0.037061,0.053019,0.039918,0.137426,0.058003,0.030698,0.212874,,1576000,,
1,1,,0.009356,0.233262,0.181355,0.140454,0.020357,0.087252,0.01917,0.081263,0.034186,0.193346,,1604000,,
1,2,,0.010596,0.156921,0.279291,0.112315,0.077793,0.074426,0.035024,0.108654,0.066265,0.078715,,1578500,,
1,1,,0.014976,0.255253,0.033919,0.026546,0.15313,0.018872,0.10501,0.153723,0.032633,0.205939,,1576800,,
1,2,,0.022807,0.104086,0.250788,0.162097,0.059565,0.057484,0.105024,0.096431,0.057561,0.084157,,1585200,,
1,1,,0.007872,0.37153,0.048348,0.032148,0.147266,0.026523,0.087206,0.125498,0.018983,0.134624,,1576500,,
1,1,,0.020595,0.474821,0.022543,0.038775,0.102572,0.01618,0.06261,0.102639,0.023588,0.135677,,1578100,,
1,1,,0.021167,0.36481,0.031723,0.03002,0.105895,0.028016,0.125046,0.129186,0.030912,0.133227,,1573100,,
1,3,,0.01312,0.111473,0.181847,0.335407,0.0174,0.112246,0.007862,0.065551,0.031657,0.123438,,1577000,,
1,1,,0.012324,0.458841,0.028002,0.022857,0.084666,0.033885,0.065775,0.138988,0.01774,0.136924,,2162200,,
1,3,,0.012021,0.118649,0.186865,0.319976,0.031517,0.106781,0.009959,0.061787,0.02302,0.129426,,2233300,,
1,2,,0.013633,0.199018,0.296294,0.192152,0.028966,0.098773,0.005932,0.052801,0.019207,0.093223,,1585600,,
1,2,,0.011705,0.105496,0.216713,0.168653,0.080556,0.069971,0.057053,0.107227,0.065742,0.116883,,1582000,,
1,3,,0.014389,0.150957,0.179816,0.267802,0.021808,0.110574,0.008963,0.073239,0.034069,0.138384,,1587500,,
1,1,,0.025134,0.253002,0.024348,0.018032,0.115981,0.050346,0.141923,0.130403,0.04656,0.194271,,1588500,,
1,1,,0.02954,0.436159,0.021784,0.050253,0.0704,0.029025,0.090899,0.105336,0.02304,0.143564,,1568700,,
1,1,,0.017306,0.228148,0.024626,0.027427,0.19789,0.019924,0.081234,0.16662,0.024023,0.212801,,1579900,,
1,1,,0.008312,0.357454,0.078074,0.038764,0.098617,0.029091,0.096438,0.119862,0.028085,0.145302,,1578000,,
1,1,,0.020962,0.417974,0.022455,0.009678,0.092414,0.014012,0.065265,0.148096,0.033137,0.176007,,1584400,,
1,2,,0.019776,0.160352,0.256981,0.192019,0.061532,0.084925,0.033228,0.061199,0.019346,0.110641,,1591800,,
1,1,,0.019237,0.349995,0.050556,0.042499,0.055586,0.040683,0.136186,0.066667,0.032239,0.206352,,1580400,,
1,4,,0.030251,0.210023,0.029474,0.020254,0.216272,0.013135,0.102741,0.135138,0.049617,0.193095,,1587900,,
1,1,,0.030791,0.447318,0.030333,0.037579,0.08393,0.014282,0.064944,0.110167,0.028444,0.152211,,1583100,,
1,1,,0.00761,0.337979,0.023503,0.009396,0.14412,0.011458,0.101584,0.167253,0.038551,0.158547,,1579700,,
1,1,,0.029957,0.336803,0.017843,0.046512,0.136054,0.02262,0.095796,0.118591,0.031454,0.16437,,1580800,,
1,1,,0.026147,0.238878,0.024648,0.033213,0.21152,0.016878,0.098967,0.136651,0.031128,0.181971,,1576700,,
1,7,,0.040992,0.107449,0.028177,0.009508,0.124217,0.035323,0.134255,0.229105,0.106846,0.184129,,1581800,,
1,1,,0.033728,0.433579,0.030493,0.037291,0.072962,0.01639,0.087861,0.094165,0.041338,0.152193,,1581900,,
1,1,,0.022443,0.31043,0.034287,0.011923,0.13835,0.01199,0.103808,0.169296,0.039252,0.158222,,1613600,,
1,2,,0.010237,0.219225,0.268313,0.159557,0.020651,0.072754,0.029903,0.07243,0.029214,0.117716,,1602100,,
1,1,,0.019859,0.454367,0.031892,0.031396,0.085088,0.01616,0.063,0.099029,0.040027,0.159182,,1582800,,
1,1,,0.013412,0.351511,0.032395,0.022747,0.134045,0.029974,0.118105,0.130844,0.030935,0.136033,,1579600,,
1,1,,0.029617,0.271681,0.023655,0.013676,0.114679,0.041782,0.11021,0.102008,0.043741,0.248951,,1581100,,
1,9,,0.01748,0.234298,0.163723,0.143888,0.036202,0.082842,0.011355,0.045485,0.028753,0.235975,,1581100,,
1,2,,0.011455,0.183731,0.238855,0.213095,0.017705,0.095574,0.012465,0.059945,0.02452,0.142655,,1591200,,
1,1,,0.011222,0.35252,0.05154,0.038787,0.116593,0.036504,0.108534,0.102505,0.034605,0.147188,,1583200,,
1,1,,0.021763,0.227762,0.029882,0.030239,0.201536,0.016161,0.109757,0.157606,0.037557,0.167737,,1589100,,
1,1,,0.017232,0.213048,0.035238,0.034694,0.200162,0.015921,0.082814,0.168199,0.032532,0.20016,,1589400,,
1,2,,0.006575,0.163854,0.271781,0.196354,0.042384,0.125,0.018763,0.05453,0.027452,0.093308,,1599800,,
1,2,,0.011189,0.157428,0.257303,0.214524,0.032409,0.11293,0.026122,0.07816,0.026823,0.083113,,1593400,,
1,1,,0.014821,0.321821,0.018491,0.044497,0.18026,0.015824,0.073333,0.13189,0.03103,0.168034,,1585200,,
1,1,,0.017085,0.303261,0.040083,0.012575,0.171337,0.052761,0.093337,0.125073,0.01973,0.164759,,1584900,,
1,1,,0.028378,0.226225,0.030692,0.037276,0.185305,0.017073,0.113707,0.163612,0.031146,0.166585,,1590100,,
1,2,,0.036284,0.076649,0.23786,0.092644,0.058498,0.078649,0.175016,0.074409,0.067061,0.10293,,1580800,,
1,9,,0.014587,0.167897,0.157054,0.133124,0.047388,0.148484,0.022534,0.06103,0.022269,0.225633,,1589500,,
1,2,,0.012806,0.223613,0.263265,0.192574,0.026121,0.088666,0.012742,0.059466,0.023784,0.096963,,1587400,,
1,3,,0.01593,0.110089,0.204376,0.274275,0.020885,0.119397,0.023221,0.071794,0.040741,0.119292,,1588700,,
1,1,,0.011225,0.37413,0.033524,0.037386,0.140969,0.015623,0.098333,0.118397,0.034905,0.135508,,1592900,,
1,1,,0.015504,0.319489,0.061129,0.026504,0.110848,0.043219,0.110722,0.137946,0.030046,0.144593,,1587700,,
1,1,,0.010059,0.204559,0.119456,0.176385,0.036788,0.106674,0.087223,0.090566,0.043678,0.124613,,1589800,,
1,1,,0.017469,0.252367,0.031979,0.034442,0.185124,0.01939,0.096496,0.155225,0.048035,0.159474,,1582900,,
1,1,,0.024314,0.329367,0.026667,0.0413,0.149464,0.017177,0.081137,0.120687,0.038118,0.171769,,1575700,,
1,1,,0.021137,0.244532,0.133696,0.188734,0.047376,0.064199,0.08034,0.066001,0.039516,0.114468,,1597400,,
1,9,,0.020246,0.122816,0.200927,0.120039,0.048108,0.126335,0.027294,0.046696,0.029911,0.257627,,1581200,,
1,1,,0.030581,0.414199,0.026845,0.036037,0.084555,0.018918,0.090214,0.102267,0.040456,0.155928,,1586800,,
1,2,,0.009053,0.159197,0.260801,0.229878,0.043144,0.113112,0.025694,0.051543,0.021548,0.086031,,1586800,,
1,1,,0.01834,0.346856,0.049466,0.056176,0.051527,0.04826,0.119407,0.059119,0.02536,0.22549,,1588000,,
1,7,,0.031958,0.145327,0.03,0.005857,0.186259,0.028902,0.118209,0.200587,0.064679,0.188222,,1600900,,
1,2,,0.007722,0.110521,0.24815,0.237268,0.052013,0.087371,0.014513,0.075897,0.035922,0.130623,,1613500,,
1,1,,0.009141,0.354673,0.022581,0.029361,0.171273,0.022902,0.078872,0.135352,0.027342,0.148503,,1587100,,
1,1,,0.011465,0.46439,0.033296,0.037689,0.08793,0.016364,0.062832,0.115339,0.026243,0.14445,,1584800,,
1,3,,0.014779,0.094902,0.196472,0.289623,0.049193,0.112779,0.00701,0.077448,0.030765,0.127029,,1593100,,
1,1,,0.010438,0.341978,0.03639,0.027427,0.160888,0.016452,0.076515,0.123715,0.037792,0.168404,,1661600,,
