pendigits,LADTree,test,3,NANOSECONDS,PREDICTIONS, Generated by ClassifierExperiments.java on 2022-05-16 13:39:57.    SYSTEMPROPERTIES:{user.name:matth,os.arch:amd64,os.name:Windows 10},ENDSYSTEMPROPERTIES
No parameter info
0.5243071331213085,2345537800,3555059300,-1,85831024,10,,-1,-1
0,0,,0.577968,0.003655,0.013097,0.014735,0.005945,0.113551,0.030398,0.01336,0.212224,0.015066,,1927700,,
0,0,,0.493053,0.005792,0.005081,0.002632,0.017677,0.207706,0.008868,0.002147,0.239948,0.017097,,1627800,,
0,0,,0.386027,0.003633,0.000864,0.009814,0.007109,0.381146,0.011391,0.003406,0.191825,0.004785,,1626600,,
0,8,,0.33157,0.01592,0.041481,0.004558,0.063342,0.031231,0.034279,0.084844,0.357471,0.035302,,1624700,,
0,0,,0.332409,0.013079,0.003502,0,0.092867,0.30956,0.078429,0.013283,0.149315,0.007557,,1627600,,
0,0,,0.451726,0.013489,0.007285,0.000652,0.031084,0.303708,0.004292,0.006828,0.152792,0.028143,,1622800,,
0,0,,0.465792,0.006891,0.006108,0.003699,0.010795,0.359243,0.020723,0.001746,0.111873,0.01313,,1624200,,
0,0,,0.398784,0.015355,0.006857,0.00026,0.086585,0.281384,0.027058,0.0062,0.157694,0.019823,,1622200,,
0,0,,0.387256,0.00569,0.012308,0,0.024773,0.062287,0.115897,0.015629,0.361289,0.014871,,1645100,,
0,0,,0.378383,0.007904,0.018947,0.01175,0.048886,0.226521,0.085398,0.017117,0.184388,0.020705,,1638400,,
0,0,,0.453227,0.003597,0.005203,0.005868,0.009548,0.287099,0.015366,0.00305,0.213966,0.003077,,1604000,,
0,0,,0.612711,0.003388,0.002128,0.010039,0.008397,0.119059,0.020526,0.001166,0.217089,0.005497,,1607300,,
0,0,,0.606917,0.002353,0.001333,0.018607,0.009861,0.1215,0.01185,0.000752,0.217818,0.009008,,1612400,,
0,0,,0.529623,0.004232,0.001871,0.020198,0.007876,0.154344,0.006993,0.001519,0.263992,0.009353,,1612300,,
0,0,,0.508888,0.001482,0.002266,0.010881,0.010323,0.20085,0.014729,0.002505,0.243424,0.004652,,1610400,,
0,0,,0.388603,0.002912,0.015767,0.010967,0.005958,0.205468,0.034854,0.016394,0.313949,0.005127,,1615300,,
0,0,,0.547253,0.003417,0.006464,0.007917,0.017048,0.096523,0.083238,0.022857,0.210116,0.005167,,1600400,,
0,0,,0.346637,0.013328,0.004377,0,0.034775,0.337889,0.012153,0.010418,0.226508,0.013915,,1637800,,
0,0,,0.486291,0.004981,0.002037,0.00961,0.009342,0.252388,0.014729,0.001379,0.213942,0.0053,,1586300,,
0,8,,0.257608,0.036593,0.08921,0.064061,0.057705,0.012171,0.068067,0.089093,0.289561,0.035932,,1585100,,
0,5,,0.370206,0.009963,0.005684,0.002035,0.035627,0.378397,0.005734,0.006875,0.160763,0.024715,,1567900,,
0,0,,0.420259,0.001769,0.001652,0.010015,0.011141,0.357187,0.014226,0.002726,0.178918,0.002105,,1565400,,
0,0,,0.537402,0.002157,0.000784,0.011422,0.011029,0.130587,0.066798,0.006096,0.229802,0.003922,,1560500,,
0,8,,0.196827,0.007055,0.015197,0.005224,0.119764,0.046529,0.147961,0.021846,0.405448,0.034149,,1579800,,
0,0,,0.436322,0.004208,0,0.004498,0.009233,0.084911,0.065481,0.017169,0.367924,0.010255,,1578900,,
0,0,,0.547565,0.003279,0.001069,0.01335,0.008634,0.126935,0.063032,0.006063,0.224834,0.005239,,1568300,,
0,0,,0.570315,0.003827,0.001652,0.010494,0.009571,0.230614,0.01311,0.00236,0.140008,0.018049,,1573100,,
0,0,,0.33159,0.011234,0.005652,0.000952,0.064359,0.29928,0.035591,0.009312,0.234705,0.007326,,1596000,,
0,0,,0.404221,0.024227,0.033557,0.01175,0.048901,0.20641,0.034928,0.050975,0.170828,0.014203,,1575100,,
0,8,,0.307336,0.026943,0.053793,0.040409,0.043025,0.054524,0.019591,0.029706,0.359367,0.065305,,1748500,,
0,0,,0.612697,0.007873,0.004664,0.002282,0.013606,0.118158,0.009306,0.003764,0.223584,0.004067,,1961900,,
0,5,,0.328453,0.00624,0.003936,0.003122,0.035158,0.407573,0.01293,0.00311,0.184588,0.01489,,1959600,,
0,0,,0.415336,0.005799,0.019753,0.01175,0.034305,0.19441,0.091818,0.022133,0.183991,0.020705,,1964900,,
0,0,,0.544223,0.00384,0.001952,0.011391,0.011156,0.15795,0.01311,0.002373,0.25158,0.002424,,2030300,,
0,8,,0.122486,0.005864,0.019769,0.005294,0.131536,0.033597,0.244948,0.129479,0.295774,0.011253,,1952200,,
0,0,,0.441923,0.018568,0.047863,0.058337,0.083797,0.022724,0.013454,0.026093,0.259986,0.027255,,1974300,,
0,0,,0.545977,0.004745,0.005203,0.005179,0.007946,0.173215,0.014365,0.005438,0.232833,0.0051,,1947900,,
0,0,,0.569523,0.004385,0.014537,0.018602,0.010475,0.116338,0.030398,0.013062,0.212933,0.009749,,1961600,,
0,5,,0.345352,0.007825,0.005382,0.001053,0.04783,0.413017,0.025386,0.005088,0.126998,0.022069,,1958900,,
0,0,,0.558813,0.002135,0.000556,0.005936,0.004664,0.132316,0.036161,0.013344,0.23786,0.008216,,1950600,,
0,1,,0.004814,0.273272,0.103779,0.083072,0.084038,0.062723,0.120451,0.119063,0.030474,0.118313,,1951200,,
0,0,,0.43543,0.003325,0.005203,0.01454,0.017473,0.345879,0.007225,0.003612,0.157251,0.010061,,1981500,,
0,0,,0.50225,0.004786,0.015152,0.012078,0.031764,0.093682,0.090247,0.023086,0.21172,0.015238,,1968100,,
0,0,,0.571501,0.004163,0.013045,0.019931,0.009807,0.11352,0.030398,0.013062,0.214292,0.010281,,1948000,,
0,0,,0.574047,0.004385,0.014537,0.018602,0.008094,0.112766,0.030398,0.013062,0.212933,0.011177,,1944700,,
0,0,,0.511743,0.007488,0.016216,0.012078,0.031579,0.093027,0.089182,0.01809,0.203693,0.016904,,1953100,,
0,0,,0.416807,0.007567,0.006245,0.004651,0.095361,0.18283,0.023961,0.007382,0.244387,0.010809,,1946900,,
0,0,,0.421317,0.01444,0.004835,0.000241,0.045448,0.157634,0.018855,0.009674,0.257044,0.070512,,1965200,,
0,0,,0.579714,0.00289,0.002319,0.018841,0.008393,0.168996,0.006993,0.002064,0.199353,0.010437,,1946300,,
0,0,,0.308374,0.009184,0.032201,0.009633,0.092208,0.012095,0.162382,0.049759,0.259066,0.065097,,1951900,,
0,0,,0.459218,0.008582,0.025,0.003158,0.046731,0.056054,0.098743,0.020217,0.269298,0.012999,,1972100,,
0,0,,0.571243,0.003496,0.000952,0.019559,0.003718,0.132338,0.036648,0.000562,0.220083,0.011401,,1957200,,
0,0,,0.547106,0.002544,0.001462,0.018988,0.010378,0.171521,0.006993,0.0019,0.22991,0.009199,,1952100,,
0,0,,0.389543,0.005577,0.011321,0.011994,0.012972,0.280401,0.107285,0.013102,0.150577,0.017229,,1946500,,
0,8,,0.067089,0.054273,0.072467,0.067255,0.064933,0.0156,0.06574,0.142035,0.432793,0.017815,,1951000,,
0,0,,0.540432,0.010789,0.007786,0.0016,0.023588,0.230154,0.006395,0.006644,0.151215,0.021398,,1936800,,
0,0,,0.432874,0.007102,0.005425,0.000426,0.011526,0.349034,0.010226,0.003866,0.171682,0.007839,,1564000,,
0,0,,0.562439,0.003747,0.005081,0.006542,0.008654,0.168667,0.013189,0.003887,0.221706,0.006087,,1564600,,
0,0,,0.470676,0.014915,0.005167,0.001312,0.023561,0.123903,0.006947,0.010852,0.2794,0.063266,,1590900,,
0,0,,0.569181,0.003815,0.003342,0.004714,0.008016,0.149708,0.014132,0.005205,0.237833,0.004055,,1567200,,
0,8,,0.171703,0.009574,0.005704,0,0.06156,0.210146,0.006712,0.008191,0.509104,0.017305,,1565800,,
0,0,,0.461044,0.011517,0.006245,0.000241,0.073935,0.16961,0.004058,0.009486,0.218239,0.045626,,1567800,,
0,0,,0.574553,0.002513,0.001069,0.012716,0.015376,0.129365,0.033846,0.005962,0.222323,0.002277,,1561400,,
0,0,,0.474386,0.006725,0.003936,0.002971,0.007679,0.197744,0.009607,0.004251,0.287413,0.005287,,1582700,,
0,0,,0.446136,0.00562,0.005826,0,0.015782,0.335437,0.005835,0.007268,0.173235,0.00486,,1571000,,
0,0,,0.559719,0.002353,0.001652,0.018607,0.011528,0.149599,0.006993,0.001709,0.238832,0.009008,,1572300,,
0,0,,0.568937,0.004163,0.000545,0.019931,0.014935,0.124418,0.025911,0.00569,0.225189,0.010281,,1577400,,
0,0,,0.500172,0.010749,0.004183,0.000682,0.033588,0.181953,0.007049,0.005559,0.24186,0.014205,,1572000,,
0,0,,0.371642,0.005732,0.008084,0.000656,0.044005,0.34065,0.023146,0.004436,0.173886,0.027764,,1595400,,
0,0,,0.559029,0.002913,0.00075,0.017,0.011562,0.146064,0.041112,0.000562,0.2095,0.011508,,1572000,,
0,0,,0.418024,0.003325,0.005203,0.01454,0.017878,0.333443,0.00768,0.003612,0.185014,0.011281,,1562400,,
0,5,,0.374738,0.009005,0.004884,0.001162,0.017519,0.403822,0.010607,0.003848,0.168506,0.005909,,1563800,,
0,0,,0.439974,0.010668,0.004377,0.001379,0.032364,0.175238,0.011766,0.004798,0.250345,0.06909,,1562400,,
0,0,,0.56565,0.004173,0.004359,0.004375,0.009167,0.169502,0.01125,0.003548,0.224199,0.003776,,1574500,,
0,0,,0.428135,0.008743,0.015683,0.00303,0.092546,0.074416,0.104303,0.025476,0.206763,0.040905,,1587700,,
0,8,,0.185757,0.013173,0.013273,0.002745,0.088306,0.038109,0.165839,0.065856,0.386882,0.04006,,1564300,,
0,0,,0.559049,0.004582,0.000484,0.019169,0.00796,0.131865,0.012541,0.000885,0.253186,0.01028,,1574900,,
0,8,,0.206934,0.006434,0.024753,0.004037,0.09906,0.01298,0.187058,0.050236,0.387587,0.02092,,1600700,,
0,0,,0.534631,0.004332,0.010506,0.007638,0.019828,0.109998,0.066196,0.012144,0.228588,0.006138,,1563100,,
0,0,,0.420282,0.007479,0.004183,0.001541,0.070053,0.257242,0.019752,0.006341,0.179639,0.033488,,1565200,,
0,0,,0.394327,0.010852,0.005826,0,0.029877,0.37148,0.008044,0.006707,0.158117,0.014768,,1568700,,
0,0,,0.519653,0.013107,0.004731,0.00026,0.019636,0.119105,0.011859,0.012295,0.266272,0.033083,,1576800,,
0,5,,0.316056,0.003867,0.006495,0.007752,0.065138,0.387149,0.024661,0.004381,0.170263,0.014237,,1569400,,
0,0,,0.429032,0.004947,0.005447,0.01175,0.063714,0.209865,0.016993,0.003295,0.234868,0.020089,,1575600,,
0,0,,0.407601,0.003833,0.006495,0.012338,0.020772,0.359139,0.008464,0.003284,0.165856,0.012218,,1572600,,
0,0,,0.525901,0.002135,0.0128,0.005936,0.024324,0.097865,0.106509,0.009742,0.207128,0.007661,,1574900,,
0,0,,0.562294,0.00538,0.003936,0.002971,0.00945,0.166644,0.011676,0.004251,0.227429,0.005968,,1573900,,
0,5,,0.286188,0.00988,0.004884,0.003193,0.027706,0.457574,0.010231,0.007234,0.185037,0.008073,,1595200,,
0,0,,0.524789,0.004589,0.003936,0.000869,0.01066,0.146715,0.010545,0.003528,0.289194,0.005177,,1565000,,
0,5,,0.282715,0.010977,0.01731,0,0.077446,0.286076,0.16524,0.027878,0.124512,0.007846,,1568200,,
0,8,,0.181446,0.004232,0.001871,0.020198,0.024575,0.219943,0.006993,0.001519,0.524446,0.014778,,1566100,,
0,0,,0.565443,0.002533,0,0.015453,0.011354,0.133238,0.054047,0.000562,0.204149,0.013221,,1574100,,
0,8,,0.302174,0.01377,0.032,0.002909,0.048208,0.009179,0.109576,0.055022,0.41304,0.014122,,1579700,,
0,5,,0.306533,0.016173,0.028571,0.01175,0.058025,0.326448,0.074446,0.015596,0.148254,0.014203,,1588300,,
0,0,,0.425682,0.006849,0.006986,0.003077,0.022074,0.280455,0.017533,0.004025,0.219537,0.013782,,1575700,,
0,8,,0.289895,0.004634,0.008632,0.0058,0.076071,0.069953,0.11899,0.012091,0.402226,0.01171,,1586300,,
0,0,,0.578861,0.003461,0.001176,0.009746,0.01329,0.12171,0.033144,0.006942,0.226251,0.005416,,1579400,,
0,1,,0.012058,0.232405,0.0791,0.066967,0.103672,0.04986,0.132951,0.143052,0.036239,0.143696,,1574500,,
0,0,,0.462499,0.011842,0.006245,0.000952,0.012126,0.279765,0.008579,0.007726,0.202122,0.008142,,1573100,,
0,0,,0.418404,0.005268,0.000952,0.009777,0.010334,0.413777,0.04808,0.000656,0.079389,0.013364,,1575000,,
0,0,,0.422299,0.002897,0.002337,0.019273,0.005953,0.359244,0.006993,0.001519,0.170294,0.009192,,1571700,,
0,0,,0.376014,0.006356,0.028571,0.01175,0.058786,0.278397,0.074446,0.01517,0.129623,0.020887,,1578600,,
0,0,,0.47268,0.006881,0.005382,0.001053,0.01293,0.278457,0.006314,0.004623,0.205151,0.006529,,1570900,,
0,0,,0.527222,0.004045,0.001176,0.018338,0.00459,0.225278,0.036648,0.000797,0.169136,0.01277,,1582700,,
0,8,,0.170087,0.020308,0.004955,0.002952,0.028739,0.21615,0.009439,0.010893,0.526737,0.009738,,1582600,,
0,5,,0.338109,0.002551,0.003342,0.006963,0.028467,0.371284,0.013189,0.004557,0.22599,0.005547,,1573500,,
0,0,,0.540928,0.004598,0.003973,0.005559,0.010321,0.151374,0.01311,0.002746,0.264967,0.002424,,1588500,,
0,0,,0.553279,0.003552,0.002266,0.006383,0.019655,0.149584,0.016262,0.001311,0.243421,0.004288,,1577900,,
0,0,,0.544863,0.003071,0.001556,0.007737,0.014698,0.132314,0.035893,0.013159,0.242906,0.003804,,1576000,,
0,0,,0.430709,0.007964,0.006079,0,0.047925,0.253538,0.018426,0.013343,0.179996,0.04202,,1578300,,
0,0,,0.572805,0.003763,0.0131,0.01975,0.005823,0.116004,0.030398,0.013062,0.214888,0.010408,,1572600,,
0,0,,0.546396,0.004747,0.004359,0.002949,0.006759,0.172778,0.018262,0.002836,0.235535,0.005379,,1583300,,
0,0,,0.36428,0.005569,0.029838,0.007706,0.07435,0.068855,0.128796,0.037069,0.227726,0.055811,,1577100,,
0,0,,0.370492,0.012294,0.004731,0.002078,0.04851,0.162627,0.01596,0.013155,0.324923,0.04523,,1583500,,
0,0,,0.56858,0.003305,0,0.013464,0.007874,0.135265,0.054047,0.000562,0.203895,0.013008,,1579100,,
0,0,,0.359184,0.006318,0.012308,0.001632,0.020443,0.200805,0.124359,0.013571,0.248774,0.012606,,1598300,,
0,5,,0.318584,0.00362,0.003936,0.004379,0.029095,0.44619,0.015354,0.003925,0.148889,0.026028,,1570800,,
0,0,,0.492154,0.00964,0.030612,0.01175,0.029275,0.17099,0.082949,0.026561,0.10899,0.037078,,1574400,,
0,0,,0.555874,0.004394,0.006108,0.002422,0.00728,0.170591,0.011917,0.004195,0.234602,0.002616,,1574900,,
0,0,,0.544542,0.002367,0.001952,0.019505,0.010164,0.171186,0.006993,0.001723,0.229483,0.012085,,1577100,,
0,0,,0.50092,0.007212,0.006495,0.004523,0.026634,0.181494,0.01159,0.004296,0.24478,0.012056,,1572200,,
0,0,,0.524773,0.004799,0.005203,0.006427,0.007091,0.148757,0.013343,0.004262,0.281904,0.003441,,1571900,,
0,0,,0.529155,0.004658,0.0128,0.002778,0.026767,0.095478,0.102083,0.010215,0.207519,0.008547,,1572500,,
0,0,,0.356725,0.010002,0.003312,0.004638,0.098407,0.287349,0.110461,0.010006,0.110613,0.008487,,1599600,,
0,8,,0.367111,0.006162,0.011429,0.004179,0.034858,0.009708,0.103838,0.018275,0.408232,0.036209,,1582700,,
0,0,,0.336577,0.013125,0.004731,0,0.097781,0.281893,0.030102,0.009603,0.218931,0.007258,,1591800,,
0,0,,0.444721,0.02268,0.053448,0.046232,0.043421,0.045056,0.01057,0.029424,0.234753,0.069694,,1575700,,
0,0,,0.536408,0.002533,0.005714,0.015453,0.017069,0.101424,0.073969,0.023419,0.21079,0.013221,,1578900,,
0,0,,0.458264,0.014558,0.034043,0.004242,0.082968,0.009245,0.028536,0.066254,0.292132,0.009758,,1573200,,
0,0,,0.521068,0.006702,0.006108,0.000789,0.01215,0.144659,0.010326,0.003798,0.287087,0.007312,,1573700,,
0,0,,0.365026,0.006471,0.005425,0.004062,0.024091,0.352417,0.013536,0.002807,0.22053,0.005634,,1571300,,
0,0,,0.570223,0.003652,0.001271,0.012447,0.006065,0.07142,0.013189,0.002696,0.276823,0.042215,,1575000,,
0,0,,0.563135,0.001347,0.00075,0.012414,0.007865,0.079744,0.036664,0.012959,0.236091,0.049031,,1571500,,
0,0,,0.53401,0.002941,0.001652,0.018607,0.010155,0.163485,0.006993,0.001709,0.251438,0.009008,,1577000,,
0,4,,0.002015,0.083734,0.110669,0.061746,0.264526,0.02536,0.133339,0.203539,0.056887,0.058185,,1603300,,
0,0,,0.522231,0.005614,0.015884,0.010517,0.008404,0.100129,0.035337,0.015471,0.282525,0.003889,,1569900,,
0,0,,0.401522,0.014144,0.004934,0.005,0.069758,0.141179,0.031802,0.013025,0.256433,0.062204,,1570800,,
0,0,,0.471784,0.008593,0.016216,0.002909,0.035075,0.180897,0.094693,0.017906,0.157843,0.014084,,1574800,,
0,7,,0.003833,0.034534,0.112965,0.068444,0.252882,0.024428,0.138195,0.268986,0.065935,0.029798,,1563800,,
0,0,,0.51383,0.005031,0.004183,0.00344,0.021404,0.194281,0.011705,0.0037,0.236956,0.00547,,1572000,,
0,0,,0.37406,0.007434,0.003602,0.005812,0.134891,0.09216,0.032145,0.014651,0.323198,0.012046,,1582400,,
0,8,,0.02411,0.015763,0.075572,0.010762,0.076011,0.005856,0.223816,0.119763,0.406969,0.041378,,1576300,,
0,0,,0.556632,0.002395,0.003342,0.014075,0.007206,0.14921,0.006993,0.003379,0.244901,0.011865,,1573400,,
0,0,,0.510572,0.011289,0.003936,0.000213,0.017443,0.171967,0.010393,0.005926,0.263244,0.005018,,1592200,,
0,0,,0.518505,0.002718,0.01537,0.014527,0.008345,0.104763,0.02762,0.015377,0.27821,0.014564,,1594500,,
0,0,,0.575297,0.004582,0.000803,0.019169,0.006849,0.143036,0.006993,0.001841,0.232261,0.009169,,1573900,,
0,0,,0.476006,0.017136,0.006904,0.002873,0.031641,0.146752,0.013689,0.006779,0.259633,0.038585,,1573800,,
0,0,,0.396953,0.005103,0.005447,0.004638,0.025299,0.334782,0.014728,0.004473,0.202481,0.006097,,1575300,,
0,0,,0.340037,0.010874,0.001991,0.002697,0.068807,0.175356,0.026674,0.012261,0.317909,0.043396,,1570800,,
0,0,,0.608375,0.007128,0.00404,0.004881,0.01329,0.12023,0.012166,0.005294,0.218618,0.005977,,1560600,,
0,0,,0.389858,0.01361,0.001212,0,0.100545,0.121217,0.071352,0.011597,0.242944,0.047665,,1565600,,
0,0,,0.47506,0.003873,0.004183,0.005482,0.007462,0.202084,0.012449,0.003121,0.281548,0.004738,,1575900,,
0,0,,0.542149,0.011362,0.005382,0.000253,0.008128,0.131348,0.01181,0.008261,0.247645,0.033662,,1579800,,
0,0,,0.578857,0.003626,0.002128,0.004913,0.014657,0.127243,0.03445,0.002826,0.225872,0.005429,,1570400,,
0,0,,0.567622,0.002979,0.004119,0.004758,0.013897,0.156918,0.014426,0.004936,0.226573,0.003772,,1589600,,
0,0,,0.41871,0.005993,0.007132,0.002182,0.02557,0.306234,0.015937,0.005473,0.193709,0.019061,,1578600,,
0,0,,0.293354,0.01225,0.006189,0.005781,0.138273,0.173738,0.086359,0.012284,0.263858,0.007914,,1572200,,
0,8,,0.2942,0.013554,0.031496,0.01175,0.060034,0.013142,0.022721,0.054105,0.474778,0.024221,,1576200,,
0,0,,0.506396,0.029611,0.025263,0.087762,0.022245,0.035497,0.015933,0.025713,0.191054,0.060526,,1572600,,
0,0,,0.346793,0.010865,0.006245,0,0.030087,0.27572,0.003817,0.008928,0.313442,0.004103,,1574900,,
0,0,,0.510686,0.00814,0.000867,0.002702,0.058636,0.085937,0.042571,0.012958,0.235902,0.041601,,1577500,,
0,0,,0.454224,0.011997,0.007132,0.001702,0.015093,0.289672,0.006977,0.0091,0.198169,0.005933,,1564000,,
0,0,,0.578873,0.004896,0.003973,0.00389,0.007899,0.140755,0.01471,0.00219,0.237998,0.004817,,1583700,,
0,0,,0.400055,0.013082,0.005425,0.000426,0.017498,0.328064,0.003102,0.008547,0.218849,0.004953,,1591000,,
0,0,,0.373674,0.020514,0.007285,0.002166,0.01356,0.321346,0.008394,0.007436,0.240607,0.005017,,1587300,,
0,0,,0.472921,0.004268,0.006108,0.012539,0.038344,0.187239,0.007519,0.002308,0.251607,0.017145,,1571900,,
0,0,,0.534652,0.01047,0.006857,0.001772,0.050043,0.129636,0.015128,0.012552,0.224375,0.014515,,1575500,,
0,8,,0.166718,0.002653,0.015235,0.004902,0.111141,0.033075,0.189163,0.053637,0.393629,0.029848,,1579200,,
0,0,,0.524052,0.003394,0.016815,0.009758,0.010536,0.099827,0.036889,0.01536,0.277625,0.005744,,1573500,,
0,0,,0.512121,0.004823,0.001556,0.007523,0.008121,0.20588,0.040387,0.001322,0.213366,0.0049,,1572300,,
0,8,,0.172942,0.044246,0.02,0.095083,0.102746,0.057683,0.108846,0.15016,0.211369,0.036925,,1577900,,
0,5,,0.323476,0.003008,0.005081,0.005063,0.041637,0.387898,0.025606,0.003726,0.193276,0.01123,,1577200,,
0,5,,0.325262,0.013375,0.006986,0,0.097705,0.346946,0.02786,0.006816,0.166972,0.008078,,1573900,,
0,0,,0.449378,0.007767,0.004884,0.003839,0.021674,0.309694,0.005036,0.007879,0.183902,0.005945,,1575100,,
0,0,,0.426933,0.012425,0.005447,0,0.0164,0.362707,0.008133,0.006907,0.153988,0.007059,,1584700,,
0,0,,0.500263,0.006728,0.006495,0.001541,0.016458,0.162377,0.007827,0.005842,0.28455,0.00792,,1573800,,
0,5,,0.361726,0.007773,0.008084,0.000952,0.014908,0.410759,0.008004,0.005908,0.17508,0.006807,,1566900,,
0,0,,0.505895,0.002484,0.00256,0.005828,0.011013,0.204599,0.010119,0.001785,0.240568,0.015147,,1576200,,
0,8,,0.208079,0.009622,0.018947,0.002388,0.05016,0.085077,0.092537,0.020076,0.499994,0.01312,,1577100,,
0,0,,0.432793,0.006269,0.005652,0.00113,0.06956,0.153027,0.019754,0.007837,0.25603,0.047948,,1572900,,
0,0,,0.502834,0.002533,0.011321,0.015453,0.018169,0.102824,0.107285,0.011883,0.215727,0.011971,,1574400,,
0,7,,0.009918,0.018656,0.076638,0.029135,0.128579,0.004963,0.220463,0.31602,0.153757,0.04187,,1601800,,
0,0,,0.444788,0.011593,0.031496,0.01175,0.063563,0.01373,0.022721,0.054105,0.324778,0.021476,,1586200,,
0,0,,0.509524,0.007232,0.005425,0.000426,0.026294,0.190311,0.010226,0.00391,0.239392,0.00726,,1581400,,
0,0,,0.367599,0.009392,0.012245,0.007116,0.021401,0.32507,0.107952,0.009142,0.130426,0.009657,,1573500,,
0,0,,0.344681,0.016114,0.007849,0.003666,0.08869,0.326449,0.034575,0.011171,0.14461,0.022195,,1577900,,
0,0,,0.528589,0.002694,0.016815,0.007747,0.013347,0.097323,0.030747,0.016016,0.283505,0.003217,,1575400,,
0,0,,0.398977,0.003784,0.012578,0.01202,0.022286,0.214889,0.11309,0.01368,0.191863,0.016833,,1574600,,
0,0,,0.305334,0.00816,0.019395,0.004037,0.155077,0.037774,0.184764,0.023421,0.252745,0.009293,,1576200,,
0,8,,0.115839,0.032984,0.074697,0.034468,0.054172,0.004305,0.085662,0.095991,0.458699,0.043183,,1572900,,
0,0,,0.568409,0.002026,0.002447,0.008913,0.012468,0.146016,0.011995,0.002182,0.240275,0.005269,,1581000,,
0,0,,0.564681,0.004399,0.004183,0.002314,0.009584,0.167925,0.011845,0.00477,0.225456,0.004843,,1571000,,
0,0,,0.43482,0.007927,0.005447,0,0.024534,0.339926,0.010793,0.008284,0.163671,0.004599,,1577300,,
0,0,,0.413855,0.005062,0.005826,0.001333,0.006677,0.327166,0.019711,0.002783,0.212391,0.005195,,1602900,,
0,8,,0.365537,0.010426,0.005888,0.001,0.018842,0.173655,0.007133,0.015926,0.384576,0.017018,,1578100,,
0,0,,0.401938,0.005577,0.015152,0.011994,0.026637,0.22859,0.090247,0.022994,0.179645,0.017229,,1580000,,
0,0,,0.541799,0.004544,0.003973,0.004311,0.008181,0.176742,0.014132,0.003922,0.238342,0.004055,,1570800,,
0,0,,0.512263,0.002519,0.005081,0.009069,0.010924,0.172177,0.014729,0.003341,0.263701,0.006195,,1571800,,
0,0,,0.504476,0.00375,0.011321,0.01175,0.018919,0.097896,0.107285,0.013153,0.213554,0.017897,,1572200,,
0,0,,0.459012,0.009257,0.008084,0.002759,0.027453,0.220271,0.010139,0.005592,0.24826,0.009173,,1575000,,
0,8,,0.142789,0.007993,0.00548,0.002182,0.05838,0.199363,0.019205,0.013076,0.54031,0.011223,,1588300,,
0,0,,0.2687,0.006473,0.019473,0.003888,0.095265,0.055703,0.188361,0.044914,0.264726,0.052496,,1579000,,
0,0,,0.51359,0.003388,0.002128,0.010039,0.008397,0.204983,0.041347,0.001166,0.209464,0.005497,,1573500,,
0,0,,0.319353,0.042269,0.058503,0.047113,0.037962,0.088068,0.099122,0.064937,0.199429,0.043243,,1586600,,
0,0,,0.531737,0.002984,0.014815,0.007746,0.006302,0.100104,0.036889,0.014815,0.276571,0.008038,,1576800,,
0,0,,0.51595,0.003305,0.012245,0.013464,0.025473,0.103215,0.099276,0.008725,0.204005,0.014341,,1572500,,
0,0,,0.544943,0.00449,0.000556,0.004745,0.006994,0.119549,0.071009,0.016445,0.223545,0.007723,,1570500,,
0,0,,0.550463,0.002489,0.001556,0.010356,0.011207,0.133914,0.033929,0.013231,0.236579,0.006277,,1569900,,
0,0,,0.510646,0.001204,0.004255,0.00787,0.024664,0.104268,0.111206,0.026365,0.203642,0.00588,,1572400,,
0,0,,0.570534,0.004745,0.001143,0.007965,0.023125,0.122559,0.027786,0.005509,0.231913,0.004721,,1576200,,
0,8,,0.110331,0.027833,0.065909,0.034168,0.064454,0.011799,0.102972,0.07129,0.466976,0.044268,,1579400,,
0,0,,0.540737,0.002588,0.002447,0.015863,0.01716,0.152484,0.006993,0.001944,0.249109,0.010675,,1591900,,
0,0,,0.588825,0.004726,0.004359,0.013366,0.008837,0.137396,0.006993,0.002731,0.209651,0.023116,,1573400,,
0,0,,0.425151,0.008477,0.006705,0.001,0.05298,0.15888,0.019174,0.015311,0.299297,0.013025,,1585300,,
0,0,,0.568393,0.002353,0.001652,0.018607,0.008104,0.143056,0.006993,0.001709,0.238503,0.01063,,1575400,,
0,0,,0.469598,0.004733,0.004119,0.002933,0.023988,0.218967,0.018462,0.004024,0.244529,0.008647,,1574400,,
0,5,,0.316637,0.007085,0.005826,0,0.033992,0.436908,0.010704,0.007723,0.154948,0.026178,,1572400,,
0,0,,0.430862,0.007747,0,0.001251,0.012678,0.092269,0.057393,0.008717,0.374381,0.014701,,1571400,,
0,0,,0.357508,0.008546,0.005159,0.003997,0.058891,0.14888,0.039429,0.009699,0.32692,0.040971,,1576100,,
0,0,,0.439315,0.006321,0.005081,0.000238,0.047276,0.200361,0.023084,0.005414,0.258063,0.014847,,1576200,,
0,0,,0.491712,0.003319,0.005081,0.000853,0.028238,0.168368,0.013961,0.005781,0.274642,0.008044,,1591200,,
0,0,,0.439747,0.009495,0.007182,0.002182,0.03359,0.309525,0.015723,0.004747,0.148715,0.029094,,1574500,,
0,8,,0.24679,0.013219,0.034043,0.01175,0.072134,0.010269,0.093848,0.187294,0.309783,0.020869,,1572700,,
0,0,,0.47463,0.010933,0.063636,0.008436,0.065464,0.136826,0.034036,0.039482,0.124662,0.041894,,1583600,,
0,0,,0.436838,0.003822,0.002356,0.011652,0.006595,0.339854,0.011995,0.001757,0.179311,0.00582,,1574400,,
0,0,,0.3756,0.01848,0.006904,0.000114,0.056944,0.309679,0.012239,0.007451,0.199109,0.013478,,1573800,,
0,0,,0.380775,0.011621,0.021212,0.01294,0.025835,0.275774,0.087216,0.022012,0.148393,0.014221,,1575400,,
0,0,,0.551024,0.005065,0.005081,0.004814,0.010404,0.16896,0.012504,0.002147,0.234484,0.005518,,1571000,,
0,0,,0.395816,0.006489,0.008084,0,0.009897,0.352617,0.011938,0.007398,0.204847,0.002915,,1576200,,
1,1,,0.007075,0.278341,0.062458,0.062458,0.038666,0.105977,0.091057,0.088781,0.059969,0.205218,,1579200,,
1,2,,0.00807,0.191485,0.279614,0.143829,0.058216,0.073575,0.030754,0.083134,0.049392,0.081932,,1597900,,
1,1,,0.011289,0.216195,0.039609,0.049383,0.165411,0.008104,0.118272,0.163708,0.036568,0.191462,,1579200,,
1,1,,0.016803,0.179898,0.163327,0.143832,0.037836,0.109799,0.103608,0.102496,0.018397,0.124003,,1573600,,
1,3,,0.006083,0.177737,0.169519,0.307307,0.015196,0.084972,0.004734,0.051503,0.032198,0.150751,,1590200,,
1,2,,0.00648,0.247515,0.288636,0.182205,0.012072,0.06164,0.006166,0.050615,0.021797,0.122874,,1572600,,
1,1,,0.006662,0.442833,0.027218,0.063646,0.09594,0.010541,0.065492,0.134534,0.024028,0.129107,,1576600,,
1,9,,0.012675,0.122983,0.037447,0.004681,0.196397,0.01364,0.129719,0.197589,0.067451,0.217419,,1578100,,
1,9,,0.009635,0.141355,0.186496,0.168715,0.022833,0.106779,0.031443,0.045657,0.036585,0.250501,,1574800,,
1,1,,0.013907,0.435382,0.029291,0.062026,0.086466,0.024841,0.064315,0.121964,0.034241,0.127567,,1581000,,
1,2,,0.010672,0.214632,0.281994,0.191888,0.020399,0.099528,0.009982,0.068288,0.014063,0.088553,,1594600,,
1,1,,0.01479,0.279188,0.038419,0.047264,0.110366,0.055904,0.12844,0.167943,0.024298,0.133388,,1572600,,
1,2,,0.002042,0.207585,0.249549,0.181002,0.006654,0.108464,0.014546,0.086289,0.020193,0.123676,,1575900,,
1,4,,0.010211,0.190439,0.033371,0.052585,0.211485,0.01081,0.125494,0.167266,0.048671,0.149668,,1575600,,
1,1,,0.009319,0.289677,0.0312,0.022012,0.107061,0.012409,0.12844,0.201727,0.027493,0.17066,,1573100,,
1,2,,0.016743,0.25124,0.252148,0.168601,0.015433,0.061268,0.008824,0.02495,0.036923,0.16387,,1582300,,
1,1,,0.008245,0.436117,0.049065,0.045643,0.091112,0.025655,0.064315,0.120532,0.02657,0.132746,,1571100,,
1,1,,0.01164,0.461895,0.033503,0.061027,0.090299,0.023113,0.065341,0.113,0.022741,0.117441,,1575200,,
1,1,,0.008313,0.368269,0.100582,0.083019,0.027355,0.049771,0.058253,0.054439,0.020402,0.229598,,1576100,,
1,1,,0.008098,0.260487,0.15545,0.18089,0.028613,0.066485,0.079737,0.07582,0.025834,0.118585,,1581100,,
1,1,,0.006074,0.240482,0.103657,0.131789,0.032388,0.120459,0.094294,0.099834,0.051422,0.1196,,1604600,,
1,1,,0.019828,0.39697,0.057882,0.02745,0.04222,0.034888,0.120191,0.061272,0.031141,0.208159,,1570600,,
1,1,,0.008323,0.267982,0.155014,0.179001,0.018102,0.07943,0.066425,0.079002,0.02051,0.126214,,1568900,,
1,1,,0.015903,0.439123,0.022653,0.02113,0.087437,0.012156,0.064315,0.168469,0.035804,0.133009,,1571000,,
1,7,,0.013738,0.102236,0.037447,0.009681,0.225538,0.001379,0.15522,0.235206,0.074869,0.144685,,1574600,,
1,1,,0.012541,0.437885,0.042075,0.072539,0.077545,0.020653,0.073047,0.113442,0.021187,0.129087,,1578100,,
1,1,,0.010689,0.321053,0.04,0.065502,0.151649,0.018406,0.092743,0.137491,0.023179,0.139289,,1569000,,
1,1,,0.015566,0.307591,0.031237,0.015919,0.104935,0.015266,0.135713,0.196762,0.031946,0.145065,,1579300,,
1,1,,0.011118,0.296964,0.04245,0.03624,0.134878,0.050742,0.104294,0.143,0.019984,0.16033,,1580500,,
1,3,,0.005555,0.202839,0.153962,0.30428,0.0143,0.093023,0.005506,0.054697,0.024796,0.141041,,1595800,,
1,1,,0.005474,0.340191,0.041447,0.063646,0.150354,0.010541,0.108696,0.136153,0.025516,0.117982,,1574400,,
1,1,,0.008496,0.304672,0.030782,0.030971,0.154578,0.046418,0.099816,0.148929,0.019083,0.156255,,1569600,,
1,2,,0.001338,0.172129,0.284557,0.157487,0.05847,0.057294,0.037297,0.11191,0.02822,0.091298,,1577700,,
1,2,,0.005348,0.180348,0.277659,0.228761,0.015089,0.087444,0.00713,0.060027,0.015947,0.122246,,1572100,,
1,3,,0.005299,0.163415,0.16981,0.26523,0.017098,0.122355,0.006788,0.057529,0.033349,0.159127,,1573100,,
1,1,,0.007508,0.222661,0.047693,0.040869,0.172647,0.013599,0.121278,0.177842,0.042151,0.153753,,1582600,,
1,1,,0.005486,0.43467,0.04885,0.057406,0.089273,0.01173,0.065933,0.12821,0.023426,0.135016,,1573500,,
1,1,,0.012278,0.328556,0.058371,0.050107,0.138518,0.02645,0.098639,0.130532,0.027009,0.129539,,1573500,,
1,4,,0.014375,0.207814,0.038434,0.038783,0.211778,0.012679,0.103688,0.172958,0.04897,0.150521,,1580400,,
1,2,,0.008973,0.179609,0.271066,0.189415,0.012419,0.10264,0.006038,0.056662,0.020078,0.153101,,1594700,,
1,1,,0.01314,0.376526,0.060382,0.042497,0.038254,0.039715,0.122185,0.063134,0.032109,0.212058,,1576800,,
1,1,,0.008481,0.275164,0.257281,0.147773,0.005873,0.091563,0.005424,0.044043,0.021783,0.142615,,1575200,,
1,1,,0.017554,0.182945,0.125212,0.077582,0.061256,0.083162,0.130423,0.144872,0.005713,0.171282,,1576300,,
1,2,,0.006578,0.239667,0.301028,0.170752,0.012394,0.061572,0.00583,0.054744,0.022062,0.125374,,1570800,,
1,1,,0.007409,0.196825,0.037104,0.064136,0.178771,0.026027,0.087591,0.187188,0.041647,0.173302,,1575600,,
1,2,,0.013683,0.237818,0.259764,0.176246,0.012161,0.083379,0.005968,0.056914,0.025369,0.128698,,1588700,,
1,1,,0.019509,0.194792,0.052037,0.029836,0.159498,0.004526,0.160378,0.17912,0.03736,0.162944,,1574500,,
1,1,,0.01068,0.380444,0.058145,0.033877,0.060785,0.030478,0.118208,0.066379,0.024351,0.216653,,1583500,,
1,1,,0.021598,0.424329,0.026748,0.046022,0.078607,0.053562,0.069649,0.130188,0.029322,0.119976,,1567200,,
1,1,,0.015421,0.258238,0.117585,0.053931,0.028833,0.082989,0.100127,0.090841,0.022825,0.229209,,1573100,,
1,1,,0.0127,0.363483,0.062882,0.037497,0.04119,0.043555,0.122528,0.058037,0.035638,0.22249,,1578200,,
1,2,,0.005844,0.122383,0.198566,0.178391,0.067112,0.087507,0.109244,0.029245,0.038957,0.162751,,1575200,,
1,3,,0.009116,0.181779,0.220746,0.255665,0.005116,0.083311,0.006573,0.040576,0.038272,0.158846,,1574600,,
1,1,,0.008785,0.272731,0.269319,0.176709,0.020566,0.070642,0.011044,0.049863,0.017307,0.103034,,1573300,,
1,1,,0.0172,0.238261,0.055229,0.049791,0.147418,0.01463,0.113071,0.176481,0.037616,0.150303,,1575200,,
1,2,,0.006414,0.1865,0.261643,0.185931,0.042197,0.094783,0.016637,0.0908,0.015616,0.099479,,1589200,,
1,2,,0.006884,0.200962,0.283008,0.141178,0.002394,0.105691,0.004944,0.044874,0.024922,0.185142,,1583500,,
1,2,,0.001032,0.174975,0.301483,0.110657,0.053218,0.0973,0.038291,0.093023,0.024532,0.10549,,1585100,,
1,4,,0.009093,0.09978,0.042778,0.022917,0.227335,0.00744,0.151564,0.202017,0.066047,0.171029,,1607500,,
1,2,,0.004348,0.158312,0.320836,0.1875,0.043038,0.109053,0.018292,0.061059,0.022026,0.075537,,1578400,,
1,1,,0.010499,0.337845,0.035044,0.057135,0.157165,0.015803,0.082783,0.143947,0.027156,0.132623,,1580000,,
1,2,,0.008505,0.155187,0.301453,0.183214,0.039769,0.095133,0.019791,0.085293,0.011601,0.100053,,1575000,,
1,1,,0.01701,0.433819,0.02254,0.052152,0.079388,0.033548,0.07377,0.137654,0.024388,0.125732,,1574200,,
1,1,,0.008665,0.210967,0.173488,0.194553,0.049265,0.069697,0.043139,0.103099,0.03732,0.109806,,1581400,,
1,1,,0.015051,0.432698,0.049065,0.045643,0.078549,0.025655,0.073011,0.117983,0.035625,0.126719,,1571300,,
1,1,,0.014834,0.308898,0.033371,0.055009,0.156997,0.009317,0.096891,0.140697,0.025094,0.158892,,1583000,,
1,1,,0.005425,0.311887,0.03453,0.011859,0.145308,0.015075,0.108696,0.202824,0.026916,0.137481,,1576300,,
1,4,,0.019842,0.165616,0.047333,0.027407,0.184943,0.015127,0.170781,0.156971,0.039592,0.172388,,1594400,,
1,3,,0.014775,0.116639,0.217002,0.229946,0.030607,0.109602,0.033465,0.071857,0.037437,0.138669,,1581300,,
1,1,,0.021669,0.307379,0.032076,0.019912,0.133252,0.050447,0.107335,0.136515,0.021226,0.170189,,1565100,,
1,1,,0.011012,0.269792,0.137939,0.191953,0.028801,0.066598,0.072865,0.069551,0.031963,0.119525,,1567700,,
1,1,,0.011217,0.294295,0.026076,0.027662,0.13551,0.058425,0.104037,0.143432,0.033814,0.165532,,1575300,,
1,1,,0.001379,0.331592,0.05782,0.061761,0.131736,0.045963,0.111355,0.143756,0.01791,0.096729,,1576000,,
1,1,,0.007538,0.318879,0.061263,0.072276,0.141318,0.017408,0.098639,0.127984,0.019387,0.135308,,1578300,,
1,1,,0.001379,0.32348,0.079116,0.059564,0.137242,0.013738,0.116238,0.124261,0.029081,0.1159,,1575700,,
1,2,,0.00359,0.112494,0.282939,0.120931,0.058832,0.088495,0.056865,0.10771,0.029581,0.138563,,1612300,,
1,2,,0.008261,0.187652,0.266236,0.133006,0.072709,0.062302,0.034261,0.099682,0.041545,0.094345,,1580200,,
1,2,,0.035684,0.079079,0.284212,0.107871,0.045884,0.054185,0.163402,0.064777,0.069731,0.095173,,1597100,,
1,2,,0.011058,0.19852,0.259364,0.214792,0.015168,0.119826,0.012685,0.058071,0.010188,0.100329,,1578200,,
1,4,,0.017013,0.079395,0.01913,0.020833,0.295024,0.020787,0.157277,0.151819,0.062436,0.176285,,1580800,,
1,2,,0.009415,0.237504,0.24899,0.152603,0.009278,0.092931,0.004519,0.072036,0.026471,0.146253,,1578800,,
1,1,,0.010705,0.263874,0.048586,0.024724,0.100196,0.050433,0.128449,0.181192,0.029231,0.162611,,1573600,,
1,1,,0.011353,0.298628,0.026076,0.01526,0.149137,0.026038,0.098896,0.135983,0.042148,0.19648,,1578600,,
1,1,,0.013753,0.415036,0.057882,0.031127,0.048999,0.029555,0.119545,0.061331,0.021343,0.201429,,1573000,,
1,1,,0.00916,0.328061,0.062274,0.045003,0.144829,0.013995,0.115337,0.129022,0.026726,0.125592,,1573100,,
1,2,,0.013683,0.243773,0.257453,0.173187,0.012161,0.083379,0.005968,0.054294,0.024452,0.131651,,1593000,,
1,2,,0.002936,0.148991,0.307643,0.133705,0.057797,0.086691,0.032386,0.112715,0.024189,0.092948,,1577800,,
1,1,,0.013469,0.424114,0.026748,0.046022,0.084972,0.053562,0.064315,0.128725,0.034268,0.123804,,1580000,,
1,1,,0.020941,0.33248,0.063279,0.024846,0.050305,0.03177,0.126908,0.085629,0.032164,0.231679,,1574000,,
1,1,,0.012617,0.248167,0.164316,0.188278,0.028922,0.06219,0.079737,0.074463,0.024167,0.117142,,1576000,,
1,4,,0.007031,0.178255,0.036424,0.044383,0.223742,0.01243,0.091189,0.180016,0.038457,0.188074,,1575300,,
1,2,,0.001032,0.09255,0.25858,0.167071,0.05847,0.072888,0.063826,0.124429,0.042032,0.119121,,1576100,,
1,2,,0.006261,0.155861,0.31128,0.186344,0.040252,0.079287,0.00998,0.093876,0.010554,0.106305,,1572100,,
1,2,,0.012496,0.20162,0.230812,0.149848,0.075053,0.075245,0.058906,0.054076,0.037468,0.104477,,1577400,,
1,1,,0.011901,0.399245,0.057882,0.025747,0.060822,0.039031,0.116787,0.060477,0.02444,0.203669,,1578500,,
1,3,,0.00387,0.152512,0.144675,0.287805,0.017107,0.096325,0.005571,0.032105,0.033452,0.226578,,1576400,,
1,1,,0.005597,0.350642,0.110415,0.058982,0.019016,0.085148,0.058261,0.107006,0.031557,0.173377,,1578800,,
1,2,,0.005938,0.179962,0.249142,0.180799,0.01444,0.087306,0.011212,0.057894,0.022258,0.191049,,1571800,,
1,1,,0.007654,0.333132,0.060304,0.068875,0.150204,0.013955,0.108696,0.113956,0.02057,0.122654,,1585100,,
1,4,,0.019231,0.08735,0.031532,0,0.231934,0.040645,0.127226,0.184947,0.058511,0.218624,,1575300,,
1,1,,0.010413,0.236158,0.053155,0.045003,0.147981,0.015028,0.109922,0.16379,0.030828,0.187722,,1572400,,
1,1,,0.021246,0.211556,0.182006,0.187177,0.051102,0.068258,0.043824,0.091733,0.040507,0.102592,,1580600,,
1,2,,0.008624,0.164631,0.274547,0.143856,0.052815,0.061944,0.052014,0.065301,0.028832,0.147438,,1572600,,
1,2,,0.002179,0.249706,0.289531,0.125092,0.011471,0.042196,0.018314,0.069273,0.023866,0.168373,,1577100,,
1,1,,0.008047,0.301795,0.056553,0.061042,0.159304,0.011589,0.089689,0.13807,0.027423,0.146487,,1564100,,
1,1,,0.008931,0.269525,0.220395,0.154943,0.004692,0.100476,0.006394,0.042508,0.025534,0.166601,,1596800,,
1,2,,0.00445,0.167567,0.281067,0.111547,0.043097,0.080492,0.062932,0.102122,0.044431,0.102294,,1575000,,
1,1,,0.017178,0.431066,0.049065,0.04872,0.077171,0.026886,0.077854,0.113636,0.029498,0.128926,,1571300,,
1,2,,0.005847,0.151057,0.302622,0.194953,0.04696,0.101321,0.021317,0.077832,0.015743,0.082347,,1581100,,
1,1,,0.008277,0.301225,0.036424,0.056133,0.156464,0.013913,0.093894,0.139704,0.030624,0.163341,,1569100,,
1,1,,0.006826,0.422053,0.057828,0.060699,0.095905,0.009694,0.072992,0.120398,0.022974,0.130631,,1571000,,
1,9,,0.010013,0.174717,0.194923,0.134483,0.005901,0.122566,0.010319,0.058584,0.021839,0.266654,,1571600,,
1,1,,0.00341,0.318588,0.048582,0.043103,0.162802,0.01535,0.082897,0.147847,0.02494,0.152481,,1573900,,
1,2,,0.007868,0.220657,0.240998,0.178205,0.015692,0.082841,0.012781,0.054027,0.023944,0.162987,,1574100,,
1,1,,0.005486,0.460357,0.039657,0.061027,0.086709,0.024651,0.064315,0.114539,0.026844,0.116415,,1581700,,
1,1,,0.016597,0.443379,0.042075,0.0619,0.090384,0.015494,0.06876,0.113177,0.029042,0.119193,,1605600,,
1,1,,0.010833,0.236531,0.045692,0.064016,0.151219,0.015218,0.110827,0.172252,0.047673,0.145739,,1588500,,
1,1,,0.012768,0.319945,0.04699,0.049463,0.150058,0.02567,0.088279,0.135577,0.031179,0.140071,,1584300,,
1,2,,0.001961,0.175573,0.3366,0.134205,0.058832,0.065684,0.02163,0.088266,0.019027,0.098222,,1573600,,
1,1,,0.009116,0.212606,0.164821,0.190501,0.058733,0.060977,0.032873,0.110775,0.044888,0.11471,,1574400,,
1,1,,0.006597,0.297978,0.03551,0.030881,0.133833,0.016235,0.114094,0.11509,0.049065,0.200718,,1577300,,
1,1,,0.009301,0.340862,0.053418,0.039646,0.135778,0.032632,0.098639,0.130112,0.025816,0.133796,,1571400,,
1,1,,0.005186,0.316097,0.036433,0.060929,0.171841,0.016194,0.082557,0.143385,0.030684,0.136694,,1578500,,
1,1,,0.008665,0.210967,0.173488,0.194553,0.049265,0.069697,0.043139,0.103099,0.03732,0.109806,,1573500,,
1,1,,0.005593,0.250567,0.10293,0.014965,0.061691,0.059463,0.113583,0.13701,0.044277,0.209921,,1600100,,
1,1,,0.013846,0.205422,0.049566,0.059498,0.188745,0.011035,0.10124,0.179282,0.028071,0.163294,,1571600,,
1,1,,0.009141,0.29279,0.231571,0.184749,0.006227,0.07175,0.010941,0.051084,0.02142,0.120328,,1585400,,
1,1,,0.009953,0.316036,0.037104,0.041549,0.099853,0.016215,0.128679,0.131742,0.018088,0.200779,,1573100,,
1,3,,0.020836,0.217025,0.158669,0.227719,0.040508,0.071352,0.042943,0.078107,0.029414,0.113427,,1574900,,
1,9,,0.005558,0.217901,0.200766,0.124288,0.016636,0.095734,0.005581,0.05948,0.02829,0.245766,,1580600,,
1,2,,0.003973,0.154422,0.262148,0.106012,0.062972,0.055177,0.085637,0.112934,0.055691,0.101035,,1574100,,
1,2,,0.006146,0.095719,0.273061,0.147854,0.061029,0.08789,0.042927,0.098271,0.047438,0.139666,,1575600,,
1,1,,0.007057,0.441003,0.051562,0.043217,0.089671,0.013942,0.067458,0.124581,0.024148,0.137359,,1572800,,
1,1,,0.00902,0.220213,0.108564,0.154511,0.024183,0.102432,0.097968,0.094178,0.042024,0.146907,,1583200,,
1,1,,0.007505,0.330741,0.057194,0.04893,0.14961,0.027593,0.098639,0.131574,0.022269,0.125943,,1595800,,
1,1,,0.01828,0.307075,0.065079,0.03039,0.089847,0.03589,0.125205,0.109422,0.037685,0.181128,,1572300,,
1,1,,0.003198,0.321579,0.058733,0.043103,0.15159,0.013928,0.111839,0.138198,0.026077,0.131756,,1571400,,
1,4,,0.021899,0.083015,0.013786,0.009756,0.291826,0.041597,0.205019,0.130459,0.073897,0.128746,,1576900,,
1,2,,0.005635,0.160359,0.311753,0.16912,0.041827,0.066829,0.022147,0.06957,0.027646,0.125114,,1576400,,
1,1,,0.005195,0.336843,0.065974,0.070649,0.101346,0.029679,0.114542,0.117822,0.025994,0.131957,,1572300,,
1,2,,0.009253,0.165246,0.234307,0.099384,0.006091,0.134489,0.004519,0.09354,0.029123,0.224049,,1572100,,
1,1,,0.011887,0.282053,0.03248,0.022427,0.104948,0.029623,0.12844,0.144823,0.029969,0.213351,,1577400,,
1,3,,0.008344,0.216246,0.186634,0.224014,0.037664,0.077403,0.036107,0.08167,0.021657,0.110263,,1574300,,
1,1,,0.018773,0.439983,0.037119,0.060212,0.080176,0.017034,0.079801,0.116968,0.028221,0.121714,,1578700,,
1,2,,0.009377,0.222131,0.250555,0.187768,0.019799,0.125711,0.011896,0.060916,0.024986,0.08686,,1578900,,
1,3,,0.003026,0.211467,0.18673,0.24698,0.039771,0.071022,0.027047,0.09168,0.024306,0.09797,,1573900,,
1,1,,0.015658,0.289892,0.035713,0.048012,0.095451,0.017331,0.134068,0.1336,0.029063,0.201211,,1591500,,
1,1,,0.019376,0.232838,0.045692,0.066774,0.144256,0.015908,0.120482,0.169761,0.041577,0.143336,,1583400,,
1,1,,0.009572,0.327185,0.028393,0.062026,0.153842,0.024841,0.079755,0.139422,0.030868,0.144097,,1577900,,
1,2,,0.009501,0.087828,0.284492,0.129998,0.049644,0.096891,0.106919,0.065778,0.040879,0.12807,,1576100,,
1,1,,0.016588,0.254662,0.048189,0.023859,0.103848,0.046637,0.13344,0.169639,0.019843,0.183293,,1573500,,
