pendigits,LADTree,test,2,NANOSECONDS,PREDICTIONS, Generated by ClassifierExperiments.java on 2022-05-16 13:32:13.    SYSTEMPROPERTIES:{user.name:matth,os.arch:amd64,os.name:Windows 10},ENDSYSTEMPROPERTIES
No parameter info
0.6265333939118582,2290674100,3570470900,-1,88518848,10,,-1,-1
0,0,,0.537786,0.007914,0.006176,0.029415,0.016643,0.147157,0.016825,0.004149,0.215873,0.018062,,1848000,,
0,8,,0.085031,0.011092,0.085596,0.007956,0.11817,0.028529,0.191135,0.170766,0.262137,0.039588,,1611500,,
0,0,,0.379547,0.013806,0.010386,0.001701,0.097645,0.209564,0.031152,0.009509,0.2284,0.018288,,1613700,,
0,0,,0.469796,0.014125,0.012386,0.021436,0.01401,0.184262,0.018835,0.007517,0.237616,0.020017,,1598200,,
0,0,,0.503808,0.015068,0.010386,0.004128,0.029763,0.178961,0.02667,0.006106,0.218518,0.00659,,1629300,,
0,0,,0.331847,0.027173,0.016003,0,0.08373,0.156562,0.026699,0.015918,0.299579,0.04249,,1605000,,
0,0,,0.394005,0.010874,0.008525,0.024357,0.017875,0.263726,0.016721,0.007699,0.236062,0.020155,,1607000,,
0,0,,0.457696,0.016217,0.023354,0.018888,0.040133,0.079861,0.119509,0.026856,0.155094,0.062391,,1615000,,
0,0,,0.265462,0.008846,0.057196,0.026379,0.064621,0.046162,0.205397,0.07222,0.194405,0.059312,,1605400,,
0,5,,0.306896,0.017732,0.019334,0.005085,0.048809,0.377961,0.023931,0.009291,0.162655,0.028307,,1645700,,
0,0,,0.431346,0.018949,0.020636,0.001364,0.021495,0.270393,0.020728,0.01025,0.191523,0.013316,,1617300,,
0,0,,0.499331,0.006559,0.007606,0.021831,0.015091,0.173252,0.058591,0.002835,0.20423,0.010675,,1642300,,
0,0,,0.323208,0.016156,0.016825,0.005235,0.078478,0.302542,0.026315,0.010133,0.206363,0.014745,,1619400,,
0,8,,0.073416,0.015196,0.055848,0.002376,0.119175,0.032059,0.211505,0.073491,0.39735,0.019585,,1607500,,
0,0,,0.549564,0.029123,0.00646,0.00914,0.017129,0.084895,0.066778,0.003909,0.199226,0.033777,,1606100,,
0,0,,0.588292,0.017384,0.012833,0.004447,0.025111,0.043175,0.092606,0.018428,0.163599,0.034125,,1607100,,
0,0,,0.342114,0.014376,0.022205,0.006364,0.093176,0.307042,0.0487,0.005334,0.153454,0.007235,,1605500,,
0,0,,0.494792,0.018972,0.014315,0,0.051544,0.112507,0.025055,0.017264,0.256206,0.009344,,1605800,,
0,0,,0.49289,0.007609,0.008213,0.010435,0.019802,0.165436,0.016711,0.013164,0.25914,0.006601,,1649600,,
0,0,,0.317526,0.01089,0.015779,0.004762,0.105175,0.298054,0.063968,0.012624,0.161667,0.009556,,1608100,,
0,7,,0.009629,0.078616,0.105295,0.070285,0.118892,0.057894,0.130961,0.298251,0.059453,0.070723,,1645000,,
0,0,,0.529959,0.015123,0.012739,0.022542,0.012677,0.176677,0.018361,0.004572,0.174397,0.032953,,1603700,,
0,0,,0.40488,0.059606,0.032717,0.000253,0.059251,0.013847,0.081227,0.045159,0.28863,0.01443,,1600400,,
0,5,,0.224892,0.014135,0.01729,0.012191,0.094788,0.357602,0.067865,0.023652,0.178773,0.008812,,1596900,,
0,0,,0.390547,0.016367,0.025756,0.018102,0.027014,0.216413,0.138975,0.016994,0.111123,0.038709,,1594600,,
0,0,,0.458273,0.009986,0.016136,0.009462,0.049034,0.169916,0.022064,0.004558,0.250276,0.010294,,1600800,,
0,0,,0.304523,0.028466,0.015221,0.003056,0.110792,0.291404,0.061745,0.018,0.14366,0.023132,,1595500,,
0,0,,0.520518,0.009689,0.010386,0.008462,0.02359,0.171653,0.027358,0.002995,0.21796,0.007389,,1596700,,
0,0,,0.521548,0.00382,0.006874,0.02803,0.013601,0.112386,0.093901,0.009458,0.204129,0.006253,,1623800,,
0,0,,0.327504,0.024603,0.017616,0,0.116692,0.276625,0.055509,0.01901,0.146266,0.016176,,1598800,,
0,0,,0.531516,0.012696,0,0.012251,0.020275,0.175697,0.057779,0.002039,0.145484,0.042262,,1623200,,
0,0,,0.561561,0.010575,0.005347,0.025985,0.014943,0.116249,0.064841,0.001429,0.19328,0.005791,,1596600,,
0,0,,0.331725,0.013553,0.018482,0.008391,0.081087,0.311996,0.039771,0.012408,0.153354,0.029233,,1602400,,
0,0,,0.44435,0.072273,0.045036,0.088142,0.037377,0.126858,0.00875,0.025011,0.120881,0.031321,,1597300,,
0,0,,0.439167,0.048394,0.023127,0.019796,0.029735,0.090101,0.151744,0.014483,0.168285,0.015167,,1592500,,
0,0,,0.547459,0.007244,0.012386,0.008362,0.011376,0.145534,0.029303,0.007961,0.220969,0.009405,,1599600,,
0,8,,0.092488,0.032661,0.089087,0.056341,0.079879,0.009778,0.129418,0.15938,0.300234,0.050734,,1599100,,
0,0,,0.25979,0.015657,0.012725,0.000408,0.146414,0.0991,0.13617,0.044684,0.247319,0.037732,,1605000,,
0,0,,0.451948,0.017245,0.016925,0,0.038569,0.175632,0.01996,0.021645,0.224186,0.033889,,1622600,,
0,0,,0.400589,0.025891,0.022386,0,0.088094,0.244637,0.022636,0.013497,0.150997,0.031272,,1608100,,
0,0,,0.529618,0.019135,0.017272,0.017836,0.037451,0.02894,0.113284,0.036748,0.154346,0.045372,,1602200,,
0,0,,0.452875,0.013837,0.016068,0.026018,0.046875,0.16504,0.025047,0.008255,0.227105,0.01888,,1597200,,
0,0,,0.475405,0.017092,0.017328,0.005754,0.015832,0.15545,0.029794,0.00965,0.262011,0.011683,,1600000,,
0,0,,0.474251,0.01201,0,0.024792,0.018753,0.257675,0.058948,0.000744,0.125182,0.027644,,1597300,,
0,0,,0.427536,0.022943,0.023815,0,0.045772,0.288861,0.010595,0.015773,0.151698,0.013006,,1599700,,
0,0,,0.367302,0.009762,0.022046,0.019032,0.030913,0.229921,0.138681,0.017265,0.129333,0.035746,,1600800,,
0,0,,0.370319,0.018586,0.015771,0.001319,0.045293,0.295582,0.014647,0.017957,0.209186,0.01134,,1598000,,
0,0,,0.429918,0.049838,0.026858,0.00416,0.050723,0.177159,0.110277,0.030166,0.103531,0.01737,,1599200,,
0,0,,0.521997,0.009466,0.001296,0.019684,0.01568,0.114773,0.090075,0.009651,0.196581,0.020799,,1629400,,
0,0,,0.454409,0.017213,0.017328,0.006118,0.03264,0.169251,0.034159,0.008354,0.253261,0.007268,,1602000,,
0,0,,0.516679,0.016414,0.012386,0.008362,0.013862,0.167567,0.027689,0.007725,0.221716,0.0076,,1602000,,
0,0,,0.418236,0.014921,0.014613,0.019691,0.038191,0.179426,0.020533,0.003153,0.270765,0.02047,,1601700,,
0,8,,0.249156,0.022963,0.023411,0,0.121893,0.04795,0.144416,0.046257,0.314197,0.029758,,1600500,,
0,5,,0.255693,0.014087,0.0239,0.005106,0.065423,0.409974,0.018277,0.012665,0.176963,0.017912,,1600700,,
0,0,,0.447557,0.011037,0.016136,0.011106,0.018065,0.295831,0.024106,0.006326,0.159576,0.01026,,1595600,,
0,1,,0.018808,0.175207,0.118154,0.133495,0.137413,0.101357,0.087231,0.134333,0.034504,0.059498,,1615900,,
0,0,,0.481799,0.012756,0.008213,0.024357,0.025023,0.185594,0.019087,0.007387,0.218921,0.016863,,1603300,,
0,0,,0.516897,0.007395,0.002778,0.024847,0.016236,0.107451,0.097103,0.010239,0.210021,0.007035,,1597000,,
0,5,,0.283572,0.019331,0.014233,0.006119,0.047943,0.391191,0.020686,0.011893,0.190631,0.014403,,1634100,,
0,0,,0.198137,0.034481,0.054031,0.056731,0.137187,0.067317,0.099155,0.166587,0.115122,0.071252,,1600900,,
0,0,,0.371209,0.00922,0.01881,0.018693,0.032772,0.191752,0.14087,0.02699,0.154471,0.035213,,1602700,,
0,0,,0.464829,0.014513,0.022259,0.001034,0.022689,0.269937,0.02541,0.009337,0.152832,0.017159,,1604200,,
0,0,,0.337808,0.02571,0.005955,0,0.136445,0.112707,0.08197,0.024949,0.23001,0.044446,,1599700,,
0,0,,0.376256,0.016142,0.014677,0.003541,0.036418,0.316456,0.022855,0.008263,0.175242,0.030152,,1602700,,
0,0,,0.312056,0.019241,0.031899,0.020424,0.066543,0.217085,0.107696,0.026711,0.12934,0.069006,,1608800,,
0,8,,0.308504,0.015707,0.014315,0,0.094165,0.17645,0.033491,0.019266,0.315338,0.022763,,1620200,,
0,0,,0.337741,0.017539,0.023278,0.001463,0.051589,0.335404,0.009465,0.00912,0.198681,0.015719,,1607800,,
0,0,,0.403615,0.020966,0.015394,0.003033,0.028758,0.062855,0.146774,0.023042,0.240364,0.055199,,1627600,,
0,5,,0.279529,0.01884,0.019662,0.003103,0.110491,0.31312,0.054806,0.007835,0.175179,0.017435,,1640700,,
0,5,,0.318446,0.023692,0.020636,0.002791,0.091075,0.33119,0.037855,0.014516,0.148236,0.011564,,1612800,,
0,0,,0.367775,0.024762,0.020636,0,0.045693,0.214209,0.013007,0.014975,0.287623,0.01132,,1617900,,
0,0,,0.515875,0.017898,0.012739,0.006775,0.022242,0.176202,0.021393,0.005211,0.2111,0.010565,,1605600,,
0,0,,0.538857,0.013707,0.005574,0.0196,0.010014,0.132598,0.044914,0.016944,0.189082,0.028709,,1603900,,
0,0,,0.478228,0.020436,0.018544,0.003648,0.022513,0.15264,0.029215,0.006,0.26155,0.007226,,1600200,,
0,0,,0.338176,0.018999,0.005733,0.025831,0.031761,0.331769,0.020804,0.002858,0.213151,0.010916,,1614400,,
0,0,,0.271319,0.022275,0.019931,0.002376,0.101646,0.090873,0.170447,0.032607,0.246849,0.041676,,1611200,,
0,0,,0.497728,0.00638,0.013143,0.03955,0.01096,0.131347,0.048356,0.014836,0.220234,0.017466,,1626600,,
0,0,,0.315118,0.017985,0.016301,0.003243,0.066435,0.283322,0.053893,0.013654,0.208642,0.021406,,1607100,,
0,0,,0.459452,0.017334,0.02182,0.022364,0.052053,0.088351,0.107068,0.027279,0.169715,0.034563,,1613700,,
0,0,,0.47489,0.009956,0.007992,0.018195,0.028015,0.184017,0.0214,0.002056,0.24607,0.007409,,1605300,,
0,0,,0.349319,0.013763,0.021815,0.002222,0.070355,0.301616,0.032063,0.007917,0.166468,0.034462,,1606400,,
0,0,,0.515805,0.018222,0.018544,0.003801,0.038955,0.147687,0.014797,0.005564,0.227024,0.009601,,1612600,,
0,0,,0.338242,0.01192,0.022155,0.005085,0.151186,0.174437,0.064101,0.017731,0.201106,0.014037,,1605500,,
0,0,,0.508683,0.013683,0.006176,0.029415,0.019973,0.155595,0.015613,0.004149,0.227187,0.019527,,1602800,,
0,0,,0.533598,0.010456,0.003164,0.029141,0.017967,0.144647,0.027325,0.002586,0.223825,0.00729,,1606800,,
0,0,,0.384388,0.024545,0.02752,0.018567,0.032616,0.22158,0.115109,0.028106,0.104426,0.043142,,1606600,,
0,0,,0.354425,0.022141,0.020874,0.001071,0.033015,0.344653,0.020462,0.007715,0.183636,0.012008,,1633300,,
0,0,,0.503838,0.014975,0.010386,0.002889,0.016606,0.165489,0.018209,0.007217,0.250818,0.009573,,1592800,,
0,0,,0.449755,0.012229,0.012739,0.01107,0.035385,0.206438,0.02635,0.003591,0.232307,0.010137,,1613400,,
0,0,,0.377975,0.015214,0.018128,0.017836,0.067871,0.208811,0.042474,0.006308,0.217282,0.028101,,1598500,,
0,8,,0.179266,0.046807,0.097466,0.078704,0.076039,0.020282,0.093786,0.102814,0.260371,0.044464,,1601000,,
0,0,,0.384181,0.024244,0.027335,0.003903,0.071453,0.063869,0.116434,0.022892,0.25392,0.03177,,1602600,,
0,0,,0.385392,0.01567,0.01818,0.017836,0.043243,0.304932,0.019203,0.005592,0.16757,0.022382,,1602600,,
0,0,,0.393008,0.013593,0.017328,0.003229,0.090341,0.204471,0.027105,0.011181,0.218931,0.020815,,1596000,,
0,0,,0.481726,0.005217,0.015478,0.023735,0.030372,0.087311,0.145077,0.016223,0.171744,0.023116,,1601100,,
0,0,,0.535554,0.012073,0.009694,0.032764,0.021539,0.111216,0.068086,0,0.204031,0.005044,,1609900,,
0,0,,0.282055,0.009618,0.009254,0.004051,0.104274,0.278563,0.104033,0.032947,0.162527,0.012678,,1598900,,
0,7,,0.016582,0.023265,0.09108,0.043194,0.122529,0.018378,0.225182,0.280909,0.136665,0.042215,,1597100,,
0,0,,0.362122,0.021723,0.026964,0.038089,0.036308,0.21624,0.115363,0.027186,0.117151,0.038854,,1654500,,
0,0,,0.537741,0.014917,0.006418,0.027223,0.011374,0.135328,0.053928,0.001392,0.201747,0.009932,,1601700,,
0,0,,0.524261,0.009684,0.007064,0.03955,0.011019,0.153009,0.01604,0.001517,0.220255,0.0176,,1596100,,
0,0,,0.323601,0.028464,0.041553,0.019374,0.049674,0.165913,0.079292,0.057779,0.150398,0.083953,,1613400,,
0,0,,0.557389,0.009738,0.0072,0.029337,0.022253,0.110374,0.062187,0.002553,0.189754,0.009214,,1613300,,
0,0,,0.481729,0.006401,0.001277,0.015294,0.015769,0.241055,0.069061,0.00219,0.154269,0.012957,,1599900,,
0,0,,0.53973,0.006833,0.006176,0.021256,0.019197,0.176251,0.024493,0.00534,0.190436,0.010289,,1611300,,
0,8,,0.149195,0.019966,0.051423,0.006742,0.065325,0.017874,0.17272,0.103556,0.365218,0.047982,,1598800,,
0,8,,0.276504,0.020755,0.002812,0,0.149676,0.108528,0.087455,0.026908,0.280638,0.046723,,1612400,,
0,8,,0.203522,0.020179,0.01407,0,0.148593,0.094474,0.080321,0.050899,0.347331,0.040611,,1633200,,
0,0,,0.44162,0.01026,0.010386,0.022836,0.035422,0.21609,0.016825,0.004128,0.220146,0.022287,,1596600,,
0,0,,0.507495,0.017637,0.000714,0.037836,0.013594,0.178537,0.061033,0.001459,0.157522,0.024174,,1609700,,
0,0,,0.518306,0.014484,0,0.006742,0.024145,0.091503,0.100333,0.021569,0.196088,0.026831,,1603700,,
0,5,,0.301221,0.022818,0.021815,0.002222,0.083952,0.328053,0.041279,0.010233,0.171968,0.016439,,1620400,,
0,0,,0.55007,0.017306,0.00975,0.008528,0.013646,0.1171,0.067755,0.003729,0.189886,0.02223,,1606500,,
0,0,,0.481453,0.01247,0.006176,0.016341,0.025859,0.150105,0.027089,0.004357,0.268888,0.007263,,1600800,,
0,0,,0.381961,0.019019,0.017794,0.018986,0.035867,0.183342,0.112323,0.038353,0.150332,0.042024,,1624300,,
0,0,,0.373617,0.023194,0.021074,0.018089,0.035959,0.201349,0.112576,0.030978,0.11328,0.069883,,1593000,,
0,0,,0.466637,0.016458,0.000963,0.026495,0.019462,0.308193,0.022728,0.004127,0.117533,0.017403,,1602600,,
0,0,,0.449008,0.016026,0.018679,0.002857,0.030184,0.292212,0.03032,0.003753,0.134577,0.022384,,1626800,,
0,7,,0.013693,0.052717,0.0884,0.068663,0.134082,0.02665,0.160383,0.240274,0.161873,0.053265,,1609000,,
0,0,,0.440452,0.01191,0.036091,0.009677,0.060018,0.053046,0.113816,0.030519,0.161244,0.083227,,1612000,,
0,5,,0.302164,0.013706,0.017736,0.000435,0.093142,0.342553,0.016421,0.01253,0.173766,0.027548,,1613900,,
0,0,,0.513029,0.015967,0.016136,0.009103,0.014798,0.182601,0.024132,0.004807,0.207474,0.011952,,1608100,,
0,0,,0.436117,0.023067,0.022205,0.001667,0.04651,0.245791,0.013183,0.014452,0.172305,0.024704,,1613700,,
0,0,,0.491112,0.008215,0.012968,0.018454,0.032324,0.101852,0.098621,0.015103,0.202651,0.0187,,1619100,,
0,0,,0.512811,0.006817,0,0.016957,0.019695,0.14174,0.069665,0.00125,0.190677,0.040389,,1603400,,
0,8,,0.211627,0.022061,0.023394,0.00241,0.112833,0.025626,0.239123,0.06231,0.273977,0.02664,,1598400,,
0,0,,0.467704,0.019968,0.008759,0.009277,0.026873,0.157067,0.016562,0.010764,0.272791,0.010236,,1592900,,
0,0,,0.398701,0.016232,0.004226,0.0304,0.030555,0.273625,0.029218,0.000789,0.207387,0.008867,,1629300,,
0,0,,0.555155,0.008137,0.010386,0.010294,0.018201,0.146337,0.024793,0.00476,0.214381,0.007556,,1595200,,
0,0,,0.375394,0.013353,0.017328,0.019953,0.045652,0.224764,0.032232,0.008576,0.216253,0.046496,,1595700,,
0,0,,0.5261,0.013121,0.000968,0.039126,0.01213,0.151472,0.036133,0.001947,0.201164,0.017839,,1601500,,
0,7,,0.015749,0.053589,0.133702,0.073292,0.198832,0.040063,0.131292,0.213576,0.072936,0.06697,,1597700,,
0,0,,0.377153,0.015951,0.000606,0.022364,0.02155,0.252189,0.084779,0.034061,0.156704,0.034642,,1609300,,
0,6,,0.018735,0.013131,0.088506,0.00937,0.156323,0.026621,0.236486,0.225719,0.176211,0.048897,,1601000,,
0,5,,0.266235,0.014142,0.018482,0.005541,0.061192,0.40811,0.027845,0.007739,0.173535,0.017178,,1597900,,
0,0,,0.37469,0.035434,0.064486,0.072727,0.067495,0.037144,0.025787,0.030565,0.217216,0.074455,,1600800,,
0,0,,0.489048,0.009338,0.016068,0.012944,0.009769,0.163321,0.031696,0.008179,0.251028,0.008609,,1593500,,
0,0,,0.370599,0.022779,0.037781,0.019231,0.054342,0.045854,0.049283,0.089132,0.231347,0.079653,,1634800,,
0,0,,0.553406,0.007317,0.00832,0.018844,0.015779,0.153219,0.026729,0.003927,0.200576,0.011884,,1596700,,
0,0,,0.503486,0.035119,0.018547,0.007846,0.027624,0.115637,0.110615,0.023761,0.125019,0.032346,,1606400,,
0,0,,0.398057,0.014894,0.000963,0.042067,0.034935,0.119222,0.017649,0.001888,0.321806,0.048519,,1599600,,
0,0,,0.461965,0.010696,0.010386,0.006034,0.031035,0.216997,0.021839,0.006114,0.207621,0.027313,,1595100,,
0,0,,0.476042,0.013755,0.004855,0.03507,0.012335,0.187098,0.017688,0.003667,0.232392,0.017098,,1611200,,
0,0,,0.394307,0.021532,0.018679,0.002791,0.051508,0.267254,0.011063,0.010426,0.2072,0.01524,,1599100,,
0,0,,0.497882,0.012164,0.016136,0.015677,0.02928,0.180998,0.024032,0.005708,0.208092,0.01003,,1597300,,
0,0,,0.398139,0.01427,0.005733,0.029056,0.013643,0.297182,0.028781,0.002773,0.199693,0.010729,,1603600,,
0,0,,0.427834,0.02948,0.019334,0,0.042179,0.285714,0.011352,0.011928,0.162116,0.010064,,1851700,,
0,0,,0.483952,0.012197,0.006176,0.029415,0.029165,0.180655,0.020263,0.004933,0.213254,0.01999,,1999600,,
0,0,,0.42823,0.019076,0.018544,0.001579,0.035785,0.193464,0.007874,0.012145,0.272419,0.010883,,2004800,,
0,0,,0.239352,0.014569,0.030278,0.00303,0.125277,0.053641,0.187888,0.081543,0.214972,0.049452,,2002900,,
0,0,,0.413686,0.023863,0.002744,0.017727,0.039807,0.111426,0.010083,0.006667,0.362417,0.011579,,2010400,,
0,0,,0.386024,0.013746,0.016003,0,0.103296,0.238552,0.024805,0.017806,0.174553,0.025216,,2003400,,
0,0,,0.454136,0.010592,0.018482,0.006667,0.04481,0.195396,0.02962,0.006873,0.221471,0.011952,,1994600,,
0,0,,0.519189,0.006608,0.002903,0.041062,0.016067,0.119112,0.058948,0.002196,0.215477,0.018438,,2007400,,
0,0,,0.462956,0.023601,0.022205,0,0.013091,0.200341,0.021282,0.012818,0.234925,0.00878,,2019700,,
0,0,,0.382351,0.015504,0.016068,0.026018,0.027803,0.314757,0.018764,0.00816,0.171516,0.019059,,1999600,,
0,0,,0.458324,0.020075,0.016136,0.007071,0.034278,0.215242,0.01179,0.003789,0.209288,0.024007,,2003500,,
0,5,,0.289003,0.014243,0.016825,0.003636,0.061129,0.367848,0.026139,0.007486,0.201159,0.012532,,2027300,,
0,0,,0.462474,0.017547,0.001702,0.004481,0.027639,0.083298,0.088744,0.035588,0.223139,0.055388,,2010400,,
0,7,,0.012642,0.093925,0.0835,0.115411,0.172921,0.093878,0.111111,0.189917,0.028949,0.097744,,2016700,,
0,0,,0.354591,0.017083,0.028968,0.000364,0.135129,0.173736,0.052421,0.012535,0.208931,0.016242,,2006200,,
0,0,,0.525766,0.009345,0.004673,0.044236,0.009504,0.145554,0.031937,0.0013,0.208301,0.019383,,2002800,,
0,0,,0.452663,0.015651,0.001599,0.039654,0.030714,0.179854,0.026775,0.001517,0.207261,0.044312,,2008100,,
0,0,,0.303114,0.025012,0.022205,0.000408,0.116176,0.293667,0.047118,0.012184,0.163385,0.016731,,2002200,,
0,0,,0.574956,0.004445,0.021739,0.026664,0.017119,0.094983,0.040787,0.019423,0.194304,0.00558,,1999000,,
0,0,,0.575224,0.014144,0.016968,0.023513,0.016844,0.099107,0.033018,0.018781,0.193135,0.009268,,2024200,,
0,0,,0.487146,0.00936,0.006011,0.019293,0.012686,0.180186,0.030062,0.004235,0.244102,0.006918,,2002900,,
0,0,,0.415376,0.022763,0.018679,0.0048,0.011429,0.317175,0.028027,0.00847,0.159351,0.013929,,2003200,,
0,0,,0.411743,0.014572,0.002609,0.02596,0.011736,0.236989,0.026729,0.002659,0.253755,0.013247,,2003200,,
0,0,,0.333517,0.019133,0.023705,0,0.051541,0.28064,0.011711,0.009103,0.251303,0.019346,,2007100,,
0,8,,0.1973,0.014119,0.063729,0.034751,0.112167,0.013982,0.150646,0.091416,0.234795,0.087095,,2211000,,
0,0,,0.396723,0.021451,0.008759,0.006791,0.032056,0.314783,0.035436,0.004642,0.170292,0.009067,,1921900,,
0,0,,0.41992,0.012105,0.019334,0.002609,0.024202,0.297071,0.032018,0.006922,0.17435,0.011469,,1600100,,
0,0,,0.510393,0.010142,0.017328,0.008433,0.037571,0.153149,0.026214,0.010357,0.214732,0.01168,,1607000,,
0,0,,0.510777,0.012267,0.001698,0.042175,0.01267,0.130154,0.061109,0.000744,0.204805,0.0236,,1600900,,
0,0,,0.471784,0.010626,0.001071,0.022671,0.032279,0.141716,0.083578,0.03268,0.144428,0.059168,,1597900,,
0,5,,0.31794,0.022502,0.020874,0,0.014978,0.388784,0.016369,0.015466,0.176374,0.026712,,1610100,,
0,0,,0.422346,0.017405,0.017328,0.008604,0.023735,0.284293,0.019511,0.014334,0.185405,0.007039,,1595400,,
0,5,,0.276292,0.016296,0.02498,0.021299,0.090676,0.288106,0.065289,0.013898,0.183356,0.019807,,1602700,,
0,0,,0.498211,0.0183,0.01628,0.020848,0.019759,0.110558,0.053705,0.015312,0.228855,0.018171,,1616300,,
0,0,,0.423721,0.027792,0.020636,0,0.084942,0.15528,0.022038,0.013763,0.236598,0.015229,,1600200,,
0,0,,0.475165,0.023977,0.008759,0.004041,0.018498,0.200398,0.017688,0.010511,0.2299,0.011065,,1602600,,
0,0,,0.508443,0.004896,0,0.027836,0.02759,0.08968,0.085583,0.032323,0.196183,0.027466,,1606700,,
0,0,,0.512979,0.013206,0.016068,0.011643,0.028046,0.167505,0.021208,0.006925,0.213029,0.00939,,1600000,,
0,0,,0.459644,0.009028,0.0239,0.005106,0.037028,0.17371,0.029134,0.010233,0.219742,0.032476,,1597900,,
0,0,,0.396749,0.010543,0.017328,0.007224,0.056547,0.242659,0.030429,0.009408,0.213754,0.015359,,1597600,,
0,0,,0.405899,0.01255,0.016513,0.026018,0.028361,0.27033,0.016257,0.008098,0.193726,0.022249,,1596400,,
0,0,,0.528839,0.011993,0.006435,0.041598,0.009921,0.160866,0.017176,0.001868,0.202912,0.018392,,1593300,,
0,0,,0.409352,0.026233,0.017694,0,0.037144,0.100732,0.013806,0.022033,0.36427,0.008735,,1623900,,
0,0,,0.217218,0.064091,0.038491,0.077559,0.099444,0.031185,0.0961,0.148029,0.166106,0.061777,,1604300,,
0,8,,0.277204,0.013623,0.01331,0.004762,0.087721,0.14352,0.066265,0.010049,0.37432,0.009226,,1595300,,
0,0,,0.552872,0.008855,0.017698,0.042175,0.011685,0.10906,0.03105,0.017446,0.187076,0.022083,,1623700,,
0,0,,0.474312,0.016362,0.008759,0.012791,0.027613,0.157455,0.023364,0.005527,0.260728,0.01309,,1594700,,
0,5,,0.26961,0.023261,0.014233,0.007335,0.070334,0.377843,0.02183,0.014134,0.189891,0.011529,,1598000,,
0,0,,0.522173,0.008209,0.001416,0.029677,0.014319,0.130233,0.058763,0.017118,0.204004,0.014087,,1598700,,
0,0,,0.40799,0.023499,0.050493,0.021046,0.080821,0.018958,0.033681,0.060748,0.256627,0.046136,,1600100,,
0,0,,0.508794,0.013684,0.018679,0.003913,0.018964,0.141501,0.016007,0.009506,0.244254,0.024698,,1600000,,
0,0,,0.527234,0.008303,0.006572,0.044434,0.013965,0.156064,0.019047,0.002771,0.205906,0.015705,,1596400,,
0,0,,0.334398,0.033357,0.039079,0.002857,0.053964,0.016423,0.094852,0.054422,0.329407,0.041241,,1605300,,
0,0,,0.532894,0.014623,0.016077,0.003319,0.025618,0.15294,0.010243,0.004318,0.230016,0.009952,,1602100,,
0,0,,0.396708,0.017018,0.0239,0.001364,0.054113,0.29332,0.016781,0.010509,0.173203,0.013086,,1597500,,
0,0,,0.374318,0.022517,0.017694,0.002791,0.061227,0.216069,0.027763,0.014552,0.230631,0.032438,,1609600,,
0,0,,0.510903,0.011269,0.01185,0.006463,0.037738,0.155511,0.004682,0.005938,0.246816,0.008829,,1594900,,
0,0,,0.492861,0.005914,0.008305,0.029667,0.016311,0.171331,0.016721,0.003097,0.238195,0.017599,,1599400,,
0,0,,0.403606,0.012313,0.020874,0.000435,0.073906,0.201812,0.013591,0.015501,0.244607,0.013354,,1602400,,
0,0,,0.314253,0.022932,0.011595,0.001071,0.075504,0.281432,0.052786,0.008325,0.210036,0.022066,,1597200,,
0,0,,0.533926,0.013664,0.019616,0.007042,0.011087,0.159219,0.026372,0.006841,0.212927,0.009306,,1598300,,
0,0,,0.3861,0.057578,0.048571,0.020081,0.06176,0.01591,0.044155,0.068498,0.272756,0.024591,,1597400,,
0,0,,0.529386,0.017162,0.006924,0.039126,0.011206,0.160008,0.011424,0.00527,0.200745,0.018749,,1626500,,
0,0,,0.37232,0.023444,0.016825,0.005581,0.036109,0.322043,0.018491,0.011875,0.18344,0.009873,,1605000,,
0,0,,0.341078,0.016522,0.014233,0.004176,0.073538,0.303484,0.03161,0.007127,0.18276,0.025473,,1624500,,
0,0,,0.433007,0.026813,0.020636,0,0.044316,0.150595,0.011468,0.014812,0.266681,0.031671,,1602500,,
0,0,,0.491323,0.009667,0.016581,0.016,0.018843,0.185464,0.027542,0.005467,0.211984,0.01713,,1596200,,
0,0,,0.391204,0.02941,0.011815,0,0.058888,0.196713,0.025341,0.020927,0.2252,0.040503,,1609500,,
0,0,,0.369408,0.019815,0.023745,0.002222,0.094821,0.043825,0.145707,0.037822,0.22559,0.037046,,1600800,,
0,0,,0.412821,0.017716,0.021587,0.017836,0.028371,0.22858,0.08962,0.025855,0.113829,0.043784,,1598000,,
0,5,,0.294529,0.018319,0.020671,0.006692,0.098976,0.308788,0.07632,0.018666,0.146341,0.010697,,1598200,,
0,0,,0.517092,0.017107,0.008759,0.007897,0.012923,0.184618,0.026032,0.006815,0.208448,0.010309,,1594800,,
0,0,,0.518824,0.015875,0.004855,0.02087,0.018433,0.157382,0.026898,0.004506,0.222562,0.009794,,1618900,,
0,5,,0.352825,0.018856,0.019334,0.003333,0.039323,0.364027,0.012867,0.009806,0.17088,0.008748,,1623000,,
0,0,,0.522082,0.009191,0.00384,0.032716,0.016745,0.101828,0.09343,0.00945,0.201639,0.009079,,1602100,,
0,0,,0.412862,0.013754,0.002812,0.003333,0.084672,0.089851,0.043853,0.021328,0.216884,0.110651,,1606300,,
0,0,,0.504189,0.017397,0.012739,0.008134,0.024781,0.186929,0.020949,0.003142,0.209782,0.011958,,1599700,,
0,8,,0.095568,0.019957,0.079336,0.023814,0.088178,0.027177,0.181576,0.145338,0.289034,0.050022,,1611200,,
0,0,,0.439369,0.010444,0.017328,0.003587,0.050328,0.198732,0.028954,0.011386,0.222857,0.017015,,1600000,,
0,0,,0.511351,0.006326,0.009635,0.029141,0.022212,0.114968,0.058468,0.015111,0.226429,0.006358,,1595700,,
0,5,,0.240713,0.010264,0.021395,0.039108,0.100268,0.301078,0.116448,0.010776,0.136668,0.023282,,1609400,,
0,0,,0.425945,0.023652,0.017736,0,0.024966,0.313616,0.017988,0.007131,0.155334,0.013633,,1602000,,
0,0,,0.445199,0.019082,0.016003,0.001071,0.04967,0.187605,0.022865,0.010234,0.231584,0.016686,,1603500,,
1,2,,0.014677,0.208052,0.271615,0.132139,0.043262,0.076201,0.036666,0.077208,0.044419,0.095762,,1611900,,
1,1,,0.02394,0.239012,0.041829,0.062012,0.145856,0.032718,0.082295,0.142311,0.036221,0.193806,,1602000,,
1,2,,0.011616,0.149167,0.263587,0.163847,0.077571,0.078591,0.042054,0.097606,0.038138,0.077823,,1608900,,
1,1,,0.035829,0.391959,0.052483,0.042177,0.072138,0.023566,0.063586,0.126696,0.033251,0.158315,,1610800,,
1,1,,0.016271,0.411175,0.051116,0.043949,0.075592,0.03395,0.055314,0.123239,0.031302,0.158093,,1596500,,
1,1,,0.02225,0.231924,0.219861,0.164342,0.028866,0.076947,0.009816,0.066618,0.034408,0.144967,,1602700,,
1,1,,0.018367,0.402398,0.055439,0.045912,0.078187,0.03755,0.055223,0.123775,0.038351,0.144799,,1597400,,
1,1,,0.020609,0.268055,0.047542,0.031248,0.099342,0.031113,0.092182,0.140241,0.051994,0.217674,,1601900,,
1,1,,0.026516,0.294926,0.039588,0.05499,0.133099,0.023336,0.068788,0.138333,0.041866,0.17856,,1602600,,
1,2,,0.0156,0.229501,0.247837,0.140702,0.051503,0.07744,0.029715,0.077319,0.034054,0.096328,,1612900,,
1,1,,0.022653,0.272603,0.049456,0.037931,0.100283,0.068325,0.092057,0.100016,0.04046,0.216216,,1602500,,
1,2,,0.005433,0.16142,0.297219,0.151693,0.07797,0.080617,0.039493,0.085213,0.02972,0.071222,,1596700,,
1,1,,0.013554,0.313322,0.043465,0.056204,0.137121,0.032773,0.059356,0.14402,0.023873,0.176313,,1607700,,
1,1,,0.02667,0.318762,0.040039,0.062764,0.105879,0.022399,0.088926,0.125938,0.032765,0.175857,,1601500,,
1,1,,0.012761,0.342485,0.037252,0.074154,0.130676,0.035819,0.07472,0.112284,0.024501,0.155348,,1597600,,
1,3,,0.022296,0.13015,0.2044,0.261237,0.019124,0.126316,0.002812,0.081923,0.031519,0.120223,,1605500,,
1,1,,0.030006,0.377153,0.04744,0.040958,0.052873,0.045889,0.114308,0.073681,0.036657,0.181035,,1595700,,
1,1,,0.022725,0.25151,0.132489,0.141885,0.040229,0.079473,0.013721,0.045964,0.027839,0.244165,,1599700,,
1,1,,0.03434,0.378,0.056538,0.048699,0.07943,0.026963,0.060351,0.107398,0.032743,0.175539,,1607700,,
1,3,,0.024242,0.195242,0.161635,0.259852,0.018009,0.093029,0.008211,0.062597,0.037894,0.13929,,1618100,,
1,2,,0.018409,0.148385,0.247901,0.229106,0.021295,0.1134,0.003675,0.102684,0.02682,0.088326,,1600400,,
1,1,,0.02026,0.254238,0.076245,0.041979,0.048384,0.092215,0.095289,0.11619,0.040653,0.214548,,1597500,,
1,1,,0.021451,0.396239,0.066589,0.060575,0.090092,0.023816,0.058556,0.099467,0.035209,0.148005,,1615500,,
1,1,,0.025142,0.389596,0.03185,0.071608,0.084065,0.048641,0.063628,0.095199,0.033753,0.156518,,1602600,,
1,3,,0.034551,0.174415,0.169015,0.204498,0.058007,0.079346,0.071582,0.07461,0.052524,0.081451,,1598900,,
1,1,,0.029771,0.402054,0.041215,0.070449,0.065494,0.022161,0.070992,0.113394,0.037763,0.146707,,1602000,,
1,1,,0.041255,0.24988,0.046583,0.049833,0.125631,0.016931,0.088483,0.151182,0.052854,0.177368,,1600200,,
1,1,,0.026862,0.330774,0.030748,0.034327,0.083894,0.014609,0.112281,0.115977,0.042968,0.20756,,1602500,,
1,1,,0.032167,0.284786,0.044052,0.065457,0.060468,0.053661,0.099447,0.075571,0.039652,0.244739,,1628500,,
1,2,,0.017687,0.155983,0.282425,0.217347,0.019744,0.100436,0.00339,0.099196,0.029574,0.074219,,1621900,,
1,1,,0.022142,0.249593,0.037659,0.043484,0.161049,0.026711,0.075863,0.143774,0.036485,0.20324,,1611000,,
1,1,,0.014118,0.385891,0.030396,0.06589,0.070747,0.065094,0.06739,0.117534,0.026342,0.156599,,1616400,,
1,2,,0.00473,0.158836,0.280337,0.106172,0.066417,0.089518,0.056891,0.110953,0.043259,0.082887,,1619400,,
1,1,,0.053932,0.287117,0.061216,0.026846,0.083944,0.01114,0.136606,0.139973,0.050379,0.148848,,1601300,,
1,1,,0.020132,0.243371,0.148442,0.192338,0.044695,0.068037,0.016056,0.038783,0.042578,0.185568,,1608300,,
1,3,,0.030726,0.191226,0.15104,0.231643,0.034875,0.095222,0.00708,0.082448,0.037613,0.138128,,1616900,,
1,1,,0.018485,0.253981,0.203995,0.145727,0.031825,0.09208,0.0175,0.071014,0.04277,0.122623,,1599300,,
1,3,,0.015237,0.136905,0.149969,0.265546,0.033487,0.107275,0.01187,0.058564,0.037932,0.183216,,1616500,,
1,1,,0.03246,0.409844,0.036334,0.059302,0.066759,0.030576,0.074777,0.109281,0.033242,0.147427,,1604500,,
1,1,,0.018519,0.269025,0.209882,0.165729,0.022865,0.088761,0.019822,0.052406,0.035314,0.117675,,1615800,,
1,2,,0.00826,0.140768,0.26315,0.119545,0.077662,0.05717,0.055437,0.144639,0.047597,0.085771,,1609200,,
1,1,,0.013404,0.329521,0.030665,0.038112,0.098961,0.020863,0.089639,0.1303,0.040073,0.208464,,1603300,,
1,1,,0.034426,0.221725,0.038255,0.059382,0.164574,0.026903,0.099489,0.131658,0.031696,0.191891,,1599800,,
1,3,,0.020365,0.16616,0.102501,0.29465,0.022398,0.084631,0.014351,0.032754,0.041833,0.220357,,1600300,,
1,3,,0.010391,0.100267,0.187433,0.261698,0.029393,0.137513,0.019621,0.104699,0.032756,0.11623,,1603100,,
1,2,,0.005251,0.158469,0.280971,0.108326,0.078225,0.059356,0.04616,0.132928,0.049038,0.081276,,1608700,,
1,1,,0.017919,0.20751,0.14513,0.169585,0.06753,0.057355,0.082646,0.081881,0.043688,0.126755,,1612700,,
1,2,,0.016431,0.160769,0.27669,0.127885,0.081199,0.069841,0.026263,0.102824,0.06323,0.074867,,1596700,,
1,1,,0.01898,0.207245,0.15057,0.174418,0.065289,0.074555,0.083652,0.066497,0.042861,0.115934,,1599900,,
1,2,,0.010484,0.130858,0.232497,0.097854,0.054208,0.057933,0.08326,0.150953,0.090249,0.091704,,1624700,,
1,1,,0.027092,0.299115,0.034111,0.022749,0.107779,0.023116,0.099423,0.144349,0.037399,0.204867,,1601800,,
1,1,,0.044297,0.21678,0.043354,0.034308,0.156129,0.023781,0.105685,0.13889,0.05807,0.178706,,1600700,,
1,1,,0.008585,0.404143,0.057263,0.032879,0.073747,0.050991,0.063768,0.141545,0.031892,0.135186,,1598200,,
1,1,,0.02401,0.320659,0.041063,0.037077,0.130684,0.041222,0.082475,0.150981,0.015033,0.156796,,1603300,,
1,1,,0.017843,0.279919,0.048697,0.040692,0.081548,0.06419,0.101891,0.106825,0.038253,0.220141,,1596500,,
1,2,,0.050091,0.055351,0.18894,0.118699,0.042252,0.06476,0.185485,0.117155,0.091276,0.085991,,1602100,,
1,1,,0.0225,0.261196,0.173781,0.098567,0.031721,0.081287,0.009085,0.056865,0.056163,0.208835,,1626600,,
1,2,,0.019239,0.137769,0.256153,0.205853,0.017443,0.126141,0.011449,0.090208,0.025479,0.110266,,1599100,,
1,3,,0.015844,0.162019,0.128559,0.176904,0.075312,0.087915,0.082982,0.122374,0.022672,0.125419,,1601600,,
1,1,,0.027249,0.24161,0.041796,0.059763,0.139916,0.021114,0.087624,0.162906,0.045396,0.172627,,1619500,,
1,1,,0.012253,0.344062,0.086797,0.057033,0.094373,0.03735,0.081616,0.107558,0.039154,0.139805,,1597800,,
1,2,,0.011071,0.159376,0.277377,0.195356,0.03158,0.107266,0.012568,0.067609,0.032548,0.105248,,1599800,,
1,2,,0.008461,0.140528,0.276719,0.192549,0.047852,0.109555,0.02343,0.080966,0.026209,0.09373,,1598900,,
1,2,,0.014529,0.102728,0.304088,0.119015,0.088549,0.054969,0.046419,0.105465,0.083966,0.080271,,1601000,,
1,2,,0.011705,0.177384,0.255925,0.178758,0.026798,0.136415,0.005961,0.077274,0.036816,0.092962,,1602200,,
1,1,,0.011578,0.238366,0.17639,0.179758,0.029653,0.093107,0.048276,0.079409,0.035337,0.108126,,1603800,,
1,1,,0.021401,0.219477,0.042899,0.032063,0.157575,0.026712,0.091589,0.147121,0.047649,0.213514,,1602200,,
1,3,,0.014821,0.127948,0.195545,0.251929,0.014405,0.121738,0.028979,0.066931,0.027356,0.150349,,1605200,,
1,1,,0.014747,0.390417,0.053143,0.04288,0.086088,0.022487,0.05692,0.133178,0.032812,0.167327,,1614000,,
1,1,,0.018762,0.241827,0.041541,0.058396,0.13164,0.03235,0.082921,0.147624,0.038524,0.206416,,1619600,,
1,3,,0.029334,0.168428,0.148612,0.241052,0.025679,0.098964,0.017584,0.076251,0.054285,0.139811,,1599500,,
1,1,,0.027053,0.385156,0.037057,0.084979,0.069159,0.046513,0.067295,0.122515,0.029475,0.130798,,1598100,,
1,1,,0.0193,0.177388,0.149392,0.173404,0.045016,0.100014,0.087348,0.116646,0.020952,0.11054,,1598000,,
1,1,,0.023481,0.335803,0.045503,0.055199,0.086181,0.02935,0.097087,0.128514,0.040217,0.158663,,1602900,,
1,1,,0.023183,0.317448,0.064274,0.041124,0.130419,0.017632,0.088432,0.136176,0.026148,0.155165,,1621500,,
1,1,,0.030685,0.37854,0.047083,0.054381,0.069099,0.024846,0.081923,0.103393,0.051024,0.159025,,1602300,,
1,2,,0.011148,0.086346,0.22388,0.169368,0.070456,0.074498,0.064664,0.111842,0.065143,0.122655,,1602600,,
1,1,,0.014006,0.24844,0.160954,0.152191,0.017965,0.114043,0.013017,0.070624,0.035068,0.173692,,1600200,,
1,1,,0.027613,0.220664,0.212262,0.15839,0.033052,0.071385,0.040023,0.064931,0.036812,0.134868,,1600200,,
1,3,,0.025061,0.110617,0.178242,0.289517,0.033203,0.088811,0.053467,0.047842,0.048128,0.125113,,1629200,,
1,1,,0.031266,0.289657,0.044896,0.033782,0.072991,0.059703,0.109102,0.096206,0.036793,0.225604,,1605000,,
1,3,,0.014174,0.182696,0.175465,0.199628,0.06089,0.067131,0.071559,0.096931,0.040954,0.090572,,1599500,,
1,1,,0.015102,0.375517,0.044966,0.046223,0.085877,0.04382,0.092526,0.0784,0.027337,0.190233,,1597700,,
1,1,,0.017871,0.361933,0.044916,0.05569,0.051755,0.053815,0.101279,0.091309,0.030044,0.191387,,1600200,,
1,2,,0.018331,0.155218,0.261819,0.117456,0.077089,0.074273,0.045272,0.120777,0.062116,0.067649,,1619400,,
1,3,,0.024779,0.170268,0.143954,0.227581,0.051951,0.097042,0.016502,0.066086,0.04767,0.154168,,1615400,,
1,1,,0.017716,0.250148,0.13388,0.187271,0.051078,0.080163,0.057703,0.070057,0.029188,0.122796,,1610000,,
1,1,,0.031772,0.247629,0.048053,0.054191,0.126163,0.024191,0.09837,0.143153,0.054287,0.172191,,1616800,,
1,2,,0.017591,0.199696,0.279399,0.205268,0.020679,0.068249,0.007009,0.063919,0.039327,0.098863,,1615000,,
1,1,,0.016261,0.408882,0.068272,0.056626,0.077642,0.028993,0.053944,0.098429,0.038066,0.152884,,1625500,,
1,7,,0.007519,0.157406,0.140095,0.058383,0.065685,0.071116,0.1303,0.185261,0.099064,0.085172,,1613900,,
1,1,,0.027523,0.313939,0.04071,0.036027,0.087977,0.018081,0.10686,0.110427,0.042969,0.215486,,1601000,,
1,7,,0.04083,0.136017,0.048676,0.007795,0.158997,0.01981,0.107606,0.216301,0.073936,0.19003,,1619400,,
1,1,,0.009172,0.394278,0.037732,0.076137,0.091292,0.045265,0.05983,0.122585,0.023706,0.140002,,1621400,,
1,1,,0.024281,0.398617,0.039659,0.047738,0.065921,0.027151,0.074203,0.123044,0.033828,0.165558,,1617800,,
1,9,,0.016185,0.228461,0.142067,0.111877,0.025874,0.114119,0.026861,0.054341,0.036763,0.243453,,1655900,,
1,3,,0.02044,0.174162,0.173201,0.259323,0.032809,0.084835,0.015913,0.067159,0.030677,0.141481,,1614200,,
1,1,,0.009885,0.315945,0.038258,0.024893,0.139397,0.056124,0.082942,0.125543,0.031954,0.17506,,1600500,,
1,2,,0.019214,0.140006,0.220275,0.171452,0.068094,0.073513,0.052658,0.096671,0.058188,0.099929,,1599200,,
1,1,,0.012122,0.319677,0.063159,0.052825,0.117118,0.026789,0.078341,0.116745,0.035045,0.17818,,1671500,,
1,1,,0.014792,0.353505,0.064671,0.068697,0.090916,0.043355,0.076714,0.112899,0.03555,0.138903,,1600700,,
1,2,,0.007098,0.20905,0.264283,0.100715,0.058243,0.063561,0.047699,0.109559,0.041985,0.097807,,1602000,,
1,1,,0.030808,0.297449,0.04551,0.030124,0.086088,0.047628,0.10647,0.09269,0.039682,0.223551,,1619900,,
1,2,,0.013481,0.232838,0.240631,0.121634,0.055745,0.071761,0.046618,0.073805,0.040717,0.102771,,1595100,,
1,1,,0.023702,0.376426,0.028912,0.053115,0.088505,0.054179,0.060821,0.119558,0.037949,0.156833,,1603500,,
1,1,,0.029136,0.398443,0.045183,0.031217,0.072907,0.057995,0.075545,0.10697,0.02763,0.154974,,1613600,,
1,1,,0.010811,0.337635,0.061923,0.074794,0.097547,0.056987,0.077413,0.136014,0.02128,0.125598,,1605500,,
1,1,,0.04051,0.215812,0.042303,0.040218,0.144077,0.022189,0.115027,0.135178,0.046371,0.198316,,1613200,,
1,1,,0.028717,0.299113,0.049875,0.036786,0.12381,0.01583,0.076104,0.150543,0.036314,0.182908,,1606500,,
1,1,,0.020217,0.299204,0.045207,0.064775,0.111009,0.031824,0.074194,0.121503,0.041851,0.190216,,1625800,,
1,1,,0.0236,0.40945,0.051109,0.044174,0.069778,0.042377,0.066552,0.109409,0.034522,0.149029,,1599200,,
1,1,,0.029055,0.312411,0.03887,0.062814,0.111507,0.023026,0.075911,0.127832,0.035812,0.182761,,1594900,,
1,1,,0.022782,0.416087,0.052483,0.042137,0.073089,0.023504,0.065491,0.119241,0.034914,0.150273,,1609700,,
1,2,,0.019048,0.180669,0.253224,0.130763,0.052939,0.080601,0.020641,0.083791,0.034964,0.14336,,1598300,,
1,9,,0.021755,0.184852,0.161314,0.144875,0.024332,0.097505,0.018439,0.04473,0.032037,0.27016,,1603000,,
1,1,,0.016607,0.341673,0.073175,0.04975,0.12834,0.024461,0.068859,0.104928,0.028077,0.16413,,1607300,,
1,1,,0.02448,0.304964,0.052681,0.054507,0.11512,0.02646,0.063841,0.133061,0.031949,0.192938,,1596200,,
1,9,,0.028976,0.10799,0.131175,0.153902,0.04811,0.105463,0.147784,0.08144,0.024757,0.170404,,1603700,,
1,2,,0.019763,0.126889,0.264648,0.114981,0.050556,0.075132,0.096812,0.107118,0.06904,0.075061,,1599100,,
1,1,,0.009044,0.212482,0.10082,0.173451,0.044624,0.11885,0.06769,0.100475,0.046476,0.12609,,1615700,,
1,3,,0.025351,0.190007,0.164345,0.193122,0.089731,0.054744,0.055771,0.09478,0.045076,0.087073,,1604800,,
1,2,,0.017749,0.214197,0.244251,0.182055,0.025561,0.083487,0.014996,0.068743,0.035853,0.113107,,1621000,,
1,1,,0.032557,0.373426,0.046548,0.057263,0.077144,0.032503,0.063213,0.117148,0.039935,0.160263,,1603800,,
1,3,,0.019803,0.168125,0.144641,0.254781,0.025459,0.094577,0.010666,0.06927,0.045925,0.166753,,1598300,,
1,1,,0.033939,0.206186,0.113157,0.163799,0.030084,0.109583,0.083924,0.099846,0.046061,0.113421,,1605800,,
1,9,,0.013431,0.206187,0.188658,0.06573,0.037416,0.102378,0.034056,0.042255,0.029619,0.280269,,1604400,,
1,1,,0.01252,0.218642,0.134079,0.216636,0.041311,0.070657,0.074179,0.073734,0.036403,0.121839,,1600400,,
1,2,,0.006803,0.097909,0.258185,0.084833,0.073757,0.053107,0.080344,0.150376,0.084268,0.110418,,1601400,,
1,1,,0.020513,0.241508,0.042819,0.053903,0.155219,0.026777,0.084455,0.150787,0.041705,0.182315,,1599500,,
1,1,,0.015737,0.272558,0.037959,0.030302,0.1301,0.022941,0.083358,0.143437,0.04737,0.216239,,1607900,,
1,1,,0.020326,0.24031,0.040398,0.056986,0.165987,0.033402,0.071924,0.151248,0.039131,0.180289,,1610900,,
1,1,,0.01891,0.401011,0.056317,0.048782,0.083088,0.021757,0.061662,0.112455,0.025809,0.170208,,1597100,,
1,2,,0.005433,0.170983,0.2591,0.185522,0.033058,0.133242,0.016845,0.08098,0.032963,0.081874,,1602500,,
1,2,,0.010644,0.164933,0.250142,0.218034,0.032786,0.125876,0.015761,0.055282,0.035038,0.091503,,1603200,,
1,1,,0.018763,0.215435,0.038676,0.061143,0.157531,0.026767,0.077663,0.194923,0.051782,0.157317,,1596700,,
1,1,,0.007888,0.337846,0.059685,0.029918,0.131682,0.056135,0.080413,0.114768,0.026678,0.154987,,1602400,,
1,1,,0.009827,0.28373,0.029672,0.02323,0.134353,0.01917,0.085139,0.126002,0.047262,0.241616,,1595200,,
1,1,,0.033907,0.281308,0.043517,0.030178,0.077767,0.054529,0.119279,0.11463,0.041971,0.202915,,1603500,,
1,9,,0.039898,0.125458,0.05369,0.020621,0.158641,0.013198,0.112859,0.20542,0.060044,0.210171,,1596400,,
1,1,,0.007818,0.341418,0.056933,0.031718,0.139661,0.058737,0.080413,0.109199,0.020209,0.153895,,1616500,,
1,1,,0.022003,0.393921,0.033313,0.071273,0.083195,0.04917,0.05864,0.095748,0.040462,0.152274,,1626700,,
1,1,,0.033427,0.244877,0.040782,0.065939,0.16274,0.026905,0.08589,0.132853,0.040724,0.165863,,1595500,,
1,1,,0.038906,0.350739,0.040493,0.059193,0.064298,0.027704,0.079383,0.121661,0.042419,0.175204,,1604400,,
1,1,,0.021558,0.240312,0.037284,0.043958,0.150662,0.030501,0.076953,0.154689,0.036663,0.207422,,1600500,,
1,1,,0.024905,0.419128,0.052942,0.043165,0.065165,0.018769,0.063374,0.127559,0.034432,0.150562,,1595300,,
1,1,,0.022816,0.24472,0.212924,0.163151,0.023724,0.08741,0.014422,0.054702,0.035392,0.14074,,1602600,,
1,1,,0.026458,0.232319,0.23192,0.152196,0.028895,0.083543,0.016706,0.077752,0.032792,0.117419,,1599500,,
1,1,,0.029125,0.399875,0.057561,0.048818,0.065063,0.025625,0.063074,0.106175,0.041579,0.163106,,1603300,,
1,4,,0.054137,0.094736,0.026754,0.004138,0.222064,0.039785,0.172019,0.167691,0.06716,0.151517,,1609500,,
1,1,,0.025612,0.420461,0.051341,0.040781,0.067633,0.022375,0.058541,0.127029,0.036043,0.150184,,1599700,,
1,1,,0.026564,0.274088,0.046889,0.039442,0.079509,0.063679,0.110555,0.105091,0.040882,0.213301,,1597900,,
